bet_date,uid,dealer_id,is_sentinel_dealer,stake_amount,profit_amount,net_pnl,win_rate,n_related_orders,n_rounds_eff,p_base_mix_w,p_base_mix_unw,z_score_w,z_score_unw,z_score,delta_p,eligibility_status,comparison_id,filter_stage,filter_rule_version,cmp_time_window,cmp_population,cmp_label,z_score_alias_status,stake,valid_bet,profit,n_bets,n_rounds,roi,roi_recent,roi_non_recent,roi_ex_rebate,roi_numerator,roi_denominator,roi_denominator_status,rebate_cost,cost_complement_b,pct_complement,pct_top_bet23,agent_formula_version,agent_level_scope,agent_cost_lv1,agent_cost_lv2,agent_cost_lv3,agent_cost_lv4,agent_cost_lv5,agent_pct_lv1,agent_pct_lv2,agent_pct_lv3,agent_pct_lv4,agent_pct_lv5,retain_pct_lv1,retain_pct_lv2,retain_pct_lv3,retain_pct_lv4,retain_pct_lv5,chain_depth_avg,agent_cost_chain_additive,agent_cost_chain_nested,residual_chain_additive,residual_chain_nested,decision_status,admit_to_risk_decision,deliverable_class,agent_cost_a_legacy,agent_cost_valid_base_legacy,ngr,residual_b,residual_a,ngr_rate,residual_b_rate,agent_cost_bet23_formal_canonical,net_margin_bet23_formal_canonical,net_margin_bet23_formal_rate_canonical,agent_cost_lv1_bet23_canonical,agent_cost_lv2_bet24_canonical,agent_cost_lv3_bet25_canonical,agent_cost_lv4_bet26_canonical,agent_cost_lv5_bet27_canonical,net_margin_lv1_bet23_canonical,net_margin_lv1_bet23_rate_canonical,agent_cost_chain_additive_canonical,agent_cost_chain_nested_canonical,net_margin_chain_additive_canonical,net_margin_chain_nested_canonical,net_margin_chain_additive_rate_canonical,net_margin_chain_nested_rate_canonical,residual_a_rate,avg_stake_per_bet,avg_valid_bet_per_round,avg_profit_per_round,avg_profit_per_day,avg_profit_per_shoe,avg_stake_per_active_day,avg_rounds_per_active_day,avg_stake_recent,avg_stake_non_recent,p25_stake,p50_stake,p75_stake,p90_stake,p95_stake,p99_stake,p50_valid_bet,p50_profit,p95_over_p50,p99_over_p50,avg_over_p50,common_table_count,common_dealer_count,common_ip_count,common_product_count,share_recent,hold_rate,hold_rate_recent,rebate_rate_actual,rebate_pct_config,turnover_multiple,free_comm_rate,roi_delta_recent,first_seen,last_seen,active_days,active_shoes,active_sessions,span_days,persistence,ramp_recent_vs_prior,ramp_recent_vs_all,stake_ramp,vip_tier,economic_value,roi_pr_global,risk_value,pr_stake,pr_global,pr_qualified,pr_qualified_population,pr_global_population_n,pr_qualified_population_n,pr_calculation_method,pr_calculation_version,evidence_flag,evidence_rate,hold_ci_halfwidth_approx,action_priority,audit_rn,batch_id,run_id,snapshot_sync_time
2026-03-26,74657362,1383,0,88.1212548467,88.1212548467,88.1212548467,1.0000000,1,1,0.49324550000000000,0.493245500000,1.01360149184955,1.01360149184955,1.01360149184955,0E-17,ELIGIBLE,R03b_20260811_FULL_v1,L1_ELIGIBILITY,v2026-08-11,2026-03-21..2026-08-06,baccarat_bet02_101_all_pairs_incl_sentinel,round_win = game_pnl > 0 (decisive only),COMPATIBILITY_ONLY_NOT_PRODUCTION,234885.8996,214754.2105,9869.7735,3689,3015,-0.04201944,-0.00608590,-0.04816467,-0.04201944,-9869.7735,234885.8996,OK,0.0000,394.7909,4.0000,96.0000,AG03-UNRESOLVED,ALL5_LEVELS_bet23_to_bet27,394.7909,394.7909,394.7909,394.7909,394.7909,4.000000,4.000000,4.000000,4.000000,4.000000,96.000000,96.000000,96.000000,96.000000,96.000000,5.0,1973.9547,1822.2297,7895.8188,8047.5438,PENDING_AG03,FALSE,NOT_FOR_ENFORCEMENT,9474.9825,206164.0421,9869.7735,9474.9825,394.7909,0.04201944,0.04033866,394.7909,9474.9825,0.04033866,394.7909,394.7909,394.7909,394.7909,394.7909,9474.9825,0.04033866,1973.9547,1822.2297,7895.8188,8047.5438,0.03361555,0.0342615,0.00168078,63.6720,71.2286,3.2736,143.0402,5.0692,3404.1435,43.6957,64.4793,63.5359,42.5677,43.0663,85.2079,124.7713,127.8119,154.8004,42.604,-41.336,2.967791,3.594466,1.478463,30,203,130,8,0.14604117,0.04201944,0.00608590,0E-8,0.000000,0.914292,0.640282,0.04207877,2026-03-23,2026-08-04,69,1947,1162,135,0.511111,1.014849,1.012680,0.486804,,,,,,,,GLOBAL_BASELINE_NO_ENTITY_RANKING,,,NOT_APPLICABLE_GLOBAL_BASELINE,HF9g-P5,,,,X 全窗基线 · 不参与实体赏罚,15050001,1506,A168_HF9F_20260827_0900,2026-08-27 09:00:00
2026-03-26,74657362,1384,0,88.1212548467,0E-10,0E-10,,1,1,0.49324550000000000,0.493245500000,,,,0E-17,NO_DECISIVE_ROUND,R03b_20260811_FULL_v1,L1_ELIGIBILITY,v2026-08-11,2026-03-21..2026-08-06,baccarat_bet02_101_all_pairs_incl_sentinel,round_win = game_pnl > 0 (decisive only),COMPATIBILITY_ONLY_NOT_PRODUCTION,234885.8996,214754.2105,9869.7735,3689,3015,-0.04201944,-0.00608590,-0.04816467,-0.04201944,-9869.7735,234885.8996,OK,0.0000,394.7909,4.0000,96.0000,AG03-UNRESOLVED,ALL5_LEVELS_bet23_to_bet27,394.7909,394.7909,394.7909,394.7909,394.7909,4.000000,4.000000,4.000000,4.000000,4.000000,96.000000,96.000000,96.000000,96.000000,96.000000,5.0,1973.9547,1822.2297,7895.8188,8047.5438,PENDING_AG03,FALSE,NOT_FOR_ENFORCEMENT,9474.9825,206164.0421,9869.7735,9474.9825,394.7909,0.04201944,0.04033866,394.7909,9474.9825,0.04033866,394.7909,394.7909,394.7909,394.7909,394.7909,9474.9825,0.04033866,1973.9547,1822.2297,7895.8188,8047.5438,0.03361555,0.0342615,0.00168078,63.6720,71.2286,3.2736,143.0402,5.0692,3404.1435,43.6957,64.4793,63.5359,42.5677,43.0663,85.2079,124.7713,127.8119,154.8004,42.604,-41.336,2.967791,3.594466,1.478463,30,203,130,8,0.14604117,0.04201944,0.00608590,0E-8,0.000000,0.914292,0.640282,0.04207877,2026-03-23,2026-08-04,69,1947,1162,135,0.511111,1.014849,1.012680,0.486804,,,,,,,,GLOBAL_BASELINE_NO_ENTITY_RANKING,,,NOT_APPLICABLE_GLOBAL_BASELINE,HF9g-P5,,,,X 全窗基线 · 不参与实体赏罚,15050002,1506,A168_HF9F_20260827_0900,2026-08-27 09:00:00
2026-03-26,74657362,1509,0,88.1212548467,88.1212548467,88.1212548467,1.0000000,1,1,0.49324550000000000,0.493245500000,1.01360149184955,1.01360149184955,1.01360149184955,0E-17,ELIGIBLE,R03b_20260811_FULL_v1,L1_ELIGIBILITY,v2026-08-11,2026-03-21..2026-08-06,baccarat_bet02_101_all_pairs_incl_sentinel,round_win = game_pnl > 0 (decisive only),COMPATIBILITY_ONLY_NOT_PRODUCTION,234885.8996,214754.2105,9869.7735,3689,3015,-0.04201944,-0.00608590,-0.04816467,-0.04201944,-9869.7735,234885.8996,OK,0.0000,394.7909,4.0000,96.0000,AG03-UNRESOLVED,ALL5_LEVELS_bet23_to_bet27,394.7909,394.7909,394.7909,394.7909,394.7909,4.000000,4.000000,4.000000,4.000000,4.000000,96.000000,96.000000,96.000000,96.000000,96.000000,5.0,1973.9547,1822.2297,7895.8188,8047.5438,PENDING_AG03,FALSE,NOT_FOR_ENFORCEMENT,9474.9825,206164.0421,9869.7735,9474.9825,394.7909,0.04201944,0.04033866,394.7909,9474.9825,0.04033866,394.7909,394.7909,394.7909,394.7909,394.7909,9474.9825,0.04033866,1973.9547,1822.2297,7895.8188,8047.5438,0.03361555,0.0342615,0.00168078,63.6720,71.2286,3.2736,143.0402,5.0692,3404.1435,43.6957,64.4793,63.5359,42.5677,43.0663,85.2079,124.7713,127.8119,154.8004,42.604,-41.336,2.967791,3.594466,1.478463,30,203,130,8,0.14604117,0.04201944,0.00608590,0E-8,0.000000,0.914292,0.640282,0.04207877,2026-03-23,2026-08-04,69,1947,1162,135,0.511111,1.014849,1.012680,0.486804,,,,,,,,GLOBAL_BASELINE_NO_ENTITY_RANKING,,,NOT_APPLICABLE_GLOBAL_BASELINE,HF9g-P5,,,,X 全窗基线 · 不参与实体赏罚,15050003,1506,A168_HF9F_20260827_0900,2026-08-27 09:00:00
2026-03-26,74657362,1645,0,88.1212548467,88.1212548467,88.1212548467,1.0000000,1,1,0.49324550000000000,0.493245500000,1.01360149184955,1.01360149184955,1.01360149184955,0E-17,ELIGIBLE,R03b_20260811_FULL_v1,L1_ELIGIBILITY,v2026-08-11,2026-03-21..2026-08-06,baccarat_bet02_101_all_pairs_incl_sentinel,round_win = game_pnl > 0 (decisive only),COMPATIBILITY_ONLY_NOT_PRODUCTION,234885.8996,214754.2105,9869.7735,3689,3015,-0.04201944,-0.00608590,-0.04816467,-0.04201944,-9869.7735,234885.8996,OK,0.0000,394.7909,4.0000,96.0000,AG03-UNRESOLVED,ALL5_LEVELS_bet23_to_bet27,394.7909,394.7909,394.7909,394.7909,394.7909,4.000000,4.000000,4.000000,4.000000,4.000000,96.000000,96.000000,96.000000,96.000000,96.000000,5.0,1973.9547,1822.2297,7895.8188,8047.5438,PENDING_AG03,FALSE,NOT_FOR_ENFORCEMENT,9474.9825,206164.0421,9869.7735,9474.9825,394.7909,0.04201944,0.04033866,394.7909,9474.9825,0.04033866,394.7909,394.7909,394.7909,394.7909,394.7909,9474.9825,0.04033866,1973.9547,1822.2297,7895.8188,8047.5438,0.03361555,0.0342615,0.00168078,63.6720,71.2286,3.2736,143.0402,5.0692,3404.1435,43.6957,64.4793,63.5359,42.5677,43.0663,85.2079,124.7713,127.8119,154.8004,42.604,-41.336,2.967791,3.594466,1.478463,30,203,130,8,0.14604117,0.04201944,0.00608590,0E-8,0.000000,0.914292,0.640282,0.04207877,2026-03-23,2026-08-04,69,1947,1162,135,0.511111,1.014849,1.012680,0.486804,,,,,,,,GLOBAL_BASELINE_NO_ENTITY_RANKING,,,NOT_APPLICABLE_GLOBAL_BASELINE,HF9g-P5,,,,X 全窗基线 · 不参与实体赏罚,15050004,1506,A168_HF9F_20260827_0900,2026-08-27 09:00:00
2026-03-26,74657362,2160,0,704.9700387732,-176.2425096932,-176.2425096932,0.5000000,8,4,0.39337837500006427,0.280106050000,0.4365269970673769,0.9793721947117366,0.4365269970673769,0.11327232500006427,ELIGIBLE,R03b_20260811_FULL_v1,L1_ELIGIBILITY,v2026-08-11,2026-03-21..2026-08-06,baccarat_bet02_101_all_pairs_incl_sentinel,round_win = game_pnl > 0 (decisive only),COMPATIBILITY_ONLY_NOT_PRODUCTION,234885.8996,214754.2105,9869.7735,3689,3015,-0.04201944,-0.00608590,-0.04816467,-0.04201944,-9869.7735,234885.8996,OK,0.0000,394.7909,4.0000,96.0000,AG03-UNRESOLVED,ALL5_LEVELS_bet23_to_bet27,394.7909,394.7909,394.7909,394.7909,394.7909,4.000000,4.000000,4.000000,4.000000,4.000000,96.000000,96.000000,96.000000,96.000000,96.000000,5.0,1973.9547,1822.2297,7895.8188,8047.5438,PENDING_AG03,FALSE,NOT_FOR_ENFORCEMENT,9474.9825,206164.0421,9869.7735,9474.9825,394.7909,0.04201944,0.04033866,394.7909,9474.9825,0.04033866,394.7909,394.7909,394.7909,394.7909,394.7909,9474.9825,0.04033866,1973.9547,1822.2297,7895.8188,8047.5438,0.03361555,0.0342615,0.00168078,63.6720,71.2286,3.2736,143.0402,5.0692,3404.1435,43.6957,64.4793,63.5359,42.5677,43.0663,85.2079,124.7713,127.8119,154.8004,42.604,-41.336,2.967791,3.594466,1.478463,30,203,130,8,0.14604117,0.04201944,0.00608590,0E-8,0.000000,0.914292,0.640282,0.04207877,2026-03-23,2026-08-04,69,1947,1162,135,0.511111,1.014849,1.012680,0.486804,,,,,,,,GLOBAL_BASELINE_NO_ENTITY_RANKING,,,NOT_APPLICABLE_GLOBAL_BASELINE,HF9g-P5,,,,X 全窗基线 · 不参与实体赏罚,15050005,1506,A168_HF9F_20260827_0900,2026-08-27 09:00:00
2026-03-26,74657362,2196,0,264.3637645398,264.3637645402,264.3637645402,0.3333333,6,3,0.07469835000000000,0.074698350000,1.7039259710322208,1.7039259710322208,1.7039259710322208,0E-17,ELIGIBLE,R03b_20260811_FULL_v1,L1_ELIGIBILITY,v2026-08-11,2026-03-21..2026-08-06,baccarat_bet02_101_all_pairs_incl_sentinel,round_win = game_pnl > 0 (decisive only),COMPATIBILITY_ONLY_NOT_PRODUCTION,234885.8996,214754.2105,9869.7735,3689,3015,-0.04201944,-0.00608590,-0.04816467,-0.04201944,-9869.7735,234885.8996,OK,0.0000,394.7909,4.0000,96.0000,AG03-UNRESOLVED,ALL5_LEVELS_bet23_to_bet27,394.7909,394.7909,394.7909,394.7909,394.7909,4.000000,4.000000,4.000000,4.000000,4.000000,96.000000,96.000000,96.000000,96.000000,96.000000,5.0,1973.9547,1822.2297,7895.8188,8047.5438,PENDING_AG03,FALSE,NOT_FOR_ENFORCEMENT,9474.9825,206164.0421,9869.7735,9474.9825,394.7909,0.04201944,0.04033866,394.7909,9474.9825,0.04033866,394.7909,394.7909,394.7909,394.7909,394.7909,9474.9825,0.04033866,1973.9547,1822.2297,7895.8188,8047.5438,0.03361555,0.0342615,0.00168078,63.6720,71.2286,3.2736,143.0402,5.0692,3404.1435,43.6957,64.4793,63.5359,42.5677,43.0663,85.2079,124.7713,127.8119,154.8004,42.604,-41.336,2.967791,3.594466,1.478463,30,203,130,8,0.14604117,0.04201944,0.00608590,0E-8,0.000000,0.914292,0.640282,0.04207877,2026-03-23,2026-08-04,69,1947,1162,135,0.511111,1.014849,1.012680,0.486804,,,,,,,,GLOBAL_BASELINE_NO_ENTITY_RANKING,,,NOT_APPLICABLE_GLOBAL_BASELINE,HF9g-P5,,,,X 全窗基线 · 不参与实体赏罚,15050006,1506,A168_HF9F_20260827_0900,2026-08-27 09:00:00
2026-03-26,74657362,2256,0,88.1212548467,-88.1212548467,-88.1212548467,0E-7,1,1,0.49324550000000000,0.493245500000,-0.9865810262130424,-0.9865810262130424,-0.9865810262130424,0E-17,ELIGIBLE,R03b_20260811_FULL_v1,L1_ELIGIBILITY,v2026-08-11,2026-03-21..2026-08-06,baccarat_bet02_101_all_pairs_incl_sentinel,round_win = game_pnl > 0 (decisive only),COMPATIBILITY_ONLY_NOT_PRODUCTION,234885.8996,214754.2105,9869.7735,3689,3015,-0.04201944,-0.00608590,-0.04816467,-0.04201944,-9869.7735,234885.8996,OK,0.0000,394.7909,4.0000,96.0000,AG03-UNRESOLVED,ALL5_LEVELS_bet23_to_bet27,394.7909,394.7909,394.7909,394.7909,394.7909,4.000000,4.000000,4.000000,4.000000,4.000000,96.000000,96.000000,96.000000,96.000000,96.000000,5.0,1973.9547,1822.2297,7895.8188,8047.5438,PENDING_AG03,FALSE,NOT_FOR_ENFORCEMENT,9474.9825,206164.0421,9869.7735,9474.9825,394.7909,0.04201944,0.04033866,394.7909,9474.9825,0.04033866,394.7909,394.7909,394.7909,394.7909,394.7909,9474.9825,0.04033866,1973.9547,1822.2297,7895.8188,8047.5438,0.03361555,0.0342615,0.00168078,63.6720,71.2286,3.2736,143.0402,5.0692,3404.1435,43.6957,64.4793,63.5359,42.5677,43.0663,85.2079,124.7713,127.8119,154.8004,42.604,-41.336,2.967791,3.594466,1.478463,30,203,130,8,0.14604117,0.04201944,0.00608590,0E-8,0.000000,0.914292,0.640282,0.04207877,2026-03-23,2026-08-04,69,1947,1162,135,0.511111,1.014849,1.012680,0.486804,,,,,,,,GLOBAL_BASELINE_NO_ENTITY_RANKING,,,NOT_APPLICABLE_GLOBAL_BASELINE,HF9g-P5,,,,X 全窗基线 · 不参与实体赏罚,15050007,1506,A168_HF9F_20260827_0900,2026-08-27 09:00:00
2026-03-26,74657362,583,0,176.2425096934,176.2425096934,176.2425096934,1.0000000,2,2,0.49324550000000000,0.493245500000,1.4334489766152358,1.4334489766152358,1.4334489766152358,0E-17,ELIGIBLE,R03b_20260811_FULL_v1,L1_ELIGIBILITY,v2026-08-11,2026-03-21..2026-08-06,baccarat_bet02_101_all_pairs_incl_sentinel,round_win = game_pnl > 0 (decisive only),COMPATIBILITY_ONLY_NOT_PRODUCTION,234885.8996,214754.2105,9869.7735,3689,3015,-0.04201944,-0.00608590,-0.04816467,-0.04201944,-9869.7735,234885.8996,OK,0.0000,394.7909,4.0000,96.0000,AG03-UNRESOLVED,ALL5_LEVELS_bet23_to_bet27,394.7909,394.7909,394.7909,394.7909,394.7909,4.000000,4.000000,4.000000,4.000000,4.000000,96.000000,96.000000,96.000000,96.000000,96.000000,5.0,1973.9547,1822.2297,7895.8188,8047.5438,PENDING_AG03,FALSE,NOT_FOR_ENFORCEMENT,9474.9825,206164.0421,9869.7735,9474.9825,394.7909,0.04201944,0.04033866,394.7909,9474.9825,0.04033866,394.7909,394.7909,394.7909,394.7909,394.7909,9474.9825,0.04033866,1973.9547,1822.2297,7895.8188,8047.5438,0.03361555,0.0342615,0.00168078,63.6720,71.2286,3.2736,143.0402,5.0692,3404.1435,43.6957,64.4793,63.5359,42.5677,43.0663,85.2079,124.7713,127.8119,154.8004,42.604,-41.336,2.967791,3.594466,1.478463,30,203,130,8,0.14604117,0.04201944,0.00608590,0E-8,0.000000,0.914292,0.640282,0.04207877,2026-03-23,2026-08-04,69,1947,1162,135,0.511111,1.014849,1.012680,0.486804,,,,,,,,GLOBAL_BASELINE_NO_ENTITY_RANKING,,,NOT_APPLICABLE_GLOBAL_BASELINE,HF9g-P5,,,,X 全窗基线 · 不参与实体赏罚,15050008,1506,A168_HF9F_20260827_0900,2026-08-27 09:00:00
2026-03-27,74657362,-1,1,370.1092703560,-44.0606274232,-44.0606274232,0.5000000,8,5,0.23697328000000000,0.236973280000,1.2371156523852465,1.2371156523852465,1.2371156523852465,0E-17,SENTINEL_DEALER,R03b_20260811_FULL_v1,L1_ELIGIBILITY,v2026-08-11,2026-03-21..2026-08-06,baccarat_bet02_101_all_pairs_incl_sentinel,round_win = game_pnl > 0 (decisive only),COMPATIBILITY_ONLY_NOT_PRODUCTION,234885.8996,214754.2105,9869.7735,3689,3015,-0.04201944,-0.00608590,-0.04816467,-0.04201944,-9869.7735,234885.8996,OK,0.0000,394.7909,4.0000,96.0000,AG03-UNRESOLVED,ALL5_LEVELS_bet23_to_bet27,394.7909,394.7909,394.7909,394.7909,394.7909,4.000000,4.000000,4.000000,4.000000,4.000000,96.000000,96.000000,96.000000,96.000000,96.000000,5.0,1973.9547,1822.2297,7895.8188,8047.5438,PENDING_AG03,FALSE,NOT_FOR_ENFORCEMENT,9474.9825,206164.0421,9869.7735,9474.9825,394.7909,0.04201944,0.04033866,394.7909,9474.9825,0.04033866,394.7909,394.7909,394.7909,394.7909,394.7909,9474.9825,0.04033866,1973.9547,1822.2297,7895.8188,8047.5438,0.03361555,0.0342615,0.00168078,63.6720,71.2286,3.2736,143.0402,5.0692,3404.1435,43.6957,64.4793,63.5359,42.5677,43.0663,85.2079,124.7713,127.8119,154.8004,42.604,-41.336,2.967791,3.594466,1.478463,30,203,130,8,0.14604117,0.04201944,0.00608590,0E-8,0.000000,0.914292,0.640282,0.04207877,2026-03-23,2026-08-04,69,1947,1162,135,0.511111,1.014849,1.012680,0.486804,,,,,,,,GLOBAL_BASELINE_NO_ENTITY_RANKING,,,NOT_APPLICABLE_GLOBAL_BASELINE,HF9g-P5,,,,X 全窗基线 · 不参与实体赏罚,15050009,1506,A168_HF9F_20260827_0900,2026-08-27 09:00:00
2026-03-27,74657362,1645,0,264.3637645401,0E-10,0E-10,0.5000000,3,3,0.49324550000000000,0.493245500000,0.01910635448239258,0.01910635448239258,0.01910635448239258,0E-17,ELIGIBLE,R03b_20260811_FULL_v1,L1_ELIGIBILITY,v2026-08-11,2026-03-21..2026-08-06,baccarat_bet02_101_all_pairs_incl_sentinel,round_win = game_pnl > 0 (decisive only),COMPATIBILITY_ONLY_NOT_PRODUCTION,234885.8996,214754.2105,9869.7735,3689,3015,-0.04201944,-0.00608590,-0.04816467,-0.04201944,-9869.7735,234885.8996,OK,0.0000,394.7909,4.0000,96.0000,AG03-UNRESOLVED,ALL5_LEVELS_bet23_to_bet27,394.7909,394.7909,394.7909,394.7909,394.7909,4.000000,4.000000,4.000000,4.000000,4.000000,96.000000,96.000000,96.000000,96.000000,96.000000,5.0,1973.9547,1822.2297,7895.8188,8047.5438,PENDING_AG03,FALSE,NOT_FOR_ENFORCEMENT,9474.9825,206164.0421,9869.7735,9474.9825,394.7909,0.04201944,0.04033866,394.7909,9474.9825,0.04033866,394.7909,394.7909,394.7909,394.7909,394.7909,9474.9825,0.04033866,1973.9547,1822.2297,7895.8188,8047.5438,0.03361555,0.0342615,0.00168078,63.6720,71.2286,3.2736,143.0402,5.0692,3404.1435,43.6957,64.4793,63.5359,42.5677,43.0663,85.2079,124.7713,127.8119,154.8004,42.604,-41.336,2.967791,3.594466,1.478463,30,203,130,8,0.14604117,0.04201944,0.00608590,0E-8,0.000000,0.914292,0.640282,0.04207877,2026-03-23,2026-08-04,69,1947,1162,135,0.511111,1.014849,1.012680,0.486804,,,,,,,,GLOBAL_BASELINE_NO_ENTITY_RANKING,,,NOT_APPLICABLE_GLOBAL_BASELINE,HF9g-P5,,,,X 全窗基线 · 不参与实体赏罚,15050010,1506,A168_HF9F_20260827_0900,2026-08-27 09:00:00
2026-03-27,74657362,2196,0,237.9273880861,-149.8061332394,-149.8061332394,0E-7,5,3,0.35355428571428581,0.353594177778,-1.045868349904525,-1.0459596251927137,-1.045868349904525,-0.00003989206371419,ELIGIBLE,R03b_20260811_FULL_v1,L1_ELIGIBILITY,v2026-08-11,2026-03-21..2026-08-06,baccarat_bet02_101_all_pairs_incl_sentinel,round_win = game_pnl > 0 (decisive only),COMPATIBILITY_ONLY_NOT_PRODUCTION,234885.8996,214754.2105,9869.7735,3689,3015,-0.04201944,-0.00608590,-0.04816467,-0.04201944,-9869.7735,234885.8996,OK,0.0000,394.7909,4.0000,96.0000,AG03-UNRESOLVED,ALL5_LEVELS_bet23_to_bet27,394.7909,394.7909,394.7909,394.7909,394.7909,4.000000,4.000000,4.000000,4.000000,4.000000,96.000000,96.000000,96.000000,96.000000,96.000000,5.0,1973.9547,1822.2297,7895.8188,8047.5438,PENDING_AG03,FALSE,NOT_FOR_ENFORCEMENT,9474.9825,206164.0421,9869.7735,9474.9825,394.7909,0.04201944,0.04033866,394.7909,9474.9825,0.04033866,394.7909,394.7909,394.7909,394.7909,394.7909,9474.9825,0.04033866,1973.9547,1822.2297,7895.8188,8047.5438,0.03361555,0.0342615,0.00168078,63.6720,71.2286,3.2736,143.0402,5.0692,3404.1435,43.6957,64.4793,63.5359,42.5677,43.0663,85.2079,124.7713,127.8119,154.8004,42.604,-41.336,2.967791,3.594466,1.478463,30,203,130,8,0.14604117,0.04201944,0.00608590,0E-8,0.000000,0.914292,0.640282,0.04207877,2026-03-23,2026-08-04,69,1947,1162,135,0.511111,1.014849,1.012680,0.486804,,,,,,,,GLOBAL_BASELINE_NO_ENTITY_RANKING,,,NOT_APPLICABLE_GLOBAL_BASELINE,HF9g-P5,,,,X 全窗基线 · 不参与实体赏罚,15050011,1506,A168_HF9F_20260827_0900,2026-08-27 09:00:00
2026-03-27,74657362,2232,0,176.2425096934,0E-10,0E-10,0.5000000,2,2,0.49324550000000000,0.493245500000,0.01910635448239258,0.01910635448239258,0.01910635448239258,0E-17,ELIGIBLE,R03b_20260811_FULL_v1,L1_ELIGIBILITY,v2026-08-11,2026-03-21..2026-08-06,baccarat_bet02_101_all_pairs_incl_sentinel,round_win = game_pnl > 0 (decisive only),COMPATIBILITY_ONLY_NOT_PRODUCTION,234885.8996,214754.2105,9869.7735,3689,3015,-0.04201944,-0.00608590,-0.04816467,-0.04201944,-9869.7735,234885.8996,OK,0.0000,394.7909,4.0000,96.0000,AG03-UNRESOLVED,ALL5_LEVELS_bet23_to_bet27,394.7909,394.7909,394.7909,394.7909,394.7909,4.000000,4.000000,4.000000,4.000000,4.000000,96.000000,96.000000,96.000000,96.000000,96.000000,5.0,1973.9547,1822.2297,7895.8188,8047.5438,PENDING_AG03,FALSE,NOT_FOR_ENFORCEMENT,9474.9825,206164.0421,9869.7735,9474.9825,394.7909,0.04201944,0.04033866,394.7909,9474.9825,0.04033866,394.7909,394.7909,394.7909,394.7909,394.7909,9474.9825,0.04033866,1973.9547,1822.2297,7895.8188,8047.5438,0.03361555,0.0342615,0.00168078,63.6720,71.2286,3.2736,143.0402,5.0692,3404.1435,43.6957,64.4793,63.5359,42.5677,43.0663,85.2079,124.7713,127.8119,154.8004,42.604,-41.336,2.967791,3.594466,1.478463,30,203,130,8,0.14604117,0.04201944,0.00608590,0E-8,0.000000,0.914292,0.640282,0.04207877,2026-03-23,2026-08-04,69,1947,1162,135,0.511111,1.014849,1.012680,0.486804,,,,,,,,GLOBAL_BASELINE_NO_ENTITY_RANKING,,,NOT_APPLICABLE_GLOBAL_BASELINE,HF9g-P5,,,,X 全窗基线 · 不参与实体赏罚,15050012,1506,A168_HF9F_20260827_0900,2026-08-27 09:00:00
2026-03-27,74657362,2254,0,176.2425096932,-176.2425096932,-176.2425096932,0E-7,4,4,0.38332447500000000,0.383324475000,-1.576830146313522,-1.576830146313522,-1.576830146313522,0E-17,ELIGIBLE,R03b_20260811_FULL_v1,L1_ELIGIBILITY,v2026-08-11,2026-03-21..2026-08-06,baccarat_bet02_101_all_pairs_incl_sentinel,round_win = game_pnl > 0 (decisive only),COMPATIBILITY_ONLY_NOT_PRODUCTION,234885.8996,214754.2105,9869.7735,3689,3015,-0.04201944,-0.00608590,-0.04816467,-0.04201944,-9869.7735,234885.8996,OK,0.0000,394.7909,4.0000,96.0000,AG03-UNRESOLVED,ALL5_LEVELS_bet23_to_bet27,394.7909,394.7909,394.7909,394.7909,394.7909,4.000000,4.000000,4.000000,4.000000,4.000000,96.000000,96.000000,96.000000,96.000000,96.000000,5.0,1973.9547,1822.2297,7895.8188,8047.5438,PENDING_AG03,FALSE,NOT_FOR_ENFORCEMENT,9474.9825,206164.0421,9869.7735,9474.9825,394.7909,0.04201944,0.04033866,394.7909,9474.9825,0.04033866,394.7909,394.7909,394.7909,394.7909,394.7909,9474.9825,0.04033866,1973.9547,1822.2297,7895.8188,8047.5438,0.03361555,0.0342615,0.00168078,63.6720,71.2286,3.2736,143.0402,5.0692,3404.1435,43.6957,64.4793,63.5359,42.5677,43.0663,85.2079,124.7713,127.8119,154.8004,42.604,-41.336,2.967791,3.594466,1.478463,30,203,130,8,0.14604117,0.04201944,0.00608590,0E-8,0.000000,0.914292,0.640282,0.04207877,2026-03-23,2026-08-04,69,1947,1162,135,0.511111,1.014849,1.012680,0.486804,,,,,,,,GLOBAL_BASELINE_NO_ENTITY_RANKING,,,NOT_APPLICABLE_GLOBAL_BASELINE,HF9g-P5,,,,X 全窗基线 · 不参与实体赏罚,15050013,1506,A168_HF9F_20260827_0900,2026-08-27 09:00:00
2026-03-27,74657362,2258,0,264.3637645400,-88.1212548466,-88.1212548466,0.3333333,4,3,0.42463583333333333,0.424635833333,-0.3199363393710888,-0.31993633936995364,-0.3199363393710888,3.3333E-13,ELIGIBLE,R03b_20260811_FULL_v1,L1_ELIGIBILITY,v2026-08-11,2026-03-21..2026-08-06,baccarat_bet02_101_all_pairs_incl_sentinel,round_win = game_pnl > 0 (decisive only),COMPATIBILITY_ONLY_NOT_PRODUCTION,234885.8996,214754.2105,9869.7735,3689,3015,-0.04201944,-0.00608590,-0.04816467,-0.04201944,-9869.7735,234885.8996,OK,0.0000,394.7909,4.0000,96.0000,AG03-UNRESOLVED,ALL5_LEVELS_bet23_to_bet27,394.7909,394.7909,394.7909,394.7909,394.7909,4.000000,4.000000,4.000000,4.000000,4.000000,96.000000,96.000000,96.000000,96.000000,96.000000,5.0,1973.9547,1822.2297,7895.8188,8047.5438,PENDING_AG03,FALSE,NOT_FOR_ENFORCEMENT,9474.9825,206164.0421,9869.7735,9474.9825,394.7909,0.04201944,0.04033866,394.7909,9474.9825,0.04033866,394.7909,394.7909,394.7909,394.7909,394.7909,9474.9825,0.04033866,1973.9547,1822.2297,7895.8188,8047.5438,0.03361555,0.0342615,0.00168078,63.6720,71.2286,3.2736,143.0402,5.0692,3404.1435,43.6957,64.4793,63.5359,42.5677,43.0663,85.2079,124.7713,127.8119,154.8004,42.604,-41.336,2.967791,3.594466,1.478463,30,203,130,8,0.14604117,0.04201944,0.00608590,0E-8,0.000000,0.914292,0.640282,0.04207877,2026-03-23,2026-08-04,69,1947,1162,135,0.511111,1.014849,1.012680,0.486804,,,,,,,,GLOBAL_BASELINE_NO_ENTITY_RANKING,,,NOT_APPLICABLE_GLOBAL_BASELINE,HF9g-P5,,,,X 全窗基线 · 不参与实体赏罚,15050014,1506,A168_HF9F_20260827_0900,2026-08-27 09:00:00
2026-03-31,74657362,-1,1,1958.1134003069,872.6374936145,872.6374936145,0.6666667,24,16,0.44095209739579684,0.386675775000,1.7606985415461587,2.2267475925822593,1.7606985415461587,0.05427632239579684,SENTINEL_DEALER,R03b_20260811_FULL_v1,L1_ELIGIBILITY,v2026-08-11,2026-03-21..2026-08-06,baccarat_bet02_101_all_pairs_incl_sentinel,round_win = game_pnl > 0 (decisive only),COMPATIBILITY_ONLY_NOT_PRODUCTION,234885.8996,214754.2105,9869.7735,3689,3015,-0.04201944,-0.00608590,-0.04816467,-0.04201944,-9869.7735,234885.8996,OK,0.0000,394.7909,4.0000,96.0000,AG03-UNRESOLVED,ALL5_LEVELS_bet23_to_bet27,394.7909,394.7909,394.7909,394.7909,394.7909,4.000000,4.000000,4.000000,4.000000,4.000000,96.000000,96.000000,96.000000,96.000000,96.000000,5.0,1973.9547,1822.2297,7895.8188,8047.5438,PENDING_AG03,FALSE,NOT_FOR_ENFORCEMENT,9474.9825,206164.0421,9869.7735,9474.9825,394.7909,0.04201944,0.04033866,394.7909,9474.9825,0.04033866,394.7909,394.7909,394.7909,394.7909,394.7909,9474.9825,0.04033866,1973.9547,1822.2297,7895.8188,8047.5438,0.03361555,0.0342615,0.00168078,63.6720,71.2286,3.2736,143.0402,5.0692,3404.1435,43.6957,64.4793,63.5359,42.5677,43.0663,85.2079,124.7713,127.8119,154.8004,42.604,-41.336,2.967791,3.594466,1.478463,30,203,130,8,0.14604117,0.04201944,0.00608590,0E-8,0.000000,0.914292,0.640282,0.04207877,2026-03-23,2026-08-04,69,1947,1162,135,0.511111,1.014849,1.012680,0.486804,,,,,,,,GLOBAL_BASELINE_NO_ENTITY_RANKING,,,NOT_APPLICABLE_GLOBAL_BASELINE,HF9g-P5,,,,X 全窗基线 · 不参与实体赏罚,15050015,1506,A168_HF9F_20260827_0900,2026-08-27 09:00:00
2026-03-31,74657362,1115,0,85.1353652307,-85.1353652307,-85.1353652307,0E-7,1,1,0.49324550000000000,0.493245500000,-0.9865810262130424,-0.9865810262130424,-0.9865810262130424,0E-17,ELIGIBLE,R03b_20260811_FULL_v1,L1_ELIGIBILITY,v2026-08-11,2026-03-21..2026-08-06,baccarat_bet02_101_all_pairs_incl_sentinel,round_win = game_pnl > 0 (decisive only),COMPATIBILITY_ONLY_NOT_PRODUCTION,234885.8996,214754.2105,9869.7735,3689,3015,-0.04201944,-0.00608590,-0.04816467,-0.04201944,-9869.7735,234885.8996,OK,0.0000,394.7909,4.0000,96.0000,AG03-UNRESOLVED,ALL5_LEVELS_bet23_to_bet27,394.7909,394.7909,394.7909,394.7909,394.7909,4.000000,4.000000,4.000000,4.000000,4.000000,96.000000,96.000000,96.000000,96.000000,96.000000,5.0,1973.9547,1822.2297,7895.8188,8047.5438,PENDING_AG03,FALSE,NOT_FOR_ENFORCEMENT,9474.9825,206164.0421,9869.7735,9474.9825,394.7909,0.04201944,0.04033866,394.7909,9474.9825,0.04033866,394.7909,394.7909,394.7909,394.7909,394.7909,9474.9825,0.04033866,1973.9547,1822.2297,7895.8188,8047.5438,0.03361555,0.0342615,0.00168078,63.6720,71.2286,3.2736,143.0402,5.0692,3404.1435,43.6957,64.4793,63.5359,42.5677,43.0663,85.2079,124.7713,127.8119,154.8004,42.604,-41.336,2.967791,3.594466,1.478463,30,203,130,8,0.14604117,0.04201944,0.00608590,0E-8,0.000000,0.914292,0.640282,0.04207877,2026-03-23,2026-08-04,69,1947,1162,135,0.511111,1.014849,1.012680,0.486804,,,,,,,,GLOBAL_BASELINE_NO_ENTITY_RANKING,,,NOT_APPLICABLE_GLOBAL_BASELINE,HF9g-P5,,,,X 全窗基线 · 不参与实体赏罚,15050016,1506,A168_HF9F_20260827_0900,2026-08-27 09:00:00
2026-03-31,74657362,1256,0,85.1353652308,85.1353652308,85.1353652308,1.0000000,2,2,0.49324550000000000,0.493245500000,1.4334489766152358,1.4334489766152358,1.4334489766152358,0E-17,ELIGIBLE,R03b_20260811_FULL_v1,L1_ELIGIBILITY,v2026-08-11,2026-03-21..2026-08-06,baccarat_bet02_101_all_pairs_incl_sentinel,round_win = game_pnl > 0 (decisive only),COMPATIBILITY_ONLY_NOT_PRODUCTION,234885.8996,214754.2105,9869.7735,3689,3015,-0.04201944,-0.00608590,-0.04816467,-0.04201944,-9869.7735,234885.8996,OK,0.0000,394.7909,4.0000,96.0000,AG03-UNRESOLVED,ALL5_LEVELS_bet23_to_bet27,394.7909,394.7909,394.7909,394.7909,394.7909,4.000000,4.000000,4.000000,4.000000,4.000000,96.000000,96.000000,96.000000,96.000000,96.000000,5.0,1973.9547,1822.2297,7895.8188,8047.5438,PENDING_AG03,FALSE,NOT_FOR_ENFORCEMENT,9474.9825,206164.0421,9869.7735,9474.9825,394.7909,0.04201944,0.04033866,394.7909,9474.9825,0.04033866,394.7909,394.7909,394.7909,394.7909,394.7909,9474.9825,0.04033866,1973.9547,1822.2297,7895.8188,8047.5438,0.03361555,0.0342615,0.00168078,63.6720,71.2286,3.2736,143.0402,5.0692,3404.1435,43.6957,64.4793,63.5359,42.5677,43.0663,85.2079,124.7713,127.8119,154.8004,42.604,-41.336,2.967791,3.594466,1.478463,30,203,130,8,0.14604117,0.04201944,0.00608590,0E-8,0.000000,0.914292,0.640282,0.04207877,2026-03-23,2026-08-04,69,1947,1162,135,0.511111,1.014849,1.012680,0.486804,,,,,,,,GLOBAL_BASELINE_NO_ENTITY_RANKING,,,NOT_APPLICABLE_GLOBAL_BASELINE,HF9g-P5,,,,X 全窗基线 · 不参与实体赏罚,15050017,1506,A168_HF9F_20260827_0900,2026-08-27 09:00:00
2026-03-31,74657362,1307,0,255.4060956923,170.2707304615,170.2707304615,1.0000000,4,3,0.45995645833331116,0.422199016667,1.8767942106926545,2.026241271012822,1.8767942106926545,0.03775744166631116,ELIGIBLE,R03b_20260811_FULL_v1,L1_ELIGIBILITY,v2026-08-11,2026-03-21..2026-08-06,baccarat_bet02_101_all_pairs_incl_sentinel,round_win = game_pnl > 0 (decisive only),COMPATIBILITY_ONLY_NOT_PRODUCTION,234885.8996,214754.2105,9869.7735,3689,3015,-0.04201944,-0.00608590,-0.04816467,-0.04201944,-9869.7735,234885.8996,OK,0.0000,394.7909,4.0000,96.0000,AG03-UNRESOLVED,ALL5_LEVELS_bet23_to_bet27,394.7909,394.7909,394.7909,394.7909,394.7909,4.000000,4.000000,4.000000,4.000000,4.000000,96.000000,96.000000,96.000000,96.000000,96.000000,5.0,1973.9547,1822.2297,7895.8188,8047.5438,PENDING_AG03,FALSE,NOT_FOR_ENFORCEMENT,9474.9825,206164.0421,9869.7735,9474.9825,394.7909,0.04201944,0.04033866,394.7909,9474.9825,0.04033866,394.7909,394.7909,394.7909,394.7909,394.7909,9474.9825,0.04033866,1973.9547,1822.2297,7895.8188,8047.5438,0.03361555,0.0342615,0.00168078,63.6720,71.2286,3.2736,143.0402,5.0692,3404.1435,43.6957,64.4793,63.5359,42.5677,43.0663,85.2079,124.7713,127.8119,154.8004,42.604,-41.336,2.967791,3.594466,1.478463,30,203,130,8,0.14604117,0.04201944,0.00608590,0E-8,0.000000,0.914292,0.640282,0.04207877,2026-03-23,2026-08-04,69,1947,1162,135,0.511111,1.014849,1.012680,0.486804,,,,,,,,GLOBAL_BASELINE_NO_ENTITY_RANKING,,,NOT_APPLICABLE_GLOBAL_BASELINE,HF9g-P5,,,,X 全窗基线 · 不参与实体赏罚,15050018,1506,A168_HF9F_20260827_0900,2026-08-27 09:00:00
2026-03-31,74657362,1331,0,255.4060956922,-255.4060956922,-255.4060956922,0E-7,3,2,0.44331193749996674,0.386675775000,-1.2620127909357366,-1.122906047548861,-1.2620127909357366,0.05663616249996674,ELIGIBLE,R03b_20260811_FULL_v1,L1_ELIGIBILITY,v2026-08-11,2026-03-21..2026-08-06,baccarat_bet02_101_all_pairs_incl_sentinel,round_win = game_pnl > 0 (decisive only),COMPATIBILITY_ONLY_NOT_PRODUCTION,234885.8996,214754.2105,9869.7735,3689,3015,-0.04201944,-0.00608590,-0.04816467,-0.04201944,-9869.7735,234885.8996,OK,0.0000,394.7909,4.0000,96.0000,AG03-UNRESOLVED,ALL5_LEVELS_bet23_to_bet27,394.7909,394.7909,394.7909,394.7909,394.7909,4.000000,4.000000,4.000000,4.000000,4.000000,96.000000,96.000000,96.000000,96.000000,96.000000,5.0,1973.9547,1822.2297,7895.8188,8047.5438,PENDING_AG03,FALSE,NOT_FOR_ENFORCEMENT,9474.9825,206164.0421,9869.7735,9474.9825,394.7909,0.04201944,0.04033866,394.7909,9474.9825,0.04033866,394.7909,394.7909,394.7909,394.7909,394.7909,9474.9825,0.04033866,1973.9547,1822.2297,7895.8188,8047.5438,0.03361555,0.0342615,0.00168078,63.6720,71.2286,3.2736,143.0402,5.0692,3404.1435,43.6957,64.4793,63.5359,42.5677,43.0663,85.2079,124.7713,127.8119,154.8004,42.604,-41.336,2.967791,3.594466,1.478463,30,203,130,8,0.14604117,0.04201944,0.00608590,0E-8,0.000000,0.914292,0.640282,0.04207877,2026-03-23,2026-08-04,69,1947,1162,135,0.511111,1.014849,1.012680,0.486804,,,,,,,,GLOBAL_BASELINE_NO_ENTITY_RANKING,,,NOT_APPLICABLE_GLOBAL_BASELINE,HF9g-P5,,,,X 全窗基线 · 不参与实体赏罚,15050019,1506,A168_HF9F_20260827_0900,2026-08-27 09:00:00
2026-03-31,74657362,1385,0,85.1353652307,-85.1353652307,-85.1353652307,0E-7,1,1,0.49324550000000000,0.493245500000,-0.9865810262130424,-0.9865810262130424,-0.9865810262130424,0E-17,ELIGIBLE,R03b_20260811_FULL_v1,L1_ELIGIBILITY,v2026-08-11,2026-03-21..2026-08-06,baccarat_bet02_101_all_pairs_incl_sentinel,round_win = game_pnl > 0 (decisive only),COMPATIBILITY_ONLY_NOT_PRODUCTION,234885.8996,214754.2105,9869.7735,3689,3015,-0.04201944,-0.00608590,-0.04816467,-0.04201944,-9869.7735,234885.8996,OK,0.0000,394.7909,4.0000,96.0000,AG03-UNRESOLVED,ALL5_LEVELS_bet23_to_bet27,394.7909,394.7909,394.7909,394.7909,394.7909,4.000000,4.000000,4.000000,4.000000,4.000000,96.000000,96.000000,96.000000,96.000000,96.000000,5.0,1973.9547,1822.2297,7895.8188,8047.5438,PENDING_AG03,FALSE,NOT_FOR_ENFORCEMENT,9474.9825,206164.0421,9869.7735,9474.9825,394.7909,0.04201944,0.04033866,394.7909,9474.9825,0.04033866,394.7909,394.7909,394.7909,394.7909,394.7909,9474.9825,0.04033866,1973.9547,1822.2297,7895.8188,8047.5438,0.03361555,0.0342615,0.00168078,63.6720,71.2286,3.2736,143.0402,5.0692,3404.1435,43.6957,64.4793,63.5359,42.5677,43.0663,85.2079,124.7713,127.8119,154.8004,42.604,-41.336,2.967791,3.594466,1.478463,30,203,130,8,0.14604117,0.04201944,0.00608590,0E-8,0.000000,0.914292,0.640282,0.04207877,2026-03-23,2026-08-04,69,1947,1162,135,0.511111,1.014849,1.012680,0.486804,,,,,,,,GLOBAL_BASELINE_NO_ENTITY_RANKING,,,NOT_APPLICABLE_GLOBAL_BASELINE,HF9g-P5,,,,X 全窗基线 · 不参与实体赏罚,15050020,1506,A168_HF9F_20260827_0900,2026-08-27 09:00:00
2026-03-31,74657362,1490,0,127.7030478461,42.5676826153,42.5676826153,0.5000000,2,2,0.49324550000000000,0.493245500000,0.01910635448239258,0.01910635448239258,0.01910635448239258,0E-17,ELIGIBLE,R03b_20260811_FULL_v1,L1_ELIGIBILITY,v2026-08-11,2026-03-21..2026-08-06,baccarat_bet02_101_all_pairs_incl_sentinel,round_win = game_pnl > 0 (decisive only),COMPATIBILITY_ONLY_NOT_PRODUCTION,234885.8996,214754.2105,9869.7735,3689,3015,-0.04201944,-0.00608590,-0.04816467,-0.04201944,-9869.7735,234885.8996,OK,0.0000,394.7909,4.0000,96.0000,AG03-UNRESOLVED,ALL5_LEVELS_bet23_to_bet27,394.7909,394.7909,394.7909,394.7909,394.7909,4.000000,4.000000,4.000000,4.000000,4.000000,96.000000,96.000000,96.000000,96.000000,96.000000,5.0,1973.9547,1822.2297,7895.8188,8047.5438,PENDING_AG03,FALSE,NOT_FOR_ENFORCEMENT,9474.9825,206164.0421,9869.7735,9474.9825,394.7909,0.04201944,0.04033866,394.7909,9474.9825,0.04033866,394.7909,394.7909,394.7909,394.7909,394.7909,9474.9825,0.04033866,1973.9547,1822.2297,7895.8188,8047.5438,0.03361555,0.0342615,0.00168078,63.6720,71.2286,3.2736,143.0402,5.0692,3404.1435,43.6957,64.4793,63.5359,42.5677,43.0663,85.2079,124.7713,127.8119,154.8004,42.604,-41.336,2.967791,3.594466,1.478463,30,203,130,8,0.14604117,0.04201944,0.00608590,0E-8,0.000000,0.914292,0.640282,0.04207877,2026-03-23,2026-08-04,69,1947,1162,135,0.511111,1.014849,1.012680,0.486804,,,,,,,,GLOBAL_BASELINE_NO_ENTITY_RANKING,,,NOT_APPLICABLE_GLOBAL_BASELINE,HF9g-P5,,,,X 全窗基线 · 不参与实体赏罚,15050021,1506,A168_HF9F_20260827_0900,2026-08-27 09:00:00
2026-03-31,74657362,1623,0,170.2707304615,-170.2707304615,-170.2707304615,0E-7,2,1,0.39337837499993348,0.280106050000,-0.8052788575960974,-0.6237735893609975,-0.8052788575960974,0.11327232499993348,ELIGIBLE,R03b_20260811_FULL_v1,L1_ELIGIBILITY,v2026-08-11,2026-03-21..2026-08-06,baccarat_bet02_101_all_pairs_incl_sentinel,round_win = game_pnl > 0 (decisive only),COMPATIBILITY_ONLY_NOT_PRODUCTION,234885.8996,214754.2105,9869.7735,3689,3015,-0.04201944,-0.00608590,-0.04816467,-0.04201944,-9869.7735,234885.8996,OK,0.0000,394.7909,4.0000,96.0000,AG03-UNRESOLVED,ALL5_LEVELS_bet23_to_bet27,394.7909,394.7909,394.7909,394.7909,394.7909,4.000000,4.000000,4.000000,4.000000,4.000000,96.000000,96.000000,96.000000,96.000000,96.000000,5.0,1973.9547,1822.2297,7895.8188,8047.5438,PENDING_AG03,FALSE,NOT_FOR_ENFORCEMENT,9474.9825,206164.0421,9869.7735,9474.9825,394.7909,0.04201944,0.04033866,394.7909,9474.9825,0.04033866,394.7909,394.7909,394.7909,394.7909,394.7909,9474.9825,0.04033866,1973.9547,1822.2297,7895.8188,8047.5438,0.03361555,0.0342615,0.00168078,63.6720,71.2286,3.2736,143.0402,5.0692,3404.1435,43.6957,64.4793,63.5359,42.5677,43.0663,85.2079,124.7713,127.8119,154.8004,42.604,-41.336,2.967791,3.594466,1.478463,30,203,130,8,0.14604117,0.04201944,0.00608590,0E-8,0.000000,0.914292,0.640282,0.04207877,2026-03-23,2026-08-04,69,1947,1162,135,0.511111,1.014849,1.012680,0.486804,,,,,,,,GLOBAL_BASELINE_NO_ENTITY_RANKING,,,NOT_APPLICABLE_GLOBAL_BASELINE,HF9g-P5,,,,X 全窗基线 · 不参与实体赏罚,15050022,1506,A168_HF9F_20260827_0900,2026-08-27 09:00:00
2026-03-31,74657362,1645,0,42.5676826154,42.5676826154,42.5676826154,1.0000000,1,1,0.49324550000000000,0.493245500000,1.01360149184955,1.01360149184955,1.01360149184955,0E-17,ELIGIBLE,R03b_20260811_FULL_v1,L1_ELIGIBILITY,v2026-08-11,2026-03-21..2026-08-06,baccarat_bet02_101_all_pairs_incl_sentinel,round_win = game_pnl > 0 (decisive only),COMPATIBILITY_ONLY_NOT_PRODUCTION,234885.8996,214754.2105,9869.7735,3689,3015,-0.04201944,-0.00608590,-0.04816467,-0.04201944,-9869.7735,234885.8996,OK,0.0000,394.7909,4.0000,96.0000,AG03-UNRESOLVED,ALL5_LEVELS_bet23_to_bet27,394.7909,394.7909,394.7909,394.7909,394.7909,4.000000,4.000000,4.000000,4.000000,4.000000,96.000000,96.000000,96.000000,96.000000,96.000000,5.0,1973.9547,1822.2297,7895.8188,8047.5438,PENDING_AG03,FALSE,NOT_FOR_ENFORCEMENT,9474.9825,206164.0421,9869.7735,9474.9825,394.7909,0.04201944,0.04033866,394.7909,9474.9825,0.04033866,394.7909,394.7909,394.7909,394.7909,394.7909,9474.9825,0.04033866,1973.9547,1822.2297,7895.8188,8047.5438,0.03361555,0.0342615,0.00168078,63.6720,71.2286,3.2736,143.0402,5.0692,3404.1435,43.6957,64.4793,63.5359,42.5677,43.0663,85.2079,124.7713,127.8119,154.8004,42.604,-41.336,2.967791,3.594466,1.478463,30,203,130,8,0.14604117,0.04201944,0.00608590,0E-8,0.000000,0.914292,0.640282,0.04207877,2026-03-23,2026-08-04,69,1947,1162,135,0.511111,1.014849,1.012680,0.486804,,,,,,,,GLOBAL_BASELINE_NO_ENTITY_RANKING,,,NOT_APPLICABLE_GLOBAL_BASELINE,HF9g-P5,,,,X 全窗基线 · 不参与实体赏罚,15050023,1506,A168_HF9F_20260827_0900,2026-08-27 09:00:00
2026-03-31,74657362,1750,0,170.2707304615,170.2707304615,170.2707304615,1.0000000,3,3,0.49324550000000000,0.493245500000,1.755609282511032,1.7556092825110319,1.755609282511032,0E-17,ELIGIBLE,R03b_20260811_FULL_v1,L1_ELIGIBILITY,v2026-08-11,2026-03-21..2026-08-06,baccarat_bet02_101_all_pairs_incl_sentinel,round_win = game_pnl > 0 (decisive only),COMPATIBILITY_ONLY_NOT_PRODUCTION,234885.8996,214754.2105,9869.7735,3689,3015,-0.04201944,-0.00608590,-0.04816467,-0.04201944,-9869.7735,234885.8996,OK,0.0000,394.7909,4.0000,96.0000,AG03-UNRESOLVED,ALL5_LEVELS_bet23_to_bet27,394.7909,394.7909,394.7909,394.7909,394.7909,4.000000,4.000000,4.000000,4.000000,4.000000,96.000000,96.000000,96.000000,96.000000,96.000000,5.0,1973.9547,1822.2297,7895.8188,8047.5438,PENDING_AG03,FALSE,NOT_FOR_ENFORCEMENT,9474.9825,206164.0421,9869.7735,9474.9825,394.7909,0.04201944,0.04033866,394.7909,9474.9825,0.04033866,394.7909,394.7909,394.7909,394.7909,394.7909,9474.9825,0.04033866,1973.9547,1822.2297,7895.8188,8047.5438,0.03361555,0.0342615,0.00168078,63.6720,71.2286,3.2736,143.0402,5.0692,3404.1435,43.6957,64.4793,63.5359,42.5677,43.0663,85.2079,124.7713,127.8119,154.8004,42.604,-41.336,2.967791,3.594466,1.478463,30,203,130,8,0.14604117,0.04201944,0.00608590,0E-8,0.000000,0.914292,0.640282,0.04207877,2026-03-23,2026-08-04,69,1947,1162,135,0.511111,1.014849,1.012680,0.486804,,,,,,,,GLOBAL_BASELINE_NO_ENTITY_RANKING,,,NOT_APPLICABLE_GLOBAL_BASELINE,HF9g-P5,,,,X 全窗基线 · 不参与实体赏罚,15050024,1506,A168_HF9F_20260827_0900,2026-08-27 09:00:00
2026-03-31,74657362,1951,0,170.2707304615,85.1353652307,85.1353652307,1.0000000,2,1,0.39337837499993348,0.280106050000,1.2418058546640356,1.6031457840727341,1.2418058546640356,0.11327232499993348,ELIGIBLE,R03b_20260811_FULL_v1,L1_ELIGIBILITY,v2026-08-11,2026-03-21..2026-08-06,baccarat_bet02_101_all_pairs_incl_sentinel,round_win = game_pnl > 0 (decisive only),COMPATIBILITY_ONLY_NOT_PRODUCTION,234885.8996,214754.2105,9869.7735,3689,3015,-0.04201944,-0.00608590,-0.04816467,-0.04201944,-9869.7735,234885.8996,OK,0.0000,394.7909,4.0000,96.0000,AG03-UNRESOLVED,ALL5_LEVELS_bet23_to_bet27,394.7909,394.7909,394.7909,394.7909,394.7909,4.000000,4.000000,4.000000,4.000000,4.000000,96.000000,96.000000,96.000000,96.000000,96.000000,5.0,1973.9547,1822.2297,7895.8188,8047.5438,PENDING_AG03,FALSE,NOT_FOR_ENFORCEMENT,9474.9825,206164.0421,9869.7735,9474.9825,394.7909,0.04201944,0.04033866,394.7909,9474.9825,0.04033866,394.7909,394.7909,394.7909,394.7909,394.7909,9474.9825,0.04033866,1973.9547,1822.2297,7895.8188,8047.5438,0.03361555,0.0342615,0.00168078,63.6720,71.2286,3.2736,143.0402,5.0692,3404.1435,43.6957,64.4793,63.5359,42.5677,43.0663,85.2079,124.7713,127.8119,154.8004,42.604,-41.336,2.967791,3.594466,1.478463,30,203,130,8,0.14604117,0.04201944,0.00608590,0E-8,0.000000,0.914292,0.640282,0.04207877,2026-03-23,2026-08-04,69,1947,1162,135,0.511111,1.014849,1.012680,0.486804,,,,,,,,GLOBAL_BASELINE_NO_ENTITY_RANKING,,,NOT_APPLICABLE_GLOBAL_BASELINE,HF9g-P5,,,,X 全窗基线 · 不参与实体赏罚,15050025,1506,A168_HF9F_20260827_0900,2026-08-27 09:00:00
2026-03-31,74657362,1994,0,127.7030478461,-42.5676826153,-42.5676826153,0.5000000,2,2,0.49994810000000000,0.499948100000,0.00014679536856514622,0.00014679536856514622,0.00014679536856514622,0E-17,ELIGIBLE,R03b_20260811_FULL_v1,L1_ELIGIBILITY,v2026-08-11,2026-03-21..2026-08-06,baccarat_bet02_101_all_pairs_incl_sentinel,round_win = game_pnl > 0 (decisive only),COMPATIBILITY_ONLY_NOT_PRODUCTION,234885.8996,214754.2105,9869.7735,3689,3015,-0.04201944,-0.00608590,-0.04816467,-0.04201944,-9869.7735,234885.8996,OK,0.0000,394.7909,4.0000,96.0000,AG03-UNRESOLVED,ALL5_LEVELS_bet23_to_bet27,394.7909,394.7909,394.7909,394.7909,394.7909,4.000000,4.000000,4.000000,4.000000,4.000000,96.000000,96.000000,96.000000,96.000000,96.000000,5.0,1973.9547,1822.2297,7895.8188,8047.5438,PENDING_AG03,FALSE,NOT_FOR_ENFORCEMENT,9474.9825,206164.0421,9869.7735,9474.9825,394.7909,0.04201944,0.04033866,394.7909,9474.9825,0.04033866,394.7909,394.7909,394.7909,394.7909,394.7909,9474.9825,0.04033866,1973.9547,1822.2297,7895.8188,8047.5438,0.03361555,0.0342615,0.00168078,63.6720,71.2286,3.2736,143.0402,5.0692,3404.1435,43.6957,64.4793,63.5359,42.5677,43.0663,85.2079,124.7713,127.8119,154.8004,42.604,-41.336,2.967791,3.594466,1.478463,30,203,130,8,0.14604117,0.04201944,0.00608590,0E-8,0.000000,0.914292,0.640282,0.04207877,2026-03-23,2026-08-04,69,1947,1162,135,0.511111,1.014849,1.012680,0.486804,,,,,,,,GLOBAL_BASELINE_NO_ENTITY_RANKING,,,NOT_APPLICABLE_GLOBAL_BASELINE,HF9g-P5,,,,X 全窗基线 · 不参与实体赏罚,15050026,1506,A168_HF9F_20260827_0900,2026-08-27 09:00:00
2026-03-31,74657362,2088,0,297.9737783076,-127.7030478462,-127.7030478462,0.3333333,4,3,0.45995645833331116,0.422199016667,-0.4400488657013583,-0.3116355290860713,-0.4400488657013583,0.03775744166631116,ELIGIBLE,R03b_20260811_FULL_v1,L1_ELIGIBILITY,v2026-08-11,2026-03-21..2026-08-06,baccarat_bet02_101_all_pairs_incl_sentinel,round_win = game_pnl > 0 (decisive only),COMPATIBILITY_ONLY_NOT_PRODUCTION,234885.8996,214754.2105,9869.7735,3689,3015,-0.04201944,-0.00608590,-0.04816467,-0.04201944,-9869.7735,234885.8996,OK,0.0000,394.7909,4.0000,96.0000,AG03-UNRESOLVED,ALL5_LEVELS_bet23_to_bet27,394.7909,394.7909,394.7909,394.7909,394.7909,4.000000,4.000000,4.000000,4.000000,4.000000,96.000000,96.000000,96.000000,96.000000,96.000000,5.0,1973.9547,1822.2297,7895.8188,8047.5438,PENDING_AG03,FALSE,NOT_FOR_ENFORCEMENT,9474.9825,206164.0421,9869.7735,9474.9825,394.7909,0.04201944,0.04033866,394.7909,9474.9825,0.04033866,394.7909,394.7909,394.7909,394.7909,394.7909,9474.9825,0.04033866,1973.9547,1822.2297,7895.8188,8047.5438,0.03361555,0.0342615,0.00168078,63.6720,71.2286,3.2736,143.0402,5.0692,3404.1435,43.6957,64.4793,63.5359,42.5677,43.0663,85.2079,124.7713,127.8119,154.8004,42.604,-41.336,2.967791,3.594466,1.478463,30,203,130,8,0.14604117,0.04201944,0.00608590,0E-8,0.000000,0.914292,0.640282,0.04207877,2026-03-23,2026-08-04,69,1947,1162,135,0.511111,1.014849,1.012680,0.486804,,,,,,,,GLOBAL_BASELINE_NO_ENTITY_RANKING,,,NOT_APPLICABLE_GLOBAL_BASELINE,HF9g-P5,,,,X 全窗基线 · 不参与实体赏罚,15050027,1506,A168_HF9F_20260827_0900,2026-08-27 09:00:00
2026-03-31,74657362,2101,0,85.1353652307,-85.1353652307,-85.1353652307,0E-7,1,1,0.49324550000000000,0.493245500000,-0.9865810262130424,-0.9865810262130424,-0.9865810262130424,0E-17,ELIGIBLE,R03b_20260811_FULL_v1,L1_ELIGIBILITY,v2026-08-11,2026-03-21..2026-08-06,baccarat_bet02_101_all_pairs_incl_sentinel,round_win = game_pnl > 0 (decisive only),COMPATIBILITY_ONLY_NOT_PRODUCTION,234885.8996,214754.2105,9869.7735,3689,3015,-0.04201944,-0.00608590,-0.04816467,-0.04201944,-9869.7735,234885.8996,OK,0.0000,394.7909,4.0000,96.0000,AG03-UNRESOLVED,ALL5_LEVELS_bet23_to_bet27,394.7909,394.7909,394.7909,394.7909,394.7909,4.000000,4.000000,4.000000,4.000000,4.000000,96.000000,96.000000,96.000000,96.000000,96.000000,5.0,1973.9547,1822.2297,7895.8188,8047.5438,PENDING_AG03,FALSE,NOT_FOR_ENFORCEMENT,9474.9825,206164.0421,9869.7735,9474.9825,394.7909,0.04201944,0.04033866,394.7909,9474.9825,0.04033866,394.7909,394.7909,394.7909,394.7909,394.7909,9474.9825,0.04033866,1973.9547,1822.2297,7895.8188,8047.5438,0.03361555,0.0342615,0.00168078,63.6720,71.2286,3.2736,143.0402,5.0692,3404.1435,43.6957,64.4793,63.5359,42.5677,43.0663,85.2079,124.7713,127.8119,154.8004,42.604,-41.336,2.967791,3.594466,1.478463,30,203,130,8,0.14604117,0.04201944,0.00608590,0E-8,0.000000,0.914292,0.640282,0.04207877,2026-03-23,2026-08-04,69,1947,1162,135,0.511111,1.014849,1.012680,0.486804,,,,,,,,GLOBAL_BASELINE_NO_ENTITY_RANKING,,,NOT_APPLICABLE_GLOBAL_BASELINE,HF9g-P5,,,,X 全窗基线 · 不参与实体赏罚,15050028,1506,A168_HF9F_20260827_0900,2026-08-27 09:00:00
2026-03-31,74657362,2106,0,170.2707304615,-170.2707304615,-170.2707304615,0E-7,2,1,0.39337837499993348,0.280106050000,-0.8052788575960974,-0.6237735893609975,-0.8052788575960974,0.11327232499993348,ELIGIBLE,R03b_20260811_FULL_v1,L1_ELIGIBILITY,v2026-08-11,2026-03-21..2026-08-06,baccarat_bet02_101_all_pairs_incl_sentinel,round_win = game_pnl > 0 (decisive only),COMPATIBILITY_ONLY_NOT_PRODUCTION,234885.8996,214754.2105,9869.7735,3689,3015,-0.04201944,-0.00608590,-0.04816467,-0.04201944,-9869.7735,234885.8996,OK,0.0000,394.7909,4.0000,96.0000,AG03-UNRESOLVED,ALL5_LEVELS_bet23_to_bet27,394.7909,394.7909,394.7909,394.7909,394.7909,4.000000,4.000000,4.000000,4.000000,4.000000,96.000000,96.000000,96.000000,96.000000,96.000000,5.0,1973.9547,1822.2297,7895.8188,8047.5438,PENDING_AG03,FALSE,NOT_FOR_ENFORCEMENT,9474.9825,206164.0421,9869.7735,9474.9825,394.7909,0.04201944,0.04033866,394.7909,9474.9825,0.04033866,394.7909,394.7909,394.7909,394.7909,394.7909,9474.9825,0.04033866,1973.9547,1822.2297,7895.8188,8047.5438,0.03361555,0.0342615,0.00168078,63.6720,71.2286,3.2736,143.0402,5.0692,3404.1435,43.6957,64.4793,63.5359,42.5677,43.0663,85.2079,124.7713,127.8119,154.8004,42.604,-41.336,2.967791,3.594466,1.478463,30,203,130,8,0.14604117,0.04201944,0.00608590,0E-8,0.000000,0.914292,0.640282,0.04207877,2026-03-23,2026-08-04,69,1947,1162,135,0.511111,1.014849,1.012680,0.486804,,,,,,,,GLOBAL_BASELINE_NO_ENTITY_RANKING,,,NOT_APPLICABLE_GLOBAL_BASELINE,HF9g-P5,,,,X 全窗基线 · 不参与实体赏罚,15050029,1506,A168_HF9F_20260827_0900,2026-08-27 09:00:00
2026-03-31,74657362,2108,0,42.5676826154,-42.5676826154,-42.5676826154,0E-7,1,1,0.49324550000000000,0.493245500000,-0.9865810262130424,-0.9865810262130424,-0.9865810262130424,0E-17,ELIGIBLE,R03b_20260811_FULL_v1,L1_ELIGIBILITY,v2026-08-11,2026-03-21..2026-08-06,baccarat_bet02_101_all_pairs_incl_sentinel,round_win = game_pnl > 0 (decisive only),COMPATIBILITY_ONLY_NOT_PRODUCTION,234885.8996,214754.2105,9869.7735,3689,3015,-0.04201944,-0.00608590,-0.04816467,-0.04201944,-9869.7735,234885.8996,OK,0.0000,394.7909,4.0000,96.0000,AG03-UNRESOLVED,ALL5_LEVELS_bet23_to_bet27,394.7909,394.7909,394.7909,394.7909,394.7909,4.000000,4.000000,4.000000,4.000000,4.000000,96.000000,96.000000,96.000000,96.000000,96.000000,5.0,1973.9547,1822.2297,7895.8188,8047.5438,PENDING_AG03,FALSE,NOT_FOR_ENFORCEMENT,9474.9825,206164.0421,9869.7735,9474.9825,394.7909,0.04201944,0.04033866,394.7909,9474.9825,0.04033866,394.7909,394.7909,394.7909,394.7909,394.7909,9474.9825,0.04033866,1973.9547,1822.2297,7895.8188,8047.5438,0.03361555,0.0342615,0.00168078,63.6720,71.2286,3.2736,143.0402,5.0692,3404.1435,43.6957,64.4793,63.5359,42.5677,43.0663,85.2079,124.7713,127.8119,154.8004,42.604,-41.336,2.967791,3.594466,1.478463,30,203,130,8,0.14604117,0.04201944,0.00608590,0E-8,0.000000,0.914292,0.640282,0.04207877,2026-03-23,2026-08-04,69,1947,1162,135,0.511111,1.014849,1.012680,0.486804,,,,,,,,GLOBAL_BASELINE_NO_ENTITY_RANKING,,,NOT_APPLICABLE_GLOBAL_BASELINE,HF9g-P5,,,,X 全窗基线 · 不参与实体赏罚,15050030,1506,A168_HF9F_20260827_0900,2026-08-27 09:00:00
2026-03-31,74657362,2115,0,85.1353652307,-85.1353652307,-85.1353652307,0E-7,1,1,0.49324550000000000,0.493245500000,-0.9865810262130424,-0.9865810262130424,-0.9865810262130424,0E-17,ELIGIBLE,R03b_20260811_FULL_v1,L1_ELIGIBILITY,v2026-08-11,2026-03-21..2026-08-06,baccarat_bet02_101_all_pairs_incl_sentinel,round_win = game_pnl > 0 (decisive only),COMPATIBILITY_ONLY_NOT_PRODUCTION,234885.8996,214754.2105,9869.7735,3689,3015,-0.04201944,-0.00608590,-0.04816467,-0.04201944,-9869.7735,234885.8996,OK,0.0000,394.7909,4.0000,96.0000,AG03-UNRESOLVED,ALL5_LEVELS_bet23_to_bet27,394.7909,394.7909,394.7909,394.7909,394.7909,4.000000,4.000000,4.000000,4.000000,4.000000,96.000000,96.000000,96.000000,96.000000,96.000000,5.0,1973.9547,1822.2297,7895.8188,8047.5438,PENDING_AG03,FALSE,NOT_FOR_ENFORCEMENT,9474.9825,206164.0421,9869.7735,9474.9825,394.7909,0.04201944,0.04033866,394.7909,9474.9825,0.04033866,394.7909,394.7909,394.7909,394.7909,394.7909,9474.9825,0.04033866,1973.9547,1822.2297,7895.8188,8047.5438,0.03361555,0.0342615,0.00168078,63.6720,71.2286,3.2736,143.0402,5.0692,3404.1435,43.6957,64.4793,63.5359,42.5677,43.0663,85.2079,124.7713,127.8119,154.8004,42.604,-41.336,2.967791,3.594466,1.478463,30,203,130,8,0.14604117,0.04201944,0.00608590,0E-8,0.000000,0.914292,0.640282,0.04207877,2026-03-23,2026-08-04,69,1947,1162,135,0.511111,1.014849,1.012680,0.486804,,,,,,,,GLOBAL_BASELINE_NO_ENTITY_RANKING,,,NOT_APPLICABLE_GLOBAL_BASELINE,HF9g-P5,,,,X 全窗基线 · 不参与实体赏罚,15050031,1506,A168_HF9F_20260827_0900,2026-08-27 09:00:00
2026-03-31,74657362,2129,0,255.4060956921,170.2707304614,170.2707304614,1.0000000,3,3,0.49324550000000000,0.493245500000,1.4334489766152358,1.4334489766152358,1.4334489766152358,0E-17,ELIGIBLE,R03b_20260811_FULL_v1,L1_ELIGIBILITY,v2026-08-11,2026-03-21..2026-08-06,baccarat_bet02_101_all_pairs_incl_sentinel,round_win = game_pnl > 0 (decisive only),COMPATIBILITY_ONLY_NOT_PRODUCTION,234885.8996,214754.2105,9869.7735,3689,3015,-0.04201944,-0.00608590,-0.04816467,-0.04201944,-9869.7735,234885.8996,OK,0.0000,394.7909,4.0000,96.0000,AG03-UNRESOLVED,ALL5_LEVELS_bet23_to_bet27,394.7909,394.7909,394.7909,394.7909,394.7909,4.000000,4.000000,4.000000,4.000000,4.000000,96.000000,96.000000,96.000000,96.000000,96.000000,5.0,1973.9547,1822.2297,7895.8188,8047.5438,PENDING_AG03,FALSE,NOT_FOR_ENFORCEMENT,9474.9825,206164.0421,9869.7735,9474.9825,394.7909,0.04201944,0.04033866,394.7909,9474.9825,0.04033866,394.7909,394.7909,394.7909,394.7909,394.7909,9474.9825,0.04033866,1973.9547,1822.2297,7895.8188,8047.5438,0.03361555,0.0342615,0.00168078,63.6720,71.2286,3.2736,143.0402,5.0692,3404.1435,43.6957,64.4793,63.5359,42.5677,43.0663,85.2079,124.7713,127.8119,154.8004,42.604,-41.336,2.967791,3.594466,1.478463,30,203,130,8,0.14604117,0.04201944,0.00608590,0E-8,0.000000,0.914292,0.640282,0.04207877,2026-03-23,2026-08-04,69,1947,1162,135,0.511111,1.014849,1.012680,0.486804,,,,,,,,GLOBAL_BASELINE_NO_ENTITY_RANKING,,,NOT_APPLICABLE_GLOBAL_BASELINE,HF9g-P5,,,,X 全窗基线 · 不参与实体赏罚,15050032,1506,A168_HF9F_20260827_0900,2026-08-27 09:00:00
2026-03-31,74657362,2152,0,233.2709007322,-233.2709007322,-233.2709007322,0E-7,3,2,0.44331193749996674,0.386675775000,-1.2620127909357366,-1.122906047548861,-1.2620127909357366,0.05663616249996674,ELIGIBLE,R03b_20260811_FULL_v1,L1_ELIGIBILITY,v2026-08-11,2026-03-21..2026-08-06,baccarat_bet02_101_all_pairs_incl_sentinel,round_win = game_pnl > 0 (decisive only),COMPATIBILITY_ONLY_NOT_PRODUCTION,234885.8996,214754.2105,9869.7735,3689,3015,-0.04201944,-0.00608590,-0.04816467,-0.04201944,-9869.7735,234885.8996,OK,0.0000,394.7909,4.0000,96.0000,AG03-UNRESOLVED,ALL5_LEVELS_bet23_to_bet27,394.7909,394.7909,394.7909,394.7909,394.7909,4.000000,4.000000,4.000000,4.000000,4.000000,96.000000,96.000000,96.000000,96.000000,96.000000,5.0,1973.9547,1822.2297,7895.8188,8047.5438,PENDING_AG03,FALSE,NOT_FOR_ENFORCEMENT,9474.9825,206164.0421,9869.7735,9474.9825,394.7909,0.04201944,0.04033866,394.7909,9474.9825,0.04033866,394.7909,394.7909,394.7909,394.7909,394.7909,9474.9825,0.04033866,1973.9547,1822.2297,7895.8188,8047.5438,0.03361555,0.0342615,0.00168078,63.6720,71.2286,3.2736,143.0402,5.0692,3404.1435,43.6957,64.4793,63.5359,42.5677,43.0663,85.2079,124.7713,127.8119,154.8004,42.604,-41.336,2.967791,3.594466,1.478463,30,203,130,8,0.14604117,0.04201944,0.00608590,0E-8,0.000000,0.914292,0.640282,0.04207877,2026-03-23,2026-08-04,69,1947,1162,135,0.511111,1.014849,1.012680,0.486804,,,,,,,,GLOBAL_BASELINE_NO_ENTITY_RANKING,,,NOT_APPLICABLE_GLOBAL_BASELINE,HF9g-P5,,,,X 全窗基线 · 不参与实体赏罚,15050033,1506,A168_HF9F_20260827_0900,2026-08-27 09:00:00
2026-03-31,74657362,2212,0,42.5676826154,-42.5676826154,-42.5676826154,0E-7,1,1,0.49324550000000000,0.493245500000,-0.9865810262130424,-0.9865810262130424,-0.9865810262130424,0E-17,ELIGIBLE,R03b_20260811_FULL_v1,L1_ELIGIBILITY,v2026-08-11,2026-03-21..2026-08-06,baccarat_bet02_101_all_pairs_incl_sentinel,round_win = game_pnl > 0 (decisive only),COMPATIBILITY_ONLY_NOT_PRODUCTION,234885.8996,214754.2105,9869.7735,3689,3015,-0.04201944,-0.00608590,-0.04816467,-0.04201944,-9869.7735,234885.8996,OK,0.0000,394.7909,4.0000,96.0000,AG03-UNRESOLVED,ALL5_LEVELS_bet23_to_bet27,394.7909,394.7909,394.7909,394.7909,394.7909,4.000000,4.000000,4.000000,4.000000,4.000000,96.000000,96.000000,96.000000,96.000000,96.000000,5.0,1973.9547,1822.2297,7895.8188,8047.5438,PENDING_AG03,FALSE,NOT_FOR_ENFORCEMENT,9474.9825,206164.0421,9869.7735,9474.9825,394.7909,0.04201944,0.04033866,394.7909,9474.9825,0.04033866,394.7909,394.7909,394.7909,394.7909,394.7909,9474.9825,0.04033866,1973.9547,1822.2297,7895.8188,8047.5438,0.03361555,0.0342615,0.00168078,63.6720,71.2286,3.2736,143.0402,5.0692,3404.1435,43.6957,64.4793,63.5359,42.5677,43.0663,85.2079,124.7713,127.8119,154.8004,42.604,-41.336,2.967791,3.594466,1.478463,30,203,130,8,0.14604117,0.04201944,0.00608590,0E-8,0.000000,0.914292,0.640282,0.04207877,2026-03-23,2026-08-04,69,1947,1162,135,0.511111,1.014849,1.012680,0.486804,,,,,,,,GLOBAL_BASELINE_NO_ENTITY_RANKING,,,NOT_APPLICABLE_GLOBAL_BASELINE,HF9g-P5,,,,X 全窗基线 · 不参与实体赏罚,15050034,1506,A168_HF9F_20260827_0900,2026-08-27 09:00:00
2026-03-31,74657362,550,0,42.5676826154,0E-10,0E-10,,1,1,0.49324550000000000,0.493245500000,,,,0E-17,NO_DECISIVE_ROUND,R03b_20260811_FULL_v1,L1_ELIGIBILITY,v2026-08-11,2026-03-21..2026-08-06,baccarat_bet02_101_all_pairs_incl_sentinel,round_win = game_pnl > 0 (decisive only),COMPATIBILITY_ONLY_NOT_PRODUCTION,234885.8996,214754.2105,9869.7735,3689,3015,-0.04201944,-0.00608590,-0.04816467,-0.04201944,-9869.7735,234885.8996,OK,0.0000,394.7909,4.0000,96.0000,AG03-UNRESOLVED,ALL5_LEVELS_bet23_to_bet27,394.7909,394.7909,394.7909,394.7909,394.7909,4.000000,4.000000,4.000000,4.000000,4.000000,96.000000,96.000000,96.000000,96.000000,96.000000,5.0,1973.9547,1822.2297,7895.8188,8047.5438,PENDING_AG03,FALSE,NOT_FOR_ENFORCEMENT,9474.9825,206164.0421,9869.7735,9474.9825,394.7909,0.04201944,0.04033866,394.7909,9474.9825,0.04033866,394.7909,394.7909,394.7909,394.7909,394.7909,9474.9825,0.04033866,1973.9547,1822.2297,7895.8188,8047.5438,0.03361555,0.0342615,0.00168078,63.6720,71.2286,3.2736,143.0402,5.0692,3404.1435,43.6957,64.4793,63.5359,42.5677,43.0663,85.2079,124.7713,127.8119,154.8004,42.604,-41.336,2.967791,3.594466,1.478463,30,203,130,8,0.14604117,0.04201944,0.00608590,0E-8,0.000000,0.914292,0.640282,0.04207877,2026-03-23,2026-08-04,69,1947,1162,135,0.511111,1.014849,1.012680,0.486804,,,,,,,,GLOBAL_BASELINE_NO_ENTITY_RANKING,,,NOT_APPLICABLE_GLOBAL_BASELINE,HF9g-P5,,,,X 全窗基线 · 不参与实体赏罚,15050035,1506,A168_HF9F_20260827_0900,2026-08-27 09:00:00
2026-03-31,74657362,595,0,42.5676826154,-42.5676826154,-42.5676826154,0E-7,1,1,0.49324550000000000,0.493245500000,-0.9865810262130424,-0.9865810262130424,-0.9865810262130424,0E-17,ELIGIBLE,R03b_20260811_FULL_v1,L1_ELIGIBILITY,v2026-08-11,2026-03-21..2026-08-06,baccarat_bet02_101_all_pairs_incl_sentinel,round_win = game_pnl > 0 (decisive only),COMPATIBILITY_ONLY_NOT_PRODUCTION,234885.8996,214754.2105,9869.7735,3689,3015,-0.04201944,-0.00608590,-0.04816467,-0.04201944,-9869.7735,234885.8996,OK,0.0000,394.7909,4.0000,96.0000,AG03-UNRESOLVED,ALL5_LEVELS_bet23_to_bet27,394.7909,394.7909,394.7909,394.7909,394.7909,4.000000,4.000000,4.000000,4.000000,4.000000,96.000000,96.000000,96.000000,96.000000,96.000000,5.0,1973.9547,1822.2297,7895.8188,8047.5438,PENDING_AG03,FALSE,NOT_FOR_ENFORCEMENT,9474.9825,206164.0421,9869.7735,9474.9825,394.7909,0.04201944,0.04033866,394.7909,9474.9825,0.04033866,394.7909,394.7909,394.7909,394.7909,394.7909,9474.9825,0.04033866,1973.9547,1822.2297,7895.8188,8047.5438,0.03361555,0.0342615,0.00168078,63.6720,71.2286,3.2736,143.0402,5.0692,3404.1435,43.6957,64.4793,63.5359,42.5677,43.0663,85.2079,124.7713,127.8119,154.8004,42.604,-41.336,2.967791,3.594466,1.478463,30,203,130,8,0.14604117,0.04201944,0.00608590,0E-8,0.000000,0.914292,0.640282,0.04207877,2026-03-23,2026-08-04,69,1947,1162,135,0.511111,1.014849,1.012680,0.486804,,,,,,,,GLOBAL_BASELINE_NO_ENTITY_RANKING,,,NOT_APPLICABLE_GLOBAL_BASELINE,HF9g-P5,,,,X 全窗基线 · 不参与实体赏罚,15050036,1506,A168_HF9F_20260827_0900,2026-08-27 09:00:00
2026-03-31,74657362,752,0,340.5414609229,-170.2707304615,-170.2707304615,0.3333333,4,3,0.45995645833331116,0.422199016667,-0.4400488657013583,-0.3116355290860713,-0.4400488657013583,0.03775744166631116,ELIGIBLE,R03b_20260811_FULL_v1,L1_ELIGIBILITY,v2026-08-11,2026-03-21..2026-08-06,baccarat_bet02_101_all_pairs_incl_sentinel,round_win = game_pnl > 0 (decisive only),COMPATIBILITY_ONLY_NOT_PRODUCTION,234885.8996,214754.2105,9869.7735,3689,3015,-0.04201944,-0.00608590,-0.04816467,-0.04201944,-9869.7735,234885.8996,OK,0.0000,394.7909,4.0000,96.0000,AG03-UNRESOLVED,ALL5_LEVELS_bet23_to_bet27,394.7909,394.7909,394.7909,394.7909,394.7909,4.000000,4.000000,4.000000,4.000000,4.000000,96.000000,96.000000,96.000000,96.000000,96.000000,5.0,1973.9547,1822.2297,7895.8188,8047.5438,PENDING_AG03,FALSE,NOT_FOR_ENFORCEMENT,9474.9825,206164.0421,9869.7735,9474.9825,394.7909,0.04201944,0.04033866,394.7909,9474.9825,0.04033866,394.7909,394.7909,394.7909,394.7909,394.7909,9474.9825,0.04033866,1973.9547,1822.2297,7895.8188,8047.5438,0.03361555,0.0342615,0.00168078,63.6720,71.2286,3.2736,143.0402,5.0692,3404.1435,43.6957,64.4793,63.5359,42.5677,43.0663,85.2079,124.7713,127.8119,154.8004,42.604,-41.336,2.967791,3.594466,1.478463,30,203,130,8,0.14604117,0.04201944,0.00608590,0E-8,0.000000,0.914292,0.640282,0.04207877,2026-03-23,2026-08-04,69,1947,1162,135,0.511111,1.014849,1.012680,0.486804,,,,,,,,GLOBAL_BASELINE_NO_ENTITY_RANKING,,,NOT_APPLICABLE_GLOBAL_BASELINE,HF9g-P5,,,,X 全窗基线 · 不参与实体赏罚,15050037,1506,A168_HF9F_20260827_0900,2026-08-27 09:00:00
2026-03-31,74657362,789,0,85.1353652307,85.1353652307,85.1353652307,1.0000000,1,1,0.49324550000000000,0.493245500000,1.01360149184955,1.01360149184955,1.01360149184955,0E-17,ELIGIBLE,R03b_20260811_FULL_v1,L1_ELIGIBILITY,v2026-08-11,2026-03-21..2026-08-06,baccarat_bet02_101_all_pairs_incl_sentinel,round_win = game_pnl > 0 (decisive only),COMPATIBILITY_ONLY_NOT_PRODUCTION,234885.8996,214754.2105,9869.7735,3689,3015,-0.04201944,-0.00608590,-0.04816467,-0.04201944,-9869.7735,234885.8996,OK,0.0000,394.7909,4.0000,96.0000,AG03-UNRESOLVED,ALL5_LEVELS_bet23_to_bet27,394.7909,394.7909,394.7909,394.7909,394.7909,4.000000,4.000000,4.000000,4.000000,4.000000,96.000000,96.000000,96.000000,96.000000,96.000000,5.0,1973.9547,1822.2297,7895.8188,8047.5438,PENDING_AG03,FALSE,NOT_FOR_ENFORCEMENT,9474.9825,206164.0421,9869.7735,9474.9825,394.7909,0.04201944,0.04033866,394.7909,9474.9825,0.04033866,394.7909,394.7909,394.7909,394.7909,394.7909,9474.9825,0.04033866,1973.9547,1822.2297,7895.8188,8047.5438,0.03361555,0.0342615,0.00168078,63.6720,71.2286,3.2736,143.0402,5.0692,3404.1435,43.6957,64.4793,63.5359,42.5677,43.0663,85.2079,124.7713,127.8119,154.8004,42.604,-41.336,2.967791,3.594466,1.478463,30,203,130,8,0.14604117,0.04201944,0.00608590,0E-8,0.000000,0.914292,0.640282,0.04207877,2026-03-23,2026-08-04,69,1947,1162,135,0.511111,1.014849,1.012680,0.486804,,,,,,,,GLOBAL_BASELINE_NO_ENTITY_RANKING,,,NOT_APPLICABLE_GLOBAL_BASELINE,HF9g-P5,,,,X 全窗基线 · 不参与实体赏罚,15050038,1506,A168_HF9F_20260827_0900,2026-08-27 09:00:00
2026-04-01,74657362,-1,1,3941.7674101840,-1089.7326749548,-1089.7326749548,0.3548387,68,33,0.33181607969695469,0.307218138636,0.27223192641080196,0.574716631143311,0.27223192641080196,0.02459794106095469,SENTINEL_DEALER,R03b_20260811_FULL_v1,L1_ELIGIBILITY,v2026-08-11,2026-03-21..2026-08-06,baccarat_bet02_101_all_pairs_incl_sentinel,round_win = game_pnl > 0 (decisive only),COMPATIBILITY_ONLY_NOT_PRODUCTION,234885.8996,214754.2105,9869.7735,3689,3015,-0.04201944,-0.00608590,-0.04816467,-0.04201944,-9869.7735,234885.8996,OK,0.0000,394.7909,4.0000,96.0000,AG03-UNRESOLVED,ALL5_LEVELS_bet23_to_bet27,394.7909,394.7909,394.7909,394.7909,394.7909,4.000000,4.000000,4.000000,4.000000,4.000000,96.000000,96.000000,96.000000,96.000000,96.000000,5.0,1973.9547,1822.2297,7895.8188,8047.5438,PENDING_AG03,FALSE,NOT_FOR_ENFORCEMENT,9474.9825,206164.0421,9869.7735,9474.9825,394.7909,0.04201944,0.04033866,394.7909,9474.9825,0.04033866,394.7909,394.7909,394.7909,394.7909,394.7909,9474.9825,0.04033866,1973.9547,1822.2297,7895.8188,8047.5438,0.03361555,0.0342615,0.00168078,63.6720,71.2286,3.2736,143.0402,5.0692,3404.1435,43.6957,64.4793,63.5359,42.5677,43.0663,85.2079,124.7713,127.8119,154.8004,42.604,-41.336,2.967791,3.594466,1.478463,30,203,130,8,0.14604117,0.04201944,0.00608590,0E-8,0.000000,0.914292,0.640282,0.04207877,2026-03-23,2026-08-04,69,1947,1162,135,0.511111,1.014849,1.012680,0.486804,,,,,,,,GLOBAL_BASELINE_NO_ENTITY_RANKING,,,NOT_APPLICABLE_GLOBAL_BASELINE,HF9g-P5,,,,X 全窗基线 · 不参与实体赏罚,15050039,1506,A168_HF9F_20260827_0900,2026-08-27 09:00:00
2026-04-01,74657362,1078,0,340.5414609232,-340.5414609232,-340.5414609232,0E-7,8,2,0.07439022500000000,0.074390225000,-0.4009211503350598,-0.4009211503350598,-0.4009211503350598,0E-17,ELIGIBLE,R03b_20260811_FULL_v1,L1_ELIGIBILITY,v2026-08-11,2026-03-21..2026-08-06,baccarat_bet02_101_all_pairs_incl_sentinel,round_win = game_pnl > 0 (decisive only),COMPATIBILITY_ONLY_NOT_PRODUCTION,234885.8996,214754.2105,9869.7735,3689,3015,-0.04201944,-0.00608590,-0.04816467,-0.04201944,-9869.7735,234885.8996,OK,0.0000,394.7909,4.0000,96.0000,AG03-UNRESOLVED,ALL5_LEVELS_bet23_to_bet27,394.7909,394.7909,394.7909,394.7909,394.7909,4.000000,4.000000,4.000000,4.000000,4.000000,96.000000,96.000000,96.000000,96.000000,96.000000,5.0,1973.9547,1822.2297,7895.8188,8047.5438,PENDING_AG03,FALSE,NOT_FOR_ENFORCEMENT,9474.9825,206164.0421,9869.7735,9474.9825,394.7909,0.04201944,0.04033866,394.7909,9474.9825,0.04033866,394.7909,394.7909,394.7909,394.7909,394.7909,9474.9825,0.04033866,1973.9547,1822.2297,7895.8188,8047.5438,0.03361555,0.0342615,0.00168078,63.6720,71.2286,3.2736,143.0402,5.0692,3404.1435,43.6957,64.4793,63.5359,42.5677,43.0663,85.2079,124.7713,127.8119,154.8004,42.604,-41.336,2.967791,3.594466,1.478463,30,203,130,8,0.14604117,0.04201944,0.00608590,0E-8,0.000000,0.914292,0.640282,0.04207877,2026-03-23,2026-08-04,69,1947,1162,135,0.511111,1.014849,1.012680,0.486804,,,,,,,,GLOBAL_BASELINE_NO_ENTITY_RANKING,,,NOT_APPLICABLE_GLOBAL_BASELINE,HF9g-P5,,,,X 全窗基线 · 不参与实体赏罚,15050040,1506,A168_HF9F_20260827_0900,2026-08-27 09:00:00
2026-04-01,74657362,1108,0,340.5414609232,-340.5414609232,-340.5414609232,0E-7,8,2,0.07439022500000000,0.074390225000,-0.4009211503350598,-0.4009211503350598,-0.4009211503350598,0E-17,ELIGIBLE,R03b_20260811_FULL_v1,L1_ELIGIBILITY,v2026-08-11,2026-03-21..2026-08-06,baccarat_bet02_101_all_pairs_incl_sentinel,round_win = game_pnl > 0 (decisive only),COMPATIBILITY_ONLY_NOT_PRODUCTION,234885.8996,214754.2105,9869.7735,3689,3015,-0.04201944,-0.00608590,-0.04816467,-0.04201944,-9869.7735,234885.8996,OK,0.0000,394.7909,4.0000,96.0000,AG03-UNRESOLVED,ALL5_LEVELS_bet23_to_bet27,394.7909,394.7909,394.7909,394.7909,394.7909,4.000000,4.000000,4.000000,4.000000,4.000000,96.000000,96.000000,96.000000,96.000000,96.000000,5.0,1973.9547,1822.2297,7895.8188,8047.5438,PENDING_AG03,FALSE,NOT_FOR_ENFORCEMENT,9474.9825,206164.0421,9869.7735,9474.9825,394.7909,0.04201944,0.04033866,394.7909,9474.9825,0.04033866,394.7909,394.7909,394.7909,394.7909,394.7909,9474.9825,0.04033866,1973.9547,1822.2297,7895.8188,8047.5438,0.03361555,0.0342615,0.00168078,63.6720,71.2286,3.2736,143.0402,5.0692,3404.1435,43.6957,64.4793,63.5359,42.5677,43.0663,85.2079,124.7713,127.8119,154.8004,42.604,-41.336,2.967791,3.594466,1.478463,30,203,130,8,0.14604117,0.04201944,0.00608590,0E-8,0.000000,0.914292,0.640282,0.04207877,2026-03-23,2026-08-04,69,1947,1162,135,0.511111,1.014849,1.012680,0.486804,,,,,,,,GLOBAL_BASELINE_NO_ENTITY_RANKING,,,NOT_APPLICABLE_GLOBAL_BASELINE,HF9g-P5,,,,X 全窗基线 · 不参与实体赏罚,15050041,1506,A168_HF9F_20260827_0900,2026-08-27 09:00:00
2026-04-01,74657362,1210,0,170.2707304614,0E-10,0E-10,0.5000000,2,2,0.49324550000000000,0.493245500000,0.01910635448239258,0.01910635448239258,0.01910635448239258,0E-17,ELIGIBLE,R03b_20260811_FULL_v1,L1_ELIGIBILITY,v2026-08-11,2026-03-21..2026-08-06,baccarat_bet02_101_all_pairs_incl_sentinel,round_win = game_pnl > 0 (decisive only),COMPATIBILITY_ONLY_NOT_PRODUCTION,234885.8996,214754.2105,9869.7735,3689,3015,-0.04201944,-0.00608590,-0.04816467,-0.04201944,-9869.7735,234885.8996,OK,0.0000,394.7909,4.0000,96.0000,AG03-UNRESOLVED,ALL5_LEVELS_bet23_to_bet27,394.7909,394.7909,394.7909,394.7909,394.7909,4.000000,4.000000,4.000000,4.000000,4.000000,96.000000,96.000000,96.000000,96.000000,96.000000,5.0,1973.9547,1822.2297,7895.8188,8047.5438,PENDING_AG03,FALSE,NOT_FOR_ENFORCEMENT,9474.9825,206164.0421,9869.7735,9474.9825,394.7909,0.04201944,0.04033866,394.7909,9474.9825,0.04033866,394.7909,394.7909,394.7909,394.7909,394.7909,9474.9825,0.04033866,1973.9547,1822.2297,7895.8188,8047.5438,0.03361555,0.0342615,0.00168078,63.6720,71.2286,3.2736,143.0402,5.0692,3404.1435,43.6957,64.4793,63.5359,42.5677,43.0663,85.2079,124.7713,127.8119,154.8004,42.604,-41.336,2.967791,3.594466,1.478463,30,203,130,8,0.14604117,0.04201944,0.00608590,0E-8,0.000000,0.914292,0.640282,0.04207877,2026-03-23,2026-08-04,69,1947,1162,135,0.511111,1.014849,1.012680,0.486804,,,,,,,,GLOBAL_BASELINE_NO_ENTITY_RANKING,,,NOT_APPLICABLE_GLOBAL_BASELINE,HF9g-P5,,,,X 全窗基线 · 不参与实体赏罚,15050042,1506,A168_HF9F_20260827_0900,2026-08-27 09:00:00
2026-04-01,74657362,1307,0,85.1353652307,85.1353652307,85.1353652307,1.0000000,1,1,0.49324550000000000,0.493245500000,1.01360149184955,1.01360149184955,1.01360149184955,0E-17,ELIGIBLE,R03b_20260811_FULL_v1,L1_ELIGIBILITY,v2026-08-11,2026-03-21..2026-08-06,baccarat_bet02_101_all_pairs_incl_sentinel,round_win = game_pnl > 0 (decisive only),COMPATIBILITY_ONLY_NOT_PRODUCTION,234885.8996,214754.2105,9869.7735,3689,3015,-0.04201944,-0.00608590,-0.04816467,-0.04201944,-9869.7735,234885.8996,OK,0.0000,394.7909,4.0000,96.0000,AG03-UNRESOLVED,ALL5_LEVELS_bet23_to_bet27,394.7909,394.7909,394.7909,394.7909,394.7909,4.000000,4.000000,4.000000,4.000000,4.000000,96.000000,96.000000,96.000000,96.000000,96.000000,5.0,1973.9547,1822.2297,7895.8188,8047.5438,PENDING_AG03,FALSE,NOT_FOR_ENFORCEMENT,9474.9825,206164.0421,9869.7735,9474.9825,394.7909,0.04201944,0.04033866,394.7909,9474.9825,0.04033866,394.7909,394.7909,394.7909,394.7909,394.7909,9474.9825,0.04033866,1973.9547,1822.2297,7895.8188,8047.5438,0.03361555,0.0342615,0.00168078,63.6720,71.2286,3.2736,143.0402,5.0692,3404.1435,43.6957,64.4793,63.5359,42.5677,43.0663,85.2079,124.7713,127.8119,154.8004,42.604,-41.336,2.967791,3.594466,1.478463,30,203,130,8,0.14604117,0.04201944,0.00608590,0E-8,0.000000,0.914292,0.640282,0.04207877,2026-03-23,2026-08-04,69,1947,1162,135,0.511111,1.014849,1.012680,0.486804,,,,,,,,GLOBAL_BASELINE_NO_ENTITY_RANKING,,,NOT_APPLICABLE_GLOBAL_BASELINE,HF9g-P5,,,,X 全窗基线 · 不参与实体赏罚,15050043,1506,A168_HF9F_20260827_0900,2026-08-27 09:00:00
2026-04-01,74657362,1383,0,42.5676826154,-42.5676826154,-42.5676826154,0E-7,1,1,0.49324550000000000,0.493245500000,-0.9865810262130424,-0.9865810262130424,-0.9865810262130424,0E-17,ELIGIBLE,R03b_20260811_FULL_v1,L1_ELIGIBILITY,v2026-08-11,2026-03-21..2026-08-06,baccarat_bet02_101_all_pairs_incl_sentinel,round_win = game_pnl > 0 (decisive only),COMPATIBILITY_ONLY_NOT_PRODUCTION,234885.8996,214754.2105,9869.7735,3689,3015,-0.04201944,-0.00608590,-0.04816467,-0.04201944,-9869.7735,234885.8996,OK,0.0000,394.7909,4.0000,96.0000,AG03-UNRESOLVED,ALL5_LEVELS_bet23_to_bet27,394.7909,394.7909,394.7909,394.7909,394.7909,4.000000,4.000000,4.000000,4.000000,4.000000,96.000000,96.000000,96.000000,96.000000,96.000000,5.0,1973.9547,1822.2297,7895.8188,8047.5438,PENDING_AG03,FALSE,NOT_FOR_ENFORCEMENT,9474.9825,206164.0421,9869.7735,9474.9825,394.7909,0.04201944,0.04033866,394.7909,9474.9825,0.04033866,394.7909,394.7909,394.7909,394.7909,394.7909,9474.9825,0.04033866,1973.9547,1822.2297,7895.8188,8047.5438,0.03361555,0.0342615,0.00168078,63.6720,71.2286,3.2736,143.0402,5.0692,3404.1435,43.6957,64.4793,63.5359,42.5677,43.0663,85.2079,124.7713,127.8119,154.8004,42.604,-41.336,2.967791,3.594466,1.478463,30,203,130,8,0.14604117,0.04201944,0.00608590,0E-8,0.000000,0.914292,0.640282,0.04207877,2026-03-23,2026-08-04,69,1947,1162,135,0.511111,1.014849,1.012680,0.486804,,,,,,,,GLOBAL_BASELINE_NO_ENTITY_RANKING,,,NOT_APPLICABLE_GLOBAL_BASELINE,HF9g-P5,,,,X 全窗基线 · 不参与实体赏罚,15050044,1506,A168_HF9F_20260827_0900,2026-08-27 09:00:00
2026-04-01,74657362,1401,0,170.2707304615,-170.2707304615,-170.2707304615,0E-7,2,1,0.39337837499993348,0.280106050000,-0.8052788575960974,-0.6237735893609975,-0.8052788575960974,0.11327232499993348,ELIGIBLE,R03b_20260811_FULL_v1,L1_ELIGIBILITY,v2026-08-11,2026-03-21..2026-08-06,baccarat_bet02_101_all_pairs_incl_sentinel,round_win = game_pnl > 0 (decisive only),COMPATIBILITY_ONLY_NOT_PRODUCTION,234885.8996,214754.2105,9869.7735,3689,3015,-0.04201944,-0.00608590,-0.04816467,-0.04201944,-9869.7735,234885.8996,OK,0.0000,394.7909,4.0000,96.0000,AG03-UNRESOLVED,ALL5_LEVELS_bet23_to_bet27,394.7909,394.7909,394.7909,394.7909,394.7909,4.000000,4.000000,4.000000,4.000000,4.000000,96.000000,96.000000,96.000000,96.000000,96.000000,5.0,1973.9547,1822.2297,7895.8188,8047.5438,PENDING_AG03,FALSE,NOT_FOR_ENFORCEMENT,9474.9825,206164.0421,9869.7735,9474.9825,394.7909,0.04201944,0.04033866,394.7909,9474.9825,0.04033866,394.7909,394.7909,394.7909,394.7909,394.7909,9474.9825,0.04033866,1973.9547,1822.2297,7895.8188,8047.5438,0.03361555,0.0342615,0.00168078,63.6720,71.2286,3.2736,143.0402,5.0692,3404.1435,43.6957,64.4793,63.5359,42.5677,43.0663,85.2079,124.7713,127.8119,154.8004,42.604,-41.336,2.967791,3.594466,1.478463,30,203,130,8,0.14604117,0.04201944,0.00608590,0E-8,0.000000,0.914292,0.640282,0.04207877,2026-03-23,2026-08-04,69,1947,1162,135,0.511111,1.014849,1.012680,0.486804,,,,,,,,GLOBAL_BASELINE_NO_ENTITY_RANKING,,,NOT_APPLICABLE_GLOBAL_BASELINE,HF9g-P5,,,,X 全窗基线 · 不参与实体赏罚,15050045,1506,A168_HF9F_20260827_0900,2026-08-27 09:00:00
2026-04-01,74657362,1402,0,85.1353652307,-85.1353652307,-85.1353652307,0E-7,1,1,0.49324550000000000,0.493245500000,-0.9865810262130424,-0.9865810262130424,-0.9865810262130424,0E-17,ELIGIBLE,R03b_20260811_FULL_v1,L1_ELIGIBILITY,v2026-08-11,2026-03-21..2026-08-06,baccarat_bet02_101_all_pairs_incl_sentinel,round_win = game_pnl > 0 (decisive only),COMPATIBILITY_ONLY_NOT_PRODUCTION,234885.8996,214754.2105,9869.7735,3689,3015,-0.04201944,-0.00608590,-0.04816467,-0.04201944,-9869.7735,234885.8996,OK,0.0000,394.7909,4.0000,96.0000,AG03-UNRESOLVED,ALL5_LEVELS_bet23_to_bet27,394.7909,394.7909,394.7909,394.7909,394.7909,4.000000,4.000000,4.000000,4.000000,4.000000,96.000000,96.000000,96.000000,96.000000,96.000000,5.0,1973.9547,1822.2297,7895.8188,8047.5438,PENDING_AG03,FALSE,NOT_FOR_ENFORCEMENT,9474.9825,206164.0421,9869.7735,9474.9825,394.7909,0.04201944,0.04033866,394.7909,9474.9825,0.04033866,394.7909,394.7909,394.7909,394.7909,394.7909,9474.9825,0.04033866,1973.9547,1822.2297,7895.8188,8047.5438,0.03361555,0.0342615,0.00168078,63.6720,71.2286,3.2736,143.0402,5.0692,3404.1435,43.6957,64.4793,63.5359,42.5677,43.0663,85.2079,124.7713,127.8119,154.8004,42.604,-41.336,2.967791,3.594466,1.478463,30,203,130,8,0.14604117,0.04201944,0.00608590,0E-8,0.000000,0.914292,0.640282,0.04207877,2026-03-23,2026-08-04,69,1947,1162,135,0.511111,1.014849,1.012680,0.486804,,,,,,,,GLOBAL_BASELINE_NO_ENTITY_RANKING,,,NOT_APPLICABLE_GLOBAL_BASELINE,HF9g-P5,,,,X 全窗基线 · 不参与实体赏罚,15050046,1506,A168_HF9F_20260827_0900,2026-08-27 09:00:00
2026-04-01,74657362,1505,0,170.2707304615,85.1353652307,85.1353652307,1.0000000,2,1,0.39337837499993348,0.280106050000,1.2418058546640356,1.6031457840727341,1.2418058546640356,0.11327232499993348,ELIGIBLE,R03b_20260811_FULL_v1,L1_ELIGIBILITY,v2026-08-11,2026-03-21..2026-08-06,baccarat_bet02_101_all_pairs_incl_sentinel,round_win = game_pnl > 0 (decisive only),COMPATIBILITY_ONLY_NOT_PRODUCTION,234885.8996,214754.2105,9869.7735,3689,3015,-0.04201944,-0.00608590,-0.04816467,-0.04201944,-9869.7735,234885.8996,OK,0.0000,394.7909,4.0000,96.0000,AG03-UNRESOLVED,ALL5_LEVELS_bet23_to_bet27,394.7909,394.7909,394.7909,394.7909,394.7909,4.000000,4.000000,4.000000,4.000000,4.000000,96.000000,96.000000,96.000000,96.000000,96.000000,5.0,1973.9547,1822.2297,7895.8188,8047.5438,PENDING_AG03,FALSE,NOT_FOR_ENFORCEMENT,9474.9825,206164.0421,9869.7735,9474.9825,394.7909,0.04201944,0.04033866,394.7909,9474.9825,0.04033866,394.7909,394.7909,394.7909,394.7909,394.7909,9474.9825,0.04033866,1973.9547,1822.2297,7895.8188,8047.5438,0.03361555,0.0342615,0.00168078,63.6720,71.2286,3.2736,143.0402,5.0692,3404.1435,43.6957,64.4793,63.5359,42.5677,43.0663,85.2079,124.7713,127.8119,154.8004,42.604,-41.336,2.967791,3.594466,1.478463,30,203,130,8,0.14604117,0.04201944,0.00608590,0E-8,0.000000,0.914292,0.640282,0.04207877,2026-03-23,2026-08-04,69,1947,1162,135,0.511111,1.014849,1.012680,0.486804,,,,,,,,GLOBAL_BASELINE_NO_ENTITY_RANKING,,,NOT_APPLICABLE_GLOBAL_BASELINE,HF9g-P5,,,,X 全窗基线 · 不参与实体赏罚,15050047,1506,A168_HF9F_20260827_0900,2026-08-27 09:00:00
2026-04-01,74657362,1507,0,1021.6243827696,-1.0E-9,-1.0E-9,0.3333333,24,6,0.07439022500000000,0.074390225000,2.4171749218376077,2.4171749218376077,2.4171749218376077,0E-17,ELIGIBLE,R03b_20260811_FULL_v1,L1_ELIGIBILITY,v2026-08-11,2026-03-21..2026-08-06,baccarat_bet02_101_all_pairs_incl_sentinel,round_win = game_pnl > 0 (decisive only),COMPATIBILITY_ONLY_NOT_PRODUCTION,234885.8996,214754.2105,9869.7735,3689,3015,-0.04201944,-0.00608590,-0.04816467,-0.04201944,-9869.7735,234885.8996,OK,0.0000,394.7909,4.0000,96.0000,AG03-UNRESOLVED,ALL5_LEVELS_bet23_to_bet27,394.7909,394.7909,394.7909,394.7909,394.7909,4.000000,4.000000,4.000000,4.000000,4.000000,96.000000,96.000000,96.000000,96.000000,96.000000,5.0,1973.9547,1822.2297,7895.8188,8047.5438,PENDING_AG03,FALSE,NOT_FOR_ENFORCEMENT,9474.9825,206164.0421,9869.7735,9474.9825,394.7909,0.04201944,0.04033866,394.7909,9474.9825,0.04033866,394.7909,394.7909,394.7909,394.7909,394.7909,9474.9825,0.04033866,1973.9547,1822.2297,7895.8188,8047.5438,0.03361555,0.0342615,0.00168078,63.6720,71.2286,3.2736,143.0402,5.0692,3404.1435,43.6957,64.4793,63.5359,42.5677,43.0663,85.2079,124.7713,127.8119,154.8004,42.604,-41.336,2.967791,3.594466,1.478463,30,203,130,8,0.14604117,0.04201944,0.00608590,0E-8,0.000000,0.914292,0.640282,0.04207877,2026-03-23,2026-08-04,69,1947,1162,135,0.511111,1.014849,1.012680,0.486804,,,,,,,,GLOBAL_BASELINE_NO_ENTITY_RANKING,,,NOT_APPLICABLE_GLOBAL_BASELINE,HF9g-P5,,,,X 全窗基线 · 不参与实体赏罚,15050048,1506,A168_HF9F_20260827_0900,2026-08-27 09:00:00
2026-04-01,74657362,1646,0,170.2707304614,-170.2707304614,-170.2707304614,0E-7,2,2,0.49994810000000000,0.499948100000,-1.4140667746232096,-1.4140667746232096,-1.4140667746232096,0E-17,ELIGIBLE,R03b_20260811_FULL_v1,L1_ELIGIBILITY,v2026-08-11,2026-03-21..2026-08-06,baccarat_bet02_101_all_pairs_incl_sentinel,round_win = game_pnl > 0 (decisive only),COMPATIBILITY_ONLY_NOT_PRODUCTION,234885.8996,214754.2105,9869.7735,3689,3015,-0.04201944,-0.00608590,-0.04816467,-0.04201944,-9869.7735,234885.8996,OK,0.0000,394.7909,4.0000,96.0000,AG03-UNRESOLVED,ALL5_LEVELS_bet23_to_bet27,394.7909,394.7909,394.7909,394.7909,394.7909,4.000000,4.000000,4.000000,4.000000,4.000000,96.000000,96.000000,96.000000,96.000000,96.000000,5.0,1973.9547,1822.2297,7895.8188,8047.5438,PENDING_AG03,FALSE,NOT_FOR_ENFORCEMENT,9474.9825,206164.0421,9869.7735,9474.9825,394.7909,0.04201944,0.04033866,394.7909,9474.9825,0.04033866,394.7909,394.7909,394.7909,394.7909,394.7909,9474.9825,0.04033866,1973.9547,1822.2297,7895.8188,8047.5438,0.03361555,0.0342615,0.00168078,63.6720,71.2286,3.2736,143.0402,5.0692,3404.1435,43.6957,64.4793,63.5359,42.5677,43.0663,85.2079,124.7713,127.8119,154.8004,42.604,-41.336,2.967791,3.594466,1.478463,30,203,130,8,0.14604117,0.04201944,0.00608590,0E-8,0.000000,0.914292,0.640282,0.04207877,2026-03-23,2026-08-04,69,1947,1162,135,0.511111,1.014849,1.012680,0.486804,,,,,,,,GLOBAL_BASELINE_NO_ENTITY_RANKING,,,NOT_APPLICABLE_GLOBAL_BASELINE,HF9g-P5,,,,X 全窗基线 · 不参与实体赏罚,15050049,1506,A168_HF9F_20260827_0900,2026-08-27 09:00:00
2026-04-01,74657362,1935,0,340.5414609231,170.2707304612,170.2707304612,0.5000000,6,2,0.23388429999996674,0.177248137500,0.889073731996163,1.1952492441256974,0.889073731996163,0.05663616249996674,ELIGIBLE,R03b_20260811_FULL_v1,L1_ELIGIBILITY,v2026-08-11,2026-03-21..2026-08-06,baccarat_bet02_101_all_pairs_incl_sentinel,round_win = game_pnl > 0 (decisive only),COMPATIBILITY_ONLY_NOT_PRODUCTION,234885.8996,214754.2105,9869.7735,3689,3015,-0.04201944,-0.00608590,-0.04816467,-0.04201944,-9869.7735,234885.8996,OK,0.0000,394.7909,4.0000,96.0000,AG03-UNRESOLVED,ALL5_LEVELS_bet23_to_bet27,394.7909,394.7909,394.7909,394.7909,394.7909,4.000000,4.000000,4.000000,4.000000,4.000000,96.000000,96.000000,96.000000,96.000000,96.000000,5.0,1973.9547,1822.2297,7895.8188,8047.5438,PENDING_AG03,FALSE,NOT_FOR_ENFORCEMENT,9474.9825,206164.0421,9869.7735,9474.9825,394.7909,0.04201944,0.04033866,394.7909,9474.9825,0.04033866,394.7909,394.7909,394.7909,394.7909,394.7909,9474.9825,0.04033866,1973.9547,1822.2297,7895.8188,8047.5438,0.03361555,0.0342615,0.00168078,63.6720,71.2286,3.2736,143.0402,5.0692,3404.1435,43.6957,64.4793,63.5359,42.5677,43.0663,85.2079,124.7713,127.8119,154.8004,42.604,-41.336,2.967791,3.594466,1.478463,30,203,130,8,0.14604117,0.04201944,0.00608590,0E-8,0.000000,0.914292,0.640282,0.04207877,2026-03-23,2026-08-04,69,1947,1162,135,0.511111,1.014849,1.012680,0.486804,,,,,,,,GLOBAL_BASELINE_NO_ENTITY_RANKING,,,NOT_APPLICABLE_GLOBAL_BASELINE,HF9g-P5,,,,X 全窗基线 · 不参与实体赏罚,15050050,1506,A168_HF9F_20260827_0900,2026-08-27 09:00:00
2026-04-01,74657362,1985,0,170.2707304615,-170.2707304615,-170.2707304615,0E-7,2,1,0.39337837499993348,0.280106050000,-0.8052788575960974,-0.6237735893609975,-0.8052788575960974,0.11327232499993348,ELIGIBLE,R03b_20260811_FULL_v1,L1_ELIGIBILITY,v2026-08-11,2026-03-21..2026-08-06,baccarat_bet02_101_all_pairs_incl_sentinel,round_win = game_pnl > 0 (decisive only),COMPATIBILITY_ONLY_NOT_PRODUCTION,234885.8996,214754.2105,9869.7735,3689,3015,-0.04201944,-0.00608590,-0.04816467,-0.04201944,-9869.7735,234885.8996,OK,0.0000,394.7909,4.0000,96.0000,AG03-UNRESOLVED,ALL5_LEVELS_bet23_to_bet27,394.7909,394.7909,394.7909,394.7909,394.7909,4.000000,4.000000,4.000000,4.000000,4.000000,96.000000,96.000000,96.000000,96.000000,96.000000,5.0,1973.9547,1822.2297,7895.8188,8047.5438,PENDING_AG03,FALSE,NOT_FOR_ENFORCEMENT,9474.9825,206164.0421,9869.7735,9474.9825,394.7909,0.04201944,0.04033866,394.7909,9474.9825,0.04033866,394.7909,394.7909,394.7909,394.7909,394.7909,9474.9825,0.04033866,1973.9547,1822.2297,7895.8188,8047.5438,0.03361555,0.0342615,0.00168078,63.6720,71.2286,3.2736,143.0402,5.0692,3404.1435,43.6957,64.4793,63.5359,42.5677,43.0663,85.2079,124.7713,127.8119,154.8004,42.604,-41.336,2.967791,3.594466,1.478463,30,203,130,8,0.14604117,0.04201944,0.00608590,0E-8,0.000000,0.914292,0.640282,0.04207877,2026-03-23,2026-08-04,69,1947,1162,135,0.511111,1.014849,1.012680,0.486804,,,,,,,,GLOBAL_BASELINE_NO_ENTITY_RANKING,,,NOT_APPLICABLE_GLOBAL_BASELINE,HF9g-P5,,,,X 全窗基线 · 不参与实体赏罚,15050051,1506,A168_HF9F_20260827_0900,2026-08-27 09:00:00
2026-04-01,74657362,2088,0,127.7030478461,-127.7030478461,-127.7030478461,0E-7,2,2,0.49324550000000000,0.493245500000,-1.3952362676504506,-1.3952362676504506,-1.3952362676504506,0E-17,ELIGIBLE,R03b_20260811_FULL_v1,L1_ELIGIBILITY,v2026-08-11,2026-03-21..2026-08-06,baccarat_bet02_101_all_pairs_incl_sentinel,round_win = game_pnl > 0 (decisive only),COMPATIBILITY_ONLY_NOT_PRODUCTION,234885.8996,214754.2105,9869.7735,3689,3015,-0.04201944,-0.00608590,-0.04816467,-0.04201944,-9869.7735,234885.8996,OK,0.0000,394.7909,4.0000,96.0000,AG03-UNRESOLVED,ALL5_LEVELS_bet23_to_bet27,394.7909,394.7909,394.7909,394.7909,394.7909,4.000000,4.000000,4.000000,4.000000,4.000000,96.000000,96.000000,96.000000,96.000000,96.000000,5.0,1973.9547,1822.2297,7895.8188,8047.5438,PENDING_AG03,FALSE,NOT_FOR_ENFORCEMENT,9474.9825,206164.0421,9869.7735,9474.9825,394.7909,0.04201944,0.04033866,394.7909,9474.9825,0.04033866,394.7909,394.7909,394.7909,394.7909,394.7909,9474.9825,0.04033866,1973.9547,1822.2297,7895.8188,8047.5438,0.03361555,0.0342615,0.00168078,63.6720,71.2286,3.2736,143.0402,5.0692,3404.1435,43.6957,64.4793,63.5359,42.5677,43.0663,85.2079,124.7713,127.8119,154.8004,42.604,-41.336,2.967791,3.594466,1.478463,30,203,130,8,0.14604117,0.04201944,0.00608590,0E-8,0.000000,0.914292,0.640282,0.04207877,2026-03-23,2026-08-04,69,1947,1162,135,0.511111,1.014849,1.012680,0.486804,,,,,,,,GLOBAL_BASELINE_NO_ENTITY_RANKING,,,NOT_APPLICABLE_GLOBAL_BASELINE,HF9g-P5,,,,X 全窗基线 · 不参与实体赏罚,15050052,1506,A168_HF9F_20260827_0900,2026-08-27 09:00:00
2026-04-01,74657362,2090,0,127.7030478462,127.7030478462,127.7030478462,1.0000000,3,3,0.49771390000000000,0.497713900000,1.739988277604938,1.739988277604938,1.739988277604938,0E-17,ELIGIBLE,R03b_20260811_FULL_v1,L1_ELIGIBILITY,v2026-08-11,2026-03-21..2026-08-06,baccarat_bet02_101_all_pairs_incl_sentinel,round_win = game_pnl > 0 (decisive only),COMPATIBILITY_ONLY_NOT_PRODUCTION,234885.8996,214754.2105,9869.7735,3689,3015,-0.04201944,-0.00608590,-0.04816467,-0.04201944,-9869.7735,234885.8996,OK,0.0000,394.7909,4.0000,96.0000,AG03-UNRESOLVED,ALL5_LEVELS_bet23_to_bet27,394.7909,394.7909,394.7909,394.7909,394.7909,4.000000,4.000000,4.000000,4.000000,4.000000,96.000000,96.000000,96.000000,96.000000,96.000000,5.0,1973.9547,1822.2297,7895.8188,8047.5438,PENDING_AG03,FALSE,NOT_FOR_ENFORCEMENT,9474.9825,206164.0421,9869.7735,9474.9825,394.7909,0.04201944,0.04033866,394.7909,9474.9825,0.04033866,394.7909,394.7909,394.7909,394.7909,394.7909,9474.9825,0.04033866,1973.9547,1822.2297,7895.8188,8047.5438,0.03361555,0.0342615,0.00168078,63.6720,71.2286,3.2736,143.0402,5.0692,3404.1435,43.6957,64.4793,63.5359,42.5677,43.0663,85.2079,124.7713,127.8119,154.8004,42.604,-41.336,2.967791,3.594466,1.478463,30,203,130,8,0.14604117,0.04201944,0.00608590,0E-8,0.000000,0.914292,0.640282,0.04207877,2026-03-23,2026-08-04,69,1947,1162,135,0.511111,1.014849,1.012680,0.486804,,,,,,,,GLOBAL_BASELINE_NO_ENTITY_RANKING,,,NOT_APPLICABLE_GLOBAL_BASELINE,HF9g-P5,,,,X 全窗基线 · 不参与实体赏罚,15050053,1506,A168_HF9F_20260827_0900,2026-08-27 09:00:00
2026-04-01,74657362,2115,0,340.5414609230,-212.8384130769,-212.8384130769,0E-7,4,2,0.39337837499993348,0.280106050000,-1.1388362819047133,-0.8821490699244685,-1.1388362819047133,0.11327232499993348,ELIGIBLE,R03b_20260811_FULL_v1,L1_ELIGIBILITY,v2026-08-11,2026-03-21..2026-08-06,baccarat_bet02_101_all_pairs_incl_sentinel,round_win = game_pnl > 0 (decisive only),COMPATIBILITY_ONLY_NOT_PRODUCTION,234885.8996,214754.2105,9869.7735,3689,3015,-0.04201944,-0.00608590,-0.04816467,-0.04201944,-9869.7735,234885.8996,OK,0.0000,394.7909,4.0000,96.0000,AG03-UNRESOLVED,ALL5_LEVELS_bet23_to_bet27,394.7909,394.7909,394.7909,394.7909,394.7909,4.000000,4.000000,4.000000,4.000000,4.000000,96.000000,96.000000,96.000000,96.000000,96.000000,5.0,1973.9547,1822.2297,7895.8188,8047.5438,PENDING_AG03,FALSE,NOT_FOR_ENFORCEMENT,9474.9825,206164.0421,9869.7735,9474.9825,394.7909,0.04201944,0.04033866,394.7909,9474.9825,0.04033866,394.7909,394.7909,394.7909,394.7909,394.7909,9474.9825,0.04033866,1973.9547,1822.2297,7895.8188,8047.5438,0.03361555,0.0342615,0.00168078,63.6720,71.2286,3.2736,143.0402,5.0692,3404.1435,43.6957,64.4793,63.5359,42.5677,43.0663,85.2079,124.7713,127.8119,154.8004,42.604,-41.336,2.967791,3.594466,1.478463,30,203,130,8,0.14604117,0.04201944,0.00608590,0E-8,0.000000,0.914292,0.640282,0.04207877,2026-03-23,2026-08-04,69,1947,1162,135,0.511111,1.014849,1.012680,0.486804,,,,,,,,GLOBAL_BASELINE_NO_ENTITY_RANKING,,,NOT_APPLICABLE_GLOBAL_BASELINE,HF9g-P5,,,,X 全窗基线 · 不参与实体赏罚,15050054,1506,A168_HF9F_20260827_0900,2026-08-27 09:00:00
2026-04-01,74657362,2129,0,22.1351949600,-22.1351949600,-22.1351949600,0E-7,1,1,0.50665070000000000,0.506650700000,-1.013391052207602,-1.013391052207602,-1.013391052207602,0E-17,ELIGIBLE,R03b_20260811_FULL_v1,L1_ELIGIBILITY,v2026-08-11,2026-03-21..2026-08-06,baccarat_bet02_101_all_pairs_incl_sentinel,round_win = game_pnl > 0 (decisive only),COMPATIBILITY_ONLY_NOT_PRODUCTION,234885.8996,214754.2105,9869.7735,3689,3015,-0.04201944,-0.00608590,-0.04816467,-0.04201944,-9869.7735,234885.8996,OK,0.0000,394.7909,4.0000,96.0000,AG03-UNRESOLVED,ALL5_LEVELS_bet23_to_bet27,394.7909,394.7909,394.7909,394.7909,394.7909,4.000000,4.000000,4.000000,4.000000,4.000000,96.000000,96.000000,96.000000,96.000000,96.000000,5.0,1973.9547,1822.2297,7895.8188,8047.5438,PENDING_AG03,FALSE,NOT_FOR_ENFORCEMENT,9474.9825,206164.0421,9869.7735,9474.9825,394.7909,0.04201944,0.04033866,394.7909,9474.9825,0.04033866,394.7909,394.7909,394.7909,394.7909,394.7909,9474.9825,0.04033866,1973.9547,1822.2297,7895.8188,8047.5438,0.03361555,0.0342615,0.00168078,63.6720,71.2286,3.2736,143.0402,5.0692,3404.1435,43.6957,64.4793,63.5359,42.5677,43.0663,85.2079,124.7713,127.8119,154.8004,42.604,-41.336,2.967791,3.594466,1.478463,30,203,130,8,0.14604117,0.04201944,0.00608590,0E-8,0.000000,0.914292,0.640282,0.04207877,2026-03-23,2026-08-04,69,1947,1162,135,0.511111,1.014849,1.012680,0.486804,,,,,,,,GLOBAL_BASELINE_NO_ENTITY_RANKING,,,NOT_APPLICABLE_GLOBAL_BASELINE,HF9g-P5,,,,X 全窗基线 · 不参与实体赏罚,15050055,1506,A168_HF9F_20260827_0900,2026-08-27 09:00:00
2026-04-01,74657362,2134,0,403.5416311938,383.9604971904,383.9604971904,0.3333333,6,3,0.38215318963958233,0.280106050000,-0.1740195235625019,0.20530495052270473,-0.1740195235625019,0.10204713963958233,ELIGIBLE,R03b_20260811_FULL_v1,L1_ELIGIBILITY,v2026-08-11,2026-03-21..2026-08-06,baccarat_bet02_101_all_pairs_incl_sentinel,round_win = game_pnl > 0 (decisive only),COMPATIBILITY_ONLY_NOT_PRODUCTION,234885.8996,214754.2105,9869.7735,3689,3015,-0.04201944,-0.00608590,-0.04816467,-0.04201944,-9869.7735,234885.8996,OK,0.0000,394.7909,4.0000,96.0000,AG03-UNRESOLVED,ALL5_LEVELS_bet23_to_bet27,394.7909,394.7909,394.7909,394.7909,394.7909,4.000000,4.000000,4.000000,4.000000,4.000000,96.000000,96.000000,96.000000,96.000000,96.000000,5.0,1973.9547,1822.2297,7895.8188,8047.5438,PENDING_AG03,FALSE,NOT_FOR_ENFORCEMENT,9474.9825,206164.0421,9869.7735,9474.9825,394.7909,0.04201944,0.04033866,394.7909,9474.9825,0.04033866,394.7909,394.7909,394.7909,394.7909,394.7909,9474.9825,0.04033866,1973.9547,1822.2297,7895.8188,8047.5438,0.03361555,0.0342615,0.00168078,63.6720,71.2286,3.2736,143.0402,5.0692,3404.1435,43.6957,64.4793,63.5359,42.5677,43.0663,85.2079,124.7713,127.8119,154.8004,42.604,-41.336,2.967791,3.594466,1.478463,30,203,130,8,0.14604117,0.04201944,0.00608590,0E-8,0.000000,0.914292,0.640282,0.04207877,2026-03-23,2026-08-04,69,1947,1162,135,0.511111,1.014849,1.012680,0.486804,,,,,,,,GLOBAL_BASELINE_NO_ENTITY_RANKING,,,NOT_APPLICABLE_GLOBAL_BASELINE,HF9g-P5,,,,X 全窗基线 · 不参与实体赏罚,15050056,1506,A168_HF9F_20260827_0900,2026-08-27 09:00:00
2026-04-01,74657362,2142,0,212.8384130768,-212.8384130768,-212.8384130768,0E-7,2,1,0.41603283999991485,0.280106050000,-0.8440527600277202,-0.6237735893609975,-0.8440527600277202,0.13592678999991485,ELIGIBLE,R03b_20260811_FULL_v1,L1_ELIGIBILITY,v2026-08-11,2026-03-21..2026-08-06,baccarat_bet02_101_all_pairs_incl_sentinel,round_win = game_pnl > 0 (decisive only),COMPATIBILITY_ONLY_NOT_PRODUCTION,234885.8996,214754.2105,9869.7735,3689,3015,-0.04201944,-0.00608590,-0.04816467,-0.04201944,-9869.7735,234885.8996,OK,0.0000,394.7909,4.0000,96.0000,AG03-UNRESOLVED,ALL5_LEVELS_bet23_to_bet27,394.7909,394.7909,394.7909,394.7909,394.7909,4.000000,4.000000,4.000000,4.000000,4.000000,96.000000,96.000000,96.000000,96.000000,96.000000,5.0,1973.9547,1822.2297,7895.8188,8047.5438,PENDING_AG03,FALSE,NOT_FOR_ENFORCEMENT,9474.9825,206164.0421,9869.7735,9474.9825,394.7909,0.04201944,0.04033866,394.7909,9474.9825,0.04033866,394.7909,394.7909,394.7909,394.7909,394.7909,9474.9825,0.04033866,1973.9547,1822.2297,7895.8188,8047.5438,0.03361555,0.0342615,0.00168078,63.6720,71.2286,3.2736,143.0402,5.0692,3404.1435,43.6957,64.4793,63.5359,42.5677,43.0663,85.2079,124.7713,127.8119,154.8004,42.604,-41.336,2.967791,3.594466,1.478463,30,203,130,8,0.14604117,0.04201944,0.00608590,0E-8,0.000000,0.914292,0.640282,0.04207877,2026-03-23,2026-08-04,69,1947,1162,135,0.511111,1.014849,1.012680,0.486804,,,,,,,,GLOBAL_BASELINE_NO_ENTITY_RANKING,,,NOT_APPLICABLE_GLOBAL_BASELINE,HF9g-P5,,,,X 全窗基线 · 不参与实体赏罚,15050057,1506,A168_HF9F_20260827_0900,2026-08-27 09:00:00
2026-04-01,74657362,2152,0,85.1353652307,85.1353652307,85.1353652307,1.0000000,1,1,0.49324550000000000,0.493245500000,1.01360149184955,1.01360149184955,1.01360149184955,0E-17,ELIGIBLE,R03b_20260811_FULL_v1,L1_ELIGIBILITY,v2026-08-11,2026-03-21..2026-08-06,baccarat_bet02_101_all_pairs_incl_sentinel,round_win = game_pnl > 0 (decisive only),COMPATIBILITY_ONLY_NOT_PRODUCTION,234885.8996,214754.2105,9869.7735,3689,3015,-0.04201944,-0.00608590,-0.04816467,-0.04201944,-9869.7735,234885.8996,OK,0.0000,394.7909,4.0000,96.0000,AG03-UNRESOLVED,ALL5_LEVELS_bet23_to_bet27,394.7909,394.7909,394.7909,394.7909,394.7909,4.000000,4.000000,4.000000,4.000000,4.000000,96.000000,96.000000,96.000000,96.000000,96.000000,5.0,1973.9547,1822.2297,7895.8188,8047.5438,PENDING_AG03,FALSE,NOT_FOR_ENFORCEMENT,9474.9825,206164.0421,9869.7735,9474.9825,394.7909,0.04201944,0.04033866,394.7909,9474.9825,0.04033866,394.7909,394.7909,394.7909,394.7909,394.7909,9474.9825,0.04033866,1973.9547,1822.2297,7895.8188,8047.5438,0.03361555,0.0342615,0.00168078,63.6720,71.2286,3.2736,143.0402,5.0692,3404.1435,43.6957,64.4793,63.5359,42.5677,43.0663,85.2079,124.7713,127.8119,154.8004,42.604,-41.336,2.967791,3.594466,1.478463,30,203,130,8,0.14604117,0.04201944,0.00608590,0E-8,0.000000,0.914292,0.640282,0.04207877,2026-03-23,2026-08-04,69,1947,1162,135,0.511111,1.014849,1.012680,0.486804,,,,,,,,GLOBAL_BASELINE_NO_ENTITY_RANKING,,,NOT_APPLICABLE_GLOBAL_BASELINE,HF9g-P5,,,,X 全窗基线 · 不参与实体赏罚,15050058,1506,A168_HF9F_20260827_0900,2026-08-27 09:00:00
2026-04-01,74657362,2153,0,340.5414609232,-340.5414609232,-340.5414609232,0E-7,8,2,0.07439022500000000,0.074390225000,-0.4009211503350598,-0.4009211503350598,-0.4009211503350598,0E-17,ELIGIBLE,R03b_20260811_FULL_v1,L1_ELIGIBILITY,v2026-08-11,2026-03-21..2026-08-06,baccarat_bet02_101_all_pairs_incl_sentinel,round_win = game_pnl > 0 (decisive only),COMPATIBILITY_ONLY_NOT_PRODUCTION,234885.8996,214754.2105,9869.7735,3689,3015,-0.04201944,-0.00608590,-0.04816467,-0.04201944,-9869.7735,234885.8996,OK,0.0000,394.7909,4.0000,96.0000,AG03-UNRESOLVED,ALL5_LEVELS_bet23_to_bet27,394.7909,394.7909,394.7909,394.7909,394.7909,4.000000,4.000000,4.000000,4.000000,4.000000,96.000000,96.000000,96.000000,96.000000,96.000000,5.0,1973.9547,1822.2297,7895.8188,8047.5438,PENDING_AG03,FALSE,NOT_FOR_ENFORCEMENT,9474.9825,206164.0421,9869.7735,9474.9825,394.7909,0.04201944,0.04033866,394.7909,9474.9825,0.04033866,394.7909,394.7909,394.7909,394.7909,394.7909,9474.9825,0.04033866,1973.9547,1822.2297,7895.8188,8047.5438,0.03361555,0.0342615,0.00168078,63.6720,71.2286,3.2736,143.0402,5.0692,3404.1435,43.6957,64.4793,63.5359,42.5677,43.0663,85.2079,124.7713,127.8119,154.8004,42.604,-41.336,2.967791,3.594466,1.478463,30,203,130,8,0.14604117,0.04201944,0.00608590,0E-8,0.000000,0.914292,0.640282,0.04207877,2026-03-23,2026-08-04,69,1947,1162,135,0.511111,1.014849,1.012680,0.486804,,,,,,,,GLOBAL_BASELINE_NO_ENTITY_RANKING,,,NOT_APPLICABLE_GLOBAL_BASELINE,HF9g-P5,,,,X 全窗基线 · 不参与实体赏罚,15050059,1506,A168_HF9F_20260827_0900,2026-08-27 09:00:00
2026-04-01,74657362,2155,0,510.8121913845,-255.4060956923,-255.4060956923,0.3333333,6,3,0.39337837499993348,0.280106050000,-0.21289898594010825,0.20530495052270473,-0.21289898594010825,0.11327232499993348,ELIGIBLE,R03b_20260811_FULL_v1,L1_ELIGIBILITY,v2026-08-11,2026-03-21..2026-08-06,baccarat_bet02_101_all_pairs_incl_sentinel,round_win = game_pnl > 0 (decisive only),COMPATIBILITY_ONLY_NOT_PRODUCTION,234885.8996,214754.2105,9869.7735,3689,3015,-0.04201944,-0.00608590,-0.04816467,-0.04201944,-9869.7735,234885.8996,OK,0.0000,394.7909,4.0000,96.0000,AG03-UNRESOLVED,ALL5_LEVELS_bet23_to_bet27,394.7909,394.7909,394.7909,394.7909,394.7909,4.000000,4.000000,4.000000,4.000000,4.000000,96.000000,96.000000,96.000000,96.000000,96.000000,5.0,1973.9547,1822.2297,7895.8188,8047.5438,PENDING_AG03,FALSE,NOT_FOR_ENFORCEMENT,9474.9825,206164.0421,9869.7735,9474.9825,394.7909,0.04201944,0.04033866,394.7909,9474.9825,0.04033866,394.7909,394.7909,394.7909,394.7909,394.7909,9474.9825,0.04033866,1973.9547,1822.2297,7895.8188,8047.5438,0.03361555,0.0342615,0.00168078,63.6720,71.2286,3.2736,143.0402,5.0692,3404.1435,43.6957,64.4793,63.5359,42.5677,43.0663,85.2079,124.7713,127.8119,154.8004,42.604,-41.336,2.967791,3.594466,1.478463,30,203,130,8,0.14604117,0.04201944,0.00608590,0E-8,0.000000,0.914292,0.640282,0.04207877,2026-03-23,2026-08-04,69,1947,1162,135,0.511111,1.014849,1.012680,0.486804,,,,,,,,GLOBAL_BASELINE_NO_ENTITY_RANKING,,,NOT_APPLICABLE_GLOBAL_BASELINE,HF9g-P5,,,,X 全窗基线 · 不参与实体赏罚,15050060,1506,A168_HF9F_20260827_0900,2026-08-27 09:00:00
2026-04-01,74657362,2156,0,42.5676826154,-42.5676826154,-42.5676826154,0E-7,1,1,0.50665070000000000,0.506650700000,-1.013391052207602,-1.013391052207602,-1.013391052207602,0E-17,ELIGIBLE,R03b_20260811_FULL_v1,L1_ELIGIBILITY,v2026-08-11,2026-03-21..2026-08-06,baccarat_bet02_101_all_pairs_incl_sentinel,round_win = game_pnl > 0 (decisive only),COMPATIBILITY_ONLY_NOT_PRODUCTION,234885.8996,214754.2105,9869.7735,3689,3015,-0.04201944,-0.00608590,-0.04816467,-0.04201944,-9869.7735,234885.8996,OK,0.0000,394.7909,4.0000,96.0000,AG03-UNRESOLVED,ALL5_LEVELS_bet23_to_bet27,394.7909,394.7909,394.7909,394.7909,394.7909,4.000000,4.000000,4.000000,4.000000,4.000000,96.000000,96.000000,96.000000,96.000000,96.000000,5.0,1973.9547,1822.2297,7895.8188,8047.5438,PENDING_AG03,FALSE,NOT_FOR_ENFORCEMENT,9474.9825,206164.0421,9869.7735,9474.9825,394.7909,0.04201944,0.04033866,394.7909,9474.9825,0.04033866,394.7909,394.7909,394.7909,394.7909,394.7909,9474.9825,0.04033866,1973.9547,1822.2297,7895.8188,8047.5438,0.03361555,0.0342615,0.00168078,63.6720,71.2286,3.2736,143.0402,5.0692,3404.1435,43.6957,64.4793,63.5359,42.5677,43.0663,85.2079,124.7713,127.8119,154.8004,42.604,-41.336,2.967791,3.594466,1.478463,30,203,130,8,0.14604117,0.04201944,0.00608590,0E-8,0.000000,0.914292,0.640282,0.04207877,2026-03-23,2026-08-04,69,1947,1162,135,0.511111,1.014849,1.012680,0.486804,,,,,,,,GLOBAL_BASELINE_NO_ENTITY_RANKING,,,NOT_APPLICABLE_GLOBAL_BASELINE,HF9g-P5,,,,X 全窗基线 · 不参与实体赏罚,15050061,1506,A168_HF9F_20260827_0900,2026-08-27 09:00:00
2026-04-01,74657362,2160,0,42.5676826154,-42.5676826154,-42.5676826154,0E-7,1,1,0.49324550000000000,0.493245500000,-0.9865810262130424,-0.9865810262130424,-0.9865810262130424,0E-17,ELIGIBLE,R03b_20260811_FULL_v1,L1_ELIGIBILITY,v2026-08-11,2026-03-21..2026-08-06,baccarat_bet02_101_all_pairs_incl_sentinel,round_win = game_pnl > 0 (decisive only),COMPATIBILITY_ONLY_NOT_PRODUCTION,234885.8996,214754.2105,9869.7735,3689,3015,-0.04201944,-0.00608590,-0.04816467,-0.04201944,-9869.7735,234885.8996,OK,0.0000,394.7909,4.0000,96.0000,AG03-UNRESOLVED,ALL5_LEVELS_bet23_to_bet27,394.7909,394.7909,394.7909,394.7909,394.7909,4.000000,4.000000,4.000000,4.000000,4.000000,96.000000,96.000000,96.000000,96.000000,96.000000,5.0,1973.9547,1822.2297,7895.8188,8047.5438,PENDING_AG03,FALSE,NOT_FOR_ENFORCEMENT,9474.9825,206164.0421,9869.7735,9474.9825,394.7909,0.04201944,0.04033866,394.7909,9474.9825,0.04033866,394.7909,394.7909,394.7909,394.7909,394.7909,9474.9825,0.04033866,1973.9547,1822.2297,7895.8188,8047.5438,0.03361555,0.0342615,0.00168078,63.6720,71.2286,3.2736,143.0402,5.0692,3404.1435,43.6957,64.4793,63.5359,42.5677,43.0663,85.2079,124.7713,127.8119,154.8004,42.604,-41.336,2.967791,3.594466,1.478463,30,203,130,8,0.14604117,0.04201944,0.00608590,0E-8,0.000000,0.914292,0.640282,0.04207877,2026-03-23,2026-08-04,69,1947,1162,135,0.511111,1.014849,1.012680,0.486804,,,,,,,,GLOBAL_BASELINE_NO_ENTITY_RANKING,,,NOT_APPLICABLE_GLOBAL_BASELINE,HF9g-P5,,,,X 全窗基线 · 不参与实体赏罚,15050062,1506,A168_HF9F_20260827_0900,2026-08-27 09:00:00
2026-04-01,74657362,2167,0,64.7028775754,20.4324876554,20.4324876554,1.0000000,2,1,0.35241513157898085,0.287416500000,1.3555672644291106,1.5745702178656522,1.3555672644291106,0.06499863157898085,ELIGIBLE,R03b_20260811_FULL_v1,L1_ELIGIBILITY,v2026-08-11,2026-03-21..2026-08-06,baccarat_bet02_101_all_pairs_incl_sentinel,round_win = game_pnl > 0 (decisive only),COMPATIBILITY_ONLY_NOT_PRODUCTION,234885.8996,214754.2105,9869.7735,3689,3015,-0.04201944,-0.00608590,-0.04816467,-0.04201944,-9869.7735,234885.8996,OK,0.0000,394.7909,4.0000,96.0000,AG03-UNRESOLVED,ALL5_LEVELS_bet23_to_bet27,394.7909,394.7909,394.7909,394.7909,394.7909,4.000000,4.000000,4.000000,4.000000,4.000000,96.000000,96.000000,96.000000,96.000000,96.000000,5.0,1973.9547,1822.2297,7895.8188,8047.5438,PENDING_AG03,FALSE,NOT_FOR_ENFORCEMENT,9474.9825,206164.0421,9869.7735,9474.9825,394.7909,0.04201944,0.04033866,394.7909,9474.9825,0.04033866,394.7909,394.7909,394.7909,394.7909,394.7909,9474.9825,0.04033866,1973.9547,1822.2297,7895.8188,8047.5438,0.03361555,0.0342615,0.00168078,63.6720,71.2286,3.2736,143.0402,5.0692,3404.1435,43.6957,64.4793,63.5359,42.5677,43.0663,85.2079,124.7713,127.8119,154.8004,42.604,-41.336,2.967791,3.594466,1.478463,30,203,130,8,0.14604117,0.04201944,0.00608590,0E-8,0.000000,0.914292,0.640282,0.04207877,2026-03-23,2026-08-04,69,1947,1162,135,0.511111,1.014849,1.012680,0.486804,,,,,,,,GLOBAL_BASELINE_NO_ENTITY_RANKING,,,NOT_APPLICABLE_GLOBAL_BASELINE,HF9g-P5,,,,X 全窗基线 · 不参与实体赏罚,15050063,1506,A168_HF9F_20260827_0900,2026-08-27 09:00:00
2026-04-01,74657362,2169,0,234.9736080369,-149.8382428061,-149.8382428061,0.5000000,4,2,0.37289675328945717,0.283761275000,0.37171305681571226,0.678333096483827,0.37171305681571226,0.08913547828945717,ELIGIBLE,R03b_20260811_FULL_v1,L1_ELIGIBILITY,v2026-08-11,2026-03-21..2026-08-06,baccarat_bet02_101_all_pairs_incl_sentinel,round_win = game_pnl > 0 (decisive only),COMPATIBILITY_ONLY_NOT_PRODUCTION,234885.8996,214754.2105,9869.7735,3689,3015,-0.04201944,-0.00608590,-0.04816467,-0.04201944,-9869.7735,234885.8996,OK,0.0000,394.7909,4.0000,96.0000,AG03-UNRESOLVED,ALL5_LEVELS_bet23_to_bet27,394.7909,394.7909,394.7909,394.7909,394.7909,4.000000,4.000000,4.000000,4.000000,4.000000,96.000000,96.000000,96.000000,96.000000,96.000000,5.0,1973.9547,1822.2297,7895.8188,8047.5438,PENDING_AG03,FALSE,NOT_FOR_ENFORCEMENT,9474.9825,206164.0421,9869.7735,9474.9825,394.7909,0.04201944,0.04033866,394.7909,9474.9825,0.04033866,394.7909,394.7909,394.7909,394.7909,394.7909,9474.9825,0.04033866,1973.9547,1822.2297,7895.8188,8047.5438,0.03361555,0.0342615,0.00168078,63.6720,71.2286,3.2736,143.0402,5.0692,3404.1435,43.6957,64.4793,63.5359,42.5677,43.0663,85.2079,124.7713,127.8119,154.8004,42.604,-41.336,2.967791,3.594466,1.478463,30,203,130,8,0.14604117,0.04201944,0.00608590,0E-8,0.000000,0.914292,0.640282,0.04207877,2026-03-23,2026-08-04,69,1947,1162,135,0.511111,1.014849,1.012680,0.486804,,,,,,,,GLOBAL_BASELINE_NO_ENTITY_RANKING,,,NOT_APPLICABLE_GLOBAL_BASELINE,HF9g-P5,,,,X 全窗基线 · 不参与实体赏罚,15050064,1506,A168_HF9F_20260827_0900,2026-08-27 09:00:00
2026-04-01,74657362,2171,0,340.5414609230,-340.5414609230,-340.5414609230,0E-7,4,2,0.39337837499993348,0.280106050000,-1.1388362819047133,-0.8821490699244685,-1.1388362819047133,0.11327232499993348,ELIGIBLE,R03b_20260811_FULL_v1,L1_ELIGIBILITY,v2026-08-11,2026-03-21..2026-08-06,baccarat_bet02_101_all_pairs_incl_sentinel,round_win = game_pnl > 0 (decisive only),COMPATIBILITY_ONLY_NOT_PRODUCTION,234885.8996,214754.2105,9869.7735,3689,3015,-0.04201944,-0.00608590,-0.04816467,-0.04201944,-9869.7735,234885.8996,OK,0.0000,394.7909,4.0000,96.0000,AG03-UNRESOLVED,ALL5_LEVELS_bet23_to_bet27,394.7909,394.7909,394.7909,394.7909,394.7909,4.000000,4.000000,4.000000,4.000000,4.000000,96.000000,96.000000,96.000000,96.000000,96.000000,5.0,1973.9547,1822.2297,7895.8188,8047.5438,PENDING_AG03,FALSE,NOT_FOR_ENFORCEMENT,9474.9825,206164.0421,9869.7735,9474.9825,394.7909,0.04201944,0.04033866,394.7909,9474.9825,0.04033866,394.7909,394.7909,394.7909,394.7909,394.7909,9474.9825,0.04033866,1973.9547,1822.2297,7895.8188,8047.5438,0.03361555,0.0342615,0.00168078,63.6720,71.2286,3.2736,143.0402,5.0692,3404.1435,43.6957,64.4793,63.5359,42.5677,43.0663,85.2079,124.7713,127.8119,154.8004,42.604,-41.336,2.967791,3.594466,1.478463,30,203,130,8,0.14604117,0.04201944,0.00608590,0E-8,0.000000,0.914292,0.640282,0.04207877,2026-03-23,2026-08-04,69,1947,1162,135,0.511111,1.014849,1.012680,0.486804,,,,,,,,GLOBAL_BASELINE_NO_ENTITY_RANKING,,,NOT_APPLICABLE_GLOBAL_BASELINE,HF9g-P5,,,,X 全窗基线 · 不参与实体赏罚,15050065,1506,A168_HF9F_20260827_0900,2026-08-27 09:00:00
2026-04-01,74657362,2174,0,340.5414609230,404.3929848458,404.3929848458,0.5000000,4,2,0.39337837499993348,0.280106050000,0.30867119979773905,0.6925207201862208,0.30867119979773905,0.11327232499993348,ELIGIBLE,R03b_20260811_FULL_v1,L1_ELIGIBILITY,v2026-08-11,2026-03-21..2026-08-06,baccarat_bet02_101_all_pairs_incl_sentinel,round_win = game_pnl > 0 (decisive only),COMPATIBILITY_ONLY_NOT_PRODUCTION,234885.8996,214754.2105,9869.7735,3689,3015,-0.04201944,-0.00608590,-0.04816467,-0.04201944,-9869.7735,234885.8996,OK,0.0000,394.7909,4.0000,96.0000,AG03-UNRESOLVED,ALL5_LEVELS_bet23_to_bet27,394.7909,394.7909,394.7909,394.7909,394.7909,4.000000,4.000000,4.000000,4.000000,4.000000,96.000000,96.000000,96.000000,96.000000,96.000000,5.0,1973.9547,1822.2297,7895.8188,8047.5438,PENDING_AG03,FALSE,NOT_FOR_ENFORCEMENT,9474.9825,206164.0421,9869.7735,9474.9825,394.7909,0.04201944,0.04033866,394.7909,9474.9825,0.04033866,394.7909,394.7909,394.7909,394.7909,394.7909,9474.9825,0.04033866,1973.9547,1822.2297,7895.8188,8047.5438,0.03361555,0.0342615,0.00168078,63.6720,71.2286,3.2736,143.0402,5.0692,3404.1435,43.6957,64.4793,63.5359,42.5677,43.0663,85.2079,124.7713,127.8119,154.8004,42.604,-41.336,2.967791,3.594466,1.478463,30,203,130,8,0.14604117,0.04201944,0.00608590,0E-8,0.000000,0.914292,0.640282,0.04207877,2026-03-23,2026-08-04,69,1947,1162,135,0.511111,1.014849,1.012680,0.486804,,,,,,,,GLOBAL_BASELINE_NO_ENTITY_RANKING,,,NOT_APPLICABLE_GLOBAL_BASELINE,HF9g-P5,,,,X 全窗基线 · 不参与实体赏罚,15050066,1506,A168_HF9F_20260827_0900,2026-08-27 09:00:00
2026-04-01,74657362,2196,0,297.9737783075,42.5676826154,42.5676826154,0.6666667,4,4,0.49324550000000000,0.493245500000,0.6008033672792107,0.6008033672792106,0.6008033672792107,0E-17,ELIGIBLE,R03b_20260811_FULL_v1,L1_ELIGIBILITY,v2026-08-11,2026-03-21..2026-08-06,baccarat_bet02_101_all_pairs_incl_sentinel,round_win = game_pnl > 0 (decisive only),COMPATIBILITY_ONLY_NOT_PRODUCTION,234885.8996,214754.2105,9869.7735,3689,3015,-0.04201944,-0.00608590,-0.04816467,-0.04201944,-9869.7735,234885.8996,OK,0.0000,394.7909,4.0000,96.0000,AG03-UNRESOLVED,ALL5_LEVELS_bet23_to_bet27,394.7909,394.7909,394.7909,394.7909,394.7909,4.000000,4.000000,4.000000,4.000000,4.000000,96.000000,96.000000,96.000000,96.000000,96.000000,5.0,1973.9547,1822.2297,7895.8188,8047.5438,PENDING_AG03,FALSE,NOT_FOR_ENFORCEMENT,9474.9825,206164.0421,9869.7735,9474.9825,394.7909,0.04201944,0.04033866,394.7909,9474.9825,0.04033866,394.7909,394.7909,394.7909,394.7909,394.7909,9474.9825,0.04033866,1973.9547,1822.2297,7895.8188,8047.5438,0.03361555,0.0342615,0.00168078,63.6720,71.2286,3.2736,143.0402,5.0692,3404.1435,43.6957,64.4793,63.5359,42.5677,43.0663,85.2079,124.7713,127.8119,154.8004,42.604,-41.336,2.967791,3.594466,1.478463,30,203,130,8,0.14604117,0.04201944,0.00608590,0E-8,0.000000,0.914292,0.640282,0.04207877,2026-03-23,2026-08-04,69,1947,1162,135,0.511111,1.014849,1.012680,0.486804,,,,,,,,GLOBAL_BASELINE_NO_ENTITY_RANKING,,,NOT_APPLICABLE_GLOBAL_BASELINE,HF9g-P5,,,,X 全窗基线 · 不参与实体赏罚,15050067,1506,A168_HF9F_20260827_0900,2026-08-27 09:00:00
2026-04-01,74657362,2201,0,127.7030478462,42.5676826154,42.5676826154,0.6666667,3,3,0.49324550000000000,0.493245500000,0.6008033672792107,0.6008033672792106,0.6008033672792107,0E-17,ELIGIBLE,R03b_20260811_FULL_v1,L1_ELIGIBILITY,v2026-08-11,2026-03-21..2026-08-06,baccarat_bet02_101_all_pairs_incl_sentinel,round_win = game_pnl > 0 (decisive only),COMPATIBILITY_ONLY_NOT_PRODUCTION,234885.8996,214754.2105,9869.7735,3689,3015,-0.04201944,-0.00608590,-0.04816467,-0.04201944,-9869.7735,234885.8996,OK,0.0000,394.7909,4.0000,96.0000,AG03-UNRESOLVED,ALL5_LEVELS_bet23_to_bet27,394.7909,394.7909,394.7909,394.7909,394.7909,4.000000,4.000000,4.000000,4.000000,4.000000,96.000000,96.000000,96.000000,96.000000,96.000000,5.0,1973.9547,1822.2297,7895.8188,8047.5438,PENDING_AG03,FALSE,NOT_FOR_ENFORCEMENT,9474.9825,206164.0421,9869.7735,9474.9825,394.7909,0.04201944,0.04033866,394.7909,9474.9825,0.04033866,394.7909,394.7909,394.7909,394.7909,394.7909,9474.9825,0.04033866,1973.9547,1822.2297,7895.8188,8047.5438,0.03361555,0.0342615,0.00168078,63.6720,71.2286,3.2736,143.0402,5.0692,3404.1435,43.6957,64.4793,63.5359,42.5677,43.0663,85.2079,124.7713,127.8119,154.8004,42.604,-41.336,2.967791,3.594466,1.478463,30,203,130,8,0.14604117,0.04201944,0.00608590,0E-8,0.000000,0.914292,0.640282,0.04207877,2026-03-23,2026-08-04,69,1947,1162,135,0.511111,1.014849,1.012680,0.486804,,,,,,,,GLOBAL_BASELINE_NO_ENTITY_RANKING,,,NOT_APPLICABLE_GLOBAL_BASELINE,HF9g-P5,,,,X 全窗基线 · 不参与实体赏罚,15050068,1506,A168_HF9F_20260827_0900,2026-08-27 09:00:00
2026-04-01,74657362,2209,0,85.1353652307,-85.1353652307,-85.1353652307,0E-7,1,1,0.49324550000000000,0.493245500000,-0.9865810262130424,-0.9865810262130424,-0.9865810262130424,0E-17,ELIGIBLE,R03b_20260811_FULL_v1,L1_ELIGIBILITY,v2026-08-11,2026-03-21..2026-08-06,baccarat_bet02_101_all_pairs_incl_sentinel,round_win = game_pnl > 0 (decisive only),COMPATIBILITY_ONLY_NOT_PRODUCTION,234885.8996,214754.2105,9869.7735,3689,3015,-0.04201944,-0.00608590,-0.04816467,-0.04201944,-9869.7735,234885.8996,OK,0.0000,394.7909,4.0000,96.0000,AG03-UNRESOLVED,ALL5_LEVELS_bet23_to_bet27,394.7909,394.7909,394.7909,394.7909,394.7909,4.000000,4.000000,4.000000,4.000000,4.000000,96.000000,96.000000,96.000000,96.000000,96.000000,5.0,1973.9547,1822.2297,7895.8188,8047.5438,PENDING_AG03,FALSE,NOT_FOR_ENFORCEMENT,9474.9825,206164.0421,9869.7735,9474.9825,394.7909,0.04201944,0.04033866,394.7909,9474.9825,0.04033866,394.7909,394.7909,394.7909,394.7909,394.7909,9474.9825,0.04033866,1973.9547,1822.2297,7895.8188,8047.5438,0.03361555,0.0342615,0.00168078,63.6720,71.2286,3.2736,143.0402,5.0692,3404.1435,43.6957,64.4793,63.5359,42.5677,43.0663,85.2079,124.7713,127.8119,154.8004,42.604,-41.336,2.967791,3.594466,1.478463,30,203,130,8,0.14604117,0.04201944,0.00608590,0E-8,0.000000,0.914292,0.640282,0.04207877,2026-03-23,2026-08-04,69,1947,1162,135,0.511111,1.014849,1.012680,0.486804,,,,,,,,GLOBAL_BASELINE_NO_ENTITY_RANKING,,,NOT_APPLICABLE_GLOBAL_BASELINE,HF9g-P5,,,,X 全窗基线 · 不参与实体赏罚,15050069,1506,A168_HF9F_20260827_0900,2026-08-27 09:00:00
2026-04-01,74657362,2212,0,85.1353652308,0E-10,0E-10,0.5000000,2,2,0.49324550000000000,0.493245500000,0.01910635448239258,0.01910635448239258,0.01910635448239258,0E-17,ELIGIBLE,R03b_20260811_FULL_v1,L1_ELIGIBILITY,v2026-08-11,2026-03-21..2026-08-06,baccarat_bet02_101_all_pairs_incl_sentinel,round_win = game_pnl > 0 (decisive only),COMPATIBILITY_ONLY_NOT_PRODUCTION,234885.8996,214754.2105,9869.7735,3689,3015,-0.04201944,-0.00608590,-0.04816467,-0.04201944,-9869.7735,234885.8996,OK,0.0000,394.7909,4.0000,96.0000,AG03-UNRESOLVED,ALL5_LEVELS_bet23_to_bet27,394.7909,394.7909,394.7909,394.7909,394.7909,4.000000,4.000000,4.000000,4.000000,4.000000,96.000000,96.000000,96.000000,96.000000,96.000000,5.0,1973.9547,1822.2297,7895.8188,8047.5438,PENDING_AG03,FALSE,NOT_FOR_ENFORCEMENT,9474.9825,206164.0421,9869.7735,9474.9825,394.7909,0.04201944,0.04033866,394.7909,9474.9825,0.04033866,394.7909,394.7909,394.7909,394.7909,394.7909,9474.9825,0.04033866,1973.9547,1822.2297,7895.8188,8047.5438,0.03361555,0.0342615,0.00168078,63.6720,71.2286,3.2736,143.0402,5.0692,3404.1435,43.6957,64.4793,63.5359,42.5677,43.0663,85.2079,124.7713,127.8119,154.8004,42.604,-41.336,2.967791,3.594466,1.478463,30,203,130,8,0.14604117,0.04201944,0.00608590,0E-8,0.000000,0.914292,0.640282,0.04207877,2026-03-23,2026-08-04,69,1947,1162,135,0.511111,1.014849,1.012680,0.486804,,,,,,,,GLOBAL_BASELINE_NO_ENTITY_RANKING,,,NOT_APPLICABLE_GLOBAL_BASELINE,HF9g-P5,,,,X 全窗基线 · 不参与实体赏罚,15050070,1506,A168_HF9F_20260827_0900,2026-08-27 09:00:00
2026-04-01,74657362,2216,0,255.4060956923,489.5283500765,489.5283500765,0.5000000,4,2,0.23373023749996674,0.177094075000,0.8897921180860817,1.1962278286471995,0.8897921180860817,0.05663616249996674,ELIGIBLE,R03b_20260811_FULL_v1,L1_ELIGIBILITY,v2026-08-11,2026-03-21..2026-08-06,baccarat_bet02_101_all_pairs_incl_sentinel,round_win = game_pnl > 0 (decisive only),COMPATIBILITY_ONLY_NOT_PRODUCTION,234885.8996,214754.2105,9869.7735,3689,3015,-0.04201944,-0.00608590,-0.04816467,-0.04201944,-9869.7735,234885.8996,OK,0.0000,394.7909,4.0000,96.0000,AG03-UNRESOLVED,ALL5_LEVELS_bet23_to_bet27,394.7909,394.7909,394.7909,394.7909,394.7909,4.000000,4.000000,4.000000,4.000000,4.000000,96.000000,96.000000,96.000000,96.000000,96.000000,5.0,1973.9547,1822.2297,7895.8188,8047.5438,PENDING_AG03,FALSE,NOT_FOR_ENFORCEMENT,9474.9825,206164.0421,9869.7735,9474.9825,394.7909,0.04201944,0.04033866,394.7909,9474.9825,0.04033866,394.7909,394.7909,394.7909,394.7909,394.7909,9474.9825,0.04033866,1973.9547,1822.2297,7895.8188,8047.5438,0.03361555,0.0342615,0.00168078,63.6720,71.2286,3.2736,143.0402,5.0692,3404.1435,43.6957,64.4793,63.5359,42.5677,43.0663,85.2079,124.7713,127.8119,154.8004,42.604,-41.336,2.967791,3.594466,1.478463,30,203,130,8,0.14604117,0.04201944,0.00608590,0E-8,0.000000,0.914292,0.640282,0.04207877,2026-03-23,2026-08-04,69,1947,1162,135,0.511111,1.014849,1.012680,0.486804,,,,,,,,GLOBAL_BASELINE_NO_ENTITY_RANKING,,,NOT_APPLICABLE_GLOBAL_BASELINE,HF9g-P5,,,,X 全窗基线 · 不参与实体赏罚,15050071,1506,A168_HF9F_20260827_0900,2026-08-27 09:00:00
2026-04-01,74657362,2223,0,170.2707304615,85.1353652307,85.1353652307,1.0000000,2,1,0.39337837499993348,0.280106050000,1.2418058546640356,1.6031457840727341,1.2418058546640356,0.11327232499993348,ELIGIBLE,R03b_20260811_FULL_v1,L1_ELIGIBILITY,v2026-08-11,2026-03-21..2026-08-06,baccarat_bet02_101_all_pairs_incl_sentinel,round_win = game_pnl > 0 (decisive only),COMPATIBILITY_ONLY_NOT_PRODUCTION,234885.8996,214754.2105,9869.7735,3689,3015,-0.04201944,-0.00608590,-0.04816467,-0.04201944,-9869.7735,234885.8996,OK,0.0000,394.7909,4.0000,96.0000,AG03-UNRESOLVED,ALL5_LEVELS_bet23_to_bet27,394.7909,394.7909,394.7909,394.7909,394.7909,4.000000,4.000000,4.000000,4.000000,4.000000,96.000000,96.000000,96.000000,96.000000,96.000000,5.0,1973.9547,1822.2297,7895.8188,8047.5438,PENDING_AG03,FALSE,NOT_FOR_ENFORCEMENT,9474.9825,206164.0421,9869.7735,9474.9825,394.7909,0.04201944,0.04033866,394.7909,9474.9825,0.04033866,394.7909,394.7909,394.7909,394.7909,394.7909,9474.9825,0.04033866,1973.9547,1822.2297,7895.8188,8047.5438,0.03361555,0.0342615,0.00168078,63.6720,71.2286,3.2736,143.0402,5.0692,3404.1435,43.6957,64.4793,63.5359,42.5677,43.0663,85.2079,124.7713,127.8119,154.8004,42.604,-41.336,2.967791,3.594466,1.478463,30,203,130,8,0.14604117,0.04201944,0.00608590,0E-8,0.000000,0.914292,0.640282,0.04207877,2026-03-23,2026-08-04,69,1947,1162,135,0.511111,1.014849,1.012680,0.486804,,,,,,,,GLOBAL_BASELINE_NO_ENTITY_RANKING,,,NOT_APPLICABLE_GLOBAL_BASELINE,HF9g-P5,,,,X 全窗基线 · 不参与实体赏罚,15050072,1506,A168_HF9F_20260827_0900,2026-08-27 09:00:00
2026-04-01,74657362,2224,0,85.1353652307,-85.1353652307,-85.1353652307,0E-7,1,1,0.49324550000000000,0.493245500000,-0.9865810262130424,-0.9865810262130424,-0.9865810262130424,0E-17,ELIGIBLE,R03b_20260811_FULL_v1,L1_ELIGIBILITY,v2026-08-11,2026-03-21..2026-08-06,baccarat_bet02_101_all_pairs_incl_sentinel,round_win = game_pnl > 0 (decisive only),COMPATIBILITY_ONLY_NOT_PRODUCTION,234885.8996,214754.2105,9869.7735,3689,3015,-0.04201944,-0.00608590,-0.04816467,-0.04201944,-9869.7735,234885.8996,OK,0.0000,394.7909,4.0000,96.0000,AG03-UNRESOLVED,ALL5_LEVELS_bet23_to_bet27,394.7909,394.7909,394.7909,394.7909,394.7909,4.000000,4.000000,4.000000,4.000000,4.000000,96.000000,96.000000,96.000000,96.000000,96.000000,5.0,1973.9547,1822.2297,7895.8188,8047.5438,PENDING_AG03,FALSE,NOT_FOR_ENFORCEMENT,9474.9825,206164.0421,9869.7735,9474.9825,394.7909,0.04201944,0.04033866,394.7909,9474.9825,0.04033866,394.7909,394.7909,394.7909,394.7909,394.7909,9474.9825,0.04033866,1973.9547,1822.2297,7895.8188,8047.5438,0.03361555,0.0342615,0.00168078,63.6720,71.2286,3.2736,143.0402,5.0692,3404.1435,43.6957,64.4793,63.5359,42.5677,43.0663,85.2079,124.7713,127.8119,154.8004,42.604,-41.336,2.967791,3.594466,1.478463,30,203,130,8,0.14604117,0.04201944,0.00608590,0E-8,0.000000,0.914292,0.640282,0.04207877,2026-03-23,2026-08-04,69,1947,1162,135,0.511111,1.014849,1.012680,0.486804,,,,,,,,GLOBAL_BASELINE_NO_ENTITY_RANKING,,,NOT_APPLICABLE_GLOBAL_BASELINE,HF9g-P5,,,,X 全窗基线 · 不参与实体赏罚,15050073,1506,A168_HF9F_20260827_0900,2026-08-27 09:00:00
2026-04-01,74657362,2232,0,127.7030478461,-127.7030478461,-127.7030478461,0E-7,2,2,0.49994810000000000,0.499948100000,-1.4140667746232096,-1.4140667746232096,-1.4140667746232096,0E-17,ELIGIBLE,R03b_20260811_FULL_v1,L1_ELIGIBILITY,v2026-08-11,2026-03-21..2026-08-06,baccarat_bet02_101_all_pairs_incl_sentinel,round_win = game_pnl > 0 (decisive only),COMPATIBILITY_ONLY_NOT_PRODUCTION,234885.8996,214754.2105,9869.7735,3689,3015,-0.04201944,-0.00608590,-0.04816467,-0.04201944,-9869.7735,234885.8996,OK,0.0000,394.7909,4.0000,96.0000,AG03-UNRESOLVED,ALL5_LEVELS_bet23_to_bet27,394.7909,394.7909,394.7909,394.7909,394.7909,4.000000,4.000000,4.000000,4.000000,4.000000,96.000000,96.000000,96.000000,96.000000,96.000000,5.0,1973.9547,1822.2297,7895.8188,8047.5438,PENDING_AG03,FALSE,NOT_FOR_ENFORCEMENT,9474.9825,206164.0421,9869.7735,9474.9825,394.7909,0.04201944,0.04033866,394.7909,9474.9825,0.04033866,394.7909,394.7909,394.7909,394.7909,394.7909,9474.9825,0.04033866,1973.9547,1822.2297,7895.8188,8047.5438,0.03361555,0.0342615,0.00168078,63.6720,71.2286,3.2736,143.0402,5.0692,3404.1435,43.6957,64.4793,63.5359,42.5677,43.0663,85.2079,124.7713,127.8119,154.8004,42.604,-41.336,2.967791,3.594466,1.478463,30,203,130,8,0.14604117,0.04201944,0.00608590,0E-8,0.000000,0.914292,0.640282,0.04207877,2026-03-23,2026-08-04,69,1947,1162,135,0.511111,1.014849,1.012680,0.486804,,,,,,,,GLOBAL_BASELINE_NO_ENTITY_RANKING,,,NOT_APPLICABLE_GLOBAL_BASELINE,HF9g-P5,,,,X 全窗基线 · 不参与实体赏罚,15050074,1506,A168_HF9F_20260827_0900,2026-08-27 09:00:00
2026-04-01,74657362,2244,0,170.2707304616,-170.2707304616,-170.2707304616,0E-7,4,1,0.07439022500000000,0.074390225000,-0.2834940641230321,-0.2834940641230321,-0.2834940641230321,0E-17,ELIGIBLE,R03b_20260811_FULL_v1,L1_ELIGIBILITY,v2026-08-11,2026-03-21..2026-08-06,baccarat_bet02_101_all_pairs_incl_sentinel,round_win = game_pnl > 0 (decisive only),COMPATIBILITY_ONLY_NOT_PRODUCTION,234885.8996,214754.2105,9869.7735,3689,3015,-0.04201944,-0.00608590,-0.04816467,-0.04201944,-9869.7735,234885.8996,OK,0.0000,394.7909,4.0000,96.0000,AG03-UNRESOLVED,ALL5_LEVELS_bet23_to_bet27,394.7909,394.7909,394.7909,394.7909,394.7909,4.000000,4.000000,4.000000,4.000000,4.000000,96.000000,96.000000,96.000000,96.000000,96.000000,5.0,1973.9547,1822.2297,7895.8188,8047.5438,PENDING_AG03,FALSE,NOT_FOR_ENFORCEMENT,9474.9825,206164.0421,9869.7735,9474.9825,394.7909,0.04201944,0.04033866,394.7909,9474.9825,0.04033866,394.7909,394.7909,394.7909,394.7909,394.7909,9474.9825,0.04033866,1973.9547,1822.2297,7895.8188,8047.5438,0.03361555,0.0342615,0.00168078,63.6720,71.2286,3.2736,143.0402,5.0692,3404.1435,43.6957,64.4793,63.5359,42.5677,43.0663,85.2079,124.7713,127.8119,154.8004,42.604,-41.336,2.967791,3.594466,1.478463,30,203,130,8,0.14604117,0.04201944,0.00608590,0E-8,0.000000,0.914292,0.640282,0.04207877,2026-03-23,2026-08-04,69,1947,1162,135,0.511111,1.014849,1.012680,0.486804,,,,,,,,GLOBAL_BASELINE_NO_ENTITY_RANKING,,,NOT_APPLICABLE_GLOBAL_BASELINE,HF9g-P5,,,,X 全窗基线 · 不参与实体赏罚,15050075,1506,A168_HF9F_20260827_0900,2026-08-27 09:00:00
2026-04-01,74657362,2246,0,127.7030478461,127.7030478461,127.7030478461,1.0000000,2,2,0.49324550000000000,0.493245500000,1.4334489766152358,1.4334489766152358,1.4334489766152358,0E-17,ELIGIBLE,R03b_20260811_FULL_v1,L1_ELIGIBILITY,v2026-08-11,2026-03-21..2026-08-06,baccarat_bet02_101_all_pairs_incl_sentinel,round_win = game_pnl > 0 (decisive only),COMPATIBILITY_ONLY_NOT_PRODUCTION,234885.8996,214754.2105,9869.7735,3689,3015,-0.04201944,-0.00608590,-0.04816467,-0.04201944,-9869.7735,234885.8996,OK,0.0000,394.7909,4.0000,96.0000,AG03-UNRESOLVED,ALL5_LEVELS_bet23_to_bet27,394.7909,394.7909,394.7909,394.7909,394.7909,4.000000,4.000000,4.000000,4.000000,4.000000,96.000000,96.000000,96.000000,96.000000,96.000000,5.0,1973.9547,1822.2297,7895.8188,8047.5438,PENDING_AG03,FALSE,NOT_FOR_ENFORCEMENT,9474.9825,206164.0421,9869.7735,9474.9825,394.7909,0.04201944,0.04033866,394.7909,9474.9825,0.04033866,394.7909,394.7909,394.7909,394.7909,394.7909,9474.9825,0.04033866,1973.9547,1822.2297,7895.8188,8047.5438,0.03361555,0.0342615,0.00168078,63.6720,71.2286,3.2736,143.0402,5.0692,3404.1435,43.6957,64.4793,63.5359,42.5677,43.0663,85.2079,124.7713,127.8119,154.8004,42.604,-41.336,2.967791,3.594466,1.478463,30,203,130,8,0.14604117,0.04201944,0.00608590,0E-8,0.000000,0.914292,0.640282,0.04207877,2026-03-23,2026-08-04,69,1947,1162,135,0.511111,1.014849,1.012680,0.486804,,,,,,,,GLOBAL_BASELINE_NO_ENTITY_RANKING,,,NOT_APPLICABLE_GLOBAL_BASELINE,HF9g-P5,,,,X 全窗基线 · 不参与实体赏罚,15050076,1506,A168_HF9F_20260827_0900,2026-08-27 09:00:00
2026-04-01,74657362,2256,0,340.5414609232,-340.5414609232,-340.5414609232,0E-7,8,2,0.07439022500000000,0.074390225000,-0.4009211503350598,-0.4009211503350598,-0.4009211503350598,0E-17,ELIGIBLE,R03b_20260811_FULL_v1,L1_ELIGIBILITY,v2026-08-11,2026-03-21..2026-08-06,baccarat_bet02_101_all_pairs_incl_sentinel,round_win = game_pnl > 0 (decisive only),COMPATIBILITY_ONLY_NOT_PRODUCTION,234885.8996,214754.2105,9869.7735,3689,3015,-0.04201944,-0.00608590,-0.04816467,-0.04201944,-9869.7735,234885.8996,OK,0.0000,394.7909,4.0000,96.0000,AG03-UNRESOLVED,ALL5_LEVELS_bet23_to_bet27,394.7909,394.7909,394.7909,394.7909,394.7909,4.000000,4.000000,4.000000,4.000000,4.000000,96.000000,96.000000,96.000000,96.000000,96.000000,5.0,1973.9547,1822.2297,7895.8188,8047.5438,PENDING_AG03,FALSE,NOT_FOR_ENFORCEMENT,9474.9825,206164.0421,9869.7735,9474.9825,394.7909,0.04201944,0.04033866,394.7909,9474.9825,0.04033866,394.7909,394.7909,394.7909,394.7909,394.7909,9474.9825,0.04033866,1973.9547,1822.2297,7895.8188,8047.5438,0.03361555,0.0342615,0.00168078,63.6720,71.2286,3.2736,143.0402,5.0692,3404.1435,43.6957,64.4793,63.5359,42.5677,43.0663,85.2079,124.7713,127.8119,154.8004,42.604,-41.336,2.967791,3.594466,1.478463,30,203,130,8,0.14604117,0.04201944,0.00608590,0E-8,0.000000,0.914292,0.640282,0.04207877,2026-03-23,2026-08-04,69,1947,1162,135,0.511111,1.014849,1.012680,0.486804,,,,,,,,GLOBAL_BASELINE_NO_ENTITY_RANKING,,,NOT_APPLICABLE_GLOBAL_BASELINE,HF9g-P5,,,,X 全窗基线 · 不参与实体赏罚,15050077,1506,A168_HF9F_20260827_0900,2026-08-27 09:00:00
2026-04-01,74657362,583,0,42.5676826154,42.5676826154,42.5676826154,1.0000000,1,1,0.50665070000000000,0.506650700000,0.9867858985152569,0.9867858985152569,0.9867858985152569,0E-17,ELIGIBLE,R03b_20260811_FULL_v1,L1_ELIGIBILITY,v2026-08-11,2026-03-21..2026-08-06,baccarat_bet02_101_all_pairs_incl_sentinel,round_win = game_pnl > 0 (decisive only),COMPATIBILITY_ONLY_NOT_PRODUCTION,234885.8996,214754.2105,9869.7735,3689,3015,-0.04201944,-0.00608590,-0.04816467,-0.04201944,-9869.7735,234885.8996,OK,0.0000,394.7909,4.0000,96.0000,AG03-UNRESOLVED,ALL5_LEVELS_bet23_to_bet27,394.7909,394.7909,394.7909,394.7909,394.7909,4.000000,4.000000,4.000000,4.000000,4.000000,96.000000,96.000000,96.000000,96.000000,96.000000,5.0,1973.9547,1822.2297,7895.8188,8047.5438,PENDING_AG03,FALSE,NOT_FOR_ENFORCEMENT,9474.9825,206164.0421,9869.7735,9474.9825,394.7909,0.04201944,0.04033866,394.7909,9474.9825,0.04033866,394.7909,394.7909,394.7909,394.7909,394.7909,9474.9825,0.04033866,1973.9547,1822.2297,7895.8188,8047.5438,0.03361555,0.0342615,0.00168078,63.6720,71.2286,3.2736,143.0402,5.0692,3404.1435,43.6957,64.4793,63.5359,42.5677,43.0663,85.2079,124.7713,127.8119,154.8004,42.604,-41.336,2.967791,3.594466,1.478463,30,203,130,8,0.14604117,0.04201944,0.00608590,0E-8,0.000000,0.914292,0.640282,0.04207877,2026-03-23,2026-08-04,69,1947,1162,135,0.511111,1.014849,1.012680,0.486804,,,,,,,,GLOBAL_BASELINE_NO_ENTITY_RANKING,,,NOT_APPLICABLE_GLOBAL_BASELINE,HF9g-P5,,,,X 全窗基线 · 不参与实体赏罚,15050078,1506,A168_HF9F_20260827_0900,2026-08-27 09:00:00
2026-04-01,74657362,595,0,383.1091435384,702.3667631534,702.3667631534,1.0000000,5,3,0.42666741666662232,0.351152533333,2.0077942226242502,2.3544205029785283,2.0077942226242502,0.07551488333362232,ELIGIBLE,R03b_20260811_FULL_v1,L1_ELIGIBILITY,v2026-08-11,2026-03-21..2026-08-06,baccarat_bet02_101_all_pairs_incl_sentinel,round_win = game_pnl > 0 (decisive only),COMPATIBILITY_ONLY_NOT_PRODUCTION,234885.8996,214754.2105,9869.7735,3689,3015,-0.04201944,-0.00608590,-0.04816467,-0.04201944,-9869.7735,234885.8996,OK,0.0000,394.7909,4.0000,96.0000,AG03-UNRESOLVED,ALL5_LEVELS_bet23_to_bet27,394.7909,394.7909,394.7909,394.7909,394.7909,4.000000,4.000000,4.000000,4.000000,4.000000,96.000000,96.000000,96.000000,96.000000,96.000000,5.0,1973.9547,1822.2297,7895.8188,8047.5438,PENDING_AG03,FALSE,NOT_FOR_ENFORCEMENT,9474.9825,206164.0421,9869.7735,9474.9825,394.7909,0.04201944,0.04033866,394.7909,9474.9825,0.04033866,394.7909,394.7909,394.7909,394.7909,394.7909,9474.9825,0.04033866,1973.9547,1822.2297,7895.8188,8047.5438,0.03361555,0.0342615,0.00168078,63.6720,71.2286,3.2736,143.0402,5.0692,3404.1435,43.6957,64.4793,63.5359,42.5677,43.0663,85.2079,124.7713,127.8119,154.8004,42.604,-41.336,2.967791,3.594466,1.478463,30,203,130,8,0.14604117,0.04201944,0.00608590,0E-8,0.000000,0.914292,0.640282,0.04207877,2026-03-23,2026-08-04,69,1947,1162,135,0.511111,1.014849,1.012680,0.486804,,,,,,,,GLOBAL_BASELINE_NO_ENTITY_RANKING,,,NOT_APPLICABLE_GLOBAL_BASELINE,HF9g-P5,,,,X 全窗基线 · 不参与实体赏罚,15050079,1506,A168_HF9F_20260827_0900,2026-08-27 09:00:00
2026-04-01,74657362,994,0,553.3798740000,-468.2445087692,-468.2445087692,0.2000000,11,5,0.32838443000000000,0.328384430000,-0.6112877642292516,-0.6112877642292516,-0.6112877642292516,0E-17,ELIGIBLE,R03b_20260811_FULL_v1,L1_ELIGIBILITY,v2026-08-11,2026-03-21..2026-08-06,baccarat_bet02_101_all_pairs_incl_sentinel,round_win = game_pnl > 0 (decisive only),COMPATIBILITY_ONLY_NOT_PRODUCTION,234885.8996,214754.2105,9869.7735,3689,3015,-0.04201944,-0.00608590,-0.04816467,-0.04201944,-9869.7735,234885.8996,OK,0.0000,394.7909,4.0000,96.0000,AG03-UNRESOLVED,ALL5_LEVELS_bet23_to_bet27,394.7909,394.7909,394.7909,394.7909,394.7909,4.000000,4.000000,4.000000,4.000000,4.000000,96.000000,96.000000,96.000000,96.000000,96.000000,5.0,1973.9547,1822.2297,7895.8188,8047.5438,PENDING_AG03,FALSE,NOT_FOR_ENFORCEMENT,9474.9825,206164.0421,9869.7735,9474.9825,394.7909,0.04201944,0.04033866,394.7909,9474.9825,0.04033866,394.7909,394.7909,394.7909,394.7909,394.7909,9474.9825,0.04033866,1973.9547,1822.2297,7895.8188,8047.5438,0.03361555,0.0342615,0.00168078,63.6720,71.2286,3.2736,143.0402,5.0692,3404.1435,43.6957,64.4793,63.5359,42.5677,43.0663,85.2079,124.7713,127.8119,154.8004,42.604,-41.336,2.967791,3.594466,1.478463,30,203,130,8,0.14604117,0.04201944,0.00608590,0E-8,0.000000,0.914292,0.640282,0.04207877,2026-03-23,2026-08-04,69,1947,1162,135,0.511111,1.014849,1.012680,0.486804,,,,,,,,GLOBAL_BASELINE_NO_ENTITY_RANKING,,,NOT_APPLICABLE_GLOBAL_BASELINE,HF9g-P5,,,,X 全窗基线 · 不参与实体赏罚,15050080,1506,A168_HF9F_20260827_0900,2026-08-27 09:00:00
2026-04-02,74657362,-1,1,1277.0304784605,0E-10,0E-10,0.5000000,15,15,0.49324550000000000,0.493245500000,0.050550662421454985,0.050550662421454985,0.050550662421454985,0E-17,SENTINEL_DEALER,R03b_20260811_FULL_v1,L1_ELIGIBILITY,v2026-08-11,2026-03-21..2026-08-06,baccarat_bet02_101_all_pairs_incl_sentinel,round_win = game_pnl > 0 (decisive only),COMPATIBILITY_ONLY_NOT_PRODUCTION,234885.8996,214754.2105,9869.7735,3689,3015,-0.04201944,-0.00608590,-0.04816467,-0.04201944,-9869.7735,234885.8996,OK,0.0000,394.7909,4.0000,96.0000,AG03-UNRESOLVED,ALL5_LEVELS_bet23_to_bet27,394.7909,394.7909,394.7909,394.7909,394.7909,4.000000,4.000000,4.000000,4.000000,4.000000,96.000000,96.000000,96.000000,96.000000,96.000000,5.0,1973.9547,1822.2297,7895.8188,8047.5438,PENDING_AG03,FALSE,NOT_FOR_ENFORCEMENT,9474.9825,206164.0421,9869.7735,9474.9825,394.7909,0.04201944,0.04033866,394.7909,9474.9825,0.04033866,394.7909,394.7909,394.7909,394.7909,394.7909,9474.9825,0.04033866,1973.9547,1822.2297,7895.8188,8047.5438,0.03361555,0.0342615,0.00168078,63.6720,71.2286,3.2736,143.0402,5.0692,3404.1435,43.6957,64.4793,63.5359,42.5677,43.0663,85.2079,124.7713,127.8119,154.8004,42.604,-41.336,2.967791,3.594466,1.478463,30,203,130,8,0.14604117,0.04201944,0.00608590,0E-8,0.000000,0.914292,0.640282,0.04207877,2026-03-23,2026-08-04,69,1947,1162,135,0.511111,1.014849,1.012680,0.486804,,,,,,,,GLOBAL_BASELINE_NO_ENTITY_RANKING,,,NOT_APPLICABLE_GLOBAL_BASELINE,HF9g-P5,,,,X 全窗基线 · 不参与实体赏罚,15050081,1506,A168_HF9F_20260827_0900,2026-08-27 09:00:00
2026-04-02,74657362,1094,0,221.3519495999,34.0541460923,34.0541460923,0.6666667,4,3,0.47037561111106634,0.424635833333,0.6811688071990104,0.8481088560742079,0.6811688071990104,0.04573977777806634,ELIGIBLE,R03b_20260811_FULL_v1,L1_ELIGIBILITY,v2026-08-11,2026-03-21..2026-08-06,baccarat_bet02_101_all_pairs_incl_sentinel,round_win = game_pnl > 0 (decisive only),COMPATIBILITY_ONLY_NOT_PRODUCTION,234885.8996,214754.2105,9869.7735,3689,3015,-0.04201944,-0.00608590,-0.04816467,-0.04201944,-9869.7735,234885.8996,OK,0.0000,394.7909,4.0000,96.0000,AG03-UNRESOLVED,ALL5_LEVELS_bet23_to_bet27,394.7909,394.7909,394.7909,394.7909,394.7909,4.000000,4.000000,4.000000,4.000000,4.000000,96.000000,96.000000,96.000000,96.000000,96.000000,5.0,1973.9547,1822.2297,7895.8188,8047.5438,PENDING_AG03,FALSE,NOT_FOR_ENFORCEMENT,9474.9825,206164.0421,9869.7735,9474.9825,394.7909,0.04201944,0.04033866,394.7909,9474.9825,0.04033866,394.7909,394.7909,394.7909,394.7909,394.7909,9474.9825,0.04033866,1973.9547,1822.2297,7895.8188,8047.5438,0.03361555,0.0342615,0.00168078,63.6720,71.2286,3.2736,143.0402,5.0692,3404.1435,43.6957,64.4793,63.5359,42.5677,43.0663,85.2079,124.7713,127.8119,154.8004,42.604,-41.336,2.967791,3.594466,1.478463,30,203,130,8,0.14604117,0.04201944,0.00608590,0E-8,0.000000,0.914292,0.640282,0.04207877,2026-03-23,2026-08-04,69,1947,1162,135,0.511111,1.014849,1.012680,0.486804,,,,,,,,GLOBAL_BASELINE_NO_ENTITY_RANKING,,,NOT_APPLICABLE_GLOBAL_BASELINE,HF9g-P5,,,,X 全窗基线 · 不参与实体赏罚,15050082,1506,A168_HF9F_20260827_0900,2026-08-27 09:00:00
2026-04-02,74657362,1151,0,85.1353652307,85.1353652307,85.1353652307,1.0000000,1,1,0.50665070000000000,0.506650700000,0.9867858985152569,0.9867858985152569,0.9867858985152569,0E-17,ELIGIBLE,R03b_20260811_FULL_v1,L1_ELIGIBILITY,v2026-08-11,2026-03-21..2026-08-06,baccarat_bet02_101_all_pairs_incl_sentinel,round_win = game_pnl > 0 (decisive only),COMPATIBILITY_ONLY_NOT_PRODUCTION,234885.8996,214754.2105,9869.7735,3689,3015,-0.04201944,-0.00608590,-0.04816467,-0.04201944,-9869.7735,234885.8996,OK,0.0000,394.7909,4.0000,96.0000,AG03-UNRESOLVED,ALL5_LEVELS_bet23_to_bet27,394.7909,394.7909,394.7909,394.7909,394.7909,4.000000,4.000000,4.000000,4.000000,4.000000,96.000000,96.000000,96.000000,96.000000,96.000000,5.0,1973.9547,1822.2297,7895.8188,8047.5438,PENDING_AG03,FALSE,NOT_FOR_ENFORCEMENT,9474.9825,206164.0421,9869.7735,9474.9825,394.7909,0.04201944,0.04033866,394.7909,9474.9825,0.04033866,394.7909,394.7909,394.7909,394.7909,394.7909,9474.9825,0.04033866,1973.9547,1822.2297,7895.8188,8047.5438,0.03361555,0.0342615,0.00168078,63.6720,71.2286,3.2736,143.0402,5.0692,3404.1435,43.6957,64.4793,63.5359,42.5677,43.0663,85.2079,124.7713,127.8119,154.8004,42.604,-41.336,2.967791,3.594466,1.478463,30,203,130,8,0.14604117,0.04201944,0.00608590,0E-8,0.000000,0.914292,0.640282,0.04207877,2026-03-23,2026-08-04,69,1947,1162,135,0.511111,1.014849,1.012680,0.486804,,,,,,,,GLOBAL_BASELINE_NO_ENTITY_RANKING,,,NOT_APPLICABLE_GLOBAL_BASELINE,HF9g-P5,,,,X 全窗基线 · 不参与实体赏罚,15050083,1506,A168_HF9F_20260827_0900,2026-08-27 09:00:00
2026-04-02,74657362,1205,0,127.7030478462,-42.5676826154,-42.5676826154,0.3333333,3,3,0.49324550000000000,0.493245500000,-0.5540025479526107,-0.5540025479526106,-0.5540025479526107,0E-17,ELIGIBLE,R03b_20260811_FULL_v1,L1_ELIGIBILITY,v2026-08-11,2026-03-21..2026-08-06,baccarat_bet02_101_all_pairs_incl_sentinel,round_win = game_pnl > 0 (decisive only),COMPATIBILITY_ONLY_NOT_PRODUCTION,234885.8996,214754.2105,9869.7735,3689,3015,-0.04201944,-0.00608590,-0.04816467,-0.04201944,-9869.7735,234885.8996,OK,0.0000,394.7909,4.0000,96.0000,AG03-UNRESOLVED,ALL5_LEVELS_bet23_to_bet27,394.7909,394.7909,394.7909,394.7909,394.7909,4.000000,4.000000,4.000000,4.000000,4.000000,96.000000,96.000000,96.000000,96.000000,96.000000,5.0,1973.9547,1822.2297,7895.8188,8047.5438,PENDING_AG03,FALSE,NOT_FOR_ENFORCEMENT,9474.9825,206164.0421,9869.7735,9474.9825,394.7909,0.04201944,0.04033866,394.7909,9474.9825,0.04033866,394.7909,394.7909,394.7909,394.7909,394.7909,9474.9825,0.04033866,1973.9547,1822.2297,7895.8188,8047.5438,0.03361555,0.0342615,0.00168078,63.6720,71.2286,3.2736,143.0402,5.0692,3404.1435,43.6957,64.4793,63.5359,42.5677,43.0663,85.2079,124.7713,127.8119,154.8004,42.604,-41.336,2.967791,3.594466,1.478463,30,203,130,8,0.14604117,0.04201944,0.00608590,0E-8,0.000000,0.914292,0.640282,0.04207877,2026-03-23,2026-08-04,69,1947,1162,135,0.511111,1.014849,1.012680,0.486804,,,,,,,,GLOBAL_BASELINE_NO_ENTITY_RANKING,,,NOT_APPLICABLE_GLOBAL_BASELINE,HF9g-P5,,,,X 全窗基线 · 不参与实体赏罚,15050084,1506,A168_HF9F_20260827_0900,2026-08-27 09:00:00
2026-04-02,74657362,1210,0,170.2707304614,-170.2707304614,-170.2707304614,0E-7,2,2,0.49324550000000000,0.493245500000,-1.3952362676504506,-1.3952362676504506,-1.3952362676504506,0E-17,ELIGIBLE,R03b_20260811_FULL_v1,L1_ELIGIBILITY,v2026-08-11,2026-03-21..2026-08-06,baccarat_bet02_101_all_pairs_incl_sentinel,round_win = game_pnl > 0 (decisive only),COMPATIBILITY_ONLY_NOT_PRODUCTION,234885.8996,214754.2105,9869.7735,3689,3015,-0.04201944,-0.00608590,-0.04816467,-0.04201944,-9869.7735,234885.8996,OK,0.0000,394.7909,4.0000,96.0000,AG03-UNRESOLVED,ALL5_LEVELS_bet23_to_bet27,394.7909,394.7909,394.7909,394.7909,394.7909,4.000000,4.000000,4.000000,4.000000,4.000000,96.000000,96.000000,96.000000,96.000000,96.000000,5.0,1973.9547,1822.2297,7895.8188,8047.5438,PENDING_AG03,FALSE,NOT_FOR_ENFORCEMENT,9474.9825,206164.0421,9869.7735,9474.9825,394.7909,0.04201944,0.04033866,394.7909,9474.9825,0.04033866,394.7909,394.7909,394.7909,394.7909,394.7909,9474.9825,0.04033866,1973.9547,1822.2297,7895.8188,8047.5438,0.03361555,0.0342615,0.00168078,63.6720,71.2286,3.2736,143.0402,5.0692,3404.1435,43.6957,64.4793,63.5359,42.5677,43.0663,85.2079,124.7713,127.8119,154.8004,42.604,-41.336,2.967791,3.594466,1.478463,30,203,130,8,0.14604117,0.04201944,0.00608590,0E-8,0.000000,0.914292,0.640282,0.04207877,2026-03-23,2026-08-04,69,1947,1162,135,0.511111,1.014849,1.012680,0.486804,,,,,,,,GLOBAL_BASELINE_NO_ENTITY_RANKING,,,NOT_APPLICABLE_GLOBAL_BASELINE,HF9g-P5,,,,X 全窗基线 · 不参与实体赏罚,15050085,1506,A168_HF9F_20260827_0900,2026-08-27 09:00:00
2026-04-02,74657362,1299,0,85.1353652307,-85.1353652307,-85.1353652307,0E-7,1,1,0.49324550000000000,0.493245500000,-0.9865810262130424,-0.9865810262130424,-0.9865810262130424,0E-17,ELIGIBLE,R03b_20260811_FULL_v1,L1_ELIGIBILITY,v2026-08-11,2026-03-21..2026-08-06,baccarat_bet02_101_all_pairs_incl_sentinel,round_win = game_pnl > 0 (decisive only),COMPATIBILITY_ONLY_NOT_PRODUCTION,234885.8996,214754.2105,9869.7735,3689,3015,-0.04201944,-0.00608590,-0.04816467,-0.04201944,-9869.7735,234885.8996,OK,0.0000,394.7909,4.0000,96.0000,AG03-UNRESOLVED,ALL5_LEVELS_bet23_to_bet27,394.7909,394.7909,394.7909,394.7909,394.7909,4.000000,4.000000,4.000000,4.000000,4.000000,96.000000,96.000000,96.000000,96.000000,96.000000,5.0,1973.9547,1822.2297,7895.8188,8047.5438,PENDING_AG03,FALSE,NOT_FOR_ENFORCEMENT,9474.9825,206164.0421,9869.7735,9474.9825,394.7909,0.04201944,0.04033866,394.7909,9474.9825,0.04033866,394.7909,394.7909,394.7909,394.7909,394.7909,9474.9825,0.04033866,1973.9547,1822.2297,7895.8188,8047.5438,0.03361555,0.0342615,0.00168078,63.6720,71.2286,3.2736,143.0402,5.0692,3404.1435,43.6957,64.4793,63.5359,42.5677,43.0663,85.2079,124.7713,127.8119,154.8004,42.604,-41.336,2.967791,3.594466,1.478463,30,203,130,8,0.14604117,0.04201944,0.00608590,0E-8,0.000000,0.914292,0.640282,0.04207877,2026-03-23,2026-08-04,69,1947,1162,135,0.511111,1.014849,1.012680,0.486804,,,,,,,,GLOBAL_BASELINE_NO_ENTITY_RANKING,,,NOT_APPLICABLE_GLOBAL_BASELINE,HF9g-P5,,,,X 全窗基线 · 不参与实体赏罚,15050086,1506,A168_HF9F_20260827_0900,2026-08-27 09:00:00
2026-04-02,74657362,1401,0,85.1353652307,85.1353652307,85.1353652307,1.0000000,1,1,0.50665070000000000,0.506650700000,0.9867858985152569,0.9867858985152569,0.9867858985152569,0E-17,ELIGIBLE,R03b_20260811_FULL_v1,L1_ELIGIBILITY,v2026-08-11,2026-03-21..2026-08-06,baccarat_bet02_101_all_pairs_incl_sentinel,round_win = game_pnl > 0 (decisive only),COMPATIBILITY_ONLY_NOT_PRODUCTION,234885.8996,214754.2105,9869.7735,3689,3015,-0.04201944,-0.00608590,-0.04816467,-0.04201944,-9869.7735,234885.8996,OK,0.0000,394.7909,4.0000,96.0000,AG03-UNRESOLVED,ALL5_LEVELS_bet23_to_bet27,394.7909,394.7909,394.7909,394.7909,394.7909,4.000000,4.000000,4.000000,4.000000,4.000000,96.000000,96.000000,96.000000,96.000000,96.000000,5.0,1973.9547,1822.2297,7895.8188,8047.5438,PENDING_AG03,FALSE,NOT_FOR_ENFORCEMENT,9474.9825,206164.0421,9869.7735,9474.9825,394.7909,0.04201944,0.04033866,394.7909,9474.9825,0.04033866,394.7909,394.7909,394.7909,394.7909,394.7909,9474.9825,0.04033866,1973.9547,1822.2297,7895.8188,8047.5438,0.03361555,0.0342615,0.00168078,63.6720,71.2286,3.2736,143.0402,5.0692,3404.1435,43.6957,64.4793,63.5359,42.5677,43.0663,85.2079,124.7713,127.8119,154.8004,42.604,-41.336,2.967791,3.594466,1.478463,30,203,130,8,0.14604117,0.04201944,0.00608590,0E-8,0.000000,0.914292,0.640282,0.04207877,2026-03-23,2026-08-04,69,1947,1162,135,0.511111,1.014849,1.012680,0.486804,,,,,,,,GLOBAL_BASELINE_NO_ENTITY_RANKING,,,NOT_APPLICABLE_GLOBAL_BASELINE,HF9g-P5,,,,X 全窗基线 · 不参与实体赏罚,15050087,1506,A168_HF9F_20260827_0900,2026-08-27 09:00:00
2026-04-02,74657362,1402,0,212.8384130768,127.7030478461,127.7030478461,1.0000000,3,3,0.49324550000000000,0.493245500000,1.4334489766152358,1.4334489766152358,1.4334489766152358,0E-17,ELIGIBLE,R03b_20260811_FULL_v1,L1_ELIGIBILITY,v2026-08-11,2026-03-21..2026-08-06,baccarat_bet02_101_all_pairs_incl_sentinel,round_win = game_pnl > 0 (decisive only),COMPATIBILITY_ONLY_NOT_PRODUCTION,234885.8996,214754.2105,9869.7735,3689,3015,-0.04201944,-0.00608590,-0.04816467,-0.04201944,-9869.7735,234885.8996,OK,0.0000,394.7909,4.0000,96.0000,AG03-UNRESOLVED,ALL5_LEVELS_bet23_to_bet27,394.7909,394.7909,394.7909,394.7909,394.7909,4.000000,4.000000,4.000000,4.000000,4.000000,96.000000,96.000000,96.000000,96.000000,96.000000,5.0,1973.9547,1822.2297,7895.8188,8047.5438,PENDING_AG03,FALSE,NOT_FOR_ENFORCEMENT,9474.9825,206164.0421,9869.7735,9474.9825,394.7909,0.04201944,0.04033866,394.7909,9474.9825,0.04033866,394.7909,394.7909,394.7909,394.7909,394.7909,9474.9825,0.04033866,1973.9547,1822.2297,7895.8188,8047.5438,0.03361555,0.0342615,0.00168078,63.6720,71.2286,3.2736,143.0402,5.0692,3404.1435,43.6957,64.4793,63.5359,42.5677,43.0663,85.2079,124.7713,127.8119,154.8004,42.604,-41.336,2.967791,3.594466,1.478463,30,203,130,8,0.14604117,0.04201944,0.00608590,0E-8,0.000000,0.914292,0.640282,0.04207877,2026-03-23,2026-08-04,69,1947,1162,135,0.511111,1.014849,1.012680,0.486804,,,,,,,,GLOBAL_BASELINE_NO_ENTITY_RANKING,,,NOT_APPLICABLE_GLOBAL_BASELINE,HF9g-P5,,,,X 全窗基线 · 不参与实体赏罚,15050088,1506,A168_HF9F_20260827_0900,2026-08-27 09:00:00
2026-04-02,74657362,1645,0,85.1353652307,-85.1353652307,-85.1353652307,0E-7,1,1,0.49324550000000000,0.493245500000,-0.9865810262130424,-0.9865810262130424,-0.9865810262130424,0E-17,ELIGIBLE,R03b_20260811_FULL_v1,L1_ELIGIBILITY,v2026-08-11,2026-03-21..2026-08-06,baccarat_bet02_101_all_pairs_incl_sentinel,round_win = game_pnl > 0 (decisive only),COMPATIBILITY_ONLY_NOT_PRODUCTION,234885.8996,214754.2105,9869.7735,3689,3015,-0.04201944,-0.00608590,-0.04816467,-0.04201944,-9869.7735,234885.8996,OK,0.0000,394.7909,4.0000,96.0000,AG03-UNRESOLVED,ALL5_LEVELS_bet23_to_bet27,394.7909,394.7909,394.7909,394.7909,394.7909,4.000000,4.000000,4.000000,4.000000,4.000000,96.000000,96.000000,96.000000,96.000000,96.000000,5.0,1973.9547,1822.2297,7895.8188,8047.5438,PENDING_AG03,FALSE,NOT_FOR_ENFORCEMENT,9474.9825,206164.0421,9869.7735,9474.9825,394.7909,0.04201944,0.04033866,394.7909,9474.9825,0.04033866,394.7909,394.7909,394.7909,394.7909,394.7909,9474.9825,0.04033866,1973.9547,1822.2297,7895.8188,8047.5438,0.03361555,0.0342615,0.00168078,63.6720,71.2286,3.2736,143.0402,5.0692,3404.1435,43.6957,64.4793,63.5359,42.5677,43.0663,85.2079,124.7713,127.8119,154.8004,42.604,-41.336,2.967791,3.594466,1.478463,30,203,130,8,0.14604117,0.04201944,0.00608590,0E-8,0.000000,0.914292,0.640282,0.04207877,2026-03-23,2026-08-04,69,1947,1162,135,0.511111,1.014849,1.012680,0.486804,,,,,,,,GLOBAL_BASELINE_NO_ENTITY_RANKING,,,NOT_APPLICABLE_GLOBAL_BASELINE,HF9g-P5,,,,X 全窗基线 · 不参与实体赏罚,15050089,1506,A168_HF9F_20260827_0900,2026-08-27 09:00:00
2026-04-02,74657362,1654,0,85.1353652307,85.1353652307,85.1353652307,1.0000000,1,1,0.49324550000000000,0.493245500000,1.01360149184955,1.01360149184955,1.01360149184955,0E-17,ELIGIBLE,R03b_20260811_FULL_v1,L1_ELIGIBILITY,v2026-08-11,2026-03-21..2026-08-06,baccarat_bet02_101_all_pairs_incl_sentinel,round_win = game_pnl > 0 (decisive only),COMPATIBILITY_ONLY_NOT_PRODUCTION,234885.8996,214754.2105,9869.7735,3689,3015,-0.04201944,-0.00608590,-0.04816467,-0.04201944,-9869.7735,234885.8996,OK,0.0000,394.7909,4.0000,96.0000,AG03-UNRESOLVED,ALL5_LEVELS_bet23_to_bet27,394.7909,394.7909,394.7909,394.7909,394.7909,4.000000,4.000000,4.000000,4.000000,4.000000,96.000000,96.000000,96.000000,96.000000,96.000000,5.0,1973.9547,1822.2297,7895.8188,8047.5438,PENDING_AG03,FALSE,NOT_FOR_ENFORCEMENT,9474.9825,206164.0421,9869.7735,9474.9825,394.7909,0.04201944,0.04033866,394.7909,9474.9825,0.04033866,394.7909,394.7909,394.7909,394.7909,394.7909,9474.9825,0.04033866,1973.9547,1822.2297,7895.8188,8047.5438,0.03361555,0.0342615,0.00168078,63.6720,71.2286,3.2736,143.0402,5.0692,3404.1435,43.6957,64.4793,63.5359,42.5677,43.0663,85.2079,124.7713,127.8119,154.8004,42.604,-41.336,2.967791,3.594466,1.478463,30,203,130,8,0.14604117,0.04201944,0.00608590,0E-8,0.000000,0.914292,0.640282,0.04207877,2026-03-23,2026-08-04,69,1947,1162,135,0.511111,1.014849,1.012680,0.486804,,,,,,,,GLOBAL_BASELINE_NO_ENTITY_RANKING,,,NOT_APPLICABLE_GLOBAL_BASELINE,HF9g-P5,,,,X 全窗基线 · 不参与实体赏罚,15050090,1506,A168_HF9F_20260827_0900,2026-08-27 09:00:00
2026-04-02,74657362,1935,0,170.2707304614,170.2707304614,170.2707304614,1.0000000,2,2,0.49324550000000000,0.493245500000,1.4334489766152358,1.4334489766152358,1.4334489766152358,0E-17,ELIGIBLE,R03b_20260811_FULL_v1,L1_ELIGIBILITY,v2026-08-11,2026-03-21..2026-08-06,baccarat_bet02_101_all_pairs_incl_sentinel,round_win = game_pnl > 0 (decisive only),COMPATIBILITY_ONLY_NOT_PRODUCTION,234885.8996,214754.2105,9869.7735,3689,3015,-0.04201944,-0.00608590,-0.04816467,-0.04201944,-9869.7735,234885.8996,OK,0.0000,394.7909,4.0000,96.0000,AG03-UNRESOLVED,ALL5_LEVELS_bet23_to_bet27,394.7909,394.7909,394.7909,394.7909,394.7909,4.000000,4.000000,4.000000,4.000000,4.000000,96.000000,96.000000,96.000000,96.000000,96.000000,5.0,1973.9547,1822.2297,7895.8188,8047.5438,PENDING_AG03,FALSE,NOT_FOR_ENFORCEMENT,9474.9825,206164.0421,9869.7735,9474.9825,394.7909,0.04201944,0.04033866,394.7909,9474.9825,0.04033866,394.7909,394.7909,394.7909,394.7909,394.7909,9474.9825,0.04033866,1973.9547,1822.2297,7895.8188,8047.5438,0.03361555,0.0342615,0.00168078,63.6720,71.2286,3.2736,143.0402,5.0692,3404.1435,43.6957,64.4793,63.5359,42.5677,43.0663,85.2079,124.7713,127.8119,154.8004,42.604,-41.336,2.967791,3.594466,1.478463,30,203,130,8,0.14604117,0.04201944,0.00608590,0E-8,0.000000,0.914292,0.640282,0.04207877,2026-03-23,2026-08-04,69,1947,1162,135,0.511111,1.014849,1.012680,0.486804,,,,,,,,GLOBAL_BASELINE_NO_ENTITY_RANKING,,,NOT_APPLICABLE_GLOBAL_BASELINE,HF9g-P5,,,,X 全窗基线 · 不参与实体赏罚,15050091,1506,A168_HF9F_20260827_0900,2026-08-27 09:00:00
2026-04-02,74657362,1965,0,85.1353652307,-85.1353652307,-85.1353652307,0E-7,1,1,0.50665070000000000,0.506650700000,-1.013391052207602,-1.013391052207602,-1.013391052207602,0E-17,ELIGIBLE,R03b_20260811_FULL_v1,L1_ELIGIBILITY,v2026-08-11,2026-03-21..2026-08-06,baccarat_bet02_101_all_pairs_incl_sentinel,round_win = game_pnl > 0 (decisive only),COMPATIBILITY_ONLY_NOT_PRODUCTION,234885.8996,214754.2105,9869.7735,3689,3015,-0.04201944,-0.00608590,-0.04816467,-0.04201944,-9869.7735,234885.8996,OK,0.0000,394.7909,4.0000,96.0000,AG03-UNRESOLVED,ALL5_LEVELS_bet23_to_bet27,394.7909,394.7909,394.7909,394.7909,394.7909,4.000000,4.000000,4.000000,4.000000,4.000000,96.000000,96.000000,96.000000,96.000000,96.000000,5.0,1973.9547,1822.2297,7895.8188,8047.5438,PENDING_AG03,FALSE,NOT_FOR_ENFORCEMENT,9474.9825,206164.0421,9869.7735,9474.9825,394.7909,0.04201944,0.04033866,394.7909,9474.9825,0.04033866,394.7909,394.7909,394.7909,394.7909,394.7909,9474.9825,0.04033866,1973.9547,1822.2297,7895.8188,8047.5438,0.03361555,0.0342615,0.00168078,63.6720,71.2286,3.2736,143.0402,5.0692,3404.1435,43.6957,64.4793,63.5359,42.5677,43.0663,85.2079,124.7713,127.8119,154.8004,42.604,-41.336,2.967791,3.594466,1.478463,30,203,130,8,0.14604117,0.04201944,0.00608590,0E-8,0.000000,0.914292,0.640282,0.04207877,2026-03-23,2026-08-04,69,1947,1162,135,0.511111,1.014849,1.012680,0.486804,,,,,,,,GLOBAL_BASELINE_NO_ENTITY_RANKING,,,NOT_APPLICABLE_GLOBAL_BASELINE,HF9g-P5,,,,X 全窗基线 · 不参与实体赏罚,15050092,1506,A168_HF9F_20260827_0900,2026-08-27 09:00:00
2026-04-02,74657362,2117,0,85.1353652307,85.1353652307,85.1353652307,1.0000000,1,1,0.49324550000000000,0.493245500000,1.01360149184955,1.01360149184955,1.01360149184955,0E-17,ELIGIBLE,R03b_20260811_FULL_v1,L1_ELIGIBILITY,v2026-08-11,2026-03-21..2026-08-06,baccarat_bet02_101_all_pairs_incl_sentinel,round_win = game_pnl > 0 (decisive only),COMPATIBILITY_ONLY_NOT_PRODUCTION,234885.8996,214754.2105,9869.7735,3689,3015,-0.04201944,-0.00608590,-0.04816467,-0.04201944,-9869.7735,234885.8996,OK,0.0000,394.7909,4.0000,96.0000,AG03-UNRESOLVED,ALL5_LEVELS_bet23_to_bet27,394.7909,394.7909,394.7909,394.7909,394.7909,4.000000,4.000000,4.000000,4.000000,4.000000,96.000000,96.000000,96.000000,96.000000,96.000000,5.0,1973.9547,1822.2297,7895.8188,8047.5438,PENDING_AG03,FALSE,NOT_FOR_ENFORCEMENT,9474.9825,206164.0421,9869.7735,9474.9825,394.7909,0.04201944,0.04033866,394.7909,9474.9825,0.04033866,394.7909,394.7909,394.7909,394.7909,394.7909,9474.9825,0.04033866,1973.9547,1822.2297,7895.8188,8047.5438,0.03361555,0.0342615,0.00168078,63.6720,71.2286,3.2736,143.0402,5.0692,3404.1435,43.6957,64.4793,63.5359,42.5677,43.0663,85.2079,124.7713,127.8119,154.8004,42.604,-41.336,2.967791,3.594466,1.478463,30,203,130,8,0.14604117,0.04201944,0.00608590,0E-8,0.000000,0.914292,0.640282,0.04207877,2026-03-23,2026-08-04,69,1947,1162,135,0.511111,1.014849,1.012680,0.486804,,,,,,,,GLOBAL_BASELINE_NO_ENTITY_RANKING,,,NOT_APPLICABLE_GLOBAL_BASELINE,HF9g-P5,,,,X 全窗基线 · 不参与实体赏罚,15050093,1506,A168_HF9F_20260827_0900,2026-08-27 09:00:00
2026-04-02,74657362,2175,0,42.5676826154,-42.5676826154,-42.5676826154,0E-7,1,1,0.49324550000000000,0.493245500000,-0.9865810262130424,-0.9865810262130424,-0.9865810262130424,0E-17,ELIGIBLE,R03b_20260811_FULL_v1,L1_ELIGIBILITY,v2026-08-11,2026-03-21..2026-08-06,baccarat_bet02_101_all_pairs_incl_sentinel,round_win = game_pnl > 0 (decisive only),COMPATIBILITY_ONLY_NOT_PRODUCTION,234885.8996,214754.2105,9869.7735,3689,3015,-0.04201944,-0.00608590,-0.04816467,-0.04201944,-9869.7735,234885.8996,OK,0.0000,394.7909,4.0000,96.0000,AG03-UNRESOLVED,ALL5_LEVELS_bet23_to_bet27,394.7909,394.7909,394.7909,394.7909,394.7909,4.000000,4.000000,4.000000,4.000000,4.000000,96.000000,96.000000,96.000000,96.000000,96.000000,5.0,1973.9547,1822.2297,7895.8188,8047.5438,PENDING_AG03,FALSE,NOT_FOR_ENFORCEMENT,9474.9825,206164.0421,9869.7735,9474.9825,394.7909,0.04201944,0.04033866,394.7909,9474.9825,0.04033866,394.7909,394.7909,394.7909,394.7909,394.7909,9474.9825,0.04033866,1973.9547,1822.2297,7895.8188,8047.5438,0.03361555,0.0342615,0.00168078,63.6720,71.2286,3.2736,143.0402,5.0692,3404.1435,43.6957,64.4793,63.5359,42.5677,43.0663,85.2079,124.7713,127.8119,154.8004,42.604,-41.336,2.967791,3.594466,1.478463,30,203,130,8,0.14604117,0.04201944,0.00608590,0E-8,0.000000,0.914292,0.640282,0.04207877,2026-03-23,2026-08-04,69,1947,1162,135,0.511111,1.014849,1.012680,0.486804,,,,,,,,GLOBAL_BASELINE_NO_ENTITY_RANKING,,,NOT_APPLICABLE_GLOBAL_BASELINE,HF9g-P5,,,,X 全窗基线 · 不参与实体赏罚,15050094,1506,A168_HF9F_20260827_0900,2026-08-27 09:00:00
2026-04-02,74657362,2196,0,425.6768261535,170.2707304614,170.2707304614,0.7500000,5,5,0.49324550000000000,0.493245500000,1.0271117246678039,1.0271117246678039,1.0271117246678039,0E-17,ELIGIBLE,R03b_20260811_FULL_v1,L1_ELIGIBILITY,v2026-08-11,2026-03-21..2026-08-06,baccarat_bet02_101_all_pairs_incl_sentinel,round_win = game_pnl > 0 (decisive only),COMPATIBILITY_ONLY_NOT_PRODUCTION,234885.8996,214754.2105,9869.7735,3689,3015,-0.04201944,-0.00608590,-0.04816467,-0.04201944,-9869.7735,234885.8996,OK,0.0000,394.7909,4.0000,96.0000,AG03-UNRESOLVED,ALL5_LEVELS_bet23_to_bet27,394.7909,394.7909,394.7909,394.7909,394.7909,4.000000,4.000000,4.000000,4.000000,4.000000,96.000000,96.000000,96.000000,96.000000,96.000000,5.0,1973.9547,1822.2297,7895.8188,8047.5438,PENDING_AG03,FALSE,NOT_FOR_ENFORCEMENT,9474.9825,206164.0421,9869.7735,9474.9825,394.7909,0.04201944,0.04033866,394.7909,9474.9825,0.04033866,394.7909,394.7909,394.7909,394.7909,394.7909,9474.9825,0.04033866,1973.9547,1822.2297,7895.8188,8047.5438,0.03361555,0.0342615,0.00168078,63.6720,71.2286,3.2736,143.0402,5.0692,3404.1435,43.6957,64.4793,63.5359,42.5677,43.0663,85.2079,124.7713,127.8119,154.8004,42.604,-41.336,2.967791,3.594466,1.478463,30,203,130,8,0.14604117,0.04201944,0.00608590,0E-8,0.000000,0.914292,0.640282,0.04207877,2026-03-23,2026-08-04,69,1947,1162,135,0.511111,1.014849,1.012680,0.486804,,,,,,,,GLOBAL_BASELINE_NO_ENTITY_RANKING,,,NOT_APPLICABLE_GLOBAL_BASELINE,HF9g-P5,,,,X 全窗基线 · 不参与实体赏罚,15050095,1506,A168_HF9F_20260827_0900,2026-08-27 09:00:00
2026-04-02,74657362,2201,0,127.7030478461,42.5676826153,42.5676826153,0.5000000,2,2,0.49324550000000000,0.493245500000,0.01910635448239258,0.01910635448239258,0.01910635448239258,0E-17,ELIGIBLE,R03b_20260811_FULL_v1,L1_ELIGIBILITY,v2026-08-11,2026-03-21..2026-08-06,baccarat_bet02_101_all_pairs_incl_sentinel,round_win = game_pnl > 0 (decisive only),COMPATIBILITY_ONLY_NOT_PRODUCTION,234885.8996,214754.2105,9869.7735,3689,3015,-0.04201944,-0.00608590,-0.04816467,-0.04201944,-9869.7735,234885.8996,OK,0.0000,394.7909,4.0000,96.0000,AG03-UNRESOLVED,ALL5_LEVELS_bet23_to_bet27,394.7909,394.7909,394.7909,394.7909,394.7909,4.000000,4.000000,4.000000,4.000000,4.000000,96.000000,96.000000,96.000000,96.000000,96.000000,5.0,1973.9547,1822.2297,7895.8188,8047.5438,PENDING_AG03,FALSE,NOT_FOR_ENFORCEMENT,9474.9825,206164.0421,9869.7735,9474.9825,394.7909,0.04201944,0.04033866,394.7909,9474.9825,0.04033866,394.7909,394.7909,394.7909,394.7909,394.7909,9474.9825,0.04033866,1973.9547,1822.2297,7895.8188,8047.5438,0.03361555,0.0342615,0.00168078,63.6720,71.2286,3.2736,143.0402,5.0692,3404.1435,43.6957,64.4793,63.5359,42.5677,43.0663,85.2079,124.7713,127.8119,154.8004,42.604,-41.336,2.967791,3.594466,1.478463,30,203,130,8,0.14604117,0.04201944,0.00608590,0E-8,0.000000,0.914292,0.640282,0.04207877,2026-03-23,2026-08-04,69,1947,1162,135,0.511111,1.014849,1.012680,0.486804,,,,,,,,GLOBAL_BASELINE_NO_ENTITY_RANKING,,,NOT_APPLICABLE_GLOBAL_BASELINE,HF9g-P5,,,,X 全窗基线 · 不参与实体赏罚,15050096,1506,A168_HF9F_20260827_0900,2026-08-27 09:00:00
2026-04-02,74657362,2212,0,42.5676826154,-42.5676826154,-42.5676826154,0E-7,1,1,0.50665070000000000,0.506650700000,-1.013391052207602,-1.013391052207602,-1.013391052207602,0E-17,ELIGIBLE,R03b_20260811_FULL_v1,L1_ELIGIBILITY,v2026-08-11,2026-03-21..2026-08-06,baccarat_bet02_101_all_pairs_incl_sentinel,round_win = game_pnl > 0 (decisive only),COMPATIBILITY_ONLY_NOT_PRODUCTION,234885.8996,214754.2105,9869.7735,3689,3015,-0.04201944,-0.00608590,-0.04816467,-0.04201944,-9869.7735,234885.8996,OK,0.0000,394.7909,4.0000,96.0000,AG03-UNRESOLVED,ALL5_LEVELS_bet23_to_bet27,394.7909,394.7909,394.7909,394.7909,394.7909,4.000000,4.000000,4.000000,4.000000,4.000000,96.000000,96.000000,96.000000,96.000000,96.000000,5.0,1973.9547,1822.2297,7895.8188,8047.5438,PENDING_AG03,FALSE,NOT_FOR_ENFORCEMENT,9474.9825,206164.0421,9869.7735,9474.9825,394.7909,0.04201944,0.04033866,394.7909,9474.9825,0.04033866,394.7909,394.7909,394.7909,394.7909,394.7909,9474.9825,0.04033866,1973.9547,1822.2297,7895.8188,8047.5438,0.03361555,0.0342615,0.00168078,63.6720,71.2286,3.2736,143.0402,5.0692,3404.1435,43.6957,64.4793,63.5359,42.5677,43.0663,85.2079,124.7713,127.8119,154.8004,42.604,-41.336,2.967791,3.594466,1.478463,30,203,130,8,0.14604117,0.04201944,0.00608590,0E-8,0.000000,0.914292,0.640282,0.04207877,2026-03-23,2026-08-04,69,1947,1162,135,0.511111,1.014849,1.012680,0.486804,,,,,,,,GLOBAL_BASELINE_NO_ENTITY_RANKING,,,NOT_APPLICABLE_GLOBAL_BASELINE,HF9g-P5,,,,X 全窗基线 · 不参与实体赏罚,15050097,1506,A168_HF9F_20260827_0900,2026-08-27 09:00:00
2026-04-02,74657362,2218,0,42.5676826154,-42.5676826154,-42.5676826154,0E-7,1,1,0.49324550000000000,0.493245500000,-0.9865810262130424,-0.9865810262130424,-0.9865810262130424,0E-17,ELIGIBLE,R03b_20260811_FULL_v1,L1_ELIGIBILITY,v2026-08-11,2026-03-21..2026-08-06,baccarat_bet02_101_all_pairs_incl_sentinel,round_win = game_pnl > 0 (decisive only),COMPATIBILITY_ONLY_NOT_PRODUCTION,234885.8996,214754.2105,9869.7735,3689,3015,-0.04201944,-0.00608590,-0.04816467,-0.04201944,-9869.7735,234885.8996,OK,0.0000,394.7909,4.0000,96.0000,AG03-UNRESOLVED,ALL5_LEVELS_bet23_to_bet27,394.7909,394.7909,394.7909,394.7909,394.7909,4.000000,4.000000,4.000000,4.000000,4.000000,96.000000,96.000000,96.000000,96.000000,96.000000,5.0,1973.9547,1822.2297,7895.8188,8047.5438,PENDING_AG03,FALSE,NOT_FOR_ENFORCEMENT,9474.9825,206164.0421,9869.7735,9474.9825,394.7909,0.04201944,0.04033866,394.7909,9474.9825,0.04033866,394.7909,394.7909,394.7909,394.7909,394.7909,9474.9825,0.04033866,1973.9547,1822.2297,7895.8188,8047.5438,0.03361555,0.0342615,0.00168078,63.6720,71.2286,3.2736,143.0402,5.0692,3404.1435,43.6957,64.4793,63.5359,42.5677,43.0663,85.2079,124.7713,127.8119,154.8004,42.604,-41.336,2.967791,3.594466,1.478463,30,203,130,8,0.14604117,0.04201944,0.00608590,0E-8,0.000000,0.914292,0.640282,0.04207877,2026-03-23,2026-08-04,69,1947,1162,135,0.511111,1.014849,1.012680,0.486804,,,,,,,,GLOBAL_BASELINE_NO_ENTITY_RANKING,,,NOT_APPLICABLE_GLOBAL_BASELINE,HF9g-P5,,,,X 全窗基线 · 不参与实体赏罚,15050098,1506,A168_HF9F_20260827_0900,2026-08-27 09:00:00
2026-04-02,74657362,2220,0,119.1895113230,-34.0541460923,-34.0541460923,0E-7,2,2,0.49324550000000000,0.493245500000,-0.9865810262130424,-0.9865810262130424,-0.9865810262130424,0E-17,ELIGIBLE,R03b_20260811_FULL_v1,L1_ELIGIBILITY,v2026-08-11,2026-03-21..2026-08-06,baccarat_bet02_101_all_pairs_incl_sentinel,round_win = game_pnl > 0 (decisive only),COMPATIBILITY_ONLY_NOT_PRODUCTION,234885.8996,214754.2105,9869.7735,3689,3015,-0.04201944,-0.00608590,-0.04816467,-0.04201944,-9869.7735,234885.8996,OK,0.0000,394.7909,4.0000,96.0000,AG03-UNRESOLVED,ALL5_LEVELS_bet23_to_bet27,394.7909,394.7909,394.7909,394.7909,394.7909,4.000000,4.000000,4.000000,4.000000,4.000000,96.000000,96.000000,96.000000,96.000000,96.000000,5.0,1973.9547,1822.2297,7895.8188,8047.5438,PENDING_AG03,FALSE,NOT_FOR_ENFORCEMENT,9474.9825,206164.0421,9869.7735,9474.9825,394.7909,0.04201944,0.04033866,394.7909,9474.9825,0.04033866,394.7909,394.7909,394.7909,394.7909,394.7909,9474.9825,0.04033866,1973.9547,1822.2297,7895.8188,8047.5438,0.03361555,0.0342615,0.00168078,63.6720,71.2286,3.2736,143.0402,5.0692,3404.1435,43.6957,64.4793,63.5359,42.5677,43.0663,85.2079,124.7713,127.8119,154.8004,42.604,-41.336,2.967791,3.594466,1.478463,30,203,130,8,0.14604117,0.04201944,0.00608590,0E-8,0.000000,0.914292,0.640282,0.04207877,2026-03-23,2026-08-04,69,1947,1162,135,0.511111,1.014849,1.012680,0.486804,,,,,,,,GLOBAL_BASELINE_NO_ENTITY_RANKING,,,NOT_APPLICABLE_GLOBAL_BASELINE,HF9g-P5,,,,X 全窗基线 · 不参与实体赏罚,15050099,1506,A168_HF9F_20260827_0900,2026-08-27 09:00:00
2026-04-02,74657362,2232,0,85.1353652307,-85.1353652307,-85.1353652307,0E-7,1,1,0.49324550000000000,0.493245500000,-0.9865810262130424,-0.9865810262130424,-0.9865810262130424,0E-17,ELIGIBLE,R03b_20260811_FULL_v1,L1_ELIGIBILITY,v2026-08-11,2026-03-21..2026-08-06,baccarat_bet02_101_all_pairs_incl_sentinel,round_win = game_pnl > 0 (decisive only),COMPATIBILITY_ONLY_NOT_PRODUCTION,234885.8996,214754.2105,9869.7735,3689,3015,-0.04201944,-0.00608590,-0.04816467,-0.04201944,-9869.7735,234885.8996,OK,0.0000,394.7909,4.0000,96.0000,AG03-UNRESOLVED,ALL5_LEVELS_bet23_to_bet27,394.7909,394.7909,394.7909,394.7909,394.7909,4.000000,4.000000,4.000000,4.000000,4.000000,96.000000,96.000000,96.000000,96.000000,96.000000,5.0,1973.9547,1822.2297,7895.8188,8047.5438,PENDING_AG03,FALSE,NOT_FOR_ENFORCEMENT,9474.9825,206164.0421,9869.7735,9474.9825,394.7909,0.04201944,0.04033866,394.7909,9474.9825,0.04033866,394.7909,394.7909,394.7909,394.7909,394.7909,9474.9825,0.04033866,1973.9547,1822.2297,7895.8188,8047.5438,0.03361555,0.0342615,0.00168078,63.6720,71.2286,3.2736,143.0402,5.0692,3404.1435,43.6957,64.4793,63.5359,42.5677,43.0663,85.2079,124.7713,127.8119,154.8004,42.604,-41.336,2.967791,3.594466,1.478463,30,203,130,8,0.14604117,0.04201944,0.00608590,0E-8,0.000000,0.914292,0.640282,0.04207877,2026-03-23,2026-08-04,69,1947,1162,135,0.511111,1.014849,1.012680,0.486804,,,,,,,,GLOBAL_BASELINE_NO_ENTITY_RANKING,,,NOT_APPLICABLE_GLOBAL_BASELINE,HF9g-P5,,,,X 全窗基线 · 不参与实体赏罚,15050100,1506,A168_HF9F_20260827_0900,2026-08-27 09:00:00
2026-04-02,74657362,2234,0,170.2707304614,170.2707304614,170.2707304614,1.0000000,2,2,0.49324550000000000,0.493245500000,1.4334489766152358,1.4334489766152358,1.4334489766152358,0E-17,ELIGIBLE,R03b_20260811_FULL_v1,L1_ELIGIBILITY,v2026-08-11,2026-03-21..2026-08-06,baccarat_bet02_101_all_pairs_incl_sentinel,round_win = game_pnl > 0 (decisive only),COMPATIBILITY_ONLY_NOT_PRODUCTION,234885.8996,214754.2105,9869.7735,3689,3015,-0.04201944,-0.00608590,-0.04816467,-0.04201944,-9869.7735,234885.8996,OK,0.0000,394.7909,4.0000,96.0000,AG03-UNRESOLVED,ALL5_LEVELS_bet23_to_bet27,394.7909,394.7909,394.7909,394.7909,394.7909,4.000000,4.000000,4.000000,4.000000,4.000000,96.000000,96.000000,96.000000,96.000000,96.000000,5.0,1973.9547,1822.2297,7895.8188,8047.5438,PENDING_AG03,FALSE,NOT_FOR_ENFORCEMENT,9474.9825,206164.0421,9869.7735,9474.9825,394.7909,0.04201944,0.04033866,394.7909,9474.9825,0.04033866,394.7909,394.7909,394.7909,394.7909,394.7909,9474.9825,0.04033866,1973.9547,1822.2297,7895.8188,8047.5438,0.03361555,0.0342615,0.00168078,63.6720,71.2286,3.2736,143.0402,5.0692,3404.1435,43.6957,64.4793,63.5359,42.5677,43.0663,85.2079,124.7713,127.8119,154.8004,42.604,-41.336,2.967791,3.594466,1.478463,30,203,130,8,0.14604117,0.04201944,0.00608590,0E-8,0.000000,0.914292,0.640282,0.04207877,2026-03-23,2026-08-04,69,1947,1162,135,0.511111,1.014849,1.012680,0.486804,,,,,,,,GLOBAL_BASELINE_NO_ENTITY_RANKING,,,NOT_APPLICABLE_GLOBAL_BASELINE,HF9g-P5,,,,X 全窗基线 · 不参与实体赏罚,15050101,1506,A168_HF9F_20260827_0900,2026-08-27 09:00:00
2026-04-02,74657362,2235,0,280.9467052613,-42.5676826152,-42.5676826152,0.5000000,6,5,0.40953607000000000,0.409536070000,0.3679278654187939,0.3679278654187939,0.3679278654187939,0E-17,ELIGIBLE,R03b_20260811_FULL_v1,L1_ELIGIBILITY,v2026-08-11,2026-03-21..2026-08-06,baccarat_bet02_101_all_pairs_incl_sentinel,round_win = game_pnl > 0 (decisive only),COMPATIBILITY_ONLY_NOT_PRODUCTION,234885.8996,214754.2105,9869.7735,3689,3015,-0.04201944,-0.00608590,-0.04816467,-0.04201944,-9869.7735,234885.8996,OK,0.0000,394.7909,4.0000,96.0000,AG03-UNRESOLVED,ALL5_LEVELS_bet23_to_bet27,394.7909,394.7909,394.7909,394.7909,394.7909,4.000000,4.000000,4.000000,4.000000,4.000000,96.000000,96.000000,96.000000,96.000000,96.000000,5.0,1973.9547,1822.2297,7895.8188,8047.5438,PENDING_AG03,FALSE,NOT_FOR_ENFORCEMENT,9474.9825,206164.0421,9869.7735,9474.9825,394.7909,0.04201944,0.04033866,394.7909,9474.9825,0.04033866,394.7909,394.7909,394.7909,394.7909,394.7909,9474.9825,0.04033866,1973.9547,1822.2297,7895.8188,8047.5438,0.03361555,0.0342615,0.00168078,63.6720,71.2286,3.2736,143.0402,5.0692,3404.1435,43.6957,64.4793,63.5359,42.5677,43.0663,85.2079,124.7713,127.8119,154.8004,42.604,-41.336,2.967791,3.594466,1.478463,30,203,130,8,0.14604117,0.04201944,0.00608590,0E-8,0.000000,0.914292,0.640282,0.04207877,2026-03-23,2026-08-04,69,1947,1162,135,0.511111,1.014849,1.012680,0.486804,,,,,,,,GLOBAL_BASELINE_NO_ENTITY_RANKING,,,NOT_APPLICABLE_GLOBAL_BASELINE,HF9g-P5,,,,X 全窗基线 · 不参与实体赏罚,15050102,1506,A168_HF9F_20260827_0900,2026-08-27 09:00:00
2026-04-02,74657362,2258,0,85.1353652307,85.1353652307,85.1353652307,1.0000000,1,1,0.49324550000000000,0.493245500000,1.01360149184955,1.01360149184955,1.01360149184955,0E-17,ELIGIBLE,R03b_20260811_FULL_v1,L1_ELIGIBILITY,v2026-08-11,2026-03-21..2026-08-06,baccarat_bet02_101_all_pairs_incl_sentinel,round_win = game_pnl > 0 (decisive only),COMPATIBILITY_ONLY_NOT_PRODUCTION,234885.8996,214754.2105,9869.7735,3689,3015,-0.04201944,-0.00608590,-0.04816467,-0.04201944,-9869.7735,234885.8996,OK,0.0000,394.7909,4.0000,96.0000,AG03-UNRESOLVED,ALL5_LEVELS_bet23_to_bet27,394.7909,394.7909,394.7909,394.7909,394.7909,4.000000,4.000000,4.000000,4.000000,4.000000,96.000000,96.000000,96.000000,96.000000,96.000000,5.0,1973.9547,1822.2297,7895.8188,8047.5438,PENDING_AG03,FALSE,NOT_FOR_ENFORCEMENT,9474.9825,206164.0421,9869.7735,9474.9825,394.7909,0.04201944,0.04033866,394.7909,9474.9825,0.04033866,394.7909,394.7909,394.7909,394.7909,394.7909,9474.9825,0.04033866,1973.9547,1822.2297,7895.8188,8047.5438,0.03361555,0.0342615,0.00168078,63.6720,71.2286,3.2736,143.0402,5.0692,3404.1435,43.6957,64.4793,63.5359,42.5677,43.0663,85.2079,124.7713,127.8119,154.8004,42.604,-41.336,2.967791,3.594466,1.478463,30,203,130,8,0.14604117,0.04201944,0.00608590,0E-8,0.000000,0.914292,0.640282,0.04207877,2026-03-23,2026-08-04,69,1947,1162,135,0.511111,1.014849,1.012680,0.486804,,,,,,,,GLOBAL_BASELINE_NO_ENTITY_RANKING,,,NOT_APPLICABLE_GLOBAL_BASELINE,HF9g-P5,,,,X 全窗基线 · 不参与实体赏罚,15050103,1506,A168_HF9F_20260827_0900,2026-08-27 09:00:00
2026-04-02,74657362,595,0,425.6768261537,255.4060956921,255.4060956921,1.0000000,5,3,0.42666741666662232,0.351152533333,2.0077942226242502,2.3544205029785283,2.0077942226242502,0.07551488333362232,ELIGIBLE,R03b_20260811_FULL_v1,L1_ELIGIBILITY,v2026-08-11,2026-03-21..2026-08-06,baccarat_bet02_101_all_pairs_incl_sentinel,round_win = game_pnl > 0 (decisive only),COMPATIBILITY_ONLY_NOT_PRODUCTION,234885.8996,214754.2105,9869.7735,3689,3015,-0.04201944,-0.00608590,-0.04816467,-0.04201944,-9869.7735,234885.8996,OK,0.0000,394.7909,4.0000,96.0000,AG03-UNRESOLVED,ALL5_LEVELS_bet23_to_bet27,394.7909,394.7909,394.7909,394.7909,394.7909,4.000000,4.000000,4.000000,4.000000,4.000000,96.000000,96.000000,96.000000,96.000000,96.000000,5.0,1973.9547,1822.2297,7895.8188,8047.5438,PENDING_AG03,FALSE,NOT_FOR_ENFORCEMENT,9474.9825,206164.0421,9869.7735,9474.9825,394.7909,0.04201944,0.04033866,394.7909,9474.9825,0.04033866,394.7909,394.7909,394.7909,394.7909,394.7909,9474.9825,0.04033866,1973.9547,1822.2297,7895.8188,8047.5438,0.03361555,0.0342615,0.00168078,63.6720,71.2286,3.2736,143.0402,5.0692,3404.1435,43.6957,64.4793,63.5359,42.5677,43.0663,85.2079,124.7713,127.8119,154.8004,42.604,-41.336,2.967791,3.594466,1.478463,30,203,130,8,0.14604117,0.04201944,0.00608590,0E-8,0.000000,0.914292,0.640282,0.04207877,2026-03-23,2026-08-04,69,1947,1162,135,0.511111,1.014849,1.012680,0.486804,,,,,,,,GLOBAL_BASELINE_NO_ENTITY_RANKING,,,NOT_APPLICABLE_GLOBAL_BASELINE,HF9g-P5,,,,X 全窗基线 · 不参与实体赏罚,15050104,1506,A168_HF9F_20260827_0900,2026-08-27 09:00:00
2026-04-02,74657362,626,0,85.1353652307,-85.1353652307,-85.1353652307,0E-7,1,1,0.49324550000000000,0.493245500000,-0.9865810262130424,-0.9865810262130424,-0.9865810262130424,0E-17,ELIGIBLE,R03b_20260811_FULL_v1,L1_ELIGIBILITY,v2026-08-11,2026-03-21..2026-08-06,baccarat_bet02_101_all_pairs_incl_sentinel,round_win = game_pnl > 0 (decisive only),COMPATIBILITY_ONLY_NOT_PRODUCTION,234885.8996,214754.2105,9869.7735,3689,3015,-0.04201944,-0.00608590,-0.04816467,-0.04201944,-9869.7735,234885.8996,OK,0.0000,394.7909,4.0000,96.0000,AG03-UNRESOLVED,ALL5_LEVELS_bet23_to_bet27,394.7909,394.7909,394.7909,394.7909,394.7909,4.000000,4.000000,4.000000,4.000000,4.000000,96.000000,96.000000,96.000000,96.000000,96.000000,5.0,1973.9547,1822.2297,7895.8188,8047.5438,PENDING_AG03,FALSE,NOT_FOR_ENFORCEMENT,9474.9825,206164.0421,9869.7735,9474.9825,394.7909,0.04201944,0.04033866,394.7909,9474.9825,0.04033866,394.7909,394.7909,394.7909,394.7909,394.7909,9474.9825,0.04033866,1973.9547,1822.2297,7895.8188,8047.5438,0.03361555,0.0342615,0.00168078,63.6720,71.2286,3.2736,143.0402,5.0692,3404.1435,43.6957,64.4793,63.5359,42.5677,43.0663,85.2079,124.7713,127.8119,154.8004,42.604,-41.336,2.967791,3.594466,1.478463,30,203,130,8,0.14604117,0.04201944,0.00608590,0E-8,0.000000,0.914292,0.640282,0.04207877,2026-03-23,2026-08-04,69,1947,1162,135,0.511111,1.014849,1.012680,0.486804,,,,,,,,GLOBAL_BASELINE_NO_ENTITY_RANKING,,,NOT_APPLICABLE_GLOBAL_BASELINE,HF9g-P5,,,,X 全窗基线 · 不参与实体赏罚,15050105,1506,A168_HF9F_20260827_0900,2026-08-27 09:00:00
2026-04-02,74657362,970,0,42.5676826154,42.5676826154,42.5676826154,1.0000000,1,1,0.49324550000000000,0.493245500000,1.01360149184955,1.01360149184955,1.01360149184955,0E-17,ELIGIBLE,R03b_20260811_FULL_v1,L1_ELIGIBILITY,v2026-08-11,2026-03-21..2026-08-06,baccarat_bet02_101_all_pairs_incl_sentinel,round_win = game_pnl > 0 (decisive only),COMPATIBILITY_ONLY_NOT_PRODUCTION,234885.8996,214754.2105,9869.7735,3689,3015,-0.04201944,-0.00608590,-0.04816467,-0.04201944,-9869.7735,234885.8996,OK,0.0000,394.7909,4.0000,96.0000,AG03-UNRESOLVED,ALL5_LEVELS_bet23_to_bet27,394.7909,394.7909,394.7909,394.7909,394.7909,4.000000,4.000000,4.000000,4.000000,4.000000,96.000000,96.000000,96.000000,96.000000,96.000000,5.0,1973.9547,1822.2297,7895.8188,8047.5438,PENDING_AG03,FALSE,NOT_FOR_ENFORCEMENT,9474.9825,206164.0421,9869.7735,9474.9825,394.7909,0.04201944,0.04033866,394.7909,9474.9825,0.04033866,394.7909,394.7909,394.7909,394.7909,394.7909,9474.9825,0.04033866,1973.9547,1822.2297,7895.8188,8047.5438,0.03361555,0.0342615,0.00168078,63.6720,71.2286,3.2736,143.0402,5.0692,3404.1435,43.6957,64.4793,63.5359,42.5677,43.0663,85.2079,124.7713,127.8119,154.8004,42.604,-41.336,2.967791,3.594466,1.478463,30,203,130,8,0.14604117,0.04201944,0.00608590,0E-8,0.000000,0.914292,0.640282,0.04207877,2026-03-23,2026-08-04,69,1947,1162,135,0.511111,1.014849,1.012680,0.486804,,,,,,,,GLOBAL_BASELINE_NO_ENTITY_RANKING,,,NOT_APPLICABLE_GLOBAL_BASELINE,HF9g-P5,,,,X 全窗基线 · 不参与实体赏罚,15050106,1506,A168_HF9F_20260827_0900,2026-08-27 09:00:00
2026-04-03,74657362,-1,1,1340.0306487320,-105.5678528859,-105.5678528859,0.5000000,24,24,0.49436260000000000,0.494362600000,0.050425643649317786,0.050425643649317786,0.050425643649317786,0E-17,SENTINEL_DEALER,R03b_20260811_FULL_v1,L1_ELIGIBILITY,v2026-08-11,2026-03-21..2026-08-06,baccarat_bet02_101_all_pairs_incl_sentinel,round_win = game_pnl > 0 (decisive only),COMPATIBILITY_ONLY_NOT_PRODUCTION,234885.8996,214754.2105,9869.7735,3689,3015,-0.04201944,-0.00608590,-0.04816467,-0.04201944,-9869.7735,234885.8996,OK,0.0000,394.7909,4.0000,96.0000,AG03-UNRESOLVED,ALL5_LEVELS_bet23_to_bet27,394.7909,394.7909,394.7909,394.7909,394.7909,4.000000,4.000000,4.000000,4.000000,4.000000,96.000000,96.000000,96.000000,96.000000,96.000000,5.0,1973.9547,1822.2297,7895.8188,8047.5438,PENDING_AG03,FALSE,NOT_FOR_ENFORCEMENT,9474.9825,206164.0421,9869.7735,9474.9825,394.7909,0.04201944,0.04033866,394.7909,9474.9825,0.04033866,394.7909,394.7909,394.7909,394.7909,394.7909,9474.9825,0.04033866,1973.9547,1822.2297,7895.8188,8047.5438,0.03361555,0.0342615,0.00168078,63.6720,71.2286,3.2736,143.0402,5.0692,3404.1435,43.6957,64.4793,63.5359,42.5677,43.0663,85.2079,124.7713,127.8119,154.8004,42.604,-41.336,2.967791,3.594466,1.478463,30,203,130,8,0.14604117,0.04201944,0.00608590,0E-8,0.000000,0.914292,0.640282,0.04207877,2026-03-23,2026-08-04,69,1947,1162,135,0.511111,1.014849,1.012680,0.486804,,,,,,,,GLOBAL_BASELINE_NO_ENTITY_RANKING,,,NOT_APPLICABLE_GLOBAL_BASELINE,HF9g-P5,,,,X 全窗基线 · 不参与实体赏罚,15050107,1506,A168_HF9F_20260827_0900,2026-08-27 09:00:00
2026-04-03,74657362,1210,0,212.8384130770,-42.5676826154,-42.5676826154,0.4000000,5,5,0.49592654000000000,0.495926540000,-0.42901076602576227,-0.42901076602576227,-0.42901076602576227,0E-17,ELIGIBLE,R03b_20260811_FULL_v1,L1_ELIGIBILITY,v2026-08-11,2026-03-21..2026-08-06,baccarat_bet02_101_all_pairs_incl_sentinel,round_win = game_pnl > 0 (decisive only),COMPATIBILITY_ONLY_NOT_PRODUCTION,234885.8996,214754.2105,9869.7735,3689,3015,-0.04201944,-0.00608590,-0.04816467,-0.04201944,-9869.7735,234885.8996,OK,0.0000,394.7909,4.0000,96.0000,AG03-UNRESOLVED,ALL5_LEVELS_bet23_to_bet27,394.7909,394.7909,394.7909,394.7909,394.7909,4.000000,4.000000,4.000000,4.000000,4.000000,96.000000,96.000000,96.000000,96.000000,96.000000,5.0,1973.9547,1822.2297,7895.8188,8047.5438,PENDING_AG03,FALSE,NOT_FOR_ENFORCEMENT,9474.9825,206164.0421,9869.7735,9474.9825,394.7909,0.04201944,0.04033866,394.7909,9474.9825,0.04033866,394.7909,394.7909,394.7909,394.7909,394.7909,9474.9825,0.04033866,1973.9547,1822.2297,7895.8188,8047.5438,0.03361555,0.0342615,0.00168078,63.6720,71.2286,3.2736,143.0402,5.0692,3404.1435,43.6957,64.4793,63.5359,42.5677,43.0663,85.2079,124.7713,127.8119,154.8004,42.604,-41.336,2.967791,3.594466,1.478463,30,203,130,8,0.14604117,0.04201944,0.00608590,0E-8,0.000000,0.914292,0.640282,0.04207877,2026-03-23,2026-08-04,69,1947,1162,135,0.511111,1.014849,1.012680,0.486804,,,,,,,,GLOBAL_BASELINE_NO_ENTITY_RANKING,,,NOT_APPLICABLE_GLOBAL_BASELINE,HF9g-P5,,,,X 全窗基线 · 不参与实体赏罚,15050108,1506,A168_HF9F_20260827_0900,2026-08-27 09:00:00
2026-04-03,74657362,1306,0,85.1353652307,-85.1353652307,-85.1353652307,0E-7,1,1,0.49324550000000000,0.493245500000,-0.9865810262130424,-0.9865810262130424,-0.9865810262130424,0E-17,ELIGIBLE,R03b_20260811_FULL_v1,L1_ELIGIBILITY,v2026-08-11,2026-03-21..2026-08-06,baccarat_bet02_101_all_pairs_incl_sentinel,round_win = game_pnl > 0 (decisive only),COMPATIBILITY_ONLY_NOT_PRODUCTION,234885.8996,214754.2105,9869.7735,3689,3015,-0.04201944,-0.00608590,-0.04816467,-0.04201944,-9869.7735,234885.8996,OK,0.0000,394.7909,4.0000,96.0000,AG03-UNRESOLVED,ALL5_LEVELS_bet23_to_bet27,394.7909,394.7909,394.7909,394.7909,394.7909,4.000000,4.000000,4.000000,4.000000,4.000000,96.000000,96.000000,96.000000,96.000000,96.000000,5.0,1973.9547,1822.2297,7895.8188,8047.5438,PENDING_AG03,FALSE,NOT_FOR_ENFORCEMENT,9474.9825,206164.0421,9869.7735,9474.9825,394.7909,0.04201944,0.04033866,394.7909,9474.9825,0.04033866,394.7909,394.7909,394.7909,394.7909,394.7909,9474.9825,0.04033866,1973.9547,1822.2297,7895.8188,8047.5438,0.03361555,0.0342615,0.00168078,63.6720,71.2286,3.2736,143.0402,5.0692,3404.1435,43.6957,64.4793,63.5359,42.5677,43.0663,85.2079,124.7713,127.8119,154.8004,42.604,-41.336,2.967791,3.594466,1.478463,30,203,130,8,0.14604117,0.04201944,0.00608590,0E-8,0.000000,0.914292,0.640282,0.04207877,2026-03-23,2026-08-04,69,1947,1162,135,0.511111,1.014849,1.012680,0.486804,,,,,,,,GLOBAL_BASELINE_NO_ENTITY_RANKING,,,NOT_APPLICABLE_GLOBAL_BASELINE,HF9g-P5,,,,X 全窗基线 · 不参与实体赏罚,15050109,1506,A168_HF9F_20260827_0900,2026-08-27 09:00:00
2026-04-03,74657362,1318,0,42.5676826154,-42.5676826154,-42.5676826154,0E-7,1,1,0.49324550000000000,0.493245500000,-0.9865810262130424,-0.9865810262130424,-0.9865810262130424,0E-17,ELIGIBLE,R03b_20260811_FULL_v1,L1_ELIGIBILITY,v2026-08-11,2026-03-21..2026-08-06,baccarat_bet02_101_all_pairs_incl_sentinel,round_win = game_pnl > 0 (decisive only),COMPATIBILITY_ONLY_NOT_PRODUCTION,234885.8996,214754.2105,9869.7735,3689,3015,-0.04201944,-0.00608590,-0.04816467,-0.04201944,-9869.7735,234885.8996,OK,0.0000,394.7909,4.0000,96.0000,AG03-UNRESOLVED,ALL5_LEVELS_bet23_to_bet27,394.7909,394.7909,394.7909,394.7909,394.7909,4.000000,4.000000,4.000000,4.000000,4.000000,96.000000,96.000000,96.000000,96.000000,96.000000,5.0,1973.9547,1822.2297,7895.8188,8047.5438,PENDING_AG03,FALSE,NOT_FOR_ENFORCEMENT,9474.9825,206164.0421,9869.7735,9474.9825,394.7909,0.04201944,0.04033866,394.7909,9474.9825,0.04033866,394.7909,394.7909,394.7909,394.7909,394.7909,9474.9825,0.04033866,1973.9547,1822.2297,7895.8188,8047.5438,0.03361555,0.0342615,0.00168078,63.6720,71.2286,3.2736,143.0402,5.0692,3404.1435,43.6957,64.4793,63.5359,42.5677,43.0663,85.2079,124.7713,127.8119,154.8004,42.604,-41.336,2.967791,3.594466,1.478463,30,203,130,8,0.14604117,0.04201944,0.00608590,0E-8,0.000000,0.914292,0.640282,0.04207877,2026-03-23,2026-08-04,69,1947,1162,135,0.511111,1.014849,1.012680,0.486804,,,,,,,,GLOBAL_BASELINE_NO_ENTITY_RANKING,,,NOT_APPLICABLE_GLOBAL_BASELINE,HF9g-P5,,,,X 全窗基线 · 不参与实体赏罚,15050110,1506,A168_HF9F_20260827_0900,2026-08-27 09:00:00
2026-04-03,74657362,1363,0,42.5676826154,0E-10,0E-10,,1,1,0.49324550000000000,0.493245500000,,,,0E-17,NO_DECISIVE_ROUND,R03b_20260811_FULL_v1,L1_ELIGIBILITY,v2026-08-11,2026-03-21..2026-08-06,baccarat_bet02_101_all_pairs_incl_sentinel,round_win = game_pnl > 0 (decisive only),COMPATIBILITY_ONLY_NOT_PRODUCTION,234885.8996,214754.2105,9869.7735,3689,3015,-0.04201944,-0.00608590,-0.04816467,-0.04201944,-9869.7735,234885.8996,OK,0.0000,394.7909,4.0000,96.0000,AG03-UNRESOLVED,ALL5_LEVELS_bet23_to_bet27,394.7909,394.7909,394.7909,394.7909,394.7909,4.000000,4.000000,4.000000,4.000000,4.000000,96.000000,96.000000,96.000000,96.000000,96.000000,5.0,1973.9547,1822.2297,7895.8188,8047.5438,PENDING_AG03,FALSE,NOT_FOR_ENFORCEMENT,9474.9825,206164.0421,9869.7735,9474.9825,394.7909,0.04201944,0.04033866,394.7909,9474.9825,0.04033866,394.7909,394.7909,394.7909,394.7909,394.7909,9474.9825,0.04033866,1973.9547,1822.2297,7895.8188,8047.5438,0.03361555,0.0342615,0.00168078,63.6720,71.2286,3.2736,143.0402,5.0692,3404.1435,43.6957,64.4793,63.5359,42.5677,43.0663,85.2079,124.7713,127.8119,154.8004,42.604,-41.336,2.967791,3.594466,1.478463,30,203,130,8,0.14604117,0.04201944,0.00608590,0E-8,0.000000,0.914292,0.640282,0.04207877,2026-03-23,2026-08-04,69,1947,1162,135,0.511111,1.014849,1.012680,0.486804,,,,,,,,GLOBAL_BASELINE_NO_ENTITY_RANKING,,,NOT_APPLICABLE_GLOBAL_BASELINE,HF9g-P5,,,,X 全窗基线 · 不参与实体赏罚,15050111,1506,A168_HF9F_20260827_0900,2026-08-27 09:00:00
2026-04-03,74657362,1374,0,170.2707304616,85.1353652308,85.1353652308,0.7500000,4,4,0.49324550000000000,0.493245500000,1.0271117246678039,1.0271117246678039,1.0271117246678039,0E-17,ELIGIBLE,R03b_20260811_FULL_v1,L1_ELIGIBILITY,v2026-08-11,2026-03-21..2026-08-06,baccarat_bet02_101_all_pairs_incl_sentinel,round_win = game_pnl > 0 (decisive only),COMPATIBILITY_ONLY_NOT_PRODUCTION,234885.8996,214754.2105,9869.7735,3689,3015,-0.04201944,-0.00608590,-0.04816467,-0.04201944,-9869.7735,234885.8996,OK,0.0000,394.7909,4.0000,96.0000,AG03-UNRESOLVED,ALL5_LEVELS_bet23_to_bet27,394.7909,394.7909,394.7909,394.7909,394.7909,4.000000,4.000000,4.000000,4.000000,4.000000,96.000000,96.000000,96.000000,96.000000,96.000000,5.0,1973.9547,1822.2297,7895.8188,8047.5438,PENDING_AG03,FALSE,NOT_FOR_ENFORCEMENT,9474.9825,206164.0421,9869.7735,9474.9825,394.7909,0.04201944,0.04033866,394.7909,9474.9825,0.04033866,394.7909,394.7909,394.7909,394.7909,394.7909,9474.9825,0.04033866,1973.9547,1822.2297,7895.8188,8047.5438,0.03361555,0.0342615,0.00168078,63.6720,71.2286,3.2736,143.0402,5.0692,3404.1435,43.6957,64.4793,63.5359,42.5677,43.0663,85.2079,124.7713,127.8119,154.8004,42.604,-41.336,2.967791,3.594466,1.478463,30,203,130,8,0.14604117,0.04201944,0.00608590,0E-8,0.000000,0.914292,0.640282,0.04207877,2026-03-23,2026-08-04,69,1947,1162,135,0.511111,1.014849,1.012680,0.486804,,,,,,,,GLOBAL_BASELINE_NO_ENTITY_RANKING,,,NOT_APPLICABLE_GLOBAL_BASELINE,HF9g-P5,,,,X 全窗基线 · 不参与实体赏罚,15050112,1506,A168_HF9F_20260827_0900,2026-08-27 09:00:00
2026-04-03,74657362,1383,0,44.2703899200,-44.2703899200,-44.2703899200,0E-7,1,1,0.49324550000000000,0.493245500000,-0.9865810262130424,-0.9865810262130424,-0.9865810262130424,0E-17,ELIGIBLE,R03b_20260811_FULL_v1,L1_ELIGIBILITY,v2026-08-11,2026-03-21..2026-08-06,baccarat_bet02_101_all_pairs_incl_sentinel,round_win = game_pnl > 0 (decisive only),COMPATIBILITY_ONLY_NOT_PRODUCTION,234885.8996,214754.2105,9869.7735,3689,3015,-0.04201944,-0.00608590,-0.04816467,-0.04201944,-9869.7735,234885.8996,OK,0.0000,394.7909,4.0000,96.0000,AG03-UNRESOLVED,ALL5_LEVELS_bet23_to_bet27,394.7909,394.7909,394.7909,394.7909,394.7909,4.000000,4.000000,4.000000,4.000000,4.000000,96.000000,96.000000,96.000000,96.000000,96.000000,5.0,1973.9547,1822.2297,7895.8188,8047.5438,PENDING_AG03,FALSE,NOT_FOR_ENFORCEMENT,9474.9825,206164.0421,9869.7735,9474.9825,394.7909,0.04201944,0.04033866,394.7909,9474.9825,0.04033866,394.7909,394.7909,394.7909,394.7909,394.7909,9474.9825,0.04033866,1973.9547,1822.2297,7895.8188,8047.5438,0.03361555,0.0342615,0.00168078,63.6720,71.2286,3.2736,143.0402,5.0692,3404.1435,43.6957,64.4793,63.5359,42.5677,43.0663,85.2079,124.7713,127.8119,154.8004,42.604,-41.336,2.967791,3.594466,1.478463,30,203,130,8,0.14604117,0.04201944,0.00608590,0E-8,0.000000,0.914292,0.640282,0.04207877,2026-03-23,2026-08-04,69,1947,1162,135,0.511111,1.014849,1.012680,0.486804,,,,,,,,GLOBAL_BASELINE_NO_ENTITY_RANKING,,,NOT_APPLICABLE_GLOBAL_BASELINE,HF9g-P5,,,,X 全窗基线 · 不参与实体赏罚,15050113,1506,A168_HF9F_20260827_0900,2026-08-27 09:00:00
2026-04-03,74657362,1384,0,85.1353652308,0E-10,0E-10,0.5000000,2,2,0.49324550000000000,0.493245500000,0.01910635448239258,0.01910635448239258,0.01910635448239258,0E-17,ELIGIBLE,R03b_20260811_FULL_v1,L1_ELIGIBILITY,v2026-08-11,2026-03-21..2026-08-06,baccarat_bet02_101_all_pairs_incl_sentinel,round_win = game_pnl > 0 (decisive only),COMPATIBILITY_ONLY_NOT_PRODUCTION,234885.8996,214754.2105,9869.7735,3689,3015,-0.04201944,-0.00608590,-0.04816467,-0.04201944,-9869.7735,234885.8996,OK,0.0000,394.7909,4.0000,96.0000,AG03-UNRESOLVED,ALL5_LEVELS_bet23_to_bet27,394.7909,394.7909,394.7909,394.7909,394.7909,4.000000,4.000000,4.000000,4.000000,4.000000,96.000000,96.000000,96.000000,96.000000,96.000000,5.0,1973.9547,1822.2297,7895.8188,8047.5438,PENDING_AG03,FALSE,NOT_FOR_ENFORCEMENT,9474.9825,206164.0421,9869.7735,9474.9825,394.7909,0.04201944,0.04033866,394.7909,9474.9825,0.04033866,394.7909,394.7909,394.7909,394.7909,394.7909,9474.9825,0.04033866,1973.9547,1822.2297,7895.8188,8047.5438,0.03361555,0.0342615,0.00168078,63.6720,71.2286,3.2736,143.0402,5.0692,3404.1435,43.6957,64.4793,63.5359,42.5677,43.0663,85.2079,124.7713,127.8119,154.8004,42.604,-41.336,2.967791,3.594466,1.478463,30,203,130,8,0.14604117,0.04201944,0.00608590,0E-8,0.000000,0.914292,0.640282,0.04207877,2026-03-23,2026-08-04,69,1947,1162,135,0.511111,1.014849,1.012680,0.486804,,,,,,,,GLOBAL_BASELINE_NO_ENTITY_RANKING,,,NOT_APPLICABLE_GLOBAL_BASELINE,HF9g-P5,,,,X 全窗基线 · 不参与实体赏罚,15050114,1506,A168_HF9F_20260827_0900,2026-08-27 09:00:00
2026-04-03,74657362,1385,0,42.5676826154,-42.5676826154,-42.5676826154,0E-7,1,1,0.49324550000000000,0.493245500000,-0.9865810262130424,-0.9865810262130424,-0.9865810262130424,0E-17,ELIGIBLE,R03b_20260811_FULL_v1,L1_ELIGIBILITY,v2026-08-11,2026-03-21..2026-08-06,baccarat_bet02_101_all_pairs_incl_sentinel,round_win = game_pnl > 0 (decisive only),COMPATIBILITY_ONLY_NOT_PRODUCTION,234885.8996,214754.2105,9869.7735,3689,3015,-0.04201944,-0.00608590,-0.04816467,-0.04201944,-9869.7735,234885.8996,OK,0.0000,394.7909,4.0000,96.0000,AG03-UNRESOLVED,ALL5_LEVELS_bet23_to_bet27,394.7909,394.7909,394.7909,394.7909,394.7909,4.000000,4.000000,4.000000,4.000000,4.000000,96.000000,96.000000,96.000000,96.000000,96.000000,5.0,1973.9547,1822.2297,7895.8188,8047.5438,PENDING_AG03,FALSE,NOT_FOR_ENFORCEMENT,9474.9825,206164.0421,9869.7735,9474.9825,394.7909,0.04201944,0.04033866,394.7909,9474.9825,0.04033866,394.7909,394.7909,394.7909,394.7909,394.7909,9474.9825,0.04033866,1973.9547,1822.2297,7895.8188,8047.5438,0.03361555,0.0342615,0.00168078,63.6720,71.2286,3.2736,143.0402,5.0692,3404.1435,43.6957,64.4793,63.5359,42.5677,43.0663,85.2079,124.7713,127.8119,154.8004,42.604,-41.336,2.967791,3.594466,1.478463,30,203,130,8,0.14604117,0.04201944,0.00608590,0E-8,0.000000,0.914292,0.640282,0.04207877,2026-03-23,2026-08-04,69,1947,1162,135,0.511111,1.014849,1.012680,0.486804,,,,,,,,GLOBAL_BASELINE_NO_ENTITY_RANKING,,,NOT_APPLICABLE_GLOBAL_BASELINE,HF9g-P5,,,,X 全窗基线 · 不参与实体赏罚,15050115,1506,A168_HF9F_20260827_0900,2026-08-27 09:00:00
2026-04-03,74657362,1399,0,127.7030478462,42.5676826154,42.5676826154,0.6666667,3,3,0.49324550000000000,0.493245500000,0.6008033672792107,0.6008033672792106,0.6008033672792107,0E-17,ELIGIBLE,R03b_20260811_FULL_v1,L1_ELIGIBILITY,v2026-08-11,2026-03-21..2026-08-06,baccarat_bet02_101_all_pairs_incl_sentinel,round_win = game_pnl > 0 (decisive only),COMPATIBILITY_ONLY_NOT_PRODUCTION,234885.8996,214754.2105,9869.7735,3689,3015,-0.04201944,-0.00608590,-0.04816467,-0.04201944,-9869.7735,234885.8996,OK,0.0000,394.7909,4.0000,96.0000,AG03-UNRESOLVED,ALL5_LEVELS_bet23_to_bet27,394.7909,394.7909,394.7909,394.7909,394.7909,4.000000,4.000000,4.000000,4.000000,4.000000,96.000000,96.000000,96.000000,96.000000,96.000000,5.0,1973.9547,1822.2297,7895.8188,8047.5438,PENDING_AG03,FALSE,NOT_FOR_ENFORCEMENT,9474.9825,206164.0421,9869.7735,9474.9825,394.7909,0.04201944,0.04033866,394.7909,9474.9825,0.04033866,394.7909,394.7909,394.7909,394.7909,394.7909,9474.9825,0.04033866,1973.9547,1822.2297,7895.8188,8047.5438,0.03361555,0.0342615,0.00168078,63.6720,71.2286,3.2736,143.0402,5.0692,3404.1435,43.6957,64.4793,63.5359,42.5677,43.0663,85.2079,124.7713,127.8119,154.8004,42.604,-41.336,2.967791,3.594466,1.478463,30,203,130,8,0.14604117,0.04201944,0.00608590,0E-8,0.000000,0.914292,0.640282,0.04207877,2026-03-23,2026-08-04,69,1947,1162,135,0.511111,1.014849,1.012680,0.486804,,,,,,,,GLOBAL_BASELINE_NO_ENTITY_RANKING,,,NOT_APPLICABLE_GLOBAL_BASELINE,HF9g-P5,,,,X 全窗基线 · 不参与实体赏罚,15050116,1506,A168_HF9F_20260827_0900,2026-08-27 09:00:00
2026-04-03,74657362,1400,0,255.4060956924,-85.1353652308,-85.1353652308,0.3333333,6,6,0.49324550000000000,0.493245500000,-0.783477916903833,-0.7834779169038328,-0.783477916903833,0E-17,ELIGIBLE,R03b_20260811_FULL_v1,L1_ELIGIBILITY,v2026-08-11,2026-03-21..2026-08-06,baccarat_bet02_101_all_pairs_incl_sentinel,round_win = game_pnl > 0 (decisive only),COMPATIBILITY_ONLY_NOT_PRODUCTION,234885.8996,214754.2105,9869.7735,3689,3015,-0.04201944,-0.00608590,-0.04816467,-0.04201944,-9869.7735,234885.8996,OK,0.0000,394.7909,4.0000,96.0000,AG03-UNRESOLVED,ALL5_LEVELS_bet23_to_bet27,394.7909,394.7909,394.7909,394.7909,394.7909,4.000000,4.000000,4.000000,4.000000,4.000000,96.000000,96.000000,96.000000,96.000000,96.000000,5.0,1973.9547,1822.2297,7895.8188,8047.5438,PENDING_AG03,FALSE,NOT_FOR_ENFORCEMENT,9474.9825,206164.0421,9869.7735,9474.9825,394.7909,0.04201944,0.04033866,394.7909,9474.9825,0.04033866,394.7909,394.7909,394.7909,394.7909,394.7909,9474.9825,0.04033866,1973.9547,1822.2297,7895.8188,8047.5438,0.03361555,0.0342615,0.00168078,63.6720,71.2286,3.2736,143.0402,5.0692,3404.1435,43.6957,64.4793,63.5359,42.5677,43.0663,85.2079,124.7713,127.8119,154.8004,42.604,-41.336,2.967791,3.594466,1.478463,30,203,130,8,0.14604117,0.04201944,0.00608590,0E-8,0.000000,0.914292,0.640282,0.04207877,2026-03-23,2026-08-04,69,1947,1162,135,0.511111,1.014849,1.012680,0.486804,,,,,,,,GLOBAL_BASELINE_NO_ENTITY_RANKING,,,NOT_APPLICABLE_GLOBAL_BASELINE,HF9g-P5,,,,X 全窗基线 · 不参与实体赏罚,15050117,1506,A168_HF9F_20260827_0900,2026-08-27 09:00:00
2026-04-03,74657362,1402,0,166.8653158522,85.1353652308,85.1353652308,1.0000000,4,4,0.49324550000000000,0.493245500000,1.4334489766152358,1.4334489766152358,1.4334489766152358,0E-17,ELIGIBLE,R03b_20260811_FULL_v1,L1_ELIGIBILITY,v2026-08-11,2026-03-21..2026-08-06,baccarat_bet02_101_all_pairs_incl_sentinel,round_win = game_pnl > 0 (decisive only),COMPATIBILITY_ONLY_NOT_PRODUCTION,234885.8996,214754.2105,9869.7735,3689,3015,-0.04201944,-0.00608590,-0.04816467,-0.04201944,-9869.7735,234885.8996,OK,0.0000,394.7909,4.0000,96.0000,AG03-UNRESOLVED,ALL5_LEVELS_bet23_to_bet27,394.7909,394.7909,394.7909,394.7909,394.7909,4.000000,4.000000,4.000000,4.000000,4.000000,96.000000,96.000000,96.000000,96.000000,96.000000,5.0,1973.9547,1822.2297,7895.8188,8047.5438,PENDING_AG03,FALSE,NOT_FOR_ENFORCEMENT,9474.9825,206164.0421,9869.7735,9474.9825,394.7909,0.04201944,0.04033866,394.7909,9474.9825,0.04033866,394.7909,394.7909,394.7909,394.7909,394.7909,9474.9825,0.04033866,1973.9547,1822.2297,7895.8188,8047.5438,0.03361555,0.0342615,0.00168078,63.6720,71.2286,3.2736,143.0402,5.0692,3404.1435,43.6957,64.4793,63.5359,42.5677,43.0663,85.2079,124.7713,127.8119,154.8004,42.604,-41.336,2.967791,3.594466,1.478463,30,203,130,8,0.14604117,0.04201944,0.00608590,0E-8,0.000000,0.914292,0.640282,0.04207877,2026-03-23,2026-08-04,69,1947,1162,135,0.511111,1.014849,1.012680,0.486804,,,,,,,,GLOBAL_BASELINE_NO_ENTITY_RANKING,,,NOT_APPLICABLE_GLOBAL_BASELINE,HF9g-P5,,,,X 全窗基线 · 不参与实体赏罚,15050118,1506,A168_HF9F_20260827_0900,2026-08-27 09:00:00
2026-04-03,74657362,1935,0,127.7030478462,21.2838413077,21.2838413077,0.6666667,3,3,0.49771390000000000,0.497713900000,0.5852756695216578,0.5852756695216578,0.5852756695216578,0E-17,ELIGIBLE,R03b_20260811_FULL_v1,L1_ELIGIBILITY,v2026-08-11,2026-03-21..2026-08-06,baccarat_bet02_101_all_pairs_incl_sentinel,round_win = game_pnl > 0 (decisive only),COMPATIBILITY_ONLY_NOT_PRODUCTION,234885.8996,214754.2105,9869.7735,3689,3015,-0.04201944,-0.00608590,-0.04816467,-0.04201944,-9869.7735,234885.8996,OK,0.0000,394.7909,4.0000,96.0000,AG03-UNRESOLVED,ALL5_LEVELS_bet23_to_bet27,394.7909,394.7909,394.7909,394.7909,394.7909,4.000000,4.000000,4.000000,4.000000,4.000000,96.000000,96.000000,96.000000,96.000000,96.000000,5.0,1973.9547,1822.2297,7895.8188,8047.5438,PENDING_AG03,FALSE,NOT_FOR_ENFORCEMENT,9474.9825,206164.0421,9869.7735,9474.9825,394.7909,0.04201944,0.04033866,394.7909,9474.9825,0.04033866,394.7909,394.7909,394.7909,394.7909,394.7909,9474.9825,0.04033866,1973.9547,1822.2297,7895.8188,8047.5438,0.03361555,0.0342615,0.00168078,63.6720,71.2286,3.2736,143.0402,5.0692,3404.1435,43.6957,64.4793,63.5359,42.5677,43.0663,85.2079,124.7713,127.8119,154.8004,42.604,-41.336,2.967791,3.594466,1.478463,30,203,130,8,0.14604117,0.04201944,0.00608590,0E-8,0.000000,0.914292,0.640282,0.04207877,2026-03-23,2026-08-04,69,1947,1162,135,0.511111,1.014849,1.012680,0.486804,,,,,,,,GLOBAL_BASELINE_NO_ENTITY_RANKING,,,NOT_APPLICABLE_GLOBAL_BASELINE,HF9g-P5,,,,X 全窗基线 · 不参与实体赏罚,15050119,1506,A168_HF9F_20260827_0900,2026-08-27 09:00:00
2026-04-03,74657362,1940,0,42.5676826154,-42.5676826154,-42.5676826154,0E-7,1,1,0.49324550000000000,0.493245500000,-0.9865810262130424,-0.9865810262130424,-0.9865810262130424,0E-17,ELIGIBLE,R03b_20260811_FULL_v1,L1_ELIGIBILITY,v2026-08-11,2026-03-21..2026-08-06,baccarat_bet02_101_all_pairs_incl_sentinel,round_win = game_pnl > 0 (decisive only),COMPATIBILITY_ONLY_NOT_PRODUCTION,234885.8996,214754.2105,9869.7735,3689,3015,-0.04201944,-0.00608590,-0.04816467,-0.04201944,-9869.7735,234885.8996,OK,0.0000,394.7909,4.0000,96.0000,AG03-UNRESOLVED,ALL5_LEVELS_bet23_to_bet27,394.7909,394.7909,394.7909,394.7909,394.7909,4.000000,4.000000,4.000000,4.000000,4.000000,96.000000,96.000000,96.000000,96.000000,96.000000,5.0,1973.9547,1822.2297,7895.8188,8047.5438,PENDING_AG03,FALSE,NOT_FOR_ENFORCEMENT,9474.9825,206164.0421,9869.7735,9474.9825,394.7909,0.04201944,0.04033866,394.7909,9474.9825,0.04033866,394.7909,394.7909,394.7909,394.7909,394.7909,9474.9825,0.04033866,1973.9547,1822.2297,7895.8188,8047.5438,0.03361555,0.0342615,0.00168078,63.6720,71.2286,3.2736,143.0402,5.0692,3404.1435,43.6957,64.4793,63.5359,42.5677,43.0663,85.2079,124.7713,127.8119,154.8004,42.604,-41.336,2.967791,3.594466,1.478463,30,203,130,8,0.14604117,0.04201944,0.00608590,0E-8,0.000000,0.914292,0.640282,0.04207877,2026-03-23,2026-08-04,69,1947,1162,135,0.511111,1.014849,1.012680,0.486804,,,,,,,,GLOBAL_BASELINE_NO_ENTITY_RANKING,,,NOT_APPLICABLE_GLOBAL_BASELINE,HF9g-P5,,,,X 全窗基线 · 不参与实体赏罚,15050120,1506,A168_HF9F_20260827_0900,2026-08-27 09:00:00
2026-04-03,74657362,1963,0,85.1353652307,85.1353652307,85.1353652307,1.0000000,1,1,0.50665070000000000,0.506650700000,0.9867858985152569,0.9867858985152569,0.9867858985152569,0E-17,ELIGIBLE,R03b_20260811_FULL_v1,L1_ELIGIBILITY,v2026-08-11,2026-03-21..2026-08-06,baccarat_bet02_101_all_pairs_incl_sentinel,round_win = game_pnl > 0 (decisive only),COMPATIBILITY_ONLY_NOT_PRODUCTION,234885.8996,214754.2105,9869.7735,3689,3015,-0.04201944,-0.00608590,-0.04816467,-0.04201944,-9869.7735,234885.8996,OK,0.0000,394.7909,4.0000,96.0000,AG03-UNRESOLVED,ALL5_LEVELS_bet23_to_bet27,394.7909,394.7909,394.7909,394.7909,394.7909,4.000000,4.000000,4.000000,4.000000,4.000000,96.000000,96.000000,96.000000,96.000000,96.000000,5.0,1973.9547,1822.2297,7895.8188,8047.5438,PENDING_AG03,FALSE,NOT_FOR_ENFORCEMENT,9474.9825,206164.0421,9869.7735,9474.9825,394.7909,0.04201944,0.04033866,394.7909,9474.9825,0.04033866,394.7909,394.7909,394.7909,394.7909,394.7909,9474.9825,0.04033866,1973.9547,1822.2297,7895.8188,8047.5438,0.03361555,0.0342615,0.00168078,63.6720,71.2286,3.2736,143.0402,5.0692,3404.1435,43.6957,64.4793,63.5359,42.5677,43.0663,85.2079,124.7713,127.8119,154.8004,42.604,-41.336,2.967791,3.594466,1.478463,30,203,130,8,0.14604117,0.04201944,0.00608590,0E-8,0.000000,0.914292,0.640282,0.04207877,2026-03-23,2026-08-04,69,1947,1162,135,0.511111,1.014849,1.012680,0.486804,,,,,,,,GLOBAL_BASELINE_NO_ENTITY_RANKING,,,NOT_APPLICABLE_GLOBAL_BASELINE,HF9g-P5,,,,X 全窗基线 · 不参与实体赏罚,15050121,1506,A168_HF9F_20260827_0900,2026-08-27 09:00:00
2026-04-03,74657362,2103,0,178.7842669845,45.1217435722,45.1217435722,0.6000000,5,5,0.49592654000000000,0.495926540000,0.46544610904919037,0.46544610904919037,0.46544610904919037,0E-17,ELIGIBLE,R03b_20260811_FULL_v1,L1_ELIGIBILITY,v2026-08-11,2026-03-21..2026-08-06,baccarat_bet02_101_all_pairs_incl_sentinel,round_win = game_pnl > 0 (decisive only),COMPATIBILITY_ONLY_NOT_PRODUCTION,234885.8996,214754.2105,9869.7735,3689,3015,-0.04201944,-0.00608590,-0.04816467,-0.04201944,-9869.7735,234885.8996,OK,0.0000,394.7909,4.0000,96.0000,AG03-UNRESOLVED,ALL5_LEVELS_bet23_to_bet27,394.7909,394.7909,394.7909,394.7909,394.7909,4.000000,4.000000,4.000000,4.000000,4.000000,96.000000,96.000000,96.000000,96.000000,96.000000,5.0,1973.9547,1822.2297,7895.8188,8047.5438,PENDING_AG03,FALSE,NOT_FOR_ENFORCEMENT,9474.9825,206164.0421,9869.7735,9474.9825,394.7909,0.04201944,0.04033866,394.7909,9474.9825,0.04033866,394.7909,394.7909,394.7909,394.7909,394.7909,9474.9825,0.04033866,1973.9547,1822.2297,7895.8188,8047.5438,0.03361555,0.0342615,0.00168078,63.6720,71.2286,3.2736,143.0402,5.0692,3404.1435,43.6957,64.4793,63.5359,42.5677,43.0663,85.2079,124.7713,127.8119,154.8004,42.604,-41.336,2.967791,3.594466,1.478463,30,203,130,8,0.14604117,0.04201944,0.00608590,0E-8,0.000000,0.914292,0.640282,0.04207877,2026-03-23,2026-08-04,69,1947,1162,135,0.511111,1.014849,1.012680,0.486804,,,,,,,,GLOBAL_BASELINE_NO_ENTITY_RANKING,,,NOT_APPLICABLE_GLOBAL_BASELINE,HF9g-P5,,,,X 全窗基线 · 不参与实体赏罚,15050122,1506,A168_HF9F_20260827_0900,2026-08-27 09:00:00
2026-04-03,74657362,2117,0,42.5676826154,-42.5676826154,-42.5676826154,0E-7,1,1,0.49324550000000000,0.493245500000,-0.9865810262130424,-0.9865810262130424,-0.9865810262130424,0E-17,ELIGIBLE,R03b_20260811_FULL_v1,L1_ELIGIBILITY,v2026-08-11,2026-03-21..2026-08-06,baccarat_bet02_101_all_pairs_incl_sentinel,round_win = game_pnl > 0 (decisive only),COMPATIBILITY_ONLY_NOT_PRODUCTION,234885.8996,214754.2105,9869.7735,3689,3015,-0.04201944,-0.00608590,-0.04816467,-0.04201944,-9869.7735,234885.8996,OK,0.0000,394.7909,4.0000,96.0000,AG03-UNRESOLVED,ALL5_LEVELS_bet23_to_bet27,394.7909,394.7909,394.7909,394.7909,394.7909,4.000000,4.000000,4.000000,4.000000,4.000000,96.000000,96.000000,96.000000,96.000000,96.000000,5.0,1973.9547,1822.2297,7895.8188,8047.5438,PENDING_AG03,FALSE,NOT_FOR_ENFORCEMENT,9474.9825,206164.0421,9869.7735,9474.9825,394.7909,0.04201944,0.04033866,394.7909,9474.9825,0.04033866,394.7909,394.7909,394.7909,394.7909,394.7909,9474.9825,0.04033866,1973.9547,1822.2297,7895.8188,8047.5438,0.03361555,0.0342615,0.00168078,63.6720,71.2286,3.2736,143.0402,5.0692,3404.1435,43.6957,64.4793,63.5359,42.5677,43.0663,85.2079,124.7713,127.8119,154.8004,42.604,-41.336,2.967791,3.594466,1.478463,30,203,130,8,0.14604117,0.04201944,0.00608590,0E-8,0.000000,0.914292,0.640282,0.04207877,2026-03-23,2026-08-04,69,1947,1162,135,0.511111,1.014849,1.012680,0.486804,,,,,,,,GLOBAL_BASELINE_NO_ENTITY_RANKING,,,NOT_APPLICABLE_GLOBAL_BASELINE,HF9g-P5,,,,X 全窗基线 · 不参与实体赏罚,15050123,1506,A168_HF9F_20260827_0900,2026-08-27 09:00:00
2026-04-03,74657362,2153,0,42.5676826154,42.5676826154,42.5676826154,1.0000000,1,1,0.49324550000000000,0.493245500000,1.01360149184955,1.01360149184955,1.01360149184955,0E-17,ELIGIBLE,R03b_20260811_FULL_v1,L1_ELIGIBILITY,v2026-08-11,2026-03-21..2026-08-06,baccarat_bet02_101_all_pairs_incl_sentinel,round_win = game_pnl > 0 (decisive only),COMPATIBILITY_ONLY_NOT_PRODUCTION,234885.8996,214754.2105,9869.7735,3689,3015,-0.04201944,-0.00608590,-0.04816467,-0.04201944,-9869.7735,234885.8996,OK,0.0000,394.7909,4.0000,96.0000,AG03-UNRESOLVED,ALL5_LEVELS_bet23_to_bet27,394.7909,394.7909,394.7909,394.7909,394.7909,4.000000,4.000000,4.000000,4.000000,4.000000,96.000000,96.000000,96.000000,96.000000,96.000000,5.0,1973.9547,1822.2297,7895.8188,8047.5438,PENDING_AG03,FALSE,NOT_FOR_ENFORCEMENT,9474.9825,206164.0421,9869.7735,9474.9825,394.7909,0.04201944,0.04033866,394.7909,9474.9825,0.04033866,394.7909,394.7909,394.7909,394.7909,394.7909,9474.9825,0.04033866,1973.9547,1822.2297,7895.8188,8047.5438,0.03361555,0.0342615,0.00168078,63.6720,71.2286,3.2736,143.0402,5.0692,3404.1435,43.6957,64.4793,63.5359,42.5677,43.0663,85.2079,124.7713,127.8119,154.8004,42.604,-41.336,2.967791,3.594466,1.478463,30,203,130,8,0.14604117,0.04201944,0.00608590,0E-8,0.000000,0.914292,0.640282,0.04207877,2026-03-23,2026-08-04,69,1947,1162,135,0.511111,1.014849,1.012680,0.486804,,,,,,,,GLOBAL_BASELINE_NO_ENTITY_RANKING,,,NOT_APPLICABLE_GLOBAL_BASELINE,HF9g-P5,,,,X 全窗基线 · 不参与实体赏罚,15050124,1506,A168_HF9F_20260827_0900,2026-08-27 09:00:00
2026-04-03,74657362,2156,0,42.5676826154,-42.5676826154,-42.5676826154,0E-7,1,1,0.49324550000000000,0.493245500000,-0.9865810262130424,-0.9865810262130424,-0.9865810262130424,0E-17,ELIGIBLE,R03b_20260811_FULL_v1,L1_ELIGIBILITY,v2026-08-11,2026-03-21..2026-08-06,baccarat_bet02_101_all_pairs_incl_sentinel,round_win = game_pnl > 0 (decisive only),COMPATIBILITY_ONLY_NOT_PRODUCTION,234885.8996,214754.2105,9869.7735,3689,3015,-0.04201944,-0.00608590,-0.04816467,-0.04201944,-9869.7735,234885.8996,OK,0.0000,394.7909,4.0000,96.0000,AG03-UNRESOLVED,ALL5_LEVELS_bet23_to_bet27,394.7909,394.7909,394.7909,394.7909,394.7909,4.000000,4.000000,4.000000,4.000000,4.000000,96.000000,96.000000,96.000000,96.000000,96.000000,5.0,1973.9547,1822.2297,7895.8188,8047.5438,PENDING_AG03,FALSE,NOT_FOR_ENFORCEMENT,9474.9825,206164.0421,9869.7735,9474.9825,394.7909,0.04201944,0.04033866,394.7909,9474.9825,0.04033866,394.7909,394.7909,394.7909,394.7909,394.7909,9474.9825,0.04033866,1973.9547,1822.2297,7895.8188,8047.5438,0.03361555,0.0342615,0.00168078,63.6720,71.2286,3.2736,143.0402,5.0692,3404.1435,43.6957,64.4793,63.5359,42.5677,43.0663,85.2079,124.7713,127.8119,154.8004,42.604,-41.336,2.967791,3.594466,1.478463,30,203,130,8,0.14604117,0.04201944,0.00608590,0E-8,0.000000,0.914292,0.640282,0.04207877,2026-03-23,2026-08-04,69,1947,1162,135,0.511111,1.014849,1.012680,0.486804,,,,,,,,GLOBAL_BASELINE_NO_ENTITY_RANKING,,,NOT_APPLICABLE_GLOBAL_BASELINE,HF9g-P5,,,,X 全窗基线 · 不参与实体赏罚,15050125,1506,A168_HF9F_20260827_0900,2026-08-27 09:00:00
2026-04-03,74657362,2175,0,170.2707304614,0E-10,0E-10,0.5000000,2,2,0.49324550000000000,0.493245500000,0.01910635448239258,0.01910635448239258,0.01910635448239258,0E-17,ELIGIBLE,R03b_20260811_FULL_v1,L1_ELIGIBILITY,v2026-08-11,2026-03-21..2026-08-06,baccarat_bet02_101_all_pairs_incl_sentinel,round_win = game_pnl > 0 (decisive only),COMPATIBILITY_ONLY_NOT_PRODUCTION,234885.8996,214754.2105,9869.7735,3689,3015,-0.04201944,-0.00608590,-0.04816467,-0.04201944,-9869.7735,234885.8996,OK,0.0000,394.7909,4.0000,96.0000,AG03-UNRESOLVED,ALL5_LEVELS_bet23_to_bet27,394.7909,394.7909,394.7909,394.7909,394.7909,4.000000,4.000000,4.000000,4.000000,4.000000,96.000000,96.000000,96.000000,96.000000,96.000000,5.0,1973.9547,1822.2297,7895.8188,8047.5438,PENDING_AG03,FALSE,NOT_FOR_ENFORCEMENT,9474.9825,206164.0421,9869.7735,9474.9825,394.7909,0.04201944,0.04033866,394.7909,9474.9825,0.04033866,394.7909,394.7909,394.7909,394.7909,394.7909,9474.9825,0.04033866,1973.9547,1822.2297,7895.8188,8047.5438,0.03361555,0.0342615,0.00168078,63.6720,71.2286,3.2736,143.0402,5.0692,3404.1435,43.6957,64.4793,63.5359,42.5677,43.0663,85.2079,124.7713,127.8119,154.8004,42.604,-41.336,2.967791,3.594466,1.478463,30,203,130,8,0.14604117,0.04201944,0.00608590,0E-8,0.000000,0.914292,0.640282,0.04207877,2026-03-23,2026-08-04,69,1947,1162,135,0.511111,1.014849,1.012680,0.486804,,,,,,,,GLOBAL_BASELINE_NO_ENTITY_RANKING,,,NOT_APPLICABLE_GLOBAL_BASELINE,HF9g-P5,,,,X 全窗基线 · 不参与实体赏罚,15050126,1506,A168_HF9F_20260827_0900,2026-08-27 09:00:00
2026-04-03,74657362,2220,0,85.1353652308,-85.1353652308,-85.1353652308,0E-7,2,2,0.49324550000000000,0.493245500000,-1.3952362676504506,-1.3952362676504506,-1.3952362676504506,0E-17,ELIGIBLE,R03b_20260811_FULL_v1,L1_ELIGIBILITY,v2026-08-11,2026-03-21..2026-08-06,baccarat_bet02_101_all_pairs_incl_sentinel,round_win = game_pnl > 0 (decisive only),COMPATIBILITY_ONLY_NOT_PRODUCTION,234885.8996,214754.2105,9869.7735,3689,3015,-0.04201944,-0.00608590,-0.04816467,-0.04201944,-9869.7735,234885.8996,OK,0.0000,394.7909,4.0000,96.0000,AG03-UNRESOLVED,ALL5_LEVELS_bet23_to_bet27,394.7909,394.7909,394.7909,394.7909,394.7909,4.000000,4.000000,4.000000,4.000000,4.000000,96.000000,96.000000,96.000000,96.000000,96.000000,5.0,1973.9547,1822.2297,7895.8188,8047.5438,PENDING_AG03,FALSE,NOT_FOR_ENFORCEMENT,9474.9825,206164.0421,9869.7735,9474.9825,394.7909,0.04201944,0.04033866,394.7909,9474.9825,0.04033866,394.7909,394.7909,394.7909,394.7909,394.7909,9474.9825,0.04033866,1973.9547,1822.2297,7895.8188,8047.5438,0.03361555,0.0342615,0.00168078,63.6720,71.2286,3.2736,143.0402,5.0692,3404.1435,43.6957,64.4793,63.5359,42.5677,43.0663,85.2079,124.7713,127.8119,154.8004,42.604,-41.336,2.967791,3.594466,1.478463,30,203,130,8,0.14604117,0.04201944,0.00608590,0E-8,0.000000,0.914292,0.640282,0.04207877,2026-03-23,2026-08-04,69,1947,1162,135,0.511111,1.014849,1.012680,0.486804,,,,,,,,GLOBAL_BASELINE_NO_ENTITY_RANKING,,,NOT_APPLICABLE_GLOBAL_BASELINE,HF9g-P5,,,,X 全窗基线 · 不参与实体赏罚,15050127,1506,A168_HF9F_20260827_0900,2026-08-27 09:00:00
2026-04-03,74657362,2224,0,42.5676826154,-42.5676826154,-42.5676826154,0E-7,1,1,0.49324550000000000,0.493245500000,-0.9865810262130424,-0.9865810262130424,-0.9865810262130424,0E-17,ELIGIBLE,R03b_20260811_FULL_v1,L1_ELIGIBILITY,v2026-08-11,2026-03-21..2026-08-06,baccarat_bet02_101_all_pairs_incl_sentinel,round_win = game_pnl > 0 (decisive only),COMPATIBILITY_ONLY_NOT_PRODUCTION,234885.8996,214754.2105,9869.7735,3689,3015,-0.04201944,-0.00608590,-0.04816467,-0.04201944,-9869.7735,234885.8996,OK,0.0000,394.7909,4.0000,96.0000,AG03-UNRESOLVED,ALL5_LEVELS_bet23_to_bet27,394.7909,394.7909,394.7909,394.7909,394.7909,4.000000,4.000000,4.000000,4.000000,4.000000,96.000000,96.000000,96.000000,96.000000,96.000000,5.0,1973.9547,1822.2297,7895.8188,8047.5438,PENDING_AG03,FALSE,NOT_FOR_ENFORCEMENT,9474.9825,206164.0421,9869.7735,9474.9825,394.7909,0.04201944,0.04033866,394.7909,9474.9825,0.04033866,394.7909,394.7909,394.7909,394.7909,394.7909,9474.9825,0.04033866,1973.9547,1822.2297,7895.8188,8047.5438,0.03361555,0.0342615,0.00168078,63.6720,71.2286,3.2736,143.0402,5.0692,3404.1435,43.6957,64.4793,63.5359,42.5677,43.0663,85.2079,124.7713,127.8119,154.8004,42.604,-41.336,2.967791,3.594466,1.478463,30,203,130,8,0.14604117,0.04201944,0.00608590,0E-8,0.000000,0.914292,0.640282,0.04207877,2026-03-23,2026-08-04,69,1947,1162,135,0.511111,1.014849,1.012680,0.486804,,,,,,,,GLOBAL_BASELINE_NO_ENTITY_RANKING,,,NOT_APPLICABLE_GLOBAL_BASELINE,HF9g-P5,,,,X 全窗基线 · 不参与实体赏罚,15050128,1506,A168_HF9F_20260827_0900,2026-08-27 09:00:00
2026-04-03,74657362,2234,0,297.9737783078,0E-10,0E-10,0.5000000,7,7,0.49324550000000000,0.493245500000,0.03309317671092531,0.03309317671092531,0.03309317671092531,0E-17,ELIGIBLE,R03b_20260811_FULL_v1,L1_ELIGIBILITY,v2026-08-11,2026-03-21..2026-08-06,baccarat_bet02_101_all_pairs_incl_sentinel,round_win = game_pnl > 0 (decisive only),COMPATIBILITY_ONLY_NOT_PRODUCTION,234885.8996,214754.2105,9869.7735,3689,3015,-0.04201944,-0.00608590,-0.04816467,-0.04201944,-9869.7735,234885.8996,OK,0.0000,394.7909,4.0000,96.0000,AG03-UNRESOLVED,ALL5_LEVELS_bet23_to_bet27,394.7909,394.7909,394.7909,394.7909,394.7909,4.000000,4.000000,4.000000,4.000000,4.000000,96.000000,96.000000,96.000000,96.000000,96.000000,5.0,1973.9547,1822.2297,7895.8188,8047.5438,PENDING_AG03,FALSE,NOT_FOR_ENFORCEMENT,9474.9825,206164.0421,9869.7735,9474.9825,394.7909,0.04201944,0.04033866,394.7909,9474.9825,0.04033866,394.7909,394.7909,394.7909,394.7909,394.7909,9474.9825,0.04033866,1973.9547,1822.2297,7895.8188,8047.5438,0.03361555,0.0342615,0.00168078,63.6720,71.2286,3.2736,143.0402,5.0692,3404.1435,43.6957,64.4793,63.5359,42.5677,43.0663,85.2079,124.7713,127.8119,154.8004,42.604,-41.336,2.967791,3.594466,1.478463,30,203,130,8,0.14604117,0.04201944,0.00608590,0E-8,0.000000,0.914292,0.640282,0.04207877,2026-03-23,2026-08-04,69,1947,1162,135,0.511111,1.014849,1.012680,0.486804,,,,,,,,GLOBAL_BASELINE_NO_ENTITY_RANKING,,,NOT_APPLICABLE_GLOBAL_BASELINE,HF9g-P5,,,,X 全窗基线 · 不参与实体赏罚,15050129,1506,A168_HF9F_20260827_0900,2026-08-27 09:00:00
2026-04-03,74657362,2241,0,297.9737783076,-170.2707304615,-170.2707304615,0E-7,4,2,0.37449965416657428,0.280106050000,-1.0942761436339632,-0.8821490699244685,-1.0942761436339632,0.09439360416657428,ELIGIBLE,R03b_20260811_FULL_v1,L1_ELIGIBILITY,v2026-08-11,2026-03-21..2026-08-06,baccarat_bet02_101_all_pairs_incl_sentinel,round_win = game_pnl > 0 (decisive only),COMPATIBILITY_ONLY_NOT_PRODUCTION,234885.8996,214754.2105,9869.7735,3689,3015,-0.04201944,-0.00608590,-0.04816467,-0.04201944,-9869.7735,234885.8996,OK,0.0000,394.7909,4.0000,96.0000,AG03-UNRESOLVED,ALL5_LEVELS_bet23_to_bet27,394.7909,394.7909,394.7909,394.7909,394.7909,4.000000,4.000000,4.000000,4.000000,4.000000,96.000000,96.000000,96.000000,96.000000,96.000000,5.0,1973.9547,1822.2297,7895.8188,8047.5438,PENDING_AG03,FALSE,NOT_FOR_ENFORCEMENT,9474.9825,206164.0421,9869.7735,9474.9825,394.7909,0.04201944,0.04033866,394.7909,9474.9825,0.04033866,394.7909,394.7909,394.7909,394.7909,394.7909,9474.9825,0.04033866,1973.9547,1822.2297,7895.8188,8047.5438,0.03361555,0.0342615,0.00168078,63.6720,71.2286,3.2736,143.0402,5.0692,3404.1435,43.6957,64.4793,63.5359,42.5677,43.0663,85.2079,124.7713,127.8119,154.8004,42.604,-41.336,2.967791,3.594466,1.478463,30,203,130,8,0.14604117,0.04201944,0.00608590,0E-8,0.000000,0.914292,0.640282,0.04207877,2026-03-23,2026-08-04,69,1947,1162,135,0.511111,1.014849,1.012680,0.486804,,,,,,,,GLOBAL_BASELINE_NO_ENTITY_RANKING,,,NOT_APPLICABLE_GLOBAL_BASELINE,HF9g-P5,,,,X 全窗基线 · 不参与实体赏罚,15050130,1506,A168_HF9F_20260827_0900,2026-08-27 09:00:00
2026-04-03,74657362,2242,0,42.5676826154,-42.5676826154,-42.5676826154,0E-7,1,1,0.49324550000000000,0.493245500000,-0.9865810262130424,-0.9865810262130424,-0.9865810262130424,0E-17,ELIGIBLE,R03b_20260811_FULL_v1,L1_ELIGIBILITY,v2026-08-11,2026-03-21..2026-08-06,baccarat_bet02_101_all_pairs_incl_sentinel,round_win = game_pnl > 0 (decisive only),COMPATIBILITY_ONLY_NOT_PRODUCTION,234885.8996,214754.2105,9869.7735,3689,3015,-0.04201944,-0.00608590,-0.04816467,-0.04201944,-9869.7735,234885.8996,OK,0.0000,394.7909,4.0000,96.0000,AG03-UNRESOLVED,ALL5_LEVELS_bet23_to_bet27,394.7909,394.7909,394.7909,394.7909,394.7909,4.000000,4.000000,4.000000,4.000000,4.000000,96.000000,96.000000,96.000000,96.000000,96.000000,5.0,1973.9547,1822.2297,7895.8188,8047.5438,PENDING_AG03,FALSE,NOT_FOR_ENFORCEMENT,9474.9825,206164.0421,9869.7735,9474.9825,394.7909,0.04201944,0.04033866,394.7909,9474.9825,0.04033866,394.7909,394.7909,394.7909,394.7909,394.7909,9474.9825,0.04033866,1973.9547,1822.2297,7895.8188,8047.5438,0.03361555,0.0342615,0.00168078,63.6720,71.2286,3.2736,143.0402,5.0692,3404.1435,43.6957,64.4793,63.5359,42.5677,43.0663,85.2079,124.7713,127.8119,154.8004,42.604,-41.336,2.967791,3.594466,1.478463,30,203,130,8,0.14604117,0.04201944,0.00608590,0E-8,0.000000,0.914292,0.640282,0.04207877,2026-03-23,2026-08-04,69,1947,1162,135,0.511111,1.014849,1.012680,0.486804,,,,,,,,GLOBAL_BASELINE_NO_ENTITY_RANKING,,,NOT_APPLICABLE_GLOBAL_BASELINE,HF9g-P5,,,,X 全窗基线 · 不参与实体赏罚,15050131,1506,A168_HF9F_20260827_0900,2026-08-27 09:00:00
2026-04-03,74657362,2244,0,42.5676826154,42.5676826154,42.5676826154,1.0000000,1,1,0.49324550000000000,0.493245500000,1.01360149184955,1.01360149184955,1.01360149184955,0E-17,ELIGIBLE,R03b_20260811_FULL_v1,L1_ELIGIBILITY,v2026-08-11,2026-03-21..2026-08-06,baccarat_bet02_101_all_pairs_incl_sentinel,round_win = game_pnl > 0 (decisive only),COMPATIBILITY_ONLY_NOT_PRODUCTION,234885.8996,214754.2105,9869.7735,3689,3015,-0.04201944,-0.00608590,-0.04816467,-0.04201944,-9869.7735,234885.8996,OK,0.0000,394.7909,4.0000,96.0000,AG03-UNRESOLVED,ALL5_LEVELS_bet23_to_bet27,394.7909,394.7909,394.7909,394.7909,394.7909,4.000000,4.000000,4.000000,4.000000,4.000000,96.000000,96.000000,96.000000,96.000000,96.000000,5.0,1973.9547,1822.2297,7895.8188,8047.5438,PENDING_AG03,FALSE,NOT_FOR_ENFORCEMENT,9474.9825,206164.0421,9869.7735,9474.9825,394.7909,0.04201944,0.04033866,394.7909,9474.9825,0.04033866,394.7909,394.7909,394.7909,394.7909,394.7909,9474.9825,0.04033866,1973.9547,1822.2297,7895.8188,8047.5438,0.03361555,0.0342615,0.00168078,63.6720,71.2286,3.2736,143.0402,5.0692,3404.1435,43.6957,64.4793,63.5359,42.5677,43.0663,85.2079,124.7713,127.8119,154.8004,42.604,-41.336,2.967791,3.594466,1.478463,30,203,130,8,0.14604117,0.04201944,0.00608590,0E-8,0.000000,0.914292,0.640282,0.04207877,2026-03-23,2026-08-04,69,1947,1162,135,0.511111,1.014849,1.012680,0.486804,,,,,,,,GLOBAL_BASELINE_NO_ENTITY_RANKING,,,NOT_APPLICABLE_GLOBAL_BASELINE,HF9g-P5,,,,X 全窗基线 · 不参与实体赏罚,15050132,1506,A168_HF9F_20260827_0900,2026-08-27 09:00:00
2026-04-03,74657362,462,0,85.1353652307,-85.1353652307,-85.1353652307,0E-7,1,1,0.49324550000000000,0.493245500000,-0.9865810262130424,-0.9865810262130424,-0.9865810262130424,0E-17,ELIGIBLE,R03b_20260811_FULL_v1,L1_ELIGIBILITY,v2026-08-11,2026-03-21..2026-08-06,baccarat_bet02_101_all_pairs_incl_sentinel,round_win = game_pnl > 0 (decisive only),COMPATIBILITY_ONLY_NOT_PRODUCTION,234885.8996,214754.2105,9869.7735,3689,3015,-0.04201944,-0.00608590,-0.04816467,-0.04201944,-9869.7735,234885.8996,OK,0.0000,394.7909,4.0000,96.0000,AG03-UNRESOLVED,ALL5_LEVELS_bet23_to_bet27,394.7909,394.7909,394.7909,394.7909,394.7909,4.000000,4.000000,4.000000,4.000000,4.000000,96.000000,96.000000,96.000000,96.000000,96.000000,5.0,1973.9547,1822.2297,7895.8188,8047.5438,PENDING_AG03,FALSE,NOT_FOR_ENFORCEMENT,9474.9825,206164.0421,9869.7735,9474.9825,394.7909,0.04201944,0.04033866,394.7909,9474.9825,0.04033866,394.7909,394.7909,394.7909,394.7909,394.7909,9474.9825,0.04033866,1973.9547,1822.2297,7895.8188,8047.5438,0.03361555,0.0342615,0.00168078,63.6720,71.2286,3.2736,143.0402,5.0692,3404.1435,43.6957,64.4793,63.5359,42.5677,43.0663,85.2079,124.7713,127.8119,154.8004,42.604,-41.336,2.967791,3.594466,1.478463,30,203,130,8,0.14604117,0.04201944,0.00608590,0E-8,0.000000,0.914292,0.640282,0.04207877,2026-03-23,2026-08-04,69,1947,1162,135,0.511111,1.014849,1.012680,0.486804,,,,,,,,GLOBAL_BASELINE_NO_ENTITY_RANKING,,,NOT_APPLICABLE_GLOBAL_BASELINE,HF9g-P5,,,,X 全窗基线 · 不参与实体赏罚,15050133,1506,A168_HF9F_20260827_0900,2026-08-27 09:00:00
2026-04-03,74657362,583,0,44.2703899200,-44.2703899200,-44.2703899200,0E-7,1,1,0.49324550000000000,0.493245500000,-0.9865810262130424,-0.9865810262130424,-0.9865810262130424,0E-17,ELIGIBLE,R03b_20260811_FULL_v1,L1_ELIGIBILITY,v2026-08-11,2026-03-21..2026-08-06,baccarat_bet02_101_all_pairs_incl_sentinel,round_win = game_pnl > 0 (decisive only),COMPATIBILITY_ONLY_NOT_PRODUCTION,234885.8996,214754.2105,9869.7735,3689,3015,-0.04201944,-0.00608590,-0.04816467,-0.04201944,-9869.7735,234885.8996,OK,0.0000,394.7909,4.0000,96.0000,AG03-UNRESOLVED,ALL5_LEVELS_bet23_to_bet27,394.7909,394.7909,394.7909,394.7909,394.7909,4.000000,4.000000,4.000000,4.000000,4.000000,96.000000,96.000000,96.000000,96.000000,96.000000,5.0,1973.9547,1822.2297,7895.8188,8047.5438,PENDING_AG03,FALSE,NOT_FOR_ENFORCEMENT,9474.9825,206164.0421,9869.7735,9474.9825,394.7909,0.04201944,0.04033866,394.7909,9474.9825,0.04033866,394.7909,394.7909,394.7909,394.7909,394.7909,9474.9825,0.04033866,1973.9547,1822.2297,7895.8188,8047.5438,0.03361555,0.0342615,0.00168078,63.6720,71.2286,3.2736,143.0402,5.0692,3404.1435,43.6957,64.4793,63.5359,42.5677,43.0663,85.2079,124.7713,127.8119,154.8004,42.604,-41.336,2.967791,3.594466,1.478463,30,203,130,8,0.14604117,0.04201944,0.00608590,0E-8,0.000000,0.914292,0.640282,0.04207877,2026-03-23,2026-08-04,69,1947,1162,135,0.511111,1.014849,1.012680,0.486804,,,,,,,,GLOBAL_BASELINE_NO_ENTITY_RANKING,,,NOT_APPLICABLE_GLOBAL_BASELINE,HF9g-P5,,,,X 全窗基线 · 不参与实体赏罚,15050134,1506,A168_HF9F_20260827_0900,2026-08-27 09:00:00
2026-04-03,74657362,595,0,85.1353652308,0E-10,0E-10,0.5000000,2,2,0.49324550000000000,0.493245500000,0.01910635448239258,0.01910635448239258,0.01910635448239258,0E-17,ELIGIBLE,R03b_20260811_FULL_v1,L1_ELIGIBILITY,v2026-08-11,2026-03-21..2026-08-06,baccarat_bet02_101_all_pairs_incl_sentinel,round_win = game_pnl > 0 (decisive only),COMPATIBILITY_ONLY_NOT_PRODUCTION,234885.8996,214754.2105,9869.7735,3689,3015,-0.04201944,-0.00608590,-0.04816467,-0.04201944,-9869.7735,234885.8996,OK,0.0000,394.7909,4.0000,96.0000,AG03-UNRESOLVED,ALL5_LEVELS_bet23_to_bet27,394.7909,394.7909,394.7909,394.7909,394.7909,4.000000,4.000000,4.000000,4.000000,4.000000,96.000000,96.000000,96.000000,96.000000,96.000000,5.0,1973.9547,1822.2297,7895.8188,8047.5438,PENDING_AG03,FALSE,NOT_FOR_ENFORCEMENT,9474.9825,206164.0421,9869.7735,9474.9825,394.7909,0.04201944,0.04033866,394.7909,9474.9825,0.04033866,394.7909,394.7909,394.7909,394.7909,394.7909,9474.9825,0.04033866,1973.9547,1822.2297,7895.8188,8047.5438,0.03361555,0.0342615,0.00168078,63.6720,71.2286,3.2736,143.0402,5.0692,3404.1435,43.6957,64.4793,63.5359,42.5677,43.0663,85.2079,124.7713,127.8119,154.8004,42.604,-41.336,2.967791,3.594466,1.478463,30,203,130,8,0.14604117,0.04201944,0.00608590,0E-8,0.000000,0.914292,0.640282,0.04207877,2026-03-23,2026-08-04,69,1947,1162,135,0.511111,1.014849,1.012680,0.486804,,,,,,,,GLOBAL_BASELINE_NO_ENTITY_RANKING,,,NOT_APPLICABLE_GLOBAL_BASELINE,HF9g-P5,,,,X 全窗基线 · 不参与实体赏罚,15050135,1506,A168_HF9F_20260827_0900,2026-08-27 09:00:00
2026-04-04,74657362,-1,1,553.3798740002,383.1091435386,383.1091435386,0.8461538,13,13,0.49324550000000000,0.493245500000,2.545090516494755,2.5450905164947546,2.545090516494755,0E-17,SENTINEL_DEALER,R03b_20260811_FULL_v1,L1_ELIGIBILITY,v2026-08-11,2026-03-21..2026-08-06,baccarat_bet02_101_all_pairs_incl_sentinel,round_win = game_pnl > 0 (decisive only),COMPATIBILITY_ONLY_NOT_PRODUCTION,234885.8996,214754.2105,9869.7735,3689,3015,-0.04201944,-0.00608590,-0.04816467,-0.04201944,-9869.7735,234885.8996,OK,0.0000,394.7909,4.0000,96.0000,AG03-UNRESOLVED,ALL5_LEVELS_bet23_to_bet27,394.7909,394.7909,394.7909,394.7909,394.7909,4.000000,4.000000,4.000000,4.000000,4.000000,96.000000,96.000000,96.000000,96.000000,96.000000,5.0,1973.9547,1822.2297,7895.8188,8047.5438,PENDING_AG03,FALSE,NOT_FOR_ENFORCEMENT,9474.9825,206164.0421,9869.7735,9474.9825,394.7909,0.04201944,0.04033866,394.7909,9474.9825,0.04033866,394.7909,394.7909,394.7909,394.7909,394.7909,9474.9825,0.04033866,1973.9547,1822.2297,7895.8188,8047.5438,0.03361555,0.0342615,0.00168078,63.6720,71.2286,3.2736,143.0402,5.0692,3404.1435,43.6957,64.4793,63.5359,42.5677,43.0663,85.2079,124.7713,127.8119,154.8004,42.604,-41.336,2.967791,3.594466,1.478463,30,203,130,8,0.14604117,0.04201944,0.00608590,0E-8,0.000000,0.914292,0.640282,0.04207877,2026-03-23,2026-08-04,69,1947,1162,135,0.511111,1.014849,1.012680,0.486804,,,,,,,,GLOBAL_BASELINE_NO_ENTITY_RANKING,,,NOT_APPLICABLE_GLOBAL_BASELINE,HF9g-P5,,,,X 全窗基线 · 不参与实体赏罚,15050136,1506,A168_HF9F_20260827_0900,2026-08-27 09:00:00
2026-04-04,74657362,1115,0,42.5676826154,42.5676826154,42.5676826154,1.0000000,1,1,0.50665070000000000,0.506650700000,0.9867858985152569,0.9867858985152569,0.9867858985152569,0E-17,ELIGIBLE,R03b_20260811_FULL_v1,L1_ELIGIBILITY,v2026-08-11,2026-03-21..2026-08-06,baccarat_bet02_101_all_pairs_incl_sentinel,round_win = game_pnl > 0 (decisive only),COMPATIBILITY_ONLY_NOT_PRODUCTION,234885.8996,214754.2105,9869.7735,3689,3015,-0.04201944,-0.00608590,-0.04816467,-0.04201944,-9869.7735,234885.8996,OK,0.0000,394.7909,4.0000,96.0000,AG03-UNRESOLVED,ALL5_LEVELS_bet23_to_bet27,394.7909,394.7909,394.7909,394.7909,394.7909,4.000000,4.000000,4.000000,4.000000,4.000000,96.000000,96.000000,96.000000,96.000000,96.000000,5.0,1973.9547,1822.2297,7895.8188,8047.5438,PENDING_AG03,FALSE,NOT_FOR_ENFORCEMENT,9474.9825,206164.0421,9869.7735,9474.9825,394.7909,0.04201944,0.04033866,394.7909,9474.9825,0.04033866,394.7909,394.7909,394.7909,394.7909,394.7909,9474.9825,0.04033866,1973.9547,1822.2297,7895.8188,8047.5438,0.03361555,0.0342615,0.00168078,63.6720,71.2286,3.2736,143.0402,5.0692,3404.1435,43.6957,64.4793,63.5359,42.5677,43.0663,85.2079,124.7713,127.8119,154.8004,42.604,-41.336,2.967791,3.594466,1.478463,30,203,130,8,0.14604117,0.04201944,0.00608590,0E-8,0.000000,0.914292,0.640282,0.04207877,2026-03-23,2026-08-04,69,1947,1162,135,0.511111,1.014849,1.012680,0.486804,,,,,,,,GLOBAL_BASELINE_NO_ENTITY_RANKING,,,NOT_APPLICABLE_GLOBAL_BASELINE,HF9g-P5,,,,X 全窗基线 · 不参与实体赏罚,15050137,1506,A168_HF9F_20260827_0900,2026-08-27 09:00:00
2026-04-04,74657362,1221,0,42.5676826154,-42.5676826154,-42.5676826154,0E-7,1,1,0.49324550000000000,0.493245500000,-0.9865810262130424,-0.9865810262130424,-0.9865810262130424,0E-17,ELIGIBLE,R03b_20260811_FULL_v1,L1_ELIGIBILITY,v2026-08-11,2026-03-21..2026-08-06,baccarat_bet02_101_all_pairs_incl_sentinel,round_win = game_pnl > 0 (decisive only),COMPATIBILITY_ONLY_NOT_PRODUCTION,234885.8996,214754.2105,9869.7735,3689,3015,-0.04201944,-0.00608590,-0.04816467,-0.04201944,-9869.7735,234885.8996,OK,0.0000,394.7909,4.0000,96.0000,AG03-UNRESOLVED,ALL5_LEVELS_bet23_to_bet27,394.7909,394.7909,394.7909,394.7909,394.7909,4.000000,4.000000,4.000000,4.000000,4.000000,96.000000,96.000000,96.000000,96.000000,96.000000,5.0,1973.9547,1822.2297,7895.8188,8047.5438,PENDING_AG03,FALSE,NOT_FOR_ENFORCEMENT,9474.9825,206164.0421,9869.7735,9474.9825,394.7909,0.04201944,0.04033866,394.7909,9474.9825,0.04033866,394.7909,394.7909,394.7909,394.7909,394.7909,9474.9825,0.04033866,1973.9547,1822.2297,7895.8188,8047.5438,0.03361555,0.0342615,0.00168078,63.6720,71.2286,3.2736,143.0402,5.0692,3404.1435,43.6957,64.4793,63.5359,42.5677,43.0663,85.2079,124.7713,127.8119,154.8004,42.604,-41.336,2.967791,3.594466,1.478463,30,203,130,8,0.14604117,0.04201944,0.00608590,0E-8,0.000000,0.914292,0.640282,0.04207877,2026-03-23,2026-08-04,69,1947,1162,135,0.511111,1.014849,1.012680,0.486804,,,,,,,,GLOBAL_BASELINE_NO_ENTITY_RANKING,,,NOT_APPLICABLE_GLOBAL_BASELINE,HF9g-P5,,,,X 全窗基线 · 不参与实体赏罚,15050138,1506,A168_HF9F_20260827_0900,2026-08-27 09:00:00
2026-04-04,74657362,1302,0,42.5676826154,-42.5676826154,-42.5676826154,0E-7,1,1,0.49324550000000000,0.493245500000,-0.9865810262130424,-0.9865810262130424,-0.9865810262130424,0E-17,ELIGIBLE,R03b_20260811_FULL_v1,L1_ELIGIBILITY,v2026-08-11,2026-03-21..2026-08-06,baccarat_bet02_101_all_pairs_incl_sentinel,round_win = game_pnl > 0 (decisive only),COMPATIBILITY_ONLY_NOT_PRODUCTION,234885.8996,214754.2105,9869.7735,3689,3015,-0.04201944,-0.00608590,-0.04816467,-0.04201944,-9869.7735,234885.8996,OK,0.0000,394.7909,4.0000,96.0000,AG03-UNRESOLVED,ALL5_LEVELS_bet23_to_bet27,394.7909,394.7909,394.7909,394.7909,394.7909,4.000000,4.000000,4.000000,4.000000,4.000000,96.000000,96.000000,96.000000,96.000000,96.000000,5.0,1973.9547,1822.2297,7895.8188,8047.5438,PENDING_AG03,FALSE,NOT_FOR_ENFORCEMENT,9474.9825,206164.0421,9869.7735,9474.9825,394.7909,0.04201944,0.04033866,394.7909,9474.9825,0.04033866,394.7909,394.7909,394.7909,394.7909,394.7909,9474.9825,0.04033866,1973.9547,1822.2297,7895.8188,8047.5438,0.03361555,0.0342615,0.00168078,63.6720,71.2286,3.2736,143.0402,5.0692,3404.1435,43.6957,64.4793,63.5359,42.5677,43.0663,85.2079,124.7713,127.8119,154.8004,42.604,-41.336,2.967791,3.594466,1.478463,30,203,130,8,0.14604117,0.04201944,0.00608590,0E-8,0.000000,0.914292,0.640282,0.04207877,2026-03-23,2026-08-04,69,1947,1162,135,0.511111,1.014849,1.012680,0.486804,,,,,,,,GLOBAL_BASELINE_NO_ENTITY_RANKING,,,NOT_APPLICABLE_GLOBAL_BASELINE,HF9g-P5,,,,X 全窗基线 · 不参与实体赏罚,15050139,1506,A168_HF9F_20260827_0900,2026-08-27 09:00:00
2026-04-04,74657362,1330,0,85.1353652307,-85.1353652307,-85.1353652307,0E-7,1,1,0.49324550000000000,0.493245500000,-0.9865810262130424,-0.9865810262130424,-0.9865810262130424,0E-17,ELIGIBLE,R03b_20260811_FULL_v1,L1_ELIGIBILITY,v2026-08-11,2026-03-21..2026-08-06,baccarat_bet02_101_all_pairs_incl_sentinel,round_win = game_pnl > 0 (decisive only),COMPATIBILITY_ONLY_NOT_PRODUCTION,234885.8996,214754.2105,9869.7735,3689,3015,-0.04201944,-0.00608590,-0.04816467,-0.04201944,-9869.7735,234885.8996,OK,0.0000,394.7909,4.0000,96.0000,AG03-UNRESOLVED,ALL5_LEVELS_bet23_to_bet27,394.7909,394.7909,394.7909,394.7909,394.7909,4.000000,4.000000,4.000000,4.000000,4.000000,96.000000,96.000000,96.000000,96.000000,96.000000,5.0,1973.9547,1822.2297,7895.8188,8047.5438,PENDING_AG03,FALSE,NOT_FOR_ENFORCEMENT,9474.9825,206164.0421,9869.7735,9474.9825,394.7909,0.04201944,0.04033866,394.7909,9474.9825,0.04033866,394.7909,394.7909,394.7909,394.7909,394.7909,9474.9825,0.04033866,1973.9547,1822.2297,7895.8188,8047.5438,0.03361555,0.0342615,0.00168078,63.6720,71.2286,3.2736,143.0402,5.0692,3404.1435,43.6957,64.4793,63.5359,42.5677,43.0663,85.2079,124.7713,127.8119,154.8004,42.604,-41.336,2.967791,3.594466,1.478463,30,203,130,8,0.14604117,0.04201944,0.00608590,0E-8,0.000000,0.914292,0.640282,0.04207877,2026-03-23,2026-08-04,69,1947,1162,135,0.511111,1.014849,1.012680,0.486804,,,,,,,,GLOBAL_BASELINE_NO_ENTITY_RANKING,,,NOT_APPLICABLE_GLOBAL_BASELINE,HF9g-P5,,,,X 全窗基线 · 不参与实体赏罚,15050140,1506,A168_HF9F_20260827_0900,2026-08-27 09:00:00
2026-04-04,74657362,1485,0,85.1353652308,85.1353652308,85.1353652308,1.0000000,2,2,0.49324550000000000,0.493245500000,1.4334489766152358,1.4334489766152358,1.4334489766152358,0E-17,ELIGIBLE,R03b_20260811_FULL_v1,L1_ELIGIBILITY,v2026-08-11,2026-03-21..2026-08-06,baccarat_bet02_101_all_pairs_incl_sentinel,round_win = game_pnl > 0 (decisive only),COMPATIBILITY_ONLY_NOT_PRODUCTION,234885.8996,214754.2105,9869.7735,3689,3015,-0.04201944,-0.00608590,-0.04816467,-0.04201944,-9869.7735,234885.8996,OK,0.0000,394.7909,4.0000,96.0000,AG03-UNRESOLVED,ALL5_LEVELS_bet23_to_bet27,394.7909,394.7909,394.7909,394.7909,394.7909,4.000000,4.000000,4.000000,4.000000,4.000000,96.000000,96.000000,96.000000,96.000000,96.000000,5.0,1973.9547,1822.2297,7895.8188,8047.5438,PENDING_AG03,FALSE,NOT_FOR_ENFORCEMENT,9474.9825,206164.0421,9869.7735,9474.9825,394.7909,0.04201944,0.04033866,394.7909,9474.9825,0.04033866,394.7909,394.7909,394.7909,394.7909,394.7909,9474.9825,0.04033866,1973.9547,1822.2297,7895.8188,8047.5438,0.03361555,0.0342615,0.00168078,63.6720,71.2286,3.2736,143.0402,5.0692,3404.1435,43.6957,64.4793,63.5359,42.5677,43.0663,85.2079,124.7713,127.8119,154.8004,42.604,-41.336,2.967791,3.594466,1.478463,30,203,130,8,0.14604117,0.04201944,0.00608590,0E-8,0.000000,0.914292,0.640282,0.04207877,2026-03-23,2026-08-04,69,1947,1162,135,0.511111,1.014849,1.012680,0.486804,,,,,,,,GLOBAL_BASELINE_NO_ENTITY_RANKING,,,NOT_APPLICABLE_GLOBAL_BASELINE,HF9g-P5,,,,X 全窗基线 · 不参与实体赏罚,15050141,1506,A168_HF9F_20260827_0900,2026-08-27 09:00:00
2026-04-04,74657362,1623,0,127.7030478462,42.5676826154,42.5676826154,0.6666667,3,3,0.49324550000000000,0.493245500000,0.6008033672792107,0.6008033672792106,0.6008033672792107,0E-17,ELIGIBLE,R03b_20260811_FULL_v1,L1_ELIGIBILITY,v2026-08-11,2026-03-21..2026-08-06,baccarat_bet02_101_all_pairs_incl_sentinel,round_win = game_pnl > 0 (decisive only),COMPATIBILITY_ONLY_NOT_PRODUCTION,234885.8996,214754.2105,9869.7735,3689,3015,-0.04201944,-0.00608590,-0.04816467,-0.04201944,-9869.7735,234885.8996,OK,0.0000,394.7909,4.0000,96.0000,AG03-UNRESOLVED,ALL5_LEVELS_bet23_to_bet27,394.7909,394.7909,394.7909,394.7909,394.7909,4.000000,4.000000,4.000000,4.000000,4.000000,96.000000,96.000000,96.000000,96.000000,96.000000,5.0,1973.9547,1822.2297,7895.8188,8047.5438,PENDING_AG03,FALSE,NOT_FOR_ENFORCEMENT,9474.9825,206164.0421,9869.7735,9474.9825,394.7909,0.04201944,0.04033866,394.7909,9474.9825,0.04033866,394.7909,394.7909,394.7909,394.7909,394.7909,9474.9825,0.04033866,1973.9547,1822.2297,7895.8188,8047.5438,0.03361555,0.0342615,0.00168078,63.6720,71.2286,3.2736,143.0402,5.0692,3404.1435,43.6957,64.4793,63.5359,42.5677,43.0663,85.2079,124.7713,127.8119,154.8004,42.604,-41.336,2.967791,3.594466,1.478463,30,203,130,8,0.14604117,0.04201944,0.00608590,0E-8,0.000000,0.914292,0.640282,0.04207877,2026-03-23,2026-08-04,69,1947,1162,135,0.511111,1.014849,1.012680,0.486804,,,,,,,,GLOBAL_BASELINE_NO_ENTITY_RANKING,,,NOT_APPLICABLE_GLOBAL_BASELINE,HF9g-P5,,,,X 全窗基线 · 不参与实体赏罚,15050142,1506,A168_HF9F_20260827_0900,2026-08-27 09:00:00
2026-04-04,74657362,1940,0,85.1353652308,42.5676826154,42.5676826154,1.0000000,2,2,0.49324550000000000,0.493245500000,1.01360149184955,1.01360149184955,1.01360149184955,0E-17,ELIGIBLE,R03b_20260811_FULL_v1,L1_ELIGIBILITY,v2026-08-11,2026-03-21..2026-08-06,baccarat_bet02_101_all_pairs_incl_sentinel,round_win = game_pnl > 0 (decisive only),COMPATIBILITY_ONLY_NOT_PRODUCTION,234885.8996,214754.2105,9869.7735,3689,3015,-0.04201944,-0.00608590,-0.04816467,-0.04201944,-9869.7735,234885.8996,OK,0.0000,394.7909,4.0000,96.0000,AG03-UNRESOLVED,ALL5_LEVELS_bet23_to_bet27,394.7909,394.7909,394.7909,394.7909,394.7909,4.000000,4.000000,4.000000,4.000000,4.000000,96.000000,96.000000,96.000000,96.000000,96.000000,5.0,1973.9547,1822.2297,7895.8188,8047.5438,PENDING_AG03,FALSE,NOT_FOR_ENFORCEMENT,9474.9825,206164.0421,9869.7735,9474.9825,394.7909,0.04201944,0.04033866,394.7909,9474.9825,0.04033866,394.7909,394.7909,394.7909,394.7909,394.7909,9474.9825,0.04033866,1973.9547,1822.2297,7895.8188,8047.5438,0.03361555,0.0342615,0.00168078,63.6720,71.2286,3.2736,143.0402,5.0692,3404.1435,43.6957,64.4793,63.5359,42.5677,43.0663,85.2079,124.7713,127.8119,154.8004,42.604,-41.336,2.967791,3.594466,1.478463,30,203,130,8,0.14604117,0.04201944,0.00608590,0E-8,0.000000,0.914292,0.640282,0.04207877,2026-03-23,2026-08-04,69,1947,1162,135,0.511111,1.014849,1.012680,0.486804,,,,,,,,GLOBAL_BASELINE_NO_ENTITY_RANKING,,,NOT_APPLICABLE_GLOBAL_BASELINE,HF9g-P5,,,,X 全窗基线 · 不参与实体赏罚,15050143,1506,A168_HF9F_20260827_0900,2026-08-27 09:00:00
2026-04-04,74657362,1951,0,42.5676826154,0E-10,0E-10,,1,1,0.49324550000000000,0.493245500000,,,,0E-17,NO_DECISIVE_ROUND,R03b_20260811_FULL_v1,L1_ELIGIBILITY,v2026-08-11,2026-03-21..2026-08-06,baccarat_bet02_101_all_pairs_incl_sentinel,round_win = game_pnl > 0 (decisive only),COMPATIBILITY_ONLY_NOT_PRODUCTION,234885.8996,214754.2105,9869.7735,3689,3015,-0.04201944,-0.00608590,-0.04816467,-0.04201944,-9869.7735,234885.8996,OK,0.0000,394.7909,4.0000,96.0000,AG03-UNRESOLVED,ALL5_LEVELS_bet23_to_bet27,394.7909,394.7909,394.7909,394.7909,394.7909,4.000000,4.000000,4.000000,4.000000,4.000000,96.000000,96.000000,96.000000,96.000000,96.000000,5.0,1973.9547,1822.2297,7895.8188,8047.5438,PENDING_AG03,FALSE,NOT_FOR_ENFORCEMENT,9474.9825,206164.0421,9869.7735,9474.9825,394.7909,0.04201944,0.04033866,394.7909,9474.9825,0.04033866,394.7909,394.7909,394.7909,394.7909,394.7909,9474.9825,0.04033866,1973.9547,1822.2297,7895.8188,8047.5438,0.03361555,0.0342615,0.00168078,63.6720,71.2286,3.2736,143.0402,5.0692,3404.1435,43.6957,64.4793,63.5359,42.5677,43.0663,85.2079,124.7713,127.8119,154.8004,42.604,-41.336,2.967791,3.594466,1.478463,30,203,130,8,0.14604117,0.04201944,0.00608590,0E-8,0.000000,0.914292,0.640282,0.04207877,2026-03-23,2026-08-04,69,1947,1162,135,0.511111,1.014849,1.012680,0.486804,,,,,,,,GLOBAL_BASELINE_NO_ENTITY_RANKING,,,NOT_APPLICABLE_GLOBAL_BASELINE,HF9g-P5,,,,X 全窗基线 · 不参与实体赏罚,15050144,1506,A168_HF9F_20260827_0900,2026-08-27 09:00:00
2026-04-04,74657362,2117,0,85.1353652308,-85.1353652308,-85.1353652308,0E-7,2,2,0.49324550000000000,0.493245500000,-1.3952362676504506,-1.3952362676504506,-1.3952362676504506,0E-17,ELIGIBLE,R03b_20260811_FULL_v1,L1_ELIGIBILITY,v2026-08-11,2026-03-21..2026-08-06,baccarat_bet02_101_all_pairs_incl_sentinel,round_win = game_pnl > 0 (decisive only),COMPATIBILITY_ONLY_NOT_PRODUCTION,234885.8996,214754.2105,9869.7735,3689,3015,-0.04201944,-0.00608590,-0.04816467,-0.04201944,-9869.7735,234885.8996,OK,0.0000,394.7909,4.0000,96.0000,AG03-UNRESOLVED,ALL5_LEVELS_bet23_to_bet27,394.7909,394.7909,394.7909,394.7909,394.7909,4.000000,4.000000,4.000000,4.000000,4.000000,96.000000,96.000000,96.000000,96.000000,96.000000,5.0,1973.9547,1822.2297,7895.8188,8047.5438,PENDING_AG03,FALSE,NOT_FOR_ENFORCEMENT,9474.9825,206164.0421,9869.7735,9474.9825,394.7909,0.04201944,0.04033866,394.7909,9474.9825,0.04033866,394.7909,394.7909,394.7909,394.7909,394.7909,9474.9825,0.04033866,1973.9547,1822.2297,7895.8188,8047.5438,0.03361555,0.0342615,0.00168078,63.6720,71.2286,3.2736,143.0402,5.0692,3404.1435,43.6957,64.4793,63.5359,42.5677,43.0663,85.2079,124.7713,127.8119,154.8004,42.604,-41.336,2.967791,3.594466,1.478463,30,203,130,8,0.14604117,0.04201944,0.00608590,0E-8,0.000000,0.914292,0.640282,0.04207877,2026-03-23,2026-08-04,69,1947,1162,135,0.511111,1.014849,1.012680,0.486804,,,,,,,,GLOBAL_BASELINE_NO_ENTITY_RANKING,,,NOT_APPLICABLE_GLOBAL_BASELINE,HF9g-P5,,,,X 全窗基线 · 不参与实体赏罚,15050145,1506,A168_HF9F_20260827_0900,2026-08-27 09:00:00
2026-04-04,74657362,2127,0,42.5676826154,42.5676826154,42.5676826154,1.0000000,1,1,0.49324550000000000,0.493245500000,1.01360149184955,1.01360149184955,1.01360149184955,0E-17,ELIGIBLE,R03b_20260811_FULL_v1,L1_ELIGIBILITY,v2026-08-11,2026-03-21..2026-08-06,baccarat_bet02_101_all_pairs_incl_sentinel,round_win = game_pnl > 0 (decisive only),COMPATIBILITY_ONLY_NOT_PRODUCTION,234885.8996,214754.2105,9869.7735,3689,3015,-0.04201944,-0.00608590,-0.04816467,-0.04201944,-9869.7735,234885.8996,OK,0.0000,394.7909,4.0000,96.0000,AG03-UNRESOLVED,ALL5_LEVELS_bet23_to_bet27,394.7909,394.7909,394.7909,394.7909,394.7909,4.000000,4.000000,4.000000,4.000000,4.000000,96.000000,96.000000,96.000000,96.000000,96.000000,5.0,1973.9547,1822.2297,7895.8188,8047.5438,PENDING_AG03,FALSE,NOT_FOR_ENFORCEMENT,9474.9825,206164.0421,9869.7735,9474.9825,394.7909,0.04201944,0.04033866,394.7909,9474.9825,0.04033866,394.7909,394.7909,394.7909,394.7909,394.7909,9474.9825,0.04033866,1973.9547,1822.2297,7895.8188,8047.5438,0.03361555,0.0342615,0.00168078,63.6720,71.2286,3.2736,143.0402,5.0692,3404.1435,43.6957,64.4793,63.5359,42.5677,43.0663,85.2079,124.7713,127.8119,154.8004,42.604,-41.336,2.967791,3.594466,1.478463,30,203,130,8,0.14604117,0.04201944,0.00608590,0E-8,0.000000,0.914292,0.640282,0.04207877,2026-03-23,2026-08-04,69,1947,1162,135,0.511111,1.014849,1.012680,0.486804,,,,,,,,GLOBAL_BASELINE_NO_ENTITY_RANKING,,,NOT_APPLICABLE_GLOBAL_BASELINE,HF9g-P5,,,,X 全窗基线 · 不参与实体赏罚,15050146,1506,A168_HF9F_20260827_0900,2026-08-27 09:00:00
2026-04-04,74657362,2155,0,85.1353652307,85.1353652307,85.1353652307,1.0000000,1,1,0.49324550000000000,0.493245500000,1.01360149184955,1.01360149184955,1.01360149184955,0E-17,ELIGIBLE,R03b_20260811_FULL_v1,L1_ELIGIBILITY,v2026-08-11,2026-03-21..2026-08-06,baccarat_bet02_101_all_pairs_incl_sentinel,round_win = game_pnl > 0 (decisive only),COMPATIBILITY_ONLY_NOT_PRODUCTION,234885.8996,214754.2105,9869.7735,3689,3015,-0.04201944,-0.00608590,-0.04816467,-0.04201944,-9869.7735,234885.8996,OK,0.0000,394.7909,4.0000,96.0000,AG03-UNRESOLVED,ALL5_LEVELS_bet23_to_bet27,394.7909,394.7909,394.7909,394.7909,394.7909,4.000000,4.000000,4.000000,4.000000,4.000000,96.000000,96.000000,96.000000,96.000000,96.000000,5.0,1973.9547,1822.2297,7895.8188,8047.5438,PENDING_AG03,FALSE,NOT_FOR_ENFORCEMENT,9474.9825,206164.0421,9869.7735,9474.9825,394.7909,0.04201944,0.04033866,394.7909,9474.9825,0.04033866,394.7909,394.7909,394.7909,394.7909,394.7909,9474.9825,0.04033866,1973.9547,1822.2297,7895.8188,8047.5438,0.03361555,0.0342615,0.00168078,63.6720,71.2286,3.2736,143.0402,5.0692,3404.1435,43.6957,64.4793,63.5359,42.5677,43.0663,85.2079,124.7713,127.8119,154.8004,42.604,-41.336,2.967791,3.594466,1.478463,30,203,130,8,0.14604117,0.04201944,0.00608590,0E-8,0.000000,0.914292,0.640282,0.04207877,2026-03-23,2026-08-04,69,1947,1162,135,0.511111,1.014849,1.012680,0.486804,,,,,,,,GLOBAL_BASELINE_NO_ENTITY_RANKING,,,NOT_APPLICABLE_GLOBAL_BASELINE,HF9g-P5,,,,X 全窗基线 · 不参与实体赏罚,15050147,1506,A168_HF9F_20260827_0900,2026-08-27 09:00:00
2026-04-04,74657362,2156,0,42.5676826154,-42.5676826154,-42.5676826154,0E-7,1,1,0.49324550000000000,0.493245500000,-0.9865810262130424,-0.9865810262130424,-0.9865810262130424,0E-17,ELIGIBLE,R03b_20260811_FULL_v1,L1_ELIGIBILITY,v2026-08-11,2026-03-21..2026-08-06,baccarat_bet02_101_all_pairs_incl_sentinel,round_win = game_pnl > 0 (decisive only),COMPATIBILITY_ONLY_NOT_PRODUCTION,234885.8996,214754.2105,9869.7735,3689,3015,-0.04201944,-0.00608590,-0.04816467,-0.04201944,-9869.7735,234885.8996,OK,0.0000,394.7909,4.0000,96.0000,AG03-UNRESOLVED,ALL5_LEVELS_bet23_to_bet27,394.7909,394.7909,394.7909,394.7909,394.7909,4.000000,4.000000,4.000000,4.000000,4.000000,96.000000,96.000000,96.000000,96.000000,96.000000,5.0,1973.9547,1822.2297,7895.8188,8047.5438,PENDING_AG03,FALSE,NOT_FOR_ENFORCEMENT,9474.9825,206164.0421,9869.7735,9474.9825,394.7909,0.04201944,0.04033866,394.7909,9474.9825,0.04033866,394.7909,394.7909,394.7909,394.7909,394.7909,9474.9825,0.04033866,1973.9547,1822.2297,7895.8188,8047.5438,0.03361555,0.0342615,0.00168078,63.6720,71.2286,3.2736,143.0402,5.0692,3404.1435,43.6957,64.4793,63.5359,42.5677,43.0663,85.2079,124.7713,127.8119,154.8004,42.604,-41.336,2.967791,3.594466,1.478463,30,203,130,8,0.14604117,0.04201944,0.00608590,0E-8,0.000000,0.914292,0.640282,0.04207877,2026-03-23,2026-08-04,69,1947,1162,135,0.511111,1.014849,1.012680,0.486804,,,,,,,,GLOBAL_BASELINE_NO_ENTITY_RANKING,,,NOT_APPLICABLE_GLOBAL_BASELINE,HF9g-P5,,,,X 全窗基线 · 不参与实体赏罚,15050148,1506,A168_HF9F_20260827_0900,2026-08-27 09:00:00
2026-04-04,74657362,2170,0,127.7030478462,-85.1353652308,-85.1353652308,0E-7,3,3,0.49324550000000000,0.493245500000,-1.3952362676504506,-1.3952362676504506,-1.3952362676504506,0E-17,ELIGIBLE,R03b_20260811_FULL_v1,L1_ELIGIBILITY,v2026-08-11,2026-03-21..2026-08-06,baccarat_bet02_101_all_pairs_incl_sentinel,round_win = game_pnl > 0 (decisive only),COMPATIBILITY_ONLY_NOT_PRODUCTION,234885.8996,214754.2105,9869.7735,3689,3015,-0.04201944,-0.00608590,-0.04816467,-0.04201944,-9869.7735,234885.8996,OK,0.0000,394.7909,4.0000,96.0000,AG03-UNRESOLVED,ALL5_LEVELS_bet23_to_bet27,394.7909,394.7909,394.7909,394.7909,394.7909,4.000000,4.000000,4.000000,4.000000,4.000000,96.000000,96.000000,96.000000,96.000000,96.000000,5.0,1973.9547,1822.2297,7895.8188,8047.5438,PENDING_AG03,FALSE,NOT_FOR_ENFORCEMENT,9474.9825,206164.0421,9869.7735,9474.9825,394.7909,0.04201944,0.04033866,394.7909,9474.9825,0.04033866,394.7909,394.7909,394.7909,394.7909,394.7909,9474.9825,0.04033866,1973.9547,1822.2297,7895.8188,8047.5438,0.03361555,0.0342615,0.00168078,63.6720,71.2286,3.2736,143.0402,5.0692,3404.1435,43.6957,64.4793,63.5359,42.5677,43.0663,85.2079,124.7713,127.8119,154.8004,42.604,-41.336,2.967791,3.594466,1.478463,30,203,130,8,0.14604117,0.04201944,0.00608590,0E-8,0.000000,0.914292,0.640282,0.04207877,2026-03-23,2026-08-04,69,1947,1162,135,0.511111,1.014849,1.012680,0.486804,,,,,,,,GLOBAL_BASELINE_NO_ENTITY_RANKING,,,NOT_APPLICABLE_GLOBAL_BASELINE,HF9g-P5,,,,X 全窗基线 · 不参与实体赏罚,15050149,1506,A168_HF9F_20260827_0900,2026-08-27 09:00:00
2026-04-04,74657362,2188,0,42.5676826154,-42.5676826154,-42.5676826154,0E-7,1,1,0.50665070000000000,0.506650700000,-1.013391052207602,-1.013391052207602,-1.013391052207602,0E-17,ELIGIBLE,R03b_20260811_FULL_v1,L1_ELIGIBILITY,v2026-08-11,2026-03-21..2026-08-06,baccarat_bet02_101_all_pairs_incl_sentinel,round_win = game_pnl > 0 (decisive only),COMPATIBILITY_ONLY_NOT_PRODUCTION,234885.8996,214754.2105,9869.7735,3689,3015,-0.04201944,-0.00608590,-0.04816467,-0.04201944,-9869.7735,234885.8996,OK,0.0000,394.7909,4.0000,96.0000,AG03-UNRESOLVED,ALL5_LEVELS_bet23_to_bet27,394.7909,394.7909,394.7909,394.7909,394.7909,4.000000,4.000000,4.000000,4.000000,4.000000,96.000000,96.000000,96.000000,96.000000,96.000000,5.0,1973.9547,1822.2297,7895.8188,8047.5438,PENDING_AG03,FALSE,NOT_FOR_ENFORCEMENT,9474.9825,206164.0421,9869.7735,9474.9825,394.7909,0.04201944,0.04033866,394.7909,9474.9825,0.04033866,394.7909,394.7909,394.7909,394.7909,394.7909,9474.9825,0.04033866,1973.9547,1822.2297,7895.8188,8047.5438,0.03361555,0.0342615,0.00168078,63.6720,71.2286,3.2736,143.0402,5.0692,3404.1435,43.6957,64.4793,63.5359,42.5677,43.0663,85.2079,124.7713,127.8119,154.8004,42.604,-41.336,2.967791,3.594466,1.478463,30,203,130,8,0.14604117,0.04201944,0.00608590,0E-8,0.000000,0.914292,0.640282,0.04207877,2026-03-23,2026-08-04,69,1947,1162,135,0.511111,1.014849,1.012680,0.486804,,,,,,,,GLOBAL_BASELINE_NO_ENTITY_RANKING,,,NOT_APPLICABLE_GLOBAL_BASELINE,HF9g-P5,,,,X 全窗基线 · 不参与实体赏罚,15050150,1506,A168_HF9F_20260827_0900,2026-08-27 09:00:00
2026-04-04,74657362,2196,0,42.5676826154,-42.5676826154,-42.5676826154,0E-7,1,1,0.49324550000000000,0.493245500000,-0.9865810262130424,-0.9865810262130424,-0.9865810262130424,0E-17,ELIGIBLE,R03b_20260811_FULL_v1,L1_ELIGIBILITY,v2026-08-11,2026-03-21..2026-08-06,baccarat_bet02_101_all_pairs_incl_sentinel,round_win = game_pnl > 0 (decisive only),COMPATIBILITY_ONLY_NOT_PRODUCTION,234885.8996,214754.2105,9869.7735,3689,3015,-0.04201944,-0.00608590,-0.04816467,-0.04201944,-9869.7735,234885.8996,OK,0.0000,394.7909,4.0000,96.0000,AG03-UNRESOLVED,ALL5_LEVELS_bet23_to_bet27,394.7909,394.7909,394.7909,394.7909,394.7909,4.000000,4.000000,4.000000,4.000000,4.000000,96.000000,96.000000,96.000000,96.000000,96.000000,5.0,1973.9547,1822.2297,7895.8188,8047.5438,PENDING_AG03,FALSE,NOT_FOR_ENFORCEMENT,9474.9825,206164.0421,9869.7735,9474.9825,394.7909,0.04201944,0.04033866,394.7909,9474.9825,0.04033866,394.7909,394.7909,394.7909,394.7909,394.7909,9474.9825,0.04033866,1973.9547,1822.2297,7895.8188,8047.5438,0.03361555,0.0342615,0.00168078,63.6720,71.2286,3.2736,143.0402,5.0692,3404.1435,43.6957,64.4793,63.5359,42.5677,43.0663,85.2079,124.7713,127.8119,154.8004,42.604,-41.336,2.967791,3.594466,1.478463,30,203,130,8,0.14604117,0.04201944,0.00608590,0E-8,0.000000,0.914292,0.640282,0.04207877,2026-03-23,2026-08-04,69,1947,1162,135,0.511111,1.014849,1.012680,0.486804,,,,,,,,GLOBAL_BASELINE_NO_ENTITY_RANKING,,,NOT_APPLICABLE_GLOBAL_BASELINE,HF9g-P5,,,,X 全窗基线 · 不参与实体赏罚,15050151,1506,A168_HF9F_20260827_0900,2026-08-27 09:00:00
2026-04-04,74657362,2250,0,42.5676826154,-42.5676826154,-42.5676826154,0E-7,1,1,0.49324550000000000,0.493245500000,-0.9865810262130424,-0.9865810262130424,-0.9865810262130424,0E-17,ELIGIBLE,R03b_20260811_FULL_v1,L1_ELIGIBILITY,v2026-08-11,2026-03-21..2026-08-06,baccarat_bet02_101_all_pairs_incl_sentinel,round_win = game_pnl > 0 (decisive only),COMPATIBILITY_ONLY_NOT_PRODUCTION,234885.8996,214754.2105,9869.7735,3689,3015,-0.04201944,-0.00608590,-0.04816467,-0.04201944,-9869.7735,234885.8996,OK,0.0000,394.7909,4.0000,96.0000,AG03-UNRESOLVED,ALL5_LEVELS_bet23_to_bet27,394.7909,394.7909,394.7909,394.7909,394.7909,4.000000,4.000000,4.000000,4.000000,4.000000,96.000000,96.000000,96.000000,96.000000,96.000000,5.0,1973.9547,1822.2297,7895.8188,8047.5438,PENDING_AG03,FALSE,NOT_FOR_ENFORCEMENT,9474.9825,206164.0421,9869.7735,9474.9825,394.7909,0.04201944,0.04033866,394.7909,9474.9825,0.04033866,394.7909,394.7909,394.7909,394.7909,394.7909,9474.9825,0.04033866,1973.9547,1822.2297,7895.8188,8047.5438,0.03361555,0.0342615,0.00168078,63.6720,71.2286,3.2736,143.0402,5.0692,3404.1435,43.6957,64.4793,63.5359,42.5677,43.0663,85.2079,124.7713,127.8119,154.8004,42.604,-41.336,2.967791,3.594466,1.478463,30,203,130,8,0.14604117,0.04201944,0.00608590,0E-8,0.000000,0.914292,0.640282,0.04207877,2026-03-23,2026-08-04,69,1947,1162,135,0.511111,1.014849,1.012680,0.486804,,,,,,,,GLOBAL_BASELINE_NO_ENTITY_RANKING,,,NOT_APPLICABLE_GLOBAL_BASELINE,HF9g-P5,,,,X 全窗基线 · 不参与实体赏罚,15050152,1506,A168_HF9F_20260827_0900,2026-08-27 09:00:00
2026-04-04,74657362,2258,0,42.5676826154,-42.5676826154,-42.5676826154,0E-7,1,1,0.49324550000000000,0.493245500000,-0.9865810262130424,-0.9865810262130424,-0.9865810262130424,0E-17,ELIGIBLE,R03b_20260811_FULL_v1,L1_ELIGIBILITY,v2026-08-11,2026-03-21..2026-08-06,baccarat_bet02_101_all_pairs_incl_sentinel,round_win = game_pnl > 0 (decisive only),COMPATIBILITY_ONLY_NOT_PRODUCTION,234885.8996,214754.2105,9869.7735,3689,3015,-0.04201944,-0.00608590,-0.04816467,-0.04201944,-9869.7735,234885.8996,OK,0.0000,394.7909,4.0000,96.0000,AG03-UNRESOLVED,ALL5_LEVELS_bet23_to_bet27,394.7909,394.7909,394.7909,394.7909,394.7909,4.000000,4.000000,4.000000,4.000000,4.000000,96.000000,96.000000,96.000000,96.000000,96.000000,5.0,1973.9547,1822.2297,7895.8188,8047.5438,PENDING_AG03,FALSE,NOT_FOR_ENFORCEMENT,9474.9825,206164.0421,9869.7735,9474.9825,394.7909,0.04201944,0.04033866,394.7909,9474.9825,0.04033866,394.7909,394.7909,394.7909,394.7909,394.7909,9474.9825,0.04033866,1973.9547,1822.2297,7895.8188,8047.5438,0.03361555,0.0342615,0.00168078,63.6720,71.2286,3.2736,143.0402,5.0692,3404.1435,43.6957,64.4793,63.5359,42.5677,43.0663,85.2079,124.7713,127.8119,154.8004,42.604,-41.336,2.967791,3.594466,1.478463,30,203,130,8,0.14604117,0.04201944,0.00608590,0E-8,0.000000,0.914292,0.640282,0.04207877,2026-03-23,2026-08-04,69,1947,1162,135,0.511111,1.014849,1.012680,0.486804,,,,,,,,GLOBAL_BASELINE_NO_ENTITY_RANKING,,,NOT_APPLICABLE_GLOBAL_BASELINE,HF9g-P5,,,,X 全窗基线 · 不参与实体赏罚,15050153,1506,A168_HF9F_20260827_0900,2026-08-27 09:00:00
2026-04-04,74657362,2264,0,42.5676826154,-42.5676826154,-42.5676826154,0E-7,1,1,0.49324550000000000,0.493245500000,-0.9865810262130424,-0.9865810262130424,-0.9865810262130424,0E-17,ELIGIBLE,R03b_20260811_FULL_v1,L1_ELIGIBILITY,v2026-08-11,2026-03-21..2026-08-06,baccarat_bet02_101_all_pairs_incl_sentinel,round_win = game_pnl > 0 (decisive only),COMPATIBILITY_ONLY_NOT_PRODUCTION,234885.8996,214754.2105,9869.7735,3689,3015,-0.04201944,-0.00608590,-0.04816467,-0.04201944,-9869.7735,234885.8996,OK,0.0000,394.7909,4.0000,96.0000,AG03-UNRESOLVED,ALL5_LEVELS_bet23_to_bet27,394.7909,394.7909,394.7909,394.7909,394.7909,4.000000,4.000000,4.000000,4.000000,4.000000,96.000000,96.000000,96.000000,96.000000,96.000000,5.0,1973.9547,1822.2297,7895.8188,8047.5438,PENDING_AG03,FALSE,NOT_FOR_ENFORCEMENT,9474.9825,206164.0421,9869.7735,9474.9825,394.7909,0.04201944,0.04033866,394.7909,9474.9825,0.04033866,394.7909,394.7909,394.7909,394.7909,394.7909,9474.9825,0.04033866,1973.9547,1822.2297,7895.8188,8047.5438,0.03361555,0.0342615,0.00168078,63.6720,71.2286,3.2736,143.0402,5.0692,3404.1435,43.6957,64.4793,63.5359,42.5677,43.0663,85.2079,124.7713,127.8119,154.8004,42.604,-41.336,2.967791,3.594466,1.478463,30,203,130,8,0.14604117,0.04201944,0.00608590,0E-8,0.000000,0.914292,0.640282,0.04207877,2026-03-23,2026-08-04,69,1947,1162,135,0.511111,1.014849,1.012680,0.486804,,,,,,,,GLOBAL_BASELINE_NO_ENTITY_RANKING,,,NOT_APPLICABLE_GLOBAL_BASELINE,HF9g-P5,,,,X 全窗基线 · 不参与实体赏罚,15050154,1506,A168_HF9F_20260827_0900,2026-08-27 09:00:00
2026-04-04,74657362,595,0,85.1353652308,0E-10,0E-10,0.5000000,2,2,0.49324550000000000,0.493245500000,0.01910635448239258,0.01910635448239258,0.01910635448239258,0E-17,ELIGIBLE,R03b_20260811_FULL_v1,L1_ELIGIBILITY,v2026-08-11,2026-03-21..2026-08-06,baccarat_bet02_101_all_pairs_incl_sentinel,round_win = game_pnl > 0 (decisive only),COMPATIBILITY_ONLY_NOT_PRODUCTION,234885.8996,214754.2105,9869.7735,3689,3015,-0.04201944,-0.00608590,-0.04816467,-0.04201944,-9869.7735,234885.8996,OK,0.0000,394.7909,4.0000,96.0000,AG03-UNRESOLVED,ALL5_LEVELS_bet23_to_bet27,394.7909,394.7909,394.7909,394.7909,394.7909,4.000000,4.000000,4.000000,4.000000,4.000000,96.000000,96.000000,96.000000,96.000000,96.000000,5.0,1973.9547,1822.2297,7895.8188,8047.5438,PENDING_AG03,FALSE,NOT_FOR_ENFORCEMENT,9474.9825,206164.0421,9869.7735,9474.9825,394.7909,0.04201944,0.04033866,394.7909,9474.9825,0.04033866,394.7909,394.7909,394.7909,394.7909,394.7909,9474.9825,0.04033866,1973.9547,1822.2297,7895.8188,8047.5438,0.03361555,0.0342615,0.00168078,63.6720,71.2286,3.2736,143.0402,5.0692,3404.1435,43.6957,64.4793,63.5359,42.5677,43.0663,85.2079,124.7713,127.8119,154.8004,42.604,-41.336,2.967791,3.594466,1.478463,30,203,130,8,0.14604117,0.04201944,0.00608590,0E-8,0.000000,0.914292,0.640282,0.04207877,2026-03-23,2026-08-04,69,1947,1162,135,0.511111,1.014849,1.012680,0.486804,,,,,,,,GLOBAL_BASELINE_NO_ENTITY_RANKING,,,NOT_APPLICABLE_GLOBAL_BASELINE,HF9g-P5,,,,X 全窗基线 · 不参与实体赏罚,15050155,1506,A168_HF9F_20260827_0900,2026-08-27 09:00:00
2026-04-04,74657362,970,0,42.5676826154,42.5676826154,42.5676826154,1.0000000,1,1,0.49324550000000000,0.493245500000,1.01360149184955,1.01360149184955,1.01360149184955,0E-17,ELIGIBLE,R03b_20260811_FULL_v1,L1_ELIGIBILITY,v2026-08-11,2026-03-21..2026-08-06,baccarat_bet02_101_all_pairs_incl_sentinel,round_win = game_pnl > 0 (decisive only),COMPATIBILITY_ONLY_NOT_PRODUCTION,234885.8996,214754.2105,9869.7735,3689,3015,-0.04201944,-0.00608590,-0.04816467,-0.04201944,-9869.7735,234885.8996,OK,0.0000,394.7909,4.0000,96.0000,AG03-UNRESOLVED,ALL5_LEVELS_bet23_to_bet27,394.7909,394.7909,394.7909,394.7909,394.7909,4.000000,4.000000,4.000000,4.000000,4.000000,96.000000,96.000000,96.000000,96.000000,96.000000,5.0,1973.9547,1822.2297,7895.8188,8047.5438,PENDING_AG03,FALSE,NOT_FOR_ENFORCEMENT,9474.9825,206164.0421,9869.7735,9474.9825,394.7909,0.04201944,0.04033866,394.7909,9474.9825,0.04033866,394.7909,394.7909,394.7909,394.7909,394.7909,9474.9825,0.04033866,1973.9547,1822.2297,7895.8188,8047.5438,0.03361555,0.0342615,0.00168078,63.6720,71.2286,3.2736,143.0402,5.0692,3404.1435,43.6957,64.4793,63.5359,42.5677,43.0663,85.2079,124.7713,127.8119,154.8004,42.604,-41.336,2.967791,3.594466,1.478463,30,203,130,8,0.14604117,0.04201944,0.00608590,0E-8,0.000000,0.914292,0.640282,0.04207877,2026-03-23,2026-08-04,69,1947,1162,135,0.511111,1.014849,1.012680,0.486804,,,,,,,,GLOBAL_BASELINE_NO_ENTITY_RANKING,,,NOT_APPLICABLE_GLOBAL_BASELINE,HF9g-P5,,,,X 全窗基线 · 不参与实体赏罚,15050156,1506,A168_HF9F_20260827_0900,2026-08-27 09:00:00
2026-04-04,74657362,986,0,42.5676826154,-42.5676826154,-42.5676826154,0E-7,1,1,0.49324550000000000,0.493245500000,-0.9865810262130424,-0.9865810262130424,-0.9865810262130424,0E-17,ELIGIBLE,R03b_20260811_FULL_v1,L1_ELIGIBILITY,v2026-08-11,2026-03-21..2026-08-06,baccarat_bet02_101_all_pairs_incl_sentinel,round_win = game_pnl > 0 (decisive only),COMPATIBILITY_ONLY_NOT_PRODUCTION,234885.8996,214754.2105,9869.7735,3689,3015,-0.04201944,-0.00608590,-0.04816467,-0.04201944,-9869.7735,234885.8996,OK,0.0000,394.7909,4.0000,96.0000,AG03-UNRESOLVED,ALL5_LEVELS_bet23_to_bet27,394.7909,394.7909,394.7909,394.7909,394.7909,4.000000,4.000000,4.000000,4.000000,4.000000,96.000000,96.000000,96.000000,96.000000,96.000000,5.0,1973.9547,1822.2297,7895.8188,8047.5438,PENDING_AG03,FALSE,NOT_FOR_ENFORCEMENT,9474.9825,206164.0421,9869.7735,9474.9825,394.7909,0.04201944,0.04033866,394.7909,9474.9825,0.04033866,394.7909,394.7909,394.7909,394.7909,394.7909,9474.9825,0.04033866,1973.9547,1822.2297,7895.8188,8047.5438,0.03361555,0.0342615,0.00168078,63.6720,71.2286,3.2736,143.0402,5.0692,3404.1435,43.6957,64.4793,63.5359,42.5677,43.0663,85.2079,124.7713,127.8119,154.8004,42.604,-41.336,2.967791,3.594466,1.478463,30,203,130,8,0.14604117,0.04201944,0.00608590,0E-8,0.000000,0.914292,0.640282,0.04207877,2026-03-23,2026-08-04,69,1947,1162,135,0.511111,1.014849,1.012680,0.486804,,,,,,,,GLOBAL_BASELINE_NO_ENTITY_RANKING,,,NOT_APPLICABLE_GLOBAL_BASELINE,HF9g-P5,,,,X 全窗基线 · 不参与实体赏罚,15050157,1506,A168_HF9F_20260827_0900,2026-08-27 09:00:00
2026-04-05,74657362,-1,1,510.8121913845,1E-10,1E-10,0.5555556,9,9,0.49771390000000000,0.497713900000,0.34705356093186585,0.34705356093186585,0.34705356093186585,0E-17,SENTINEL_DEALER,R03b_20260811_FULL_v1,L1_ELIGIBILITY,v2026-08-11,2026-03-21..2026-08-06,baccarat_bet02_101_all_pairs_incl_sentinel,round_win = game_pnl > 0 (decisive only),COMPATIBILITY_ONLY_NOT_PRODUCTION,234885.8996,214754.2105,9869.7735,3689,3015,-0.04201944,-0.00608590,-0.04816467,-0.04201944,-9869.7735,234885.8996,OK,0.0000,394.7909,4.0000,96.0000,AG03-UNRESOLVED,ALL5_LEVELS_bet23_to_bet27,394.7909,394.7909,394.7909,394.7909,394.7909,4.000000,4.000000,4.000000,4.000000,4.000000,96.000000,96.000000,96.000000,96.000000,96.000000,5.0,1973.9547,1822.2297,7895.8188,8047.5438,PENDING_AG03,FALSE,NOT_FOR_ENFORCEMENT,9474.9825,206164.0421,9869.7735,9474.9825,394.7909,0.04201944,0.04033866,394.7909,9474.9825,0.04033866,394.7909,394.7909,394.7909,394.7909,394.7909,9474.9825,0.04033866,1973.9547,1822.2297,7895.8188,8047.5438,0.03361555,0.0342615,0.00168078,63.6720,71.2286,3.2736,143.0402,5.0692,3404.1435,43.6957,64.4793,63.5359,42.5677,43.0663,85.2079,124.7713,127.8119,154.8004,42.604,-41.336,2.967791,3.594466,1.478463,30,203,130,8,0.14604117,0.04201944,0.00608590,0E-8,0.000000,0.914292,0.640282,0.04207877,2026-03-23,2026-08-04,69,1947,1162,135,0.511111,1.014849,1.012680,0.486804,,,,,,,,GLOBAL_BASELINE_NO_ENTITY_RANKING,,,NOT_APPLICABLE_GLOBAL_BASELINE,HF9g-P5,,,,X 全窗基线 · 不参与实体赏罚,15050158,1506,A168_HF9F_20260827_0900,2026-08-27 09:00:00
2026-04-05,74657362,1017,0,170.2707304614,170.2707304614,170.2707304614,1.0000000,2,2,0.49324550000000000,0.493245500000,1.4334489766152358,1.4334489766152358,1.4334489766152358,0E-17,ELIGIBLE,R03b_20260811_FULL_v1,L1_ELIGIBILITY,v2026-08-11,2026-03-21..2026-08-06,baccarat_bet02_101_all_pairs_incl_sentinel,round_win = game_pnl > 0 (decisive only),COMPATIBILITY_ONLY_NOT_PRODUCTION,234885.8996,214754.2105,9869.7735,3689,3015,-0.04201944,-0.00608590,-0.04816467,-0.04201944,-9869.7735,234885.8996,OK,0.0000,394.7909,4.0000,96.0000,AG03-UNRESOLVED,ALL5_LEVELS_bet23_to_bet27,394.7909,394.7909,394.7909,394.7909,394.7909,4.000000,4.000000,4.000000,4.000000,4.000000,96.000000,96.000000,96.000000,96.000000,96.000000,5.0,1973.9547,1822.2297,7895.8188,8047.5438,PENDING_AG03,FALSE,NOT_FOR_ENFORCEMENT,9474.9825,206164.0421,9869.7735,9474.9825,394.7909,0.04201944,0.04033866,394.7909,9474.9825,0.04033866,394.7909,394.7909,394.7909,394.7909,394.7909,9474.9825,0.04033866,1973.9547,1822.2297,7895.8188,8047.5438,0.03361555,0.0342615,0.00168078,63.6720,71.2286,3.2736,143.0402,5.0692,3404.1435,43.6957,64.4793,63.5359,42.5677,43.0663,85.2079,124.7713,127.8119,154.8004,42.604,-41.336,2.967791,3.594466,1.478463,30,203,130,8,0.14604117,0.04201944,0.00608590,0E-8,0.000000,0.914292,0.640282,0.04207877,2026-03-23,2026-08-04,69,1947,1162,135,0.511111,1.014849,1.012680,0.486804,,,,,,,,GLOBAL_BASELINE_NO_ENTITY_RANKING,,,NOT_APPLICABLE_GLOBAL_BASELINE,HF9g-P5,,,,X 全窗基线 · 不参与实体赏罚,15050159,1506,A168_HF9F_20260827_0900,2026-08-27 09:00:00
2026-04-05,74657362,1078,0,127.7030478461,42.5676826153,42.5676826153,0.5000000,2,2,0.49324550000000000,0.493245500000,0.01910635448239258,0.01910635448239258,0.01910635448239258,0E-17,ELIGIBLE,R03b_20260811_FULL_v1,L1_ELIGIBILITY,v2026-08-11,2026-03-21..2026-08-06,baccarat_bet02_101_all_pairs_incl_sentinel,round_win = game_pnl > 0 (decisive only),COMPATIBILITY_ONLY_NOT_PRODUCTION,234885.8996,214754.2105,9869.7735,3689,3015,-0.04201944,-0.00608590,-0.04816467,-0.04201944,-9869.7735,234885.8996,OK,0.0000,394.7909,4.0000,96.0000,AG03-UNRESOLVED,ALL5_LEVELS_bet23_to_bet27,394.7909,394.7909,394.7909,394.7909,394.7909,4.000000,4.000000,4.000000,4.000000,4.000000,96.000000,96.000000,96.000000,96.000000,96.000000,5.0,1973.9547,1822.2297,7895.8188,8047.5438,PENDING_AG03,FALSE,NOT_FOR_ENFORCEMENT,9474.9825,206164.0421,9869.7735,9474.9825,394.7909,0.04201944,0.04033866,394.7909,9474.9825,0.04033866,394.7909,394.7909,394.7909,394.7909,394.7909,9474.9825,0.04033866,1973.9547,1822.2297,7895.8188,8047.5438,0.03361555,0.0342615,0.00168078,63.6720,71.2286,3.2736,143.0402,5.0692,3404.1435,43.6957,64.4793,63.5359,42.5677,43.0663,85.2079,124.7713,127.8119,154.8004,42.604,-41.336,2.967791,3.594466,1.478463,30,203,130,8,0.14604117,0.04201944,0.00608590,0E-8,0.000000,0.914292,0.640282,0.04207877,2026-03-23,2026-08-04,69,1947,1162,135,0.511111,1.014849,1.012680,0.486804,,,,,,,,GLOBAL_BASELINE_NO_ENTITY_RANKING,,,NOT_APPLICABLE_GLOBAL_BASELINE,HF9g-P5,,,,X 全窗基线 · 不参与实体赏罚,15050160,1506,A168_HF9F_20260827_0900,2026-08-27 09:00:00
2026-04-05,74657362,1148,0,127.7030478462,-42.5676826154,-42.5676826154,0E-7,3,3,0.49324550000000000,0.493245500000,-0.9865810262130424,-0.9865810262130424,-0.9865810262130424,0E-17,ELIGIBLE,R03b_20260811_FULL_v1,L1_ELIGIBILITY,v2026-08-11,2026-03-21..2026-08-06,baccarat_bet02_101_all_pairs_incl_sentinel,round_win = game_pnl > 0 (decisive only),COMPATIBILITY_ONLY_NOT_PRODUCTION,234885.8996,214754.2105,9869.7735,3689,3015,-0.04201944,-0.00608590,-0.04816467,-0.04201944,-9869.7735,234885.8996,OK,0.0000,394.7909,4.0000,96.0000,AG03-UNRESOLVED,ALL5_LEVELS_bet23_to_bet27,394.7909,394.7909,394.7909,394.7909,394.7909,4.000000,4.000000,4.000000,4.000000,4.000000,96.000000,96.000000,96.000000,96.000000,96.000000,5.0,1973.9547,1822.2297,7895.8188,8047.5438,PENDING_AG03,FALSE,NOT_FOR_ENFORCEMENT,9474.9825,206164.0421,9869.7735,9474.9825,394.7909,0.04201944,0.04033866,394.7909,9474.9825,0.04033866,394.7909,394.7909,394.7909,394.7909,394.7909,9474.9825,0.04033866,1973.9547,1822.2297,7895.8188,8047.5438,0.03361555,0.0342615,0.00168078,63.6720,71.2286,3.2736,143.0402,5.0692,3404.1435,43.6957,64.4793,63.5359,42.5677,43.0663,85.2079,124.7713,127.8119,154.8004,42.604,-41.336,2.967791,3.594466,1.478463,30,203,130,8,0.14604117,0.04201944,0.00608590,0E-8,0.000000,0.914292,0.640282,0.04207877,2026-03-23,2026-08-04,69,1947,1162,135,0.511111,1.014849,1.012680,0.486804,,,,,,,,GLOBAL_BASELINE_NO_ENTITY_RANKING,,,NOT_APPLICABLE_GLOBAL_BASELINE,HF9g-P5,,,,X 全窗基线 · 不参与实体赏罚,15050161,1506,A168_HF9F_20260827_0900,2026-08-27 09:00:00
2026-04-05,74657362,1205,0,42.5676826154,-42.5676826154,-42.5676826154,0E-7,1,1,0.49324550000000000,0.493245500000,-0.9865810262130424,-0.9865810262130424,-0.9865810262130424,0E-17,ELIGIBLE,R03b_20260811_FULL_v1,L1_ELIGIBILITY,v2026-08-11,2026-03-21..2026-08-06,baccarat_bet02_101_all_pairs_incl_sentinel,round_win = game_pnl > 0 (decisive only),COMPATIBILITY_ONLY_NOT_PRODUCTION,234885.8996,214754.2105,9869.7735,3689,3015,-0.04201944,-0.00608590,-0.04816467,-0.04201944,-9869.7735,234885.8996,OK,0.0000,394.7909,4.0000,96.0000,AG03-UNRESOLVED,ALL5_LEVELS_bet23_to_bet27,394.7909,394.7909,394.7909,394.7909,394.7909,4.000000,4.000000,4.000000,4.000000,4.000000,96.000000,96.000000,96.000000,96.000000,96.000000,5.0,1973.9547,1822.2297,7895.8188,8047.5438,PENDING_AG03,FALSE,NOT_FOR_ENFORCEMENT,9474.9825,206164.0421,9869.7735,9474.9825,394.7909,0.04201944,0.04033866,394.7909,9474.9825,0.04033866,394.7909,394.7909,394.7909,394.7909,394.7909,9474.9825,0.04033866,1973.9547,1822.2297,7895.8188,8047.5438,0.03361555,0.0342615,0.00168078,63.6720,71.2286,3.2736,143.0402,5.0692,3404.1435,43.6957,64.4793,63.5359,42.5677,43.0663,85.2079,124.7713,127.8119,154.8004,42.604,-41.336,2.967791,3.594466,1.478463,30,203,130,8,0.14604117,0.04201944,0.00608590,0E-8,0.000000,0.914292,0.640282,0.04207877,2026-03-23,2026-08-04,69,1947,1162,135,0.511111,1.014849,1.012680,0.486804,,,,,,,,GLOBAL_BASELINE_NO_ENTITY_RANKING,,,NOT_APPLICABLE_GLOBAL_BASELINE,HF9g-P5,,,,X 全窗基线 · 不参与实体赏罚,15050162,1506,A168_HF9F_20260827_0900,2026-08-27 09:00:00
2026-04-05,74657362,1210,0,42.5676826154,42.5676826154,42.5676826154,1.0000000,1,1,0.49324550000000000,0.493245500000,1.01360149184955,1.01360149184955,1.01360149184955,0E-17,ELIGIBLE,R03b_20260811_FULL_v1,L1_ELIGIBILITY,v2026-08-11,2026-03-21..2026-08-06,baccarat_bet02_101_all_pairs_incl_sentinel,round_win = game_pnl > 0 (decisive only),COMPATIBILITY_ONLY_NOT_PRODUCTION,234885.8996,214754.2105,9869.7735,3689,3015,-0.04201944,-0.00608590,-0.04816467,-0.04201944,-9869.7735,234885.8996,OK,0.0000,394.7909,4.0000,96.0000,AG03-UNRESOLVED,ALL5_LEVELS_bet23_to_bet27,394.7909,394.7909,394.7909,394.7909,394.7909,4.000000,4.000000,4.000000,4.000000,4.000000,96.000000,96.000000,96.000000,96.000000,96.000000,5.0,1973.9547,1822.2297,7895.8188,8047.5438,PENDING_AG03,FALSE,NOT_FOR_ENFORCEMENT,9474.9825,206164.0421,9869.7735,9474.9825,394.7909,0.04201944,0.04033866,394.7909,9474.9825,0.04033866,394.7909,394.7909,394.7909,394.7909,394.7909,9474.9825,0.04033866,1973.9547,1822.2297,7895.8188,8047.5438,0.03361555,0.0342615,0.00168078,63.6720,71.2286,3.2736,143.0402,5.0692,3404.1435,43.6957,64.4793,63.5359,42.5677,43.0663,85.2079,124.7713,127.8119,154.8004,42.604,-41.336,2.967791,3.594466,1.478463,30,203,130,8,0.14604117,0.04201944,0.00608590,0E-8,0.000000,0.914292,0.640282,0.04207877,2026-03-23,2026-08-04,69,1947,1162,135,0.511111,1.014849,1.012680,0.486804,,,,,,,,GLOBAL_BASELINE_NO_ENTITY_RANKING,,,NOT_APPLICABLE_GLOBAL_BASELINE,HF9g-P5,,,,X 全窗基线 · 不参与实体赏罚,15050163,1506,A168_HF9F_20260827_0900,2026-08-27 09:00:00
2026-04-05,74657362,1299,0,42.5676826154,-42.5676826154,-42.5676826154,0E-7,1,1,0.50665070000000000,0.506650700000,-1.013391052207602,-1.013391052207602,-1.013391052207602,0E-17,ELIGIBLE,R03b_20260811_FULL_v1,L1_ELIGIBILITY,v2026-08-11,2026-03-21..2026-08-06,baccarat_bet02_101_all_pairs_incl_sentinel,round_win = game_pnl > 0 (decisive only),COMPATIBILITY_ONLY_NOT_PRODUCTION,234885.8996,214754.2105,9869.7735,3689,3015,-0.04201944,-0.00608590,-0.04816467,-0.04201944,-9869.7735,234885.8996,OK,0.0000,394.7909,4.0000,96.0000,AG03-UNRESOLVED,ALL5_LEVELS_bet23_to_bet27,394.7909,394.7909,394.7909,394.7909,394.7909,4.000000,4.000000,4.000000,4.000000,4.000000,96.000000,96.000000,96.000000,96.000000,96.000000,5.0,1973.9547,1822.2297,7895.8188,8047.5438,PENDING_AG03,FALSE,NOT_FOR_ENFORCEMENT,9474.9825,206164.0421,9869.7735,9474.9825,394.7909,0.04201944,0.04033866,394.7909,9474.9825,0.04033866,394.7909,394.7909,394.7909,394.7909,394.7909,9474.9825,0.04033866,1973.9547,1822.2297,7895.8188,8047.5438,0.03361555,0.0342615,0.00168078,63.6720,71.2286,3.2736,143.0402,5.0692,3404.1435,43.6957,64.4793,63.5359,42.5677,43.0663,85.2079,124.7713,127.8119,154.8004,42.604,-41.336,2.967791,3.594466,1.478463,30,203,130,8,0.14604117,0.04201944,0.00608590,0E-8,0.000000,0.914292,0.640282,0.04207877,2026-03-23,2026-08-04,69,1947,1162,135,0.511111,1.014849,1.012680,0.486804,,,,,,,,GLOBAL_BASELINE_NO_ENTITY_RANKING,,,NOT_APPLICABLE_GLOBAL_BASELINE,HF9g-P5,,,,X 全窗基线 · 不参与实体赏罚,15050164,1506,A168_HF9F_20260827_0900,2026-08-27 09:00:00
2026-04-05,74657362,1306,0,85.1353652308,42.5676826154,42.5676826154,1.0000000,2,2,0.50665070000000000,0.506650700000,0.9867858985152569,0.9867858985152569,0.9867858985152569,0E-17,ELIGIBLE,R03b_20260811_FULL_v1,L1_ELIGIBILITY,v2026-08-11,2026-03-21..2026-08-06,baccarat_bet02_101_all_pairs_incl_sentinel,round_win = game_pnl > 0 (decisive only),COMPATIBILITY_ONLY_NOT_PRODUCTION,234885.8996,214754.2105,9869.7735,3689,3015,-0.04201944,-0.00608590,-0.04816467,-0.04201944,-9869.7735,234885.8996,OK,0.0000,394.7909,4.0000,96.0000,AG03-UNRESOLVED,ALL5_LEVELS_bet23_to_bet27,394.7909,394.7909,394.7909,394.7909,394.7909,4.000000,4.000000,4.000000,4.000000,4.000000,96.000000,96.000000,96.000000,96.000000,96.000000,5.0,1973.9547,1822.2297,7895.8188,8047.5438,PENDING_AG03,FALSE,NOT_FOR_ENFORCEMENT,9474.9825,206164.0421,9869.7735,9474.9825,394.7909,0.04201944,0.04033866,394.7909,9474.9825,0.04033866,394.7909,394.7909,394.7909,394.7909,394.7909,9474.9825,0.04033866,1973.9547,1822.2297,7895.8188,8047.5438,0.03361555,0.0342615,0.00168078,63.6720,71.2286,3.2736,143.0402,5.0692,3404.1435,43.6957,64.4793,63.5359,42.5677,43.0663,85.2079,124.7713,127.8119,154.8004,42.604,-41.336,2.967791,3.594466,1.478463,30,203,130,8,0.14604117,0.04201944,0.00608590,0E-8,0.000000,0.914292,0.640282,0.04207877,2026-03-23,2026-08-04,69,1947,1162,135,0.511111,1.014849,1.012680,0.486804,,,,,,,,GLOBAL_BASELINE_NO_ENTITY_RANKING,,,NOT_APPLICABLE_GLOBAL_BASELINE,HF9g-P5,,,,X 全窗基线 · 不参与实体赏罚,15050165,1506,A168_HF9F_20260827_0900,2026-08-27 09:00:00
2026-04-05,74657362,1330,0,212.8384130769,127.7030478461,127.7030478461,0.7500000,4,4,0.49324550000000000,0.493245500000,1.0271117246678039,1.0271117246678039,1.0271117246678039,0E-17,ELIGIBLE,R03b_20260811_FULL_v1,L1_ELIGIBILITY,v2026-08-11,2026-03-21..2026-08-06,baccarat_bet02_101_all_pairs_incl_sentinel,round_win = game_pnl > 0 (decisive only),COMPATIBILITY_ONLY_NOT_PRODUCTION,234885.8996,214754.2105,9869.7735,3689,3015,-0.04201944,-0.00608590,-0.04816467,-0.04201944,-9869.7735,234885.8996,OK,0.0000,394.7909,4.0000,96.0000,AG03-UNRESOLVED,ALL5_LEVELS_bet23_to_bet27,394.7909,394.7909,394.7909,394.7909,394.7909,4.000000,4.000000,4.000000,4.000000,4.000000,96.000000,96.000000,96.000000,96.000000,96.000000,5.0,1973.9547,1822.2297,7895.8188,8047.5438,PENDING_AG03,FALSE,NOT_FOR_ENFORCEMENT,9474.9825,206164.0421,9869.7735,9474.9825,394.7909,0.04201944,0.04033866,394.7909,9474.9825,0.04033866,394.7909,394.7909,394.7909,394.7909,394.7909,9474.9825,0.04033866,1973.9547,1822.2297,7895.8188,8047.5438,0.03361555,0.0342615,0.00168078,63.6720,71.2286,3.2736,143.0402,5.0692,3404.1435,43.6957,64.4793,63.5359,42.5677,43.0663,85.2079,124.7713,127.8119,154.8004,42.604,-41.336,2.967791,3.594466,1.478463,30,203,130,8,0.14604117,0.04201944,0.00608590,0E-8,0.000000,0.914292,0.640282,0.04207877,2026-03-23,2026-08-04,69,1947,1162,135,0.511111,1.014849,1.012680,0.486804,,,,,,,,GLOBAL_BASELINE_NO_ENTITY_RANKING,,,NOT_APPLICABLE_GLOBAL_BASELINE,HF9g-P5,,,,X 全窗基线 · 不参与实体赏罚,15050166,1506,A168_HF9F_20260827_0900,2026-08-27 09:00:00
2026-04-05,74657362,1331,0,85.1353652308,0E-10,0E-10,0.5000000,2,2,0.49324550000000000,0.493245500000,0.01910635448239258,0.01910635448239258,0.01910635448239258,0E-17,ELIGIBLE,R03b_20260811_FULL_v1,L1_ELIGIBILITY,v2026-08-11,2026-03-21..2026-08-06,baccarat_bet02_101_all_pairs_incl_sentinel,round_win = game_pnl > 0 (decisive only),COMPATIBILITY_ONLY_NOT_PRODUCTION,234885.8996,214754.2105,9869.7735,3689,3015,-0.04201944,-0.00608590,-0.04816467,-0.04201944,-9869.7735,234885.8996,OK,0.0000,394.7909,4.0000,96.0000,AG03-UNRESOLVED,ALL5_LEVELS_bet23_to_bet27,394.7909,394.7909,394.7909,394.7909,394.7909,4.000000,4.000000,4.000000,4.000000,4.000000,96.000000,96.000000,96.000000,96.000000,96.000000,5.0,1973.9547,1822.2297,7895.8188,8047.5438,PENDING_AG03,FALSE,NOT_FOR_ENFORCEMENT,9474.9825,206164.0421,9869.7735,9474.9825,394.7909,0.04201944,0.04033866,394.7909,9474.9825,0.04033866,394.7909,394.7909,394.7909,394.7909,394.7909,9474.9825,0.04033866,1973.9547,1822.2297,7895.8188,8047.5438,0.03361555,0.0342615,0.00168078,63.6720,71.2286,3.2736,143.0402,5.0692,3404.1435,43.6957,64.4793,63.5359,42.5677,43.0663,85.2079,124.7713,127.8119,154.8004,42.604,-41.336,2.967791,3.594466,1.478463,30,203,130,8,0.14604117,0.04201944,0.00608590,0E-8,0.000000,0.914292,0.640282,0.04207877,2026-03-23,2026-08-04,69,1947,1162,135,0.511111,1.014849,1.012680,0.486804,,,,,,,,GLOBAL_BASELINE_NO_ENTITY_RANKING,,,NOT_APPLICABLE_GLOBAL_BASELINE,HF9g-P5,,,,X 全窗基线 · 不参与实体赏罚,15050167,1506,A168_HF9F_20260827_0900,2026-08-27 09:00:00
2026-04-05,74657362,1383,0,42.5676826154,42.5676826154,42.5676826154,1.0000000,1,1,0.49324550000000000,0.493245500000,1.01360149184955,1.01360149184955,1.01360149184955,0E-17,ELIGIBLE,R03b_20260811_FULL_v1,L1_ELIGIBILITY,v2026-08-11,2026-03-21..2026-08-06,baccarat_bet02_101_all_pairs_incl_sentinel,round_win = game_pnl > 0 (decisive only),COMPATIBILITY_ONLY_NOT_PRODUCTION,234885.8996,214754.2105,9869.7735,3689,3015,-0.04201944,-0.00608590,-0.04816467,-0.04201944,-9869.7735,234885.8996,OK,0.0000,394.7909,4.0000,96.0000,AG03-UNRESOLVED,ALL5_LEVELS_bet23_to_bet27,394.7909,394.7909,394.7909,394.7909,394.7909,4.000000,4.000000,4.000000,4.000000,4.000000,96.000000,96.000000,96.000000,96.000000,96.000000,5.0,1973.9547,1822.2297,7895.8188,8047.5438,PENDING_AG03,FALSE,NOT_FOR_ENFORCEMENT,9474.9825,206164.0421,9869.7735,9474.9825,394.7909,0.04201944,0.04033866,394.7909,9474.9825,0.04033866,394.7909,394.7909,394.7909,394.7909,394.7909,9474.9825,0.04033866,1973.9547,1822.2297,7895.8188,8047.5438,0.03361555,0.0342615,0.00168078,63.6720,71.2286,3.2736,143.0402,5.0692,3404.1435,43.6957,64.4793,63.5359,42.5677,43.0663,85.2079,124.7713,127.8119,154.8004,42.604,-41.336,2.967791,3.594466,1.478463,30,203,130,8,0.14604117,0.04201944,0.00608590,0E-8,0.000000,0.914292,0.640282,0.04207877,2026-03-23,2026-08-04,69,1947,1162,135,0.511111,1.014849,1.012680,0.486804,,,,,,,,GLOBAL_BASELINE_NO_ENTITY_RANKING,,,NOT_APPLICABLE_GLOBAL_BASELINE,HF9g-P5,,,,X 全窗基线 · 不参与实体赏罚,15050168,1506,A168_HF9F_20260827_0900,2026-08-27 09:00:00
2026-04-05,74657362,1400,0,42.5676826154,42.5676826154,42.5676826154,1.0000000,1,1,0.49324550000000000,0.493245500000,1.01360149184955,1.01360149184955,1.01360149184955,0E-17,ELIGIBLE,R03b_20260811_FULL_v1,L1_ELIGIBILITY,v2026-08-11,2026-03-21..2026-08-06,baccarat_bet02_101_all_pairs_incl_sentinel,round_win = game_pnl > 0 (decisive only),COMPATIBILITY_ONLY_NOT_PRODUCTION,234885.8996,214754.2105,9869.7735,3689,3015,-0.04201944,-0.00608590,-0.04816467,-0.04201944,-9869.7735,234885.8996,OK,0.0000,394.7909,4.0000,96.0000,AG03-UNRESOLVED,ALL5_LEVELS_bet23_to_bet27,394.7909,394.7909,394.7909,394.7909,394.7909,4.000000,4.000000,4.000000,4.000000,4.000000,96.000000,96.000000,96.000000,96.000000,96.000000,5.0,1973.9547,1822.2297,7895.8188,8047.5438,PENDING_AG03,FALSE,NOT_FOR_ENFORCEMENT,9474.9825,206164.0421,9869.7735,9474.9825,394.7909,0.04201944,0.04033866,394.7909,9474.9825,0.04033866,394.7909,394.7909,394.7909,394.7909,394.7909,9474.9825,0.04033866,1973.9547,1822.2297,7895.8188,8047.5438,0.03361555,0.0342615,0.00168078,63.6720,71.2286,3.2736,143.0402,5.0692,3404.1435,43.6957,64.4793,63.5359,42.5677,43.0663,85.2079,124.7713,127.8119,154.8004,42.604,-41.336,2.967791,3.594466,1.478463,30,203,130,8,0.14604117,0.04201944,0.00608590,0E-8,0.000000,0.914292,0.640282,0.04207877,2026-03-23,2026-08-04,69,1947,1162,135,0.511111,1.014849,1.012680,0.486804,,,,,,,,GLOBAL_BASELINE_NO_ENTITY_RANKING,,,NOT_APPLICABLE_GLOBAL_BASELINE,HF9g-P5,,,,X 全窗基线 · 不参与实体赏罚,15050169,1506,A168_HF9F_20260827_0900,2026-08-27 09:00:00
2026-04-05,74657362,1710,0,85.1353652308,0E-10,0E-10,0.5000000,2,2,0.49324550000000000,0.493245500000,0.01910635448239258,0.01910635448239258,0.01910635448239258,0E-17,ELIGIBLE,R03b_20260811_FULL_v1,L1_ELIGIBILITY,v2026-08-11,2026-03-21..2026-08-06,baccarat_bet02_101_all_pairs_incl_sentinel,round_win = game_pnl > 0 (decisive only),COMPATIBILITY_ONLY_NOT_PRODUCTION,234885.8996,214754.2105,9869.7735,3689,3015,-0.04201944,-0.00608590,-0.04816467,-0.04201944,-9869.7735,234885.8996,OK,0.0000,394.7909,4.0000,96.0000,AG03-UNRESOLVED,ALL5_LEVELS_bet23_to_bet27,394.7909,394.7909,394.7909,394.7909,394.7909,4.000000,4.000000,4.000000,4.000000,4.000000,96.000000,96.000000,96.000000,96.000000,96.000000,5.0,1973.9547,1822.2297,7895.8188,8047.5438,PENDING_AG03,FALSE,NOT_FOR_ENFORCEMENT,9474.9825,206164.0421,9869.7735,9474.9825,394.7909,0.04201944,0.04033866,394.7909,9474.9825,0.04033866,394.7909,394.7909,394.7909,394.7909,394.7909,9474.9825,0.04033866,1973.9547,1822.2297,7895.8188,8047.5438,0.03361555,0.0342615,0.00168078,63.6720,71.2286,3.2736,143.0402,5.0692,3404.1435,43.6957,64.4793,63.5359,42.5677,43.0663,85.2079,124.7713,127.8119,154.8004,42.604,-41.336,2.967791,3.594466,1.478463,30,203,130,8,0.14604117,0.04201944,0.00608590,0E-8,0.000000,0.914292,0.640282,0.04207877,2026-03-23,2026-08-04,69,1947,1162,135,0.511111,1.014849,1.012680,0.486804,,,,,,,,GLOBAL_BASELINE_NO_ENTITY_RANKING,,,NOT_APPLICABLE_GLOBAL_BASELINE,HF9g-P5,,,,X 全窗基线 · 不参与实体赏罚,15050170,1506,A168_HF9F_20260827_0900,2026-08-27 09:00:00
2026-04-05,74657362,1935,0,85.1353652308,85.1353652308,85.1353652308,1.0000000,2,2,0.49324550000000000,0.493245500000,1.4334489766152358,1.4334489766152358,1.4334489766152358,0E-17,ELIGIBLE,R03b_20260811_FULL_v1,L1_ELIGIBILITY,v2026-08-11,2026-03-21..2026-08-06,baccarat_bet02_101_all_pairs_incl_sentinel,round_win = game_pnl > 0 (decisive only),COMPATIBILITY_ONLY_NOT_PRODUCTION,234885.8996,214754.2105,9869.7735,3689,3015,-0.04201944,-0.00608590,-0.04816467,-0.04201944,-9869.7735,234885.8996,OK,0.0000,394.7909,4.0000,96.0000,AG03-UNRESOLVED,ALL5_LEVELS_bet23_to_bet27,394.7909,394.7909,394.7909,394.7909,394.7909,4.000000,4.000000,4.000000,4.000000,4.000000,96.000000,96.000000,96.000000,96.000000,96.000000,5.0,1973.9547,1822.2297,7895.8188,8047.5438,PENDING_AG03,FALSE,NOT_FOR_ENFORCEMENT,9474.9825,206164.0421,9869.7735,9474.9825,394.7909,0.04201944,0.04033866,394.7909,9474.9825,0.04033866,394.7909,394.7909,394.7909,394.7909,394.7909,9474.9825,0.04033866,1973.9547,1822.2297,7895.8188,8047.5438,0.03361555,0.0342615,0.00168078,63.6720,71.2286,3.2736,143.0402,5.0692,3404.1435,43.6957,64.4793,63.5359,42.5677,43.0663,85.2079,124.7713,127.8119,154.8004,42.604,-41.336,2.967791,3.594466,1.478463,30,203,130,8,0.14604117,0.04201944,0.00608590,0E-8,0.000000,0.914292,0.640282,0.04207877,2026-03-23,2026-08-04,69,1947,1162,135,0.511111,1.014849,1.012680,0.486804,,,,,,,,GLOBAL_BASELINE_NO_ENTITY_RANKING,,,NOT_APPLICABLE_GLOBAL_BASELINE,HF9g-P5,,,,X 全窗基线 · 不参与实体赏罚,15050171,1506,A168_HF9F_20260827_0900,2026-08-27 09:00:00
2026-04-05,74657362,1966,0,85.1353652307,85.1353652307,85.1353652307,1.0000000,1,1,0.50665070000000000,0.506650700000,0.9867858985152569,0.9867858985152569,0.9867858985152569,0E-17,ELIGIBLE,R03b_20260811_FULL_v1,L1_ELIGIBILITY,v2026-08-11,2026-03-21..2026-08-06,baccarat_bet02_101_all_pairs_incl_sentinel,round_win = game_pnl > 0 (decisive only),COMPATIBILITY_ONLY_NOT_PRODUCTION,234885.8996,214754.2105,9869.7735,3689,3015,-0.04201944,-0.00608590,-0.04816467,-0.04201944,-9869.7735,234885.8996,OK,0.0000,394.7909,4.0000,96.0000,AG03-UNRESOLVED,ALL5_LEVELS_bet23_to_bet27,394.7909,394.7909,394.7909,394.7909,394.7909,4.000000,4.000000,4.000000,4.000000,4.000000,96.000000,96.000000,96.000000,96.000000,96.000000,5.0,1973.9547,1822.2297,7895.8188,8047.5438,PENDING_AG03,FALSE,NOT_FOR_ENFORCEMENT,9474.9825,206164.0421,9869.7735,9474.9825,394.7909,0.04201944,0.04033866,394.7909,9474.9825,0.04033866,394.7909,394.7909,394.7909,394.7909,394.7909,9474.9825,0.04033866,1973.9547,1822.2297,7895.8188,8047.5438,0.03361555,0.0342615,0.00168078,63.6720,71.2286,3.2736,143.0402,5.0692,3404.1435,43.6957,64.4793,63.5359,42.5677,43.0663,85.2079,124.7713,127.8119,154.8004,42.604,-41.336,2.967791,3.594466,1.478463,30,203,130,8,0.14604117,0.04201944,0.00608590,0E-8,0.000000,0.914292,0.640282,0.04207877,2026-03-23,2026-08-04,69,1947,1162,135,0.511111,1.014849,1.012680,0.486804,,,,,,,,GLOBAL_BASELINE_NO_ENTITY_RANKING,,,NOT_APPLICABLE_GLOBAL_BASELINE,HF9g-P5,,,,X 全窗基线 · 不参与实体赏罚,15050172,1506,A168_HF9F_20260827_0900,2026-08-27 09:00:00
2026-04-05,74657362,1985,0,42.5676826154,-42.5676826154,-42.5676826154,0E-7,1,1,0.49324550000000000,0.493245500000,-0.9865810262130424,-0.9865810262130424,-0.9865810262130424,0E-17,ELIGIBLE,R03b_20260811_FULL_v1,L1_ELIGIBILITY,v2026-08-11,2026-03-21..2026-08-06,baccarat_bet02_101_all_pairs_incl_sentinel,round_win = game_pnl > 0 (decisive only),COMPATIBILITY_ONLY_NOT_PRODUCTION,234885.8996,214754.2105,9869.7735,3689,3015,-0.04201944,-0.00608590,-0.04816467,-0.04201944,-9869.7735,234885.8996,OK,0.0000,394.7909,4.0000,96.0000,AG03-UNRESOLVED,ALL5_LEVELS_bet23_to_bet27,394.7909,394.7909,394.7909,394.7909,394.7909,4.000000,4.000000,4.000000,4.000000,4.000000,96.000000,96.000000,96.000000,96.000000,96.000000,5.0,1973.9547,1822.2297,7895.8188,8047.5438,PENDING_AG03,FALSE,NOT_FOR_ENFORCEMENT,9474.9825,206164.0421,9869.7735,9474.9825,394.7909,0.04201944,0.04033866,394.7909,9474.9825,0.04033866,394.7909,394.7909,394.7909,394.7909,394.7909,9474.9825,0.04033866,1973.9547,1822.2297,7895.8188,8047.5438,0.03361555,0.0342615,0.00168078,63.6720,71.2286,3.2736,143.0402,5.0692,3404.1435,43.6957,64.4793,63.5359,42.5677,43.0663,85.2079,124.7713,127.8119,154.8004,42.604,-41.336,2.967791,3.594466,1.478463,30,203,130,8,0.14604117,0.04201944,0.00608590,0E-8,0.000000,0.914292,0.640282,0.04207877,2026-03-23,2026-08-04,69,1947,1162,135,0.511111,1.014849,1.012680,0.486804,,,,,,,,GLOBAL_BASELINE_NO_ENTITY_RANKING,,,NOT_APPLICABLE_GLOBAL_BASELINE,HF9g-P5,,,,X 全窗基线 · 不参与实体赏罚,15050173,1506,A168_HF9F_20260827_0900,2026-08-27 09:00:00
2026-04-05,74657362,2071,0,42.5676826154,42.5676826154,42.5676826154,1.0000000,1,1,0.49324550000000000,0.493245500000,1.01360149184955,1.01360149184955,1.01360149184955,0E-17,ELIGIBLE,R03b_20260811_FULL_v1,L1_ELIGIBILITY,v2026-08-11,2026-03-21..2026-08-06,baccarat_bet02_101_all_pairs_incl_sentinel,round_win = game_pnl > 0 (decisive only),COMPATIBILITY_ONLY_NOT_PRODUCTION,234885.8996,214754.2105,9869.7735,3689,3015,-0.04201944,-0.00608590,-0.04816467,-0.04201944,-9869.7735,234885.8996,OK,0.0000,394.7909,4.0000,96.0000,AG03-UNRESOLVED,ALL5_LEVELS_bet23_to_bet27,394.7909,394.7909,394.7909,394.7909,394.7909,4.000000,4.000000,4.000000,4.000000,4.000000,96.000000,96.000000,96.000000,96.000000,96.000000,5.0,1973.9547,1822.2297,7895.8188,8047.5438,PENDING_AG03,FALSE,NOT_FOR_ENFORCEMENT,9474.9825,206164.0421,9869.7735,9474.9825,394.7909,0.04201944,0.04033866,394.7909,9474.9825,0.04033866,394.7909,394.7909,394.7909,394.7909,394.7909,9474.9825,0.04033866,1973.9547,1822.2297,7895.8188,8047.5438,0.03361555,0.0342615,0.00168078,63.6720,71.2286,3.2736,143.0402,5.0692,3404.1435,43.6957,64.4793,63.5359,42.5677,43.0663,85.2079,124.7713,127.8119,154.8004,42.604,-41.336,2.967791,3.594466,1.478463,30,203,130,8,0.14604117,0.04201944,0.00608590,0E-8,0.000000,0.914292,0.640282,0.04207877,2026-03-23,2026-08-04,69,1947,1162,135,0.511111,1.014849,1.012680,0.486804,,,,,,,,GLOBAL_BASELINE_NO_ENTITY_RANKING,,,NOT_APPLICABLE_GLOBAL_BASELINE,HF9g-P5,,,,X 全窗基线 · 不参与实体赏罚,15050174,1506,A168_HF9F_20260827_0900,2026-08-27 09:00:00
2026-04-05,74657362,2093,0,85.1353652308,42.5676826154,42.5676826154,1.0000000,2,2,0.49324550000000000,0.493245500000,1.01360149184955,1.01360149184955,1.01360149184955,0E-17,ELIGIBLE,R03b_20260811_FULL_v1,L1_ELIGIBILITY,v2026-08-11,2026-03-21..2026-08-06,baccarat_bet02_101_all_pairs_incl_sentinel,round_win = game_pnl > 0 (decisive only),COMPATIBILITY_ONLY_NOT_PRODUCTION,234885.8996,214754.2105,9869.7735,3689,3015,-0.04201944,-0.00608590,-0.04816467,-0.04201944,-9869.7735,234885.8996,OK,0.0000,394.7909,4.0000,96.0000,AG03-UNRESOLVED,ALL5_LEVELS_bet23_to_bet27,394.7909,394.7909,394.7909,394.7909,394.7909,4.000000,4.000000,4.000000,4.000000,4.000000,96.000000,96.000000,96.000000,96.000000,96.000000,5.0,1973.9547,1822.2297,7895.8188,8047.5438,PENDING_AG03,FALSE,NOT_FOR_ENFORCEMENT,9474.9825,206164.0421,9869.7735,9474.9825,394.7909,0.04201944,0.04033866,394.7909,9474.9825,0.04033866,394.7909,394.7909,394.7909,394.7909,394.7909,9474.9825,0.04033866,1973.9547,1822.2297,7895.8188,8047.5438,0.03361555,0.0342615,0.00168078,63.6720,71.2286,3.2736,143.0402,5.0692,3404.1435,43.6957,64.4793,63.5359,42.5677,43.0663,85.2079,124.7713,127.8119,154.8004,42.604,-41.336,2.967791,3.594466,1.478463,30,203,130,8,0.14604117,0.04201944,0.00608590,0E-8,0.000000,0.914292,0.640282,0.04207877,2026-03-23,2026-08-04,69,1947,1162,135,0.511111,1.014849,1.012680,0.486804,,,,,,,,GLOBAL_BASELINE_NO_ENTITY_RANKING,,,NOT_APPLICABLE_GLOBAL_BASELINE,HF9g-P5,,,,X 全窗基线 · 不参与实体赏罚,15050175,1506,A168_HF9F_20260827_0900,2026-08-27 09:00:00
2026-04-05,74657362,2118,0,127.7030478461,-42.5676826153,-42.5676826153,0.5000000,2,2,0.49324550000000000,0.493245500000,0.01910635448239258,0.01910635448239258,0.01910635448239258,0E-17,ELIGIBLE,R03b_20260811_FULL_v1,L1_ELIGIBILITY,v2026-08-11,2026-03-21..2026-08-06,baccarat_bet02_101_all_pairs_incl_sentinel,round_win = game_pnl > 0 (decisive only),COMPATIBILITY_ONLY_NOT_PRODUCTION,234885.8996,214754.2105,9869.7735,3689,3015,-0.04201944,-0.00608590,-0.04816467,-0.04201944,-9869.7735,234885.8996,OK,0.0000,394.7909,4.0000,96.0000,AG03-UNRESOLVED,ALL5_LEVELS_bet23_to_bet27,394.7909,394.7909,394.7909,394.7909,394.7909,4.000000,4.000000,4.000000,4.000000,4.000000,96.000000,96.000000,96.000000,96.000000,96.000000,5.0,1973.9547,1822.2297,7895.8188,8047.5438,PENDING_AG03,FALSE,NOT_FOR_ENFORCEMENT,9474.9825,206164.0421,9869.7735,9474.9825,394.7909,0.04201944,0.04033866,394.7909,9474.9825,0.04033866,394.7909,394.7909,394.7909,394.7909,394.7909,9474.9825,0.04033866,1973.9547,1822.2297,7895.8188,8047.5438,0.03361555,0.0342615,0.00168078,63.6720,71.2286,3.2736,143.0402,5.0692,3404.1435,43.6957,64.4793,63.5359,42.5677,43.0663,85.2079,124.7713,127.8119,154.8004,42.604,-41.336,2.967791,3.594466,1.478463,30,203,130,8,0.14604117,0.04201944,0.00608590,0E-8,0.000000,0.914292,0.640282,0.04207877,2026-03-23,2026-08-04,69,1947,1162,135,0.511111,1.014849,1.012680,0.486804,,,,,,,,GLOBAL_BASELINE_NO_ENTITY_RANKING,,,NOT_APPLICABLE_GLOBAL_BASELINE,HF9g-P5,,,,X 全窗基线 · 不参与实体赏罚,15050176,1506,A168_HF9F_20260827_0900,2026-08-27 09:00:00
2026-04-05,74657362,2134,0,85.1353652307,-85.1353652307,-85.1353652307,0E-7,1,1,0.49324550000000000,0.493245500000,-0.9865810262130424,-0.9865810262130424,-0.9865810262130424,0E-17,ELIGIBLE,R03b_20260811_FULL_v1,L1_ELIGIBILITY,v2026-08-11,2026-03-21..2026-08-06,baccarat_bet02_101_all_pairs_incl_sentinel,round_win = game_pnl > 0 (decisive only),COMPATIBILITY_ONLY_NOT_PRODUCTION,234885.8996,214754.2105,9869.7735,3689,3015,-0.04201944,-0.00608590,-0.04816467,-0.04201944,-9869.7735,234885.8996,OK,0.0000,394.7909,4.0000,96.0000,AG03-UNRESOLVED,ALL5_LEVELS_bet23_to_bet27,394.7909,394.7909,394.7909,394.7909,394.7909,4.000000,4.000000,4.000000,4.000000,4.000000,96.000000,96.000000,96.000000,96.000000,96.000000,5.0,1973.9547,1822.2297,7895.8188,8047.5438,PENDING_AG03,FALSE,NOT_FOR_ENFORCEMENT,9474.9825,206164.0421,9869.7735,9474.9825,394.7909,0.04201944,0.04033866,394.7909,9474.9825,0.04033866,394.7909,394.7909,394.7909,394.7909,394.7909,9474.9825,0.04033866,1973.9547,1822.2297,7895.8188,8047.5438,0.03361555,0.0342615,0.00168078,63.6720,71.2286,3.2736,143.0402,5.0692,3404.1435,43.6957,64.4793,63.5359,42.5677,43.0663,85.2079,124.7713,127.8119,154.8004,42.604,-41.336,2.967791,3.594466,1.478463,30,203,130,8,0.14604117,0.04201944,0.00608590,0E-8,0.000000,0.914292,0.640282,0.04207877,2026-03-23,2026-08-04,69,1947,1162,135,0.511111,1.014849,1.012680,0.486804,,,,,,,,GLOBAL_BASELINE_NO_ENTITY_RANKING,,,NOT_APPLICABLE_GLOBAL_BASELINE,HF9g-P5,,,,X 全窗基线 · 不参与实体赏罚,15050177,1506,A168_HF9F_20260827_0900,2026-08-27 09:00:00
2026-04-05,74657362,2141,0,127.7030478461,-42.5676826154,-42.5676826154,0E-7,2,2,0.49324550000000000,0.493245500000,-0.9865810262130424,-0.9865810262130424,-0.9865810262130424,0E-17,ELIGIBLE,R03b_20260811_FULL_v1,L1_ELIGIBILITY,v2026-08-11,2026-03-21..2026-08-06,baccarat_bet02_101_all_pairs_incl_sentinel,round_win = game_pnl > 0 (decisive only),COMPATIBILITY_ONLY_NOT_PRODUCTION,234885.8996,214754.2105,9869.7735,3689,3015,-0.04201944,-0.00608590,-0.04816467,-0.04201944,-9869.7735,234885.8996,OK,0.0000,394.7909,4.0000,96.0000,AG03-UNRESOLVED,ALL5_LEVELS_bet23_to_bet27,394.7909,394.7909,394.7909,394.7909,394.7909,4.000000,4.000000,4.000000,4.000000,4.000000,96.000000,96.000000,96.000000,96.000000,96.000000,5.0,1973.9547,1822.2297,7895.8188,8047.5438,PENDING_AG03,FALSE,NOT_FOR_ENFORCEMENT,9474.9825,206164.0421,9869.7735,9474.9825,394.7909,0.04201944,0.04033866,394.7909,9474.9825,0.04033866,394.7909,394.7909,394.7909,394.7909,394.7909,9474.9825,0.04033866,1973.9547,1822.2297,7895.8188,8047.5438,0.03361555,0.0342615,0.00168078,63.6720,71.2286,3.2736,143.0402,5.0692,3404.1435,43.6957,64.4793,63.5359,42.5677,43.0663,85.2079,124.7713,127.8119,154.8004,42.604,-41.336,2.967791,3.594466,1.478463,30,203,130,8,0.14604117,0.04201944,0.00608590,0E-8,0.000000,0.914292,0.640282,0.04207877,2026-03-23,2026-08-04,69,1947,1162,135,0.511111,1.014849,1.012680,0.486804,,,,,,,,GLOBAL_BASELINE_NO_ENTITY_RANKING,,,NOT_APPLICABLE_GLOBAL_BASELINE,HF9g-P5,,,,X 全窗基线 · 不参与实体赏罚,15050178,1506,A168_HF9F_20260827_0900,2026-08-27 09:00:00
2026-04-05,74657362,2147,0,42.5676826154,42.5676826154,42.5676826154,1.0000000,1,1,0.49324550000000000,0.493245500000,1.01360149184955,1.01360149184955,1.01360149184955,0E-17,ELIGIBLE,R03b_20260811_FULL_v1,L1_ELIGIBILITY,v2026-08-11,2026-03-21..2026-08-06,baccarat_bet02_101_all_pairs_incl_sentinel,round_win = game_pnl > 0 (decisive only),COMPATIBILITY_ONLY_NOT_PRODUCTION,234885.8996,214754.2105,9869.7735,3689,3015,-0.04201944,-0.00608590,-0.04816467,-0.04201944,-9869.7735,234885.8996,OK,0.0000,394.7909,4.0000,96.0000,AG03-UNRESOLVED,ALL5_LEVELS_bet23_to_bet27,394.7909,394.7909,394.7909,394.7909,394.7909,4.000000,4.000000,4.000000,4.000000,4.000000,96.000000,96.000000,96.000000,96.000000,96.000000,5.0,1973.9547,1822.2297,7895.8188,8047.5438,PENDING_AG03,FALSE,NOT_FOR_ENFORCEMENT,9474.9825,206164.0421,9869.7735,9474.9825,394.7909,0.04201944,0.04033866,394.7909,9474.9825,0.04033866,394.7909,394.7909,394.7909,394.7909,394.7909,9474.9825,0.04033866,1973.9547,1822.2297,7895.8188,8047.5438,0.03361555,0.0342615,0.00168078,63.6720,71.2286,3.2736,143.0402,5.0692,3404.1435,43.6957,64.4793,63.5359,42.5677,43.0663,85.2079,124.7713,127.8119,154.8004,42.604,-41.336,2.967791,3.594466,1.478463,30,203,130,8,0.14604117,0.04201944,0.00608590,0E-8,0.000000,0.914292,0.640282,0.04207877,2026-03-23,2026-08-04,69,1947,1162,135,0.511111,1.014849,1.012680,0.486804,,,,,,,,GLOBAL_BASELINE_NO_ENTITY_RANKING,,,NOT_APPLICABLE_GLOBAL_BASELINE,HF9g-P5,,,,X 全窗基线 · 不参与实体赏罚,15050179,1506,A168_HF9F_20260827_0900,2026-08-27 09:00:00
2026-04-05,74657362,2153,0,42.5676826154,-42.5676826154,-42.5676826154,0E-7,1,1,0.49324550000000000,0.493245500000,-0.9865810262130424,-0.9865810262130424,-0.9865810262130424,0E-17,ELIGIBLE,R03b_20260811_FULL_v1,L1_ELIGIBILITY,v2026-08-11,2026-03-21..2026-08-06,baccarat_bet02_101_all_pairs_incl_sentinel,round_win = game_pnl > 0 (decisive only),COMPATIBILITY_ONLY_NOT_PRODUCTION,234885.8996,214754.2105,9869.7735,3689,3015,-0.04201944,-0.00608590,-0.04816467,-0.04201944,-9869.7735,234885.8996,OK,0.0000,394.7909,4.0000,96.0000,AG03-UNRESOLVED,ALL5_LEVELS_bet23_to_bet27,394.7909,394.7909,394.7909,394.7909,394.7909,4.000000,4.000000,4.000000,4.000000,4.000000,96.000000,96.000000,96.000000,96.000000,96.000000,5.0,1973.9547,1822.2297,7895.8188,8047.5438,PENDING_AG03,FALSE,NOT_FOR_ENFORCEMENT,9474.9825,206164.0421,9869.7735,9474.9825,394.7909,0.04201944,0.04033866,394.7909,9474.9825,0.04033866,394.7909,394.7909,394.7909,394.7909,394.7909,9474.9825,0.04033866,1973.9547,1822.2297,7895.8188,8047.5438,0.03361555,0.0342615,0.00168078,63.6720,71.2286,3.2736,143.0402,5.0692,3404.1435,43.6957,64.4793,63.5359,42.5677,43.0663,85.2079,124.7713,127.8119,154.8004,42.604,-41.336,2.967791,3.594466,1.478463,30,203,130,8,0.14604117,0.04201944,0.00608590,0E-8,0.000000,0.914292,0.640282,0.04207877,2026-03-23,2026-08-04,69,1947,1162,135,0.511111,1.014849,1.012680,0.486804,,,,,,,,GLOBAL_BASELINE_NO_ENTITY_RANKING,,,NOT_APPLICABLE_GLOBAL_BASELINE,HF9g-P5,,,,X 全窗基线 · 不参与实体赏罚,15050180,1506,A168_HF9F_20260827_0900,2026-08-27 09:00:00
2026-04-05,74657362,2156,0,85.1353652307,-85.1353652307,-85.1353652307,0E-7,1,1,0.49324550000000000,0.493245500000,-0.9865810262130424,-0.9865810262130424,-0.9865810262130424,0E-17,ELIGIBLE,R03b_20260811_FULL_v1,L1_ELIGIBILITY,v2026-08-11,2026-03-21..2026-08-06,baccarat_bet02_101_all_pairs_incl_sentinel,round_win = game_pnl > 0 (decisive only),COMPATIBILITY_ONLY_NOT_PRODUCTION,234885.8996,214754.2105,9869.7735,3689,3015,-0.04201944,-0.00608590,-0.04816467,-0.04201944,-9869.7735,234885.8996,OK,0.0000,394.7909,4.0000,96.0000,AG03-UNRESOLVED,ALL5_LEVELS_bet23_to_bet27,394.7909,394.7909,394.7909,394.7909,394.7909,4.000000,4.000000,4.000000,4.000000,4.000000,96.000000,96.000000,96.000000,96.000000,96.000000,5.0,1973.9547,1822.2297,7895.8188,8047.5438,PENDING_AG03,FALSE,NOT_FOR_ENFORCEMENT,9474.9825,206164.0421,9869.7735,9474.9825,394.7909,0.04201944,0.04033866,394.7909,9474.9825,0.04033866,394.7909,394.7909,394.7909,394.7909,394.7909,9474.9825,0.04033866,1973.9547,1822.2297,7895.8188,8047.5438,0.03361555,0.0342615,0.00168078,63.6720,71.2286,3.2736,143.0402,5.0692,3404.1435,43.6957,64.4793,63.5359,42.5677,43.0663,85.2079,124.7713,127.8119,154.8004,42.604,-41.336,2.967791,3.594466,1.478463,30,203,130,8,0.14604117,0.04201944,0.00608590,0E-8,0.000000,0.914292,0.640282,0.04207877,2026-03-23,2026-08-04,69,1947,1162,135,0.511111,1.014849,1.012680,0.486804,,,,,,,,GLOBAL_BASELINE_NO_ENTITY_RANKING,,,NOT_APPLICABLE_GLOBAL_BASELINE,HF9g-P5,,,,X 全窗基线 · 不参与实体赏罚,15050181,1506,A168_HF9F_20260827_0900,2026-08-27 09:00:00
2026-04-05,74657362,2160,0,42.5676826154,-42.5676826154,-42.5676826154,0E-7,1,1,0.49324550000000000,0.493245500000,-0.9865810262130424,-0.9865810262130424,-0.9865810262130424,0E-17,ELIGIBLE,R03b_20260811_FULL_v1,L1_ELIGIBILITY,v2026-08-11,2026-03-21..2026-08-06,baccarat_bet02_101_all_pairs_incl_sentinel,round_win = game_pnl > 0 (decisive only),COMPATIBILITY_ONLY_NOT_PRODUCTION,234885.8996,214754.2105,9869.7735,3689,3015,-0.04201944,-0.00608590,-0.04816467,-0.04201944,-9869.7735,234885.8996,OK,0.0000,394.7909,4.0000,96.0000,AG03-UNRESOLVED,ALL5_LEVELS_bet23_to_bet27,394.7909,394.7909,394.7909,394.7909,394.7909,4.000000,4.000000,4.000000,4.000000,4.000000,96.000000,96.000000,96.000000,96.000000,96.000000,5.0,1973.9547,1822.2297,7895.8188,8047.5438,PENDING_AG03,FALSE,NOT_FOR_ENFORCEMENT,9474.9825,206164.0421,9869.7735,9474.9825,394.7909,0.04201944,0.04033866,394.7909,9474.9825,0.04033866,394.7909,394.7909,394.7909,394.7909,394.7909,9474.9825,0.04033866,1973.9547,1822.2297,7895.8188,8047.5438,0.03361555,0.0342615,0.00168078,63.6720,71.2286,3.2736,143.0402,5.0692,3404.1435,43.6957,64.4793,63.5359,42.5677,43.0663,85.2079,124.7713,127.8119,154.8004,42.604,-41.336,2.967791,3.594466,1.478463,30,203,130,8,0.14604117,0.04201944,0.00608590,0E-8,0.000000,0.914292,0.640282,0.04207877,2026-03-23,2026-08-04,69,1947,1162,135,0.511111,1.014849,1.012680,0.486804,,,,,,,,GLOBAL_BASELINE_NO_ENTITY_RANKING,,,NOT_APPLICABLE_GLOBAL_BASELINE,HF9g-P5,,,,X 全窗基线 · 不参与实体赏罚,15050182,1506,A168_HF9F_20260827_0900,2026-08-27 09:00:00
2026-04-05,74657362,2173,0,127.7030478461,127.7030478461,127.7030478461,1.0000000,1,1,0.49324550000000000,0.493245500000,1.01360149184955,1.01360149184955,1.01360149184955,0E-17,ELIGIBLE,R03b_20260811_FULL_v1,L1_ELIGIBILITY,v2026-08-11,2026-03-21..2026-08-06,baccarat_bet02_101_all_pairs_incl_sentinel,round_win = game_pnl > 0 (decisive only),COMPATIBILITY_ONLY_NOT_PRODUCTION,234885.8996,214754.2105,9869.7735,3689,3015,-0.04201944,-0.00608590,-0.04816467,-0.04201944,-9869.7735,234885.8996,OK,0.0000,394.7909,4.0000,96.0000,AG03-UNRESOLVED,ALL5_LEVELS_bet23_to_bet27,394.7909,394.7909,394.7909,394.7909,394.7909,4.000000,4.000000,4.000000,4.000000,4.000000,96.000000,96.000000,96.000000,96.000000,96.000000,5.0,1973.9547,1822.2297,7895.8188,8047.5438,PENDING_AG03,FALSE,NOT_FOR_ENFORCEMENT,9474.9825,206164.0421,9869.7735,9474.9825,394.7909,0.04201944,0.04033866,394.7909,9474.9825,0.04033866,394.7909,394.7909,394.7909,394.7909,394.7909,9474.9825,0.04033866,1973.9547,1822.2297,7895.8188,8047.5438,0.03361555,0.0342615,0.00168078,63.6720,71.2286,3.2736,143.0402,5.0692,3404.1435,43.6957,64.4793,63.5359,42.5677,43.0663,85.2079,124.7713,127.8119,154.8004,42.604,-41.336,2.967791,3.594466,1.478463,30,203,130,8,0.14604117,0.04201944,0.00608590,0E-8,0.000000,0.914292,0.640282,0.04207877,2026-03-23,2026-08-04,69,1947,1162,135,0.511111,1.014849,1.012680,0.486804,,,,,,,,GLOBAL_BASELINE_NO_ENTITY_RANKING,,,NOT_APPLICABLE_GLOBAL_BASELINE,HF9g-P5,,,,X 全窗基线 · 不参与实体赏罚,15050183,1506,A168_HF9F_20260827_0900,2026-08-27 09:00:00
2026-04-05,74657362,2177,0,127.7030478462,42.5676826154,42.5676826154,0.6666667,3,3,0.49324550000000000,0.493245500000,0.6008033672792107,0.6008033672792106,0.6008033672792107,0E-17,ELIGIBLE,R03b_20260811_FULL_v1,L1_ELIGIBILITY,v2026-08-11,2026-03-21..2026-08-06,baccarat_bet02_101_all_pairs_incl_sentinel,round_win = game_pnl > 0 (decisive only),COMPATIBILITY_ONLY_NOT_PRODUCTION,234885.8996,214754.2105,9869.7735,3689,3015,-0.04201944,-0.00608590,-0.04816467,-0.04201944,-9869.7735,234885.8996,OK,0.0000,394.7909,4.0000,96.0000,AG03-UNRESOLVED,ALL5_LEVELS_bet23_to_bet27,394.7909,394.7909,394.7909,394.7909,394.7909,4.000000,4.000000,4.000000,4.000000,4.000000,96.000000,96.000000,96.000000,96.000000,96.000000,5.0,1973.9547,1822.2297,7895.8188,8047.5438,PENDING_AG03,FALSE,NOT_FOR_ENFORCEMENT,9474.9825,206164.0421,9869.7735,9474.9825,394.7909,0.04201944,0.04033866,394.7909,9474.9825,0.04033866,394.7909,394.7909,394.7909,394.7909,394.7909,9474.9825,0.04033866,1973.9547,1822.2297,7895.8188,8047.5438,0.03361555,0.0342615,0.00168078,63.6720,71.2286,3.2736,143.0402,5.0692,3404.1435,43.6957,64.4793,63.5359,42.5677,43.0663,85.2079,124.7713,127.8119,154.8004,42.604,-41.336,2.967791,3.594466,1.478463,30,203,130,8,0.14604117,0.04201944,0.00608590,0E-8,0.000000,0.914292,0.640282,0.04207877,2026-03-23,2026-08-04,69,1947,1162,135,0.511111,1.014849,1.012680,0.486804,,,,,,,,GLOBAL_BASELINE_NO_ENTITY_RANKING,,,NOT_APPLICABLE_GLOBAL_BASELINE,HF9g-P5,,,,X 全窗基线 · 不参与实体赏罚,15050184,1506,A168_HF9F_20260827_0900,2026-08-27 09:00:00
2026-04-05,74657362,2188,0,42.5676826154,0E-10,0E-10,,1,1,0.50665070000000000,0.506650700000,,,,0E-17,NO_DECISIVE_ROUND,R03b_20260811_FULL_v1,L1_ELIGIBILITY,v2026-08-11,2026-03-21..2026-08-06,baccarat_bet02_101_all_pairs_incl_sentinel,round_win = game_pnl > 0 (decisive only),COMPATIBILITY_ONLY_NOT_PRODUCTION,234885.8996,214754.2105,9869.7735,3689,3015,-0.04201944,-0.00608590,-0.04816467,-0.04201944,-9869.7735,234885.8996,OK,0.0000,394.7909,4.0000,96.0000,AG03-UNRESOLVED,ALL5_LEVELS_bet23_to_bet27,394.7909,394.7909,394.7909,394.7909,394.7909,4.000000,4.000000,4.000000,4.000000,4.000000,96.000000,96.000000,96.000000,96.000000,96.000000,5.0,1973.9547,1822.2297,7895.8188,8047.5438,PENDING_AG03,FALSE,NOT_FOR_ENFORCEMENT,9474.9825,206164.0421,9869.7735,9474.9825,394.7909,0.04201944,0.04033866,394.7909,9474.9825,0.04033866,394.7909,394.7909,394.7909,394.7909,394.7909,9474.9825,0.04033866,1973.9547,1822.2297,7895.8188,8047.5438,0.03361555,0.0342615,0.00168078,63.6720,71.2286,3.2736,143.0402,5.0692,3404.1435,43.6957,64.4793,63.5359,42.5677,43.0663,85.2079,124.7713,127.8119,154.8004,42.604,-41.336,2.967791,3.594466,1.478463,30,203,130,8,0.14604117,0.04201944,0.00608590,0E-8,0.000000,0.914292,0.640282,0.04207877,2026-03-23,2026-08-04,69,1947,1162,135,0.511111,1.014849,1.012680,0.486804,,,,,,,,GLOBAL_BASELINE_NO_ENTITY_RANKING,,,NOT_APPLICABLE_GLOBAL_BASELINE,HF9g-P5,,,,X 全窗基线 · 不参与实体赏罚,15050185,1506,A168_HF9F_20260827_0900,2026-08-27 09:00:00
2026-04-05,74657362,2196,0,85.1353652307,85.1353652307,85.1353652307,1.0000000,1,1,0.49324550000000000,0.493245500000,1.01360149184955,1.01360149184955,1.01360149184955,0E-17,ELIGIBLE,R03b_20260811_FULL_v1,L1_ELIGIBILITY,v2026-08-11,2026-03-21..2026-08-06,baccarat_bet02_101_all_pairs_incl_sentinel,round_win = game_pnl > 0 (decisive only),COMPATIBILITY_ONLY_NOT_PRODUCTION,234885.8996,214754.2105,9869.7735,3689,3015,-0.04201944,-0.00608590,-0.04816467,-0.04201944,-9869.7735,234885.8996,OK,0.0000,394.7909,4.0000,96.0000,AG03-UNRESOLVED,ALL5_LEVELS_bet23_to_bet27,394.7909,394.7909,394.7909,394.7909,394.7909,4.000000,4.000000,4.000000,4.000000,4.000000,96.000000,96.000000,96.000000,96.000000,96.000000,5.0,1973.9547,1822.2297,7895.8188,8047.5438,PENDING_AG03,FALSE,NOT_FOR_ENFORCEMENT,9474.9825,206164.0421,9869.7735,9474.9825,394.7909,0.04201944,0.04033866,394.7909,9474.9825,0.04033866,394.7909,394.7909,394.7909,394.7909,394.7909,9474.9825,0.04033866,1973.9547,1822.2297,7895.8188,8047.5438,0.03361555,0.0342615,0.00168078,63.6720,71.2286,3.2736,143.0402,5.0692,3404.1435,43.6957,64.4793,63.5359,42.5677,43.0663,85.2079,124.7713,127.8119,154.8004,42.604,-41.336,2.967791,3.594466,1.478463,30,203,130,8,0.14604117,0.04201944,0.00608590,0E-8,0.000000,0.914292,0.640282,0.04207877,2026-03-23,2026-08-04,69,1947,1162,135,0.511111,1.014849,1.012680,0.486804,,,,,,,,GLOBAL_BASELINE_NO_ENTITY_RANKING,,,NOT_APPLICABLE_GLOBAL_BASELINE,HF9g-P5,,,,X 全窗基线 · 不参与实体赏罚,15050186,1506,A168_HF9F_20260827_0900,2026-08-27 09:00:00
2026-04-05,74657362,2244,0,85.1353652307,-85.1353652307,-85.1353652307,0E-7,1,1,0.49324550000000000,0.493245500000,-0.9865810262130424,-0.9865810262130424,-0.9865810262130424,0E-17,ELIGIBLE,R03b_20260811_FULL_v1,L1_ELIGIBILITY,v2026-08-11,2026-03-21..2026-08-06,baccarat_bet02_101_all_pairs_incl_sentinel,round_win = game_pnl > 0 (decisive only),COMPATIBILITY_ONLY_NOT_PRODUCTION,234885.8996,214754.2105,9869.7735,3689,3015,-0.04201944,-0.00608590,-0.04816467,-0.04201944,-9869.7735,234885.8996,OK,0.0000,394.7909,4.0000,96.0000,AG03-UNRESOLVED,ALL5_LEVELS_bet23_to_bet27,394.7909,394.7909,394.7909,394.7909,394.7909,4.000000,4.000000,4.000000,4.000000,4.000000,96.000000,96.000000,96.000000,96.000000,96.000000,5.0,1973.9547,1822.2297,7895.8188,8047.5438,PENDING_AG03,FALSE,NOT_FOR_ENFORCEMENT,9474.9825,206164.0421,9869.7735,9474.9825,394.7909,0.04201944,0.04033866,394.7909,9474.9825,0.04033866,394.7909,394.7909,394.7909,394.7909,394.7909,9474.9825,0.04033866,1973.9547,1822.2297,7895.8188,8047.5438,0.03361555,0.0342615,0.00168078,63.6720,71.2286,3.2736,143.0402,5.0692,3404.1435,43.6957,64.4793,63.5359,42.5677,43.0663,85.2079,124.7713,127.8119,154.8004,42.604,-41.336,2.967791,3.594466,1.478463,30,203,130,8,0.14604117,0.04201944,0.00608590,0E-8,0.000000,0.914292,0.640282,0.04207877,2026-03-23,2026-08-04,69,1947,1162,135,0.511111,1.014849,1.012680,0.486804,,,,,,,,GLOBAL_BASELINE_NO_ENTITY_RANKING,,,NOT_APPLICABLE_GLOBAL_BASELINE,HF9g-P5,,,,X 全窗基线 · 不参与实体赏罚,15050187,1506,A168_HF9F_20260827_0900,2026-08-27 09:00:00
2026-04-05,74657362,2246,0,127.7030478462,85.1353652308,85.1353652308,1.0000000,3,3,0.50665070000000000,0.506650700000,1.3955260008387969,1.3955260008387969,1.3955260008387969,0E-17,ELIGIBLE,R03b_20260811_FULL_v1,L1_ELIGIBILITY,v2026-08-11,2026-03-21..2026-08-06,baccarat_bet02_101_all_pairs_incl_sentinel,round_win = game_pnl > 0 (decisive only),COMPATIBILITY_ONLY_NOT_PRODUCTION,234885.8996,214754.2105,9869.7735,3689,3015,-0.04201944,-0.00608590,-0.04816467,-0.04201944,-9869.7735,234885.8996,OK,0.0000,394.7909,4.0000,96.0000,AG03-UNRESOLVED,ALL5_LEVELS_bet23_to_bet27,394.7909,394.7909,394.7909,394.7909,394.7909,4.000000,4.000000,4.000000,4.000000,4.000000,96.000000,96.000000,96.000000,96.000000,96.000000,5.0,1973.9547,1822.2297,7895.8188,8047.5438,PENDING_AG03,FALSE,NOT_FOR_ENFORCEMENT,9474.9825,206164.0421,9869.7735,9474.9825,394.7909,0.04201944,0.04033866,394.7909,9474.9825,0.04033866,394.7909,394.7909,394.7909,394.7909,394.7909,9474.9825,0.04033866,1973.9547,1822.2297,7895.8188,8047.5438,0.03361555,0.0342615,0.00168078,63.6720,71.2286,3.2736,143.0402,5.0692,3404.1435,43.6957,64.4793,63.5359,42.5677,43.0663,85.2079,124.7713,127.8119,154.8004,42.604,-41.336,2.967791,3.594466,1.478463,30,203,130,8,0.14604117,0.04201944,0.00608590,0E-8,0.000000,0.914292,0.640282,0.04207877,2026-03-23,2026-08-04,69,1947,1162,135,0.511111,1.014849,1.012680,0.486804,,,,,,,,GLOBAL_BASELINE_NO_ENTITY_RANKING,,,NOT_APPLICABLE_GLOBAL_BASELINE,HF9g-P5,,,,X 全窗基线 · 不参与实体赏罚,15050188,1506,A168_HF9F_20260827_0900,2026-08-27 09:00:00
2026-04-05,74657362,2252,0,255.4060956921,85.1353652307,85.1353652307,0.6666667,3,3,0.49771390000000000,0.497713900000,0.5852756695216578,0.5852756695216578,0.5852756695216578,0E-17,ELIGIBLE,R03b_20260811_FULL_v1,L1_ELIGIBILITY,v2026-08-11,2026-03-21..2026-08-06,baccarat_bet02_101_all_pairs_incl_sentinel,round_win = game_pnl > 0 (decisive only),COMPATIBILITY_ONLY_NOT_PRODUCTION,234885.8996,214754.2105,9869.7735,3689,3015,-0.04201944,-0.00608590,-0.04816467,-0.04201944,-9869.7735,234885.8996,OK,0.0000,394.7909,4.0000,96.0000,AG03-UNRESOLVED,ALL5_LEVELS_bet23_to_bet27,394.7909,394.7909,394.7909,394.7909,394.7909,4.000000,4.000000,4.000000,4.000000,4.000000,96.000000,96.000000,96.000000,96.000000,96.000000,5.0,1973.9547,1822.2297,7895.8188,8047.5438,PENDING_AG03,FALSE,NOT_FOR_ENFORCEMENT,9474.9825,206164.0421,9869.7735,9474.9825,394.7909,0.04201944,0.04033866,394.7909,9474.9825,0.04033866,394.7909,394.7909,394.7909,394.7909,394.7909,9474.9825,0.04033866,1973.9547,1822.2297,7895.8188,8047.5438,0.03361555,0.0342615,0.00168078,63.6720,71.2286,3.2736,143.0402,5.0692,3404.1435,43.6957,64.4793,63.5359,42.5677,43.0663,85.2079,124.7713,127.8119,154.8004,42.604,-41.336,2.967791,3.594466,1.478463,30,203,130,8,0.14604117,0.04201944,0.00608590,0E-8,0.000000,0.914292,0.640282,0.04207877,2026-03-23,2026-08-04,69,1947,1162,135,0.511111,1.014849,1.012680,0.486804,,,,,,,,GLOBAL_BASELINE_NO_ENTITY_RANKING,,,NOT_APPLICABLE_GLOBAL_BASELINE,HF9g-P5,,,,X 全窗基线 · 不参与实体赏罚,15050189,1506,A168_HF9F_20260827_0900,2026-08-27 09:00:00
2026-04-05,74657362,2256,0,170.2707304614,0E-10,0E-10,0.5000000,2,2,0.49324550000000000,0.493245500000,0.01910635448239258,0.01910635448239258,0.01910635448239258,0E-17,ELIGIBLE,R03b_20260811_FULL_v1,L1_ELIGIBILITY,v2026-08-11,2026-03-21..2026-08-06,baccarat_bet02_101_all_pairs_incl_sentinel,round_win = game_pnl > 0 (decisive only),COMPATIBILITY_ONLY_NOT_PRODUCTION,234885.8996,214754.2105,9869.7735,3689,3015,-0.04201944,-0.00608590,-0.04816467,-0.04201944,-9869.7735,234885.8996,OK,0.0000,394.7909,4.0000,96.0000,AG03-UNRESOLVED,ALL5_LEVELS_bet23_to_bet27,394.7909,394.7909,394.7909,394.7909,394.7909,4.000000,4.000000,4.000000,4.000000,4.000000,96.000000,96.000000,96.000000,96.000000,96.000000,5.0,1973.9547,1822.2297,7895.8188,8047.5438,PENDING_AG03,FALSE,NOT_FOR_ENFORCEMENT,9474.9825,206164.0421,9869.7735,9474.9825,394.7909,0.04201944,0.04033866,394.7909,9474.9825,0.04033866,394.7909,394.7909,394.7909,394.7909,394.7909,9474.9825,0.04033866,1973.9547,1822.2297,7895.8188,8047.5438,0.03361555,0.0342615,0.00168078,63.6720,71.2286,3.2736,143.0402,5.0692,3404.1435,43.6957,64.4793,63.5359,42.5677,43.0663,85.2079,124.7713,127.8119,154.8004,42.604,-41.336,2.967791,3.594466,1.478463,30,203,130,8,0.14604117,0.04201944,0.00608590,0E-8,0.000000,0.914292,0.640282,0.04207877,2026-03-23,2026-08-04,69,1947,1162,135,0.511111,1.014849,1.012680,0.486804,,,,,,,,GLOBAL_BASELINE_NO_ENTITY_RANKING,,,NOT_APPLICABLE_GLOBAL_BASELINE,HF9g-P5,,,,X 全窗基线 · 不参与实体赏罚,15050190,1506,A168_HF9F_20260827_0900,2026-08-27 09:00:00
2026-04-05,74657362,2258,0,42.5676826154,42.5676826154,42.5676826154,1.0000000,1,1,0.49324550000000000,0.493245500000,1.01360149184955,1.01360149184955,1.01360149184955,0E-17,ELIGIBLE,R03b_20260811_FULL_v1,L1_ELIGIBILITY,v2026-08-11,2026-03-21..2026-08-06,baccarat_bet02_101_all_pairs_incl_sentinel,round_win = game_pnl > 0 (decisive only),COMPATIBILITY_ONLY_NOT_PRODUCTION,234885.8996,214754.2105,9869.7735,3689,3015,-0.04201944,-0.00608590,-0.04816467,-0.04201944,-9869.7735,234885.8996,OK,0.0000,394.7909,4.0000,96.0000,AG03-UNRESOLVED,ALL5_LEVELS_bet23_to_bet27,394.7909,394.7909,394.7909,394.7909,394.7909,4.000000,4.000000,4.000000,4.000000,4.000000,96.000000,96.000000,96.000000,96.000000,96.000000,5.0,1973.9547,1822.2297,7895.8188,8047.5438,PENDING_AG03,FALSE,NOT_FOR_ENFORCEMENT,9474.9825,206164.0421,9869.7735,9474.9825,394.7909,0.04201944,0.04033866,394.7909,9474.9825,0.04033866,394.7909,394.7909,394.7909,394.7909,394.7909,9474.9825,0.04033866,1973.9547,1822.2297,7895.8188,8047.5438,0.03361555,0.0342615,0.00168078,63.6720,71.2286,3.2736,143.0402,5.0692,3404.1435,43.6957,64.4793,63.5359,42.5677,43.0663,85.2079,124.7713,127.8119,154.8004,42.604,-41.336,2.967791,3.594466,1.478463,30,203,130,8,0.14604117,0.04201944,0.00608590,0E-8,0.000000,0.914292,0.640282,0.04207877,2026-03-23,2026-08-04,69,1947,1162,135,0.511111,1.014849,1.012680,0.486804,,,,,,,,GLOBAL_BASELINE_NO_ENTITY_RANKING,,,NOT_APPLICABLE_GLOBAL_BASELINE,HF9g-P5,,,,X 全窗基线 · 不参与实体赏罚,15050191,1506,A168_HF9F_20260827_0900,2026-08-27 09:00:00
2026-04-05,74657362,462,0,85.1353652307,0E-10,0E-10,,1,1,0.49324550000000000,0.493245500000,,,,0E-17,NO_DECISIVE_ROUND,R03b_20260811_FULL_v1,L1_ELIGIBILITY,v2026-08-11,2026-03-21..2026-08-06,baccarat_bet02_101_all_pairs_incl_sentinel,round_win = game_pnl > 0 (decisive only),COMPATIBILITY_ONLY_NOT_PRODUCTION,234885.8996,214754.2105,9869.7735,3689,3015,-0.04201944,-0.00608590,-0.04816467,-0.04201944,-9869.7735,234885.8996,OK,0.0000,394.7909,4.0000,96.0000,AG03-UNRESOLVED,ALL5_LEVELS_bet23_to_bet27,394.7909,394.7909,394.7909,394.7909,394.7909,4.000000,4.000000,4.000000,4.000000,4.000000,96.000000,96.000000,96.000000,96.000000,96.000000,5.0,1973.9547,1822.2297,7895.8188,8047.5438,PENDING_AG03,FALSE,NOT_FOR_ENFORCEMENT,9474.9825,206164.0421,9869.7735,9474.9825,394.7909,0.04201944,0.04033866,394.7909,9474.9825,0.04033866,394.7909,394.7909,394.7909,394.7909,394.7909,9474.9825,0.04033866,1973.9547,1822.2297,7895.8188,8047.5438,0.03361555,0.0342615,0.00168078,63.6720,71.2286,3.2736,143.0402,5.0692,3404.1435,43.6957,64.4793,63.5359,42.5677,43.0663,85.2079,124.7713,127.8119,154.8004,42.604,-41.336,2.967791,3.594466,1.478463,30,203,130,8,0.14604117,0.04201944,0.00608590,0E-8,0.000000,0.914292,0.640282,0.04207877,2026-03-23,2026-08-04,69,1947,1162,135,0.511111,1.014849,1.012680,0.486804,,,,,,,,GLOBAL_BASELINE_NO_ENTITY_RANKING,,,NOT_APPLICABLE_GLOBAL_BASELINE,HF9g-P5,,,,X 全窗基线 · 不参与实体赏罚,15050192,1506,A168_HF9F_20260827_0900,2026-08-27 09:00:00
2026-04-05,74657362,752,0,42.5676826154,-42.5676826154,-42.5676826154,0E-7,1,1,0.49324550000000000,0.493245500000,-0.9865810262130424,-0.9865810262130424,-0.9865810262130424,0E-17,ELIGIBLE,R03b_20260811_FULL_v1,L1_ELIGIBILITY,v2026-08-11,2026-03-21..2026-08-06,baccarat_bet02_101_all_pairs_incl_sentinel,round_win = game_pnl > 0 (decisive only),COMPATIBILITY_ONLY_NOT_PRODUCTION,234885.8996,214754.2105,9869.7735,3689,3015,-0.04201944,-0.00608590,-0.04816467,-0.04201944,-9869.7735,234885.8996,OK,0.0000,394.7909,4.0000,96.0000,AG03-UNRESOLVED,ALL5_LEVELS_bet23_to_bet27,394.7909,394.7909,394.7909,394.7909,394.7909,4.000000,4.000000,4.000000,4.000000,4.000000,96.000000,96.000000,96.000000,96.000000,96.000000,5.0,1973.9547,1822.2297,7895.8188,8047.5438,PENDING_AG03,FALSE,NOT_FOR_ENFORCEMENT,9474.9825,206164.0421,9869.7735,9474.9825,394.7909,0.04201944,0.04033866,394.7909,9474.9825,0.04033866,394.7909,394.7909,394.7909,394.7909,394.7909,9474.9825,0.04033866,1973.9547,1822.2297,7895.8188,8047.5438,0.03361555,0.0342615,0.00168078,63.6720,71.2286,3.2736,143.0402,5.0692,3404.1435,43.6957,64.4793,63.5359,42.5677,43.0663,85.2079,124.7713,127.8119,154.8004,42.604,-41.336,2.967791,3.594466,1.478463,30,203,130,8,0.14604117,0.04201944,0.00608590,0E-8,0.000000,0.914292,0.640282,0.04207877,2026-03-23,2026-08-04,69,1947,1162,135,0.511111,1.014849,1.012680,0.486804,,,,,,,,GLOBAL_BASELINE_NO_ENTITY_RANKING,,,NOT_APPLICABLE_GLOBAL_BASELINE,HF9g-P5,,,,X 全窗基线 · 不参与实体赏罚,15050193,1506,A168_HF9F_20260827_0900,2026-08-27 09:00:00
2026-04-05,74657362,763,0,85.1353652308,0E-10,0E-10,0.5000000,2,2,0.49324550000000000,0.493245500000,0.01910635448239258,0.01910635448239258,0.01910635448239258,0E-17,ELIGIBLE,R03b_20260811_FULL_v1,L1_ELIGIBILITY,v2026-08-11,2026-03-21..2026-08-06,baccarat_bet02_101_all_pairs_incl_sentinel,round_win = game_pnl > 0 (decisive only),COMPATIBILITY_ONLY_NOT_PRODUCTION,234885.8996,214754.2105,9869.7735,3689,3015,-0.04201944,-0.00608590,-0.04816467,-0.04201944,-9869.7735,234885.8996,OK,0.0000,394.7909,4.0000,96.0000,AG03-UNRESOLVED,ALL5_LEVELS_bet23_to_bet27,394.7909,394.7909,394.7909,394.7909,394.7909,4.000000,4.000000,4.000000,4.000000,4.000000,96.000000,96.000000,96.000000,96.000000,96.000000,5.0,1973.9547,1822.2297,7895.8188,8047.5438,PENDING_AG03,FALSE,NOT_FOR_ENFORCEMENT,9474.9825,206164.0421,9869.7735,9474.9825,394.7909,0.04201944,0.04033866,394.7909,9474.9825,0.04033866,394.7909,394.7909,394.7909,394.7909,394.7909,9474.9825,0.04033866,1973.9547,1822.2297,7895.8188,8047.5438,0.03361555,0.0342615,0.00168078,63.6720,71.2286,3.2736,143.0402,5.0692,3404.1435,43.6957,64.4793,63.5359,42.5677,43.0663,85.2079,124.7713,127.8119,154.8004,42.604,-41.336,2.967791,3.594466,1.478463,30,203,130,8,0.14604117,0.04201944,0.00608590,0E-8,0.000000,0.914292,0.640282,0.04207877,2026-03-23,2026-08-04,69,1947,1162,135,0.511111,1.014849,1.012680,0.486804,,,,,,,,GLOBAL_BASELINE_NO_ENTITY_RANKING,,,NOT_APPLICABLE_GLOBAL_BASELINE,HF9g-P5,,,,X 全窗基线 · 不参与实体赏罚,15050194,1506,A168_HF9F_20260827_0900,2026-08-27 09:00:00
2026-04-05,74657362,919,0,42.5676826154,-42.5676826154,-42.5676826154,0E-7,1,1,0.49324550000000000,0.493245500000,-0.9865810262130424,-0.9865810262130424,-0.9865810262130424,0E-17,ELIGIBLE,R03b_20260811_FULL_v1,L1_ELIGIBILITY,v2026-08-11,2026-03-21..2026-08-06,baccarat_bet02_101_all_pairs_incl_sentinel,round_win = game_pnl > 0 (decisive only),COMPATIBILITY_ONLY_NOT_PRODUCTION,234885.8996,214754.2105,9869.7735,3689,3015,-0.04201944,-0.00608590,-0.04816467,-0.04201944,-9869.7735,234885.8996,OK,0.0000,394.7909,4.0000,96.0000,AG03-UNRESOLVED,ALL5_LEVELS_bet23_to_bet27,394.7909,394.7909,394.7909,394.7909,394.7909,4.000000,4.000000,4.000000,4.000000,4.000000,96.000000,96.000000,96.000000,96.000000,96.000000,5.0,1973.9547,1822.2297,7895.8188,8047.5438,PENDING_AG03,FALSE,NOT_FOR_ENFORCEMENT,9474.9825,206164.0421,9869.7735,9474.9825,394.7909,0.04201944,0.04033866,394.7909,9474.9825,0.04033866,394.7909,394.7909,394.7909,394.7909,394.7909,9474.9825,0.04033866,1973.9547,1822.2297,7895.8188,8047.5438,0.03361555,0.0342615,0.00168078,63.6720,71.2286,3.2736,143.0402,5.0692,3404.1435,43.6957,64.4793,63.5359,42.5677,43.0663,85.2079,124.7713,127.8119,154.8004,42.604,-41.336,2.967791,3.594466,1.478463,30,203,130,8,0.14604117,0.04201944,0.00608590,0E-8,0.000000,0.914292,0.640282,0.04207877,2026-03-23,2026-08-04,69,1947,1162,135,0.511111,1.014849,1.012680,0.486804,,,,,,,,GLOBAL_BASELINE_NO_ENTITY_RANKING,,,NOT_APPLICABLE_GLOBAL_BASELINE,HF9g-P5,,,,X 全窗基线 · 不参与实体赏罚,15050195,1506,A168_HF9F_20260827_0900,2026-08-27 09:00:00
2026-04-05,74657362,925,0,85.1353652307,85.1353652307,85.1353652307,1.0000000,1,1,0.49324550000000000,0.493245500000,1.01360149184955,1.01360149184955,1.01360149184955,0E-17,ELIGIBLE,R03b_20260811_FULL_v1,L1_ELIGIBILITY,v2026-08-11,2026-03-21..2026-08-06,baccarat_bet02_101_all_pairs_incl_sentinel,round_win = game_pnl > 0 (decisive only),COMPATIBILITY_ONLY_NOT_PRODUCTION,234885.8996,214754.2105,9869.7735,3689,3015,-0.04201944,-0.00608590,-0.04816467,-0.04201944,-9869.7735,234885.8996,OK,0.0000,394.7909,4.0000,96.0000,AG03-UNRESOLVED,ALL5_LEVELS_bet23_to_bet27,394.7909,394.7909,394.7909,394.7909,394.7909,4.000000,4.000000,4.000000,4.000000,4.000000,96.000000,96.000000,96.000000,96.000000,96.000000,5.0,1973.9547,1822.2297,7895.8188,8047.5438,PENDING_AG03,FALSE,NOT_FOR_ENFORCEMENT,9474.9825,206164.0421,9869.7735,9474.9825,394.7909,0.04201944,0.04033866,394.7909,9474.9825,0.04033866,394.7909,394.7909,394.7909,394.7909,394.7909,9474.9825,0.04033866,1973.9547,1822.2297,7895.8188,8047.5438,0.03361555,0.0342615,0.00168078,63.6720,71.2286,3.2736,143.0402,5.0692,3404.1435,43.6957,64.4793,63.5359,42.5677,43.0663,85.2079,124.7713,127.8119,154.8004,42.604,-41.336,2.967791,3.594466,1.478463,30,203,130,8,0.14604117,0.04201944,0.00608590,0E-8,0.000000,0.914292,0.640282,0.04207877,2026-03-23,2026-08-04,69,1947,1162,135,0.511111,1.014849,1.012680,0.486804,,,,,,,,GLOBAL_BASELINE_NO_ENTITY_RANKING,,,NOT_APPLICABLE_GLOBAL_BASELINE,HF9g-P5,,,,X 全窗基线 · 不参与实体赏罚,15050196,1506,A168_HF9F_20260827_0900,2026-08-27 09:00:00
2026-04-05,74657362,948,0,212.8384130770,127.7030478462,127.7030478462,0.8000000,5,5,0.49324550000000000,0.493245500000,1.3719730223118614,1.3719730223118614,1.3719730223118614,0E-17,ELIGIBLE,R03b_20260811_FULL_v1,L1_ELIGIBILITY,v2026-08-11,2026-03-21..2026-08-06,baccarat_bet02_101_all_pairs_incl_sentinel,round_win = game_pnl > 0 (decisive only),COMPATIBILITY_ONLY_NOT_PRODUCTION,234885.8996,214754.2105,9869.7735,3689,3015,-0.04201944,-0.00608590,-0.04816467,-0.04201944,-9869.7735,234885.8996,OK,0.0000,394.7909,4.0000,96.0000,AG03-UNRESOLVED,ALL5_LEVELS_bet23_to_bet27,394.7909,394.7909,394.7909,394.7909,394.7909,4.000000,4.000000,4.000000,4.000000,4.000000,96.000000,96.000000,96.000000,96.000000,96.000000,5.0,1973.9547,1822.2297,7895.8188,8047.5438,PENDING_AG03,FALSE,NOT_FOR_ENFORCEMENT,9474.9825,206164.0421,9869.7735,9474.9825,394.7909,0.04201944,0.04033866,394.7909,9474.9825,0.04033866,394.7909,394.7909,394.7909,394.7909,394.7909,9474.9825,0.04033866,1973.9547,1822.2297,7895.8188,8047.5438,0.03361555,0.0342615,0.00168078,63.6720,71.2286,3.2736,143.0402,5.0692,3404.1435,43.6957,64.4793,63.5359,42.5677,43.0663,85.2079,124.7713,127.8119,154.8004,42.604,-41.336,2.967791,3.594466,1.478463,30,203,130,8,0.14604117,0.04201944,0.00608590,0E-8,0.000000,0.914292,0.640282,0.04207877,2026-03-23,2026-08-04,69,1947,1162,135,0.511111,1.014849,1.012680,0.486804,,,,,,,,GLOBAL_BASELINE_NO_ENTITY_RANKING,,,NOT_APPLICABLE_GLOBAL_BASELINE,HF9g-P5,,,,X 全窗基线 · 不参与实体赏罚,15050197,1506,A168_HF9F_20260827_0900,2026-08-27 09:00:00
2026-04-05,74657362,970,0,42.5676826154,-42.5676826154,-42.5676826154,0E-7,1,1,0.49324550000000000,0.493245500000,-0.9865810262130424,-0.9865810262130424,-0.9865810262130424,0E-17,ELIGIBLE,R03b_20260811_FULL_v1,L1_ELIGIBILITY,v2026-08-11,2026-03-21..2026-08-06,baccarat_bet02_101_all_pairs_incl_sentinel,round_win = game_pnl > 0 (decisive only),COMPATIBILITY_ONLY_NOT_PRODUCTION,234885.8996,214754.2105,9869.7735,3689,3015,-0.04201944,-0.00608590,-0.04816467,-0.04201944,-9869.7735,234885.8996,OK,0.0000,394.7909,4.0000,96.0000,AG03-UNRESOLVED,ALL5_LEVELS_bet23_to_bet27,394.7909,394.7909,394.7909,394.7909,394.7909,4.000000,4.000000,4.000000,4.000000,4.000000,96.000000,96.000000,96.000000,96.000000,96.000000,5.0,1973.9547,1822.2297,7895.8188,8047.5438,PENDING_AG03,FALSE,NOT_FOR_ENFORCEMENT,9474.9825,206164.0421,9869.7735,9474.9825,394.7909,0.04201944,0.04033866,394.7909,9474.9825,0.04033866,394.7909,394.7909,394.7909,394.7909,394.7909,9474.9825,0.04033866,1973.9547,1822.2297,7895.8188,8047.5438,0.03361555,0.0342615,0.00168078,63.6720,71.2286,3.2736,143.0402,5.0692,3404.1435,43.6957,64.4793,63.5359,42.5677,43.0663,85.2079,124.7713,127.8119,154.8004,42.604,-41.336,2.967791,3.594466,1.478463,30,203,130,8,0.14604117,0.04201944,0.00608590,0E-8,0.000000,0.914292,0.640282,0.04207877,2026-03-23,2026-08-04,69,1947,1162,135,0.511111,1.014849,1.012680,0.486804,,,,,,,,GLOBAL_BASELINE_NO_ENTITY_RANKING,,,NOT_APPLICABLE_GLOBAL_BASELINE,HF9g-P5,,,,X 全窗基线 · 不参与实体赏罚,15050198,1506,A168_HF9F_20260827_0900,2026-08-27 09:00:00
2026-04-06,74657362,-1,1,730.4614336798,173.6761450706,173.6761450706,0.6363636,13,12,0.49478543950615532,0.477946791667,0.9391745917285161,1.0518420808968194,0.9391745917285161,0.01683864783915532,SENTINEL_DEALER,R03b_20260811_FULL_v1,L1_ELIGIBILITY,v2026-08-11,2026-03-21..2026-08-06,baccarat_bet02_101_all_pairs_incl_sentinel,round_win = game_pnl > 0 (decisive only),COMPATIBILITY_ONLY_NOT_PRODUCTION,234885.8996,214754.2105,9869.7735,3689,3015,-0.04201944,-0.00608590,-0.04816467,-0.04201944,-9869.7735,234885.8996,OK,0.0000,394.7909,4.0000,96.0000,AG03-UNRESOLVED,ALL5_LEVELS_bet23_to_bet27,394.7909,394.7909,394.7909,394.7909,394.7909,4.000000,4.000000,4.000000,4.000000,4.000000,96.000000,96.000000,96.000000,96.000000,96.000000,5.0,1973.9547,1822.2297,7895.8188,8047.5438,PENDING_AG03,FALSE,NOT_FOR_ENFORCEMENT,9474.9825,206164.0421,9869.7735,9474.9825,394.7909,0.04201944,0.04033866,394.7909,9474.9825,0.04033866,394.7909,394.7909,394.7909,394.7909,394.7909,9474.9825,0.04033866,1973.9547,1822.2297,7895.8188,8047.5438,0.03361555,0.0342615,0.00168078,63.6720,71.2286,3.2736,143.0402,5.0692,3404.1435,43.6957,64.4793,63.5359,42.5677,43.0663,85.2079,124.7713,127.8119,154.8004,42.604,-41.336,2.967791,3.594466,1.478463,30,203,130,8,0.14604117,0.04201944,0.00608590,0E-8,0.000000,0.914292,0.640282,0.04207877,2026-03-23,2026-08-04,69,1947,1162,135,0.511111,1.014849,1.012680,0.486804,,,,,,,,GLOBAL_BASELINE_NO_ENTITY_RANKING,,,NOT_APPLICABLE_GLOBAL_BASELINE,HF9g-P5,,,,X 全窗基线 · 不参与实体赏罚,15050199,1506,A168_HF9F_20260827_0900,2026-08-27 09:00:00
2026-04-06,74657362,1017,0,170.2707304615,1E-10,1E-10,0.6666667,3,3,0.49324550000000000,0.493245500000,0.6008033672792107,0.6008033672792106,0.6008033672792107,0E-17,ELIGIBLE,R03b_20260811_FULL_v1,L1_ELIGIBILITY,v2026-08-11,2026-03-21..2026-08-06,baccarat_bet02_101_all_pairs_incl_sentinel,round_win = game_pnl > 0 (decisive only),COMPATIBILITY_ONLY_NOT_PRODUCTION,234885.8996,214754.2105,9869.7735,3689,3015,-0.04201944,-0.00608590,-0.04816467,-0.04201944,-9869.7735,234885.8996,OK,0.0000,394.7909,4.0000,96.0000,AG03-UNRESOLVED,ALL5_LEVELS_bet23_to_bet27,394.7909,394.7909,394.7909,394.7909,394.7909,4.000000,4.000000,4.000000,4.000000,4.000000,96.000000,96.000000,96.000000,96.000000,96.000000,5.0,1973.9547,1822.2297,7895.8188,8047.5438,PENDING_AG03,FALSE,NOT_FOR_ENFORCEMENT,9474.9825,206164.0421,9869.7735,9474.9825,394.7909,0.04201944,0.04033866,394.7909,9474.9825,0.04033866,394.7909,394.7909,394.7909,394.7909,394.7909,9474.9825,0.04033866,1973.9547,1822.2297,7895.8188,8047.5438,0.03361555,0.0342615,0.00168078,63.6720,71.2286,3.2736,143.0402,5.0692,3404.1435,43.6957,64.4793,63.5359,42.5677,43.0663,85.2079,124.7713,127.8119,154.8004,42.604,-41.336,2.967791,3.594466,1.478463,30,203,130,8,0.14604117,0.04201944,0.00608590,0E-8,0.000000,0.914292,0.640282,0.04207877,2026-03-23,2026-08-04,69,1947,1162,135,0.511111,1.014849,1.012680,0.486804,,,,,,,,GLOBAL_BASELINE_NO_ENTITY_RANKING,,,NOT_APPLICABLE_GLOBAL_BASELINE,HF9g-P5,,,,X 全窗基线 · 不参与实体赏罚,15050200,1506,A168_HF9F_20260827_0900,2026-08-27 09:00:00
2026-04-06,74657362,1078,0,170.2707304616,42.5676826154,42.5676826154,0.6666667,4,4,0.49324550000000000,0.493245500000,0.6008033672792107,0.6008033672792106,0.6008033672792107,0E-17,ELIGIBLE,R03b_20260811_FULL_v1,L1_ELIGIBILITY,v2026-08-11,2026-03-21..2026-08-06,baccarat_bet02_101_all_pairs_incl_sentinel,round_win = game_pnl > 0 (decisive only),COMPATIBILITY_ONLY_NOT_PRODUCTION,234885.8996,214754.2105,9869.7735,3689,3015,-0.04201944,-0.00608590,-0.04816467,-0.04201944,-9869.7735,234885.8996,OK,0.0000,394.7909,4.0000,96.0000,AG03-UNRESOLVED,ALL5_LEVELS_bet23_to_bet27,394.7909,394.7909,394.7909,394.7909,394.7909,4.000000,4.000000,4.000000,4.000000,4.000000,96.000000,96.000000,96.000000,96.000000,96.000000,5.0,1973.9547,1822.2297,7895.8188,8047.5438,PENDING_AG03,FALSE,NOT_FOR_ENFORCEMENT,9474.9825,206164.0421,9869.7735,9474.9825,394.7909,0.04201944,0.04033866,394.7909,9474.9825,0.04033866,394.7909,394.7909,394.7909,394.7909,394.7909,9474.9825,0.04033866,1973.9547,1822.2297,7895.8188,8047.5438,0.03361555,0.0342615,0.00168078,63.6720,71.2286,3.2736,143.0402,5.0692,3404.1435,43.6957,64.4793,63.5359,42.5677,43.0663,85.2079,124.7713,127.8119,154.8004,42.604,-41.336,2.967791,3.594466,1.478463,30,203,130,8,0.14604117,0.04201944,0.00608590,0E-8,0.000000,0.914292,0.640282,0.04207877,2026-03-23,2026-08-04,69,1947,1162,135,0.511111,1.014849,1.012680,0.486804,,,,,,,,GLOBAL_BASELINE_NO_ENTITY_RANKING,,,NOT_APPLICABLE_GLOBAL_BASELINE,HF9g-P5,,,,X 全窗基线 · 不参与实体赏罚,15050201,1506,A168_HF9F_20260827_0900,2026-08-27 09:00:00
2026-04-06,74657362,1210,0,85.1353652307,85.1353652307,85.1353652307,1.0000000,1,1,0.49324550000000000,0.493245500000,1.01360149184955,1.01360149184955,1.01360149184955,0E-17,ELIGIBLE,R03b_20260811_FULL_v1,L1_ELIGIBILITY,v2026-08-11,2026-03-21..2026-08-06,baccarat_bet02_101_all_pairs_incl_sentinel,round_win = game_pnl > 0 (decisive only),COMPATIBILITY_ONLY_NOT_PRODUCTION,234885.8996,214754.2105,9869.7735,3689,3015,-0.04201944,-0.00608590,-0.04816467,-0.04201944,-9869.7735,234885.8996,OK,0.0000,394.7909,4.0000,96.0000,AG03-UNRESOLVED,ALL5_LEVELS_bet23_to_bet27,394.7909,394.7909,394.7909,394.7909,394.7909,4.000000,4.000000,4.000000,4.000000,4.000000,96.000000,96.000000,96.000000,96.000000,96.000000,5.0,1973.9547,1822.2297,7895.8188,8047.5438,PENDING_AG03,FALSE,NOT_FOR_ENFORCEMENT,9474.9825,206164.0421,9869.7735,9474.9825,394.7909,0.04201944,0.04033866,394.7909,9474.9825,0.04033866,394.7909,394.7909,394.7909,394.7909,394.7909,9474.9825,0.04033866,1973.9547,1822.2297,7895.8188,8047.5438,0.03361555,0.0342615,0.00168078,63.6720,71.2286,3.2736,143.0402,5.0692,3404.1435,43.6957,64.4793,63.5359,42.5677,43.0663,85.2079,124.7713,127.8119,154.8004,42.604,-41.336,2.967791,3.594466,1.478463,30,203,130,8,0.14604117,0.04201944,0.00608590,0E-8,0.000000,0.914292,0.640282,0.04207877,2026-03-23,2026-08-04,69,1947,1162,135,0.511111,1.014849,1.012680,0.486804,,,,,,,,GLOBAL_BASELINE_NO_ENTITY_RANKING,,,NOT_APPLICABLE_GLOBAL_BASELINE,HF9g-P5,,,,X 全窗基线 · 不参与实体赏罚,15050202,1506,A168_HF9F_20260827_0900,2026-08-27 09:00:00
2026-04-06,74657362,1318,0,297.9737783075,-85.1353652307,-85.1353652307,0.3333333,4,4,0.49324550000000000,0.493245500000,-0.5540025479526107,-0.5540025479526106,-0.5540025479526107,0E-17,ELIGIBLE,R03b_20260811_FULL_v1,L1_ELIGIBILITY,v2026-08-11,2026-03-21..2026-08-06,baccarat_bet02_101_all_pairs_incl_sentinel,round_win = game_pnl > 0 (decisive only),COMPATIBILITY_ONLY_NOT_PRODUCTION,234885.8996,214754.2105,9869.7735,3689,3015,-0.04201944,-0.00608590,-0.04816467,-0.04201944,-9869.7735,234885.8996,OK,0.0000,394.7909,4.0000,96.0000,AG03-UNRESOLVED,ALL5_LEVELS_bet23_to_bet27,394.7909,394.7909,394.7909,394.7909,394.7909,4.000000,4.000000,4.000000,4.000000,4.000000,96.000000,96.000000,96.000000,96.000000,96.000000,5.0,1973.9547,1822.2297,7895.8188,8047.5438,PENDING_AG03,FALSE,NOT_FOR_ENFORCEMENT,9474.9825,206164.0421,9869.7735,9474.9825,394.7909,0.04201944,0.04033866,394.7909,9474.9825,0.04033866,394.7909,394.7909,394.7909,394.7909,394.7909,9474.9825,0.04033866,1973.9547,1822.2297,7895.8188,8047.5438,0.03361555,0.0342615,0.00168078,63.6720,71.2286,3.2736,143.0402,5.0692,3404.1435,43.6957,64.4793,63.5359,42.5677,43.0663,85.2079,124.7713,127.8119,154.8004,42.604,-41.336,2.967791,3.594466,1.478463,30,203,130,8,0.14604117,0.04201944,0.00608590,0E-8,0.000000,0.914292,0.640282,0.04207877,2026-03-23,2026-08-04,69,1947,1162,135,0.511111,1.014849,1.012680,0.486804,,,,,,,,GLOBAL_BASELINE_NO_ENTITY_RANKING,,,NOT_APPLICABLE_GLOBAL_BASELINE,HF9g-P5,,,,X 全窗基线 · 不参与实体赏罚,15050203,1506,A168_HF9F_20260827_0900,2026-08-27 09:00:00
2026-04-06,74657362,1490,0,42.5676826154,-42.5676826154,-42.5676826154,0E-7,1,1,0.49324550000000000,0.493245500000,-0.9865810262130424,-0.9865810262130424,-0.9865810262130424,0E-17,ELIGIBLE,R03b_20260811_FULL_v1,L1_ELIGIBILITY,v2026-08-11,2026-03-21..2026-08-06,baccarat_bet02_101_all_pairs_incl_sentinel,round_win = game_pnl > 0 (decisive only),COMPATIBILITY_ONLY_NOT_PRODUCTION,234885.8996,214754.2105,9869.7735,3689,3015,-0.04201944,-0.00608590,-0.04816467,-0.04201944,-9869.7735,234885.8996,OK,0.0000,394.7909,4.0000,96.0000,AG03-UNRESOLVED,ALL5_LEVELS_bet23_to_bet27,394.7909,394.7909,394.7909,394.7909,394.7909,4.000000,4.000000,4.000000,4.000000,4.000000,96.000000,96.000000,96.000000,96.000000,96.000000,5.0,1973.9547,1822.2297,7895.8188,8047.5438,PENDING_AG03,FALSE,NOT_FOR_ENFORCEMENT,9474.9825,206164.0421,9869.7735,9474.9825,394.7909,0.04201944,0.04033866,394.7909,9474.9825,0.04033866,394.7909,394.7909,394.7909,394.7909,394.7909,9474.9825,0.04033866,1973.9547,1822.2297,7895.8188,8047.5438,0.03361555,0.0342615,0.00168078,63.6720,71.2286,3.2736,143.0402,5.0692,3404.1435,43.6957,64.4793,63.5359,42.5677,43.0663,85.2079,124.7713,127.8119,154.8004,42.604,-41.336,2.967791,3.594466,1.478463,30,203,130,8,0.14604117,0.04201944,0.00608590,0E-8,0.000000,0.914292,0.640282,0.04207877,2026-03-23,2026-08-04,69,1947,1162,135,0.511111,1.014849,1.012680,0.486804,,,,,,,,GLOBAL_BASELINE_NO_ENTITY_RANKING,,,NOT_APPLICABLE_GLOBAL_BASELINE,HF9g-P5,,,,X 全窗基线 · 不参与实体赏罚,15050204,1506,A168_HF9F_20260827_0900,2026-08-27 09:00:00
2026-04-06,74657362,1646,0,85.1353652307,-85.1353652307,-85.1353652307,0E-7,1,1,0.49324550000000000,0.493245500000,-0.9865810262130424,-0.9865810262130424,-0.9865810262130424,0E-17,ELIGIBLE,R03b_20260811_FULL_v1,L1_ELIGIBILITY,v2026-08-11,2026-03-21..2026-08-06,baccarat_bet02_101_all_pairs_incl_sentinel,round_win = game_pnl > 0 (decisive only),COMPATIBILITY_ONLY_NOT_PRODUCTION,234885.8996,214754.2105,9869.7735,3689,3015,-0.04201944,-0.00608590,-0.04816467,-0.04201944,-9869.7735,234885.8996,OK,0.0000,394.7909,4.0000,96.0000,AG03-UNRESOLVED,ALL5_LEVELS_bet23_to_bet27,394.7909,394.7909,394.7909,394.7909,394.7909,4.000000,4.000000,4.000000,4.000000,4.000000,96.000000,96.000000,96.000000,96.000000,96.000000,5.0,1973.9547,1822.2297,7895.8188,8047.5438,PENDING_AG03,FALSE,NOT_FOR_ENFORCEMENT,9474.9825,206164.0421,9869.7735,9474.9825,394.7909,0.04201944,0.04033866,394.7909,9474.9825,0.04033866,394.7909,394.7909,394.7909,394.7909,394.7909,9474.9825,0.04033866,1973.9547,1822.2297,7895.8188,8047.5438,0.03361555,0.0342615,0.00168078,63.6720,71.2286,3.2736,143.0402,5.0692,3404.1435,43.6957,64.4793,63.5359,42.5677,43.0663,85.2079,124.7713,127.8119,154.8004,42.604,-41.336,2.967791,3.594466,1.478463,30,203,130,8,0.14604117,0.04201944,0.00608590,0E-8,0.000000,0.914292,0.640282,0.04207877,2026-03-23,2026-08-04,69,1947,1162,135,0.511111,1.014849,1.012680,0.486804,,,,,,,,GLOBAL_BASELINE_NO_ENTITY_RANKING,,,NOT_APPLICABLE_GLOBAL_BASELINE,HF9g-P5,,,,X 全窗基线 · 不参与实体赏罚,15050205,1506,A168_HF9F_20260827_0900,2026-08-27 09:00:00
2026-04-06,74657362,1714,0,170.2707304614,-170.2707304614,-170.2707304614,0E-7,2,2,0.49324550000000000,0.493245500000,-1.3952362676504506,-1.3952362676504506,-1.3952362676504506,0E-17,ELIGIBLE,R03b_20260811_FULL_v1,L1_ELIGIBILITY,v2026-08-11,2026-03-21..2026-08-06,baccarat_bet02_101_all_pairs_incl_sentinel,round_win = game_pnl > 0 (decisive only),COMPATIBILITY_ONLY_NOT_PRODUCTION,234885.8996,214754.2105,9869.7735,3689,3015,-0.04201944,-0.00608590,-0.04816467,-0.04201944,-9869.7735,234885.8996,OK,0.0000,394.7909,4.0000,96.0000,AG03-UNRESOLVED,ALL5_LEVELS_bet23_to_bet27,394.7909,394.7909,394.7909,394.7909,394.7909,4.000000,4.000000,4.000000,4.000000,4.000000,96.000000,96.000000,96.000000,96.000000,96.000000,5.0,1973.9547,1822.2297,7895.8188,8047.5438,PENDING_AG03,FALSE,NOT_FOR_ENFORCEMENT,9474.9825,206164.0421,9869.7735,9474.9825,394.7909,0.04201944,0.04033866,394.7909,9474.9825,0.04033866,394.7909,394.7909,394.7909,394.7909,394.7909,9474.9825,0.04033866,1973.9547,1822.2297,7895.8188,8047.5438,0.03361555,0.0342615,0.00168078,63.6720,71.2286,3.2736,143.0402,5.0692,3404.1435,43.6957,64.4793,63.5359,42.5677,43.0663,85.2079,124.7713,127.8119,154.8004,42.604,-41.336,2.967791,3.594466,1.478463,30,203,130,8,0.14604117,0.04201944,0.00608590,0E-8,0.000000,0.914292,0.640282,0.04207877,2026-03-23,2026-08-04,69,1947,1162,135,0.511111,1.014849,1.012680,0.486804,,,,,,,,GLOBAL_BASELINE_NO_ENTITY_RANKING,,,NOT_APPLICABLE_GLOBAL_BASELINE,HF9g-P5,,,,X 全窗基线 · 不参与实体赏罚,15050206,1506,A168_HF9F_20260827_0900,2026-08-27 09:00:00
2026-04-06,74657362,1941,0,85.1353652308,0E-10,0E-10,0.5000000,2,2,0.49324550000000000,0.493245500000,0.01910635448239258,0.01910635448239258,0.01910635448239258,0E-17,ELIGIBLE,R03b_20260811_FULL_v1,L1_ELIGIBILITY,v2026-08-11,2026-03-21..2026-08-06,baccarat_bet02_101_all_pairs_incl_sentinel,round_win = game_pnl > 0 (decisive only),COMPATIBILITY_ONLY_NOT_PRODUCTION,234885.8996,214754.2105,9869.7735,3689,3015,-0.04201944,-0.00608590,-0.04816467,-0.04201944,-9869.7735,234885.8996,OK,0.0000,394.7909,4.0000,96.0000,AG03-UNRESOLVED,ALL5_LEVELS_bet23_to_bet27,394.7909,394.7909,394.7909,394.7909,394.7909,4.000000,4.000000,4.000000,4.000000,4.000000,96.000000,96.000000,96.000000,96.000000,96.000000,5.0,1973.9547,1822.2297,7895.8188,8047.5438,PENDING_AG03,FALSE,NOT_FOR_ENFORCEMENT,9474.9825,206164.0421,9869.7735,9474.9825,394.7909,0.04201944,0.04033866,394.7909,9474.9825,0.04033866,394.7909,394.7909,394.7909,394.7909,394.7909,9474.9825,0.04033866,1973.9547,1822.2297,7895.8188,8047.5438,0.03361555,0.0342615,0.00168078,63.6720,71.2286,3.2736,143.0402,5.0692,3404.1435,43.6957,64.4793,63.5359,42.5677,43.0663,85.2079,124.7713,127.8119,154.8004,42.604,-41.336,2.967791,3.594466,1.478463,30,203,130,8,0.14604117,0.04201944,0.00608590,0E-8,0.000000,0.914292,0.640282,0.04207877,2026-03-23,2026-08-04,69,1947,1162,135,0.511111,1.014849,1.012680,0.486804,,,,,,,,GLOBAL_BASELINE_NO_ENTITY_RANKING,,,NOT_APPLICABLE_GLOBAL_BASELINE,HF9g-P5,,,,X 全窗基线 · 不参与实体赏罚,15050207,1506,A168_HF9F_20260827_0900,2026-08-27 09:00:00
2026-04-06,74657362,1942,0,85.1353652308,-42.5676826154,-42.5676826154,0E-7,2,2,0.49994810000000000,0.499948100000,-0.9998962053866608,-0.9998962053866608,-0.9998962053866608,0E-17,ELIGIBLE,R03b_20260811_FULL_v1,L1_ELIGIBILITY,v2026-08-11,2026-03-21..2026-08-06,baccarat_bet02_101_all_pairs_incl_sentinel,round_win = game_pnl > 0 (decisive only),COMPATIBILITY_ONLY_NOT_PRODUCTION,234885.8996,214754.2105,9869.7735,3689,3015,-0.04201944,-0.00608590,-0.04816467,-0.04201944,-9869.7735,234885.8996,OK,0.0000,394.7909,4.0000,96.0000,AG03-UNRESOLVED,ALL5_LEVELS_bet23_to_bet27,394.7909,394.7909,394.7909,394.7909,394.7909,4.000000,4.000000,4.000000,4.000000,4.000000,96.000000,96.000000,96.000000,96.000000,96.000000,5.0,1973.9547,1822.2297,7895.8188,8047.5438,PENDING_AG03,FALSE,NOT_FOR_ENFORCEMENT,9474.9825,206164.0421,9869.7735,9474.9825,394.7909,0.04201944,0.04033866,394.7909,9474.9825,0.04033866,394.7909,394.7909,394.7909,394.7909,394.7909,9474.9825,0.04033866,1973.9547,1822.2297,7895.8188,8047.5438,0.03361555,0.0342615,0.00168078,63.6720,71.2286,3.2736,143.0402,5.0692,3404.1435,43.6957,64.4793,63.5359,42.5677,43.0663,85.2079,124.7713,127.8119,154.8004,42.604,-41.336,2.967791,3.594466,1.478463,30,203,130,8,0.14604117,0.04201944,0.00608590,0E-8,0.000000,0.914292,0.640282,0.04207877,2026-03-23,2026-08-04,69,1947,1162,135,0.511111,1.014849,1.012680,0.486804,,,,,,,,GLOBAL_BASELINE_NO_ENTITY_RANKING,,,NOT_APPLICABLE_GLOBAL_BASELINE,HF9g-P5,,,,X 全窗基线 · 不参与实体赏罚,15050208,1506,A168_HF9F_20260827_0900,2026-08-27 09:00:00
2026-04-06,74657362,1957,0,85.1353652307,-85.1353652307,-85.1353652307,0E-7,1,1,0.50665070000000000,0.506650700000,-1.013391052207602,-1.013391052207602,-1.013391052207602,0E-17,ELIGIBLE,R03b_20260811_FULL_v1,L1_ELIGIBILITY,v2026-08-11,2026-03-21..2026-08-06,baccarat_bet02_101_all_pairs_incl_sentinel,round_win = game_pnl > 0 (decisive only),COMPATIBILITY_ONLY_NOT_PRODUCTION,234885.8996,214754.2105,9869.7735,3689,3015,-0.04201944,-0.00608590,-0.04816467,-0.04201944,-9869.7735,234885.8996,OK,0.0000,394.7909,4.0000,96.0000,AG03-UNRESOLVED,ALL5_LEVELS_bet23_to_bet27,394.7909,394.7909,394.7909,394.7909,394.7909,4.000000,4.000000,4.000000,4.000000,4.000000,96.000000,96.000000,96.000000,96.000000,96.000000,5.0,1973.9547,1822.2297,7895.8188,8047.5438,PENDING_AG03,FALSE,NOT_FOR_ENFORCEMENT,9474.9825,206164.0421,9869.7735,9474.9825,394.7909,0.04201944,0.04033866,394.7909,9474.9825,0.04033866,394.7909,394.7909,394.7909,394.7909,394.7909,9474.9825,0.04033866,1973.9547,1822.2297,7895.8188,8047.5438,0.03361555,0.0342615,0.00168078,63.6720,71.2286,3.2736,143.0402,5.0692,3404.1435,43.6957,64.4793,63.5359,42.5677,43.0663,85.2079,124.7713,127.8119,154.8004,42.604,-41.336,2.967791,3.594466,1.478463,30,203,130,8,0.14604117,0.04201944,0.00608590,0E-8,0.000000,0.914292,0.640282,0.04207877,2026-03-23,2026-08-04,69,1947,1162,135,0.511111,1.014849,1.012680,0.486804,,,,,,,,GLOBAL_BASELINE_NO_ENTITY_RANKING,,,NOT_APPLICABLE_GLOBAL_BASELINE,HF9g-P5,,,,X 全窗基线 · 不参与实体赏罚,15050209,1506,A168_HF9F_20260827_0900,2026-08-27 09:00:00
2026-04-06,74657362,2101,0,42.5676826154,-42.5676826154,-42.5676826154,0E-7,1,1,0.49324550000000000,0.493245500000,-0.9865810262130424,-0.9865810262130424,-0.9865810262130424,0E-17,ELIGIBLE,R03b_20260811_FULL_v1,L1_ELIGIBILITY,v2026-08-11,2026-03-21..2026-08-06,baccarat_bet02_101_all_pairs_incl_sentinel,round_win = game_pnl > 0 (decisive only),COMPATIBILITY_ONLY_NOT_PRODUCTION,234885.8996,214754.2105,9869.7735,3689,3015,-0.04201944,-0.00608590,-0.04816467,-0.04201944,-9869.7735,234885.8996,OK,0.0000,394.7909,4.0000,96.0000,AG03-UNRESOLVED,ALL5_LEVELS_bet23_to_bet27,394.7909,394.7909,394.7909,394.7909,394.7909,4.000000,4.000000,4.000000,4.000000,4.000000,96.000000,96.000000,96.000000,96.000000,96.000000,5.0,1973.9547,1822.2297,7895.8188,8047.5438,PENDING_AG03,FALSE,NOT_FOR_ENFORCEMENT,9474.9825,206164.0421,9869.7735,9474.9825,394.7909,0.04201944,0.04033866,394.7909,9474.9825,0.04033866,394.7909,394.7909,394.7909,394.7909,394.7909,9474.9825,0.04033866,1973.9547,1822.2297,7895.8188,8047.5438,0.03361555,0.0342615,0.00168078,63.6720,71.2286,3.2736,143.0402,5.0692,3404.1435,43.6957,64.4793,63.5359,42.5677,43.0663,85.2079,124.7713,127.8119,154.8004,42.604,-41.336,2.967791,3.594466,1.478463,30,203,130,8,0.14604117,0.04201944,0.00608590,0E-8,0.000000,0.914292,0.640282,0.04207877,2026-03-23,2026-08-04,69,1947,1162,135,0.511111,1.014849,1.012680,0.486804,,,,,,,,GLOBAL_BASELINE_NO_ENTITY_RANKING,,,NOT_APPLICABLE_GLOBAL_BASELINE,HF9g-P5,,,,X 全窗基线 · 不参与实体赏罚,15050210,1506,A168_HF9F_20260827_0900,2026-08-27 09:00:00
2026-04-06,74657362,2121,0,127.7030478462,127.7030478462,127.7030478462,1.0000000,3,3,0.49324550000000000,0.493245500000,1.755609282511032,1.7556092825110319,1.755609282511032,0E-17,ELIGIBLE,R03b_20260811_FULL_v1,L1_ELIGIBILITY,v2026-08-11,2026-03-21..2026-08-06,baccarat_bet02_101_all_pairs_incl_sentinel,round_win = game_pnl > 0 (decisive only),COMPATIBILITY_ONLY_NOT_PRODUCTION,234885.8996,214754.2105,9869.7735,3689,3015,-0.04201944,-0.00608590,-0.04816467,-0.04201944,-9869.7735,234885.8996,OK,0.0000,394.7909,4.0000,96.0000,AG03-UNRESOLVED,ALL5_LEVELS_bet23_to_bet27,394.7909,394.7909,394.7909,394.7909,394.7909,4.000000,4.000000,4.000000,4.000000,4.000000,96.000000,96.000000,96.000000,96.000000,96.000000,5.0,1973.9547,1822.2297,7895.8188,8047.5438,PENDING_AG03,FALSE,NOT_FOR_ENFORCEMENT,9474.9825,206164.0421,9869.7735,9474.9825,394.7909,0.04201944,0.04033866,394.7909,9474.9825,0.04033866,394.7909,394.7909,394.7909,394.7909,394.7909,9474.9825,0.04033866,1973.9547,1822.2297,7895.8188,8047.5438,0.03361555,0.0342615,0.00168078,63.6720,71.2286,3.2736,143.0402,5.0692,3404.1435,43.6957,64.4793,63.5359,42.5677,43.0663,85.2079,124.7713,127.8119,154.8004,42.604,-41.336,2.967791,3.594466,1.478463,30,203,130,8,0.14604117,0.04201944,0.00608590,0E-8,0.000000,0.914292,0.640282,0.04207877,2026-03-23,2026-08-04,69,1947,1162,135,0.511111,1.014849,1.012680,0.486804,,,,,,,,GLOBAL_BASELINE_NO_ENTITY_RANKING,,,NOT_APPLICABLE_GLOBAL_BASELINE,HF9g-P5,,,,X 全窗基线 · 不参与实体赏罚,15050211,1506,A168_HF9F_20260827_0900,2026-08-27 09:00:00
2026-04-06,74657362,2129,0,127.7030478462,42.5676826154,42.5676826154,0.6666667,3,3,0.49324550000000000,0.493245500000,0.6008033672792107,0.6008033672792106,0.6008033672792107,0E-17,ELIGIBLE,R03b_20260811_FULL_v1,L1_ELIGIBILITY,v2026-08-11,2026-03-21..2026-08-06,baccarat_bet02_101_all_pairs_incl_sentinel,round_win = game_pnl > 0 (decisive only),COMPATIBILITY_ONLY_NOT_PRODUCTION,234885.8996,214754.2105,9869.7735,3689,3015,-0.04201944,-0.00608590,-0.04816467,-0.04201944,-9869.7735,234885.8996,OK,0.0000,394.7909,4.0000,96.0000,AG03-UNRESOLVED,ALL5_LEVELS_bet23_to_bet27,394.7909,394.7909,394.7909,394.7909,394.7909,4.000000,4.000000,4.000000,4.000000,4.000000,96.000000,96.000000,96.000000,96.000000,96.000000,5.0,1973.9547,1822.2297,7895.8188,8047.5438,PENDING_AG03,FALSE,NOT_FOR_ENFORCEMENT,9474.9825,206164.0421,9869.7735,9474.9825,394.7909,0.04201944,0.04033866,394.7909,9474.9825,0.04033866,394.7909,394.7909,394.7909,394.7909,394.7909,9474.9825,0.04033866,1973.9547,1822.2297,7895.8188,8047.5438,0.03361555,0.0342615,0.00168078,63.6720,71.2286,3.2736,143.0402,5.0692,3404.1435,43.6957,64.4793,63.5359,42.5677,43.0663,85.2079,124.7713,127.8119,154.8004,42.604,-41.336,2.967791,3.594466,1.478463,30,203,130,8,0.14604117,0.04201944,0.00608590,0E-8,0.000000,0.914292,0.640282,0.04207877,2026-03-23,2026-08-04,69,1947,1162,135,0.511111,1.014849,1.012680,0.486804,,,,,,,,GLOBAL_BASELINE_NO_ENTITY_RANKING,,,NOT_APPLICABLE_GLOBAL_BASELINE,HF9g-P5,,,,X 全窗基线 · 不参与实体赏罚,15050212,1506,A168_HF9F_20260827_0900,2026-08-27 09:00:00
2026-04-06,74657362,2141,0,127.7030478461,42.5676826154,42.5676826154,1.0000000,2,2,0.49324550000000000,0.493245500000,1.01360149184955,1.01360149184955,1.01360149184955,0E-17,ELIGIBLE,R03b_20260811_FULL_v1,L1_ELIGIBILITY,v2026-08-11,2026-03-21..2026-08-06,baccarat_bet02_101_all_pairs_incl_sentinel,round_win = game_pnl > 0 (decisive only),COMPATIBILITY_ONLY_NOT_PRODUCTION,234885.8996,214754.2105,9869.7735,3689,3015,-0.04201944,-0.00608590,-0.04816467,-0.04201944,-9869.7735,234885.8996,OK,0.0000,394.7909,4.0000,96.0000,AG03-UNRESOLVED,ALL5_LEVELS_bet23_to_bet27,394.7909,394.7909,394.7909,394.7909,394.7909,4.000000,4.000000,4.000000,4.000000,4.000000,96.000000,96.000000,96.000000,96.000000,96.000000,5.0,1973.9547,1822.2297,7895.8188,8047.5438,PENDING_AG03,FALSE,NOT_FOR_ENFORCEMENT,9474.9825,206164.0421,9869.7735,9474.9825,394.7909,0.04201944,0.04033866,394.7909,9474.9825,0.04033866,394.7909,394.7909,394.7909,394.7909,394.7909,9474.9825,0.04033866,1973.9547,1822.2297,7895.8188,8047.5438,0.03361555,0.0342615,0.00168078,63.6720,71.2286,3.2736,143.0402,5.0692,3404.1435,43.6957,64.4793,63.5359,42.5677,43.0663,85.2079,124.7713,127.8119,154.8004,42.604,-41.336,2.967791,3.594466,1.478463,30,203,130,8,0.14604117,0.04201944,0.00608590,0E-8,0.000000,0.914292,0.640282,0.04207877,2026-03-23,2026-08-04,69,1947,1162,135,0.511111,1.014849,1.012680,0.486804,,,,,,,,GLOBAL_BASELINE_NO_ENTITY_RANKING,,,NOT_APPLICABLE_GLOBAL_BASELINE,HF9g-P5,,,,X 全窗基线 · 不参与实体赏罚,15050213,1506,A168_HF9F_20260827_0900,2026-08-27 09:00:00
2026-04-06,74657362,2142,0,85.1353652308,-85.1353652308,-85.1353652308,0E-7,2,2,0.49324550000000000,0.493245500000,-1.3952362676504506,-1.3952362676504506,-1.3952362676504506,0E-17,ELIGIBLE,R03b_20260811_FULL_v1,L1_ELIGIBILITY,v2026-08-11,2026-03-21..2026-08-06,baccarat_bet02_101_all_pairs_incl_sentinel,round_win = game_pnl > 0 (decisive only),COMPATIBILITY_ONLY_NOT_PRODUCTION,234885.8996,214754.2105,9869.7735,3689,3015,-0.04201944,-0.00608590,-0.04816467,-0.04201944,-9869.7735,234885.8996,OK,0.0000,394.7909,4.0000,96.0000,AG03-UNRESOLVED,ALL5_LEVELS_bet23_to_bet27,394.7909,394.7909,394.7909,394.7909,394.7909,4.000000,4.000000,4.000000,4.000000,4.000000,96.000000,96.000000,96.000000,96.000000,96.000000,5.0,1973.9547,1822.2297,7895.8188,8047.5438,PENDING_AG03,FALSE,NOT_FOR_ENFORCEMENT,9474.9825,206164.0421,9869.7735,9474.9825,394.7909,0.04201944,0.04033866,394.7909,9474.9825,0.04033866,394.7909,394.7909,394.7909,394.7909,394.7909,9474.9825,0.04033866,1973.9547,1822.2297,7895.8188,8047.5438,0.03361555,0.0342615,0.00168078,63.6720,71.2286,3.2736,143.0402,5.0692,3404.1435,43.6957,64.4793,63.5359,42.5677,43.0663,85.2079,124.7713,127.8119,154.8004,42.604,-41.336,2.967791,3.594466,1.478463,30,203,130,8,0.14604117,0.04201944,0.00608590,0E-8,0.000000,0.914292,0.640282,0.04207877,2026-03-23,2026-08-04,69,1947,1162,135,0.511111,1.014849,1.012680,0.486804,,,,,,,,GLOBAL_BASELINE_NO_ENTITY_RANKING,,,NOT_APPLICABLE_GLOBAL_BASELINE,HF9g-P5,,,,X 全窗基线 · 不参与实体赏罚,15050214,1506,A168_HF9F_20260827_0900,2026-08-27 09:00:00
2026-04-06,74657362,2153,0,127.7030478461,-127.7030478461,-127.7030478461,0E-7,2,2,0.49994810000000000,0.499948100000,-1.4140667746232096,-1.4140667746232096,-1.4140667746232096,0E-17,ELIGIBLE,R03b_20260811_FULL_v1,L1_ELIGIBILITY,v2026-08-11,2026-03-21..2026-08-06,baccarat_bet02_101_all_pairs_incl_sentinel,round_win = game_pnl > 0 (decisive only),COMPATIBILITY_ONLY_NOT_PRODUCTION,234885.8996,214754.2105,9869.7735,3689,3015,-0.04201944,-0.00608590,-0.04816467,-0.04201944,-9869.7735,234885.8996,OK,0.0000,394.7909,4.0000,96.0000,AG03-UNRESOLVED,ALL5_LEVELS_bet23_to_bet27,394.7909,394.7909,394.7909,394.7909,394.7909,4.000000,4.000000,4.000000,4.000000,4.000000,96.000000,96.000000,96.000000,96.000000,96.000000,5.0,1973.9547,1822.2297,7895.8188,8047.5438,PENDING_AG03,FALSE,NOT_FOR_ENFORCEMENT,9474.9825,206164.0421,9869.7735,9474.9825,394.7909,0.04201944,0.04033866,394.7909,9474.9825,0.04033866,394.7909,394.7909,394.7909,394.7909,394.7909,9474.9825,0.04033866,1973.9547,1822.2297,7895.8188,8047.5438,0.03361555,0.0342615,0.00168078,63.6720,71.2286,3.2736,143.0402,5.0692,3404.1435,43.6957,64.4793,63.5359,42.5677,43.0663,85.2079,124.7713,127.8119,154.8004,42.604,-41.336,2.967791,3.594466,1.478463,30,203,130,8,0.14604117,0.04201944,0.00608590,0E-8,0.000000,0.914292,0.640282,0.04207877,2026-03-23,2026-08-04,69,1947,1162,135,0.511111,1.014849,1.012680,0.486804,,,,,,,,GLOBAL_BASELINE_NO_ENTITY_RANKING,,,NOT_APPLICABLE_GLOBAL_BASELINE,HF9g-P5,,,,X 全窗基线 · 不参与实体赏罚,15050215,1506,A168_HF9F_20260827_0900,2026-08-27 09:00:00
2026-04-06,74657362,2160,0,42.5676826154,-42.5676826154,-42.5676826154,0E-7,1,1,0.49324550000000000,0.493245500000,-0.9865810262130424,-0.9865810262130424,-0.9865810262130424,0E-17,ELIGIBLE,R03b_20260811_FULL_v1,L1_ELIGIBILITY,v2026-08-11,2026-03-21..2026-08-06,baccarat_bet02_101_all_pairs_incl_sentinel,round_win = game_pnl > 0 (decisive only),COMPATIBILITY_ONLY_NOT_PRODUCTION,234885.8996,214754.2105,9869.7735,3689,3015,-0.04201944,-0.00608590,-0.04816467,-0.04201944,-9869.7735,234885.8996,OK,0.0000,394.7909,4.0000,96.0000,AG03-UNRESOLVED,ALL5_LEVELS_bet23_to_bet27,394.7909,394.7909,394.7909,394.7909,394.7909,4.000000,4.000000,4.000000,4.000000,4.000000,96.000000,96.000000,96.000000,96.000000,96.000000,5.0,1973.9547,1822.2297,7895.8188,8047.5438,PENDING_AG03,FALSE,NOT_FOR_ENFORCEMENT,9474.9825,206164.0421,9869.7735,9474.9825,394.7909,0.04201944,0.04033866,394.7909,9474.9825,0.04033866,394.7909,394.7909,394.7909,394.7909,394.7909,9474.9825,0.04033866,1973.9547,1822.2297,7895.8188,8047.5438,0.03361555,0.0342615,0.00168078,63.6720,71.2286,3.2736,143.0402,5.0692,3404.1435,43.6957,64.4793,63.5359,42.5677,43.0663,85.2079,124.7713,127.8119,154.8004,42.604,-41.336,2.967791,3.594466,1.478463,30,203,130,8,0.14604117,0.04201944,0.00608590,0E-8,0.000000,0.914292,0.640282,0.04207877,2026-03-23,2026-08-04,69,1947,1162,135,0.511111,1.014849,1.012680,0.486804,,,,,,,,GLOBAL_BASELINE_NO_ENTITY_RANKING,,,NOT_APPLICABLE_GLOBAL_BASELINE,HF9g-P5,,,,X 全窗基线 · 不参与实体赏罚,15050216,1506,A168_HF9F_20260827_0900,2026-08-27 09:00:00
2026-04-06,74657362,2201,0,170.2707304615,-106.4192065384,-106.4192065384,0.3333333,3,3,0.49771390000000000,0.497713900000,-0.5694369385616226,-0.5694369385616226,-0.5694369385616226,0E-17,ELIGIBLE,R03b_20260811_FULL_v1,L1_ELIGIBILITY,v2026-08-11,2026-03-21..2026-08-06,baccarat_bet02_101_all_pairs_incl_sentinel,round_win = game_pnl > 0 (decisive only),COMPATIBILITY_ONLY_NOT_PRODUCTION,234885.8996,214754.2105,9869.7735,3689,3015,-0.04201944,-0.00608590,-0.04816467,-0.04201944,-9869.7735,234885.8996,OK,0.0000,394.7909,4.0000,96.0000,AG03-UNRESOLVED,ALL5_LEVELS_bet23_to_bet27,394.7909,394.7909,394.7909,394.7909,394.7909,4.000000,4.000000,4.000000,4.000000,4.000000,96.000000,96.000000,96.000000,96.000000,96.000000,5.0,1973.9547,1822.2297,7895.8188,8047.5438,PENDING_AG03,FALSE,NOT_FOR_ENFORCEMENT,9474.9825,206164.0421,9869.7735,9474.9825,394.7909,0.04201944,0.04033866,394.7909,9474.9825,0.04033866,394.7909,394.7909,394.7909,394.7909,394.7909,9474.9825,0.04033866,1973.9547,1822.2297,7895.8188,8047.5438,0.03361555,0.0342615,0.00168078,63.6720,71.2286,3.2736,143.0402,5.0692,3404.1435,43.6957,64.4793,63.5359,42.5677,43.0663,85.2079,124.7713,127.8119,154.8004,42.604,-41.336,2.967791,3.594466,1.478463,30,203,130,8,0.14604117,0.04201944,0.00608590,0E-8,0.000000,0.914292,0.640282,0.04207877,2026-03-23,2026-08-04,69,1947,1162,135,0.511111,1.014849,1.012680,0.486804,,,,,,,,GLOBAL_BASELINE_NO_ENTITY_RANKING,,,NOT_APPLICABLE_GLOBAL_BASELINE,HF9g-P5,,,,X 全窗基线 · 不参与实体赏罚,15050217,1506,A168_HF9F_20260827_0900,2026-08-27 09:00:00
2026-04-06,74657362,2202,0,42.5676826154,-42.5676826154,-42.5676826154,0E-7,1,1,0.49324550000000000,0.493245500000,-0.9865810262130424,-0.9865810262130424,-0.9865810262130424,0E-17,ELIGIBLE,R03b_20260811_FULL_v1,L1_ELIGIBILITY,v2026-08-11,2026-03-21..2026-08-06,baccarat_bet02_101_all_pairs_incl_sentinel,round_win = game_pnl > 0 (decisive only),COMPATIBILITY_ONLY_NOT_PRODUCTION,234885.8996,214754.2105,9869.7735,3689,3015,-0.04201944,-0.00608590,-0.04816467,-0.04201944,-9869.7735,234885.8996,OK,0.0000,394.7909,4.0000,96.0000,AG03-UNRESOLVED,ALL5_LEVELS_bet23_to_bet27,394.7909,394.7909,394.7909,394.7909,394.7909,4.000000,4.000000,4.000000,4.000000,4.000000,96.000000,96.000000,96.000000,96.000000,96.000000,5.0,1973.9547,1822.2297,7895.8188,8047.5438,PENDING_AG03,FALSE,NOT_FOR_ENFORCEMENT,9474.9825,206164.0421,9869.7735,9474.9825,394.7909,0.04201944,0.04033866,394.7909,9474.9825,0.04033866,394.7909,394.7909,394.7909,394.7909,394.7909,9474.9825,0.04033866,1973.9547,1822.2297,7895.8188,8047.5438,0.03361555,0.0342615,0.00168078,63.6720,71.2286,3.2736,143.0402,5.0692,3404.1435,43.6957,64.4793,63.5359,42.5677,43.0663,85.2079,124.7713,127.8119,154.8004,42.604,-41.336,2.967791,3.594466,1.478463,30,203,130,8,0.14604117,0.04201944,0.00608590,0E-8,0.000000,0.914292,0.640282,0.04207877,2026-03-23,2026-08-04,69,1947,1162,135,0.511111,1.014849,1.012680,0.486804,,,,,,,,GLOBAL_BASELINE_NO_ENTITY_RANKING,,,NOT_APPLICABLE_GLOBAL_BASELINE,HF9g-P5,,,,X 全窗基线 · 不参与实体赏罚,15050218,1506,A168_HF9F_20260827_0900,2026-08-27 09:00:00
2026-04-06,74657362,2244,0,85.1353652308,-85.1353652308,-85.1353652308,0E-7,2,2,0.49324550000000000,0.493245500000,-1.3952362676504506,-1.3952362676504506,-1.3952362676504506,0E-17,ELIGIBLE,R03b_20260811_FULL_v1,L1_ELIGIBILITY,v2026-08-11,2026-03-21..2026-08-06,baccarat_bet02_101_all_pairs_incl_sentinel,round_win = game_pnl > 0 (decisive only),COMPATIBILITY_ONLY_NOT_PRODUCTION,234885.8996,214754.2105,9869.7735,3689,3015,-0.04201944,-0.00608590,-0.04816467,-0.04201944,-9869.7735,234885.8996,OK,0.0000,394.7909,4.0000,96.0000,AG03-UNRESOLVED,ALL5_LEVELS_bet23_to_bet27,394.7909,394.7909,394.7909,394.7909,394.7909,4.000000,4.000000,4.000000,4.000000,4.000000,96.000000,96.000000,96.000000,96.000000,96.000000,5.0,1973.9547,1822.2297,7895.8188,8047.5438,PENDING_AG03,FALSE,NOT_FOR_ENFORCEMENT,9474.9825,206164.0421,9869.7735,9474.9825,394.7909,0.04201944,0.04033866,394.7909,9474.9825,0.04033866,394.7909,394.7909,394.7909,394.7909,394.7909,9474.9825,0.04033866,1973.9547,1822.2297,7895.8188,8047.5438,0.03361555,0.0342615,0.00168078,63.6720,71.2286,3.2736,143.0402,5.0692,3404.1435,43.6957,64.4793,63.5359,42.5677,43.0663,85.2079,124.7713,127.8119,154.8004,42.604,-41.336,2.967791,3.594466,1.478463,30,203,130,8,0.14604117,0.04201944,0.00608590,0E-8,0.000000,0.914292,0.640282,0.04207877,2026-03-23,2026-08-04,69,1947,1162,135,0.511111,1.014849,1.012680,0.486804,,,,,,,,GLOBAL_BASELINE_NO_ENTITY_RANKING,,,NOT_APPLICABLE_GLOBAL_BASELINE,HF9g-P5,,,,X 全窗基线 · 不参与实体赏罚,15050219,1506,A168_HF9F_20260827_0900,2026-08-27 09:00:00
2026-04-06,74657362,2256,0,85.1353652308,-42.5676826154,-42.5676826154,0E-7,2,2,0.49324550000000000,0.493245500000,-0.9865810262130424,-0.9865810262130424,-0.9865810262130424,0E-17,ELIGIBLE,R03b_20260811_FULL_v1,L1_ELIGIBILITY,v2026-08-11,2026-03-21..2026-08-06,baccarat_bet02_101_all_pairs_incl_sentinel,round_win = game_pnl > 0 (decisive only),COMPATIBILITY_ONLY_NOT_PRODUCTION,234885.8996,214754.2105,9869.7735,3689,3015,-0.04201944,-0.00608590,-0.04816467,-0.04201944,-9869.7735,234885.8996,OK,0.0000,394.7909,4.0000,96.0000,AG03-UNRESOLVED,ALL5_LEVELS_bet23_to_bet27,394.7909,394.7909,394.7909,394.7909,394.7909,4.000000,4.000000,4.000000,4.000000,4.000000,96.000000,96.000000,96.000000,96.000000,96.000000,5.0,1973.9547,1822.2297,7895.8188,8047.5438,PENDING_AG03,FALSE,NOT_FOR_ENFORCEMENT,9474.9825,206164.0421,9869.7735,9474.9825,394.7909,0.04201944,0.04033866,394.7909,9474.9825,0.04033866,394.7909,394.7909,394.7909,394.7909,394.7909,9474.9825,0.04033866,1973.9547,1822.2297,7895.8188,8047.5438,0.03361555,0.0342615,0.00168078,63.6720,71.2286,3.2736,143.0402,5.0692,3404.1435,43.6957,64.4793,63.5359,42.5677,43.0663,85.2079,124.7713,127.8119,154.8004,42.604,-41.336,2.967791,3.594466,1.478463,30,203,130,8,0.14604117,0.04201944,0.00608590,0E-8,0.000000,0.914292,0.640282,0.04207877,2026-03-23,2026-08-04,69,1947,1162,135,0.511111,1.014849,1.012680,0.486804,,,,,,,,GLOBAL_BASELINE_NO_ENTITY_RANKING,,,NOT_APPLICABLE_GLOBAL_BASELINE,HF9g-P5,,,,X 全窗基线 · 不参与实体赏罚,15050220,1506,A168_HF9F_20260827_0900,2026-08-27 09:00:00
2026-04-06,74657362,529,0,64.7028775753,64.7028775753,64.7028775753,1.0000000,1,1,0.50665070000000000,0.506650700000,0.9867858985152569,0.9867858985152569,0.9867858985152569,0E-17,ELIGIBLE,R03b_20260811_FULL_v1,L1_ELIGIBILITY,v2026-08-11,2026-03-21..2026-08-06,baccarat_bet02_101_all_pairs_incl_sentinel,round_win = game_pnl > 0 (decisive only),COMPATIBILITY_ONLY_NOT_PRODUCTION,234885.8996,214754.2105,9869.7735,3689,3015,-0.04201944,-0.00608590,-0.04816467,-0.04201944,-9869.7735,234885.8996,OK,0.0000,394.7909,4.0000,96.0000,AG03-UNRESOLVED,ALL5_LEVELS_bet23_to_bet27,394.7909,394.7909,394.7909,394.7909,394.7909,4.000000,4.000000,4.000000,4.000000,4.000000,96.000000,96.000000,96.000000,96.000000,96.000000,5.0,1973.9547,1822.2297,7895.8188,8047.5438,PENDING_AG03,FALSE,NOT_FOR_ENFORCEMENT,9474.9825,206164.0421,9869.7735,9474.9825,394.7909,0.04201944,0.04033866,394.7909,9474.9825,0.04033866,394.7909,394.7909,394.7909,394.7909,394.7909,9474.9825,0.04033866,1973.9547,1822.2297,7895.8188,8047.5438,0.03361555,0.0342615,0.00168078,63.6720,71.2286,3.2736,143.0402,5.0692,3404.1435,43.6957,64.4793,63.5359,42.5677,43.0663,85.2079,124.7713,127.8119,154.8004,42.604,-41.336,2.967791,3.594466,1.478463,30,203,130,8,0.14604117,0.04201944,0.00608590,0E-8,0.000000,0.914292,0.640282,0.04207877,2026-03-23,2026-08-04,69,1947,1162,135,0.511111,1.014849,1.012680,0.486804,,,,,,,,GLOBAL_BASELINE_NO_ENTITY_RANKING,,,NOT_APPLICABLE_GLOBAL_BASELINE,HF9g-P5,,,,X 全窗基线 · 不参与实体赏罚,15050221,1506,A168_HF9F_20260827_0900,2026-08-27 09:00:00
2026-04-06,74657362,969,0,85.1353652307,-85.1353652307,-85.1353652307,0E-7,1,1,0.49324550000000000,0.493245500000,-0.9865810262130424,-0.9865810262130424,-0.9865810262130424,0E-17,ELIGIBLE,R03b_20260811_FULL_v1,L1_ELIGIBILITY,v2026-08-11,2026-03-21..2026-08-06,baccarat_bet02_101_all_pairs_incl_sentinel,round_win = game_pnl > 0 (decisive only),COMPATIBILITY_ONLY_NOT_PRODUCTION,234885.8996,214754.2105,9869.7735,3689,3015,-0.04201944,-0.00608590,-0.04816467,-0.04201944,-9869.7735,234885.8996,OK,0.0000,394.7909,4.0000,96.0000,AG03-UNRESOLVED,ALL5_LEVELS_bet23_to_bet27,394.7909,394.7909,394.7909,394.7909,394.7909,4.000000,4.000000,4.000000,4.000000,4.000000,96.000000,96.000000,96.000000,96.000000,96.000000,5.0,1973.9547,1822.2297,7895.8188,8047.5438,PENDING_AG03,FALSE,NOT_FOR_ENFORCEMENT,9474.9825,206164.0421,9869.7735,9474.9825,394.7909,0.04201944,0.04033866,394.7909,9474.9825,0.04033866,394.7909,394.7909,394.7909,394.7909,394.7909,9474.9825,0.04033866,1973.9547,1822.2297,7895.8188,8047.5438,0.03361555,0.0342615,0.00168078,63.6720,71.2286,3.2736,143.0402,5.0692,3404.1435,43.6957,64.4793,63.5359,42.5677,43.0663,85.2079,124.7713,127.8119,154.8004,42.604,-41.336,2.967791,3.594466,1.478463,30,203,130,8,0.14604117,0.04201944,0.00608590,0E-8,0.000000,0.914292,0.640282,0.04207877,2026-03-23,2026-08-04,69,1947,1162,135,0.511111,1.014849,1.012680,0.486804,,,,,,,,GLOBAL_BASELINE_NO_ENTITY_RANKING,,,NOT_APPLICABLE_GLOBAL_BASELINE,HF9g-P5,,,,X 全窗基线 · 不参与实体赏罚,15050222,1506,A168_HF9F_20260827_0900,2026-08-27 09:00:00
2026-04-06,74657362,994,0,85.1353652308,-85.1353652308,-85.1353652308,0E-7,2,2,0.49324550000000000,0.493245500000,-1.3952362676504506,-1.3952362676504506,-1.3952362676504506,0E-17,ELIGIBLE,R03b_20260811_FULL_v1,L1_ELIGIBILITY,v2026-08-11,2026-03-21..2026-08-06,baccarat_bet02_101_all_pairs_incl_sentinel,round_win = game_pnl > 0 (decisive only),COMPATIBILITY_ONLY_NOT_PRODUCTION,234885.8996,214754.2105,9869.7735,3689,3015,-0.04201944,-0.00608590,-0.04816467,-0.04201944,-9869.7735,234885.8996,OK,0.0000,394.7909,4.0000,96.0000,AG03-UNRESOLVED,ALL5_LEVELS_bet23_to_bet27,394.7909,394.7909,394.7909,394.7909,394.7909,4.000000,4.000000,4.000000,4.000000,4.000000,96.000000,96.000000,96.000000,96.000000,96.000000,5.0,1973.9547,1822.2297,7895.8188,8047.5438,PENDING_AG03,FALSE,NOT_FOR_ENFORCEMENT,9474.9825,206164.0421,9869.7735,9474.9825,394.7909,0.04201944,0.04033866,394.7909,9474.9825,0.04033866,394.7909,394.7909,394.7909,394.7909,394.7909,9474.9825,0.04033866,1973.9547,1822.2297,7895.8188,8047.5438,0.03361555,0.0342615,0.00168078,63.6720,71.2286,3.2736,143.0402,5.0692,3404.1435,43.6957,64.4793,63.5359,42.5677,43.0663,85.2079,124.7713,127.8119,154.8004,42.604,-41.336,2.967791,3.594466,1.478463,30,203,130,8,0.14604117,0.04201944,0.00608590,0E-8,0.000000,0.914292,0.640282,0.04207877,2026-03-23,2026-08-04,69,1947,1162,135,0.511111,1.014849,1.012680,0.486804,,,,,,,,GLOBAL_BASELINE_NO_ENTITY_RANKING,,,NOT_APPLICABLE_GLOBAL_BASELINE,HF9g-P5,,,,X 全窗基线 · 不参与实体赏罚,15050223,1506,A168_HF9F_20260827_0900,2026-08-27 09:00:00
2026-04-07,74657362,-1,1,1319.5981610773,-212.8384130769,-212.8384130769,0.4230769,30,30,0.49726706000000000,0.497267060000,-0.7566052139679329,-0.7566052139679329,-0.7566052139679329,0E-17,SENTINEL_DEALER,R03b_20260811_FULL_v1,L1_ELIGIBILITY,v2026-08-11,2026-03-21..2026-08-06,baccarat_bet02_101_all_pairs_incl_sentinel,round_win = game_pnl > 0 (decisive only),COMPATIBILITY_ONLY_NOT_PRODUCTION,234885.8996,214754.2105,9869.7735,3689,3015,-0.04201944,-0.00608590,-0.04816467,-0.04201944,-9869.7735,234885.8996,OK,0.0000,394.7909,4.0000,96.0000,AG03-UNRESOLVED,ALL5_LEVELS_bet23_to_bet27,394.7909,394.7909,394.7909,394.7909,394.7909,4.000000,4.000000,4.000000,4.000000,4.000000,96.000000,96.000000,96.000000,96.000000,96.000000,5.0,1973.9547,1822.2297,7895.8188,8047.5438,PENDING_AG03,FALSE,NOT_FOR_ENFORCEMENT,9474.9825,206164.0421,9869.7735,9474.9825,394.7909,0.04201944,0.04033866,394.7909,9474.9825,0.04033866,394.7909,394.7909,394.7909,394.7909,394.7909,9474.9825,0.04033866,1973.9547,1822.2297,7895.8188,8047.5438,0.03361555,0.0342615,0.00168078,63.6720,71.2286,3.2736,143.0402,5.0692,3404.1435,43.6957,64.4793,63.5359,42.5677,43.0663,85.2079,124.7713,127.8119,154.8004,42.604,-41.336,2.967791,3.594466,1.478463,30,203,130,8,0.14604117,0.04201944,0.00608590,0E-8,0.000000,0.914292,0.640282,0.04207877,2026-03-23,2026-08-04,69,1947,1162,135,0.511111,1.014849,1.012680,0.486804,,,,,,,,GLOBAL_BASELINE_NO_ENTITY_RANKING,,,NOT_APPLICABLE_GLOBAL_BASELINE,HF9g-P5,,,,X 全窗基线 · 不参与实体赏罚,15050224,1506,A168_HF9F_20260827_0900,2026-08-27 09:00:00
2026-04-07,74657362,1017,0,42.5676826154,-42.5676826154,-42.5676826154,0E-7,1,1,0.50665070000000000,0.506650700000,-1.013391052207602,-1.013391052207602,-1.013391052207602,0E-17,ELIGIBLE,R03b_20260811_FULL_v1,L1_ELIGIBILITY,v2026-08-11,2026-03-21..2026-08-06,baccarat_bet02_101_all_pairs_incl_sentinel,round_win = game_pnl > 0 (decisive only),COMPATIBILITY_ONLY_NOT_PRODUCTION,234885.8996,214754.2105,9869.7735,3689,3015,-0.04201944,-0.00608590,-0.04816467,-0.04201944,-9869.7735,234885.8996,OK,0.0000,394.7909,4.0000,96.0000,AG03-UNRESOLVED,ALL5_LEVELS_bet23_to_bet27,394.7909,394.7909,394.7909,394.7909,394.7909,4.000000,4.000000,4.000000,4.000000,4.000000,96.000000,96.000000,96.000000,96.000000,96.000000,5.0,1973.9547,1822.2297,7895.8188,8047.5438,PENDING_AG03,FALSE,NOT_FOR_ENFORCEMENT,9474.9825,206164.0421,9869.7735,9474.9825,394.7909,0.04201944,0.04033866,394.7909,9474.9825,0.04033866,394.7909,394.7909,394.7909,394.7909,394.7909,9474.9825,0.04033866,1973.9547,1822.2297,7895.8188,8047.5438,0.03361555,0.0342615,0.00168078,63.6720,71.2286,3.2736,143.0402,5.0692,3404.1435,43.6957,64.4793,63.5359,42.5677,43.0663,85.2079,124.7713,127.8119,154.8004,42.604,-41.336,2.967791,3.594466,1.478463,30,203,130,8,0.14604117,0.04201944,0.00608590,0E-8,0.000000,0.914292,0.640282,0.04207877,2026-03-23,2026-08-04,69,1947,1162,135,0.511111,1.014849,1.012680,0.486804,,,,,,,,GLOBAL_BASELINE_NO_ENTITY_RANKING,,,NOT_APPLICABLE_GLOBAL_BASELINE,HF9g-P5,,,,X 全窗基线 · 不参与实体赏罚,15050225,1506,A168_HF9F_20260827_0900,2026-08-27 09:00:00
2026-04-07,74657362,1078,0,85.1353652308,21.2838413077,21.2838413077,1.0000000,2,2,0.50665070000000000,0.506650700000,0.9867858985152569,0.9867858985152569,0.9867858985152569,0E-17,ELIGIBLE,R03b_20260811_FULL_v1,L1_ELIGIBILITY,v2026-08-11,2026-03-21..2026-08-06,baccarat_bet02_101_all_pairs_incl_sentinel,round_win = game_pnl > 0 (decisive only),COMPATIBILITY_ONLY_NOT_PRODUCTION,234885.8996,214754.2105,9869.7735,3689,3015,-0.04201944,-0.00608590,-0.04816467,-0.04201944,-9869.7735,234885.8996,OK,0.0000,394.7909,4.0000,96.0000,AG03-UNRESOLVED,ALL5_LEVELS_bet23_to_bet27,394.7909,394.7909,394.7909,394.7909,394.7909,4.000000,4.000000,4.000000,4.000000,4.000000,96.000000,96.000000,96.000000,96.000000,96.000000,5.0,1973.9547,1822.2297,7895.8188,8047.5438,PENDING_AG03,FALSE,NOT_FOR_ENFORCEMENT,9474.9825,206164.0421,9869.7735,9474.9825,394.7909,0.04201944,0.04033866,394.7909,9474.9825,0.04033866,394.7909,394.7909,394.7909,394.7909,394.7909,9474.9825,0.04033866,1973.9547,1822.2297,7895.8188,8047.5438,0.03361555,0.0342615,0.00168078,63.6720,71.2286,3.2736,143.0402,5.0692,3404.1435,43.6957,64.4793,63.5359,42.5677,43.0663,85.2079,124.7713,127.8119,154.8004,42.604,-41.336,2.967791,3.594466,1.478463,30,203,130,8,0.14604117,0.04201944,0.00608590,0E-8,0.000000,0.914292,0.640282,0.04207877,2026-03-23,2026-08-04,69,1947,1162,135,0.511111,1.014849,1.012680,0.486804,,,,,,,,GLOBAL_BASELINE_NO_ENTITY_RANKING,,,NOT_APPLICABLE_GLOBAL_BASELINE,HF9g-P5,,,,X 全窗基线 · 不参与实体赏罚,15050226,1506,A168_HF9F_20260827_0900,2026-08-27 09:00:00
2026-04-07,74657362,1306,0,246.8925591693,59.5947556615,59.5947556615,0.6000000,6,5,0.48886668333330377,0.458660730000,0.4971265549514868,0.6342599670212793,0.4971265549514868,0.03020595333330377,ELIGIBLE,R03b_20260811_FULL_v1,L1_ELIGIBILITY,v2026-08-11,2026-03-21..2026-08-06,baccarat_bet02_101_all_pairs_incl_sentinel,round_win = game_pnl > 0 (decisive only),COMPATIBILITY_ONLY_NOT_PRODUCTION,234885.8996,214754.2105,9869.7735,3689,3015,-0.04201944,-0.00608590,-0.04816467,-0.04201944,-9869.7735,234885.8996,OK,0.0000,394.7909,4.0000,96.0000,AG03-UNRESOLVED,ALL5_LEVELS_bet23_to_bet27,394.7909,394.7909,394.7909,394.7909,394.7909,4.000000,4.000000,4.000000,4.000000,4.000000,96.000000,96.000000,96.000000,96.000000,96.000000,5.0,1973.9547,1822.2297,7895.8188,8047.5438,PENDING_AG03,FALSE,NOT_FOR_ENFORCEMENT,9474.9825,206164.0421,9869.7735,9474.9825,394.7909,0.04201944,0.04033866,394.7909,9474.9825,0.04033866,394.7909,394.7909,394.7909,394.7909,394.7909,9474.9825,0.04033866,1973.9547,1822.2297,7895.8188,8047.5438,0.03361555,0.0342615,0.00168078,63.6720,71.2286,3.2736,143.0402,5.0692,3404.1435,43.6957,64.4793,63.5359,42.5677,43.0663,85.2079,124.7713,127.8119,154.8004,42.604,-41.336,2.967791,3.594466,1.478463,30,203,130,8,0.14604117,0.04201944,0.00608590,0E-8,0.000000,0.914292,0.640282,0.04207877,2026-03-23,2026-08-04,69,1947,1162,135,0.511111,1.014849,1.012680,0.486804,,,,,,,,GLOBAL_BASELINE_NO_ENTITY_RANKING,,,NOT_APPLICABLE_GLOBAL_BASELINE,HF9g-P5,,,,X 全窗基线 · 不参与实体赏罚,15050227,1506,A168_HF9F_20260827_0900,2026-08-27 09:00:00
2026-04-07,74657362,1318,0,206.0275838584,-44.6960667462,-44.6960667462,0.4000000,5,5,0.50128862000000000,0.501288620000,-0.4529779837142727,-0.4529779837142727,-0.4529779837142727,0E-17,ELIGIBLE,R03b_20260811_FULL_v1,L1_ELIGIBILITY,v2026-08-11,2026-03-21..2026-08-06,baccarat_bet02_101_all_pairs_incl_sentinel,round_win = game_pnl > 0 (decisive only),COMPATIBILITY_ONLY_NOT_PRODUCTION,234885.8996,214754.2105,9869.7735,3689,3015,-0.04201944,-0.00608590,-0.04816467,-0.04201944,-9869.7735,234885.8996,OK,0.0000,394.7909,4.0000,96.0000,AG03-UNRESOLVED,ALL5_LEVELS_bet23_to_bet27,394.7909,394.7909,394.7909,394.7909,394.7909,4.000000,4.000000,4.000000,4.000000,4.000000,96.000000,96.000000,96.000000,96.000000,96.000000,5.0,1973.9547,1822.2297,7895.8188,8047.5438,PENDING_AG03,FALSE,NOT_FOR_ENFORCEMENT,9474.9825,206164.0421,9869.7735,9474.9825,394.7909,0.04201944,0.04033866,394.7909,9474.9825,0.04033866,394.7909,394.7909,394.7909,394.7909,394.7909,9474.9825,0.04033866,1973.9547,1822.2297,7895.8188,8047.5438,0.03361555,0.0342615,0.00168078,63.6720,71.2286,3.2736,143.0402,5.0692,3404.1435,43.6957,64.4793,63.5359,42.5677,43.0663,85.2079,124.7713,127.8119,154.8004,42.604,-41.336,2.967791,3.594466,1.478463,30,203,130,8,0.14604117,0.04201944,0.00608590,0E-8,0.000000,0.914292,0.640282,0.04207877,2026-03-23,2026-08-04,69,1947,1162,135,0.511111,1.014849,1.012680,0.486804,,,,,,,,GLOBAL_BASELINE_NO_ENTITY_RANKING,,,NOT_APPLICABLE_GLOBAL_BASELINE,HF9g-P5,,,,X 全窗基线 · 不参与实体赏罚,15050228,1506,A168_HF9F_20260827_0900,2026-08-27 09:00:00
2026-04-07,74657362,1325,0,42.5676826154,0E-10,0E-10,,1,1,0.50665070000000000,0.506650700000,,,,0E-17,NO_DECISIVE_ROUND,R03b_20260811_FULL_v1,L1_ELIGIBILITY,v2026-08-11,2026-03-21..2026-08-06,baccarat_bet02_101_all_pairs_incl_sentinel,round_win = game_pnl > 0 (decisive only),COMPATIBILITY_ONLY_NOT_PRODUCTION,234885.8996,214754.2105,9869.7735,3689,3015,-0.04201944,-0.00608590,-0.04816467,-0.04201944,-9869.7735,234885.8996,OK,0.0000,394.7909,4.0000,96.0000,AG03-UNRESOLVED,ALL5_LEVELS_bet23_to_bet27,394.7909,394.7909,394.7909,394.7909,394.7909,4.000000,4.000000,4.000000,4.000000,4.000000,96.000000,96.000000,96.000000,96.000000,96.000000,5.0,1973.9547,1822.2297,7895.8188,8047.5438,PENDING_AG03,FALSE,NOT_FOR_ENFORCEMENT,9474.9825,206164.0421,9869.7735,9474.9825,394.7909,0.04201944,0.04033866,394.7909,9474.9825,0.04033866,394.7909,394.7909,394.7909,394.7909,394.7909,9474.9825,0.04033866,1973.9547,1822.2297,7895.8188,8047.5438,0.03361555,0.0342615,0.00168078,63.6720,71.2286,3.2736,143.0402,5.0692,3404.1435,43.6957,64.4793,63.5359,42.5677,43.0663,85.2079,124.7713,127.8119,154.8004,42.604,-41.336,2.967791,3.594466,1.478463,30,203,130,8,0.14604117,0.04201944,0.00608590,0E-8,0.000000,0.914292,0.640282,0.04207877,2026-03-23,2026-08-04,69,1947,1162,135,0.511111,1.014849,1.012680,0.486804,,,,,,,,GLOBAL_BASELINE_NO_ENTITY_RANKING,,,NOT_APPLICABLE_GLOBAL_BASELINE,HF9g-P5,,,,X 全窗基线 · 不参与实体赏罚,15050229,1506,A168_HF9F_20260827_0900,2026-08-27 09:00:00
2026-04-07,74657362,1401,0,85.1353652308,0E-10,0E-10,0.5000000,2,2,0.49324550000000000,0.493245500000,0.01910635448239258,0.01910635448239258,0.01910635448239258,0E-17,ELIGIBLE,R03b_20260811_FULL_v1,L1_ELIGIBILITY,v2026-08-11,2026-03-21..2026-08-06,baccarat_bet02_101_all_pairs_incl_sentinel,round_win = game_pnl > 0 (decisive only),COMPATIBILITY_ONLY_NOT_PRODUCTION,234885.8996,214754.2105,9869.7735,3689,3015,-0.04201944,-0.00608590,-0.04816467,-0.04201944,-9869.7735,234885.8996,OK,0.0000,394.7909,4.0000,96.0000,AG03-UNRESOLVED,ALL5_LEVELS_bet23_to_bet27,394.7909,394.7909,394.7909,394.7909,394.7909,4.000000,4.000000,4.000000,4.000000,4.000000,96.000000,96.000000,96.000000,96.000000,96.000000,5.0,1973.9547,1822.2297,7895.8188,8047.5438,PENDING_AG03,FALSE,NOT_FOR_ENFORCEMENT,9474.9825,206164.0421,9869.7735,9474.9825,394.7909,0.04201944,0.04033866,394.7909,9474.9825,0.04033866,394.7909,394.7909,394.7909,394.7909,394.7909,9474.9825,0.04033866,1973.9547,1822.2297,7895.8188,8047.5438,0.03361555,0.0342615,0.00168078,63.6720,71.2286,3.2736,143.0402,5.0692,3404.1435,43.6957,64.4793,63.5359,42.5677,43.0663,85.2079,124.7713,127.8119,154.8004,42.604,-41.336,2.967791,3.594466,1.478463,30,203,130,8,0.14604117,0.04201944,0.00608590,0E-8,0.000000,0.914292,0.640282,0.04207877,2026-03-23,2026-08-04,69,1947,1162,135,0.511111,1.014849,1.012680,0.486804,,,,,,,,GLOBAL_BASELINE_NO_ENTITY_RANKING,,,NOT_APPLICABLE_GLOBAL_BASELINE,HF9g-P5,,,,X 全窗基线 · 不参与实体赏罚,15050230,1506,A168_HF9F_20260827_0900,2026-08-27 09:00:00
2026-04-07,74657362,1485,0,170.2707304616,85.1353652308,85.1353652308,0.7500000,4,4,0.50665070000000000,0.506650700000,0.9734833216690844,0.9734833216690844,0.9734833216690844,0E-17,ELIGIBLE,R03b_20260811_FULL_v1,L1_ELIGIBILITY,v2026-08-11,2026-03-21..2026-08-06,baccarat_bet02_101_all_pairs_incl_sentinel,round_win = game_pnl > 0 (decisive only),COMPATIBILITY_ONLY_NOT_PRODUCTION,234885.8996,214754.2105,9869.7735,3689,3015,-0.04201944,-0.00608590,-0.04816467,-0.04201944,-9869.7735,234885.8996,OK,0.0000,394.7909,4.0000,96.0000,AG03-UNRESOLVED,ALL5_LEVELS_bet23_to_bet27,394.7909,394.7909,394.7909,394.7909,394.7909,4.000000,4.000000,4.000000,4.000000,4.000000,96.000000,96.000000,96.000000,96.000000,96.000000,5.0,1973.9547,1822.2297,7895.8188,8047.5438,PENDING_AG03,FALSE,NOT_FOR_ENFORCEMENT,9474.9825,206164.0421,9869.7735,9474.9825,394.7909,0.04201944,0.04033866,394.7909,9474.9825,0.04033866,394.7909,394.7909,394.7909,394.7909,394.7909,9474.9825,0.04033866,1973.9547,1822.2297,7895.8188,8047.5438,0.03361555,0.0342615,0.00168078,63.6720,71.2286,3.2736,143.0402,5.0692,3404.1435,43.6957,64.4793,63.5359,42.5677,43.0663,85.2079,124.7713,127.8119,154.8004,42.604,-41.336,2.967791,3.594466,1.478463,30,203,130,8,0.14604117,0.04201944,0.00608590,0E-8,0.000000,0.914292,0.640282,0.04207877,2026-03-23,2026-08-04,69,1947,1162,135,0.511111,1.014849,1.012680,0.486804,,,,,,,,GLOBAL_BASELINE_NO_ENTITY_RANKING,,,NOT_APPLICABLE_GLOBAL_BASELINE,HF9g-P5,,,,X 全窗基线 · 不参与实体赏罚,15050231,1506,A168_HF9F_20260827_0900,2026-08-27 09:00:00
2026-04-07,74657362,1702,0,42.5676826154,-42.5676826154,-42.5676826154,0E-7,1,1,0.49324550000000000,0.493245500000,-0.9865810262130424,-0.9865810262130424,-0.9865810262130424,0E-17,ELIGIBLE,R03b_20260811_FULL_v1,L1_ELIGIBILITY,v2026-08-11,2026-03-21..2026-08-06,baccarat_bet02_101_all_pairs_incl_sentinel,round_win = game_pnl > 0 (decisive only),COMPATIBILITY_ONLY_NOT_PRODUCTION,234885.8996,214754.2105,9869.7735,3689,3015,-0.04201944,-0.00608590,-0.04816467,-0.04201944,-9869.7735,234885.8996,OK,0.0000,394.7909,4.0000,96.0000,AG03-UNRESOLVED,ALL5_LEVELS_bet23_to_bet27,394.7909,394.7909,394.7909,394.7909,394.7909,4.000000,4.000000,4.000000,4.000000,4.000000,96.000000,96.000000,96.000000,96.000000,96.000000,5.0,1973.9547,1822.2297,7895.8188,8047.5438,PENDING_AG03,FALSE,NOT_FOR_ENFORCEMENT,9474.9825,206164.0421,9869.7735,9474.9825,394.7909,0.04201944,0.04033866,394.7909,9474.9825,0.04033866,394.7909,394.7909,394.7909,394.7909,394.7909,9474.9825,0.04033866,1973.9547,1822.2297,7895.8188,8047.5438,0.03361555,0.0342615,0.00168078,63.6720,71.2286,3.2736,143.0402,5.0692,3404.1435,43.6957,64.4793,63.5359,42.5677,43.0663,85.2079,124.7713,127.8119,154.8004,42.604,-41.336,2.967791,3.594466,1.478463,30,203,130,8,0.14604117,0.04201944,0.00608590,0E-8,0.000000,0.914292,0.640282,0.04207877,2026-03-23,2026-08-04,69,1947,1162,135,0.511111,1.014849,1.012680,0.486804,,,,,,,,GLOBAL_BASELINE_NO_ENTITY_RANKING,,,NOT_APPLICABLE_GLOBAL_BASELINE,HF9g-P5,,,,X 全窗基线 · 不参与实体赏罚,15050232,1506,A168_HF9F_20260827_0900,2026-08-27 09:00:00
2026-04-07,74657362,1941,0,28.9460241784,-28.9460241784,-28.9460241784,0E-7,1,1,0.49324550000000000,0.493245500000,-0.9865810262130424,-0.9865810262130424,-0.9865810262130424,0E-17,ELIGIBLE,R03b_20260811_FULL_v1,L1_ELIGIBILITY,v2026-08-11,2026-03-21..2026-08-06,baccarat_bet02_101_all_pairs_incl_sentinel,round_win = game_pnl > 0 (decisive only),COMPATIBILITY_ONLY_NOT_PRODUCTION,234885.8996,214754.2105,9869.7735,3689,3015,-0.04201944,-0.00608590,-0.04816467,-0.04201944,-9869.7735,234885.8996,OK,0.0000,394.7909,4.0000,96.0000,AG03-UNRESOLVED,ALL5_LEVELS_bet23_to_bet27,394.7909,394.7909,394.7909,394.7909,394.7909,4.000000,4.000000,4.000000,4.000000,4.000000,96.000000,96.000000,96.000000,96.000000,96.000000,5.0,1973.9547,1822.2297,7895.8188,8047.5438,PENDING_AG03,FALSE,NOT_FOR_ENFORCEMENT,9474.9825,206164.0421,9869.7735,9474.9825,394.7909,0.04201944,0.04033866,394.7909,9474.9825,0.04033866,394.7909,394.7909,394.7909,394.7909,394.7909,9474.9825,0.04033866,1973.9547,1822.2297,7895.8188,8047.5438,0.03361555,0.0342615,0.00168078,63.6720,71.2286,3.2736,143.0402,5.0692,3404.1435,43.6957,64.4793,63.5359,42.5677,43.0663,85.2079,124.7713,127.8119,154.8004,42.604,-41.336,2.967791,3.594466,1.478463,30,203,130,8,0.14604117,0.04201944,0.00608590,0E-8,0.000000,0.914292,0.640282,0.04207877,2026-03-23,2026-08-04,69,1947,1162,135,0.511111,1.014849,1.012680,0.486804,,,,,,,,GLOBAL_BASELINE_NO_ENTITY_RANKING,,,NOT_APPLICABLE_GLOBAL_BASELINE,HF9g-P5,,,,X 全窗基线 · 不参与实体赏罚,15050233,1506,A168_HF9F_20260827_0900,2026-08-27 09:00:00
2026-04-07,74657362,1942,0,42.5676826154,-42.5676826154,-42.5676826154,0E-7,1,1,0.49324550000000000,0.493245500000,-0.9865810262130424,-0.9865810262130424,-0.9865810262130424,0E-17,ELIGIBLE,R03b_20260811_FULL_v1,L1_ELIGIBILITY,v2026-08-11,2026-03-21..2026-08-06,baccarat_bet02_101_all_pairs_incl_sentinel,round_win = game_pnl > 0 (decisive only),COMPATIBILITY_ONLY_NOT_PRODUCTION,234885.8996,214754.2105,9869.7735,3689,3015,-0.04201944,-0.00608590,-0.04816467,-0.04201944,-9869.7735,234885.8996,OK,0.0000,394.7909,4.0000,96.0000,AG03-UNRESOLVED,ALL5_LEVELS_bet23_to_bet27,394.7909,394.7909,394.7909,394.7909,394.7909,4.000000,4.000000,4.000000,4.000000,4.000000,96.000000,96.000000,96.000000,96.000000,96.000000,5.0,1973.9547,1822.2297,7895.8188,8047.5438,PENDING_AG03,FALSE,NOT_FOR_ENFORCEMENT,9474.9825,206164.0421,9869.7735,9474.9825,394.7909,0.04201944,0.04033866,394.7909,9474.9825,0.04033866,394.7909,394.7909,394.7909,394.7909,394.7909,9474.9825,0.04033866,1973.9547,1822.2297,7895.8188,8047.5438,0.03361555,0.0342615,0.00168078,63.6720,71.2286,3.2736,143.0402,5.0692,3404.1435,43.6957,64.4793,63.5359,42.5677,43.0663,85.2079,124.7713,127.8119,154.8004,42.604,-41.336,2.967791,3.594466,1.478463,30,203,130,8,0.14604117,0.04201944,0.00608590,0E-8,0.000000,0.914292,0.640282,0.04207877,2026-03-23,2026-08-04,69,1947,1162,135,0.511111,1.014849,1.012680,0.486804,,,,,,,,GLOBAL_BASELINE_NO_ENTITY_RANKING,,,NOT_APPLICABLE_GLOBAL_BASELINE,HF9g-P5,,,,X 全窗基线 · 不参与实体赏罚,15050234,1506,A168_HF9F_20260827_0900,2026-08-27 09:00:00
2026-04-07,74657362,1966,0,42.5676826154,-42.5676826154,-42.5676826154,0E-7,1,1,0.49324550000000000,0.493245500000,-0.9865810262130424,-0.9865810262130424,-0.9865810262130424,0E-17,ELIGIBLE,R03b_20260811_FULL_v1,L1_ELIGIBILITY,v2026-08-11,2026-03-21..2026-08-06,baccarat_bet02_101_all_pairs_incl_sentinel,round_win = game_pnl > 0 (decisive only),COMPATIBILITY_ONLY_NOT_PRODUCTION,234885.8996,214754.2105,9869.7735,3689,3015,-0.04201944,-0.00608590,-0.04816467,-0.04201944,-9869.7735,234885.8996,OK,0.0000,394.7909,4.0000,96.0000,AG03-UNRESOLVED,ALL5_LEVELS_bet23_to_bet27,394.7909,394.7909,394.7909,394.7909,394.7909,4.000000,4.000000,4.000000,4.000000,4.000000,96.000000,96.000000,96.000000,96.000000,96.000000,5.0,1973.9547,1822.2297,7895.8188,8047.5438,PENDING_AG03,FALSE,NOT_FOR_ENFORCEMENT,9474.9825,206164.0421,9869.7735,9474.9825,394.7909,0.04201944,0.04033866,394.7909,9474.9825,0.04033866,394.7909,394.7909,394.7909,394.7909,394.7909,9474.9825,0.04033866,1973.9547,1822.2297,7895.8188,8047.5438,0.03361555,0.0342615,0.00168078,63.6720,71.2286,3.2736,143.0402,5.0692,3404.1435,43.6957,64.4793,63.5359,42.5677,43.0663,85.2079,124.7713,127.8119,154.8004,42.604,-41.336,2.967791,3.594466,1.478463,30,203,130,8,0.14604117,0.04201944,0.00608590,0E-8,0.000000,0.914292,0.640282,0.04207877,2026-03-23,2026-08-04,69,1947,1162,135,0.511111,1.014849,1.012680,0.486804,,,,,,,,GLOBAL_BASELINE_NO_ENTITY_RANKING,,,NOT_APPLICABLE_GLOBAL_BASELINE,HF9g-P5,,,,X 全窗基线 · 不参与实体赏罚,15050235,1506,A168_HF9F_20260827_0900,2026-08-27 09:00:00
2026-04-07,74657362,2088,0,85.1353652308,-85.1353652308,-85.1353652308,0E-7,2,2,0.49324550000000000,0.493245500000,-1.3952362676504506,-1.3952362676504506,-1.3952362676504506,0E-17,ELIGIBLE,R03b_20260811_FULL_v1,L1_ELIGIBILITY,v2026-08-11,2026-03-21..2026-08-06,baccarat_bet02_101_all_pairs_incl_sentinel,round_win = game_pnl > 0 (decisive only),COMPATIBILITY_ONLY_NOT_PRODUCTION,234885.8996,214754.2105,9869.7735,3689,3015,-0.04201944,-0.00608590,-0.04816467,-0.04201944,-9869.7735,234885.8996,OK,0.0000,394.7909,4.0000,96.0000,AG03-UNRESOLVED,ALL5_LEVELS_bet23_to_bet27,394.7909,394.7909,394.7909,394.7909,394.7909,4.000000,4.000000,4.000000,4.000000,4.000000,96.000000,96.000000,96.000000,96.000000,96.000000,5.0,1973.9547,1822.2297,7895.8188,8047.5438,PENDING_AG03,FALSE,NOT_FOR_ENFORCEMENT,9474.9825,206164.0421,9869.7735,9474.9825,394.7909,0.04201944,0.04033866,394.7909,9474.9825,0.04033866,394.7909,394.7909,394.7909,394.7909,394.7909,9474.9825,0.04033866,1973.9547,1822.2297,7895.8188,8047.5438,0.03361555,0.0342615,0.00168078,63.6720,71.2286,3.2736,143.0402,5.0692,3404.1435,43.6957,64.4793,63.5359,42.5677,43.0663,85.2079,124.7713,127.8119,154.8004,42.604,-41.336,2.967791,3.594466,1.478463,30,203,130,8,0.14604117,0.04201944,0.00608590,0E-8,0.000000,0.914292,0.640282,0.04207877,2026-03-23,2026-08-04,69,1947,1162,135,0.511111,1.014849,1.012680,0.486804,,,,,,,,GLOBAL_BASELINE_NO_ENTITY_RANKING,,,NOT_APPLICABLE_GLOBAL_BASELINE,HF9g-P5,,,,X 全窗基线 · 不参与实体赏罚,15050236,1506,A168_HF9F_20260827_0900,2026-08-27 09:00:00
2026-04-07,74657362,2093,0,42.5676826154,-42.5676826154,-42.5676826154,0E-7,1,1,0.49324550000000000,0.493245500000,-0.9865810262130424,-0.9865810262130424,-0.9865810262130424,0E-17,ELIGIBLE,R03b_20260811_FULL_v1,L1_ELIGIBILITY,v2026-08-11,2026-03-21..2026-08-06,baccarat_bet02_101_all_pairs_incl_sentinel,round_win = game_pnl > 0 (decisive only),COMPATIBILITY_ONLY_NOT_PRODUCTION,234885.8996,214754.2105,9869.7735,3689,3015,-0.04201944,-0.00608590,-0.04816467,-0.04201944,-9869.7735,234885.8996,OK,0.0000,394.7909,4.0000,96.0000,AG03-UNRESOLVED,ALL5_LEVELS_bet23_to_bet27,394.7909,394.7909,394.7909,394.7909,394.7909,4.000000,4.000000,4.000000,4.000000,4.000000,96.000000,96.000000,96.000000,96.000000,96.000000,5.0,1973.9547,1822.2297,7895.8188,8047.5438,PENDING_AG03,FALSE,NOT_FOR_ENFORCEMENT,9474.9825,206164.0421,9869.7735,9474.9825,394.7909,0.04201944,0.04033866,394.7909,9474.9825,0.04033866,394.7909,394.7909,394.7909,394.7909,394.7909,9474.9825,0.04033866,1973.9547,1822.2297,7895.8188,8047.5438,0.03361555,0.0342615,0.00168078,63.6720,71.2286,3.2736,143.0402,5.0692,3404.1435,43.6957,64.4793,63.5359,42.5677,43.0663,85.2079,124.7713,127.8119,154.8004,42.604,-41.336,2.967791,3.594466,1.478463,30,203,130,8,0.14604117,0.04201944,0.00608590,0E-8,0.000000,0.914292,0.640282,0.04207877,2026-03-23,2026-08-04,69,1947,1162,135,0.511111,1.014849,1.012680,0.486804,,,,,,,,GLOBAL_BASELINE_NO_ENTITY_RANKING,,,NOT_APPLICABLE_GLOBAL_BASELINE,HF9g-P5,,,,X 全窗基线 · 不参与实体赏罚,15050237,1506,A168_HF9F_20260827_0900,2026-08-27 09:00:00
2026-04-07,74657362,2117,0,42.5676826154,-42.5676826154,-42.5676826154,0E-7,1,1,0.49324550000000000,0.493245500000,-0.9865810262130424,-0.9865810262130424,-0.9865810262130424,0E-17,ELIGIBLE,R03b_20260811_FULL_v1,L1_ELIGIBILITY,v2026-08-11,2026-03-21..2026-08-06,baccarat_bet02_101_all_pairs_incl_sentinel,round_win = game_pnl > 0 (decisive only),COMPATIBILITY_ONLY_NOT_PRODUCTION,234885.8996,214754.2105,9869.7735,3689,3015,-0.04201944,-0.00608590,-0.04816467,-0.04201944,-9869.7735,234885.8996,OK,0.0000,394.7909,4.0000,96.0000,AG03-UNRESOLVED,ALL5_LEVELS_bet23_to_bet27,394.7909,394.7909,394.7909,394.7909,394.7909,4.000000,4.000000,4.000000,4.000000,4.000000,96.000000,96.000000,96.000000,96.000000,96.000000,5.0,1973.9547,1822.2297,7895.8188,8047.5438,PENDING_AG03,FALSE,NOT_FOR_ENFORCEMENT,9474.9825,206164.0421,9869.7735,9474.9825,394.7909,0.04201944,0.04033866,394.7909,9474.9825,0.04033866,394.7909,394.7909,394.7909,394.7909,394.7909,9474.9825,0.04033866,1973.9547,1822.2297,7895.8188,8047.5438,0.03361555,0.0342615,0.00168078,63.6720,71.2286,3.2736,143.0402,5.0692,3404.1435,43.6957,64.4793,63.5359,42.5677,43.0663,85.2079,124.7713,127.8119,154.8004,42.604,-41.336,2.967791,3.594466,1.478463,30,203,130,8,0.14604117,0.04201944,0.00608590,0E-8,0.000000,0.914292,0.640282,0.04207877,2026-03-23,2026-08-04,69,1947,1162,135,0.511111,1.014849,1.012680,0.486804,,,,,,,,GLOBAL_BASELINE_NO_ENTITY_RANKING,,,NOT_APPLICABLE_GLOBAL_BASELINE,HF9g-P5,,,,X 全窗基线 · 不参与实体赏罚,15050238,1506,A168_HF9F_20260827_0900,2026-08-27 09:00:00
2026-04-07,74657362,2121,0,127.7030478462,42.5676826154,42.5676826154,0.6666667,3,3,0.49324550000000000,0.493245500000,0.6008033672792107,0.6008033672792106,0.6008033672792107,0E-17,ELIGIBLE,R03b_20260811_FULL_v1,L1_ELIGIBILITY,v2026-08-11,2026-03-21..2026-08-06,baccarat_bet02_101_all_pairs_incl_sentinel,round_win = game_pnl > 0 (decisive only),COMPATIBILITY_ONLY_NOT_PRODUCTION,234885.8996,214754.2105,9869.7735,3689,3015,-0.04201944,-0.00608590,-0.04816467,-0.04201944,-9869.7735,234885.8996,OK,0.0000,394.7909,4.0000,96.0000,AG03-UNRESOLVED,ALL5_LEVELS_bet23_to_bet27,394.7909,394.7909,394.7909,394.7909,394.7909,4.000000,4.000000,4.000000,4.000000,4.000000,96.000000,96.000000,96.000000,96.000000,96.000000,5.0,1973.9547,1822.2297,7895.8188,8047.5438,PENDING_AG03,FALSE,NOT_FOR_ENFORCEMENT,9474.9825,206164.0421,9869.7735,9474.9825,394.7909,0.04201944,0.04033866,394.7909,9474.9825,0.04033866,394.7909,394.7909,394.7909,394.7909,394.7909,9474.9825,0.04033866,1973.9547,1822.2297,7895.8188,8047.5438,0.03361555,0.0342615,0.00168078,63.6720,71.2286,3.2736,143.0402,5.0692,3404.1435,43.6957,64.4793,63.5359,42.5677,43.0663,85.2079,124.7713,127.8119,154.8004,42.604,-41.336,2.967791,3.594466,1.478463,30,203,130,8,0.14604117,0.04201944,0.00608590,0E-8,0.000000,0.914292,0.640282,0.04207877,2026-03-23,2026-08-04,69,1947,1162,135,0.511111,1.014849,1.012680,0.486804,,,,,,,,GLOBAL_BASELINE_NO_ENTITY_RANKING,,,NOT_APPLICABLE_GLOBAL_BASELINE,HF9g-P5,,,,X 全窗基线 · 不参与实体赏罚,15050239,1506,A168_HF9F_20260827_0900,2026-08-27 09:00:00
2026-04-07,74657362,2130,0,170.2707304616,-42.5676826154,-42.5676826154,0.3333333,4,4,0.49659680000000000,0.496596800000,-0.5655743394288276,-0.5655743394288276,-0.5655743394288276,0E-17,ELIGIBLE,R03b_20260811_FULL_v1,L1_ELIGIBILITY,v2026-08-11,2026-03-21..2026-08-06,baccarat_bet02_101_all_pairs_incl_sentinel,round_win = game_pnl > 0 (decisive only),COMPATIBILITY_ONLY_NOT_PRODUCTION,234885.8996,214754.2105,9869.7735,3689,3015,-0.04201944,-0.00608590,-0.04816467,-0.04201944,-9869.7735,234885.8996,OK,0.0000,394.7909,4.0000,96.0000,AG03-UNRESOLVED,ALL5_LEVELS_bet23_to_bet27,394.7909,394.7909,394.7909,394.7909,394.7909,4.000000,4.000000,4.000000,4.000000,4.000000,96.000000,96.000000,96.000000,96.000000,96.000000,5.0,1973.9547,1822.2297,7895.8188,8047.5438,PENDING_AG03,FALSE,NOT_FOR_ENFORCEMENT,9474.9825,206164.0421,9869.7735,9474.9825,394.7909,0.04201944,0.04033866,394.7909,9474.9825,0.04033866,394.7909,394.7909,394.7909,394.7909,394.7909,9474.9825,0.04033866,1973.9547,1822.2297,7895.8188,8047.5438,0.03361555,0.0342615,0.00168078,63.6720,71.2286,3.2736,143.0402,5.0692,3404.1435,43.6957,64.4793,63.5359,42.5677,43.0663,85.2079,124.7713,127.8119,154.8004,42.604,-41.336,2.967791,3.594466,1.478463,30,203,130,8,0.14604117,0.04201944,0.00608590,0E-8,0.000000,0.914292,0.640282,0.04207877,2026-03-23,2026-08-04,69,1947,1162,135,0.511111,1.014849,1.012680,0.486804,,,,,,,,GLOBAL_BASELINE_NO_ENTITY_RANKING,,,NOT_APPLICABLE_GLOBAL_BASELINE,HF9g-P5,,,,X 全窗基线 · 不参与实体赏罚,15050240,1506,A168_HF9F_20260827_0900,2026-08-27 09:00:00
2026-04-07,74657362,2142,0,42.5676826154,42.5676826154,42.5676826154,1.0000000,1,1,0.49324550000000000,0.493245500000,1.01360149184955,1.01360149184955,1.01360149184955,0E-17,ELIGIBLE,R03b_20260811_FULL_v1,L1_ELIGIBILITY,v2026-08-11,2026-03-21..2026-08-06,baccarat_bet02_101_all_pairs_incl_sentinel,round_win = game_pnl > 0 (decisive only),COMPATIBILITY_ONLY_NOT_PRODUCTION,234885.8996,214754.2105,9869.7735,3689,3015,-0.04201944,-0.00608590,-0.04816467,-0.04201944,-9869.7735,234885.8996,OK,0.0000,394.7909,4.0000,96.0000,AG03-UNRESOLVED,ALL5_LEVELS_bet23_to_bet27,394.7909,394.7909,394.7909,394.7909,394.7909,4.000000,4.000000,4.000000,4.000000,4.000000,96.000000,96.000000,96.000000,96.000000,96.000000,5.0,1973.9547,1822.2297,7895.8188,8047.5438,PENDING_AG03,FALSE,NOT_FOR_ENFORCEMENT,9474.9825,206164.0421,9869.7735,9474.9825,394.7909,0.04201944,0.04033866,394.7909,9474.9825,0.04033866,394.7909,394.7909,394.7909,394.7909,394.7909,9474.9825,0.04033866,1973.9547,1822.2297,7895.8188,8047.5438,0.03361555,0.0342615,0.00168078,63.6720,71.2286,3.2736,143.0402,5.0692,3404.1435,43.6957,64.4793,63.5359,42.5677,43.0663,85.2079,124.7713,127.8119,154.8004,42.604,-41.336,2.967791,3.594466,1.478463,30,203,130,8,0.14604117,0.04201944,0.00608590,0E-8,0.000000,0.914292,0.640282,0.04207877,2026-03-23,2026-08-04,69,1947,1162,135,0.511111,1.014849,1.012680,0.486804,,,,,,,,GLOBAL_BASELINE_NO_ENTITY_RANKING,,,NOT_APPLICABLE_GLOBAL_BASELINE,HF9g-P5,,,,X 全窗基线 · 不参与实体赏罚,15050241,1506,A168_HF9F_20260827_0900,2026-08-27 09:00:00
2026-04-07,74657362,2155,0,42.5676826154,-42.5676826154,-42.5676826154,0E-7,1,1,0.49324550000000000,0.493245500000,-0.9865810262130424,-0.9865810262130424,-0.9865810262130424,0E-17,ELIGIBLE,R03b_20260811_FULL_v1,L1_ELIGIBILITY,v2026-08-11,2026-03-21..2026-08-06,baccarat_bet02_101_all_pairs_incl_sentinel,round_win = game_pnl > 0 (decisive only),COMPATIBILITY_ONLY_NOT_PRODUCTION,234885.8996,214754.2105,9869.7735,3689,3015,-0.04201944,-0.00608590,-0.04816467,-0.04201944,-9869.7735,234885.8996,OK,0.0000,394.7909,4.0000,96.0000,AG03-UNRESOLVED,ALL5_LEVELS_bet23_to_bet27,394.7909,394.7909,394.7909,394.7909,394.7909,4.000000,4.000000,4.000000,4.000000,4.000000,96.000000,96.000000,96.000000,96.000000,96.000000,5.0,1973.9547,1822.2297,7895.8188,8047.5438,PENDING_AG03,FALSE,NOT_FOR_ENFORCEMENT,9474.9825,206164.0421,9869.7735,9474.9825,394.7909,0.04201944,0.04033866,394.7909,9474.9825,0.04033866,394.7909,394.7909,394.7909,394.7909,394.7909,9474.9825,0.04033866,1973.9547,1822.2297,7895.8188,8047.5438,0.03361555,0.0342615,0.00168078,63.6720,71.2286,3.2736,143.0402,5.0692,3404.1435,43.6957,64.4793,63.5359,42.5677,43.0663,85.2079,124.7713,127.8119,154.8004,42.604,-41.336,2.967791,3.594466,1.478463,30,203,130,8,0.14604117,0.04201944,0.00608590,0E-8,0.000000,0.914292,0.640282,0.04207877,2026-03-23,2026-08-04,69,1947,1162,135,0.511111,1.014849,1.012680,0.486804,,,,,,,,GLOBAL_BASELINE_NO_ENTITY_RANKING,,,NOT_APPLICABLE_GLOBAL_BASELINE,HF9g-P5,,,,X 全窗基线 · 不参与实体赏罚,15050242,1506,A168_HF9F_20260827_0900,2026-08-27 09:00:00
2026-04-07,74657362,2160,0,42.5676826154,-42.5676826154,-42.5676826154,0E-7,1,1,0.49324550000000000,0.493245500000,-0.9865810262130424,-0.9865810262130424,-0.9865810262130424,0E-17,ELIGIBLE,R03b_20260811_FULL_v1,L1_ELIGIBILITY,v2026-08-11,2026-03-21..2026-08-06,baccarat_bet02_101_all_pairs_incl_sentinel,round_win = game_pnl > 0 (decisive only),COMPATIBILITY_ONLY_NOT_PRODUCTION,234885.8996,214754.2105,9869.7735,3689,3015,-0.04201944,-0.00608590,-0.04816467,-0.04201944,-9869.7735,234885.8996,OK,0.0000,394.7909,4.0000,96.0000,AG03-UNRESOLVED,ALL5_LEVELS_bet23_to_bet27,394.7909,394.7909,394.7909,394.7909,394.7909,4.000000,4.000000,4.000000,4.000000,4.000000,96.000000,96.000000,96.000000,96.000000,96.000000,5.0,1973.9547,1822.2297,7895.8188,8047.5438,PENDING_AG03,FALSE,NOT_FOR_ENFORCEMENT,9474.9825,206164.0421,9869.7735,9474.9825,394.7909,0.04201944,0.04033866,394.7909,9474.9825,0.04033866,394.7909,394.7909,394.7909,394.7909,394.7909,9474.9825,0.04033866,1973.9547,1822.2297,7895.8188,8047.5438,0.03361555,0.0342615,0.00168078,63.6720,71.2286,3.2736,143.0402,5.0692,3404.1435,43.6957,64.4793,63.5359,42.5677,43.0663,85.2079,124.7713,127.8119,154.8004,42.604,-41.336,2.967791,3.594466,1.478463,30,203,130,8,0.14604117,0.04201944,0.00608590,0E-8,0.000000,0.914292,0.640282,0.04207877,2026-03-23,2026-08-04,69,1947,1162,135,0.511111,1.014849,1.012680,0.486804,,,,,,,,GLOBAL_BASELINE_NO_ENTITY_RANKING,,,NOT_APPLICABLE_GLOBAL_BASELINE,HF9g-P5,,,,X 全窗基线 · 不参与实体赏罚,15050243,1506,A168_HF9F_20260827_0900,2026-08-27 09:00:00
2026-04-07,74657362,2167,0,42.5676826154,42.5676826154,42.5676826154,1.0000000,1,1,0.50665070000000000,0.506650700000,0.9867858985152569,0.9867858985152569,0.9867858985152569,0E-17,ELIGIBLE,R03b_20260811_FULL_v1,L1_ELIGIBILITY,v2026-08-11,2026-03-21..2026-08-06,baccarat_bet02_101_all_pairs_incl_sentinel,round_win = game_pnl > 0 (decisive only),COMPATIBILITY_ONLY_NOT_PRODUCTION,234885.8996,214754.2105,9869.7735,3689,3015,-0.04201944,-0.00608590,-0.04816467,-0.04201944,-9869.7735,234885.8996,OK,0.0000,394.7909,4.0000,96.0000,AG03-UNRESOLVED,ALL5_LEVELS_bet23_to_bet27,394.7909,394.7909,394.7909,394.7909,394.7909,4.000000,4.000000,4.000000,4.000000,4.000000,96.000000,96.000000,96.000000,96.000000,96.000000,5.0,1973.9547,1822.2297,7895.8188,8047.5438,PENDING_AG03,FALSE,NOT_FOR_ENFORCEMENT,9474.9825,206164.0421,9869.7735,9474.9825,394.7909,0.04201944,0.04033866,394.7909,9474.9825,0.04033866,394.7909,394.7909,394.7909,394.7909,394.7909,9474.9825,0.04033866,1973.9547,1822.2297,7895.8188,8047.5438,0.03361555,0.0342615,0.00168078,63.6720,71.2286,3.2736,143.0402,5.0692,3404.1435,43.6957,64.4793,63.5359,42.5677,43.0663,85.2079,124.7713,127.8119,154.8004,42.604,-41.336,2.967791,3.594466,1.478463,30,203,130,8,0.14604117,0.04201944,0.00608590,0E-8,0.000000,0.914292,0.640282,0.04207877,2026-03-23,2026-08-04,69,1947,1162,135,0.511111,1.014849,1.012680,0.486804,,,,,,,,GLOBAL_BASELINE_NO_ENTITY_RANKING,,,NOT_APPLICABLE_GLOBAL_BASELINE,HF9g-P5,,,,X 全窗基线 · 不参与实体赏罚,15050244,1506,A168_HF9F_20260827_0900,2026-08-27 09:00:00
2026-04-07,74657362,2175,0,42.5676826154,-42.5676826154,-42.5676826154,0E-7,1,1,0.49324550000000000,0.493245500000,-0.9865810262130424,-0.9865810262130424,-0.9865810262130424,0E-17,ELIGIBLE,R03b_20260811_FULL_v1,L1_ELIGIBILITY,v2026-08-11,2026-03-21..2026-08-06,baccarat_bet02_101_all_pairs_incl_sentinel,round_win = game_pnl > 0 (decisive only),COMPATIBILITY_ONLY_NOT_PRODUCTION,234885.8996,214754.2105,9869.7735,3689,3015,-0.04201944,-0.00608590,-0.04816467,-0.04201944,-9869.7735,234885.8996,OK,0.0000,394.7909,4.0000,96.0000,AG03-UNRESOLVED,ALL5_LEVELS_bet23_to_bet27,394.7909,394.7909,394.7909,394.7909,394.7909,4.000000,4.000000,4.000000,4.000000,4.000000,96.000000,96.000000,96.000000,96.000000,96.000000,5.0,1973.9547,1822.2297,7895.8188,8047.5438,PENDING_AG03,FALSE,NOT_FOR_ENFORCEMENT,9474.9825,206164.0421,9869.7735,9474.9825,394.7909,0.04201944,0.04033866,394.7909,9474.9825,0.04033866,394.7909,394.7909,394.7909,394.7909,394.7909,9474.9825,0.04033866,1973.9547,1822.2297,7895.8188,8047.5438,0.03361555,0.0342615,0.00168078,63.6720,71.2286,3.2736,143.0402,5.0692,3404.1435,43.6957,64.4793,63.5359,42.5677,43.0663,85.2079,124.7713,127.8119,154.8004,42.604,-41.336,2.967791,3.594466,1.478463,30,203,130,8,0.14604117,0.04201944,0.00608590,0E-8,0.000000,0.914292,0.640282,0.04207877,2026-03-23,2026-08-04,69,1947,1162,135,0.511111,1.014849,1.012680,0.486804,,,,,,,,GLOBAL_BASELINE_NO_ENTITY_RANKING,,,NOT_APPLICABLE_GLOBAL_BASELINE,HF9g-P5,,,,X 全窗基线 · 不参与实体赏罚,15050245,1506,A168_HF9F_20260827_0900,2026-08-27 09:00:00
2026-04-07,74657362,2187,0,42.5676826154,-42.5676826154,-42.5676826154,0E-7,1,1,0.49324550000000000,0.493245500000,-0.9865810262130424,-0.9865810262130424,-0.9865810262130424,0E-17,ELIGIBLE,R03b_20260811_FULL_v1,L1_ELIGIBILITY,v2026-08-11,2026-03-21..2026-08-06,baccarat_bet02_101_all_pairs_incl_sentinel,round_win = game_pnl > 0 (decisive only),COMPATIBILITY_ONLY_NOT_PRODUCTION,234885.8996,214754.2105,9869.7735,3689,3015,-0.04201944,-0.00608590,-0.04816467,-0.04201944,-9869.7735,234885.8996,OK,0.0000,394.7909,4.0000,96.0000,AG03-UNRESOLVED,ALL5_LEVELS_bet23_to_bet27,394.7909,394.7909,394.7909,394.7909,394.7909,4.000000,4.000000,4.000000,4.000000,4.000000,96.000000,96.000000,96.000000,96.000000,96.000000,5.0,1973.9547,1822.2297,7895.8188,8047.5438,PENDING_AG03,FALSE,NOT_FOR_ENFORCEMENT,9474.9825,206164.0421,9869.7735,9474.9825,394.7909,0.04201944,0.04033866,394.7909,9474.9825,0.04033866,394.7909,394.7909,394.7909,394.7909,394.7909,9474.9825,0.04033866,1973.9547,1822.2297,7895.8188,8047.5438,0.03361555,0.0342615,0.00168078,63.6720,71.2286,3.2736,143.0402,5.0692,3404.1435,43.6957,64.4793,63.5359,42.5677,43.0663,85.2079,124.7713,127.8119,154.8004,42.604,-41.336,2.967791,3.594466,1.478463,30,203,130,8,0.14604117,0.04201944,0.00608590,0E-8,0.000000,0.914292,0.640282,0.04207877,2026-03-23,2026-08-04,69,1947,1162,135,0.511111,1.014849,1.012680,0.486804,,,,,,,,GLOBAL_BASELINE_NO_ENTITY_RANKING,,,NOT_APPLICABLE_GLOBAL_BASELINE,HF9g-P5,,,,X 全窗基线 · 不参与实体赏罚,15050246,1506,A168_HF9F_20260827_0900,2026-08-27 09:00:00
2026-04-07,74657362,2188,0,85.1353652308,-42.5676826154,-42.5676826154,0E-7,2,2,0.49324550000000000,0.493245500000,-0.9865810262130424,-0.9865810262130424,-0.9865810262130424,0E-17,ELIGIBLE,R03b_20260811_FULL_v1,L1_ELIGIBILITY,v2026-08-11,2026-03-21..2026-08-06,baccarat_bet02_101_all_pairs_incl_sentinel,round_win = game_pnl > 0 (decisive only),COMPATIBILITY_ONLY_NOT_PRODUCTION,234885.8996,214754.2105,9869.7735,3689,3015,-0.04201944,-0.00608590,-0.04816467,-0.04201944,-9869.7735,234885.8996,OK,0.0000,394.7909,4.0000,96.0000,AG03-UNRESOLVED,ALL5_LEVELS_bet23_to_bet27,394.7909,394.7909,394.7909,394.7909,394.7909,4.000000,4.000000,4.000000,4.000000,4.000000,96.000000,96.000000,96.000000,96.000000,96.000000,5.0,1973.9547,1822.2297,7895.8188,8047.5438,PENDING_AG03,FALSE,NOT_FOR_ENFORCEMENT,9474.9825,206164.0421,9869.7735,9474.9825,394.7909,0.04201944,0.04033866,394.7909,9474.9825,0.04033866,394.7909,394.7909,394.7909,394.7909,394.7909,9474.9825,0.04033866,1973.9547,1822.2297,7895.8188,8047.5438,0.03361555,0.0342615,0.00168078,63.6720,71.2286,3.2736,143.0402,5.0692,3404.1435,43.6957,64.4793,63.5359,42.5677,43.0663,85.2079,124.7713,127.8119,154.8004,42.604,-41.336,2.967791,3.594466,1.478463,30,203,130,8,0.14604117,0.04201944,0.00608590,0E-8,0.000000,0.914292,0.640282,0.04207877,2026-03-23,2026-08-04,69,1947,1162,135,0.511111,1.014849,1.012680,0.486804,,,,,,,,GLOBAL_BASELINE_NO_ENTITY_RANKING,,,NOT_APPLICABLE_GLOBAL_BASELINE,HF9g-P5,,,,X 全窗基线 · 不参与实体赏罚,15050247,1506,A168_HF9F_20260827_0900,2026-08-27 09:00:00
2026-04-07,74657362,2222,0,85.1353652308,0E-10,0E-10,0.5000000,2,2,0.49994810000000000,0.499948100000,0.00014679536856514622,0.00014679536856514622,0.00014679536856514622,0E-17,ELIGIBLE,R03b_20260811_FULL_v1,L1_ELIGIBILITY,v2026-08-11,2026-03-21..2026-08-06,baccarat_bet02_101_all_pairs_incl_sentinel,round_win = game_pnl > 0 (decisive only),COMPATIBILITY_ONLY_NOT_PRODUCTION,234885.8996,214754.2105,9869.7735,3689,3015,-0.04201944,-0.00608590,-0.04816467,-0.04201944,-9869.7735,234885.8996,OK,0.0000,394.7909,4.0000,96.0000,AG03-UNRESOLVED,ALL5_LEVELS_bet23_to_bet27,394.7909,394.7909,394.7909,394.7909,394.7909,4.000000,4.000000,4.000000,4.000000,4.000000,96.000000,96.000000,96.000000,96.000000,96.000000,5.0,1973.9547,1822.2297,7895.8188,8047.5438,PENDING_AG03,FALSE,NOT_FOR_ENFORCEMENT,9474.9825,206164.0421,9869.7735,9474.9825,394.7909,0.04201944,0.04033866,394.7909,9474.9825,0.04033866,394.7909,394.7909,394.7909,394.7909,394.7909,9474.9825,0.04033866,1973.9547,1822.2297,7895.8188,8047.5438,0.03361555,0.0342615,0.00168078,63.6720,71.2286,3.2736,143.0402,5.0692,3404.1435,43.6957,64.4793,63.5359,42.5677,43.0663,85.2079,124.7713,127.8119,154.8004,42.604,-41.336,2.967791,3.594466,1.478463,30,203,130,8,0.14604117,0.04201944,0.00608590,0E-8,0.000000,0.914292,0.640282,0.04207877,2026-03-23,2026-08-04,69,1947,1162,135,0.511111,1.014849,1.012680,0.486804,,,,,,,,GLOBAL_BASELINE_NO_ENTITY_RANKING,,,NOT_APPLICABLE_GLOBAL_BASELINE,HF9g-P5,,,,X 全窗基线 · 不参与实体赏罚,15050248,1506,A168_HF9F_20260827_0900,2026-08-27 09:00:00
2026-04-07,74657362,2229,0,170.2707304615,-85.1353652307,-85.1353652307,0.3333333,3,3,0.50218230000000000,0.502182300000,-0.5849155494134425,-0.5849155494134426,-0.5849155494134425,0E-17,ELIGIBLE,R03b_20260811_FULL_v1,L1_ELIGIBILITY,v2026-08-11,2026-03-21..2026-08-06,baccarat_bet02_101_all_pairs_incl_sentinel,round_win = game_pnl > 0 (decisive only),COMPATIBILITY_ONLY_NOT_PRODUCTION,234885.8996,214754.2105,9869.7735,3689,3015,-0.04201944,-0.00608590,-0.04816467,-0.04201944,-9869.7735,234885.8996,OK,0.0000,394.7909,4.0000,96.0000,AG03-UNRESOLVED,ALL5_LEVELS_bet23_to_bet27,394.7909,394.7909,394.7909,394.7909,394.7909,4.000000,4.000000,4.000000,4.000000,4.000000,96.000000,96.000000,96.000000,96.000000,96.000000,5.0,1973.9547,1822.2297,7895.8188,8047.5438,PENDING_AG03,FALSE,NOT_FOR_ENFORCEMENT,9474.9825,206164.0421,9869.7735,9474.9825,394.7909,0.04201944,0.04033866,394.7909,9474.9825,0.04033866,394.7909,394.7909,394.7909,394.7909,394.7909,9474.9825,0.04033866,1973.9547,1822.2297,7895.8188,8047.5438,0.03361555,0.0342615,0.00168078,63.6720,71.2286,3.2736,143.0402,5.0692,3404.1435,43.6957,64.4793,63.5359,42.5677,43.0663,85.2079,124.7713,127.8119,154.8004,42.604,-41.336,2.967791,3.594466,1.478463,30,203,130,8,0.14604117,0.04201944,0.00608590,0E-8,0.000000,0.914292,0.640282,0.04207877,2026-03-23,2026-08-04,69,1947,1162,135,0.511111,1.014849,1.012680,0.486804,,,,,,,,GLOBAL_BASELINE_NO_ENTITY_RANKING,,,NOT_APPLICABLE_GLOBAL_BASELINE,HF9g-P5,,,,X 全窗基线 · 不参与实体赏罚,15050249,1506,A168_HF9F_20260827_0900,2026-08-27 09:00:00
2026-04-07,74657362,2244,0,42.5676826154,42.5676826154,42.5676826154,1.0000000,1,1,0.49324550000000000,0.493245500000,1.01360149184955,1.01360149184955,1.01360149184955,0E-17,ELIGIBLE,R03b_20260811_FULL_v1,L1_ELIGIBILITY,v2026-08-11,2026-03-21..2026-08-06,baccarat_bet02_101_all_pairs_incl_sentinel,round_win = game_pnl > 0 (decisive only),COMPATIBILITY_ONLY_NOT_PRODUCTION,234885.8996,214754.2105,9869.7735,3689,3015,-0.04201944,-0.00608590,-0.04816467,-0.04201944,-9869.7735,234885.8996,OK,0.0000,394.7909,4.0000,96.0000,AG03-UNRESOLVED,ALL5_LEVELS_bet23_to_bet27,394.7909,394.7909,394.7909,394.7909,394.7909,4.000000,4.000000,4.000000,4.000000,4.000000,96.000000,96.000000,96.000000,96.000000,96.000000,5.0,1973.9547,1822.2297,7895.8188,8047.5438,PENDING_AG03,FALSE,NOT_FOR_ENFORCEMENT,9474.9825,206164.0421,9869.7735,9474.9825,394.7909,0.04201944,0.04033866,394.7909,9474.9825,0.04033866,394.7909,394.7909,394.7909,394.7909,394.7909,9474.9825,0.04033866,1973.9547,1822.2297,7895.8188,8047.5438,0.03361555,0.0342615,0.00168078,63.6720,71.2286,3.2736,143.0402,5.0692,3404.1435,43.6957,64.4793,63.5359,42.5677,43.0663,85.2079,124.7713,127.8119,154.8004,42.604,-41.336,2.967791,3.594466,1.478463,30,203,130,8,0.14604117,0.04201944,0.00608590,0E-8,0.000000,0.914292,0.640282,0.04207877,2026-03-23,2026-08-04,69,1947,1162,135,0.511111,1.014849,1.012680,0.486804,,,,,,,,GLOBAL_BASELINE_NO_ENTITY_RANKING,,,NOT_APPLICABLE_GLOBAL_BASELINE,HF9g-P5,,,,X 全窗基线 · 不参与实体赏罚,15050250,1506,A168_HF9F_20260827_0900,2026-08-27 09:00:00
2026-04-07,74657362,2248,0,170.2707304616,-42.5676826154,-42.5676826154,0.3333333,4,4,0.50329940000000000,0.503299400000,-0.5887925454369916,-0.5887925454369916,-0.5887925454369916,0E-17,ELIGIBLE,R03b_20260811_FULL_v1,L1_ELIGIBILITY,v2026-08-11,2026-03-21..2026-08-06,baccarat_bet02_101_all_pairs_incl_sentinel,round_win = game_pnl > 0 (decisive only),COMPATIBILITY_ONLY_NOT_PRODUCTION,234885.8996,214754.2105,9869.7735,3689,3015,-0.04201944,-0.00608590,-0.04816467,-0.04201944,-9869.7735,234885.8996,OK,0.0000,394.7909,4.0000,96.0000,AG03-UNRESOLVED,ALL5_LEVELS_bet23_to_bet27,394.7909,394.7909,394.7909,394.7909,394.7909,4.000000,4.000000,4.000000,4.000000,4.000000,96.000000,96.000000,96.000000,96.000000,96.000000,5.0,1973.9547,1822.2297,7895.8188,8047.5438,PENDING_AG03,FALSE,NOT_FOR_ENFORCEMENT,9474.9825,206164.0421,9869.7735,9474.9825,394.7909,0.04201944,0.04033866,394.7909,9474.9825,0.04033866,394.7909,394.7909,394.7909,394.7909,394.7909,9474.9825,0.04033866,1973.9547,1822.2297,7895.8188,8047.5438,0.03361555,0.0342615,0.00168078,63.6720,71.2286,3.2736,143.0402,5.0692,3404.1435,43.6957,64.4793,63.5359,42.5677,43.0663,85.2079,124.7713,127.8119,154.8004,42.604,-41.336,2.967791,3.594466,1.478463,30,203,130,8,0.14604117,0.04201944,0.00608590,0E-8,0.000000,0.914292,0.640282,0.04207877,2026-03-23,2026-08-04,69,1947,1162,135,0.511111,1.014849,1.012680,0.486804,,,,,,,,GLOBAL_BASELINE_NO_ENTITY_RANKING,,,NOT_APPLICABLE_GLOBAL_BASELINE,HF9g-P5,,,,X 全窗基线 · 不参与实体赏罚,15050251,1506,A168_HF9F_20260827_0900,2026-08-27 09:00:00
2026-04-07,74657362,2256,0,120.8922186277,-6.8108292185,-6.8108292185,0.5000000,3,3,0.50218230000000000,0.502182300000,-0.00617253530718887,-0.00617253530718887,-0.00617253530718887,0E-17,ELIGIBLE,R03b_20260811_FULL_v1,L1_ELIGIBILITY,v2026-08-11,2026-03-21..2026-08-06,baccarat_bet02_101_all_pairs_incl_sentinel,round_win = game_pnl > 0 (decisive only),COMPATIBILITY_ONLY_NOT_PRODUCTION,234885.8996,214754.2105,9869.7735,3689,3015,-0.04201944,-0.00608590,-0.04816467,-0.04201944,-9869.7735,234885.8996,OK,0.0000,394.7909,4.0000,96.0000,AG03-UNRESOLVED,ALL5_LEVELS_bet23_to_bet27,394.7909,394.7909,394.7909,394.7909,394.7909,4.000000,4.000000,4.000000,4.000000,4.000000,96.000000,96.000000,96.000000,96.000000,96.000000,5.0,1973.9547,1822.2297,7895.8188,8047.5438,PENDING_AG03,FALSE,NOT_FOR_ENFORCEMENT,9474.9825,206164.0421,9869.7735,9474.9825,394.7909,0.04201944,0.04033866,394.7909,9474.9825,0.04033866,394.7909,394.7909,394.7909,394.7909,394.7909,9474.9825,0.04033866,1973.9547,1822.2297,7895.8188,8047.5438,0.03361555,0.0342615,0.00168078,63.6720,71.2286,3.2736,143.0402,5.0692,3404.1435,43.6957,64.4793,63.5359,42.5677,43.0663,85.2079,124.7713,127.8119,154.8004,42.604,-41.336,2.967791,3.594466,1.478463,30,203,130,8,0.14604117,0.04201944,0.00608590,0E-8,0.000000,0.914292,0.640282,0.04207877,2026-03-23,2026-08-04,69,1947,1162,135,0.511111,1.014849,1.012680,0.486804,,,,,,,,GLOBAL_BASELINE_NO_ENTITY_RANKING,,,NOT_APPLICABLE_GLOBAL_BASELINE,HF9g-P5,,,,X 全窗基线 · 不参与实体赏罚,15050252,1506,A168_HF9F_20260827_0900,2026-08-27 09:00:00
2026-04-07,74657362,763,0,127.7030478461,-85.1353652307,-85.1353652307,0E-7,2,2,0.49324550000000000,0.493245500000,-0.9865810262130424,-0.9865810262130424,-0.9865810262130424,0E-17,ELIGIBLE,R03b_20260811_FULL_v1,L1_ELIGIBILITY,v2026-08-11,2026-03-21..2026-08-06,baccarat_bet02_101_all_pairs_incl_sentinel,round_win = game_pnl > 0 (decisive only),COMPATIBILITY_ONLY_NOT_PRODUCTION,234885.8996,214754.2105,9869.7735,3689,3015,-0.04201944,-0.00608590,-0.04816467,-0.04201944,-9869.7735,234885.8996,OK,0.0000,394.7909,4.0000,96.0000,AG03-UNRESOLVED,ALL5_LEVELS_bet23_to_bet27,394.7909,394.7909,394.7909,394.7909,394.7909,4.000000,4.000000,4.000000,4.000000,4.000000,96.000000,96.000000,96.000000,96.000000,96.000000,5.0,1973.9547,1822.2297,7895.8188,8047.5438,PENDING_AG03,FALSE,NOT_FOR_ENFORCEMENT,9474.9825,206164.0421,9869.7735,9474.9825,394.7909,0.04201944,0.04033866,394.7909,9474.9825,0.04033866,394.7909,394.7909,394.7909,394.7909,394.7909,9474.9825,0.04033866,1973.9547,1822.2297,7895.8188,8047.5438,0.03361555,0.0342615,0.00168078,63.6720,71.2286,3.2736,143.0402,5.0692,3404.1435,43.6957,64.4793,63.5359,42.5677,43.0663,85.2079,124.7713,127.8119,154.8004,42.604,-41.336,2.967791,3.594466,1.478463,30,203,130,8,0.14604117,0.04201944,0.00608590,0E-8,0.000000,0.914292,0.640282,0.04207877,2026-03-23,2026-08-04,69,1947,1162,135,0.511111,1.014849,1.012680,0.486804,,,,,,,,GLOBAL_BASELINE_NO_ENTITY_RANKING,,,NOT_APPLICABLE_GLOBAL_BASELINE,HF9g-P5,,,,X 全窗基线 · 不参与实体赏罚,15050253,1506,A168_HF9F_20260827_0900,2026-08-27 09:00:00
2026-04-07,74657362,994,0,255.4060956922,-1E-10,-1E-10,0.3333333,4,4,0.50329940000000000,0.503299400000,-0.5887925454369916,-0.5887925454369916,-0.5887925454369916,0E-17,ELIGIBLE,R03b_20260811_FULL_v1,L1_ELIGIBILITY,v2026-08-11,2026-03-21..2026-08-06,baccarat_bet02_101_all_pairs_incl_sentinel,round_win = game_pnl > 0 (decisive only),COMPATIBILITY_ONLY_NOT_PRODUCTION,234885.8996,214754.2105,9869.7735,3689,3015,-0.04201944,-0.00608590,-0.04816467,-0.04201944,-9869.7735,234885.8996,OK,0.0000,394.7909,4.0000,96.0000,AG03-UNRESOLVED,ALL5_LEVELS_bet23_to_bet27,394.7909,394.7909,394.7909,394.7909,394.7909,4.000000,4.000000,4.000000,4.000000,4.000000,96.000000,96.000000,96.000000,96.000000,96.000000,5.0,1973.9547,1822.2297,7895.8188,8047.5438,PENDING_AG03,FALSE,NOT_FOR_ENFORCEMENT,9474.9825,206164.0421,9869.7735,9474.9825,394.7909,0.04201944,0.04033866,394.7909,9474.9825,0.04033866,394.7909,394.7909,394.7909,394.7909,394.7909,9474.9825,0.04033866,1973.9547,1822.2297,7895.8188,8047.5438,0.03361555,0.0342615,0.00168078,63.6720,71.2286,3.2736,143.0402,5.0692,3404.1435,43.6957,64.4793,63.5359,42.5677,43.0663,85.2079,124.7713,127.8119,154.8004,42.604,-41.336,2.967791,3.594466,1.478463,30,203,130,8,0.14604117,0.04201944,0.00608590,0E-8,0.000000,0.914292,0.640282,0.04207877,2026-03-23,2026-08-04,69,1947,1162,135,0.511111,1.014849,1.012680,0.486804,,,,,,,,GLOBAL_BASELINE_NO_ENTITY_RANKING,,,NOT_APPLICABLE_GLOBAL_BASELINE,HF9g-P5,,,,X 全窗基线 · 不参与实体赏罚,15050254,1506,A168_HF9F_20260827_0900,2026-08-27 09:00:00
2026-04-24,74657362,-1,1,979.0567001542,-106.4192065385,-106.4192065385,0.4444444,23,23,0.49557683913043478,0.495576839130,-0.4338897341244595,-0.4338897341207736,-0.4338897341244595,4.3478E-13,SENTINEL_DEALER,R03b_20260811_FULL_v1,L1_ELIGIBILITY,v2026-08-11,2026-03-21..2026-08-06,baccarat_bet02_101_all_pairs_incl_sentinel,round_win = game_pnl > 0 (decisive only),COMPATIBILITY_ONLY_NOT_PRODUCTION,234885.8996,214754.2105,9869.7735,3689,3015,-0.04201944,-0.00608590,-0.04816467,-0.04201944,-9869.7735,234885.8996,OK,0.0000,394.7909,4.0000,96.0000,AG03-UNRESOLVED,ALL5_LEVELS_bet23_to_bet27,394.7909,394.7909,394.7909,394.7909,394.7909,4.000000,4.000000,4.000000,4.000000,4.000000,96.000000,96.000000,96.000000,96.000000,96.000000,5.0,1973.9547,1822.2297,7895.8188,8047.5438,PENDING_AG03,FALSE,NOT_FOR_ENFORCEMENT,9474.9825,206164.0421,9869.7735,9474.9825,394.7909,0.04201944,0.04033866,394.7909,9474.9825,0.04033866,394.7909,394.7909,394.7909,394.7909,394.7909,9474.9825,0.04033866,1973.9547,1822.2297,7895.8188,8047.5438,0.03361555,0.0342615,0.00168078,63.6720,71.2286,3.2736,143.0402,5.0692,3404.1435,43.6957,64.4793,63.5359,42.5677,43.0663,85.2079,124.7713,127.8119,154.8004,42.604,-41.336,2.967791,3.594466,1.478463,30,203,130,8,0.14604117,0.04201944,0.00608590,0E-8,0.000000,0.914292,0.640282,0.04207877,2026-03-23,2026-08-04,69,1947,1162,135,0.511111,1.014849,1.012680,0.486804,,,,,,,,GLOBAL_BASELINE_NO_ENTITY_RANKING,,,NOT_APPLICABLE_GLOBAL_BASELINE,HF9g-P5,,,,X 全窗基线 · 不参与实体赏罚,15050255,1506,A168_HF9F_20260827_0900,2026-08-27 09:00:00
2026-04-24,74657362,1004,0,85.1353652308,0E-10,0E-10,0.5000000,2,2,0.49324550000000000,0.493245500000,0.01910635448239258,0.01910635448239258,0.01910635448239258,0E-17,ELIGIBLE,R03b_20260811_FULL_v1,L1_ELIGIBILITY,v2026-08-11,2026-03-21..2026-08-06,baccarat_bet02_101_all_pairs_incl_sentinel,round_win = game_pnl > 0 (decisive only),COMPATIBILITY_ONLY_NOT_PRODUCTION,234885.8996,214754.2105,9869.7735,3689,3015,-0.04201944,-0.00608590,-0.04816467,-0.04201944,-9869.7735,234885.8996,OK,0.0000,394.7909,4.0000,96.0000,AG03-UNRESOLVED,ALL5_LEVELS_bet23_to_bet27,394.7909,394.7909,394.7909,394.7909,394.7909,4.000000,4.000000,4.000000,4.000000,4.000000,96.000000,96.000000,96.000000,96.000000,96.000000,5.0,1973.9547,1822.2297,7895.8188,8047.5438,PENDING_AG03,FALSE,NOT_FOR_ENFORCEMENT,9474.9825,206164.0421,9869.7735,9474.9825,394.7909,0.04201944,0.04033866,394.7909,9474.9825,0.04033866,394.7909,394.7909,394.7909,394.7909,394.7909,9474.9825,0.04033866,1973.9547,1822.2297,7895.8188,8047.5438,0.03361555,0.0342615,0.00168078,63.6720,71.2286,3.2736,143.0402,5.0692,3404.1435,43.6957,64.4793,63.5359,42.5677,43.0663,85.2079,124.7713,127.8119,154.8004,42.604,-41.336,2.967791,3.594466,1.478463,30,203,130,8,0.14604117,0.04201944,0.00608590,0E-8,0.000000,0.914292,0.640282,0.04207877,2026-03-23,2026-08-04,69,1947,1162,135,0.511111,1.014849,1.012680,0.486804,,,,,,,,GLOBAL_BASELINE_NO_ENTITY_RANKING,,,NOT_APPLICABLE_GLOBAL_BASELINE,HF9g-P5,,,,X 全窗基线 · 不参与实体赏罚,15050256,1506,A168_HF9F_20260827_0900,2026-08-27 09:00:00
2026-04-24,74657362,1017,0,42.5676826154,42.5676826154,42.5676826154,1.0000000,1,1,0.49324550000000000,0.493245500000,1.01360149184955,1.01360149184955,1.01360149184955,0E-17,ELIGIBLE,R03b_20260811_FULL_v1,L1_ELIGIBILITY,v2026-08-11,2026-03-21..2026-08-06,baccarat_bet02_101_all_pairs_incl_sentinel,round_win = game_pnl > 0 (decisive only),COMPATIBILITY_ONLY_NOT_PRODUCTION,234885.8996,214754.2105,9869.7735,3689,3015,-0.04201944,-0.00608590,-0.04816467,-0.04201944,-9869.7735,234885.8996,OK,0.0000,394.7909,4.0000,96.0000,AG03-UNRESOLVED,ALL5_LEVELS_bet23_to_bet27,394.7909,394.7909,394.7909,394.7909,394.7909,4.000000,4.000000,4.000000,4.000000,4.000000,96.000000,96.000000,96.000000,96.000000,96.000000,5.0,1973.9547,1822.2297,7895.8188,8047.5438,PENDING_AG03,FALSE,NOT_FOR_ENFORCEMENT,9474.9825,206164.0421,9869.7735,9474.9825,394.7909,0.04201944,0.04033866,394.7909,9474.9825,0.04033866,394.7909,394.7909,394.7909,394.7909,394.7909,9474.9825,0.04033866,1973.9547,1822.2297,7895.8188,8047.5438,0.03361555,0.0342615,0.00168078,63.6720,71.2286,3.2736,143.0402,5.0692,3404.1435,43.6957,64.4793,63.5359,42.5677,43.0663,85.2079,124.7713,127.8119,154.8004,42.604,-41.336,2.967791,3.594466,1.478463,30,203,130,8,0.14604117,0.04201944,0.00608590,0E-8,0.000000,0.914292,0.640282,0.04207877,2026-03-23,2026-08-04,69,1947,1162,135,0.511111,1.014849,1.012680,0.486804,,,,,,,,GLOBAL_BASELINE_NO_ENTITY_RANKING,,,NOT_APPLICABLE_GLOBAL_BASELINE,HF9g-P5,,,,X 全窗基线 · 不参与实体赏罚,15050257,1506,A168_HF9F_20260827_0900,2026-08-27 09:00:00
2026-04-24,74657362,1318,0,85.1353652308,-85.1353652308,-85.1353652308,0E-7,2,2,0.49994810000000000,0.499948100000,-1.4140667746232096,-1.4140667746232096,-1.4140667746232096,0E-17,ELIGIBLE,R03b_20260811_FULL_v1,L1_ELIGIBILITY,v2026-08-11,2026-03-21..2026-08-06,baccarat_bet02_101_all_pairs_incl_sentinel,round_win = game_pnl > 0 (decisive only),COMPATIBILITY_ONLY_NOT_PRODUCTION,234885.8996,214754.2105,9869.7735,3689,3015,-0.04201944,-0.00608590,-0.04816467,-0.04201944,-9869.7735,234885.8996,OK,0.0000,394.7909,4.0000,96.0000,AG03-UNRESOLVED,ALL5_LEVELS_bet23_to_bet27,394.7909,394.7909,394.7909,394.7909,394.7909,4.000000,4.000000,4.000000,4.000000,4.000000,96.000000,96.000000,96.000000,96.000000,96.000000,5.0,1973.9547,1822.2297,7895.8188,8047.5438,PENDING_AG03,FALSE,NOT_FOR_ENFORCEMENT,9474.9825,206164.0421,9869.7735,9474.9825,394.7909,0.04201944,0.04033866,394.7909,9474.9825,0.04033866,394.7909,394.7909,394.7909,394.7909,394.7909,9474.9825,0.04033866,1973.9547,1822.2297,7895.8188,8047.5438,0.03361555,0.0342615,0.00168078,63.6720,71.2286,3.2736,143.0402,5.0692,3404.1435,43.6957,64.4793,63.5359,42.5677,43.0663,85.2079,124.7713,127.8119,154.8004,42.604,-41.336,2.967791,3.594466,1.478463,30,203,130,8,0.14604117,0.04201944,0.00608590,0E-8,0.000000,0.914292,0.640282,0.04207877,2026-03-23,2026-08-04,69,1947,1162,135,0.511111,1.014849,1.012680,0.486804,,,,,,,,GLOBAL_BASELINE_NO_ENTITY_RANKING,,,NOT_APPLICABLE_GLOBAL_BASELINE,HF9g-P5,,,,X 全窗基线 · 不参与实体赏罚,15050258,1506,A168_HF9F_20260827_0900,2026-08-27 09:00:00
2026-04-24,74657362,1325,0,42.5676826154,-42.5676826154,-42.5676826154,0E-7,1,1,0.49324550000000000,0.493245500000,-0.9865810262130424,-0.9865810262130424,-0.9865810262130424,0E-17,ELIGIBLE,R03b_20260811_FULL_v1,L1_ELIGIBILITY,v2026-08-11,2026-03-21..2026-08-06,baccarat_bet02_101_all_pairs_incl_sentinel,round_win = game_pnl > 0 (decisive only),COMPATIBILITY_ONLY_NOT_PRODUCTION,234885.8996,214754.2105,9869.7735,3689,3015,-0.04201944,-0.00608590,-0.04816467,-0.04201944,-9869.7735,234885.8996,OK,0.0000,394.7909,4.0000,96.0000,AG03-UNRESOLVED,ALL5_LEVELS_bet23_to_bet27,394.7909,394.7909,394.7909,394.7909,394.7909,4.000000,4.000000,4.000000,4.000000,4.000000,96.000000,96.000000,96.000000,96.000000,96.000000,5.0,1973.9547,1822.2297,7895.8188,8047.5438,PENDING_AG03,FALSE,NOT_FOR_ENFORCEMENT,9474.9825,206164.0421,9869.7735,9474.9825,394.7909,0.04201944,0.04033866,394.7909,9474.9825,0.04033866,394.7909,394.7909,394.7909,394.7909,394.7909,9474.9825,0.04033866,1973.9547,1822.2297,7895.8188,8047.5438,0.03361555,0.0342615,0.00168078,63.6720,71.2286,3.2736,143.0402,5.0692,3404.1435,43.6957,64.4793,63.5359,42.5677,43.0663,85.2079,124.7713,127.8119,154.8004,42.604,-41.336,2.967791,3.594466,1.478463,30,203,130,8,0.14604117,0.04201944,0.00608590,0E-8,0.000000,0.914292,0.640282,0.04207877,2026-03-23,2026-08-04,69,1947,1162,135,0.511111,1.014849,1.012680,0.486804,,,,,,,,GLOBAL_BASELINE_NO_ENTITY_RANKING,,,NOT_APPLICABLE_GLOBAL_BASELINE,HF9g-P5,,,,X 全窗基线 · 不参与实体赏罚,15050259,1506,A168_HF9F_20260827_0900,2026-08-27 09:00:00
2026-04-24,74657362,1353,0,127.7030478462,42.5676826154,42.5676826154,0.6666667,3,3,0.49771390000000000,0.497713900000,0.5852756695216578,0.5852756695216578,0.5852756695216578,0E-17,ELIGIBLE,R03b_20260811_FULL_v1,L1_ELIGIBILITY,v2026-08-11,2026-03-21..2026-08-06,baccarat_bet02_101_all_pairs_incl_sentinel,round_win = game_pnl > 0 (decisive only),COMPATIBILITY_ONLY_NOT_PRODUCTION,234885.8996,214754.2105,9869.7735,3689,3015,-0.04201944,-0.00608590,-0.04816467,-0.04201944,-9869.7735,234885.8996,OK,0.0000,394.7909,4.0000,96.0000,AG03-UNRESOLVED,ALL5_LEVELS_bet23_to_bet27,394.7909,394.7909,394.7909,394.7909,394.7909,4.000000,4.000000,4.000000,4.000000,4.000000,96.000000,96.000000,96.000000,96.000000,96.000000,5.0,1973.9547,1822.2297,7895.8188,8047.5438,PENDING_AG03,FALSE,NOT_FOR_ENFORCEMENT,9474.9825,206164.0421,9869.7735,9474.9825,394.7909,0.04201944,0.04033866,394.7909,9474.9825,0.04033866,394.7909,394.7909,394.7909,394.7909,394.7909,9474.9825,0.04033866,1973.9547,1822.2297,7895.8188,8047.5438,0.03361555,0.0342615,0.00168078,63.6720,71.2286,3.2736,143.0402,5.0692,3404.1435,43.6957,64.4793,63.5359,42.5677,43.0663,85.2079,124.7713,127.8119,154.8004,42.604,-41.336,2.967791,3.594466,1.478463,30,203,130,8,0.14604117,0.04201944,0.00608590,0E-8,0.000000,0.914292,0.640282,0.04207877,2026-03-23,2026-08-04,69,1947,1162,135,0.511111,1.014849,1.012680,0.486804,,,,,,,,GLOBAL_BASELINE_NO_ENTITY_RANKING,,,NOT_APPLICABLE_GLOBAL_BASELINE,HF9g-P5,,,,X 全窗基线 · 不参与实体赏罚,15050260,1506,A168_HF9F_20260827_0900,2026-08-27 09:00:00
2026-04-24,74657362,1400,0,42.5676826154,-42.5676826154,-42.5676826154,0E-7,1,1,0.50665070000000000,0.506650700000,-1.013391052207602,-1.013391052207602,-1.013391052207602,0E-17,ELIGIBLE,R03b_20260811_FULL_v1,L1_ELIGIBILITY,v2026-08-11,2026-03-21..2026-08-06,baccarat_bet02_101_all_pairs_incl_sentinel,round_win = game_pnl > 0 (decisive only),COMPATIBILITY_ONLY_NOT_PRODUCTION,234885.8996,214754.2105,9869.7735,3689,3015,-0.04201944,-0.00608590,-0.04816467,-0.04201944,-9869.7735,234885.8996,OK,0.0000,394.7909,4.0000,96.0000,AG03-UNRESOLVED,ALL5_LEVELS_bet23_to_bet27,394.7909,394.7909,394.7909,394.7909,394.7909,4.000000,4.000000,4.000000,4.000000,4.000000,96.000000,96.000000,96.000000,96.000000,96.000000,5.0,1973.9547,1822.2297,7895.8188,8047.5438,PENDING_AG03,FALSE,NOT_FOR_ENFORCEMENT,9474.9825,206164.0421,9869.7735,9474.9825,394.7909,0.04201944,0.04033866,394.7909,9474.9825,0.04033866,394.7909,394.7909,394.7909,394.7909,394.7909,9474.9825,0.04033866,1973.9547,1822.2297,7895.8188,8047.5438,0.03361555,0.0342615,0.00168078,63.6720,71.2286,3.2736,143.0402,5.0692,3404.1435,43.6957,64.4793,63.5359,42.5677,43.0663,85.2079,124.7713,127.8119,154.8004,42.604,-41.336,2.967791,3.594466,1.478463,30,203,130,8,0.14604117,0.04201944,0.00608590,0E-8,0.000000,0.914292,0.640282,0.04207877,2026-03-23,2026-08-04,69,1947,1162,135,0.511111,1.014849,1.012680,0.486804,,,,,,,,GLOBAL_BASELINE_NO_ENTITY_RANKING,,,NOT_APPLICABLE_GLOBAL_BASELINE,HF9g-P5,,,,X 全窗基线 · 不参与实体赏罚,15050261,1506,A168_HF9F_20260827_0900,2026-08-27 09:00:00
2026-04-24,74657362,1505,0,85.1353652308,0E-10,0E-10,0.5000000,2,2,0.49324550000000000,0.493245500000,0.01910635448239258,0.01910635448239258,0.01910635448239258,0E-17,ELIGIBLE,R03b_20260811_FULL_v1,L1_ELIGIBILITY,v2026-08-11,2026-03-21..2026-08-06,baccarat_bet02_101_all_pairs_incl_sentinel,round_win = game_pnl > 0 (decisive only),COMPATIBILITY_ONLY_NOT_PRODUCTION,234885.8996,214754.2105,9869.7735,3689,3015,-0.04201944,-0.00608590,-0.04816467,-0.04201944,-9869.7735,234885.8996,OK,0.0000,394.7909,4.0000,96.0000,AG03-UNRESOLVED,ALL5_LEVELS_bet23_to_bet27,394.7909,394.7909,394.7909,394.7909,394.7909,4.000000,4.000000,4.000000,4.000000,4.000000,96.000000,96.000000,96.000000,96.000000,96.000000,5.0,1973.9547,1822.2297,7895.8188,8047.5438,PENDING_AG03,FALSE,NOT_FOR_ENFORCEMENT,9474.9825,206164.0421,9869.7735,9474.9825,394.7909,0.04201944,0.04033866,394.7909,9474.9825,0.04033866,394.7909,394.7909,394.7909,394.7909,394.7909,9474.9825,0.04033866,1973.9547,1822.2297,7895.8188,8047.5438,0.03361555,0.0342615,0.00168078,63.6720,71.2286,3.2736,143.0402,5.0692,3404.1435,43.6957,64.4793,63.5359,42.5677,43.0663,85.2079,124.7713,127.8119,154.8004,42.604,-41.336,2.967791,3.594466,1.478463,30,203,130,8,0.14604117,0.04201944,0.00608590,0E-8,0.000000,0.914292,0.640282,0.04207877,2026-03-23,2026-08-04,69,1947,1162,135,0.511111,1.014849,1.012680,0.486804,,,,,,,,GLOBAL_BASELINE_NO_ENTITY_RANKING,,,NOT_APPLICABLE_GLOBAL_BASELINE,HF9g-P5,,,,X 全窗基线 · 不参与实体赏罚,15050262,1506,A168_HF9F_20260827_0900,2026-08-27 09:00:00
2026-04-24,74657362,1623,0,42.5676826154,-42.5676826154,-42.5676826154,0E-7,1,1,0.49324550000000000,0.493245500000,-0.9865810262130424,-0.9865810262130424,-0.9865810262130424,0E-17,ELIGIBLE,R03b_20260811_FULL_v1,L1_ELIGIBILITY,v2026-08-11,2026-03-21..2026-08-06,baccarat_bet02_101_all_pairs_incl_sentinel,round_win = game_pnl > 0 (decisive only),COMPATIBILITY_ONLY_NOT_PRODUCTION,234885.8996,214754.2105,9869.7735,3689,3015,-0.04201944,-0.00608590,-0.04816467,-0.04201944,-9869.7735,234885.8996,OK,0.0000,394.7909,4.0000,96.0000,AG03-UNRESOLVED,ALL5_LEVELS_bet23_to_bet27,394.7909,394.7909,394.7909,394.7909,394.7909,4.000000,4.000000,4.000000,4.000000,4.000000,96.000000,96.000000,96.000000,96.000000,96.000000,5.0,1973.9547,1822.2297,7895.8188,8047.5438,PENDING_AG03,FALSE,NOT_FOR_ENFORCEMENT,9474.9825,206164.0421,9869.7735,9474.9825,394.7909,0.04201944,0.04033866,394.7909,9474.9825,0.04033866,394.7909,394.7909,394.7909,394.7909,394.7909,9474.9825,0.04033866,1973.9547,1822.2297,7895.8188,8047.5438,0.03361555,0.0342615,0.00168078,63.6720,71.2286,3.2736,143.0402,5.0692,3404.1435,43.6957,64.4793,63.5359,42.5677,43.0663,85.2079,124.7713,127.8119,154.8004,42.604,-41.336,2.967791,3.594466,1.478463,30,203,130,8,0.14604117,0.04201944,0.00608590,0E-8,0.000000,0.914292,0.640282,0.04207877,2026-03-23,2026-08-04,69,1947,1162,135,0.511111,1.014849,1.012680,0.486804,,,,,,,,GLOBAL_BASELINE_NO_ENTITY_RANKING,,,NOT_APPLICABLE_GLOBAL_BASELINE,HF9g-P5,,,,X 全窗基线 · 不参与实体赏罚,15050263,1506,A168_HF9F_20260827_0900,2026-08-27 09:00:00
2026-04-24,74657362,1654,0,42.5676826154,-42.5676826154,-42.5676826154,0E-7,1,1,0.49324550000000000,0.493245500000,-0.9865810262130424,-0.9865810262130424,-0.9865810262130424,0E-17,ELIGIBLE,R03b_20260811_FULL_v1,L1_ELIGIBILITY,v2026-08-11,2026-03-21..2026-08-06,baccarat_bet02_101_all_pairs_incl_sentinel,round_win = game_pnl > 0 (decisive only),COMPATIBILITY_ONLY_NOT_PRODUCTION,234885.8996,214754.2105,9869.7735,3689,3015,-0.04201944,-0.00608590,-0.04816467,-0.04201944,-9869.7735,234885.8996,OK,0.0000,394.7909,4.0000,96.0000,AG03-UNRESOLVED,ALL5_LEVELS_bet23_to_bet27,394.7909,394.7909,394.7909,394.7909,394.7909,4.000000,4.000000,4.000000,4.000000,4.000000,96.000000,96.000000,96.000000,96.000000,96.000000,5.0,1973.9547,1822.2297,7895.8188,8047.5438,PENDING_AG03,FALSE,NOT_FOR_ENFORCEMENT,9474.9825,206164.0421,9869.7735,9474.9825,394.7909,0.04201944,0.04033866,394.7909,9474.9825,0.04033866,394.7909,394.7909,394.7909,394.7909,394.7909,9474.9825,0.04033866,1973.9547,1822.2297,7895.8188,8047.5438,0.03361555,0.0342615,0.00168078,63.6720,71.2286,3.2736,143.0402,5.0692,3404.1435,43.6957,64.4793,63.5359,42.5677,43.0663,85.2079,124.7713,127.8119,154.8004,42.604,-41.336,2.967791,3.594466,1.478463,30,203,130,8,0.14604117,0.04201944,0.00608590,0E-8,0.000000,0.914292,0.640282,0.04207877,2026-03-23,2026-08-04,69,1947,1162,135,0.511111,1.014849,1.012680,0.486804,,,,,,,,GLOBAL_BASELINE_NO_ENTITY_RANKING,,,NOT_APPLICABLE_GLOBAL_BASELINE,HF9g-P5,,,,X 全窗基线 · 不参与实体赏罚,15050264,1506,A168_HF9F_20260827_0900,2026-08-27 09:00:00
2026-04-24,74657362,1951,0,42.5676826154,42.5676826154,42.5676826154,1.0000000,1,1,0.49324550000000000,0.493245500000,1.01360149184955,1.01360149184955,1.01360149184955,0E-17,ELIGIBLE,R03b_20260811_FULL_v1,L1_ELIGIBILITY,v2026-08-11,2026-03-21..2026-08-06,baccarat_bet02_101_all_pairs_incl_sentinel,round_win = game_pnl > 0 (decisive only),COMPATIBILITY_ONLY_NOT_PRODUCTION,234885.8996,214754.2105,9869.7735,3689,3015,-0.04201944,-0.00608590,-0.04816467,-0.04201944,-9869.7735,234885.8996,OK,0.0000,394.7909,4.0000,96.0000,AG03-UNRESOLVED,ALL5_LEVELS_bet23_to_bet27,394.7909,394.7909,394.7909,394.7909,394.7909,4.000000,4.000000,4.000000,4.000000,4.000000,96.000000,96.000000,96.000000,96.000000,96.000000,5.0,1973.9547,1822.2297,7895.8188,8047.5438,PENDING_AG03,FALSE,NOT_FOR_ENFORCEMENT,9474.9825,206164.0421,9869.7735,9474.9825,394.7909,0.04201944,0.04033866,394.7909,9474.9825,0.04033866,394.7909,394.7909,394.7909,394.7909,394.7909,9474.9825,0.04033866,1973.9547,1822.2297,7895.8188,8047.5438,0.03361555,0.0342615,0.00168078,63.6720,71.2286,3.2736,143.0402,5.0692,3404.1435,43.6957,64.4793,63.5359,42.5677,43.0663,85.2079,124.7713,127.8119,154.8004,42.604,-41.336,2.967791,3.594466,1.478463,30,203,130,8,0.14604117,0.04201944,0.00608590,0E-8,0.000000,0.914292,0.640282,0.04207877,2026-03-23,2026-08-04,69,1947,1162,135,0.511111,1.014849,1.012680,0.486804,,,,,,,,GLOBAL_BASELINE_NO_ENTITY_RANKING,,,NOT_APPLICABLE_GLOBAL_BASELINE,HF9g-P5,,,,X 全窗基线 · 不参与实体赏罚,15050265,1506,A168_HF9F_20260827_0900,2026-08-27 09:00:00
2026-04-24,74657362,2093,0,127.7030478462,-42.5676826154,-42.5676826154,0.3333333,3,3,0.49771390000000000,0.497713900000,-0.5694369385616226,-0.5694369385616226,-0.5694369385616226,0E-17,ELIGIBLE,R03b_20260811_FULL_v1,L1_ELIGIBILITY,v2026-08-11,2026-03-21..2026-08-06,baccarat_bet02_101_all_pairs_incl_sentinel,round_win = game_pnl > 0 (decisive only),COMPATIBILITY_ONLY_NOT_PRODUCTION,234885.8996,214754.2105,9869.7735,3689,3015,-0.04201944,-0.00608590,-0.04816467,-0.04201944,-9869.7735,234885.8996,OK,0.0000,394.7909,4.0000,96.0000,AG03-UNRESOLVED,ALL5_LEVELS_bet23_to_bet27,394.7909,394.7909,394.7909,394.7909,394.7909,4.000000,4.000000,4.000000,4.000000,4.000000,96.000000,96.000000,96.000000,96.000000,96.000000,5.0,1973.9547,1822.2297,7895.8188,8047.5438,PENDING_AG03,FALSE,NOT_FOR_ENFORCEMENT,9474.9825,206164.0421,9869.7735,9474.9825,394.7909,0.04201944,0.04033866,394.7909,9474.9825,0.04033866,394.7909,394.7909,394.7909,394.7909,394.7909,9474.9825,0.04033866,1973.9547,1822.2297,7895.8188,8047.5438,0.03361555,0.0342615,0.00168078,63.6720,71.2286,3.2736,143.0402,5.0692,3404.1435,43.6957,64.4793,63.5359,42.5677,43.0663,85.2079,124.7713,127.8119,154.8004,42.604,-41.336,2.967791,3.594466,1.478463,30,203,130,8,0.14604117,0.04201944,0.00608590,0E-8,0.000000,0.914292,0.640282,0.04207877,2026-03-23,2026-08-04,69,1947,1162,135,0.511111,1.014849,1.012680,0.486804,,,,,,,,GLOBAL_BASELINE_NO_ENTITY_RANKING,,,NOT_APPLICABLE_GLOBAL_BASELINE,HF9g-P5,,,,X 全窗基线 · 不参与实体赏罚,15050266,1506,A168_HF9F_20260827_0900,2026-08-27 09:00:00
2026-04-24,74657362,2108,0,42.5676826154,-42.5676826154,-42.5676826154,0E-7,1,1,0.49324550000000000,0.493245500000,-0.9865810262130424,-0.9865810262130424,-0.9865810262130424,0E-17,ELIGIBLE,R03b_20260811_FULL_v1,L1_ELIGIBILITY,v2026-08-11,2026-03-21..2026-08-06,baccarat_bet02_101_all_pairs_incl_sentinel,round_win = game_pnl > 0 (decisive only),COMPATIBILITY_ONLY_NOT_PRODUCTION,234885.8996,214754.2105,9869.7735,3689,3015,-0.04201944,-0.00608590,-0.04816467,-0.04201944,-9869.7735,234885.8996,OK,0.0000,394.7909,4.0000,96.0000,AG03-UNRESOLVED,ALL5_LEVELS_bet23_to_bet27,394.7909,394.7909,394.7909,394.7909,394.7909,4.000000,4.000000,4.000000,4.000000,4.000000,96.000000,96.000000,96.000000,96.000000,96.000000,5.0,1973.9547,1822.2297,7895.8188,8047.5438,PENDING_AG03,FALSE,NOT_FOR_ENFORCEMENT,9474.9825,206164.0421,9869.7735,9474.9825,394.7909,0.04201944,0.04033866,394.7909,9474.9825,0.04033866,394.7909,394.7909,394.7909,394.7909,394.7909,9474.9825,0.04033866,1973.9547,1822.2297,7895.8188,8047.5438,0.03361555,0.0342615,0.00168078,63.6720,71.2286,3.2736,143.0402,5.0692,3404.1435,43.6957,64.4793,63.5359,42.5677,43.0663,85.2079,124.7713,127.8119,154.8004,42.604,-41.336,2.967791,3.594466,1.478463,30,203,130,8,0.14604117,0.04201944,0.00608590,0E-8,0.000000,0.914292,0.640282,0.04207877,2026-03-23,2026-08-04,69,1947,1162,135,0.511111,1.014849,1.012680,0.486804,,,,,,,,GLOBAL_BASELINE_NO_ENTITY_RANKING,,,NOT_APPLICABLE_GLOBAL_BASELINE,HF9g-P5,,,,X 全窗基线 · 不参与实体赏罚,15050267,1506,A168_HF9F_20260827_0900,2026-08-27 09:00:00
2026-04-24,74657362,2121,0,127.7030478461,-42.5676826153,-42.5676826153,0.5000000,2,2,0.49324550000000000,0.493245500000,0.01910635448239258,0.01910635448239258,0.01910635448239258,0E-17,ELIGIBLE,R03b_20260811_FULL_v1,L1_ELIGIBILITY,v2026-08-11,2026-03-21..2026-08-06,baccarat_bet02_101_all_pairs_incl_sentinel,round_win = game_pnl > 0 (decisive only),COMPATIBILITY_ONLY_NOT_PRODUCTION,234885.8996,214754.2105,9869.7735,3689,3015,-0.04201944,-0.00608590,-0.04816467,-0.04201944,-9869.7735,234885.8996,OK,0.0000,394.7909,4.0000,96.0000,AG03-UNRESOLVED,ALL5_LEVELS_bet23_to_bet27,394.7909,394.7909,394.7909,394.7909,394.7909,4.000000,4.000000,4.000000,4.000000,4.000000,96.000000,96.000000,96.000000,96.000000,96.000000,5.0,1973.9547,1822.2297,7895.8188,8047.5438,PENDING_AG03,FALSE,NOT_FOR_ENFORCEMENT,9474.9825,206164.0421,9869.7735,9474.9825,394.7909,0.04201944,0.04033866,394.7909,9474.9825,0.04033866,394.7909,394.7909,394.7909,394.7909,394.7909,9474.9825,0.04033866,1973.9547,1822.2297,7895.8188,8047.5438,0.03361555,0.0342615,0.00168078,63.6720,71.2286,3.2736,143.0402,5.0692,3404.1435,43.6957,64.4793,63.5359,42.5677,43.0663,85.2079,124.7713,127.8119,154.8004,42.604,-41.336,2.967791,3.594466,1.478463,30,203,130,8,0.14604117,0.04201944,0.00608590,0E-8,0.000000,0.914292,0.640282,0.04207877,2026-03-23,2026-08-04,69,1947,1162,135,0.511111,1.014849,1.012680,0.486804,,,,,,,,GLOBAL_BASELINE_NO_ENTITY_RANKING,,,NOT_APPLICABLE_GLOBAL_BASELINE,HF9g-P5,,,,X 全窗基线 · 不参与实体赏罚,15050268,1506,A168_HF9F_20260827_0900,2026-08-27 09:00:00
2026-04-24,74657362,2141,0,127.7030478462,-127.7030478462,-127.7030478462,0E-7,3,3,0.49324550000000000,0.493245500000,-1.708808463184432,-1.7088084631844318,-1.708808463184432,0E-17,ELIGIBLE,R03b_20260811_FULL_v1,L1_ELIGIBILITY,v2026-08-11,2026-03-21..2026-08-06,baccarat_bet02_101_all_pairs_incl_sentinel,round_win = game_pnl > 0 (decisive only),COMPATIBILITY_ONLY_NOT_PRODUCTION,234885.8996,214754.2105,9869.7735,3689,3015,-0.04201944,-0.00608590,-0.04816467,-0.04201944,-9869.7735,234885.8996,OK,0.0000,394.7909,4.0000,96.0000,AG03-UNRESOLVED,ALL5_LEVELS_bet23_to_bet27,394.7909,394.7909,394.7909,394.7909,394.7909,4.000000,4.000000,4.000000,4.000000,4.000000,96.000000,96.000000,96.000000,96.000000,96.000000,5.0,1973.9547,1822.2297,7895.8188,8047.5438,PENDING_AG03,FALSE,NOT_FOR_ENFORCEMENT,9474.9825,206164.0421,9869.7735,9474.9825,394.7909,0.04201944,0.04033866,394.7909,9474.9825,0.04033866,394.7909,394.7909,394.7909,394.7909,394.7909,9474.9825,0.04033866,1973.9547,1822.2297,7895.8188,8047.5438,0.03361555,0.0342615,0.00168078,63.6720,71.2286,3.2736,143.0402,5.0692,3404.1435,43.6957,64.4793,63.5359,42.5677,43.0663,85.2079,124.7713,127.8119,154.8004,42.604,-41.336,2.967791,3.594466,1.478463,30,203,130,8,0.14604117,0.04201944,0.00608590,0E-8,0.000000,0.914292,0.640282,0.04207877,2026-03-23,2026-08-04,69,1947,1162,135,0.511111,1.014849,1.012680,0.486804,,,,,,,,GLOBAL_BASELINE_NO_ENTITY_RANKING,,,NOT_APPLICABLE_GLOBAL_BASELINE,HF9g-P5,,,,X 全窗基线 · 不参与实体赏罚,15050269,1506,A168_HF9F_20260827_0900,2026-08-27 09:00:00
2026-04-24,74657362,2145,0,42.5676826154,42.5676826154,42.5676826154,1.0000000,1,1,0.49324550000000000,0.493245500000,1.01360149184955,1.01360149184955,1.01360149184955,0E-17,ELIGIBLE,R03b_20260811_FULL_v1,L1_ELIGIBILITY,v2026-08-11,2026-03-21..2026-08-06,baccarat_bet02_101_all_pairs_incl_sentinel,round_win = game_pnl > 0 (decisive only),COMPATIBILITY_ONLY_NOT_PRODUCTION,234885.8996,214754.2105,9869.7735,3689,3015,-0.04201944,-0.00608590,-0.04816467,-0.04201944,-9869.7735,234885.8996,OK,0.0000,394.7909,4.0000,96.0000,AG03-UNRESOLVED,ALL5_LEVELS_bet23_to_bet27,394.7909,394.7909,394.7909,394.7909,394.7909,4.000000,4.000000,4.000000,4.000000,4.000000,96.000000,96.000000,96.000000,96.000000,96.000000,5.0,1973.9547,1822.2297,7895.8188,8047.5438,PENDING_AG03,FALSE,NOT_FOR_ENFORCEMENT,9474.9825,206164.0421,9869.7735,9474.9825,394.7909,0.04201944,0.04033866,394.7909,9474.9825,0.04033866,394.7909,394.7909,394.7909,394.7909,394.7909,9474.9825,0.04033866,1973.9547,1822.2297,7895.8188,8047.5438,0.03361555,0.0342615,0.00168078,63.6720,71.2286,3.2736,143.0402,5.0692,3404.1435,43.6957,64.4793,63.5359,42.5677,43.0663,85.2079,124.7713,127.8119,154.8004,42.604,-41.336,2.967791,3.594466,1.478463,30,203,130,8,0.14604117,0.04201944,0.00608590,0E-8,0.000000,0.914292,0.640282,0.04207877,2026-03-23,2026-08-04,69,1947,1162,135,0.511111,1.014849,1.012680,0.486804,,,,,,,,GLOBAL_BASELINE_NO_ENTITY_RANKING,,,NOT_APPLICABLE_GLOBAL_BASELINE,HF9g-P5,,,,X 全窗基线 · 不参与实体赏罚,15050270,1506,A168_HF9F_20260827_0900,2026-08-27 09:00:00
2026-04-24,74657362,2153,0,42.5676826154,-42.5676826154,-42.5676826154,0E-7,1,1,0.49324550000000000,0.493245500000,-0.9865810262130424,-0.9865810262130424,-0.9865810262130424,0E-17,ELIGIBLE,R03b_20260811_FULL_v1,L1_ELIGIBILITY,v2026-08-11,2026-03-21..2026-08-06,baccarat_bet02_101_all_pairs_incl_sentinel,round_win = game_pnl > 0 (decisive only),COMPATIBILITY_ONLY_NOT_PRODUCTION,234885.8996,214754.2105,9869.7735,3689,3015,-0.04201944,-0.00608590,-0.04816467,-0.04201944,-9869.7735,234885.8996,OK,0.0000,394.7909,4.0000,96.0000,AG03-UNRESOLVED,ALL5_LEVELS_bet23_to_bet27,394.7909,394.7909,394.7909,394.7909,394.7909,4.000000,4.000000,4.000000,4.000000,4.000000,96.000000,96.000000,96.000000,96.000000,96.000000,5.0,1973.9547,1822.2297,7895.8188,8047.5438,PENDING_AG03,FALSE,NOT_FOR_ENFORCEMENT,9474.9825,206164.0421,9869.7735,9474.9825,394.7909,0.04201944,0.04033866,394.7909,9474.9825,0.04033866,394.7909,394.7909,394.7909,394.7909,394.7909,9474.9825,0.04033866,1973.9547,1822.2297,7895.8188,8047.5438,0.03361555,0.0342615,0.00168078,63.6720,71.2286,3.2736,143.0402,5.0692,3404.1435,43.6957,64.4793,63.5359,42.5677,43.0663,85.2079,124.7713,127.8119,154.8004,42.604,-41.336,2.967791,3.594466,1.478463,30,203,130,8,0.14604117,0.04201944,0.00608590,0E-8,0.000000,0.914292,0.640282,0.04207877,2026-03-23,2026-08-04,69,1947,1162,135,0.511111,1.014849,1.012680,0.486804,,,,,,,,GLOBAL_BASELINE_NO_ENTITY_RANKING,,,NOT_APPLICABLE_GLOBAL_BASELINE,HF9g-P5,,,,X 全窗基线 · 不参与实体赏罚,15050271,1506,A168_HF9F_20260827_0900,2026-08-27 09:00:00
2026-04-24,74657362,2155,0,85.1353652308,85.1353652308,85.1353652308,1.0000000,2,2,0.49324550000000000,0.493245500000,1.4334489766152358,1.4334489766152358,1.4334489766152358,0E-17,ELIGIBLE,R03b_20260811_FULL_v1,L1_ELIGIBILITY,v2026-08-11,2026-03-21..2026-08-06,baccarat_bet02_101_all_pairs_incl_sentinel,round_win = game_pnl > 0 (decisive only),COMPATIBILITY_ONLY_NOT_PRODUCTION,234885.8996,214754.2105,9869.7735,3689,3015,-0.04201944,-0.00608590,-0.04816467,-0.04201944,-9869.7735,234885.8996,OK,0.0000,394.7909,4.0000,96.0000,AG03-UNRESOLVED,ALL5_LEVELS_bet23_to_bet27,394.7909,394.7909,394.7909,394.7909,394.7909,4.000000,4.000000,4.000000,4.000000,4.000000,96.000000,96.000000,96.000000,96.000000,96.000000,5.0,1973.9547,1822.2297,7895.8188,8047.5438,PENDING_AG03,FALSE,NOT_FOR_ENFORCEMENT,9474.9825,206164.0421,9869.7735,9474.9825,394.7909,0.04201944,0.04033866,394.7909,9474.9825,0.04033866,394.7909,394.7909,394.7909,394.7909,394.7909,9474.9825,0.04033866,1973.9547,1822.2297,7895.8188,8047.5438,0.03361555,0.0342615,0.00168078,63.6720,71.2286,3.2736,143.0402,5.0692,3404.1435,43.6957,64.4793,63.5359,42.5677,43.0663,85.2079,124.7713,127.8119,154.8004,42.604,-41.336,2.967791,3.594466,1.478463,30,203,130,8,0.14604117,0.04201944,0.00608590,0E-8,0.000000,0.914292,0.640282,0.04207877,2026-03-23,2026-08-04,69,1947,1162,135,0.511111,1.014849,1.012680,0.486804,,,,,,,,GLOBAL_BASELINE_NO_ENTITY_RANKING,,,NOT_APPLICABLE_GLOBAL_BASELINE,HF9g-P5,,,,X 全窗基线 · 不参与实体赏罚,15050272,1506,A168_HF9F_20260827_0900,2026-08-27 09:00:00
2026-04-24,74657362,2156,0,190.7032181169,-20.4324876553,-20.4324876553,0.5000000,4,4,0.49994810000000000,0.499948100000,0.00020760000111838688,0.00020760000111838688,0.00020760000111838688,0E-17,ELIGIBLE,R03b_20260811_FULL_v1,L1_ELIGIBILITY,v2026-08-11,2026-03-21..2026-08-06,baccarat_bet02_101_all_pairs_incl_sentinel,round_win = game_pnl > 0 (decisive only),COMPATIBILITY_ONLY_NOT_PRODUCTION,234885.8996,214754.2105,9869.7735,3689,3015,-0.04201944,-0.00608590,-0.04816467,-0.04201944,-9869.7735,234885.8996,OK,0.0000,394.7909,4.0000,96.0000,AG03-UNRESOLVED,ALL5_LEVELS_bet23_to_bet27,394.7909,394.7909,394.7909,394.7909,394.7909,4.000000,4.000000,4.000000,4.000000,4.000000,96.000000,96.000000,96.000000,96.000000,96.000000,5.0,1973.9547,1822.2297,7895.8188,8047.5438,PENDING_AG03,FALSE,NOT_FOR_ENFORCEMENT,9474.9825,206164.0421,9869.7735,9474.9825,394.7909,0.04201944,0.04033866,394.7909,9474.9825,0.04033866,394.7909,394.7909,394.7909,394.7909,394.7909,9474.9825,0.04033866,1973.9547,1822.2297,7895.8188,8047.5438,0.03361555,0.0342615,0.00168078,63.6720,71.2286,3.2736,143.0402,5.0692,3404.1435,43.6957,64.4793,63.5359,42.5677,43.0663,85.2079,124.7713,127.8119,154.8004,42.604,-41.336,2.967791,3.594466,1.478463,30,203,130,8,0.14604117,0.04201944,0.00608590,0E-8,0.000000,0.914292,0.640282,0.04207877,2026-03-23,2026-08-04,69,1947,1162,135,0.511111,1.014849,1.012680,0.486804,,,,,,,,GLOBAL_BASELINE_NO_ENTITY_RANKING,,,NOT_APPLICABLE_GLOBAL_BASELINE,HF9g-P5,,,,X 全窗基线 · 不参与实体赏罚,15050273,1506,A168_HF9F_20260827_0900,2026-08-27 09:00:00
2026-04-24,74657362,2188,0,127.7030478462,-42.5676826154,-42.5676826154,0.3333333,3,3,0.49324550000000000,0.493245500000,-0.5540025479526107,-0.5540025479526106,-0.5540025479526107,0E-17,ELIGIBLE,R03b_20260811_FULL_v1,L1_ELIGIBILITY,v2026-08-11,2026-03-21..2026-08-06,baccarat_bet02_101_all_pairs_incl_sentinel,round_win = game_pnl > 0 (decisive only),COMPATIBILITY_ONLY_NOT_PRODUCTION,234885.8996,214754.2105,9869.7735,3689,3015,-0.04201944,-0.00608590,-0.04816467,-0.04201944,-9869.7735,234885.8996,OK,0.0000,394.7909,4.0000,96.0000,AG03-UNRESOLVED,ALL5_LEVELS_bet23_to_bet27,394.7909,394.7909,394.7909,394.7909,394.7909,4.000000,4.000000,4.000000,4.000000,4.000000,96.000000,96.000000,96.000000,96.000000,96.000000,5.0,1973.9547,1822.2297,7895.8188,8047.5438,PENDING_AG03,FALSE,NOT_FOR_ENFORCEMENT,9474.9825,206164.0421,9869.7735,9474.9825,394.7909,0.04201944,0.04033866,394.7909,9474.9825,0.04033866,394.7909,394.7909,394.7909,394.7909,394.7909,9474.9825,0.04033866,1973.9547,1822.2297,7895.8188,8047.5438,0.03361555,0.0342615,0.00168078,63.6720,71.2286,3.2736,143.0402,5.0692,3404.1435,43.6957,64.4793,63.5359,42.5677,43.0663,85.2079,124.7713,127.8119,154.8004,42.604,-41.336,2.967791,3.594466,1.478463,30,203,130,8,0.14604117,0.04201944,0.00608590,0E-8,0.000000,0.914292,0.640282,0.04207877,2026-03-23,2026-08-04,69,1947,1162,135,0.511111,1.014849,1.012680,0.486804,,,,,,,,GLOBAL_BASELINE_NO_ENTITY_RANKING,,,NOT_APPLICABLE_GLOBAL_BASELINE,HF9g-P5,,,,X 全窗基线 · 不参与实体赏罚,15050274,1506,A168_HF9F_20260827_0900,2026-08-27 09:00:00
2026-04-24,74657362,2202,0,42.5676826154,42.5676826154,42.5676826154,1.0000000,1,1,0.49324550000000000,0.493245500000,1.01360149184955,1.01360149184955,1.01360149184955,0E-17,ELIGIBLE,R03b_20260811_FULL_v1,L1_ELIGIBILITY,v2026-08-11,2026-03-21..2026-08-06,baccarat_bet02_101_all_pairs_incl_sentinel,round_win = game_pnl > 0 (decisive only),COMPATIBILITY_ONLY_NOT_PRODUCTION,234885.8996,214754.2105,9869.7735,3689,3015,-0.04201944,-0.00608590,-0.04816467,-0.04201944,-9869.7735,234885.8996,OK,0.0000,394.7909,4.0000,96.0000,AG03-UNRESOLVED,ALL5_LEVELS_bet23_to_bet27,394.7909,394.7909,394.7909,394.7909,394.7909,4.000000,4.000000,4.000000,4.000000,4.000000,96.000000,96.000000,96.000000,96.000000,96.000000,5.0,1973.9547,1822.2297,7895.8188,8047.5438,PENDING_AG03,FALSE,NOT_FOR_ENFORCEMENT,9474.9825,206164.0421,9869.7735,9474.9825,394.7909,0.04201944,0.04033866,394.7909,9474.9825,0.04033866,394.7909,394.7909,394.7909,394.7909,394.7909,9474.9825,0.04033866,1973.9547,1822.2297,7895.8188,8047.5438,0.03361555,0.0342615,0.00168078,63.6720,71.2286,3.2736,143.0402,5.0692,3404.1435,43.6957,64.4793,63.5359,42.5677,43.0663,85.2079,124.7713,127.8119,154.8004,42.604,-41.336,2.967791,3.594466,1.478463,30,203,130,8,0.14604117,0.04201944,0.00608590,0E-8,0.000000,0.914292,0.640282,0.04207877,2026-03-23,2026-08-04,69,1947,1162,135,0.511111,1.014849,1.012680,0.486804,,,,,,,,GLOBAL_BASELINE_NO_ENTITY_RANKING,,,NOT_APPLICABLE_GLOBAL_BASELINE,HF9g-P5,,,,X 全窗基线 · 不参与实体赏罚,15050275,1506,A168_HF9F_20260827_0900,2026-08-27 09:00:00
2026-04-24,74657362,2223,0,42.5676826154,-42.5676826154,-42.5676826154,0E-7,1,1,0.50665070000000000,0.506650700000,-1.013391052207602,-1.013391052207602,-1.013391052207602,0E-17,ELIGIBLE,R03b_20260811_FULL_v1,L1_ELIGIBILITY,v2026-08-11,2026-03-21..2026-08-06,baccarat_bet02_101_all_pairs_incl_sentinel,round_win = game_pnl > 0 (decisive only),COMPATIBILITY_ONLY_NOT_PRODUCTION,234885.8996,214754.2105,9869.7735,3689,3015,-0.04201944,-0.00608590,-0.04816467,-0.04201944,-9869.7735,234885.8996,OK,0.0000,394.7909,4.0000,96.0000,AG03-UNRESOLVED,ALL5_LEVELS_bet23_to_bet27,394.7909,394.7909,394.7909,394.7909,394.7909,4.000000,4.000000,4.000000,4.000000,4.000000,96.000000,96.000000,96.000000,96.000000,96.000000,5.0,1973.9547,1822.2297,7895.8188,8047.5438,PENDING_AG03,FALSE,NOT_FOR_ENFORCEMENT,9474.9825,206164.0421,9869.7735,9474.9825,394.7909,0.04201944,0.04033866,394.7909,9474.9825,0.04033866,394.7909,394.7909,394.7909,394.7909,394.7909,9474.9825,0.04033866,1973.9547,1822.2297,7895.8188,8047.5438,0.03361555,0.0342615,0.00168078,63.6720,71.2286,3.2736,143.0402,5.0692,3404.1435,43.6957,64.4793,63.5359,42.5677,43.0663,85.2079,124.7713,127.8119,154.8004,42.604,-41.336,2.967791,3.594466,1.478463,30,203,130,8,0.14604117,0.04201944,0.00608590,0E-8,0.000000,0.914292,0.640282,0.04207877,2026-03-23,2026-08-04,69,1947,1162,135,0.511111,1.014849,1.012680,0.486804,,,,,,,,GLOBAL_BASELINE_NO_ENTITY_RANKING,,,NOT_APPLICABLE_GLOBAL_BASELINE,HF9g-P5,,,,X 全窗基线 · 不参与实体赏罚,15050276,1506,A168_HF9F_20260827_0900,2026-08-27 09:00:00
2026-04-24,74657362,2229,0,127.7030478462,42.5676826154,42.5676826154,0.6666667,3,3,0.49324550000000000,0.493245500000,0.6008033672792107,0.6008033672792106,0.6008033672792107,0E-17,ELIGIBLE,R03b_20260811_FULL_v1,L1_ELIGIBILITY,v2026-08-11,2026-03-21..2026-08-06,baccarat_bet02_101_all_pairs_incl_sentinel,round_win = game_pnl > 0 (decisive only),COMPATIBILITY_ONLY_NOT_PRODUCTION,234885.8996,214754.2105,9869.7735,3689,3015,-0.04201944,-0.00608590,-0.04816467,-0.04201944,-9869.7735,234885.8996,OK,0.0000,394.7909,4.0000,96.0000,AG03-UNRESOLVED,ALL5_LEVELS_bet23_to_bet27,394.7909,394.7909,394.7909,394.7909,394.7909,4.000000,4.000000,4.000000,4.000000,4.000000,96.000000,96.000000,96.000000,96.000000,96.000000,5.0,1973.9547,1822.2297,7895.8188,8047.5438,PENDING_AG03,FALSE,NOT_FOR_ENFORCEMENT,9474.9825,206164.0421,9869.7735,9474.9825,394.7909,0.04201944,0.04033866,394.7909,9474.9825,0.04033866,394.7909,394.7909,394.7909,394.7909,394.7909,9474.9825,0.04033866,1973.9547,1822.2297,7895.8188,8047.5438,0.03361555,0.0342615,0.00168078,63.6720,71.2286,3.2736,143.0402,5.0692,3404.1435,43.6957,64.4793,63.5359,42.5677,43.0663,85.2079,124.7713,127.8119,154.8004,42.604,-41.336,2.967791,3.594466,1.478463,30,203,130,8,0.14604117,0.04201944,0.00608590,0E-8,0.000000,0.914292,0.640282,0.04207877,2026-03-23,2026-08-04,69,1947,1162,135,0.511111,1.014849,1.012680,0.486804,,,,,,,,GLOBAL_BASELINE_NO_ENTITY_RANKING,,,NOT_APPLICABLE_GLOBAL_BASELINE,HF9g-P5,,,,X 全窗基线 · 不参与实体赏罚,15050277,1506,A168_HF9F_20260827_0900,2026-08-27 09:00:00
2026-04-24,74657362,2234,0,42.5676826154,-42.5676826154,-42.5676826154,0E-7,1,1,0.50665070000000000,0.506650700000,-1.013391052207602,-1.013391052207602,-1.013391052207602,0E-17,ELIGIBLE,R03b_20260811_FULL_v1,L1_ELIGIBILITY,v2026-08-11,2026-03-21..2026-08-06,baccarat_bet02_101_all_pairs_incl_sentinel,round_win = game_pnl > 0 (decisive only),COMPATIBILITY_ONLY_NOT_PRODUCTION,234885.8996,214754.2105,9869.7735,3689,3015,-0.04201944,-0.00608590,-0.04816467,-0.04201944,-9869.7735,234885.8996,OK,0.0000,394.7909,4.0000,96.0000,AG03-UNRESOLVED,ALL5_LEVELS_bet23_to_bet27,394.7909,394.7909,394.7909,394.7909,394.7909,4.000000,4.000000,4.000000,4.000000,4.000000,96.000000,96.000000,96.000000,96.000000,96.000000,5.0,1973.9547,1822.2297,7895.8188,8047.5438,PENDING_AG03,FALSE,NOT_FOR_ENFORCEMENT,9474.9825,206164.0421,9869.7735,9474.9825,394.7909,0.04201944,0.04033866,394.7909,9474.9825,0.04033866,394.7909,394.7909,394.7909,394.7909,394.7909,9474.9825,0.04033866,1973.9547,1822.2297,7895.8188,8047.5438,0.03361555,0.0342615,0.00168078,63.6720,71.2286,3.2736,143.0402,5.0692,3404.1435,43.6957,64.4793,63.5359,42.5677,43.0663,85.2079,124.7713,127.8119,154.8004,42.604,-41.336,2.967791,3.594466,1.478463,30,203,130,8,0.14604117,0.04201944,0.00608590,0E-8,0.000000,0.914292,0.640282,0.04207877,2026-03-23,2026-08-04,69,1947,1162,135,0.511111,1.014849,1.012680,0.486804,,,,,,,,GLOBAL_BASELINE_NO_ENTITY_RANKING,,,NOT_APPLICABLE_GLOBAL_BASELINE,HF9g-P5,,,,X 全窗基线 · 不参与实体赏罚,15050278,1506,A168_HF9F_20260827_0900,2026-08-27 09:00:00
2026-04-24,74657362,2242,0,85.1353652308,85.1353652308,85.1353652308,1.0000000,2,2,0.49324550000000000,0.493245500000,1.4334489766152358,1.4334489766152358,1.4334489766152358,0E-17,ELIGIBLE,R03b_20260811_FULL_v1,L1_ELIGIBILITY,v2026-08-11,2026-03-21..2026-08-06,baccarat_bet02_101_all_pairs_incl_sentinel,round_win = game_pnl > 0 (decisive only),COMPATIBILITY_ONLY_NOT_PRODUCTION,234885.8996,214754.2105,9869.7735,3689,3015,-0.04201944,-0.00608590,-0.04816467,-0.04201944,-9869.7735,234885.8996,OK,0.0000,394.7909,4.0000,96.0000,AG03-UNRESOLVED,ALL5_LEVELS_bet23_to_bet27,394.7909,394.7909,394.7909,394.7909,394.7909,4.000000,4.000000,4.000000,4.000000,4.000000,96.000000,96.000000,96.000000,96.000000,96.000000,5.0,1973.9547,1822.2297,7895.8188,8047.5438,PENDING_AG03,FALSE,NOT_FOR_ENFORCEMENT,9474.9825,206164.0421,9869.7735,9474.9825,394.7909,0.04201944,0.04033866,394.7909,9474.9825,0.04033866,394.7909,394.7909,394.7909,394.7909,394.7909,9474.9825,0.04033866,1973.9547,1822.2297,7895.8188,8047.5438,0.03361555,0.0342615,0.00168078,63.6720,71.2286,3.2736,143.0402,5.0692,3404.1435,43.6957,64.4793,63.5359,42.5677,43.0663,85.2079,124.7713,127.8119,154.8004,42.604,-41.336,2.967791,3.594466,1.478463,30,203,130,8,0.14604117,0.04201944,0.00608590,0E-8,0.000000,0.914292,0.640282,0.04207877,2026-03-23,2026-08-04,69,1947,1162,135,0.511111,1.014849,1.012680,0.486804,,,,,,,,GLOBAL_BASELINE_NO_ENTITY_RANKING,,,NOT_APPLICABLE_GLOBAL_BASELINE,HF9g-P5,,,,X 全窗基线 · 不参与实体赏罚,15050279,1506,A168_HF9F_20260827_0900,2026-08-27 09:00:00
2026-04-24,74657362,2254,0,85.1353652308,0E-10,0E-10,0.5000000,2,2,0.49324550000000000,0.493245500000,0.01910635448239258,0.01910635448239258,0.01910635448239258,0E-17,ELIGIBLE,R03b_20260811_FULL_v1,L1_ELIGIBILITY,v2026-08-11,2026-03-21..2026-08-06,baccarat_bet02_101_all_pairs_incl_sentinel,round_win = game_pnl > 0 (decisive only),COMPATIBILITY_ONLY_NOT_PRODUCTION,234885.8996,214754.2105,9869.7735,3689,3015,-0.04201944,-0.00608590,-0.04816467,-0.04201944,-9869.7735,234885.8996,OK,0.0000,394.7909,4.0000,96.0000,AG03-UNRESOLVED,ALL5_LEVELS_bet23_to_bet27,394.7909,394.7909,394.7909,394.7909,394.7909,4.000000,4.000000,4.000000,4.000000,4.000000,96.000000,96.000000,96.000000,96.000000,96.000000,5.0,1973.9547,1822.2297,7895.8188,8047.5438,PENDING_AG03,FALSE,NOT_FOR_ENFORCEMENT,9474.9825,206164.0421,9869.7735,9474.9825,394.7909,0.04201944,0.04033866,394.7909,9474.9825,0.04033866,394.7909,394.7909,394.7909,394.7909,394.7909,9474.9825,0.04033866,1973.9547,1822.2297,7895.8188,8047.5438,0.03361555,0.0342615,0.00168078,63.6720,71.2286,3.2736,143.0402,5.0692,3404.1435,43.6957,64.4793,63.5359,42.5677,43.0663,85.2079,124.7713,127.8119,154.8004,42.604,-41.336,2.967791,3.594466,1.478463,30,203,130,8,0.14604117,0.04201944,0.00608590,0E-8,0.000000,0.914292,0.640282,0.04207877,2026-03-23,2026-08-04,69,1947,1162,135,0.511111,1.014849,1.012680,0.486804,,,,,,,,GLOBAL_BASELINE_NO_ENTITY_RANKING,,,NOT_APPLICABLE_GLOBAL_BASELINE,HF9g-P5,,,,X 全窗基线 · 不参与实体赏罚,15050280,1506,A168_HF9F_20260827_0900,2026-08-27 09:00:00
2026-04-24,74657362,526,0,42.5676826154,-42.5676826154,-42.5676826154,0E-7,1,1,0.50665070000000000,0.506650700000,-1.013391052207602,-1.013391052207602,-1.013391052207602,0E-17,ELIGIBLE,R03b_20260811_FULL_v1,L1_ELIGIBILITY,v2026-08-11,2026-03-21..2026-08-06,baccarat_bet02_101_all_pairs_incl_sentinel,round_win = game_pnl > 0 (decisive only),COMPATIBILITY_ONLY_NOT_PRODUCTION,234885.8996,214754.2105,9869.7735,3689,3015,-0.04201944,-0.00608590,-0.04816467,-0.04201944,-9869.7735,234885.8996,OK,0.0000,394.7909,4.0000,96.0000,AG03-UNRESOLVED,ALL5_LEVELS_bet23_to_bet27,394.7909,394.7909,394.7909,394.7909,394.7909,4.000000,4.000000,4.000000,4.000000,4.000000,96.000000,96.000000,96.000000,96.000000,96.000000,5.0,1973.9547,1822.2297,7895.8188,8047.5438,PENDING_AG03,FALSE,NOT_FOR_ENFORCEMENT,9474.9825,206164.0421,9869.7735,9474.9825,394.7909,0.04201944,0.04033866,394.7909,9474.9825,0.04033866,394.7909,394.7909,394.7909,394.7909,394.7909,9474.9825,0.04033866,1973.9547,1822.2297,7895.8188,8047.5438,0.03361555,0.0342615,0.00168078,63.6720,71.2286,3.2736,143.0402,5.0692,3404.1435,43.6957,64.4793,63.5359,42.5677,43.0663,85.2079,124.7713,127.8119,154.8004,42.604,-41.336,2.967791,3.594466,1.478463,30,203,130,8,0.14604117,0.04201944,0.00608590,0E-8,0.000000,0.914292,0.640282,0.04207877,2026-03-23,2026-08-04,69,1947,1162,135,0.511111,1.014849,1.012680,0.486804,,,,,,,,GLOBAL_BASELINE_NO_ENTITY_RANKING,,,NOT_APPLICABLE_GLOBAL_BASELINE,HF9g-P5,,,,X 全窗基线 · 不参与实体赏罚,15050281,1506,A168_HF9F_20260827_0900,2026-08-27 09:00:00
2026-04-24,74657362,550,0,42.5676826154,42.5676826154,42.5676826154,1.0000000,1,1,0.49324550000000000,0.493245500000,1.01360149184955,1.01360149184955,1.01360149184955,0E-17,ELIGIBLE,R03b_20260811_FULL_v1,L1_ELIGIBILITY,v2026-08-11,2026-03-21..2026-08-06,baccarat_bet02_101_all_pairs_incl_sentinel,round_win = game_pnl > 0 (decisive only),COMPATIBILITY_ONLY_NOT_PRODUCTION,234885.8996,214754.2105,9869.7735,3689,3015,-0.04201944,-0.00608590,-0.04816467,-0.04201944,-9869.7735,234885.8996,OK,0.0000,394.7909,4.0000,96.0000,AG03-UNRESOLVED,ALL5_LEVELS_bet23_to_bet27,394.7909,394.7909,394.7909,394.7909,394.7909,4.000000,4.000000,4.000000,4.000000,4.000000,96.000000,96.000000,96.000000,96.000000,96.000000,5.0,1973.9547,1822.2297,7895.8188,8047.5438,PENDING_AG03,FALSE,NOT_FOR_ENFORCEMENT,9474.9825,206164.0421,9869.7735,9474.9825,394.7909,0.04201944,0.04033866,394.7909,9474.9825,0.04033866,394.7909,394.7909,394.7909,394.7909,394.7909,9474.9825,0.04033866,1973.9547,1822.2297,7895.8188,8047.5438,0.03361555,0.0342615,0.00168078,63.6720,71.2286,3.2736,143.0402,5.0692,3404.1435,43.6957,64.4793,63.5359,42.5677,43.0663,85.2079,124.7713,127.8119,154.8004,42.604,-41.336,2.967791,3.594466,1.478463,30,203,130,8,0.14604117,0.04201944,0.00608590,0E-8,0.000000,0.914292,0.640282,0.04207877,2026-03-23,2026-08-04,69,1947,1162,135,0.511111,1.014849,1.012680,0.486804,,,,,,,,GLOBAL_BASELINE_NO_ENTITY_RANKING,,,NOT_APPLICABLE_GLOBAL_BASELINE,HF9g-P5,,,,X 全窗基线 · 不参与实体赏罚,15050282,1506,A168_HF9F_20260827_0900,2026-08-27 09:00:00
2026-04-24,74657362,752,0,42.5676826154,-42.5676826154,-42.5676826154,0E-7,1,1,0.49324550000000000,0.493245500000,-0.9865810262130424,-0.9865810262130424,-0.9865810262130424,0E-17,ELIGIBLE,R03b_20260811_FULL_v1,L1_ELIGIBILITY,v2026-08-11,2026-03-21..2026-08-06,baccarat_bet02_101_all_pairs_incl_sentinel,round_win = game_pnl > 0 (decisive only),COMPATIBILITY_ONLY_NOT_PRODUCTION,234885.8996,214754.2105,9869.7735,3689,3015,-0.04201944,-0.00608590,-0.04816467,-0.04201944,-9869.7735,234885.8996,OK,0.0000,394.7909,4.0000,96.0000,AG03-UNRESOLVED,ALL5_LEVELS_bet23_to_bet27,394.7909,394.7909,394.7909,394.7909,394.7909,4.000000,4.000000,4.000000,4.000000,4.000000,96.000000,96.000000,96.000000,96.000000,96.000000,5.0,1973.9547,1822.2297,7895.8188,8047.5438,PENDING_AG03,FALSE,NOT_FOR_ENFORCEMENT,9474.9825,206164.0421,9869.7735,9474.9825,394.7909,0.04201944,0.04033866,394.7909,9474.9825,0.04033866,394.7909,394.7909,394.7909,394.7909,394.7909,9474.9825,0.04033866,1973.9547,1822.2297,7895.8188,8047.5438,0.03361555,0.0342615,0.00168078,63.6720,71.2286,3.2736,143.0402,5.0692,3404.1435,43.6957,64.4793,63.5359,42.5677,43.0663,85.2079,124.7713,127.8119,154.8004,42.604,-41.336,2.967791,3.594466,1.478463,30,203,130,8,0.14604117,0.04201944,0.00608590,0E-8,0.000000,0.914292,0.640282,0.04207877,2026-03-23,2026-08-04,69,1947,1162,135,0.511111,1.014849,1.012680,0.486804,,,,,,,,GLOBAL_BASELINE_NO_ENTITY_RANKING,,,NOT_APPLICABLE_GLOBAL_BASELINE,HF9g-P5,,,,X 全窗基线 · 不参与实体赏罚,15050283,1506,A168_HF9F_20260827_0900,2026-08-27 09:00:00
2026-04-24,74657362,919,0,42.5676826154,-42.5676826154,-42.5676826154,0E-7,1,1,0.50665070000000000,0.506650700000,-1.013391052207602,-1.013391052207602,-1.013391052207602,0E-17,ELIGIBLE,R03b_20260811_FULL_v1,L1_ELIGIBILITY,v2026-08-11,2026-03-21..2026-08-06,baccarat_bet02_101_all_pairs_incl_sentinel,round_win = game_pnl > 0 (decisive only),COMPATIBILITY_ONLY_NOT_PRODUCTION,234885.8996,214754.2105,9869.7735,3689,3015,-0.04201944,-0.00608590,-0.04816467,-0.04201944,-9869.7735,234885.8996,OK,0.0000,394.7909,4.0000,96.0000,AG03-UNRESOLVED,ALL5_LEVELS_bet23_to_bet27,394.7909,394.7909,394.7909,394.7909,394.7909,4.000000,4.000000,4.000000,4.000000,4.000000,96.000000,96.000000,96.000000,96.000000,96.000000,5.0,1973.9547,1822.2297,7895.8188,8047.5438,PENDING_AG03,FALSE,NOT_FOR_ENFORCEMENT,9474.9825,206164.0421,9869.7735,9474.9825,394.7909,0.04201944,0.04033866,394.7909,9474.9825,0.04033866,394.7909,394.7909,394.7909,394.7909,394.7909,9474.9825,0.04033866,1973.9547,1822.2297,7895.8188,8047.5438,0.03361555,0.0342615,0.00168078,63.6720,71.2286,3.2736,143.0402,5.0692,3404.1435,43.6957,64.4793,63.5359,42.5677,43.0663,85.2079,124.7713,127.8119,154.8004,42.604,-41.336,2.967791,3.594466,1.478463,30,203,130,8,0.14604117,0.04201944,0.00608590,0E-8,0.000000,0.914292,0.640282,0.04207877,2026-03-23,2026-08-04,69,1947,1162,135,0.511111,1.014849,1.012680,0.486804,,,,,,,,GLOBAL_BASELINE_NO_ENTITY_RANKING,,,NOT_APPLICABLE_GLOBAL_BASELINE,HF9g-P5,,,,X 全窗基线 · 不参与实体赏罚,15050284,1506,A168_HF9F_20260827_0900,2026-08-27 09:00:00
2026-04-26,74657362,-1,1,212.8384130770,-85.1353652308,-85.1353652308,0.2500000,5,5,0.49324550000000000,0.493245500000,-0.9730707933947887,-0.9730707933947887,-0.9730707933947887,0E-17,SENTINEL_DEALER,R03b_20260811_FULL_v1,L1_ELIGIBILITY,v2026-08-11,2026-03-21..2026-08-06,baccarat_bet02_101_all_pairs_incl_sentinel,round_win = game_pnl > 0 (decisive only),COMPATIBILITY_ONLY_NOT_PRODUCTION,234885.8996,214754.2105,9869.7735,3689,3015,-0.04201944,-0.00608590,-0.04816467,-0.04201944,-9869.7735,234885.8996,OK,0.0000,394.7909,4.0000,96.0000,AG03-UNRESOLVED,ALL5_LEVELS_bet23_to_bet27,394.7909,394.7909,394.7909,394.7909,394.7909,4.000000,4.000000,4.000000,4.000000,4.000000,96.000000,96.000000,96.000000,96.000000,96.000000,5.0,1973.9547,1822.2297,7895.8188,8047.5438,PENDING_AG03,FALSE,NOT_FOR_ENFORCEMENT,9474.9825,206164.0421,9869.7735,9474.9825,394.7909,0.04201944,0.04033866,394.7909,9474.9825,0.04033866,394.7909,394.7909,394.7909,394.7909,394.7909,9474.9825,0.04033866,1973.9547,1822.2297,7895.8188,8047.5438,0.03361555,0.0342615,0.00168078,63.6720,71.2286,3.2736,143.0402,5.0692,3404.1435,43.6957,64.4793,63.5359,42.5677,43.0663,85.2079,124.7713,127.8119,154.8004,42.604,-41.336,2.967791,3.594466,1.478463,30,203,130,8,0.14604117,0.04201944,0.00608590,0E-8,0.000000,0.914292,0.640282,0.04207877,2026-03-23,2026-08-04,69,1947,1162,135,0.511111,1.014849,1.012680,0.486804,,,,,,,,GLOBAL_BASELINE_NO_ENTITY_RANKING,,,NOT_APPLICABLE_GLOBAL_BASELINE,HF9g-P5,,,,X 全窗基线 · 不参与实体赏罚,15050285,1506,A168_HF9F_20260827_0900,2026-08-27 09:00:00
2026-04-26,74657362,1094,0,42.5676826154,-42.5676826154,-42.5676826154,0E-7,1,1,0.50665070000000000,0.506650700000,-1.013391052207602,-1.013391052207602,-1.013391052207602,0E-17,ELIGIBLE,R03b_20260811_FULL_v1,L1_ELIGIBILITY,v2026-08-11,2026-03-21..2026-08-06,baccarat_bet02_101_all_pairs_incl_sentinel,round_win = game_pnl > 0 (decisive only),COMPATIBILITY_ONLY_NOT_PRODUCTION,234885.8996,214754.2105,9869.7735,3689,3015,-0.04201944,-0.00608590,-0.04816467,-0.04201944,-9869.7735,234885.8996,OK,0.0000,394.7909,4.0000,96.0000,AG03-UNRESOLVED,ALL5_LEVELS_bet23_to_bet27,394.7909,394.7909,394.7909,394.7909,394.7909,4.000000,4.000000,4.000000,4.000000,4.000000,96.000000,96.000000,96.000000,96.000000,96.000000,5.0,1973.9547,1822.2297,7895.8188,8047.5438,PENDING_AG03,FALSE,NOT_FOR_ENFORCEMENT,9474.9825,206164.0421,9869.7735,9474.9825,394.7909,0.04201944,0.04033866,394.7909,9474.9825,0.04033866,394.7909,394.7909,394.7909,394.7909,394.7909,9474.9825,0.04033866,1973.9547,1822.2297,7895.8188,8047.5438,0.03361555,0.0342615,0.00168078,63.6720,71.2286,3.2736,143.0402,5.0692,3404.1435,43.6957,64.4793,63.5359,42.5677,43.0663,85.2079,124.7713,127.8119,154.8004,42.604,-41.336,2.967791,3.594466,1.478463,30,203,130,8,0.14604117,0.04201944,0.00608590,0E-8,0.000000,0.914292,0.640282,0.04207877,2026-03-23,2026-08-04,69,1947,1162,135,0.511111,1.014849,1.012680,0.486804,,,,,,,,GLOBAL_BASELINE_NO_ENTITY_RANKING,,,NOT_APPLICABLE_GLOBAL_BASELINE,HF9g-P5,,,,X 全窗基线 · 不参与实体赏罚,15050286,1506,A168_HF9F_20260827_0900,2026-08-27 09:00:00
2026-04-26,74657362,1157,0,85.1353652307,85.1353652307,85.1353652307,1.0000000,1,1,0.49324550000000000,0.493245500000,1.01360149184955,1.01360149184955,1.01360149184955,0E-17,ELIGIBLE,R03b_20260811_FULL_v1,L1_ELIGIBILITY,v2026-08-11,2026-03-21..2026-08-06,baccarat_bet02_101_all_pairs_incl_sentinel,round_win = game_pnl > 0 (decisive only),COMPATIBILITY_ONLY_NOT_PRODUCTION,234885.8996,214754.2105,9869.7735,3689,3015,-0.04201944,-0.00608590,-0.04816467,-0.04201944,-9869.7735,234885.8996,OK,0.0000,394.7909,4.0000,96.0000,AG03-UNRESOLVED,ALL5_LEVELS_bet23_to_bet27,394.7909,394.7909,394.7909,394.7909,394.7909,4.000000,4.000000,4.000000,4.000000,4.000000,96.000000,96.000000,96.000000,96.000000,96.000000,5.0,1973.9547,1822.2297,7895.8188,8047.5438,PENDING_AG03,FALSE,NOT_FOR_ENFORCEMENT,9474.9825,206164.0421,9869.7735,9474.9825,394.7909,0.04201944,0.04033866,394.7909,9474.9825,0.04033866,394.7909,394.7909,394.7909,394.7909,394.7909,9474.9825,0.04033866,1973.9547,1822.2297,7895.8188,8047.5438,0.03361555,0.0342615,0.00168078,63.6720,71.2286,3.2736,143.0402,5.0692,3404.1435,43.6957,64.4793,63.5359,42.5677,43.0663,85.2079,124.7713,127.8119,154.8004,42.604,-41.336,2.967791,3.594466,1.478463,30,203,130,8,0.14604117,0.04201944,0.00608590,0E-8,0.000000,0.914292,0.640282,0.04207877,2026-03-23,2026-08-04,69,1947,1162,135,0.511111,1.014849,1.012680,0.486804,,,,,,,,GLOBAL_BASELINE_NO_ENTITY_RANKING,,,NOT_APPLICABLE_GLOBAL_BASELINE,HF9g-P5,,,,X 全窗基线 · 不参与实体赏罚,15050287,1506,A168_HF9F_20260827_0900,2026-08-27 09:00:00
2026-04-26,74657362,1291,0,170.2707304615,85.1353652307,85.1353652307,1.0000000,2,1,0.39337837499993348,0.280106050000,1.2418058546640356,1.6031457840727341,1.2418058546640356,0.11327232499993348,ELIGIBLE,R03b_20260811_FULL_v1,L1_ELIGIBILITY,v2026-08-11,2026-03-21..2026-08-06,baccarat_bet02_101_all_pairs_incl_sentinel,round_win = game_pnl > 0 (decisive only),COMPATIBILITY_ONLY_NOT_PRODUCTION,234885.8996,214754.2105,9869.7735,3689,3015,-0.04201944,-0.00608590,-0.04816467,-0.04201944,-9869.7735,234885.8996,OK,0.0000,394.7909,4.0000,96.0000,AG03-UNRESOLVED,ALL5_LEVELS_bet23_to_bet27,394.7909,394.7909,394.7909,394.7909,394.7909,4.000000,4.000000,4.000000,4.000000,4.000000,96.000000,96.000000,96.000000,96.000000,96.000000,5.0,1973.9547,1822.2297,7895.8188,8047.5438,PENDING_AG03,FALSE,NOT_FOR_ENFORCEMENT,9474.9825,206164.0421,9869.7735,9474.9825,394.7909,0.04201944,0.04033866,394.7909,9474.9825,0.04033866,394.7909,394.7909,394.7909,394.7909,394.7909,9474.9825,0.04033866,1973.9547,1822.2297,7895.8188,8047.5438,0.03361555,0.0342615,0.00168078,63.6720,71.2286,3.2736,143.0402,5.0692,3404.1435,43.6957,64.4793,63.5359,42.5677,43.0663,85.2079,124.7713,127.8119,154.8004,42.604,-41.336,2.967791,3.594466,1.478463,30,203,130,8,0.14604117,0.04201944,0.00608590,0E-8,0.000000,0.914292,0.640282,0.04207877,2026-03-23,2026-08-04,69,1947,1162,135,0.511111,1.014849,1.012680,0.486804,,,,,,,,GLOBAL_BASELINE_NO_ENTITY_RANKING,,,NOT_APPLICABLE_GLOBAL_BASELINE,HF9g-P5,,,,X 全窗基线 · 不参与实体赏罚,15050288,1506,A168_HF9F_20260827_0900,2026-08-27 09:00:00
2026-04-26,74657362,1306,0,212.8384130769,127.7030478461,127.7030478461,0.7500000,4,4,0.49324550000000000,0.493245500000,1.0271117246678039,1.0271117246678039,1.0271117246678039,0E-17,ELIGIBLE,R03b_20260811_FULL_v1,L1_ELIGIBILITY,v2026-08-11,2026-03-21..2026-08-06,baccarat_bet02_101_all_pairs_incl_sentinel,round_win = game_pnl > 0 (decisive only),COMPATIBILITY_ONLY_NOT_PRODUCTION,234885.8996,214754.2105,9869.7735,3689,3015,-0.04201944,-0.00608590,-0.04816467,-0.04201944,-9869.7735,234885.8996,OK,0.0000,394.7909,4.0000,96.0000,AG03-UNRESOLVED,ALL5_LEVELS_bet23_to_bet27,394.7909,394.7909,394.7909,394.7909,394.7909,4.000000,4.000000,4.000000,4.000000,4.000000,96.000000,96.000000,96.000000,96.000000,96.000000,5.0,1973.9547,1822.2297,7895.8188,8047.5438,PENDING_AG03,FALSE,NOT_FOR_ENFORCEMENT,9474.9825,206164.0421,9869.7735,9474.9825,394.7909,0.04201944,0.04033866,394.7909,9474.9825,0.04033866,394.7909,394.7909,394.7909,394.7909,394.7909,9474.9825,0.04033866,1973.9547,1822.2297,7895.8188,8047.5438,0.03361555,0.0342615,0.00168078,63.6720,71.2286,3.2736,143.0402,5.0692,3404.1435,43.6957,64.4793,63.5359,42.5677,43.0663,85.2079,124.7713,127.8119,154.8004,42.604,-41.336,2.967791,3.594466,1.478463,30,203,130,8,0.14604117,0.04201944,0.00608590,0E-8,0.000000,0.914292,0.640282,0.04207877,2026-03-23,2026-08-04,69,1947,1162,135,0.511111,1.014849,1.012680,0.486804,,,,,,,,GLOBAL_BASELINE_NO_ENTITY_RANKING,,,NOT_APPLICABLE_GLOBAL_BASELINE,HF9g-P5,,,,X 全窗基线 · 不参与实体赏罚,15050289,1506,A168_HF9F_20260827_0900,2026-08-27 09:00:00
2026-04-26,74657362,1323,0,42.5676826154,0E-10,0E-10,,1,1,0.49324550000000000,0.493245500000,,,,0E-17,NO_DECISIVE_ROUND,R03b_20260811_FULL_v1,L1_ELIGIBILITY,v2026-08-11,2026-03-21..2026-08-06,baccarat_bet02_101_all_pairs_incl_sentinel,round_win = game_pnl > 0 (decisive only),COMPATIBILITY_ONLY_NOT_PRODUCTION,234885.8996,214754.2105,9869.7735,3689,3015,-0.04201944,-0.00608590,-0.04816467,-0.04201944,-9869.7735,234885.8996,OK,0.0000,394.7909,4.0000,96.0000,AG03-UNRESOLVED,ALL5_LEVELS_bet23_to_bet27,394.7909,394.7909,394.7909,394.7909,394.7909,4.000000,4.000000,4.000000,4.000000,4.000000,96.000000,96.000000,96.000000,96.000000,96.000000,5.0,1973.9547,1822.2297,7895.8188,8047.5438,PENDING_AG03,FALSE,NOT_FOR_ENFORCEMENT,9474.9825,206164.0421,9869.7735,9474.9825,394.7909,0.04201944,0.04033866,394.7909,9474.9825,0.04033866,394.7909,394.7909,394.7909,394.7909,394.7909,9474.9825,0.04033866,1973.9547,1822.2297,7895.8188,8047.5438,0.03361555,0.0342615,0.00168078,63.6720,71.2286,3.2736,143.0402,5.0692,3404.1435,43.6957,64.4793,63.5359,42.5677,43.0663,85.2079,124.7713,127.8119,154.8004,42.604,-41.336,2.967791,3.594466,1.478463,30,203,130,8,0.14604117,0.04201944,0.00608590,0E-8,0.000000,0.914292,0.640282,0.04207877,2026-03-23,2026-08-04,69,1947,1162,135,0.511111,1.014849,1.012680,0.486804,,,,,,,,GLOBAL_BASELINE_NO_ENTITY_RANKING,,,NOT_APPLICABLE_GLOBAL_BASELINE,HF9g-P5,,,,X 全窗基线 · 不参与实体赏罚,15050290,1506,A168_HF9F_20260827_0900,2026-08-27 09:00:00
2026-04-26,74657362,1331,0,170.2707304615,-85.1353652307,-85.1353652307,0.3333333,3,3,0.49324550000000000,0.493245500000,-0.5540025479526107,-0.5540025479526106,-0.5540025479526107,0E-17,ELIGIBLE,R03b_20260811_FULL_v1,L1_ELIGIBILITY,v2026-08-11,2026-03-21..2026-08-06,baccarat_bet02_101_all_pairs_incl_sentinel,round_win = game_pnl > 0 (decisive only),COMPATIBILITY_ONLY_NOT_PRODUCTION,234885.8996,214754.2105,9869.7735,3689,3015,-0.04201944,-0.00608590,-0.04816467,-0.04201944,-9869.7735,234885.8996,OK,0.0000,394.7909,4.0000,96.0000,AG03-UNRESOLVED,ALL5_LEVELS_bet23_to_bet27,394.7909,394.7909,394.7909,394.7909,394.7909,4.000000,4.000000,4.000000,4.000000,4.000000,96.000000,96.000000,96.000000,96.000000,96.000000,5.0,1973.9547,1822.2297,7895.8188,8047.5438,PENDING_AG03,FALSE,NOT_FOR_ENFORCEMENT,9474.9825,206164.0421,9869.7735,9474.9825,394.7909,0.04201944,0.04033866,394.7909,9474.9825,0.04033866,394.7909,394.7909,394.7909,394.7909,394.7909,9474.9825,0.04033866,1973.9547,1822.2297,7895.8188,8047.5438,0.03361555,0.0342615,0.00168078,63.6720,71.2286,3.2736,143.0402,5.0692,3404.1435,43.6957,64.4793,63.5359,42.5677,43.0663,85.2079,124.7713,127.8119,154.8004,42.604,-41.336,2.967791,3.594466,1.478463,30,203,130,8,0.14604117,0.04201944,0.00608590,0E-8,0.000000,0.914292,0.640282,0.04207877,2026-03-23,2026-08-04,69,1947,1162,135,0.511111,1.014849,1.012680,0.486804,,,,,,,,GLOBAL_BASELINE_NO_ENTITY_RANKING,,,NOT_APPLICABLE_GLOBAL_BASELINE,HF9g-P5,,,,X 全窗基线 · 不参与实体赏罚,15050291,1506,A168_HF9F_20260827_0900,2026-08-27 09:00:00
2026-04-26,74657362,1353,0,85.1353652307,85.1353652307,85.1353652307,1.0000000,1,1,0.49324550000000000,0.493245500000,1.01360149184955,1.01360149184955,1.01360149184955,0E-17,ELIGIBLE,R03b_20260811_FULL_v1,L1_ELIGIBILITY,v2026-08-11,2026-03-21..2026-08-06,baccarat_bet02_101_all_pairs_incl_sentinel,round_win = game_pnl > 0 (decisive only),COMPATIBILITY_ONLY_NOT_PRODUCTION,234885.8996,214754.2105,9869.7735,3689,3015,-0.04201944,-0.00608590,-0.04816467,-0.04201944,-9869.7735,234885.8996,OK,0.0000,394.7909,4.0000,96.0000,AG03-UNRESOLVED,ALL5_LEVELS_bet23_to_bet27,394.7909,394.7909,394.7909,394.7909,394.7909,4.000000,4.000000,4.000000,4.000000,4.000000,96.000000,96.000000,96.000000,96.000000,96.000000,5.0,1973.9547,1822.2297,7895.8188,8047.5438,PENDING_AG03,FALSE,NOT_FOR_ENFORCEMENT,9474.9825,206164.0421,9869.7735,9474.9825,394.7909,0.04201944,0.04033866,394.7909,9474.9825,0.04033866,394.7909,394.7909,394.7909,394.7909,394.7909,9474.9825,0.04033866,1973.9547,1822.2297,7895.8188,8047.5438,0.03361555,0.0342615,0.00168078,63.6720,71.2286,3.2736,143.0402,5.0692,3404.1435,43.6957,64.4793,63.5359,42.5677,43.0663,85.2079,124.7713,127.8119,154.8004,42.604,-41.336,2.967791,3.594466,1.478463,30,203,130,8,0.14604117,0.04201944,0.00608590,0E-8,0.000000,0.914292,0.640282,0.04207877,2026-03-23,2026-08-04,69,1947,1162,135,0.511111,1.014849,1.012680,0.486804,,,,,,,,GLOBAL_BASELINE_NO_ENTITY_RANKING,,,NOT_APPLICABLE_GLOBAL_BASELINE,HF9g-P5,,,,X 全窗基线 · 不参与实体赏罚,15050292,1506,A168_HF9F_20260827_0900,2026-08-27 09:00:00
2026-04-26,74657362,1385,0,42.5676826154,42.5676826154,42.5676826154,1.0000000,1,1,0.49324550000000000,0.493245500000,1.01360149184955,1.01360149184955,1.01360149184955,0E-17,ELIGIBLE,R03b_20260811_FULL_v1,L1_ELIGIBILITY,v2026-08-11,2026-03-21..2026-08-06,baccarat_bet02_101_all_pairs_incl_sentinel,round_win = game_pnl > 0 (decisive only),COMPATIBILITY_ONLY_NOT_PRODUCTION,234885.8996,214754.2105,9869.7735,3689,3015,-0.04201944,-0.00608590,-0.04816467,-0.04201944,-9869.7735,234885.8996,OK,0.0000,394.7909,4.0000,96.0000,AG03-UNRESOLVED,ALL5_LEVELS_bet23_to_bet27,394.7909,394.7909,394.7909,394.7909,394.7909,4.000000,4.000000,4.000000,4.000000,4.000000,96.000000,96.000000,96.000000,96.000000,96.000000,5.0,1973.9547,1822.2297,7895.8188,8047.5438,PENDING_AG03,FALSE,NOT_FOR_ENFORCEMENT,9474.9825,206164.0421,9869.7735,9474.9825,394.7909,0.04201944,0.04033866,394.7909,9474.9825,0.04033866,394.7909,394.7909,394.7909,394.7909,394.7909,9474.9825,0.04033866,1973.9547,1822.2297,7895.8188,8047.5438,0.03361555,0.0342615,0.00168078,63.6720,71.2286,3.2736,143.0402,5.0692,3404.1435,43.6957,64.4793,63.5359,42.5677,43.0663,85.2079,124.7713,127.8119,154.8004,42.604,-41.336,2.967791,3.594466,1.478463,30,203,130,8,0.14604117,0.04201944,0.00608590,0E-8,0.000000,0.914292,0.640282,0.04207877,2026-03-23,2026-08-04,69,1947,1162,135,0.511111,1.014849,1.012680,0.486804,,,,,,,,GLOBAL_BASELINE_NO_ENTITY_RANKING,,,NOT_APPLICABLE_GLOBAL_BASELINE,HF9g-P5,,,,X 全窗基线 · 不参与实体赏罚,15050293,1506,A168_HF9F_20260827_0900,2026-08-27 09:00:00
2026-04-26,74657362,1645,0,170.2707304614,170.2707304614,170.2707304614,1.0000000,2,2,0.49324550000000000,0.493245500000,1.4334489766152358,1.4334489766152358,1.4334489766152358,0E-17,ELIGIBLE,R03b_20260811_FULL_v1,L1_ELIGIBILITY,v2026-08-11,2026-03-21..2026-08-06,baccarat_bet02_101_all_pairs_incl_sentinel,round_win = game_pnl > 0 (decisive only),COMPATIBILITY_ONLY_NOT_PRODUCTION,234885.8996,214754.2105,9869.7735,3689,3015,-0.04201944,-0.00608590,-0.04816467,-0.04201944,-9869.7735,234885.8996,OK,0.0000,394.7909,4.0000,96.0000,AG03-UNRESOLVED,ALL5_LEVELS_bet23_to_bet27,394.7909,394.7909,394.7909,394.7909,394.7909,4.000000,4.000000,4.000000,4.000000,4.000000,96.000000,96.000000,96.000000,96.000000,96.000000,5.0,1973.9547,1822.2297,7895.8188,8047.5438,PENDING_AG03,FALSE,NOT_FOR_ENFORCEMENT,9474.9825,206164.0421,9869.7735,9474.9825,394.7909,0.04201944,0.04033866,394.7909,9474.9825,0.04033866,394.7909,394.7909,394.7909,394.7909,394.7909,9474.9825,0.04033866,1973.9547,1822.2297,7895.8188,8047.5438,0.03361555,0.0342615,0.00168078,63.6720,71.2286,3.2736,143.0402,5.0692,3404.1435,43.6957,64.4793,63.5359,42.5677,43.0663,85.2079,124.7713,127.8119,154.8004,42.604,-41.336,2.967791,3.594466,1.478463,30,203,130,8,0.14604117,0.04201944,0.00608590,0E-8,0.000000,0.914292,0.640282,0.04207877,2026-03-23,2026-08-04,69,1947,1162,135,0.511111,1.014849,1.012680,0.486804,,,,,,,,GLOBAL_BASELINE_NO_ENTITY_RANKING,,,NOT_APPLICABLE_GLOBAL_BASELINE,HF9g-P5,,,,X 全窗基线 · 不参与实体赏罚,15050294,1506,A168_HF9F_20260827_0900,2026-08-27 09:00:00
2026-04-26,74657362,1935,0,170.2707304614,170.2707304614,170.2707304614,1.0000000,2,2,0.49324550000000000,0.493245500000,1.4334489766152358,1.4334489766152358,1.4334489766152358,0E-17,ELIGIBLE,R03b_20260811_FULL_v1,L1_ELIGIBILITY,v2026-08-11,2026-03-21..2026-08-06,baccarat_bet02_101_all_pairs_incl_sentinel,round_win = game_pnl > 0 (decisive only),COMPATIBILITY_ONLY_NOT_PRODUCTION,234885.8996,214754.2105,9869.7735,3689,3015,-0.04201944,-0.00608590,-0.04816467,-0.04201944,-9869.7735,234885.8996,OK,0.0000,394.7909,4.0000,96.0000,AG03-UNRESOLVED,ALL5_LEVELS_bet23_to_bet27,394.7909,394.7909,394.7909,394.7909,394.7909,4.000000,4.000000,4.000000,4.000000,4.000000,96.000000,96.000000,96.000000,96.000000,96.000000,5.0,1973.9547,1822.2297,7895.8188,8047.5438,PENDING_AG03,FALSE,NOT_FOR_ENFORCEMENT,9474.9825,206164.0421,9869.7735,9474.9825,394.7909,0.04201944,0.04033866,394.7909,9474.9825,0.04033866,394.7909,394.7909,394.7909,394.7909,394.7909,9474.9825,0.04033866,1973.9547,1822.2297,7895.8188,8047.5438,0.03361555,0.0342615,0.00168078,63.6720,71.2286,3.2736,143.0402,5.0692,3404.1435,43.6957,64.4793,63.5359,42.5677,43.0663,85.2079,124.7713,127.8119,154.8004,42.604,-41.336,2.967791,3.594466,1.478463,30,203,130,8,0.14604117,0.04201944,0.00608590,0E-8,0.000000,0.914292,0.640282,0.04207877,2026-03-23,2026-08-04,69,1947,1162,135,0.511111,1.014849,1.012680,0.486804,,,,,,,,GLOBAL_BASELINE_NO_ENTITY_RANKING,,,NOT_APPLICABLE_GLOBAL_BASELINE,HF9g-P5,,,,X 全窗基线 · 不参与实体赏罚,15050295,1506,A168_HF9F_20260827_0900,2026-08-27 09:00:00
2026-04-26,74657362,1941,0,42.5676826154,42.5676826154,42.5676826154,1.0000000,1,1,0.49324550000000000,0.493245500000,1.01360149184955,1.01360149184955,1.01360149184955,0E-17,ELIGIBLE,R03b_20260811_FULL_v1,L1_ELIGIBILITY,v2026-08-11,2026-03-21..2026-08-06,baccarat_bet02_101_all_pairs_incl_sentinel,round_win = game_pnl > 0 (decisive only),COMPATIBILITY_ONLY_NOT_PRODUCTION,234885.8996,214754.2105,9869.7735,3689,3015,-0.04201944,-0.00608590,-0.04816467,-0.04201944,-9869.7735,234885.8996,OK,0.0000,394.7909,4.0000,96.0000,AG03-UNRESOLVED,ALL5_LEVELS_bet23_to_bet27,394.7909,394.7909,394.7909,394.7909,394.7909,4.000000,4.000000,4.000000,4.000000,4.000000,96.000000,96.000000,96.000000,96.000000,96.000000,5.0,1973.9547,1822.2297,7895.8188,8047.5438,PENDING_AG03,FALSE,NOT_FOR_ENFORCEMENT,9474.9825,206164.0421,9869.7735,9474.9825,394.7909,0.04201944,0.04033866,394.7909,9474.9825,0.04033866,394.7909,394.7909,394.7909,394.7909,394.7909,9474.9825,0.04033866,1973.9547,1822.2297,7895.8188,8047.5438,0.03361555,0.0342615,0.00168078,63.6720,71.2286,3.2736,143.0402,5.0692,3404.1435,43.6957,64.4793,63.5359,42.5677,43.0663,85.2079,124.7713,127.8119,154.8004,42.604,-41.336,2.967791,3.594466,1.478463,30,203,130,8,0.14604117,0.04201944,0.00608590,0E-8,0.000000,0.914292,0.640282,0.04207877,2026-03-23,2026-08-04,69,1947,1162,135,0.511111,1.014849,1.012680,0.486804,,,,,,,,GLOBAL_BASELINE_NO_ENTITY_RANKING,,,NOT_APPLICABLE_GLOBAL_BASELINE,HF9g-P5,,,,X 全窗基线 · 不参与实体赏罚,15050296,1506,A168_HF9F_20260827_0900,2026-08-27 09:00:00
2026-04-26,74657362,1942,0,42.5676826154,-42.5676826154,-42.5676826154,0E-7,1,1,0.49324550000000000,0.493245500000,-0.9865810262130424,-0.9865810262130424,-0.9865810262130424,0E-17,ELIGIBLE,R03b_20260811_FULL_v1,L1_ELIGIBILITY,v2026-08-11,2026-03-21..2026-08-06,baccarat_bet02_101_all_pairs_incl_sentinel,round_win = game_pnl > 0 (decisive only),COMPATIBILITY_ONLY_NOT_PRODUCTION,234885.8996,214754.2105,9869.7735,3689,3015,-0.04201944,-0.00608590,-0.04816467,-0.04201944,-9869.7735,234885.8996,OK,0.0000,394.7909,4.0000,96.0000,AG03-UNRESOLVED,ALL5_LEVELS_bet23_to_bet27,394.7909,394.7909,394.7909,394.7909,394.7909,4.000000,4.000000,4.000000,4.000000,4.000000,96.000000,96.000000,96.000000,96.000000,96.000000,5.0,1973.9547,1822.2297,7895.8188,8047.5438,PENDING_AG03,FALSE,NOT_FOR_ENFORCEMENT,9474.9825,206164.0421,9869.7735,9474.9825,394.7909,0.04201944,0.04033866,394.7909,9474.9825,0.04033866,394.7909,394.7909,394.7909,394.7909,394.7909,9474.9825,0.04033866,1973.9547,1822.2297,7895.8188,8047.5438,0.03361555,0.0342615,0.00168078,63.6720,71.2286,3.2736,143.0402,5.0692,3404.1435,43.6957,64.4793,63.5359,42.5677,43.0663,85.2079,124.7713,127.8119,154.8004,42.604,-41.336,2.967791,3.594466,1.478463,30,203,130,8,0.14604117,0.04201944,0.00608590,0E-8,0.000000,0.914292,0.640282,0.04207877,2026-03-23,2026-08-04,69,1947,1162,135,0.511111,1.014849,1.012680,0.486804,,,,,,,,GLOBAL_BASELINE_NO_ENTITY_RANKING,,,NOT_APPLICABLE_GLOBAL_BASELINE,HF9g-P5,,,,X 全窗基线 · 不参与实体赏罚,15050297,1506,A168_HF9F_20260827_0900,2026-08-27 09:00:00
2026-04-26,74657362,1952,0,85.1353652307,-85.1353652307,-85.1353652307,0E-7,1,1,0.49324550000000000,0.493245500000,-0.9865810262130424,-0.9865810262130424,-0.9865810262130424,0E-17,ELIGIBLE,R03b_20260811_FULL_v1,L1_ELIGIBILITY,v2026-08-11,2026-03-21..2026-08-06,baccarat_bet02_101_all_pairs_incl_sentinel,round_win = game_pnl > 0 (decisive only),COMPATIBILITY_ONLY_NOT_PRODUCTION,234885.8996,214754.2105,9869.7735,3689,3015,-0.04201944,-0.00608590,-0.04816467,-0.04201944,-9869.7735,234885.8996,OK,0.0000,394.7909,4.0000,96.0000,AG03-UNRESOLVED,ALL5_LEVELS_bet23_to_bet27,394.7909,394.7909,394.7909,394.7909,394.7909,4.000000,4.000000,4.000000,4.000000,4.000000,96.000000,96.000000,96.000000,96.000000,96.000000,5.0,1973.9547,1822.2297,7895.8188,8047.5438,PENDING_AG03,FALSE,NOT_FOR_ENFORCEMENT,9474.9825,206164.0421,9869.7735,9474.9825,394.7909,0.04201944,0.04033866,394.7909,9474.9825,0.04033866,394.7909,394.7909,394.7909,394.7909,394.7909,9474.9825,0.04033866,1973.9547,1822.2297,7895.8188,8047.5438,0.03361555,0.0342615,0.00168078,63.6720,71.2286,3.2736,143.0402,5.0692,3404.1435,43.6957,64.4793,63.5359,42.5677,43.0663,85.2079,124.7713,127.8119,154.8004,42.604,-41.336,2.967791,3.594466,1.478463,30,203,130,8,0.14604117,0.04201944,0.00608590,0E-8,0.000000,0.914292,0.640282,0.04207877,2026-03-23,2026-08-04,69,1947,1162,135,0.511111,1.014849,1.012680,0.486804,,,,,,,,GLOBAL_BASELINE_NO_ENTITY_RANKING,,,NOT_APPLICABLE_GLOBAL_BASELINE,HF9g-P5,,,,X 全窗基线 · 不参与实体赏罚,15050298,1506,A168_HF9F_20260827_0900,2026-08-27 09:00:00
2026-04-26,74657362,1966,0,42.5676826154,-42.5676826154,-42.5676826154,0E-7,1,1,0.49324550000000000,0.493245500000,-0.9865810262130424,-0.9865810262130424,-0.9865810262130424,0E-17,ELIGIBLE,R03b_20260811_FULL_v1,L1_ELIGIBILITY,v2026-08-11,2026-03-21..2026-08-06,baccarat_bet02_101_all_pairs_incl_sentinel,round_win = game_pnl > 0 (decisive only),COMPATIBILITY_ONLY_NOT_PRODUCTION,234885.8996,214754.2105,9869.7735,3689,3015,-0.04201944,-0.00608590,-0.04816467,-0.04201944,-9869.7735,234885.8996,OK,0.0000,394.7909,4.0000,96.0000,AG03-UNRESOLVED,ALL5_LEVELS_bet23_to_bet27,394.7909,394.7909,394.7909,394.7909,394.7909,4.000000,4.000000,4.000000,4.000000,4.000000,96.000000,96.000000,96.000000,96.000000,96.000000,5.0,1973.9547,1822.2297,7895.8188,8047.5438,PENDING_AG03,FALSE,NOT_FOR_ENFORCEMENT,9474.9825,206164.0421,9869.7735,9474.9825,394.7909,0.04201944,0.04033866,394.7909,9474.9825,0.04033866,394.7909,394.7909,394.7909,394.7909,394.7909,9474.9825,0.04033866,1973.9547,1822.2297,7895.8188,8047.5438,0.03361555,0.0342615,0.00168078,63.6720,71.2286,3.2736,143.0402,5.0692,3404.1435,43.6957,64.4793,63.5359,42.5677,43.0663,85.2079,124.7713,127.8119,154.8004,42.604,-41.336,2.967791,3.594466,1.478463,30,203,130,8,0.14604117,0.04201944,0.00608590,0E-8,0.000000,0.914292,0.640282,0.04207877,2026-03-23,2026-08-04,69,1947,1162,135,0.511111,1.014849,1.012680,0.486804,,,,,,,,GLOBAL_BASELINE_NO_ENTITY_RANKING,,,NOT_APPLICABLE_GLOBAL_BASELINE,HF9g-P5,,,,X 全窗基线 · 不参与实体赏罚,15050299,1506,A168_HF9F_20260827_0900,2026-08-27 09:00:00
2026-04-26,74657362,2101,0,85.1353652307,85.1353652307,85.1353652307,1.0000000,1,1,0.50665070000000000,0.506650700000,0.9867858985152569,0.9867858985152569,0.9867858985152569,0E-17,ELIGIBLE,R03b_20260811_FULL_v1,L1_ELIGIBILITY,v2026-08-11,2026-03-21..2026-08-06,baccarat_bet02_101_all_pairs_incl_sentinel,round_win = game_pnl > 0 (decisive only),COMPATIBILITY_ONLY_NOT_PRODUCTION,234885.8996,214754.2105,9869.7735,3689,3015,-0.04201944,-0.00608590,-0.04816467,-0.04201944,-9869.7735,234885.8996,OK,0.0000,394.7909,4.0000,96.0000,AG03-UNRESOLVED,ALL5_LEVELS_bet23_to_bet27,394.7909,394.7909,394.7909,394.7909,394.7909,4.000000,4.000000,4.000000,4.000000,4.000000,96.000000,96.000000,96.000000,96.000000,96.000000,5.0,1973.9547,1822.2297,7895.8188,8047.5438,PENDING_AG03,FALSE,NOT_FOR_ENFORCEMENT,9474.9825,206164.0421,9869.7735,9474.9825,394.7909,0.04201944,0.04033866,394.7909,9474.9825,0.04033866,394.7909,394.7909,394.7909,394.7909,394.7909,9474.9825,0.04033866,1973.9547,1822.2297,7895.8188,8047.5438,0.03361555,0.0342615,0.00168078,63.6720,71.2286,3.2736,143.0402,5.0692,3404.1435,43.6957,64.4793,63.5359,42.5677,43.0663,85.2079,124.7713,127.8119,154.8004,42.604,-41.336,2.967791,3.594466,1.478463,30,203,130,8,0.14604117,0.04201944,0.00608590,0E-8,0.000000,0.914292,0.640282,0.04207877,2026-03-23,2026-08-04,69,1947,1162,135,0.511111,1.014849,1.012680,0.486804,,,,,,,,GLOBAL_BASELINE_NO_ENTITY_RANKING,,,NOT_APPLICABLE_GLOBAL_BASELINE,HF9g-P5,,,,X 全窗基线 · 不参与实体赏罚,15050300,1506,A168_HF9F_20260827_0900,2026-08-27 09:00:00
2026-04-26,74657362,2121,0,85.1353652308,0E-10,0E-10,0.5000000,2,2,0.49324550000000000,0.493245500000,0.01910635448239258,0.01910635448239258,0.01910635448239258,0E-17,ELIGIBLE,R03b_20260811_FULL_v1,L1_ELIGIBILITY,v2026-08-11,2026-03-21..2026-08-06,baccarat_bet02_101_all_pairs_incl_sentinel,round_win = game_pnl > 0 (decisive only),COMPATIBILITY_ONLY_NOT_PRODUCTION,234885.8996,214754.2105,9869.7735,3689,3015,-0.04201944,-0.00608590,-0.04816467,-0.04201944,-9869.7735,234885.8996,OK,0.0000,394.7909,4.0000,96.0000,AG03-UNRESOLVED,ALL5_LEVELS_bet23_to_bet27,394.7909,394.7909,394.7909,394.7909,394.7909,4.000000,4.000000,4.000000,4.000000,4.000000,96.000000,96.000000,96.000000,96.000000,96.000000,5.0,1973.9547,1822.2297,7895.8188,8047.5438,PENDING_AG03,FALSE,NOT_FOR_ENFORCEMENT,9474.9825,206164.0421,9869.7735,9474.9825,394.7909,0.04201944,0.04033866,394.7909,9474.9825,0.04033866,394.7909,394.7909,394.7909,394.7909,394.7909,9474.9825,0.04033866,1973.9547,1822.2297,7895.8188,8047.5438,0.03361555,0.0342615,0.00168078,63.6720,71.2286,3.2736,143.0402,5.0692,3404.1435,43.6957,64.4793,63.5359,42.5677,43.0663,85.2079,124.7713,127.8119,154.8004,42.604,-41.336,2.967791,3.594466,1.478463,30,203,130,8,0.14604117,0.04201944,0.00608590,0E-8,0.000000,0.914292,0.640282,0.04207877,2026-03-23,2026-08-04,69,1947,1162,135,0.511111,1.014849,1.012680,0.486804,,,,,,,,GLOBAL_BASELINE_NO_ENTITY_RANKING,,,NOT_APPLICABLE_GLOBAL_BASELINE,HF9g-P5,,,,X 全窗基线 · 不参与实体赏罚,15050301,1506,A168_HF9F_20260827_0900,2026-08-27 09:00:00
2026-04-26,74657362,2123,0,44.2703899200,-44.2703899200,-44.2703899200,0E-7,2,1,0.47499893846170333,0.256040200000,-0.951187706703352,-0.5866503638730671,-0.951187706703352,0.21895873846170333,ELIGIBLE,R03b_20260811_FULL_v1,L1_ELIGIBILITY,v2026-08-11,2026-03-21..2026-08-06,baccarat_bet02_101_all_pairs_incl_sentinel,round_win = game_pnl > 0 (decisive only),COMPATIBILITY_ONLY_NOT_PRODUCTION,234885.8996,214754.2105,9869.7735,3689,3015,-0.04201944,-0.00608590,-0.04816467,-0.04201944,-9869.7735,234885.8996,OK,0.0000,394.7909,4.0000,96.0000,AG03-UNRESOLVED,ALL5_LEVELS_bet23_to_bet27,394.7909,394.7909,394.7909,394.7909,394.7909,4.000000,4.000000,4.000000,4.000000,4.000000,96.000000,96.000000,96.000000,96.000000,96.000000,5.0,1973.9547,1822.2297,7895.8188,8047.5438,PENDING_AG03,FALSE,NOT_FOR_ENFORCEMENT,9474.9825,206164.0421,9869.7735,9474.9825,394.7909,0.04201944,0.04033866,394.7909,9474.9825,0.04033866,394.7909,394.7909,394.7909,394.7909,394.7909,9474.9825,0.04033866,1973.9547,1822.2297,7895.8188,8047.5438,0.03361555,0.0342615,0.00168078,63.6720,71.2286,3.2736,143.0402,5.0692,3404.1435,43.6957,64.4793,63.5359,42.5677,43.0663,85.2079,124.7713,127.8119,154.8004,42.604,-41.336,2.967791,3.594466,1.478463,30,203,130,8,0.14604117,0.04201944,0.00608590,0E-8,0.000000,0.914292,0.640282,0.04207877,2026-03-23,2026-08-04,69,1947,1162,135,0.511111,1.014849,1.012680,0.486804,,,,,,,,GLOBAL_BASELINE_NO_ENTITY_RANKING,,,NOT_APPLICABLE_GLOBAL_BASELINE,HF9g-P5,,,,X 全窗基线 · 不参与实体赏罚,15050302,1506,A168_HF9F_20260827_0900,2026-08-27 09:00:00
2026-04-26,74657362,2129,0,85.1353652308,63.8515239231,63.8515239231,1.0000000,2,2,0.49994810000000000,0.499948100000,1.4143603653603398,1.4143603653603398,1.4143603653603398,0E-17,ELIGIBLE,R03b_20260811_FULL_v1,L1_ELIGIBILITY,v2026-08-11,2026-03-21..2026-08-06,baccarat_bet02_101_all_pairs_incl_sentinel,round_win = game_pnl > 0 (decisive only),COMPATIBILITY_ONLY_NOT_PRODUCTION,234885.8996,214754.2105,9869.7735,3689,3015,-0.04201944,-0.00608590,-0.04816467,-0.04201944,-9869.7735,234885.8996,OK,0.0000,394.7909,4.0000,96.0000,AG03-UNRESOLVED,ALL5_LEVELS_bet23_to_bet27,394.7909,394.7909,394.7909,394.7909,394.7909,4.000000,4.000000,4.000000,4.000000,4.000000,96.000000,96.000000,96.000000,96.000000,96.000000,5.0,1973.9547,1822.2297,7895.8188,8047.5438,PENDING_AG03,FALSE,NOT_FOR_ENFORCEMENT,9474.9825,206164.0421,9869.7735,9474.9825,394.7909,0.04201944,0.04033866,394.7909,9474.9825,0.04033866,394.7909,394.7909,394.7909,394.7909,394.7909,9474.9825,0.04033866,1973.9547,1822.2297,7895.8188,8047.5438,0.03361555,0.0342615,0.00168078,63.6720,71.2286,3.2736,143.0402,5.0692,3404.1435,43.6957,64.4793,63.5359,42.5677,43.0663,85.2079,124.7713,127.8119,154.8004,42.604,-41.336,2.967791,3.594466,1.478463,30,203,130,8,0.14604117,0.04201944,0.00608590,0E-8,0.000000,0.914292,0.640282,0.04207877,2026-03-23,2026-08-04,69,1947,1162,135,0.511111,1.014849,1.012680,0.486804,,,,,,,,GLOBAL_BASELINE_NO_ENTITY_RANKING,,,NOT_APPLICABLE_GLOBAL_BASELINE,HF9g-P5,,,,X 全窗基线 · 不参与实体赏罚,15050303,1506,A168_HF9F_20260827_0900,2026-08-27 09:00:00
2026-04-26,74657362,2145,0,127.7030478462,0E-10,0E-10,0.5000000,3,3,0.49324550000000000,0.493245500000,0.01910635448239258,0.01910635448239258,0.01910635448239258,0E-17,ELIGIBLE,R03b_20260811_FULL_v1,L1_ELIGIBILITY,v2026-08-11,2026-03-21..2026-08-06,baccarat_bet02_101_all_pairs_incl_sentinel,round_win = game_pnl > 0 (decisive only),COMPATIBILITY_ONLY_NOT_PRODUCTION,234885.8996,214754.2105,9869.7735,3689,3015,-0.04201944,-0.00608590,-0.04816467,-0.04201944,-9869.7735,234885.8996,OK,0.0000,394.7909,4.0000,96.0000,AG03-UNRESOLVED,ALL5_LEVELS_bet23_to_bet27,394.7909,394.7909,394.7909,394.7909,394.7909,4.000000,4.000000,4.000000,4.000000,4.000000,96.000000,96.000000,96.000000,96.000000,96.000000,5.0,1973.9547,1822.2297,7895.8188,8047.5438,PENDING_AG03,FALSE,NOT_FOR_ENFORCEMENT,9474.9825,206164.0421,9869.7735,9474.9825,394.7909,0.04201944,0.04033866,394.7909,9474.9825,0.04033866,394.7909,394.7909,394.7909,394.7909,394.7909,9474.9825,0.04033866,1973.9547,1822.2297,7895.8188,8047.5438,0.03361555,0.0342615,0.00168078,63.6720,71.2286,3.2736,143.0402,5.0692,3404.1435,43.6957,64.4793,63.5359,42.5677,43.0663,85.2079,124.7713,127.8119,154.8004,42.604,-41.336,2.967791,3.594466,1.478463,30,203,130,8,0.14604117,0.04201944,0.00608590,0E-8,0.000000,0.914292,0.640282,0.04207877,2026-03-23,2026-08-04,69,1947,1162,135,0.511111,1.014849,1.012680,0.486804,,,,,,,,GLOBAL_BASELINE_NO_ENTITY_RANKING,,,NOT_APPLICABLE_GLOBAL_BASELINE,HF9g-P5,,,,X 全窗基线 · 不参与实体赏罚,15050304,1506,A168_HF9F_20260827_0900,2026-08-27 09:00:00
2026-04-26,74657362,2147,0,85.1353652308,42.5676826154,42.5676826154,1.0000000,2,2,0.49994810000000000,0.499948100000,1.0001038053877793,1.0001038053877793,1.0001038053877793,0E-17,ELIGIBLE,R03b_20260811_FULL_v1,L1_ELIGIBILITY,v2026-08-11,2026-03-21..2026-08-06,baccarat_bet02_101_all_pairs_incl_sentinel,round_win = game_pnl > 0 (decisive only),COMPATIBILITY_ONLY_NOT_PRODUCTION,234885.8996,214754.2105,9869.7735,3689,3015,-0.04201944,-0.00608590,-0.04816467,-0.04201944,-9869.7735,234885.8996,OK,0.0000,394.7909,4.0000,96.0000,AG03-UNRESOLVED,ALL5_LEVELS_bet23_to_bet27,394.7909,394.7909,394.7909,394.7909,394.7909,4.000000,4.000000,4.000000,4.000000,4.000000,96.000000,96.000000,96.000000,96.000000,96.000000,5.0,1973.9547,1822.2297,7895.8188,8047.5438,PENDING_AG03,FALSE,NOT_FOR_ENFORCEMENT,9474.9825,206164.0421,9869.7735,9474.9825,394.7909,0.04201944,0.04033866,394.7909,9474.9825,0.04033866,394.7909,394.7909,394.7909,394.7909,394.7909,9474.9825,0.04033866,1973.9547,1822.2297,7895.8188,8047.5438,0.03361555,0.0342615,0.00168078,63.6720,71.2286,3.2736,143.0402,5.0692,3404.1435,43.6957,64.4793,63.5359,42.5677,43.0663,85.2079,124.7713,127.8119,154.8004,42.604,-41.336,2.967791,3.594466,1.478463,30,203,130,8,0.14604117,0.04201944,0.00608590,0E-8,0.000000,0.914292,0.640282,0.04207877,2026-03-23,2026-08-04,69,1947,1162,135,0.511111,1.014849,1.012680,0.486804,,,,,,,,GLOBAL_BASELINE_NO_ENTITY_RANKING,,,NOT_APPLICABLE_GLOBAL_BASELINE,HF9g-P5,,,,X 全窗基线 · 不参与实体赏罚,15050305,1506,A168_HF9F_20260827_0900,2026-08-27 09:00:00
2026-04-26,74657362,2152,0,63.0001702708,22.1351949600,22.1351949600,0.5000000,2,2,0.50665070000000000,0.506650700000,-0.018812684590367487,-0.018812684590367487,-0.018812684590367487,0E-17,ELIGIBLE,R03b_20260811_FULL_v1,L1_ELIGIBILITY,v2026-08-11,2026-03-21..2026-08-06,baccarat_bet02_101_all_pairs_incl_sentinel,round_win = game_pnl > 0 (decisive only),COMPATIBILITY_ONLY_NOT_PRODUCTION,234885.8996,214754.2105,9869.7735,3689,3015,-0.04201944,-0.00608590,-0.04816467,-0.04201944,-9869.7735,234885.8996,OK,0.0000,394.7909,4.0000,96.0000,AG03-UNRESOLVED,ALL5_LEVELS_bet23_to_bet27,394.7909,394.7909,394.7909,394.7909,394.7909,4.000000,4.000000,4.000000,4.000000,4.000000,96.000000,96.000000,96.000000,96.000000,96.000000,5.0,1973.9547,1822.2297,7895.8188,8047.5438,PENDING_AG03,FALSE,NOT_FOR_ENFORCEMENT,9474.9825,206164.0421,9869.7735,9474.9825,394.7909,0.04201944,0.04033866,394.7909,9474.9825,0.04033866,394.7909,394.7909,394.7909,394.7909,394.7909,9474.9825,0.04033866,1973.9547,1822.2297,7895.8188,8047.5438,0.03361555,0.0342615,0.00168078,63.6720,71.2286,3.2736,143.0402,5.0692,3404.1435,43.6957,64.4793,63.5359,42.5677,43.0663,85.2079,124.7713,127.8119,154.8004,42.604,-41.336,2.967791,3.594466,1.478463,30,203,130,8,0.14604117,0.04201944,0.00608590,0E-8,0.000000,0.914292,0.640282,0.04207877,2026-03-23,2026-08-04,69,1947,1162,135,0.511111,1.014849,1.012680,0.486804,,,,,,,,GLOBAL_BASELINE_NO_ENTITY_RANKING,,,NOT_APPLICABLE_GLOBAL_BASELINE,HF9g-P5,,,,X 全窗基线 · 不参与实体赏罚,15050306,1506,A168_HF9F_20260827_0900,2026-08-27 09:00:00
2026-04-26,74657362,2156,0,42.5676826154,42.5676826154,42.5676826154,1.0000000,1,1,0.50665070000000000,0.506650700000,0.9867858985152569,0.9867858985152569,0.9867858985152569,0E-17,ELIGIBLE,R03b_20260811_FULL_v1,L1_ELIGIBILITY,v2026-08-11,2026-03-21..2026-08-06,baccarat_bet02_101_all_pairs_incl_sentinel,round_win = game_pnl > 0 (decisive only),COMPATIBILITY_ONLY_NOT_PRODUCTION,234885.8996,214754.2105,9869.7735,3689,3015,-0.04201944,-0.00608590,-0.04816467,-0.04201944,-9869.7735,234885.8996,OK,0.0000,394.7909,4.0000,96.0000,AG03-UNRESOLVED,ALL5_LEVELS_bet23_to_bet27,394.7909,394.7909,394.7909,394.7909,394.7909,4.000000,4.000000,4.000000,4.000000,4.000000,96.000000,96.000000,96.000000,96.000000,96.000000,5.0,1973.9547,1822.2297,7895.8188,8047.5438,PENDING_AG03,FALSE,NOT_FOR_ENFORCEMENT,9474.9825,206164.0421,9869.7735,9474.9825,394.7909,0.04201944,0.04033866,394.7909,9474.9825,0.04033866,394.7909,394.7909,394.7909,394.7909,394.7909,9474.9825,0.04033866,1973.9547,1822.2297,7895.8188,8047.5438,0.03361555,0.0342615,0.00168078,63.6720,71.2286,3.2736,143.0402,5.0692,3404.1435,43.6957,64.4793,63.5359,42.5677,43.0663,85.2079,124.7713,127.8119,154.8004,42.604,-41.336,2.967791,3.594466,1.478463,30,203,130,8,0.14604117,0.04201944,0.00608590,0E-8,0.000000,0.914292,0.640282,0.04207877,2026-03-23,2026-08-04,69,1947,1162,135,0.511111,1.014849,1.012680,0.486804,,,,,,,,GLOBAL_BASELINE_NO_ENTITY_RANKING,,,NOT_APPLICABLE_GLOBAL_BASELINE,HF9g-P5,,,,X 全窗基线 · 不参与实体赏罚,15050307,1506,A168_HF9F_20260827_0900,2026-08-27 09:00:00
2026-04-26,74657362,2169,0,127.7030478461,-42.5676826153,-42.5676826153,0.5000000,2,2,0.49994810000000000,0.499948100000,0.00014679536856514622,0.00014679536856514622,0.00014679536856514622,0E-17,ELIGIBLE,R03b_20260811_FULL_v1,L1_ELIGIBILITY,v2026-08-11,2026-03-21..2026-08-06,baccarat_bet02_101_all_pairs_incl_sentinel,round_win = game_pnl > 0 (decisive only),COMPATIBILITY_ONLY_NOT_PRODUCTION,234885.8996,214754.2105,9869.7735,3689,3015,-0.04201944,-0.00608590,-0.04816467,-0.04201944,-9869.7735,234885.8996,OK,0.0000,394.7909,4.0000,96.0000,AG03-UNRESOLVED,ALL5_LEVELS_bet23_to_bet27,394.7909,394.7909,394.7909,394.7909,394.7909,4.000000,4.000000,4.000000,4.000000,4.000000,96.000000,96.000000,96.000000,96.000000,96.000000,5.0,1973.9547,1822.2297,7895.8188,8047.5438,PENDING_AG03,FALSE,NOT_FOR_ENFORCEMENT,9474.9825,206164.0421,9869.7735,9474.9825,394.7909,0.04201944,0.04033866,394.7909,9474.9825,0.04033866,394.7909,394.7909,394.7909,394.7909,394.7909,9474.9825,0.04033866,1973.9547,1822.2297,7895.8188,8047.5438,0.03361555,0.0342615,0.00168078,63.6720,71.2286,3.2736,143.0402,5.0692,3404.1435,43.6957,64.4793,63.5359,42.5677,43.0663,85.2079,124.7713,127.8119,154.8004,42.604,-41.336,2.967791,3.594466,1.478463,30,203,130,8,0.14604117,0.04201944,0.00608590,0E-8,0.000000,0.914292,0.640282,0.04207877,2026-03-23,2026-08-04,69,1947,1162,135,0.511111,1.014849,1.012680,0.486804,,,,,,,,GLOBAL_BASELINE_NO_ENTITY_RANKING,,,NOT_APPLICABLE_GLOBAL_BASELINE,HF9g-P5,,,,X 全窗基线 · 不参与实体赏罚,15050308,1506,A168_HF9F_20260827_0900,2026-08-27 09:00:00
2026-04-26,74657362,2188,0,42.5676826154,-42.5676826154,-42.5676826154,0E-7,1,1,0.49324550000000000,0.493245500000,-0.9865810262130424,-0.9865810262130424,-0.9865810262130424,0E-17,ELIGIBLE,R03b_20260811_FULL_v1,L1_ELIGIBILITY,v2026-08-11,2026-03-21..2026-08-06,baccarat_bet02_101_all_pairs_incl_sentinel,round_win = game_pnl > 0 (decisive only),COMPATIBILITY_ONLY_NOT_PRODUCTION,234885.8996,214754.2105,9869.7735,3689,3015,-0.04201944,-0.00608590,-0.04816467,-0.04201944,-9869.7735,234885.8996,OK,0.0000,394.7909,4.0000,96.0000,AG03-UNRESOLVED,ALL5_LEVELS_bet23_to_bet27,394.7909,394.7909,394.7909,394.7909,394.7909,4.000000,4.000000,4.000000,4.000000,4.000000,96.000000,96.000000,96.000000,96.000000,96.000000,5.0,1973.9547,1822.2297,7895.8188,8047.5438,PENDING_AG03,FALSE,NOT_FOR_ENFORCEMENT,9474.9825,206164.0421,9869.7735,9474.9825,394.7909,0.04201944,0.04033866,394.7909,9474.9825,0.04033866,394.7909,394.7909,394.7909,394.7909,394.7909,9474.9825,0.04033866,1973.9547,1822.2297,7895.8188,8047.5438,0.03361555,0.0342615,0.00168078,63.6720,71.2286,3.2736,143.0402,5.0692,3404.1435,43.6957,64.4793,63.5359,42.5677,43.0663,85.2079,124.7713,127.8119,154.8004,42.604,-41.336,2.967791,3.594466,1.478463,30,203,130,8,0.14604117,0.04201944,0.00608590,0E-8,0.000000,0.914292,0.640282,0.04207877,2026-03-23,2026-08-04,69,1947,1162,135,0.511111,1.014849,1.012680,0.486804,,,,,,,,GLOBAL_BASELINE_NO_ENTITY_RANKING,,,NOT_APPLICABLE_GLOBAL_BASELINE,HF9g-P5,,,,X 全窗基线 · 不参与实体赏罚,15050309,1506,A168_HF9F_20260827_0900,2026-08-27 09:00:00
2026-04-26,74657362,2223,0,85.1353652307,85.1353652307,85.1353652307,1.0000000,1,1,0.49324550000000000,0.493245500000,1.01360149184955,1.01360149184955,1.01360149184955,0E-17,ELIGIBLE,R03b_20260811_FULL_v1,L1_ELIGIBILITY,v2026-08-11,2026-03-21..2026-08-06,baccarat_bet02_101_all_pairs_incl_sentinel,round_win = game_pnl > 0 (decisive only),COMPATIBILITY_ONLY_NOT_PRODUCTION,234885.8996,214754.2105,9869.7735,3689,3015,-0.04201944,-0.00608590,-0.04816467,-0.04201944,-9869.7735,234885.8996,OK,0.0000,394.7909,4.0000,96.0000,AG03-UNRESOLVED,ALL5_LEVELS_bet23_to_bet27,394.7909,394.7909,394.7909,394.7909,394.7909,4.000000,4.000000,4.000000,4.000000,4.000000,96.000000,96.000000,96.000000,96.000000,96.000000,5.0,1973.9547,1822.2297,7895.8188,8047.5438,PENDING_AG03,FALSE,NOT_FOR_ENFORCEMENT,9474.9825,206164.0421,9869.7735,9474.9825,394.7909,0.04201944,0.04033866,394.7909,9474.9825,0.04033866,394.7909,394.7909,394.7909,394.7909,394.7909,9474.9825,0.04033866,1973.9547,1822.2297,7895.8188,8047.5438,0.03361555,0.0342615,0.00168078,63.6720,71.2286,3.2736,143.0402,5.0692,3404.1435,43.6957,64.4793,63.5359,42.5677,43.0663,85.2079,124.7713,127.8119,154.8004,42.604,-41.336,2.967791,3.594466,1.478463,30,203,130,8,0.14604117,0.04201944,0.00608590,0E-8,0.000000,0.914292,0.640282,0.04207877,2026-03-23,2026-08-04,69,1947,1162,135,0.511111,1.014849,1.012680,0.486804,,,,,,,,GLOBAL_BASELINE_NO_ENTITY_RANKING,,,NOT_APPLICABLE_GLOBAL_BASELINE,HF9g-P5,,,,X 全窗基线 · 不参与实体赏罚,15050310,1506,A168_HF9F_20260827_0900,2026-08-27 09:00:00
2026-04-26,74657362,2233,0,85.1353652307,-85.1353652307,-85.1353652307,0E-7,1,1,0.49324550000000000,0.493245500000,-0.9865810262130424,-0.9865810262130424,-0.9865810262130424,0E-17,ELIGIBLE,R03b_20260811_FULL_v1,L1_ELIGIBILITY,v2026-08-11,2026-03-21..2026-08-06,baccarat_bet02_101_all_pairs_incl_sentinel,round_win = game_pnl > 0 (decisive only),COMPATIBILITY_ONLY_NOT_PRODUCTION,234885.8996,214754.2105,9869.7735,3689,3015,-0.04201944,-0.00608590,-0.04816467,-0.04201944,-9869.7735,234885.8996,OK,0.0000,394.7909,4.0000,96.0000,AG03-UNRESOLVED,ALL5_LEVELS_bet23_to_bet27,394.7909,394.7909,394.7909,394.7909,394.7909,4.000000,4.000000,4.000000,4.000000,4.000000,96.000000,96.000000,96.000000,96.000000,96.000000,5.0,1973.9547,1822.2297,7895.8188,8047.5438,PENDING_AG03,FALSE,NOT_FOR_ENFORCEMENT,9474.9825,206164.0421,9869.7735,9474.9825,394.7909,0.04201944,0.04033866,394.7909,9474.9825,0.04033866,394.7909,394.7909,394.7909,394.7909,394.7909,9474.9825,0.04033866,1973.9547,1822.2297,7895.8188,8047.5438,0.03361555,0.0342615,0.00168078,63.6720,71.2286,3.2736,143.0402,5.0692,3404.1435,43.6957,64.4793,63.5359,42.5677,43.0663,85.2079,124.7713,127.8119,154.8004,42.604,-41.336,2.967791,3.594466,1.478463,30,203,130,8,0.14604117,0.04201944,0.00608590,0E-8,0.000000,0.914292,0.640282,0.04207877,2026-03-23,2026-08-04,69,1947,1162,135,0.511111,1.014849,1.012680,0.486804,,,,,,,,GLOBAL_BASELINE_NO_ENTITY_RANKING,,,NOT_APPLICABLE_GLOBAL_BASELINE,HF9g-P5,,,,X 全窗基线 · 不参与实体赏罚,15050311,1506,A168_HF9F_20260827_0900,2026-08-27 09:00:00
2026-04-26,74657362,2242,0,85.1353652308,0E-10,0E-10,0.5000000,2,2,0.49324550000000000,0.493245500000,0.01910635448239258,0.01910635448239258,0.01910635448239258,0E-17,ELIGIBLE,R03b_20260811_FULL_v1,L1_ELIGIBILITY,v2026-08-11,2026-03-21..2026-08-06,baccarat_bet02_101_all_pairs_incl_sentinel,round_win = game_pnl > 0 (decisive only),COMPATIBILITY_ONLY_NOT_PRODUCTION,234885.8996,214754.2105,9869.7735,3689,3015,-0.04201944,-0.00608590,-0.04816467,-0.04201944,-9869.7735,234885.8996,OK,0.0000,394.7909,4.0000,96.0000,AG03-UNRESOLVED,ALL5_LEVELS_bet23_to_bet27,394.7909,394.7909,394.7909,394.7909,394.7909,4.000000,4.000000,4.000000,4.000000,4.000000,96.000000,96.000000,96.000000,96.000000,96.000000,5.0,1973.9547,1822.2297,7895.8188,8047.5438,PENDING_AG03,FALSE,NOT_FOR_ENFORCEMENT,9474.9825,206164.0421,9869.7735,9474.9825,394.7909,0.04201944,0.04033866,394.7909,9474.9825,0.04033866,394.7909,394.7909,394.7909,394.7909,394.7909,9474.9825,0.04033866,1973.9547,1822.2297,7895.8188,8047.5438,0.03361555,0.0342615,0.00168078,63.6720,71.2286,3.2736,143.0402,5.0692,3404.1435,43.6957,64.4793,63.5359,42.5677,43.0663,85.2079,124.7713,127.8119,154.8004,42.604,-41.336,2.967791,3.594466,1.478463,30,203,130,8,0.14604117,0.04201944,0.00608590,0E-8,0.000000,0.914292,0.640282,0.04207877,2026-03-23,2026-08-04,69,1947,1162,135,0.511111,1.014849,1.012680,0.486804,,,,,,,,GLOBAL_BASELINE_NO_ENTITY_RANKING,,,NOT_APPLICABLE_GLOBAL_BASELINE,HF9g-P5,,,,X 全窗基线 · 不参与实体赏罚,15050312,1506,A168_HF9F_20260827_0900,2026-08-27 09:00:00
2026-04-26,74657362,2250,0,85.1353652307,0E-10,0E-10,,1,1,0.49324550000000000,0.493245500000,,,,0E-17,NO_DECISIVE_ROUND,R03b_20260811_FULL_v1,L1_ELIGIBILITY,v2026-08-11,2026-03-21..2026-08-06,baccarat_bet02_101_all_pairs_incl_sentinel,round_win = game_pnl > 0 (decisive only),COMPATIBILITY_ONLY_NOT_PRODUCTION,234885.8996,214754.2105,9869.7735,3689,3015,-0.04201944,-0.00608590,-0.04816467,-0.04201944,-9869.7735,234885.8996,OK,0.0000,394.7909,4.0000,96.0000,AG03-UNRESOLVED,ALL5_LEVELS_bet23_to_bet27,394.7909,394.7909,394.7909,394.7909,394.7909,4.000000,4.000000,4.000000,4.000000,4.000000,96.000000,96.000000,96.000000,96.000000,96.000000,5.0,1973.9547,1822.2297,7895.8188,8047.5438,PENDING_AG03,FALSE,NOT_FOR_ENFORCEMENT,9474.9825,206164.0421,9869.7735,9474.9825,394.7909,0.04201944,0.04033866,394.7909,9474.9825,0.04033866,394.7909,394.7909,394.7909,394.7909,394.7909,9474.9825,0.04033866,1973.9547,1822.2297,7895.8188,8047.5438,0.03361555,0.0342615,0.00168078,63.6720,71.2286,3.2736,143.0402,5.0692,3404.1435,43.6957,64.4793,63.5359,42.5677,43.0663,85.2079,124.7713,127.8119,154.8004,42.604,-41.336,2.967791,3.594466,1.478463,30,203,130,8,0.14604117,0.04201944,0.00608590,0E-8,0.000000,0.914292,0.640282,0.04207877,2026-03-23,2026-08-04,69,1947,1162,135,0.511111,1.014849,1.012680,0.486804,,,,,,,,GLOBAL_BASELINE_NO_ENTITY_RANKING,,,NOT_APPLICABLE_GLOBAL_BASELINE,HF9g-P5,,,,X 全窗基线 · 不参与实体赏罚,15050313,1506,A168_HF9F_20260827_0900,2026-08-27 09:00:00
2026-04-26,74657362,2251,0,85.1353652307,85.1353652307,85.1353652307,1.0000000,1,1,0.49324550000000000,0.493245500000,1.01360149184955,1.01360149184955,1.01360149184955,0E-17,ELIGIBLE,R03b_20260811_FULL_v1,L1_ELIGIBILITY,v2026-08-11,2026-03-21..2026-08-06,baccarat_bet02_101_all_pairs_incl_sentinel,round_win = game_pnl > 0 (decisive only),COMPATIBILITY_ONLY_NOT_PRODUCTION,234885.8996,214754.2105,9869.7735,3689,3015,-0.04201944,-0.00608590,-0.04816467,-0.04201944,-9869.7735,234885.8996,OK,0.0000,394.7909,4.0000,96.0000,AG03-UNRESOLVED,ALL5_LEVELS_bet23_to_bet27,394.7909,394.7909,394.7909,394.7909,394.7909,4.000000,4.000000,4.000000,4.000000,4.000000,96.000000,96.000000,96.000000,96.000000,96.000000,5.0,1973.9547,1822.2297,7895.8188,8047.5438,PENDING_AG03,FALSE,NOT_FOR_ENFORCEMENT,9474.9825,206164.0421,9869.7735,9474.9825,394.7909,0.04201944,0.04033866,394.7909,9474.9825,0.04033866,394.7909,394.7909,394.7909,394.7909,394.7909,9474.9825,0.04033866,1973.9547,1822.2297,7895.8188,8047.5438,0.03361555,0.0342615,0.00168078,63.6720,71.2286,3.2736,143.0402,5.0692,3404.1435,43.6957,64.4793,63.5359,42.5677,43.0663,85.2079,124.7713,127.8119,154.8004,42.604,-41.336,2.967791,3.594466,1.478463,30,203,130,8,0.14604117,0.04201944,0.00608590,0E-8,0.000000,0.914292,0.640282,0.04207877,2026-03-23,2026-08-04,69,1947,1162,135,0.511111,1.014849,1.012680,0.486804,,,,,,,,GLOBAL_BASELINE_NO_ENTITY_RANKING,,,NOT_APPLICABLE_GLOBAL_BASELINE,HF9g-P5,,,,X 全窗基线 · 不参与实体赏罚,15050314,1506,A168_HF9F_20260827_0900,2026-08-27 09:00:00
2026-04-26,74657362,2267,0,42.5676826154,42.5676826154,42.5676826154,1.0000000,1,1,0.49324550000000000,0.493245500000,1.01360149184955,1.01360149184955,1.01360149184955,0E-17,ELIGIBLE,R03b_20260811_FULL_v1,L1_ELIGIBILITY,v2026-08-11,2026-03-21..2026-08-06,baccarat_bet02_101_all_pairs_incl_sentinel,round_win = game_pnl > 0 (decisive only),COMPATIBILITY_ONLY_NOT_PRODUCTION,234885.8996,214754.2105,9869.7735,3689,3015,-0.04201944,-0.00608590,-0.04816467,-0.04201944,-9869.7735,234885.8996,OK,0.0000,394.7909,4.0000,96.0000,AG03-UNRESOLVED,ALL5_LEVELS_bet23_to_bet27,394.7909,394.7909,394.7909,394.7909,394.7909,4.000000,4.000000,4.000000,4.000000,4.000000,96.000000,96.000000,96.000000,96.000000,96.000000,5.0,1973.9547,1822.2297,7895.8188,8047.5438,PENDING_AG03,FALSE,NOT_FOR_ENFORCEMENT,9474.9825,206164.0421,9869.7735,9474.9825,394.7909,0.04201944,0.04033866,394.7909,9474.9825,0.04033866,394.7909,394.7909,394.7909,394.7909,394.7909,9474.9825,0.04033866,1973.9547,1822.2297,7895.8188,8047.5438,0.03361555,0.0342615,0.00168078,63.6720,71.2286,3.2736,143.0402,5.0692,3404.1435,43.6957,64.4793,63.5359,42.5677,43.0663,85.2079,124.7713,127.8119,154.8004,42.604,-41.336,2.967791,3.594466,1.478463,30,203,130,8,0.14604117,0.04201944,0.00608590,0E-8,0.000000,0.914292,0.640282,0.04207877,2026-03-23,2026-08-04,69,1947,1162,135,0.511111,1.014849,1.012680,0.486804,,,,,,,,GLOBAL_BASELINE_NO_ENTITY_RANKING,,,NOT_APPLICABLE_GLOBAL_BASELINE,HF9g-P5,,,,X 全窗基线 · 不参与实体赏罚,15050315,1506,A168_HF9F_20260827_0900,2026-08-27 09:00:00
2026-04-26,74657362,526,0,42.5676826154,42.5676826154,42.5676826154,1.0000000,1,1,0.49324550000000000,0.493245500000,1.01360149184955,1.01360149184955,1.01360149184955,0E-17,ELIGIBLE,R03b_20260811_FULL_v1,L1_ELIGIBILITY,v2026-08-11,2026-03-21..2026-08-06,baccarat_bet02_101_all_pairs_incl_sentinel,round_win = game_pnl > 0 (decisive only),COMPATIBILITY_ONLY_NOT_PRODUCTION,234885.8996,214754.2105,9869.7735,3689,3015,-0.04201944,-0.00608590,-0.04816467,-0.04201944,-9869.7735,234885.8996,OK,0.0000,394.7909,4.0000,96.0000,AG03-UNRESOLVED,ALL5_LEVELS_bet23_to_bet27,394.7909,394.7909,394.7909,394.7909,394.7909,4.000000,4.000000,4.000000,4.000000,4.000000,96.000000,96.000000,96.000000,96.000000,96.000000,5.0,1973.9547,1822.2297,7895.8188,8047.5438,PENDING_AG03,FALSE,NOT_FOR_ENFORCEMENT,9474.9825,206164.0421,9869.7735,9474.9825,394.7909,0.04201944,0.04033866,394.7909,9474.9825,0.04033866,394.7909,394.7909,394.7909,394.7909,394.7909,9474.9825,0.04033866,1973.9547,1822.2297,7895.8188,8047.5438,0.03361555,0.0342615,0.00168078,63.6720,71.2286,3.2736,143.0402,5.0692,3404.1435,43.6957,64.4793,63.5359,42.5677,43.0663,85.2079,124.7713,127.8119,154.8004,42.604,-41.336,2.967791,3.594466,1.478463,30,203,130,8,0.14604117,0.04201944,0.00608590,0E-8,0.000000,0.914292,0.640282,0.04207877,2026-03-23,2026-08-04,69,1947,1162,135,0.511111,1.014849,1.012680,0.486804,,,,,,,,GLOBAL_BASELINE_NO_ENTITY_RANKING,,,NOT_APPLICABLE_GLOBAL_BASELINE,HF9g-P5,,,,X 全窗基线 · 不参与实体赏罚,15050316,1506,A168_HF9F_20260827_0900,2026-08-27 09:00:00
2026-04-26,74657362,925,0,42.5676826154,42.5676826154,42.5676826154,1.0000000,1,1,0.49324550000000000,0.493245500000,1.01360149184955,1.01360149184955,1.01360149184955,0E-17,ELIGIBLE,R03b_20260811_FULL_v1,L1_ELIGIBILITY,v2026-08-11,2026-03-21..2026-08-06,baccarat_bet02_101_all_pairs_incl_sentinel,round_win = game_pnl > 0 (decisive only),COMPATIBILITY_ONLY_NOT_PRODUCTION,234885.8996,214754.2105,9869.7735,3689,3015,-0.04201944,-0.00608590,-0.04816467,-0.04201944,-9869.7735,234885.8996,OK,0.0000,394.7909,4.0000,96.0000,AG03-UNRESOLVED,ALL5_LEVELS_bet23_to_bet27,394.7909,394.7909,394.7909,394.7909,394.7909,4.000000,4.000000,4.000000,4.000000,4.000000,96.000000,96.000000,96.000000,96.000000,96.000000,5.0,1973.9547,1822.2297,7895.8188,8047.5438,PENDING_AG03,FALSE,NOT_FOR_ENFORCEMENT,9474.9825,206164.0421,9869.7735,9474.9825,394.7909,0.04201944,0.04033866,394.7909,9474.9825,0.04033866,394.7909,394.7909,394.7909,394.7909,394.7909,9474.9825,0.04033866,1973.9547,1822.2297,7895.8188,8047.5438,0.03361555,0.0342615,0.00168078,63.6720,71.2286,3.2736,143.0402,5.0692,3404.1435,43.6957,64.4793,63.5359,42.5677,43.0663,85.2079,124.7713,127.8119,154.8004,42.604,-41.336,2.967791,3.594466,1.478463,30,203,130,8,0.14604117,0.04201944,0.00608590,0E-8,0.000000,0.914292,0.640282,0.04207877,2026-03-23,2026-08-04,69,1947,1162,135,0.511111,1.014849,1.012680,0.486804,,,,,,,,GLOBAL_BASELINE_NO_ENTITY_RANKING,,,NOT_APPLICABLE_GLOBAL_BASELINE,HF9g-P5,,,,X 全窗基线 · 不参与实体赏罚,15050317,1506,A168_HF9F_20260827_0900,2026-08-27 09:00:00
2026-04-27,74657362,1110,0,42.5676826154,-42.5676826154,-42.5676826154,0E-7,1,1,0.49324550000000000,0.493245500000,-0.9865810262130424,-0.9865810262130424,-0.9865810262130424,0E-17,ELIGIBLE,R03b_20260811_FULL_v1,L1_ELIGIBILITY,v2026-08-11,2026-03-21..2026-08-06,baccarat_bet02_101_all_pairs_incl_sentinel,round_win = game_pnl > 0 (decisive only),COMPATIBILITY_ONLY_NOT_PRODUCTION,234885.8996,214754.2105,9869.7735,3689,3015,-0.04201944,-0.00608590,-0.04816467,-0.04201944,-9869.7735,234885.8996,OK,0.0000,394.7909,4.0000,96.0000,AG03-UNRESOLVED,ALL5_LEVELS_bet23_to_bet27,394.7909,394.7909,394.7909,394.7909,394.7909,4.000000,4.000000,4.000000,4.000000,4.000000,96.000000,96.000000,96.000000,96.000000,96.000000,5.0,1973.9547,1822.2297,7895.8188,8047.5438,PENDING_AG03,FALSE,NOT_FOR_ENFORCEMENT,9474.9825,206164.0421,9869.7735,9474.9825,394.7909,0.04201944,0.04033866,394.7909,9474.9825,0.04033866,394.7909,394.7909,394.7909,394.7909,394.7909,9474.9825,0.04033866,1973.9547,1822.2297,7895.8188,8047.5438,0.03361555,0.0342615,0.00168078,63.6720,71.2286,3.2736,143.0402,5.0692,3404.1435,43.6957,64.4793,63.5359,42.5677,43.0663,85.2079,124.7713,127.8119,154.8004,42.604,-41.336,2.967791,3.594466,1.478463,30,203,130,8,0.14604117,0.04201944,0.00608590,0E-8,0.000000,0.914292,0.640282,0.04207877,2026-03-23,2026-08-04,69,1947,1162,135,0.511111,1.014849,1.012680,0.486804,,,,,,,,GLOBAL_BASELINE_NO_ENTITY_RANKING,,,NOT_APPLICABLE_GLOBAL_BASELINE,HF9g-P5,,,,X 全窗基线 · 不参与实体赏罚,15050318,1506,A168_HF9F_20260827_0900,2026-08-27 09:00:00
2026-04-27,74657362,1382,0,212.8384130770,85.1353652308,85.1353652308,0.7500000,5,5,0.49324550000000000,0.493245500000,1.0271117246678039,1.0271117246678039,1.0271117246678039,0E-17,ELIGIBLE,R03b_20260811_FULL_v1,L1_ELIGIBILITY,v2026-08-11,2026-03-21..2026-08-06,baccarat_bet02_101_all_pairs_incl_sentinel,round_win = game_pnl > 0 (decisive only),COMPATIBILITY_ONLY_NOT_PRODUCTION,234885.8996,214754.2105,9869.7735,3689,3015,-0.04201944,-0.00608590,-0.04816467,-0.04201944,-9869.7735,234885.8996,OK,0.0000,394.7909,4.0000,96.0000,AG03-UNRESOLVED,ALL5_LEVELS_bet23_to_bet27,394.7909,394.7909,394.7909,394.7909,394.7909,4.000000,4.000000,4.000000,4.000000,4.000000,96.000000,96.000000,96.000000,96.000000,96.000000,5.0,1973.9547,1822.2297,7895.8188,8047.5438,PENDING_AG03,FALSE,NOT_FOR_ENFORCEMENT,9474.9825,206164.0421,9869.7735,9474.9825,394.7909,0.04201944,0.04033866,394.7909,9474.9825,0.04033866,394.7909,394.7909,394.7909,394.7909,394.7909,9474.9825,0.04033866,1973.9547,1822.2297,7895.8188,8047.5438,0.03361555,0.0342615,0.00168078,63.6720,71.2286,3.2736,143.0402,5.0692,3404.1435,43.6957,64.4793,63.5359,42.5677,43.0663,85.2079,124.7713,127.8119,154.8004,42.604,-41.336,2.967791,3.594466,1.478463,30,203,130,8,0.14604117,0.04201944,0.00608590,0E-8,0.000000,0.914292,0.640282,0.04207877,2026-03-23,2026-08-04,69,1947,1162,135,0.511111,1.014849,1.012680,0.486804,,,,,,,,GLOBAL_BASELINE_NO_ENTITY_RANKING,,,NOT_APPLICABLE_GLOBAL_BASELINE,HF9g-P5,,,,X 全窗基线 · 不参与实体赏罚,15050319,1506,A168_HF9F_20260827_0900,2026-08-27 09:00:00
2026-04-27,74657362,1385,0,42.5676826154,0E-10,0E-10,,1,1,0.49324550000000000,0.493245500000,,,,0E-17,NO_DECISIVE_ROUND,R03b_20260811_FULL_v1,L1_ELIGIBILITY,v2026-08-11,2026-03-21..2026-08-06,baccarat_bet02_101_all_pairs_incl_sentinel,round_win = game_pnl > 0 (decisive only),COMPATIBILITY_ONLY_NOT_PRODUCTION,234885.8996,214754.2105,9869.7735,3689,3015,-0.04201944,-0.00608590,-0.04816467,-0.04201944,-9869.7735,234885.8996,OK,0.0000,394.7909,4.0000,96.0000,AG03-UNRESOLVED,ALL5_LEVELS_bet23_to_bet27,394.7909,394.7909,394.7909,394.7909,394.7909,4.000000,4.000000,4.000000,4.000000,4.000000,96.000000,96.000000,96.000000,96.000000,96.000000,5.0,1973.9547,1822.2297,7895.8188,8047.5438,PENDING_AG03,FALSE,NOT_FOR_ENFORCEMENT,9474.9825,206164.0421,9869.7735,9474.9825,394.7909,0.04201944,0.04033866,394.7909,9474.9825,0.04033866,394.7909,394.7909,394.7909,394.7909,394.7909,9474.9825,0.04033866,1973.9547,1822.2297,7895.8188,8047.5438,0.03361555,0.0342615,0.00168078,63.6720,71.2286,3.2736,143.0402,5.0692,3404.1435,43.6957,64.4793,63.5359,42.5677,43.0663,85.2079,124.7713,127.8119,154.8004,42.604,-41.336,2.967791,3.594466,1.478463,30,203,130,8,0.14604117,0.04201944,0.00608590,0E-8,0.000000,0.914292,0.640282,0.04207877,2026-03-23,2026-08-04,69,1947,1162,135,0.511111,1.014849,1.012680,0.486804,,,,,,,,GLOBAL_BASELINE_NO_ENTITY_RANKING,,,NOT_APPLICABLE_GLOBAL_BASELINE,HF9g-P5,,,,X 全窗基线 · 不参与实体赏罚,15050320,1506,A168_HF9F_20260827_0900,2026-08-27 09:00:00
2026-04-27,74657362,1396,0,42.5676826154,0E-10,0E-10,,1,1,0.49324550000000000,0.493245500000,,,,0E-17,NO_DECISIVE_ROUND,R03b_20260811_FULL_v1,L1_ELIGIBILITY,v2026-08-11,2026-03-21..2026-08-06,baccarat_bet02_101_all_pairs_incl_sentinel,round_win = game_pnl > 0 (decisive only),COMPATIBILITY_ONLY_NOT_PRODUCTION,234885.8996,214754.2105,9869.7735,3689,3015,-0.04201944,-0.00608590,-0.04816467,-0.04201944,-9869.7735,234885.8996,OK,0.0000,394.7909,4.0000,96.0000,AG03-UNRESOLVED,ALL5_LEVELS_bet23_to_bet27,394.7909,394.7909,394.7909,394.7909,394.7909,4.000000,4.000000,4.000000,4.000000,4.000000,96.000000,96.000000,96.000000,96.000000,96.000000,5.0,1973.9547,1822.2297,7895.8188,8047.5438,PENDING_AG03,FALSE,NOT_FOR_ENFORCEMENT,9474.9825,206164.0421,9869.7735,9474.9825,394.7909,0.04201944,0.04033866,394.7909,9474.9825,0.04033866,394.7909,394.7909,394.7909,394.7909,394.7909,9474.9825,0.04033866,1973.9547,1822.2297,7895.8188,8047.5438,0.03361555,0.0342615,0.00168078,63.6720,71.2286,3.2736,143.0402,5.0692,3404.1435,43.6957,64.4793,63.5359,42.5677,43.0663,85.2079,124.7713,127.8119,154.8004,42.604,-41.336,2.967791,3.594466,1.478463,30,203,130,8,0.14604117,0.04201944,0.00608590,0E-8,0.000000,0.914292,0.640282,0.04207877,2026-03-23,2026-08-04,69,1947,1162,135,0.511111,1.014849,1.012680,0.486804,,,,,,,,GLOBAL_BASELINE_NO_ENTITY_RANKING,,,NOT_APPLICABLE_GLOBAL_BASELINE,HF9g-P5,,,,X 全窗基线 · 不参与实体赏罚,15050321,1506,A168_HF9F_20260827_0900,2026-08-27 09:00:00
2026-04-27,74657362,1401,0,1021.6243827689,-383.1091435384,-383.1091435384,0.2500000,13,8,0.42610886666661862,0.360033343750,-1.0072822305034386,-0.6483645612282734,-1.0072822305034386,0.06607552291661862,ELIGIBLE,R03b_20260811_FULL_v1,L1_ELIGIBILITY,v2026-08-11,2026-03-21..2026-08-06,baccarat_bet02_101_all_pairs_incl_sentinel,round_win = game_pnl > 0 (decisive only),COMPATIBILITY_ONLY_NOT_PRODUCTION,234885.8996,214754.2105,9869.7735,3689,3015,-0.04201944,-0.00608590,-0.04816467,-0.04201944,-9869.7735,234885.8996,OK,0.0000,394.7909,4.0000,96.0000,AG03-UNRESOLVED,ALL5_LEVELS_bet23_to_bet27,394.7909,394.7909,394.7909,394.7909,394.7909,4.000000,4.000000,4.000000,4.000000,4.000000,96.000000,96.000000,96.000000,96.000000,96.000000,5.0,1973.9547,1822.2297,7895.8188,8047.5438,PENDING_AG03,FALSE,NOT_FOR_ENFORCEMENT,9474.9825,206164.0421,9869.7735,9474.9825,394.7909,0.04201944,0.04033866,394.7909,9474.9825,0.04033866,394.7909,394.7909,394.7909,394.7909,394.7909,9474.9825,0.04033866,1973.9547,1822.2297,7895.8188,8047.5438,0.03361555,0.0342615,0.00168078,63.6720,71.2286,3.2736,143.0402,5.0692,3404.1435,43.6957,64.4793,63.5359,42.5677,43.0663,85.2079,124.7713,127.8119,154.8004,42.604,-41.336,2.967791,3.594466,1.478463,30,203,130,8,0.14604117,0.04201944,0.00608590,0E-8,0.000000,0.914292,0.640282,0.04207877,2026-03-23,2026-08-04,69,1947,1162,135,0.511111,1.014849,1.012680,0.486804,,,,,,,,GLOBAL_BASELINE_NO_ENTITY_RANKING,,,NOT_APPLICABLE_GLOBAL_BASELINE,HF9g-P5,,,,X 全窗基线 · 不参与实体赏罚,15050322,1506,A168_HF9F_20260827_0900,2026-08-27 09:00:00
2026-04-27,74657362,1623,0,42.5676826154,-42.5676826154,-42.5676826154,0E-7,1,1,0.49324550000000000,0.493245500000,-0.9865810262130424,-0.9865810262130424,-0.9865810262130424,0E-17,ELIGIBLE,R03b_20260811_FULL_v1,L1_ELIGIBILITY,v2026-08-11,2026-03-21..2026-08-06,baccarat_bet02_101_all_pairs_incl_sentinel,round_win = game_pnl > 0 (decisive only),COMPATIBILITY_ONLY_NOT_PRODUCTION,234885.8996,214754.2105,9869.7735,3689,3015,-0.04201944,-0.00608590,-0.04816467,-0.04201944,-9869.7735,234885.8996,OK,0.0000,394.7909,4.0000,96.0000,AG03-UNRESOLVED,ALL5_LEVELS_bet23_to_bet27,394.7909,394.7909,394.7909,394.7909,394.7909,4.000000,4.000000,4.000000,4.000000,4.000000,96.000000,96.000000,96.000000,96.000000,96.000000,5.0,1973.9547,1822.2297,7895.8188,8047.5438,PENDING_AG03,FALSE,NOT_FOR_ENFORCEMENT,9474.9825,206164.0421,9869.7735,9474.9825,394.7909,0.04201944,0.04033866,394.7909,9474.9825,0.04033866,394.7909,394.7909,394.7909,394.7909,394.7909,9474.9825,0.04033866,1973.9547,1822.2297,7895.8188,8047.5438,0.03361555,0.0342615,0.00168078,63.6720,71.2286,3.2736,143.0402,5.0692,3404.1435,43.6957,64.4793,63.5359,42.5677,43.0663,85.2079,124.7713,127.8119,154.8004,42.604,-41.336,2.967791,3.594466,1.478463,30,203,130,8,0.14604117,0.04201944,0.00608590,0E-8,0.000000,0.914292,0.640282,0.04207877,2026-03-23,2026-08-04,69,1947,1162,135,0.511111,1.014849,1.012680,0.486804,,,,,,,,GLOBAL_BASELINE_NO_ENTITY_RANKING,,,NOT_APPLICABLE_GLOBAL_BASELINE,HF9g-P5,,,,X 全窗基线 · 不参与实体赏罚,15050323,1506,A168_HF9F_20260827_0900,2026-08-27 09:00:00
2026-04-27,74657362,1994,0,85.1353652308,85.1353652308,85.1353652308,1.0000000,2,2,0.50665070000000000,0.506650700000,1.3955260008387969,1.3955260008387969,1.3955260008387969,0E-17,ELIGIBLE,R03b_20260811_FULL_v1,L1_ELIGIBILITY,v2026-08-11,2026-03-21..2026-08-06,baccarat_bet02_101_all_pairs_incl_sentinel,round_win = game_pnl > 0 (decisive only),COMPATIBILITY_ONLY_NOT_PRODUCTION,234885.8996,214754.2105,9869.7735,3689,3015,-0.04201944,-0.00608590,-0.04816467,-0.04201944,-9869.7735,234885.8996,OK,0.0000,394.7909,4.0000,96.0000,AG03-UNRESOLVED,ALL5_LEVELS_bet23_to_bet27,394.7909,394.7909,394.7909,394.7909,394.7909,4.000000,4.000000,4.000000,4.000000,4.000000,96.000000,96.000000,96.000000,96.000000,96.000000,5.0,1973.9547,1822.2297,7895.8188,8047.5438,PENDING_AG03,FALSE,NOT_FOR_ENFORCEMENT,9474.9825,206164.0421,9869.7735,9474.9825,394.7909,0.04201944,0.04033866,394.7909,9474.9825,0.04033866,394.7909,394.7909,394.7909,394.7909,394.7909,9474.9825,0.04033866,1973.9547,1822.2297,7895.8188,8047.5438,0.03361555,0.0342615,0.00168078,63.6720,71.2286,3.2736,143.0402,5.0692,3404.1435,43.6957,64.4793,63.5359,42.5677,43.0663,85.2079,124.7713,127.8119,154.8004,42.604,-41.336,2.967791,3.594466,1.478463,30,203,130,8,0.14604117,0.04201944,0.00608590,0E-8,0.000000,0.914292,0.640282,0.04207877,2026-03-23,2026-08-04,69,1947,1162,135,0.511111,1.014849,1.012680,0.486804,,,,,,,,GLOBAL_BASELINE_NO_ENTITY_RANKING,,,NOT_APPLICABLE_GLOBAL_BASELINE,HF9g-P5,,,,X 全窗基线 · 不参与实体赏罚,15050324,1506,A168_HF9F_20260827_0900,2026-08-27 09:00:00
2026-04-27,74657362,2088,0,42.5676826154,0E-10,0E-10,,1,1,0.49324550000000000,0.493245500000,,,,0E-17,NO_DECISIVE_ROUND,R03b_20260811_FULL_v1,L1_ELIGIBILITY,v2026-08-11,2026-03-21..2026-08-06,baccarat_bet02_101_all_pairs_incl_sentinel,round_win = game_pnl > 0 (decisive only),COMPATIBILITY_ONLY_NOT_PRODUCTION,234885.8996,214754.2105,9869.7735,3689,3015,-0.04201944,-0.00608590,-0.04816467,-0.04201944,-9869.7735,234885.8996,OK,0.0000,394.7909,4.0000,96.0000,AG03-UNRESOLVED,ALL5_LEVELS_bet23_to_bet27,394.7909,394.7909,394.7909,394.7909,394.7909,4.000000,4.000000,4.000000,4.000000,4.000000,96.000000,96.000000,96.000000,96.000000,96.000000,5.0,1973.9547,1822.2297,7895.8188,8047.5438,PENDING_AG03,FALSE,NOT_FOR_ENFORCEMENT,9474.9825,206164.0421,9869.7735,9474.9825,394.7909,0.04201944,0.04033866,394.7909,9474.9825,0.04033866,394.7909,394.7909,394.7909,394.7909,394.7909,9474.9825,0.04033866,1973.9547,1822.2297,7895.8188,8047.5438,0.03361555,0.0342615,0.00168078,63.6720,71.2286,3.2736,143.0402,5.0692,3404.1435,43.6957,64.4793,63.5359,42.5677,43.0663,85.2079,124.7713,127.8119,154.8004,42.604,-41.336,2.967791,3.594466,1.478463,30,203,130,8,0.14604117,0.04201944,0.00608590,0E-8,0.000000,0.914292,0.640282,0.04207877,2026-03-23,2026-08-04,69,1947,1162,135,0.511111,1.014849,1.012680,0.486804,,,,,,,,GLOBAL_BASELINE_NO_ENTITY_RANKING,,,NOT_APPLICABLE_GLOBAL_BASELINE,HF9g-P5,,,,X 全窗基线 · 不参与实体赏罚,15050325,1506,A168_HF9F_20260827_0900,2026-08-27 09:00:00
2026-04-27,74657362,2152,0,42.5676826154,0E-10,0E-10,,1,1,0.50665070000000000,0.506650700000,,,,0E-17,NO_DECISIVE_ROUND,R03b_20260811_FULL_v1,L1_ELIGIBILITY,v2026-08-11,2026-03-21..2026-08-06,baccarat_bet02_101_all_pairs_incl_sentinel,round_win = game_pnl > 0 (decisive only),COMPATIBILITY_ONLY_NOT_PRODUCTION,234885.8996,214754.2105,9869.7735,3689,3015,-0.04201944,-0.00608590,-0.04816467,-0.04201944,-9869.7735,234885.8996,OK,0.0000,394.7909,4.0000,96.0000,AG03-UNRESOLVED,ALL5_LEVELS_bet23_to_bet27,394.7909,394.7909,394.7909,394.7909,394.7909,4.000000,4.000000,4.000000,4.000000,4.000000,96.000000,96.000000,96.000000,96.000000,96.000000,5.0,1973.9547,1822.2297,7895.8188,8047.5438,PENDING_AG03,FALSE,NOT_FOR_ENFORCEMENT,9474.9825,206164.0421,9869.7735,9474.9825,394.7909,0.04201944,0.04033866,394.7909,9474.9825,0.04033866,394.7909,394.7909,394.7909,394.7909,394.7909,9474.9825,0.04033866,1973.9547,1822.2297,7895.8188,8047.5438,0.03361555,0.0342615,0.00168078,63.6720,71.2286,3.2736,143.0402,5.0692,3404.1435,43.6957,64.4793,63.5359,42.5677,43.0663,85.2079,124.7713,127.8119,154.8004,42.604,-41.336,2.967791,3.594466,1.478463,30,203,130,8,0.14604117,0.04201944,0.00608590,0E-8,0.000000,0.914292,0.640282,0.04207877,2026-03-23,2026-08-04,69,1947,1162,135,0.511111,1.014849,1.012680,0.486804,,,,,,,,GLOBAL_BASELINE_NO_ENTITY_RANKING,,,NOT_APPLICABLE_GLOBAL_BASELINE,HF9g-P5,,,,X 全窗基线 · 不参与实体赏罚,15050326,1506,A168_HF9F_20260827_0900,2026-08-27 09:00:00
2026-04-27,74657362,2162,0,425.6768261537,-127.7030478462,-127.7030478462,0.3333333,6,3,0.36820674722212121,0.280106050000,-0.1252338489687997,0.20530495052270473,-0.1252338489687997,0.08810069722212121,ELIGIBLE,R03b_20260811_FULL_v1,L1_ELIGIBILITY,v2026-08-11,2026-03-21..2026-08-06,baccarat_bet02_101_all_pairs_incl_sentinel,round_win = game_pnl > 0 (decisive only),COMPATIBILITY_ONLY_NOT_PRODUCTION,234885.8996,214754.2105,9869.7735,3689,3015,-0.04201944,-0.00608590,-0.04816467,-0.04201944,-9869.7735,234885.8996,OK,0.0000,394.7909,4.0000,96.0000,AG03-UNRESOLVED,ALL5_LEVELS_bet23_to_bet27,394.7909,394.7909,394.7909,394.7909,394.7909,4.000000,4.000000,4.000000,4.000000,4.000000,96.000000,96.000000,96.000000,96.000000,96.000000,5.0,1973.9547,1822.2297,7895.8188,8047.5438,PENDING_AG03,FALSE,NOT_FOR_ENFORCEMENT,9474.9825,206164.0421,9869.7735,9474.9825,394.7909,0.04201944,0.04033866,394.7909,9474.9825,0.04033866,394.7909,394.7909,394.7909,394.7909,394.7909,9474.9825,0.04033866,1973.9547,1822.2297,7895.8188,8047.5438,0.03361555,0.0342615,0.00168078,63.6720,71.2286,3.2736,143.0402,5.0692,3404.1435,43.6957,64.4793,63.5359,42.5677,43.0663,85.2079,124.7713,127.8119,154.8004,42.604,-41.336,2.967791,3.594466,1.478463,30,203,130,8,0.14604117,0.04201944,0.00608590,0E-8,0.000000,0.914292,0.640282,0.04207877,2026-03-23,2026-08-04,69,1947,1162,135,0.511111,1.014849,1.012680,0.486804,,,,,,,,GLOBAL_BASELINE_NO_ENTITY_RANKING,,,NOT_APPLICABLE_GLOBAL_BASELINE,HF9g-P5,,,,X 全窗基线 · 不参与实体赏罚,15050327,1506,A168_HF9F_20260827_0900,2026-08-27 09:00:00
2026-04-27,74657362,2188,0,170.2707304615,-170.2707304615,-170.2707304615,0E-7,2,1,0.39337837499993348,0.280106050000,-0.8052788575960974,-0.6237735893609975,-0.8052788575960974,0.11327232499993348,ELIGIBLE,R03b_20260811_FULL_v1,L1_ELIGIBILITY,v2026-08-11,2026-03-21..2026-08-06,baccarat_bet02_101_all_pairs_incl_sentinel,round_win = game_pnl > 0 (decisive only),COMPATIBILITY_ONLY_NOT_PRODUCTION,234885.8996,214754.2105,9869.7735,3689,3015,-0.04201944,-0.00608590,-0.04816467,-0.04201944,-9869.7735,234885.8996,OK,0.0000,394.7909,4.0000,96.0000,AG03-UNRESOLVED,ALL5_LEVELS_bet23_to_bet27,394.7909,394.7909,394.7909,394.7909,394.7909,4.000000,4.000000,4.000000,4.000000,4.000000,96.000000,96.000000,96.000000,96.000000,96.000000,5.0,1973.9547,1822.2297,7895.8188,8047.5438,PENDING_AG03,FALSE,NOT_FOR_ENFORCEMENT,9474.9825,206164.0421,9869.7735,9474.9825,394.7909,0.04201944,0.04033866,394.7909,9474.9825,0.04033866,394.7909,394.7909,394.7909,394.7909,394.7909,9474.9825,0.04033866,1973.9547,1822.2297,7895.8188,8047.5438,0.03361555,0.0342615,0.00168078,63.6720,71.2286,3.2736,143.0402,5.0692,3404.1435,43.6957,64.4793,63.5359,42.5677,43.0663,85.2079,124.7713,127.8119,154.8004,42.604,-41.336,2.967791,3.594466,1.478463,30,203,130,8,0.14604117,0.04201944,0.00608590,0E-8,0.000000,0.914292,0.640282,0.04207877,2026-03-23,2026-08-04,69,1947,1162,135,0.511111,1.014849,1.012680,0.486804,,,,,,,,GLOBAL_BASELINE_NO_ENTITY_RANKING,,,NOT_APPLICABLE_GLOBAL_BASELINE,HF9g-P5,,,,X 全窗基线 · 不参与实体赏罚,15050328,1506,A168_HF9F_20260827_0900,2026-08-27 09:00:00
2026-04-27,74657362,2234,0,85.1353652307,-85.1353652307,-85.1353652307,0E-7,1,1,0.49324550000000000,0.493245500000,-0.9865810262130424,-0.9865810262130424,-0.9865810262130424,0E-17,ELIGIBLE,R03b_20260811_FULL_v1,L1_ELIGIBILITY,v2026-08-11,2026-03-21..2026-08-06,baccarat_bet02_101_all_pairs_incl_sentinel,round_win = game_pnl > 0 (decisive only),COMPATIBILITY_ONLY_NOT_PRODUCTION,234885.8996,214754.2105,9869.7735,3689,3015,-0.04201944,-0.00608590,-0.04816467,-0.04201944,-9869.7735,234885.8996,OK,0.0000,394.7909,4.0000,96.0000,AG03-UNRESOLVED,ALL5_LEVELS_bet23_to_bet27,394.7909,394.7909,394.7909,394.7909,394.7909,4.000000,4.000000,4.000000,4.000000,4.000000,96.000000,96.000000,96.000000,96.000000,96.000000,5.0,1973.9547,1822.2297,7895.8188,8047.5438,PENDING_AG03,FALSE,NOT_FOR_ENFORCEMENT,9474.9825,206164.0421,9869.7735,9474.9825,394.7909,0.04201944,0.04033866,394.7909,9474.9825,0.04033866,394.7909,394.7909,394.7909,394.7909,394.7909,9474.9825,0.04033866,1973.9547,1822.2297,7895.8188,8047.5438,0.03361555,0.0342615,0.00168078,63.6720,71.2286,3.2736,143.0402,5.0692,3404.1435,43.6957,64.4793,63.5359,42.5677,43.0663,85.2079,124.7713,127.8119,154.8004,42.604,-41.336,2.967791,3.594466,1.478463,30,203,130,8,0.14604117,0.04201944,0.00608590,0E-8,0.000000,0.914292,0.640282,0.04207877,2026-03-23,2026-08-04,69,1947,1162,135,0.511111,1.014849,1.012680,0.486804,,,,,,,,GLOBAL_BASELINE_NO_ENTITY_RANKING,,,NOT_APPLICABLE_GLOBAL_BASELINE,HF9g-P5,,,,X 全窗基线 · 不参与实体赏罚,15050329,1506,A168_HF9F_20260827_0900,2026-08-27 09:00:00
2026-04-27,74657362,627,0,127.7030478461,-127.7030478461,-127.7030478461,0E-7,2,2,0.49324550000000000,0.493245500000,-1.3952362676504506,-1.3952362676504506,-1.3952362676504506,0E-17,ELIGIBLE,R03b_20260811_FULL_v1,L1_ELIGIBILITY,v2026-08-11,2026-03-21..2026-08-06,baccarat_bet02_101_all_pairs_incl_sentinel,round_win = game_pnl > 0 (decisive only),COMPATIBILITY_ONLY_NOT_PRODUCTION,234885.8996,214754.2105,9869.7735,3689,3015,-0.04201944,-0.00608590,-0.04816467,-0.04201944,-9869.7735,234885.8996,OK,0.0000,394.7909,4.0000,96.0000,AG03-UNRESOLVED,ALL5_LEVELS_bet23_to_bet27,394.7909,394.7909,394.7909,394.7909,394.7909,4.000000,4.000000,4.000000,4.000000,4.000000,96.000000,96.000000,96.000000,96.000000,96.000000,5.0,1973.9547,1822.2297,7895.8188,8047.5438,PENDING_AG03,FALSE,NOT_FOR_ENFORCEMENT,9474.9825,206164.0421,9869.7735,9474.9825,394.7909,0.04201944,0.04033866,394.7909,9474.9825,0.04033866,394.7909,394.7909,394.7909,394.7909,394.7909,9474.9825,0.04033866,1973.9547,1822.2297,7895.8188,8047.5438,0.03361555,0.0342615,0.00168078,63.6720,71.2286,3.2736,143.0402,5.0692,3404.1435,43.6957,64.4793,63.5359,42.5677,43.0663,85.2079,124.7713,127.8119,154.8004,42.604,-41.336,2.967791,3.594466,1.478463,30,203,130,8,0.14604117,0.04201944,0.00608590,0E-8,0.000000,0.914292,0.640282,0.04207877,2026-03-23,2026-08-04,69,1947,1162,135,0.511111,1.014849,1.012680,0.486804,,,,,,,,GLOBAL_BASELINE_NO_ENTITY_RANKING,,,NOT_APPLICABLE_GLOBAL_BASELINE,HF9g-P5,,,,X 全窗基线 · 不参与实体赏罚,15050330,1506,A168_HF9F_20260827_0900,2026-08-27 09:00:00
2026-04-30,74657362,-1,1,688.0638751362,42.0690430947,42.0690430947,0.5555556,11,10,0.48325878750000000,0.471931555000,0.4340239627830863,0.5025364624006756,0.4340239627830863,0.01132723250000000,SENTINEL_DEALER,R03b_20260811_FULL_v1,L1_ELIGIBILITY,v2026-08-11,2026-03-21..2026-08-06,baccarat_bet02_101_all_pairs_incl_sentinel,round_win = game_pnl > 0 (decisive only),COMPATIBILITY_ONLY_NOT_PRODUCTION,234885.8996,214754.2105,9869.7735,3689,3015,-0.04201944,-0.00608590,-0.04816467,-0.04201944,-9869.7735,234885.8996,OK,0.0000,394.7909,4.0000,96.0000,AG03-UNRESOLVED,ALL5_LEVELS_bet23_to_bet27,394.7909,394.7909,394.7909,394.7909,394.7909,4.000000,4.000000,4.000000,4.000000,4.000000,96.000000,96.000000,96.000000,96.000000,96.000000,5.0,1973.9547,1822.2297,7895.8188,8047.5438,PENDING_AG03,FALSE,NOT_FOR_ENFORCEMENT,9474.9825,206164.0421,9869.7735,9474.9825,394.7909,0.04201944,0.04033866,394.7909,9474.9825,0.04033866,394.7909,394.7909,394.7909,394.7909,394.7909,9474.9825,0.04033866,1973.9547,1822.2297,7895.8188,8047.5438,0.03361555,0.0342615,0.00168078,63.6720,71.2286,3.2736,143.0402,5.0692,3404.1435,43.6957,64.4793,63.5359,42.5677,43.0663,85.2079,124.7713,127.8119,154.8004,42.604,-41.336,2.967791,3.594466,1.478463,30,203,130,8,0.14604117,0.04201944,0.00608590,0E-8,0.000000,0.914292,0.640282,0.04207877,2026-03-23,2026-08-04,69,1947,1162,135,0.511111,1.014849,1.012680,0.486804,,,,,,,,GLOBAL_BASELINE_NO_ENTITY_RANKING,,,NOT_APPLICABLE_GLOBAL_BASELINE,HF9g-P5,,,,X 全窗基线 · 不参与实体赏罚,15050331,1506,A168_HF9F_20260827_0900,2026-08-27 09:00:00
2026-04-30,74657362,1363,0,17.2265288544,-17.2265288544,-17.2265288544,0E-7,1,1,0.09460280000000000,0.094602800000,-0.32324545095860213,-0.32324545095860213,-0.32324545095860213,0E-17,ELIGIBLE,R03b_20260811_FULL_v1,L1_ELIGIBILITY,v2026-08-11,2026-03-21..2026-08-06,baccarat_bet02_101_all_pairs_incl_sentinel,round_win = game_pnl > 0 (decisive only),COMPATIBILITY_ONLY_NOT_PRODUCTION,234885.8996,214754.2105,9869.7735,3689,3015,-0.04201944,-0.00608590,-0.04816467,-0.04201944,-9869.7735,234885.8996,OK,0.0000,394.7909,4.0000,96.0000,AG03-UNRESOLVED,ALL5_LEVELS_bet23_to_bet27,394.7909,394.7909,394.7909,394.7909,394.7909,4.000000,4.000000,4.000000,4.000000,4.000000,96.000000,96.000000,96.000000,96.000000,96.000000,5.0,1973.9547,1822.2297,7895.8188,8047.5438,PENDING_AG03,FALSE,NOT_FOR_ENFORCEMENT,9474.9825,206164.0421,9869.7735,9474.9825,394.7909,0.04201944,0.04033866,394.7909,9474.9825,0.04033866,394.7909,394.7909,394.7909,394.7909,394.7909,9474.9825,0.04033866,1973.9547,1822.2297,7895.8188,8047.5438,0.03361555,0.0342615,0.00168078,63.6720,71.2286,3.2736,143.0402,5.0692,3404.1435,43.6957,64.4793,63.5359,42.5677,43.0663,85.2079,124.7713,127.8119,154.8004,42.604,-41.336,2.967791,3.594466,1.478463,30,203,130,8,0.14604117,0.04201944,0.00608590,0E-8,0.000000,0.914292,0.640282,0.04207877,2026-03-23,2026-08-04,69,1947,1162,135,0.511111,1.014849,1.012680,0.486804,,,,,,,,GLOBAL_BASELINE_NO_ENTITY_RANKING,,,NOT_APPLICABLE_GLOBAL_BASELINE,HF9g-P5,,,,X 全窗基线 · 不参与实体赏罚,15050332,1506,A168_HF9F_20260827_0900,2026-08-27 09:00:00
2026-04-30,74657362,1405,0,127.7030478461,-42.5676826153,-42.5676826153,0.5000000,2,2,0.49994810000000000,0.499948100000,0.00014679536856514622,0.00014679536856514622,0.00014679536856514622,0E-17,ELIGIBLE,R03b_20260811_FULL_v1,L1_ELIGIBILITY,v2026-08-11,2026-03-21..2026-08-06,baccarat_bet02_101_all_pairs_incl_sentinel,round_win = game_pnl > 0 (decisive only),COMPATIBILITY_ONLY_NOT_PRODUCTION,234885.8996,214754.2105,9869.7735,3689,3015,-0.04201944,-0.00608590,-0.04816467,-0.04201944,-9869.7735,234885.8996,OK,0.0000,394.7909,4.0000,96.0000,AG03-UNRESOLVED,ALL5_LEVELS_bet23_to_bet27,394.7909,394.7909,394.7909,394.7909,394.7909,4.000000,4.000000,4.000000,4.000000,4.000000,96.000000,96.000000,96.000000,96.000000,96.000000,5.0,1973.9547,1822.2297,7895.8188,8047.5438,PENDING_AG03,FALSE,NOT_FOR_ENFORCEMENT,9474.9825,206164.0421,9869.7735,9474.9825,394.7909,0.04201944,0.04033866,394.7909,9474.9825,0.04033866,394.7909,394.7909,394.7909,394.7909,394.7909,9474.9825,0.04033866,1973.9547,1822.2297,7895.8188,8047.5438,0.03361555,0.0342615,0.00168078,63.6720,71.2286,3.2736,143.0402,5.0692,3404.1435,43.6957,64.4793,63.5359,42.5677,43.0663,85.2079,124.7713,127.8119,154.8004,42.604,-41.336,2.967791,3.594466,1.478463,30,203,130,8,0.14604117,0.04201944,0.00608590,0E-8,0.000000,0.914292,0.640282,0.04207877,2026-03-23,2026-08-04,69,1947,1162,135,0.511111,1.014849,1.012680,0.486804,,,,,,,,GLOBAL_BASELINE_NO_ENTITY_RANKING,,,NOT_APPLICABLE_GLOBAL_BASELINE,HF9g-P5,,,,X 全窗基线 · 不参与实体赏罚,15050333,1506,A168_HF9F_20260827_0900,2026-08-27 09:00:00
2026-04-30,74657362,1966,0,344.5305770888,-86.1326442722,-86.1326442722,0.5000000,4,2,0.39337837500000000,0.280106050000,0.3086711997975373,0.6925207201862208,0.3086711997975373,0.11327232500000000,ELIGIBLE,R03b_20260811_FULL_v1,L1_ELIGIBILITY,v2026-08-11,2026-03-21..2026-08-06,baccarat_bet02_101_all_pairs_incl_sentinel,round_win = game_pnl > 0 (decisive only),COMPATIBILITY_ONLY_NOT_PRODUCTION,234885.8996,214754.2105,9869.7735,3689,3015,-0.04201944,-0.00608590,-0.04816467,-0.04201944,-9869.7735,234885.8996,OK,0.0000,394.7909,4.0000,96.0000,AG03-UNRESOLVED,ALL5_LEVELS_bet23_to_bet27,394.7909,394.7909,394.7909,394.7909,394.7909,4.000000,4.000000,4.000000,4.000000,4.000000,96.000000,96.000000,96.000000,96.000000,96.000000,5.0,1973.9547,1822.2297,7895.8188,8047.5438,PENDING_AG03,FALSE,NOT_FOR_ENFORCEMENT,9474.9825,206164.0421,9869.7735,9474.9825,394.7909,0.04201944,0.04033866,394.7909,9474.9825,0.04033866,394.7909,394.7909,394.7909,394.7909,394.7909,9474.9825,0.04033866,1973.9547,1822.2297,7895.8188,8047.5438,0.03361555,0.0342615,0.00168078,63.6720,71.2286,3.2736,143.0402,5.0692,3404.1435,43.6957,64.4793,63.5359,42.5677,43.0663,85.2079,124.7713,127.8119,154.8004,42.604,-41.336,2.967791,3.594466,1.478463,30,203,130,8,0.14604117,0.04201944,0.00608590,0E-8,0.000000,0.914292,0.640282,0.04207877,2026-03-23,2026-08-04,69,1947,1162,135,0.511111,1.014849,1.012680,0.486804,,,,,,,,GLOBAL_BASELINE_NO_ENTITY_RANKING,,,NOT_APPLICABLE_GLOBAL_BASELINE,HF9g-P5,,,,X 全窗基线 · 不参与实体赏罚,15050334,1506,A168_HF9F_20260827_0900,2026-08-27 09:00:00
2026-04-30,74657362,2223,0,86.1326442722,0E-10,0E-10,,1,1,0.49324550000000000,0.493245500000,,,,0E-17,NO_DECISIVE_ROUND,R03b_20260811_FULL_v1,L1_ELIGIBILITY,v2026-08-11,2026-03-21..2026-08-06,baccarat_bet02_101_all_pairs_incl_sentinel,round_win = game_pnl > 0 (decisive only),COMPATIBILITY_ONLY_NOT_PRODUCTION,234885.8996,214754.2105,9869.7735,3689,3015,-0.04201944,-0.00608590,-0.04816467,-0.04201944,-9869.7735,234885.8996,OK,0.0000,394.7909,4.0000,96.0000,AG03-UNRESOLVED,ALL5_LEVELS_bet23_to_bet27,394.7909,394.7909,394.7909,394.7909,394.7909,4.000000,4.000000,4.000000,4.000000,4.000000,96.000000,96.000000,96.000000,96.000000,96.000000,5.0,1973.9547,1822.2297,7895.8188,8047.5438,PENDING_AG03,FALSE,NOT_FOR_ENFORCEMENT,9474.9825,206164.0421,9869.7735,9474.9825,394.7909,0.04201944,0.04033866,394.7909,9474.9825,0.04033866,394.7909,394.7909,394.7909,394.7909,394.7909,9474.9825,0.04033866,1973.9547,1822.2297,7895.8188,8047.5438,0.03361555,0.0342615,0.00168078,63.6720,71.2286,3.2736,143.0402,5.0692,3404.1435,43.6957,64.4793,63.5359,42.5677,43.0663,85.2079,124.7713,127.8119,154.8004,42.604,-41.336,2.967791,3.594466,1.478463,30,203,130,8,0.14604117,0.04201944,0.00608590,0E-8,0.000000,0.914292,0.640282,0.04207877,2026-03-23,2026-08-04,69,1947,1162,135,0.511111,1.014849,1.012680,0.486804,,,,,,,,GLOBAL_BASELINE_NO_ENTITY_RANKING,,,NOT_APPLICABLE_GLOBAL_BASELINE,HF9g-P5,,,,X 全窗基线 · 不参与实体赏罚,15050335,1506,A168_HF9F_20260827_0900,2026-08-27 09:00:00
2026-04-30,74657362,2250,0,86.1326442722,-86.1326442722,-86.1326442722,0E-7,1,1,0.50665070000000000,0.506650700000,-1.013391052207602,-1.013391052207602,-1.013391052207602,0E-17,ELIGIBLE,R03b_20260811_FULL_v1,L1_ELIGIBILITY,v2026-08-11,2026-03-21..2026-08-06,baccarat_bet02_101_all_pairs_incl_sentinel,round_win = game_pnl > 0 (decisive only),COMPATIBILITY_ONLY_NOT_PRODUCTION,234885.8996,214754.2105,9869.7735,3689,3015,-0.04201944,-0.00608590,-0.04816467,-0.04201944,-9869.7735,234885.8996,OK,0.0000,394.7909,4.0000,96.0000,AG03-UNRESOLVED,ALL5_LEVELS_bet23_to_bet27,394.7909,394.7909,394.7909,394.7909,394.7909,4.000000,4.000000,4.000000,4.000000,4.000000,96.000000,96.000000,96.000000,96.000000,96.000000,5.0,1973.9547,1822.2297,7895.8188,8047.5438,PENDING_AG03,FALSE,NOT_FOR_ENFORCEMENT,9474.9825,206164.0421,9869.7735,9474.9825,394.7909,0.04201944,0.04033866,394.7909,9474.9825,0.04033866,394.7909,394.7909,394.7909,394.7909,394.7909,9474.9825,0.04033866,1973.9547,1822.2297,7895.8188,8047.5438,0.03361555,0.0342615,0.00168078,63.6720,71.2286,3.2736,143.0402,5.0692,3404.1435,43.6957,64.4793,63.5359,42.5677,43.0663,85.2079,124.7713,127.8119,154.8004,42.604,-41.336,2.967791,3.594466,1.478463,30,203,130,8,0.14604117,0.04201944,0.00608590,0E-8,0.000000,0.914292,0.640282,0.04207877,2026-03-23,2026-08-04,69,1947,1162,135,0.511111,1.014849,1.012680,0.486804,,,,,,,,GLOBAL_BASELINE_NO_ENTITY_RANKING,,,NOT_APPLICABLE_GLOBAL_BASELINE,HF9g-P5,,,,X 全窗基线 · 不参与实体赏罚,15050336,1506,A168_HF9F_20260827_0900,2026-08-27 09:00:00
2026-04-30,74657362,2254,0,85.1353652308,85.1353652308,85.1353652308,1.0000000,2,2,0.49324550000000000,0.493245500000,1.4334489766152358,1.4334489766152358,1.4334489766152358,0E-17,ELIGIBLE,R03b_20260811_FULL_v1,L1_ELIGIBILITY,v2026-08-11,2026-03-21..2026-08-06,baccarat_bet02_101_all_pairs_incl_sentinel,round_win = game_pnl > 0 (decisive only),COMPATIBILITY_ONLY_NOT_PRODUCTION,234885.8996,214754.2105,9869.7735,3689,3015,-0.04201944,-0.00608590,-0.04816467,-0.04201944,-9869.7735,234885.8996,OK,0.0000,394.7909,4.0000,96.0000,AG03-UNRESOLVED,ALL5_LEVELS_bet23_to_bet27,394.7909,394.7909,394.7909,394.7909,394.7909,4.000000,4.000000,4.000000,4.000000,4.000000,96.000000,96.000000,96.000000,96.000000,96.000000,5.0,1973.9547,1822.2297,7895.8188,8047.5438,PENDING_AG03,FALSE,NOT_FOR_ENFORCEMENT,9474.9825,206164.0421,9869.7735,9474.9825,394.7909,0.04201944,0.04033866,394.7909,9474.9825,0.04033866,394.7909,394.7909,394.7909,394.7909,394.7909,9474.9825,0.04033866,1973.9547,1822.2297,7895.8188,8047.5438,0.03361555,0.0342615,0.00168078,63.6720,71.2286,3.2736,143.0402,5.0692,3404.1435,43.6957,64.4793,63.5359,42.5677,43.0663,85.2079,124.7713,127.8119,154.8004,42.604,-41.336,2.967791,3.594466,1.478463,30,203,130,8,0.14604117,0.04201944,0.00608590,0E-8,0.000000,0.914292,0.640282,0.04207877,2026-03-23,2026-08-04,69,1947,1162,135,0.511111,1.014849,1.012680,0.486804,,,,,,,,GLOBAL_BASELINE_NO_ENTITY_RANKING,,,NOT_APPLICABLE_GLOBAL_BASELINE,HF9g-P5,,,,X 全窗基线 · 不参与实体赏罚,15050337,1506,A168_HF9F_20260827_0900,2026-08-27 09:00:00
2026-04-30,74657362,529,0,172.2652885444,-172.2652885444,-172.2652885444,0E-7,2,1,0.39337837500000000,0.280106050000,-0.8052788575962098,-0.6237735893609975,-0.8052788575962098,0.11327232500000000,ELIGIBLE,R03b_20260811_FULL_v1,L1_ELIGIBILITY,v2026-08-11,2026-03-21..2026-08-06,baccarat_bet02_101_all_pairs_incl_sentinel,round_win = game_pnl > 0 (decisive only),COMPATIBILITY_ONLY_NOT_PRODUCTION,234885.8996,214754.2105,9869.7735,3689,3015,-0.04201944,-0.00608590,-0.04816467,-0.04201944,-9869.7735,234885.8996,OK,0.0000,394.7909,4.0000,96.0000,AG03-UNRESOLVED,ALL5_LEVELS_bet23_to_bet27,394.7909,394.7909,394.7909,394.7909,394.7909,4.000000,4.000000,4.000000,4.000000,4.000000,96.000000,96.000000,96.000000,96.000000,96.000000,5.0,1973.9547,1822.2297,7895.8188,8047.5438,PENDING_AG03,FALSE,NOT_FOR_ENFORCEMENT,9474.9825,206164.0421,9869.7735,9474.9825,394.7909,0.04201944,0.04033866,394.7909,9474.9825,0.04033866,394.7909,394.7909,394.7909,394.7909,394.7909,9474.9825,0.04033866,1973.9547,1822.2297,7895.8188,8047.5438,0.03361555,0.0342615,0.00168078,63.6720,71.2286,3.2736,143.0402,5.0692,3404.1435,43.6957,64.4793,63.5359,42.5677,43.0663,85.2079,124.7713,127.8119,154.8004,42.604,-41.336,2.967791,3.594466,1.478463,30,203,130,8,0.14604117,0.04201944,0.00608590,0E-8,0.000000,0.914292,0.640282,0.04207877,2026-03-23,2026-08-04,69,1947,1162,135,0.511111,1.014849,1.012680,0.486804,,,,,,,,GLOBAL_BASELINE_NO_ENTITY_RANKING,,,NOT_APPLICABLE_GLOBAL_BASELINE,HF9g-P5,,,,X 全窗基线 · 不参与实体赏罚,15050338,1506,A168_HF9F_20260827_0900,2026-08-27 09:00:00
2026-04-30,74657362,583,0,172.2652885444,-172.2652885444,-172.2652885444,0E-7,1,1,0.49324550000000000,0.493245500000,-0.9865810262130424,-0.9865810262130424,-0.9865810262130424,0E-17,ELIGIBLE,R03b_20260811_FULL_v1,L1_ELIGIBILITY,v2026-08-11,2026-03-21..2026-08-06,baccarat_bet02_101_all_pairs_incl_sentinel,round_win = game_pnl > 0 (decisive only),COMPATIBILITY_ONLY_NOT_PRODUCTION,234885.8996,214754.2105,9869.7735,3689,3015,-0.04201944,-0.00608590,-0.04816467,-0.04201944,-9869.7735,234885.8996,OK,0.0000,394.7909,4.0000,96.0000,AG03-UNRESOLVED,ALL5_LEVELS_bet23_to_bet27,394.7909,394.7909,394.7909,394.7909,394.7909,4.000000,4.000000,4.000000,4.000000,4.000000,96.000000,96.000000,96.000000,96.000000,96.000000,5.0,1973.9547,1822.2297,7895.8188,8047.5438,PENDING_AG03,FALSE,NOT_FOR_ENFORCEMENT,9474.9825,206164.0421,9869.7735,9474.9825,394.7909,0.04201944,0.04033866,394.7909,9474.9825,0.04033866,394.7909,394.7909,394.7909,394.7909,394.7909,9474.9825,0.04033866,1973.9547,1822.2297,7895.8188,8047.5438,0.03361555,0.0342615,0.00168078,63.6720,71.2286,3.2736,143.0402,5.0692,3404.1435,43.6957,64.4793,63.5359,42.5677,43.0663,85.2079,124.7713,127.8119,154.8004,42.604,-41.336,2.967791,3.594466,1.478463,30,203,130,8,0.14604117,0.04201944,0.00608590,0E-8,0.000000,0.914292,0.640282,0.04207877,2026-03-23,2026-08-04,69,1947,1162,135,0.511111,1.014849,1.012680,0.486804,,,,,,,,GLOBAL_BASELINE_NO_ENTITY_RANKING,,,NOT_APPLICABLE_GLOBAL_BASELINE,HF9g-P5,,,,X 全窗基线 · 不参与实体赏罚,15050339,1506,A168_HF9F_20260827_0900,2026-08-27 09:00:00
2026-04-30,74657362,752,0,258.3979328166,0E-10,0E-10,0.5000000,3,2,0.22346988750000000,0.166833725000,0.9387906859859643,1.2637706545161431,0.9387906859859643,0.05663616250000000,ELIGIBLE,R03b_20260811_FULL_v1,L1_ELIGIBILITY,v2026-08-11,2026-03-21..2026-08-06,baccarat_bet02_101_all_pairs_incl_sentinel,round_win = game_pnl > 0 (decisive only),COMPATIBILITY_ONLY_NOT_PRODUCTION,234885.8996,214754.2105,9869.7735,3689,3015,-0.04201944,-0.00608590,-0.04816467,-0.04201944,-9869.7735,234885.8996,OK,0.0000,394.7909,4.0000,96.0000,AG03-UNRESOLVED,ALL5_LEVELS_bet23_to_bet27,394.7909,394.7909,394.7909,394.7909,394.7909,4.000000,4.000000,4.000000,4.000000,4.000000,96.000000,96.000000,96.000000,96.000000,96.000000,5.0,1973.9547,1822.2297,7895.8188,8047.5438,PENDING_AG03,FALSE,NOT_FOR_ENFORCEMENT,9474.9825,206164.0421,9869.7735,9474.9825,394.7909,0.04201944,0.04033866,394.7909,9474.9825,0.04033866,394.7909,394.7909,394.7909,394.7909,394.7909,9474.9825,0.04033866,1973.9547,1822.2297,7895.8188,8047.5438,0.03361555,0.0342615,0.00168078,63.6720,71.2286,3.2736,143.0402,5.0692,3404.1435,43.6957,64.4793,63.5359,42.5677,43.0663,85.2079,124.7713,127.8119,154.8004,42.604,-41.336,2.967791,3.594466,1.478463,30,203,130,8,0.14604117,0.04201944,0.00608590,0E-8,0.000000,0.914292,0.640282,0.04207877,2026-03-23,2026-08-04,69,1947,1162,135,0.511111,1.014849,1.012680,0.486804,,,,,,,,GLOBAL_BASELINE_NO_ENTITY_RANKING,,,NOT_APPLICABLE_GLOBAL_BASELINE,HF9g-P5,,,,X 全窗基线 · 不参与实体赏罚,15050340,1506,A168_HF9F_20260827_0900,2026-08-27 09:00:00
2026-04-30,74657362,925,0,43.0663221361,-43.0663221361,-43.0663221361,0E-7,1,1,0.49324550000000000,0.493245500000,-0.9865810262130424,-0.9865810262130424,-0.9865810262130424,0E-17,ELIGIBLE,R03b_20260811_FULL_v1,L1_ELIGIBILITY,v2026-08-11,2026-03-21..2026-08-06,baccarat_bet02_101_all_pairs_incl_sentinel,round_win = game_pnl > 0 (decisive only),COMPATIBILITY_ONLY_NOT_PRODUCTION,234885.8996,214754.2105,9869.7735,3689,3015,-0.04201944,-0.00608590,-0.04816467,-0.04201944,-9869.7735,234885.8996,OK,0.0000,394.7909,4.0000,96.0000,AG03-UNRESOLVED,ALL5_LEVELS_bet23_to_bet27,394.7909,394.7909,394.7909,394.7909,394.7909,4.000000,4.000000,4.000000,4.000000,4.000000,96.000000,96.000000,96.000000,96.000000,96.000000,5.0,1973.9547,1822.2297,7895.8188,8047.5438,PENDING_AG03,FALSE,NOT_FOR_ENFORCEMENT,9474.9825,206164.0421,9869.7735,9474.9825,394.7909,0.04201944,0.04033866,394.7909,9474.9825,0.04033866,394.7909,394.7909,394.7909,394.7909,394.7909,9474.9825,0.04033866,1973.9547,1822.2297,7895.8188,8047.5438,0.03361555,0.0342615,0.00168078,63.6720,71.2286,3.2736,143.0402,5.0692,3404.1435,43.6957,64.4793,63.5359,42.5677,43.0663,85.2079,124.7713,127.8119,154.8004,42.604,-41.336,2.967791,3.594466,1.478463,30,203,130,8,0.14604117,0.04201944,0.00608590,0E-8,0.000000,0.914292,0.640282,0.04207877,2026-03-23,2026-08-04,69,1947,1162,135,0.511111,1.014849,1.012680,0.486804,,,,,,,,GLOBAL_BASELINE_NO_ENTITY_RANKING,,,NOT_APPLICABLE_GLOBAL_BASELINE,HF9g-P5,,,,X 全窗基线 · 不参与实体赏罚,15050341,1506,A168_HF9F_20260827_0900,2026-08-27 09:00:00
2026-04-30,74657362,970,0,258.3979328166,-258.3979328166,-258.3979328166,0E-7,2,1,0.35562093333333333,0.280106050000,-0.7428873223046834,-0.6237735893609975,-0.7428873223046834,0.07551488333333333,ELIGIBLE,R03b_20260811_FULL_v1,L1_ELIGIBILITY,v2026-08-11,2026-03-21..2026-08-06,baccarat_bet02_101_all_pairs_incl_sentinel,round_win = game_pnl > 0 (decisive only),COMPATIBILITY_ONLY_NOT_PRODUCTION,234885.8996,214754.2105,9869.7735,3689,3015,-0.04201944,-0.00608590,-0.04816467,-0.04201944,-9869.7735,234885.8996,OK,0.0000,394.7909,4.0000,96.0000,AG03-UNRESOLVED,ALL5_LEVELS_bet23_to_bet27,394.7909,394.7909,394.7909,394.7909,394.7909,4.000000,4.000000,4.000000,4.000000,4.000000,96.000000,96.000000,96.000000,96.000000,96.000000,5.0,1973.9547,1822.2297,7895.8188,8047.5438,PENDING_AG03,FALSE,NOT_FOR_ENFORCEMENT,9474.9825,206164.0421,9869.7735,9474.9825,394.7909,0.04201944,0.04033866,394.7909,9474.9825,0.04033866,394.7909,394.7909,394.7909,394.7909,394.7909,9474.9825,0.04033866,1973.9547,1822.2297,7895.8188,8047.5438,0.03361555,0.0342615,0.00168078,63.6720,71.2286,3.2736,143.0402,5.0692,3404.1435,43.6957,64.4793,63.5359,42.5677,43.0663,85.2079,124.7713,127.8119,154.8004,42.604,-41.336,2.967791,3.594466,1.478463,30,203,130,8,0.14604117,0.04201944,0.00608590,0E-8,0.000000,0.914292,0.640282,0.04207877,2026-03-23,2026-08-04,69,1947,1162,135,0.511111,1.014849,1.012680,0.486804,,,,,,,,GLOBAL_BASELINE_NO_ENTITY_RANKING,,,NOT_APPLICABLE_GLOBAL_BASELINE,HF9g-P5,,,,X 全窗基线 · 不参与实体赏罚,15050342,1506,A168_HF9F_20260827_0900,2026-08-27 09:00:00
2026-05-01,74657362,-1,1,215.3316106805,-43.0663221361,-43.0663221361,0.5000000,4,4,0.49324550000000000,0.493245500000,0.027020465636507562,0.027020465636507562,0.027020465636507562,0E-17,SENTINEL_DEALER,R03b_20260811_FULL_v1,L1_ELIGIBILITY,v2026-08-11,2026-03-21..2026-08-06,baccarat_bet02_101_all_pairs_incl_sentinel,round_win = game_pnl > 0 (decisive only),COMPATIBILITY_ONLY_NOT_PRODUCTION,234885.8996,214754.2105,9869.7735,3689,3015,-0.04201944,-0.00608590,-0.04816467,-0.04201944,-9869.7735,234885.8996,OK,0.0000,394.7909,4.0000,96.0000,AG03-UNRESOLVED,ALL5_LEVELS_bet23_to_bet27,394.7909,394.7909,394.7909,394.7909,394.7909,4.000000,4.000000,4.000000,4.000000,4.000000,96.000000,96.000000,96.000000,96.000000,96.000000,5.0,1973.9547,1822.2297,7895.8188,8047.5438,PENDING_AG03,FALSE,NOT_FOR_ENFORCEMENT,9474.9825,206164.0421,9869.7735,9474.9825,394.7909,0.04201944,0.04033866,394.7909,9474.9825,0.04033866,394.7909,394.7909,394.7909,394.7909,394.7909,9474.9825,0.04033866,1973.9547,1822.2297,7895.8188,8047.5438,0.03361555,0.0342615,0.00168078,63.6720,71.2286,3.2736,143.0402,5.0692,3404.1435,43.6957,64.4793,63.5359,42.5677,43.0663,85.2079,124.7713,127.8119,154.8004,42.604,-41.336,2.967791,3.594466,1.478463,30,203,130,8,0.14604117,0.04201944,0.00608590,0E-8,0.000000,0.914292,0.640282,0.04207877,2026-03-23,2026-08-04,69,1947,1162,135,0.511111,1.014849,1.012680,0.486804,,,,,,,,GLOBAL_BASELINE_NO_ENTITY_RANKING,,,NOT_APPLICABLE_GLOBAL_BASELINE,HF9g-P5,,,,X 全窗基线 · 不参与实体赏罚,15050343,1506,A168_HF9F_20260827_0900,2026-08-27 09:00:00
2026-05-01,74657362,1384,0,86.1326442722,-86.1326442722,-86.1326442722,0E-7,1,1,0.49324550000000000,0.493245500000,-0.9865810262130424,-0.9865810262130424,-0.9865810262130424,0E-17,ELIGIBLE,R03b_20260811_FULL_v1,L1_ELIGIBILITY,v2026-08-11,2026-03-21..2026-08-06,baccarat_bet02_101_all_pairs_incl_sentinel,round_win = game_pnl > 0 (decisive only),COMPATIBILITY_ONLY_NOT_PRODUCTION,234885.8996,214754.2105,9869.7735,3689,3015,-0.04201944,-0.00608590,-0.04816467,-0.04201944,-9869.7735,234885.8996,OK,0.0000,394.7909,4.0000,96.0000,AG03-UNRESOLVED,ALL5_LEVELS_bet23_to_bet27,394.7909,394.7909,394.7909,394.7909,394.7909,4.000000,4.000000,4.000000,4.000000,4.000000,96.000000,96.000000,96.000000,96.000000,96.000000,5.0,1973.9547,1822.2297,7895.8188,8047.5438,PENDING_AG03,FALSE,NOT_FOR_ENFORCEMENT,9474.9825,206164.0421,9869.7735,9474.9825,394.7909,0.04201944,0.04033866,394.7909,9474.9825,0.04033866,394.7909,394.7909,394.7909,394.7909,394.7909,9474.9825,0.04033866,1973.9547,1822.2297,7895.8188,8047.5438,0.03361555,0.0342615,0.00168078,63.6720,71.2286,3.2736,143.0402,5.0692,3404.1435,43.6957,64.4793,63.5359,42.5677,43.0663,85.2079,124.7713,127.8119,154.8004,42.604,-41.336,2.967791,3.594466,1.478463,30,203,130,8,0.14604117,0.04201944,0.00608590,0E-8,0.000000,0.914292,0.640282,0.04207877,2026-03-23,2026-08-04,69,1947,1162,135,0.511111,1.014849,1.012680,0.486804,,,,,,,,GLOBAL_BASELINE_NO_ENTITY_RANKING,,,NOT_APPLICABLE_GLOBAL_BASELINE,HF9g-P5,,,,X 全窗基线 · 不参与实体赏罚,15050344,1506,A168_HF9F_20260827_0900,2026-08-27 09:00:00
2026-05-01,74657362,1396,0,86.1326442722,0E-10,0E-10,0.5000000,2,2,0.49324550000000000,0.493245500000,0.01910635448239258,0.01910635448239258,0.01910635448239258,0E-17,ELIGIBLE,R03b_20260811_FULL_v1,L1_ELIGIBILITY,v2026-08-11,2026-03-21..2026-08-06,baccarat_bet02_101_all_pairs_incl_sentinel,round_win = game_pnl > 0 (decisive only),COMPATIBILITY_ONLY_NOT_PRODUCTION,234885.8996,214754.2105,9869.7735,3689,3015,-0.04201944,-0.00608590,-0.04816467,-0.04201944,-9869.7735,234885.8996,OK,0.0000,394.7909,4.0000,96.0000,AG03-UNRESOLVED,ALL5_LEVELS_bet23_to_bet27,394.7909,394.7909,394.7909,394.7909,394.7909,4.000000,4.000000,4.000000,4.000000,4.000000,96.000000,96.000000,96.000000,96.000000,96.000000,5.0,1973.9547,1822.2297,7895.8188,8047.5438,PENDING_AG03,FALSE,NOT_FOR_ENFORCEMENT,9474.9825,206164.0421,9869.7735,9474.9825,394.7909,0.04201944,0.04033866,394.7909,9474.9825,0.04033866,394.7909,394.7909,394.7909,394.7909,394.7909,9474.9825,0.04033866,1973.9547,1822.2297,7895.8188,8047.5438,0.03361555,0.0342615,0.00168078,63.6720,71.2286,3.2736,143.0402,5.0692,3404.1435,43.6957,64.4793,63.5359,42.5677,43.0663,85.2079,124.7713,127.8119,154.8004,42.604,-41.336,2.967791,3.594466,1.478463,30,203,130,8,0.14604117,0.04201944,0.00608590,0E-8,0.000000,0.914292,0.640282,0.04207877,2026-03-23,2026-08-04,69,1947,1162,135,0.511111,1.014849,1.012680,0.486804,,,,,,,,GLOBAL_BASELINE_NO_ENTITY_RANKING,,,NOT_APPLICABLE_GLOBAL_BASELINE,HF9g-P5,,,,X 全窗基线 · 不参与实体赏罚,15050345,1506,A168_HF9F_20260827_0900,2026-08-27 09:00:00
2026-05-01,74657362,1645,0,129.1989664083,43.0663221361,43.0663221361,0.6666667,3,3,0.49324550000000000,0.493245500000,0.6008033672792107,0.6008033672792106,0.6008033672792107,0E-17,ELIGIBLE,R03b_20260811_FULL_v1,L1_ELIGIBILITY,v2026-08-11,2026-03-21..2026-08-06,baccarat_bet02_101_all_pairs_incl_sentinel,round_win = game_pnl > 0 (decisive only),COMPATIBILITY_ONLY_NOT_PRODUCTION,234885.8996,214754.2105,9869.7735,3689,3015,-0.04201944,-0.00608590,-0.04816467,-0.04201944,-9869.7735,234885.8996,OK,0.0000,394.7909,4.0000,96.0000,AG03-UNRESOLVED,ALL5_LEVELS_bet23_to_bet27,394.7909,394.7909,394.7909,394.7909,394.7909,4.000000,4.000000,4.000000,4.000000,4.000000,96.000000,96.000000,96.000000,96.000000,96.000000,5.0,1973.9547,1822.2297,7895.8188,8047.5438,PENDING_AG03,FALSE,NOT_FOR_ENFORCEMENT,9474.9825,206164.0421,9869.7735,9474.9825,394.7909,0.04201944,0.04033866,394.7909,9474.9825,0.04033866,394.7909,394.7909,394.7909,394.7909,394.7909,9474.9825,0.04033866,1973.9547,1822.2297,7895.8188,8047.5438,0.03361555,0.0342615,0.00168078,63.6720,71.2286,3.2736,143.0402,5.0692,3404.1435,43.6957,64.4793,63.5359,42.5677,43.0663,85.2079,124.7713,127.8119,154.8004,42.604,-41.336,2.967791,3.594466,1.478463,30,203,130,8,0.14604117,0.04201944,0.00608590,0E-8,0.000000,0.914292,0.640282,0.04207877,2026-03-23,2026-08-04,69,1947,1162,135,0.511111,1.014849,1.012680,0.486804,,,,,,,,GLOBAL_BASELINE_NO_ENTITY_RANKING,,,NOT_APPLICABLE_GLOBAL_BASELINE,HF9g-P5,,,,X 全窗基线 · 不参与实体赏罚,15050346,1506,A168_HF9F_20260827_0900,2026-08-27 09:00:00
2026-05-01,74657362,1646,0,86.1326442722,43.0663221361,43.0663221361,1.0000000,1,1,0.50665070000000000,0.506650700000,0.9867858985152569,0.9867858985152569,0.9867858985152569,0E-17,ELIGIBLE,R03b_20260811_FULL_v1,L1_ELIGIBILITY,v2026-08-11,2026-03-21..2026-08-06,baccarat_bet02_101_all_pairs_incl_sentinel,round_win = game_pnl > 0 (decisive only),COMPATIBILITY_ONLY_NOT_PRODUCTION,234885.8996,214754.2105,9869.7735,3689,3015,-0.04201944,-0.00608590,-0.04816467,-0.04201944,-9869.7735,234885.8996,OK,0.0000,394.7909,4.0000,96.0000,AG03-UNRESOLVED,ALL5_LEVELS_bet23_to_bet27,394.7909,394.7909,394.7909,394.7909,394.7909,4.000000,4.000000,4.000000,4.000000,4.000000,96.000000,96.000000,96.000000,96.000000,96.000000,5.0,1973.9547,1822.2297,7895.8188,8047.5438,PENDING_AG03,FALSE,NOT_FOR_ENFORCEMENT,9474.9825,206164.0421,9869.7735,9474.9825,394.7909,0.04201944,0.04033866,394.7909,9474.9825,0.04033866,394.7909,394.7909,394.7909,394.7909,394.7909,9474.9825,0.04033866,1973.9547,1822.2297,7895.8188,8047.5438,0.03361555,0.0342615,0.00168078,63.6720,71.2286,3.2736,143.0402,5.0692,3404.1435,43.6957,64.4793,63.5359,42.5677,43.0663,85.2079,124.7713,127.8119,154.8004,42.604,-41.336,2.967791,3.594466,1.478463,30,203,130,8,0.14604117,0.04201944,0.00608590,0E-8,0.000000,0.914292,0.640282,0.04207877,2026-03-23,2026-08-04,69,1947,1162,135,0.511111,1.014849,1.012680,0.486804,,,,,,,,GLOBAL_BASELINE_NO_ENTITY_RANKING,,,NOT_APPLICABLE_GLOBAL_BASELINE,HF9g-P5,,,,X 全窗基线 · 不参与实体赏罚,15050347,1506,A168_HF9F_20260827_0900,2026-08-27 09:00:00
2026-05-01,74657362,1714,0,86.1326442722,86.1326442722,86.1326442722,1.0000000,1,1,0.49324550000000000,0.493245500000,1.01360149184955,1.01360149184955,1.01360149184955,0E-17,ELIGIBLE,R03b_20260811_FULL_v1,L1_ELIGIBILITY,v2026-08-11,2026-03-21..2026-08-06,baccarat_bet02_101_all_pairs_incl_sentinel,round_win = game_pnl > 0 (decisive only),COMPATIBILITY_ONLY_NOT_PRODUCTION,234885.8996,214754.2105,9869.7735,3689,3015,-0.04201944,-0.00608590,-0.04816467,-0.04201944,-9869.7735,234885.8996,OK,0.0000,394.7909,4.0000,96.0000,AG03-UNRESOLVED,ALL5_LEVELS_bet23_to_bet27,394.7909,394.7909,394.7909,394.7909,394.7909,4.000000,4.000000,4.000000,4.000000,4.000000,96.000000,96.000000,96.000000,96.000000,96.000000,5.0,1973.9547,1822.2297,7895.8188,8047.5438,PENDING_AG03,FALSE,NOT_FOR_ENFORCEMENT,9474.9825,206164.0421,9869.7735,9474.9825,394.7909,0.04201944,0.04033866,394.7909,9474.9825,0.04033866,394.7909,394.7909,394.7909,394.7909,394.7909,9474.9825,0.04033866,1973.9547,1822.2297,7895.8188,8047.5438,0.03361555,0.0342615,0.00168078,63.6720,71.2286,3.2736,143.0402,5.0692,3404.1435,43.6957,64.4793,63.5359,42.5677,43.0663,85.2079,124.7713,127.8119,154.8004,42.604,-41.336,2.967791,3.594466,1.478463,30,203,130,8,0.14604117,0.04201944,0.00608590,0E-8,0.000000,0.914292,0.640282,0.04207877,2026-03-23,2026-08-04,69,1947,1162,135,0.511111,1.014849,1.012680,0.486804,,,,,,,,GLOBAL_BASELINE_NO_ENTITY_RANKING,,,NOT_APPLICABLE_GLOBAL_BASELINE,HF9g-P5,,,,X 全窗基线 · 不参与实体赏罚,15050348,1506,A168_HF9F_20260827_0900,2026-08-27 09:00:00
2026-05-01,74657362,1951,0,387.5968992249,-43.0663221361,-43.0663221361,0.6666667,5,3,0.42666741666666667,0.351152533333,0.8404704731458678,1.1448807041139781,0.8404704731458678,0.07551488333366667,ELIGIBLE,R03b_20260811_FULL_v1,L1_ELIGIBILITY,v2026-08-11,2026-03-21..2026-08-06,baccarat_bet02_101_all_pairs_incl_sentinel,round_win = game_pnl > 0 (decisive only),COMPATIBILITY_ONLY_NOT_PRODUCTION,234885.8996,214754.2105,9869.7735,3689,3015,-0.04201944,-0.00608590,-0.04816467,-0.04201944,-9869.7735,234885.8996,OK,0.0000,394.7909,4.0000,96.0000,AG03-UNRESOLVED,ALL5_LEVELS_bet23_to_bet27,394.7909,394.7909,394.7909,394.7909,394.7909,4.000000,4.000000,4.000000,4.000000,4.000000,96.000000,96.000000,96.000000,96.000000,96.000000,5.0,1973.9547,1822.2297,7895.8188,8047.5438,PENDING_AG03,FALSE,NOT_FOR_ENFORCEMENT,9474.9825,206164.0421,9869.7735,9474.9825,394.7909,0.04201944,0.04033866,394.7909,9474.9825,0.04033866,394.7909,394.7909,394.7909,394.7909,394.7909,9474.9825,0.04033866,1973.9547,1822.2297,7895.8188,8047.5438,0.03361555,0.0342615,0.00168078,63.6720,71.2286,3.2736,143.0402,5.0692,3404.1435,43.6957,64.4793,63.5359,42.5677,43.0663,85.2079,124.7713,127.8119,154.8004,42.604,-41.336,2.967791,3.594466,1.478463,30,203,130,8,0.14604117,0.04201944,0.00608590,0E-8,0.000000,0.914292,0.640282,0.04207877,2026-03-23,2026-08-04,69,1947,1162,135,0.511111,1.014849,1.012680,0.486804,,,,,,,,GLOBAL_BASELINE_NO_ENTITY_RANKING,,,NOT_APPLICABLE_GLOBAL_BASELINE,HF9g-P5,,,,X 全窗基线 · 不参与实体赏罚,15050349,1506,A168_HF9F_20260827_0900,2026-08-27 09:00:00
2026-05-01,74657362,1966,0,172.2652885444,-172.2652885444,-172.2652885444,0E-7,2,1,0.39337837500000000,0.280106050000,-0.8052788575962098,-0.6237735893609975,-0.8052788575962098,0.11327232500000000,ELIGIBLE,R03b_20260811_FULL_v1,L1_ELIGIBILITY,v2026-08-11,2026-03-21..2026-08-06,baccarat_bet02_101_all_pairs_incl_sentinel,round_win = game_pnl > 0 (decisive only),COMPATIBILITY_ONLY_NOT_PRODUCTION,234885.8996,214754.2105,9869.7735,3689,3015,-0.04201944,-0.00608590,-0.04816467,-0.04201944,-9869.7735,234885.8996,OK,0.0000,394.7909,4.0000,96.0000,AG03-UNRESOLVED,ALL5_LEVELS_bet23_to_bet27,394.7909,394.7909,394.7909,394.7909,394.7909,4.000000,4.000000,4.000000,4.000000,4.000000,96.000000,96.000000,96.000000,96.000000,96.000000,5.0,1973.9547,1822.2297,7895.8188,8047.5438,PENDING_AG03,FALSE,NOT_FOR_ENFORCEMENT,9474.9825,206164.0421,9869.7735,9474.9825,394.7909,0.04201944,0.04033866,394.7909,9474.9825,0.04033866,394.7909,394.7909,394.7909,394.7909,394.7909,9474.9825,0.04033866,1973.9547,1822.2297,7895.8188,8047.5438,0.03361555,0.0342615,0.00168078,63.6720,71.2286,3.2736,143.0402,5.0692,3404.1435,43.6957,64.4793,63.5359,42.5677,43.0663,85.2079,124.7713,127.8119,154.8004,42.604,-41.336,2.967791,3.594466,1.478463,30,203,130,8,0.14604117,0.04201944,0.00608590,0E-8,0.000000,0.914292,0.640282,0.04207877,2026-03-23,2026-08-04,69,1947,1162,135,0.511111,1.014849,1.012680,0.486804,,,,,,,,GLOBAL_BASELINE_NO_ENTITY_RANKING,,,NOT_APPLICABLE_GLOBAL_BASELINE,HF9g-P5,,,,X 全窗基线 · 不参与实体赏罚,15050350,1506,A168_HF9F_20260827_0900,2026-08-27 09:00:00
2026-05-01,74657362,2088,0,43.0663221361,43.0663221361,43.0663221361,1.0000000,1,1,0.49324550000000000,0.493245500000,1.01360149184955,1.01360149184955,1.01360149184955,0E-17,ELIGIBLE,R03b_20260811_FULL_v1,L1_ELIGIBILITY,v2026-08-11,2026-03-21..2026-08-06,baccarat_bet02_101_all_pairs_incl_sentinel,round_win = game_pnl > 0 (decisive only),COMPATIBILITY_ONLY_NOT_PRODUCTION,234885.8996,214754.2105,9869.7735,3689,3015,-0.04201944,-0.00608590,-0.04816467,-0.04201944,-9869.7735,234885.8996,OK,0.0000,394.7909,4.0000,96.0000,AG03-UNRESOLVED,ALL5_LEVELS_bet23_to_bet27,394.7909,394.7909,394.7909,394.7909,394.7909,4.000000,4.000000,4.000000,4.000000,4.000000,96.000000,96.000000,96.000000,96.000000,96.000000,5.0,1973.9547,1822.2297,7895.8188,8047.5438,PENDING_AG03,FALSE,NOT_FOR_ENFORCEMENT,9474.9825,206164.0421,9869.7735,9474.9825,394.7909,0.04201944,0.04033866,394.7909,9474.9825,0.04033866,394.7909,394.7909,394.7909,394.7909,394.7909,9474.9825,0.04033866,1973.9547,1822.2297,7895.8188,8047.5438,0.03361555,0.0342615,0.00168078,63.6720,71.2286,3.2736,143.0402,5.0692,3404.1435,43.6957,64.4793,63.5359,42.5677,43.0663,85.2079,124.7713,127.8119,154.8004,42.604,-41.336,2.967791,3.594466,1.478463,30,203,130,8,0.14604117,0.04201944,0.00608590,0E-8,0.000000,0.914292,0.640282,0.04207877,2026-03-23,2026-08-04,69,1947,1162,135,0.511111,1.014849,1.012680,0.486804,,,,,,,,GLOBAL_BASELINE_NO_ENTITY_RANKING,,,NOT_APPLICABLE_GLOBAL_BASELINE,HF9g-P5,,,,X 全窗基线 · 不参与实体赏罚,15050351,1506,A168_HF9F_20260827_0900,2026-08-27 09:00:00
2026-05-01,74657362,2145,0,86.1326442722,-86.1326442722,-86.1326442722,0E-7,1,1,0.49324550000000000,0.493245500000,-0.9865810262130424,-0.9865810262130424,-0.9865810262130424,0E-17,ELIGIBLE,R03b_20260811_FULL_v1,L1_ELIGIBILITY,v2026-08-11,2026-03-21..2026-08-06,baccarat_bet02_101_all_pairs_incl_sentinel,round_win = game_pnl > 0 (decisive only),COMPATIBILITY_ONLY_NOT_PRODUCTION,234885.8996,214754.2105,9869.7735,3689,3015,-0.04201944,-0.00608590,-0.04816467,-0.04201944,-9869.7735,234885.8996,OK,0.0000,394.7909,4.0000,96.0000,AG03-UNRESOLVED,ALL5_LEVELS_bet23_to_bet27,394.7909,394.7909,394.7909,394.7909,394.7909,4.000000,4.000000,4.000000,4.000000,4.000000,96.000000,96.000000,96.000000,96.000000,96.000000,5.0,1973.9547,1822.2297,7895.8188,8047.5438,PENDING_AG03,FALSE,NOT_FOR_ENFORCEMENT,9474.9825,206164.0421,9869.7735,9474.9825,394.7909,0.04201944,0.04033866,394.7909,9474.9825,0.04033866,394.7909,394.7909,394.7909,394.7909,394.7909,9474.9825,0.04033866,1973.9547,1822.2297,7895.8188,8047.5438,0.03361555,0.0342615,0.00168078,63.6720,71.2286,3.2736,143.0402,5.0692,3404.1435,43.6957,64.4793,63.5359,42.5677,43.0663,85.2079,124.7713,127.8119,154.8004,42.604,-41.336,2.967791,3.594466,1.478463,30,203,130,8,0.14604117,0.04201944,0.00608590,0E-8,0.000000,0.914292,0.640282,0.04207877,2026-03-23,2026-08-04,69,1947,1162,135,0.511111,1.014849,1.012680,0.486804,,,,,,,,GLOBAL_BASELINE_NO_ENTITY_RANKING,,,NOT_APPLICABLE_GLOBAL_BASELINE,HF9g-P5,,,,X 全窗基线 · 不参与实体赏罚,15050352,1506,A168_HF9F_20260827_0900,2026-08-27 09:00:00
2026-05-01,74657362,2147,0,43.0663221361,43.0663221361,43.0663221361,1.0000000,1,1,0.50665070000000000,0.506650700000,0.9867858985152569,0.9867858985152569,0.9867858985152569,0E-17,ELIGIBLE,R03b_20260811_FULL_v1,L1_ELIGIBILITY,v2026-08-11,2026-03-21..2026-08-06,baccarat_bet02_101_all_pairs_incl_sentinel,round_win = game_pnl > 0 (decisive only),COMPATIBILITY_ONLY_NOT_PRODUCTION,234885.8996,214754.2105,9869.7735,3689,3015,-0.04201944,-0.00608590,-0.04816467,-0.04201944,-9869.7735,234885.8996,OK,0.0000,394.7909,4.0000,96.0000,AG03-UNRESOLVED,ALL5_LEVELS_bet23_to_bet27,394.7909,394.7909,394.7909,394.7909,394.7909,4.000000,4.000000,4.000000,4.000000,4.000000,96.000000,96.000000,96.000000,96.000000,96.000000,5.0,1973.9547,1822.2297,7895.8188,8047.5438,PENDING_AG03,FALSE,NOT_FOR_ENFORCEMENT,9474.9825,206164.0421,9869.7735,9474.9825,394.7909,0.04201944,0.04033866,394.7909,9474.9825,0.04033866,394.7909,394.7909,394.7909,394.7909,394.7909,9474.9825,0.04033866,1973.9547,1822.2297,7895.8188,8047.5438,0.03361555,0.0342615,0.00168078,63.6720,71.2286,3.2736,143.0402,5.0692,3404.1435,43.6957,64.4793,63.5359,42.5677,43.0663,85.2079,124.7713,127.8119,154.8004,42.604,-41.336,2.967791,3.594466,1.478463,30,203,130,8,0.14604117,0.04201944,0.00608590,0E-8,0.000000,0.914292,0.640282,0.04207877,2026-03-23,2026-08-04,69,1947,1162,135,0.511111,1.014849,1.012680,0.486804,,,,,,,,GLOBAL_BASELINE_NO_ENTITY_RANKING,,,NOT_APPLICABLE_GLOBAL_BASELINE,HF9g-P5,,,,X 全窗基线 · 不参与实体赏罚,15050353,1506,A168_HF9F_20260827_0900,2026-08-27 09:00:00
2026-05-01,74657362,2196,0,172.2652885444,-172.2652885444,-172.2652885444,0E-7,2,2,0.49994810000000000,0.499948100000,-1.4140667746232096,-1.4140667746232096,-1.4140667746232096,0E-17,ELIGIBLE,R03b_20260811_FULL_v1,L1_ELIGIBILITY,v2026-08-11,2026-03-21..2026-08-06,baccarat_bet02_101_all_pairs_incl_sentinel,round_win = game_pnl > 0 (decisive only),COMPATIBILITY_ONLY_NOT_PRODUCTION,234885.8996,214754.2105,9869.7735,3689,3015,-0.04201944,-0.00608590,-0.04816467,-0.04201944,-9869.7735,234885.8996,OK,0.0000,394.7909,4.0000,96.0000,AG03-UNRESOLVED,ALL5_LEVELS_bet23_to_bet27,394.7909,394.7909,394.7909,394.7909,394.7909,4.000000,4.000000,4.000000,4.000000,4.000000,96.000000,96.000000,96.000000,96.000000,96.000000,5.0,1973.9547,1822.2297,7895.8188,8047.5438,PENDING_AG03,FALSE,NOT_FOR_ENFORCEMENT,9474.9825,206164.0421,9869.7735,9474.9825,394.7909,0.04201944,0.04033866,394.7909,9474.9825,0.04033866,394.7909,394.7909,394.7909,394.7909,394.7909,9474.9825,0.04033866,1973.9547,1822.2297,7895.8188,8047.5438,0.03361555,0.0342615,0.00168078,63.6720,71.2286,3.2736,143.0402,5.0692,3404.1435,43.6957,64.4793,63.5359,42.5677,43.0663,85.2079,124.7713,127.8119,154.8004,42.604,-41.336,2.967791,3.594466,1.478463,30,203,130,8,0.14604117,0.04201944,0.00608590,0E-8,0.000000,0.914292,0.640282,0.04207877,2026-03-23,2026-08-04,69,1947,1162,135,0.511111,1.014849,1.012680,0.486804,,,,,,,,GLOBAL_BASELINE_NO_ENTITY_RANKING,,,NOT_APPLICABLE_GLOBAL_BASELINE,HF9g-P5,,,,X 全窗基线 · 不参与实体赏罚,15050354,1506,A168_HF9F_20260827_0900,2026-08-27 09:00:00
2026-05-01,74657362,2202,0,86.1326442722,-86.1326442722,-86.1326442722,0E-7,2,2,0.29392415000000000,0.293924150000,-0.9124455438455121,-0.9124455438455121,-0.9124455438455121,0E-17,ELIGIBLE,R03b_20260811_FULL_v1,L1_ELIGIBILITY,v2026-08-11,2026-03-21..2026-08-06,baccarat_bet02_101_all_pairs_incl_sentinel,round_win = game_pnl > 0 (decisive only),COMPATIBILITY_ONLY_NOT_PRODUCTION,234885.8996,214754.2105,9869.7735,3689,3015,-0.04201944,-0.00608590,-0.04816467,-0.04201944,-9869.7735,234885.8996,OK,0.0000,394.7909,4.0000,96.0000,AG03-UNRESOLVED,ALL5_LEVELS_bet23_to_bet27,394.7909,394.7909,394.7909,394.7909,394.7909,4.000000,4.000000,4.000000,4.000000,4.000000,96.000000,96.000000,96.000000,96.000000,96.000000,5.0,1973.9547,1822.2297,7895.8188,8047.5438,PENDING_AG03,FALSE,NOT_FOR_ENFORCEMENT,9474.9825,206164.0421,9869.7735,9474.9825,394.7909,0.04201944,0.04033866,394.7909,9474.9825,0.04033866,394.7909,394.7909,394.7909,394.7909,394.7909,9474.9825,0.04033866,1973.9547,1822.2297,7895.8188,8047.5438,0.03361555,0.0342615,0.00168078,63.6720,71.2286,3.2736,143.0402,5.0692,3404.1435,43.6957,64.4793,63.5359,42.5677,43.0663,85.2079,124.7713,127.8119,154.8004,42.604,-41.336,2.967791,3.594466,1.478463,30,203,130,8,0.14604117,0.04201944,0.00608590,0E-8,0.000000,0.914292,0.640282,0.04207877,2026-03-23,2026-08-04,69,1947,1162,135,0.511111,1.014849,1.012680,0.486804,,,,,,,,GLOBAL_BASELINE_NO_ENTITY_RANKING,,,NOT_APPLICABLE_GLOBAL_BASELINE,HF9g-P5,,,,X 全窗基线 · 不参与实体赏罚,15050355,1506,A168_HF9F_20260827_0900,2026-08-27 09:00:00
2026-05-01,74657362,2212,0,43.0663221361,-43.0663221361,-43.0663221361,0E-7,1,1,0.50665070000000000,0.506650700000,-1.013391052207602,-1.013391052207602,-1.013391052207602,0E-17,ELIGIBLE,R03b_20260811_FULL_v1,L1_ELIGIBILITY,v2026-08-11,2026-03-21..2026-08-06,baccarat_bet02_101_all_pairs_incl_sentinel,round_win = game_pnl > 0 (decisive only),COMPATIBILITY_ONLY_NOT_PRODUCTION,234885.8996,214754.2105,9869.7735,3689,3015,-0.04201944,-0.00608590,-0.04816467,-0.04201944,-9869.7735,234885.8996,OK,0.0000,394.7909,4.0000,96.0000,AG03-UNRESOLVED,ALL5_LEVELS_bet23_to_bet27,394.7909,394.7909,394.7909,394.7909,394.7909,4.000000,4.000000,4.000000,4.000000,4.000000,96.000000,96.000000,96.000000,96.000000,96.000000,5.0,1973.9547,1822.2297,7895.8188,8047.5438,PENDING_AG03,FALSE,NOT_FOR_ENFORCEMENT,9474.9825,206164.0421,9869.7735,9474.9825,394.7909,0.04201944,0.04033866,394.7909,9474.9825,0.04033866,394.7909,394.7909,394.7909,394.7909,394.7909,9474.9825,0.04033866,1973.9547,1822.2297,7895.8188,8047.5438,0.03361555,0.0342615,0.00168078,63.6720,71.2286,3.2736,143.0402,5.0692,3404.1435,43.6957,64.4793,63.5359,42.5677,43.0663,85.2079,124.7713,127.8119,154.8004,42.604,-41.336,2.967791,3.594466,1.478463,30,203,130,8,0.14604117,0.04201944,0.00608590,0E-8,0.000000,0.914292,0.640282,0.04207877,2026-03-23,2026-08-04,69,1947,1162,135,0.511111,1.014849,1.012680,0.486804,,,,,,,,GLOBAL_BASELINE_NO_ENTITY_RANKING,,,NOT_APPLICABLE_GLOBAL_BASELINE,HF9g-P5,,,,X 全窗基线 · 不参与实体赏罚,15050356,1506,A168_HF9F_20260827_0900,2026-08-27 09:00:00
2026-05-01,74657362,2239,0,172.2652885444,-172.2652885444,-172.2652885444,0E-7,1,1,0.50665070000000000,0.506650700000,-1.013391052207602,-1.013391052207602,-1.013391052207602,0E-17,ELIGIBLE,R03b_20260811_FULL_v1,L1_ELIGIBILITY,v2026-08-11,2026-03-21..2026-08-06,baccarat_bet02_101_all_pairs_incl_sentinel,round_win = game_pnl > 0 (decisive only),COMPATIBILITY_ONLY_NOT_PRODUCTION,234885.8996,214754.2105,9869.7735,3689,3015,-0.04201944,-0.00608590,-0.04816467,-0.04201944,-9869.7735,234885.8996,OK,0.0000,394.7909,4.0000,96.0000,AG03-UNRESOLVED,ALL5_LEVELS_bet23_to_bet27,394.7909,394.7909,394.7909,394.7909,394.7909,4.000000,4.000000,4.000000,4.000000,4.000000,96.000000,96.000000,96.000000,96.000000,96.000000,5.0,1973.9547,1822.2297,7895.8188,8047.5438,PENDING_AG03,FALSE,NOT_FOR_ENFORCEMENT,9474.9825,206164.0421,9869.7735,9474.9825,394.7909,0.04201944,0.04033866,394.7909,9474.9825,0.04033866,394.7909,394.7909,394.7909,394.7909,394.7909,9474.9825,0.04033866,1973.9547,1822.2297,7895.8188,8047.5438,0.03361555,0.0342615,0.00168078,63.6720,71.2286,3.2736,143.0402,5.0692,3404.1435,43.6957,64.4793,63.5359,42.5677,43.0663,85.2079,124.7713,127.8119,154.8004,42.604,-41.336,2.967791,3.594466,1.478463,30,203,130,8,0.14604117,0.04201944,0.00608590,0E-8,0.000000,0.914292,0.640282,0.04207877,2026-03-23,2026-08-04,69,1947,1162,135,0.511111,1.014849,1.012680,0.486804,,,,,,,,GLOBAL_BASELINE_NO_ENTITY_RANKING,,,NOT_APPLICABLE_GLOBAL_BASELINE,HF9g-P5,,,,X 全窗基线 · 不参与实体赏罚,15050357,1506,A168_HF9F_20260827_0900,2026-08-27 09:00:00
2026-05-01,74657362,2242,0,172.2652885444,-172.2652885444,-172.2652885444,0E-7,2,1,0.39337837500000000,0.280106050000,-0.8052788575962098,-0.6237735893609975,-0.8052788575962098,0.11327232500000000,ELIGIBLE,R03b_20260811_FULL_v1,L1_ELIGIBILITY,v2026-08-11,2026-03-21..2026-08-06,baccarat_bet02_101_all_pairs_incl_sentinel,round_win = game_pnl > 0 (decisive only),COMPATIBILITY_ONLY_NOT_PRODUCTION,234885.8996,214754.2105,9869.7735,3689,3015,-0.04201944,-0.00608590,-0.04816467,-0.04201944,-9869.7735,234885.8996,OK,0.0000,394.7909,4.0000,96.0000,AG03-UNRESOLVED,ALL5_LEVELS_bet23_to_bet27,394.7909,394.7909,394.7909,394.7909,394.7909,4.000000,4.000000,4.000000,4.000000,4.000000,96.000000,96.000000,96.000000,96.000000,96.000000,5.0,1973.9547,1822.2297,7895.8188,8047.5438,PENDING_AG03,FALSE,NOT_FOR_ENFORCEMENT,9474.9825,206164.0421,9869.7735,9474.9825,394.7909,0.04201944,0.04033866,394.7909,9474.9825,0.04033866,394.7909,394.7909,394.7909,394.7909,394.7909,9474.9825,0.04033866,1973.9547,1822.2297,7895.8188,8047.5438,0.03361555,0.0342615,0.00168078,63.6720,71.2286,3.2736,143.0402,5.0692,3404.1435,43.6957,64.4793,63.5359,42.5677,43.0663,85.2079,124.7713,127.8119,154.8004,42.604,-41.336,2.967791,3.594466,1.478463,30,203,130,8,0.14604117,0.04201944,0.00608590,0E-8,0.000000,0.914292,0.640282,0.04207877,2026-03-23,2026-08-04,69,1947,1162,135,0.511111,1.014849,1.012680,0.486804,,,,,,,,GLOBAL_BASELINE_NO_ENTITY_RANKING,,,NOT_APPLICABLE_GLOBAL_BASELINE,HF9g-P5,,,,X 全窗基线 · 不参与实体赏罚,15050358,1506,A168_HF9F_20260827_0900,2026-08-27 09:00:00
2026-05-01,74657362,583,0,43.0663221361,-43.0663221361,-43.0663221361,0E-7,1,1,0.49324550000000000,0.493245500000,-0.9865810262130424,-0.9865810262130424,-0.9865810262130424,0E-17,ELIGIBLE,R03b_20260811_FULL_v1,L1_ELIGIBILITY,v2026-08-11,2026-03-21..2026-08-06,baccarat_bet02_101_all_pairs_incl_sentinel,round_win = game_pnl > 0 (decisive only),COMPATIBILITY_ONLY_NOT_PRODUCTION,234885.8996,214754.2105,9869.7735,3689,3015,-0.04201944,-0.00608590,-0.04816467,-0.04201944,-9869.7735,234885.8996,OK,0.0000,394.7909,4.0000,96.0000,AG03-UNRESOLVED,ALL5_LEVELS_bet23_to_bet27,394.7909,394.7909,394.7909,394.7909,394.7909,4.000000,4.000000,4.000000,4.000000,4.000000,96.000000,96.000000,96.000000,96.000000,96.000000,5.0,1973.9547,1822.2297,7895.8188,8047.5438,PENDING_AG03,FALSE,NOT_FOR_ENFORCEMENT,9474.9825,206164.0421,9869.7735,9474.9825,394.7909,0.04201944,0.04033866,394.7909,9474.9825,0.04033866,394.7909,394.7909,394.7909,394.7909,394.7909,9474.9825,0.04033866,1973.9547,1822.2297,7895.8188,8047.5438,0.03361555,0.0342615,0.00168078,63.6720,71.2286,3.2736,143.0402,5.0692,3404.1435,43.6957,64.4793,63.5359,42.5677,43.0663,85.2079,124.7713,127.8119,154.8004,42.604,-41.336,2.967791,3.594466,1.478463,30,203,130,8,0.14604117,0.04201944,0.00608590,0E-8,0.000000,0.914292,0.640282,0.04207877,2026-03-23,2026-08-04,69,1947,1162,135,0.511111,1.014849,1.012680,0.486804,,,,,,,,GLOBAL_BASELINE_NO_ENTITY_RANKING,,,NOT_APPLICABLE_GLOBAL_BASELINE,HF9g-P5,,,,X 全窗基线 · 不参与实体赏罚,15050359,1506,A168_HF9F_20260827_0900,2026-08-27 09:00:00
2026-05-02,74657362,-1,1,645.9948320415,-215.3316106805,-215.3316106805,0.2857143,10,8,0.46355903854166667,0.439960637500,-0.9435753424624921,-0.8221437002889147,-0.9435753424624921,0.02359840104166667,SENTINEL_DEALER,R03b_20260811_FULL_v1,L1_ELIGIBILITY,v2026-08-11,2026-03-21..2026-08-06,baccarat_bet02_101_all_pairs_incl_sentinel,round_win = game_pnl > 0 (decisive only),COMPATIBILITY_ONLY_NOT_PRODUCTION,234885.8996,214754.2105,9869.7735,3689,3015,-0.04201944,-0.00608590,-0.04816467,-0.04201944,-9869.7735,234885.8996,OK,0.0000,394.7909,4.0000,96.0000,AG03-UNRESOLVED,ALL5_LEVELS_bet23_to_bet27,394.7909,394.7909,394.7909,394.7909,394.7909,4.000000,4.000000,4.000000,4.000000,4.000000,96.000000,96.000000,96.000000,96.000000,96.000000,5.0,1973.9547,1822.2297,7895.8188,8047.5438,PENDING_AG03,FALSE,NOT_FOR_ENFORCEMENT,9474.9825,206164.0421,9869.7735,9474.9825,394.7909,0.04201944,0.04033866,394.7909,9474.9825,0.04033866,394.7909,394.7909,394.7909,394.7909,394.7909,9474.9825,0.04033866,1973.9547,1822.2297,7895.8188,8047.5438,0.03361555,0.0342615,0.00168078,63.6720,71.2286,3.2736,143.0402,5.0692,3404.1435,43.6957,64.4793,63.5359,42.5677,43.0663,85.2079,124.7713,127.8119,154.8004,42.604,-41.336,2.967791,3.594466,1.478463,30,203,130,8,0.14604117,0.04201944,0.00608590,0E-8,0.000000,0.914292,0.640282,0.04207877,2026-03-23,2026-08-04,69,1947,1162,135,0.511111,1.014849,1.012680,0.486804,,,,,,,,GLOBAL_BASELINE_NO_ENTITY_RANKING,,,NOT_APPLICABLE_GLOBAL_BASELINE,HF9g-P5,,,,X 全窗基线 · 不参与实体赏罚,15050360,1506,A168_HF9F_20260827_0900,2026-08-27 09:00:00
2026-05-02,74657362,1323,0,43.0663221361,0E-10,0E-10,,1,1,0.49324550000000000,0.493245500000,,,,0E-17,NO_DECISIVE_ROUND,R03b_20260811_FULL_v1,L1_ELIGIBILITY,v2026-08-11,2026-03-21..2026-08-06,baccarat_bet02_101_all_pairs_incl_sentinel,round_win = game_pnl > 0 (decisive only),COMPATIBILITY_ONLY_NOT_PRODUCTION,234885.8996,214754.2105,9869.7735,3689,3015,-0.04201944,-0.00608590,-0.04816467,-0.04201944,-9869.7735,234885.8996,OK,0.0000,394.7909,4.0000,96.0000,AG03-UNRESOLVED,ALL5_LEVELS_bet23_to_bet27,394.7909,394.7909,394.7909,394.7909,394.7909,4.000000,4.000000,4.000000,4.000000,4.000000,96.000000,96.000000,96.000000,96.000000,96.000000,5.0,1973.9547,1822.2297,7895.8188,8047.5438,PENDING_AG03,FALSE,NOT_FOR_ENFORCEMENT,9474.9825,206164.0421,9869.7735,9474.9825,394.7909,0.04201944,0.04033866,394.7909,9474.9825,0.04033866,394.7909,394.7909,394.7909,394.7909,394.7909,9474.9825,0.04033866,1973.9547,1822.2297,7895.8188,8047.5438,0.03361555,0.0342615,0.00168078,63.6720,71.2286,3.2736,143.0402,5.0692,3404.1435,43.6957,64.4793,63.5359,42.5677,43.0663,85.2079,124.7713,127.8119,154.8004,42.604,-41.336,2.967791,3.594466,1.478463,30,203,130,8,0.14604117,0.04201944,0.00608590,0E-8,0.000000,0.914292,0.640282,0.04207877,2026-03-23,2026-08-04,69,1947,1162,135,0.511111,1.014849,1.012680,0.486804,,,,,,,,GLOBAL_BASELINE_NO_ENTITY_RANKING,,,NOT_APPLICABLE_GLOBAL_BASELINE,HF9g-P5,,,,X 全窗基线 · 不参与实体赏罚,15050361,1506,A168_HF9F_20260827_0900,2026-08-27 09:00:00
2026-05-02,74657362,1331,0,86.1326442722,-86.1326442722,-86.1326442722,0E-7,1,1,0.49324550000000000,0.493245500000,-0.9865810262130424,-0.9865810262130424,-0.9865810262130424,0E-17,ELIGIBLE,R03b_20260811_FULL_v1,L1_ELIGIBILITY,v2026-08-11,2026-03-21..2026-08-06,baccarat_bet02_101_all_pairs_incl_sentinel,round_win = game_pnl > 0 (decisive only),COMPATIBILITY_ONLY_NOT_PRODUCTION,234885.8996,214754.2105,9869.7735,3689,3015,-0.04201944,-0.00608590,-0.04816467,-0.04201944,-9869.7735,234885.8996,OK,0.0000,394.7909,4.0000,96.0000,AG03-UNRESOLVED,ALL5_LEVELS_bet23_to_bet27,394.7909,394.7909,394.7909,394.7909,394.7909,4.000000,4.000000,4.000000,4.000000,4.000000,96.000000,96.000000,96.000000,96.000000,96.000000,5.0,1973.9547,1822.2297,7895.8188,8047.5438,PENDING_AG03,FALSE,NOT_FOR_ENFORCEMENT,9474.9825,206164.0421,9869.7735,9474.9825,394.7909,0.04201944,0.04033866,394.7909,9474.9825,0.04033866,394.7909,394.7909,394.7909,394.7909,394.7909,9474.9825,0.04033866,1973.9547,1822.2297,7895.8188,8047.5438,0.03361555,0.0342615,0.00168078,63.6720,71.2286,3.2736,143.0402,5.0692,3404.1435,43.6957,64.4793,63.5359,42.5677,43.0663,85.2079,124.7713,127.8119,154.8004,42.604,-41.336,2.967791,3.594466,1.478463,30,203,130,8,0.14604117,0.04201944,0.00608590,0E-8,0.000000,0.914292,0.640282,0.04207877,2026-03-23,2026-08-04,69,1947,1162,135,0.511111,1.014849,1.012680,0.486804,,,,,,,,GLOBAL_BASELINE_NO_ENTITY_RANKING,,,NOT_APPLICABLE_GLOBAL_BASELINE,HF9g-P5,,,,X 全窗基线 · 不参与实体赏罚,15050362,1506,A168_HF9F_20260827_0900,2026-08-27 09:00:00
2026-05-02,74657362,1490,0,172.2652885444,-172.2652885444,-172.2652885444,0E-7,2,1,0.39337837500000000,0.280106050000,-0.8052788575962098,-0.6237735893609975,-0.8052788575962098,0.11327232500000000,ELIGIBLE,R03b_20260811_FULL_v1,L1_ELIGIBILITY,v2026-08-11,2026-03-21..2026-08-06,baccarat_bet02_101_all_pairs_incl_sentinel,round_win = game_pnl > 0 (decisive only),COMPATIBILITY_ONLY_NOT_PRODUCTION,234885.8996,214754.2105,9869.7735,3689,3015,-0.04201944,-0.00608590,-0.04816467,-0.04201944,-9869.7735,234885.8996,OK,0.0000,394.7909,4.0000,96.0000,AG03-UNRESOLVED,ALL5_LEVELS_bet23_to_bet27,394.7909,394.7909,394.7909,394.7909,394.7909,4.000000,4.000000,4.000000,4.000000,4.000000,96.000000,96.000000,96.000000,96.000000,96.000000,5.0,1973.9547,1822.2297,7895.8188,8047.5438,PENDING_AG03,FALSE,NOT_FOR_ENFORCEMENT,9474.9825,206164.0421,9869.7735,9474.9825,394.7909,0.04201944,0.04033866,394.7909,9474.9825,0.04033866,394.7909,394.7909,394.7909,394.7909,394.7909,9474.9825,0.04033866,1973.9547,1822.2297,7895.8188,8047.5438,0.03361555,0.0342615,0.00168078,63.6720,71.2286,3.2736,143.0402,5.0692,3404.1435,43.6957,64.4793,63.5359,42.5677,43.0663,85.2079,124.7713,127.8119,154.8004,42.604,-41.336,2.967791,3.594466,1.478463,30,203,130,8,0.14604117,0.04201944,0.00608590,0E-8,0.000000,0.914292,0.640282,0.04207877,2026-03-23,2026-08-04,69,1947,1162,135,0.511111,1.014849,1.012680,0.486804,,,,,,,,GLOBAL_BASELINE_NO_ENTITY_RANKING,,,NOT_APPLICABLE_GLOBAL_BASELINE,HF9g-P5,,,,X 全窗基线 · 不参与实体赏罚,15050363,1506,A168_HF9F_20260827_0900,2026-08-27 09:00:00
2026-05-02,74657362,1942,0,172.2652885444,172.2652885444,172.2652885444,1.0000000,2,2,0.49324550000000000,0.493245500000,1.4334489766152358,1.4334489766152358,1.4334489766152358,0E-17,ELIGIBLE,R03b_20260811_FULL_v1,L1_ELIGIBILITY,v2026-08-11,2026-03-21..2026-08-06,baccarat_bet02_101_all_pairs_incl_sentinel,round_win = game_pnl > 0 (decisive only),COMPATIBILITY_ONLY_NOT_PRODUCTION,234885.8996,214754.2105,9869.7735,3689,3015,-0.04201944,-0.00608590,-0.04816467,-0.04201944,-9869.7735,234885.8996,OK,0.0000,394.7909,4.0000,96.0000,AG03-UNRESOLVED,ALL5_LEVELS_bet23_to_bet27,394.7909,394.7909,394.7909,394.7909,394.7909,4.000000,4.000000,4.000000,4.000000,4.000000,96.000000,96.000000,96.000000,96.000000,96.000000,5.0,1973.9547,1822.2297,7895.8188,8047.5438,PENDING_AG03,FALSE,NOT_FOR_ENFORCEMENT,9474.9825,206164.0421,9869.7735,9474.9825,394.7909,0.04201944,0.04033866,394.7909,9474.9825,0.04033866,394.7909,394.7909,394.7909,394.7909,394.7909,9474.9825,0.04033866,1973.9547,1822.2297,7895.8188,8047.5438,0.03361555,0.0342615,0.00168078,63.6720,71.2286,3.2736,143.0402,5.0692,3404.1435,43.6957,64.4793,63.5359,42.5677,43.0663,85.2079,124.7713,127.8119,154.8004,42.604,-41.336,2.967791,3.594466,1.478463,30,203,130,8,0.14604117,0.04201944,0.00608590,0E-8,0.000000,0.914292,0.640282,0.04207877,2026-03-23,2026-08-04,69,1947,1162,135,0.511111,1.014849,1.012680,0.486804,,,,,,,,GLOBAL_BASELINE_NO_ENTITY_RANKING,,,NOT_APPLICABLE_GLOBAL_BASELINE,HF9g-P5,,,,X 全窗基线 · 不参与实体赏罚,15050364,1506,A168_HF9F_20260827_0900,2026-08-27 09:00:00
2026-05-02,74657362,2156,0,172.2652885444,-172.2652885444,-172.2652885444,0E-7,2,1,0.39337837500000000,0.280106050000,-0.8052788575962098,-0.6237735893609975,-0.8052788575962098,0.11327232500000000,ELIGIBLE,R03b_20260811_FULL_v1,L1_ELIGIBILITY,v2026-08-11,2026-03-21..2026-08-06,baccarat_bet02_101_all_pairs_incl_sentinel,round_win = game_pnl > 0 (decisive only),COMPATIBILITY_ONLY_NOT_PRODUCTION,234885.8996,214754.2105,9869.7735,3689,3015,-0.04201944,-0.00608590,-0.04816467,-0.04201944,-9869.7735,234885.8996,OK,0.0000,394.7909,4.0000,96.0000,AG03-UNRESOLVED,ALL5_LEVELS_bet23_to_bet27,394.7909,394.7909,394.7909,394.7909,394.7909,4.000000,4.000000,4.000000,4.000000,4.000000,96.000000,96.000000,96.000000,96.000000,96.000000,5.0,1973.9547,1822.2297,7895.8188,8047.5438,PENDING_AG03,FALSE,NOT_FOR_ENFORCEMENT,9474.9825,206164.0421,9869.7735,9474.9825,394.7909,0.04201944,0.04033866,394.7909,9474.9825,0.04033866,394.7909,394.7909,394.7909,394.7909,394.7909,9474.9825,0.04033866,1973.9547,1822.2297,7895.8188,8047.5438,0.03361555,0.0342615,0.00168078,63.6720,71.2286,3.2736,143.0402,5.0692,3404.1435,43.6957,64.4793,63.5359,42.5677,43.0663,85.2079,124.7713,127.8119,154.8004,42.604,-41.336,2.967791,3.594466,1.478463,30,203,130,8,0.14604117,0.04201944,0.00608590,0E-8,0.000000,0.914292,0.640282,0.04207877,2026-03-23,2026-08-04,69,1947,1162,135,0.511111,1.014849,1.012680,0.486804,,,,,,,,GLOBAL_BASELINE_NO_ENTITY_RANKING,,,NOT_APPLICABLE_GLOBAL_BASELINE,HF9g-P5,,,,X 全窗基线 · 不参与实体赏罚,15050365,1506,A168_HF9F_20260827_0900,2026-08-27 09:00:00
2026-05-02,74657362,2220,0,86.1326442722,-86.1326442722,-86.1326442722,0E-7,1,1,0.49324550000000000,0.493245500000,-0.9865810262130424,-0.9865810262130424,-0.9865810262130424,0E-17,ELIGIBLE,R03b_20260811_FULL_v1,L1_ELIGIBILITY,v2026-08-11,2026-03-21..2026-08-06,baccarat_bet02_101_all_pairs_incl_sentinel,round_win = game_pnl > 0 (decisive only),COMPATIBILITY_ONLY_NOT_PRODUCTION,234885.8996,214754.2105,9869.7735,3689,3015,-0.04201944,-0.00608590,-0.04816467,-0.04201944,-9869.7735,234885.8996,OK,0.0000,394.7909,4.0000,96.0000,AG03-UNRESOLVED,ALL5_LEVELS_bet23_to_bet27,394.7909,394.7909,394.7909,394.7909,394.7909,4.000000,4.000000,4.000000,4.000000,4.000000,96.000000,96.000000,96.000000,96.000000,96.000000,5.0,1973.9547,1822.2297,7895.8188,8047.5438,PENDING_AG03,FALSE,NOT_FOR_ENFORCEMENT,9474.9825,206164.0421,9869.7735,9474.9825,394.7909,0.04201944,0.04033866,394.7909,9474.9825,0.04033866,394.7909,394.7909,394.7909,394.7909,394.7909,9474.9825,0.04033866,1973.9547,1822.2297,7895.8188,8047.5438,0.03361555,0.0342615,0.00168078,63.6720,71.2286,3.2736,143.0402,5.0692,3404.1435,43.6957,64.4793,63.5359,42.5677,43.0663,85.2079,124.7713,127.8119,154.8004,42.604,-41.336,2.967791,3.594466,1.478463,30,203,130,8,0.14604117,0.04201944,0.00608590,0E-8,0.000000,0.914292,0.640282,0.04207877,2026-03-23,2026-08-04,69,1947,1162,135,0.511111,1.014849,1.012680,0.486804,,,,,,,,GLOBAL_BASELINE_NO_ENTITY_RANKING,,,NOT_APPLICABLE_GLOBAL_BASELINE,HF9g-P5,,,,X 全窗基线 · 不参与实体赏罚,15050366,1506,A168_HF9F_20260827_0900,2026-08-27 09:00:00
2026-05-02,74657362,2235,0,43.0663221361,0E-10,0E-10,,1,1,0.49324550000000000,0.493245500000,,,,0E-17,NO_DECISIVE_ROUND,R03b_20260811_FULL_v1,L1_ELIGIBILITY,v2026-08-11,2026-03-21..2026-08-06,baccarat_bet02_101_all_pairs_incl_sentinel,round_win = game_pnl > 0 (decisive only),COMPATIBILITY_ONLY_NOT_PRODUCTION,234885.8996,214754.2105,9869.7735,3689,3015,-0.04201944,-0.00608590,-0.04816467,-0.04201944,-9869.7735,234885.8996,OK,0.0000,394.7909,4.0000,96.0000,AG03-UNRESOLVED,ALL5_LEVELS_bet23_to_bet27,394.7909,394.7909,394.7909,394.7909,394.7909,4.000000,4.000000,4.000000,4.000000,4.000000,96.000000,96.000000,96.000000,96.000000,96.000000,5.0,1973.9547,1822.2297,7895.8188,8047.5438,PENDING_AG03,FALSE,NOT_FOR_ENFORCEMENT,9474.9825,206164.0421,9869.7735,9474.9825,394.7909,0.04201944,0.04033866,394.7909,9474.9825,0.04033866,394.7909,394.7909,394.7909,394.7909,394.7909,9474.9825,0.04033866,1973.9547,1822.2297,7895.8188,8047.5438,0.03361555,0.0342615,0.00168078,63.6720,71.2286,3.2736,143.0402,5.0692,3404.1435,43.6957,64.4793,63.5359,42.5677,43.0663,85.2079,124.7713,127.8119,154.8004,42.604,-41.336,2.967791,3.594466,1.478463,30,203,130,8,0.14604117,0.04201944,0.00608590,0E-8,0.000000,0.914292,0.640282,0.04207877,2026-03-23,2026-08-04,69,1947,1162,135,0.511111,1.014849,1.012680,0.486804,,,,,,,,GLOBAL_BASELINE_NO_ENTITY_RANKING,,,NOT_APPLICABLE_GLOBAL_BASELINE,HF9g-P5,,,,X 全窗基线 · 不参与实体赏罚,15050367,1506,A168_HF9F_20260827_0900,2026-08-27 09:00:00
2026-05-02,74657362,2266,0,129.1989664083,43.0663221361,43.0663221361,0.5000000,2,2,0.49324550000000000,0.493245500000,0.01910635448239258,0.01910635448239258,0.01910635448239258,0E-17,ELIGIBLE,R03b_20260811_FULL_v1,L1_ELIGIBILITY,v2026-08-11,2026-03-21..2026-08-06,baccarat_bet02_101_all_pairs_incl_sentinel,round_win = game_pnl > 0 (decisive only),COMPATIBILITY_ONLY_NOT_PRODUCTION,234885.8996,214754.2105,9869.7735,3689,3015,-0.04201944,-0.00608590,-0.04816467,-0.04201944,-9869.7735,234885.8996,OK,0.0000,394.7909,4.0000,96.0000,AG03-UNRESOLVED,ALL5_LEVELS_bet23_to_bet27,394.7909,394.7909,394.7909,394.7909,394.7909,4.000000,4.000000,4.000000,4.000000,4.000000,96.000000,96.000000,96.000000,96.000000,96.000000,5.0,1973.9547,1822.2297,7895.8188,8047.5438,PENDING_AG03,FALSE,NOT_FOR_ENFORCEMENT,9474.9825,206164.0421,9869.7735,9474.9825,394.7909,0.04201944,0.04033866,394.7909,9474.9825,0.04033866,394.7909,394.7909,394.7909,394.7909,394.7909,9474.9825,0.04033866,1973.9547,1822.2297,7895.8188,8047.5438,0.03361555,0.0342615,0.00168078,63.6720,71.2286,3.2736,143.0402,5.0692,3404.1435,43.6957,64.4793,63.5359,42.5677,43.0663,85.2079,124.7713,127.8119,154.8004,42.604,-41.336,2.967791,3.594466,1.478463,30,203,130,8,0.14604117,0.04201944,0.00608590,0E-8,0.000000,0.914292,0.640282,0.04207877,2026-03-23,2026-08-04,69,1947,1162,135,0.511111,1.014849,1.012680,0.486804,,,,,,,,GLOBAL_BASELINE_NO_ENTITY_RANKING,,,NOT_APPLICABLE_GLOBAL_BASELINE,HF9g-P5,,,,X 全窗基线 · 不参与实体赏罚,15050368,1506,A168_HF9F_20260827_0900,2026-08-27 09:00:00
2026-05-02,74657362,471,0,172.2652885444,-172.2652885444,-172.2652885444,0E-7,2,1,0.39337837500000000,0.280106050000,-0.8052788575962098,-0.6237735893609975,-0.8052788575962098,0.11327232500000000,ELIGIBLE,R03b_20260811_FULL_v1,L1_ELIGIBILITY,v2026-08-11,2026-03-21..2026-08-06,baccarat_bet02_101_all_pairs_incl_sentinel,round_win = game_pnl > 0 (decisive only),COMPATIBILITY_ONLY_NOT_PRODUCTION,234885.8996,214754.2105,9869.7735,3689,3015,-0.04201944,-0.00608590,-0.04816467,-0.04201944,-9869.7735,234885.8996,OK,0.0000,394.7909,4.0000,96.0000,AG03-UNRESOLVED,ALL5_LEVELS_bet23_to_bet27,394.7909,394.7909,394.7909,394.7909,394.7909,4.000000,4.000000,4.000000,4.000000,4.000000,96.000000,96.000000,96.000000,96.000000,96.000000,5.0,1973.9547,1822.2297,7895.8188,8047.5438,PENDING_AG03,FALSE,NOT_FOR_ENFORCEMENT,9474.9825,206164.0421,9869.7735,9474.9825,394.7909,0.04201944,0.04033866,394.7909,9474.9825,0.04033866,394.7909,394.7909,394.7909,394.7909,394.7909,9474.9825,0.04033866,1973.9547,1822.2297,7895.8188,8047.5438,0.03361555,0.0342615,0.00168078,63.6720,71.2286,3.2736,143.0402,5.0692,3404.1435,43.6957,64.4793,63.5359,42.5677,43.0663,85.2079,124.7713,127.8119,154.8004,42.604,-41.336,2.967791,3.594466,1.478463,30,203,130,8,0.14604117,0.04201944,0.00608590,0E-8,0.000000,0.914292,0.640282,0.04207877,2026-03-23,2026-08-04,69,1947,1162,135,0.511111,1.014849,1.012680,0.486804,,,,,,,,GLOBAL_BASELINE_NO_ENTITY_RANKING,,,NOT_APPLICABLE_GLOBAL_BASELINE,HF9g-P5,,,,X 全窗基线 · 不参与实体赏罚,15050369,1506,A168_HF9F_20260827_0900,2026-08-27 09:00:00
2026-05-02,74657362,752,0,86.1326442722,-86.1326442722,-86.1326442722,0E-7,2,1,0.07408210000000000,0.074082100000,-0.2828592609782216,-0.28285926097822156,-0.2828592609782216,0E-17,ELIGIBLE,R03b_20260811_FULL_v1,L1_ELIGIBILITY,v2026-08-11,2026-03-21..2026-08-06,baccarat_bet02_101_all_pairs_incl_sentinel,round_win = game_pnl > 0 (decisive only),COMPATIBILITY_ONLY_NOT_PRODUCTION,234885.8996,214754.2105,9869.7735,3689,3015,-0.04201944,-0.00608590,-0.04816467,-0.04201944,-9869.7735,234885.8996,OK,0.0000,394.7909,4.0000,96.0000,AG03-UNRESOLVED,ALL5_LEVELS_bet23_to_bet27,394.7909,394.7909,394.7909,394.7909,394.7909,4.000000,4.000000,4.000000,4.000000,4.000000,96.000000,96.000000,96.000000,96.000000,96.000000,5.0,1973.9547,1822.2297,7895.8188,8047.5438,PENDING_AG03,FALSE,NOT_FOR_ENFORCEMENT,9474.9825,206164.0421,9869.7735,9474.9825,394.7909,0.04201944,0.04033866,394.7909,9474.9825,0.04033866,394.7909,394.7909,394.7909,394.7909,394.7909,9474.9825,0.04033866,1973.9547,1822.2297,7895.8188,8047.5438,0.03361555,0.0342615,0.00168078,63.6720,71.2286,3.2736,143.0402,5.0692,3404.1435,43.6957,64.4793,63.5359,42.5677,43.0663,85.2079,124.7713,127.8119,154.8004,42.604,-41.336,2.967791,3.594466,1.478463,30,203,130,8,0.14604117,0.04201944,0.00608590,0E-8,0.000000,0.914292,0.640282,0.04207877,2026-03-23,2026-08-04,69,1947,1162,135,0.511111,1.014849,1.012680,0.486804,,,,,,,,GLOBAL_BASELINE_NO_ENTITY_RANKING,,,NOT_APPLICABLE_GLOBAL_BASELINE,HF9g-P5,,,,X 全窗基线 · 不参与实体赏罚,15050370,1506,A168_HF9F_20260827_0900,2026-08-27 09:00:00
2026-05-02,74657362,772,0,86.1326442722,-86.1326442722,-86.1326442722,0E-7,1,1,0.49324550000000000,0.493245500000,-0.9865810262130424,-0.9865810262130424,-0.9865810262130424,0E-17,ELIGIBLE,R03b_20260811_FULL_v1,L1_ELIGIBILITY,v2026-08-11,2026-03-21..2026-08-06,baccarat_bet02_101_all_pairs_incl_sentinel,round_win = game_pnl > 0 (decisive only),COMPATIBILITY_ONLY_NOT_PRODUCTION,234885.8996,214754.2105,9869.7735,3689,3015,-0.04201944,-0.00608590,-0.04816467,-0.04201944,-9869.7735,234885.8996,OK,0.0000,394.7909,4.0000,96.0000,AG03-UNRESOLVED,ALL5_LEVELS_bet23_to_bet27,394.7909,394.7909,394.7909,394.7909,394.7909,4.000000,4.000000,4.000000,4.000000,4.000000,96.000000,96.000000,96.000000,96.000000,96.000000,5.0,1973.9547,1822.2297,7895.8188,8047.5438,PENDING_AG03,FALSE,NOT_FOR_ENFORCEMENT,9474.9825,206164.0421,9869.7735,9474.9825,394.7909,0.04201944,0.04033866,394.7909,9474.9825,0.04033866,394.7909,394.7909,394.7909,394.7909,394.7909,9474.9825,0.04033866,1973.9547,1822.2297,7895.8188,8047.5438,0.03361555,0.0342615,0.00168078,63.6720,71.2286,3.2736,143.0402,5.0692,3404.1435,43.6957,64.4793,63.5359,42.5677,43.0663,85.2079,124.7713,127.8119,154.8004,42.604,-41.336,2.967791,3.594466,1.478463,30,203,130,8,0.14604117,0.04201944,0.00608590,0E-8,0.000000,0.914292,0.640282,0.04207877,2026-03-23,2026-08-04,69,1947,1162,135,0.511111,1.014849,1.012680,0.486804,,,,,,,,GLOBAL_BASELINE_NO_ENTITY_RANKING,,,NOT_APPLICABLE_GLOBAL_BASELINE,HF9g-P5,,,,X 全窗基线 · 不参与实体赏罚,15050371,1506,A168_HF9F_20260827_0900,2026-08-27 09:00:00
2026-05-03,74657362,-1,1,430.6632213610,-43.0663221361,-43.0663221361,0.4285714,8,8,0.49324550000000000,0.493245500000,-0.3422542494892156,-0.3422542494892157,-0.3422542494892156,0E-17,SENTINEL_DEALER,R03b_20260811_FULL_v1,L1_ELIGIBILITY,v2026-08-11,2026-03-21..2026-08-06,baccarat_bet02_101_all_pairs_incl_sentinel,round_win = game_pnl > 0 (decisive only),COMPATIBILITY_ONLY_NOT_PRODUCTION,234885.8996,214754.2105,9869.7735,3689,3015,-0.04201944,-0.00608590,-0.04816467,-0.04201944,-9869.7735,234885.8996,OK,0.0000,394.7909,4.0000,96.0000,AG03-UNRESOLVED,ALL5_LEVELS_bet23_to_bet27,394.7909,394.7909,394.7909,394.7909,394.7909,4.000000,4.000000,4.000000,4.000000,4.000000,96.000000,96.000000,96.000000,96.000000,96.000000,5.0,1973.9547,1822.2297,7895.8188,8047.5438,PENDING_AG03,FALSE,NOT_FOR_ENFORCEMENT,9474.9825,206164.0421,9869.7735,9474.9825,394.7909,0.04201944,0.04033866,394.7909,9474.9825,0.04033866,394.7909,394.7909,394.7909,394.7909,394.7909,9474.9825,0.04033866,1973.9547,1822.2297,7895.8188,8047.5438,0.03361555,0.0342615,0.00168078,63.6720,71.2286,3.2736,143.0402,5.0692,3404.1435,43.6957,64.4793,63.5359,42.5677,43.0663,85.2079,124.7713,127.8119,154.8004,42.604,-41.336,2.967791,3.594466,1.478463,30,203,130,8,0.14604117,0.04201944,0.00608590,0E-8,0.000000,0.914292,0.640282,0.04207877,2026-03-23,2026-08-04,69,1947,1162,135,0.511111,1.014849,1.012680,0.486804,,,,,,,,GLOBAL_BASELINE_NO_ENTITY_RANKING,,,NOT_APPLICABLE_GLOBAL_BASELINE,HF9g-P5,,,,X 全窗基线 · 不参与实体赏罚,15050372,1506,A168_HF9F_20260827_0900,2026-08-27 09:00:00
2026-05-03,74657362,1017,0,43.0663221361,43.0663221361,43.0663221361,1.0000000,1,1,0.49324550000000000,0.493245500000,1.01360149184955,1.01360149184955,1.01360149184955,0E-17,ELIGIBLE,R03b_20260811_FULL_v1,L1_ELIGIBILITY,v2026-08-11,2026-03-21..2026-08-06,baccarat_bet02_101_all_pairs_incl_sentinel,round_win = game_pnl > 0 (decisive only),COMPATIBILITY_ONLY_NOT_PRODUCTION,234885.8996,214754.2105,9869.7735,3689,3015,-0.04201944,-0.00608590,-0.04816467,-0.04201944,-9869.7735,234885.8996,OK,0.0000,394.7909,4.0000,96.0000,AG03-UNRESOLVED,ALL5_LEVELS_bet23_to_bet27,394.7909,394.7909,394.7909,394.7909,394.7909,4.000000,4.000000,4.000000,4.000000,4.000000,96.000000,96.000000,96.000000,96.000000,96.000000,5.0,1973.9547,1822.2297,7895.8188,8047.5438,PENDING_AG03,FALSE,NOT_FOR_ENFORCEMENT,9474.9825,206164.0421,9869.7735,9474.9825,394.7909,0.04201944,0.04033866,394.7909,9474.9825,0.04033866,394.7909,394.7909,394.7909,394.7909,394.7909,9474.9825,0.04033866,1973.9547,1822.2297,7895.8188,8047.5438,0.03361555,0.0342615,0.00168078,63.6720,71.2286,3.2736,143.0402,5.0692,3404.1435,43.6957,64.4793,63.5359,42.5677,43.0663,85.2079,124.7713,127.8119,154.8004,42.604,-41.336,2.967791,3.594466,1.478463,30,203,130,8,0.14604117,0.04201944,0.00608590,0E-8,0.000000,0.914292,0.640282,0.04207877,2026-03-23,2026-08-04,69,1947,1162,135,0.511111,1.014849,1.012680,0.486804,,,,,,,,GLOBAL_BASELINE_NO_ENTITY_RANKING,,,NOT_APPLICABLE_GLOBAL_BASELINE,HF9g-P5,,,,X 全窗基线 · 不参与实体赏罚,15050373,1506,A168_HF9F_20260827_0900,2026-08-27 09:00:00
2026-05-03,74657362,1304,0,43.0663221361,43.0663221361,43.0663221361,1.0000000,1,1,0.49324550000000000,0.493245500000,1.01360149184955,1.01360149184955,1.01360149184955,0E-17,ELIGIBLE,R03b_20260811_FULL_v1,L1_ELIGIBILITY,v2026-08-11,2026-03-21..2026-08-06,baccarat_bet02_101_all_pairs_incl_sentinel,round_win = game_pnl > 0 (decisive only),COMPATIBILITY_ONLY_NOT_PRODUCTION,234885.8996,214754.2105,9869.7735,3689,3015,-0.04201944,-0.00608590,-0.04816467,-0.04201944,-9869.7735,234885.8996,OK,0.0000,394.7909,4.0000,96.0000,AG03-UNRESOLVED,ALL5_LEVELS_bet23_to_bet27,394.7909,394.7909,394.7909,394.7909,394.7909,4.000000,4.000000,4.000000,4.000000,4.000000,96.000000,96.000000,96.000000,96.000000,96.000000,5.0,1973.9547,1822.2297,7895.8188,8047.5438,PENDING_AG03,FALSE,NOT_FOR_ENFORCEMENT,9474.9825,206164.0421,9869.7735,9474.9825,394.7909,0.04201944,0.04033866,394.7909,9474.9825,0.04033866,394.7909,394.7909,394.7909,394.7909,394.7909,9474.9825,0.04033866,1973.9547,1822.2297,7895.8188,8047.5438,0.03361555,0.0342615,0.00168078,63.6720,71.2286,3.2736,143.0402,5.0692,3404.1435,43.6957,64.4793,63.5359,42.5677,43.0663,85.2079,124.7713,127.8119,154.8004,42.604,-41.336,2.967791,3.594466,1.478463,30,203,130,8,0.14604117,0.04201944,0.00608590,0E-8,0.000000,0.914292,0.640282,0.04207877,2026-03-23,2026-08-04,69,1947,1162,135,0.511111,1.014849,1.012680,0.486804,,,,,,,,GLOBAL_BASELINE_NO_ENTITY_RANKING,,,NOT_APPLICABLE_GLOBAL_BASELINE,HF9g-P5,,,,X 全窗基线 · 不参与实体赏罚,15050374,1506,A168_HF9F_20260827_0900,2026-08-27 09:00:00
2026-05-03,74657362,1331,0,43.0663221361,-43.0663221361,-43.0663221361,0E-7,1,1,0.50665070000000000,0.506650700000,-1.013391052207602,-1.013391052207602,-1.013391052207602,0E-17,ELIGIBLE,R03b_20260811_FULL_v1,L1_ELIGIBILITY,v2026-08-11,2026-03-21..2026-08-06,baccarat_bet02_101_all_pairs_incl_sentinel,round_win = game_pnl > 0 (decisive only),COMPATIBILITY_ONLY_NOT_PRODUCTION,234885.8996,214754.2105,9869.7735,3689,3015,-0.04201944,-0.00608590,-0.04816467,-0.04201944,-9869.7735,234885.8996,OK,0.0000,394.7909,4.0000,96.0000,AG03-UNRESOLVED,ALL5_LEVELS_bet23_to_bet27,394.7909,394.7909,394.7909,394.7909,394.7909,4.000000,4.000000,4.000000,4.000000,4.000000,96.000000,96.000000,96.000000,96.000000,96.000000,5.0,1973.9547,1822.2297,7895.8188,8047.5438,PENDING_AG03,FALSE,NOT_FOR_ENFORCEMENT,9474.9825,206164.0421,9869.7735,9474.9825,394.7909,0.04201944,0.04033866,394.7909,9474.9825,0.04033866,394.7909,394.7909,394.7909,394.7909,394.7909,9474.9825,0.04033866,1973.9547,1822.2297,7895.8188,8047.5438,0.03361555,0.0342615,0.00168078,63.6720,71.2286,3.2736,143.0402,5.0692,3404.1435,43.6957,64.4793,63.5359,42.5677,43.0663,85.2079,124.7713,127.8119,154.8004,42.604,-41.336,2.967791,3.594466,1.478463,30,203,130,8,0.14604117,0.04201944,0.00608590,0E-8,0.000000,0.914292,0.640282,0.04207877,2026-03-23,2026-08-04,69,1947,1162,135,0.511111,1.014849,1.012680,0.486804,,,,,,,,GLOBAL_BASELINE_NO_ENTITY_RANKING,,,NOT_APPLICABLE_GLOBAL_BASELINE,HF9g-P5,,,,X 全窗基线 · 不参与实体赏罚,15050375,1506,A168_HF9F_20260827_0900,2026-08-27 09:00:00
2026-05-03,74657362,1363,0,43.0663221361,-43.0663221361,-43.0663221361,0E-7,1,1,0.49324550000000000,0.493245500000,-0.9865810262130424,-0.9865810262130424,-0.9865810262130424,0E-17,ELIGIBLE,R03b_20260811_FULL_v1,L1_ELIGIBILITY,v2026-08-11,2026-03-21..2026-08-06,baccarat_bet02_101_all_pairs_incl_sentinel,round_win = game_pnl > 0 (decisive only),COMPATIBILITY_ONLY_NOT_PRODUCTION,234885.8996,214754.2105,9869.7735,3689,3015,-0.04201944,-0.00608590,-0.04816467,-0.04201944,-9869.7735,234885.8996,OK,0.0000,394.7909,4.0000,96.0000,AG03-UNRESOLVED,ALL5_LEVELS_bet23_to_bet27,394.7909,394.7909,394.7909,394.7909,394.7909,4.000000,4.000000,4.000000,4.000000,4.000000,96.000000,96.000000,96.000000,96.000000,96.000000,5.0,1973.9547,1822.2297,7895.8188,8047.5438,PENDING_AG03,FALSE,NOT_FOR_ENFORCEMENT,9474.9825,206164.0421,9869.7735,9474.9825,394.7909,0.04201944,0.04033866,394.7909,9474.9825,0.04033866,394.7909,394.7909,394.7909,394.7909,394.7909,9474.9825,0.04033866,1973.9547,1822.2297,7895.8188,8047.5438,0.03361555,0.0342615,0.00168078,63.6720,71.2286,3.2736,143.0402,5.0692,3404.1435,43.6957,64.4793,63.5359,42.5677,43.0663,85.2079,124.7713,127.8119,154.8004,42.604,-41.336,2.967791,3.594466,1.478463,30,203,130,8,0.14604117,0.04201944,0.00608590,0E-8,0.000000,0.914292,0.640282,0.04207877,2026-03-23,2026-08-04,69,1947,1162,135,0.511111,1.014849,1.012680,0.486804,,,,,,,,GLOBAL_BASELINE_NO_ENTITY_RANKING,,,NOT_APPLICABLE_GLOBAL_BASELINE,HF9g-P5,,,,X 全窗基线 · 不参与实体赏罚,15050376,1506,A168_HF9F_20260827_0900,2026-08-27 09:00:00
2026-05-03,74657362,1402,0,43.0663221361,43.0663221361,43.0663221361,1.0000000,1,1,0.50665070000000000,0.506650700000,0.9867858985152569,0.9867858985152569,0.9867858985152569,0E-17,ELIGIBLE,R03b_20260811_FULL_v1,L1_ELIGIBILITY,v2026-08-11,2026-03-21..2026-08-06,baccarat_bet02_101_all_pairs_incl_sentinel,round_win = game_pnl > 0 (decisive only),COMPATIBILITY_ONLY_NOT_PRODUCTION,234885.8996,214754.2105,9869.7735,3689,3015,-0.04201944,-0.00608590,-0.04816467,-0.04201944,-9869.7735,234885.8996,OK,0.0000,394.7909,4.0000,96.0000,AG03-UNRESOLVED,ALL5_LEVELS_bet23_to_bet27,394.7909,394.7909,394.7909,394.7909,394.7909,4.000000,4.000000,4.000000,4.000000,4.000000,96.000000,96.000000,96.000000,96.000000,96.000000,5.0,1973.9547,1822.2297,7895.8188,8047.5438,PENDING_AG03,FALSE,NOT_FOR_ENFORCEMENT,9474.9825,206164.0421,9869.7735,9474.9825,394.7909,0.04201944,0.04033866,394.7909,9474.9825,0.04033866,394.7909,394.7909,394.7909,394.7909,394.7909,9474.9825,0.04033866,1973.9547,1822.2297,7895.8188,8047.5438,0.03361555,0.0342615,0.00168078,63.6720,71.2286,3.2736,143.0402,5.0692,3404.1435,43.6957,64.4793,63.5359,42.5677,43.0663,85.2079,124.7713,127.8119,154.8004,42.604,-41.336,2.967791,3.594466,1.478463,30,203,130,8,0.14604117,0.04201944,0.00608590,0E-8,0.000000,0.914292,0.640282,0.04207877,2026-03-23,2026-08-04,69,1947,1162,135,0.511111,1.014849,1.012680,0.486804,,,,,,,,GLOBAL_BASELINE_NO_ENTITY_RANKING,,,NOT_APPLICABLE_GLOBAL_BASELINE,HF9g-P5,,,,X 全窗基线 · 不参与实体赏罚,15050377,1506,A168_HF9F_20260827_0900,2026-08-27 09:00:00
2026-05-03,74657362,1505,0,43.0663221361,-43.0663221361,-43.0663221361,0E-7,1,1,0.49324550000000000,0.493245500000,-0.9865810262130424,-0.9865810262130424,-0.9865810262130424,0E-17,ELIGIBLE,R03b_20260811_FULL_v1,L1_ELIGIBILITY,v2026-08-11,2026-03-21..2026-08-06,baccarat_bet02_101_all_pairs_incl_sentinel,round_win = game_pnl > 0 (decisive only),COMPATIBILITY_ONLY_NOT_PRODUCTION,234885.8996,214754.2105,9869.7735,3689,3015,-0.04201944,-0.00608590,-0.04816467,-0.04201944,-9869.7735,234885.8996,OK,0.0000,394.7909,4.0000,96.0000,AG03-UNRESOLVED,ALL5_LEVELS_bet23_to_bet27,394.7909,394.7909,394.7909,394.7909,394.7909,4.000000,4.000000,4.000000,4.000000,4.000000,96.000000,96.000000,96.000000,96.000000,96.000000,5.0,1973.9547,1822.2297,7895.8188,8047.5438,PENDING_AG03,FALSE,NOT_FOR_ENFORCEMENT,9474.9825,206164.0421,9869.7735,9474.9825,394.7909,0.04201944,0.04033866,394.7909,9474.9825,0.04033866,394.7909,394.7909,394.7909,394.7909,394.7909,9474.9825,0.04033866,1973.9547,1822.2297,7895.8188,8047.5438,0.03361555,0.0342615,0.00168078,63.6720,71.2286,3.2736,143.0402,5.0692,3404.1435,43.6957,64.4793,63.5359,42.5677,43.0663,85.2079,124.7713,127.8119,154.8004,42.604,-41.336,2.967791,3.594466,1.478463,30,203,130,8,0.14604117,0.04201944,0.00608590,0E-8,0.000000,0.914292,0.640282,0.04207877,2026-03-23,2026-08-04,69,1947,1162,135,0.511111,1.014849,1.012680,0.486804,,,,,,,,GLOBAL_BASELINE_NO_ENTITY_RANKING,,,NOT_APPLICABLE_GLOBAL_BASELINE,HF9g-P5,,,,X 全窗基线 · 不参与实体赏罚,15050378,1506,A168_HF9F_20260827_0900,2026-08-27 09:00:00
2026-05-03,74657362,1704,0,86.1326442722,-86.1326442722,-86.1326442722,0E-7,2,2,0.49994810000000000,0.499948100000,-1.4140667746232096,-1.4140667746232096,-1.4140667746232096,0E-17,ELIGIBLE,R03b_20260811_FULL_v1,L1_ELIGIBILITY,v2026-08-11,2026-03-21..2026-08-06,baccarat_bet02_101_all_pairs_incl_sentinel,round_win = game_pnl > 0 (decisive only),COMPATIBILITY_ONLY_NOT_PRODUCTION,234885.8996,214754.2105,9869.7735,3689,3015,-0.04201944,-0.00608590,-0.04816467,-0.04201944,-9869.7735,234885.8996,OK,0.0000,394.7909,4.0000,96.0000,AG03-UNRESOLVED,ALL5_LEVELS_bet23_to_bet27,394.7909,394.7909,394.7909,394.7909,394.7909,4.000000,4.000000,4.000000,4.000000,4.000000,96.000000,96.000000,96.000000,96.000000,96.000000,5.0,1973.9547,1822.2297,7895.8188,8047.5438,PENDING_AG03,FALSE,NOT_FOR_ENFORCEMENT,9474.9825,206164.0421,9869.7735,9474.9825,394.7909,0.04201944,0.04033866,394.7909,9474.9825,0.04033866,394.7909,394.7909,394.7909,394.7909,394.7909,9474.9825,0.04033866,1973.9547,1822.2297,7895.8188,8047.5438,0.03361555,0.0342615,0.00168078,63.6720,71.2286,3.2736,143.0402,5.0692,3404.1435,43.6957,64.4793,63.5359,42.5677,43.0663,85.2079,124.7713,127.8119,154.8004,42.604,-41.336,2.967791,3.594466,1.478463,30,203,130,8,0.14604117,0.04201944,0.00608590,0E-8,0.000000,0.914292,0.640282,0.04207877,2026-03-23,2026-08-04,69,1947,1162,135,0.511111,1.014849,1.012680,0.486804,,,,,,,,GLOBAL_BASELINE_NO_ENTITY_RANKING,,,NOT_APPLICABLE_GLOBAL_BASELINE,HF9g-P5,,,,X 全窗基线 · 不参与实体赏罚,15050379,1506,A168_HF9F_20260827_0900,2026-08-27 09:00:00
2026-05-03,74657362,1714,0,86.1326442722,-86.1326442722,-86.1326442722,0E-7,2,2,0.49324550000000000,0.493245500000,-1.3952362676504506,-1.3952362676504506,-1.3952362676504506,0E-17,ELIGIBLE,R03b_20260811_FULL_v1,L1_ELIGIBILITY,v2026-08-11,2026-03-21..2026-08-06,baccarat_bet02_101_all_pairs_incl_sentinel,round_win = game_pnl > 0 (decisive only),COMPATIBILITY_ONLY_NOT_PRODUCTION,234885.8996,214754.2105,9869.7735,3689,3015,-0.04201944,-0.00608590,-0.04816467,-0.04201944,-9869.7735,234885.8996,OK,0.0000,394.7909,4.0000,96.0000,AG03-UNRESOLVED,ALL5_LEVELS_bet23_to_bet27,394.7909,394.7909,394.7909,394.7909,394.7909,4.000000,4.000000,4.000000,4.000000,4.000000,96.000000,96.000000,96.000000,96.000000,96.000000,5.0,1973.9547,1822.2297,7895.8188,8047.5438,PENDING_AG03,FALSE,NOT_FOR_ENFORCEMENT,9474.9825,206164.0421,9869.7735,9474.9825,394.7909,0.04201944,0.04033866,394.7909,9474.9825,0.04033866,394.7909,394.7909,394.7909,394.7909,394.7909,9474.9825,0.04033866,1973.9547,1822.2297,7895.8188,8047.5438,0.03361555,0.0342615,0.00168078,63.6720,71.2286,3.2736,143.0402,5.0692,3404.1435,43.6957,64.4793,63.5359,42.5677,43.0663,85.2079,124.7713,127.8119,154.8004,42.604,-41.336,2.967791,3.594466,1.478463,30,203,130,8,0.14604117,0.04201944,0.00608590,0E-8,0.000000,0.914292,0.640282,0.04207877,2026-03-23,2026-08-04,69,1947,1162,135,0.511111,1.014849,1.012680,0.486804,,,,,,,,GLOBAL_BASELINE_NO_ENTITY_RANKING,,,NOT_APPLICABLE_GLOBAL_BASELINE,HF9g-P5,,,,X 全窗基线 · 不参与实体赏罚,15050380,1506,A168_HF9F_20260827_0900,2026-08-27 09:00:00
2026-05-03,74657362,1947,0,86.1326442722,-86.1326442722,-86.1326442722,0E-7,2,2,0.49994810000000000,0.499948100000,-1.4140667746232096,-1.4140667746232096,-1.4140667746232096,0E-17,ELIGIBLE,R03b_20260811_FULL_v1,L1_ELIGIBILITY,v2026-08-11,2026-03-21..2026-08-06,baccarat_bet02_101_all_pairs_incl_sentinel,round_win = game_pnl > 0 (decisive only),COMPATIBILITY_ONLY_NOT_PRODUCTION,234885.8996,214754.2105,9869.7735,3689,3015,-0.04201944,-0.00608590,-0.04816467,-0.04201944,-9869.7735,234885.8996,OK,0.0000,394.7909,4.0000,96.0000,AG03-UNRESOLVED,ALL5_LEVELS_bet23_to_bet27,394.7909,394.7909,394.7909,394.7909,394.7909,4.000000,4.000000,4.000000,4.000000,4.000000,96.000000,96.000000,96.000000,96.000000,96.000000,5.0,1973.9547,1822.2297,7895.8188,8047.5438,PENDING_AG03,FALSE,NOT_FOR_ENFORCEMENT,9474.9825,206164.0421,9869.7735,9474.9825,394.7909,0.04201944,0.04033866,394.7909,9474.9825,0.04033866,394.7909,394.7909,394.7909,394.7909,394.7909,9474.9825,0.04033866,1973.9547,1822.2297,7895.8188,8047.5438,0.03361555,0.0342615,0.00168078,63.6720,71.2286,3.2736,143.0402,5.0692,3404.1435,43.6957,64.4793,63.5359,42.5677,43.0663,85.2079,124.7713,127.8119,154.8004,42.604,-41.336,2.967791,3.594466,1.478463,30,203,130,8,0.14604117,0.04201944,0.00608590,0E-8,0.000000,0.914292,0.640282,0.04207877,2026-03-23,2026-08-04,69,1947,1162,135,0.511111,1.014849,1.012680,0.486804,,,,,,,,GLOBAL_BASELINE_NO_ENTITY_RANKING,,,NOT_APPLICABLE_GLOBAL_BASELINE,HF9g-P5,,,,X 全窗基线 · 不参与实体赏罚,15050381,1506,A168_HF9F_20260827_0900,2026-08-27 09:00:00
2026-05-03,74657362,1985,0,43.0663221361,-43.0663221361,-43.0663221361,0E-7,1,1,0.49324550000000000,0.493245500000,-0.9865810262130424,-0.9865810262130424,-0.9865810262130424,0E-17,ELIGIBLE,R03b_20260811_FULL_v1,L1_ELIGIBILITY,v2026-08-11,2026-03-21..2026-08-06,baccarat_bet02_101_all_pairs_incl_sentinel,round_win = game_pnl > 0 (decisive only),COMPATIBILITY_ONLY_NOT_PRODUCTION,234885.8996,214754.2105,9869.7735,3689,3015,-0.04201944,-0.00608590,-0.04816467,-0.04201944,-9869.7735,234885.8996,OK,0.0000,394.7909,4.0000,96.0000,AG03-UNRESOLVED,ALL5_LEVELS_bet23_to_bet27,394.7909,394.7909,394.7909,394.7909,394.7909,4.000000,4.000000,4.000000,4.000000,4.000000,96.000000,96.000000,96.000000,96.000000,96.000000,5.0,1973.9547,1822.2297,7895.8188,8047.5438,PENDING_AG03,FALSE,NOT_FOR_ENFORCEMENT,9474.9825,206164.0421,9869.7735,9474.9825,394.7909,0.04201944,0.04033866,394.7909,9474.9825,0.04033866,394.7909,394.7909,394.7909,394.7909,394.7909,9474.9825,0.04033866,1973.9547,1822.2297,7895.8188,8047.5438,0.03361555,0.0342615,0.00168078,63.6720,71.2286,3.2736,143.0402,5.0692,3404.1435,43.6957,64.4793,63.5359,42.5677,43.0663,85.2079,124.7713,127.8119,154.8004,42.604,-41.336,2.967791,3.594466,1.478463,30,203,130,8,0.14604117,0.04201944,0.00608590,0E-8,0.000000,0.914292,0.640282,0.04207877,2026-03-23,2026-08-04,69,1947,1162,135,0.511111,1.014849,1.012680,0.486804,,,,,,,,GLOBAL_BASELINE_NO_ENTITY_RANKING,,,NOT_APPLICABLE_GLOBAL_BASELINE,HF9g-P5,,,,X 全窗基线 · 不参与实体赏罚,15050382,1506,A168_HF9F_20260827_0900,2026-08-27 09:00:00
2026-05-03,74657362,2100,0,43.0663221361,43.0663221361,43.0663221361,1.0000000,1,1,0.50665070000000000,0.506650700000,0.9867858985152569,0.9867858985152569,0.9867858985152569,0E-17,ELIGIBLE,R03b_20260811_FULL_v1,L1_ELIGIBILITY,v2026-08-11,2026-03-21..2026-08-06,baccarat_bet02_101_all_pairs_incl_sentinel,round_win = game_pnl > 0 (decisive only),COMPATIBILITY_ONLY_NOT_PRODUCTION,234885.8996,214754.2105,9869.7735,3689,3015,-0.04201944,-0.00608590,-0.04816467,-0.04201944,-9869.7735,234885.8996,OK,0.0000,394.7909,4.0000,96.0000,AG03-UNRESOLVED,ALL5_LEVELS_bet23_to_bet27,394.7909,394.7909,394.7909,394.7909,394.7909,4.000000,4.000000,4.000000,4.000000,4.000000,96.000000,96.000000,96.000000,96.000000,96.000000,5.0,1973.9547,1822.2297,7895.8188,8047.5438,PENDING_AG03,FALSE,NOT_FOR_ENFORCEMENT,9474.9825,206164.0421,9869.7735,9474.9825,394.7909,0.04201944,0.04033866,394.7909,9474.9825,0.04033866,394.7909,394.7909,394.7909,394.7909,394.7909,9474.9825,0.04033866,1973.9547,1822.2297,7895.8188,8047.5438,0.03361555,0.0342615,0.00168078,63.6720,71.2286,3.2736,143.0402,5.0692,3404.1435,43.6957,64.4793,63.5359,42.5677,43.0663,85.2079,124.7713,127.8119,154.8004,42.604,-41.336,2.967791,3.594466,1.478463,30,203,130,8,0.14604117,0.04201944,0.00608590,0E-8,0.000000,0.914292,0.640282,0.04207877,2026-03-23,2026-08-04,69,1947,1162,135,0.511111,1.014849,1.012680,0.486804,,,,,,,,GLOBAL_BASELINE_NO_ENTITY_RANKING,,,NOT_APPLICABLE_GLOBAL_BASELINE,HF9g-P5,,,,X 全窗基线 · 不参与实体赏罚,15050383,1506,A168_HF9F_20260827_0900,2026-08-27 09:00:00
2026-05-03,74657362,2129,0,43.0663221361,-43.0663221361,-43.0663221361,0E-7,1,1,0.49324550000000000,0.493245500000,-0.9865810262130424,-0.9865810262130424,-0.9865810262130424,0E-17,ELIGIBLE,R03b_20260811_FULL_v1,L1_ELIGIBILITY,v2026-08-11,2026-03-21..2026-08-06,baccarat_bet02_101_all_pairs_incl_sentinel,round_win = game_pnl > 0 (decisive only),COMPATIBILITY_ONLY_NOT_PRODUCTION,234885.8996,214754.2105,9869.7735,3689,3015,-0.04201944,-0.00608590,-0.04816467,-0.04201944,-9869.7735,234885.8996,OK,0.0000,394.7909,4.0000,96.0000,AG03-UNRESOLVED,ALL5_LEVELS_bet23_to_bet27,394.7909,394.7909,394.7909,394.7909,394.7909,4.000000,4.000000,4.000000,4.000000,4.000000,96.000000,96.000000,96.000000,96.000000,96.000000,5.0,1973.9547,1822.2297,7895.8188,8047.5438,PENDING_AG03,FALSE,NOT_FOR_ENFORCEMENT,9474.9825,206164.0421,9869.7735,9474.9825,394.7909,0.04201944,0.04033866,394.7909,9474.9825,0.04033866,394.7909,394.7909,394.7909,394.7909,394.7909,9474.9825,0.04033866,1973.9547,1822.2297,7895.8188,8047.5438,0.03361555,0.0342615,0.00168078,63.6720,71.2286,3.2736,143.0402,5.0692,3404.1435,43.6957,64.4793,63.5359,42.5677,43.0663,85.2079,124.7713,127.8119,154.8004,42.604,-41.336,2.967791,3.594466,1.478463,30,203,130,8,0.14604117,0.04201944,0.00608590,0E-8,0.000000,0.914292,0.640282,0.04207877,2026-03-23,2026-08-04,69,1947,1162,135,0.511111,1.014849,1.012680,0.486804,,,,,,,,GLOBAL_BASELINE_NO_ENTITY_RANKING,,,NOT_APPLICABLE_GLOBAL_BASELINE,HF9g-P5,,,,X 全窗基线 · 不参与实体赏罚,15050384,1506,A168_HF9F_20260827_0900,2026-08-27 09:00:00
2026-05-03,74657362,2142,0,86.1326442722,0E-10,0E-10,0.5000000,2,2,0.49324550000000000,0.493245500000,0.01910635448239258,0.01910635448239258,0.01910635448239258,0E-17,ELIGIBLE,R03b_20260811_FULL_v1,L1_ELIGIBILITY,v2026-08-11,2026-03-21..2026-08-06,baccarat_bet02_101_all_pairs_incl_sentinel,round_win = game_pnl > 0 (decisive only),COMPATIBILITY_ONLY_NOT_PRODUCTION,234885.8996,214754.2105,9869.7735,3689,3015,-0.04201944,-0.00608590,-0.04816467,-0.04201944,-9869.7735,234885.8996,OK,0.0000,394.7909,4.0000,96.0000,AG03-UNRESOLVED,ALL5_LEVELS_bet23_to_bet27,394.7909,394.7909,394.7909,394.7909,394.7909,4.000000,4.000000,4.000000,4.000000,4.000000,96.000000,96.000000,96.000000,96.000000,96.000000,5.0,1973.9547,1822.2297,7895.8188,8047.5438,PENDING_AG03,FALSE,NOT_FOR_ENFORCEMENT,9474.9825,206164.0421,9869.7735,9474.9825,394.7909,0.04201944,0.04033866,394.7909,9474.9825,0.04033866,394.7909,394.7909,394.7909,394.7909,394.7909,9474.9825,0.04033866,1973.9547,1822.2297,7895.8188,8047.5438,0.03361555,0.0342615,0.00168078,63.6720,71.2286,3.2736,143.0402,5.0692,3404.1435,43.6957,64.4793,63.5359,42.5677,43.0663,85.2079,124.7713,127.8119,154.8004,42.604,-41.336,2.967791,3.594466,1.478463,30,203,130,8,0.14604117,0.04201944,0.00608590,0E-8,0.000000,0.914292,0.640282,0.04207877,2026-03-23,2026-08-04,69,1947,1162,135,0.511111,1.014849,1.012680,0.486804,,,,,,,,GLOBAL_BASELINE_NO_ENTITY_RANKING,,,NOT_APPLICABLE_GLOBAL_BASELINE,HF9g-P5,,,,X 全窗基线 · 不参与实体赏罚,15050385,1506,A168_HF9F_20260827_0900,2026-08-27 09:00:00
2026-05-03,74657362,2145,0,43.0663221361,-43.0663221361,-43.0663221361,0E-7,1,1,0.50665070000000000,0.506650700000,-1.013391052207602,-1.013391052207602,-1.013391052207602,0E-17,ELIGIBLE,R03b_20260811_FULL_v1,L1_ELIGIBILITY,v2026-08-11,2026-03-21..2026-08-06,baccarat_bet02_101_all_pairs_incl_sentinel,round_win = game_pnl > 0 (decisive only),COMPATIBILITY_ONLY_NOT_PRODUCTION,234885.8996,214754.2105,9869.7735,3689,3015,-0.04201944,-0.00608590,-0.04816467,-0.04201944,-9869.7735,234885.8996,OK,0.0000,394.7909,4.0000,96.0000,AG03-UNRESOLVED,ALL5_LEVELS_bet23_to_bet27,394.7909,394.7909,394.7909,394.7909,394.7909,4.000000,4.000000,4.000000,4.000000,4.000000,96.000000,96.000000,96.000000,96.000000,96.000000,5.0,1973.9547,1822.2297,7895.8188,8047.5438,PENDING_AG03,FALSE,NOT_FOR_ENFORCEMENT,9474.9825,206164.0421,9869.7735,9474.9825,394.7909,0.04201944,0.04033866,394.7909,9474.9825,0.04033866,394.7909,394.7909,394.7909,394.7909,394.7909,9474.9825,0.04033866,1973.9547,1822.2297,7895.8188,8047.5438,0.03361555,0.0342615,0.00168078,63.6720,71.2286,3.2736,143.0402,5.0692,3404.1435,43.6957,64.4793,63.5359,42.5677,43.0663,85.2079,124.7713,127.8119,154.8004,42.604,-41.336,2.967791,3.594466,1.478463,30,203,130,8,0.14604117,0.04201944,0.00608590,0E-8,0.000000,0.914292,0.640282,0.04207877,2026-03-23,2026-08-04,69,1947,1162,135,0.511111,1.014849,1.012680,0.486804,,,,,,,,GLOBAL_BASELINE_NO_ENTITY_RANKING,,,NOT_APPLICABLE_GLOBAL_BASELINE,HF9g-P5,,,,X 全窗基线 · 不参与实体赏罚,15050386,1506,A168_HF9F_20260827_0900,2026-08-27 09:00:00
2026-05-03,74657362,2167,0,86.1326442722,0E-10,0E-10,0.5000000,2,2,0.50665070000000000,0.506650700000,-0.018812684590367487,-0.018812684590367487,-0.018812684590367487,0E-17,ELIGIBLE,R03b_20260811_FULL_v1,L1_ELIGIBILITY,v2026-08-11,2026-03-21..2026-08-06,baccarat_bet02_101_all_pairs_incl_sentinel,round_win = game_pnl > 0 (decisive only),COMPATIBILITY_ONLY_NOT_PRODUCTION,234885.8996,214754.2105,9869.7735,3689,3015,-0.04201944,-0.00608590,-0.04816467,-0.04201944,-9869.7735,234885.8996,OK,0.0000,394.7909,4.0000,96.0000,AG03-UNRESOLVED,ALL5_LEVELS_bet23_to_bet27,394.7909,394.7909,394.7909,394.7909,394.7909,4.000000,4.000000,4.000000,4.000000,4.000000,96.000000,96.000000,96.000000,96.000000,96.000000,5.0,1973.9547,1822.2297,7895.8188,8047.5438,PENDING_AG03,FALSE,NOT_FOR_ENFORCEMENT,9474.9825,206164.0421,9869.7735,9474.9825,394.7909,0.04201944,0.04033866,394.7909,9474.9825,0.04033866,394.7909,394.7909,394.7909,394.7909,394.7909,9474.9825,0.04033866,1973.9547,1822.2297,7895.8188,8047.5438,0.03361555,0.0342615,0.00168078,63.6720,71.2286,3.2736,143.0402,5.0692,3404.1435,43.6957,64.4793,63.5359,42.5677,43.0663,85.2079,124.7713,127.8119,154.8004,42.604,-41.336,2.967791,3.594466,1.478463,30,203,130,8,0.14604117,0.04201944,0.00608590,0E-8,0.000000,0.914292,0.640282,0.04207877,2026-03-23,2026-08-04,69,1947,1162,135,0.511111,1.014849,1.012680,0.486804,,,,,,,,GLOBAL_BASELINE_NO_ENTITY_RANKING,,,NOT_APPLICABLE_GLOBAL_BASELINE,HF9g-P5,,,,X 全窗基线 · 不参与实体赏罚,15050387,1506,A168_HF9F_20260827_0900,2026-08-27 09:00:00
2026-05-03,74657362,2188,0,172.2652885444,86.1326442722,86.1326442722,0.7500000,4,4,0.50665070000000000,0.506650700000,0.9734833216690844,0.9734833216690844,0.9734833216690844,0E-17,ELIGIBLE,R03b_20260811_FULL_v1,L1_ELIGIBILITY,v2026-08-11,2026-03-21..2026-08-06,baccarat_bet02_101_all_pairs_incl_sentinel,round_win = game_pnl > 0 (decisive only),COMPATIBILITY_ONLY_NOT_PRODUCTION,234885.8996,214754.2105,9869.7735,3689,3015,-0.04201944,-0.00608590,-0.04816467,-0.04201944,-9869.7735,234885.8996,OK,0.0000,394.7909,4.0000,96.0000,AG03-UNRESOLVED,ALL5_LEVELS_bet23_to_bet27,394.7909,394.7909,394.7909,394.7909,394.7909,4.000000,4.000000,4.000000,4.000000,4.000000,96.000000,96.000000,96.000000,96.000000,96.000000,5.0,1973.9547,1822.2297,7895.8188,8047.5438,PENDING_AG03,FALSE,NOT_FOR_ENFORCEMENT,9474.9825,206164.0421,9869.7735,9474.9825,394.7909,0.04201944,0.04033866,394.7909,9474.9825,0.04033866,394.7909,394.7909,394.7909,394.7909,394.7909,9474.9825,0.04033866,1973.9547,1822.2297,7895.8188,8047.5438,0.03361555,0.0342615,0.00168078,63.6720,71.2286,3.2736,143.0402,5.0692,3404.1435,43.6957,64.4793,63.5359,42.5677,43.0663,85.2079,124.7713,127.8119,154.8004,42.604,-41.336,2.967791,3.594466,1.478463,30,203,130,8,0.14604117,0.04201944,0.00608590,0E-8,0.000000,0.914292,0.640282,0.04207877,2026-03-23,2026-08-04,69,1947,1162,135,0.511111,1.014849,1.012680,0.486804,,,,,,,,GLOBAL_BASELINE_NO_ENTITY_RANKING,,,NOT_APPLICABLE_GLOBAL_BASELINE,HF9g-P5,,,,X 全窗基线 · 不参与实体赏罚,15050388,1506,A168_HF9F_20260827_0900,2026-08-27 09:00:00
2026-05-03,74657362,2196,0,129.1989664083,43.0663221361,43.0663221361,0.6666667,3,3,0.50665070000000000,0.506650700000,0.5543606114942035,0.5543606114942035,0.5543606114942035,0E-17,ELIGIBLE,R03b_20260811_FULL_v1,L1_ELIGIBILITY,v2026-08-11,2026-03-21..2026-08-06,baccarat_bet02_101_all_pairs_incl_sentinel,round_win = game_pnl > 0 (decisive only),COMPATIBILITY_ONLY_NOT_PRODUCTION,234885.8996,214754.2105,9869.7735,3689,3015,-0.04201944,-0.00608590,-0.04816467,-0.04201944,-9869.7735,234885.8996,OK,0.0000,394.7909,4.0000,96.0000,AG03-UNRESOLVED,ALL5_LEVELS_bet23_to_bet27,394.7909,394.7909,394.7909,394.7909,394.7909,4.000000,4.000000,4.000000,4.000000,4.000000,96.000000,96.000000,96.000000,96.000000,96.000000,5.0,1973.9547,1822.2297,7895.8188,8047.5438,PENDING_AG03,FALSE,NOT_FOR_ENFORCEMENT,9474.9825,206164.0421,9869.7735,9474.9825,394.7909,0.04201944,0.04033866,394.7909,9474.9825,0.04033866,394.7909,394.7909,394.7909,394.7909,394.7909,9474.9825,0.04033866,1973.9547,1822.2297,7895.8188,8047.5438,0.03361555,0.0342615,0.00168078,63.6720,71.2286,3.2736,143.0402,5.0692,3404.1435,43.6957,64.4793,63.5359,42.5677,43.0663,85.2079,124.7713,127.8119,154.8004,42.604,-41.336,2.967791,3.594466,1.478463,30,203,130,8,0.14604117,0.04201944,0.00608590,0E-8,0.000000,0.914292,0.640282,0.04207877,2026-03-23,2026-08-04,69,1947,1162,135,0.511111,1.014849,1.012680,0.486804,,,,,,,,GLOBAL_BASELINE_NO_ENTITY_RANKING,,,NOT_APPLICABLE_GLOBAL_BASELINE,HF9g-P5,,,,X 全窗基线 · 不参与实体赏罚,15050389,1506,A168_HF9F_20260827_0900,2026-08-27 09:00:00
2026-05-03,74657362,2209,0,43.0663221361,43.0663221361,43.0663221361,1.0000000,1,1,0.50665070000000000,0.506650700000,0.9867858985152569,0.9867858985152569,0.9867858985152569,0E-17,ELIGIBLE,R03b_20260811_FULL_v1,L1_ELIGIBILITY,v2026-08-11,2026-03-21..2026-08-06,baccarat_bet02_101_all_pairs_incl_sentinel,round_win = game_pnl > 0 (decisive only),COMPATIBILITY_ONLY_NOT_PRODUCTION,234885.8996,214754.2105,9869.7735,3689,3015,-0.04201944,-0.00608590,-0.04816467,-0.04201944,-9869.7735,234885.8996,OK,0.0000,394.7909,4.0000,96.0000,AG03-UNRESOLVED,ALL5_LEVELS_bet23_to_bet27,394.7909,394.7909,394.7909,394.7909,394.7909,4.000000,4.000000,4.000000,4.000000,4.000000,96.000000,96.000000,96.000000,96.000000,96.000000,5.0,1973.9547,1822.2297,7895.8188,8047.5438,PENDING_AG03,FALSE,NOT_FOR_ENFORCEMENT,9474.9825,206164.0421,9869.7735,9474.9825,394.7909,0.04201944,0.04033866,394.7909,9474.9825,0.04033866,394.7909,394.7909,394.7909,394.7909,394.7909,9474.9825,0.04033866,1973.9547,1822.2297,7895.8188,8047.5438,0.03361555,0.0342615,0.00168078,63.6720,71.2286,3.2736,143.0402,5.0692,3404.1435,43.6957,64.4793,63.5359,42.5677,43.0663,85.2079,124.7713,127.8119,154.8004,42.604,-41.336,2.967791,3.594466,1.478463,30,203,130,8,0.14604117,0.04201944,0.00608590,0E-8,0.000000,0.914292,0.640282,0.04207877,2026-03-23,2026-08-04,69,1947,1162,135,0.511111,1.014849,1.012680,0.486804,,,,,,,,GLOBAL_BASELINE_NO_ENTITY_RANKING,,,NOT_APPLICABLE_GLOBAL_BASELINE,HF9g-P5,,,,X 全窗基线 · 不参与实体赏罚,15050390,1506,A168_HF9F_20260827_0900,2026-08-27 09:00:00
2026-05-03,74657362,2216,0,43.0663221361,0E-10,0E-10,,1,1,0.49324550000000000,0.493245500000,,,,0E-17,NO_DECISIVE_ROUND,R03b_20260811_FULL_v1,L1_ELIGIBILITY,v2026-08-11,2026-03-21..2026-08-06,baccarat_bet02_101_all_pairs_incl_sentinel,round_win = game_pnl > 0 (decisive only),COMPATIBILITY_ONLY_NOT_PRODUCTION,234885.8996,214754.2105,9869.7735,3689,3015,-0.04201944,-0.00608590,-0.04816467,-0.04201944,-9869.7735,234885.8996,OK,0.0000,394.7909,4.0000,96.0000,AG03-UNRESOLVED,ALL5_LEVELS_bet23_to_bet27,394.7909,394.7909,394.7909,394.7909,394.7909,4.000000,4.000000,4.000000,4.000000,4.000000,96.000000,96.000000,96.000000,96.000000,96.000000,5.0,1973.9547,1822.2297,7895.8188,8047.5438,PENDING_AG03,FALSE,NOT_FOR_ENFORCEMENT,9474.9825,206164.0421,9869.7735,9474.9825,394.7909,0.04201944,0.04033866,394.7909,9474.9825,0.04033866,394.7909,394.7909,394.7909,394.7909,394.7909,9474.9825,0.04033866,1973.9547,1822.2297,7895.8188,8047.5438,0.03361555,0.0342615,0.00168078,63.6720,71.2286,3.2736,143.0402,5.0692,3404.1435,43.6957,64.4793,63.5359,42.5677,43.0663,85.2079,124.7713,127.8119,154.8004,42.604,-41.336,2.967791,3.594466,1.478463,30,203,130,8,0.14604117,0.04201944,0.00608590,0E-8,0.000000,0.914292,0.640282,0.04207877,2026-03-23,2026-08-04,69,1947,1162,135,0.511111,1.014849,1.012680,0.486804,,,,,,,,GLOBAL_BASELINE_NO_ENTITY_RANKING,,,NOT_APPLICABLE_GLOBAL_BASELINE,HF9g-P5,,,,X 全窗基线 · 不参与实体赏罚,15050391,1506,A168_HF9F_20260827_0900,2026-08-27 09:00:00
2026-05-03,74657362,2220,0,43.0663221361,-43.0663221361,-43.0663221361,0E-7,1,1,0.49324550000000000,0.493245500000,-0.9865810262130424,-0.9865810262130424,-0.9865810262130424,0E-17,ELIGIBLE,R03b_20260811_FULL_v1,L1_ELIGIBILITY,v2026-08-11,2026-03-21..2026-08-06,baccarat_bet02_101_all_pairs_incl_sentinel,round_win = game_pnl > 0 (decisive only),COMPATIBILITY_ONLY_NOT_PRODUCTION,234885.8996,214754.2105,9869.7735,3689,3015,-0.04201944,-0.00608590,-0.04816467,-0.04201944,-9869.7735,234885.8996,OK,0.0000,394.7909,4.0000,96.0000,AG03-UNRESOLVED,ALL5_LEVELS_bet23_to_bet27,394.7909,394.7909,394.7909,394.7909,394.7909,4.000000,4.000000,4.000000,4.000000,4.000000,96.000000,96.000000,96.000000,96.000000,96.000000,5.0,1973.9547,1822.2297,7895.8188,8047.5438,PENDING_AG03,FALSE,NOT_FOR_ENFORCEMENT,9474.9825,206164.0421,9869.7735,9474.9825,394.7909,0.04201944,0.04033866,394.7909,9474.9825,0.04033866,394.7909,394.7909,394.7909,394.7909,394.7909,9474.9825,0.04033866,1973.9547,1822.2297,7895.8188,8047.5438,0.03361555,0.0342615,0.00168078,63.6720,71.2286,3.2736,143.0402,5.0692,3404.1435,43.6957,64.4793,63.5359,42.5677,43.0663,85.2079,124.7713,127.8119,154.8004,42.604,-41.336,2.967791,3.594466,1.478463,30,203,130,8,0.14604117,0.04201944,0.00608590,0E-8,0.000000,0.914292,0.640282,0.04207877,2026-03-23,2026-08-04,69,1947,1162,135,0.511111,1.014849,1.012680,0.486804,,,,,,,,GLOBAL_BASELINE_NO_ENTITY_RANKING,,,NOT_APPLICABLE_GLOBAL_BASELINE,HF9g-P5,,,,X 全窗基线 · 不参与实体赏罚,15050392,1506,A168_HF9F_20260827_0900,2026-08-27 09:00:00
2026-05-03,74657362,2224,0,65.4608096469,-0.8613264428,-0.8613264428,0.5000000,2,2,0.50665070000000000,0.506650700000,-0.018812684590367487,-0.018812684590367487,-0.018812684590367487,0E-17,ELIGIBLE,R03b_20260811_FULL_v1,L1_ELIGIBILITY,v2026-08-11,2026-03-21..2026-08-06,baccarat_bet02_101_all_pairs_incl_sentinel,round_win = game_pnl > 0 (decisive only),COMPATIBILITY_ONLY_NOT_PRODUCTION,234885.8996,214754.2105,9869.7735,3689,3015,-0.04201944,-0.00608590,-0.04816467,-0.04201944,-9869.7735,234885.8996,OK,0.0000,394.7909,4.0000,96.0000,AG03-UNRESOLVED,ALL5_LEVELS_bet23_to_bet27,394.7909,394.7909,394.7909,394.7909,394.7909,4.000000,4.000000,4.000000,4.000000,4.000000,96.000000,96.000000,96.000000,96.000000,96.000000,5.0,1973.9547,1822.2297,7895.8188,8047.5438,PENDING_AG03,FALSE,NOT_FOR_ENFORCEMENT,9474.9825,206164.0421,9869.7735,9474.9825,394.7909,0.04201944,0.04033866,394.7909,9474.9825,0.04033866,394.7909,394.7909,394.7909,394.7909,394.7909,9474.9825,0.04033866,1973.9547,1822.2297,7895.8188,8047.5438,0.03361555,0.0342615,0.00168078,63.6720,71.2286,3.2736,143.0402,5.0692,3404.1435,43.6957,64.4793,63.5359,42.5677,43.0663,85.2079,124.7713,127.8119,154.8004,42.604,-41.336,2.967791,3.594466,1.478463,30,203,130,8,0.14604117,0.04201944,0.00608590,0E-8,0.000000,0.914292,0.640282,0.04207877,2026-03-23,2026-08-04,69,1947,1162,135,0.511111,1.014849,1.012680,0.486804,,,,,,,,GLOBAL_BASELINE_NO_ENTITY_RANKING,,,NOT_APPLICABLE_GLOBAL_BASELINE,HF9g-P5,,,,X 全窗基线 · 不参与实体赏罚,15050393,1506,A168_HF9F_20260827_0900,2026-08-27 09:00:00
2026-05-03,74657362,2229,0,43.0663221361,-43.0663221361,-43.0663221361,0E-7,1,1,0.50665070000000000,0.506650700000,-1.013391052207602,-1.013391052207602,-1.013391052207602,0E-17,ELIGIBLE,R03b_20260811_FULL_v1,L1_ELIGIBILITY,v2026-08-11,2026-03-21..2026-08-06,baccarat_bet02_101_all_pairs_incl_sentinel,round_win = game_pnl > 0 (decisive only),COMPATIBILITY_ONLY_NOT_PRODUCTION,234885.8996,214754.2105,9869.7735,3689,3015,-0.04201944,-0.00608590,-0.04816467,-0.04201944,-9869.7735,234885.8996,OK,0.0000,394.7909,4.0000,96.0000,AG03-UNRESOLVED,ALL5_LEVELS_bet23_to_bet27,394.7909,394.7909,394.7909,394.7909,394.7909,4.000000,4.000000,4.000000,4.000000,4.000000,96.000000,96.000000,96.000000,96.000000,96.000000,5.0,1973.9547,1822.2297,7895.8188,8047.5438,PENDING_AG03,FALSE,NOT_FOR_ENFORCEMENT,9474.9825,206164.0421,9869.7735,9474.9825,394.7909,0.04201944,0.04033866,394.7909,9474.9825,0.04033866,394.7909,394.7909,394.7909,394.7909,394.7909,9474.9825,0.04033866,1973.9547,1822.2297,7895.8188,8047.5438,0.03361555,0.0342615,0.00168078,63.6720,71.2286,3.2736,143.0402,5.0692,3404.1435,43.6957,64.4793,63.5359,42.5677,43.0663,85.2079,124.7713,127.8119,154.8004,42.604,-41.336,2.967791,3.594466,1.478463,30,203,130,8,0.14604117,0.04201944,0.00608590,0E-8,0.000000,0.914292,0.640282,0.04207877,2026-03-23,2026-08-04,69,1947,1162,135,0.511111,1.014849,1.012680,0.486804,,,,,,,,GLOBAL_BASELINE_NO_ENTITY_RANKING,,,NOT_APPLICABLE_GLOBAL_BASELINE,HF9g-P5,,,,X 全窗基线 · 不参与实体赏罚,15050394,1506,A168_HF9F_20260827_0900,2026-08-27 09:00:00
2026-05-03,74657362,2233,0,43.0663221361,43.0663221361,43.0663221361,1.0000000,1,1,0.50665070000000000,0.506650700000,0.9867858985152569,0.9867858985152569,0.9867858985152569,0E-17,ELIGIBLE,R03b_20260811_FULL_v1,L1_ELIGIBILITY,v2026-08-11,2026-03-21..2026-08-06,baccarat_bet02_101_all_pairs_incl_sentinel,round_win = game_pnl > 0 (decisive only),COMPATIBILITY_ONLY_NOT_PRODUCTION,234885.8996,214754.2105,9869.7735,3689,3015,-0.04201944,-0.00608590,-0.04816467,-0.04201944,-9869.7735,234885.8996,OK,0.0000,394.7909,4.0000,96.0000,AG03-UNRESOLVED,ALL5_LEVELS_bet23_to_bet27,394.7909,394.7909,394.7909,394.7909,394.7909,4.000000,4.000000,4.000000,4.000000,4.000000,96.000000,96.000000,96.000000,96.000000,96.000000,5.0,1973.9547,1822.2297,7895.8188,8047.5438,PENDING_AG03,FALSE,NOT_FOR_ENFORCEMENT,9474.9825,206164.0421,9869.7735,9474.9825,394.7909,0.04201944,0.04033866,394.7909,9474.9825,0.04033866,394.7909,394.7909,394.7909,394.7909,394.7909,9474.9825,0.04033866,1973.9547,1822.2297,7895.8188,8047.5438,0.03361555,0.0342615,0.00168078,63.6720,71.2286,3.2736,143.0402,5.0692,3404.1435,43.6957,64.4793,63.5359,42.5677,43.0663,85.2079,124.7713,127.8119,154.8004,42.604,-41.336,2.967791,3.594466,1.478463,30,203,130,8,0.14604117,0.04201944,0.00608590,0E-8,0.000000,0.914292,0.640282,0.04207877,2026-03-23,2026-08-04,69,1947,1162,135,0.511111,1.014849,1.012680,0.486804,,,,,,,,GLOBAL_BASELINE_NO_ENTITY_RANKING,,,NOT_APPLICABLE_GLOBAL_BASELINE,HF9g-P5,,,,X 全窗基线 · 不参与实体赏罚,15050395,1506,A168_HF9F_20260827_0900,2026-08-27 09:00:00
2026-05-03,74657362,2246,0,86.1326442722,0E-10,0E-10,0.5000000,2,2,0.50665070000000000,0.506650700000,-0.018812684590367487,-0.018812684590367487,-0.018812684590367487,0E-17,ELIGIBLE,R03b_20260811_FULL_v1,L1_ELIGIBILITY,v2026-08-11,2026-03-21..2026-08-06,baccarat_bet02_101_all_pairs_incl_sentinel,round_win = game_pnl > 0 (decisive only),COMPATIBILITY_ONLY_NOT_PRODUCTION,234885.8996,214754.2105,9869.7735,3689,3015,-0.04201944,-0.00608590,-0.04816467,-0.04201944,-9869.7735,234885.8996,OK,0.0000,394.7909,4.0000,96.0000,AG03-UNRESOLVED,ALL5_LEVELS_bet23_to_bet27,394.7909,394.7909,394.7909,394.7909,394.7909,4.000000,4.000000,4.000000,4.000000,4.000000,96.000000,96.000000,96.000000,96.000000,96.000000,5.0,1973.9547,1822.2297,7895.8188,8047.5438,PENDING_AG03,FALSE,NOT_FOR_ENFORCEMENT,9474.9825,206164.0421,9869.7735,9474.9825,394.7909,0.04201944,0.04033866,394.7909,9474.9825,0.04033866,394.7909,394.7909,394.7909,394.7909,394.7909,9474.9825,0.04033866,1973.9547,1822.2297,7895.8188,8047.5438,0.03361555,0.0342615,0.00168078,63.6720,71.2286,3.2736,143.0402,5.0692,3404.1435,43.6957,64.4793,63.5359,42.5677,43.0663,85.2079,124.7713,127.8119,154.8004,42.604,-41.336,2.967791,3.594466,1.478463,30,203,130,8,0.14604117,0.04201944,0.00608590,0E-8,0.000000,0.914292,0.640282,0.04207877,2026-03-23,2026-08-04,69,1947,1162,135,0.511111,1.014849,1.012680,0.486804,,,,,,,,GLOBAL_BASELINE_NO_ENTITY_RANKING,,,NOT_APPLICABLE_GLOBAL_BASELINE,HF9g-P5,,,,X 全窗基线 · 不参与实体赏罚,15050396,1506,A168_HF9F_20260827_0900,2026-08-27 09:00:00
2026-05-03,74657362,2251,0,129.1989664083,-43.0663221361,-43.0663221361,0E-7,3,3,0.49324550000000000,0.493245500000,-0.9865810262130424,-0.9865810262130424,-0.9865810262130424,0E-17,ELIGIBLE,R03b_20260811_FULL_v1,L1_ELIGIBILITY,v2026-08-11,2026-03-21..2026-08-06,baccarat_bet02_101_all_pairs_incl_sentinel,round_win = game_pnl > 0 (decisive only),COMPATIBILITY_ONLY_NOT_PRODUCTION,234885.8996,214754.2105,9869.7735,3689,3015,-0.04201944,-0.00608590,-0.04816467,-0.04201944,-9869.7735,234885.8996,OK,0.0000,394.7909,4.0000,96.0000,AG03-UNRESOLVED,ALL5_LEVELS_bet23_to_bet27,394.7909,394.7909,394.7909,394.7909,394.7909,4.000000,4.000000,4.000000,4.000000,4.000000,96.000000,96.000000,96.000000,96.000000,96.000000,5.0,1973.9547,1822.2297,7895.8188,8047.5438,PENDING_AG03,FALSE,NOT_FOR_ENFORCEMENT,9474.9825,206164.0421,9869.7735,9474.9825,394.7909,0.04201944,0.04033866,394.7909,9474.9825,0.04033866,394.7909,394.7909,394.7909,394.7909,394.7909,9474.9825,0.04033866,1973.9547,1822.2297,7895.8188,8047.5438,0.03361555,0.0342615,0.00168078,63.6720,71.2286,3.2736,143.0402,5.0692,3404.1435,43.6957,64.4793,63.5359,42.5677,43.0663,85.2079,124.7713,127.8119,154.8004,42.604,-41.336,2.967791,3.594466,1.478463,30,203,130,8,0.14604117,0.04201944,0.00608590,0E-8,0.000000,0.914292,0.640282,0.04207877,2026-03-23,2026-08-04,69,1947,1162,135,0.511111,1.014849,1.012680,0.486804,,,,,,,,GLOBAL_BASELINE_NO_ENTITY_RANKING,,,NOT_APPLICABLE_GLOBAL_BASELINE,HF9g-P5,,,,X 全窗基线 · 不参与实体赏罚,15050397,1506,A168_HF9F_20260827_0900,2026-08-27 09:00:00
2026-05-03,74657362,2256,0,86.1326442722,-86.1326442722,-86.1326442722,0E-7,2,2,0.49994810000000000,0.499948100000,-1.4140667746232096,-1.4140667746232096,-1.4140667746232096,0E-17,ELIGIBLE,R03b_20260811_FULL_v1,L1_ELIGIBILITY,v2026-08-11,2026-03-21..2026-08-06,baccarat_bet02_101_all_pairs_incl_sentinel,round_win = game_pnl > 0 (decisive only),COMPATIBILITY_ONLY_NOT_PRODUCTION,234885.8996,214754.2105,9869.7735,3689,3015,-0.04201944,-0.00608590,-0.04816467,-0.04201944,-9869.7735,234885.8996,OK,0.0000,394.7909,4.0000,96.0000,AG03-UNRESOLVED,ALL5_LEVELS_bet23_to_bet27,394.7909,394.7909,394.7909,394.7909,394.7909,4.000000,4.000000,4.000000,4.000000,4.000000,96.000000,96.000000,96.000000,96.000000,96.000000,5.0,1973.9547,1822.2297,7895.8188,8047.5438,PENDING_AG03,FALSE,NOT_FOR_ENFORCEMENT,9474.9825,206164.0421,9869.7735,9474.9825,394.7909,0.04201944,0.04033866,394.7909,9474.9825,0.04033866,394.7909,394.7909,394.7909,394.7909,394.7909,9474.9825,0.04033866,1973.9547,1822.2297,7895.8188,8047.5438,0.03361555,0.0342615,0.00168078,63.6720,71.2286,3.2736,143.0402,5.0692,3404.1435,43.6957,64.4793,63.5359,42.5677,43.0663,85.2079,124.7713,127.8119,154.8004,42.604,-41.336,2.967791,3.594466,1.478463,30,203,130,8,0.14604117,0.04201944,0.00608590,0E-8,0.000000,0.914292,0.640282,0.04207877,2026-03-23,2026-08-04,69,1947,1162,135,0.511111,1.014849,1.012680,0.486804,,,,,,,,GLOBAL_BASELINE_NO_ENTITY_RANKING,,,NOT_APPLICABLE_GLOBAL_BASELINE,HF9g-P5,,,,X 全窗基线 · 不参与实体赏罚,15050398,1506,A168_HF9F_20260827_0900,2026-08-27 09:00:00
2026-05-03,74657362,2261,0,43.0663221361,-43.0663221361,-43.0663221361,0E-7,1,1,0.49324550000000000,0.493245500000,-0.9865810262130424,-0.9865810262130424,-0.9865810262130424,0E-17,ELIGIBLE,R03b_20260811_FULL_v1,L1_ELIGIBILITY,v2026-08-11,2026-03-21..2026-08-06,baccarat_bet02_101_all_pairs_incl_sentinel,round_win = game_pnl > 0 (decisive only),COMPATIBILITY_ONLY_NOT_PRODUCTION,234885.8996,214754.2105,9869.7735,3689,3015,-0.04201944,-0.00608590,-0.04816467,-0.04201944,-9869.7735,234885.8996,OK,0.0000,394.7909,4.0000,96.0000,AG03-UNRESOLVED,ALL5_LEVELS_bet23_to_bet27,394.7909,394.7909,394.7909,394.7909,394.7909,4.000000,4.000000,4.000000,4.000000,4.000000,96.000000,96.000000,96.000000,96.000000,96.000000,5.0,1973.9547,1822.2297,7895.8188,8047.5438,PENDING_AG03,FALSE,NOT_FOR_ENFORCEMENT,9474.9825,206164.0421,9869.7735,9474.9825,394.7909,0.04201944,0.04033866,394.7909,9474.9825,0.04033866,394.7909,394.7909,394.7909,394.7909,394.7909,9474.9825,0.04033866,1973.9547,1822.2297,7895.8188,8047.5438,0.03361555,0.0342615,0.00168078,63.6720,71.2286,3.2736,143.0402,5.0692,3404.1435,43.6957,64.4793,63.5359,42.5677,43.0663,85.2079,124.7713,127.8119,154.8004,42.604,-41.336,2.967791,3.594466,1.478463,30,203,130,8,0.14604117,0.04201944,0.00608590,0E-8,0.000000,0.914292,0.640282,0.04207877,2026-03-23,2026-08-04,69,1947,1162,135,0.511111,1.014849,1.012680,0.486804,,,,,,,,GLOBAL_BASELINE_NO_ENTITY_RANKING,,,NOT_APPLICABLE_GLOBAL_BASELINE,HF9g-P5,,,,X 全窗基线 · 不参与实体赏罚,15050399,1506,A168_HF9F_20260827_0900,2026-08-27 09:00:00
2026-05-03,74657362,2266,0,43.0663221361,-43.0663221361,-43.0663221361,0E-7,1,1,0.50665070000000000,0.506650700000,-1.013391052207602,-1.013391052207602,-1.013391052207602,0E-17,ELIGIBLE,R03b_20260811_FULL_v1,L1_ELIGIBILITY,v2026-08-11,2026-03-21..2026-08-06,baccarat_bet02_101_all_pairs_incl_sentinel,round_win = game_pnl > 0 (decisive only),COMPATIBILITY_ONLY_NOT_PRODUCTION,234885.8996,214754.2105,9869.7735,3689,3015,-0.04201944,-0.00608590,-0.04816467,-0.04201944,-9869.7735,234885.8996,OK,0.0000,394.7909,4.0000,96.0000,AG03-UNRESOLVED,ALL5_LEVELS_bet23_to_bet27,394.7909,394.7909,394.7909,394.7909,394.7909,4.000000,4.000000,4.000000,4.000000,4.000000,96.000000,96.000000,96.000000,96.000000,96.000000,5.0,1973.9547,1822.2297,7895.8188,8047.5438,PENDING_AG03,FALSE,NOT_FOR_ENFORCEMENT,9474.9825,206164.0421,9869.7735,9474.9825,394.7909,0.04201944,0.04033866,394.7909,9474.9825,0.04033866,394.7909,394.7909,394.7909,394.7909,394.7909,9474.9825,0.04033866,1973.9547,1822.2297,7895.8188,8047.5438,0.03361555,0.0342615,0.00168078,63.6720,71.2286,3.2736,143.0402,5.0692,3404.1435,43.6957,64.4793,63.5359,42.5677,43.0663,85.2079,124.7713,127.8119,154.8004,42.604,-41.336,2.967791,3.594466,1.478463,30,203,130,8,0.14604117,0.04201944,0.00608590,0E-8,0.000000,0.914292,0.640282,0.04207877,2026-03-23,2026-08-04,69,1947,1162,135,0.511111,1.014849,1.012680,0.486804,,,,,,,,GLOBAL_BASELINE_NO_ENTITY_RANKING,,,NOT_APPLICABLE_GLOBAL_BASELINE,HF9g-P5,,,,X 全窗基线 · 不参与实体赏罚,15050400,1506,A168_HF9F_20260827_0900,2026-08-27 09:00:00
2026-05-03,74657362,772,0,86.1326442722,-86.1326442722,-86.1326442722,0E-7,1,1,0.49324550000000000,0.493245500000,-0.9865810262130424,-0.9865810262130424,-0.9865810262130424,0E-17,ELIGIBLE,R03b_20260811_FULL_v1,L1_ELIGIBILITY,v2026-08-11,2026-03-21..2026-08-06,baccarat_bet02_101_all_pairs_incl_sentinel,round_win = game_pnl > 0 (decisive only),COMPATIBILITY_ONLY_NOT_PRODUCTION,234885.8996,214754.2105,9869.7735,3689,3015,-0.04201944,-0.00608590,-0.04816467,-0.04201944,-9869.7735,234885.8996,OK,0.0000,394.7909,4.0000,96.0000,AG03-UNRESOLVED,ALL5_LEVELS_bet23_to_bet27,394.7909,394.7909,394.7909,394.7909,394.7909,4.000000,4.000000,4.000000,4.000000,4.000000,96.000000,96.000000,96.000000,96.000000,96.000000,5.0,1973.9547,1822.2297,7895.8188,8047.5438,PENDING_AG03,FALSE,NOT_FOR_ENFORCEMENT,9474.9825,206164.0421,9869.7735,9474.9825,394.7909,0.04201944,0.04033866,394.7909,9474.9825,0.04033866,394.7909,394.7909,394.7909,394.7909,394.7909,9474.9825,0.04033866,1973.9547,1822.2297,7895.8188,8047.5438,0.03361555,0.0342615,0.00168078,63.6720,71.2286,3.2736,143.0402,5.0692,3404.1435,43.6957,64.4793,63.5359,42.5677,43.0663,85.2079,124.7713,127.8119,154.8004,42.604,-41.336,2.967791,3.594466,1.478463,30,203,130,8,0.14604117,0.04201944,0.00608590,0E-8,0.000000,0.914292,0.640282,0.04207877,2026-03-23,2026-08-04,69,1947,1162,135,0.511111,1.014849,1.012680,0.486804,,,,,,,,GLOBAL_BASELINE_NO_ENTITY_RANKING,,,NOT_APPLICABLE_GLOBAL_BASELINE,HF9g-P5,,,,X 全窗基线 · 不参与实体赏罚,15050401,1506,A168_HF9F_20260827_0900,2026-08-27 09:00:00
2026-05-03,74657362,970,0,43.0663221361,-43.0663221361,-43.0663221361,0E-7,1,1,0.49324550000000000,0.493245500000,-0.9865810262130424,-0.9865810262130424,-0.9865810262130424,0E-17,ELIGIBLE,R03b_20260811_FULL_v1,L1_ELIGIBILITY,v2026-08-11,2026-03-21..2026-08-06,baccarat_bet02_101_all_pairs_incl_sentinel,round_win = game_pnl > 0 (decisive only),COMPATIBILITY_ONLY_NOT_PRODUCTION,234885.8996,214754.2105,9869.7735,3689,3015,-0.04201944,-0.00608590,-0.04816467,-0.04201944,-9869.7735,234885.8996,OK,0.0000,394.7909,4.0000,96.0000,AG03-UNRESOLVED,ALL5_LEVELS_bet23_to_bet27,394.7909,394.7909,394.7909,394.7909,394.7909,4.000000,4.000000,4.000000,4.000000,4.000000,96.000000,96.000000,96.000000,96.000000,96.000000,5.0,1973.9547,1822.2297,7895.8188,8047.5438,PENDING_AG03,FALSE,NOT_FOR_ENFORCEMENT,9474.9825,206164.0421,9869.7735,9474.9825,394.7909,0.04201944,0.04033866,394.7909,9474.9825,0.04033866,394.7909,394.7909,394.7909,394.7909,394.7909,9474.9825,0.04033866,1973.9547,1822.2297,7895.8188,8047.5438,0.03361555,0.0342615,0.00168078,63.6720,71.2286,3.2736,143.0402,5.0692,3404.1435,43.6957,64.4793,63.5359,42.5677,43.0663,85.2079,124.7713,127.8119,154.8004,42.604,-41.336,2.967791,3.594466,1.478463,30,203,130,8,0.14604117,0.04201944,0.00608590,0E-8,0.000000,0.914292,0.640282,0.04207877,2026-03-23,2026-08-04,69,1947,1162,135,0.511111,1.014849,1.012680,0.486804,,,,,,,,GLOBAL_BASELINE_NO_ENTITY_RANKING,,,NOT_APPLICABLE_GLOBAL_BASELINE,HF9g-P5,,,,X 全窗基线 · 不参与实体赏罚,15050402,1506,A168_HF9F_20260827_0900,2026-08-27 09:00:00
2026-05-04,74657362,-1,1,430.6632213610,-43.0663221361,-43.0663221361,0.4285714,8,8,0.49492115000000000,0.494921150000,-0.3511078388389871,-0.3511078388389871,-0.3511078388389871,0E-17,SENTINEL_DEALER,R03b_20260811_FULL_v1,L1_ELIGIBILITY,v2026-08-11,2026-03-21..2026-08-06,baccarat_bet02_101_all_pairs_incl_sentinel,round_win = game_pnl > 0 (decisive only),COMPATIBILITY_ONLY_NOT_PRODUCTION,234885.8996,214754.2105,9869.7735,3689,3015,-0.04201944,-0.00608590,-0.04816467,-0.04201944,-9869.7735,234885.8996,OK,0.0000,394.7909,4.0000,96.0000,AG03-UNRESOLVED,ALL5_LEVELS_bet23_to_bet27,394.7909,394.7909,394.7909,394.7909,394.7909,4.000000,4.000000,4.000000,4.000000,4.000000,96.000000,96.000000,96.000000,96.000000,96.000000,5.0,1973.9547,1822.2297,7895.8188,8047.5438,PENDING_AG03,FALSE,NOT_FOR_ENFORCEMENT,9474.9825,206164.0421,9869.7735,9474.9825,394.7909,0.04201944,0.04033866,394.7909,9474.9825,0.04033866,394.7909,394.7909,394.7909,394.7909,394.7909,9474.9825,0.04033866,1973.9547,1822.2297,7895.8188,8047.5438,0.03361555,0.0342615,0.00168078,63.6720,71.2286,3.2736,143.0402,5.0692,3404.1435,43.6957,64.4793,63.5359,42.5677,43.0663,85.2079,124.7713,127.8119,154.8004,42.604,-41.336,2.967791,3.594466,1.478463,30,203,130,8,0.14604117,0.04201944,0.00608590,0E-8,0.000000,0.914292,0.640282,0.04207877,2026-03-23,2026-08-04,69,1947,1162,135,0.511111,1.014849,1.012680,0.486804,,,,,,,,GLOBAL_BASELINE_NO_ENTITY_RANKING,,,NOT_APPLICABLE_GLOBAL_BASELINE,HF9g-P5,,,,X 全窗基线 · 不参与实体赏罚,15050403,1506,A168_HF9F_20260827_0900,2026-08-27 09:00:00
2026-05-04,74657362,1115,0,43.0663221361,43.0663221361,43.0663221361,1.0000000,1,1,0.49324550000000000,0.493245500000,1.01360149184955,1.01360149184955,1.01360149184955,0E-17,ELIGIBLE,R03b_20260811_FULL_v1,L1_ELIGIBILITY,v2026-08-11,2026-03-21..2026-08-06,baccarat_bet02_101_all_pairs_incl_sentinel,round_win = game_pnl > 0 (decisive only),COMPATIBILITY_ONLY_NOT_PRODUCTION,234885.8996,214754.2105,9869.7735,3689,3015,-0.04201944,-0.00608590,-0.04816467,-0.04201944,-9869.7735,234885.8996,OK,0.0000,394.7909,4.0000,96.0000,AG03-UNRESOLVED,ALL5_LEVELS_bet23_to_bet27,394.7909,394.7909,394.7909,394.7909,394.7909,4.000000,4.000000,4.000000,4.000000,4.000000,96.000000,96.000000,96.000000,96.000000,96.000000,5.0,1973.9547,1822.2297,7895.8188,8047.5438,PENDING_AG03,FALSE,NOT_FOR_ENFORCEMENT,9474.9825,206164.0421,9869.7735,9474.9825,394.7909,0.04201944,0.04033866,394.7909,9474.9825,0.04033866,394.7909,394.7909,394.7909,394.7909,394.7909,9474.9825,0.04033866,1973.9547,1822.2297,7895.8188,8047.5438,0.03361555,0.0342615,0.00168078,63.6720,71.2286,3.2736,143.0402,5.0692,3404.1435,43.6957,64.4793,63.5359,42.5677,43.0663,85.2079,124.7713,127.8119,154.8004,42.604,-41.336,2.967791,3.594466,1.478463,30,203,130,8,0.14604117,0.04201944,0.00608590,0E-8,0.000000,0.914292,0.640282,0.04207877,2026-03-23,2026-08-04,69,1947,1162,135,0.511111,1.014849,1.012680,0.486804,,,,,,,,GLOBAL_BASELINE_NO_ENTITY_RANKING,,,NOT_APPLICABLE_GLOBAL_BASELINE,HF9g-P5,,,,X 全窗基线 · 不参与实体赏罚,15050404,1506,A168_HF9F_20260827_0900,2026-08-27 09:00:00
2026-05-04,74657362,1157,0,86.1326442722,86.1326442722,86.1326442722,1.0000000,1,1,0.49324550000000000,0.493245500000,1.01360149184955,1.01360149184955,1.01360149184955,0E-17,ELIGIBLE,R03b_20260811_FULL_v1,L1_ELIGIBILITY,v2026-08-11,2026-03-21..2026-08-06,baccarat_bet02_101_all_pairs_incl_sentinel,round_win = game_pnl > 0 (decisive only),COMPATIBILITY_ONLY_NOT_PRODUCTION,234885.8996,214754.2105,9869.7735,3689,3015,-0.04201944,-0.00608590,-0.04816467,-0.04201944,-9869.7735,234885.8996,OK,0.0000,394.7909,4.0000,96.0000,AG03-UNRESOLVED,ALL5_LEVELS_bet23_to_bet27,394.7909,394.7909,394.7909,394.7909,394.7909,4.000000,4.000000,4.000000,4.000000,4.000000,96.000000,96.000000,96.000000,96.000000,96.000000,5.0,1973.9547,1822.2297,7895.8188,8047.5438,PENDING_AG03,FALSE,NOT_FOR_ENFORCEMENT,9474.9825,206164.0421,9869.7735,9474.9825,394.7909,0.04201944,0.04033866,394.7909,9474.9825,0.04033866,394.7909,394.7909,394.7909,394.7909,394.7909,9474.9825,0.04033866,1973.9547,1822.2297,7895.8188,8047.5438,0.03361555,0.0342615,0.00168078,63.6720,71.2286,3.2736,143.0402,5.0692,3404.1435,43.6957,64.4793,63.5359,42.5677,43.0663,85.2079,124.7713,127.8119,154.8004,42.604,-41.336,2.967791,3.594466,1.478463,30,203,130,8,0.14604117,0.04201944,0.00608590,0E-8,0.000000,0.914292,0.640282,0.04207877,2026-03-23,2026-08-04,69,1947,1162,135,0.511111,1.014849,1.012680,0.486804,,,,,,,,GLOBAL_BASELINE_NO_ENTITY_RANKING,,,NOT_APPLICABLE_GLOBAL_BASELINE,HF9g-P5,,,,X 全窗基线 · 不参与实体赏罚,15050405,1506,A168_HF9F_20260827_0900,2026-08-27 09:00:00
2026-05-04,74657362,1304,0,172.2652885444,-86.1326442722,-86.1326442722,0E-7,2,2,0.49324550000000000,0.493245500000,-0.9865810262130424,-0.9865810262130424,-0.9865810262130424,0E-17,ELIGIBLE,R03b_20260811_FULL_v1,L1_ELIGIBILITY,v2026-08-11,2026-03-21..2026-08-06,baccarat_bet02_101_all_pairs_incl_sentinel,round_win = game_pnl > 0 (decisive only),COMPATIBILITY_ONLY_NOT_PRODUCTION,234885.8996,214754.2105,9869.7735,3689,3015,-0.04201944,-0.00608590,-0.04816467,-0.04201944,-9869.7735,234885.8996,OK,0.0000,394.7909,4.0000,96.0000,AG03-UNRESOLVED,ALL5_LEVELS_bet23_to_bet27,394.7909,394.7909,394.7909,394.7909,394.7909,4.000000,4.000000,4.000000,4.000000,4.000000,96.000000,96.000000,96.000000,96.000000,96.000000,5.0,1973.9547,1822.2297,7895.8188,8047.5438,PENDING_AG03,FALSE,NOT_FOR_ENFORCEMENT,9474.9825,206164.0421,9869.7735,9474.9825,394.7909,0.04201944,0.04033866,394.7909,9474.9825,0.04033866,394.7909,394.7909,394.7909,394.7909,394.7909,9474.9825,0.04033866,1973.9547,1822.2297,7895.8188,8047.5438,0.03361555,0.0342615,0.00168078,63.6720,71.2286,3.2736,143.0402,5.0692,3404.1435,43.6957,64.4793,63.5359,42.5677,43.0663,85.2079,124.7713,127.8119,154.8004,42.604,-41.336,2.967791,3.594466,1.478463,30,203,130,8,0.14604117,0.04201944,0.00608590,0E-8,0.000000,0.914292,0.640282,0.04207877,2026-03-23,2026-08-04,69,1947,1162,135,0.511111,1.014849,1.012680,0.486804,,,,,,,,GLOBAL_BASELINE_NO_ENTITY_RANKING,,,NOT_APPLICABLE_GLOBAL_BASELINE,HF9g-P5,,,,X 全窗基线 · 不参与实体赏罚,15050406,1506,A168_HF9F_20260827_0900,2026-08-27 09:00:00
2026-05-04,74657362,1307,0,301.4642549527,43.0663221361,43.0663221361,0.7500000,6,6,0.49324550000000000,0.493245500000,1.0271117246678039,1.0271117246678039,1.0271117246678039,0E-17,ELIGIBLE,R03b_20260811_FULL_v1,L1_ELIGIBILITY,v2026-08-11,2026-03-21..2026-08-06,baccarat_bet02_101_all_pairs_incl_sentinel,round_win = game_pnl > 0 (decisive only),COMPATIBILITY_ONLY_NOT_PRODUCTION,234885.8996,214754.2105,9869.7735,3689,3015,-0.04201944,-0.00608590,-0.04816467,-0.04201944,-9869.7735,234885.8996,OK,0.0000,394.7909,4.0000,96.0000,AG03-UNRESOLVED,ALL5_LEVELS_bet23_to_bet27,394.7909,394.7909,394.7909,394.7909,394.7909,4.000000,4.000000,4.000000,4.000000,4.000000,96.000000,96.000000,96.000000,96.000000,96.000000,5.0,1973.9547,1822.2297,7895.8188,8047.5438,PENDING_AG03,FALSE,NOT_FOR_ENFORCEMENT,9474.9825,206164.0421,9869.7735,9474.9825,394.7909,0.04201944,0.04033866,394.7909,9474.9825,0.04033866,394.7909,394.7909,394.7909,394.7909,394.7909,9474.9825,0.04033866,1973.9547,1822.2297,7895.8188,8047.5438,0.03361555,0.0342615,0.00168078,63.6720,71.2286,3.2736,143.0402,5.0692,3404.1435,43.6957,64.4793,63.5359,42.5677,43.0663,85.2079,124.7713,127.8119,154.8004,42.604,-41.336,2.967791,3.594466,1.478463,30,203,130,8,0.14604117,0.04201944,0.00608590,0E-8,0.000000,0.914292,0.640282,0.04207877,2026-03-23,2026-08-04,69,1947,1162,135,0.511111,1.014849,1.012680,0.486804,,,,,,,,GLOBAL_BASELINE_NO_ENTITY_RANKING,,,NOT_APPLICABLE_GLOBAL_BASELINE,HF9g-P5,,,,X 全窗基线 · 不参与实体赏罚,15050407,1506,A168_HF9F_20260827_0900,2026-08-27 09:00:00
2026-05-04,74657362,1363,0,43.0663221361,0E-10,0E-10,,1,1,0.49324550000000000,0.493245500000,,,,0E-17,NO_DECISIVE_ROUND,R03b_20260811_FULL_v1,L1_ELIGIBILITY,v2026-08-11,2026-03-21..2026-08-06,baccarat_bet02_101_all_pairs_incl_sentinel,round_win = game_pnl > 0 (decisive only),COMPATIBILITY_ONLY_NOT_PRODUCTION,234885.8996,214754.2105,9869.7735,3689,3015,-0.04201944,-0.00608590,-0.04816467,-0.04201944,-9869.7735,234885.8996,OK,0.0000,394.7909,4.0000,96.0000,AG03-UNRESOLVED,ALL5_LEVELS_bet23_to_bet27,394.7909,394.7909,394.7909,394.7909,394.7909,4.000000,4.000000,4.000000,4.000000,4.000000,96.000000,96.000000,96.000000,96.000000,96.000000,5.0,1973.9547,1822.2297,7895.8188,8047.5438,PENDING_AG03,FALSE,NOT_FOR_ENFORCEMENT,9474.9825,206164.0421,9869.7735,9474.9825,394.7909,0.04201944,0.04033866,394.7909,9474.9825,0.04033866,394.7909,394.7909,394.7909,394.7909,394.7909,9474.9825,0.04033866,1973.9547,1822.2297,7895.8188,8047.5438,0.03361555,0.0342615,0.00168078,63.6720,71.2286,3.2736,143.0402,5.0692,3404.1435,43.6957,64.4793,63.5359,42.5677,43.0663,85.2079,124.7713,127.8119,154.8004,42.604,-41.336,2.967791,3.594466,1.478463,30,203,130,8,0.14604117,0.04201944,0.00608590,0E-8,0.000000,0.914292,0.640282,0.04207877,2026-03-23,2026-08-04,69,1947,1162,135,0.511111,1.014849,1.012680,0.486804,,,,,,,,GLOBAL_BASELINE_NO_ENTITY_RANKING,,,NOT_APPLICABLE_GLOBAL_BASELINE,HF9g-P5,,,,X 全窗基线 · 不参与实体赏罚,15050408,1506,A168_HF9F_20260827_0900,2026-08-27 09:00:00
2026-05-04,74657362,1384,0,172.2652885444,0E-10,0E-10,0.3333333,3,3,0.49324550000000000,0.493245500000,-0.5540025479526107,-0.5540025479526106,-0.5540025479526107,0E-17,ELIGIBLE,R03b_20260811_FULL_v1,L1_ELIGIBILITY,v2026-08-11,2026-03-21..2026-08-06,baccarat_bet02_101_all_pairs_incl_sentinel,round_win = game_pnl > 0 (decisive only),COMPATIBILITY_ONLY_NOT_PRODUCTION,234885.8996,214754.2105,9869.7735,3689,3015,-0.04201944,-0.00608590,-0.04816467,-0.04201944,-9869.7735,234885.8996,OK,0.0000,394.7909,4.0000,96.0000,AG03-UNRESOLVED,ALL5_LEVELS_bet23_to_bet27,394.7909,394.7909,394.7909,394.7909,394.7909,4.000000,4.000000,4.000000,4.000000,4.000000,96.000000,96.000000,96.000000,96.000000,96.000000,5.0,1973.9547,1822.2297,7895.8188,8047.5438,PENDING_AG03,FALSE,NOT_FOR_ENFORCEMENT,9474.9825,206164.0421,9869.7735,9474.9825,394.7909,0.04201944,0.04033866,394.7909,9474.9825,0.04033866,394.7909,394.7909,394.7909,394.7909,394.7909,9474.9825,0.04033866,1973.9547,1822.2297,7895.8188,8047.5438,0.03361555,0.0342615,0.00168078,63.6720,71.2286,3.2736,143.0402,5.0692,3404.1435,43.6957,64.4793,63.5359,42.5677,43.0663,85.2079,124.7713,127.8119,154.8004,42.604,-41.336,2.967791,3.594466,1.478463,30,203,130,8,0.14604117,0.04201944,0.00608590,0E-8,0.000000,0.914292,0.640282,0.04207877,2026-03-23,2026-08-04,69,1947,1162,135,0.511111,1.014849,1.012680,0.486804,,,,,,,,GLOBAL_BASELINE_NO_ENTITY_RANKING,,,NOT_APPLICABLE_GLOBAL_BASELINE,HF9g-P5,,,,X 全窗基线 · 不参与实体赏罚,15050409,1506,A168_HF9F_20260827_0900,2026-08-27 09:00:00
2026-05-04,74657362,1399,0,86.1326442722,-86.1326442722,-86.1326442722,0E-7,1,1,0.49324550000000000,0.493245500000,-0.9865810262130424,-0.9865810262130424,-0.9865810262130424,0E-17,ELIGIBLE,R03b_20260811_FULL_v1,L1_ELIGIBILITY,v2026-08-11,2026-03-21..2026-08-06,baccarat_bet02_101_all_pairs_incl_sentinel,round_win = game_pnl > 0 (decisive only),COMPATIBILITY_ONLY_NOT_PRODUCTION,234885.8996,214754.2105,9869.7735,3689,3015,-0.04201944,-0.00608590,-0.04816467,-0.04201944,-9869.7735,234885.8996,OK,0.0000,394.7909,4.0000,96.0000,AG03-UNRESOLVED,ALL5_LEVELS_bet23_to_bet27,394.7909,394.7909,394.7909,394.7909,394.7909,4.000000,4.000000,4.000000,4.000000,4.000000,96.000000,96.000000,96.000000,96.000000,96.000000,5.0,1973.9547,1822.2297,7895.8188,8047.5438,PENDING_AG03,FALSE,NOT_FOR_ENFORCEMENT,9474.9825,206164.0421,9869.7735,9474.9825,394.7909,0.04201944,0.04033866,394.7909,9474.9825,0.04033866,394.7909,394.7909,394.7909,394.7909,394.7909,9474.9825,0.04033866,1973.9547,1822.2297,7895.8188,8047.5438,0.03361555,0.0342615,0.00168078,63.6720,71.2286,3.2736,143.0402,5.0692,3404.1435,43.6957,64.4793,63.5359,42.5677,43.0663,85.2079,124.7713,127.8119,154.8004,42.604,-41.336,2.967791,3.594466,1.478463,30,203,130,8,0.14604117,0.04201944,0.00608590,0E-8,0.000000,0.914292,0.640282,0.04207877,2026-03-23,2026-08-04,69,1947,1162,135,0.511111,1.014849,1.012680,0.486804,,,,,,,,GLOBAL_BASELINE_NO_ENTITY_RANKING,,,NOT_APPLICABLE_GLOBAL_BASELINE,HF9g-P5,,,,X 全窗基线 · 不参与实体赏罚,15050410,1506,A168_HF9F_20260827_0900,2026-08-27 09:00:00
2026-05-04,74657362,1750,0,129.1989664083,-86.1326442722,-86.1326442722,0E-7,2,2,0.49324550000000000,0.493245500000,-0.9865810262130424,-0.9865810262130424,-0.9865810262130424,0E-17,ELIGIBLE,R03b_20260811_FULL_v1,L1_ELIGIBILITY,v2026-08-11,2026-03-21..2026-08-06,baccarat_bet02_101_all_pairs_incl_sentinel,round_win = game_pnl > 0 (decisive only),COMPATIBILITY_ONLY_NOT_PRODUCTION,234885.8996,214754.2105,9869.7735,3689,3015,-0.04201944,-0.00608590,-0.04816467,-0.04201944,-9869.7735,234885.8996,OK,0.0000,394.7909,4.0000,96.0000,AG03-UNRESOLVED,ALL5_LEVELS_bet23_to_bet27,394.7909,394.7909,394.7909,394.7909,394.7909,4.000000,4.000000,4.000000,4.000000,4.000000,96.000000,96.000000,96.000000,96.000000,96.000000,5.0,1973.9547,1822.2297,7895.8188,8047.5438,PENDING_AG03,FALSE,NOT_FOR_ENFORCEMENT,9474.9825,206164.0421,9869.7735,9474.9825,394.7909,0.04201944,0.04033866,394.7909,9474.9825,0.04033866,394.7909,394.7909,394.7909,394.7909,394.7909,9474.9825,0.04033866,1973.9547,1822.2297,7895.8188,8047.5438,0.03361555,0.0342615,0.00168078,63.6720,71.2286,3.2736,143.0402,5.0692,3404.1435,43.6957,64.4793,63.5359,42.5677,43.0663,85.2079,124.7713,127.8119,154.8004,42.604,-41.336,2.967791,3.594466,1.478463,30,203,130,8,0.14604117,0.04201944,0.00608590,0E-8,0.000000,0.914292,0.640282,0.04207877,2026-03-23,2026-08-04,69,1947,1162,135,0.511111,1.014849,1.012680,0.486804,,,,,,,,GLOBAL_BASELINE_NO_ENTITY_RANKING,,,NOT_APPLICABLE_GLOBAL_BASELINE,HF9g-P5,,,,X 全窗基线 · 不参与实体赏罚,15050411,1506,A168_HF9F_20260827_0900,2026-08-27 09:00:00
2026-05-04,74657362,2117,0,172.2652885444,86.1326442722,86.1326442722,1.0000000,2,2,0.49324550000000000,0.493245500000,1.01360149184955,1.01360149184955,1.01360149184955,0E-17,ELIGIBLE,R03b_20260811_FULL_v1,L1_ELIGIBILITY,v2026-08-11,2026-03-21..2026-08-06,baccarat_bet02_101_all_pairs_incl_sentinel,round_win = game_pnl > 0 (decisive only),COMPATIBILITY_ONLY_NOT_PRODUCTION,234885.8996,214754.2105,9869.7735,3689,3015,-0.04201944,-0.00608590,-0.04816467,-0.04201944,-9869.7735,234885.8996,OK,0.0000,394.7909,4.0000,96.0000,AG03-UNRESOLVED,ALL5_LEVELS_bet23_to_bet27,394.7909,394.7909,394.7909,394.7909,394.7909,4.000000,4.000000,4.000000,4.000000,4.000000,96.000000,96.000000,96.000000,96.000000,96.000000,5.0,1973.9547,1822.2297,7895.8188,8047.5438,PENDING_AG03,FALSE,NOT_FOR_ENFORCEMENT,9474.9825,206164.0421,9869.7735,9474.9825,394.7909,0.04201944,0.04033866,394.7909,9474.9825,0.04033866,394.7909,394.7909,394.7909,394.7909,394.7909,9474.9825,0.04033866,1973.9547,1822.2297,7895.8188,8047.5438,0.03361555,0.0342615,0.00168078,63.6720,71.2286,3.2736,143.0402,5.0692,3404.1435,43.6957,64.4793,63.5359,42.5677,43.0663,85.2079,124.7713,127.8119,154.8004,42.604,-41.336,2.967791,3.594466,1.478463,30,203,130,8,0.14604117,0.04201944,0.00608590,0E-8,0.000000,0.914292,0.640282,0.04207877,2026-03-23,2026-08-04,69,1947,1162,135,0.511111,1.014849,1.012680,0.486804,,,,,,,,GLOBAL_BASELINE_NO_ENTITY_RANKING,,,NOT_APPLICABLE_GLOBAL_BASELINE,HF9g-P5,,,,X 全窗基线 · 不参与实体赏罚,15050412,1506,A168_HF9F_20260827_0900,2026-08-27 09:00:00
2026-05-04,74657362,2127,0,172.2652885444,-86.1326442722,-86.1326442722,0.3333333,3,3,0.49771390000000000,0.497713900000,-0.5694369385616226,-0.5694369385616226,-0.5694369385616226,0E-17,ELIGIBLE,R03b_20260811_FULL_v1,L1_ELIGIBILITY,v2026-08-11,2026-03-21..2026-08-06,baccarat_bet02_101_all_pairs_incl_sentinel,round_win = game_pnl > 0 (decisive only),COMPATIBILITY_ONLY_NOT_PRODUCTION,234885.8996,214754.2105,9869.7735,3689,3015,-0.04201944,-0.00608590,-0.04816467,-0.04201944,-9869.7735,234885.8996,OK,0.0000,394.7909,4.0000,96.0000,AG03-UNRESOLVED,ALL5_LEVELS_bet23_to_bet27,394.7909,394.7909,394.7909,394.7909,394.7909,4.000000,4.000000,4.000000,4.000000,4.000000,96.000000,96.000000,96.000000,96.000000,96.000000,5.0,1973.9547,1822.2297,7895.8188,8047.5438,PENDING_AG03,FALSE,NOT_FOR_ENFORCEMENT,9474.9825,206164.0421,9869.7735,9474.9825,394.7909,0.04201944,0.04033866,394.7909,9474.9825,0.04033866,394.7909,394.7909,394.7909,394.7909,394.7909,9474.9825,0.04033866,1973.9547,1822.2297,7895.8188,8047.5438,0.03361555,0.0342615,0.00168078,63.6720,71.2286,3.2736,143.0402,5.0692,3404.1435,43.6957,64.4793,63.5359,42.5677,43.0663,85.2079,124.7713,127.8119,154.8004,42.604,-41.336,2.967791,3.594466,1.478463,30,203,130,8,0.14604117,0.04201944,0.00608590,0E-8,0.000000,0.914292,0.640282,0.04207877,2026-03-23,2026-08-04,69,1947,1162,135,0.511111,1.014849,1.012680,0.486804,,,,,,,,GLOBAL_BASELINE_NO_ENTITY_RANKING,,,NOT_APPLICABLE_GLOBAL_BASELINE,HF9g-P5,,,,X 全窗基线 · 不参与实体赏罚,15050413,1506,A168_HF9F_20260827_0900,2026-08-27 09:00:00
2026-05-04,74657362,2196,0,86.1326442722,-43.0663221361,-43.0663221361,0E-7,2,2,0.49324550000000000,0.493245500000,-0.9865810262130424,-0.9865810262130424,-0.9865810262130424,0E-17,ELIGIBLE,R03b_20260811_FULL_v1,L1_ELIGIBILITY,v2026-08-11,2026-03-21..2026-08-06,baccarat_bet02_101_all_pairs_incl_sentinel,round_win = game_pnl > 0 (decisive only),COMPATIBILITY_ONLY_NOT_PRODUCTION,234885.8996,214754.2105,9869.7735,3689,3015,-0.04201944,-0.00608590,-0.04816467,-0.04201944,-9869.7735,234885.8996,OK,0.0000,394.7909,4.0000,96.0000,AG03-UNRESOLVED,ALL5_LEVELS_bet23_to_bet27,394.7909,394.7909,394.7909,394.7909,394.7909,4.000000,4.000000,4.000000,4.000000,4.000000,96.000000,96.000000,96.000000,96.000000,96.000000,5.0,1973.9547,1822.2297,7895.8188,8047.5438,PENDING_AG03,FALSE,NOT_FOR_ENFORCEMENT,9474.9825,206164.0421,9869.7735,9474.9825,394.7909,0.04201944,0.04033866,394.7909,9474.9825,0.04033866,394.7909,394.7909,394.7909,394.7909,394.7909,9474.9825,0.04033866,1973.9547,1822.2297,7895.8188,8047.5438,0.03361555,0.0342615,0.00168078,63.6720,71.2286,3.2736,143.0402,5.0692,3404.1435,43.6957,64.4793,63.5359,42.5677,43.0663,85.2079,124.7713,127.8119,154.8004,42.604,-41.336,2.967791,3.594466,1.478463,30,203,130,8,0.14604117,0.04201944,0.00608590,0E-8,0.000000,0.914292,0.640282,0.04207877,2026-03-23,2026-08-04,69,1947,1162,135,0.511111,1.014849,1.012680,0.486804,,,,,,,,GLOBAL_BASELINE_NO_ENTITY_RANKING,,,NOT_APPLICABLE_GLOBAL_BASELINE,HF9g-P5,,,,X 全窗基线 · 不参与实体赏罚,15050414,1506,A168_HF9F_20260827_0900,2026-08-27 09:00:00
2026-05-04,74657362,2205,0,43.0663221361,43.0663221361,43.0663221361,1.0000000,1,1,0.49324550000000000,0.493245500000,1.01360149184955,1.01360149184955,1.01360149184955,0E-17,ELIGIBLE,R03b_20260811_FULL_v1,L1_ELIGIBILITY,v2026-08-11,2026-03-21..2026-08-06,baccarat_bet02_101_all_pairs_incl_sentinel,round_win = game_pnl > 0 (decisive only),COMPATIBILITY_ONLY_NOT_PRODUCTION,234885.8996,214754.2105,9869.7735,3689,3015,-0.04201944,-0.00608590,-0.04816467,-0.04201944,-9869.7735,234885.8996,OK,0.0000,394.7909,4.0000,96.0000,AG03-UNRESOLVED,ALL5_LEVELS_bet23_to_bet27,394.7909,394.7909,394.7909,394.7909,394.7909,4.000000,4.000000,4.000000,4.000000,4.000000,96.000000,96.000000,96.000000,96.000000,96.000000,5.0,1973.9547,1822.2297,7895.8188,8047.5438,PENDING_AG03,FALSE,NOT_FOR_ENFORCEMENT,9474.9825,206164.0421,9869.7735,9474.9825,394.7909,0.04201944,0.04033866,394.7909,9474.9825,0.04033866,394.7909,394.7909,394.7909,394.7909,394.7909,9474.9825,0.04033866,1973.9547,1822.2297,7895.8188,8047.5438,0.03361555,0.0342615,0.00168078,63.6720,71.2286,3.2736,143.0402,5.0692,3404.1435,43.6957,64.4793,63.5359,42.5677,43.0663,85.2079,124.7713,127.8119,154.8004,42.604,-41.336,2.967791,3.594466,1.478463,30,203,130,8,0.14604117,0.04201944,0.00608590,0E-8,0.000000,0.914292,0.640282,0.04207877,2026-03-23,2026-08-04,69,1947,1162,135,0.511111,1.014849,1.012680,0.486804,,,,,,,,GLOBAL_BASELINE_NO_ENTITY_RANKING,,,NOT_APPLICABLE_GLOBAL_BASELINE,HF9g-P5,,,,X 全窗基线 · 不参与实体赏罚,15050415,1506,A168_HF9F_20260827_0900,2026-08-27 09:00:00
2026-05-04,74657362,2220,0,344.5305770888,86.1326442722,86.1326442722,0.5000000,6,6,0.49547970000000000,0.495479700000,0.022145762000773162,0.022145762000773162,0.022145762000773162,0E-17,ELIGIBLE,R03b_20260811_FULL_v1,L1_ELIGIBILITY,v2026-08-11,2026-03-21..2026-08-06,baccarat_bet02_101_all_pairs_incl_sentinel,round_win = game_pnl > 0 (decisive only),COMPATIBILITY_ONLY_NOT_PRODUCTION,234885.8996,214754.2105,9869.7735,3689,3015,-0.04201944,-0.00608590,-0.04816467,-0.04201944,-9869.7735,234885.8996,OK,0.0000,394.7909,4.0000,96.0000,AG03-UNRESOLVED,ALL5_LEVELS_bet23_to_bet27,394.7909,394.7909,394.7909,394.7909,394.7909,4.000000,4.000000,4.000000,4.000000,4.000000,96.000000,96.000000,96.000000,96.000000,96.000000,5.0,1973.9547,1822.2297,7895.8188,8047.5438,PENDING_AG03,FALSE,NOT_FOR_ENFORCEMENT,9474.9825,206164.0421,9869.7735,9474.9825,394.7909,0.04201944,0.04033866,394.7909,9474.9825,0.04033866,394.7909,394.7909,394.7909,394.7909,394.7909,9474.9825,0.04033866,1973.9547,1822.2297,7895.8188,8047.5438,0.03361555,0.0342615,0.00168078,63.6720,71.2286,3.2736,143.0402,5.0692,3404.1435,43.6957,64.4793,63.5359,42.5677,43.0663,85.2079,124.7713,127.8119,154.8004,42.604,-41.336,2.967791,3.594466,1.478463,30,203,130,8,0.14604117,0.04201944,0.00608590,0E-8,0.000000,0.914292,0.640282,0.04207877,2026-03-23,2026-08-04,69,1947,1162,135,0.511111,1.014849,1.012680,0.486804,,,,,,,,GLOBAL_BASELINE_NO_ENTITY_RANKING,,,NOT_APPLICABLE_GLOBAL_BASELINE,HF9g-P5,,,,X 全窗基线 · 不参与实体赏罚,15050416,1506,A168_HF9F_20260827_0900,2026-08-27 09:00:00
2026-05-04,74657362,2223,0,129.1989664083,0E-10,0E-10,0.5000000,3,3,0.49324550000000000,0.493245500000,0.01910635448239258,0.01910635448239258,0.01910635448239258,0E-17,ELIGIBLE,R03b_20260811_FULL_v1,L1_ELIGIBILITY,v2026-08-11,2026-03-21..2026-08-06,baccarat_bet02_101_all_pairs_incl_sentinel,round_win = game_pnl > 0 (decisive only),COMPATIBILITY_ONLY_NOT_PRODUCTION,234885.8996,214754.2105,9869.7735,3689,3015,-0.04201944,-0.00608590,-0.04816467,-0.04201944,-9869.7735,234885.8996,OK,0.0000,394.7909,4.0000,96.0000,AG03-UNRESOLVED,ALL5_LEVELS_bet23_to_bet27,394.7909,394.7909,394.7909,394.7909,394.7909,4.000000,4.000000,4.000000,4.000000,4.000000,96.000000,96.000000,96.000000,96.000000,96.000000,5.0,1973.9547,1822.2297,7895.8188,8047.5438,PENDING_AG03,FALSE,NOT_FOR_ENFORCEMENT,9474.9825,206164.0421,9869.7735,9474.9825,394.7909,0.04201944,0.04033866,394.7909,9474.9825,0.04033866,394.7909,394.7909,394.7909,394.7909,394.7909,9474.9825,0.04033866,1973.9547,1822.2297,7895.8188,8047.5438,0.03361555,0.0342615,0.00168078,63.6720,71.2286,3.2736,143.0402,5.0692,3404.1435,43.6957,64.4793,63.5359,42.5677,43.0663,85.2079,124.7713,127.8119,154.8004,42.604,-41.336,2.967791,3.594466,1.478463,30,203,130,8,0.14604117,0.04201944,0.00608590,0E-8,0.000000,0.914292,0.640282,0.04207877,2026-03-23,2026-08-04,69,1947,1162,135,0.511111,1.014849,1.012680,0.486804,,,,,,,,GLOBAL_BASELINE_NO_ENTITY_RANKING,,,NOT_APPLICABLE_GLOBAL_BASELINE,HF9g-P5,,,,X 全窗基线 · 不参与实体赏罚,15050417,1506,A168_HF9F_20260827_0900,2026-08-27 09:00:00
2026-05-04,74657362,2233,0,43.0663221361,-43.0663221361,-43.0663221361,0E-7,1,1,0.49324550000000000,0.493245500000,-0.9865810262130424,-0.9865810262130424,-0.9865810262130424,0E-17,ELIGIBLE,R03b_20260811_FULL_v1,L1_ELIGIBILITY,v2026-08-11,2026-03-21..2026-08-06,baccarat_bet02_101_all_pairs_incl_sentinel,round_win = game_pnl > 0 (decisive only),COMPATIBILITY_ONLY_NOT_PRODUCTION,234885.8996,214754.2105,9869.7735,3689,3015,-0.04201944,-0.00608590,-0.04816467,-0.04201944,-9869.7735,234885.8996,OK,0.0000,394.7909,4.0000,96.0000,AG03-UNRESOLVED,ALL5_LEVELS_bet23_to_bet27,394.7909,394.7909,394.7909,394.7909,394.7909,4.000000,4.000000,4.000000,4.000000,4.000000,96.000000,96.000000,96.000000,96.000000,96.000000,5.0,1973.9547,1822.2297,7895.8188,8047.5438,PENDING_AG03,FALSE,NOT_FOR_ENFORCEMENT,9474.9825,206164.0421,9869.7735,9474.9825,394.7909,0.04201944,0.04033866,394.7909,9474.9825,0.04033866,394.7909,394.7909,394.7909,394.7909,394.7909,9474.9825,0.04033866,1973.9547,1822.2297,7895.8188,8047.5438,0.03361555,0.0342615,0.00168078,63.6720,71.2286,3.2736,143.0402,5.0692,3404.1435,43.6957,64.4793,63.5359,42.5677,43.0663,85.2079,124.7713,127.8119,154.8004,42.604,-41.336,2.967791,3.594466,1.478463,30,203,130,8,0.14604117,0.04201944,0.00608590,0E-8,0.000000,0.914292,0.640282,0.04207877,2026-03-23,2026-08-04,69,1947,1162,135,0.511111,1.014849,1.012680,0.486804,,,,,,,,GLOBAL_BASELINE_NO_ENTITY_RANKING,,,NOT_APPLICABLE_GLOBAL_BASELINE,HF9g-P5,,,,X 全窗基线 · 不参与实体赏罚,15050418,1506,A168_HF9F_20260827_0900,2026-08-27 09:00:00
2026-05-04,74657362,2235,0,180.8785529716,77.5193798450,77.5193798450,0.7500000,5,4,0.47944438333336652,0.445139550000,1.0831381778117528,1.2268489792775426,1.0831381778117528,0.03430483333336652,ELIGIBLE,R03b_20260811_FULL_v1,L1_ELIGIBILITY,v2026-08-11,2026-03-21..2026-08-06,baccarat_bet02_101_all_pairs_incl_sentinel,round_win = game_pnl > 0 (decisive only),COMPATIBILITY_ONLY_NOT_PRODUCTION,234885.8996,214754.2105,9869.7735,3689,3015,-0.04201944,-0.00608590,-0.04816467,-0.04201944,-9869.7735,234885.8996,OK,0.0000,394.7909,4.0000,96.0000,AG03-UNRESOLVED,ALL5_LEVELS_bet23_to_bet27,394.7909,394.7909,394.7909,394.7909,394.7909,4.000000,4.000000,4.000000,4.000000,4.000000,96.000000,96.000000,96.000000,96.000000,96.000000,5.0,1973.9547,1822.2297,7895.8188,8047.5438,PENDING_AG03,FALSE,NOT_FOR_ENFORCEMENT,9474.9825,206164.0421,9869.7735,9474.9825,394.7909,0.04201944,0.04033866,394.7909,9474.9825,0.04033866,394.7909,394.7909,394.7909,394.7909,394.7909,9474.9825,0.04033866,1973.9547,1822.2297,7895.8188,8047.5438,0.03361555,0.0342615,0.00168078,63.6720,71.2286,3.2736,143.0402,5.0692,3404.1435,43.6957,64.4793,63.5359,42.5677,43.0663,85.2079,124.7713,127.8119,154.8004,42.604,-41.336,2.967791,3.594466,1.478463,30,203,130,8,0.14604117,0.04201944,0.00608590,0E-8,0.000000,0.914292,0.640282,0.04207877,2026-03-23,2026-08-04,69,1947,1162,135,0.511111,1.014849,1.012680,0.486804,,,,,,,,GLOBAL_BASELINE_NO_ENTITY_RANKING,,,NOT_APPLICABLE_GLOBAL_BASELINE,HF9g-P5,,,,X 全窗基线 · 不参与实体赏罚,15050419,1506,A168_HF9F_20260827_0900,2026-08-27 09:00:00
2026-05-04,74657362,2250,0,43.0663221361,0E-10,0E-10,,1,1,0.49324550000000000,0.493245500000,,,,0E-17,NO_DECISIVE_ROUND,R03b_20260811_FULL_v1,L1_ELIGIBILITY,v2026-08-11,2026-03-21..2026-08-06,baccarat_bet02_101_all_pairs_incl_sentinel,round_win = game_pnl > 0 (decisive only),COMPATIBILITY_ONLY_NOT_PRODUCTION,234885.8996,214754.2105,9869.7735,3689,3015,-0.04201944,-0.00608590,-0.04816467,-0.04201944,-9869.7735,234885.8996,OK,0.0000,394.7909,4.0000,96.0000,AG03-UNRESOLVED,ALL5_LEVELS_bet23_to_bet27,394.7909,394.7909,394.7909,394.7909,394.7909,4.000000,4.000000,4.000000,4.000000,4.000000,96.000000,96.000000,96.000000,96.000000,96.000000,5.0,1973.9547,1822.2297,7895.8188,8047.5438,PENDING_AG03,FALSE,NOT_FOR_ENFORCEMENT,9474.9825,206164.0421,9869.7735,9474.9825,394.7909,0.04201944,0.04033866,394.7909,9474.9825,0.04033866,394.7909,394.7909,394.7909,394.7909,394.7909,9474.9825,0.04033866,1973.9547,1822.2297,7895.8188,8047.5438,0.03361555,0.0342615,0.00168078,63.6720,71.2286,3.2736,143.0402,5.0692,3404.1435,43.6957,64.4793,63.5359,42.5677,43.0663,85.2079,124.7713,127.8119,154.8004,42.604,-41.336,2.967791,3.594466,1.478463,30,203,130,8,0.14604117,0.04201944,0.00608590,0E-8,0.000000,0.914292,0.640282,0.04207877,2026-03-23,2026-08-04,69,1947,1162,135,0.511111,1.014849,1.012680,0.486804,,,,,,,,GLOBAL_BASELINE_NO_ENTITY_RANKING,,,NOT_APPLICABLE_GLOBAL_BASELINE,HF9g-P5,,,,X 全窗基线 · 不参与实体赏罚,15050420,1506,A168_HF9F_20260827_0900,2026-08-27 09:00:00
2026-05-04,74657362,2267,0,86.1326442722,0E-10,0E-10,0.5000000,2,2,0.49994810000000000,0.499948100000,0.00014679536856514622,0.00014679536856514622,0.00014679536856514622,0E-17,ELIGIBLE,R03b_20260811_FULL_v1,L1_ELIGIBILITY,v2026-08-11,2026-03-21..2026-08-06,baccarat_bet02_101_all_pairs_incl_sentinel,round_win = game_pnl > 0 (decisive only),COMPATIBILITY_ONLY_NOT_PRODUCTION,234885.8996,214754.2105,9869.7735,3689,3015,-0.04201944,-0.00608590,-0.04816467,-0.04201944,-9869.7735,234885.8996,OK,0.0000,394.7909,4.0000,96.0000,AG03-UNRESOLVED,ALL5_LEVELS_bet23_to_bet27,394.7909,394.7909,394.7909,394.7909,394.7909,4.000000,4.000000,4.000000,4.000000,4.000000,96.000000,96.000000,96.000000,96.000000,96.000000,5.0,1973.9547,1822.2297,7895.8188,8047.5438,PENDING_AG03,FALSE,NOT_FOR_ENFORCEMENT,9474.9825,206164.0421,9869.7735,9474.9825,394.7909,0.04201944,0.04033866,394.7909,9474.9825,0.04033866,394.7909,394.7909,394.7909,394.7909,394.7909,9474.9825,0.04033866,1973.9547,1822.2297,7895.8188,8047.5438,0.03361555,0.0342615,0.00168078,63.6720,71.2286,3.2736,143.0402,5.0692,3404.1435,43.6957,64.4793,63.5359,42.5677,43.0663,85.2079,124.7713,127.8119,154.8004,42.604,-41.336,2.967791,3.594466,1.478463,30,203,130,8,0.14604117,0.04201944,0.00608590,0E-8,0.000000,0.914292,0.640282,0.04207877,2026-03-23,2026-08-04,69,1947,1162,135,0.511111,1.014849,1.012680,0.486804,,,,,,,,GLOBAL_BASELINE_NO_ENTITY_RANKING,,,NOT_APPLICABLE_GLOBAL_BASELINE,HF9g-P5,,,,X 全窗基线 · 不参与实体赏罚,15050421,1506,A168_HF9F_20260827_0900,2026-08-27 09:00:00
2026-05-04,74657362,462,0,258.3979328166,86.1326442722,86.1326442722,0.6666667,3,3,0.49324550000000000,0.493245500000,0.6008033672792107,0.6008033672792106,0.6008033672792107,0E-17,ELIGIBLE,R03b_20260811_FULL_v1,L1_ELIGIBILITY,v2026-08-11,2026-03-21..2026-08-06,baccarat_bet02_101_all_pairs_incl_sentinel,round_win = game_pnl > 0 (decisive only),COMPATIBILITY_ONLY_NOT_PRODUCTION,234885.8996,214754.2105,9869.7735,3689,3015,-0.04201944,-0.00608590,-0.04816467,-0.04201944,-9869.7735,234885.8996,OK,0.0000,394.7909,4.0000,96.0000,AG03-UNRESOLVED,ALL5_LEVELS_bet23_to_bet27,394.7909,394.7909,394.7909,394.7909,394.7909,4.000000,4.000000,4.000000,4.000000,4.000000,96.000000,96.000000,96.000000,96.000000,96.000000,5.0,1973.9547,1822.2297,7895.8188,8047.5438,PENDING_AG03,FALSE,NOT_FOR_ENFORCEMENT,9474.9825,206164.0421,9869.7735,9474.9825,394.7909,0.04201944,0.04033866,394.7909,9474.9825,0.04033866,394.7909,394.7909,394.7909,394.7909,394.7909,9474.9825,0.04033866,1973.9547,1822.2297,7895.8188,8047.5438,0.03361555,0.0342615,0.00168078,63.6720,71.2286,3.2736,143.0402,5.0692,3404.1435,43.6957,64.4793,63.5359,42.5677,43.0663,85.2079,124.7713,127.8119,154.8004,42.604,-41.336,2.967791,3.594466,1.478463,30,203,130,8,0.14604117,0.04201944,0.00608590,0E-8,0.000000,0.914292,0.640282,0.04207877,2026-03-23,2026-08-04,69,1947,1162,135,0.511111,1.014849,1.012680,0.486804,,,,,,,,GLOBAL_BASELINE_NO_ENTITY_RANKING,,,NOT_APPLICABLE_GLOBAL_BASELINE,HF9g-P5,,,,X 全窗基线 · 不参与实体赏罚,15050422,1506,A168_HF9F_20260827_0900,2026-08-27 09:00:00
2026-05-04,74657362,948,0,43.0663221361,0E-10,0E-10,,1,1,0.50665070000000000,0.506650700000,,,,0E-17,NO_DECISIVE_ROUND,R03b_20260811_FULL_v1,L1_ELIGIBILITY,v2026-08-11,2026-03-21..2026-08-06,baccarat_bet02_101_all_pairs_incl_sentinel,round_win = game_pnl > 0 (decisive only),COMPATIBILITY_ONLY_NOT_PRODUCTION,234885.8996,214754.2105,9869.7735,3689,3015,-0.04201944,-0.00608590,-0.04816467,-0.04201944,-9869.7735,234885.8996,OK,0.0000,394.7909,4.0000,96.0000,AG03-UNRESOLVED,ALL5_LEVELS_bet23_to_bet27,394.7909,394.7909,394.7909,394.7909,394.7909,4.000000,4.000000,4.000000,4.000000,4.000000,96.000000,96.000000,96.000000,96.000000,96.000000,5.0,1973.9547,1822.2297,7895.8188,8047.5438,PENDING_AG03,FALSE,NOT_FOR_ENFORCEMENT,9474.9825,206164.0421,9869.7735,9474.9825,394.7909,0.04201944,0.04033866,394.7909,9474.9825,0.04033866,394.7909,394.7909,394.7909,394.7909,394.7909,9474.9825,0.04033866,1973.9547,1822.2297,7895.8188,8047.5438,0.03361555,0.0342615,0.00168078,63.6720,71.2286,3.2736,143.0402,5.0692,3404.1435,43.6957,64.4793,63.5359,42.5677,43.0663,85.2079,124.7713,127.8119,154.8004,42.604,-41.336,2.967791,3.594466,1.478463,30,203,130,8,0.14604117,0.04201944,0.00608590,0E-8,0.000000,0.914292,0.640282,0.04207877,2026-03-23,2026-08-04,69,1947,1162,135,0.511111,1.014849,1.012680,0.486804,,,,,,,,GLOBAL_BASELINE_NO_ENTITY_RANKING,,,NOT_APPLICABLE_GLOBAL_BASELINE,HF9g-P5,,,,X 全窗基线 · 不参与实体赏罚,15050423,1506,A168_HF9F_20260827_0900,2026-08-27 09:00:00
2026-05-05,74657362,-1,1,301.4642549527,-215.3316106805,-215.3316106805,0.1428571,7,7,0.49516052857142857,0.495160528571,-1.8643016170287334,-1.864301617026481,-1.8643016170287334,4.2857E-13,SENTINEL_DEALER,R03b_20260811_FULL_v1,L1_ELIGIBILITY,v2026-08-11,2026-03-21..2026-08-06,baccarat_bet02_101_all_pairs_incl_sentinel,round_win = game_pnl > 0 (decisive only),COMPATIBILITY_ONLY_NOT_PRODUCTION,234885.8996,214754.2105,9869.7735,3689,3015,-0.04201944,-0.00608590,-0.04816467,-0.04201944,-9869.7735,234885.8996,OK,0.0000,394.7909,4.0000,96.0000,AG03-UNRESOLVED,ALL5_LEVELS_bet23_to_bet27,394.7909,394.7909,394.7909,394.7909,394.7909,4.000000,4.000000,4.000000,4.000000,4.000000,96.000000,96.000000,96.000000,96.000000,96.000000,5.0,1973.9547,1822.2297,7895.8188,8047.5438,PENDING_AG03,FALSE,NOT_FOR_ENFORCEMENT,9474.9825,206164.0421,9869.7735,9474.9825,394.7909,0.04201944,0.04033866,394.7909,9474.9825,0.04033866,394.7909,394.7909,394.7909,394.7909,394.7909,9474.9825,0.04033866,1973.9547,1822.2297,7895.8188,8047.5438,0.03361555,0.0342615,0.00168078,63.6720,71.2286,3.2736,143.0402,5.0692,3404.1435,43.6957,64.4793,63.5359,42.5677,43.0663,85.2079,124.7713,127.8119,154.8004,42.604,-41.336,2.967791,3.594466,1.478463,30,203,130,8,0.14604117,0.04201944,0.00608590,0E-8,0.000000,0.914292,0.640282,0.04207877,2026-03-23,2026-08-04,69,1947,1162,135,0.511111,1.014849,1.012680,0.486804,,,,,,,,GLOBAL_BASELINE_NO_ENTITY_RANKING,,,NOT_APPLICABLE_GLOBAL_BASELINE,HF9g-P5,,,,X 全窗基线 · 不参与实体赏罚,15050424,1506,A168_HF9F_20260827_0900,2026-08-27 09:00:00
2026-05-05,74657362,1017,0,86.1326442722,43.0663221361,43.0663221361,1.0000000,2,2,0.49324550000000000,0.493245500000,1.01360149184955,1.01360149184955,1.01360149184955,0E-17,ELIGIBLE,R03b_20260811_FULL_v1,L1_ELIGIBILITY,v2026-08-11,2026-03-21..2026-08-06,baccarat_bet02_101_all_pairs_incl_sentinel,round_win = game_pnl > 0 (decisive only),COMPATIBILITY_ONLY_NOT_PRODUCTION,234885.8996,214754.2105,9869.7735,3689,3015,-0.04201944,-0.00608590,-0.04816467,-0.04201944,-9869.7735,234885.8996,OK,0.0000,394.7909,4.0000,96.0000,AG03-UNRESOLVED,ALL5_LEVELS_bet23_to_bet27,394.7909,394.7909,394.7909,394.7909,394.7909,4.000000,4.000000,4.000000,4.000000,4.000000,96.000000,96.000000,96.000000,96.000000,96.000000,5.0,1973.9547,1822.2297,7895.8188,8047.5438,PENDING_AG03,FALSE,NOT_FOR_ENFORCEMENT,9474.9825,206164.0421,9869.7735,9474.9825,394.7909,0.04201944,0.04033866,394.7909,9474.9825,0.04033866,394.7909,394.7909,394.7909,394.7909,394.7909,9474.9825,0.04033866,1973.9547,1822.2297,7895.8188,8047.5438,0.03361555,0.0342615,0.00168078,63.6720,71.2286,3.2736,143.0402,5.0692,3404.1435,43.6957,64.4793,63.5359,42.5677,43.0663,85.2079,124.7713,127.8119,154.8004,42.604,-41.336,2.967791,3.594466,1.478463,30,203,130,8,0.14604117,0.04201944,0.00608590,0E-8,0.000000,0.914292,0.640282,0.04207877,2026-03-23,2026-08-04,69,1947,1162,135,0.511111,1.014849,1.012680,0.486804,,,,,,,,GLOBAL_BASELINE_NO_ENTITY_RANKING,,,NOT_APPLICABLE_GLOBAL_BASELINE,HF9g-P5,,,,X 全窗基线 · 不参与实体赏罚,15050425,1506,A168_HF9F_20260827_0900,2026-08-27 09:00:00
2026-05-05,74657362,1115,0,172.2652885444,86.1326442722,86.1326442722,0.7500000,4,4,0.49324550000000000,0.493245500000,1.0271117246678039,1.0271117246678039,1.0271117246678039,0E-17,ELIGIBLE,R03b_20260811_FULL_v1,L1_ELIGIBILITY,v2026-08-11,2026-03-21..2026-08-06,baccarat_bet02_101_all_pairs_incl_sentinel,round_win = game_pnl > 0 (decisive only),COMPATIBILITY_ONLY_NOT_PRODUCTION,234885.8996,214754.2105,9869.7735,3689,3015,-0.04201944,-0.00608590,-0.04816467,-0.04201944,-9869.7735,234885.8996,OK,0.0000,394.7909,4.0000,96.0000,AG03-UNRESOLVED,ALL5_LEVELS_bet23_to_bet27,394.7909,394.7909,394.7909,394.7909,394.7909,4.000000,4.000000,4.000000,4.000000,4.000000,96.000000,96.000000,96.000000,96.000000,96.000000,5.0,1973.9547,1822.2297,7895.8188,8047.5438,PENDING_AG03,FALSE,NOT_FOR_ENFORCEMENT,9474.9825,206164.0421,9869.7735,9474.9825,394.7909,0.04201944,0.04033866,394.7909,9474.9825,0.04033866,394.7909,394.7909,394.7909,394.7909,394.7909,9474.9825,0.04033866,1973.9547,1822.2297,7895.8188,8047.5438,0.03361555,0.0342615,0.00168078,63.6720,71.2286,3.2736,143.0402,5.0692,3404.1435,43.6957,64.4793,63.5359,42.5677,43.0663,85.2079,124.7713,127.8119,154.8004,42.604,-41.336,2.967791,3.594466,1.478463,30,203,130,8,0.14604117,0.04201944,0.00608590,0E-8,0.000000,0.914292,0.640282,0.04207877,2026-03-23,2026-08-04,69,1947,1162,135,0.511111,1.014849,1.012680,0.486804,,,,,,,,GLOBAL_BASELINE_NO_ENTITY_RANKING,,,NOT_APPLICABLE_GLOBAL_BASELINE,HF9g-P5,,,,X 全窗基线 · 不参与实体赏罚,15050426,1506,A168_HF9F_20260827_0900,2026-08-27 09:00:00
2026-05-05,74657362,1151,0,43.0663221361,-43.0663221361,-43.0663221361,0E-7,1,1,0.49324550000000000,0.493245500000,-0.9865810262130424,-0.9865810262130424,-0.9865810262130424,0E-17,ELIGIBLE,R03b_20260811_FULL_v1,L1_ELIGIBILITY,v2026-08-11,2026-03-21..2026-08-06,baccarat_bet02_101_all_pairs_incl_sentinel,round_win = game_pnl > 0 (decisive only),COMPATIBILITY_ONLY_NOT_PRODUCTION,234885.8996,214754.2105,9869.7735,3689,3015,-0.04201944,-0.00608590,-0.04816467,-0.04201944,-9869.7735,234885.8996,OK,0.0000,394.7909,4.0000,96.0000,AG03-UNRESOLVED,ALL5_LEVELS_bet23_to_bet27,394.7909,394.7909,394.7909,394.7909,394.7909,4.000000,4.000000,4.000000,4.000000,4.000000,96.000000,96.000000,96.000000,96.000000,96.000000,5.0,1973.9547,1822.2297,7895.8188,8047.5438,PENDING_AG03,FALSE,NOT_FOR_ENFORCEMENT,9474.9825,206164.0421,9869.7735,9474.9825,394.7909,0.04201944,0.04033866,394.7909,9474.9825,0.04033866,394.7909,394.7909,394.7909,394.7909,394.7909,9474.9825,0.04033866,1973.9547,1822.2297,7895.8188,8047.5438,0.03361555,0.0342615,0.00168078,63.6720,71.2286,3.2736,143.0402,5.0692,3404.1435,43.6957,64.4793,63.5359,42.5677,43.0663,85.2079,124.7713,127.8119,154.8004,42.604,-41.336,2.967791,3.594466,1.478463,30,203,130,8,0.14604117,0.04201944,0.00608590,0E-8,0.000000,0.914292,0.640282,0.04207877,2026-03-23,2026-08-04,69,1947,1162,135,0.511111,1.014849,1.012680,0.486804,,,,,,,,GLOBAL_BASELINE_NO_ENTITY_RANKING,,,NOT_APPLICABLE_GLOBAL_BASELINE,HF9g-P5,,,,X 全窗基线 · 不参与实体赏罚,15050427,1506,A168_HF9F_20260827_0900,2026-08-27 09:00:00
2026-05-05,74657362,1291,0,43.0663221361,43.0663221361,43.0663221361,1.0000000,1,1,0.49324550000000000,0.493245500000,1.01360149184955,1.01360149184955,1.01360149184955,0E-17,ELIGIBLE,R03b_20260811_FULL_v1,L1_ELIGIBILITY,v2026-08-11,2026-03-21..2026-08-06,baccarat_bet02_101_all_pairs_incl_sentinel,round_win = game_pnl > 0 (decisive only),COMPATIBILITY_ONLY_NOT_PRODUCTION,234885.8996,214754.2105,9869.7735,3689,3015,-0.04201944,-0.00608590,-0.04816467,-0.04201944,-9869.7735,234885.8996,OK,0.0000,394.7909,4.0000,96.0000,AG03-UNRESOLVED,ALL5_LEVELS_bet23_to_bet27,394.7909,394.7909,394.7909,394.7909,394.7909,4.000000,4.000000,4.000000,4.000000,4.000000,96.000000,96.000000,96.000000,96.000000,96.000000,5.0,1973.9547,1822.2297,7895.8188,8047.5438,PENDING_AG03,FALSE,NOT_FOR_ENFORCEMENT,9474.9825,206164.0421,9869.7735,9474.9825,394.7909,0.04201944,0.04033866,394.7909,9474.9825,0.04033866,394.7909,394.7909,394.7909,394.7909,394.7909,9474.9825,0.04033866,1973.9547,1822.2297,7895.8188,8047.5438,0.03361555,0.0342615,0.00168078,63.6720,71.2286,3.2736,143.0402,5.0692,3404.1435,43.6957,64.4793,63.5359,42.5677,43.0663,85.2079,124.7713,127.8119,154.8004,42.604,-41.336,2.967791,3.594466,1.478463,30,203,130,8,0.14604117,0.04201944,0.00608590,0E-8,0.000000,0.914292,0.640282,0.04207877,2026-03-23,2026-08-04,69,1947,1162,135,0.511111,1.014849,1.012680,0.486804,,,,,,,,GLOBAL_BASELINE_NO_ENTITY_RANKING,,,NOT_APPLICABLE_GLOBAL_BASELINE,HF9g-P5,,,,X 全窗基线 · 不参与实体赏罚,15050428,1506,A168_HF9F_20260827_0900,2026-08-27 09:00:00
2026-05-05,74657362,1304,0,172.2652885444,-43.0663221361,-43.0663221361,0.3333333,4,4,0.49324550000000000,0.493245500000,-0.5540025479526107,-0.5540025479526106,-0.5540025479526107,0E-17,ELIGIBLE,R03b_20260811_FULL_v1,L1_ELIGIBILITY,v2026-08-11,2026-03-21..2026-08-06,baccarat_bet02_101_all_pairs_incl_sentinel,round_win = game_pnl > 0 (decisive only),COMPATIBILITY_ONLY_NOT_PRODUCTION,234885.8996,214754.2105,9869.7735,3689,3015,-0.04201944,-0.00608590,-0.04816467,-0.04201944,-9869.7735,234885.8996,OK,0.0000,394.7909,4.0000,96.0000,AG03-UNRESOLVED,ALL5_LEVELS_bet23_to_bet27,394.7909,394.7909,394.7909,394.7909,394.7909,4.000000,4.000000,4.000000,4.000000,4.000000,96.000000,96.000000,96.000000,96.000000,96.000000,5.0,1973.9547,1822.2297,7895.8188,8047.5438,PENDING_AG03,FALSE,NOT_FOR_ENFORCEMENT,9474.9825,206164.0421,9869.7735,9474.9825,394.7909,0.04201944,0.04033866,394.7909,9474.9825,0.04033866,394.7909,394.7909,394.7909,394.7909,394.7909,9474.9825,0.04033866,1973.9547,1822.2297,7895.8188,8047.5438,0.03361555,0.0342615,0.00168078,63.6720,71.2286,3.2736,143.0402,5.0692,3404.1435,43.6957,64.4793,63.5359,42.5677,43.0663,85.2079,124.7713,127.8119,154.8004,42.604,-41.336,2.967791,3.594466,1.478463,30,203,130,8,0.14604117,0.04201944,0.00608590,0E-8,0.000000,0.914292,0.640282,0.04207877,2026-03-23,2026-08-04,69,1947,1162,135,0.511111,1.014849,1.012680,0.486804,,,,,,,,GLOBAL_BASELINE_NO_ENTITY_RANKING,,,NOT_APPLICABLE_GLOBAL_BASELINE,HF9g-P5,,,,X 全窗基线 · 不参与实体赏罚,15050429,1506,A168_HF9F_20260827_0900,2026-08-27 09:00:00
2026-05-05,74657362,1399,0,86.1326442722,0E-10,0E-10,,1,1,0.49324550000000000,0.493245500000,,,,0E-17,NO_DECISIVE_ROUND,R03b_20260811_FULL_v1,L1_ELIGIBILITY,v2026-08-11,2026-03-21..2026-08-06,baccarat_bet02_101_all_pairs_incl_sentinel,round_win = game_pnl > 0 (decisive only),COMPATIBILITY_ONLY_NOT_PRODUCTION,234885.8996,214754.2105,9869.7735,3689,3015,-0.04201944,-0.00608590,-0.04816467,-0.04201944,-9869.7735,234885.8996,OK,0.0000,394.7909,4.0000,96.0000,AG03-UNRESOLVED,ALL5_LEVELS_bet23_to_bet27,394.7909,394.7909,394.7909,394.7909,394.7909,4.000000,4.000000,4.000000,4.000000,4.000000,96.000000,96.000000,96.000000,96.000000,96.000000,5.0,1973.9547,1822.2297,7895.8188,8047.5438,PENDING_AG03,FALSE,NOT_FOR_ENFORCEMENT,9474.9825,206164.0421,9869.7735,9474.9825,394.7909,0.04201944,0.04033866,394.7909,9474.9825,0.04033866,394.7909,394.7909,394.7909,394.7909,394.7909,9474.9825,0.04033866,1973.9547,1822.2297,7895.8188,8047.5438,0.03361555,0.0342615,0.00168078,63.6720,71.2286,3.2736,143.0402,5.0692,3404.1435,43.6957,64.4793,63.5359,42.5677,43.0663,85.2079,124.7713,127.8119,154.8004,42.604,-41.336,2.967791,3.594466,1.478463,30,203,130,8,0.14604117,0.04201944,0.00608590,0E-8,0.000000,0.914292,0.640282,0.04207877,2026-03-23,2026-08-04,69,1947,1162,135,0.511111,1.014849,1.012680,0.486804,,,,,,,,GLOBAL_BASELINE_NO_ENTITY_RANKING,,,NOT_APPLICABLE_GLOBAL_BASELINE,HF9g-P5,,,,X 全窗基线 · 不参与实体赏罚,15050430,1506,A168_HF9F_20260827_0900,2026-08-27 09:00:00
2026-05-05,74657362,1646,0,43.0663221361,-43.0663221361,-43.0663221361,0E-7,1,1,0.49324550000000000,0.493245500000,-0.9865810262130424,-0.9865810262130424,-0.9865810262130424,0E-17,ELIGIBLE,R03b_20260811_FULL_v1,L1_ELIGIBILITY,v2026-08-11,2026-03-21..2026-08-06,baccarat_bet02_101_all_pairs_incl_sentinel,round_win = game_pnl > 0 (decisive only),COMPATIBILITY_ONLY_NOT_PRODUCTION,234885.8996,214754.2105,9869.7735,3689,3015,-0.04201944,-0.00608590,-0.04816467,-0.04201944,-9869.7735,234885.8996,OK,0.0000,394.7909,4.0000,96.0000,AG03-UNRESOLVED,ALL5_LEVELS_bet23_to_bet27,394.7909,394.7909,394.7909,394.7909,394.7909,4.000000,4.000000,4.000000,4.000000,4.000000,96.000000,96.000000,96.000000,96.000000,96.000000,5.0,1973.9547,1822.2297,7895.8188,8047.5438,PENDING_AG03,FALSE,NOT_FOR_ENFORCEMENT,9474.9825,206164.0421,9869.7735,9474.9825,394.7909,0.04201944,0.04033866,394.7909,9474.9825,0.04033866,394.7909,394.7909,394.7909,394.7909,394.7909,9474.9825,0.04033866,1973.9547,1822.2297,7895.8188,8047.5438,0.03361555,0.0342615,0.00168078,63.6720,71.2286,3.2736,143.0402,5.0692,3404.1435,43.6957,64.4793,63.5359,42.5677,43.0663,85.2079,124.7713,127.8119,154.8004,42.604,-41.336,2.967791,3.594466,1.478463,30,203,130,8,0.14604117,0.04201944,0.00608590,0E-8,0.000000,0.914292,0.640282,0.04207877,2026-03-23,2026-08-04,69,1947,1162,135,0.511111,1.014849,1.012680,0.486804,,,,,,,,GLOBAL_BASELINE_NO_ENTITY_RANKING,,,NOT_APPLICABLE_GLOBAL_BASELINE,HF9g-P5,,,,X 全窗基线 · 不参与实体赏罚,15050431,1506,A168_HF9F_20260827_0900,2026-08-27 09:00:00
2026-05-05,74657362,1702,0,86.1326442722,86.1326442722,86.1326442722,1.0000000,2,2,0.49324550000000000,0.493245500000,1.4334489766152358,1.4334489766152358,1.4334489766152358,0E-17,ELIGIBLE,R03b_20260811_FULL_v1,L1_ELIGIBILITY,v2026-08-11,2026-03-21..2026-08-06,baccarat_bet02_101_all_pairs_incl_sentinel,round_win = game_pnl > 0 (decisive only),COMPATIBILITY_ONLY_NOT_PRODUCTION,234885.8996,214754.2105,9869.7735,3689,3015,-0.04201944,-0.00608590,-0.04816467,-0.04201944,-9869.7735,234885.8996,OK,0.0000,394.7909,4.0000,96.0000,AG03-UNRESOLVED,ALL5_LEVELS_bet23_to_bet27,394.7909,394.7909,394.7909,394.7909,394.7909,4.000000,4.000000,4.000000,4.000000,4.000000,96.000000,96.000000,96.000000,96.000000,96.000000,5.0,1973.9547,1822.2297,7895.8188,8047.5438,PENDING_AG03,FALSE,NOT_FOR_ENFORCEMENT,9474.9825,206164.0421,9869.7735,9474.9825,394.7909,0.04201944,0.04033866,394.7909,9474.9825,0.04033866,394.7909,394.7909,394.7909,394.7909,394.7909,9474.9825,0.04033866,1973.9547,1822.2297,7895.8188,8047.5438,0.03361555,0.0342615,0.00168078,63.6720,71.2286,3.2736,143.0402,5.0692,3404.1435,43.6957,64.4793,63.5359,42.5677,43.0663,85.2079,124.7713,127.8119,154.8004,42.604,-41.336,2.967791,3.594466,1.478463,30,203,130,8,0.14604117,0.04201944,0.00608590,0E-8,0.000000,0.914292,0.640282,0.04207877,2026-03-23,2026-08-04,69,1947,1162,135,0.511111,1.014849,1.012680,0.486804,,,,,,,,GLOBAL_BASELINE_NO_ENTITY_RANKING,,,NOT_APPLICABLE_GLOBAL_BASELINE,HF9g-P5,,,,X 全窗基线 · 不参与实体赏罚,15050432,1506,A168_HF9F_20260827_0900,2026-08-27 09:00:00
2026-05-05,74657362,1750,0,43.0663221361,43.0663221361,43.0663221361,1.0000000,1,1,0.49324550000000000,0.493245500000,1.01360149184955,1.01360149184955,1.01360149184955,0E-17,ELIGIBLE,R03b_20260811_FULL_v1,L1_ELIGIBILITY,v2026-08-11,2026-03-21..2026-08-06,baccarat_bet02_101_all_pairs_incl_sentinel,round_win = game_pnl > 0 (decisive only),COMPATIBILITY_ONLY_NOT_PRODUCTION,234885.8996,214754.2105,9869.7735,3689,3015,-0.04201944,-0.00608590,-0.04816467,-0.04201944,-9869.7735,234885.8996,OK,0.0000,394.7909,4.0000,96.0000,AG03-UNRESOLVED,ALL5_LEVELS_bet23_to_bet27,394.7909,394.7909,394.7909,394.7909,394.7909,4.000000,4.000000,4.000000,4.000000,4.000000,96.000000,96.000000,96.000000,96.000000,96.000000,5.0,1973.9547,1822.2297,7895.8188,8047.5438,PENDING_AG03,FALSE,NOT_FOR_ENFORCEMENT,9474.9825,206164.0421,9869.7735,9474.9825,394.7909,0.04201944,0.04033866,394.7909,9474.9825,0.04033866,394.7909,394.7909,394.7909,394.7909,394.7909,9474.9825,0.04033866,1973.9547,1822.2297,7895.8188,8047.5438,0.03361555,0.0342615,0.00168078,63.6720,71.2286,3.2736,143.0402,5.0692,3404.1435,43.6957,64.4793,63.5359,42.5677,43.0663,85.2079,124.7713,127.8119,154.8004,42.604,-41.336,2.967791,3.594466,1.478463,30,203,130,8,0.14604117,0.04201944,0.00608590,0E-8,0.000000,0.914292,0.640282,0.04207877,2026-03-23,2026-08-04,69,1947,1162,135,0.511111,1.014849,1.012680,0.486804,,,,,,,,GLOBAL_BASELINE_NO_ENTITY_RANKING,,,NOT_APPLICABLE_GLOBAL_BASELINE,HF9g-P5,,,,X 全窗基线 · 不参与实体赏罚,15050433,1506,A168_HF9F_20260827_0900,2026-08-27 09:00:00
2026-05-05,74657362,1935,0,43.0663221361,-43.0663221361,-43.0663221361,0E-7,1,1,0.50665070000000000,0.506650700000,-1.013391052207602,-1.013391052207602,-1.013391052207602,0E-17,ELIGIBLE,R03b_20260811_FULL_v1,L1_ELIGIBILITY,v2026-08-11,2026-03-21..2026-08-06,baccarat_bet02_101_all_pairs_incl_sentinel,round_win = game_pnl > 0 (decisive only),COMPATIBILITY_ONLY_NOT_PRODUCTION,234885.8996,214754.2105,9869.7735,3689,3015,-0.04201944,-0.00608590,-0.04816467,-0.04201944,-9869.7735,234885.8996,OK,0.0000,394.7909,4.0000,96.0000,AG03-UNRESOLVED,ALL5_LEVELS_bet23_to_bet27,394.7909,394.7909,394.7909,394.7909,394.7909,4.000000,4.000000,4.000000,4.000000,4.000000,96.000000,96.000000,96.000000,96.000000,96.000000,5.0,1973.9547,1822.2297,7895.8188,8047.5438,PENDING_AG03,FALSE,NOT_FOR_ENFORCEMENT,9474.9825,206164.0421,9869.7735,9474.9825,394.7909,0.04201944,0.04033866,394.7909,9474.9825,0.04033866,394.7909,394.7909,394.7909,394.7909,394.7909,9474.9825,0.04033866,1973.9547,1822.2297,7895.8188,8047.5438,0.03361555,0.0342615,0.00168078,63.6720,71.2286,3.2736,143.0402,5.0692,3404.1435,43.6957,64.4793,63.5359,42.5677,43.0663,85.2079,124.7713,127.8119,154.8004,42.604,-41.336,2.967791,3.594466,1.478463,30,203,130,8,0.14604117,0.04201944,0.00608590,0E-8,0.000000,0.914292,0.640282,0.04207877,2026-03-23,2026-08-04,69,1947,1162,135,0.511111,1.014849,1.012680,0.486804,,,,,,,,GLOBAL_BASELINE_NO_ENTITY_RANKING,,,NOT_APPLICABLE_GLOBAL_BASELINE,HF9g-P5,,,,X 全窗基线 · 不参与实体赏罚,15050434,1506,A168_HF9F_20260827_0900,2026-08-27 09:00:00
2026-05-05,74657362,2103,0,43.0663221361,-43.0663221361,-43.0663221361,0E-7,1,1,0.49324550000000000,0.493245500000,-0.9865810262130424,-0.9865810262130424,-0.9865810262130424,0E-17,ELIGIBLE,R03b_20260811_FULL_v1,L1_ELIGIBILITY,v2026-08-11,2026-03-21..2026-08-06,baccarat_bet02_101_all_pairs_incl_sentinel,round_win = game_pnl > 0 (decisive only),COMPATIBILITY_ONLY_NOT_PRODUCTION,234885.8996,214754.2105,9869.7735,3689,3015,-0.04201944,-0.00608590,-0.04816467,-0.04201944,-9869.7735,234885.8996,OK,0.0000,394.7909,4.0000,96.0000,AG03-UNRESOLVED,ALL5_LEVELS_bet23_to_bet27,394.7909,394.7909,394.7909,394.7909,394.7909,4.000000,4.000000,4.000000,4.000000,4.000000,96.000000,96.000000,96.000000,96.000000,96.000000,5.0,1973.9547,1822.2297,7895.8188,8047.5438,PENDING_AG03,FALSE,NOT_FOR_ENFORCEMENT,9474.9825,206164.0421,9869.7735,9474.9825,394.7909,0.04201944,0.04033866,394.7909,9474.9825,0.04033866,394.7909,394.7909,394.7909,394.7909,394.7909,9474.9825,0.04033866,1973.9547,1822.2297,7895.8188,8047.5438,0.03361555,0.0342615,0.00168078,63.6720,71.2286,3.2736,143.0402,5.0692,3404.1435,43.6957,64.4793,63.5359,42.5677,43.0663,85.2079,124.7713,127.8119,154.8004,42.604,-41.336,2.967791,3.594466,1.478463,30,203,130,8,0.14604117,0.04201944,0.00608590,0E-8,0.000000,0.914292,0.640282,0.04207877,2026-03-23,2026-08-04,69,1947,1162,135,0.511111,1.014849,1.012680,0.486804,,,,,,,,GLOBAL_BASELINE_NO_ENTITY_RANKING,,,NOT_APPLICABLE_GLOBAL_BASELINE,HF9g-P5,,,,X 全窗基线 · 不参与实体赏罚,15050435,1506,A168_HF9F_20260827_0900,2026-08-27 09:00:00
2026-05-05,74657362,2122,0,43.0663221361,-43.0663221361,-43.0663221361,0E-7,1,1,0.49324550000000000,0.493245500000,-0.9865810262130424,-0.9865810262130424,-0.9865810262130424,0E-17,ELIGIBLE,R03b_20260811_FULL_v1,L1_ELIGIBILITY,v2026-08-11,2026-03-21..2026-08-06,baccarat_bet02_101_all_pairs_incl_sentinel,round_win = game_pnl > 0 (decisive only),COMPATIBILITY_ONLY_NOT_PRODUCTION,234885.8996,214754.2105,9869.7735,3689,3015,-0.04201944,-0.00608590,-0.04816467,-0.04201944,-9869.7735,234885.8996,OK,0.0000,394.7909,4.0000,96.0000,AG03-UNRESOLVED,ALL5_LEVELS_bet23_to_bet27,394.7909,394.7909,394.7909,394.7909,394.7909,4.000000,4.000000,4.000000,4.000000,4.000000,96.000000,96.000000,96.000000,96.000000,96.000000,5.0,1973.9547,1822.2297,7895.8188,8047.5438,PENDING_AG03,FALSE,NOT_FOR_ENFORCEMENT,9474.9825,206164.0421,9869.7735,9474.9825,394.7909,0.04201944,0.04033866,394.7909,9474.9825,0.04033866,394.7909,394.7909,394.7909,394.7909,394.7909,9474.9825,0.04033866,1973.9547,1822.2297,7895.8188,8047.5438,0.03361555,0.0342615,0.00168078,63.6720,71.2286,3.2736,143.0402,5.0692,3404.1435,43.6957,64.4793,63.5359,42.5677,43.0663,85.2079,124.7713,127.8119,154.8004,42.604,-41.336,2.967791,3.594466,1.478463,30,203,130,8,0.14604117,0.04201944,0.00608590,0E-8,0.000000,0.914292,0.640282,0.04207877,2026-03-23,2026-08-04,69,1947,1162,135,0.511111,1.014849,1.012680,0.486804,,,,,,,,GLOBAL_BASELINE_NO_ENTITY_RANKING,,,NOT_APPLICABLE_GLOBAL_BASELINE,HF9g-P5,,,,X 全窗基线 · 不参与实体赏罚,15050436,1506,A168_HF9F_20260827_0900,2026-08-27 09:00:00
2026-05-05,74657362,2142,0,43.0663221361,-43.0663221361,-43.0663221361,0E-7,1,1,0.49324550000000000,0.493245500000,-0.9865810262130424,-0.9865810262130424,-0.9865810262130424,0E-17,ELIGIBLE,R03b_20260811_FULL_v1,L1_ELIGIBILITY,v2026-08-11,2026-03-21..2026-08-06,baccarat_bet02_101_all_pairs_incl_sentinel,round_win = game_pnl > 0 (decisive only),COMPATIBILITY_ONLY_NOT_PRODUCTION,234885.8996,214754.2105,9869.7735,3689,3015,-0.04201944,-0.00608590,-0.04816467,-0.04201944,-9869.7735,234885.8996,OK,0.0000,394.7909,4.0000,96.0000,AG03-UNRESOLVED,ALL5_LEVELS_bet23_to_bet27,394.7909,394.7909,394.7909,394.7909,394.7909,4.000000,4.000000,4.000000,4.000000,4.000000,96.000000,96.000000,96.000000,96.000000,96.000000,5.0,1973.9547,1822.2297,7895.8188,8047.5438,PENDING_AG03,FALSE,NOT_FOR_ENFORCEMENT,9474.9825,206164.0421,9869.7735,9474.9825,394.7909,0.04201944,0.04033866,394.7909,9474.9825,0.04033866,394.7909,394.7909,394.7909,394.7909,394.7909,9474.9825,0.04033866,1973.9547,1822.2297,7895.8188,8047.5438,0.03361555,0.0342615,0.00168078,63.6720,71.2286,3.2736,143.0402,5.0692,3404.1435,43.6957,64.4793,63.5359,42.5677,43.0663,85.2079,124.7713,127.8119,154.8004,42.604,-41.336,2.967791,3.594466,1.478463,30,203,130,8,0.14604117,0.04201944,0.00608590,0E-8,0.000000,0.914292,0.640282,0.04207877,2026-03-23,2026-08-04,69,1947,1162,135,0.511111,1.014849,1.012680,0.486804,,,,,,,,GLOBAL_BASELINE_NO_ENTITY_RANKING,,,NOT_APPLICABLE_GLOBAL_BASELINE,HF9g-P5,,,,X 全窗基线 · 不参与实体赏罚,15050437,1506,A168_HF9F_20260827_0900,2026-08-27 09:00:00
2026-05-05,74657362,2155,0,43.0663221361,43.0663221361,43.0663221361,1.0000000,1,1,0.49324550000000000,0.493245500000,1.01360149184955,1.01360149184955,1.01360149184955,0E-17,ELIGIBLE,R03b_20260811_FULL_v1,L1_ELIGIBILITY,v2026-08-11,2026-03-21..2026-08-06,baccarat_bet02_101_all_pairs_incl_sentinel,round_win = game_pnl > 0 (decisive only),COMPATIBILITY_ONLY_NOT_PRODUCTION,234885.8996,214754.2105,9869.7735,3689,3015,-0.04201944,-0.00608590,-0.04816467,-0.04201944,-9869.7735,234885.8996,OK,0.0000,394.7909,4.0000,96.0000,AG03-UNRESOLVED,ALL5_LEVELS_bet23_to_bet27,394.7909,394.7909,394.7909,394.7909,394.7909,4.000000,4.000000,4.000000,4.000000,4.000000,96.000000,96.000000,96.000000,96.000000,96.000000,5.0,1973.9547,1822.2297,7895.8188,8047.5438,PENDING_AG03,FALSE,NOT_FOR_ENFORCEMENT,9474.9825,206164.0421,9869.7735,9474.9825,394.7909,0.04201944,0.04033866,394.7909,9474.9825,0.04033866,394.7909,394.7909,394.7909,394.7909,394.7909,9474.9825,0.04033866,1973.9547,1822.2297,7895.8188,8047.5438,0.03361555,0.0342615,0.00168078,63.6720,71.2286,3.2736,143.0402,5.0692,3404.1435,43.6957,64.4793,63.5359,42.5677,43.0663,85.2079,124.7713,127.8119,154.8004,42.604,-41.336,2.967791,3.594466,1.478463,30,203,130,8,0.14604117,0.04201944,0.00608590,0E-8,0.000000,0.914292,0.640282,0.04207877,2026-03-23,2026-08-04,69,1947,1162,135,0.511111,1.014849,1.012680,0.486804,,,,,,,,GLOBAL_BASELINE_NO_ENTITY_RANKING,,,NOT_APPLICABLE_GLOBAL_BASELINE,HF9g-P5,,,,X 全窗基线 · 不参与实体赏罚,15050438,1506,A168_HF9F_20260827_0900,2026-08-27 09:00:00
2026-05-05,74657362,2222,0,43.0663221361,43.0663221361,43.0663221361,1.0000000,1,1,0.49324550000000000,0.493245500000,1.01360149184955,1.01360149184955,1.01360149184955,0E-17,ELIGIBLE,R03b_20260811_FULL_v1,L1_ELIGIBILITY,v2026-08-11,2026-03-21..2026-08-06,baccarat_bet02_101_all_pairs_incl_sentinel,round_win = game_pnl > 0 (decisive only),COMPATIBILITY_ONLY_NOT_PRODUCTION,234885.8996,214754.2105,9869.7735,3689,3015,-0.04201944,-0.00608590,-0.04816467,-0.04201944,-9869.7735,234885.8996,OK,0.0000,394.7909,4.0000,96.0000,AG03-UNRESOLVED,ALL5_LEVELS_bet23_to_bet27,394.7909,394.7909,394.7909,394.7909,394.7909,4.000000,4.000000,4.000000,4.000000,4.000000,96.000000,96.000000,96.000000,96.000000,96.000000,5.0,1973.9547,1822.2297,7895.8188,8047.5438,PENDING_AG03,FALSE,NOT_FOR_ENFORCEMENT,9474.9825,206164.0421,9869.7735,9474.9825,394.7909,0.04201944,0.04033866,394.7909,9474.9825,0.04033866,394.7909,394.7909,394.7909,394.7909,394.7909,9474.9825,0.04033866,1973.9547,1822.2297,7895.8188,8047.5438,0.03361555,0.0342615,0.00168078,63.6720,71.2286,3.2736,143.0402,5.0692,3404.1435,43.6957,64.4793,63.5359,42.5677,43.0663,85.2079,124.7713,127.8119,154.8004,42.604,-41.336,2.967791,3.594466,1.478463,30,203,130,8,0.14604117,0.04201944,0.00608590,0E-8,0.000000,0.914292,0.640282,0.04207877,2026-03-23,2026-08-04,69,1947,1162,135,0.511111,1.014849,1.012680,0.486804,,,,,,,,GLOBAL_BASELINE_NO_ENTITY_RANKING,,,NOT_APPLICABLE_GLOBAL_BASELINE,HF9g-P5,,,,X 全窗基线 · 不参与实体赏罚,15050439,1506,A168_HF9F_20260827_0900,2026-08-27 09:00:00
2026-05-05,74657362,2223,0,86.1326442722,86.1326442722,86.1326442722,1.0000000,1,1,0.50665070000000000,0.506650700000,0.9867858985152569,0.9867858985152569,0.9867858985152569,0E-17,ELIGIBLE,R03b_20260811_FULL_v1,L1_ELIGIBILITY,v2026-08-11,2026-03-21..2026-08-06,baccarat_bet02_101_all_pairs_incl_sentinel,round_win = game_pnl > 0 (decisive only),COMPATIBILITY_ONLY_NOT_PRODUCTION,234885.8996,214754.2105,9869.7735,3689,3015,-0.04201944,-0.00608590,-0.04816467,-0.04201944,-9869.7735,234885.8996,OK,0.0000,394.7909,4.0000,96.0000,AG03-UNRESOLVED,ALL5_LEVELS_bet23_to_bet27,394.7909,394.7909,394.7909,394.7909,394.7909,4.000000,4.000000,4.000000,4.000000,4.000000,96.000000,96.000000,96.000000,96.000000,96.000000,5.0,1973.9547,1822.2297,7895.8188,8047.5438,PENDING_AG03,FALSE,NOT_FOR_ENFORCEMENT,9474.9825,206164.0421,9869.7735,9474.9825,394.7909,0.04201944,0.04033866,394.7909,9474.9825,0.04033866,394.7909,394.7909,394.7909,394.7909,394.7909,9474.9825,0.04033866,1973.9547,1822.2297,7895.8188,8047.5438,0.03361555,0.0342615,0.00168078,63.6720,71.2286,3.2736,143.0402,5.0692,3404.1435,43.6957,64.4793,63.5359,42.5677,43.0663,85.2079,124.7713,127.8119,154.8004,42.604,-41.336,2.967791,3.594466,1.478463,30,203,130,8,0.14604117,0.04201944,0.00608590,0E-8,0.000000,0.914292,0.640282,0.04207877,2026-03-23,2026-08-04,69,1947,1162,135,0.511111,1.014849,1.012680,0.486804,,,,,,,,GLOBAL_BASELINE_NO_ENTITY_RANKING,,,NOT_APPLICABLE_GLOBAL_BASELINE,HF9g-P5,,,,X 全窗基线 · 不参与实体赏罚,15050440,1506,A168_HF9F_20260827_0900,2026-08-27 09:00:00
2026-05-05,74657362,2233,0,86.1326442722,-43.0663221361,-43.0663221361,0E-7,2,2,0.49324550000000000,0.493245500000,-0.9865810262130424,-0.9865810262130424,-0.9865810262130424,0E-17,ELIGIBLE,R03b_20260811_FULL_v1,L1_ELIGIBILITY,v2026-08-11,2026-03-21..2026-08-06,baccarat_bet02_101_all_pairs_incl_sentinel,round_win = game_pnl > 0 (decisive only),COMPATIBILITY_ONLY_NOT_PRODUCTION,234885.8996,214754.2105,9869.7735,3689,3015,-0.04201944,-0.00608590,-0.04816467,-0.04201944,-9869.7735,234885.8996,OK,0.0000,394.7909,4.0000,96.0000,AG03-UNRESOLVED,ALL5_LEVELS_bet23_to_bet27,394.7909,394.7909,394.7909,394.7909,394.7909,4.000000,4.000000,4.000000,4.000000,4.000000,96.000000,96.000000,96.000000,96.000000,96.000000,5.0,1973.9547,1822.2297,7895.8188,8047.5438,PENDING_AG03,FALSE,NOT_FOR_ENFORCEMENT,9474.9825,206164.0421,9869.7735,9474.9825,394.7909,0.04201944,0.04033866,394.7909,9474.9825,0.04033866,394.7909,394.7909,394.7909,394.7909,394.7909,9474.9825,0.04033866,1973.9547,1822.2297,7895.8188,8047.5438,0.03361555,0.0342615,0.00168078,63.6720,71.2286,3.2736,143.0402,5.0692,3404.1435,43.6957,64.4793,63.5359,42.5677,43.0663,85.2079,124.7713,127.8119,154.8004,42.604,-41.336,2.967791,3.594466,1.478463,30,203,130,8,0.14604117,0.04201944,0.00608590,0E-8,0.000000,0.914292,0.640282,0.04207877,2026-03-23,2026-08-04,69,1947,1162,135,0.511111,1.014849,1.012680,0.486804,,,,,,,,GLOBAL_BASELINE_NO_ENTITY_RANKING,,,NOT_APPLICABLE_GLOBAL_BASELINE,HF9g-P5,,,,X 全窗基线 · 不参与实体赏罚,15050441,1506,A168_HF9F_20260827_0900,2026-08-27 09:00:00
2026-05-05,74657362,2234,0,43.0663221361,-43.0663221361,-43.0663221361,0E-7,1,1,0.49324550000000000,0.493245500000,-0.9865810262130424,-0.9865810262130424,-0.9865810262130424,0E-17,ELIGIBLE,R03b_20260811_FULL_v1,L1_ELIGIBILITY,v2026-08-11,2026-03-21..2026-08-06,baccarat_bet02_101_all_pairs_incl_sentinel,round_win = game_pnl > 0 (decisive only),COMPATIBILITY_ONLY_NOT_PRODUCTION,234885.8996,214754.2105,9869.7735,3689,3015,-0.04201944,-0.00608590,-0.04816467,-0.04201944,-9869.7735,234885.8996,OK,0.0000,394.7909,4.0000,96.0000,AG03-UNRESOLVED,ALL5_LEVELS_bet23_to_bet27,394.7909,394.7909,394.7909,394.7909,394.7909,4.000000,4.000000,4.000000,4.000000,4.000000,96.000000,96.000000,96.000000,96.000000,96.000000,5.0,1973.9547,1822.2297,7895.8188,8047.5438,PENDING_AG03,FALSE,NOT_FOR_ENFORCEMENT,9474.9825,206164.0421,9869.7735,9474.9825,394.7909,0.04201944,0.04033866,394.7909,9474.9825,0.04033866,394.7909,394.7909,394.7909,394.7909,394.7909,9474.9825,0.04033866,1973.9547,1822.2297,7895.8188,8047.5438,0.03361555,0.0342615,0.00168078,63.6720,71.2286,3.2736,143.0402,5.0692,3404.1435,43.6957,64.4793,63.5359,42.5677,43.0663,85.2079,124.7713,127.8119,154.8004,42.604,-41.336,2.967791,3.594466,1.478463,30,203,130,8,0.14604117,0.04201944,0.00608590,0E-8,0.000000,0.914292,0.640282,0.04207877,2026-03-23,2026-08-04,69,1947,1162,135,0.511111,1.014849,1.012680,0.486804,,,,,,,,GLOBAL_BASELINE_NO_ENTITY_RANKING,,,NOT_APPLICABLE_GLOBAL_BASELINE,HF9g-P5,,,,X 全窗基线 · 不参与实体赏罚,15050442,1506,A168_HF9F_20260827_0900,2026-08-27 09:00:00
2026-05-05,74657362,2251,0,43.0663221361,-43.0663221361,-43.0663221361,0E-7,1,1,0.49324550000000000,0.493245500000,-0.9865810262130424,-0.9865810262130424,-0.9865810262130424,0E-17,ELIGIBLE,R03b_20260811_FULL_v1,L1_ELIGIBILITY,v2026-08-11,2026-03-21..2026-08-06,baccarat_bet02_101_all_pairs_incl_sentinel,round_win = game_pnl > 0 (decisive only),COMPATIBILITY_ONLY_NOT_PRODUCTION,234885.8996,214754.2105,9869.7735,3689,3015,-0.04201944,-0.00608590,-0.04816467,-0.04201944,-9869.7735,234885.8996,OK,0.0000,394.7909,4.0000,96.0000,AG03-UNRESOLVED,ALL5_LEVELS_bet23_to_bet27,394.7909,394.7909,394.7909,394.7909,394.7909,4.000000,4.000000,4.000000,4.000000,4.000000,96.000000,96.000000,96.000000,96.000000,96.000000,5.0,1973.9547,1822.2297,7895.8188,8047.5438,PENDING_AG03,FALSE,NOT_FOR_ENFORCEMENT,9474.9825,206164.0421,9869.7735,9474.9825,394.7909,0.04201944,0.04033866,394.7909,9474.9825,0.04033866,394.7909,394.7909,394.7909,394.7909,394.7909,9474.9825,0.04033866,1973.9547,1822.2297,7895.8188,8047.5438,0.03361555,0.0342615,0.00168078,63.6720,71.2286,3.2736,143.0402,5.0692,3404.1435,43.6957,64.4793,63.5359,42.5677,43.0663,85.2079,124.7713,127.8119,154.8004,42.604,-41.336,2.967791,3.594466,1.478463,30,203,130,8,0.14604117,0.04201944,0.00608590,0E-8,0.000000,0.914292,0.640282,0.04207877,2026-03-23,2026-08-04,69,1947,1162,135,0.511111,1.014849,1.012680,0.486804,,,,,,,,GLOBAL_BASELINE_NO_ENTITY_RANKING,,,NOT_APPLICABLE_GLOBAL_BASELINE,HF9g-P5,,,,X 全窗基线 · 不参与实体赏罚,15050443,1506,A168_HF9F_20260827_0900,2026-08-27 09:00:00
2026-05-05,74657362,2261,0,43.0663221361,43.0663221361,43.0663221361,1.0000000,1,1,0.49324550000000000,0.493245500000,1.01360149184955,1.01360149184955,1.01360149184955,0E-17,ELIGIBLE,R03b_20260811_FULL_v1,L1_ELIGIBILITY,v2026-08-11,2026-03-21..2026-08-06,baccarat_bet02_101_all_pairs_incl_sentinel,round_win = game_pnl > 0 (decisive only),COMPATIBILITY_ONLY_NOT_PRODUCTION,234885.8996,214754.2105,9869.7735,3689,3015,-0.04201944,-0.00608590,-0.04816467,-0.04201944,-9869.7735,234885.8996,OK,0.0000,394.7909,4.0000,96.0000,AG03-UNRESOLVED,ALL5_LEVELS_bet23_to_bet27,394.7909,394.7909,394.7909,394.7909,394.7909,4.000000,4.000000,4.000000,4.000000,4.000000,96.000000,96.000000,96.000000,96.000000,96.000000,5.0,1973.9547,1822.2297,7895.8188,8047.5438,PENDING_AG03,FALSE,NOT_FOR_ENFORCEMENT,9474.9825,206164.0421,9869.7735,9474.9825,394.7909,0.04201944,0.04033866,394.7909,9474.9825,0.04033866,394.7909,394.7909,394.7909,394.7909,394.7909,9474.9825,0.04033866,1973.9547,1822.2297,7895.8188,8047.5438,0.03361555,0.0342615,0.00168078,63.6720,71.2286,3.2736,143.0402,5.0692,3404.1435,43.6957,64.4793,63.5359,42.5677,43.0663,85.2079,124.7713,127.8119,154.8004,42.604,-41.336,2.967791,3.594466,1.478463,30,203,130,8,0.14604117,0.04201944,0.00608590,0E-8,0.000000,0.914292,0.640282,0.04207877,2026-03-23,2026-08-04,69,1947,1162,135,0.511111,1.014849,1.012680,0.486804,,,,,,,,GLOBAL_BASELINE_NO_ENTITY_RANKING,,,NOT_APPLICABLE_GLOBAL_BASELINE,HF9g-P5,,,,X 全窗基线 · 不参与实体赏罚,15050444,1506,A168_HF9F_20260827_0900,2026-08-27 09:00:00
2026-05-05,74657362,2267,0,86.1326442722,-86.1326442722,-86.1326442722,0E-7,1,1,0.49324550000000000,0.493245500000,-0.9865810262130424,-0.9865810262130424,-0.9865810262130424,0E-17,ELIGIBLE,R03b_20260811_FULL_v1,L1_ELIGIBILITY,v2026-08-11,2026-03-21..2026-08-06,baccarat_bet02_101_all_pairs_incl_sentinel,round_win = game_pnl > 0 (decisive only),COMPATIBILITY_ONLY_NOT_PRODUCTION,234885.8996,214754.2105,9869.7735,3689,3015,-0.04201944,-0.00608590,-0.04816467,-0.04201944,-9869.7735,234885.8996,OK,0.0000,394.7909,4.0000,96.0000,AG03-UNRESOLVED,ALL5_LEVELS_bet23_to_bet27,394.7909,394.7909,394.7909,394.7909,394.7909,4.000000,4.000000,4.000000,4.000000,4.000000,96.000000,96.000000,96.000000,96.000000,96.000000,5.0,1973.9547,1822.2297,7895.8188,8047.5438,PENDING_AG03,FALSE,NOT_FOR_ENFORCEMENT,9474.9825,206164.0421,9869.7735,9474.9825,394.7909,0.04201944,0.04033866,394.7909,9474.9825,0.04033866,394.7909,394.7909,394.7909,394.7909,394.7909,9474.9825,0.04033866,1973.9547,1822.2297,7895.8188,8047.5438,0.03361555,0.0342615,0.00168078,63.6720,71.2286,3.2736,143.0402,5.0692,3404.1435,43.6957,64.4793,63.5359,42.5677,43.0663,85.2079,124.7713,127.8119,154.8004,42.604,-41.336,2.967791,3.594466,1.478463,30,203,130,8,0.14604117,0.04201944,0.00608590,0E-8,0.000000,0.914292,0.640282,0.04207877,2026-03-23,2026-08-04,69,1947,1162,135,0.511111,1.014849,1.012680,0.486804,,,,,,,,GLOBAL_BASELINE_NO_ENTITY_RANKING,,,NOT_APPLICABLE_GLOBAL_BASELINE,HF9g-P5,,,,X 全窗基线 · 不参与实体赏罚,15050445,1506,A168_HF9F_20260827_0900,2026-08-27 09:00:00
2026-05-05,74657362,919,0,172.2652885444,0E-10,0E-10,0.3333333,3,3,0.49324550000000000,0.493245500000,-0.5540025479526107,-0.5540025479526106,-0.5540025479526107,0E-17,ELIGIBLE,R03b_20260811_FULL_v1,L1_ELIGIBILITY,v2026-08-11,2026-03-21..2026-08-06,baccarat_bet02_101_all_pairs_incl_sentinel,round_win = game_pnl > 0 (decisive only),COMPATIBILITY_ONLY_NOT_PRODUCTION,234885.8996,214754.2105,9869.7735,3689,3015,-0.04201944,-0.00608590,-0.04816467,-0.04201944,-9869.7735,234885.8996,OK,0.0000,394.7909,4.0000,96.0000,AG03-UNRESOLVED,ALL5_LEVELS_bet23_to_bet27,394.7909,394.7909,394.7909,394.7909,394.7909,4.000000,4.000000,4.000000,4.000000,4.000000,96.000000,96.000000,96.000000,96.000000,96.000000,5.0,1973.9547,1822.2297,7895.8188,8047.5438,PENDING_AG03,FALSE,NOT_FOR_ENFORCEMENT,9474.9825,206164.0421,9869.7735,9474.9825,394.7909,0.04201944,0.04033866,394.7909,9474.9825,0.04033866,394.7909,394.7909,394.7909,394.7909,394.7909,9474.9825,0.04033866,1973.9547,1822.2297,7895.8188,8047.5438,0.03361555,0.0342615,0.00168078,63.6720,71.2286,3.2736,143.0402,5.0692,3404.1435,43.6957,64.4793,63.5359,42.5677,43.0663,85.2079,124.7713,127.8119,154.8004,42.604,-41.336,2.967791,3.594466,1.478463,30,203,130,8,0.14604117,0.04201944,0.00608590,0E-8,0.000000,0.914292,0.640282,0.04207877,2026-03-23,2026-08-04,69,1947,1162,135,0.511111,1.014849,1.012680,0.486804,,,,,,,,GLOBAL_BASELINE_NO_ENTITY_RANKING,,,NOT_APPLICABLE_GLOBAL_BASELINE,HF9g-P5,,,,X 全窗基线 · 不参与实体赏罚,15050446,1506,A168_HF9F_20260827_0900,2026-08-27 09:00:00
2026-05-05,74657362,970,0,172.2652885444,0E-10,0E-10,0.5000000,4,4,0.49659680000000000,0.496596800000,0.013613115331600182,0.013613115331600183,0.013613115331600182,0E-17,ELIGIBLE,R03b_20260811_FULL_v1,L1_ELIGIBILITY,v2026-08-11,2026-03-21..2026-08-06,baccarat_bet02_101_all_pairs_incl_sentinel,round_win = game_pnl > 0 (decisive only),COMPATIBILITY_ONLY_NOT_PRODUCTION,234885.8996,214754.2105,9869.7735,3689,3015,-0.04201944,-0.00608590,-0.04816467,-0.04201944,-9869.7735,234885.8996,OK,0.0000,394.7909,4.0000,96.0000,AG03-UNRESOLVED,ALL5_LEVELS_bet23_to_bet27,394.7909,394.7909,394.7909,394.7909,394.7909,4.000000,4.000000,4.000000,4.000000,4.000000,96.000000,96.000000,96.000000,96.000000,96.000000,5.0,1973.9547,1822.2297,7895.8188,8047.5438,PENDING_AG03,FALSE,NOT_FOR_ENFORCEMENT,9474.9825,206164.0421,9869.7735,9474.9825,394.7909,0.04201944,0.04033866,394.7909,9474.9825,0.04033866,394.7909,394.7909,394.7909,394.7909,394.7909,9474.9825,0.04033866,1973.9547,1822.2297,7895.8188,8047.5438,0.03361555,0.0342615,0.00168078,63.6720,71.2286,3.2736,143.0402,5.0692,3404.1435,43.6957,64.4793,63.5359,42.5677,43.0663,85.2079,124.7713,127.8119,154.8004,42.604,-41.336,2.967791,3.594466,1.478463,30,203,130,8,0.14604117,0.04201944,0.00608590,0E-8,0.000000,0.914292,0.640282,0.04207877,2026-03-23,2026-08-04,69,1947,1162,135,0.511111,1.014849,1.012680,0.486804,,,,,,,,GLOBAL_BASELINE_NO_ENTITY_RANKING,,,NOT_APPLICABLE_GLOBAL_BASELINE,HF9g-P5,,,,X 全窗基线 · 不参与实体赏罚,15050447,1506,A168_HF9F_20260827_0900,2026-08-27 09:00:00
2026-05-06,74657362,-1,1,86.1326442722,-21.5331610681,-21.5331610681,0.5000000,2,2,0.49994810000000000,0.499948100000,0.00014679536856514622,0.00014679536856514622,0.00014679536856514622,0E-17,SENTINEL_DEALER,R03b_20260811_FULL_v1,L1_ELIGIBILITY,v2026-08-11,2026-03-21..2026-08-06,baccarat_bet02_101_all_pairs_incl_sentinel,round_win = game_pnl > 0 (decisive only),COMPATIBILITY_ONLY_NOT_PRODUCTION,234885.8996,214754.2105,9869.7735,3689,3015,-0.04201944,-0.00608590,-0.04816467,-0.04201944,-9869.7735,234885.8996,OK,0.0000,394.7909,4.0000,96.0000,AG03-UNRESOLVED,ALL5_LEVELS_bet23_to_bet27,394.7909,394.7909,394.7909,394.7909,394.7909,4.000000,4.000000,4.000000,4.000000,4.000000,96.000000,96.000000,96.000000,96.000000,96.000000,5.0,1973.9547,1822.2297,7895.8188,8047.5438,PENDING_AG03,FALSE,NOT_FOR_ENFORCEMENT,9474.9825,206164.0421,9869.7735,9474.9825,394.7909,0.04201944,0.04033866,394.7909,9474.9825,0.04033866,394.7909,394.7909,394.7909,394.7909,394.7909,9474.9825,0.04033866,1973.9547,1822.2297,7895.8188,8047.5438,0.03361555,0.0342615,0.00168078,63.6720,71.2286,3.2736,143.0402,5.0692,3404.1435,43.6957,64.4793,63.5359,42.5677,43.0663,85.2079,124.7713,127.8119,154.8004,42.604,-41.336,2.967791,3.594466,1.478463,30,203,130,8,0.14604117,0.04201944,0.00608590,0E-8,0.000000,0.914292,0.640282,0.04207877,2026-03-23,2026-08-04,69,1947,1162,135,0.511111,1.014849,1.012680,0.486804,,,,,,,,GLOBAL_BASELINE_NO_ENTITY_RANKING,,,NOT_APPLICABLE_GLOBAL_BASELINE,HF9g-P5,,,,X 全窗基线 · 不参与实体赏罚,15050448,1506,A168_HF9F_20260827_0900,2026-08-27 09:00:00
2026-05-06,74657362,1078,0,43.0663221361,-43.0663221361,-43.0663221361,0E-7,1,1,0.50665070000000000,0.506650700000,-1.013391052207602,-1.013391052207602,-1.013391052207602,0E-17,ELIGIBLE,R03b_20260811_FULL_v1,L1_ELIGIBILITY,v2026-08-11,2026-03-21..2026-08-06,baccarat_bet02_101_all_pairs_incl_sentinel,round_win = game_pnl > 0 (decisive only),COMPATIBILITY_ONLY_NOT_PRODUCTION,234885.8996,214754.2105,9869.7735,3689,3015,-0.04201944,-0.00608590,-0.04816467,-0.04201944,-9869.7735,234885.8996,OK,0.0000,394.7909,4.0000,96.0000,AG03-UNRESOLVED,ALL5_LEVELS_bet23_to_bet27,394.7909,394.7909,394.7909,394.7909,394.7909,4.000000,4.000000,4.000000,4.000000,4.000000,96.000000,96.000000,96.000000,96.000000,96.000000,5.0,1973.9547,1822.2297,7895.8188,8047.5438,PENDING_AG03,FALSE,NOT_FOR_ENFORCEMENT,9474.9825,206164.0421,9869.7735,9474.9825,394.7909,0.04201944,0.04033866,394.7909,9474.9825,0.04033866,394.7909,394.7909,394.7909,394.7909,394.7909,9474.9825,0.04033866,1973.9547,1822.2297,7895.8188,8047.5438,0.03361555,0.0342615,0.00168078,63.6720,71.2286,3.2736,143.0402,5.0692,3404.1435,43.6957,64.4793,63.5359,42.5677,43.0663,85.2079,124.7713,127.8119,154.8004,42.604,-41.336,2.967791,3.594466,1.478463,30,203,130,8,0.14604117,0.04201944,0.00608590,0E-8,0.000000,0.914292,0.640282,0.04207877,2026-03-23,2026-08-04,69,1947,1162,135,0.511111,1.014849,1.012680,0.486804,,,,,,,,GLOBAL_BASELINE_NO_ENTITY_RANKING,,,NOT_APPLICABLE_GLOBAL_BASELINE,HF9g-P5,,,,X 全窗基线 · 不参与实体赏罚,15050449,1506,A168_HF9F_20260827_0900,2026-08-27 09:00:00
2026-05-06,74657362,1400,0,43.0663221361,-43.0663221361,-43.0663221361,0E-7,1,1,0.49324550000000000,0.493245500000,-0.9865810262130424,-0.9865810262130424,-0.9865810262130424,0E-17,ELIGIBLE,R03b_20260811_FULL_v1,L1_ELIGIBILITY,v2026-08-11,2026-03-21..2026-08-06,baccarat_bet02_101_all_pairs_incl_sentinel,round_win = game_pnl > 0 (decisive only),COMPATIBILITY_ONLY_NOT_PRODUCTION,234885.8996,214754.2105,9869.7735,3689,3015,-0.04201944,-0.00608590,-0.04816467,-0.04201944,-9869.7735,234885.8996,OK,0.0000,394.7909,4.0000,96.0000,AG03-UNRESOLVED,ALL5_LEVELS_bet23_to_bet27,394.7909,394.7909,394.7909,394.7909,394.7909,4.000000,4.000000,4.000000,4.000000,4.000000,96.000000,96.000000,96.000000,96.000000,96.000000,5.0,1973.9547,1822.2297,7895.8188,8047.5438,PENDING_AG03,FALSE,NOT_FOR_ENFORCEMENT,9474.9825,206164.0421,9869.7735,9474.9825,394.7909,0.04201944,0.04033866,394.7909,9474.9825,0.04033866,394.7909,394.7909,394.7909,394.7909,394.7909,9474.9825,0.04033866,1973.9547,1822.2297,7895.8188,8047.5438,0.03361555,0.0342615,0.00168078,63.6720,71.2286,3.2736,143.0402,5.0692,3404.1435,43.6957,64.4793,63.5359,42.5677,43.0663,85.2079,124.7713,127.8119,154.8004,42.604,-41.336,2.967791,3.594466,1.478463,30,203,130,8,0.14604117,0.04201944,0.00608590,0E-8,0.000000,0.914292,0.640282,0.04207877,2026-03-23,2026-08-04,69,1947,1162,135,0.511111,1.014849,1.012680,0.486804,,,,,,,,GLOBAL_BASELINE_NO_ENTITY_RANKING,,,NOT_APPLICABLE_GLOBAL_BASELINE,HF9g-P5,,,,X 全窗基线 · 不参与实体赏罚,15050450,1506,A168_HF9F_20260827_0900,2026-08-27 09:00:00
2026-05-06,74657362,1646,0,20.6718346253,-20.6718346253,-20.6718346253,0E-7,1,1,0.49324550000000000,0.493245500000,-0.9865810262130424,-0.9865810262130424,-0.9865810262130424,0E-17,ELIGIBLE,R03b_20260811_FULL_v1,L1_ELIGIBILITY,v2026-08-11,2026-03-21..2026-08-06,baccarat_bet02_101_all_pairs_incl_sentinel,round_win = game_pnl > 0 (decisive only),COMPATIBILITY_ONLY_NOT_PRODUCTION,234885.8996,214754.2105,9869.7735,3689,3015,-0.04201944,-0.00608590,-0.04816467,-0.04201944,-9869.7735,234885.8996,OK,0.0000,394.7909,4.0000,96.0000,AG03-UNRESOLVED,ALL5_LEVELS_bet23_to_bet27,394.7909,394.7909,394.7909,394.7909,394.7909,4.000000,4.000000,4.000000,4.000000,4.000000,96.000000,96.000000,96.000000,96.000000,96.000000,5.0,1973.9547,1822.2297,7895.8188,8047.5438,PENDING_AG03,FALSE,NOT_FOR_ENFORCEMENT,9474.9825,206164.0421,9869.7735,9474.9825,394.7909,0.04201944,0.04033866,394.7909,9474.9825,0.04033866,394.7909,394.7909,394.7909,394.7909,394.7909,9474.9825,0.04033866,1973.9547,1822.2297,7895.8188,8047.5438,0.03361555,0.0342615,0.00168078,63.6720,71.2286,3.2736,143.0402,5.0692,3404.1435,43.6957,64.4793,63.5359,42.5677,43.0663,85.2079,124.7713,127.8119,154.8004,42.604,-41.336,2.967791,3.594466,1.478463,30,203,130,8,0.14604117,0.04201944,0.00608590,0E-8,0.000000,0.914292,0.640282,0.04207877,2026-03-23,2026-08-04,69,1947,1162,135,0.511111,1.014849,1.012680,0.486804,,,,,,,,GLOBAL_BASELINE_NO_ENTITY_RANKING,,,NOT_APPLICABLE_GLOBAL_BASELINE,HF9g-P5,,,,X 全窗基线 · 不参与实体赏罚,15050451,1506,A168_HF9F_20260827_0900,2026-08-27 09:00:00
2026-05-06,74657362,1957,0,43.0663221361,-43.0663221361,-43.0663221361,0E-7,1,1,0.50665070000000000,0.506650700000,-1.013391052207602,-1.013391052207602,-1.013391052207602,0E-17,ELIGIBLE,R03b_20260811_FULL_v1,L1_ELIGIBILITY,v2026-08-11,2026-03-21..2026-08-06,baccarat_bet02_101_all_pairs_incl_sentinel,round_win = game_pnl > 0 (decisive only),COMPATIBILITY_ONLY_NOT_PRODUCTION,234885.8996,214754.2105,9869.7735,3689,3015,-0.04201944,-0.00608590,-0.04816467,-0.04201944,-9869.7735,234885.8996,OK,0.0000,394.7909,4.0000,96.0000,AG03-UNRESOLVED,ALL5_LEVELS_bet23_to_bet27,394.7909,394.7909,394.7909,394.7909,394.7909,4.000000,4.000000,4.000000,4.000000,4.000000,96.000000,96.000000,96.000000,96.000000,96.000000,5.0,1973.9547,1822.2297,7895.8188,8047.5438,PENDING_AG03,FALSE,NOT_FOR_ENFORCEMENT,9474.9825,206164.0421,9869.7735,9474.9825,394.7909,0.04201944,0.04033866,394.7909,9474.9825,0.04033866,394.7909,394.7909,394.7909,394.7909,394.7909,9474.9825,0.04033866,1973.9547,1822.2297,7895.8188,8047.5438,0.03361555,0.0342615,0.00168078,63.6720,71.2286,3.2736,143.0402,5.0692,3404.1435,43.6957,64.4793,63.5359,42.5677,43.0663,85.2079,124.7713,127.8119,154.8004,42.604,-41.336,2.967791,3.594466,1.478463,30,203,130,8,0.14604117,0.04201944,0.00608590,0E-8,0.000000,0.914292,0.640282,0.04207877,2026-03-23,2026-08-04,69,1947,1162,135,0.511111,1.014849,1.012680,0.486804,,,,,,,,GLOBAL_BASELINE_NO_ENTITY_RANKING,,,NOT_APPLICABLE_GLOBAL_BASELINE,HF9g-P5,,,,X 全窗基线 · 不参与实体赏罚,15050452,1506,A168_HF9F_20260827_0900,2026-08-27 09:00:00
2026-05-06,74657362,2129,0,43.0663221361,-43.0663221361,-43.0663221361,0E-7,1,1,0.49324550000000000,0.493245500000,-0.9865810262130424,-0.9865810262130424,-0.9865810262130424,0E-17,ELIGIBLE,R03b_20260811_FULL_v1,L1_ELIGIBILITY,v2026-08-11,2026-03-21..2026-08-06,baccarat_bet02_101_all_pairs_incl_sentinel,round_win = game_pnl > 0 (decisive only),COMPATIBILITY_ONLY_NOT_PRODUCTION,234885.8996,214754.2105,9869.7735,3689,3015,-0.04201944,-0.00608590,-0.04816467,-0.04201944,-9869.7735,234885.8996,OK,0.0000,394.7909,4.0000,96.0000,AG03-UNRESOLVED,ALL5_LEVELS_bet23_to_bet27,394.7909,394.7909,394.7909,394.7909,394.7909,4.000000,4.000000,4.000000,4.000000,4.000000,96.000000,96.000000,96.000000,96.000000,96.000000,5.0,1973.9547,1822.2297,7895.8188,8047.5438,PENDING_AG03,FALSE,NOT_FOR_ENFORCEMENT,9474.9825,206164.0421,9869.7735,9474.9825,394.7909,0.04201944,0.04033866,394.7909,9474.9825,0.04033866,394.7909,394.7909,394.7909,394.7909,394.7909,9474.9825,0.04033866,1973.9547,1822.2297,7895.8188,8047.5438,0.03361555,0.0342615,0.00168078,63.6720,71.2286,3.2736,143.0402,5.0692,3404.1435,43.6957,64.4793,63.5359,42.5677,43.0663,85.2079,124.7713,127.8119,154.8004,42.604,-41.336,2.967791,3.594466,1.478463,30,203,130,8,0.14604117,0.04201944,0.00608590,0E-8,0.000000,0.914292,0.640282,0.04207877,2026-03-23,2026-08-04,69,1947,1162,135,0.511111,1.014849,1.012680,0.486804,,,,,,,,GLOBAL_BASELINE_NO_ENTITY_RANKING,,,NOT_APPLICABLE_GLOBAL_BASELINE,HF9g-P5,,,,X 全窗基线 · 不参与实体赏罚,15050453,1506,A168_HF9F_20260827_0900,2026-08-27 09:00:00
2026-05-06,74657362,2156,0,43.0663221361,43.0663221361,43.0663221361,1.0000000,1,1,0.50665070000000000,0.506650700000,0.9867858985152569,0.9867858985152569,0.9867858985152569,0E-17,ELIGIBLE,R03b_20260811_FULL_v1,L1_ELIGIBILITY,v2026-08-11,2026-03-21..2026-08-06,baccarat_bet02_101_all_pairs_incl_sentinel,round_win = game_pnl > 0 (decisive only),COMPATIBILITY_ONLY_NOT_PRODUCTION,234885.8996,214754.2105,9869.7735,3689,3015,-0.04201944,-0.00608590,-0.04816467,-0.04201944,-9869.7735,234885.8996,OK,0.0000,394.7909,4.0000,96.0000,AG03-UNRESOLVED,ALL5_LEVELS_bet23_to_bet27,394.7909,394.7909,394.7909,394.7909,394.7909,4.000000,4.000000,4.000000,4.000000,4.000000,96.000000,96.000000,96.000000,96.000000,96.000000,5.0,1973.9547,1822.2297,7895.8188,8047.5438,PENDING_AG03,FALSE,NOT_FOR_ENFORCEMENT,9474.9825,206164.0421,9869.7735,9474.9825,394.7909,0.04201944,0.04033866,394.7909,9474.9825,0.04033866,394.7909,394.7909,394.7909,394.7909,394.7909,9474.9825,0.04033866,1973.9547,1822.2297,7895.8188,8047.5438,0.03361555,0.0342615,0.00168078,63.6720,71.2286,3.2736,143.0402,5.0692,3404.1435,43.6957,64.4793,63.5359,42.5677,43.0663,85.2079,124.7713,127.8119,154.8004,42.604,-41.336,2.967791,3.594466,1.478463,30,203,130,8,0.14604117,0.04201944,0.00608590,0E-8,0.000000,0.914292,0.640282,0.04207877,2026-03-23,2026-08-04,69,1947,1162,135,0.511111,1.014849,1.012680,0.486804,,,,,,,,GLOBAL_BASELINE_NO_ENTITY_RANKING,,,NOT_APPLICABLE_GLOBAL_BASELINE,HF9g-P5,,,,X 全窗基线 · 不参与实体赏罚,15050454,1506,A168_HF9F_20260827_0900,2026-08-27 09:00:00
2026-05-06,74657362,2169,0,43.0663221361,-43.0663221361,-43.0663221361,0E-7,1,1,0.49324550000000000,0.493245500000,-0.9865810262130424,-0.9865810262130424,-0.9865810262130424,0E-17,ELIGIBLE,R03b_20260811_FULL_v1,L1_ELIGIBILITY,v2026-08-11,2026-03-21..2026-08-06,baccarat_bet02_101_all_pairs_incl_sentinel,round_win = game_pnl > 0 (decisive only),COMPATIBILITY_ONLY_NOT_PRODUCTION,234885.8996,214754.2105,9869.7735,3689,3015,-0.04201944,-0.00608590,-0.04816467,-0.04201944,-9869.7735,234885.8996,OK,0.0000,394.7909,4.0000,96.0000,AG03-UNRESOLVED,ALL5_LEVELS_bet23_to_bet27,394.7909,394.7909,394.7909,394.7909,394.7909,4.000000,4.000000,4.000000,4.000000,4.000000,96.000000,96.000000,96.000000,96.000000,96.000000,5.0,1973.9547,1822.2297,7895.8188,8047.5438,PENDING_AG03,FALSE,NOT_FOR_ENFORCEMENT,9474.9825,206164.0421,9869.7735,9474.9825,394.7909,0.04201944,0.04033866,394.7909,9474.9825,0.04033866,394.7909,394.7909,394.7909,394.7909,394.7909,9474.9825,0.04033866,1973.9547,1822.2297,7895.8188,8047.5438,0.03361555,0.0342615,0.00168078,63.6720,71.2286,3.2736,143.0402,5.0692,3404.1435,43.6957,64.4793,63.5359,42.5677,43.0663,85.2079,124.7713,127.8119,154.8004,42.604,-41.336,2.967791,3.594466,1.478463,30,203,130,8,0.14604117,0.04201944,0.00608590,0E-8,0.000000,0.914292,0.640282,0.04207877,2026-03-23,2026-08-04,69,1947,1162,135,0.511111,1.014849,1.012680,0.486804,,,,,,,,GLOBAL_BASELINE_NO_ENTITY_RANKING,,,NOT_APPLICABLE_GLOBAL_BASELINE,HF9g-P5,,,,X 全窗基线 · 不参与实体赏罚,15050455,1506,A168_HF9F_20260827_0900,2026-08-27 09:00:00
2026-05-06,74657362,2174,0,108.5271317830,42.2049956933,42.2049956933,0.6666667,3,3,0.50665070000000000,0.506650700000,0.5543606114942035,0.5543606114942035,0.5543606114942035,0E-17,ELIGIBLE,R03b_20260811_FULL_v1,L1_ELIGIBILITY,v2026-08-11,2026-03-21..2026-08-06,baccarat_bet02_101_all_pairs_incl_sentinel,round_win = game_pnl > 0 (decisive only),COMPATIBILITY_ONLY_NOT_PRODUCTION,234885.8996,214754.2105,9869.7735,3689,3015,-0.04201944,-0.00608590,-0.04816467,-0.04201944,-9869.7735,234885.8996,OK,0.0000,394.7909,4.0000,96.0000,AG03-UNRESOLVED,ALL5_LEVELS_bet23_to_bet27,394.7909,394.7909,394.7909,394.7909,394.7909,4.000000,4.000000,4.000000,4.000000,4.000000,96.000000,96.000000,96.000000,96.000000,96.000000,5.0,1973.9547,1822.2297,7895.8188,8047.5438,PENDING_AG03,FALSE,NOT_FOR_ENFORCEMENT,9474.9825,206164.0421,9869.7735,9474.9825,394.7909,0.04201944,0.04033866,394.7909,9474.9825,0.04033866,394.7909,394.7909,394.7909,394.7909,394.7909,9474.9825,0.04033866,1973.9547,1822.2297,7895.8188,8047.5438,0.03361555,0.0342615,0.00168078,63.6720,71.2286,3.2736,143.0402,5.0692,3404.1435,43.6957,64.4793,63.5359,42.5677,43.0663,85.2079,124.7713,127.8119,154.8004,42.604,-41.336,2.967791,3.594466,1.478463,30,203,130,8,0.14604117,0.04201944,0.00608590,0E-8,0.000000,0.914292,0.640282,0.04207877,2026-03-23,2026-08-04,69,1947,1162,135,0.511111,1.014849,1.012680,0.486804,,,,,,,,GLOBAL_BASELINE_NO_ENTITY_RANKING,,,NOT_APPLICABLE_GLOBAL_BASELINE,HF9g-P5,,,,X 全窗基线 · 不参与实体赏罚,15050456,1506,A168_HF9F_20260827_0900,2026-08-27 09:00:00
2026-05-06,74657362,2246,0,43.0663221361,-43.0663221361,-43.0663221361,0E-7,1,1,0.49324550000000000,0.493245500000,-0.9865810262130424,-0.9865810262130424,-0.9865810262130424,0E-17,ELIGIBLE,R03b_20260811_FULL_v1,L1_ELIGIBILITY,v2026-08-11,2026-03-21..2026-08-06,baccarat_bet02_101_all_pairs_incl_sentinel,round_win = game_pnl > 0 (decisive only),COMPATIBILITY_ONLY_NOT_PRODUCTION,234885.8996,214754.2105,9869.7735,3689,3015,-0.04201944,-0.00608590,-0.04816467,-0.04201944,-9869.7735,234885.8996,OK,0.0000,394.7909,4.0000,96.0000,AG03-UNRESOLVED,ALL5_LEVELS_bet23_to_bet27,394.7909,394.7909,394.7909,394.7909,394.7909,4.000000,4.000000,4.000000,4.000000,4.000000,96.000000,96.000000,96.000000,96.000000,96.000000,5.0,1973.9547,1822.2297,7895.8188,8047.5438,PENDING_AG03,FALSE,NOT_FOR_ENFORCEMENT,9474.9825,206164.0421,9869.7735,9474.9825,394.7909,0.04201944,0.04033866,394.7909,9474.9825,0.04033866,394.7909,394.7909,394.7909,394.7909,394.7909,9474.9825,0.04033866,1973.9547,1822.2297,7895.8188,8047.5438,0.03361555,0.0342615,0.00168078,63.6720,71.2286,3.2736,143.0402,5.0692,3404.1435,43.6957,64.4793,63.5359,42.5677,43.0663,85.2079,124.7713,127.8119,154.8004,42.604,-41.336,2.967791,3.594466,1.478463,30,203,130,8,0.14604117,0.04201944,0.00608590,0E-8,0.000000,0.914292,0.640282,0.04207877,2026-03-23,2026-08-04,69,1947,1162,135,0.511111,1.014849,1.012680,0.486804,,,,,,,,GLOBAL_BASELINE_NO_ENTITY_RANKING,,,NOT_APPLICABLE_GLOBAL_BASELINE,HF9g-P5,,,,X 全窗基线 · 不参与实体赏罚,15050457,1506,A168_HF9F_20260827_0900,2026-08-27 09:00:00
2026-05-06,74657362,2248,0,43.0663221361,-43.0663221361,-43.0663221361,0E-7,1,1,0.49324550000000000,0.493245500000,-0.9865810262130424,-0.9865810262130424,-0.9865810262130424,0E-17,ELIGIBLE,R03b_20260811_FULL_v1,L1_ELIGIBILITY,v2026-08-11,2026-03-21..2026-08-06,baccarat_bet02_101_all_pairs_incl_sentinel,round_win = game_pnl > 0 (decisive only),COMPATIBILITY_ONLY_NOT_PRODUCTION,234885.8996,214754.2105,9869.7735,3689,3015,-0.04201944,-0.00608590,-0.04816467,-0.04201944,-9869.7735,234885.8996,OK,0.0000,394.7909,4.0000,96.0000,AG03-UNRESOLVED,ALL5_LEVELS_bet23_to_bet27,394.7909,394.7909,394.7909,394.7909,394.7909,4.000000,4.000000,4.000000,4.000000,4.000000,96.000000,96.000000,96.000000,96.000000,96.000000,5.0,1973.9547,1822.2297,7895.8188,8047.5438,PENDING_AG03,FALSE,NOT_FOR_ENFORCEMENT,9474.9825,206164.0421,9869.7735,9474.9825,394.7909,0.04201944,0.04033866,394.7909,9474.9825,0.04033866,394.7909,394.7909,394.7909,394.7909,394.7909,9474.9825,0.04033866,1973.9547,1822.2297,7895.8188,8047.5438,0.03361555,0.0342615,0.00168078,63.6720,71.2286,3.2736,143.0402,5.0692,3404.1435,43.6957,64.4793,63.5359,42.5677,43.0663,85.2079,124.7713,127.8119,154.8004,42.604,-41.336,2.967791,3.594466,1.478463,30,203,130,8,0.14604117,0.04201944,0.00608590,0E-8,0.000000,0.914292,0.640282,0.04207877,2026-03-23,2026-08-04,69,1947,1162,135,0.511111,1.014849,1.012680,0.486804,,,,,,,,GLOBAL_BASELINE_NO_ENTITY_RANKING,,,NOT_APPLICABLE_GLOBAL_BASELINE,HF9g-P5,,,,X 全窗基线 · 不参与实体赏罚,15050458,1506,A168_HF9F_20260827_0900,2026-08-27 09:00:00
2026-05-07,74657362,-1,1,215.3316106805,0E-10,0E-10,0.5000000,5,5,0.49860758000000000,0.498607580000,0.005569701597489473,0.005569701597489473,0.005569701597489473,0E-17,SENTINEL_DEALER,R03b_20260811_FULL_v1,L1_ELIGIBILITY,v2026-08-11,2026-03-21..2026-08-06,baccarat_bet02_101_all_pairs_incl_sentinel,round_win = game_pnl > 0 (decisive only),COMPATIBILITY_ONLY_NOT_PRODUCTION,234885.8996,214754.2105,9869.7735,3689,3015,-0.04201944,-0.00608590,-0.04816467,-0.04201944,-9869.7735,234885.8996,OK,0.0000,394.7909,4.0000,96.0000,AG03-UNRESOLVED,ALL5_LEVELS_bet23_to_bet27,394.7909,394.7909,394.7909,394.7909,394.7909,4.000000,4.000000,4.000000,4.000000,4.000000,96.000000,96.000000,96.000000,96.000000,96.000000,5.0,1973.9547,1822.2297,7895.8188,8047.5438,PENDING_AG03,FALSE,NOT_FOR_ENFORCEMENT,9474.9825,206164.0421,9869.7735,9474.9825,394.7909,0.04201944,0.04033866,394.7909,9474.9825,0.04033866,394.7909,394.7909,394.7909,394.7909,394.7909,9474.9825,0.04033866,1973.9547,1822.2297,7895.8188,8047.5438,0.03361555,0.0342615,0.00168078,63.6720,71.2286,3.2736,143.0402,5.0692,3404.1435,43.6957,64.4793,63.5359,42.5677,43.0663,85.2079,124.7713,127.8119,154.8004,42.604,-41.336,2.967791,3.594466,1.478463,30,203,130,8,0.14604117,0.04201944,0.00608590,0E-8,0.000000,0.914292,0.640282,0.04207877,2026-03-23,2026-08-04,69,1947,1162,135,0.511111,1.014849,1.012680,0.486804,,,,,,,,GLOBAL_BASELINE_NO_ENTITY_RANKING,,,NOT_APPLICABLE_GLOBAL_BASELINE,HF9g-P5,,,,X 全窗基线 · 不参与实体赏罚,15050459,1506,A168_HF9F_20260827_0900,2026-08-27 09:00:00
2026-05-07,74657362,1330,0,43.0663221361,43.0663221361,43.0663221361,1.0000000,1,1,0.49324550000000000,0.493245500000,1.01360149184955,1.01360149184955,1.01360149184955,0E-17,ELIGIBLE,R03b_20260811_FULL_v1,L1_ELIGIBILITY,v2026-08-11,2026-03-21..2026-08-06,baccarat_bet02_101_all_pairs_incl_sentinel,round_win = game_pnl > 0 (decisive only),COMPATIBILITY_ONLY_NOT_PRODUCTION,234885.8996,214754.2105,9869.7735,3689,3015,-0.04201944,-0.00608590,-0.04816467,-0.04201944,-9869.7735,234885.8996,OK,0.0000,394.7909,4.0000,96.0000,AG03-UNRESOLVED,ALL5_LEVELS_bet23_to_bet27,394.7909,394.7909,394.7909,394.7909,394.7909,4.000000,4.000000,4.000000,4.000000,4.000000,96.000000,96.000000,96.000000,96.000000,96.000000,5.0,1973.9547,1822.2297,7895.8188,8047.5438,PENDING_AG03,FALSE,NOT_FOR_ENFORCEMENT,9474.9825,206164.0421,9869.7735,9474.9825,394.7909,0.04201944,0.04033866,394.7909,9474.9825,0.04033866,394.7909,394.7909,394.7909,394.7909,394.7909,9474.9825,0.04033866,1973.9547,1822.2297,7895.8188,8047.5438,0.03361555,0.0342615,0.00168078,63.6720,71.2286,3.2736,143.0402,5.0692,3404.1435,43.6957,64.4793,63.5359,42.5677,43.0663,85.2079,124.7713,127.8119,154.8004,42.604,-41.336,2.967791,3.594466,1.478463,30,203,130,8,0.14604117,0.04201944,0.00608590,0E-8,0.000000,0.914292,0.640282,0.04207877,2026-03-23,2026-08-04,69,1947,1162,135,0.511111,1.014849,1.012680,0.486804,,,,,,,,GLOBAL_BASELINE_NO_ENTITY_RANKING,,,NOT_APPLICABLE_GLOBAL_BASELINE,HF9g-P5,,,,X 全窗基线 · 不参与实体赏罚,15050460,1506,A168_HF9F_20260827_0900,2026-08-27 09:00:00
2026-05-07,74657362,1396,0,86.1326442722,-86.1326442722,-86.1326442722,0E-7,1,1,0.49324550000000000,0.493245500000,-0.9865810262130424,-0.9865810262130424,-0.9865810262130424,0E-17,ELIGIBLE,R03b_20260811_FULL_v1,L1_ELIGIBILITY,v2026-08-11,2026-03-21..2026-08-06,baccarat_bet02_101_all_pairs_incl_sentinel,round_win = game_pnl > 0 (decisive only),COMPATIBILITY_ONLY_NOT_PRODUCTION,234885.8996,214754.2105,9869.7735,3689,3015,-0.04201944,-0.00608590,-0.04816467,-0.04201944,-9869.7735,234885.8996,OK,0.0000,394.7909,4.0000,96.0000,AG03-UNRESOLVED,ALL5_LEVELS_bet23_to_bet27,394.7909,394.7909,394.7909,394.7909,394.7909,4.000000,4.000000,4.000000,4.000000,4.000000,96.000000,96.000000,96.000000,96.000000,96.000000,5.0,1973.9547,1822.2297,7895.8188,8047.5438,PENDING_AG03,FALSE,NOT_FOR_ENFORCEMENT,9474.9825,206164.0421,9869.7735,9474.9825,394.7909,0.04201944,0.04033866,394.7909,9474.9825,0.04033866,394.7909,394.7909,394.7909,394.7909,394.7909,9474.9825,0.04033866,1973.9547,1822.2297,7895.8188,8047.5438,0.03361555,0.0342615,0.00168078,63.6720,71.2286,3.2736,143.0402,5.0692,3404.1435,43.6957,64.4793,63.5359,42.5677,43.0663,85.2079,124.7713,127.8119,154.8004,42.604,-41.336,2.967791,3.594466,1.478463,30,203,130,8,0.14604117,0.04201944,0.00608590,0E-8,0.000000,0.914292,0.640282,0.04207877,2026-03-23,2026-08-04,69,1947,1162,135,0.511111,1.014849,1.012680,0.486804,,,,,,,,GLOBAL_BASELINE_NO_ENTITY_RANKING,,,NOT_APPLICABLE_GLOBAL_BASELINE,HF9g-P5,,,,X 全窗基线 · 不参与实体赏罚,15050461,1506,A168_HF9F_20260827_0900,2026-08-27 09:00:00
2026-05-07,74657362,1485,0,43.0663221361,-43.0663221361,-43.0663221361,0E-7,1,1,0.49324550000000000,0.493245500000,-0.9865810262130424,-0.9865810262130424,-0.9865810262130424,0E-17,ELIGIBLE,R03b_20260811_FULL_v1,L1_ELIGIBILITY,v2026-08-11,2026-03-21..2026-08-06,baccarat_bet02_101_all_pairs_incl_sentinel,round_win = game_pnl > 0 (decisive only),COMPATIBILITY_ONLY_NOT_PRODUCTION,234885.8996,214754.2105,9869.7735,3689,3015,-0.04201944,-0.00608590,-0.04816467,-0.04201944,-9869.7735,234885.8996,OK,0.0000,394.7909,4.0000,96.0000,AG03-UNRESOLVED,ALL5_LEVELS_bet23_to_bet27,394.7909,394.7909,394.7909,394.7909,394.7909,4.000000,4.000000,4.000000,4.000000,4.000000,96.000000,96.000000,96.000000,96.000000,96.000000,5.0,1973.9547,1822.2297,7895.8188,8047.5438,PENDING_AG03,FALSE,NOT_FOR_ENFORCEMENT,9474.9825,206164.0421,9869.7735,9474.9825,394.7909,0.04201944,0.04033866,394.7909,9474.9825,0.04033866,394.7909,394.7909,394.7909,394.7909,394.7909,9474.9825,0.04033866,1973.9547,1822.2297,7895.8188,8047.5438,0.03361555,0.0342615,0.00168078,63.6720,71.2286,3.2736,143.0402,5.0692,3404.1435,43.6957,64.4793,63.5359,42.5677,43.0663,85.2079,124.7713,127.8119,154.8004,42.604,-41.336,2.967791,3.594466,1.478463,30,203,130,8,0.14604117,0.04201944,0.00608590,0E-8,0.000000,0.914292,0.640282,0.04207877,2026-03-23,2026-08-04,69,1947,1162,135,0.511111,1.014849,1.012680,0.486804,,,,,,,,GLOBAL_BASELINE_NO_ENTITY_RANKING,,,NOT_APPLICABLE_GLOBAL_BASELINE,HF9g-P5,,,,X 全窗基线 · 不参与实体赏罚,15050462,1506,A168_HF9F_20260827_0900,2026-08-27 09:00:00
2026-05-07,74657362,1963,0,43.0663221361,-43.0663221361,-43.0663221361,0E-7,1,1,0.49324550000000000,0.493245500000,-0.9865810262130424,-0.9865810262130424,-0.9865810262130424,0E-17,ELIGIBLE,R03b_20260811_FULL_v1,L1_ELIGIBILITY,v2026-08-11,2026-03-21..2026-08-06,baccarat_bet02_101_all_pairs_incl_sentinel,round_win = game_pnl > 0 (decisive only),COMPATIBILITY_ONLY_NOT_PRODUCTION,234885.8996,214754.2105,9869.7735,3689,3015,-0.04201944,-0.00608590,-0.04816467,-0.04201944,-9869.7735,234885.8996,OK,0.0000,394.7909,4.0000,96.0000,AG03-UNRESOLVED,ALL5_LEVELS_bet23_to_bet27,394.7909,394.7909,394.7909,394.7909,394.7909,4.000000,4.000000,4.000000,4.000000,4.000000,96.000000,96.000000,96.000000,96.000000,96.000000,5.0,1973.9547,1822.2297,7895.8188,8047.5438,PENDING_AG03,FALSE,NOT_FOR_ENFORCEMENT,9474.9825,206164.0421,9869.7735,9474.9825,394.7909,0.04201944,0.04033866,394.7909,9474.9825,0.04033866,394.7909,394.7909,394.7909,394.7909,394.7909,9474.9825,0.04033866,1973.9547,1822.2297,7895.8188,8047.5438,0.03361555,0.0342615,0.00168078,63.6720,71.2286,3.2736,143.0402,5.0692,3404.1435,43.6957,64.4793,63.5359,42.5677,43.0663,85.2079,124.7713,127.8119,154.8004,42.604,-41.336,2.967791,3.594466,1.478463,30,203,130,8,0.14604117,0.04201944,0.00608590,0E-8,0.000000,0.914292,0.640282,0.04207877,2026-03-23,2026-08-04,69,1947,1162,135,0.511111,1.014849,1.012680,0.486804,,,,,,,,GLOBAL_BASELINE_NO_ENTITY_RANKING,,,NOT_APPLICABLE_GLOBAL_BASELINE,HF9g-P5,,,,X 全窗基线 · 不参与实体赏罚,15050463,1506,A168_HF9F_20260827_0900,2026-08-27 09:00:00
2026-05-07,74657362,1994,0,43.0663221361,-43.0663221361,-43.0663221361,0E-7,1,1,0.49324550000000000,0.493245500000,-0.9865810262130424,-0.9865810262130424,-0.9865810262130424,0E-17,ELIGIBLE,R03b_20260811_FULL_v1,L1_ELIGIBILITY,v2026-08-11,2026-03-21..2026-08-06,baccarat_bet02_101_all_pairs_incl_sentinel,round_win = game_pnl > 0 (decisive only),COMPATIBILITY_ONLY_NOT_PRODUCTION,234885.8996,214754.2105,9869.7735,3689,3015,-0.04201944,-0.00608590,-0.04816467,-0.04201944,-9869.7735,234885.8996,OK,0.0000,394.7909,4.0000,96.0000,AG03-UNRESOLVED,ALL5_LEVELS_bet23_to_bet27,394.7909,394.7909,394.7909,394.7909,394.7909,4.000000,4.000000,4.000000,4.000000,4.000000,96.000000,96.000000,96.000000,96.000000,96.000000,5.0,1973.9547,1822.2297,7895.8188,8047.5438,PENDING_AG03,FALSE,NOT_FOR_ENFORCEMENT,9474.9825,206164.0421,9869.7735,9474.9825,394.7909,0.04201944,0.04033866,394.7909,9474.9825,0.04033866,394.7909,394.7909,394.7909,394.7909,394.7909,9474.9825,0.04033866,1973.9547,1822.2297,7895.8188,8047.5438,0.03361555,0.0342615,0.00168078,63.6720,71.2286,3.2736,143.0402,5.0692,3404.1435,43.6957,64.4793,63.5359,42.5677,43.0663,85.2079,124.7713,127.8119,154.8004,42.604,-41.336,2.967791,3.594466,1.478463,30,203,130,8,0.14604117,0.04201944,0.00608590,0E-8,0.000000,0.914292,0.640282,0.04207877,2026-03-23,2026-08-04,69,1947,1162,135,0.511111,1.014849,1.012680,0.486804,,,,,,,,GLOBAL_BASELINE_NO_ENTITY_RANKING,,,NOT_APPLICABLE_GLOBAL_BASELINE,HF9g-P5,,,,X 全窗基线 · 不参与实体赏罚,15050464,1506,A168_HF9F_20260827_0900,2026-08-27 09:00:00
2026-05-07,74657362,2106,0,86.1326442722,-86.1326442722,-86.1326442722,0E-7,1,1,0.49324550000000000,0.493245500000,-0.9865810262130424,-0.9865810262130424,-0.9865810262130424,0E-17,ELIGIBLE,R03b_20260811_FULL_v1,L1_ELIGIBILITY,v2026-08-11,2026-03-21..2026-08-06,baccarat_bet02_101_all_pairs_incl_sentinel,round_win = game_pnl > 0 (decisive only),COMPATIBILITY_ONLY_NOT_PRODUCTION,234885.8996,214754.2105,9869.7735,3689,3015,-0.04201944,-0.00608590,-0.04816467,-0.04201944,-9869.7735,234885.8996,OK,0.0000,394.7909,4.0000,96.0000,AG03-UNRESOLVED,ALL5_LEVELS_bet23_to_bet27,394.7909,394.7909,394.7909,394.7909,394.7909,4.000000,4.000000,4.000000,4.000000,4.000000,96.000000,96.000000,96.000000,96.000000,96.000000,5.0,1973.9547,1822.2297,7895.8188,8047.5438,PENDING_AG03,FALSE,NOT_FOR_ENFORCEMENT,9474.9825,206164.0421,9869.7735,9474.9825,394.7909,0.04201944,0.04033866,394.7909,9474.9825,0.04033866,394.7909,394.7909,394.7909,394.7909,394.7909,9474.9825,0.04033866,1973.9547,1822.2297,7895.8188,8047.5438,0.03361555,0.0342615,0.00168078,63.6720,71.2286,3.2736,143.0402,5.0692,3404.1435,43.6957,64.4793,63.5359,42.5677,43.0663,85.2079,124.7713,127.8119,154.8004,42.604,-41.336,2.967791,3.594466,1.478463,30,203,130,8,0.14604117,0.04201944,0.00608590,0E-8,0.000000,0.914292,0.640282,0.04207877,2026-03-23,2026-08-04,69,1947,1162,135,0.511111,1.014849,1.012680,0.486804,,,,,,,,GLOBAL_BASELINE_NO_ENTITY_RANKING,,,NOT_APPLICABLE_GLOBAL_BASELINE,HF9g-P5,,,,X 全窗基线 · 不参与实体赏罚,15050465,1506,A168_HF9F_20260827_0900,2026-08-27 09:00:00
2026-05-07,74657362,2152,0,43.0663221361,-43.0663221361,-43.0663221361,0E-7,1,1,0.49324550000000000,0.493245500000,-0.9865810262130424,-0.9865810262130424,-0.9865810262130424,0E-17,ELIGIBLE,R03b_20260811_FULL_v1,L1_ELIGIBILITY,v2026-08-11,2026-03-21..2026-08-06,baccarat_bet02_101_all_pairs_incl_sentinel,round_win = game_pnl > 0 (decisive only),COMPATIBILITY_ONLY_NOT_PRODUCTION,234885.8996,214754.2105,9869.7735,3689,3015,-0.04201944,-0.00608590,-0.04816467,-0.04201944,-9869.7735,234885.8996,OK,0.0000,394.7909,4.0000,96.0000,AG03-UNRESOLVED,ALL5_LEVELS_bet23_to_bet27,394.7909,394.7909,394.7909,394.7909,394.7909,4.000000,4.000000,4.000000,4.000000,4.000000,96.000000,96.000000,96.000000,96.000000,96.000000,5.0,1973.9547,1822.2297,7895.8188,8047.5438,PENDING_AG03,FALSE,NOT_FOR_ENFORCEMENT,9474.9825,206164.0421,9869.7735,9474.9825,394.7909,0.04201944,0.04033866,394.7909,9474.9825,0.04033866,394.7909,394.7909,394.7909,394.7909,394.7909,9474.9825,0.04033866,1973.9547,1822.2297,7895.8188,8047.5438,0.03361555,0.0342615,0.00168078,63.6720,71.2286,3.2736,143.0402,5.0692,3404.1435,43.6957,64.4793,63.5359,42.5677,43.0663,85.2079,124.7713,127.8119,154.8004,42.604,-41.336,2.967791,3.594466,1.478463,30,203,130,8,0.14604117,0.04201944,0.00608590,0E-8,0.000000,0.914292,0.640282,0.04207877,2026-03-23,2026-08-04,69,1947,1162,135,0.511111,1.014849,1.012680,0.486804,,,,,,,,GLOBAL_BASELINE_NO_ENTITY_RANKING,,,NOT_APPLICABLE_GLOBAL_BASELINE,HF9g-P5,,,,X 全窗基线 · 不参与实体赏罚,15050466,1506,A168_HF9F_20260827_0900,2026-08-27 09:00:00
2026-05-07,74657362,2218,0,258.3979328166,86.1326442722,86.1326442722,0.6000000,5,5,0.50128862000000000,0.501288620000,0.4414521777673877,0.4414521777673877,0.4414521777673877,0E-17,ELIGIBLE,R03b_20260811_FULL_v1,L1_ELIGIBILITY,v2026-08-11,2026-03-21..2026-08-06,baccarat_bet02_101_all_pairs_incl_sentinel,round_win = game_pnl > 0 (decisive only),COMPATIBILITY_ONLY_NOT_PRODUCTION,234885.8996,214754.2105,9869.7735,3689,3015,-0.04201944,-0.00608590,-0.04816467,-0.04201944,-9869.7735,234885.8996,OK,0.0000,394.7909,4.0000,96.0000,AG03-UNRESOLVED,ALL5_LEVELS_bet23_to_bet27,394.7909,394.7909,394.7909,394.7909,394.7909,4.000000,4.000000,4.000000,4.000000,4.000000,96.000000,96.000000,96.000000,96.000000,96.000000,5.0,1973.9547,1822.2297,7895.8188,8047.5438,PENDING_AG03,FALSE,NOT_FOR_ENFORCEMENT,9474.9825,206164.0421,9869.7735,9474.9825,394.7909,0.04201944,0.04033866,394.7909,9474.9825,0.04033866,394.7909,394.7909,394.7909,394.7909,394.7909,9474.9825,0.04033866,1973.9547,1822.2297,7895.8188,8047.5438,0.03361555,0.0342615,0.00168078,63.6720,71.2286,3.2736,143.0402,5.0692,3404.1435,43.6957,64.4793,63.5359,42.5677,43.0663,85.2079,124.7713,127.8119,154.8004,42.604,-41.336,2.967791,3.594466,1.478463,30,203,130,8,0.14604117,0.04201944,0.00608590,0E-8,0.000000,0.914292,0.640282,0.04207877,2026-03-23,2026-08-04,69,1947,1162,135,0.511111,1.014849,1.012680,0.486804,,,,,,,,GLOBAL_BASELINE_NO_ENTITY_RANKING,,,NOT_APPLICABLE_GLOBAL_BASELINE,HF9g-P5,,,,X 全窗基线 · 不参与实体赏罚,15050467,1506,A168_HF9F_20260827_0900,2026-08-27 09:00:00
2026-05-07,74657362,2266,0,43.0663221361,0E-10,0E-10,,1,1,0.50665070000000000,0.506650700000,,,,0E-17,NO_DECISIVE_ROUND,R03b_20260811_FULL_v1,L1_ELIGIBILITY,v2026-08-11,2026-03-21..2026-08-06,baccarat_bet02_101_all_pairs_incl_sentinel,round_win = game_pnl > 0 (decisive only),COMPATIBILITY_ONLY_NOT_PRODUCTION,234885.8996,214754.2105,9869.7735,3689,3015,-0.04201944,-0.00608590,-0.04816467,-0.04201944,-9869.7735,234885.8996,OK,0.0000,394.7909,4.0000,96.0000,AG03-UNRESOLVED,ALL5_LEVELS_bet23_to_bet27,394.7909,394.7909,394.7909,394.7909,394.7909,4.000000,4.000000,4.000000,4.000000,4.000000,96.000000,96.000000,96.000000,96.000000,96.000000,5.0,1973.9547,1822.2297,7895.8188,8047.5438,PENDING_AG03,FALSE,NOT_FOR_ENFORCEMENT,9474.9825,206164.0421,9869.7735,9474.9825,394.7909,0.04201944,0.04033866,394.7909,9474.9825,0.04033866,394.7909,394.7909,394.7909,394.7909,394.7909,9474.9825,0.04033866,1973.9547,1822.2297,7895.8188,8047.5438,0.03361555,0.0342615,0.00168078,63.6720,71.2286,3.2736,143.0402,5.0692,3404.1435,43.6957,64.4793,63.5359,42.5677,43.0663,85.2079,124.7713,127.8119,154.8004,42.604,-41.336,2.967791,3.594466,1.478463,30,203,130,8,0.14604117,0.04201944,0.00608590,0E-8,0.000000,0.914292,0.640282,0.04207877,2026-03-23,2026-08-04,69,1947,1162,135,0.511111,1.014849,1.012680,0.486804,,,,,,,,GLOBAL_BASELINE_NO_ENTITY_RANKING,,,NOT_APPLICABLE_GLOBAL_BASELINE,HF9g-P5,,,,X 全窗基线 · 不参与实体赏罚,15050468,1506,A168_HF9F_20260827_0900,2026-08-27 09:00:00
2026-05-07,74657362,925,0,86.1326442722,-86.1326442722,-86.1326442722,0E-7,1,1,0.50665070000000000,0.506650700000,-1.013391052207602,-1.013391052207602,-1.013391052207602,0E-17,ELIGIBLE,R03b_20260811_FULL_v1,L1_ELIGIBILITY,v2026-08-11,2026-03-21..2026-08-06,baccarat_bet02_101_all_pairs_incl_sentinel,round_win = game_pnl > 0 (decisive only),COMPATIBILITY_ONLY_NOT_PRODUCTION,234885.8996,214754.2105,9869.7735,3689,3015,-0.04201944,-0.00608590,-0.04816467,-0.04201944,-9869.7735,234885.8996,OK,0.0000,394.7909,4.0000,96.0000,AG03-UNRESOLVED,ALL5_LEVELS_bet23_to_bet27,394.7909,394.7909,394.7909,394.7909,394.7909,4.000000,4.000000,4.000000,4.000000,4.000000,96.000000,96.000000,96.000000,96.000000,96.000000,5.0,1973.9547,1822.2297,7895.8188,8047.5438,PENDING_AG03,FALSE,NOT_FOR_ENFORCEMENT,9474.9825,206164.0421,9869.7735,9474.9825,394.7909,0.04201944,0.04033866,394.7909,9474.9825,0.04033866,394.7909,394.7909,394.7909,394.7909,394.7909,9474.9825,0.04033866,1973.9547,1822.2297,7895.8188,8047.5438,0.03361555,0.0342615,0.00168078,63.6720,71.2286,3.2736,143.0402,5.0692,3404.1435,43.6957,64.4793,63.5359,42.5677,43.0663,85.2079,124.7713,127.8119,154.8004,42.604,-41.336,2.967791,3.594466,1.478463,30,203,130,8,0.14604117,0.04201944,0.00608590,0E-8,0.000000,0.914292,0.640282,0.04207877,2026-03-23,2026-08-04,69,1947,1162,135,0.511111,1.014849,1.012680,0.486804,,,,,,,,GLOBAL_BASELINE_NO_ENTITY_RANKING,,,NOT_APPLICABLE_GLOBAL_BASELINE,HF9g-P5,,,,X 全窗基线 · 不参与实体赏罚,15050469,1506,A168_HF9F_20260827_0900,2026-08-27 09:00:00
2026-05-07,74657362,986,0,301.4642549527,-43.0663221361,-43.0663221361,0.5000000,6,6,0.49994810000000000,0.499948100000,0.00025425703667063243,0.00025425703667063243,0.00025425703667063243,0E-17,ELIGIBLE,R03b_20260811_FULL_v1,L1_ELIGIBILITY,v2026-08-11,2026-03-21..2026-08-06,baccarat_bet02_101_all_pairs_incl_sentinel,round_win = game_pnl > 0 (decisive only),COMPATIBILITY_ONLY_NOT_PRODUCTION,234885.8996,214754.2105,9869.7735,3689,3015,-0.04201944,-0.00608590,-0.04816467,-0.04201944,-9869.7735,234885.8996,OK,0.0000,394.7909,4.0000,96.0000,AG03-UNRESOLVED,ALL5_LEVELS_bet23_to_bet27,394.7909,394.7909,394.7909,394.7909,394.7909,4.000000,4.000000,4.000000,4.000000,4.000000,96.000000,96.000000,96.000000,96.000000,96.000000,5.0,1973.9547,1822.2297,7895.8188,8047.5438,PENDING_AG03,FALSE,NOT_FOR_ENFORCEMENT,9474.9825,206164.0421,9869.7735,9474.9825,394.7909,0.04201944,0.04033866,394.7909,9474.9825,0.04033866,394.7909,394.7909,394.7909,394.7909,394.7909,9474.9825,0.04033866,1973.9547,1822.2297,7895.8188,8047.5438,0.03361555,0.0342615,0.00168078,63.6720,71.2286,3.2736,143.0402,5.0692,3404.1435,43.6957,64.4793,63.5359,42.5677,43.0663,85.2079,124.7713,127.8119,154.8004,42.604,-41.336,2.967791,3.594466,1.478463,30,203,130,8,0.14604117,0.04201944,0.00608590,0E-8,0.000000,0.914292,0.640282,0.04207877,2026-03-23,2026-08-04,69,1947,1162,135,0.511111,1.014849,1.012680,0.486804,,,,,,,,GLOBAL_BASELINE_NO_ENTITY_RANKING,,,NOT_APPLICABLE_GLOBAL_BASELINE,HF9g-P5,,,,X 全窗基线 · 不参与实体赏罚,15050470,1506,A168_HF9F_20260827_0900,2026-08-27 09:00:00
2026-05-11,74657362,2174,0,93.0232558140,-93.0232558140,-93.0232558140,0E-7,1,1,0.49324550000000000,0.493245500000,-0.9865810262130424,-0.9865810262130424,-0.9865810262130424,0E-17,ELIGIBLE,R03b_20260811_FULL_v1,L1_ELIGIBILITY,v2026-08-11,2026-03-21..2026-08-06,baccarat_bet02_101_all_pairs_incl_sentinel,round_win = game_pnl > 0 (decisive only),COMPATIBILITY_ONLY_NOT_PRODUCTION,234885.8996,214754.2105,9869.7735,3689,3015,-0.04201944,-0.00608590,-0.04816467,-0.04201944,-9869.7735,234885.8996,OK,0.0000,394.7909,4.0000,96.0000,AG03-UNRESOLVED,ALL5_LEVELS_bet23_to_bet27,394.7909,394.7909,394.7909,394.7909,394.7909,4.000000,4.000000,4.000000,4.000000,4.000000,96.000000,96.000000,96.000000,96.000000,96.000000,5.0,1973.9547,1822.2297,7895.8188,8047.5438,PENDING_AG03,FALSE,NOT_FOR_ENFORCEMENT,9474.9825,206164.0421,9869.7735,9474.9825,394.7909,0.04201944,0.04033866,394.7909,9474.9825,0.04033866,394.7909,394.7909,394.7909,394.7909,394.7909,9474.9825,0.04033866,1973.9547,1822.2297,7895.8188,8047.5438,0.03361555,0.0342615,0.00168078,63.6720,71.2286,3.2736,143.0402,5.0692,3404.1435,43.6957,64.4793,63.5359,42.5677,43.0663,85.2079,124.7713,127.8119,154.8004,42.604,-41.336,2.967791,3.594466,1.478463,30,203,130,8,0.14604117,0.04201944,0.00608590,0E-8,0.000000,0.914292,0.640282,0.04207877,2026-03-23,2026-08-04,69,1947,1162,135,0.511111,1.014849,1.012680,0.486804,,,,,,,,GLOBAL_BASELINE_NO_ENTITY_RANKING,,,NOT_APPLICABLE_GLOBAL_BASELINE,HF9g-P5,,,,X 全窗基线 · 不参与实体赏罚,15050471,1506,A168_HF9F_20260827_0900,2026-08-27 09:00:00
2026-05-11,74657362,925,0,46.5116279070,46.5116279070,46.5116279070,1.0000000,1,1,0.49324550000000000,0.493245500000,1.01360149184955,1.01360149184955,1.01360149184955,0E-17,ELIGIBLE,R03b_20260811_FULL_v1,L1_ELIGIBILITY,v2026-08-11,2026-03-21..2026-08-06,baccarat_bet02_101_all_pairs_incl_sentinel,round_win = game_pnl > 0 (decisive only),COMPATIBILITY_ONLY_NOT_PRODUCTION,234885.8996,214754.2105,9869.7735,3689,3015,-0.04201944,-0.00608590,-0.04816467,-0.04201944,-9869.7735,234885.8996,OK,0.0000,394.7909,4.0000,96.0000,AG03-UNRESOLVED,ALL5_LEVELS_bet23_to_bet27,394.7909,394.7909,394.7909,394.7909,394.7909,4.000000,4.000000,4.000000,4.000000,4.000000,96.000000,96.000000,96.000000,96.000000,96.000000,5.0,1973.9547,1822.2297,7895.8188,8047.5438,PENDING_AG03,FALSE,NOT_FOR_ENFORCEMENT,9474.9825,206164.0421,9869.7735,9474.9825,394.7909,0.04201944,0.04033866,394.7909,9474.9825,0.04033866,394.7909,394.7909,394.7909,394.7909,394.7909,9474.9825,0.04033866,1973.9547,1822.2297,7895.8188,8047.5438,0.03361555,0.0342615,0.00168078,63.6720,71.2286,3.2736,143.0402,5.0692,3404.1435,43.6957,64.4793,63.5359,42.5677,43.0663,85.2079,124.7713,127.8119,154.8004,42.604,-41.336,2.967791,3.594466,1.478463,30,203,130,8,0.14604117,0.04201944,0.00608590,0E-8,0.000000,0.914292,0.640282,0.04207877,2026-03-23,2026-08-04,69,1947,1162,135,0.511111,1.014849,1.012680,0.486804,,,,,,,,GLOBAL_BASELINE_NO_ENTITY_RANKING,,,NOT_APPLICABLE_GLOBAL_BASELINE,HF9g-P5,,,,X 全窗基线 · 不参与实体赏罚,15050472,1506,A168_HF9F_20260827_0900,2026-08-27 09:00:00
2026-05-13,74657362,-1,1,506.4599483206,947.4590869939,947.4590869939,0.7142857,9,7,0.40180137725562088,0.375399557143,1.6863544334208995,1.8516326375691057,1.6863544334208995,0.02640182011262088,SENTINEL_DEALER,R03b_20260811_FULL_v1,L1_ELIGIBILITY,v2026-08-11,2026-03-21..2026-08-06,baccarat_bet02_101_all_pairs_incl_sentinel,round_win = game_pnl > 0 (decisive only),COMPATIBILITY_ONLY_NOT_PRODUCTION,234885.8996,214754.2105,9869.7735,3689,3015,-0.04201944,-0.00608590,-0.04816467,-0.04201944,-9869.7735,234885.8996,OK,0.0000,394.7909,4.0000,96.0000,AG03-UNRESOLVED,ALL5_LEVELS_bet23_to_bet27,394.7909,394.7909,394.7909,394.7909,394.7909,4.000000,4.000000,4.000000,4.000000,4.000000,96.000000,96.000000,96.000000,96.000000,96.000000,5.0,1973.9547,1822.2297,7895.8188,8047.5438,PENDING_AG03,FALSE,NOT_FOR_ENFORCEMENT,9474.9825,206164.0421,9869.7735,9474.9825,394.7909,0.04201944,0.04033866,394.7909,9474.9825,0.04033866,394.7909,394.7909,394.7909,394.7909,394.7909,9474.9825,0.04033866,1973.9547,1822.2297,7895.8188,8047.5438,0.03361555,0.0342615,0.00168078,63.6720,71.2286,3.2736,143.0402,5.0692,3404.1435,43.6957,64.4793,63.5359,42.5677,43.0663,85.2079,124.7713,127.8119,154.8004,42.604,-41.336,2.967791,3.594466,1.478463,30,203,130,8,0.14604117,0.04201944,0.00608590,0E-8,0.000000,0.914292,0.640282,0.04207877,2026-03-23,2026-08-04,69,1947,1162,135,0.511111,1.014849,1.012680,0.486804,,,,,,,,GLOBAL_BASELINE_NO_ENTITY_RANKING,,,NOT_APPLICABLE_GLOBAL_BASELINE,HF9g-P5,,,,X 全窗基线 · 不参与实体赏罚,15050473,1506,A168_HF9F_20260827_0900,2026-08-27 09:00:00
2026-05-13,74657362,1151,0,86.1326442722,-86.1326442722,-86.1326442722,0E-7,1,1,0.49324550000000000,0.493245500000,-0.9865810262130424,-0.9865810262130424,-0.9865810262130424,0E-17,ELIGIBLE,R03b_20260811_FULL_v1,L1_ELIGIBILITY,v2026-08-11,2026-03-21..2026-08-06,baccarat_bet02_101_all_pairs_incl_sentinel,round_win = game_pnl > 0 (decisive only),COMPATIBILITY_ONLY_NOT_PRODUCTION,234885.8996,214754.2105,9869.7735,3689,3015,-0.04201944,-0.00608590,-0.04816467,-0.04201944,-9869.7735,234885.8996,OK,0.0000,394.7909,4.0000,96.0000,AG03-UNRESOLVED,ALL5_LEVELS_bet23_to_bet27,394.7909,394.7909,394.7909,394.7909,394.7909,4.000000,4.000000,4.000000,4.000000,4.000000,96.000000,96.000000,96.000000,96.000000,96.000000,5.0,1973.9547,1822.2297,7895.8188,8047.5438,PENDING_AG03,FALSE,NOT_FOR_ENFORCEMENT,9474.9825,206164.0421,9869.7735,9474.9825,394.7909,0.04201944,0.04033866,394.7909,9474.9825,0.04033866,394.7909,394.7909,394.7909,394.7909,394.7909,9474.9825,0.04033866,1973.9547,1822.2297,7895.8188,8047.5438,0.03361555,0.0342615,0.00168078,63.6720,71.2286,3.2736,143.0402,5.0692,3404.1435,43.6957,64.4793,63.5359,42.5677,43.0663,85.2079,124.7713,127.8119,154.8004,42.604,-41.336,2.967791,3.594466,1.478463,30,203,130,8,0.14604117,0.04201944,0.00608590,0E-8,0.000000,0.914292,0.640282,0.04207877,2026-03-23,2026-08-04,69,1947,1162,135,0.511111,1.014849,1.012680,0.486804,,,,,,,,GLOBAL_BASELINE_NO_ENTITY_RANKING,,,NOT_APPLICABLE_GLOBAL_BASELINE,HF9g-P5,,,,X 全窗基线 · 不参与实体赏罚,15050474,1506,A168_HF9F_20260827_0900,2026-08-27 09:00:00
2026-05-13,74657362,1221,0,43.0663221361,43.0663221361,43.0663221361,1.0000000,1,1,0.49324550000000000,0.493245500000,1.01360149184955,1.01360149184955,1.01360149184955,0E-17,ELIGIBLE,R03b_20260811_FULL_v1,L1_ELIGIBILITY,v2026-08-11,2026-03-21..2026-08-06,baccarat_bet02_101_all_pairs_incl_sentinel,round_win = game_pnl > 0 (decisive only),COMPATIBILITY_ONLY_NOT_PRODUCTION,234885.8996,214754.2105,9869.7735,3689,3015,-0.04201944,-0.00608590,-0.04816467,-0.04201944,-9869.7735,234885.8996,OK,0.0000,394.7909,4.0000,96.0000,AG03-UNRESOLVED,ALL5_LEVELS_bet23_to_bet27,394.7909,394.7909,394.7909,394.7909,394.7909,4.000000,4.000000,4.000000,4.000000,4.000000,96.000000,96.000000,96.000000,96.000000,96.000000,5.0,1973.9547,1822.2297,7895.8188,8047.5438,PENDING_AG03,FALSE,NOT_FOR_ENFORCEMENT,9474.9825,206164.0421,9869.7735,9474.9825,394.7909,0.04201944,0.04033866,394.7909,9474.9825,0.04033866,394.7909,394.7909,394.7909,394.7909,394.7909,9474.9825,0.04033866,1973.9547,1822.2297,7895.8188,8047.5438,0.03361555,0.0342615,0.00168078,63.6720,71.2286,3.2736,143.0402,5.0692,3404.1435,43.6957,64.4793,63.5359,42.5677,43.0663,85.2079,124.7713,127.8119,154.8004,42.604,-41.336,2.967791,3.594466,1.478463,30,203,130,8,0.14604117,0.04201944,0.00608590,0E-8,0.000000,0.914292,0.640282,0.04207877,2026-03-23,2026-08-04,69,1947,1162,135,0.511111,1.014849,1.012680,0.486804,,,,,,,,GLOBAL_BASELINE_NO_ENTITY_RANKING,,,NOT_APPLICABLE_GLOBAL_BASELINE,HF9g-P5,,,,X 全窗基线 · 不参与实体赏罚,15050475,1506,A168_HF9F_20260827_0900,2026-08-27 09:00:00
2026-05-13,74657362,1318,0,258.3979328166,-86.1326442722,-86.1326442722,0.3333333,4,3,0.35799276666666667,0.357992766667,-0.08909157431834598,-0.08909157431953192,-0.08909157431834598,-3.3333E-13,ELIGIBLE,R03b_20260811_FULL_v1,L1_ELIGIBILITY,v2026-08-11,2026-03-21..2026-08-06,baccarat_bet02_101_all_pairs_incl_sentinel,round_win = game_pnl > 0 (decisive only),COMPATIBILITY_ONLY_NOT_PRODUCTION,234885.8996,214754.2105,9869.7735,3689,3015,-0.04201944,-0.00608590,-0.04816467,-0.04201944,-9869.7735,234885.8996,OK,0.0000,394.7909,4.0000,96.0000,AG03-UNRESOLVED,ALL5_LEVELS_bet23_to_bet27,394.7909,394.7909,394.7909,394.7909,394.7909,4.000000,4.000000,4.000000,4.000000,4.000000,96.000000,96.000000,96.000000,96.000000,96.000000,5.0,1973.9547,1822.2297,7895.8188,8047.5438,PENDING_AG03,FALSE,NOT_FOR_ENFORCEMENT,9474.9825,206164.0421,9869.7735,9474.9825,394.7909,0.04201944,0.04033866,394.7909,9474.9825,0.04033866,394.7909,394.7909,394.7909,394.7909,394.7909,9474.9825,0.04033866,1973.9547,1822.2297,7895.8188,8047.5438,0.03361555,0.0342615,0.00168078,63.6720,71.2286,3.2736,143.0402,5.0692,3404.1435,43.6957,64.4793,63.5359,42.5677,43.0663,85.2079,124.7713,127.8119,154.8004,42.604,-41.336,2.967791,3.594466,1.478463,30,203,130,8,0.14604117,0.04201944,0.00608590,0E-8,0.000000,0.914292,0.640282,0.04207877,2026-03-23,2026-08-04,69,1947,1162,135,0.511111,1.014849,1.012680,0.486804,,,,,,,,GLOBAL_BASELINE_NO_ENTITY_RANKING,,,NOT_APPLICABLE_GLOBAL_BASELINE,HF9g-P5,,,,X 全窗基线 · 不参与实体赏罚,15050476,1506,A168_HF9F_20260827_0900,2026-08-27 09:00:00
2026-05-13,74657362,1382,0,43.0663221361,43.0663221361,43.0663221361,1.0000000,1,1,0.49324550000000000,0.493245500000,1.01360149184955,1.01360149184955,1.01360149184955,0E-17,ELIGIBLE,R03b_20260811_FULL_v1,L1_ELIGIBILITY,v2026-08-11,2026-03-21..2026-08-06,baccarat_bet02_101_all_pairs_incl_sentinel,round_win = game_pnl > 0 (decisive only),COMPATIBILITY_ONLY_NOT_PRODUCTION,234885.8996,214754.2105,9869.7735,3689,3015,-0.04201944,-0.00608590,-0.04816467,-0.04201944,-9869.7735,234885.8996,OK,0.0000,394.7909,4.0000,96.0000,AG03-UNRESOLVED,ALL5_LEVELS_bet23_to_bet27,394.7909,394.7909,394.7909,394.7909,394.7909,4.000000,4.000000,4.000000,4.000000,4.000000,96.000000,96.000000,96.000000,96.000000,96.000000,5.0,1973.9547,1822.2297,7895.8188,8047.5438,PENDING_AG03,FALSE,NOT_FOR_ENFORCEMENT,9474.9825,206164.0421,9869.7735,9474.9825,394.7909,0.04201944,0.04033866,394.7909,9474.9825,0.04033866,394.7909,394.7909,394.7909,394.7909,394.7909,9474.9825,0.04033866,1973.9547,1822.2297,7895.8188,8047.5438,0.03361555,0.0342615,0.00168078,63.6720,71.2286,3.2736,143.0402,5.0692,3404.1435,43.6957,64.4793,63.5359,42.5677,43.0663,85.2079,124.7713,127.8119,154.8004,42.604,-41.336,2.967791,3.594466,1.478463,30,203,130,8,0.14604117,0.04201944,0.00608590,0E-8,0.000000,0.914292,0.640282,0.04207877,2026-03-23,2026-08-04,69,1947,1162,135,0.511111,1.014849,1.012680,0.486804,,,,,,,,GLOBAL_BASELINE_NO_ENTITY_RANKING,,,NOT_APPLICABLE_GLOBAL_BASELINE,HF9g-P5,,,,X 全窗基线 · 不参与实体赏罚,15050477,1506,A168_HF9F_20260827_0900,2026-08-27 09:00:00
2026-05-13,74657362,2089,0,86.1326442722,86.1326442722,86.1326442722,1.0000000,1,1,0.49324550000000000,0.493245500000,1.01360149184955,1.01360149184955,1.01360149184955,0E-17,ELIGIBLE,R03b_20260811_FULL_v1,L1_ELIGIBILITY,v2026-08-11,2026-03-21..2026-08-06,baccarat_bet02_101_all_pairs_incl_sentinel,round_win = game_pnl > 0 (decisive only),COMPATIBILITY_ONLY_NOT_PRODUCTION,234885.8996,214754.2105,9869.7735,3689,3015,-0.04201944,-0.00608590,-0.04816467,-0.04201944,-9869.7735,234885.8996,OK,0.0000,394.7909,4.0000,96.0000,AG03-UNRESOLVED,ALL5_LEVELS_bet23_to_bet27,394.7909,394.7909,394.7909,394.7909,394.7909,4.000000,4.000000,4.000000,4.000000,4.000000,96.000000,96.000000,96.000000,96.000000,96.000000,5.0,1973.9547,1822.2297,7895.8188,8047.5438,PENDING_AG03,FALSE,NOT_FOR_ENFORCEMENT,9474.9825,206164.0421,9869.7735,9474.9825,394.7909,0.04201944,0.04033866,394.7909,9474.9825,0.04033866,394.7909,394.7909,394.7909,394.7909,394.7909,9474.9825,0.04033866,1973.9547,1822.2297,7895.8188,8047.5438,0.03361555,0.0342615,0.00168078,63.6720,71.2286,3.2736,143.0402,5.0692,3404.1435,43.6957,64.4793,63.5359,42.5677,43.0663,85.2079,124.7713,127.8119,154.8004,42.604,-41.336,2.967791,3.594466,1.478463,30,203,130,8,0.14604117,0.04201944,0.00608590,0E-8,0.000000,0.914292,0.640282,0.04207877,2026-03-23,2026-08-04,69,1947,1162,135,0.511111,1.014849,1.012680,0.486804,,,,,,,,GLOBAL_BASELINE_NO_ENTITY_RANKING,,,NOT_APPLICABLE_GLOBAL_BASELINE,HF9g-P5,,,,X 全窗基线 · 不参与实体赏罚,15050478,1506,A168_HF9F_20260827_0900,2026-08-27 09:00:00
2026-05-13,74657362,2101,0,602.9285099054,-344.5305770888,-344.5305770888,0.2000000,7,5,0.45597969000000000,0.410670760000,-1.1492386006737472,-0.9575542285503973,-1.1492386006737472,0.04530893000000000,ELIGIBLE,R03b_20260811_FULL_v1,L1_ELIGIBILITY,v2026-08-11,2026-03-21..2026-08-06,baccarat_bet02_101_all_pairs_incl_sentinel,round_win = game_pnl > 0 (decisive only),COMPATIBILITY_ONLY_NOT_PRODUCTION,234885.8996,214754.2105,9869.7735,3689,3015,-0.04201944,-0.00608590,-0.04816467,-0.04201944,-9869.7735,234885.8996,OK,0.0000,394.7909,4.0000,96.0000,AG03-UNRESOLVED,ALL5_LEVELS_bet23_to_bet27,394.7909,394.7909,394.7909,394.7909,394.7909,4.000000,4.000000,4.000000,4.000000,4.000000,96.000000,96.000000,96.000000,96.000000,96.000000,5.0,1973.9547,1822.2297,7895.8188,8047.5438,PENDING_AG03,FALSE,NOT_FOR_ENFORCEMENT,9474.9825,206164.0421,9869.7735,9474.9825,394.7909,0.04201944,0.04033866,394.7909,9474.9825,0.04033866,394.7909,394.7909,394.7909,394.7909,394.7909,9474.9825,0.04033866,1973.9547,1822.2297,7895.8188,8047.5438,0.03361555,0.0342615,0.00168078,63.6720,71.2286,3.2736,143.0402,5.0692,3404.1435,43.6957,64.4793,63.5359,42.5677,43.0663,85.2079,124.7713,127.8119,154.8004,42.604,-41.336,2.967791,3.594466,1.478463,30,203,130,8,0.14604117,0.04201944,0.00608590,0E-8,0.000000,0.914292,0.640282,0.04207877,2026-03-23,2026-08-04,69,1947,1162,135,0.511111,1.014849,1.012680,0.486804,,,,,,,,GLOBAL_BASELINE_NO_ENTITY_RANKING,,,NOT_APPLICABLE_GLOBAL_BASELINE,HF9g-P5,,,,X 全窗基线 · 不参与实体赏罚,15050479,1506,A168_HF9F_20260827_0900,2026-08-27 09:00:00
2026-05-13,74657362,2156,0,172.2652885444,-172.2652885444,-172.2652885444,0E-7,2,1,0.39337837500000000,0.280106050000,-0.8052788575962098,-0.6237735893609975,-0.8052788575962098,0.11327232500000000,ELIGIBLE,R03b_20260811_FULL_v1,L1_ELIGIBILITY,v2026-08-11,2026-03-21..2026-08-06,baccarat_bet02_101_all_pairs_incl_sentinel,round_win = game_pnl > 0 (decisive only),COMPATIBILITY_ONLY_NOT_PRODUCTION,234885.8996,214754.2105,9869.7735,3689,3015,-0.04201944,-0.00608590,-0.04816467,-0.04201944,-9869.7735,234885.8996,OK,0.0000,394.7909,4.0000,96.0000,AG03-UNRESOLVED,ALL5_LEVELS_bet23_to_bet27,394.7909,394.7909,394.7909,394.7909,394.7909,4.000000,4.000000,4.000000,4.000000,4.000000,96.000000,96.000000,96.000000,96.000000,96.000000,5.0,1973.9547,1822.2297,7895.8188,8047.5438,PENDING_AG03,FALSE,NOT_FOR_ENFORCEMENT,9474.9825,206164.0421,9869.7735,9474.9825,394.7909,0.04201944,0.04033866,394.7909,9474.9825,0.04033866,394.7909,394.7909,394.7909,394.7909,394.7909,9474.9825,0.04033866,1973.9547,1822.2297,7895.8188,8047.5438,0.03361555,0.0342615,0.00168078,63.6720,71.2286,3.2736,143.0402,5.0692,3404.1435,43.6957,64.4793,63.5359,42.5677,43.0663,85.2079,124.7713,127.8119,154.8004,42.604,-41.336,2.967791,3.594466,1.478463,30,203,130,8,0.14604117,0.04201944,0.00608590,0E-8,0.000000,0.914292,0.640282,0.04207877,2026-03-23,2026-08-04,69,1947,1162,135,0.511111,1.014849,1.012680,0.486804,,,,,,,,GLOBAL_BASELINE_NO_ENTITY_RANKING,,,NOT_APPLICABLE_GLOBAL_BASELINE,HF9g-P5,,,,X 全窗基线 · 不参与实体赏罚,15050480,1506,A168_HF9F_20260827_0900,2026-08-27 09:00:00
2026-05-13,74657362,2177,0,86.1326442722,86.1326442722,86.1326442722,1.0000000,2,2,0.50665070000000000,0.506650700000,1.3955260008387969,1.3955260008387969,1.3955260008387969,0E-17,ELIGIBLE,R03b_20260811_FULL_v1,L1_ELIGIBILITY,v2026-08-11,2026-03-21..2026-08-06,baccarat_bet02_101_all_pairs_incl_sentinel,round_win = game_pnl > 0 (decisive only),COMPATIBILITY_ONLY_NOT_PRODUCTION,234885.8996,214754.2105,9869.7735,3689,3015,-0.04201944,-0.00608590,-0.04816467,-0.04201944,-9869.7735,234885.8996,OK,0.0000,394.7909,4.0000,96.0000,AG03-UNRESOLVED,ALL5_LEVELS_bet23_to_bet27,394.7909,394.7909,394.7909,394.7909,394.7909,4.000000,4.000000,4.000000,4.000000,4.000000,96.000000,96.000000,96.000000,96.000000,96.000000,5.0,1973.9547,1822.2297,7895.8188,8047.5438,PENDING_AG03,FALSE,NOT_FOR_ENFORCEMENT,9474.9825,206164.0421,9869.7735,9474.9825,394.7909,0.04201944,0.04033866,394.7909,9474.9825,0.04033866,394.7909,394.7909,394.7909,394.7909,394.7909,9474.9825,0.04033866,1973.9547,1822.2297,7895.8188,8047.5438,0.03361555,0.0342615,0.00168078,63.6720,71.2286,3.2736,143.0402,5.0692,3404.1435,43.6957,64.4793,63.5359,42.5677,43.0663,85.2079,124.7713,127.8119,154.8004,42.604,-41.336,2.967791,3.594466,1.478463,30,203,130,8,0.14604117,0.04201944,0.00608590,0E-8,0.000000,0.914292,0.640282,0.04207877,2026-03-23,2026-08-04,69,1947,1162,135,0.511111,1.014849,1.012680,0.486804,,,,,,,,GLOBAL_BASELINE_NO_ENTITY_RANKING,,,NOT_APPLICABLE_GLOBAL_BASELINE,HF9g-P5,,,,X 全窗基线 · 不参与实体赏罚,15050481,1506,A168_HF9F_20260827_0900,2026-08-27 09:00:00
2026-05-13,74657362,2224,0,87.8552971576,-87.8552971576,-87.8552971576,0E-7,2,1,0.48394333137278196,0.256040200000,-0.9683861235981693,-0.5866503638730671,-0.9683861235981693,0.22790313137278196,ELIGIBLE,R03b_20260811_FULL_v1,L1_ELIGIBILITY,v2026-08-11,2026-03-21..2026-08-06,baccarat_bet02_101_all_pairs_incl_sentinel,round_win = game_pnl > 0 (decisive only),COMPATIBILITY_ONLY_NOT_PRODUCTION,234885.8996,214754.2105,9869.7735,3689,3015,-0.04201944,-0.00608590,-0.04816467,-0.04201944,-9869.7735,234885.8996,OK,0.0000,394.7909,4.0000,96.0000,AG03-UNRESOLVED,ALL5_LEVELS_bet23_to_bet27,394.7909,394.7909,394.7909,394.7909,394.7909,4.000000,4.000000,4.000000,4.000000,4.000000,96.000000,96.000000,96.000000,96.000000,96.000000,5.0,1973.9547,1822.2297,7895.8188,8047.5438,PENDING_AG03,FALSE,NOT_FOR_ENFORCEMENT,9474.9825,206164.0421,9869.7735,9474.9825,394.7909,0.04201944,0.04033866,394.7909,9474.9825,0.04033866,394.7909,394.7909,394.7909,394.7909,394.7909,9474.9825,0.04033866,1973.9547,1822.2297,7895.8188,8047.5438,0.03361555,0.0342615,0.00168078,63.6720,71.2286,3.2736,143.0402,5.0692,3404.1435,43.6957,64.4793,63.5359,42.5677,43.0663,85.2079,124.7713,127.8119,154.8004,42.604,-41.336,2.967791,3.594466,1.478463,30,203,130,8,0.14604117,0.04201944,0.00608590,0E-8,0.000000,0.914292,0.640282,0.04207877,2026-03-23,2026-08-04,69,1947,1162,135,0.511111,1.014849,1.012680,0.486804,,,,,,,,GLOBAL_BASELINE_NO_ENTITY_RANKING,,,NOT_APPLICABLE_GLOBAL_BASELINE,HF9g-P5,,,,X 全窗基线 · 不参与实体赏罚,15050482,1506,A168_HF9F_20260827_0900,2026-08-27 09:00:00
2026-05-13,74657362,2235,0,86.1326442722,86.1326442722,86.1326442722,1.0000000,1,1,0.49324550000000000,0.493245500000,1.01360149184955,1.01360149184955,1.01360149184955,0E-17,ELIGIBLE,R03b_20260811_FULL_v1,L1_ELIGIBILITY,v2026-08-11,2026-03-21..2026-08-06,baccarat_bet02_101_all_pairs_incl_sentinel,round_win = game_pnl > 0 (decisive only),COMPATIBILITY_ONLY_NOT_PRODUCTION,234885.8996,214754.2105,9869.7735,3689,3015,-0.04201944,-0.00608590,-0.04816467,-0.04201944,-9869.7735,234885.8996,OK,0.0000,394.7909,4.0000,96.0000,AG03-UNRESOLVED,ALL5_LEVELS_bet23_to_bet27,394.7909,394.7909,394.7909,394.7909,394.7909,4.000000,4.000000,4.000000,4.000000,4.000000,96.000000,96.000000,96.000000,96.000000,96.000000,5.0,1973.9547,1822.2297,7895.8188,8047.5438,PENDING_AG03,FALSE,NOT_FOR_ENFORCEMENT,9474.9825,206164.0421,9869.7735,9474.9825,394.7909,0.04201944,0.04033866,394.7909,9474.9825,0.04033866,394.7909,394.7909,394.7909,394.7909,394.7909,9474.9825,0.04033866,1973.9547,1822.2297,7895.8188,8047.5438,0.03361555,0.0342615,0.00168078,63.6720,71.2286,3.2736,143.0402,5.0692,3404.1435,43.6957,64.4793,63.5359,42.5677,43.0663,85.2079,124.7713,127.8119,154.8004,42.604,-41.336,2.967791,3.594466,1.478463,30,203,130,8,0.14604117,0.04201944,0.00608590,0E-8,0.000000,0.914292,0.640282,0.04207877,2026-03-23,2026-08-04,69,1947,1162,135,0.511111,1.014849,1.012680,0.486804,,,,,,,,GLOBAL_BASELINE_NO_ENTITY_RANKING,,,NOT_APPLICABLE_GLOBAL_BASELINE,HF9g-P5,,,,X 全窗基线 · 不参与实体赏罚,15050483,1506,A168_HF9F_20260827_0900,2026-08-27 09:00:00
2026-05-13,74657362,462,0,258.3979328166,-258.3979328166,-258.3979328166,0E-7,3,2,0.45001453750000000,0.393378375000,-1.2792418671254844,-1.138836281904872,-1.2792418671254844,0.05663616250000000,ELIGIBLE,R03b_20260811_FULL_v1,L1_ELIGIBILITY,v2026-08-11,2026-03-21..2026-08-06,baccarat_bet02_101_all_pairs_incl_sentinel,round_win = game_pnl > 0 (decisive only),COMPATIBILITY_ONLY_NOT_PRODUCTION,234885.8996,214754.2105,9869.7735,3689,3015,-0.04201944,-0.00608590,-0.04816467,-0.04201944,-9869.7735,234885.8996,OK,0.0000,394.7909,4.0000,96.0000,AG03-UNRESOLVED,ALL5_LEVELS_bet23_to_bet27,394.7909,394.7909,394.7909,394.7909,394.7909,4.000000,4.000000,4.000000,4.000000,4.000000,96.000000,96.000000,96.000000,96.000000,96.000000,5.0,1973.9547,1822.2297,7895.8188,8047.5438,PENDING_AG03,FALSE,NOT_FOR_ENFORCEMENT,9474.9825,206164.0421,9869.7735,9474.9825,394.7909,0.04201944,0.04033866,394.7909,9474.9825,0.04033866,394.7909,394.7909,394.7909,394.7909,394.7909,9474.9825,0.04033866,1973.9547,1822.2297,7895.8188,8047.5438,0.03361555,0.0342615,0.00168078,63.6720,71.2286,3.2736,143.0402,5.0692,3404.1435,43.6957,64.4793,63.5359,42.5677,43.0663,85.2079,124.7713,127.8119,154.8004,42.604,-41.336,2.967791,3.594466,1.478463,30,203,130,8,0.14604117,0.04201944,0.00608590,0E-8,0.000000,0.914292,0.640282,0.04207877,2026-03-23,2026-08-04,69,1947,1162,135,0.511111,1.014849,1.012680,0.486804,,,,,,,,GLOBAL_BASELINE_NO_ENTITY_RANKING,,,NOT_APPLICABLE_GLOBAL_BASELINE,HF9g-P5,,,,X 全窗基线 · 不参与实体赏罚,15050484,1506,A168_HF9F_20260827_0900,2026-08-27 09:00:00
2026-05-13,74657362,526,0,258.3979328166,86.1326442722,86.1326442722,0.6666667,3,3,0.49324550000000000,0.493245500000,0.6008033672792107,0.6008033672792106,0.6008033672792107,0E-17,ELIGIBLE,R03b_20260811_FULL_v1,L1_ELIGIBILITY,v2026-08-11,2026-03-21..2026-08-06,baccarat_bet02_101_all_pairs_incl_sentinel,round_win = game_pnl > 0 (decisive only),COMPATIBILITY_ONLY_NOT_PRODUCTION,234885.8996,214754.2105,9869.7735,3689,3015,-0.04201944,-0.00608590,-0.04816467,-0.04201944,-9869.7735,234885.8996,OK,0.0000,394.7909,4.0000,96.0000,AG03-UNRESOLVED,ALL5_LEVELS_bet23_to_bet27,394.7909,394.7909,394.7909,394.7909,394.7909,4.000000,4.000000,4.000000,4.000000,4.000000,96.000000,96.000000,96.000000,96.000000,96.000000,5.0,1973.9547,1822.2297,7895.8188,8047.5438,PENDING_AG03,FALSE,NOT_FOR_ENFORCEMENT,9474.9825,206164.0421,9869.7735,9474.9825,394.7909,0.04201944,0.04033866,394.7909,9474.9825,0.04033866,394.7909,394.7909,394.7909,394.7909,394.7909,9474.9825,0.04033866,1973.9547,1822.2297,7895.8188,8047.5438,0.03361555,0.0342615,0.00168078,63.6720,71.2286,3.2736,143.0402,5.0692,3404.1435,43.6957,64.4793,63.5359,42.5677,43.0663,85.2079,124.7713,127.8119,154.8004,42.604,-41.336,2.967791,3.594466,1.478463,30,203,130,8,0.14604117,0.04201944,0.00608590,0E-8,0.000000,0.914292,0.640282,0.04207877,2026-03-23,2026-08-04,69,1947,1162,135,0.511111,1.014849,1.012680,0.486804,,,,,,,,GLOBAL_BASELINE_NO_ENTITY_RANKING,,,NOT_APPLICABLE_GLOBAL_BASELINE,HF9g-P5,,,,X 全窗基线 · 不参与实体赏罚,15050485,1506,A168_HF9F_20260827_0900,2026-08-27 09:00:00
2026-05-14,74657362,-1,1,602.9285099054,-516.7958656332,-516.7958656332,0E-7,9,8,0.48243775937500000,0.468278718750,-2.554396872032074,-2.48289989106456,-2.554396872032074,0.01415904062500000,SENTINEL_DEALER,R03b_20260811_FULL_v1,L1_ELIGIBILITY,v2026-08-11,2026-03-21..2026-08-06,baccarat_bet02_101_all_pairs_incl_sentinel,round_win = game_pnl > 0 (decisive only),COMPATIBILITY_ONLY_NOT_PRODUCTION,234885.8996,214754.2105,9869.7735,3689,3015,-0.04201944,-0.00608590,-0.04816467,-0.04201944,-9869.7735,234885.8996,OK,0.0000,394.7909,4.0000,96.0000,AG03-UNRESOLVED,ALL5_LEVELS_bet23_to_bet27,394.7909,394.7909,394.7909,394.7909,394.7909,4.000000,4.000000,4.000000,4.000000,4.000000,96.000000,96.000000,96.000000,96.000000,96.000000,5.0,1973.9547,1822.2297,7895.8188,8047.5438,PENDING_AG03,FALSE,NOT_FOR_ENFORCEMENT,9474.9825,206164.0421,9869.7735,9474.9825,394.7909,0.04201944,0.04033866,394.7909,9474.9825,0.04033866,394.7909,394.7909,394.7909,394.7909,394.7909,9474.9825,0.04033866,1973.9547,1822.2297,7895.8188,8047.5438,0.03361555,0.0342615,0.00168078,63.6720,71.2286,3.2736,143.0402,5.0692,3404.1435,43.6957,64.4793,63.5359,42.5677,43.0663,85.2079,124.7713,127.8119,154.8004,42.604,-41.336,2.967791,3.594466,1.478463,30,203,130,8,0.14604117,0.04201944,0.00608590,0E-8,0.000000,0.914292,0.640282,0.04207877,2026-03-23,2026-08-04,69,1947,1162,135,0.511111,1.014849,1.012680,0.486804,,,,,,,,GLOBAL_BASELINE_NO_ENTITY_RANKING,,,NOT_APPLICABLE_GLOBAL_BASELINE,HF9g-P5,,,,X 全窗基线 · 不参与实体赏罚,15050486,1506,A168_HF9F_20260827_0900,2026-08-27 09:00:00
2026-05-14,74657362,1004,0,344.5305770888,86.1326442722,86.1326442722,0.6666667,4,4,0.49324550000000000,0.493245500000,0.6008033672792107,0.6008033672792106,0.6008033672792107,0E-17,ELIGIBLE,R03b_20260811_FULL_v1,L1_ELIGIBILITY,v2026-08-11,2026-03-21..2026-08-06,baccarat_bet02_101_all_pairs_incl_sentinel,round_win = game_pnl > 0 (decisive only),COMPATIBILITY_ONLY_NOT_PRODUCTION,234885.8996,214754.2105,9869.7735,3689,3015,-0.04201944,-0.00608590,-0.04816467,-0.04201944,-9869.7735,234885.8996,OK,0.0000,394.7909,4.0000,96.0000,AG03-UNRESOLVED,ALL5_LEVELS_bet23_to_bet27,394.7909,394.7909,394.7909,394.7909,394.7909,4.000000,4.000000,4.000000,4.000000,4.000000,96.000000,96.000000,96.000000,96.000000,96.000000,5.0,1973.9547,1822.2297,7895.8188,8047.5438,PENDING_AG03,FALSE,NOT_FOR_ENFORCEMENT,9474.9825,206164.0421,9869.7735,9474.9825,394.7909,0.04201944,0.04033866,394.7909,9474.9825,0.04033866,394.7909,394.7909,394.7909,394.7909,394.7909,9474.9825,0.04033866,1973.9547,1822.2297,7895.8188,8047.5438,0.03361555,0.0342615,0.00168078,63.6720,71.2286,3.2736,143.0402,5.0692,3404.1435,43.6957,64.4793,63.5359,42.5677,43.0663,85.2079,124.7713,127.8119,154.8004,42.604,-41.336,2.967791,3.594466,1.478463,30,203,130,8,0.14604117,0.04201944,0.00608590,0E-8,0.000000,0.914292,0.640282,0.04207877,2026-03-23,2026-08-04,69,1947,1162,135,0.511111,1.014849,1.012680,0.486804,,,,,,,,GLOBAL_BASELINE_NO_ENTITY_RANKING,,,NOT_APPLICABLE_GLOBAL_BASELINE,HF9g-P5,,,,X 全窗基线 · 不参与实体赏罚,15050487,1506,A168_HF9F_20260827_0900,2026-08-27 09:00:00
2026-05-14,74657362,1109,0,172.2652885444,86.1326442722,86.1326442722,1.0000000,2,1,0.39337837500000000,0.280106050000,1.2418058546638626,1.6031457840727341,1.2418058546638626,0.11327232500000000,ELIGIBLE,R03b_20260811_FULL_v1,L1_ELIGIBILITY,v2026-08-11,2026-03-21..2026-08-06,baccarat_bet02_101_all_pairs_incl_sentinel,round_win = game_pnl > 0 (decisive only),COMPATIBILITY_ONLY_NOT_PRODUCTION,234885.8996,214754.2105,9869.7735,3689,3015,-0.04201944,-0.00608590,-0.04816467,-0.04201944,-9869.7735,234885.8996,OK,0.0000,394.7909,4.0000,96.0000,AG03-UNRESOLVED,ALL5_LEVELS_bet23_to_bet27,394.7909,394.7909,394.7909,394.7909,394.7909,4.000000,4.000000,4.000000,4.000000,4.000000,96.000000,96.000000,96.000000,96.000000,96.000000,5.0,1973.9547,1822.2297,7895.8188,8047.5438,PENDING_AG03,FALSE,NOT_FOR_ENFORCEMENT,9474.9825,206164.0421,9869.7735,9474.9825,394.7909,0.04201944,0.04033866,394.7909,9474.9825,0.04033866,394.7909,394.7909,394.7909,394.7909,394.7909,9474.9825,0.04033866,1973.9547,1822.2297,7895.8188,8047.5438,0.03361555,0.0342615,0.00168078,63.6720,71.2286,3.2736,143.0402,5.0692,3404.1435,43.6957,64.4793,63.5359,42.5677,43.0663,85.2079,124.7713,127.8119,154.8004,42.604,-41.336,2.967791,3.594466,1.478463,30,203,130,8,0.14604117,0.04201944,0.00608590,0E-8,0.000000,0.914292,0.640282,0.04207877,2026-03-23,2026-08-04,69,1947,1162,135,0.511111,1.014849,1.012680,0.486804,,,,,,,,GLOBAL_BASELINE_NO_ENTITY_RANKING,,,NOT_APPLICABLE_GLOBAL_BASELINE,HF9g-P5,,,,X 全窗基线 · 不参与实体赏罚,15050488,1506,A168_HF9F_20260827_0900,2026-08-27 09:00:00
2026-05-14,74657362,1205,0,86.1326442722,86.1326442722,86.1326442722,1.0000000,1,1,0.50665070000000000,0.506650700000,0.9867858985152569,0.9867858985152569,0.9867858985152569,0E-17,ELIGIBLE,R03b_20260811_FULL_v1,L1_ELIGIBILITY,v2026-08-11,2026-03-21..2026-08-06,baccarat_bet02_101_all_pairs_incl_sentinel,round_win = game_pnl > 0 (decisive only),COMPATIBILITY_ONLY_NOT_PRODUCTION,234885.8996,214754.2105,9869.7735,3689,3015,-0.04201944,-0.00608590,-0.04816467,-0.04201944,-9869.7735,234885.8996,OK,0.0000,394.7909,4.0000,96.0000,AG03-UNRESOLVED,ALL5_LEVELS_bet23_to_bet27,394.7909,394.7909,394.7909,394.7909,394.7909,4.000000,4.000000,4.000000,4.000000,4.000000,96.000000,96.000000,96.000000,96.000000,96.000000,5.0,1973.9547,1822.2297,7895.8188,8047.5438,PENDING_AG03,FALSE,NOT_FOR_ENFORCEMENT,9474.9825,206164.0421,9869.7735,9474.9825,394.7909,0.04201944,0.04033866,394.7909,9474.9825,0.04033866,394.7909,394.7909,394.7909,394.7909,394.7909,9474.9825,0.04033866,1973.9547,1822.2297,7895.8188,8047.5438,0.03361555,0.0342615,0.00168078,63.6720,71.2286,3.2736,143.0402,5.0692,3404.1435,43.6957,64.4793,63.5359,42.5677,43.0663,85.2079,124.7713,127.8119,154.8004,42.604,-41.336,2.967791,3.594466,1.478463,30,203,130,8,0.14604117,0.04201944,0.00608590,0E-8,0.000000,0.914292,0.640282,0.04207877,2026-03-23,2026-08-04,69,1947,1162,135,0.511111,1.014849,1.012680,0.486804,,,,,,,,GLOBAL_BASELINE_NO_ENTITY_RANKING,,,NOT_APPLICABLE_GLOBAL_BASELINE,HF9g-P5,,,,X 全窗基线 · 不参与实体赏罚,15050489,1506,A168_HF9F_20260827_0900,2026-08-27 09:00:00
2026-05-14,74657362,1318,0,43.0663221361,-43.0663221361,-43.0663221361,0E-7,1,1,0.49324550000000000,0.493245500000,-0.9865810262130424,-0.9865810262130424,-0.9865810262130424,0E-17,ELIGIBLE,R03b_20260811_FULL_v1,L1_ELIGIBILITY,v2026-08-11,2026-03-21..2026-08-06,baccarat_bet02_101_all_pairs_incl_sentinel,round_win = game_pnl > 0 (decisive only),COMPATIBILITY_ONLY_NOT_PRODUCTION,234885.8996,214754.2105,9869.7735,3689,3015,-0.04201944,-0.00608590,-0.04816467,-0.04201944,-9869.7735,234885.8996,OK,0.0000,394.7909,4.0000,96.0000,AG03-UNRESOLVED,ALL5_LEVELS_bet23_to_bet27,394.7909,394.7909,394.7909,394.7909,394.7909,4.000000,4.000000,4.000000,4.000000,4.000000,96.000000,96.000000,96.000000,96.000000,96.000000,5.0,1973.9547,1822.2297,7895.8188,8047.5438,PENDING_AG03,FALSE,NOT_FOR_ENFORCEMENT,9474.9825,206164.0421,9869.7735,9474.9825,394.7909,0.04201944,0.04033866,394.7909,9474.9825,0.04033866,394.7909,394.7909,394.7909,394.7909,394.7909,9474.9825,0.04033866,1973.9547,1822.2297,7895.8188,8047.5438,0.03361555,0.0342615,0.00168078,63.6720,71.2286,3.2736,143.0402,5.0692,3404.1435,43.6957,64.4793,63.5359,42.5677,43.0663,85.2079,124.7713,127.8119,154.8004,42.604,-41.336,2.967791,3.594466,1.478463,30,203,130,8,0.14604117,0.04201944,0.00608590,0E-8,0.000000,0.914292,0.640282,0.04207877,2026-03-23,2026-08-04,69,1947,1162,135,0.511111,1.014849,1.012680,0.486804,,,,,,,,GLOBAL_BASELINE_NO_ENTITY_RANKING,,,NOT_APPLICABLE_GLOBAL_BASELINE,HF9g-P5,,,,X 全窗基线 · 不参与实体赏罚,15050490,1506,A168_HF9F_20260827_0900,2026-08-27 09:00:00
2026-05-14,74657362,1646,0,172.2652885444,0E-10,0E-10,0.5000000,2,2,0.50665070000000000,0.506650700000,-0.018812684590367487,-0.018812684590367487,-0.018812684590367487,0E-17,ELIGIBLE,R03b_20260811_FULL_v1,L1_ELIGIBILITY,v2026-08-11,2026-03-21..2026-08-06,baccarat_bet02_101_all_pairs_incl_sentinel,round_win = game_pnl > 0 (decisive only),COMPATIBILITY_ONLY_NOT_PRODUCTION,234885.8996,214754.2105,9869.7735,3689,3015,-0.04201944,-0.00608590,-0.04816467,-0.04201944,-9869.7735,234885.8996,OK,0.0000,394.7909,4.0000,96.0000,AG03-UNRESOLVED,ALL5_LEVELS_bet23_to_bet27,394.7909,394.7909,394.7909,394.7909,394.7909,4.000000,4.000000,4.000000,4.000000,4.000000,96.000000,96.000000,96.000000,96.000000,96.000000,5.0,1973.9547,1822.2297,7895.8188,8047.5438,PENDING_AG03,FALSE,NOT_FOR_ENFORCEMENT,9474.9825,206164.0421,9869.7735,9474.9825,394.7909,0.04201944,0.04033866,394.7909,9474.9825,0.04033866,394.7909,394.7909,394.7909,394.7909,394.7909,9474.9825,0.04033866,1973.9547,1822.2297,7895.8188,8047.5438,0.03361555,0.0342615,0.00168078,63.6720,71.2286,3.2736,143.0402,5.0692,3404.1435,43.6957,64.4793,63.5359,42.5677,43.0663,85.2079,124.7713,127.8119,154.8004,42.604,-41.336,2.967791,3.594466,1.478463,30,203,130,8,0.14604117,0.04201944,0.00608590,0E-8,0.000000,0.914292,0.640282,0.04207877,2026-03-23,2026-08-04,69,1947,1162,135,0.511111,1.014849,1.012680,0.486804,,,,,,,,GLOBAL_BASELINE_NO_ENTITY_RANKING,,,NOT_APPLICABLE_GLOBAL_BASELINE,HF9g-P5,,,,X 全窗基线 · 不参与实体赏罚,15050491,1506,A168_HF9F_20260827_0900,2026-08-27 09:00:00
2026-05-14,74657362,1654,0,43.0663221361,-43.0663221361,-43.0663221361,0E-7,1,1,0.49324550000000000,0.493245500000,-0.9865810262130424,-0.9865810262130424,-0.9865810262130424,0E-17,ELIGIBLE,R03b_20260811_FULL_v1,L1_ELIGIBILITY,v2026-08-11,2026-03-21..2026-08-06,baccarat_bet02_101_all_pairs_incl_sentinel,round_win = game_pnl > 0 (decisive only),COMPATIBILITY_ONLY_NOT_PRODUCTION,234885.8996,214754.2105,9869.7735,3689,3015,-0.04201944,-0.00608590,-0.04816467,-0.04201944,-9869.7735,234885.8996,OK,0.0000,394.7909,4.0000,96.0000,AG03-UNRESOLVED,ALL5_LEVELS_bet23_to_bet27,394.7909,394.7909,394.7909,394.7909,394.7909,4.000000,4.000000,4.000000,4.000000,4.000000,96.000000,96.000000,96.000000,96.000000,96.000000,5.0,1973.9547,1822.2297,7895.8188,8047.5438,PENDING_AG03,FALSE,NOT_FOR_ENFORCEMENT,9474.9825,206164.0421,9869.7735,9474.9825,394.7909,0.04201944,0.04033866,394.7909,9474.9825,0.04033866,394.7909,394.7909,394.7909,394.7909,394.7909,9474.9825,0.04033866,1973.9547,1822.2297,7895.8188,8047.5438,0.03361555,0.0342615,0.00168078,63.6720,71.2286,3.2736,143.0402,5.0692,3404.1435,43.6957,64.4793,63.5359,42.5677,43.0663,85.2079,124.7713,127.8119,154.8004,42.604,-41.336,2.967791,3.594466,1.478463,30,203,130,8,0.14604117,0.04201944,0.00608590,0E-8,0.000000,0.914292,0.640282,0.04207877,2026-03-23,2026-08-04,69,1947,1162,135,0.511111,1.014849,1.012680,0.486804,,,,,,,,GLOBAL_BASELINE_NO_ENTITY_RANKING,,,NOT_APPLICABLE_GLOBAL_BASELINE,HF9g-P5,,,,X 全窗基线 · 不参与实体赏罚,15050492,1506,A168_HF9F_20260827_0900,2026-08-27 09:00:00
2026-05-14,74657362,1951,0,86.1326442722,-86.1326442722,-86.1326442722,0E-7,1,1,0.49324550000000000,0.493245500000,-0.9865810262130424,-0.9865810262130424,-0.9865810262130424,0E-17,ELIGIBLE,R03b_20260811_FULL_v1,L1_ELIGIBILITY,v2026-08-11,2026-03-21..2026-08-06,baccarat_bet02_101_all_pairs_incl_sentinel,round_win = game_pnl > 0 (decisive only),COMPATIBILITY_ONLY_NOT_PRODUCTION,234885.8996,214754.2105,9869.7735,3689,3015,-0.04201944,-0.00608590,-0.04816467,-0.04201944,-9869.7735,234885.8996,OK,0.0000,394.7909,4.0000,96.0000,AG03-UNRESOLVED,ALL5_LEVELS_bet23_to_bet27,394.7909,394.7909,394.7909,394.7909,394.7909,4.000000,4.000000,4.000000,4.000000,4.000000,96.000000,96.000000,96.000000,96.000000,96.000000,5.0,1973.9547,1822.2297,7895.8188,8047.5438,PENDING_AG03,FALSE,NOT_FOR_ENFORCEMENT,9474.9825,206164.0421,9869.7735,9474.9825,394.7909,0.04201944,0.04033866,394.7909,9474.9825,0.04033866,394.7909,394.7909,394.7909,394.7909,394.7909,9474.9825,0.04033866,1973.9547,1822.2297,7895.8188,8047.5438,0.03361555,0.0342615,0.00168078,63.6720,71.2286,3.2736,143.0402,5.0692,3404.1435,43.6957,64.4793,63.5359,42.5677,43.0663,85.2079,124.7713,127.8119,154.8004,42.604,-41.336,2.967791,3.594466,1.478463,30,203,130,8,0.14604117,0.04201944,0.00608590,0E-8,0.000000,0.914292,0.640282,0.04207877,2026-03-23,2026-08-04,69,1947,1162,135,0.511111,1.014849,1.012680,0.486804,,,,,,,,GLOBAL_BASELINE_NO_ENTITY_RANKING,,,NOT_APPLICABLE_GLOBAL_BASELINE,HF9g-P5,,,,X 全窗基线 · 不参与实体赏罚,15050493,1506,A168_HF9F_20260827_0900,2026-08-27 09:00:00
2026-05-14,74657362,1957,0,86.1326442722,-86.1326442722,-86.1326442722,0E-7,1,1,0.49324550000000000,0.493245500000,-0.9865810262130424,-0.9865810262130424,-0.9865810262130424,0E-17,ELIGIBLE,R03b_20260811_FULL_v1,L1_ELIGIBILITY,v2026-08-11,2026-03-21..2026-08-06,baccarat_bet02_101_all_pairs_incl_sentinel,round_win = game_pnl > 0 (decisive only),COMPATIBILITY_ONLY_NOT_PRODUCTION,234885.8996,214754.2105,9869.7735,3689,3015,-0.04201944,-0.00608590,-0.04816467,-0.04201944,-9869.7735,234885.8996,OK,0.0000,394.7909,4.0000,96.0000,AG03-UNRESOLVED,ALL5_LEVELS_bet23_to_bet27,394.7909,394.7909,394.7909,394.7909,394.7909,4.000000,4.000000,4.000000,4.000000,4.000000,96.000000,96.000000,96.000000,96.000000,96.000000,5.0,1973.9547,1822.2297,7895.8188,8047.5438,PENDING_AG03,FALSE,NOT_FOR_ENFORCEMENT,9474.9825,206164.0421,9869.7735,9474.9825,394.7909,0.04201944,0.04033866,394.7909,9474.9825,0.04033866,394.7909,394.7909,394.7909,394.7909,394.7909,9474.9825,0.04033866,1973.9547,1822.2297,7895.8188,8047.5438,0.03361555,0.0342615,0.00168078,63.6720,71.2286,3.2736,143.0402,5.0692,3404.1435,43.6957,64.4793,63.5359,42.5677,43.0663,85.2079,124.7713,127.8119,154.8004,42.604,-41.336,2.967791,3.594466,1.478463,30,203,130,8,0.14604117,0.04201944,0.00608590,0E-8,0.000000,0.914292,0.640282,0.04207877,2026-03-23,2026-08-04,69,1947,1162,135,0.511111,1.014849,1.012680,0.486804,,,,,,,,GLOBAL_BASELINE_NO_ENTITY_RANKING,,,NOT_APPLICABLE_GLOBAL_BASELINE,HF9g-P5,,,,X 全窗基线 · 不参与实体赏罚,15050494,1506,A168_HF9F_20260827_0900,2026-08-27 09:00:00
2026-05-14,74657362,2093,0,86.1326442722,-86.1326442722,-86.1326442722,0E-7,1,1,0.49324550000000000,0.493245500000,-0.9865810262130424,-0.9865810262130424,-0.9865810262130424,0E-17,ELIGIBLE,R03b_20260811_FULL_v1,L1_ELIGIBILITY,v2026-08-11,2026-03-21..2026-08-06,baccarat_bet02_101_all_pairs_incl_sentinel,round_win = game_pnl > 0 (decisive only),COMPATIBILITY_ONLY_NOT_PRODUCTION,234885.8996,214754.2105,9869.7735,3689,3015,-0.04201944,-0.00608590,-0.04816467,-0.04201944,-9869.7735,234885.8996,OK,0.0000,394.7909,4.0000,96.0000,AG03-UNRESOLVED,ALL5_LEVELS_bet23_to_bet27,394.7909,394.7909,394.7909,394.7909,394.7909,4.000000,4.000000,4.000000,4.000000,4.000000,96.000000,96.000000,96.000000,96.000000,96.000000,5.0,1973.9547,1822.2297,7895.8188,8047.5438,PENDING_AG03,FALSE,NOT_FOR_ENFORCEMENT,9474.9825,206164.0421,9869.7735,9474.9825,394.7909,0.04201944,0.04033866,394.7909,9474.9825,0.04033866,394.7909,394.7909,394.7909,394.7909,394.7909,9474.9825,0.04033866,1973.9547,1822.2297,7895.8188,8047.5438,0.03361555,0.0342615,0.00168078,63.6720,71.2286,3.2736,143.0402,5.0692,3404.1435,43.6957,64.4793,63.5359,42.5677,43.0663,85.2079,124.7713,127.8119,154.8004,42.604,-41.336,2.967791,3.594466,1.478463,30,203,130,8,0.14604117,0.04201944,0.00608590,0E-8,0.000000,0.914292,0.640282,0.04207877,2026-03-23,2026-08-04,69,1947,1162,135,0.511111,1.014849,1.012680,0.486804,,,,,,,,GLOBAL_BASELINE_NO_ENTITY_RANKING,,,NOT_APPLICABLE_GLOBAL_BASELINE,HF9g-P5,,,,X 全窗基线 · 不参与实体赏罚,15050495,1506,A168_HF9F_20260827_0900,2026-08-27 09:00:00
2026-05-14,74657362,2106,0,172.2652885444,172.2652885444,172.2652885444,1.0000000,2,2,0.49324550000000000,0.493245500000,1.4334489766152358,1.4334489766152358,1.4334489766152358,0E-17,ELIGIBLE,R03b_20260811_FULL_v1,L1_ELIGIBILITY,v2026-08-11,2026-03-21..2026-08-06,baccarat_bet02_101_all_pairs_incl_sentinel,round_win = game_pnl > 0 (decisive only),COMPATIBILITY_ONLY_NOT_PRODUCTION,234885.8996,214754.2105,9869.7735,3689,3015,-0.04201944,-0.00608590,-0.04816467,-0.04201944,-9869.7735,234885.8996,OK,0.0000,394.7909,4.0000,96.0000,AG03-UNRESOLVED,ALL5_LEVELS_bet23_to_bet27,394.7909,394.7909,394.7909,394.7909,394.7909,4.000000,4.000000,4.000000,4.000000,4.000000,96.000000,96.000000,96.000000,96.000000,96.000000,5.0,1973.9547,1822.2297,7895.8188,8047.5438,PENDING_AG03,FALSE,NOT_FOR_ENFORCEMENT,9474.9825,206164.0421,9869.7735,9474.9825,394.7909,0.04201944,0.04033866,394.7909,9474.9825,0.04033866,394.7909,394.7909,394.7909,394.7909,394.7909,9474.9825,0.04033866,1973.9547,1822.2297,7895.8188,8047.5438,0.03361555,0.0342615,0.00168078,63.6720,71.2286,3.2736,143.0402,5.0692,3404.1435,43.6957,64.4793,63.5359,42.5677,43.0663,85.2079,124.7713,127.8119,154.8004,42.604,-41.336,2.967791,3.594466,1.478463,30,203,130,8,0.14604117,0.04201944,0.00608590,0E-8,0.000000,0.914292,0.640282,0.04207877,2026-03-23,2026-08-04,69,1947,1162,135,0.511111,1.014849,1.012680,0.486804,,,,,,,,GLOBAL_BASELINE_NO_ENTITY_RANKING,,,NOT_APPLICABLE_GLOBAL_BASELINE,HF9g-P5,,,,X 全窗基线 · 不参与实体赏罚,15050496,1506,A168_HF9F_20260827_0900,2026-08-27 09:00:00
2026-05-14,74657362,2147,0,86.1326442722,-86.1326442722,-86.1326442722,0E-7,1,1,0.49324550000000000,0.493245500000,-0.9865810262130424,-0.9865810262130424,-0.9865810262130424,0E-17,ELIGIBLE,R03b_20260811_FULL_v1,L1_ELIGIBILITY,v2026-08-11,2026-03-21..2026-08-06,baccarat_bet02_101_all_pairs_incl_sentinel,round_win = game_pnl > 0 (decisive only),COMPATIBILITY_ONLY_NOT_PRODUCTION,234885.8996,214754.2105,9869.7735,3689,3015,-0.04201944,-0.00608590,-0.04816467,-0.04201944,-9869.7735,234885.8996,OK,0.0000,394.7909,4.0000,96.0000,AG03-UNRESOLVED,ALL5_LEVELS_bet23_to_bet27,394.7909,394.7909,394.7909,394.7909,394.7909,4.000000,4.000000,4.000000,4.000000,4.000000,96.000000,96.000000,96.000000,96.000000,96.000000,5.0,1973.9547,1822.2297,7895.8188,8047.5438,PENDING_AG03,FALSE,NOT_FOR_ENFORCEMENT,9474.9825,206164.0421,9869.7735,9474.9825,394.7909,0.04201944,0.04033866,394.7909,9474.9825,0.04033866,394.7909,394.7909,394.7909,394.7909,394.7909,9474.9825,0.04033866,1973.9547,1822.2297,7895.8188,8047.5438,0.03361555,0.0342615,0.00168078,63.6720,71.2286,3.2736,143.0402,5.0692,3404.1435,43.6957,64.4793,63.5359,42.5677,43.0663,85.2079,124.7713,127.8119,154.8004,42.604,-41.336,2.967791,3.594466,1.478463,30,203,130,8,0.14604117,0.04201944,0.00608590,0E-8,0.000000,0.914292,0.640282,0.04207877,2026-03-23,2026-08-04,69,1947,1162,135,0.511111,1.014849,1.012680,0.486804,,,,,,,,GLOBAL_BASELINE_NO_ENTITY_RANKING,,,NOT_APPLICABLE_GLOBAL_BASELINE,HF9g-P5,,,,X 全窗基线 · 不参与实体赏罚,15050497,1506,A168_HF9F_20260827_0900,2026-08-27 09:00:00
2026-05-14,74657362,2156,0,258.3979328166,-172.2652885444,-172.2652885444,0E-7,3,3,0.49324550000000000,0.493245500000,-1.3952362676504506,-1.3952362676504506,-1.3952362676504506,0E-17,ELIGIBLE,R03b_20260811_FULL_v1,L1_ELIGIBILITY,v2026-08-11,2026-03-21..2026-08-06,baccarat_bet02_101_all_pairs_incl_sentinel,round_win = game_pnl > 0 (decisive only),COMPATIBILITY_ONLY_NOT_PRODUCTION,234885.8996,214754.2105,9869.7735,3689,3015,-0.04201944,-0.00608590,-0.04816467,-0.04201944,-9869.7735,234885.8996,OK,0.0000,394.7909,4.0000,96.0000,AG03-UNRESOLVED,ALL5_LEVELS_bet23_to_bet27,394.7909,394.7909,394.7909,394.7909,394.7909,4.000000,4.000000,4.000000,4.000000,4.000000,96.000000,96.000000,96.000000,96.000000,96.000000,5.0,1973.9547,1822.2297,7895.8188,8047.5438,PENDING_AG03,FALSE,NOT_FOR_ENFORCEMENT,9474.9825,206164.0421,9869.7735,9474.9825,394.7909,0.04201944,0.04033866,394.7909,9474.9825,0.04033866,394.7909,394.7909,394.7909,394.7909,394.7909,9474.9825,0.04033866,1973.9547,1822.2297,7895.8188,8047.5438,0.03361555,0.0342615,0.00168078,63.6720,71.2286,3.2736,143.0402,5.0692,3404.1435,43.6957,64.4793,63.5359,42.5677,43.0663,85.2079,124.7713,127.8119,154.8004,42.604,-41.336,2.967791,3.594466,1.478463,30,203,130,8,0.14604117,0.04201944,0.00608590,0E-8,0.000000,0.914292,0.640282,0.04207877,2026-03-23,2026-08-04,69,1947,1162,135,0.511111,1.014849,1.012680,0.486804,,,,,,,,GLOBAL_BASELINE_NO_ENTITY_RANKING,,,NOT_APPLICABLE_GLOBAL_BASELINE,HF9g-P5,,,,X 全窗基线 · 不参与实体赏罚,15050498,1506,A168_HF9F_20260827_0900,2026-08-27 09:00:00
2026-05-14,74657362,2170,0,43.0663221361,-43.0663221361,-43.0663221361,0E-7,1,1,0.50665070000000000,0.506650700000,-1.013391052207602,-1.013391052207602,-1.013391052207602,0E-17,ELIGIBLE,R03b_20260811_FULL_v1,L1_ELIGIBILITY,v2026-08-11,2026-03-21..2026-08-06,baccarat_bet02_101_all_pairs_incl_sentinel,round_win = game_pnl > 0 (decisive only),COMPATIBILITY_ONLY_NOT_PRODUCTION,234885.8996,214754.2105,9869.7735,3689,3015,-0.04201944,-0.00608590,-0.04816467,-0.04201944,-9869.7735,234885.8996,OK,0.0000,394.7909,4.0000,96.0000,AG03-UNRESOLVED,ALL5_LEVELS_bet23_to_bet27,394.7909,394.7909,394.7909,394.7909,394.7909,4.000000,4.000000,4.000000,4.000000,4.000000,96.000000,96.000000,96.000000,96.000000,96.000000,5.0,1973.9547,1822.2297,7895.8188,8047.5438,PENDING_AG03,FALSE,NOT_FOR_ENFORCEMENT,9474.9825,206164.0421,9869.7735,9474.9825,394.7909,0.04201944,0.04033866,394.7909,9474.9825,0.04033866,394.7909,394.7909,394.7909,394.7909,394.7909,9474.9825,0.04033866,1973.9547,1822.2297,7895.8188,8047.5438,0.03361555,0.0342615,0.00168078,63.6720,71.2286,3.2736,143.0402,5.0692,3404.1435,43.6957,64.4793,63.5359,42.5677,43.0663,85.2079,124.7713,127.8119,154.8004,42.604,-41.336,2.967791,3.594466,1.478463,30,203,130,8,0.14604117,0.04201944,0.00608590,0E-8,0.000000,0.914292,0.640282,0.04207877,2026-03-23,2026-08-04,69,1947,1162,135,0.511111,1.014849,1.012680,0.486804,,,,,,,,GLOBAL_BASELINE_NO_ENTITY_RANKING,,,NOT_APPLICABLE_GLOBAL_BASELINE,HF9g-P5,,,,X 全窗基线 · 不参与实体赏罚,15050499,1506,A168_HF9F_20260827_0900,2026-08-27 09:00:00
2026-05-14,74657362,2177,0,86.1326442722,-86.1326442722,-86.1326442722,0E-7,1,1,0.49324550000000000,0.493245500000,-0.9865810262130424,-0.9865810262130424,-0.9865810262130424,0E-17,ELIGIBLE,R03b_20260811_FULL_v1,L1_ELIGIBILITY,v2026-08-11,2026-03-21..2026-08-06,baccarat_bet02_101_all_pairs_incl_sentinel,round_win = game_pnl > 0 (decisive only),COMPATIBILITY_ONLY_NOT_PRODUCTION,234885.8996,214754.2105,9869.7735,3689,3015,-0.04201944,-0.00608590,-0.04816467,-0.04201944,-9869.7735,234885.8996,OK,0.0000,394.7909,4.0000,96.0000,AG03-UNRESOLVED,ALL5_LEVELS_bet23_to_bet27,394.7909,394.7909,394.7909,394.7909,394.7909,4.000000,4.000000,4.000000,4.000000,4.000000,96.000000,96.000000,96.000000,96.000000,96.000000,5.0,1973.9547,1822.2297,7895.8188,8047.5438,PENDING_AG03,FALSE,NOT_FOR_ENFORCEMENT,9474.9825,206164.0421,9869.7735,9474.9825,394.7909,0.04201944,0.04033866,394.7909,9474.9825,0.04033866,394.7909,394.7909,394.7909,394.7909,394.7909,9474.9825,0.04033866,1973.9547,1822.2297,7895.8188,8047.5438,0.03361555,0.0342615,0.00168078,63.6720,71.2286,3.2736,143.0402,5.0692,3404.1435,43.6957,64.4793,63.5359,42.5677,43.0663,85.2079,124.7713,127.8119,154.8004,42.604,-41.336,2.967791,3.594466,1.478463,30,203,130,8,0.14604117,0.04201944,0.00608590,0E-8,0.000000,0.914292,0.640282,0.04207877,2026-03-23,2026-08-04,69,1947,1162,135,0.511111,1.014849,1.012680,0.486804,,,,,,,,GLOBAL_BASELINE_NO_ENTITY_RANKING,,,NOT_APPLICABLE_GLOBAL_BASELINE,HF9g-P5,,,,X 全窗基线 · 不参与实体赏罚,15050500,1506,A168_HF9F_20260827_0900,2026-08-27 09:00:00
2026-05-14,74657362,2212,0,43.0663221361,43.0663221361,43.0663221361,1.0000000,1,1,0.49324550000000000,0.493245500000,1.01360149184955,1.01360149184955,1.01360149184955,0E-17,ELIGIBLE,R03b_20260811_FULL_v1,L1_ELIGIBILITY,v2026-08-11,2026-03-21..2026-08-06,baccarat_bet02_101_all_pairs_incl_sentinel,round_win = game_pnl > 0 (decisive only),COMPATIBILITY_ONLY_NOT_PRODUCTION,234885.8996,214754.2105,9869.7735,3689,3015,-0.04201944,-0.00608590,-0.04816467,-0.04201944,-9869.7735,234885.8996,OK,0.0000,394.7909,4.0000,96.0000,AG03-UNRESOLVED,ALL5_LEVELS_bet23_to_bet27,394.7909,394.7909,394.7909,394.7909,394.7909,4.000000,4.000000,4.000000,4.000000,4.000000,96.000000,96.000000,96.000000,96.000000,96.000000,5.0,1973.9547,1822.2297,7895.8188,8047.5438,PENDING_AG03,FALSE,NOT_FOR_ENFORCEMENT,9474.9825,206164.0421,9869.7735,9474.9825,394.7909,0.04201944,0.04033866,394.7909,9474.9825,0.04033866,394.7909,394.7909,394.7909,394.7909,394.7909,9474.9825,0.04033866,1973.9547,1822.2297,7895.8188,8047.5438,0.03361555,0.0342615,0.00168078,63.6720,71.2286,3.2736,143.0402,5.0692,3404.1435,43.6957,64.4793,63.5359,42.5677,43.0663,85.2079,124.7713,127.8119,154.8004,42.604,-41.336,2.967791,3.594466,1.478463,30,203,130,8,0.14604117,0.04201944,0.00608590,0E-8,0.000000,0.914292,0.640282,0.04207877,2026-03-23,2026-08-04,69,1947,1162,135,0.511111,1.014849,1.012680,0.486804,,,,,,,,GLOBAL_BASELINE_NO_ENTITY_RANKING,,,NOT_APPLICABLE_GLOBAL_BASELINE,HF9g-P5,,,,X 全窗基线 · 不参与实体赏罚,15050501,1506,A168_HF9F_20260827_0900,2026-08-27 09:00:00
2026-05-14,74657362,2218,0,86.1326442722,86.1326442722,86.1326442722,1.0000000,1,1,0.50665070000000000,0.506650700000,0.9867858985152569,0.9867858985152569,0.9867858985152569,0E-17,ELIGIBLE,R03b_20260811_FULL_v1,L1_ELIGIBILITY,v2026-08-11,2026-03-21..2026-08-06,baccarat_bet02_101_all_pairs_incl_sentinel,round_win = game_pnl > 0 (decisive only),COMPATIBILITY_ONLY_NOT_PRODUCTION,234885.8996,214754.2105,9869.7735,3689,3015,-0.04201944,-0.00608590,-0.04816467,-0.04201944,-9869.7735,234885.8996,OK,0.0000,394.7909,4.0000,96.0000,AG03-UNRESOLVED,ALL5_LEVELS_bet23_to_bet27,394.7909,394.7909,394.7909,394.7909,394.7909,4.000000,4.000000,4.000000,4.000000,4.000000,96.000000,96.000000,96.000000,96.000000,96.000000,5.0,1973.9547,1822.2297,7895.8188,8047.5438,PENDING_AG03,FALSE,NOT_FOR_ENFORCEMENT,9474.9825,206164.0421,9869.7735,9474.9825,394.7909,0.04201944,0.04033866,394.7909,9474.9825,0.04033866,394.7909,394.7909,394.7909,394.7909,394.7909,9474.9825,0.04033866,1973.9547,1822.2297,7895.8188,8047.5438,0.03361555,0.0342615,0.00168078,63.6720,71.2286,3.2736,143.0402,5.0692,3404.1435,43.6957,64.4793,63.5359,42.5677,43.0663,85.2079,124.7713,127.8119,154.8004,42.604,-41.336,2.967791,3.594466,1.478463,30,203,130,8,0.14604117,0.04201944,0.00608590,0E-8,0.000000,0.914292,0.640282,0.04207877,2026-03-23,2026-08-04,69,1947,1162,135,0.511111,1.014849,1.012680,0.486804,,,,,,,,GLOBAL_BASELINE_NO_ENTITY_RANKING,,,NOT_APPLICABLE_GLOBAL_BASELINE,HF9g-P5,,,,X 全窗基线 · 不参与实体赏罚,15050502,1506,A168_HF9F_20260827_0900,2026-08-27 09:00:00
2026-05-14,74657362,2234,0,43.0663221361,-43.0663221361,-43.0663221361,0E-7,1,1,0.50665070000000000,0.506650700000,-1.013391052207602,-1.013391052207602,-1.013391052207602,0E-17,ELIGIBLE,R03b_20260811_FULL_v1,L1_ELIGIBILITY,v2026-08-11,2026-03-21..2026-08-06,baccarat_bet02_101_all_pairs_incl_sentinel,round_win = game_pnl > 0 (decisive only),COMPATIBILITY_ONLY_NOT_PRODUCTION,234885.8996,214754.2105,9869.7735,3689,3015,-0.04201944,-0.00608590,-0.04816467,-0.04201944,-9869.7735,234885.8996,OK,0.0000,394.7909,4.0000,96.0000,AG03-UNRESOLVED,ALL5_LEVELS_bet23_to_bet27,394.7909,394.7909,394.7909,394.7909,394.7909,4.000000,4.000000,4.000000,4.000000,4.000000,96.000000,96.000000,96.000000,96.000000,96.000000,5.0,1973.9547,1822.2297,7895.8188,8047.5438,PENDING_AG03,FALSE,NOT_FOR_ENFORCEMENT,9474.9825,206164.0421,9869.7735,9474.9825,394.7909,0.04201944,0.04033866,394.7909,9474.9825,0.04033866,394.7909,394.7909,394.7909,394.7909,394.7909,9474.9825,0.04033866,1973.9547,1822.2297,7895.8188,8047.5438,0.03361555,0.0342615,0.00168078,63.6720,71.2286,3.2736,143.0402,5.0692,3404.1435,43.6957,64.4793,63.5359,42.5677,43.0663,85.2079,124.7713,127.8119,154.8004,42.604,-41.336,2.967791,3.594466,1.478463,30,203,130,8,0.14604117,0.04201944,0.00608590,0E-8,0.000000,0.914292,0.640282,0.04207877,2026-03-23,2026-08-04,69,1947,1162,135,0.511111,1.014849,1.012680,0.486804,,,,,,,,GLOBAL_BASELINE_NO_ENTITY_RANKING,,,NOT_APPLICABLE_GLOBAL_BASELINE,HF9g-P5,,,,X 全窗基线 · 不参与实体赏罚,15050503,1506,A168_HF9F_20260827_0900,2026-08-27 09:00:00
2026-05-14,74657362,2239,0,43.0663221361,-43.0663221361,-43.0663221361,0E-7,1,1,0.49324550000000000,0.493245500000,-0.9865810262130424,-0.9865810262130424,-0.9865810262130424,0E-17,ELIGIBLE,R03b_20260811_FULL_v1,L1_ELIGIBILITY,v2026-08-11,2026-03-21..2026-08-06,baccarat_bet02_101_all_pairs_incl_sentinel,round_win = game_pnl > 0 (decisive only),COMPATIBILITY_ONLY_NOT_PRODUCTION,234885.8996,214754.2105,9869.7735,3689,3015,-0.04201944,-0.00608590,-0.04816467,-0.04201944,-9869.7735,234885.8996,OK,0.0000,394.7909,4.0000,96.0000,AG03-UNRESOLVED,ALL5_LEVELS_bet23_to_bet27,394.7909,394.7909,394.7909,394.7909,394.7909,4.000000,4.000000,4.000000,4.000000,4.000000,96.000000,96.000000,96.000000,96.000000,96.000000,5.0,1973.9547,1822.2297,7895.8188,8047.5438,PENDING_AG03,FALSE,NOT_FOR_ENFORCEMENT,9474.9825,206164.0421,9869.7735,9474.9825,394.7909,0.04201944,0.04033866,394.7909,9474.9825,0.04033866,394.7909,394.7909,394.7909,394.7909,394.7909,9474.9825,0.04033866,1973.9547,1822.2297,7895.8188,8047.5438,0.03361555,0.0342615,0.00168078,63.6720,71.2286,3.2736,143.0402,5.0692,3404.1435,43.6957,64.4793,63.5359,42.5677,43.0663,85.2079,124.7713,127.8119,154.8004,42.604,-41.336,2.967791,3.594466,1.478463,30,203,130,8,0.14604117,0.04201944,0.00608590,0E-8,0.000000,0.914292,0.640282,0.04207877,2026-03-23,2026-08-04,69,1947,1162,135,0.511111,1.014849,1.012680,0.486804,,,,,,,,GLOBAL_BASELINE_NO_ENTITY_RANKING,,,NOT_APPLICABLE_GLOBAL_BASELINE,HF9g-P5,,,,X 全窗基线 · 不参与实体赏罚,15050504,1506,A168_HF9F_20260827_0900,2026-08-27 09:00:00
2026-05-14,74657362,2250,0,43.0663221361,43.0663221361,43.0663221361,1.0000000,1,1,0.49324550000000000,0.493245500000,1.01360149184955,1.01360149184955,1.01360149184955,0E-17,ELIGIBLE,R03b_20260811_FULL_v1,L1_ELIGIBILITY,v2026-08-11,2026-03-21..2026-08-06,baccarat_bet02_101_all_pairs_incl_sentinel,round_win = game_pnl > 0 (decisive only),COMPATIBILITY_ONLY_NOT_PRODUCTION,234885.8996,214754.2105,9869.7735,3689,3015,-0.04201944,-0.00608590,-0.04816467,-0.04201944,-9869.7735,234885.8996,OK,0.0000,394.7909,4.0000,96.0000,AG03-UNRESOLVED,ALL5_LEVELS_bet23_to_bet27,394.7909,394.7909,394.7909,394.7909,394.7909,4.000000,4.000000,4.000000,4.000000,4.000000,96.000000,96.000000,96.000000,96.000000,96.000000,5.0,1973.9547,1822.2297,7895.8188,8047.5438,PENDING_AG03,FALSE,NOT_FOR_ENFORCEMENT,9474.9825,206164.0421,9869.7735,9474.9825,394.7909,0.04201944,0.04033866,394.7909,9474.9825,0.04033866,394.7909,394.7909,394.7909,394.7909,394.7909,9474.9825,0.04033866,1973.9547,1822.2297,7895.8188,8047.5438,0.03361555,0.0342615,0.00168078,63.6720,71.2286,3.2736,143.0402,5.0692,3404.1435,43.6957,64.4793,63.5359,42.5677,43.0663,85.2079,124.7713,127.8119,154.8004,42.604,-41.336,2.967791,3.594466,1.478463,30,203,130,8,0.14604117,0.04201944,0.00608590,0E-8,0.000000,0.914292,0.640282,0.04207877,2026-03-23,2026-08-04,69,1947,1162,135,0.511111,1.014849,1.012680,0.486804,,,,,,,,GLOBAL_BASELINE_NO_ENTITY_RANKING,,,NOT_APPLICABLE_GLOBAL_BASELINE,HF9g-P5,,,,X 全窗基线 · 不参与实体赏罚,15050505,1506,A168_HF9F_20260827_0900,2026-08-27 09:00:00
2026-05-14,74657362,2267,0,86.1326442722,-86.1326442722,-86.1326442722,0E-7,1,1,0.49324550000000000,0.493245500000,-0.9865810262130424,-0.9865810262130424,-0.9865810262130424,0E-17,ELIGIBLE,R03b_20260811_FULL_v1,L1_ELIGIBILITY,v2026-08-11,2026-03-21..2026-08-06,baccarat_bet02_101_all_pairs_incl_sentinel,round_win = game_pnl > 0 (decisive only),COMPATIBILITY_ONLY_NOT_PRODUCTION,234885.8996,214754.2105,9869.7735,3689,3015,-0.04201944,-0.00608590,-0.04816467,-0.04201944,-9869.7735,234885.8996,OK,0.0000,394.7909,4.0000,96.0000,AG03-UNRESOLVED,ALL5_LEVELS_bet23_to_bet27,394.7909,394.7909,394.7909,394.7909,394.7909,4.000000,4.000000,4.000000,4.000000,4.000000,96.000000,96.000000,96.000000,96.000000,96.000000,5.0,1973.9547,1822.2297,7895.8188,8047.5438,PENDING_AG03,FALSE,NOT_FOR_ENFORCEMENT,9474.9825,206164.0421,9869.7735,9474.9825,394.7909,0.04201944,0.04033866,394.7909,9474.9825,0.04033866,394.7909,394.7909,394.7909,394.7909,394.7909,9474.9825,0.04033866,1973.9547,1822.2297,7895.8188,8047.5438,0.03361555,0.0342615,0.00168078,63.6720,71.2286,3.2736,143.0402,5.0692,3404.1435,43.6957,64.4793,63.5359,42.5677,43.0663,85.2079,124.7713,127.8119,154.8004,42.604,-41.336,2.967791,3.594466,1.478463,30,203,130,8,0.14604117,0.04201944,0.00608590,0E-8,0.000000,0.914292,0.640282,0.04207877,2026-03-23,2026-08-04,69,1947,1162,135,0.511111,1.014849,1.012680,0.486804,,,,,,,,GLOBAL_BASELINE_NO_ENTITY_RANKING,,,NOT_APPLICABLE_GLOBAL_BASELINE,HF9g-P5,,,,X 全窗基线 · 不参与实体赏罚,15050506,1506,A168_HF9F_20260827_0900,2026-08-27 09:00:00
2026-05-14,74657362,2272,0,86.1326442722,-86.1326442722,-86.1326442722,0E-7,1,1,0.49324550000000000,0.493245500000,-0.9865810262130424,-0.9865810262130424,-0.9865810262130424,0E-17,ELIGIBLE,R03b_20260811_FULL_v1,L1_ELIGIBILITY,v2026-08-11,2026-03-21..2026-08-06,baccarat_bet02_101_all_pairs_incl_sentinel,round_win = game_pnl > 0 (decisive only),COMPATIBILITY_ONLY_NOT_PRODUCTION,234885.8996,214754.2105,9869.7735,3689,3015,-0.04201944,-0.00608590,-0.04816467,-0.04201944,-9869.7735,234885.8996,OK,0.0000,394.7909,4.0000,96.0000,AG03-UNRESOLVED,ALL5_LEVELS_bet23_to_bet27,394.7909,394.7909,394.7909,394.7909,394.7909,4.000000,4.000000,4.000000,4.000000,4.000000,96.000000,96.000000,96.000000,96.000000,96.000000,5.0,1973.9547,1822.2297,7895.8188,8047.5438,PENDING_AG03,FALSE,NOT_FOR_ENFORCEMENT,9474.9825,206164.0421,9869.7735,9474.9825,394.7909,0.04201944,0.04033866,394.7909,9474.9825,0.04033866,394.7909,394.7909,394.7909,394.7909,394.7909,9474.9825,0.04033866,1973.9547,1822.2297,7895.8188,8047.5438,0.03361555,0.0342615,0.00168078,63.6720,71.2286,3.2736,143.0402,5.0692,3404.1435,43.6957,64.4793,63.5359,42.5677,43.0663,85.2079,124.7713,127.8119,154.8004,42.604,-41.336,2.967791,3.594466,1.478463,30,203,130,8,0.14604117,0.04201944,0.00608590,0E-8,0.000000,0.914292,0.640282,0.04207877,2026-03-23,2026-08-04,69,1947,1162,135,0.511111,1.014849,1.012680,0.486804,,,,,,,,GLOBAL_BASELINE_NO_ENTITY_RANKING,,,NOT_APPLICABLE_GLOBAL_BASELINE,HF9g-P5,,,,X 全窗基线 · 不参与实体赏罚,15050507,1506,A168_HF9F_20260827_0900,2026-08-27 09:00:00
2026-05-14,74657362,2274,0,86.1326442722,-86.1326442722,-86.1326442722,0E-7,1,1,0.49324550000000000,0.493245500000,-0.9865810262130424,-0.9865810262130424,-0.9865810262130424,0E-17,ELIGIBLE,R03b_20260811_FULL_v1,L1_ELIGIBILITY,v2026-08-11,2026-03-21..2026-08-06,baccarat_bet02_101_all_pairs_incl_sentinel,round_win = game_pnl > 0 (decisive only),COMPATIBILITY_ONLY_NOT_PRODUCTION,234885.8996,214754.2105,9869.7735,3689,3015,-0.04201944,-0.00608590,-0.04816467,-0.04201944,-9869.7735,234885.8996,OK,0.0000,394.7909,4.0000,96.0000,AG03-UNRESOLVED,ALL5_LEVELS_bet23_to_bet27,394.7909,394.7909,394.7909,394.7909,394.7909,4.000000,4.000000,4.000000,4.000000,4.000000,96.000000,96.000000,96.000000,96.000000,96.000000,5.0,1973.9547,1822.2297,7895.8188,8047.5438,PENDING_AG03,FALSE,NOT_FOR_ENFORCEMENT,9474.9825,206164.0421,9869.7735,9474.9825,394.7909,0.04201944,0.04033866,394.7909,9474.9825,0.04033866,394.7909,394.7909,394.7909,394.7909,394.7909,9474.9825,0.04033866,1973.9547,1822.2297,7895.8188,8047.5438,0.03361555,0.0342615,0.00168078,63.6720,71.2286,3.2736,143.0402,5.0692,3404.1435,43.6957,64.4793,63.5359,42.5677,43.0663,85.2079,124.7713,127.8119,154.8004,42.604,-41.336,2.967791,3.594466,1.478463,30,203,130,8,0.14604117,0.04201944,0.00608590,0E-8,0.000000,0.914292,0.640282,0.04207877,2026-03-23,2026-08-04,69,1947,1162,135,0.511111,1.014849,1.012680,0.486804,,,,,,,,GLOBAL_BASELINE_NO_ENTITY_RANKING,,,NOT_APPLICABLE_GLOBAL_BASELINE,HF9g-P5,,,,X 全窗基线 · 不参与实体赏罚,15050508,1506,A168_HF9F_20260827_0900,2026-08-27 09:00:00
2026-05-14,74657362,462,0,43.0663221361,43.0663221361,43.0663221361,1.0000000,1,1,0.49324550000000000,0.493245500000,1.01360149184955,1.01360149184955,1.01360149184955,0E-17,ELIGIBLE,R03b_20260811_FULL_v1,L1_ELIGIBILITY,v2026-08-11,2026-03-21..2026-08-06,baccarat_bet02_101_all_pairs_incl_sentinel,round_win = game_pnl > 0 (decisive only),COMPATIBILITY_ONLY_NOT_PRODUCTION,234885.8996,214754.2105,9869.7735,3689,3015,-0.04201944,-0.00608590,-0.04816467,-0.04201944,-9869.7735,234885.8996,OK,0.0000,394.7909,4.0000,96.0000,AG03-UNRESOLVED,ALL5_LEVELS_bet23_to_bet27,394.7909,394.7909,394.7909,394.7909,394.7909,4.000000,4.000000,4.000000,4.000000,4.000000,96.000000,96.000000,96.000000,96.000000,96.000000,5.0,1973.9547,1822.2297,7895.8188,8047.5438,PENDING_AG03,FALSE,NOT_FOR_ENFORCEMENT,9474.9825,206164.0421,9869.7735,9474.9825,394.7909,0.04201944,0.04033866,394.7909,9474.9825,0.04033866,394.7909,394.7909,394.7909,394.7909,394.7909,9474.9825,0.04033866,1973.9547,1822.2297,7895.8188,8047.5438,0.03361555,0.0342615,0.00168078,63.6720,71.2286,3.2736,143.0402,5.0692,3404.1435,43.6957,64.4793,63.5359,42.5677,43.0663,85.2079,124.7713,127.8119,154.8004,42.604,-41.336,2.967791,3.594466,1.478463,30,203,130,8,0.14604117,0.04201944,0.00608590,0E-8,0.000000,0.914292,0.640282,0.04207877,2026-03-23,2026-08-04,69,1947,1162,135,0.511111,1.014849,1.012680,0.486804,,,,,,,,GLOBAL_BASELINE_NO_ENTITY_RANKING,,,NOT_APPLICABLE_GLOBAL_BASELINE,HF9g-P5,,,,X 全窗基线 · 不参与实体赏罚,15050509,1506,A168_HF9F_20260827_0900,2026-08-27 09:00:00
2026-05-14,74657362,526,0,43.0663221361,-43.0663221361,-43.0663221361,0E-7,1,1,0.50665070000000000,0.506650700000,-1.013391052207602,-1.013391052207602,-1.013391052207602,0E-17,ELIGIBLE,R03b_20260811_FULL_v1,L1_ELIGIBILITY,v2026-08-11,2026-03-21..2026-08-06,baccarat_bet02_101_all_pairs_incl_sentinel,round_win = game_pnl > 0 (decisive only),COMPATIBILITY_ONLY_NOT_PRODUCTION,234885.8996,214754.2105,9869.7735,3689,3015,-0.04201944,-0.00608590,-0.04816467,-0.04201944,-9869.7735,234885.8996,OK,0.0000,394.7909,4.0000,96.0000,AG03-UNRESOLVED,ALL5_LEVELS_bet23_to_bet27,394.7909,394.7909,394.7909,394.7909,394.7909,4.000000,4.000000,4.000000,4.000000,4.000000,96.000000,96.000000,96.000000,96.000000,96.000000,5.0,1973.9547,1822.2297,7895.8188,8047.5438,PENDING_AG03,FALSE,NOT_FOR_ENFORCEMENT,9474.9825,206164.0421,9869.7735,9474.9825,394.7909,0.04201944,0.04033866,394.7909,9474.9825,0.04033866,394.7909,394.7909,394.7909,394.7909,394.7909,9474.9825,0.04033866,1973.9547,1822.2297,7895.8188,8047.5438,0.03361555,0.0342615,0.00168078,63.6720,71.2286,3.2736,143.0402,5.0692,3404.1435,43.6957,64.4793,63.5359,42.5677,43.0663,85.2079,124.7713,127.8119,154.8004,42.604,-41.336,2.967791,3.594466,1.478463,30,203,130,8,0.14604117,0.04201944,0.00608590,0E-8,0.000000,0.914292,0.640282,0.04207877,2026-03-23,2026-08-04,69,1947,1162,135,0.511111,1.014849,1.012680,0.486804,,,,,,,,GLOBAL_BASELINE_NO_ENTITY_RANKING,,,NOT_APPLICABLE_GLOBAL_BASELINE,HF9g-P5,,,,X 全窗基线 · 不参与实体赏罚,15050510,1506,A168_HF9F_20260827_0900,2026-08-27 09:00:00
2026-05-14,74657362,583,0,258.3979328166,0E-10,0E-10,0.5000000,3,3,0.49324550000000000,0.493245500000,0.01910635448239258,0.01910635448239258,0.01910635448239258,0E-17,ELIGIBLE,R03b_20260811_FULL_v1,L1_ELIGIBILITY,v2026-08-11,2026-03-21..2026-08-06,baccarat_bet02_101_all_pairs_incl_sentinel,round_win = game_pnl > 0 (decisive only),COMPATIBILITY_ONLY_NOT_PRODUCTION,234885.8996,214754.2105,9869.7735,3689,3015,-0.04201944,-0.00608590,-0.04816467,-0.04201944,-9869.7735,234885.8996,OK,0.0000,394.7909,4.0000,96.0000,AG03-UNRESOLVED,ALL5_LEVELS_bet23_to_bet27,394.7909,394.7909,394.7909,394.7909,394.7909,4.000000,4.000000,4.000000,4.000000,4.000000,96.000000,96.000000,96.000000,96.000000,96.000000,5.0,1973.9547,1822.2297,7895.8188,8047.5438,PENDING_AG03,FALSE,NOT_FOR_ENFORCEMENT,9474.9825,206164.0421,9869.7735,9474.9825,394.7909,0.04201944,0.04033866,394.7909,9474.9825,0.04033866,394.7909,394.7909,394.7909,394.7909,394.7909,9474.9825,0.04033866,1973.9547,1822.2297,7895.8188,8047.5438,0.03361555,0.0342615,0.00168078,63.6720,71.2286,3.2736,143.0402,5.0692,3404.1435,43.6957,64.4793,63.5359,42.5677,43.0663,85.2079,124.7713,127.8119,154.8004,42.604,-41.336,2.967791,3.594466,1.478463,30,203,130,8,0.14604117,0.04201944,0.00608590,0E-8,0.000000,0.914292,0.640282,0.04207877,2026-03-23,2026-08-04,69,1947,1162,135,0.511111,1.014849,1.012680,0.486804,,,,,,,,GLOBAL_BASELINE_NO_ENTITY_RANKING,,,NOT_APPLICABLE_GLOBAL_BASELINE,HF9g-P5,,,,X 全窗基线 · 不参与实体赏罚,15050511,1506,A168_HF9F_20260827_0900,2026-08-27 09:00:00
2026-05-15,74657362,-1,1,172.2652885444,-43.0663221361,-43.0663221361,0.3333333,4,4,0.49324550000000000,0.493245500000,-0.5540025479526107,-0.5540025479526106,-0.5540025479526107,0E-17,SENTINEL_DEALER,R03b_20260811_FULL_v1,L1_ELIGIBILITY,v2026-08-11,2026-03-21..2026-08-06,baccarat_bet02_101_all_pairs_incl_sentinel,round_win = game_pnl > 0 (decisive only),COMPATIBILITY_ONLY_NOT_PRODUCTION,234885.8996,214754.2105,9869.7735,3689,3015,-0.04201944,-0.00608590,-0.04816467,-0.04201944,-9869.7735,234885.8996,OK,0.0000,394.7909,4.0000,96.0000,AG03-UNRESOLVED,ALL5_LEVELS_bet23_to_bet27,394.7909,394.7909,394.7909,394.7909,394.7909,4.000000,4.000000,4.000000,4.000000,4.000000,96.000000,96.000000,96.000000,96.000000,96.000000,5.0,1973.9547,1822.2297,7895.8188,8047.5438,PENDING_AG03,FALSE,NOT_FOR_ENFORCEMENT,9474.9825,206164.0421,9869.7735,9474.9825,394.7909,0.04201944,0.04033866,394.7909,9474.9825,0.04033866,394.7909,394.7909,394.7909,394.7909,394.7909,9474.9825,0.04033866,1973.9547,1822.2297,7895.8188,8047.5438,0.03361555,0.0342615,0.00168078,63.6720,71.2286,3.2736,143.0402,5.0692,3404.1435,43.6957,64.4793,63.5359,42.5677,43.0663,85.2079,124.7713,127.8119,154.8004,42.604,-41.336,2.967791,3.594466,1.478463,30,203,130,8,0.14604117,0.04201944,0.00608590,0E-8,0.000000,0.914292,0.640282,0.04207877,2026-03-23,2026-08-04,69,1947,1162,135,0.511111,1.014849,1.012680,0.486804,,,,,,,,GLOBAL_BASELINE_NO_ENTITY_RANKING,,,NOT_APPLICABLE_GLOBAL_BASELINE,HF9g-P5,,,,X 全窗基线 · 不参与实体赏罚,15050512,1506,A168_HF9F_20260827_0900,2026-08-27 09:00:00
2026-05-15,74657362,1115,0,86.1326442722,-86.1326442722,-86.1326442722,0E-7,2,2,0.49994810000000000,0.499948100000,-1.4140667746232096,-1.4140667746232096,-1.4140667746232096,0E-17,ELIGIBLE,R03b_20260811_FULL_v1,L1_ELIGIBILITY,v2026-08-11,2026-03-21..2026-08-06,baccarat_bet02_101_all_pairs_incl_sentinel,round_win = game_pnl > 0 (decisive only),COMPATIBILITY_ONLY_NOT_PRODUCTION,234885.8996,214754.2105,9869.7735,3689,3015,-0.04201944,-0.00608590,-0.04816467,-0.04201944,-9869.7735,234885.8996,OK,0.0000,394.7909,4.0000,96.0000,AG03-UNRESOLVED,ALL5_LEVELS_bet23_to_bet27,394.7909,394.7909,394.7909,394.7909,394.7909,4.000000,4.000000,4.000000,4.000000,4.000000,96.000000,96.000000,96.000000,96.000000,96.000000,5.0,1973.9547,1822.2297,7895.8188,8047.5438,PENDING_AG03,FALSE,NOT_FOR_ENFORCEMENT,9474.9825,206164.0421,9869.7735,9474.9825,394.7909,0.04201944,0.04033866,394.7909,9474.9825,0.04033866,394.7909,394.7909,394.7909,394.7909,394.7909,9474.9825,0.04033866,1973.9547,1822.2297,7895.8188,8047.5438,0.03361555,0.0342615,0.00168078,63.6720,71.2286,3.2736,143.0402,5.0692,3404.1435,43.6957,64.4793,63.5359,42.5677,43.0663,85.2079,124.7713,127.8119,154.8004,42.604,-41.336,2.967791,3.594466,1.478463,30,203,130,8,0.14604117,0.04201944,0.00608590,0E-8,0.000000,0.914292,0.640282,0.04207877,2026-03-23,2026-08-04,69,1947,1162,135,0.511111,1.014849,1.012680,0.486804,,,,,,,,GLOBAL_BASELINE_NO_ENTITY_RANKING,,,NOT_APPLICABLE_GLOBAL_BASELINE,HF9g-P5,,,,X 全窗基线 · 不参与实体赏罚,15050513,1506,A168_HF9F_20260827_0900,2026-08-27 09:00:00
2026-05-15,74657362,1299,0,172.2652885444,-172.2652885444,-172.2652885444,0E-7,2,1,0.39337837500000000,0.280106050000,-0.8052788575962098,-0.6237735893609975,-0.8052788575962098,0.11327232500000000,ELIGIBLE,R03b_20260811_FULL_v1,L1_ELIGIBILITY,v2026-08-11,2026-03-21..2026-08-06,baccarat_bet02_101_all_pairs_incl_sentinel,round_win = game_pnl > 0 (decisive only),COMPATIBILITY_ONLY_NOT_PRODUCTION,234885.8996,214754.2105,9869.7735,3689,3015,-0.04201944,-0.00608590,-0.04816467,-0.04201944,-9869.7735,234885.8996,OK,0.0000,394.7909,4.0000,96.0000,AG03-UNRESOLVED,ALL5_LEVELS_bet23_to_bet27,394.7909,394.7909,394.7909,394.7909,394.7909,4.000000,4.000000,4.000000,4.000000,4.000000,96.000000,96.000000,96.000000,96.000000,96.000000,5.0,1973.9547,1822.2297,7895.8188,8047.5438,PENDING_AG03,FALSE,NOT_FOR_ENFORCEMENT,9474.9825,206164.0421,9869.7735,9474.9825,394.7909,0.04201944,0.04033866,394.7909,9474.9825,0.04033866,394.7909,394.7909,394.7909,394.7909,394.7909,9474.9825,0.04033866,1973.9547,1822.2297,7895.8188,8047.5438,0.03361555,0.0342615,0.00168078,63.6720,71.2286,3.2736,143.0402,5.0692,3404.1435,43.6957,64.4793,63.5359,42.5677,43.0663,85.2079,124.7713,127.8119,154.8004,42.604,-41.336,2.967791,3.594466,1.478463,30,203,130,8,0.14604117,0.04201944,0.00608590,0E-8,0.000000,0.914292,0.640282,0.04207877,2026-03-23,2026-08-04,69,1947,1162,135,0.511111,1.014849,1.012680,0.486804,,,,,,,,GLOBAL_BASELINE_NO_ENTITY_RANKING,,,NOT_APPLICABLE_GLOBAL_BASELINE,HF9g-P5,,,,X 全窗基线 · 不参与实体赏罚,15050514,1506,A168_HF9F_20260827_0900,2026-08-27 09:00:00
2026-05-15,74657362,1304,0,129.1989664083,129.1989664083,129.1989664083,1.0000000,2,2,0.49324550000000000,0.493245500000,1.4334489766152358,1.4334489766152358,1.4334489766152358,0E-17,ELIGIBLE,R03b_20260811_FULL_v1,L1_ELIGIBILITY,v2026-08-11,2026-03-21..2026-08-06,baccarat_bet02_101_all_pairs_incl_sentinel,round_win = game_pnl > 0 (decisive only),COMPATIBILITY_ONLY_NOT_PRODUCTION,234885.8996,214754.2105,9869.7735,3689,3015,-0.04201944,-0.00608590,-0.04816467,-0.04201944,-9869.7735,234885.8996,OK,0.0000,394.7909,4.0000,96.0000,AG03-UNRESOLVED,ALL5_LEVELS_bet23_to_bet27,394.7909,394.7909,394.7909,394.7909,394.7909,4.000000,4.000000,4.000000,4.000000,4.000000,96.000000,96.000000,96.000000,96.000000,96.000000,5.0,1973.9547,1822.2297,7895.8188,8047.5438,PENDING_AG03,FALSE,NOT_FOR_ENFORCEMENT,9474.9825,206164.0421,9869.7735,9474.9825,394.7909,0.04201944,0.04033866,394.7909,9474.9825,0.04033866,394.7909,394.7909,394.7909,394.7909,394.7909,9474.9825,0.04033866,1973.9547,1822.2297,7895.8188,8047.5438,0.03361555,0.0342615,0.00168078,63.6720,71.2286,3.2736,143.0402,5.0692,3404.1435,43.6957,64.4793,63.5359,42.5677,43.0663,85.2079,124.7713,127.8119,154.8004,42.604,-41.336,2.967791,3.594466,1.478463,30,203,130,8,0.14604117,0.04201944,0.00608590,0E-8,0.000000,0.914292,0.640282,0.04207877,2026-03-23,2026-08-04,69,1947,1162,135,0.511111,1.014849,1.012680,0.486804,,,,,,,,GLOBAL_BASELINE_NO_ENTITY_RANKING,,,NOT_APPLICABLE_GLOBAL_BASELINE,HF9g-P5,,,,X 全窗基线 · 不参与实体赏罚,15050515,1506,A168_HF9F_20260827_0900,2026-08-27 09:00:00
2026-05-15,74657362,1307,0,258.3979328166,43.0663221361,43.0663221361,0.6000000,6,6,0.49547970000000000,0.495479700000,0.4674480948863271,0.4674480948863271,0.4674480948863271,0E-17,ELIGIBLE,R03b_20260811_FULL_v1,L1_ELIGIBILITY,v2026-08-11,2026-03-21..2026-08-06,baccarat_bet02_101_all_pairs_incl_sentinel,round_win = game_pnl > 0 (decisive only),COMPATIBILITY_ONLY_NOT_PRODUCTION,234885.8996,214754.2105,9869.7735,3689,3015,-0.04201944,-0.00608590,-0.04816467,-0.04201944,-9869.7735,234885.8996,OK,0.0000,394.7909,4.0000,96.0000,AG03-UNRESOLVED,ALL5_LEVELS_bet23_to_bet27,394.7909,394.7909,394.7909,394.7909,394.7909,4.000000,4.000000,4.000000,4.000000,4.000000,96.000000,96.000000,96.000000,96.000000,96.000000,5.0,1973.9547,1822.2297,7895.8188,8047.5438,PENDING_AG03,FALSE,NOT_FOR_ENFORCEMENT,9474.9825,206164.0421,9869.7735,9474.9825,394.7909,0.04201944,0.04033866,394.7909,9474.9825,0.04033866,394.7909,394.7909,394.7909,394.7909,394.7909,9474.9825,0.04033866,1973.9547,1822.2297,7895.8188,8047.5438,0.03361555,0.0342615,0.00168078,63.6720,71.2286,3.2736,143.0402,5.0692,3404.1435,43.6957,64.4793,63.5359,42.5677,43.0663,85.2079,124.7713,127.8119,154.8004,42.604,-41.336,2.967791,3.594466,1.478463,30,203,130,8,0.14604117,0.04201944,0.00608590,0E-8,0.000000,0.914292,0.640282,0.04207877,2026-03-23,2026-08-04,69,1947,1162,135,0.511111,1.014849,1.012680,0.486804,,,,,,,,GLOBAL_BASELINE_NO_ENTITY_RANKING,,,NOT_APPLICABLE_GLOBAL_BASELINE,HF9g-P5,,,,X 全窗基线 · 不参与实体赏罚,15050516,1506,A168_HF9F_20260827_0900,2026-08-27 09:00:00
2026-05-15,74657362,1353,0,43.0663221361,43.0663221361,43.0663221361,1.0000000,1,1,0.49324550000000000,0.493245500000,1.01360149184955,1.01360149184955,1.01360149184955,0E-17,ELIGIBLE,R03b_20260811_FULL_v1,L1_ELIGIBILITY,v2026-08-11,2026-03-21..2026-08-06,baccarat_bet02_101_all_pairs_incl_sentinel,round_win = game_pnl > 0 (decisive only),COMPATIBILITY_ONLY_NOT_PRODUCTION,234885.8996,214754.2105,9869.7735,3689,3015,-0.04201944,-0.00608590,-0.04816467,-0.04201944,-9869.7735,234885.8996,OK,0.0000,394.7909,4.0000,96.0000,AG03-UNRESOLVED,ALL5_LEVELS_bet23_to_bet27,394.7909,394.7909,394.7909,394.7909,394.7909,4.000000,4.000000,4.000000,4.000000,4.000000,96.000000,96.000000,96.000000,96.000000,96.000000,5.0,1973.9547,1822.2297,7895.8188,8047.5438,PENDING_AG03,FALSE,NOT_FOR_ENFORCEMENT,9474.9825,206164.0421,9869.7735,9474.9825,394.7909,0.04201944,0.04033866,394.7909,9474.9825,0.04033866,394.7909,394.7909,394.7909,394.7909,394.7909,9474.9825,0.04033866,1973.9547,1822.2297,7895.8188,8047.5438,0.03361555,0.0342615,0.00168078,63.6720,71.2286,3.2736,143.0402,5.0692,3404.1435,43.6957,64.4793,63.5359,42.5677,43.0663,85.2079,124.7713,127.8119,154.8004,42.604,-41.336,2.967791,3.594466,1.478463,30,203,130,8,0.14604117,0.04201944,0.00608590,0E-8,0.000000,0.914292,0.640282,0.04207877,2026-03-23,2026-08-04,69,1947,1162,135,0.511111,1.014849,1.012680,0.486804,,,,,,,,GLOBAL_BASELINE_NO_ENTITY_RANKING,,,NOT_APPLICABLE_GLOBAL_BASELINE,HF9g-P5,,,,X 全窗基线 · 不参与实体赏罚,15050517,1506,A168_HF9F_20260827_0900,2026-08-27 09:00:00
2026-05-15,74657362,1399,0,43.0663221361,43.0663221361,43.0663221361,1.0000000,1,1,0.49324550000000000,0.493245500000,1.01360149184955,1.01360149184955,1.01360149184955,0E-17,ELIGIBLE,R03b_20260811_FULL_v1,L1_ELIGIBILITY,v2026-08-11,2026-03-21..2026-08-06,baccarat_bet02_101_all_pairs_incl_sentinel,round_win = game_pnl > 0 (decisive only),COMPATIBILITY_ONLY_NOT_PRODUCTION,234885.8996,214754.2105,9869.7735,3689,3015,-0.04201944,-0.00608590,-0.04816467,-0.04201944,-9869.7735,234885.8996,OK,0.0000,394.7909,4.0000,96.0000,AG03-UNRESOLVED,ALL5_LEVELS_bet23_to_bet27,394.7909,394.7909,394.7909,394.7909,394.7909,4.000000,4.000000,4.000000,4.000000,4.000000,96.000000,96.000000,96.000000,96.000000,96.000000,5.0,1973.9547,1822.2297,7895.8188,8047.5438,PENDING_AG03,FALSE,NOT_FOR_ENFORCEMENT,9474.9825,206164.0421,9869.7735,9474.9825,394.7909,0.04201944,0.04033866,394.7909,9474.9825,0.04033866,394.7909,394.7909,394.7909,394.7909,394.7909,9474.9825,0.04033866,1973.9547,1822.2297,7895.8188,8047.5438,0.03361555,0.0342615,0.00168078,63.6720,71.2286,3.2736,143.0402,5.0692,3404.1435,43.6957,64.4793,63.5359,42.5677,43.0663,85.2079,124.7713,127.8119,154.8004,42.604,-41.336,2.967791,3.594466,1.478463,30,203,130,8,0.14604117,0.04201944,0.00608590,0E-8,0.000000,0.914292,0.640282,0.04207877,2026-03-23,2026-08-04,69,1947,1162,135,0.511111,1.014849,1.012680,0.486804,,,,,,,,GLOBAL_BASELINE_NO_ENTITY_RANKING,,,NOT_APPLICABLE_GLOBAL_BASELINE,HF9g-P5,,,,X 全窗基线 · 不参与实体赏罚,15050518,1506,A168_HF9F_20260827_0900,2026-08-27 09:00:00
2026-05-15,74657362,1405,0,86.1326442722,-86.1326442722,-86.1326442722,0E-7,1,1,0.49324550000000000,0.493245500000,-0.9865810262130424,-0.9865810262130424,-0.9865810262130424,0E-17,ELIGIBLE,R03b_20260811_FULL_v1,L1_ELIGIBILITY,v2026-08-11,2026-03-21..2026-08-06,baccarat_bet02_101_all_pairs_incl_sentinel,round_win = game_pnl > 0 (decisive only),COMPATIBILITY_ONLY_NOT_PRODUCTION,234885.8996,214754.2105,9869.7735,3689,3015,-0.04201944,-0.00608590,-0.04816467,-0.04201944,-9869.7735,234885.8996,OK,0.0000,394.7909,4.0000,96.0000,AG03-UNRESOLVED,ALL5_LEVELS_bet23_to_bet27,394.7909,394.7909,394.7909,394.7909,394.7909,4.000000,4.000000,4.000000,4.000000,4.000000,96.000000,96.000000,96.000000,96.000000,96.000000,5.0,1973.9547,1822.2297,7895.8188,8047.5438,PENDING_AG03,FALSE,NOT_FOR_ENFORCEMENT,9474.9825,206164.0421,9869.7735,9474.9825,394.7909,0.04201944,0.04033866,394.7909,9474.9825,0.04033866,394.7909,394.7909,394.7909,394.7909,394.7909,9474.9825,0.04033866,1973.9547,1822.2297,7895.8188,8047.5438,0.03361555,0.0342615,0.00168078,63.6720,71.2286,3.2736,143.0402,5.0692,3404.1435,43.6957,64.4793,63.5359,42.5677,43.0663,85.2079,124.7713,127.8119,154.8004,42.604,-41.336,2.967791,3.594466,1.478463,30,203,130,8,0.14604117,0.04201944,0.00608590,0E-8,0.000000,0.914292,0.640282,0.04207877,2026-03-23,2026-08-04,69,1947,1162,135,0.511111,1.014849,1.012680,0.486804,,,,,,,,GLOBAL_BASELINE_NO_ENTITY_RANKING,,,NOT_APPLICABLE_GLOBAL_BASELINE,HF9g-P5,,,,X 全窗基线 · 不参与实体赏罚,15050519,1506,A168_HF9F_20260827_0900,2026-08-27 09:00:00
2026-05-15,74657362,2093,0,129.1989664083,0E-10,0E-10,0.5000000,3,3,0.49771390000000000,0.497713900000,0.006466134837551399,0.0064661348375514,0.006466134837551399,0E-17,ELIGIBLE,R03b_20260811_FULL_v1,L1_ELIGIBILITY,v2026-08-11,2026-03-21..2026-08-06,baccarat_bet02_101_all_pairs_incl_sentinel,round_win = game_pnl > 0 (decisive only),COMPATIBILITY_ONLY_NOT_PRODUCTION,234885.8996,214754.2105,9869.7735,3689,3015,-0.04201944,-0.00608590,-0.04816467,-0.04201944,-9869.7735,234885.8996,OK,0.0000,394.7909,4.0000,96.0000,AG03-UNRESOLVED,ALL5_LEVELS_bet23_to_bet27,394.7909,394.7909,394.7909,394.7909,394.7909,4.000000,4.000000,4.000000,4.000000,4.000000,96.000000,96.000000,96.000000,96.000000,96.000000,5.0,1973.9547,1822.2297,7895.8188,8047.5438,PENDING_AG03,FALSE,NOT_FOR_ENFORCEMENT,9474.9825,206164.0421,9869.7735,9474.9825,394.7909,0.04201944,0.04033866,394.7909,9474.9825,0.04033866,394.7909,394.7909,394.7909,394.7909,394.7909,9474.9825,0.04033866,1973.9547,1822.2297,7895.8188,8047.5438,0.03361555,0.0342615,0.00168078,63.6720,71.2286,3.2736,143.0402,5.0692,3404.1435,43.6957,64.4793,63.5359,42.5677,43.0663,85.2079,124.7713,127.8119,154.8004,42.604,-41.336,2.967791,3.594466,1.478463,30,203,130,8,0.14604117,0.04201944,0.00608590,0E-8,0.000000,0.914292,0.640282,0.04207877,2026-03-23,2026-08-04,69,1947,1162,135,0.511111,1.014849,1.012680,0.486804,,,,,,,,GLOBAL_BASELINE_NO_ENTITY_RANKING,,,NOT_APPLICABLE_GLOBAL_BASELINE,HF9g-P5,,,,X 全窗基线 · 不参与实体赏罚,15050520,1506,A168_HF9F_20260827_0900,2026-08-27 09:00:00
2026-05-15,74657362,2169,0,129.1989664083,43.0663221361,43.0663221361,0.5000000,2,2,0.49324550000000000,0.493245500000,0.01910635448239258,0.01910635448239258,0.01910635448239258,0E-17,ELIGIBLE,R03b_20260811_FULL_v1,L1_ELIGIBILITY,v2026-08-11,2026-03-21..2026-08-06,baccarat_bet02_101_all_pairs_incl_sentinel,round_win = game_pnl > 0 (decisive only),COMPATIBILITY_ONLY_NOT_PRODUCTION,234885.8996,214754.2105,9869.7735,3689,3015,-0.04201944,-0.00608590,-0.04816467,-0.04201944,-9869.7735,234885.8996,OK,0.0000,394.7909,4.0000,96.0000,AG03-UNRESOLVED,ALL5_LEVELS_bet23_to_bet27,394.7909,394.7909,394.7909,394.7909,394.7909,4.000000,4.000000,4.000000,4.000000,4.000000,96.000000,96.000000,96.000000,96.000000,96.000000,5.0,1973.9547,1822.2297,7895.8188,8047.5438,PENDING_AG03,FALSE,NOT_FOR_ENFORCEMENT,9474.9825,206164.0421,9869.7735,9474.9825,394.7909,0.04201944,0.04033866,394.7909,9474.9825,0.04033866,394.7909,394.7909,394.7909,394.7909,394.7909,9474.9825,0.04033866,1973.9547,1822.2297,7895.8188,8047.5438,0.03361555,0.0342615,0.00168078,63.6720,71.2286,3.2736,143.0402,5.0692,3404.1435,43.6957,64.4793,63.5359,42.5677,43.0663,85.2079,124.7713,127.8119,154.8004,42.604,-41.336,2.967791,3.594466,1.478463,30,203,130,8,0.14604117,0.04201944,0.00608590,0E-8,0.000000,0.914292,0.640282,0.04207877,2026-03-23,2026-08-04,69,1947,1162,135,0.511111,1.014849,1.012680,0.486804,,,,,,,,GLOBAL_BASELINE_NO_ENTITY_RANKING,,,NOT_APPLICABLE_GLOBAL_BASELINE,HF9g-P5,,,,X 全窗基线 · 不参与实体赏罚,15050521,1506,A168_HF9F_20260827_0900,2026-08-27 09:00:00
2026-05-15,74657362,2242,0,43.0663221361,-43.0663221361,-43.0663221361,0E-7,1,1,0.49324550000000000,0.493245500000,-0.9865810262130424,-0.9865810262130424,-0.9865810262130424,0E-17,ELIGIBLE,R03b_20260811_FULL_v1,L1_ELIGIBILITY,v2026-08-11,2026-03-21..2026-08-06,baccarat_bet02_101_all_pairs_incl_sentinel,round_win = game_pnl > 0 (decisive only),COMPATIBILITY_ONLY_NOT_PRODUCTION,234885.8996,214754.2105,9869.7735,3689,3015,-0.04201944,-0.00608590,-0.04816467,-0.04201944,-9869.7735,234885.8996,OK,0.0000,394.7909,4.0000,96.0000,AG03-UNRESOLVED,ALL5_LEVELS_bet23_to_bet27,394.7909,394.7909,394.7909,394.7909,394.7909,4.000000,4.000000,4.000000,4.000000,4.000000,96.000000,96.000000,96.000000,96.000000,96.000000,5.0,1973.9547,1822.2297,7895.8188,8047.5438,PENDING_AG03,FALSE,NOT_FOR_ENFORCEMENT,9474.9825,206164.0421,9869.7735,9474.9825,394.7909,0.04201944,0.04033866,394.7909,9474.9825,0.04033866,394.7909,394.7909,394.7909,394.7909,394.7909,9474.9825,0.04033866,1973.9547,1822.2297,7895.8188,8047.5438,0.03361555,0.0342615,0.00168078,63.6720,71.2286,3.2736,143.0402,5.0692,3404.1435,43.6957,64.4793,63.5359,42.5677,43.0663,85.2079,124.7713,127.8119,154.8004,42.604,-41.336,2.967791,3.594466,1.478463,30,203,130,8,0.14604117,0.04201944,0.00608590,0E-8,0.000000,0.914292,0.640282,0.04207877,2026-03-23,2026-08-04,69,1947,1162,135,0.511111,1.014849,1.012680,0.486804,,,,,,,,GLOBAL_BASELINE_NO_ENTITY_RANKING,,,NOT_APPLICABLE_GLOBAL_BASELINE,HF9g-P5,,,,X 全窗基线 · 不参与实体赏罚,15050522,1506,A168_HF9F_20260827_0900,2026-08-27 09:00:00
2026-05-15,74657362,2244,0,86.1326442722,0E-10,0E-10,0.5000000,2,2,0.49324550000000000,0.493245500000,0.01910635448239258,0.01910635448239258,0.01910635448239258,0E-17,ELIGIBLE,R03b_20260811_FULL_v1,L1_ELIGIBILITY,v2026-08-11,2026-03-21..2026-08-06,baccarat_bet02_101_all_pairs_incl_sentinel,round_win = game_pnl > 0 (decisive only),COMPATIBILITY_ONLY_NOT_PRODUCTION,234885.8996,214754.2105,9869.7735,3689,3015,-0.04201944,-0.00608590,-0.04816467,-0.04201944,-9869.7735,234885.8996,OK,0.0000,394.7909,4.0000,96.0000,AG03-UNRESOLVED,ALL5_LEVELS_bet23_to_bet27,394.7909,394.7909,394.7909,394.7909,394.7909,4.000000,4.000000,4.000000,4.000000,4.000000,96.000000,96.000000,96.000000,96.000000,96.000000,5.0,1973.9547,1822.2297,7895.8188,8047.5438,PENDING_AG03,FALSE,NOT_FOR_ENFORCEMENT,9474.9825,206164.0421,9869.7735,9474.9825,394.7909,0.04201944,0.04033866,394.7909,9474.9825,0.04033866,394.7909,394.7909,394.7909,394.7909,394.7909,9474.9825,0.04033866,1973.9547,1822.2297,7895.8188,8047.5438,0.03361555,0.0342615,0.00168078,63.6720,71.2286,3.2736,143.0402,5.0692,3404.1435,43.6957,64.4793,63.5359,42.5677,43.0663,85.2079,124.7713,127.8119,154.8004,42.604,-41.336,2.967791,3.594466,1.478463,30,203,130,8,0.14604117,0.04201944,0.00608590,0E-8,0.000000,0.914292,0.640282,0.04207877,2026-03-23,2026-08-04,69,1947,1162,135,0.511111,1.014849,1.012680,0.486804,,,,,,,,GLOBAL_BASELINE_NO_ENTITY_RANKING,,,NOT_APPLICABLE_GLOBAL_BASELINE,HF9g-P5,,,,X 全窗基线 · 不参与实体赏罚,15050523,1506,A168_HF9F_20260827_0900,2026-08-27 09:00:00
2026-05-15,74657362,2250,0,43.0663221361,-43.0663221361,-43.0663221361,0E-7,1,1,0.49324550000000000,0.493245500000,-0.9865810262130424,-0.9865810262130424,-0.9865810262130424,0E-17,ELIGIBLE,R03b_20260811_FULL_v1,L1_ELIGIBILITY,v2026-08-11,2026-03-21..2026-08-06,baccarat_bet02_101_all_pairs_incl_sentinel,round_win = game_pnl > 0 (decisive only),COMPATIBILITY_ONLY_NOT_PRODUCTION,234885.8996,214754.2105,9869.7735,3689,3015,-0.04201944,-0.00608590,-0.04816467,-0.04201944,-9869.7735,234885.8996,OK,0.0000,394.7909,4.0000,96.0000,AG03-UNRESOLVED,ALL5_LEVELS_bet23_to_bet27,394.7909,394.7909,394.7909,394.7909,394.7909,4.000000,4.000000,4.000000,4.000000,4.000000,96.000000,96.000000,96.000000,96.000000,96.000000,5.0,1973.9547,1822.2297,7895.8188,8047.5438,PENDING_AG03,FALSE,NOT_FOR_ENFORCEMENT,9474.9825,206164.0421,9869.7735,9474.9825,394.7909,0.04201944,0.04033866,394.7909,9474.9825,0.04033866,394.7909,394.7909,394.7909,394.7909,394.7909,9474.9825,0.04033866,1973.9547,1822.2297,7895.8188,8047.5438,0.03361555,0.0342615,0.00168078,63.6720,71.2286,3.2736,143.0402,5.0692,3404.1435,43.6957,64.4793,63.5359,42.5677,43.0663,85.2079,124.7713,127.8119,154.8004,42.604,-41.336,2.967791,3.594466,1.478463,30,203,130,8,0.14604117,0.04201944,0.00608590,0E-8,0.000000,0.914292,0.640282,0.04207877,2026-03-23,2026-08-04,69,1947,1162,135,0.511111,1.014849,1.012680,0.486804,,,,,,,,GLOBAL_BASELINE_NO_ENTITY_RANKING,,,NOT_APPLICABLE_GLOBAL_BASELINE,HF9g-P5,,,,X 全窗基线 · 不参与实体赏罚,15050524,1506,A168_HF9F_20260827_0900,2026-08-27 09:00:00
2026-05-15,74657362,526,0,86.1326442722,-86.1326442722,-86.1326442722,0E-7,2,2,0.49994810000000000,0.499948100000,-1.4140667746232096,-1.4140667746232096,-1.4140667746232096,0E-17,ELIGIBLE,R03b_20260811_FULL_v1,L1_ELIGIBILITY,v2026-08-11,2026-03-21..2026-08-06,baccarat_bet02_101_all_pairs_incl_sentinel,round_win = game_pnl > 0 (decisive only),COMPATIBILITY_ONLY_NOT_PRODUCTION,234885.8996,214754.2105,9869.7735,3689,3015,-0.04201944,-0.00608590,-0.04816467,-0.04201944,-9869.7735,234885.8996,OK,0.0000,394.7909,4.0000,96.0000,AG03-UNRESOLVED,ALL5_LEVELS_bet23_to_bet27,394.7909,394.7909,394.7909,394.7909,394.7909,4.000000,4.000000,4.000000,4.000000,4.000000,96.000000,96.000000,96.000000,96.000000,96.000000,5.0,1973.9547,1822.2297,7895.8188,8047.5438,PENDING_AG03,FALSE,NOT_FOR_ENFORCEMENT,9474.9825,206164.0421,9869.7735,9474.9825,394.7909,0.04201944,0.04033866,394.7909,9474.9825,0.04033866,394.7909,394.7909,394.7909,394.7909,394.7909,9474.9825,0.04033866,1973.9547,1822.2297,7895.8188,8047.5438,0.03361555,0.0342615,0.00168078,63.6720,71.2286,3.2736,143.0402,5.0692,3404.1435,43.6957,64.4793,63.5359,42.5677,43.0663,85.2079,124.7713,127.8119,154.8004,42.604,-41.336,2.967791,3.594466,1.478463,30,203,130,8,0.14604117,0.04201944,0.00608590,0E-8,0.000000,0.914292,0.640282,0.04207877,2026-03-23,2026-08-04,69,1947,1162,135,0.511111,1.014849,1.012680,0.486804,,,,,,,,GLOBAL_BASELINE_NO_ENTITY_RANKING,,,NOT_APPLICABLE_GLOBAL_BASELINE,HF9g-P5,,,,X 全窗基线 · 不参与实体赏罚,15050525,1506,A168_HF9F_20260827_0900,2026-08-27 09:00:00
2026-05-15,74657362,529,0,43.0663221361,-43.0663221361,-43.0663221361,0E-7,1,1,0.49324550000000000,0.493245500000,-0.9865810262130424,-0.9865810262130424,-0.9865810262130424,0E-17,ELIGIBLE,R03b_20260811_FULL_v1,L1_ELIGIBILITY,v2026-08-11,2026-03-21..2026-08-06,baccarat_bet02_101_all_pairs_incl_sentinel,round_win = game_pnl > 0 (decisive only),COMPATIBILITY_ONLY_NOT_PRODUCTION,234885.8996,214754.2105,9869.7735,3689,3015,-0.04201944,-0.00608590,-0.04816467,-0.04201944,-9869.7735,234885.8996,OK,0.0000,394.7909,4.0000,96.0000,AG03-UNRESOLVED,ALL5_LEVELS_bet23_to_bet27,394.7909,394.7909,394.7909,394.7909,394.7909,4.000000,4.000000,4.000000,4.000000,4.000000,96.000000,96.000000,96.000000,96.000000,96.000000,5.0,1973.9547,1822.2297,7895.8188,8047.5438,PENDING_AG03,FALSE,NOT_FOR_ENFORCEMENT,9474.9825,206164.0421,9869.7735,9474.9825,394.7909,0.04201944,0.04033866,394.7909,9474.9825,0.04033866,394.7909,394.7909,394.7909,394.7909,394.7909,9474.9825,0.04033866,1973.9547,1822.2297,7895.8188,8047.5438,0.03361555,0.0342615,0.00168078,63.6720,71.2286,3.2736,143.0402,5.0692,3404.1435,43.6957,64.4793,63.5359,42.5677,43.0663,85.2079,124.7713,127.8119,154.8004,42.604,-41.336,2.967791,3.594466,1.478463,30,203,130,8,0.14604117,0.04201944,0.00608590,0E-8,0.000000,0.914292,0.640282,0.04207877,2026-03-23,2026-08-04,69,1947,1162,135,0.511111,1.014849,1.012680,0.486804,,,,,,,,GLOBAL_BASELINE_NO_ENTITY_RANKING,,,NOT_APPLICABLE_GLOBAL_BASELINE,HF9g-P5,,,,X 全窗基线 · 不参与实体赏罚,15050526,1506,A168_HF9F_20260827_0900,2026-08-27 09:00:00
2026-05-15,74657362,752,0,86.1326442722,-86.1326442722,-86.1326442722,0E-7,1,1,0.49324550000000000,0.493245500000,-0.9865810262130424,-0.9865810262130424,-0.9865810262130424,0E-17,ELIGIBLE,R03b_20260811_FULL_v1,L1_ELIGIBILITY,v2026-08-11,2026-03-21..2026-08-06,baccarat_bet02_101_all_pairs_incl_sentinel,round_win = game_pnl > 0 (decisive only),COMPATIBILITY_ONLY_NOT_PRODUCTION,234885.8996,214754.2105,9869.7735,3689,3015,-0.04201944,-0.00608590,-0.04816467,-0.04201944,-9869.7735,234885.8996,OK,0.0000,394.7909,4.0000,96.0000,AG03-UNRESOLVED,ALL5_LEVELS_bet23_to_bet27,394.7909,394.7909,394.7909,394.7909,394.7909,4.000000,4.000000,4.000000,4.000000,4.000000,96.000000,96.000000,96.000000,96.000000,96.000000,5.0,1973.9547,1822.2297,7895.8188,8047.5438,PENDING_AG03,FALSE,NOT_FOR_ENFORCEMENT,9474.9825,206164.0421,9869.7735,9474.9825,394.7909,0.04201944,0.04033866,394.7909,9474.9825,0.04033866,394.7909,394.7909,394.7909,394.7909,394.7909,9474.9825,0.04033866,1973.9547,1822.2297,7895.8188,8047.5438,0.03361555,0.0342615,0.00168078,63.6720,71.2286,3.2736,143.0402,5.0692,3404.1435,43.6957,64.4793,63.5359,42.5677,43.0663,85.2079,124.7713,127.8119,154.8004,42.604,-41.336,2.967791,3.594466,1.478463,30,203,130,8,0.14604117,0.04201944,0.00608590,0E-8,0.000000,0.914292,0.640282,0.04207877,2026-03-23,2026-08-04,69,1947,1162,135,0.511111,1.014849,1.012680,0.486804,,,,,,,,GLOBAL_BASELINE_NO_ENTITY_RANKING,,,NOT_APPLICABLE_GLOBAL_BASELINE,HF9g-P5,,,,X 全窗基线 · 不参与实体赏罚,15050527,1506,A168_HF9F_20260827_0900,2026-08-27 09:00:00
2026-05-18,74657362,-1,1,43.0663221361,-43.0663221361,-43.0663221361,0E-7,1,1,0.49324550000000000,0.493245500000,-0.9865810262130424,-0.9865810262130424,-0.9865810262130424,0E-17,SENTINEL_DEALER,R03b_20260811_FULL_v1,L1_ELIGIBILITY,v2026-08-11,2026-03-21..2026-08-06,baccarat_bet02_101_all_pairs_incl_sentinel,round_win = game_pnl > 0 (decisive only),COMPATIBILITY_ONLY_NOT_PRODUCTION,234885.8996,214754.2105,9869.7735,3689,3015,-0.04201944,-0.00608590,-0.04816467,-0.04201944,-9869.7735,234885.8996,OK,0.0000,394.7909,4.0000,96.0000,AG03-UNRESOLVED,ALL5_LEVELS_bet23_to_bet27,394.7909,394.7909,394.7909,394.7909,394.7909,4.000000,4.000000,4.000000,4.000000,4.000000,96.000000,96.000000,96.000000,96.000000,96.000000,5.0,1973.9547,1822.2297,7895.8188,8047.5438,PENDING_AG03,FALSE,NOT_FOR_ENFORCEMENT,9474.9825,206164.0421,9869.7735,9474.9825,394.7909,0.04201944,0.04033866,394.7909,9474.9825,0.04033866,394.7909,394.7909,394.7909,394.7909,394.7909,9474.9825,0.04033866,1973.9547,1822.2297,7895.8188,8047.5438,0.03361555,0.0342615,0.00168078,63.6720,71.2286,3.2736,143.0402,5.0692,3404.1435,43.6957,64.4793,63.5359,42.5677,43.0663,85.2079,124.7713,127.8119,154.8004,42.604,-41.336,2.967791,3.594466,1.478463,30,203,130,8,0.14604117,0.04201944,0.00608590,0E-8,0.000000,0.914292,0.640282,0.04207877,2026-03-23,2026-08-04,69,1947,1162,135,0.511111,1.014849,1.012680,0.486804,,,,,,,,GLOBAL_BASELINE_NO_ENTITY_RANKING,,,NOT_APPLICABLE_GLOBAL_BASELINE,HF9g-P5,,,,X 全窗基线 · 不参与实体赏罚,15050528,1506,A168_HF9F_20260827_0900,2026-08-27 09:00:00
2026-05-18,74657362,1353,0,27.5624461671,-27.5624461671,-27.5624461671,0E-7,1,1,0.49324550000000000,0.493245500000,-0.9865810262130424,-0.9865810262130424,-0.9865810262130424,0E-17,ELIGIBLE,R03b_20260811_FULL_v1,L1_ELIGIBILITY,v2026-08-11,2026-03-21..2026-08-06,baccarat_bet02_101_all_pairs_incl_sentinel,round_win = game_pnl > 0 (decisive only),COMPATIBILITY_ONLY_NOT_PRODUCTION,234885.8996,214754.2105,9869.7735,3689,3015,-0.04201944,-0.00608590,-0.04816467,-0.04201944,-9869.7735,234885.8996,OK,0.0000,394.7909,4.0000,96.0000,AG03-UNRESOLVED,ALL5_LEVELS_bet23_to_bet27,394.7909,394.7909,394.7909,394.7909,394.7909,4.000000,4.000000,4.000000,4.000000,4.000000,96.000000,96.000000,96.000000,96.000000,96.000000,5.0,1973.9547,1822.2297,7895.8188,8047.5438,PENDING_AG03,FALSE,NOT_FOR_ENFORCEMENT,9474.9825,206164.0421,9869.7735,9474.9825,394.7909,0.04201944,0.04033866,394.7909,9474.9825,0.04033866,394.7909,394.7909,394.7909,394.7909,394.7909,9474.9825,0.04033866,1973.9547,1822.2297,7895.8188,8047.5438,0.03361555,0.0342615,0.00168078,63.6720,71.2286,3.2736,143.0402,5.0692,3404.1435,43.6957,64.4793,63.5359,42.5677,43.0663,85.2079,124.7713,127.8119,154.8004,42.604,-41.336,2.967791,3.594466,1.478463,30,203,130,8,0.14604117,0.04201944,0.00608590,0E-8,0.000000,0.914292,0.640282,0.04207877,2026-03-23,2026-08-04,69,1947,1162,135,0.511111,1.014849,1.012680,0.486804,,,,,,,,GLOBAL_BASELINE_NO_ENTITY_RANKING,,,NOT_APPLICABLE_GLOBAL_BASELINE,HF9g-P5,,,,X 全窗基线 · 不参与实体赏罚,15050529,1506,A168_HF9F_20260827_0900,2026-08-27 09:00:00
2026-05-22,74657362,-1,1,645.9948320415,-215.3316106805,-215.3316106805,0.4444444,11,11,0.49568280909090909,0.495682809091,-0.30744164837173027,-0.3074416483722752,-0.30744164837173027,-9.091E-14,SENTINEL_DEALER,R03b_20260811_FULL_v1,L1_ELIGIBILITY,v2026-08-11,2026-03-21..2026-08-06,baccarat_bet02_101_all_pairs_incl_sentinel,round_win = game_pnl > 0 (decisive only),COMPATIBILITY_ONLY_NOT_PRODUCTION,234885.8996,214754.2105,9869.7735,3689,3015,-0.04201944,-0.00608590,-0.04816467,-0.04201944,-9869.7735,234885.8996,OK,0.0000,394.7909,4.0000,96.0000,AG03-UNRESOLVED,ALL5_LEVELS_bet23_to_bet27,394.7909,394.7909,394.7909,394.7909,394.7909,4.000000,4.000000,4.000000,4.000000,4.000000,96.000000,96.000000,96.000000,96.000000,96.000000,5.0,1973.9547,1822.2297,7895.8188,8047.5438,PENDING_AG03,FALSE,NOT_FOR_ENFORCEMENT,9474.9825,206164.0421,9869.7735,9474.9825,394.7909,0.04201944,0.04033866,394.7909,9474.9825,0.04033866,394.7909,394.7909,394.7909,394.7909,394.7909,9474.9825,0.04033866,1973.9547,1822.2297,7895.8188,8047.5438,0.03361555,0.0342615,0.00168078,63.6720,71.2286,3.2736,143.0402,5.0692,3404.1435,43.6957,64.4793,63.5359,42.5677,43.0663,85.2079,124.7713,127.8119,154.8004,42.604,-41.336,2.967791,3.594466,1.478463,30,203,130,8,0.14604117,0.04201944,0.00608590,0E-8,0.000000,0.914292,0.640282,0.04207877,2026-03-23,2026-08-04,69,1947,1162,135,0.511111,1.014849,1.012680,0.486804,,,,,,,,GLOBAL_BASELINE_NO_ENTITY_RANKING,,,NOT_APPLICABLE_GLOBAL_BASELINE,HF9g-P5,,,,X 全窗基线 · 不参与实体赏罚,15050530,1506,A168_HF9F_20260827_0900,2026-08-27 09:00:00
2026-05-22,74657362,1094,0,172.2652885444,-86.1326442722,-86.1326442722,0E-7,2,2,0.49994810000000000,0.499948100000,-0.9998962053866608,-0.9998962053866608,-0.9998962053866608,0E-17,ELIGIBLE,R03b_20260811_FULL_v1,L1_ELIGIBILITY,v2026-08-11,2026-03-21..2026-08-06,baccarat_bet02_101_all_pairs_incl_sentinel,round_win = game_pnl > 0 (decisive only),COMPATIBILITY_ONLY_NOT_PRODUCTION,234885.8996,214754.2105,9869.7735,3689,3015,-0.04201944,-0.00608590,-0.04816467,-0.04201944,-9869.7735,234885.8996,OK,0.0000,394.7909,4.0000,96.0000,AG03-UNRESOLVED,ALL5_LEVELS_bet23_to_bet27,394.7909,394.7909,394.7909,394.7909,394.7909,4.000000,4.000000,4.000000,4.000000,4.000000,96.000000,96.000000,96.000000,96.000000,96.000000,5.0,1973.9547,1822.2297,7895.8188,8047.5438,PENDING_AG03,FALSE,NOT_FOR_ENFORCEMENT,9474.9825,206164.0421,9869.7735,9474.9825,394.7909,0.04201944,0.04033866,394.7909,9474.9825,0.04033866,394.7909,394.7909,394.7909,394.7909,394.7909,9474.9825,0.04033866,1973.9547,1822.2297,7895.8188,8047.5438,0.03361555,0.0342615,0.00168078,63.6720,71.2286,3.2736,143.0402,5.0692,3404.1435,43.6957,64.4793,63.5359,42.5677,43.0663,85.2079,124.7713,127.8119,154.8004,42.604,-41.336,2.967791,3.594466,1.478463,30,203,130,8,0.14604117,0.04201944,0.00608590,0E-8,0.000000,0.914292,0.640282,0.04207877,2026-03-23,2026-08-04,69,1947,1162,135,0.511111,1.014849,1.012680,0.486804,,,,,,,,GLOBAL_BASELINE_NO_ENTITY_RANKING,,,NOT_APPLICABLE_GLOBAL_BASELINE,HF9g-P5,,,,X 全窗基线 · 不参与实体赏罚,15050531,1506,A168_HF9F_20260827_0900,2026-08-27 09:00:00
2026-05-22,74657362,1304,0,43.0663221361,-43.0663221361,-43.0663221361,0E-7,1,1,0.49324550000000000,0.493245500000,-0.9865810262130424,-0.9865810262130424,-0.9865810262130424,0E-17,ELIGIBLE,R03b_20260811_FULL_v1,L1_ELIGIBILITY,v2026-08-11,2026-03-21..2026-08-06,baccarat_bet02_101_all_pairs_incl_sentinel,round_win = game_pnl > 0 (decisive only),COMPATIBILITY_ONLY_NOT_PRODUCTION,234885.8996,214754.2105,9869.7735,3689,3015,-0.04201944,-0.00608590,-0.04816467,-0.04201944,-9869.7735,234885.8996,OK,0.0000,394.7909,4.0000,96.0000,AG03-UNRESOLVED,ALL5_LEVELS_bet23_to_bet27,394.7909,394.7909,394.7909,394.7909,394.7909,4.000000,4.000000,4.000000,4.000000,4.000000,96.000000,96.000000,96.000000,96.000000,96.000000,5.0,1973.9547,1822.2297,7895.8188,8047.5438,PENDING_AG03,FALSE,NOT_FOR_ENFORCEMENT,9474.9825,206164.0421,9869.7735,9474.9825,394.7909,0.04201944,0.04033866,394.7909,9474.9825,0.04033866,394.7909,394.7909,394.7909,394.7909,394.7909,9474.9825,0.04033866,1973.9547,1822.2297,7895.8188,8047.5438,0.03361555,0.0342615,0.00168078,63.6720,71.2286,3.2736,143.0402,5.0692,3404.1435,43.6957,64.4793,63.5359,42.5677,43.0663,85.2079,124.7713,127.8119,154.8004,42.604,-41.336,2.967791,3.594466,1.478463,30,203,130,8,0.14604117,0.04201944,0.00608590,0E-8,0.000000,0.914292,0.640282,0.04207877,2026-03-23,2026-08-04,69,1947,1162,135,0.511111,1.014849,1.012680,0.486804,,,,,,,,GLOBAL_BASELINE_NO_ENTITY_RANKING,,,NOT_APPLICABLE_GLOBAL_BASELINE,HF9g-P5,,,,X 全窗基线 · 不参与实体赏罚,15050532,1506,A168_HF9F_20260827_0900,2026-08-27 09:00:00
2026-05-22,74657362,1323,0,258.3979328166,86.1326442722,86.1326442722,0.6666667,6,6,0.50218230000000000,0.502182300000,0.8058132132962729,0.8058132132962729,0.8058132132962729,0E-17,ELIGIBLE,R03b_20260811_FULL_v1,L1_ELIGIBILITY,v2026-08-11,2026-03-21..2026-08-06,baccarat_bet02_101_all_pairs_incl_sentinel,round_win = game_pnl > 0 (decisive only),COMPATIBILITY_ONLY_NOT_PRODUCTION,234885.8996,214754.2105,9869.7735,3689,3015,-0.04201944,-0.00608590,-0.04816467,-0.04201944,-9869.7735,234885.8996,OK,0.0000,394.7909,4.0000,96.0000,AG03-UNRESOLVED,ALL5_LEVELS_bet23_to_bet27,394.7909,394.7909,394.7909,394.7909,394.7909,4.000000,4.000000,4.000000,4.000000,4.000000,96.000000,96.000000,96.000000,96.000000,96.000000,5.0,1973.9547,1822.2297,7895.8188,8047.5438,PENDING_AG03,FALSE,NOT_FOR_ENFORCEMENT,9474.9825,206164.0421,9869.7735,9474.9825,394.7909,0.04201944,0.04033866,394.7909,9474.9825,0.04033866,394.7909,394.7909,394.7909,394.7909,394.7909,9474.9825,0.04033866,1973.9547,1822.2297,7895.8188,8047.5438,0.03361555,0.0342615,0.00168078,63.6720,71.2286,3.2736,143.0402,5.0692,3404.1435,43.6957,64.4793,63.5359,42.5677,43.0663,85.2079,124.7713,127.8119,154.8004,42.604,-41.336,2.967791,3.594466,1.478463,30,203,130,8,0.14604117,0.04201944,0.00608590,0E-8,0.000000,0.914292,0.640282,0.04207877,2026-03-23,2026-08-04,69,1947,1162,135,0.511111,1.014849,1.012680,0.486804,,,,,,,,GLOBAL_BASELINE_NO_ENTITY_RANKING,,,NOT_APPLICABLE_GLOBAL_BASELINE,HF9g-P5,,,,X 全窗基线 · 不参与实体赏罚,15050533,1506,A168_HF9F_20260827_0900,2026-08-27 09:00:00
2026-05-22,74657362,1374,0,43.0663221361,-43.0663221361,-43.0663221361,0E-7,1,1,0.49324550000000000,0.493245500000,-0.9865810262130424,-0.9865810262130424,-0.9865810262130424,0E-17,ELIGIBLE,R03b_20260811_FULL_v1,L1_ELIGIBILITY,v2026-08-11,2026-03-21..2026-08-06,baccarat_bet02_101_all_pairs_incl_sentinel,round_win = game_pnl > 0 (decisive only),COMPATIBILITY_ONLY_NOT_PRODUCTION,234885.8996,214754.2105,9869.7735,3689,3015,-0.04201944,-0.00608590,-0.04816467,-0.04201944,-9869.7735,234885.8996,OK,0.0000,394.7909,4.0000,96.0000,AG03-UNRESOLVED,ALL5_LEVELS_bet23_to_bet27,394.7909,394.7909,394.7909,394.7909,394.7909,4.000000,4.000000,4.000000,4.000000,4.000000,96.000000,96.000000,96.000000,96.000000,96.000000,5.0,1973.9547,1822.2297,7895.8188,8047.5438,PENDING_AG03,FALSE,NOT_FOR_ENFORCEMENT,9474.9825,206164.0421,9869.7735,9474.9825,394.7909,0.04201944,0.04033866,394.7909,9474.9825,0.04033866,394.7909,394.7909,394.7909,394.7909,394.7909,9474.9825,0.04033866,1973.9547,1822.2297,7895.8188,8047.5438,0.03361555,0.0342615,0.00168078,63.6720,71.2286,3.2736,143.0402,5.0692,3404.1435,43.6957,64.4793,63.5359,42.5677,43.0663,85.2079,124.7713,127.8119,154.8004,42.604,-41.336,2.967791,3.594466,1.478463,30,203,130,8,0.14604117,0.04201944,0.00608590,0E-8,0.000000,0.914292,0.640282,0.04207877,2026-03-23,2026-08-04,69,1947,1162,135,0.511111,1.014849,1.012680,0.486804,,,,,,,,GLOBAL_BASELINE_NO_ENTITY_RANKING,,,NOT_APPLICABLE_GLOBAL_BASELINE,HF9g-P5,,,,X 全窗基线 · 不参与实体赏罚,15050534,1506,A168_HF9F_20260827_0900,2026-08-27 09:00:00
2026-05-22,74657362,1384,0,86.1326442722,86.1326442722,86.1326442722,1.0000000,1,1,0.49324550000000000,0.493245500000,1.01360149184955,1.01360149184955,1.01360149184955,0E-17,ELIGIBLE,R03b_20260811_FULL_v1,L1_ELIGIBILITY,v2026-08-11,2026-03-21..2026-08-06,baccarat_bet02_101_all_pairs_incl_sentinel,round_win = game_pnl > 0 (decisive only),COMPATIBILITY_ONLY_NOT_PRODUCTION,234885.8996,214754.2105,9869.7735,3689,3015,-0.04201944,-0.00608590,-0.04816467,-0.04201944,-9869.7735,234885.8996,OK,0.0000,394.7909,4.0000,96.0000,AG03-UNRESOLVED,ALL5_LEVELS_bet23_to_bet27,394.7909,394.7909,394.7909,394.7909,394.7909,4.000000,4.000000,4.000000,4.000000,4.000000,96.000000,96.000000,96.000000,96.000000,96.000000,5.0,1973.9547,1822.2297,7895.8188,8047.5438,PENDING_AG03,FALSE,NOT_FOR_ENFORCEMENT,9474.9825,206164.0421,9869.7735,9474.9825,394.7909,0.04201944,0.04033866,394.7909,9474.9825,0.04033866,394.7909,394.7909,394.7909,394.7909,394.7909,9474.9825,0.04033866,1973.9547,1822.2297,7895.8188,8047.5438,0.03361555,0.0342615,0.00168078,63.6720,71.2286,3.2736,143.0402,5.0692,3404.1435,43.6957,64.4793,63.5359,42.5677,43.0663,85.2079,124.7713,127.8119,154.8004,42.604,-41.336,2.967791,3.594466,1.478463,30,203,130,8,0.14604117,0.04201944,0.00608590,0E-8,0.000000,0.914292,0.640282,0.04207877,2026-03-23,2026-08-04,69,1947,1162,135,0.511111,1.014849,1.012680,0.486804,,,,,,,,GLOBAL_BASELINE_NO_ENTITY_RANKING,,,NOT_APPLICABLE_GLOBAL_BASELINE,HF9g-P5,,,,X 全窗基线 · 不参与实体赏罚,15050535,1506,A168_HF9F_20260827_0900,2026-08-27 09:00:00
2026-05-22,74657362,1396,0,129.1989664083,43.0663221361,43.0663221361,0.6666667,3,3,0.49324550000000000,0.493245500000,0.6008033672792107,0.6008033672792106,0.6008033672792107,0E-17,ELIGIBLE,R03b_20260811_FULL_v1,L1_ELIGIBILITY,v2026-08-11,2026-03-21..2026-08-06,baccarat_bet02_101_all_pairs_incl_sentinel,round_win = game_pnl > 0 (decisive only),COMPATIBILITY_ONLY_NOT_PRODUCTION,234885.8996,214754.2105,9869.7735,3689,3015,-0.04201944,-0.00608590,-0.04816467,-0.04201944,-9869.7735,234885.8996,OK,0.0000,394.7909,4.0000,96.0000,AG03-UNRESOLVED,ALL5_LEVELS_bet23_to_bet27,394.7909,394.7909,394.7909,394.7909,394.7909,4.000000,4.000000,4.000000,4.000000,4.000000,96.000000,96.000000,96.000000,96.000000,96.000000,5.0,1973.9547,1822.2297,7895.8188,8047.5438,PENDING_AG03,FALSE,NOT_FOR_ENFORCEMENT,9474.9825,206164.0421,9869.7735,9474.9825,394.7909,0.04201944,0.04033866,394.7909,9474.9825,0.04033866,394.7909,394.7909,394.7909,394.7909,394.7909,9474.9825,0.04033866,1973.9547,1822.2297,7895.8188,8047.5438,0.03361555,0.0342615,0.00168078,63.6720,71.2286,3.2736,143.0402,5.0692,3404.1435,43.6957,64.4793,63.5359,42.5677,43.0663,85.2079,124.7713,127.8119,154.8004,42.604,-41.336,2.967791,3.594466,1.478463,30,203,130,8,0.14604117,0.04201944,0.00608590,0E-8,0.000000,0.914292,0.640282,0.04207877,2026-03-23,2026-08-04,69,1947,1162,135,0.511111,1.014849,1.012680,0.486804,,,,,,,,GLOBAL_BASELINE_NO_ENTITY_RANKING,,,NOT_APPLICABLE_GLOBAL_BASELINE,HF9g-P5,,,,X 全窗基线 · 不参与实体赏罚,15050536,1506,A168_HF9F_20260827_0900,2026-08-27 09:00:00
2026-05-22,74657362,1623,0,86.1326442722,43.0663221361,43.0663221361,1.0000000,2,2,0.49324550000000000,0.493245500000,1.01360149184955,1.01360149184955,1.01360149184955,0E-17,ELIGIBLE,R03b_20260811_FULL_v1,L1_ELIGIBILITY,v2026-08-11,2026-03-21..2026-08-06,baccarat_bet02_101_all_pairs_incl_sentinel,round_win = game_pnl > 0 (decisive only),COMPATIBILITY_ONLY_NOT_PRODUCTION,234885.8996,214754.2105,9869.7735,3689,3015,-0.04201944,-0.00608590,-0.04816467,-0.04201944,-9869.7735,234885.8996,OK,0.0000,394.7909,4.0000,96.0000,AG03-UNRESOLVED,ALL5_LEVELS_bet23_to_bet27,394.7909,394.7909,394.7909,394.7909,394.7909,4.000000,4.000000,4.000000,4.000000,4.000000,96.000000,96.000000,96.000000,96.000000,96.000000,5.0,1973.9547,1822.2297,7895.8188,8047.5438,PENDING_AG03,FALSE,NOT_FOR_ENFORCEMENT,9474.9825,206164.0421,9869.7735,9474.9825,394.7909,0.04201944,0.04033866,394.7909,9474.9825,0.04033866,394.7909,394.7909,394.7909,394.7909,394.7909,9474.9825,0.04033866,1973.9547,1822.2297,7895.8188,8047.5438,0.03361555,0.0342615,0.00168078,63.6720,71.2286,3.2736,143.0402,5.0692,3404.1435,43.6957,64.4793,63.5359,42.5677,43.0663,85.2079,124.7713,127.8119,154.8004,42.604,-41.336,2.967791,3.594466,1.478463,30,203,130,8,0.14604117,0.04201944,0.00608590,0E-8,0.000000,0.914292,0.640282,0.04207877,2026-03-23,2026-08-04,69,1947,1162,135,0.511111,1.014849,1.012680,0.486804,,,,,,,,GLOBAL_BASELINE_NO_ENTITY_RANKING,,,NOT_APPLICABLE_GLOBAL_BASELINE,HF9g-P5,,,,X 全窗基线 · 不参与实体赏罚,15050537,1506,A168_HF9F_20260827_0900,2026-08-27 09:00:00
2026-05-22,74657362,1714,0,86.1326442722,-86.1326442722,-86.1326442722,0E-7,1,1,0.49324550000000000,0.493245500000,-0.9865810262130424,-0.9865810262130424,-0.9865810262130424,0E-17,ELIGIBLE,R03b_20260811_FULL_v1,L1_ELIGIBILITY,v2026-08-11,2026-03-21..2026-08-06,baccarat_bet02_101_all_pairs_incl_sentinel,round_win = game_pnl > 0 (decisive only),COMPATIBILITY_ONLY_NOT_PRODUCTION,234885.8996,214754.2105,9869.7735,3689,3015,-0.04201944,-0.00608590,-0.04816467,-0.04201944,-9869.7735,234885.8996,OK,0.0000,394.7909,4.0000,96.0000,AG03-UNRESOLVED,ALL5_LEVELS_bet23_to_bet27,394.7909,394.7909,394.7909,394.7909,394.7909,4.000000,4.000000,4.000000,4.000000,4.000000,96.000000,96.000000,96.000000,96.000000,96.000000,5.0,1973.9547,1822.2297,7895.8188,8047.5438,PENDING_AG03,FALSE,NOT_FOR_ENFORCEMENT,9474.9825,206164.0421,9869.7735,9474.9825,394.7909,0.04201944,0.04033866,394.7909,9474.9825,0.04033866,394.7909,394.7909,394.7909,394.7909,394.7909,9474.9825,0.04033866,1973.9547,1822.2297,7895.8188,8047.5438,0.03361555,0.0342615,0.00168078,63.6720,71.2286,3.2736,143.0402,5.0692,3404.1435,43.6957,64.4793,63.5359,42.5677,43.0663,85.2079,124.7713,127.8119,154.8004,42.604,-41.336,2.967791,3.594466,1.478463,30,203,130,8,0.14604117,0.04201944,0.00608590,0E-8,0.000000,0.914292,0.640282,0.04207877,2026-03-23,2026-08-04,69,1947,1162,135,0.511111,1.014849,1.012680,0.486804,,,,,,,,GLOBAL_BASELINE_NO_ENTITY_RANKING,,,NOT_APPLICABLE_GLOBAL_BASELINE,HF9g-P5,,,,X 全窗基线 · 不参与实体赏罚,15050538,1506,A168_HF9F_20260827_0900,2026-08-27 09:00:00
2026-05-22,74657362,1935,0,86.1326442722,86.1326442722,86.1326442722,1.0000000,1,1,0.49324550000000000,0.493245500000,1.01360149184955,1.01360149184955,1.01360149184955,0E-17,ELIGIBLE,R03b_20260811_FULL_v1,L1_ELIGIBILITY,v2026-08-11,2026-03-21..2026-08-06,baccarat_bet02_101_all_pairs_incl_sentinel,round_win = game_pnl > 0 (decisive only),COMPATIBILITY_ONLY_NOT_PRODUCTION,234885.8996,214754.2105,9869.7735,3689,3015,-0.04201944,-0.00608590,-0.04816467,-0.04201944,-9869.7735,234885.8996,OK,0.0000,394.7909,4.0000,96.0000,AG03-UNRESOLVED,ALL5_LEVELS_bet23_to_bet27,394.7909,394.7909,394.7909,394.7909,394.7909,4.000000,4.000000,4.000000,4.000000,4.000000,96.000000,96.000000,96.000000,96.000000,96.000000,5.0,1973.9547,1822.2297,7895.8188,8047.5438,PENDING_AG03,FALSE,NOT_FOR_ENFORCEMENT,9474.9825,206164.0421,9869.7735,9474.9825,394.7909,0.04201944,0.04033866,394.7909,9474.9825,0.04033866,394.7909,394.7909,394.7909,394.7909,394.7909,9474.9825,0.04033866,1973.9547,1822.2297,7895.8188,8047.5438,0.03361555,0.0342615,0.00168078,63.6720,71.2286,3.2736,143.0402,5.0692,3404.1435,43.6957,64.4793,63.5359,42.5677,43.0663,85.2079,124.7713,127.8119,154.8004,42.604,-41.336,2.967791,3.594466,1.478463,30,203,130,8,0.14604117,0.04201944,0.00608590,0E-8,0.000000,0.914292,0.640282,0.04207877,2026-03-23,2026-08-04,69,1947,1162,135,0.511111,1.014849,1.012680,0.486804,,,,,,,,GLOBAL_BASELINE_NO_ENTITY_RANKING,,,NOT_APPLICABLE_GLOBAL_BASELINE,HF9g-P5,,,,X 全窗基线 · 不参与实体赏罚,15050539,1506,A168_HF9F_20260827_0900,2026-08-27 09:00:00
2026-05-22,74657362,1941,0,172.2652885444,86.1326442722,86.1326442722,0.7500000,4,4,0.49324550000000000,0.493245500000,1.0271117246678039,1.0271117246678039,1.0271117246678039,0E-17,ELIGIBLE,R03b_20260811_FULL_v1,L1_ELIGIBILITY,v2026-08-11,2026-03-21..2026-08-06,baccarat_bet02_101_all_pairs_incl_sentinel,round_win = game_pnl > 0 (decisive only),COMPATIBILITY_ONLY_NOT_PRODUCTION,234885.8996,214754.2105,9869.7735,3689,3015,-0.04201944,-0.00608590,-0.04816467,-0.04201944,-9869.7735,234885.8996,OK,0.0000,394.7909,4.0000,96.0000,AG03-UNRESOLVED,ALL5_LEVELS_bet23_to_bet27,394.7909,394.7909,394.7909,394.7909,394.7909,4.000000,4.000000,4.000000,4.000000,4.000000,96.000000,96.000000,96.000000,96.000000,96.000000,5.0,1973.9547,1822.2297,7895.8188,8047.5438,PENDING_AG03,FALSE,NOT_FOR_ENFORCEMENT,9474.9825,206164.0421,9869.7735,9474.9825,394.7909,0.04201944,0.04033866,394.7909,9474.9825,0.04033866,394.7909,394.7909,394.7909,394.7909,394.7909,9474.9825,0.04033866,1973.9547,1822.2297,7895.8188,8047.5438,0.03361555,0.0342615,0.00168078,63.6720,71.2286,3.2736,143.0402,5.0692,3404.1435,43.6957,64.4793,63.5359,42.5677,43.0663,85.2079,124.7713,127.8119,154.8004,42.604,-41.336,2.967791,3.594466,1.478463,30,203,130,8,0.14604117,0.04201944,0.00608590,0E-8,0.000000,0.914292,0.640282,0.04207877,2026-03-23,2026-08-04,69,1947,1162,135,0.511111,1.014849,1.012680,0.486804,,,,,,,,GLOBAL_BASELINE_NO_ENTITY_RANKING,,,NOT_APPLICABLE_GLOBAL_BASELINE,HF9g-P5,,,,X 全窗基线 · 不参与实体赏罚,15050540,1506,A168_HF9F_20260827_0900,2026-08-27 09:00:00
2026-05-22,74657362,1951,0,172.2652885444,43.0663221361,43.0663221361,0.5000000,3,3,0.49324550000000000,0.493245500000,0.01910635448239258,0.01910635448239258,0.01910635448239258,0E-17,ELIGIBLE,R03b_20260811_FULL_v1,L1_ELIGIBILITY,v2026-08-11,2026-03-21..2026-08-06,baccarat_bet02_101_all_pairs_incl_sentinel,round_win = game_pnl > 0 (decisive only),COMPATIBILITY_ONLY_NOT_PRODUCTION,234885.8996,214754.2105,9869.7735,3689,3015,-0.04201944,-0.00608590,-0.04816467,-0.04201944,-9869.7735,234885.8996,OK,0.0000,394.7909,4.0000,96.0000,AG03-UNRESOLVED,ALL5_LEVELS_bet23_to_bet27,394.7909,394.7909,394.7909,394.7909,394.7909,4.000000,4.000000,4.000000,4.000000,4.000000,96.000000,96.000000,96.000000,96.000000,96.000000,5.0,1973.9547,1822.2297,7895.8188,8047.5438,PENDING_AG03,FALSE,NOT_FOR_ENFORCEMENT,9474.9825,206164.0421,9869.7735,9474.9825,394.7909,0.04201944,0.04033866,394.7909,9474.9825,0.04033866,394.7909,394.7909,394.7909,394.7909,394.7909,9474.9825,0.04033866,1973.9547,1822.2297,7895.8188,8047.5438,0.03361555,0.0342615,0.00168078,63.6720,71.2286,3.2736,143.0402,5.0692,3404.1435,43.6957,64.4793,63.5359,42.5677,43.0663,85.2079,124.7713,127.8119,154.8004,42.604,-41.336,2.967791,3.594466,1.478463,30,203,130,8,0.14604117,0.04201944,0.00608590,0E-8,0.000000,0.914292,0.640282,0.04207877,2026-03-23,2026-08-04,69,1947,1162,135,0.511111,1.014849,1.012680,0.486804,,,,,,,,GLOBAL_BASELINE_NO_ENTITY_RANKING,,,NOT_APPLICABLE_GLOBAL_BASELINE,HF9g-P5,,,,X 全窗基线 · 不参与实体赏罚,15050541,1506,A168_HF9F_20260827_0900,2026-08-27 09:00:00
2026-05-22,74657362,1985,0,149.8708010336,22.3944875108,22.3944875108,0.5000000,4,4,0.49324550000000000,0.493245500000,0.027020465636507562,0.027020465636507562,0.027020465636507562,0E-17,ELIGIBLE,R03b_20260811_FULL_v1,L1_ELIGIBILITY,v2026-08-11,2026-03-21..2026-08-06,baccarat_bet02_101_all_pairs_incl_sentinel,round_win = game_pnl > 0 (decisive only),COMPATIBILITY_ONLY_NOT_PRODUCTION,234885.8996,214754.2105,9869.7735,3689,3015,-0.04201944,-0.00608590,-0.04816467,-0.04201944,-9869.7735,234885.8996,OK,0.0000,394.7909,4.0000,96.0000,AG03-UNRESOLVED,ALL5_LEVELS_bet23_to_bet27,394.7909,394.7909,394.7909,394.7909,394.7909,4.000000,4.000000,4.000000,4.000000,4.000000,96.000000,96.000000,96.000000,96.000000,96.000000,5.0,1973.9547,1822.2297,7895.8188,8047.5438,PENDING_AG03,FALSE,NOT_FOR_ENFORCEMENT,9474.9825,206164.0421,9869.7735,9474.9825,394.7909,0.04201944,0.04033866,394.7909,9474.9825,0.04033866,394.7909,394.7909,394.7909,394.7909,394.7909,9474.9825,0.04033866,1973.9547,1822.2297,7895.8188,8047.5438,0.03361555,0.0342615,0.00168078,63.6720,71.2286,3.2736,143.0402,5.0692,3404.1435,43.6957,64.4793,63.5359,42.5677,43.0663,85.2079,124.7713,127.8119,154.8004,42.604,-41.336,2.967791,3.594466,1.478463,30,203,130,8,0.14604117,0.04201944,0.00608590,0E-8,0.000000,0.914292,0.640282,0.04207877,2026-03-23,2026-08-04,69,1947,1162,135,0.511111,1.014849,1.012680,0.486804,,,,,,,,GLOBAL_BASELINE_NO_ENTITY_RANKING,,,NOT_APPLICABLE_GLOBAL_BASELINE,HF9g-P5,,,,X 全窗基线 · 不参与实体赏罚,15050542,1506,A168_HF9F_20260827_0900,2026-08-27 09:00:00
2026-05-22,74657362,1990,0,43.0663221361,43.0663221361,43.0663221361,1.0000000,1,1,0.49324550000000000,0.493245500000,1.01360149184955,1.01360149184955,1.01360149184955,0E-17,ELIGIBLE,R03b_20260811_FULL_v1,L1_ELIGIBILITY,v2026-08-11,2026-03-21..2026-08-06,baccarat_bet02_101_all_pairs_incl_sentinel,round_win = game_pnl > 0 (decisive only),COMPATIBILITY_ONLY_NOT_PRODUCTION,234885.8996,214754.2105,9869.7735,3689,3015,-0.04201944,-0.00608590,-0.04816467,-0.04201944,-9869.7735,234885.8996,OK,0.0000,394.7909,4.0000,96.0000,AG03-UNRESOLVED,ALL5_LEVELS_bet23_to_bet27,394.7909,394.7909,394.7909,394.7909,394.7909,4.000000,4.000000,4.000000,4.000000,4.000000,96.000000,96.000000,96.000000,96.000000,96.000000,5.0,1973.9547,1822.2297,7895.8188,8047.5438,PENDING_AG03,FALSE,NOT_FOR_ENFORCEMENT,9474.9825,206164.0421,9869.7735,9474.9825,394.7909,0.04201944,0.04033866,394.7909,9474.9825,0.04033866,394.7909,394.7909,394.7909,394.7909,394.7909,9474.9825,0.04033866,1973.9547,1822.2297,7895.8188,8047.5438,0.03361555,0.0342615,0.00168078,63.6720,71.2286,3.2736,143.0402,5.0692,3404.1435,43.6957,64.4793,63.5359,42.5677,43.0663,85.2079,124.7713,127.8119,154.8004,42.604,-41.336,2.967791,3.594466,1.478463,30,203,130,8,0.14604117,0.04201944,0.00608590,0E-8,0.000000,0.914292,0.640282,0.04207877,2026-03-23,2026-08-04,69,1947,1162,135,0.511111,1.014849,1.012680,0.486804,,,,,,,,GLOBAL_BASELINE_NO_ENTITY_RANKING,,,NOT_APPLICABLE_GLOBAL_BASELINE,HF9g-P5,,,,X 全窗基线 · 不参与实体赏罚,15050543,1506,A168_HF9F_20260827_0900,2026-08-27 09:00:00
2026-05-22,74657362,1994,0,215.3316106805,64.5994832041,64.5994832041,0.7500000,5,5,0.49860758000000000,0.498607580000,1.005573579286957,1.005573579286957,1.005573579286957,0E-17,ELIGIBLE,R03b_20260811_FULL_v1,L1_ELIGIBILITY,v2026-08-11,2026-03-21..2026-08-06,baccarat_bet02_101_all_pairs_incl_sentinel,round_win = game_pnl > 0 (decisive only),COMPATIBILITY_ONLY_NOT_PRODUCTION,234885.8996,214754.2105,9869.7735,3689,3015,-0.04201944,-0.00608590,-0.04816467,-0.04201944,-9869.7735,234885.8996,OK,0.0000,394.7909,4.0000,96.0000,AG03-UNRESOLVED,ALL5_LEVELS_bet23_to_bet27,394.7909,394.7909,394.7909,394.7909,394.7909,4.000000,4.000000,4.000000,4.000000,4.000000,96.000000,96.000000,96.000000,96.000000,96.000000,5.0,1973.9547,1822.2297,7895.8188,8047.5438,PENDING_AG03,FALSE,NOT_FOR_ENFORCEMENT,9474.9825,206164.0421,9869.7735,9474.9825,394.7909,0.04201944,0.04033866,394.7909,9474.9825,0.04033866,394.7909,394.7909,394.7909,394.7909,394.7909,9474.9825,0.04033866,1973.9547,1822.2297,7895.8188,8047.5438,0.03361555,0.0342615,0.00168078,63.6720,71.2286,3.2736,143.0402,5.0692,3404.1435,43.6957,64.4793,63.5359,42.5677,43.0663,85.2079,124.7713,127.8119,154.8004,42.604,-41.336,2.967791,3.594466,1.478463,30,203,130,8,0.14604117,0.04201944,0.00608590,0E-8,0.000000,0.914292,0.640282,0.04207877,2026-03-23,2026-08-04,69,1947,1162,135,0.511111,1.014849,1.012680,0.486804,,,,,,,,GLOBAL_BASELINE_NO_ENTITY_RANKING,,,NOT_APPLICABLE_GLOBAL_BASELINE,HF9g-P5,,,,X 全窗基线 · 不参与实体赏罚,15050544,1506,A168_HF9F_20260827_0900,2026-08-27 09:00:00
2026-05-22,74657362,2064,0,86.1326442722,86.1326442722,86.1326442722,1.0000000,1,1,0.49324550000000000,0.493245500000,1.01360149184955,1.01360149184955,1.01360149184955,0E-17,ELIGIBLE,R03b_20260811_FULL_v1,L1_ELIGIBILITY,v2026-08-11,2026-03-21..2026-08-06,baccarat_bet02_101_all_pairs_incl_sentinel,round_win = game_pnl > 0 (decisive only),COMPATIBILITY_ONLY_NOT_PRODUCTION,234885.8996,214754.2105,9869.7735,3689,3015,-0.04201944,-0.00608590,-0.04816467,-0.04201944,-9869.7735,234885.8996,OK,0.0000,394.7909,4.0000,96.0000,AG03-UNRESOLVED,ALL5_LEVELS_bet23_to_bet27,394.7909,394.7909,394.7909,394.7909,394.7909,4.000000,4.000000,4.000000,4.000000,4.000000,96.000000,96.000000,96.000000,96.000000,96.000000,5.0,1973.9547,1822.2297,7895.8188,8047.5438,PENDING_AG03,FALSE,NOT_FOR_ENFORCEMENT,9474.9825,206164.0421,9869.7735,9474.9825,394.7909,0.04201944,0.04033866,394.7909,9474.9825,0.04033866,394.7909,394.7909,394.7909,394.7909,394.7909,9474.9825,0.04033866,1973.9547,1822.2297,7895.8188,8047.5438,0.03361555,0.0342615,0.00168078,63.6720,71.2286,3.2736,143.0402,5.0692,3404.1435,43.6957,64.4793,63.5359,42.5677,43.0663,85.2079,124.7713,127.8119,154.8004,42.604,-41.336,2.967791,3.594466,1.478463,30,203,130,8,0.14604117,0.04201944,0.00608590,0E-8,0.000000,0.914292,0.640282,0.04207877,2026-03-23,2026-08-04,69,1947,1162,135,0.511111,1.014849,1.012680,0.486804,,,,,,,,GLOBAL_BASELINE_NO_ENTITY_RANKING,,,NOT_APPLICABLE_GLOBAL_BASELINE,HF9g-P5,,,,X 全窗基线 · 不参与实体赏罚,15050545,1506,A168_HF9F_20260827_0900,2026-08-27 09:00:00
2026-05-22,74657362,2101,0,43.0663221361,-43.0663221361,-43.0663221361,0E-7,1,1,0.49324550000000000,0.493245500000,-0.9865810262130424,-0.9865810262130424,-0.9865810262130424,0E-17,ELIGIBLE,R03b_20260811_FULL_v1,L1_ELIGIBILITY,v2026-08-11,2026-03-21..2026-08-06,baccarat_bet02_101_all_pairs_incl_sentinel,round_win = game_pnl > 0 (decisive only),COMPATIBILITY_ONLY_NOT_PRODUCTION,234885.8996,214754.2105,9869.7735,3689,3015,-0.04201944,-0.00608590,-0.04816467,-0.04201944,-9869.7735,234885.8996,OK,0.0000,394.7909,4.0000,96.0000,AG03-UNRESOLVED,ALL5_LEVELS_bet23_to_bet27,394.7909,394.7909,394.7909,394.7909,394.7909,4.000000,4.000000,4.000000,4.000000,4.000000,96.000000,96.000000,96.000000,96.000000,96.000000,5.0,1973.9547,1822.2297,7895.8188,8047.5438,PENDING_AG03,FALSE,NOT_FOR_ENFORCEMENT,9474.9825,206164.0421,9869.7735,9474.9825,394.7909,0.04201944,0.04033866,394.7909,9474.9825,0.04033866,394.7909,394.7909,394.7909,394.7909,394.7909,9474.9825,0.04033866,1973.9547,1822.2297,7895.8188,8047.5438,0.03361555,0.0342615,0.00168078,63.6720,71.2286,3.2736,143.0402,5.0692,3404.1435,43.6957,64.4793,63.5359,42.5677,43.0663,85.2079,124.7713,127.8119,154.8004,42.604,-41.336,2.967791,3.594466,1.478463,30,203,130,8,0.14604117,0.04201944,0.00608590,0E-8,0.000000,0.914292,0.640282,0.04207877,2026-03-23,2026-08-04,69,1947,1162,135,0.511111,1.014849,1.012680,0.486804,,,,,,,,GLOBAL_BASELINE_NO_ENTITY_RANKING,,,NOT_APPLICABLE_GLOBAL_BASELINE,HF9g-P5,,,,X 全窗基线 · 不参与实体赏罚,15050546,1506,A168_HF9F_20260827_0900,2026-08-27 09:00:00
2026-05-22,74657362,2115,0,43.0663221361,-43.0663221361,-43.0663221361,0E-7,1,1,0.49324550000000000,0.493245500000,-0.9865810262130424,-0.9865810262130424,-0.9865810262130424,0E-17,ELIGIBLE,R03b_20260811_FULL_v1,L1_ELIGIBILITY,v2026-08-11,2026-03-21..2026-08-06,baccarat_bet02_101_all_pairs_incl_sentinel,round_win = game_pnl > 0 (decisive only),COMPATIBILITY_ONLY_NOT_PRODUCTION,234885.8996,214754.2105,9869.7735,3689,3015,-0.04201944,-0.00608590,-0.04816467,-0.04201944,-9869.7735,234885.8996,OK,0.0000,394.7909,4.0000,96.0000,AG03-UNRESOLVED,ALL5_LEVELS_bet23_to_bet27,394.7909,394.7909,394.7909,394.7909,394.7909,4.000000,4.000000,4.000000,4.000000,4.000000,96.000000,96.000000,96.000000,96.000000,96.000000,5.0,1973.9547,1822.2297,7895.8188,8047.5438,PENDING_AG03,FALSE,NOT_FOR_ENFORCEMENT,9474.9825,206164.0421,9869.7735,9474.9825,394.7909,0.04201944,0.04033866,394.7909,9474.9825,0.04033866,394.7909,394.7909,394.7909,394.7909,394.7909,9474.9825,0.04033866,1973.9547,1822.2297,7895.8188,8047.5438,0.03361555,0.0342615,0.00168078,63.6720,71.2286,3.2736,143.0402,5.0692,3404.1435,43.6957,64.4793,63.5359,42.5677,43.0663,85.2079,124.7713,127.8119,154.8004,42.604,-41.336,2.967791,3.594466,1.478463,30,203,130,8,0.14604117,0.04201944,0.00608590,0E-8,0.000000,0.914292,0.640282,0.04207877,2026-03-23,2026-08-04,69,1947,1162,135,0.511111,1.014849,1.012680,0.486804,,,,,,,,GLOBAL_BASELINE_NO_ENTITY_RANKING,,,NOT_APPLICABLE_GLOBAL_BASELINE,HF9g-P5,,,,X 全窗基线 · 不参与实体赏罚,15050547,1506,A168_HF9F_20260827_0900,2026-08-27 09:00:00
2026-05-22,74657362,2134,0,86.1326442722,-86.1326442722,-86.1326442722,0E-7,1,1,0.49324550000000000,0.493245500000,-0.9865810262130424,-0.9865810262130424,-0.9865810262130424,0E-17,ELIGIBLE,R03b_20260811_FULL_v1,L1_ELIGIBILITY,v2026-08-11,2026-03-21..2026-08-06,baccarat_bet02_101_all_pairs_incl_sentinel,round_win = game_pnl > 0 (decisive only),COMPATIBILITY_ONLY_NOT_PRODUCTION,234885.8996,214754.2105,9869.7735,3689,3015,-0.04201944,-0.00608590,-0.04816467,-0.04201944,-9869.7735,234885.8996,OK,0.0000,394.7909,4.0000,96.0000,AG03-UNRESOLVED,ALL5_LEVELS_bet23_to_bet27,394.7909,394.7909,394.7909,394.7909,394.7909,4.000000,4.000000,4.000000,4.000000,4.000000,96.000000,96.000000,96.000000,96.000000,96.000000,5.0,1973.9547,1822.2297,7895.8188,8047.5438,PENDING_AG03,FALSE,NOT_FOR_ENFORCEMENT,9474.9825,206164.0421,9869.7735,9474.9825,394.7909,0.04201944,0.04033866,394.7909,9474.9825,0.04033866,394.7909,394.7909,394.7909,394.7909,394.7909,9474.9825,0.04033866,1973.9547,1822.2297,7895.8188,8047.5438,0.03361555,0.0342615,0.00168078,63.6720,71.2286,3.2736,143.0402,5.0692,3404.1435,43.6957,64.4793,63.5359,42.5677,43.0663,85.2079,124.7713,127.8119,154.8004,42.604,-41.336,2.967791,3.594466,1.478463,30,203,130,8,0.14604117,0.04201944,0.00608590,0E-8,0.000000,0.914292,0.640282,0.04207877,2026-03-23,2026-08-04,69,1947,1162,135,0.511111,1.014849,1.012680,0.486804,,,,,,,,GLOBAL_BASELINE_NO_ENTITY_RANKING,,,NOT_APPLICABLE_GLOBAL_BASELINE,HF9g-P5,,,,X 全窗基线 · 不参与实体赏罚,15050548,1506,A168_HF9F_20260827_0900,2026-08-27 09:00:00
2026-05-22,74657362,2142,0,129.1989664083,-129.1989664083,-129.1989664083,0E-7,2,2,0.49994810000000000,0.499948100000,-1.4140667746232096,-1.4140667746232096,-1.4140667746232096,0E-17,ELIGIBLE,R03b_20260811_FULL_v1,L1_ELIGIBILITY,v2026-08-11,2026-03-21..2026-08-06,baccarat_bet02_101_all_pairs_incl_sentinel,round_win = game_pnl > 0 (decisive only),COMPATIBILITY_ONLY_NOT_PRODUCTION,234885.8996,214754.2105,9869.7735,3689,3015,-0.04201944,-0.00608590,-0.04816467,-0.04201944,-9869.7735,234885.8996,OK,0.0000,394.7909,4.0000,96.0000,AG03-UNRESOLVED,ALL5_LEVELS_bet23_to_bet27,394.7909,394.7909,394.7909,394.7909,394.7909,4.000000,4.000000,4.000000,4.000000,4.000000,96.000000,96.000000,96.000000,96.000000,96.000000,5.0,1973.9547,1822.2297,7895.8188,8047.5438,PENDING_AG03,FALSE,NOT_FOR_ENFORCEMENT,9474.9825,206164.0421,9869.7735,9474.9825,394.7909,0.04201944,0.04033866,394.7909,9474.9825,0.04033866,394.7909,394.7909,394.7909,394.7909,394.7909,9474.9825,0.04033866,1973.9547,1822.2297,7895.8188,8047.5438,0.03361555,0.0342615,0.00168078,63.6720,71.2286,3.2736,143.0402,5.0692,3404.1435,43.6957,64.4793,63.5359,42.5677,43.0663,85.2079,124.7713,127.8119,154.8004,42.604,-41.336,2.967791,3.594466,1.478463,30,203,130,8,0.14604117,0.04201944,0.00608590,0E-8,0.000000,0.914292,0.640282,0.04207877,2026-03-23,2026-08-04,69,1947,1162,135,0.511111,1.014849,1.012680,0.486804,,,,,,,,GLOBAL_BASELINE_NO_ENTITY_RANKING,,,NOT_APPLICABLE_GLOBAL_BASELINE,HF9g-P5,,,,X 全窗基线 · 不参与实体赏罚,15050549,1506,A168_HF9F_20260827_0900,2026-08-27 09:00:00
2026-05-22,74657362,2145,0,86.1326442722,43.0663221361,43.0663221361,1.0000000,2,2,0.49994810000000000,0.499948100000,1.0001038053877793,1.0001038053877793,1.0001038053877793,0E-17,ELIGIBLE,R03b_20260811_FULL_v1,L1_ELIGIBILITY,v2026-08-11,2026-03-21..2026-08-06,baccarat_bet02_101_all_pairs_incl_sentinel,round_win = game_pnl > 0 (decisive only),COMPATIBILITY_ONLY_NOT_PRODUCTION,234885.8996,214754.2105,9869.7735,3689,3015,-0.04201944,-0.00608590,-0.04816467,-0.04201944,-9869.7735,234885.8996,OK,0.0000,394.7909,4.0000,96.0000,AG03-UNRESOLVED,ALL5_LEVELS_bet23_to_bet27,394.7909,394.7909,394.7909,394.7909,394.7909,4.000000,4.000000,4.000000,4.000000,4.000000,96.000000,96.000000,96.000000,96.000000,96.000000,5.0,1973.9547,1822.2297,7895.8188,8047.5438,PENDING_AG03,FALSE,NOT_FOR_ENFORCEMENT,9474.9825,206164.0421,9869.7735,9474.9825,394.7909,0.04201944,0.04033866,394.7909,9474.9825,0.04033866,394.7909,394.7909,394.7909,394.7909,394.7909,9474.9825,0.04033866,1973.9547,1822.2297,7895.8188,8047.5438,0.03361555,0.0342615,0.00168078,63.6720,71.2286,3.2736,143.0402,5.0692,3404.1435,43.6957,64.4793,63.5359,42.5677,43.0663,85.2079,124.7713,127.8119,154.8004,42.604,-41.336,2.967791,3.594466,1.478463,30,203,130,8,0.14604117,0.04201944,0.00608590,0E-8,0.000000,0.914292,0.640282,0.04207877,2026-03-23,2026-08-04,69,1947,1162,135,0.511111,1.014849,1.012680,0.486804,,,,,,,,GLOBAL_BASELINE_NO_ENTITY_RANKING,,,NOT_APPLICABLE_GLOBAL_BASELINE,HF9g-P5,,,,X 全窗基线 · 不参与实体赏罚,15050550,1506,A168_HF9F_20260827_0900,2026-08-27 09:00:00
2026-05-22,74657362,2153,0,86.1326442722,86.1326442722,86.1326442722,1.0000000,1,1,0.49324550000000000,0.493245500000,1.01360149184955,1.01360149184955,1.01360149184955,0E-17,ELIGIBLE,R03b_20260811_FULL_v1,L1_ELIGIBILITY,v2026-08-11,2026-03-21..2026-08-06,baccarat_bet02_101_all_pairs_incl_sentinel,round_win = game_pnl > 0 (decisive only),COMPATIBILITY_ONLY_NOT_PRODUCTION,234885.8996,214754.2105,9869.7735,3689,3015,-0.04201944,-0.00608590,-0.04816467,-0.04201944,-9869.7735,234885.8996,OK,0.0000,394.7909,4.0000,96.0000,AG03-UNRESOLVED,ALL5_LEVELS_bet23_to_bet27,394.7909,394.7909,394.7909,394.7909,394.7909,4.000000,4.000000,4.000000,4.000000,4.000000,96.000000,96.000000,96.000000,96.000000,96.000000,5.0,1973.9547,1822.2297,7895.8188,8047.5438,PENDING_AG03,FALSE,NOT_FOR_ENFORCEMENT,9474.9825,206164.0421,9869.7735,9474.9825,394.7909,0.04201944,0.04033866,394.7909,9474.9825,0.04033866,394.7909,394.7909,394.7909,394.7909,394.7909,9474.9825,0.04033866,1973.9547,1822.2297,7895.8188,8047.5438,0.03361555,0.0342615,0.00168078,63.6720,71.2286,3.2736,143.0402,5.0692,3404.1435,43.6957,64.4793,63.5359,42.5677,43.0663,85.2079,124.7713,127.8119,154.8004,42.604,-41.336,2.967791,3.594466,1.478463,30,203,130,8,0.14604117,0.04201944,0.00608590,0E-8,0.000000,0.914292,0.640282,0.04207877,2026-03-23,2026-08-04,69,1947,1162,135,0.511111,1.014849,1.012680,0.486804,,,,,,,,GLOBAL_BASELINE_NO_ENTITY_RANKING,,,NOT_APPLICABLE_GLOBAL_BASELINE,HF9g-P5,,,,X 全窗基线 · 不参与实体赏罚,15050551,1506,A168_HF9F_20260827_0900,2026-08-27 09:00:00
2026-05-22,74657362,2155,0,43.0663221361,-43.0663221361,-43.0663221361,0E-7,1,1,0.49324550000000000,0.493245500000,-0.9865810262130424,-0.9865810262130424,-0.9865810262130424,0E-17,ELIGIBLE,R03b_20260811_FULL_v1,L1_ELIGIBILITY,v2026-08-11,2026-03-21..2026-08-06,baccarat_bet02_101_all_pairs_incl_sentinel,round_win = game_pnl > 0 (decisive only),COMPATIBILITY_ONLY_NOT_PRODUCTION,234885.8996,214754.2105,9869.7735,3689,3015,-0.04201944,-0.00608590,-0.04816467,-0.04201944,-9869.7735,234885.8996,OK,0.0000,394.7909,4.0000,96.0000,AG03-UNRESOLVED,ALL5_LEVELS_bet23_to_bet27,394.7909,394.7909,394.7909,394.7909,394.7909,4.000000,4.000000,4.000000,4.000000,4.000000,96.000000,96.000000,96.000000,96.000000,96.000000,5.0,1973.9547,1822.2297,7895.8188,8047.5438,PENDING_AG03,FALSE,NOT_FOR_ENFORCEMENT,9474.9825,206164.0421,9869.7735,9474.9825,394.7909,0.04201944,0.04033866,394.7909,9474.9825,0.04033866,394.7909,394.7909,394.7909,394.7909,394.7909,9474.9825,0.04033866,1973.9547,1822.2297,7895.8188,8047.5438,0.03361555,0.0342615,0.00168078,63.6720,71.2286,3.2736,143.0402,5.0692,3404.1435,43.6957,64.4793,63.5359,42.5677,43.0663,85.2079,124.7713,127.8119,154.8004,42.604,-41.336,2.967791,3.594466,1.478463,30,203,130,8,0.14604117,0.04201944,0.00608590,0E-8,0.000000,0.914292,0.640282,0.04207877,2026-03-23,2026-08-04,69,1947,1162,135,0.511111,1.014849,1.012680,0.486804,,,,,,,,GLOBAL_BASELINE_NO_ENTITY_RANKING,,,NOT_APPLICABLE_GLOBAL_BASELINE,HF9g-P5,,,,X 全窗基线 · 不参与实体赏罚,15050552,1506,A168_HF9F_20260827_0900,2026-08-27 09:00:00
2026-05-22,74657362,2167,0,43.0663221361,0E-10,0E-10,,1,1,0.50665070000000000,0.506650700000,,,,0E-17,NO_DECISIVE_ROUND,R03b_20260811_FULL_v1,L1_ELIGIBILITY,v2026-08-11,2026-03-21..2026-08-06,baccarat_bet02_101_all_pairs_incl_sentinel,round_win = game_pnl > 0 (decisive only),COMPATIBILITY_ONLY_NOT_PRODUCTION,234885.8996,214754.2105,9869.7735,3689,3015,-0.04201944,-0.00608590,-0.04816467,-0.04201944,-9869.7735,234885.8996,OK,0.0000,394.7909,4.0000,96.0000,AG03-UNRESOLVED,ALL5_LEVELS_bet23_to_bet27,394.7909,394.7909,394.7909,394.7909,394.7909,4.000000,4.000000,4.000000,4.000000,4.000000,96.000000,96.000000,96.000000,96.000000,96.000000,5.0,1973.9547,1822.2297,7895.8188,8047.5438,PENDING_AG03,FALSE,NOT_FOR_ENFORCEMENT,9474.9825,206164.0421,9869.7735,9474.9825,394.7909,0.04201944,0.04033866,394.7909,9474.9825,0.04033866,394.7909,394.7909,394.7909,394.7909,394.7909,9474.9825,0.04033866,1973.9547,1822.2297,7895.8188,8047.5438,0.03361555,0.0342615,0.00168078,63.6720,71.2286,3.2736,143.0402,5.0692,3404.1435,43.6957,64.4793,63.5359,42.5677,43.0663,85.2079,124.7713,127.8119,154.8004,42.604,-41.336,2.967791,3.594466,1.478463,30,203,130,8,0.14604117,0.04201944,0.00608590,0E-8,0.000000,0.914292,0.640282,0.04207877,2026-03-23,2026-08-04,69,1947,1162,135,0.511111,1.014849,1.012680,0.486804,,,,,,,,GLOBAL_BASELINE_NO_ENTITY_RANKING,,,NOT_APPLICABLE_GLOBAL_BASELINE,HF9g-P5,,,,X 全窗基线 · 不参与实体赏罚,15050553,1506,A168_HF9F_20260827_0900,2026-08-27 09:00:00
2026-05-22,74657362,2171,0,43.0663221361,-43.0663221361,-43.0663221361,0E-7,1,1,0.49324550000000000,0.493245500000,-0.9865810262130424,-0.9865810262130424,-0.9865810262130424,0E-17,ELIGIBLE,R03b_20260811_FULL_v1,L1_ELIGIBILITY,v2026-08-11,2026-03-21..2026-08-06,baccarat_bet02_101_all_pairs_incl_sentinel,round_win = game_pnl > 0 (decisive only),COMPATIBILITY_ONLY_NOT_PRODUCTION,234885.8996,214754.2105,9869.7735,3689,3015,-0.04201944,-0.00608590,-0.04816467,-0.04201944,-9869.7735,234885.8996,OK,0.0000,394.7909,4.0000,96.0000,AG03-UNRESOLVED,ALL5_LEVELS_bet23_to_bet27,394.7909,394.7909,394.7909,394.7909,394.7909,4.000000,4.000000,4.000000,4.000000,4.000000,96.000000,96.000000,96.000000,96.000000,96.000000,5.0,1973.9547,1822.2297,7895.8188,8047.5438,PENDING_AG03,FALSE,NOT_FOR_ENFORCEMENT,9474.9825,206164.0421,9869.7735,9474.9825,394.7909,0.04201944,0.04033866,394.7909,9474.9825,0.04033866,394.7909,394.7909,394.7909,394.7909,394.7909,9474.9825,0.04033866,1973.9547,1822.2297,7895.8188,8047.5438,0.03361555,0.0342615,0.00168078,63.6720,71.2286,3.2736,143.0402,5.0692,3404.1435,43.6957,64.4793,63.5359,42.5677,43.0663,85.2079,124.7713,127.8119,154.8004,42.604,-41.336,2.967791,3.594466,1.478463,30,203,130,8,0.14604117,0.04201944,0.00608590,0E-8,0.000000,0.914292,0.640282,0.04207877,2026-03-23,2026-08-04,69,1947,1162,135,0.511111,1.014849,1.012680,0.486804,,,,,,,,GLOBAL_BASELINE_NO_ENTITY_RANKING,,,NOT_APPLICABLE_GLOBAL_BASELINE,HF9g-P5,,,,X 全窗基线 · 不参与实体赏罚,15050554,1506,A168_HF9F_20260827_0900,2026-08-27 09:00:00
2026-05-22,74657362,2188,0,43.0663221361,-43.0663221361,-43.0663221361,0E-7,1,1,0.49324550000000000,0.493245500000,-0.9865810262130424,-0.9865810262130424,-0.9865810262130424,0E-17,ELIGIBLE,R03b_20260811_FULL_v1,L1_ELIGIBILITY,v2026-08-11,2026-03-21..2026-08-06,baccarat_bet02_101_all_pairs_incl_sentinel,round_win = game_pnl > 0 (decisive only),COMPATIBILITY_ONLY_NOT_PRODUCTION,234885.8996,214754.2105,9869.7735,3689,3015,-0.04201944,-0.00608590,-0.04816467,-0.04201944,-9869.7735,234885.8996,OK,0.0000,394.7909,4.0000,96.0000,AG03-UNRESOLVED,ALL5_LEVELS_bet23_to_bet27,394.7909,394.7909,394.7909,394.7909,394.7909,4.000000,4.000000,4.000000,4.000000,4.000000,96.000000,96.000000,96.000000,96.000000,96.000000,5.0,1973.9547,1822.2297,7895.8188,8047.5438,PENDING_AG03,FALSE,NOT_FOR_ENFORCEMENT,9474.9825,206164.0421,9869.7735,9474.9825,394.7909,0.04201944,0.04033866,394.7909,9474.9825,0.04033866,394.7909,394.7909,394.7909,394.7909,394.7909,9474.9825,0.04033866,1973.9547,1822.2297,7895.8188,8047.5438,0.03361555,0.0342615,0.00168078,63.6720,71.2286,3.2736,143.0402,5.0692,3404.1435,43.6957,64.4793,63.5359,42.5677,43.0663,85.2079,124.7713,127.8119,154.8004,42.604,-41.336,2.967791,3.594466,1.478463,30,203,130,8,0.14604117,0.04201944,0.00608590,0E-8,0.000000,0.914292,0.640282,0.04207877,2026-03-23,2026-08-04,69,1947,1162,135,0.511111,1.014849,1.012680,0.486804,,,,,,,,GLOBAL_BASELINE_NO_ENTITY_RANKING,,,NOT_APPLICABLE_GLOBAL_BASELINE,HF9g-P5,,,,X 全窗基线 · 不参与实体赏罚,15050555,1506,A168_HF9F_20260827_0900,2026-08-27 09:00:00
2026-05-22,74657362,2205,0,43.0663221361,43.0663221361,43.0663221361,1.0000000,1,1,0.49324550000000000,0.493245500000,1.01360149184955,1.01360149184955,1.01360149184955,0E-17,ELIGIBLE,R03b_20260811_FULL_v1,L1_ELIGIBILITY,v2026-08-11,2026-03-21..2026-08-06,baccarat_bet02_101_all_pairs_incl_sentinel,round_win = game_pnl > 0 (decisive only),COMPATIBILITY_ONLY_NOT_PRODUCTION,234885.8996,214754.2105,9869.7735,3689,3015,-0.04201944,-0.00608590,-0.04816467,-0.04201944,-9869.7735,234885.8996,OK,0.0000,394.7909,4.0000,96.0000,AG03-UNRESOLVED,ALL5_LEVELS_bet23_to_bet27,394.7909,394.7909,394.7909,394.7909,394.7909,4.000000,4.000000,4.000000,4.000000,4.000000,96.000000,96.000000,96.000000,96.000000,96.000000,5.0,1973.9547,1822.2297,7895.8188,8047.5438,PENDING_AG03,FALSE,NOT_FOR_ENFORCEMENT,9474.9825,206164.0421,9869.7735,9474.9825,394.7909,0.04201944,0.04033866,394.7909,9474.9825,0.04033866,394.7909,394.7909,394.7909,394.7909,394.7909,9474.9825,0.04033866,1973.9547,1822.2297,7895.8188,8047.5438,0.03361555,0.0342615,0.00168078,63.6720,71.2286,3.2736,143.0402,5.0692,3404.1435,43.6957,64.4793,63.5359,42.5677,43.0663,85.2079,124.7713,127.8119,154.8004,42.604,-41.336,2.967791,3.594466,1.478463,30,203,130,8,0.14604117,0.04201944,0.00608590,0E-8,0.000000,0.914292,0.640282,0.04207877,2026-03-23,2026-08-04,69,1947,1162,135,0.511111,1.014849,1.012680,0.486804,,,,,,,,GLOBAL_BASELINE_NO_ENTITY_RANKING,,,NOT_APPLICABLE_GLOBAL_BASELINE,HF9g-P5,,,,X 全窗基线 · 不参与实体赏罚,15050556,1506,A168_HF9F_20260827_0900,2026-08-27 09:00:00
2026-05-22,74657362,2209,0,86.1326442722,86.1326442722,86.1326442722,1.0000000,1,1,0.49324550000000000,0.493245500000,1.01360149184955,1.01360149184955,1.01360149184955,0E-17,ELIGIBLE,R03b_20260811_FULL_v1,L1_ELIGIBILITY,v2026-08-11,2026-03-21..2026-08-06,baccarat_bet02_101_all_pairs_incl_sentinel,round_win = game_pnl > 0 (decisive only),COMPATIBILITY_ONLY_NOT_PRODUCTION,234885.8996,214754.2105,9869.7735,3689,3015,-0.04201944,-0.00608590,-0.04816467,-0.04201944,-9869.7735,234885.8996,OK,0.0000,394.7909,4.0000,96.0000,AG03-UNRESOLVED,ALL5_LEVELS_bet23_to_bet27,394.7909,394.7909,394.7909,394.7909,394.7909,4.000000,4.000000,4.000000,4.000000,4.000000,96.000000,96.000000,96.000000,96.000000,96.000000,5.0,1973.9547,1822.2297,7895.8188,8047.5438,PENDING_AG03,FALSE,NOT_FOR_ENFORCEMENT,9474.9825,206164.0421,9869.7735,9474.9825,394.7909,0.04201944,0.04033866,394.7909,9474.9825,0.04033866,394.7909,394.7909,394.7909,394.7909,394.7909,9474.9825,0.04033866,1973.9547,1822.2297,7895.8188,8047.5438,0.03361555,0.0342615,0.00168078,63.6720,71.2286,3.2736,143.0402,5.0692,3404.1435,43.6957,64.4793,63.5359,42.5677,43.0663,85.2079,124.7713,127.8119,154.8004,42.604,-41.336,2.967791,3.594466,1.478463,30,203,130,8,0.14604117,0.04201944,0.00608590,0E-8,0.000000,0.914292,0.640282,0.04207877,2026-03-23,2026-08-04,69,1947,1162,135,0.511111,1.014849,1.012680,0.486804,,,,,,,,GLOBAL_BASELINE_NO_ENTITY_RANKING,,,NOT_APPLICABLE_GLOBAL_BASELINE,HF9g-P5,,,,X 全窗基线 · 不参与实体赏罚,15050557,1506,A168_HF9F_20260827_0900,2026-08-27 09:00:00
2026-05-22,74657362,2212,0,43.0663221361,-43.0663221361,-43.0663221361,0E-7,1,1,0.49324550000000000,0.493245500000,-0.9865810262130424,-0.9865810262130424,-0.9865810262130424,0E-17,ELIGIBLE,R03b_20260811_FULL_v1,L1_ELIGIBILITY,v2026-08-11,2026-03-21..2026-08-06,baccarat_bet02_101_all_pairs_incl_sentinel,round_win = game_pnl > 0 (decisive only),COMPATIBILITY_ONLY_NOT_PRODUCTION,234885.8996,214754.2105,9869.7735,3689,3015,-0.04201944,-0.00608590,-0.04816467,-0.04201944,-9869.7735,234885.8996,OK,0.0000,394.7909,4.0000,96.0000,AG03-UNRESOLVED,ALL5_LEVELS_bet23_to_bet27,394.7909,394.7909,394.7909,394.7909,394.7909,4.000000,4.000000,4.000000,4.000000,4.000000,96.000000,96.000000,96.000000,96.000000,96.000000,5.0,1973.9547,1822.2297,7895.8188,8047.5438,PENDING_AG03,FALSE,NOT_FOR_ENFORCEMENT,9474.9825,206164.0421,9869.7735,9474.9825,394.7909,0.04201944,0.04033866,394.7909,9474.9825,0.04033866,394.7909,394.7909,394.7909,394.7909,394.7909,9474.9825,0.04033866,1973.9547,1822.2297,7895.8188,8047.5438,0.03361555,0.0342615,0.00168078,63.6720,71.2286,3.2736,143.0402,5.0692,3404.1435,43.6957,64.4793,63.5359,42.5677,43.0663,85.2079,124.7713,127.8119,154.8004,42.604,-41.336,2.967791,3.594466,1.478463,30,203,130,8,0.14604117,0.04201944,0.00608590,0E-8,0.000000,0.914292,0.640282,0.04207877,2026-03-23,2026-08-04,69,1947,1162,135,0.511111,1.014849,1.012680,0.486804,,,,,,,,GLOBAL_BASELINE_NO_ENTITY_RANKING,,,NOT_APPLICABLE_GLOBAL_BASELINE,HF9g-P5,,,,X 全窗基线 · 不参与实体赏罚,15050558,1506,A168_HF9F_20260827_0900,2026-08-27 09:00:00
2026-05-22,74657362,2218,0,172.2652885444,-86.1326442722,-86.1326442722,0.2500000,4,4,0.49324550000000000,0.493245500000,-0.9730707933947887,-0.9730707933947887,-0.9730707933947887,0E-17,ELIGIBLE,R03b_20260811_FULL_v1,L1_ELIGIBILITY,v2026-08-11,2026-03-21..2026-08-06,baccarat_bet02_101_all_pairs_incl_sentinel,round_win = game_pnl > 0 (decisive only),COMPATIBILITY_ONLY_NOT_PRODUCTION,234885.8996,214754.2105,9869.7735,3689,3015,-0.04201944,-0.00608590,-0.04816467,-0.04201944,-9869.7735,234885.8996,OK,0.0000,394.7909,4.0000,96.0000,AG03-UNRESOLVED,ALL5_LEVELS_bet23_to_bet27,394.7909,394.7909,394.7909,394.7909,394.7909,4.000000,4.000000,4.000000,4.000000,4.000000,96.000000,96.000000,96.000000,96.000000,96.000000,5.0,1973.9547,1822.2297,7895.8188,8047.5438,PENDING_AG03,FALSE,NOT_FOR_ENFORCEMENT,9474.9825,206164.0421,9869.7735,9474.9825,394.7909,0.04201944,0.04033866,394.7909,9474.9825,0.04033866,394.7909,394.7909,394.7909,394.7909,394.7909,9474.9825,0.04033866,1973.9547,1822.2297,7895.8188,8047.5438,0.03361555,0.0342615,0.00168078,63.6720,71.2286,3.2736,143.0402,5.0692,3404.1435,43.6957,64.4793,63.5359,42.5677,43.0663,85.2079,124.7713,127.8119,154.8004,42.604,-41.336,2.967791,3.594466,1.478463,30,203,130,8,0.14604117,0.04201944,0.00608590,0E-8,0.000000,0.914292,0.640282,0.04207877,2026-03-23,2026-08-04,69,1947,1162,135,0.511111,1.014849,1.012680,0.486804,,,,,,,,GLOBAL_BASELINE_NO_ENTITY_RANKING,,,NOT_APPLICABLE_GLOBAL_BASELINE,HF9g-P5,,,,X 全窗基线 · 不参与实体赏罚,15050559,1506,A168_HF9F_20260827_0900,2026-08-27 09:00:00
2026-05-22,74657362,2233,0,387.5968992249,-43.0663221361,-43.0663221361,0.4000000,5,5,0.49324550000000000,0.493245500000,-0.4170446088060018,-0.4170446088060018,-0.4170446088060018,0E-17,ELIGIBLE,R03b_20260811_FULL_v1,L1_ELIGIBILITY,v2026-08-11,2026-03-21..2026-08-06,baccarat_bet02_101_all_pairs_incl_sentinel,round_win = game_pnl > 0 (decisive only),COMPATIBILITY_ONLY_NOT_PRODUCTION,234885.8996,214754.2105,9869.7735,3689,3015,-0.04201944,-0.00608590,-0.04816467,-0.04201944,-9869.7735,234885.8996,OK,0.0000,394.7909,4.0000,96.0000,AG03-UNRESOLVED,ALL5_LEVELS_bet23_to_bet27,394.7909,394.7909,394.7909,394.7909,394.7909,4.000000,4.000000,4.000000,4.000000,4.000000,96.000000,96.000000,96.000000,96.000000,96.000000,5.0,1973.9547,1822.2297,7895.8188,8047.5438,PENDING_AG03,FALSE,NOT_FOR_ENFORCEMENT,9474.9825,206164.0421,9869.7735,9474.9825,394.7909,0.04201944,0.04033866,394.7909,9474.9825,0.04033866,394.7909,394.7909,394.7909,394.7909,394.7909,9474.9825,0.04033866,1973.9547,1822.2297,7895.8188,8047.5438,0.03361555,0.0342615,0.00168078,63.6720,71.2286,3.2736,143.0402,5.0692,3404.1435,43.6957,64.4793,63.5359,42.5677,43.0663,85.2079,124.7713,127.8119,154.8004,42.604,-41.336,2.967791,3.594466,1.478463,30,203,130,8,0.14604117,0.04201944,0.00608590,0E-8,0.000000,0.914292,0.640282,0.04207877,2026-03-23,2026-08-04,69,1947,1162,135,0.511111,1.014849,1.012680,0.486804,,,,,,,,GLOBAL_BASELINE_NO_ENTITY_RANKING,,,NOT_APPLICABLE_GLOBAL_BASELINE,HF9g-P5,,,,X 全窗基线 · 不参与实体赏罚,15050560,1506,A168_HF9F_20260827_0900,2026-08-27 09:00:00
2026-05-22,74657362,2246,0,344.5305770888,86.1326442722,86.1326442722,0.6666667,4,4,0.50329940000000000,0.503299400000,0.5659331339966515,0.5659331339966515,0.5659331339966515,0E-17,ELIGIBLE,R03b_20260811_FULL_v1,L1_ELIGIBILITY,v2026-08-11,2026-03-21..2026-08-06,baccarat_bet02_101_all_pairs_incl_sentinel,round_win = game_pnl > 0 (decisive only),COMPATIBILITY_ONLY_NOT_PRODUCTION,234885.8996,214754.2105,9869.7735,3689,3015,-0.04201944,-0.00608590,-0.04816467,-0.04201944,-9869.7735,234885.8996,OK,0.0000,394.7909,4.0000,96.0000,AG03-UNRESOLVED,ALL5_LEVELS_bet23_to_bet27,394.7909,394.7909,394.7909,394.7909,394.7909,4.000000,4.000000,4.000000,4.000000,4.000000,96.000000,96.000000,96.000000,96.000000,96.000000,5.0,1973.9547,1822.2297,7895.8188,8047.5438,PENDING_AG03,FALSE,NOT_FOR_ENFORCEMENT,9474.9825,206164.0421,9869.7735,9474.9825,394.7909,0.04201944,0.04033866,394.7909,9474.9825,0.04033866,394.7909,394.7909,394.7909,394.7909,394.7909,9474.9825,0.04033866,1973.9547,1822.2297,7895.8188,8047.5438,0.03361555,0.0342615,0.00168078,63.6720,71.2286,3.2736,143.0402,5.0692,3404.1435,43.6957,64.4793,63.5359,42.5677,43.0663,85.2079,124.7713,127.8119,154.8004,42.604,-41.336,2.967791,3.594466,1.478463,30,203,130,8,0.14604117,0.04201944,0.00608590,0E-8,0.000000,0.914292,0.640282,0.04207877,2026-03-23,2026-08-04,69,1947,1162,135,0.511111,1.014849,1.012680,0.486804,,,,,,,,GLOBAL_BASELINE_NO_ENTITY_RANKING,,,NOT_APPLICABLE_GLOBAL_BASELINE,HF9g-P5,,,,X 全窗基线 · 不参与实体赏罚,15050561,1506,A168_HF9F_20260827_0900,2026-08-27 09:00:00
2026-05-22,74657362,550,0,86.1326442722,43.0663221361,43.0663221361,1.0000000,2,2,0.49994810000000000,0.499948100000,1.0001038053877793,1.0001038053877793,1.0001038053877793,0E-17,ELIGIBLE,R03b_20260811_FULL_v1,L1_ELIGIBILITY,v2026-08-11,2026-03-21..2026-08-06,baccarat_bet02_101_all_pairs_incl_sentinel,round_win = game_pnl > 0 (decisive only),COMPATIBILITY_ONLY_NOT_PRODUCTION,234885.8996,214754.2105,9869.7735,3689,3015,-0.04201944,-0.00608590,-0.04816467,-0.04201944,-9869.7735,234885.8996,OK,0.0000,394.7909,4.0000,96.0000,AG03-UNRESOLVED,ALL5_LEVELS_bet23_to_bet27,394.7909,394.7909,394.7909,394.7909,394.7909,4.000000,4.000000,4.000000,4.000000,4.000000,96.000000,96.000000,96.000000,96.000000,96.000000,5.0,1973.9547,1822.2297,7895.8188,8047.5438,PENDING_AG03,FALSE,NOT_FOR_ENFORCEMENT,9474.9825,206164.0421,9869.7735,9474.9825,394.7909,0.04201944,0.04033866,394.7909,9474.9825,0.04033866,394.7909,394.7909,394.7909,394.7909,394.7909,9474.9825,0.04033866,1973.9547,1822.2297,7895.8188,8047.5438,0.03361555,0.0342615,0.00168078,63.6720,71.2286,3.2736,143.0402,5.0692,3404.1435,43.6957,64.4793,63.5359,42.5677,43.0663,85.2079,124.7713,127.8119,154.8004,42.604,-41.336,2.967791,3.594466,1.478463,30,203,130,8,0.14604117,0.04201944,0.00608590,0E-8,0.000000,0.914292,0.640282,0.04207877,2026-03-23,2026-08-04,69,1947,1162,135,0.511111,1.014849,1.012680,0.486804,,,,,,,,GLOBAL_BASELINE_NO_ENTITY_RANKING,,,NOT_APPLICABLE_GLOBAL_BASELINE,HF9g-P5,,,,X 全窗基线 · 不参与实体赏罚,15050562,1506,A168_HF9F_20260827_0900,2026-08-27 09:00:00
2026-05-22,74657362,583,0,86.1326442722,0E-10,0E-10,,1,1,0.49324550000000000,0.493245500000,,,,0E-17,NO_DECISIVE_ROUND,R03b_20260811_FULL_v1,L1_ELIGIBILITY,v2026-08-11,2026-03-21..2026-08-06,baccarat_bet02_101_all_pairs_incl_sentinel,round_win = game_pnl > 0 (decisive only),COMPATIBILITY_ONLY_NOT_PRODUCTION,234885.8996,214754.2105,9869.7735,3689,3015,-0.04201944,-0.00608590,-0.04816467,-0.04201944,-9869.7735,234885.8996,OK,0.0000,394.7909,4.0000,96.0000,AG03-UNRESOLVED,ALL5_LEVELS_bet23_to_bet27,394.7909,394.7909,394.7909,394.7909,394.7909,4.000000,4.000000,4.000000,4.000000,4.000000,96.000000,96.000000,96.000000,96.000000,96.000000,5.0,1973.9547,1822.2297,7895.8188,8047.5438,PENDING_AG03,FALSE,NOT_FOR_ENFORCEMENT,9474.9825,206164.0421,9869.7735,9474.9825,394.7909,0.04201944,0.04033866,394.7909,9474.9825,0.04033866,394.7909,394.7909,394.7909,394.7909,394.7909,9474.9825,0.04033866,1973.9547,1822.2297,7895.8188,8047.5438,0.03361555,0.0342615,0.00168078,63.6720,71.2286,3.2736,143.0402,5.0692,3404.1435,43.6957,64.4793,63.5359,42.5677,43.0663,85.2079,124.7713,127.8119,154.8004,42.604,-41.336,2.967791,3.594466,1.478463,30,203,130,8,0.14604117,0.04201944,0.00608590,0E-8,0.000000,0.914292,0.640282,0.04207877,2026-03-23,2026-08-04,69,1947,1162,135,0.511111,1.014849,1.012680,0.486804,,,,,,,,GLOBAL_BASELINE_NO_ENTITY_RANKING,,,NOT_APPLICABLE_GLOBAL_BASELINE,HF9g-P5,,,,X 全窗基线 · 不参与实体赏罚,15050563,1506,A168_HF9F_20260827_0900,2026-08-27 09:00:00
2026-05-22,74657362,948,0,43.0663221361,-43.0663221361,-43.0663221361,0E-7,1,1,0.49324550000000000,0.493245500000,-0.9865810262130424,-0.9865810262130424,-0.9865810262130424,0E-17,ELIGIBLE,R03b_20260811_FULL_v1,L1_ELIGIBILITY,v2026-08-11,2026-03-21..2026-08-06,baccarat_bet02_101_all_pairs_incl_sentinel,round_win = game_pnl > 0 (decisive only),COMPATIBILITY_ONLY_NOT_PRODUCTION,234885.8996,214754.2105,9869.7735,3689,3015,-0.04201944,-0.00608590,-0.04816467,-0.04201944,-9869.7735,234885.8996,OK,0.0000,394.7909,4.0000,96.0000,AG03-UNRESOLVED,ALL5_LEVELS_bet23_to_bet27,394.7909,394.7909,394.7909,394.7909,394.7909,4.000000,4.000000,4.000000,4.000000,4.000000,96.000000,96.000000,96.000000,96.000000,96.000000,5.0,1973.9547,1822.2297,7895.8188,8047.5438,PENDING_AG03,FALSE,NOT_FOR_ENFORCEMENT,9474.9825,206164.0421,9869.7735,9474.9825,394.7909,0.04201944,0.04033866,394.7909,9474.9825,0.04033866,394.7909,394.7909,394.7909,394.7909,394.7909,9474.9825,0.04033866,1973.9547,1822.2297,7895.8188,8047.5438,0.03361555,0.0342615,0.00168078,63.6720,71.2286,3.2736,143.0402,5.0692,3404.1435,43.6957,64.4793,63.5359,42.5677,43.0663,85.2079,124.7713,127.8119,154.8004,42.604,-41.336,2.967791,3.594466,1.478463,30,203,130,8,0.14604117,0.04201944,0.00608590,0E-8,0.000000,0.914292,0.640282,0.04207877,2026-03-23,2026-08-04,69,1947,1162,135,0.511111,1.014849,1.012680,0.486804,,,,,,,,GLOBAL_BASELINE_NO_ENTITY_RANKING,,,NOT_APPLICABLE_GLOBAL_BASELINE,HF9g-P5,,,,X 全窗基线 · 不参与实体赏罚,15050564,1506,A168_HF9F_20260827_0900,2026-08-27 09:00:00
2026-05-22,74657362,994,0,43.0663221361,0E-10,0E-10,,1,1,0.49324550000000000,0.493245500000,,,,0E-17,NO_DECISIVE_ROUND,R03b_20260811_FULL_v1,L1_ELIGIBILITY,v2026-08-11,2026-03-21..2026-08-06,baccarat_bet02_101_all_pairs_incl_sentinel,round_win = game_pnl > 0 (decisive only),COMPATIBILITY_ONLY_NOT_PRODUCTION,234885.8996,214754.2105,9869.7735,3689,3015,-0.04201944,-0.00608590,-0.04816467,-0.04201944,-9869.7735,234885.8996,OK,0.0000,394.7909,4.0000,96.0000,AG03-UNRESOLVED,ALL5_LEVELS_bet23_to_bet27,394.7909,394.7909,394.7909,394.7909,394.7909,4.000000,4.000000,4.000000,4.000000,4.000000,96.000000,96.000000,96.000000,96.000000,96.000000,5.0,1973.9547,1822.2297,7895.8188,8047.5438,PENDING_AG03,FALSE,NOT_FOR_ENFORCEMENT,9474.9825,206164.0421,9869.7735,9474.9825,394.7909,0.04201944,0.04033866,394.7909,9474.9825,0.04033866,394.7909,394.7909,394.7909,394.7909,394.7909,9474.9825,0.04033866,1973.9547,1822.2297,7895.8188,8047.5438,0.03361555,0.0342615,0.00168078,63.6720,71.2286,3.2736,143.0402,5.0692,3404.1435,43.6957,64.4793,63.5359,42.5677,43.0663,85.2079,124.7713,127.8119,154.8004,42.604,-41.336,2.967791,3.594466,1.478463,30,203,130,8,0.14604117,0.04201944,0.00608590,0E-8,0.000000,0.914292,0.640282,0.04207877,2026-03-23,2026-08-04,69,1947,1162,135,0.511111,1.014849,1.012680,0.486804,,,,,,,,GLOBAL_BASELINE_NO_ENTITY_RANKING,,,NOT_APPLICABLE_GLOBAL_BASELINE,HF9g-P5,,,,X 全窗基线 · 不参与实体赏罚,15050565,1506,A168_HF9F_20260827_0900,2026-08-27 09:00:00
2026-05-24,74657362,1151,0,86.1326442722,0E-10,0E-10,0.5000000,2,2,0.49324550000000000,0.493245500000,0.01910635448239258,0.01910635448239258,0.01910635448239258,0E-17,ELIGIBLE,R03b_20260811_FULL_v1,L1_ELIGIBILITY,v2026-08-11,2026-03-21..2026-08-06,baccarat_bet02_101_all_pairs_incl_sentinel,round_win = game_pnl > 0 (decisive only),COMPATIBILITY_ONLY_NOT_PRODUCTION,234885.8996,214754.2105,9869.7735,3689,3015,-0.04201944,-0.00608590,-0.04816467,-0.04201944,-9869.7735,234885.8996,OK,0.0000,394.7909,4.0000,96.0000,AG03-UNRESOLVED,ALL5_LEVELS_bet23_to_bet27,394.7909,394.7909,394.7909,394.7909,394.7909,4.000000,4.000000,4.000000,4.000000,4.000000,96.000000,96.000000,96.000000,96.000000,96.000000,5.0,1973.9547,1822.2297,7895.8188,8047.5438,PENDING_AG03,FALSE,NOT_FOR_ENFORCEMENT,9474.9825,206164.0421,9869.7735,9474.9825,394.7909,0.04201944,0.04033866,394.7909,9474.9825,0.04033866,394.7909,394.7909,394.7909,394.7909,394.7909,9474.9825,0.04033866,1973.9547,1822.2297,7895.8188,8047.5438,0.03361555,0.0342615,0.00168078,63.6720,71.2286,3.2736,143.0402,5.0692,3404.1435,43.6957,64.4793,63.5359,42.5677,43.0663,85.2079,124.7713,127.8119,154.8004,42.604,-41.336,2.967791,3.594466,1.478463,30,203,130,8,0.14604117,0.04201944,0.00608590,0E-8,0.000000,0.914292,0.640282,0.04207877,2026-03-23,2026-08-04,69,1947,1162,135,0.511111,1.014849,1.012680,0.486804,,,,,,,,GLOBAL_BASELINE_NO_ENTITY_RANKING,,,NOT_APPLICABLE_GLOBAL_BASELINE,HF9g-P5,,,,X 全窗基线 · 不参与实体赏罚,15050566,1506,A168_HF9F_20260827_0900,2026-08-27 09:00:00
2026-05-24,74657362,1318,0,43.0663221361,-43.0663221361,-43.0663221361,0E-7,1,1,0.50665070000000000,0.506650700000,-1.013391052207602,-1.013391052207602,-1.013391052207602,0E-17,ELIGIBLE,R03b_20260811_FULL_v1,L1_ELIGIBILITY,v2026-08-11,2026-03-21..2026-08-06,baccarat_bet02_101_all_pairs_incl_sentinel,round_win = game_pnl > 0 (decisive only),COMPATIBILITY_ONLY_NOT_PRODUCTION,234885.8996,214754.2105,9869.7735,3689,3015,-0.04201944,-0.00608590,-0.04816467,-0.04201944,-9869.7735,234885.8996,OK,0.0000,394.7909,4.0000,96.0000,AG03-UNRESOLVED,ALL5_LEVELS_bet23_to_bet27,394.7909,394.7909,394.7909,394.7909,394.7909,4.000000,4.000000,4.000000,4.000000,4.000000,96.000000,96.000000,96.000000,96.000000,96.000000,5.0,1973.9547,1822.2297,7895.8188,8047.5438,PENDING_AG03,FALSE,NOT_FOR_ENFORCEMENT,9474.9825,206164.0421,9869.7735,9474.9825,394.7909,0.04201944,0.04033866,394.7909,9474.9825,0.04033866,394.7909,394.7909,394.7909,394.7909,394.7909,9474.9825,0.04033866,1973.9547,1822.2297,7895.8188,8047.5438,0.03361555,0.0342615,0.00168078,63.6720,71.2286,3.2736,143.0402,5.0692,3404.1435,43.6957,64.4793,63.5359,42.5677,43.0663,85.2079,124.7713,127.8119,154.8004,42.604,-41.336,2.967791,3.594466,1.478463,30,203,130,8,0.14604117,0.04201944,0.00608590,0E-8,0.000000,0.914292,0.640282,0.04207877,2026-03-23,2026-08-04,69,1947,1162,135,0.511111,1.014849,1.012680,0.486804,,,,,,,,GLOBAL_BASELINE_NO_ENTITY_RANKING,,,NOT_APPLICABLE_GLOBAL_BASELINE,HF9g-P5,,,,X 全窗基线 · 不参与实体赏罚,15050567,1506,A168_HF9F_20260827_0900,2026-08-27 09:00:00
2026-05-24,74657362,1382,0,129.1989664083,-43.0663221361,-43.0663221361,0.5000000,2,2,0.49324550000000000,0.493245500000,0.01910635448239258,0.01910635448239258,0.01910635448239258,0E-17,ELIGIBLE,R03b_20260811_FULL_v1,L1_ELIGIBILITY,v2026-08-11,2026-03-21..2026-08-06,baccarat_bet02_101_all_pairs_incl_sentinel,round_win = game_pnl > 0 (decisive only),COMPATIBILITY_ONLY_NOT_PRODUCTION,234885.8996,214754.2105,9869.7735,3689,3015,-0.04201944,-0.00608590,-0.04816467,-0.04201944,-9869.7735,234885.8996,OK,0.0000,394.7909,4.0000,96.0000,AG03-UNRESOLVED,ALL5_LEVELS_bet23_to_bet27,394.7909,394.7909,394.7909,394.7909,394.7909,4.000000,4.000000,4.000000,4.000000,4.000000,96.000000,96.000000,96.000000,96.000000,96.000000,5.0,1973.9547,1822.2297,7895.8188,8047.5438,PENDING_AG03,FALSE,NOT_FOR_ENFORCEMENT,9474.9825,206164.0421,9869.7735,9474.9825,394.7909,0.04201944,0.04033866,394.7909,9474.9825,0.04033866,394.7909,394.7909,394.7909,394.7909,394.7909,9474.9825,0.04033866,1973.9547,1822.2297,7895.8188,8047.5438,0.03361555,0.0342615,0.00168078,63.6720,71.2286,3.2736,143.0402,5.0692,3404.1435,43.6957,64.4793,63.5359,42.5677,43.0663,85.2079,124.7713,127.8119,154.8004,42.604,-41.336,2.967791,3.594466,1.478463,30,203,130,8,0.14604117,0.04201944,0.00608590,0E-8,0.000000,0.914292,0.640282,0.04207877,2026-03-23,2026-08-04,69,1947,1162,135,0.511111,1.014849,1.012680,0.486804,,,,,,,,GLOBAL_BASELINE_NO_ENTITY_RANKING,,,NOT_APPLICABLE_GLOBAL_BASELINE,HF9g-P5,,,,X 全窗基线 · 不参与实体赏罚,15050568,1506,A168_HF9F_20260827_0900,2026-08-27 09:00:00
2026-05-24,74657362,1710,0,86.1326442722,-86.1326442722,-86.1326442722,0E-7,2,2,0.49994810000000000,0.499948100000,-1.4140667746232096,-1.4140667746232096,-1.4140667746232096,0E-17,ELIGIBLE,R03b_20260811_FULL_v1,L1_ELIGIBILITY,v2026-08-11,2026-03-21..2026-08-06,baccarat_bet02_101_all_pairs_incl_sentinel,round_win = game_pnl > 0 (decisive only),COMPATIBILITY_ONLY_NOT_PRODUCTION,234885.8996,214754.2105,9869.7735,3689,3015,-0.04201944,-0.00608590,-0.04816467,-0.04201944,-9869.7735,234885.8996,OK,0.0000,394.7909,4.0000,96.0000,AG03-UNRESOLVED,ALL5_LEVELS_bet23_to_bet27,394.7909,394.7909,394.7909,394.7909,394.7909,4.000000,4.000000,4.000000,4.000000,4.000000,96.000000,96.000000,96.000000,96.000000,96.000000,5.0,1973.9547,1822.2297,7895.8188,8047.5438,PENDING_AG03,FALSE,NOT_FOR_ENFORCEMENT,9474.9825,206164.0421,9869.7735,9474.9825,394.7909,0.04201944,0.04033866,394.7909,9474.9825,0.04033866,394.7909,394.7909,394.7909,394.7909,394.7909,9474.9825,0.04033866,1973.9547,1822.2297,7895.8188,8047.5438,0.03361555,0.0342615,0.00168078,63.6720,71.2286,3.2736,143.0402,5.0692,3404.1435,43.6957,64.4793,63.5359,42.5677,43.0663,85.2079,124.7713,127.8119,154.8004,42.604,-41.336,2.967791,3.594466,1.478463,30,203,130,8,0.14604117,0.04201944,0.00608590,0E-8,0.000000,0.914292,0.640282,0.04207877,2026-03-23,2026-08-04,69,1947,1162,135,0.511111,1.014849,1.012680,0.486804,,,,,,,,GLOBAL_BASELINE_NO_ENTITY_RANKING,,,NOT_APPLICABLE_GLOBAL_BASELINE,HF9g-P5,,,,X 全窗基线 · 不参与实体赏罚,15050569,1506,A168_HF9F_20260827_0900,2026-08-27 09:00:00
2026-05-24,74657362,1750,0,43.0663221361,-43.0663221361,-43.0663221361,0E-7,1,1,0.49324550000000000,0.493245500000,-0.9865810262130424,-0.9865810262130424,-0.9865810262130424,0E-17,ELIGIBLE,R03b_20260811_FULL_v1,L1_ELIGIBILITY,v2026-08-11,2026-03-21..2026-08-06,baccarat_bet02_101_all_pairs_incl_sentinel,round_win = game_pnl > 0 (decisive only),COMPATIBILITY_ONLY_NOT_PRODUCTION,234885.8996,214754.2105,9869.7735,3689,3015,-0.04201944,-0.00608590,-0.04816467,-0.04201944,-9869.7735,234885.8996,OK,0.0000,394.7909,4.0000,96.0000,AG03-UNRESOLVED,ALL5_LEVELS_bet23_to_bet27,394.7909,394.7909,394.7909,394.7909,394.7909,4.000000,4.000000,4.000000,4.000000,4.000000,96.000000,96.000000,96.000000,96.000000,96.000000,5.0,1973.9547,1822.2297,7895.8188,8047.5438,PENDING_AG03,FALSE,NOT_FOR_ENFORCEMENT,9474.9825,206164.0421,9869.7735,9474.9825,394.7909,0.04201944,0.04033866,394.7909,9474.9825,0.04033866,394.7909,394.7909,394.7909,394.7909,394.7909,9474.9825,0.04033866,1973.9547,1822.2297,7895.8188,8047.5438,0.03361555,0.0342615,0.00168078,63.6720,71.2286,3.2736,143.0402,5.0692,3404.1435,43.6957,64.4793,63.5359,42.5677,43.0663,85.2079,124.7713,127.8119,154.8004,42.604,-41.336,2.967791,3.594466,1.478463,30,203,130,8,0.14604117,0.04201944,0.00608590,0E-8,0.000000,0.914292,0.640282,0.04207877,2026-03-23,2026-08-04,69,1947,1162,135,0.511111,1.014849,1.012680,0.486804,,,,,,,,GLOBAL_BASELINE_NO_ENTITY_RANKING,,,NOT_APPLICABLE_GLOBAL_BASELINE,HF9g-P5,,,,X 全窗基线 · 不参与实体赏罚,15050570,1506,A168_HF9F_20260827_0900,2026-08-27 09:00:00
2026-05-24,74657362,2153,0,43.0663221361,0E-10,0E-10,,1,1,0.50665070000000000,0.506650700000,,,,0E-17,NO_DECISIVE_ROUND,R03b_20260811_FULL_v1,L1_ELIGIBILITY,v2026-08-11,2026-03-21..2026-08-06,baccarat_bet02_101_all_pairs_incl_sentinel,round_win = game_pnl > 0 (decisive only),COMPATIBILITY_ONLY_NOT_PRODUCTION,234885.8996,214754.2105,9869.7735,3689,3015,-0.04201944,-0.00608590,-0.04816467,-0.04201944,-9869.7735,234885.8996,OK,0.0000,394.7909,4.0000,96.0000,AG03-UNRESOLVED,ALL5_LEVELS_bet23_to_bet27,394.7909,394.7909,394.7909,394.7909,394.7909,4.000000,4.000000,4.000000,4.000000,4.000000,96.000000,96.000000,96.000000,96.000000,96.000000,5.0,1973.9547,1822.2297,7895.8188,8047.5438,PENDING_AG03,FALSE,NOT_FOR_ENFORCEMENT,9474.9825,206164.0421,9869.7735,9474.9825,394.7909,0.04201944,0.04033866,394.7909,9474.9825,0.04033866,394.7909,394.7909,394.7909,394.7909,394.7909,9474.9825,0.04033866,1973.9547,1822.2297,7895.8188,8047.5438,0.03361555,0.0342615,0.00168078,63.6720,71.2286,3.2736,143.0402,5.0692,3404.1435,43.6957,64.4793,63.5359,42.5677,43.0663,85.2079,124.7713,127.8119,154.8004,42.604,-41.336,2.967791,3.594466,1.478463,30,203,130,8,0.14604117,0.04201944,0.00608590,0E-8,0.000000,0.914292,0.640282,0.04207877,2026-03-23,2026-08-04,69,1947,1162,135,0.511111,1.014849,1.012680,0.486804,,,,,,,,GLOBAL_BASELINE_NO_ENTITY_RANKING,,,NOT_APPLICABLE_GLOBAL_BASELINE,HF9g-P5,,,,X 全窗基线 · 不参与实体赏罚,15050571,1506,A168_HF9F_20260827_0900,2026-08-27 09:00:00
2026-05-24,74657362,529,0,43.0663221361,-43.0663221361,-43.0663221361,0E-7,1,1,0.49324550000000000,0.493245500000,-0.9865810262130424,-0.9865810262130424,-0.9865810262130424,0E-17,ELIGIBLE,R03b_20260811_FULL_v1,L1_ELIGIBILITY,v2026-08-11,2026-03-21..2026-08-06,baccarat_bet02_101_all_pairs_incl_sentinel,round_win = game_pnl > 0 (decisive only),COMPATIBILITY_ONLY_NOT_PRODUCTION,234885.8996,214754.2105,9869.7735,3689,3015,-0.04201944,-0.00608590,-0.04816467,-0.04201944,-9869.7735,234885.8996,OK,0.0000,394.7909,4.0000,96.0000,AG03-UNRESOLVED,ALL5_LEVELS_bet23_to_bet27,394.7909,394.7909,394.7909,394.7909,394.7909,4.000000,4.000000,4.000000,4.000000,4.000000,96.000000,96.000000,96.000000,96.000000,96.000000,5.0,1973.9547,1822.2297,7895.8188,8047.5438,PENDING_AG03,FALSE,NOT_FOR_ENFORCEMENT,9474.9825,206164.0421,9869.7735,9474.9825,394.7909,0.04201944,0.04033866,394.7909,9474.9825,0.04033866,394.7909,394.7909,394.7909,394.7909,394.7909,9474.9825,0.04033866,1973.9547,1822.2297,7895.8188,8047.5438,0.03361555,0.0342615,0.00168078,63.6720,71.2286,3.2736,143.0402,5.0692,3404.1435,43.6957,64.4793,63.5359,42.5677,43.0663,85.2079,124.7713,127.8119,154.8004,42.604,-41.336,2.967791,3.594466,1.478463,30,203,130,8,0.14604117,0.04201944,0.00608590,0E-8,0.000000,0.914292,0.640282,0.04207877,2026-03-23,2026-08-04,69,1947,1162,135,0.511111,1.014849,1.012680,0.486804,,,,,,,,GLOBAL_BASELINE_NO_ENTITY_RANKING,,,NOT_APPLICABLE_GLOBAL_BASELINE,HF9g-P5,,,,X 全窗基线 · 不参与实体赏罚,15050572,1506,A168_HF9F_20260827_0900,2026-08-27 09:00:00
2026-05-25,74657362,-1,1,74.0740740741,12.0585701981,12.0585701981,0.5000000,2,2,0.49324550000000000,0.493245500000,0.01910635448239258,0.01910635448239258,0.01910635448239258,0E-17,SENTINEL_DEALER,R03b_20260811_FULL_v1,L1_ELIGIBILITY,v2026-08-11,2026-03-21..2026-08-06,baccarat_bet02_101_all_pairs_incl_sentinel,round_win = game_pnl > 0 (decisive only),COMPATIBILITY_ONLY_NOT_PRODUCTION,234885.8996,214754.2105,9869.7735,3689,3015,-0.04201944,-0.00608590,-0.04816467,-0.04201944,-9869.7735,234885.8996,OK,0.0000,394.7909,4.0000,96.0000,AG03-UNRESOLVED,ALL5_LEVELS_bet23_to_bet27,394.7909,394.7909,394.7909,394.7909,394.7909,4.000000,4.000000,4.000000,4.000000,4.000000,96.000000,96.000000,96.000000,96.000000,96.000000,5.0,1973.9547,1822.2297,7895.8188,8047.5438,PENDING_AG03,FALSE,NOT_FOR_ENFORCEMENT,9474.9825,206164.0421,9869.7735,9474.9825,394.7909,0.04201944,0.04033866,394.7909,9474.9825,0.04033866,394.7909,394.7909,394.7909,394.7909,394.7909,9474.9825,0.04033866,1973.9547,1822.2297,7895.8188,8047.5438,0.03361555,0.0342615,0.00168078,63.6720,71.2286,3.2736,143.0402,5.0692,3404.1435,43.6957,64.4793,63.5359,42.5677,43.0663,85.2079,124.7713,127.8119,154.8004,42.604,-41.336,2.967791,3.594466,1.478463,30,203,130,8,0.14604117,0.04201944,0.00608590,0E-8,0.000000,0.914292,0.640282,0.04207877,2026-03-23,2026-08-04,69,1947,1162,135,0.511111,1.014849,1.012680,0.486804,,,,,,,,GLOBAL_BASELINE_NO_ENTITY_RANKING,,,NOT_APPLICABLE_GLOBAL_BASELINE,HF9g-P5,,,,X 全窗基线 · 不参与实体赏罚,15050573,1506,A168_HF9F_20260827_0900,2026-08-27 09:00:00
2026-05-25,74657362,1318,0,43.0663221361,-43.0663221361,-43.0663221361,0E-7,1,1,0.49324550000000000,0.493245500000,-0.9865810262130424,-0.9865810262130424,-0.9865810262130424,0E-17,ELIGIBLE,R03b_20260811_FULL_v1,L1_ELIGIBILITY,v2026-08-11,2026-03-21..2026-08-06,baccarat_bet02_101_all_pairs_incl_sentinel,round_win = game_pnl > 0 (decisive only),COMPATIBILITY_ONLY_NOT_PRODUCTION,234885.8996,214754.2105,9869.7735,3689,3015,-0.04201944,-0.00608590,-0.04816467,-0.04201944,-9869.7735,234885.8996,OK,0.0000,394.7909,4.0000,96.0000,AG03-UNRESOLVED,ALL5_LEVELS_bet23_to_bet27,394.7909,394.7909,394.7909,394.7909,394.7909,4.000000,4.000000,4.000000,4.000000,4.000000,96.000000,96.000000,96.000000,96.000000,96.000000,5.0,1973.9547,1822.2297,7895.8188,8047.5438,PENDING_AG03,FALSE,NOT_FOR_ENFORCEMENT,9474.9825,206164.0421,9869.7735,9474.9825,394.7909,0.04201944,0.04033866,394.7909,9474.9825,0.04033866,394.7909,394.7909,394.7909,394.7909,394.7909,9474.9825,0.04033866,1973.9547,1822.2297,7895.8188,8047.5438,0.03361555,0.0342615,0.00168078,63.6720,71.2286,3.2736,143.0402,5.0692,3404.1435,43.6957,64.4793,63.5359,42.5677,43.0663,85.2079,124.7713,127.8119,154.8004,42.604,-41.336,2.967791,3.594466,1.478463,30,203,130,8,0.14604117,0.04201944,0.00608590,0E-8,0.000000,0.914292,0.640282,0.04207877,2026-03-23,2026-08-04,69,1947,1162,135,0.511111,1.014849,1.012680,0.486804,,,,,,,,GLOBAL_BASELINE_NO_ENTITY_RANKING,,,NOT_APPLICABLE_GLOBAL_BASELINE,HF9g-P5,,,,X 全窗基线 · 不参与实体赏罚,15050574,1506,A168_HF9F_20260827_0900,2026-08-27 09:00:00
2026-05-25,74657362,1490,0,86.1326442722,0E-10,0E-10,0.5000000,2,2,0.49994810000000000,0.499948100000,0.00014679536856514622,0.00014679536856514622,0.00014679536856514622,0E-17,ELIGIBLE,R03b_20260811_FULL_v1,L1_ELIGIBILITY,v2026-08-11,2026-03-21..2026-08-06,baccarat_bet02_101_all_pairs_incl_sentinel,round_win = game_pnl > 0 (decisive only),COMPATIBILITY_ONLY_NOT_PRODUCTION,234885.8996,214754.2105,9869.7735,3689,3015,-0.04201944,-0.00608590,-0.04816467,-0.04201944,-9869.7735,234885.8996,OK,0.0000,394.7909,4.0000,96.0000,AG03-UNRESOLVED,ALL5_LEVELS_bet23_to_bet27,394.7909,394.7909,394.7909,394.7909,394.7909,4.000000,4.000000,4.000000,4.000000,4.000000,96.000000,96.000000,96.000000,96.000000,96.000000,5.0,1973.9547,1822.2297,7895.8188,8047.5438,PENDING_AG03,FALSE,NOT_FOR_ENFORCEMENT,9474.9825,206164.0421,9869.7735,9474.9825,394.7909,0.04201944,0.04033866,394.7909,9474.9825,0.04033866,394.7909,394.7909,394.7909,394.7909,394.7909,9474.9825,0.04033866,1973.9547,1822.2297,7895.8188,8047.5438,0.03361555,0.0342615,0.00168078,63.6720,71.2286,3.2736,143.0402,5.0692,3404.1435,43.6957,64.4793,63.5359,42.5677,43.0663,85.2079,124.7713,127.8119,154.8004,42.604,-41.336,2.967791,3.594466,1.478463,30,203,130,8,0.14604117,0.04201944,0.00608590,0E-8,0.000000,0.914292,0.640282,0.04207877,2026-03-23,2026-08-04,69,1947,1162,135,0.511111,1.014849,1.012680,0.486804,,,,,,,,GLOBAL_BASELINE_NO_ENTITY_RANKING,,,NOT_APPLICABLE_GLOBAL_BASELINE,HF9g-P5,,,,X 全窗基线 · 不参与实体赏罚,15050575,1506,A168_HF9F_20260827_0900,2026-08-27 09:00:00
2026-05-25,74657362,1963,0,86.1326442722,-86.1326442722,-86.1326442722,0E-7,1,1,0.50665070000000000,0.506650700000,-1.013391052207602,-1.013391052207602,-1.013391052207602,0E-17,ELIGIBLE,R03b_20260811_FULL_v1,L1_ELIGIBILITY,v2026-08-11,2026-03-21..2026-08-06,baccarat_bet02_101_all_pairs_incl_sentinel,round_win = game_pnl > 0 (decisive only),COMPATIBILITY_ONLY_NOT_PRODUCTION,234885.8996,214754.2105,9869.7735,3689,3015,-0.04201944,-0.00608590,-0.04816467,-0.04201944,-9869.7735,234885.8996,OK,0.0000,394.7909,4.0000,96.0000,AG03-UNRESOLVED,ALL5_LEVELS_bet23_to_bet27,394.7909,394.7909,394.7909,394.7909,394.7909,4.000000,4.000000,4.000000,4.000000,4.000000,96.000000,96.000000,96.000000,96.000000,96.000000,5.0,1973.9547,1822.2297,7895.8188,8047.5438,PENDING_AG03,FALSE,NOT_FOR_ENFORCEMENT,9474.9825,206164.0421,9869.7735,9474.9825,394.7909,0.04201944,0.04033866,394.7909,9474.9825,0.04033866,394.7909,394.7909,394.7909,394.7909,394.7909,9474.9825,0.04033866,1973.9547,1822.2297,7895.8188,8047.5438,0.03361555,0.0342615,0.00168078,63.6720,71.2286,3.2736,143.0402,5.0692,3404.1435,43.6957,64.4793,63.5359,42.5677,43.0663,85.2079,124.7713,127.8119,154.8004,42.604,-41.336,2.967791,3.594466,1.478463,30,203,130,8,0.14604117,0.04201944,0.00608590,0E-8,0.000000,0.914292,0.640282,0.04207877,2026-03-23,2026-08-04,69,1947,1162,135,0.511111,1.014849,1.012680,0.486804,,,,,,,,GLOBAL_BASELINE_NO_ENTITY_RANKING,,,NOT_APPLICABLE_GLOBAL_BASELINE,HF9g-P5,,,,X 全窗基线 · 不参与实体赏罚,15050576,1506,A168_HF9F_20260827_0900,2026-08-27 09:00:00
2026-05-25,74657362,1985,0,43.0663221361,-43.0663221361,-43.0663221361,0E-7,1,1,0.49324550000000000,0.493245500000,-0.9865810262130424,-0.9865810262130424,-0.9865810262130424,0E-17,ELIGIBLE,R03b_20260811_FULL_v1,L1_ELIGIBILITY,v2026-08-11,2026-03-21..2026-08-06,baccarat_bet02_101_all_pairs_incl_sentinel,round_win = game_pnl > 0 (decisive only),COMPATIBILITY_ONLY_NOT_PRODUCTION,234885.8996,214754.2105,9869.7735,3689,3015,-0.04201944,-0.00608590,-0.04816467,-0.04201944,-9869.7735,234885.8996,OK,0.0000,394.7909,4.0000,96.0000,AG03-UNRESOLVED,ALL5_LEVELS_bet23_to_bet27,394.7909,394.7909,394.7909,394.7909,394.7909,4.000000,4.000000,4.000000,4.000000,4.000000,96.000000,96.000000,96.000000,96.000000,96.000000,5.0,1973.9547,1822.2297,7895.8188,8047.5438,PENDING_AG03,FALSE,NOT_FOR_ENFORCEMENT,9474.9825,206164.0421,9869.7735,9474.9825,394.7909,0.04201944,0.04033866,394.7909,9474.9825,0.04033866,394.7909,394.7909,394.7909,394.7909,394.7909,9474.9825,0.04033866,1973.9547,1822.2297,7895.8188,8047.5438,0.03361555,0.0342615,0.00168078,63.6720,71.2286,3.2736,143.0402,5.0692,3404.1435,43.6957,64.4793,63.5359,42.5677,43.0663,85.2079,124.7713,127.8119,154.8004,42.604,-41.336,2.967791,3.594466,1.478463,30,203,130,8,0.14604117,0.04201944,0.00608590,0E-8,0.000000,0.914292,0.640282,0.04207877,2026-03-23,2026-08-04,69,1947,1162,135,0.511111,1.014849,1.012680,0.486804,,,,,,,,GLOBAL_BASELINE_NO_ENTITY_RANKING,,,NOT_APPLICABLE_GLOBAL_BASELINE,HF9g-P5,,,,X 全窗基线 · 不参与实体赏罚,15050577,1506,A168_HF9F_20260827_0900,2026-08-27 09:00:00
2026-05-25,74657362,2103,0,43.0663221361,-43.0663221361,-43.0663221361,0E-7,1,1,0.49324550000000000,0.493245500000,-0.9865810262130424,-0.9865810262130424,-0.9865810262130424,0E-17,ELIGIBLE,R03b_20260811_FULL_v1,L1_ELIGIBILITY,v2026-08-11,2026-03-21..2026-08-06,baccarat_bet02_101_all_pairs_incl_sentinel,round_win = game_pnl > 0 (decisive only),COMPATIBILITY_ONLY_NOT_PRODUCTION,234885.8996,214754.2105,9869.7735,3689,3015,-0.04201944,-0.00608590,-0.04816467,-0.04201944,-9869.7735,234885.8996,OK,0.0000,394.7909,4.0000,96.0000,AG03-UNRESOLVED,ALL5_LEVELS_bet23_to_bet27,394.7909,394.7909,394.7909,394.7909,394.7909,4.000000,4.000000,4.000000,4.000000,4.000000,96.000000,96.000000,96.000000,96.000000,96.000000,5.0,1973.9547,1822.2297,7895.8188,8047.5438,PENDING_AG03,FALSE,NOT_FOR_ENFORCEMENT,9474.9825,206164.0421,9869.7735,9474.9825,394.7909,0.04201944,0.04033866,394.7909,9474.9825,0.04033866,394.7909,394.7909,394.7909,394.7909,394.7909,9474.9825,0.04033866,1973.9547,1822.2297,7895.8188,8047.5438,0.03361555,0.0342615,0.00168078,63.6720,71.2286,3.2736,143.0402,5.0692,3404.1435,43.6957,64.4793,63.5359,42.5677,43.0663,85.2079,124.7713,127.8119,154.8004,42.604,-41.336,2.967791,3.594466,1.478463,30,203,130,8,0.14604117,0.04201944,0.00608590,0E-8,0.000000,0.914292,0.640282,0.04207877,2026-03-23,2026-08-04,69,1947,1162,135,0.511111,1.014849,1.012680,0.486804,,,,,,,,GLOBAL_BASELINE_NO_ENTITY_RANKING,,,NOT_APPLICABLE_GLOBAL_BASELINE,HF9g-P5,,,,X 全窗基线 · 不参与实体赏罚,15050578,1506,A168_HF9F_20260827_0900,2026-08-27 09:00:00
2026-05-25,74657362,2258,0,43.0663221361,-43.0663221361,-43.0663221361,0E-7,1,1,0.49324550000000000,0.493245500000,-0.9865810262130424,-0.9865810262130424,-0.9865810262130424,0E-17,ELIGIBLE,R03b_20260811_FULL_v1,L1_ELIGIBILITY,v2026-08-11,2026-03-21..2026-08-06,baccarat_bet02_101_all_pairs_incl_sentinel,round_win = game_pnl > 0 (decisive only),COMPATIBILITY_ONLY_NOT_PRODUCTION,234885.8996,214754.2105,9869.7735,3689,3015,-0.04201944,-0.00608590,-0.04816467,-0.04201944,-9869.7735,234885.8996,OK,0.0000,394.7909,4.0000,96.0000,AG03-UNRESOLVED,ALL5_LEVELS_bet23_to_bet27,394.7909,394.7909,394.7909,394.7909,394.7909,4.000000,4.000000,4.000000,4.000000,4.000000,96.000000,96.000000,96.000000,96.000000,96.000000,5.0,1973.9547,1822.2297,7895.8188,8047.5438,PENDING_AG03,FALSE,NOT_FOR_ENFORCEMENT,9474.9825,206164.0421,9869.7735,9474.9825,394.7909,0.04201944,0.04033866,394.7909,9474.9825,0.04033866,394.7909,394.7909,394.7909,394.7909,394.7909,9474.9825,0.04033866,1973.9547,1822.2297,7895.8188,8047.5438,0.03361555,0.0342615,0.00168078,63.6720,71.2286,3.2736,143.0402,5.0692,3404.1435,43.6957,64.4793,63.5359,42.5677,43.0663,85.2079,124.7713,127.8119,154.8004,42.604,-41.336,2.967791,3.594466,1.478463,30,203,130,8,0.14604117,0.04201944,0.00608590,0E-8,0.000000,0.914292,0.640282,0.04207877,2026-03-23,2026-08-04,69,1947,1162,135,0.511111,1.014849,1.012680,0.486804,,,,,,,,GLOBAL_BASELINE_NO_ENTITY_RANKING,,,NOT_APPLICABLE_GLOBAL_BASELINE,HF9g-P5,,,,X 全窗基线 · 不参与实体赏罚,15050579,1506,A168_HF9F_20260827_0900,2026-08-27 09:00:00
2026-05-25,74657362,772,0,43.0663221361,-43.0663221361,-43.0663221361,0E-7,1,1,0.49324550000000000,0.493245500000,-0.9865810262130424,-0.9865810262130424,-0.9865810262130424,0E-17,ELIGIBLE,R03b_20260811_FULL_v1,L1_ELIGIBILITY,v2026-08-11,2026-03-21..2026-08-06,baccarat_bet02_101_all_pairs_incl_sentinel,round_win = game_pnl > 0 (decisive only),COMPATIBILITY_ONLY_NOT_PRODUCTION,234885.8996,214754.2105,9869.7735,3689,3015,-0.04201944,-0.00608590,-0.04816467,-0.04201944,-9869.7735,234885.8996,OK,0.0000,394.7909,4.0000,96.0000,AG03-UNRESOLVED,ALL5_LEVELS_bet23_to_bet27,394.7909,394.7909,394.7909,394.7909,394.7909,4.000000,4.000000,4.000000,4.000000,4.000000,96.000000,96.000000,96.000000,96.000000,96.000000,5.0,1973.9547,1822.2297,7895.8188,8047.5438,PENDING_AG03,FALSE,NOT_FOR_ENFORCEMENT,9474.9825,206164.0421,9869.7735,9474.9825,394.7909,0.04201944,0.04033866,394.7909,9474.9825,0.04033866,394.7909,394.7909,394.7909,394.7909,394.7909,9474.9825,0.04033866,1973.9547,1822.2297,7895.8188,8047.5438,0.03361555,0.0342615,0.00168078,63.6720,71.2286,3.2736,143.0402,5.0692,3404.1435,43.6957,64.4793,63.5359,42.5677,43.0663,85.2079,124.7713,127.8119,154.8004,42.604,-41.336,2.967791,3.594466,1.478463,30,203,130,8,0.14604117,0.04201944,0.00608590,0E-8,0.000000,0.914292,0.640282,0.04207877,2026-03-23,2026-08-04,69,1947,1162,135,0.511111,1.014849,1.012680,0.486804,,,,,,,,GLOBAL_BASELINE_NO_ENTITY_RANKING,,,NOT_APPLICABLE_GLOBAL_BASELINE,HF9g-P5,,,,X 全窗基线 · 不参与实体赏罚,15050580,1506,A168_HF9F_20260827_0900,2026-08-27 09:00:00
2026-05-29,74657362,-1,1,1033.5917312664,-301.4642549527,-301.4642549527,0.4285714,13,7,0.40225118690476190,0.310554542857,0.1420139032706185,0.674798750337776,0.1420139032706185,0.09169664404776190,SENTINEL_DEALER,R03b_20260811_FULL_v1,L1_ELIGIBILITY,v2026-08-11,2026-03-21..2026-08-06,baccarat_bet02_101_all_pairs_incl_sentinel,round_win = game_pnl > 0 (decisive only),COMPATIBILITY_ONLY_NOT_PRODUCTION,234885.8996,214754.2105,9869.7735,3689,3015,-0.04201944,-0.00608590,-0.04816467,-0.04201944,-9869.7735,234885.8996,OK,0.0000,394.7909,4.0000,96.0000,AG03-UNRESOLVED,ALL5_LEVELS_bet23_to_bet27,394.7909,394.7909,394.7909,394.7909,394.7909,4.000000,4.000000,4.000000,4.000000,4.000000,96.000000,96.000000,96.000000,96.000000,96.000000,5.0,1973.9547,1822.2297,7895.8188,8047.5438,PENDING_AG03,FALSE,NOT_FOR_ENFORCEMENT,9474.9825,206164.0421,9869.7735,9474.9825,394.7909,0.04201944,0.04033866,394.7909,9474.9825,0.04033866,394.7909,394.7909,394.7909,394.7909,394.7909,9474.9825,0.04033866,1973.9547,1822.2297,7895.8188,8047.5438,0.03361555,0.0342615,0.00168078,63.6720,71.2286,3.2736,143.0402,5.0692,3404.1435,43.6957,64.4793,63.5359,42.5677,43.0663,85.2079,124.7713,127.8119,154.8004,42.604,-41.336,2.967791,3.594466,1.478463,30,203,130,8,0.14604117,0.04201944,0.00608590,0E-8,0.000000,0.914292,0.640282,0.04207877,2026-03-23,2026-08-04,69,1947,1162,135,0.511111,1.014849,1.012680,0.486804,,,,,,,,GLOBAL_BASELINE_NO_ENTITY_RANKING,,,NOT_APPLICABLE_GLOBAL_BASELINE,HF9g-P5,,,,X 全窗基线 · 不参与实体赏罚,15050581,1506,A168_HF9F_20260827_0900,2026-08-27 09:00:00
2026-05-29,74657362,1318,0,409.9913867357,-65.4608096469,-65.4608096469,0.6666667,6,3,0.37946773859644873,0.280106050000,1.025117930116477,1.4910174502382623,1.025117930116477,0.09936168859644873,ELIGIBLE,R03b_20260811_FULL_v1,L1_ELIGIBILITY,v2026-08-11,2026-03-21..2026-08-06,baccarat_bet02_101_all_pairs_incl_sentinel,round_win = game_pnl > 0 (decisive only),COMPATIBILITY_ONLY_NOT_PRODUCTION,234885.8996,214754.2105,9869.7735,3689,3015,-0.04201944,-0.00608590,-0.04816467,-0.04201944,-9869.7735,234885.8996,OK,0.0000,394.7909,4.0000,96.0000,AG03-UNRESOLVED,ALL5_LEVELS_bet23_to_bet27,394.7909,394.7909,394.7909,394.7909,394.7909,4.000000,4.000000,4.000000,4.000000,4.000000,96.000000,96.000000,96.000000,96.000000,96.000000,5.0,1973.9547,1822.2297,7895.8188,8047.5438,PENDING_AG03,FALSE,NOT_FOR_ENFORCEMENT,9474.9825,206164.0421,9869.7735,9474.9825,394.7909,0.04201944,0.04033866,394.7909,9474.9825,0.04033866,394.7909,394.7909,394.7909,394.7909,394.7909,9474.9825,0.04033866,1973.9547,1822.2297,7895.8188,8047.5438,0.03361555,0.0342615,0.00168078,63.6720,71.2286,3.2736,143.0402,5.0692,3404.1435,43.6957,64.4793,63.5359,42.5677,43.0663,85.2079,124.7713,127.8119,154.8004,42.604,-41.336,2.967791,3.594466,1.478463,30,203,130,8,0.14604117,0.04201944,0.00608590,0E-8,0.000000,0.914292,0.640282,0.04207877,2026-03-23,2026-08-04,69,1947,1162,135,0.511111,1.014849,1.012680,0.486804,,,,,,,,GLOBAL_BASELINE_NO_ENTITY_RANKING,,,NOT_APPLICABLE_GLOBAL_BASELINE,HF9g-P5,,,,X 全窗基线 · 不参与实体赏罚,15050582,1506,A168_HF9F_20260827_0900,2026-08-27 09:00:00
2026-05-29,74657362,1385,0,172.2652885444,-172.2652885444,-172.2652885444,0E-7,2,1,0.39337837500000000,0.280106050000,-0.8052788575962098,-0.6237735893609975,-0.8052788575962098,0.11327232500000000,ELIGIBLE,R03b_20260811_FULL_v1,L1_ELIGIBILITY,v2026-08-11,2026-03-21..2026-08-06,baccarat_bet02_101_all_pairs_incl_sentinel,round_win = game_pnl > 0 (decisive only),COMPATIBILITY_ONLY_NOT_PRODUCTION,234885.8996,214754.2105,9869.7735,3689,3015,-0.04201944,-0.00608590,-0.04816467,-0.04201944,-9869.7735,234885.8996,OK,0.0000,394.7909,4.0000,96.0000,AG03-UNRESOLVED,ALL5_LEVELS_bet23_to_bet27,394.7909,394.7909,394.7909,394.7909,394.7909,4.000000,4.000000,4.000000,4.000000,4.000000,96.000000,96.000000,96.000000,96.000000,96.000000,5.0,1973.9547,1822.2297,7895.8188,8047.5438,PENDING_AG03,FALSE,NOT_FOR_ENFORCEMENT,9474.9825,206164.0421,9869.7735,9474.9825,394.7909,0.04201944,0.04033866,394.7909,9474.9825,0.04033866,394.7909,394.7909,394.7909,394.7909,394.7909,9474.9825,0.04033866,1973.9547,1822.2297,7895.8188,8047.5438,0.03361555,0.0342615,0.00168078,63.6720,71.2286,3.2736,143.0402,5.0692,3404.1435,43.6957,64.4793,63.5359,42.5677,43.0663,85.2079,124.7713,127.8119,154.8004,42.604,-41.336,2.967791,3.594466,1.478463,30,203,130,8,0.14604117,0.04201944,0.00608590,0E-8,0.000000,0.914292,0.640282,0.04207877,2026-03-23,2026-08-04,69,1947,1162,135,0.511111,1.014849,1.012680,0.486804,,,,,,,,GLOBAL_BASELINE_NO_ENTITY_RANKING,,,NOT_APPLICABLE_GLOBAL_BASELINE,HF9g-P5,,,,X 全窗基线 · 不参与实体赏罚,15050583,1506,A168_HF9F_20260827_0900,2026-08-27 09:00:00
2026-05-29,74657362,1957,0,344.5305770888,-86.1326442722,-86.1326442722,0.5000000,4,2,0.39337837500000000,0.280106050000,0.3086711997975373,0.6925207201862208,0.3086711997975373,0.11327232500000000,ELIGIBLE,R03b_20260811_FULL_v1,L1_ELIGIBILITY,v2026-08-11,2026-03-21..2026-08-06,baccarat_bet02_101_all_pairs_incl_sentinel,round_win = game_pnl > 0 (decisive only),COMPATIBILITY_ONLY_NOT_PRODUCTION,234885.8996,214754.2105,9869.7735,3689,3015,-0.04201944,-0.00608590,-0.04816467,-0.04201944,-9869.7735,234885.8996,OK,0.0000,394.7909,4.0000,96.0000,AG03-UNRESOLVED,ALL5_LEVELS_bet23_to_bet27,394.7909,394.7909,394.7909,394.7909,394.7909,4.000000,4.000000,4.000000,4.000000,4.000000,96.000000,96.000000,96.000000,96.000000,96.000000,5.0,1973.9547,1822.2297,7895.8188,8047.5438,PENDING_AG03,FALSE,NOT_FOR_ENFORCEMENT,9474.9825,206164.0421,9869.7735,9474.9825,394.7909,0.04201944,0.04033866,394.7909,9474.9825,0.04033866,394.7909,394.7909,394.7909,394.7909,394.7909,9474.9825,0.04033866,1973.9547,1822.2297,7895.8188,8047.5438,0.03361555,0.0342615,0.00168078,63.6720,71.2286,3.2736,143.0402,5.0692,3404.1435,43.6957,64.4793,63.5359,42.5677,43.0663,85.2079,124.7713,127.8119,154.8004,42.604,-41.336,2.967791,3.594466,1.478463,30,203,130,8,0.14604117,0.04201944,0.00608590,0E-8,0.000000,0.914292,0.640282,0.04207877,2026-03-23,2026-08-04,69,1947,1162,135,0.511111,1.014849,1.012680,0.486804,,,,,,,,GLOBAL_BASELINE_NO_ENTITY_RANKING,,,NOT_APPLICABLE_GLOBAL_BASELINE,HF9g-P5,,,,X 全窗基线 · 不参与实体赏罚,15050584,1506,A168_HF9F_20260827_0900,2026-08-27 09:00:00
2026-05-29,74657362,2078,0,344.5305770888,-86.1326442722,-86.1326442722,0.5000000,4,2,0.39337837500000000,0.280106050000,0.3086711997975373,0.6925207201862208,0.3086711997975373,0.11327232500000000,ELIGIBLE,R03b_20260811_FULL_v1,L1_ELIGIBILITY,v2026-08-11,2026-03-21..2026-08-06,baccarat_bet02_101_all_pairs_incl_sentinel,round_win = game_pnl > 0 (decisive only),COMPATIBILITY_ONLY_NOT_PRODUCTION,234885.8996,214754.2105,9869.7735,3689,3015,-0.04201944,-0.00608590,-0.04816467,-0.04201944,-9869.7735,234885.8996,OK,0.0000,394.7909,4.0000,96.0000,AG03-UNRESOLVED,ALL5_LEVELS_bet23_to_bet27,394.7909,394.7909,394.7909,394.7909,394.7909,4.000000,4.000000,4.000000,4.000000,4.000000,96.000000,96.000000,96.000000,96.000000,96.000000,5.0,1973.9547,1822.2297,7895.8188,8047.5438,PENDING_AG03,FALSE,NOT_FOR_ENFORCEMENT,9474.9825,206164.0421,9869.7735,9474.9825,394.7909,0.04201944,0.04033866,394.7909,9474.9825,0.04033866,394.7909,394.7909,394.7909,394.7909,394.7909,9474.9825,0.04033866,1973.9547,1822.2297,7895.8188,8047.5438,0.03361555,0.0342615,0.00168078,63.6720,71.2286,3.2736,143.0402,5.0692,3404.1435,43.6957,64.4793,63.5359,42.5677,43.0663,85.2079,124.7713,127.8119,154.8004,42.604,-41.336,2.967791,3.594466,1.478463,30,203,130,8,0.14604117,0.04201944,0.00608590,0E-8,0.000000,0.914292,0.640282,0.04207877,2026-03-23,2026-08-04,69,1947,1162,135,0.511111,1.014849,1.012680,0.486804,,,,,,,,GLOBAL_BASELINE_NO_ENTITY_RANKING,,,NOT_APPLICABLE_GLOBAL_BASELINE,HF9g-P5,,,,X 全窗基线 · 不参与实体赏罚,15050585,1506,A168_HF9F_20260827_0900,2026-08-27 09:00:00
2026-05-29,74657362,2084,0,258.3979328166,258.3979328166,258.3979328166,1.0000000,4,4,0.49324550000000000,0.493245500000,2.0272029836991,2.0272029836991,2.0272029836991,0E-17,ELIGIBLE,R03b_20260811_FULL_v1,L1_ELIGIBILITY,v2026-08-11,2026-03-21..2026-08-06,baccarat_bet02_101_all_pairs_incl_sentinel,round_win = game_pnl > 0 (decisive only),COMPATIBILITY_ONLY_NOT_PRODUCTION,234885.8996,214754.2105,9869.7735,3689,3015,-0.04201944,-0.00608590,-0.04816467,-0.04201944,-9869.7735,234885.8996,OK,0.0000,394.7909,4.0000,96.0000,AG03-UNRESOLVED,ALL5_LEVELS_bet23_to_bet27,394.7909,394.7909,394.7909,394.7909,394.7909,4.000000,4.000000,4.000000,4.000000,4.000000,96.000000,96.000000,96.000000,96.000000,96.000000,5.0,1973.9547,1822.2297,7895.8188,8047.5438,PENDING_AG03,FALSE,NOT_FOR_ENFORCEMENT,9474.9825,206164.0421,9869.7735,9474.9825,394.7909,0.04201944,0.04033866,394.7909,9474.9825,0.04033866,394.7909,394.7909,394.7909,394.7909,394.7909,9474.9825,0.04033866,1973.9547,1822.2297,7895.8188,8047.5438,0.03361555,0.0342615,0.00168078,63.6720,71.2286,3.2736,143.0402,5.0692,3404.1435,43.6957,64.4793,63.5359,42.5677,43.0663,85.2079,124.7713,127.8119,154.8004,42.604,-41.336,2.967791,3.594466,1.478463,30,203,130,8,0.14604117,0.04201944,0.00608590,0E-8,0.000000,0.914292,0.640282,0.04207877,2026-03-23,2026-08-04,69,1947,1162,135,0.511111,1.014849,1.012680,0.486804,,,,,,,,GLOBAL_BASELINE_NO_ENTITY_RANKING,,,NOT_APPLICABLE_GLOBAL_BASELINE,HF9g-P5,,,,X 全窗基线 · 不参与实体赏罚,15050586,1506,A168_HF9F_20260827_0900,2026-08-27 09:00:00
2026-05-29,74657362,2088,0,86.1326442722,-86.1326442722,-86.1326442722,0E-7,2,2,0.49324550000000000,0.493245500000,-1.3952362676504506,-1.3952362676504506,-1.3952362676504506,0E-17,ELIGIBLE,R03b_20260811_FULL_v1,L1_ELIGIBILITY,v2026-08-11,2026-03-21..2026-08-06,baccarat_bet02_101_all_pairs_incl_sentinel,round_win = game_pnl > 0 (decisive only),COMPATIBILITY_ONLY_NOT_PRODUCTION,234885.8996,214754.2105,9869.7735,3689,3015,-0.04201944,-0.00608590,-0.04816467,-0.04201944,-9869.7735,234885.8996,OK,0.0000,394.7909,4.0000,96.0000,AG03-UNRESOLVED,ALL5_LEVELS_bet23_to_bet27,394.7909,394.7909,394.7909,394.7909,394.7909,4.000000,4.000000,4.000000,4.000000,4.000000,96.000000,96.000000,96.000000,96.000000,96.000000,5.0,1973.9547,1822.2297,7895.8188,8047.5438,PENDING_AG03,FALSE,NOT_FOR_ENFORCEMENT,9474.9825,206164.0421,9869.7735,9474.9825,394.7909,0.04201944,0.04033866,394.7909,9474.9825,0.04033866,394.7909,394.7909,394.7909,394.7909,394.7909,9474.9825,0.04033866,1973.9547,1822.2297,7895.8188,8047.5438,0.03361555,0.0342615,0.00168078,63.6720,71.2286,3.2736,143.0402,5.0692,3404.1435,43.6957,64.4793,63.5359,42.5677,43.0663,85.2079,124.7713,127.8119,154.8004,42.604,-41.336,2.967791,3.594466,1.478463,30,203,130,8,0.14604117,0.04201944,0.00608590,0E-8,0.000000,0.914292,0.640282,0.04207877,2026-03-23,2026-08-04,69,1947,1162,135,0.511111,1.014849,1.012680,0.486804,,,,,,,,GLOBAL_BASELINE_NO_ENTITY_RANKING,,,NOT_APPLICABLE_GLOBAL_BASELINE,HF9g-P5,,,,X 全窗基线 · 不参与实体赏罚,15050587,1506,A168_HF9F_20260827_0900,2026-08-27 09:00:00
2026-05-29,74657362,2106,0,86.1326442722,0E-10,0E-10,0.5000000,2,2,0.49324550000000000,0.493245500000,0.01910635448239258,0.01910635448239258,0.01910635448239258,0E-17,ELIGIBLE,R03b_20260811_FULL_v1,L1_ELIGIBILITY,v2026-08-11,2026-03-21..2026-08-06,baccarat_bet02_101_all_pairs_incl_sentinel,round_win = game_pnl > 0 (decisive only),COMPATIBILITY_ONLY_NOT_PRODUCTION,234885.8996,214754.2105,9869.7735,3689,3015,-0.04201944,-0.00608590,-0.04816467,-0.04201944,-9869.7735,234885.8996,OK,0.0000,394.7909,4.0000,96.0000,AG03-UNRESOLVED,ALL5_LEVELS_bet23_to_bet27,394.7909,394.7909,394.7909,394.7909,394.7909,4.000000,4.000000,4.000000,4.000000,4.000000,96.000000,96.000000,96.000000,96.000000,96.000000,5.0,1973.9547,1822.2297,7895.8188,8047.5438,PENDING_AG03,FALSE,NOT_FOR_ENFORCEMENT,9474.9825,206164.0421,9869.7735,9474.9825,394.7909,0.04201944,0.04033866,394.7909,9474.9825,0.04033866,394.7909,394.7909,394.7909,394.7909,394.7909,9474.9825,0.04033866,1973.9547,1822.2297,7895.8188,8047.5438,0.03361555,0.0342615,0.00168078,63.6720,71.2286,3.2736,143.0402,5.0692,3404.1435,43.6957,64.4793,63.5359,42.5677,43.0663,85.2079,124.7713,127.8119,154.8004,42.604,-41.336,2.967791,3.594466,1.478463,30,203,130,8,0.14604117,0.04201944,0.00608590,0E-8,0.000000,0.914292,0.640282,0.04207877,2026-03-23,2026-08-04,69,1947,1162,135,0.511111,1.014849,1.012680,0.486804,,,,,,,,GLOBAL_BASELINE_NO_ENTITY_RANKING,,,NOT_APPLICABLE_GLOBAL_BASELINE,HF9g-P5,,,,X 全窗基线 · 不参与实体赏罚,15050588,1506,A168_HF9F_20260827_0900,2026-08-27 09:00:00
2026-05-29,74657362,2108,0,258.3979328166,258.3979328166,258.3979328166,1.0000000,3,3,0.49324550000000000,0.493245500000,1.755609282511032,1.7556092825110319,1.755609282511032,0E-17,ELIGIBLE,R03b_20260811_FULL_v1,L1_ELIGIBILITY,v2026-08-11,2026-03-21..2026-08-06,baccarat_bet02_101_all_pairs_incl_sentinel,round_win = game_pnl > 0 (decisive only),COMPATIBILITY_ONLY_NOT_PRODUCTION,234885.8996,214754.2105,9869.7735,3689,3015,-0.04201944,-0.00608590,-0.04816467,-0.04201944,-9869.7735,234885.8996,OK,0.0000,394.7909,4.0000,96.0000,AG03-UNRESOLVED,ALL5_LEVELS_bet23_to_bet27,394.7909,394.7909,394.7909,394.7909,394.7909,4.000000,4.000000,4.000000,4.000000,4.000000,96.000000,96.000000,96.000000,96.000000,96.000000,5.0,1973.9547,1822.2297,7895.8188,8047.5438,PENDING_AG03,FALSE,NOT_FOR_ENFORCEMENT,9474.9825,206164.0421,9869.7735,9474.9825,394.7909,0.04201944,0.04033866,394.7909,9474.9825,0.04033866,394.7909,394.7909,394.7909,394.7909,394.7909,9474.9825,0.04033866,1973.9547,1822.2297,7895.8188,8047.5438,0.03361555,0.0342615,0.00168078,63.6720,71.2286,3.2736,143.0402,5.0692,3404.1435,43.6957,64.4793,63.5359,42.5677,43.0663,85.2079,124.7713,127.8119,154.8004,42.604,-41.336,2.967791,3.594466,1.478463,30,203,130,8,0.14604117,0.04201944,0.00608590,0E-8,0.000000,0.914292,0.640282,0.04207877,2026-03-23,2026-08-04,69,1947,1162,135,0.511111,1.014849,1.012680,0.486804,,,,,,,,GLOBAL_BASELINE_NO_ENTITY_RANKING,,,NOT_APPLICABLE_GLOBAL_BASELINE,HF9g-P5,,,,X 全窗基线 · 不参与实体赏罚,15050589,1506,A168_HF9F_20260827_0900,2026-08-27 09:00:00
2026-05-29,74657362,2123,0,258.3979328166,753.6606373815,753.6606373815,0.5000000,3,2,0.44331193750000000,0.386675775000,0.16137860029625145,0.3290934312765982,0.16137860029625145,0.05663616250000000,ELIGIBLE,R03b_20260811_FULL_v1,L1_ELIGIBILITY,v2026-08-11,2026-03-21..2026-08-06,baccarat_bet02_101_all_pairs_incl_sentinel,round_win = game_pnl > 0 (decisive only),COMPATIBILITY_ONLY_NOT_PRODUCTION,234885.8996,214754.2105,9869.7735,3689,3015,-0.04201944,-0.00608590,-0.04816467,-0.04201944,-9869.7735,234885.8996,OK,0.0000,394.7909,4.0000,96.0000,AG03-UNRESOLVED,ALL5_LEVELS_bet23_to_bet27,394.7909,394.7909,394.7909,394.7909,394.7909,4.000000,4.000000,4.000000,4.000000,4.000000,96.000000,96.000000,96.000000,96.000000,96.000000,5.0,1973.9547,1822.2297,7895.8188,8047.5438,PENDING_AG03,FALSE,NOT_FOR_ENFORCEMENT,9474.9825,206164.0421,9869.7735,9474.9825,394.7909,0.04201944,0.04033866,394.7909,9474.9825,0.04033866,394.7909,394.7909,394.7909,394.7909,394.7909,9474.9825,0.04033866,1973.9547,1822.2297,7895.8188,8047.5438,0.03361555,0.0342615,0.00168078,63.6720,71.2286,3.2736,143.0402,5.0692,3404.1435,43.6957,64.4793,63.5359,42.5677,43.0663,85.2079,124.7713,127.8119,154.8004,42.604,-41.336,2.967791,3.594466,1.478463,30,203,130,8,0.14604117,0.04201944,0.00608590,0E-8,0.000000,0.914292,0.640282,0.04207877,2026-03-23,2026-08-04,69,1947,1162,135,0.511111,1.014849,1.012680,0.486804,,,,,,,,GLOBAL_BASELINE_NO_ENTITY_RANKING,,,NOT_APPLICABLE_GLOBAL_BASELINE,HF9g-P5,,,,X 全窗基线 · 不参与实体赏罚,15050590,1506,A168_HF9F_20260827_0900,2026-08-27 09:00:00
2026-05-29,74657362,2127,0,172.2652885444,172.2652885444,172.2652885444,1.0000000,2,2,0.49324550000000000,0.493245500000,1.4334489766152358,1.4334489766152358,1.4334489766152358,0E-17,ELIGIBLE,R03b_20260811_FULL_v1,L1_ELIGIBILITY,v2026-08-11,2026-03-21..2026-08-06,baccarat_bet02_101_all_pairs_incl_sentinel,round_win = game_pnl > 0 (decisive only),COMPATIBILITY_ONLY_NOT_PRODUCTION,234885.8996,214754.2105,9869.7735,3689,3015,-0.04201944,-0.00608590,-0.04816467,-0.04201944,-9869.7735,234885.8996,OK,0.0000,394.7909,4.0000,96.0000,AG03-UNRESOLVED,ALL5_LEVELS_bet23_to_bet27,394.7909,394.7909,394.7909,394.7909,394.7909,4.000000,4.000000,4.000000,4.000000,4.000000,96.000000,96.000000,96.000000,96.000000,96.000000,5.0,1973.9547,1822.2297,7895.8188,8047.5438,PENDING_AG03,FALSE,NOT_FOR_ENFORCEMENT,9474.9825,206164.0421,9869.7735,9474.9825,394.7909,0.04201944,0.04033866,394.7909,9474.9825,0.04033866,394.7909,394.7909,394.7909,394.7909,394.7909,9474.9825,0.04033866,1973.9547,1822.2297,7895.8188,8047.5438,0.03361555,0.0342615,0.00168078,63.6720,71.2286,3.2736,143.0402,5.0692,3404.1435,43.6957,64.4793,63.5359,42.5677,43.0663,85.2079,124.7713,127.8119,154.8004,42.604,-41.336,2.967791,3.594466,1.478463,30,203,130,8,0.14604117,0.04201944,0.00608590,0E-8,0.000000,0.914292,0.640282,0.04207877,2026-03-23,2026-08-04,69,1947,1162,135,0.511111,1.014849,1.012680,0.486804,,,,,,,,GLOBAL_BASELINE_NO_ENTITY_RANKING,,,NOT_APPLICABLE_GLOBAL_BASELINE,HF9g-P5,,,,X 全窗基线 · 不参与实体赏罚,15050591,1506,A168_HF9F_20260827_0900,2026-08-27 09:00:00
2026-05-29,74657362,2171,0,172.2652885444,-43.0663221361,-43.0663221361,0E-7,2,1,0.39337837500000000,0.280106050000,-0.8052788575962098,-0.6237735893609975,-0.8052788575962098,0.11327232500000000,ELIGIBLE,R03b_20260811_FULL_v1,L1_ELIGIBILITY,v2026-08-11,2026-03-21..2026-08-06,baccarat_bet02_101_all_pairs_incl_sentinel,round_win = game_pnl > 0 (decisive only),COMPATIBILITY_ONLY_NOT_PRODUCTION,234885.8996,214754.2105,9869.7735,3689,3015,-0.04201944,-0.00608590,-0.04816467,-0.04201944,-9869.7735,234885.8996,OK,0.0000,394.7909,4.0000,96.0000,AG03-UNRESOLVED,ALL5_LEVELS_bet23_to_bet27,394.7909,394.7909,394.7909,394.7909,394.7909,4.000000,4.000000,4.000000,4.000000,4.000000,96.000000,96.000000,96.000000,96.000000,96.000000,5.0,1973.9547,1822.2297,7895.8188,8047.5438,PENDING_AG03,FALSE,NOT_FOR_ENFORCEMENT,9474.9825,206164.0421,9869.7735,9474.9825,394.7909,0.04201944,0.04033866,394.7909,9474.9825,0.04033866,394.7909,394.7909,394.7909,394.7909,394.7909,9474.9825,0.04033866,1973.9547,1822.2297,7895.8188,8047.5438,0.03361555,0.0342615,0.00168078,63.6720,71.2286,3.2736,143.0402,5.0692,3404.1435,43.6957,64.4793,63.5359,42.5677,43.0663,85.2079,124.7713,127.8119,154.8004,42.604,-41.336,2.967791,3.594466,1.478463,30,203,130,8,0.14604117,0.04201944,0.00608590,0E-8,0.000000,0.914292,0.640282,0.04207877,2026-03-23,2026-08-04,69,1947,1162,135,0.511111,1.014849,1.012680,0.486804,,,,,,,,GLOBAL_BASELINE_NO_ENTITY_RANKING,,,NOT_APPLICABLE_GLOBAL_BASELINE,HF9g-P5,,,,X 全窗基线 · 不参与实体赏罚,15050592,1506,A168_HF9F_20260827_0900,2026-08-27 09:00:00
2026-05-29,74657362,2208,0,172.2652885444,-172.2652885444,-172.2652885444,0E-7,2,1,0.39337837500000000,0.280106050000,-0.8052788575962098,-0.6237735893609975,-0.8052788575962098,0.11327232500000000,ELIGIBLE,R03b_20260811_FULL_v1,L1_ELIGIBILITY,v2026-08-11,2026-03-21..2026-08-06,baccarat_bet02_101_all_pairs_incl_sentinel,round_win = game_pnl > 0 (decisive only),COMPATIBILITY_ONLY_NOT_PRODUCTION,234885.8996,214754.2105,9869.7735,3689,3015,-0.04201944,-0.00608590,-0.04816467,-0.04201944,-9869.7735,234885.8996,OK,0.0000,394.7909,4.0000,96.0000,AG03-UNRESOLVED,ALL5_LEVELS_bet23_to_bet27,394.7909,394.7909,394.7909,394.7909,394.7909,4.000000,4.000000,4.000000,4.000000,4.000000,96.000000,96.000000,96.000000,96.000000,96.000000,5.0,1973.9547,1822.2297,7895.8188,8047.5438,PENDING_AG03,FALSE,NOT_FOR_ENFORCEMENT,9474.9825,206164.0421,9869.7735,9474.9825,394.7909,0.04201944,0.04033866,394.7909,9474.9825,0.04033866,394.7909,394.7909,394.7909,394.7909,394.7909,9474.9825,0.04033866,1973.9547,1822.2297,7895.8188,8047.5438,0.03361555,0.0342615,0.00168078,63.6720,71.2286,3.2736,143.0402,5.0692,3404.1435,43.6957,64.4793,63.5359,42.5677,43.0663,85.2079,124.7713,127.8119,154.8004,42.604,-41.336,2.967791,3.594466,1.478463,30,203,130,8,0.14604117,0.04201944,0.00608590,0E-8,0.000000,0.914292,0.640282,0.04207877,2026-03-23,2026-08-04,69,1947,1162,135,0.511111,1.014849,1.012680,0.486804,,,,,,,,GLOBAL_BASELINE_NO_ENTITY_RANKING,,,NOT_APPLICABLE_GLOBAL_BASELINE,HF9g-P5,,,,X 全窗基线 · 不参与实体赏罚,15050593,1506,A168_HF9F_20260827_0900,2026-08-27 09:00:00
2026-05-29,74657362,2218,0,43.0663221361,-43.0663221361,-43.0663221361,0E-7,1,1,0.49324550000000000,0.493245500000,-0.9865810262130424,-0.9865810262130424,-0.9865810262130424,0E-17,ELIGIBLE,R03b_20260811_FULL_v1,L1_ELIGIBILITY,v2026-08-11,2026-03-21..2026-08-06,baccarat_bet02_101_all_pairs_incl_sentinel,round_win = game_pnl > 0 (decisive only),COMPATIBILITY_ONLY_NOT_PRODUCTION,234885.8996,214754.2105,9869.7735,3689,3015,-0.04201944,-0.00608590,-0.04816467,-0.04201944,-9869.7735,234885.8996,OK,0.0000,394.7909,4.0000,96.0000,AG03-UNRESOLVED,ALL5_LEVELS_bet23_to_bet27,394.7909,394.7909,394.7909,394.7909,394.7909,4.000000,4.000000,4.000000,4.000000,4.000000,96.000000,96.000000,96.000000,96.000000,96.000000,5.0,1973.9547,1822.2297,7895.8188,8047.5438,PENDING_AG03,FALSE,NOT_FOR_ENFORCEMENT,9474.9825,206164.0421,9869.7735,9474.9825,394.7909,0.04201944,0.04033866,394.7909,9474.9825,0.04033866,394.7909,394.7909,394.7909,394.7909,394.7909,9474.9825,0.04033866,1973.9547,1822.2297,7895.8188,8047.5438,0.03361555,0.0342615,0.00168078,63.6720,71.2286,3.2736,143.0402,5.0692,3404.1435,43.6957,64.4793,63.5359,42.5677,43.0663,85.2079,124.7713,127.8119,154.8004,42.604,-41.336,2.967791,3.594466,1.478463,30,203,130,8,0.14604117,0.04201944,0.00608590,0E-8,0.000000,0.914292,0.640282,0.04207877,2026-03-23,2026-08-04,69,1947,1162,135,0.511111,1.014849,1.012680,0.486804,,,,,,,,GLOBAL_BASELINE_NO_ENTITY_RANKING,,,NOT_APPLICABLE_GLOBAL_BASELINE,HF9g-P5,,,,X 全窗基线 · 不参与实体赏罚,15050594,1506,A168_HF9F_20260827_0900,2026-08-27 09:00:00
2026-05-29,74657362,2229,0,1205.8570198108,-43.0663221361,-43.0663221361,0.5000000,15,8,0.34968483541666667,0.255291231250,0.891553583743208,1.587388912844227,0.891553583743208,0.09439360416666667,ELIGIBLE,R03b_20260811_FULL_v1,L1_ELIGIBILITY,v2026-08-11,2026-03-21..2026-08-06,baccarat_bet02_101_all_pairs_incl_sentinel,round_win = game_pnl > 0 (decisive only),COMPATIBILITY_ONLY_NOT_PRODUCTION,234885.8996,214754.2105,9869.7735,3689,3015,-0.04201944,-0.00608590,-0.04816467,-0.04201944,-9869.7735,234885.8996,OK,0.0000,394.7909,4.0000,96.0000,AG03-UNRESOLVED,ALL5_LEVELS_bet23_to_bet27,394.7909,394.7909,394.7909,394.7909,394.7909,4.000000,4.000000,4.000000,4.000000,4.000000,96.000000,96.000000,96.000000,96.000000,96.000000,5.0,1973.9547,1822.2297,7895.8188,8047.5438,PENDING_AG03,FALSE,NOT_FOR_ENFORCEMENT,9474.9825,206164.0421,9869.7735,9474.9825,394.7909,0.04201944,0.04033866,394.7909,9474.9825,0.04033866,394.7909,394.7909,394.7909,394.7909,394.7909,9474.9825,0.04033866,1973.9547,1822.2297,7895.8188,8047.5438,0.03361555,0.0342615,0.00168078,63.6720,71.2286,3.2736,143.0402,5.0692,3404.1435,43.6957,64.4793,63.5359,42.5677,43.0663,85.2079,124.7713,127.8119,154.8004,42.604,-41.336,2.967791,3.594466,1.478463,30,203,130,8,0.14604117,0.04201944,0.00608590,0E-8,0.000000,0.914292,0.640282,0.04207877,2026-03-23,2026-08-04,69,1947,1162,135,0.511111,1.014849,1.012680,0.486804,,,,,,,,GLOBAL_BASELINE_NO_ENTITY_RANKING,,,NOT_APPLICABLE_GLOBAL_BASELINE,HF9g-P5,,,,X 全窗基线 · 不参与实体赏罚,15050595,1506,A168_HF9F_20260827_0900,2026-08-27 09:00:00
2026-05-29,74657362,2241,0,172.2652885444,172.2652885444,172.2652885444,1.0000000,2,2,0.49324550000000000,0.493245500000,1.4334489766152358,1.4334489766152358,1.4334489766152358,0E-17,ELIGIBLE,R03b_20260811_FULL_v1,L1_ELIGIBILITY,v2026-08-11,2026-03-21..2026-08-06,baccarat_bet02_101_all_pairs_incl_sentinel,round_win = game_pnl > 0 (decisive only),COMPATIBILITY_ONLY_NOT_PRODUCTION,234885.8996,214754.2105,9869.7735,3689,3015,-0.04201944,-0.00608590,-0.04816467,-0.04201944,-9869.7735,234885.8996,OK,0.0000,394.7909,4.0000,96.0000,AG03-UNRESOLVED,ALL5_LEVELS_bet23_to_bet27,394.7909,394.7909,394.7909,394.7909,394.7909,4.000000,4.000000,4.000000,4.000000,4.000000,96.000000,96.000000,96.000000,96.000000,96.000000,5.0,1973.9547,1822.2297,7895.8188,8047.5438,PENDING_AG03,FALSE,NOT_FOR_ENFORCEMENT,9474.9825,206164.0421,9869.7735,9474.9825,394.7909,0.04201944,0.04033866,394.7909,9474.9825,0.04033866,394.7909,394.7909,394.7909,394.7909,394.7909,9474.9825,0.04033866,1973.9547,1822.2297,7895.8188,8047.5438,0.03361555,0.0342615,0.00168078,63.6720,71.2286,3.2736,143.0402,5.0692,3404.1435,43.6957,64.4793,63.5359,42.5677,43.0663,85.2079,124.7713,127.8119,154.8004,42.604,-41.336,2.967791,3.594466,1.478463,30,203,130,8,0.14604117,0.04201944,0.00608590,0E-8,0.000000,0.914292,0.640282,0.04207877,2026-03-23,2026-08-04,69,1947,1162,135,0.511111,1.014849,1.012680,0.486804,,,,,,,,GLOBAL_BASELINE_NO_ENTITY_RANKING,,,NOT_APPLICABLE_GLOBAL_BASELINE,HF9g-P5,,,,X 全窗基线 · 不参与实体赏罚,15050596,1506,A168_HF9F_20260827_0900,2026-08-27 09:00:00
2026-05-29,74657362,2250,0,344.5305770888,172.2652885444,172.2652885444,1.0000000,4,2,0.39337837500000000,0.280106050000,1.756178681499947,2.2671905102969103,1.756178681499947,0.11327232500000000,ELIGIBLE,R03b_20260811_FULL_v1,L1_ELIGIBILITY,v2026-08-11,2026-03-21..2026-08-06,baccarat_bet02_101_all_pairs_incl_sentinel,round_win = game_pnl > 0 (decisive only),COMPATIBILITY_ONLY_NOT_PRODUCTION,234885.8996,214754.2105,9869.7735,3689,3015,-0.04201944,-0.00608590,-0.04816467,-0.04201944,-9869.7735,234885.8996,OK,0.0000,394.7909,4.0000,96.0000,AG03-UNRESOLVED,ALL5_LEVELS_bet23_to_bet27,394.7909,394.7909,394.7909,394.7909,394.7909,4.000000,4.000000,4.000000,4.000000,4.000000,96.000000,96.000000,96.000000,96.000000,96.000000,5.0,1973.9547,1822.2297,7895.8188,8047.5438,PENDING_AG03,FALSE,NOT_FOR_ENFORCEMENT,9474.9825,206164.0421,9869.7735,9474.9825,394.7909,0.04201944,0.04033866,394.7909,9474.9825,0.04033866,394.7909,394.7909,394.7909,394.7909,394.7909,9474.9825,0.04033866,1973.9547,1822.2297,7895.8188,8047.5438,0.03361555,0.0342615,0.00168078,63.6720,71.2286,3.2736,143.0402,5.0692,3404.1435,43.6957,64.4793,63.5359,42.5677,43.0663,85.2079,124.7713,127.8119,154.8004,42.604,-41.336,2.967791,3.594466,1.478463,30,203,130,8,0.14604117,0.04201944,0.00608590,0E-8,0.000000,0.914292,0.640282,0.04207877,2026-03-23,2026-08-04,69,1947,1162,135,0.511111,1.014849,1.012680,0.486804,,,,,,,,GLOBAL_BASELINE_NO_ENTITY_RANKING,,,NOT_APPLICABLE_GLOBAL_BASELINE,HF9g-P5,,,,X 全窗基线 · 不参与实体赏罚,15050597,1506,A168_HF9F_20260827_0900,2026-08-27 09:00:00
2026-05-29,74657362,2256,0,86.1326442722,0E-10,0E-10,,1,1,0.49324550000000000,0.493245500000,,,,0E-17,NO_DECISIVE_ROUND,R03b_20260811_FULL_v1,L1_ELIGIBILITY,v2026-08-11,2026-03-21..2026-08-06,baccarat_bet02_101_all_pairs_incl_sentinel,round_win = game_pnl > 0 (decisive only),COMPATIBILITY_ONLY_NOT_PRODUCTION,234885.8996,214754.2105,9869.7735,3689,3015,-0.04201944,-0.00608590,-0.04816467,-0.04201944,-9869.7735,234885.8996,OK,0.0000,394.7909,4.0000,96.0000,AG03-UNRESOLVED,ALL5_LEVELS_bet23_to_bet27,394.7909,394.7909,394.7909,394.7909,394.7909,4.000000,4.000000,4.000000,4.000000,4.000000,96.000000,96.000000,96.000000,96.000000,96.000000,5.0,1973.9547,1822.2297,7895.8188,8047.5438,PENDING_AG03,FALSE,NOT_FOR_ENFORCEMENT,9474.9825,206164.0421,9869.7735,9474.9825,394.7909,0.04201944,0.04033866,394.7909,9474.9825,0.04033866,394.7909,394.7909,394.7909,394.7909,394.7909,9474.9825,0.04033866,1973.9547,1822.2297,7895.8188,8047.5438,0.03361555,0.0342615,0.00168078,63.6720,71.2286,3.2736,143.0402,5.0692,3404.1435,43.6957,64.4793,63.5359,42.5677,43.0663,85.2079,124.7713,127.8119,154.8004,42.604,-41.336,2.967791,3.594466,1.478463,30,203,130,8,0.14604117,0.04201944,0.00608590,0E-8,0.000000,0.914292,0.640282,0.04207877,2026-03-23,2026-08-04,69,1947,1162,135,0.511111,1.014849,1.012680,0.486804,,,,,,,,GLOBAL_BASELINE_NO_ENTITY_RANKING,,,NOT_APPLICABLE_GLOBAL_BASELINE,HF9g-P5,,,,X 全窗基线 · 不参与实体赏罚,15050598,1506,A168_HF9F_20260827_0900,2026-08-27 09:00:00
2026-05-29,74657362,2258,0,172.2652885444,839.7932816537,839.7932816537,1.0000000,2,1,0.39337837500000000,0.280106050000,1.2418058546638626,1.6031457840727341,1.2418058546638626,0.11327232500000000,ELIGIBLE,R03b_20260811_FULL_v1,L1_ELIGIBILITY,v2026-08-11,2026-03-21..2026-08-06,baccarat_bet02_101_all_pairs_incl_sentinel,round_win = game_pnl > 0 (decisive only),COMPATIBILITY_ONLY_NOT_PRODUCTION,234885.8996,214754.2105,9869.7735,3689,3015,-0.04201944,-0.00608590,-0.04816467,-0.04201944,-9869.7735,234885.8996,OK,0.0000,394.7909,4.0000,96.0000,AG03-UNRESOLVED,ALL5_LEVELS_bet23_to_bet27,394.7909,394.7909,394.7909,394.7909,394.7909,4.000000,4.000000,4.000000,4.000000,4.000000,96.000000,96.000000,96.000000,96.000000,96.000000,5.0,1973.9547,1822.2297,7895.8188,8047.5438,PENDING_AG03,FALSE,NOT_FOR_ENFORCEMENT,9474.9825,206164.0421,9869.7735,9474.9825,394.7909,0.04201944,0.04033866,394.7909,9474.9825,0.04033866,394.7909,394.7909,394.7909,394.7909,394.7909,9474.9825,0.04033866,1973.9547,1822.2297,7895.8188,8047.5438,0.03361555,0.0342615,0.00168078,63.6720,71.2286,3.2736,143.0402,5.0692,3404.1435,43.6957,64.4793,63.5359,42.5677,43.0663,85.2079,124.7713,127.8119,154.8004,42.604,-41.336,2.967791,3.594466,1.478463,30,203,130,8,0.14604117,0.04201944,0.00608590,0E-8,0.000000,0.914292,0.640282,0.04207877,2026-03-23,2026-08-04,69,1947,1162,135,0.511111,1.014849,1.012680,0.486804,,,,,,,,GLOBAL_BASELINE_NO_ENTITY_RANKING,,,NOT_APPLICABLE_GLOBAL_BASELINE,HF9g-P5,,,,X 全窗基线 · 不参与实体赏罚,15050599,1506,A168_HF9F_20260827_0900,2026-08-27 09:00:00
2026-05-29,74657362,2266,0,86.1326442722,0E-10,0E-10,0.5000000,2,2,0.49324550000000000,0.493245500000,0.01910635448239258,0.01910635448239258,0.01910635448239258,0E-17,ELIGIBLE,R03b_20260811_FULL_v1,L1_ELIGIBILITY,v2026-08-11,2026-03-21..2026-08-06,baccarat_bet02_101_all_pairs_incl_sentinel,round_win = game_pnl > 0 (decisive only),COMPATIBILITY_ONLY_NOT_PRODUCTION,234885.8996,214754.2105,9869.7735,3689,3015,-0.04201944,-0.00608590,-0.04816467,-0.04201944,-9869.7735,234885.8996,OK,0.0000,394.7909,4.0000,96.0000,AG03-UNRESOLVED,ALL5_LEVELS_bet23_to_bet27,394.7909,394.7909,394.7909,394.7909,394.7909,4.000000,4.000000,4.000000,4.000000,4.000000,96.000000,96.000000,96.000000,96.000000,96.000000,5.0,1973.9547,1822.2297,7895.8188,8047.5438,PENDING_AG03,FALSE,NOT_FOR_ENFORCEMENT,9474.9825,206164.0421,9869.7735,9474.9825,394.7909,0.04201944,0.04033866,394.7909,9474.9825,0.04033866,394.7909,394.7909,394.7909,394.7909,394.7909,9474.9825,0.04033866,1973.9547,1822.2297,7895.8188,8047.5438,0.03361555,0.0342615,0.00168078,63.6720,71.2286,3.2736,143.0402,5.0692,3404.1435,43.6957,64.4793,63.5359,42.5677,43.0663,85.2079,124.7713,127.8119,154.8004,42.604,-41.336,2.967791,3.594466,1.478463,30,203,130,8,0.14604117,0.04201944,0.00608590,0E-8,0.000000,0.914292,0.640282,0.04207877,2026-03-23,2026-08-04,69,1947,1162,135,0.511111,1.014849,1.012680,0.486804,,,,,,,,GLOBAL_BASELINE_NO_ENTITY_RANKING,,,NOT_APPLICABLE_GLOBAL_BASELINE,HF9g-P5,,,,X 全窗基线 · 不参与实体赏罚,15050600,1506,A168_HF9F_20260827_0900,2026-08-27 09:00:00
2026-05-29,74657362,462,0,86.1326442722,86.1326442722,86.1326442722,1.0000000,1,1,0.49324550000000000,0.493245500000,1.01360149184955,1.01360149184955,1.01360149184955,0E-17,ELIGIBLE,R03b_20260811_FULL_v1,L1_ELIGIBILITY,v2026-08-11,2026-03-21..2026-08-06,baccarat_bet02_101_all_pairs_incl_sentinel,round_win = game_pnl > 0 (decisive only),COMPATIBILITY_ONLY_NOT_PRODUCTION,234885.8996,214754.2105,9869.7735,3689,3015,-0.04201944,-0.00608590,-0.04816467,-0.04201944,-9869.7735,234885.8996,OK,0.0000,394.7909,4.0000,96.0000,AG03-UNRESOLVED,ALL5_LEVELS_bet23_to_bet27,394.7909,394.7909,394.7909,394.7909,394.7909,4.000000,4.000000,4.000000,4.000000,4.000000,96.000000,96.000000,96.000000,96.000000,96.000000,5.0,1973.9547,1822.2297,7895.8188,8047.5438,PENDING_AG03,FALSE,NOT_FOR_ENFORCEMENT,9474.9825,206164.0421,9869.7735,9474.9825,394.7909,0.04201944,0.04033866,394.7909,9474.9825,0.04033866,394.7909,394.7909,394.7909,394.7909,394.7909,9474.9825,0.04033866,1973.9547,1822.2297,7895.8188,8047.5438,0.03361555,0.0342615,0.00168078,63.6720,71.2286,3.2736,143.0402,5.0692,3404.1435,43.6957,64.4793,63.5359,42.5677,43.0663,85.2079,124.7713,127.8119,154.8004,42.604,-41.336,2.967791,3.594466,1.478463,30,203,130,8,0.14604117,0.04201944,0.00608590,0E-8,0.000000,0.914292,0.640282,0.04207877,2026-03-23,2026-08-04,69,1947,1162,135,0.511111,1.014849,1.012680,0.486804,,,,,,,,GLOBAL_BASELINE_NO_ENTITY_RANKING,,,NOT_APPLICABLE_GLOBAL_BASELINE,HF9g-P5,,,,X 全窗基线 · 不参与实体赏罚,15050601,1506,A168_HF9F_20260827_0900,2026-08-27 09:00:00
2026-05-30,74657362,-1,1,301.4642549527,0E-10,0E-10,0.6666667,5,5,0.49324550000000000,0.493245500000,0.6008033672792107,0.6008033672792106,0.6008033672792107,0E-17,SENTINEL_DEALER,R03b_20260811_FULL_v1,L1_ELIGIBILITY,v2026-08-11,2026-03-21..2026-08-06,baccarat_bet02_101_all_pairs_incl_sentinel,round_win = game_pnl > 0 (decisive only),COMPATIBILITY_ONLY_NOT_PRODUCTION,234885.8996,214754.2105,9869.7735,3689,3015,-0.04201944,-0.00608590,-0.04816467,-0.04201944,-9869.7735,234885.8996,OK,0.0000,394.7909,4.0000,96.0000,AG03-UNRESOLVED,ALL5_LEVELS_bet23_to_bet27,394.7909,394.7909,394.7909,394.7909,394.7909,4.000000,4.000000,4.000000,4.000000,4.000000,96.000000,96.000000,96.000000,96.000000,96.000000,5.0,1973.9547,1822.2297,7895.8188,8047.5438,PENDING_AG03,FALSE,NOT_FOR_ENFORCEMENT,9474.9825,206164.0421,9869.7735,9474.9825,394.7909,0.04201944,0.04033866,394.7909,9474.9825,0.04033866,394.7909,394.7909,394.7909,394.7909,394.7909,9474.9825,0.04033866,1973.9547,1822.2297,7895.8188,8047.5438,0.03361555,0.0342615,0.00168078,63.6720,71.2286,3.2736,143.0402,5.0692,3404.1435,43.6957,64.4793,63.5359,42.5677,43.0663,85.2079,124.7713,127.8119,154.8004,42.604,-41.336,2.967791,3.594466,1.478463,30,203,130,8,0.14604117,0.04201944,0.00608590,0E-8,0.000000,0.914292,0.640282,0.04207877,2026-03-23,2026-08-04,69,1947,1162,135,0.511111,1.014849,1.012680,0.486804,,,,,,,,GLOBAL_BASELINE_NO_ENTITY_RANKING,,,NOT_APPLICABLE_GLOBAL_BASELINE,HF9g-P5,,,,X 全窗基线 · 不参与实体赏罚,15050602,1506,A168_HF9F_20260827_0900,2026-08-27 09:00:00
2026-05-30,74657362,1304,0,172.2652885444,172.2652885444,172.2652885444,1.0000000,1,1,0.49324550000000000,0.493245500000,1.01360149184955,1.01360149184955,1.01360149184955,0E-17,ELIGIBLE,R03b_20260811_FULL_v1,L1_ELIGIBILITY,v2026-08-11,2026-03-21..2026-08-06,baccarat_bet02_101_all_pairs_incl_sentinel,round_win = game_pnl > 0 (decisive only),COMPATIBILITY_ONLY_NOT_PRODUCTION,234885.8996,214754.2105,9869.7735,3689,3015,-0.04201944,-0.00608590,-0.04816467,-0.04201944,-9869.7735,234885.8996,OK,0.0000,394.7909,4.0000,96.0000,AG03-UNRESOLVED,ALL5_LEVELS_bet23_to_bet27,394.7909,394.7909,394.7909,394.7909,394.7909,4.000000,4.000000,4.000000,4.000000,4.000000,96.000000,96.000000,96.000000,96.000000,96.000000,5.0,1973.9547,1822.2297,7895.8188,8047.5438,PENDING_AG03,FALSE,NOT_FOR_ENFORCEMENT,9474.9825,206164.0421,9869.7735,9474.9825,394.7909,0.04201944,0.04033866,394.7909,9474.9825,0.04033866,394.7909,394.7909,394.7909,394.7909,394.7909,9474.9825,0.04033866,1973.9547,1822.2297,7895.8188,8047.5438,0.03361555,0.0342615,0.00168078,63.6720,71.2286,3.2736,143.0402,5.0692,3404.1435,43.6957,64.4793,63.5359,42.5677,43.0663,85.2079,124.7713,127.8119,154.8004,42.604,-41.336,2.967791,3.594466,1.478463,30,203,130,8,0.14604117,0.04201944,0.00608590,0E-8,0.000000,0.914292,0.640282,0.04207877,2026-03-23,2026-08-04,69,1947,1162,135,0.511111,1.014849,1.012680,0.486804,,,,,,,,GLOBAL_BASELINE_NO_ENTITY_RANKING,,,NOT_APPLICABLE_GLOBAL_BASELINE,HF9g-P5,,,,X 全窗基线 · 不参与实体赏罚,15050603,1506,A168_HF9F_20260827_0900,2026-08-27 09:00:00
2026-05-30,74657362,1374,0,172.2652885444,-172.2652885444,-172.2652885444,0E-7,2,1,0.39337837500000000,0.280106050000,-0.8052788575962098,-0.6237735893609975,-0.8052788575962098,0.11327232500000000,ELIGIBLE,R03b_20260811_FULL_v1,L1_ELIGIBILITY,v2026-08-11,2026-03-21..2026-08-06,baccarat_bet02_101_all_pairs_incl_sentinel,round_win = game_pnl > 0 (decisive only),COMPATIBILITY_ONLY_NOT_PRODUCTION,234885.8996,214754.2105,9869.7735,3689,3015,-0.04201944,-0.00608590,-0.04816467,-0.04201944,-9869.7735,234885.8996,OK,0.0000,394.7909,4.0000,96.0000,AG03-UNRESOLVED,ALL5_LEVELS_bet23_to_bet27,394.7909,394.7909,394.7909,394.7909,394.7909,4.000000,4.000000,4.000000,4.000000,4.000000,96.000000,96.000000,96.000000,96.000000,96.000000,5.0,1973.9547,1822.2297,7895.8188,8047.5438,PENDING_AG03,FALSE,NOT_FOR_ENFORCEMENT,9474.9825,206164.0421,9869.7735,9474.9825,394.7909,0.04201944,0.04033866,394.7909,9474.9825,0.04033866,394.7909,394.7909,394.7909,394.7909,394.7909,9474.9825,0.04033866,1973.9547,1822.2297,7895.8188,8047.5438,0.03361555,0.0342615,0.00168078,63.6720,71.2286,3.2736,143.0402,5.0692,3404.1435,43.6957,64.4793,63.5359,42.5677,43.0663,85.2079,124.7713,127.8119,154.8004,42.604,-41.336,2.967791,3.594466,1.478463,30,203,130,8,0.14604117,0.04201944,0.00608590,0E-8,0.000000,0.914292,0.640282,0.04207877,2026-03-23,2026-08-04,69,1947,1162,135,0.511111,1.014849,1.012680,0.486804,,,,,,,,GLOBAL_BASELINE_NO_ENTITY_RANKING,,,NOT_APPLICABLE_GLOBAL_BASELINE,HF9g-P5,,,,X 全窗基线 · 不参与实体赏罚,15050604,1506,A168_HF9F_20260827_0900,2026-08-27 09:00:00
2026-05-30,74657362,1382,0,43.0663221361,0E-10,0E-10,,1,1,0.49324550000000000,0.493245500000,,,,0E-17,NO_DECISIVE_ROUND,R03b_20260811_FULL_v1,L1_ELIGIBILITY,v2026-08-11,2026-03-21..2026-08-06,baccarat_bet02_101_all_pairs_incl_sentinel,round_win = game_pnl > 0 (decisive only),COMPATIBILITY_ONLY_NOT_PRODUCTION,234885.8996,214754.2105,9869.7735,3689,3015,-0.04201944,-0.00608590,-0.04816467,-0.04201944,-9869.7735,234885.8996,OK,0.0000,394.7909,4.0000,96.0000,AG03-UNRESOLVED,ALL5_LEVELS_bet23_to_bet27,394.7909,394.7909,394.7909,394.7909,394.7909,4.000000,4.000000,4.000000,4.000000,4.000000,96.000000,96.000000,96.000000,96.000000,96.000000,5.0,1973.9547,1822.2297,7895.8188,8047.5438,PENDING_AG03,FALSE,NOT_FOR_ENFORCEMENT,9474.9825,206164.0421,9869.7735,9474.9825,394.7909,0.04201944,0.04033866,394.7909,9474.9825,0.04033866,394.7909,394.7909,394.7909,394.7909,394.7909,9474.9825,0.04033866,1973.9547,1822.2297,7895.8188,8047.5438,0.03361555,0.0342615,0.00168078,63.6720,71.2286,3.2736,143.0402,5.0692,3404.1435,43.6957,64.4793,63.5359,42.5677,43.0663,85.2079,124.7713,127.8119,154.8004,42.604,-41.336,2.967791,3.594466,1.478463,30,203,130,8,0.14604117,0.04201944,0.00608590,0E-8,0.000000,0.914292,0.640282,0.04207877,2026-03-23,2026-08-04,69,1947,1162,135,0.511111,1.014849,1.012680,0.486804,,,,,,,,GLOBAL_BASELINE_NO_ENTITY_RANKING,,,NOT_APPLICABLE_GLOBAL_BASELINE,HF9g-P5,,,,X 全窗基线 · 不参与实体赏罚,15050605,1506,A168_HF9F_20260827_0900,2026-08-27 09:00:00
2026-05-30,74657362,1951,0,86.1326442722,86.1326442722,86.1326442722,1.0000000,1,1,0.49324550000000000,0.493245500000,1.01360149184955,1.01360149184955,1.01360149184955,0E-17,ELIGIBLE,R03b_20260811_FULL_v1,L1_ELIGIBILITY,v2026-08-11,2026-03-21..2026-08-06,baccarat_bet02_101_all_pairs_incl_sentinel,round_win = game_pnl > 0 (decisive only),COMPATIBILITY_ONLY_NOT_PRODUCTION,234885.8996,214754.2105,9869.7735,3689,3015,-0.04201944,-0.00608590,-0.04816467,-0.04201944,-9869.7735,234885.8996,OK,0.0000,394.7909,4.0000,96.0000,AG03-UNRESOLVED,ALL5_LEVELS_bet23_to_bet27,394.7909,394.7909,394.7909,394.7909,394.7909,4.000000,4.000000,4.000000,4.000000,4.000000,96.000000,96.000000,96.000000,96.000000,96.000000,5.0,1973.9547,1822.2297,7895.8188,8047.5438,PENDING_AG03,FALSE,NOT_FOR_ENFORCEMENT,9474.9825,206164.0421,9869.7735,9474.9825,394.7909,0.04201944,0.04033866,394.7909,9474.9825,0.04033866,394.7909,394.7909,394.7909,394.7909,394.7909,9474.9825,0.04033866,1973.9547,1822.2297,7895.8188,8047.5438,0.03361555,0.0342615,0.00168078,63.6720,71.2286,3.2736,143.0402,5.0692,3404.1435,43.6957,64.4793,63.5359,42.5677,43.0663,85.2079,124.7713,127.8119,154.8004,42.604,-41.336,2.967791,3.594466,1.478463,30,203,130,8,0.14604117,0.04201944,0.00608590,0E-8,0.000000,0.914292,0.640282,0.04207877,2026-03-23,2026-08-04,69,1947,1162,135,0.511111,1.014849,1.012680,0.486804,,,,,,,,GLOBAL_BASELINE_NO_ENTITY_RANKING,,,NOT_APPLICABLE_GLOBAL_BASELINE,HF9g-P5,,,,X 全窗基线 · 不参与实体赏罚,15050606,1506,A168_HF9F_20260827_0900,2026-08-27 09:00:00
2026-05-30,74657362,1963,0,86.1326442722,0E-10,0E-10,,1,1,0.49324550000000000,0.493245500000,,,,0E-17,NO_DECISIVE_ROUND,R03b_20260811_FULL_v1,L1_ELIGIBILITY,v2026-08-11,2026-03-21..2026-08-06,baccarat_bet02_101_all_pairs_incl_sentinel,round_win = game_pnl > 0 (decisive only),COMPATIBILITY_ONLY_NOT_PRODUCTION,234885.8996,214754.2105,9869.7735,3689,3015,-0.04201944,-0.00608590,-0.04816467,-0.04201944,-9869.7735,234885.8996,OK,0.0000,394.7909,4.0000,96.0000,AG03-UNRESOLVED,ALL5_LEVELS_bet23_to_bet27,394.7909,394.7909,394.7909,394.7909,394.7909,4.000000,4.000000,4.000000,4.000000,4.000000,96.000000,96.000000,96.000000,96.000000,96.000000,5.0,1973.9547,1822.2297,7895.8188,8047.5438,PENDING_AG03,FALSE,NOT_FOR_ENFORCEMENT,9474.9825,206164.0421,9869.7735,9474.9825,394.7909,0.04201944,0.04033866,394.7909,9474.9825,0.04033866,394.7909,394.7909,394.7909,394.7909,394.7909,9474.9825,0.04033866,1973.9547,1822.2297,7895.8188,8047.5438,0.03361555,0.0342615,0.00168078,63.6720,71.2286,3.2736,143.0402,5.0692,3404.1435,43.6957,64.4793,63.5359,42.5677,43.0663,85.2079,124.7713,127.8119,154.8004,42.604,-41.336,2.967791,3.594466,1.478463,30,203,130,8,0.14604117,0.04201944,0.00608590,0E-8,0.000000,0.914292,0.640282,0.04207877,2026-03-23,2026-08-04,69,1947,1162,135,0.511111,1.014849,1.012680,0.486804,,,,,,,,GLOBAL_BASELINE_NO_ENTITY_RANKING,,,NOT_APPLICABLE_GLOBAL_BASELINE,HF9g-P5,,,,X 全窗基线 · 不参与实体赏罚,15050607,1506,A168_HF9F_20260827_0900,2026-08-27 09:00:00
2026-05-30,74657362,2093,0,86.1326442722,-86.1326442722,-86.1326442722,0E-7,1,1,0.49324550000000000,0.493245500000,-0.9865810262130424,-0.9865810262130424,-0.9865810262130424,0E-17,ELIGIBLE,R03b_20260811_FULL_v1,L1_ELIGIBILITY,v2026-08-11,2026-03-21..2026-08-06,baccarat_bet02_101_all_pairs_incl_sentinel,round_win = game_pnl > 0 (decisive only),COMPATIBILITY_ONLY_NOT_PRODUCTION,234885.8996,214754.2105,9869.7735,3689,3015,-0.04201944,-0.00608590,-0.04816467,-0.04201944,-9869.7735,234885.8996,OK,0.0000,394.7909,4.0000,96.0000,AG03-UNRESOLVED,ALL5_LEVELS_bet23_to_bet27,394.7909,394.7909,394.7909,394.7909,394.7909,4.000000,4.000000,4.000000,4.000000,4.000000,96.000000,96.000000,96.000000,96.000000,96.000000,5.0,1973.9547,1822.2297,7895.8188,8047.5438,PENDING_AG03,FALSE,NOT_FOR_ENFORCEMENT,9474.9825,206164.0421,9869.7735,9474.9825,394.7909,0.04201944,0.04033866,394.7909,9474.9825,0.04033866,394.7909,394.7909,394.7909,394.7909,394.7909,9474.9825,0.04033866,1973.9547,1822.2297,7895.8188,8047.5438,0.03361555,0.0342615,0.00168078,63.6720,71.2286,3.2736,143.0402,5.0692,3404.1435,43.6957,64.4793,63.5359,42.5677,43.0663,85.2079,124.7713,127.8119,154.8004,42.604,-41.336,2.967791,3.594466,1.478463,30,203,130,8,0.14604117,0.04201944,0.00608590,0E-8,0.000000,0.914292,0.640282,0.04207877,2026-03-23,2026-08-04,69,1947,1162,135,0.511111,1.014849,1.012680,0.486804,,,,,,,,GLOBAL_BASELINE_NO_ENTITY_RANKING,,,NOT_APPLICABLE_GLOBAL_BASELINE,HF9g-P5,,,,X 全窗基线 · 不参与实体赏罚,15050608,1506,A168_HF9F_20260827_0900,2026-08-27 09:00:00
2026-05-30,74657362,2153,0,172.2652885444,-172.2652885444,-172.2652885444,0E-7,2,1,0.39337837500000000,0.280106050000,-0.8052788575962098,-0.6237735893609975,-0.8052788575962098,0.11327232500000000,ELIGIBLE,R03b_20260811_FULL_v1,L1_ELIGIBILITY,v2026-08-11,2026-03-21..2026-08-06,baccarat_bet02_101_all_pairs_incl_sentinel,round_win = game_pnl > 0 (decisive only),COMPATIBILITY_ONLY_NOT_PRODUCTION,234885.8996,214754.2105,9869.7735,3689,3015,-0.04201944,-0.00608590,-0.04816467,-0.04201944,-9869.7735,234885.8996,OK,0.0000,394.7909,4.0000,96.0000,AG03-UNRESOLVED,ALL5_LEVELS_bet23_to_bet27,394.7909,394.7909,394.7909,394.7909,394.7909,4.000000,4.000000,4.000000,4.000000,4.000000,96.000000,96.000000,96.000000,96.000000,96.000000,5.0,1973.9547,1822.2297,7895.8188,8047.5438,PENDING_AG03,FALSE,NOT_FOR_ENFORCEMENT,9474.9825,206164.0421,9869.7735,9474.9825,394.7909,0.04201944,0.04033866,394.7909,9474.9825,0.04033866,394.7909,394.7909,394.7909,394.7909,394.7909,9474.9825,0.04033866,1973.9547,1822.2297,7895.8188,8047.5438,0.03361555,0.0342615,0.00168078,63.6720,71.2286,3.2736,143.0402,5.0692,3404.1435,43.6957,64.4793,63.5359,42.5677,43.0663,85.2079,124.7713,127.8119,154.8004,42.604,-41.336,2.967791,3.594466,1.478463,30,203,130,8,0.14604117,0.04201944,0.00608590,0E-8,0.000000,0.914292,0.640282,0.04207877,2026-03-23,2026-08-04,69,1947,1162,135,0.511111,1.014849,1.012680,0.486804,,,,,,,,GLOBAL_BASELINE_NO_ENTITY_RANKING,,,NOT_APPLICABLE_GLOBAL_BASELINE,HF9g-P5,,,,X 全窗基线 · 不参与实体赏罚,15050609,1506,A168_HF9F_20260827_0900,2026-08-27 09:00:00
2026-05-30,74657362,2171,0,86.1326442722,-86.1326442722,-86.1326442722,0E-7,1,1,0.49324550000000000,0.493245500000,-0.9865810262130424,-0.9865810262130424,-0.9865810262130424,0E-17,ELIGIBLE,R03b_20260811_FULL_v1,L1_ELIGIBILITY,v2026-08-11,2026-03-21..2026-08-06,baccarat_bet02_101_all_pairs_incl_sentinel,round_win = game_pnl > 0 (decisive only),COMPATIBILITY_ONLY_NOT_PRODUCTION,234885.8996,214754.2105,9869.7735,3689,3015,-0.04201944,-0.00608590,-0.04816467,-0.04201944,-9869.7735,234885.8996,OK,0.0000,394.7909,4.0000,96.0000,AG03-UNRESOLVED,ALL5_LEVELS_bet23_to_bet27,394.7909,394.7909,394.7909,394.7909,394.7909,4.000000,4.000000,4.000000,4.000000,4.000000,96.000000,96.000000,96.000000,96.000000,96.000000,5.0,1973.9547,1822.2297,7895.8188,8047.5438,PENDING_AG03,FALSE,NOT_FOR_ENFORCEMENT,9474.9825,206164.0421,9869.7735,9474.9825,394.7909,0.04201944,0.04033866,394.7909,9474.9825,0.04033866,394.7909,394.7909,394.7909,394.7909,394.7909,9474.9825,0.04033866,1973.9547,1822.2297,7895.8188,8047.5438,0.03361555,0.0342615,0.00168078,63.6720,71.2286,3.2736,143.0402,5.0692,3404.1435,43.6957,64.4793,63.5359,42.5677,43.0663,85.2079,124.7713,127.8119,154.8004,42.604,-41.336,2.967791,3.594466,1.478463,30,203,130,8,0.14604117,0.04201944,0.00608590,0E-8,0.000000,0.914292,0.640282,0.04207877,2026-03-23,2026-08-04,69,1947,1162,135,0.511111,1.014849,1.012680,0.486804,,,,,,,,GLOBAL_BASELINE_NO_ENTITY_RANKING,,,NOT_APPLICABLE_GLOBAL_BASELINE,HF9g-P5,,,,X 全窗基线 · 不参与实体赏罚,15050610,1506,A168_HF9F_20260827_0900,2026-08-27 09:00:00
2026-05-30,74657362,2196,0,86.1326442722,86.1326442722,86.1326442722,1.0000000,1,1,0.50665070000000000,0.506650700000,0.9867858985152569,0.9867858985152569,0.9867858985152569,0E-17,ELIGIBLE,R03b_20260811_FULL_v1,L1_ELIGIBILITY,v2026-08-11,2026-03-21..2026-08-06,baccarat_bet02_101_all_pairs_incl_sentinel,round_win = game_pnl > 0 (decisive only),COMPATIBILITY_ONLY_NOT_PRODUCTION,234885.8996,214754.2105,9869.7735,3689,3015,-0.04201944,-0.00608590,-0.04816467,-0.04201944,-9869.7735,234885.8996,OK,0.0000,394.7909,4.0000,96.0000,AG03-UNRESOLVED,ALL5_LEVELS_bet23_to_bet27,394.7909,394.7909,394.7909,394.7909,394.7909,4.000000,4.000000,4.000000,4.000000,4.000000,96.000000,96.000000,96.000000,96.000000,96.000000,5.0,1973.9547,1822.2297,7895.8188,8047.5438,PENDING_AG03,FALSE,NOT_FOR_ENFORCEMENT,9474.9825,206164.0421,9869.7735,9474.9825,394.7909,0.04201944,0.04033866,394.7909,9474.9825,0.04033866,394.7909,394.7909,394.7909,394.7909,394.7909,9474.9825,0.04033866,1973.9547,1822.2297,7895.8188,8047.5438,0.03361555,0.0342615,0.00168078,63.6720,71.2286,3.2736,143.0402,5.0692,3404.1435,43.6957,64.4793,63.5359,42.5677,43.0663,85.2079,124.7713,127.8119,154.8004,42.604,-41.336,2.967791,3.594466,1.478463,30,203,130,8,0.14604117,0.04201944,0.00608590,0E-8,0.000000,0.914292,0.640282,0.04207877,2026-03-23,2026-08-04,69,1947,1162,135,0.511111,1.014849,1.012680,0.486804,,,,,,,,GLOBAL_BASELINE_NO_ENTITY_RANKING,,,NOT_APPLICABLE_GLOBAL_BASELINE,HF9g-P5,,,,X 全窗基线 · 不参与实体赏罚,15050611,1506,A168_HF9F_20260827_0900,2026-08-27 09:00:00
2026-05-30,74657362,970,0,172.2652885444,-172.2652885444,-172.2652885444,0E-7,1,1,0.50665070000000000,0.506650700000,-1.013391052207602,-1.013391052207602,-1.013391052207602,0E-17,ELIGIBLE,R03b_20260811_FULL_v1,L1_ELIGIBILITY,v2026-08-11,2026-03-21..2026-08-06,baccarat_bet02_101_all_pairs_incl_sentinel,round_win = game_pnl > 0 (decisive only),COMPATIBILITY_ONLY_NOT_PRODUCTION,234885.8996,214754.2105,9869.7735,3689,3015,-0.04201944,-0.00608590,-0.04816467,-0.04201944,-9869.7735,234885.8996,OK,0.0000,394.7909,4.0000,96.0000,AG03-UNRESOLVED,ALL5_LEVELS_bet23_to_bet27,394.7909,394.7909,394.7909,394.7909,394.7909,4.000000,4.000000,4.000000,4.000000,4.000000,96.000000,96.000000,96.000000,96.000000,96.000000,5.0,1973.9547,1822.2297,7895.8188,8047.5438,PENDING_AG03,FALSE,NOT_FOR_ENFORCEMENT,9474.9825,206164.0421,9869.7735,9474.9825,394.7909,0.04201944,0.04033866,394.7909,9474.9825,0.04033866,394.7909,394.7909,394.7909,394.7909,394.7909,9474.9825,0.04033866,1973.9547,1822.2297,7895.8188,8047.5438,0.03361555,0.0342615,0.00168078,63.6720,71.2286,3.2736,143.0402,5.0692,3404.1435,43.6957,64.4793,63.5359,42.5677,43.0663,85.2079,124.7713,127.8119,154.8004,42.604,-41.336,2.967791,3.594466,1.478463,30,203,130,8,0.14604117,0.04201944,0.00608590,0E-8,0.000000,0.914292,0.640282,0.04207877,2026-03-23,2026-08-04,69,1947,1162,135,0.511111,1.014849,1.012680,0.486804,,,,,,,,GLOBAL_BASELINE_NO_ENTITY_RANKING,,,NOT_APPLICABLE_GLOBAL_BASELINE,HF9g-P5,,,,X 全窗基线 · 不参与实体赏罚,15050612,1506,A168_HF9F_20260827_0900,2026-08-27 09:00:00
2026-05-31,74657362,-1,1,427.8890104258,170.4158145876,170.4158145876,0.6666667,7,7,0.49324550000000000,0.493245500000,0.8496642703256836,0.8496642703256835,0.8496642703256836,0E-17,SENTINEL_DEALER,R03b_20260811_FULL_v1,L1_ELIGIBILITY,v2026-08-11,2026-03-21..2026-08-06,baccarat_bet02_101_all_pairs_incl_sentinel,round_win = game_pnl > 0 (decisive only),COMPATIBILITY_ONLY_NOT_PRODUCTION,234885.8996,214754.2105,9869.7735,3689,3015,-0.04201944,-0.00608590,-0.04816467,-0.04201944,-9869.7735,234885.8996,OK,0.0000,394.7909,4.0000,96.0000,AG03-UNRESOLVED,ALL5_LEVELS_bet23_to_bet27,394.7909,394.7909,394.7909,394.7909,394.7909,4.000000,4.000000,4.000000,4.000000,4.000000,96.000000,96.000000,96.000000,96.000000,96.000000,5.0,1973.9547,1822.2297,7895.8188,8047.5438,PENDING_AG03,FALSE,NOT_FOR_ENFORCEMENT,9474.9825,206164.0421,9869.7735,9474.9825,394.7909,0.04201944,0.04033866,394.7909,9474.9825,0.04033866,394.7909,394.7909,394.7909,394.7909,394.7909,9474.9825,0.04033866,1973.9547,1822.2297,7895.8188,8047.5438,0.03361555,0.0342615,0.00168078,63.6720,71.2286,3.2736,143.0402,5.0692,3404.1435,43.6957,64.4793,63.5359,42.5677,43.0663,85.2079,124.7713,127.8119,154.8004,42.604,-41.336,2.967791,3.594466,1.478463,30,203,130,8,0.14604117,0.04201944,0.00608590,0E-8,0.000000,0.914292,0.640282,0.04207877,2026-03-23,2026-08-04,69,1947,1162,135,0.511111,1.014849,1.012680,0.486804,,,,,,,,GLOBAL_BASELINE_NO_ENTITY_RANKING,,,NOT_APPLICABLE_GLOBAL_BASELINE,HF9g-P5,,,,X 全窗基线 · 不参与实体赏罚,15050613,1506,A168_HF9F_20260827_0900,2026-08-27 09:00:00
2026-05-31,74657362,1331,0,86.1326442722,86.1326442722,86.1326442722,1.0000000,1,1,0.49324550000000000,0.493245500000,1.01360149184955,1.01360149184955,1.01360149184955,0E-17,ELIGIBLE,R03b_20260811_FULL_v1,L1_ELIGIBILITY,v2026-08-11,2026-03-21..2026-08-06,baccarat_bet02_101_all_pairs_incl_sentinel,round_win = game_pnl > 0 (decisive only),COMPATIBILITY_ONLY_NOT_PRODUCTION,234885.8996,214754.2105,9869.7735,3689,3015,-0.04201944,-0.00608590,-0.04816467,-0.04201944,-9869.7735,234885.8996,OK,0.0000,394.7909,4.0000,96.0000,AG03-UNRESOLVED,ALL5_LEVELS_bet23_to_bet27,394.7909,394.7909,394.7909,394.7909,394.7909,4.000000,4.000000,4.000000,4.000000,4.000000,96.000000,96.000000,96.000000,96.000000,96.000000,5.0,1973.9547,1822.2297,7895.8188,8047.5438,PENDING_AG03,FALSE,NOT_FOR_ENFORCEMENT,9474.9825,206164.0421,9869.7735,9474.9825,394.7909,0.04201944,0.04033866,394.7909,9474.9825,0.04033866,394.7909,394.7909,394.7909,394.7909,394.7909,9474.9825,0.04033866,1973.9547,1822.2297,7895.8188,8047.5438,0.03361555,0.0342615,0.00168078,63.6720,71.2286,3.2736,143.0402,5.0692,3404.1435,43.6957,64.4793,63.5359,42.5677,43.0663,85.2079,124.7713,127.8119,154.8004,42.604,-41.336,2.967791,3.594466,1.478463,30,203,130,8,0.14604117,0.04201944,0.00608590,0E-8,0.000000,0.914292,0.640282,0.04207877,2026-03-23,2026-08-04,69,1947,1162,135,0.511111,1.014849,1.012680,0.486804,,,,,,,,GLOBAL_BASELINE_NO_ENTITY_RANKING,,,NOT_APPLICABLE_GLOBAL_BASELINE,HF9g-P5,,,,X 全窗基线 · 不参与实体赏罚,15050614,1506,A168_HF9F_20260827_0900,2026-08-27 09:00:00
2026-05-31,74657362,1401,0,85.2079072938,85.2079072938,85.2079072938,1.0000000,1,1,0.49324550000000000,0.493245500000,1.01360149184955,1.01360149184955,1.01360149184955,0E-17,ELIGIBLE,R03b_20260811_FULL_v1,L1_ELIGIBILITY,v2026-08-11,2026-03-21..2026-08-06,baccarat_bet02_101_all_pairs_incl_sentinel,round_win = game_pnl > 0 (decisive only),COMPATIBILITY_ONLY_NOT_PRODUCTION,234885.8996,214754.2105,9869.7735,3689,3015,-0.04201944,-0.00608590,-0.04816467,-0.04201944,-9869.7735,234885.8996,OK,0.0000,394.7909,4.0000,96.0000,AG03-UNRESOLVED,ALL5_LEVELS_bet23_to_bet27,394.7909,394.7909,394.7909,394.7909,394.7909,4.000000,4.000000,4.000000,4.000000,4.000000,96.000000,96.000000,96.000000,96.000000,96.000000,5.0,1973.9547,1822.2297,7895.8188,8047.5438,PENDING_AG03,FALSE,NOT_FOR_ENFORCEMENT,9474.9825,206164.0421,9869.7735,9474.9825,394.7909,0.04201944,0.04033866,394.7909,9474.9825,0.04033866,394.7909,394.7909,394.7909,394.7909,394.7909,9474.9825,0.04033866,1973.9547,1822.2297,7895.8188,8047.5438,0.03361555,0.0342615,0.00168078,63.6720,71.2286,3.2736,143.0402,5.0692,3404.1435,43.6957,64.4793,63.5359,42.5677,43.0663,85.2079,124.7713,127.8119,154.8004,42.604,-41.336,2.967791,3.594466,1.478463,30,203,130,8,0.14604117,0.04201944,0.00608590,0E-8,0.000000,0.914292,0.640282,0.04207877,2026-03-23,2026-08-04,69,1947,1162,135,0.511111,1.014849,1.012680,0.486804,,,,,,,,GLOBAL_BASELINE_NO_ENTITY_RANKING,,,NOT_APPLICABLE_GLOBAL_BASELINE,HF9g-P5,,,,X 全窗基线 · 不参与实体赏罚,15050615,1506,A168_HF9F_20260827_0900,2026-08-27 09:00:00
2026-05-31,74657362,1702,0,43.0663221361,-43.0663221361,-43.0663221361,0E-7,1,1,0.49324550000000000,0.493245500000,-0.9865810262130424,-0.9865810262130424,-0.9865810262130424,0E-17,ELIGIBLE,R03b_20260811_FULL_v1,L1_ELIGIBILITY,v2026-08-11,2026-03-21..2026-08-06,baccarat_bet02_101_all_pairs_incl_sentinel,round_win = game_pnl > 0 (decisive only),COMPATIBILITY_ONLY_NOT_PRODUCTION,234885.8996,214754.2105,9869.7735,3689,3015,-0.04201944,-0.00608590,-0.04816467,-0.04201944,-9869.7735,234885.8996,OK,0.0000,394.7909,4.0000,96.0000,AG03-UNRESOLVED,ALL5_LEVELS_bet23_to_bet27,394.7909,394.7909,394.7909,394.7909,394.7909,4.000000,4.000000,4.000000,4.000000,4.000000,96.000000,96.000000,96.000000,96.000000,96.000000,5.0,1973.9547,1822.2297,7895.8188,8047.5438,PENDING_AG03,FALSE,NOT_FOR_ENFORCEMENT,9474.9825,206164.0421,9869.7735,9474.9825,394.7909,0.04201944,0.04033866,394.7909,9474.9825,0.04033866,394.7909,394.7909,394.7909,394.7909,394.7909,9474.9825,0.04033866,1973.9547,1822.2297,7895.8188,8047.5438,0.03361555,0.0342615,0.00168078,63.6720,71.2286,3.2736,143.0402,5.0692,3404.1435,43.6957,64.4793,63.5359,42.5677,43.0663,85.2079,124.7713,127.8119,154.8004,42.604,-41.336,2.967791,3.594466,1.478463,30,203,130,8,0.14604117,0.04201944,0.00608590,0E-8,0.000000,0.914292,0.640282,0.04207877,2026-03-23,2026-08-04,69,1947,1162,135,0.511111,1.014849,1.012680,0.486804,,,,,,,,GLOBAL_BASELINE_NO_ENTITY_RANKING,,,NOT_APPLICABLE_GLOBAL_BASELINE,HF9g-P5,,,,X 全窗基线 · 不参与实体赏罚,15050616,1506,A168_HF9F_20260827_0900,2026-08-27 09:00:00
2026-05-31,74657362,1940,0,43.0663221361,0E-10,0E-10,,1,1,0.49324550000000000,0.493245500000,,,,0E-17,NO_DECISIVE_ROUND,R03b_20260811_FULL_v1,L1_ELIGIBILITY,v2026-08-11,2026-03-21..2026-08-06,baccarat_bet02_101_all_pairs_incl_sentinel,round_win = game_pnl > 0 (decisive only),COMPATIBILITY_ONLY_NOT_PRODUCTION,234885.8996,214754.2105,9869.7735,3689,3015,-0.04201944,-0.00608590,-0.04816467,-0.04201944,-9869.7735,234885.8996,OK,0.0000,394.7909,4.0000,96.0000,AG03-UNRESOLVED,ALL5_LEVELS_bet23_to_bet27,394.7909,394.7909,394.7909,394.7909,394.7909,4.000000,4.000000,4.000000,4.000000,4.000000,96.000000,96.000000,96.000000,96.000000,96.000000,5.0,1973.9547,1822.2297,7895.8188,8047.5438,PENDING_AG03,FALSE,NOT_FOR_ENFORCEMENT,9474.9825,206164.0421,9869.7735,9474.9825,394.7909,0.04201944,0.04033866,394.7909,9474.9825,0.04033866,394.7909,394.7909,394.7909,394.7909,394.7909,9474.9825,0.04033866,1973.9547,1822.2297,7895.8188,8047.5438,0.03361555,0.0342615,0.00168078,63.6720,71.2286,3.2736,143.0402,5.0692,3404.1435,43.6957,64.4793,63.5359,42.5677,43.0663,85.2079,124.7713,127.8119,154.8004,42.604,-41.336,2.967791,3.594466,1.478463,30,203,130,8,0.14604117,0.04201944,0.00608590,0E-8,0.000000,0.914292,0.640282,0.04207877,2026-03-23,2026-08-04,69,1947,1162,135,0.511111,1.014849,1.012680,0.486804,,,,,,,,GLOBAL_BASELINE_NO_ENTITY_RANKING,,,NOT_APPLICABLE_GLOBAL_BASELINE,HF9g-P5,,,,X 全窗基线 · 不参与实体赏罚,15050617,1506,A168_HF9F_20260827_0900,2026-08-27 09:00:00
2026-05-31,74657362,1963,0,170.4158145876,0E-10,0E-10,0.5000000,2,2,0.49324550000000000,0.493245500000,0.01910635448239258,0.01910635448239258,0.01910635448239258,0E-17,ELIGIBLE,R03b_20260811_FULL_v1,L1_ELIGIBILITY,v2026-08-11,2026-03-21..2026-08-06,baccarat_bet02_101_all_pairs_incl_sentinel,round_win = game_pnl > 0 (decisive only),COMPATIBILITY_ONLY_NOT_PRODUCTION,234885.8996,214754.2105,9869.7735,3689,3015,-0.04201944,-0.00608590,-0.04816467,-0.04201944,-9869.7735,234885.8996,OK,0.0000,394.7909,4.0000,96.0000,AG03-UNRESOLVED,ALL5_LEVELS_bet23_to_bet27,394.7909,394.7909,394.7909,394.7909,394.7909,4.000000,4.000000,4.000000,4.000000,4.000000,96.000000,96.000000,96.000000,96.000000,96.000000,5.0,1973.9547,1822.2297,7895.8188,8047.5438,PENDING_AG03,FALSE,NOT_FOR_ENFORCEMENT,9474.9825,206164.0421,9869.7735,9474.9825,394.7909,0.04201944,0.04033866,394.7909,9474.9825,0.04033866,394.7909,394.7909,394.7909,394.7909,394.7909,9474.9825,0.04033866,1973.9547,1822.2297,7895.8188,8047.5438,0.03361555,0.0342615,0.00168078,63.6720,71.2286,3.2736,143.0402,5.0692,3404.1435,43.6957,64.4793,63.5359,42.5677,43.0663,85.2079,124.7713,127.8119,154.8004,42.604,-41.336,2.967791,3.594466,1.478463,30,203,130,8,0.14604117,0.04201944,0.00608590,0E-8,0.000000,0.914292,0.640282,0.04207877,2026-03-23,2026-08-04,69,1947,1162,135,0.511111,1.014849,1.012680,0.486804,,,,,,,,GLOBAL_BASELINE_NO_ENTITY_RANKING,,,NOT_APPLICABLE_GLOBAL_BASELINE,HF9g-P5,,,,X 全窗基线 · 不参与实体赏罚,15050618,1506,A168_HF9F_20260827_0900,2026-08-27 09:00:00
2026-05-31,74657362,2093,0,85.2079072938,85.2079072938,85.2079072938,1.0000000,1,1,0.49324550000000000,0.493245500000,1.01360149184955,1.01360149184955,1.01360149184955,0E-17,ELIGIBLE,R03b_20260811_FULL_v1,L1_ELIGIBILITY,v2026-08-11,2026-03-21..2026-08-06,baccarat_bet02_101_all_pairs_incl_sentinel,round_win = game_pnl > 0 (decisive only),COMPATIBILITY_ONLY_NOT_PRODUCTION,234885.8996,214754.2105,9869.7735,3689,3015,-0.04201944,-0.00608590,-0.04816467,-0.04201944,-9869.7735,234885.8996,OK,0.0000,394.7909,4.0000,96.0000,AG03-UNRESOLVED,ALL5_LEVELS_bet23_to_bet27,394.7909,394.7909,394.7909,394.7909,394.7909,4.000000,4.000000,4.000000,4.000000,4.000000,96.000000,96.000000,96.000000,96.000000,96.000000,5.0,1973.9547,1822.2297,7895.8188,8047.5438,PENDING_AG03,FALSE,NOT_FOR_ENFORCEMENT,9474.9825,206164.0421,9869.7735,9474.9825,394.7909,0.04201944,0.04033866,394.7909,9474.9825,0.04033866,394.7909,394.7909,394.7909,394.7909,394.7909,9474.9825,0.04033866,1973.9547,1822.2297,7895.8188,8047.5438,0.03361555,0.0342615,0.00168078,63.6720,71.2286,3.2736,143.0402,5.0692,3404.1435,43.6957,64.4793,63.5359,42.5677,43.0663,85.2079,124.7713,127.8119,154.8004,42.604,-41.336,2.967791,3.594466,1.478463,30,203,130,8,0.14604117,0.04201944,0.00608590,0E-8,0.000000,0.914292,0.640282,0.04207877,2026-03-23,2026-08-04,69,1947,1162,135,0.511111,1.014849,1.012680,0.486804,,,,,,,,GLOBAL_BASELINE_NO_ENTITY_RANKING,,,NOT_APPLICABLE_GLOBAL_BASELINE,HF9g-P5,,,,X 全窗基线 · 不参与实体赏罚,15050619,1506,A168_HF9F_20260827_0900,2026-08-27 09:00:00
2026-05-31,74657362,2151,0,43.0663221361,-43.0663221361,-43.0663221361,0E-7,1,1,0.49324550000000000,0.493245500000,-0.9865810262130424,-0.9865810262130424,-0.9865810262130424,0E-17,ELIGIBLE,R03b_20260811_FULL_v1,L1_ELIGIBILITY,v2026-08-11,2026-03-21..2026-08-06,baccarat_bet02_101_all_pairs_incl_sentinel,round_win = game_pnl > 0 (decisive only),COMPATIBILITY_ONLY_NOT_PRODUCTION,234885.8996,214754.2105,9869.7735,3689,3015,-0.04201944,-0.00608590,-0.04816467,-0.04201944,-9869.7735,234885.8996,OK,0.0000,394.7909,4.0000,96.0000,AG03-UNRESOLVED,ALL5_LEVELS_bet23_to_bet27,394.7909,394.7909,394.7909,394.7909,394.7909,4.000000,4.000000,4.000000,4.000000,4.000000,96.000000,96.000000,96.000000,96.000000,96.000000,5.0,1973.9547,1822.2297,7895.8188,8047.5438,PENDING_AG03,FALSE,NOT_FOR_ENFORCEMENT,9474.9825,206164.0421,9869.7735,9474.9825,394.7909,0.04201944,0.04033866,394.7909,9474.9825,0.04033866,394.7909,394.7909,394.7909,394.7909,394.7909,9474.9825,0.04033866,1973.9547,1822.2297,7895.8188,8047.5438,0.03361555,0.0342615,0.00168078,63.6720,71.2286,3.2736,143.0402,5.0692,3404.1435,43.6957,64.4793,63.5359,42.5677,43.0663,85.2079,124.7713,127.8119,154.8004,42.604,-41.336,2.967791,3.594466,1.478463,30,203,130,8,0.14604117,0.04201944,0.00608590,0E-8,0.000000,0.914292,0.640282,0.04207877,2026-03-23,2026-08-04,69,1947,1162,135,0.511111,1.014849,1.012680,0.486804,,,,,,,,GLOBAL_BASELINE_NO_ENTITY_RANKING,,,NOT_APPLICABLE_GLOBAL_BASELINE,HF9g-P5,,,,X 全窗基线 · 不参与实体赏罚,15050620,1506,A168_HF9F_20260827_0900,2026-08-27 09:00:00
2026-05-31,74657362,2196,0,172.2652885444,43.0663221361,43.0663221361,0.6666667,3,3,0.49771390000000000,0.497713900000,0.5852756695216578,0.5852756695216578,0.5852756695216578,0E-17,ELIGIBLE,R03b_20260811_FULL_v1,L1_ELIGIBILITY,v2026-08-11,2026-03-21..2026-08-06,baccarat_bet02_101_all_pairs_incl_sentinel,round_win = game_pnl > 0 (decisive only),COMPATIBILITY_ONLY_NOT_PRODUCTION,234885.8996,214754.2105,9869.7735,3689,3015,-0.04201944,-0.00608590,-0.04816467,-0.04201944,-9869.7735,234885.8996,OK,0.0000,394.7909,4.0000,96.0000,AG03-UNRESOLVED,ALL5_LEVELS_bet23_to_bet27,394.7909,394.7909,394.7909,394.7909,394.7909,4.000000,4.000000,4.000000,4.000000,4.000000,96.000000,96.000000,96.000000,96.000000,96.000000,5.0,1973.9547,1822.2297,7895.8188,8047.5438,PENDING_AG03,FALSE,NOT_FOR_ENFORCEMENT,9474.9825,206164.0421,9869.7735,9474.9825,394.7909,0.04201944,0.04033866,394.7909,9474.9825,0.04033866,394.7909,394.7909,394.7909,394.7909,394.7909,9474.9825,0.04033866,1973.9547,1822.2297,7895.8188,8047.5438,0.03361555,0.0342615,0.00168078,63.6720,71.2286,3.2736,143.0402,5.0692,3404.1435,43.6957,64.4793,63.5359,42.5677,43.0663,85.2079,124.7713,127.8119,154.8004,42.604,-41.336,2.967791,3.594466,1.478463,30,203,130,8,0.14604117,0.04201944,0.00608590,0E-8,0.000000,0.914292,0.640282,0.04207877,2026-03-23,2026-08-04,69,1947,1162,135,0.511111,1.014849,1.012680,0.486804,,,,,,,,GLOBAL_BASELINE_NO_ENTITY_RANKING,,,NOT_APPLICABLE_GLOBAL_BASELINE,HF9g-P5,,,,X 全窗基线 · 不参与实体赏罚,15050621,1506,A168_HF9F_20260827_0900,2026-08-27 09:00:00
2026-05-31,74657362,2201,0,127.8118609407,42.6039536469,42.6039536469,0.5000000,2,2,0.49324550000000000,0.493245500000,0.01910635448239258,0.01910635448239258,0.01910635448239258,0E-17,ELIGIBLE,R03b_20260811_FULL_v1,L1_ELIGIBILITY,v2026-08-11,2026-03-21..2026-08-06,baccarat_bet02_101_all_pairs_incl_sentinel,round_win = game_pnl > 0 (decisive only),COMPATIBILITY_ONLY_NOT_PRODUCTION,234885.8996,214754.2105,9869.7735,3689,3015,-0.04201944,-0.00608590,-0.04816467,-0.04201944,-9869.7735,234885.8996,OK,0.0000,394.7909,4.0000,96.0000,AG03-UNRESOLVED,ALL5_LEVELS_bet23_to_bet27,394.7909,394.7909,394.7909,394.7909,394.7909,4.000000,4.000000,4.000000,4.000000,4.000000,96.000000,96.000000,96.000000,96.000000,96.000000,5.0,1973.9547,1822.2297,7895.8188,8047.5438,PENDING_AG03,FALSE,NOT_FOR_ENFORCEMENT,9474.9825,206164.0421,9869.7735,9474.9825,394.7909,0.04201944,0.04033866,394.7909,9474.9825,0.04033866,394.7909,394.7909,394.7909,394.7909,394.7909,9474.9825,0.04033866,1973.9547,1822.2297,7895.8188,8047.5438,0.03361555,0.0342615,0.00168078,63.6720,71.2286,3.2736,143.0402,5.0692,3404.1435,43.6957,64.4793,63.5359,42.5677,43.0663,85.2079,124.7713,127.8119,154.8004,42.604,-41.336,2.967791,3.594466,1.478463,30,203,130,8,0.14604117,0.04201944,0.00608590,0E-8,0.000000,0.914292,0.640282,0.04207877,2026-03-23,2026-08-04,69,1947,1162,135,0.511111,1.014849,1.012680,0.486804,,,,,,,,GLOBAL_BASELINE_NO_ENTITY_RANKING,,,NOT_APPLICABLE_GLOBAL_BASELINE,HF9g-P5,,,,X 全窗基线 · 不参与实体赏罚,15050622,1506,A168_HF9F_20260827_0900,2026-08-27 09:00:00
2026-05-31,74657362,2212,0,170.4158145876,0E-10,0E-10,0.5000000,2,2,0.49324550000000000,0.493245500000,0.01910635448239258,0.01910635448239258,0.01910635448239258,0E-17,ELIGIBLE,R03b_20260811_FULL_v1,L1_ELIGIBILITY,v2026-08-11,2026-03-21..2026-08-06,baccarat_bet02_101_all_pairs_incl_sentinel,round_win = game_pnl > 0 (decisive only),COMPATIBILITY_ONLY_NOT_PRODUCTION,234885.8996,214754.2105,9869.7735,3689,3015,-0.04201944,-0.00608590,-0.04816467,-0.04201944,-9869.7735,234885.8996,OK,0.0000,394.7909,4.0000,96.0000,AG03-UNRESOLVED,ALL5_LEVELS_bet23_to_bet27,394.7909,394.7909,394.7909,394.7909,394.7909,4.000000,4.000000,4.000000,4.000000,4.000000,96.000000,96.000000,96.000000,96.000000,96.000000,5.0,1973.9547,1822.2297,7895.8188,8047.5438,PENDING_AG03,FALSE,NOT_FOR_ENFORCEMENT,9474.9825,206164.0421,9869.7735,9474.9825,394.7909,0.04201944,0.04033866,394.7909,9474.9825,0.04033866,394.7909,394.7909,394.7909,394.7909,394.7909,9474.9825,0.04033866,1973.9547,1822.2297,7895.8188,8047.5438,0.03361555,0.0342615,0.00168078,63.6720,71.2286,3.2736,143.0402,5.0692,3404.1435,43.6957,64.4793,63.5359,42.5677,43.0663,85.2079,124.7713,127.8119,154.8004,42.604,-41.336,2.967791,3.594466,1.478463,30,203,130,8,0.14604117,0.04201944,0.00608590,0E-8,0.000000,0.914292,0.640282,0.04207877,2026-03-23,2026-08-04,69,1947,1162,135,0.511111,1.014849,1.012680,0.486804,,,,,,,,GLOBAL_BASELINE_NO_ENTITY_RANKING,,,NOT_APPLICABLE_GLOBAL_BASELINE,HF9g-P5,,,,X 全窗基线 · 不参与实体赏罚,15050623,1506,A168_HF9F_20260827_0900,2026-08-27 09:00:00
2026-05-31,74657362,2216,0,94.7459086994,-8.6132644272,-8.6132644272,0.5000000,3,2,0.45894066666673305,0.390331000000,0.11652689486669633,0.31793277647471735,0.11652689486669633,0.06860966666673305,ELIGIBLE,R03b_20260811_FULL_v1,L1_ELIGIBILITY,v2026-08-11,2026-03-21..2026-08-06,baccarat_bet02_101_all_pairs_incl_sentinel,round_win = game_pnl > 0 (decisive only),COMPATIBILITY_ONLY_NOT_PRODUCTION,234885.8996,214754.2105,9869.7735,3689,3015,-0.04201944,-0.00608590,-0.04816467,-0.04201944,-9869.7735,234885.8996,OK,0.0000,394.7909,4.0000,96.0000,AG03-UNRESOLVED,ALL5_LEVELS_bet23_to_bet27,394.7909,394.7909,394.7909,394.7909,394.7909,4.000000,4.000000,4.000000,4.000000,4.000000,96.000000,96.000000,96.000000,96.000000,96.000000,5.0,1973.9547,1822.2297,7895.8188,8047.5438,PENDING_AG03,FALSE,NOT_FOR_ENFORCEMENT,9474.9825,206164.0421,9869.7735,9474.9825,394.7909,0.04201944,0.04033866,394.7909,9474.9825,0.04033866,394.7909,394.7909,394.7909,394.7909,394.7909,9474.9825,0.04033866,1973.9547,1822.2297,7895.8188,8047.5438,0.03361555,0.0342615,0.00168078,63.6720,71.2286,3.2736,143.0402,5.0692,3404.1435,43.6957,64.4793,63.5359,42.5677,43.0663,85.2079,124.7713,127.8119,154.8004,42.604,-41.336,2.967791,3.594466,1.478463,30,203,130,8,0.14604117,0.04201944,0.00608590,0E-8,0.000000,0.914292,0.640282,0.04207877,2026-03-23,2026-08-04,69,1947,1162,135,0.511111,1.014849,1.012680,0.486804,,,,,,,,GLOBAL_BASELINE_NO_ENTITY_RANKING,,,NOT_APPLICABLE_GLOBAL_BASELINE,HF9g-P5,,,,X 全窗基线 · 不参与实体赏罚,15050624,1506,A168_HF9F_20260827_0900,2026-08-27 09:00:00
2026-05-31,74657362,2222,0,43.0663221361,0E-10,0E-10,,1,1,0.49324550000000000,0.493245500000,,,,0E-17,NO_DECISIVE_ROUND,R03b_20260811_FULL_v1,L1_ELIGIBILITY,v2026-08-11,2026-03-21..2026-08-06,baccarat_bet02_101_all_pairs_incl_sentinel,round_win = game_pnl > 0 (decisive only),COMPATIBILITY_ONLY_NOT_PRODUCTION,234885.8996,214754.2105,9869.7735,3689,3015,-0.04201944,-0.00608590,-0.04816467,-0.04201944,-9869.7735,234885.8996,OK,0.0000,394.7909,4.0000,96.0000,AG03-UNRESOLVED,ALL5_LEVELS_bet23_to_bet27,394.7909,394.7909,394.7909,394.7909,394.7909,4.000000,4.000000,4.000000,4.000000,4.000000,96.000000,96.000000,96.000000,96.000000,96.000000,5.0,1973.9547,1822.2297,7895.8188,8047.5438,PENDING_AG03,FALSE,NOT_FOR_ENFORCEMENT,9474.9825,206164.0421,9869.7735,9474.9825,394.7909,0.04201944,0.04033866,394.7909,9474.9825,0.04033866,394.7909,394.7909,394.7909,394.7909,394.7909,9474.9825,0.04033866,1973.9547,1822.2297,7895.8188,8047.5438,0.03361555,0.0342615,0.00168078,63.6720,71.2286,3.2736,143.0402,5.0692,3404.1435,43.6957,64.4793,63.5359,42.5677,43.0663,85.2079,124.7713,127.8119,154.8004,42.604,-41.336,2.967791,3.594466,1.478463,30,203,130,8,0.14604117,0.04201944,0.00608590,0E-8,0.000000,0.914292,0.640282,0.04207877,2026-03-23,2026-08-04,69,1947,1162,135,0.511111,1.014849,1.012680,0.486804,,,,,,,,GLOBAL_BASELINE_NO_ENTITY_RANKING,,,NOT_APPLICABLE_GLOBAL_BASELINE,HF9g-P5,,,,X 全窗基线 · 不参与实体赏罚,15050625,1506,A168_HF9F_20260827_0900,2026-08-27 09:00:00
2026-05-31,74657362,2242,0,85.2079072938,-85.2079072938,-85.2079072938,0E-7,1,1,0.49324550000000000,0.493245500000,-0.9865810262130424,-0.9865810262130424,-0.9865810262130424,0E-17,ELIGIBLE,R03b_20260811_FULL_v1,L1_ELIGIBILITY,v2026-08-11,2026-03-21..2026-08-06,baccarat_bet02_101_all_pairs_incl_sentinel,round_win = game_pnl > 0 (decisive only),COMPATIBILITY_ONLY_NOT_PRODUCTION,234885.8996,214754.2105,9869.7735,3689,3015,-0.04201944,-0.00608590,-0.04816467,-0.04201944,-9869.7735,234885.8996,OK,0.0000,394.7909,4.0000,96.0000,AG03-UNRESOLVED,ALL5_LEVELS_bet23_to_bet27,394.7909,394.7909,394.7909,394.7909,394.7909,4.000000,4.000000,4.000000,4.000000,4.000000,96.000000,96.000000,96.000000,96.000000,96.000000,5.0,1973.9547,1822.2297,7895.8188,8047.5438,PENDING_AG03,FALSE,NOT_FOR_ENFORCEMENT,9474.9825,206164.0421,9869.7735,9474.9825,394.7909,0.04201944,0.04033866,394.7909,9474.9825,0.04033866,394.7909,394.7909,394.7909,394.7909,394.7909,9474.9825,0.04033866,1973.9547,1822.2297,7895.8188,8047.5438,0.03361555,0.0342615,0.00168078,63.6720,71.2286,3.2736,143.0402,5.0692,3404.1435,43.6957,64.4793,63.5359,42.5677,43.0663,85.2079,124.7713,127.8119,154.8004,42.604,-41.336,2.967791,3.594466,1.478463,30,203,130,8,0.14604117,0.04201944,0.00608590,0E-8,0.000000,0.914292,0.640282,0.04207877,2026-03-23,2026-08-04,69,1947,1162,135,0.511111,1.014849,1.012680,0.486804,,,,,,,,GLOBAL_BASELINE_NO_ENTITY_RANKING,,,NOT_APPLICABLE_GLOBAL_BASELINE,HF9g-P5,,,,X 全窗基线 · 不参与实体赏罚,15050626,1506,A168_HF9F_20260827_0900,2026-08-27 09:00:00
2026-05-31,74657362,2252,0,129.1989664083,43.0663221361,43.0663221361,0.5000000,2,2,0.49324550000000000,0.493245500000,0.01910635448239258,0.01910635448239258,0.01910635448239258,0E-17,ELIGIBLE,R03b_20260811_FULL_v1,L1_ELIGIBILITY,v2026-08-11,2026-03-21..2026-08-06,baccarat_bet02_101_all_pairs_incl_sentinel,round_win = game_pnl > 0 (decisive only),COMPATIBILITY_ONLY_NOT_PRODUCTION,234885.8996,214754.2105,9869.7735,3689,3015,-0.04201944,-0.00608590,-0.04816467,-0.04201944,-9869.7735,234885.8996,OK,0.0000,394.7909,4.0000,96.0000,AG03-UNRESOLVED,ALL5_LEVELS_bet23_to_bet27,394.7909,394.7909,394.7909,394.7909,394.7909,4.000000,4.000000,4.000000,4.000000,4.000000,96.000000,96.000000,96.000000,96.000000,96.000000,5.0,1973.9547,1822.2297,7895.8188,8047.5438,PENDING_AG03,FALSE,NOT_FOR_ENFORCEMENT,9474.9825,206164.0421,9869.7735,9474.9825,394.7909,0.04201944,0.04033866,394.7909,9474.9825,0.04033866,394.7909,394.7909,394.7909,394.7909,394.7909,9474.9825,0.04033866,1973.9547,1822.2297,7895.8188,8047.5438,0.03361555,0.0342615,0.00168078,63.6720,71.2286,3.2736,143.0402,5.0692,3404.1435,43.6957,64.4793,63.5359,42.5677,43.0663,85.2079,124.7713,127.8119,154.8004,42.604,-41.336,2.967791,3.594466,1.478463,30,203,130,8,0.14604117,0.04201944,0.00608590,0E-8,0.000000,0.914292,0.640282,0.04207877,2026-03-23,2026-08-04,69,1947,1162,135,0.511111,1.014849,1.012680,0.486804,,,,,,,,GLOBAL_BASELINE_NO_ENTITY_RANKING,,,NOT_APPLICABLE_GLOBAL_BASELINE,HF9g-P5,,,,X 全窗基线 · 不参与实体赏罚,15050627,1506,A168_HF9F_20260827_0900,2026-08-27 09:00:00
2026-05-31,74657362,919,0,43.0663221361,-43.0663221361,-43.0663221361,0E-7,1,1,0.49324550000000000,0.493245500000,-0.9865810262130424,-0.9865810262130424,-0.9865810262130424,0E-17,ELIGIBLE,R03b_20260811_FULL_v1,L1_ELIGIBILITY,v2026-08-11,2026-03-21..2026-08-06,baccarat_bet02_101_all_pairs_incl_sentinel,round_win = game_pnl > 0 (decisive only),COMPATIBILITY_ONLY_NOT_PRODUCTION,234885.8996,214754.2105,9869.7735,3689,3015,-0.04201944,-0.00608590,-0.04816467,-0.04201944,-9869.7735,234885.8996,OK,0.0000,394.7909,4.0000,96.0000,AG03-UNRESOLVED,ALL5_LEVELS_bet23_to_bet27,394.7909,394.7909,394.7909,394.7909,394.7909,4.000000,4.000000,4.000000,4.000000,4.000000,96.000000,96.000000,96.000000,96.000000,96.000000,5.0,1973.9547,1822.2297,7895.8188,8047.5438,PENDING_AG03,FALSE,NOT_FOR_ENFORCEMENT,9474.9825,206164.0421,9869.7735,9474.9825,394.7909,0.04201944,0.04033866,394.7909,9474.9825,0.04033866,394.7909,394.7909,394.7909,394.7909,394.7909,9474.9825,0.04033866,1973.9547,1822.2297,7895.8188,8047.5438,0.03361555,0.0342615,0.00168078,63.6720,71.2286,3.2736,143.0402,5.0692,3404.1435,43.6957,64.4793,63.5359,42.5677,43.0663,85.2079,124.7713,127.8119,154.8004,42.604,-41.336,2.967791,3.594466,1.478463,30,203,130,8,0.14604117,0.04201944,0.00608590,0E-8,0.000000,0.914292,0.640282,0.04207877,2026-03-23,2026-08-04,69,1947,1162,135,0.511111,1.014849,1.012680,0.486804,,,,,,,,GLOBAL_BASELINE_NO_ENTITY_RANKING,,,NOT_APPLICABLE_GLOBAL_BASELINE,HF9g-P5,,,,X 全窗基线 · 不参与实体赏罚,15050628,1506,A168_HF9F_20260827_0900,2026-08-27 09:00:00
2026-06-01,74657362,-1,1,255.6237218814,0E-10,0E-10,0.6666667,3,3,0.49771390000000000,0.497713900000,0.5852756695216578,0.5852756695216578,0.5852756695216578,0E-17,SENTINEL_DEALER,R03b_20260811_FULL_v1,L1_ELIGIBILITY,v2026-08-11,2026-03-21..2026-08-06,baccarat_bet02_101_all_pairs_incl_sentinel,round_win = game_pnl > 0 (decisive only),COMPATIBILITY_ONLY_NOT_PRODUCTION,234885.8996,214754.2105,9869.7735,3689,3015,-0.04201944,-0.00608590,-0.04816467,-0.04201944,-9869.7735,234885.8996,OK,0.0000,394.7909,4.0000,96.0000,AG03-UNRESOLVED,ALL5_LEVELS_bet23_to_bet27,394.7909,394.7909,394.7909,394.7909,394.7909,4.000000,4.000000,4.000000,4.000000,4.000000,96.000000,96.000000,96.000000,96.000000,96.000000,5.0,1973.9547,1822.2297,7895.8188,8047.5438,PENDING_AG03,FALSE,NOT_FOR_ENFORCEMENT,9474.9825,206164.0421,9869.7735,9474.9825,394.7909,0.04201944,0.04033866,394.7909,9474.9825,0.04033866,394.7909,394.7909,394.7909,394.7909,394.7909,9474.9825,0.04033866,1973.9547,1822.2297,7895.8188,8047.5438,0.03361555,0.0342615,0.00168078,63.6720,71.2286,3.2736,143.0402,5.0692,3404.1435,43.6957,64.4793,63.5359,42.5677,43.0663,85.2079,124.7713,127.8119,154.8004,42.604,-41.336,2.967791,3.594466,1.478463,30,203,130,8,0.14604117,0.04201944,0.00608590,0E-8,0.000000,0.914292,0.640282,0.04207877,2026-03-23,2026-08-04,69,1947,1162,135,0.511111,1.014849,1.012680,0.486804,,,,,,,,GLOBAL_BASELINE_NO_ENTITY_RANKING,,,NOT_APPLICABLE_GLOBAL_BASELINE,HF9g-P5,,,,X 全窗基线 · 不参与实体赏罚,15050629,1506,A168_HF9F_20260827_0900,2026-08-27 09:00:00
2026-06-01,74657362,1094,0,42.6039536469,-42.6039536469,-42.6039536469,0E-7,1,1,0.49324550000000000,0.493245500000,-0.9865810262130424,-0.9865810262130424,-0.9865810262130424,0E-17,ELIGIBLE,R03b_20260811_FULL_v1,L1_ELIGIBILITY,v2026-08-11,2026-03-21..2026-08-06,baccarat_bet02_101_all_pairs_incl_sentinel,round_win = game_pnl > 0 (decisive only),COMPATIBILITY_ONLY_NOT_PRODUCTION,234885.8996,214754.2105,9869.7735,3689,3015,-0.04201944,-0.00608590,-0.04816467,-0.04201944,-9869.7735,234885.8996,OK,0.0000,394.7909,4.0000,96.0000,AG03-UNRESOLVED,ALL5_LEVELS_bet23_to_bet27,394.7909,394.7909,394.7909,394.7909,394.7909,4.000000,4.000000,4.000000,4.000000,4.000000,96.000000,96.000000,96.000000,96.000000,96.000000,5.0,1973.9547,1822.2297,7895.8188,8047.5438,PENDING_AG03,FALSE,NOT_FOR_ENFORCEMENT,9474.9825,206164.0421,9869.7735,9474.9825,394.7909,0.04201944,0.04033866,394.7909,9474.9825,0.04033866,394.7909,394.7909,394.7909,394.7909,394.7909,9474.9825,0.04033866,1973.9547,1822.2297,7895.8188,8047.5438,0.03361555,0.0342615,0.00168078,63.6720,71.2286,3.2736,143.0402,5.0692,3404.1435,43.6957,64.4793,63.5359,42.5677,43.0663,85.2079,124.7713,127.8119,154.8004,42.604,-41.336,2.967791,3.594466,1.478463,30,203,130,8,0.14604117,0.04201944,0.00608590,0E-8,0.000000,0.914292,0.640282,0.04207877,2026-03-23,2026-08-04,69,1947,1162,135,0.511111,1.014849,1.012680,0.486804,,,,,,,,GLOBAL_BASELINE_NO_ENTITY_RANKING,,,NOT_APPLICABLE_GLOBAL_BASELINE,HF9g-P5,,,,X 全窗基线 · 不参与实体赏罚,15050630,1506,A168_HF9F_20260827_0900,2026-08-27 09:00:00
2026-06-01,74657362,1331,0,170.4158145876,-170.4158145876,-170.4158145876,0E-7,1,1,0.49324550000000000,0.493245500000,-0.9865810262130424,-0.9865810262130424,-0.9865810262130424,0E-17,ELIGIBLE,R03b_20260811_FULL_v1,L1_ELIGIBILITY,v2026-08-11,2026-03-21..2026-08-06,baccarat_bet02_101_all_pairs_incl_sentinel,round_win = game_pnl > 0 (decisive only),COMPATIBILITY_ONLY_NOT_PRODUCTION,234885.8996,214754.2105,9869.7735,3689,3015,-0.04201944,-0.00608590,-0.04816467,-0.04201944,-9869.7735,234885.8996,OK,0.0000,394.7909,4.0000,96.0000,AG03-UNRESOLVED,ALL5_LEVELS_bet23_to_bet27,394.7909,394.7909,394.7909,394.7909,394.7909,4.000000,4.000000,4.000000,4.000000,4.000000,96.000000,96.000000,96.000000,96.000000,96.000000,5.0,1973.9547,1822.2297,7895.8188,8047.5438,PENDING_AG03,FALSE,NOT_FOR_ENFORCEMENT,9474.9825,206164.0421,9869.7735,9474.9825,394.7909,0.04201944,0.04033866,394.7909,9474.9825,0.04033866,394.7909,394.7909,394.7909,394.7909,394.7909,9474.9825,0.04033866,1973.9547,1822.2297,7895.8188,8047.5438,0.03361555,0.0342615,0.00168078,63.6720,71.2286,3.2736,143.0402,5.0692,3404.1435,43.6957,64.4793,63.5359,42.5677,43.0663,85.2079,124.7713,127.8119,154.8004,42.604,-41.336,2.967791,3.594466,1.478463,30,203,130,8,0.14604117,0.04201944,0.00608590,0E-8,0.000000,0.914292,0.640282,0.04207877,2026-03-23,2026-08-04,69,1947,1162,135,0.511111,1.014849,1.012680,0.486804,,,,,,,,GLOBAL_BASELINE_NO_ENTITY_RANKING,,,NOT_APPLICABLE_GLOBAL_BASELINE,HF9g-P5,,,,X 全窗基线 · 不参与实体赏罚,15050631,1506,A168_HF9F_20260827_0900,2026-08-27 09:00:00
2026-06-01,74657362,1623,0,127.8118609407,-42.6039536469,-42.6039536469,0.3333333,3,3,0.49771390000000000,0.497713900000,-0.5694369385616226,-0.5694369385616226,-0.5694369385616226,0E-17,ELIGIBLE,R03b_20260811_FULL_v1,L1_ELIGIBILITY,v2026-08-11,2026-03-21..2026-08-06,baccarat_bet02_101_all_pairs_incl_sentinel,round_win = game_pnl > 0 (decisive only),COMPATIBILITY_ONLY_NOT_PRODUCTION,234885.8996,214754.2105,9869.7735,3689,3015,-0.04201944,-0.00608590,-0.04816467,-0.04201944,-9869.7735,234885.8996,OK,0.0000,394.7909,4.0000,96.0000,AG03-UNRESOLVED,ALL5_LEVELS_bet23_to_bet27,394.7909,394.7909,394.7909,394.7909,394.7909,4.000000,4.000000,4.000000,4.000000,4.000000,96.000000,96.000000,96.000000,96.000000,96.000000,5.0,1973.9547,1822.2297,7895.8188,8047.5438,PENDING_AG03,FALSE,NOT_FOR_ENFORCEMENT,9474.9825,206164.0421,9869.7735,9474.9825,394.7909,0.04201944,0.04033866,394.7909,9474.9825,0.04033866,394.7909,394.7909,394.7909,394.7909,394.7909,9474.9825,0.04033866,1973.9547,1822.2297,7895.8188,8047.5438,0.03361555,0.0342615,0.00168078,63.6720,71.2286,3.2736,143.0402,5.0692,3404.1435,43.6957,64.4793,63.5359,42.5677,43.0663,85.2079,124.7713,127.8119,154.8004,42.604,-41.336,2.967791,3.594466,1.478463,30,203,130,8,0.14604117,0.04201944,0.00608590,0E-8,0.000000,0.914292,0.640282,0.04207877,2026-03-23,2026-08-04,69,1947,1162,135,0.511111,1.014849,1.012680,0.486804,,,,,,,,GLOBAL_BASELINE_NO_ENTITY_RANKING,,,NOT_APPLICABLE_GLOBAL_BASELINE,HF9g-P5,,,,X 全窗基线 · 不参与实体赏罚,15050632,1506,A168_HF9F_20260827_0900,2026-08-27 09:00:00
2026-06-01,74657362,2171,0,42.6039536469,-42.6039536469,-42.6039536469,0E-7,1,1,0.49324550000000000,0.493245500000,-0.9865810262130424,-0.9865810262130424,-0.9865810262130424,0E-17,ELIGIBLE,R03b_20260811_FULL_v1,L1_ELIGIBILITY,v2026-08-11,2026-03-21..2026-08-06,baccarat_bet02_101_all_pairs_incl_sentinel,round_win = game_pnl > 0 (decisive only),COMPATIBILITY_ONLY_NOT_PRODUCTION,234885.8996,214754.2105,9869.7735,3689,3015,-0.04201944,-0.00608590,-0.04816467,-0.04201944,-9869.7735,234885.8996,OK,0.0000,394.7909,4.0000,96.0000,AG03-UNRESOLVED,ALL5_LEVELS_bet23_to_bet27,394.7909,394.7909,394.7909,394.7909,394.7909,4.000000,4.000000,4.000000,4.000000,4.000000,96.000000,96.000000,96.000000,96.000000,96.000000,5.0,1973.9547,1822.2297,7895.8188,8047.5438,PENDING_AG03,FALSE,NOT_FOR_ENFORCEMENT,9474.9825,206164.0421,9869.7735,9474.9825,394.7909,0.04201944,0.04033866,394.7909,9474.9825,0.04033866,394.7909,394.7909,394.7909,394.7909,394.7909,9474.9825,0.04033866,1973.9547,1822.2297,7895.8188,8047.5438,0.03361555,0.0342615,0.00168078,63.6720,71.2286,3.2736,143.0402,5.0692,3404.1435,43.6957,64.4793,63.5359,42.5677,43.0663,85.2079,124.7713,127.8119,154.8004,42.604,-41.336,2.967791,3.594466,1.478463,30,203,130,8,0.14604117,0.04201944,0.00608590,0E-8,0.000000,0.914292,0.640282,0.04207877,2026-03-23,2026-08-04,69,1947,1162,135,0.511111,1.014849,1.012680,0.486804,,,,,,,,GLOBAL_BASELINE_NO_ENTITY_RANKING,,,NOT_APPLICABLE_GLOBAL_BASELINE,HF9g-P5,,,,X 全窗基线 · 不参与实体赏罚,15050633,1506,A168_HF9F_20260827_0900,2026-08-27 09:00:00
2026-06-01,74657362,2258,0,85.2079072938,-85.2079072938,-85.2079072938,0E-7,1,1,0.49324550000000000,0.493245500000,-0.9865810262130424,-0.9865810262130424,-0.9865810262130424,0E-17,ELIGIBLE,R03b_20260811_FULL_v1,L1_ELIGIBILITY,v2026-08-11,2026-03-21..2026-08-06,baccarat_bet02_101_all_pairs_incl_sentinel,round_win = game_pnl > 0 (decisive only),COMPATIBILITY_ONLY_NOT_PRODUCTION,234885.8996,214754.2105,9869.7735,3689,3015,-0.04201944,-0.00608590,-0.04816467,-0.04201944,-9869.7735,234885.8996,OK,0.0000,394.7909,4.0000,96.0000,AG03-UNRESOLVED,ALL5_LEVELS_bet23_to_bet27,394.7909,394.7909,394.7909,394.7909,394.7909,4.000000,4.000000,4.000000,4.000000,4.000000,96.000000,96.000000,96.000000,96.000000,96.000000,5.0,1973.9547,1822.2297,7895.8188,8047.5438,PENDING_AG03,FALSE,NOT_FOR_ENFORCEMENT,9474.9825,206164.0421,9869.7735,9474.9825,394.7909,0.04201944,0.04033866,394.7909,9474.9825,0.04033866,394.7909,394.7909,394.7909,394.7909,394.7909,9474.9825,0.04033866,1973.9547,1822.2297,7895.8188,8047.5438,0.03361555,0.0342615,0.00168078,63.6720,71.2286,3.2736,143.0402,5.0692,3404.1435,43.6957,64.4793,63.5359,42.5677,43.0663,85.2079,124.7713,127.8119,154.8004,42.604,-41.336,2.967791,3.594466,1.478463,30,203,130,8,0.14604117,0.04201944,0.00608590,0E-8,0.000000,0.914292,0.640282,0.04207877,2026-03-23,2026-08-04,69,1947,1162,135,0.511111,1.014849,1.012680,0.486804,,,,,,,,GLOBAL_BASELINE_NO_ENTITY_RANKING,,,NOT_APPLICABLE_GLOBAL_BASELINE,HF9g-P5,,,,X 全窗基线 · 不参与实体赏罚,15050634,1506,A168_HF9F_20260827_0900,2026-08-27 09:00:00
2026-06-01,74657362,919,0,85.2079072938,-85.2079072938,-85.2079072938,0E-7,1,1,0.49324550000000000,0.493245500000,-0.9865810262130424,-0.9865810262130424,-0.9865810262130424,0E-17,ELIGIBLE,R03b_20260811_FULL_v1,L1_ELIGIBILITY,v2026-08-11,2026-03-21..2026-08-06,baccarat_bet02_101_all_pairs_incl_sentinel,round_win = game_pnl > 0 (decisive only),COMPATIBILITY_ONLY_NOT_PRODUCTION,234885.8996,214754.2105,9869.7735,3689,3015,-0.04201944,-0.00608590,-0.04816467,-0.04201944,-9869.7735,234885.8996,OK,0.0000,394.7909,4.0000,96.0000,AG03-UNRESOLVED,ALL5_LEVELS_bet23_to_bet27,394.7909,394.7909,394.7909,394.7909,394.7909,4.000000,4.000000,4.000000,4.000000,4.000000,96.000000,96.000000,96.000000,96.000000,96.000000,5.0,1973.9547,1822.2297,7895.8188,8047.5438,PENDING_AG03,FALSE,NOT_FOR_ENFORCEMENT,9474.9825,206164.0421,9869.7735,9474.9825,394.7909,0.04201944,0.04033866,394.7909,9474.9825,0.04033866,394.7909,394.7909,394.7909,394.7909,394.7909,9474.9825,0.04033866,1973.9547,1822.2297,7895.8188,8047.5438,0.03361555,0.0342615,0.00168078,63.6720,71.2286,3.2736,143.0402,5.0692,3404.1435,43.6957,64.4793,63.5359,42.5677,43.0663,85.2079,124.7713,127.8119,154.8004,42.604,-41.336,2.967791,3.594466,1.478463,30,203,130,8,0.14604117,0.04201944,0.00608590,0E-8,0.000000,0.914292,0.640282,0.04207877,2026-03-23,2026-08-04,69,1947,1162,135,0.511111,1.014849,1.012680,0.486804,,,,,,,,GLOBAL_BASELINE_NO_ENTITY_RANKING,,,NOT_APPLICABLE_GLOBAL_BASELINE,HF9g-P5,,,,X 全窗基线 · 不参与实体赏罚,15050635,1506,A168_HF9F_20260827_0900,2026-08-27 09:00:00
2026-06-02,74657362,-1,1,85.2079072938,-85.2079072938,-85.2079072938,0E-7,1,1,0.49324550000000000,0.493245500000,-0.9865810262130424,-0.9865810262130424,-0.9865810262130424,0E-17,SENTINEL_DEALER,R03b_20260811_FULL_v1,L1_ELIGIBILITY,v2026-08-11,2026-03-21..2026-08-06,baccarat_bet02_101_all_pairs_incl_sentinel,round_win = game_pnl > 0 (decisive only),COMPATIBILITY_ONLY_NOT_PRODUCTION,234885.8996,214754.2105,9869.7735,3689,3015,-0.04201944,-0.00608590,-0.04816467,-0.04201944,-9869.7735,234885.8996,OK,0.0000,394.7909,4.0000,96.0000,AG03-UNRESOLVED,ALL5_LEVELS_bet23_to_bet27,394.7909,394.7909,394.7909,394.7909,394.7909,4.000000,4.000000,4.000000,4.000000,4.000000,96.000000,96.000000,96.000000,96.000000,96.000000,5.0,1973.9547,1822.2297,7895.8188,8047.5438,PENDING_AG03,FALSE,NOT_FOR_ENFORCEMENT,9474.9825,206164.0421,9869.7735,9474.9825,394.7909,0.04201944,0.04033866,394.7909,9474.9825,0.04033866,394.7909,394.7909,394.7909,394.7909,394.7909,9474.9825,0.04033866,1973.9547,1822.2297,7895.8188,8047.5438,0.03361555,0.0342615,0.00168078,63.6720,71.2286,3.2736,143.0402,5.0692,3404.1435,43.6957,64.4793,63.5359,42.5677,43.0663,85.2079,124.7713,127.8119,154.8004,42.604,-41.336,2.967791,3.594466,1.478463,30,203,130,8,0.14604117,0.04201944,0.00608590,0E-8,0.000000,0.914292,0.640282,0.04207877,2026-03-23,2026-08-04,69,1947,1162,135,0.511111,1.014849,1.012680,0.486804,,,,,,,,GLOBAL_BASELINE_NO_ENTITY_RANKING,,,NOT_APPLICABLE_GLOBAL_BASELINE,HF9g-P5,,,,X 全窗基线 · 不参与实体赏罚,15050636,1506,A168_HF9F_20260827_0900,2026-08-27 09:00:00
2026-06-02,74657362,1306,0,42.6039536469,-42.6039536469,-42.6039536469,0E-7,1,1,0.50665070000000000,0.506650700000,-1.013391052207602,-1.013391052207602,-1.013391052207602,0E-17,ELIGIBLE,R03b_20260811_FULL_v1,L1_ELIGIBILITY,v2026-08-11,2026-03-21..2026-08-06,baccarat_bet02_101_all_pairs_incl_sentinel,round_win = game_pnl > 0 (decisive only),COMPATIBILITY_ONLY_NOT_PRODUCTION,234885.8996,214754.2105,9869.7735,3689,3015,-0.04201944,-0.00608590,-0.04816467,-0.04201944,-9869.7735,234885.8996,OK,0.0000,394.7909,4.0000,96.0000,AG03-UNRESOLVED,ALL5_LEVELS_bet23_to_bet27,394.7909,394.7909,394.7909,394.7909,394.7909,4.000000,4.000000,4.000000,4.000000,4.000000,96.000000,96.000000,96.000000,96.000000,96.000000,5.0,1973.9547,1822.2297,7895.8188,8047.5438,PENDING_AG03,FALSE,NOT_FOR_ENFORCEMENT,9474.9825,206164.0421,9869.7735,9474.9825,394.7909,0.04201944,0.04033866,394.7909,9474.9825,0.04033866,394.7909,394.7909,394.7909,394.7909,394.7909,9474.9825,0.04033866,1973.9547,1822.2297,7895.8188,8047.5438,0.03361555,0.0342615,0.00168078,63.6720,71.2286,3.2736,143.0402,5.0692,3404.1435,43.6957,64.4793,63.5359,42.5677,43.0663,85.2079,124.7713,127.8119,154.8004,42.604,-41.336,2.967791,3.594466,1.478463,30,203,130,8,0.14604117,0.04201944,0.00608590,0E-8,0.000000,0.914292,0.640282,0.04207877,2026-03-23,2026-08-04,69,1947,1162,135,0.511111,1.014849,1.012680,0.486804,,,,,,,,GLOBAL_BASELINE_NO_ENTITY_RANKING,,,NOT_APPLICABLE_GLOBAL_BASELINE,HF9g-P5,,,,X 全窗基线 · 不参与实体赏罚,15050637,1506,A168_HF9F_20260827_0900,2026-08-27 09:00:00
2026-06-02,74657362,1485,0,8.5207907294,-8.5207907294,-8.5207907294,0E-7,1,1,0.08158750000000000,0.081587500000,-0.29805260355172214,-0.2980526035517222,-0.29805260355172214,0E-17,ELIGIBLE,R03b_20260811_FULL_v1,L1_ELIGIBILITY,v2026-08-11,2026-03-21..2026-08-06,baccarat_bet02_101_all_pairs_incl_sentinel,round_win = game_pnl > 0 (decisive only),COMPATIBILITY_ONLY_NOT_PRODUCTION,234885.8996,214754.2105,9869.7735,3689,3015,-0.04201944,-0.00608590,-0.04816467,-0.04201944,-9869.7735,234885.8996,OK,0.0000,394.7909,4.0000,96.0000,AG03-UNRESOLVED,ALL5_LEVELS_bet23_to_bet27,394.7909,394.7909,394.7909,394.7909,394.7909,4.000000,4.000000,4.000000,4.000000,4.000000,96.000000,96.000000,96.000000,96.000000,96.000000,5.0,1973.9547,1822.2297,7895.8188,8047.5438,PENDING_AG03,FALSE,NOT_FOR_ENFORCEMENT,9474.9825,206164.0421,9869.7735,9474.9825,394.7909,0.04201944,0.04033866,394.7909,9474.9825,0.04033866,394.7909,394.7909,394.7909,394.7909,394.7909,9474.9825,0.04033866,1973.9547,1822.2297,7895.8188,8047.5438,0.03361555,0.0342615,0.00168078,63.6720,71.2286,3.2736,143.0402,5.0692,3404.1435,43.6957,64.4793,63.5359,42.5677,43.0663,85.2079,124.7713,127.8119,154.8004,42.604,-41.336,2.967791,3.594466,1.478463,30,203,130,8,0.14604117,0.04201944,0.00608590,0E-8,0.000000,0.914292,0.640282,0.04207877,2026-03-23,2026-08-04,69,1947,1162,135,0.511111,1.014849,1.012680,0.486804,,,,,,,,GLOBAL_BASELINE_NO_ENTITY_RANKING,,,NOT_APPLICABLE_GLOBAL_BASELINE,HF9g-P5,,,,X 全窗基线 · 不参与实体赏罚,15050638,1506,A168_HF9F_20260827_0900,2026-08-27 09:00:00
2026-06-02,74657362,2171,0,85.2079072938,85.2079072938,85.2079072938,1.0000000,2,2,0.49324550000000000,0.493245500000,1.4334489766152358,1.4334489766152358,1.4334489766152358,0E-17,ELIGIBLE,R03b_20260811_FULL_v1,L1_ELIGIBILITY,v2026-08-11,2026-03-21..2026-08-06,baccarat_bet02_101_all_pairs_incl_sentinel,round_win = game_pnl > 0 (decisive only),COMPATIBILITY_ONLY_NOT_PRODUCTION,234885.8996,214754.2105,9869.7735,3689,3015,-0.04201944,-0.00608590,-0.04816467,-0.04201944,-9869.7735,234885.8996,OK,0.0000,394.7909,4.0000,96.0000,AG03-UNRESOLVED,ALL5_LEVELS_bet23_to_bet27,394.7909,394.7909,394.7909,394.7909,394.7909,4.000000,4.000000,4.000000,4.000000,4.000000,96.000000,96.000000,96.000000,96.000000,96.000000,5.0,1973.9547,1822.2297,7895.8188,8047.5438,PENDING_AG03,FALSE,NOT_FOR_ENFORCEMENT,9474.9825,206164.0421,9869.7735,9474.9825,394.7909,0.04201944,0.04033866,394.7909,9474.9825,0.04033866,394.7909,394.7909,394.7909,394.7909,394.7909,9474.9825,0.04033866,1973.9547,1822.2297,7895.8188,8047.5438,0.03361555,0.0342615,0.00168078,63.6720,71.2286,3.2736,143.0402,5.0692,3404.1435,43.6957,64.4793,63.5359,42.5677,43.0663,85.2079,124.7713,127.8119,154.8004,42.604,-41.336,2.967791,3.594466,1.478463,30,203,130,8,0.14604117,0.04201944,0.00608590,0E-8,0.000000,0.914292,0.640282,0.04207877,2026-03-23,2026-08-04,69,1947,1162,135,0.511111,1.014849,1.012680,0.486804,,,,,,,,GLOBAL_BASELINE_NO_ENTITY_RANKING,,,NOT_APPLICABLE_GLOBAL_BASELINE,HF9g-P5,,,,X 全窗基线 · 不参与实体赏罚,15050639,1506,A168_HF9F_20260827_0900,2026-08-27 09:00:00
2026-06-02,74657362,2233,0,85.2079072938,-85.2079072938,-85.2079072938,0E-7,1,1,0.50665070000000000,0.506650700000,-1.013391052207602,-1.013391052207602,-1.013391052207602,0E-17,ELIGIBLE,R03b_20260811_FULL_v1,L1_ELIGIBILITY,v2026-08-11,2026-03-21..2026-08-06,baccarat_bet02_101_all_pairs_incl_sentinel,round_win = game_pnl > 0 (decisive only),COMPATIBILITY_ONLY_NOT_PRODUCTION,234885.8996,214754.2105,9869.7735,3689,3015,-0.04201944,-0.00608590,-0.04816467,-0.04201944,-9869.7735,234885.8996,OK,0.0000,394.7909,4.0000,96.0000,AG03-UNRESOLVED,ALL5_LEVELS_bet23_to_bet27,394.7909,394.7909,394.7909,394.7909,394.7909,4.000000,4.000000,4.000000,4.000000,4.000000,96.000000,96.000000,96.000000,96.000000,96.000000,5.0,1973.9547,1822.2297,7895.8188,8047.5438,PENDING_AG03,FALSE,NOT_FOR_ENFORCEMENT,9474.9825,206164.0421,9869.7735,9474.9825,394.7909,0.04201944,0.04033866,394.7909,9474.9825,0.04033866,394.7909,394.7909,394.7909,394.7909,394.7909,9474.9825,0.04033866,1973.9547,1822.2297,7895.8188,8047.5438,0.03361555,0.0342615,0.00168078,63.6720,71.2286,3.2736,143.0402,5.0692,3404.1435,43.6957,64.4793,63.5359,42.5677,43.0663,85.2079,124.7713,127.8119,154.8004,42.604,-41.336,2.967791,3.594466,1.478463,30,203,130,8,0.14604117,0.04201944,0.00608590,0E-8,0.000000,0.914292,0.640282,0.04207877,2026-03-23,2026-08-04,69,1947,1162,135,0.511111,1.014849,1.012680,0.486804,,,,,,,,GLOBAL_BASELINE_NO_ENTITY_RANKING,,,NOT_APPLICABLE_GLOBAL_BASELINE,HF9g-P5,,,,X 全窗基线 · 不参与实体赏罚,15050640,1506,A168_HF9F_20260827_0900,2026-08-27 09:00:00
2026-06-02,74657362,2251,0,127.8118609407,-42.6039536469,-42.6039536469,0.5000000,2,2,0.50665070000000000,0.506650700000,-0.018812684590367487,-0.018812684590367487,-0.018812684590367487,0E-17,ELIGIBLE,R03b_20260811_FULL_v1,L1_ELIGIBILITY,v2026-08-11,2026-03-21..2026-08-06,baccarat_bet02_101_all_pairs_incl_sentinel,round_win = game_pnl > 0 (decisive only),COMPATIBILITY_ONLY_NOT_PRODUCTION,234885.8996,214754.2105,9869.7735,3689,3015,-0.04201944,-0.00608590,-0.04816467,-0.04201944,-9869.7735,234885.8996,OK,0.0000,394.7909,4.0000,96.0000,AG03-UNRESOLVED,ALL5_LEVELS_bet23_to_bet27,394.7909,394.7909,394.7909,394.7909,394.7909,4.000000,4.000000,4.000000,4.000000,4.000000,96.000000,96.000000,96.000000,96.000000,96.000000,5.0,1973.9547,1822.2297,7895.8188,8047.5438,PENDING_AG03,FALSE,NOT_FOR_ENFORCEMENT,9474.9825,206164.0421,9869.7735,9474.9825,394.7909,0.04201944,0.04033866,394.7909,9474.9825,0.04033866,394.7909,394.7909,394.7909,394.7909,394.7909,9474.9825,0.04033866,1973.9547,1822.2297,7895.8188,8047.5438,0.03361555,0.0342615,0.00168078,63.6720,71.2286,3.2736,143.0402,5.0692,3404.1435,43.6957,64.4793,63.5359,42.5677,43.0663,85.2079,124.7713,127.8119,154.8004,42.604,-41.336,2.967791,3.594466,1.478463,30,203,130,8,0.14604117,0.04201944,0.00608590,0E-8,0.000000,0.914292,0.640282,0.04207877,2026-03-23,2026-08-04,69,1947,1162,135,0.511111,1.014849,1.012680,0.486804,,,,,,,,GLOBAL_BASELINE_NO_ENTITY_RANKING,,,NOT_APPLICABLE_GLOBAL_BASELINE,HF9g-P5,,,,X 全窗基线 · 不参与实体赏罚,15050641,1506,A168_HF9F_20260827_0900,2026-08-27 09:00:00
2026-06-03,74657362,-1,1,511.2474437628,149.1138377641,149.1138377641,0.7500000,9,8,0.48243775937500000,0.468278718750,1.5144951246268632,1.5968731415133506,1.5144951246268632,0.01415904062500000,SENTINEL_DEALER,R03b_20260811_FULL_v1,L1_ELIGIBILITY,v2026-08-11,2026-03-21..2026-08-06,baccarat_bet02_101_all_pairs_incl_sentinel,round_win = game_pnl > 0 (decisive only),COMPATIBILITY_ONLY_NOT_PRODUCTION,234885.8996,214754.2105,9869.7735,3689,3015,-0.04201944,-0.00608590,-0.04816467,-0.04201944,-9869.7735,234885.8996,OK,0.0000,394.7909,4.0000,96.0000,AG03-UNRESOLVED,ALL5_LEVELS_bet23_to_bet27,394.7909,394.7909,394.7909,394.7909,394.7909,4.000000,4.000000,4.000000,4.000000,4.000000,96.000000,96.000000,96.000000,96.000000,96.000000,5.0,1973.9547,1822.2297,7895.8188,8047.5438,PENDING_AG03,FALSE,NOT_FOR_ENFORCEMENT,9474.9825,206164.0421,9869.7735,9474.9825,394.7909,0.04201944,0.04033866,394.7909,9474.9825,0.04033866,394.7909,394.7909,394.7909,394.7909,394.7909,9474.9825,0.04033866,1973.9547,1822.2297,7895.8188,8047.5438,0.03361555,0.0342615,0.00168078,63.6720,71.2286,3.2736,143.0402,5.0692,3404.1435,43.6957,64.4793,63.5359,42.5677,43.0663,85.2079,124.7713,127.8119,154.8004,42.604,-41.336,2.967791,3.594466,1.478463,30,203,130,8,0.14604117,0.04201944,0.00608590,0E-8,0.000000,0.914292,0.640282,0.04207877,2026-03-23,2026-08-04,69,1947,1162,135,0.511111,1.014849,1.012680,0.486804,,,,,,,,GLOBAL_BASELINE_NO_ENTITY_RANKING,,,NOT_APPLICABLE_GLOBAL_BASELINE,HF9g-P5,,,,X 全窗基线 · 不参与实体赏罚,15050642,1506,A168_HF9F_20260827_0900,2026-08-27 09:00:00
2026-06-03,74657362,1205,0,340.8316291752,255.6237218814,255.6237218814,1.0000000,4,4,0.49324550000000000,0.493245500000,1.755609282511032,1.7556092825110319,1.755609282511032,0E-17,ELIGIBLE,R03b_20260811_FULL_v1,L1_ELIGIBILITY,v2026-08-11,2026-03-21..2026-08-06,baccarat_bet02_101_all_pairs_incl_sentinel,round_win = game_pnl > 0 (decisive only),COMPATIBILITY_ONLY_NOT_PRODUCTION,234885.8996,214754.2105,9869.7735,3689,3015,-0.04201944,-0.00608590,-0.04816467,-0.04201944,-9869.7735,234885.8996,OK,0.0000,394.7909,4.0000,96.0000,AG03-UNRESOLVED,ALL5_LEVELS_bet23_to_bet27,394.7909,394.7909,394.7909,394.7909,394.7909,4.000000,4.000000,4.000000,4.000000,4.000000,96.000000,96.000000,96.000000,96.000000,96.000000,5.0,1973.9547,1822.2297,7895.8188,8047.5438,PENDING_AG03,FALSE,NOT_FOR_ENFORCEMENT,9474.9825,206164.0421,9869.7735,9474.9825,394.7909,0.04201944,0.04033866,394.7909,9474.9825,0.04033866,394.7909,394.7909,394.7909,394.7909,394.7909,9474.9825,0.04033866,1973.9547,1822.2297,7895.8188,8047.5438,0.03361555,0.0342615,0.00168078,63.6720,71.2286,3.2736,143.0402,5.0692,3404.1435,43.6957,64.4793,63.5359,42.5677,43.0663,85.2079,124.7713,127.8119,154.8004,42.604,-41.336,2.967791,3.594466,1.478463,30,203,130,8,0.14604117,0.04201944,0.00608590,0E-8,0.000000,0.914292,0.640282,0.04207877,2026-03-23,2026-08-04,69,1947,1162,135,0.511111,1.014849,1.012680,0.486804,,,,,,,,GLOBAL_BASELINE_NO_ENTITY_RANKING,,,NOT_APPLICABLE_GLOBAL_BASELINE,HF9g-P5,,,,X 全窗基线 · 不参与实体赏罚,15050643,1506,A168_HF9F_20260827_0900,2026-08-27 09:00:00
2026-06-03,74657362,1299,0,151.6700749830,-107.3619631902,-107.3619631902,0.3333333,4,3,0.48716331282043046,0.414177066667,-0.5330583846498197,-0.2842698364832135,-0.5330583846498197,0.07298624615343046,ELIGIBLE,R03b_20260811_FULL_v1,L1_ELIGIBILITY,v2026-08-11,2026-03-21..2026-08-06,baccarat_bet02_101_all_pairs_incl_sentinel,round_win = game_pnl > 0 (decisive only),COMPATIBILITY_ONLY_NOT_PRODUCTION,234885.8996,214754.2105,9869.7735,3689,3015,-0.04201944,-0.00608590,-0.04816467,-0.04201944,-9869.7735,234885.8996,OK,0.0000,394.7909,4.0000,96.0000,AG03-UNRESOLVED,ALL5_LEVELS_bet23_to_bet27,394.7909,394.7909,394.7909,394.7909,394.7909,4.000000,4.000000,4.000000,4.000000,4.000000,96.000000,96.000000,96.000000,96.000000,96.000000,5.0,1973.9547,1822.2297,7895.8188,8047.5438,PENDING_AG03,FALSE,NOT_FOR_ENFORCEMENT,9474.9825,206164.0421,9869.7735,9474.9825,394.7909,0.04201944,0.04033866,394.7909,9474.9825,0.04033866,394.7909,394.7909,394.7909,394.7909,394.7909,9474.9825,0.04033866,1973.9547,1822.2297,7895.8188,8047.5438,0.03361555,0.0342615,0.00168078,63.6720,71.2286,3.2736,143.0402,5.0692,3404.1435,43.6957,64.4793,63.5359,42.5677,43.0663,85.2079,124.7713,127.8119,154.8004,42.604,-41.336,2.967791,3.594466,1.478463,30,203,130,8,0.14604117,0.04201944,0.00608590,0E-8,0.000000,0.914292,0.640282,0.04207877,2026-03-23,2026-08-04,69,1947,1162,135,0.511111,1.014849,1.012680,0.486804,,,,,,,,GLOBAL_BASELINE_NO_ENTITY_RANKING,,,NOT_APPLICABLE_GLOBAL_BASELINE,HF9g-P5,,,,X 全窗基线 · 不参与实体赏罚,15050644,1506,A168_HF9F_20260827_0900,2026-08-27 09:00:00
2026-06-03,74657362,1307,0,85.2079072938,85.2079072938,85.2079072938,1.0000000,2,2,0.49324550000000000,0.493245500000,1.4334489766152358,1.4334489766152358,1.4334489766152358,0E-17,ELIGIBLE,R03b_20260811_FULL_v1,L1_ELIGIBILITY,v2026-08-11,2026-03-21..2026-08-06,baccarat_bet02_101_all_pairs_incl_sentinel,round_win = game_pnl > 0 (decisive only),COMPATIBILITY_ONLY_NOT_PRODUCTION,234885.8996,214754.2105,9869.7735,3689,3015,-0.04201944,-0.00608590,-0.04816467,-0.04201944,-9869.7735,234885.8996,OK,0.0000,394.7909,4.0000,96.0000,AG03-UNRESOLVED,ALL5_LEVELS_bet23_to_bet27,394.7909,394.7909,394.7909,394.7909,394.7909,4.000000,4.000000,4.000000,4.000000,4.000000,96.000000,96.000000,96.000000,96.000000,96.000000,5.0,1973.9547,1822.2297,7895.8188,8047.5438,PENDING_AG03,FALSE,NOT_FOR_ENFORCEMENT,9474.9825,206164.0421,9869.7735,9474.9825,394.7909,0.04201944,0.04033866,394.7909,9474.9825,0.04033866,394.7909,394.7909,394.7909,394.7909,394.7909,9474.9825,0.04033866,1973.9547,1822.2297,7895.8188,8047.5438,0.03361555,0.0342615,0.00168078,63.6720,71.2286,3.2736,143.0402,5.0692,3404.1435,43.6957,64.4793,63.5359,42.5677,43.0663,85.2079,124.7713,127.8119,154.8004,42.604,-41.336,2.967791,3.594466,1.478463,30,203,130,8,0.14604117,0.04201944,0.00608590,0E-8,0.000000,0.914292,0.640282,0.04207877,2026-03-23,2026-08-04,69,1947,1162,135,0.511111,1.014849,1.012680,0.486804,,,,,,,,GLOBAL_BASELINE_NO_ENTITY_RANKING,,,NOT_APPLICABLE_GLOBAL_BASELINE,HF9g-P5,,,,X 全窗基线 · 不参与实体赏罚,15050645,1506,A168_HF9F_20260827_0900,2026-08-27 09:00:00
2026-06-03,74657362,1325,0,85.2079072938,85.2079072938,85.2079072938,1.0000000,1,1,0.49324550000000000,0.493245500000,1.01360149184955,1.01360149184955,1.01360149184955,0E-17,ELIGIBLE,R03b_20260811_FULL_v1,L1_ELIGIBILITY,v2026-08-11,2026-03-21..2026-08-06,baccarat_bet02_101_all_pairs_incl_sentinel,round_win = game_pnl > 0 (decisive only),COMPATIBILITY_ONLY_NOT_PRODUCTION,234885.8996,214754.2105,9869.7735,3689,3015,-0.04201944,-0.00608590,-0.04816467,-0.04201944,-9869.7735,234885.8996,OK,0.0000,394.7909,4.0000,96.0000,AG03-UNRESOLVED,ALL5_LEVELS_bet23_to_bet27,394.7909,394.7909,394.7909,394.7909,394.7909,4.000000,4.000000,4.000000,4.000000,4.000000,96.000000,96.000000,96.000000,96.000000,96.000000,5.0,1973.9547,1822.2297,7895.8188,8047.5438,PENDING_AG03,FALSE,NOT_FOR_ENFORCEMENT,9474.9825,206164.0421,9869.7735,9474.9825,394.7909,0.04201944,0.04033866,394.7909,9474.9825,0.04033866,394.7909,394.7909,394.7909,394.7909,394.7909,9474.9825,0.04033866,1973.9547,1822.2297,7895.8188,8047.5438,0.03361555,0.0342615,0.00168078,63.6720,71.2286,3.2736,143.0402,5.0692,3404.1435,43.6957,64.4793,63.5359,42.5677,43.0663,85.2079,124.7713,127.8119,154.8004,42.604,-41.336,2.967791,3.594466,1.478463,30,203,130,8,0.14604117,0.04201944,0.00608590,0E-8,0.000000,0.914292,0.640282,0.04207877,2026-03-23,2026-08-04,69,1947,1162,135,0.511111,1.014849,1.012680,0.486804,,,,,,,,GLOBAL_BASELINE_NO_ENTITY_RANKING,,,NOT_APPLICABLE_GLOBAL_BASELINE,HF9g-P5,,,,X 全窗基线 · 不参与实体赏罚,15050646,1506,A168_HF9F_20260827_0900,2026-08-27 09:00:00
2026-06-03,74657362,1363,0,42.6039536469,42.6039536469,42.6039536469,1.0000000,1,1,0.50665070000000000,0.506650700000,0.9867858985152569,0.9867858985152569,0.9867858985152569,0E-17,ELIGIBLE,R03b_20260811_FULL_v1,L1_ELIGIBILITY,v2026-08-11,2026-03-21..2026-08-06,baccarat_bet02_101_all_pairs_incl_sentinel,round_win = game_pnl > 0 (decisive only),COMPATIBILITY_ONLY_NOT_PRODUCTION,234885.8996,214754.2105,9869.7735,3689,3015,-0.04201944,-0.00608590,-0.04816467,-0.04201944,-9869.7735,234885.8996,OK,0.0000,394.7909,4.0000,96.0000,AG03-UNRESOLVED,ALL5_LEVELS_bet23_to_bet27,394.7909,394.7909,394.7909,394.7909,394.7909,4.000000,4.000000,4.000000,4.000000,4.000000,96.000000,96.000000,96.000000,96.000000,96.000000,5.0,1973.9547,1822.2297,7895.8188,8047.5438,PENDING_AG03,FALSE,NOT_FOR_ENFORCEMENT,9474.9825,206164.0421,9869.7735,9474.9825,394.7909,0.04201944,0.04033866,394.7909,9474.9825,0.04033866,394.7909,394.7909,394.7909,394.7909,394.7909,9474.9825,0.04033866,1973.9547,1822.2297,7895.8188,8047.5438,0.03361555,0.0342615,0.00168078,63.6720,71.2286,3.2736,143.0402,5.0692,3404.1435,43.6957,64.4793,63.5359,42.5677,43.0663,85.2079,124.7713,127.8119,154.8004,42.604,-41.336,2.967791,3.594466,1.478463,30,203,130,8,0.14604117,0.04201944,0.00608590,0E-8,0.000000,0.914292,0.640282,0.04207877,2026-03-23,2026-08-04,69,1947,1162,135,0.511111,1.014849,1.012680,0.486804,,,,,,,,GLOBAL_BASELINE_NO_ENTITY_RANKING,,,NOT_APPLICABLE_GLOBAL_BASELINE,HF9g-P5,,,,X 全窗基线 · 不参与实体赏罚,15050647,1506,A168_HF9F_20260827_0900,2026-08-27 09:00:00
2026-06-03,74657362,1396,0,42.6039536469,-42.6039536469,-42.6039536469,0E-7,1,1,0.49324550000000000,0.493245500000,-0.9865810262130424,-0.9865810262130424,-0.9865810262130424,0E-17,ELIGIBLE,R03b_20260811_FULL_v1,L1_ELIGIBILITY,v2026-08-11,2026-03-21..2026-08-06,baccarat_bet02_101_all_pairs_incl_sentinel,round_win = game_pnl > 0 (decisive only),COMPATIBILITY_ONLY_NOT_PRODUCTION,234885.8996,214754.2105,9869.7735,3689,3015,-0.04201944,-0.00608590,-0.04816467,-0.04201944,-9869.7735,234885.8996,OK,0.0000,394.7909,4.0000,96.0000,AG03-UNRESOLVED,ALL5_LEVELS_bet23_to_bet27,394.7909,394.7909,394.7909,394.7909,394.7909,4.000000,4.000000,4.000000,4.000000,4.000000,96.000000,96.000000,96.000000,96.000000,96.000000,5.0,1973.9547,1822.2297,7895.8188,8047.5438,PENDING_AG03,FALSE,NOT_FOR_ENFORCEMENT,9474.9825,206164.0421,9869.7735,9474.9825,394.7909,0.04201944,0.04033866,394.7909,9474.9825,0.04033866,394.7909,394.7909,394.7909,394.7909,394.7909,9474.9825,0.04033866,1973.9547,1822.2297,7895.8188,8047.5438,0.03361555,0.0342615,0.00168078,63.6720,71.2286,3.2736,143.0402,5.0692,3404.1435,43.6957,64.4793,63.5359,42.5677,43.0663,85.2079,124.7713,127.8119,154.8004,42.604,-41.336,2.967791,3.594466,1.478463,30,203,130,8,0.14604117,0.04201944,0.00608590,0E-8,0.000000,0.914292,0.640282,0.04207877,2026-03-23,2026-08-04,69,1947,1162,135,0.511111,1.014849,1.012680,0.486804,,,,,,,,GLOBAL_BASELINE_NO_ENTITY_RANKING,,,NOT_APPLICABLE_GLOBAL_BASELINE,HF9g-P5,,,,X 全窗基线 · 不参与实体赏罚,15050648,1506,A168_HF9F_20260827_0900,2026-08-27 09:00:00
2026-06-03,74657362,1957,0,42.6039536469,-42.6039536469,-42.6039536469,0E-7,1,1,0.49324550000000000,0.493245500000,-0.9865810262130424,-0.9865810262130424,-0.9865810262130424,0E-17,ELIGIBLE,R03b_20260811_FULL_v1,L1_ELIGIBILITY,v2026-08-11,2026-03-21..2026-08-06,baccarat_bet02_101_all_pairs_incl_sentinel,round_win = game_pnl > 0 (decisive only),COMPATIBILITY_ONLY_NOT_PRODUCTION,234885.8996,214754.2105,9869.7735,3689,3015,-0.04201944,-0.00608590,-0.04816467,-0.04201944,-9869.7735,234885.8996,OK,0.0000,394.7909,4.0000,96.0000,AG03-UNRESOLVED,ALL5_LEVELS_bet23_to_bet27,394.7909,394.7909,394.7909,394.7909,394.7909,4.000000,4.000000,4.000000,4.000000,4.000000,96.000000,96.000000,96.000000,96.000000,96.000000,5.0,1973.9547,1822.2297,7895.8188,8047.5438,PENDING_AG03,FALSE,NOT_FOR_ENFORCEMENT,9474.9825,206164.0421,9869.7735,9474.9825,394.7909,0.04201944,0.04033866,394.7909,9474.9825,0.04033866,394.7909,394.7909,394.7909,394.7909,394.7909,9474.9825,0.04033866,1973.9547,1822.2297,7895.8188,8047.5438,0.03361555,0.0342615,0.00168078,63.6720,71.2286,3.2736,143.0402,5.0692,3404.1435,43.6957,64.4793,63.5359,42.5677,43.0663,85.2079,124.7713,127.8119,154.8004,42.604,-41.336,2.967791,3.594466,1.478463,30,203,130,8,0.14604117,0.04201944,0.00608590,0E-8,0.000000,0.914292,0.640282,0.04207877,2026-03-23,2026-08-04,69,1947,1162,135,0.511111,1.014849,1.012680,0.486804,,,,,,,,GLOBAL_BASELINE_NO_ENTITY_RANKING,,,NOT_APPLICABLE_GLOBAL_BASELINE,HF9g-P5,,,,X 全窗基线 · 不参与实体赏罚,15050649,1506,A168_HF9F_20260827_0900,2026-08-27 09:00:00
2026-06-03,74657362,1994,0,170.4158145876,-170.4158145876,-170.4158145876,0E-7,2,1,0.39337837500000000,0.280106050000,-0.8052788575962098,-0.6237735893609975,-0.8052788575962098,0.11327232500000000,ELIGIBLE,R03b_20260811_FULL_v1,L1_ELIGIBILITY,v2026-08-11,2026-03-21..2026-08-06,baccarat_bet02_101_all_pairs_incl_sentinel,round_win = game_pnl > 0 (decisive only),COMPATIBILITY_ONLY_NOT_PRODUCTION,234885.8996,214754.2105,9869.7735,3689,3015,-0.04201944,-0.00608590,-0.04816467,-0.04201944,-9869.7735,234885.8996,OK,0.0000,394.7909,4.0000,96.0000,AG03-UNRESOLVED,ALL5_LEVELS_bet23_to_bet27,394.7909,394.7909,394.7909,394.7909,394.7909,4.000000,4.000000,4.000000,4.000000,4.000000,96.000000,96.000000,96.000000,96.000000,96.000000,5.0,1973.9547,1822.2297,7895.8188,8047.5438,PENDING_AG03,FALSE,NOT_FOR_ENFORCEMENT,9474.9825,206164.0421,9869.7735,9474.9825,394.7909,0.04201944,0.04033866,394.7909,9474.9825,0.04033866,394.7909,394.7909,394.7909,394.7909,394.7909,9474.9825,0.04033866,1973.9547,1822.2297,7895.8188,8047.5438,0.03361555,0.0342615,0.00168078,63.6720,71.2286,3.2736,143.0402,5.0692,3404.1435,43.6957,64.4793,63.5359,42.5677,43.0663,85.2079,124.7713,127.8119,154.8004,42.604,-41.336,2.967791,3.594466,1.478463,30,203,130,8,0.14604117,0.04201944,0.00608590,0E-8,0.000000,0.914292,0.640282,0.04207877,2026-03-23,2026-08-04,69,1947,1162,135,0.511111,1.014849,1.012680,0.486804,,,,,,,,GLOBAL_BASELINE_NO_ENTITY_RANKING,,,NOT_APPLICABLE_GLOBAL_BASELINE,HF9g-P5,,,,X 全窗基线 · 不参与实体赏罚,15050650,1506,A168_HF9F_20260827_0900,2026-08-27 09:00:00
2026-06-03,74657362,2101,0,85.2079072938,85.2079072938,85.2079072938,1.0000000,1,1,0.49324550000000000,0.493245500000,1.01360149184955,1.01360149184955,1.01360149184955,0E-17,ELIGIBLE,R03b_20260811_FULL_v1,L1_ELIGIBILITY,v2026-08-11,2026-03-21..2026-08-06,baccarat_bet02_101_all_pairs_incl_sentinel,round_win = game_pnl > 0 (decisive only),COMPATIBILITY_ONLY_NOT_PRODUCTION,234885.8996,214754.2105,9869.7735,3689,3015,-0.04201944,-0.00608590,-0.04816467,-0.04201944,-9869.7735,234885.8996,OK,0.0000,394.7909,4.0000,96.0000,AG03-UNRESOLVED,ALL5_LEVELS_bet23_to_bet27,394.7909,394.7909,394.7909,394.7909,394.7909,4.000000,4.000000,4.000000,4.000000,4.000000,96.000000,96.000000,96.000000,96.000000,96.000000,5.0,1973.9547,1822.2297,7895.8188,8047.5438,PENDING_AG03,FALSE,NOT_FOR_ENFORCEMENT,9474.9825,206164.0421,9869.7735,9474.9825,394.7909,0.04201944,0.04033866,394.7909,9474.9825,0.04033866,394.7909,394.7909,394.7909,394.7909,394.7909,9474.9825,0.04033866,1973.9547,1822.2297,7895.8188,8047.5438,0.03361555,0.0342615,0.00168078,63.6720,71.2286,3.2736,143.0402,5.0692,3404.1435,43.6957,64.4793,63.5359,42.5677,43.0663,85.2079,124.7713,127.8119,154.8004,42.604,-41.336,2.967791,3.594466,1.478463,30,203,130,8,0.14604117,0.04201944,0.00608590,0E-8,0.000000,0.914292,0.640282,0.04207877,2026-03-23,2026-08-04,69,1947,1162,135,0.511111,1.014849,1.012680,0.486804,,,,,,,,GLOBAL_BASELINE_NO_ENTITY_RANKING,,,NOT_APPLICABLE_GLOBAL_BASELINE,HF9g-P5,,,,X 全窗基线 · 不参与实体赏罚,15050651,1506,A168_HF9F_20260827_0900,2026-08-27 09:00:00
2026-06-03,74657362,2145,0,22.1540558964,0E-10,0E-10,,1,1,0.50665070000000000,0.506650700000,,,,0E-17,NO_DECISIVE_ROUND,R03b_20260811_FULL_v1,L1_ELIGIBILITY,v2026-08-11,2026-03-21..2026-08-06,baccarat_bet02_101_all_pairs_incl_sentinel,round_win = game_pnl > 0 (decisive only),COMPATIBILITY_ONLY_NOT_PRODUCTION,234885.8996,214754.2105,9869.7735,3689,3015,-0.04201944,-0.00608590,-0.04816467,-0.04201944,-9869.7735,234885.8996,OK,0.0000,394.7909,4.0000,96.0000,AG03-UNRESOLVED,ALL5_LEVELS_bet23_to_bet27,394.7909,394.7909,394.7909,394.7909,394.7909,4.000000,4.000000,4.000000,4.000000,4.000000,96.000000,96.000000,96.000000,96.000000,96.000000,5.0,1973.9547,1822.2297,7895.8188,8047.5438,PENDING_AG03,FALSE,NOT_FOR_ENFORCEMENT,9474.9825,206164.0421,9869.7735,9474.9825,394.7909,0.04201944,0.04033866,394.7909,9474.9825,0.04033866,394.7909,394.7909,394.7909,394.7909,394.7909,9474.9825,0.04033866,1973.9547,1822.2297,7895.8188,8047.5438,0.03361555,0.0342615,0.00168078,63.6720,71.2286,3.2736,143.0402,5.0692,3404.1435,43.6957,64.4793,63.5359,42.5677,43.0663,85.2079,124.7713,127.8119,154.8004,42.604,-41.336,2.967791,3.594466,1.478463,30,203,130,8,0.14604117,0.04201944,0.00608590,0E-8,0.000000,0.914292,0.640282,0.04207877,2026-03-23,2026-08-04,69,1947,1162,135,0.511111,1.014849,1.012680,0.486804,,,,,,,,GLOBAL_BASELINE_NO_ENTITY_RANKING,,,NOT_APPLICABLE_GLOBAL_BASELINE,HF9g-P5,,,,X 全窗基线 · 不参与实体赏罚,15050652,1506,A168_HF9F_20260827_0900,2026-08-27 09:00:00
2026-06-03,74657362,2167,0,85.2079072938,-85.2079072938,-85.2079072938,0E-7,1,1,0.49324550000000000,0.493245500000,-0.9865810262130424,-0.9865810262130424,-0.9865810262130424,0E-17,ELIGIBLE,R03b_20260811_FULL_v1,L1_ELIGIBILITY,v2026-08-11,2026-03-21..2026-08-06,baccarat_bet02_101_all_pairs_incl_sentinel,round_win = game_pnl > 0 (decisive only),COMPATIBILITY_ONLY_NOT_PRODUCTION,234885.8996,214754.2105,9869.7735,3689,3015,-0.04201944,-0.00608590,-0.04816467,-0.04201944,-9869.7735,234885.8996,OK,0.0000,394.7909,4.0000,96.0000,AG03-UNRESOLVED,ALL5_LEVELS_bet23_to_bet27,394.7909,394.7909,394.7909,394.7909,394.7909,4.000000,4.000000,4.000000,4.000000,4.000000,96.000000,96.000000,96.000000,96.000000,96.000000,5.0,1973.9547,1822.2297,7895.8188,8047.5438,PENDING_AG03,FALSE,NOT_FOR_ENFORCEMENT,9474.9825,206164.0421,9869.7735,9474.9825,394.7909,0.04201944,0.04033866,394.7909,9474.9825,0.04033866,394.7909,394.7909,394.7909,394.7909,394.7909,9474.9825,0.04033866,1973.9547,1822.2297,7895.8188,8047.5438,0.03361555,0.0342615,0.00168078,63.6720,71.2286,3.2736,143.0402,5.0692,3404.1435,43.6957,64.4793,63.5359,42.5677,43.0663,85.2079,124.7713,127.8119,154.8004,42.604,-41.336,2.967791,3.594466,1.478463,30,203,130,8,0.14604117,0.04201944,0.00608590,0E-8,0.000000,0.914292,0.640282,0.04207877,2026-03-23,2026-08-04,69,1947,1162,135,0.511111,1.014849,1.012680,0.486804,,,,,,,,GLOBAL_BASELINE_NO_ENTITY_RANKING,,,NOT_APPLICABLE_GLOBAL_BASELINE,HF9g-P5,,,,X 全窗基线 · 不参与实体赏罚,15050653,1506,A168_HF9F_20260827_0900,2026-08-27 09:00:00
2026-06-03,74657362,2170,0,42.6039536469,-42.6039536469,-42.6039536469,0E-7,1,1,0.49324550000000000,0.493245500000,-0.9865810262130424,-0.9865810262130424,-0.9865810262130424,0E-17,ELIGIBLE,R03b_20260811_FULL_v1,L1_ELIGIBILITY,v2026-08-11,2026-03-21..2026-08-06,baccarat_bet02_101_all_pairs_incl_sentinel,round_win = game_pnl > 0 (decisive only),COMPATIBILITY_ONLY_NOT_PRODUCTION,234885.8996,214754.2105,9869.7735,3689,3015,-0.04201944,-0.00608590,-0.04816467,-0.04201944,-9869.7735,234885.8996,OK,0.0000,394.7909,4.0000,96.0000,AG03-UNRESOLVED,ALL5_LEVELS_bet23_to_bet27,394.7909,394.7909,394.7909,394.7909,394.7909,4.000000,4.000000,4.000000,4.000000,4.000000,96.000000,96.000000,96.000000,96.000000,96.000000,5.0,1973.9547,1822.2297,7895.8188,8047.5438,PENDING_AG03,FALSE,NOT_FOR_ENFORCEMENT,9474.9825,206164.0421,9869.7735,9474.9825,394.7909,0.04201944,0.04033866,394.7909,9474.9825,0.04033866,394.7909,394.7909,394.7909,394.7909,394.7909,9474.9825,0.04033866,1973.9547,1822.2297,7895.8188,8047.5438,0.03361555,0.0342615,0.00168078,63.6720,71.2286,3.2736,143.0402,5.0692,3404.1435,43.6957,64.4793,63.5359,42.5677,43.0663,85.2079,124.7713,127.8119,154.8004,42.604,-41.336,2.967791,3.594466,1.478463,30,203,130,8,0.14604117,0.04201944,0.00608590,0E-8,0.000000,0.914292,0.640282,0.04207877,2026-03-23,2026-08-04,69,1947,1162,135,0.511111,1.014849,1.012680,0.486804,,,,,,,,GLOBAL_BASELINE_NO_ENTITY_RANKING,,,NOT_APPLICABLE_GLOBAL_BASELINE,HF9g-P5,,,,X 全窗基线 · 不参与实体赏罚,15050654,1506,A168_HF9F_20260827_0900,2026-08-27 09:00:00
2026-06-03,74657362,2196,0,85.2079072938,0E-10,0E-10,0.5000000,2,2,0.49324550000000000,0.493245500000,0.01910635448239258,0.01910635448239258,0.01910635448239258,0E-17,ELIGIBLE,R03b_20260811_FULL_v1,L1_ELIGIBILITY,v2026-08-11,2026-03-21..2026-08-06,baccarat_bet02_101_all_pairs_incl_sentinel,round_win = game_pnl > 0 (decisive only),COMPATIBILITY_ONLY_NOT_PRODUCTION,234885.8996,214754.2105,9869.7735,3689,3015,-0.04201944,-0.00608590,-0.04816467,-0.04201944,-9869.7735,234885.8996,OK,0.0000,394.7909,4.0000,96.0000,AG03-UNRESOLVED,ALL5_LEVELS_bet23_to_bet27,394.7909,394.7909,394.7909,394.7909,394.7909,4.000000,4.000000,4.000000,4.000000,4.000000,96.000000,96.000000,96.000000,96.000000,96.000000,5.0,1973.9547,1822.2297,7895.8188,8047.5438,PENDING_AG03,FALSE,NOT_FOR_ENFORCEMENT,9474.9825,206164.0421,9869.7735,9474.9825,394.7909,0.04201944,0.04033866,394.7909,9474.9825,0.04033866,394.7909,394.7909,394.7909,394.7909,394.7909,9474.9825,0.04033866,1973.9547,1822.2297,7895.8188,8047.5438,0.03361555,0.0342615,0.00168078,63.6720,71.2286,3.2736,143.0402,5.0692,3404.1435,43.6957,64.4793,63.5359,42.5677,43.0663,85.2079,124.7713,127.8119,154.8004,42.604,-41.336,2.967791,3.594466,1.478463,30,203,130,8,0.14604117,0.04201944,0.00608590,0E-8,0.000000,0.914292,0.640282,0.04207877,2026-03-23,2026-08-04,69,1947,1162,135,0.511111,1.014849,1.012680,0.486804,,,,,,,,GLOBAL_BASELINE_NO_ENTITY_RANKING,,,NOT_APPLICABLE_GLOBAL_BASELINE,HF9g-P5,,,,X 全窗基线 · 不参与实体赏罚,15050655,1506,A168_HF9F_20260827_0900,2026-08-27 09:00:00
2026-06-03,74657362,2201,0,42.6039536469,42.6039536469,42.6039536469,1.0000000,1,1,0.49324550000000000,0.493245500000,1.01360149184955,1.01360149184955,1.01360149184955,0E-17,ELIGIBLE,R03b_20260811_FULL_v1,L1_ELIGIBILITY,v2026-08-11,2026-03-21..2026-08-06,baccarat_bet02_101_all_pairs_incl_sentinel,round_win = game_pnl > 0 (decisive only),COMPATIBILITY_ONLY_NOT_PRODUCTION,234885.8996,214754.2105,9869.7735,3689,3015,-0.04201944,-0.00608590,-0.04816467,-0.04201944,-9869.7735,234885.8996,OK,0.0000,394.7909,4.0000,96.0000,AG03-UNRESOLVED,ALL5_LEVELS_bet23_to_bet27,394.7909,394.7909,394.7909,394.7909,394.7909,4.000000,4.000000,4.000000,4.000000,4.000000,96.000000,96.000000,96.000000,96.000000,96.000000,5.0,1973.9547,1822.2297,7895.8188,8047.5438,PENDING_AG03,FALSE,NOT_FOR_ENFORCEMENT,9474.9825,206164.0421,9869.7735,9474.9825,394.7909,0.04201944,0.04033866,394.7909,9474.9825,0.04033866,394.7909,394.7909,394.7909,394.7909,394.7909,9474.9825,0.04033866,1973.9547,1822.2297,7895.8188,8047.5438,0.03361555,0.0342615,0.00168078,63.6720,71.2286,3.2736,143.0402,5.0692,3404.1435,43.6957,64.4793,63.5359,42.5677,43.0663,85.2079,124.7713,127.8119,154.8004,42.604,-41.336,2.967791,3.594466,1.478463,30,203,130,8,0.14604117,0.04201944,0.00608590,0E-8,0.000000,0.914292,0.640282,0.04207877,2026-03-23,2026-08-04,69,1947,1162,135,0.511111,1.014849,1.012680,0.486804,,,,,,,,GLOBAL_BASELINE_NO_ENTITY_RANKING,,,NOT_APPLICABLE_GLOBAL_BASELINE,HF9g-P5,,,,X 全窗基线 · 不参与实体赏罚,15050656,1506,A168_HF9F_20260827_0900,2026-08-27 09:00:00
2026-06-03,74657362,2205,0,127.8118609407,42.6039536469,42.6039536469,0.5000000,2,2,0.50665070000000000,0.506650700000,-0.018812684590367487,-0.018812684590367487,-0.018812684590367487,0E-17,ELIGIBLE,R03b_20260811_FULL_v1,L1_ELIGIBILITY,v2026-08-11,2026-03-21..2026-08-06,baccarat_bet02_101_all_pairs_incl_sentinel,round_win = game_pnl > 0 (decisive only),COMPATIBILITY_ONLY_NOT_PRODUCTION,234885.8996,214754.2105,9869.7735,3689,3015,-0.04201944,-0.00608590,-0.04816467,-0.04201944,-9869.7735,234885.8996,OK,0.0000,394.7909,4.0000,96.0000,AG03-UNRESOLVED,ALL5_LEVELS_bet23_to_bet27,394.7909,394.7909,394.7909,394.7909,394.7909,4.000000,4.000000,4.000000,4.000000,4.000000,96.000000,96.000000,96.000000,96.000000,96.000000,5.0,1973.9547,1822.2297,7895.8188,8047.5438,PENDING_AG03,FALSE,NOT_FOR_ENFORCEMENT,9474.9825,206164.0421,9869.7735,9474.9825,394.7909,0.04201944,0.04033866,394.7909,9474.9825,0.04033866,394.7909,394.7909,394.7909,394.7909,394.7909,9474.9825,0.04033866,1973.9547,1822.2297,7895.8188,8047.5438,0.03361555,0.0342615,0.00168078,63.6720,71.2286,3.2736,143.0402,5.0692,3404.1435,43.6957,64.4793,63.5359,42.5677,43.0663,85.2079,124.7713,127.8119,154.8004,42.604,-41.336,2.967791,3.594466,1.478463,30,203,130,8,0.14604117,0.04201944,0.00608590,0E-8,0.000000,0.914292,0.640282,0.04207877,2026-03-23,2026-08-04,69,1947,1162,135,0.511111,1.014849,1.012680,0.486804,,,,,,,,GLOBAL_BASELINE_NO_ENTITY_RANKING,,,NOT_APPLICABLE_GLOBAL_BASELINE,HF9g-P5,,,,X 全窗基线 · 不参与实体赏罚,15050657,1506,A168_HF9F_20260827_0900,2026-08-27 09:00:00
2026-06-03,74657362,2218,0,42.6039536469,42.6039536469,42.6039536469,1.0000000,1,1,0.49324550000000000,0.493245500000,1.01360149184955,1.01360149184955,1.01360149184955,0E-17,ELIGIBLE,R03b_20260811_FULL_v1,L1_ELIGIBILITY,v2026-08-11,2026-03-21..2026-08-06,baccarat_bet02_101_all_pairs_incl_sentinel,round_win = game_pnl > 0 (decisive only),COMPATIBILITY_ONLY_NOT_PRODUCTION,234885.8996,214754.2105,9869.7735,3689,3015,-0.04201944,-0.00608590,-0.04816467,-0.04201944,-9869.7735,234885.8996,OK,0.0000,394.7909,4.0000,96.0000,AG03-UNRESOLVED,ALL5_LEVELS_bet23_to_bet27,394.7909,394.7909,394.7909,394.7909,394.7909,4.000000,4.000000,4.000000,4.000000,4.000000,96.000000,96.000000,96.000000,96.000000,96.000000,5.0,1973.9547,1822.2297,7895.8188,8047.5438,PENDING_AG03,FALSE,NOT_FOR_ENFORCEMENT,9474.9825,206164.0421,9869.7735,9474.9825,394.7909,0.04201944,0.04033866,394.7909,9474.9825,0.04033866,394.7909,394.7909,394.7909,394.7909,394.7909,9474.9825,0.04033866,1973.9547,1822.2297,7895.8188,8047.5438,0.03361555,0.0342615,0.00168078,63.6720,71.2286,3.2736,143.0402,5.0692,3404.1435,43.6957,64.4793,63.5359,42.5677,43.0663,85.2079,124.7713,127.8119,154.8004,42.604,-41.336,2.967791,3.594466,1.478463,30,203,130,8,0.14604117,0.04201944,0.00608590,0E-8,0.000000,0.914292,0.640282,0.04207877,2026-03-23,2026-08-04,69,1947,1162,135,0.511111,1.014849,1.012680,0.486804,,,,,,,,GLOBAL_BASELINE_NO_ENTITY_RANKING,,,NOT_APPLICABLE_GLOBAL_BASELINE,HF9g-P5,,,,X 全窗基线 · 不参与实体赏罚,15050658,1506,A168_HF9F_20260827_0900,2026-08-27 09:00:00
2026-06-03,74657362,2233,0,85.2079072938,-85.2079072938,-85.2079072938,0E-7,1,1,0.49324550000000000,0.493245500000,-0.9865810262130424,-0.9865810262130424,-0.9865810262130424,0E-17,ELIGIBLE,R03b_20260811_FULL_v1,L1_ELIGIBILITY,v2026-08-11,2026-03-21..2026-08-06,baccarat_bet02_101_all_pairs_incl_sentinel,round_win = game_pnl > 0 (decisive only),COMPATIBILITY_ONLY_NOT_PRODUCTION,234885.8996,214754.2105,9869.7735,3689,3015,-0.04201944,-0.00608590,-0.04816467,-0.04201944,-9869.7735,234885.8996,OK,0.0000,394.7909,4.0000,96.0000,AG03-UNRESOLVED,ALL5_LEVELS_bet23_to_bet27,394.7909,394.7909,394.7909,394.7909,394.7909,4.000000,4.000000,4.000000,4.000000,4.000000,96.000000,96.000000,96.000000,96.000000,96.000000,5.0,1973.9547,1822.2297,7895.8188,8047.5438,PENDING_AG03,FALSE,NOT_FOR_ENFORCEMENT,9474.9825,206164.0421,9869.7735,9474.9825,394.7909,0.04201944,0.04033866,394.7909,9474.9825,0.04033866,394.7909,394.7909,394.7909,394.7909,394.7909,9474.9825,0.04033866,1973.9547,1822.2297,7895.8188,8047.5438,0.03361555,0.0342615,0.00168078,63.6720,71.2286,3.2736,143.0402,5.0692,3404.1435,43.6957,64.4793,63.5359,42.5677,43.0663,85.2079,124.7713,127.8119,154.8004,42.604,-41.336,2.967791,3.594466,1.478463,30,203,130,8,0.14604117,0.04201944,0.00608590,0E-8,0.000000,0.914292,0.640282,0.04207877,2026-03-23,2026-08-04,69,1947,1162,135,0.511111,1.014849,1.012680,0.486804,,,,,,,,GLOBAL_BASELINE_NO_ENTITY_RANKING,,,NOT_APPLICABLE_GLOBAL_BASELINE,HF9g-P5,,,,X 全窗基线 · 不参与实体赏罚,15050659,1506,A168_HF9F_20260827_0900,2026-08-27 09:00:00
2026-06-03,74657362,2248,0,127.8118609407,42.6039536469,42.6039536469,0.5000000,2,2,0.49994810000000000,0.499948100000,0.00014679536856514622,0.00014679536856514622,0.00014679536856514622,0E-17,ELIGIBLE,R03b_20260811_FULL_v1,L1_ELIGIBILITY,v2026-08-11,2026-03-21..2026-08-06,baccarat_bet02_101_all_pairs_incl_sentinel,round_win = game_pnl > 0 (decisive only),COMPATIBILITY_ONLY_NOT_PRODUCTION,234885.8996,214754.2105,9869.7735,3689,3015,-0.04201944,-0.00608590,-0.04816467,-0.04201944,-9869.7735,234885.8996,OK,0.0000,394.7909,4.0000,96.0000,AG03-UNRESOLVED,ALL5_LEVELS_bet23_to_bet27,394.7909,394.7909,394.7909,394.7909,394.7909,4.000000,4.000000,4.000000,4.000000,4.000000,96.000000,96.000000,96.000000,96.000000,96.000000,5.0,1973.9547,1822.2297,7895.8188,8047.5438,PENDING_AG03,FALSE,NOT_FOR_ENFORCEMENT,9474.9825,206164.0421,9869.7735,9474.9825,394.7909,0.04201944,0.04033866,394.7909,9474.9825,0.04033866,394.7909,394.7909,394.7909,394.7909,394.7909,9474.9825,0.04033866,1973.9547,1822.2297,7895.8188,8047.5438,0.03361555,0.0342615,0.00168078,63.6720,71.2286,3.2736,143.0402,5.0692,3404.1435,43.6957,64.4793,63.5359,42.5677,43.0663,85.2079,124.7713,127.8119,154.8004,42.604,-41.336,2.967791,3.594466,1.478463,30,203,130,8,0.14604117,0.04201944,0.00608590,0E-8,0.000000,0.914292,0.640282,0.04207877,2026-03-23,2026-08-04,69,1947,1162,135,0.511111,1.014849,1.012680,0.486804,,,,,,,,GLOBAL_BASELINE_NO_ENTITY_RANKING,,,NOT_APPLICABLE_GLOBAL_BASELINE,HF9g-P5,,,,X 全窗基线 · 不参与实体赏罚,15050660,1506,A168_HF9F_20260827_0900,2026-08-27 09:00:00
2026-06-03,74657362,2254,0,85.2079072938,0E-10,0E-10,,1,1,0.49324550000000000,0.493245500000,,,,0E-17,NO_DECISIVE_ROUND,R03b_20260811_FULL_v1,L1_ELIGIBILITY,v2026-08-11,2026-03-21..2026-08-06,baccarat_bet02_101_all_pairs_incl_sentinel,round_win = game_pnl > 0 (decisive only),COMPATIBILITY_ONLY_NOT_PRODUCTION,234885.8996,214754.2105,9869.7735,3689,3015,-0.04201944,-0.00608590,-0.04816467,-0.04201944,-9869.7735,234885.8996,OK,0.0000,394.7909,4.0000,96.0000,AG03-UNRESOLVED,ALL5_LEVELS_bet23_to_bet27,394.7909,394.7909,394.7909,394.7909,394.7909,4.000000,4.000000,4.000000,4.000000,4.000000,96.000000,96.000000,96.000000,96.000000,96.000000,5.0,1973.9547,1822.2297,7895.8188,8047.5438,PENDING_AG03,FALSE,NOT_FOR_ENFORCEMENT,9474.9825,206164.0421,9869.7735,9474.9825,394.7909,0.04201944,0.04033866,394.7909,9474.9825,0.04033866,394.7909,394.7909,394.7909,394.7909,394.7909,9474.9825,0.04033866,1973.9547,1822.2297,7895.8188,8047.5438,0.03361555,0.0342615,0.00168078,63.6720,71.2286,3.2736,143.0402,5.0692,3404.1435,43.6957,64.4793,63.5359,42.5677,43.0663,85.2079,124.7713,127.8119,154.8004,42.604,-41.336,2.967791,3.594466,1.478463,30,203,130,8,0.14604117,0.04201944,0.00608590,0E-8,0.000000,0.914292,0.640282,0.04207877,2026-03-23,2026-08-04,69,1947,1162,135,0.511111,1.014849,1.012680,0.486804,,,,,,,,GLOBAL_BASELINE_NO_ENTITY_RANKING,,,NOT_APPLICABLE_GLOBAL_BASELINE,HF9g-P5,,,,X 全窗基线 · 不参与实体赏罚,15050661,1506,A168_HF9F_20260827_0900,2026-08-27 09:00:00
2026-06-03,74657362,471,0,127.8118609407,-42.6039536469,-42.6039536469,0.5000000,2,2,0.49994810000000000,0.499948100000,0.00014679536856514622,0.00014679536856514622,0.00014679536856514622,0E-17,ELIGIBLE,R03b_20260811_FULL_v1,L1_ELIGIBILITY,v2026-08-11,2026-03-21..2026-08-06,baccarat_bet02_101_all_pairs_incl_sentinel,round_win = game_pnl > 0 (decisive only),COMPATIBILITY_ONLY_NOT_PRODUCTION,234885.8996,214754.2105,9869.7735,3689,3015,-0.04201944,-0.00608590,-0.04816467,-0.04201944,-9869.7735,234885.8996,OK,0.0000,394.7909,4.0000,96.0000,AG03-UNRESOLVED,ALL5_LEVELS_bet23_to_bet27,394.7909,394.7909,394.7909,394.7909,394.7909,4.000000,4.000000,4.000000,4.000000,4.000000,96.000000,96.000000,96.000000,96.000000,96.000000,5.0,1973.9547,1822.2297,7895.8188,8047.5438,PENDING_AG03,FALSE,NOT_FOR_ENFORCEMENT,9474.9825,206164.0421,9869.7735,9474.9825,394.7909,0.04201944,0.04033866,394.7909,9474.9825,0.04033866,394.7909,394.7909,394.7909,394.7909,394.7909,9474.9825,0.04033866,1973.9547,1822.2297,7895.8188,8047.5438,0.03361555,0.0342615,0.00168078,63.6720,71.2286,3.2736,143.0402,5.0692,3404.1435,43.6957,64.4793,63.5359,42.5677,43.0663,85.2079,124.7713,127.8119,154.8004,42.604,-41.336,2.967791,3.594466,1.478463,30,203,130,8,0.14604117,0.04201944,0.00608590,0E-8,0.000000,0.914292,0.640282,0.04207877,2026-03-23,2026-08-04,69,1947,1162,135,0.511111,1.014849,1.012680,0.486804,,,,,,,,GLOBAL_BASELINE_NO_ENTITY_RANKING,,,NOT_APPLICABLE_GLOBAL_BASELINE,HF9g-P5,,,,X 全窗基线 · 不参与实体赏罚,15050662,1506,A168_HF9F_20260827_0900,2026-08-27 09:00:00
2026-06-04,74657362,-1,1,2726.6530334016,-85.2079072938,-85.2079072938,0.6000000,35,25,0.45446939233333333,0.410670760000,1.46137766720795,1.924251395556582,1.46137766720795,0.04379863233333333,SENTINEL_DEALER,R03b_20260811_FULL_v1,L1_ELIGIBILITY,v2026-08-11,2026-03-21..2026-08-06,baccarat_bet02_101_all_pairs_incl_sentinel,round_win = game_pnl > 0 (decisive only),COMPATIBILITY_ONLY_NOT_PRODUCTION,234885.8996,214754.2105,9869.7735,3689,3015,-0.04201944,-0.00608590,-0.04816467,-0.04201944,-9869.7735,234885.8996,OK,0.0000,394.7909,4.0000,96.0000,AG03-UNRESOLVED,ALL5_LEVELS_bet23_to_bet27,394.7909,394.7909,394.7909,394.7909,394.7909,4.000000,4.000000,4.000000,4.000000,4.000000,96.000000,96.000000,96.000000,96.000000,96.000000,5.0,1973.9547,1822.2297,7895.8188,8047.5438,PENDING_AG03,FALSE,NOT_FOR_ENFORCEMENT,9474.9825,206164.0421,9869.7735,9474.9825,394.7909,0.04201944,0.04033866,394.7909,9474.9825,0.04033866,394.7909,394.7909,394.7909,394.7909,394.7909,9474.9825,0.04033866,1973.9547,1822.2297,7895.8188,8047.5438,0.03361555,0.0342615,0.00168078,63.6720,71.2286,3.2736,143.0402,5.0692,3404.1435,43.6957,64.4793,63.5359,42.5677,43.0663,85.2079,124.7713,127.8119,154.8004,42.604,-41.336,2.967791,3.594466,1.478463,30,203,130,8,0.14604117,0.04201944,0.00608590,0E-8,0.000000,0.914292,0.640282,0.04207877,2026-03-23,2026-08-04,69,1947,1162,135,0.511111,1.014849,1.012680,0.486804,,,,,,,,GLOBAL_BASELINE_NO_ENTITY_RANKING,,,NOT_APPLICABLE_GLOBAL_BASELINE,HF9g-P5,,,,X 全窗基线 · 不参与实体赏罚,15050663,1506,A168_HF9F_20260827_0900,2026-08-27 09:00:00
2026-06-04,74657362,1115,0,170.4158145876,0E-10,0E-10,0.5000000,2,2,0.49324550000000000,0.493245500000,0.01910635448239258,0.01910635448239258,0.01910635448239258,0E-17,ELIGIBLE,R03b_20260811_FULL_v1,L1_ELIGIBILITY,v2026-08-11,2026-03-21..2026-08-06,baccarat_bet02_101_all_pairs_incl_sentinel,round_win = game_pnl > 0 (decisive only),COMPATIBILITY_ONLY_NOT_PRODUCTION,234885.8996,214754.2105,9869.7735,3689,3015,-0.04201944,-0.00608590,-0.04816467,-0.04201944,-9869.7735,234885.8996,OK,0.0000,394.7909,4.0000,96.0000,AG03-UNRESOLVED,ALL5_LEVELS_bet23_to_bet27,394.7909,394.7909,394.7909,394.7909,394.7909,4.000000,4.000000,4.000000,4.000000,4.000000,96.000000,96.000000,96.000000,96.000000,96.000000,5.0,1973.9547,1822.2297,7895.8188,8047.5438,PENDING_AG03,FALSE,NOT_FOR_ENFORCEMENT,9474.9825,206164.0421,9869.7735,9474.9825,394.7909,0.04201944,0.04033866,394.7909,9474.9825,0.04033866,394.7909,394.7909,394.7909,394.7909,394.7909,9474.9825,0.04033866,1973.9547,1822.2297,7895.8188,8047.5438,0.03361555,0.0342615,0.00168078,63.6720,71.2286,3.2736,143.0402,5.0692,3404.1435,43.6957,64.4793,63.5359,42.5677,43.0663,85.2079,124.7713,127.8119,154.8004,42.604,-41.336,2.967791,3.594466,1.478463,30,203,130,8,0.14604117,0.04201944,0.00608590,0E-8,0.000000,0.914292,0.640282,0.04207877,2026-03-23,2026-08-04,69,1947,1162,135,0.511111,1.014849,1.012680,0.486804,,,,,,,,GLOBAL_BASELINE_NO_ENTITY_RANKING,,,NOT_APPLICABLE_GLOBAL_BASELINE,HF9g-P5,,,,X 全窗基线 · 不参与实体赏罚,15050664,1506,A168_HF9F_20260827_0900,2026-08-27 09:00:00
2026-06-04,74657362,1151,0,255.6237218814,0E-10,0E-10,0.5000000,3,3,0.49324550000000000,0.493245500000,0.01910635448239258,0.01910635448239258,0.01910635448239258,0E-17,ELIGIBLE,R03b_20260811_FULL_v1,L1_ELIGIBILITY,v2026-08-11,2026-03-21..2026-08-06,baccarat_bet02_101_all_pairs_incl_sentinel,round_win = game_pnl > 0 (decisive only),COMPATIBILITY_ONLY_NOT_PRODUCTION,234885.8996,214754.2105,9869.7735,3689,3015,-0.04201944,-0.00608590,-0.04816467,-0.04201944,-9869.7735,234885.8996,OK,0.0000,394.7909,4.0000,96.0000,AG03-UNRESOLVED,ALL5_LEVELS_bet23_to_bet27,394.7909,394.7909,394.7909,394.7909,394.7909,4.000000,4.000000,4.000000,4.000000,4.000000,96.000000,96.000000,96.000000,96.000000,96.000000,5.0,1973.9547,1822.2297,7895.8188,8047.5438,PENDING_AG03,FALSE,NOT_FOR_ENFORCEMENT,9474.9825,206164.0421,9869.7735,9474.9825,394.7909,0.04201944,0.04033866,394.7909,9474.9825,0.04033866,394.7909,394.7909,394.7909,394.7909,394.7909,9474.9825,0.04033866,1973.9547,1822.2297,7895.8188,8047.5438,0.03361555,0.0342615,0.00168078,63.6720,71.2286,3.2736,143.0402,5.0692,3404.1435,43.6957,64.4793,63.5359,42.5677,43.0663,85.2079,124.7713,127.8119,154.8004,42.604,-41.336,2.967791,3.594466,1.478463,30,203,130,8,0.14604117,0.04201944,0.00608590,0E-8,0.000000,0.914292,0.640282,0.04207877,2026-03-23,2026-08-04,69,1947,1162,135,0.511111,1.014849,1.012680,0.486804,,,,,,,,GLOBAL_BASELINE_NO_ENTITY_RANKING,,,NOT_APPLICABLE_GLOBAL_BASELINE,HF9g-P5,,,,X 全窗基线 · 不参与实体赏罚,15050665,1506,A168_HF9F_20260827_0900,2026-08-27 09:00:00
2026-06-04,74657362,1205,0,85.2079072938,85.2079072938,85.2079072938,1.0000000,1,1,0.49324550000000000,0.493245500000,1.01360149184955,1.01360149184955,1.01360149184955,0E-17,ELIGIBLE,R03b_20260811_FULL_v1,L1_ELIGIBILITY,v2026-08-11,2026-03-21..2026-08-06,baccarat_bet02_101_all_pairs_incl_sentinel,round_win = game_pnl > 0 (decisive only),COMPATIBILITY_ONLY_NOT_PRODUCTION,234885.8996,214754.2105,9869.7735,3689,3015,-0.04201944,-0.00608590,-0.04816467,-0.04201944,-9869.7735,234885.8996,OK,0.0000,394.7909,4.0000,96.0000,AG03-UNRESOLVED,ALL5_LEVELS_bet23_to_bet27,394.7909,394.7909,394.7909,394.7909,394.7909,4.000000,4.000000,4.000000,4.000000,4.000000,96.000000,96.000000,96.000000,96.000000,96.000000,5.0,1973.9547,1822.2297,7895.8188,8047.5438,PENDING_AG03,FALSE,NOT_FOR_ENFORCEMENT,9474.9825,206164.0421,9869.7735,9474.9825,394.7909,0.04201944,0.04033866,394.7909,9474.9825,0.04033866,394.7909,394.7909,394.7909,394.7909,394.7909,9474.9825,0.04033866,1973.9547,1822.2297,7895.8188,8047.5438,0.03361555,0.0342615,0.00168078,63.6720,71.2286,3.2736,143.0402,5.0692,3404.1435,43.6957,64.4793,63.5359,42.5677,43.0663,85.2079,124.7713,127.8119,154.8004,42.604,-41.336,2.967791,3.594466,1.478463,30,203,130,8,0.14604117,0.04201944,0.00608590,0E-8,0.000000,0.914292,0.640282,0.04207877,2026-03-23,2026-08-04,69,1947,1162,135,0.511111,1.014849,1.012680,0.486804,,,,,,,,GLOBAL_BASELINE_NO_ENTITY_RANKING,,,NOT_APPLICABLE_GLOBAL_BASELINE,HF9g-P5,,,,X 全窗基线 · 不参与实体赏罚,15050666,1506,A168_HF9F_20260827_0900,2026-08-27 09:00:00
2026-06-04,74657362,1210,0,85.2079072938,85.2079072938,85.2079072938,1.0000000,1,1,0.50665070000000000,0.506650700000,0.9867858985152569,0.9867858985152569,0.9867858985152569,0E-17,ELIGIBLE,R03b_20260811_FULL_v1,L1_ELIGIBILITY,v2026-08-11,2026-03-21..2026-08-06,baccarat_bet02_101_all_pairs_incl_sentinel,round_win = game_pnl > 0 (decisive only),COMPATIBILITY_ONLY_NOT_PRODUCTION,234885.8996,214754.2105,9869.7735,3689,3015,-0.04201944,-0.00608590,-0.04816467,-0.04201944,-9869.7735,234885.8996,OK,0.0000,394.7909,4.0000,96.0000,AG03-UNRESOLVED,ALL5_LEVELS_bet23_to_bet27,394.7909,394.7909,394.7909,394.7909,394.7909,4.000000,4.000000,4.000000,4.000000,4.000000,96.000000,96.000000,96.000000,96.000000,96.000000,5.0,1973.9547,1822.2297,7895.8188,8047.5438,PENDING_AG03,FALSE,NOT_FOR_ENFORCEMENT,9474.9825,206164.0421,9869.7735,9474.9825,394.7909,0.04201944,0.04033866,394.7909,9474.9825,0.04033866,394.7909,394.7909,394.7909,394.7909,394.7909,9474.9825,0.04033866,1973.9547,1822.2297,7895.8188,8047.5438,0.03361555,0.0342615,0.00168078,63.6720,71.2286,3.2736,143.0402,5.0692,3404.1435,43.6957,64.4793,63.5359,42.5677,43.0663,85.2079,124.7713,127.8119,154.8004,42.604,-41.336,2.967791,3.594466,1.478463,30,203,130,8,0.14604117,0.04201944,0.00608590,0E-8,0.000000,0.914292,0.640282,0.04207877,2026-03-23,2026-08-04,69,1947,1162,135,0.511111,1.014849,1.012680,0.486804,,,,,,,,GLOBAL_BASELINE_NO_ENTITY_RANKING,,,NOT_APPLICABLE_GLOBAL_BASELINE,HF9g-P5,,,,X 全窗基线 · 不参与实体赏罚,15050667,1506,A168_HF9F_20260827_0900,2026-08-27 09:00:00
2026-06-04,74657362,1306,0,85.2079072938,0E-10,0E-10,,1,1,0.50665070000000000,0.506650700000,,,,0E-17,NO_DECISIVE_ROUND,R03b_20260811_FULL_v1,L1_ELIGIBILITY,v2026-08-11,2026-03-21..2026-08-06,baccarat_bet02_101_all_pairs_incl_sentinel,round_win = game_pnl > 0 (decisive only),COMPATIBILITY_ONLY_NOT_PRODUCTION,234885.8996,214754.2105,9869.7735,3689,3015,-0.04201944,-0.00608590,-0.04816467,-0.04201944,-9869.7735,234885.8996,OK,0.0000,394.7909,4.0000,96.0000,AG03-UNRESOLVED,ALL5_LEVELS_bet23_to_bet27,394.7909,394.7909,394.7909,394.7909,394.7909,4.000000,4.000000,4.000000,4.000000,4.000000,96.000000,96.000000,96.000000,96.000000,96.000000,5.0,1973.9547,1822.2297,7895.8188,8047.5438,PENDING_AG03,FALSE,NOT_FOR_ENFORCEMENT,9474.9825,206164.0421,9869.7735,9474.9825,394.7909,0.04201944,0.04033866,394.7909,9474.9825,0.04033866,394.7909,394.7909,394.7909,394.7909,394.7909,9474.9825,0.04033866,1973.9547,1822.2297,7895.8188,8047.5438,0.03361555,0.0342615,0.00168078,63.6720,71.2286,3.2736,143.0402,5.0692,3404.1435,43.6957,64.4793,63.5359,42.5677,43.0663,85.2079,124.7713,127.8119,154.8004,42.604,-41.336,2.967791,3.594466,1.478463,30,203,130,8,0.14604117,0.04201944,0.00608590,0E-8,0.000000,0.914292,0.640282,0.04207877,2026-03-23,2026-08-04,69,1947,1162,135,0.511111,1.014849,1.012680,0.486804,,,,,,,,GLOBAL_BASELINE_NO_ENTITY_RANKING,,,NOT_APPLICABLE_GLOBAL_BASELINE,HF9g-P5,,,,X 全窗基线 · 不参与实体赏罚,15050668,1506,A168_HF9F_20260827_0900,2026-08-27 09:00:00
2026-06-04,74657362,1307,0,85.2079072938,-85.2079072938,-85.2079072938,0E-7,1,1,0.49324550000000000,0.493245500000,-0.9865810262130424,-0.9865810262130424,-0.9865810262130424,0E-17,ELIGIBLE,R03b_20260811_FULL_v1,L1_ELIGIBILITY,v2026-08-11,2026-03-21..2026-08-06,baccarat_bet02_101_all_pairs_incl_sentinel,round_win = game_pnl > 0 (decisive only),COMPATIBILITY_ONLY_NOT_PRODUCTION,234885.8996,214754.2105,9869.7735,3689,3015,-0.04201944,-0.00608590,-0.04816467,-0.04201944,-9869.7735,234885.8996,OK,0.0000,394.7909,4.0000,96.0000,AG03-UNRESOLVED,ALL5_LEVELS_bet23_to_bet27,394.7909,394.7909,394.7909,394.7909,394.7909,4.000000,4.000000,4.000000,4.000000,4.000000,96.000000,96.000000,96.000000,96.000000,96.000000,5.0,1973.9547,1822.2297,7895.8188,8047.5438,PENDING_AG03,FALSE,NOT_FOR_ENFORCEMENT,9474.9825,206164.0421,9869.7735,9474.9825,394.7909,0.04201944,0.04033866,394.7909,9474.9825,0.04033866,394.7909,394.7909,394.7909,394.7909,394.7909,9474.9825,0.04033866,1973.9547,1822.2297,7895.8188,8047.5438,0.03361555,0.0342615,0.00168078,63.6720,71.2286,3.2736,143.0402,5.0692,3404.1435,43.6957,64.4793,63.5359,42.5677,43.0663,85.2079,124.7713,127.8119,154.8004,42.604,-41.336,2.967791,3.594466,1.478463,30,203,130,8,0.14604117,0.04201944,0.00608590,0E-8,0.000000,0.914292,0.640282,0.04207877,2026-03-23,2026-08-04,69,1947,1162,135,0.511111,1.014849,1.012680,0.486804,,,,,,,,GLOBAL_BASELINE_NO_ENTITY_RANKING,,,NOT_APPLICABLE_GLOBAL_BASELINE,HF9g-P5,,,,X 全窗基线 · 不参与实体赏罚,15050669,1506,A168_HF9F_20260827_0900,2026-08-27 09:00:00
2026-06-04,74657362,1331,0,170.4158145876,-170.4158145876,-170.4158145876,0E-7,2,1,0.39337837500000000,0.280106050000,-0.8052788575962098,-0.6237735893609975,-0.8052788575962098,0.11327232500000000,ELIGIBLE,R03b_20260811_FULL_v1,L1_ELIGIBILITY,v2026-08-11,2026-03-21..2026-08-06,baccarat_bet02_101_all_pairs_incl_sentinel,round_win = game_pnl > 0 (decisive only),COMPATIBILITY_ONLY_NOT_PRODUCTION,234885.8996,214754.2105,9869.7735,3689,3015,-0.04201944,-0.00608590,-0.04816467,-0.04201944,-9869.7735,234885.8996,OK,0.0000,394.7909,4.0000,96.0000,AG03-UNRESOLVED,ALL5_LEVELS_bet23_to_bet27,394.7909,394.7909,394.7909,394.7909,394.7909,4.000000,4.000000,4.000000,4.000000,4.000000,96.000000,96.000000,96.000000,96.000000,96.000000,5.0,1973.9547,1822.2297,7895.8188,8047.5438,PENDING_AG03,FALSE,NOT_FOR_ENFORCEMENT,9474.9825,206164.0421,9869.7735,9474.9825,394.7909,0.04201944,0.04033866,394.7909,9474.9825,0.04033866,394.7909,394.7909,394.7909,394.7909,394.7909,9474.9825,0.04033866,1973.9547,1822.2297,7895.8188,8047.5438,0.03361555,0.0342615,0.00168078,63.6720,71.2286,3.2736,143.0402,5.0692,3404.1435,43.6957,64.4793,63.5359,42.5677,43.0663,85.2079,124.7713,127.8119,154.8004,42.604,-41.336,2.967791,3.594466,1.478463,30,203,130,8,0.14604117,0.04201944,0.00608590,0E-8,0.000000,0.914292,0.640282,0.04207877,2026-03-23,2026-08-04,69,1947,1162,135,0.511111,1.014849,1.012680,0.486804,,,,,,,,GLOBAL_BASELINE_NO_ENTITY_RANKING,,,NOT_APPLICABLE_GLOBAL_BASELINE,HF9g-P5,,,,X 全窗基线 · 不参与实体赏罚,15050670,1506,A168_HF9F_20260827_0900,2026-08-27 09:00:00
2026-06-04,74657362,1354,0,243.6946148602,86.9120654396,86.9120654396,0.6666667,3,3,0.49324550000000000,0.493245500000,0.6008033672792107,0.6008033672792106,0.6008033672792107,0E-17,ELIGIBLE,R03b_20260811_FULL_v1,L1_ELIGIBILITY,v2026-08-11,2026-03-21..2026-08-06,baccarat_bet02_101_all_pairs_incl_sentinel,round_win = game_pnl > 0 (decisive only),COMPATIBILITY_ONLY_NOT_PRODUCTION,234885.8996,214754.2105,9869.7735,3689,3015,-0.04201944,-0.00608590,-0.04816467,-0.04201944,-9869.7735,234885.8996,OK,0.0000,394.7909,4.0000,96.0000,AG03-UNRESOLVED,ALL5_LEVELS_bet23_to_bet27,394.7909,394.7909,394.7909,394.7909,394.7909,4.000000,4.000000,4.000000,4.000000,4.000000,96.000000,96.000000,96.000000,96.000000,96.000000,5.0,1973.9547,1822.2297,7895.8188,8047.5438,PENDING_AG03,FALSE,NOT_FOR_ENFORCEMENT,9474.9825,206164.0421,9869.7735,9474.9825,394.7909,0.04201944,0.04033866,394.7909,9474.9825,0.04033866,394.7909,394.7909,394.7909,394.7909,394.7909,9474.9825,0.04033866,1973.9547,1822.2297,7895.8188,8047.5438,0.03361555,0.0342615,0.00168078,63.6720,71.2286,3.2736,143.0402,5.0692,3404.1435,43.6957,64.4793,63.5359,42.5677,43.0663,85.2079,124.7713,127.8119,154.8004,42.604,-41.336,2.967791,3.594466,1.478463,30,203,130,8,0.14604117,0.04201944,0.00608590,0E-8,0.000000,0.914292,0.640282,0.04207877,2026-03-23,2026-08-04,69,1947,1162,135,0.511111,1.014849,1.012680,0.486804,,,,,,,,GLOBAL_BASELINE_NO_ENTITY_RANKING,,,NOT_APPLICABLE_GLOBAL_BASELINE,HF9g-P5,,,,X 全窗基线 · 不参与实体赏罚,15050671,1506,A168_HF9F_20260827_0900,2026-08-27 09:00:00
2026-06-04,74657362,1396,0,168.7116564417,-2.5562372188,-2.5562372188,0.5000000,2,2,0.49994810000000000,0.499948100000,0.00014679536856514622,0.00014679536856514622,0.00014679536856514622,0E-17,ELIGIBLE,R03b_20260811_FULL_v1,L1_ELIGIBILITY,v2026-08-11,2026-03-21..2026-08-06,baccarat_bet02_101_all_pairs_incl_sentinel,round_win = game_pnl > 0 (decisive only),COMPATIBILITY_ONLY_NOT_PRODUCTION,234885.8996,214754.2105,9869.7735,3689,3015,-0.04201944,-0.00608590,-0.04816467,-0.04201944,-9869.7735,234885.8996,OK,0.0000,394.7909,4.0000,96.0000,AG03-UNRESOLVED,ALL5_LEVELS_bet23_to_bet27,394.7909,394.7909,394.7909,394.7909,394.7909,4.000000,4.000000,4.000000,4.000000,4.000000,96.000000,96.000000,96.000000,96.000000,96.000000,5.0,1973.9547,1822.2297,7895.8188,8047.5438,PENDING_AG03,FALSE,NOT_FOR_ENFORCEMENT,9474.9825,206164.0421,9869.7735,9474.9825,394.7909,0.04201944,0.04033866,394.7909,9474.9825,0.04033866,394.7909,394.7909,394.7909,394.7909,394.7909,9474.9825,0.04033866,1973.9547,1822.2297,7895.8188,8047.5438,0.03361555,0.0342615,0.00168078,63.6720,71.2286,3.2736,143.0402,5.0692,3404.1435,43.6957,64.4793,63.5359,42.5677,43.0663,85.2079,124.7713,127.8119,154.8004,42.604,-41.336,2.967791,3.594466,1.478463,30,203,130,8,0.14604117,0.04201944,0.00608590,0E-8,0.000000,0.914292,0.640282,0.04207877,2026-03-23,2026-08-04,69,1947,1162,135,0.511111,1.014849,1.012680,0.486804,,,,,,,,GLOBAL_BASELINE_NO_ENTITY_RANKING,,,NOT_APPLICABLE_GLOBAL_BASELINE,HF9g-P5,,,,X 全窗基线 · 不参与实体赏罚,15050672,1506,A168_HF9F_20260827_0900,2026-08-27 09:00:00
2026-06-04,74657362,1399,0,42.6039536469,42.6039536469,42.6039536469,1.0000000,1,1,0.49324550000000000,0.493245500000,1.01360149184955,1.01360149184955,1.01360149184955,0E-17,ELIGIBLE,R03b_20260811_FULL_v1,L1_ELIGIBILITY,v2026-08-11,2026-03-21..2026-08-06,baccarat_bet02_101_all_pairs_incl_sentinel,round_win = game_pnl > 0 (decisive only),COMPATIBILITY_ONLY_NOT_PRODUCTION,234885.8996,214754.2105,9869.7735,3689,3015,-0.04201944,-0.00608590,-0.04816467,-0.04201944,-9869.7735,234885.8996,OK,0.0000,394.7909,4.0000,96.0000,AG03-UNRESOLVED,ALL5_LEVELS_bet23_to_bet27,394.7909,394.7909,394.7909,394.7909,394.7909,4.000000,4.000000,4.000000,4.000000,4.000000,96.000000,96.000000,96.000000,96.000000,96.000000,5.0,1973.9547,1822.2297,7895.8188,8047.5438,PENDING_AG03,FALSE,NOT_FOR_ENFORCEMENT,9474.9825,206164.0421,9869.7735,9474.9825,394.7909,0.04201944,0.04033866,394.7909,9474.9825,0.04033866,394.7909,394.7909,394.7909,394.7909,394.7909,9474.9825,0.04033866,1973.9547,1822.2297,7895.8188,8047.5438,0.03361555,0.0342615,0.00168078,63.6720,71.2286,3.2736,143.0402,5.0692,3404.1435,43.6957,64.4793,63.5359,42.5677,43.0663,85.2079,124.7713,127.8119,154.8004,42.604,-41.336,2.967791,3.594466,1.478463,30,203,130,8,0.14604117,0.04201944,0.00608590,0E-8,0.000000,0.914292,0.640282,0.04207877,2026-03-23,2026-08-04,69,1947,1162,135,0.511111,1.014849,1.012680,0.486804,,,,,,,,GLOBAL_BASELINE_NO_ENTITY_RANKING,,,NOT_APPLICABLE_GLOBAL_BASELINE,HF9g-P5,,,,X 全窗基线 · 不参与实体赏罚,15050673,1506,A168_HF9F_20260827_0900,2026-08-27 09:00:00
2026-06-04,74657362,1401,0,426.0395364690,255.6237218814,255.6237218814,0.8000000,5,5,0.50128862000000000,0.501288620000,1.335882339249048,1.335882339249048,1.335882339249048,0E-17,ELIGIBLE,R03b_20260811_FULL_v1,L1_ELIGIBILITY,v2026-08-11,2026-03-21..2026-08-06,baccarat_bet02_101_all_pairs_incl_sentinel,round_win = game_pnl > 0 (decisive only),COMPATIBILITY_ONLY_NOT_PRODUCTION,234885.8996,214754.2105,9869.7735,3689,3015,-0.04201944,-0.00608590,-0.04816467,-0.04201944,-9869.7735,234885.8996,OK,0.0000,394.7909,4.0000,96.0000,AG03-UNRESOLVED,ALL5_LEVELS_bet23_to_bet27,394.7909,394.7909,394.7909,394.7909,394.7909,4.000000,4.000000,4.000000,4.000000,4.000000,96.000000,96.000000,96.000000,96.000000,96.000000,5.0,1973.9547,1822.2297,7895.8188,8047.5438,PENDING_AG03,FALSE,NOT_FOR_ENFORCEMENT,9474.9825,206164.0421,9869.7735,9474.9825,394.7909,0.04201944,0.04033866,394.7909,9474.9825,0.04033866,394.7909,394.7909,394.7909,394.7909,394.7909,9474.9825,0.04033866,1973.9547,1822.2297,7895.8188,8047.5438,0.03361555,0.0342615,0.00168078,63.6720,71.2286,3.2736,143.0402,5.0692,3404.1435,43.6957,64.4793,63.5359,42.5677,43.0663,85.2079,124.7713,127.8119,154.8004,42.604,-41.336,2.967791,3.594466,1.478463,30,203,130,8,0.14604117,0.04201944,0.00608590,0E-8,0.000000,0.914292,0.640282,0.04207877,2026-03-23,2026-08-04,69,1947,1162,135,0.511111,1.014849,1.012680,0.486804,,,,,,,,GLOBAL_BASELINE_NO_ENTITY_RANKING,,,NOT_APPLICABLE_GLOBAL_BASELINE,HF9g-P5,,,,X 全窗基线 · 不参与实体赏罚,15050674,1506,A168_HF9F_20260827_0900,2026-08-27 09:00:00
2026-06-04,74657362,1402,0,170.4158145876,170.4158145876,170.4158145876,1.0000000,2,2,0.49324550000000000,0.493245500000,1.4334489766152358,1.4334489766152358,1.4334489766152358,0E-17,ELIGIBLE,R03b_20260811_FULL_v1,L1_ELIGIBILITY,v2026-08-11,2026-03-21..2026-08-06,baccarat_bet02_101_all_pairs_incl_sentinel,round_win = game_pnl > 0 (decisive only),COMPATIBILITY_ONLY_NOT_PRODUCTION,234885.8996,214754.2105,9869.7735,3689,3015,-0.04201944,-0.00608590,-0.04816467,-0.04201944,-9869.7735,234885.8996,OK,0.0000,394.7909,4.0000,96.0000,AG03-UNRESOLVED,ALL5_LEVELS_bet23_to_bet27,394.7909,394.7909,394.7909,394.7909,394.7909,4.000000,4.000000,4.000000,4.000000,4.000000,96.000000,96.000000,96.000000,96.000000,96.000000,5.0,1973.9547,1822.2297,7895.8188,8047.5438,PENDING_AG03,FALSE,NOT_FOR_ENFORCEMENT,9474.9825,206164.0421,9869.7735,9474.9825,394.7909,0.04201944,0.04033866,394.7909,9474.9825,0.04033866,394.7909,394.7909,394.7909,394.7909,394.7909,9474.9825,0.04033866,1973.9547,1822.2297,7895.8188,8047.5438,0.03361555,0.0342615,0.00168078,63.6720,71.2286,3.2736,143.0402,5.0692,3404.1435,43.6957,64.4793,63.5359,42.5677,43.0663,85.2079,124.7713,127.8119,154.8004,42.604,-41.336,2.967791,3.594466,1.478463,30,203,130,8,0.14604117,0.04201944,0.00608590,0E-8,0.000000,0.914292,0.640282,0.04207877,2026-03-23,2026-08-04,69,1947,1162,135,0.511111,1.014849,1.012680,0.486804,,,,,,,,GLOBAL_BASELINE_NO_ENTITY_RANKING,,,NOT_APPLICABLE_GLOBAL_BASELINE,HF9g-P5,,,,X 全窗基线 · 不参与实体赏罚,15050675,1506,A168_HF9F_20260827_0900,2026-08-27 09:00:00
2026-06-04,74657362,1490,0,170.4158145876,-170.4158145876,-170.4158145876,0E-7,2,2,0.49324550000000000,0.493245500000,-1.3952362676504506,-1.3952362676504506,-1.3952362676504506,0E-17,ELIGIBLE,R03b_20260811_FULL_v1,L1_ELIGIBILITY,v2026-08-11,2026-03-21..2026-08-06,baccarat_bet02_101_all_pairs_incl_sentinel,round_win = game_pnl > 0 (decisive only),COMPATIBILITY_ONLY_NOT_PRODUCTION,234885.8996,214754.2105,9869.7735,3689,3015,-0.04201944,-0.00608590,-0.04816467,-0.04201944,-9869.7735,234885.8996,OK,0.0000,394.7909,4.0000,96.0000,AG03-UNRESOLVED,ALL5_LEVELS_bet23_to_bet27,394.7909,394.7909,394.7909,394.7909,394.7909,4.000000,4.000000,4.000000,4.000000,4.000000,96.000000,96.000000,96.000000,96.000000,96.000000,5.0,1973.9547,1822.2297,7895.8188,8047.5438,PENDING_AG03,FALSE,NOT_FOR_ENFORCEMENT,9474.9825,206164.0421,9869.7735,9474.9825,394.7909,0.04201944,0.04033866,394.7909,9474.9825,0.04033866,394.7909,394.7909,394.7909,394.7909,394.7909,9474.9825,0.04033866,1973.9547,1822.2297,7895.8188,8047.5438,0.03361555,0.0342615,0.00168078,63.6720,71.2286,3.2736,143.0402,5.0692,3404.1435,43.6957,64.4793,63.5359,42.5677,43.0663,85.2079,124.7713,127.8119,154.8004,42.604,-41.336,2.967791,3.594466,1.478463,30,203,130,8,0.14604117,0.04201944,0.00608590,0E-8,0.000000,0.914292,0.640282,0.04207877,2026-03-23,2026-08-04,69,1947,1162,135,0.511111,1.014849,1.012680,0.486804,,,,,,,,GLOBAL_BASELINE_NO_ENTITY_RANKING,,,NOT_APPLICABLE_GLOBAL_BASELINE,HF9g-P5,,,,X 全窗基线 · 不参与实体赏罚,15050676,1506,A168_HF9F_20260827_0900,2026-08-27 09:00:00
2026-06-04,74657362,1507,0,1065.0988411725,-426.0395364690,-426.0395364690,0.3333333,12,6,0.39337837500000000,0.280106050000,-0.30108463333230456,0.2903450454515462,-0.30108463333230456,0.11327232500000000,ELIGIBLE,R03b_20260811_FULL_v1,L1_ELIGIBILITY,v2026-08-11,2026-03-21..2026-08-06,baccarat_bet02_101_all_pairs_incl_sentinel,round_win = game_pnl > 0 (decisive only),COMPATIBILITY_ONLY_NOT_PRODUCTION,234885.8996,214754.2105,9869.7735,3689,3015,-0.04201944,-0.00608590,-0.04816467,-0.04201944,-9869.7735,234885.8996,OK,0.0000,394.7909,4.0000,96.0000,AG03-UNRESOLVED,ALL5_LEVELS_bet23_to_bet27,394.7909,394.7909,394.7909,394.7909,394.7909,4.000000,4.000000,4.000000,4.000000,4.000000,96.000000,96.000000,96.000000,96.000000,96.000000,5.0,1973.9547,1822.2297,7895.8188,8047.5438,PENDING_AG03,FALSE,NOT_FOR_ENFORCEMENT,9474.9825,206164.0421,9869.7735,9474.9825,394.7909,0.04201944,0.04033866,394.7909,9474.9825,0.04033866,394.7909,394.7909,394.7909,394.7909,394.7909,9474.9825,0.04033866,1973.9547,1822.2297,7895.8188,8047.5438,0.03361555,0.0342615,0.00168078,63.6720,71.2286,3.2736,143.0402,5.0692,3404.1435,43.6957,64.4793,63.5359,42.5677,43.0663,85.2079,124.7713,127.8119,154.8004,42.604,-41.336,2.967791,3.594466,1.478463,30,203,130,8,0.14604117,0.04201944,0.00608590,0E-8,0.000000,0.914292,0.640282,0.04207877,2026-03-23,2026-08-04,69,1947,1162,135,0.511111,1.014849,1.012680,0.486804,,,,,,,,GLOBAL_BASELINE_NO_ENTITY_RANKING,,,NOT_APPLICABLE_GLOBAL_BASELINE,HF9g-P5,,,,X 全窗基线 · 不参与实体赏罚,15050677,1506,A168_HF9F_20260827_0900,2026-08-27 09:00:00
2026-06-04,74657362,1509,0,85.2079072938,0E-10,0E-10,,1,1,0.49324550000000000,0.493245500000,,,,0E-17,NO_DECISIVE_ROUND,R03b_20260811_FULL_v1,L1_ELIGIBILITY,v2026-08-11,2026-03-21..2026-08-06,baccarat_bet02_101_all_pairs_incl_sentinel,round_win = game_pnl > 0 (decisive only),COMPATIBILITY_ONLY_NOT_PRODUCTION,234885.8996,214754.2105,9869.7735,3689,3015,-0.04201944,-0.00608590,-0.04816467,-0.04201944,-9869.7735,234885.8996,OK,0.0000,394.7909,4.0000,96.0000,AG03-UNRESOLVED,ALL5_LEVELS_bet23_to_bet27,394.7909,394.7909,394.7909,394.7909,394.7909,4.000000,4.000000,4.000000,4.000000,4.000000,96.000000,96.000000,96.000000,96.000000,96.000000,5.0,1973.9547,1822.2297,7895.8188,8047.5438,PENDING_AG03,FALSE,NOT_FOR_ENFORCEMENT,9474.9825,206164.0421,9869.7735,9474.9825,394.7909,0.04201944,0.04033866,394.7909,9474.9825,0.04033866,394.7909,394.7909,394.7909,394.7909,394.7909,9474.9825,0.04033866,1973.9547,1822.2297,7895.8188,8047.5438,0.03361555,0.0342615,0.00168078,63.6720,71.2286,3.2736,143.0402,5.0692,3404.1435,43.6957,64.4793,63.5359,42.5677,43.0663,85.2079,124.7713,127.8119,154.8004,42.604,-41.336,2.967791,3.594466,1.478463,30,203,130,8,0.14604117,0.04201944,0.00608590,0E-8,0.000000,0.914292,0.640282,0.04207877,2026-03-23,2026-08-04,69,1947,1162,135,0.511111,1.014849,1.012680,0.486804,,,,,,,,GLOBAL_BASELINE_NO_ENTITY_RANKING,,,NOT_APPLICABLE_GLOBAL_BASELINE,HF9g-P5,,,,X 全窗基线 · 不参与实体赏罚,15050678,1506,A168_HF9F_20260827_0900,2026-08-27 09:00:00
2026-06-04,74657362,1704,0,42.6039536469,0E-10,0E-10,,1,1,0.49324550000000000,0.493245500000,,,,0E-17,NO_DECISIVE_ROUND,R03b_20260811_FULL_v1,L1_ELIGIBILITY,v2026-08-11,2026-03-21..2026-08-06,baccarat_bet02_101_all_pairs_incl_sentinel,round_win = game_pnl > 0 (decisive only),COMPATIBILITY_ONLY_NOT_PRODUCTION,234885.8996,214754.2105,9869.7735,3689,3015,-0.04201944,-0.00608590,-0.04816467,-0.04201944,-9869.7735,234885.8996,OK,0.0000,394.7909,4.0000,96.0000,AG03-UNRESOLVED,ALL5_LEVELS_bet23_to_bet27,394.7909,394.7909,394.7909,394.7909,394.7909,4.000000,4.000000,4.000000,4.000000,4.000000,96.000000,96.000000,96.000000,96.000000,96.000000,5.0,1973.9547,1822.2297,7895.8188,8047.5438,PENDING_AG03,FALSE,NOT_FOR_ENFORCEMENT,9474.9825,206164.0421,9869.7735,9474.9825,394.7909,0.04201944,0.04033866,394.7909,9474.9825,0.04033866,394.7909,394.7909,394.7909,394.7909,394.7909,9474.9825,0.04033866,1973.9547,1822.2297,7895.8188,8047.5438,0.03361555,0.0342615,0.00168078,63.6720,71.2286,3.2736,143.0402,5.0692,3404.1435,43.6957,64.4793,63.5359,42.5677,43.0663,85.2079,124.7713,127.8119,154.8004,42.604,-41.336,2.967791,3.594466,1.478463,30,203,130,8,0.14604117,0.04201944,0.00608590,0E-8,0.000000,0.914292,0.640282,0.04207877,2026-03-23,2026-08-04,69,1947,1162,135,0.511111,1.014849,1.012680,0.486804,,,,,,,,GLOBAL_BASELINE_NO_ENTITY_RANKING,,,NOT_APPLICABLE_GLOBAL_BASELINE,HF9g-P5,,,,X 全窗基线 · 不参与实体赏罚,15050679,1506,A168_HF9F_20260827_0900,2026-08-27 09:00:00
2026-06-04,74657362,1942,0,149.9659168371,-149.9659168371,-149.9659168371,0E-7,2,1,0.40367585909097776,0.280106050000,-0.8227638344293481,-0.6237735893609975,-0.8227638344293481,0.12356980909097776,ELIGIBLE,R03b_20260811_FULL_v1,L1_ELIGIBILITY,v2026-08-11,2026-03-21..2026-08-06,baccarat_bet02_101_all_pairs_incl_sentinel,round_win = game_pnl > 0 (decisive only),COMPATIBILITY_ONLY_NOT_PRODUCTION,234885.8996,214754.2105,9869.7735,3689,3015,-0.04201944,-0.00608590,-0.04816467,-0.04201944,-9869.7735,234885.8996,OK,0.0000,394.7909,4.0000,96.0000,AG03-UNRESOLVED,ALL5_LEVELS_bet23_to_bet27,394.7909,394.7909,394.7909,394.7909,394.7909,4.000000,4.000000,4.000000,4.000000,4.000000,96.000000,96.000000,96.000000,96.000000,96.000000,5.0,1973.9547,1822.2297,7895.8188,8047.5438,PENDING_AG03,FALSE,NOT_FOR_ENFORCEMENT,9474.9825,206164.0421,9869.7735,9474.9825,394.7909,0.04201944,0.04033866,394.7909,9474.9825,0.04033866,394.7909,394.7909,394.7909,394.7909,394.7909,9474.9825,0.04033866,1973.9547,1822.2297,7895.8188,8047.5438,0.03361555,0.0342615,0.00168078,63.6720,71.2286,3.2736,143.0402,5.0692,3404.1435,43.6957,64.4793,63.5359,42.5677,43.0663,85.2079,124.7713,127.8119,154.8004,42.604,-41.336,2.967791,3.594466,1.478463,30,203,130,8,0.14604117,0.04201944,0.00608590,0E-8,0.000000,0.914292,0.640282,0.04207877,2026-03-23,2026-08-04,69,1947,1162,135,0.511111,1.014849,1.012680,0.486804,,,,,,,,GLOBAL_BASELINE_NO_ENTITY_RANKING,,,NOT_APPLICABLE_GLOBAL_BASELINE,HF9g-P5,,,,X 全窗基线 · 不参与实体赏罚,15050680,1506,A168_HF9F_20260827_0900,2026-08-27 09:00:00
2026-06-04,74657362,1947,0,51.1247443763,-51.1247443763,-51.1247443763,0E-7,2,1,0.42463583333319913,0.287416500000,-0.859086539674472,-0.6350939377956173,-0.859086539674472,0.13721933333319913,ELIGIBLE,R03b_20260811_FULL_v1,L1_ELIGIBILITY,v2026-08-11,2026-03-21..2026-08-06,baccarat_bet02_101_all_pairs_incl_sentinel,round_win = game_pnl > 0 (decisive only),COMPATIBILITY_ONLY_NOT_PRODUCTION,234885.8996,214754.2105,9869.7735,3689,3015,-0.04201944,-0.00608590,-0.04816467,-0.04201944,-9869.7735,234885.8996,OK,0.0000,394.7909,4.0000,96.0000,AG03-UNRESOLVED,ALL5_LEVELS_bet23_to_bet27,394.7909,394.7909,394.7909,394.7909,394.7909,4.000000,4.000000,4.000000,4.000000,4.000000,96.000000,96.000000,96.000000,96.000000,96.000000,5.0,1973.9547,1822.2297,7895.8188,8047.5438,PENDING_AG03,FALSE,NOT_FOR_ENFORCEMENT,9474.9825,206164.0421,9869.7735,9474.9825,394.7909,0.04201944,0.04033866,394.7909,9474.9825,0.04033866,394.7909,394.7909,394.7909,394.7909,394.7909,9474.9825,0.04033866,1973.9547,1822.2297,7895.8188,8047.5438,0.03361555,0.0342615,0.00168078,63.6720,71.2286,3.2736,143.0402,5.0692,3404.1435,43.6957,64.4793,63.5359,42.5677,43.0663,85.2079,124.7713,127.8119,154.8004,42.604,-41.336,2.967791,3.594466,1.478463,30,203,130,8,0.14604117,0.04201944,0.00608590,0E-8,0.000000,0.914292,0.640282,0.04207877,2026-03-23,2026-08-04,69,1947,1162,135,0.511111,1.014849,1.012680,0.486804,,,,,,,,GLOBAL_BASELINE_NO_ENTITY_RANKING,,,NOT_APPLICABLE_GLOBAL_BASELINE,HF9g-P5,,,,X 全窗基线 · 不参与实体赏罚,15050681,1506,A168_HF9F_20260827_0900,2026-08-27 09:00:00
2026-06-04,74657362,1966,0,85.2079072938,-85.2079072938,-85.2079072938,0E-7,1,1,0.49324550000000000,0.493245500000,-0.9865810262130424,-0.9865810262130424,-0.9865810262130424,0E-17,ELIGIBLE,R03b_20260811_FULL_v1,L1_ELIGIBILITY,v2026-08-11,2026-03-21..2026-08-06,baccarat_bet02_101_all_pairs_incl_sentinel,round_win = game_pnl > 0 (decisive only),COMPATIBILITY_ONLY_NOT_PRODUCTION,234885.8996,214754.2105,9869.7735,3689,3015,-0.04201944,-0.00608590,-0.04816467,-0.04201944,-9869.7735,234885.8996,OK,0.0000,394.7909,4.0000,96.0000,AG03-UNRESOLVED,ALL5_LEVELS_bet23_to_bet27,394.7909,394.7909,394.7909,394.7909,394.7909,4.000000,4.000000,4.000000,4.000000,4.000000,96.000000,96.000000,96.000000,96.000000,96.000000,5.0,1973.9547,1822.2297,7895.8188,8047.5438,PENDING_AG03,FALSE,NOT_FOR_ENFORCEMENT,9474.9825,206164.0421,9869.7735,9474.9825,394.7909,0.04201944,0.04033866,394.7909,9474.9825,0.04033866,394.7909,394.7909,394.7909,394.7909,394.7909,9474.9825,0.04033866,1973.9547,1822.2297,7895.8188,8047.5438,0.03361555,0.0342615,0.00168078,63.6720,71.2286,3.2736,143.0402,5.0692,3404.1435,43.6957,64.4793,63.5359,42.5677,43.0663,85.2079,124.7713,127.8119,154.8004,42.604,-41.336,2.967791,3.594466,1.478463,30,203,130,8,0.14604117,0.04201944,0.00608590,0E-8,0.000000,0.914292,0.640282,0.04207877,2026-03-23,2026-08-04,69,1947,1162,135,0.511111,1.014849,1.012680,0.486804,,,,,,,,GLOBAL_BASELINE_NO_ENTITY_RANKING,,,NOT_APPLICABLE_GLOBAL_BASELINE,HF9g-P5,,,,X 全窗基线 · 不参与实体赏罚,15050682,1506,A168_HF9F_20260827_0900,2026-08-27 09:00:00
2026-06-04,74657362,1994,0,42.6039536469,42.6039536469,42.6039536469,1.0000000,1,1,0.49324550000000000,0.493245500000,1.01360149184955,1.01360149184955,1.01360149184955,0E-17,ELIGIBLE,R03b_20260811_FULL_v1,L1_ELIGIBILITY,v2026-08-11,2026-03-21..2026-08-06,baccarat_bet02_101_all_pairs_incl_sentinel,round_win = game_pnl > 0 (decisive only),COMPATIBILITY_ONLY_NOT_PRODUCTION,234885.8996,214754.2105,9869.7735,3689,3015,-0.04201944,-0.00608590,-0.04816467,-0.04201944,-9869.7735,234885.8996,OK,0.0000,394.7909,4.0000,96.0000,AG03-UNRESOLVED,ALL5_LEVELS_bet23_to_bet27,394.7909,394.7909,394.7909,394.7909,394.7909,4.000000,4.000000,4.000000,4.000000,4.000000,96.000000,96.000000,96.000000,96.000000,96.000000,5.0,1973.9547,1822.2297,7895.8188,8047.5438,PENDING_AG03,FALSE,NOT_FOR_ENFORCEMENT,9474.9825,206164.0421,9869.7735,9474.9825,394.7909,0.04201944,0.04033866,394.7909,9474.9825,0.04033866,394.7909,394.7909,394.7909,394.7909,394.7909,9474.9825,0.04033866,1973.9547,1822.2297,7895.8188,8047.5438,0.03361555,0.0342615,0.00168078,63.6720,71.2286,3.2736,143.0402,5.0692,3404.1435,43.6957,64.4793,63.5359,42.5677,43.0663,85.2079,124.7713,127.8119,154.8004,42.604,-41.336,2.967791,3.594466,1.478463,30,203,130,8,0.14604117,0.04201944,0.00608590,0E-8,0.000000,0.914292,0.640282,0.04207877,2026-03-23,2026-08-04,69,1947,1162,135,0.511111,1.014849,1.012680,0.486804,,,,,,,,GLOBAL_BASELINE_NO_ENTITY_RANKING,,,NOT_APPLICABLE_GLOBAL_BASELINE,HF9g-P5,,,,X 全窗基线 · 不参与实体赏罚,15050683,1506,A168_HF9F_20260827_0900,2026-08-27 09:00:00
2026-06-04,74657362,2093,0,255.6237218814,85.2079072938,85.2079072938,0.6666667,3,3,0.49324550000000000,0.493245500000,0.6008033672792107,0.6008033672792106,0.6008033672792107,0E-17,ELIGIBLE,R03b_20260811_FULL_v1,L1_ELIGIBILITY,v2026-08-11,2026-03-21..2026-08-06,baccarat_bet02_101_all_pairs_incl_sentinel,round_win = game_pnl > 0 (decisive only),COMPATIBILITY_ONLY_NOT_PRODUCTION,234885.8996,214754.2105,9869.7735,3689,3015,-0.04201944,-0.00608590,-0.04816467,-0.04201944,-9869.7735,234885.8996,OK,0.0000,394.7909,4.0000,96.0000,AG03-UNRESOLVED,ALL5_LEVELS_bet23_to_bet27,394.7909,394.7909,394.7909,394.7909,394.7909,4.000000,4.000000,4.000000,4.000000,4.000000,96.000000,96.000000,96.000000,96.000000,96.000000,5.0,1973.9547,1822.2297,7895.8188,8047.5438,PENDING_AG03,FALSE,NOT_FOR_ENFORCEMENT,9474.9825,206164.0421,9869.7735,9474.9825,394.7909,0.04201944,0.04033866,394.7909,9474.9825,0.04033866,394.7909,394.7909,394.7909,394.7909,394.7909,9474.9825,0.04033866,1973.9547,1822.2297,7895.8188,8047.5438,0.03361555,0.0342615,0.00168078,63.6720,71.2286,3.2736,143.0402,5.0692,3404.1435,43.6957,64.4793,63.5359,42.5677,43.0663,85.2079,124.7713,127.8119,154.8004,42.604,-41.336,2.967791,3.594466,1.478463,30,203,130,8,0.14604117,0.04201944,0.00608590,0E-8,0.000000,0.914292,0.640282,0.04207877,2026-03-23,2026-08-04,69,1947,1162,135,0.511111,1.014849,1.012680,0.486804,,,,,,,,GLOBAL_BASELINE_NO_ENTITY_RANKING,,,NOT_APPLICABLE_GLOBAL_BASELINE,HF9g-P5,,,,X 全窗基线 · 不参与实体赏罚,15050684,1506,A168_HF9F_20260827_0900,2026-08-27 09:00:00
2026-06-04,74657362,2134,0,85.2079072938,-85.2079072938,-85.2079072938,0E-7,1,1,0.49324550000000000,0.493245500000,-0.9865810262130424,-0.9865810262130424,-0.9865810262130424,0E-17,ELIGIBLE,R03b_20260811_FULL_v1,L1_ELIGIBILITY,v2026-08-11,2026-03-21..2026-08-06,baccarat_bet02_101_all_pairs_incl_sentinel,round_win = game_pnl > 0 (decisive only),COMPATIBILITY_ONLY_NOT_PRODUCTION,234885.8996,214754.2105,9869.7735,3689,3015,-0.04201944,-0.00608590,-0.04816467,-0.04201944,-9869.7735,234885.8996,OK,0.0000,394.7909,4.0000,96.0000,AG03-UNRESOLVED,ALL5_LEVELS_bet23_to_bet27,394.7909,394.7909,394.7909,394.7909,394.7909,4.000000,4.000000,4.000000,4.000000,4.000000,96.000000,96.000000,96.000000,96.000000,96.000000,5.0,1973.9547,1822.2297,7895.8188,8047.5438,PENDING_AG03,FALSE,NOT_FOR_ENFORCEMENT,9474.9825,206164.0421,9869.7735,9474.9825,394.7909,0.04201944,0.04033866,394.7909,9474.9825,0.04033866,394.7909,394.7909,394.7909,394.7909,394.7909,9474.9825,0.04033866,1973.9547,1822.2297,7895.8188,8047.5438,0.03361555,0.0342615,0.00168078,63.6720,71.2286,3.2736,143.0402,5.0692,3404.1435,43.6957,64.4793,63.5359,42.5677,43.0663,85.2079,124.7713,127.8119,154.8004,42.604,-41.336,2.967791,3.594466,1.478463,30,203,130,8,0.14604117,0.04201944,0.00608590,0E-8,0.000000,0.914292,0.640282,0.04207877,2026-03-23,2026-08-04,69,1947,1162,135,0.511111,1.014849,1.012680,0.486804,,,,,,,,GLOBAL_BASELINE_NO_ENTITY_RANKING,,,NOT_APPLICABLE_GLOBAL_BASELINE,HF9g-P5,,,,X 全窗基线 · 不参与实体赏罚,15050685,1506,A168_HF9F_20260827_0900,2026-08-27 09:00:00
2026-06-04,74657362,2141,0,42.6039536469,-42.6039536469,-42.6039536469,0E-7,1,1,0.49324550000000000,0.493245500000,-0.9865810262130424,-0.9865810262130424,-0.9865810262130424,0E-17,ELIGIBLE,R03b_20260811_FULL_v1,L1_ELIGIBILITY,v2026-08-11,2026-03-21..2026-08-06,baccarat_bet02_101_all_pairs_incl_sentinel,round_win = game_pnl > 0 (decisive only),COMPATIBILITY_ONLY_NOT_PRODUCTION,234885.8996,214754.2105,9869.7735,3689,3015,-0.04201944,-0.00608590,-0.04816467,-0.04201944,-9869.7735,234885.8996,OK,0.0000,394.7909,4.0000,96.0000,AG03-UNRESOLVED,ALL5_LEVELS_bet23_to_bet27,394.7909,394.7909,394.7909,394.7909,394.7909,4.000000,4.000000,4.000000,4.000000,4.000000,96.000000,96.000000,96.000000,96.000000,96.000000,5.0,1973.9547,1822.2297,7895.8188,8047.5438,PENDING_AG03,FALSE,NOT_FOR_ENFORCEMENT,9474.9825,206164.0421,9869.7735,9474.9825,394.7909,0.04201944,0.04033866,394.7909,9474.9825,0.04033866,394.7909,394.7909,394.7909,394.7909,394.7909,9474.9825,0.04033866,1973.9547,1822.2297,7895.8188,8047.5438,0.03361555,0.0342615,0.00168078,63.6720,71.2286,3.2736,143.0402,5.0692,3404.1435,43.6957,64.4793,63.5359,42.5677,43.0663,85.2079,124.7713,127.8119,154.8004,42.604,-41.336,2.967791,3.594466,1.478463,30,203,130,8,0.14604117,0.04201944,0.00608590,0E-8,0.000000,0.914292,0.640282,0.04207877,2026-03-23,2026-08-04,69,1947,1162,135,0.511111,1.014849,1.012680,0.486804,,,,,,,,GLOBAL_BASELINE_NO_ENTITY_RANKING,,,NOT_APPLICABLE_GLOBAL_BASELINE,HF9g-P5,,,,X 全窗基线 · 不参与实体赏罚,15050686,1506,A168_HF9F_20260827_0900,2026-08-27 09:00:00
2026-06-04,74657362,2145,0,255.6237218814,-170.4158145876,-170.4158145876,0.2500000,4,4,0.49659680000000000,0.496596800000,-0.9864100490137353,-0.9864100490137354,-0.9864100490137353,0E-17,ELIGIBLE,R03b_20260811_FULL_v1,L1_ELIGIBILITY,v2026-08-11,2026-03-21..2026-08-06,baccarat_bet02_101_all_pairs_incl_sentinel,round_win = game_pnl > 0 (decisive only),COMPATIBILITY_ONLY_NOT_PRODUCTION,234885.8996,214754.2105,9869.7735,3689,3015,-0.04201944,-0.00608590,-0.04816467,-0.04201944,-9869.7735,234885.8996,OK,0.0000,394.7909,4.0000,96.0000,AG03-UNRESOLVED,ALL5_LEVELS_bet23_to_bet27,394.7909,394.7909,394.7909,394.7909,394.7909,4.000000,4.000000,4.000000,4.000000,4.000000,96.000000,96.000000,96.000000,96.000000,96.000000,5.0,1973.9547,1822.2297,7895.8188,8047.5438,PENDING_AG03,FALSE,NOT_FOR_ENFORCEMENT,9474.9825,206164.0421,9869.7735,9474.9825,394.7909,0.04201944,0.04033866,394.7909,9474.9825,0.04033866,394.7909,394.7909,394.7909,394.7909,394.7909,9474.9825,0.04033866,1973.9547,1822.2297,7895.8188,8047.5438,0.03361555,0.0342615,0.00168078,63.6720,71.2286,3.2736,143.0402,5.0692,3404.1435,43.6957,64.4793,63.5359,42.5677,43.0663,85.2079,124.7713,127.8119,154.8004,42.604,-41.336,2.967791,3.594466,1.478463,30,203,130,8,0.14604117,0.04201944,0.00608590,0E-8,0.000000,0.914292,0.640282,0.04207877,2026-03-23,2026-08-04,69,1947,1162,135,0.511111,1.014849,1.012680,0.486804,,,,,,,,GLOBAL_BASELINE_NO_ENTITY_RANKING,,,NOT_APPLICABLE_GLOBAL_BASELINE,HF9g-P5,,,,X 全窗基线 · 不参与实体赏罚,15050687,1506,A168_HF9F_20260827_0900,2026-08-27 09:00:00
2026-06-04,74657362,2147,0,42.6039536469,42.6039536469,42.6039536469,1.0000000,1,1,0.50665070000000000,0.506650700000,0.9867858985152569,0.9867858985152569,0.9867858985152569,0E-17,ELIGIBLE,R03b_20260811_FULL_v1,L1_ELIGIBILITY,v2026-08-11,2026-03-21..2026-08-06,baccarat_bet02_101_all_pairs_incl_sentinel,round_win = game_pnl > 0 (decisive only),COMPATIBILITY_ONLY_NOT_PRODUCTION,234885.8996,214754.2105,9869.7735,3689,3015,-0.04201944,-0.00608590,-0.04816467,-0.04201944,-9869.7735,234885.8996,OK,0.0000,394.7909,4.0000,96.0000,AG03-UNRESOLVED,ALL5_LEVELS_bet23_to_bet27,394.7909,394.7909,394.7909,394.7909,394.7909,4.000000,4.000000,4.000000,4.000000,4.000000,96.000000,96.000000,96.000000,96.000000,96.000000,5.0,1973.9547,1822.2297,7895.8188,8047.5438,PENDING_AG03,FALSE,NOT_FOR_ENFORCEMENT,9474.9825,206164.0421,9869.7735,9474.9825,394.7909,0.04201944,0.04033866,394.7909,9474.9825,0.04033866,394.7909,394.7909,394.7909,394.7909,394.7909,9474.9825,0.04033866,1973.9547,1822.2297,7895.8188,8047.5438,0.03361555,0.0342615,0.00168078,63.6720,71.2286,3.2736,143.0402,5.0692,3404.1435,43.6957,64.4793,63.5359,42.5677,43.0663,85.2079,124.7713,127.8119,154.8004,42.604,-41.336,2.967791,3.594466,1.478463,30,203,130,8,0.14604117,0.04201944,0.00608590,0E-8,0.000000,0.914292,0.640282,0.04207877,2026-03-23,2026-08-04,69,1947,1162,135,0.511111,1.014849,1.012680,0.486804,,,,,,,,GLOBAL_BASELINE_NO_ENTITY_RANKING,,,NOT_APPLICABLE_GLOBAL_BASELINE,HF9g-P5,,,,X 全窗基线 · 不参与实体赏罚,15050688,1506,A168_HF9F_20260827_0900,2026-08-27 09:00:00
2026-06-04,74657362,2153,0,85.2079072938,85.2079072938,85.2079072938,1.0000000,1,1,0.50665070000000000,0.506650700000,0.9867858985152569,0.9867858985152569,0.9867858985152569,0E-17,ELIGIBLE,R03b_20260811_FULL_v1,L1_ELIGIBILITY,v2026-08-11,2026-03-21..2026-08-06,baccarat_bet02_101_all_pairs_incl_sentinel,round_win = game_pnl > 0 (decisive only),COMPATIBILITY_ONLY_NOT_PRODUCTION,234885.8996,214754.2105,9869.7735,3689,3015,-0.04201944,-0.00608590,-0.04816467,-0.04201944,-9869.7735,234885.8996,OK,0.0000,394.7909,4.0000,96.0000,AG03-UNRESOLVED,ALL5_LEVELS_bet23_to_bet27,394.7909,394.7909,394.7909,394.7909,394.7909,4.000000,4.000000,4.000000,4.000000,4.000000,96.000000,96.000000,96.000000,96.000000,96.000000,5.0,1973.9547,1822.2297,7895.8188,8047.5438,PENDING_AG03,FALSE,NOT_FOR_ENFORCEMENT,9474.9825,206164.0421,9869.7735,9474.9825,394.7909,0.04201944,0.04033866,394.7909,9474.9825,0.04033866,394.7909,394.7909,394.7909,394.7909,394.7909,9474.9825,0.04033866,1973.9547,1822.2297,7895.8188,8047.5438,0.03361555,0.0342615,0.00168078,63.6720,71.2286,3.2736,143.0402,5.0692,3404.1435,43.6957,64.4793,63.5359,42.5677,43.0663,85.2079,124.7713,127.8119,154.8004,42.604,-41.336,2.967791,3.594466,1.478463,30,203,130,8,0.14604117,0.04201944,0.00608590,0E-8,0.000000,0.914292,0.640282,0.04207877,2026-03-23,2026-08-04,69,1947,1162,135,0.511111,1.014849,1.012680,0.486804,,,,,,,,GLOBAL_BASELINE_NO_ENTITY_RANKING,,,NOT_APPLICABLE_GLOBAL_BASELINE,HF9g-P5,,,,X 全窗基线 · 不参与实体赏罚,15050689,1506,A168_HF9F_20260827_0900,2026-08-27 09:00:00
2026-06-04,74657362,2167,0,170.4158145876,-170.4158145876,-170.4158145876,0E-7,2,2,0.49324550000000000,0.493245500000,-1.3952362676504506,-1.3952362676504506,-1.3952362676504506,0E-17,ELIGIBLE,R03b_20260811_FULL_v1,L1_ELIGIBILITY,v2026-08-11,2026-03-21..2026-08-06,baccarat_bet02_101_all_pairs_incl_sentinel,round_win = game_pnl > 0 (decisive only),COMPATIBILITY_ONLY_NOT_PRODUCTION,234885.8996,214754.2105,9869.7735,3689,3015,-0.04201944,-0.00608590,-0.04816467,-0.04201944,-9869.7735,234885.8996,OK,0.0000,394.7909,4.0000,96.0000,AG03-UNRESOLVED,ALL5_LEVELS_bet23_to_bet27,394.7909,394.7909,394.7909,394.7909,394.7909,4.000000,4.000000,4.000000,4.000000,4.000000,96.000000,96.000000,96.000000,96.000000,96.000000,5.0,1973.9547,1822.2297,7895.8188,8047.5438,PENDING_AG03,FALSE,NOT_FOR_ENFORCEMENT,9474.9825,206164.0421,9869.7735,9474.9825,394.7909,0.04201944,0.04033866,394.7909,9474.9825,0.04033866,394.7909,394.7909,394.7909,394.7909,394.7909,9474.9825,0.04033866,1973.9547,1822.2297,7895.8188,8047.5438,0.03361555,0.0342615,0.00168078,63.6720,71.2286,3.2736,143.0402,5.0692,3404.1435,43.6957,64.4793,63.5359,42.5677,43.0663,85.2079,124.7713,127.8119,154.8004,42.604,-41.336,2.967791,3.594466,1.478463,30,203,130,8,0.14604117,0.04201944,0.00608590,0E-8,0.000000,0.914292,0.640282,0.04207877,2026-03-23,2026-08-04,69,1947,1162,135,0.511111,1.014849,1.012680,0.486804,,,,,,,,GLOBAL_BASELINE_NO_ENTITY_RANKING,,,NOT_APPLICABLE_GLOBAL_BASELINE,HF9g-P5,,,,X 全窗基线 · 不参与实体赏罚,15050690,1506,A168_HF9F_20260827_0900,2026-08-27 09:00:00
2026-06-04,74657362,2170,0,85.2079072938,0E-10,0E-10,0.5000000,2,2,0.49324550000000000,0.493245500000,0.01910635448239258,0.01910635448239258,0.01910635448239258,0E-17,ELIGIBLE,R03b_20260811_FULL_v1,L1_ELIGIBILITY,v2026-08-11,2026-03-21..2026-08-06,baccarat_bet02_101_all_pairs_incl_sentinel,round_win = game_pnl > 0 (decisive only),COMPATIBILITY_ONLY_NOT_PRODUCTION,234885.8996,214754.2105,9869.7735,3689,3015,-0.04201944,-0.00608590,-0.04816467,-0.04201944,-9869.7735,234885.8996,OK,0.0000,394.7909,4.0000,96.0000,AG03-UNRESOLVED,ALL5_LEVELS_bet23_to_bet27,394.7909,394.7909,394.7909,394.7909,394.7909,4.000000,4.000000,4.000000,4.000000,4.000000,96.000000,96.000000,96.000000,96.000000,96.000000,5.0,1973.9547,1822.2297,7895.8188,8047.5438,PENDING_AG03,FALSE,NOT_FOR_ENFORCEMENT,9474.9825,206164.0421,9869.7735,9474.9825,394.7909,0.04201944,0.04033866,394.7909,9474.9825,0.04033866,394.7909,394.7909,394.7909,394.7909,394.7909,9474.9825,0.04033866,1973.9547,1822.2297,7895.8188,8047.5438,0.03361555,0.0342615,0.00168078,63.6720,71.2286,3.2736,143.0402,5.0692,3404.1435,43.6957,64.4793,63.5359,42.5677,43.0663,85.2079,124.7713,127.8119,154.8004,42.604,-41.336,2.967791,3.594466,1.478463,30,203,130,8,0.14604117,0.04201944,0.00608590,0E-8,0.000000,0.914292,0.640282,0.04207877,2026-03-23,2026-08-04,69,1947,1162,135,0.511111,1.014849,1.012680,0.486804,,,,,,,,GLOBAL_BASELINE_NO_ENTITY_RANKING,,,NOT_APPLICABLE_GLOBAL_BASELINE,HF9g-P5,,,,X 全窗基线 · 不参与实体赏罚,15050691,1506,A168_HF9F_20260827_0900,2026-08-27 09:00:00
2026-06-04,74657362,2175,0,170.4158145876,-170.4158145876,-170.4158145876,0E-7,2,1,0.39337837500000000,0.280106050000,-0.8052788575962098,-0.6237735893609975,-0.8052788575962098,0.11327232500000000,ELIGIBLE,R03b_20260811_FULL_v1,L1_ELIGIBILITY,v2026-08-11,2026-03-21..2026-08-06,baccarat_bet02_101_all_pairs_incl_sentinel,round_win = game_pnl > 0 (decisive only),COMPATIBILITY_ONLY_NOT_PRODUCTION,234885.8996,214754.2105,9869.7735,3689,3015,-0.04201944,-0.00608590,-0.04816467,-0.04201944,-9869.7735,234885.8996,OK,0.0000,394.7909,4.0000,96.0000,AG03-UNRESOLVED,ALL5_LEVELS_bet23_to_bet27,394.7909,394.7909,394.7909,394.7909,394.7909,4.000000,4.000000,4.000000,4.000000,4.000000,96.000000,96.000000,96.000000,96.000000,96.000000,5.0,1973.9547,1822.2297,7895.8188,8047.5438,PENDING_AG03,FALSE,NOT_FOR_ENFORCEMENT,9474.9825,206164.0421,9869.7735,9474.9825,394.7909,0.04201944,0.04033866,394.7909,9474.9825,0.04033866,394.7909,394.7909,394.7909,394.7909,394.7909,9474.9825,0.04033866,1973.9547,1822.2297,7895.8188,8047.5438,0.03361555,0.0342615,0.00168078,63.6720,71.2286,3.2736,143.0402,5.0692,3404.1435,43.6957,64.4793,63.5359,42.5677,43.0663,85.2079,124.7713,127.8119,154.8004,42.604,-41.336,2.967791,3.594466,1.478463,30,203,130,8,0.14604117,0.04201944,0.00608590,0E-8,0.000000,0.914292,0.640282,0.04207877,2026-03-23,2026-08-04,69,1947,1162,135,0.511111,1.014849,1.012680,0.486804,,,,,,,,GLOBAL_BASELINE_NO_ENTITY_RANKING,,,NOT_APPLICABLE_GLOBAL_BASELINE,HF9g-P5,,,,X 全窗基线 · 不参与实体赏罚,15050692,1506,A168_HF9F_20260827_0900,2026-08-27 09:00:00
2026-06-04,74657362,2177,0,604.9761417860,349.3524199046,349.3524199046,0.8571429,8,8,0.49492115000000000,0.494921150000,1.9167960021114945,1.9167960021114945,1.9167960021114945,0E-17,ELIGIBLE,R03b_20260811_FULL_v1,L1_ELIGIBILITY,v2026-08-11,2026-03-21..2026-08-06,baccarat_bet02_101_all_pairs_incl_sentinel,round_win = game_pnl > 0 (decisive only),COMPATIBILITY_ONLY_NOT_PRODUCTION,234885.8996,214754.2105,9869.7735,3689,3015,-0.04201944,-0.00608590,-0.04816467,-0.04201944,-9869.7735,234885.8996,OK,0.0000,394.7909,4.0000,96.0000,AG03-UNRESOLVED,ALL5_LEVELS_bet23_to_bet27,394.7909,394.7909,394.7909,394.7909,394.7909,4.000000,4.000000,4.000000,4.000000,4.000000,96.000000,96.000000,96.000000,96.000000,96.000000,5.0,1973.9547,1822.2297,7895.8188,8047.5438,PENDING_AG03,FALSE,NOT_FOR_ENFORCEMENT,9474.9825,206164.0421,9869.7735,9474.9825,394.7909,0.04201944,0.04033866,394.7909,9474.9825,0.04033866,394.7909,394.7909,394.7909,394.7909,394.7909,9474.9825,0.04033866,1973.9547,1822.2297,7895.8188,8047.5438,0.03361555,0.0342615,0.00168078,63.6720,71.2286,3.2736,143.0402,5.0692,3404.1435,43.6957,64.4793,63.5359,42.5677,43.0663,85.2079,124.7713,127.8119,154.8004,42.604,-41.336,2.967791,3.594466,1.478463,30,203,130,8,0.14604117,0.04201944,0.00608590,0E-8,0.000000,0.914292,0.640282,0.04207877,2026-03-23,2026-08-04,69,1947,1162,135,0.511111,1.014849,1.012680,0.486804,,,,,,,,GLOBAL_BASELINE_NO_ENTITY_RANKING,,,NOT_APPLICABLE_GLOBAL_BASELINE,HF9g-P5,,,,X 全窗基线 · 不参与实体赏罚,15050693,1506,A168_HF9F_20260827_0900,2026-08-27 09:00:00
2026-06-04,74657362,2209,0,85.2079072938,0E-10,0E-10,0.5000000,2,2,0.49324550000000000,0.493245500000,0.01910635448239258,0.01910635448239258,0.01910635448239258,0E-17,ELIGIBLE,R03b_20260811_FULL_v1,L1_ELIGIBILITY,v2026-08-11,2026-03-21..2026-08-06,baccarat_bet02_101_all_pairs_incl_sentinel,round_win = game_pnl > 0 (decisive only),COMPATIBILITY_ONLY_NOT_PRODUCTION,234885.8996,214754.2105,9869.7735,3689,3015,-0.04201944,-0.00608590,-0.04816467,-0.04201944,-9869.7735,234885.8996,OK,0.0000,394.7909,4.0000,96.0000,AG03-UNRESOLVED,ALL5_LEVELS_bet23_to_bet27,394.7909,394.7909,394.7909,394.7909,394.7909,4.000000,4.000000,4.000000,4.000000,4.000000,96.000000,96.000000,96.000000,96.000000,96.000000,5.0,1973.9547,1822.2297,7895.8188,8047.5438,PENDING_AG03,FALSE,NOT_FOR_ENFORCEMENT,9474.9825,206164.0421,9869.7735,9474.9825,394.7909,0.04201944,0.04033866,394.7909,9474.9825,0.04033866,394.7909,394.7909,394.7909,394.7909,394.7909,9474.9825,0.04033866,1973.9547,1822.2297,7895.8188,8047.5438,0.03361555,0.0342615,0.00168078,63.6720,71.2286,3.2736,143.0402,5.0692,3404.1435,43.6957,64.4793,63.5359,42.5677,43.0663,85.2079,124.7713,127.8119,154.8004,42.604,-41.336,2.967791,3.594466,1.478463,30,203,130,8,0.14604117,0.04201944,0.00608590,0E-8,0.000000,0.914292,0.640282,0.04207877,2026-03-23,2026-08-04,69,1947,1162,135,0.511111,1.014849,1.012680,0.486804,,,,,,,,GLOBAL_BASELINE_NO_ENTITY_RANKING,,,NOT_APPLICABLE_GLOBAL_BASELINE,HF9g-P5,,,,X 全窗基线 · 不参与实体赏罚,15050694,1506,A168_HF9F_20260827_0900,2026-08-27 09:00:00
2026-06-04,74657362,2234,0,170.4158145876,0E-10,0E-10,0.5000000,2,2,0.49324550000000000,0.493245500000,0.01910635448239258,0.01910635448239258,0.01910635448239258,0E-17,ELIGIBLE,R03b_20260811_FULL_v1,L1_ELIGIBILITY,v2026-08-11,2026-03-21..2026-08-06,baccarat_bet02_101_all_pairs_incl_sentinel,round_win = game_pnl > 0 (decisive only),COMPATIBILITY_ONLY_NOT_PRODUCTION,234885.8996,214754.2105,9869.7735,3689,3015,-0.04201944,-0.00608590,-0.04816467,-0.04201944,-9869.7735,234885.8996,OK,0.0000,394.7909,4.0000,96.0000,AG03-UNRESOLVED,ALL5_LEVELS_bet23_to_bet27,394.7909,394.7909,394.7909,394.7909,394.7909,4.000000,4.000000,4.000000,4.000000,4.000000,96.000000,96.000000,96.000000,96.000000,96.000000,5.0,1973.9547,1822.2297,7895.8188,8047.5438,PENDING_AG03,FALSE,NOT_FOR_ENFORCEMENT,9474.9825,206164.0421,9869.7735,9474.9825,394.7909,0.04201944,0.04033866,394.7909,9474.9825,0.04033866,394.7909,394.7909,394.7909,394.7909,394.7909,9474.9825,0.04033866,1973.9547,1822.2297,7895.8188,8047.5438,0.03361555,0.0342615,0.00168078,63.6720,71.2286,3.2736,143.0402,5.0692,3404.1435,43.6957,64.4793,63.5359,42.5677,43.0663,85.2079,124.7713,127.8119,154.8004,42.604,-41.336,2.967791,3.594466,1.478463,30,203,130,8,0.14604117,0.04201944,0.00608590,0E-8,0.000000,0.914292,0.640282,0.04207877,2026-03-23,2026-08-04,69,1947,1162,135,0.511111,1.014849,1.012680,0.486804,,,,,,,,GLOBAL_BASELINE_NO_ENTITY_RANKING,,,NOT_APPLICABLE_GLOBAL_BASELINE,HF9g-P5,,,,X 全窗基线 · 不参与实体赏罚,15050695,1506,A168_HF9F_20260827_0900,2026-08-27 09:00:00
2026-06-04,74657362,2239,0,170.4158145876,170.4158145876,170.4158145876,1.0000000,1,1,0.49324550000000000,0.493245500000,1.01360149184955,1.01360149184955,1.01360149184955,0E-17,ELIGIBLE,R03b_20260811_FULL_v1,L1_ELIGIBILITY,v2026-08-11,2026-03-21..2026-08-06,baccarat_bet02_101_all_pairs_incl_sentinel,round_win = game_pnl > 0 (decisive only),COMPATIBILITY_ONLY_NOT_PRODUCTION,234885.8996,214754.2105,9869.7735,3689,3015,-0.04201944,-0.00608590,-0.04816467,-0.04201944,-9869.7735,234885.8996,OK,0.0000,394.7909,4.0000,96.0000,AG03-UNRESOLVED,ALL5_LEVELS_bet23_to_bet27,394.7909,394.7909,394.7909,394.7909,394.7909,4.000000,4.000000,4.000000,4.000000,4.000000,96.000000,96.000000,96.000000,96.000000,96.000000,5.0,1973.9547,1822.2297,7895.8188,8047.5438,PENDING_AG03,FALSE,NOT_FOR_ENFORCEMENT,9474.9825,206164.0421,9869.7735,9474.9825,394.7909,0.04201944,0.04033866,394.7909,9474.9825,0.04033866,394.7909,394.7909,394.7909,394.7909,394.7909,9474.9825,0.04033866,1973.9547,1822.2297,7895.8188,8047.5438,0.03361555,0.0342615,0.00168078,63.6720,71.2286,3.2736,143.0402,5.0692,3404.1435,43.6957,64.4793,63.5359,42.5677,43.0663,85.2079,124.7713,127.8119,154.8004,42.604,-41.336,2.967791,3.594466,1.478463,30,203,130,8,0.14604117,0.04201944,0.00608590,0E-8,0.000000,0.914292,0.640282,0.04207877,2026-03-23,2026-08-04,69,1947,1162,135,0.511111,1.014849,1.012680,0.486804,,,,,,,,GLOBAL_BASELINE_NO_ENTITY_RANKING,,,NOT_APPLICABLE_GLOBAL_BASELINE,HF9g-P5,,,,X 全窗基线 · 不参与实体赏罚,15050696,1506,A168_HF9F_20260827_0900,2026-08-27 09:00:00
2026-06-04,74657362,2266,0,213.0197682345,42.6039536469,42.6039536469,0.7500000,4,4,0.49659680000000000,0.496596800000,1.0136362796769356,1.0136362796769358,1.0136362796769356,0E-17,ELIGIBLE,R03b_20260811_FULL_v1,L1_ELIGIBILITY,v2026-08-11,2026-03-21..2026-08-06,baccarat_bet02_101_all_pairs_incl_sentinel,round_win = game_pnl > 0 (decisive only),COMPATIBILITY_ONLY_NOT_PRODUCTION,234885.8996,214754.2105,9869.7735,3689,3015,-0.04201944,-0.00608590,-0.04816467,-0.04201944,-9869.7735,234885.8996,OK,0.0000,394.7909,4.0000,96.0000,AG03-UNRESOLVED,ALL5_LEVELS_bet23_to_bet27,394.7909,394.7909,394.7909,394.7909,394.7909,4.000000,4.000000,4.000000,4.000000,4.000000,96.000000,96.000000,96.000000,96.000000,96.000000,5.0,1973.9547,1822.2297,7895.8188,8047.5438,PENDING_AG03,FALSE,NOT_FOR_ENFORCEMENT,9474.9825,206164.0421,9869.7735,9474.9825,394.7909,0.04201944,0.04033866,394.7909,9474.9825,0.04033866,394.7909,394.7909,394.7909,394.7909,394.7909,9474.9825,0.04033866,1973.9547,1822.2297,7895.8188,8047.5438,0.03361555,0.0342615,0.00168078,63.6720,71.2286,3.2736,143.0402,5.0692,3404.1435,43.6957,64.4793,63.5359,42.5677,43.0663,85.2079,124.7713,127.8119,154.8004,42.604,-41.336,2.967791,3.594466,1.478463,30,203,130,8,0.14604117,0.04201944,0.00608590,0E-8,0.000000,0.914292,0.640282,0.04207877,2026-03-23,2026-08-04,69,1947,1162,135,0.511111,1.014849,1.012680,0.486804,,,,,,,,GLOBAL_BASELINE_NO_ENTITY_RANKING,,,NOT_APPLICABLE_GLOBAL_BASELINE,HF9g-P5,,,,X 全窗基线 · 不参与实体赏罚,15050697,1506,A168_HF9F_20260827_0900,2026-08-27 09:00:00
2026-06-04,74657362,2276,0,213.0197682345,0E-10,0E-10,0.6666667,3,3,0.50665070000000000,0.506650700000,0.5543606114942035,0.5543606114942035,0.5543606114942035,0E-17,ELIGIBLE,R03b_20260811_FULL_v1,L1_ELIGIBILITY,v2026-08-11,2026-03-21..2026-08-06,baccarat_bet02_101_all_pairs_incl_sentinel,round_win = game_pnl > 0 (decisive only),COMPATIBILITY_ONLY_NOT_PRODUCTION,234885.8996,214754.2105,9869.7735,3689,3015,-0.04201944,-0.00608590,-0.04816467,-0.04201944,-9869.7735,234885.8996,OK,0.0000,394.7909,4.0000,96.0000,AG03-UNRESOLVED,ALL5_LEVELS_bet23_to_bet27,394.7909,394.7909,394.7909,394.7909,394.7909,4.000000,4.000000,4.000000,4.000000,4.000000,96.000000,96.000000,96.000000,96.000000,96.000000,5.0,1973.9547,1822.2297,7895.8188,8047.5438,PENDING_AG03,FALSE,NOT_FOR_ENFORCEMENT,9474.9825,206164.0421,9869.7735,9474.9825,394.7909,0.04201944,0.04033866,394.7909,9474.9825,0.04033866,394.7909,394.7909,394.7909,394.7909,394.7909,9474.9825,0.04033866,1973.9547,1822.2297,7895.8188,8047.5438,0.03361555,0.0342615,0.00168078,63.6720,71.2286,3.2736,143.0402,5.0692,3404.1435,43.6957,64.4793,63.5359,42.5677,43.0663,85.2079,124.7713,127.8119,154.8004,42.604,-41.336,2.967791,3.594466,1.478463,30,203,130,8,0.14604117,0.04201944,0.00608590,0E-8,0.000000,0.914292,0.640282,0.04207877,2026-03-23,2026-08-04,69,1947,1162,135,0.511111,1.014849,1.012680,0.486804,,,,,,,,GLOBAL_BASELINE_NO_ENTITY_RANKING,,,NOT_APPLICABLE_GLOBAL_BASELINE,HF9g-P5,,,,X 全窗基线 · 不参与实体赏罚,15050698,1506,A168_HF9F_20260827_0900,2026-08-27 09:00:00
2026-06-04,74657362,2278,0,255.6237218814,-255.6237218814,-255.6237218814,0E-7,3,2,0.44331193750000000,0.386675775000,-1.2620127909358219,-1.122906047548861,-1.2620127909358219,0.05663616250000000,ELIGIBLE,R03b_20260811_FULL_v1,L1_ELIGIBILITY,v2026-08-11,2026-03-21..2026-08-06,baccarat_bet02_101_all_pairs_incl_sentinel,round_win = game_pnl > 0 (decisive only),COMPATIBILITY_ONLY_NOT_PRODUCTION,234885.8996,214754.2105,9869.7735,3689,3015,-0.04201944,-0.00608590,-0.04816467,-0.04201944,-9869.7735,234885.8996,OK,0.0000,394.7909,4.0000,96.0000,AG03-UNRESOLVED,ALL5_LEVELS_bet23_to_bet27,394.7909,394.7909,394.7909,394.7909,394.7909,4.000000,4.000000,4.000000,4.000000,4.000000,96.000000,96.000000,96.000000,96.000000,96.000000,5.0,1973.9547,1822.2297,7895.8188,8047.5438,PENDING_AG03,FALSE,NOT_FOR_ENFORCEMENT,9474.9825,206164.0421,9869.7735,9474.9825,394.7909,0.04201944,0.04033866,394.7909,9474.9825,0.04033866,394.7909,394.7909,394.7909,394.7909,394.7909,9474.9825,0.04033866,1973.9547,1822.2297,7895.8188,8047.5438,0.03361555,0.0342615,0.00168078,63.6720,71.2286,3.2736,143.0402,5.0692,3404.1435,43.6957,64.4793,63.5359,42.5677,43.0663,85.2079,124.7713,127.8119,154.8004,42.604,-41.336,2.967791,3.594466,1.478463,30,203,130,8,0.14604117,0.04201944,0.00608590,0E-8,0.000000,0.914292,0.640282,0.04207877,2026-03-23,2026-08-04,69,1947,1162,135,0.511111,1.014849,1.012680,0.486804,,,,,,,,GLOBAL_BASELINE_NO_ENTITY_RANKING,,,NOT_APPLICABLE_GLOBAL_BASELINE,HF9g-P5,,,,X 全窗基线 · 不参与实体赏罚,15050699,1506,A168_HF9F_20260827_0900,2026-08-27 09:00:00
2026-06-04,74657362,471,0,170.4158145876,85.2079072938,85.2079072938,1.0000000,2,1,0.39337837500000000,0.280106050000,1.2418058546638626,1.6031457840727341,1.2418058546638626,0.11327232500000000,ELIGIBLE,R03b_20260811_FULL_v1,L1_ELIGIBILITY,v2026-08-11,2026-03-21..2026-08-06,baccarat_bet02_101_all_pairs_incl_sentinel,round_win = game_pnl > 0 (decisive only),COMPATIBILITY_ONLY_NOT_PRODUCTION,234885.8996,214754.2105,9869.7735,3689,3015,-0.04201944,-0.00608590,-0.04816467,-0.04201944,-9869.7735,234885.8996,OK,0.0000,394.7909,4.0000,96.0000,AG03-UNRESOLVED,ALL5_LEVELS_bet23_to_bet27,394.7909,394.7909,394.7909,394.7909,394.7909,4.000000,4.000000,4.000000,4.000000,4.000000,96.000000,96.000000,96.000000,96.000000,96.000000,5.0,1973.9547,1822.2297,7895.8188,8047.5438,PENDING_AG03,FALSE,NOT_FOR_ENFORCEMENT,9474.9825,206164.0421,9869.7735,9474.9825,394.7909,0.04201944,0.04033866,394.7909,9474.9825,0.04033866,394.7909,394.7909,394.7909,394.7909,394.7909,9474.9825,0.04033866,1973.9547,1822.2297,7895.8188,8047.5438,0.03361555,0.0342615,0.00168078,63.6720,71.2286,3.2736,143.0402,5.0692,3404.1435,43.6957,64.4793,63.5359,42.5677,43.0663,85.2079,124.7713,127.8119,154.8004,42.604,-41.336,2.967791,3.594466,1.478463,30,203,130,8,0.14604117,0.04201944,0.00608590,0E-8,0.000000,0.914292,0.640282,0.04207877,2026-03-23,2026-08-04,69,1947,1162,135,0.511111,1.014849,1.012680,0.486804,,,,,,,,GLOBAL_BASELINE_NO_ENTITY_RANKING,,,NOT_APPLICABLE_GLOBAL_BASELINE,HF9g-P5,,,,X 全窗基线 · 不参与实体赏罚,15050700,1506,A168_HF9F_20260827_0900,2026-08-27 09:00:00
2026-06-04,74657362,550,0,42.6039536469,-42.6039536469,-42.6039536469,0E-7,1,1,0.49324550000000000,0.493245500000,-0.9865810262130424,-0.9865810262130424,-0.9865810262130424,0E-17,ELIGIBLE,R03b_20260811_FULL_v1,L1_ELIGIBILITY,v2026-08-11,2026-03-21..2026-08-06,baccarat_bet02_101_all_pairs_incl_sentinel,round_win = game_pnl > 0 (decisive only),COMPATIBILITY_ONLY_NOT_PRODUCTION,234885.8996,214754.2105,9869.7735,3689,3015,-0.04201944,-0.00608590,-0.04816467,-0.04201944,-9869.7735,234885.8996,OK,0.0000,394.7909,4.0000,96.0000,AG03-UNRESOLVED,ALL5_LEVELS_bet23_to_bet27,394.7909,394.7909,394.7909,394.7909,394.7909,4.000000,4.000000,4.000000,4.000000,4.000000,96.000000,96.000000,96.000000,96.000000,96.000000,5.0,1973.9547,1822.2297,7895.8188,8047.5438,PENDING_AG03,FALSE,NOT_FOR_ENFORCEMENT,9474.9825,206164.0421,9869.7735,9474.9825,394.7909,0.04201944,0.04033866,394.7909,9474.9825,0.04033866,394.7909,394.7909,394.7909,394.7909,394.7909,9474.9825,0.04033866,1973.9547,1822.2297,7895.8188,8047.5438,0.03361555,0.0342615,0.00168078,63.6720,71.2286,3.2736,143.0402,5.0692,3404.1435,43.6957,64.4793,63.5359,42.5677,43.0663,85.2079,124.7713,127.8119,154.8004,42.604,-41.336,2.967791,3.594466,1.478463,30,203,130,8,0.14604117,0.04201944,0.00608590,0E-8,0.000000,0.914292,0.640282,0.04207877,2026-03-23,2026-08-04,69,1947,1162,135,0.511111,1.014849,1.012680,0.486804,,,,,,,,GLOBAL_BASELINE_NO_ENTITY_RANKING,,,NOT_APPLICABLE_GLOBAL_BASELINE,HF9g-P5,,,,X 全窗基线 · 不参与实体赏罚,15050701,1506,A168_HF9F_20260827_0900,2026-08-27 09:00:00
2026-06-04,74657362,583,0,42.6039536469,-42.6039536469,-42.6039536469,0E-7,1,1,0.49324550000000000,0.493245500000,-0.9865810262130424,-0.9865810262130424,-0.9865810262130424,0E-17,ELIGIBLE,R03b_20260811_FULL_v1,L1_ELIGIBILITY,v2026-08-11,2026-03-21..2026-08-06,baccarat_bet02_101_all_pairs_incl_sentinel,round_win = game_pnl > 0 (decisive only),COMPATIBILITY_ONLY_NOT_PRODUCTION,234885.8996,214754.2105,9869.7735,3689,3015,-0.04201944,-0.00608590,-0.04816467,-0.04201944,-9869.7735,234885.8996,OK,0.0000,394.7909,4.0000,96.0000,AG03-UNRESOLVED,ALL5_LEVELS_bet23_to_bet27,394.7909,394.7909,394.7909,394.7909,394.7909,4.000000,4.000000,4.000000,4.000000,4.000000,96.000000,96.000000,96.000000,96.000000,96.000000,5.0,1973.9547,1822.2297,7895.8188,8047.5438,PENDING_AG03,FALSE,NOT_FOR_ENFORCEMENT,9474.9825,206164.0421,9869.7735,9474.9825,394.7909,0.04201944,0.04033866,394.7909,9474.9825,0.04033866,394.7909,394.7909,394.7909,394.7909,394.7909,9474.9825,0.04033866,1973.9547,1822.2297,7895.8188,8047.5438,0.03361555,0.0342615,0.00168078,63.6720,71.2286,3.2736,143.0402,5.0692,3404.1435,43.6957,64.4793,63.5359,42.5677,43.0663,85.2079,124.7713,127.8119,154.8004,42.604,-41.336,2.967791,3.594466,1.478463,30,203,130,8,0.14604117,0.04201944,0.00608590,0E-8,0.000000,0.914292,0.640282,0.04207877,2026-03-23,2026-08-04,69,1947,1162,135,0.511111,1.014849,1.012680,0.486804,,,,,,,,GLOBAL_BASELINE_NO_ENTITY_RANKING,,,NOT_APPLICABLE_GLOBAL_BASELINE,HF9g-P5,,,,X 全窗基线 · 不参与实体赏罚,15050702,1506,A168_HF9F_20260827_0900,2026-08-27 09:00:00
2026-06-04,74657362,986,0,170.4158145876,-170.4158145876,-170.4158145876,0E-7,2,1,0.39337837500000000,0.280106050000,-0.8052788575962098,-0.6237735893609975,-0.8052788575962098,0.11327232500000000,ELIGIBLE,R03b_20260811_FULL_v1,L1_ELIGIBILITY,v2026-08-11,2026-03-21..2026-08-06,baccarat_bet02_101_all_pairs_incl_sentinel,round_win = game_pnl > 0 (decisive only),COMPATIBILITY_ONLY_NOT_PRODUCTION,234885.8996,214754.2105,9869.7735,3689,3015,-0.04201944,-0.00608590,-0.04816467,-0.04201944,-9869.7735,234885.8996,OK,0.0000,394.7909,4.0000,96.0000,AG03-UNRESOLVED,ALL5_LEVELS_bet23_to_bet27,394.7909,394.7909,394.7909,394.7909,394.7909,4.000000,4.000000,4.000000,4.000000,4.000000,96.000000,96.000000,96.000000,96.000000,96.000000,5.0,1973.9547,1822.2297,7895.8188,8047.5438,PENDING_AG03,FALSE,NOT_FOR_ENFORCEMENT,9474.9825,206164.0421,9869.7735,9474.9825,394.7909,0.04201944,0.04033866,394.7909,9474.9825,0.04033866,394.7909,394.7909,394.7909,394.7909,394.7909,9474.9825,0.04033866,1973.9547,1822.2297,7895.8188,8047.5438,0.03361555,0.0342615,0.00168078,63.6720,71.2286,3.2736,143.0402,5.0692,3404.1435,43.6957,64.4793,63.5359,42.5677,43.0663,85.2079,124.7713,127.8119,154.8004,42.604,-41.336,2.967791,3.594466,1.478463,30,203,130,8,0.14604117,0.04201944,0.00608590,0E-8,0.000000,0.914292,0.640282,0.04207877,2026-03-23,2026-08-04,69,1947,1162,135,0.511111,1.014849,1.012680,0.486804,,,,,,,,GLOBAL_BASELINE_NO_ENTITY_RANKING,,,NOT_APPLICABLE_GLOBAL_BASELINE,HF9g-P5,,,,X 全窗基线 · 不参与实体赏罚,15050703,1506,A168_HF9F_20260827_0900,2026-08-27 09:00:00
2026-06-04,74657362,987,0,85.2079072938,-85.2079072938,-85.2079072938,0E-7,1,1,0.49324550000000000,0.493245500000,-0.9865810262130424,-0.9865810262130424,-0.9865810262130424,0E-17,ELIGIBLE,R03b_20260811_FULL_v1,L1_ELIGIBILITY,v2026-08-11,2026-03-21..2026-08-06,baccarat_bet02_101_all_pairs_incl_sentinel,round_win = game_pnl > 0 (decisive only),COMPATIBILITY_ONLY_NOT_PRODUCTION,234885.8996,214754.2105,9869.7735,3689,3015,-0.04201944,-0.00608590,-0.04816467,-0.04201944,-9869.7735,234885.8996,OK,0.0000,394.7909,4.0000,96.0000,AG03-UNRESOLVED,ALL5_LEVELS_bet23_to_bet27,394.7909,394.7909,394.7909,394.7909,394.7909,4.000000,4.000000,4.000000,4.000000,4.000000,96.000000,96.000000,96.000000,96.000000,96.000000,5.0,1973.9547,1822.2297,7895.8188,8047.5438,PENDING_AG03,FALSE,NOT_FOR_ENFORCEMENT,9474.9825,206164.0421,9869.7735,9474.9825,394.7909,0.04201944,0.04033866,394.7909,9474.9825,0.04033866,394.7909,394.7909,394.7909,394.7909,394.7909,9474.9825,0.04033866,1973.9547,1822.2297,7895.8188,8047.5438,0.03361555,0.0342615,0.00168078,63.6720,71.2286,3.2736,143.0402,5.0692,3404.1435,43.6957,64.4793,63.5359,42.5677,43.0663,85.2079,124.7713,127.8119,154.8004,42.604,-41.336,2.967791,3.594466,1.478463,30,203,130,8,0.14604117,0.04201944,0.00608590,0E-8,0.000000,0.914292,0.640282,0.04207877,2026-03-23,2026-08-04,69,1947,1162,135,0.511111,1.014849,1.012680,0.486804,,,,,,,,GLOBAL_BASELINE_NO_ENTITY_RANKING,,,NOT_APPLICABLE_GLOBAL_BASELINE,HF9g-P5,,,,X 全窗基线 · 不参与实体赏罚,15050704,1506,A168_HF9F_20260827_0900,2026-08-27 09:00:00
2026-06-05,74657362,-1,1,2491.4792092707,-63.0538513974,-63.0538513974,0.6190476,34,22,0.43785114290540805,0.377596945455,1.6736725176379992,2.2823801143008486,1.6736725176379992,0.06025419745040805,SENTINEL_DEALER,R03b_20260811_FULL_v1,L1_ELIGIBILITY,v2026-08-11,2026-03-21..2026-08-06,baccarat_bet02_101_all_pairs_incl_sentinel,round_win = game_pnl > 0 (decisive only),COMPATIBILITY_ONLY_NOT_PRODUCTION,234885.8996,214754.2105,9869.7735,3689,3015,-0.04201944,-0.00608590,-0.04816467,-0.04201944,-9869.7735,234885.8996,OK,0.0000,394.7909,4.0000,96.0000,AG03-UNRESOLVED,ALL5_LEVELS_bet23_to_bet27,394.7909,394.7909,394.7909,394.7909,394.7909,4.000000,4.000000,4.000000,4.000000,4.000000,96.000000,96.000000,96.000000,96.000000,96.000000,5.0,1973.9547,1822.2297,7895.8188,8047.5438,PENDING_AG03,FALSE,NOT_FOR_ENFORCEMENT,9474.9825,206164.0421,9869.7735,9474.9825,394.7909,0.04201944,0.04033866,394.7909,9474.9825,0.04033866,394.7909,394.7909,394.7909,394.7909,394.7909,9474.9825,0.04033866,1973.9547,1822.2297,7895.8188,8047.5438,0.03361555,0.0342615,0.00168078,63.6720,71.2286,3.2736,143.0402,5.0692,3404.1435,43.6957,64.4793,63.5359,42.5677,43.0663,85.2079,124.7713,127.8119,154.8004,42.604,-41.336,2.967791,3.594466,1.478463,30,203,130,8,0.14604117,0.04201944,0.00608590,0E-8,0.000000,0.914292,0.640282,0.04207877,2026-03-23,2026-08-04,69,1947,1162,135,0.511111,1.014849,1.012680,0.486804,,,,,,,,GLOBAL_BASELINE_NO_ENTITY_RANKING,,,NOT_APPLICABLE_GLOBAL_BASELINE,HF9g-P5,,,,X 全窗基线 · 不参与实体赏罚,15050705,1506,A168_HF9F_20260827_0900,2026-08-27 09:00:00
2026-06-05,74657362,1078,0,85.2079072938,-85.2079072938,-85.2079072938,0E-7,1,1,0.50665070000000000,0.506650700000,-1.013391052207602,-1.013391052207602,-1.013391052207602,0E-17,ELIGIBLE,R03b_20260811_FULL_v1,L1_ELIGIBILITY,v2026-08-11,2026-03-21..2026-08-06,baccarat_bet02_101_all_pairs_incl_sentinel,round_win = game_pnl > 0 (decisive only),COMPATIBILITY_ONLY_NOT_PRODUCTION,234885.8996,214754.2105,9869.7735,3689,3015,-0.04201944,-0.00608590,-0.04816467,-0.04201944,-9869.7735,234885.8996,OK,0.0000,394.7909,4.0000,96.0000,AG03-UNRESOLVED,ALL5_LEVELS_bet23_to_bet27,394.7909,394.7909,394.7909,394.7909,394.7909,4.000000,4.000000,4.000000,4.000000,4.000000,96.000000,96.000000,96.000000,96.000000,96.000000,5.0,1973.9547,1822.2297,7895.8188,8047.5438,PENDING_AG03,FALSE,NOT_FOR_ENFORCEMENT,9474.9825,206164.0421,9869.7735,9474.9825,394.7909,0.04201944,0.04033866,394.7909,9474.9825,0.04033866,394.7909,394.7909,394.7909,394.7909,394.7909,9474.9825,0.04033866,1973.9547,1822.2297,7895.8188,8047.5438,0.03361555,0.0342615,0.00168078,63.6720,71.2286,3.2736,143.0402,5.0692,3404.1435,43.6957,64.4793,63.5359,42.5677,43.0663,85.2079,124.7713,127.8119,154.8004,42.604,-41.336,2.967791,3.594466,1.478463,30,203,130,8,0.14604117,0.04201944,0.00608590,0E-8,0.000000,0.914292,0.640282,0.04207877,2026-03-23,2026-08-04,69,1947,1162,135,0.511111,1.014849,1.012680,0.486804,,,,,,,,GLOBAL_BASELINE_NO_ENTITY_RANKING,,,NOT_APPLICABLE_GLOBAL_BASELINE,HF9g-P5,,,,X 全窗基线 · 不参与实体赏罚,15050706,1506,A168_HF9F_20260827_0900,2026-08-27 09:00:00
2026-06-05,74657362,1151,0,85.2079072938,85.2079072938,85.2079072938,1.0000000,1,1,0.50665070000000000,0.506650700000,0.9867858985152569,0.9867858985152569,0.9867858985152569,0E-17,ELIGIBLE,R03b_20260811_FULL_v1,L1_ELIGIBILITY,v2026-08-11,2026-03-21..2026-08-06,baccarat_bet02_101_all_pairs_incl_sentinel,round_win = game_pnl > 0 (decisive only),COMPATIBILITY_ONLY_NOT_PRODUCTION,234885.8996,214754.2105,9869.7735,3689,3015,-0.04201944,-0.00608590,-0.04816467,-0.04201944,-9869.7735,234885.8996,OK,0.0000,394.7909,4.0000,96.0000,AG03-UNRESOLVED,ALL5_LEVELS_bet23_to_bet27,394.7909,394.7909,394.7909,394.7909,394.7909,4.000000,4.000000,4.000000,4.000000,4.000000,96.000000,96.000000,96.000000,96.000000,96.000000,5.0,1973.9547,1822.2297,7895.8188,8047.5438,PENDING_AG03,FALSE,NOT_FOR_ENFORCEMENT,9474.9825,206164.0421,9869.7735,9474.9825,394.7909,0.04201944,0.04033866,394.7909,9474.9825,0.04033866,394.7909,394.7909,394.7909,394.7909,394.7909,9474.9825,0.04033866,1973.9547,1822.2297,7895.8188,8047.5438,0.03361555,0.0342615,0.00168078,63.6720,71.2286,3.2736,143.0402,5.0692,3404.1435,43.6957,64.4793,63.5359,42.5677,43.0663,85.2079,124.7713,127.8119,154.8004,42.604,-41.336,2.967791,3.594466,1.478463,30,203,130,8,0.14604117,0.04201944,0.00608590,0E-8,0.000000,0.914292,0.640282,0.04207877,2026-03-23,2026-08-04,69,1947,1162,135,0.511111,1.014849,1.012680,0.486804,,,,,,,,GLOBAL_BASELINE_NO_ENTITY_RANKING,,,NOT_APPLICABLE_GLOBAL_BASELINE,HF9g-P5,,,,X 全窗基线 · 不参与实体赏罚,15050707,1506,A168_HF9F_20260827_0900,2026-08-27 09:00:00
2026-06-05,74657362,1222,0,170.4158145876,-170.4158145876,-170.4158145876,0E-7,2,1,0.39337837500000000,0.280106050000,-0.8052788575962098,-0.6237735893609975,-0.8052788575962098,0.11327232500000000,ELIGIBLE,R03b_20260811_FULL_v1,L1_ELIGIBILITY,v2026-08-11,2026-03-21..2026-08-06,baccarat_bet02_101_all_pairs_incl_sentinel,round_win = game_pnl > 0 (decisive only),COMPATIBILITY_ONLY_NOT_PRODUCTION,234885.8996,214754.2105,9869.7735,3689,3015,-0.04201944,-0.00608590,-0.04816467,-0.04201944,-9869.7735,234885.8996,OK,0.0000,394.7909,4.0000,96.0000,AG03-UNRESOLVED,ALL5_LEVELS_bet23_to_bet27,394.7909,394.7909,394.7909,394.7909,394.7909,4.000000,4.000000,4.000000,4.000000,4.000000,96.000000,96.000000,96.000000,96.000000,96.000000,5.0,1973.9547,1822.2297,7895.8188,8047.5438,PENDING_AG03,FALSE,NOT_FOR_ENFORCEMENT,9474.9825,206164.0421,9869.7735,9474.9825,394.7909,0.04201944,0.04033866,394.7909,9474.9825,0.04033866,394.7909,394.7909,394.7909,394.7909,394.7909,9474.9825,0.04033866,1973.9547,1822.2297,7895.8188,8047.5438,0.03361555,0.0342615,0.00168078,63.6720,71.2286,3.2736,143.0402,5.0692,3404.1435,43.6957,64.4793,63.5359,42.5677,43.0663,85.2079,124.7713,127.8119,154.8004,42.604,-41.336,2.967791,3.594466,1.478463,30,203,130,8,0.14604117,0.04201944,0.00608590,0E-8,0.000000,0.914292,0.640282,0.04207877,2026-03-23,2026-08-04,69,1947,1162,135,0.511111,1.014849,1.012680,0.486804,,,,,,,,GLOBAL_BASELINE_NO_ENTITY_RANKING,,,NOT_APPLICABLE_GLOBAL_BASELINE,HF9g-P5,,,,X 全窗基线 · 不参与实体赏罚,15050708,1506,A168_HF9F_20260827_0900,2026-08-27 09:00:00
2026-06-05,74657362,1307,0,255.6237218814,-255.6237218814,-255.6237218814,0E-7,4,2,0.23373023750000000,0.177094075000,-0.781054976476541,-0.6560575214082377,-0.781054976476541,0.05663616250000000,ELIGIBLE,R03b_20260811_FULL_v1,L1_ELIGIBILITY,v2026-08-11,2026-03-21..2026-08-06,baccarat_bet02_101_all_pairs_incl_sentinel,round_win = game_pnl > 0 (decisive only),COMPATIBILITY_ONLY_NOT_PRODUCTION,234885.8996,214754.2105,9869.7735,3689,3015,-0.04201944,-0.00608590,-0.04816467,-0.04201944,-9869.7735,234885.8996,OK,0.0000,394.7909,4.0000,96.0000,AG03-UNRESOLVED,ALL5_LEVELS_bet23_to_bet27,394.7909,394.7909,394.7909,394.7909,394.7909,4.000000,4.000000,4.000000,4.000000,4.000000,96.000000,96.000000,96.000000,96.000000,96.000000,5.0,1973.9547,1822.2297,7895.8188,8047.5438,PENDING_AG03,FALSE,NOT_FOR_ENFORCEMENT,9474.9825,206164.0421,9869.7735,9474.9825,394.7909,0.04201944,0.04033866,394.7909,9474.9825,0.04033866,394.7909,394.7909,394.7909,394.7909,394.7909,9474.9825,0.04033866,1973.9547,1822.2297,7895.8188,8047.5438,0.03361555,0.0342615,0.00168078,63.6720,71.2286,3.2736,143.0402,5.0692,3404.1435,43.6957,64.4793,63.5359,42.5677,43.0663,85.2079,124.7713,127.8119,154.8004,42.604,-41.336,2.967791,3.594466,1.478463,30,203,130,8,0.14604117,0.04201944,0.00608590,0E-8,0.000000,0.914292,0.640282,0.04207877,2026-03-23,2026-08-04,69,1947,1162,135,0.511111,1.014849,1.012680,0.486804,,,,,,,,GLOBAL_BASELINE_NO_ENTITY_RANKING,,,NOT_APPLICABLE_GLOBAL_BASELINE,HF9g-P5,,,,X 全窗基线 · 不参与实体赏罚,15050709,1506,A168_HF9F_20260827_0900,2026-08-27 09:00:00
2026-06-05,74657362,1383,0,170.4158145876,-170.4158145876,-170.4158145876,0E-7,2,1,0.39337837500000000,0.280106050000,-0.8052788575962098,-0.6237735893609975,-0.8052788575962098,0.11327232500000000,ELIGIBLE,R03b_20260811_FULL_v1,L1_ELIGIBILITY,v2026-08-11,2026-03-21..2026-08-06,baccarat_bet02_101_all_pairs_incl_sentinel,round_win = game_pnl > 0 (decisive only),COMPATIBILITY_ONLY_NOT_PRODUCTION,234885.8996,214754.2105,9869.7735,3689,3015,-0.04201944,-0.00608590,-0.04816467,-0.04201944,-9869.7735,234885.8996,OK,0.0000,394.7909,4.0000,96.0000,AG03-UNRESOLVED,ALL5_LEVELS_bet23_to_bet27,394.7909,394.7909,394.7909,394.7909,394.7909,4.000000,4.000000,4.000000,4.000000,4.000000,96.000000,96.000000,96.000000,96.000000,96.000000,5.0,1973.9547,1822.2297,7895.8188,8047.5438,PENDING_AG03,FALSE,NOT_FOR_ENFORCEMENT,9474.9825,206164.0421,9869.7735,9474.9825,394.7909,0.04201944,0.04033866,394.7909,9474.9825,0.04033866,394.7909,394.7909,394.7909,394.7909,394.7909,9474.9825,0.04033866,1973.9547,1822.2297,7895.8188,8047.5438,0.03361555,0.0342615,0.00168078,63.6720,71.2286,3.2736,143.0402,5.0692,3404.1435,43.6957,64.4793,63.5359,42.5677,43.0663,85.2079,124.7713,127.8119,154.8004,42.604,-41.336,2.967791,3.594466,1.478463,30,203,130,8,0.14604117,0.04201944,0.00608590,0E-8,0.000000,0.914292,0.640282,0.04207877,2026-03-23,2026-08-04,69,1947,1162,135,0.511111,1.014849,1.012680,0.486804,,,,,,,,GLOBAL_BASELINE_NO_ENTITY_RANKING,,,NOT_APPLICABLE_GLOBAL_BASELINE,HF9g-P5,,,,X 全窗基线 · 不参与实体赏罚,15050710,1506,A168_HF9F_20260827_0900,2026-08-27 09:00:00
2026-06-05,74657362,1490,0,170.4158145876,-170.4158145876,-170.4158145876,0E-7,2,1,0.39337837500000000,0.280106050000,-0.8052788575962098,-0.6237735893609975,-0.8052788575962098,0.11327232500000000,ELIGIBLE,R03b_20260811_FULL_v1,L1_ELIGIBILITY,v2026-08-11,2026-03-21..2026-08-06,baccarat_bet02_101_all_pairs_incl_sentinel,round_win = game_pnl > 0 (decisive only),COMPATIBILITY_ONLY_NOT_PRODUCTION,234885.8996,214754.2105,9869.7735,3689,3015,-0.04201944,-0.00608590,-0.04816467,-0.04201944,-9869.7735,234885.8996,OK,0.0000,394.7909,4.0000,96.0000,AG03-UNRESOLVED,ALL5_LEVELS_bet23_to_bet27,394.7909,394.7909,394.7909,394.7909,394.7909,4.000000,4.000000,4.000000,4.000000,4.000000,96.000000,96.000000,96.000000,96.000000,96.000000,5.0,1973.9547,1822.2297,7895.8188,8047.5438,PENDING_AG03,FALSE,NOT_FOR_ENFORCEMENT,9474.9825,206164.0421,9869.7735,9474.9825,394.7909,0.04201944,0.04033866,394.7909,9474.9825,0.04033866,394.7909,394.7909,394.7909,394.7909,394.7909,9474.9825,0.04033866,1973.9547,1822.2297,7895.8188,8047.5438,0.03361555,0.0342615,0.00168078,63.6720,71.2286,3.2736,143.0402,5.0692,3404.1435,43.6957,64.4793,63.5359,42.5677,43.0663,85.2079,124.7713,127.8119,154.8004,42.604,-41.336,2.967791,3.594466,1.478463,30,203,130,8,0.14604117,0.04201944,0.00608590,0E-8,0.000000,0.914292,0.640282,0.04207877,2026-03-23,2026-08-04,69,1947,1162,135,0.511111,1.014849,1.012680,0.486804,,,,,,,,GLOBAL_BASELINE_NO_ENTITY_RANKING,,,NOT_APPLICABLE_GLOBAL_BASELINE,HF9g-P5,,,,X 全窗基线 · 不参与实体赏罚,15050711,1506,A168_HF9F_20260827_0900,2026-08-27 09:00:00
2026-06-05,74657362,1507,0,127.8118609407,42.6039536469,42.6039536469,1.0000000,2,2,0.50665070000000000,0.506650700000,0.9867858985152569,0.9867858985152569,0.9867858985152569,0E-17,ELIGIBLE,R03b_20260811_FULL_v1,L1_ELIGIBILITY,v2026-08-11,2026-03-21..2026-08-06,baccarat_bet02_101_all_pairs_incl_sentinel,round_win = game_pnl > 0 (decisive only),COMPATIBILITY_ONLY_NOT_PRODUCTION,234885.8996,214754.2105,9869.7735,3689,3015,-0.04201944,-0.00608590,-0.04816467,-0.04201944,-9869.7735,234885.8996,OK,0.0000,394.7909,4.0000,96.0000,AG03-UNRESOLVED,ALL5_LEVELS_bet23_to_bet27,394.7909,394.7909,394.7909,394.7909,394.7909,4.000000,4.000000,4.000000,4.000000,4.000000,96.000000,96.000000,96.000000,96.000000,96.000000,5.0,1973.9547,1822.2297,7895.8188,8047.5438,PENDING_AG03,FALSE,NOT_FOR_ENFORCEMENT,9474.9825,206164.0421,9869.7735,9474.9825,394.7909,0.04201944,0.04033866,394.7909,9474.9825,0.04033866,394.7909,394.7909,394.7909,394.7909,394.7909,9474.9825,0.04033866,1973.9547,1822.2297,7895.8188,8047.5438,0.03361555,0.0342615,0.00168078,63.6720,71.2286,3.2736,143.0402,5.0692,3404.1435,43.6957,64.4793,63.5359,42.5677,43.0663,85.2079,124.7713,127.8119,154.8004,42.604,-41.336,2.967791,3.594466,1.478463,30,203,130,8,0.14604117,0.04201944,0.00608590,0E-8,0.000000,0.914292,0.640282,0.04207877,2026-03-23,2026-08-04,69,1947,1162,135,0.511111,1.014849,1.012680,0.486804,,,,,,,,GLOBAL_BASELINE_NO_ENTITY_RANKING,,,NOT_APPLICABLE_GLOBAL_BASELINE,HF9g-P5,,,,X 全窗基线 · 不参与实体赏罚,15050712,1506,A168_HF9F_20260827_0900,2026-08-27 09:00:00
2026-06-05,74657362,1623,0,42.6039536469,-42.6039536469,-42.6039536469,0E-7,1,1,0.50665070000000000,0.506650700000,-1.013391052207602,-1.013391052207602,-1.013391052207602,0E-17,ELIGIBLE,R03b_20260811_FULL_v1,L1_ELIGIBILITY,v2026-08-11,2026-03-21..2026-08-06,baccarat_bet02_101_all_pairs_incl_sentinel,round_win = game_pnl > 0 (decisive only),COMPATIBILITY_ONLY_NOT_PRODUCTION,234885.8996,214754.2105,9869.7735,3689,3015,-0.04201944,-0.00608590,-0.04816467,-0.04201944,-9869.7735,234885.8996,OK,0.0000,394.7909,4.0000,96.0000,AG03-UNRESOLVED,ALL5_LEVELS_bet23_to_bet27,394.7909,394.7909,394.7909,394.7909,394.7909,4.000000,4.000000,4.000000,4.000000,4.000000,96.000000,96.000000,96.000000,96.000000,96.000000,5.0,1973.9547,1822.2297,7895.8188,8047.5438,PENDING_AG03,FALSE,NOT_FOR_ENFORCEMENT,9474.9825,206164.0421,9869.7735,9474.9825,394.7909,0.04201944,0.04033866,394.7909,9474.9825,0.04033866,394.7909,394.7909,394.7909,394.7909,394.7909,9474.9825,0.04033866,1973.9547,1822.2297,7895.8188,8047.5438,0.03361555,0.0342615,0.00168078,63.6720,71.2286,3.2736,143.0402,5.0692,3404.1435,43.6957,64.4793,63.5359,42.5677,43.0663,85.2079,124.7713,127.8119,154.8004,42.604,-41.336,2.967791,3.594466,1.478463,30,203,130,8,0.14604117,0.04201944,0.00608590,0E-8,0.000000,0.914292,0.640282,0.04207877,2026-03-23,2026-08-04,69,1947,1162,135,0.511111,1.014849,1.012680,0.486804,,,,,,,,GLOBAL_BASELINE_NO_ENTITY_RANKING,,,NOT_APPLICABLE_GLOBAL_BASELINE,HF9g-P5,,,,X 全窗基线 · 不参与实体赏罚,15050713,1506,A168_HF9F_20260827_0900,2026-08-27 09:00:00
2026-06-05,74657362,1710,0,170.4158145876,85.2079072938,85.2079072938,1.0000000,2,1,0.39337837500000000,0.280106050000,1.2418058546638626,1.6031457840727341,1.2418058546638626,0.11327232500000000,ELIGIBLE,R03b_20260811_FULL_v1,L1_ELIGIBILITY,v2026-08-11,2026-03-21..2026-08-06,baccarat_bet02_101_all_pairs_incl_sentinel,round_win = game_pnl > 0 (decisive only),COMPATIBILITY_ONLY_NOT_PRODUCTION,234885.8996,214754.2105,9869.7735,3689,3015,-0.04201944,-0.00608590,-0.04816467,-0.04201944,-9869.7735,234885.8996,OK,0.0000,394.7909,4.0000,96.0000,AG03-UNRESOLVED,ALL5_LEVELS_bet23_to_bet27,394.7909,394.7909,394.7909,394.7909,394.7909,4.000000,4.000000,4.000000,4.000000,4.000000,96.000000,96.000000,96.000000,96.000000,96.000000,5.0,1973.9547,1822.2297,7895.8188,8047.5438,PENDING_AG03,FALSE,NOT_FOR_ENFORCEMENT,9474.9825,206164.0421,9869.7735,9474.9825,394.7909,0.04201944,0.04033866,394.7909,9474.9825,0.04033866,394.7909,394.7909,394.7909,394.7909,394.7909,9474.9825,0.04033866,1973.9547,1822.2297,7895.8188,8047.5438,0.03361555,0.0342615,0.00168078,63.6720,71.2286,3.2736,143.0402,5.0692,3404.1435,43.6957,64.4793,63.5359,42.5677,43.0663,85.2079,124.7713,127.8119,154.8004,42.604,-41.336,2.967791,3.594466,1.478463,30,203,130,8,0.14604117,0.04201944,0.00608590,0E-8,0.000000,0.914292,0.640282,0.04207877,2026-03-23,2026-08-04,69,1947,1162,135,0.511111,1.014849,1.012680,0.486804,,,,,,,,GLOBAL_BASELINE_NO_ENTITY_RANKING,,,NOT_APPLICABLE_GLOBAL_BASELINE,HF9g-P5,,,,X 全窗基线 · 不参与实体赏罚,15050714,1506,A168_HF9F_20260827_0900,2026-08-27 09:00:00
2026-06-05,74657362,1750,0,42.6039536469,42.6039536469,42.6039536469,1.0000000,1,1,0.49324550000000000,0.493245500000,1.01360149184955,1.01360149184955,1.01360149184955,0E-17,ELIGIBLE,R03b_20260811_FULL_v1,L1_ELIGIBILITY,v2026-08-11,2026-03-21..2026-08-06,baccarat_bet02_101_all_pairs_incl_sentinel,round_win = game_pnl > 0 (decisive only),COMPATIBILITY_ONLY_NOT_PRODUCTION,234885.8996,214754.2105,9869.7735,3689,3015,-0.04201944,-0.00608590,-0.04816467,-0.04201944,-9869.7735,234885.8996,OK,0.0000,394.7909,4.0000,96.0000,AG03-UNRESOLVED,ALL5_LEVELS_bet23_to_bet27,394.7909,394.7909,394.7909,394.7909,394.7909,4.000000,4.000000,4.000000,4.000000,4.000000,96.000000,96.000000,96.000000,96.000000,96.000000,5.0,1973.9547,1822.2297,7895.8188,8047.5438,PENDING_AG03,FALSE,NOT_FOR_ENFORCEMENT,9474.9825,206164.0421,9869.7735,9474.9825,394.7909,0.04201944,0.04033866,394.7909,9474.9825,0.04033866,394.7909,394.7909,394.7909,394.7909,394.7909,9474.9825,0.04033866,1973.9547,1822.2297,7895.8188,8047.5438,0.03361555,0.0342615,0.00168078,63.6720,71.2286,3.2736,143.0402,5.0692,3404.1435,43.6957,64.4793,63.5359,42.5677,43.0663,85.2079,124.7713,127.8119,154.8004,42.604,-41.336,2.967791,3.594466,1.478463,30,203,130,8,0.14604117,0.04201944,0.00608590,0E-8,0.000000,0.914292,0.640282,0.04207877,2026-03-23,2026-08-04,69,1947,1162,135,0.511111,1.014849,1.012680,0.486804,,,,,,,,GLOBAL_BASELINE_NO_ENTITY_RANKING,,,NOT_APPLICABLE_GLOBAL_BASELINE,HF9g-P5,,,,X 全窗基线 · 不参与实体赏罚,15050715,1506,A168_HF9F_20260827_0900,2026-08-27 09:00:00
2026-06-05,74657362,1940,0,170.4158145876,85.2079072938,85.2079072938,1.0000000,2,1,0.39337837500000000,0.280106050000,1.2418058546638626,1.6031457840727341,1.2418058546638626,0.11327232500000000,ELIGIBLE,R03b_20260811_FULL_v1,L1_ELIGIBILITY,v2026-08-11,2026-03-21..2026-08-06,baccarat_bet02_101_all_pairs_incl_sentinel,round_win = game_pnl > 0 (decisive only),COMPATIBILITY_ONLY_NOT_PRODUCTION,234885.8996,214754.2105,9869.7735,3689,3015,-0.04201944,-0.00608590,-0.04816467,-0.04201944,-9869.7735,234885.8996,OK,0.0000,394.7909,4.0000,96.0000,AG03-UNRESOLVED,ALL5_LEVELS_bet23_to_bet27,394.7909,394.7909,394.7909,394.7909,394.7909,4.000000,4.000000,4.000000,4.000000,4.000000,96.000000,96.000000,96.000000,96.000000,96.000000,5.0,1973.9547,1822.2297,7895.8188,8047.5438,PENDING_AG03,FALSE,NOT_FOR_ENFORCEMENT,9474.9825,206164.0421,9869.7735,9474.9825,394.7909,0.04201944,0.04033866,394.7909,9474.9825,0.04033866,394.7909,394.7909,394.7909,394.7909,394.7909,9474.9825,0.04033866,1973.9547,1822.2297,7895.8188,8047.5438,0.03361555,0.0342615,0.00168078,63.6720,71.2286,3.2736,143.0402,5.0692,3404.1435,43.6957,64.4793,63.5359,42.5677,43.0663,85.2079,124.7713,127.8119,154.8004,42.604,-41.336,2.967791,3.594466,1.478463,30,203,130,8,0.14604117,0.04201944,0.00608590,0E-8,0.000000,0.914292,0.640282,0.04207877,2026-03-23,2026-08-04,69,1947,1162,135,0.511111,1.014849,1.012680,0.486804,,,,,,,,GLOBAL_BASELINE_NO_ENTITY_RANKING,,,NOT_APPLICABLE_GLOBAL_BASELINE,HF9g-P5,,,,X 全窗基线 · 不参与实体赏罚,15050716,1506,A168_HF9F_20260827_0900,2026-08-27 09:00:00
2026-06-05,74657362,2129,0,85.2079072938,85.2079072938,85.2079072938,1.0000000,1,1,0.49324550000000000,0.493245500000,1.01360149184955,1.01360149184955,1.01360149184955,0E-17,ELIGIBLE,R03b_20260811_FULL_v1,L1_ELIGIBILITY,v2026-08-11,2026-03-21..2026-08-06,baccarat_bet02_101_all_pairs_incl_sentinel,round_win = game_pnl > 0 (decisive only),COMPATIBILITY_ONLY_NOT_PRODUCTION,234885.8996,214754.2105,9869.7735,3689,3015,-0.04201944,-0.00608590,-0.04816467,-0.04201944,-9869.7735,234885.8996,OK,0.0000,394.7909,4.0000,96.0000,AG03-UNRESOLVED,ALL5_LEVELS_bet23_to_bet27,394.7909,394.7909,394.7909,394.7909,394.7909,4.000000,4.000000,4.000000,4.000000,4.000000,96.000000,96.000000,96.000000,96.000000,96.000000,5.0,1973.9547,1822.2297,7895.8188,8047.5438,PENDING_AG03,FALSE,NOT_FOR_ENFORCEMENT,9474.9825,206164.0421,9869.7735,9474.9825,394.7909,0.04201944,0.04033866,394.7909,9474.9825,0.04033866,394.7909,394.7909,394.7909,394.7909,394.7909,9474.9825,0.04033866,1973.9547,1822.2297,7895.8188,8047.5438,0.03361555,0.0342615,0.00168078,63.6720,71.2286,3.2736,143.0402,5.0692,3404.1435,43.6957,64.4793,63.5359,42.5677,43.0663,85.2079,124.7713,127.8119,154.8004,42.604,-41.336,2.967791,3.594466,1.478463,30,203,130,8,0.14604117,0.04201944,0.00608590,0E-8,0.000000,0.914292,0.640282,0.04207877,2026-03-23,2026-08-04,69,1947,1162,135,0.511111,1.014849,1.012680,0.486804,,,,,,,,GLOBAL_BASELINE_NO_ENTITY_RANKING,,,NOT_APPLICABLE_GLOBAL_BASELINE,HF9g-P5,,,,X 全窗基线 · 不参与实体赏罚,15050717,1506,A168_HF9F_20260827_0900,2026-08-27 09:00:00
2026-06-05,74657362,2130,0,42.6039536469,-42.6039536469,-42.6039536469,0E-7,1,1,0.50665070000000000,0.506650700000,-1.013391052207602,-1.013391052207602,-1.013391052207602,0E-17,ELIGIBLE,R03b_20260811_FULL_v1,L1_ELIGIBILITY,v2026-08-11,2026-03-21..2026-08-06,baccarat_bet02_101_all_pairs_incl_sentinel,round_win = game_pnl > 0 (decisive only),COMPATIBILITY_ONLY_NOT_PRODUCTION,234885.8996,214754.2105,9869.7735,3689,3015,-0.04201944,-0.00608590,-0.04816467,-0.04201944,-9869.7735,234885.8996,OK,0.0000,394.7909,4.0000,96.0000,AG03-UNRESOLVED,ALL5_LEVELS_bet23_to_bet27,394.7909,394.7909,394.7909,394.7909,394.7909,4.000000,4.000000,4.000000,4.000000,4.000000,96.000000,96.000000,96.000000,96.000000,96.000000,5.0,1973.9547,1822.2297,7895.8188,8047.5438,PENDING_AG03,FALSE,NOT_FOR_ENFORCEMENT,9474.9825,206164.0421,9869.7735,9474.9825,394.7909,0.04201944,0.04033866,394.7909,9474.9825,0.04033866,394.7909,394.7909,394.7909,394.7909,394.7909,9474.9825,0.04033866,1973.9547,1822.2297,7895.8188,8047.5438,0.03361555,0.0342615,0.00168078,63.6720,71.2286,3.2736,143.0402,5.0692,3404.1435,43.6957,64.4793,63.5359,42.5677,43.0663,85.2079,124.7713,127.8119,154.8004,42.604,-41.336,2.967791,3.594466,1.478463,30,203,130,8,0.14604117,0.04201944,0.00608590,0E-8,0.000000,0.914292,0.640282,0.04207877,2026-03-23,2026-08-04,69,1947,1162,135,0.511111,1.014849,1.012680,0.486804,,,,,,,,GLOBAL_BASELINE_NO_ENTITY_RANKING,,,NOT_APPLICABLE_GLOBAL_BASELINE,HF9g-P5,,,,X 全窗基线 · 不参与实体赏罚,15050718,1506,A168_HF9F_20260827_0900,2026-08-27 09:00:00
2026-06-05,74657362,2152,0,170.4158145876,575.1533742331,575.1533742331,1.0000000,2,1,0.39337837500000000,0.280106050000,1.2418058546638626,1.6031457840727341,1.2418058546638626,0.11327232500000000,ELIGIBLE,R03b_20260811_FULL_v1,L1_ELIGIBILITY,v2026-08-11,2026-03-21..2026-08-06,baccarat_bet02_101_all_pairs_incl_sentinel,round_win = game_pnl > 0 (decisive only),COMPATIBILITY_ONLY_NOT_PRODUCTION,234885.8996,214754.2105,9869.7735,3689,3015,-0.04201944,-0.00608590,-0.04816467,-0.04201944,-9869.7735,234885.8996,OK,0.0000,394.7909,4.0000,96.0000,AG03-UNRESOLVED,ALL5_LEVELS_bet23_to_bet27,394.7909,394.7909,394.7909,394.7909,394.7909,4.000000,4.000000,4.000000,4.000000,4.000000,96.000000,96.000000,96.000000,96.000000,96.000000,5.0,1973.9547,1822.2297,7895.8188,8047.5438,PENDING_AG03,FALSE,NOT_FOR_ENFORCEMENT,9474.9825,206164.0421,9869.7735,9474.9825,394.7909,0.04201944,0.04033866,394.7909,9474.9825,0.04033866,394.7909,394.7909,394.7909,394.7909,394.7909,9474.9825,0.04033866,1973.9547,1822.2297,7895.8188,8047.5438,0.03361555,0.0342615,0.00168078,63.6720,71.2286,3.2736,143.0402,5.0692,3404.1435,43.6957,64.4793,63.5359,42.5677,43.0663,85.2079,124.7713,127.8119,154.8004,42.604,-41.336,2.967791,3.594466,1.478463,30,203,130,8,0.14604117,0.04201944,0.00608590,0E-8,0.000000,0.914292,0.640282,0.04207877,2026-03-23,2026-08-04,69,1947,1162,135,0.511111,1.014849,1.012680,0.486804,,,,,,,,GLOBAL_BASELINE_NO_ENTITY_RANKING,,,NOT_APPLICABLE_GLOBAL_BASELINE,HF9g-P5,,,,X 全窗基线 · 不参与实体赏罚,15050719,1506,A168_HF9F_20260827_0900,2026-08-27 09:00:00
2026-06-05,74657362,2177,0,85.2079072938,-85.2079072938,-85.2079072938,0E-7,1,1,0.50665070000000000,0.506650700000,-1.013391052207602,-1.013391052207602,-1.013391052207602,0E-17,ELIGIBLE,R03b_20260811_FULL_v1,L1_ELIGIBILITY,v2026-08-11,2026-03-21..2026-08-06,baccarat_bet02_101_all_pairs_incl_sentinel,round_win = game_pnl > 0 (decisive only),COMPATIBILITY_ONLY_NOT_PRODUCTION,234885.8996,214754.2105,9869.7735,3689,3015,-0.04201944,-0.00608590,-0.04816467,-0.04201944,-9869.7735,234885.8996,OK,0.0000,394.7909,4.0000,96.0000,AG03-UNRESOLVED,ALL5_LEVELS_bet23_to_bet27,394.7909,394.7909,394.7909,394.7909,394.7909,4.000000,4.000000,4.000000,4.000000,4.000000,96.000000,96.000000,96.000000,96.000000,96.000000,5.0,1973.9547,1822.2297,7895.8188,8047.5438,PENDING_AG03,FALSE,NOT_FOR_ENFORCEMENT,9474.9825,206164.0421,9869.7735,9474.9825,394.7909,0.04201944,0.04033866,394.7909,9474.9825,0.04033866,394.7909,394.7909,394.7909,394.7909,394.7909,9474.9825,0.04033866,1973.9547,1822.2297,7895.8188,8047.5438,0.03361555,0.0342615,0.00168078,63.6720,71.2286,3.2736,143.0402,5.0692,3404.1435,43.6957,64.4793,63.5359,42.5677,43.0663,85.2079,124.7713,127.8119,154.8004,42.604,-41.336,2.967791,3.594466,1.478463,30,203,130,8,0.14604117,0.04201944,0.00608590,0E-8,0.000000,0.914292,0.640282,0.04207877,2026-03-23,2026-08-04,69,1947,1162,135,0.511111,1.014849,1.012680,0.486804,,,,,,,,GLOBAL_BASELINE_NO_ENTITY_RANKING,,,NOT_APPLICABLE_GLOBAL_BASELINE,HF9g-P5,,,,X 全窗基线 · 不参与实体赏罚,15050720,1506,A168_HF9F_20260827_0900,2026-08-27 09:00:00
2026-06-05,74657362,2196,0,233.4696659850,512.0995228357,512.0995228357,0.5000000,4,2,0.37654059695948859,0.280106050000,0.3603538591754419,0.6925207201862208,0.3603538591754419,0.09643454695948859,ELIGIBLE,R03b_20260811_FULL_v1,L1_ELIGIBILITY,v2026-08-11,2026-03-21..2026-08-06,baccarat_bet02_101_all_pairs_incl_sentinel,round_win = game_pnl > 0 (decisive only),COMPATIBILITY_ONLY_NOT_PRODUCTION,234885.8996,214754.2105,9869.7735,3689,3015,-0.04201944,-0.00608590,-0.04816467,-0.04201944,-9869.7735,234885.8996,OK,0.0000,394.7909,4.0000,96.0000,AG03-UNRESOLVED,ALL5_LEVELS_bet23_to_bet27,394.7909,394.7909,394.7909,394.7909,394.7909,4.000000,4.000000,4.000000,4.000000,4.000000,96.000000,96.000000,96.000000,96.000000,96.000000,5.0,1973.9547,1822.2297,7895.8188,8047.5438,PENDING_AG03,FALSE,NOT_FOR_ENFORCEMENT,9474.9825,206164.0421,9869.7735,9474.9825,394.7909,0.04201944,0.04033866,394.7909,9474.9825,0.04033866,394.7909,394.7909,394.7909,394.7909,394.7909,9474.9825,0.04033866,1973.9547,1822.2297,7895.8188,8047.5438,0.03361555,0.0342615,0.00168078,63.6720,71.2286,3.2736,143.0402,5.0692,3404.1435,43.6957,64.4793,63.5359,42.5677,43.0663,85.2079,124.7713,127.8119,154.8004,42.604,-41.336,2.967791,3.594466,1.478463,30,203,130,8,0.14604117,0.04201944,0.00608590,0E-8,0.000000,0.914292,0.640282,0.04207877,2026-03-23,2026-08-04,69,1947,1162,135,0.511111,1.014849,1.012680,0.486804,,,,,,,,GLOBAL_BASELINE_NO_ENTITY_RANKING,,,NOT_APPLICABLE_GLOBAL_BASELINE,HF9g-P5,,,,X 全窗基线 · 不参与实体赏罚,15050721,1506,A168_HF9F_20260827_0900,2026-08-27 09:00:00
2026-06-05,74657362,2209,0,170.4158145876,-170.4158145876,-170.4158145876,0E-7,2,1,0.39337837500000000,0.280106050000,-0.8052788575962098,-0.6237735893609975,-0.8052788575962098,0.11327232500000000,ELIGIBLE,R03b_20260811_FULL_v1,L1_ELIGIBILITY,v2026-08-11,2026-03-21..2026-08-06,baccarat_bet02_101_all_pairs_incl_sentinel,round_win = game_pnl > 0 (decisive only),COMPATIBILITY_ONLY_NOT_PRODUCTION,234885.8996,214754.2105,9869.7735,3689,3015,-0.04201944,-0.00608590,-0.04816467,-0.04201944,-9869.7735,234885.8996,OK,0.0000,394.7909,4.0000,96.0000,AG03-UNRESOLVED,ALL5_LEVELS_bet23_to_bet27,394.7909,394.7909,394.7909,394.7909,394.7909,4.000000,4.000000,4.000000,4.000000,4.000000,96.000000,96.000000,96.000000,96.000000,96.000000,5.0,1973.9547,1822.2297,7895.8188,8047.5438,PENDING_AG03,FALSE,NOT_FOR_ENFORCEMENT,9474.9825,206164.0421,9869.7735,9474.9825,394.7909,0.04201944,0.04033866,394.7909,9474.9825,0.04033866,394.7909,394.7909,394.7909,394.7909,394.7909,9474.9825,0.04033866,1973.9547,1822.2297,7895.8188,8047.5438,0.03361555,0.0342615,0.00168078,63.6720,71.2286,3.2736,143.0402,5.0692,3404.1435,43.6957,64.4793,63.5359,42.5677,43.0663,85.2079,124.7713,127.8119,154.8004,42.604,-41.336,2.967791,3.594466,1.478463,30,203,130,8,0.14604117,0.04201944,0.00608590,0E-8,0.000000,0.914292,0.640282,0.04207877,2026-03-23,2026-08-04,69,1947,1162,135,0.511111,1.014849,1.012680,0.486804,,,,,,,,GLOBAL_BASELINE_NO_ENTITY_RANKING,,,NOT_APPLICABLE_GLOBAL_BASELINE,HF9g-P5,,,,X 全窗基线 · 不参与实体赏罚,15050722,1506,A168_HF9F_20260827_0900,2026-08-27 09:00:00
2026-06-05,74657362,2222,0,64.7580095433,-64.7580095433,-64.7580095433,0E-7,2,1,0.07516213684208859,0.074082100000,-0.2850800054646966,-0.28285926097822156,-0.2850800054646966,0.00108003684208859,ELIGIBLE,R03b_20260811_FULL_v1,L1_ELIGIBILITY,v2026-08-11,2026-03-21..2026-08-06,baccarat_bet02_101_all_pairs_incl_sentinel,round_win = game_pnl > 0 (decisive only),COMPATIBILITY_ONLY_NOT_PRODUCTION,234885.8996,214754.2105,9869.7735,3689,3015,-0.04201944,-0.00608590,-0.04816467,-0.04201944,-9869.7735,234885.8996,OK,0.0000,394.7909,4.0000,96.0000,AG03-UNRESOLVED,ALL5_LEVELS_bet23_to_bet27,394.7909,394.7909,394.7909,394.7909,394.7909,4.000000,4.000000,4.000000,4.000000,4.000000,96.000000,96.000000,96.000000,96.000000,96.000000,5.0,1973.9547,1822.2297,7895.8188,8047.5438,PENDING_AG03,FALSE,NOT_FOR_ENFORCEMENT,9474.9825,206164.0421,9869.7735,9474.9825,394.7909,0.04201944,0.04033866,394.7909,9474.9825,0.04033866,394.7909,394.7909,394.7909,394.7909,394.7909,9474.9825,0.04033866,1973.9547,1822.2297,7895.8188,8047.5438,0.03361555,0.0342615,0.00168078,63.6720,71.2286,3.2736,143.0402,5.0692,3404.1435,43.6957,64.4793,63.5359,42.5677,43.0663,85.2079,124.7713,127.8119,154.8004,42.604,-41.336,2.967791,3.594466,1.478463,30,203,130,8,0.14604117,0.04201944,0.00608590,0E-8,0.000000,0.914292,0.640282,0.04207877,2026-03-23,2026-08-04,69,1947,1162,135,0.511111,1.014849,1.012680,0.486804,,,,,,,,GLOBAL_BASELINE_NO_ENTITY_RANKING,,,NOT_APPLICABLE_GLOBAL_BASELINE,HF9g-P5,,,,X 全窗基线 · 不参与实体赏罚,15050723,1506,A168_HF9F_20260827_0900,2026-08-27 09:00:00
2026-06-05,74657362,2248,0,170.4158145876,85.2079072938,85.2079072938,1.0000000,2,1,0.39337837500000000,0.280106050000,1.2418058546638626,1.6031457840727341,1.2418058546638626,0.11327232500000000,ELIGIBLE,R03b_20260811_FULL_v1,L1_ELIGIBILITY,v2026-08-11,2026-03-21..2026-08-06,baccarat_bet02_101_all_pairs_incl_sentinel,round_win = game_pnl > 0 (decisive only),COMPATIBILITY_ONLY_NOT_PRODUCTION,234885.8996,214754.2105,9869.7735,3689,3015,-0.04201944,-0.00608590,-0.04816467,-0.04201944,-9869.7735,234885.8996,OK,0.0000,394.7909,4.0000,96.0000,AG03-UNRESOLVED,ALL5_LEVELS_bet23_to_bet27,394.7909,394.7909,394.7909,394.7909,394.7909,4.000000,4.000000,4.000000,4.000000,4.000000,96.000000,96.000000,96.000000,96.000000,96.000000,5.0,1973.9547,1822.2297,7895.8188,8047.5438,PENDING_AG03,FALSE,NOT_FOR_ENFORCEMENT,9474.9825,206164.0421,9869.7735,9474.9825,394.7909,0.04201944,0.04033866,394.7909,9474.9825,0.04033866,394.7909,394.7909,394.7909,394.7909,394.7909,9474.9825,0.04033866,1973.9547,1822.2297,7895.8188,8047.5438,0.03361555,0.0342615,0.00168078,63.6720,71.2286,3.2736,143.0402,5.0692,3404.1435,43.6957,64.4793,63.5359,42.5677,43.0663,85.2079,124.7713,127.8119,154.8004,42.604,-41.336,2.967791,3.594466,1.478463,30,203,130,8,0.14604117,0.04201944,0.00608590,0E-8,0.000000,0.914292,0.640282,0.04207877,2026-03-23,2026-08-04,69,1947,1162,135,0.511111,1.014849,1.012680,0.486804,,,,,,,,GLOBAL_BASELINE_NO_ENTITY_RANKING,,,NOT_APPLICABLE_GLOBAL_BASELINE,HF9g-P5,,,,X 全窗基线 · 不参与实体赏罚,15050724,1506,A168_HF9F_20260827_0900,2026-08-27 09:00:00
2026-06-05,74657362,2256,0,85.2079072938,-85.2079072938,-85.2079072938,0E-7,1,1,0.49324550000000000,0.493245500000,-0.9865810262130424,-0.9865810262130424,-0.9865810262130424,0E-17,ELIGIBLE,R03b_20260811_FULL_v1,L1_ELIGIBILITY,v2026-08-11,2026-03-21..2026-08-06,baccarat_bet02_101_all_pairs_incl_sentinel,round_win = game_pnl > 0 (decisive only),COMPATIBILITY_ONLY_NOT_PRODUCTION,234885.8996,214754.2105,9869.7735,3689,3015,-0.04201944,-0.00608590,-0.04816467,-0.04201944,-9869.7735,234885.8996,OK,0.0000,394.7909,4.0000,96.0000,AG03-UNRESOLVED,ALL5_LEVELS_bet23_to_bet27,394.7909,394.7909,394.7909,394.7909,394.7909,4.000000,4.000000,4.000000,4.000000,4.000000,96.000000,96.000000,96.000000,96.000000,96.000000,5.0,1973.9547,1822.2297,7895.8188,8047.5438,PENDING_AG03,FALSE,NOT_FOR_ENFORCEMENT,9474.9825,206164.0421,9869.7735,9474.9825,394.7909,0.04201944,0.04033866,394.7909,9474.9825,0.04033866,394.7909,394.7909,394.7909,394.7909,394.7909,9474.9825,0.04033866,1973.9547,1822.2297,7895.8188,8047.5438,0.03361555,0.0342615,0.00168078,63.6720,71.2286,3.2736,143.0402,5.0692,3404.1435,43.6957,64.4793,63.5359,42.5677,43.0663,85.2079,124.7713,127.8119,154.8004,42.604,-41.336,2.967791,3.594466,1.478463,30,203,130,8,0.14604117,0.04201944,0.00608590,0E-8,0.000000,0.914292,0.640282,0.04207877,2026-03-23,2026-08-04,69,1947,1162,135,0.511111,1.014849,1.012680,0.486804,,,,,,,,GLOBAL_BASELINE_NO_ENTITY_RANKING,,,NOT_APPLICABLE_GLOBAL_BASELINE,HF9g-P5,,,,X 全窗基线 · 不参与实体赏罚,15050725,1506,A168_HF9F_20260827_0900,2026-08-27 09:00:00
2026-06-05,74657362,2280,0,852.0790729380,915.9850034083,915.9850034083,0.8000000,10,5,0.39337837500000000,0.280106050000,1.861278191422797,2.5888343311470203,1.861278191422797,0.11327232500000000,ELIGIBLE,R03b_20260811_FULL_v1,L1_ELIGIBILITY,v2026-08-11,2026-03-21..2026-08-06,baccarat_bet02_101_all_pairs_incl_sentinel,round_win = game_pnl > 0 (decisive only),COMPATIBILITY_ONLY_NOT_PRODUCTION,234885.8996,214754.2105,9869.7735,3689,3015,-0.04201944,-0.00608590,-0.04816467,-0.04201944,-9869.7735,234885.8996,OK,0.0000,394.7909,4.0000,96.0000,AG03-UNRESOLVED,ALL5_LEVELS_bet23_to_bet27,394.7909,394.7909,394.7909,394.7909,394.7909,4.000000,4.000000,4.000000,4.000000,4.000000,96.000000,96.000000,96.000000,96.000000,96.000000,5.0,1973.9547,1822.2297,7895.8188,8047.5438,PENDING_AG03,FALSE,NOT_FOR_ENFORCEMENT,9474.9825,206164.0421,9869.7735,9474.9825,394.7909,0.04201944,0.04033866,394.7909,9474.9825,0.04033866,394.7909,394.7909,394.7909,394.7909,394.7909,9474.9825,0.04033866,1973.9547,1822.2297,7895.8188,8047.5438,0.03361555,0.0342615,0.00168078,63.6720,71.2286,3.2736,143.0402,5.0692,3404.1435,43.6957,64.4793,63.5359,42.5677,43.0663,85.2079,124.7713,127.8119,154.8004,42.604,-41.336,2.967791,3.594466,1.478463,30,203,130,8,0.14604117,0.04201944,0.00608590,0E-8,0.000000,0.914292,0.640282,0.04207877,2026-03-23,2026-08-04,69,1947,1162,135,0.511111,1.014849,1.012680,0.486804,,,,,,,,GLOBAL_BASELINE_NO_ENTITY_RANKING,,,NOT_APPLICABLE_GLOBAL_BASELINE,HF9g-P5,,,,X 全窗基线 · 不参与实体赏罚,15050726,1506,A168_HF9F_20260827_0900,2026-08-27 09:00:00
2026-06-05,74657362,583,0,85.2079072938,-85.2079072938,-85.2079072938,0E-7,1,1,0.49324550000000000,0.493245500000,-0.9865810262130424,-0.9865810262130424,-0.9865810262130424,0E-17,ELIGIBLE,R03b_20260811_FULL_v1,L1_ELIGIBILITY,v2026-08-11,2026-03-21..2026-08-06,baccarat_bet02_101_all_pairs_incl_sentinel,round_win = game_pnl > 0 (decisive only),COMPATIBILITY_ONLY_NOT_PRODUCTION,234885.8996,214754.2105,9869.7735,3689,3015,-0.04201944,-0.00608590,-0.04816467,-0.04201944,-9869.7735,234885.8996,OK,0.0000,394.7909,4.0000,96.0000,AG03-UNRESOLVED,ALL5_LEVELS_bet23_to_bet27,394.7909,394.7909,394.7909,394.7909,394.7909,4.000000,4.000000,4.000000,4.000000,4.000000,96.000000,96.000000,96.000000,96.000000,96.000000,5.0,1973.9547,1822.2297,7895.8188,8047.5438,PENDING_AG03,FALSE,NOT_FOR_ENFORCEMENT,9474.9825,206164.0421,9869.7735,9474.9825,394.7909,0.04201944,0.04033866,394.7909,9474.9825,0.04033866,394.7909,394.7909,394.7909,394.7909,394.7909,9474.9825,0.04033866,1973.9547,1822.2297,7895.8188,8047.5438,0.03361555,0.0342615,0.00168078,63.6720,71.2286,3.2736,143.0402,5.0692,3404.1435,43.6957,64.4793,63.5359,42.5677,43.0663,85.2079,124.7713,127.8119,154.8004,42.604,-41.336,2.967791,3.594466,1.478463,30,203,130,8,0.14604117,0.04201944,0.00608590,0E-8,0.000000,0.914292,0.640282,0.04207877,2026-03-23,2026-08-04,69,1947,1162,135,0.511111,1.014849,1.012680,0.486804,,,,,,,,GLOBAL_BASELINE_NO_ENTITY_RANKING,,,NOT_APPLICABLE_GLOBAL_BASELINE,HF9g-P5,,,,X 全窗基线 · 不参与实体赏罚,15050727,1506,A168_HF9F_20260827_0900,2026-08-27 09:00:00
2026-06-05,74657362,986,0,85.2079072938,85.2079072938,85.2079072938,1.0000000,1,1,0.49324550000000000,0.493245500000,1.01360149184955,1.01360149184955,1.01360149184955,0E-17,ELIGIBLE,R03b_20260811_FULL_v1,L1_ELIGIBILITY,v2026-08-11,2026-03-21..2026-08-06,baccarat_bet02_101_all_pairs_incl_sentinel,round_win = game_pnl > 0 (decisive only),COMPATIBILITY_ONLY_NOT_PRODUCTION,234885.8996,214754.2105,9869.7735,3689,3015,-0.04201944,-0.00608590,-0.04816467,-0.04201944,-9869.7735,234885.8996,OK,0.0000,394.7909,4.0000,96.0000,AG03-UNRESOLVED,ALL5_LEVELS_bet23_to_bet27,394.7909,394.7909,394.7909,394.7909,394.7909,4.000000,4.000000,4.000000,4.000000,4.000000,96.000000,96.000000,96.000000,96.000000,96.000000,5.0,1973.9547,1822.2297,7895.8188,8047.5438,PENDING_AG03,FALSE,NOT_FOR_ENFORCEMENT,9474.9825,206164.0421,9869.7735,9474.9825,394.7909,0.04201944,0.04033866,394.7909,9474.9825,0.04033866,394.7909,394.7909,394.7909,394.7909,394.7909,9474.9825,0.04033866,1973.9547,1822.2297,7895.8188,8047.5438,0.03361555,0.0342615,0.00168078,63.6720,71.2286,3.2736,143.0402,5.0692,3404.1435,43.6957,64.4793,63.5359,42.5677,43.0663,85.2079,124.7713,127.8119,154.8004,42.604,-41.336,2.967791,3.594466,1.478463,30,203,130,8,0.14604117,0.04201944,0.00608590,0E-8,0.000000,0.914292,0.640282,0.04207877,2026-03-23,2026-08-04,69,1947,1162,135,0.511111,1.014849,1.012680,0.486804,,,,,,,,GLOBAL_BASELINE_NO_ENTITY_RANKING,,,NOT_APPLICABLE_GLOBAL_BASELINE,HF9g-P5,,,,X 全窗基线 · 不参与实体赏罚,15050728,1506,A168_HF9F_20260827_0900,2026-08-27 09:00:00
2026-06-06,74657362,-1,1,2002.3858214043,-468.6434901159,-468.6434901159,0.4736842,24,19,0.46568298070175439,0.437861707895,0.06991797775776527,0.31473327105737775,0.06991797775776527,0.02782127280675439,SENTINEL_DEALER,R03b_20260811_FULL_v1,L1_ELIGIBILITY,v2026-08-11,2026-03-21..2026-08-06,baccarat_bet02_101_all_pairs_incl_sentinel,round_win = game_pnl > 0 (decisive only),COMPATIBILITY_ONLY_NOT_PRODUCTION,234885.8996,214754.2105,9869.7735,3689,3015,-0.04201944,-0.00608590,-0.04816467,-0.04201944,-9869.7735,234885.8996,OK,0.0000,394.7909,4.0000,96.0000,AG03-UNRESOLVED,ALL5_LEVELS_bet23_to_bet27,394.7909,394.7909,394.7909,394.7909,394.7909,4.000000,4.000000,4.000000,4.000000,4.000000,96.000000,96.000000,96.000000,96.000000,96.000000,5.0,1973.9547,1822.2297,7895.8188,8047.5438,PENDING_AG03,FALSE,NOT_FOR_ENFORCEMENT,9474.9825,206164.0421,9869.7735,9474.9825,394.7909,0.04201944,0.04033866,394.7909,9474.9825,0.04033866,394.7909,394.7909,394.7909,394.7909,394.7909,9474.9825,0.04033866,1973.9547,1822.2297,7895.8188,8047.5438,0.03361555,0.0342615,0.00168078,63.6720,71.2286,3.2736,143.0402,5.0692,3404.1435,43.6957,64.4793,63.5359,42.5677,43.0663,85.2079,124.7713,127.8119,154.8004,42.604,-41.336,2.967791,3.594466,1.478463,30,203,130,8,0.14604117,0.04201944,0.00608590,0E-8,0.000000,0.914292,0.640282,0.04207877,2026-03-23,2026-08-04,69,1947,1162,135,0.511111,1.014849,1.012680,0.486804,,,,,,,,GLOBAL_BASELINE_NO_ENTITY_RANKING,,,NOT_APPLICABLE_GLOBAL_BASELINE,HF9g-P5,,,,X 全窗基线 · 不参与实体赏罚,15050729,1506,A168_HF9F_20260827_0900,2026-08-27 09:00:00
2026-06-06,74657362,1004,0,85.2079072938,-85.2079072938,-85.2079072938,0E-7,1,1,0.49324550000000000,0.493245500000,-0.9865810262130424,-0.9865810262130424,-0.9865810262130424,0E-17,ELIGIBLE,R03b_20260811_FULL_v1,L1_ELIGIBILITY,v2026-08-11,2026-03-21..2026-08-06,baccarat_bet02_101_all_pairs_incl_sentinel,round_win = game_pnl > 0 (decisive only),COMPATIBILITY_ONLY_NOT_PRODUCTION,234885.8996,214754.2105,9869.7735,3689,3015,-0.04201944,-0.00608590,-0.04816467,-0.04201944,-9869.7735,234885.8996,OK,0.0000,394.7909,4.0000,96.0000,AG03-UNRESOLVED,ALL5_LEVELS_bet23_to_bet27,394.7909,394.7909,394.7909,394.7909,394.7909,4.000000,4.000000,4.000000,4.000000,4.000000,96.000000,96.000000,96.000000,96.000000,96.000000,5.0,1973.9547,1822.2297,7895.8188,8047.5438,PENDING_AG03,FALSE,NOT_FOR_ENFORCEMENT,9474.9825,206164.0421,9869.7735,9474.9825,394.7909,0.04201944,0.04033866,394.7909,9474.9825,0.04033866,394.7909,394.7909,394.7909,394.7909,394.7909,9474.9825,0.04033866,1973.9547,1822.2297,7895.8188,8047.5438,0.03361555,0.0342615,0.00168078,63.6720,71.2286,3.2736,143.0402,5.0692,3404.1435,43.6957,64.4793,63.5359,42.5677,43.0663,85.2079,124.7713,127.8119,154.8004,42.604,-41.336,2.967791,3.594466,1.478463,30,203,130,8,0.14604117,0.04201944,0.00608590,0E-8,0.000000,0.914292,0.640282,0.04207877,2026-03-23,2026-08-04,69,1947,1162,135,0.511111,1.014849,1.012680,0.486804,,,,,,,,GLOBAL_BASELINE_NO_ENTITY_RANKING,,,NOT_APPLICABLE_GLOBAL_BASELINE,HF9g-P5,,,,X 全窗基线 · 不参与实体赏罚,15050730,1506,A168_HF9F_20260827_0900,2026-08-27 09:00:00
2026-06-06,74657362,1151,0,85.2079072938,85.2079072938,85.2079072938,1.0000000,1,1,0.49324550000000000,0.493245500000,1.01360149184955,1.01360149184955,1.01360149184955,0E-17,ELIGIBLE,R03b_20260811_FULL_v1,L1_ELIGIBILITY,v2026-08-11,2026-03-21..2026-08-06,baccarat_bet02_101_all_pairs_incl_sentinel,round_win = game_pnl > 0 (decisive only),COMPATIBILITY_ONLY_NOT_PRODUCTION,234885.8996,214754.2105,9869.7735,3689,3015,-0.04201944,-0.00608590,-0.04816467,-0.04201944,-9869.7735,234885.8996,OK,0.0000,394.7909,4.0000,96.0000,AG03-UNRESOLVED,ALL5_LEVELS_bet23_to_bet27,394.7909,394.7909,394.7909,394.7909,394.7909,4.000000,4.000000,4.000000,4.000000,4.000000,96.000000,96.000000,96.000000,96.000000,96.000000,5.0,1973.9547,1822.2297,7895.8188,8047.5438,PENDING_AG03,FALSE,NOT_FOR_ENFORCEMENT,9474.9825,206164.0421,9869.7735,9474.9825,394.7909,0.04201944,0.04033866,394.7909,9474.9825,0.04033866,394.7909,394.7909,394.7909,394.7909,394.7909,9474.9825,0.04033866,1973.9547,1822.2297,7895.8188,8047.5438,0.03361555,0.0342615,0.00168078,63.6720,71.2286,3.2736,143.0402,5.0692,3404.1435,43.6957,64.4793,63.5359,42.5677,43.0663,85.2079,124.7713,127.8119,154.8004,42.604,-41.336,2.967791,3.594466,1.478463,30,203,130,8,0.14604117,0.04201944,0.00608590,0E-8,0.000000,0.914292,0.640282,0.04207877,2026-03-23,2026-08-04,69,1947,1162,135,0.511111,1.014849,1.012680,0.486804,,,,,,,,GLOBAL_BASELINE_NO_ENTITY_RANKING,,,NOT_APPLICABLE_GLOBAL_BASELINE,HF9g-P5,,,,X 全窗基线 · 不参与实体赏罚,15050731,1506,A168_HF9F_20260827_0900,2026-08-27 09:00:00
2026-06-06,74657362,1257,0,255.6237218814,85.2079072938,85.2079072938,1.0000000,2,1,0.35562093333333333,0.280106050000,1.3460991592879357,1.6031457840727341,1.3460991592879357,0.07551488333333333,ELIGIBLE,R03b_20260811_FULL_v1,L1_ELIGIBILITY,v2026-08-11,2026-03-21..2026-08-06,baccarat_bet02_101_all_pairs_incl_sentinel,round_win = game_pnl > 0 (decisive only),COMPATIBILITY_ONLY_NOT_PRODUCTION,234885.8996,214754.2105,9869.7735,3689,3015,-0.04201944,-0.00608590,-0.04816467,-0.04201944,-9869.7735,234885.8996,OK,0.0000,394.7909,4.0000,96.0000,AG03-UNRESOLVED,ALL5_LEVELS_bet23_to_bet27,394.7909,394.7909,394.7909,394.7909,394.7909,4.000000,4.000000,4.000000,4.000000,4.000000,96.000000,96.000000,96.000000,96.000000,96.000000,5.0,1973.9547,1822.2297,7895.8188,8047.5438,PENDING_AG03,FALSE,NOT_FOR_ENFORCEMENT,9474.9825,206164.0421,9869.7735,9474.9825,394.7909,0.04201944,0.04033866,394.7909,9474.9825,0.04033866,394.7909,394.7909,394.7909,394.7909,394.7909,9474.9825,0.04033866,1973.9547,1822.2297,7895.8188,8047.5438,0.03361555,0.0342615,0.00168078,63.6720,71.2286,3.2736,143.0402,5.0692,3404.1435,43.6957,64.4793,63.5359,42.5677,43.0663,85.2079,124.7713,127.8119,154.8004,42.604,-41.336,2.967791,3.594466,1.478463,30,203,130,8,0.14604117,0.04201944,0.00608590,0E-8,0.000000,0.914292,0.640282,0.04207877,2026-03-23,2026-08-04,69,1947,1162,135,0.511111,1.014849,1.012680,0.486804,,,,,,,,GLOBAL_BASELINE_NO_ENTITY_RANKING,,,NOT_APPLICABLE_GLOBAL_BASELINE,HF9g-P5,,,,X 全窗基线 · 不参与实体赏罚,15050732,1506,A168_HF9F_20260827_0900,2026-08-27 09:00:00
2026-06-06,74657362,1302,0,85.2079072938,85.2079072938,85.2079072938,1.0000000,1,1,0.49324550000000000,0.493245500000,1.01360149184955,1.01360149184955,1.01360149184955,0E-17,ELIGIBLE,R03b_20260811_FULL_v1,L1_ELIGIBILITY,v2026-08-11,2026-03-21..2026-08-06,baccarat_bet02_101_all_pairs_incl_sentinel,round_win = game_pnl > 0 (decisive only),COMPATIBILITY_ONLY_NOT_PRODUCTION,234885.8996,214754.2105,9869.7735,3689,3015,-0.04201944,-0.00608590,-0.04816467,-0.04201944,-9869.7735,234885.8996,OK,0.0000,394.7909,4.0000,96.0000,AG03-UNRESOLVED,ALL5_LEVELS_bet23_to_bet27,394.7909,394.7909,394.7909,394.7909,394.7909,4.000000,4.000000,4.000000,4.000000,4.000000,96.000000,96.000000,96.000000,96.000000,96.000000,5.0,1973.9547,1822.2297,7895.8188,8047.5438,PENDING_AG03,FALSE,NOT_FOR_ENFORCEMENT,9474.9825,206164.0421,9869.7735,9474.9825,394.7909,0.04201944,0.04033866,394.7909,9474.9825,0.04033866,394.7909,394.7909,394.7909,394.7909,394.7909,9474.9825,0.04033866,1973.9547,1822.2297,7895.8188,8047.5438,0.03361555,0.0342615,0.00168078,63.6720,71.2286,3.2736,143.0402,5.0692,3404.1435,43.6957,64.4793,63.5359,42.5677,43.0663,85.2079,124.7713,127.8119,154.8004,42.604,-41.336,2.967791,3.594466,1.478463,30,203,130,8,0.14604117,0.04201944,0.00608590,0E-8,0.000000,0.914292,0.640282,0.04207877,2026-03-23,2026-08-04,69,1947,1162,135,0.511111,1.014849,1.012680,0.486804,,,,,,,,GLOBAL_BASELINE_NO_ENTITY_RANKING,,,NOT_APPLICABLE_GLOBAL_BASELINE,HF9g-P5,,,,X 全窗基线 · 不参与实体赏罚,15050733,1506,A168_HF9F_20260827_0900,2026-08-27 09:00:00
2026-06-06,74657362,1306,0,192.5698704840,-192.5698704840,-192.5698704840,0E-7,3,3,0.50218230000000000,0.502182300000,-1.7396270863184011,-1.7396270863184016,-1.7396270863184011,0E-17,ELIGIBLE,R03b_20260811_FULL_v1,L1_ELIGIBILITY,v2026-08-11,2026-03-21..2026-08-06,baccarat_bet02_101_all_pairs_incl_sentinel,round_win = game_pnl > 0 (decisive only),COMPATIBILITY_ONLY_NOT_PRODUCTION,234885.8996,214754.2105,9869.7735,3689,3015,-0.04201944,-0.00608590,-0.04816467,-0.04201944,-9869.7735,234885.8996,OK,0.0000,394.7909,4.0000,96.0000,AG03-UNRESOLVED,ALL5_LEVELS_bet23_to_bet27,394.7909,394.7909,394.7909,394.7909,394.7909,4.000000,4.000000,4.000000,4.000000,4.000000,96.000000,96.000000,96.000000,96.000000,96.000000,5.0,1973.9547,1822.2297,7895.8188,8047.5438,PENDING_AG03,FALSE,NOT_FOR_ENFORCEMENT,9474.9825,206164.0421,9869.7735,9474.9825,394.7909,0.04201944,0.04033866,394.7909,9474.9825,0.04033866,394.7909,394.7909,394.7909,394.7909,394.7909,9474.9825,0.04033866,1973.9547,1822.2297,7895.8188,8047.5438,0.03361555,0.0342615,0.00168078,63.6720,71.2286,3.2736,143.0402,5.0692,3404.1435,43.6957,64.4793,63.5359,42.5677,43.0663,85.2079,124.7713,127.8119,154.8004,42.604,-41.336,2.967791,3.594466,1.478463,30,203,130,8,0.14604117,0.04201944,0.00608590,0E-8,0.000000,0.914292,0.640282,0.04207877,2026-03-23,2026-08-04,69,1947,1162,135,0.511111,1.014849,1.012680,0.486804,,,,,,,,GLOBAL_BASELINE_NO_ENTITY_RANKING,,,NOT_APPLICABLE_GLOBAL_BASELINE,HF9g-P5,,,,X 全窗基线 · 不参与实体赏罚,15050734,1506,A168_HF9F_20260827_0900,2026-08-27 09:00:00
2026-06-06,74657362,1318,0,85.2079072938,-85.2079072938,-85.2079072938,0E-7,1,1,0.05356140000000000,0.053561400000,-0.2378919454095156,-0.2378919454095156,-0.2378919454095156,0E-17,ELIGIBLE,R03b_20260811_FULL_v1,L1_ELIGIBILITY,v2026-08-11,2026-03-21..2026-08-06,baccarat_bet02_101_all_pairs_incl_sentinel,round_win = game_pnl > 0 (decisive only),COMPATIBILITY_ONLY_NOT_PRODUCTION,234885.8996,214754.2105,9869.7735,3689,3015,-0.04201944,-0.00608590,-0.04816467,-0.04201944,-9869.7735,234885.8996,OK,0.0000,394.7909,4.0000,96.0000,AG03-UNRESOLVED,ALL5_LEVELS_bet23_to_bet27,394.7909,394.7909,394.7909,394.7909,394.7909,4.000000,4.000000,4.000000,4.000000,4.000000,96.000000,96.000000,96.000000,96.000000,96.000000,5.0,1973.9547,1822.2297,7895.8188,8047.5438,PENDING_AG03,FALSE,NOT_FOR_ENFORCEMENT,9474.9825,206164.0421,9869.7735,9474.9825,394.7909,0.04201944,0.04033866,394.7909,9474.9825,0.04033866,394.7909,394.7909,394.7909,394.7909,394.7909,9474.9825,0.04033866,1973.9547,1822.2297,7895.8188,8047.5438,0.03361555,0.0342615,0.00168078,63.6720,71.2286,3.2736,143.0402,5.0692,3404.1435,43.6957,64.4793,63.5359,42.5677,43.0663,85.2079,124.7713,127.8119,154.8004,42.604,-41.336,2.967791,3.594466,1.478463,30,203,130,8,0.14604117,0.04201944,0.00608590,0E-8,0.000000,0.914292,0.640282,0.04207877,2026-03-23,2026-08-04,69,1947,1162,135,0.511111,1.014849,1.012680,0.486804,,,,,,,,GLOBAL_BASELINE_NO_ENTITY_RANKING,,,NOT_APPLICABLE_GLOBAL_BASELINE,HF9g-P5,,,,X 全窗基线 · 不参与实体赏罚,15050735,1506,A168_HF9F_20260827_0900,2026-08-27 09:00:00
2026-06-06,74657362,1323,0,85.2079072938,85.2079072938,85.2079072938,1.0000000,1,1,0.49324550000000000,0.493245500000,1.01360149184955,1.01360149184955,1.01360149184955,0E-17,ELIGIBLE,R03b_20260811_FULL_v1,L1_ELIGIBILITY,v2026-08-11,2026-03-21..2026-08-06,baccarat_bet02_101_all_pairs_incl_sentinel,round_win = game_pnl > 0 (decisive only),COMPATIBILITY_ONLY_NOT_PRODUCTION,234885.8996,214754.2105,9869.7735,3689,3015,-0.04201944,-0.00608590,-0.04816467,-0.04201944,-9869.7735,234885.8996,OK,0.0000,394.7909,4.0000,96.0000,AG03-UNRESOLVED,ALL5_LEVELS_bet23_to_bet27,394.7909,394.7909,394.7909,394.7909,394.7909,4.000000,4.000000,4.000000,4.000000,4.000000,96.000000,96.000000,96.000000,96.000000,96.000000,5.0,1973.9547,1822.2297,7895.8188,8047.5438,PENDING_AG03,FALSE,NOT_FOR_ENFORCEMENT,9474.9825,206164.0421,9869.7735,9474.9825,394.7909,0.04201944,0.04033866,394.7909,9474.9825,0.04033866,394.7909,394.7909,394.7909,394.7909,394.7909,9474.9825,0.04033866,1973.9547,1822.2297,7895.8188,8047.5438,0.03361555,0.0342615,0.00168078,63.6720,71.2286,3.2736,143.0402,5.0692,3404.1435,43.6957,64.4793,63.5359,42.5677,43.0663,85.2079,124.7713,127.8119,154.8004,42.604,-41.336,2.967791,3.594466,1.478463,30,203,130,8,0.14604117,0.04201944,0.00608590,0E-8,0.000000,0.914292,0.640282,0.04207877,2026-03-23,2026-08-04,69,1947,1162,135,0.511111,1.014849,1.012680,0.486804,,,,,,,,GLOBAL_BASELINE_NO_ENTITY_RANKING,,,NOT_APPLICABLE_GLOBAL_BASELINE,HF9g-P5,,,,X 全窗基线 · 不参与实体赏罚,15050736,1506,A168_HF9F_20260827_0900,2026-08-27 09:00:00
2026-06-06,74657362,1383,0,42.6039536469,42.6039536469,42.6039536469,1.0000000,1,1,0.50665070000000000,0.506650700000,0.9867858985152569,0.9867858985152569,0.9867858985152569,0E-17,ELIGIBLE,R03b_20260811_FULL_v1,L1_ELIGIBILITY,v2026-08-11,2026-03-21..2026-08-06,baccarat_bet02_101_all_pairs_incl_sentinel,round_win = game_pnl > 0 (decisive only),COMPATIBILITY_ONLY_NOT_PRODUCTION,234885.8996,214754.2105,9869.7735,3689,3015,-0.04201944,-0.00608590,-0.04816467,-0.04201944,-9869.7735,234885.8996,OK,0.0000,394.7909,4.0000,96.0000,AG03-UNRESOLVED,ALL5_LEVELS_bet23_to_bet27,394.7909,394.7909,394.7909,394.7909,394.7909,4.000000,4.000000,4.000000,4.000000,4.000000,96.000000,96.000000,96.000000,96.000000,96.000000,5.0,1973.9547,1822.2297,7895.8188,8047.5438,PENDING_AG03,FALSE,NOT_FOR_ENFORCEMENT,9474.9825,206164.0421,9869.7735,9474.9825,394.7909,0.04201944,0.04033866,394.7909,9474.9825,0.04033866,394.7909,394.7909,394.7909,394.7909,394.7909,9474.9825,0.04033866,1973.9547,1822.2297,7895.8188,8047.5438,0.03361555,0.0342615,0.00168078,63.6720,71.2286,3.2736,143.0402,5.0692,3404.1435,43.6957,64.4793,63.5359,42.5677,43.0663,85.2079,124.7713,127.8119,154.8004,42.604,-41.336,2.967791,3.594466,1.478463,30,203,130,8,0.14604117,0.04201944,0.00608590,0E-8,0.000000,0.914292,0.640282,0.04207877,2026-03-23,2026-08-04,69,1947,1162,135,0.511111,1.014849,1.012680,0.486804,,,,,,,,GLOBAL_BASELINE_NO_ENTITY_RANKING,,,NOT_APPLICABLE_GLOBAL_BASELINE,HF9g-P5,,,,X 全窗基线 · 不参与实体赏罚,15050737,1506,A168_HF9F_20260827_0900,2026-08-27 09:00:00
2026-06-06,74657362,1401,0,170.4158145876,-106.5098841173,-106.5098841173,0.3333333,3,3,0.49771390000000000,0.497713900000,-0.5694369385616226,-0.5694369385616226,-0.5694369385616226,0E-17,ELIGIBLE,R03b_20260811_FULL_v1,L1_ELIGIBILITY,v2026-08-11,2026-03-21..2026-08-06,baccarat_bet02_101_all_pairs_incl_sentinel,round_win = game_pnl > 0 (decisive only),COMPATIBILITY_ONLY_NOT_PRODUCTION,234885.8996,214754.2105,9869.7735,3689,3015,-0.04201944,-0.00608590,-0.04816467,-0.04201944,-9869.7735,234885.8996,OK,0.0000,394.7909,4.0000,96.0000,AG03-UNRESOLVED,ALL5_LEVELS_bet23_to_bet27,394.7909,394.7909,394.7909,394.7909,394.7909,4.000000,4.000000,4.000000,4.000000,4.000000,96.000000,96.000000,96.000000,96.000000,96.000000,5.0,1973.9547,1822.2297,7895.8188,8047.5438,PENDING_AG03,FALSE,NOT_FOR_ENFORCEMENT,9474.9825,206164.0421,9869.7735,9474.9825,394.7909,0.04201944,0.04033866,394.7909,9474.9825,0.04033866,394.7909,394.7909,394.7909,394.7909,394.7909,9474.9825,0.04033866,1973.9547,1822.2297,7895.8188,8047.5438,0.03361555,0.0342615,0.00168078,63.6720,71.2286,3.2736,143.0402,5.0692,3404.1435,43.6957,64.4793,63.5359,42.5677,43.0663,85.2079,124.7713,127.8119,154.8004,42.604,-41.336,2.967791,3.594466,1.478463,30,203,130,8,0.14604117,0.04201944,0.00608590,0E-8,0.000000,0.914292,0.640282,0.04207877,2026-03-23,2026-08-04,69,1947,1162,135,0.511111,1.014849,1.012680,0.486804,,,,,,,,GLOBAL_BASELINE_NO_ENTITY_RANKING,,,NOT_APPLICABLE_GLOBAL_BASELINE,HF9g-P5,,,,X 全窗基线 · 不参与实体赏罚,15050738,1506,A168_HF9F_20260827_0900,2026-08-27 09:00:00
2026-06-06,74657362,1402,0,192.5698704840,-74.1308793456,-74.1308793456,0.5000000,3,3,0.50218230000000000,0.502182300000,-0.00617253530718887,-0.00617253530718887,-0.00617253530718887,0E-17,ELIGIBLE,R03b_20260811_FULL_v1,L1_ELIGIBILITY,v2026-08-11,2026-03-21..2026-08-06,baccarat_bet02_101_all_pairs_incl_sentinel,round_win = game_pnl > 0 (decisive only),COMPATIBILITY_ONLY_NOT_PRODUCTION,234885.8996,214754.2105,9869.7735,3689,3015,-0.04201944,-0.00608590,-0.04816467,-0.04201944,-9869.7735,234885.8996,OK,0.0000,394.7909,4.0000,96.0000,AG03-UNRESOLVED,ALL5_LEVELS_bet23_to_bet27,394.7909,394.7909,394.7909,394.7909,394.7909,4.000000,4.000000,4.000000,4.000000,4.000000,96.000000,96.000000,96.000000,96.000000,96.000000,5.0,1973.9547,1822.2297,7895.8188,8047.5438,PENDING_AG03,FALSE,NOT_FOR_ENFORCEMENT,9474.9825,206164.0421,9869.7735,9474.9825,394.7909,0.04201944,0.04033866,394.7909,9474.9825,0.04033866,394.7909,394.7909,394.7909,394.7909,394.7909,9474.9825,0.04033866,1973.9547,1822.2297,7895.8188,8047.5438,0.03361555,0.0342615,0.00168078,63.6720,71.2286,3.2736,143.0402,5.0692,3404.1435,43.6957,64.4793,63.5359,42.5677,43.0663,85.2079,124.7713,127.8119,154.8004,42.604,-41.336,2.967791,3.594466,1.478463,30,203,130,8,0.14604117,0.04201944,0.00608590,0E-8,0.000000,0.914292,0.640282,0.04207877,2026-03-23,2026-08-04,69,1947,1162,135,0.511111,1.014849,1.012680,0.486804,,,,,,,,GLOBAL_BASELINE_NO_ENTITY_RANKING,,,NOT_APPLICABLE_GLOBAL_BASELINE,HF9g-P5,,,,X 全窗基线 · 不参与实体赏罚,15050739,1506,A168_HF9F_20260827_0900,2026-08-27 09:00:00
2026-06-06,74657362,1509,0,22.1540558964,0E-10,0E-10,,1,1,0.49324550000000000,0.493245500000,,,,0E-17,NO_DECISIVE_ROUND,R03b_20260811_FULL_v1,L1_ELIGIBILITY,v2026-08-11,2026-03-21..2026-08-06,baccarat_bet02_101_all_pairs_incl_sentinel,round_win = game_pnl > 0 (decisive only),COMPATIBILITY_ONLY_NOT_PRODUCTION,234885.8996,214754.2105,9869.7735,3689,3015,-0.04201944,-0.00608590,-0.04816467,-0.04201944,-9869.7735,234885.8996,OK,0.0000,394.7909,4.0000,96.0000,AG03-UNRESOLVED,ALL5_LEVELS_bet23_to_bet27,394.7909,394.7909,394.7909,394.7909,394.7909,4.000000,4.000000,4.000000,4.000000,4.000000,96.000000,96.000000,96.000000,96.000000,96.000000,5.0,1973.9547,1822.2297,7895.8188,8047.5438,PENDING_AG03,FALSE,NOT_FOR_ENFORCEMENT,9474.9825,206164.0421,9869.7735,9474.9825,394.7909,0.04201944,0.04033866,394.7909,9474.9825,0.04033866,394.7909,394.7909,394.7909,394.7909,394.7909,9474.9825,0.04033866,1973.9547,1822.2297,7895.8188,8047.5438,0.03361555,0.0342615,0.00168078,63.6720,71.2286,3.2736,143.0402,5.0692,3404.1435,43.6957,64.4793,63.5359,42.5677,43.0663,85.2079,124.7713,127.8119,154.8004,42.604,-41.336,2.967791,3.594466,1.478463,30,203,130,8,0.14604117,0.04201944,0.00608590,0E-8,0.000000,0.914292,0.640282,0.04207877,2026-03-23,2026-08-04,69,1947,1162,135,0.511111,1.014849,1.012680,0.486804,,,,,,,,GLOBAL_BASELINE_NO_ENTITY_RANKING,,,NOT_APPLICABLE_GLOBAL_BASELINE,HF9g-P5,,,,X 全窗基线 · 不参与实体赏罚,15050740,1506,A168_HF9F_20260827_0900,2026-08-27 09:00:00
2026-06-06,74657362,1623,0,298.2276755283,42.6039536469,42.6039536469,0.5000000,3,2,0.42443321666666667,0.386675775000,0.2162187688231016,0.3290934312765982,0.2162187688231016,0.03775744166666667,ELIGIBLE,R03b_20260811_FULL_v1,L1_ELIGIBILITY,v2026-08-11,2026-03-21..2026-08-06,baccarat_bet02_101_all_pairs_incl_sentinel,round_win = game_pnl > 0 (decisive only),COMPATIBILITY_ONLY_NOT_PRODUCTION,234885.8996,214754.2105,9869.7735,3689,3015,-0.04201944,-0.00608590,-0.04816467,-0.04201944,-9869.7735,234885.8996,OK,0.0000,394.7909,4.0000,96.0000,AG03-UNRESOLVED,ALL5_LEVELS_bet23_to_bet27,394.7909,394.7909,394.7909,394.7909,394.7909,4.000000,4.000000,4.000000,4.000000,4.000000,96.000000,96.000000,96.000000,96.000000,96.000000,5.0,1973.9547,1822.2297,7895.8188,8047.5438,PENDING_AG03,FALSE,NOT_FOR_ENFORCEMENT,9474.9825,206164.0421,9869.7735,9474.9825,394.7909,0.04201944,0.04033866,394.7909,9474.9825,0.04033866,394.7909,394.7909,394.7909,394.7909,394.7909,9474.9825,0.04033866,1973.9547,1822.2297,7895.8188,8047.5438,0.03361555,0.0342615,0.00168078,63.6720,71.2286,3.2736,143.0402,5.0692,3404.1435,43.6957,64.4793,63.5359,42.5677,43.0663,85.2079,124.7713,127.8119,154.8004,42.604,-41.336,2.967791,3.594466,1.478463,30,203,130,8,0.14604117,0.04201944,0.00608590,0E-8,0.000000,0.914292,0.640282,0.04207877,2026-03-23,2026-08-04,69,1947,1162,135,0.511111,1.014849,1.012680,0.486804,,,,,,,,GLOBAL_BASELINE_NO_ENTITY_RANKING,,,NOT_APPLICABLE_GLOBAL_BASELINE,HF9g-P5,,,,X 全窗基线 · 不参与实体赏罚,15050741,1506,A168_HF9F_20260827_0900,2026-08-27 09:00:00
2026-06-06,74657362,1646,0,85.2079072938,85.2079072938,85.2079072938,1.0000000,1,1,0.49324550000000000,0.493245500000,1.01360149184955,1.01360149184955,1.01360149184955,0E-17,ELIGIBLE,R03b_20260811_FULL_v1,L1_ELIGIBILITY,v2026-08-11,2026-03-21..2026-08-06,baccarat_bet02_101_all_pairs_incl_sentinel,round_win = game_pnl > 0 (decisive only),COMPATIBILITY_ONLY_NOT_PRODUCTION,234885.8996,214754.2105,9869.7735,3689,3015,-0.04201944,-0.00608590,-0.04816467,-0.04201944,-9869.7735,234885.8996,OK,0.0000,394.7909,4.0000,96.0000,AG03-UNRESOLVED,ALL5_LEVELS_bet23_to_bet27,394.7909,394.7909,394.7909,394.7909,394.7909,4.000000,4.000000,4.000000,4.000000,4.000000,96.000000,96.000000,96.000000,96.000000,96.000000,5.0,1973.9547,1822.2297,7895.8188,8047.5438,PENDING_AG03,FALSE,NOT_FOR_ENFORCEMENT,9474.9825,206164.0421,9869.7735,9474.9825,394.7909,0.04201944,0.04033866,394.7909,9474.9825,0.04033866,394.7909,394.7909,394.7909,394.7909,394.7909,9474.9825,0.04033866,1973.9547,1822.2297,7895.8188,8047.5438,0.03361555,0.0342615,0.00168078,63.6720,71.2286,3.2736,143.0402,5.0692,3404.1435,43.6957,64.4793,63.5359,42.5677,43.0663,85.2079,124.7713,127.8119,154.8004,42.604,-41.336,2.967791,3.594466,1.478463,30,203,130,8,0.14604117,0.04201944,0.00608590,0E-8,0.000000,0.914292,0.640282,0.04207877,2026-03-23,2026-08-04,69,1947,1162,135,0.511111,1.014849,1.012680,0.486804,,,,,,,,GLOBAL_BASELINE_NO_ENTITY_RANKING,,,NOT_APPLICABLE_GLOBAL_BASELINE,HF9g-P5,,,,X 全窗基线 · 不参与实体赏罚,15050742,1506,A168_HF9F_20260827_0900,2026-08-27 09:00:00
2026-06-06,74657362,1940,0,85.2079072938,0E-10,0E-10,,1,1,0.49324550000000000,0.493245500000,,,,0E-17,NO_DECISIVE_ROUND,R03b_20260811_FULL_v1,L1_ELIGIBILITY,v2026-08-11,2026-03-21..2026-08-06,baccarat_bet02_101_all_pairs_incl_sentinel,round_win = game_pnl > 0 (decisive only),COMPATIBILITY_ONLY_NOT_PRODUCTION,234885.8996,214754.2105,9869.7735,3689,3015,-0.04201944,-0.00608590,-0.04816467,-0.04201944,-9869.7735,234885.8996,OK,0.0000,394.7909,4.0000,96.0000,AG03-UNRESOLVED,ALL5_LEVELS_bet23_to_bet27,394.7909,394.7909,394.7909,394.7909,394.7909,4.000000,4.000000,4.000000,4.000000,4.000000,96.000000,96.000000,96.000000,96.000000,96.000000,5.0,1973.9547,1822.2297,7895.8188,8047.5438,PENDING_AG03,FALSE,NOT_FOR_ENFORCEMENT,9474.9825,206164.0421,9869.7735,9474.9825,394.7909,0.04201944,0.04033866,394.7909,9474.9825,0.04033866,394.7909,394.7909,394.7909,394.7909,394.7909,9474.9825,0.04033866,1973.9547,1822.2297,7895.8188,8047.5438,0.03361555,0.0342615,0.00168078,63.6720,71.2286,3.2736,143.0402,5.0692,3404.1435,43.6957,64.4793,63.5359,42.5677,43.0663,85.2079,124.7713,127.8119,154.8004,42.604,-41.336,2.967791,3.594466,1.478463,30,203,130,8,0.14604117,0.04201944,0.00608590,0E-8,0.000000,0.914292,0.640282,0.04207877,2026-03-23,2026-08-04,69,1947,1162,135,0.511111,1.014849,1.012680,0.486804,,,,,,,,GLOBAL_BASELINE_NO_ENTITY_RANKING,,,NOT_APPLICABLE_GLOBAL_BASELINE,HF9g-P5,,,,X 全窗基线 · 不参与实体赏罚,15050743,1506,A168_HF9F_20260827_0900,2026-08-27 09:00:00
2026-06-06,74657362,1994,0,42.6039536469,-42.6039536469,-42.6039536469,0E-7,1,1,0.49324550000000000,0.493245500000,-0.9865810262130424,-0.9865810262130424,-0.9865810262130424,0E-17,ELIGIBLE,R03b_20260811_FULL_v1,L1_ELIGIBILITY,v2026-08-11,2026-03-21..2026-08-06,baccarat_bet02_101_all_pairs_incl_sentinel,round_win = game_pnl > 0 (decisive only),COMPATIBILITY_ONLY_NOT_PRODUCTION,234885.8996,214754.2105,9869.7735,3689,3015,-0.04201944,-0.00608590,-0.04816467,-0.04201944,-9869.7735,234885.8996,OK,0.0000,394.7909,4.0000,96.0000,AG03-UNRESOLVED,ALL5_LEVELS_bet23_to_bet27,394.7909,394.7909,394.7909,394.7909,394.7909,4.000000,4.000000,4.000000,4.000000,4.000000,96.000000,96.000000,96.000000,96.000000,96.000000,5.0,1973.9547,1822.2297,7895.8188,8047.5438,PENDING_AG03,FALSE,NOT_FOR_ENFORCEMENT,9474.9825,206164.0421,9869.7735,9474.9825,394.7909,0.04201944,0.04033866,394.7909,9474.9825,0.04033866,394.7909,394.7909,394.7909,394.7909,394.7909,9474.9825,0.04033866,1973.9547,1822.2297,7895.8188,8047.5438,0.03361555,0.0342615,0.00168078,63.6720,71.2286,3.2736,143.0402,5.0692,3404.1435,43.6957,64.4793,63.5359,42.5677,43.0663,85.2079,124.7713,127.8119,154.8004,42.604,-41.336,2.967791,3.594466,1.478463,30,203,130,8,0.14604117,0.04201944,0.00608590,0E-8,0.000000,0.914292,0.640282,0.04207877,2026-03-23,2026-08-04,69,1947,1162,135,0.511111,1.014849,1.012680,0.486804,,,,,,,,GLOBAL_BASELINE_NO_ENTITY_RANKING,,,NOT_APPLICABLE_GLOBAL_BASELINE,HF9g-P5,,,,X 全窗基线 · 不参与实体赏罚,15050744,1506,A168_HF9F_20260827_0900,2026-08-27 09:00:00
2026-06-06,74657362,2101,0,85.2079072938,85.2079072938,85.2079072938,1.0000000,1,1,0.49324550000000000,0.493245500000,1.01360149184955,1.01360149184955,1.01360149184955,0E-17,ELIGIBLE,R03b_20260811_FULL_v1,L1_ELIGIBILITY,v2026-08-11,2026-03-21..2026-08-06,baccarat_bet02_101_all_pairs_incl_sentinel,round_win = game_pnl > 0 (decisive only),COMPATIBILITY_ONLY_NOT_PRODUCTION,234885.8996,214754.2105,9869.7735,3689,3015,-0.04201944,-0.00608590,-0.04816467,-0.04201944,-9869.7735,234885.8996,OK,0.0000,394.7909,4.0000,96.0000,AG03-UNRESOLVED,ALL5_LEVELS_bet23_to_bet27,394.7909,394.7909,394.7909,394.7909,394.7909,4.000000,4.000000,4.000000,4.000000,4.000000,96.000000,96.000000,96.000000,96.000000,96.000000,5.0,1973.9547,1822.2297,7895.8188,8047.5438,PENDING_AG03,FALSE,NOT_FOR_ENFORCEMENT,9474.9825,206164.0421,9869.7735,9474.9825,394.7909,0.04201944,0.04033866,394.7909,9474.9825,0.04033866,394.7909,394.7909,394.7909,394.7909,394.7909,9474.9825,0.04033866,1973.9547,1822.2297,7895.8188,8047.5438,0.03361555,0.0342615,0.00168078,63.6720,71.2286,3.2736,143.0402,5.0692,3404.1435,43.6957,64.4793,63.5359,42.5677,43.0663,85.2079,124.7713,127.8119,154.8004,42.604,-41.336,2.967791,3.594466,1.478463,30,203,130,8,0.14604117,0.04201944,0.00608590,0E-8,0.000000,0.914292,0.640282,0.04207877,2026-03-23,2026-08-04,69,1947,1162,135,0.511111,1.014849,1.012680,0.486804,,,,,,,,GLOBAL_BASELINE_NO_ENTITY_RANKING,,,NOT_APPLICABLE_GLOBAL_BASELINE,HF9g-P5,,,,X 全窗基线 · 不参与实体赏罚,15050745,1506,A168_HF9F_20260827_0900,2026-08-27 09:00:00
2026-06-06,74657362,2130,0,255.6237218814,85.2079072938,85.2079072938,0.6666667,3,3,0.50665070000000000,0.506650700000,0.5543606114942035,0.5543606114942035,0.5543606114942035,0E-17,ELIGIBLE,R03b_20260811_FULL_v1,L1_ELIGIBILITY,v2026-08-11,2026-03-21..2026-08-06,baccarat_bet02_101_all_pairs_incl_sentinel,round_win = game_pnl > 0 (decisive only),COMPATIBILITY_ONLY_NOT_PRODUCTION,234885.8996,214754.2105,9869.7735,3689,3015,-0.04201944,-0.00608590,-0.04816467,-0.04201944,-9869.7735,234885.8996,OK,0.0000,394.7909,4.0000,96.0000,AG03-UNRESOLVED,ALL5_LEVELS_bet23_to_bet27,394.7909,394.7909,394.7909,394.7909,394.7909,4.000000,4.000000,4.000000,4.000000,4.000000,96.000000,96.000000,96.000000,96.000000,96.000000,5.0,1973.9547,1822.2297,7895.8188,8047.5438,PENDING_AG03,FALSE,NOT_FOR_ENFORCEMENT,9474.9825,206164.0421,9869.7735,9474.9825,394.7909,0.04201944,0.04033866,394.7909,9474.9825,0.04033866,394.7909,394.7909,394.7909,394.7909,394.7909,9474.9825,0.04033866,1973.9547,1822.2297,7895.8188,8047.5438,0.03361555,0.0342615,0.00168078,63.6720,71.2286,3.2736,143.0402,5.0692,3404.1435,43.6957,64.4793,63.5359,42.5677,43.0663,85.2079,124.7713,127.8119,154.8004,42.604,-41.336,2.967791,3.594466,1.478463,30,203,130,8,0.14604117,0.04201944,0.00608590,0E-8,0.000000,0.914292,0.640282,0.04207877,2026-03-23,2026-08-04,69,1947,1162,135,0.511111,1.014849,1.012680,0.486804,,,,,,,,GLOBAL_BASELINE_NO_ENTITY_RANKING,,,NOT_APPLICABLE_GLOBAL_BASELINE,HF9g-P5,,,,X 全窗基线 · 不参与实体赏罚,15050746,1506,A168_HF9F_20260827_0900,2026-08-27 09:00:00
2026-06-06,74657362,2147,0,42.6039536469,0E-10,0E-10,,1,1,0.49324550000000000,0.493245500000,,,,0E-17,NO_DECISIVE_ROUND,R03b_20260811_FULL_v1,L1_ELIGIBILITY,v2026-08-11,2026-03-21..2026-08-06,baccarat_bet02_101_all_pairs_incl_sentinel,round_win = game_pnl > 0 (decisive only),COMPATIBILITY_ONLY_NOT_PRODUCTION,234885.8996,214754.2105,9869.7735,3689,3015,-0.04201944,-0.00608590,-0.04816467,-0.04201944,-9869.7735,234885.8996,OK,0.0000,394.7909,4.0000,96.0000,AG03-UNRESOLVED,ALL5_LEVELS_bet23_to_bet27,394.7909,394.7909,394.7909,394.7909,394.7909,4.000000,4.000000,4.000000,4.000000,4.000000,96.000000,96.000000,96.000000,96.000000,96.000000,5.0,1973.9547,1822.2297,7895.8188,8047.5438,PENDING_AG03,FALSE,NOT_FOR_ENFORCEMENT,9474.9825,206164.0421,9869.7735,9474.9825,394.7909,0.04201944,0.04033866,394.7909,9474.9825,0.04033866,394.7909,394.7909,394.7909,394.7909,394.7909,9474.9825,0.04033866,1973.9547,1822.2297,7895.8188,8047.5438,0.03361555,0.0342615,0.00168078,63.6720,71.2286,3.2736,143.0402,5.0692,3404.1435,43.6957,64.4793,63.5359,42.5677,43.0663,85.2079,124.7713,127.8119,154.8004,42.604,-41.336,2.967791,3.594466,1.478463,30,203,130,8,0.14604117,0.04201944,0.00608590,0E-8,0.000000,0.914292,0.640282,0.04207877,2026-03-23,2026-08-04,69,1947,1162,135,0.511111,1.014849,1.012680,0.486804,,,,,,,,GLOBAL_BASELINE_NO_ENTITY_RANKING,,,NOT_APPLICABLE_GLOBAL_BASELINE,HF9g-P5,,,,X 全窗基线 · 不参与实体赏罚,15050747,1506,A168_HF9F_20260827_0900,2026-08-27 09:00:00
2026-06-06,74657362,2177,0,42.6039536469,-42.6039536469,-42.6039536469,0E-7,1,1,0.49324550000000000,0.493245500000,-0.9865810262130424,-0.9865810262130424,-0.9865810262130424,0E-17,ELIGIBLE,R03b_20260811_FULL_v1,L1_ELIGIBILITY,v2026-08-11,2026-03-21..2026-08-06,baccarat_bet02_101_all_pairs_incl_sentinel,round_win = game_pnl > 0 (decisive only),COMPATIBILITY_ONLY_NOT_PRODUCTION,234885.8996,214754.2105,9869.7735,3689,3015,-0.04201944,-0.00608590,-0.04816467,-0.04201944,-9869.7735,234885.8996,OK,0.0000,394.7909,4.0000,96.0000,AG03-UNRESOLVED,ALL5_LEVELS_bet23_to_bet27,394.7909,394.7909,394.7909,394.7909,394.7909,4.000000,4.000000,4.000000,4.000000,4.000000,96.000000,96.000000,96.000000,96.000000,96.000000,5.0,1973.9547,1822.2297,7895.8188,8047.5438,PENDING_AG03,FALSE,NOT_FOR_ENFORCEMENT,9474.9825,206164.0421,9869.7735,9474.9825,394.7909,0.04201944,0.04033866,394.7909,9474.9825,0.04033866,394.7909,394.7909,394.7909,394.7909,394.7909,9474.9825,0.04033866,1973.9547,1822.2297,7895.8188,8047.5438,0.03361555,0.0342615,0.00168078,63.6720,71.2286,3.2736,143.0402,5.0692,3404.1435,43.6957,64.4793,63.5359,42.5677,43.0663,85.2079,124.7713,127.8119,154.8004,42.604,-41.336,2.967791,3.594466,1.478463,30,203,130,8,0.14604117,0.04201944,0.00608590,0E-8,0.000000,0.914292,0.640282,0.04207877,2026-03-23,2026-08-04,69,1947,1162,135,0.511111,1.014849,1.012680,0.486804,,,,,,,,GLOBAL_BASELINE_NO_ENTITY_RANKING,,,NOT_APPLICABLE_GLOBAL_BASELINE,HF9g-P5,,,,X 全窗基线 · 不参与实体赏罚,15050748,1506,A168_HF9F_20260827_0900,2026-08-27 09:00:00
2026-06-06,74657362,2209,0,170.4158145876,85.2079072938,85.2079072938,1.0000000,2,1,0.39337837500000000,0.280106050000,1.2418058546638626,1.6031457840727341,1.2418058546638626,0.11327232500000000,ELIGIBLE,R03b_20260811_FULL_v1,L1_ELIGIBILITY,v2026-08-11,2026-03-21..2026-08-06,baccarat_bet02_101_all_pairs_incl_sentinel,round_win = game_pnl > 0 (decisive only),COMPATIBILITY_ONLY_NOT_PRODUCTION,234885.8996,214754.2105,9869.7735,3689,3015,-0.04201944,-0.00608590,-0.04816467,-0.04201944,-9869.7735,234885.8996,OK,0.0000,394.7909,4.0000,96.0000,AG03-UNRESOLVED,ALL5_LEVELS_bet23_to_bet27,394.7909,394.7909,394.7909,394.7909,394.7909,4.000000,4.000000,4.000000,4.000000,4.000000,96.000000,96.000000,96.000000,96.000000,96.000000,5.0,1973.9547,1822.2297,7895.8188,8047.5438,PENDING_AG03,FALSE,NOT_FOR_ENFORCEMENT,9474.9825,206164.0421,9869.7735,9474.9825,394.7909,0.04201944,0.04033866,394.7909,9474.9825,0.04033866,394.7909,394.7909,394.7909,394.7909,394.7909,9474.9825,0.04033866,1973.9547,1822.2297,7895.8188,8047.5438,0.03361555,0.0342615,0.00168078,63.6720,71.2286,3.2736,143.0402,5.0692,3404.1435,43.6957,64.4793,63.5359,42.5677,43.0663,85.2079,124.7713,127.8119,154.8004,42.604,-41.336,2.967791,3.594466,1.478463,30,203,130,8,0.14604117,0.04201944,0.00608590,0E-8,0.000000,0.914292,0.640282,0.04207877,2026-03-23,2026-08-04,69,1947,1162,135,0.511111,1.014849,1.012680,0.486804,,,,,,,,GLOBAL_BASELINE_NO_ENTITY_RANKING,,,NOT_APPLICABLE_GLOBAL_BASELINE,HF9g-P5,,,,X 全窗基线 · 不参与实体赏罚,15050749,1506,A168_HF9F_20260827_0900,2026-08-27 09:00:00
2026-06-06,74657362,2216,0,255.6237218814,85.2079072938,85.2079072938,1.0000000,2,1,0.35562093333333333,0.280106050000,1.3460991592879357,1.6031457840727341,1.3460991592879357,0.07551488333333333,ELIGIBLE,R03b_20260811_FULL_v1,L1_ELIGIBILITY,v2026-08-11,2026-03-21..2026-08-06,baccarat_bet02_101_all_pairs_incl_sentinel,round_win = game_pnl > 0 (decisive only),COMPATIBILITY_ONLY_NOT_PRODUCTION,234885.8996,214754.2105,9869.7735,3689,3015,-0.04201944,-0.00608590,-0.04816467,-0.04201944,-9869.7735,234885.8996,OK,0.0000,394.7909,4.0000,96.0000,AG03-UNRESOLVED,ALL5_LEVELS_bet23_to_bet27,394.7909,394.7909,394.7909,394.7909,394.7909,4.000000,4.000000,4.000000,4.000000,4.000000,96.000000,96.000000,96.000000,96.000000,96.000000,5.0,1973.9547,1822.2297,7895.8188,8047.5438,PENDING_AG03,FALSE,NOT_FOR_ENFORCEMENT,9474.9825,206164.0421,9869.7735,9474.9825,394.7909,0.04201944,0.04033866,394.7909,9474.9825,0.04033866,394.7909,394.7909,394.7909,394.7909,394.7909,9474.9825,0.04033866,1973.9547,1822.2297,7895.8188,8047.5438,0.03361555,0.0342615,0.00168078,63.6720,71.2286,3.2736,143.0402,5.0692,3404.1435,43.6957,64.4793,63.5359,42.5677,43.0663,85.2079,124.7713,127.8119,154.8004,42.604,-41.336,2.967791,3.594466,1.478463,30,203,130,8,0.14604117,0.04201944,0.00608590,0E-8,0.000000,0.914292,0.640282,0.04207877,2026-03-23,2026-08-04,69,1947,1162,135,0.511111,1.014849,1.012680,0.486804,,,,,,,,GLOBAL_BASELINE_NO_ENTITY_RANKING,,,NOT_APPLICABLE_GLOBAL_BASELINE,HF9g-P5,,,,X 全窗基线 · 不参与实体赏罚,15050750,1506,A168_HF9F_20260827_0900,2026-08-27 09:00:00
2026-06-06,74657362,2220,0,213.0197682345,127.8118609407,127.8118609407,0.5000000,2,2,0.49324550000000000,0.493245500000,0.01910635448239258,0.01910635448239258,0.01910635448239258,0E-17,ELIGIBLE,R03b_20260811_FULL_v1,L1_ELIGIBILITY,v2026-08-11,2026-03-21..2026-08-06,baccarat_bet02_101_all_pairs_incl_sentinel,round_win = game_pnl > 0 (decisive only),COMPATIBILITY_ONLY_NOT_PRODUCTION,234885.8996,214754.2105,9869.7735,3689,3015,-0.04201944,-0.00608590,-0.04816467,-0.04201944,-9869.7735,234885.8996,OK,0.0000,394.7909,4.0000,96.0000,AG03-UNRESOLVED,ALL5_LEVELS_bet23_to_bet27,394.7909,394.7909,394.7909,394.7909,394.7909,4.000000,4.000000,4.000000,4.000000,4.000000,96.000000,96.000000,96.000000,96.000000,96.000000,5.0,1973.9547,1822.2297,7895.8188,8047.5438,PENDING_AG03,FALSE,NOT_FOR_ENFORCEMENT,9474.9825,206164.0421,9869.7735,9474.9825,394.7909,0.04201944,0.04033866,394.7909,9474.9825,0.04033866,394.7909,394.7909,394.7909,394.7909,394.7909,9474.9825,0.04033866,1973.9547,1822.2297,7895.8188,8047.5438,0.03361555,0.0342615,0.00168078,63.6720,71.2286,3.2736,143.0402,5.0692,3404.1435,43.6957,64.4793,63.5359,42.5677,43.0663,85.2079,124.7713,127.8119,154.8004,42.604,-41.336,2.967791,3.594466,1.478463,30,203,130,8,0.14604117,0.04201944,0.00608590,0E-8,0.000000,0.914292,0.640282,0.04207877,2026-03-23,2026-08-04,69,1947,1162,135,0.511111,1.014849,1.012680,0.486804,,,,,,,,GLOBAL_BASELINE_NO_ENTITY_RANKING,,,NOT_APPLICABLE_GLOBAL_BASELINE,HF9g-P5,,,,X 全窗基线 · 不参与实体赏罚,15050751,1506,A168_HF9F_20260827_0900,2026-08-27 09:00:00
2026-06-06,74657362,2242,0,340.8316291752,-85.2079072938,-85.2079072938,0.5000000,4,2,0.39337837500000000,0.280106050000,0.3086711997975373,0.6925207201862208,0.3086711997975373,0.11327232500000000,ELIGIBLE,R03b_20260811_FULL_v1,L1_ELIGIBILITY,v2026-08-11,2026-03-21..2026-08-06,baccarat_bet02_101_all_pairs_incl_sentinel,round_win = game_pnl > 0 (decisive only),COMPATIBILITY_ONLY_NOT_PRODUCTION,234885.8996,214754.2105,9869.7735,3689,3015,-0.04201944,-0.00608590,-0.04816467,-0.04201944,-9869.7735,234885.8996,OK,0.0000,394.7909,4.0000,96.0000,AG03-UNRESOLVED,ALL5_LEVELS_bet23_to_bet27,394.7909,394.7909,394.7909,394.7909,394.7909,4.000000,4.000000,4.000000,4.000000,4.000000,96.000000,96.000000,96.000000,96.000000,96.000000,5.0,1973.9547,1822.2297,7895.8188,8047.5438,PENDING_AG03,FALSE,NOT_FOR_ENFORCEMENT,9474.9825,206164.0421,9869.7735,9474.9825,394.7909,0.04201944,0.04033866,394.7909,9474.9825,0.04033866,394.7909,394.7909,394.7909,394.7909,394.7909,9474.9825,0.04033866,1973.9547,1822.2297,7895.8188,8047.5438,0.03361555,0.0342615,0.00168078,63.6720,71.2286,3.2736,143.0402,5.0692,3404.1435,43.6957,64.4793,63.5359,42.5677,43.0663,85.2079,124.7713,127.8119,154.8004,42.604,-41.336,2.967791,3.594466,1.478463,30,203,130,8,0.14604117,0.04201944,0.00608590,0E-8,0.000000,0.914292,0.640282,0.04207877,2026-03-23,2026-08-04,69,1947,1162,135,0.511111,1.014849,1.012680,0.486804,,,,,,,,GLOBAL_BASELINE_NO_ENTITY_RANKING,,,NOT_APPLICABLE_GLOBAL_BASELINE,HF9g-P5,,,,X 全窗基线 · 不参与实体赏罚,15050752,1506,A168_HF9F_20260827_0900,2026-08-27 09:00:00
2026-06-06,74657362,2248,0,85.2079072938,85.2079072938,85.2079072938,1.0000000,2,2,0.50665070000000000,0.506650700000,1.3955260008387969,1.3955260008387969,1.3955260008387969,0E-17,ELIGIBLE,R03b_20260811_FULL_v1,L1_ELIGIBILITY,v2026-08-11,2026-03-21..2026-08-06,baccarat_bet02_101_all_pairs_incl_sentinel,round_win = game_pnl > 0 (decisive only),COMPATIBILITY_ONLY_NOT_PRODUCTION,234885.8996,214754.2105,9869.7735,3689,3015,-0.04201944,-0.00608590,-0.04816467,-0.04201944,-9869.7735,234885.8996,OK,0.0000,394.7909,4.0000,96.0000,AG03-UNRESOLVED,ALL5_LEVELS_bet23_to_bet27,394.7909,394.7909,394.7909,394.7909,394.7909,4.000000,4.000000,4.000000,4.000000,4.000000,96.000000,96.000000,96.000000,96.000000,96.000000,5.0,1973.9547,1822.2297,7895.8188,8047.5438,PENDING_AG03,FALSE,NOT_FOR_ENFORCEMENT,9474.9825,206164.0421,9869.7735,9474.9825,394.7909,0.04201944,0.04033866,394.7909,9474.9825,0.04033866,394.7909,394.7909,394.7909,394.7909,394.7909,9474.9825,0.04033866,1973.9547,1822.2297,7895.8188,8047.5438,0.03361555,0.0342615,0.00168078,63.6720,71.2286,3.2736,143.0402,5.0692,3404.1435,43.6957,64.4793,63.5359,42.5677,43.0663,85.2079,124.7713,127.8119,154.8004,42.604,-41.336,2.967791,3.594466,1.478463,30,203,130,8,0.14604117,0.04201944,0.00608590,0E-8,0.000000,0.914292,0.640282,0.04207877,2026-03-23,2026-08-04,69,1947,1162,135,0.511111,1.014849,1.012680,0.486804,,,,,,,,GLOBAL_BASELINE_NO_ENTITY_RANKING,,,NOT_APPLICABLE_GLOBAL_BASELINE,HF9g-P5,,,,X 全窗基线 · 不参与实体赏罚,15050753,1506,A168_HF9F_20260827_0900,2026-08-27 09:00:00
2026-06-06,74657362,2251,0,97.1370143149,32.3790047716,32.3790047716,1.0000000,2,2,0.49324550000000000,0.493245500000,1.01360149184955,1.01360149184955,1.01360149184955,0E-17,ELIGIBLE,R03b_20260811_FULL_v1,L1_ELIGIBILITY,v2026-08-11,2026-03-21..2026-08-06,baccarat_bet02_101_all_pairs_incl_sentinel,round_win = game_pnl > 0 (decisive only),COMPATIBILITY_ONLY_NOT_PRODUCTION,234885.8996,214754.2105,9869.7735,3689,3015,-0.04201944,-0.00608590,-0.04816467,-0.04201944,-9869.7735,234885.8996,OK,0.0000,394.7909,4.0000,96.0000,AG03-UNRESOLVED,ALL5_LEVELS_bet23_to_bet27,394.7909,394.7909,394.7909,394.7909,394.7909,4.000000,4.000000,4.000000,4.000000,4.000000,96.000000,96.000000,96.000000,96.000000,96.000000,5.0,1973.9547,1822.2297,7895.8188,8047.5438,PENDING_AG03,FALSE,NOT_FOR_ENFORCEMENT,9474.9825,206164.0421,9869.7735,9474.9825,394.7909,0.04201944,0.04033866,394.7909,9474.9825,0.04033866,394.7909,394.7909,394.7909,394.7909,394.7909,9474.9825,0.04033866,1973.9547,1822.2297,7895.8188,8047.5438,0.03361555,0.0342615,0.00168078,63.6720,71.2286,3.2736,143.0402,5.0692,3404.1435,43.6957,64.4793,63.5359,42.5677,43.0663,85.2079,124.7713,127.8119,154.8004,42.604,-41.336,2.967791,3.594466,1.478463,30,203,130,8,0.14604117,0.04201944,0.00608590,0E-8,0.000000,0.914292,0.640282,0.04207877,2026-03-23,2026-08-04,69,1947,1162,135,0.511111,1.014849,1.012680,0.486804,,,,,,,,GLOBAL_BASELINE_NO_ENTITY_RANKING,,,NOT_APPLICABLE_GLOBAL_BASELINE,HF9g-P5,,,,X 全窗基线 · 不参与实体赏罚,15050754,1506,A168_HF9F_20260827_0900,2026-08-27 09:00:00
2026-06-06,74657362,2276,0,42.6039536469,-42.6039536469,-42.6039536469,0E-7,1,1,0.50665070000000000,0.506650700000,-1.013391052207602,-1.013391052207602,-1.013391052207602,0E-17,ELIGIBLE,R03b_20260811_FULL_v1,L1_ELIGIBILITY,v2026-08-11,2026-03-21..2026-08-06,baccarat_bet02_101_all_pairs_incl_sentinel,round_win = game_pnl > 0 (decisive only),COMPATIBILITY_ONLY_NOT_PRODUCTION,234885.8996,214754.2105,9869.7735,3689,3015,-0.04201944,-0.00608590,-0.04816467,-0.04201944,-9869.7735,234885.8996,OK,0.0000,394.7909,4.0000,96.0000,AG03-UNRESOLVED,ALL5_LEVELS_bet23_to_bet27,394.7909,394.7909,394.7909,394.7909,394.7909,4.000000,4.000000,4.000000,4.000000,4.000000,96.000000,96.000000,96.000000,96.000000,96.000000,5.0,1973.9547,1822.2297,7895.8188,8047.5438,PENDING_AG03,FALSE,NOT_FOR_ENFORCEMENT,9474.9825,206164.0421,9869.7735,9474.9825,394.7909,0.04201944,0.04033866,394.7909,9474.9825,0.04033866,394.7909,394.7909,394.7909,394.7909,394.7909,9474.9825,0.04033866,1973.9547,1822.2297,7895.8188,8047.5438,0.03361555,0.0342615,0.00168078,63.6720,71.2286,3.2736,143.0402,5.0692,3404.1435,43.6957,64.4793,63.5359,42.5677,43.0663,85.2079,124.7713,127.8119,154.8004,42.604,-41.336,2.967791,3.594466,1.478463,30,203,130,8,0.14604117,0.04201944,0.00608590,0E-8,0.000000,0.914292,0.640282,0.04207877,2026-03-23,2026-08-04,69,1947,1162,135,0.511111,1.014849,1.012680,0.486804,,,,,,,,GLOBAL_BASELINE_NO_ENTITY_RANKING,,,NOT_APPLICABLE_GLOBAL_BASELINE,HF9g-P5,,,,X 全窗基线 · 不参与实体赏罚,15050755,1506,A168_HF9F_20260827_0900,2026-08-27 09:00:00
2026-06-06,74657362,471,0,85.2079072938,85.2079072938,85.2079072938,1.0000000,1,1,0.49324550000000000,0.493245500000,1.01360149184955,1.01360149184955,1.01360149184955,0E-17,ELIGIBLE,R03b_20260811_FULL_v1,L1_ELIGIBILITY,v2026-08-11,2026-03-21..2026-08-06,baccarat_bet02_101_all_pairs_incl_sentinel,round_win = game_pnl > 0 (decisive only),COMPATIBILITY_ONLY_NOT_PRODUCTION,234885.8996,214754.2105,9869.7735,3689,3015,-0.04201944,-0.00608590,-0.04816467,-0.04201944,-9869.7735,234885.8996,OK,0.0000,394.7909,4.0000,96.0000,AG03-UNRESOLVED,ALL5_LEVELS_bet23_to_bet27,394.7909,394.7909,394.7909,394.7909,394.7909,4.000000,4.000000,4.000000,4.000000,4.000000,96.000000,96.000000,96.000000,96.000000,96.000000,5.0,1973.9547,1822.2297,7895.8188,8047.5438,PENDING_AG03,FALSE,NOT_FOR_ENFORCEMENT,9474.9825,206164.0421,9869.7735,9474.9825,394.7909,0.04201944,0.04033866,394.7909,9474.9825,0.04033866,394.7909,394.7909,394.7909,394.7909,394.7909,9474.9825,0.04033866,1973.9547,1822.2297,7895.8188,8047.5438,0.03361555,0.0342615,0.00168078,63.6720,71.2286,3.2736,143.0402,5.0692,3404.1435,43.6957,64.4793,63.5359,42.5677,43.0663,85.2079,124.7713,127.8119,154.8004,42.604,-41.336,2.967791,3.594466,1.478463,30,203,130,8,0.14604117,0.04201944,0.00608590,0E-8,0.000000,0.914292,0.640282,0.04207877,2026-03-23,2026-08-04,69,1947,1162,135,0.511111,1.014849,1.012680,0.486804,,,,,,,,GLOBAL_BASELINE_NO_ENTITY_RANKING,,,NOT_APPLICABLE_GLOBAL_BASELINE,HF9g-P5,,,,X 全窗基线 · 不参与实体赏罚,15050756,1506,A168_HF9F_20260827_0900,2026-08-27 09:00:00
2026-06-06,74657362,526,0,468.6434901159,-127.8118609407,-127.8118609407,0.5000000,6,4,0.44331193750000000,0.386675775000,0.22822380521574556,0.46540839379926324,0.22822380521574556,0.05663616250000000,ELIGIBLE,R03b_20260811_FULL_v1,L1_ELIGIBILITY,v2026-08-11,2026-03-21..2026-08-06,baccarat_bet02_101_all_pairs_incl_sentinel,round_win = game_pnl > 0 (decisive only),COMPATIBILITY_ONLY_NOT_PRODUCTION,234885.8996,214754.2105,9869.7735,3689,3015,-0.04201944,-0.00608590,-0.04816467,-0.04201944,-9869.7735,234885.8996,OK,0.0000,394.7909,4.0000,96.0000,AG03-UNRESOLVED,ALL5_LEVELS_bet23_to_bet27,394.7909,394.7909,394.7909,394.7909,394.7909,4.000000,4.000000,4.000000,4.000000,4.000000,96.000000,96.000000,96.000000,96.000000,96.000000,5.0,1973.9547,1822.2297,7895.8188,8047.5438,PENDING_AG03,FALSE,NOT_FOR_ENFORCEMENT,9474.9825,206164.0421,9869.7735,9474.9825,394.7909,0.04201944,0.04033866,394.7909,9474.9825,0.04033866,394.7909,394.7909,394.7909,394.7909,394.7909,9474.9825,0.04033866,1973.9547,1822.2297,7895.8188,8047.5438,0.03361555,0.0342615,0.00168078,63.6720,71.2286,3.2736,143.0402,5.0692,3404.1435,43.6957,64.4793,63.5359,42.5677,43.0663,85.2079,124.7713,127.8119,154.8004,42.604,-41.336,2.967791,3.594466,1.478463,30,203,130,8,0.14604117,0.04201944,0.00608590,0E-8,0.000000,0.914292,0.640282,0.04207877,2026-03-23,2026-08-04,69,1947,1162,135,0.511111,1.014849,1.012680,0.486804,,,,,,,,GLOBAL_BASELINE_NO_ENTITY_RANKING,,,NOT_APPLICABLE_GLOBAL_BASELINE,HF9g-P5,,,,X 全窗基线 · 不参与实体赏罚,15050757,1506,A168_HF9F_20260827_0900,2026-08-27 09:00:00
2026-06-07,74657362,-1,1,874.2331288344,467.7914110429,467.7914110429,0.7647059,17,17,0.49482258235294118,0.494822582353,2.2256340273281903,2.225634027327702,2.2256340273281903,-5.882E-14,SENTINEL_DEALER,R03b_20260811_FULL_v1,L1_ELIGIBILITY,v2026-08-11,2026-03-21..2026-08-06,baccarat_bet02_101_all_pairs_incl_sentinel,round_win = game_pnl > 0 (decisive only),COMPATIBILITY_ONLY_NOT_PRODUCTION,234885.8996,214754.2105,9869.7735,3689,3015,-0.04201944,-0.00608590,-0.04816467,-0.04201944,-9869.7735,234885.8996,OK,0.0000,394.7909,4.0000,96.0000,AG03-UNRESOLVED,ALL5_LEVELS_bet23_to_bet27,394.7909,394.7909,394.7909,394.7909,394.7909,4.000000,4.000000,4.000000,4.000000,4.000000,96.000000,96.000000,96.000000,96.000000,96.000000,5.0,1973.9547,1822.2297,7895.8188,8047.5438,PENDING_AG03,FALSE,NOT_FOR_ENFORCEMENT,9474.9825,206164.0421,9869.7735,9474.9825,394.7909,0.04201944,0.04033866,394.7909,9474.9825,0.04033866,394.7909,394.7909,394.7909,394.7909,394.7909,9474.9825,0.04033866,1973.9547,1822.2297,7895.8188,8047.5438,0.03361555,0.0342615,0.00168078,63.6720,71.2286,3.2736,143.0402,5.0692,3404.1435,43.6957,64.4793,63.5359,42.5677,43.0663,85.2079,124.7713,127.8119,154.8004,42.604,-41.336,2.967791,3.594466,1.478463,30,203,130,8,0.14604117,0.04201944,0.00608590,0E-8,0.000000,0.914292,0.640282,0.04207877,2026-03-23,2026-08-04,69,1947,1162,135,0.511111,1.014849,1.012680,0.486804,,,,,,,,GLOBAL_BASELINE_NO_ENTITY_RANKING,,,NOT_APPLICABLE_GLOBAL_BASELINE,HF9g-P5,,,,X 全窗基线 · 不参与实体赏罚,15050758,1506,A168_HF9F_20260827_0900,2026-08-27 09:00:00
2026-06-07,74657362,1017,0,42.6039536469,0E-10,0E-10,,1,1,0.49324550000000000,0.493245500000,,,,0E-17,NO_DECISIVE_ROUND,R03b_20260811_FULL_v1,L1_ELIGIBILITY,v2026-08-11,2026-03-21..2026-08-06,baccarat_bet02_101_all_pairs_incl_sentinel,round_win = game_pnl > 0 (decisive only),COMPATIBILITY_ONLY_NOT_PRODUCTION,234885.8996,214754.2105,9869.7735,3689,3015,-0.04201944,-0.00608590,-0.04816467,-0.04201944,-9869.7735,234885.8996,OK,0.0000,394.7909,4.0000,96.0000,AG03-UNRESOLVED,ALL5_LEVELS_bet23_to_bet27,394.7909,394.7909,394.7909,394.7909,394.7909,4.000000,4.000000,4.000000,4.000000,4.000000,96.000000,96.000000,96.000000,96.000000,96.000000,5.0,1973.9547,1822.2297,7895.8188,8047.5438,PENDING_AG03,FALSE,NOT_FOR_ENFORCEMENT,9474.9825,206164.0421,9869.7735,9474.9825,394.7909,0.04201944,0.04033866,394.7909,9474.9825,0.04033866,394.7909,394.7909,394.7909,394.7909,394.7909,9474.9825,0.04033866,1973.9547,1822.2297,7895.8188,8047.5438,0.03361555,0.0342615,0.00168078,63.6720,71.2286,3.2736,143.0402,5.0692,3404.1435,43.6957,64.4793,63.5359,42.5677,43.0663,85.2079,124.7713,127.8119,154.8004,42.604,-41.336,2.967791,3.594466,1.478463,30,203,130,8,0.14604117,0.04201944,0.00608590,0E-8,0.000000,0.914292,0.640282,0.04207877,2026-03-23,2026-08-04,69,1947,1162,135,0.511111,1.014849,1.012680,0.486804,,,,,,,,GLOBAL_BASELINE_NO_ENTITY_RANKING,,,NOT_APPLICABLE_GLOBAL_BASELINE,HF9g-P5,,,,X 全窗基线 · 不参与实体赏罚,15050759,1506,A168_HF9F_20260827_0900,2026-08-27 09:00:00
2026-06-07,74657362,1108,0,85.2079072938,85.2079072938,85.2079072938,1.0000000,1,1,0.50665070000000000,0.506650700000,0.9867858985152569,0.9867858985152569,0.9867858985152569,0E-17,ELIGIBLE,R03b_20260811_FULL_v1,L1_ELIGIBILITY,v2026-08-11,2026-03-21..2026-08-06,baccarat_bet02_101_all_pairs_incl_sentinel,round_win = game_pnl > 0 (decisive only),COMPATIBILITY_ONLY_NOT_PRODUCTION,234885.8996,214754.2105,9869.7735,3689,3015,-0.04201944,-0.00608590,-0.04816467,-0.04201944,-9869.7735,234885.8996,OK,0.0000,394.7909,4.0000,96.0000,AG03-UNRESOLVED,ALL5_LEVELS_bet23_to_bet27,394.7909,394.7909,394.7909,394.7909,394.7909,4.000000,4.000000,4.000000,4.000000,4.000000,96.000000,96.000000,96.000000,96.000000,96.000000,5.0,1973.9547,1822.2297,7895.8188,8047.5438,PENDING_AG03,FALSE,NOT_FOR_ENFORCEMENT,9474.9825,206164.0421,9869.7735,9474.9825,394.7909,0.04201944,0.04033866,394.7909,9474.9825,0.04033866,394.7909,394.7909,394.7909,394.7909,394.7909,9474.9825,0.04033866,1973.9547,1822.2297,7895.8188,8047.5438,0.03361555,0.0342615,0.00168078,63.6720,71.2286,3.2736,143.0402,5.0692,3404.1435,43.6957,64.4793,63.5359,42.5677,43.0663,85.2079,124.7713,127.8119,154.8004,42.604,-41.336,2.967791,3.594466,1.478463,30,203,130,8,0.14604117,0.04201944,0.00608590,0E-8,0.000000,0.914292,0.640282,0.04207877,2026-03-23,2026-08-04,69,1947,1162,135,0.511111,1.014849,1.012680,0.486804,,,,,,,,GLOBAL_BASELINE_NO_ENTITY_RANKING,,,NOT_APPLICABLE_GLOBAL_BASELINE,HF9g-P5,,,,X 全窗基线 · 不参与实体赏罚,15050760,1506,A168_HF9F_20260827_0900,2026-08-27 09:00:00
2026-06-07,74657362,1302,0,170.4158145876,0E-10,0E-10,0.5000000,2,2,0.49994810000000000,0.499948100000,0.00014679536856514622,0.00014679536856514622,0.00014679536856514622,0E-17,ELIGIBLE,R03b_20260811_FULL_v1,L1_ELIGIBILITY,v2026-08-11,2026-03-21..2026-08-06,baccarat_bet02_101_all_pairs_incl_sentinel,round_win = game_pnl > 0 (decisive only),COMPATIBILITY_ONLY_NOT_PRODUCTION,234885.8996,214754.2105,9869.7735,3689,3015,-0.04201944,-0.00608590,-0.04816467,-0.04201944,-9869.7735,234885.8996,OK,0.0000,394.7909,4.0000,96.0000,AG03-UNRESOLVED,ALL5_LEVELS_bet23_to_bet27,394.7909,394.7909,394.7909,394.7909,394.7909,4.000000,4.000000,4.000000,4.000000,4.000000,96.000000,96.000000,96.000000,96.000000,96.000000,5.0,1973.9547,1822.2297,7895.8188,8047.5438,PENDING_AG03,FALSE,NOT_FOR_ENFORCEMENT,9474.9825,206164.0421,9869.7735,9474.9825,394.7909,0.04201944,0.04033866,394.7909,9474.9825,0.04033866,394.7909,394.7909,394.7909,394.7909,394.7909,9474.9825,0.04033866,1973.9547,1822.2297,7895.8188,8047.5438,0.03361555,0.0342615,0.00168078,63.6720,71.2286,3.2736,143.0402,5.0692,3404.1435,43.6957,64.4793,63.5359,42.5677,43.0663,85.2079,124.7713,127.8119,154.8004,42.604,-41.336,2.967791,3.594466,1.478463,30,203,130,8,0.14604117,0.04201944,0.00608590,0E-8,0.000000,0.914292,0.640282,0.04207877,2026-03-23,2026-08-04,69,1947,1162,135,0.511111,1.014849,1.012680,0.486804,,,,,,,,GLOBAL_BASELINE_NO_ENTITY_RANKING,,,NOT_APPLICABLE_GLOBAL_BASELINE,HF9g-P5,,,,X 全窗基线 · 不参与实体赏罚,15050761,1506,A168_HF9F_20260827_0900,2026-08-27 09:00:00
2026-06-07,74657362,1383,0,42.6039536469,42.6039536469,42.6039536469,1.0000000,1,1,0.49324550000000000,0.493245500000,1.01360149184955,1.01360149184955,1.01360149184955,0E-17,ELIGIBLE,R03b_20260811_FULL_v1,L1_ELIGIBILITY,v2026-08-11,2026-03-21..2026-08-06,baccarat_bet02_101_all_pairs_incl_sentinel,round_win = game_pnl > 0 (decisive only),COMPATIBILITY_ONLY_NOT_PRODUCTION,234885.8996,214754.2105,9869.7735,3689,3015,-0.04201944,-0.00608590,-0.04816467,-0.04201944,-9869.7735,234885.8996,OK,0.0000,394.7909,4.0000,96.0000,AG03-UNRESOLVED,ALL5_LEVELS_bet23_to_bet27,394.7909,394.7909,394.7909,394.7909,394.7909,4.000000,4.000000,4.000000,4.000000,4.000000,96.000000,96.000000,96.000000,96.000000,96.000000,5.0,1973.9547,1822.2297,7895.8188,8047.5438,PENDING_AG03,FALSE,NOT_FOR_ENFORCEMENT,9474.9825,206164.0421,9869.7735,9474.9825,394.7909,0.04201944,0.04033866,394.7909,9474.9825,0.04033866,394.7909,394.7909,394.7909,394.7909,394.7909,9474.9825,0.04033866,1973.9547,1822.2297,7895.8188,8047.5438,0.03361555,0.0342615,0.00168078,63.6720,71.2286,3.2736,143.0402,5.0692,3404.1435,43.6957,64.4793,63.5359,42.5677,43.0663,85.2079,124.7713,127.8119,154.8004,42.604,-41.336,2.967791,3.594466,1.478463,30,203,130,8,0.14604117,0.04201944,0.00608590,0E-8,0.000000,0.914292,0.640282,0.04207877,2026-03-23,2026-08-04,69,1947,1162,135,0.511111,1.014849,1.012680,0.486804,,,,,,,,GLOBAL_BASELINE_NO_ENTITY_RANKING,,,NOT_APPLICABLE_GLOBAL_BASELINE,HF9g-P5,,,,X 全窗基线 · 不参与实体赏罚,15050762,1506,A168_HF9F_20260827_0900,2026-08-27 09:00:00
2026-06-07,74657362,1400,0,170.4158145876,-85.2079072938,-85.2079072938,0.3333333,3,3,0.49324550000000000,0.493245500000,-0.5540025479526107,-0.5540025479526106,-0.5540025479526107,0E-17,ELIGIBLE,R03b_20260811_FULL_v1,L1_ELIGIBILITY,v2026-08-11,2026-03-21..2026-08-06,baccarat_bet02_101_all_pairs_incl_sentinel,round_win = game_pnl > 0 (decisive only),COMPATIBILITY_ONLY_NOT_PRODUCTION,234885.8996,214754.2105,9869.7735,3689,3015,-0.04201944,-0.00608590,-0.04816467,-0.04201944,-9869.7735,234885.8996,OK,0.0000,394.7909,4.0000,96.0000,AG03-UNRESOLVED,ALL5_LEVELS_bet23_to_bet27,394.7909,394.7909,394.7909,394.7909,394.7909,4.000000,4.000000,4.000000,4.000000,4.000000,96.000000,96.000000,96.000000,96.000000,96.000000,5.0,1973.9547,1822.2297,7895.8188,8047.5438,PENDING_AG03,FALSE,NOT_FOR_ENFORCEMENT,9474.9825,206164.0421,9869.7735,9474.9825,394.7909,0.04201944,0.04033866,394.7909,9474.9825,0.04033866,394.7909,394.7909,394.7909,394.7909,394.7909,9474.9825,0.04033866,1973.9547,1822.2297,7895.8188,8047.5438,0.03361555,0.0342615,0.00168078,63.6720,71.2286,3.2736,143.0402,5.0692,3404.1435,43.6957,64.4793,63.5359,42.5677,43.0663,85.2079,124.7713,127.8119,154.8004,42.604,-41.336,2.967791,3.594466,1.478463,30,203,130,8,0.14604117,0.04201944,0.00608590,0E-8,0.000000,0.914292,0.640282,0.04207877,2026-03-23,2026-08-04,69,1947,1162,135,0.511111,1.014849,1.012680,0.486804,,,,,,,,GLOBAL_BASELINE_NO_ENTITY_RANKING,,,NOT_APPLICABLE_GLOBAL_BASELINE,HF9g-P5,,,,X 全窗基线 · 不参与实体赏罚,15050763,1506,A168_HF9F_20260827_0900,2026-08-27 09:00:00
2026-06-07,74657362,1934,0,85.2079072938,85.2079072938,85.2079072938,1.0000000,1,1,0.49324550000000000,0.493245500000,1.01360149184955,1.01360149184955,1.01360149184955,0E-17,ELIGIBLE,R03b_20260811_FULL_v1,L1_ELIGIBILITY,v2026-08-11,2026-03-21..2026-08-06,baccarat_bet02_101_all_pairs_incl_sentinel,round_win = game_pnl > 0 (decisive only),COMPATIBILITY_ONLY_NOT_PRODUCTION,234885.8996,214754.2105,9869.7735,3689,3015,-0.04201944,-0.00608590,-0.04816467,-0.04201944,-9869.7735,234885.8996,OK,0.0000,394.7909,4.0000,96.0000,AG03-UNRESOLVED,ALL5_LEVELS_bet23_to_bet27,394.7909,394.7909,394.7909,394.7909,394.7909,4.000000,4.000000,4.000000,4.000000,4.000000,96.000000,96.000000,96.000000,96.000000,96.000000,5.0,1973.9547,1822.2297,7895.8188,8047.5438,PENDING_AG03,FALSE,NOT_FOR_ENFORCEMENT,9474.9825,206164.0421,9869.7735,9474.9825,394.7909,0.04201944,0.04033866,394.7909,9474.9825,0.04033866,394.7909,394.7909,394.7909,394.7909,394.7909,9474.9825,0.04033866,1973.9547,1822.2297,7895.8188,8047.5438,0.03361555,0.0342615,0.00168078,63.6720,71.2286,3.2736,143.0402,5.0692,3404.1435,43.6957,64.4793,63.5359,42.5677,43.0663,85.2079,124.7713,127.8119,154.8004,42.604,-41.336,2.967791,3.594466,1.478463,30,203,130,8,0.14604117,0.04201944,0.00608590,0E-8,0.000000,0.914292,0.640282,0.04207877,2026-03-23,2026-08-04,69,1947,1162,135,0.511111,1.014849,1.012680,0.486804,,,,,,,,GLOBAL_BASELINE_NO_ENTITY_RANKING,,,NOT_APPLICABLE_GLOBAL_BASELINE,HF9g-P5,,,,X 全窗基线 · 不参与实体赏罚,15050764,1506,A168_HF9F_20260827_0900,2026-08-27 09:00:00
2026-06-07,74657362,1994,0,42.6039536469,42.6039536469,42.6039536469,1.0000000,1,1,0.49324550000000000,0.493245500000,1.01360149184955,1.01360149184955,1.01360149184955,0E-17,ELIGIBLE,R03b_20260811_FULL_v1,L1_ELIGIBILITY,v2026-08-11,2026-03-21..2026-08-06,baccarat_bet02_101_all_pairs_incl_sentinel,round_win = game_pnl > 0 (decisive only),COMPATIBILITY_ONLY_NOT_PRODUCTION,234885.8996,214754.2105,9869.7735,3689,3015,-0.04201944,-0.00608590,-0.04816467,-0.04201944,-9869.7735,234885.8996,OK,0.0000,394.7909,4.0000,96.0000,AG03-UNRESOLVED,ALL5_LEVELS_bet23_to_bet27,394.7909,394.7909,394.7909,394.7909,394.7909,4.000000,4.000000,4.000000,4.000000,4.000000,96.000000,96.000000,96.000000,96.000000,96.000000,5.0,1973.9547,1822.2297,7895.8188,8047.5438,PENDING_AG03,FALSE,NOT_FOR_ENFORCEMENT,9474.9825,206164.0421,9869.7735,9474.9825,394.7909,0.04201944,0.04033866,394.7909,9474.9825,0.04033866,394.7909,394.7909,394.7909,394.7909,394.7909,9474.9825,0.04033866,1973.9547,1822.2297,7895.8188,8047.5438,0.03361555,0.0342615,0.00168078,63.6720,71.2286,3.2736,143.0402,5.0692,3404.1435,43.6957,64.4793,63.5359,42.5677,43.0663,85.2079,124.7713,127.8119,154.8004,42.604,-41.336,2.967791,3.594466,1.478463,30,203,130,8,0.14604117,0.04201944,0.00608590,0E-8,0.000000,0.914292,0.640282,0.04207877,2026-03-23,2026-08-04,69,1947,1162,135,0.511111,1.014849,1.012680,0.486804,,,,,,,,GLOBAL_BASELINE_NO_ENTITY_RANKING,,,NOT_APPLICABLE_GLOBAL_BASELINE,HF9g-P5,,,,X 全窗基线 · 不参与实体赏罚,15050765,1506,A168_HF9F_20260827_0900,2026-08-27 09:00:00
2026-06-07,74657362,2101,0,42.6039536469,-42.6039536469,-42.6039536469,0E-7,1,1,0.50665070000000000,0.506650700000,-1.013391052207602,-1.013391052207602,-1.013391052207602,0E-17,ELIGIBLE,R03b_20260811_FULL_v1,L1_ELIGIBILITY,v2026-08-11,2026-03-21..2026-08-06,baccarat_bet02_101_all_pairs_incl_sentinel,round_win = game_pnl > 0 (decisive only),COMPATIBILITY_ONLY_NOT_PRODUCTION,234885.8996,214754.2105,9869.7735,3689,3015,-0.04201944,-0.00608590,-0.04816467,-0.04201944,-9869.7735,234885.8996,OK,0.0000,394.7909,4.0000,96.0000,AG03-UNRESOLVED,ALL5_LEVELS_bet23_to_bet27,394.7909,394.7909,394.7909,394.7909,394.7909,4.000000,4.000000,4.000000,4.000000,4.000000,96.000000,96.000000,96.000000,96.000000,96.000000,5.0,1973.9547,1822.2297,7895.8188,8047.5438,PENDING_AG03,FALSE,NOT_FOR_ENFORCEMENT,9474.9825,206164.0421,9869.7735,9474.9825,394.7909,0.04201944,0.04033866,394.7909,9474.9825,0.04033866,394.7909,394.7909,394.7909,394.7909,394.7909,9474.9825,0.04033866,1973.9547,1822.2297,7895.8188,8047.5438,0.03361555,0.0342615,0.00168078,63.6720,71.2286,3.2736,143.0402,5.0692,3404.1435,43.6957,64.4793,63.5359,42.5677,43.0663,85.2079,124.7713,127.8119,154.8004,42.604,-41.336,2.967791,3.594466,1.478463,30,203,130,8,0.14604117,0.04201944,0.00608590,0E-8,0.000000,0.914292,0.640282,0.04207877,2026-03-23,2026-08-04,69,1947,1162,135,0.511111,1.014849,1.012680,0.486804,,,,,,,,GLOBAL_BASELINE_NO_ENTITY_RANKING,,,NOT_APPLICABLE_GLOBAL_BASELINE,HF9g-P5,,,,X 全窗基线 · 不参与实体赏罚,15050766,1506,A168_HF9F_20260827_0900,2026-08-27 09:00:00
2026-06-07,74657362,2103,0,42.6039536469,-42.6039536469,-42.6039536469,0E-7,1,1,0.49324550000000000,0.493245500000,-0.9865810262130424,-0.9865810262130424,-0.9865810262130424,0E-17,ELIGIBLE,R03b_20260811_FULL_v1,L1_ELIGIBILITY,v2026-08-11,2026-03-21..2026-08-06,baccarat_bet02_101_all_pairs_incl_sentinel,round_win = game_pnl > 0 (decisive only),COMPATIBILITY_ONLY_NOT_PRODUCTION,234885.8996,214754.2105,9869.7735,3689,3015,-0.04201944,-0.00608590,-0.04816467,-0.04201944,-9869.7735,234885.8996,OK,0.0000,394.7909,4.0000,96.0000,AG03-UNRESOLVED,ALL5_LEVELS_bet23_to_bet27,394.7909,394.7909,394.7909,394.7909,394.7909,4.000000,4.000000,4.000000,4.000000,4.000000,96.000000,96.000000,96.000000,96.000000,96.000000,5.0,1973.9547,1822.2297,7895.8188,8047.5438,PENDING_AG03,FALSE,NOT_FOR_ENFORCEMENT,9474.9825,206164.0421,9869.7735,9474.9825,394.7909,0.04201944,0.04033866,394.7909,9474.9825,0.04033866,394.7909,394.7909,394.7909,394.7909,394.7909,9474.9825,0.04033866,1973.9547,1822.2297,7895.8188,8047.5438,0.03361555,0.0342615,0.00168078,63.6720,71.2286,3.2736,143.0402,5.0692,3404.1435,43.6957,64.4793,63.5359,42.5677,43.0663,85.2079,124.7713,127.8119,154.8004,42.604,-41.336,2.967791,3.594466,1.478463,30,203,130,8,0.14604117,0.04201944,0.00608590,0E-8,0.000000,0.914292,0.640282,0.04207877,2026-03-23,2026-08-04,69,1947,1162,135,0.511111,1.014849,1.012680,0.486804,,,,,,,,GLOBAL_BASELINE_NO_ENTITY_RANKING,,,NOT_APPLICABLE_GLOBAL_BASELINE,HF9g-P5,,,,X 全窗基线 · 不参与实体赏罚,15050767,1506,A168_HF9F_20260827_0900,2026-08-27 09:00:00
2026-06-07,74657362,2115,0,42.6039536469,-42.6039536469,-42.6039536469,0E-7,1,1,0.49324550000000000,0.493245500000,-0.9865810262130424,-0.9865810262130424,-0.9865810262130424,0E-17,ELIGIBLE,R03b_20260811_FULL_v1,L1_ELIGIBILITY,v2026-08-11,2026-03-21..2026-08-06,baccarat_bet02_101_all_pairs_incl_sentinel,round_win = game_pnl > 0 (decisive only),COMPATIBILITY_ONLY_NOT_PRODUCTION,234885.8996,214754.2105,9869.7735,3689,3015,-0.04201944,-0.00608590,-0.04816467,-0.04201944,-9869.7735,234885.8996,OK,0.0000,394.7909,4.0000,96.0000,AG03-UNRESOLVED,ALL5_LEVELS_bet23_to_bet27,394.7909,394.7909,394.7909,394.7909,394.7909,4.000000,4.000000,4.000000,4.000000,4.000000,96.000000,96.000000,96.000000,96.000000,96.000000,5.0,1973.9547,1822.2297,7895.8188,8047.5438,PENDING_AG03,FALSE,NOT_FOR_ENFORCEMENT,9474.9825,206164.0421,9869.7735,9474.9825,394.7909,0.04201944,0.04033866,394.7909,9474.9825,0.04033866,394.7909,394.7909,394.7909,394.7909,394.7909,9474.9825,0.04033866,1973.9547,1822.2297,7895.8188,8047.5438,0.03361555,0.0342615,0.00168078,63.6720,71.2286,3.2736,143.0402,5.0692,3404.1435,43.6957,64.4793,63.5359,42.5677,43.0663,85.2079,124.7713,127.8119,154.8004,42.604,-41.336,2.967791,3.594466,1.478463,30,203,130,8,0.14604117,0.04201944,0.00608590,0E-8,0.000000,0.914292,0.640282,0.04207877,2026-03-23,2026-08-04,69,1947,1162,135,0.511111,1.014849,1.012680,0.486804,,,,,,,,GLOBAL_BASELINE_NO_ENTITY_RANKING,,,NOT_APPLICABLE_GLOBAL_BASELINE,HF9g-P5,,,,X 全窗基线 · 不参与实体赏罚,15050768,1506,A168_HF9F_20260827_0900,2026-08-27 09:00:00
2026-06-07,74657362,2141,0,85.2079072938,85.2079072938,85.2079072938,1.0000000,2,2,0.49324550000000000,0.493245500000,1.4334489766152358,1.4334489766152358,1.4334489766152358,0E-17,ELIGIBLE,R03b_20260811_FULL_v1,L1_ELIGIBILITY,v2026-08-11,2026-03-21..2026-08-06,baccarat_bet02_101_all_pairs_incl_sentinel,round_win = game_pnl > 0 (decisive only),COMPATIBILITY_ONLY_NOT_PRODUCTION,234885.8996,214754.2105,9869.7735,3689,3015,-0.04201944,-0.00608590,-0.04816467,-0.04201944,-9869.7735,234885.8996,OK,0.0000,394.7909,4.0000,96.0000,AG03-UNRESOLVED,ALL5_LEVELS_bet23_to_bet27,394.7909,394.7909,394.7909,394.7909,394.7909,4.000000,4.000000,4.000000,4.000000,4.000000,96.000000,96.000000,96.000000,96.000000,96.000000,5.0,1973.9547,1822.2297,7895.8188,8047.5438,PENDING_AG03,FALSE,NOT_FOR_ENFORCEMENT,9474.9825,206164.0421,9869.7735,9474.9825,394.7909,0.04201944,0.04033866,394.7909,9474.9825,0.04033866,394.7909,394.7909,394.7909,394.7909,394.7909,9474.9825,0.04033866,1973.9547,1822.2297,7895.8188,8047.5438,0.03361555,0.0342615,0.00168078,63.6720,71.2286,3.2736,143.0402,5.0692,3404.1435,43.6957,64.4793,63.5359,42.5677,43.0663,85.2079,124.7713,127.8119,154.8004,42.604,-41.336,2.967791,3.594466,1.478463,30,203,130,8,0.14604117,0.04201944,0.00608590,0E-8,0.000000,0.914292,0.640282,0.04207877,2026-03-23,2026-08-04,69,1947,1162,135,0.511111,1.014849,1.012680,0.486804,,,,,,,,GLOBAL_BASELINE_NO_ENTITY_RANKING,,,NOT_APPLICABLE_GLOBAL_BASELINE,HF9g-P5,,,,X 全窗基线 · 不参与实体赏罚,15050769,1506,A168_HF9F_20260827_0900,2026-08-27 09:00:00
2026-06-07,74657362,2209,0,85.2079072938,-85.2079072938,-85.2079072938,0E-7,1,1,0.49324550000000000,0.493245500000,-0.9865810262130424,-0.9865810262130424,-0.9865810262130424,0E-17,ELIGIBLE,R03b_20260811_FULL_v1,L1_ELIGIBILITY,v2026-08-11,2026-03-21..2026-08-06,baccarat_bet02_101_all_pairs_incl_sentinel,round_win = game_pnl > 0 (decisive only),COMPATIBILITY_ONLY_NOT_PRODUCTION,234885.8996,214754.2105,9869.7735,3689,3015,-0.04201944,-0.00608590,-0.04816467,-0.04201944,-9869.7735,234885.8996,OK,0.0000,394.7909,4.0000,96.0000,AG03-UNRESOLVED,ALL5_LEVELS_bet23_to_bet27,394.7909,394.7909,394.7909,394.7909,394.7909,4.000000,4.000000,4.000000,4.000000,4.000000,96.000000,96.000000,96.000000,96.000000,96.000000,5.0,1973.9547,1822.2297,7895.8188,8047.5438,PENDING_AG03,FALSE,NOT_FOR_ENFORCEMENT,9474.9825,206164.0421,9869.7735,9474.9825,394.7909,0.04201944,0.04033866,394.7909,9474.9825,0.04033866,394.7909,394.7909,394.7909,394.7909,394.7909,9474.9825,0.04033866,1973.9547,1822.2297,7895.8188,8047.5438,0.03361555,0.0342615,0.00168078,63.6720,71.2286,3.2736,143.0402,5.0692,3404.1435,43.6957,64.4793,63.5359,42.5677,43.0663,85.2079,124.7713,127.8119,154.8004,42.604,-41.336,2.967791,3.594466,1.478463,30,203,130,8,0.14604117,0.04201944,0.00608590,0E-8,0.000000,0.914292,0.640282,0.04207877,2026-03-23,2026-08-04,69,1947,1162,135,0.511111,1.014849,1.012680,0.486804,,,,,,,,GLOBAL_BASELINE_NO_ENTITY_RANKING,,,NOT_APPLICABLE_GLOBAL_BASELINE,HF9g-P5,,,,X 全窗基线 · 不参与实体赏罚,15050770,1506,A168_HF9F_20260827_0900,2026-08-27 09:00:00
2026-06-07,74657362,2248,0,85.2079072938,85.2079072938,85.2079072938,1.0000000,2,2,0.49324550000000000,0.493245500000,1.4334489766152358,1.4334489766152358,1.4334489766152358,0E-17,ELIGIBLE,R03b_20260811_FULL_v1,L1_ELIGIBILITY,v2026-08-11,2026-03-21..2026-08-06,baccarat_bet02_101_all_pairs_incl_sentinel,round_win = game_pnl > 0 (decisive only),COMPATIBILITY_ONLY_NOT_PRODUCTION,234885.8996,214754.2105,9869.7735,3689,3015,-0.04201944,-0.00608590,-0.04816467,-0.04201944,-9869.7735,234885.8996,OK,0.0000,394.7909,4.0000,96.0000,AG03-UNRESOLVED,ALL5_LEVELS_bet23_to_bet27,394.7909,394.7909,394.7909,394.7909,394.7909,4.000000,4.000000,4.000000,4.000000,4.000000,96.000000,96.000000,96.000000,96.000000,96.000000,5.0,1973.9547,1822.2297,7895.8188,8047.5438,PENDING_AG03,FALSE,NOT_FOR_ENFORCEMENT,9474.9825,206164.0421,9869.7735,9474.9825,394.7909,0.04201944,0.04033866,394.7909,9474.9825,0.04033866,394.7909,394.7909,394.7909,394.7909,394.7909,9474.9825,0.04033866,1973.9547,1822.2297,7895.8188,8047.5438,0.03361555,0.0342615,0.00168078,63.6720,71.2286,3.2736,143.0402,5.0692,3404.1435,43.6957,64.4793,63.5359,42.5677,43.0663,85.2079,124.7713,127.8119,154.8004,42.604,-41.336,2.967791,3.594466,1.478463,30,203,130,8,0.14604117,0.04201944,0.00608590,0E-8,0.000000,0.914292,0.640282,0.04207877,2026-03-23,2026-08-04,69,1947,1162,135,0.511111,1.014849,1.012680,0.486804,,,,,,,,GLOBAL_BASELINE_NO_ENTITY_RANKING,,,NOT_APPLICABLE_GLOBAL_BASELINE,HF9g-P5,,,,X 全窗基线 · 不参与实体赏罚,15050771,1506,A168_HF9F_20260827_0900,2026-08-27 09:00:00
2026-06-07,74657362,2251,0,42.6039536469,42.6039536469,42.6039536469,1.0000000,1,1,0.49324550000000000,0.493245500000,1.01360149184955,1.01360149184955,1.01360149184955,0E-17,ELIGIBLE,R03b_20260811_FULL_v1,L1_ELIGIBILITY,v2026-08-11,2026-03-21..2026-08-06,baccarat_bet02_101_all_pairs_incl_sentinel,round_win = game_pnl > 0 (decisive only),COMPATIBILITY_ONLY_NOT_PRODUCTION,234885.8996,214754.2105,9869.7735,3689,3015,-0.04201944,-0.00608590,-0.04816467,-0.04201944,-9869.7735,234885.8996,OK,0.0000,394.7909,4.0000,96.0000,AG03-UNRESOLVED,ALL5_LEVELS_bet23_to_bet27,394.7909,394.7909,394.7909,394.7909,394.7909,4.000000,4.000000,4.000000,4.000000,4.000000,96.000000,96.000000,96.000000,96.000000,96.000000,5.0,1973.9547,1822.2297,7895.8188,8047.5438,PENDING_AG03,FALSE,NOT_FOR_ENFORCEMENT,9474.9825,206164.0421,9869.7735,9474.9825,394.7909,0.04201944,0.04033866,394.7909,9474.9825,0.04033866,394.7909,394.7909,394.7909,394.7909,394.7909,9474.9825,0.04033866,1973.9547,1822.2297,7895.8188,8047.5438,0.03361555,0.0342615,0.00168078,63.6720,71.2286,3.2736,143.0402,5.0692,3404.1435,43.6957,64.4793,63.5359,42.5677,43.0663,85.2079,124.7713,127.8119,154.8004,42.604,-41.336,2.967791,3.594466,1.478463,30,203,130,8,0.14604117,0.04201944,0.00608590,0E-8,0.000000,0.914292,0.640282,0.04207877,2026-03-23,2026-08-04,69,1947,1162,135,0.511111,1.014849,1.012680,0.486804,,,,,,,,GLOBAL_BASELINE_NO_ENTITY_RANKING,,,NOT_APPLICABLE_GLOBAL_BASELINE,HF9g-P5,,,,X 全窗基线 · 不参与实体赏罚,15050772,1506,A168_HF9F_20260827_0900,2026-08-27 09:00:00
2026-06-07,74657362,598,0,42.6039536469,42.6039536469,42.6039536469,1.0000000,1,1,0.49324550000000000,0.493245500000,1.01360149184955,1.01360149184955,1.01360149184955,0E-17,ELIGIBLE,R03b_20260811_FULL_v1,L1_ELIGIBILITY,v2026-08-11,2026-03-21..2026-08-06,baccarat_bet02_101_all_pairs_incl_sentinel,round_win = game_pnl > 0 (decisive only),COMPATIBILITY_ONLY_NOT_PRODUCTION,234885.8996,214754.2105,9869.7735,3689,3015,-0.04201944,-0.00608590,-0.04816467,-0.04201944,-9869.7735,234885.8996,OK,0.0000,394.7909,4.0000,96.0000,AG03-UNRESOLVED,ALL5_LEVELS_bet23_to_bet27,394.7909,394.7909,394.7909,394.7909,394.7909,4.000000,4.000000,4.000000,4.000000,4.000000,96.000000,96.000000,96.000000,96.000000,96.000000,5.0,1973.9547,1822.2297,7895.8188,8047.5438,PENDING_AG03,FALSE,NOT_FOR_ENFORCEMENT,9474.9825,206164.0421,9869.7735,9474.9825,394.7909,0.04201944,0.04033866,394.7909,9474.9825,0.04033866,394.7909,394.7909,394.7909,394.7909,394.7909,9474.9825,0.04033866,1973.9547,1822.2297,7895.8188,8047.5438,0.03361555,0.0342615,0.00168078,63.6720,71.2286,3.2736,143.0402,5.0692,3404.1435,43.6957,64.4793,63.5359,42.5677,43.0663,85.2079,124.7713,127.8119,154.8004,42.604,-41.336,2.967791,3.594466,1.478463,30,203,130,8,0.14604117,0.04201944,0.00608590,0E-8,0.000000,0.914292,0.640282,0.04207877,2026-03-23,2026-08-04,69,1947,1162,135,0.511111,1.014849,1.012680,0.486804,,,,,,,,GLOBAL_BASELINE_NO_ENTITY_RANKING,,,NOT_APPLICABLE_GLOBAL_BASELINE,HF9g-P5,,,,X 全窗基线 · 不参与实体赏罚,15050773,1506,A168_HF9F_20260827_0900,2026-08-27 09:00:00
2026-06-07,74657362,752,0,85.2079072938,-85.2079072938,-85.2079072938,0E-7,1,1,0.49324550000000000,0.493245500000,-0.9865810262130424,-0.9865810262130424,-0.9865810262130424,0E-17,ELIGIBLE,R03b_20260811_FULL_v1,L1_ELIGIBILITY,v2026-08-11,2026-03-21..2026-08-06,baccarat_bet02_101_all_pairs_incl_sentinel,round_win = game_pnl > 0 (decisive only),COMPATIBILITY_ONLY_NOT_PRODUCTION,234885.8996,214754.2105,9869.7735,3689,3015,-0.04201944,-0.00608590,-0.04816467,-0.04201944,-9869.7735,234885.8996,OK,0.0000,394.7909,4.0000,96.0000,AG03-UNRESOLVED,ALL5_LEVELS_bet23_to_bet27,394.7909,394.7909,394.7909,394.7909,394.7909,4.000000,4.000000,4.000000,4.000000,4.000000,96.000000,96.000000,96.000000,96.000000,96.000000,5.0,1973.9547,1822.2297,7895.8188,8047.5438,PENDING_AG03,FALSE,NOT_FOR_ENFORCEMENT,9474.9825,206164.0421,9869.7735,9474.9825,394.7909,0.04201944,0.04033866,394.7909,9474.9825,0.04033866,394.7909,394.7909,394.7909,394.7909,394.7909,9474.9825,0.04033866,1973.9547,1822.2297,7895.8188,8047.5438,0.03361555,0.0342615,0.00168078,63.6720,71.2286,3.2736,143.0402,5.0692,3404.1435,43.6957,64.4793,63.5359,42.5677,43.0663,85.2079,124.7713,127.8119,154.8004,42.604,-41.336,2.967791,3.594466,1.478463,30,203,130,8,0.14604117,0.04201944,0.00608590,0E-8,0.000000,0.914292,0.640282,0.04207877,2026-03-23,2026-08-04,69,1947,1162,135,0.511111,1.014849,1.012680,0.486804,,,,,,,,GLOBAL_BASELINE_NO_ENTITY_RANKING,,,NOT_APPLICABLE_GLOBAL_BASELINE,HF9g-P5,,,,X 全窗基线 · 不参与实体赏罚,15050774,1506,A168_HF9F_20260827_0900,2026-08-27 09:00:00
2026-06-08,74657362,-1,1,3041.9222903890,-639.0593047040,-639.0593047040,0.4117647,41,17,0.35351212337458774,0.282038354706,0.5024088671135787,1.1886334701714047,0.5024088671135787,0.07147376866858774,SENTINEL_DEALER,R03b_20260811_FULL_v1,L1_ELIGIBILITY,v2026-08-11,2026-03-21..2026-08-06,baccarat_bet02_101_all_pairs_incl_sentinel,round_win = game_pnl > 0 (decisive only),COMPATIBILITY_ONLY_NOT_PRODUCTION,234885.8996,214754.2105,9869.7735,3689,3015,-0.04201944,-0.00608590,-0.04816467,-0.04201944,-9869.7735,234885.8996,OK,0.0000,394.7909,4.0000,96.0000,AG03-UNRESOLVED,ALL5_LEVELS_bet23_to_bet27,394.7909,394.7909,394.7909,394.7909,394.7909,4.000000,4.000000,4.000000,4.000000,4.000000,96.000000,96.000000,96.000000,96.000000,96.000000,5.0,1973.9547,1822.2297,7895.8188,8047.5438,PENDING_AG03,FALSE,NOT_FOR_ENFORCEMENT,9474.9825,206164.0421,9869.7735,9474.9825,394.7909,0.04201944,0.04033866,394.7909,9474.9825,0.04033866,394.7909,394.7909,394.7909,394.7909,394.7909,9474.9825,0.04033866,1973.9547,1822.2297,7895.8188,8047.5438,0.03361555,0.0342615,0.00168078,63.6720,71.2286,3.2736,143.0402,5.0692,3404.1435,43.6957,64.4793,63.5359,42.5677,43.0663,85.2079,124.7713,127.8119,154.8004,42.604,-41.336,2.967791,3.594466,1.478463,30,203,130,8,0.14604117,0.04201944,0.00608590,0E-8,0.000000,0.914292,0.640282,0.04207877,2026-03-23,2026-08-04,69,1947,1162,135,0.511111,1.014849,1.012680,0.486804,,,,,,,,GLOBAL_BASELINE_NO_ENTITY_RANKING,,,NOT_APPLICABLE_GLOBAL_BASELINE,HF9g-P5,,,,X 全窗基线 · 不参与实体赏罚,15050775,1506,A168_HF9F_20260827_0900,2026-08-27 09:00:00
2026-06-08,74657362,1004,0,42.6039536469,42.6039536469,42.6039536469,1.0000000,1,1,0.49324550000000000,0.493245500000,1.01360149184955,1.01360149184955,1.01360149184955,0E-17,ELIGIBLE,R03b_20260811_FULL_v1,L1_ELIGIBILITY,v2026-08-11,2026-03-21..2026-08-06,baccarat_bet02_101_all_pairs_incl_sentinel,round_win = game_pnl > 0 (decisive only),COMPATIBILITY_ONLY_NOT_PRODUCTION,234885.8996,214754.2105,9869.7735,3689,3015,-0.04201944,-0.00608590,-0.04816467,-0.04201944,-9869.7735,234885.8996,OK,0.0000,394.7909,4.0000,96.0000,AG03-UNRESOLVED,ALL5_LEVELS_bet23_to_bet27,394.7909,394.7909,394.7909,394.7909,394.7909,4.000000,4.000000,4.000000,4.000000,4.000000,96.000000,96.000000,96.000000,96.000000,96.000000,5.0,1973.9547,1822.2297,7895.8188,8047.5438,PENDING_AG03,FALSE,NOT_FOR_ENFORCEMENT,9474.9825,206164.0421,9869.7735,9474.9825,394.7909,0.04201944,0.04033866,394.7909,9474.9825,0.04033866,394.7909,394.7909,394.7909,394.7909,394.7909,9474.9825,0.04033866,1973.9547,1822.2297,7895.8188,8047.5438,0.03361555,0.0342615,0.00168078,63.6720,71.2286,3.2736,143.0402,5.0692,3404.1435,43.6957,64.4793,63.5359,42.5677,43.0663,85.2079,124.7713,127.8119,154.8004,42.604,-41.336,2.967791,3.594466,1.478463,30,203,130,8,0.14604117,0.04201944,0.00608590,0E-8,0.000000,0.914292,0.640282,0.04207877,2026-03-23,2026-08-04,69,1947,1162,135,0.511111,1.014849,1.012680,0.486804,,,,,,,,GLOBAL_BASELINE_NO_ENTITY_RANKING,,,NOT_APPLICABLE_GLOBAL_BASELINE,HF9g-P5,,,,X 全窗基线 · 不参与实体赏罚,15050776,1506,A168_HF9F_20260827_0900,2026-08-27 09:00:00
2026-06-08,74657362,1210,0,42.6039536469,0E-10,0E-10,,1,1,0.49324550000000000,0.493245500000,,,,0E-17,NO_DECISIVE_ROUND,R03b_20260811_FULL_v1,L1_ELIGIBILITY,v2026-08-11,2026-03-21..2026-08-06,baccarat_bet02_101_all_pairs_incl_sentinel,round_win = game_pnl > 0 (decisive only),COMPATIBILITY_ONLY_NOT_PRODUCTION,234885.8996,214754.2105,9869.7735,3689,3015,-0.04201944,-0.00608590,-0.04816467,-0.04201944,-9869.7735,234885.8996,OK,0.0000,394.7909,4.0000,96.0000,AG03-UNRESOLVED,ALL5_LEVELS_bet23_to_bet27,394.7909,394.7909,394.7909,394.7909,394.7909,4.000000,4.000000,4.000000,4.000000,4.000000,96.000000,96.000000,96.000000,96.000000,96.000000,5.0,1973.9547,1822.2297,7895.8188,8047.5438,PENDING_AG03,FALSE,NOT_FOR_ENFORCEMENT,9474.9825,206164.0421,9869.7735,9474.9825,394.7909,0.04201944,0.04033866,394.7909,9474.9825,0.04033866,394.7909,394.7909,394.7909,394.7909,394.7909,9474.9825,0.04033866,1973.9547,1822.2297,7895.8188,8047.5438,0.03361555,0.0342615,0.00168078,63.6720,71.2286,3.2736,143.0402,5.0692,3404.1435,43.6957,64.4793,63.5359,42.5677,43.0663,85.2079,124.7713,127.8119,154.8004,42.604,-41.336,2.967791,3.594466,1.478463,30,203,130,8,0.14604117,0.04201944,0.00608590,0E-8,0.000000,0.914292,0.640282,0.04207877,2026-03-23,2026-08-04,69,1947,1162,135,0.511111,1.014849,1.012680,0.486804,,,,,,,,GLOBAL_BASELINE_NO_ENTITY_RANKING,,,NOT_APPLICABLE_GLOBAL_BASELINE,HF9g-P5,,,,X 全窗基线 · 不参与实体赏罚,15050777,1506,A168_HF9F_20260827_0900,2026-08-27 09:00:00
2026-06-08,74657362,1302,0,170.4158145876,0E-10,0E-10,0.6666667,3,3,0.50665070000000000,0.506650700000,0.5543606114942035,0.5543606114942035,0.5543606114942035,0E-17,ELIGIBLE,R03b_20260811_FULL_v1,L1_ELIGIBILITY,v2026-08-11,2026-03-21..2026-08-06,baccarat_bet02_101_all_pairs_incl_sentinel,round_win = game_pnl > 0 (decisive only),COMPATIBILITY_ONLY_NOT_PRODUCTION,234885.8996,214754.2105,9869.7735,3689,3015,-0.04201944,-0.00608590,-0.04816467,-0.04201944,-9869.7735,234885.8996,OK,0.0000,394.7909,4.0000,96.0000,AG03-UNRESOLVED,ALL5_LEVELS_bet23_to_bet27,394.7909,394.7909,394.7909,394.7909,394.7909,4.000000,4.000000,4.000000,4.000000,4.000000,96.000000,96.000000,96.000000,96.000000,96.000000,5.0,1973.9547,1822.2297,7895.8188,8047.5438,PENDING_AG03,FALSE,NOT_FOR_ENFORCEMENT,9474.9825,206164.0421,9869.7735,9474.9825,394.7909,0.04201944,0.04033866,394.7909,9474.9825,0.04033866,394.7909,394.7909,394.7909,394.7909,394.7909,9474.9825,0.04033866,1973.9547,1822.2297,7895.8188,8047.5438,0.03361555,0.0342615,0.00168078,63.6720,71.2286,3.2736,143.0402,5.0692,3404.1435,43.6957,64.4793,63.5359,42.5677,43.0663,85.2079,124.7713,127.8119,154.8004,42.604,-41.336,2.967791,3.594466,1.478463,30,203,130,8,0.14604117,0.04201944,0.00608590,0E-8,0.000000,0.914292,0.640282,0.04207877,2026-03-23,2026-08-04,69,1947,1162,135,0.511111,1.014849,1.012680,0.486804,,,,,,,,GLOBAL_BASELINE_NO_ENTITY_RANKING,,,NOT_APPLICABLE_GLOBAL_BASELINE,HF9g-P5,,,,X 全窗基线 · 不参与实体赏罚,15050778,1506,A168_HF9F_20260827_0900,2026-08-27 09:00:00
2026-06-08,74657362,1307,0,545.3306066805,553.8513974095,553.8513974095,0.6666667,12,3,0.23379730555552004,0.151168059444,1.7714377123246208,2.4925693361599577,1.7714377123246208,0.08262924611152004,ELIGIBLE,R03b_20260811_FULL_v1,L1_ELIGIBILITY,v2026-08-11,2026-03-21..2026-08-06,baccarat_bet02_101_all_pairs_incl_sentinel,round_win = game_pnl > 0 (decisive only),COMPATIBILITY_ONLY_NOT_PRODUCTION,234885.8996,214754.2105,9869.7735,3689,3015,-0.04201944,-0.00608590,-0.04816467,-0.04201944,-9869.7735,234885.8996,OK,0.0000,394.7909,4.0000,96.0000,AG03-UNRESOLVED,ALL5_LEVELS_bet23_to_bet27,394.7909,394.7909,394.7909,394.7909,394.7909,4.000000,4.000000,4.000000,4.000000,4.000000,96.000000,96.000000,96.000000,96.000000,96.000000,5.0,1973.9547,1822.2297,7895.8188,8047.5438,PENDING_AG03,FALSE,NOT_FOR_ENFORCEMENT,9474.9825,206164.0421,9869.7735,9474.9825,394.7909,0.04201944,0.04033866,394.7909,9474.9825,0.04033866,394.7909,394.7909,394.7909,394.7909,394.7909,9474.9825,0.04033866,1973.9547,1822.2297,7895.8188,8047.5438,0.03361555,0.0342615,0.00168078,63.6720,71.2286,3.2736,143.0402,5.0692,3404.1435,43.6957,64.4793,63.5359,42.5677,43.0663,85.2079,124.7713,127.8119,154.8004,42.604,-41.336,2.967791,3.594466,1.478463,30,203,130,8,0.14604117,0.04201944,0.00608590,0E-8,0.000000,0.914292,0.640282,0.04207877,2026-03-23,2026-08-04,69,1947,1162,135,0.511111,1.014849,1.012680,0.486804,,,,,,,,GLOBAL_BASELINE_NO_ENTITY_RANKING,,,NOT_APPLICABLE_GLOBAL_BASELINE,HF9g-P5,,,,X 全窗基线 · 不参与实体赏罚,15050779,1506,A168_HF9F_20260827_0900,2026-08-27 09:00:00
2026-06-08,74657362,1325,0,170.4158145876,-170.4158145876,-170.4158145876,0E-7,2,1,0.39337837500000000,0.280106050000,-0.8052788575962098,-0.6237735893609975,-0.8052788575962098,0.11327232500000000,ELIGIBLE,R03b_20260811_FULL_v1,L1_ELIGIBILITY,v2026-08-11,2026-03-21..2026-08-06,baccarat_bet02_101_all_pairs_incl_sentinel,round_win = game_pnl > 0 (decisive only),COMPATIBILITY_ONLY_NOT_PRODUCTION,234885.8996,214754.2105,9869.7735,3689,3015,-0.04201944,-0.00608590,-0.04816467,-0.04201944,-9869.7735,234885.8996,OK,0.0000,394.7909,4.0000,96.0000,AG03-UNRESOLVED,ALL5_LEVELS_bet23_to_bet27,394.7909,394.7909,394.7909,394.7909,394.7909,4.000000,4.000000,4.000000,4.000000,4.000000,96.000000,96.000000,96.000000,96.000000,96.000000,5.0,1973.9547,1822.2297,7895.8188,8047.5438,PENDING_AG03,FALSE,NOT_FOR_ENFORCEMENT,9474.9825,206164.0421,9869.7735,9474.9825,394.7909,0.04201944,0.04033866,394.7909,9474.9825,0.04033866,394.7909,394.7909,394.7909,394.7909,394.7909,9474.9825,0.04033866,1973.9547,1822.2297,7895.8188,8047.5438,0.03361555,0.0342615,0.00168078,63.6720,71.2286,3.2736,143.0402,5.0692,3404.1435,43.6957,64.4793,63.5359,42.5677,43.0663,85.2079,124.7713,127.8119,154.8004,42.604,-41.336,2.967791,3.594466,1.478463,30,203,130,8,0.14604117,0.04201944,0.00608590,0E-8,0.000000,0.914292,0.640282,0.04207877,2026-03-23,2026-08-04,69,1947,1162,135,0.511111,1.014849,1.012680,0.486804,,,,,,,,GLOBAL_BASELINE_NO_ENTITY_RANKING,,,NOT_APPLICABLE_GLOBAL_BASELINE,HF9g-P5,,,,X 全窗基线 · 不参与实体赏罚,15050780,1506,A168_HF9F_20260827_0900,2026-08-27 09:00:00
2026-06-08,74657362,1382,0,170.4158145876,85.2079072938,85.2079072938,1.0000000,2,1,0.39337837500000000,0.280106050000,1.2418058546638626,1.6031457840727341,1.2418058546638626,0.11327232500000000,ELIGIBLE,R03b_20260811_FULL_v1,L1_ELIGIBILITY,v2026-08-11,2026-03-21..2026-08-06,baccarat_bet02_101_all_pairs_incl_sentinel,round_win = game_pnl > 0 (decisive only),COMPATIBILITY_ONLY_NOT_PRODUCTION,234885.8996,214754.2105,9869.7735,3689,3015,-0.04201944,-0.00608590,-0.04816467,-0.04201944,-9869.7735,234885.8996,OK,0.0000,394.7909,4.0000,96.0000,AG03-UNRESOLVED,ALL5_LEVELS_bet23_to_bet27,394.7909,394.7909,394.7909,394.7909,394.7909,4.000000,4.000000,4.000000,4.000000,4.000000,96.000000,96.000000,96.000000,96.000000,96.000000,5.0,1973.9547,1822.2297,7895.8188,8047.5438,PENDING_AG03,FALSE,NOT_FOR_ENFORCEMENT,9474.9825,206164.0421,9869.7735,9474.9825,394.7909,0.04201944,0.04033866,394.7909,9474.9825,0.04033866,394.7909,394.7909,394.7909,394.7909,394.7909,9474.9825,0.04033866,1973.9547,1822.2297,7895.8188,8047.5438,0.03361555,0.0342615,0.00168078,63.6720,71.2286,3.2736,143.0402,5.0692,3404.1435,43.6957,64.4793,63.5359,42.5677,43.0663,85.2079,124.7713,127.8119,154.8004,42.604,-41.336,2.967791,3.594466,1.478463,30,203,130,8,0.14604117,0.04201944,0.00608590,0E-8,0.000000,0.914292,0.640282,0.04207877,2026-03-23,2026-08-04,69,1947,1162,135,0.511111,1.014849,1.012680,0.486804,,,,,,,,GLOBAL_BASELINE_NO_ENTITY_RANKING,,,NOT_APPLICABLE_GLOBAL_BASELINE,HF9g-P5,,,,X 全窗基线 · 不参与实体赏罚,15050781,1506,A168_HF9F_20260827_0900,2026-08-27 09:00:00
2026-06-08,74657362,1402,0,42.6039536469,0E-10,0E-10,,1,1,0.50665070000000000,0.506650700000,,,,0E-17,NO_DECISIVE_ROUND,R03b_20260811_FULL_v1,L1_ELIGIBILITY,v2026-08-11,2026-03-21..2026-08-06,baccarat_bet02_101_all_pairs_incl_sentinel,round_win = game_pnl > 0 (decisive only),COMPATIBILITY_ONLY_NOT_PRODUCTION,234885.8996,214754.2105,9869.7735,3689,3015,-0.04201944,-0.00608590,-0.04816467,-0.04201944,-9869.7735,234885.8996,OK,0.0000,394.7909,4.0000,96.0000,AG03-UNRESOLVED,ALL5_LEVELS_bet23_to_bet27,394.7909,394.7909,394.7909,394.7909,394.7909,4.000000,4.000000,4.000000,4.000000,4.000000,96.000000,96.000000,96.000000,96.000000,96.000000,5.0,1973.9547,1822.2297,7895.8188,8047.5438,PENDING_AG03,FALSE,NOT_FOR_ENFORCEMENT,9474.9825,206164.0421,9869.7735,9474.9825,394.7909,0.04201944,0.04033866,394.7909,9474.9825,0.04033866,394.7909,394.7909,394.7909,394.7909,394.7909,9474.9825,0.04033866,1973.9547,1822.2297,7895.8188,8047.5438,0.03361555,0.0342615,0.00168078,63.6720,71.2286,3.2736,143.0402,5.0692,3404.1435,43.6957,64.4793,63.5359,42.5677,43.0663,85.2079,124.7713,127.8119,154.8004,42.604,-41.336,2.967791,3.594466,1.478463,30,203,130,8,0.14604117,0.04201944,0.00608590,0E-8,0.000000,0.914292,0.640282,0.04207877,2026-03-23,2026-08-04,69,1947,1162,135,0.511111,1.014849,1.012680,0.486804,,,,,,,,GLOBAL_BASELINE_NO_ENTITY_RANKING,,,NOT_APPLICABLE_GLOBAL_BASELINE,HF9g-P5,,,,X 全窗基线 · 不参与实体赏罚,15050782,1506,A168_HF9F_20260827_0900,2026-08-27 09:00:00
2026-06-08,74657362,1485,0,85.2079072938,-85.2079072938,-85.2079072938,0E-7,1,1,0.50665070000000000,0.506650700000,-1.013391052207602,-1.013391052207602,-1.013391052207602,0E-17,ELIGIBLE,R03b_20260811_FULL_v1,L1_ELIGIBILITY,v2026-08-11,2026-03-21..2026-08-06,baccarat_bet02_101_all_pairs_incl_sentinel,round_win = game_pnl > 0 (decisive only),COMPATIBILITY_ONLY_NOT_PRODUCTION,234885.8996,214754.2105,9869.7735,3689,3015,-0.04201944,-0.00608590,-0.04816467,-0.04201944,-9869.7735,234885.8996,OK,0.0000,394.7909,4.0000,96.0000,AG03-UNRESOLVED,ALL5_LEVELS_bet23_to_bet27,394.7909,394.7909,394.7909,394.7909,394.7909,4.000000,4.000000,4.000000,4.000000,4.000000,96.000000,96.000000,96.000000,96.000000,96.000000,5.0,1973.9547,1822.2297,7895.8188,8047.5438,PENDING_AG03,FALSE,NOT_FOR_ENFORCEMENT,9474.9825,206164.0421,9869.7735,9474.9825,394.7909,0.04201944,0.04033866,394.7909,9474.9825,0.04033866,394.7909,394.7909,394.7909,394.7909,394.7909,9474.9825,0.04033866,1973.9547,1822.2297,7895.8188,8047.5438,0.03361555,0.0342615,0.00168078,63.6720,71.2286,3.2736,143.0402,5.0692,3404.1435,43.6957,64.4793,63.5359,42.5677,43.0663,85.2079,124.7713,127.8119,154.8004,42.604,-41.336,2.967791,3.594466,1.478463,30,203,130,8,0.14604117,0.04201944,0.00608590,0E-8,0.000000,0.914292,0.640282,0.04207877,2026-03-23,2026-08-04,69,1947,1162,135,0.511111,1.014849,1.012680,0.486804,,,,,,,,GLOBAL_BASELINE_NO_ENTITY_RANKING,,,NOT_APPLICABLE_GLOBAL_BASELINE,HF9g-P5,,,,X 全窗基线 · 不参与实体赏罚,15050783,1506,A168_HF9F_20260827_0900,2026-08-27 09:00:00
2026-06-08,74657362,1714,0,383.4355828221,-127.8118609407,-127.8118609407,0.3333333,5,3,0.42666741666666667,0.351152533333,-0.32685327633233235,-0.06465909475057204,-0.32685327633233235,0.07551488333366667,ELIGIBLE,R03b_20260811_FULL_v1,L1_ELIGIBILITY,v2026-08-11,2026-03-21..2026-08-06,baccarat_bet02_101_all_pairs_incl_sentinel,round_win = game_pnl > 0 (decisive only),COMPATIBILITY_ONLY_NOT_PRODUCTION,234885.8996,214754.2105,9869.7735,3689,3015,-0.04201944,-0.00608590,-0.04816467,-0.04201944,-9869.7735,234885.8996,OK,0.0000,394.7909,4.0000,96.0000,AG03-UNRESOLVED,ALL5_LEVELS_bet23_to_bet27,394.7909,394.7909,394.7909,394.7909,394.7909,4.000000,4.000000,4.000000,4.000000,4.000000,96.000000,96.000000,96.000000,96.000000,96.000000,5.0,1973.9547,1822.2297,7895.8188,8047.5438,PENDING_AG03,FALSE,NOT_FOR_ENFORCEMENT,9474.9825,206164.0421,9869.7735,9474.9825,394.7909,0.04201944,0.04033866,394.7909,9474.9825,0.04033866,394.7909,394.7909,394.7909,394.7909,394.7909,9474.9825,0.04033866,1973.9547,1822.2297,7895.8188,8047.5438,0.03361555,0.0342615,0.00168078,63.6720,71.2286,3.2736,143.0402,5.0692,3404.1435,43.6957,64.4793,63.5359,42.5677,43.0663,85.2079,124.7713,127.8119,154.8004,42.604,-41.336,2.967791,3.594466,1.478463,30,203,130,8,0.14604117,0.04201944,0.00608590,0E-8,0.000000,0.914292,0.640282,0.04207877,2026-03-23,2026-08-04,69,1947,1162,135,0.511111,1.014849,1.012680,0.486804,,,,,,,,GLOBAL_BASELINE_NO_ENTITY_RANKING,,,NOT_APPLICABLE_GLOBAL_BASELINE,HF9g-P5,,,,X 全窗基线 · 不参与实体赏罚,15050784,1506,A168_HF9F_20260827_0900,2026-08-27 09:00:00
2026-06-08,74657362,1952,0,42.6039536469,42.6039536469,42.6039536469,1.0000000,1,1,0.49324550000000000,0.493245500000,1.01360149184955,1.01360149184955,1.01360149184955,0E-17,ELIGIBLE,R03b_20260811_FULL_v1,L1_ELIGIBILITY,v2026-08-11,2026-03-21..2026-08-06,baccarat_bet02_101_all_pairs_incl_sentinel,round_win = game_pnl > 0 (decisive only),COMPATIBILITY_ONLY_NOT_PRODUCTION,234885.8996,214754.2105,9869.7735,3689,3015,-0.04201944,-0.00608590,-0.04816467,-0.04201944,-9869.7735,234885.8996,OK,0.0000,394.7909,4.0000,96.0000,AG03-UNRESOLVED,ALL5_LEVELS_bet23_to_bet27,394.7909,394.7909,394.7909,394.7909,394.7909,4.000000,4.000000,4.000000,4.000000,4.000000,96.000000,96.000000,96.000000,96.000000,96.000000,5.0,1973.9547,1822.2297,7895.8188,8047.5438,PENDING_AG03,FALSE,NOT_FOR_ENFORCEMENT,9474.9825,206164.0421,9869.7735,9474.9825,394.7909,0.04201944,0.04033866,394.7909,9474.9825,0.04033866,394.7909,394.7909,394.7909,394.7909,394.7909,9474.9825,0.04033866,1973.9547,1822.2297,7895.8188,8047.5438,0.03361555,0.0342615,0.00168078,63.6720,71.2286,3.2736,143.0402,5.0692,3404.1435,43.6957,64.4793,63.5359,42.5677,43.0663,85.2079,124.7713,127.8119,154.8004,42.604,-41.336,2.967791,3.594466,1.478463,30,203,130,8,0.14604117,0.04201944,0.00608590,0E-8,0.000000,0.914292,0.640282,0.04207877,2026-03-23,2026-08-04,69,1947,1162,135,0.511111,1.014849,1.012680,0.486804,,,,,,,,GLOBAL_BASELINE_NO_ENTITY_RANKING,,,NOT_APPLICABLE_GLOBAL_BASELINE,HF9g-P5,,,,X 全窗基线 · 不参与实体赏罚,15050785,1506,A168_HF9F_20260827_0900,2026-08-27 09:00:00
2026-06-08,74657362,1957,0,511.2474437628,-255.6237218814,-255.6237218814,0.3333333,5,3,0.42666741666666667,0.351152533333,-0.32685327633233235,-0.06465909475057204,-0.32685327633233235,0.07551488333366667,ELIGIBLE,R03b_20260811_FULL_v1,L1_ELIGIBILITY,v2026-08-11,2026-03-21..2026-08-06,baccarat_bet02_101_all_pairs_incl_sentinel,round_win = game_pnl > 0 (decisive only),COMPATIBILITY_ONLY_NOT_PRODUCTION,234885.8996,214754.2105,9869.7735,3689,3015,-0.04201944,-0.00608590,-0.04816467,-0.04201944,-9869.7735,234885.8996,OK,0.0000,394.7909,4.0000,96.0000,AG03-UNRESOLVED,ALL5_LEVELS_bet23_to_bet27,394.7909,394.7909,394.7909,394.7909,394.7909,4.000000,4.000000,4.000000,4.000000,4.000000,96.000000,96.000000,96.000000,96.000000,96.000000,5.0,1973.9547,1822.2297,7895.8188,8047.5438,PENDING_AG03,FALSE,NOT_FOR_ENFORCEMENT,9474.9825,206164.0421,9869.7735,9474.9825,394.7909,0.04201944,0.04033866,394.7909,9474.9825,0.04033866,394.7909,394.7909,394.7909,394.7909,394.7909,9474.9825,0.04033866,1973.9547,1822.2297,7895.8188,8047.5438,0.03361555,0.0342615,0.00168078,63.6720,71.2286,3.2736,143.0402,5.0692,3404.1435,43.6957,64.4793,63.5359,42.5677,43.0663,85.2079,124.7713,127.8119,154.8004,42.604,-41.336,2.967791,3.594466,1.478463,30,203,130,8,0.14604117,0.04201944,0.00608590,0E-8,0.000000,0.914292,0.640282,0.04207877,2026-03-23,2026-08-04,69,1947,1162,135,0.511111,1.014849,1.012680,0.486804,,,,,,,,GLOBAL_BASELINE_NO_ENTITY_RANKING,,,NOT_APPLICABLE_GLOBAL_BASELINE,HF9g-P5,,,,X 全窗基线 · 不参与实体赏罚,15050786,1506,A168_HF9F_20260827_0900,2026-08-27 09:00:00
2026-06-08,74657362,1990,0,835.0374914793,-255.6237218815,-255.6237218815,0.2000000,11,5,0.23500648249998232,0.165635444000,-0.18461401949065384,0.20670033366950313,-0.18461401949065384,0.06937103849998232,ELIGIBLE,R03b_20260811_FULL_v1,L1_ELIGIBILITY,v2026-08-11,2026-03-21..2026-08-06,baccarat_bet02_101_all_pairs_incl_sentinel,round_win = game_pnl > 0 (decisive only),COMPATIBILITY_ONLY_NOT_PRODUCTION,234885.8996,214754.2105,9869.7735,3689,3015,-0.04201944,-0.00608590,-0.04816467,-0.04201944,-9869.7735,234885.8996,OK,0.0000,394.7909,4.0000,96.0000,AG03-UNRESOLVED,ALL5_LEVELS_bet23_to_bet27,394.7909,394.7909,394.7909,394.7909,394.7909,4.000000,4.000000,4.000000,4.000000,4.000000,96.000000,96.000000,96.000000,96.000000,96.000000,5.0,1973.9547,1822.2297,7895.8188,8047.5438,PENDING_AG03,FALSE,NOT_FOR_ENFORCEMENT,9474.9825,206164.0421,9869.7735,9474.9825,394.7909,0.04201944,0.04033866,394.7909,9474.9825,0.04033866,394.7909,394.7909,394.7909,394.7909,394.7909,9474.9825,0.04033866,1973.9547,1822.2297,7895.8188,8047.5438,0.03361555,0.0342615,0.00168078,63.6720,71.2286,3.2736,143.0402,5.0692,3404.1435,43.6957,64.4793,63.5359,42.5677,43.0663,85.2079,124.7713,127.8119,154.8004,42.604,-41.336,2.967791,3.594466,1.478463,30,203,130,8,0.14604117,0.04201944,0.00608590,0E-8,0.000000,0.914292,0.640282,0.04207877,2026-03-23,2026-08-04,69,1947,1162,135,0.511111,1.014849,1.012680,0.486804,,,,,,,,GLOBAL_BASELINE_NO_ENTITY_RANKING,,,NOT_APPLICABLE_GLOBAL_BASELINE,HF9g-P5,,,,X 全窗基线 · 不参与实体赏罚,15050787,1506,A168_HF9F_20260827_0900,2026-08-27 09:00:00
2026-06-08,74657362,2066,0,42.6039536469,0E-10,0E-10,,1,1,0.50665070000000000,0.506650700000,,,,0E-17,NO_DECISIVE_ROUND,R03b_20260811_FULL_v1,L1_ELIGIBILITY,v2026-08-11,2026-03-21..2026-08-06,baccarat_bet02_101_all_pairs_incl_sentinel,round_win = game_pnl > 0 (decisive only),COMPATIBILITY_ONLY_NOT_PRODUCTION,234885.8996,214754.2105,9869.7735,3689,3015,-0.04201944,-0.00608590,-0.04816467,-0.04201944,-9869.7735,234885.8996,OK,0.0000,394.7909,4.0000,96.0000,AG03-UNRESOLVED,ALL5_LEVELS_bet23_to_bet27,394.7909,394.7909,394.7909,394.7909,394.7909,4.000000,4.000000,4.000000,4.000000,4.000000,96.000000,96.000000,96.000000,96.000000,96.000000,5.0,1973.9547,1822.2297,7895.8188,8047.5438,PENDING_AG03,FALSE,NOT_FOR_ENFORCEMENT,9474.9825,206164.0421,9869.7735,9474.9825,394.7909,0.04201944,0.04033866,394.7909,9474.9825,0.04033866,394.7909,394.7909,394.7909,394.7909,394.7909,9474.9825,0.04033866,1973.9547,1822.2297,7895.8188,8047.5438,0.03361555,0.0342615,0.00168078,63.6720,71.2286,3.2736,143.0402,5.0692,3404.1435,43.6957,64.4793,63.5359,42.5677,43.0663,85.2079,124.7713,127.8119,154.8004,42.604,-41.336,2.967791,3.594466,1.478463,30,203,130,8,0.14604117,0.04201944,0.00608590,0E-8,0.000000,0.914292,0.640282,0.04207877,2026-03-23,2026-08-04,69,1947,1162,135,0.511111,1.014849,1.012680,0.486804,,,,,,,,GLOBAL_BASELINE_NO_ENTITY_RANKING,,,NOT_APPLICABLE_GLOBAL_BASELINE,HF9g-P5,,,,X 全窗基线 · 不参与实体赏罚,15050788,1506,A168_HF9F_20260827_0900,2026-08-27 09:00:00
2026-06-08,74657362,2088,0,213.0197682345,85.2079072938,85.2079072938,1.0000000,3,2,0.45001453750000000,0.393378375000,1.105509129052271,1.2418058546638626,1.105509129052271,0.05663616250000000,ELIGIBLE,R03b_20260811_FULL_v1,L1_ELIGIBILITY,v2026-08-11,2026-03-21..2026-08-06,baccarat_bet02_101_all_pairs_incl_sentinel,round_win = game_pnl > 0 (decisive only),COMPATIBILITY_ONLY_NOT_PRODUCTION,234885.8996,214754.2105,9869.7735,3689,3015,-0.04201944,-0.00608590,-0.04816467,-0.04201944,-9869.7735,234885.8996,OK,0.0000,394.7909,4.0000,96.0000,AG03-UNRESOLVED,ALL5_LEVELS_bet23_to_bet27,394.7909,394.7909,394.7909,394.7909,394.7909,4.000000,4.000000,4.000000,4.000000,4.000000,96.000000,96.000000,96.000000,96.000000,96.000000,5.0,1973.9547,1822.2297,7895.8188,8047.5438,PENDING_AG03,FALSE,NOT_FOR_ENFORCEMENT,9474.9825,206164.0421,9869.7735,9474.9825,394.7909,0.04201944,0.04033866,394.7909,9474.9825,0.04033866,394.7909,394.7909,394.7909,394.7909,394.7909,9474.9825,0.04033866,1973.9547,1822.2297,7895.8188,8047.5438,0.03361555,0.0342615,0.00168078,63.6720,71.2286,3.2736,143.0402,5.0692,3404.1435,43.6957,64.4793,63.5359,42.5677,43.0663,85.2079,124.7713,127.8119,154.8004,42.604,-41.336,2.967791,3.594466,1.478463,30,203,130,8,0.14604117,0.04201944,0.00608590,0E-8,0.000000,0.914292,0.640282,0.04207877,2026-03-23,2026-08-04,69,1947,1162,135,0.511111,1.014849,1.012680,0.486804,,,,,,,,GLOBAL_BASELINE_NO_ENTITY_RANKING,,,NOT_APPLICABLE_GLOBAL_BASELINE,HF9g-P5,,,,X 全窗基线 · 不参与实体赏罚,15050789,1506,A168_HF9F_20260827_0900,2026-08-27 09:00:00
2026-06-08,74657362,2093,0,42.6039536469,42.6039536469,42.6039536469,1.0000000,1,1,0.49324550000000000,0.493245500000,1.01360149184955,1.01360149184955,1.01360149184955,0E-17,ELIGIBLE,R03b_20260811_FULL_v1,L1_ELIGIBILITY,v2026-08-11,2026-03-21..2026-08-06,baccarat_bet02_101_all_pairs_incl_sentinel,round_win = game_pnl > 0 (decisive only),COMPATIBILITY_ONLY_NOT_PRODUCTION,234885.8996,214754.2105,9869.7735,3689,3015,-0.04201944,-0.00608590,-0.04816467,-0.04201944,-9869.7735,234885.8996,OK,0.0000,394.7909,4.0000,96.0000,AG03-UNRESOLVED,ALL5_LEVELS_bet23_to_bet27,394.7909,394.7909,394.7909,394.7909,394.7909,4.000000,4.000000,4.000000,4.000000,4.000000,96.000000,96.000000,96.000000,96.000000,96.000000,5.0,1973.9547,1822.2297,7895.8188,8047.5438,PENDING_AG03,FALSE,NOT_FOR_ENFORCEMENT,9474.9825,206164.0421,9869.7735,9474.9825,394.7909,0.04201944,0.04033866,394.7909,9474.9825,0.04033866,394.7909,394.7909,394.7909,394.7909,394.7909,9474.9825,0.04033866,1973.9547,1822.2297,7895.8188,8047.5438,0.03361555,0.0342615,0.00168078,63.6720,71.2286,3.2736,143.0402,5.0692,3404.1435,43.6957,64.4793,63.5359,42.5677,43.0663,85.2079,124.7713,127.8119,154.8004,42.604,-41.336,2.967791,3.594466,1.478463,30,203,130,8,0.14604117,0.04201944,0.00608590,0E-8,0.000000,0.914292,0.640282,0.04207877,2026-03-23,2026-08-04,69,1947,1162,135,0.511111,1.014849,1.012680,0.486804,,,,,,,,GLOBAL_BASELINE_NO_ENTITY_RANKING,,,NOT_APPLICABLE_GLOBAL_BASELINE,HF9g-P5,,,,X 全窗基线 · 不参与实体赏罚,15050790,1506,A168_HF9F_20260827_0900,2026-08-27 09:00:00
2026-06-08,74657362,2106,0,340.8316291752,-85.2079072938,-85.2079072938,0.5000000,4,2,0.39337837500000000,0.280106050000,0.3086711997975373,0.6925207201862208,0.3086711997975373,0.11327232500000000,ELIGIBLE,R03b_20260811_FULL_v1,L1_ELIGIBILITY,v2026-08-11,2026-03-21..2026-08-06,baccarat_bet02_101_all_pairs_incl_sentinel,round_win = game_pnl > 0 (decisive only),COMPATIBILITY_ONLY_NOT_PRODUCTION,234885.8996,214754.2105,9869.7735,3689,3015,-0.04201944,-0.00608590,-0.04816467,-0.04201944,-9869.7735,234885.8996,OK,0.0000,394.7909,4.0000,96.0000,AG03-UNRESOLVED,ALL5_LEVELS_bet23_to_bet27,394.7909,394.7909,394.7909,394.7909,394.7909,4.000000,4.000000,4.000000,4.000000,4.000000,96.000000,96.000000,96.000000,96.000000,96.000000,5.0,1973.9547,1822.2297,7895.8188,8047.5438,PENDING_AG03,FALSE,NOT_FOR_ENFORCEMENT,9474.9825,206164.0421,9869.7735,9474.9825,394.7909,0.04201944,0.04033866,394.7909,9474.9825,0.04033866,394.7909,394.7909,394.7909,394.7909,394.7909,9474.9825,0.04033866,1973.9547,1822.2297,7895.8188,8047.5438,0.03361555,0.0342615,0.00168078,63.6720,71.2286,3.2736,143.0402,5.0692,3404.1435,43.6957,64.4793,63.5359,42.5677,43.0663,85.2079,124.7713,127.8119,154.8004,42.604,-41.336,2.967791,3.594466,1.478463,30,203,130,8,0.14604117,0.04201944,0.00608590,0E-8,0.000000,0.914292,0.640282,0.04207877,2026-03-23,2026-08-04,69,1947,1162,135,0.511111,1.014849,1.012680,0.486804,,,,,,,,GLOBAL_BASELINE_NO_ENTITY_RANKING,,,NOT_APPLICABLE_GLOBAL_BASELINE,HF9g-P5,,,,X 全窗基线 · 不参与实体赏罚,15050791,1506,A168_HF9F_20260827_0900,2026-08-27 09:00:00
2026-06-08,74657362,2108,0,1022.4948875256,681.6632583504,681.6632583504,0.9000000,12,12,0.49436260000000000,0.494362600000,2.5656392549418587,2.5656392549418587,2.5656392549418587,0E-17,ELIGIBLE,R03b_20260811_FULL_v1,L1_ELIGIBILITY,v2026-08-11,2026-03-21..2026-08-06,baccarat_bet02_101_all_pairs_incl_sentinel,round_win = game_pnl > 0 (decisive only),COMPATIBILITY_ONLY_NOT_PRODUCTION,234885.8996,214754.2105,9869.7735,3689,3015,-0.04201944,-0.00608590,-0.04816467,-0.04201944,-9869.7735,234885.8996,OK,0.0000,394.7909,4.0000,96.0000,AG03-UNRESOLVED,ALL5_LEVELS_bet23_to_bet27,394.7909,394.7909,394.7909,394.7909,394.7909,4.000000,4.000000,4.000000,4.000000,4.000000,96.000000,96.000000,96.000000,96.000000,96.000000,5.0,1973.9547,1822.2297,7895.8188,8047.5438,PENDING_AG03,FALSE,NOT_FOR_ENFORCEMENT,9474.9825,206164.0421,9869.7735,9474.9825,394.7909,0.04201944,0.04033866,394.7909,9474.9825,0.04033866,394.7909,394.7909,394.7909,394.7909,394.7909,9474.9825,0.04033866,1973.9547,1822.2297,7895.8188,8047.5438,0.03361555,0.0342615,0.00168078,63.6720,71.2286,3.2736,143.0402,5.0692,3404.1435,43.6957,64.4793,63.5359,42.5677,43.0663,85.2079,124.7713,127.8119,154.8004,42.604,-41.336,2.967791,3.594466,1.478463,30,203,130,8,0.14604117,0.04201944,0.00608590,0E-8,0.000000,0.914292,0.640282,0.04207877,2026-03-23,2026-08-04,69,1947,1162,135,0.511111,1.014849,1.012680,0.486804,,,,,,,,GLOBAL_BASELINE_NO_ENTITY_RANKING,,,NOT_APPLICABLE_GLOBAL_BASELINE,HF9g-P5,,,,X 全窗基线 · 不参与实体赏罚,15050792,1506,A168_HF9F_20260827_0900,2026-08-27 09:00:00
2026-06-08,74657362,2127,0,42.6039536469,-42.6039536469,-42.6039536469,0E-7,1,1,0.49324550000000000,0.493245500000,-0.9865810262130424,-0.9865810262130424,-0.9865810262130424,0E-17,ELIGIBLE,R03b_20260811_FULL_v1,L1_ELIGIBILITY,v2026-08-11,2026-03-21..2026-08-06,baccarat_bet02_101_all_pairs_incl_sentinel,round_win = game_pnl > 0 (decisive only),COMPATIBILITY_ONLY_NOT_PRODUCTION,234885.8996,214754.2105,9869.7735,3689,3015,-0.04201944,-0.00608590,-0.04816467,-0.04201944,-9869.7735,234885.8996,OK,0.0000,394.7909,4.0000,96.0000,AG03-UNRESOLVED,ALL5_LEVELS_bet23_to_bet27,394.7909,394.7909,394.7909,394.7909,394.7909,4.000000,4.000000,4.000000,4.000000,4.000000,96.000000,96.000000,96.000000,96.000000,96.000000,5.0,1973.9547,1822.2297,7895.8188,8047.5438,PENDING_AG03,FALSE,NOT_FOR_ENFORCEMENT,9474.9825,206164.0421,9869.7735,9474.9825,394.7909,0.04201944,0.04033866,394.7909,9474.9825,0.04033866,394.7909,394.7909,394.7909,394.7909,394.7909,9474.9825,0.04033866,1973.9547,1822.2297,7895.8188,8047.5438,0.03361555,0.0342615,0.00168078,63.6720,71.2286,3.2736,143.0402,5.0692,3404.1435,43.6957,64.4793,63.5359,42.5677,43.0663,85.2079,124.7713,127.8119,154.8004,42.604,-41.336,2.967791,3.594466,1.478463,30,203,130,8,0.14604117,0.04201944,0.00608590,0E-8,0.000000,0.914292,0.640282,0.04207877,2026-03-23,2026-08-04,69,1947,1162,135,0.511111,1.014849,1.012680,0.486804,,,,,,,,GLOBAL_BASELINE_NO_ENTITY_RANKING,,,NOT_APPLICABLE_GLOBAL_BASELINE,HF9g-P5,,,,X 全窗基线 · 不参与实体赏罚,15050793,1506,A168_HF9F_20260827_0900,2026-08-27 09:00:00
2026-06-08,74657362,2130,0,170.4158145876,0E-10,0E-10,0.5000000,2,2,0.49324550000000000,0.493245500000,0.01910635448239258,0.01910635448239258,0.01910635448239258,0E-17,ELIGIBLE,R03b_20260811_FULL_v1,L1_ELIGIBILITY,v2026-08-11,2026-03-21..2026-08-06,baccarat_bet02_101_all_pairs_incl_sentinel,round_win = game_pnl > 0 (decisive only),COMPATIBILITY_ONLY_NOT_PRODUCTION,234885.8996,214754.2105,9869.7735,3689,3015,-0.04201944,-0.00608590,-0.04816467,-0.04201944,-9869.7735,234885.8996,OK,0.0000,394.7909,4.0000,96.0000,AG03-UNRESOLVED,ALL5_LEVELS_bet23_to_bet27,394.7909,394.7909,394.7909,394.7909,394.7909,4.000000,4.000000,4.000000,4.000000,4.000000,96.000000,96.000000,96.000000,96.000000,96.000000,5.0,1973.9547,1822.2297,7895.8188,8047.5438,PENDING_AG03,FALSE,NOT_FOR_ENFORCEMENT,9474.9825,206164.0421,9869.7735,9474.9825,394.7909,0.04201944,0.04033866,394.7909,9474.9825,0.04033866,394.7909,394.7909,394.7909,394.7909,394.7909,9474.9825,0.04033866,1973.9547,1822.2297,7895.8188,8047.5438,0.03361555,0.0342615,0.00168078,63.6720,71.2286,3.2736,143.0402,5.0692,3404.1435,43.6957,64.4793,63.5359,42.5677,43.0663,85.2079,124.7713,127.8119,154.8004,42.604,-41.336,2.967791,3.594466,1.478463,30,203,130,8,0.14604117,0.04201944,0.00608590,0E-8,0.000000,0.914292,0.640282,0.04207877,2026-03-23,2026-08-04,69,1947,1162,135,0.511111,1.014849,1.012680,0.486804,,,,,,,,GLOBAL_BASELINE_NO_ENTITY_RANKING,,,NOT_APPLICABLE_GLOBAL_BASELINE,HF9g-P5,,,,X 全窗基线 · 不参与实体赏罚,15050794,1506,A168_HF9F_20260827_0900,2026-08-27 09:00:00
2026-06-08,74657362,2142,0,170.4158145876,-170.4158145876,-170.4158145876,0E-7,2,1,0.39337837500000000,0.280106050000,-0.8052788575962098,-0.6237735893609975,-0.8052788575962098,0.11327232500000000,ELIGIBLE,R03b_20260811_FULL_v1,L1_ELIGIBILITY,v2026-08-11,2026-03-21..2026-08-06,baccarat_bet02_101_all_pairs_incl_sentinel,round_win = game_pnl > 0 (decisive only),COMPATIBILITY_ONLY_NOT_PRODUCTION,234885.8996,214754.2105,9869.7735,3689,3015,-0.04201944,-0.00608590,-0.04816467,-0.04201944,-9869.7735,234885.8996,OK,0.0000,394.7909,4.0000,96.0000,AG03-UNRESOLVED,ALL5_LEVELS_bet23_to_bet27,394.7909,394.7909,394.7909,394.7909,394.7909,4.000000,4.000000,4.000000,4.000000,4.000000,96.000000,96.000000,96.000000,96.000000,96.000000,5.0,1973.9547,1822.2297,7895.8188,8047.5438,PENDING_AG03,FALSE,NOT_FOR_ENFORCEMENT,9474.9825,206164.0421,9869.7735,9474.9825,394.7909,0.04201944,0.04033866,394.7909,9474.9825,0.04033866,394.7909,394.7909,394.7909,394.7909,394.7909,9474.9825,0.04033866,1973.9547,1822.2297,7895.8188,8047.5438,0.03361555,0.0342615,0.00168078,63.6720,71.2286,3.2736,143.0402,5.0692,3404.1435,43.6957,64.4793,63.5359,42.5677,43.0663,85.2079,124.7713,127.8119,154.8004,42.604,-41.336,2.967791,3.594466,1.478463,30,203,130,8,0.14604117,0.04201944,0.00608590,0E-8,0.000000,0.914292,0.640282,0.04207877,2026-03-23,2026-08-04,69,1947,1162,135,0.511111,1.014849,1.012680,0.486804,,,,,,,,GLOBAL_BASELINE_NO_ENTITY_RANKING,,,NOT_APPLICABLE_GLOBAL_BASELINE,HF9g-P5,,,,X 全窗基线 · 不参与实体赏罚,15050795,1506,A168_HF9F_20260827_0900,2026-08-27 09:00:00
2026-06-08,74657362,2147,0,170.4158145876,85.2079072938,85.2079072938,1.0000000,2,1,0.39337837500000000,0.280106050000,1.2418058546638626,1.6031457840727341,1.2418058546638626,0.11327232500000000,ELIGIBLE,R03b_20260811_FULL_v1,L1_ELIGIBILITY,v2026-08-11,2026-03-21..2026-08-06,baccarat_bet02_101_all_pairs_incl_sentinel,round_win = game_pnl > 0 (decisive only),COMPATIBILITY_ONLY_NOT_PRODUCTION,234885.8996,214754.2105,9869.7735,3689,3015,-0.04201944,-0.00608590,-0.04816467,-0.04201944,-9869.7735,234885.8996,OK,0.0000,394.7909,4.0000,96.0000,AG03-UNRESOLVED,ALL5_LEVELS_bet23_to_bet27,394.7909,394.7909,394.7909,394.7909,394.7909,4.000000,4.000000,4.000000,4.000000,4.000000,96.000000,96.000000,96.000000,96.000000,96.000000,5.0,1973.9547,1822.2297,7895.8188,8047.5438,PENDING_AG03,FALSE,NOT_FOR_ENFORCEMENT,9474.9825,206164.0421,9869.7735,9474.9825,394.7909,0.04201944,0.04033866,394.7909,9474.9825,0.04033866,394.7909,394.7909,394.7909,394.7909,394.7909,9474.9825,0.04033866,1973.9547,1822.2297,7895.8188,8047.5438,0.03361555,0.0342615,0.00168078,63.6720,71.2286,3.2736,143.0402,5.0692,3404.1435,43.6957,64.4793,63.5359,42.5677,43.0663,85.2079,124.7713,127.8119,154.8004,42.604,-41.336,2.967791,3.594466,1.478463,30,203,130,8,0.14604117,0.04201944,0.00608590,0E-8,0.000000,0.914292,0.640282,0.04207877,2026-03-23,2026-08-04,69,1947,1162,135,0.511111,1.014849,1.012680,0.486804,,,,,,,,GLOBAL_BASELINE_NO_ENTITY_RANKING,,,NOT_APPLICABLE_GLOBAL_BASELINE,HF9g-P5,,,,X 全窗基线 · 不参与实体赏罚,15050796,1506,A168_HF9F_20260827_0900,2026-08-27 09:00:00
2026-06-08,74657362,2156,0,170.4158145876,-170.4158145876,-170.4158145876,0E-7,2,1,0.39337837500000000,0.280106050000,-0.8052788575962098,-0.6237735893609975,-0.8052788575962098,0.11327232500000000,ELIGIBLE,R03b_20260811_FULL_v1,L1_ELIGIBILITY,v2026-08-11,2026-03-21..2026-08-06,baccarat_bet02_101_all_pairs_incl_sentinel,round_win = game_pnl > 0 (decisive only),COMPATIBILITY_ONLY_NOT_PRODUCTION,234885.8996,214754.2105,9869.7735,3689,3015,-0.04201944,-0.00608590,-0.04816467,-0.04201944,-9869.7735,234885.8996,OK,0.0000,394.7909,4.0000,96.0000,AG03-UNRESOLVED,ALL5_LEVELS_bet23_to_bet27,394.7909,394.7909,394.7909,394.7909,394.7909,4.000000,4.000000,4.000000,4.000000,4.000000,96.000000,96.000000,96.000000,96.000000,96.000000,5.0,1973.9547,1822.2297,7895.8188,8047.5438,PENDING_AG03,FALSE,NOT_FOR_ENFORCEMENT,9474.9825,206164.0421,9869.7735,9474.9825,394.7909,0.04201944,0.04033866,394.7909,9474.9825,0.04033866,394.7909,394.7909,394.7909,394.7909,394.7909,9474.9825,0.04033866,1973.9547,1822.2297,7895.8188,8047.5438,0.03361555,0.0342615,0.00168078,63.6720,71.2286,3.2736,143.0402,5.0692,3404.1435,43.6957,64.4793,63.5359,42.5677,43.0663,85.2079,124.7713,127.8119,154.8004,42.604,-41.336,2.967791,3.594466,1.478463,30,203,130,8,0.14604117,0.04201944,0.00608590,0E-8,0.000000,0.914292,0.640282,0.04207877,2026-03-23,2026-08-04,69,1947,1162,135,0.511111,1.014849,1.012680,0.486804,,,,,,,,GLOBAL_BASELINE_NO_ENTITY_RANKING,,,NOT_APPLICABLE_GLOBAL_BASELINE,HF9g-P5,,,,X 全窗基线 · 不参与实体赏罚,15050797,1506,A168_HF9F_20260827_0900,2026-08-27 09:00:00
2026-06-08,74657362,2171,0,511.2474437628,745.5691888207,745.5691888207,1.0000000,6,3,0.39337837500000000,0.280106050000,2.1508708334143027,2.7767299499538205,2.1508708334143027,0.11327232500000000,ELIGIBLE,R03b_20260811_FULL_v1,L1_ELIGIBILITY,v2026-08-11,2026-03-21..2026-08-06,baccarat_bet02_101_all_pairs_incl_sentinel,round_win = game_pnl > 0 (decisive only),COMPATIBILITY_ONLY_NOT_PRODUCTION,234885.8996,214754.2105,9869.7735,3689,3015,-0.04201944,-0.00608590,-0.04816467,-0.04201944,-9869.7735,234885.8996,OK,0.0000,394.7909,4.0000,96.0000,AG03-UNRESOLVED,ALL5_LEVELS_bet23_to_bet27,394.7909,394.7909,394.7909,394.7909,394.7909,4.000000,4.000000,4.000000,4.000000,4.000000,96.000000,96.000000,96.000000,96.000000,96.000000,5.0,1973.9547,1822.2297,7895.8188,8047.5438,PENDING_AG03,FALSE,NOT_FOR_ENFORCEMENT,9474.9825,206164.0421,9869.7735,9474.9825,394.7909,0.04201944,0.04033866,394.7909,9474.9825,0.04033866,394.7909,394.7909,394.7909,394.7909,394.7909,9474.9825,0.04033866,1973.9547,1822.2297,7895.8188,8047.5438,0.03361555,0.0342615,0.00168078,63.6720,71.2286,3.2736,143.0402,5.0692,3404.1435,43.6957,64.4793,63.5359,42.5677,43.0663,85.2079,124.7713,127.8119,154.8004,42.604,-41.336,2.967791,3.594466,1.478463,30,203,130,8,0.14604117,0.04201944,0.00608590,0E-8,0.000000,0.914292,0.640282,0.04207877,2026-03-23,2026-08-04,69,1947,1162,135,0.511111,1.014849,1.012680,0.486804,,,,,,,,GLOBAL_BASELINE_NO_ENTITY_RANKING,,,NOT_APPLICABLE_GLOBAL_BASELINE,HF9g-P5,,,,X 全窗基线 · 不参与实体赏罚,15050798,1506,A168_HF9F_20260827_0900,2026-08-27 09:00:00
2026-06-08,74657362,2188,0,724.2672119973,-255.6237218814,-255.6237218814,0.2500000,11,4,0.35260306643906742,0.237313783333,-0.42949881972347026,0.05963863428547266,-0.42949881972347026,0.11528928310606742,ELIGIBLE,R03b_20260811_FULL_v1,L1_ELIGIBILITY,v2026-08-11,2026-03-21..2026-08-06,baccarat_bet02_101_all_pairs_incl_sentinel,round_win = game_pnl > 0 (decisive only),COMPATIBILITY_ONLY_NOT_PRODUCTION,234885.8996,214754.2105,9869.7735,3689,3015,-0.04201944,-0.00608590,-0.04816467,-0.04201944,-9869.7735,234885.8996,OK,0.0000,394.7909,4.0000,96.0000,AG03-UNRESOLVED,ALL5_LEVELS_bet23_to_bet27,394.7909,394.7909,394.7909,394.7909,394.7909,4.000000,4.000000,4.000000,4.000000,4.000000,96.000000,96.000000,96.000000,96.000000,96.000000,5.0,1973.9547,1822.2297,7895.8188,8047.5438,PENDING_AG03,FALSE,NOT_FOR_ENFORCEMENT,9474.9825,206164.0421,9869.7735,9474.9825,394.7909,0.04201944,0.04033866,394.7909,9474.9825,0.04033866,394.7909,394.7909,394.7909,394.7909,394.7909,9474.9825,0.04033866,1973.9547,1822.2297,7895.8188,8047.5438,0.03361555,0.0342615,0.00168078,63.6720,71.2286,3.2736,143.0402,5.0692,3404.1435,43.6957,64.4793,63.5359,42.5677,43.0663,85.2079,124.7713,127.8119,154.8004,42.604,-41.336,2.967791,3.594466,1.478463,30,203,130,8,0.14604117,0.04201944,0.00608590,0E-8,0.000000,0.914292,0.640282,0.04207877,2026-03-23,2026-08-04,69,1947,1162,135,0.511111,1.014849,1.012680,0.486804,,,,,,,,GLOBAL_BASELINE_NO_ENTITY_RANKING,,,NOT_APPLICABLE_GLOBAL_BASELINE,HF9g-P5,,,,X 全窗基线 · 不参与实体赏罚,15050799,1506,A168_HF9F_20260827_0900,2026-08-27 09:00:00
2026-06-08,74657362,2205,0,63.0538513975,-20.4498977506,-20.4498977506,0E-7,3,1,0.35634276486443364,0.197889300000,-0.7440577506851546,-0.4966998184331015,-0.7440577506851546,0.15845346486443364,ELIGIBLE,R03b_20260811_FULL_v1,L1_ELIGIBILITY,v2026-08-11,2026-03-21..2026-08-06,baccarat_bet02_101_all_pairs_incl_sentinel,round_win = game_pnl > 0 (decisive only),COMPATIBILITY_ONLY_NOT_PRODUCTION,234885.8996,214754.2105,9869.7735,3689,3015,-0.04201944,-0.00608590,-0.04816467,-0.04201944,-9869.7735,234885.8996,OK,0.0000,394.7909,4.0000,96.0000,AG03-UNRESOLVED,ALL5_LEVELS_bet23_to_bet27,394.7909,394.7909,394.7909,394.7909,394.7909,4.000000,4.000000,4.000000,4.000000,4.000000,96.000000,96.000000,96.000000,96.000000,96.000000,5.0,1973.9547,1822.2297,7895.8188,8047.5438,PENDING_AG03,FALSE,NOT_FOR_ENFORCEMENT,9474.9825,206164.0421,9869.7735,9474.9825,394.7909,0.04201944,0.04033866,394.7909,9474.9825,0.04033866,394.7909,394.7909,394.7909,394.7909,394.7909,9474.9825,0.04033866,1973.9547,1822.2297,7895.8188,8047.5438,0.03361555,0.0342615,0.00168078,63.6720,71.2286,3.2736,143.0402,5.0692,3404.1435,43.6957,64.4793,63.5359,42.5677,43.0663,85.2079,124.7713,127.8119,154.8004,42.604,-41.336,2.967791,3.594466,1.478463,30,203,130,8,0.14604117,0.04201944,0.00608590,0E-8,0.000000,0.914292,0.640282,0.04207877,2026-03-23,2026-08-04,69,1947,1162,135,0.511111,1.014849,1.012680,0.486804,,,,,,,,GLOBAL_BASELINE_NO_ENTITY_RANKING,,,NOT_APPLICABLE_GLOBAL_BASELINE,HF9g-P5,,,,X 全窗基线 · 不参与实体赏罚,15050800,1506,A168_HF9F_20260827_0900,2026-08-27 09:00:00
2026-06-08,74657362,2220,0,42.6039536469,-42.6039536469,-42.6039536469,0E-7,1,1,0.49324550000000000,0.493245500000,-0.9865810262130424,-0.9865810262130424,-0.9865810262130424,0E-17,ELIGIBLE,R03b_20260811_FULL_v1,L1_ELIGIBILITY,v2026-08-11,2026-03-21..2026-08-06,baccarat_bet02_101_all_pairs_incl_sentinel,round_win = game_pnl > 0 (decisive only),COMPATIBILITY_ONLY_NOT_PRODUCTION,234885.8996,214754.2105,9869.7735,3689,3015,-0.04201944,-0.00608590,-0.04816467,-0.04201944,-9869.7735,234885.8996,OK,0.0000,394.7909,4.0000,96.0000,AG03-UNRESOLVED,ALL5_LEVELS_bet23_to_bet27,394.7909,394.7909,394.7909,394.7909,394.7909,4.000000,4.000000,4.000000,4.000000,4.000000,96.000000,96.000000,96.000000,96.000000,96.000000,5.0,1973.9547,1822.2297,7895.8188,8047.5438,PENDING_AG03,FALSE,NOT_FOR_ENFORCEMENT,9474.9825,206164.0421,9869.7735,9474.9825,394.7909,0.04201944,0.04033866,394.7909,9474.9825,0.04033866,394.7909,394.7909,394.7909,394.7909,394.7909,9474.9825,0.04033866,1973.9547,1822.2297,7895.8188,8047.5438,0.03361555,0.0342615,0.00168078,63.6720,71.2286,3.2736,143.0402,5.0692,3404.1435,43.6957,64.4793,63.5359,42.5677,43.0663,85.2079,124.7713,127.8119,154.8004,42.604,-41.336,2.967791,3.594466,1.478463,30,203,130,8,0.14604117,0.04201944,0.00608590,0E-8,0.000000,0.914292,0.640282,0.04207877,2026-03-23,2026-08-04,69,1947,1162,135,0.511111,1.014849,1.012680,0.486804,,,,,,,,GLOBAL_BASELINE_NO_ENTITY_RANKING,,,NOT_APPLICABLE_GLOBAL_BASELINE,HF9g-P5,,,,X 全窗基线 · 不参与实体赏罚,15050801,1506,A168_HF9F_20260827_0900,2026-08-27 09:00:00
2026-06-08,74657362,2223,0,340.8316291752,170.4158145876,170.4158145876,1.0000000,4,2,0.39337837500000000,0.280106050000,1.756178681499947,2.2671905102969103,1.756178681499947,0.11327232500000000,ELIGIBLE,R03b_20260811_FULL_v1,L1_ELIGIBILITY,v2026-08-11,2026-03-21..2026-08-06,baccarat_bet02_101_all_pairs_incl_sentinel,round_win = game_pnl > 0 (decisive only),COMPATIBILITY_ONLY_NOT_PRODUCTION,234885.8996,214754.2105,9869.7735,3689,3015,-0.04201944,-0.00608590,-0.04816467,-0.04201944,-9869.7735,234885.8996,OK,0.0000,394.7909,4.0000,96.0000,AG03-UNRESOLVED,ALL5_LEVELS_bet23_to_bet27,394.7909,394.7909,394.7909,394.7909,394.7909,4.000000,4.000000,4.000000,4.000000,4.000000,96.000000,96.000000,96.000000,96.000000,96.000000,5.0,1973.9547,1822.2297,7895.8188,8047.5438,PENDING_AG03,FALSE,NOT_FOR_ENFORCEMENT,9474.9825,206164.0421,9869.7735,9474.9825,394.7909,0.04201944,0.04033866,394.7909,9474.9825,0.04033866,394.7909,394.7909,394.7909,394.7909,394.7909,9474.9825,0.04033866,1973.9547,1822.2297,7895.8188,8047.5438,0.03361555,0.0342615,0.00168078,63.6720,71.2286,3.2736,143.0402,5.0692,3404.1435,43.6957,64.4793,63.5359,42.5677,43.0663,85.2079,124.7713,127.8119,154.8004,42.604,-41.336,2.967791,3.594466,1.478463,30,203,130,8,0.14604117,0.04201944,0.00608590,0E-8,0.000000,0.914292,0.640282,0.04207877,2026-03-23,2026-08-04,69,1947,1162,135,0.511111,1.014849,1.012680,0.486804,,,,,,,,GLOBAL_BASELINE_NO_ENTITY_RANKING,,,NOT_APPLICABLE_GLOBAL_BASELINE,HF9g-P5,,,,X 全窗基线 · 不参与实体赏罚,15050802,1506,A168_HF9F_20260827_0900,2026-08-27 09:00:00
2026-06-08,74657362,2239,0,170.4158145876,85.2079072938,85.2079072938,1.0000000,2,1,0.39337837500000000,0.280106050000,1.2418058546638626,1.6031457840727341,1.2418058546638626,0.11327232500000000,ELIGIBLE,R03b_20260811_FULL_v1,L1_ELIGIBILITY,v2026-08-11,2026-03-21..2026-08-06,baccarat_bet02_101_all_pairs_incl_sentinel,round_win = game_pnl > 0 (decisive only),COMPATIBILITY_ONLY_NOT_PRODUCTION,234885.8996,214754.2105,9869.7735,3689,3015,-0.04201944,-0.00608590,-0.04816467,-0.04201944,-9869.7735,234885.8996,OK,0.0000,394.7909,4.0000,96.0000,AG03-UNRESOLVED,ALL5_LEVELS_bet23_to_bet27,394.7909,394.7909,394.7909,394.7909,394.7909,4.000000,4.000000,4.000000,4.000000,4.000000,96.000000,96.000000,96.000000,96.000000,96.000000,5.0,1973.9547,1822.2297,7895.8188,8047.5438,PENDING_AG03,FALSE,NOT_FOR_ENFORCEMENT,9474.9825,206164.0421,9869.7735,9474.9825,394.7909,0.04201944,0.04033866,394.7909,9474.9825,0.04033866,394.7909,394.7909,394.7909,394.7909,394.7909,9474.9825,0.04033866,1973.9547,1822.2297,7895.8188,8047.5438,0.03361555,0.0342615,0.00168078,63.6720,71.2286,3.2736,143.0402,5.0692,3404.1435,43.6957,64.4793,63.5359,42.5677,43.0663,85.2079,124.7713,127.8119,154.8004,42.604,-41.336,2.967791,3.594466,1.478463,30,203,130,8,0.14604117,0.04201944,0.00608590,0E-8,0.000000,0.914292,0.640282,0.04207877,2026-03-23,2026-08-04,69,1947,1162,135,0.511111,1.014849,1.012680,0.486804,,,,,,,,GLOBAL_BASELINE_NO_ENTITY_RANKING,,,NOT_APPLICABLE_GLOBAL_BASELINE,HF9g-P5,,,,X 全窗基线 · 不参与实体赏罚,15050803,1506,A168_HF9F_20260827_0900,2026-08-27 09:00:00
2026-06-08,74657362,2252,0,170.4158145876,-170.4158145876,-170.4158145876,0E-7,2,2,0.50665070000000000,0.506650700000,-1.4331513700195317,-1.4331513700195317,-1.4331513700195317,0E-17,ELIGIBLE,R03b_20260811_FULL_v1,L1_ELIGIBILITY,v2026-08-11,2026-03-21..2026-08-06,baccarat_bet02_101_all_pairs_incl_sentinel,round_win = game_pnl > 0 (decisive only),COMPATIBILITY_ONLY_NOT_PRODUCTION,234885.8996,214754.2105,9869.7735,3689,3015,-0.04201944,-0.00608590,-0.04816467,-0.04201944,-9869.7735,234885.8996,OK,0.0000,394.7909,4.0000,96.0000,AG03-UNRESOLVED,ALL5_LEVELS_bet23_to_bet27,394.7909,394.7909,394.7909,394.7909,394.7909,4.000000,4.000000,4.000000,4.000000,4.000000,96.000000,96.000000,96.000000,96.000000,96.000000,5.0,1973.9547,1822.2297,7895.8188,8047.5438,PENDING_AG03,FALSE,NOT_FOR_ENFORCEMENT,9474.9825,206164.0421,9869.7735,9474.9825,394.7909,0.04201944,0.04033866,394.7909,9474.9825,0.04033866,394.7909,394.7909,394.7909,394.7909,394.7909,9474.9825,0.04033866,1973.9547,1822.2297,7895.8188,8047.5438,0.03361555,0.0342615,0.00168078,63.6720,71.2286,3.2736,143.0402,5.0692,3404.1435,43.6957,64.4793,63.5359,42.5677,43.0663,85.2079,124.7713,127.8119,154.8004,42.604,-41.336,2.967791,3.594466,1.478463,30,203,130,8,0.14604117,0.04201944,0.00608590,0E-8,0.000000,0.914292,0.640282,0.04207877,2026-03-23,2026-08-04,69,1947,1162,135,0.511111,1.014849,1.012680,0.486804,,,,,,,,GLOBAL_BASELINE_NO_ENTITY_RANKING,,,NOT_APPLICABLE_GLOBAL_BASELINE,HF9g-P5,,,,X 全窗基线 · 不参与实体赏罚,15050804,1506,A168_HF9F_20260827_0900,2026-08-27 09:00:00
2026-06-08,74657362,2280,0,85.2079072938,-85.2079072938,-85.2079072938,0E-7,1,1,0.49324550000000000,0.493245500000,-0.9865810262130424,-0.9865810262130424,-0.9865810262130424,0E-17,ELIGIBLE,R03b_20260811_FULL_v1,L1_ELIGIBILITY,v2026-08-11,2026-03-21..2026-08-06,baccarat_bet02_101_all_pairs_incl_sentinel,round_win = game_pnl > 0 (decisive only),COMPATIBILITY_ONLY_NOT_PRODUCTION,234885.8996,214754.2105,9869.7735,3689,3015,-0.04201944,-0.00608590,-0.04816467,-0.04201944,-9869.7735,234885.8996,OK,0.0000,394.7909,4.0000,96.0000,AG03-UNRESOLVED,ALL5_LEVELS_bet23_to_bet27,394.7909,394.7909,394.7909,394.7909,394.7909,4.000000,4.000000,4.000000,4.000000,4.000000,96.000000,96.000000,96.000000,96.000000,96.000000,5.0,1973.9547,1822.2297,7895.8188,8047.5438,PENDING_AG03,FALSE,NOT_FOR_ENFORCEMENT,9474.9825,206164.0421,9869.7735,9474.9825,394.7909,0.04201944,0.04033866,394.7909,9474.9825,0.04033866,394.7909,394.7909,394.7909,394.7909,394.7909,9474.9825,0.04033866,1973.9547,1822.2297,7895.8188,8047.5438,0.03361555,0.0342615,0.00168078,63.6720,71.2286,3.2736,143.0402,5.0692,3404.1435,43.6957,64.4793,63.5359,42.5677,43.0663,85.2079,124.7713,127.8119,154.8004,42.604,-41.336,2.967791,3.594466,1.478463,30,203,130,8,0.14604117,0.04201944,0.00608590,0E-8,0.000000,0.914292,0.640282,0.04207877,2026-03-23,2026-08-04,69,1947,1162,135,0.511111,1.014849,1.012680,0.486804,,,,,,,,GLOBAL_BASELINE_NO_ENTITY_RANKING,,,NOT_APPLICABLE_GLOBAL_BASELINE,HF9g-P5,,,,X 全窗基线 · 不参与实体赏罚,15050805,1506,A168_HF9F_20260827_0900,2026-08-27 09:00:00
2026-06-08,74657362,595,0,127.8118609407,42.6039536469,42.6039536469,0.6666667,3,3,0.49324550000000000,0.493245500000,0.6008033672792107,0.6008033672792106,0.6008033672792107,0E-17,ELIGIBLE,R03b_20260811_FULL_v1,L1_ELIGIBILITY,v2026-08-11,2026-03-21..2026-08-06,baccarat_bet02_101_all_pairs_incl_sentinel,round_win = game_pnl > 0 (decisive only),COMPATIBILITY_ONLY_NOT_PRODUCTION,234885.8996,214754.2105,9869.7735,3689,3015,-0.04201944,-0.00608590,-0.04816467,-0.04201944,-9869.7735,234885.8996,OK,0.0000,394.7909,4.0000,96.0000,AG03-UNRESOLVED,ALL5_LEVELS_bet23_to_bet27,394.7909,394.7909,394.7909,394.7909,394.7909,4.000000,4.000000,4.000000,4.000000,4.000000,96.000000,96.000000,96.000000,96.000000,96.000000,5.0,1973.9547,1822.2297,7895.8188,8047.5438,PENDING_AG03,FALSE,NOT_FOR_ENFORCEMENT,9474.9825,206164.0421,9869.7735,9474.9825,394.7909,0.04201944,0.04033866,394.7909,9474.9825,0.04033866,394.7909,394.7909,394.7909,394.7909,394.7909,9474.9825,0.04033866,1973.9547,1822.2297,7895.8188,8047.5438,0.03361555,0.0342615,0.00168078,63.6720,71.2286,3.2736,143.0402,5.0692,3404.1435,43.6957,64.4793,63.5359,42.5677,43.0663,85.2079,124.7713,127.8119,154.8004,42.604,-41.336,2.967791,3.594466,1.478463,30,203,130,8,0.14604117,0.04201944,0.00608590,0E-8,0.000000,0.914292,0.640282,0.04207877,2026-03-23,2026-08-04,69,1947,1162,135,0.511111,1.014849,1.012680,0.486804,,,,,,,,GLOBAL_BASELINE_NO_ENTITY_RANKING,,,NOT_APPLICABLE_GLOBAL_BASELINE,HF9g-P5,,,,X 全窗基线 · 不参与实体赏罚,15050806,1506,A168_HF9F_20260827_0900,2026-08-27 09:00:00
2026-06-08,74657362,970,0,170.4158145876,0E-10,0E-10,0.6666667,3,3,0.49324550000000000,0.493245500000,0.6008033672792107,0.6008033672792106,0.6008033672792107,0E-17,ELIGIBLE,R03b_20260811_FULL_v1,L1_ELIGIBILITY,v2026-08-11,2026-03-21..2026-08-06,baccarat_bet02_101_all_pairs_incl_sentinel,round_win = game_pnl > 0 (decisive only),COMPATIBILITY_ONLY_NOT_PRODUCTION,234885.8996,214754.2105,9869.7735,3689,3015,-0.04201944,-0.00608590,-0.04816467,-0.04201944,-9869.7735,234885.8996,OK,0.0000,394.7909,4.0000,96.0000,AG03-UNRESOLVED,ALL5_LEVELS_bet23_to_bet27,394.7909,394.7909,394.7909,394.7909,394.7909,4.000000,4.000000,4.000000,4.000000,4.000000,96.000000,96.000000,96.000000,96.000000,96.000000,5.0,1973.9547,1822.2297,7895.8188,8047.5438,PENDING_AG03,FALSE,NOT_FOR_ENFORCEMENT,9474.9825,206164.0421,9869.7735,9474.9825,394.7909,0.04201944,0.04033866,394.7909,9474.9825,0.04033866,394.7909,394.7909,394.7909,394.7909,394.7909,9474.9825,0.04033866,1973.9547,1822.2297,7895.8188,8047.5438,0.03361555,0.0342615,0.00168078,63.6720,71.2286,3.2736,143.0402,5.0692,3404.1435,43.6957,64.4793,63.5359,42.5677,43.0663,85.2079,124.7713,127.8119,154.8004,42.604,-41.336,2.967791,3.594466,1.478463,30,203,130,8,0.14604117,0.04201944,0.00608590,0E-8,0.000000,0.914292,0.640282,0.04207877,2026-03-23,2026-08-04,69,1947,1162,135,0.511111,1.014849,1.012680,0.486804,,,,,,,,GLOBAL_BASELINE_NO_ENTITY_RANKING,,,NOT_APPLICABLE_GLOBAL_BASELINE,HF9g-P5,,,,X 全窗基线 · 不参与实体赏罚,15050807,1506,A168_HF9F_20260827_0900,2026-08-27 09:00:00
2026-06-08,74657362,987,0,170.4158145876,-170.4158145876,-170.4158145876,0E-7,2,1,0.39337837500000000,0.280106050000,-0.8052788575962098,-0.6237735893609975,-0.8052788575962098,0.11327232500000000,ELIGIBLE,R03b_20260811_FULL_v1,L1_ELIGIBILITY,v2026-08-11,2026-03-21..2026-08-06,baccarat_bet02_101_all_pairs_incl_sentinel,round_win = game_pnl > 0 (decisive only),COMPATIBILITY_ONLY_NOT_PRODUCTION,234885.8996,214754.2105,9869.7735,3689,3015,-0.04201944,-0.00608590,-0.04816467,-0.04201944,-9869.7735,234885.8996,OK,0.0000,394.7909,4.0000,96.0000,AG03-UNRESOLVED,ALL5_LEVELS_bet23_to_bet27,394.7909,394.7909,394.7909,394.7909,394.7909,4.000000,4.000000,4.000000,4.000000,4.000000,96.000000,96.000000,96.000000,96.000000,96.000000,5.0,1973.9547,1822.2297,7895.8188,8047.5438,PENDING_AG03,FALSE,NOT_FOR_ENFORCEMENT,9474.9825,206164.0421,9869.7735,9474.9825,394.7909,0.04201944,0.04033866,394.7909,9474.9825,0.04033866,394.7909,394.7909,394.7909,394.7909,394.7909,9474.9825,0.04033866,1973.9547,1822.2297,7895.8188,8047.5438,0.03361555,0.0342615,0.00168078,63.6720,71.2286,3.2736,143.0402,5.0692,3404.1435,43.6957,64.4793,63.5359,42.5677,43.0663,85.2079,124.7713,127.8119,154.8004,42.604,-41.336,2.967791,3.594466,1.478463,30,203,130,8,0.14604117,0.04201944,0.00608590,0E-8,0.000000,0.914292,0.640282,0.04207877,2026-03-23,2026-08-04,69,1947,1162,135,0.511111,1.014849,1.012680,0.486804,,,,,,,,GLOBAL_BASELINE_NO_ENTITY_RANKING,,,NOT_APPLICABLE_GLOBAL_BASELINE,HF9g-P5,,,,X 全窗基线 · 不参与实体赏罚,15050808,1506,A168_HF9F_20260827_0900,2026-08-27 09:00:00
2026-06-09,74657362,-1,1,852.0790729380,-340.8316291752,-340.8316291752,0.3750000,10,8,0.47163001875000000,0.443311937500,-0.5475039662019804,-0.3889384950235338,-0.5475039662019804,0.02831808125000000,SENTINEL_DEALER,R03b_20260811_FULL_v1,L1_ELIGIBILITY,v2026-08-11,2026-03-21..2026-08-06,baccarat_bet02_101_all_pairs_incl_sentinel,round_win = game_pnl > 0 (decisive only),COMPATIBILITY_ONLY_NOT_PRODUCTION,234885.8996,214754.2105,9869.7735,3689,3015,-0.04201944,-0.00608590,-0.04816467,-0.04201944,-9869.7735,234885.8996,OK,0.0000,394.7909,4.0000,96.0000,AG03-UNRESOLVED,ALL5_LEVELS_bet23_to_bet27,394.7909,394.7909,394.7909,394.7909,394.7909,4.000000,4.000000,4.000000,4.000000,4.000000,96.000000,96.000000,96.000000,96.000000,96.000000,5.0,1973.9547,1822.2297,7895.8188,8047.5438,PENDING_AG03,FALSE,NOT_FOR_ENFORCEMENT,9474.9825,206164.0421,9869.7735,9474.9825,394.7909,0.04201944,0.04033866,394.7909,9474.9825,0.04033866,394.7909,394.7909,394.7909,394.7909,394.7909,9474.9825,0.04033866,1973.9547,1822.2297,7895.8188,8047.5438,0.03361555,0.0342615,0.00168078,63.6720,71.2286,3.2736,143.0402,5.0692,3404.1435,43.6957,64.4793,63.5359,42.5677,43.0663,85.2079,124.7713,127.8119,154.8004,42.604,-41.336,2.967791,3.594466,1.478463,30,203,130,8,0.14604117,0.04201944,0.00608590,0E-8,0.000000,0.914292,0.640282,0.04207877,2026-03-23,2026-08-04,69,1947,1162,135,0.511111,1.014849,1.012680,0.486804,,,,,,,,GLOBAL_BASELINE_NO_ENTITY_RANKING,,,NOT_APPLICABLE_GLOBAL_BASELINE,HF9g-P5,,,,X 全窗基线 · 不参与实体赏罚,15050809,1506,A168_HF9F_20260827_0900,2026-08-27 09:00:00
2026-06-09,74657362,1330,0,42.6039536469,42.6039536469,42.6039536469,1.0000000,1,1,0.49324550000000000,0.493245500000,1.01360149184955,1.01360149184955,1.01360149184955,0E-17,ELIGIBLE,R03b_20260811_FULL_v1,L1_ELIGIBILITY,v2026-08-11,2026-03-21..2026-08-06,baccarat_bet02_101_all_pairs_incl_sentinel,round_win = game_pnl > 0 (decisive only),COMPATIBILITY_ONLY_NOT_PRODUCTION,234885.8996,214754.2105,9869.7735,3689,3015,-0.04201944,-0.00608590,-0.04816467,-0.04201944,-9869.7735,234885.8996,OK,0.0000,394.7909,4.0000,96.0000,AG03-UNRESOLVED,ALL5_LEVELS_bet23_to_bet27,394.7909,394.7909,394.7909,394.7909,394.7909,4.000000,4.000000,4.000000,4.000000,4.000000,96.000000,96.000000,96.000000,96.000000,96.000000,5.0,1973.9547,1822.2297,7895.8188,8047.5438,PENDING_AG03,FALSE,NOT_FOR_ENFORCEMENT,9474.9825,206164.0421,9869.7735,9474.9825,394.7909,0.04201944,0.04033866,394.7909,9474.9825,0.04033866,394.7909,394.7909,394.7909,394.7909,394.7909,9474.9825,0.04033866,1973.9547,1822.2297,7895.8188,8047.5438,0.03361555,0.0342615,0.00168078,63.6720,71.2286,3.2736,143.0402,5.0692,3404.1435,43.6957,64.4793,63.5359,42.5677,43.0663,85.2079,124.7713,127.8119,154.8004,42.604,-41.336,2.967791,3.594466,1.478463,30,203,130,8,0.14604117,0.04201944,0.00608590,0E-8,0.000000,0.914292,0.640282,0.04207877,2026-03-23,2026-08-04,69,1947,1162,135,0.511111,1.014849,1.012680,0.486804,,,,,,,,GLOBAL_BASELINE_NO_ENTITY_RANKING,,,NOT_APPLICABLE_GLOBAL_BASELINE,HF9g-P5,,,,X 全窗基线 · 不参与实体赏罚,15050810,1506,A168_HF9F_20260827_0900,2026-08-27 09:00:00
2026-06-09,74657362,1331,0,85.2079072938,-85.2079072938,-85.2079072938,0E-7,1,1,0.49324550000000000,0.493245500000,-0.9865810262130424,-0.9865810262130424,-0.9865810262130424,0E-17,ELIGIBLE,R03b_20260811_FULL_v1,L1_ELIGIBILITY,v2026-08-11,2026-03-21..2026-08-06,baccarat_bet02_101_all_pairs_incl_sentinel,round_win = game_pnl > 0 (decisive only),COMPATIBILITY_ONLY_NOT_PRODUCTION,234885.8996,214754.2105,9869.7735,3689,3015,-0.04201944,-0.00608590,-0.04816467,-0.04201944,-9869.7735,234885.8996,OK,0.0000,394.7909,4.0000,96.0000,AG03-UNRESOLVED,ALL5_LEVELS_bet23_to_bet27,394.7909,394.7909,394.7909,394.7909,394.7909,4.000000,4.000000,4.000000,4.000000,4.000000,96.000000,96.000000,96.000000,96.000000,96.000000,5.0,1973.9547,1822.2297,7895.8188,8047.5438,PENDING_AG03,FALSE,NOT_FOR_ENFORCEMENT,9474.9825,206164.0421,9869.7735,9474.9825,394.7909,0.04201944,0.04033866,394.7909,9474.9825,0.04033866,394.7909,394.7909,394.7909,394.7909,394.7909,9474.9825,0.04033866,1973.9547,1822.2297,7895.8188,8047.5438,0.03361555,0.0342615,0.00168078,63.6720,71.2286,3.2736,143.0402,5.0692,3404.1435,43.6957,64.4793,63.5359,42.5677,43.0663,85.2079,124.7713,127.8119,154.8004,42.604,-41.336,2.967791,3.594466,1.478463,30,203,130,8,0.14604117,0.04201944,0.00608590,0E-8,0.000000,0.914292,0.640282,0.04207877,2026-03-23,2026-08-04,69,1947,1162,135,0.511111,1.014849,1.012680,0.486804,,,,,,,,GLOBAL_BASELINE_NO_ENTITY_RANKING,,,NOT_APPLICABLE_GLOBAL_BASELINE,HF9g-P5,,,,X 全窗基线 · 不参与实体赏罚,15050811,1506,A168_HF9F_20260827_0900,2026-08-27 09:00:00
2026-06-09,74657362,1363,0,42.6039536469,42.6039536469,42.6039536469,1.0000000,1,1,0.49324550000000000,0.493245500000,1.01360149184955,1.01360149184955,1.01360149184955,0E-17,ELIGIBLE,R03b_20260811_FULL_v1,L1_ELIGIBILITY,v2026-08-11,2026-03-21..2026-08-06,baccarat_bet02_101_all_pairs_incl_sentinel,round_win = game_pnl > 0 (decisive only),COMPATIBILITY_ONLY_NOT_PRODUCTION,234885.8996,214754.2105,9869.7735,3689,3015,-0.04201944,-0.00608590,-0.04816467,-0.04201944,-9869.7735,234885.8996,OK,0.0000,394.7909,4.0000,96.0000,AG03-UNRESOLVED,ALL5_LEVELS_bet23_to_bet27,394.7909,394.7909,394.7909,394.7909,394.7909,4.000000,4.000000,4.000000,4.000000,4.000000,96.000000,96.000000,96.000000,96.000000,96.000000,5.0,1973.9547,1822.2297,7895.8188,8047.5438,PENDING_AG03,FALSE,NOT_FOR_ENFORCEMENT,9474.9825,206164.0421,9869.7735,9474.9825,394.7909,0.04201944,0.04033866,394.7909,9474.9825,0.04033866,394.7909,394.7909,394.7909,394.7909,394.7909,9474.9825,0.04033866,1973.9547,1822.2297,7895.8188,8047.5438,0.03361555,0.0342615,0.00168078,63.6720,71.2286,3.2736,143.0402,5.0692,3404.1435,43.6957,64.4793,63.5359,42.5677,43.0663,85.2079,124.7713,127.8119,154.8004,42.604,-41.336,2.967791,3.594466,1.478463,30,203,130,8,0.14604117,0.04201944,0.00608590,0E-8,0.000000,0.914292,0.640282,0.04207877,2026-03-23,2026-08-04,69,1947,1162,135,0.511111,1.014849,1.012680,0.486804,,,,,,,,GLOBAL_BASELINE_NO_ENTITY_RANKING,,,NOT_APPLICABLE_GLOBAL_BASELINE,HF9g-P5,,,,X 全窗基线 · 不参与实体赏罚,15050812,1506,A168_HF9F_20260827_0900,2026-08-27 09:00:00
2026-06-09,74657362,1382,0,340.8316291752,-85.2079072938,-85.2079072938,0.5000000,4,2,0.39337837500000000,0.280106050000,0.3086711997975373,0.6925207201862208,0.3086711997975373,0.11327232500000000,ELIGIBLE,R03b_20260811_FULL_v1,L1_ELIGIBILITY,v2026-08-11,2026-03-21..2026-08-06,baccarat_bet02_101_all_pairs_incl_sentinel,round_win = game_pnl > 0 (decisive only),COMPATIBILITY_ONLY_NOT_PRODUCTION,234885.8996,214754.2105,9869.7735,3689,3015,-0.04201944,-0.00608590,-0.04816467,-0.04201944,-9869.7735,234885.8996,OK,0.0000,394.7909,4.0000,96.0000,AG03-UNRESOLVED,ALL5_LEVELS_bet23_to_bet27,394.7909,394.7909,394.7909,394.7909,394.7909,4.000000,4.000000,4.000000,4.000000,4.000000,96.000000,96.000000,96.000000,96.000000,96.000000,5.0,1973.9547,1822.2297,7895.8188,8047.5438,PENDING_AG03,FALSE,NOT_FOR_ENFORCEMENT,9474.9825,206164.0421,9869.7735,9474.9825,394.7909,0.04201944,0.04033866,394.7909,9474.9825,0.04033866,394.7909,394.7909,394.7909,394.7909,394.7909,9474.9825,0.04033866,1973.9547,1822.2297,7895.8188,8047.5438,0.03361555,0.0342615,0.00168078,63.6720,71.2286,3.2736,143.0402,5.0692,3404.1435,43.6957,64.4793,63.5359,42.5677,43.0663,85.2079,124.7713,127.8119,154.8004,42.604,-41.336,2.967791,3.594466,1.478463,30,203,130,8,0.14604117,0.04201944,0.00608590,0E-8,0.000000,0.914292,0.640282,0.04207877,2026-03-23,2026-08-04,69,1947,1162,135,0.511111,1.014849,1.012680,0.486804,,,,,,,,GLOBAL_BASELINE_NO_ENTITY_RANKING,,,NOT_APPLICABLE_GLOBAL_BASELINE,HF9g-P5,,,,X 全窗基线 · 不参与实体赏罚,15050813,1506,A168_HF9F_20260827_0900,2026-08-27 09:00:00
2026-06-09,74657362,1402,0,170.4158145876,-170.4158145876,-170.4158145876,0E-7,2,1,0.39337837500000000,0.280106050000,-0.8052788575962098,-0.6237735893609975,-0.8052788575962098,0.11327232500000000,ELIGIBLE,R03b_20260811_FULL_v1,L1_ELIGIBILITY,v2026-08-11,2026-03-21..2026-08-06,baccarat_bet02_101_all_pairs_incl_sentinel,round_win = game_pnl > 0 (decisive only),COMPATIBILITY_ONLY_NOT_PRODUCTION,234885.8996,214754.2105,9869.7735,3689,3015,-0.04201944,-0.00608590,-0.04816467,-0.04201944,-9869.7735,234885.8996,OK,0.0000,394.7909,4.0000,96.0000,AG03-UNRESOLVED,ALL5_LEVELS_bet23_to_bet27,394.7909,394.7909,394.7909,394.7909,394.7909,4.000000,4.000000,4.000000,4.000000,4.000000,96.000000,96.000000,96.000000,96.000000,96.000000,5.0,1973.9547,1822.2297,7895.8188,8047.5438,PENDING_AG03,FALSE,NOT_FOR_ENFORCEMENT,9474.9825,206164.0421,9869.7735,9474.9825,394.7909,0.04201944,0.04033866,394.7909,9474.9825,0.04033866,394.7909,394.7909,394.7909,394.7909,394.7909,9474.9825,0.04033866,1973.9547,1822.2297,7895.8188,8047.5438,0.03361555,0.0342615,0.00168078,63.6720,71.2286,3.2736,143.0402,5.0692,3404.1435,43.6957,64.4793,63.5359,42.5677,43.0663,85.2079,124.7713,127.8119,154.8004,42.604,-41.336,2.967791,3.594466,1.478463,30,203,130,8,0.14604117,0.04201944,0.00608590,0E-8,0.000000,0.914292,0.640282,0.04207877,2026-03-23,2026-08-04,69,1947,1162,135,0.511111,1.014849,1.012680,0.486804,,,,,,,,GLOBAL_BASELINE_NO_ENTITY_RANKING,,,NOT_APPLICABLE_GLOBAL_BASELINE,HF9g-P5,,,,X 全窗基线 · 不参与实体赏罚,15050814,1506,A168_HF9F_20260827_0900,2026-08-27 09:00:00
2026-06-09,74657362,1623,0,85.2079072938,85.2079072938,85.2079072938,1.0000000,1,1,0.49324550000000000,0.493245500000,1.01360149184955,1.01360149184955,1.01360149184955,0E-17,ELIGIBLE,R03b_20260811_FULL_v1,L1_ELIGIBILITY,v2026-08-11,2026-03-21..2026-08-06,baccarat_bet02_101_all_pairs_incl_sentinel,round_win = game_pnl > 0 (decisive only),COMPATIBILITY_ONLY_NOT_PRODUCTION,234885.8996,214754.2105,9869.7735,3689,3015,-0.04201944,-0.00608590,-0.04816467,-0.04201944,-9869.7735,234885.8996,OK,0.0000,394.7909,4.0000,96.0000,AG03-UNRESOLVED,ALL5_LEVELS_bet23_to_bet27,394.7909,394.7909,394.7909,394.7909,394.7909,4.000000,4.000000,4.000000,4.000000,4.000000,96.000000,96.000000,96.000000,96.000000,96.000000,5.0,1973.9547,1822.2297,7895.8188,8047.5438,PENDING_AG03,FALSE,NOT_FOR_ENFORCEMENT,9474.9825,206164.0421,9869.7735,9474.9825,394.7909,0.04201944,0.04033866,394.7909,9474.9825,0.04033866,394.7909,394.7909,394.7909,394.7909,394.7909,9474.9825,0.04033866,1973.9547,1822.2297,7895.8188,8047.5438,0.03361555,0.0342615,0.00168078,63.6720,71.2286,3.2736,143.0402,5.0692,3404.1435,43.6957,64.4793,63.5359,42.5677,43.0663,85.2079,124.7713,127.8119,154.8004,42.604,-41.336,2.967791,3.594466,1.478463,30,203,130,8,0.14604117,0.04201944,0.00608590,0E-8,0.000000,0.914292,0.640282,0.04207877,2026-03-23,2026-08-04,69,1947,1162,135,0.511111,1.014849,1.012680,0.486804,,,,,,,,GLOBAL_BASELINE_NO_ENTITY_RANKING,,,NOT_APPLICABLE_GLOBAL_BASELINE,HF9g-P5,,,,X 全窗基线 · 不参与实体赏罚,15050815,1506,A168_HF9F_20260827_0900,2026-08-27 09:00:00
2026-06-09,74657362,1949,0,42.6039536469,42.6039536469,42.6039536469,1.0000000,1,1,0.49324550000000000,0.493245500000,1.01360149184955,1.01360149184955,1.01360149184955,0E-17,ELIGIBLE,R03b_20260811_FULL_v1,L1_ELIGIBILITY,v2026-08-11,2026-03-21..2026-08-06,baccarat_bet02_101_all_pairs_incl_sentinel,round_win = game_pnl > 0 (decisive only),COMPATIBILITY_ONLY_NOT_PRODUCTION,234885.8996,214754.2105,9869.7735,3689,3015,-0.04201944,-0.00608590,-0.04816467,-0.04201944,-9869.7735,234885.8996,OK,0.0000,394.7909,4.0000,96.0000,AG03-UNRESOLVED,ALL5_LEVELS_bet23_to_bet27,394.7909,394.7909,394.7909,394.7909,394.7909,4.000000,4.000000,4.000000,4.000000,4.000000,96.000000,96.000000,96.000000,96.000000,96.000000,5.0,1973.9547,1822.2297,7895.8188,8047.5438,PENDING_AG03,FALSE,NOT_FOR_ENFORCEMENT,9474.9825,206164.0421,9869.7735,9474.9825,394.7909,0.04201944,0.04033866,394.7909,9474.9825,0.04033866,394.7909,394.7909,394.7909,394.7909,394.7909,9474.9825,0.04033866,1973.9547,1822.2297,7895.8188,8047.5438,0.03361555,0.0342615,0.00168078,63.6720,71.2286,3.2736,143.0402,5.0692,3404.1435,43.6957,64.4793,63.5359,42.5677,43.0663,85.2079,124.7713,127.8119,154.8004,42.604,-41.336,2.967791,3.594466,1.478463,30,203,130,8,0.14604117,0.04201944,0.00608590,0E-8,0.000000,0.914292,0.640282,0.04207877,2026-03-23,2026-08-04,69,1947,1162,135,0.511111,1.014849,1.012680,0.486804,,,,,,,,GLOBAL_BASELINE_NO_ENTITY_RANKING,,,NOT_APPLICABLE_GLOBAL_BASELINE,HF9g-P5,,,,X 全窗基线 · 不参与实体赏罚,15050816,1506,A168_HF9F_20260827_0900,2026-08-27 09:00:00
2026-06-09,74657362,2134,0,213.0197682345,-42.6039536469,-42.6039536469,0.3333333,3,3,0.50218230000000000,0.502182300000,-0.5849155494134425,-0.5849155494134426,-0.5849155494134425,0E-17,ELIGIBLE,R03b_20260811_FULL_v1,L1_ELIGIBILITY,v2026-08-11,2026-03-21..2026-08-06,baccarat_bet02_101_all_pairs_incl_sentinel,round_win = game_pnl > 0 (decisive only),COMPATIBILITY_ONLY_NOT_PRODUCTION,234885.8996,214754.2105,9869.7735,3689,3015,-0.04201944,-0.00608590,-0.04816467,-0.04201944,-9869.7735,234885.8996,OK,0.0000,394.7909,4.0000,96.0000,AG03-UNRESOLVED,ALL5_LEVELS_bet23_to_bet27,394.7909,394.7909,394.7909,394.7909,394.7909,4.000000,4.000000,4.000000,4.000000,4.000000,96.000000,96.000000,96.000000,96.000000,96.000000,5.0,1973.9547,1822.2297,7895.8188,8047.5438,PENDING_AG03,FALSE,NOT_FOR_ENFORCEMENT,9474.9825,206164.0421,9869.7735,9474.9825,394.7909,0.04201944,0.04033866,394.7909,9474.9825,0.04033866,394.7909,394.7909,394.7909,394.7909,394.7909,9474.9825,0.04033866,1973.9547,1822.2297,7895.8188,8047.5438,0.03361555,0.0342615,0.00168078,63.6720,71.2286,3.2736,143.0402,5.0692,3404.1435,43.6957,64.4793,63.5359,42.5677,43.0663,85.2079,124.7713,127.8119,154.8004,42.604,-41.336,2.967791,3.594466,1.478463,30,203,130,8,0.14604117,0.04201944,0.00608590,0E-8,0.000000,0.914292,0.640282,0.04207877,2026-03-23,2026-08-04,69,1947,1162,135,0.511111,1.014849,1.012680,0.486804,,,,,,,,GLOBAL_BASELINE_NO_ENTITY_RANKING,,,NOT_APPLICABLE_GLOBAL_BASELINE,HF9g-P5,,,,X 全窗基线 · 不参与实体赏罚,15050817,1506,A168_HF9F_20260827_0900,2026-08-27 09:00:00
2026-06-09,74657362,2155,0,85.2079072938,-85.2079072938,-85.2079072938,0E-7,1,1,0.50665070000000000,0.506650700000,-1.013391052207602,-1.013391052207602,-1.013391052207602,0E-17,ELIGIBLE,R03b_20260811_FULL_v1,L1_ELIGIBILITY,v2026-08-11,2026-03-21..2026-08-06,baccarat_bet02_101_all_pairs_incl_sentinel,round_win = game_pnl > 0 (decisive only),COMPATIBILITY_ONLY_NOT_PRODUCTION,234885.8996,214754.2105,9869.7735,3689,3015,-0.04201944,-0.00608590,-0.04816467,-0.04201944,-9869.7735,234885.8996,OK,0.0000,394.7909,4.0000,96.0000,AG03-UNRESOLVED,ALL5_LEVELS_bet23_to_bet27,394.7909,394.7909,394.7909,394.7909,394.7909,4.000000,4.000000,4.000000,4.000000,4.000000,96.000000,96.000000,96.000000,96.000000,96.000000,5.0,1973.9547,1822.2297,7895.8188,8047.5438,PENDING_AG03,FALSE,NOT_FOR_ENFORCEMENT,9474.9825,206164.0421,9869.7735,9474.9825,394.7909,0.04201944,0.04033866,394.7909,9474.9825,0.04033866,394.7909,394.7909,394.7909,394.7909,394.7909,9474.9825,0.04033866,1973.9547,1822.2297,7895.8188,8047.5438,0.03361555,0.0342615,0.00168078,63.6720,71.2286,3.2736,143.0402,5.0692,3404.1435,43.6957,64.4793,63.5359,42.5677,43.0663,85.2079,124.7713,127.8119,154.8004,42.604,-41.336,2.967791,3.594466,1.478463,30,203,130,8,0.14604117,0.04201944,0.00608590,0E-8,0.000000,0.914292,0.640282,0.04207877,2026-03-23,2026-08-04,69,1947,1162,135,0.511111,1.014849,1.012680,0.486804,,,,,,,,GLOBAL_BASELINE_NO_ENTITY_RANKING,,,NOT_APPLICABLE_GLOBAL_BASELINE,HF9g-P5,,,,X 全窗基线 · 不参与实体赏罚,15050818,1506,A168_HF9F_20260827_0900,2026-08-27 09:00:00
2026-06-09,74657362,2248,0,170.4158145876,-170.4158145876,-170.4158145876,0E-7,2,1,0.39337837500000000,0.280106050000,-0.8052788575962098,-0.6237735893609975,-0.8052788575962098,0.11327232500000000,ELIGIBLE,R03b_20260811_FULL_v1,L1_ELIGIBILITY,v2026-08-11,2026-03-21..2026-08-06,baccarat_bet02_101_all_pairs_incl_sentinel,round_win = game_pnl > 0 (decisive only),COMPATIBILITY_ONLY_NOT_PRODUCTION,234885.8996,214754.2105,9869.7735,3689,3015,-0.04201944,-0.00608590,-0.04816467,-0.04201944,-9869.7735,234885.8996,OK,0.0000,394.7909,4.0000,96.0000,AG03-UNRESOLVED,ALL5_LEVELS_bet23_to_bet27,394.7909,394.7909,394.7909,394.7909,394.7909,4.000000,4.000000,4.000000,4.000000,4.000000,96.000000,96.000000,96.000000,96.000000,96.000000,5.0,1973.9547,1822.2297,7895.8188,8047.5438,PENDING_AG03,FALSE,NOT_FOR_ENFORCEMENT,9474.9825,206164.0421,9869.7735,9474.9825,394.7909,0.04201944,0.04033866,394.7909,9474.9825,0.04033866,394.7909,394.7909,394.7909,394.7909,394.7909,9474.9825,0.04033866,1973.9547,1822.2297,7895.8188,8047.5438,0.03361555,0.0342615,0.00168078,63.6720,71.2286,3.2736,143.0402,5.0692,3404.1435,43.6957,64.4793,63.5359,42.5677,43.0663,85.2079,124.7713,127.8119,154.8004,42.604,-41.336,2.967791,3.594466,1.478463,30,203,130,8,0.14604117,0.04201944,0.00608590,0E-8,0.000000,0.914292,0.640282,0.04207877,2026-03-23,2026-08-04,69,1947,1162,135,0.511111,1.014849,1.012680,0.486804,,,,,,,,GLOBAL_BASELINE_NO_ENTITY_RANKING,,,NOT_APPLICABLE_GLOBAL_BASELINE,HF9g-P5,,,,X 全窗基线 · 不参与实体赏罚,15050819,1506,A168_HF9F_20260827_0900,2026-08-27 09:00:00
2026-06-09,74657362,2278,0,255.6237218814,85.2079072938,85.2079072938,0.6666667,3,3,0.50665070000000000,0.506650700000,0.5543606114942035,0.5543606114942035,0.5543606114942035,0E-17,ELIGIBLE,R03b_20260811_FULL_v1,L1_ELIGIBILITY,v2026-08-11,2026-03-21..2026-08-06,baccarat_bet02_101_all_pairs_incl_sentinel,round_win = game_pnl > 0 (decisive only),COMPATIBILITY_ONLY_NOT_PRODUCTION,234885.8996,214754.2105,9869.7735,3689,3015,-0.04201944,-0.00608590,-0.04816467,-0.04201944,-9869.7735,234885.8996,OK,0.0000,394.7909,4.0000,96.0000,AG03-UNRESOLVED,ALL5_LEVELS_bet23_to_bet27,394.7909,394.7909,394.7909,394.7909,394.7909,4.000000,4.000000,4.000000,4.000000,4.000000,96.000000,96.000000,96.000000,96.000000,96.000000,5.0,1973.9547,1822.2297,7895.8188,8047.5438,PENDING_AG03,FALSE,NOT_FOR_ENFORCEMENT,9474.9825,206164.0421,9869.7735,9474.9825,394.7909,0.04201944,0.04033866,394.7909,9474.9825,0.04033866,394.7909,394.7909,394.7909,394.7909,394.7909,9474.9825,0.04033866,1973.9547,1822.2297,7895.8188,8047.5438,0.03361555,0.0342615,0.00168078,63.6720,71.2286,3.2736,143.0402,5.0692,3404.1435,43.6957,64.4793,63.5359,42.5677,43.0663,85.2079,124.7713,127.8119,154.8004,42.604,-41.336,2.967791,3.594466,1.478463,30,203,130,8,0.14604117,0.04201944,0.00608590,0E-8,0.000000,0.914292,0.640282,0.04207877,2026-03-23,2026-08-04,69,1947,1162,135,0.511111,1.014849,1.012680,0.486804,,,,,,,,GLOBAL_BASELINE_NO_ENTITY_RANKING,,,NOT_APPLICABLE_GLOBAL_BASELINE,HF9g-P5,,,,X 全窗基线 · 不参与实体赏罚,15050820,1506,A168_HF9F_20260827_0900,2026-08-27 09:00:00
2026-06-09,74657362,462,0,42.6039536469,-42.6039536469,-42.6039536469,0E-7,1,1,0.50665070000000000,0.506650700000,-1.013391052207602,-1.013391052207602,-1.013391052207602,0E-17,ELIGIBLE,R03b_20260811_FULL_v1,L1_ELIGIBILITY,v2026-08-11,2026-03-21..2026-08-06,baccarat_bet02_101_all_pairs_incl_sentinel,round_win = game_pnl > 0 (decisive only),COMPATIBILITY_ONLY_NOT_PRODUCTION,234885.8996,214754.2105,9869.7735,3689,3015,-0.04201944,-0.00608590,-0.04816467,-0.04201944,-9869.7735,234885.8996,OK,0.0000,394.7909,4.0000,96.0000,AG03-UNRESOLVED,ALL5_LEVELS_bet23_to_bet27,394.7909,394.7909,394.7909,394.7909,394.7909,4.000000,4.000000,4.000000,4.000000,4.000000,96.000000,96.000000,96.000000,96.000000,96.000000,5.0,1973.9547,1822.2297,7895.8188,8047.5438,PENDING_AG03,FALSE,NOT_FOR_ENFORCEMENT,9474.9825,206164.0421,9869.7735,9474.9825,394.7909,0.04201944,0.04033866,394.7909,9474.9825,0.04033866,394.7909,394.7909,394.7909,394.7909,394.7909,9474.9825,0.04033866,1973.9547,1822.2297,7895.8188,8047.5438,0.03361555,0.0342615,0.00168078,63.6720,71.2286,3.2736,143.0402,5.0692,3404.1435,43.6957,64.4793,63.5359,42.5677,43.0663,85.2079,124.7713,127.8119,154.8004,42.604,-41.336,2.967791,3.594466,1.478463,30,203,130,8,0.14604117,0.04201944,0.00608590,0E-8,0.000000,0.914292,0.640282,0.04207877,2026-03-23,2026-08-04,69,1947,1162,135,0.511111,1.014849,1.012680,0.486804,,,,,,,,GLOBAL_BASELINE_NO_ENTITY_RANKING,,,NOT_APPLICABLE_GLOBAL_BASELINE,HF9g-P5,,,,X 全窗基线 · 不参与实体赏罚,15050821,1506,A168_HF9F_20260827_0900,2026-08-27 09:00:00
2026-06-09,74657362,583,0,85.2079072938,-85.2079072938,-85.2079072938,0E-7,1,1,0.49324550000000000,0.493245500000,-0.9865810262130424,-0.9865810262130424,-0.9865810262130424,0E-17,ELIGIBLE,R03b_20260811_FULL_v1,L1_ELIGIBILITY,v2026-08-11,2026-03-21..2026-08-06,baccarat_bet02_101_all_pairs_incl_sentinel,round_win = game_pnl > 0 (decisive only),COMPATIBILITY_ONLY_NOT_PRODUCTION,234885.8996,214754.2105,9869.7735,3689,3015,-0.04201944,-0.00608590,-0.04816467,-0.04201944,-9869.7735,234885.8996,OK,0.0000,394.7909,4.0000,96.0000,AG03-UNRESOLVED,ALL5_LEVELS_bet23_to_bet27,394.7909,394.7909,394.7909,394.7909,394.7909,4.000000,4.000000,4.000000,4.000000,4.000000,96.000000,96.000000,96.000000,96.000000,96.000000,5.0,1973.9547,1822.2297,7895.8188,8047.5438,PENDING_AG03,FALSE,NOT_FOR_ENFORCEMENT,9474.9825,206164.0421,9869.7735,9474.9825,394.7909,0.04201944,0.04033866,394.7909,9474.9825,0.04033866,394.7909,394.7909,394.7909,394.7909,394.7909,9474.9825,0.04033866,1973.9547,1822.2297,7895.8188,8047.5438,0.03361555,0.0342615,0.00168078,63.6720,71.2286,3.2736,143.0402,5.0692,3404.1435,43.6957,64.4793,63.5359,42.5677,43.0663,85.2079,124.7713,127.8119,154.8004,42.604,-41.336,2.967791,3.594466,1.478463,30,203,130,8,0.14604117,0.04201944,0.00608590,0E-8,0.000000,0.914292,0.640282,0.04207877,2026-03-23,2026-08-04,69,1947,1162,135,0.511111,1.014849,1.012680,0.486804,,,,,,,,GLOBAL_BASELINE_NO_ENTITY_RANKING,,,NOT_APPLICABLE_GLOBAL_BASELINE,HF9g-P5,,,,X 全窗基线 · 不参与实体赏罚,15050822,1506,A168_HF9F_20260827_0900,2026-08-27 09:00:00
2026-06-10,74657362,-1,1,170.4158145876,-170.4158145876,-170.4158145876,0E-7,2,1,0.39337837500000000,0.280106050000,-0.8052788575962098,-0.6237735893609975,-0.8052788575962098,0.11327232500000000,SENTINEL_DEALER,R03b_20260811_FULL_v1,L1_ELIGIBILITY,v2026-08-11,2026-03-21..2026-08-06,baccarat_bet02_101_all_pairs_incl_sentinel,round_win = game_pnl > 0 (decisive only),COMPATIBILITY_ONLY_NOT_PRODUCTION,234885.8996,214754.2105,9869.7735,3689,3015,-0.04201944,-0.00608590,-0.04816467,-0.04201944,-9869.7735,234885.8996,OK,0.0000,394.7909,4.0000,96.0000,AG03-UNRESOLVED,ALL5_LEVELS_bet23_to_bet27,394.7909,394.7909,394.7909,394.7909,394.7909,4.000000,4.000000,4.000000,4.000000,4.000000,96.000000,96.000000,96.000000,96.000000,96.000000,5.0,1973.9547,1822.2297,7895.8188,8047.5438,PENDING_AG03,FALSE,NOT_FOR_ENFORCEMENT,9474.9825,206164.0421,9869.7735,9474.9825,394.7909,0.04201944,0.04033866,394.7909,9474.9825,0.04033866,394.7909,394.7909,394.7909,394.7909,394.7909,9474.9825,0.04033866,1973.9547,1822.2297,7895.8188,8047.5438,0.03361555,0.0342615,0.00168078,63.6720,71.2286,3.2736,143.0402,5.0692,3404.1435,43.6957,64.4793,63.5359,42.5677,43.0663,85.2079,124.7713,127.8119,154.8004,42.604,-41.336,2.967791,3.594466,1.478463,30,203,130,8,0.14604117,0.04201944,0.00608590,0E-8,0.000000,0.914292,0.640282,0.04207877,2026-03-23,2026-08-04,69,1947,1162,135,0.511111,1.014849,1.012680,0.486804,,,,,,,,GLOBAL_BASELINE_NO_ENTITY_RANKING,,,NOT_APPLICABLE_GLOBAL_BASELINE,HF9g-P5,,,,X 全窗基线 · 不参与实体赏罚,15050823,1506,A168_HF9F_20260827_0900,2026-08-27 09:00:00
2026-06-10,74657362,1307,0,51.1247443763,-51.1247443763,-51.1247443763,0E-7,1,1,0.49324550000000000,0.493245500000,-0.9865810262130424,-0.9865810262130424,-0.9865810262130424,0E-17,ELIGIBLE,R03b_20260811_FULL_v1,L1_ELIGIBILITY,v2026-08-11,2026-03-21..2026-08-06,baccarat_bet02_101_all_pairs_incl_sentinel,round_win = game_pnl > 0 (decisive only),COMPATIBILITY_ONLY_NOT_PRODUCTION,234885.8996,214754.2105,9869.7735,3689,3015,-0.04201944,-0.00608590,-0.04816467,-0.04201944,-9869.7735,234885.8996,OK,0.0000,394.7909,4.0000,96.0000,AG03-UNRESOLVED,ALL5_LEVELS_bet23_to_bet27,394.7909,394.7909,394.7909,394.7909,394.7909,4.000000,4.000000,4.000000,4.000000,4.000000,96.000000,96.000000,96.000000,96.000000,96.000000,5.0,1973.9547,1822.2297,7895.8188,8047.5438,PENDING_AG03,FALSE,NOT_FOR_ENFORCEMENT,9474.9825,206164.0421,9869.7735,9474.9825,394.7909,0.04201944,0.04033866,394.7909,9474.9825,0.04033866,394.7909,394.7909,394.7909,394.7909,394.7909,9474.9825,0.04033866,1973.9547,1822.2297,7895.8188,8047.5438,0.03361555,0.0342615,0.00168078,63.6720,71.2286,3.2736,143.0402,5.0692,3404.1435,43.6957,64.4793,63.5359,42.5677,43.0663,85.2079,124.7713,127.8119,154.8004,42.604,-41.336,2.967791,3.594466,1.478463,30,203,130,8,0.14604117,0.04201944,0.00608590,0E-8,0.000000,0.914292,0.640282,0.04207877,2026-03-23,2026-08-04,69,1947,1162,135,0.511111,1.014849,1.012680,0.486804,,,,,,,,GLOBAL_BASELINE_NO_ENTITY_RANKING,,,NOT_APPLICABLE_GLOBAL_BASELINE,HF9g-P5,,,,X 全窗基线 · 不参与实体赏罚,15050824,1506,A168_HF9F_20260827_0900,2026-08-27 09:00:00
2026-06-10,74657362,1318,0,85.2079072938,-85.2079072938,-85.2079072938,0E-7,1,1,0.49324550000000000,0.493245500000,-0.9865810262130424,-0.9865810262130424,-0.9865810262130424,0E-17,ELIGIBLE,R03b_20260811_FULL_v1,L1_ELIGIBILITY,v2026-08-11,2026-03-21..2026-08-06,baccarat_bet02_101_all_pairs_incl_sentinel,round_win = game_pnl > 0 (decisive only),COMPATIBILITY_ONLY_NOT_PRODUCTION,234885.8996,214754.2105,9869.7735,3689,3015,-0.04201944,-0.00608590,-0.04816467,-0.04201944,-9869.7735,234885.8996,OK,0.0000,394.7909,4.0000,96.0000,AG03-UNRESOLVED,ALL5_LEVELS_bet23_to_bet27,394.7909,394.7909,394.7909,394.7909,394.7909,4.000000,4.000000,4.000000,4.000000,4.000000,96.000000,96.000000,96.000000,96.000000,96.000000,5.0,1973.9547,1822.2297,7895.8188,8047.5438,PENDING_AG03,FALSE,NOT_FOR_ENFORCEMENT,9474.9825,206164.0421,9869.7735,9474.9825,394.7909,0.04201944,0.04033866,394.7909,9474.9825,0.04033866,394.7909,394.7909,394.7909,394.7909,394.7909,9474.9825,0.04033866,1973.9547,1822.2297,7895.8188,8047.5438,0.03361555,0.0342615,0.00168078,63.6720,71.2286,3.2736,143.0402,5.0692,3404.1435,43.6957,64.4793,63.5359,42.5677,43.0663,85.2079,124.7713,127.8119,154.8004,42.604,-41.336,2.967791,3.594466,1.478463,30,203,130,8,0.14604117,0.04201944,0.00608590,0E-8,0.000000,0.914292,0.640282,0.04207877,2026-03-23,2026-08-04,69,1947,1162,135,0.511111,1.014849,1.012680,0.486804,,,,,,,,GLOBAL_BASELINE_NO_ENTITY_RANKING,,,NOT_APPLICABLE_GLOBAL_BASELINE,HF9g-P5,,,,X 全窗基线 · 不参与实体赏罚,15050825,1506,A168_HF9F_20260827_0900,2026-08-27 09:00:00
2026-06-10,74657362,1507,0,85.2079072938,0E-10,0E-10,0.5000000,2,2,0.50665070000000000,0.506650700000,-0.018812684590367487,-0.018812684590367487,-0.018812684590367487,0E-17,ELIGIBLE,R03b_20260811_FULL_v1,L1_ELIGIBILITY,v2026-08-11,2026-03-21..2026-08-06,baccarat_bet02_101_all_pairs_incl_sentinel,round_win = game_pnl > 0 (decisive only),COMPATIBILITY_ONLY_NOT_PRODUCTION,234885.8996,214754.2105,9869.7735,3689,3015,-0.04201944,-0.00608590,-0.04816467,-0.04201944,-9869.7735,234885.8996,OK,0.0000,394.7909,4.0000,96.0000,AG03-UNRESOLVED,ALL5_LEVELS_bet23_to_bet27,394.7909,394.7909,394.7909,394.7909,394.7909,4.000000,4.000000,4.000000,4.000000,4.000000,96.000000,96.000000,96.000000,96.000000,96.000000,5.0,1973.9547,1822.2297,7895.8188,8047.5438,PENDING_AG03,FALSE,NOT_FOR_ENFORCEMENT,9474.9825,206164.0421,9869.7735,9474.9825,394.7909,0.04201944,0.04033866,394.7909,9474.9825,0.04033866,394.7909,394.7909,394.7909,394.7909,394.7909,9474.9825,0.04033866,1973.9547,1822.2297,7895.8188,8047.5438,0.03361555,0.0342615,0.00168078,63.6720,71.2286,3.2736,143.0402,5.0692,3404.1435,43.6957,64.4793,63.5359,42.5677,43.0663,85.2079,124.7713,127.8119,154.8004,42.604,-41.336,2.967791,3.594466,1.478463,30,203,130,8,0.14604117,0.04201944,0.00608590,0E-8,0.000000,0.914292,0.640282,0.04207877,2026-03-23,2026-08-04,69,1947,1162,135,0.511111,1.014849,1.012680,0.486804,,,,,,,,GLOBAL_BASELINE_NO_ENTITY_RANKING,,,NOT_APPLICABLE_GLOBAL_BASELINE,HF9g-P5,,,,X 全窗基线 · 不参与实体赏罚,15050826,1506,A168_HF9F_20260827_0900,2026-08-27 09:00:00
2026-06-10,74657362,2202,0,85.2079072938,-85.2079072938,-85.2079072938,0E-7,1,1,0.49324550000000000,0.493245500000,-0.9865810262130424,-0.9865810262130424,-0.9865810262130424,0E-17,ELIGIBLE,R03b_20260811_FULL_v1,L1_ELIGIBILITY,v2026-08-11,2026-03-21..2026-08-06,baccarat_bet02_101_all_pairs_incl_sentinel,round_win = game_pnl > 0 (decisive only),COMPATIBILITY_ONLY_NOT_PRODUCTION,234885.8996,214754.2105,9869.7735,3689,3015,-0.04201944,-0.00608590,-0.04816467,-0.04201944,-9869.7735,234885.8996,OK,0.0000,394.7909,4.0000,96.0000,AG03-UNRESOLVED,ALL5_LEVELS_bet23_to_bet27,394.7909,394.7909,394.7909,394.7909,394.7909,4.000000,4.000000,4.000000,4.000000,4.000000,96.000000,96.000000,96.000000,96.000000,96.000000,5.0,1973.9547,1822.2297,7895.8188,8047.5438,PENDING_AG03,FALSE,NOT_FOR_ENFORCEMENT,9474.9825,206164.0421,9869.7735,9474.9825,394.7909,0.04201944,0.04033866,394.7909,9474.9825,0.04033866,394.7909,394.7909,394.7909,394.7909,394.7909,9474.9825,0.04033866,1973.9547,1822.2297,7895.8188,8047.5438,0.03361555,0.0342615,0.00168078,63.6720,71.2286,3.2736,143.0402,5.0692,3404.1435,43.6957,64.4793,63.5359,42.5677,43.0663,85.2079,124.7713,127.8119,154.8004,42.604,-41.336,2.967791,3.594466,1.478463,30,203,130,8,0.14604117,0.04201944,0.00608590,0E-8,0.000000,0.914292,0.640282,0.04207877,2026-03-23,2026-08-04,69,1947,1162,135,0.511111,1.014849,1.012680,0.486804,,,,,,,,GLOBAL_BASELINE_NO_ENTITY_RANKING,,,NOT_APPLICABLE_GLOBAL_BASELINE,HF9g-P5,,,,X 全窗基线 · 不参与实体赏罚,15050827,1506,A168_HF9F_20260827_0900,2026-08-27 09:00:00
2026-06-10,74657362,2212,0,42.6039536469,-42.6039536469,-42.6039536469,0E-7,1,1,0.50665070000000000,0.506650700000,-1.013391052207602,-1.013391052207602,-1.013391052207602,0E-17,ELIGIBLE,R03b_20260811_FULL_v1,L1_ELIGIBILITY,v2026-08-11,2026-03-21..2026-08-06,baccarat_bet02_101_all_pairs_incl_sentinel,round_win = game_pnl > 0 (decisive only),COMPATIBILITY_ONLY_NOT_PRODUCTION,234885.8996,214754.2105,9869.7735,3689,3015,-0.04201944,-0.00608590,-0.04816467,-0.04201944,-9869.7735,234885.8996,OK,0.0000,394.7909,4.0000,96.0000,AG03-UNRESOLVED,ALL5_LEVELS_bet23_to_bet27,394.7909,394.7909,394.7909,394.7909,394.7909,4.000000,4.000000,4.000000,4.000000,4.000000,96.000000,96.000000,96.000000,96.000000,96.000000,5.0,1973.9547,1822.2297,7895.8188,8047.5438,PENDING_AG03,FALSE,NOT_FOR_ENFORCEMENT,9474.9825,206164.0421,9869.7735,9474.9825,394.7909,0.04201944,0.04033866,394.7909,9474.9825,0.04033866,394.7909,394.7909,394.7909,394.7909,394.7909,9474.9825,0.04033866,1973.9547,1822.2297,7895.8188,8047.5438,0.03361555,0.0342615,0.00168078,63.6720,71.2286,3.2736,143.0402,5.0692,3404.1435,43.6957,64.4793,63.5359,42.5677,43.0663,85.2079,124.7713,127.8119,154.8004,42.604,-41.336,2.967791,3.594466,1.478463,30,203,130,8,0.14604117,0.04201944,0.00608590,0E-8,0.000000,0.914292,0.640282,0.04207877,2026-03-23,2026-08-04,69,1947,1162,135,0.511111,1.014849,1.012680,0.486804,,,,,,,,GLOBAL_BASELINE_NO_ENTITY_RANKING,,,NOT_APPLICABLE_GLOBAL_BASELINE,HF9g-P5,,,,X 全窗基线 · 不参与实体赏罚,15050828,1506,A168_HF9F_20260827_0900,2026-08-27 09:00:00
2026-06-11,74657362,1396,0,255.6237218814,0E-10,0E-10,0.5000000,3,3,0.49324550000000000,0.493245500000,0.01910635448239258,0.01910635448239258,0.01910635448239258,0E-17,ELIGIBLE,R03b_20260811_FULL_v1,L1_ELIGIBILITY,v2026-08-11,2026-03-21..2026-08-06,baccarat_bet02_101_all_pairs_incl_sentinel,round_win = game_pnl > 0 (decisive only),COMPATIBILITY_ONLY_NOT_PRODUCTION,234885.8996,214754.2105,9869.7735,3689,3015,-0.04201944,-0.00608590,-0.04816467,-0.04201944,-9869.7735,234885.8996,OK,0.0000,394.7909,4.0000,96.0000,AG03-UNRESOLVED,ALL5_LEVELS_bet23_to_bet27,394.7909,394.7909,394.7909,394.7909,394.7909,4.000000,4.000000,4.000000,4.000000,4.000000,96.000000,96.000000,96.000000,96.000000,96.000000,5.0,1973.9547,1822.2297,7895.8188,8047.5438,PENDING_AG03,FALSE,NOT_FOR_ENFORCEMENT,9474.9825,206164.0421,9869.7735,9474.9825,394.7909,0.04201944,0.04033866,394.7909,9474.9825,0.04033866,394.7909,394.7909,394.7909,394.7909,394.7909,9474.9825,0.04033866,1973.9547,1822.2297,7895.8188,8047.5438,0.03361555,0.0342615,0.00168078,63.6720,71.2286,3.2736,143.0402,5.0692,3404.1435,43.6957,64.4793,63.5359,42.5677,43.0663,85.2079,124.7713,127.8119,154.8004,42.604,-41.336,2.967791,3.594466,1.478463,30,203,130,8,0.14604117,0.04201944,0.00608590,0E-8,0.000000,0.914292,0.640282,0.04207877,2026-03-23,2026-08-04,69,1947,1162,135,0.511111,1.014849,1.012680,0.486804,,,,,,,,GLOBAL_BASELINE_NO_ENTITY_RANKING,,,NOT_APPLICABLE_GLOBAL_BASELINE,HF9g-P5,,,,X 全窗基线 · 不参与实体赏罚,15050829,1506,A168_HF9F_20260827_0900,2026-08-27 09:00:00
2026-06-11,74657362,1646,0,42.6039536469,42.6039536469,42.6039536469,1.0000000,1,1,0.49324550000000000,0.493245500000,1.01360149184955,1.01360149184955,1.01360149184955,0E-17,ELIGIBLE,R03b_20260811_FULL_v1,L1_ELIGIBILITY,v2026-08-11,2026-03-21..2026-08-06,baccarat_bet02_101_all_pairs_incl_sentinel,round_win = game_pnl > 0 (decisive only),COMPATIBILITY_ONLY_NOT_PRODUCTION,234885.8996,214754.2105,9869.7735,3689,3015,-0.04201944,-0.00608590,-0.04816467,-0.04201944,-9869.7735,234885.8996,OK,0.0000,394.7909,4.0000,96.0000,AG03-UNRESOLVED,ALL5_LEVELS_bet23_to_bet27,394.7909,394.7909,394.7909,394.7909,394.7909,4.000000,4.000000,4.000000,4.000000,4.000000,96.000000,96.000000,96.000000,96.000000,96.000000,5.0,1973.9547,1822.2297,7895.8188,8047.5438,PENDING_AG03,FALSE,NOT_FOR_ENFORCEMENT,9474.9825,206164.0421,9869.7735,9474.9825,394.7909,0.04201944,0.04033866,394.7909,9474.9825,0.04033866,394.7909,394.7909,394.7909,394.7909,394.7909,9474.9825,0.04033866,1973.9547,1822.2297,7895.8188,8047.5438,0.03361555,0.0342615,0.00168078,63.6720,71.2286,3.2736,143.0402,5.0692,3404.1435,43.6957,64.4793,63.5359,42.5677,43.0663,85.2079,124.7713,127.8119,154.8004,42.604,-41.336,2.967791,3.594466,1.478463,30,203,130,8,0.14604117,0.04201944,0.00608590,0E-8,0.000000,0.914292,0.640282,0.04207877,2026-03-23,2026-08-04,69,1947,1162,135,0.511111,1.014849,1.012680,0.486804,,,,,,,,GLOBAL_BASELINE_NO_ENTITY_RANKING,,,NOT_APPLICABLE_GLOBAL_BASELINE,HF9g-P5,,,,X 全窗基线 · 不参与实体赏罚,15050830,1506,A168_HF9F_20260827_0900,2026-08-27 09:00:00
2026-06-11,74657362,1704,0,170.4158145876,-170.4158145876,-170.4158145876,0E-7,2,1,0.39337837500000000,0.280106050000,-0.8052788575962098,-0.6237735893609975,-0.8052788575962098,0.11327232500000000,ELIGIBLE,R03b_20260811_FULL_v1,L1_ELIGIBILITY,v2026-08-11,2026-03-21..2026-08-06,baccarat_bet02_101_all_pairs_incl_sentinel,round_win = game_pnl > 0 (decisive only),COMPATIBILITY_ONLY_NOT_PRODUCTION,234885.8996,214754.2105,9869.7735,3689,3015,-0.04201944,-0.00608590,-0.04816467,-0.04201944,-9869.7735,234885.8996,OK,0.0000,394.7909,4.0000,96.0000,AG03-UNRESOLVED,ALL5_LEVELS_bet23_to_bet27,394.7909,394.7909,394.7909,394.7909,394.7909,4.000000,4.000000,4.000000,4.000000,4.000000,96.000000,96.000000,96.000000,96.000000,96.000000,5.0,1973.9547,1822.2297,7895.8188,8047.5438,PENDING_AG03,FALSE,NOT_FOR_ENFORCEMENT,9474.9825,206164.0421,9869.7735,9474.9825,394.7909,0.04201944,0.04033866,394.7909,9474.9825,0.04033866,394.7909,394.7909,394.7909,394.7909,394.7909,9474.9825,0.04033866,1973.9547,1822.2297,7895.8188,8047.5438,0.03361555,0.0342615,0.00168078,63.6720,71.2286,3.2736,143.0402,5.0692,3404.1435,43.6957,64.4793,63.5359,42.5677,43.0663,85.2079,124.7713,127.8119,154.8004,42.604,-41.336,2.967791,3.594466,1.478463,30,203,130,8,0.14604117,0.04201944,0.00608590,0E-8,0.000000,0.914292,0.640282,0.04207877,2026-03-23,2026-08-04,69,1947,1162,135,0.511111,1.014849,1.012680,0.486804,,,,,,,,GLOBAL_BASELINE_NO_ENTITY_RANKING,,,NOT_APPLICABLE_GLOBAL_BASELINE,HF9g-P5,,,,X 全窗基线 · 不参与实体赏罚,15050831,1506,A168_HF9F_20260827_0900,2026-08-27 09:00:00
2026-06-11,74657362,2142,0,42.6039536469,42.6039536469,42.6039536469,1.0000000,1,1,0.49324550000000000,0.493245500000,1.01360149184955,1.01360149184955,1.01360149184955,0E-17,ELIGIBLE,R03b_20260811_FULL_v1,L1_ELIGIBILITY,v2026-08-11,2026-03-21..2026-08-06,baccarat_bet02_101_all_pairs_incl_sentinel,round_win = game_pnl > 0 (decisive only),COMPATIBILITY_ONLY_NOT_PRODUCTION,234885.8996,214754.2105,9869.7735,3689,3015,-0.04201944,-0.00608590,-0.04816467,-0.04201944,-9869.7735,234885.8996,OK,0.0000,394.7909,4.0000,96.0000,AG03-UNRESOLVED,ALL5_LEVELS_bet23_to_bet27,394.7909,394.7909,394.7909,394.7909,394.7909,4.000000,4.000000,4.000000,4.000000,4.000000,96.000000,96.000000,96.000000,96.000000,96.000000,5.0,1973.9547,1822.2297,7895.8188,8047.5438,PENDING_AG03,FALSE,NOT_FOR_ENFORCEMENT,9474.9825,206164.0421,9869.7735,9474.9825,394.7909,0.04201944,0.04033866,394.7909,9474.9825,0.04033866,394.7909,394.7909,394.7909,394.7909,394.7909,9474.9825,0.04033866,1973.9547,1822.2297,7895.8188,8047.5438,0.03361555,0.0342615,0.00168078,63.6720,71.2286,3.2736,143.0402,5.0692,3404.1435,43.6957,64.4793,63.5359,42.5677,43.0663,85.2079,124.7713,127.8119,154.8004,42.604,-41.336,2.967791,3.594466,1.478463,30,203,130,8,0.14604117,0.04201944,0.00608590,0E-8,0.000000,0.914292,0.640282,0.04207877,2026-03-23,2026-08-04,69,1947,1162,135,0.511111,1.014849,1.012680,0.486804,,,,,,,,GLOBAL_BASELINE_NO_ENTITY_RANKING,,,NOT_APPLICABLE_GLOBAL_BASELINE,HF9g-P5,,,,X 全窗基线 · 不参与实体赏罚,15050832,1506,A168_HF9F_20260827_0900,2026-08-27 09:00:00
2026-06-11,74657362,2233,0,170.4158145876,-170.4158145876,-170.4158145876,0E-7,2,2,0.49324550000000000,0.493245500000,-1.3952362676504506,-1.3952362676504506,-1.3952362676504506,0E-17,ELIGIBLE,R03b_20260811_FULL_v1,L1_ELIGIBILITY,v2026-08-11,2026-03-21..2026-08-06,baccarat_bet02_101_all_pairs_incl_sentinel,round_win = game_pnl > 0 (decisive only),COMPATIBILITY_ONLY_NOT_PRODUCTION,234885.8996,214754.2105,9869.7735,3689,3015,-0.04201944,-0.00608590,-0.04816467,-0.04201944,-9869.7735,234885.8996,OK,0.0000,394.7909,4.0000,96.0000,AG03-UNRESOLVED,ALL5_LEVELS_bet23_to_bet27,394.7909,394.7909,394.7909,394.7909,394.7909,4.000000,4.000000,4.000000,4.000000,4.000000,96.000000,96.000000,96.000000,96.000000,96.000000,5.0,1973.9547,1822.2297,7895.8188,8047.5438,PENDING_AG03,FALSE,NOT_FOR_ENFORCEMENT,9474.9825,206164.0421,9869.7735,9474.9825,394.7909,0.04201944,0.04033866,394.7909,9474.9825,0.04033866,394.7909,394.7909,394.7909,394.7909,394.7909,9474.9825,0.04033866,1973.9547,1822.2297,7895.8188,8047.5438,0.03361555,0.0342615,0.00168078,63.6720,71.2286,3.2736,143.0402,5.0692,3404.1435,43.6957,64.4793,63.5359,42.5677,43.0663,85.2079,124.7713,127.8119,154.8004,42.604,-41.336,2.967791,3.594466,1.478463,30,203,130,8,0.14604117,0.04201944,0.00608590,0E-8,0.000000,0.914292,0.640282,0.04207877,2026-03-23,2026-08-04,69,1947,1162,135,0.511111,1.014849,1.012680,0.486804,,,,,,,,GLOBAL_BASELINE_NO_ENTITY_RANKING,,,NOT_APPLICABLE_GLOBAL_BASELINE,HF9g-P5,,,,X 全窗基线 · 不参与实体赏罚,15050833,1506,A168_HF9F_20260827_0900,2026-08-27 09:00:00
2026-06-11,74657362,2267,0,85.2079072938,0E-10,0E-10,0.5000000,2,2,0.50665070000000000,0.506650700000,-0.018812684590367487,-0.018812684590367487,-0.018812684590367487,0E-17,ELIGIBLE,R03b_20260811_FULL_v1,L1_ELIGIBILITY,v2026-08-11,2026-03-21..2026-08-06,baccarat_bet02_101_all_pairs_incl_sentinel,round_win = game_pnl > 0 (decisive only),COMPATIBILITY_ONLY_NOT_PRODUCTION,234885.8996,214754.2105,9869.7735,3689,3015,-0.04201944,-0.00608590,-0.04816467,-0.04201944,-9869.7735,234885.8996,OK,0.0000,394.7909,4.0000,96.0000,AG03-UNRESOLVED,ALL5_LEVELS_bet23_to_bet27,394.7909,394.7909,394.7909,394.7909,394.7909,4.000000,4.000000,4.000000,4.000000,4.000000,96.000000,96.000000,96.000000,96.000000,96.000000,5.0,1973.9547,1822.2297,7895.8188,8047.5438,PENDING_AG03,FALSE,NOT_FOR_ENFORCEMENT,9474.9825,206164.0421,9869.7735,9474.9825,394.7909,0.04201944,0.04033866,394.7909,9474.9825,0.04033866,394.7909,394.7909,394.7909,394.7909,394.7909,9474.9825,0.04033866,1973.9547,1822.2297,7895.8188,8047.5438,0.03361555,0.0342615,0.00168078,63.6720,71.2286,3.2736,143.0402,5.0692,3404.1435,43.6957,64.4793,63.5359,42.5677,43.0663,85.2079,124.7713,127.8119,154.8004,42.604,-41.336,2.967791,3.594466,1.478463,30,203,130,8,0.14604117,0.04201944,0.00608590,0E-8,0.000000,0.914292,0.640282,0.04207877,2026-03-23,2026-08-04,69,1947,1162,135,0.511111,1.014849,1.012680,0.486804,,,,,,,,GLOBAL_BASELINE_NO_ENTITY_RANKING,,,NOT_APPLICABLE_GLOBAL_BASELINE,HF9g-P5,,,,X 全窗基线 · 不参与实体赏罚,15050834,1506,A168_HF9F_20260827_0900,2026-08-27 09:00:00
2026-06-11,74657362,550,0,85.2079072938,-85.2079072938,-85.2079072938,0E-7,1,1,0.49324550000000000,0.493245500000,-0.9865810262130424,-0.9865810262130424,-0.9865810262130424,0E-17,ELIGIBLE,R03b_20260811_FULL_v1,L1_ELIGIBILITY,v2026-08-11,2026-03-21..2026-08-06,baccarat_bet02_101_all_pairs_incl_sentinel,round_win = game_pnl > 0 (decisive only),COMPATIBILITY_ONLY_NOT_PRODUCTION,234885.8996,214754.2105,9869.7735,3689,3015,-0.04201944,-0.00608590,-0.04816467,-0.04201944,-9869.7735,234885.8996,OK,0.0000,394.7909,4.0000,96.0000,AG03-UNRESOLVED,ALL5_LEVELS_bet23_to_bet27,394.7909,394.7909,394.7909,394.7909,394.7909,4.000000,4.000000,4.000000,4.000000,4.000000,96.000000,96.000000,96.000000,96.000000,96.000000,5.0,1973.9547,1822.2297,7895.8188,8047.5438,PENDING_AG03,FALSE,NOT_FOR_ENFORCEMENT,9474.9825,206164.0421,9869.7735,9474.9825,394.7909,0.04201944,0.04033866,394.7909,9474.9825,0.04033866,394.7909,394.7909,394.7909,394.7909,394.7909,9474.9825,0.04033866,1973.9547,1822.2297,7895.8188,8047.5438,0.03361555,0.0342615,0.00168078,63.6720,71.2286,3.2736,143.0402,5.0692,3404.1435,43.6957,64.4793,63.5359,42.5677,43.0663,85.2079,124.7713,127.8119,154.8004,42.604,-41.336,2.967791,3.594466,1.478463,30,203,130,8,0.14604117,0.04201944,0.00608590,0E-8,0.000000,0.914292,0.640282,0.04207877,2026-03-23,2026-08-04,69,1947,1162,135,0.511111,1.014849,1.012680,0.486804,,,,,,,,GLOBAL_BASELINE_NO_ENTITY_RANKING,,,NOT_APPLICABLE_GLOBAL_BASELINE,HF9g-P5,,,,X 全窗基线 · 不参与实体赏罚,15050835,1506,A168_HF9F_20260827_0900,2026-08-27 09:00:00
2026-06-12,74657362,-1,1,170.4158145876,0E-10,0E-10,0.5000000,4,4,0.49324550000000000,0.493245500000,0.027020465636507562,0.027020465636507562,0.027020465636507562,0E-17,SENTINEL_DEALER,R03b_20260811_FULL_v1,L1_ELIGIBILITY,v2026-08-11,2026-03-21..2026-08-06,baccarat_bet02_101_all_pairs_incl_sentinel,round_win = game_pnl > 0 (decisive only),COMPATIBILITY_ONLY_NOT_PRODUCTION,234885.8996,214754.2105,9869.7735,3689,3015,-0.04201944,-0.00608590,-0.04816467,-0.04201944,-9869.7735,234885.8996,OK,0.0000,394.7909,4.0000,96.0000,AG03-UNRESOLVED,ALL5_LEVELS_bet23_to_bet27,394.7909,394.7909,394.7909,394.7909,394.7909,4.000000,4.000000,4.000000,4.000000,4.000000,96.000000,96.000000,96.000000,96.000000,96.000000,5.0,1973.9547,1822.2297,7895.8188,8047.5438,PENDING_AG03,FALSE,NOT_FOR_ENFORCEMENT,9474.9825,206164.0421,9869.7735,9474.9825,394.7909,0.04201944,0.04033866,394.7909,9474.9825,0.04033866,394.7909,394.7909,394.7909,394.7909,394.7909,9474.9825,0.04033866,1973.9547,1822.2297,7895.8188,8047.5438,0.03361555,0.0342615,0.00168078,63.6720,71.2286,3.2736,143.0402,5.0692,3404.1435,43.6957,64.4793,63.5359,42.5677,43.0663,85.2079,124.7713,127.8119,154.8004,42.604,-41.336,2.967791,3.594466,1.478463,30,203,130,8,0.14604117,0.04201944,0.00608590,0E-8,0.000000,0.914292,0.640282,0.04207877,2026-03-23,2026-08-04,69,1947,1162,135,0.511111,1.014849,1.012680,0.486804,,,,,,,,GLOBAL_BASELINE_NO_ENTITY_RANKING,,,NOT_APPLICABLE_GLOBAL_BASELINE,HF9g-P5,,,,X 全窗基线 · 不参与实体赏罚,15050836,1506,A168_HF9F_20260827_0900,2026-08-27 09:00:00
2026-06-12,74657362,1304,0,85.2079072938,-85.2079072938,-85.2079072938,0E-7,1,1,0.49324550000000000,0.493245500000,-0.9865810262130424,-0.9865810262130424,-0.9865810262130424,0E-17,ELIGIBLE,R03b_20260811_FULL_v1,L1_ELIGIBILITY,v2026-08-11,2026-03-21..2026-08-06,baccarat_bet02_101_all_pairs_incl_sentinel,round_win = game_pnl > 0 (decisive only),COMPATIBILITY_ONLY_NOT_PRODUCTION,234885.8996,214754.2105,9869.7735,3689,3015,-0.04201944,-0.00608590,-0.04816467,-0.04201944,-9869.7735,234885.8996,OK,0.0000,394.7909,4.0000,96.0000,AG03-UNRESOLVED,ALL5_LEVELS_bet23_to_bet27,394.7909,394.7909,394.7909,394.7909,394.7909,4.000000,4.000000,4.000000,4.000000,4.000000,96.000000,96.000000,96.000000,96.000000,96.000000,5.0,1973.9547,1822.2297,7895.8188,8047.5438,PENDING_AG03,FALSE,NOT_FOR_ENFORCEMENT,9474.9825,206164.0421,9869.7735,9474.9825,394.7909,0.04201944,0.04033866,394.7909,9474.9825,0.04033866,394.7909,394.7909,394.7909,394.7909,394.7909,9474.9825,0.04033866,1973.9547,1822.2297,7895.8188,8047.5438,0.03361555,0.0342615,0.00168078,63.6720,71.2286,3.2736,143.0402,5.0692,3404.1435,43.6957,64.4793,63.5359,42.5677,43.0663,85.2079,124.7713,127.8119,154.8004,42.604,-41.336,2.967791,3.594466,1.478463,30,203,130,8,0.14604117,0.04201944,0.00608590,0E-8,0.000000,0.914292,0.640282,0.04207877,2026-03-23,2026-08-04,69,1947,1162,135,0.511111,1.014849,1.012680,0.486804,,,,,,,,GLOBAL_BASELINE_NO_ENTITY_RANKING,,,NOT_APPLICABLE_GLOBAL_BASELINE,HF9g-P5,,,,X 全窗基线 · 不参与实体赏罚,15050837,1506,A168_HF9F_20260827_0900,2026-08-27 09:00:00
2026-06-12,74657362,1704,0,85.2079072938,-85.2079072938,-85.2079072938,0E-7,2,2,0.50665070000000000,0.506650700000,-1.4331513700195317,-1.4331513700195317,-1.4331513700195317,0E-17,ELIGIBLE,R03b_20260811_FULL_v1,L1_ELIGIBILITY,v2026-08-11,2026-03-21..2026-08-06,baccarat_bet02_101_all_pairs_incl_sentinel,round_win = game_pnl > 0 (decisive only),COMPATIBILITY_ONLY_NOT_PRODUCTION,234885.8996,214754.2105,9869.7735,3689,3015,-0.04201944,-0.00608590,-0.04816467,-0.04201944,-9869.7735,234885.8996,OK,0.0000,394.7909,4.0000,96.0000,AG03-UNRESOLVED,ALL5_LEVELS_bet23_to_bet27,394.7909,394.7909,394.7909,394.7909,394.7909,4.000000,4.000000,4.000000,4.000000,4.000000,96.000000,96.000000,96.000000,96.000000,96.000000,5.0,1973.9547,1822.2297,7895.8188,8047.5438,PENDING_AG03,FALSE,NOT_FOR_ENFORCEMENT,9474.9825,206164.0421,9869.7735,9474.9825,394.7909,0.04201944,0.04033866,394.7909,9474.9825,0.04033866,394.7909,394.7909,394.7909,394.7909,394.7909,9474.9825,0.04033866,1973.9547,1822.2297,7895.8188,8047.5438,0.03361555,0.0342615,0.00168078,63.6720,71.2286,3.2736,143.0402,5.0692,3404.1435,43.6957,64.4793,63.5359,42.5677,43.0663,85.2079,124.7713,127.8119,154.8004,42.604,-41.336,2.967791,3.594466,1.478463,30,203,130,8,0.14604117,0.04201944,0.00608590,0E-8,0.000000,0.914292,0.640282,0.04207877,2026-03-23,2026-08-04,69,1947,1162,135,0.511111,1.014849,1.012680,0.486804,,,,,,,,GLOBAL_BASELINE_NO_ENTITY_RANKING,,,NOT_APPLICABLE_GLOBAL_BASELINE,HF9g-P5,,,,X 全窗基线 · 不参与实体赏罚,15050838,1506,A168_HF9F_20260827_0900,2026-08-27 09:00:00
2026-06-12,74657362,2082,0,426.0395364690,-170.4158145876,-170.4158145876,0.3333333,6,3,0.29161730000000000,0.216102416667,0.1589728710488761,0.4933365741656725,0.1589728710488761,0.07551488333300000,ELIGIBLE,R03b_20260811_FULL_v1,L1_ELIGIBILITY,v2026-08-11,2026-03-21..2026-08-06,baccarat_bet02_101_all_pairs_incl_sentinel,round_win = game_pnl > 0 (decisive only),COMPATIBILITY_ONLY_NOT_PRODUCTION,234885.8996,214754.2105,9869.7735,3689,3015,-0.04201944,-0.00608590,-0.04816467,-0.04201944,-9869.7735,234885.8996,OK,0.0000,394.7909,4.0000,96.0000,AG03-UNRESOLVED,ALL5_LEVELS_bet23_to_bet27,394.7909,394.7909,394.7909,394.7909,394.7909,4.000000,4.000000,4.000000,4.000000,4.000000,96.000000,96.000000,96.000000,96.000000,96.000000,5.0,1973.9547,1822.2297,7895.8188,8047.5438,PENDING_AG03,FALSE,NOT_FOR_ENFORCEMENT,9474.9825,206164.0421,9869.7735,9474.9825,394.7909,0.04201944,0.04033866,394.7909,9474.9825,0.04033866,394.7909,394.7909,394.7909,394.7909,394.7909,9474.9825,0.04033866,1973.9547,1822.2297,7895.8188,8047.5438,0.03361555,0.0342615,0.00168078,63.6720,71.2286,3.2736,143.0402,5.0692,3404.1435,43.6957,64.4793,63.5359,42.5677,43.0663,85.2079,124.7713,127.8119,154.8004,42.604,-41.336,2.967791,3.594466,1.478463,30,203,130,8,0.14604117,0.04201944,0.00608590,0E-8,0.000000,0.914292,0.640282,0.04207877,2026-03-23,2026-08-04,69,1947,1162,135,0.511111,1.014849,1.012680,0.486804,,,,,,,,GLOBAL_BASELINE_NO_ENTITY_RANKING,,,NOT_APPLICABLE_GLOBAL_BASELINE,HF9g-P5,,,,X 全窗基线 · 不参与实体赏罚,15050839,1506,A168_HF9F_20260827_0900,2026-08-27 09:00:00
2026-06-12,74657362,2170,0,85.2079072938,-85.2079072938,-85.2079072938,0E-7,1,1,0.49324550000000000,0.493245500000,-0.9865810262130424,-0.9865810262130424,-0.9865810262130424,0E-17,ELIGIBLE,R03b_20260811_FULL_v1,L1_ELIGIBILITY,v2026-08-11,2026-03-21..2026-08-06,baccarat_bet02_101_all_pairs_incl_sentinel,round_win = game_pnl > 0 (decisive only),COMPATIBILITY_ONLY_NOT_PRODUCTION,234885.8996,214754.2105,9869.7735,3689,3015,-0.04201944,-0.00608590,-0.04816467,-0.04201944,-9869.7735,234885.8996,OK,0.0000,394.7909,4.0000,96.0000,AG03-UNRESOLVED,ALL5_LEVELS_bet23_to_bet27,394.7909,394.7909,394.7909,394.7909,394.7909,4.000000,4.000000,4.000000,4.000000,4.000000,96.000000,96.000000,96.000000,96.000000,96.000000,5.0,1973.9547,1822.2297,7895.8188,8047.5438,PENDING_AG03,FALSE,NOT_FOR_ENFORCEMENT,9474.9825,206164.0421,9869.7735,9474.9825,394.7909,0.04201944,0.04033866,394.7909,9474.9825,0.04033866,394.7909,394.7909,394.7909,394.7909,394.7909,9474.9825,0.04033866,1973.9547,1822.2297,7895.8188,8047.5438,0.03361555,0.0342615,0.00168078,63.6720,71.2286,3.2736,143.0402,5.0692,3404.1435,43.6957,64.4793,63.5359,42.5677,43.0663,85.2079,124.7713,127.8119,154.8004,42.604,-41.336,2.967791,3.594466,1.478463,30,203,130,8,0.14604117,0.04201944,0.00608590,0E-8,0.000000,0.914292,0.640282,0.04207877,2026-03-23,2026-08-04,69,1947,1162,135,0.511111,1.014849,1.012680,0.486804,,,,,,,,GLOBAL_BASELINE_NO_ENTITY_RANKING,,,NOT_APPLICABLE_GLOBAL_BASELINE,HF9g-P5,,,,X 全窗基线 · 不参与实体赏罚,15050840,1506,A168_HF9F_20260827_0900,2026-08-27 09:00:00
2026-06-12,74657362,2287,0,85.2079072938,-85.2079072938,-85.2079072938,0E-7,1,1,0.49324550000000000,0.493245500000,-0.9865810262130424,-0.9865810262130424,-0.9865810262130424,0E-17,ELIGIBLE,R03b_20260811_FULL_v1,L1_ELIGIBILITY,v2026-08-11,2026-03-21..2026-08-06,baccarat_bet02_101_all_pairs_incl_sentinel,round_win = game_pnl > 0 (decisive only),COMPATIBILITY_ONLY_NOT_PRODUCTION,234885.8996,214754.2105,9869.7735,3689,3015,-0.04201944,-0.00608590,-0.04816467,-0.04201944,-9869.7735,234885.8996,OK,0.0000,394.7909,4.0000,96.0000,AG03-UNRESOLVED,ALL5_LEVELS_bet23_to_bet27,394.7909,394.7909,394.7909,394.7909,394.7909,4.000000,4.000000,4.000000,4.000000,4.000000,96.000000,96.000000,96.000000,96.000000,96.000000,5.0,1973.9547,1822.2297,7895.8188,8047.5438,PENDING_AG03,FALSE,NOT_FOR_ENFORCEMENT,9474.9825,206164.0421,9869.7735,9474.9825,394.7909,0.04201944,0.04033866,394.7909,9474.9825,0.04033866,394.7909,394.7909,394.7909,394.7909,394.7909,9474.9825,0.04033866,1973.9547,1822.2297,7895.8188,8047.5438,0.03361555,0.0342615,0.00168078,63.6720,71.2286,3.2736,143.0402,5.0692,3404.1435,43.6957,64.4793,63.5359,42.5677,43.0663,85.2079,124.7713,127.8119,154.8004,42.604,-41.336,2.967791,3.594466,1.478463,30,203,130,8,0.14604117,0.04201944,0.00608590,0E-8,0.000000,0.914292,0.640282,0.04207877,2026-03-23,2026-08-04,69,1947,1162,135,0.511111,1.014849,1.012680,0.486804,,,,,,,,GLOBAL_BASELINE_NO_ENTITY_RANKING,,,NOT_APPLICABLE_GLOBAL_BASELINE,HF9g-P5,,,,X 全窗基线 · 不参与实体赏罚,15050841,1506,A168_HF9F_20260827_0900,2026-08-27 09:00:00
2026-06-12,74657362,526,0,42.6039536469,0E-10,0E-10,,1,1,0.49324550000000000,0.493245500000,,,,0E-17,NO_DECISIVE_ROUND,R03b_20260811_FULL_v1,L1_ELIGIBILITY,v2026-08-11,2026-03-21..2026-08-06,baccarat_bet02_101_all_pairs_incl_sentinel,round_win = game_pnl > 0 (decisive only),COMPATIBILITY_ONLY_NOT_PRODUCTION,234885.8996,214754.2105,9869.7735,3689,3015,-0.04201944,-0.00608590,-0.04816467,-0.04201944,-9869.7735,234885.8996,OK,0.0000,394.7909,4.0000,96.0000,AG03-UNRESOLVED,ALL5_LEVELS_bet23_to_bet27,394.7909,394.7909,394.7909,394.7909,394.7909,4.000000,4.000000,4.000000,4.000000,4.000000,96.000000,96.000000,96.000000,96.000000,96.000000,5.0,1973.9547,1822.2297,7895.8188,8047.5438,PENDING_AG03,FALSE,NOT_FOR_ENFORCEMENT,9474.9825,206164.0421,9869.7735,9474.9825,394.7909,0.04201944,0.04033866,394.7909,9474.9825,0.04033866,394.7909,394.7909,394.7909,394.7909,394.7909,9474.9825,0.04033866,1973.9547,1822.2297,7895.8188,8047.5438,0.03361555,0.0342615,0.00168078,63.6720,71.2286,3.2736,143.0402,5.0692,3404.1435,43.6957,64.4793,63.5359,42.5677,43.0663,85.2079,124.7713,127.8119,154.8004,42.604,-41.336,2.967791,3.594466,1.478463,30,203,130,8,0.14604117,0.04201944,0.00608590,0E-8,0.000000,0.914292,0.640282,0.04207877,2026-03-23,2026-08-04,69,1947,1162,135,0.511111,1.014849,1.012680,0.486804,,,,,,,,GLOBAL_BASELINE_NO_ENTITY_RANKING,,,NOT_APPLICABLE_GLOBAL_BASELINE,HF9g-P5,,,,X 全窗基线 · 不参与实体赏罚,15050842,1506,A168_HF9F_20260827_0900,2026-08-27 09:00:00
2026-06-13,74657362,-1,1,1491.1383776415,-42.6039536469,-42.6039536469,0.5384615,20,17,0.47719897205882353,0.457209738235,0.44223070804804615,0.5880725508418839,0.44223070804804615,0.01998923382382353,SENTINEL_DEALER,R03b_20260811_FULL_v1,L1_ELIGIBILITY,v2026-08-11,2026-03-21..2026-08-06,baccarat_bet02_101_all_pairs_incl_sentinel,round_win = game_pnl > 0 (decisive only),COMPATIBILITY_ONLY_NOT_PRODUCTION,234885.8996,214754.2105,9869.7735,3689,3015,-0.04201944,-0.00608590,-0.04816467,-0.04201944,-9869.7735,234885.8996,OK,0.0000,394.7909,4.0000,96.0000,AG03-UNRESOLVED,ALL5_LEVELS_bet23_to_bet27,394.7909,394.7909,394.7909,394.7909,394.7909,4.000000,4.000000,4.000000,4.000000,4.000000,96.000000,96.000000,96.000000,96.000000,96.000000,5.0,1973.9547,1822.2297,7895.8188,8047.5438,PENDING_AG03,FALSE,NOT_FOR_ENFORCEMENT,9474.9825,206164.0421,9869.7735,9474.9825,394.7909,0.04201944,0.04033866,394.7909,9474.9825,0.04033866,394.7909,394.7909,394.7909,394.7909,394.7909,9474.9825,0.04033866,1973.9547,1822.2297,7895.8188,8047.5438,0.03361555,0.0342615,0.00168078,63.6720,71.2286,3.2736,143.0402,5.0692,3404.1435,43.6957,64.4793,63.5359,42.5677,43.0663,85.2079,124.7713,127.8119,154.8004,42.604,-41.336,2.967791,3.594466,1.478463,30,203,130,8,0.14604117,0.04201944,0.00608590,0E-8,0.000000,0.914292,0.640282,0.04207877,2026-03-23,2026-08-04,69,1947,1162,135,0.511111,1.014849,1.012680,0.486804,,,,,,,,GLOBAL_BASELINE_NO_ENTITY_RANKING,,,NOT_APPLICABLE_GLOBAL_BASELINE,HF9g-P5,,,,X 全窗基线 · 不参与实体赏罚,15050843,1506,A168_HF9F_20260827_0900,2026-08-27 09:00:00
2026-06-13,74657362,1094,0,85.2079072938,-85.2079072938,-85.2079072938,0E-7,1,1,0.49324550000000000,0.493245500000,-0.9865810262130424,-0.9865810262130424,-0.9865810262130424,0E-17,ELIGIBLE,R03b_20260811_FULL_v1,L1_ELIGIBILITY,v2026-08-11,2026-03-21..2026-08-06,baccarat_bet02_101_all_pairs_incl_sentinel,round_win = game_pnl > 0 (decisive only),COMPATIBILITY_ONLY_NOT_PRODUCTION,234885.8996,214754.2105,9869.7735,3689,3015,-0.04201944,-0.00608590,-0.04816467,-0.04201944,-9869.7735,234885.8996,OK,0.0000,394.7909,4.0000,96.0000,AG03-UNRESOLVED,ALL5_LEVELS_bet23_to_bet27,394.7909,394.7909,394.7909,394.7909,394.7909,4.000000,4.000000,4.000000,4.000000,4.000000,96.000000,96.000000,96.000000,96.000000,96.000000,5.0,1973.9547,1822.2297,7895.8188,8047.5438,PENDING_AG03,FALSE,NOT_FOR_ENFORCEMENT,9474.9825,206164.0421,9869.7735,9474.9825,394.7909,0.04201944,0.04033866,394.7909,9474.9825,0.04033866,394.7909,394.7909,394.7909,394.7909,394.7909,9474.9825,0.04033866,1973.9547,1822.2297,7895.8188,8047.5438,0.03361555,0.0342615,0.00168078,63.6720,71.2286,3.2736,143.0402,5.0692,3404.1435,43.6957,64.4793,63.5359,42.5677,43.0663,85.2079,124.7713,127.8119,154.8004,42.604,-41.336,2.967791,3.594466,1.478463,30,203,130,8,0.14604117,0.04201944,0.00608590,0E-8,0.000000,0.914292,0.640282,0.04207877,2026-03-23,2026-08-04,69,1947,1162,135,0.511111,1.014849,1.012680,0.486804,,,,,,,,GLOBAL_BASELINE_NO_ENTITY_RANKING,,,NOT_APPLICABLE_GLOBAL_BASELINE,HF9g-P5,,,,X 全窗基线 · 不参与实体赏罚,15050844,1506,A168_HF9F_20260827_0900,2026-08-27 09:00:00
2026-06-13,74657362,1115,0,85.2079072938,85.2079072938,85.2079072938,1.0000000,1,1,0.49324550000000000,0.493245500000,1.01360149184955,1.01360149184955,1.01360149184955,0E-17,ELIGIBLE,R03b_20260811_FULL_v1,L1_ELIGIBILITY,v2026-08-11,2026-03-21..2026-08-06,baccarat_bet02_101_all_pairs_incl_sentinel,round_win = game_pnl > 0 (decisive only),COMPATIBILITY_ONLY_NOT_PRODUCTION,234885.8996,214754.2105,9869.7735,3689,3015,-0.04201944,-0.00608590,-0.04816467,-0.04201944,-9869.7735,234885.8996,OK,0.0000,394.7909,4.0000,96.0000,AG03-UNRESOLVED,ALL5_LEVELS_bet23_to_bet27,394.7909,394.7909,394.7909,394.7909,394.7909,4.000000,4.000000,4.000000,4.000000,4.000000,96.000000,96.000000,96.000000,96.000000,96.000000,5.0,1973.9547,1822.2297,7895.8188,8047.5438,PENDING_AG03,FALSE,NOT_FOR_ENFORCEMENT,9474.9825,206164.0421,9869.7735,9474.9825,394.7909,0.04201944,0.04033866,394.7909,9474.9825,0.04033866,394.7909,394.7909,394.7909,394.7909,394.7909,9474.9825,0.04033866,1973.9547,1822.2297,7895.8188,8047.5438,0.03361555,0.0342615,0.00168078,63.6720,71.2286,3.2736,143.0402,5.0692,3404.1435,43.6957,64.4793,63.5359,42.5677,43.0663,85.2079,124.7713,127.8119,154.8004,42.604,-41.336,2.967791,3.594466,1.478463,30,203,130,8,0.14604117,0.04201944,0.00608590,0E-8,0.000000,0.914292,0.640282,0.04207877,2026-03-23,2026-08-04,69,1947,1162,135,0.511111,1.014849,1.012680,0.486804,,,,,,,,GLOBAL_BASELINE_NO_ENTITY_RANKING,,,NOT_APPLICABLE_GLOBAL_BASELINE,HF9g-P5,,,,X 全窗基线 · 不参与实体赏罚,15050845,1506,A168_HF9F_20260827_0900,2026-08-27 09:00:00
2026-06-13,74657362,1151,0,170.4158145876,-170.4158145876,-170.4158145876,0E-7,2,1,0.39337837500000000,0.280106050000,-0.8052788575962098,-0.6237735893609975,-0.8052788575962098,0.11327232500000000,ELIGIBLE,R03b_20260811_FULL_v1,L1_ELIGIBILITY,v2026-08-11,2026-03-21..2026-08-06,baccarat_bet02_101_all_pairs_incl_sentinel,round_win = game_pnl > 0 (decisive only),COMPATIBILITY_ONLY_NOT_PRODUCTION,234885.8996,214754.2105,9869.7735,3689,3015,-0.04201944,-0.00608590,-0.04816467,-0.04201944,-9869.7735,234885.8996,OK,0.0000,394.7909,4.0000,96.0000,AG03-UNRESOLVED,ALL5_LEVELS_bet23_to_bet27,394.7909,394.7909,394.7909,394.7909,394.7909,4.000000,4.000000,4.000000,4.000000,4.000000,96.000000,96.000000,96.000000,96.000000,96.000000,5.0,1973.9547,1822.2297,7895.8188,8047.5438,PENDING_AG03,FALSE,NOT_FOR_ENFORCEMENT,9474.9825,206164.0421,9869.7735,9474.9825,394.7909,0.04201944,0.04033866,394.7909,9474.9825,0.04033866,394.7909,394.7909,394.7909,394.7909,394.7909,9474.9825,0.04033866,1973.9547,1822.2297,7895.8188,8047.5438,0.03361555,0.0342615,0.00168078,63.6720,71.2286,3.2736,143.0402,5.0692,3404.1435,43.6957,64.4793,63.5359,42.5677,43.0663,85.2079,124.7713,127.8119,154.8004,42.604,-41.336,2.967791,3.594466,1.478463,30,203,130,8,0.14604117,0.04201944,0.00608590,0E-8,0.000000,0.914292,0.640282,0.04207877,2026-03-23,2026-08-04,69,1947,1162,135,0.511111,1.014849,1.012680,0.486804,,,,,,,,GLOBAL_BASELINE_NO_ENTITY_RANKING,,,NOT_APPLICABLE_GLOBAL_BASELINE,HF9g-P5,,,,X 全窗基线 · 不参与实体赏罚,15050846,1506,A168_HF9F_20260827_0900,2026-08-27 09:00:00
2026-06-13,74657362,1304,0,170.4158145876,-170.4158145876,-170.4158145876,0E-7,2,2,0.49324550000000000,0.493245500000,-1.3952362676504506,-1.3952362676504506,-1.3952362676504506,0E-17,ELIGIBLE,R03b_20260811_FULL_v1,L1_ELIGIBILITY,v2026-08-11,2026-03-21..2026-08-06,baccarat_bet02_101_all_pairs_incl_sentinel,round_win = game_pnl > 0 (decisive only),COMPATIBILITY_ONLY_NOT_PRODUCTION,234885.8996,214754.2105,9869.7735,3689,3015,-0.04201944,-0.00608590,-0.04816467,-0.04201944,-9869.7735,234885.8996,OK,0.0000,394.7909,4.0000,96.0000,AG03-UNRESOLVED,ALL5_LEVELS_bet23_to_bet27,394.7909,394.7909,394.7909,394.7909,394.7909,4.000000,4.000000,4.000000,4.000000,4.000000,96.000000,96.000000,96.000000,96.000000,96.000000,5.0,1973.9547,1822.2297,7895.8188,8047.5438,PENDING_AG03,FALSE,NOT_FOR_ENFORCEMENT,9474.9825,206164.0421,9869.7735,9474.9825,394.7909,0.04201944,0.04033866,394.7909,9474.9825,0.04033866,394.7909,394.7909,394.7909,394.7909,394.7909,9474.9825,0.04033866,1973.9547,1822.2297,7895.8188,8047.5438,0.03361555,0.0342615,0.00168078,63.6720,71.2286,3.2736,143.0402,5.0692,3404.1435,43.6957,64.4793,63.5359,42.5677,43.0663,85.2079,124.7713,127.8119,154.8004,42.604,-41.336,2.967791,3.594466,1.478463,30,203,130,8,0.14604117,0.04201944,0.00608590,0E-8,0.000000,0.914292,0.640282,0.04207877,2026-03-23,2026-08-04,69,1947,1162,135,0.511111,1.014849,1.012680,0.486804,,,,,,,,GLOBAL_BASELINE_NO_ENTITY_RANKING,,,NOT_APPLICABLE_GLOBAL_BASELINE,HF9g-P5,,,,X 全窗基线 · 不参与实体赏罚,15050847,1506,A168_HF9F_20260827_0900,2026-08-27 09:00:00
2026-06-13,74657362,1382,0,298.2276755283,-170.4158145876,-170.4158145876,0E-7,4,2,0.37449965416666667,0.280106050000,-1.0942761436341792,-0.8821490699244685,-1.0942761436341792,0.09439360416666667,ELIGIBLE,R03b_20260811_FULL_v1,L1_ELIGIBILITY,v2026-08-11,2026-03-21..2026-08-06,baccarat_bet02_101_all_pairs_incl_sentinel,round_win = game_pnl > 0 (decisive only),COMPATIBILITY_ONLY_NOT_PRODUCTION,234885.8996,214754.2105,9869.7735,3689,3015,-0.04201944,-0.00608590,-0.04816467,-0.04201944,-9869.7735,234885.8996,OK,0.0000,394.7909,4.0000,96.0000,AG03-UNRESOLVED,ALL5_LEVELS_bet23_to_bet27,394.7909,394.7909,394.7909,394.7909,394.7909,4.000000,4.000000,4.000000,4.000000,4.000000,96.000000,96.000000,96.000000,96.000000,96.000000,5.0,1973.9547,1822.2297,7895.8188,8047.5438,PENDING_AG03,FALSE,NOT_FOR_ENFORCEMENT,9474.9825,206164.0421,9869.7735,9474.9825,394.7909,0.04201944,0.04033866,394.7909,9474.9825,0.04033866,394.7909,394.7909,394.7909,394.7909,394.7909,9474.9825,0.04033866,1973.9547,1822.2297,7895.8188,8047.5438,0.03361555,0.0342615,0.00168078,63.6720,71.2286,3.2736,143.0402,5.0692,3404.1435,43.6957,64.4793,63.5359,42.5677,43.0663,85.2079,124.7713,127.8119,154.8004,42.604,-41.336,2.967791,3.594466,1.478463,30,203,130,8,0.14604117,0.04201944,0.00608590,0E-8,0.000000,0.914292,0.640282,0.04207877,2026-03-23,2026-08-04,69,1947,1162,135,0.511111,1.014849,1.012680,0.486804,,,,,,,,GLOBAL_BASELINE_NO_ENTITY_RANKING,,,NOT_APPLICABLE_GLOBAL_BASELINE,HF9g-P5,,,,X 全窗基线 · 不参与实体赏罚,15050848,1506,A168_HF9F_20260827_0900,2026-08-27 09:00:00
2026-06-13,74657362,1396,0,85.2079072938,85.2079072938,85.2079072938,1.0000000,1,1,0.49324550000000000,0.493245500000,1.01360149184955,1.01360149184955,1.01360149184955,0E-17,ELIGIBLE,R03b_20260811_FULL_v1,L1_ELIGIBILITY,v2026-08-11,2026-03-21..2026-08-06,baccarat_bet02_101_all_pairs_incl_sentinel,round_win = game_pnl > 0 (decisive only),COMPATIBILITY_ONLY_NOT_PRODUCTION,234885.8996,214754.2105,9869.7735,3689,3015,-0.04201944,-0.00608590,-0.04816467,-0.04201944,-9869.7735,234885.8996,OK,0.0000,394.7909,4.0000,96.0000,AG03-UNRESOLVED,ALL5_LEVELS_bet23_to_bet27,394.7909,394.7909,394.7909,394.7909,394.7909,4.000000,4.000000,4.000000,4.000000,4.000000,96.000000,96.000000,96.000000,96.000000,96.000000,5.0,1973.9547,1822.2297,7895.8188,8047.5438,PENDING_AG03,FALSE,NOT_FOR_ENFORCEMENT,9474.9825,206164.0421,9869.7735,9474.9825,394.7909,0.04201944,0.04033866,394.7909,9474.9825,0.04033866,394.7909,394.7909,394.7909,394.7909,394.7909,9474.9825,0.04033866,1973.9547,1822.2297,7895.8188,8047.5438,0.03361555,0.0342615,0.00168078,63.6720,71.2286,3.2736,143.0402,5.0692,3404.1435,43.6957,64.4793,63.5359,42.5677,43.0663,85.2079,124.7713,127.8119,154.8004,42.604,-41.336,2.967791,3.594466,1.478463,30,203,130,8,0.14604117,0.04201944,0.00608590,0E-8,0.000000,0.914292,0.640282,0.04207877,2026-03-23,2026-08-04,69,1947,1162,135,0.511111,1.014849,1.012680,0.486804,,,,,,,,GLOBAL_BASELINE_NO_ENTITY_RANKING,,,NOT_APPLICABLE_GLOBAL_BASELINE,HF9g-P5,,,,X 全窗基线 · 不参与实体赏罚,15050849,1506,A168_HF9F_20260827_0900,2026-08-27 09:00:00
2026-06-13,74657362,1507,0,85.2079072938,85.2079072938,85.2079072938,1.0000000,1,1,0.49324550000000000,0.493245500000,1.01360149184955,1.01360149184955,1.01360149184955,0E-17,ELIGIBLE,R03b_20260811_FULL_v1,L1_ELIGIBILITY,v2026-08-11,2026-03-21..2026-08-06,baccarat_bet02_101_all_pairs_incl_sentinel,round_win = game_pnl > 0 (decisive only),COMPATIBILITY_ONLY_NOT_PRODUCTION,234885.8996,214754.2105,9869.7735,3689,3015,-0.04201944,-0.00608590,-0.04816467,-0.04201944,-9869.7735,234885.8996,OK,0.0000,394.7909,4.0000,96.0000,AG03-UNRESOLVED,ALL5_LEVELS_bet23_to_bet27,394.7909,394.7909,394.7909,394.7909,394.7909,4.000000,4.000000,4.000000,4.000000,4.000000,96.000000,96.000000,96.000000,96.000000,96.000000,5.0,1973.9547,1822.2297,7895.8188,8047.5438,PENDING_AG03,FALSE,NOT_FOR_ENFORCEMENT,9474.9825,206164.0421,9869.7735,9474.9825,394.7909,0.04201944,0.04033866,394.7909,9474.9825,0.04033866,394.7909,394.7909,394.7909,394.7909,394.7909,9474.9825,0.04033866,1973.9547,1822.2297,7895.8188,8047.5438,0.03361555,0.0342615,0.00168078,63.6720,71.2286,3.2736,143.0402,5.0692,3404.1435,43.6957,64.4793,63.5359,42.5677,43.0663,85.2079,124.7713,127.8119,154.8004,42.604,-41.336,2.967791,3.594466,1.478463,30,203,130,8,0.14604117,0.04201944,0.00608590,0E-8,0.000000,0.914292,0.640282,0.04207877,2026-03-23,2026-08-04,69,1947,1162,135,0.511111,1.014849,1.012680,0.486804,,,,,,,,GLOBAL_BASELINE_NO_ENTITY_RANKING,,,NOT_APPLICABLE_GLOBAL_BASELINE,HF9g-P5,,,,X 全窗基线 · 不参与实体赏罚,15050850,1506,A168_HF9F_20260827_0900,2026-08-27 09:00:00
2026-06-13,74657362,1940,0,42.6039536469,-42.6039536469,-42.6039536469,0E-7,1,1,0.49324550000000000,0.493245500000,-0.9865810262130424,-0.9865810262130424,-0.9865810262130424,0E-17,ELIGIBLE,R03b_20260811_FULL_v1,L1_ELIGIBILITY,v2026-08-11,2026-03-21..2026-08-06,baccarat_bet02_101_all_pairs_incl_sentinel,round_win = game_pnl > 0 (decisive only),COMPATIBILITY_ONLY_NOT_PRODUCTION,234885.8996,214754.2105,9869.7735,3689,3015,-0.04201944,-0.00608590,-0.04816467,-0.04201944,-9869.7735,234885.8996,OK,0.0000,394.7909,4.0000,96.0000,AG03-UNRESOLVED,ALL5_LEVELS_bet23_to_bet27,394.7909,394.7909,394.7909,394.7909,394.7909,4.000000,4.000000,4.000000,4.000000,4.000000,96.000000,96.000000,96.000000,96.000000,96.000000,5.0,1973.9547,1822.2297,7895.8188,8047.5438,PENDING_AG03,FALSE,NOT_FOR_ENFORCEMENT,9474.9825,206164.0421,9869.7735,9474.9825,394.7909,0.04201944,0.04033866,394.7909,9474.9825,0.04033866,394.7909,394.7909,394.7909,394.7909,394.7909,9474.9825,0.04033866,1973.9547,1822.2297,7895.8188,8047.5438,0.03361555,0.0342615,0.00168078,63.6720,71.2286,3.2736,143.0402,5.0692,3404.1435,43.6957,64.4793,63.5359,42.5677,43.0663,85.2079,124.7713,127.8119,154.8004,42.604,-41.336,2.967791,3.594466,1.478463,30,203,130,8,0.14604117,0.04201944,0.00608590,0E-8,0.000000,0.914292,0.640282,0.04207877,2026-03-23,2026-08-04,69,1947,1162,135,0.511111,1.014849,1.012680,0.486804,,,,,,,,GLOBAL_BASELINE_NO_ENTITY_RANKING,,,NOT_APPLICABLE_GLOBAL_BASELINE,HF9g-P5,,,,X 全窗基线 · 不参与实体赏罚,15050851,1506,A168_HF9F_20260827_0900,2026-08-27 09:00:00
2026-06-13,74657362,1951,0,85.2079072938,0E-10,0E-10,,1,1,0.49324550000000000,0.493245500000,,,,0E-17,NO_DECISIVE_ROUND,R03b_20260811_FULL_v1,L1_ELIGIBILITY,v2026-08-11,2026-03-21..2026-08-06,baccarat_bet02_101_all_pairs_incl_sentinel,round_win = game_pnl > 0 (decisive only),COMPATIBILITY_ONLY_NOT_PRODUCTION,234885.8996,214754.2105,9869.7735,3689,3015,-0.04201944,-0.00608590,-0.04816467,-0.04201944,-9869.7735,234885.8996,OK,0.0000,394.7909,4.0000,96.0000,AG03-UNRESOLVED,ALL5_LEVELS_bet23_to_bet27,394.7909,394.7909,394.7909,394.7909,394.7909,4.000000,4.000000,4.000000,4.000000,4.000000,96.000000,96.000000,96.000000,96.000000,96.000000,5.0,1973.9547,1822.2297,7895.8188,8047.5438,PENDING_AG03,FALSE,NOT_FOR_ENFORCEMENT,9474.9825,206164.0421,9869.7735,9474.9825,394.7909,0.04201944,0.04033866,394.7909,9474.9825,0.04033866,394.7909,394.7909,394.7909,394.7909,394.7909,9474.9825,0.04033866,1973.9547,1822.2297,7895.8188,8047.5438,0.03361555,0.0342615,0.00168078,63.6720,71.2286,3.2736,143.0402,5.0692,3404.1435,43.6957,64.4793,63.5359,42.5677,43.0663,85.2079,124.7713,127.8119,154.8004,42.604,-41.336,2.967791,3.594466,1.478463,30,203,130,8,0.14604117,0.04201944,0.00608590,0E-8,0.000000,0.914292,0.640282,0.04207877,2026-03-23,2026-08-04,69,1947,1162,135,0.511111,1.014849,1.012680,0.486804,,,,,,,,GLOBAL_BASELINE_NO_ENTITY_RANKING,,,NOT_APPLICABLE_GLOBAL_BASELINE,HF9g-P5,,,,X 全窗基线 · 不参与实体赏罚,15050852,1506,A168_HF9F_20260827_0900,2026-08-27 09:00:00
2026-06-13,74657362,1963,0,213.0197682345,42.6039536469,42.6039536469,0.5000000,3,2,0.44331193750000000,0.386675775000,0.16137860029625145,0.3290934312765982,0.16137860029625145,0.05663616250000000,ELIGIBLE,R03b_20260811_FULL_v1,L1_ELIGIBILITY,v2026-08-11,2026-03-21..2026-08-06,baccarat_bet02_101_all_pairs_incl_sentinel,round_win = game_pnl > 0 (decisive only),COMPATIBILITY_ONLY_NOT_PRODUCTION,234885.8996,214754.2105,9869.7735,3689,3015,-0.04201944,-0.00608590,-0.04816467,-0.04201944,-9869.7735,234885.8996,OK,0.0000,394.7909,4.0000,96.0000,AG03-UNRESOLVED,ALL5_LEVELS_bet23_to_bet27,394.7909,394.7909,394.7909,394.7909,394.7909,4.000000,4.000000,4.000000,4.000000,4.000000,96.000000,96.000000,96.000000,96.000000,96.000000,5.0,1973.9547,1822.2297,7895.8188,8047.5438,PENDING_AG03,FALSE,NOT_FOR_ENFORCEMENT,9474.9825,206164.0421,9869.7735,9474.9825,394.7909,0.04201944,0.04033866,394.7909,9474.9825,0.04033866,394.7909,394.7909,394.7909,394.7909,394.7909,9474.9825,0.04033866,1973.9547,1822.2297,7895.8188,8047.5438,0.03361555,0.0342615,0.00168078,63.6720,71.2286,3.2736,143.0402,5.0692,3404.1435,43.6957,64.4793,63.5359,42.5677,43.0663,85.2079,124.7713,127.8119,154.8004,42.604,-41.336,2.967791,3.594466,1.478463,30,203,130,8,0.14604117,0.04201944,0.00608590,0E-8,0.000000,0.914292,0.640282,0.04207877,2026-03-23,2026-08-04,69,1947,1162,135,0.511111,1.014849,1.012680,0.486804,,,,,,,,GLOBAL_BASELINE_NO_ENTITY_RANKING,,,NOT_APPLICABLE_GLOBAL_BASELINE,HF9g-P5,,,,X 全窗基线 · 不参与实体赏罚,15050853,1506,A168_HF9F_20260827_0900,2026-08-27 09:00:00
2026-06-13,74657362,2088,0,340.8316291752,-170.4158145876,-170.4158145876,0.3333333,4,3,0.45995645833333333,0.422199016667,-0.44004886570143387,-0.3116355290860713,-0.44004886570143387,0.03775744166633333,ELIGIBLE,R03b_20260811_FULL_v1,L1_ELIGIBILITY,v2026-08-11,2026-03-21..2026-08-06,baccarat_bet02_101_all_pairs_incl_sentinel,round_win = game_pnl > 0 (decisive only),COMPATIBILITY_ONLY_NOT_PRODUCTION,234885.8996,214754.2105,9869.7735,3689,3015,-0.04201944,-0.00608590,-0.04816467,-0.04201944,-9869.7735,234885.8996,OK,0.0000,394.7909,4.0000,96.0000,AG03-UNRESOLVED,ALL5_LEVELS_bet23_to_bet27,394.7909,394.7909,394.7909,394.7909,394.7909,4.000000,4.000000,4.000000,4.000000,4.000000,96.000000,96.000000,96.000000,96.000000,96.000000,5.0,1973.9547,1822.2297,7895.8188,8047.5438,PENDING_AG03,FALSE,NOT_FOR_ENFORCEMENT,9474.9825,206164.0421,9869.7735,9474.9825,394.7909,0.04201944,0.04033866,394.7909,9474.9825,0.04033866,394.7909,394.7909,394.7909,394.7909,394.7909,9474.9825,0.04033866,1973.9547,1822.2297,7895.8188,8047.5438,0.03361555,0.0342615,0.00168078,63.6720,71.2286,3.2736,143.0402,5.0692,3404.1435,43.6957,64.4793,63.5359,42.5677,43.0663,85.2079,124.7713,127.8119,154.8004,42.604,-41.336,2.967791,3.594466,1.478463,30,203,130,8,0.14604117,0.04201944,0.00608590,0E-8,0.000000,0.914292,0.640282,0.04207877,2026-03-23,2026-08-04,69,1947,1162,135,0.511111,1.014849,1.012680,0.486804,,,,,,,,GLOBAL_BASELINE_NO_ENTITY_RANKING,,,NOT_APPLICABLE_GLOBAL_BASELINE,HF9g-P5,,,,X 全窗基线 · 不参与实体赏罚,15050854,1506,A168_HF9F_20260827_0900,2026-08-27 09:00:00
2026-06-13,74657362,2123,0,170.4158145876,170.4158145876,170.4158145876,1.0000000,2,2,0.49324550000000000,0.493245500000,1.4334489766152358,1.4334489766152358,1.4334489766152358,0E-17,ELIGIBLE,R03b_20260811_FULL_v1,L1_ELIGIBILITY,v2026-08-11,2026-03-21..2026-08-06,baccarat_bet02_101_all_pairs_incl_sentinel,round_win = game_pnl > 0 (decisive only),COMPATIBILITY_ONLY_NOT_PRODUCTION,234885.8996,214754.2105,9869.7735,3689,3015,-0.04201944,-0.00608590,-0.04816467,-0.04201944,-9869.7735,234885.8996,OK,0.0000,394.7909,4.0000,96.0000,AG03-UNRESOLVED,ALL5_LEVELS_bet23_to_bet27,394.7909,394.7909,394.7909,394.7909,394.7909,4.000000,4.000000,4.000000,4.000000,4.000000,96.000000,96.000000,96.000000,96.000000,96.000000,5.0,1973.9547,1822.2297,7895.8188,8047.5438,PENDING_AG03,FALSE,NOT_FOR_ENFORCEMENT,9474.9825,206164.0421,9869.7735,9474.9825,394.7909,0.04201944,0.04033866,394.7909,9474.9825,0.04033866,394.7909,394.7909,394.7909,394.7909,394.7909,9474.9825,0.04033866,1973.9547,1822.2297,7895.8188,8047.5438,0.03361555,0.0342615,0.00168078,63.6720,71.2286,3.2736,143.0402,5.0692,3404.1435,43.6957,64.4793,63.5359,42.5677,43.0663,85.2079,124.7713,127.8119,154.8004,42.604,-41.336,2.967791,3.594466,1.478463,30,203,130,8,0.14604117,0.04201944,0.00608590,0E-8,0.000000,0.914292,0.640282,0.04207877,2026-03-23,2026-08-04,69,1947,1162,135,0.511111,1.014849,1.012680,0.486804,,,,,,,,GLOBAL_BASELINE_NO_ENTITY_RANKING,,,NOT_APPLICABLE_GLOBAL_BASELINE,HF9g-P5,,,,X 全窗基线 · 不参与实体赏罚,15050855,1506,A168_HF9F_20260827_0900,2026-08-27 09:00:00
2026-06-13,74657362,2142,0,85.2079072938,85.2079072938,85.2079072938,1.0000000,2,2,0.49994810000000000,0.499948100000,1.4143603653603398,1.4143603653603398,1.4143603653603398,0E-17,ELIGIBLE,R03b_20260811_FULL_v1,L1_ELIGIBILITY,v2026-08-11,2026-03-21..2026-08-06,baccarat_bet02_101_all_pairs_incl_sentinel,round_win = game_pnl > 0 (decisive only),COMPATIBILITY_ONLY_NOT_PRODUCTION,234885.8996,214754.2105,9869.7735,3689,3015,-0.04201944,-0.00608590,-0.04816467,-0.04201944,-9869.7735,234885.8996,OK,0.0000,394.7909,4.0000,96.0000,AG03-UNRESOLVED,ALL5_LEVELS_bet23_to_bet27,394.7909,394.7909,394.7909,394.7909,394.7909,4.000000,4.000000,4.000000,4.000000,4.000000,96.000000,96.000000,96.000000,96.000000,96.000000,5.0,1973.9547,1822.2297,7895.8188,8047.5438,PENDING_AG03,FALSE,NOT_FOR_ENFORCEMENT,9474.9825,206164.0421,9869.7735,9474.9825,394.7909,0.04201944,0.04033866,394.7909,9474.9825,0.04033866,394.7909,394.7909,394.7909,394.7909,394.7909,9474.9825,0.04033866,1973.9547,1822.2297,7895.8188,8047.5438,0.03361555,0.0342615,0.00168078,63.6720,71.2286,3.2736,143.0402,5.0692,3404.1435,43.6957,64.4793,63.5359,42.5677,43.0663,85.2079,124.7713,127.8119,154.8004,42.604,-41.336,2.967791,3.594466,1.478463,30,203,130,8,0.14604117,0.04201944,0.00608590,0E-8,0.000000,0.914292,0.640282,0.04207877,2026-03-23,2026-08-04,69,1947,1162,135,0.511111,1.014849,1.012680,0.486804,,,,,,,,GLOBAL_BASELINE_NO_ENTITY_RANKING,,,NOT_APPLICABLE_GLOBAL_BASELINE,HF9g-P5,,,,X 全窗基线 · 不参与实体赏罚,15050856,1506,A168_HF9F_20260827_0900,2026-08-27 09:00:00
2026-06-13,74657362,2145,0,766.8711656442,170.4158145876,170.4158145876,0.8000000,9,5,0.41335180000000000,0.322733940000,1.7557076726382486,2.282672345468086,1.7557076726382486,0.09061786000000000,ELIGIBLE,R03b_20260811_FULL_v1,L1_ELIGIBILITY,v2026-08-11,2026-03-21..2026-08-06,baccarat_bet02_101_all_pairs_incl_sentinel,round_win = game_pnl > 0 (decisive only),COMPATIBILITY_ONLY_NOT_PRODUCTION,234885.8996,214754.2105,9869.7735,3689,3015,-0.04201944,-0.00608590,-0.04816467,-0.04201944,-9869.7735,234885.8996,OK,0.0000,394.7909,4.0000,96.0000,AG03-UNRESOLVED,ALL5_LEVELS_bet23_to_bet27,394.7909,394.7909,394.7909,394.7909,394.7909,4.000000,4.000000,4.000000,4.000000,4.000000,96.000000,96.000000,96.000000,96.000000,96.000000,5.0,1973.9547,1822.2297,7895.8188,8047.5438,PENDING_AG03,FALSE,NOT_FOR_ENFORCEMENT,9474.9825,206164.0421,9869.7735,9474.9825,394.7909,0.04201944,0.04033866,394.7909,9474.9825,0.04033866,394.7909,394.7909,394.7909,394.7909,394.7909,9474.9825,0.04033866,1973.9547,1822.2297,7895.8188,8047.5438,0.03361555,0.0342615,0.00168078,63.6720,71.2286,3.2736,143.0402,5.0692,3404.1435,43.6957,64.4793,63.5359,42.5677,43.0663,85.2079,124.7713,127.8119,154.8004,42.604,-41.336,2.967791,3.594466,1.478463,30,203,130,8,0.14604117,0.04201944,0.00608590,0E-8,0.000000,0.914292,0.640282,0.04207877,2026-03-23,2026-08-04,69,1947,1162,135,0.511111,1.014849,1.012680,0.486804,,,,,,,,GLOBAL_BASELINE_NO_ENTITY_RANKING,,,NOT_APPLICABLE_GLOBAL_BASELINE,HF9g-P5,,,,X 全窗基线 · 不参与实体赏罚,15050857,1506,A168_HF9F_20260827_0900,2026-08-27 09:00:00
2026-06-13,74657362,2167,0,340.8316291752,-340.8316291752,-340.8316291752,0E-7,4,2,0.39337837500000000,0.280106050000,-1.138836281904872,-0.8821490699244685,-1.138836281904872,0.11327232500000000,ELIGIBLE,R03b_20260811_FULL_v1,L1_ELIGIBILITY,v2026-08-11,2026-03-21..2026-08-06,baccarat_bet02_101_all_pairs_incl_sentinel,round_win = game_pnl > 0 (decisive only),COMPATIBILITY_ONLY_NOT_PRODUCTION,234885.8996,214754.2105,9869.7735,3689,3015,-0.04201944,-0.00608590,-0.04816467,-0.04201944,-9869.7735,234885.8996,OK,0.0000,394.7909,4.0000,96.0000,AG03-UNRESOLVED,ALL5_LEVELS_bet23_to_bet27,394.7909,394.7909,394.7909,394.7909,394.7909,4.000000,4.000000,4.000000,4.000000,4.000000,96.000000,96.000000,96.000000,96.000000,96.000000,5.0,1973.9547,1822.2297,7895.8188,8047.5438,PENDING_AG03,FALSE,NOT_FOR_ENFORCEMENT,9474.9825,206164.0421,9869.7735,9474.9825,394.7909,0.04201944,0.04033866,394.7909,9474.9825,0.04033866,394.7909,394.7909,394.7909,394.7909,394.7909,9474.9825,0.04033866,1973.9547,1822.2297,7895.8188,8047.5438,0.03361555,0.0342615,0.00168078,63.6720,71.2286,3.2736,143.0402,5.0692,3404.1435,43.6957,64.4793,63.5359,42.5677,43.0663,85.2079,124.7713,127.8119,154.8004,42.604,-41.336,2.967791,3.594466,1.478463,30,203,130,8,0.14604117,0.04201944,0.00608590,0E-8,0.000000,0.914292,0.640282,0.04207877,2026-03-23,2026-08-04,69,1947,1162,135,0.511111,1.014849,1.012680,0.486804,,,,,,,,GLOBAL_BASELINE_NO_ENTITY_RANKING,,,NOT_APPLICABLE_GLOBAL_BASELINE,HF9g-P5,,,,X 全窗基线 · 不参与实体赏罚,15050858,1506,A168_HF9F_20260827_0900,2026-08-27 09:00:00
2026-06-13,74657362,2170,0,213.0197682345,-42.6039536469,-42.6039536469,0.3333333,3,3,0.49324550000000000,0.493245500000,-0.5540025479526107,-0.5540025479526106,-0.5540025479526107,0E-17,ELIGIBLE,R03b_20260811_FULL_v1,L1_ELIGIBILITY,v2026-08-11,2026-03-21..2026-08-06,baccarat_bet02_101_all_pairs_incl_sentinel,round_win = game_pnl > 0 (decisive only),COMPATIBILITY_ONLY_NOT_PRODUCTION,234885.8996,214754.2105,9869.7735,3689,3015,-0.04201944,-0.00608590,-0.04816467,-0.04201944,-9869.7735,234885.8996,OK,0.0000,394.7909,4.0000,96.0000,AG03-UNRESOLVED,ALL5_LEVELS_bet23_to_bet27,394.7909,394.7909,394.7909,394.7909,394.7909,4.000000,4.000000,4.000000,4.000000,4.000000,96.000000,96.000000,96.000000,96.000000,96.000000,5.0,1973.9547,1822.2297,7895.8188,8047.5438,PENDING_AG03,FALSE,NOT_FOR_ENFORCEMENT,9474.9825,206164.0421,9869.7735,9474.9825,394.7909,0.04201944,0.04033866,394.7909,9474.9825,0.04033866,394.7909,394.7909,394.7909,394.7909,394.7909,9474.9825,0.04033866,1973.9547,1822.2297,7895.8188,8047.5438,0.03361555,0.0342615,0.00168078,63.6720,71.2286,3.2736,143.0402,5.0692,3404.1435,43.6957,64.4793,63.5359,42.5677,43.0663,85.2079,124.7713,127.8119,154.8004,42.604,-41.336,2.967791,3.594466,1.478463,30,203,130,8,0.14604117,0.04201944,0.00608590,0E-8,0.000000,0.914292,0.640282,0.04207877,2026-03-23,2026-08-04,69,1947,1162,135,0.511111,1.014849,1.012680,0.486804,,,,,,,,GLOBAL_BASELINE_NO_ENTITY_RANKING,,,NOT_APPLICABLE_GLOBAL_BASELINE,HF9g-P5,,,,X 全窗基线 · 不参与实体赏罚,15050859,1506,A168_HF9F_20260827_0900,2026-08-27 09:00:00
2026-06-13,74657362,2175,0,85.2079072938,-85.2079072938,-85.2079072938,0E-7,1,1,0.49324550000000000,0.493245500000,-0.9865810262130424,-0.9865810262130424,-0.9865810262130424,0E-17,ELIGIBLE,R03b_20260811_FULL_v1,L1_ELIGIBILITY,v2026-08-11,2026-03-21..2026-08-06,baccarat_bet02_101_all_pairs_incl_sentinel,round_win = game_pnl > 0 (decisive only),COMPATIBILITY_ONLY_NOT_PRODUCTION,234885.8996,214754.2105,9869.7735,3689,3015,-0.04201944,-0.00608590,-0.04816467,-0.04201944,-9869.7735,234885.8996,OK,0.0000,394.7909,4.0000,96.0000,AG03-UNRESOLVED,ALL5_LEVELS_bet23_to_bet27,394.7909,394.7909,394.7909,394.7909,394.7909,4.000000,4.000000,4.000000,4.000000,4.000000,96.000000,96.000000,96.000000,96.000000,96.000000,5.0,1973.9547,1822.2297,7895.8188,8047.5438,PENDING_AG03,FALSE,NOT_FOR_ENFORCEMENT,9474.9825,206164.0421,9869.7735,9474.9825,394.7909,0.04201944,0.04033866,394.7909,9474.9825,0.04033866,394.7909,394.7909,394.7909,394.7909,394.7909,9474.9825,0.04033866,1973.9547,1822.2297,7895.8188,8047.5438,0.03361555,0.0342615,0.00168078,63.6720,71.2286,3.2736,143.0402,5.0692,3404.1435,43.6957,64.4793,63.5359,42.5677,43.0663,85.2079,124.7713,127.8119,154.8004,42.604,-41.336,2.967791,3.594466,1.478463,30,203,130,8,0.14604117,0.04201944,0.00608590,0E-8,0.000000,0.914292,0.640282,0.04207877,2026-03-23,2026-08-04,69,1947,1162,135,0.511111,1.014849,1.012680,0.486804,,,,,,,,GLOBAL_BASELINE_NO_ENTITY_RANKING,,,NOT_APPLICABLE_GLOBAL_BASELINE,HF9g-P5,,,,X 全窗基线 · 不参与实体赏罚,15050860,1506,A168_HF9F_20260827_0900,2026-08-27 09:00:00
2026-06-13,74657362,2267,0,170.4158145876,-170.4158145876,-170.4158145876,0E-7,2,1,0.39337837500000000,0.280106050000,-0.8052788575962098,-0.6237735893609975,-0.8052788575962098,0.11327232500000000,ELIGIBLE,R03b_20260811_FULL_v1,L1_ELIGIBILITY,v2026-08-11,2026-03-21..2026-08-06,baccarat_bet02_101_all_pairs_incl_sentinel,round_win = game_pnl > 0 (decisive only),COMPATIBILITY_ONLY_NOT_PRODUCTION,234885.8996,214754.2105,9869.7735,3689,3015,-0.04201944,-0.00608590,-0.04816467,-0.04201944,-9869.7735,234885.8996,OK,0.0000,394.7909,4.0000,96.0000,AG03-UNRESOLVED,ALL5_LEVELS_bet23_to_bet27,394.7909,394.7909,394.7909,394.7909,394.7909,4.000000,4.000000,4.000000,4.000000,4.000000,96.000000,96.000000,96.000000,96.000000,96.000000,5.0,1973.9547,1822.2297,7895.8188,8047.5438,PENDING_AG03,FALSE,NOT_FOR_ENFORCEMENT,9474.9825,206164.0421,9869.7735,9474.9825,394.7909,0.04201944,0.04033866,394.7909,9474.9825,0.04033866,394.7909,394.7909,394.7909,394.7909,394.7909,9474.9825,0.04033866,1973.9547,1822.2297,7895.8188,8047.5438,0.03361555,0.0342615,0.00168078,63.6720,71.2286,3.2736,143.0402,5.0692,3404.1435,43.6957,64.4793,63.5359,42.5677,43.0663,85.2079,124.7713,127.8119,154.8004,42.604,-41.336,2.967791,3.594466,1.478463,30,203,130,8,0.14604117,0.04201944,0.00608590,0E-8,0.000000,0.914292,0.640282,0.04207877,2026-03-23,2026-08-04,69,1947,1162,135,0.511111,1.014849,1.012680,0.486804,,,,,,,,GLOBAL_BASELINE_NO_ENTITY_RANKING,,,NOT_APPLICABLE_GLOBAL_BASELINE,HF9g-P5,,,,X 全窗基线 · 不参与实体赏罚,15050861,1506,A168_HF9F_20260827_0900,2026-08-27 09:00:00
2026-06-13,74657362,2271,0,85.2079072938,0E-10,0E-10,,1,1,0.49324550000000000,0.493245500000,,,,0E-17,NO_DECISIVE_ROUND,R03b_20260811_FULL_v1,L1_ELIGIBILITY,v2026-08-11,2026-03-21..2026-08-06,baccarat_bet02_101_all_pairs_incl_sentinel,round_win = game_pnl > 0 (decisive only),COMPATIBILITY_ONLY_NOT_PRODUCTION,234885.8996,214754.2105,9869.7735,3689,3015,-0.04201944,-0.00608590,-0.04816467,-0.04201944,-9869.7735,234885.8996,OK,0.0000,394.7909,4.0000,96.0000,AG03-UNRESOLVED,ALL5_LEVELS_bet23_to_bet27,394.7909,394.7909,394.7909,394.7909,394.7909,4.000000,4.000000,4.000000,4.000000,4.000000,96.000000,96.000000,96.000000,96.000000,96.000000,5.0,1973.9547,1822.2297,7895.8188,8047.5438,PENDING_AG03,FALSE,NOT_FOR_ENFORCEMENT,9474.9825,206164.0421,9869.7735,9474.9825,394.7909,0.04201944,0.04033866,394.7909,9474.9825,0.04033866,394.7909,394.7909,394.7909,394.7909,394.7909,9474.9825,0.04033866,1973.9547,1822.2297,7895.8188,8047.5438,0.03361555,0.0342615,0.00168078,63.6720,71.2286,3.2736,143.0402,5.0692,3404.1435,43.6957,64.4793,63.5359,42.5677,43.0663,85.2079,124.7713,127.8119,154.8004,42.604,-41.336,2.967791,3.594466,1.478463,30,203,130,8,0.14604117,0.04201944,0.00608590,0E-8,0.000000,0.914292,0.640282,0.04207877,2026-03-23,2026-08-04,69,1947,1162,135,0.511111,1.014849,1.012680,0.486804,,,,,,,,GLOBAL_BASELINE_NO_ENTITY_RANKING,,,NOT_APPLICABLE_GLOBAL_BASELINE,HF9g-P5,,,,X 全窗基线 · 不参与实体赏罚,15050862,1506,A168_HF9F_20260827_0900,2026-08-27 09:00:00
2026-06-13,74657362,2278,0,574.3012951602,682.5153374233,682.5153374233,0.7500000,8,4,0.38495948597974430,0.280106050000,1.5004160037449457,2.0928318814286024,1.5004160037449457,0.10485343597974430,ELIGIBLE,R03b_20260811_FULL_v1,L1_ELIGIBILITY,v2026-08-11,2026-03-21..2026-08-06,baccarat_bet02_101_all_pairs_incl_sentinel,round_win = game_pnl > 0 (decisive only),COMPATIBILITY_ONLY_NOT_PRODUCTION,234885.8996,214754.2105,9869.7735,3689,3015,-0.04201944,-0.00608590,-0.04816467,-0.04201944,-9869.7735,234885.8996,OK,0.0000,394.7909,4.0000,96.0000,AG03-UNRESOLVED,ALL5_LEVELS_bet23_to_bet27,394.7909,394.7909,394.7909,394.7909,394.7909,4.000000,4.000000,4.000000,4.000000,4.000000,96.000000,96.000000,96.000000,96.000000,96.000000,5.0,1973.9547,1822.2297,7895.8188,8047.5438,PENDING_AG03,FALSE,NOT_FOR_ENFORCEMENT,9474.9825,206164.0421,9869.7735,9474.9825,394.7909,0.04201944,0.04033866,394.7909,9474.9825,0.04033866,394.7909,394.7909,394.7909,394.7909,394.7909,9474.9825,0.04033866,1973.9547,1822.2297,7895.8188,8047.5438,0.03361555,0.0342615,0.00168078,63.6720,71.2286,3.2736,143.0402,5.0692,3404.1435,43.6957,64.4793,63.5359,42.5677,43.0663,85.2079,124.7713,127.8119,154.8004,42.604,-41.336,2.967791,3.594466,1.478463,30,203,130,8,0.14604117,0.04201944,0.00608590,0E-8,0.000000,0.914292,0.640282,0.04207877,2026-03-23,2026-08-04,69,1947,1162,135,0.511111,1.014849,1.012680,0.486804,,,,,,,,GLOBAL_BASELINE_NO_ENTITY_RANKING,,,NOT_APPLICABLE_GLOBAL_BASELINE,HF9g-P5,,,,X 全窗基线 · 不参与实体赏罚,15050863,1506,A168_HF9F_20260827_0900,2026-08-27 09:00:00
2026-06-13,74657362,550,0,340.8316291752,170.4158145876,170.4158145876,1.0000000,4,2,0.39337837500000000,0.280106050000,1.756178681499947,2.2671905102969103,1.756178681499947,0.11327232500000000,ELIGIBLE,R03b_20260811_FULL_v1,L1_ELIGIBILITY,v2026-08-11,2026-03-21..2026-08-06,baccarat_bet02_101_all_pairs_incl_sentinel,round_win = game_pnl > 0 (decisive only),COMPATIBILITY_ONLY_NOT_PRODUCTION,234885.8996,214754.2105,9869.7735,3689,3015,-0.04201944,-0.00608590,-0.04816467,-0.04201944,-9869.7735,234885.8996,OK,0.0000,394.7909,4.0000,96.0000,AG03-UNRESOLVED,ALL5_LEVELS_bet23_to_bet27,394.7909,394.7909,394.7909,394.7909,394.7909,4.000000,4.000000,4.000000,4.000000,4.000000,96.000000,96.000000,96.000000,96.000000,96.000000,5.0,1973.9547,1822.2297,7895.8188,8047.5438,PENDING_AG03,FALSE,NOT_FOR_ENFORCEMENT,9474.9825,206164.0421,9869.7735,9474.9825,394.7909,0.04201944,0.04033866,394.7909,9474.9825,0.04033866,394.7909,394.7909,394.7909,394.7909,394.7909,9474.9825,0.04033866,1973.9547,1822.2297,7895.8188,8047.5438,0.03361555,0.0342615,0.00168078,63.6720,71.2286,3.2736,143.0402,5.0692,3404.1435,43.6957,64.4793,63.5359,42.5677,43.0663,85.2079,124.7713,127.8119,154.8004,42.604,-41.336,2.967791,3.594466,1.478463,30,203,130,8,0.14604117,0.04201944,0.00608590,0E-8,0.000000,0.914292,0.640282,0.04207877,2026-03-23,2026-08-04,69,1947,1162,135,0.511111,1.014849,1.012680,0.486804,,,,,,,,GLOBAL_BASELINE_NO_ENTITY_RANKING,,,NOT_APPLICABLE_GLOBAL_BASELINE,HF9g-P5,,,,X 全窗基线 · 不参与实体赏罚,15050864,1506,A168_HF9F_20260827_0900,2026-08-27 09:00:00
2026-06-13,74657362,919,0,85.2079072938,-85.2079072938,-85.2079072938,0E-7,1,1,0.49324550000000000,0.493245500000,-0.9865810262130424,-0.9865810262130424,-0.9865810262130424,0E-17,ELIGIBLE,R03b_20260811_FULL_v1,L1_ELIGIBILITY,v2026-08-11,2026-03-21..2026-08-06,baccarat_bet02_101_all_pairs_incl_sentinel,round_win = game_pnl > 0 (decisive only),COMPATIBILITY_ONLY_NOT_PRODUCTION,234885.8996,214754.2105,9869.7735,3689,3015,-0.04201944,-0.00608590,-0.04816467,-0.04201944,-9869.7735,234885.8996,OK,0.0000,394.7909,4.0000,96.0000,AG03-UNRESOLVED,ALL5_LEVELS_bet23_to_bet27,394.7909,394.7909,394.7909,394.7909,394.7909,4.000000,4.000000,4.000000,4.000000,4.000000,96.000000,96.000000,96.000000,96.000000,96.000000,5.0,1973.9547,1822.2297,7895.8188,8047.5438,PENDING_AG03,FALSE,NOT_FOR_ENFORCEMENT,9474.9825,206164.0421,9869.7735,9474.9825,394.7909,0.04201944,0.04033866,394.7909,9474.9825,0.04033866,394.7909,394.7909,394.7909,394.7909,394.7909,9474.9825,0.04033866,1973.9547,1822.2297,7895.8188,8047.5438,0.03361555,0.0342615,0.00168078,63.6720,71.2286,3.2736,143.0402,5.0692,3404.1435,43.6957,64.4793,63.5359,42.5677,43.0663,85.2079,124.7713,127.8119,154.8004,42.604,-41.336,2.967791,3.594466,1.478463,30,203,130,8,0.14604117,0.04201944,0.00608590,0E-8,0.000000,0.914292,0.640282,0.04207877,2026-03-23,2026-08-04,69,1947,1162,135,0.511111,1.014849,1.012680,0.486804,,,,,,,,GLOBAL_BASELINE_NO_ENTITY_RANKING,,,NOT_APPLICABLE_GLOBAL_BASELINE,HF9g-P5,,,,X 全窗基线 · 不参与实体赏罚,15050865,1506,A168_HF9F_20260827_0900,2026-08-27 09:00:00
2026-06-13,74657362,986,0,85.2079072938,85.2079072938,85.2079072938,1.0000000,1,1,0.49324550000000000,0.493245500000,1.01360149184955,1.01360149184955,1.01360149184955,0E-17,ELIGIBLE,R03b_20260811_FULL_v1,L1_ELIGIBILITY,v2026-08-11,2026-03-21..2026-08-06,baccarat_bet02_101_all_pairs_incl_sentinel,round_win = game_pnl > 0 (decisive only),COMPATIBILITY_ONLY_NOT_PRODUCTION,234885.8996,214754.2105,9869.7735,3689,3015,-0.04201944,-0.00608590,-0.04816467,-0.04201944,-9869.7735,234885.8996,OK,0.0000,394.7909,4.0000,96.0000,AG03-UNRESOLVED,ALL5_LEVELS_bet23_to_bet27,394.7909,394.7909,394.7909,394.7909,394.7909,4.000000,4.000000,4.000000,4.000000,4.000000,96.000000,96.000000,96.000000,96.000000,96.000000,5.0,1973.9547,1822.2297,7895.8188,8047.5438,PENDING_AG03,FALSE,NOT_FOR_ENFORCEMENT,9474.9825,206164.0421,9869.7735,9474.9825,394.7909,0.04201944,0.04033866,394.7909,9474.9825,0.04033866,394.7909,394.7909,394.7909,394.7909,394.7909,9474.9825,0.04033866,1973.9547,1822.2297,7895.8188,8047.5438,0.03361555,0.0342615,0.00168078,63.6720,71.2286,3.2736,143.0402,5.0692,3404.1435,43.6957,64.4793,63.5359,42.5677,43.0663,85.2079,124.7713,127.8119,154.8004,42.604,-41.336,2.967791,3.594466,1.478463,30,203,130,8,0.14604117,0.04201944,0.00608590,0E-8,0.000000,0.914292,0.640282,0.04207877,2026-03-23,2026-08-04,69,1947,1162,135,0.511111,1.014849,1.012680,0.486804,,,,,,,,GLOBAL_BASELINE_NO_ENTITY_RANKING,,,NOT_APPLICABLE_GLOBAL_BASELINE,HF9g-P5,,,,X 全窗基线 · 不参与实体赏罚,15050866,1506,A168_HF9F_20260827_0900,2026-08-27 09:00:00
2026-06-14,74657362,-1,1,255.6237218814,-42.6039536469,-42.6039536469,0.4000000,6,6,0.49547970000000000,0.495479700000,-0.42701565021644644,-0.42701565021644644,-0.42701565021644644,0E-17,SENTINEL_DEALER,R03b_20260811_FULL_v1,L1_ELIGIBILITY,v2026-08-11,2026-03-21..2026-08-06,baccarat_bet02_101_all_pairs_incl_sentinel,round_win = game_pnl > 0 (decisive only),COMPATIBILITY_ONLY_NOT_PRODUCTION,234885.8996,214754.2105,9869.7735,3689,3015,-0.04201944,-0.00608590,-0.04816467,-0.04201944,-9869.7735,234885.8996,OK,0.0000,394.7909,4.0000,96.0000,AG03-UNRESOLVED,ALL5_LEVELS_bet23_to_bet27,394.7909,394.7909,394.7909,394.7909,394.7909,4.000000,4.000000,4.000000,4.000000,4.000000,96.000000,96.000000,96.000000,96.000000,96.000000,5.0,1973.9547,1822.2297,7895.8188,8047.5438,PENDING_AG03,FALSE,NOT_FOR_ENFORCEMENT,9474.9825,206164.0421,9869.7735,9474.9825,394.7909,0.04201944,0.04033866,394.7909,9474.9825,0.04033866,394.7909,394.7909,394.7909,394.7909,394.7909,9474.9825,0.04033866,1973.9547,1822.2297,7895.8188,8047.5438,0.03361555,0.0342615,0.00168078,63.6720,71.2286,3.2736,143.0402,5.0692,3404.1435,43.6957,64.4793,63.5359,42.5677,43.0663,85.2079,124.7713,127.8119,154.8004,42.604,-41.336,2.967791,3.594466,1.478463,30,203,130,8,0.14604117,0.04201944,0.00608590,0E-8,0.000000,0.914292,0.640282,0.04207877,2026-03-23,2026-08-04,69,1947,1162,135,0.511111,1.014849,1.012680,0.486804,,,,,,,,GLOBAL_BASELINE_NO_ENTITY_RANKING,,,NOT_APPLICABLE_GLOBAL_BASELINE,HF9g-P5,,,,X 全窗基线 · 不参与实体赏罚,15050867,1506,A168_HF9F_20260827_0900,2026-08-27 09:00:00
2026-06-14,74657362,1210,0,42.6039536469,42.6039536469,42.6039536469,1.0000000,1,1,0.49324550000000000,0.493245500000,1.01360149184955,1.01360149184955,1.01360149184955,0E-17,ELIGIBLE,R03b_20260811_FULL_v1,L1_ELIGIBILITY,v2026-08-11,2026-03-21..2026-08-06,baccarat_bet02_101_all_pairs_incl_sentinel,round_win = game_pnl > 0 (decisive only),COMPATIBILITY_ONLY_NOT_PRODUCTION,234885.8996,214754.2105,9869.7735,3689,3015,-0.04201944,-0.00608590,-0.04816467,-0.04201944,-9869.7735,234885.8996,OK,0.0000,394.7909,4.0000,96.0000,AG03-UNRESOLVED,ALL5_LEVELS_bet23_to_bet27,394.7909,394.7909,394.7909,394.7909,394.7909,4.000000,4.000000,4.000000,4.000000,4.000000,96.000000,96.000000,96.000000,96.000000,96.000000,5.0,1973.9547,1822.2297,7895.8188,8047.5438,PENDING_AG03,FALSE,NOT_FOR_ENFORCEMENT,9474.9825,206164.0421,9869.7735,9474.9825,394.7909,0.04201944,0.04033866,394.7909,9474.9825,0.04033866,394.7909,394.7909,394.7909,394.7909,394.7909,9474.9825,0.04033866,1973.9547,1822.2297,7895.8188,8047.5438,0.03361555,0.0342615,0.00168078,63.6720,71.2286,3.2736,143.0402,5.0692,3404.1435,43.6957,64.4793,63.5359,42.5677,43.0663,85.2079,124.7713,127.8119,154.8004,42.604,-41.336,2.967791,3.594466,1.478463,30,203,130,8,0.14604117,0.04201944,0.00608590,0E-8,0.000000,0.914292,0.640282,0.04207877,2026-03-23,2026-08-04,69,1947,1162,135,0.511111,1.014849,1.012680,0.486804,,,,,,,,GLOBAL_BASELINE_NO_ENTITY_RANKING,,,NOT_APPLICABLE_GLOBAL_BASELINE,HF9g-P5,,,,X 全窗基线 · 不参与实体赏罚,15050868,1506,A168_HF9F_20260827_0900,2026-08-27 09:00:00
2026-06-14,74657362,1306,0,42.6039536469,-42.6039536469,-42.6039536469,0E-7,1,1,0.50665070000000000,0.506650700000,-1.013391052207602,-1.013391052207602,-1.013391052207602,0E-17,ELIGIBLE,R03b_20260811_FULL_v1,L1_ELIGIBILITY,v2026-08-11,2026-03-21..2026-08-06,baccarat_bet02_101_all_pairs_incl_sentinel,round_win = game_pnl > 0 (decisive only),COMPATIBILITY_ONLY_NOT_PRODUCTION,234885.8996,214754.2105,9869.7735,3689,3015,-0.04201944,-0.00608590,-0.04816467,-0.04201944,-9869.7735,234885.8996,OK,0.0000,394.7909,4.0000,96.0000,AG03-UNRESOLVED,ALL5_LEVELS_bet23_to_bet27,394.7909,394.7909,394.7909,394.7909,394.7909,4.000000,4.000000,4.000000,4.000000,4.000000,96.000000,96.000000,96.000000,96.000000,96.000000,5.0,1973.9547,1822.2297,7895.8188,8047.5438,PENDING_AG03,FALSE,NOT_FOR_ENFORCEMENT,9474.9825,206164.0421,9869.7735,9474.9825,394.7909,0.04201944,0.04033866,394.7909,9474.9825,0.04033866,394.7909,394.7909,394.7909,394.7909,394.7909,9474.9825,0.04033866,1973.9547,1822.2297,7895.8188,8047.5438,0.03361555,0.0342615,0.00168078,63.6720,71.2286,3.2736,143.0402,5.0692,3404.1435,43.6957,64.4793,63.5359,42.5677,43.0663,85.2079,124.7713,127.8119,154.8004,42.604,-41.336,2.967791,3.594466,1.478463,30,203,130,8,0.14604117,0.04201944,0.00608590,0E-8,0.000000,0.914292,0.640282,0.04207877,2026-03-23,2026-08-04,69,1947,1162,135,0.511111,1.014849,1.012680,0.486804,,,,,,,,GLOBAL_BASELINE_NO_ENTITY_RANKING,,,NOT_APPLICABLE_GLOBAL_BASELINE,HF9g-P5,,,,X 全窗基线 · 不参与实体赏罚,15050869,1506,A168_HF9F_20260827_0900,2026-08-27 09:00:00
2026-06-14,74657362,1383,0,127.8118609407,-42.6039536469,-42.6039536469,0.5000000,2,2,0.49324550000000000,0.493245500000,0.01910635448239258,0.01910635448239258,0.01910635448239258,0E-17,ELIGIBLE,R03b_20260811_FULL_v1,L1_ELIGIBILITY,v2026-08-11,2026-03-21..2026-08-06,baccarat_bet02_101_all_pairs_incl_sentinel,round_win = game_pnl > 0 (decisive only),COMPATIBILITY_ONLY_NOT_PRODUCTION,234885.8996,214754.2105,9869.7735,3689,3015,-0.04201944,-0.00608590,-0.04816467,-0.04201944,-9869.7735,234885.8996,OK,0.0000,394.7909,4.0000,96.0000,AG03-UNRESOLVED,ALL5_LEVELS_bet23_to_bet27,394.7909,394.7909,394.7909,394.7909,394.7909,4.000000,4.000000,4.000000,4.000000,4.000000,96.000000,96.000000,96.000000,96.000000,96.000000,5.0,1973.9547,1822.2297,7895.8188,8047.5438,PENDING_AG03,FALSE,NOT_FOR_ENFORCEMENT,9474.9825,206164.0421,9869.7735,9474.9825,394.7909,0.04201944,0.04033866,394.7909,9474.9825,0.04033866,394.7909,394.7909,394.7909,394.7909,394.7909,9474.9825,0.04033866,1973.9547,1822.2297,7895.8188,8047.5438,0.03361555,0.0342615,0.00168078,63.6720,71.2286,3.2736,143.0402,5.0692,3404.1435,43.6957,64.4793,63.5359,42.5677,43.0663,85.2079,124.7713,127.8119,154.8004,42.604,-41.336,2.967791,3.594466,1.478463,30,203,130,8,0.14604117,0.04201944,0.00608590,0E-8,0.000000,0.914292,0.640282,0.04207877,2026-03-23,2026-08-04,69,1947,1162,135,0.511111,1.014849,1.012680,0.486804,,,,,,,,GLOBAL_BASELINE_NO_ENTITY_RANKING,,,NOT_APPLICABLE_GLOBAL_BASELINE,HF9g-P5,,,,X 全窗基线 · 不参与实体赏罚,15050870,1506,A168_HF9F_20260827_0900,2026-08-27 09:00:00
2026-06-14,74657362,1401,0,42.6039536469,-42.6039536469,-42.6039536469,0E-7,1,1,0.50665070000000000,0.506650700000,-1.013391052207602,-1.013391052207602,-1.013391052207602,0E-17,ELIGIBLE,R03b_20260811_FULL_v1,L1_ELIGIBILITY,v2026-08-11,2026-03-21..2026-08-06,baccarat_bet02_101_all_pairs_incl_sentinel,round_win = game_pnl > 0 (decisive only),COMPATIBILITY_ONLY_NOT_PRODUCTION,234885.8996,214754.2105,9869.7735,3689,3015,-0.04201944,-0.00608590,-0.04816467,-0.04201944,-9869.7735,234885.8996,OK,0.0000,394.7909,4.0000,96.0000,AG03-UNRESOLVED,ALL5_LEVELS_bet23_to_bet27,394.7909,394.7909,394.7909,394.7909,394.7909,4.000000,4.000000,4.000000,4.000000,4.000000,96.000000,96.000000,96.000000,96.000000,96.000000,5.0,1973.9547,1822.2297,7895.8188,8047.5438,PENDING_AG03,FALSE,NOT_FOR_ENFORCEMENT,9474.9825,206164.0421,9869.7735,9474.9825,394.7909,0.04201944,0.04033866,394.7909,9474.9825,0.04033866,394.7909,394.7909,394.7909,394.7909,394.7909,9474.9825,0.04033866,1973.9547,1822.2297,7895.8188,8047.5438,0.03361555,0.0342615,0.00168078,63.6720,71.2286,3.2736,143.0402,5.0692,3404.1435,43.6957,64.4793,63.5359,42.5677,43.0663,85.2079,124.7713,127.8119,154.8004,42.604,-41.336,2.967791,3.594466,1.478463,30,203,130,8,0.14604117,0.04201944,0.00608590,0E-8,0.000000,0.914292,0.640282,0.04207877,2026-03-23,2026-08-04,69,1947,1162,135,0.511111,1.014849,1.012680,0.486804,,,,,,,,GLOBAL_BASELINE_NO_ENTITY_RANKING,,,NOT_APPLICABLE_GLOBAL_BASELINE,HF9g-P5,,,,X 全窗基线 · 不参与实体赏罚,15050871,1506,A168_HF9F_20260827_0900,2026-08-27 09:00:00
2026-06-14,74657362,1402,0,42.6039536469,-42.6039536469,-42.6039536469,0E-7,1,1,0.49324550000000000,0.493245500000,-0.9865810262130424,-0.9865810262130424,-0.9865810262130424,0E-17,ELIGIBLE,R03b_20260811_FULL_v1,L1_ELIGIBILITY,v2026-08-11,2026-03-21..2026-08-06,baccarat_bet02_101_all_pairs_incl_sentinel,round_win = game_pnl > 0 (decisive only),COMPATIBILITY_ONLY_NOT_PRODUCTION,234885.8996,214754.2105,9869.7735,3689,3015,-0.04201944,-0.00608590,-0.04816467,-0.04201944,-9869.7735,234885.8996,OK,0.0000,394.7909,4.0000,96.0000,AG03-UNRESOLVED,ALL5_LEVELS_bet23_to_bet27,394.7909,394.7909,394.7909,394.7909,394.7909,4.000000,4.000000,4.000000,4.000000,4.000000,96.000000,96.000000,96.000000,96.000000,96.000000,5.0,1973.9547,1822.2297,7895.8188,8047.5438,PENDING_AG03,FALSE,NOT_FOR_ENFORCEMENT,9474.9825,206164.0421,9869.7735,9474.9825,394.7909,0.04201944,0.04033866,394.7909,9474.9825,0.04033866,394.7909,394.7909,394.7909,394.7909,394.7909,9474.9825,0.04033866,1973.9547,1822.2297,7895.8188,8047.5438,0.03361555,0.0342615,0.00168078,63.6720,71.2286,3.2736,143.0402,5.0692,3404.1435,43.6957,64.4793,63.5359,42.5677,43.0663,85.2079,124.7713,127.8119,154.8004,42.604,-41.336,2.967791,3.594466,1.478463,30,203,130,8,0.14604117,0.04201944,0.00608590,0E-8,0.000000,0.914292,0.640282,0.04207877,2026-03-23,2026-08-04,69,1947,1162,135,0.511111,1.014849,1.012680,0.486804,,,,,,,,GLOBAL_BASELINE_NO_ENTITY_RANKING,,,NOT_APPLICABLE_GLOBAL_BASELINE,HF9g-P5,,,,X 全窗基线 · 不参与实体赏罚,15050872,1506,A168_HF9F_20260827_0900,2026-08-27 09:00:00
2026-06-14,74657362,1490,0,42.6039536469,42.6039536469,42.6039536469,1.0000000,1,1,0.49324550000000000,0.493245500000,1.01360149184955,1.01360149184955,1.01360149184955,0E-17,ELIGIBLE,R03b_20260811_FULL_v1,L1_ELIGIBILITY,v2026-08-11,2026-03-21..2026-08-06,baccarat_bet02_101_all_pairs_incl_sentinel,round_win = game_pnl > 0 (decisive only),COMPATIBILITY_ONLY_NOT_PRODUCTION,234885.8996,214754.2105,9869.7735,3689,3015,-0.04201944,-0.00608590,-0.04816467,-0.04201944,-9869.7735,234885.8996,OK,0.0000,394.7909,4.0000,96.0000,AG03-UNRESOLVED,ALL5_LEVELS_bet23_to_bet27,394.7909,394.7909,394.7909,394.7909,394.7909,4.000000,4.000000,4.000000,4.000000,4.000000,96.000000,96.000000,96.000000,96.000000,96.000000,5.0,1973.9547,1822.2297,7895.8188,8047.5438,PENDING_AG03,FALSE,NOT_FOR_ENFORCEMENT,9474.9825,206164.0421,9869.7735,9474.9825,394.7909,0.04201944,0.04033866,394.7909,9474.9825,0.04033866,394.7909,394.7909,394.7909,394.7909,394.7909,9474.9825,0.04033866,1973.9547,1822.2297,7895.8188,8047.5438,0.03361555,0.0342615,0.00168078,63.6720,71.2286,3.2736,143.0402,5.0692,3404.1435,43.6957,64.4793,63.5359,42.5677,43.0663,85.2079,124.7713,127.8119,154.8004,42.604,-41.336,2.967791,3.594466,1.478463,30,203,130,8,0.14604117,0.04201944,0.00608590,0E-8,0.000000,0.914292,0.640282,0.04207877,2026-03-23,2026-08-04,69,1947,1162,135,0.511111,1.014849,1.012680,0.486804,,,,,,,,GLOBAL_BASELINE_NO_ENTITY_RANKING,,,NOT_APPLICABLE_GLOBAL_BASELINE,HF9g-P5,,,,X 全窗基线 · 不参与实体赏罚,15050873,1506,A168_HF9F_20260827_0900,2026-08-27 09:00:00
2026-06-14,74657362,1646,0,42.6039536469,-42.6039536469,-42.6039536469,0E-7,1,1,0.50665070000000000,0.506650700000,-1.013391052207602,-1.013391052207602,-1.013391052207602,0E-17,ELIGIBLE,R03b_20260811_FULL_v1,L1_ELIGIBILITY,v2026-08-11,2026-03-21..2026-08-06,baccarat_bet02_101_all_pairs_incl_sentinel,round_win = game_pnl > 0 (decisive only),COMPATIBILITY_ONLY_NOT_PRODUCTION,234885.8996,214754.2105,9869.7735,3689,3015,-0.04201944,-0.00608590,-0.04816467,-0.04201944,-9869.7735,234885.8996,OK,0.0000,394.7909,4.0000,96.0000,AG03-UNRESOLVED,ALL5_LEVELS_bet23_to_bet27,394.7909,394.7909,394.7909,394.7909,394.7909,4.000000,4.000000,4.000000,4.000000,4.000000,96.000000,96.000000,96.000000,96.000000,96.000000,5.0,1973.9547,1822.2297,7895.8188,8047.5438,PENDING_AG03,FALSE,NOT_FOR_ENFORCEMENT,9474.9825,206164.0421,9869.7735,9474.9825,394.7909,0.04201944,0.04033866,394.7909,9474.9825,0.04033866,394.7909,394.7909,394.7909,394.7909,394.7909,9474.9825,0.04033866,1973.9547,1822.2297,7895.8188,8047.5438,0.03361555,0.0342615,0.00168078,63.6720,71.2286,3.2736,143.0402,5.0692,3404.1435,43.6957,64.4793,63.5359,42.5677,43.0663,85.2079,124.7713,127.8119,154.8004,42.604,-41.336,2.967791,3.594466,1.478463,30,203,130,8,0.14604117,0.04201944,0.00608590,0E-8,0.000000,0.914292,0.640282,0.04207877,2026-03-23,2026-08-04,69,1947,1162,135,0.511111,1.014849,1.012680,0.486804,,,,,,,,GLOBAL_BASELINE_NO_ENTITY_RANKING,,,NOT_APPLICABLE_GLOBAL_BASELINE,HF9g-P5,,,,X 全窗基线 · 不参与实体赏罚,15050874,1506,A168_HF9F_20260827_0900,2026-08-27 09:00:00
2026-06-14,74657362,1704,0,170.4158145876,0E-10,0E-10,0.6666667,3,3,0.49324550000000000,0.493245500000,0.6008033672792107,0.6008033672792106,0.6008033672792107,0E-17,ELIGIBLE,R03b_20260811_FULL_v1,L1_ELIGIBILITY,v2026-08-11,2026-03-21..2026-08-06,baccarat_bet02_101_all_pairs_incl_sentinel,round_win = game_pnl > 0 (decisive only),COMPATIBILITY_ONLY_NOT_PRODUCTION,234885.8996,214754.2105,9869.7735,3689,3015,-0.04201944,-0.00608590,-0.04816467,-0.04201944,-9869.7735,234885.8996,OK,0.0000,394.7909,4.0000,96.0000,AG03-UNRESOLVED,ALL5_LEVELS_bet23_to_bet27,394.7909,394.7909,394.7909,394.7909,394.7909,4.000000,4.000000,4.000000,4.000000,4.000000,96.000000,96.000000,96.000000,96.000000,96.000000,5.0,1973.9547,1822.2297,7895.8188,8047.5438,PENDING_AG03,FALSE,NOT_FOR_ENFORCEMENT,9474.9825,206164.0421,9869.7735,9474.9825,394.7909,0.04201944,0.04033866,394.7909,9474.9825,0.04033866,394.7909,394.7909,394.7909,394.7909,394.7909,9474.9825,0.04033866,1973.9547,1822.2297,7895.8188,8047.5438,0.03361555,0.0342615,0.00168078,63.6720,71.2286,3.2736,143.0402,5.0692,3404.1435,43.6957,64.4793,63.5359,42.5677,43.0663,85.2079,124.7713,127.8119,154.8004,42.604,-41.336,2.967791,3.594466,1.478463,30,203,130,8,0.14604117,0.04201944,0.00608590,0E-8,0.000000,0.914292,0.640282,0.04207877,2026-03-23,2026-08-04,69,1947,1162,135,0.511111,1.014849,1.012680,0.486804,,,,,,,,GLOBAL_BASELINE_NO_ENTITY_RANKING,,,NOT_APPLICABLE_GLOBAL_BASELINE,HF9g-P5,,,,X 全窗基线 · 不参与实体赏罚,15050875,1506,A168_HF9F_20260827_0900,2026-08-27 09:00:00
2026-06-14,74657362,2100,0,42.6039536469,-42.6039536469,-42.6039536469,0E-7,1,1,0.49324550000000000,0.493245500000,-0.9865810262130424,-0.9865810262130424,-0.9865810262130424,0E-17,ELIGIBLE,R03b_20260811_FULL_v1,L1_ELIGIBILITY,v2026-08-11,2026-03-21..2026-08-06,baccarat_bet02_101_all_pairs_incl_sentinel,round_win = game_pnl > 0 (decisive only),COMPATIBILITY_ONLY_NOT_PRODUCTION,234885.8996,214754.2105,9869.7735,3689,3015,-0.04201944,-0.00608590,-0.04816467,-0.04201944,-9869.7735,234885.8996,OK,0.0000,394.7909,4.0000,96.0000,AG03-UNRESOLVED,ALL5_LEVELS_bet23_to_bet27,394.7909,394.7909,394.7909,394.7909,394.7909,4.000000,4.000000,4.000000,4.000000,4.000000,96.000000,96.000000,96.000000,96.000000,96.000000,5.0,1973.9547,1822.2297,7895.8188,8047.5438,PENDING_AG03,FALSE,NOT_FOR_ENFORCEMENT,9474.9825,206164.0421,9869.7735,9474.9825,394.7909,0.04201944,0.04033866,394.7909,9474.9825,0.04033866,394.7909,394.7909,394.7909,394.7909,394.7909,9474.9825,0.04033866,1973.9547,1822.2297,7895.8188,8047.5438,0.03361555,0.0342615,0.00168078,63.6720,71.2286,3.2736,143.0402,5.0692,3404.1435,43.6957,64.4793,63.5359,42.5677,43.0663,85.2079,124.7713,127.8119,154.8004,42.604,-41.336,2.967791,3.594466,1.478463,30,203,130,8,0.14604117,0.04201944,0.00608590,0E-8,0.000000,0.914292,0.640282,0.04207877,2026-03-23,2026-08-04,69,1947,1162,135,0.511111,1.014849,1.012680,0.486804,,,,,,,,GLOBAL_BASELINE_NO_ENTITY_RANKING,,,NOT_APPLICABLE_GLOBAL_BASELINE,HF9g-P5,,,,X 全窗基线 · 不参与实体赏罚,15050876,1506,A168_HF9F_20260827_0900,2026-08-27 09:00:00
2026-06-14,74657362,2115,0,42.6039536469,-42.6039536469,-42.6039536469,0E-7,1,1,0.49324550000000000,0.493245500000,-0.9865810262130424,-0.9865810262130424,-0.9865810262130424,0E-17,ELIGIBLE,R03b_20260811_FULL_v1,L1_ELIGIBILITY,v2026-08-11,2026-03-21..2026-08-06,baccarat_bet02_101_all_pairs_incl_sentinel,round_win = game_pnl > 0 (decisive only),COMPATIBILITY_ONLY_NOT_PRODUCTION,234885.8996,214754.2105,9869.7735,3689,3015,-0.04201944,-0.00608590,-0.04816467,-0.04201944,-9869.7735,234885.8996,OK,0.0000,394.7909,4.0000,96.0000,AG03-UNRESOLVED,ALL5_LEVELS_bet23_to_bet27,394.7909,394.7909,394.7909,394.7909,394.7909,4.000000,4.000000,4.000000,4.000000,4.000000,96.000000,96.000000,96.000000,96.000000,96.000000,5.0,1973.9547,1822.2297,7895.8188,8047.5438,PENDING_AG03,FALSE,NOT_FOR_ENFORCEMENT,9474.9825,206164.0421,9869.7735,9474.9825,394.7909,0.04201944,0.04033866,394.7909,9474.9825,0.04033866,394.7909,394.7909,394.7909,394.7909,394.7909,9474.9825,0.04033866,1973.9547,1822.2297,7895.8188,8047.5438,0.03361555,0.0342615,0.00168078,63.6720,71.2286,3.2736,143.0402,5.0692,3404.1435,43.6957,64.4793,63.5359,42.5677,43.0663,85.2079,124.7713,127.8119,154.8004,42.604,-41.336,2.967791,3.594466,1.478463,30,203,130,8,0.14604117,0.04201944,0.00608590,0E-8,0.000000,0.914292,0.640282,0.04207877,2026-03-23,2026-08-04,69,1947,1162,135,0.511111,1.014849,1.012680,0.486804,,,,,,,,GLOBAL_BASELINE_NO_ENTITY_RANKING,,,NOT_APPLICABLE_GLOBAL_BASELINE,HF9g-P5,,,,X 全窗基线 · 不参与实体赏罚,15050877,1506,A168_HF9F_20260827_0900,2026-08-27 09:00:00
2026-06-14,74657362,2170,0,127.8118609407,42.6039536469,42.6039536469,0.6666667,3,3,0.50218230000000000,0.502182300000,0.5697959874915163,0.5697959874915164,0.5697959874915163,0E-17,ELIGIBLE,R03b_20260811_FULL_v1,L1_ELIGIBILITY,v2026-08-11,2026-03-21..2026-08-06,baccarat_bet02_101_all_pairs_incl_sentinel,round_win = game_pnl > 0 (decisive only),COMPATIBILITY_ONLY_NOT_PRODUCTION,234885.8996,214754.2105,9869.7735,3689,3015,-0.04201944,-0.00608590,-0.04816467,-0.04201944,-9869.7735,234885.8996,OK,0.0000,394.7909,4.0000,96.0000,AG03-UNRESOLVED,ALL5_LEVELS_bet23_to_bet27,394.7909,394.7909,394.7909,394.7909,394.7909,4.000000,4.000000,4.000000,4.000000,4.000000,96.000000,96.000000,96.000000,96.000000,96.000000,5.0,1973.9547,1822.2297,7895.8188,8047.5438,PENDING_AG03,FALSE,NOT_FOR_ENFORCEMENT,9474.9825,206164.0421,9869.7735,9474.9825,394.7909,0.04201944,0.04033866,394.7909,9474.9825,0.04033866,394.7909,394.7909,394.7909,394.7909,394.7909,9474.9825,0.04033866,1973.9547,1822.2297,7895.8188,8047.5438,0.03361555,0.0342615,0.00168078,63.6720,71.2286,3.2736,143.0402,5.0692,3404.1435,43.6957,64.4793,63.5359,42.5677,43.0663,85.2079,124.7713,127.8119,154.8004,42.604,-41.336,2.967791,3.594466,1.478463,30,203,130,8,0.14604117,0.04201944,0.00608590,0E-8,0.000000,0.914292,0.640282,0.04207877,2026-03-23,2026-08-04,69,1947,1162,135,0.511111,1.014849,1.012680,0.486804,,,,,,,,GLOBAL_BASELINE_NO_ENTITY_RANKING,,,NOT_APPLICABLE_GLOBAL_BASELINE,HF9g-P5,,,,X 全窗基线 · 不参与实体赏罚,15050878,1506,A168_HF9F_20260827_0900,2026-08-27 09:00:00
2026-06-14,74657362,2209,0,42.6039536469,0E-10,0E-10,,1,1,0.49324550000000000,0.493245500000,,,,0E-17,NO_DECISIVE_ROUND,R03b_20260811_FULL_v1,L1_ELIGIBILITY,v2026-08-11,2026-03-21..2026-08-06,baccarat_bet02_101_all_pairs_incl_sentinel,round_win = game_pnl > 0 (decisive only),COMPATIBILITY_ONLY_NOT_PRODUCTION,234885.8996,214754.2105,9869.7735,3689,3015,-0.04201944,-0.00608590,-0.04816467,-0.04201944,-9869.7735,234885.8996,OK,0.0000,394.7909,4.0000,96.0000,AG03-UNRESOLVED,ALL5_LEVELS_bet23_to_bet27,394.7909,394.7909,394.7909,394.7909,394.7909,4.000000,4.000000,4.000000,4.000000,4.000000,96.000000,96.000000,96.000000,96.000000,96.000000,5.0,1973.9547,1822.2297,7895.8188,8047.5438,PENDING_AG03,FALSE,NOT_FOR_ENFORCEMENT,9474.9825,206164.0421,9869.7735,9474.9825,394.7909,0.04201944,0.04033866,394.7909,9474.9825,0.04033866,394.7909,394.7909,394.7909,394.7909,394.7909,9474.9825,0.04033866,1973.9547,1822.2297,7895.8188,8047.5438,0.03361555,0.0342615,0.00168078,63.6720,71.2286,3.2736,143.0402,5.0692,3404.1435,43.6957,64.4793,63.5359,42.5677,43.0663,85.2079,124.7713,127.8119,154.8004,42.604,-41.336,2.967791,3.594466,1.478463,30,203,130,8,0.14604117,0.04201944,0.00608590,0E-8,0.000000,0.914292,0.640282,0.04207877,2026-03-23,2026-08-04,69,1947,1162,135,0.511111,1.014849,1.012680,0.486804,,,,,,,,GLOBAL_BASELINE_NO_ENTITY_RANKING,,,NOT_APPLICABLE_GLOBAL_BASELINE,HF9g-P5,,,,X 全窗基线 · 不参与实体赏罚,15050879,1506,A168_HF9F_20260827_0900,2026-08-27 09:00:00
2026-06-14,74657362,2216,0,42.6039536469,-42.6039536469,-42.6039536469,0E-7,1,1,0.49324550000000000,0.493245500000,-0.9865810262130424,-0.9865810262130424,-0.9865810262130424,0E-17,ELIGIBLE,R03b_20260811_FULL_v1,L1_ELIGIBILITY,v2026-08-11,2026-03-21..2026-08-06,baccarat_bet02_101_all_pairs_incl_sentinel,round_win = game_pnl > 0 (decisive only),COMPATIBILITY_ONLY_NOT_PRODUCTION,234885.8996,214754.2105,9869.7735,3689,3015,-0.04201944,-0.00608590,-0.04816467,-0.04201944,-9869.7735,234885.8996,OK,0.0000,394.7909,4.0000,96.0000,AG03-UNRESOLVED,ALL5_LEVELS_bet23_to_bet27,394.7909,394.7909,394.7909,394.7909,394.7909,4.000000,4.000000,4.000000,4.000000,4.000000,96.000000,96.000000,96.000000,96.000000,96.000000,5.0,1973.9547,1822.2297,7895.8188,8047.5438,PENDING_AG03,FALSE,NOT_FOR_ENFORCEMENT,9474.9825,206164.0421,9869.7735,9474.9825,394.7909,0.04201944,0.04033866,394.7909,9474.9825,0.04033866,394.7909,394.7909,394.7909,394.7909,394.7909,9474.9825,0.04033866,1973.9547,1822.2297,7895.8188,8047.5438,0.03361555,0.0342615,0.00168078,63.6720,71.2286,3.2736,143.0402,5.0692,3404.1435,43.6957,64.4793,63.5359,42.5677,43.0663,85.2079,124.7713,127.8119,154.8004,42.604,-41.336,2.967791,3.594466,1.478463,30,203,130,8,0.14604117,0.04201944,0.00608590,0E-8,0.000000,0.914292,0.640282,0.04207877,2026-03-23,2026-08-04,69,1947,1162,135,0.511111,1.014849,1.012680,0.486804,,,,,,,,GLOBAL_BASELINE_NO_ENTITY_RANKING,,,NOT_APPLICABLE_GLOBAL_BASELINE,HF9g-P5,,,,X 全窗基线 · 不参与实体赏罚,15050880,1506,A168_HF9F_20260827_0900,2026-08-27 09:00:00
2026-06-14,74657362,2224,0,42.6039536469,0E-10,0E-10,,1,1,0.49324550000000000,0.493245500000,,,,0E-17,NO_DECISIVE_ROUND,R03b_20260811_FULL_v1,L1_ELIGIBILITY,v2026-08-11,2026-03-21..2026-08-06,baccarat_bet02_101_all_pairs_incl_sentinel,round_win = game_pnl > 0 (decisive only),COMPATIBILITY_ONLY_NOT_PRODUCTION,234885.8996,214754.2105,9869.7735,3689,3015,-0.04201944,-0.00608590,-0.04816467,-0.04201944,-9869.7735,234885.8996,OK,0.0000,394.7909,4.0000,96.0000,AG03-UNRESOLVED,ALL5_LEVELS_bet23_to_bet27,394.7909,394.7909,394.7909,394.7909,394.7909,4.000000,4.000000,4.000000,4.000000,4.000000,96.000000,96.000000,96.000000,96.000000,96.000000,5.0,1973.9547,1822.2297,7895.8188,8047.5438,PENDING_AG03,FALSE,NOT_FOR_ENFORCEMENT,9474.9825,206164.0421,9869.7735,9474.9825,394.7909,0.04201944,0.04033866,394.7909,9474.9825,0.04033866,394.7909,394.7909,394.7909,394.7909,394.7909,9474.9825,0.04033866,1973.9547,1822.2297,7895.8188,8047.5438,0.03361555,0.0342615,0.00168078,63.6720,71.2286,3.2736,143.0402,5.0692,3404.1435,43.6957,64.4793,63.5359,42.5677,43.0663,85.2079,124.7713,127.8119,154.8004,42.604,-41.336,2.967791,3.594466,1.478463,30,203,130,8,0.14604117,0.04201944,0.00608590,0E-8,0.000000,0.914292,0.640282,0.04207877,2026-03-23,2026-08-04,69,1947,1162,135,0.511111,1.014849,1.012680,0.486804,,,,,,,,GLOBAL_BASELINE_NO_ENTITY_RANKING,,,NOT_APPLICABLE_GLOBAL_BASELINE,HF9g-P5,,,,X 全窗基线 · 不参与实体赏罚,15050881,1506,A168_HF9F_20260827_0900,2026-08-27 09:00:00
2026-06-14,74657362,2267,0,85.2079072938,0E-10,0E-10,0.5000000,2,2,0.49324550000000000,0.493245500000,0.01910635448239258,0.01910635448239258,0.01910635448239258,0E-17,ELIGIBLE,R03b_20260811_FULL_v1,L1_ELIGIBILITY,v2026-08-11,2026-03-21..2026-08-06,baccarat_bet02_101_all_pairs_incl_sentinel,round_win = game_pnl > 0 (decisive only),COMPATIBILITY_ONLY_NOT_PRODUCTION,234885.8996,214754.2105,9869.7735,3689,3015,-0.04201944,-0.00608590,-0.04816467,-0.04201944,-9869.7735,234885.8996,OK,0.0000,394.7909,4.0000,96.0000,AG03-UNRESOLVED,ALL5_LEVELS_bet23_to_bet27,394.7909,394.7909,394.7909,394.7909,394.7909,4.000000,4.000000,4.000000,4.000000,4.000000,96.000000,96.000000,96.000000,96.000000,96.000000,5.0,1973.9547,1822.2297,7895.8188,8047.5438,PENDING_AG03,FALSE,NOT_FOR_ENFORCEMENT,9474.9825,206164.0421,9869.7735,9474.9825,394.7909,0.04201944,0.04033866,394.7909,9474.9825,0.04033866,394.7909,394.7909,394.7909,394.7909,394.7909,9474.9825,0.04033866,1973.9547,1822.2297,7895.8188,8047.5438,0.03361555,0.0342615,0.00168078,63.6720,71.2286,3.2736,143.0402,5.0692,3404.1435,43.6957,64.4793,63.5359,42.5677,43.0663,85.2079,124.7713,127.8119,154.8004,42.604,-41.336,2.967791,3.594466,1.478463,30,203,130,8,0.14604117,0.04201944,0.00608590,0E-8,0.000000,0.914292,0.640282,0.04207877,2026-03-23,2026-08-04,69,1947,1162,135,0.511111,1.014849,1.012680,0.486804,,,,,,,,GLOBAL_BASELINE_NO_ENTITY_RANKING,,,NOT_APPLICABLE_GLOBAL_BASELINE,HF9g-P5,,,,X 全窗基线 · 不参与实体赏罚,15050882,1506,A168_HF9F_20260827_0900,2026-08-27 09:00:00
2026-06-14,74657362,919,0,42.6039536469,-42.6039536469,-42.6039536469,0E-7,1,1,0.49324550000000000,0.493245500000,-0.9865810262130424,-0.9865810262130424,-0.9865810262130424,0E-17,ELIGIBLE,R03b_20260811_FULL_v1,L1_ELIGIBILITY,v2026-08-11,2026-03-21..2026-08-06,baccarat_bet02_101_all_pairs_incl_sentinel,round_win = game_pnl > 0 (decisive only),COMPATIBILITY_ONLY_NOT_PRODUCTION,234885.8996,214754.2105,9869.7735,3689,3015,-0.04201944,-0.00608590,-0.04816467,-0.04201944,-9869.7735,234885.8996,OK,0.0000,394.7909,4.0000,96.0000,AG03-UNRESOLVED,ALL5_LEVELS_bet23_to_bet27,394.7909,394.7909,394.7909,394.7909,394.7909,4.000000,4.000000,4.000000,4.000000,4.000000,96.000000,96.000000,96.000000,96.000000,96.000000,5.0,1973.9547,1822.2297,7895.8188,8047.5438,PENDING_AG03,FALSE,NOT_FOR_ENFORCEMENT,9474.9825,206164.0421,9869.7735,9474.9825,394.7909,0.04201944,0.04033866,394.7909,9474.9825,0.04033866,394.7909,394.7909,394.7909,394.7909,394.7909,9474.9825,0.04033866,1973.9547,1822.2297,7895.8188,8047.5438,0.03361555,0.0342615,0.00168078,63.6720,71.2286,3.2736,143.0402,5.0692,3404.1435,43.6957,64.4793,63.5359,42.5677,43.0663,85.2079,124.7713,127.8119,154.8004,42.604,-41.336,2.967791,3.594466,1.478463,30,203,130,8,0.14604117,0.04201944,0.00608590,0E-8,0.000000,0.914292,0.640282,0.04207877,2026-03-23,2026-08-04,69,1947,1162,135,0.511111,1.014849,1.012680,0.486804,,,,,,,,GLOBAL_BASELINE_NO_ENTITY_RANKING,,,NOT_APPLICABLE_GLOBAL_BASELINE,HF9g-P5,,,,X 全窗基线 · 不参与实体赏罚,15050883,1506,A168_HF9F_20260827_0900,2026-08-27 09:00:00
2026-06-15,74657362,-1,1,514.6557600545,-221.5405589639,-221.5405589639,0.3000000,10,10,0.49458602000000000,0.494586020000,-1.2307421991799417,-1.2307421991799417,-1.2307421991799417,0E-17,SENTINEL_DEALER,R03b_20260811_FULL_v1,L1_ELIGIBILITY,v2026-08-11,2026-03-21..2026-08-06,baccarat_bet02_101_all_pairs_incl_sentinel,round_win = game_pnl > 0 (decisive only),COMPATIBILITY_ONLY_NOT_PRODUCTION,234885.8996,214754.2105,9869.7735,3689,3015,-0.04201944,-0.00608590,-0.04816467,-0.04201944,-9869.7735,234885.8996,OK,0.0000,394.7909,4.0000,96.0000,AG03-UNRESOLVED,ALL5_LEVELS_bet23_to_bet27,394.7909,394.7909,394.7909,394.7909,394.7909,4.000000,4.000000,4.000000,4.000000,4.000000,96.000000,96.000000,96.000000,96.000000,96.000000,5.0,1973.9547,1822.2297,7895.8188,8047.5438,PENDING_AG03,FALSE,NOT_FOR_ENFORCEMENT,9474.9825,206164.0421,9869.7735,9474.9825,394.7909,0.04201944,0.04033866,394.7909,9474.9825,0.04033866,394.7909,394.7909,394.7909,394.7909,394.7909,9474.9825,0.04033866,1973.9547,1822.2297,7895.8188,8047.5438,0.03361555,0.0342615,0.00168078,63.6720,71.2286,3.2736,143.0402,5.0692,3404.1435,43.6957,64.4793,63.5359,42.5677,43.0663,85.2079,124.7713,127.8119,154.8004,42.604,-41.336,2.967791,3.594466,1.478463,30,203,130,8,0.14604117,0.04201944,0.00608590,0E-8,0.000000,0.914292,0.640282,0.04207877,2026-03-23,2026-08-04,69,1947,1162,135,0.511111,1.014849,1.012680,0.486804,,,,,,,,GLOBAL_BASELINE_NO_ENTITY_RANKING,,,NOT_APPLICABLE_GLOBAL_BASELINE,HF9g-P5,,,,X 全窗基线 · 不参与实体赏罚,15050884,1506,A168_HF9F_20260827_0900,2026-08-27 09:00:00
2026-06-15,74657362,1017,0,85.2079072938,-85.2079072938,-85.2079072938,0E-7,2,2,0.49324550000000000,0.493245500000,-1.3952362676504506,-1.3952362676504506,-1.3952362676504506,0E-17,ELIGIBLE,R03b_20260811_FULL_v1,L1_ELIGIBILITY,v2026-08-11,2026-03-21..2026-08-06,baccarat_bet02_101_all_pairs_incl_sentinel,round_win = game_pnl > 0 (decisive only),COMPATIBILITY_ONLY_NOT_PRODUCTION,234885.8996,214754.2105,9869.7735,3689,3015,-0.04201944,-0.00608590,-0.04816467,-0.04201944,-9869.7735,234885.8996,OK,0.0000,394.7909,4.0000,96.0000,AG03-UNRESOLVED,ALL5_LEVELS_bet23_to_bet27,394.7909,394.7909,394.7909,394.7909,394.7909,4.000000,4.000000,4.000000,4.000000,4.000000,96.000000,96.000000,96.000000,96.000000,96.000000,5.0,1973.9547,1822.2297,7895.8188,8047.5438,PENDING_AG03,FALSE,NOT_FOR_ENFORCEMENT,9474.9825,206164.0421,9869.7735,9474.9825,394.7909,0.04201944,0.04033866,394.7909,9474.9825,0.04033866,394.7909,394.7909,394.7909,394.7909,394.7909,9474.9825,0.04033866,1973.9547,1822.2297,7895.8188,8047.5438,0.03361555,0.0342615,0.00168078,63.6720,71.2286,3.2736,143.0402,5.0692,3404.1435,43.6957,64.4793,63.5359,42.5677,43.0663,85.2079,124.7713,127.8119,154.8004,42.604,-41.336,2.967791,3.594466,1.478463,30,203,130,8,0.14604117,0.04201944,0.00608590,0E-8,0.000000,0.914292,0.640282,0.04207877,2026-03-23,2026-08-04,69,1947,1162,135,0.511111,1.014849,1.012680,0.486804,,,,,,,,GLOBAL_BASELINE_NO_ENTITY_RANKING,,,NOT_APPLICABLE_GLOBAL_BASELINE,HF9g-P5,,,,X 全窗基线 · 不参与实体赏罚,15050885,1506,A168_HF9F_20260827_0900,2026-08-27 09:00:00
2026-06-15,74657362,1115,0,42.6039536469,0E-10,0E-10,,1,1,0.49324550000000000,0.493245500000,,,,0E-17,NO_DECISIVE_ROUND,R03b_20260811_FULL_v1,L1_ELIGIBILITY,v2026-08-11,2026-03-21..2026-08-06,baccarat_bet02_101_all_pairs_incl_sentinel,round_win = game_pnl > 0 (decisive only),COMPATIBILITY_ONLY_NOT_PRODUCTION,234885.8996,214754.2105,9869.7735,3689,3015,-0.04201944,-0.00608590,-0.04816467,-0.04201944,-9869.7735,234885.8996,OK,0.0000,394.7909,4.0000,96.0000,AG03-UNRESOLVED,ALL5_LEVELS_bet23_to_bet27,394.7909,394.7909,394.7909,394.7909,394.7909,4.000000,4.000000,4.000000,4.000000,4.000000,96.000000,96.000000,96.000000,96.000000,96.000000,5.0,1973.9547,1822.2297,7895.8188,8047.5438,PENDING_AG03,FALSE,NOT_FOR_ENFORCEMENT,9474.9825,206164.0421,9869.7735,9474.9825,394.7909,0.04201944,0.04033866,394.7909,9474.9825,0.04033866,394.7909,394.7909,394.7909,394.7909,394.7909,9474.9825,0.04033866,1973.9547,1822.2297,7895.8188,8047.5438,0.03361555,0.0342615,0.00168078,63.6720,71.2286,3.2736,143.0402,5.0692,3404.1435,43.6957,64.4793,63.5359,42.5677,43.0663,85.2079,124.7713,127.8119,154.8004,42.604,-41.336,2.967791,3.594466,1.478463,30,203,130,8,0.14604117,0.04201944,0.00608590,0E-8,0.000000,0.914292,0.640282,0.04207877,2026-03-23,2026-08-04,69,1947,1162,135,0.511111,1.014849,1.012680,0.486804,,,,,,,,GLOBAL_BASELINE_NO_ENTITY_RANKING,,,NOT_APPLICABLE_GLOBAL_BASELINE,HF9g-P5,,,,X 全窗基线 · 不参与实体赏罚,15050886,1506,A168_HF9F_20260827_0900,2026-08-27 09:00:00
2026-06-15,74657362,1210,0,42.6039536469,-42.6039536469,-42.6039536469,0E-7,1,1,0.49324550000000000,0.493245500000,-0.9865810262130424,-0.9865810262130424,-0.9865810262130424,0E-17,ELIGIBLE,R03b_20260811_FULL_v1,L1_ELIGIBILITY,v2026-08-11,2026-03-21..2026-08-06,baccarat_bet02_101_all_pairs_incl_sentinel,round_win = game_pnl > 0 (decisive only),COMPATIBILITY_ONLY_NOT_PRODUCTION,234885.8996,214754.2105,9869.7735,3689,3015,-0.04201944,-0.00608590,-0.04816467,-0.04201944,-9869.7735,234885.8996,OK,0.0000,394.7909,4.0000,96.0000,AG03-UNRESOLVED,ALL5_LEVELS_bet23_to_bet27,394.7909,394.7909,394.7909,394.7909,394.7909,4.000000,4.000000,4.000000,4.000000,4.000000,96.000000,96.000000,96.000000,96.000000,96.000000,5.0,1973.9547,1822.2297,7895.8188,8047.5438,PENDING_AG03,FALSE,NOT_FOR_ENFORCEMENT,9474.9825,206164.0421,9869.7735,9474.9825,394.7909,0.04201944,0.04033866,394.7909,9474.9825,0.04033866,394.7909,394.7909,394.7909,394.7909,394.7909,9474.9825,0.04033866,1973.9547,1822.2297,7895.8188,8047.5438,0.03361555,0.0342615,0.00168078,63.6720,71.2286,3.2736,143.0402,5.0692,3404.1435,43.6957,64.4793,63.5359,42.5677,43.0663,85.2079,124.7713,127.8119,154.8004,42.604,-41.336,2.967791,3.594466,1.478463,30,203,130,8,0.14604117,0.04201944,0.00608590,0E-8,0.000000,0.914292,0.640282,0.04207877,2026-03-23,2026-08-04,69,1947,1162,135,0.511111,1.014849,1.012680,0.486804,,,,,,,,GLOBAL_BASELINE_NO_ENTITY_RANKING,,,NOT_APPLICABLE_GLOBAL_BASELINE,HF9g-P5,,,,X 全窗基线 · 不参与实体赏罚,15050887,1506,A168_HF9F_20260827_0900,2026-08-27 09:00:00
2026-06-15,74657362,1384,0,42.6039536469,21.3019768234,21.3019768234,1.0000000,1,1,0.50665070000000000,0.506650700000,0.9867858985152569,0.9867858985152569,0.9867858985152569,0E-17,ELIGIBLE,R03b_20260811_FULL_v1,L1_ELIGIBILITY,v2026-08-11,2026-03-21..2026-08-06,baccarat_bet02_101_all_pairs_incl_sentinel,round_win = game_pnl > 0 (decisive only),COMPATIBILITY_ONLY_NOT_PRODUCTION,234885.8996,214754.2105,9869.7735,3689,3015,-0.04201944,-0.00608590,-0.04816467,-0.04201944,-9869.7735,234885.8996,OK,0.0000,394.7909,4.0000,96.0000,AG03-UNRESOLVED,ALL5_LEVELS_bet23_to_bet27,394.7909,394.7909,394.7909,394.7909,394.7909,4.000000,4.000000,4.000000,4.000000,4.000000,96.000000,96.000000,96.000000,96.000000,96.000000,5.0,1973.9547,1822.2297,7895.8188,8047.5438,PENDING_AG03,FALSE,NOT_FOR_ENFORCEMENT,9474.9825,206164.0421,9869.7735,9474.9825,394.7909,0.04201944,0.04033866,394.7909,9474.9825,0.04033866,394.7909,394.7909,394.7909,394.7909,394.7909,9474.9825,0.04033866,1973.9547,1822.2297,7895.8188,8047.5438,0.03361555,0.0342615,0.00168078,63.6720,71.2286,3.2736,143.0402,5.0692,3404.1435,43.6957,64.4793,63.5359,42.5677,43.0663,85.2079,124.7713,127.8119,154.8004,42.604,-41.336,2.967791,3.594466,1.478463,30,203,130,8,0.14604117,0.04201944,0.00608590,0E-8,0.000000,0.914292,0.640282,0.04207877,2026-03-23,2026-08-04,69,1947,1162,135,0.511111,1.014849,1.012680,0.486804,,,,,,,,GLOBAL_BASELINE_NO_ENTITY_RANKING,,,NOT_APPLICABLE_GLOBAL_BASELINE,HF9g-P5,,,,X 全窗基线 · 不参与实体赏罚,15050888,1506,A168_HF9F_20260827_0900,2026-08-27 09:00:00
2026-06-15,74657362,1385,0,85.2079072938,85.2079072938,85.2079072938,1.0000000,1,1,0.49324550000000000,0.493245500000,1.01360149184955,1.01360149184955,1.01360149184955,0E-17,ELIGIBLE,R03b_20260811_FULL_v1,L1_ELIGIBILITY,v2026-08-11,2026-03-21..2026-08-06,baccarat_bet02_101_all_pairs_incl_sentinel,round_win = game_pnl > 0 (decisive only),COMPATIBILITY_ONLY_NOT_PRODUCTION,234885.8996,214754.2105,9869.7735,3689,3015,-0.04201944,-0.00608590,-0.04816467,-0.04201944,-9869.7735,234885.8996,OK,0.0000,394.7909,4.0000,96.0000,AG03-UNRESOLVED,ALL5_LEVELS_bet23_to_bet27,394.7909,394.7909,394.7909,394.7909,394.7909,4.000000,4.000000,4.000000,4.000000,4.000000,96.000000,96.000000,96.000000,96.000000,96.000000,5.0,1973.9547,1822.2297,7895.8188,8047.5438,PENDING_AG03,FALSE,NOT_FOR_ENFORCEMENT,9474.9825,206164.0421,9869.7735,9474.9825,394.7909,0.04201944,0.04033866,394.7909,9474.9825,0.04033866,394.7909,394.7909,394.7909,394.7909,394.7909,9474.9825,0.04033866,1973.9547,1822.2297,7895.8188,8047.5438,0.03361555,0.0342615,0.00168078,63.6720,71.2286,3.2736,143.0402,5.0692,3404.1435,43.6957,64.4793,63.5359,42.5677,43.0663,85.2079,124.7713,127.8119,154.8004,42.604,-41.336,2.967791,3.594466,1.478463,30,203,130,8,0.14604117,0.04201944,0.00608590,0E-8,0.000000,0.914292,0.640282,0.04207877,2026-03-23,2026-08-04,69,1947,1162,135,0.511111,1.014849,1.012680,0.486804,,,,,,,,GLOBAL_BASELINE_NO_ENTITY_RANKING,,,NOT_APPLICABLE_GLOBAL_BASELINE,HF9g-P5,,,,X 全窗基线 · 不参与实体赏罚,15050889,1506,A168_HF9F_20260827_0900,2026-08-27 09:00:00
2026-06-15,74657362,1396,0,340.8316291752,-255.6237218814,-255.6237218814,0.2500000,5,4,0.46827871875000000,0.439960637500,-0.874877322794927,-0.7653805584248998,-0.874877322794927,0.02831808125000000,ELIGIBLE,R03b_20260811_FULL_v1,L1_ELIGIBILITY,v2026-08-11,2026-03-21..2026-08-06,baccarat_bet02_101_all_pairs_incl_sentinel,round_win = game_pnl > 0 (decisive only),COMPATIBILITY_ONLY_NOT_PRODUCTION,234885.8996,214754.2105,9869.7735,3689,3015,-0.04201944,-0.00608590,-0.04816467,-0.04201944,-9869.7735,234885.8996,OK,0.0000,394.7909,4.0000,96.0000,AG03-UNRESOLVED,ALL5_LEVELS_bet23_to_bet27,394.7909,394.7909,394.7909,394.7909,394.7909,4.000000,4.000000,4.000000,4.000000,4.000000,96.000000,96.000000,96.000000,96.000000,96.000000,5.0,1973.9547,1822.2297,7895.8188,8047.5438,PENDING_AG03,FALSE,NOT_FOR_ENFORCEMENT,9474.9825,206164.0421,9869.7735,9474.9825,394.7909,0.04201944,0.04033866,394.7909,9474.9825,0.04033866,394.7909,394.7909,394.7909,394.7909,394.7909,9474.9825,0.04033866,1973.9547,1822.2297,7895.8188,8047.5438,0.03361555,0.0342615,0.00168078,63.6720,71.2286,3.2736,143.0402,5.0692,3404.1435,43.6957,64.4793,63.5359,42.5677,43.0663,85.2079,124.7713,127.8119,154.8004,42.604,-41.336,2.967791,3.594466,1.478463,30,203,130,8,0.14604117,0.04201944,0.00608590,0E-8,0.000000,0.914292,0.640282,0.04207877,2026-03-23,2026-08-04,69,1947,1162,135,0.511111,1.014849,1.012680,0.486804,,,,,,,,GLOBAL_BASELINE_NO_ENTITY_RANKING,,,NOT_APPLICABLE_GLOBAL_BASELINE,HF9g-P5,,,,X 全窗基线 · 不参与实体赏罚,15050890,1506,A168_HF9F_20260827_0900,2026-08-27 09:00:00
2026-06-15,74657362,1405,0,42.6039536469,42.6039536469,42.6039536469,1.0000000,1,1,0.49324550000000000,0.493245500000,1.01360149184955,1.01360149184955,1.01360149184955,0E-17,ELIGIBLE,R03b_20260811_FULL_v1,L1_ELIGIBILITY,v2026-08-11,2026-03-21..2026-08-06,baccarat_bet02_101_all_pairs_incl_sentinel,round_win = game_pnl > 0 (decisive only),COMPATIBILITY_ONLY_NOT_PRODUCTION,234885.8996,214754.2105,9869.7735,3689,3015,-0.04201944,-0.00608590,-0.04816467,-0.04201944,-9869.7735,234885.8996,OK,0.0000,394.7909,4.0000,96.0000,AG03-UNRESOLVED,ALL5_LEVELS_bet23_to_bet27,394.7909,394.7909,394.7909,394.7909,394.7909,4.000000,4.000000,4.000000,4.000000,4.000000,96.000000,96.000000,96.000000,96.000000,96.000000,5.0,1973.9547,1822.2297,7895.8188,8047.5438,PENDING_AG03,FALSE,NOT_FOR_ENFORCEMENT,9474.9825,206164.0421,9869.7735,9474.9825,394.7909,0.04201944,0.04033866,394.7909,9474.9825,0.04033866,394.7909,394.7909,394.7909,394.7909,394.7909,9474.9825,0.04033866,1973.9547,1822.2297,7895.8188,8047.5438,0.03361555,0.0342615,0.00168078,63.6720,71.2286,3.2736,143.0402,5.0692,3404.1435,43.6957,64.4793,63.5359,42.5677,43.0663,85.2079,124.7713,127.8119,154.8004,42.604,-41.336,2.967791,3.594466,1.478463,30,203,130,8,0.14604117,0.04201944,0.00608590,0E-8,0.000000,0.914292,0.640282,0.04207877,2026-03-23,2026-08-04,69,1947,1162,135,0.511111,1.014849,1.012680,0.486804,,,,,,,,GLOBAL_BASELINE_NO_ENTITY_RANKING,,,NOT_APPLICABLE_GLOBAL_BASELINE,HF9g-P5,,,,X 全窗基线 · 不参与实体赏罚,15050891,1506,A168_HF9F_20260827_0900,2026-08-27 09:00:00
2026-06-15,74657362,1505,0,85.2079072938,-85.2079072938,-85.2079072938,0E-7,1,1,0.49324550000000000,0.493245500000,-0.9865810262130424,-0.9865810262130424,-0.9865810262130424,0E-17,ELIGIBLE,R03b_20260811_FULL_v1,L1_ELIGIBILITY,v2026-08-11,2026-03-21..2026-08-06,baccarat_bet02_101_all_pairs_incl_sentinel,round_win = game_pnl > 0 (decisive only),COMPATIBILITY_ONLY_NOT_PRODUCTION,234885.8996,214754.2105,9869.7735,3689,3015,-0.04201944,-0.00608590,-0.04816467,-0.04201944,-9869.7735,234885.8996,OK,0.0000,394.7909,4.0000,96.0000,AG03-UNRESOLVED,ALL5_LEVELS_bet23_to_bet27,394.7909,394.7909,394.7909,394.7909,394.7909,4.000000,4.000000,4.000000,4.000000,4.000000,96.000000,96.000000,96.000000,96.000000,96.000000,5.0,1973.9547,1822.2297,7895.8188,8047.5438,PENDING_AG03,FALSE,NOT_FOR_ENFORCEMENT,9474.9825,206164.0421,9869.7735,9474.9825,394.7909,0.04201944,0.04033866,394.7909,9474.9825,0.04033866,394.7909,394.7909,394.7909,394.7909,394.7909,9474.9825,0.04033866,1973.9547,1822.2297,7895.8188,8047.5438,0.03361555,0.0342615,0.00168078,63.6720,71.2286,3.2736,143.0402,5.0692,3404.1435,43.6957,64.4793,63.5359,42.5677,43.0663,85.2079,124.7713,127.8119,154.8004,42.604,-41.336,2.967791,3.594466,1.478463,30,203,130,8,0.14604117,0.04201944,0.00608590,0E-8,0.000000,0.914292,0.640282,0.04207877,2026-03-23,2026-08-04,69,1947,1162,135,0.511111,1.014849,1.012680,0.486804,,,,,,,,GLOBAL_BASELINE_NO_ENTITY_RANKING,,,NOT_APPLICABLE_GLOBAL_BASELINE,HF9g-P5,,,,X 全窗基线 · 不参与实体赏罚,15050892,1506,A168_HF9F_20260827_0900,2026-08-27 09:00:00
2026-06-15,74657362,1645,0,42.6039536469,42.6039536469,42.6039536469,1.0000000,1,1,0.49324550000000000,0.493245500000,1.01360149184955,1.01360149184955,1.01360149184955,0E-17,ELIGIBLE,R03b_20260811_FULL_v1,L1_ELIGIBILITY,v2026-08-11,2026-03-21..2026-08-06,baccarat_bet02_101_all_pairs_incl_sentinel,round_win = game_pnl > 0 (decisive only),COMPATIBILITY_ONLY_NOT_PRODUCTION,234885.8996,214754.2105,9869.7735,3689,3015,-0.04201944,-0.00608590,-0.04816467,-0.04201944,-9869.7735,234885.8996,OK,0.0000,394.7909,4.0000,96.0000,AG03-UNRESOLVED,ALL5_LEVELS_bet23_to_bet27,394.7909,394.7909,394.7909,394.7909,394.7909,4.000000,4.000000,4.000000,4.000000,4.000000,96.000000,96.000000,96.000000,96.000000,96.000000,5.0,1973.9547,1822.2297,7895.8188,8047.5438,PENDING_AG03,FALSE,NOT_FOR_ENFORCEMENT,9474.9825,206164.0421,9869.7735,9474.9825,394.7909,0.04201944,0.04033866,394.7909,9474.9825,0.04033866,394.7909,394.7909,394.7909,394.7909,394.7909,9474.9825,0.04033866,1973.9547,1822.2297,7895.8188,8047.5438,0.03361555,0.0342615,0.00168078,63.6720,71.2286,3.2736,143.0402,5.0692,3404.1435,43.6957,64.4793,63.5359,42.5677,43.0663,85.2079,124.7713,127.8119,154.8004,42.604,-41.336,2.967791,3.594466,1.478463,30,203,130,8,0.14604117,0.04201944,0.00608590,0E-8,0.000000,0.914292,0.640282,0.04207877,2026-03-23,2026-08-04,69,1947,1162,135,0.511111,1.014849,1.012680,0.486804,,,,,,,,GLOBAL_BASELINE_NO_ENTITY_RANKING,,,NOT_APPLICABLE_GLOBAL_BASELINE,HF9g-P5,,,,X 全窗基线 · 不参与实体赏罚,15050893,1506,A168_HF9F_20260827_0900,2026-08-27 09:00:00
2026-06-15,74657362,1704,0,42.6039536469,-42.6039536469,-42.6039536469,0E-7,1,1,0.49324550000000000,0.493245500000,-0.9865810262130424,-0.9865810262130424,-0.9865810262130424,0E-17,ELIGIBLE,R03b_20260811_FULL_v1,L1_ELIGIBILITY,v2026-08-11,2026-03-21..2026-08-06,baccarat_bet02_101_all_pairs_incl_sentinel,round_win = game_pnl > 0 (decisive only),COMPATIBILITY_ONLY_NOT_PRODUCTION,234885.8996,214754.2105,9869.7735,3689,3015,-0.04201944,-0.00608590,-0.04816467,-0.04201944,-9869.7735,234885.8996,OK,0.0000,394.7909,4.0000,96.0000,AG03-UNRESOLVED,ALL5_LEVELS_bet23_to_bet27,394.7909,394.7909,394.7909,394.7909,394.7909,4.000000,4.000000,4.000000,4.000000,4.000000,96.000000,96.000000,96.000000,96.000000,96.000000,5.0,1973.9547,1822.2297,7895.8188,8047.5438,PENDING_AG03,FALSE,NOT_FOR_ENFORCEMENT,9474.9825,206164.0421,9869.7735,9474.9825,394.7909,0.04201944,0.04033866,394.7909,9474.9825,0.04033866,394.7909,394.7909,394.7909,394.7909,394.7909,9474.9825,0.04033866,1973.9547,1822.2297,7895.8188,8047.5438,0.03361555,0.0342615,0.00168078,63.6720,71.2286,3.2736,143.0402,5.0692,3404.1435,43.6957,64.4793,63.5359,42.5677,43.0663,85.2079,124.7713,127.8119,154.8004,42.604,-41.336,2.967791,3.594466,1.478463,30,203,130,8,0.14604117,0.04201944,0.00608590,0E-8,0.000000,0.914292,0.640282,0.04207877,2026-03-23,2026-08-04,69,1947,1162,135,0.511111,1.014849,1.012680,0.486804,,,,,,,,GLOBAL_BASELINE_NO_ENTITY_RANKING,,,NOT_APPLICABLE_GLOBAL_BASELINE,HF9g-P5,,,,X 全窗基线 · 不参与实体赏罚,15050894,1506,A168_HF9F_20260827_0900,2026-08-27 09:00:00
2026-06-15,74657362,1710,0,85.2079072938,85.2079072938,85.2079072938,1.0000000,2,2,0.49324550000000000,0.493245500000,1.4334489766152358,1.4334489766152358,1.4334489766152358,0E-17,ELIGIBLE,R03b_20260811_FULL_v1,L1_ELIGIBILITY,v2026-08-11,2026-03-21..2026-08-06,baccarat_bet02_101_all_pairs_incl_sentinel,round_win = game_pnl > 0 (decisive only),COMPATIBILITY_ONLY_NOT_PRODUCTION,234885.8996,214754.2105,9869.7735,3689,3015,-0.04201944,-0.00608590,-0.04816467,-0.04201944,-9869.7735,234885.8996,OK,0.0000,394.7909,4.0000,96.0000,AG03-UNRESOLVED,ALL5_LEVELS_bet23_to_bet27,394.7909,394.7909,394.7909,394.7909,394.7909,4.000000,4.000000,4.000000,4.000000,4.000000,96.000000,96.000000,96.000000,96.000000,96.000000,5.0,1973.9547,1822.2297,7895.8188,8047.5438,PENDING_AG03,FALSE,NOT_FOR_ENFORCEMENT,9474.9825,206164.0421,9869.7735,9474.9825,394.7909,0.04201944,0.04033866,394.7909,9474.9825,0.04033866,394.7909,394.7909,394.7909,394.7909,394.7909,9474.9825,0.04033866,1973.9547,1822.2297,7895.8188,8047.5438,0.03361555,0.0342615,0.00168078,63.6720,71.2286,3.2736,143.0402,5.0692,3404.1435,43.6957,64.4793,63.5359,42.5677,43.0663,85.2079,124.7713,127.8119,154.8004,42.604,-41.336,2.967791,3.594466,1.478463,30,203,130,8,0.14604117,0.04201944,0.00608590,0E-8,0.000000,0.914292,0.640282,0.04207877,2026-03-23,2026-08-04,69,1947,1162,135,0.511111,1.014849,1.012680,0.486804,,,,,,,,GLOBAL_BASELINE_NO_ENTITY_RANKING,,,NOT_APPLICABLE_GLOBAL_BASELINE,HF9g-P5,,,,X 全窗基线 · 不参与实体赏罚,15050895,1506,A168_HF9F_20260827_0900,2026-08-27 09:00:00
2026-06-15,74657362,1941,0,255.6237218814,213.0197682345,213.0197682345,1.0000000,4,4,0.49324550000000000,0.493245500000,1.755609282511032,1.7556092825110319,1.755609282511032,0E-17,ELIGIBLE,R03b_20260811_FULL_v1,L1_ELIGIBILITY,v2026-08-11,2026-03-21..2026-08-06,baccarat_bet02_101_all_pairs_incl_sentinel,round_win = game_pnl > 0 (decisive only),COMPATIBILITY_ONLY_NOT_PRODUCTION,234885.8996,214754.2105,9869.7735,3689,3015,-0.04201944,-0.00608590,-0.04816467,-0.04201944,-9869.7735,234885.8996,OK,0.0000,394.7909,4.0000,96.0000,AG03-UNRESOLVED,ALL5_LEVELS_bet23_to_bet27,394.7909,394.7909,394.7909,394.7909,394.7909,4.000000,4.000000,4.000000,4.000000,4.000000,96.000000,96.000000,96.000000,96.000000,96.000000,5.0,1973.9547,1822.2297,7895.8188,8047.5438,PENDING_AG03,FALSE,NOT_FOR_ENFORCEMENT,9474.9825,206164.0421,9869.7735,9474.9825,394.7909,0.04201944,0.04033866,394.7909,9474.9825,0.04033866,394.7909,394.7909,394.7909,394.7909,394.7909,9474.9825,0.04033866,1973.9547,1822.2297,7895.8188,8047.5438,0.03361555,0.0342615,0.00168078,63.6720,71.2286,3.2736,143.0402,5.0692,3404.1435,43.6957,64.4793,63.5359,42.5677,43.0663,85.2079,124.7713,127.8119,154.8004,42.604,-41.336,2.967791,3.594466,1.478463,30,203,130,8,0.14604117,0.04201944,0.00608590,0E-8,0.000000,0.914292,0.640282,0.04207877,2026-03-23,2026-08-04,69,1947,1162,135,0.511111,1.014849,1.012680,0.486804,,,,,,,,GLOBAL_BASELINE_NO_ENTITY_RANKING,,,NOT_APPLICABLE_GLOBAL_BASELINE,HF9g-P5,,,,X 全窗基线 · 不参与实体赏罚,15050896,1506,A168_HF9F_20260827_0900,2026-08-27 09:00:00
2026-06-15,74657362,1947,0,42.6039536469,-42.6039536469,-42.6039536469,0E-7,1,1,0.49324550000000000,0.493245500000,-0.9865810262130424,-0.9865810262130424,-0.9865810262130424,0E-17,ELIGIBLE,R03b_20260811_FULL_v1,L1_ELIGIBILITY,v2026-08-11,2026-03-21..2026-08-06,baccarat_bet02_101_all_pairs_incl_sentinel,round_win = game_pnl > 0 (decisive only),COMPATIBILITY_ONLY_NOT_PRODUCTION,234885.8996,214754.2105,9869.7735,3689,3015,-0.04201944,-0.00608590,-0.04816467,-0.04201944,-9869.7735,234885.8996,OK,0.0000,394.7909,4.0000,96.0000,AG03-UNRESOLVED,ALL5_LEVELS_bet23_to_bet27,394.7909,394.7909,394.7909,394.7909,394.7909,4.000000,4.000000,4.000000,4.000000,4.000000,96.000000,96.000000,96.000000,96.000000,96.000000,5.0,1973.9547,1822.2297,7895.8188,8047.5438,PENDING_AG03,FALSE,NOT_FOR_ENFORCEMENT,9474.9825,206164.0421,9869.7735,9474.9825,394.7909,0.04201944,0.04033866,394.7909,9474.9825,0.04033866,394.7909,394.7909,394.7909,394.7909,394.7909,9474.9825,0.04033866,1973.9547,1822.2297,7895.8188,8047.5438,0.03361555,0.0342615,0.00168078,63.6720,71.2286,3.2736,143.0402,5.0692,3404.1435,43.6957,64.4793,63.5359,42.5677,43.0663,85.2079,124.7713,127.8119,154.8004,42.604,-41.336,2.967791,3.594466,1.478463,30,203,130,8,0.14604117,0.04201944,0.00608590,0E-8,0.000000,0.914292,0.640282,0.04207877,2026-03-23,2026-08-04,69,1947,1162,135,0.511111,1.014849,1.012680,0.486804,,,,,,,,GLOBAL_BASELINE_NO_ENTITY_RANKING,,,NOT_APPLICABLE_GLOBAL_BASELINE,HF9g-P5,,,,X 全窗基线 · 不参与实体赏罚,15050897,1506,A168_HF9F_20260827_0900,2026-08-27 09:00:00
2026-06-15,74657362,1985,0,42.6039536469,-42.6039536469,-42.6039536469,0E-7,1,1,0.49324550000000000,0.493245500000,-0.9865810262130424,-0.9865810262130424,-0.9865810262130424,0E-17,ELIGIBLE,R03b_20260811_FULL_v1,L1_ELIGIBILITY,v2026-08-11,2026-03-21..2026-08-06,baccarat_bet02_101_all_pairs_incl_sentinel,round_win = game_pnl > 0 (decisive only),COMPATIBILITY_ONLY_NOT_PRODUCTION,234885.8996,214754.2105,9869.7735,3689,3015,-0.04201944,-0.00608590,-0.04816467,-0.04201944,-9869.7735,234885.8996,OK,0.0000,394.7909,4.0000,96.0000,AG03-UNRESOLVED,ALL5_LEVELS_bet23_to_bet27,394.7909,394.7909,394.7909,394.7909,394.7909,4.000000,4.000000,4.000000,4.000000,4.000000,96.000000,96.000000,96.000000,96.000000,96.000000,5.0,1973.9547,1822.2297,7895.8188,8047.5438,PENDING_AG03,FALSE,NOT_FOR_ENFORCEMENT,9474.9825,206164.0421,9869.7735,9474.9825,394.7909,0.04201944,0.04033866,394.7909,9474.9825,0.04033866,394.7909,394.7909,394.7909,394.7909,394.7909,9474.9825,0.04033866,1973.9547,1822.2297,7895.8188,8047.5438,0.03361555,0.0342615,0.00168078,63.6720,71.2286,3.2736,143.0402,5.0692,3404.1435,43.6957,64.4793,63.5359,42.5677,43.0663,85.2079,124.7713,127.8119,154.8004,42.604,-41.336,2.967791,3.594466,1.478463,30,203,130,8,0.14604117,0.04201944,0.00608590,0E-8,0.000000,0.914292,0.640282,0.04207877,2026-03-23,2026-08-04,69,1947,1162,135,0.511111,1.014849,1.012680,0.486804,,,,,,,,GLOBAL_BASELINE_NO_ENTITY_RANKING,,,NOT_APPLICABLE_GLOBAL_BASELINE,HF9g-P5,,,,X 全窗基线 · 不参与实体赏罚,15050898,1506,A168_HF9F_20260827_0900,2026-08-27 09:00:00
2026-06-15,74657362,2088,0,255.6237218814,170.4158145876,170.4158145876,0.7500000,4,4,0.49324550000000000,0.493245500000,1.0271117246678039,1.0271117246678039,1.0271117246678039,0E-17,ELIGIBLE,R03b_20260811_FULL_v1,L1_ELIGIBILITY,v2026-08-11,2026-03-21..2026-08-06,baccarat_bet02_101_all_pairs_incl_sentinel,round_win = game_pnl > 0 (decisive only),COMPATIBILITY_ONLY_NOT_PRODUCTION,234885.8996,214754.2105,9869.7735,3689,3015,-0.04201944,-0.00608590,-0.04816467,-0.04201944,-9869.7735,234885.8996,OK,0.0000,394.7909,4.0000,96.0000,AG03-UNRESOLVED,ALL5_LEVELS_bet23_to_bet27,394.7909,394.7909,394.7909,394.7909,394.7909,4.000000,4.000000,4.000000,4.000000,4.000000,96.000000,96.000000,96.000000,96.000000,96.000000,5.0,1973.9547,1822.2297,7895.8188,8047.5438,PENDING_AG03,FALSE,NOT_FOR_ENFORCEMENT,9474.9825,206164.0421,9869.7735,9474.9825,394.7909,0.04201944,0.04033866,394.7909,9474.9825,0.04033866,394.7909,394.7909,394.7909,394.7909,394.7909,9474.9825,0.04033866,1973.9547,1822.2297,7895.8188,8047.5438,0.03361555,0.0342615,0.00168078,63.6720,71.2286,3.2736,143.0402,5.0692,3404.1435,43.6957,64.4793,63.5359,42.5677,43.0663,85.2079,124.7713,127.8119,154.8004,42.604,-41.336,2.967791,3.594466,1.478463,30,203,130,8,0.14604117,0.04201944,0.00608590,0E-8,0.000000,0.914292,0.640282,0.04207877,2026-03-23,2026-08-04,69,1947,1162,135,0.511111,1.014849,1.012680,0.486804,,,,,,,,GLOBAL_BASELINE_NO_ENTITY_RANKING,,,NOT_APPLICABLE_GLOBAL_BASELINE,HF9g-P5,,,,X 全窗基线 · 不参与实体赏罚,15050899,1506,A168_HF9F_20260827_0900,2026-08-27 09:00:00
2026-06-15,74657362,2108,0,42.6039536469,-42.6039536469,-42.6039536469,0E-7,1,1,0.49324550000000000,0.493245500000,-0.9865810262130424,-0.9865810262130424,-0.9865810262130424,0E-17,ELIGIBLE,R03b_20260811_FULL_v1,L1_ELIGIBILITY,v2026-08-11,2026-03-21..2026-08-06,baccarat_bet02_101_all_pairs_incl_sentinel,round_win = game_pnl > 0 (decisive only),COMPATIBILITY_ONLY_NOT_PRODUCTION,234885.8996,214754.2105,9869.7735,3689,3015,-0.04201944,-0.00608590,-0.04816467,-0.04201944,-9869.7735,234885.8996,OK,0.0000,394.7909,4.0000,96.0000,AG03-UNRESOLVED,ALL5_LEVELS_bet23_to_bet27,394.7909,394.7909,394.7909,394.7909,394.7909,4.000000,4.000000,4.000000,4.000000,4.000000,96.000000,96.000000,96.000000,96.000000,96.000000,5.0,1973.9547,1822.2297,7895.8188,8047.5438,PENDING_AG03,FALSE,NOT_FOR_ENFORCEMENT,9474.9825,206164.0421,9869.7735,9474.9825,394.7909,0.04201944,0.04033866,394.7909,9474.9825,0.04033866,394.7909,394.7909,394.7909,394.7909,394.7909,9474.9825,0.04033866,1973.9547,1822.2297,7895.8188,8047.5438,0.03361555,0.0342615,0.00168078,63.6720,71.2286,3.2736,143.0402,5.0692,3404.1435,43.6957,64.4793,63.5359,42.5677,43.0663,85.2079,124.7713,127.8119,154.8004,42.604,-41.336,2.967791,3.594466,1.478463,30,203,130,8,0.14604117,0.04201944,0.00608590,0E-8,0.000000,0.914292,0.640282,0.04207877,2026-03-23,2026-08-04,69,1947,1162,135,0.511111,1.014849,1.012680,0.486804,,,,,,,,GLOBAL_BASELINE_NO_ENTITY_RANKING,,,NOT_APPLICABLE_GLOBAL_BASELINE,HF9g-P5,,,,X 全窗基线 · 不参与实体赏罚,15050900,1506,A168_HF9F_20260827_0900,2026-08-27 09:00:00
2026-06-15,74657362,2145,0,85.2079072938,0E-10,0E-10,0.5000000,2,2,0.49324550000000000,0.493245500000,0.01910635448239258,0.01910635448239258,0.01910635448239258,0E-17,ELIGIBLE,R03b_20260811_FULL_v1,L1_ELIGIBILITY,v2026-08-11,2026-03-21..2026-08-06,baccarat_bet02_101_all_pairs_incl_sentinel,round_win = game_pnl > 0 (decisive only),COMPATIBILITY_ONLY_NOT_PRODUCTION,234885.8996,214754.2105,9869.7735,3689,3015,-0.04201944,-0.00608590,-0.04816467,-0.04201944,-9869.7735,234885.8996,OK,0.0000,394.7909,4.0000,96.0000,AG03-UNRESOLVED,ALL5_LEVELS_bet23_to_bet27,394.7909,394.7909,394.7909,394.7909,394.7909,4.000000,4.000000,4.000000,4.000000,4.000000,96.000000,96.000000,96.000000,96.000000,96.000000,5.0,1973.9547,1822.2297,7895.8188,8047.5438,PENDING_AG03,FALSE,NOT_FOR_ENFORCEMENT,9474.9825,206164.0421,9869.7735,9474.9825,394.7909,0.04201944,0.04033866,394.7909,9474.9825,0.04033866,394.7909,394.7909,394.7909,394.7909,394.7909,9474.9825,0.04033866,1973.9547,1822.2297,7895.8188,8047.5438,0.03361555,0.0342615,0.00168078,63.6720,71.2286,3.2736,143.0402,5.0692,3404.1435,43.6957,64.4793,63.5359,42.5677,43.0663,85.2079,124.7713,127.8119,154.8004,42.604,-41.336,2.967791,3.594466,1.478463,30,203,130,8,0.14604117,0.04201944,0.00608590,0E-8,0.000000,0.914292,0.640282,0.04207877,2026-03-23,2026-08-04,69,1947,1162,135,0.511111,1.014849,1.012680,0.486804,,,,,,,,GLOBAL_BASELINE_NO_ENTITY_RANKING,,,NOT_APPLICABLE_GLOBAL_BASELINE,HF9g-P5,,,,X 全窗基线 · 不参与实体赏罚,15050901,1506,A168_HF9F_20260827_0900,2026-08-27 09:00:00
2026-06-15,74657362,2147,0,42.6039536469,-42.6039536469,-42.6039536469,0E-7,1,1,0.49324550000000000,0.493245500000,-0.9865810262130424,-0.9865810262130424,-0.9865810262130424,0E-17,ELIGIBLE,R03b_20260811_FULL_v1,L1_ELIGIBILITY,v2026-08-11,2026-03-21..2026-08-06,baccarat_bet02_101_all_pairs_incl_sentinel,round_win = game_pnl > 0 (decisive only),COMPATIBILITY_ONLY_NOT_PRODUCTION,234885.8996,214754.2105,9869.7735,3689,3015,-0.04201944,-0.00608590,-0.04816467,-0.04201944,-9869.7735,234885.8996,OK,0.0000,394.7909,4.0000,96.0000,AG03-UNRESOLVED,ALL5_LEVELS_bet23_to_bet27,394.7909,394.7909,394.7909,394.7909,394.7909,4.000000,4.000000,4.000000,4.000000,4.000000,96.000000,96.000000,96.000000,96.000000,96.000000,5.0,1973.9547,1822.2297,7895.8188,8047.5438,PENDING_AG03,FALSE,NOT_FOR_ENFORCEMENT,9474.9825,206164.0421,9869.7735,9474.9825,394.7909,0.04201944,0.04033866,394.7909,9474.9825,0.04033866,394.7909,394.7909,394.7909,394.7909,394.7909,9474.9825,0.04033866,1973.9547,1822.2297,7895.8188,8047.5438,0.03361555,0.0342615,0.00168078,63.6720,71.2286,3.2736,143.0402,5.0692,3404.1435,43.6957,64.4793,63.5359,42.5677,43.0663,85.2079,124.7713,127.8119,154.8004,42.604,-41.336,2.967791,3.594466,1.478463,30,203,130,8,0.14604117,0.04201944,0.00608590,0E-8,0.000000,0.914292,0.640282,0.04207877,2026-03-23,2026-08-04,69,1947,1162,135,0.511111,1.014849,1.012680,0.486804,,,,,,,,GLOBAL_BASELINE_NO_ENTITY_RANKING,,,NOT_APPLICABLE_GLOBAL_BASELINE,HF9g-P5,,,,X 全窗基线 · 不参与实体赏罚,15050902,1506,A168_HF9F_20260827_0900,2026-08-27 09:00:00
2026-06-15,74657362,2175,0,127.8118609407,-42.6039536469,-42.6039536469,0E-7,3,3,0.49324550000000000,0.493245500000,-0.9865810262130424,-0.9865810262130424,-0.9865810262130424,0E-17,ELIGIBLE,R03b_20260811_FULL_v1,L1_ELIGIBILITY,v2026-08-11,2026-03-21..2026-08-06,baccarat_bet02_101_all_pairs_incl_sentinel,round_win = game_pnl > 0 (decisive only),COMPATIBILITY_ONLY_NOT_PRODUCTION,234885.8996,214754.2105,9869.7735,3689,3015,-0.04201944,-0.00608590,-0.04816467,-0.04201944,-9869.7735,234885.8996,OK,0.0000,394.7909,4.0000,96.0000,AG03-UNRESOLVED,ALL5_LEVELS_bet23_to_bet27,394.7909,394.7909,394.7909,394.7909,394.7909,4.000000,4.000000,4.000000,4.000000,4.000000,96.000000,96.000000,96.000000,96.000000,96.000000,5.0,1973.9547,1822.2297,7895.8188,8047.5438,PENDING_AG03,FALSE,NOT_FOR_ENFORCEMENT,9474.9825,206164.0421,9869.7735,9474.9825,394.7909,0.04201944,0.04033866,394.7909,9474.9825,0.04033866,394.7909,394.7909,394.7909,394.7909,394.7909,9474.9825,0.04033866,1973.9547,1822.2297,7895.8188,8047.5438,0.03361555,0.0342615,0.00168078,63.6720,71.2286,3.2736,143.0402,5.0692,3404.1435,43.6957,64.4793,63.5359,42.5677,43.0663,85.2079,124.7713,127.8119,154.8004,42.604,-41.336,2.967791,3.594466,1.478463,30,203,130,8,0.14604117,0.04201944,0.00608590,0E-8,0.000000,0.914292,0.640282,0.04207877,2026-03-23,2026-08-04,69,1947,1162,135,0.511111,1.014849,1.012680,0.486804,,,,,,,,GLOBAL_BASELINE_NO_ENTITY_RANKING,,,NOT_APPLICABLE_GLOBAL_BASELINE,HF9g-P5,,,,X 全窗基线 · 不参与实体赏罚,15050903,1506,A168_HF9F_20260827_0900,2026-08-27 09:00:00
2026-06-15,74657362,2188,0,42.6039536469,-42.6039536469,-42.6039536469,0E-7,1,1,0.49324550000000000,0.493245500000,-0.9865810262130424,-0.9865810262130424,-0.9865810262130424,0E-17,ELIGIBLE,R03b_20260811_FULL_v1,L1_ELIGIBILITY,v2026-08-11,2026-03-21..2026-08-06,baccarat_bet02_101_all_pairs_incl_sentinel,round_win = game_pnl > 0 (decisive only),COMPATIBILITY_ONLY_NOT_PRODUCTION,234885.8996,214754.2105,9869.7735,3689,3015,-0.04201944,-0.00608590,-0.04816467,-0.04201944,-9869.7735,234885.8996,OK,0.0000,394.7909,4.0000,96.0000,AG03-UNRESOLVED,ALL5_LEVELS_bet23_to_bet27,394.7909,394.7909,394.7909,394.7909,394.7909,4.000000,4.000000,4.000000,4.000000,4.000000,96.000000,96.000000,96.000000,96.000000,96.000000,5.0,1973.9547,1822.2297,7895.8188,8047.5438,PENDING_AG03,FALSE,NOT_FOR_ENFORCEMENT,9474.9825,206164.0421,9869.7735,9474.9825,394.7909,0.04201944,0.04033866,394.7909,9474.9825,0.04033866,394.7909,394.7909,394.7909,394.7909,394.7909,9474.9825,0.04033866,1973.9547,1822.2297,7895.8188,8047.5438,0.03361555,0.0342615,0.00168078,63.6720,71.2286,3.2736,143.0402,5.0692,3404.1435,43.6957,64.4793,63.5359,42.5677,43.0663,85.2079,124.7713,127.8119,154.8004,42.604,-41.336,2.967791,3.594466,1.478463,30,203,130,8,0.14604117,0.04201944,0.00608590,0E-8,0.000000,0.914292,0.640282,0.04207877,2026-03-23,2026-08-04,69,1947,1162,135,0.511111,1.014849,1.012680,0.486804,,,,,,,,GLOBAL_BASELINE_NO_ENTITY_RANKING,,,NOT_APPLICABLE_GLOBAL_BASELINE,HF9g-P5,,,,X 全窗基线 · 不参与实体赏罚,15050904,1506,A168_HF9F_20260827_0900,2026-08-27 09:00:00
2026-06-15,74657362,2201,0,852.0790729380,-170.4158145876,-170.4158145876,0.6000000,10,5,0.36985481287723520,0.280106050000,1.0659846484418765,1.5929257112652078,1.0659846484418765,0.08974876287723520,ELIGIBLE,R03b_20260811_FULL_v1,L1_ELIGIBILITY,v2026-08-11,2026-03-21..2026-08-06,baccarat_bet02_101_all_pairs_incl_sentinel,round_win = game_pnl > 0 (decisive only),COMPATIBILITY_ONLY_NOT_PRODUCTION,234885.8996,214754.2105,9869.7735,3689,3015,-0.04201944,-0.00608590,-0.04816467,-0.04201944,-9869.7735,234885.8996,OK,0.0000,394.7909,4.0000,96.0000,AG03-UNRESOLVED,ALL5_LEVELS_bet23_to_bet27,394.7909,394.7909,394.7909,394.7909,394.7909,4.000000,4.000000,4.000000,4.000000,4.000000,96.000000,96.000000,96.000000,96.000000,96.000000,5.0,1973.9547,1822.2297,7895.8188,8047.5438,PENDING_AG03,FALSE,NOT_FOR_ENFORCEMENT,9474.9825,206164.0421,9869.7735,9474.9825,394.7909,0.04201944,0.04033866,394.7909,9474.9825,0.04033866,394.7909,394.7909,394.7909,394.7909,394.7909,9474.9825,0.04033866,1973.9547,1822.2297,7895.8188,8047.5438,0.03361555,0.0342615,0.00168078,63.6720,71.2286,3.2736,143.0402,5.0692,3404.1435,43.6957,64.4793,63.5359,42.5677,43.0663,85.2079,124.7713,127.8119,154.8004,42.604,-41.336,2.967791,3.594466,1.478463,30,203,130,8,0.14604117,0.04201944,0.00608590,0E-8,0.000000,0.914292,0.640282,0.04207877,2026-03-23,2026-08-04,69,1947,1162,135,0.511111,1.014849,1.012680,0.486804,,,,,,,,GLOBAL_BASELINE_NO_ENTITY_RANKING,,,NOT_APPLICABLE_GLOBAL_BASELINE,HF9g-P5,,,,X 全窗基线 · 不参与实体赏罚,15050905,1506,A168_HF9F_20260827_0900,2026-08-27 09:00:00
2026-06-15,74657362,2229,0,170.4158145876,0E-10,0E-10,0.5000000,4,4,0.49659680000000000,0.496596800000,0.013613115331600182,0.013613115331600183,0.013613115331600182,0E-17,ELIGIBLE,R03b_20260811_FULL_v1,L1_ELIGIBILITY,v2026-08-11,2026-03-21..2026-08-06,baccarat_bet02_101_all_pairs_incl_sentinel,round_win = game_pnl > 0 (decisive only),COMPATIBILITY_ONLY_NOT_PRODUCTION,234885.8996,214754.2105,9869.7735,3689,3015,-0.04201944,-0.00608590,-0.04816467,-0.04201944,-9869.7735,234885.8996,OK,0.0000,394.7909,4.0000,96.0000,AG03-UNRESOLVED,ALL5_LEVELS_bet23_to_bet27,394.7909,394.7909,394.7909,394.7909,394.7909,4.000000,4.000000,4.000000,4.000000,4.000000,96.000000,96.000000,96.000000,96.000000,96.000000,5.0,1973.9547,1822.2297,7895.8188,8047.5438,PENDING_AG03,FALSE,NOT_FOR_ENFORCEMENT,9474.9825,206164.0421,9869.7735,9474.9825,394.7909,0.04201944,0.04033866,394.7909,9474.9825,0.04033866,394.7909,394.7909,394.7909,394.7909,394.7909,9474.9825,0.04033866,1973.9547,1822.2297,7895.8188,8047.5438,0.03361555,0.0342615,0.00168078,63.6720,71.2286,3.2736,143.0402,5.0692,3404.1435,43.6957,64.4793,63.5359,42.5677,43.0663,85.2079,124.7713,127.8119,154.8004,42.604,-41.336,2.967791,3.594466,1.478463,30,203,130,8,0.14604117,0.04201944,0.00608590,0E-8,0.000000,0.914292,0.640282,0.04207877,2026-03-23,2026-08-04,69,1947,1162,135,0.511111,1.014849,1.012680,0.486804,,,,,,,,GLOBAL_BASELINE_NO_ENTITY_RANKING,,,NOT_APPLICABLE_GLOBAL_BASELINE,HF9g-P5,,,,X 全窗基线 · 不参与实体赏罚,15050906,1506,A168_HF9F_20260827_0900,2026-08-27 09:00:00
2026-06-15,74657362,2235,0,127.8118609407,-127.8118609407,-127.8118609407,0E-7,2,2,0.49994810000000000,0.499948100000,-1.4140667746232096,-1.4140667746232096,-1.4140667746232096,0E-17,ELIGIBLE,R03b_20260811_FULL_v1,L1_ELIGIBILITY,v2026-08-11,2026-03-21..2026-08-06,baccarat_bet02_101_all_pairs_incl_sentinel,round_win = game_pnl > 0 (decisive only),COMPATIBILITY_ONLY_NOT_PRODUCTION,234885.8996,214754.2105,9869.7735,3689,3015,-0.04201944,-0.00608590,-0.04816467,-0.04201944,-9869.7735,234885.8996,OK,0.0000,394.7909,4.0000,96.0000,AG03-UNRESOLVED,ALL5_LEVELS_bet23_to_bet27,394.7909,394.7909,394.7909,394.7909,394.7909,4.000000,4.000000,4.000000,4.000000,4.000000,96.000000,96.000000,96.000000,96.000000,96.000000,5.0,1973.9547,1822.2297,7895.8188,8047.5438,PENDING_AG03,FALSE,NOT_FOR_ENFORCEMENT,9474.9825,206164.0421,9869.7735,9474.9825,394.7909,0.04201944,0.04033866,394.7909,9474.9825,0.04033866,394.7909,394.7909,394.7909,394.7909,394.7909,9474.9825,0.04033866,1973.9547,1822.2297,7895.8188,8047.5438,0.03361555,0.0342615,0.00168078,63.6720,71.2286,3.2736,143.0402,5.0692,3404.1435,43.6957,64.4793,63.5359,42.5677,43.0663,85.2079,124.7713,127.8119,154.8004,42.604,-41.336,2.967791,3.594466,1.478463,30,203,130,8,0.14604117,0.04201944,0.00608590,0E-8,0.000000,0.914292,0.640282,0.04207877,2026-03-23,2026-08-04,69,1947,1162,135,0.511111,1.014849,1.012680,0.486804,,,,,,,,GLOBAL_BASELINE_NO_ENTITY_RANKING,,,NOT_APPLICABLE_GLOBAL_BASELINE,HF9g-P5,,,,X 全窗基线 · 不参与实体赏罚,15050907,1506,A168_HF9F_20260827_0900,2026-08-27 09:00:00
2026-06-15,74657362,2252,0,85.2079072938,85.2079072938,85.2079072938,1.0000000,1,1,0.49324550000000000,0.493245500000,1.01360149184955,1.01360149184955,1.01360149184955,0E-17,ELIGIBLE,R03b_20260811_FULL_v1,L1_ELIGIBILITY,v2026-08-11,2026-03-21..2026-08-06,baccarat_bet02_101_all_pairs_incl_sentinel,round_win = game_pnl > 0 (decisive only),COMPATIBILITY_ONLY_NOT_PRODUCTION,234885.8996,214754.2105,9869.7735,3689,3015,-0.04201944,-0.00608590,-0.04816467,-0.04201944,-9869.7735,234885.8996,OK,0.0000,394.7909,4.0000,96.0000,AG03-UNRESOLVED,ALL5_LEVELS_bet23_to_bet27,394.7909,394.7909,394.7909,394.7909,394.7909,4.000000,4.000000,4.000000,4.000000,4.000000,96.000000,96.000000,96.000000,96.000000,96.000000,5.0,1973.9547,1822.2297,7895.8188,8047.5438,PENDING_AG03,FALSE,NOT_FOR_ENFORCEMENT,9474.9825,206164.0421,9869.7735,9474.9825,394.7909,0.04201944,0.04033866,394.7909,9474.9825,0.04033866,394.7909,394.7909,394.7909,394.7909,394.7909,9474.9825,0.04033866,1973.9547,1822.2297,7895.8188,8047.5438,0.03361555,0.0342615,0.00168078,63.6720,71.2286,3.2736,143.0402,5.0692,3404.1435,43.6957,64.4793,63.5359,42.5677,43.0663,85.2079,124.7713,127.8119,154.8004,42.604,-41.336,2.967791,3.594466,1.478463,30,203,130,8,0.14604117,0.04201944,0.00608590,0E-8,0.000000,0.914292,0.640282,0.04207877,2026-03-23,2026-08-04,69,1947,1162,135,0.511111,1.014849,1.012680,0.486804,,,,,,,,GLOBAL_BASELINE_NO_ENTITY_RANKING,,,NOT_APPLICABLE_GLOBAL_BASELINE,HF9g-P5,,,,X 全窗基线 · 不参与实体赏罚,15050908,1506,A168_HF9F_20260827_0900,2026-08-27 09:00:00
2026-06-15,74657362,2258,0,85.2079072938,-85.2079072938,-85.2079072938,0E-7,2,2,0.49324550000000000,0.493245500000,-1.3952362676504506,-1.3952362676504506,-1.3952362676504506,0E-17,ELIGIBLE,R03b_20260811_FULL_v1,L1_ELIGIBILITY,v2026-08-11,2026-03-21..2026-08-06,baccarat_bet02_101_all_pairs_incl_sentinel,round_win = game_pnl > 0 (decisive only),COMPATIBILITY_ONLY_NOT_PRODUCTION,234885.8996,214754.2105,9869.7735,3689,3015,-0.04201944,-0.00608590,-0.04816467,-0.04201944,-9869.7735,234885.8996,OK,0.0000,394.7909,4.0000,96.0000,AG03-UNRESOLVED,ALL5_LEVELS_bet23_to_bet27,394.7909,394.7909,394.7909,394.7909,394.7909,4.000000,4.000000,4.000000,4.000000,4.000000,96.000000,96.000000,96.000000,96.000000,96.000000,5.0,1973.9547,1822.2297,7895.8188,8047.5438,PENDING_AG03,FALSE,NOT_FOR_ENFORCEMENT,9474.9825,206164.0421,9869.7735,9474.9825,394.7909,0.04201944,0.04033866,394.7909,9474.9825,0.04033866,394.7909,394.7909,394.7909,394.7909,394.7909,9474.9825,0.04033866,1973.9547,1822.2297,7895.8188,8047.5438,0.03361555,0.0342615,0.00168078,63.6720,71.2286,3.2736,143.0402,5.0692,3404.1435,43.6957,64.4793,63.5359,42.5677,43.0663,85.2079,124.7713,127.8119,154.8004,42.604,-41.336,2.967791,3.594466,1.478463,30,203,130,8,0.14604117,0.04201944,0.00608590,0E-8,0.000000,0.914292,0.640282,0.04207877,2026-03-23,2026-08-04,69,1947,1162,135,0.511111,1.014849,1.012680,0.486804,,,,,,,,GLOBAL_BASELINE_NO_ENTITY_RANKING,,,NOT_APPLICABLE_GLOBAL_BASELINE,HF9g-P5,,,,X 全窗基线 · 不参与实体赏罚,15050909,1506,A168_HF9F_20260827_0900,2026-08-27 09:00:00
2026-06-15,74657362,2278,0,170.4158145876,127.8118609407,127.8118609407,1.0000000,3,3,0.49324550000000000,0.493245500000,1.4334489766152358,1.4334489766152358,1.4334489766152358,0E-17,ELIGIBLE,R03b_20260811_FULL_v1,L1_ELIGIBILITY,v2026-08-11,2026-03-21..2026-08-06,baccarat_bet02_101_all_pairs_incl_sentinel,round_win = game_pnl > 0 (decisive only),COMPATIBILITY_ONLY_NOT_PRODUCTION,234885.8996,214754.2105,9869.7735,3689,3015,-0.04201944,-0.00608590,-0.04816467,-0.04201944,-9869.7735,234885.8996,OK,0.0000,394.7909,4.0000,96.0000,AG03-UNRESOLVED,ALL5_LEVELS_bet23_to_bet27,394.7909,394.7909,394.7909,394.7909,394.7909,4.000000,4.000000,4.000000,4.000000,4.000000,96.000000,96.000000,96.000000,96.000000,96.000000,5.0,1973.9547,1822.2297,7895.8188,8047.5438,PENDING_AG03,FALSE,NOT_FOR_ENFORCEMENT,9474.9825,206164.0421,9869.7735,9474.9825,394.7909,0.04201944,0.04033866,394.7909,9474.9825,0.04033866,394.7909,394.7909,394.7909,394.7909,394.7909,9474.9825,0.04033866,1973.9547,1822.2297,7895.8188,8047.5438,0.03361555,0.0342615,0.00168078,63.6720,71.2286,3.2736,143.0402,5.0692,3404.1435,43.6957,64.4793,63.5359,42.5677,43.0663,85.2079,124.7713,127.8119,154.8004,42.604,-41.336,2.967791,3.594466,1.478463,30,203,130,8,0.14604117,0.04201944,0.00608590,0E-8,0.000000,0.914292,0.640282,0.04207877,2026-03-23,2026-08-04,69,1947,1162,135,0.511111,1.014849,1.012680,0.486804,,,,,,,,GLOBAL_BASELINE_NO_ENTITY_RANKING,,,NOT_APPLICABLE_GLOBAL_BASELINE,HF9g-P5,,,,X 全窗基线 · 不参与实体赏罚,15050910,1506,A168_HF9F_20260827_0900,2026-08-27 09:00:00
2026-06-15,74657362,2280,0,42.6039536469,-42.6039536469,-42.6039536469,0E-7,1,1,0.49324550000000000,0.493245500000,-0.9865810262130424,-0.9865810262130424,-0.9865810262130424,0E-17,ELIGIBLE,R03b_20260811_FULL_v1,L1_ELIGIBILITY,v2026-08-11,2026-03-21..2026-08-06,baccarat_bet02_101_all_pairs_incl_sentinel,round_win = game_pnl > 0 (decisive only),COMPATIBILITY_ONLY_NOT_PRODUCTION,234885.8996,214754.2105,9869.7735,3689,3015,-0.04201944,-0.00608590,-0.04816467,-0.04201944,-9869.7735,234885.8996,OK,0.0000,394.7909,4.0000,96.0000,AG03-UNRESOLVED,ALL5_LEVELS_bet23_to_bet27,394.7909,394.7909,394.7909,394.7909,394.7909,4.000000,4.000000,4.000000,4.000000,4.000000,96.000000,96.000000,96.000000,96.000000,96.000000,5.0,1973.9547,1822.2297,7895.8188,8047.5438,PENDING_AG03,FALSE,NOT_FOR_ENFORCEMENT,9474.9825,206164.0421,9869.7735,9474.9825,394.7909,0.04201944,0.04033866,394.7909,9474.9825,0.04033866,394.7909,394.7909,394.7909,394.7909,394.7909,9474.9825,0.04033866,1973.9547,1822.2297,7895.8188,8047.5438,0.03361555,0.0342615,0.00168078,63.6720,71.2286,3.2736,143.0402,5.0692,3404.1435,43.6957,64.4793,63.5359,42.5677,43.0663,85.2079,124.7713,127.8119,154.8004,42.604,-41.336,2.967791,3.594466,1.478463,30,203,130,8,0.14604117,0.04201944,0.00608590,0E-8,0.000000,0.914292,0.640282,0.04207877,2026-03-23,2026-08-04,69,1947,1162,135,0.511111,1.014849,1.012680,0.486804,,,,,,,,GLOBAL_BASELINE_NO_ENTITY_RANKING,,,NOT_APPLICABLE_GLOBAL_BASELINE,HF9g-P5,,,,X 全窗基线 · 不参与实体赏罚,15050911,1506,A168_HF9F_20260827_0900,2026-08-27 09:00:00
2026-06-15,74657362,925,0,85.2079072938,85.2079072938,85.2079072938,1.0000000,2,2,0.49994810000000000,0.499948100000,1.4143603653603398,1.4143603653603398,1.4143603653603398,0E-17,ELIGIBLE,R03b_20260811_FULL_v1,L1_ELIGIBILITY,v2026-08-11,2026-03-21..2026-08-06,baccarat_bet02_101_all_pairs_incl_sentinel,round_win = game_pnl > 0 (decisive only),COMPATIBILITY_ONLY_NOT_PRODUCTION,234885.8996,214754.2105,9869.7735,3689,3015,-0.04201944,-0.00608590,-0.04816467,-0.04201944,-9869.7735,234885.8996,OK,0.0000,394.7909,4.0000,96.0000,AG03-UNRESOLVED,ALL5_LEVELS_bet23_to_bet27,394.7909,394.7909,394.7909,394.7909,394.7909,4.000000,4.000000,4.000000,4.000000,4.000000,96.000000,96.000000,96.000000,96.000000,96.000000,5.0,1973.9547,1822.2297,7895.8188,8047.5438,PENDING_AG03,FALSE,NOT_FOR_ENFORCEMENT,9474.9825,206164.0421,9869.7735,9474.9825,394.7909,0.04201944,0.04033866,394.7909,9474.9825,0.04033866,394.7909,394.7909,394.7909,394.7909,394.7909,9474.9825,0.04033866,1973.9547,1822.2297,7895.8188,8047.5438,0.03361555,0.0342615,0.00168078,63.6720,71.2286,3.2736,143.0402,5.0692,3404.1435,43.6957,64.4793,63.5359,42.5677,43.0663,85.2079,124.7713,127.8119,154.8004,42.604,-41.336,2.967791,3.594466,1.478463,30,203,130,8,0.14604117,0.04201944,0.00608590,0E-8,0.000000,0.914292,0.640282,0.04207877,2026-03-23,2026-08-04,69,1947,1162,135,0.511111,1.014849,1.012680,0.486804,,,,,,,,GLOBAL_BASELINE_NO_ENTITY_RANKING,,,NOT_APPLICABLE_GLOBAL_BASELINE,HF9g-P5,,,,X 全窗基线 · 不参与实体赏罚,15050912,1506,A168_HF9F_20260827_0900,2026-08-27 09:00:00
2026-06-15,74657362,986,0,42.6039536469,-42.6039536469,-42.6039536469,0E-7,1,1,0.49324550000000000,0.493245500000,-0.9865810262130424,-0.9865810262130424,-0.9865810262130424,0E-17,ELIGIBLE,R03b_20260811_FULL_v1,L1_ELIGIBILITY,v2026-08-11,2026-03-21..2026-08-06,baccarat_bet02_101_all_pairs_incl_sentinel,round_win = game_pnl > 0 (decisive only),COMPATIBILITY_ONLY_NOT_PRODUCTION,234885.8996,214754.2105,9869.7735,3689,3015,-0.04201944,-0.00608590,-0.04816467,-0.04201944,-9869.7735,234885.8996,OK,0.0000,394.7909,4.0000,96.0000,AG03-UNRESOLVED,ALL5_LEVELS_bet23_to_bet27,394.7909,394.7909,394.7909,394.7909,394.7909,4.000000,4.000000,4.000000,4.000000,4.000000,96.000000,96.000000,96.000000,96.000000,96.000000,5.0,1973.9547,1822.2297,7895.8188,8047.5438,PENDING_AG03,FALSE,NOT_FOR_ENFORCEMENT,9474.9825,206164.0421,9869.7735,9474.9825,394.7909,0.04201944,0.04033866,394.7909,9474.9825,0.04033866,394.7909,394.7909,394.7909,394.7909,394.7909,9474.9825,0.04033866,1973.9547,1822.2297,7895.8188,8047.5438,0.03361555,0.0342615,0.00168078,63.6720,71.2286,3.2736,143.0402,5.0692,3404.1435,43.6957,64.4793,63.5359,42.5677,43.0663,85.2079,124.7713,127.8119,154.8004,42.604,-41.336,2.967791,3.594466,1.478463,30,203,130,8,0.14604117,0.04201944,0.00608590,0E-8,0.000000,0.914292,0.640282,0.04207877,2026-03-23,2026-08-04,69,1947,1162,135,0.511111,1.014849,1.012680,0.486804,,,,,,,,GLOBAL_BASELINE_NO_ENTITY_RANKING,,,NOT_APPLICABLE_GLOBAL_BASELINE,HF9g-P5,,,,X 全窗基线 · 不参与实体赏罚,15050913,1506,A168_HF9F_20260827_0900,2026-08-27 09:00:00
2026-06-16,74657362,-1,1,2428.4253578733,-170.4158145876,-170.4158145876,0.5666667,36,32,0.48411340937500000,0.469954368750,0.9047824444002168,1.0613481188523346,0.9047824444002168,0.01415904062500000,SENTINEL_DEALER,R03b_20260811_FULL_v1,L1_ELIGIBILITY,v2026-08-11,2026-03-21..2026-08-06,baccarat_bet02_101_all_pairs_incl_sentinel,round_win = game_pnl > 0 (decisive only),COMPATIBILITY_ONLY_NOT_PRODUCTION,234885.8996,214754.2105,9869.7735,3689,3015,-0.04201944,-0.00608590,-0.04816467,-0.04201944,-9869.7735,234885.8996,OK,0.0000,394.7909,4.0000,96.0000,AG03-UNRESOLVED,ALL5_LEVELS_bet23_to_bet27,394.7909,394.7909,394.7909,394.7909,394.7909,4.000000,4.000000,4.000000,4.000000,4.000000,96.000000,96.000000,96.000000,96.000000,96.000000,5.0,1973.9547,1822.2297,7895.8188,8047.5438,PENDING_AG03,FALSE,NOT_FOR_ENFORCEMENT,9474.9825,206164.0421,9869.7735,9474.9825,394.7909,0.04201944,0.04033866,394.7909,9474.9825,0.04033866,394.7909,394.7909,394.7909,394.7909,394.7909,9474.9825,0.04033866,1973.9547,1822.2297,7895.8188,8047.5438,0.03361555,0.0342615,0.00168078,63.6720,71.2286,3.2736,143.0402,5.0692,3404.1435,43.6957,64.4793,63.5359,42.5677,43.0663,85.2079,124.7713,127.8119,154.8004,42.604,-41.336,2.967791,3.594466,1.478463,30,203,130,8,0.14604117,0.04201944,0.00608590,0E-8,0.000000,0.914292,0.640282,0.04207877,2026-03-23,2026-08-04,69,1947,1162,135,0.511111,1.014849,1.012680,0.486804,,,,,,,,GLOBAL_BASELINE_NO_ENTITY_RANKING,,,NOT_APPLICABLE_GLOBAL_BASELINE,HF9g-P5,,,,X 全窗基线 · 不参与实体赏罚,15050914,1506,A168_HF9F_20260827_0900,2026-08-27 09:00:00
2026-06-16,74657362,1109,0,85.2079072938,-85.2079072938,-85.2079072938,0E-7,2,2,0.49324550000000000,0.493245500000,-1.3952362676504506,-1.3952362676504506,-1.3952362676504506,0E-17,ELIGIBLE,R03b_20260811_FULL_v1,L1_ELIGIBILITY,v2026-08-11,2026-03-21..2026-08-06,baccarat_bet02_101_all_pairs_incl_sentinel,round_win = game_pnl > 0 (decisive only),COMPATIBILITY_ONLY_NOT_PRODUCTION,234885.8996,214754.2105,9869.7735,3689,3015,-0.04201944,-0.00608590,-0.04816467,-0.04201944,-9869.7735,234885.8996,OK,0.0000,394.7909,4.0000,96.0000,AG03-UNRESOLVED,ALL5_LEVELS_bet23_to_bet27,394.7909,394.7909,394.7909,394.7909,394.7909,4.000000,4.000000,4.000000,4.000000,4.000000,96.000000,96.000000,96.000000,96.000000,96.000000,5.0,1973.9547,1822.2297,7895.8188,8047.5438,PENDING_AG03,FALSE,NOT_FOR_ENFORCEMENT,9474.9825,206164.0421,9869.7735,9474.9825,394.7909,0.04201944,0.04033866,394.7909,9474.9825,0.04033866,394.7909,394.7909,394.7909,394.7909,394.7909,9474.9825,0.04033866,1973.9547,1822.2297,7895.8188,8047.5438,0.03361555,0.0342615,0.00168078,63.6720,71.2286,3.2736,143.0402,5.0692,3404.1435,43.6957,64.4793,63.5359,42.5677,43.0663,85.2079,124.7713,127.8119,154.8004,42.604,-41.336,2.967791,3.594466,1.478463,30,203,130,8,0.14604117,0.04201944,0.00608590,0E-8,0.000000,0.914292,0.640282,0.04207877,2026-03-23,2026-08-04,69,1947,1162,135,0.511111,1.014849,1.012680,0.486804,,,,,,,,GLOBAL_BASELINE_NO_ENTITY_RANKING,,,NOT_APPLICABLE_GLOBAL_BASELINE,HF9g-P5,,,,X 全窗基线 · 不参与实体赏罚,15050915,1506,A168_HF9F_20260827_0900,2026-08-27 09:00:00
2026-06-16,74657362,1210,0,42.6039536469,-42.6039536469,-42.6039536469,0E-7,1,1,0.49324550000000000,0.493245500000,-0.9865810262130424,-0.9865810262130424,-0.9865810262130424,0E-17,ELIGIBLE,R03b_20260811_FULL_v1,L1_ELIGIBILITY,v2026-08-11,2026-03-21..2026-08-06,baccarat_bet02_101_all_pairs_incl_sentinel,round_win = game_pnl > 0 (decisive only),COMPATIBILITY_ONLY_NOT_PRODUCTION,234885.8996,214754.2105,9869.7735,3689,3015,-0.04201944,-0.00608590,-0.04816467,-0.04201944,-9869.7735,234885.8996,OK,0.0000,394.7909,4.0000,96.0000,AG03-UNRESOLVED,ALL5_LEVELS_bet23_to_bet27,394.7909,394.7909,394.7909,394.7909,394.7909,4.000000,4.000000,4.000000,4.000000,4.000000,96.000000,96.000000,96.000000,96.000000,96.000000,5.0,1973.9547,1822.2297,7895.8188,8047.5438,PENDING_AG03,FALSE,NOT_FOR_ENFORCEMENT,9474.9825,206164.0421,9869.7735,9474.9825,394.7909,0.04201944,0.04033866,394.7909,9474.9825,0.04033866,394.7909,394.7909,394.7909,394.7909,394.7909,9474.9825,0.04033866,1973.9547,1822.2297,7895.8188,8047.5438,0.03361555,0.0342615,0.00168078,63.6720,71.2286,3.2736,143.0402,5.0692,3404.1435,43.6957,64.4793,63.5359,42.5677,43.0663,85.2079,124.7713,127.8119,154.8004,42.604,-41.336,2.967791,3.594466,1.478463,30,203,130,8,0.14604117,0.04201944,0.00608590,0E-8,0.000000,0.914292,0.640282,0.04207877,2026-03-23,2026-08-04,69,1947,1162,135,0.511111,1.014849,1.012680,0.486804,,,,,,,,GLOBAL_BASELINE_NO_ENTITY_RANKING,,,NOT_APPLICABLE_GLOBAL_BASELINE,HF9g-P5,,,,X 全窗基线 · 不参与实体赏罚,15050916,1506,A168_HF9F_20260827_0900,2026-08-27 09:00:00
2026-06-16,74657362,1267,0,42.6039536469,0E-10,0E-10,,1,1,0.49324550000000000,0.493245500000,,,,0E-17,NO_DECISIVE_ROUND,R03b_20260811_FULL_v1,L1_ELIGIBILITY,v2026-08-11,2026-03-21..2026-08-06,baccarat_bet02_101_all_pairs_incl_sentinel,round_win = game_pnl > 0 (decisive only),COMPATIBILITY_ONLY_NOT_PRODUCTION,234885.8996,214754.2105,9869.7735,3689,3015,-0.04201944,-0.00608590,-0.04816467,-0.04201944,-9869.7735,234885.8996,OK,0.0000,394.7909,4.0000,96.0000,AG03-UNRESOLVED,ALL5_LEVELS_bet23_to_bet27,394.7909,394.7909,394.7909,394.7909,394.7909,4.000000,4.000000,4.000000,4.000000,4.000000,96.000000,96.000000,96.000000,96.000000,96.000000,5.0,1973.9547,1822.2297,7895.8188,8047.5438,PENDING_AG03,FALSE,NOT_FOR_ENFORCEMENT,9474.9825,206164.0421,9869.7735,9474.9825,394.7909,0.04201944,0.04033866,394.7909,9474.9825,0.04033866,394.7909,394.7909,394.7909,394.7909,394.7909,9474.9825,0.04033866,1973.9547,1822.2297,7895.8188,8047.5438,0.03361555,0.0342615,0.00168078,63.6720,71.2286,3.2736,143.0402,5.0692,3404.1435,43.6957,64.4793,63.5359,42.5677,43.0663,85.2079,124.7713,127.8119,154.8004,42.604,-41.336,2.967791,3.594466,1.478463,30,203,130,8,0.14604117,0.04201944,0.00608590,0E-8,0.000000,0.914292,0.640282,0.04207877,2026-03-23,2026-08-04,69,1947,1162,135,0.511111,1.014849,1.012680,0.486804,,,,,,,,GLOBAL_BASELINE_NO_ENTITY_RANKING,,,NOT_APPLICABLE_GLOBAL_BASELINE,HF9g-P5,,,,X 全窗基线 · 不参与实体赏罚,15050917,1506,A168_HF9F_20260827_0900,2026-08-27 09:00:00
2026-06-16,74657362,1331,0,170.4158145876,-170.4158145876,-170.4158145876,0E-7,2,1,0.39337837500000000,0.280106050000,-0.8052788575962098,-0.6237735893609975,-0.8052788575962098,0.11327232500000000,ELIGIBLE,R03b_20260811_FULL_v1,L1_ELIGIBILITY,v2026-08-11,2026-03-21..2026-08-06,baccarat_bet02_101_all_pairs_incl_sentinel,round_win = game_pnl > 0 (decisive only),COMPATIBILITY_ONLY_NOT_PRODUCTION,234885.8996,214754.2105,9869.7735,3689,3015,-0.04201944,-0.00608590,-0.04816467,-0.04201944,-9869.7735,234885.8996,OK,0.0000,394.7909,4.0000,96.0000,AG03-UNRESOLVED,ALL5_LEVELS_bet23_to_bet27,394.7909,394.7909,394.7909,394.7909,394.7909,4.000000,4.000000,4.000000,4.000000,4.000000,96.000000,96.000000,96.000000,96.000000,96.000000,5.0,1973.9547,1822.2297,7895.8188,8047.5438,PENDING_AG03,FALSE,NOT_FOR_ENFORCEMENT,9474.9825,206164.0421,9869.7735,9474.9825,394.7909,0.04201944,0.04033866,394.7909,9474.9825,0.04033866,394.7909,394.7909,394.7909,394.7909,394.7909,9474.9825,0.04033866,1973.9547,1822.2297,7895.8188,8047.5438,0.03361555,0.0342615,0.00168078,63.6720,71.2286,3.2736,143.0402,5.0692,3404.1435,43.6957,64.4793,63.5359,42.5677,43.0663,85.2079,124.7713,127.8119,154.8004,42.604,-41.336,2.967791,3.594466,1.478463,30,203,130,8,0.14604117,0.04201944,0.00608590,0E-8,0.000000,0.914292,0.640282,0.04207877,2026-03-23,2026-08-04,69,1947,1162,135,0.511111,1.014849,1.012680,0.486804,,,,,,,,GLOBAL_BASELINE_NO_ENTITY_RANKING,,,NOT_APPLICABLE_GLOBAL_BASELINE,HF9g-P5,,,,X 全窗基线 · 不参与实体赏罚,15050918,1506,A168_HF9F_20260827_0900,2026-08-27 09:00:00
2026-06-16,74657362,1385,0,170.4158145876,170.4158145876,170.4158145876,1.0000000,2,2,0.49324550000000000,0.493245500000,1.4334489766152358,1.4334489766152358,1.4334489766152358,0E-17,ELIGIBLE,R03b_20260811_FULL_v1,L1_ELIGIBILITY,v2026-08-11,2026-03-21..2026-08-06,baccarat_bet02_101_all_pairs_incl_sentinel,round_win = game_pnl > 0 (decisive only),COMPATIBILITY_ONLY_NOT_PRODUCTION,234885.8996,214754.2105,9869.7735,3689,3015,-0.04201944,-0.00608590,-0.04816467,-0.04201944,-9869.7735,234885.8996,OK,0.0000,394.7909,4.0000,96.0000,AG03-UNRESOLVED,ALL5_LEVELS_bet23_to_bet27,394.7909,394.7909,394.7909,394.7909,394.7909,4.000000,4.000000,4.000000,4.000000,4.000000,96.000000,96.000000,96.000000,96.000000,96.000000,5.0,1973.9547,1822.2297,7895.8188,8047.5438,PENDING_AG03,FALSE,NOT_FOR_ENFORCEMENT,9474.9825,206164.0421,9869.7735,9474.9825,394.7909,0.04201944,0.04033866,394.7909,9474.9825,0.04033866,394.7909,394.7909,394.7909,394.7909,394.7909,9474.9825,0.04033866,1973.9547,1822.2297,7895.8188,8047.5438,0.03361555,0.0342615,0.00168078,63.6720,71.2286,3.2736,143.0402,5.0692,3404.1435,43.6957,64.4793,63.5359,42.5677,43.0663,85.2079,124.7713,127.8119,154.8004,42.604,-41.336,2.967791,3.594466,1.478463,30,203,130,8,0.14604117,0.04201944,0.00608590,0E-8,0.000000,0.914292,0.640282,0.04207877,2026-03-23,2026-08-04,69,1947,1162,135,0.511111,1.014849,1.012680,0.486804,,,,,,,,GLOBAL_BASELINE_NO_ENTITY_RANKING,,,NOT_APPLICABLE_GLOBAL_BASELINE,HF9g-P5,,,,X 全窗基线 · 不参与实体赏罚,15050919,1506,A168_HF9F_20260827_0900,2026-08-27 09:00:00
2026-06-16,74657362,1400,0,127.8118609407,127.8118609407,127.8118609407,1.0000000,2,2,0.49324550000000000,0.493245500000,1.4334489766152358,1.4334489766152358,1.4334489766152358,0E-17,ELIGIBLE,R03b_20260811_FULL_v1,L1_ELIGIBILITY,v2026-08-11,2026-03-21..2026-08-06,baccarat_bet02_101_all_pairs_incl_sentinel,round_win = game_pnl > 0 (decisive only),COMPATIBILITY_ONLY_NOT_PRODUCTION,234885.8996,214754.2105,9869.7735,3689,3015,-0.04201944,-0.00608590,-0.04816467,-0.04201944,-9869.7735,234885.8996,OK,0.0000,394.7909,4.0000,96.0000,AG03-UNRESOLVED,ALL5_LEVELS_bet23_to_bet27,394.7909,394.7909,394.7909,394.7909,394.7909,4.000000,4.000000,4.000000,4.000000,4.000000,96.000000,96.000000,96.000000,96.000000,96.000000,5.0,1973.9547,1822.2297,7895.8188,8047.5438,PENDING_AG03,FALSE,NOT_FOR_ENFORCEMENT,9474.9825,206164.0421,9869.7735,9474.9825,394.7909,0.04201944,0.04033866,394.7909,9474.9825,0.04033866,394.7909,394.7909,394.7909,394.7909,394.7909,9474.9825,0.04033866,1973.9547,1822.2297,7895.8188,8047.5438,0.03361555,0.0342615,0.00168078,63.6720,71.2286,3.2736,143.0402,5.0692,3404.1435,43.6957,64.4793,63.5359,42.5677,43.0663,85.2079,124.7713,127.8119,154.8004,42.604,-41.336,2.967791,3.594466,1.478463,30,203,130,8,0.14604117,0.04201944,0.00608590,0E-8,0.000000,0.914292,0.640282,0.04207877,2026-03-23,2026-08-04,69,1947,1162,135,0.511111,1.014849,1.012680,0.486804,,,,,,,,GLOBAL_BASELINE_NO_ENTITY_RANKING,,,NOT_APPLICABLE_GLOBAL_BASELINE,HF9g-P5,,,,X 全窗基线 · 不参与实体赏罚,15050920,1506,A168_HF9F_20260827_0900,2026-08-27 09:00:00
2026-06-16,74657362,1485,0,42.6039536469,0E-10,0E-10,,1,1,0.49324550000000000,0.493245500000,,,,0E-17,NO_DECISIVE_ROUND,R03b_20260811_FULL_v1,L1_ELIGIBILITY,v2026-08-11,2026-03-21..2026-08-06,baccarat_bet02_101_all_pairs_incl_sentinel,round_win = game_pnl > 0 (decisive only),COMPATIBILITY_ONLY_NOT_PRODUCTION,234885.8996,214754.2105,9869.7735,3689,3015,-0.04201944,-0.00608590,-0.04816467,-0.04201944,-9869.7735,234885.8996,OK,0.0000,394.7909,4.0000,96.0000,AG03-UNRESOLVED,ALL5_LEVELS_bet23_to_bet27,394.7909,394.7909,394.7909,394.7909,394.7909,4.000000,4.000000,4.000000,4.000000,4.000000,96.000000,96.000000,96.000000,96.000000,96.000000,5.0,1973.9547,1822.2297,7895.8188,8047.5438,PENDING_AG03,FALSE,NOT_FOR_ENFORCEMENT,9474.9825,206164.0421,9869.7735,9474.9825,394.7909,0.04201944,0.04033866,394.7909,9474.9825,0.04033866,394.7909,394.7909,394.7909,394.7909,394.7909,9474.9825,0.04033866,1973.9547,1822.2297,7895.8188,8047.5438,0.03361555,0.0342615,0.00168078,63.6720,71.2286,3.2736,143.0402,5.0692,3404.1435,43.6957,64.4793,63.5359,42.5677,43.0663,85.2079,124.7713,127.8119,154.8004,42.604,-41.336,2.967791,3.594466,1.478463,30,203,130,8,0.14604117,0.04201944,0.00608590,0E-8,0.000000,0.914292,0.640282,0.04207877,2026-03-23,2026-08-04,69,1947,1162,135,0.511111,1.014849,1.012680,0.486804,,,,,,,,GLOBAL_BASELINE_NO_ENTITY_RANKING,,,NOT_APPLICABLE_GLOBAL_BASELINE,HF9g-P5,,,,X 全窗基线 · 不参与实体赏罚,15050921,1506,A168_HF9F_20260827_0900,2026-08-27 09:00:00
2026-06-16,74657362,1490,0,340.8316291752,-85.2079072938,-85.2079072938,0.5000000,4,2,0.39337837500000000,0.280106050000,0.3086711997975373,0.6925207201862208,0.3086711997975373,0.11327232500000000,ELIGIBLE,R03b_20260811_FULL_v1,L1_ELIGIBILITY,v2026-08-11,2026-03-21..2026-08-06,baccarat_bet02_101_all_pairs_incl_sentinel,round_win = game_pnl > 0 (decisive only),COMPATIBILITY_ONLY_NOT_PRODUCTION,234885.8996,214754.2105,9869.7735,3689,3015,-0.04201944,-0.00608590,-0.04816467,-0.04201944,-9869.7735,234885.8996,OK,0.0000,394.7909,4.0000,96.0000,AG03-UNRESOLVED,ALL5_LEVELS_bet23_to_bet27,394.7909,394.7909,394.7909,394.7909,394.7909,4.000000,4.000000,4.000000,4.000000,4.000000,96.000000,96.000000,96.000000,96.000000,96.000000,5.0,1973.9547,1822.2297,7895.8188,8047.5438,PENDING_AG03,FALSE,NOT_FOR_ENFORCEMENT,9474.9825,206164.0421,9869.7735,9474.9825,394.7909,0.04201944,0.04033866,394.7909,9474.9825,0.04033866,394.7909,394.7909,394.7909,394.7909,394.7909,9474.9825,0.04033866,1973.9547,1822.2297,7895.8188,8047.5438,0.03361555,0.0342615,0.00168078,63.6720,71.2286,3.2736,143.0402,5.0692,3404.1435,43.6957,64.4793,63.5359,42.5677,43.0663,85.2079,124.7713,127.8119,154.8004,42.604,-41.336,2.967791,3.594466,1.478463,30,203,130,8,0.14604117,0.04201944,0.00608590,0E-8,0.000000,0.914292,0.640282,0.04207877,2026-03-23,2026-08-04,69,1947,1162,135,0.511111,1.014849,1.012680,0.486804,,,,,,,,GLOBAL_BASELINE_NO_ENTITY_RANKING,,,NOT_APPLICABLE_GLOBAL_BASELINE,HF9g-P5,,,,X 全窗基线 · 不参与实体赏罚,15050922,1506,A168_HF9F_20260827_0900,2026-08-27 09:00:00
2026-06-16,74657362,1710,0,127.8118609407,-127.8118609407,-127.8118609407,0E-7,2,2,0.49994810000000000,0.499948100000,-1.4140667746232096,-1.4140667746232096,-1.4140667746232096,0E-17,ELIGIBLE,R03b_20260811_FULL_v1,L1_ELIGIBILITY,v2026-08-11,2026-03-21..2026-08-06,baccarat_bet02_101_all_pairs_incl_sentinel,round_win = game_pnl > 0 (decisive only),COMPATIBILITY_ONLY_NOT_PRODUCTION,234885.8996,214754.2105,9869.7735,3689,3015,-0.04201944,-0.00608590,-0.04816467,-0.04201944,-9869.7735,234885.8996,OK,0.0000,394.7909,4.0000,96.0000,AG03-UNRESOLVED,ALL5_LEVELS_bet23_to_bet27,394.7909,394.7909,394.7909,394.7909,394.7909,4.000000,4.000000,4.000000,4.000000,4.000000,96.000000,96.000000,96.000000,96.000000,96.000000,5.0,1973.9547,1822.2297,7895.8188,8047.5438,PENDING_AG03,FALSE,NOT_FOR_ENFORCEMENT,9474.9825,206164.0421,9869.7735,9474.9825,394.7909,0.04201944,0.04033866,394.7909,9474.9825,0.04033866,394.7909,394.7909,394.7909,394.7909,394.7909,9474.9825,0.04033866,1973.9547,1822.2297,7895.8188,8047.5438,0.03361555,0.0342615,0.00168078,63.6720,71.2286,3.2736,143.0402,5.0692,3404.1435,43.6957,64.4793,63.5359,42.5677,43.0663,85.2079,124.7713,127.8119,154.8004,42.604,-41.336,2.967791,3.594466,1.478463,30,203,130,8,0.14604117,0.04201944,0.00608590,0E-8,0.000000,0.914292,0.640282,0.04207877,2026-03-23,2026-08-04,69,1947,1162,135,0.511111,1.014849,1.012680,0.486804,,,,,,,,GLOBAL_BASELINE_NO_ENTITY_RANKING,,,NOT_APPLICABLE_GLOBAL_BASELINE,HF9g-P5,,,,X 全窗基线 · 不参与实体赏罚,15050923,1506,A168_HF9F_20260827_0900,2026-08-27 09:00:00
2026-06-16,74657362,1947,0,170.4158145876,0E-10,0E-10,0.5000000,2,2,0.50665070000000000,0.506650700000,-0.018812684590367487,-0.018812684590367487,-0.018812684590367487,0E-17,ELIGIBLE,R03b_20260811_FULL_v1,L1_ELIGIBILITY,v2026-08-11,2026-03-21..2026-08-06,baccarat_bet02_101_all_pairs_incl_sentinel,round_win = game_pnl > 0 (decisive only),COMPATIBILITY_ONLY_NOT_PRODUCTION,234885.8996,214754.2105,9869.7735,3689,3015,-0.04201944,-0.00608590,-0.04816467,-0.04201944,-9869.7735,234885.8996,OK,0.0000,394.7909,4.0000,96.0000,AG03-UNRESOLVED,ALL5_LEVELS_bet23_to_bet27,394.7909,394.7909,394.7909,394.7909,394.7909,4.000000,4.000000,4.000000,4.000000,4.000000,96.000000,96.000000,96.000000,96.000000,96.000000,5.0,1973.9547,1822.2297,7895.8188,8047.5438,PENDING_AG03,FALSE,NOT_FOR_ENFORCEMENT,9474.9825,206164.0421,9869.7735,9474.9825,394.7909,0.04201944,0.04033866,394.7909,9474.9825,0.04033866,394.7909,394.7909,394.7909,394.7909,394.7909,9474.9825,0.04033866,1973.9547,1822.2297,7895.8188,8047.5438,0.03361555,0.0342615,0.00168078,63.6720,71.2286,3.2736,143.0402,5.0692,3404.1435,43.6957,64.4793,63.5359,42.5677,43.0663,85.2079,124.7713,127.8119,154.8004,42.604,-41.336,2.967791,3.594466,1.478463,30,203,130,8,0.14604117,0.04201944,0.00608590,0E-8,0.000000,0.914292,0.640282,0.04207877,2026-03-23,2026-08-04,69,1947,1162,135,0.511111,1.014849,1.012680,0.486804,,,,,,,,GLOBAL_BASELINE_NO_ENTITY_RANKING,,,NOT_APPLICABLE_GLOBAL_BASELINE,HF9g-P5,,,,X 全窗基线 · 不参与实体赏罚,15050924,1506,A168_HF9F_20260827_0900,2026-08-27 09:00:00
2026-06-16,74657362,2073,0,85.2079072938,-85.2079072938,-85.2079072938,0E-7,1,1,0.49324550000000000,0.493245500000,-0.9865810262130424,-0.9865810262130424,-0.9865810262130424,0E-17,ELIGIBLE,R03b_20260811_FULL_v1,L1_ELIGIBILITY,v2026-08-11,2026-03-21..2026-08-06,baccarat_bet02_101_all_pairs_incl_sentinel,round_win = game_pnl > 0 (decisive only),COMPATIBILITY_ONLY_NOT_PRODUCTION,234885.8996,214754.2105,9869.7735,3689,3015,-0.04201944,-0.00608590,-0.04816467,-0.04201944,-9869.7735,234885.8996,OK,0.0000,394.7909,4.0000,96.0000,AG03-UNRESOLVED,ALL5_LEVELS_bet23_to_bet27,394.7909,394.7909,394.7909,394.7909,394.7909,4.000000,4.000000,4.000000,4.000000,4.000000,96.000000,96.000000,96.000000,96.000000,96.000000,5.0,1973.9547,1822.2297,7895.8188,8047.5438,PENDING_AG03,FALSE,NOT_FOR_ENFORCEMENT,9474.9825,206164.0421,9869.7735,9474.9825,394.7909,0.04201944,0.04033866,394.7909,9474.9825,0.04033866,394.7909,394.7909,394.7909,394.7909,394.7909,9474.9825,0.04033866,1973.9547,1822.2297,7895.8188,8047.5438,0.03361555,0.0342615,0.00168078,63.6720,71.2286,3.2736,143.0402,5.0692,3404.1435,43.6957,64.4793,63.5359,42.5677,43.0663,85.2079,124.7713,127.8119,154.8004,42.604,-41.336,2.967791,3.594466,1.478463,30,203,130,8,0.14604117,0.04201944,0.00608590,0E-8,0.000000,0.914292,0.640282,0.04207877,2026-03-23,2026-08-04,69,1947,1162,135,0.511111,1.014849,1.012680,0.486804,,,,,,,,GLOBAL_BASELINE_NO_ENTITY_RANKING,,,NOT_APPLICABLE_GLOBAL_BASELINE,HF9g-P5,,,,X 全窗基线 · 不参与实体赏罚,15050925,1506,A168_HF9F_20260827_0900,2026-08-27 09:00:00
2026-06-16,74657362,2101,0,553.8513974097,213.0197682345,213.0197682345,0.7142857,7,7,0.49707555714285714,0.497075557143,1.149387776212595,1.1493877762118374,1.149387776212595,-1.4286E-13,ELIGIBLE,R03b_20260811_FULL_v1,L1_ELIGIBILITY,v2026-08-11,2026-03-21..2026-08-06,baccarat_bet02_101_all_pairs_incl_sentinel,round_win = game_pnl > 0 (decisive only),COMPATIBILITY_ONLY_NOT_PRODUCTION,234885.8996,214754.2105,9869.7735,3689,3015,-0.04201944,-0.00608590,-0.04816467,-0.04201944,-9869.7735,234885.8996,OK,0.0000,394.7909,4.0000,96.0000,AG03-UNRESOLVED,ALL5_LEVELS_bet23_to_bet27,394.7909,394.7909,394.7909,394.7909,394.7909,4.000000,4.000000,4.000000,4.000000,4.000000,96.000000,96.000000,96.000000,96.000000,96.000000,5.0,1973.9547,1822.2297,7895.8188,8047.5438,PENDING_AG03,FALSE,NOT_FOR_ENFORCEMENT,9474.9825,206164.0421,9869.7735,9474.9825,394.7909,0.04201944,0.04033866,394.7909,9474.9825,0.04033866,394.7909,394.7909,394.7909,394.7909,394.7909,9474.9825,0.04033866,1973.9547,1822.2297,7895.8188,8047.5438,0.03361555,0.0342615,0.00168078,63.6720,71.2286,3.2736,143.0402,5.0692,3404.1435,43.6957,64.4793,63.5359,42.5677,43.0663,85.2079,124.7713,127.8119,154.8004,42.604,-41.336,2.967791,3.594466,1.478463,30,203,130,8,0.14604117,0.04201944,0.00608590,0E-8,0.000000,0.914292,0.640282,0.04207877,2026-03-23,2026-08-04,69,1947,1162,135,0.511111,1.014849,1.012680,0.486804,,,,,,,,GLOBAL_BASELINE_NO_ENTITY_RANKING,,,NOT_APPLICABLE_GLOBAL_BASELINE,HF9g-P5,,,,X 全窗基线 · 不参与实体赏罚,15050926,1506,A168_HF9F_20260827_0900,2026-08-27 09:00:00
2026-06-16,74657362,2129,0,85.2079072938,0E-10,0E-10,,1,1,0.49324550000000000,0.493245500000,,,,0E-17,NO_DECISIVE_ROUND,R03b_20260811_FULL_v1,L1_ELIGIBILITY,v2026-08-11,2026-03-21..2026-08-06,baccarat_bet02_101_all_pairs_incl_sentinel,round_win = game_pnl > 0 (decisive only),COMPATIBILITY_ONLY_NOT_PRODUCTION,234885.8996,214754.2105,9869.7735,3689,3015,-0.04201944,-0.00608590,-0.04816467,-0.04201944,-9869.7735,234885.8996,OK,0.0000,394.7909,4.0000,96.0000,AG03-UNRESOLVED,ALL5_LEVELS_bet23_to_bet27,394.7909,394.7909,394.7909,394.7909,394.7909,4.000000,4.000000,4.000000,4.000000,4.000000,96.000000,96.000000,96.000000,96.000000,96.000000,5.0,1973.9547,1822.2297,7895.8188,8047.5438,PENDING_AG03,FALSE,NOT_FOR_ENFORCEMENT,9474.9825,206164.0421,9869.7735,9474.9825,394.7909,0.04201944,0.04033866,394.7909,9474.9825,0.04033866,394.7909,394.7909,394.7909,394.7909,394.7909,9474.9825,0.04033866,1973.9547,1822.2297,7895.8188,8047.5438,0.03361555,0.0342615,0.00168078,63.6720,71.2286,3.2736,143.0402,5.0692,3404.1435,43.6957,64.4793,63.5359,42.5677,43.0663,85.2079,124.7713,127.8119,154.8004,42.604,-41.336,2.967791,3.594466,1.478463,30,203,130,8,0.14604117,0.04201944,0.00608590,0E-8,0.000000,0.914292,0.640282,0.04207877,2026-03-23,2026-08-04,69,1947,1162,135,0.511111,1.014849,1.012680,0.486804,,,,,,,,GLOBAL_BASELINE_NO_ENTITY_RANKING,,,NOT_APPLICABLE_GLOBAL_BASELINE,HF9g-P5,,,,X 全窗基线 · 不参与实体赏罚,15050927,1506,A168_HF9F_20260827_0900,2026-08-27 09:00:00
2026-06-16,74657362,2142,0,85.2079072938,85.2079072938,85.2079072938,1.0000000,1,1,0.49324550000000000,0.493245500000,1.01360149184955,1.01360149184955,1.01360149184955,0E-17,ELIGIBLE,R03b_20260811_FULL_v1,L1_ELIGIBILITY,v2026-08-11,2026-03-21..2026-08-06,baccarat_bet02_101_all_pairs_incl_sentinel,round_win = game_pnl > 0 (decisive only),COMPATIBILITY_ONLY_NOT_PRODUCTION,234885.8996,214754.2105,9869.7735,3689,3015,-0.04201944,-0.00608590,-0.04816467,-0.04201944,-9869.7735,234885.8996,OK,0.0000,394.7909,4.0000,96.0000,AG03-UNRESOLVED,ALL5_LEVELS_bet23_to_bet27,394.7909,394.7909,394.7909,394.7909,394.7909,4.000000,4.000000,4.000000,4.000000,4.000000,96.000000,96.000000,96.000000,96.000000,96.000000,5.0,1973.9547,1822.2297,7895.8188,8047.5438,PENDING_AG03,FALSE,NOT_FOR_ENFORCEMENT,9474.9825,206164.0421,9869.7735,9474.9825,394.7909,0.04201944,0.04033866,394.7909,9474.9825,0.04033866,394.7909,394.7909,394.7909,394.7909,394.7909,9474.9825,0.04033866,1973.9547,1822.2297,7895.8188,8047.5438,0.03361555,0.0342615,0.00168078,63.6720,71.2286,3.2736,143.0402,5.0692,3404.1435,43.6957,64.4793,63.5359,42.5677,43.0663,85.2079,124.7713,127.8119,154.8004,42.604,-41.336,2.967791,3.594466,1.478463,30,203,130,8,0.14604117,0.04201944,0.00608590,0E-8,0.000000,0.914292,0.640282,0.04207877,2026-03-23,2026-08-04,69,1947,1162,135,0.511111,1.014849,1.012680,0.486804,,,,,,,,GLOBAL_BASELINE_NO_ENTITY_RANKING,,,NOT_APPLICABLE_GLOBAL_BASELINE,HF9g-P5,,,,X 全窗基线 · 不参与实体赏罚,15050928,1506,A168_HF9F_20260827_0900,2026-08-27 09:00:00
2026-06-16,74657362,2145,0,85.2079072938,-85.2079072938,-85.2079072938,0E-7,1,1,0.49324550000000000,0.493245500000,-0.9865810262130424,-0.9865810262130424,-0.9865810262130424,0E-17,ELIGIBLE,R03b_20260811_FULL_v1,L1_ELIGIBILITY,v2026-08-11,2026-03-21..2026-08-06,baccarat_bet02_101_all_pairs_incl_sentinel,round_win = game_pnl > 0 (decisive only),COMPATIBILITY_ONLY_NOT_PRODUCTION,234885.8996,214754.2105,9869.7735,3689,3015,-0.04201944,-0.00608590,-0.04816467,-0.04201944,-9869.7735,234885.8996,OK,0.0000,394.7909,4.0000,96.0000,AG03-UNRESOLVED,ALL5_LEVELS_bet23_to_bet27,394.7909,394.7909,394.7909,394.7909,394.7909,4.000000,4.000000,4.000000,4.000000,4.000000,96.000000,96.000000,96.000000,96.000000,96.000000,5.0,1973.9547,1822.2297,7895.8188,8047.5438,PENDING_AG03,FALSE,NOT_FOR_ENFORCEMENT,9474.9825,206164.0421,9869.7735,9474.9825,394.7909,0.04201944,0.04033866,394.7909,9474.9825,0.04033866,394.7909,394.7909,394.7909,394.7909,394.7909,9474.9825,0.04033866,1973.9547,1822.2297,7895.8188,8047.5438,0.03361555,0.0342615,0.00168078,63.6720,71.2286,3.2736,143.0402,5.0692,3404.1435,43.6957,64.4793,63.5359,42.5677,43.0663,85.2079,124.7713,127.8119,154.8004,42.604,-41.336,2.967791,3.594466,1.478463,30,203,130,8,0.14604117,0.04201944,0.00608590,0E-8,0.000000,0.914292,0.640282,0.04207877,2026-03-23,2026-08-04,69,1947,1162,135,0.511111,1.014849,1.012680,0.486804,,,,,,,,GLOBAL_BASELINE_NO_ENTITY_RANKING,,,NOT_APPLICABLE_GLOBAL_BASELINE,HF9g-P5,,,,X 全窗基线 · 不参与实体赏罚,15050929,1506,A168_HF9F_20260827_0900,2026-08-27 09:00:00
2026-06-16,74657362,2152,0,170.4158145876,170.4158145876,170.4158145876,1.0000000,2,2,0.49324550000000000,0.493245500000,1.4334489766152358,1.4334489766152358,1.4334489766152358,0E-17,ELIGIBLE,R03b_20260811_FULL_v1,L1_ELIGIBILITY,v2026-08-11,2026-03-21..2026-08-06,baccarat_bet02_101_all_pairs_incl_sentinel,round_win = game_pnl > 0 (decisive only),COMPATIBILITY_ONLY_NOT_PRODUCTION,234885.8996,214754.2105,9869.7735,3689,3015,-0.04201944,-0.00608590,-0.04816467,-0.04201944,-9869.7735,234885.8996,OK,0.0000,394.7909,4.0000,96.0000,AG03-UNRESOLVED,ALL5_LEVELS_bet23_to_bet27,394.7909,394.7909,394.7909,394.7909,394.7909,4.000000,4.000000,4.000000,4.000000,4.000000,96.000000,96.000000,96.000000,96.000000,96.000000,5.0,1973.9547,1822.2297,7895.8188,8047.5438,PENDING_AG03,FALSE,NOT_FOR_ENFORCEMENT,9474.9825,206164.0421,9869.7735,9474.9825,394.7909,0.04201944,0.04033866,394.7909,9474.9825,0.04033866,394.7909,394.7909,394.7909,394.7909,394.7909,9474.9825,0.04033866,1973.9547,1822.2297,7895.8188,8047.5438,0.03361555,0.0342615,0.00168078,63.6720,71.2286,3.2736,143.0402,5.0692,3404.1435,43.6957,64.4793,63.5359,42.5677,43.0663,85.2079,124.7713,127.8119,154.8004,42.604,-41.336,2.967791,3.594466,1.478463,30,203,130,8,0.14604117,0.04201944,0.00608590,0E-8,0.000000,0.914292,0.640282,0.04207877,2026-03-23,2026-08-04,69,1947,1162,135,0.511111,1.014849,1.012680,0.486804,,,,,,,,GLOBAL_BASELINE_NO_ENTITY_RANKING,,,NOT_APPLICABLE_GLOBAL_BASELINE,HF9g-P5,,,,X 全窗基线 · 不参与实体赏罚,15050930,1506,A168_HF9F_20260827_0900,2026-08-27 09:00:00
2026-06-16,74657362,2167,0,42.6039536469,-42.6039536469,-42.6039536469,0E-7,1,1,0.49324550000000000,0.493245500000,-0.9865810262130424,-0.9865810262130424,-0.9865810262130424,0E-17,ELIGIBLE,R03b_20260811_FULL_v1,L1_ELIGIBILITY,v2026-08-11,2026-03-21..2026-08-06,baccarat_bet02_101_all_pairs_incl_sentinel,round_win = game_pnl > 0 (decisive only),COMPATIBILITY_ONLY_NOT_PRODUCTION,234885.8996,214754.2105,9869.7735,3689,3015,-0.04201944,-0.00608590,-0.04816467,-0.04201944,-9869.7735,234885.8996,OK,0.0000,394.7909,4.0000,96.0000,AG03-UNRESOLVED,ALL5_LEVELS_bet23_to_bet27,394.7909,394.7909,394.7909,394.7909,394.7909,4.000000,4.000000,4.000000,4.000000,4.000000,96.000000,96.000000,96.000000,96.000000,96.000000,5.0,1973.9547,1822.2297,7895.8188,8047.5438,PENDING_AG03,FALSE,NOT_FOR_ENFORCEMENT,9474.9825,206164.0421,9869.7735,9474.9825,394.7909,0.04201944,0.04033866,394.7909,9474.9825,0.04033866,394.7909,394.7909,394.7909,394.7909,394.7909,9474.9825,0.04033866,1973.9547,1822.2297,7895.8188,8047.5438,0.03361555,0.0342615,0.00168078,63.6720,71.2286,3.2736,143.0402,5.0692,3404.1435,43.6957,64.4793,63.5359,42.5677,43.0663,85.2079,124.7713,127.8119,154.8004,42.604,-41.336,2.967791,3.594466,1.478463,30,203,130,8,0.14604117,0.04201944,0.00608590,0E-8,0.000000,0.914292,0.640282,0.04207877,2026-03-23,2026-08-04,69,1947,1162,135,0.511111,1.014849,1.012680,0.486804,,,,,,,,GLOBAL_BASELINE_NO_ENTITY_RANKING,,,NOT_APPLICABLE_GLOBAL_BASELINE,HF9g-P5,,,,X 全窗基线 · 不参与实体赏罚,15050931,1506,A168_HF9F_20260827_0900,2026-08-27 09:00:00
2026-06-16,74657362,2177,0,42.6039536469,-42.6039536469,-42.6039536469,0E-7,1,1,0.49324550000000000,0.493245500000,-0.9865810262130424,-0.9865810262130424,-0.9865810262130424,0E-17,ELIGIBLE,R03b_20260811_FULL_v1,L1_ELIGIBILITY,v2026-08-11,2026-03-21..2026-08-06,baccarat_bet02_101_all_pairs_incl_sentinel,round_win = game_pnl > 0 (decisive only),COMPATIBILITY_ONLY_NOT_PRODUCTION,234885.8996,214754.2105,9869.7735,3689,3015,-0.04201944,-0.00608590,-0.04816467,-0.04201944,-9869.7735,234885.8996,OK,0.0000,394.7909,4.0000,96.0000,AG03-UNRESOLVED,ALL5_LEVELS_bet23_to_bet27,394.7909,394.7909,394.7909,394.7909,394.7909,4.000000,4.000000,4.000000,4.000000,4.000000,96.000000,96.000000,96.000000,96.000000,96.000000,5.0,1973.9547,1822.2297,7895.8188,8047.5438,PENDING_AG03,FALSE,NOT_FOR_ENFORCEMENT,9474.9825,206164.0421,9869.7735,9474.9825,394.7909,0.04201944,0.04033866,394.7909,9474.9825,0.04033866,394.7909,394.7909,394.7909,394.7909,394.7909,9474.9825,0.04033866,1973.9547,1822.2297,7895.8188,8047.5438,0.03361555,0.0342615,0.00168078,63.6720,71.2286,3.2736,143.0402,5.0692,3404.1435,43.6957,64.4793,63.5359,42.5677,43.0663,85.2079,124.7713,127.8119,154.8004,42.604,-41.336,2.967791,3.594466,1.478463,30,203,130,8,0.14604117,0.04201944,0.00608590,0E-8,0.000000,0.914292,0.640282,0.04207877,2026-03-23,2026-08-04,69,1947,1162,135,0.511111,1.014849,1.012680,0.486804,,,,,,,,GLOBAL_BASELINE_NO_ENTITY_RANKING,,,NOT_APPLICABLE_GLOBAL_BASELINE,HF9g-P5,,,,X 全窗基线 · 不参与实体赏罚,15050932,1506,A168_HF9F_20260827_0900,2026-08-27 09:00:00
2026-06-16,74657362,2209,0,170.4158145876,85.2079072938,85.2079072938,1.0000000,2,1,0.39337837500000000,0.280106050000,1.2418058546638626,1.6031457840727341,1.2418058546638626,0.11327232500000000,ELIGIBLE,R03b_20260811_FULL_v1,L1_ELIGIBILITY,v2026-08-11,2026-03-21..2026-08-06,baccarat_bet02_101_all_pairs_incl_sentinel,round_win = game_pnl > 0 (decisive only),COMPATIBILITY_ONLY_NOT_PRODUCTION,234885.8996,214754.2105,9869.7735,3689,3015,-0.04201944,-0.00608590,-0.04816467,-0.04201944,-9869.7735,234885.8996,OK,0.0000,394.7909,4.0000,96.0000,AG03-UNRESOLVED,ALL5_LEVELS_bet23_to_bet27,394.7909,394.7909,394.7909,394.7909,394.7909,4.000000,4.000000,4.000000,4.000000,4.000000,96.000000,96.000000,96.000000,96.000000,96.000000,5.0,1973.9547,1822.2297,7895.8188,8047.5438,PENDING_AG03,FALSE,NOT_FOR_ENFORCEMENT,9474.9825,206164.0421,9869.7735,9474.9825,394.7909,0.04201944,0.04033866,394.7909,9474.9825,0.04033866,394.7909,394.7909,394.7909,394.7909,394.7909,9474.9825,0.04033866,1973.9547,1822.2297,7895.8188,8047.5438,0.03361555,0.0342615,0.00168078,63.6720,71.2286,3.2736,143.0402,5.0692,3404.1435,43.6957,64.4793,63.5359,42.5677,43.0663,85.2079,124.7713,127.8119,154.8004,42.604,-41.336,2.967791,3.594466,1.478463,30,203,130,8,0.14604117,0.04201944,0.00608590,0E-8,0.000000,0.914292,0.640282,0.04207877,2026-03-23,2026-08-04,69,1947,1162,135,0.511111,1.014849,1.012680,0.486804,,,,,,,,GLOBAL_BASELINE_NO_ENTITY_RANKING,,,NOT_APPLICABLE_GLOBAL_BASELINE,HF9g-P5,,,,X 全窗基线 · 不参与实体赏罚,15050933,1506,A168_HF9F_20260827_0900,2026-08-27 09:00:00
2026-06-16,74657362,2212,0,639.0593047035,-85.2079072938,-85.2079072938,0.5000000,8,4,0.38393901458333333,0.280106050000,0.4772800409135244,0.9793721947117366,0.4772800409135244,0.10383296458333333,ELIGIBLE,R03b_20260811_FULL_v1,L1_ELIGIBILITY,v2026-08-11,2026-03-21..2026-08-06,baccarat_bet02_101_all_pairs_incl_sentinel,round_win = game_pnl > 0 (decisive only),COMPATIBILITY_ONLY_NOT_PRODUCTION,234885.8996,214754.2105,9869.7735,3689,3015,-0.04201944,-0.00608590,-0.04816467,-0.04201944,-9869.7735,234885.8996,OK,0.0000,394.7909,4.0000,96.0000,AG03-UNRESOLVED,ALL5_LEVELS_bet23_to_bet27,394.7909,394.7909,394.7909,394.7909,394.7909,4.000000,4.000000,4.000000,4.000000,4.000000,96.000000,96.000000,96.000000,96.000000,96.000000,5.0,1973.9547,1822.2297,7895.8188,8047.5438,PENDING_AG03,FALSE,NOT_FOR_ENFORCEMENT,9474.9825,206164.0421,9869.7735,9474.9825,394.7909,0.04201944,0.04033866,394.7909,9474.9825,0.04033866,394.7909,394.7909,394.7909,394.7909,394.7909,9474.9825,0.04033866,1973.9547,1822.2297,7895.8188,8047.5438,0.03361555,0.0342615,0.00168078,63.6720,71.2286,3.2736,143.0402,5.0692,3404.1435,43.6957,64.4793,63.5359,42.5677,43.0663,85.2079,124.7713,127.8119,154.8004,42.604,-41.336,2.967791,3.594466,1.478463,30,203,130,8,0.14604117,0.04201944,0.00608590,0E-8,0.000000,0.914292,0.640282,0.04207877,2026-03-23,2026-08-04,69,1947,1162,135,0.511111,1.014849,1.012680,0.486804,,,,,,,,GLOBAL_BASELINE_NO_ENTITY_RANKING,,,NOT_APPLICABLE_GLOBAL_BASELINE,HF9g-P5,,,,X 全窗基线 · 不参与实体赏罚,15050934,1506,A168_HF9F_20260827_0900,2026-08-27 09:00:00
2026-06-16,74657362,2216,0,340.8316291752,170.4158145876,170.4158145876,1.0000000,4,2,0.39337837500000000,0.280106050000,1.756178681499947,2.2671905102969103,1.756178681499947,0.11327232500000000,ELIGIBLE,R03b_20260811_FULL_v1,L1_ELIGIBILITY,v2026-08-11,2026-03-21..2026-08-06,baccarat_bet02_101_all_pairs_incl_sentinel,round_win = game_pnl > 0 (decisive only),COMPATIBILITY_ONLY_NOT_PRODUCTION,234885.8996,214754.2105,9869.7735,3689,3015,-0.04201944,-0.00608590,-0.04816467,-0.04201944,-9869.7735,234885.8996,OK,0.0000,394.7909,4.0000,96.0000,AG03-UNRESOLVED,ALL5_LEVELS_bet23_to_bet27,394.7909,394.7909,394.7909,394.7909,394.7909,4.000000,4.000000,4.000000,4.000000,4.000000,96.000000,96.000000,96.000000,96.000000,96.000000,5.0,1973.9547,1822.2297,7895.8188,8047.5438,PENDING_AG03,FALSE,NOT_FOR_ENFORCEMENT,9474.9825,206164.0421,9869.7735,9474.9825,394.7909,0.04201944,0.04033866,394.7909,9474.9825,0.04033866,394.7909,394.7909,394.7909,394.7909,394.7909,9474.9825,0.04033866,1973.9547,1822.2297,7895.8188,8047.5438,0.03361555,0.0342615,0.00168078,63.6720,71.2286,3.2736,143.0402,5.0692,3404.1435,43.6957,64.4793,63.5359,42.5677,43.0663,85.2079,124.7713,127.8119,154.8004,42.604,-41.336,2.967791,3.594466,1.478463,30,203,130,8,0.14604117,0.04201944,0.00608590,0E-8,0.000000,0.914292,0.640282,0.04207877,2026-03-23,2026-08-04,69,1947,1162,135,0.511111,1.014849,1.012680,0.486804,,,,,,,,GLOBAL_BASELINE_NO_ENTITY_RANKING,,,NOT_APPLICABLE_GLOBAL_BASELINE,HF9g-P5,,,,X 全窗基线 · 不参与实体赏罚,15050935,1506,A168_HF9F_20260827_0900,2026-08-27 09:00:00
2026-06-16,74657362,2235,0,511.2474437628,-85.2079072938,-85.2079072938,0.4000000,6,6,0.49324550000000000,0.493245500000,-0.4170446088060018,-0.4170446088060018,-0.4170446088060018,0E-17,ELIGIBLE,R03b_20260811_FULL_v1,L1_ELIGIBILITY,v2026-08-11,2026-03-21..2026-08-06,baccarat_bet02_101_all_pairs_incl_sentinel,round_win = game_pnl > 0 (decisive only),COMPATIBILITY_ONLY_NOT_PRODUCTION,234885.8996,214754.2105,9869.7735,3689,3015,-0.04201944,-0.00608590,-0.04816467,-0.04201944,-9869.7735,234885.8996,OK,0.0000,394.7909,4.0000,96.0000,AG03-UNRESOLVED,ALL5_LEVELS_bet23_to_bet27,394.7909,394.7909,394.7909,394.7909,394.7909,4.000000,4.000000,4.000000,4.000000,4.000000,96.000000,96.000000,96.000000,96.000000,96.000000,5.0,1973.9547,1822.2297,7895.8188,8047.5438,PENDING_AG03,FALSE,NOT_FOR_ENFORCEMENT,9474.9825,206164.0421,9869.7735,9474.9825,394.7909,0.04201944,0.04033866,394.7909,9474.9825,0.04033866,394.7909,394.7909,394.7909,394.7909,394.7909,9474.9825,0.04033866,1973.9547,1822.2297,7895.8188,8047.5438,0.03361555,0.0342615,0.00168078,63.6720,71.2286,3.2736,143.0402,5.0692,3404.1435,43.6957,64.4793,63.5359,42.5677,43.0663,85.2079,124.7713,127.8119,154.8004,42.604,-41.336,2.967791,3.594466,1.478463,30,203,130,8,0.14604117,0.04201944,0.00608590,0E-8,0.000000,0.914292,0.640282,0.04207877,2026-03-23,2026-08-04,69,1947,1162,135,0.511111,1.014849,1.012680,0.486804,,,,,,,,GLOBAL_BASELINE_NO_ENTITY_RANKING,,,NOT_APPLICABLE_GLOBAL_BASELINE,HF9g-P5,,,,X 全窗基线 · 不参与实体赏罚,15050936,1506,A168_HF9F_20260827_0900,2026-08-27 09:00:00
2026-06-16,74657362,2241,0,42.6039536469,-42.6039536469,-42.6039536469,0E-7,1,1,0.50665070000000000,0.506650700000,-1.013391052207602,-1.013391052207602,-1.013391052207602,0E-17,ELIGIBLE,R03b_20260811_FULL_v1,L1_ELIGIBILITY,v2026-08-11,2026-03-21..2026-08-06,baccarat_bet02_101_all_pairs_incl_sentinel,round_win = game_pnl > 0 (decisive only),COMPATIBILITY_ONLY_NOT_PRODUCTION,234885.8996,214754.2105,9869.7735,3689,3015,-0.04201944,-0.00608590,-0.04816467,-0.04201944,-9869.7735,234885.8996,OK,0.0000,394.7909,4.0000,96.0000,AG03-UNRESOLVED,ALL5_LEVELS_bet23_to_bet27,394.7909,394.7909,394.7909,394.7909,394.7909,4.000000,4.000000,4.000000,4.000000,4.000000,96.000000,96.000000,96.000000,96.000000,96.000000,5.0,1973.9547,1822.2297,7895.8188,8047.5438,PENDING_AG03,FALSE,NOT_FOR_ENFORCEMENT,9474.9825,206164.0421,9869.7735,9474.9825,394.7909,0.04201944,0.04033866,394.7909,9474.9825,0.04033866,394.7909,394.7909,394.7909,394.7909,394.7909,9474.9825,0.04033866,1973.9547,1822.2297,7895.8188,8047.5438,0.03361555,0.0342615,0.00168078,63.6720,71.2286,3.2736,143.0402,5.0692,3404.1435,43.6957,64.4793,63.5359,42.5677,43.0663,85.2079,124.7713,127.8119,154.8004,42.604,-41.336,2.967791,3.594466,1.478463,30,203,130,8,0.14604117,0.04201944,0.00608590,0E-8,0.000000,0.914292,0.640282,0.04207877,2026-03-23,2026-08-04,69,1947,1162,135,0.511111,1.014849,1.012680,0.486804,,,,,,,,GLOBAL_BASELINE_NO_ENTITY_RANKING,,,NOT_APPLICABLE_GLOBAL_BASELINE,HF9g-P5,,,,X 全窗基线 · 不参与实体赏罚,15050937,1506,A168_HF9F_20260827_0900,2026-08-27 09:00:00
2026-06-16,74657362,2248,0,42.6039536469,-42.6039536469,-42.6039536469,0E-7,1,1,0.50665070000000000,0.506650700000,-1.013391052207602,-1.013391052207602,-1.013391052207602,0E-17,ELIGIBLE,R03b_20260811_FULL_v1,L1_ELIGIBILITY,v2026-08-11,2026-03-21..2026-08-06,baccarat_bet02_101_all_pairs_incl_sentinel,round_win = game_pnl > 0 (decisive only),COMPATIBILITY_ONLY_NOT_PRODUCTION,234885.8996,214754.2105,9869.7735,3689,3015,-0.04201944,-0.00608590,-0.04816467,-0.04201944,-9869.7735,234885.8996,OK,0.0000,394.7909,4.0000,96.0000,AG03-UNRESOLVED,ALL5_LEVELS_bet23_to_bet27,394.7909,394.7909,394.7909,394.7909,394.7909,4.000000,4.000000,4.000000,4.000000,4.000000,96.000000,96.000000,96.000000,96.000000,96.000000,5.0,1973.9547,1822.2297,7895.8188,8047.5438,PENDING_AG03,FALSE,NOT_FOR_ENFORCEMENT,9474.9825,206164.0421,9869.7735,9474.9825,394.7909,0.04201944,0.04033866,394.7909,9474.9825,0.04033866,394.7909,394.7909,394.7909,394.7909,394.7909,9474.9825,0.04033866,1973.9547,1822.2297,7895.8188,8047.5438,0.03361555,0.0342615,0.00168078,63.6720,71.2286,3.2736,143.0402,5.0692,3404.1435,43.6957,64.4793,63.5359,42.5677,43.0663,85.2079,124.7713,127.8119,154.8004,42.604,-41.336,2.967791,3.594466,1.478463,30,203,130,8,0.14604117,0.04201944,0.00608590,0E-8,0.000000,0.914292,0.640282,0.04207877,2026-03-23,2026-08-04,69,1947,1162,135,0.511111,1.014849,1.012680,0.486804,,,,,,,,GLOBAL_BASELINE_NO_ENTITY_RANKING,,,NOT_APPLICABLE_GLOBAL_BASELINE,HF9g-P5,,,,X 全窗基线 · 不参与实体赏罚,15050938,1506,A168_HF9F_20260827_0900,2026-08-27 09:00:00
2026-06-16,74657362,2251,0,255.6237218814,-85.2079072938,-85.2079072938,0.3333333,3,3,0.49324550000000000,0.493245500000,-0.5540025479526107,-0.5540025479526106,-0.5540025479526107,0E-17,ELIGIBLE,R03b_20260811_FULL_v1,L1_ELIGIBILITY,v2026-08-11,2026-03-21..2026-08-06,baccarat_bet02_101_all_pairs_incl_sentinel,round_win = game_pnl > 0 (decisive only),COMPATIBILITY_ONLY_NOT_PRODUCTION,234885.8996,214754.2105,9869.7735,3689,3015,-0.04201944,-0.00608590,-0.04816467,-0.04201944,-9869.7735,234885.8996,OK,0.0000,394.7909,4.0000,96.0000,AG03-UNRESOLVED,ALL5_LEVELS_bet23_to_bet27,394.7909,394.7909,394.7909,394.7909,394.7909,4.000000,4.000000,4.000000,4.000000,4.000000,96.000000,96.000000,96.000000,96.000000,96.000000,5.0,1973.9547,1822.2297,7895.8188,8047.5438,PENDING_AG03,FALSE,NOT_FOR_ENFORCEMENT,9474.9825,206164.0421,9869.7735,9474.9825,394.7909,0.04201944,0.04033866,394.7909,9474.9825,0.04033866,394.7909,394.7909,394.7909,394.7909,394.7909,9474.9825,0.04033866,1973.9547,1822.2297,7895.8188,8047.5438,0.03361555,0.0342615,0.00168078,63.6720,71.2286,3.2736,143.0402,5.0692,3404.1435,43.6957,64.4793,63.5359,42.5677,43.0663,85.2079,124.7713,127.8119,154.8004,42.604,-41.336,2.967791,3.594466,1.478463,30,203,130,8,0.14604117,0.04201944,0.00608590,0E-8,0.000000,0.914292,0.640282,0.04207877,2026-03-23,2026-08-04,69,1947,1162,135,0.511111,1.014849,1.012680,0.486804,,,,,,,,GLOBAL_BASELINE_NO_ENTITY_RANKING,,,NOT_APPLICABLE_GLOBAL_BASELINE,HF9g-P5,,,,X 全窗基线 · 不参与实体赏罚,15050939,1506,A168_HF9F_20260827_0900,2026-08-27 09:00:00
2026-06-16,74657362,2254,0,42.6039536469,-42.6039536469,-42.6039536469,0E-7,1,1,0.49324550000000000,0.493245500000,-0.9865810262130424,-0.9865810262130424,-0.9865810262130424,0E-17,ELIGIBLE,R03b_20260811_FULL_v1,L1_ELIGIBILITY,v2026-08-11,2026-03-21..2026-08-06,baccarat_bet02_101_all_pairs_incl_sentinel,round_win = game_pnl > 0 (decisive only),COMPATIBILITY_ONLY_NOT_PRODUCTION,234885.8996,214754.2105,9869.7735,3689,3015,-0.04201944,-0.00608590,-0.04816467,-0.04201944,-9869.7735,234885.8996,OK,0.0000,394.7909,4.0000,96.0000,AG03-UNRESOLVED,ALL5_LEVELS_bet23_to_bet27,394.7909,394.7909,394.7909,394.7909,394.7909,4.000000,4.000000,4.000000,4.000000,4.000000,96.000000,96.000000,96.000000,96.000000,96.000000,5.0,1973.9547,1822.2297,7895.8188,8047.5438,PENDING_AG03,FALSE,NOT_FOR_ENFORCEMENT,9474.9825,206164.0421,9869.7735,9474.9825,394.7909,0.04201944,0.04033866,394.7909,9474.9825,0.04033866,394.7909,394.7909,394.7909,394.7909,394.7909,9474.9825,0.04033866,1973.9547,1822.2297,7895.8188,8047.5438,0.03361555,0.0342615,0.00168078,63.6720,71.2286,3.2736,143.0402,5.0692,3404.1435,43.6957,64.4793,63.5359,42.5677,43.0663,85.2079,124.7713,127.8119,154.8004,42.604,-41.336,2.967791,3.594466,1.478463,30,203,130,8,0.14604117,0.04201944,0.00608590,0E-8,0.000000,0.914292,0.640282,0.04207877,2026-03-23,2026-08-04,69,1947,1162,135,0.511111,1.014849,1.012680,0.486804,,,,,,,,GLOBAL_BASELINE_NO_ENTITY_RANKING,,,NOT_APPLICABLE_GLOBAL_BASELINE,HF9g-P5,,,,X 全窗基线 · 不参与实体赏罚,15050940,1506,A168_HF9F_20260827_0900,2026-08-27 09:00:00
2026-06-16,74657362,2258,0,170.4158145876,-170.4158145876,-170.4158145876,0E-7,2,1,0.39337837500000000,0.280106050000,-0.8052788575962098,-0.6237735893609975,-0.8052788575962098,0.11327232500000000,ELIGIBLE,R03b_20260811_FULL_v1,L1_ELIGIBILITY,v2026-08-11,2026-03-21..2026-08-06,baccarat_bet02_101_all_pairs_incl_sentinel,round_win = game_pnl > 0 (decisive only),COMPATIBILITY_ONLY_NOT_PRODUCTION,234885.8996,214754.2105,9869.7735,3689,3015,-0.04201944,-0.00608590,-0.04816467,-0.04201944,-9869.7735,234885.8996,OK,0.0000,394.7909,4.0000,96.0000,AG03-UNRESOLVED,ALL5_LEVELS_bet23_to_bet27,394.7909,394.7909,394.7909,394.7909,394.7909,4.000000,4.000000,4.000000,4.000000,4.000000,96.000000,96.000000,96.000000,96.000000,96.000000,5.0,1973.9547,1822.2297,7895.8188,8047.5438,PENDING_AG03,FALSE,NOT_FOR_ENFORCEMENT,9474.9825,206164.0421,9869.7735,9474.9825,394.7909,0.04201944,0.04033866,394.7909,9474.9825,0.04033866,394.7909,394.7909,394.7909,394.7909,394.7909,9474.9825,0.04033866,1973.9547,1822.2297,7895.8188,8047.5438,0.03361555,0.0342615,0.00168078,63.6720,71.2286,3.2736,143.0402,5.0692,3404.1435,43.6957,64.4793,63.5359,42.5677,43.0663,85.2079,124.7713,127.8119,154.8004,42.604,-41.336,2.967791,3.594466,1.478463,30,203,130,8,0.14604117,0.04201944,0.00608590,0E-8,0.000000,0.914292,0.640282,0.04207877,2026-03-23,2026-08-04,69,1947,1162,135,0.511111,1.014849,1.012680,0.486804,,,,,,,,GLOBAL_BASELINE_NO_ENTITY_RANKING,,,NOT_APPLICABLE_GLOBAL_BASELINE,HF9g-P5,,,,X 全窗基线 · 不参与实体赏罚,15050941,1506,A168_HF9F_20260827_0900,2026-08-27 09:00:00
2026-06-16,74657362,2266,0,42.6039536469,-42.6039536469,-42.6039536469,0E-7,1,1,0.49324550000000000,0.493245500000,-0.9865810262130424,-0.9865810262130424,-0.9865810262130424,0E-17,ELIGIBLE,R03b_20260811_FULL_v1,L1_ELIGIBILITY,v2026-08-11,2026-03-21..2026-08-06,baccarat_bet02_101_all_pairs_incl_sentinel,round_win = game_pnl > 0 (decisive only),COMPATIBILITY_ONLY_NOT_PRODUCTION,234885.8996,214754.2105,9869.7735,3689,3015,-0.04201944,-0.00608590,-0.04816467,-0.04201944,-9869.7735,234885.8996,OK,0.0000,394.7909,4.0000,96.0000,AG03-UNRESOLVED,ALL5_LEVELS_bet23_to_bet27,394.7909,394.7909,394.7909,394.7909,394.7909,4.000000,4.000000,4.000000,4.000000,4.000000,96.000000,96.000000,96.000000,96.000000,96.000000,5.0,1973.9547,1822.2297,7895.8188,8047.5438,PENDING_AG03,FALSE,NOT_FOR_ENFORCEMENT,9474.9825,206164.0421,9869.7735,9474.9825,394.7909,0.04201944,0.04033866,394.7909,9474.9825,0.04033866,394.7909,394.7909,394.7909,394.7909,394.7909,9474.9825,0.04033866,1973.9547,1822.2297,7895.8188,8047.5438,0.03361555,0.0342615,0.00168078,63.6720,71.2286,3.2736,143.0402,5.0692,3404.1435,43.6957,64.4793,63.5359,42.5677,43.0663,85.2079,124.7713,127.8119,154.8004,42.604,-41.336,2.967791,3.594466,1.478463,30,203,130,8,0.14604117,0.04201944,0.00608590,0E-8,0.000000,0.914292,0.640282,0.04207877,2026-03-23,2026-08-04,69,1947,1162,135,0.511111,1.014849,1.012680,0.486804,,,,,,,,GLOBAL_BASELINE_NO_ENTITY_RANKING,,,NOT_APPLICABLE_GLOBAL_BASELINE,HF9g-P5,,,,X 全窗基线 · 不参与实体赏罚,15050942,1506,A168_HF9F_20260827_0900,2026-08-27 09:00:00
2026-06-16,74657362,772,0,170.4158145876,-170.4158145876,-170.4158145876,0E-7,3,3,0.36483300000000000,0.364833000000,-1.3126946686153371,-1.3126946686153371,-1.3126946686153371,0E-17,ELIGIBLE,R03b_20260811_FULL_v1,L1_ELIGIBILITY,v2026-08-11,2026-03-21..2026-08-06,baccarat_bet02_101_all_pairs_incl_sentinel,round_win = game_pnl > 0 (decisive only),COMPATIBILITY_ONLY_NOT_PRODUCTION,234885.8996,214754.2105,9869.7735,3689,3015,-0.04201944,-0.00608590,-0.04816467,-0.04201944,-9869.7735,234885.8996,OK,0.0000,394.7909,4.0000,96.0000,AG03-UNRESOLVED,ALL5_LEVELS_bet23_to_bet27,394.7909,394.7909,394.7909,394.7909,394.7909,4.000000,4.000000,4.000000,4.000000,4.000000,96.000000,96.000000,96.000000,96.000000,96.000000,5.0,1973.9547,1822.2297,7895.8188,8047.5438,PENDING_AG03,FALSE,NOT_FOR_ENFORCEMENT,9474.9825,206164.0421,9869.7735,9474.9825,394.7909,0.04201944,0.04033866,394.7909,9474.9825,0.04033866,394.7909,394.7909,394.7909,394.7909,394.7909,9474.9825,0.04033866,1973.9547,1822.2297,7895.8188,8047.5438,0.03361555,0.0342615,0.00168078,63.6720,71.2286,3.2736,143.0402,5.0692,3404.1435,43.6957,64.4793,63.5359,42.5677,43.0663,85.2079,124.7713,127.8119,154.8004,42.604,-41.336,2.967791,3.594466,1.478463,30,203,130,8,0.14604117,0.04201944,0.00608590,0E-8,0.000000,0.914292,0.640282,0.04207877,2026-03-23,2026-08-04,69,1947,1162,135,0.511111,1.014849,1.012680,0.486804,,,,,,,,GLOBAL_BASELINE_NO_ENTITY_RANKING,,,NOT_APPLICABLE_GLOBAL_BASELINE,HF9g-P5,,,,X 全窗基线 · 不参与实体赏罚,15050943,1506,A168_HF9F_20260827_0900,2026-08-27 09:00:00
2026-06-25,74657362,-1,1,1150.3067484663,-85.2079072938,-85.2079072938,0.5217391,25,24,0.49020146979166667,0.485481789583,0.30255671741021595,0.3479148932565279,0.30255671741021595,0.00471968020866667,SENTINEL_DEALER,R03b_20260811_FULL_v1,L1_ELIGIBILITY,v2026-08-11,2026-03-21..2026-08-06,baccarat_bet02_101_all_pairs_incl_sentinel,round_win = game_pnl > 0 (decisive only),COMPATIBILITY_ONLY_NOT_PRODUCTION,234885.8996,214754.2105,9869.7735,3689,3015,-0.04201944,-0.00608590,-0.04816467,-0.04201944,-9869.7735,234885.8996,OK,0.0000,394.7909,4.0000,96.0000,AG03-UNRESOLVED,ALL5_LEVELS_bet23_to_bet27,394.7909,394.7909,394.7909,394.7909,394.7909,4.000000,4.000000,4.000000,4.000000,4.000000,96.000000,96.000000,96.000000,96.000000,96.000000,5.0,1973.9547,1822.2297,7895.8188,8047.5438,PENDING_AG03,FALSE,NOT_FOR_ENFORCEMENT,9474.9825,206164.0421,9869.7735,9474.9825,394.7909,0.04201944,0.04033866,394.7909,9474.9825,0.04033866,394.7909,394.7909,394.7909,394.7909,394.7909,9474.9825,0.04033866,1973.9547,1822.2297,7895.8188,8047.5438,0.03361555,0.0342615,0.00168078,63.6720,71.2286,3.2736,143.0402,5.0692,3404.1435,43.6957,64.4793,63.5359,42.5677,43.0663,85.2079,124.7713,127.8119,154.8004,42.604,-41.336,2.967791,3.594466,1.478463,30,203,130,8,0.14604117,0.04201944,0.00608590,0E-8,0.000000,0.914292,0.640282,0.04207877,2026-03-23,2026-08-04,69,1947,1162,135,0.511111,1.014849,1.012680,0.486804,,,,,,,,GLOBAL_BASELINE_NO_ENTITY_RANKING,,,NOT_APPLICABLE_GLOBAL_BASELINE,HF9g-P5,,,,X 全窗基线 · 不参与实体赏罚,15050944,1506,A168_HF9F_20260827_0900,2026-08-27 09:00:00
2026-06-25,74657362,1094,0,42.6039536469,42.6039536469,42.6039536469,1.0000000,1,1,0.49324550000000000,0.493245500000,1.01360149184955,1.01360149184955,1.01360149184955,0E-17,ELIGIBLE,R03b_20260811_FULL_v1,L1_ELIGIBILITY,v2026-08-11,2026-03-21..2026-08-06,baccarat_bet02_101_all_pairs_incl_sentinel,round_win = game_pnl > 0 (decisive only),COMPATIBILITY_ONLY_NOT_PRODUCTION,234885.8996,214754.2105,9869.7735,3689,3015,-0.04201944,-0.00608590,-0.04816467,-0.04201944,-9869.7735,234885.8996,OK,0.0000,394.7909,4.0000,96.0000,AG03-UNRESOLVED,ALL5_LEVELS_bet23_to_bet27,394.7909,394.7909,394.7909,394.7909,394.7909,4.000000,4.000000,4.000000,4.000000,4.000000,96.000000,96.000000,96.000000,96.000000,96.000000,5.0,1973.9547,1822.2297,7895.8188,8047.5438,PENDING_AG03,FALSE,NOT_FOR_ENFORCEMENT,9474.9825,206164.0421,9869.7735,9474.9825,394.7909,0.04201944,0.04033866,394.7909,9474.9825,0.04033866,394.7909,394.7909,394.7909,394.7909,394.7909,9474.9825,0.04033866,1973.9547,1822.2297,7895.8188,8047.5438,0.03361555,0.0342615,0.00168078,63.6720,71.2286,3.2736,143.0402,5.0692,3404.1435,43.6957,64.4793,63.5359,42.5677,43.0663,85.2079,124.7713,127.8119,154.8004,42.604,-41.336,2.967791,3.594466,1.478463,30,203,130,8,0.14604117,0.04201944,0.00608590,0E-8,0.000000,0.914292,0.640282,0.04207877,2026-03-23,2026-08-04,69,1947,1162,135,0.511111,1.014849,1.012680,0.486804,,,,,,,,GLOBAL_BASELINE_NO_ENTITY_RANKING,,,NOT_APPLICABLE_GLOBAL_BASELINE,HF9g-P5,,,,X 全窗基线 · 不参与实体赏罚,15050945,1506,A168_HF9F_20260827_0900,2026-08-27 09:00:00
2026-06-25,74657362,1115,0,42.6039536469,-42.6039536469,-42.6039536469,0E-7,1,1,0.49324550000000000,0.493245500000,-0.9865810262130424,-0.9865810262130424,-0.9865810262130424,0E-17,ELIGIBLE,R03b_20260811_FULL_v1,L1_ELIGIBILITY,v2026-08-11,2026-03-21..2026-08-06,baccarat_bet02_101_all_pairs_incl_sentinel,round_win = game_pnl > 0 (decisive only),COMPATIBILITY_ONLY_NOT_PRODUCTION,234885.8996,214754.2105,9869.7735,3689,3015,-0.04201944,-0.00608590,-0.04816467,-0.04201944,-9869.7735,234885.8996,OK,0.0000,394.7909,4.0000,96.0000,AG03-UNRESOLVED,ALL5_LEVELS_bet23_to_bet27,394.7909,394.7909,394.7909,394.7909,394.7909,4.000000,4.000000,4.000000,4.000000,4.000000,96.000000,96.000000,96.000000,96.000000,96.000000,5.0,1973.9547,1822.2297,7895.8188,8047.5438,PENDING_AG03,FALSE,NOT_FOR_ENFORCEMENT,9474.9825,206164.0421,9869.7735,9474.9825,394.7909,0.04201944,0.04033866,394.7909,9474.9825,0.04033866,394.7909,394.7909,394.7909,394.7909,394.7909,9474.9825,0.04033866,1973.9547,1822.2297,7895.8188,8047.5438,0.03361555,0.0342615,0.00168078,63.6720,71.2286,3.2736,143.0402,5.0692,3404.1435,43.6957,64.4793,63.5359,42.5677,43.0663,85.2079,124.7713,127.8119,154.8004,42.604,-41.336,2.967791,3.594466,1.478463,30,203,130,8,0.14604117,0.04201944,0.00608590,0E-8,0.000000,0.914292,0.640282,0.04207877,2026-03-23,2026-08-04,69,1947,1162,135,0.511111,1.014849,1.012680,0.486804,,,,,,,,GLOBAL_BASELINE_NO_ENTITY_RANKING,,,NOT_APPLICABLE_GLOBAL_BASELINE,HF9g-P5,,,,X 全窗基线 · 不参与实体赏罚,15050946,1506,A168_HF9F_20260827_0900,2026-08-27 09:00:00
2026-06-25,74657362,1210,0,127.8118609407,-42.6039536469,-42.6039536469,0E-7,3,3,0.49324550000000000,0.493245500000,-0.9865810262130424,-0.9865810262130424,-0.9865810262130424,0E-17,ELIGIBLE,R03b_20260811_FULL_v1,L1_ELIGIBILITY,v2026-08-11,2026-03-21..2026-08-06,baccarat_bet02_101_all_pairs_incl_sentinel,round_win = game_pnl > 0 (decisive only),COMPATIBILITY_ONLY_NOT_PRODUCTION,234885.8996,214754.2105,9869.7735,3689,3015,-0.04201944,-0.00608590,-0.04816467,-0.04201944,-9869.7735,234885.8996,OK,0.0000,394.7909,4.0000,96.0000,AG03-UNRESOLVED,ALL5_LEVELS_bet23_to_bet27,394.7909,394.7909,394.7909,394.7909,394.7909,4.000000,4.000000,4.000000,4.000000,4.000000,96.000000,96.000000,96.000000,96.000000,96.000000,5.0,1973.9547,1822.2297,7895.8188,8047.5438,PENDING_AG03,FALSE,NOT_FOR_ENFORCEMENT,9474.9825,206164.0421,9869.7735,9474.9825,394.7909,0.04201944,0.04033866,394.7909,9474.9825,0.04033866,394.7909,394.7909,394.7909,394.7909,394.7909,9474.9825,0.04033866,1973.9547,1822.2297,7895.8188,8047.5438,0.03361555,0.0342615,0.00168078,63.6720,71.2286,3.2736,143.0402,5.0692,3404.1435,43.6957,64.4793,63.5359,42.5677,43.0663,85.2079,124.7713,127.8119,154.8004,42.604,-41.336,2.967791,3.594466,1.478463,30,203,130,8,0.14604117,0.04201944,0.00608590,0E-8,0.000000,0.914292,0.640282,0.04207877,2026-03-23,2026-08-04,69,1947,1162,135,0.511111,1.014849,1.012680,0.486804,,,,,,,,GLOBAL_BASELINE_NO_ENTITY_RANKING,,,NOT_APPLICABLE_GLOBAL_BASELINE,HF9g-P5,,,,X 全窗基线 · 不参与实体赏罚,15050947,1506,A168_HF9F_20260827_0900,2026-08-27 09:00:00
2026-06-25,74657362,1221,0,85.2079072938,85.2079072938,85.2079072938,1.0000000,2,2,0.49324550000000000,0.493245500000,1.4334489766152358,1.4334489766152358,1.4334489766152358,0E-17,ELIGIBLE,R03b_20260811_FULL_v1,L1_ELIGIBILITY,v2026-08-11,2026-03-21..2026-08-06,baccarat_bet02_101_all_pairs_incl_sentinel,round_win = game_pnl > 0 (decisive only),COMPATIBILITY_ONLY_NOT_PRODUCTION,234885.8996,214754.2105,9869.7735,3689,3015,-0.04201944,-0.00608590,-0.04816467,-0.04201944,-9869.7735,234885.8996,OK,0.0000,394.7909,4.0000,96.0000,AG03-UNRESOLVED,ALL5_LEVELS_bet23_to_bet27,394.7909,394.7909,394.7909,394.7909,394.7909,4.000000,4.000000,4.000000,4.000000,4.000000,96.000000,96.000000,96.000000,96.000000,96.000000,5.0,1973.9547,1822.2297,7895.8188,8047.5438,PENDING_AG03,FALSE,NOT_FOR_ENFORCEMENT,9474.9825,206164.0421,9869.7735,9474.9825,394.7909,0.04201944,0.04033866,394.7909,9474.9825,0.04033866,394.7909,394.7909,394.7909,394.7909,394.7909,9474.9825,0.04033866,1973.9547,1822.2297,7895.8188,8047.5438,0.03361555,0.0342615,0.00168078,63.6720,71.2286,3.2736,143.0402,5.0692,3404.1435,43.6957,64.4793,63.5359,42.5677,43.0663,85.2079,124.7713,127.8119,154.8004,42.604,-41.336,2.967791,3.594466,1.478463,30,203,130,8,0.14604117,0.04201944,0.00608590,0E-8,0.000000,0.914292,0.640282,0.04207877,2026-03-23,2026-08-04,69,1947,1162,135,0.511111,1.014849,1.012680,0.486804,,,,,,,,GLOBAL_BASELINE_NO_ENTITY_RANKING,,,NOT_APPLICABLE_GLOBAL_BASELINE,HF9g-P5,,,,X 全窗基线 · 不参与实体赏罚,15050948,1506,A168_HF9F_20260827_0900,2026-08-27 09:00:00
2026-06-25,74657362,1304,0,42.6039536469,42.6039536469,42.6039536469,1.0000000,1,1,0.49324550000000000,0.493245500000,1.01360149184955,1.01360149184955,1.01360149184955,0E-17,ELIGIBLE,R03b_20260811_FULL_v1,L1_ELIGIBILITY,v2026-08-11,2026-03-21..2026-08-06,baccarat_bet02_101_all_pairs_incl_sentinel,round_win = game_pnl > 0 (decisive only),COMPATIBILITY_ONLY_NOT_PRODUCTION,234885.8996,214754.2105,9869.7735,3689,3015,-0.04201944,-0.00608590,-0.04816467,-0.04201944,-9869.7735,234885.8996,OK,0.0000,394.7909,4.0000,96.0000,AG03-UNRESOLVED,ALL5_LEVELS_bet23_to_bet27,394.7909,394.7909,394.7909,394.7909,394.7909,4.000000,4.000000,4.000000,4.000000,4.000000,96.000000,96.000000,96.000000,96.000000,96.000000,5.0,1973.9547,1822.2297,7895.8188,8047.5438,PENDING_AG03,FALSE,NOT_FOR_ENFORCEMENT,9474.9825,206164.0421,9869.7735,9474.9825,394.7909,0.04201944,0.04033866,394.7909,9474.9825,0.04033866,394.7909,394.7909,394.7909,394.7909,394.7909,9474.9825,0.04033866,1973.9547,1822.2297,7895.8188,8047.5438,0.03361555,0.0342615,0.00168078,63.6720,71.2286,3.2736,143.0402,5.0692,3404.1435,43.6957,64.4793,63.5359,42.5677,43.0663,85.2079,124.7713,127.8119,154.8004,42.604,-41.336,2.967791,3.594466,1.478463,30,203,130,8,0.14604117,0.04201944,0.00608590,0E-8,0.000000,0.914292,0.640282,0.04207877,2026-03-23,2026-08-04,69,1947,1162,135,0.511111,1.014849,1.012680,0.486804,,,,,,,,GLOBAL_BASELINE_NO_ENTITY_RANKING,,,NOT_APPLICABLE_GLOBAL_BASELINE,HF9g-P5,,,,X 全窗基线 · 不参与实体赏罚,15050949,1506,A168_HF9F_20260827_0900,2026-08-27 09:00:00
2026-06-25,74657362,1318,0,127.8118609407,42.6039536469,42.6039536469,0.6666667,3,3,0.49324550000000000,0.493245500000,0.6008033672792107,0.6008033672792106,0.6008033672792107,0E-17,ELIGIBLE,R03b_20260811_FULL_v1,L1_ELIGIBILITY,v2026-08-11,2026-03-21..2026-08-06,baccarat_bet02_101_all_pairs_incl_sentinel,round_win = game_pnl > 0 (decisive only),COMPATIBILITY_ONLY_NOT_PRODUCTION,234885.8996,214754.2105,9869.7735,3689,3015,-0.04201944,-0.00608590,-0.04816467,-0.04201944,-9869.7735,234885.8996,OK,0.0000,394.7909,4.0000,96.0000,AG03-UNRESOLVED,ALL5_LEVELS_bet23_to_bet27,394.7909,394.7909,394.7909,394.7909,394.7909,4.000000,4.000000,4.000000,4.000000,4.000000,96.000000,96.000000,96.000000,96.000000,96.000000,5.0,1973.9547,1822.2297,7895.8188,8047.5438,PENDING_AG03,FALSE,NOT_FOR_ENFORCEMENT,9474.9825,206164.0421,9869.7735,9474.9825,394.7909,0.04201944,0.04033866,394.7909,9474.9825,0.04033866,394.7909,394.7909,394.7909,394.7909,394.7909,9474.9825,0.04033866,1973.9547,1822.2297,7895.8188,8047.5438,0.03361555,0.0342615,0.00168078,63.6720,71.2286,3.2736,143.0402,5.0692,3404.1435,43.6957,64.4793,63.5359,42.5677,43.0663,85.2079,124.7713,127.8119,154.8004,42.604,-41.336,2.967791,3.594466,1.478463,30,203,130,8,0.14604117,0.04201944,0.00608590,0E-8,0.000000,0.914292,0.640282,0.04207877,2026-03-23,2026-08-04,69,1947,1162,135,0.511111,1.014849,1.012680,0.486804,,,,,,,,GLOBAL_BASELINE_NO_ENTITY_RANKING,,,NOT_APPLICABLE_GLOBAL_BASELINE,HF9g-P5,,,,X 全窗基线 · 不参与实体赏罚,15050950,1506,A168_HF9F_20260827_0900,2026-08-27 09:00:00
2026-06-25,74657362,1383,0,255.6237218814,42.6039536469,42.6039536469,0.5000000,3,2,0.44331193750000000,0.386675775000,0.16137860029625145,0.3290934312765982,0.16137860029625145,0.05663616250000000,ELIGIBLE,R03b_20260811_FULL_v1,L1_ELIGIBILITY,v2026-08-11,2026-03-21..2026-08-06,baccarat_bet02_101_all_pairs_incl_sentinel,round_win = game_pnl > 0 (decisive only),COMPATIBILITY_ONLY_NOT_PRODUCTION,234885.8996,214754.2105,9869.7735,3689,3015,-0.04201944,-0.00608590,-0.04816467,-0.04201944,-9869.7735,234885.8996,OK,0.0000,394.7909,4.0000,96.0000,AG03-UNRESOLVED,ALL5_LEVELS_bet23_to_bet27,394.7909,394.7909,394.7909,394.7909,394.7909,4.000000,4.000000,4.000000,4.000000,4.000000,96.000000,96.000000,96.000000,96.000000,96.000000,5.0,1973.9547,1822.2297,7895.8188,8047.5438,PENDING_AG03,FALSE,NOT_FOR_ENFORCEMENT,9474.9825,206164.0421,9869.7735,9474.9825,394.7909,0.04201944,0.04033866,394.7909,9474.9825,0.04033866,394.7909,394.7909,394.7909,394.7909,394.7909,9474.9825,0.04033866,1973.9547,1822.2297,7895.8188,8047.5438,0.03361555,0.0342615,0.00168078,63.6720,71.2286,3.2736,143.0402,5.0692,3404.1435,43.6957,64.4793,63.5359,42.5677,43.0663,85.2079,124.7713,127.8119,154.8004,42.604,-41.336,2.967791,3.594466,1.478463,30,203,130,8,0.14604117,0.04201944,0.00608590,0E-8,0.000000,0.914292,0.640282,0.04207877,2026-03-23,2026-08-04,69,1947,1162,135,0.511111,1.014849,1.012680,0.486804,,,,,,,,GLOBAL_BASELINE_NO_ENTITY_RANKING,,,NOT_APPLICABLE_GLOBAL_BASELINE,HF9g-P5,,,,X 全窗基线 · 不参与实体赏罚,15050951,1506,A168_HF9F_20260827_0900,2026-08-27 09:00:00
2026-06-25,74657362,1490,0,42.6039536469,-42.6039536469,-42.6039536469,0E-7,1,1,0.49324550000000000,0.493245500000,-0.9865810262130424,-0.9865810262130424,-0.9865810262130424,0E-17,ELIGIBLE,R03b_20260811_FULL_v1,L1_ELIGIBILITY,v2026-08-11,2026-03-21..2026-08-06,baccarat_bet02_101_all_pairs_incl_sentinel,round_win = game_pnl > 0 (decisive only),COMPATIBILITY_ONLY_NOT_PRODUCTION,234885.8996,214754.2105,9869.7735,3689,3015,-0.04201944,-0.00608590,-0.04816467,-0.04201944,-9869.7735,234885.8996,OK,0.0000,394.7909,4.0000,96.0000,AG03-UNRESOLVED,ALL5_LEVELS_bet23_to_bet27,394.7909,394.7909,394.7909,394.7909,394.7909,4.000000,4.000000,4.000000,4.000000,4.000000,96.000000,96.000000,96.000000,96.000000,96.000000,5.0,1973.9547,1822.2297,7895.8188,8047.5438,PENDING_AG03,FALSE,NOT_FOR_ENFORCEMENT,9474.9825,206164.0421,9869.7735,9474.9825,394.7909,0.04201944,0.04033866,394.7909,9474.9825,0.04033866,394.7909,394.7909,394.7909,394.7909,394.7909,9474.9825,0.04033866,1973.9547,1822.2297,7895.8188,8047.5438,0.03361555,0.0342615,0.00168078,63.6720,71.2286,3.2736,143.0402,5.0692,3404.1435,43.6957,64.4793,63.5359,42.5677,43.0663,85.2079,124.7713,127.8119,154.8004,42.604,-41.336,2.967791,3.594466,1.478463,30,203,130,8,0.14604117,0.04201944,0.00608590,0E-8,0.000000,0.914292,0.640282,0.04207877,2026-03-23,2026-08-04,69,1947,1162,135,0.511111,1.014849,1.012680,0.486804,,,,,,,,GLOBAL_BASELINE_NO_ENTITY_RANKING,,,NOT_APPLICABLE_GLOBAL_BASELINE,HF9g-P5,,,,X 全窗基线 · 不参与实体赏罚,15050952,1506,A168_HF9F_20260827_0900,2026-08-27 09:00:00
2026-06-25,74657362,1507,0,42.6039536469,42.6039536469,42.6039536469,1.0000000,1,1,0.49324550000000000,0.493245500000,1.01360149184955,1.01360149184955,1.01360149184955,0E-17,ELIGIBLE,R03b_20260811_FULL_v1,L1_ELIGIBILITY,v2026-08-11,2026-03-21..2026-08-06,baccarat_bet02_101_all_pairs_incl_sentinel,round_win = game_pnl > 0 (decisive only),COMPATIBILITY_ONLY_NOT_PRODUCTION,234885.8996,214754.2105,9869.7735,3689,3015,-0.04201944,-0.00608590,-0.04816467,-0.04201944,-9869.7735,234885.8996,OK,0.0000,394.7909,4.0000,96.0000,AG03-UNRESOLVED,ALL5_LEVELS_bet23_to_bet27,394.7909,394.7909,394.7909,394.7909,394.7909,4.000000,4.000000,4.000000,4.000000,4.000000,96.000000,96.000000,96.000000,96.000000,96.000000,5.0,1973.9547,1822.2297,7895.8188,8047.5438,PENDING_AG03,FALSE,NOT_FOR_ENFORCEMENT,9474.9825,206164.0421,9869.7735,9474.9825,394.7909,0.04201944,0.04033866,394.7909,9474.9825,0.04033866,394.7909,394.7909,394.7909,394.7909,394.7909,9474.9825,0.04033866,1973.9547,1822.2297,7895.8188,8047.5438,0.03361555,0.0342615,0.00168078,63.6720,71.2286,3.2736,143.0402,5.0692,3404.1435,43.6957,64.4793,63.5359,42.5677,43.0663,85.2079,124.7713,127.8119,154.8004,42.604,-41.336,2.967791,3.594466,1.478463,30,203,130,8,0.14604117,0.04201944,0.00608590,0E-8,0.000000,0.914292,0.640282,0.04207877,2026-03-23,2026-08-04,69,1947,1162,135,0.511111,1.014849,1.012680,0.486804,,,,,,,,GLOBAL_BASELINE_NO_ENTITY_RANKING,,,NOT_APPLICABLE_GLOBAL_BASELINE,HF9g-P5,,,,X 全窗基线 · 不参与实体赏罚,15050953,1506,A168_HF9F_20260827_0900,2026-08-27 09:00:00
2026-06-25,74657362,1710,0,170.4158145876,170.4158145876,170.4158145876,1.0000000,4,4,0.49324550000000000,0.493245500000,2.0272029836991,2.0272029836991,2.0272029836991,0E-17,ELIGIBLE,R03b_20260811_FULL_v1,L1_ELIGIBILITY,v2026-08-11,2026-03-21..2026-08-06,baccarat_bet02_101_all_pairs_incl_sentinel,round_win = game_pnl > 0 (decisive only),COMPATIBILITY_ONLY_NOT_PRODUCTION,234885.8996,214754.2105,9869.7735,3689,3015,-0.04201944,-0.00608590,-0.04816467,-0.04201944,-9869.7735,234885.8996,OK,0.0000,394.7909,4.0000,96.0000,AG03-UNRESOLVED,ALL5_LEVELS_bet23_to_bet27,394.7909,394.7909,394.7909,394.7909,394.7909,4.000000,4.000000,4.000000,4.000000,4.000000,96.000000,96.000000,96.000000,96.000000,96.000000,5.0,1973.9547,1822.2297,7895.8188,8047.5438,PENDING_AG03,FALSE,NOT_FOR_ENFORCEMENT,9474.9825,206164.0421,9869.7735,9474.9825,394.7909,0.04201944,0.04033866,394.7909,9474.9825,0.04033866,394.7909,394.7909,394.7909,394.7909,394.7909,9474.9825,0.04033866,1973.9547,1822.2297,7895.8188,8047.5438,0.03361555,0.0342615,0.00168078,63.6720,71.2286,3.2736,143.0402,5.0692,3404.1435,43.6957,64.4793,63.5359,42.5677,43.0663,85.2079,124.7713,127.8119,154.8004,42.604,-41.336,2.967791,3.594466,1.478463,30,203,130,8,0.14604117,0.04201944,0.00608590,0E-8,0.000000,0.914292,0.640282,0.04207877,2026-03-23,2026-08-04,69,1947,1162,135,0.511111,1.014849,1.012680,0.486804,,,,,,,,GLOBAL_BASELINE_NO_ENTITY_RANKING,,,NOT_APPLICABLE_GLOBAL_BASELINE,HF9g-P5,,,,X 全窗基线 · 不参与实体赏罚,15050954,1506,A168_HF9F_20260827_0900,2026-08-27 09:00:00
2026-06-25,74657362,1935,0,255.6237218814,-85.2079072938,-85.2079072938,0.3333333,4,4,0.49324550000000000,0.493245500000,-0.5540025479526107,-0.5540025479526106,-0.5540025479526107,0E-17,ELIGIBLE,R03b_20260811_FULL_v1,L1_ELIGIBILITY,v2026-08-11,2026-03-21..2026-08-06,baccarat_bet02_101_all_pairs_incl_sentinel,round_win = game_pnl > 0 (decisive only),COMPATIBILITY_ONLY_NOT_PRODUCTION,234885.8996,214754.2105,9869.7735,3689,3015,-0.04201944,-0.00608590,-0.04816467,-0.04201944,-9869.7735,234885.8996,OK,0.0000,394.7909,4.0000,96.0000,AG03-UNRESOLVED,ALL5_LEVELS_bet23_to_bet27,394.7909,394.7909,394.7909,394.7909,394.7909,4.000000,4.000000,4.000000,4.000000,4.000000,96.000000,96.000000,96.000000,96.000000,96.000000,5.0,1973.9547,1822.2297,7895.8188,8047.5438,PENDING_AG03,FALSE,NOT_FOR_ENFORCEMENT,9474.9825,206164.0421,9869.7735,9474.9825,394.7909,0.04201944,0.04033866,394.7909,9474.9825,0.04033866,394.7909,394.7909,394.7909,394.7909,394.7909,9474.9825,0.04033866,1973.9547,1822.2297,7895.8188,8047.5438,0.03361555,0.0342615,0.00168078,63.6720,71.2286,3.2736,143.0402,5.0692,3404.1435,43.6957,64.4793,63.5359,42.5677,43.0663,85.2079,124.7713,127.8119,154.8004,42.604,-41.336,2.967791,3.594466,1.478463,30,203,130,8,0.14604117,0.04201944,0.00608590,0E-8,0.000000,0.914292,0.640282,0.04207877,2026-03-23,2026-08-04,69,1947,1162,135,0.511111,1.014849,1.012680,0.486804,,,,,,,,GLOBAL_BASELINE_NO_ENTITY_RANKING,,,NOT_APPLICABLE_GLOBAL_BASELINE,HF9g-P5,,,,X 全窗基线 · 不参与实体赏罚,15050955,1506,A168_HF9F_20260827_0900,2026-08-27 09:00:00
2026-06-25,74657362,1957,0,42.6039536469,-42.6039536469,-42.6039536469,0E-7,1,1,0.49324550000000000,0.493245500000,-0.9865810262130424,-0.9865810262130424,-0.9865810262130424,0E-17,ELIGIBLE,R03b_20260811_FULL_v1,L1_ELIGIBILITY,v2026-08-11,2026-03-21..2026-08-06,baccarat_bet02_101_all_pairs_incl_sentinel,round_win = game_pnl > 0 (decisive only),COMPATIBILITY_ONLY_NOT_PRODUCTION,234885.8996,214754.2105,9869.7735,3689,3015,-0.04201944,-0.00608590,-0.04816467,-0.04201944,-9869.7735,234885.8996,OK,0.0000,394.7909,4.0000,96.0000,AG03-UNRESOLVED,ALL5_LEVELS_bet23_to_bet27,394.7909,394.7909,394.7909,394.7909,394.7909,4.000000,4.000000,4.000000,4.000000,4.000000,96.000000,96.000000,96.000000,96.000000,96.000000,5.0,1973.9547,1822.2297,7895.8188,8047.5438,PENDING_AG03,FALSE,NOT_FOR_ENFORCEMENT,9474.9825,206164.0421,9869.7735,9474.9825,394.7909,0.04201944,0.04033866,394.7909,9474.9825,0.04033866,394.7909,394.7909,394.7909,394.7909,394.7909,9474.9825,0.04033866,1973.9547,1822.2297,7895.8188,8047.5438,0.03361555,0.0342615,0.00168078,63.6720,71.2286,3.2736,143.0402,5.0692,3404.1435,43.6957,64.4793,63.5359,42.5677,43.0663,85.2079,124.7713,127.8119,154.8004,42.604,-41.336,2.967791,3.594466,1.478463,30,203,130,8,0.14604117,0.04201944,0.00608590,0E-8,0.000000,0.914292,0.640282,0.04207877,2026-03-23,2026-08-04,69,1947,1162,135,0.511111,1.014849,1.012680,0.486804,,,,,,,,GLOBAL_BASELINE_NO_ENTITY_RANKING,,,NOT_APPLICABLE_GLOBAL_BASELINE,HF9g-P5,,,,X 全窗基线 · 不参与实体赏罚,15050956,1506,A168_HF9F_20260827_0900,2026-08-27 09:00:00
2026-06-25,74657362,1985,0,553.8513974097,-42.6039536469,-42.6039536469,0.7500000,8,4,0.36506029375000000,0.280106050000,1.5990946246512772,2.0928318814286024,1.5990946246512772,0.08495424375000000,ELIGIBLE,R03b_20260811_FULL_v1,L1_ELIGIBILITY,v2026-08-11,2026-03-21..2026-08-06,baccarat_bet02_101_all_pairs_incl_sentinel,round_win = game_pnl > 0 (decisive only),COMPATIBILITY_ONLY_NOT_PRODUCTION,234885.8996,214754.2105,9869.7735,3689,3015,-0.04201944,-0.00608590,-0.04816467,-0.04201944,-9869.7735,234885.8996,OK,0.0000,394.7909,4.0000,96.0000,AG03-UNRESOLVED,ALL5_LEVELS_bet23_to_bet27,394.7909,394.7909,394.7909,394.7909,394.7909,4.000000,4.000000,4.000000,4.000000,4.000000,96.000000,96.000000,96.000000,96.000000,96.000000,5.0,1973.9547,1822.2297,7895.8188,8047.5438,PENDING_AG03,FALSE,NOT_FOR_ENFORCEMENT,9474.9825,206164.0421,9869.7735,9474.9825,394.7909,0.04201944,0.04033866,394.7909,9474.9825,0.04033866,394.7909,394.7909,394.7909,394.7909,394.7909,9474.9825,0.04033866,1973.9547,1822.2297,7895.8188,8047.5438,0.03361555,0.0342615,0.00168078,63.6720,71.2286,3.2736,143.0402,5.0692,3404.1435,43.6957,64.4793,63.5359,42.5677,43.0663,85.2079,124.7713,127.8119,154.8004,42.604,-41.336,2.967791,3.594466,1.478463,30,203,130,8,0.14604117,0.04201944,0.00608590,0E-8,0.000000,0.914292,0.640282,0.04207877,2026-03-23,2026-08-04,69,1947,1162,135,0.511111,1.014849,1.012680,0.486804,,,,,,,,GLOBAL_BASELINE_NO_ENTITY_RANKING,,,NOT_APPLICABLE_GLOBAL_BASELINE,HF9g-P5,,,,X 全窗基线 · 不参与实体赏罚,15050957,1506,A168_HF9F_20260827_0900,2026-08-27 09:00:00
2026-06-25,74657362,2088,0,213.0197682345,-42.6039536469,-42.6039536469,0.3333333,5,5,0.49860758000000000,0.498607580000,-0.5725290048997589,-0.5725290048997589,-0.5725290048997589,0E-17,ELIGIBLE,R03b_20260811_FULL_v1,L1_ELIGIBILITY,v2026-08-11,2026-03-21..2026-08-06,baccarat_bet02_101_all_pairs_incl_sentinel,round_win = game_pnl > 0 (decisive only),COMPATIBILITY_ONLY_NOT_PRODUCTION,234885.8996,214754.2105,9869.7735,3689,3015,-0.04201944,-0.00608590,-0.04816467,-0.04201944,-9869.7735,234885.8996,OK,0.0000,394.7909,4.0000,96.0000,AG03-UNRESOLVED,ALL5_LEVELS_bet23_to_bet27,394.7909,394.7909,394.7909,394.7909,394.7909,4.000000,4.000000,4.000000,4.000000,4.000000,96.000000,96.000000,96.000000,96.000000,96.000000,5.0,1973.9547,1822.2297,7895.8188,8047.5438,PENDING_AG03,FALSE,NOT_FOR_ENFORCEMENT,9474.9825,206164.0421,9869.7735,9474.9825,394.7909,0.04201944,0.04033866,394.7909,9474.9825,0.04033866,394.7909,394.7909,394.7909,394.7909,394.7909,9474.9825,0.04033866,1973.9547,1822.2297,7895.8188,8047.5438,0.03361555,0.0342615,0.00168078,63.6720,71.2286,3.2736,143.0402,5.0692,3404.1435,43.6957,64.4793,63.5359,42.5677,43.0663,85.2079,124.7713,127.8119,154.8004,42.604,-41.336,2.967791,3.594466,1.478463,30,203,130,8,0.14604117,0.04201944,0.00608590,0E-8,0.000000,0.914292,0.640282,0.04207877,2026-03-23,2026-08-04,69,1947,1162,135,0.511111,1.014849,1.012680,0.486804,,,,,,,,GLOBAL_BASELINE_NO_ENTITY_RANKING,,,NOT_APPLICABLE_GLOBAL_BASELINE,HF9g-P5,,,,X 全窗基线 · 不参与实体赏罚,15050958,1506,A168_HF9F_20260827_0900,2026-08-27 09:00:00
2026-06-25,74657362,2101,0,42.6039536469,42.6039536469,42.6039536469,1.0000000,1,1,0.49324550000000000,0.493245500000,1.01360149184955,1.01360149184955,1.01360149184955,0E-17,ELIGIBLE,R03b_20260811_FULL_v1,L1_ELIGIBILITY,v2026-08-11,2026-03-21..2026-08-06,baccarat_bet02_101_all_pairs_incl_sentinel,round_win = game_pnl > 0 (decisive only),COMPATIBILITY_ONLY_NOT_PRODUCTION,234885.8996,214754.2105,9869.7735,3689,3015,-0.04201944,-0.00608590,-0.04816467,-0.04201944,-9869.7735,234885.8996,OK,0.0000,394.7909,4.0000,96.0000,AG03-UNRESOLVED,ALL5_LEVELS_bet23_to_bet27,394.7909,394.7909,394.7909,394.7909,394.7909,4.000000,4.000000,4.000000,4.000000,4.000000,96.000000,96.000000,96.000000,96.000000,96.000000,5.0,1973.9547,1822.2297,7895.8188,8047.5438,PENDING_AG03,FALSE,NOT_FOR_ENFORCEMENT,9474.9825,206164.0421,9869.7735,9474.9825,394.7909,0.04201944,0.04033866,394.7909,9474.9825,0.04033866,394.7909,394.7909,394.7909,394.7909,394.7909,9474.9825,0.04033866,1973.9547,1822.2297,7895.8188,8047.5438,0.03361555,0.0342615,0.00168078,63.6720,71.2286,3.2736,143.0402,5.0692,3404.1435,43.6957,64.4793,63.5359,42.5677,43.0663,85.2079,124.7713,127.8119,154.8004,42.604,-41.336,2.967791,3.594466,1.478463,30,203,130,8,0.14604117,0.04201944,0.00608590,0E-8,0.000000,0.914292,0.640282,0.04207877,2026-03-23,2026-08-04,69,1947,1162,135,0.511111,1.014849,1.012680,0.486804,,,,,,,,GLOBAL_BASELINE_NO_ENTITY_RANKING,,,NOT_APPLICABLE_GLOBAL_BASELINE,HF9g-P5,,,,X 全窗基线 · 不参与实体赏罚,15050959,1506,A168_HF9F_20260827_0900,2026-08-27 09:00:00
2026-06-25,74657362,2107,0,42.6039536469,42.6039536469,42.6039536469,1.0000000,1,1,0.49324550000000000,0.493245500000,1.01360149184955,1.01360149184955,1.01360149184955,0E-17,ELIGIBLE,R03b_20260811_FULL_v1,L1_ELIGIBILITY,v2026-08-11,2026-03-21..2026-08-06,baccarat_bet02_101_all_pairs_incl_sentinel,round_win = game_pnl > 0 (decisive only),COMPATIBILITY_ONLY_NOT_PRODUCTION,234885.8996,214754.2105,9869.7735,3689,3015,-0.04201944,-0.00608590,-0.04816467,-0.04201944,-9869.7735,234885.8996,OK,0.0000,394.7909,4.0000,96.0000,AG03-UNRESOLVED,ALL5_LEVELS_bet23_to_bet27,394.7909,394.7909,394.7909,394.7909,394.7909,4.000000,4.000000,4.000000,4.000000,4.000000,96.000000,96.000000,96.000000,96.000000,96.000000,5.0,1973.9547,1822.2297,7895.8188,8047.5438,PENDING_AG03,FALSE,NOT_FOR_ENFORCEMENT,9474.9825,206164.0421,9869.7735,9474.9825,394.7909,0.04201944,0.04033866,394.7909,9474.9825,0.04033866,394.7909,394.7909,394.7909,394.7909,394.7909,9474.9825,0.04033866,1973.9547,1822.2297,7895.8188,8047.5438,0.03361555,0.0342615,0.00168078,63.6720,71.2286,3.2736,143.0402,5.0692,3404.1435,43.6957,64.4793,63.5359,42.5677,43.0663,85.2079,124.7713,127.8119,154.8004,42.604,-41.336,2.967791,3.594466,1.478463,30,203,130,8,0.14604117,0.04201944,0.00608590,0E-8,0.000000,0.914292,0.640282,0.04207877,2026-03-23,2026-08-04,69,1947,1162,135,0.511111,1.014849,1.012680,0.486804,,,,,,,,GLOBAL_BASELINE_NO_ENTITY_RANKING,,,NOT_APPLICABLE_GLOBAL_BASELINE,HF9g-P5,,,,X 全窗基线 · 不参与实体赏罚,15050960,1506,A168_HF9F_20260827_0900,2026-08-27 09:00:00
2026-06-25,74657362,2108,0,42.6039536469,42.6039536469,42.6039536469,1.0000000,1,1,0.49324550000000000,0.493245500000,1.01360149184955,1.01360149184955,1.01360149184955,0E-17,ELIGIBLE,R03b_20260811_FULL_v1,L1_ELIGIBILITY,v2026-08-11,2026-03-21..2026-08-06,baccarat_bet02_101_all_pairs_incl_sentinel,round_win = game_pnl > 0 (decisive only),COMPATIBILITY_ONLY_NOT_PRODUCTION,234885.8996,214754.2105,9869.7735,3689,3015,-0.04201944,-0.00608590,-0.04816467,-0.04201944,-9869.7735,234885.8996,OK,0.0000,394.7909,4.0000,96.0000,AG03-UNRESOLVED,ALL5_LEVELS_bet23_to_bet27,394.7909,394.7909,394.7909,394.7909,394.7909,4.000000,4.000000,4.000000,4.000000,4.000000,96.000000,96.000000,96.000000,96.000000,96.000000,5.0,1973.9547,1822.2297,7895.8188,8047.5438,PENDING_AG03,FALSE,NOT_FOR_ENFORCEMENT,9474.9825,206164.0421,9869.7735,9474.9825,394.7909,0.04201944,0.04033866,394.7909,9474.9825,0.04033866,394.7909,394.7909,394.7909,394.7909,394.7909,9474.9825,0.04033866,1973.9547,1822.2297,7895.8188,8047.5438,0.03361555,0.0342615,0.00168078,63.6720,71.2286,3.2736,143.0402,5.0692,3404.1435,43.6957,64.4793,63.5359,42.5677,43.0663,85.2079,124.7713,127.8119,154.8004,42.604,-41.336,2.967791,3.594466,1.478463,30,203,130,8,0.14604117,0.04201944,0.00608590,0E-8,0.000000,0.914292,0.640282,0.04207877,2026-03-23,2026-08-04,69,1947,1162,135,0.511111,1.014849,1.012680,0.486804,,,,,,,,GLOBAL_BASELINE_NO_ENTITY_RANKING,,,NOT_APPLICABLE_GLOBAL_BASELINE,HF9g-P5,,,,X 全窗基线 · 不参与实体赏罚,15050961,1506,A168_HF9F_20260827_0900,2026-08-27 09:00:00
2026-06-25,74657362,2153,0,127.8118609407,42.6039536469,42.6039536469,0.6666667,3,3,0.49324550000000000,0.493245500000,0.6008033672792107,0.6008033672792106,0.6008033672792107,0E-17,ELIGIBLE,R03b_20260811_FULL_v1,L1_ELIGIBILITY,v2026-08-11,2026-03-21..2026-08-06,baccarat_bet02_101_all_pairs_incl_sentinel,round_win = game_pnl > 0 (decisive only),COMPATIBILITY_ONLY_NOT_PRODUCTION,234885.8996,214754.2105,9869.7735,3689,3015,-0.04201944,-0.00608590,-0.04816467,-0.04201944,-9869.7735,234885.8996,OK,0.0000,394.7909,4.0000,96.0000,AG03-UNRESOLVED,ALL5_LEVELS_bet23_to_bet27,394.7909,394.7909,394.7909,394.7909,394.7909,4.000000,4.000000,4.000000,4.000000,4.000000,96.000000,96.000000,96.000000,96.000000,96.000000,5.0,1973.9547,1822.2297,7895.8188,8047.5438,PENDING_AG03,FALSE,NOT_FOR_ENFORCEMENT,9474.9825,206164.0421,9869.7735,9474.9825,394.7909,0.04201944,0.04033866,394.7909,9474.9825,0.04033866,394.7909,394.7909,394.7909,394.7909,394.7909,9474.9825,0.04033866,1973.9547,1822.2297,7895.8188,8047.5438,0.03361555,0.0342615,0.00168078,63.6720,71.2286,3.2736,143.0402,5.0692,3404.1435,43.6957,64.4793,63.5359,42.5677,43.0663,85.2079,124.7713,127.8119,154.8004,42.604,-41.336,2.967791,3.594466,1.478463,30,203,130,8,0.14604117,0.04201944,0.00608590,0E-8,0.000000,0.914292,0.640282,0.04207877,2026-03-23,2026-08-04,69,1947,1162,135,0.511111,1.014849,1.012680,0.486804,,,,,,,,GLOBAL_BASELINE_NO_ENTITY_RANKING,,,NOT_APPLICABLE_GLOBAL_BASELINE,HF9g-P5,,,,X 全窗基线 · 不参与实体赏罚,15050962,1506,A168_HF9F_20260827_0900,2026-08-27 09:00:00
2026-06-25,74657362,2167,0,170.4158145876,-127.8118609407,-127.8118609407,0E-7,4,4,0.49994810000000000,0.499948100000,-1.7318710300250217,-1.7318710300250217,-1.7318710300250217,0E-17,ELIGIBLE,R03b_20260811_FULL_v1,L1_ELIGIBILITY,v2026-08-11,2026-03-21..2026-08-06,baccarat_bet02_101_all_pairs_incl_sentinel,round_win = game_pnl > 0 (decisive only),COMPATIBILITY_ONLY_NOT_PRODUCTION,234885.8996,214754.2105,9869.7735,3689,3015,-0.04201944,-0.00608590,-0.04816467,-0.04201944,-9869.7735,234885.8996,OK,0.0000,394.7909,4.0000,96.0000,AG03-UNRESOLVED,ALL5_LEVELS_bet23_to_bet27,394.7909,394.7909,394.7909,394.7909,394.7909,4.000000,4.000000,4.000000,4.000000,4.000000,96.000000,96.000000,96.000000,96.000000,96.000000,5.0,1973.9547,1822.2297,7895.8188,8047.5438,PENDING_AG03,FALSE,NOT_FOR_ENFORCEMENT,9474.9825,206164.0421,9869.7735,9474.9825,394.7909,0.04201944,0.04033866,394.7909,9474.9825,0.04033866,394.7909,394.7909,394.7909,394.7909,394.7909,9474.9825,0.04033866,1973.9547,1822.2297,7895.8188,8047.5438,0.03361555,0.0342615,0.00168078,63.6720,71.2286,3.2736,143.0402,5.0692,3404.1435,43.6957,64.4793,63.5359,42.5677,43.0663,85.2079,124.7713,127.8119,154.8004,42.604,-41.336,2.967791,3.594466,1.478463,30,203,130,8,0.14604117,0.04201944,0.00608590,0E-8,0.000000,0.914292,0.640282,0.04207877,2026-03-23,2026-08-04,69,1947,1162,135,0.511111,1.014849,1.012680,0.486804,,,,,,,,GLOBAL_BASELINE_NO_ENTITY_RANKING,,,NOT_APPLICABLE_GLOBAL_BASELINE,HF9g-P5,,,,X 全窗基线 · 不参与实体赏罚,15050963,1506,A168_HF9F_20260827_0900,2026-08-27 09:00:00
2026-06-25,74657362,2170,0,85.2079072938,0E-10,0E-10,0.5000000,2,2,0.49324550000000000,0.493245500000,0.01910635448239258,0.01910635448239258,0.01910635448239258,0E-17,ELIGIBLE,R03b_20260811_FULL_v1,L1_ELIGIBILITY,v2026-08-11,2026-03-21..2026-08-06,baccarat_bet02_101_all_pairs_incl_sentinel,round_win = game_pnl > 0 (decisive only),COMPATIBILITY_ONLY_NOT_PRODUCTION,234885.8996,214754.2105,9869.7735,3689,3015,-0.04201944,-0.00608590,-0.04816467,-0.04201944,-9869.7735,234885.8996,OK,0.0000,394.7909,4.0000,96.0000,AG03-UNRESOLVED,ALL5_LEVELS_bet23_to_bet27,394.7909,394.7909,394.7909,394.7909,394.7909,4.000000,4.000000,4.000000,4.000000,4.000000,96.000000,96.000000,96.000000,96.000000,96.000000,5.0,1973.9547,1822.2297,7895.8188,8047.5438,PENDING_AG03,FALSE,NOT_FOR_ENFORCEMENT,9474.9825,206164.0421,9869.7735,9474.9825,394.7909,0.04201944,0.04033866,394.7909,9474.9825,0.04033866,394.7909,394.7909,394.7909,394.7909,394.7909,9474.9825,0.04033866,1973.9547,1822.2297,7895.8188,8047.5438,0.03361555,0.0342615,0.00168078,63.6720,71.2286,3.2736,143.0402,5.0692,3404.1435,43.6957,64.4793,63.5359,42.5677,43.0663,85.2079,124.7713,127.8119,154.8004,42.604,-41.336,2.967791,3.594466,1.478463,30,203,130,8,0.14604117,0.04201944,0.00608590,0E-8,0.000000,0.914292,0.640282,0.04207877,2026-03-23,2026-08-04,69,1947,1162,135,0.511111,1.014849,1.012680,0.486804,,,,,,,,GLOBAL_BASELINE_NO_ENTITY_RANKING,,,NOT_APPLICABLE_GLOBAL_BASELINE,HF9g-P5,,,,X 全窗基线 · 不参与实体赏罚,15050964,1506,A168_HF9F_20260827_0900,2026-08-27 09:00:00
2026-06-25,74657362,2175,0,127.8118609407,42.6039536469,42.6039536469,0.6666667,3,3,0.49324550000000000,0.493245500000,0.6008033672792107,0.6008033672792106,0.6008033672792107,0E-17,ELIGIBLE,R03b_20260811_FULL_v1,L1_ELIGIBILITY,v2026-08-11,2026-03-21..2026-08-06,baccarat_bet02_101_all_pairs_incl_sentinel,round_win = game_pnl > 0 (decisive only),COMPATIBILITY_ONLY_NOT_PRODUCTION,234885.8996,214754.2105,9869.7735,3689,3015,-0.04201944,-0.00608590,-0.04816467,-0.04201944,-9869.7735,234885.8996,OK,0.0000,394.7909,4.0000,96.0000,AG03-UNRESOLVED,ALL5_LEVELS_bet23_to_bet27,394.7909,394.7909,394.7909,394.7909,394.7909,4.000000,4.000000,4.000000,4.000000,4.000000,96.000000,96.000000,96.000000,96.000000,96.000000,5.0,1973.9547,1822.2297,7895.8188,8047.5438,PENDING_AG03,FALSE,NOT_FOR_ENFORCEMENT,9474.9825,206164.0421,9869.7735,9474.9825,394.7909,0.04201944,0.04033866,394.7909,9474.9825,0.04033866,394.7909,394.7909,394.7909,394.7909,394.7909,9474.9825,0.04033866,1973.9547,1822.2297,7895.8188,8047.5438,0.03361555,0.0342615,0.00168078,63.6720,71.2286,3.2736,143.0402,5.0692,3404.1435,43.6957,64.4793,63.5359,42.5677,43.0663,85.2079,124.7713,127.8119,154.8004,42.604,-41.336,2.967791,3.594466,1.478463,30,203,130,8,0.14604117,0.04201944,0.00608590,0E-8,0.000000,0.914292,0.640282,0.04207877,2026-03-23,2026-08-04,69,1947,1162,135,0.511111,1.014849,1.012680,0.486804,,,,,,,,GLOBAL_BASELINE_NO_ENTITY_RANKING,,,NOT_APPLICABLE_GLOBAL_BASELINE,HF9g-P5,,,,X 全窗基线 · 不参与实体赏罚,15050965,1506,A168_HF9F_20260827_0900,2026-08-27 09:00:00
2026-06-25,74657362,2213,0,724.2672119973,42.6039536469,42.6039536469,0.6666667,9,6,0.44331193750000000,0.386675775000,1.1013113378574908,1.4083188333713197,1.1013113378574908,0.05663616250000000,ELIGIBLE,R03b_20260811_FULL_v1,L1_ELIGIBILITY,v2026-08-11,2026-03-21..2026-08-06,baccarat_bet02_101_all_pairs_incl_sentinel,round_win = game_pnl > 0 (decisive only),COMPATIBILITY_ONLY_NOT_PRODUCTION,234885.8996,214754.2105,9869.7735,3689,3015,-0.04201944,-0.00608590,-0.04816467,-0.04201944,-9869.7735,234885.8996,OK,0.0000,394.7909,4.0000,96.0000,AG03-UNRESOLVED,ALL5_LEVELS_bet23_to_bet27,394.7909,394.7909,394.7909,394.7909,394.7909,4.000000,4.000000,4.000000,4.000000,4.000000,96.000000,96.000000,96.000000,96.000000,96.000000,5.0,1973.9547,1822.2297,7895.8188,8047.5438,PENDING_AG03,FALSE,NOT_FOR_ENFORCEMENT,9474.9825,206164.0421,9869.7735,9474.9825,394.7909,0.04201944,0.04033866,394.7909,9474.9825,0.04033866,394.7909,394.7909,394.7909,394.7909,394.7909,9474.9825,0.04033866,1973.9547,1822.2297,7895.8188,8047.5438,0.03361555,0.0342615,0.00168078,63.6720,71.2286,3.2736,143.0402,5.0692,3404.1435,43.6957,64.4793,63.5359,42.5677,43.0663,85.2079,124.7713,127.8119,154.8004,42.604,-41.336,2.967791,3.594466,1.478463,30,203,130,8,0.14604117,0.04201944,0.00608590,0E-8,0.000000,0.914292,0.640282,0.04207877,2026-03-23,2026-08-04,69,1947,1162,135,0.511111,1.014849,1.012680,0.486804,,,,,,,,GLOBAL_BASELINE_NO_ENTITY_RANKING,,,NOT_APPLICABLE_GLOBAL_BASELINE,HF9g-P5,,,,X 全窗基线 · 不参与实体赏罚,15050966,1506,A168_HF9F_20260827_0900,2026-08-27 09:00:00
2026-06-25,74657362,2216,0,127.8118609407,-42.6039536469,-42.6039536469,0.3333333,3,3,0.49771390000000000,0.497713900000,-0.5694369385616226,-0.5694369385616226,-0.5694369385616226,0E-17,ELIGIBLE,R03b_20260811_FULL_v1,L1_ELIGIBILITY,v2026-08-11,2026-03-21..2026-08-06,baccarat_bet02_101_all_pairs_incl_sentinel,round_win = game_pnl > 0 (decisive only),COMPATIBILITY_ONLY_NOT_PRODUCTION,234885.8996,214754.2105,9869.7735,3689,3015,-0.04201944,-0.00608590,-0.04816467,-0.04201944,-9869.7735,234885.8996,OK,0.0000,394.7909,4.0000,96.0000,AG03-UNRESOLVED,ALL5_LEVELS_bet23_to_bet27,394.7909,394.7909,394.7909,394.7909,394.7909,4.000000,4.000000,4.000000,4.000000,4.000000,96.000000,96.000000,96.000000,96.000000,96.000000,5.0,1973.9547,1822.2297,7895.8188,8047.5438,PENDING_AG03,FALSE,NOT_FOR_ENFORCEMENT,9474.9825,206164.0421,9869.7735,9474.9825,394.7909,0.04201944,0.04033866,394.7909,9474.9825,0.04033866,394.7909,394.7909,394.7909,394.7909,394.7909,9474.9825,0.04033866,1973.9547,1822.2297,7895.8188,8047.5438,0.03361555,0.0342615,0.00168078,63.6720,71.2286,3.2736,143.0402,5.0692,3404.1435,43.6957,64.4793,63.5359,42.5677,43.0663,85.2079,124.7713,127.8119,154.8004,42.604,-41.336,2.967791,3.594466,1.478463,30,203,130,8,0.14604117,0.04201944,0.00608590,0E-8,0.000000,0.914292,0.640282,0.04207877,2026-03-23,2026-08-04,69,1947,1162,135,0.511111,1.014849,1.012680,0.486804,,,,,,,,GLOBAL_BASELINE_NO_ENTITY_RANKING,,,NOT_APPLICABLE_GLOBAL_BASELINE,HF9g-P5,,,,X 全窗基线 · 不参与实体赏罚,15050967,1506,A168_HF9F_20260827_0900,2026-08-27 09:00:00
2026-06-25,74657362,2220,0,42.6039536469,42.6039536469,42.6039536469,1.0000000,1,1,0.49324550000000000,0.493245500000,1.01360149184955,1.01360149184955,1.01360149184955,0E-17,ELIGIBLE,R03b_20260811_FULL_v1,L1_ELIGIBILITY,v2026-08-11,2026-03-21..2026-08-06,baccarat_bet02_101_all_pairs_incl_sentinel,round_win = game_pnl > 0 (decisive only),COMPATIBILITY_ONLY_NOT_PRODUCTION,234885.8996,214754.2105,9869.7735,3689,3015,-0.04201944,-0.00608590,-0.04816467,-0.04201944,-9869.7735,234885.8996,OK,0.0000,394.7909,4.0000,96.0000,AG03-UNRESOLVED,ALL5_LEVELS_bet23_to_bet27,394.7909,394.7909,394.7909,394.7909,394.7909,4.000000,4.000000,4.000000,4.000000,4.000000,96.000000,96.000000,96.000000,96.000000,96.000000,5.0,1973.9547,1822.2297,7895.8188,8047.5438,PENDING_AG03,FALSE,NOT_FOR_ENFORCEMENT,9474.9825,206164.0421,9869.7735,9474.9825,394.7909,0.04201944,0.04033866,394.7909,9474.9825,0.04033866,394.7909,394.7909,394.7909,394.7909,394.7909,9474.9825,0.04033866,1973.9547,1822.2297,7895.8188,8047.5438,0.03361555,0.0342615,0.00168078,63.6720,71.2286,3.2736,143.0402,5.0692,3404.1435,43.6957,64.4793,63.5359,42.5677,43.0663,85.2079,124.7713,127.8119,154.8004,42.604,-41.336,2.967791,3.594466,1.478463,30,203,130,8,0.14604117,0.04201944,0.00608590,0E-8,0.000000,0.914292,0.640282,0.04207877,2026-03-23,2026-08-04,69,1947,1162,135,0.511111,1.014849,1.012680,0.486804,,,,,,,,GLOBAL_BASELINE_NO_ENTITY_RANKING,,,NOT_APPLICABLE_GLOBAL_BASELINE,HF9g-P5,,,,X 全窗基线 · 不参与实体赏罚,15050968,1506,A168_HF9F_20260827_0900,2026-08-27 09:00:00
2026-06-25,74657362,2224,0,42.6039536469,42.6039536469,42.6039536469,1.0000000,1,1,0.49324550000000000,0.493245500000,1.01360149184955,1.01360149184955,1.01360149184955,0E-17,ELIGIBLE,R03b_20260811_FULL_v1,L1_ELIGIBILITY,v2026-08-11,2026-03-21..2026-08-06,baccarat_bet02_101_all_pairs_incl_sentinel,round_win = game_pnl > 0 (decisive only),COMPATIBILITY_ONLY_NOT_PRODUCTION,234885.8996,214754.2105,9869.7735,3689,3015,-0.04201944,-0.00608590,-0.04816467,-0.04201944,-9869.7735,234885.8996,OK,0.0000,394.7909,4.0000,96.0000,AG03-UNRESOLVED,ALL5_LEVELS_bet23_to_bet27,394.7909,394.7909,394.7909,394.7909,394.7909,4.000000,4.000000,4.000000,4.000000,4.000000,96.000000,96.000000,96.000000,96.000000,96.000000,5.0,1973.9547,1822.2297,7895.8188,8047.5438,PENDING_AG03,FALSE,NOT_FOR_ENFORCEMENT,9474.9825,206164.0421,9869.7735,9474.9825,394.7909,0.04201944,0.04033866,394.7909,9474.9825,0.04033866,394.7909,394.7909,394.7909,394.7909,394.7909,9474.9825,0.04033866,1973.9547,1822.2297,7895.8188,8047.5438,0.03361555,0.0342615,0.00168078,63.6720,71.2286,3.2736,143.0402,5.0692,3404.1435,43.6957,64.4793,63.5359,42.5677,43.0663,85.2079,124.7713,127.8119,154.8004,42.604,-41.336,2.967791,3.594466,1.478463,30,203,130,8,0.14604117,0.04201944,0.00608590,0E-8,0.000000,0.914292,0.640282,0.04207877,2026-03-23,2026-08-04,69,1947,1162,135,0.511111,1.014849,1.012680,0.486804,,,,,,,,GLOBAL_BASELINE_NO_ENTITY_RANKING,,,NOT_APPLICABLE_GLOBAL_BASELINE,HF9g-P5,,,,X 全窗基线 · 不参与实体赏罚,15050969,1506,A168_HF9F_20260827_0900,2026-08-27 09:00:00
2026-06-25,74657362,2235,0,127.8118609407,-42.6039536469,-42.6039536469,0.3333333,3,3,0.49324550000000000,0.493245500000,-0.5540025479526107,-0.5540025479526106,-0.5540025479526107,0E-17,ELIGIBLE,R03b_20260811_FULL_v1,L1_ELIGIBILITY,v2026-08-11,2026-03-21..2026-08-06,baccarat_bet02_101_all_pairs_incl_sentinel,round_win = game_pnl > 0 (decisive only),COMPATIBILITY_ONLY_NOT_PRODUCTION,234885.8996,214754.2105,9869.7735,3689,3015,-0.04201944,-0.00608590,-0.04816467,-0.04201944,-9869.7735,234885.8996,OK,0.0000,394.7909,4.0000,96.0000,AG03-UNRESOLVED,ALL5_LEVELS_bet23_to_bet27,394.7909,394.7909,394.7909,394.7909,394.7909,4.000000,4.000000,4.000000,4.000000,4.000000,96.000000,96.000000,96.000000,96.000000,96.000000,5.0,1973.9547,1822.2297,7895.8188,8047.5438,PENDING_AG03,FALSE,NOT_FOR_ENFORCEMENT,9474.9825,206164.0421,9869.7735,9474.9825,394.7909,0.04201944,0.04033866,394.7909,9474.9825,0.04033866,394.7909,394.7909,394.7909,394.7909,394.7909,9474.9825,0.04033866,1973.9547,1822.2297,7895.8188,8047.5438,0.03361555,0.0342615,0.00168078,63.6720,71.2286,3.2736,143.0402,5.0692,3404.1435,43.6957,64.4793,63.5359,42.5677,43.0663,85.2079,124.7713,127.8119,154.8004,42.604,-41.336,2.967791,3.594466,1.478463,30,203,130,8,0.14604117,0.04201944,0.00608590,0E-8,0.000000,0.914292,0.640282,0.04207877,2026-03-23,2026-08-04,69,1947,1162,135,0.511111,1.014849,1.012680,0.486804,,,,,,,,GLOBAL_BASELINE_NO_ENTITY_RANKING,,,NOT_APPLICABLE_GLOBAL_BASELINE,HF9g-P5,,,,X 全窗基线 · 不参与实体赏罚,15050970,1506,A168_HF9F_20260827_0900,2026-08-27 09:00:00
2026-06-25,74657362,2241,0,42.6039536469,42.6039536469,42.6039536469,1.0000000,1,1,0.49324550000000000,0.493245500000,1.01360149184955,1.01360149184955,1.01360149184955,0E-17,ELIGIBLE,R03b_20260811_FULL_v1,L1_ELIGIBILITY,v2026-08-11,2026-03-21..2026-08-06,baccarat_bet02_101_all_pairs_incl_sentinel,round_win = game_pnl > 0 (decisive only),COMPATIBILITY_ONLY_NOT_PRODUCTION,234885.8996,214754.2105,9869.7735,3689,3015,-0.04201944,-0.00608590,-0.04816467,-0.04201944,-9869.7735,234885.8996,OK,0.0000,394.7909,4.0000,96.0000,AG03-UNRESOLVED,ALL5_LEVELS_bet23_to_bet27,394.7909,394.7909,394.7909,394.7909,394.7909,4.000000,4.000000,4.000000,4.000000,4.000000,96.000000,96.000000,96.000000,96.000000,96.000000,5.0,1973.9547,1822.2297,7895.8188,8047.5438,PENDING_AG03,FALSE,NOT_FOR_ENFORCEMENT,9474.9825,206164.0421,9869.7735,9474.9825,394.7909,0.04201944,0.04033866,394.7909,9474.9825,0.04033866,394.7909,394.7909,394.7909,394.7909,394.7909,9474.9825,0.04033866,1973.9547,1822.2297,7895.8188,8047.5438,0.03361555,0.0342615,0.00168078,63.6720,71.2286,3.2736,143.0402,5.0692,3404.1435,43.6957,64.4793,63.5359,42.5677,43.0663,85.2079,124.7713,127.8119,154.8004,42.604,-41.336,2.967791,3.594466,1.478463,30,203,130,8,0.14604117,0.04201944,0.00608590,0E-8,0.000000,0.914292,0.640282,0.04207877,2026-03-23,2026-08-04,69,1947,1162,135,0.511111,1.014849,1.012680,0.486804,,,,,,,,GLOBAL_BASELINE_NO_ENTITY_RANKING,,,NOT_APPLICABLE_GLOBAL_BASELINE,HF9g-P5,,,,X 全窗基线 · 不参与实体赏罚,15050971,1506,A168_HF9F_20260827_0900,2026-08-27 09:00:00
2026-06-25,74657362,2250,0,42.6039536469,42.6039536469,42.6039536469,1.0000000,1,1,0.49324550000000000,0.493245500000,1.01360149184955,1.01360149184955,1.01360149184955,0E-17,ELIGIBLE,R03b_20260811_FULL_v1,L1_ELIGIBILITY,v2026-08-11,2026-03-21..2026-08-06,baccarat_bet02_101_all_pairs_incl_sentinel,round_win = game_pnl > 0 (decisive only),COMPATIBILITY_ONLY_NOT_PRODUCTION,234885.8996,214754.2105,9869.7735,3689,3015,-0.04201944,-0.00608590,-0.04816467,-0.04201944,-9869.7735,234885.8996,OK,0.0000,394.7909,4.0000,96.0000,AG03-UNRESOLVED,ALL5_LEVELS_bet23_to_bet27,394.7909,394.7909,394.7909,394.7909,394.7909,4.000000,4.000000,4.000000,4.000000,4.000000,96.000000,96.000000,96.000000,96.000000,96.000000,5.0,1973.9547,1822.2297,7895.8188,8047.5438,PENDING_AG03,FALSE,NOT_FOR_ENFORCEMENT,9474.9825,206164.0421,9869.7735,9474.9825,394.7909,0.04201944,0.04033866,394.7909,9474.9825,0.04033866,394.7909,394.7909,394.7909,394.7909,394.7909,9474.9825,0.04033866,1973.9547,1822.2297,7895.8188,8047.5438,0.03361555,0.0342615,0.00168078,63.6720,71.2286,3.2736,143.0402,5.0692,3404.1435,43.6957,64.4793,63.5359,42.5677,43.0663,85.2079,124.7713,127.8119,154.8004,42.604,-41.336,2.967791,3.594466,1.478463,30,203,130,8,0.14604117,0.04201944,0.00608590,0E-8,0.000000,0.914292,0.640282,0.04207877,2026-03-23,2026-08-04,69,1947,1162,135,0.511111,1.014849,1.012680,0.486804,,,,,,,,GLOBAL_BASELINE_NO_ENTITY_RANKING,,,NOT_APPLICABLE_GLOBAL_BASELINE,HF9g-P5,,,,X 全窗基线 · 不参与实体赏罚,15050972,1506,A168_HF9F_20260827_0900,2026-08-27 09:00:00
2026-06-25,74657362,2267,0,42.6039536469,42.6039536469,42.6039536469,1.0000000,1,1,0.49324550000000000,0.493245500000,1.01360149184955,1.01360149184955,1.01360149184955,0E-17,ELIGIBLE,R03b_20260811_FULL_v1,L1_ELIGIBILITY,v2026-08-11,2026-03-21..2026-08-06,baccarat_bet02_101_all_pairs_incl_sentinel,round_win = game_pnl > 0 (decisive only),COMPATIBILITY_ONLY_NOT_PRODUCTION,234885.8996,214754.2105,9869.7735,3689,3015,-0.04201944,-0.00608590,-0.04816467,-0.04201944,-9869.7735,234885.8996,OK,0.0000,394.7909,4.0000,96.0000,AG03-UNRESOLVED,ALL5_LEVELS_bet23_to_bet27,394.7909,394.7909,394.7909,394.7909,394.7909,4.000000,4.000000,4.000000,4.000000,4.000000,96.000000,96.000000,96.000000,96.000000,96.000000,5.0,1973.9547,1822.2297,7895.8188,8047.5438,PENDING_AG03,FALSE,NOT_FOR_ENFORCEMENT,9474.9825,206164.0421,9869.7735,9474.9825,394.7909,0.04201944,0.04033866,394.7909,9474.9825,0.04033866,394.7909,394.7909,394.7909,394.7909,394.7909,9474.9825,0.04033866,1973.9547,1822.2297,7895.8188,8047.5438,0.03361555,0.0342615,0.00168078,63.6720,71.2286,3.2736,143.0402,5.0692,3404.1435,43.6957,64.4793,63.5359,42.5677,43.0663,85.2079,124.7713,127.8119,154.8004,42.604,-41.336,2.967791,3.594466,1.478463,30,203,130,8,0.14604117,0.04201944,0.00608590,0E-8,0.000000,0.914292,0.640282,0.04207877,2026-03-23,2026-08-04,69,1947,1162,135,0.511111,1.014849,1.012680,0.486804,,,,,,,,GLOBAL_BASELINE_NO_ENTITY_RANKING,,,NOT_APPLICABLE_GLOBAL_BASELINE,HF9g-P5,,,,X 全窗基线 · 不参与实体赏罚,15050973,1506,A168_HF9F_20260827_0900,2026-08-27 09:00:00
2026-06-25,74657362,2276,0,85.2079072938,-42.6039536469,-42.6039536469,0E-7,2,2,0.49324550000000000,0.493245500000,-0.9865810262130424,-0.9865810262130424,-0.9865810262130424,0E-17,ELIGIBLE,R03b_20260811_FULL_v1,L1_ELIGIBILITY,v2026-08-11,2026-03-21..2026-08-06,baccarat_bet02_101_all_pairs_incl_sentinel,round_win = game_pnl > 0 (decisive only),COMPATIBILITY_ONLY_NOT_PRODUCTION,234885.8996,214754.2105,9869.7735,3689,3015,-0.04201944,-0.00608590,-0.04816467,-0.04201944,-9869.7735,234885.8996,OK,0.0000,394.7909,4.0000,96.0000,AG03-UNRESOLVED,ALL5_LEVELS_bet23_to_bet27,394.7909,394.7909,394.7909,394.7909,394.7909,4.000000,4.000000,4.000000,4.000000,4.000000,96.000000,96.000000,96.000000,96.000000,96.000000,5.0,1973.9547,1822.2297,7895.8188,8047.5438,PENDING_AG03,FALSE,NOT_FOR_ENFORCEMENT,9474.9825,206164.0421,9869.7735,9474.9825,394.7909,0.04201944,0.04033866,394.7909,9474.9825,0.04033866,394.7909,394.7909,394.7909,394.7909,394.7909,9474.9825,0.04033866,1973.9547,1822.2297,7895.8188,8047.5438,0.03361555,0.0342615,0.00168078,63.6720,71.2286,3.2736,143.0402,5.0692,3404.1435,43.6957,64.4793,63.5359,42.5677,43.0663,85.2079,124.7713,127.8119,154.8004,42.604,-41.336,2.967791,3.594466,1.478463,30,203,130,8,0.14604117,0.04201944,0.00608590,0E-8,0.000000,0.914292,0.640282,0.04207877,2026-03-23,2026-08-04,69,1947,1162,135,0.511111,1.014849,1.012680,0.486804,,,,,,,,GLOBAL_BASELINE_NO_ENTITY_RANKING,,,NOT_APPLICABLE_GLOBAL_BASELINE,HF9g-P5,,,,X 全窗基线 · 不参与实体赏罚,15050974,1506,A168_HF9F_20260827_0900,2026-08-27 09:00:00
2026-06-25,74657362,2281,0,553.8513974097,-127.8118609407,-127.8118609407,0.5000000,9,8,0.48243775937500000,0.468278718750,0.09940837594256985,0.17980488310205012,0.09940837594256985,0.01415904062500000,ELIGIBLE,R03b_20260811_FULL_v1,L1_ELIGIBILITY,v2026-08-11,2026-03-21..2026-08-06,baccarat_bet02_101_all_pairs_incl_sentinel,round_win = game_pnl > 0 (decisive only),COMPATIBILITY_ONLY_NOT_PRODUCTION,234885.8996,214754.2105,9869.7735,3689,3015,-0.04201944,-0.00608590,-0.04816467,-0.04201944,-9869.7735,234885.8996,OK,0.0000,394.7909,4.0000,96.0000,AG03-UNRESOLVED,ALL5_LEVELS_bet23_to_bet27,394.7909,394.7909,394.7909,394.7909,394.7909,4.000000,4.000000,4.000000,4.000000,4.000000,96.000000,96.000000,96.000000,96.000000,96.000000,5.0,1973.9547,1822.2297,7895.8188,8047.5438,PENDING_AG03,FALSE,NOT_FOR_ENFORCEMENT,9474.9825,206164.0421,9869.7735,9474.9825,394.7909,0.04201944,0.04033866,394.7909,9474.9825,0.04033866,394.7909,394.7909,394.7909,394.7909,394.7909,9474.9825,0.04033866,1973.9547,1822.2297,7895.8188,8047.5438,0.03361555,0.0342615,0.00168078,63.6720,71.2286,3.2736,143.0402,5.0692,3404.1435,43.6957,64.4793,63.5359,42.5677,43.0663,85.2079,124.7713,127.8119,154.8004,42.604,-41.336,2.967791,3.594466,1.478463,30,203,130,8,0.14604117,0.04201944,0.00608590,0E-8,0.000000,0.914292,0.640282,0.04207877,2026-03-23,2026-08-04,69,1947,1162,135,0.511111,1.014849,1.012680,0.486804,,,,,,,,GLOBAL_BASELINE_NO_ENTITY_RANKING,,,NOT_APPLICABLE_GLOBAL_BASELINE,HF9g-P5,,,,X 全窗基线 · 不参与实体赏罚,15050975,1506,A168_HF9F_20260827_0900,2026-08-27 09:00:00
2026-06-25,74657362,462,0,85.2079072938,0E-10,0E-10,0.5000000,2,2,0.49324550000000000,0.493245500000,0.01910635448239258,0.01910635448239258,0.01910635448239258,0E-17,ELIGIBLE,R03b_20260811_FULL_v1,L1_ELIGIBILITY,v2026-08-11,2026-03-21..2026-08-06,baccarat_bet02_101_all_pairs_incl_sentinel,round_win = game_pnl > 0 (decisive only),COMPATIBILITY_ONLY_NOT_PRODUCTION,234885.8996,214754.2105,9869.7735,3689,3015,-0.04201944,-0.00608590,-0.04816467,-0.04201944,-9869.7735,234885.8996,OK,0.0000,394.7909,4.0000,96.0000,AG03-UNRESOLVED,ALL5_LEVELS_bet23_to_bet27,394.7909,394.7909,394.7909,394.7909,394.7909,4.000000,4.000000,4.000000,4.000000,4.000000,96.000000,96.000000,96.000000,96.000000,96.000000,5.0,1973.9547,1822.2297,7895.8188,8047.5438,PENDING_AG03,FALSE,NOT_FOR_ENFORCEMENT,9474.9825,206164.0421,9869.7735,9474.9825,394.7909,0.04201944,0.04033866,394.7909,9474.9825,0.04033866,394.7909,394.7909,394.7909,394.7909,394.7909,9474.9825,0.04033866,1973.9547,1822.2297,7895.8188,8047.5438,0.03361555,0.0342615,0.00168078,63.6720,71.2286,3.2736,143.0402,5.0692,3404.1435,43.6957,64.4793,63.5359,42.5677,43.0663,85.2079,124.7713,127.8119,154.8004,42.604,-41.336,2.967791,3.594466,1.478463,30,203,130,8,0.14604117,0.04201944,0.00608590,0E-8,0.000000,0.914292,0.640282,0.04207877,2026-03-23,2026-08-04,69,1947,1162,135,0.511111,1.014849,1.012680,0.486804,,,,,,,,GLOBAL_BASELINE_NO_ENTITY_RANKING,,,NOT_APPLICABLE_GLOBAL_BASELINE,HF9g-P5,,,,X 全窗基线 · 不参与实体赏罚,15050976,1506,A168_HF9F_20260827_0900,2026-08-27 09:00:00
2026-06-25,74657362,550,0,170.4158145876,85.2079072938,85.2079072938,1.0000000,2,1,0.39337837500000000,0.280106050000,1.2418058546638626,1.6031457840727341,1.2418058546638626,0.11327232500000000,ELIGIBLE,R03b_20260811_FULL_v1,L1_ELIGIBILITY,v2026-08-11,2026-03-21..2026-08-06,baccarat_bet02_101_all_pairs_incl_sentinel,round_win = game_pnl > 0 (decisive only),COMPATIBILITY_ONLY_NOT_PRODUCTION,234885.8996,214754.2105,9869.7735,3689,3015,-0.04201944,-0.00608590,-0.04816467,-0.04201944,-9869.7735,234885.8996,OK,0.0000,394.7909,4.0000,96.0000,AG03-UNRESOLVED,ALL5_LEVELS_bet23_to_bet27,394.7909,394.7909,394.7909,394.7909,394.7909,4.000000,4.000000,4.000000,4.000000,4.000000,96.000000,96.000000,96.000000,96.000000,96.000000,5.0,1973.9547,1822.2297,7895.8188,8047.5438,PENDING_AG03,FALSE,NOT_FOR_ENFORCEMENT,9474.9825,206164.0421,9869.7735,9474.9825,394.7909,0.04201944,0.04033866,394.7909,9474.9825,0.04033866,394.7909,394.7909,394.7909,394.7909,394.7909,9474.9825,0.04033866,1973.9547,1822.2297,7895.8188,8047.5438,0.03361555,0.0342615,0.00168078,63.6720,71.2286,3.2736,143.0402,5.0692,3404.1435,43.6957,64.4793,63.5359,42.5677,43.0663,85.2079,124.7713,127.8119,154.8004,42.604,-41.336,2.967791,3.594466,1.478463,30,203,130,8,0.14604117,0.04201944,0.00608590,0E-8,0.000000,0.914292,0.640282,0.04207877,2026-03-23,2026-08-04,69,1947,1162,135,0.511111,1.014849,1.012680,0.486804,,,,,,,,GLOBAL_BASELINE_NO_ENTITY_RANKING,,,NOT_APPLICABLE_GLOBAL_BASELINE,HF9g-P5,,,,X 全窗基线 · 不参与实体赏罚,15050977,1506,A168_HF9F_20260827_0900,2026-08-27 09:00:00
2026-06-25,74657362,583,0,42.6039536469,-42.6039536469,-42.6039536469,0E-7,1,1,0.49324550000000000,0.493245500000,-0.9865810262130424,-0.9865810262130424,-0.9865810262130424,0E-17,ELIGIBLE,R03b_20260811_FULL_v1,L1_ELIGIBILITY,v2026-08-11,2026-03-21..2026-08-06,baccarat_bet02_101_all_pairs_incl_sentinel,round_win = game_pnl > 0 (decisive only),COMPATIBILITY_ONLY_NOT_PRODUCTION,234885.8996,214754.2105,9869.7735,3689,3015,-0.04201944,-0.00608590,-0.04816467,-0.04201944,-9869.7735,234885.8996,OK,0.0000,394.7909,4.0000,96.0000,AG03-UNRESOLVED,ALL5_LEVELS_bet23_to_bet27,394.7909,394.7909,394.7909,394.7909,394.7909,4.000000,4.000000,4.000000,4.000000,4.000000,96.000000,96.000000,96.000000,96.000000,96.000000,5.0,1973.9547,1822.2297,7895.8188,8047.5438,PENDING_AG03,FALSE,NOT_FOR_ENFORCEMENT,9474.9825,206164.0421,9869.7735,9474.9825,394.7909,0.04201944,0.04033866,394.7909,9474.9825,0.04033866,394.7909,394.7909,394.7909,394.7909,394.7909,9474.9825,0.04033866,1973.9547,1822.2297,7895.8188,8047.5438,0.03361555,0.0342615,0.00168078,63.6720,71.2286,3.2736,143.0402,5.0692,3404.1435,43.6957,64.4793,63.5359,42.5677,43.0663,85.2079,124.7713,127.8119,154.8004,42.604,-41.336,2.967791,3.594466,1.478463,30,203,130,8,0.14604117,0.04201944,0.00608590,0E-8,0.000000,0.914292,0.640282,0.04207877,2026-03-23,2026-08-04,69,1947,1162,135,0.511111,1.014849,1.012680,0.486804,,,,,,,,GLOBAL_BASELINE_NO_ENTITY_RANKING,,,NOT_APPLICABLE_GLOBAL_BASELINE,HF9g-P5,,,,X 全窗基线 · 不参与实体赏罚,15050978,1506,A168_HF9F_20260827_0900,2026-08-27 09:00:00
2026-06-25,74657362,595,0,85.2079072938,-85.2079072938,-85.2079072938,0E-7,1,1,0.49324550000000000,0.493245500000,-0.9865810262130424,-0.9865810262130424,-0.9865810262130424,0E-17,ELIGIBLE,R03b_20260811_FULL_v1,L1_ELIGIBILITY,v2026-08-11,2026-03-21..2026-08-06,baccarat_bet02_101_all_pairs_incl_sentinel,round_win = game_pnl > 0 (decisive only),COMPATIBILITY_ONLY_NOT_PRODUCTION,234885.8996,214754.2105,9869.7735,3689,3015,-0.04201944,-0.00608590,-0.04816467,-0.04201944,-9869.7735,234885.8996,OK,0.0000,394.7909,4.0000,96.0000,AG03-UNRESOLVED,ALL5_LEVELS_bet23_to_bet27,394.7909,394.7909,394.7909,394.7909,394.7909,4.000000,4.000000,4.000000,4.000000,4.000000,96.000000,96.000000,96.000000,96.000000,96.000000,5.0,1973.9547,1822.2297,7895.8188,8047.5438,PENDING_AG03,FALSE,NOT_FOR_ENFORCEMENT,9474.9825,206164.0421,9869.7735,9474.9825,394.7909,0.04201944,0.04033866,394.7909,9474.9825,0.04033866,394.7909,394.7909,394.7909,394.7909,394.7909,9474.9825,0.04033866,1973.9547,1822.2297,7895.8188,8047.5438,0.03361555,0.0342615,0.00168078,63.6720,71.2286,3.2736,143.0402,5.0692,3404.1435,43.6957,64.4793,63.5359,42.5677,43.0663,85.2079,124.7713,127.8119,154.8004,42.604,-41.336,2.967791,3.594466,1.478463,30,203,130,8,0.14604117,0.04201944,0.00608590,0E-8,0.000000,0.914292,0.640282,0.04207877,2026-03-23,2026-08-04,69,1947,1162,135,0.511111,1.014849,1.012680,0.486804,,,,,,,,GLOBAL_BASELINE_NO_ENTITY_RANKING,,,NOT_APPLICABLE_GLOBAL_BASELINE,HF9g-P5,,,,X 全窗基线 · 不参与实体赏罚,15050979,1506,A168_HF9F_20260827_0900,2026-08-27 09:00:00
2026-06-25,74657362,763,0,85.2079072938,0E-10,0E-10,0.5000000,2,2,0.49324550000000000,0.493245500000,0.01910635448239258,0.01910635448239258,0.01910635448239258,0E-17,ELIGIBLE,R03b_20260811_FULL_v1,L1_ELIGIBILITY,v2026-08-11,2026-03-21..2026-08-06,baccarat_bet02_101_all_pairs_incl_sentinel,round_win = game_pnl > 0 (decisive only),COMPATIBILITY_ONLY_NOT_PRODUCTION,234885.8996,214754.2105,9869.7735,3689,3015,-0.04201944,-0.00608590,-0.04816467,-0.04201944,-9869.7735,234885.8996,OK,0.0000,394.7909,4.0000,96.0000,AG03-UNRESOLVED,ALL5_LEVELS_bet23_to_bet27,394.7909,394.7909,394.7909,394.7909,394.7909,4.000000,4.000000,4.000000,4.000000,4.000000,96.000000,96.000000,96.000000,96.000000,96.000000,5.0,1973.9547,1822.2297,7895.8188,8047.5438,PENDING_AG03,FALSE,NOT_FOR_ENFORCEMENT,9474.9825,206164.0421,9869.7735,9474.9825,394.7909,0.04201944,0.04033866,394.7909,9474.9825,0.04033866,394.7909,394.7909,394.7909,394.7909,394.7909,9474.9825,0.04033866,1973.9547,1822.2297,7895.8188,8047.5438,0.03361555,0.0342615,0.00168078,63.6720,71.2286,3.2736,143.0402,5.0692,3404.1435,43.6957,64.4793,63.5359,42.5677,43.0663,85.2079,124.7713,127.8119,154.8004,42.604,-41.336,2.967791,3.594466,1.478463,30,203,130,8,0.14604117,0.04201944,0.00608590,0E-8,0.000000,0.914292,0.640282,0.04207877,2026-03-23,2026-08-04,69,1947,1162,135,0.511111,1.014849,1.012680,0.486804,,,,,,,,GLOBAL_BASELINE_NO_ENTITY_RANKING,,,NOT_APPLICABLE_GLOBAL_BASELINE,HF9g-P5,,,,X 全窗基线 · 不参与实体赏罚,15050980,1506,A168_HF9F_20260827_0900,2026-08-27 09:00:00
2026-06-25,74657362,789,0,85.2079072938,85.2079072938,85.2079072938,1.0000000,2,2,0.49324550000000000,0.493245500000,1.4334489766152358,1.4334489766152358,1.4334489766152358,0E-17,ELIGIBLE,R03b_20260811_FULL_v1,L1_ELIGIBILITY,v2026-08-11,2026-03-21..2026-08-06,baccarat_bet02_101_all_pairs_incl_sentinel,round_win = game_pnl > 0 (decisive only),COMPATIBILITY_ONLY_NOT_PRODUCTION,234885.8996,214754.2105,9869.7735,3689,3015,-0.04201944,-0.00608590,-0.04816467,-0.04201944,-9869.7735,234885.8996,OK,0.0000,394.7909,4.0000,96.0000,AG03-UNRESOLVED,ALL5_LEVELS_bet23_to_bet27,394.7909,394.7909,394.7909,394.7909,394.7909,4.000000,4.000000,4.000000,4.000000,4.000000,96.000000,96.000000,96.000000,96.000000,96.000000,5.0,1973.9547,1822.2297,7895.8188,8047.5438,PENDING_AG03,FALSE,NOT_FOR_ENFORCEMENT,9474.9825,206164.0421,9869.7735,9474.9825,394.7909,0.04201944,0.04033866,394.7909,9474.9825,0.04033866,394.7909,394.7909,394.7909,394.7909,394.7909,9474.9825,0.04033866,1973.9547,1822.2297,7895.8188,8047.5438,0.03361555,0.0342615,0.00168078,63.6720,71.2286,3.2736,143.0402,5.0692,3404.1435,43.6957,64.4793,63.5359,42.5677,43.0663,85.2079,124.7713,127.8119,154.8004,42.604,-41.336,2.967791,3.594466,1.478463,30,203,130,8,0.14604117,0.04201944,0.00608590,0E-8,0.000000,0.914292,0.640282,0.04207877,2026-03-23,2026-08-04,69,1947,1162,135,0.511111,1.014849,1.012680,0.486804,,,,,,,,GLOBAL_BASELINE_NO_ENTITY_RANKING,,,NOT_APPLICABLE_GLOBAL_BASELINE,HF9g-P5,,,,X 全窗基线 · 不参与实体赏罚,15050981,1506,A168_HF9F_20260827_0900,2026-08-27 09:00:00
2026-06-25,74657362,970,0,127.8118609407,-127.8118609407,-127.8118609407,0E-7,2,2,0.49324550000000000,0.493245500000,-1.3952362676504506,-1.3952362676504506,-1.3952362676504506,0E-17,ELIGIBLE,R03b_20260811_FULL_v1,L1_ELIGIBILITY,v2026-08-11,2026-03-21..2026-08-06,baccarat_bet02_101_all_pairs_incl_sentinel,round_win = game_pnl > 0 (decisive only),COMPATIBILITY_ONLY_NOT_PRODUCTION,234885.8996,214754.2105,9869.7735,3689,3015,-0.04201944,-0.00608590,-0.04816467,-0.04201944,-9869.7735,234885.8996,OK,0.0000,394.7909,4.0000,96.0000,AG03-UNRESOLVED,ALL5_LEVELS_bet23_to_bet27,394.7909,394.7909,394.7909,394.7909,394.7909,4.000000,4.000000,4.000000,4.000000,4.000000,96.000000,96.000000,96.000000,96.000000,96.000000,5.0,1973.9547,1822.2297,7895.8188,8047.5438,PENDING_AG03,FALSE,NOT_FOR_ENFORCEMENT,9474.9825,206164.0421,9869.7735,9474.9825,394.7909,0.04201944,0.04033866,394.7909,9474.9825,0.04033866,394.7909,394.7909,394.7909,394.7909,394.7909,9474.9825,0.04033866,1973.9547,1822.2297,7895.8188,8047.5438,0.03361555,0.0342615,0.00168078,63.6720,71.2286,3.2736,143.0402,5.0692,3404.1435,43.6957,64.4793,63.5359,42.5677,43.0663,85.2079,124.7713,127.8119,154.8004,42.604,-41.336,2.967791,3.594466,1.478463,30,203,130,8,0.14604117,0.04201944,0.00608590,0E-8,0.000000,0.914292,0.640282,0.04207877,2026-03-23,2026-08-04,69,1947,1162,135,0.511111,1.014849,1.012680,0.486804,,,,,,,,GLOBAL_BASELINE_NO_ENTITY_RANKING,,,NOT_APPLICABLE_GLOBAL_BASELINE,HF9g-P5,,,,X 全窗基线 · 不参与实体赏罚,15050982,1506,A168_HF9F_20260827_0900,2026-08-27 09:00:00
2026-06-25,74657362,994,0,170.4158145876,-42.6039536469,-42.6039536469,0.3333333,4,4,0.49324550000000000,0.493245500000,-0.5540025479526107,-0.5540025479526106,-0.5540025479526107,0E-17,ELIGIBLE,R03b_20260811_FULL_v1,L1_ELIGIBILITY,v2026-08-11,2026-03-21..2026-08-06,baccarat_bet02_101_all_pairs_incl_sentinel,round_win = game_pnl > 0 (decisive only),COMPATIBILITY_ONLY_NOT_PRODUCTION,234885.8996,214754.2105,9869.7735,3689,3015,-0.04201944,-0.00608590,-0.04816467,-0.04201944,-9869.7735,234885.8996,OK,0.0000,394.7909,4.0000,96.0000,AG03-UNRESOLVED,ALL5_LEVELS_bet23_to_bet27,394.7909,394.7909,394.7909,394.7909,394.7909,4.000000,4.000000,4.000000,4.000000,4.000000,96.000000,96.000000,96.000000,96.000000,96.000000,5.0,1973.9547,1822.2297,7895.8188,8047.5438,PENDING_AG03,FALSE,NOT_FOR_ENFORCEMENT,9474.9825,206164.0421,9869.7735,9474.9825,394.7909,0.04201944,0.04033866,394.7909,9474.9825,0.04033866,394.7909,394.7909,394.7909,394.7909,394.7909,9474.9825,0.04033866,1973.9547,1822.2297,7895.8188,8047.5438,0.03361555,0.0342615,0.00168078,63.6720,71.2286,3.2736,143.0402,5.0692,3404.1435,43.6957,64.4793,63.5359,42.5677,43.0663,85.2079,124.7713,127.8119,154.8004,42.604,-41.336,2.967791,3.594466,1.478463,30,203,130,8,0.14604117,0.04201944,0.00608590,0E-8,0.000000,0.914292,0.640282,0.04207877,2026-03-23,2026-08-04,69,1947,1162,135,0.511111,1.014849,1.012680,0.486804,,,,,,,,GLOBAL_BASELINE_NO_ENTITY_RANKING,,,NOT_APPLICABLE_GLOBAL_BASELINE,HF9g-P5,,,,X 全窗基线 · 不参与实体赏罚,15050983,1506,A168_HF9F_20260827_0900,2026-08-27 09:00:00
2026-06-30,74657362,-1,1,645.4832806522,-103.1442355682,-103.1442355682,0.6000000,8,5,0.42577373666666667,0.365361830000,0.7878937656040714,1.089579650512198,0.7878937656040714,0.06041190666666667,SENTINEL_DEALER,R03b_20260811_FULL_v1,L1_ELIGIBILITY,v2026-08-11,2026-03-21..2026-08-06,baccarat_bet02_101_all_pairs_incl_sentinel,round_win = game_pnl > 0 (decisive only),COMPATIBILITY_ONLY_NOT_PRODUCTION,234885.8996,214754.2105,9869.7735,3689,3015,-0.04201944,-0.00608590,-0.04816467,-0.04201944,-9869.7735,234885.8996,OK,0.0000,394.7909,4.0000,96.0000,AG03-UNRESOLVED,ALL5_LEVELS_bet23_to_bet27,394.7909,394.7909,394.7909,394.7909,394.7909,4.000000,4.000000,4.000000,4.000000,4.000000,96.000000,96.000000,96.000000,96.000000,96.000000,5.0,1973.9547,1822.2297,7895.8188,8047.5438,PENDING_AG03,FALSE,NOT_FOR_ENFORCEMENT,9474.9825,206164.0421,9869.7735,9474.9825,394.7909,0.04201944,0.04033866,394.7909,9474.9825,0.04033866,394.7909,394.7909,394.7909,394.7909,394.7909,9474.9825,0.04033866,1973.9547,1822.2297,7895.8188,8047.5438,0.03361555,0.0342615,0.00168078,63.6720,71.2286,3.2736,143.0402,5.0692,3404.1435,43.6957,64.4793,63.5359,42.5677,43.0663,85.2079,124.7713,127.8119,154.8004,42.604,-41.336,2.967791,3.594466,1.478463,30,203,130,8,0.14604117,0.04201944,0.00608590,0E-8,0.000000,0.914292,0.640282,0.04207877,2026-03-23,2026-08-04,69,1947,1162,135,0.511111,1.014849,1.012680,0.486804,,,,,,,,GLOBAL_BASELINE_NO_ENTITY_RANKING,,,NOT_APPLICABLE_GLOBAL_BASELINE,HF9g-P5,,,,X 全窗基线 · 不参与实体赏罚,15050984,1506,A168_HF9F_20260827_0900,2026-08-27 09:00:00
2026-06-30,74657362,1094,0,166.3616702712,-166.3616702712,-166.3616702712,0E-7,2,1,0.39337837500000000,0.280106050000,-0.8052788575962098,-0.6237735893609975,-0.8052788575962098,0.11327232500000000,ELIGIBLE,R03b_20260811_FULL_v1,L1_ELIGIBILITY,v2026-08-11,2026-03-21..2026-08-06,baccarat_bet02_101_all_pairs_incl_sentinel,round_win = game_pnl > 0 (decisive only),COMPATIBILITY_ONLY_NOT_PRODUCTION,234885.8996,214754.2105,9869.7735,3689,3015,-0.04201944,-0.00608590,-0.04816467,-0.04201944,-9869.7735,234885.8996,OK,0.0000,394.7909,4.0000,96.0000,AG03-UNRESOLVED,ALL5_LEVELS_bet23_to_bet27,394.7909,394.7909,394.7909,394.7909,394.7909,4.000000,4.000000,4.000000,4.000000,4.000000,96.000000,96.000000,96.000000,96.000000,96.000000,5.0,1973.9547,1822.2297,7895.8188,8047.5438,PENDING_AG03,FALSE,NOT_FOR_ENFORCEMENT,9474.9825,206164.0421,9869.7735,9474.9825,394.7909,0.04201944,0.04033866,394.7909,9474.9825,0.04033866,394.7909,394.7909,394.7909,394.7909,394.7909,9474.9825,0.04033866,1973.9547,1822.2297,7895.8188,8047.5438,0.03361555,0.0342615,0.00168078,63.6720,71.2286,3.2736,143.0402,5.0692,3404.1435,43.6957,64.4793,63.5359,42.5677,43.0663,85.2079,124.7713,127.8119,154.8004,42.604,-41.336,2.967791,3.594466,1.478463,30,203,130,8,0.14604117,0.04201944,0.00608590,0E-8,0.000000,0.914292,0.640282,0.04207877,2026-03-23,2026-08-04,69,1947,1162,135,0.511111,1.014849,1.012680,0.486804,,,,,,,,GLOBAL_BASELINE_NO_ENTITY_RANKING,,,NOT_APPLICABLE_GLOBAL_BASELINE,HF9g-P5,,,,X 全窗基线 · 不参与实体赏罚,15050985,1506,A168_HF9F_20260827_0900,2026-08-27 09:00:00
2026-06-30,74657362,1353,0,83.1808351356,-83.1808351356,-83.1808351356,0E-7,1,1,0.49324550000000000,0.493245500000,-0.9865810262130424,-0.9865810262130424,-0.9865810262130424,0E-17,ELIGIBLE,R03b_20260811_FULL_v1,L1_ELIGIBILITY,v2026-08-11,2026-03-21..2026-08-06,baccarat_bet02_101_all_pairs_incl_sentinel,round_win = game_pnl > 0 (decisive only),COMPATIBILITY_ONLY_NOT_PRODUCTION,234885.8996,214754.2105,9869.7735,3689,3015,-0.04201944,-0.00608590,-0.04816467,-0.04201944,-9869.7735,234885.8996,OK,0.0000,394.7909,4.0000,96.0000,AG03-UNRESOLVED,ALL5_LEVELS_bet23_to_bet27,394.7909,394.7909,394.7909,394.7909,394.7909,4.000000,4.000000,4.000000,4.000000,4.000000,96.000000,96.000000,96.000000,96.000000,96.000000,5.0,1973.9547,1822.2297,7895.8188,8047.5438,PENDING_AG03,FALSE,NOT_FOR_ENFORCEMENT,9474.9825,206164.0421,9869.7735,9474.9825,394.7909,0.04201944,0.04033866,394.7909,9474.9825,0.04033866,394.7909,394.7909,394.7909,394.7909,394.7909,9474.9825,0.04033866,1973.9547,1822.2297,7895.8188,8047.5438,0.03361555,0.0342615,0.00168078,63.6720,71.2286,3.2736,143.0402,5.0692,3404.1435,43.6957,64.4793,63.5359,42.5677,43.0663,85.2079,124.7713,127.8119,154.8004,42.604,-41.336,2.967791,3.594466,1.478463,30,203,130,8,0.14604117,0.04201944,0.00608590,0E-8,0.000000,0.914292,0.640282,0.04207877,2026-03-23,2026-08-04,69,1947,1162,135,0.511111,1.014849,1.012680,0.486804,,,,,,,,GLOBAL_BASELINE_NO_ENTITY_RANKING,,,NOT_APPLICABLE_GLOBAL_BASELINE,HF9g-P5,,,,X 全窗基线 · 不参与实体赏罚,15050986,1506,A168_HF9F_20260827_0900,2026-08-27 09:00:00
2026-06-30,74657362,1399,0,124.7712527034,41.5904175678,41.5904175678,0.6666667,3,3,0.49324550000000000,0.493245500000,0.6008033672792107,0.6008033672792106,0.6008033672792107,0E-17,ELIGIBLE,R03b_20260811_FULL_v1,L1_ELIGIBILITY,v2026-08-11,2026-03-21..2026-08-06,baccarat_bet02_101_all_pairs_incl_sentinel,round_win = game_pnl > 0 (decisive only),COMPATIBILITY_ONLY_NOT_PRODUCTION,234885.8996,214754.2105,9869.7735,3689,3015,-0.04201944,-0.00608590,-0.04816467,-0.04201944,-9869.7735,234885.8996,OK,0.0000,394.7909,4.0000,96.0000,AG03-UNRESOLVED,ALL5_LEVELS_bet23_to_bet27,394.7909,394.7909,394.7909,394.7909,394.7909,4.000000,4.000000,4.000000,4.000000,4.000000,96.000000,96.000000,96.000000,96.000000,96.000000,5.0,1973.9547,1822.2297,7895.8188,8047.5438,PENDING_AG03,FALSE,NOT_FOR_ENFORCEMENT,9474.9825,206164.0421,9869.7735,9474.9825,394.7909,0.04201944,0.04033866,394.7909,9474.9825,0.04033866,394.7909,394.7909,394.7909,394.7909,394.7909,9474.9825,0.04033866,1973.9547,1822.2297,7895.8188,8047.5438,0.03361555,0.0342615,0.00168078,63.6720,71.2286,3.2736,143.0402,5.0692,3404.1435,43.6957,64.4793,63.5359,42.5677,43.0663,85.2079,124.7713,127.8119,154.8004,42.604,-41.336,2.967791,3.594466,1.478463,30,203,130,8,0.14604117,0.04201944,0.00608590,0E-8,0.000000,0.914292,0.640282,0.04207877,2026-03-23,2026-08-04,69,1947,1162,135,0.511111,1.014849,1.012680,0.486804,,,,,,,,GLOBAL_BASELINE_NO_ENTITY_RANKING,,,NOT_APPLICABLE_GLOBAL_BASELINE,HF9g-P5,,,,X 全窗基线 · 不参与实体赏罚,15050987,1506,A168_HF9F_20260827_0900,2026-08-27 09:00:00
2026-06-30,74657362,1405,0,124.7712527034,0E-10,0E-10,0.5000000,3,3,0.49324550000000000,0.493245500000,0.01910635448239258,0.01910635448239258,0.01910635448239258,0E-17,ELIGIBLE,R03b_20260811_FULL_v1,L1_ELIGIBILITY,v2026-08-11,2026-03-21..2026-08-06,baccarat_bet02_101_all_pairs_incl_sentinel,round_win = game_pnl > 0 (decisive only),COMPATIBILITY_ONLY_NOT_PRODUCTION,234885.8996,214754.2105,9869.7735,3689,3015,-0.04201944,-0.00608590,-0.04816467,-0.04201944,-9869.7735,234885.8996,OK,0.0000,394.7909,4.0000,96.0000,AG03-UNRESOLVED,ALL5_LEVELS_bet23_to_bet27,394.7909,394.7909,394.7909,394.7909,394.7909,4.000000,4.000000,4.000000,4.000000,4.000000,96.000000,96.000000,96.000000,96.000000,96.000000,5.0,1973.9547,1822.2297,7895.8188,8047.5438,PENDING_AG03,FALSE,NOT_FOR_ENFORCEMENT,9474.9825,206164.0421,9869.7735,9474.9825,394.7909,0.04201944,0.04033866,394.7909,9474.9825,0.04033866,394.7909,394.7909,394.7909,394.7909,394.7909,9474.9825,0.04033866,1973.9547,1822.2297,7895.8188,8047.5438,0.03361555,0.0342615,0.00168078,63.6720,71.2286,3.2736,143.0402,5.0692,3404.1435,43.6957,64.4793,63.5359,42.5677,43.0663,85.2079,124.7713,127.8119,154.8004,42.604,-41.336,2.967791,3.594466,1.478463,30,203,130,8,0.14604117,0.04201944,0.00608590,0E-8,0.000000,0.914292,0.640282,0.04207877,2026-03-23,2026-08-04,69,1947,1162,135,0.511111,1.014849,1.012680,0.486804,,,,,,,,GLOBAL_BASELINE_NO_ENTITY_RANKING,,,NOT_APPLICABLE_GLOBAL_BASELINE,HF9g-P5,,,,X 全窗基线 · 不参与实体赏罚,15050988,1506,A168_HF9F_20260827_0900,2026-08-27 09:00:00
2026-06-30,74657362,1485,0,166.3616702712,-166.3616702712,-166.3616702712,0E-7,2,1,0.39337837500000000,0.280106050000,-0.8052788575962098,-0.6237735893609975,-0.8052788575962098,0.11327232500000000,ELIGIBLE,R03b_20260811_FULL_v1,L1_ELIGIBILITY,v2026-08-11,2026-03-21..2026-08-06,baccarat_bet02_101_all_pairs_incl_sentinel,round_win = game_pnl > 0 (decisive only),COMPATIBILITY_ONLY_NOT_PRODUCTION,234885.8996,214754.2105,9869.7735,3689,3015,-0.04201944,-0.00608590,-0.04816467,-0.04201944,-9869.7735,234885.8996,OK,0.0000,394.7909,4.0000,96.0000,AG03-UNRESOLVED,ALL5_LEVELS_bet23_to_bet27,394.7909,394.7909,394.7909,394.7909,394.7909,4.000000,4.000000,4.000000,4.000000,4.000000,96.000000,96.000000,96.000000,96.000000,96.000000,5.0,1973.9547,1822.2297,7895.8188,8047.5438,PENDING_AG03,FALSE,NOT_FOR_ENFORCEMENT,9474.9825,206164.0421,9869.7735,9474.9825,394.7909,0.04201944,0.04033866,394.7909,9474.9825,0.04033866,394.7909,394.7909,394.7909,394.7909,394.7909,9474.9825,0.04033866,1973.9547,1822.2297,7895.8188,8047.5438,0.03361555,0.0342615,0.00168078,63.6720,71.2286,3.2736,143.0402,5.0692,3404.1435,43.6957,64.4793,63.5359,42.5677,43.0663,85.2079,124.7713,127.8119,154.8004,42.604,-41.336,2.967791,3.594466,1.478463,30,203,130,8,0.14604117,0.04201944,0.00608590,0E-8,0.000000,0.914292,0.640282,0.04207877,2026-03-23,2026-08-04,69,1947,1162,135,0.511111,1.014849,1.012680,0.486804,,,,,,,,GLOBAL_BASELINE_NO_ENTITY_RANKING,,,NOT_APPLICABLE_GLOBAL_BASELINE,HF9g-P5,,,,X 全窗基线 · 不参与实体赏罚,15050989,1506,A168_HF9F_20260827_0900,2026-08-27 09:00:00
2026-06-30,74657362,1507,0,166.3616702712,-166.3616702712,-166.3616702712,0E-7,2,1,0.39337837500000000,0.280106050000,-0.8052788575962098,-0.6237735893609975,-0.8052788575962098,0.11327232500000000,ELIGIBLE,R03b_20260811_FULL_v1,L1_ELIGIBILITY,v2026-08-11,2026-03-21..2026-08-06,baccarat_bet02_101_all_pairs_incl_sentinel,round_win = game_pnl > 0 (decisive only),COMPATIBILITY_ONLY_NOT_PRODUCTION,234885.8996,214754.2105,9869.7735,3689,3015,-0.04201944,-0.00608590,-0.04816467,-0.04201944,-9869.7735,234885.8996,OK,0.0000,394.7909,4.0000,96.0000,AG03-UNRESOLVED,ALL5_LEVELS_bet23_to_bet27,394.7909,394.7909,394.7909,394.7909,394.7909,4.000000,4.000000,4.000000,4.000000,4.000000,96.000000,96.000000,96.000000,96.000000,96.000000,5.0,1973.9547,1822.2297,7895.8188,8047.5438,PENDING_AG03,FALSE,NOT_FOR_ENFORCEMENT,9474.9825,206164.0421,9869.7735,9474.9825,394.7909,0.04201944,0.04033866,394.7909,9474.9825,0.04033866,394.7909,394.7909,394.7909,394.7909,394.7909,9474.9825,0.04033866,1973.9547,1822.2297,7895.8188,8047.5438,0.03361555,0.0342615,0.00168078,63.6720,71.2286,3.2736,143.0402,5.0692,3404.1435,43.6957,64.4793,63.5359,42.5677,43.0663,85.2079,124.7713,127.8119,154.8004,42.604,-41.336,2.967791,3.594466,1.478463,30,203,130,8,0.14604117,0.04201944,0.00608590,0E-8,0.000000,0.914292,0.640282,0.04207877,2026-03-23,2026-08-04,69,1947,1162,135,0.511111,1.014849,1.012680,0.486804,,,,,,,,GLOBAL_BASELINE_NO_ENTITY_RANKING,,,NOT_APPLICABLE_GLOBAL_BASELINE,HF9g-P5,,,,X 全窗基线 · 不参与实体赏罚,15050990,1506,A168_HF9F_20260827_0900,2026-08-27 09:00:00
2026-06-30,74657362,1704,0,166.3616702712,83.1808351356,83.1808351356,1.0000000,2,1,0.39337837500000000,0.280106050000,1.2418058546638626,1.6031457840727341,1.2418058546638626,0.11327232500000000,ELIGIBLE,R03b_20260811_FULL_v1,L1_ELIGIBILITY,v2026-08-11,2026-03-21..2026-08-06,baccarat_bet02_101_all_pairs_incl_sentinel,round_win = game_pnl > 0 (decisive only),COMPATIBILITY_ONLY_NOT_PRODUCTION,234885.8996,214754.2105,9869.7735,3689,3015,-0.04201944,-0.00608590,-0.04816467,-0.04201944,-9869.7735,234885.8996,OK,0.0000,394.7909,4.0000,96.0000,AG03-UNRESOLVED,ALL5_LEVELS_bet23_to_bet27,394.7909,394.7909,394.7909,394.7909,394.7909,4.000000,4.000000,4.000000,4.000000,4.000000,96.000000,96.000000,96.000000,96.000000,96.000000,5.0,1973.9547,1822.2297,7895.8188,8047.5438,PENDING_AG03,FALSE,NOT_FOR_ENFORCEMENT,9474.9825,206164.0421,9869.7735,9474.9825,394.7909,0.04201944,0.04033866,394.7909,9474.9825,0.04033866,394.7909,394.7909,394.7909,394.7909,394.7909,9474.9825,0.04033866,1973.9547,1822.2297,7895.8188,8047.5438,0.03361555,0.0342615,0.00168078,63.6720,71.2286,3.2736,143.0402,5.0692,3404.1435,43.6957,64.4793,63.5359,42.5677,43.0663,85.2079,124.7713,127.8119,154.8004,42.604,-41.336,2.967791,3.594466,1.478463,30,203,130,8,0.14604117,0.04201944,0.00608590,0E-8,0.000000,0.914292,0.640282,0.04207877,2026-03-23,2026-08-04,69,1947,1162,135,0.511111,1.014849,1.012680,0.486804,,,,,,,,GLOBAL_BASELINE_NO_ENTITY_RANKING,,,NOT_APPLICABLE_GLOBAL_BASELINE,HF9g-P5,,,,X 全窗基线 · 不参与实体赏罚,15050991,1506,A168_HF9F_20260827_0900,2026-08-27 09:00:00
2026-06-30,74657362,1935,0,41.5904175678,41.5904175678,41.5904175678,1.0000000,1,1,0.49324550000000000,0.493245500000,1.01360149184955,1.01360149184955,1.01360149184955,0E-17,ELIGIBLE,R03b_20260811_FULL_v1,L1_ELIGIBILITY,v2026-08-11,2026-03-21..2026-08-06,baccarat_bet02_101_all_pairs_incl_sentinel,round_win = game_pnl > 0 (decisive only),COMPATIBILITY_ONLY_NOT_PRODUCTION,234885.8996,214754.2105,9869.7735,3689,3015,-0.04201944,-0.00608590,-0.04816467,-0.04201944,-9869.7735,234885.8996,OK,0.0000,394.7909,4.0000,96.0000,AG03-UNRESOLVED,ALL5_LEVELS_bet23_to_bet27,394.7909,394.7909,394.7909,394.7909,394.7909,4.000000,4.000000,4.000000,4.000000,4.000000,96.000000,96.000000,96.000000,96.000000,96.000000,5.0,1973.9547,1822.2297,7895.8188,8047.5438,PENDING_AG03,FALSE,NOT_FOR_ENFORCEMENT,9474.9825,206164.0421,9869.7735,9474.9825,394.7909,0.04201944,0.04033866,394.7909,9474.9825,0.04033866,394.7909,394.7909,394.7909,394.7909,394.7909,9474.9825,0.04033866,1973.9547,1822.2297,7895.8188,8047.5438,0.03361555,0.0342615,0.00168078,63.6720,71.2286,3.2736,143.0402,5.0692,3404.1435,43.6957,64.4793,63.5359,42.5677,43.0663,85.2079,124.7713,127.8119,154.8004,42.604,-41.336,2.967791,3.594466,1.478463,30,203,130,8,0.14604117,0.04201944,0.00608590,0E-8,0.000000,0.914292,0.640282,0.04207877,2026-03-23,2026-08-04,69,1947,1162,135,0.511111,1.014849,1.012680,0.486804,,,,,,,,GLOBAL_BASELINE_NO_ENTITY_RANKING,,,NOT_APPLICABLE_GLOBAL_BASELINE,HF9g-P5,,,,X 全窗基线 · 不参与实体赏罚,15050992,1506,A168_HF9F_20260827_0900,2026-08-27 09:00:00
2026-06-30,74657362,1990,0,83.1808351356,-41.5904175678,-41.5904175678,0E-7,2,2,0.49324550000000000,0.493245500000,-0.9865810262130424,-0.9865810262130424,-0.9865810262130424,0E-17,ELIGIBLE,R03b_20260811_FULL_v1,L1_ELIGIBILITY,v2026-08-11,2026-03-21..2026-08-06,baccarat_bet02_101_all_pairs_incl_sentinel,round_win = game_pnl > 0 (decisive only),COMPATIBILITY_ONLY_NOT_PRODUCTION,234885.8996,214754.2105,9869.7735,3689,3015,-0.04201944,-0.00608590,-0.04816467,-0.04201944,-9869.7735,234885.8996,OK,0.0000,394.7909,4.0000,96.0000,AG03-UNRESOLVED,ALL5_LEVELS_bet23_to_bet27,394.7909,394.7909,394.7909,394.7909,394.7909,4.000000,4.000000,4.000000,4.000000,4.000000,96.000000,96.000000,96.000000,96.000000,96.000000,5.0,1973.9547,1822.2297,7895.8188,8047.5438,PENDING_AG03,FALSE,NOT_FOR_ENFORCEMENT,9474.9825,206164.0421,9869.7735,9474.9825,394.7909,0.04201944,0.04033866,394.7909,9474.9825,0.04033866,394.7909,394.7909,394.7909,394.7909,394.7909,9474.9825,0.04033866,1973.9547,1822.2297,7895.8188,8047.5438,0.03361555,0.0342615,0.00168078,63.6720,71.2286,3.2736,143.0402,5.0692,3404.1435,43.6957,64.4793,63.5359,42.5677,43.0663,85.2079,124.7713,127.8119,154.8004,42.604,-41.336,2.967791,3.594466,1.478463,30,203,130,8,0.14604117,0.04201944,0.00608590,0E-8,0.000000,0.914292,0.640282,0.04207877,2026-03-23,2026-08-04,69,1947,1162,135,0.511111,1.014849,1.012680,0.486804,,,,,,,,GLOBAL_BASELINE_NO_ENTITY_RANKING,,,NOT_APPLICABLE_GLOBAL_BASELINE,HF9g-P5,,,,X 全窗基线 · 不参与实体赏罚,15050993,1506,A168_HF9F_20260827_0900,2026-08-27 09:00:00
2026-06-30,74657362,2088,0,166.3616702712,-166.3616702712,-166.3616702712,0E-7,2,1,0.39337837500000000,0.280106050000,-0.8052788575962098,-0.6237735893609975,-0.8052788575962098,0.11327232500000000,ELIGIBLE,R03b_20260811_FULL_v1,L1_ELIGIBILITY,v2026-08-11,2026-03-21..2026-08-06,baccarat_bet02_101_all_pairs_incl_sentinel,round_win = game_pnl > 0 (decisive only),COMPATIBILITY_ONLY_NOT_PRODUCTION,234885.8996,214754.2105,9869.7735,3689,3015,-0.04201944,-0.00608590,-0.04816467,-0.04201944,-9869.7735,234885.8996,OK,0.0000,394.7909,4.0000,96.0000,AG03-UNRESOLVED,ALL5_LEVELS_bet23_to_bet27,394.7909,394.7909,394.7909,394.7909,394.7909,4.000000,4.000000,4.000000,4.000000,4.000000,96.000000,96.000000,96.000000,96.000000,96.000000,5.0,1973.9547,1822.2297,7895.8188,8047.5438,PENDING_AG03,FALSE,NOT_FOR_ENFORCEMENT,9474.9825,206164.0421,9869.7735,9474.9825,394.7909,0.04201944,0.04033866,394.7909,9474.9825,0.04033866,394.7909,394.7909,394.7909,394.7909,394.7909,9474.9825,0.04033866,1973.9547,1822.2297,7895.8188,8047.5438,0.03361555,0.0342615,0.00168078,63.6720,71.2286,3.2736,143.0402,5.0692,3404.1435,43.6957,64.4793,63.5359,42.5677,43.0663,85.2079,124.7713,127.8119,154.8004,42.604,-41.336,2.967791,3.594466,1.478463,30,203,130,8,0.14604117,0.04201944,0.00608590,0E-8,0.000000,0.914292,0.640282,0.04207877,2026-03-23,2026-08-04,69,1947,1162,135,0.511111,1.014849,1.012680,0.486804,,,,,,,,GLOBAL_BASELINE_NO_ENTITY_RANKING,,,NOT_APPLICABLE_GLOBAL_BASELINE,HF9g-P5,,,,X 全窗基线 · 不参与实体赏罚,15050994,1506,A168_HF9F_20260827_0900,2026-08-27 09:00:00
2026-06-30,74657362,2106,0,332.7233405424,-83.1808351356,-83.1808351356,0.5000000,4,2,0.39337837500000000,0.280106050000,0.3086711997975373,0.6925207201862208,0.3086711997975373,0.11327232500000000,ELIGIBLE,R03b_20260811_FULL_v1,L1_ELIGIBILITY,v2026-08-11,2026-03-21..2026-08-06,baccarat_bet02_101_all_pairs_incl_sentinel,round_win = game_pnl > 0 (decisive only),COMPATIBILITY_ONLY_NOT_PRODUCTION,234885.8996,214754.2105,9869.7735,3689,3015,-0.04201944,-0.00608590,-0.04816467,-0.04201944,-9869.7735,234885.8996,OK,0.0000,394.7909,4.0000,96.0000,AG03-UNRESOLVED,ALL5_LEVELS_bet23_to_bet27,394.7909,394.7909,394.7909,394.7909,394.7909,4.000000,4.000000,4.000000,4.000000,4.000000,96.000000,96.000000,96.000000,96.000000,96.000000,5.0,1973.9547,1822.2297,7895.8188,8047.5438,PENDING_AG03,FALSE,NOT_FOR_ENFORCEMENT,9474.9825,206164.0421,9869.7735,9474.9825,394.7909,0.04201944,0.04033866,394.7909,9474.9825,0.04033866,394.7909,394.7909,394.7909,394.7909,394.7909,9474.9825,0.04033866,1973.9547,1822.2297,7895.8188,8047.5438,0.03361555,0.0342615,0.00168078,63.6720,71.2286,3.2736,143.0402,5.0692,3404.1435,43.6957,64.4793,63.5359,42.5677,43.0663,85.2079,124.7713,127.8119,154.8004,42.604,-41.336,2.967791,3.594466,1.478463,30,203,130,8,0.14604117,0.04201944,0.00608590,0E-8,0.000000,0.914292,0.640282,0.04207877,2026-03-23,2026-08-04,69,1947,1162,135,0.511111,1.014849,1.012680,0.486804,,,,,,,,GLOBAL_BASELINE_NO_ENTITY_RANKING,,,NOT_APPLICABLE_GLOBAL_BASELINE,HF9g-P5,,,,X 全窗基线 · 不参与实体赏罚,15050995,1506,A168_HF9F_20260827_0900,2026-08-27 09:00:00
2026-06-30,74657362,2129,0,665.4466810848,83.1808351356,83.1808351356,0.7500000,8,4,0.39337837500000000,0.280106050000,1.4600693531976887,2.0928318814286024,1.4600693531976887,0.11327232500000000,ELIGIBLE,R03b_20260811_FULL_v1,L1_ELIGIBILITY,v2026-08-11,2026-03-21..2026-08-06,baccarat_bet02_101_all_pairs_incl_sentinel,round_win = game_pnl > 0 (decisive only),COMPATIBILITY_ONLY_NOT_PRODUCTION,234885.8996,214754.2105,9869.7735,3689,3015,-0.04201944,-0.00608590,-0.04816467,-0.04201944,-9869.7735,234885.8996,OK,0.0000,394.7909,4.0000,96.0000,AG03-UNRESOLVED,ALL5_LEVELS_bet23_to_bet27,394.7909,394.7909,394.7909,394.7909,394.7909,4.000000,4.000000,4.000000,4.000000,4.000000,96.000000,96.000000,96.000000,96.000000,96.000000,5.0,1973.9547,1822.2297,7895.8188,8047.5438,PENDING_AG03,FALSE,NOT_FOR_ENFORCEMENT,9474.9825,206164.0421,9869.7735,9474.9825,394.7909,0.04201944,0.04033866,394.7909,9474.9825,0.04033866,394.7909,394.7909,394.7909,394.7909,394.7909,9474.9825,0.04033866,1973.9547,1822.2297,7895.8188,8047.5438,0.03361555,0.0342615,0.00168078,63.6720,71.2286,3.2736,143.0402,5.0692,3404.1435,43.6957,64.4793,63.5359,42.5677,43.0663,85.2079,124.7713,127.8119,154.8004,42.604,-41.336,2.967791,3.594466,1.478463,30,203,130,8,0.14604117,0.04201944,0.00608590,0E-8,0.000000,0.914292,0.640282,0.04207877,2026-03-23,2026-08-04,69,1947,1162,135,0.511111,1.014849,1.012680,0.486804,,,,,,,,GLOBAL_BASELINE_NO_ENTITY_RANKING,,,NOT_APPLICABLE_GLOBAL_BASELINE,HF9g-P5,,,,X 全窗基线 · 不参与实体赏罚,15050996,1506,A168_HF9F_20260827_0900,2026-08-27 09:00:00
2026-06-30,74657362,2171,0,166.3616702712,83.1808351356,83.1808351356,1.0000000,4,4,0.49324550000000000,0.493245500000,1.4334489766152358,1.4334489766152358,1.4334489766152358,0E-17,ELIGIBLE,R03b_20260811_FULL_v1,L1_ELIGIBILITY,v2026-08-11,2026-03-21..2026-08-06,baccarat_bet02_101_all_pairs_incl_sentinel,round_win = game_pnl > 0 (decisive only),COMPATIBILITY_ONLY_NOT_PRODUCTION,234885.8996,214754.2105,9869.7735,3689,3015,-0.04201944,-0.00608590,-0.04816467,-0.04201944,-9869.7735,234885.8996,OK,0.0000,394.7909,4.0000,96.0000,AG03-UNRESOLVED,ALL5_LEVELS_bet23_to_bet27,394.7909,394.7909,394.7909,394.7909,394.7909,4.000000,4.000000,4.000000,4.000000,4.000000,96.000000,96.000000,96.000000,96.000000,96.000000,5.0,1973.9547,1822.2297,7895.8188,8047.5438,PENDING_AG03,FALSE,NOT_FOR_ENFORCEMENT,9474.9825,206164.0421,9869.7735,9474.9825,394.7909,0.04201944,0.04033866,394.7909,9474.9825,0.04033866,394.7909,394.7909,394.7909,394.7909,394.7909,9474.9825,0.04033866,1973.9547,1822.2297,7895.8188,8047.5438,0.03361555,0.0342615,0.00168078,63.6720,71.2286,3.2736,143.0402,5.0692,3404.1435,43.6957,64.4793,63.5359,42.5677,43.0663,85.2079,124.7713,127.8119,154.8004,42.604,-41.336,2.967791,3.594466,1.478463,30,203,130,8,0.14604117,0.04201944,0.00608590,0E-8,0.000000,0.914292,0.640282,0.04207877,2026-03-23,2026-08-04,69,1947,1162,135,0.511111,1.014849,1.012680,0.486804,,,,,,,,GLOBAL_BASELINE_NO_ENTITY_RANKING,,,NOT_APPLICABLE_GLOBAL_BASELINE,HF9g-P5,,,,X 全窗基线 · 不参与实体赏罚,15050997,1506,A168_HF9F_20260827_0900,2026-08-27 09:00:00
2026-06-30,74657362,2177,0,291.1329229746,-124.7712527034,-124.7712527034,0.5000000,5,4,0.46827871875000000,0.439960637500,0.1271412521319141,0.24190780470361914,0.1271412521319141,0.02831808125000000,ELIGIBLE,R03b_20260811_FULL_v1,L1_ELIGIBILITY,v2026-08-11,2026-03-21..2026-08-06,baccarat_bet02_101_all_pairs_incl_sentinel,round_win = game_pnl > 0 (decisive only),COMPATIBILITY_ONLY_NOT_PRODUCTION,234885.8996,214754.2105,9869.7735,3689,3015,-0.04201944,-0.00608590,-0.04816467,-0.04201944,-9869.7735,234885.8996,OK,0.0000,394.7909,4.0000,96.0000,AG03-UNRESOLVED,ALL5_LEVELS_bet23_to_bet27,394.7909,394.7909,394.7909,394.7909,394.7909,4.000000,4.000000,4.000000,4.000000,4.000000,96.000000,96.000000,96.000000,96.000000,96.000000,5.0,1973.9547,1822.2297,7895.8188,8047.5438,PENDING_AG03,FALSE,NOT_FOR_ENFORCEMENT,9474.9825,206164.0421,9869.7735,9474.9825,394.7909,0.04201944,0.04033866,394.7909,9474.9825,0.04033866,394.7909,394.7909,394.7909,394.7909,394.7909,9474.9825,0.04033866,1973.9547,1822.2297,7895.8188,8047.5438,0.03361555,0.0342615,0.00168078,63.6720,71.2286,3.2736,143.0402,5.0692,3404.1435,43.6957,64.4793,63.5359,42.5677,43.0663,85.2079,124.7713,127.8119,154.8004,42.604,-41.336,2.967791,3.594466,1.478463,30,203,130,8,0.14604117,0.04201944,0.00608590,0E-8,0.000000,0.914292,0.640282,0.04207877,2026-03-23,2026-08-04,69,1947,1162,135,0.511111,1.014849,1.012680,0.486804,,,,,,,,GLOBAL_BASELINE_NO_ENTITY_RANKING,,,NOT_APPLICABLE_GLOBAL_BASELINE,HF9g-P5,,,,X 全窗基线 · 不参与实体赏罚,15050998,1506,A168_HF9F_20260827_0900,2026-08-27 09:00:00
2026-06-30,74657362,2196,0,166.3616702712,-83.1808351356,-83.1808351356,0E-7,2,2,0.49324550000000000,0.493245500000,-0.9865810262130424,-0.9865810262130424,-0.9865810262130424,0E-17,ELIGIBLE,R03b_20260811_FULL_v1,L1_ELIGIBILITY,v2026-08-11,2026-03-21..2026-08-06,baccarat_bet02_101_all_pairs_incl_sentinel,round_win = game_pnl > 0 (decisive only),COMPATIBILITY_ONLY_NOT_PRODUCTION,234885.8996,214754.2105,9869.7735,3689,3015,-0.04201944,-0.00608590,-0.04816467,-0.04201944,-9869.7735,234885.8996,OK,0.0000,394.7909,4.0000,96.0000,AG03-UNRESOLVED,ALL5_LEVELS_bet23_to_bet27,394.7909,394.7909,394.7909,394.7909,394.7909,4.000000,4.000000,4.000000,4.000000,4.000000,96.000000,96.000000,96.000000,96.000000,96.000000,5.0,1973.9547,1822.2297,7895.8188,8047.5438,PENDING_AG03,FALSE,NOT_FOR_ENFORCEMENT,9474.9825,206164.0421,9869.7735,9474.9825,394.7909,0.04201944,0.04033866,394.7909,9474.9825,0.04033866,394.7909,394.7909,394.7909,394.7909,394.7909,9474.9825,0.04033866,1973.9547,1822.2297,7895.8188,8047.5438,0.03361555,0.0342615,0.00168078,63.6720,71.2286,3.2736,143.0402,5.0692,3404.1435,43.6957,64.4793,63.5359,42.5677,43.0663,85.2079,124.7713,127.8119,154.8004,42.604,-41.336,2.967791,3.594466,1.478463,30,203,130,8,0.14604117,0.04201944,0.00608590,0E-8,0.000000,0.914292,0.640282,0.04207877,2026-03-23,2026-08-04,69,1947,1162,135,0.511111,1.014849,1.012680,0.486804,,,,,,,,GLOBAL_BASELINE_NO_ENTITY_RANKING,,,NOT_APPLICABLE_GLOBAL_BASELINE,HF9g-P5,,,,X 全窗基线 · 不参与实体赏罚,15050999,1506,A168_HF9F_20260827_0900,2026-08-27 09:00:00
2026-06-30,74657362,2209,0,166.3616702712,-166.3616702712,-166.3616702712,0E-7,2,1,0.39337837500000000,0.280106050000,-0.8052788575962098,-0.6237735893609975,-0.8052788575962098,0.11327232500000000,ELIGIBLE,R03b_20260811_FULL_v1,L1_ELIGIBILITY,v2026-08-11,2026-03-21..2026-08-06,baccarat_bet02_101_all_pairs_incl_sentinel,round_win = game_pnl > 0 (decisive only),COMPATIBILITY_ONLY_NOT_PRODUCTION,234885.8996,214754.2105,9869.7735,3689,3015,-0.04201944,-0.00608590,-0.04816467,-0.04201944,-9869.7735,234885.8996,OK,0.0000,394.7909,4.0000,96.0000,AG03-UNRESOLVED,ALL5_LEVELS_bet23_to_bet27,394.7909,394.7909,394.7909,394.7909,394.7909,4.000000,4.000000,4.000000,4.000000,4.000000,96.000000,96.000000,96.000000,96.000000,96.000000,5.0,1973.9547,1822.2297,7895.8188,8047.5438,PENDING_AG03,FALSE,NOT_FOR_ENFORCEMENT,9474.9825,206164.0421,9869.7735,9474.9825,394.7909,0.04201944,0.04033866,394.7909,9474.9825,0.04033866,394.7909,394.7909,394.7909,394.7909,394.7909,9474.9825,0.04033866,1973.9547,1822.2297,7895.8188,8047.5438,0.03361555,0.0342615,0.00168078,63.6720,71.2286,3.2736,143.0402,5.0692,3404.1435,43.6957,64.4793,63.5359,42.5677,43.0663,85.2079,124.7713,127.8119,154.8004,42.604,-41.336,2.967791,3.594466,1.478463,30,203,130,8,0.14604117,0.04201944,0.00608590,0E-8,0.000000,0.914292,0.640282,0.04207877,2026-03-23,2026-08-04,69,1947,1162,135,0.511111,1.014849,1.012680,0.486804,,,,,,,,GLOBAL_BASELINE_NO_ENTITY_RANKING,,,NOT_APPLICABLE_GLOBAL_BASELINE,HF9g-P5,,,,X 全窗基线 · 不参与实体赏罚,15051000,1506,A168_HF9F_20260827_0900,2026-08-27 09:00:00
2026-06-30,74657362,2222,0,540.6754283814,41.5904175678,41.5904175678,0.7500000,7,4,0.41834515625000000,0.333390912500,1.3446717877393974,1.7674463540167742,1.3446717877393974,0.08495424375000000,ELIGIBLE,R03b_20260811_FULL_v1,L1_ELIGIBILITY,v2026-08-11,2026-03-21..2026-08-06,baccarat_bet02_101_all_pairs_incl_sentinel,round_win = game_pnl > 0 (decisive only),COMPATIBILITY_ONLY_NOT_PRODUCTION,234885.8996,214754.2105,9869.7735,3689,3015,-0.04201944,-0.00608590,-0.04816467,-0.04201944,-9869.7735,234885.8996,OK,0.0000,394.7909,4.0000,96.0000,AG03-UNRESOLVED,ALL5_LEVELS_bet23_to_bet27,394.7909,394.7909,394.7909,394.7909,394.7909,4.000000,4.000000,4.000000,4.000000,4.000000,96.000000,96.000000,96.000000,96.000000,96.000000,5.0,1973.9547,1822.2297,7895.8188,8047.5438,PENDING_AG03,FALSE,NOT_FOR_ENFORCEMENT,9474.9825,206164.0421,9869.7735,9474.9825,394.7909,0.04201944,0.04033866,394.7909,9474.9825,0.04033866,394.7909,394.7909,394.7909,394.7909,394.7909,9474.9825,0.04033866,1973.9547,1822.2297,7895.8188,8047.5438,0.03361555,0.0342615,0.00168078,63.6720,71.2286,3.2736,143.0402,5.0692,3404.1435,43.6957,64.4793,63.5359,42.5677,43.0663,85.2079,124.7713,127.8119,154.8004,42.604,-41.336,2.967791,3.594466,1.478463,30,203,130,8,0.14604117,0.04201944,0.00608590,0E-8,0.000000,0.914292,0.640282,0.04207877,2026-03-23,2026-08-04,69,1947,1162,135,0.511111,1.014849,1.012680,0.486804,,,,,,,,GLOBAL_BASELINE_NO_ENTITY_RANKING,,,NOT_APPLICABLE_GLOBAL_BASELINE,HF9g-P5,,,,X 全窗基线 · 不参与实体赏罚,15051001,1506,A168_HF9F_20260827_0900,2026-08-27 09:00:00
2026-06-30,74657362,2258,0,41.5904175678,-41.5904175678,-41.5904175678,0E-7,1,1,0.49324550000000000,0.493245500000,-0.9865810262130424,-0.9865810262130424,-0.9865810262130424,0E-17,ELIGIBLE,R03b_20260811_FULL_v1,L1_ELIGIBILITY,v2026-08-11,2026-03-21..2026-08-06,baccarat_bet02_101_all_pairs_incl_sentinel,round_win = game_pnl > 0 (decisive only),COMPATIBILITY_ONLY_NOT_PRODUCTION,234885.8996,214754.2105,9869.7735,3689,3015,-0.04201944,-0.00608590,-0.04816467,-0.04201944,-9869.7735,234885.8996,OK,0.0000,394.7909,4.0000,96.0000,AG03-UNRESOLVED,ALL5_LEVELS_bet23_to_bet27,394.7909,394.7909,394.7909,394.7909,394.7909,4.000000,4.000000,4.000000,4.000000,4.000000,96.000000,96.000000,96.000000,96.000000,96.000000,5.0,1973.9547,1822.2297,7895.8188,8047.5438,PENDING_AG03,FALSE,NOT_FOR_ENFORCEMENT,9474.9825,206164.0421,9869.7735,9474.9825,394.7909,0.04201944,0.04033866,394.7909,9474.9825,0.04033866,394.7909,394.7909,394.7909,394.7909,394.7909,9474.9825,0.04033866,1973.9547,1822.2297,7895.8188,8047.5438,0.03361555,0.0342615,0.00168078,63.6720,71.2286,3.2736,143.0402,5.0692,3404.1435,43.6957,64.4793,63.5359,42.5677,43.0663,85.2079,124.7713,127.8119,154.8004,42.604,-41.336,2.967791,3.594466,1.478463,30,203,130,8,0.14604117,0.04201944,0.00608590,0E-8,0.000000,0.914292,0.640282,0.04207877,2026-03-23,2026-08-04,69,1947,1162,135,0.511111,1.014849,1.012680,0.486804,,,,,,,,GLOBAL_BASELINE_NO_ENTITY_RANKING,,,NOT_APPLICABLE_GLOBAL_BASELINE,HF9g-P5,,,,X 全窗基线 · 不参与实体赏罚,15051002,1506,A168_HF9F_20260827_0900,2026-08-27 09:00:00
2026-06-30,74657362,2287,0,374.3137581102,41.5904175678,41.5904175678,0.6666667,4,3,0.45995645833333333,0.422199016667,0.7183726724955684,0.8573028709633754,0.7183726724955684,0.03775744166633333,ELIGIBLE,R03b_20260811_FULL_v1,L1_ELIGIBILITY,v2026-08-11,2026-03-21..2026-08-06,baccarat_bet02_101_all_pairs_incl_sentinel,round_win = game_pnl > 0 (decisive only),COMPATIBILITY_ONLY_NOT_PRODUCTION,234885.8996,214754.2105,9869.7735,3689,3015,-0.04201944,-0.00608590,-0.04816467,-0.04201944,-9869.7735,234885.8996,OK,0.0000,394.7909,4.0000,96.0000,AG03-UNRESOLVED,ALL5_LEVELS_bet23_to_bet27,394.7909,394.7909,394.7909,394.7909,394.7909,4.000000,4.000000,4.000000,4.000000,4.000000,96.000000,96.000000,96.000000,96.000000,96.000000,5.0,1973.9547,1822.2297,7895.8188,8047.5438,PENDING_AG03,FALSE,NOT_FOR_ENFORCEMENT,9474.9825,206164.0421,9869.7735,9474.9825,394.7909,0.04201944,0.04033866,394.7909,9474.9825,0.04033866,394.7909,394.7909,394.7909,394.7909,394.7909,9474.9825,0.04033866,1973.9547,1822.2297,7895.8188,8047.5438,0.03361555,0.0342615,0.00168078,63.6720,71.2286,3.2736,143.0402,5.0692,3404.1435,43.6957,64.4793,63.5359,42.5677,43.0663,85.2079,124.7713,127.8119,154.8004,42.604,-41.336,2.967791,3.594466,1.478463,30,203,130,8,0.14604117,0.04201944,0.00608590,0E-8,0.000000,0.914292,0.640282,0.04207877,2026-03-23,2026-08-04,69,1947,1162,135,0.511111,1.014849,1.012680,0.486804,,,,,,,,GLOBAL_BASELINE_NO_ENTITY_RANKING,,,NOT_APPLICABLE_GLOBAL_BASELINE,HF9g-P5,,,,X 全窗基线 · 不参与实体赏罚,15051003,1506,A168_HF9F_20260827_0900,2026-08-27 09:00:00
2026-06-30,74657362,986,0,83.1808351356,-83.1808351356,-83.1808351356,0E-7,1,1,0.49324550000000000,0.493245500000,-0.9865810262130424,-0.9865810262130424,-0.9865810262130424,0E-17,ELIGIBLE,R03b_20260811_FULL_v1,L1_ELIGIBILITY,v2026-08-11,2026-03-21..2026-08-06,baccarat_bet02_101_all_pairs_incl_sentinel,round_win = game_pnl > 0 (decisive only),COMPATIBILITY_ONLY_NOT_PRODUCTION,234885.8996,214754.2105,9869.7735,3689,3015,-0.04201944,-0.00608590,-0.04816467,-0.04201944,-9869.7735,234885.8996,OK,0.0000,394.7909,4.0000,96.0000,AG03-UNRESOLVED,ALL5_LEVELS_bet23_to_bet27,394.7909,394.7909,394.7909,394.7909,394.7909,4.000000,4.000000,4.000000,4.000000,4.000000,96.000000,96.000000,96.000000,96.000000,96.000000,5.0,1973.9547,1822.2297,7895.8188,8047.5438,PENDING_AG03,FALSE,NOT_FOR_ENFORCEMENT,9474.9825,206164.0421,9869.7735,9474.9825,394.7909,0.04201944,0.04033866,394.7909,9474.9825,0.04033866,394.7909,394.7909,394.7909,394.7909,394.7909,9474.9825,0.04033866,1973.9547,1822.2297,7895.8188,8047.5438,0.03361555,0.0342615,0.00168078,63.6720,71.2286,3.2736,143.0402,5.0692,3404.1435,43.6957,64.4793,63.5359,42.5677,43.0663,85.2079,124.7713,127.8119,154.8004,42.604,-41.336,2.967791,3.594466,1.478463,30,203,130,8,0.14604117,0.04201944,0.00608590,0E-8,0.000000,0.914292,0.640282,0.04207877,2026-03-23,2026-08-04,69,1947,1162,135,0.511111,1.014849,1.012680,0.486804,,,,,,,,GLOBAL_BASELINE_NO_ENTITY_RANKING,,,NOT_APPLICABLE_GLOBAL_BASELINE,HF9g-P5,,,,X 全窗基线 · 不参与实体赏罚,15051004,1506,A168_HF9F_20260827_0900,2026-08-27 09:00:00
2026-06-30,74657362,989,0,41.5904175678,41.5904175678,41.5904175678,1.0000000,1,1,0.49324550000000000,0.493245500000,1.01360149184955,1.01360149184955,1.01360149184955,0E-17,ELIGIBLE,R03b_20260811_FULL_v1,L1_ELIGIBILITY,v2026-08-11,2026-03-21..2026-08-06,baccarat_bet02_101_all_pairs_incl_sentinel,round_win = game_pnl > 0 (decisive only),COMPATIBILITY_ONLY_NOT_PRODUCTION,234885.8996,214754.2105,9869.7735,3689,3015,-0.04201944,-0.00608590,-0.04816467,-0.04201944,-9869.7735,234885.8996,OK,0.0000,394.7909,4.0000,96.0000,AG03-UNRESOLVED,ALL5_LEVELS_bet23_to_bet27,394.7909,394.7909,394.7909,394.7909,394.7909,4.000000,4.000000,4.000000,4.000000,4.000000,96.000000,96.000000,96.000000,96.000000,96.000000,5.0,1973.9547,1822.2297,7895.8188,8047.5438,PENDING_AG03,FALSE,NOT_FOR_ENFORCEMENT,9474.9825,206164.0421,9869.7735,9474.9825,394.7909,0.04201944,0.04033866,394.7909,9474.9825,0.04033866,394.7909,394.7909,394.7909,394.7909,394.7909,9474.9825,0.04033866,1973.9547,1822.2297,7895.8188,8047.5438,0.03361555,0.0342615,0.00168078,63.6720,71.2286,3.2736,143.0402,5.0692,3404.1435,43.6957,64.4793,63.5359,42.5677,43.0663,85.2079,124.7713,127.8119,154.8004,42.604,-41.336,2.967791,3.594466,1.478463,30,203,130,8,0.14604117,0.04201944,0.00608590,0E-8,0.000000,0.914292,0.640282,0.04207877,2026-03-23,2026-08-04,69,1947,1162,135,0.511111,1.014849,1.012680,0.486804,,,,,,,,GLOBAL_BASELINE_NO_ENTITY_RANKING,,,NOT_APPLICABLE_GLOBAL_BASELINE,HF9g-P5,,,,X 全窗基线 · 不参与实体赏罚,15051005,1506,A168_HF9F_20260827_0900,2026-08-27 09:00:00
2026-07-01,74657362,-1,1,1455.6646148730,561.4706371652,561.4706371652,0.4545455,19,11,0.41718236893939394,0.338234990909,0.2513099964003658,0.8153685620659544,0.2513099964003658,0.07894737803039394,SENTINEL_DEALER,R03b_20260811_FULL_v1,L1_ELIGIBILITY,v2026-08-11,2026-03-21..2026-08-06,baccarat_bet02_101_all_pairs_incl_sentinel,round_win = game_pnl > 0 (decisive only),COMPATIBILITY_ONLY_NOT_PRODUCTION,234885.8996,214754.2105,9869.7735,3689,3015,-0.04201944,-0.00608590,-0.04816467,-0.04201944,-9869.7735,234885.8996,OK,0.0000,394.7909,4.0000,96.0000,AG03-UNRESOLVED,ALL5_LEVELS_bet23_to_bet27,394.7909,394.7909,394.7909,394.7909,394.7909,4.000000,4.000000,4.000000,4.000000,4.000000,96.000000,96.000000,96.000000,96.000000,96.000000,5.0,1973.9547,1822.2297,7895.8188,8047.5438,PENDING_AG03,FALSE,NOT_FOR_ENFORCEMENT,9474.9825,206164.0421,9869.7735,9474.9825,394.7909,0.04201944,0.04033866,394.7909,9474.9825,0.04033866,394.7909,394.7909,394.7909,394.7909,394.7909,9474.9825,0.04033866,1973.9547,1822.2297,7895.8188,8047.5438,0.03361555,0.0342615,0.00168078,63.6720,71.2286,3.2736,143.0402,5.0692,3404.1435,43.6957,64.4793,63.5359,42.5677,43.0663,85.2079,124.7713,127.8119,154.8004,42.604,-41.336,2.967791,3.594466,1.478463,30,203,130,8,0.14604117,0.04201944,0.00608590,0E-8,0.000000,0.914292,0.640282,0.04207877,2026-03-23,2026-08-04,69,1947,1162,135,0.511111,1.014849,1.012680,0.486804,,,,,,,,GLOBAL_BASELINE_NO_ENTITY_RANKING,,,NOT_APPLICABLE_GLOBAL_BASELINE,HF9g-P5,,,,X 全窗基线 · 不参与实体赏罚,15051006,1506,A168_HF9F_20260827_0900,2026-08-27 09:00:00
2026-07-01,74657362,1109,0,83.1808351356,0E-10,0E-10,0.5000000,2,2,0.49324550000000000,0.493245500000,0.01910635448239258,0.01910635448239258,0.01910635448239258,0E-17,ELIGIBLE,R03b_20260811_FULL_v1,L1_ELIGIBILITY,v2026-08-11,2026-03-21..2026-08-06,baccarat_bet02_101_all_pairs_incl_sentinel,round_win = game_pnl > 0 (decisive only),COMPATIBILITY_ONLY_NOT_PRODUCTION,234885.8996,214754.2105,9869.7735,3689,3015,-0.04201944,-0.00608590,-0.04816467,-0.04201944,-9869.7735,234885.8996,OK,0.0000,394.7909,4.0000,96.0000,AG03-UNRESOLVED,ALL5_LEVELS_bet23_to_bet27,394.7909,394.7909,394.7909,394.7909,394.7909,4.000000,4.000000,4.000000,4.000000,4.000000,96.000000,96.000000,96.000000,96.000000,96.000000,5.0,1973.9547,1822.2297,7895.8188,8047.5438,PENDING_AG03,FALSE,NOT_FOR_ENFORCEMENT,9474.9825,206164.0421,9869.7735,9474.9825,394.7909,0.04201944,0.04033866,394.7909,9474.9825,0.04033866,394.7909,394.7909,394.7909,394.7909,394.7909,9474.9825,0.04033866,1973.9547,1822.2297,7895.8188,8047.5438,0.03361555,0.0342615,0.00168078,63.6720,71.2286,3.2736,143.0402,5.0692,3404.1435,43.6957,64.4793,63.5359,42.5677,43.0663,85.2079,124.7713,127.8119,154.8004,42.604,-41.336,2.967791,3.594466,1.478463,30,203,130,8,0.14604117,0.04201944,0.00608590,0E-8,0.000000,0.914292,0.640282,0.04207877,2026-03-23,2026-08-04,69,1947,1162,135,0.511111,1.014849,1.012680,0.486804,,,,,,,,GLOBAL_BASELINE_NO_ENTITY_RANKING,,,NOT_APPLICABLE_GLOBAL_BASELINE,HF9g-P5,,,,X 全窗基线 · 不参与实体赏罚,15051007,1506,A168_HF9F_20260827_0900,2026-08-27 09:00:00
2026-07-01,74657362,1110,0,166.3616702712,-166.3616702712,-166.3616702712,0E-7,2,1,0.39337837500000000,0.280106050000,-0.8052788575962098,-0.6237735893609975,-0.8052788575962098,0.11327232500000000,ELIGIBLE,R03b_20260811_FULL_v1,L1_ELIGIBILITY,v2026-08-11,2026-03-21..2026-08-06,baccarat_bet02_101_all_pairs_incl_sentinel,round_win = game_pnl > 0 (decisive only),COMPATIBILITY_ONLY_NOT_PRODUCTION,234885.8996,214754.2105,9869.7735,3689,3015,-0.04201944,-0.00608590,-0.04816467,-0.04201944,-9869.7735,234885.8996,OK,0.0000,394.7909,4.0000,96.0000,AG03-UNRESOLVED,ALL5_LEVELS_bet23_to_bet27,394.7909,394.7909,394.7909,394.7909,394.7909,4.000000,4.000000,4.000000,4.000000,4.000000,96.000000,96.000000,96.000000,96.000000,96.000000,5.0,1973.9547,1822.2297,7895.8188,8047.5438,PENDING_AG03,FALSE,NOT_FOR_ENFORCEMENT,9474.9825,206164.0421,9869.7735,9474.9825,394.7909,0.04201944,0.04033866,394.7909,9474.9825,0.04033866,394.7909,394.7909,394.7909,394.7909,394.7909,9474.9825,0.04033866,1973.9547,1822.2297,7895.8188,8047.5438,0.03361555,0.0342615,0.00168078,63.6720,71.2286,3.2736,143.0402,5.0692,3404.1435,43.6957,64.4793,63.5359,42.5677,43.0663,85.2079,124.7713,127.8119,154.8004,42.604,-41.336,2.967791,3.594466,1.478463,30,203,130,8,0.14604117,0.04201944,0.00608590,0E-8,0.000000,0.914292,0.640282,0.04207877,2026-03-23,2026-08-04,69,1947,1162,135,0.511111,1.014849,1.012680,0.486804,,,,,,,,GLOBAL_BASELINE_NO_ENTITY_RANKING,,,NOT_APPLICABLE_GLOBAL_BASELINE,HF9g-P5,,,,X 全窗基线 · 不参与实体赏罚,15051008,1506,A168_HF9F_20260827_0900,2026-08-27 09:00:00
2026-07-01,74657362,1157,0,249.5425054068,83.1808351356,83.1808351356,1.0000000,2,1,0.35562093333333333,0.280106050000,1.3460991592879357,1.6031457840727341,1.3460991592879357,0.07551488333333333,ELIGIBLE,R03b_20260811_FULL_v1,L1_ELIGIBILITY,v2026-08-11,2026-03-21..2026-08-06,baccarat_bet02_101_all_pairs_incl_sentinel,round_win = game_pnl > 0 (decisive only),COMPATIBILITY_ONLY_NOT_PRODUCTION,234885.8996,214754.2105,9869.7735,3689,3015,-0.04201944,-0.00608590,-0.04816467,-0.04201944,-9869.7735,234885.8996,OK,0.0000,394.7909,4.0000,96.0000,AG03-UNRESOLVED,ALL5_LEVELS_bet23_to_bet27,394.7909,394.7909,394.7909,394.7909,394.7909,4.000000,4.000000,4.000000,4.000000,4.000000,96.000000,96.000000,96.000000,96.000000,96.000000,5.0,1973.9547,1822.2297,7895.8188,8047.5438,PENDING_AG03,FALSE,NOT_FOR_ENFORCEMENT,9474.9825,206164.0421,9869.7735,9474.9825,394.7909,0.04201944,0.04033866,394.7909,9474.9825,0.04033866,394.7909,394.7909,394.7909,394.7909,394.7909,9474.9825,0.04033866,1973.9547,1822.2297,7895.8188,8047.5438,0.03361555,0.0342615,0.00168078,63.6720,71.2286,3.2736,143.0402,5.0692,3404.1435,43.6957,64.4793,63.5359,42.5677,43.0663,85.2079,124.7713,127.8119,154.8004,42.604,-41.336,2.967791,3.594466,1.478463,30,203,130,8,0.14604117,0.04201944,0.00608590,0E-8,0.000000,0.914292,0.640282,0.04207877,2026-03-23,2026-08-04,69,1947,1162,135,0.511111,1.014849,1.012680,0.486804,,,,,,,,GLOBAL_BASELINE_NO_ENTITY_RANKING,,,NOT_APPLICABLE_GLOBAL_BASELINE,HF9g-P5,,,,X 全窗基线 · 不参与实体赏罚,15051009,1506,A168_HF9F_20260827_0900,2026-08-27 09:00:00
2026-07-01,74657362,1299,0,83.1808351356,83.1808351356,83.1808351356,1.0000000,2,2,0.49324550000000000,0.493245500000,1.4334489766152358,1.4334489766152358,1.4334489766152358,0E-17,ELIGIBLE,R03b_20260811_FULL_v1,L1_ELIGIBILITY,v2026-08-11,2026-03-21..2026-08-06,baccarat_bet02_101_all_pairs_incl_sentinel,round_win = game_pnl > 0 (decisive only),COMPATIBILITY_ONLY_NOT_PRODUCTION,234885.8996,214754.2105,9869.7735,3689,3015,-0.04201944,-0.00608590,-0.04816467,-0.04201944,-9869.7735,234885.8996,OK,0.0000,394.7909,4.0000,96.0000,AG03-UNRESOLVED,ALL5_LEVELS_bet23_to_bet27,394.7909,394.7909,394.7909,394.7909,394.7909,4.000000,4.000000,4.000000,4.000000,4.000000,96.000000,96.000000,96.000000,96.000000,96.000000,5.0,1973.9547,1822.2297,7895.8188,8047.5438,PENDING_AG03,FALSE,NOT_FOR_ENFORCEMENT,9474.9825,206164.0421,9869.7735,9474.9825,394.7909,0.04201944,0.04033866,394.7909,9474.9825,0.04033866,394.7909,394.7909,394.7909,394.7909,394.7909,9474.9825,0.04033866,1973.9547,1822.2297,7895.8188,8047.5438,0.03361555,0.0342615,0.00168078,63.6720,71.2286,3.2736,143.0402,5.0692,3404.1435,43.6957,64.4793,63.5359,42.5677,43.0663,85.2079,124.7713,127.8119,154.8004,42.604,-41.336,2.967791,3.594466,1.478463,30,203,130,8,0.14604117,0.04201944,0.00608590,0E-8,0.000000,0.914292,0.640282,0.04207877,2026-03-23,2026-08-04,69,1947,1162,135,0.511111,1.014849,1.012680,0.486804,,,,,,,,GLOBAL_BASELINE_NO_ENTITY_RANKING,,,NOT_APPLICABLE_GLOBAL_BASELINE,HF9g-P5,,,,X 全窗基线 · 不参与实体赏罚,15051010,1506,A168_HF9F_20260827_0900,2026-08-27 09:00:00
2026-07-01,74657362,1306,0,83.1808351356,-83.1808351356,-83.1808351356,0E-7,1,1,0.49324550000000000,0.493245500000,-0.9865810262130424,-0.9865810262130424,-0.9865810262130424,0E-17,ELIGIBLE,R03b_20260811_FULL_v1,L1_ELIGIBILITY,v2026-08-11,2026-03-21..2026-08-06,baccarat_bet02_101_all_pairs_incl_sentinel,round_win = game_pnl > 0 (decisive only),COMPATIBILITY_ONLY_NOT_PRODUCTION,234885.8996,214754.2105,9869.7735,3689,3015,-0.04201944,-0.00608590,-0.04816467,-0.04201944,-9869.7735,234885.8996,OK,0.0000,394.7909,4.0000,96.0000,AG03-UNRESOLVED,ALL5_LEVELS_bet23_to_bet27,394.7909,394.7909,394.7909,394.7909,394.7909,4.000000,4.000000,4.000000,4.000000,4.000000,96.000000,96.000000,96.000000,96.000000,96.000000,5.0,1973.9547,1822.2297,7895.8188,8047.5438,PENDING_AG03,FALSE,NOT_FOR_ENFORCEMENT,9474.9825,206164.0421,9869.7735,9474.9825,394.7909,0.04201944,0.04033866,394.7909,9474.9825,0.04033866,394.7909,394.7909,394.7909,394.7909,394.7909,9474.9825,0.04033866,1973.9547,1822.2297,7895.8188,8047.5438,0.03361555,0.0342615,0.00168078,63.6720,71.2286,3.2736,143.0402,5.0692,3404.1435,43.6957,64.4793,63.5359,42.5677,43.0663,85.2079,124.7713,127.8119,154.8004,42.604,-41.336,2.967791,3.594466,1.478463,30,203,130,8,0.14604117,0.04201944,0.00608590,0E-8,0.000000,0.914292,0.640282,0.04207877,2026-03-23,2026-08-04,69,1947,1162,135,0.511111,1.014849,1.012680,0.486804,,,,,,,,GLOBAL_BASELINE_NO_ENTITY_RANKING,,,NOT_APPLICABLE_GLOBAL_BASELINE,HF9g-P5,,,,X 全窗基线 · 不参与实体赏罚,15051011,1506,A168_HF9F_20260827_0900,2026-08-27 09:00:00
2026-07-01,74657362,1323,0,249.5425054068,-249.5425054068,-249.5425054068,0E-7,2,1,0.35562093333333333,0.280106050000,-0.7428873223046834,-0.6237735893609975,-0.7428873223046834,0.07551488333333333,ELIGIBLE,R03b_20260811_FULL_v1,L1_ELIGIBILITY,v2026-08-11,2026-03-21..2026-08-06,baccarat_bet02_101_all_pairs_incl_sentinel,round_win = game_pnl > 0 (decisive only),COMPATIBILITY_ONLY_NOT_PRODUCTION,234885.8996,214754.2105,9869.7735,3689,3015,-0.04201944,-0.00608590,-0.04816467,-0.04201944,-9869.7735,234885.8996,OK,0.0000,394.7909,4.0000,96.0000,AG03-UNRESOLVED,ALL5_LEVELS_bet23_to_bet27,394.7909,394.7909,394.7909,394.7909,394.7909,4.000000,4.000000,4.000000,4.000000,4.000000,96.000000,96.000000,96.000000,96.000000,96.000000,5.0,1973.9547,1822.2297,7895.8188,8047.5438,PENDING_AG03,FALSE,NOT_FOR_ENFORCEMENT,9474.9825,206164.0421,9869.7735,9474.9825,394.7909,0.04201944,0.04033866,394.7909,9474.9825,0.04033866,394.7909,394.7909,394.7909,394.7909,394.7909,9474.9825,0.04033866,1973.9547,1822.2297,7895.8188,8047.5438,0.03361555,0.0342615,0.00168078,63.6720,71.2286,3.2736,143.0402,5.0692,3404.1435,43.6957,64.4793,63.5359,42.5677,43.0663,85.2079,124.7713,127.8119,154.8004,42.604,-41.336,2.967791,3.594466,1.478463,30,203,130,8,0.14604117,0.04201944,0.00608590,0E-8,0.000000,0.914292,0.640282,0.04207877,2026-03-23,2026-08-04,69,1947,1162,135,0.511111,1.014849,1.012680,0.486804,,,,,,,,GLOBAL_BASELINE_NO_ENTITY_RANKING,,,NOT_APPLICABLE_GLOBAL_BASELINE,HF9g-P5,,,,X 全窗基线 · 不参与实体赏罚,15051012,1506,A168_HF9F_20260827_0900,2026-08-27 09:00:00
2026-07-01,74657362,1382,0,332.7233405424,0E-10,0E-10,0.5000000,4,2,0.21485151666666667,0.177094075000,0.9818405259831255,1.1962278286471995,0.9818405259831255,0.03775744166666667,ELIGIBLE,R03b_20260811_FULL_v1,L1_ELIGIBILITY,v2026-08-11,2026-03-21..2026-08-06,baccarat_bet02_101_all_pairs_incl_sentinel,round_win = game_pnl > 0 (decisive only),COMPATIBILITY_ONLY_NOT_PRODUCTION,234885.8996,214754.2105,9869.7735,3689,3015,-0.04201944,-0.00608590,-0.04816467,-0.04201944,-9869.7735,234885.8996,OK,0.0000,394.7909,4.0000,96.0000,AG03-UNRESOLVED,ALL5_LEVELS_bet23_to_bet27,394.7909,394.7909,394.7909,394.7909,394.7909,4.000000,4.000000,4.000000,4.000000,4.000000,96.000000,96.000000,96.000000,96.000000,96.000000,5.0,1973.9547,1822.2297,7895.8188,8047.5438,PENDING_AG03,FALSE,NOT_FOR_ENFORCEMENT,9474.9825,206164.0421,9869.7735,9474.9825,394.7909,0.04201944,0.04033866,394.7909,9474.9825,0.04033866,394.7909,394.7909,394.7909,394.7909,394.7909,9474.9825,0.04033866,1973.9547,1822.2297,7895.8188,8047.5438,0.03361555,0.0342615,0.00168078,63.6720,71.2286,3.2736,143.0402,5.0692,3404.1435,43.6957,64.4793,63.5359,42.5677,43.0663,85.2079,124.7713,127.8119,154.8004,42.604,-41.336,2.967791,3.594466,1.478463,30,203,130,8,0.14604117,0.04201944,0.00608590,0E-8,0.000000,0.914292,0.640282,0.04207877,2026-03-23,2026-08-04,69,1947,1162,135,0.511111,1.014849,1.012680,0.486804,,,,,,,,GLOBAL_BASELINE_NO_ENTITY_RANKING,,,NOT_APPLICABLE_GLOBAL_BASELINE,HF9g-P5,,,,X 全窗基线 · 不参与实体赏罚,15051013,1506,A168_HF9F_20260827_0900,2026-08-27 09:00:00
2026-07-01,74657362,1385,0,332.7233405424,-83.1808351356,-83.1808351356,0.5000000,4,2,0.39337837500000000,0.280106050000,0.3086711997975373,0.6925207201862208,0.3086711997975373,0.11327232500000000,ELIGIBLE,R03b_20260811_FULL_v1,L1_ELIGIBILITY,v2026-08-11,2026-03-21..2026-08-06,baccarat_bet02_101_all_pairs_incl_sentinel,round_win = game_pnl > 0 (decisive only),COMPATIBILITY_ONLY_NOT_PRODUCTION,234885.8996,214754.2105,9869.7735,3689,3015,-0.04201944,-0.00608590,-0.04816467,-0.04201944,-9869.7735,234885.8996,OK,0.0000,394.7909,4.0000,96.0000,AG03-UNRESOLVED,ALL5_LEVELS_bet23_to_bet27,394.7909,394.7909,394.7909,394.7909,394.7909,4.000000,4.000000,4.000000,4.000000,4.000000,96.000000,96.000000,96.000000,96.000000,96.000000,5.0,1973.9547,1822.2297,7895.8188,8047.5438,PENDING_AG03,FALSE,NOT_FOR_ENFORCEMENT,9474.9825,206164.0421,9869.7735,9474.9825,394.7909,0.04201944,0.04033866,394.7909,9474.9825,0.04033866,394.7909,394.7909,394.7909,394.7909,394.7909,9474.9825,0.04033866,1973.9547,1822.2297,7895.8188,8047.5438,0.03361555,0.0342615,0.00168078,63.6720,71.2286,3.2736,143.0402,5.0692,3404.1435,43.6957,64.4793,63.5359,42.5677,43.0663,85.2079,124.7713,127.8119,154.8004,42.604,-41.336,2.967791,3.594466,1.478463,30,203,130,8,0.14604117,0.04201944,0.00608590,0E-8,0.000000,0.914292,0.640282,0.04207877,2026-03-23,2026-08-04,69,1947,1162,135,0.511111,1.014849,1.012680,0.486804,,,,,,,,GLOBAL_BASELINE_NO_ENTITY_RANKING,,,NOT_APPLICABLE_GLOBAL_BASELINE,HF9g-P5,,,,X 全窗基线 · 不参与实体赏罚,15051014,1506,A168_HF9F_20260827_0900,2026-08-27 09:00:00
2026-07-01,74657362,1505,0,166.3616702712,83.1808351356,83.1808351356,1.0000000,2,1,0.39337837500000000,0.280106050000,1.2418058546638626,1.6031457840727341,1.2418058546638626,0.11327232500000000,ELIGIBLE,R03b_20260811_FULL_v1,L1_ELIGIBILITY,v2026-08-11,2026-03-21..2026-08-06,baccarat_bet02_101_all_pairs_incl_sentinel,round_win = game_pnl > 0 (decisive only),COMPATIBILITY_ONLY_NOT_PRODUCTION,234885.8996,214754.2105,9869.7735,3689,3015,-0.04201944,-0.00608590,-0.04816467,-0.04201944,-9869.7735,234885.8996,OK,0.0000,394.7909,4.0000,96.0000,AG03-UNRESOLVED,ALL5_LEVELS_bet23_to_bet27,394.7909,394.7909,394.7909,394.7909,394.7909,4.000000,4.000000,4.000000,4.000000,4.000000,96.000000,96.000000,96.000000,96.000000,96.000000,5.0,1973.9547,1822.2297,7895.8188,8047.5438,PENDING_AG03,FALSE,NOT_FOR_ENFORCEMENT,9474.9825,206164.0421,9869.7735,9474.9825,394.7909,0.04201944,0.04033866,394.7909,9474.9825,0.04033866,394.7909,394.7909,394.7909,394.7909,394.7909,9474.9825,0.04033866,1973.9547,1822.2297,7895.8188,8047.5438,0.03361555,0.0342615,0.00168078,63.6720,71.2286,3.2736,143.0402,5.0692,3404.1435,43.6957,64.4793,63.5359,42.5677,43.0663,85.2079,124.7713,127.8119,154.8004,42.604,-41.336,2.967791,3.594466,1.478463,30,203,130,8,0.14604117,0.04201944,0.00608590,0E-8,0.000000,0.914292,0.640282,0.04207877,2026-03-23,2026-08-04,69,1947,1162,135,0.511111,1.014849,1.012680,0.486804,,,,,,,,GLOBAL_BASELINE_NO_ENTITY_RANKING,,,NOT_APPLICABLE_GLOBAL_BASELINE,HF9g-P5,,,,X 全窗基线 · 不参与实体赏罚,15051015,1506,A168_HF9F_20260827_0900,2026-08-27 09:00:00
2026-07-01,74657362,1623,0,41.5904175678,41.5904175678,41.5904175678,1.0000000,1,1,0.49324550000000000,0.493245500000,1.01360149184955,1.01360149184955,1.01360149184955,0E-17,ELIGIBLE,R03b_20260811_FULL_v1,L1_ELIGIBILITY,v2026-08-11,2026-03-21..2026-08-06,baccarat_bet02_101_all_pairs_incl_sentinel,round_win = game_pnl > 0 (decisive only),COMPATIBILITY_ONLY_NOT_PRODUCTION,234885.8996,214754.2105,9869.7735,3689,3015,-0.04201944,-0.00608590,-0.04816467,-0.04201944,-9869.7735,234885.8996,OK,0.0000,394.7909,4.0000,96.0000,AG03-UNRESOLVED,ALL5_LEVELS_bet23_to_bet27,394.7909,394.7909,394.7909,394.7909,394.7909,4.000000,4.000000,4.000000,4.000000,4.000000,96.000000,96.000000,96.000000,96.000000,96.000000,5.0,1973.9547,1822.2297,7895.8188,8047.5438,PENDING_AG03,FALSE,NOT_FOR_ENFORCEMENT,9474.9825,206164.0421,9869.7735,9474.9825,394.7909,0.04201944,0.04033866,394.7909,9474.9825,0.04033866,394.7909,394.7909,394.7909,394.7909,394.7909,9474.9825,0.04033866,1973.9547,1822.2297,7895.8188,8047.5438,0.03361555,0.0342615,0.00168078,63.6720,71.2286,3.2736,143.0402,5.0692,3404.1435,43.6957,64.4793,63.5359,42.5677,43.0663,85.2079,124.7713,127.8119,154.8004,42.604,-41.336,2.967791,3.594466,1.478463,30,203,130,8,0.14604117,0.04201944,0.00608590,0E-8,0.000000,0.914292,0.640282,0.04207877,2026-03-23,2026-08-04,69,1947,1162,135,0.511111,1.014849,1.012680,0.486804,,,,,,,,GLOBAL_BASELINE_NO_ENTITY_RANKING,,,NOT_APPLICABLE_GLOBAL_BASELINE,HF9g-P5,,,,X 全窗基线 · 不参与实体赏罚,15051016,1506,A168_HF9F_20260827_0900,2026-08-27 09:00:00
2026-07-01,74657362,1704,0,249.5425054068,-249.5425054068,-249.5425054068,0E-7,2,1,0.35562093333333333,0.280106050000,-0.7428873223046834,-0.6237735893609975,-0.7428873223046834,0.07551488333333333,ELIGIBLE,R03b_20260811_FULL_v1,L1_ELIGIBILITY,v2026-08-11,2026-03-21..2026-08-06,baccarat_bet02_101_all_pairs_incl_sentinel,round_win = game_pnl > 0 (decisive only),COMPATIBILITY_ONLY_NOT_PRODUCTION,234885.8996,214754.2105,9869.7735,3689,3015,-0.04201944,-0.00608590,-0.04816467,-0.04201944,-9869.7735,234885.8996,OK,0.0000,394.7909,4.0000,96.0000,AG03-UNRESOLVED,ALL5_LEVELS_bet23_to_bet27,394.7909,394.7909,394.7909,394.7909,394.7909,4.000000,4.000000,4.000000,4.000000,4.000000,96.000000,96.000000,96.000000,96.000000,96.000000,5.0,1973.9547,1822.2297,7895.8188,8047.5438,PENDING_AG03,FALSE,NOT_FOR_ENFORCEMENT,9474.9825,206164.0421,9869.7735,9474.9825,394.7909,0.04201944,0.04033866,394.7909,9474.9825,0.04033866,394.7909,394.7909,394.7909,394.7909,394.7909,9474.9825,0.04033866,1973.9547,1822.2297,7895.8188,8047.5438,0.03361555,0.0342615,0.00168078,63.6720,71.2286,3.2736,143.0402,5.0692,3404.1435,43.6957,64.4793,63.5359,42.5677,43.0663,85.2079,124.7713,127.8119,154.8004,42.604,-41.336,2.967791,3.594466,1.478463,30,203,130,8,0.14604117,0.04201944,0.00608590,0E-8,0.000000,0.914292,0.640282,0.04207877,2026-03-23,2026-08-04,69,1947,1162,135,0.511111,1.014849,1.012680,0.486804,,,,,,,,GLOBAL_BASELINE_NO_ENTITY_RANKING,,,NOT_APPLICABLE_GLOBAL_BASELINE,HF9g-P5,,,,X 全窗基线 · 不参与实体赏罚,15051017,1506,A168_HF9F_20260827_0900,2026-08-27 09:00:00
2026-07-01,74657362,2093,0,83.1808351356,83.1808351356,83.1808351356,1.0000000,2,2,0.50665070000000000,0.506650700000,1.3955260008387969,1.3955260008387969,1.3955260008387969,0E-17,ELIGIBLE,R03b_20260811_FULL_v1,L1_ELIGIBILITY,v2026-08-11,2026-03-21..2026-08-06,baccarat_bet02_101_all_pairs_incl_sentinel,round_win = game_pnl > 0 (decisive only),COMPATIBILITY_ONLY_NOT_PRODUCTION,234885.8996,214754.2105,9869.7735,3689,3015,-0.04201944,-0.00608590,-0.04816467,-0.04201944,-9869.7735,234885.8996,OK,0.0000,394.7909,4.0000,96.0000,AG03-UNRESOLVED,ALL5_LEVELS_bet23_to_bet27,394.7909,394.7909,394.7909,394.7909,394.7909,4.000000,4.000000,4.000000,4.000000,4.000000,96.000000,96.000000,96.000000,96.000000,96.000000,5.0,1973.9547,1822.2297,7895.8188,8047.5438,PENDING_AG03,FALSE,NOT_FOR_ENFORCEMENT,9474.9825,206164.0421,9869.7735,9474.9825,394.7909,0.04201944,0.04033866,394.7909,9474.9825,0.04033866,394.7909,394.7909,394.7909,394.7909,394.7909,9474.9825,0.04033866,1973.9547,1822.2297,7895.8188,8047.5438,0.03361555,0.0342615,0.00168078,63.6720,71.2286,3.2736,143.0402,5.0692,3404.1435,43.6957,64.4793,63.5359,42.5677,43.0663,85.2079,124.7713,127.8119,154.8004,42.604,-41.336,2.967791,3.594466,1.478463,30,203,130,8,0.14604117,0.04201944,0.00608590,0E-8,0.000000,0.914292,0.640282,0.04207877,2026-03-23,2026-08-04,69,1947,1162,135,0.511111,1.014849,1.012680,0.486804,,,,,,,,GLOBAL_BASELINE_NO_ENTITY_RANKING,,,NOT_APPLICABLE_GLOBAL_BASELINE,HF9g-P5,,,,X 全窗基线 · 不参与实体赏罚,15051018,1506,A168_HF9F_20260827_0900,2026-08-27 09:00:00
2026-07-01,74657362,2106,0,748.6275162204,-166.3616702712,-166.3616702712,0.5000000,8,4,0.38393901458333333,0.280106050000,0.4772800409135244,0.9793721947117366,0.4772800409135244,0.10383296458333333,ELIGIBLE,R03b_20260811_FULL_v1,L1_ELIGIBILITY,v2026-08-11,2026-03-21..2026-08-06,baccarat_bet02_101_all_pairs_incl_sentinel,round_win = game_pnl > 0 (decisive only),COMPATIBILITY_ONLY_NOT_PRODUCTION,234885.8996,214754.2105,9869.7735,3689,3015,-0.04201944,-0.00608590,-0.04816467,-0.04201944,-9869.7735,234885.8996,OK,0.0000,394.7909,4.0000,96.0000,AG03-UNRESOLVED,ALL5_LEVELS_bet23_to_bet27,394.7909,394.7909,394.7909,394.7909,394.7909,4.000000,4.000000,4.000000,4.000000,4.000000,96.000000,96.000000,96.000000,96.000000,96.000000,5.0,1973.9547,1822.2297,7895.8188,8047.5438,PENDING_AG03,FALSE,NOT_FOR_ENFORCEMENT,9474.9825,206164.0421,9869.7735,9474.9825,394.7909,0.04201944,0.04033866,394.7909,9474.9825,0.04033866,394.7909,394.7909,394.7909,394.7909,394.7909,9474.9825,0.04033866,1973.9547,1822.2297,7895.8188,8047.5438,0.03361555,0.0342615,0.00168078,63.6720,71.2286,3.2736,143.0402,5.0692,3404.1435,43.6957,64.4793,63.5359,42.5677,43.0663,85.2079,124.7713,127.8119,154.8004,42.604,-41.336,2.967791,3.594466,1.478463,30,203,130,8,0.14604117,0.04201944,0.00608590,0E-8,0.000000,0.914292,0.640282,0.04207877,2026-03-23,2026-08-04,69,1947,1162,135,0.511111,1.014849,1.012680,0.486804,,,,,,,,GLOBAL_BASELINE_NO_ENTITY_RANKING,,,NOT_APPLICABLE_GLOBAL_BASELINE,HF9g-P5,,,,X 全窗基线 · 不参与实体赏罚,15051019,1506,A168_HF9F_20260827_0900,2026-08-27 09:00:00
2026-07-01,74657362,2108,0,499.0850108136,-499.0850108136,-499.0850108136,0E-7,6,3,0.39337837500000000,0.280106050000,-1.3947838956176581,-1.0804075491928529,-1.3947838956176581,0.11327232500000000,ELIGIBLE,R03b_20260811_FULL_v1,L1_ELIGIBILITY,v2026-08-11,2026-03-21..2026-08-06,baccarat_bet02_101_all_pairs_incl_sentinel,round_win = game_pnl > 0 (decisive only),COMPATIBILITY_ONLY_NOT_PRODUCTION,234885.8996,214754.2105,9869.7735,3689,3015,-0.04201944,-0.00608590,-0.04816467,-0.04201944,-9869.7735,234885.8996,OK,0.0000,394.7909,4.0000,96.0000,AG03-UNRESOLVED,ALL5_LEVELS_bet23_to_bet27,394.7909,394.7909,394.7909,394.7909,394.7909,4.000000,4.000000,4.000000,4.000000,4.000000,96.000000,96.000000,96.000000,96.000000,96.000000,5.0,1973.9547,1822.2297,7895.8188,8047.5438,PENDING_AG03,FALSE,NOT_FOR_ENFORCEMENT,9474.9825,206164.0421,9869.7735,9474.9825,394.7909,0.04201944,0.04033866,394.7909,9474.9825,0.04033866,394.7909,394.7909,394.7909,394.7909,394.7909,9474.9825,0.04033866,1973.9547,1822.2297,7895.8188,8047.5438,0.03361555,0.0342615,0.00168078,63.6720,71.2286,3.2736,143.0402,5.0692,3404.1435,43.6957,64.4793,63.5359,42.5677,43.0663,85.2079,124.7713,127.8119,154.8004,42.604,-41.336,2.967791,3.594466,1.478463,30,203,130,8,0.14604117,0.04201944,0.00608590,0E-8,0.000000,0.914292,0.640282,0.04207877,2026-03-23,2026-08-04,69,1947,1162,135,0.511111,1.014849,1.012680,0.486804,,,,,,,,GLOBAL_BASELINE_NO_ENTITY_RANKING,,,NOT_APPLICABLE_GLOBAL_BASELINE,HF9g-P5,,,,X 全窗基线 · 不参与实体赏罚,15051020,1506,A168_HF9F_20260827_0900,2026-08-27 09:00:00
2026-07-01,74657362,2117,0,648.8105140576,644.6514723008,644.6514723008,1.0000000,10,3,0.34584391626984877,0.211636816667,2.382106913337714,3.342936940527598,2.382106913337714,0.13420709960284877,ELIGIBLE,R03b_20260811_FULL_v1,L1_ELIGIBILITY,v2026-08-11,2026-03-21..2026-08-06,baccarat_bet02_101_all_pairs_incl_sentinel,round_win = game_pnl > 0 (decisive only),COMPATIBILITY_ONLY_NOT_PRODUCTION,234885.8996,214754.2105,9869.7735,3689,3015,-0.04201944,-0.00608590,-0.04816467,-0.04201944,-9869.7735,234885.8996,OK,0.0000,394.7909,4.0000,96.0000,AG03-UNRESOLVED,ALL5_LEVELS_bet23_to_bet27,394.7909,394.7909,394.7909,394.7909,394.7909,4.000000,4.000000,4.000000,4.000000,4.000000,96.000000,96.000000,96.000000,96.000000,96.000000,5.0,1973.9547,1822.2297,7895.8188,8047.5438,PENDING_AG03,FALSE,NOT_FOR_ENFORCEMENT,9474.9825,206164.0421,9869.7735,9474.9825,394.7909,0.04201944,0.04033866,394.7909,9474.9825,0.04033866,394.7909,394.7909,394.7909,394.7909,394.7909,9474.9825,0.04033866,1973.9547,1822.2297,7895.8188,8047.5438,0.03361555,0.0342615,0.00168078,63.6720,71.2286,3.2736,143.0402,5.0692,3404.1435,43.6957,64.4793,63.5359,42.5677,43.0663,85.2079,124.7713,127.8119,154.8004,42.604,-41.336,2.967791,3.594466,1.478463,30,203,130,8,0.14604117,0.04201944,0.00608590,0E-8,0.000000,0.914292,0.640282,0.04207877,2026-03-23,2026-08-04,69,1947,1162,135,0.511111,1.014849,1.012680,0.486804,,,,,,,,GLOBAL_BASELINE_NO_ENTITY_RANKING,,,NOT_APPLICABLE_GLOBAL_BASELINE,HF9g-P5,,,,X 全窗基线 · 不参与实体赏罚,15051021,1506,A168_HF9F_20260827_0900,2026-08-27 09:00:00
2026-07-01,74657362,2129,0,249.5425054068,83.1808351356,83.1808351356,1.0000000,2,1,0.35562093333333333,0.280106050000,1.3460991592879357,1.6031457840727341,1.3460991592879357,0.07551488333333333,ELIGIBLE,R03b_20260811_FULL_v1,L1_ELIGIBILITY,v2026-08-11,2026-03-21..2026-08-06,baccarat_bet02_101_all_pairs_incl_sentinel,round_win = game_pnl > 0 (decisive only),COMPATIBILITY_ONLY_NOT_PRODUCTION,234885.8996,214754.2105,9869.7735,3689,3015,-0.04201944,-0.00608590,-0.04816467,-0.04201944,-9869.7735,234885.8996,OK,0.0000,394.7909,4.0000,96.0000,AG03-UNRESOLVED,ALL5_LEVELS_bet23_to_bet27,394.7909,394.7909,394.7909,394.7909,394.7909,4.000000,4.000000,4.000000,4.000000,4.000000,96.000000,96.000000,96.000000,96.000000,96.000000,5.0,1973.9547,1822.2297,7895.8188,8047.5438,PENDING_AG03,FALSE,NOT_FOR_ENFORCEMENT,9474.9825,206164.0421,9869.7735,9474.9825,394.7909,0.04201944,0.04033866,394.7909,9474.9825,0.04033866,394.7909,394.7909,394.7909,394.7909,394.7909,9474.9825,0.04033866,1973.9547,1822.2297,7895.8188,8047.5438,0.03361555,0.0342615,0.00168078,63.6720,71.2286,3.2736,143.0402,5.0692,3404.1435,43.6957,64.4793,63.5359,42.5677,43.0663,85.2079,124.7713,127.8119,154.8004,42.604,-41.336,2.967791,3.594466,1.478463,30,203,130,8,0.14604117,0.04201944,0.00608590,0E-8,0.000000,0.914292,0.640282,0.04207877,2026-03-23,2026-08-04,69,1947,1162,135,0.511111,1.014849,1.012680,0.486804,,,,,,,,GLOBAL_BASELINE_NO_ENTITY_RANKING,,,NOT_APPLICABLE_GLOBAL_BASELINE,HF9g-P5,,,,X 全窗基线 · 不参与实体赏罚,15051022,1506,A168_HF9F_20260827_0900,2026-08-27 09:00:00
2026-07-01,74657362,2189,0,914.9891864916,0E-10,0E-10,0.5000000,12,6,0.38079256111111111,0.280106050000,0.6013352631598727,1.1994810726567242,0.6013352631598727,0.10068651111111111,ELIGIBLE,R03b_20260811_FULL_v1,L1_ELIGIBILITY,v2026-08-11,2026-03-21..2026-08-06,baccarat_bet02_101_all_pairs_incl_sentinel,round_win = game_pnl > 0 (decisive only),COMPATIBILITY_ONLY_NOT_PRODUCTION,234885.8996,214754.2105,9869.7735,3689,3015,-0.04201944,-0.00608590,-0.04816467,-0.04201944,-9869.7735,234885.8996,OK,0.0000,394.7909,4.0000,96.0000,AG03-UNRESOLVED,ALL5_LEVELS_bet23_to_bet27,394.7909,394.7909,394.7909,394.7909,394.7909,4.000000,4.000000,4.000000,4.000000,4.000000,96.000000,96.000000,96.000000,96.000000,96.000000,5.0,1973.9547,1822.2297,7895.8188,8047.5438,PENDING_AG03,FALSE,NOT_FOR_ENFORCEMENT,9474.9825,206164.0421,9869.7735,9474.9825,394.7909,0.04201944,0.04033866,394.7909,9474.9825,0.04033866,394.7909,394.7909,394.7909,394.7909,394.7909,9474.9825,0.04033866,1973.9547,1822.2297,7895.8188,8047.5438,0.03361555,0.0342615,0.00168078,63.6720,71.2286,3.2736,143.0402,5.0692,3404.1435,43.6957,64.4793,63.5359,42.5677,43.0663,85.2079,124.7713,127.8119,154.8004,42.604,-41.336,2.967791,3.594466,1.478463,30,203,130,8,0.14604117,0.04201944,0.00608590,0E-8,0.000000,0.914292,0.640282,0.04207877,2026-03-23,2026-08-04,69,1947,1162,135,0.511111,1.014849,1.012680,0.486804,,,,,,,,GLOBAL_BASELINE_NO_ENTITY_RANKING,,,NOT_APPLICABLE_GLOBAL_BASELINE,HF9g-P5,,,,X 全窗基线 · 不参与实体赏罚,15051023,1506,A168_HF9F_20260827_0900,2026-08-27 09:00:00
2026-07-01,74657362,2196,0,166.3616702712,-166.3616702712,-166.3616702712,0E-7,2,1,0.39337837500000000,0.280106050000,-0.8052788575962098,-0.6237735893609975,-0.8052788575962098,0.11327232500000000,ELIGIBLE,R03b_20260811_FULL_v1,L1_ELIGIBILITY,v2026-08-11,2026-03-21..2026-08-06,baccarat_bet02_101_all_pairs_incl_sentinel,round_win = game_pnl > 0 (decisive only),COMPATIBILITY_ONLY_NOT_PRODUCTION,234885.8996,214754.2105,9869.7735,3689,3015,-0.04201944,-0.00608590,-0.04816467,-0.04201944,-9869.7735,234885.8996,OK,0.0000,394.7909,4.0000,96.0000,AG03-UNRESOLVED,ALL5_LEVELS_bet23_to_bet27,394.7909,394.7909,394.7909,394.7909,394.7909,4.000000,4.000000,4.000000,4.000000,4.000000,96.000000,96.000000,96.000000,96.000000,96.000000,5.0,1973.9547,1822.2297,7895.8188,8047.5438,PENDING_AG03,FALSE,NOT_FOR_ENFORCEMENT,9474.9825,206164.0421,9869.7735,9474.9825,394.7909,0.04201944,0.04033866,394.7909,9474.9825,0.04033866,394.7909,394.7909,394.7909,394.7909,394.7909,9474.9825,0.04033866,1973.9547,1822.2297,7895.8188,8047.5438,0.03361555,0.0342615,0.00168078,63.6720,71.2286,3.2736,143.0402,5.0692,3404.1435,43.6957,64.4793,63.5359,42.5677,43.0663,85.2079,124.7713,127.8119,154.8004,42.604,-41.336,2.967791,3.594466,1.478463,30,203,130,8,0.14604117,0.04201944,0.00608590,0E-8,0.000000,0.914292,0.640282,0.04207877,2026-03-23,2026-08-04,69,1947,1162,135,0.511111,1.014849,1.012680,0.486804,,,,,,,,GLOBAL_BASELINE_NO_ENTITY_RANKING,,,NOT_APPLICABLE_GLOBAL_BASELINE,HF9g-P5,,,,X 全窗基线 · 不参与实体赏罚,15051024,1506,A168_HF9F_20260827_0900,2026-08-27 09:00:00
2026-07-01,74657362,2209,0,166.3616702712,-166.3616702712,-166.3616702712,0E-7,2,1,0.39337837500000000,0.280106050000,-0.8052788575962098,-0.6237735893609975,-0.8052788575962098,0.11327232500000000,ELIGIBLE,R03b_20260811_FULL_v1,L1_ELIGIBILITY,v2026-08-11,2026-03-21..2026-08-06,baccarat_bet02_101_all_pairs_incl_sentinel,round_win = game_pnl > 0 (decisive only),COMPATIBILITY_ONLY_NOT_PRODUCTION,234885.8996,214754.2105,9869.7735,3689,3015,-0.04201944,-0.00608590,-0.04816467,-0.04201944,-9869.7735,234885.8996,OK,0.0000,394.7909,4.0000,96.0000,AG03-UNRESOLVED,ALL5_LEVELS_bet23_to_bet27,394.7909,394.7909,394.7909,394.7909,394.7909,4.000000,4.000000,4.000000,4.000000,4.000000,96.000000,96.000000,96.000000,96.000000,96.000000,5.0,1973.9547,1822.2297,7895.8188,8047.5438,PENDING_AG03,FALSE,NOT_FOR_ENFORCEMENT,9474.9825,206164.0421,9869.7735,9474.9825,394.7909,0.04201944,0.04033866,394.7909,9474.9825,0.04033866,394.7909,394.7909,394.7909,394.7909,394.7909,9474.9825,0.04033866,1973.9547,1822.2297,7895.8188,8047.5438,0.03361555,0.0342615,0.00168078,63.6720,71.2286,3.2736,143.0402,5.0692,3404.1435,43.6957,64.4793,63.5359,42.5677,43.0663,85.2079,124.7713,127.8119,154.8004,42.604,-41.336,2.967791,3.594466,1.478463,30,203,130,8,0.14604117,0.04201944,0.00608590,0E-8,0.000000,0.914292,0.640282,0.04207877,2026-03-23,2026-08-04,69,1947,1162,135,0.511111,1.014849,1.012680,0.486804,,,,,,,,GLOBAL_BASELINE_NO_ENTITY_RANKING,,,NOT_APPLICABLE_GLOBAL_BASELINE,HF9g-P5,,,,X 全窗基线 · 不参与实体赏罚,15051025,1506,A168_HF9F_20260827_0900,2026-08-27 09:00:00
2026-07-01,74657362,2278,0,83.1808351356,0E-10,0E-10,,1,1,0.49324550000000000,0.493245500000,,,,0E-17,NO_DECISIVE_ROUND,R03b_20260811_FULL_v1,L1_ELIGIBILITY,v2026-08-11,2026-03-21..2026-08-06,baccarat_bet02_101_all_pairs_incl_sentinel,round_win = game_pnl > 0 (decisive only),COMPATIBILITY_ONLY_NOT_PRODUCTION,234885.8996,214754.2105,9869.7735,3689,3015,-0.04201944,-0.00608590,-0.04816467,-0.04201944,-9869.7735,234885.8996,OK,0.0000,394.7909,4.0000,96.0000,AG03-UNRESOLVED,ALL5_LEVELS_bet23_to_bet27,394.7909,394.7909,394.7909,394.7909,394.7909,4.000000,4.000000,4.000000,4.000000,4.000000,96.000000,96.000000,96.000000,96.000000,96.000000,5.0,1973.9547,1822.2297,7895.8188,8047.5438,PENDING_AG03,FALSE,NOT_FOR_ENFORCEMENT,9474.9825,206164.0421,9869.7735,9474.9825,394.7909,0.04201944,0.04033866,394.7909,9474.9825,0.04033866,394.7909,394.7909,394.7909,394.7909,394.7909,9474.9825,0.04033866,1973.9547,1822.2297,7895.8188,8047.5438,0.03361555,0.0342615,0.00168078,63.6720,71.2286,3.2736,143.0402,5.0692,3404.1435,43.6957,64.4793,63.5359,42.5677,43.0663,85.2079,124.7713,127.8119,154.8004,42.604,-41.336,2.967791,3.594466,1.478463,30,203,130,8,0.14604117,0.04201944,0.00608590,0E-8,0.000000,0.914292,0.640282,0.04207877,2026-03-23,2026-08-04,69,1947,1162,135,0.511111,1.014849,1.012680,0.486804,,,,,,,,GLOBAL_BASELINE_NO_ENTITY_RANKING,,,NOT_APPLICABLE_GLOBAL_BASELINE,HF9g-P5,,,,X 全窗基线 · 不参与实体赏罚,15051026,1506,A168_HF9F_20260827_0900,2026-08-27 09:00:00
2026-07-01,74657362,2280,0,332.7233405424,-83.1808351356,-83.1808351356,0.5000000,4,2,0.39337837500000000,0.280106050000,0.3086711997975373,0.6925207201862208,0.3086711997975373,0.11327232500000000,ELIGIBLE,R03b_20260811_FULL_v1,L1_ELIGIBILITY,v2026-08-11,2026-03-21..2026-08-06,baccarat_bet02_101_all_pairs_incl_sentinel,round_win = game_pnl > 0 (decisive only),COMPATIBILITY_ONLY_NOT_PRODUCTION,234885.8996,214754.2105,9869.7735,3689,3015,-0.04201944,-0.00608590,-0.04816467,-0.04201944,-9869.7735,234885.8996,OK,0.0000,394.7909,4.0000,96.0000,AG03-UNRESOLVED,ALL5_LEVELS_bet23_to_bet27,394.7909,394.7909,394.7909,394.7909,394.7909,4.000000,4.000000,4.000000,4.000000,4.000000,96.000000,96.000000,96.000000,96.000000,96.000000,5.0,1973.9547,1822.2297,7895.8188,8047.5438,PENDING_AG03,FALSE,NOT_FOR_ENFORCEMENT,9474.9825,206164.0421,9869.7735,9474.9825,394.7909,0.04201944,0.04033866,394.7909,9474.9825,0.04033866,394.7909,394.7909,394.7909,394.7909,394.7909,9474.9825,0.04033866,1973.9547,1822.2297,7895.8188,8047.5438,0.03361555,0.0342615,0.00168078,63.6720,71.2286,3.2736,143.0402,5.0692,3404.1435,43.6957,64.4793,63.5359,42.5677,43.0663,85.2079,124.7713,127.8119,154.8004,42.604,-41.336,2.967791,3.594466,1.478463,30,203,130,8,0.14604117,0.04201944,0.00608590,0E-8,0.000000,0.914292,0.640282,0.04207877,2026-03-23,2026-08-04,69,1947,1162,135,0.511111,1.014849,1.012680,0.486804,,,,,,,,GLOBAL_BASELINE_NO_ENTITY_RANKING,,,NOT_APPLICABLE_GLOBAL_BASELINE,HF9g-P5,,,,X 全窗基线 · 不参与实体赏罚,15051027,1506,A168_HF9F_20260827_0900,2026-08-27 09:00:00
2026-07-01,74657362,2281,0,249.5425054068,-249.5425054068,-249.5425054068,0E-7,2,1,0.35562093333333333,0.280106050000,-0.7428873223046834,-0.6237735893609975,-0.7428873223046834,0.07551488333333333,ELIGIBLE,R03b_20260811_FULL_v1,L1_ELIGIBILITY,v2026-08-11,2026-03-21..2026-08-06,baccarat_bet02_101_all_pairs_incl_sentinel,round_win = game_pnl > 0 (decisive only),COMPATIBILITY_ONLY_NOT_PRODUCTION,234885.8996,214754.2105,9869.7735,3689,3015,-0.04201944,-0.00608590,-0.04816467,-0.04201944,-9869.7735,234885.8996,OK,0.0000,394.7909,4.0000,96.0000,AG03-UNRESOLVED,ALL5_LEVELS_bet23_to_bet27,394.7909,394.7909,394.7909,394.7909,394.7909,4.000000,4.000000,4.000000,4.000000,4.000000,96.000000,96.000000,96.000000,96.000000,96.000000,5.0,1973.9547,1822.2297,7895.8188,8047.5438,PENDING_AG03,FALSE,NOT_FOR_ENFORCEMENT,9474.9825,206164.0421,9869.7735,9474.9825,394.7909,0.04201944,0.04033866,394.7909,9474.9825,0.04033866,394.7909,394.7909,394.7909,394.7909,394.7909,9474.9825,0.04033866,1973.9547,1822.2297,7895.8188,8047.5438,0.03361555,0.0342615,0.00168078,63.6720,71.2286,3.2736,143.0402,5.0692,3404.1435,43.6957,64.4793,63.5359,42.5677,43.0663,85.2079,124.7713,127.8119,154.8004,42.604,-41.336,2.967791,3.594466,1.478463,30,203,130,8,0.14604117,0.04201944,0.00608590,0E-8,0.000000,0.914292,0.640282,0.04207877,2026-03-23,2026-08-04,69,1947,1162,135,0.511111,1.014849,1.012680,0.486804,,,,,,,,GLOBAL_BASELINE_NO_ENTITY_RANKING,,,NOT_APPLICABLE_GLOBAL_BASELINE,HF9g-P5,,,,X 全窗基线 · 不参与实体赏罚,15051028,1506,A168_HF9F_20260827_0900,2026-08-27 09:00:00
2026-07-01,74657362,526,0,477.4579936783,-61.5538180003,-61.5538180003,0.6666667,7,3,0.36787713429121228,0.257284311111,1.07318318264084,1.62207823447693,1.07318318264084,0.11059282318021228,ELIGIBLE,R03b_20260811_FULL_v1,L1_ELIGIBILITY,v2026-08-11,2026-03-21..2026-08-06,baccarat_bet02_101_all_pairs_incl_sentinel,round_win = game_pnl > 0 (decisive only),COMPATIBILITY_ONLY_NOT_PRODUCTION,234885.8996,214754.2105,9869.7735,3689,3015,-0.04201944,-0.00608590,-0.04816467,-0.04201944,-9869.7735,234885.8996,OK,0.0000,394.7909,4.0000,96.0000,AG03-UNRESOLVED,ALL5_LEVELS_bet23_to_bet27,394.7909,394.7909,394.7909,394.7909,394.7909,4.000000,4.000000,4.000000,4.000000,4.000000,96.000000,96.000000,96.000000,96.000000,96.000000,5.0,1973.9547,1822.2297,7895.8188,8047.5438,PENDING_AG03,FALSE,NOT_FOR_ENFORCEMENT,9474.9825,206164.0421,9869.7735,9474.9825,394.7909,0.04201944,0.04033866,394.7909,9474.9825,0.04033866,394.7909,394.7909,394.7909,394.7909,394.7909,9474.9825,0.04033866,1973.9547,1822.2297,7895.8188,8047.5438,0.03361555,0.0342615,0.00168078,63.6720,71.2286,3.2736,143.0402,5.0692,3404.1435,43.6957,64.4793,63.5359,42.5677,43.0663,85.2079,124.7713,127.8119,154.8004,42.604,-41.336,2.967791,3.594466,1.478463,30,203,130,8,0.14604117,0.04201944,0.00608590,0E-8,0.000000,0.914292,0.640282,0.04207877,2026-03-23,2026-08-04,69,1947,1162,135,0.511111,1.014849,1.012680,0.486804,,,,,,,,GLOBAL_BASELINE_NO_ENTITY_RANKING,,,NOT_APPLICABLE_GLOBAL_BASELINE,HF9g-P5,,,,X 全窗基线 · 不参与实体赏罚,15051029,1506,A168_HF9F_20260827_0900,2026-08-27 09:00:00
2026-07-02,74657362,-1,1,914.9891864916,-582.2658459492,-582.2658459492,0.2500000,12,8,0.39683290000000000,0.340196737500,-0.8488788478547256,-0.538472490515504,-0.8488788478547256,0.05663616250000000,SENTINEL_DEALER,R03b_20260811_FULL_v1,L1_ELIGIBILITY,v2026-08-11,2026-03-21..2026-08-06,baccarat_bet02_101_all_pairs_incl_sentinel,round_win = game_pnl > 0 (decisive only),COMPATIBILITY_ONLY_NOT_PRODUCTION,234885.8996,214754.2105,9869.7735,3689,3015,-0.04201944,-0.00608590,-0.04816467,-0.04201944,-9869.7735,234885.8996,OK,0.0000,394.7909,4.0000,96.0000,AG03-UNRESOLVED,ALL5_LEVELS_bet23_to_bet27,394.7909,394.7909,394.7909,394.7909,394.7909,4.000000,4.000000,4.000000,4.000000,4.000000,96.000000,96.000000,96.000000,96.000000,96.000000,5.0,1973.9547,1822.2297,7895.8188,8047.5438,PENDING_AG03,FALSE,NOT_FOR_ENFORCEMENT,9474.9825,206164.0421,9869.7735,9474.9825,394.7909,0.04201944,0.04033866,394.7909,9474.9825,0.04033866,394.7909,394.7909,394.7909,394.7909,394.7909,9474.9825,0.04033866,1973.9547,1822.2297,7895.8188,8047.5438,0.03361555,0.0342615,0.00168078,63.6720,71.2286,3.2736,143.0402,5.0692,3404.1435,43.6957,64.4793,63.5359,42.5677,43.0663,85.2079,124.7713,127.8119,154.8004,42.604,-41.336,2.967791,3.594466,1.478463,30,203,130,8,0.14604117,0.04201944,0.00608590,0E-8,0.000000,0.914292,0.640282,0.04207877,2026-03-23,2026-08-04,69,1947,1162,135,0.511111,1.014849,1.012680,0.486804,,,,,,,,GLOBAL_BASELINE_NO_ENTITY_RANKING,,,NOT_APPLICABLE_GLOBAL_BASELINE,HF9g-P5,,,,X 全窗基线 · 不参与实体赏罚,15051030,1506,A168_HF9F_20260827_0900,2026-08-27 09:00:00
2026-07-02,74657362,1078,0,83.1808351356,83.1808351356,83.1808351356,1.0000000,1,1,0.50665070000000000,0.506650700000,0.9867858985152569,0.9867858985152569,0.9867858985152569,0E-17,ELIGIBLE,R03b_20260811_FULL_v1,L1_ELIGIBILITY,v2026-08-11,2026-03-21..2026-08-06,baccarat_bet02_101_all_pairs_incl_sentinel,round_win = game_pnl > 0 (decisive only),COMPATIBILITY_ONLY_NOT_PRODUCTION,234885.8996,214754.2105,9869.7735,3689,3015,-0.04201944,-0.00608590,-0.04816467,-0.04201944,-9869.7735,234885.8996,OK,0.0000,394.7909,4.0000,96.0000,AG03-UNRESOLVED,ALL5_LEVELS_bet23_to_bet27,394.7909,394.7909,394.7909,394.7909,394.7909,4.000000,4.000000,4.000000,4.000000,4.000000,96.000000,96.000000,96.000000,96.000000,96.000000,5.0,1973.9547,1822.2297,7895.8188,8047.5438,PENDING_AG03,FALSE,NOT_FOR_ENFORCEMENT,9474.9825,206164.0421,9869.7735,9474.9825,394.7909,0.04201944,0.04033866,394.7909,9474.9825,0.04033866,394.7909,394.7909,394.7909,394.7909,394.7909,9474.9825,0.04033866,1973.9547,1822.2297,7895.8188,8047.5438,0.03361555,0.0342615,0.00168078,63.6720,71.2286,3.2736,143.0402,5.0692,3404.1435,43.6957,64.4793,63.5359,42.5677,43.0663,85.2079,124.7713,127.8119,154.8004,42.604,-41.336,2.967791,3.594466,1.478463,30,203,130,8,0.14604117,0.04201944,0.00608590,0E-8,0.000000,0.914292,0.640282,0.04207877,2026-03-23,2026-08-04,69,1947,1162,135,0.511111,1.014849,1.012680,0.486804,,,,,,,,GLOBAL_BASELINE_NO_ENTITY_RANKING,,,NOT_APPLICABLE_GLOBAL_BASELINE,HF9g-P5,,,,X 全窗基线 · 不参与实体赏罚,15051031,1506,A168_HF9F_20260827_0900,2026-08-27 09:00:00
2026-07-02,74657362,1205,0,83.1808351356,-83.1808351356,-83.1808351356,0E-7,1,1,0.49324550000000000,0.493245500000,-0.9865810262130424,-0.9865810262130424,-0.9865810262130424,0E-17,ELIGIBLE,R03b_20260811_FULL_v1,L1_ELIGIBILITY,v2026-08-11,2026-03-21..2026-08-06,baccarat_bet02_101_all_pairs_incl_sentinel,round_win = game_pnl > 0 (decisive only),COMPATIBILITY_ONLY_NOT_PRODUCTION,234885.8996,214754.2105,9869.7735,3689,3015,-0.04201944,-0.00608590,-0.04816467,-0.04201944,-9869.7735,234885.8996,OK,0.0000,394.7909,4.0000,96.0000,AG03-UNRESOLVED,ALL5_LEVELS_bet23_to_bet27,394.7909,394.7909,394.7909,394.7909,394.7909,4.000000,4.000000,4.000000,4.000000,4.000000,96.000000,96.000000,96.000000,96.000000,96.000000,5.0,1973.9547,1822.2297,7895.8188,8047.5438,PENDING_AG03,FALSE,NOT_FOR_ENFORCEMENT,9474.9825,206164.0421,9869.7735,9474.9825,394.7909,0.04201944,0.04033866,394.7909,9474.9825,0.04033866,394.7909,394.7909,394.7909,394.7909,394.7909,9474.9825,0.04033866,1973.9547,1822.2297,7895.8188,8047.5438,0.03361555,0.0342615,0.00168078,63.6720,71.2286,3.2736,143.0402,5.0692,3404.1435,43.6957,64.4793,63.5359,42.5677,43.0663,85.2079,124.7713,127.8119,154.8004,42.604,-41.336,2.967791,3.594466,1.478463,30,203,130,8,0.14604117,0.04201944,0.00608590,0E-8,0.000000,0.914292,0.640282,0.04207877,2026-03-23,2026-08-04,69,1947,1162,135,0.511111,1.014849,1.012680,0.486804,,,,,,,,GLOBAL_BASELINE_NO_ENTITY_RANKING,,,NOT_APPLICABLE_GLOBAL_BASELINE,HF9g-P5,,,,X 全窗基线 · 不参与实体赏罚,15051032,1506,A168_HF9F_20260827_0900,2026-08-27 09:00:00
2026-07-02,74657362,1304,0,83.1808351356,-83.1808351356,-83.1808351356,0E-7,1,1,0.49324550000000000,0.493245500000,-0.9865810262130424,-0.9865810262130424,-0.9865810262130424,0E-17,ELIGIBLE,R03b_20260811_FULL_v1,L1_ELIGIBILITY,v2026-08-11,2026-03-21..2026-08-06,baccarat_bet02_101_all_pairs_incl_sentinel,round_win = game_pnl > 0 (decisive only),COMPATIBILITY_ONLY_NOT_PRODUCTION,234885.8996,214754.2105,9869.7735,3689,3015,-0.04201944,-0.00608590,-0.04816467,-0.04201944,-9869.7735,234885.8996,OK,0.0000,394.7909,4.0000,96.0000,AG03-UNRESOLVED,ALL5_LEVELS_bet23_to_bet27,394.7909,394.7909,394.7909,394.7909,394.7909,4.000000,4.000000,4.000000,4.000000,4.000000,96.000000,96.000000,96.000000,96.000000,96.000000,5.0,1973.9547,1822.2297,7895.8188,8047.5438,PENDING_AG03,FALSE,NOT_FOR_ENFORCEMENT,9474.9825,206164.0421,9869.7735,9474.9825,394.7909,0.04201944,0.04033866,394.7909,9474.9825,0.04033866,394.7909,394.7909,394.7909,394.7909,394.7909,9474.9825,0.04033866,1973.9547,1822.2297,7895.8188,8047.5438,0.03361555,0.0342615,0.00168078,63.6720,71.2286,3.2736,143.0402,5.0692,3404.1435,43.6957,64.4793,63.5359,42.5677,43.0663,85.2079,124.7713,127.8119,154.8004,42.604,-41.336,2.967791,3.594466,1.478463,30,203,130,8,0.14604117,0.04201944,0.00608590,0E-8,0.000000,0.914292,0.640282,0.04207877,2026-03-23,2026-08-04,69,1947,1162,135,0.511111,1.014849,1.012680,0.486804,,,,,,,,GLOBAL_BASELINE_NO_ENTITY_RANKING,,,NOT_APPLICABLE_GLOBAL_BASELINE,HF9g-P5,,,,X 全窗基线 · 不参与实体赏罚,15051033,1506,A168_HF9F_20260827_0900,2026-08-27 09:00:00
2026-07-02,74657362,1323,0,166.3616702712,-166.3616702712,-166.3616702712,0E-7,2,1,0.39337837500000000,0.280106050000,-0.8052788575962098,-0.6237735893609975,-0.8052788575962098,0.11327232500000000,ELIGIBLE,R03b_20260811_FULL_v1,L1_ELIGIBILITY,v2026-08-11,2026-03-21..2026-08-06,baccarat_bet02_101_all_pairs_incl_sentinel,round_win = game_pnl > 0 (decisive only),COMPATIBILITY_ONLY_NOT_PRODUCTION,234885.8996,214754.2105,9869.7735,3689,3015,-0.04201944,-0.00608590,-0.04816467,-0.04201944,-9869.7735,234885.8996,OK,0.0000,394.7909,4.0000,96.0000,AG03-UNRESOLVED,ALL5_LEVELS_bet23_to_bet27,394.7909,394.7909,394.7909,394.7909,394.7909,4.000000,4.000000,4.000000,4.000000,4.000000,96.000000,96.000000,96.000000,96.000000,96.000000,5.0,1973.9547,1822.2297,7895.8188,8047.5438,PENDING_AG03,FALSE,NOT_FOR_ENFORCEMENT,9474.9825,206164.0421,9869.7735,9474.9825,394.7909,0.04201944,0.04033866,394.7909,9474.9825,0.04033866,394.7909,394.7909,394.7909,394.7909,394.7909,9474.9825,0.04033866,1973.9547,1822.2297,7895.8188,8047.5438,0.03361555,0.0342615,0.00168078,63.6720,71.2286,3.2736,143.0402,5.0692,3404.1435,43.6957,64.4793,63.5359,42.5677,43.0663,85.2079,124.7713,127.8119,154.8004,42.604,-41.336,2.967791,3.594466,1.478463,30,203,130,8,0.14604117,0.04201944,0.00608590,0E-8,0.000000,0.914292,0.640282,0.04207877,2026-03-23,2026-08-04,69,1947,1162,135,0.511111,1.014849,1.012680,0.486804,,,,,,,,GLOBAL_BASELINE_NO_ENTITY_RANKING,,,NOT_APPLICABLE_GLOBAL_BASELINE,HF9g-P5,,,,X 全窗基线 · 不参与实体赏罚,15051034,1506,A168_HF9F_20260827_0900,2026-08-27 09:00:00
2026-07-02,74657362,1325,0,166.3616702712,124.7712527034,124.7712527034,1.0000000,3,3,0.49771390000000000,0.497713900000,1.4206944795187548,1.420694479518755,1.4206944795187548,0E-17,ELIGIBLE,R03b_20260811_FULL_v1,L1_ELIGIBILITY,v2026-08-11,2026-03-21..2026-08-06,baccarat_bet02_101_all_pairs_incl_sentinel,round_win = game_pnl > 0 (decisive only),COMPATIBILITY_ONLY_NOT_PRODUCTION,234885.8996,214754.2105,9869.7735,3689,3015,-0.04201944,-0.00608590,-0.04816467,-0.04201944,-9869.7735,234885.8996,OK,0.0000,394.7909,4.0000,96.0000,AG03-UNRESOLVED,ALL5_LEVELS_bet23_to_bet27,394.7909,394.7909,394.7909,394.7909,394.7909,4.000000,4.000000,4.000000,4.000000,4.000000,96.000000,96.000000,96.000000,96.000000,96.000000,5.0,1973.9547,1822.2297,7895.8188,8047.5438,PENDING_AG03,FALSE,NOT_FOR_ENFORCEMENT,9474.9825,206164.0421,9869.7735,9474.9825,394.7909,0.04201944,0.04033866,394.7909,9474.9825,0.04033866,394.7909,394.7909,394.7909,394.7909,394.7909,9474.9825,0.04033866,1973.9547,1822.2297,7895.8188,8047.5438,0.03361555,0.0342615,0.00168078,63.6720,71.2286,3.2736,143.0402,5.0692,3404.1435,43.6957,64.4793,63.5359,42.5677,43.0663,85.2079,124.7713,127.8119,154.8004,42.604,-41.336,2.967791,3.594466,1.478463,30,203,130,8,0.14604117,0.04201944,0.00608590,0E-8,0.000000,0.914292,0.640282,0.04207877,2026-03-23,2026-08-04,69,1947,1162,135,0.511111,1.014849,1.012680,0.486804,,,,,,,,GLOBAL_BASELINE_NO_ENTITY_RANKING,,,NOT_APPLICABLE_GLOBAL_BASELINE,HF9g-P5,,,,X 全窗基线 · 不参与实体赏罚,15051035,1506,A168_HF9F_20260827_0900,2026-08-27 09:00:00
2026-07-02,74657362,1330,0,83.1808351356,-83.1808351356,-83.1808351356,0E-7,2,2,0.49324550000000000,0.493245500000,-1.3952362676504506,-1.3952362676504506,-1.3952362676504506,0E-17,ELIGIBLE,R03b_20260811_FULL_v1,L1_ELIGIBILITY,v2026-08-11,2026-03-21..2026-08-06,baccarat_bet02_101_all_pairs_incl_sentinel,round_win = game_pnl > 0 (decisive only),COMPATIBILITY_ONLY_NOT_PRODUCTION,234885.8996,214754.2105,9869.7735,3689,3015,-0.04201944,-0.00608590,-0.04816467,-0.04201944,-9869.7735,234885.8996,OK,0.0000,394.7909,4.0000,96.0000,AG03-UNRESOLVED,ALL5_LEVELS_bet23_to_bet27,394.7909,394.7909,394.7909,394.7909,394.7909,4.000000,4.000000,4.000000,4.000000,4.000000,96.000000,96.000000,96.000000,96.000000,96.000000,5.0,1973.9547,1822.2297,7895.8188,8047.5438,PENDING_AG03,FALSE,NOT_FOR_ENFORCEMENT,9474.9825,206164.0421,9869.7735,9474.9825,394.7909,0.04201944,0.04033866,394.7909,9474.9825,0.04033866,394.7909,394.7909,394.7909,394.7909,394.7909,9474.9825,0.04033866,1973.9547,1822.2297,7895.8188,8047.5438,0.03361555,0.0342615,0.00168078,63.6720,71.2286,3.2736,143.0402,5.0692,3404.1435,43.6957,64.4793,63.5359,42.5677,43.0663,85.2079,124.7713,127.8119,154.8004,42.604,-41.336,2.967791,3.594466,1.478463,30,203,130,8,0.14604117,0.04201944,0.00608590,0E-8,0.000000,0.914292,0.640282,0.04207877,2026-03-23,2026-08-04,69,1947,1162,135,0.511111,1.014849,1.012680,0.486804,,,,,,,,GLOBAL_BASELINE_NO_ENTITY_RANKING,,,NOT_APPLICABLE_GLOBAL_BASELINE,HF9g-P5,,,,X 全窗基线 · 不参与实体赏罚,15051036,1506,A168_HF9F_20260827_0900,2026-08-27 09:00:00
2026-07-02,74657362,1485,0,831.8083513560,41.5904175678,41.5904175678,0.6000000,10,5,0.39337837500000000,0.280106050000,0.9457940769599732,1.5929257112652078,0.9457940769599732,0.11327232500000000,ELIGIBLE,R03b_20260811_FULL_v1,L1_ELIGIBILITY,v2026-08-11,2026-03-21..2026-08-06,baccarat_bet02_101_all_pairs_incl_sentinel,round_win = game_pnl > 0 (decisive only),COMPATIBILITY_ONLY_NOT_PRODUCTION,234885.8996,214754.2105,9869.7735,3689,3015,-0.04201944,-0.00608590,-0.04816467,-0.04201944,-9869.7735,234885.8996,OK,0.0000,394.7909,4.0000,96.0000,AG03-UNRESOLVED,ALL5_LEVELS_bet23_to_bet27,394.7909,394.7909,394.7909,394.7909,394.7909,4.000000,4.000000,4.000000,4.000000,4.000000,96.000000,96.000000,96.000000,96.000000,96.000000,5.0,1973.9547,1822.2297,7895.8188,8047.5438,PENDING_AG03,FALSE,NOT_FOR_ENFORCEMENT,9474.9825,206164.0421,9869.7735,9474.9825,394.7909,0.04201944,0.04033866,394.7909,9474.9825,0.04033866,394.7909,394.7909,394.7909,394.7909,394.7909,9474.9825,0.04033866,1973.9547,1822.2297,7895.8188,8047.5438,0.03361555,0.0342615,0.00168078,63.6720,71.2286,3.2736,143.0402,5.0692,3404.1435,43.6957,64.4793,63.5359,42.5677,43.0663,85.2079,124.7713,127.8119,154.8004,42.604,-41.336,2.967791,3.594466,1.478463,30,203,130,8,0.14604117,0.04201944,0.00608590,0E-8,0.000000,0.914292,0.640282,0.04207877,2026-03-23,2026-08-04,69,1947,1162,135,0.511111,1.014849,1.012680,0.486804,,,,,,,,GLOBAL_BASELINE_NO_ENTITY_RANKING,,,NOT_APPLICABLE_GLOBAL_BASELINE,HF9g-P5,,,,X 全窗基线 · 不参与实体赏罚,15051037,1506,A168_HF9F_20260827_0900,2026-08-27 09:00:00
2026-07-02,74657362,2068,0,83.1808351356,-83.1808351356,-83.1808351356,0E-7,1,1,0.49324550000000000,0.493245500000,-0.9865810262130424,-0.9865810262130424,-0.9865810262130424,0E-17,ELIGIBLE,R03b_20260811_FULL_v1,L1_ELIGIBILITY,v2026-08-11,2026-03-21..2026-08-06,baccarat_bet02_101_all_pairs_incl_sentinel,round_win = game_pnl > 0 (decisive only),COMPATIBILITY_ONLY_NOT_PRODUCTION,234885.8996,214754.2105,9869.7735,3689,3015,-0.04201944,-0.00608590,-0.04816467,-0.04201944,-9869.7735,234885.8996,OK,0.0000,394.7909,4.0000,96.0000,AG03-UNRESOLVED,ALL5_LEVELS_bet23_to_bet27,394.7909,394.7909,394.7909,394.7909,394.7909,4.000000,4.000000,4.000000,4.000000,4.000000,96.000000,96.000000,96.000000,96.000000,96.000000,5.0,1973.9547,1822.2297,7895.8188,8047.5438,PENDING_AG03,FALSE,NOT_FOR_ENFORCEMENT,9474.9825,206164.0421,9869.7735,9474.9825,394.7909,0.04201944,0.04033866,394.7909,9474.9825,0.04033866,394.7909,394.7909,394.7909,394.7909,394.7909,9474.9825,0.04033866,1973.9547,1822.2297,7895.8188,8047.5438,0.03361555,0.0342615,0.00168078,63.6720,71.2286,3.2736,143.0402,5.0692,3404.1435,43.6957,64.4793,63.5359,42.5677,43.0663,85.2079,124.7713,127.8119,154.8004,42.604,-41.336,2.967791,3.594466,1.478463,30,203,130,8,0.14604117,0.04201944,0.00608590,0E-8,0.000000,0.914292,0.640282,0.04207877,2026-03-23,2026-08-04,69,1947,1162,135,0.511111,1.014849,1.012680,0.486804,,,,,,,,GLOBAL_BASELINE_NO_ENTITY_RANKING,,,NOT_APPLICABLE_GLOBAL_BASELINE,HF9g-P5,,,,X 全窗基线 · 不参与实体赏罚,15051038,1506,A168_HF9F_20260827_0900,2026-08-27 09:00:00
2026-07-02,74657362,2093,0,124.7712527034,-41.5904175678,-41.5904175678,0.3333333,3,3,0.49771390000000000,0.497713900000,-0.5694369385616226,-0.5694369385616226,-0.5694369385616226,0E-17,ELIGIBLE,R03b_20260811_FULL_v1,L1_ELIGIBILITY,v2026-08-11,2026-03-21..2026-08-06,baccarat_bet02_101_all_pairs_incl_sentinel,round_win = game_pnl > 0 (decisive only),COMPATIBILITY_ONLY_NOT_PRODUCTION,234885.8996,214754.2105,9869.7735,3689,3015,-0.04201944,-0.00608590,-0.04816467,-0.04201944,-9869.7735,234885.8996,OK,0.0000,394.7909,4.0000,96.0000,AG03-UNRESOLVED,ALL5_LEVELS_bet23_to_bet27,394.7909,394.7909,394.7909,394.7909,394.7909,4.000000,4.000000,4.000000,4.000000,4.000000,96.000000,96.000000,96.000000,96.000000,96.000000,5.0,1973.9547,1822.2297,7895.8188,8047.5438,PENDING_AG03,FALSE,NOT_FOR_ENFORCEMENT,9474.9825,206164.0421,9869.7735,9474.9825,394.7909,0.04201944,0.04033866,394.7909,9474.9825,0.04033866,394.7909,394.7909,394.7909,394.7909,394.7909,9474.9825,0.04033866,1973.9547,1822.2297,7895.8188,8047.5438,0.03361555,0.0342615,0.00168078,63.6720,71.2286,3.2736,143.0402,5.0692,3404.1435,43.6957,64.4793,63.5359,42.5677,43.0663,85.2079,124.7713,127.8119,154.8004,42.604,-41.336,2.967791,3.594466,1.478463,30,203,130,8,0.14604117,0.04201944,0.00608590,0E-8,0.000000,0.914292,0.640282,0.04207877,2026-03-23,2026-08-04,69,1947,1162,135,0.511111,1.014849,1.012680,0.486804,,,,,,,,GLOBAL_BASELINE_NO_ENTITY_RANKING,,,NOT_APPLICABLE_GLOBAL_BASELINE,HF9g-P5,,,,X 全窗基线 · 不参与实体赏罚,15051039,1506,A168_HF9F_20260827_0900,2026-08-27 09:00:00
2026-07-02,74657362,2156,0,166.3616702712,-166.3616702712,-166.3616702712,0E-7,2,1,0.39337837500000000,0.280106050000,-0.8052788575962098,-0.6237735893609975,-0.8052788575962098,0.11327232500000000,ELIGIBLE,R03b_20260811_FULL_v1,L1_ELIGIBILITY,v2026-08-11,2026-03-21..2026-08-06,baccarat_bet02_101_all_pairs_incl_sentinel,round_win = game_pnl > 0 (decisive only),COMPATIBILITY_ONLY_NOT_PRODUCTION,234885.8996,214754.2105,9869.7735,3689,3015,-0.04201944,-0.00608590,-0.04816467,-0.04201944,-9869.7735,234885.8996,OK,0.0000,394.7909,4.0000,96.0000,AG03-UNRESOLVED,ALL5_LEVELS_bet23_to_bet27,394.7909,394.7909,394.7909,394.7909,394.7909,4.000000,4.000000,4.000000,4.000000,4.000000,96.000000,96.000000,96.000000,96.000000,96.000000,5.0,1973.9547,1822.2297,7895.8188,8047.5438,PENDING_AG03,FALSE,NOT_FOR_ENFORCEMENT,9474.9825,206164.0421,9869.7735,9474.9825,394.7909,0.04201944,0.04033866,394.7909,9474.9825,0.04033866,394.7909,394.7909,394.7909,394.7909,394.7909,9474.9825,0.04033866,1973.9547,1822.2297,7895.8188,8047.5438,0.03361555,0.0342615,0.00168078,63.6720,71.2286,3.2736,143.0402,5.0692,3404.1435,43.6957,64.4793,63.5359,42.5677,43.0663,85.2079,124.7713,127.8119,154.8004,42.604,-41.336,2.967791,3.594466,1.478463,30,203,130,8,0.14604117,0.04201944,0.00608590,0E-8,0.000000,0.914292,0.640282,0.04207877,2026-03-23,2026-08-04,69,1947,1162,135,0.511111,1.014849,1.012680,0.486804,,,,,,,,GLOBAL_BASELINE_NO_ENTITY_RANKING,,,NOT_APPLICABLE_GLOBAL_BASELINE,HF9g-P5,,,,X 全窗基线 · 不参与实体赏罚,15051040,1506,A168_HF9F_20260827_0900,2026-08-27 09:00:00
2026-07-02,74657362,2175,0,83.1808351356,-83.1808351356,-83.1808351356,0E-7,1,1,0.09460280000000000,0.094602800000,-0.32324545095860213,-0.32324545095860213,-0.32324545095860213,0E-17,ELIGIBLE,R03b_20260811_FULL_v1,L1_ELIGIBILITY,v2026-08-11,2026-03-21..2026-08-06,baccarat_bet02_101_all_pairs_incl_sentinel,round_win = game_pnl > 0 (decisive only),COMPATIBILITY_ONLY_NOT_PRODUCTION,234885.8996,214754.2105,9869.7735,3689,3015,-0.04201944,-0.00608590,-0.04816467,-0.04201944,-9869.7735,234885.8996,OK,0.0000,394.7909,4.0000,96.0000,AG03-UNRESOLVED,ALL5_LEVELS_bet23_to_bet27,394.7909,394.7909,394.7909,394.7909,394.7909,4.000000,4.000000,4.000000,4.000000,4.000000,96.000000,96.000000,96.000000,96.000000,96.000000,5.0,1973.9547,1822.2297,7895.8188,8047.5438,PENDING_AG03,FALSE,NOT_FOR_ENFORCEMENT,9474.9825,206164.0421,9869.7735,9474.9825,394.7909,0.04201944,0.04033866,394.7909,9474.9825,0.04033866,394.7909,394.7909,394.7909,394.7909,394.7909,9474.9825,0.04033866,1973.9547,1822.2297,7895.8188,8047.5438,0.03361555,0.0342615,0.00168078,63.6720,71.2286,3.2736,143.0402,5.0692,3404.1435,43.6957,64.4793,63.5359,42.5677,43.0663,85.2079,124.7713,127.8119,154.8004,42.604,-41.336,2.967791,3.594466,1.478463,30,203,130,8,0.14604117,0.04201944,0.00608590,0E-8,0.000000,0.914292,0.640282,0.04207877,2026-03-23,2026-08-04,69,1947,1162,135,0.511111,1.014849,1.012680,0.486804,,,,,,,,GLOBAL_BASELINE_NO_ENTITY_RANKING,,,NOT_APPLICABLE_GLOBAL_BASELINE,HF9g-P5,,,,X 全窗基线 · 不参与实体赏罚,15051041,1506,A168_HF9F_20260827_0900,2026-08-27 09:00:00
2026-07-02,74657362,2252,0,249.5425054068,-83.1808351356,-83.1808351356,0.3333333,3,3,0.49324550000000000,0.493245500000,-0.5540025479526107,-0.5540025479526106,-0.5540025479526107,0E-17,ELIGIBLE,R03b_20260811_FULL_v1,L1_ELIGIBILITY,v2026-08-11,2026-03-21..2026-08-06,baccarat_bet02_101_all_pairs_incl_sentinel,round_win = game_pnl > 0 (decisive only),COMPATIBILITY_ONLY_NOT_PRODUCTION,234885.8996,214754.2105,9869.7735,3689,3015,-0.04201944,-0.00608590,-0.04816467,-0.04201944,-9869.7735,234885.8996,OK,0.0000,394.7909,4.0000,96.0000,AG03-UNRESOLVED,ALL5_LEVELS_bet23_to_bet27,394.7909,394.7909,394.7909,394.7909,394.7909,4.000000,4.000000,4.000000,4.000000,4.000000,96.000000,96.000000,96.000000,96.000000,96.000000,5.0,1973.9547,1822.2297,7895.8188,8047.5438,PENDING_AG03,FALSE,NOT_FOR_ENFORCEMENT,9474.9825,206164.0421,9869.7735,9474.9825,394.7909,0.04201944,0.04033866,394.7909,9474.9825,0.04033866,394.7909,394.7909,394.7909,394.7909,394.7909,9474.9825,0.04033866,1973.9547,1822.2297,7895.8188,8047.5438,0.03361555,0.0342615,0.00168078,63.6720,71.2286,3.2736,143.0402,5.0692,3404.1435,43.6957,64.4793,63.5359,42.5677,43.0663,85.2079,124.7713,127.8119,154.8004,42.604,-41.336,2.967791,3.594466,1.478463,30,203,130,8,0.14604117,0.04201944,0.00608590,0E-8,0.000000,0.914292,0.640282,0.04207877,2026-03-23,2026-08-04,69,1947,1162,135,0.511111,1.014849,1.012680,0.486804,,,,,,,,GLOBAL_BASELINE_NO_ENTITY_RANKING,,,NOT_APPLICABLE_GLOBAL_BASELINE,HF9g-P5,,,,X 全窗基线 · 不参与实体赏罚,15051042,1506,A168_HF9F_20260827_0900,2026-08-27 09:00:00
2026-07-02,74657362,2280,0,540.6754283814,41.5904175678,41.5904175678,0.7500000,6,4,0.43991376775001090,0.386675775000,1.2493992880313434,1.4921270715560784,1.2493992880313434,0.05323799275001090,ELIGIBLE,R03b_20260811_FULL_v1,L1_ELIGIBILITY,v2026-08-11,2026-03-21..2026-08-06,baccarat_bet02_101_all_pairs_incl_sentinel,round_win = game_pnl > 0 (decisive only),COMPATIBILITY_ONLY_NOT_PRODUCTION,234885.8996,214754.2105,9869.7735,3689,3015,-0.04201944,-0.00608590,-0.04816467,-0.04201944,-9869.7735,234885.8996,OK,0.0000,394.7909,4.0000,96.0000,AG03-UNRESOLVED,ALL5_LEVELS_bet23_to_bet27,394.7909,394.7909,394.7909,394.7909,394.7909,4.000000,4.000000,4.000000,4.000000,4.000000,96.000000,96.000000,96.000000,96.000000,96.000000,5.0,1973.9547,1822.2297,7895.8188,8047.5438,PENDING_AG03,FALSE,NOT_FOR_ENFORCEMENT,9474.9825,206164.0421,9869.7735,9474.9825,394.7909,0.04201944,0.04033866,394.7909,9474.9825,0.04033866,394.7909,394.7909,394.7909,394.7909,394.7909,9474.9825,0.04033866,1973.9547,1822.2297,7895.8188,8047.5438,0.03361555,0.0342615,0.00168078,63.6720,71.2286,3.2736,143.0402,5.0692,3404.1435,43.6957,64.4793,63.5359,42.5677,43.0663,85.2079,124.7713,127.8119,154.8004,42.604,-41.336,2.967791,3.594466,1.478463,30,203,130,8,0.14604117,0.04201944,0.00608590,0E-8,0.000000,0.914292,0.640282,0.04207877,2026-03-23,2026-08-04,69,1947,1162,135,0.511111,1.014849,1.012680,0.486804,,,,,,,,GLOBAL_BASELINE_NO_ENTITY_RANKING,,,NOT_APPLICABLE_GLOBAL_BASELINE,HF9g-P5,,,,X 全窗基线 · 不参与实体赏罚,15051043,1506,A168_HF9F_20260827_0900,2026-08-27 09:00:00
2026-07-03,74657362,-1,1,1164.5316918984,-207.9520878390,-207.9520878390,0.5000000,19,17,0.48543913235294118,0.472112976471,0.11653636747510884,0.22344399750272909,0.11653636747510884,0.01332615588194118,SENTINEL_DEALER,R03b_20260811_FULL_v1,L1_ELIGIBILITY,v2026-08-11,2026-03-21..2026-08-06,baccarat_bet02_101_all_pairs_incl_sentinel,round_win = game_pnl > 0 (decisive only),COMPATIBILITY_ONLY_NOT_PRODUCTION,234885.8996,214754.2105,9869.7735,3689,3015,-0.04201944,-0.00608590,-0.04816467,-0.04201944,-9869.7735,234885.8996,OK,0.0000,394.7909,4.0000,96.0000,AG03-UNRESOLVED,ALL5_LEVELS_bet23_to_bet27,394.7909,394.7909,394.7909,394.7909,394.7909,4.000000,4.000000,4.000000,4.000000,4.000000,96.000000,96.000000,96.000000,96.000000,96.000000,5.0,1973.9547,1822.2297,7895.8188,8047.5438,PENDING_AG03,FALSE,NOT_FOR_ENFORCEMENT,9474.9825,206164.0421,9869.7735,9474.9825,394.7909,0.04201944,0.04033866,394.7909,9474.9825,0.04033866,394.7909,394.7909,394.7909,394.7909,394.7909,9474.9825,0.04033866,1973.9547,1822.2297,7895.8188,8047.5438,0.03361555,0.0342615,0.00168078,63.6720,71.2286,3.2736,143.0402,5.0692,3404.1435,43.6957,64.4793,63.5359,42.5677,43.0663,85.2079,124.7713,127.8119,154.8004,42.604,-41.336,2.967791,3.594466,1.478463,30,203,130,8,0.14604117,0.04201944,0.00608590,0E-8,0.000000,0.914292,0.640282,0.04207877,2026-03-23,2026-08-04,69,1947,1162,135,0.511111,1.014849,1.012680,0.486804,,,,,,,,GLOBAL_BASELINE_NO_ENTITY_RANKING,,,NOT_APPLICABLE_GLOBAL_BASELINE,HF9g-P5,,,,X 全窗基线 · 不参与实体赏罚,15051044,1506,A168_HF9F_20260827_0900,2026-08-27 09:00:00
2026-07-03,74657362,1007,0,83.1808351356,83.1808351356,83.1808351356,1.0000000,1,1,0.49324550000000000,0.493245500000,1.01360149184955,1.01360149184955,1.01360149184955,0E-17,ELIGIBLE,R03b_20260811_FULL_v1,L1_ELIGIBILITY,v2026-08-11,2026-03-21..2026-08-06,baccarat_bet02_101_all_pairs_incl_sentinel,round_win = game_pnl > 0 (decisive only),COMPATIBILITY_ONLY_NOT_PRODUCTION,234885.8996,214754.2105,9869.7735,3689,3015,-0.04201944,-0.00608590,-0.04816467,-0.04201944,-9869.7735,234885.8996,OK,0.0000,394.7909,4.0000,96.0000,AG03-UNRESOLVED,ALL5_LEVELS_bet23_to_bet27,394.7909,394.7909,394.7909,394.7909,394.7909,4.000000,4.000000,4.000000,4.000000,4.000000,96.000000,96.000000,96.000000,96.000000,96.000000,5.0,1973.9547,1822.2297,7895.8188,8047.5438,PENDING_AG03,FALSE,NOT_FOR_ENFORCEMENT,9474.9825,206164.0421,9869.7735,9474.9825,394.7909,0.04201944,0.04033866,394.7909,9474.9825,0.04033866,394.7909,394.7909,394.7909,394.7909,394.7909,9474.9825,0.04033866,1973.9547,1822.2297,7895.8188,8047.5438,0.03361555,0.0342615,0.00168078,63.6720,71.2286,3.2736,143.0402,5.0692,3404.1435,43.6957,64.4793,63.5359,42.5677,43.0663,85.2079,124.7713,127.8119,154.8004,42.604,-41.336,2.967791,3.594466,1.478463,30,203,130,8,0.14604117,0.04201944,0.00608590,0E-8,0.000000,0.914292,0.640282,0.04207877,2026-03-23,2026-08-04,69,1947,1162,135,0.511111,1.014849,1.012680,0.486804,,,,,,,,GLOBAL_BASELINE_NO_ENTITY_RANKING,,,NOT_APPLICABLE_GLOBAL_BASELINE,HF9g-P5,,,,X 全窗基线 · 不参与实体赏罚,15051045,1506,A168_HF9F_20260827_0900,2026-08-27 09:00:00
2026-07-03,74657362,1094,0,166.3616702712,561.4706371652,561.4706371652,1.0000000,2,1,0.39337837500000000,0.280106050000,1.2418058546638626,1.6031457840727341,1.2418058546638626,0.11327232500000000,ELIGIBLE,R03b_20260811_FULL_v1,L1_ELIGIBILITY,v2026-08-11,2026-03-21..2026-08-06,baccarat_bet02_101_all_pairs_incl_sentinel,round_win = game_pnl > 0 (decisive only),COMPATIBILITY_ONLY_NOT_PRODUCTION,234885.8996,214754.2105,9869.7735,3689,3015,-0.04201944,-0.00608590,-0.04816467,-0.04201944,-9869.7735,234885.8996,OK,0.0000,394.7909,4.0000,96.0000,AG03-UNRESOLVED,ALL5_LEVELS_bet23_to_bet27,394.7909,394.7909,394.7909,394.7909,394.7909,4.000000,4.000000,4.000000,4.000000,4.000000,96.000000,96.000000,96.000000,96.000000,96.000000,5.0,1973.9547,1822.2297,7895.8188,8047.5438,PENDING_AG03,FALSE,NOT_FOR_ENFORCEMENT,9474.9825,206164.0421,9869.7735,9474.9825,394.7909,0.04201944,0.04033866,394.7909,9474.9825,0.04033866,394.7909,394.7909,394.7909,394.7909,394.7909,9474.9825,0.04033866,1973.9547,1822.2297,7895.8188,8047.5438,0.03361555,0.0342615,0.00168078,63.6720,71.2286,3.2736,143.0402,5.0692,3404.1435,43.6957,64.4793,63.5359,42.5677,43.0663,85.2079,124.7713,127.8119,154.8004,42.604,-41.336,2.967791,3.594466,1.478463,30,203,130,8,0.14604117,0.04201944,0.00608590,0E-8,0.000000,0.914292,0.640282,0.04207877,2026-03-23,2026-08-04,69,1947,1162,135,0.511111,1.014849,1.012680,0.486804,,,,,,,,GLOBAL_BASELINE_NO_ENTITY_RANKING,,,NOT_APPLICABLE_GLOBAL_BASELINE,HF9g-P5,,,,X 全窗基线 · 不参与实体赏罚,15051046,1506,A168_HF9F_20260827_0900,2026-08-27 09:00:00
2026-07-03,74657362,1185,0,41.5904175678,-41.5904175678,-41.5904175678,0E-7,1,1,0.49324550000000000,0.493245500000,-0.9865810262130424,-0.9865810262130424,-0.9865810262130424,0E-17,ELIGIBLE,R03b_20260811_FULL_v1,L1_ELIGIBILITY,v2026-08-11,2026-03-21..2026-08-06,baccarat_bet02_101_all_pairs_incl_sentinel,round_win = game_pnl > 0 (decisive only),COMPATIBILITY_ONLY_NOT_PRODUCTION,234885.8996,214754.2105,9869.7735,3689,3015,-0.04201944,-0.00608590,-0.04816467,-0.04201944,-9869.7735,234885.8996,OK,0.0000,394.7909,4.0000,96.0000,AG03-UNRESOLVED,ALL5_LEVELS_bet23_to_bet27,394.7909,394.7909,394.7909,394.7909,394.7909,4.000000,4.000000,4.000000,4.000000,4.000000,96.000000,96.000000,96.000000,96.000000,96.000000,5.0,1973.9547,1822.2297,7895.8188,8047.5438,PENDING_AG03,FALSE,NOT_FOR_ENFORCEMENT,9474.9825,206164.0421,9869.7735,9474.9825,394.7909,0.04201944,0.04033866,394.7909,9474.9825,0.04033866,394.7909,394.7909,394.7909,394.7909,394.7909,9474.9825,0.04033866,1973.9547,1822.2297,7895.8188,8047.5438,0.03361555,0.0342615,0.00168078,63.6720,71.2286,3.2736,143.0402,5.0692,3404.1435,43.6957,64.4793,63.5359,42.5677,43.0663,85.2079,124.7713,127.8119,154.8004,42.604,-41.336,2.967791,3.594466,1.478463,30,203,130,8,0.14604117,0.04201944,0.00608590,0E-8,0.000000,0.914292,0.640282,0.04207877,2026-03-23,2026-08-04,69,1947,1162,135,0.511111,1.014849,1.012680,0.486804,,,,,,,,GLOBAL_BASELINE_NO_ENTITY_RANKING,,,NOT_APPLICABLE_GLOBAL_BASELINE,HF9g-P5,,,,X 全窗基线 · 不参与实体赏罚,15051047,1506,A168_HF9F_20260827_0900,2026-08-27 09:00:00
2026-07-03,74657362,1299,0,41.5904175678,41.5904175678,41.5904175678,1.0000000,1,1,0.49324550000000000,0.493245500000,1.01360149184955,1.01360149184955,1.01360149184955,0E-17,ELIGIBLE,R03b_20260811_FULL_v1,L1_ELIGIBILITY,v2026-08-11,2026-03-21..2026-08-06,baccarat_bet02_101_all_pairs_incl_sentinel,round_win = game_pnl > 0 (decisive only),COMPATIBILITY_ONLY_NOT_PRODUCTION,234885.8996,214754.2105,9869.7735,3689,3015,-0.04201944,-0.00608590,-0.04816467,-0.04201944,-9869.7735,234885.8996,OK,0.0000,394.7909,4.0000,96.0000,AG03-UNRESOLVED,ALL5_LEVELS_bet23_to_bet27,394.7909,394.7909,394.7909,394.7909,394.7909,4.000000,4.000000,4.000000,4.000000,4.000000,96.000000,96.000000,96.000000,96.000000,96.000000,5.0,1973.9547,1822.2297,7895.8188,8047.5438,PENDING_AG03,FALSE,NOT_FOR_ENFORCEMENT,9474.9825,206164.0421,9869.7735,9474.9825,394.7909,0.04201944,0.04033866,394.7909,9474.9825,0.04033866,394.7909,394.7909,394.7909,394.7909,394.7909,9474.9825,0.04033866,1973.9547,1822.2297,7895.8188,8047.5438,0.03361555,0.0342615,0.00168078,63.6720,71.2286,3.2736,143.0402,5.0692,3404.1435,43.6957,64.4793,63.5359,42.5677,43.0663,85.2079,124.7713,127.8119,154.8004,42.604,-41.336,2.967791,3.594466,1.478463,30,203,130,8,0.14604117,0.04201944,0.00608590,0E-8,0.000000,0.914292,0.640282,0.04207877,2026-03-23,2026-08-04,69,1947,1162,135,0.511111,1.014849,1.012680,0.486804,,,,,,,,GLOBAL_BASELINE_NO_ENTITY_RANKING,,,NOT_APPLICABLE_GLOBAL_BASELINE,HF9g-P5,,,,X 全窗基线 · 不参与实体赏罚,15051048,1506,A168_HF9F_20260827_0900,2026-08-27 09:00:00
2026-07-03,74657362,1325,0,81.5172184329,-81.5172184329,-81.5172184329,0E-7,1,1,0.49324550000000000,0.493245500000,-0.9865810262130424,-0.9865810262130424,-0.9865810262130424,0E-17,ELIGIBLE,R03b_20260811_FULL_v1,L1_ELIGIBILITY,v2026-08-11,2026-03-21..2026-08-06,baccarat_bet02_101_all_pairs_incl_sentinel,round_win = game_pnl > 0 (decisive only),COMPATIBILITY_ONLY_NOT_PRODUCTION,234885.8996,214754.2105,9869.7735,3689,3015,-0.04201944,-0.00608590,-0.04816467,-0.04201944,-9869.7735,234885.8996,OK,0.0000,394.7909,4.0000,96.0000,AG03-UNRESOLVED,ALL5_LEVELS_bet23_to_bet27,394.7909,394.7909,394.7909,394.7909,394.7909,4.000000,4.000000,4.000000,4.000000,4.000000,96.000000,96.000000,96.000000,96.000000,96.000000,5.0,1973.9547,1822.2297,7895.8188,8047.5438,PENDING_AG03,FALSE,NOT_FOR_ENFORCEMENT,9474.9825,206164.0421,9869.7735,9474.9825,394.7909,0.04201944,0.04033866,394.7909,9474.9825,0.04033866,394.7909,394.7909,394.7909,394.7909,394.7909,9474.9825,0.04033866,1973.9547,1822.2297,7895.8188,8047.5438,0.03361555,0.0342615,0.00168078,63.6720,71.2286,3.2736,143.0402,5.0692,3404.1435,43.6957,64.4793,63.5359,42.5677,43.0663,85.2079,124.7713,127.8119,154.8004,42.604,-41.336,2.967791,3.594466,1.478463,30,203,130,8,0.14604117,0.04201944,0.00608590,0E-8,0.000000,0.914292,0.640282,0.04207877,2026-03-23,2026-08-04,69,1947,1162,135,0.511111,1.014849,1.012680,0.486804,,,,,,,,GLOBAL_BASELINE_NO_ENTITY_RANKING,,,NOT_APPLICABLE_GLOBAL_BASELINE,HF9g-P5,,,,X 全窗基线 · 不参与实体赏罚,15051049,1506,A168_HF9F_20260827_0900,2026-08-27 09:00:00
2026-07-03,74657362,1353,0,41.5904175678,-41.5904175678,-41.5904175678,0E-7,1,1,0.49324550000000000,0.493245500000,-0.9865810262130424,-0.9865810262130424,-0.9865810262130424,0E-17,ELIGIBLE,R03b_20260811_FULL_v1,L1_ELIGIBILITY,v2026-08-11,2026-03-21..2026-08-06,baccarat_bet02_101_all_pairs_incl_sentinel,round_win = game_pnl > 0 (decisive only),COMPATIBILITY_ONLY_NOT_PRODUCTION,234885.8996,214754.2105,9869.7735,3689,3015,-0.04201944,-0.00608590,-0.04816467,-0.04201944,-9869.7735,234885.8996,OK,0.0000,394.7909,4.0000,96.0000,AG03-UNRESOLVED,ALL5_LEVELS_bet23_to_bet27,394.7909,394.7909,394.7909,394.7909,394.7909,4.000000,4.000000,4.000000,4.000000,4.000000,96.000000,96.000000,96.000000,96.000000,96.000000,5.0,1973.9547,1822.2297,7895.8188,8047.5438,PENDING_AG03,FALSE,NOT_FOR_ENFORCEMENT,9474.9825,206164.0421,9869.7735,9474.9825,394.7909,0.04201944,0.04033866,394.7909,9474.9825,0.04033866,394.7909,394.7909,394.7909,394.7909,394.7909,9474.9825,0.04033866,1973.9547,1822.2297,7895.8188,8047.5438,0.03361555,0.0342615,0.00168078,63.6720,71.2286,3.2736,143.0402,5.0692,3404.1435,43.6957,64.4793,63.5359,42.5677,43.0663,85.2079,124.7713,127.8119,154.8004,42.604,-41.336,2.967791,3.594466,1.478463,30,203,130,8,0.14604117,0.04201944,0.00608590,0E-8,0.000000,0.914292,0.640282,0.04207877,2026-03-23,2026-08-04,69,1947,1162,135,0.511111,1.014849,1.012680,0.486804,,,,,,,,GLOBAL_BASELINE_NO_ENTITY_RANKING,,,NOT_APPLICABLE_GLOBAL_BASELINE,HF9g-P5,,,,X 全窗基线 · 不参与实体赏罚,15051050,1506,A168_HF9F_20260827_0900,2026-08-27 09:00:00
2026-07-03,74657362,1363,0,83.1808351356,-83.1808351356,-83.1808351356,0E-7,1,1,0.49324550000000000,0.493245500000,-0.9865810262130424,-0.9865810262130424,-0.9865810262130424,0E-17,ELIGIBLE,R03b_20260811_FULL_v1,L1_ELIGIBILITY,v2026-08-11,2026-03-21..2026-08-06,baccarat_bet02_101_all_pairs_incl_sentinel,round_win = game_pnl > 0 (decisive only),COMPATIBILITY_ONLY_NOT_PRODUCTION,234885.8996,214754.2105,9869.7735,3689,3015,-0.04201944,-0.00608590,-0.04816467,-0.04201944,-9869.7735,234885.8996,OK,0.0000,394.7909,4.0000,96.0000,AG03-UNRESOLVED,ALL5_LEVELS_bet23_to_bet27,394.7909,394.7909,394.7909,394.7909,394.7909,4.000000,4.000000,4.000000,4.000000,4.000000,96.000000,96.000000,96.000000,96.000000,96.000000,5.0,1973.9547,1822.2297,7895.8188,8047.5438,PENDING_AG03,FALSE,NOT_FOR_ENFORCEMENT,9474.9825,206164.0421,9869.7735,9474.9825,394.7909,0.04201944,0.04033866,394.7909,9474.9825,0.04033866,394.7909,394.7909,394.7909,394.7909,394.7909,9474.9825,0.04033866,1973.9547,1822.2297,7895.8188,8047.5438,0.03361555,0.0342615,0.00168078,63.6720,71.2286,3.2736,143.0402,5.0692,3404.1435,43.6957,64.4793,63.5359,42.5677,43.0663,85.2079,124.7713,127.8119,154.8004,42.604,-41.336,2.967791,3.594466,1.478463,30,203,130,8,0.14604117,0.04201944,0.00608590,0E-8,0.000000,0.914292,0.640282,0.04207877,2026-03-23,2026-08-04,69,1947,1162,135,0.511111,1.014849,1.012680,0.486804,,,,,,,,GLOBAL_BASELINE_NO_ENTITY_RANKING,,,NOT_APPLICABLE_GLOBAL_BASELINE,HF9g-P5,,,,X 全窗基线 · 不参与实体赏罚,15051051,1506,A168_HF9F_20260827_0900,2026-08-27 09:00:00
2026-07-03,74657362,1399,0,499.0850108136,249.5425054068,249.5425054068,1.0000000,6,3,0.39337837500000000,0.280106050000,2.1508708334143027,2.7767299499538205,2.1508708334143027,0.11327232500000000,ELIGIBLE,R03b_20260811_FULL_v1,L1_ELIGIBILITY,v2026-08-11,2026-03-21..2026-08-06,baccarat_bet02_101_all_pairs_incl_sentinel,round_win = game_pnl > 0 (decisive only),COMPATIBILITY_ONLY_NOT_PRODUCTION,234885.8996,214754.2105,9869.7735,3689,3015,-0.04201944,-0.00608590,-0.04816467,-0.04201944,-9869.7735,234885.8996,OK,0.0000,394.7909,4.0000,96.0000,AG03-UNRESOLVED,ALL5_LEVELS_bet23_to_bet27,394.7909,394.7909,394.7909,394.7909,394.7909,4.000000,4.000000,4.000000,4.000000,4.000000,96.000000,96.000000,96.000000,96.000000,96.000000,5.0,1973.9547,1822.2297,7895.8188,8047.5438,PENDING_AG03,FALSE,NOT_FOR_ENFORCEMENT,9474.9825,206164.0421,9869.7735,9474.9825,394.7909,0.04201944,0.04033866,394.7909,9474.9825,0.04033866,394.7909,394.7909,394.7909,394.7909,394.7909,9474.9825,0.04033866,1973.9547,1822.2297,7895.8188,8047.5438,0.03361555,0.0342615,0.00168078,63.6720,71.2286,3.2736,143.0402,5.0692,3404.1435,43.6957,64.4793,63.5359,42.5677,43.0663,85.2079,124.7713,127.8119,154.8004,42.604,-41.336,2.967791,3.594466,1.478463,30,203,130,8,0.14604117,0.04201944,0.00608590,0E-8,0.000000,0.914292,0.640282,0.04207877,2026-03-23,2026-08-04,69,1947,1162,135,0.511111,1.014849,1.012680,0.486804,,,,,,,,GLOBAL_BASELINE_NO_ENTITY_RANKING,,,NOT_APPLICABLE_GLOBAL_BASELINE,HF9g-P5,,,,X 全窗基线 · 不参与实体赏罚,15051052,1506,A168_HF9F_20260827_0900,2026-08-27 09:00:00
2026-07-03,74657362,1710,0,83.1808351356,-83.1808351356,-83.1808351356,0E-7,2,2,0.49324550000000000,0.493245500000,-1.3952362676504506,-1.3952362676504506,-1.3952362676504506,0E-17,ELIGIBLE,R03b_20260811_FULL_v1,L1_ELIGIBILITY,v2026-08-11,2026-03-21..2026-08-06,baccarat_bet02_101_all_pairs_incl_sentinel,round_win = game_pnl > 0 (decisive only),COMPATIBILITY_ONLY_NOT_PRODUCTION,234885.8996,214754.2105,9869.7735,3689,3015,-0.04201944,-0.00608590,-0.04816467,-0.04201944,-9869.7735,234885.8996,OK,0.0000,394.7909,4.0000,96.0000,AG03-UNRESOLVED,ALL5_LEVELS_bet23_to_bet27,394.7909,394.7909,394.7909,394.7909,394.7909,4.000000,4.000000,4.000000,4.000000,4.000000,96.000000,96.000000,96.000000,96.000000,96.000000,5.0,1973.9547,1822.2297,7895.8188,8047.5438,PENDING_AG03,FALSE,NOT_FOR_ENFORCEMENT,9474.9825,206164.0421,9869.7735,9474.9825,394.7909,0.04201944,0.04033866,394.7909,9474.9825,0.04033866,394.7909,394.7909,394.7909,394.7909,394.7909,9474.9825,0.04033866,1973.9547,1822.2297,7895.8188,8047.5438,0.03361555,0.0342615,0.00168078,63.6720,71.2286,3.2736,143.0402,5.0692,3404.1435,43.6957,64.4793,63.5359,42.5677,43.0663,85.2079,124.7713,127.8119,154.8004,42.604,-41.336,2.967791,3.594466,1.478463,30,203,130,8,0.14604117,0.04201944,0.00608590,0E-8,0.000000,0.914292,0.640282,0.04207877,2026-03-23,2026-08-04,69,1947,1162,135,0.511111,1.014849,1.012680,0.486804,,,,,,,,GLOBAL_BASELINE_NO_ENTITY_RANKING,,,NOT_APPLICABLE_GLOBAL_BASELINE,HF9g-P5,,,,X 全窗基线 · 不参与实体赏罚,15051053,1506,A168_HF9F_20260827_0900,2026-08-27 09:00:00
2026-07-03,74657362,1750,0,41.5904175678,41.5904175678,41.5904175678,1.0000000,1,1,0.49324550000000000,0.493245500000,1.01360149184955,1.01360149184955,1.01360149184955,0E-17,ELIGIBLE,R03b_20260811_FULL_v1,L1_ELIGIBILITY,v2026-08-11,2026-03-21..2026-08-06,baccarat_bet02_101_all_pairs_incl_sentinel,round_win = game_pnl > 0 (decisive only),COMPATIBILITY_ONLY_NOT_PRODUCTION,234885.8996,214754.2105,9869.7735,3689,3015,-0.04201944,-0.00608590,-0.04816467,-0.04201944,-9869.7735,234885.8996,OK,0.0000,394.7909,4.0000,96.0000,AG03-UNRESOLVED,ALL5_LEVELS_bet23_to_bet27,394.7909,394.7909,394.7909,394.7909,394.7909,4.000000,4.000000,4.000000,4.000000,4.000000,96.000000,96.000000,96.000000,96.000000,96.000000,5.0,1973.9547,1822.2297,7895.8188,8047.5438,PENDING_AG03,FALSE,NOT_FOR_ENFORCEMENT,9474.9825,206164.0421,9869.7735,9474.9825,394.7909,0.04201944,0.04033866,394.7909,9474.9825,0.04033866,394.7909,394.7909,394.7909,394.7909,394.7909,9474.9825,0.04033866,1973.9547,1822.2297,7895.8188,8047.5438,0.03361555,0.0342615,0.00168078,63.6720,71.2286,3.2736,143.0402,5.0692,3404.1435,43.6957,64.4793,63.5359,42.5677,43.0663,85.2079,124.7713,127.8119,154.8004,42.604,-41.336,2.967791,3.594466,1.478463,30,203,130,8,0.14604117,0.04201944,0.00608590,0E-8,0.000000,0.914292,0.640282,0.04207877,2026-03-23,2026-08-04,69,1947,1162,135,0.511111,1.014849,1.012680,0.486804,,,,,,,,GLOBAL_BASELINE_NO_ENTITY_RANKING,,,NOT_APPLICABLE_GLOBAL_BASELINE,HF9g-P5,,,,X 全窗基线 · 不参与实体赏罚,15051054,1506,A168_HF9F_20260827_0900,2026-08-27 09:00:00
2026-07-03,74657362,1935,0,41.5904175678,-41.5904175678,-41.5904175678,0E-7,1,1,0.49324550000000000,0.493245500000,-0.9865810262130424,-0.9865810262130424,-0.9865810262130424,0E-17,ELIGIBLE,R03b_20260811_FULL_v1,L1_ELIGIBILITY,v2026-08-11,2026-03-21..2026-08-06,baccarat_bet02_101_all_pairs_incl_sentinel,round_win = game_pnl > 0 (decisive only),COMPATIBILITY_ONLY_NOT_PRODUCTION,234885.8996,214754.2105,9869.7735,3689,3015,-0.04201944,-0.00608590,-0.04816467,-0.04201944,-9869.7735,234885.8996,OK,0.0000,394.7909,4.0000,96.0000,AG03-UNRESOLVED,ALL5_LEVELS_bet23_to_bet27,394.7909,394.7909,394.7909,394.7909,394.7909,4.000000,4.000000,4.000000,4.000000,4.000000,96.000000,96.000000,96.000000,96.000000,96.000000,5.0,1973.9547,1822.2297,7895.8188,8047.5438,PENDING_AG03,FALSE,NOT_FOR_ENFORCEMENT,9474.9825,206164.0421,9869.7735,9474.9825,394.7909,0.04201944,0.04033866,394.7909,9474.9825,0.04033866,394.7909,394.7909,394.7909,394.7909,394.7909,9474.9825,0.04033866,1973.9547,1822.2297,7895.8188,8047.5438,0.03361555,0.0342615,0.00168078,63.6720,71.2286,3.2736,143.0402,5.0692,3404.1435,43.6957,64.4793,63.5359,42.5677,43.0663,85.2079,124.7713,127.8119,154.8004,42.604,-41.336,2.967791,3.594466,1.478463,30,203,130,8,0.14604117,0.04201944,0.00608590,0E-8,0.000000,0.914292,0.640282,0.04207877,2026-03-23,2026-08-04,69,1947,1162,135,0.511111,1.014849,1.012680,0.486804,,,,,,,,GLOBAL_BASELINE_NO_ENTITY_RANKING,,,NOT_APPLICABLE_GLOBAL_BASELINE,HF9g-P5,,,,X 全窗基线 · 不参与实体赏罚,15051055,1506,A168_HF9F_20260827_0900,2026-08-27 09:00:00
2026-07-03,74657362,1957,0,41.5904175678,41.5904175678,41.5904175678,1.0000000,1,1,0.49324550000000000,0.493245500000,1.01360149184955,1.01360149184955,1.01360149184955,0E-17,ELIGIBLE,R03b_20260811_FULL_v1,L1_ELIGIBILITY,v2026-08-11,2026-03-21..2026-08-06,baccarat_bet02_101_all_pairs_incl_sentinel,round_win = game_pnl > 0 (decisive only),COMPATIBILITY_ONLY_NOT_PRODUCTION,234885.8996,214754.2105,9869.7735,3689,3015,-0.04201944,-0.00608590,-0.04816467,-0.04201944,-9869.7735,234885.8996,OK,0.0000,394.7909,4.0000,96.0000,AG03-UNRESOLVED,ALL5_LEVELS_bet23_to_bet27,394.7909,394.7909,394.7909,394.7909,394.7909,4.000000,4.000000,4.000000,4.000000,4.000000,96.000000,96.000000,96.000000,96.000000,96.000000,5.0,1973.9547,1822.2297,7895.8188,8047.5438,PENDING_AG03,FALSE,NOT_FOR_ENFORCEMENT,9474.9825,206164.0421,9869.7735,9474.9825,394.7909,0.04201944,0.04033866,394.7909,9474.9825,0.04033866,394.7909,394.7909,394.7909,394.7909,394.7909,9474.9825,0.04033866,1973.9547,1822.2297,7895.8188,8047.5438,0.03361555,0.0342615,0.00168078,63.6720,71.2286,3.2736,143.0402,5.0692,3404.1435,43.6957,64.4793,63.5359,42.5677,43.0663,85.2079,124.7713,127.8119,154.8004,42.604,-41.336,2.967791,3.594466,1.478463,30,203,130,8,0.14604117,0.04201944,0.00608590,0E-8,0.000000,0.914292,0.640282,0.04207877,2026-03-23,2026-08-04,69,1947,1162,135,0.511111,1.014849,1.012680,0.486804,,,,,,,,GLOBAL_BASELINE_NO_ENTITY_RANKING,,,NOT_APPLICABLE_GLOBAL_BASELINE,HF9g-P5,,,,X 全窗基线 · 不参与实体赏罚,15051056,1506,A168_HF9F_20260827_0900,2026-08-27 09:00:00
2026-07-03,74657362,1985,0,104.8078522709,-21.6270171353,-21.6270171353,0.5000000,3,2,0.42244598289463311,0.386675775000,0.2220431598978173,0.3290934312765982,0.2220431598978173,0.03577020789463311,ELIGIBLE,R03b_20260811_FULL_v1,L1_ELIGIBILITY,v2026-08-11,2026-03-21..2026-08-06,baccarat_bet02_101_all_pairs_incl_sentinel,round_win = game_pnl > 0 (decisive only),COMPATIBILITY_ONLY_NOT_PRODUCTION,234885.8996,214754.2105,9869.7735,3689,3015,-0.04201944,-0.00608590,-0.04816467,-0.04201944,-9869.7735,234885.8996,OK,0.0000,394.7909,4.0000,96.0000,AG03-UNRESOLVED,ALL5_LEVELS_bet23_to_bet27,394.7909,394.7909,394.7909,394.7909,394.7909,4.000000,4.000000,4.000000,4.000000,4.000000,96.000000,96.000000,96.000000,96.000000,96.000000,5.0,1973.9547,1822.2297,7895.8188,8047.5438,PENDING_AG03,FALSE,NOT_FOR_ENFORCEMENT,9474.9825,206164.0421,9869.7735,9474.9825,394.7909,0.04201944,0.04033866,394.7909,9474.9825,0.04033866,394.7909,394.7909,394.7909,394.7909,394.7909,9474.9825,0.04033866,1973.9547,1822.2297,7895.8188,8047.5438,0.03361555,0.0342615,0.00168078,63.6720,71.2286,3.2736,143.0402,5.0692,3404.1435,43.6957,64.4793,63.5359,42.5677,43.0663,85.2079,124.7713,127.8119,154.8004,42.604,-41.336,2.967791,3.594466,1.478463,30,203,130,8,0.14604117,0.04201944,0.00608590,0E-8,0.000000,0.914292,0.640282,0.04207877,2026-03-23,2026-08-04,69,1947,1162,135,0.511111,1.014849,1.012680,0.486804,,,,,,,,GLOBAL_BASELINE_NO_ENTITY_RANKING,,,NOT_APPLICABLE_GLOBAL_BASELINE,HF9g-P5,,,,X 全窗基线 · 不参与实体赏罚,15051057,1506,A168_HF9F_20260827_0900,2026-08-27 09:00:00
2026-07-03,74657362,1994,0,41.5904175678,-41.5904175678,-41.5904175678,0E-7,1,1,0.49324550000000000,0.493245500000,-0.9865810262130424,-0.9865810262130424,-0.9865810262130424,0E-17,ELIGIBLE,R03b_20260811_FULL_v1,L1_ELIGIBILITY,v2026-08-11,2026-03-21..2026-08-06,baccarat_bet02_101_all_pairs_incl_sentinel,round_win = game_pnl > 0 (decisive only),COMPATIBILITY_ONLY_NOT_PRODUCTION,234885.8996,214754.2105,9869.7735,3689,3015,-0.04201944,-0.00608590,-0.04816467,-0.04201944,-9869.7735,234885.8996,OK,0.0000,394.7909,4.0000,96.0000,AG03-UNRESOLVED,ALL5_LEVELS_bet23_to_bet27,394.7909,394.7909,394.7909,394.7909,394.7909,4.000000,4.000000,4.000000,4.000000,4.000000,96.000000,96.000000,96.000000,96.000000,96.000000,5.0,1973.9547,1822.2297,7895.8188,8047.5438,PENDING_AG03,FALSE,NOT_FOR_ENFORCEMENT,9474.9825,206164.0421,9869.7735,9474.9825,394.7909,0.04201944,0.04033866,394.7909,9474.9825,0.04033866,394.7909,394.7909,394.7909,394.7909,394.7909,9474.9825,0.04033866,1973.9547,1822.2297,7895.8188,8047.5438,0.03361555,0.0342615,0.00168078,63.6720,71.2286,3.2736,143.0402,5.0692,3404.1435,43.6957,64.4793,63.5359,42.5677,43.0663,85.2079,124.7713,127.8119,154.8004,42.604,-41.336,2.967791,3.594466,1.478463,30,203,130,8,0.14604117,0.04201944,0.00608590,0E-8,0.000000,0.914292,0.640282,0.04207877,2026-03-23,2026-08-04,69,1947,1162,135,0.511111,1.014849,1.012680,0.486804,,,,,,,,GLOBAL_BASELINE_NO_ENTITY_RANKING,,,NOT_APPLICABLE_GLOBAL_BASELINE,HF9g-P5,,,,X 全窗基线 · 不参与实体赏罚,15051058,1506,A168_HF9F_20260827_0900,2026-08-27 09:00:00
2026-07-03,74657362,2088,0,41.5904175678,0E-10,0E-10,,1,1,0.49324550000000000,0.493245500000,,,,0E-17,NO_DECISIVE_ROUND,R03b_20260811_FULL_v1,L1_ELIGIBILITY,v2026-08-11,2026-03-21..2026-08-06,baccarat_bet02_101_all_pairs_incl_sentinel,round_win = game_pnl > 0 (decisive only),COMPATIBILITY_ONLY_NOT_PRODUCTION,234885.8996,214754.2105,9869.7735,3689,3015,-0.04201944,-0.00608590,-0.04816467,-0.04201944,-9869.7735,234885.8996,OK,0.0000,394.7909,4.0000,96.0000,AG03-UNRESOLVED,ALL5_LEVELS_bet23_to_bet27,394.7909,394.7909,394.7909,394.7909,394.7909,4.000000,4.000000,4.000000,4.000000,4.000000,96.000000,96.000000,96.000000,96.000000,96.000000,5.0,1973.9547,1822.2297,7895.8188,8047.5438,PENDING_AG03,FALSE,NOT_FOR_ENFORCEMENT,9474.9825,206164.0421,9869.7735,9474.9825,394.7909,0.04201944,0.04033866,394.7909,9474.9825,0.04033866,394.7909,394.7909,394.7909,394.7909,394.7909,9474.9825,0.04033866,1973.9547,1822.2297,7895.8188,8047.5438,0.03361555,0.0342615,0.00168078,63.6720,71.2286,3.2736,143.0402,5.0692,3404.1435,43.6957,64.4793,63.5359,42.5677,43.0663,85.2079,124.7713,127.8119,154.8004,42.604,-41.336,2.967791,3.594466,1.478463,30,203,130,8,0.14604117,0.04201944,0.00608590,0E-8,0.000000,0.914292,0.640282,0.04207877,2026-03-23,2026-08-04,69,1947,1162,135,0.511111,1.014849,1.012680,0.486804,,,,,,,,GLOBAL_BASELINE_NO_ENTITY_RANKING,,,NOT_APPLICABLE_GLOBAL_BASELINE,HF9g-P5,,,,X 全窗基线 · 不参与实体赏罚,15051059,1506,A168_HF9F_20260827_0900,2026-08-27 09:00:00
2026-07-03,74657362,2093,0,61.5538180003,61.5538180003,61.5538180003,1.0000000,1,1,0.50665070000000000,0.506650700000,0.9867858985152569,0.9867858985152569,0.9867858985152569,0E-17,ELIGIBLE,R03b_20260811_FULL_v1,L1_ELIGIBILITY,v2026-08-11,2026-03-21..2026-08-06,baccarat_bet02_101_all_pairs_incl_sentinel,round_win = game_pnl > 0 (decisive only),COMPATIBILITY_ONLY_NOT_PRODUCTION,234885.8996,214754.2105,9869.7735,3689,3015,-0.04201944,-0.00608590,-0.04816467,-0.04201944,-9869.7735,234885.8996,OK,0.0000,394.7909,4.0000,96.0000,AG03-UNRESOLVED,ALL5_LEVELS_bet23_to_bet27,394.7909,394.7909,394.7909,394.7909,394.7909,4.000000,4.000000,4.000000,4.000000,4.000000,96.000000,96.000000,96.000000,96.000000,96.000000,5.0,1973.9547,1822.2297,7895.8188,8047.5438,PENDING_AG03,FALSE,NOT_FOR_ENFORCEMENT,9474.9825,206164.0421,9869.7735,9474.9825,394.7909,0.04201944,0.04033866,394.7909,9474.9825,0.04033866,394.7909,394.7909,394.7909,394.7909,394.7909,9474.9825,0.04033866,1973.9547,1822.2297,7895.8188,8047.5438,0.03361555,0.0342615,0.00168078,63.6720,71.2286,3.2736,143.0402,5.0692,3404.1435,43.6957,64.4793,63.5359,42.5677,43.0663,85.2079,124.7713,127.8119,154.8004,42.604,-41.336,2.967791,3.594466,1.478463,30,203,130,8,0.14604117,0.04201944,0.00608590,0E-8,0.000000,0.914292,0.640282,0.04207877,2026-03-23,2026-08-04,69,1947,1162,135,0.511111,1.014849,1.012680,0.486804,,,,,,,,GLOBAL_BASELINE_NO_ENTITY_RANKING,,,NOT_APPLICABLE_GLOBAL_BASELINE,HF9g-P5,,,,X 全窗基线 · 不参与实体赏罚,15051060,1506,A168_HF9F_20260827_0900,2026-08-27 09:00:00
2026-07-03,74657362,2123,0,83.1808351356,83.1808351356,83.1808351356,1.0000000,1,1,0.50665070000000000,0.506650700000,0.9867858985152569,0.9867858985152569,0.9867858985152569,0E-17,ELIGIBLE,R03b_20260811_FULL_v1,L1_ELIGIBILITY,v2026-08-11,2026-03-21..2026-08-06,baccarat_bet02_101_all_pairs_incl_sentinel,round_win = game_pnl > 0 (decisive only),COMPATIBILITY_ONLY_NOT_PRODUCTION,234885.8996,214754.2105,9869.7735,3689,3015,-0.04201944,-0.00608590,-0.04816467,-0.04201944,-9869.7735,234885.8996,OK,0.0000,394.7909,4.0000,96.0000,AG03-UNRESOLVED,ALL5_LEVELS_bet23_to_bet27,394.7909,394.7909,394.7909,394.7909,394.7909,4.000000,4.000000,4.000000,4.000000,4.000000,96.000000,96.000000,96.000000,96.000000,96.000000,5.0,1973.9547,1822.2297,7895.8188,8047.5438,PENDING_AG03,FALSE,NOT_FOR_ENFORCEMENT,9474.9825,206164.0421,9869.7735,9474.9825,394.7909,0.04201944,0.04033866,394.7909,9474.9825,0.04033866,394.7909,394.7909,394.7909,394.7909,394.7909,9474.9825,0.04033866,1973.9547,1822.2297,7895.8188,8047.5438,0.03361555,0.0342615,0.00168078,63.6720,71.2286,3.2736,143.0402,5.0692,3404.1435,43.6957,64.4793,63.5359,42.5677,43.0663,85.2079,124.7713,127.8119,154.8004,42.604,-41.336,2.967791,3.594466,1.478463,30,203,130,8,0.14604117,0.04201944,0.00608590,0E-8,0.000000,0.914292,0.640282,0.04207877,2026-03-23,2026-08-04,69,1947,1162,135,0.511111,1.014849,1.012680,0.486804,,,,,,,,GLOBAL_BASELINE_NO_ENTITY_RANKING,,,NOT_APPLICABLE_GLOBAL_BASELINE,HF9g-P5,,,,X 全窗基线 · 不参与实体赏罚,15051061,1506,A168_HF9F_20260827_0900,2026-08-27 09:00:00
2026-07-03,74657362,2145,0,83.1808351356,-83.1808351356,-83.1808351356,0E-7,1,1,0.50665070000000000,0.506650700000,-1.013391052207602,-1.013391052207602,-1.013391052207602,0E-17,ELIGIBLE,R03b_20260811_FULL_v1,L1_ELIGIBILITY,v2026-08-11,2026-03-21..2026-08-06,baccarat_bet02_101_all_pairs_incl_sentinel,round_win = game_pnl > 0 (decisive only),COMPATIBILITY_ONLY_NOT_PRODUCTION,234885.8996,214754.2105,9869.7735,3689,3015,-0.04201944,-0.00608590,-0.04816467,-0.04201944,-9869.7735,234885.8996,OK,0.0000,394.7909,4.0000,96.0000,AG03-UNRESOLVED,ALL5_LEVELS_bet23_to_bet27,394.7909,394.7909,394.7909,394.7909,394.7909,4.000000,4.000000,4.000000,4.000000,4.000000,96.000000,96.000000,96.000000,96.000000,96.000000,5.0,1973.9547,1822.2297,7895.8188,8047.5438,PENDING_AG03,FALSE,NOT_FOR_ENFORCEMENT,9474.9825,206164.0421,9869.7735,9474.9825,394.7909,0.04201944,0.04033866,394.7909,9474.9825,0.04033866,394.7909,394.7909,394.7909,394.7909,394.7909,9474.9825,0.04033866,1973.9547,1822.2297,7895.8188,8047.5438,0.03361555,0.0342615,0.00168078,63.6720,71.2286,3.2736,143.0402,5.0692,3404.1435,43.6957,64.4793,63.5359,42.5677,43.0663,85.2079,124.7713,127.8119,154.8004,42.604,-41.336,2.967791,3.594466,1.478463,30,203,130,8,0.14604117,0.04201944,0.00608590,0E-8,0.000000,0.914292,0.640282,0.04207877,2026-03-23,2026-08-04,69,1947,1162,135,0.511111,1.014849,1.012680,0.486804,,,,,,,,GLOBAL_BASELINE_NO_ENTITY_RANKING,,,NOT_APPLICABLE_GLOBAL_BASELINE,HF9g-P5,,,,X 全窗基线 · 不参与实体赏罚,15051062,1506,A168_HF9F_20260827_0900,2026-08-27 09:00:00
2026-07-03,74657362,2170,0,83.1808351356,83.1808351356,83.1808351356,1.0000000,2,2,0.49324550000000000,0.493245500000,1.4334489766152358,1.4334489766152358,1.4334489766152358,0E-17,ELIGIBLE,R03b_20260811_FULL_v1,L1_ELIGIBILITY,v2026-08-11,2026-03-21..2026-08-06,baccarat_bet02_101_all_pairs_incl_sentinel,round_win = game_pnl > 0 (decisive only),COMPATIBILITY_ONLY_NOT_PRODUCTION,234885.8996,214754.2105,9869.7735,3689,3015,-0.04201944,-0.00608590,-0.04816467,-0.04201944,-9869.7735,234885.8996,OK,0.0000,394.7909,4.0000,96.0000,AG03-UNRESOLVED,ALL5_LEVELS_bet23_to_bet27,394.7909,394.7909,394.7909,394.7909,394.7909,4.000000,4.000000,4.000000,4.000000,4.000000,96.000000,96.000000,96.000000,96.000000,96.000000,5.0,1973.9547,1822.2297,7895.8188,8047.5438,PENDING_AG03,FALSE,NOT_FOR_ENFORCEMENT,9474.9825,206164.0421,9869.7735,9474.9825,394.7909,0.04201944,0.04033866,394.7909,9474.9825,0.04033866,394.7909,394.7909,394.7909,394.7909,394.7909,9474.9825,0.04033866,1973.9547,1822.2297,7895.8188,8047.5438,0.03361555,0.0342615,0.00168078,63.6720,71.2286,3.2736,143.0402,5.0692,3404.1435,43.6957,64.4793,63.5359,42.5677,43.0663,85.2079,124.7713,127.8119,154.8004,42.604,-41.336,2.967791,3.594466,1.478463,30,203,130,8,0.14604117,0.04201944,0.00608590,0E-8,0.000000,0.914292,0.640282,0.04207877,2026-03-23,2026-08-04,69,1947,1162,135,0.511111,1.014849,1.012680,0.486804,,,,,,,,GLOBAL_BASELINE_NO_ENTITY_RANKING,,,NOT_APPLICABLE_GLOBAL_BASELINE,HF9g-P5,,,,X 全窗基线 · 不参与实体赏罚,15051063,1506,A168_HF9F_20260827_0900,2026-08-27 09:00:00
2026-07-03,74657362,2174,0,499.0850108136,332.7233405424,332.7233405424,0.8571429,8,8,0.49324550000000000,0.493245500000,1.925739544596175,1.9257395445961751,1.925739544596175,0E-17,ELIGIBLE,R03b_20260811_FULL_v1,L1_ELIGIBILITY,v2026-08-11,2026-03-21..2026-08-06,baccarat_bet02_101_all_pairs_incl_sentinel,round_win = game_pnl > 0 (decisive only),COMPATIBILITY_ONLY_NOT_PRODUCTION,234885.8996,214754.2105,9869.7735,3689,3015,-0.04201944,-0.00608590,-0.04816467,-0.04201944,-9869.7735,234885.8996,OK,0.0000,394.7909,4.0000,96.0000,AG03-UNRESOLVED,ALL5_LEVELS_bet23_to_bet27,394.7909,394.7909,394.7909,394.7909,394.7909,4.000000,4.000000,4.000000,4.000000,4.000000,96.000000,96.000000,96.000000,96.000000,96.000000,5.0,1973.9547,1822.2297,7895.8188,8047.5438,PENDING_AG03,FALSE,NOT_FOR_ENFORCEMENT,9474.9825,206164.0421,9869.7735,9474.9825,394.7909,0.04201944,0.04033866,394.7909,9474.9825,0.04033866,394.7909,394.7909,394.7909,394.7909,394.7909,9474.9825,0.04033866,1973.9547,1822.2297,7895.8188,8047.5438,0.03361555,0.0342615,0.00168078,63.6720,71.2286,3.2736,143.0402,5.0692,3404.1435,43.6957,64.4793,63.5359,42.5677,43.0663,85.2079,124.7713,127.8119,154.8004,42.604,-41.336,2.967791,3.594466,1.478463,30,203,130,8,0.14604117,0.04201944,0.00608590,0E-8,0.000000,0.914292,0.640282,0.04207877,2026-03-23,2026-08-04,69,1947,1162,135,0.511111,1.014849,1.012680,0.486804,,,,,,,,GLOBAL_BASELINE_NO_ENTITY_RANKING,,,NOT_APPLICABLE_GLOBAL_BASELINE,HF9g-P5,,,,X 全窗基线 · 不参与实体赏罚,15051064,1506,A168_HF9F_20260827_0900,2026-08-27 09:00:00
2026-07-03,74657362,2196,0,124.7712527034,-124.7712527034,-124.7712527034,0E-7,2,2,0.49994810000000000,0.499948100000,-1.4140667746232096,-1.4140667746232096,-1.4140667746232096,0E-17,ELIGIBLE,R03b_20260811_FULL_v1,L1_ELIGIBILITY,v2026-08-11,2026-03-21..2026-08-06,baccarat_bet02_101_all_pairs_incl_sentinel,round_win = game_pnl > 0 (decisive only),COMPATIBILITY_ONLY_NOT_PRODUCTION,234885.8996,214754.2105,9869.7735,3689,3015,-0.04201944,-0.00608590,-0.04816467,-0.04201944,-9869.7735,234885.8996,OK,0.0000,394.7909,4.0000,96.0000,AG03-UNRESOLVED,ALL5_LEVELS_bet23_to_bet27,394.7909,394.7909,394.7909,394.7909,394.7909,4.000000,4.000000,4.000000,4.000000,4.000000,96.000000,96.000000,96.000000,96.000000,96.000000,5.0,1973.9547,1822.2297,7895.8188,8047.5438,PENDING_AG03,FALSE,NOT_FOR_ENFORCEMENT,9474.9825,206164.0421,9869.7735,9474.9825,394.7909,0.04201944,0.04033866,394.7909,9474.9825,0.04033866,394.7909,394.7909,394.7909,394.7909,394.7909,9474.9825,0.04033866,1973.9547,1822.2297,7895.8188,8047.5438,0.03361555,0.0342615,0.00168078,63.6720,71.2286,3.2736,143.0402,5.0692,3404.1435,43.6957,64.4793,63.5359,42.5677,43.0663,85.2079,124.7713,127.8119,154.8004,42.604,-41.336,2.967791,3.594466,1.478463,30,203,130,8,0.14604117,0.04201944,0.00608590,0E-8,0.000000,0.914292,0.640282,0.04207877,2026-03-23,2026-08-04,69,1947,1162,135,0.511111,1.014849,1.012680,0.486804,,,,,,,,GLOBAL_BASELINE_NO_ENTITY_RANKING,,,NOT_APPLICABLE_GLOBAL_BASELINE,HF9g-P5,,,,X 全窗基线 · 不参与实体赏罚,15051065,1506,A168_HF9F_20260827_0900,2026-08-27 09:00:00
2026-07-03,74657362,2205,0,41.5904175678,-41.5904175678,-41.5904175678,0E-7,1,1,0.49324550000000000,0.493245500000,-0.9865810262130424,-0.9865810262130424,-0.9865810262130424,0E-17,ELIGIBLE,R03b_20260811_FULL_v1,L1_ELIGIBILITY,v2026-08-11,2026-03-21..2026-08-06,baccarat_bet02_101_all_pairs_incl_sentinel,round_win = game_pnl > 0 (decisive only),COMPATIBILITY_ONLY_NOT_PRODUCTION,234885.8996,214754.2105,9869.7735,3689,3015,-0.04201944,-0.00608590,-0.04816467,-0.04201944,-9869.7735,234885.8996,OK,0.0000,394.7909,4.0000,96.0000,AG03-UNRESOLVED,ALL5_LEVELS_bet23_to_bet27,394.7909,394.7909,394.7909,394.7909,394.7909,4.000000,4.000000,4.000000,4.000000,4.000000,96.000000,96.000000,96.000000,96.000000,96.000000,5.0,1973.9547,1822.2297,7895.8188,8047.5438,PENDING_AG03,FALSE,NOT_FOR_ENFORCEMENT,9474.9825,206164.0421,9869.7735,9474.9825,394.7909,0.04201944,0.04033866,394.7909,9474.9825,0.04033866,394.7909,394.7909,394.7909,394.7909,394.7909,9474.9825,0.04033866,1973.9547,1822.2297,7895.8188,8047.5438,0.03361555,0.0342615,0.00168078,63.6720,71.2286,3.2736,143.0402,5.0692,3404.1435,43.6957,64.4793,63.5359,42.5677,43.0663,85.2079,124.7713,127.8119,154.8004,42.604,-41.336,2.967791,3.594466,1.478463,30,203,130,8,0.14604117,0.04201944,0.00608590,0E-8,0.000000,0.914292,0.640282,0.04207877,2026-03-23,2026-08-04,69,1947,1162,135,0.511111,1.014849,1.012680,0.486804,,,,,,,,GLOBAL_BASELINE_NO_ENTITY_RANKING,,,NOT_APPLICABLE_GLOBAL_BASELINE,HF9g-P5,,,,X 全窗基线 · 不参与实体赏罚,15051066,1506,A168_HF9F_20260827_0900,2026-08-27 09:00:00
2026-07-03,74657362,2216,0,291.1329229746,-124.7712527034,-124.7712527034,0.5000000,5,4,0.46827871875000000,0.439960637500,0.1271412521319141,0.24190780470361914,0.1271412521319141,0.02831808125000000,ELIGIBLE,R03b_20260811_FULL_v1,L1_ELIGIBILITY,v2026-08-11,2026-03-21..2026-08-06,baccarat_bet02_101_all_pairs_incl_sentinel,round_win = game_pnl > 0 (decisive only),COMPATIBILITY_ONLY_NOT_PRODUCTION,234885.8996,214754.2105,9869.7735,3689,3015,-0.04201944,-0.00608590,-0.04816467,-0.04201944,-9869.7735,234885.8996,OK,0.0000,394.7909,4.0000,96.0000,AG03-UNRESOLVED,ALL5_LEVELS_bet23_to_bet27,394.7909,394.7909,394.7909,394.7909,394.7909,4.000000,4.000000,4.000000,4.000000,4.000000,96.000000,96.000000,96.000000,96.000000,96.000000,5.0,1973.9547,1822.2297,7895.8188,8047.5438,PENDING_AG03,FALSE,NOT_FOR_ENFORCEMENT,9474.9825,206164.0421,9869.7735,9474.9825,394.7909,0.04201944,0.04033866,394.7909,9474.9825,0.04033866,394.7909,394.7909,394.7909,394.7909,394.7909,9474.9825,0.04033866,1973.9547,1822.2297,7895.8188,8047.5438,0.03361555,0.0342615,0.00168078,63.6720,71.2286,3.2736,143.0402,5.0692,3404.1435,43.6957,64.4793,63.5359,42.5677,43.0663,85.2079,124.7713,127.8119,154.8004,42.604,-41.336,2.967791,3.594466,1.478463,30,203,130,8,0.14604117,0.04201944,0.00608590,0E-8,0.000000,0.914292,0.640282,0.04207877,2026-03-23,2026-08-04,69,1947,1162,135,0.511111,1.014849,1.012680,0.486804,,,,,,,,GLOBAL_BASELINE_NO_ENTITY_RANKING,,,NOT_APPLICABLE_GLOBAL_BASELINE,HF9g-P5,,,,X 全窗基线 · 不参与实体赏罚,15051067,1506,A168_HF9F_20260827_0900,2026-08-27 09:00:00
2026-07-03,74657362,2220,0,41.5904175678,41.5904175678,41.5904175678,1.0000000,1,1,0.49324550000000000,0.493245500000,1.01360149184955,1.01360149184955,1.01360149184955,0E-17,ELIGIBLE,R03b_20260811_FULL_v1,L1_ELIGIBILITY,v2026-08-11,2026-03-21..2026-08-06,baccarat_bet02_101_all_pairs_incl_sentinel,round_win = game_pnl > 0 (decisive only),COMPATIBILITY_ONLY_NOT_PRODUCTION,234885.8996,214754.2105,9869.7735,3689,3015,-0.04201944,-0.00608590,-0.04816467,-0.04201944,-9869.7735,234885.8996,OK,0.0000,394.7909,4.0000,96.0000,AG03-UNRESOLVED,ALL5_LEVELS_bet23_to_bet27,394.7909,394.7909,394.7909,394.7909,394.7909,4.000000,4.000000,4.000000,4.000000,4.000000,96.000000,96.000000,96.000000,96.000000,96.000000,5.0,1973.9547,1822.2297,7895.8188,8047.5438,PENDING_AG03,FALSE,NOT_FOR_ENFORCEMENT,9474.9825,206164.0421,9869.7735,9474.9825,394.7909,0.04201944,0.04033866,394.7909,9474.9825,0.04033866,394.7909,394.7909,394.7909,394.7909,394.7909,9474.9825,0.04033866,1973.9547,1822.2297,7895.8188,8047.5438,0.03361555,0.0342615,0.00168078,63.6720,71.2286,3.2736,143.0402,5.0692,3404.1435,43.6957,64.4793,63.5359,42.5677,43.0663,85.2079,124.7713,127.8119,154.8004,42.604,-41.336,2.967791,3.594466,1.478463,30,203,130,8,0.14604117,0.04201944,0.00608590,0E-8,0.000000,0.914292,0.640282,0.04207877,2026-03-23,2026-08-04,69,1947,1162,135,0.511111,1.014849,1.012680,0.486804,,,,,,,,GLOBAL_BASELINE_NO_ENTITY_RANKING,,,NOT_APPLICABLE_GLOBAL_BASELINE,HF9g-P5,,,,X 全窗基线 · 不参与实体赏罚,15051068,1506,A168_HF9F_20260827_0900,2026-08-27 09:00:00
2026-07-03,74657362,2229,0,41.5904175678,-41.5904175678,-41.5904175678,0E-7,1,1,0.49324550000000000,0.493245500000,-0.9865810262130424,-0.9865810262130424,-0.9865810262130424,0E-17,ELIGIBLE,R03b_20260811_FULL_v1,L1_ELIGIBILITY,v2026-08-11,2026-03-21..2026-08-06,baccarat_bet02_101_all_pairs_incl_sentinel,round_win = game_pnl > 0 (decisive only),COMPATIBILITY_ONLY_NOT_PRODUCTION,234885.8996,214754.2105,9869.7735,3689,3015,-0.04201944,-0.00608590,-0.04816467,-0.04201944,-9869.7735,234885.8996,OK,0.0000,394.7909,4.0000,96.0000,AG03-UNRESOLVED,ALL5_LEVELS_bet23_to_bet27,394.7909,394.7909,394.7909,394.7909,394.7909,4.000000,4.000000,4.000000,4.000000,4.000000,96.000000,96.000000,96.000000,96.000000,96.000000,5.0,1973.9547,1822.2297,7895.8188,8047.5438,PENDING_AG03,FALSE,NOT_FOR_ENFORCEMENT,9474.9825,206164.0421,9869.7735,9474.9825,394.7909,0.04201944,0.04033866,394.7909,9474.9825,0.04033866,394.7909,394.7909,394.7909,394.7909,394.7909,9474.9825,0.04033866,1973.9547,1822.2297,7895.8188,8047.5438,0.03361555,0.0342615,0.00168078,63.6720,71.2286,3.2736,143.0402,5.0692,3404.1435,43.6957,64.4793,63.5359,42.5677,43.0663,85.2079,124.7713,127.8119,154.8004,42.604,-41.336,2.967791,3.594466,1.478463,30,203,130,8,0.14604117,0.04201944,0.00608590,0E-8,0.000000,0.914292,0.640282,0.04207877,2026-03-23,2026-08-04,69,1947,1162,135,0.511111,1.014849,1.012680,0.486804,,,,,,,,GLOBAL_BASELINE_NO_ENTITY_RANKING,,,NOT_APPLICABLE_GLOBAL_BASELINE,HF9g-P5,,,,X 全窗基线 · 不参与实体赏罚,15051069,1506,A168_HF9F_20260827_0900,2026-08-27 09:00:00
2026-07-03,74657362,2234,0,41.5904175678,-41.5904175678,-41.5904175678,0E-7,1,1,0.49324550000000000,0.493245500000,-0.9865810262130424,-0.9865810262130424,-0.9865810262130424,0E-17,ELIGIBLE,R03b_20260811_FULL_v1,L1_ELIGIBILITY,v2026-08-11,2026-03-21..2026-08-06,baccarat_bet02_101_all_pairs_incl_sentinel,round_win = game_pnl > 0 (decisive only),COMPATIBILITY_ONLY_NOT_PRODUCTION,234885.8996,214754.2105,9869.7735,3689,3015,-0.04201944,-0.00608590,-0.04816467,-0.04201944,-9869.7735,234885.8996,OK,0.0000,394.7909,4.0000,96.0000,AG03-UNRESOLVED,ALL5_LEVELS_bet23_to_bet27,394.7909,394.7909,394.7909,394.7909,394.7909,4.000000,4.000000,4.000000,4.000000,4.000000,96.000000,96.000000,96.000000,96.000000,96.000000,5.0,1973.9547,1822.2297,7895.8188,8047.5438,PENDING_AG03,FALSE,NOT_FOR_ENFORCEMENT,9474.9825,206164.0421,9869.7735,9474.9825,394.7909,0.04201944,0.04033866,394.7909,9474.9825,0.04033866,394.7909,394.7909,394.7909,394.7909,394.7909,9474.9825,0.04033866,1973.9547,1822.2297,7895.8188,8047.5438,0.03361555,0.0342615,0.00168078,63.6720,71.2286,3.2736,143.0402,5.0692,3404.1435,43.6957,64.4793,63.5359,42.5677,43.0663,85.2079,124.7713,127.8119,154.8004,42.604,-41.336,2.967791,3.594466,1.478463,30,203,130,8,0.14604117,0.04201944,0.00608590,0E-8,0.000000,0.914292,0.640282,0.04207877,2026-03-23,2026-08-04,69,1947,1162,135,0.511111,1.014849,1.012680,0.486804,,,,,,,,GLOBAL_BASELINE_NO_ENTITY_RANKING,,,NOT_APPLICABLE_GLOBAL_BASELINE,HF9g-P5,,,,X 全窗基线 · 不参与实体赏罚,15051070,1506,A168_HF9F_20260827_0900,2026-08-27 09:00:00
2026-07-03,74657362,2267,0,49.9085010814,33.2723340542,33.2723340542,1.0000000,2,1,0.42463583333305839,0.287416500000,1.164027084371746,1.5745702178656522,1.164027084371746,0.13721933333305839,ELIGIBLE,R03b_20260811_FULL_v1,L1_ELIGIBILITY,v2026-08-11,2026-03-21..2026-08-06,baccarat_bet02_101_all_pairs_incl_sentinel,round_win = game_pnl > 0 (decisive only),COMPATIBILITY_ONLY_NOT_PRODUCTION,234885.8996,214754.2105,9869.7735,3689,3015,-0.04201944,-0.00608590,-0.04816467,-0.04201944,-9869.7735,234885.8996,OK,0.0000,394.7909,4.0000,96.0000,AG03-UNRESOLVED,ALL5_LEVELS_bet23_to_bet27,394.7909,394.7909,394.7909,394.7909,394.7909,4.000000,4.000000,4.000000,4.000000,4.000000,96.000000,96.000000,96.000000,96.000000,96.000000,5.0,1973.9547,1822.2297,7895.8188,8047.5438,PENDING_AG03,FALSE,NOT_FOR_ENFORCEMENT,9474.9825,206164.0421,9869.7735,9474.9825,394.7909,0.04201944,0.04033866,394.7909,9474.9825,0.04033866,394.7909,394.7909,394.7909,394.7909,394.7909,9474.9825,0.04033866,1973.9547,1822.2297,7895.8188,8047.5438,0.03361555,0.0342615,0.00168078,63.6720,71.2286,3.2736,143.0402,5.0692,3404.1435,43.6957,64.4793,63.5359,42.5677,43.0663,85.2079,124.7713,127.8119,154.8004,42.604,-41.336,2.967791,3.594466,1.478463,30,203,130,8,0.14604117,0.04201944,0.00608590,0E-8,0.000000,0.914292,0.640282,0.04207877,2026-03-23,2026-08-04,69,1947,1162,135,0.511111,1.014849,1.012680,0.486804,,,,,,,,GLOBAL_BASELINE_NO_ENTITY_RANKING,,,NOT_APPLICABLE_GLOBAL_BASELINE,HF9g-P5,,,,X 全窗基线 · 不参与实体赏罚,15051071,1506,A168_HF9F_20260827_0900,2026-08-27 09:00:00
2026-07-03,74657362,2271,0,291.1329229746,83.1808351356,83.1808351356,0.7500000,5,5,0.49592654000000000,0.495926540000,1.0163275685615971,1.0163275685615971,1.0163275685615971,0E-17,ELIGIBLE,R03b_20260811_FULL_v1,L1_ELIGIBILITY,v2026-08-11,2026-03-21..2026-08-06,baccarat_bet02_101_all_pairs_incl_sentinel,round_win = game_pnl > 0 (decisive only),COMPATIBILITY_ONLY_NOT_PRODUCTION,234885.8996,214754.2105,9869.7735,3689,3015,-0.04201944,-0.00608590,-0.04816467,-0.04201944,-9869.7735,234885.8996,OK,0.0000,394.7909,4.0000,96.0000,AG03-UNRESOLVED,ALL5_LEVELS_bet23_to_bet27,394.7909,394.7909,394.7909,394.7909,394.7909,4.000000,4.000000,4.000000,4.000000,4.000000,96.000000,96.000000,96.000000,96.000000,96.000000,5.0,1973.9547,1822.2297,7895.8188,8047.5438,PENDING_AG03,FALSE,NOT_FOR_ENFORCEMENT,9474.9825,206164.0421,9869.7735,9474.9825,394.7909,0.04201944,0.04033866,394.7909,9474.9825,0.04033866,394.7909,394.7909,394.7909,394.7909,394.7909,9474.9825,0.04033866,1973.9547,1822.2297,7895.8188,8047.5438,0.03361555,0.0342615,0.00168078,63.6720,71.2286,3.2736,143.0402,5.0692,3404.1435,43.6957,64.4793,63.5359,42.5677,43.0663,85.2079,124.7713,127.8119,154.8004,42.604,-41.336,2.967791,3.594466,1.478463,30,203,130,8,0.14604117,0.04201944,0.00608590,0E-8,0.000000,0.914292,0.640282,0.04207877,2026-03-23,2026-08-04,69,1947,1162,135,0.511111,1.014849,1.012680,0.486804,,,,,,,,GLOBAL_BASELINE_NO_ENTITY_RANKING,,,NOT_APPLICABLE_GLOBAL_BASELINE,HF9g-P5,,,,X 全窗基线 · 不参与实体赏罚,15051072,1506,A168_HF9F_20260827_0900,2026-08-27 09:00:00
2026-07-03,74657362,2281,0,207.9520878390,124.7712527034,124.7712527034,0.8000000,5,5,0.49324550000000000,0.493245500000,1.3719730223118614,1.3719730223118614,1.3719730223118614,0E-17,ELIGIBLE,R03b_20260811_FULL_v1,L1_ELIGIBILITY,v2026-08-11,2026-03-21..2026-08-06,baccarat_bet02_101_all_pairs_incl_sentinel,round_win = game_pnl > 0 (decisive only),COMPATIBILITY_ONLY_NOT_PRODUCTION,234885.8996,214754.2105,9869.7735,3689,3015,-0.04201944,-0.00608590,-0.04816467,-0.04201944,-9869.7735,234885.8996,OK,0.0000,394.7909,4.0000,96.0000,AG03-UNRESOLVED,ALL5_LEVELS_bet23_to_bet27,394.7909,394.7909,394.7909,394.7909,394.7909,4.000000,4.000000,4.000000,4.000000,4.000000,96.000000,96.000000,96.000000,96.000000,96.000000,5.0,1973.9547,1822.2297,7895.8188,8047.5438,PENDING_AG03,FALSE,NOT_FOR_ENFORCEMENT,9474.9825,206164.0421,9869.7735,9474.9825,394.7909,0.04201944,0.04033866,394.7909,9474.9825,0.04033866,394.7909,394.7909,394.7909,394.7909,394.7909,9474.9825,0.04033866,1973.9547,1822.2297,7895.8188,8047.5438,0.03361555,0.0342615,0.00168078,63.6720,71.2286,3.2736,143.0402,5.0692,3404.1435,43.6957,64.4793,63.5359,42.5677,43.0663,85.2079,124.7713,127.8119,154.8004,42.604,-41.336,2.967791,3.594466,1.478463,30,203,130,8,0.14604117,0.04201944,0.00608590,0E-8,0.000000,0.914292,0.640282,0.04207877,2026-03-23,2026-08-04,69,1947,1162,135,0.511111,1.014849,1.012680,0.486804,,,,,,,,GLOBAL_BASELINE_NO_ENTITY_RANKING,,,NOT_APPLICABLE_GLOBAL_BASELINE,HF9g-P5,,,,X 全窗基线 · 不参与实体赏罚,15051073,1506,A168_HF9F_20260827_0900,2026-08-27 09:00:00
2026-07-03,74657362,2288,0,41.5904175678,-41.5904175678,-41.5904175678,0E-7,1,1,0.49324550000000000,0.493245500000,-0.9865810262130424,-0.9865810262130424,-0.9865810262130424,0E-17,ELIGIBLE,R03b_20260811_FULL_v1,L1_ELIGIBILITY,v2026-08-11,2026-03-21..2026-08-06,baccarat_bet02_101_all_pairs_incl_sentinel,round_win = game_pnl > 0 (decisive only),COMPATIBILITY_ONLY_NOT_PRODUCTION,234885.8996,214754.2105,9869.7735,3689,3015,-0.04201944,-0.00608590,-0.04816467,-0.04201944,-9869.7735,234885.8996,OK,0.0000,394.7909,4.0000,96.0000,AG03-UNRESOLVED,ALL5_LEVELS_bet23_to_bet27,394.7909,394.7909,394.7909,394.7909,394.7909,4.000000,4.000000,4.000000,4.000000,4.000000,96.000000,96.000000,96.000000,96.000000,96.000000,5.0,1973.9547,1822.2297,7895.8188,8047.5438,PENDING_AG03,FALSE,NOT_FOR_ENFORCEMENT,9474.9825,206164.0421,9869.7735,9474.9825,394.7909,0.04201944,0.04033866,394.7909,9474.9825,0.04033866,394.7909,394.7909,394.7909,394.7909,394.7909,9474.9825,0.04033866,1973.9547,1822.2297,7895.8188,8047.5438,0.03361555,0.0342615,0.00168078,63.6720,71.2286,3.2736,143.0402,5.0692,3404.1435,43.6957,64.4793,63.5359,42.5677,43.0663,85.2079,124.7713,127.8119,154.8004,42.604,-41.336,2.967791,3.594466,1.478463,30,203,130,8,0.14604117,0.04201944,0.00608590,0E-8,0.000000,0.914292,0.640282,0.04207877,2026-03-23,2026-08-04,69,1947,1162,135,0.511111,1.014849,1.012680,0.486804,,,,,,,,GLOBAL_BASELINE_NO_ENTITY_RANKING,,,NOT_APPLICABLE_GLOBAL_BASELINE,HF9g-P5,,,,X 全窗基线 · 不参与实体赏罚,15051074,1506,A168_HF9F_20260827_0900,2026-08-27 09:00:00
2026-07-03,74657362,526,0,41.5904175678,41.5904175678,41.5904175678,1.0000000,1,1,0.49324550000000000,0.493245500000,1.01360149184955,1.01360149184955,1.01360149184955,0E-17,ELIGIBLE,R03b_20260811_FULL_v1,L1_ELIGIBILITY,v2026-08-11,2026-03-21..2026-08-06,baccarat_bet02_101_all_pairs_incl_sentinel,round_win = game_pnl > 0 (decisive only),COMPATIBILITY_ONLY_NOT_PRODUCTION,234885.8996,214754.2105,9869.7735,3689,3015,-0.04201944,-0.00608590,-0.04816467,-0.04201944,-9869.7735,234885.8996,OK,0.0000,394.7909,4.0000,96.0000,AG03-UNRESOLVED,ALL5_LEVELS_bet23_to_bet27,394.7909,394.7909,394.7909,394.7909,394.7909,4.000000,4.000000,4.000000,4.000000,4.000000,96.000000,96.000000,96.000000,96.000000,96.000000,5.0,1973.9547,1822.2297,7895.8188,8047.5438,PENDING_AG03,FALSE,NOT_FOR_ENFORCEMENT,9474.9825,206164.0421,9869.7735,9474.9825,394.7909,0.04201944,0.04033866,394.7909,9474.9825,0.04033866,394.7909,394.7909,394.7909,394.7909,394.7909,9474.9825,0.04033866,1973.9547,1822.2297,7895.8188,8047.5438,0.03361555,0.0342615,0.00168078,63.6720,71.2286,3.2736,143.0402,5.0692,3404.1435,43.6957,64.4793,63.5359,42.5677,43.0663,85.2079,124.7713,127.8119,154.8004,42.604,-41.336,2.967791,3.594466,1.478463,30,203,130,8,0.14604117,0.04201944,0.00608590,0E-8,0.000000,0.914292,0.640282,0.04207877,2026-03-23,2026-08-04,69,1947,1162,135,0.511111,1.014849,1.012680,0.486804,,,,,,,,GLOBAL_BASELINE_NO_ENTITY_RANKING,,,NOT_APPLICABLE_GLOBAL_BASELINE,HF9g-P5,,,,X 全窗基线 · 不参与实体赏罚,15051075,1506,A168_HF9F_20260827_0900,2026-08-27 09:00:00
2026-07-03,74657362,583,0,83.1808351356,-83.1808351356,-83.1808351356,0E-7,1,1,0.49324550000000000,0.493245500000,-0.9865810262130424,-0.9865810262130424,-0.9865810262130424,0E-17,ELIGIBLE,R03b_20260811_FULL_v1,L1_ELIGIBILITY,v2026-08-11,2026-03-21..2026-08-06,baccarat_bet02_101_all_pairs_incl_sentinel,round_win = game_pnl > 0 (decisive only),COMPATIBILITY_ONLY_NOT_PRODUCTION,234885.8996,214754.2105,9869.7735,3689,3015,-0.04201944,-0.00608590,-0.04816467,-0.04201944,-9869.7735,234885.8996,OK,0.0000,394.7909,4.0000,96.0000,AG03-UNRESOLVED,ALL5_LEVELS_bet23_to_bet27,394.7909,394.7909,394.7909,394.7909,394.7909,4.000000,4.000000,4.000000,4.000000,4.000000,96.000000,96.000000,96.000000,96.000000,96.000000,5.0,1973.9547,1822.2297,7895.8188,8047.5438,PENDING_AG03,FALSE,NOT_FOR_ENFORCEMENT,9474.9825,206164.0421,9869.7735,9474.9825,394.7909,0.04201944,0.04033866,394.7909,9474.9825,0.04033866,394.7909,394.7909,394.7909,394.7909,394.7909,9474.9825,0.04033866,1973.9547,1822.2297,7895.8188,8047.5438,0.03361555,0.0342615,0.00168078,63.6720,71.2286,3.2736,143.0402,5.0692,3404.1435,43.6957,64.4793,63.5359,42.5677,43.0663,85.2079,124.7713,127.8119,154.8004,42.604,-41.336,2.967791,3.594466,1.478463,30,203,130,8,0.14604117,0.04201944,0.00608590,0E-8,0.000000,0.914292,0.640282,0.04207877,2026-03-23,2026-08-04,69,1947,1162,135,0.511111,1.014849,1.012680,0.486804,,,,,,,,GLOBAL_BASELINE_NO_ENTITY_RANKING,,,NOT_APPLICABLE_GLOBAL_BASELINE,HF9g-P5,,,,X 全窗基线 · 不参与实体赏罚,15051076,1506,A168_HF9F_20260827_0900,2026-08-27 09:00:00
2026-07-03,74657362,752,0,41.5904175678,41.5904175678,41.5904175678,1.0000000,1,1,0.49324550000000000,0.493245500000,1.01360149184955,1.01360149184955,1.01360149184955,0E-17,ELIGIBLE,R03b_20260811_FULL_v1,L1_ELIGIBILITY,v2026-08-11,2026-03-21..2026-08-06,baccarat_bet02_101_all_pairs_incl_sentinel,round_win = game_pnl > 0 (decisive only),COMPATIBILITY_ONLY_NOT_PRODUCTION,234885.8996,214754.2105,9869.7735,3689,3015,-0.04201944,-0.00608590,-0.04816467,-0.04201944,-9869.7735,234885.8996,OK,0.0000,394.7909,4.0000,96.0000,AG03-UNRESOLVED,ALL5_LEVELS_bet23_to_bet27,394.7909,394.7909,394.7909,394.7909,394.7909,4.000000,4.000000,4.000000,4.000000,4.000000,96.000000,96.000000,96.000000,96.000000,96.000000,5.0,1973.9547,1822.2297,7895.8188,8047.5438,PENDING_AG03,FALSE,NOT_FOR_ENFORCEMENT,9474.9825,206164.0421,9869.7735,9474.9825,394.7909,0.04201944,0.04033866,394.7909,9474.9825,0.04033866,394.7909,394.7909,394.7909,394.7909,394.7909,9474.9825,0.04033866,1973.9547,1822.2297,7895.8188,8047.5438,0.03361555,0.0342615,0.00168078,63.6720,71.2286,3.2736,143.0402,5.0692,3404.1435,43.6957,64.4793,63.5359,42.5677,43.0663,85.2079,124.7713,127.8119,154.8004,42.604,-41.336,2.967791,3.594466,1.478463,30,203,130,8,0.14604117,0.04201944,0.00608590,0E-8,0.000000,0.914292,0.640282,0.04207877,2026-03-23,2026-08-04,69,1947,1162,135,0.511111,1.014849,1.012680,0.486804,,,,,,,,GLOBAL_BASELINE_NO_ENTITY_RANKING,,,NOT_APPLICABLE_GLOBAL_BASELINE,HF9g-P5,,,,X 全窗基线 · 不参与实体赏罚,15051077,1506,A168_HF9F_20260827_0900,2026-08-27 09:00:00
2026-07-03,74657362,948,0,166.3616702712,166.3616702712,166.3616702712,1.0000000,2,2,0.50665070000000000,0.506650700000,1.3955260008387969,1.3955260008387969,1.3955260008387969,0E-17,ELIGIBLE,R03b_20260811_FULL_v1,L1_ELIGIBILITY,v2026-08-11,2026-03-21..2026-08-06,baccarat_bet02_101_all_pairs_incl_sentinel,round_win = game_pnl > 0 (decisive only),COMPATIBILITY_ONLY_NOT_PRODUCTION,234885.8996,214754.2105,9869.7735,3689,3015,-0.04201944,-0.00608590,-0.04816467,-0.04201944,-9869.7735,234885.8996,OK,0.0000,394.7909,4.0000,96.0000,AG03-UNRESOLVED,ALL5_LEVELS_bet23_to_bet27,394.7909,394.7909,394.7909,394.7909,394.7909,4.000000,4.000000,4.000000,4.000000,4.000000,96.000000,96.000000,96.000000,96.000000,96.000000,5.0,1973.9547,1822.2297,7895.8188,8047.5438,PENDING_AG03,FALSE,NOT_FOR_ENFORCEMENT,9474.9825,206164.0421,9869.7735,9474.9825,394.7909,0.04201944,0.04033866,394.7909,9474.9825,0.04033866,394.7909,394.7909,394.7909,394.7909,394.7909,9474.9825,0.04033866,1973.9547,1822.2297,7895.8188,8047.5438,0.03361555,0.0342615,0.00168078,63.6720,71.2286,3.2736,143.0402,5.0692,3404.1435,43.6957,64.4793,63.5359,42.5677,43.0663,85.2079,124.7713,127.8119,154.8004,42.604,-41.336,2.967791,3.594466,1.478463,30,203,130,8,0.14604117,0.04201944,0.00608590,0E-8,0.000000,0.914292,0.640282,0.04207877,2026-03-23,2026-08-04,69,1947,1162,135,0.511111,1.014849,1.012680,0.486804,,,,,,,,GLOBAL_BASELINE_NO_ENTITY_RANKING,,,NOT_APPLICABLE_GLOBAL_BASELINE,HF9g-P5,,,,X 全窗基线 · 不参与实体赏罚,15051078,1506,A168_HF9F_20260827_0900,2026-08-27 09:00:00
2026-07-03,74657362,994,0,41.5904175678,0E-10,0E-10,,1,1,0.49324550000000000,0.493245500000,,,,0E-17,NO_DECISIVE_ROUND,R03b_20260811_FULL_v1,L1_ELIGIBILITY,v2026-08-11,2026-03-21..2026-08-06,baccarat_bet02_101_all_pairs_incl_sentinel,round_win = game_pnl > 0 (decisive only),COMPATIBILITY_ONLY_NOT_PRODUCTION,234885.8996,214754.2105,9869.7735,3689,3015,-0.04201944,-0.00608590,-0.04816467,-0.04201944,-9869.7735,234885.8996,OK,0.0000,394.7909,4.0000,96.0000,AG03-UNRESOLVED,ALL5_LEVELS_bet23_to_bet27,394.7909,394.7909,394.7909,394.7909,394.7909,4.000000,4.000000,4.000000,4.000000,4.000000,96.000000,96.000000,96.000000,96.000000,96.000000,5.0,1973.9547,1822.2297,7895.8188,8047.5438,PENDING_AG03,FALSE,NOT_FOR_ENFORCEMENT,9474.9825,206164.0421,9869.7735,9474.9825,394.7909,0.04201944,0.04033866,394.7909,9474.9825,0.04033866,394.7909,394.7909,394.7909,394.7909,394.7909,9474.9825,0.04033866,1973.9547,1822.2297,7895.8188,8047.5438,0.03361555,0.0342615,0.00168078,63.6720,71.2286,3.2736,143.0402,5.0692,3404.1435,43.6957,64.4793,63.5359,42.5677,43.0663,85.2079,124.7713,127.8119,154.8004,42.604,-41.336,2.967791,3.594466,1.478463,30,203,130,8,0.14604117,0.04201944,0.00608590,0E-8,0.000000,0.914292,0.640282,0.04207877,2026-03-23,2026-08-04,69,1947,1162,135,0.511111,1.014849,1.012680,0.486804,,,,,,,,GLOBAL_BASELINE_NO_ENTITY_RANKING,,,NOT_APPLICABLE_GLOBAL_BASELINE,HF9g-P5,,,,X 全窗基线 · 不参与实体赏罚,15051079,1506,A168_HF9F_20260827_0900,2026-08-27 09:00:00
2026-07-04,74657362,-1,1,2703.3771419070,-20.7952087840,-20.7952087840,0.4444444,34,19,0.39365605929824561,0.314166581579,0.4410447589302776,1.1907417010674441,0.4410447589302776,0.07948947771924561,SENTINEL_DEALER,R03b_20260811_FULL_v1,L1_ELIGIBILITY,v2026-08-11,2026-03-21..2026-08-06,baccarat_bet02_101_all_pairs_incl_sentinel,round_win = game_pnl > 0 (decisive only),COMPATIBILITY_ONLY_NOT_PRODUCTION,234885.8996,214754.2105,9869.7735,3689,3015,-0.04201944,-0.00608590,-0.04816467,-0.04201944,-9869.7735,234885.8996,OK,0.0000,394.7909,4.0000,96.0000,AG03-UNRESOLVED,ALL5_LEVELS_bet23_to_bet27,394.7909,394.7909,394.7909,394.7909,394.7909,4.000000,4.000000,4.000000,4.000000,4.000000,96.000000,96.000000,96.000000,96.000000,96.000000,5.0,1973.9547,1822.2297,7895.8188,8047.5438,PENDING_AG03,FALSE,NOT_FOR_ENFORCEMENT,9474.9825,206164.0421,9869.7735,9474.9825,394.7909,0.04201944,0.04033866,394.7909,9474.9825,0.04033866,394.7909,394.7909,394.7909,394.7909,394.7909,9474.9825,0.04033866,1973.9547,1822.2297,7895.8188,8047.5438,0.03361555,0.0342615,0.00168078,63.6720,71.2286,3.2736,143.0402,5.0692,3404.1435,43.6957,64.4793,63.5359,42.5677,43.0663,85.2079,124.7713,127.8119,154.8004,42.604,-41.336,2.967791,3.594466,1.478463,30,203,130,8,0.14604117,0.04201944,0.00608590,0E-8,0.000000,0.914292,0.640282,0.04207877,2026-03-23,2026-08-04,69,1947,1162,135,0.511111,1.014849,1.012680,0.486804,,,,,,,,GLOBAL_BASELINE_NO_ENTITY_RANKING,,,NOT_APPLICABLE_GLOBAL_BASELINE,HF9g-P5,,,,X 全窗基线 · 不参与实体赏罚,15051080,1506,A168_HF9F_20260827_0900,2026-08-27 09:00:00
2026-07-04,74657362,1017,0,166.3616702712,83.1808351356,83.1808351356,1.0000000,2,1,0.39337837500000000,0.280106050000,1.2418058546638626,1.6031457840727341,1.2418058546638626,0.11327232500000000,ELIGIBLE,R03b_20260811_FULL_v1,L1_ELIGIBILITY,v2026-08-11,2026-03-21..2026-08-06,baccarat_bet02_101_all_pairs_incl_sentinel,round_win = game_pnl > 0 (decisive only),COMPATIBILITY_ONLY_NOT_PRODUCTION,234885.8996,214754.2105,9869.7735,3689,3015,-0.04201944,-0.00608590,-0.04816467,-0.04201944,-9869.7735,234885.8996,OK,0.0000,394.7909,4.0000,96.0000,AG03-UNRESOLVED,ALL5_LEVELS_bet23_to_bet27,394.7909,394.7909,394.7909,394.7909,394.7909,4.000000,4.000000,4.000000,4.000000,4.000000,96.000000,96.000000,96.000000,96.000000,96.000000,5.0,1973.9547,1822.2297,7895.8188,8047.5438,PENDING_AG03,FALSE,NOT_FOR_ENFORCEMENT,9474.9825,206164.0421,9869.7735,9474.9825,394.7909,0.04201944,0.04033866,394.7909,9474.9825,0.04033866,394.7909,394.7909,394.7909,394.7909,394.7909,9474.9825,0.04033866,1973.9547,1822.2297,7895.8188,8047.5438,0.03361555,0.0342615,0.00168078,63.6720,71.2286,3.2736,143.0402,5.0692,3404.1435,43.6957,64.4793,63.5359,42.5677,43.0663,85.2079,124.7713,127.8119,154.8004,42.604,-41.336,2.967791,3.594466,1.478463,30,203,130,8,0.14604117,0.04201944,0.00608590,0E-8,0.000000,0.914292,0.640282,0.04207877,2026-03-23,2026-08-04,69,1947,1162,135,0.511111,1.014849,1.012680,0.486804,,,,,,,,GLOBAL_BASELINE_NO_ENTITY_RANKING,,,NOT_APPLICABLE_GLOBAL_BASELINE,HF9g-P5,,,,X 全窗基线 · 不参与实体赏罚,15051081,1506,A168_HF9F_20260827_0900,2026-08-27 09:00:00
2026-07-04,74657362,1330,0,63.2174347030,-63.2174347030,-63.2174347030,0E-7,1,1,0.49324550000000000,0.493245500000,-0.9865810262130424,-0.9865810262130424,-0.9865810262130424,0E-17,ELIGIBLE,R03b_20260811_FULL_v1,L1_ELIGIBILITY,v2026-08-11,2026-03-21..2026-08-06,baccarat_bet02_101_all_pairs_incl_sentinel,round_win = game_pnl > 0 (decisive only),COMPATIBILITY_ONLY_NOT_PRODUCTION,234885.8996,214754.2105,9869.7735,3689,3015,-0.04201944,-0.00608590,-0.04816467,-0.04201944,-9869.7735,234885.8996,OK,0.0000,394.7909,4.0000,96.0000,AG03-UNRESOLVED,ALL5_LEVELS_bet23_to_bet27,394.7909,394.7909,394.7909,394.7909,394.7909,4.000000,4.000000,4.000000,4.000000,4.000000,96.000000,96.000000,96.000000,96.000000,96.000000,5.0,1973.9547,1822.2297,7895.8188,8047.5438,PENDING_AG03,FALSE,NOT_FOR_ENFORCEMENT,9474.9825,206164.0421,9869.7735,9474.9825,394.7909,0.04201944,0.04033866,394.7909,9474.9825,0.04033866,394.7909,394.7909,394.7909,394.7909,394.7909,9474.9825,0.04033866,1973.9547,1822.2297,7895.8188,8047.5438,0.03361555,0.0342615,0.00168078,63.6720,71.2286,3.2736,143.0402,5.0692,3404.1435,43.6957,64.4793,63.5359,42.5677,43.0663,85.2079,124.7713,127.8119,154.8004,42.604,-41.336,2.967791,3.594466,1.478463,30,203,130,8,0.14604117,0.04201944,0.00608590,0E-8,0.000000,0.914292,0.640282,0.04207877,2026-03-23,2026-08-04,69,1947,1162,135,0.511111,1.014849,1.012680,0.486804,,,,,,,,GLOBAL_BASELINE_NO_ENTITY_RANKING,,,NOT_APPLICABLE_GLOBAL_BASELINE,HF9g-P5,,,,X 全窗基线 · 不参与实体赏罚,15051082,1506,A168_HF9F_20260827_0900,2026-08-27 09:00:00
2026-07-04,74657362,1383,0,83.1808351356,-83.1808351356,-83.1808351356,0E-7,1,1,0.49324550000000000,0.493245500000,-0.9865810262130424,-0.9865810262130424,-0.9865810262130424,0E-17,ELIGIBLE,R03b_20260811_FULL_v1,L1_ELIGIBILITY,v2026-08-11,2026-03-21..2026-08-06,baccarat_bet02_101_all_pairs_incl_sentinel,round_win = game_pnl > 0 (decisive only),COMPATIBILITY_ONLY_NOT_PRODUCTION,234885.8996,214754.2105,9869.7735,3689,3015,-0.04201944,-0.00608590,-0.04816467,-0.04201944,-9869.7735,234885.8996,OK,0.0000,394.7909,4.0000,96.0000,AG03-UNRESOLVED,ALL5_LEVELS_bet23_to_bet27,394.7909,394.7909,394.7909,394.7909,394.7909,4.000000,4.000000,4.000000,4.000000,4.000000,96.000000,96.000000,96.000000,96.000000,96.000000,5.0,1973.9547,1822.2297,7895.8188,8047.5438,PENDING_AG03,FALSE,NOT_FOR_ENFORCEMENT,9474.9825,206164.0421,9869.7735,9474.9825,394.7909,0.04201944,0.04033866,394.7909,9474.9825,0.04033866,394.7909,394.7909,394.7909,394.7909,394.7909,9474.9825,0.04033866,1973.9547,1822.2297,7895.8188,8047.5438,0.03361555,0.0342615,0.00168078,63.6720,71.2286,3.2736,143.0402,5.0692,3404.1435,43.6957,64.4793,63.5359,42.5677,43.0663,85.2079,124.7713,127.8119,154.8004,42.604,-41.336,2.967791,3.594466,1.478463,30,203,130,8,0.14604117,0.04201944,0.00608590,0E-8,0.000000,0.914292,0.640282,0.04207877,2026-03-23,2026-08-04,69,1947,1162,135,0.511111,1.014849,1.012680,0.486804,,,,,,,,GLOBAL_BASELINE_NO_ENTITY_RANKING,,,NOT_APPLICABLE_GLOBAL_BASELINE,HF9g-P5,,,,X 全窗基线 · 不参与实体赏罚,15051083,1506,A168_HF9F_20260827_0900,2026-08-27 09:00:00
2026-07-04,74657362,1505,0,166.3616702712,561.4706371652,561.4706371652,1.0000000,2,1,0.39337837500000000,0.280106050000,1.2418058546638626,1.6031457840727341,1.2418058546638626,0.11327232500000000,ELIGIBLE,R03b_20260811_FULL_v1,L1_ELIGIBILITY,v2026-08-11,2026-03-21..2026-08-06,baccarat_bet02_101_all_pairs_incl_sentinel,round_win = game_pnl > 0 (decisive only),COMPATIBILITY_ONLY_NOT_PRODUCTION,234885.8996,214754.2105,9869.7735,3689,3015,-0.04201944,-0.00608590,-0.04816467,-0.04201944,-9869.7735,234885.8996,OK,0.0000,394.7909,4.0000,96.0000,AG03-UNRESOLVED,ALL5_LEVELS_bet23_to_bet27,394.7909,394.7909,394.7909,394.7909,394.7909,4.000000,4.000000,4.000000,4.000000,4.000000,96.000000,96.000000,96.000000,96.000000,96.000000,5.0,1973.9547,1822.2297,7895.8188,8047.5438,PENDING_AG03,FALSE,NOT_FOR_ENFORCEMENT,9474.9825,206164.0421,9869.7735,9474.9825,394.7909,0.04201944,0.04033866,394.7909,9474.9825,0.04033866,394.7909,394.7909,394.7909,394.7909,394.7909,9474.9825,0.04033866,1973.9547,1822.2297,7895.8188,8047.5438,0.03361555,0.0342615,0.00168078,63.6720,71.2286,3.2736,143.0402,5.0692,3404.1435,43.6957,64.4793,63.5359,42.5677,43.0663,85.2079,124.7713,127.8119,154.8004,42.604,-41.336,2.967791,3.594466,1.478463,30,203,130,8,0.14604117,0.04201944,0.00608590,0E-8,0.000000,0.914292,0.640282,0.04207877,2026-03-23,2026-08-04,69,1947,1162,135,0.511111,1.014849,1.012680,0.486804,,,,,,,,GLOBAL_BASELINE_NO_ENTITY_RANKING,,,NOT_APPLICABLE_GLOBAL_BASELINE,HF9g-P5,,,,X 全窗基线 · 不参与实体赏罚,15051084,1506,A168_HF9F_20260827_0900,2026-08-27 09:00:00
2026-07-04,74657362,1645,0,83.1808351356,83.1808351356,83.1808351356,1.0000000,1,1,0.49324550000000000,0.493245500000,1.01360149184955,1.01360149184955,1.01360149184955,0E-17,ELIGIBLE,R03b_20260811_FULL_v1,L1_ELIGIBILITY,v2026-08-11,2026-03-21..2026-08-06,baccarat_bet02_101_all_pairs_incl_sentinel,round_win = game_pnl > 0 (decisive only),COMPATIBILITY_ONLY_NOT_PRODUCTION,234885.8996,214754.2105,9869.7735,3689,3015,-0.04201944,-0.00608590,-0.04816467,-0.04201944,-9869.7735,234885.8996,OK,0.0000,394.7909,4.0000,96.0000,AG03-UNRESOLVED,ALL5_LEVELS_bet23_to_bet27,394.7909,394.7909,394.7909,394.7909,394.7909,4.000000,4.000000,4.000000,4.000000,4.000000,96.000000,96.000000,96.000000,96.000000,96.000000,5.0,1973.9547,1822.2297,7895.8188,8047.5438,PENDING_AG03,FALSE,NOT_FOR_ENFORCEMENT,9474.9825,206164.0421,9869.7735,9474.9825,394.7909,0.04201944,0.04033866,394.7909,9474.9825,0.04033866,394.7909,394.7909,394.7909,394.7909,394.7909,9474.9825,0.04033866,1973.9547,1822.2297,7895.8188,8047.5438,0.03361555,0.0342615,0.00168078,63.6720,71.2286,3.2736,143.0402,5.0692,3404.1435,43.6957,64.4793,63.5359,42.5677,43.0663,85.2079,124.7713,127.8119,154.8004,42.604,-41.336,2.967791,3.594466,1.478463,30,203,130,8,0.14604117,0.04201944,0.00608590,0E-8,0.000000,0.914292,0.640282,0.04207877,2026-03-23,2026-08-04,69,1947,1162,135,0.511111,1.014849,1.012680,0.486804,,,,,,,,GLOBAL_BASELINE_NO_ENTITY_RANKING,,,NOT_APPLICABLE_GLOBAL_BASELINE,HF9g-P5,,,,X 全窗基线 · 不参与实体赏罚,15051085,1506,A168_HF9F_20260827_0900,2026-08-27 09:00:00
2026-07-04,74657362,1654,0,63.2174347031,19.9634004325,19.9634004325,1.0000000,2,1,0.35164646578926621,0.280106050000,1.3578531772110514,1.6031457840727341,1.3578531772110514,0.07154041578926621,ELIGIBLE,R03b_20260811_FULL_v1,L1_ELIGIBILITY,v2026-08-11,2026-03-21..2026-08-06,baccarat_bet02_101_all_pairs_incl_sentinel,round_win = game_pnl > 0 (decisive only),COMPATIBILITY_ONLY_NOT_PRODUCTION,234885.8996,214754.2105,9869.7735,3689,3015,-0.04201944,-0.00608590,-0.04816467,-0.04201944,-9869.7735,234885.8996,OK,0.0000,394.7909,4.0000,96.0000,AG03-UNRESOLVED,ALL5_LEVELS_bet23_to_bet27,394.7909,394.7909,394.7909,394.7909,394.7909,4.000000,4.000000,4.000000,4.000000,4.000000,96.000000,96.000000,96.000000,96.000000,96.000000,5.0,1973.9547,1822.2297,7895.8188,8047.5438,PENDING_AG03,FALSE,NOT_FOR_ENFORCEMENT,9474.9825,206164.0421,9869.7735,9474.9825,394.7909,0.04201944,0.04033866,394.7909,9474.9825,0.04033866,394.7909,394.7909,394.7909,394.7909,394.7909,9474.9825,0.04033866,1973.9547,1822.2297,7895.8188,8047.5438,0.03361555,0.0342615,0.00168078,63.6720,71.2286,3.2736,143.0402,5.0692,3404.1435,43.6957,64.4793,63.5359,42.5677,43.0663,85.2079,124.7713,127.8119,154.8004,42.604,-41.336,2.967791,3.594466,1.478463,30,203,130,8,0.14604117,0.04201944,0.00608590,0E-8,0.000000,0.914292,0.640282,0.04207877,2026-03-23,2026-08-04,69,1947,1162,135,0.511111,1.014849,1.012680,0.486804,,,,,,,,GLOBAL_BASELINE_NO_ENTITY_RANKING,,,NOT_APPLICABLE_GLOBAL_BASELINE,HF9g-P5,,,,X 全窗基线 · 不参与实体赏罚,15051086,1506,A168_HF9F_20260827_0900,2026-08-27 09:00:00
2026-07-04,74657362,1949,0,166.3616702712,-41.5904175678,-41.5904175678,0E-7,2,1,0.39337837500000000,0.280106050000,-0.8052788575962098,-0.6237735893609975,-0.8052788575962098,0.11327232500000000,ELIGIBLE,R03b_20260811_FULL_v1,L1_ELIGIBILITY,v2026-08-11,2026-03-21..2026-08-06,baccarat_bet02_101_all_pairs_incl_sentinel,round_win = game_pnl > 0 (decisive only),COMPATIBILITY_ONLY_NOT_PRODUCTION,234885.8996,214754.2105,9869.7735,3689,3015,-0.04201944,-0.00608590,-0.04816467,-0.04201944,-9869.7735,234885.8996,OK,0.0000,394.7909,4.0000,96.0000,AG03-UNRESOLVED,ALL5_LEVELS_bet23_to_bet27,394.7909,394.7909,394.7909,394.7909,394.7909,4.000000,4.000000,4.000000,4.000000,4.000000,96.000000,96.000000,96.000000,96.000000,96.000000,5.0,1973.9547,1822.2297,7895.8188,8047.5438,PENDING_AG03,FALSE,NOT_FOR_ENFORCEMENT,9474.9825,206164.0421,9869.7735,9474.9825,394.7909,0.04201944,0.04033866,394.7909,9474.9825,0.04033866,394.7909,394.7909,394.7909,394.7909,394.7909,9474.9825,0.04033866,1973.9547,1822.2297,7895.8188,8047.5438,0.03361555,0.0342615,0.00168078,63.6720,71.2286,3.2736,143.0402,5.0692,3404.1435,43.6957,64.4793,63.5359,42.5677,43.0663,85.2079,124.7713,127.8119,154.8004,42.604,-41.336,2.967791,3.594466,1.478463,30,203,130,8,0.14604117,0.04201944,0.00608590,0E-8,0.000000,0.914292,0.640282,0.04207877,2026-03-23,2026-08-04,69,1947,1162,135,0.511111,1.014849,1.012680,0.486804,,,,,,,,GLOBAL_BASELINE_NO_ENTITY_RANKING,,,NOT_APPLICABLE_GLOBAL_BASELINE,HF9g-P5,,,,X 全窗基线 · 不参与实体赏罚,15051087,1506,A168_HF9F_20260827_0900,2026-08-27 09:00:00
2026-07-04,74657362,2117,0,166.3616702712,-166.3616702712,-166.3616702712,0E-7,2,1,0.39337837500000000,0.280106050000,-0.8052788575962098,-0.6237735893609975,-0.8052788575962098,0.11327232500000000,ELIGIBLE,R03b_20260811_FULL_v1,L1_ELIGIBILITY,v2026-08-11,2026-03-21..2026-08-06,baccarat_bet02_101_all_pairs_incl_sentinel,round_win = game_pnl > 0 (decisive only),COMPATIBILITY_ONLY_NOT_PRODUCTION,234885.8996,214754.2105,9869.7735,3689,3015,-0.04201944,-0.00608590,-0.04816467,-0.04201944,-9869.7735,234885.8996,OK,0.0000,394.7909,4.0000,96.0000,AG03-UNRESOLVED,ALL5_LEVELS_bet23_to_bet27,394.7909,394.7909,394.7909,394.7909,394.7909,4.000000,4.000000,4.000000,4.000000,4.000000,96.000000,96.000000,96.000000,96.000000,96.000000,5.0,1973.9547,1822.2297,7895.8188,8047.5438,PENDING_AG03,FALSE,NOT_FOR_ENFORCEMENT,9474.9825,206164.0421,9869.7735,9474.9825,394.7909,0.04201944,0.04033866,394.7909,9474.9825,0.04033866,394.7909,394.7909,394.7909,394.7909,394.7909,9474.9825,0.04033866,1973.9547,1822.2297,7895.8188,8047.5438,0.03361555,0.0342615,0.00168078,63.6720,71.2286,3.2736,143.0402,5.0692,3404.1435,43.6957,64.4793,63.5359,42.5677,43.0663,85.2079,124.7713,127.8119,154.8004,42.604,-41.336,2.967791,3.594466,1.478463,30,203,130,8,0.14604117,0.04201944,0.00608590,0E-8,0.000000,0.914292,0.640282,0.04207877,2026-03-23,2026-08-04,69,1947,1162,135,0.511111,1.014849,1.012680,0.486804,,,,,,,,GLOBAL_BASELINE_NO_ENTITY_RANKING,,,NOT_APPLICABLE_GLOBAL_BASELINE,HF9g-P5,,,,X 全窗基线 · 不参与实体赏罚,15051088,1506,A168_HF9F_20260827_0900,2026-08-27 09:00:00
2026-07-04,74657362,2222,0,227.9154882716,606.3882881384,606.3882881384,1.0000000,4,2,0.41549720777016182,0.283761275000,1.6773521053321814,2.2468150982247894,1.6773521053321814,0.13173593277016182,ELIGIBLE,R03b_20260811_FULL_v1,L1_ELIGIBILITY,v2026-08-11,2026-03-21..2026-08-06,baccarat_bet02_101_all_pairs_incl_sentinel,round_win = game_pnl > 0 (decisive only),COMPATIBILITY_ONLY_NOT_PRODUCTION,234885.8996,214754.2105,9869.7735,3689,3015,-0.04201944,-0.00608590,-0.04816467,-0.04201944,-9869.7735,234885.8996,OK,0.0000,394.7909,4.0000,96.0000,AG03-UNRESOLVED,ALL5_LEVELS_bet23_to_bet27,394.7909,394.7909,394.7909,394.7909,394.7909,4.000000,4.000000,4.000000,4.000000,4.000000,96.000000,96.000000,96.000000,96.000000,96.000000,5.0,1973.9547,1822.2297,7895.8188,8047.5438,PENDING_AG03,FALSE,NOT_FOR_ENFORCEMENT,9474.9825,206164.0421,9869.7735,9474.9825,394.7909,0.04201944,0.04033866,394.7909,9474.9825,0.04033866,394.7909,394.7909,394.7909,394.7909,394.7909,9474.9825,0.04033866,1973.9547,1822.2297,7895.8188,8047.5438,0.03361555,0.0342615,0.00168078,63.6720,71.2286,3.2736,143.0402,5.0692,3404.1435,43.6957,64.4793,63.5359,42.5677,43.0663,85.2079,124.7713,127.8119,154.8004,42.604,-41.336,2.967791,3.594466,1.478463,30,203,130,8,0.14604117,0.04201944,0.00608590,0E-8,0.000000,0.914292,0.640282,0.04207877,2026-03-23,2026-08-04,69,1947,1162,135,0.511111,1.014849,1.012680,0.486804,,,,,,,,GLOBAL_BASELINE_NO_ENTITY_RANKING,,,NOT_APPLICABLE_GLOBAL_BASELINE,HF9g-P5,,,,X 全窗基线 · 不参与实体赏罚,15051089,1506,A168_HF9F_20260827_0900,2026-08-27 09:00:00
2026-07-04,74657362,2235,0,394.2771585427,104.8078522709,104.8078522709,0.6666667,5,3,0.42666741666666667,0.351152533333,0.8404704731458678,1.1448807041139781,0.8404704731458678,0.07551488333366667,ELIGIBLE,R03b_20260811_FULL_v1,L1_ELIGIBILITY,v2026-08-11,2026-03-21..2026-08-06,baccarat_bet02_101_all_pairs_incl_sentinel,round_win = game_pnl > 0 (decisive only),COMPATIBILITY_ONLY_NOT_PRODUCTION,234885.8996,214754.2105,9869.7735,3689,3015,-0.04201944,-0.00608590,-0.04816467,-0.04201944,-9869.7735,234885.8996,OK,0.0000,394.7909,4.0000,96.0000,AG03-UNRESOLVED,ALL5_LEVELS_bet23_to_bet27,394.7909,394.7909,394.7909,394.7909,394.7909,4.000000,4.000000,4.000000,4.000000,4.000000,96.000000,96.000000,96.000000,96.000000,96.000000,5.0,1973.9547,1822.2297,7895.8188,8047.5438,PENDING_AG03,FALSE,NOT_FOR_ENFORCEMENT,9474.9825,206164.0421,9869.7735,9474.9825,394.7909,0.04201944,0.04033866,394.7909,9474.9825,0.04033866,394.7909,394.7909,394.7909,394.7909,394.7909,9474.9825,0.04033866,1973.9547,1822.2297,7895.8188,8047.5438,0.03361555,0.0342615,0.00168078,63.6720,71.2286,3.2736,143.0402,5.0692,3404.1435,43.6957,64.4793,63.5359,42.5677,43.0663,85.2079,124.7713,127.8119,154.8004,42.604,-41.336,2.967791,3.594466,1.478463,30,203,130,8,0.14604117,0.04201944,0.00608590,0E-8,0.000000,0.914292,0.640282,0.04207877,2026-03-23,2026-08-04,69,1947,1162,135,0.511111,1.014849,1.012680,0.486804,,,,,,,,GLOBAL_BASELINE_NO_ENTITY_RANKING,,,NOT_APPLICABLE_GLOBAL_BASELINE,HF9g-P5,,,,X 全窗基线 · 不参与实体赏罚,15051090,1506,A168_HF9F_20260827_0900,2026-08-27 09:00:00
2026-07-04,74657362,2242,0,166.3616702712,-166.3616702712,-166.3616702712,0E-7,2,1,0.39337837500000000,0.280106050000,-0.8052788575962098,-0.6237735893609975,-0.8052788575962098,0.11327232500000000,ELIGIBLE,R03b_20260811_FULL_v1,L1_ELIGIBILITY,v2026-08-11,2026-03-21..2026-08-06,baccarat_bet02_101_all_pairs_incl_sentinel,round_win = game_pnl > 0 (decisive only),COMPATIBILITY_ONLY_NOT_PRODUCTION,234885.8996,214754.2105,9869.7735,3689,3015,-0.04201944,-0.00608590,-0.04816467,-0.04201944,-9869.7735,234885.8996,OK,0.0000,394.7909,4.0000,96.0000,AG03-UNRESOLVED,ALL5_LEVELS_bet23_to_bet27,394.7909,394.7909,394.7909,394.7909,394.7909,4.000000,4.000000,4.000000,4.000000,4.000000,96.000000,96.000000,96.000000,96.000000,96.000000,5.0,1973.9547,1822.2297,7895.8188,8047.5438,PENDING_AG03,FALSE,NOT_FOR_ENFORCEMENT,9474.9825,206164.0421,9869.7735,9474.9825,394.7909,0.04201944,0.04033866,394.7909,9474.9825,0.04033866,394.7909,394.7909,394.7909,394.7909,394.7909,9474.9825,0.04033866,1973.9547,1822.2297,7895.8188,8047.5438,0.03361555,0.0342615,0.00168078,63.6720,71.2286,3.2736,143.0402,5.0692,3404.1435,43.6957,64.4793,63.5359,42.5677,43.0663,85.2079,124.7713,127.8119,154.8004,42.604,-41.336,2.967791,3.594466,1.478463,30,203,130,8,0.14604117,0.04201944,0.00608590,0E-8,0.000000,0.914292,0.640282,0.04207877,2026-03-23,2026-08-04,69,1947,1162,135,0.511111,1.014849,1.012680,0.486804,,,,,,,,GLOBAL_BASELINE_NO_ENTITY_RANKING,,,NOT_APPLICABLE_GLOBAL_BASELINE,HF9g-P5,,,,X 全窗基线 · 不参与实体赏罚,15051091,1506,A168_HF9F_20260827_0900,2026-08-27 09:00:00
2026-07-04,74657362,2246,0,332.7233405424,-83.1808351356,-83.1808351356,0.5000000,3,2,0.44331193750000000,0.386675775000,0.16137860029625145,0.3290934312765982,0.16137860029625145,0.05663616250000000,ELIGIBLE,R03b_20260811_FULL_v1,L1_ELIGIBILITY,v2026-08-11,2026-03-21..2026-08-06,baccarat_bet02_101_all_pairs_incl_sentinel,round_win = game_pnl > 0 (decisive only),COMPATIBILITY_ONLY_NOT_PRODUCTION,234885.8996,214754.2105,9869.7735,3689,3015,-0.04201944,-0.00608590,-0.04816467,-0.04201944,-9869.7735,234885.8996,OK,0.0000,394.7909,4.0000,96.0000,AG03-UNRESOLVED,ALL5_LEVELS_bet23_to_bet27,394.7909,394.7909,394.7909,394.7909,394.7909,4.000000,4.000000,4.000000,4.000000,4.000000,96.000000,96.000000,96.000000,96.000000,96.000000,5.0,1973.9547,1822.2297,7895.8188,8047.5438,PENDING_AG03,FALSE,NOT_FOR_ENFORCEMENT,9474.9825,206164.0421,9869.7735,9474.9825,394.7909,0.04201944,0.04033866,394.7909,9474.9825,0.04033866,394.7909,394.7909,394.7909,394.7909,394.7909,9474.9825,0.04033866,1973.9547,1822.2297,7895.8188,8047.5438,0.03361555,0.0342615,0.00168078,63.6720,71.2286,3.2736,143.0402,5.0692,3404.1435,43.6957,64.4793,63.5359,42.5677,43.0663,85.2079,124.7713,127.8119,154.8004,42.604,-41.336,2.967791,3.594466,1.478463,30,203,130,8,0.14604117,0.04201944,0.00608590,0E-8,0.000000,0.914292,0.640282,0.04207877,2026-03-23,2026-08-04,69,1947,1162,135,0.511111,1.014849,1.012680,0.486804,,,,,,,,GLOBAL_BASELINE_NO_ENTITY_RANKING,,,NOT_APPLICABLE_GLOBAL_BASELINE,HF9g-P5,,,,X 全窗基线 · 不参与实体赏罚,15051092,1506,A168_HF9F_20260827_0900,2026-08-27 09:00:00
2026-07-04,74657362,2256,0,41.5904175678,-41.5904175678,-41.5904175678,0E-7,1,1,0.09460280000000000,0.094602800000,-0.32324545095860213,-0.32324545095860213,-0.32324545095860213,0E-17,ELIGIBLE,R03b_20260811_FULL_v1,L1_ELIGIBILITY,v2026-08-11,2026-03-21..2026-08-06,baccarat_bet02_101_all_pairs_incl_sentinel,round_win = game_pnl > 0 (decisive only),COMPATIBILITY_ONLY_NOT_PRODUCTION,234885.8996,214754.2105,9869.7735,3689,3015,-0.04201944,-0.00608590,-0.04816467,-0.04201944,-9869.7735,234885.8996,OK,0.0000,394.7909,4.0000,96.0000,AG03-UNRESOLVED,ALL5_LEVELS_bet23_to_bet27,394.7909,394.7909,394.7909,394.7909,394.7909,4.000000,4.000000,4.000000,4.000000,4.000000,96.000000,96.000000,96.000000,96.000000,96.000000,5.0,1973.9547,1822.2297,7895.8188,8047.5438,PENDING_AG03,FALSE,NOT_FOR_ENFORCEMENT,9474.9825,206164.0421,9869.7735,9474.9825,394.7909,0.04201944,0.04033866,394.7909,9474.9825,0.04033866,394.7909,394.7909,394.7909,394.7909,394.7909,9474.9825,0.04033866,1973.9547,1822.2297,7895.8188,8047.5438,0.03361555,0.0342615,0.00168078,63.6720,71.2286,3.2736,143.0402,5.0692,3404.1435,43.6957,64.4793,63.5359,42.5677,43.0663,85.2079,124.7713,127.8119,154.8004,42.604,-41.336,2.967791,3.594466,1.478463,30,203,130,8,0.14604117,0.04201944,0.00608590,0E-8,0.000000,0.914292,0.640282,0.04207877,2026-03-23,2026-08-04,69,1947,1162,135,0.511111,1.014849,1.012680,0.486804,,,,,,,,GLOBAL_BASELINE_NO_ENTITY_RANKING,,,NOT_APPLICABLE_GLOBAL_BASELINE,HF9g-P5,,,,X 全窗基线 · 不参与实体赏罚,15051093,1506,A168_HF9F_20260827_0900,2026-08-27 09:00:00
2026-07-04,74657362,2266,0,166.3616702712,561.4706371652,561.4706371652,1.0000000,2,1,0.39337837500000000,0.280106050000,1.2418058546638626,1.6031457840727341,1.2418058546638626,0.11327232500000000,ELIGIBLE,R03b_20260811_FULL_v1,L1_ELIGIBILITY,v2026-08-11,2026-03-21..2026-08-06,baccarat_bet02_101_all_pairs_incl_sentinel,round_win = game_pnl > 0 (decisive only),COMPATIBILITY_ONLY_NOT_PRODUCTION,234885.8996,214754.2105,9869.7735,3689,3015,-0.04201944,-0.00608590,-0.04816467,-0.04201944,-9869.7735,234885.8996,OK,0.0000,394.7909,4.0000,96.0000,AG03-UNRESOLVED,ALL5_LEVELS_bet23_to_bet27,394.7909,394.7909,394.7909,394.7909,394.7909,4.000000,4.000000,4.000000,4.000000,4.000000,96.000000,96.000000,96.000000,96.000000,96.000000,5.0,1973.9547,1822.2297,7895.8188,8047.5438,PENDING_AG03,FALSE,NOT_FOR_ENFORCEMENT,9474.9825,206164.0421,9869.7735,9474.9825,394.7909,0.04201944,0.04033866,394.7909,9474.9825,0.04033866,394.7909,394.7909,394.7909,394.7909,394.7909,9474.9825,0.04033866,1973.9547,1822.2297,7895.8188,8047.5438,0.03361555,0.0342615,0.00168078,63.6720,71.2286,3.2736,143.0402,5.0692,3404.1435,43.6957,64.4793,63.5359,42.5677,43.0663,85.2079,124.7713,127.8119,154.8004,42.604,-41.336,2.967791,3.594466,1.478463,30,203,130,8,0.14604117,0.04201944,0.00608590,0E-8,0.000000,0.914292,0.640282,0.04207877,2026-03-23,2026-08-04,69,1947,1162,135,0.511111,1.014849,1.012680,0.486804,,,,,,,,GLOBAL_BASELINE_NO_ENTITY_RANKING,,,NOT_APPLICABLE_GLOBAL_BASELINE,HF9g-P5,,,,X 全窗基线 · 不参与实体赏罚,15051094,1506,A168_HF9F_20260827_0900,2026-08-27 09:00:00
2026-07-04,74657362,526,0,123.1076360007,-123.1076360007,-123.1076360007,0E-7,2,1,0.35970281891888908,0.280106050000,-0.7495163754020998,-0.6237735893609975,-0.7495163754020998,0.07959676891888908,ELIGIBLE,R03b_20260811_FULL_v1,L1_ELIGIBILITY,v2026-08-11,2026-03-21..2026-08-06,baccarat_bet02_101_all_pairs_incl_sentinel,round_win = game_pnl > 0 (decisive only),COMPATIBILITY_ONLY_NOT_PRODUCTION,234885.8996,214754.2105,9869.7735,3689,3015,-0.04201944,-0.00608590,-0.04816467,-0.04201944,-9869.7735,234885.8996,OK,0.0000,394.7909,4.0000,96.0000,AG03-UNRESOLVED,ALL5_LEVELS_bet23_to_bet27,394.7909,394.7909,394.7909,394.7909,394.7909,4.000000,4.000000,4.000000,4.000000,4.000000,96.000000,96.000000,96.000000,96.000000,96.000000,5.0,1973.9547,1822.2297,7895.8188,8047.5438,PENDING_AG03,FALSE,NOT_FOR_ENFORCEMENT,9474.9825,206164.0421,9869.7735,9474.9825,394.7909,0.04201944,0.04033866,394.7909,9474.9825,0.04033866,394.7909,394.7909,394.7909,394.7909,394.7909,9474.9825,0.04033866,1973.9547,1822.2297,7895.8188,8047.5438,0.03361555,0.0342615,0.00168078,63.6720,71.2286,3.2736,143.0402,5.0692,3404.1435,43.6957,64.4793,63.5359,42.5677,43.0663,85.2079,124.7713,127.8119,154.8004,42.604,-41.336,2.967791,3.594466,1.478463,30,203,130,8,0.14604117,0.04201944,0.00608590,0E-8,0.000000,0.914292,0.640282,0.04207877,2026-03-23,2026-08-04,69,1947,1162,135,0.511111,1.014849,1.012680,0.486804,,,,,,,,GLOBAL_BASELINE_NO_ENTITY_RANKING,,,NOT_APPLICABLE_GLOBAL_BASELINE,HF9g-P5,,,,X 全窗基线 · 不参与实体赏罚,15051095,1506,A168_HF9F_20260827_0900,2026-08-27 09:00:00
2026-07-04,74657362,595,0,166.3616702712,83.1808351356,83.1808351356,1.0000000,2,1,0.39337837500000000,0.280106050000,1.2418058546638626,1.6031457840727341,1.2418058546638626,0.11327232500000000,ELIGIBLE,R03b_20260811_FULL_v1,L1_ELIGIBILITY,v2026-08-11,2026-03-21..2026-08-06,baccarat_bet02_101_all_pairs_incl_sentinel,round_win = game_pnl > 0 (decisive only),COMPATIBILITY_ONLY_NOT_PRODUCTION,234885.8996,214754.2105,9869.7735,3689,3015,-0.04201944,-0.00608590,-0.04816467,-0.04201944,-9869.7735,234885.8996,OK,0.0000,394.7909,4.0000,96.0000,AG03-UNRESOLVED,ALL5_LEVELS_bet23_to_bet27,394.7909,394.7909,394.7909,394.7909,394.7909,4.000000,4.000000,4.000000,4.000000,4.000000,96.000000,96.000000,96.000000,96.000000,96.000000,5.0,1973.9547,1822.2297,7895.8188,8047.5438,PENDING_AG03,FALSE,NOT_FOR_ENFORCEMENT,9474.9825,206164.0421,9869.7735,9474.9825,394.7909,0.04201944,0.04033866,394.7909,9474.9825,0.04033866,394.7909,394.7909,394.7909,394.7909,394.7909,9474.9825,0.04033866,1973.9547,1822.2297,7895.8188,8047.5438,0.03361555,0.0342615,0.00168078,63.6720,71.2286,3.2736,143.0402,5.0692,3404.1435,43.6957,64.4793,63.5359,42.5677,43.0663,85.2079,124.7713,127.8119,154.8004,42.604,-41.336,2.967791,3.594466,1.478463,30,203,130,8,0.14604117,0.04201944,0.00608590,0E-8,0.000000,0.914292,0.640282,0.04207877,2026-03-23,2026-08-04,69,1947,1162,135,0.511111,1.014849,1.012680,0.486804,,,,,,,,GLOBAL_BASELINE_NO_ENTITY_RANKING,,,NOT_APPLICABLE_GLOBAL_BASELINE,HF9g-P5,,,,X 全窗基线 · 不参与实体赏罚,15051096,1506,A168_HF9F_20260827_0900,2026-08-27 09:00:00
2026-07-04,74657362,925,0,166.3616702712,-166.3616702712,-166.3616702712,0E-7,2,1,0.39337837500000000,0.280106050000,-0.8052788575962098,-0.6237735893609975,-0.8052788575962098,0.11327232500000000,ELIGIBLE,R03b_20260811_FULL_v1,L1_ELIGIBILITY,v2026-08-11,2026-03-21..2026-08-06,baccarat_bet02_101_all_pairs_incl_sentinel,round_win = game_pnl > 0 (decisive only),COMPATIBILITY_ONLY_NOT_PRODUCTION,234885.8996,214754.2105,9869.7735,3689,3015,-0.04201944,-0.00608590,-0.04816467,-0.04201944,-9869.7735,234885.8996,OK,0.0000,394.7909,4.0000,96.0000,AG03-UNRESOLVED,ALL5_LEVELS_bet23_to_bet27,394.7909,394.7909,394.7909,394.7909,394.7909,4.000000,4.000000,4.000000,4.000000,4.000000,96.000000,96.000000,96.000000,96.000000,96.000000,5.0,1973.9547,1822.2297,7895.8188,8047.5438,PENDING_AG03,FALSE,NOT_FOR_ENFORCEMENT,9474.9825,206164.0421,9869.7735,9474.9825,394.7909,0.04201944,0.04033866,394.7909,9474.9825,0.04033866,394.7909,394.7909,394.7909,394.7909,394.7909,9474.9825,0.04033866,1973.9547,1822.2297,7895.8188,8047.5438,0.03361555,0.0342615,0.00168078,63.6720,71.2286,3.2736,143.0402,5.0692,3404.1435,43.6957,64.4793,63.5359,42.5677,43.0663,85.2079,124.7713,127.8119,154.8004,42.604,-41.336,2.967791,3.594466,1.478463,30,203,130,8,0.14604117,0.04201944,0.00608590,0E-8,0.000000,0.914292,0.640282,0.04207877,2026-03-23,2026-08-04,69,1947,1162,135,0.511111,1.014849,1.012680,0.486804,,,,,,,,GLOBAL_BASELINE_NO_ENTITY_RANKING,,,NOT_APPLICABLE_GLOBAL_BASELINE,HF9g-P5,,,,X 全窗基线 · 不参与实体赏罚,15051097,1506,A168_HF9F_20260827_0900,2026-08-27 09:00:00
2026-07-05,74657362,-1,1,291.1329229746,-124.7712527034,-124.7712527034,0.5000000,5,4,0.47833261875000000,0.450014537500,0.08675101821677081,0.20094853003010038,0.08675101821677081,0.02831808125000000,SENTINEL_DEALER,R03b_20260811_FULL_v1,L1_ELIGIBILITY,v2026-08-11,2026-03-21..2026-08-06,baccarat_bet02_101_all_pairs_incl_sentinel,round_win = game_pnl > 0 (decisive only),COMPATIBILITY_ONLY_NOT_PRODUCTION,234885.8996,214754.2105,9869.7735,3689,3015,-0.04201944,-0.00608590,-0.04816467,-0.04201944,-9869.7735,234885.8996,OK,0.0000,394.7909,4.0000,96.0000,AG03-UNRESOLVED,ALL5_LEVELS_bet23_to_bet27,394.7909,394.7909,394.7909,394.7909,394.7909,4.000000,4.000000,4.000000,4.000000,4.000000,96.000000,96.000000,96.000000,96.000000,96.000000,5.0,1973.9547,1822.2297,7895.8188,8047.5438,PENDING_AG03,FALSE,NOT_FOR_ENFORCEMENT,9474.9825,206164.0421,9869.7735,9474.9825,394.7909,0.04201944,0.04033866,394.7909,9474.9825,0.04033866,394.7909,394.7909,394.7909,394.7909,394.7909,9474.9825,0.04033866,1973.9547,1822.2297,7895.8188,8047.5438,0.03361555,0.0342615,0.00168078,63.6720,71.2286,3.2736,143.0402,5.0692,3404.1435,43.6957,64.4793,63.5359,42.5677,43.0663,85.2079,124.7713,127.8119,154.8004,42.604,-41.336,2.967791,3.594466,1.478463,30,203,130,8,0.14604117,0.04201944,0.00608590,0E-8,0.000000,0.914292,0.640282,0.04207877,2026-03-23,2026-08-04,69,1947,1162,135,0.511111,1.014849,1.012680,0.486804,,,,,,,,GLOBAL_BASELINE_NO_ENTITY_RANKING,,,NOT_APPLICABLE_GLOBAL_BASELINE,HF9g-P5,,,,X 全窗基线 · 不参与实体赏罚,15051098,1506,A168_HF9F_20260827_0900,2026-08-27 09:00:00
2026-07-05,74657362,1109,0,291.1329229746,0E-10,0E-10,0.5000000,4,2,0.37449965416666667,0.280106050000,0.36670804080939906,0.6925207201862208,0.36670804080939906,0.09439360416666667,ELIGIBLE,R03b_20260811_FULL_v1,L1_ELIGIBILITY,v2026-08-11,2026-03-21..2026-08-06,baccarat_bet02_101_all_pairs_incl_sentinel,round_win = game_pnl > 0 (decisive only),COMPATIBILITY_ONLY_NOT_PRODUCTION,234885.8996,214754.2105,9869.7735,3689,3015,-0.04201944,-0.00608590,-0.04816467,-0.04201944,-9869.7735,234885.8996,OK,0.0000,394.7909,4.0000,96.0000,AG03-UNRESOLVED,ALL5_LEVELS_bet23_to_bet27,394.7909,394.7909,394.7909,394.7909,394.7909,4.000000,4.000000,4.000000,4.000000,4.000000,96.000000,96.000000,96.000000,96.000000,96.000000,5.0,1973.9547,1822.2297,7895.8188,8047.5438,PENDING_AG03,FALSE,NOT_FOR_ENFORCEMENT,9474.9825,206164.0421,9869.7735,9474.9825,394.7909,0.04201944,0.04033866,394.7909,9474.9825,0.04033866,394.7909,394.7909,394.7909,394.7909,394.7909,9474.9825,0.04033866,1973.9547,1822.2297,7895.8188,8047.5438,0.03361555,0.0342615,0.00168078,63.6720,71.2286,3.2736,143.0402,5.0692,3404.1435,43.6957,64.4793,63.5359,42.5677,43.0663,85.2079,124.7713,127.8119,154.8004,42.604,-41.336,2.967791,3.594466,1.478463,30,203,130,8,0.14604117,0.04201944,0.00608590,0E-8,0.000000,0.914292,0.640282,0.04207877,2026-03-23,2026-08-04,69,1947,1162,135,0.511111,1.014849,1.012680,0.486804,,,,,,,,GLOBAL_BASELINE_NO_ENTITY_RANKING,,,NOT_APPLICABLE_GLOBAL_BASELINE,HF9g-P5,,,,X 全窗基线 · 不参与实体赏罚,15051099,1506,A168_HF9F_20260827_0900,2026-08-27 09:00:00
2026-07-05,74657362,1306,0,41.5904175678,-41.5904175678,-41.5904175678,0E-7,1,1,0.50665070000000000,0.506650700000,-1.013391052207602,-1.013391052207602,-1.013391052207602,0E-17,ELIGIBLE,R03b_20260811_FULL_v1,L1_ELIGIBILITY,v2026-08-11,2026-03-21..2026-08-06,baccarat_bet02_101_all_pairs_incl_sentinel,round_win = game_pnl > 0 (decisive only),COMPATIBILITY_ONLY_NOT_PRODUCTION,234885.8996,214754.2105,9869.7735,3689,3015,-0.04201944,-0.00608590,-0.04816467,-0.04201944,-9869.7735,234885.8996,OK,0.0000,394.7909,4.0000,96.0000,AG03-UNRESOLVED,ALL5_LEVELS_bet23_to_bet27,394.7909,394.7909,394.7909,394.7909,394.7909,4.000000,4.000000,4.000000,4.000000,4.000000,96.000000,96.000000,96.000000,96.000000,96.000000,5.0,1973.9547,1822.2297,7895.8188,8047.5438,PENDING_AG03,FALSE,NOT_FOR_ENFORCEMENT,9474.9825,206164.0421,9869.7735,9474.9825,394.7909,0.04201944,0.04033866,394.7909,9474.9825,0.04033866,394.7909,394.7909,394.7909,394.7909,394.7909,9474.9825,0.04033866,1973.9547,1822.2297,7895.8188,8047.5438,0.03361555,0.0342615,0.00168078,63.6720,71.2286,3.2736,143.0402,5.0692,3404.1435,43.6957,64.4793,63.5359,42.5677,43.0663,85.2079,124.7713,127.8119,154.8004,42.604,-41.336,2.967791,3.594466,1.478463,30,203,130,8,0.14604117,0.04201944,0.00608590,0E-8,0.000000,0.914292,0.640282,0.04207877,2026-03-23,2026-08-04,69,1947,1162,135,0.511111,1.014849,1.012680,0.486804,,,,,,,,GLOBAL_BASELINE_NO_ENTITY_RANKING,,,NOT_APPLICABLE_GLOBAL_BASELINE,HF9g-P5,,,,X 全窗基线 · 不参与实体赏罚,15051100,1506,A168_HF9F_20260827_0900,2026-08-27 09:00:00
2026-07-05,74657362,1307,0,41.5904175678,41.5904175678,41.5904175678,1.0000000,1,1,0.50665070000000000,0.506650700000,0.9867858985152569,0.9867858985152569,0.9867858985152569,0E-17,ELIGIBLE,R03b_20260811_FULL_v1,L1_ELIGIBILITY,v2026-08-11,2026-03-21..2026-08-06,baccarat_bet02_101_all_pairs_incl_sentinel,round_win = game_pnl > 0 (decisive only),COMPATIBILITY_ONLY_NOT_PRODUCTION,234885.8996,214754.2105,9869.7735,3689,3015,-0.04201944,-0.00608590,-0.04816467,-0.04201944,-9869.7735,234885.8996,OK,0.0000,394.7909,4.0000,96.0000,AG03-UNRESOLVED,ALL5_LEVELS_bet23_to_bet27,394.7909,394.7909,394.7909,394.7909,394.7909,4.000000,4.000000,4.000000,4.000000,4.000000,96.000000,96.000000,96.000000,96.000000,96.000000,5.0,1973.9547,1822.2297,7895.8188,8047.5438,PENDING_AG03,FALSE,NOT_FOR_ENFORCEMENT,9474.9825,206164.0421,9869.7735,9474.9825,394.7909,0.04201944,0.04033866,394.7909,9474.9825,0.04033866,394.7909,394.7909,394.7909,394.7909,394.7909,9474.9825,0.04033866,1973.9547,1822.2297,7895.8188,8047.5438,0.03361555,0.0342615,0.00168078,63.6720,71.2286,3.2736,143.0402,5.0692,3404.1435,43.6957,64.4793,63.5359,42.5677,43.0663,85.2079,124.7713,127.8119,154.8004,42.604,-41.336,2.967791,3.594466,1.478463,30,203,130,8,0.14604117,0.04201944,0.00608590,0E-8,0.000000,0.914292,0.640282,0.04207877,2026-03-23,2026-08-04,69,1947,1162,135,0.511111,1.014849,1.012680,0.486804,,,,,,,,GLOBAL_BASELINE_NO_ENTITY_RANKING,,,NOT_APPLICABLE_GLOBAL_BASELINE,HF9g-P5,,,,X 全窗基线 · 不参与实体赏罚,15051101,1506,A168_HF9F_20260827_0900,2026-08-27 09:00:00
2026-07-05,74657362,1363,0,103.1442355681,103.1442355681,103.1442355681,1.0000000,2,2,0.50665070000000000,0.506650700000,1.3955260008387969,1.3955260008387969,1.3955260008387969,0E-17,ELIGIBLE,R03b_20260811_FULL_v1,L1_ELIGIBILITY,v2026-08-11,2026-03-21..2026-08-06,baccarat_bet02_101_all_pairs_incl_sentinel,round_win = game_pnl > 0 (decisive only),COMPATIBILITY_ONLY_NOT_PRODUCTION,234885.8996,214754.2105,9869.7735,3689,3015,-0.04201944,-0.00608590,-0.04816467,-0.04201944,-9869.7735,234885.8996,OK,0.0000,394.7909,4.0000,96.0000,AG03-UNRESOLVED,ALL5_LEVELS_bet23_to_bet27,394.7909,394.7909,394.7909,394.7909,394.7909,4.000000,4.000000,4.000000,4.000000,4.000000,96.000000,96.000000,96.000000,96.000000,96.000000,5.0,1973.9547,1822.2297,7895.8188,8047.5438,PENDING_AG03,FALSE,NOT_FOR_ENFORCEMENT,9474.9825,206164.0421,9869.7735,9474.9825,394.7909,0.04201944,0.04033866,394.7909,9474.9825,0.04033866,394.7909,394.7909,394.7909,394.7909,394.7909,9474.9825,0.04033866,1973.9547,1822.2297,7895.8188,8047.5438,0.03361555,0.0342615,0.00168078,63.6720,71.2286,3.2736,143.0402,5.0692,3404.1435,43.6957,64.4793,63.5359,42.5677,43.0663,85.2079,124.7713,127.8119,154.8004,42.604,-41.336,2.967791,3.594466,1.478463,30,203,130,8,0.14604117,0.04201944,0.00608590,0E-8,0.000000,0.914292,0.640282,0.04207877,2026-03-23,2026-08-04,69,1947,1162,135,0.511111,1.014849,1.012680,0.486804,,,,,,,,GLOBAL_BASELINE_NO_ENTITY_RANKING,,,NOT_APPLICABLE_GLOBAL_BASELINE,HF9g-P5,,,,X 全窗基线 · 不参与实体赏罚,15051102,1506,A168_HF9F_20260827_0900,2026-08-27 09:00:00
2026-07-05,74657362,1710,0,83.1808351356,0E-10,0E-10,0.5000000,2,2,0.50665070000000000,0.506650700000,-0.018812684590367487,-0.018812684590367487,-0.018812684590367487,0E-17,ELIGIBLE,R03b_20260811_FULL_v1,L1_ELIGIBILITY,v2026-08-11,2026-03-21..2026-08-06,baccarat_bet02_101_all_pairs_incl_sentinel,round_win = game_pnl > 0 (decisive only),COMPATIBILITY_ONLY_NOT_PRODUCTION,234885.8996,214754.2105,9869.7735,3689,3015,-0.04201944,-0.00608590,-0.04816467,-0.04201944,-9869.7735,234885.8996,OK,0.0000,394.7909,4.0000,96.0000,AG03-UNRESOLVED,ALL5_LEVELS_bet23_to_bet27,394.7909,394.7909,394.7909,394.7909,394.7909,4.000000,4.000000,4.000000,4.000000,4.000000,96.000000,96.000000,96.000000,96.000000,96.000000,5.0,1973.9547,1822.2297,7895.8188,8047.5438,PENDING_AG03,FALSE,NOT_FOR_ENFORCEMENT,9474.9825,206164.0421,9869.7735,9474.9825,394.7909,0.04201944,0.04033866,394.7909,9474.9825,0.04033866,394.7909,394.7909,394.7909,394.7909,394.7909,9474.9825,0.04033866,1973.9547,1822.2297,7895.8188,8047.5438,0.03361555,0.0342615,0.00168078,63.6720,71.2286,3.2736,143.0402,5.0692,3404.1435,43.6957,64.4793,63.5359,42.5677,43.0663,85.2079,124.7713,127.8119,154.8004,42.604,-41.336,2.967791,3.594466,1.478463,30,203,130,8,0.14604117,0.04201944,0.00608590,0E-8,0.000000,0.914292,0.640282,0.04207877,2026-03-23,2026-08-04,69,1947,1162,135,0.511111,1.014849,1.012680,0.486804,,,,,,,,GLOBAL_BASELINE_NO_ENTITY_RANKING,,,NOT_APPLICABLE_GLOBAL_BASELINE,HF9g-P5,,,,X 全窗基线 · 不参与实体赏罚,15051103,1506,A168_HF9F_20260827_0900,2026-08-27 09:00:00
2026-07-05,74657362,2101,0,41.5904175678,20.7952087839,20.7952087839,1.0000000,1,1,0.50665070000000000,0.506650700000,0.9867858985152569,0.9867858985152569,0.9867858985152569,0E-17,ELIGIBLE,R03b_20260811_FULL_v1,L1_ELIGIBILITY,v2026-08-11,2026-03-21..2026-08-06,baccarat_bet02_101_all_pairs_incl_sentinel,round_win = game_pnl > 0 (decisive only),COMPATIBILITY_ONLY_NOT_PRODUCTION,234885.8996,214754.2105,9869.7735,3689,3015,-0.04201944,-0.00608590,-0.04816467,-0.04201944,-9869.7735,234885.8996,OK,0.0000,394.7909,4.0000,96.0000,AG03-UNRESOLVED,ALL5_LEVELS_bet23_to_bet27,394.7909,394.7909,394.7909,394.7909,394.7909,4.000000,4.000000,4.000000,4.000000,4.000000,96.000000,96.000000,96.000000,96.000000,96.000000,5.0,1973.9547,1822.2297,7895.8188,8047.5438,PENDING_AG03,FALSE,NOT_FOR_ENFORCEMENT,9474.9825,206164.0421,9869.7735,9474.9825,394.7909,0.04201944,0.04033866,394.7909,9474.9825,0.04033866,394.7909,394.7909,394.7909,394.7909,394.7909,9474.9825,0.04033866,1973.9547,1822.2297,7895.8188,8047.5438,0.03361555,0.0342615,0.00168078,63.6720,71.2286,3.2736,143.0402,5.0692,3404.1435,43.6957,64.4793,63.5359,42.5677,43.0663,85.2079,124.7713,127.8119,154.8004,42.604,-41.336,2.967791,3.594466,1.478463,30,203,130,8,0.14604117,0.04201944,0.00608590,0E-8,0.000000,0.914292,0.640282,0.04207877,2026-03-23,2026-08-04,69,1947,1162,135,0.511111,1.014849,1.012680,0.486804,,,,,,,,GLOBAL_BASELINE_NO_ENTITY_RANKING,,,NOT_APPLICABLE_GLOBAL_BASELINE,HF9g-P5,,,,X 全窗基线 · 不参与实体赏罚,15051104,1506,A168_HF9F_20260827_0900,2026-08-27 09:00:00
2026-07-05,74657362,2115,0,41.5904175678,0E-10,0E-10,,1,1,0.50665070000000000,0.506650700000,,,,0E-17,NO_DECISIVE_ROUND,R03b_20260811_FULL_v1,L1_ELIGIBILITY,v2026-08-11,2026-03-21..2026-08-06,baccarat_bet02_101_all_pairs_incl_sentinel,round_win = game_pnl > 0 (decisive only),COMPATIBILITY_ONLY_NOT_PRODUCTION,234885.8996,214754.2105,9869.7735,3689,3015,-0.04201944,-0.00608590,-0.04816467,-0.04201944,-9869.7735,234885.8996,OK,0.0000,394.7909,4.0000,96.0000,AG03-UNRESOLVED,ALL5_LEVELS_bet23_to_bet27,394.7909,394.7909,394.7909,394.7909,394.7909,4.000000,4.000000,4.000000,4.000000,4.000000,96.000000,96.000000,96.000000,96.000000,96.000000,5.0,1973.9547,1822.2297,7895.8188,8047.5438,PENDING_AG03,FALSE,NOT_FOR_ENFORCEMENT,9474.9825,206164.0421,9869.7735,9474.9825,394.7909,0.04201944,0.04033866,394.7909,9474.9825,0.04033866,394.7909,394.7909,394.7909,394.7909,394.7909,9474.9825,0.04033866,1973.9547,1822.2297,7895.8188,8047.5438,0.03361555,0.0342615,0.00168078,63.6720,71.2286,3.2736,143.0402,5.0692,3404.1435,43.6957,64.4793,63.5359,42.5677,43.0663,85.2079,124.7713,127.8119,154.8004,42.604,-41.336,2.967791,3.594466,1.478463,30,203,130,8,0.14604117,0.04201944,0.00608590,0E-8,0.000000,0.914292,0.640282,0.04207877,2026-03-23,2026-08-04,69,1947,1162,135,0.511111,1.014849,1.012680,0.486804,,,,,,,,GLOBAL_BASELINE_NO_ENTITY_RANKING,,,NOT_APPLICABLE_GLOBAL_BASELINE,HF9g-P5,,,,X 全窗基线 · 不参与实体赏罚,15051105,1506,A168_HF9F_20260827_0900,2026-08-27 09:00:00
2026-07-05,74657362,2171,0,332.7233405424,-332.7233405424,-332.7233405424,0E-7,4,2,0.39337837500000000,0.280106050000,-1.138836281904872,-0.8821490699244685,-1.138836281904872,0.11327232500000000,ELIGIBLE,R03b_20260811_FULL_v1,L1_ELIGIBILITY,v2026-08-11,2026-03-21..2026-08-06,baccarat_bet02_101_all_pairs_incl_sentinel,round_win = game_pnl > 0 (decisive only),COMPATIBILITY_ONLY_NOT_PRODUCTION,234885.8996,214754.2105,9869.7735,3689,3015,-0.04201944,-0.00608590,-0.04816467,-0.04201944,-9869.7735,234885.8996,OK,0.0000,394.7909,4.0000,96.0000,AG03-UNRESOLVED,ALL5_LEVELS_bet23_to_bet27,394.7909,394.7909,394.7909,394.7909,394.7909,4.000000,4.000000,4.000000,4.000000,4.000000,96.000000,96.000000,96.000000,96.000000,96.000000,5.0,1973.9547,1822.2297,7895.8188,8047.5438,PENDING_AG03,FALSE,NOT_FOR_ENFORCEMENT,9474.9825,206164.0421,9869.7735,9474.9825,394.7909,0.04201944,0.04033866,394.7909,9474.9825,0.04033866,394.7909,394.7909,394.7909,394.7909,394.7909,9474.9825,0.04033866,1973.9547,1822.2297,7895.8188,8047.5438,0.03361555,0.0342615,0.00168078,63.6720,71.2286,3.2736,143.0402,5.0692,3404.1435,43.6957,64.4793,63.5359,42.5677,43.0663,85.2079,124.7713,127.8119,154.8004,42.604,-41.336,2.967791,3.594466,1.478463,30,203,130,8,0.14604117,0.04201944,0.00608590,0E-8,0.000000,0.914292,0.640282,0.04207877,2026-03-23,2026-08-04,69,1947,1162,135,0.511111,1.014849,1.012680,0.486804,,,,,,,,GLOBAL_BASELINE_NO_ENTITY_RANKING,,,NOT_APPLICABLE_GLOBAL_BASELINE,HF9g-P5,,,,X 全窗基线 · 不参与实体赏罚,15051106,1506,A168_HF9F_20260827_0900,2026-08-27 09:00:00
2026-07-05,74657362,2242,0,41.5904175678,-41.5904175678,-41.5904175678,0E-7,1,1,0.50665070000000000,0.506650700000,-1.013391052207602,-1.013391052207602,-1.013391052207602,0E-17,ELIGIBLE,R03b_20260811_FULL_v1,L1_ELIGIBILITY,v2026-08-11,2026-03-21..2026-08-06,baccarat_bet02_101_all_pairs_incl_sentinel,round_win = game_pnl > 0 (decisive only),COMPATIBILITY_ONLY_NOT_PRODUCTION,234885.8996,214754.2105,9869.7735,3689,3015,-0.04201944,-0.00608590,-0.04816467,-0.04201944,-9869.7735,234885.8996,OK,0.0000,394.7909,4.0000,96.0000,AG03-UNRESOLVED,ALL5_LEVELS_bet23_to_bet27,394.7909,394.7909,394.7909,394.7909,394.7909,4.000000,4.000000,4.000000,4.000000,4.000000,96.000000,96.000000,96.000000,96.000000,96.000000,5.0,1973.9547,1822.2297,7895.8188,8047.5438,PENDING_AG03,FALSE,NOT_FOR_ENFORCEMENT,9474.9825,206164.0421,9869.7735,9474.9825,394.7909,0.04201944,0.04033866,394.7909,9474.9825,0.04033866,394.7909,394.7909,394.7909,394.7909,394.7909,9474.9825,0.04033866,1973.9547,1822.2297,7895.8188,8047.5438,0.03361555,0.0342615,0.00168078,63.6720,71.2286,3.2736,143.0402,5.0692,3404.1435,43.6957,64.4793,63.5359,42.5677,43.0663,85.2079,124.7713,127.8119,154.8004,42.604,-41.336,2.967791,3.594466,1.478463,30,203,130,8,0.14604117,0.04201944,0.00608590,0E-8,0.000000,0.914292,0.640282,0.04207877,2026-03-23,2026-08-04,69,1947,1162,135,0.511111,1.014849,1.012680,0.486804,,,,,,,,GLOBAL_BASELINE_NO_ENTITY_RANKING,,,NOT_APPLICABLE_GLOBAL_BASELINE,HF9g-P5,,,,X 全窗基线 · 不参与实体赏罚,15051107,1506,A168_HF9F_20260827_0900,2026-08-27 09:00:00
2026-07-05,74657362,772,0,41.5904175678,41.5904175678,41.5904175678,1.0000000,1,1,0.50665070000000000,0.506650700000,0.9867858985152569,0.9867858985152569,0.9867858985152569,0E-17,ELIGIBLE,R03b_20260811_FULL_v1,L1_ELIGIBILITY,v2026-08-11,2026-03-21..2026-08-06,baccarat_bet02_101_all_pairs_incl_sentinel,round_win = game_pnl > 0 (decisive only),COMPATIBILITY_ONLY_NOT_PRODUCTION,234885.8996,214754.2105,9869.7735,3689,3015,-0.04201944,-0.00608590,-0.04816467,-0.04201944,-9869.7735,234885.8996,OK,0.0000,394.7909,4.0000,96.0000,AG03-UNRESOLVED,ALL5_LEVELS_bet23_to_bet27,394.7909,394.7909,394.7909,394.7909,394.7909,4.000000,4.000000,4.000000,4.000000,4.000000,96.000000,96.000000,96.000000,96.000000,96.000000,5.0,1973.9547,1822.2297,7895.8188,8047.5438,PENDING_AG03,FALSE,NOT_FOR_ENFORCEMENT,9474.9825,206164.0421,9869.7735,9474.9825,394.7909,0.04201944,0.04033866,394.7909,9474.9825,0.04033866,394.7909,394.7909,394.7909,394.7909,394.7909,9474.9825,0.04033866,1973.9547,1822.2297,7895.8188,8047.5438,0.03361555,0.0342615,0.00168078,63.6720,71.2286,3.2736,143.0402,5.0692,3404.1435,43.6957,64.4793,63.5359,42.5677,43.0663,85.2079,124.7713,127.8119,154.8004,42.604,-41.336,2.967791,3.594466,1.478463,30,203,130,8,0.14604117,0.04201944,0.00608590,0E-8,0.000000,0.914292,0.640282,0.04207877,2026-03-23,2026-08-04,69,1947,1162,135,0.511111,1.014849,1.012680,0.486804,,,,,,,,GLOBAL_BASELINE_NO_ENTITY_RANKING,,,NOT_APPLICABLE_GLOBAL_BASELINE,HF9g-P5,,,,X 全窗基线 · 不参与实体赏罚,15051108,1506,A168_HF9F_20260827_0900,2026-08-27 09:00:00
2026-07-06,74657362,-1,1,207.9520878390,-124.7712527034,-124.7712527034,0.5000000,3,2,0.44331193750000000,0.386675775000,0.16137860029625145,0.3290934312765982,0.16137860029625145,0.05663616250000000,SENTINEL_DEALER,R03b_20260811_FULL_v1,L1_ELIGIBILITY,v2026-08-11,2026-03-21..2026-08-06,baccarat_bet02_101_all_pairs_incl_sentinel,round_win = game_pnl > 0 (decisive only),COMPATIBILITY_ONLY_NOT_PRODUCTION,234885.8996,214754.2105,9869.7735,3689,3015,-0.04201944,-0.00608590,-0.04816467,-0.04201944,-9869.7735,234885.8996,OK,0.0000,394.7909,4.0000,96.0000,AG03-UNRESOLVED,ALL5_LEVELS_bet23_to_bet27,394.7909,394.7909,394.7909,394.7909,394.7909,4.000000,4.000000,4.000000,4.000000,4.000000,96.000000,96.000000,96.000000,96.000000,96.000000,5.0,1973.9547,1822.2297,7895.8188,8047.5438,PENDING_AG03,FALSE,NOT_FOR_ENFORCEMENT,9474.9825,206164.0421,9869.7735,9474.9825,394.7909,0.04201944,0.04033866,394.7909,9474.9825,0.04033866,394.7909,394.7909,394.7909,394.7909,394.7909,9474.9825,0.04033866,1973.9547,1822.2297,7895.8188,8047.5438,0.03361555,0.0342615,0.00168078,63.6720,71.2286,3.2736,143.0402,5.0692,3404.1435,43.6957,64.4793,63.5359,42.5677,43.0663,85.2079,124.7713,127.8119,154.8004,42.604,-41.336,2.967791,3.594466,1.478463,30,203,130,8,0.14604117,0.04201944,0.00608590,0E-8,0.000000,0.914292,0.640282,0.04207877,2026-03-23,2026-08-04,69,1947,1162,135,0.511111,1.014849,1.012680,0.486804,,,,,,,,GLOBAL_BASELINE_NO_ENTITY_RANKING,,,NOT_APPLICABLE_GLOBAL_BASELINE,HF9g-P5,,,,X 全窗基线 · 不参与实体赏罚,15051109,1506,A168_HF9F_20260827_0900,2026-08-27 09:00:00
2026-07-06,74657362,1307,0,166.3616702712,0E-10,0E-10,0.5000000,2,2,0.49324550000000000,0.493245500000,0.01910635448239258,0.01910635448239258,0.01910635448239258,0E-17,ELIGIBLE,R03b_20260811_FULL_v1,L1_ELIGIBILITY,v2026-08-11,2026-03-21..2026-08-06,baccarat_bet02_101_all_pairs_incl_sentinel,round_win = game_pnl > 0 (decisive only),COMPATIBILITY_ONLY_NOT_PRODUCTION,234885.8996,214754.2105,9869.7735,3689,3015,-0.04201944,-0.00608590,-0.04816467,-0.04201944,-9869.7735,234885.8996,OK,0.0000,394.7909,4.0000,96.0000,AG03-UNRESOLVED,ALL5_LEVELS_bet23_to_bet27,394.7909,394.7909,394.7909,394.7909,394.7909,4.000000,4.000000,4.000000,4.000000,4.000000,96.000000,96.000000,96.000000,96.000000,96.000000,5.0,1973.9547,1822.2297,7895.8188,8047.5438,PENDING_AG03,FALSE,NOT_FOR_ENFORCEMENT,9474.9825,206164.0421,9869.7735,9474.9825,394.7909,0.04201944,0.04033866,394.7909,9474.9825,0.04033866,394.7909,394.7909,394.7909,394.7909,394.7909,9474.9825,0.04033866,1973.9547,1822.2297,7895.8188,8047.5438,0.03361555,0.0342615,0.00168078,63.6720,71.2286,3.2736,143.0402,5.0692,3404.1435,43.6957,64.4793,63.5359,42.5677,43.0663,85.2079,124.7713,127.8119,154.8004,42.604,-41.336,2.967791,3.594466,1.478463,30,203,130,8,0.14604117,0.04201944,0.00608590,0E-8,0.000000,0.914292,0.640282,0.04207877,2026-03-23,2026-08-04,69,1947,1162,135,0.511111,1.014849,1.012680,0.486804,,,,,,,,GLOBAL_BASELINE_NO_ENTITY_RANKING,,,NOT_APPLICABLE_GLOBAL_BASELINE,HF9g-P5,,,,X 全窗基线 · 不参与实体赏罚,15051110,1506,A168_HF9F_20260827_0900,2026-08-27 09:00:00
2026-07-06,74657362,1750,0,124.7712527034,41.5904175678,41.5904175678,1.0000000,2,1,0.35562093333333333,0.280106050000,1.3460991592879357,1.6031457840727341,1.3460991592879357,0.07551488333333333,ELIGIBLE,R03b_20260811_FULL_v1,L1_ELIGIBILITY,v2026-08-11,2026-03-21..2026-08-06,baccarat_bet02_101_all_pairs_incl_sentinel,round_win = game_pnl > 0 (decisive only),COMPATIBILITY_ONLY_NOT_PRODUCTION,234885.8996,214754.2105,9869.7735,3689,3015,-0.04201944,-0.00608590,-0.04816467,-0.04201944,-9869.7735,234885.8996,OK,0.0000,394.7909,4.0000,96.0000,AG03-UNRESOLVED,ALL5_LEVELS_bet23_to_bet27,394.7909,394.7909,394.7909,394.7909,394.7909,4.000000,4.000000,4.000000,4.000000,4.000000,96.000000,96.000000,96.000000,96.000000,96.000000,5.0,1973.9547,1822.2297,7895.8188,8047.5438,PENDING_AG03,FALSE,NOT_FOR_ENFORCEMENT,9474.9825,206164.0421,9869.7735,9474.9825,394.7909,0.04201944,0.04033866,394.7909,9474.9825,0.04033866,394.7909,394.7909,394.7909,394.7909,394.7909,9474.9825,0.04033866,1973.9547,1822.2297,7895.8188,8047.5438,0.03361555,0.0342615,0.00168078,63.6720,71.2286,3.2736,143.0402,5.0692,3404.1435,43.6957,64.4793,63.5359,42.5677,43.0663,85.2079,124.7713,127.8119,154.8004,42.604,-41.336,2.967791,3.594466,1.478463,30,203,130,8,0.14604117,0.04201944,0.00608590,0E-8,0.000000,0.914292,0.640282,0.04207877,2026-03-23,2026-08-04,69,1947,1162,135,0.511111,1.014849,1.012680,0.486804,,,,,,,,GLOBAL_BASELINE_NO_ENTITY_RANKING,,,NOT_APPLICABLE_GLOBAL_BASELINE,HF9g-P5,,,,X 全窗基线 · 不参与实体赏罚,15051111,1506,A168_HF9F_20260827_0900,2026-08-27 09:00:00
2026-07-06,74657362,1940,0,41.5904175678,-41.5904175678,-41.5904175678,0E-7,1,1,0.49324550000000000,0.493245500000,-0.9865810262130424,-0.9865810262130424,-0.9865810262130424,0E-17,ELIGIBLE,R03b_20260811_FULL_v1,L1_ELIGIBILITY,v2026-08-11,2026-03-21..2026-08-06,baccarat_bet02_101_all_pairs_incl_sentinel,round_win = game_pnl > 0 (decisive only),COMPATIBILITY_ONLY_NOT_PRODUCTION,234885.8996,214754.2105,9869.7735,3689,3015,-0.04201944,-0.00608590,-0.04816467,-0.04201944,-9869.7735,234885.8996,OK,0.0000,394.7909,4.0000,96.0000,AG03-UNRESOLVED,ALL5_LEVELS_bet23_to_bet27,394.7909,394.7909,394.7909,394.7909,394.7909,4.000000,4.000000,4.000000,4.000000,4.000000,96.000000,96.000000,96.000000,96.000000,96.000000,5.0,1973.9547,1822.2297,7895.8188,8047.5438,PENDING_AG03,FALSE,NOT_FOR_ENFORCEMENT,9474.9825,206164.0421,9869.7735,9474.9825,394.7909,0.04201944,0.04033866,394.7909,9474.9825,0.04033866,394.7909,394.7909,394.7909,394.7909,394.7909,9474.9825,0.04033866,1973.9547,1822.2297,7895.8188,8047.5438,0.03361555,0.0342615,0.00168078,63.6720,71.2286,3.2736,143.0402,5.0692,3404.1435,43.6957,64.4793,63.5359,42.5677,43.0663,85.2079,124.7713,127.8119,154.8004,42.604,-41.336,2.967791,3.594466,1.478463,30,203,130,8,0.14604117,0.04201944,0.00608590,0E-8,0.000000,0.914292,0.640282,0.04207877,2026-03-23,2026-08-04,69,1947,1162,135,0.511111,1.014849,1.012680,0.486804,,,,,,,,GLOBAL_BASELINE_NO_ENTITY_RANKING,,,NOT_APPLICABLE_GLOBAL_BASELINE,HF9g-P5,,,,X 全窗基线 · 不参与实体赏罚,15051112,1506,A168_HF9F_20260827_0900,2026-08-27 09:00:00
2026-07-06,74657362,1985,0,41.5904175678,-41.5904175678,-41.5904175678,0E-7,1,1,0.49324550000000000,0.493245500000,-0.9865810262130424,-0.9865810262130424,-0.9865810262130424,0E-17,ELIGIBLE,R03b_20260811_FULL_v1,L1_ELIGIBILITY,v2026-08-11,2026-03-21..2026-08-06,baccarat_bet02_101_all_pairs_incl_sentinel,round_win = game_pnl > 0 (decisive only),COMPATIBILITY_ONLY_NOT_PRODUCTION,234885.8996,214754.2105,9869.7735,3689,3015,-0.04201944,-0.00608590,-0.04816467,-0.04201944,-9869.7735,234885.8996,OK,0.0000,394.7909,4.0000,96.0000,AG03-UNRESOLVED,ALL5_LEVELS_bet23_to_bet27,394.7909,394.7909,394.7909,394.7909,394.7909,4.000000,4.000000,4.000000,4.000000,4.000000,96.000000,96.000000,96.000000,96.000000,96.000000,5.0,1973.9547,1822.2297,7895.8188,8047.5438,PENDING_AG03,FALSE,NOT_FOR_ENFORCEMENT,9474.9825,206164.0421,9869.7735,9474.9825,394.7909,0.04201944,0.04033866,394.7909,9474.9825,0.04033866,394.7909,394.7909,394.7909,394.7909,394.7909,9474.9825,0.04033866,1973.9547,1822.2297,7895.8188,8047.5438,0.03361555,0.0342615,0.00168078,63.6720,71.2286,3.2736,143.0402,5.0692,3404.1435,43.6957,64.4793,63.5359,42.5677,43.0663,85.2079,124.7713,127.8119,154.8004,42.604,-41.336,2.967791,3.594466,1.478463,30,203,130,8,0.14604117,0.04201944,0.00608590,0E-8,0.000000,0.914292,0.640282,0.04207877,2026-03-23,2026-08-04,69,1947,1162,135,0.511111,1.014849,1.012680,0.486804,,,,,,,,GLOBAL_BASELINE_NO_ENTITY_RANKING,,,NOT_APPLICABLE_GLOBAL_BASELINE,HF9g-P5,,,,X 全窗基线 · 不参与实体赏罚,15051113,1506,A168_HF9F_20260827_0900,2026-08-27 09:00:00
2026-07-06,74657362,2075,0,83.1808351356,-83.1808351356,-83.1808351356,0E-7,1,1,0.49324550000000000,0.493245500000,-0.9865810262130424,-0.9865810262130424,-0.9865810262130424,0E-17,ELIGIBLE,R03b_20260811_FULL_v1,L1_ELIGIBILITY,v2026-08-11,2026-03-21..2026-08-06,baccarat_bet02_101_all_pairs_incl_sentinel,round_win = game_pnl > 0 (decisive only),COMPATIBILITY_ONLY_NOT_PRODUCTION,234885.8996,214754.2105,9869.7735,3689,3015,-0.04201944,-0.00608590,-0.04816467,-0.04201944,-9869.7735,234885.8996,OK,0.0000,394.7909,4.0000,96.0000,AG03-UNRESOLVED,ALL5_LEVELS_bet23_to_bet27,394.7909,394.7909,394.7909,394.7909,394.7909,4.000000,4.000000,4.000000,4.000000,4.000000,96.000000,96.000000,96.000000,96.000000,96.000000,5.0,1973.9547,1822.2297,7895.8188,8047.5438,PENDING_AG03,FALSE,NOT_FOR_ENFORCEMENT,9474.9825,206164.0421,9869.7735,9474.9825,394.7909,0.04201944,0.04033866,394.7909,9474.9825,0.04033866,394.7909,394.7909,394.7909,394.7909,394.7909,9474.9825,0.04033866,1973.9547,1822.2297,7895.8188,8047.5438,0.03361555,0.0342615,0.00168078,63.6720,71.2286,3.2736,143.0402,5.0692,3404.1435,43.6957,64.4793,63.5359,42.5677,43.0663,85.2079,124.7713,127.8119,154.8004,42.604,-41.336,2.967791,3.594466,1.478463,30,203,130,8,0.14604117,0.04201944,0.00608590,0E-8,0.000000,0.914292,0.640282,0.04207877,2026-03-23,2026-08-04,69,1947,1162,135,0.511111,1.014849,1.012680,0.486804,,,,,,,,GLOBAL_BASELINE_NO_ENTITY_RANKING,,,NOT_APPLICABLE_GLOBAL_BASELINE,HF9g-P5,,,,X 全窗基线 · 不参与实体赏罚,15051114,1506,A168_HF9F_20260827_0900,2026-08-27 09:00:00
2026-07-06,74657362,2223,0,83.1808351356,83.1808351356,83.1808351356,1.0000000,1,1,0.49324550000000000,0.493245500000,1.01360149184955,1.01360149184955,1.01360149184955,0E-17,ELIGIBLE,R03b_20260811_FULL_v1,L1_ELIGIBILITY,v2026-08-11,2026-03-21..2026-08-06,baccarat_bet02_101_all_pairs_incl_sentinel,round_win = game_pnl > 0 (decisive only),COMPATIBILITY_ONLY_NOT_PRODUCTION,234885.8996,214754.2105,9869.7735,3689,3015,-0.04201944,-0.00608590,-0.04816467,-0.04201944,-9869.7735,234885.8996,OK,0.0000,394.7909,4.0000,96.0000,AG03-UNRESOLVED,ALL5_LEVELS_bet23_to_bet27,394.7909,394.7909,394.7909,394.7909,394.7909,4.000000,4.000000,4.000000,4.000000,4.000000,96.000000,96.000000,96.000000,96.000000,96.000000,5.0,1973.9547,1822.2297,7895.8188,8047.5438,PENDING_AG03,FALSE,NOT_FOR_ENFORCEMENT,9474.9825,206164.0421,9869.7735,9474.9825,394.7909,0.04201944,0.04033866,394.7909,9474.9825,0.04033866,394.7909,394.7909,394.7909,394.7909,394.7909,9474.9825,0.04033866,1973.9547,1822.2297,7895.8188,8047.5438,0.03361555,0.0342615,0.00168078,63.6720,71.2286,3.2736,143.0402,5.0692,3404.1435,43.6957,64.4793,63.5359,42.5677,43.0663,85.2079,124.7713,127.8119,154.8004,42.604,-41.336,2.967791,3.594466,1.478463,30,203,130,8,0.14604117,0.04201944,0.00608590,0E-8,0.000000,0.914292,0.640282,0.04207877,2026-03-23,2026-08-04,69,1947,1162,135,0.511111,1.014849,1.012680,0.486804,,,,,,,,GLOBAL_BASELINE_NO_ENTITY_RANKING,,,NOT_APPLICABLE_GLOBAL_BASELINE,HF9g-P5,,,,X 全窗基线 · 不参与实体赏罚,15051115,1506,A168_HF9F_20260827_0900,2026-08-27 09:00:00
2026-07-06,74657362,2239,0,83.1808351356,-83.1808351356,-83.1808351356,0E-7,1,1,0.49324550000000000,0.493245500000,-0.9865810262130424,-0.9865810262130424,-0.9865810262130424,0E-17,ELIGIBLE,R03b_20260811_FULL_v1,L1_ELIGIBILITY,v2026-08-11,2026-03-21..2026-08-06,baccarat_bet02_101_all_pairs_incl_sentinel,round_win = game_pnl > 0 (decisive only),COMPATIBILITY_ONLY_NOT_PRODUCTION,234885.8996,214754.2105,9869.7735,3689,3015,-0.04201944,-0.00608590,-0.04816467,-0.04201944,-9869.7735,234885.8996,OK,0.0000,394.7909,4.0000,96.0000,AG03-UNRESOLVED,ALL5_LEVELS_bet23_to_bet27,394.7909,394.7909,394.7909,394.7909,394.7909,4.000000,4.000000,4.000000,4.000000,4.000000,96.000000,96.000000,96.000000,96.000000,96.000000,5.0,1973.9547,1822.2297,7895.8188,8047.5438,PENDING_AG03,FALSE,NOT_FOR_ENFORCEMENT,9474.9825,206164.0421,9869.7735,9474.9825,394.7909,0.04201944,0.04033866,394.7909,9474.9825,0.04033866,394.7909,394.7909,394.7909,394.7909,394.7909,9474.9825,0.04033866,1973.9547,1822.2297,7895.8188,8047.5438,0.03361555,0.0342615,0.00168078,63.6720,71.2286,3.2736,143.0402,5.0692,3404.1435,43.6957,64.4793,63.5359,42.5677,43.0663,85.2079,124.7713,127.8119,154.8004,42.604,-41.336,2.967791,3.594466,1.478463,30,203,130,8,0.14604117,0.04201944,0.00608590,0E-8,0.000000,0.914292,0.640282,0.04207877,2026-03-23,2026-08-04,69,1947,1162,135,0.511111,1.014849,1.012680,0.486804,,,,,,,,GLOBAL_BASELINE_NO_ENTITY_RANKING,,,NOT_APPLICABLE_GLOBAL_BASELINE,HF9g-P5,,,,X 全窗基线 · 不参与实体赏罚,15051116,1506,A168_HF9F_20260827_0900,2026-08-27 09:00:00
2026-07-06,74657362,2242,0,83.1808351356,-83.1808351356,-83.1808351356,0E-7,1,1,0.49324550000000000,0.493245500000,-0.9865810262130424,-0.9865810262130424,-0.9865810262130424,0E-17,ELIGIBLE,R03b_20260811_FULL_v1,L1_ELIGIBILITY,v2026-08-11,2026-03-21..2026-08-06,baccarat_bet02_101_all_pairs_incl_sentinel,round_win = game_pnl > 0 (decisive only),COMPATIBILITY_ONLY_NOT_PRODUCTION,234885.8996,214754.2105,9869.7735,3689,3015,-0.04201944,-0.00608590,-0.04816467,-0.04201944,-9869.7735,234885.8996,OK,0.0000,394.7909,4.0000,96.0000,AG03-UNRESOLVED,ALL5_LEVELS_bet23_to_bet27,394.7909,394.7909,394.7909,394.7909,394.7909,4.000000,4.000000,4.000000,4.000000,4.000000,96.000000,96.000000,96.000000,96.000000,96.000000,5.0,1973.9547,1822.2297,7895.8188,8047.5438,PENDING_AG03,FALSE,NOT_FOR_ENFORCEMENT,9474.9825,206164.0421,9869.7735,9474.9825,394.7909,0.04201944,0.04033866,394.7909,9474.9825,0.04033866,394.7909,394.7909,394.7909,394.7909,394.7909,9474.9825,0.04033866,1973.9547,1822.2297,7895.8188,8047.5438,0.03361555,0.0342615,0.00168078,63.6720,71.2286,3.2736,143.0402,5.0692,3404.1435,43.6957,64.4793,63.5359,42.5677,43.0663,85.2079,124.7713,127.8119,154.8004,42.604,-41.336,2.967791,3.594466,1.478463,30,203,130,8,0.14604117,0.04201944,0.00608590,0E-8,0.000000,0.914292,0.640282,0.04207877,2026-03-23,2026-08-04,69,1947,1162,135,0.511111,1.014849,1.012680,0.486804,,,,,,,,GLOBAL_BASELINE_NO_ENTITY_RANKING,,,NOT_APPLICABLE_GLOBAL_BASELINE,HF9g-P5,,,,X 全窗基线 · 不参与实体赏罚,15051117,1506,A168_HF9F_20260827_0900,2026-08-27 09:00:00
2026-07-06,74657362,948,0,249.5425054068,166.3616702712,166.3616702712,1.0000000,3,2,0.44331193750000000,0.386675775000,1.5847699915283249,1.7810929101020572,1.5847699915283249,0.05663616250000000,ELIGIBLE,R03b_20260811_FULL_v1,L1_ELIGIBILITY,v2026-08-11,2026-03-21..2026-08-06,baccarat_bet02_101_all_pairs_incl_sentinel,round_win = game_pnl > 0 (decisive only),COMPATIBILITY_ONLY_NOT_PRODUCTION,234885.8996,214754.2105,9869.7735,3689,3015,-0.04201944,-0.00608590,-0.04816467,-0.04201944,-9869.7735,234885.8996,OK,0.0000,394.7909,4.0000,96.0000,AG03-UNRESOLVED,ALL5_LEVELS_bet23_to_bet27,394.7909,394.7909,394.7909,394.7909,394.7909,4.000000,4.000000,4.000000,4.000000,4.000000,96.000000,96.000000,96.000000,96.000000,96.000000,5.0,1973.9547,1822.2297,7895.8188,8047.5438,PENDING_AG03,FALSE,NOT_FOR_ENFORCEMENT,9474.9825,206164.0421,9869.7735,9474.9825,394.7909,0.04201944,0.04033866,394.7909,9474.9825,0.04033866,394.7909,394.7909,394.7909,394.7909,394.7909,9474.9825,0.04033866,1973.9547,1822.2297,7895.8188,8047.5438,0.03361555,0.0342615,0.00168078,63.6720,71.2286,3.2736,143.0402,5.0692,3404.1435,43.6957,64.4793,63.5359,42.5677,43.0663,85.2079,124.7713,127.8119,154.8004,42.604,-41.336,2.967791,3.594466,1.478463,30,203,130,8,0.14604117,0.04201944,0.00608590,0E-8,0.000000,0.914292,0.640282,0.04207877,2026-03-23,2026-08-04,69,1947,1162,135,0.511111,1.014849,1.012680,0.486804,,,,,,,,GLOBAL_BASELINE_NO_ENTITY_RANKING,,,NOT_APPLICABLE_GLOBAL_BASELINE,HF9g-P5,,,,X 全窗基线 · 不参与实体赏罚,15051118,1506,A168_HF9F_20260827_0900,2026-08-27 09:00:00
2026-07-07,74657362,-1,1,499.0850108136,-166.3616702712,-166.3616702712,0.4000000,8,5,0.36946597000000000,0.324157040000,0.14145804221917163,0.3623261258423968,0.14145804221917163,0.04530893000000000,SENTINEL_DEALER,R03b_20260811_FULL_v1,L1_ELIGIBILITY,v2026-08-11,2026-03-21..2026-08-06,baccarat_bet02_101_all_pairs_incl_sentinel,round_win = game_pnl > 0 (decisive only),COMPATIBILITY_ONLY_NOT_PRODUCTION,234885.8996,214754.2105,9869.7735,3689,3015,-0.04201944,-0.00608590,-0.04816467,-0.04201944,-9869.7735,234885.8996,OK,0.0000,394.7909,4.0000,96.0000,AG03-UNRESOLVED,ALL5_LEVELS_bet23_to_bet27,394.7909,394.7909,394.7909,394.7909,394.7909,4.000000,4.000000,4.000000,4.000000,4.000000,96.000000,96.000000,96.000000,96.000000,96.000000,5.0,1973.9547,1822.2297,7895.8188,8047.5438,PENDING_AG03,FALSE,NOT_FOR_ENFORCEMENT,9474.9825,206164.0421,9869.7735,9474.9825,394.7909,0.04201944,0.04033866,394.7909,9474.9825,0.04033866,394.7909,394.7909,394.7909,394.7909,394.7909,9474.9825,0.04033866,1973.9547,1822.2297,7895.8188,8047.5438,0.03361555,0.0342615,0.00168078,63.6720,71.2286,3.2736,143.0402,5.0692,3404.1435,43.6957,64.4793,63.5359,42.5677,43.0663,85.2079,124.7713,127.8119,154.8004,42.604,-41.336,2.967791,3.594466,1.478463,30,203,130,8,0.14604117,0.04201944,0.00608590,0E-8,0.000000,0.914292,0.640282,0.04207877,2026-03-23,2026-08-04,69,1947,1162,135,0.511111,1.014849,1.012680,0.486804,,,,,,,,GLOBAL_BASELINE_NO_ENTITY_RANKING,,,NOT_APPLICABLE_GLOBAL_BASELINE,HF9g-P5,,,,X 全窗基线 · 不参与实体赏罚,15051119,1506,A168_HF9F_20260827_0900,2026-08-27 09:00:00
2026-07-07,74657362,1283,0,83.1808351356,0E-10,0E-10,0.5000000,2,2,0.50665070000000000,0.506650700000,-0.018812684590367487,-0.018812684590367487,-0.018812684590367487,0E-17,ELIGIBLE,R03b_20260811_FULL_v1,L1_ELIGIBILITY,v2026-08-11,2026-03-21..2026-08-06,baccarat_bet02_101_all_pairs_incl_sentinel,round_win = game_pnl > 0 (decisive only),COMPATIBILITY_ONLY_NOT_PRODUCTION,234885.8996,214754.2105,9869.7735,3689,3015,-0.04201944,-0.00608590,-0.04816467,-0.04201944,-9869.7735,234885.8996,OK,0.0000,394.7909,4.0000,96.0000,AG03-UNRESOLVED,ALL5_LEVELS_bet23_to_bet27,394.7909,394.7909,394.7909,394.7909,394.7909,4.000000,4.000000,4.000000,4.000000,4.000000,96.000000,96.000000,96.000000,96.000000,96.000000,5.0,1973.9547,1822.2297,7895.8188,8047.5438,PENDING_AG03,FALSE,NOT_FOR_ENFORCEMENT,9474.9825,206164.0421,9869.7735,9474.9825,394.7909,0.04201944,0.04033866,394.7909,9474.9825,0.04033866,394.7909,394.7909,394.7909,394.7909,394.7909,9474.9825,0.04033866,1973.9547,1822.2297,7895.8188,8047.5438,0.03361555,0.0342615,0.00168078,63.6720,71.2286,3.2736,143.0402,5.0692,3404.1435,43.6957,64.4793,63.5359,42.5677,43.0663,85.2079,124.7713,127.8119,154.8004,42.604,-41.336,2.967791,3.594466,1.478463,30,203,130,8,0.14604117,0.04201944,0.00608590,0E-8,0.000000,0.914292,0.640282,0.04207877,2026-03-23,2026-08-04,69,1947,1162,135,0.511111,1.014849,1.012680,0.486804,,,,,,,,GLOBAL_BASELINE_NO_ENTITY_RANKING,,,NOT_APPLICABLE_GLOBAL_BASELINE,HF9g-P5,,,,X 全窗基线 · 不参与实体赏罚,15051120,1506,A168_HF9F_20260827_0900,2026-08-27 09:00:00
2026-07-07,74657362,1396,0,49.9085010814,-49.9085010814,-49.9085010814,0E-7,1,1,0.49324550000000000,0.493245500000,-0.9865810262130424,-0.9865810262130424,-0.9865810262130424,0E-17,ELIGIBLE,R03b_20260811_FULL_v1,L1_ELIGIBILITY,v2026-08-11,2026-03-21..2026-08-06,baccarat_bet02_101_all_pairs_incl_sentinel,round_win = game_pnl > 0 (decisive only),COMPATIBILITY_ONLY_NOT_PRODUCTION,234885.8996,214754.2105,9869.7735,3689,3015,-0.04201944,-0.00608590,-0.04816467,-0.04201944,-9869.7735,234885.8996,OK,0.0000,394.7909,4.0000,96.0000,AG03-UNRESOLVED,ALL5_LEVELS_bet23_to_bet27,394.7909,394.7909,394.7909,394.7909,394.7909,4.000000,4.000000,4.000000,4.000000,4.000000,96.000000,96.000000,96.000000,96.000000,96.000000,5.0,1973.9547,1822.2297,7895.8188,8047.5438,PENDING_AG03,FALSE,NOT_FOR_ENFORCEMENT,9474.9825,206164.0421,9869.7735,9474.9825,394.7909,0.04201944,0.04033866,394.7909,9474.9825,0.04033866,394.7909,394.7909,394.7909,394.7909,394.7909,9474.9825,0.04033866,1973.9547,1822.2297,7895.8188,8047.5438,0.03361555,0.0342615,0.00168078,63.6720,71.2286,3.2736,143.0402,5.0692,3404.1435,43.6957,64.4793,63.5359,42.5677,43.0663,85.2079,124.7713,127.8119,154.8004,42.604,-41.336,2.967791,3.594466,1.478463,30,203,130,8,0.14604117,0.04201944,0.00608590,0E-8,0.000000,0.914292,0.640282,0.04207877,2026-03-23,2026-08-04,69,1947,1162,135,0.511111,1.014849,1.012680,0.486804,,,,,,,,GLOBAL_BASELINE_NO_ENTITY_RANKING,,,NOT_APPLICABLE_GLOBAL_BASELINE,HF9g-P5,,,,X 全窗基线 · 不参与实体赏罚,15051121,1506,A168_HF9F_20260827_0900,2026-08-27 09:00:00
2026-07-07,74657362,1935,0,83.1808351356,-83.1808351356,-83.1808351356,0E-7,1,1,0.50665070000000000,0.506650700000,-1.013391052207602,-1.013391052207602,-1.013391052207602,0E-17,ELIGIBLE,R03b_20260811_FULL_v1,L1_ELIGIBILITY,v2026-08-11,2026-03-21..2026-08-06,baccarat_bet02_101_all_pairs_incl_sentinel,round_win = game_pnl > 0 (decisive only),COMPATIBILITY_ONLY_NOT_PRODUCTION,234885.8996,214754.2105,9869.7735,3689,3015,-0.04201944,-0.00608590,-0.04816467,-0.04201944,-9869.7735,234885.8996,OK,0.0000,394.7909,4.0000,96.0000,AG03-UNRESOLVED,ALL5_LEVELS_bet23_to_bet27,394.7909,394.7909,394.7909,394.7909,394.7909,4.000000,4.000000,4.000000,4.000000,4.000000,96.000000,96.000000,96.000000,96.000000,96.000000,5.0,1973.9547,1822.2297,7895.8188,8047.5438,PENDING_AG03,FALSE,NOT_FOR_ENFORCEMENT,9474.9825,206164.0421,9869.7735,9474.9825,394.7909,0.04201944,0.04033866,394.7909,9474.9825,0.04033866,394.7909,394.7909,394.7909,394.7909,394.7909,9474.9825,0.04033866,1973.9547,1822.2297,7895.8188,8047.5438,0.03361555,0.0342615,0.00168078,63.6720,71.2286,3.2736,143.0402,5.0692,3404.1435,43.6957,64.4793,63.5359,42.5677,43.0663,85.2079,124.7713,127.8119,154.8004,42.604,-41.336,2.967791,3.594466,1.478463,30,203,130,8,0.14604117,0.04201944,0.00608590,0E-8,0.000000,0.914292,0.640282,0.04207877,2026-03-23,2026-08-04,69,1947,1162,135,0.511111,1.014849,1.012680,0.486804,,,,,,,,GLOBAL_BASELINE_NO_ENTITY_RANKING,,,NOT_APPLICABLE_GLOBAL_BASELINE,HF9g-P5,,,,X 全窗基线 · 不参与实体赏罚,15051122,1506,A168_HF9F_20260827_0900,2026-08-27 09:00:00
2026-07-07,74657362,2088,0,41.5904175678,-41.5904175678,-41.5904175678,0E-7,1,1,0.49324550000000000,0.493245500000,-0.9865810262130424,-0.9865810262130424,-0.9865810262130424,0E-17,ELIGIBLE,R03b_20260811_FULL_v1,L1_ELIGIBILITY,v2026-08-11,2026-03-21..2026-08-06,baccarat_bet02_101_all_pairs_incl_sentinel,round_win = game_pnl > 0 (decisive only),COMPATIBILITY_ONLY_NOT_PRODUCTION,234885.8996,214754.2105,9869.7735,3689,3015,-0.04201944,-0.00608590,-0.04816467,-0.04201944,-9869.7735,234885.8996,OK,0.0000,394.7909,4.0000,96.0000,AG03-UNRESOLVED,ALL5_LEVELS_bet23_to_bet27,394.7909,394.7909,394.7909,394.7909,394.7909,4.000000,4.000000,4.000000,4.000000,4.000000,96.000000,96.000000,96.000000,96.000000,96.000000,5.0,1973.9547,1822.2297,7895.8188,8047.5438,PENDING_AG03,FALSE,NOT_FOR_ENFORCEMENT,9474.9825,206164.0421,9869.7735,9474.9825,394.7909,0.04201944,0.04033866,394.7909,9474.9825,0.04033866,394.7909,394.7909,394.7909,394.7909,394.7909,9474.9825,0.04033866,1973.9547,1822.2297,7895.8188,8047.5438,0.03361555,0.0342615,0.00168078,63.6720,71.2286,3.2736,143.0402,5.0692,3404.1435,43.6957,64.4793,63.5359,42.5677,43.0663,85.2079,124.7713,127.8119,154.8004,42.604,-41.336,2.967791,3.594466,1.478463,30,203,130,8,0.14604117,0.04201944,0.00608590,0E-8,0.000000,0.914292,0.640282,0.04207877,2026-03-23,2026-08-04,69,1947,1162,135,0.511111,1.014849,1.012680,0.486804,,,,,,,,GLOBAL_BASELINE_NO_ENTITY_RANKING,,,NOT_APPLICABLE_GLOBAL_BASELINE,HF9g-P5,,,,X 全窗基线 · 不参与实体赏罚,15051123,1506,A168_HF9F_20260827_0900,2026-08-27 09:00:00
2026-07-07,74657362,2170,0,33.2723340542,-33.2723340542,-33.2723340542,0E-7,1,1,0.50665070000000000,0.506650700000,-1.013391052207602,-1.013391052207602,-1.013391052207602,0E-17,ELIGIBLE,R03b_20260811_FULL_v1,L1_ELIGIBILITY,v2026-08-11,2026-03-21..2026-08-06,baccarat_bet02_101_all_pairs_incl_sentinel,round_win = game_pnl > 0 (decisive only),COMPATIBILITY_ONLY_NOT_PRODUCTION,234885.8996,214754.2105,9869.7735,3689,3015,-0.04201944,-0.00608590,-0.04816467,-0.04201944,-9869.7735,234885.8996,OK,0.0000,394.7909,4.0000,96.0000,AG03-UNRESOLVED,ALL5_LEVELS_bet23_to_bet27,394.7909,394.7909,394.7909,394.7909,394.7909,4.000000,4.000000,4.000000,4.000000,4.000000,96.000000,96.000000,96.000000,96.000000,96.000000,5.0,1973.9547,1822.2297,7895.8188,8047.5438,PENDING_AG03,FALSE,NOT_FOR_ENFORCEMENT,9474.9825,206164.0421,9869.7735,9474.9825,394.7909,0.04201944,0.04033866,394.7909,9474.9825,0.04033866,394.7909,394.7909,394.7909,394.7909,394.7909,9474.9825,0.04033866,1973.9547,1822.2297,7895.8188,8047.5438,0.03361555,0.0342615,0.00168078,63.6720,71.2286,3.2736,143.0402,5.0692,3404.1435,43.6957,64.4793,63.5359,42.5677,43.0663,85.2079,124.7713,127.8119,154.8004,42.604,-41.336,2.967791,3.594466,1.478463,30,203,130,8,0.14604117,0.04201944,0.00608590,0E-8,0.000000,0.914292,0.640282,0.04207877,2026-03-23,2026-08-04,69,1947,1162,135,0.511111,1.014849,1.012680,0.486804,,,,,,,,GLOBAL_BASELINE_NO_ENTITY_RANKING,,,NOT_APPLICABLE_GLOBAL_BASELINE,HF9g-P5,,,,X 全窗基线 · 不参与实体赏罚,15051124,1506,A168_HF9F_20260827_0900,2026-08-27 09:00:00
2026-07-07,74657362,2212,0,83.1808351356,83.1808351356,83.1808351356,1.0000000,2,2,0.49324550000000000,0.493245500000,1.4334489766152358,1.4334489766152358,1.4334489766152358,0E-17,ELIGIBLE,R03b_20260811_FULL_v1,L1_ELIGIBILITY,v2026-08-11,2026-03-21..2026-08-06,baccarat_bet02_101_all_pairs_incl_sentinel,round_win = game_pnl > 0 (decisive only),COMPATIBILITY_ONLY_NOT_PRODUCTION,234885.8996,214754.2105,9869.7735,3689,3015,-0.04201944,-0.00608590,-0.04816467,-0.04201944,-9869.7735,234885.8996,OK,0.0000,394.7909,4.0000,96.0000,AG03-UNRESOLVED,ALL5_LEVELS_bet23_to_bet27,394.7909,394.7909,394.7909,394.7909,394.7909,4.000000,4.000000,4.000000,4.000000,4.000000,96.000000,96.000000,96.000000,96.000000,96.000000,5.0,1973.9547,1822.2297,7895.8188,8047.5438,PENDING_AG03,FALSE,NOT_FOR_ENFORCEMENT,9474.9825,206164.0421,9869.7735,9474.9825,394.7909,0.04201944,0.04033866,394.7909,9474.9825,0.04033866,394.7909,394.7909,394.7909,394.7909,394.7909,9474.9825,0.04033866,1973.9547,1822.2297,7895.8188,8047.5438,0.03361555,0.0342615,0.00168078,63.6720,71.2286,3.2736,143.0402,5.0692,3404.1435,43.6957,64.4793,63.5359,42.5677,43.0663,85.2079,124.7713,127.8119,154.8004,42.604,-41.336,2.967791,3.594466,1.478463,30,203,130,8,0.14604117,0.04201944,0.00608590,0E-8,0.000000,0.914292,0.640282,0.04207877,2026-03-23,2026-08-04,69,1947,1162,135,0.511111,1.014849,1.012680,0.486804,,,,,,,,GLOBAL_BASELINE_NO_ENTITY_RANKING,,,NOT_APPLICABLE_GLOBAL_BASELINE,HF9g-P5,,,,X 全窗基线 · 不参与实体赏罚,15051125,1506,A168_HF9F_20260827_0900,2026-08-27 09:00:00
2026-07-07,74657362,2261,0,41.5904175678,41.5904175678,41.5904175678,1.0000000,1,1,0.49324550000000000,0.493245500000,1.01360149184955,1.01360149184955,1.01360149184955,0E-17,ELIGIBLE,R03b_20260811_FULL_v1,L1_ELIGIBILITY,v2026-08-11,2026-03-21..2026-08-06,baccarat_bet02_101_all_pairs_incl_sentinel,round_win = game_pnl > 0 (decisive only),COMPATIBILITY_ONLY_NOT_PRODUCTION,234885.8996,214754.2105,9869.7735,3689,3015,-0.04201944,-0.00608590,-0.04816467,-0.04201944,-9869.7735,234885.8996,OK,0.0000,394.7909,4.0000,96.0000,AG03-UNRESOLVED,ALL5_LEVELS_bet23_to_bet27,394.7909,394.7909,394.7909,394.7909,394.7909,4.000000,4.000000,4.000000,4.000000,4.000000,96.000000,96.000000,96.000000,96.000000,96.000000,5.0,1973.9547,1822.2297,7895.8188,8047.5438,PENDING_AG03,FALSE,NOT_FOR_ENFORCEMENT,9474.9825,206164.0421,9869.7735,9474.9825,394.7909,0.04201944,0.04033866,394.7909,9474.9825,0.04033866,394.7909,394.7909,394.7909,394.7909,394.7909,9474.9825,0.04033866,1973.9547,1822.2297,7895.8188,8047.5438,0.03361555,0.0342615,0.00168078,63.6720,71.2286,3.2736,143.0402,5.0692,3404.1435,43.6957,64.4793,63.5359,42.5677,43.0663,85.2079,124.7713,127.8119,154.8004,42.604,-41.336,2.967791,3.594466,1.478463,30,203,130,8,0.14604117,0.04201944,0.00608590,0E-8,0.000000,0.914292,0.640282,0.04207877,2026-03-23,2026-08-04,69,1947,1162,135,0.511111,1.014849,1.012680,0.486804,,,,,,,,GLOBAL_BASELINE_NO_ENTITY_RANKING,,,NOT_APPLICABLE_GLOBAL_BASELINE,HF9g-P5,,,,X 全窗基线 · 不参与实体赏罚,15051126,1506,A168_HF9F_20260827_0900,2026-08-27 09:00:00
2026-07-07,74657362,529,0,41.5904175678,-41.5904175678,-41.5904175678,0E-7,1,1,0.49324550000000000,0.493245500000,-0.9865810262130424,-0.9865810262130424,-0.9865810262130424,0E-17,ELIGIBLE,R03b_20260811_FULL_v1,L1_ELIGIBILITY,v2026-08-11,2026-03-21..2026-08-06,baccarat_bet02_101_all_pairs_incl_sentinel,round_win = game_pnl > 0 (decisive only),COMPATIBILITY_ONLY_NOT_PRODUCTION,234885.8996,214754.2105,9869.7735,3689,3015,-0.04201944,-0.00608590,-0.04816467,-0.04201944,-9869.7735,234885.8996,OK,0.0000,394.7909,4.0000,96.0000,AG03-UNRESOLVED,ALL5_LEVELS_bet23_to_bet27,394.7909,394.7909,394.7909,394.7909,394.7909,4.000000,4.000000,4.000000,4.000000,4.000000,96.000000,96.000000,96.000000,96.000000,96.000000,5.0,1973.9547,1822.2297,7895.8188,8047.5438,PENDING_AG03,FALSE,NOT_FOR_ENFORCEMENT,9474.9825,206164.0421,9869.7735,9474.9825,394.7909,0.04201944,0.04033866,394.7909,9474.9825,0.04033866,394.7909,394.7909,394.7909,394.7909,394.7909,9474.9825,0.04033866,1973.9547,1822.2297,7895.8188,8047.5438,0.03361555,0.0342615,0.00168078,63.6720,71.2286,3.2736,143.0402,5.0692,3404.1435,43.6957,64.4793,63.5359,42.5677,43.0663,85.2079,124.7713,127.8119,154.8004,42.604,-41.336,2.967791,3.594466,1.478463,30,203,130,8,0.14604117,0.04201944,0.00608590,0E-8,0.000000,0.914292,0.640282,0.04207877,2026-03-23,2026-08-04,69,1947,1162,135,0.511111,1.014849,1.012680,0.486804,,,,,,,,GLOBAL_BASELINE_NO_ENTITY_RANKING,,,NOT_APPLICABLE_GLOBAL_BASELINE,HF9g-P5,,,,X 全窗基线 · 不参与实体赏罚,15051127,1506,A168_HF9F_20260827_0900,2026-08-27 09:00:00
2026-07-07,74657362,627,0,83.1808351356,83.1808351356,83.1808351356,1.0000000,1,1,0.49324550000000000,0.493245500000,1.01360149184955,1.01360149184955,1.01360149184955,0E-17,ELIGIBLE,R03b_20260811_FULL_v1,L1_ELIGIBILITY,v2026-08-11,2026-03-21..2026-08-06,baccarat_bet02_101_all_pairs_incl_sentinel,round_win = game_pnl > 0 (decisive only),COMPATIBILITY_ONLY_NOT_PRODUCTION,234885.8996,214754.2105,9869.7735,3689,3015,-0.04201944,-0.00608590,-0.04816467,-0.04201944,-9869.7735,234885.8996,OK,0.0000,394.7909,4.0000,96.0000,AG03-UNRESOLVED,ALL5_LEVELS_bet23_to_bet27,394.7909,394.7909,394.7909,394.7909,394.7909,4.000000,4.000000,4.000000,4.000000,4.000000,96.000000,96.000000,96.000000,96.000000,96.000000,5.0,1973.9547,1822.2297,7895.8188,8047.5438,PENDING_AG03,FALSE,NOT_FOR_ENFORCEMENT,9474.9825,206164.0421,9869.7735,9474.9825,394.7909,0.04201944,0.04033866,394.7909,9474.9825,0.04033866,394.7909,394.7909,394.7909,394.7909,394.7909,9474.9825,0.04033866,1973.9547,1822.2297,7895.8188,8047.5438,0.03361555,0.0342615,0.00168078,63.6720,71.2286,3.2736,143.0402,5.0692,3404.1435,43.6957,64.4793,63.5359,42.5677,43.0663,85.2079,124.7713,127.8119,154.8004,42.604,-41.336,2.967791,3.594466,1.478463,30,203,130,8,0.14604117,0.04201944,0.00608590,0E-8,0.000000,0.914292,0.640282,0.04207877,2026-03-23,2026-08-04,69,1947,1162,135,0.511111,1.014849,1.012680,0.486804,,,,,,,,GLOBAL_BASELINE_NO_ENTITY_RANKING,,,NOT_APPLICABLE_GLOBAL_BASELINE,HF9g-P5,,,,X 全窗基线 · 不参与实体赏罚,15051128,1506,A168_HF9F_20260827_0900,2026-08-27 09:00:00
2026-07-13,74657362,-1,1,773.5817667611,274.4967559475,274.4967559475,0.7000000,12,12,0.49659680000000000,0.496596800000,1.2864645901532659,1.2864645901532659,1.2864645901532659,0E-17,SENTINEL_DEALER,R03b_20260811_FULL_v1,L1_ELIGIBILITY,v2026-08-11,2026-03-21..2026-08-06,baccarat_bet02_101_all_pairs_incl_sentinel,round_win = game_pnl > 0 (decisive only),COMPATIBILITY_ONLY_NOT_PRODUCTION,234885.8996,214754.2105,9869.7735,3689,3015,-0.04201944,-0.00608590,-0.04816467,-0.04201944,-9869.7735,234885.8996,OK,0.0000,394.7909,4.0000,96.0000,AG03-UNRESOLVED,ALL5_LEVELS_bet23_to_bet27,394.7909,394.7909,394.7909,394.7909,394.7909,4.000000,4.000000,4.000000,4.000000,4.000000,96.000000,96.000000,96.000000,96.000000,96.000000,5.0,1973.9547,1822.2297,7895.8188,8047.5438,PENDING_AG03,FALSE,NOT_FOR_ENFORCEMENT,9474.9825,206164.0421,9869.7735,9474.9825,394.7909,0.04201944,0.04033866,394.7909,9474.9825,0.04033866,394.7909,394.7909,394.7909,394.7909,394.7909,9474.9825,0.04033866,1973.9547,1822.2297,7895.8188,8047.5438,0.03361555,0.0342615,0.00168078,63.6720,71.2286,3.2736,143.0402,5.0692,3404.1435,43.6957,64.4793,63.5359,42.5677,43.0663,85.2079,124.7713,127.8119,154.8004,42.604,-41.336,2.967791,3.594466,1.478463,30,203,130,8,0.14604117,0.04201944,0.00608590,0E-8,0.000000,0.914292,0.640282,0.04207877,2026-03-23,2026-08-04,69,1947,1162,135,0.511111,1.014849,1.012680,0.486804,,,,,,,,GLOBAL_BASELINE_NO_ENTITY_RANKING,,,NOT_APPLICABLE_GLOBAL_BASELINE,HF9g-P5,,,,X 全窗基线 · 不参与实体赏罚,15051129,1506,A168_HF9F_20260827_0900,2026-08-27 09:00:00
2026-07-13,74657362,1115,0,166.3616702712,83.1808351356,83.1808351356,1.0000000,2,1,0.39337837500000000,0.280106050000,1.2418058546638626,1.6031457840727341,1.2418058546638626,0.11327232500000000,ELIGIBLE,R03b_20260811_FULL_v1,L1_ELIGIBILITY,v2026-08-11,2026-03-21..2026-08-06,baccarat_bet02_101_all_pairs_incl_sentinel,round_win = game_pnl > 0 (decisive only),COMPATIBILITY_ONLY_NOT_PRODUCTION,234885.8996,214754.2105,9869.7735,3689,3015,-0.04201944,-0.00608590,-0.04816467,-0.04201944,-9869.7735,234885.8996,OK,0.0000,394.7909,4.0000,96.0000,AG03-UNRESOLVED,ALL5_LEVELS_bet23_to_bet27,394.7909,394.7909,394.7909,394.7909,394.7909,4.000000,4.000000,4.000000,4.000000,4.000000,96.000000,96.000000,96.000000,96.000000,96.000000,5.0,1973.9547,1822.2297,7895.8188,8047.5438,PENDING_AG03,FALSE,NOT_FOR_ENFORCEMENT,9474.9825,206164.0421,9869.7735,9474.9825,394.7909,0.04201944,0.04033866,394.7909,9474.9825,0.04033866,394.7909,394.7909,394.7909,394.7909,394.7909,9474.9825,0.04033866,1973.9547,1822.2297,7895.8188,8047.5438,0.03361555,0.0342615,0.00168078,63.6720,71.2286,3.2736,143.0402,5.0692,3404.1435,43.6957,64.4793,63.5359,42.5677,43.0663,85.2079,124.7713,127.8119,154.8004,42.604,-41.336,2.967791,3.594466,1.478463,30,203,130,8,0.14604117,0.04201944,0.00608590,0E-8,0.000000,0.914292,0.640282,0.04207877,2026-03-23,2026-08-04,69,1947,1162,135,0.511111,1.014849,1.012680,0.486804,,,,,,,,GLOBAL_BASELINE_NO_ENTITY_RANKING,,,NOT_APPLICABLE_GLOBAL_BASELINE,HF9g-P5,,,,X 全窗基线 · 不参与实体赏罚,15051130,1506,A168_HF9F_20260827_0900,2026-08-27 09:00:00
2026-07-13,74657362,1302,0,41.5904175678,-41.5904175678,-41.5904175678,0E-7,1,1,0.50665070000000000,0.506650700000,-1.013391052207602,-1.013391052207602,-1.013391052207602,0E-17,ELIGIBLE,R03b_20260811_FULL_v1,L1_ELIGIBILITY,v2026-08-11,2026-03-21..2026-08-06,baccarat_bet02_101_all_pairs_incl_sentinel,round_win = game_pnl > 0 (decisive only),COMPATIBILITY_ONLY_NOT_PRODUCTION,234885.8996,214754.2105,9869.7735,3689,3015,-0.04201944,-0.00608590,-0.04816467,-0.04201944,-9869.7735,234885.8996,OK,0.0000,394.7909,4.0000,96.0000,AG03-UNRESOLVED,ALL5_LEVELS_bet23_to_bet27,394.7909,394.7909,394.7909,394.7909,394.7909,4.000000,4.000000,4.000000,4.000000,4.000000,96.000000,96.000000,96.000000,96.000000,96.000000,5.0,1973.9547,1822.2297,7895.8188,8047.5438,PENDING_AG03,FALSE,NOT_FOR_ENFORCEMENT,9474.9825,206164.0421,9869.7735,9474.9825,394.7909,0.04201944,0.04033866,394.7909,9474.9825,0.04033866,394.7909,394.7909,394.7909,394.7909,394.7909,9474.9825,0.04033866,1973.9547,1822.2297,7895.8188,8047.5438,0.03361555,0.0342615,0.00168078,63.6720,71.2286,3.2736,143.0402,5.0692,3404.1435,43.6957,64.4793,63.5359,42.5677,43.0663,85.2079,124.7713,127.8119,154.8004,42.604,-41.336,2.967791,3.594466,1.478463,30,203,130,8,0.14604117,0.04201944,0.00608590,0E-8,0.000000,0.914292,0.640282,0.04207877,2026-03-23,2026-08-04,69,1947,1162,135,0.511111,1.014849,1.012680,0.486804,,,,,,,,GLOBAL_BASELINE_NO_ENTITY_RANKING,,,NOT_APPLICABLE_GLOBAL_BASELINE,HF9g-P5,,,,X 全窗基线 · 不参与实体赏罚,15051131,1506,A168_HF9F_20260827_0900,2026-08-27 09:00:00
2026-07-13,74657362,1330,0,83.1808351356,-83.1808351356,-83.1808351356,0E-7,1,1,0.49324550000000000,0.493245500000,-0.9865810262130424,-0.9865810262130424,-0.9865810262130424,0E-17,ELIGIBLE,R03b_20260811_FULL_v1,L1_ELIGIBILITY,v2026-08-11,2026-03-21..2026-08-06,baccarat_bet02_101_all_pairs_incl_sentinel,round_win = game_pnl > 0 (decisive only),COMPATIBILITY_ONLY_NOT_PRODUCTION,234885.8996,214754.2105,9869.7735,3689,3015,-0.04201944,-0.00608590,-0.04816467,-0.04201944,-9869.7735,234885.8996,OK,0.0000,394.7909,4.0000,96.0000,AG03-UNRESOLVED,ALL5_LEVELS_bet23_to_bet27,394.7909,394.7909,394.7909,394.7909,394.7909,4.000000,4.000000,4.000000,4.000000,4.000000,96.000000,96.000000,96.000000,96.000000,96.000000,5.0,1973.9547,1822.2297,7895.8188,8047.5438,PENDING_AG03,FALSE,NOT_FOR_ENFORCEMENT,9474.9825,206164.0421,9869.7735,9474.9825,394.7909,0.04201944,0.04033866,394.7909,9474.9825,0.04033866,394.7909,394.7909,394.7909,394.7909,394.7909,9474.9825,0.04033866,1973.9547,1822.2297,7895.8188,8047.5438,0.03361555,0.0342615,0.00168078,63.6720,71.2286,3.2736,143.0402,5.0692,3404.1435,43.6957,64.4793,63.5359,42.5677,43.0663,85.2079,124.7713,127.8119,154.8004,42.604,-41.336,2.967791,3.594466,1.478463,30,203,130,8,0.14604117,0.04201944,0.00608590,0E-8,0.000000,0.914292,0.640282,0.04207877,2026-03-23,2026-08-04,69,1947,1162,135,0.511111,1.014849,1.012680,0.486804,,,,,,,,GLOBAL_BASELINE_NO_ENTITY_RANKING,,,NOT_APPLICABLE_GLOBAL_BASELINE,HF9g-P5,,,,X 全窗基线 · 不参与实体赏罚,15051132,1506,A168_HF9F_20260827_0900,2026-08-27 09:00:00
2026-07-13,74657362,1374,0,41.5904175678,-41.5904175678,-41.5904175678,0E-7,1,1,0.49324550000000000,0.493245500000,-0.9865810262130424,-0.9865810262130424,-0.9865810262130424,0E-17,ELIGIBLE,R03b_20260811_FULL_v1,L1_ELIGIBILITY,v2026-08-11,2026-03-21..2026-08-06,baccarat_bet02_101_all_pairs_incl_sentinel,round_win = game_pnl > 0 (decisive only),COMPATIBILITY_ONLY_NOT_PRODUCTION,234885.8996,214754.2105,9869.7735,3689,3015,-0.04201944,-0.00608590,-0.04816467,-0.04201944,-9869.7735,234885.8996,OK,0.0000,394.7909,4.0000,96.0000,AG03-UNRESOLVED,ALL5_LEVELS_bet23_to_bet27,394.7909,394.7909,394.7909,394.7909,394.7909,4.000000,4.000000,4.000000,4.000000,4.000000,96.000000,96.000000,96.000000,96.000000,96.000000,5.0,1973.9547,1822.2297,7895.8188,8047.5438,PENDING_AG03,FALSE,NOT_FOR_ENFORCEMENT,9474.9825,206164.0421,9869.7735,9474.9825,394.7909,0.04201944,0.04033866,394.7909,9474.9825,0.04033866,394.7909,394.7909,394.7909,394.7909,394.7909,9474.9825,0.04033866,1973.9547,1822.2297,7895.8188,8047.5438,0.03361555,0.0342615,0.00168078,63.6720,71.2286,3.2736,143.0402,5.0692,3404.1435,43.6957,64.4793,63.5359,42.5677,43.0663,85.2079,124.7713,127.8119,154.8004,42.604,-41.336,2.967791,3.594466,1.478463,30,203,130,8,0.14604117,0.04201944,0.00608590,0E-8,0.000000,0.914292,0.640282,0.04207877,2026-03-23,2026-08-04,69,1947,1162,135,0.511111,1.014849,1.012680,0.486804,,,,,,,,GLOBAL_BASELINE_NO_ENTITY_RANKING,,,NOT_APPLICABLE_GLOBAL_BASELINE,HF9g-P5,,,,X 全窗基线 · 不参与实体赏罚,15051133,1506,A168_HF9F_20260827_0900,2026-08-27 09:00:00
2026-07-13,74657362,1485,0,83.1808351356,83.1808351356,83.1808351356,1.0000000,1,1,0.49324550000000000,0.493245500000,1.01360149184955,1.01360149184955,1.01360149184955,0E-17,ELIGIBLE,R03b_20260811_FULL_v1,L1_ELIGIBILITY,v2026-08-11,2026-03-21..2026-08-06,baccarat_bet02_101_all_pairs_incl_sentinel,round_win = game_pnl > 0 (decisive only),COMPATIBILITY_ONLY_NOT_PRODUCTION,234885.8996,214754.2105,9869.7735,3689,3015,-0.04201944,-0.00608590,-0.04816467,-0.04201944,-9869.7735,234885.8996,OK,0.0000,394.7909,4.0000,96.0000,AG03-UNRESOLVED,ALL5_LEVELS_bet23_to_bet27,394.7909,394.7909,394.7909,394.7909,394.7909,4.000000,4.000000,4.000000,4.000000,4.000000,96.000000,96.000000,96.000000,96.000000,96.000000,5.0,1973.9547,1822.2297,7895.8188,8047.5438,PENDING_AG03,FALSE,NOT_FOR_ENFORCEMENT,9474.9825,206164.0421,9869.7735,9474.9825,394.7909,0.04201944,0.04033866,394.7909,9474.9825,0.04033866,394.7909,394.7909,394.7909,394.7909,394.7909,9474.9825,0.04033866,1973.9547,1822.2297,7895.8188,8047.5438,0.03361555,0.0342615,0.00168078,63.6720,71.2286,3.2736,143.0402,5.0692,3404.1435,43.6957,64.4793,63.5359,42.5677,43.0663,85.2079,124.7713,127.8119,154.8004,42.604,-41.336,2.967791,3.594466,1.478463,30,203,130,8,0.14604117,0.04201944,0.00608590,0E-8,0.000000,0.914292,0.640282,0.04207877,2026-03-23,2026-08-04,69,1947,1162,135,0.511111,1.014849,1.012680,0.486804,,,,,,,,GLOBAL_BASELINE_NO_ENTITY_RANKING,,,NOT_APPLICABLE_GLOBAL_BASELINE,HF9g-P5,,,,X 全窗基线 · 不参与实体赏罚,15051134,1506,A168_HF9F_20260827_0900,2026-08-27 09:00:00
2026-07-13,74657362,1505,0,249.5425054068,166.3616702712,166.3616702712,0.8000000,5,5,0.49324550000000000,0.493245500000,1.3719730223118614,1.3719730223118614,1.3719730223118614,0E-17,ELIGIBLE,R03b_20260811_FULL_v1,L1_ELIGIBILITY,v2026-08-11,2026-03-21..2026-08-06,baccarat_bet02_101_all_pairs_incl_sentinel,round_win = game_pnl > 0 (decisive only),COMPATIBILITY_ONLY_NOT_PRODUCTION,234885.8996,214754.2105,9869.7735,3689,3015,-0.04201944,-0.00608590,-0.04816467,-0.04201944,-9869.7735,234885.8996,OK,0.0000,394.7909,4.0000,96.0000,AG03-UNRESOLVED,ALL5_LEVELS_bet23_to_bet27,394.7909,394.7909,394.7909,394.7909,394.7909,4.000000,4.000000,4.000000,4.000000,4.000000,96.000000,96.000000,96.000000,96.000000,96.000000,5.0,1973.9547,1822.2297,7895.8188,8047.5438,PENDING_AG03,FALSE,NOT_FOR_ENFORCEMENT,9474.9825,206164.0421,9869.7735,9474.9825,394.7909,0.04201944,0.04033866,394.7909,9474.9825,0.04033866,394.7909,394.7909,394.7909,394.7909,394.7909,9474.9825,0.04033866,1973.9547,1822.2297,7895.8188,8047.5438,0.03361555,0.0342615,0.00168078,63.6720,71.2286,3.2736,143.0402,5.0692,3404.1435,43.6957,64.4793,63.5359,42.5677,43.0663,85.2079,124.7713,127.8119,154.8004,42.604,-41.336,2.967791,3.594466,1.478463,30,203,130,8,0.14604117,0.04201944,0.00608590,0E-8,0.000000,0.914292,0.640282,0.04207877,2026-03-23,2026-08-04,69,1947,1162,135,0.511111,1.014849,1.012680,0.486804,,,,,,,,GLOBAL_BASELINE_NO_ENTITY_RANKING,,,NOT_APPLICABLE_GLOBAL_BASELINE,HF9g-P5,,,,X 全窗基线 · 不参与实体赏罚,15051135,1506,A168_HF9F_20260827_0900,2026-08-27 09:00:00
2026-07-13,74657362,1935,0,166.3616702712,83.1808351356,83.1808351356,1.0000000,2,2,0.49324550000000000,0.493245500000,1.01360149184955,1.01360149184955,1.01360149184955,0E-17,ELIGIBLE,R03b_20260811_FULL_v1,L1_ELIGIBILITY,v2026-08-11,2026-03-21..2026-08-06,baccarat_bet02_101_all_pairs_incl_sentinel,round_win = game_pnl > 0 (decisive only),COMPATIBILITY_ONLY_NOT_PRODUCTION,234885.8996,214754.2105,9869.7735,3689,3015,-0.04201944,-0.00608590,-0.04816467,-0.04201944,-9869.7735,234885.8996,OK,0.0000,394.7909,4.0000,96.0000,AG03-UNRESOLVED,ALL5_LEVELS_bet23_to_bet27,394.7909,394.7909,394.7909,394.7909,394.7909,4.000000,4.000000,4.000000,4.000000,4.000000,96.000000,96.000000,96.000000,96.000000,96.000000,5.0,1973.9547,1822.2297,7895.8188,8047.5438,PENDING_AG03,FALSE,NOT_FOR_ENFORCEMENT,9474.9825,206164.0421,9869.7735,9474.9825,394.7909,0.04201944,0.04033866,394.7909,9474.9825,0.04033866,394.7909,394.7909,394.7909,394.7909,394.7909,9474.9825,0.04033866,1973.9547,1822.2297,7895.8188,8047.5438,0.03361555,0.0342615,0.00168078,63.6720,71.2286,3.2736,143.0402,5.0692,3404.1435,43.6957,64.4793,63.5359,42.5677,43.0663,85.2079,124.7713,127.8119,154.8004,42.604,-41.336,2.967791,3.594466,1.478463,30,203,130,8,0.14604117,0.04201944,0.00608590,0E-8,0.000000,0.914292,0.640282,0.04207877,2026-03-23,2026-08-04,69,1947,1162,135,0.511111,1.014849,1.012680,0.486804,,,,,,,,GLOBAL_BASELINE_NO_ENTITY_RANKING,,,NOT_APPLICABLE_GLOBAL_BASELINE,HF9g-P5,,,,X 全窗基线 · 不参与实体赏罚,15051136,1506,A168_HF9F_20260827_0900,2026-08-27 09:00:00
2026-07-13,74657362,1942,0,83.1808351356,83.1808351356,83.1808351356,1.0000000,1,1,0.50665070000000000,0.506650700000,0.9867858985152569,0.9867858985152569,0.9867858985152569,0E-17,ELIGIBLE,R03b_20260811_FULL_v1,L1_ELIGIBILITY,v2026-08-11,2026-03-21..2026-08-06,baccarat_bet02_101_all_pairs_incl_sentinel,round_win = game_pnl > 0 (decisive only),COMPATIBILITY_ONLY_NOT_PRODUCTION,234885.8996,214754.2105,9869.7735,3689,3015,-0.04201944,-0.00608590,-0.04816467,-0.04201944,-9869.7735,234885.8996,OK,0.0000,394.7909,4.0000,96.0000,AG03-UNRESOLVED,ALL5_LEVELS_bet23_to_bet27,394.7909,394.7909,394.7909,394.7909,394.7909,4.000000,4.000000,4.000000,4.000000,4.000000,96.000000,96.000000,96.000000,96.000000,96.000000,5.0,1973.9547,1822.2297,7895.8188,8047.5438,PENDING_AG03,FALSE,NOT_FOR_ENFORCEMENT,9474.9825,206164.0421,9869.7735,9474.9825,394.7909,0.04201944,0.04033866,394.7909,9474.9825,0.04033866,394.7909,394.7909,394.7909,394.7909,394.7909,9474.9825,0.04033866,1973.9547,1822.2297,7895.8188,8047.5438,0.03361555,0.0342615,0.00168078,63.6720,71.2286,3.2736,143.0402,5.0692,3404.1435,43.6957,64.4793,63.5359,42.5677,43.0663,85.2079,124.7713,127.8119,154.8004,42.604,-41.336,2.967791,3.594466,1.478463,30,203,130,8,0.14604117,0.04201944,0.00608590,0E-8,0.000000,0.914292,0.640282,0.04207877,2026-03-23,2026-08-04,69,1947,1162,135,0.511111,1.014849,1.012680,0.486804,,,,,,,,GLOBAL_BASELINE_NO_ENTITY_RANKING,,,NOT_APPLICABLE_GLOBAL_BASELINE,HF9g-P5,,,,X 全窗基线 · 不参与实体赏罚,15051137,1506,A168_HF9F_20260827_0900,2026-08-27 09:00:00
2026-07-13,74657362,1985,0,291.1329229746,291.1329229746,291.1329229746,1.0000000,4,4,0.49659680000000000,0.496596800000,2.0136594440222715,2.0136594440222715,2.0136594440222715,0E-17,ELIGIBLE,R03b_20260811_FULL_v1,L1_ELIGIBILITY,v2026-08-11,2026-03-21..2026-08-06,baccarat_bet02_101_all_pairs_incl_sentinel,round_win = game_pnl > 0 (decisive only),COMPATIBILITY_ONLY_NOT_PRODUCTION,234885.8996,214754.2105,9869.7735,3689,3015,-0.04201944,-0.00608590,-0.04816467,-0.04201944,-9869.7735,234885.8996,OK,0.0000,394.7909,4.0000,96.0000,AG03-UNRESOLVED,ALL5_LEVELS_bet23_to_bet27,394.7909,394.7909,394.7909,394.7909,394.7909,4.000000,4.000000,4.000000,4.000000,4.000000,96.000000,96.000000,96.000000,96.000000,96.000000,5.0,1973.9547,1822.2297,7895.8188,8047.5438,PENDING_AG03,FALSE,NOT_FOR_ENFORCEMENT,9474.9825,206164.0421,9869.7735,9474.9825,394.7909,0.04201944,0.04033866,394.7909,9474.9825,0.04033866,394.7909,394.7909,394.7909,394.7909,394.7909,9474.9825,0.04033866,1973.9547,1822.2297,7895.8188,8047.5438,0.03361555,0.0342615,0.00168078,63.6720,71.2286,3.2736,143.0402,5.0692,3404.1435,43.6957,64.4793,63.5359,42.5677,43.0663,85.2079,124.7713,127.8119,154.8004,42.604,-41.336,2.967791,3.594466,1.478463,30,203,130,8,0.14604117,0.04201944,0.00608590,0E-8,0.000000,0.914292,0.640282,0.04207877,2026-03-23,2026-08-04,69,1947,1162,135,0.511111,1.014849,1.012680,0.486804,,,,,,,,GLOBAL_BASELINE_NO_ENTITY_RANKING,,,NOT_APPLICABLE_GLOBAL_BASELINE,HF9g-P5,,,,X 全窗基线 · 不参与实体赏罚,15051138,1506,A168_HF9F_20260827_0900,2026-08-27 09:00:00
2026-07-13,74657362,2088,0,33.2723340542,-33.2723340542,-33.2723340542,0E-7,1,1,0.49324550000000000,0.493245500000,-0.9865810262130424,-0.9865810262130424,-0.9865810262130424,0E-17,ELIGIBLE,R03b_20260811_FULL_v1,L1_ELIGIBILITY,v2026-08-11,2026-03-21..2026-08-06,baccarat_bet02_101_all_pairs_incl_sentinel,round_win = game_pnl > 0 (decisive only),COMPATIBILITY_ONLY_NOT_PRODUCTION,234885.8996,214754.2105,9869.7735,3689,3015,-0.04201944,-0.00608590,-0.04816467,-0.04201944,-9869.7735,234885.8996,OK,0.0000,394.7909,4.0000,96.0000,AG03-UNRESOLVED,ALL5_LEVELS_bet23_to_bet27,394.7909,394.7909,394.7909,394.7909,394.7909,4.000000,4.000000,4.000000,4.000000,4.000000,96.000000,96.000000,96.000000,96.000000,96.000000,5.0,1973.9547,1822.2297,7895.8188,8047.5438,PENDING_AG03,FALSE,NOT_FOR_ENFORCEMENT,9474.9825,206164.0421,9869.7735,9474.9825,394.7909,0.04201944,0.04033866,394.7909,9474.9825,0.04033866,394.7909,394.7909,394.7909,394.7909,394.7909,9474.9825,0.04033866,1973.9547,1822.2297,7895.8188,8047.5438,0.03361555,0.0342615,0.00168078,63.6720,71.2286,3.2736,143.0402,5.0692,3404.1435,43.6957,64.4793,63.5359,42.5677,43.0663,85.2079,124.7713,127.8119,154.8004,42.604,-41.336,2.967791,3.594466,1.478463,30,203,130,8,0.14604117,0.04201944,0.00608590,0E-8,0.000000,0.914292,0.640282,0.04207877,2026-03-23,2026-08-04,69,1947,1162,135,0.511111,1.014849,1.012680,0.486804,,,,,,,,GLOBAL_BASELINE_NO_ENTITY_RANKING,,,NOT_APPLICABLE_GLOBAL_BASELINE,HF9g-P5,,,,X 全窗基线 · 不参与实体赏罚,15051139,1506,A168_HF9F_20260827_0900,2026-08-27 09:00:00
2026-07-13,74657362,2106,0,166.3616702712,83.1808351356,83.1808351356,1.0000000,2,1,0.39337837500000000,0.280106050000,1.2418058546638626,1.6031457840727341,1.2418058546638626,0.11327232500000000,ELIGIBLE,R03b_20260811_FULL_v1,L1_ELIGIBILITY,v2026-08-11,2026-03-21..2026-08-06,baccarat_bet02_101_all_pairs_incl_sentinel,round_win = game_pnl > 0 (decisive only),COMPATIBILITY_ONLY_NOT_PRODUCTION,234885.8996,214754.2105,9869.7735,3689,3015,-0.04201944,-0.00608590,-0.04816467,-0.04201944,-9869.7735,234885.8996,OK,0.0000,394.7909,4.0000,96.0000,AG03-UNRESOLVED,ALL5_LEVELS_bet23_to_bet27,394.7909,394.7909,394.7909,394.7909,394.7909,4.000000,4.000000,4.000000,4.000000,4.000000,96.000000,96.000000,96.000000,96.000000,96.000000,5.0,1973.9547,1822.2297,7895.8188,8047.5438,PENDING_AG03,FALSE,NOT_FOR_ENFORCEMENT,9474.9825,206164.0421,9869.7735,9474.9825,394.7909,0.04201944,0.04033866,394.7909,9474.9825,0.04033866,394.7909,394.7909,394.7909,394.7909,394.7909,9474.9825,0.04033866,1973.9547,1822.2297,7895.8188,8047.5438,0.03361555,0.0342615,0.00168078,63.6720,71.2286,3.2736,143.0402,5.0692,3404.1435,43.6957,64.4793,63.5359,42.5677,43.0663,85.2079,124.7713,127.8119,154.8004,42.604,-41.336,2.967791,3.594466,1.478463,30,203,130,8,0.14604117,0.04201944,0.00608590,0E-8,0.000000,0.914292,0.640282,0.04207877,2026-03-23,2026-08-04,69,1947,1162,135,0.511111,1.014849,1.012680,0.486804,,,,,,,,GLOBAL_BASELINE_NO_ENTITY_RANKING,,,NOT_APPLICABLE_GLOBAL_BASELINE,HF9g-P5,,,,X 全窗基线 · 不参与实体赏罚,15051140,1506,A168_HF9F_20260827_0900,2026-08-27 09:00:00
2026-07-13,74657362,2142,0,41.5904175678,-41.5904175678,-41.5904175678,0E-7,1,1,0.49324550000000000,0.493245500000,-0.9865810262130424,-0.9865810262130424,-0.9865810262130424,0E-17,ELIGIBLE,R03b_20260811_FULL_v1,L1_ELIGIBILITY,v2026-08-11,2026-03-21..2026-08-06,baccarat_bet02_101_all_pairs_incl_sentinel,round_win = game_pnl > 0 (decisive only),COMPATIBILITY_ONLY_NOT_PRODUCTION,234885.8996,214754.2105,9869.7735,3689,3015,-0.04201944,-0.00608590,-0.04816467,-0.04201944,-9869.7735,234885.8996,OK,0.0000,394.7909,4.0000,96.0000,AG03-UNRESOLVED,ALL5_LEVELS_bet23_to_bet27,394.7909,394.7909,394.7909,394.7909,394.7909,4.000000,4.000000,4.000000,4.000000,4.000000,96.000000,96.000000,96.000000,96.000000,96.000000,5.0,1973.9547,1822.2297,7895.8188,8047.5438,PENDING_AG03,FALSE,NOT_FOR_ENFORCEMENT,9474.9825,206164.0421,9869.7735,9474.9825,394.7909,0.04201944,0.04033866,394.7909,9474.9825,0.04033866,394.7909,394.7909,394.7909,394.7909,394.7909,9474.9825,0.04033866,1973.9547,1822.2297,7895.8188,8047.5438,0.03361555,0.0342615,0.00168078,63.6720,71.2286,3.2736,143.0402,5.0692,3404.1435,43.6957,64.4793,63.5359,42.5677,43.0663,85.2079,124.7713,127.8119,154.8004,42.604,-41.336,2.967791,3.594466,1.478463,30,203,130,8,0.14604117,0.04201944,0.00608590,0E-8,0.000000,0.914292,0.640282,0.04207877,2026-03-23,2026-08-04,69,1947,1162,135,0.511111,1.014849,1.012680,0.486804,,,,,,,,GLOBAL_BASELINE_NO_ENTITY_RANKING,,,NOT_APPLICABLE_GLOBAL_BASELINE,HF9g-P5,,,,X 全窗基线 · 不参与实体赏罚,15051141,1506,A168_HF9F_20260827_0900,2026-08-27 09:00:00
2026-07-13,74657362,2156,0,166.3616702712,-166.3616702712,-166.3616702712,0E-7,2,2,0.49324550000000000,0.493245500000,-1.3952362676504506,-1.3952362676504506,-1.3952362676504506,0E-17,ELIGIBLE,R03b_20260811_FULL_v1,L1_ELIGIBILITY,v2026-08-11,2026-03-21..2026-08-06,baccarat_bet02_101_all_pairs_incl_sentinel,round_win = game_pnl > 0 (decisive only),COMPATIBILITY_ONLY_NOT_PRODUCTION,234885.8996,214754.2105,9869.7735,3689,3015,-0.04201944,-0.00608590,-0.04816467,-0.04201944,-9869.7735,234885.8996,OK,0.0000,394.7909,4.0000,96.0000,AG03-UNRESOLVED,ALL5_LEVELS_bet23_to_bet27,394.7909,394.7909,394.7909,394.7909,394.7909,4.000000,4.000000,4.000000,4.000000,4.000000,96.000000,96.000000,96.000000,96.000000,96.000000,5.0,1973.9547,1822.2297,7895.8188,8047.5438,PENDING_AG03,FALSE,NOT_FOR_ENFORCEMENT,9474.9825,206164.0421,9869.7735,9474.9825,394.7909,0.04201944,0.04033866,394.7909,9474.9825,0.04033866,394.7909,394.7909,394.7909,394.7909,394.7909,9474.9825,0.04033866,1973.9547,1822.2297,7895.8188,8047.5438,0.03361555,0.0342615,0.00168078,63.6720,71.2286,3.2736,143.0402,5.0692,3404.1435,43.6957,64.4793,63.5359,42.5677,43.0663,85.2079,124.7713,127.8119,154.8004,42.604,-41.336,2.967791,3.594466,1.478463,30,203,130,8,0.14604117,0.04201944,0.00608590,0E-8,0.000000,0.914292,0.640282,0.04207877,2026-03-23,2026-08-04,69,1947,1162,135,0.511111,1.014849,1.012680,0.486804,,,,,,,,GLOBAL_BASELINE_NO_ENTITY_RANKING,,,NOT_APPLICABLE_GLOBAL_BASELINE,HF9g-P5,,,,X 全窗基线 · 不参与实体赏罚,15051142,1506,A168_HF9F_20260827_0900,2026-08-27 09:00:00
2026-07-13,74657362,2188,0,83.1808351356,0E-10,0E-10,,1,1,0.49324550000000000,0.493245500000,,,,0E-17,NO_DECISIVE_ROUND,R03b_20260811_FULL_v1,L1_ELIGIBILITY,v2026-08-11,2026-03-21..2026-08-06,baccarat_bet02_101_all_pairs_incl_sentinel,round_win = game_pnl > 0 (decisive only),COMPATIBILITY_ONLY_NOT_PRODUCTION,234885.8996,214754.2105,9869.7735,3689,3015,-0.04201944,-0.00608590,-0.04816467,-0.04201944,-9869.7735,234885.8996,OK,0.0000,394.7909,4.0000,96.0000,AG03-UNRESOLVED,ALL5_LEVELS_bet23_to_bet27,394.7909,394.7909,394.7909,394.7909,394.7909,4.000000,4.000000,4.000000,4.000000,4.000000,96.000000,96.000000,96.000000,96.000000,96.000000,5.0,1973.9547,1822.2297,7895.8188,8047.5438,PENDING_AG03,FALSE,NOT_FOR_ENFORCEMENT,9474.9825,206164.0421,9869.7735,9474.9825,394.7909,0.04201944,0.04033866,394.7909,9474.9825,0.04033866,394.7909,394.7909,394.7909,394.7909,394.7909,9474.9825,0.04033866,1973.9547,1822.2297,7895.8188,8047.5438,0.03361555,0.0342615,0.00168078,63.6720,71.2286,3.2736,143.0402,5.0692,3404.1435,43.6957,64.4793,63.5359,42.5677,43.0663,85.2079,124.7713,127.8119,154.8004,42.604,-41.336,2.967791,3.594466,1.478463,30,203,130,8,0.14604117,0.04201944,0.00608590,0E-8,0.000000,0.914292,0.640282,0.04207877,2026-03-23,2026-08-04,69,1947,1162,135,0.511111,1.014849,1.012680,0.486804,,,,,,,,GLOBAL_BASELINE_NO_ENTITY_RANKING,,,NOT_APPLICABLE_GLOBAL_BASELINE,HF9g-P5,,,,X 全窗基线 · 不参与实体赏罚,15051143,1506,A168_HF9F_20260827_0900,2026-08-27 09:00:00
2026-07-13,74657362,2235,0,41.5904175678,41.5904175678,41.5904175678,1.0000000,1,1,0.49324550000000000,0.493245500000,1.01360149184955,1.01360149184955,1.01360149184955,0E-17,ELIGIBLE,R03b_20260811_FULL_v1,L1_ELIGIBILITY,v2026-08-11,2026-03-21..2026-08-06,baccarat_bet02_101_all_pairs_incl_sentinel,round_win = game_pnl > 0 (decisive only),COMPATIBILITY_ONLY_NOT_PRODUCTION,234885.8996,214754.2105,9869.7735,3689,3015,-0.04201944,-0.00608590,-0.04816467,-0.04201944,-9869.7735,234885.8996,OK,0.0000,394.7909,4.0000,96.0000,AG03-UNRESOLVED,ALL5_LEVELS_bet23_to_bet27,394.7909,394.7909,394.7909,394.7909,394.7909,4.000000,4.000000,4.000000,4.000000,4.000000,96.000000,96.000000,96.000000,96.000000,96.000000,5.0,1973.9547,1822.2297,7895.8188,8047.5438,PENDING_AG03,FALSE,NOT_FOR_ENFORCEMENT,9474.9825,206164.0421,9869.7735,9474.9825,394.7909,0.04201944,0.04033866,394.7909,9474.9825,0.04033866,394.7909,394.7909,394.7909,394.7909,394.7909,9474.9825,0.04033866,1973.9547,1822.2297,7895.8188,8047.5438,0.03361555,0.0342615,0.00168078,63.6720,71.2286,3.2736,143.0402,5.0692,3404.1435,43.6957,64.4793,63.5359,42.5677,43.0663,85.2079,124.7713,127.8119,154.8004,42.604,-41.336,2.967791,3.594466,1.478463,30,203,130,8,0.14604117,0.04201944,0.00608590,0E-8,0.000000,0.914292,0.640282,0.04207877,2026-03-23,2026-08-04,69,1947,1162,135,0.511111,1.014849,1.012680,0.486804,,,,,,,,GLOBAL_BASELINE_NO_ENTITY_RANKING,,,NOT_APPLICABLE_GLOBAL_BASELINE,HF9g-P5,,,,X 全窗基线 · 不参与实体赏罚,15051144,1506,A168_HF9F_20260827_0900,2026-08-27 09:00:00
2026-07-13,74657362,2239,0,83.1808351356,83.1808351356,83.1808351356,1.0000000,1,1,0.49324550000000000,0.493245500000,1.01360149184955,1.01360149184955,1.01360149184955,0E-17,ELIGIBLE,R03b_20260811_FULL_v1,L1_ELIGIBILITY,v2026-08-11,2026-03-21..2026-08-06,baccarat_bet02_101_all_pairs_incl_sentinel,round_win = game_pnl > 0 (decisive only),COMPATIBILITY_ONLY_NOT_PRODUCTION,234885.8996,214754.2105,9869.7735,3689,3015,-0.04201944,-0.00608590,-0.04816467,-0.04201944,-9869.7735,234885.8996,OK,0.0000,394.7909,4.0000,96.0000,AG03-UNRESOLVED,ALL5_LEVELS_bet23_to_bet27,394.7909,394.7909,394.7909,394.7909,394.7909,4.000000,4.000000,4.000000,4.000000,4.000000,96.000000,96.000000,96.000000,96.000000,96.000000,5.0,1973.9547,1822.2297,7895.8188,8047.5438,PENDING_AG03,FALSE,NOT_FOR_ENFORCEMENT,9474.9825,206164.0421,9869.7735,9474.9825,394.7909,0.04201944,0.04033866,394.7909,9474.9825,0.04033866,394.7909,394.7909,394.7909,394.7909,394.7909,9474.9825,0.04033866,1973.9547,1822.2297,7895.8188,8047.5438,0.03361555,0.0342615,0.00168078,63.6720,71.2286,3.2736,143.0402,5.0692,3404.1435,43.6957,64.4793,63.5359,42.5677,43.0663,85.2079,124.7713,127.8119,154.8004,42.604,-41.336,2.967791,3.594466,1.478463,30,203,130,8,0.14604117,0.04201944,0.00608590,0E-8,0.000000,0.914292,0.640282,0.04207877,2026-03-23,2026-08-04,69,1947,1162,135,0.511111,1.014849,1.012680,0.486804,,,,,,,,GLOBAL_BASELINE_NO_ENTITY_RANKING,,,NOT_APPLICABLE_GLOBAL_BASELINE,HF9g-P5,,,,X 全窗基线 · 不参与实体赏罚,15051145,1506,A168_HF9F_20260827_0900,2026-08-27 09:00:00
2026-07-13,74657362,2246,0,83.1808351356,83.1808351356,83.1808351356,1.0000000,1,1,0.49324550000000000,0.493245500000,1.01360149184955,1.01360149184955,1.01360149184955,0E-17,ELIGIBLE,R03b_20260811_FULL_v1,L1_ELIGIBILITY,v2026-08-11,2026-03-21..2026-08-06,baccarat_bet02_101_all_pairs_incl_sentinel,round_win = game_pnl > 0 (decisive only),COMPATIBILITY_ONLY_NOT_PRODUCTION,234885.8996,214754.2105,9869.7735,3689,3015,-0.04201944,-0.00608590,-0.04816467,-0.04201944,-9869.7735,234885.8996,OK,0.0000,394.7909,4.0000,96.0000,AG03-UNRESOLVED,ALL5_LEVELS_bet23_to_bet27,394.7909,394.7909,394.7909,394.7909,394.7909,4.000000,4.000000,4.000000,4.000000,4.000000,96.000000,96.000000,96.000000,96.000000,96.000000,5.0,1973.9547,1822.2297,7895.8188,8047.5438,PENDING_AG03,FALSE,NOT_FOR_ENFORCEMENT,9474.9825,206164.0421,9869.7735,9474.9825,394.7909,0.04201944,0.04033866,394.7909,9474.9825,0.04033866,394.7909,394.7909,394.7909,394.7909,394.7909,9474.9825,0.04033866,1973.9547,1822.2297,7895.8188,8047.5438,0.03361555,0.0342615,0.00168078,63.6720,71.2286,3.2736,143.0402,5.0692,3404.1435,43.6957,64.4793,63.5359,42.5677,43.0663,85.2079,124.7713,127.8119,154.8004,42.604,-41.336,2.967791,3.594466,1.478463,30,203,130,8,0.14604117,0.04201944,0.00608590,0E-8,0.000000,0.914292,0.640282,0.04207877,2026-03-23,2026-08-04,69,1947,1162,135,0.511111,1.014849,1.012680,0.486804,,,,,,,,GLOBAL_BASELINE_NO_ENTITY_RANKING,,,NOT_APPLICABLE_GLOBAL_BASELINE,HF9g-P5,,,,X 全窗基线 · 不参与实体赏罚,15051146,1506,A168_HF9F_20260827_0900,2026-08-27 09:00:00
2026-07-13,74657362,2252,0,83.1808351356,-83.1808351356,-83.1808351356,0E-7,1,1,0.49324550000000000,0.493245500000,-0.9865810262130424,-0.9865810262130424,-0.9865810262130424,0E-17,ELIGIBLE,R03b_20260811_FULL_v1,L1_ELIGIBILITY,v2026-08-11,2026-03-21..2026-08-06,baccarat_bet02_101_all_pairs_incl_sentinel,round_win = game_pnl > 0 (decisive only),COMPATIBILITY_ONLY_NOT_PRODUCTION,234885.8996,214754.2105,9869.7735,3689,3015,-0.04201944,-0.00608590,-0.04816467,-0.04201944,-9869.7735,234885.8996,OK,0.0000,394.7909,4.0000,96.0000,AG03-UNRESOLVED,ALL5_LEVELS_bet23_to_bet27,394.7909,394.7909,394.7909,394.7909,394.7909,4.000000,4.000000,4.000000,4.000000,4.000000,96.000000,96.000000,96.000000,96.000000,96.000000,5.0,1973.9547,1822.2297,7895.8188,8047.5438,PENDING_AG03,FALSE,NOT_FOR_ENFORCEMENT,9474.9825,206164.0421,9869.7735,9474.9825,394.7909,0.04201944,0.04033866,394.7909,9474.9825,0.04033866,394.7909,394.7909,394.7909,394.7909,394.7909,9474.9825,0.04033866,1973.9547,1822.2297,7895.8188,8047.5438,0.03361555,0.0342615,0.00168078,63.6720,71.2286,3.2736,143.0402,5.0692,3404.1435,43.6957,64.4793,63.5359,42.5677,43.0663,85.2079,124.7713,127.8119,154.8004,42.604,-41.336,2.967791,3.594466,1.478463,30,203,130,8,0.14604117,0.04201944,0.00608590,0E-8,0.000000,0.914292,0.640282,0.04207877,2026-03-23,2026-08-04,69,1947,1162,135,0.511111,1.014849,1.012680,0.486804,,,,,,,,GLOBAL_BASELINE_NO_ENTITY_RANKING,,,NOT_APPLICABLE_GLOBAL_BASELINE,HF9g-P5,,,,X 全窗基线 · 不参与实体赏罚,15051147,1506,A168_HF9F_20260827_0900,2026-08-27 09:00:00
2026-07-13,74657362,462,0,83.1808351356,-83.1808351356,-83.1808351356,0E-7,1,1,0.49324550000000000,0.493245500000,-0.9865810262130424,-0.9865810262130424,-0.9865810262130424,0E-17,ELIGIBLE,R03b_20260811_FULL_v1,L1_ELIGIBILITY,v2026-08-11,2026-03-21..2026-08-06,baccarat_bet02_101_all_pairs_incl_sentinel,round_win = game_pnl > 0 (decisive only),COMPATIBILITY_ONLY_NOT_PRODUCTION,234885.8996,214754.2105,9869.7735,3689,3015,-0.04201944,-0.00608590,-0.04816467,-0.04201944,-9869.7735,234885.8996,OK,0.0000,394.7909,4.0000,96.0000,AG03-UNRESOLVED,ALL5_LEVELS_bet23_to_bet27,394.7909,394.7909,394.7909,394.7909,394.7909,4.000000,4.000000,4.000000,4.000000,4.000000,96.000000,96.000000,96.000000,96.000000,96.000000,5.0,1973.9547,1822.2297,7895.8188,8047.5438,PENDING_AG03,FALSE,NOT_FOR_ENFORCEMENT,9474.9825,206164.0421,9869.7735,9474.9825,394.7909,0.04201944,0.04033866,394.7909,9474.9825,0.04033866,394.7909,394.7909,394.7909,394.7909,394.7909,9474.9825,0.04033866,1973.9547,1822.2297,7895.8188,8047.5438,0.03361555,0.0342615,0.00168078,63.6720,71.2286,3.2736,143.0402,5.0692,3404.1435,43.6957,64.4793,63.5359,42.5677,43.0663,85.2079,124.7713,127.8119,154.8004,42.604,-41.336,2.967791,3.594466,1.478463,30,203,130,8,0.14604117,0.04201944,0.00608590,0E-8,0.000000,0.914292,0.640282,0.04207877,2026-03-23,2026-08-04,69,1947,1162,135,0.511111,1.014849,1.012680,0.486804,,,,,,,,GLOBAL_BASELINE_NO_ENTITY_RANKING,,,NOT_APPLICABLE_GLOBAL_BASELINE,HF9g-P5,,,,X 全窗基线 · 不参与实体赏罚,15051148,1506,A168_HF9F_20260827_0900,2026-08-27 09:00:00
2026-07-13,74657362,772,0,83.1808351356,-83.1808351356,-83.1808351356,0E-7,2,2,0.50665070000000000,0.506650700000,-1.4331513700195317,-1.4331513700195317,-1.4331513700195317,0E-17,ELIGIBLE,R03b_20260811_FULL_v1,L1_ELIGIBILITY,v2026-08-11,2026-03-21..2026-08-06,baccarat_bet02_101_all_pairs_incl_sentinel,round_win = game_pnl > 0 (decisive only),COMPATIBILITY_ONLY_NOT_PRODUCTION,234885.8996,214754.2105,9869.7735,3689,3015,-0.04201944,-0.00608590,-0.04816467,-0.04201944,-9869.7735,234885.8996,OK,0.0000,394.7909,4.0000,96.0000,AG03-UNRESOLVED,ALL5_LEVELS_bet23_to_bet27,394.7909,394.7909,394.7909,394.7909,394.7909,4.000000,4.000000,4.000000,4.000000,4.000000,96.000000,96.000000,96.000000,96.000000,96.000000,5.0,1973.9547,1822.2297,7895.8188,8047.5438,PENDING_AG03,FALSE,NOT_FOR_ENFORCEMENT,9474.9825,206164.0421,9869.7735,9474.9825,394.7909,0.04201944,0.04033866,394.7909,9474.9825,0.04033866,394.7909,394.7909,394.7909,394.7909,394.7909,9474.9825,0.04033866,1973.9547,1822.2297,7895.8188,8047.5438,0.03361555,0.0342615,0.00168078,63.6720,71.2286,3.2736,143.0402,5.0692,3404.1435,43.6957,64.4793,63.5359,42.5677,43.0663,85.2079,124.7713,127.8119,154.8004,42.604,-41.336,2.967791,3.594466,1.478463,30,203,130,8,0.14604117,0.04201944,0.00608590,0E-8,0.000000,0.914292,0.640282,0.04207877,2026-03-23,2026-08-04,69,1947,1162,135,0.511111,1.014849,1.012680,0.486804,,,,,,,,GLOBAL_BASELINE_NO_ENTITY_RANKING,,,NOT_APPLICABLE_GLOBAL_BASELINE,HF9g-P5,,,,X 全窗基线 · 不参与实体赏罚,15051149,1506,A168_HF9F_20260827_0900,2026-08-27 09:00:00
2026-07-14,74657362,-1,1,332.7233405424,207.9520878390,207.9520878390,0.8333333,7,7,0.49516052857142857,0.495160528571,1.656779240065042,1.6567792400671557,1.656779240065042,4.2857E-13,SENTINEL_DEALER,R03b_20260811_FULL_v1,L1_ELIGIBILITY,v2026-08-11,2026-03-21..2026-08-06,baccarat_bet02_101_all_pairs_incl_sentinel,round_win = game_pnl > 0 (decisive only),COMPATIBILITY_ONLY_NOT_PRODUCTION,234885.8996,214754.2105,9869.7735,3689,3015,-0.04201944,-0.00608590,-0.04816467,-0.04201944,-9869.7735,234885.8996,OK,0.0000,394.7909,4.0000,96.0000,AG03-UNRESOLVED,ALL5_LEVELS_bet23_to_bet27,394.7909,394.7909,394.7909,394.7909,394.7909,4.000000,4.000000,4.000000,4.000000,4.000000,96.000000,96.000000,96.000000,96.000000,96.000000,5.0,1973.9547,1822.2297,7895.8188,8047.5438,PENDING_AG03,FALSE,NOT_FOR_ENFORCEMENT,9474.9825,206164.0421,9869.7735,9474.9825,394.7909,0.04201944,0.04033866,394.7909,9474.9825,0.04033866,394.7909,394.7909,394.7909,394.7909,394.7909,9474.9825,0.04033866,1973.9547,1822.2297,7895.8188,8047.5438,0.03361555,0.0342615,0.00168078,63.6720,71.2286,3.2736,143.0402,5.0692,3404.1435,43.6957,64.4793,63.5359,42.5677,43.0663,85.2079,124.7713,127.8119,154.8004,42.604,-41.336,2.967791,3.594466,1.478463,30,203,130,8,0.14604117,0.04201944,0.00608590,0E-8,0.000000,0.914292,0.640282,0.04207877,2026-03-23,2026-08-04,69,1947,1162,135,0.511111,1.014849,1.012680,0.486804,,,,,,,,GLOBAL_BASELINE_NO_ENTITY_RANKING,,,NOT_APPLICABLE_GLOBAL_BASELINE,HF9g-P5,,,,X 全窗基线 · 不参与实体赏罚,15051150,1506,A168_HF9F_20260827_0900,2026-08-27 09:00:00
2026-07-14,74657362,1353,0,83.1808351356,0E-10,0E-10,0.5000000,2,2,0.49324550000000000,0.493245500000,0.01910635448239258,0.01910635448239258,0.01910635448239258,0E-17,ELIGIBLE,R03b_20260811_FULL_v1,L1_ELIGIBILITY,v2026-08-11,2026-03-21..2026-08-06,baccarat_bet02_101_all_pairs_incl_sentinel,round_win = game_pnl > 0 (decisive only),COMPATIBILITY_ONLY_NOT_PRODUCTION,234885.8996,214754.2105,9869.7735,3689,3015,-0.04201944,-0.00608590,-0.04816467,-0.04201944,-9869.7735,234885.8996,OK,0.0000,394.7909,4.0000,96.0000,AG03-UNRESOLVED,ALL5_LEVELS_bet23_to_bet27,394.7909,394.7909,394.7909,394.7909,394.7909,4.000000,4.000000,4.000000,4.000000,4.000000,96.000000,96.000000,96.000000,96.000000,96.000000,5.0,1973.9547,1822.2297,7895.8188,8047.5438,PENDING_AG03,FALSE,NOT_FOR_ENFORCEMENT,9474.9825,206164.0421,9869.7735,9474.9825,394.7909,0.04201944,0.04033866,394.7909,9474.9825,0.04033866,394.7909,394.7909,394.7909,394.7909,394.7909,9474.9825,0.04033866,1973.9547,1822.2297,7895.8188,8047.5438,0.03361555,0.0342615,0.00168078,63.6720,71.2286,3.2736,143.0402,5.0692,3404.1435,43.6957,64.4793,63.5359,42.5677,43.0663,85.2079,124.7713,127.8119,154.8004,42.604,-41.336,2.967791,3.594466,1.478463,30,203,130,8,0.14604117,0.04201944,0.00608590,0E-8,0.000000,0.914292,0.640282,0.04207877,2026-03-23,2026-08-04,69,1947,1162,135,0.511111,1.014849,1.012680,0.486804,,,,,,,,GLOBAL_BASELINE_NO_ENTITY_RANKING,,,NOT_APPLICABLE_GLOBAL_BASELINE,HF9g-P5,,,,X 全窗基线 · 不参与实体赏罚,15051151,1506,A168_HF9F_20260827_0900,2026-08-27 09:00:00
2026-07-14,74657362,1400,0,166.3616702712,-166.3616702712,-166.3616702712,0E-7,2,1,0.39337837500000000,0.280106050000,-0.8052788575962098,-0.6237735893609975,-0.8052788575962098,0.11327232500000000,ELIGIBLE,R03b_20260811_FULL_v1,L1_ELIGIBILITY,v2026-08-11,2026-03-21..2026-08-06,baccarat_bet02_101_all_pairs_incl_sentinel,round_win = game_pnl > 0 (decisive only),COMPATIBILITY_ONLY_NOT_PRODUCTION,234885.8996,214754.2105,9869.7735,3689,3015,-0.04201944,-0.00608590,-0.04816467,-0.04201944,-9869.7735,234885.8996,OK,0.0000,394.7909,4.0000,96.0000,AG03-UNRESOLVED,ALL5_LEVELS_bet23_to_bet27,394.7909,394.7909,394.7909,394.7909,394.7909,4.000000,4.000000,4.000000,4.000000,4.000000,96.000000,96.000000,96.000000,96.000000,96.000000,5.0,1973.9547,1822.2297,7895.8188,8047.5438,PENDING_AG03,FALSE,NOT_FOR_ENFORCEMENT,9474.9825,206164.0421,9869.7735,9474.9825,394.7909,0.04201944,0.04033866,394.7909,9474.9825,0.04033866,394.7909,394.7909,394.7909,394.7909,394.7909,9474.9825,0.04033866,1973.9547,1822.2297,7895.8188,8047.5438,0.03361555,0.0342615,0.00168078,63.6720,71.2286,3.2736,143.0402,5.0692,3404.1435,43.6957,64.4793,63.5359,42.5677,43.0663,85.2079,124.7713,127.8119,154.8004,42.604,-41.336,2.967791,3.594466,1.478463,30,203,130,8,0.14604117,0.04201944,0.00608590,0E-8,0.000000,0.914292,0.640282,0.04207877,2026-03-23,2026-08-04,69,1947,1162,135,0.511111,1.014849,1.012680,0.486804,,,,,,,,GLOBAL_BASELINE_NO_ENTITY_RANKING,,,NOT_APPLICABLE_GLOBAL_BASELINE,HF9g-P5,,,,X 全窗基线 · 不参与实体赏罚,15051152,1506,A168_HF9F_20260827_0900,2026-08-27 09:00:00
2026-07-14,74657362,1710,0,83.1808351356,83.1808351356,83.1808351356,1.0000000,1,1,0.49324550000000000,0.493245500000,1.01360149184955,1.01360149184955,1.01360149184955,0E-17,ELIGIBLE,R03b_20260811_FULL_v1,L1_ELIGIBILITY,v2026-08-11,2026-03-21..2026-08-06,baccarat_bet02_101_all_pairs_incl_sentinel,round_win = game_pnl > 0 (decisive only),COMPATIBILITY_ONLY_NOT_PRODUCTION,234885.8996,214754.2105,9869.7735,3689,3015,-0.04201944,-0.00608590,-0.04816467,-0.04201944,-9869.7735,234885.8996,OK,0.0000,394.7909,4.0000,96.0000,AG03-UNRESOLVED,ALL5_LEVELS_bet23_to_bet27,394.7909,394.7909,394.7909,394.7909,394.7909,4.000000,4.000000,4.000000,4.000000,4.000000,96.000000,96.000000,96.000000,96.000000,96.000000,5.0,1973.9547,1822.2297,7895.8188,8047.5438,PENDING_AG03,FALSE,NOT_FOR_ENFORCEMENT,9474.9825,206164.0421,9869.7735,9474.9825,394.7909,0.04201944,0.04033866,394.7909,9474.9825,0.04033866,394.7909,394.7909,394.7909,394.7909,394.7909,9474.9825,0.04033866,1973.9547,1822.2297,7895.8188,8047.5438,0.03361555,0.0342615,0.00168078,63.6720,71.2286,3.2736,143.0402,5.0692,3404.1435,43.6957,64.4793,63.5359,42.5677,43.0663,85.2079,124.7713,127.8119,154.8004,42.604,-41.336,2.967791,3.594466,1.478463,30,203,130,8,0.14604117,0.04201944,0.00608590,0E-8,0.000000,0.914292,0.640282,0.04207877,2026-03-23,2026-08-04,69,1947,1162,135,0.511111,1.014849,1.012680,0.486804,,,,,,,,GLOBAL_BASELINE_NO_ENTITY_RANKING,,,NOT_APPLICABLE_GLOBAL_BASELINE,HF9g-P5,,,,X 全窗基线 · 不参与实体赏罚,15051153,1506,A168_HF9F_20260827_0900,2026-08-27 09:00:00
2026-07-14,74657362,1994,0,332.7233405424,-83.1808351356,-83.1808351356,0.5000000,4,2,0.39337837500000000,0.280106050000,0.3086711997975373,0.6925207201862208,0.3086711997975373,0.11327232500000000,ELIGIBLE,R03b_20260811_FULL_v1,L1_ELIGIBILITY,v2026-08-11,2026-03-21..2026-08-06,baccarat_bet02_101_all_pairs_incl_sentinel,round_win = game_pnl > 0 (decisive only),COMPATIBILITY_ONLY_NOT_PRODUCTION,234885.8996,214754.2105,9869.7735,3689,3015,-0.04201944,-0.00608590,-0.04816467,-0.04201944,-9869.7735,234885.8996,OK,0.0000,394.7909,4.0000,96.0000,AG03-UNRESOLVED,ALL5_LEVELS_bet23_to_bet27,394.7909,394.7909,394.7909,394.7909,394.7909,4.000000,4.000000,4.000000,4.000000,4.000000,96.000000,96.000000,96.000000,96.000000,96.000000,5.0,1973.9547,1822.2297,7895.8188,8047.5438,PENDING_AG03,FALSE,NOT_FOR_ENFORCEMENT,9474.9825,206164.0421,9869.7735,9474.9825,394.7909,0.04201944,0.04033866,394.7909,9474.9825,0.04033866,394.7909,394.7909,394.7909,394.7909,394.7909,9474.9825,0.04033866,1973.9547,1822.2297,7895.8188,8047.5438,0.03361555,0.0342615,0.00168078,63.6720,71.2286,3.2736,143.0402,5.0692,3404.1435,43.6957,64.4793,63.5359,42.5677,43.0663,85.2079,124.7713,127.8119,154.8004,42.604,-41.336,2.967791,3.594466,1.478463,30,203,130,8,0.14604117,0.04201944,0.00608590,0E-8,0.000000,0.914292,0.640282,0.04207877,2026-03-23,2026-08-04,69,1947,1162,135,0.511111,1.014849,1.012680,0.486804,,,,,,,,GLOBAL_BASELINE_NO_ENTITY_RANKING,,,NOT_APPLICABLE_GLOBAL_BASELINE,HF9g-P5,,,,X 全窗基线 · 不参与实体赏罚,15051154,1506,A168_HF9F_20260827_0900,2026-08-27 09:00:00
2026-07-14,74657362,2108,0,249.5425054068,166.3616702712,166.3616702712,0.8333333,6,6,0.49324550000000000,0.493245500000,1.666235363940442,1.6662353639404415,1.666235363940442,0E-17,ELIGIBLE,R03b_20260811_FULL_v1,L1_ELIGIBILITY,v2026-08-11,2026-03-21..2026-08-06,baccarat_bet02_101_all_pairs_incl_sentinel,round_win = game_pnl > 0 (decisive only),COMPATIBILITY_ONLY_NOT_PRODUCTION,234885.8996,214754.2105,9869.7735,3689,3015,-0.04201944,-0.00608590,-0.04816467,-0.04201944,-9869.7735,234885.8996,OK,0.0000,394.7909,4.0000,96.0000,AG03-UNRESOLVED,ALL5_LEVELS_bet23_to_bet27,394.7909,394.7909,394.7909,394.7909,394.7909,4.000000,4.000000,4.000000,4.000000,4.000000,96.000000,96.000000,96.000000,96.000000,96.000000,5.0,1973.9547,1822.2297,7895.8188,8047.5438,PENDING_AG03,FALSE,NOT_FOR_ENFORCEMENT,9474.9825,206164.0421,9869.7735,9474.9825,394.7909,0.04201944,0.04033866,394.7909,9474.9825,0.04033866,394.7909,394.7909,394.7909,394.7909,394.7909,9474.9825,0.04033866,1973.9547,1822.2297,7895.8188,8047.5438,0.03361555,0.0342615,0.00168078,63.6720,71.2286,3.2736,143.0402,5.0692,3404.1435,43.6957,64.4793,63.5359,42.5677,43.0663,85.2079,124.7713,127.8119,154.8004,42.604,-41.336,2.967791,3.594466,1.478463,30,203,130,8,0.14604117,0.04201944,0.00608590,0E-8,0.000000,0.914292,0.640282,0.04207877,2026-03-23,2026-08-04,69,1947,1162,135,0.511111,1.014849,1.012680,0.486804,,,,,,,,GLOBAL_BASELINE_NO_ENTITY_RANKING,,,NOT_APPLICABLE_GLOBAL_BASELINE,HF9g-P5,,,,X 全窗基线 · 不参与实体赏罚,15051155,1506,A168_HF9F_20260827_0900,2026-08-27 09:00:00
2026-07-14,74657362,2127,0,291.1329229746,-291.1329229746,-291.1329229746,0E-7,4,3,0.45995645833333333,0.422199016667,-1.5984704038984359,-1.480573929135518,-1.5984704038984359,0.03775744166633333,ELIGIBLE,R03b_20260811_FULL_v1,L1_ELIGIBILITY,v2026-08-11,2026-03-21..2026-08-06,baccarat_bet02_101_all_pairs_incl_sentinel,round_win = game_pnl > 0 (decisive only),COMPATIBILITY_ONLY_NOT_PRODUCTION,234885.8996,214754.2105,9869.7735,3689,3015,-0.04201944,-0.00608590,-0.04816467,-0.04201944,-9869.7735,234885.8996,OK,0.0000,394.7909,4.0000,96.0000,AG03-UNRESOLVED,ALL5_LEVELS_bet23_to_bet27,394.7909,394.7909,394.7909,394.7909,394.7909,4.000000,4.000000,4.000000,4.000000,4.000000,96.000000,96.000000,96.000000,96.000000,96.000000,5.0,1973.9547,1822.2297,7895.8188,8047.5438,PENDING_AG03,FALSE,NOT_FOR_ENFORCEMENT,9474.9825,206164.0421,9869.7735,9474.9825,394.7909,0.04201944,0.04033866,394.7909,9474.9825,0.04033866,394.7909,394.7909,394.7909,394.7909,394.7909,9474.9825,0.04033866,1973.9547,1822.2297,7895.8188,8047.5438,0.03361555,0.0342615,0.00168078,63.6720,71.2286,3.2736,143.0402,5.0692,3404.1435,43.6957,64.4793,63.5359,42.5677,43.0663,85.2079,124.7713,127.8119,154.8004,42.604,-41.336,2.967791,3.594466,1.478463,30,203,130,8,0.14604117,0.04201944,0.00608590,0E-8,0.000000,0.914292,0.640282,0.04207877,2026-03-23,2026-08-04,69,1947,1162,135,0.511111,1.014849,1.012680,0.486804,,,,,,,,GLOBAL_BASELINE_NO_ENTITY_RANKING,,,NOT_APPLICABLE_GLOBAL_BASELINE,HF9g-P5,,,,X 全窗基线 · 不参与实体赏罚,15051156,1506,A168_HF9F_20260827_0900,2026-08-27 09:00:00
2026-07-14,74657362,2171,0,41.5904175678,-41.5904175678,-41.5904175678,0E-7,1,1,0.50665070000000000,0.506650700000,-1.013391052207602,-1.013391052207602,-1.013391052207602,0E-17,ELIGIBLE,R03b_20260811_FULL_v1,L1_ELIGIBILITY,v2026-08-11,2026-03-21..2026-08-06,baccarat_bet02_101_all_pairs_incl_sentinel,round_win = game_pnl > 0 (decisive only),COMPATIBILITY_ONLY_NOT_PRODUCTION,234885.8996,214754.2105,9869.7735,3689,3015,-0.04201944,-0.00608590,-0.04816467,-0.04201944,-9869.7735,234885.8996,OK,0.0000,394.7909,4.0000,96.0000,AG03-UNRESOLVED,ALL5_LEVELS_bet23_to_bet27,394.7909,394.7909,394.7909,394.7909,394.7909,4.000000,4.000000,4.000000,4.000000,4.000000,96.000000,96.000000,96.000000,96.000000,96.000000,5.0,1973.9547,1822.2297,7895.8188,8047.5438,PENDING_AG03,FALSE,NOT_FOR_ENFORCEMENT,9474.9825,206164.0421,9869.7735,9474.9825,394.7909,0.04201944,0.04033866,394.7909,9474.9825,0.04033866,394.7909,394.7909,394.7909,394.7909,394.7909,9474.9825,0.04033866,1973.9547,1822.2297,7895.8188,8047.5438,0.03361555,0.0342615,0.00168078,63.6720,71.2286,3.2736,143.0402,5.0692,3404.1435,43.6957,64.4793,63.5359,42.5677,43.0663,85.2079,124.7713,127.8119,154.8004,42.604,-41.336,2.967791,3.594466,1.478463,30,203,130,8,0.14604117,0.04201944,0.00608590,0E-8,0.000000,0.914292,0.640282,0.04207877,2026-03-23,2026-08-04,69,1947,1162,135,0.511111,1.014849,1.012680,0.486804,,,,,,,,GLOBAL_BASELINE_NO_ENTITY_RANKING,,,NOT_APPLICABLE_GLOBAL_BASELINE,HF9g-P5,,,,X 全窗基线 · 不参与实体赏罚,15051157,1506,A168_HF9F_20260827_0900,2026-08-27 09:00:00
2026-07-14,74657362,2175,0,41.5904175678,-41.5904175678,-41.5904175678,0E-7,1,1,0.49324550000000000,0.493245500000,-0.9865810262130424,-0.9865810262130424,-0.9865810262130424,0E-17,ELIGIBLE,R03b_20260811_FULL_v1,L1_ELIGIBILITY,v2026-08-11,2026-03-21..2026-08-06,baccarat_bet02_101_all_pairs_incl_sentinel,round_win = game_pnl > 0 (decisive only),COMPATIBILITY_ONLY_NOT_PRODUCTION,234885.8996,214754.2105,9869.7735,3689,3015,-0.04201944,-0.00608590,-0.04816467,-0.04201944,-9869.7735,234885.8996,OK,0.0000,394.7909,4.0000,96.0000,AG03-UNRESOLVED,ALL5_LEVELS_bet23_to_bet27,394.7909,394.7909,394.7909,394.7909,394.7909,4.000000,4.000000,4.000000,4.000000,4.000000,96.000000,96.000000,96.000000,96.000000,96.000000,5.0,1973.9547,1822.2297,7895.8188,8047.5438,PENDING_AG03,FALSE,NOT_FOR_ENFORCEMENT,9474.9825,206164.0421,9869.7735,9474.9825,394.7909,0.04201944,0.04033866,394.7909,9474.9825,0.04033866,394.7909,394.7909,394.7909,394.7909,394.7909,9474.9825,0.04033866,1973.9547,1822.2297,7895.8188,8047.5438,0.03361555,0.0342615,0.00168078,63.6720,71.2286,3.2736,143.0402,5.0692,3404.1435,43.6957,64.4793,63.5359,42.5677,43.0663,85.2079,124.7713,127.8119,154.8004,42.604,-41.336,2.967791,3.594466,1.478463,30,203,130,8,0.14604117,0.04201944,0.00608590,0E-8,0.000000,0.914292,0.640282,0.04207877,2026-03-23,2026-08-04,69,1947,1162,135,0.511111,1.014849,1.012680,0.486804,,,,,,,,GLOBAL_BASELINE_NO_ENTITY_RANKING,,,NOT_APPLICABLE_GLOBAL_BASELINE,HF9g-P5,,,,X 全窗基线 · 不参与实体赏罚,15051158,1506,A168_HF9F_20260827_0900,2026-08-27 09:00:00
2026-07-14,74657362,2196,0,124.7712527034,124.7712527034,124.7712527034,1.0000000,2,2,0.49324550000000000,0.493245500000,1.4334489766152358,1.4334489766152358,1.4334489766152358,0E-17,ELIGIBLE,R03b_20260811_FULL_v1,L1_ELIGIBILITY,v2026-08-11,2026-03-21..2026-08-06,baccarat_bet02_101_all_pairs_incl_sentinel,round_win = game_pnl > 0 (decisive only),COMPATIBILITY_ONLY_NOT_PRODUCTION,234885.8996,214754.2105,9869.7735,3689,3015,-0.04201944,-0.00608590,-0.04816467,-0.04201944,-9869.7735,234885.8996,OK,0.0000,394.7909,4.0000,96.0000,AG03-UNRESOLVED,ALL5_LEVELS_bet23_to_bet27,394.7909,394.7909,394.7909,394.7909,394.7909,4.000000,4.000000,4.000000,4.000000,4.000000,96.000000,96.000000,96.000000,96.000000,96.000000,5.0,1973.9547,1822.2297,7895.8188,8047.5438,PENDING_AG03,FALSE,NOT_FOR_ENFORCEMENT,9474.9825,206164.0421,9869.7735,9474.9825,394.7909,0.04201944,0.04033866,394.7909,9474.9825,0.04033866,394.7909,394.7909,394.7909,394.7909,394.7909,9474.9825,0.04033866,1973.9547,1822.2297,7895.8188,8047.5438,0.03361555,0.0342615,0.00168078,63.6720,71.2286,3.2736,143.0402,5.0692,3404.1435,43.6957,64.4793,63.5359,42.5677,43.0663,85.2079,124.7713,127.8119,154.8004,42.604,-41.336,2.967791,3.594466,1.478463,30,203,130,8,0.14604117,0.04201944,0.00608590,0E-8,0.000000,0.914292,0.640282,0.04207877,2026-03-23,2026-08-04,69,1947,1162,135,0.511111,1.014849,1.012680,0.486804,,,,,,,,GLOBAL_BASELINE_NO_ENTITY_RANKING,,,NOT_APPLICABLE_GLOBAL_BASELINE,HF9g-P5,,,,X 全窗基线 · 不参与实体赏罚,15051159,1506,A168_HF9F_20260827_0900,2026-08-27 09:00:00
2026-07-14,74657362,2233,0,41.5904175678,-41.5904175678,-41.5904175678,0E-7,1,1,0.49324550000000000,0.493245500000,-0.9865810262130424,-0.9865810262130424,-0.9865810262130424,0E-17,ELIGIBLE,R03b_20260811_FULL_v1,L1_ELIGIBILITY,v2026-08-11,2026-03-21..2026-08-06,baccarat_bet02_101_all_pairs_incl_sentinel,round_win = game_pnl > 0 (decisive only),COMPATIBILITY_ONLY_NOT_PRODUCTION,234885.8996,214754.2105,9869.7735,3689,3015,-0.04201944,-0.00608590,-0.04816467,-0.04201944,-9869.7735,234885.8996,OK,0.0000,394.7909,4.0000,96.0000,AG03-UNRESOLVED,ALL5_LEVELS_bet23_to_bet27,394.7909,394.7909,394.7909,394.7909,394.7909,4.000000,4.000000,4.000000,4.000000,4.000000,96.000000,96.000000,96.000000,96.000000,96.000000,5.0,1973.9547,1822.2297,7895.8188,8047.5438,PENDING_AG03,FALSE,NOT_FOR_ENFORCEMENT,9474.9825,206164.0421,9869.7735,9474.9825,394.7909,0.04201944,0.04033866,394.7909,9474.9825,0.04033866,394.7909,394.7909,394.7909,394.7909,394.7909,9474.9825,0.04033866,1973.9547,1822.2297,7895.8188,8047.5438,0.03361555,0.0342615,0.00168078,63.6720,71.2286,3.2736,143.0402,5.0692,3404.1435,43.6957,64.4793,63.5359,42.5677,43.0663,85.2079,124.7713,127.8119,154.8004,42.604,-41.336,2.967791,3.594466,1.478463,30,203,130,8,0.14604117,0.04201944,0.00608590,0E-8,0.000000,0.914292,0.640282,0.04207877,2026-03-23,2026-08-04,69,1947,1162,135,0.511111,1.014849,1.012680,0.486804,,,,,,,,GLOBAL_BASELINE_NO_ENTITY_RANKING,,,NOT_APPLICABLE_GLOBAL_BASELINE,HF9g-P5,,,,X 全窗基线 · 不参与实体赏罚,15051160,1506,A168_HF9F_20260827_0900,2026-08-27 09:00:00
2026-07-14,74657362,2261,0,41.5904175678,41.5904175678,41.5904175678,1.0000000,1,1,0.49324550000000000,0.493245500000,1.01360149184955,1.01360149184955,1.01360149184955,0E-17,ELIGIBLE,R03b_20260811_FULL_v1,L1_ELIGIBILITY,v2026-08-11,2026-03-21..2026-08-06,baccarat_bet02_101_all_pairs_incl_sentinel,round_win = game_pnl > 0 (decisive only),COMPATIBILITY_ONLY_NOT_PRODUCTION,234885.8996,214754.2105,9869.7735,3689,3015,-0.04201944,-0.00608590,-0.04816467,-0.04201944,-9869.7735,234885.8996,OK,0.0000,394.7909,4.0000,96.0000,AG03-UNRESOLVED,ALL5_LEVELS_bet23_to_bet27,394.7909,394.7909,394.7909,394.7909,394.7909,4.000000,4.000000,4.000000,4.000000,4.000000,96.000000,96.000000,96.000000,96.000000,96.000000,5.0,1973.9547,1822.2297,7895.8188,8047.5438,PENDING_AG03,FALSE,NOT_FOR_ENFORCEMENT,9474.9825,206164.0421,9869.7735,9474.9825,394.7909,0.04201944,0.04033866,394.7909,9474.9825,0.04033866,394.7909,394.7909,394.7909,394.7909,394.7909,9474.9825,0.04033866,1973.9547,1822.2297,7895.8188,8047.5438,0.03361555,0.0342615,0.00168078,63.6720,71.2286,3.2736,143.0402,5.0692,3404.1435,43.6957,64.4793,63.5359,42.5677,43.0663,85.2079,124.7713,127.8119,154.8004,42.604,-41.336,2.967791,3.594466,1.478463,30,203,130,8,0.14604117,0.04201944,0.00608590,0E-8,0.000000,0.914292,0.640282,0.04207877,2026-03-23,2026-08-04,69,1947,1162,135,0.511111,1.014849,1.012680,0.486804,,,,,,,,GLOBAL_BASELINE_NO_ENTITY_RANKING,,,NOT_APPLICABLE_GLOBAL_BASELINE,HF9g-P5,,,,X 全窗基线 · 不参与实体赏罚,15051161,1506,A168_HF9F_20260827_0900,2026-08-27 09:00:00
2026-07-14,74657362,2281,0,41.5904175678,-41.5904175678,-41.5904175678,0E-7,1,1,0.49324550000000000,0.493245500000,-0.9865810262130424,-0.9865810262130424,-0.9865810262130424,0E-17,ELIGIBLE,R03b_20260811_FULL_v1,L1_ELIGIBILITY,v2026-08-11,2026-03-21..2026-08-06,baccarat_bet02_101_all_pairs_incl_sentinel,round_win = game_pnl > 0 (decisive only),COMPATIBILITY_ONLY_NOT_PRODUCTION,234885.8996,214754.2105,9869.7735,3689,3015,-0.04201944,-0.00608590,-0.04816467,-0.04201944,-9869.7735,234885.8996,OK,0.0000,394.7909,4.0000,96.0000,AG03-UNRESOLVED,ALL5_LEVELS_bet23_to_bet27,394.7909,394.7909,394.7909,394.7909,394.7909,4.000000,4.000000,4.000000,4.000000,4.000000,96.000000,96.000000,96.000000,96.000000,96.000000,5.0,1973.9547,1822.2297,7895.8188,8047.5438,PENDING_AG03,FALSE,NOT_FOR_ENFORCEMENT,9474.9825,206164.0421,9869.7735,9474.9825,394.7909,0.04201944,0.04033866,394.7909,9474.9825,0.04033866,394.7909,394.7909,394.7909,394.7909,394.7909,9474.9825,0.04033866,1973.9547,1822.2297,7895.8188,8047.5438,0.03361555,0.0342615,0.00168078,63.6720,71.2286,3.2736,143.0402,5.0692,3404.1435,43.6957,64.4793,63.5359,42.5677,43.0663,85.2079,124.7713,127.8119,154.8004,42.604,-41.336,2.967791,3.594466,1.478463,30,203,130,8,0.14604117,0.04201944,0.00608590,0E-8,0.000000,0.914292,0.640282,0.04207877,2026-03-23,2026-08-04,69,1947,1162,135,0.511111,1.014849,1.012680,0.486804,,,,,,,,GLOBAL_BASELINE_NO_ENTITY_RANKING,,,NOT_APPLICABLE_GLOBAL_BASELINE,HF9g-P5,,,,X 全窗基线 · 不参与实体赏罚,15051162,1506,A168_HF9F_20260827_0900,2026-08-27 09:00:00
2026-07-14,74657362,529,0,83.1808351356,83.1808351356,83.1808351356,1.0000000,1,1,0.49324550000000000,0.493245500000,1.01360149184955,1.01360149184955,1.01360149184955,0E-17,ELIGIBLE,R03b_20260811_FULL_v1,L1_ELIGIBILITY,v2026-08-11,2026-03-21..2026-08-06,baccarat_bet02_101_all_pairs_incl_sentinel,round_win = game_pnl > 0 (decisive only),COMPATIBILITY_ONLY_NOT_PRODUCTION,234885.8996,214754.2105,9869.7735,3689,3015,-0.04201944,-0.00608590,-0.04816467,-0.04201944,-9869.7735,234885.8996,OK,0.0000,394.7909,4.0000,96.0000,AG03-UNRESOLVED,ALL5_LEVELS_bet23_to_bet27,394.7909,394.7909,394.7909,394.7909,394.7909,4.000000,4.000000,4.000000,4.000000,4.000000,96.000000,96.000000,96.000000,96.000000,96.000000,5.0,1973.9547,1822.2297,7895.8188,8047.5438,PENDING_AG03,FALSE,NOT_FOR_ENFORCEMENT,9474.9825,206164.0421,9869.7735,9474.9825,394.7909,0.04201944,0.04033866,394.7909,9474.9825,0.04033866,394.7909,394.7909,394.7909,394.7909,394.7909,9474.9825,0.04033866,1973.9547,1822.2297,7895.8188,8047.5438,0.03361555,0.0342615,0.00168078,63.6720,71.2286,3.2736,143.0402,5.0692,3404.1435,43.6957,64.4793,63.5359,42.5677,43.0663,85.2079,124.7713,127.8119,154.8004,42.604,-41.336,2.967791,3.594466,1.478463,30,203,130,8,0.14604117,0.04201944,0.00608590,0E-8,0.000000,0.914292,0.640282,0.04207877,2026-03-23,2026-08-04,69,1947,1162,135,0.511111,1.014849,1.012680,0.486804,,,,,,,,GLOBAL_BASELINE_NO_ENTITY_RANKING,,,NOT_APPLICABLE_GLOBAL_BASELINE,HF9g-P5,,,,X 全窗基线 · 不参与实体赏罚,15051163,1506,A168_HF9F_20260827_0900,2026-08-27 09:00:00
2026-07-14,74657362,789,0,41.5904175678,-41.5904175678,-41.5904175678,0E-7,1,1,0.50665070000000000,0.506650700000,-1.013391052207602,-1.013391052207602,-1.013391052207602,0E-17,ELIGIBLE,R03b_20260811_FULL_v1,L1_ELIGIBILITY,v2026-08-11,2026-03-21..2026-08-06,baccarat_bet02_101_all_pairs_incl_sentinel,round_win = game_pnl > 0 (decisive only),COMPATIBILITY_ONLY_NOT_PRODUCTION,234885.8996,214754.2105,9869.7735,3689,3015,-0.04201944,-0.00608590,-0.04816467,-0.04201944,-9869.7735,234885.8996,OK,0.0000,394.7909,4.0000,96.0000,AG03-UNRESOLVED,ALL5_LEVELS_bet23_to_bet27,394.7909,394.7909,394.7909,394.7909,394.7909,4.000000,4.000000,4.000000,4.000000,4.000000,96.000000,96.000000,96.000000,96.000000,96.000000,5.0,1973.9547,1822.2297,7895.8188,8047.5438,PENDING_AG03,FALSE,NOT_FOR_ENFORCEMENT,9474.9825,206164.0421,9869.7735,9474.9825,394.7909,0.04201944,0.04033866,394.7909,9474.9825,0.04033866,394.7909,394.7909,394.7909,394.7909,394.7909,9474.9825,0.04033866,1973.9547,1822.2297,7895.8188,8047.5438,0.03361555,0.0342615,0.00168078,63.6720,71.2286,3.2736,143.0402,5.0692,3404.1435,43.6957,64.4793,63.5359,42.5677,43.0663,85.2079,124.7713,127.8119,154.8004,42.604,-41.336,2.967791,3.594466,1.478463,30,203,130,8,0.14604117,0.04201944,0.00608590,0E-8,0.000000,0.914292,0.640282,0.04207877,2026-03-23,2026-08-04,69,1947,1162,135,0.511111,1.014849,1.012680,0.486804,,,,,,,,GLOBAL_BASELINE_NO_ENTITY_RANKING,,,NOT_APPLICABLE_GLOBAL_BASELINE,HF9g-P5,,,,X 全窗基线 · 不参与实体赏罚,15051164,1506,A168_HF9F_20260827_0900,2026-08-27 09:00:00
2026-07-14,74657362,986,0,41.5904175678,41.5904175678,41.5904175678,1.0000000,1,1,0.49324550000000000,0.493245500000,1.01360149184955,1.01360149184955,1.01360149184955,0E-17,ELIGIBLE,R03b_20260811_FULL_v1,L1_ELIGIBILITY,v2026-08-11,2026-03-21..2026-08-06,baccarat_bet02_101_all_pairs_incl_sentinel,round_win = game_pnl > 0 (decisive only),COMPATIBILITY_ONLY_NOT_PRODUCTION,234885.8996,214754.2105,9869.7735,3689,3015,-0.04201944,-0.00608590,-0.04816467,-0.04201944,-9869.7735,234885.8996,OK,0.0000,394.7909,4.0000,96.0000,AG03-UNRESOLVED,ALL5_LEVELS_bet23_to_bet27,394.7909,394.7909,394.7909,394.7909,394.7909,4.000000,4.000000,4.000000,4.000000,4.000000,96.000000,96.000000,96.000000,96.000000,96.000000,5.0,1973.9547,1822.2297,7895.8188,8047.5438,PENDING_AG03,FALSE,NOT_FOR_ENFORCEMENT,9474.9825,206164.0421,9869.7735,9474.9825,394.7909,0.04201944,0.04033866,394.7909,9474.9825,0.04033866,394.7909,394.7909,394.7909,394.7909,394.7909,9474.9825,0.04033866,1973.9547,1822.2297,7895.8188,8047.5438,0.03361555,0.0342615,0.00168078,63.6720,71.2286,3.2736,143.0402,5.0692,3404.1435,43.6957,64.4793,63.5359,42.5677,43.0663,85.2079,124.7713,127.8119,154.8004,42.604,-41.336,2.967791,3.594466,1.478463,30,203,130,8,0.14604117,0.04201944,0.00608590,0E-8,0.000000,0.914292,0.640282,0.04207877,2026-03-23,2026-08-04,69,1947,1162,135,0.511111,1.014849,1.012680,0.486804,,,,,,,,GLOBAL_BASELINE_NO_ENTITY_RANKING,,,NOT_APPLICABLE_GLOBAL_BASELINE,HF9g-P5,,,,X 全窗基线 · 不参与实体赏罚,15051165,1506,A168_HF9F_20260827_0900,2026-08-27 09:00:00
2026-07-15,74657362,-1,1,2412.2442189324,457.4945932457,457.4945932457,0.5517241,40,33,0.46367906388888889,0.444228260606,0.9507863609556184,1.1650363768756438,0.9507863609556184,0.01945080328288889,SENTINEL_DEALER,R03b_20260811_FULL_v1,L1_ELIGIBILITY,v2026-08-11,2026-03-21..2026-08-06,baccarat_bet02_101_all_pairs_incl_sentinel,round_win = game_pnl > 0 (decisive only),COMPATIBILITY_ONLY_NOT_PRODUCTION,234885.8996,214754.2105,9869.7735,3689,3015,-0.04201944,-0.00608590,-0.04816467,-0.04201944,-9869.7735,234885.8996,OK,0.0000,394.7909,4.0000,96.0000,AG03-UNRESOLVED,ALL5_LEVELS_bet23_to_bet27,394.7909,394.7909,394.7909,394.7909,394.7909,4.000000,4.000000,4.000000,4.000000,4.000000,96.000000,96.000000,96.000000,96.000000,96.000000,5.0,1973.9547,1822.2297,7895.8188,8047.5438,PENDING_AG03,FALSE,NOT_FOR_ENFORCEMENT,9474.9825,206164.0421,9869.7735,9474.9825,394.7909,0.04201944,0.04033866,394.7909,9474.9825,0.04033866,394.7909,394.7909,394.7909,394.7909,394.7909,9474.9825,0.04033866,1973.9547,1822.2297,7895.8188,8047.5438,0.03361555,0.0342615,0.00168078,63.6720,71.2286,3.2736,143.0402,5.0692,3404.1435,43.6957,64.4793,63.5359,42.5677,43.0663,85.2079,124.7713,127.8119,154.8004,42.604,-41.336,2.967791,3.594466,1.478463,30,203,130,8,0.14604117,0.04201944,0.00608590,0E-8,0.000000,0.914292,0.640282,0.04207877,2026-03-23,2026-08-04,69,1947,1162,135,0.511111,1.014849,1.012680,0.486804,,,,,,,,GLOBAL_BASELINE_NO_ENTITY_RANKING,,,NOT_APPLICABLE_GLOBAL_BASELINE,HF9g-P5,,,,X 全窗基线 · 不参与实体赏罚,15051166,1506,A168_HF9F_20260827_0900,2026-08-27 09:00:00
2026-07-15,74657362,1094,0,83.1808351356,-83.1808351356,-83.1808351356,0E-7,1,1,0.50665070000000000,0.506650700000,-1.013391052207602,-1.013391052207602,-1.013391052207602,0E-17,ELIGIBLE,R03b_20260811_FULL_v1,L1_ELIGIBILITY,v2026-08-11,2026-03-21..2026-08-06,baccarat_bet02_101_all_pairs_incl_sentinel,round_win = game_pnl > 0 (decisive only),COMPATIBILITY_ONLY_NOT_PRODUCTION,234885.8996,214754.2105,9869.7735,3689,3015,-0.04201944,-0.00608590,-0.04816467,-0.04201944,-9869.7735,234885.8996,OK,0.0000,394.7909,4.0000,96.0000,AG03-UNRESOLVED,ALL5_LEVELS_bet23_to_bet27,394.7909,394.7909,394.7909,394.7909,394.7909,4.000000,4.000000,4.000000,4.000000,4.000000,96.000000,96.000000,96.000000,96.000000,96.000000,5.0,1973.9547,1822.2297,7895.8188,8047.5438,PENDING_AG03,FALSE,NOT_FOR_ENFORCEMENT,9474.9825,206164.0421,9869.7735,9474.9825,394.7909,0.04201944,0.04033866,394.7909,9474.9825,0.04033866,394.7909,394.7909,394.7909,394.7909,394.7909,9474.9825,0.04033866,1973.9547,1822.2297,7895.8188,8047.5438,0.03361555,0.0342615,0.00168078,63.6720,71.2286,3.2736,143.0402,5.0692,3404.1435,43.6957,64.4793,63.5359,42.5677,43.0663,85.2079,124.7713,127.8119,154.8004,42.604,-41.336,2.967791,3.594466,1.478463,30,203,130,8,0.14604117,0.04201944,0.00608590,0E-8,0.000000,0.914292,0.640282,0.04207877,2026-03-23,2026-08-04,69,1947,1162,135,0.511111,1.014849,1.012680,0.486804,,,,,,,,GLOBAL_BASELINE_NO_ENTITY_RANKING,,,NOT_APPLICABLE_GLOBAL_BASELINE,HF9g-P5,,,,X 全窗基线 · 不参与实体赏罚,15051167,1506,A168_HF9F_20260827_0900,2026-08-27 09:00:00
2026-07-15,74657362,1115,0,166.3616702712,166.3616702712,166.3616702712,1.0000000,2,2,0.49324550000000000,0.493245500000,1.4334489766152358,1.4334489766152358,1.4334489766152358,0E-17,ELIGIBLE,R03b_20260811_FULL_v1,L1_ELIGIBILITY,v2026-08-11,2026-03-21..2026-08-06,baccarat_bet02_101_all_pairs_incl_sentinel,round_win = game_pnl > 0 (decisive only),COMPATIBILITY_ONLY_NOT_PRODUCTION,234885.8996,214754.2105,9869.7735,3689,3015,-0.04201944,-0.00608590,-0.04816467,-0.04201944,-9869.7735,234885.8996,OK,0.0000,394.7909,4.0000,96.0000,AG03-UNRESOLVED,ALL5_LEVELS_bet23_to_bet27,394.7909,394.7909,394.7909,394.7909,394.7909,4.000000,4.000000,4.000000,4.000000,4.000000,96.000000,96.000000,96.000000,96.000000,96.000000,5.0,1973.9547,1822.2297,7895.8188,8047.5438,PENDING_AG03,FALSE,NOT_FOR_ENFORCEMENT,9474.9825,206164.0421,9869.7735,9474.9825,394.7909,0.04201944,0.04033866,394.7909,9474.9825,0.04033866,394.7909,394.7909,394.7909,394.7909,394.7909,9474.9825,0.04033866,1973.9547,1822.2297,7895.8188,8047.5438,0.03361555,0.0342615,0.00168078,63.6720,71.2286,3.2736,143.0402,5.0692,3404.1435,43.6957,64.4793,63.5359,42.5677,43.0663,85.2079,124.7713,127.8119,154.8004,42.604,-41.336,2.967791,3.594466,1.478463,30,203,130,8,0.14604117,0.04201944,0.00608590,0E-8,0.000000,0.914292,0.640282,0.04207877,2026-03-23,2026-08-04,69,1947,1162,135,0.511111,1.014849,1.012680,0.486804,,,,,,,,GLOBAL_BASELINE_NO_ENTITY_RANKING,,,NOT_APPLICABLE_GLOBAL_BASELINE,HF9g-P5,,,,X 全窗基线 · 不参与实体赏罚,15051168,1506,A168_HF9F_20260827_0900,2026-08-27 09:00:00
2026-07-15,74657362,1299,0,124.7712527034,41.5904175678,41.5904175678,0.6666667,3,3,0.49324550000000000,0.493245500000,0.6008033672792107,0.6008033672792106,0.6008033672792107,0E-17,ELIGIBLE,R03b_20260811_FULL_v1,L1_ELIGIBILITY,v2026-08-11,2026-03-21..2026-08-06,baccarat_bet02_101_all_pairs_incl_sentinel,round_win = game_pnl > 0 (decisive only),COMPATIBILITY_ONLY_NOT_PRODUCTION,234885.8996,214754.2105,9869.7735,3689,3015,-0.04201944,-0.00608590,-0.04816467,-0.04201944,-9869.7735,234885.8996,OK,0.0000,394.7909,4.0000,96.0000,AG03-UNRESOLVED,ALL5_LEVELS_bet23_to_bet27,394.7909,394.7909,394.7909,394.7909,394.7909,4.000000,4.000000,4.000000,4.000000,4.000000,96.000000,96.000000,96.000000,96.000000,96.000000,5.0,1973.9547,1822.2297,7895.8188,8047.5438,PENDING_AG03,FALSE,NOT_FOR_ENFORCEMENT,9474.9825,206164.0421,9869.7735,9474.9825,394.7909,0.04201944,0.04033866,394.7909,9474.9825,0.04033866,394.7909,394.7909,394.7909,394.7909,394.7909,9474.9825,0.04033866,1973.9547,1822.2297,7895.8188,8047.5438,0.03361555,0.0342615,0.00168078,63.6720,71.2286,3.2736,143.0402,5.0692,3404.1435,43.6957,64.4793,63.5359,42.5677,43.0663,85.2079,124.7713,127.8119,154.8004,42.604,-41.336,2.967791,3.594466,1.478463,30,203,130,8,0.14604117,0.04201944,0.00608590,0E-8,0.000000,0.914292,0.640282,0.04207877,2026-03-23,2026-08-04,69,1947,1162,135,0.511111,1.014849,1.012680,0.486804,,,,,,,,GLOBAL_BASELINE_NO_ENTITY_RANKING,,,NOT_APPLICABLE_GLOBAL_BASELINE,HF9g-P5,,,,X 全窗基线 · 不参与实体赏罚,15051169,1506,A168_HF9F_20260827_0900,2026-08-27 09:00:00
2026-07-15,74657362,1307,0,249.5425054068,0E-10,0E-10,0.5000000,6,6,0.49324550000000000,0.493245500000,0.03309317671092531,0.03309317671092531,0.03309317671092531,0E-17,ELIGIBLE,R03b_20260811_FULL_v1,L1_ELIGIBILITY,v2026-08-11,2026-03-21..2026-08-06,baccarat_bet02_101_all_pairs_incl_sentinel,round_win = game_pnl > 0 (decisive only),COMPATIBILITY_ONLY_NOT_PRODUCTION,234885.8996,214754.2105,9869.7735,3689,3015,-0.04201944,-0.00608590,-0.04816467,-0.04201944,-9869.7735,234885.8996,OK,0.0000,394.7909,4.0000,96.0000,AG03-UNRESOLVED,ALL5_LEVELS_bet23_to_bet27,394.7909,394.7909,394.7909,394.7909,394.7909,4.000000,4.000000,4.000000,4.000000,4.000000,96.000000,96.000000,96.000000,96.000000,96.000000,5.0,1973.9547,1822.2297,7895.8188,8047.5438,PENDING_AG03,FALSE,NOT_FOR_ENFORCEMENT,9474.9825,206164.0421,9869.7735,9474.9825,394.7909,0.04201944,0.04033866,394.7909,9474.9825,0.04033866,394.7909,394.7909,394.7909,394.7909,394.7909,9474.9825,0.04033866,1973.9547,1822.2297,7895.8188,8047.5438,0.03361555,0.0342615,0.00168078,63.6720,71.2286,3.2736,143.0402,5.0692,3404.1435,43.6957,64.4793,63.5359,42.5677,43.0663,85.2079,124.7713,127.8119,154.8004,42.604,-41.336,2.967791,3.594466,1.478463,30,203,130,8,0.14604117,0.04201944,0.00608590,0E-8,0.000000,0.914292,0.640282,0.04207877,2026-03-23,2026-08-04,69,1947,1162,135,0.511111,1.014849,1.012680,0.486804,,,,,,,,GLOBAL_BASELINE_NO_ENTITY_RANKING,,,NOT_APPLICABLE_GLOBAL_BASELINE,HF9g-P5,,,,X 全窗基线 · 不参与实体赏罚,15051170,1506,A168_HF9F_20260827_0900,2026-08-27 09:00:00
2026-07-15,74657362,1318,0,415.9041756780,1414.0741973050,1414.0741973050,1.0000000,5,3,0.43113581666666667,0.355620933333,1.989563802873716,2.3315121359141515,1.989563802873716,0.07551488333366667,ELIGIBLE,R03b_20260811_FULL_v1,L1_ELIGIBILITY,v2026-08-11,2026-03-21..2026-08-06,baccarat_bet02_101_all_pairs_incl_sentinel,round_win = game_pnl > 0 (decisive only),COMPATIBILITY_ONLY_NOT_PRODUCTION,234885.8996,214754.2105,9869.7735,3689,3015,-0.04201944,-0.00608590,-0.04816467,-0.04201944,-9869.7735,234885.8996,OK,0.0000,394.7909,4.0000,96.0000,AG03-UNRESOLVED,ALL5_LEVELS_bet23_to_bet27,394.7909,394.7909,394.7909,394.7909,394.7909,4.000000,4.000000,4.000000,4.000000,4.000000,96.000000,96.000000,96.000000,96.000000,96.000000,5.0,1973.9547,1822.2297,7895.8188,8047.5438,PENDING_AG03,FALSE,NOT_FOR_ENFORCEMENT,9474.9825,206164.0421,9869.7735,9474.9825,394.7909,0.04201944,0.04033866,394.7909,9474.9825,0.04033866,394.7909,394.7909,394.7909,394.7909,394.7909,9474.9825,0.04033866,1973.9547,1822.2297,7895.8188,8047.5438,0.03361555,0.0342615,0.00168078,63.6720,71.2286,3.2736,143.0402,5.0692,3404.1435,43.6957,64.4793,63.5359,42.5677,43.0663,85.2079,124.7713,127.8119,154.8004,42.604,-41.336,2.967791,3.594466,1.478463,30,203,130,8,0.14604117,0.04201944,0.00608590,0E-8,0.000000,0.914292,0.640282,0.04207877,2026-03-23,2026-08-04,69,1947,1162,135,0.511111,1.014849,1.012680,0.486804,,,,,,,,GLOBAL_BASELINE_NO_ENTITY_RANKING,,,NOT_APPLICABLE_GLOBAL_BASELINE,HF9g-P5,,,,X 全窗基线 · 不参与实体赏罚,15051171,1506,A168_HF9F_20260827_0900,2026-08-27 09:00:00
2026-07-15,74657362,1323,0,83.1808351356,83.1808351356,83.1808351356,1.0000000,1,1,0.49324550000000000,0.493245500000,1.01360149184955,1.01360149184955,1.01360149184955,0E-17,ELIGIBLE,R03b_20260811_FULL_v1,L1_ELIGIBILITY,v2026-08-11,2026-03-21..2026-08-06,baccarat_bet02_101_all_pairs_incl_sentinel,round_win = game_pnl > 0 (decisive only),COMPATIBILITY_ONLY_NOT_PRODUCTION,234885.8996,214754.2105,9869.7735,3689,3015,-0.04201944,-0.00608590,-0.04816467,-0.04201944,-9869.7735,234885.8996,OK,0.0000,394.7909,4.0000,96.0000,AG03-UNRESOLVED,ALL5_LEVELS_bet23_to_bet27,394.7909,394.7909,394.7909,394.7909,394.7909,4.000000,4.000000,4.000000,4.000000,4.000000,96.000000,96.000000,96.000000,96.000000,96.000000,5.0,1973.9547,1822.2297,7895.8188,8047.5438,PENDING_AG03,FALSE,NOT_FOR_ENFORCEMENT,9474.9825,206164.0421,9869.7735,9474.9825,394.7909,0.04201944,0.04033866,394.7909,9474.9825,0.04033866,394.7909,394.7909,394.7909,394.7909,394.7909,9474.9825,0.04033866,1973.9547,1822.2297,7895.8188,8047.5438,0.03361555,0.0342615,0.00168078,63.6720,71.2286,3.2736,143.0402,5.0692,3404.1435,43.6957,64.4793,63.5359,42.5677,43.0663,85.2079,124.7713,127.8119,154.8004,42.604,-41.336,2.967791,3.594466,1.478463,30,203,130,8,0.14604117,0.04201944,0.00608590,0E-8,0.000000,0.914292,0.640282,0.04207877,2026-03-23,2026-08-04,69,1947,1162,135,0.511111,1.014849,1.012680,0.486804,,,,,,,,GLOBAL_BASELINE_NO_ENTITY_RANKING,,,NOT_APPLICABLE_GLOBAL_BASELINE,HF9g-P5,,,,X 全窗基线 · 不参与实体赏罚,15051172,1506,A168_HF9F_20260827_0900,2026-08-27 09:00:00
2026-07-15,74657362,1325,0,207.9520878390,41.5904175678,41.5904175678,0.5000000,3,2,0.44331193750000000,0.386675775000,0.16137860029625145,0.3290934312765982,0.16137860029625145,0.05663616250000000,ELIGIBLE,R03b_20260811_FULL_v1,L1_ELIGIBILITY,v2026-08-11,2026-03-21..2026-08-06,baccarat_bet02_101_all_pairs_incl_sentinel,round_win = game_pnl > 0 (decisive only),COMPATIBILITY_ONLY_NOT_PRODUCTION,234885.8996,214754.2105,9869.7735,3689,3015,-0.04201944,-0.00608590,-0.04816467,-0.04201944,-9869.7735,234885.8996,OK,0.0000,394.7909,4.0000,96.0000,AG03-UNRESOLVED,ALL5_LEVELS_bet23_to_bet27,394.7909,394.7909,394.7909,394.7909,394.7909,4.000000,4.000000,4.000000,4.000000,4.000000,96.000000,96.000000,96.000000,96.000000,96.000000,5.0,1973.9547,1822.2297,7895.8188,8047.5438,PENDING_AG03,FALSE,NOT_FOR_ENFORCEMENT,9474.9825,206164.0421,9869.7735,9474.9825,394.7909,0.04201944,0.04033866,394.7909,9474.9825,0.04033866,394.7909,394.7909,394.7909,394.7909,394.7909,9474.9825,0.04033866,1973.9547,1822.2297,7895.8188,8047.5438,0.03361555,0.0342615,0.00168078,63.6720,71.2286,3.2736,143.0402,5.0692,3404.1435,43.6957,64.4793,63.5359,42.5677,43.0663,85.2079,124.7713,127.8119,154.8004,42.604,-41.336,2.967791,3.594466,1.478463,30,203,130,8,0.14604117,0.04201944,0.00608590,0E-8,0.000000,0.914292,0.640282,0.04207877,2026-03-23,2026-08-04,69,1947,1162,135,0.511111,1.014849,1.012680,0.486804,,,,,,,,GLOBAL_BASELINE_NO_ENTITY_RANKING,,,NOT_APPLICABLE_GLOBAL_BASELINE,HF9g-P5,,,,X 全窗基线 · 不参与实体赏罚,15051173,1506,A168_HF9F_20260827_0900,2026-08-27 09:00:00
2026-07-15,74657362,1331,0,249.5425054068,166.3616702712,166.3616702712,0.8333333,6,6,0.49547970000000000,0.495479700000,1.655205662211907,1.655205662211907,1.655205662211907,0E-17,ELIGIBLE,R03b_20260811_FULL_v1,L1_ELIGIBILITY,v2026-08-11,2026-03-21..2026-08-06,baccarat_bet02_101_all_pairs_incl_sentinel,round_win = game_pnl > 0 (decisive only),COMPATIBILITY_ONLY_NOT_PRODUCTION,234885.8996,214754.2105,9869.7735,3689,3015,-0.04201944,-0.00608590,-0.04816467,-0.04201944,-9869.7735,234885.8996,OK,0.0000,394.7909,4.0000,96.0000,AG03-UNRESOLVED,ALL5_LEVELS_bet23_to_bet27,394.7909,394.7909,394.7909,394.7909,394.7909,4.000000,4.000000,4.000000,4.000000,4.000000,96.000000,96.000000,96.000000,96.000000,96.000000,5.0,1973.9547,1822.2297,7895.8188,8047.5438,PENDING_AG03,FALSE,NOT_FOR_ENFORCEMENT,9474.9825,206164.0421,9869.7735,9474.9825,394.7909,0.04201944,0.04033866,394.7909,9474.9825,0.04033866,394.7909,394.7909,394.7909,394.7909,394.7909,9474.9825,0.04033866,1973.9547,1822.2297,7895.8188,8047.5438,0.03361555,0.0342615,0.00168078,63.6720,71.2286,3.2736,143.0402,5.0692,3404.1435,43.6957,64.4793,63.5359,42.5677,43.0663,85.2079,124.7713,127.8119,154.8004,42.604,-41.336,2.967791,3.594466,1.478463,30,203,130,8,0.14604117,0.04201944,0.00608590,0E-8,0.000000,0.914292,0.640282,0.04207877,2026-03-23,2026-08-04,69,1947,1162,135,0.511111,1.014849,1.012680,0.486804,,,,,,,,GLOBAL_BASELINE_NO_ENTITY_RANKING,,,NOT_APPLICABLE_GLOBAL_BASELINE,HF9g-P5,,,,X 全窗基线 · 不参与实体赏罚,15051174,1506,A168_HF9F_20260827_0900,2026-08-27 09:00:00
2026-07-15,74657362,1353,0,166.3616702712,83.1808351356,83.1808351356,1.0000000,2,1,0.39337837500000000,0.280106050000,1.2418058546638626,1.6031457840727341,1.2418058546638626,0.11327232500000000,ELIGIBLE,R03b_20260811_FULL_v1,L1_ELIGIBILITY,v2026-08-11,2026-03-21..2026-08-06,baccarat_bet02_101_all_pairs_incl_sentinel,round_win = game_pnl > 0 (decisive only),COMPATIBILITY_ONLY_NOT_PRODUCTION,234885.8996,214754.2105,9869.7735,3689,3015,-0.04201944,-0.00608590,-0.04816467,-0.04201944,-9869.7735,234885.8996,OK,0.0000,394.7909,4.0000,96.0000,AG03-UNRESOLVED,ALL5_LEVELS_bet23_to_bet27,394.7909,394.7909,394.7909,394.7909,394.7909,4.000000,4.000000,4.000000,4.000000,4.000000,96.000000,96.000000,96.000000,96.000000,96.000000,5.0,1973.9547,1822.2297,7895.8188,8047.5438,PENDING_AG03,FALSE,NOT_FOR_ENFORCEMENT,9474.9825,206164.0421,9869.7735,9474.9825,394.7909,0.04201944,0.04033866,394.7909,9474.9825,0.04033866,394.7909,394.7909,394.7909,394.7909,394.7909,9474.9825,0.04033866,1973.9547,1822.2297,7895.8188,8047.5438,0.03361555,0.0342615,0.00168078,63.6720,71.2286,3.2736,143.0402,5.0692,3404.1435,43.6957,64.4793,63.5359,42.5677,43.0663,85.2079,124.7713,127.8119,154.8004,42.604,-41.336,2.967791,3.594466,1.478463,30,203,130,8,0.14604117,0.04201944,0.00608590,0E-8,0.000000,0.914292,0.640282,0.04207877,2026-03-23,2026-08-04,69,1947,1162,135,0.511111,1.014849,1.012680,0.486804,,,,,,,,GLOBAL_BASELINE_NO_ENTITY_RANKING,,,NOT_APPLICABLE_GLOBAL_BASELINE,HF9g-P5,,,,X 全窗基线 · 不参与实体赏罚,15051175,1506,A168_HF9F_20260827_0900,2026-08-27 09:00:00
2026-07-15,74657362,1396,0,83.1808351356,83.1808351356,83.1808351356,1.0000000,2,2,0.49324550000000000,0.493245500000,1.4334489766152358,1.4334489766152358,1.4334489766152358,0E-17,ELIGIBLE,R03b_20260811_FULL_v1,L1_ELIGIBILITY,v2026-08-11,2026-03-21..2026-08-06,baccarat_bet02_101_all_pairs_incl_sentinel,round_win = game_pnl > 0 (decisive only),COMPATIBILITY_ONLY_NOT_PRODUCTION,234885.8996,214754.2105,9869.7735,3689,3015,-0.04201944,-0.00608590,-0.04816467,-0.04201944,-9869.7735,234885.8996,OK,0.0000,394.7909,4.0000,96.0000,AG03-UNRESOLVED,ALL5_LEVELS_bet23_to_bet27,394.7909,394.7909,394.7909,394.7909,394.7909,4.000000,4.000000,4.000000,4.000000,4.000000,96.000000,96.000000,96.000000,96.000000,96.000000,5.0,1973.9547,1822.2297,7895.8188,8047.5438,PENDING_AG03,FALSE,NOT_FOR_ENFORCEMENT,9474.9825,206164.0421,9869.7735,9474.9825,394.7909,0.04201944,0.04033866,394.7909,9474.9825,0.04033866,394.7909,394.7909,394.7909,394.7909,394.7909,9474.9825,0.04033866,1973.9547,1822.2297,7895.8188,8047.5438,0.03361555,0.0342615,0.00168078,63.6720,71.2286,3.2736,143.0402,5.0692,3404.1435,43.6957,64.4793,63.5359,42.5677,43.0663,85.2079,124.7713,127.8119,154.8004,42.604,-41.336,2.967791,3.594466,1.478463,30,203,130,8,0.14604117,0.04201944,0.00608590,0E-8,0.000000,0.914292,0.640282,0.04207877,2026-03-23,2026-08-04,69,1947,1162,135,0.511111,1.014849,1.012680,0.486804,,,,,,,,GLOBAL_BASELINE_NO_ENTITY_RANKING,,,NOT_APPLICABLE_GLOBAL_BASELINE,HF9g-P5,,,,X 全窗基线 · 不参与实体赏罚,15051176,1506,A168_HF9F_20260827_0900,2026-08-27 09:00:00
2026-07-15,74657362,1485,0,332.7233405424,-207.9520878390,-207.9520878390,0E-7,4,2,0.39337837500000000,0.280106050000,-1.138836281904872,-0.8821490699244685,-1.138836281904872,0.11327232500000000,ELIGIBLE,R03b_20260811_FULL_v1,L1_ELIGIBILITY,v2026-08-11,2026-03-21..2026-08-06,baccarat_bet02_101_all_pairs_incl_sentinel,round_win = game_pnl > 0 (decisive only),COMPATIBILITY_ONLY_NOT_PRODUCTION,234885.8996,214754.2105,9869.7735,3689,3015,-0.04201944,-0.00608590,-0.04816467,-0.04201944,-9869.7735,234885.8996,OK,0.0000,394.7909,4.0000,96.0000,AG03-UNRESOLVED,ALL5_LEVELS_bet23_to_bet27,394.7909,394.7909,394.7909,394.7909,394.7909,4.000000,4.000000,4.000000,4.000000,4.000000,96.000000,96.000000,96.000000,96.000000,96.000000,5.0,1973.9547,1822.2297,7895.8188,8047.5438,PENDING_AG03,FALSE,NOT_FOR_ENFORCEMENT,9474.9825,206164.0421,9869.7735,9474.9825,394.7909,0.04201944,0.04033866,394.7909,9474.9825,0.04033866,394.7909,394.7909,394.7909,394.7909,394.7909,9474.9825,0.04033866,1973.9547,1822.2297,7895.8188,8047.5438,0.03361555,0.0342615,0.00168078,63.6720,71.2286,3.2736,143.0402,5.0692,3404.1435,43.6957,64.4793,63.5359,42.5677,43.0663,85.2079,124.7713,127.8119,154.8004,42.604,-41.336,2.967791,3.594466,1.478463,30,203,130,8,0.14604117,0.04201944,0.00608590,0E-8,0.000000,0.914292,0.640282,0.04207877,2026-03-23,2026-08-04,69,1947,1162,135,0.511111,1.014849,1.012680,0.486804,,,,,,,,GLOBAL_BASELINE_NO_ENTITY_RANKING,,,NOT_APPLICABLE_GLOBAL_BASELINE,HF9g-P5,,,,X 全窗基线 · 不参与实体赏罚,15051177,1506,A168_HF9F_20260827_0900,2026-08-27 09:00:00
2026-07-15,74657362,1507,0,83.1808351356,-83.1808351356,-83.1808351356,0E-7,1,1,0.50665070000000000,0.506650700000,-1.013391052207602,-1.013391052207602,-1.013391052207602,0E-17,ELIGIBLE,R03b_20260811_FULL_v1,L1_ELIGIBILITY,v2026-08-11,2026-03-21..2026-08-06,baccarat_bet02_101_all_pairs_incl_sentinel,round_win = game_pnl > 0 (decisive only),COMPATIBILITY_ONLY_NOT_PRODUCTION,234885.8996,214754.2105,9869.7735,3689,3015,-0.04201944,-0.00608590,-0.04816467,-0.04201944,-9869.7735,234885.8996,OK,0.0000,394.7909,4.0000,96.0000,AG03-UNRESOLVED,ALL5_LEVELS_bet23_to_bet27,394.7909,394.7909,394.7909,394.7909,394.7909,4.000000,4.000000,4.000000,4.000000,4.000000,96.000000,96.000000,96.000000,96.000000,96.000000,5.0,1973.9547,1822.2297,7895.8188,8047.5438,PENDING_AG03,FALSE,NOT_FOR_ENFORCEMENT,9474.9825,206164.0421,9869.7735,9474.9825,394.7909,0.04201944,0.04033866,394.7909,9474.9825,0.04033866,394.7909,394.7909,394.7909,394.7909,394.7909,9474.9825,0.04033866,1973.9547,1822.2297,7895.8188,8047.5438,0.03361555,0.0342615,0.00168078,63.6720,71.2286,3.2736,143.0402,5.0692,3404.1435,43.6957,64.4793,63.5359,42.5677,43.0663,85.2079,124.7713,127.8119,154.8004,42.604,-41.336,2.967791,3.594466,1.478463,30,203,130,8,0.14604117,0.04201944,0.00608590,0E-8,0.000000,0.914292,0.640282,0.04207877,2026-03-23,2026-08-04,69,1947,1162,135,0.511111,1.014849,1.012680,0.486804,,,,,,,,GLOBAL_BASELINE_NO_ENTITY_RANKING,,,NOT_APPLICABLE_GLOBAL_BASELINE,HF9g-P5,,,,X 全窗基线 · 不参与实体赏罚,15051178,1506,A168_HF9F_20260827_0900,2026-08-27 09:00:00
2026-07-15,74657362,1509,0,124.7712527034,-124.7712527034,-124.7712527034,0E-7,2,1,0.35562093333333333,0.280106050000,-0.7428873223046834,-0.6237735893609975,-0.7428873223046834,0.07551488333333333,ELIGIBLE,R03b_20260811_FULL_v1,L1_ELIGIBILITY,v2026-08-11,2026-03-21..2026-08-06,baccarat_bet02_101_all_pairs_incl_sentinel,round_win = game_pnl > 0 (decisive only),COMPATIBILITY_ONLY_NOT_PRODUCTION,234885.8996,214754.2105,9869.7735,3689,3015,-0.04201944,-0.00608590,-0.04816467,-0.04201944,-9869.7735,234885.8996,OK,0.0000,394.7909,4.0000,96.0000,AG03-UNRESOLVED,ALL5_LEVELS_bet23_to_bet27,394.7909,394.7909,394.7909,394.7909,394.7909,4.000000,4.000000,4.000000,4.000000,4.000000,96.000000,96.000000,96.000000,96.000000,96.000000,5.0,1973.9547,1822.2297,7895.8188,8047.5438,PENDING_AG03,FALSE,NOT_FOR_ENFORCEMENT,9474.9825,206164.0421,9869.7735,9474.9825,394.7909,0.04201944,0.04033866,394.7909,9474.9825,0.04033866,394.7909,394.7909,394.7909,394.7909,394.7909,9474.9825,0.04033866,1973.9547,1822.2297,7895.8188,8047.5438,0.03361555,0.0342615,0.00168078,63.6720,71.2286,3.2736,143.0402,5.0692,3404.1435,43.6957,64.4793,63.5359,42.5677,43.0663,85.2079,124.7713,127.8119,154.8004,42.604,-41.336,2.967791,3.594466,1.478463,30,203,130,8,0.14604117,0.04201944,0.00608590,0E-8,0.000000,0.914292,0.640282,0.04207877,2026-03-23,2026-08-04,69,1947,1162,135,0.511111,1.014849,1.012680,0.486804,,,,,,,,GLOBAL_BASELINE_NO_ENTITY_RANKING,,,NOT_APPLICABLE_GLOBAL_BASELINE,HF9g-P5,,,,X 全窗基线 · 不参与实体赏罚,15051179,1506,A168_HF9F_20260827_0900,2026-08-27 09:00:00
2026-07-15,74657362,1704,0,124.7712527034,41.5904175678,41.5904175678,0.5000000,4,2,0.28466084000000332,0.285120116667,0.6748669326559484,0.673101082833412,0.6748669326559484,-0.00045927666699668,ELIGIBLE,R03b_20260811_FULL_v1,L1_ELIGIBILITY,v2026-08-11,2026-03-21..2026-08-06,baccarat_bet02_101_all_pairs_incl_sentinel,round_win = game_pnl > 0 (decisive only),COMPATIBILITY_ONLY_NOT_PRODUCTION,234885.8996,214754.2105,9869.7735,3689,3015,-0.04201944,-0.00608590,-0.04816467,-0.04201944,-9869.7735,234885.8996,OK,0.0000,394.7909,4.0000,96.0000,AG03-UNRESOLVED,ALL5_LEVELS_bet23_to_bet27,394.7909,394.7909,394.7909,394.7909,394.7909,4.000000,4.000000,4.000000,4.000000,4.000000,96.000000,96.000000,96.000000,96.000000,96.000000,5.0,1973.9547,1822.2297,7895.8188,8047.5438,PENDING_AG03,FALSE,NOT_FOR_ENFORCEMENT,9474.9825,206164.0421,9869.7735,9474.9825,394.7909,0.04201944,0.04033866,394.7909,9474.9825,0.04033866,394.7909,394.7909,394.7909,394.7909,394.7909,9474.9825,0.04033866,1973.9547,1822.2297,7895.8188,8047.5438,0.03361555,0.0342615,0.00168078,63.6720,71.2286,3.2736,143.0402,5.0692,3404.1435,43.6957,64.4793,63.5359,42.5677,43.0663,85.2079,124.7713,127.8119,154.8004,42.604,-41.336,2.967791,3.594466,1.478463,30,203,130,8,0.14604117,0.04201944,0.00608590,0E-8,0.000000,0.914292,0.640282,0.04207877,2026-03-23,2026-08-04,69,1947,1162,135,0.511111,1.014849,1.012680,0.486804,,,,,,,,GLOBAL_BASELINE_NO_ENTITY_RANKING,,,NOT_APPLICABLE_GLOBAL_BASELINE,HF9g-P5,,,,X 全窗基线 · 不参与实体赏罚,15051180,1506,A168_HF9F_20260827_0900,2026-08-27 09:00:00
2026-07-15,74657362,1750,0,83.1808351356,0E-10,0E-10,0.5000000,2,2,0.49324550000000000,0.493245500000,0.01910635448239258,0.01910635448239258,0.01910635448239258,0E-17,ELIGIBLE,R03b_20260811_FULL_v1,L1_ELIGIBILITY,v2026-08-11,2026-03-21..2026-08-06,baccarat_bet02_101_all_pairs_incl_sentinel,round_win = game_pnl > 0 (decisive only),COMPATIBILITY_ONLY_NOT_PRODUCTION,234885.8996,214754.2105,9869.7735,3689,3015,-0.04201944,-0.00608590,-0.04816467,-0.04201944,-9869.7735,234885.8996,OK,0.0000,394.7909,4.0000,96.0000,AG03-UNRESOLVED,ALL5_LEVELS_bet23_to_bet27,394.7909,394.7909,394.7909,394.7909,394.7909,4.000000,4.000000,4.000000,4.000000,4.000000,96.000000,96.000000,96.000000,96.000000,96.000000,5.0,1973.9547,1822.2297,7895.8188,8047.5438,PENDING_AG03,FALSE,NOT_FOR_ENFORCEMENT,9474.9825,206164.0421,9869.7735,9474.9825,394.7909,0.04201944,0.04033866,394.7909,9474.9825,0.04033866,394.7909,394.7909,394.7909,394.7909,394.7909,9474.9825,0.04033866,1973.9547,1822.2297,7895.8188,8047.5438,0.03361555,0.0342615,0.00168078,63.6720,71.2286,3.2736,143.0402,5.0692,3404.1435,43.6957,64.4793,63.5359,42.5677,43.0663,85.2079,124.7713,127.8119,154.8004,42.604,-41.336,2.967791,3.594466,1.478463,30,203,130,8,0.14604117,0.04201944,0.00608590,0E-8,0.000000,0.914292,0.640282,0.04207877,2026-03-23,2026-08-04,69,1947,1162,135,0.511111,1.014849,1.012680,0.486804,,,,,,,,GLOBAL_BASELINE_NO_ENTITY_RANKING,,,NOT_APPLICABLE_GLOBAL_BASELINE,HF9g-P5,,,,X 全窗基线 · 不参与实体赏罚,15051181,1506,A168_HF9F_20260827_0900,2026-08-27 09:00:00
2026-07-15,74657362,1966,0,41.5904175678,-41.5904175678,-41.5904175678,0E-7,1,1,0.49324550000000000,0.493245500000,-0.9865810262130424,-0.9865810262130424,-0.9865810262130424,0E-17,ELIGIBLE,R03b_20260811_FULL_v1,L1_ELIGIBILITY,v2026-08-11,2026-03-21..2026-08-06,baccarat_bet02_101_all_pairs_incl_sentinel,round_win = game_pnl > 0 (decisive only),COMPATIBILITY_ONLY_NOT_PRODUCTION,234885.8996,214754.2105,9869.7735,3689,3015,-0.04201944,-0.00608590,-0.04816467,-0.04201944,-9869.7735,234885.8996,OK,0.0000,394.7909,4.0000,96.0000,AG03-UNRESOLVED,ALL5_LEVELS_bet23_to_bet27,394.7909,394.7909,394.7909,394.7909,394.7909,4.000000,4.000000,4.000000,4.000000,4.000000,96.000000,96.000000,96.000000,96.000000,96.000000,5.0,1973.9547,1822.2297,7895.8188,8047.5438,PENDING_AG03,FALSE,NOT_FOR_ENFORCEMENT,9474.9825,206164.0421,9869.7735,9474.9825,394.7909,0.04201944,0.04033866,394.7909,9474.9825,0.04033866,394.7909,394.7909,394.7909,394.7909,394.7909,9474.9825,0.04033866,1973.9547,1822.2297,7895.8188,8047.5438,0.03361555,0.0342615,0.00168078,63.6720,71.2286,3.2736,143.0402,5.0692,3404.1435,43.6957,64.4793,63.5359,42.5677,43.0663,85.2079,124.7713,127.8119,154.8004,42.604,-41.336,2.967791,3.594466,1.478463,30,203,130,8,0.14604117,0.04201944,0.00608590,0E-8,0.000000,0.914292,0.640282,0.04207877,2026-03-23,2026-08-04,69,1947,1162,135,0.511111,1.014849,1.012680,0.486804,,,,,,,,GLOBAL_BASELINE_NO_ENTITY_RANKING,,,NOT_APPLICABLE_GLOBAL_BASELINE,HF9g-P5,,,,X 全窗基线 · 不参与实体赏罚,15051182,1506,A168_HF9F_20260827_0900,2026-08-27 09:00:00
2026-07-15,74657362,2106,0,291.1329229746,-83.1808351356,-83.1808351356,0E-7,4,2,0.37449965416666667,0.280106050000,-1.0942761436341792,-0.8821490699244685,-1.0942761436341792,0.09439360416666667,ELIGIBLE,R03b_20260811_FULL_v1,L1_ELIGIBILITY,v2026-08-11,2026-03-21..2026-08-06,baccarat_bet02_101_all_pairs_incl_sentinel,round_win = game_pnl > 0 (decisive only),COMPATIBILITY_ONLY_NOT_PRODUCTION,234885.8996,214754.2105,9869.7735,3689,3015,-0.04201944,-0.00608590,-0.04816467,-0.04201944,-9869.7735,234885.8996,OK,0.0000,394.7909,4.0000,96.0000,AG03-UNRESOLVED,ALL5_LEVELS_bet23_to_bet27,394.7909,394.7909,394.7909,394.7909,394.7909,4.000000,4.000000,4.000000,4.000000,4.000000,96.000000,96.000000,96.000000,96.000000,96.000000,5.0,1973.9547,1822.2297,7895.8188,8047.5438,PENDING_AG03,FALSE,NOT_FOR_ENFORCEMENT,9474.9825,206164.0421,9869.7735,9474.9825,394.7909,0.04201944,0.04033866,394.7909,9474.9825,0.04033866,394.7909,394.7909,394.7909,394.7909,394.7909,9474.9825,0.04033866,1973.9547,1822.2297,7895.8188,8047.5438,0.03361555,0.0342615,0.00168078,63.6720,71.2286,3.2736,143.0402,5.0692,3404.1435,43.6957,64.4793,63.5359,42.5677,43.0663,85.2079,124.7713,127.8119,154.8004,42.604,-41.336,2.967791,3.594466,1.478463,30,203,130,8,0.14604117,0.04201944,0.00608590,0E-8,0.000000,0.914292,0.640282,0.04207877,2026-03-23,2026-08-04,69,1947,1162,135,0.511111,1.014849,1.012680,0.486804,,,,,,,,GLOBAL_BASELINE_NO_ENTITY_RANKING,,,NOT_APPLICABLE_GLOBAL_BASELINE,HF9g-P5,,,,X 全窗基线 · 不参与实体赏罚,15051183,1506,A168_HF9F_20260827_0900,2026-08-27 09:00:00
2026-07-15,74657362,2108,0,41.5904175678,-41.5904175678,-41.5904175678,0E-7,1,1,0.49324550000000000,0.493245500000,-0.9865810262130424,-0.9865810262130424,-0.9865810262130424,0E-17,ELIGIBLE,R03b_20260811_FULL_v1,L1_ELIGIBILITY,v2026-08-11,2026-03-21..2026-08-06,baccarat_bet02_101_all_pairs_incl_sentinel,round_win = game_pnl > 0 (decisive only),COMPATIBILITY_ONLY_NOT_PRODUCTION,234885.8996,214754.2105,9869.7735,3689,3015,-0.04201944,-0.00608590,-0.04816467,-0.04201944,-9869.7735,234885.8996,OK,0.0000,394.7909,4.0000,96.0000,AG03-UNRESOLVED,ALL5_LEVELS_bet23_to_bet27,394.7909,394.7909,394.7909,394.7909,394.7909,4.000000,4.000000,4.000000,4.000000,4.000000,96.000000,96.000000,96.000000,96.000000,96.000000,5.0,1973.9547,1822.2297,7895.8188,8047.5438,PENDING_AG03,FALSE,NOT_FOR_ENFORCEMENT,9474.9825,206164.0421,9869.7735,9474.9825,394.7909,0.04201944,0.04033866,394.7909,9474.9825,0.04033866,394.7909,394.7909,394.7909,394.7909,394.7909,9474.9825,0.04033866,1973.9547,1822.2297,7895.8188,8047.5438,0.03361555,0.0342615,0.00168078,63.6720,71.2286,3.2736,143.0402,5.0692,3404.1435,43.6957,64.4793,63.5359,42.5677,43.0663,85.2079,124.7713,127.8119,154.8004,42.604,-41.336,2.967791,3.594466,1.478463,30,203,130,8,0.14604117,0.04201944,0.00608590,0E-8,0.000000,0.914292,0.640282,0.04207877,2026-03-23,2026-08-04,69,1947,1162,135,0.511111,1.014849,1.012680,0.486804,,,,,,,,GLOBAL_BASELINE_NO_ENTITY_RANKING,,,NOT_APPLICABLE_GLOBAL_BASELINE,HF9g-P5,,,,X 全窗基线 · 不参与实体赏罚,15051184,1506,A168_HF9F_20260827_0900,2026-08-27 09:00:00
2026-07-15,74657362,2127,0,166.3616702712,-41.5904175678,-41.5904175678,0E-7,2,1,0.39337837500000000,0.280106050000,-0.8052788575962098,-0.6237735893609975,-0.8052788575962098,0.11327232500000000,ELIGIBLE,R03b_20260811_FULL_v1,L1_ELIGIBILITY,v2026-08-11,2026-03-21..2026-08-06,baccarat_bet02_101_all_pairs_incl_sentinel,round_win = game_pnl > 0 (decisive only),COMPATIBILITY_ONLY_NOT_PRODUCTION,234885.8996,214754.2105,9869.7735,3689,3015,-0.04201944,-0.00608590,-0.04816467,-0.04201944,-9869.7735,234885.8996,OK,0.0000,394.7909,4.0000,96.0000,AG03-UNRESOLVED,ALL5_LEVELS_bet23_to_bet27,394.7909,394.7909,394.7909,394.7909,394.7909,4.000000,4.000000,4.000000,4.000000,4.000000,96.000000,96.000000,96.000000,96.000000,96.000000,5.0,1973.9547,1822.2297,7895.8188,8047.5438,PENDING_AG03,FALSE,NOT_FOR_ENFORCEMENT,9474.9825,206164.0421,9869.7735,9474.9825,394.7909,0.04201944,0.04033866,394.7909,9474.9825,0.04033866,394.7909,394.7909,394.7909,394.7909,394.7909,9474.9825,0.04033866,1973.9547,1822.2297,7895.8188,8047.5438,0.03361555,0.0342615,0.00168078,63.6720,71.2286,3.2736,143.0402,5.0692,3404.1435,43.6957,64.4793,63.5359,42.5677,43.0663,85.2079,124.7713,127.8119,154.8004,42.604,-41.336,2.967791,3.594466,1.478463,30,203,130,8,0.14604117,0.04201944,0.00608590,0E-8,0.000000,0.914292,0.640282,0.04207877,2026-03-23,2026-08-04,69,1947,1162,135,0.511111,1.014849,1.012680,0.486804,,,,,,,,GLOBAL_BASELINE_NO_ENTITY_RANKING,,,NOT_APPLICABLE_GLOBAL_BASELINE,HF9g-P5,,,,X 全窗基线 · 不参与实体赏罚,15051185,1506,A168_HF9F_20260827_0900,2026-08-27 09:00:00
2026-07-15,74657362,2147,0,41.5904175678,41.5904175678,41.5904175678,1.0000000,1,1,0.49324550000000000,0.493245500000,1.01360149184955,1.01360149184955,1.01360149184955,0E-17,ELIGIBLE,R03b_20260811_FULL_v1,L1_ELIGIBILITY,v2026-08-11,2026-03-21..2026-08-06,baccarat_bet02_101_all_pairs_incl_sentinel,round_win = game_pnl > 0 (decisive only),COMPATIBILITY_ONLY_NOT_PRODUCTION,234885.8996,214754.2105,9869.7735,3689,3015,-0.04201944,-0.00608590,-0.04816467,-0.04201944,-9869.7735,234885.8996,OK,0.0000,394.7909,4.0000,96.0000,AG03-UNRESOLVED,ALL5_LEVELS_bet23_to_bet27,394.7909,394.7909,394.7909,394.7909,394.7909,4.000000,4.000000,4.000000,4.000000,4.000000,96.000000,96.000000,96.000000,96.000000,96.000000,5.0,1973.9547,1822.2297,7895.8188,8047.5438,PENDING_AG03,FALSE,NOT_FOR_ENFORCEMENT,9474.9825,206164.0421,9869.7735,9474.9825,394.7909,0.04201944,0.04033866,394.7909,9474.9825,0.04033866,394.7909,394.7909,394.7909,394.7909,394.7909,9474.9825,0.04033866,1973.9547,1822.2297,7895.8188,8047.5438,0.03361555,0.0342615,0.00168078,63.6720,71.2286,3.2736,143.0402,5.0692,3404.1435,43.6957,64.4793,63.5359,42.5677,43.0663,85.2079,124.7713,127.8119,154.8004,42.604,-41.336,2.967791,3.594466,1.478463,30,203,130,8,0.14604117,0.04201944,0.00608590,0E-8,0.000000,0.914292,0.640282,0.04207877,2026-03-23,2026-08-04,69,1947,1162,135,0.511111,1.014849,1.012680,0.486804,,,,,,,,GLOBAL_BASELINE_NO_ENTITY_RANKING,,,NOT_APPLICABLE_GLOBAL_BASELINE,HF9g-P5,,,,X 全窗基线 · 不参与实体赏罚,15051186,1506,A168_HF9F_20260827_0900,2026-08-27 09:00:00
2026-07-15,74657362,2153,0,166.3616702712,-166.3616702712,-166.3616702712,0E-7,2,1,0.39337837500000000,0.280106050000,-0.8052788575962098,-0.6237735893609975,-0.8052788575962098,0.11327232500000000,ELIGIBLE,R03b_20260811_FULL_v1,L1_ELIGIBILITY,v2026-08-11,2026-03-21..2026-08-06,baccarat_bet02_101_all_pairs_incl_sentinel,round_win = game_pnl > 0 (decisive only),COMPATIBILITY_ONLY_NOT_PRODUCTION,234885.8996,214754.2105,9869.7735,3689,3015,-0.04201944,-0.00608590,-0.04816467,-0.04201944,-9869.7735,234885.8996,OK,0.0000,394.7909,4.0000,96.0000,AG03-UNRESOLVED,ALL5_LEVELS_bet23_to_bet27,394.7909,394.7909,394.7909,394.7909,394.7909,4.000000,4.000000,4.000000,4.000000,4.000000,96.000000,96.000000,96.000000,96.000000,96.000000,5.0,1973.9547,1822.2297,7895.8188,8047.5438,PENDING_AG03,FALSE,NOT_FOR_ENFORCEMENT,9474.9825,206164.0421,9869.7735,9474.9825,394.7909,0.04201944,0.04033866,394.7909,9474.9825,0.04033866,394.7909,394.7909,394.7909,394.7909,394.7909,9474.9825,0.04033866,1973.9547,1822.2297,7895.8188,8047.5438,0.03361555,0.0342615,0.00168078,63.6720,71.2286,3.2736,143.0402,5.0692,3404.1435,43.6957,64.4793,63.5359,42.5677,43.0663,85.2079,124.7713,127.8119,154.8004,42.604,-41.336,2.967791,3.594466,1.478463,30,203,130,8,0.14604117,0.04201944,0.00608590,0E-8,0.000000,0.914292,0.640282,0.04207877,2026-03-23,2026-08-04,69,1947,1162,135,0.511111,1.014849,1.012680,0.486804,,,,,,,,GLOBAL_BASELINE_NO_ENTITY_RANKING,,,NOT_APPLICABLE_GLOBAL_BASELINE,HF9g-P5,,,,X 全窗基线 · 不参与实体赏罚,15051187,1506,A168_HF9F_20260827_0900,2026-08-27 09:00:00
2026-07-15,74657362,2155,0,83.1808351356,-83.1808351356,-83.1808351356,0E-7,2,2,0.49324550000000000,0.493245500000,-1.3952362676504506,-1.3952362676504506,-1.3952362676504506,0E-17,ELIGIBLE,R03b_20260811_FULL_v1,L1_ELIGIBILITY,v2026-08-11,2026-03-21..2026-08-06,baccarat_bet02_101_all_pairs_incl_sentinel,round_win = game_pnl > 0 (decisive only),COMPATIBILITY_ONLY_NOT_PRODUCTION,234885.8996,214754.2105,9869.7735,3689,3015,-0.04201944,-0.00608590,-0.04816467,-0.04201944,-9869.7735,234885.8996,OK,0.0000,394.7909,4.0000,96.0000,AG03-UNRESOLVED,ALL5_LEVELS_bet23_to_bet27,394.7909,394.7909,394.7909,394.7909,394.7909,4.000000,4.000000,4.000000,4.000000,4.000000,96.000000,96.000000,96.000000,96.000000,96.000000,5.0,1973.9547,1822.2297,7895.8188,8047.5438,PENDING_AG03,FALSE,NOT_FOR_ENFORCEMENT,9474.9825,206164.0421,9869.7735,9474.9825,394.7909,0.04201944,0.04033866,394.7909,9474.9825,0.04033866,394.7909,394.7909,394.7909,394.7909,394.7909,9474.9825,0.04033866,1973.9547,1822.2297,7895.8188,8047.5438,0.03361555,0.0342615,0.00168078,63.6720,71.2286,3.2736,143.0402,5.0692,3404.1435,43.6957,64.4793,63.5359,42.5677,43.0663,85.2079,124.7713,127.8119,154.8004,42.604,-41.336,2.967791,3.594466,1.478463,30,203,130,8,0.14604117,0.04201944,0.00608590,0E-8,0.000000,0.914292,0.640282,0.04207877,2026-03-23,2026-08-04,69,1947,1162,135,0.511111,1.014849,1.012680,0.486804,,,,,,,,GLOBAL_BASELINE_NO_ENTITY_RANKING,,,NOT_APPLICABLE_GLOBAL_BASELINE,HF9g-P5,,,,X 全窗基线 · 不参与实体赏罚,15051188,1506,A168_HF9F_20260827_0900,2026-08-27 09:00:00
2026-07-15,74657362,2167,0,124.7712527034,-124.7712527034,-124.7712527034,0E-7,2,2,0.49324550000000000,0.493245500000,-1.3952362676504506,-1.3952362676504506,-1.3952362676504506,0E-17,ELIGIBLE,R03b_20260811_FULL_v1,L1_ELIGIBILITY,v2026-08-11,2026-03-21..2026-08-06,baccarat_bet02_101_all_pairs_incl_sentinel,round_win = game_pnl > 0 (decisive only),COMPATIBILITY_ONLY_NOT_PRODUCTION,234885.8996,214754.2105,9869.7735,3689,3015,-0.04201944,-0.00608590,-0.04816467,-0.04201944,-9869.7735,234885.8996,OK,0.0000,394.7909,4.0000,96.0000,AG03-UNRESOLVED,ALL5_LEVELS_bet23_to_bet27,394.7909,394.7909,394.7909,394.7909,394.7909,4.000000,4.000000,4.000000,4.000000,4.000000,96.000000,96.000000,96.000000,96.000000,96.000000,5.0,1973.9547,1822.2297,7895.8188,8047.5438,PENDING_AG03,FALSE,NOT_FOR_ENFORCEMENT,9474.9825,206164.0421,9869.7735,9474.9825,394.7909,0.04201944,0.04033866,394.7909,9474.9825,0.04033866,394.7909,394.7909,394.7909,394.7909,394.7909,9474.9825,0.04033866,1973.9547,1822.2297,7895.8188,8047.5438,0.03361555,0.0342615,0.00168078,63.6720,71.2286,3.2736,143.0402,5.0692,3404.1435,43.6957,64.4793,63.5359,42.5677,43.0663,85.2079,124.7713,127.8119,154.8004,42.604,-41.336,2.967791,3.594466,1.478463,30,203,130,8,0.14604117,0.04201944,0.00608590,0E-8,0.000000,0.914292,0.640282,0.04207877,2026-03-23,2026-08-04,69,1947,1162,135,0.511111,1.014849,1.012680,0.486804,,,,,,,,GLOBAL_BASELINE_NO_ENTITY_RANKING,,,NOT_APPLICABLE_GLOBAL_BASELINE,HF9g-P5,,,,X 全窗基线 · 不参与实体赏罚,15051189,1506,A168_HF9F_20260827_0900,2026-08-27 09:00:00
2026-07-15,74657362,2170,0,415.9041756780,-207.9520878390,-207.9520878390,0E-7,6,4,0.44666323750000000,0.390027075000,-1.2706043568411818,-1.130855453382982,-1.2706043568411818,0.05663616250000000,ELIGIBLE,R03b_20260811_FULL_v1,L1_ELIGIBILITY,v2026-08-11,2026-03-21..2026-08-06,baccarat_bet02_101_all_pairs_incl_sentinel,round_win = game_pnl > 0 (decisive only),COMPATIBILITY_ONLY_NOT_PRODUCTION,234885.8996,214754.2105,9869.7735,3689,3015,-0.04201944,-0.00608590,-0.04816467,-0.04201944,-9869.7735,234885.8996,OK,0.0000,394.7909,4.0000,96.0000,AG03-UNRESOLVED,ALL5_LEVELS_bet23_to_bet27,394.7909,394.7909,394.7909,394.7909,394.7909,4.000000,4.000000,4.000000,4.000000,4.000000,96.000000,96.000000,96.000000,96.000000,96.000000,5.0,1973.9547,1822.2297,7895.8188,8047.5438,PENDING_AG03,FALSE,NOT_FOR_ENFORCEMENT,9474.9825,206164.0421,9869.7735,9474.9825,394.7909,0.04201944,0.04033866,394.7909,9474.9825,0.04033866,394.7909,394.7909,394.7909,394.7909,394.7909,9474.9825,0.04033866,1973.9547,1822.2297,7895.8188,8047.5438,0.03361555,0.0342615,0.00168078,63.6720,71.2286,3.2736,143.0402,5.0692,3404.1435,43.6957,64.4793,63.5359,42.5677,43.0663,85.2079,124.7713,127.8119,154.8004,42.604,-41.336,2.967791,3.594466,1.478463,30,203,130,8,0.14604117,0.04201944,0.00608590,0E-8,0.000000,0.914292,0.640282,0.04207877,2026-03-23,2026-08-04,69,1947,1162,135,0.511111,1.014849,1.012680,0.486804,,,,,,,,GLOBAL_BASELINE_NO_ENTITY_RANKING,,,NOT_APPLICABLE_GLOBAL_BASELINE,HF9g-P5,,,,X 全窗基线 · 不参与实体赏罚,15051190,1506,A168_HF9F_20260827_0900,2026-08-27 09:00:00
2026-07-15,74657362,2171,0,166.3616702712,-166.3616702712,-166.3616702712,0E-7,2,1,0.39337837500000000,0.280106050000,-0.8052788575962098,-0.6237735893609975,-0.8052788575962098,0.11327232500000000,ELIGIBLE,R03b_20260811_FULL_v1,L1_ELIGIBILITY,v2026-08-11,2026-03-21..2026-08-06,baccarat_bet02_101_all_pairs_incl_sentinel,round_win = game_pnl > 0 (decisive only),COMPATIBILITY_ONLY_NOT_PRODUCTION,234885.8996,214754.2105,9869.7735,3689,3015,-0.04201944,-0.00608590,-0.04816467,-0.04201944,-9869.7735,234885.8996,OK,0.0000,394.7909,4.0000,96.0000,AG03-UNRESOLVED,ALL5_LEVELS_bet23_to_bet27,394.7909,394.7909,394.7909,394.7909,394.7909,4.000000,4.000000,4.000000,4.000000,4.000000,96.000000,96.000000,96.000000,96.000000,96.000000,5.0,1973.9547,1822.2297,7895.8188,8047.5438,PENDING_AG03,FALSE,NOT_FOR_ENFORCEMENT,9474.9825,206164.0421,9869.7735,9474.9825,394.7909,0.04201944,0.04033866,394.7909,9474.9825,0.04033866,394.7909,394.7909,394.7909,394.7909,394.7909,9474.9825,0.04033866,1973.9547,1822.2297,7895.8188,8047.5438,0.03361555,0.0342615,0.00168078,63.6720,71.2286,3.2736,143.0402,5.0692,3404.1435,43.6957,64.4793,63.5359,42.5677,43.0663,85.2079,124.7713,127.8119,154.8004,42.604,-41.336,2.967791,3.594466,1.478463,30,203,130,8,0.14604117,0.04201944,0.00608590,0E-8,0.000000,0.914292,0.640282,0.04207877,2026-03-23,2026-08-04,69,1947,1162,135,0.511111,1.014849,1.012680,0.486804,,,,,,,,GLOBAL_BASELINE_NO_ENTITY_RANKING,,,NOT_APPLICABLE_GLOBAL_BASELINE,HF9g-P5,,,,X 全窗基线 · 不参与实体赏罚,15051191,1506,A168_HF9F_20260827_0900,2026-08-27 09:00:00
2026-07-15,74657362,2196,0,41.5904175678,-41.5904175678,-41.5904175678,0E-7,1,1,0.49324550000000000,0.493245500000,-0.9865810262130424,-0.9865810262130424,-0.9865810262130424,0E-17,ELIGIBLE,R03b_20260811_FULL_v1,L1_ELIGIBILITY,v2026-08-11,2026-03-21..2026-08-06,baccarat_bet02_101_all_pairs_incl_sentinel,round_win = game_pnl > 0 (decisive only),COMPATIBILITY_ONLY_NOT_PRODUCTION,234885.8996,214754.2105,9869.7735,3689,3015,-0.04201944,-0.00608590,-0.04816467,-0.04201944,-9869.7735,234885.8996,OK,0.0000,394.7909,4.0000,96.0000,AG03-UNRESOLVED,ALL5_LEVELS_bet23_to_bet27,394.7909,394.7909,394.7909,394.7909,394.7909,4.000000,4.000000,4.000000,4.000000,4.000000,96.000000,96.000000,96.000000,96.000000,96.000000,5.0,1973.9547,1822.2297,7895.8188,8047.5438,PENDING_AG03,FALSE,NOT_FOR_ENFORCEMENT,9474.9825,206164.0421,9869.7735,9474.9825,394.7909,0.04201944,0.04033866,394.7909,9474.9825,0.04033866,394.7909,394.7909,394.7909,394.7909,394.7909,9474.9825,0.04033866,1973.9547,1822.2297,7895.8188,8047.5438,0.03361555,0.0342615,0.00168078,63.6720,71.2286,3.2736,143.0402,5.0692,3404.1435,43.6957,64.4793,63.5359,42.5677,43.0663,85.2079,124.7713,127.8119,154.8004,42.604,-41.336,2.967791,3.594466,1.478463,30,203,130,8,0.14604117,0.04201944,0.00608590,0E-8,0.000000,0.914292,0.640282,0.04207877,2026-03-23,2026-08-04,69,1947,1162,135,0.511111,1.014849,1.012680,0.486804,,,,,,,,GLOBAL_BASELINE_NO_ENTITY_RANKING,,,NOT_APPLICABLE_GLOBAL_BASELINE,HF9g-P5,,,,X 全窗基线 · 不参与实体赏罚,15051192,1506,A168_HF9F_20260827_0900,2026-08-27 09:00:00
2026-07-15,74657362,2220,0,124.7712527034,-41.5904175678,-41.5904175678,0.3333333,3,3,0.49324550000000000,0.493245500000,-0.5540025479526107,-0.5540025479526106,-0.5540025479526107,0E-17,ELIGIBLE,R03b_20260811_FULL_v1,L1_ELIGIBILITY,v2026-08-11,2026-03-21..2026-08-06,baccarat_bet02_101_all_pairs_incl_sentinel,round_win = game_pnl > 0 (decisive only),COMPATIBILITY_ONLY_NOT_PRODUCTION,234885.8996,214754.2105,9869.7735,3689,3015,-0.04201944,-0.00608590,-0.04816467,-0.04201944,-9869.7735,234885.8996,OK,0.0000,394.7909,4.0000,96.0000,AG03-UNRESOLVED,ALL5_LEVELS_bet23_to_bet27,394.7909,394.7909,394.7909,394.7909,394.7909,4.000000,4.000000,4.000000,4.000000,4.000000,96.000000,96.000000,96.000000,96.000000,96.000000,5.0,1973.9547,1822.2297,7895.8188,8047.5438,PENDING_AG03,FALSE,NOT_FOR_ENFORCEMENT,9474.9825,206164.0421,9869.7735,9474.9825,394.7909,0.04201944,0.04033866,394.7909,9474.9825,0.04033866,394.7909,394.7909,394.7909,394.7909,394.7909,9474.9825,0.04033866,1973.9547,1822.2297,7895.8188,8047.5438,0.03361555,0.0342615,0.00168078,63.6720,71.2286,3.2736,143.0402,5.0692,3404.1435,43.6957,64.4793,63.5359,42.5677,43.0663,85.2079,124.7713,127.8119,154.8004,42.604,-41.336,2.967791,3.594466,1.478463,30,203,130,8,0.14604117,0.04201944,0.00608590,0E-8,0.000000,0.914292,0.640282,0.04207877,2026-03-23,2026-08-04,69,1947,1162,135,0.511111,1.014849,1.012680,0.486804,,,,,,,,GLOBAL_BASELINE_NO_ENTITY_RANKING,,,NOT_APPLICABLE_GLOBAL_BASELINE,HF9g-P5,,,,X 全窗基线 · 不参与实体赏罚,15051193,1506,A168_HF9F_20260827_0900,2026-08-27 09:00:00
2026-07-15,74657362,2223,0,207.9520878390,-124.7712527034,-124.7712527034,0.3333333,3,3,0.50218230000000000,0.502182300000,-0.5849155494134425,-0.5849155494134426,-0.5849155494134425,0E-17,ELIGIBLE,R03b_20260811_FULL_v1,L1_ELIGIBILITY,v2026-08-11,2026-03-21..2026-08-06,baccarat_bet02_101_all_pairs_incl_sentinel,round_win = game_pnl > 0 (decisive only),COMPATIBILITY_ONLY_NOT_PRODUCTION,234885.8996,214754.2105,9869.7735,3689,3015,-0.04201944,-0.00608590,-0.04816467,-0.04201944,-9869.7735,234885.8996,OK,0.0000,394.7909,4.0000,96.0000,AG03-UNRESOLVED,ALL5_LEVELS_bet23_to_bet27,394.7909,394.7909,394.7909,394.7909,394.7909,4.000000,4.000000,4.000000,4.000000,4.000000,96.000000,96.000000,96.000000,96.000000,96.000000,5.0,1973.9547,1822.2297,7895.8188,8047.5438,PENDING_AG03,FALSE,NOT_FOR_ENFORCEMENT,9474.9825,206164.0421,9869.7735,9474.9825,394.7909,0.04201944,0.04033866,394.7909,9474.9825,0.04033866,394.7909,394.7909,394.7909,394.7909,394.7909,9474.9825,0.04033866,1973.9547,1822.2297,7895.8188,8047.5438,0.03361555,0.0342615,0.00168078,63.6720,71.2286,3.2736,143.0402,5.0692,3404.1435,43.6957,64.4793,63.5359,42.5677,43.0663,85.2079,124.7713,127.8119,154.8004,42.604,-41.336,2.967791,3.594466,1.478463,30,203,130,8,0.14604117,0.04201944,0.00608590,0E-8,0.000000,0.914292,0.640282,0.04207877,2026-03-23,2026-08-04,69,1947,1162,135,0.511111,1.014849,1.012680,0.486804,,,,,,,,GLOBAL_BASELINE_NO_ENTITY_RANKING,,,NOT_APPLICABLE_GLOBAL_BASELINE,HF9g-P5,,,,X 全窗基线 · 不参与实体赏罚,15051194,1506,A168_HF9F_20260827_0900,2026-08-27 09:00:00
2026-07-15,74657362,2224,0,124.7712527034,41.5904175678,41.5904175678,0.5000000,2,2,0.49994810000000000,0.499948100000,0.00014679536856514622,0.00014679536856514622,0.00014679536856514622,0E-17,ELIGIBLE,R03b_20260811_FULL_v1,L1_ELIGIBILITY,v2026-08-11,2026-03-21..2026-08-06,baccarat_bet02_101_all_pairs_incl_sentinel,round_win = game_pnl > 0 (decisive only),COMPATIBILITY_ONLY_NOT_PRODUCTION,234885.8996,214754.2105,9869.7735,3689,3015,-0.04201944,-0.00608590,-0.04816467,-0.04201944,-9869.7735,234885.8996,OK,0.0000,394.7909,4.0000,96.0000,AG03-UNRESOLVED,ALL5_LEVELS_bet23_to_bet27,394.7909,394.7909,394.7909,394.7909,394.7909,4.000000,4.000000,4.000000,4.000000,4.000000,96.000000,96.000000,96.000000,96.000000,96.000000,5.0,1973.9547,1822.2297,7895.8188,8047.5438,PENDING_AG03,FALSE,NOT_FOR_ENFORCEMENT,9474.9825,206164.0421,9869.7735,9474.9825,394.7909,0.04201944,0.04033866,394.7909,9474.9825,0.04033866,394.7909,394.7909,394.7909,394.7909,394.7909,9474.9825,0.04033866,1973.9547,1822.2297,7895.8188,8047.5438,0.03361555,0.0342615,0.00168078,63.6720,71.2286,3.2736,143.0402,5.0692,3404.1435,43.6957,64.4793,63.5359,42.5677,43.0663,85.2079,124.7713,127.8119,154.8004,42.604,-41.336,2.967791,3.594466,1.478463,30,203,130,8,0.14604117,0.04201944,0.00608590,0E-8,0.000000,0.914292,0.640282,0.04207877,2026-03-23,2026-08-04,69,1947,1162,135,0.511111,1.014849,1.012680,0.486804,,,,,,,,GLOBAL_BASELINE_NO_ENTITY_RANKING,,,NOT_APPLICABLE_GLOBAL_BASELINE,HF9g-P5,,,,X 全窗基线 · 不参与实体赏罚,15051195,1506,A168_HF9F_20260827_0900,2026-08-27 09:00:00
2026-07-15,74657362,2233,0,41.5904175678,41.5904175678,41.5904175678,1.0000000,1,1,0.49324550000000000,0.493245500000,1.01360149184955,1.01360149184955,1.01360149184955,0E-17,ELIGIBLE,R03b_20260811_FULL_v1,L1_ELIGIBILITY,v2026-08-11,2026-03-21..2026-08-06,baccarat_bet02_101_all_pairs_incl_sentinel,round_win = game_pnl > 0 (decisive only),COMPATIBILITY_ONLY_NOT_PRODUCTION,234885.8996,214754.2105,9869.7735,3689,3015,-0.04201944,-0.00608590,-0.04816467,-0.04201944,-9869.7735,234885.8996,OK,0.0000,394.7909,4.0000,96.0000,AG03-UNRESOLVED,ALL5_LEVELS_bet23_to_bet27,394.7909,394.7909,394.7909,394.7909,394.7909,4.000000,4.000000,4.000000,4.000000,4.000000,96.000000,96.000000,96.000000,96.000000,96.000000,5.0,1973.9547,1822.2297,7895.8188,8047.5438,PENDING_AG03,FALSE,NOT_FOR_ENFORCEMENT,9474.9825,206164.0421,9869.7735,9474.9825,394.7909,0.04201944,0.04033866,394.7909,9474.9825,0.04033866,394.7909,394.7909,394.7909,394.7909,394.7909,9474.9825,0.04033866,1973.9547,1822.2297,7895.8188,8047.5438,0.03361555,0.0342615,0.00168078,63.6720,71.2286,3.2736,143.0402,5.0692,3404.1435,43.6957,64.4793,63.5359,42.5677,43.0663,85.2079,124.7713,127.8119,154.8004,42.604,-41.336,2.967791,3.594466,1.478463,30,203,130,8,0.14604117,0.04201944,0.00608590,0E-8,0.000000,0.914292,0.640282,0.04207877,2026-03-23,2026-08-04,69,1947,1162,135,0.511111,1.014849,1.012680,0.486804,,,,,,,,GLOBAL_BASELINE_NO_ENTITY_RANKING,,,NOT_APPLICABLE_GLOBAL_BASELINE,HF9g-P5,,,,X 全窗基线 · 不参与实体赏罚,15051196,1506,A168_HF9F_20260827_0900,2026-08-27 09:00:00
2026-07-15,74657362,2242,0,166.3616702712,-166.3616702712,-166.3616702712,0E-7,2,1,0.39337837500000000,0.280106050000,-0.8052788575962098,-0.6237735893609975,-0.8052788575962098,0.11327232500000000,ELIGIBLE,R03b_20260811_FULL_v1,L1_ELIGIBILITY,v2026-08-11,2026-03-21..2026-08-06,baccarat_bet02_101_all_pairs_incl_sentinel,round_win = game_pnl > 0 (decisive only),COMPATIBILITY_ONLY_NOT_PRODUCTION,234885.8996,214754.2105,9869.7735,3689,3015,-0.04201944,-0.00608590,-0.04816467,-0.04201944,-9869.7735,234885.8996,OK,0.0000,394.7909,4.0000,96.0000,AG03-UNRESOLVED,ALL5_LEVELS_bet23_to_bet27,394.7909,394.7909,394.7909,394.7909,394.7909,4.000000,4.000000,4.000000,4.000000,4.000000,96.000000,96.000000,96.000000,96.000000,96.000000,5.0,1973.9547,1822.2297,7895.8188,8047.5438,PENDING_AG03,FALSE,NOT_FOR_ENFORCEMENT,9474.9825,206164.0421,9869.7735,9474.9825,394.7909,0.04201944,0.04033866,394.7909,9474.9825,0.04033866,394.7909,394.7909,394.7909,394.7909,394.7909,9474.9825,0.04033866,1973.9547,1822.2297,7895.8188,8047.5438,0.03361555,0.0342615,0.00168078,63.6720,71.2286,3.2736,143.0402,5.0692,3404.1435,43.6957,64.4793,63.5359,42.5677,43.0663,85.2079,124.7713,127.8119,154.8004,42.604,-41.336,2.967791,3.594466,1.478463,30,203,130,8,0.14604117,0.04201944,0.00608590,0E-8,0.000000,0.914292,0.640282,0.04207877,2026-03-23,2026-08-04,69,1947,1162,135,0.511111,1.014849,1.012680,0.486804,,,,,,,,GLOBAL_BASELINE_NO_ENTITY_RANKING,,,NOT_APPLICABLE_GLOBAL_BASELINE,HF9g-P5,,,,X 全窗基线 · 不参与实体赏罚,15051197,1506,A168_HF9F_20260827_0900,2026-08-27 09:00:00
2026-07-15,74657362,2258,0,166.3616702712,83.1808351356,83.1808351356,0.7500000,4,4,0.49324550000000000,0.493245500000,1.0271117246678039,1.0271117246678039,1.0271117246678039,0E-17,ELIGIBLE,R03b_20260811_FULL_v1,L1_ELIGIBILITY,v2026-08-11,2026-03-21..2026-08-06,baccarat_bet02_101_all_pairs_incl_sentinel,round_win = game_pnl > 0 (decisive only),COMPATIBILITY_ONLY_NOT_PRODUCTION,234885.8996,214754.2105,9869.7735,3689,3015,-0.04201944,-0.00608590,-0.04816467,-0.04201944,-9869.7735,234885.8996,OK,0.0000,394.7909,4.0000,96.0000,AG03-UNRESOLVED,ALL5_LEVELS_bet23_to_bet27,394.7909,394.7909,394.7909,394.7909,394.7909,4.000000,4.000000,4.000000,4.000000,4.000000,96.000000,96.000000,96.000000,96.000000,96.000000,5.0,1973.9547,1822.2297,7895.8188,8047.5438,PENDING_AG03,FALSE,NOT_FOR_ENFORCEMENT,9474.9825,206164.0421,9869.7735,9474.9825,394.7909,0.04201944,0.04033866,394.7909,9474.9825,0.04033866,394.7909,394.7909,394.7909,394.7909,394.7909,9474.9825,0.04033866,1973.9547,1822.2297,7895.8188,8047.5438,0.03361555,0.0342615,0.00168078,63.6720,71.2286,3.2736,143.0402,5.0692,3404.1435,43.6957,64.4793,63.5359,42.5677,43.0663,85.2079,124.7713,127.8119,154.8004,42.604,-41.336,2.967791,3.594466,1.478463,30,203,130,8,0.14604117,0.04201944,0.00608590,0E-8,0.000000,0.914292,0.640282,0.04207877,2026-03-23,2026-08-04,69,1947,1162,135,0.511111,1.014849,1.012680,0.486804,,,,,,,,GLOBAL_BASELINE_NO_ENTITY_RANKING,,,NOT_APPLICABLE_GLOBAL_BASELINE,HF9g-P5,,,,X 全窗基线 · 不参与实体赏罚,15051198,1506,A168_HF9F_20260827_0900,2026-08-27 09:00:00
2026-07-15,74657362,2266,0,166.3616702712,41.5904175678,41.5904175678,0.6666667,3,3,0.49771390000000000,0.497713900000,0.5852756695216578,0.5852756695216578,0.5852756695216578,0E-17,ELIGIBLE,R03b_20260811_FULL_v1,L1_ELIGIBILITY,v2026-08-11,2026-03-21..2026-08-06,baccarat_bet02_101_all_pairs_incl_sentinel,round_win = game_pnl > 0 (decisive only),COMPATIBILITY_ONLY_NOT_PRODUCTION,234885.8996,214754.2105,9869.7735,3689,3015,-0.04201944,-0.00608590,-0.04816467,-0.04201944,-9869.7735,234885.8996,OK,0.0000,394.7909,4.0000,96.0000,AG03-UNRESOLVED,ALL5_LEVELS_bet23_to_bet27,394.7909,394.7909,394.7909,394.7909,394.7909,4.000000,4.000000,4.000000,4.000000,4.000000,96.000000,96.000000,96.000000,96.000000,96.000000,5.0,1973.9547,1822.2297,7895.8188,8047.5438,PENDING_AG03,FALSE,NOT_FOR_ENFORCEMENT,9474.9825,206164.0421,9869.7735,9474.9825,394.7909,0.04201944,0.04033866,394.7909,9474.9825,0.04033866,394.7909,394.7909,394.7909,394.7909,394.7909,9474.9825,0.04033866,1973.9547,1822.2297,7895.8188,8047.5438,0.03361555,0.0342615,0.00168078,63.6720,71.2286,3.2736,143.0402,5.0692,3404.1435,43.6957,64.4793,63.5359,42.5677,43.0663,85.2079,124.7713,127.8119,154.8004,42.604,-41.336,2.967791,3.594466,1.478463,30,203,130,8,0.14604117,0.04201944,0.00608590,0E-8,0.000000,0.914292,0.640282,0.04207877,2026-03-23,2026-08-04,69,1947,1162,135,0.511111,1.014849,1.012680,0.486804,,,,,,,,GLOBAL_BASELINE_NO_ENTITY_RANKING,,,NOT_APPLICABLE_GLOBAL_BASELINE,HF9g-P5,,,,X 全窗基线 · 不参与实体赏罚,15051199,1506,A168_HF9F_20260827_0900,2026-08-27 09:00:00
2026-07-15,74657362,2271,0,124.7712527034,0E-10,0E-10,0.5000000,3,3,0.49324550000000000,0.493245500000,0.01910635448239258,0.01910635448239258,0.01910635448239258,0E-17,ELIGIBLE,R03b_20260811_FULL_v1,L1_ELIGIBILITY,v2026-08-11,2026-03-21..2026-08-06,baccarat_bet02_101_all_pairs_incl_sentinel,round_win = game_pnl > 0 (decisive only),COMPATIBILITY_ONLY_NOT_PRODUCTION,234885.8996,214754.2105,9869.7735,3689,3015,-0.04201944,-0.00608590,-0.04816467,-0.04201944,-9869.7735,234885.8996,OK,0.0000,394.7909,4.0000,96.0000,AG03-UNRESOLVED,ALL5_LEVELS_bet23_to_bet27,394.7909,394.7909,394.7909,394.7909,394.7909,4.000000,4.000000,4.000000,4.000000,4.000000,96.000000,96.000000,96.000000,96.000000,96.000000,5.0,1973.9547,1822.2297,7895.8188,8047.5438,PENDING_AG03,FALSE,NOT_FOR_ENFORCEMENT,9474.9825,206164.0421,9869.7735,9474.9825,394.7909,0.04201944,0.04033866,394.7909,9474.9825,0.04033866,394.7909,394.7909,394.7909,394.7909,394.7909,9474.9825,0.04033866,1973.9547,1822.2297,7895.8188,8047.5438,0.03361555,0.0342615,0.00168078,63.6720,71.2286,3.2736,143.0402,5.0692,3404.1435,43.6957,64.4793,63.5359,42.5677,43.0663,85.2079,124.7713,127.8119,154.8004,42.604,-41.336,2.967791,3.594466,1.478463,30,203,130,8,0.14604117,0.04201944,0.00608590,0E-8,0.000000,0.914292,0.640282,0.04207877,2026-03-23,2026-08-04,69,1947,1162,135,0.511111,1.014849,1.012680,0.486804,,,,,,,,GLOBAL_BASELINE_NO_ENTITY_RANKING,,,NOT_APPLICABLE_GLOBAL_BASELINE,HF9g-P5,,,,X 全窗基线 · 不参与实体赏罚,15051200,1506,A168_HF9F_20260827_0900,2026-08-27 09:00:00
2026-07-15,74657362,2287,0,41.5904175678,41.5904175678,41.5904175678,1.0000000,1,1,0.49324550000000000,0.493245500000,1.01360149184955,1.01360149184955,1.01360149184955,0E-17,ELIGIBLE,R03b_20260811_FULL_v1,L1_ELIGIBILITY,v2026-08-11,2026-03-21..2026-08-06,baccarat_bet02_101_all_pairs_incl_sentinel,round_win = game_pnl > 0 (decisive only),COMPATIBILITY_ONLY_NOT_PRODUCTION,234885.8996,214754.2105,9869.7735,3689,3015,-0.04201944,-0.00608590,-0.04816467,-0.04201944,-9869.7735,234885.8996,OK,0.0000,394.7909,4.0000,96.0000,AG03-UNRESOLVED,ALL5_LEVELS_bet23_to_bet27,394.7909,394.7909,394.7909,394.7909,394.7909,4.000000,4.000000,4.000000,4.000000,4.000000,96.000000,96.000000,96.000000,96.000000,96.000000,5.0,1973.9547,1822.2297,7895.8188,8047.5438,PENDING_AG03,FALSE,NOT_FOR_ENFORCEMENT,9474.9825,206164.0421,9869.7735,9474.9825,394.7909,0.04201944,0.04033866,394.7909,9474.9825,0.04033866,394.7909,394.7909,394.7909,394.7909,394.7909,9474.9825,0.04033866,1973.9547,1822.2297,7895.8188,8047.5438,0.03361555,0.0342615,0.00168078,63.6720,71.2286,3.2736,143.0402,5.0692,3404.1435,43.6957,64.4793,63.5359,42.5677,43.0663,85.2079,124.7713,127.8119,154.8004,42.604,-41.336,2.967791,3.594466,1.478463,30,203,130,8,0.14604117,0.04201944,0.00608590,0E-8,0.000000,0.914292,0.640282,0.04207877,2026-03-23,2026-08-04,69,1947,1162,135,0.511111,1.014849,1.012680,0.486804,,,,,,,,GLOBAL_BASELINE_NO_ENTITY_RANKING,,,NOT_APPLICABLE_GLOBAL_BASELINE,HF9g-P5,,,,X 全窗基线 · 不参与实体赏罚,15051201,1506,A168_HF9F_20260827_0900,2026-08-27 09:00:00
2026-07-15,74657362,2288,0,41.5904175678,41.5904175678,41.5904175678,1.0000000,1,1,0.49324550000000000,0.493245500000,1.01360149184955,1.01360149184955,1.01360149184955,0E-17,ELIGIBLE,R03b_20260811_FULL_v1,L1_ELIGIBILITY,v2026-08-11,2026-03-21..2026-08-06,baccarat_bet02_101_all_pairs_incl_sentinel,round_win = game_pnl > 0 (decisive only),COMPATIBILITY_ONLY_NOT_PRODUCTION,234885.8996,214754.2105,9869.7735,3689,3015,-0.04201944,-0.00608590,-0.04816467,-0.04201944,-9869.7735,234885.8996,OK,0.0000,394.7909,4.0000,96.0000,AG03-UNRESOLVED,ALL5_LEVELS_bet23_to_bet27,394.7909,394.7909,394.7909,394.7909,394.7909,4.000000,4.000000,4.000000,4.000000,4.000000,96.000000,96.000000,96.000000,96.000000,96.000000,5.0,1973.9547,1822.2297,7895.8188,8047.5438,PENDING_AG03,FALSE,NOT_FOR_ENFORCEMENT,9474.9825,206164.0421,9869.7735,9474.9825,394.7909,0.04201944,0.04033866,394.7909,9474.9825,0.04033866,394.7909,394.7909,394.7909,394.7909,394.7909,9474.9825,0.04033866,1973.9547,1822.2297,7895.8188,8047.5438,0.03361555,0.0342615,0.00168078,63.6720,71.2286,3.2736,143.0402,5.0692,3404.1435,43.6957,64.4793,63.5359,42.5677,43.0663,85.2079,124.7713,127.8119,154.8004,42.604,-41.336,2.967791,3.594466,1.478463,30,203,130,8,0.14604117,0.04201944,0.00608590,0E-8,0.000000,0.914292,0.640282,0.04207877,2026-03-23,2026-08-04,69,1947,1162,135,0.511111,1.014849,1.012680,0.486804,,,,,,,,GLOBAL_BASELINE_NO_ENTITY_RANKING,,,NOT_APPLICABLE_GLOBAL_BASELINE,HF9g-P5,,,,X 全窗基线 · 不参与实体赏罚,15051202,1506,A168_HF9F_20260827_0900,2026-08-27 09:00:00
2026-07-15,74657362,529,0,41.5904175678,41.5904175678,41.5904175678,1.0000000,1,1,0.49324550000000000,0.493245500000,1.01360149184955,1.01360149184955,1.01360149184955,0E-17,ELIGIBLE,R03b_20260811_FULL_v1,L1_ELIGIBILITY,v2026-08-11,2026-03-21..2026-08-06,baccarat_bet02_101_all_pairs_incl_sentinel,round_win = game_pnl > 0 (decisive only),COMPATIBILITY_ONLY_NOT_PRODUCTION,234885.8996,214754.2105,9869.7735,3689,3015,-0.04201944,-0.00608590,-0.04816467,-0.04201944,-9869.7735,234885.8996,OK,0.0000,394.7909,4.0000,96.0000,AG03-UNRESOLVED,ALL5_LEVELS_bet23_to_bet27,394.7909,394.7909,394.7909,394.7909,394.7909,4.000000,4.000000,4.000000,4.000000,4.000000,96.000000,96.000000,96.000000,96.000000,96.000000,5.0,1973.9547,1822.2297,7895.8188,8047.5438,PENDING_AG03,FALSE,NOT_FOR_ENFORCEMENT,9474.9825,206164.0421,9869.7735,9474.9825,394.7909,0.04201944,0.04033866,394.7909,9474.9825,0.04033866,394.7909,394.7909,394.7909,394.7909,394.7909,9474.9825,0.04033866,1973.9547,1822.2297,7895.8188,8047.5438,0.03361555,0.0342615,0.00168078,63.6720,71.2286,3.2736,143.0402,5.0692,3404.1435,43.6957,64.4793,63.5359,42.5677,43.0663,85.2079,124.7713,127.8119,154.8004,42.604,-41.336,2.967791,3.594466,1.478463,30,203,130,8,0.14604117,0.04201944,0.00608590,0E-8,0.000000,0.914292,0.640282,0.04207877,2026-03-23,2026-08-04,69,1947,1162,135,0.511111,1.014849,1.012680,0.486804,,,,,,,,GLOBAL_BASELINE_NO_ENTITY_RANKING,,,NOT_APPLICABLE_GLOBAL_BASELINE,HF9g-P5,,,,X 全窗基线 · 不参与实体赏罚,15051203,1506,A168_HF9F_20260827_0900,2026-08-27 09:00:00
2026-07-15,74657362,789,0,166.3616702712,-166.3616702712,-166.3616702712,0E-7,2,1,0.39337837500000000,0.280106050000,-0.8052788575962098,-0.6237735893609975,-0.8052788575962098,0.11327232500000000,ELIGIBLE,R03b_20260811_FULL_v1,L1_ELIGIBILITY,v2026-08-11,2026-03-21..2026-08-06,baccarat_bet02_101_all_pairs_incl_sentinel,round_win = game_pnl > 0 (decisive only),COMPATIBILITY_ONLY_NOT_PRODUCTION,234885.8996,214754.2105,9869.7735,3689,3015,-0.04201944,-0.00608590,-0.04816467,-0.04201944,-9869.7735,234885.8996,OK,0.0000,394.7909,4.0000,96.0000,AG03-UNRESOLVED,ALL5_LEVELS_bet23_to_bet27,394.7909,394.7909,394.7909,394.7909,394.7909,4.000000,4.000000,4.000000,4.000000,4.000000,96.000000,96.000000,96.000000,96.000000,96.000000,5.0,1973.9547,1822.2297,7895.8188,8047.5438,PENDING_AG03,FALSE,NOT_FOR_ENFORCEMENT,9474.9825,206164.0421,9869.7735,9474.9825,394.7909,0.04201944,0.04033866,394.7909,9474.9825,0.04033866,394.7909,394.7909,394.7909,394.7909,394.7909,9474.9825,0.04033866,1973.9547,1822.2297,7895.8188,8047.5438,0.03361555,0.0342615,0.00168078,63.6720,71.2286,3.2736,143.0402,5.0692,3404.1435,43.6957,64.4793,63.5359,42.5677,43.0663,85.2079,124.7713,127.8119,154.8004,42.604,-41.336,2.967791,3.594466,1.478463,30,203,130,8,0.14604117,0.04201944,0.00608590,0E-8,0.000000,0.914292,0.640282,0.04207877,2026-03-23,2026-08-04,69,1947,1162,135,0.511111,1.014849,1.012680,0.486804,,,,,,,,GLOBAL_BASELINE_NO_ENTITY_RANKING,,,NOT_APPLICABLE_GLOBAL_BASELINE,HF9g-P5,,,,X 全窗基线 · 不参与实体赏罚,15051204,1506,A168_HF9F_20260827_0900,2026-08-27 09:00:00
2026-07-15,74657362,919,0,124.7712527034,-124.7712527034,-124.7712527034,0E-7,2,2,0.49994810000000000,0.499948100000,-1.4140667746232096,-1.4140667746232096,-1.4140667746232096,0E-17,ELIGIBLE,R03b_20260811_FULL_v1,L1_ELIGIBILITY,v2026-08-11,2026-03-21..2026-08-06,baccarat_bet02_101_all_pairs_incl_sentinel,round_win = game_pnl > 0 (decisive only),COMPATIBILITY_ONLY_NOT_PRODUCTION,234885.8996,214754.2105,9869.7735,3689,3015,-0.04201944,-0.00608590,-0.04816467,-0.04201944,-9869.7735,234885.8996,OK,0.0000,394.7909,4.0000,96.0000,AG03-UNRESOLVED,ALL5_LEVELS_bet23_to_bet27,394.7909,394.7909,394.7909,394.7909,394.7909,4.000000,4.000000,4.000000,4.000000,4.000000,96.000000,96.000000,96.000000,96.000000,96.000000,5.0,1973.9547,1822.2297,7895.8188,8047.5438,PENDING_AG03,FALSE,NOT_FOR_ENFORCEMENT,9474.9825,206164.0421,9869.7735,9474.9825,394.7909,0.04201944,0.04033866,394.7909,9474.9825,0.04033866,394.7909,394.7909,394.7909,394.7909,394.7909,9474.9825,0.04033866,1973.9547,1822.2297,7895.8188,8047.5438,0.03361555,0.0342615,0.00168078,63.6720,71.2286,3.2736,143.0402,5.0692,3404.1435,43.6957,64.4793,63.5359,42.5677,43.0663,85.2079,124.7713,127.8119,154.8004,42.604,-41.336,2.967791,3.594466,1.478463,30,203,130,8,0.14604117,0.04201944,0.00608590,0E-8,0.000000,0.914292,0.640282,0.04207877,2026-03-23,2026-08-04,69,1947,1162,135,0.511111,1.014849,1.012680,0.486804,,,,,,,,GLOBAL_BASELINE_NO_ENTITY_RANKING,,,NOT_APPLICABLE_GLOBAL_BASELINE,HF9g-P5,,,,X 全窗基线 · 不参与实体赏罚,15051205,1506,A168_HF9F_20260827_0900,2026-08-27 09:00:00
2026-07-15,74657362,986,0,291.1329229746,41.5904175678,41.5904175678,0.5714286,7,7,0.49324550000000000,0.493245500000,0.4137436818725812,0.41374368187258126,0.4137436818725812,0E-17,ELIGIBLE,R03b_20260811_FULL_v1,L1_ELIGIBILITY,v2026-08-11,2026-03-21..2026-08-06,baccarat_bet02_101_all_pairs_incl_sentinel,round_win = game_pnl > 0 (decisive only),COMPATIBILITY_ONLY_NOT_PRODUCTION,234885.8996,214754.2105,9869.7735,3689,3015,-0.04201944,-0.00608590,-0.04816467,-0.04201944,-9869.7735,234885.8996,OK,0.0000,394.7909,4.0000,96.0000,AG03-UNRESOLVED,ALL5_LEVELS_bet23_to_bet27,394.7909,394.7909,394.7909,394.7909,394.7909,4.000000,4.000000,4.000000,4.000000,4.000000,96.000000,96.000000,96.000000,96.000000,96.000000,5.0,1973.9547,1822.2297,7895.8188,8047.5438,PENDING_AG03,FALSE,NOT_FOR_ENFORCEMENT,9474.9825,206164.0421,9869.7735,9474.9825,394.7909,0.04201944,0.04033866,394.7909,9474.9825,0.04033866,394.7909,394.7909,394.7909,394.7909,394.7909,9474.9825,0.04033866,1973.9547,1822.2297,7895.8188,8047.5438,0.03361555,0.0342615,0.00168078,63.6720,71.2286,3.2736,143.0402,5.0692,3404.1435,43.6957,64.4793,63.5359,42.5677,43.0663,85.2079,124.7713,127.8119,154.8004,42.604,-41.336,2.967791,3.594466,1.478463,30,203,130,8,0.14604117,0.04201944,0.00608590,0E-8,0.000000,0.914292,0.640282,0.04207877,2026-03-23,2026-08-04,69,1947,1162,135,0.511111,1.014849,1.012680,0.486804,,,,,,,,GLOBAL_BASELINE_NO_ENTITY_RANKING,,,NOT_APPLICABLE_GLOBAL_BASELINE,HF9g-P5,,,,X 全窗基线 · 不参与实体赏罚,15051206,1506,A168_HF9F_20260827_0900,2026-08-27 09:00:00
2026-07-15,74657362,994,0,249.5425054068,83.1808351356,83.1808351356,0.7500000,4,4,0.49324550000000000,0.493245500000,1.0271117246678039,1.0271117246678039,1.0271117246678039,0E-17,ELIGIBLE,R03b_20260811_FULL_v1,L1_ELIGIBILITY,v2026-08-11,2026-03-21..2026-08-06,baccarat_bet02_101_all_pairs_incl_sentinel,round_win = game_pnl > 0 (decisive only),COMPATIBILITY_ONLY_NOT_PRODUCTION,234885.8996,214754.2105,9869.7735,3689,3015,-0.04201944,-0.00608590,-0.04816467,-0.04201944,-9869.7735,234885.8996,OK,0.0000,394.7909,4.0000,96.0000,AG03-UNRESOLVED,ALL5_LEVELS_bet23_to_bet27,394.7909,394.7909,394.7909,394.7909,394.7909,4.000000,4.000000,4.000000,4.000000,4.000000,96.000000,96.000000,96.000000,96.000000,96.000000,5.0,1973.9547,1822.2297,7895.8188,8047.5438,PENDING_AG03,FALSE,NOT_FOR_ENFORCEMENT,9474.9825,206164.0421,9869.7735,9474.9825,394.7909,0.04201944,0.04033866,394.7909,9474.9825,0.04033866,394.7909,394.7909,394.7909,394.7909,394.7909,9474.9825,0.04033866,1973.9547,1822.2297,7895.8188,8047.5438,0.03361555,0.0342615,0.00168078,63.6720,71.2286,3.2736,143.0402,5.0692,3404.1435,43.6957,64.4793,63.5359,42.5677,43.0663,85.2079,124.7713,127.8119,154.8004,42.604,-41.336,2.967791,3.594466,1.478463,30,203,130,8,0.14604117,0.04201944,0.00608590,0E-8,0.000000,0.914292,0.640282,0.04207877,2026-03-23,2026-08-04,69,1947,1162,135,0.511111,1.014849,1.012680,0.486804,,,,,,,,GLOBAL_BASELINE_NO_ENTITY_RANKING,,,NOT_APPLICABLE_GLOBAL_BASELINE,HF9g-P5,,,,X 全窗基线 · 不参与实体赏罚,15051207,1506,A168_HF9F_20260827_0900,2026-08-27 09:00:00
2026-07-27,74657362,-1,1,166.3616702712,0E-10,0E-10,0.6666667,3,3,0.49324550000000000,0.493245500000,0.6008033672792107,0.6008033672792106,0.6008033672792107,0E-17,SENTINEL_DEALER,R03b_20260811_FULL_v1,L1_ELIGIBILITY,v2026-08-11,2026-03-21..2026-08-06,baccarat_bet02_101_all_pairs_incl_sentinel,round_win = game_pnl > 0 (decisive only),COMPATIBILITY_ONLY_NOT_PRODUCTION,234885.8996,214754.2105,9869.7735,3689,3015,-0.04201944,-0.00608590,-0.04816467,-0.04201944,-9869.7735,234885.8996,OK,0.0000,394.7909,4.0000,96.0000,AG03-UNRESOLVED,ALL5_LEVELS_bet23_to_bet27,394.7909,394.7909,394.7909,394.7909,394.7909,4.000000,4.000000,4.000000,4.000000,4.000000,96.000000,96.000000,96.000000,96.000000,96.000000,5.0,1973.9547,1822.2297,7895.8188,8047.5438,PENDING_AG03,FALSE,NOT_FOR_ENFORCEMENT,9474.9825,206164.0421,9869.7735,9474.9825,394.7909,0.04201944,0.04033866,394.7909,9474.9825,0.04033866,394.7909,394.7909,394.7909,394.7909,394.7909,9474.9825,0.04033866,1973.9547,1822.2297,7895.8188,8047.5438,0.03361555,0.0342615,0.00168078,63.6720,71.2286,3.2736,143.0402,5.0692,3404.1435,43.6957,64.4793,63.5359,42.5677,43.0663,85.2079,124.7713,127.8119,154.8004,42.604,-41.336,2.967791,3.594466,1.478463,30,203,130,8,0.14604117,0.04201944,0.00608590,0E-8,0.000000,0.914292,0.640282,0.04207877,2026-03-23,2026-08-04,69,1947,1162,135,0.511111,1.014849,1.012680,0.486804,,,,,,,,GLOBAL_BASELINE_NO_ENTITY_RANKING,,,NOT_APPLICABLE_GLOBAL_BASELINE,HF9g-P5,,,,X 全窗基线 · 不参与实体赏罚,15051208,1506,A168_HF9F_20260827_0900,2026-08-27 09:00:00
2026-07-27,74657362,1710,0,166.3616702712,-166.3616702712,-166.3616702712,0E-7,2,1,0.39337837500000000,0.280106050000,-0.8052788575962098,-0.6237735893609975,-0.8052788575962098,0.11327232500000000,ELIGIBLE,R03b_20260811_FULL_v1,L1_ELIGIBILITY,v2026-08-11,2026-03-21..2026-08-06,baccarat_bet02_101_all_pairs_incl_sentinel,round_win = game_pnl > 0 (decisive only),COMPATIBILITY_ONLY_NOT_PRODUCTION,234885.8996,214754.2105,9869.7735,3689,3015,-0.04201944,-0.00608590,-0.04816467,-0.04201944,-9869.7735,234885.8996,OK,0.0000,394.7909,4.0000,96.0000,AG03-UNRESOLVED,ALL5_LEVELS_bet23_to_bet27,394.7909,394.7909,394.7909,394.7909,394.7909,4.000000,4.000000,4.000000,4.000000,4.000000,96.000000,96.000000,96.000000,96.000000,96.000000,5.0,1973.9547,1822.2297,7895.8188,8047.5438,PENDING_AG03,FALSE,NOT_FOR_ENFORCEMENT,9474.9825,206164.0421,9869.7735,9474.9825,394.7909,0.04201944,0.04033866,394.7909,9474.9825,0.04033866,394.7909,394.7909,394.7909,394.7909,394.7909,9474.9825,0.04033866,1973.9547,1822.2297,7895.8188,8047.5438,0.03361555,0.0342615,0.00168078,63.6720,71.2286,3.2736,143.0402,5.0692,3404.1435,43.6957,64.4793,63.5359,42.5677,43.0663,85.2079,124.7713,127.8119,154.8004,42.604,-41.336,2.967791,3.594466,1.478463,30,203,130,8,0.14604117,0.04201944,0.00608590,0E-8,0.000000,0.914292,0.640282,0.04207877,2026-03-23,2026-08-04,69,1947,1162,135,0.511111,1.014849,1.012680,0.486804,,,,,,,,GLOBAL_BASELINE_NO_ENTITY_RANKING,,,NOT_APPLICABLE_GLOBAL_BASELINE,HF9g-P5,,,,X 全窗基线 · 不参与实体赏罚,15051209,1506,A168_HF9F_20260827_0900,2026-08-27 09:00:00
2026-07-27,74657362,2108,0,83.1808351356,41.5904175678,41.5904175678,1.0000000,2,2,0.49324550000000000,0.493245500000,1.01360149184955,1.01360149184955,1.01360149184955,0E-17,ELIGIBLE,R03b_20260811_FULL_v1,L1_ELIGIBILITY,v2026-08-11,2026-03-21..2026-08-06,baccarat_bet02_101_all_pairs_incl_sentinel,round_win = game_pnl > 0 (decisive only),COMPATIBILITY_ONLY_NOT_PRODUCTION,234885.8996,214754.2105,9869.7735,3689,3015,-0.04201944,-0.00608590,-0.04816467,-0.04201944,-9869.7735,234885.8996,OK,0.0000,394.7909,4.0000,96.0000,AG03-UNRESOLVED,ALL5_LEVELS_bet23_to_bet27,394.7909,394.7909,394.7909,394.7909,394.7909,4.000000,4.000000,4.000000,4.000000,4.000000,96.000000,96.000000,96.000000,96.000000,96.000000,5.0,1973.9547,1822.2297,7895.8188,8047.5438,PENDING_AG03,FALSE,NOT_FOR_ENFORCEMENT,9474.9825,206164.0421,9869.7735,9474.9825,394.7909,0.04201944,0.04033866,394.7909,9474.9825,0.04033866,394.7909,394.7909,394.7909,394.7909,394.7909,9474.9825,0.04033866,1973.9547,1822.2297,7895.8188,8047.5438,0.03361555,0.0342615,0.00168078,63.6720,71.2286,3.2736,143.0402,5.0692,3404.1435,43.6957,64.4793,63.5359,42.5677,43.0663,85.2079,124.7713,127.8119,154.8004,42.604,-41.336,2.967791,3.594466,1.478463,30,203,130,8,0.14604117,0.04201944,0.00608590,0E-8,0.000000,0.914292,0.640282,0.04207877,2026-03-23,2026-08-04,69,1947,1162,135,0.511111,1.014849,1.012680,0.486804,,,,,,,,GLOBAL_BASELINE_NO_ENTITY_RANKING,,,NOT_APPLICABLE_GLOBAL_BASELINE,HF9g-P5,,,,X 全窗基线 · 不参与实体赏罚,15051210,1506,A168_HF9F_20260827_0900,2026-08-27 09:00:00
2026-07-27,74657362,2123,0,41.5904175678,41.5904175678,41.5904175678,1.0000000,1,1,0.49324550000000000,0.493245500000,1.01360149184955,1.01360149184955,1.01360149184955,0E-17,ELIGIBLE,R03b_20260811_FULL_v1,L1_ELIGIBILITY,v2026-08-11,2026-03-21..2026-08-06,baccarat_bet02_101_all_pairs_incl_sentinel,round_win = game_pnl > 0 (decisive only),COMPATIBILITY_ONLY_NOT_PRODUCTION,234885.8996,214754.2105,9869.7735,3689,3015,-0.04201944,-0.00608590,-0.04816467,-0.04201944,-9869.7735,234885.8996,OK,0.0000,394.7909,4.0000,96.0000,AG03-UNRESOLVED,ALL5_LEVELS_bet23_to_bet27,394.7909,394.7909,394.7909,394.7909,394.7909,4.000000,4.000000,4.000000,4.000000,4.000000,96.000000,96.000000,96.000000,96.000000,96.000000,5.0,1973.9547,1822.2297,7895.8188,8047.5438,PENDING_AG03,FALSE,NOT_FOR_ENFORCEMENT,9474.9825,206164.0421,9869.7735,9474.9825,394.7909,0.04201944,0.04033866,394.7909,9474.9825,0.04033866,394.7909,394.7909,394.7909,394.7909,394.7909,9474.9825,0.04033866,1973.9547,1822.2297,7895.8188,8047.5438,0.03361555,0.0342615,0.00168078,63.6720,71.2286,3.2736,143.0402,5.0692,3404.1435,43.6957,64.4793,63.5359,42.5677,43.0663,85.2079,124.7713,127.8119,154.8004,42.604,-41.336,2.967791,3.594466,1.478463,30,203,130,8,0.14604117,0.04201944,0.00608590,0E-8,0.000000,0.914292,0.640282,0.04207877,2026-03-23,2026-08-04,69,1947,1162,135,0.511111,1.014849,1.012680,0.486804,,,,,,,,GLOBAL_BASELINE_NO_ENTITY_RANKING,,,NOT_APPLICABLE_GLOBAL_BASELINE,HF9g-P5,,,,X 全窗基线 · 不参与实体赏罚,15051211,1506,A168_HF9F_20260827_0900,2026-08-27 09:00:00
2026-07-27,74657362,2246,0,83.1808351356,-83.1808351356,-83.1808351356,0E-7,2,1,0.07408210000000000,0.074082100000,-0.2828592609782216,-0.28285926097822156,-0.2828592609782216,0E-17,ELIGIBLE,R03b_20260811_FULL_v1,L1_ELIGIBILITY,v2026-08-11,2026-03-21..2026-08-06,baccarat_bet02_101_all_pairs_incl_sentinel,round_win = game_pnl > 0 (decisive only),COMPATIBILITY_ONLY_NOT_PRODUCTION,234885.8996,214754.2105,9869.7735,3689,3015,-0.04201944,-0.00608590,-0.04816467,-0.04201944,-9869.7735,234885.8996,OK,0.0000,394.7909,4.0000,96.0000,AG03-UNRESOLVED,ALL5_LEVELS_bet23_to_bet27,394.7909,394.7909,394.7909,394.7909,394.7909,4.000000,4.000000,4.000000,4.000000,4.000000,96.000000,96.000000,96.000000,96.000000,96.000000,5.0,1973.9547,1822.2297,7895.8188,8047.5438,PENDING_AG03,FALSE,NOT_FOR_ENFORCEMENT,9474.9825,206164.0421,9869.7735,9474.9825,394.7909,0.04201944,0.04033866,394.7909,9474.9825,0.04033866,394.7909,394.7909,394.7909,394.7909,394.7909,9474.9825,0.04033866,1973.9547,1822.2297,7895.8188,8047.5438,0.03361555,0.0342615,0.00168078,63.6720,71.2286,3.2736,143.0402,5.0692,3404.1435,43.6957,64.4793,63.5359,42.5677,43.0663,85.2079,124.7713,127.8119,154.8004,42.604,-41.336,2.967791,3.594466,1.478463,30,203,130,8,0.14604117,0.04201944,0.00608590,0E-8,0.000000,0.914292,0.640282,0.04207877,2026-03-23,2026-08-04,69,1947,1162,135,0.511111,1.014849,1.012680,0.486804,,,,,,,,GLOBAL_BASELINE_NO_ENTITY_RANKING,,,NOT_APPLICABLE_GLOBAL_BASELINE,HF9g-P5,,,,X 全窗基线 · 不参与实体赏罚,15051212,1506,A168_HF9F_20260827_0900,2026-08-27 09:00:00
2026-07-27,74657362,2248,0,124.7712527034,-41.5904175678,-41.5904175678,0.5000000,2,2,0.49324550000000000,0.493245500000,0.01910635448239258,0.01910635448239258,0.01910635448239258,0E-17,ELIGIBLE,R03b_20260811_FULL_v1,L1_ELIGIBILITY,v2026-08-11,2026-03-21..2026-08-06,baccarat_bet02_101_all_pairs_incl_sentinel,round_win = game_pnl > 0 (decisive only),COMPATIBILITY_ONLY_NOT_PRODUCTION,234885.8996,214754.2105,9869.7735,3689,3015,-0.04201944,-0.00608590,-0.04816467,-0.04201944,-9869.7735,234885.8996,OK,0.0000,394.7909,4.0000,96.0000,AG03-UNRESOLVED,ALL5_LEVELS_bet23_to_bet27,394.7909,394.7909,394.7909,394.7909,394.7909,4.000000,4.000000,4.000000,4.000000,4.000000,96.000000,96.000000,96.000000,96.000000,96.000000,5.0,1973.9547,1822.2297,7895.8188,8047.5438,PENDING_AG03,FALSE,NOT_FOR_ENFORCEMENT,9474.9825,206164.0421,9869.7735,9474.9825,394.7909,0.04201944,0.04033866,394.7909,9474.9825,0.04033866,394.7909,394.7909,394.7909,394.7909,394.7909,9474.9825,0.04033866,1973.9547,1822.2297,7895.8188,8047.5438,0.03361555,0.0342615,0.00168078,63.6720,71.2286,3.2736,143.0402,5.0692,3404.1435,43.6957,64.4793,63.5359,42.5677,43.0663,85.2079,124.7713,127.8119,154.8004,42.604,-41.336,2.967791,3.594466,1.478463,30,203,130,8,0.14604117,0.04201944,0.00608590,0E-8,0.000000,0.914292,0.640282,0.04207877,2026-03-23,2026-08-04,69,1947,1162,135,0.511111,1.014849,1.012680,0.486804,,,,,,,,GLOBAL_BASELINE_NO_ENTITY_RANKING,,,NOT_APPLICABLE_GLOBAL_BASELINE,HF9g-P5,,,,X 全窗基线 · 不参与实体赏罚,15051213,1506,A168_HF9F_20260827_0900,2026-08-27 09:00:00
2026-07-27,74657362,2250,0,41.5904175678,-41.5904175678,-41.5904175678,0E-7,1,1,0.49324550000000000,0.493245500000,-0.9865810262130424,-0.9865810262130424,-0.9865810262130424,0E-17,ELIGIBLE,R03b_20260811_FULL_v1,L1_ELIGIBILITY,v2026-08-11,2026-03-21..2026-08-06,baccarat_bet02_101_all_pairs_incl_sentinel,round_win = game_pnl > 0 (decisive only),COMPATIBILITY_ONLY_NOT_PRODUCTION,234885.8996,214754.2105,9869.7735,3689,3015,-0.04201944,-0.00608590,-0.04816467,-0.04201944,-9869.7735,234885.8996,OK,0.0000,394.7909,4.0000,96.0000,AG03-UNRESOLVED,ALL5_LEVELS_bet23_to_bet27,394.7909,394.7909,394.7909,394.7909,394.7909,4.000000,4.000000,4.000000,4.000000,4.000000,96.000000,96.000000,96.000000,96.000000,96.000000,5.0,1973.9547,1822.2297,7895.8188,8047.5438,PENDING_AG03,FALSE,NOT_FOR_ENFORCEMENT,9474.9825,206164.0421,9869.7735,9474.9825,394.7909,0.04201944,0.04033866,394.7909,9474.9825,0.04033866,394.7909,394.7909,394.7909,394.7909,394.7909,9474.9825,0.04033866,1973.9547,1822.2297,7895.8188,8047.5438,0.03361555,0.0342615,0.00168078,63.6720,71.2286,3.2736,143.0402,5.0692,3404.1435,43.6957,64.4793,63.5359,42.5677,43.0663,85.2079,124.7713,127.8119,154.8004,42.604,-41.336,2.967791,3.594466,1.478463,30,203,130,8,0.14604117,0.04201944,0.00608590,0E-8,0.000000,0.914292,0.640282,0.04207877,2026-03-23,2026-08-04,69,1947,1162,135,0.511111,1.014849,1.012680,0.486804,,,,,,,,GLOBAL_BASELINE_NO_ENTITY_RANKING,,,NOT_APPLICABLE_GLOBAL_BASELINE,HF9g-P5,,,,X 全窗基线 · 不参与实体赏罚,15051214,1506,A168_HF9F_20260827_0900,2026-08-27 09:00:00
2026-07-27,74657362,462,0,41.5904175678,0E-10,0E-10,,1,1,0.49324550000000000,0.493245500000,,,,0E-17,NO_DECISIVE_ROUND,R03b_20260811_FULL_v1,L1_ELIGIBILITY,v2026-08-11,2026-03-21..2026-08-06,baccarat_bet02_101_all_pairs_incl_sentinel,round_win = game_pnl > 0 (decisive only),COMPATIBILITY_ONLY_NOT_PRODUCTION,234885.8996,214754.2105,9869.7735,3689,3015,-0.04201944,-0.00608590,-0.04816467,-0.04201944,-9869.7735,234885.8996,OK,0.0000,394.7909,4.0000,96.0000,AG03-UNRESOLVED,ALL5_LEVELS_bet23_to_bet27,394.7909,394.7909,394.7909,394.7909,394.7909,4.000000,4.000000,4.000000,4.000000,4.000000,96.000000,96.000000,96.000000,96.000000,96.000000,5.0,1973.9547,1822.2297,7895.8188,8047.5438,PENDING_AG03,FALSE,NOT_FOR_ENFORCEMENT,9474.9825,206164.0421,9869.7735,9474.9825,394.7909,0.04201944,0.04033866,394.7909,9474.9825,0.04033866,394.7909,394.7909,394.7909,394.7909,394.7909,9474.9825,0.04033866,1973.9547,1822.2297,7895.8188,8047.5438,0.03361555,0.0342615,0.00168078,63.6720,71.2286,3.2736,143.0402,5.0692,3404.1435,43.6957,64.4793,63.5359,42.5677,43.0663,85.2079,124.7713,127.8119,154.8004,42.604,-41.336,2.967791,3.594466,1.478463,30,203,130,8,0.14604117,0.04201944,0.00608590,0E-8,0.000000,0.914292,0.640282,0.04207877,2026-03-23,2026-08-04,69,1947,1162,135,0.511111,1.014849,1.012680,0.486804,,,,,,,,GLOBAL_BASELINE_NO_ENTITY_RANKING,,,NOT_APPLICABLE_GLOBAL_BASELINE,HF9g-P5,,,,X 全窗基线 · 不参与实体赏罚,15051215,1506,A168_HF9F_20260827_0900,2026-08-27 09:00:00
2026-07-31,74657362,-1,1,789.9634950564,-83.4352738674,-83.4352738674,0.5000000,10,6,0.42666741666666667,0.351152533333,0.36318220280087643,0.7638320251651102,0.36318220280087643,0.07551488333366667,SENTINEL_DEALER,R03b_20260811_FULL_v1,L1_ELIGIBILITY,v2026-08-11,2026-03-21..2026-08-06,baccarat_bet02_101_all_pairs_incl_sentinel,round_win = game_pnl > 0 (decisive only),COMPATIBILITY_ONLY_NOT_PRODUCTION,234885.8996,214754.2105,9869.7735,3689,3015,-0.04201944,-0.00608590,-0.04816467,-0.04201944,-9869.7735,234885.8996,OK,0.0000,394.7909,4.0000,96.0000,AG03-UNRESOLVED,ALL5_LEVELS_bet23_to_bet27,394.7909,394.7909,394.7909,394.7909,394.7909,4.000000,4.000000,4.000000,4.000000,4.000000,96.000000,96.000000,96.000000,96.000000,96.000000,5.0,1973.9547,1822.2297,7895.8188,8047.5438,PENDING_AG03,FALSE,NOT_FOR_ENFORCEMENT,9474.9825,206164.0421,9869.7735,9474.9825,394.7909,0.04201944,0.04033866,394.7909,9474.9825,0.04033866,394.7909,394.7909,394.7909,394.7909,394.7909,9474.9825,0.04033866,1973.9547,1822.2297,7895.8188,8047.5438,0.03361555,0.0342615,0.00168078,63.6720,71.2286,3.2736,143.0402,5.0692,3404.1435,43.6957,64.4793,63.5359,42.5677,43.0663,85.2079,124.7713,127.8119,154.8004,42.604,-41.336,2.967791,3.594466,1.478463,30,203,130,8,0.14604117,0.04201944,0.00608590,0E-8,0.000000,0.914292,0.640282,0.04207877,2026-03-23,2026-08-04,69,1947,1162,135,0.511111,1.014849,1.012680,0.486804,,,,,,,,GLOBAL_BASELINE_NO_ENTITY_RANKING,,,NOT_APPLICABLE_GLOBAL_BASELINE,HF9g-P5,,,,X 全窗基线 · 不参与实体赏罚,15051216,1506,A168_HF9F_20260827_0900,2026-08-27 09:00:00
2026-07-31,74657362,1323,0,207.9520878390,-207.9520878390,-207.9520878390,0E-7,2,1,0.41603284000000000,0.280106050000,-0.8440527600278682,-0.6237735893609975,-0.8440527600278682,0.13592679000000000,ELIGIBLE,R03b_20260811_FULL_v1,L1_ELIGIBILITY,v2026-08-11,2026-03-21..2026-08-06,baccarat_bet02_101_all_pairs_incl_sentinel,round_win = game_pnl > 0 (decisive only),COMPATIBILITY_ONLY_NOT_PRODUCTION,234885.8996,214754.2105,9869.7735,3689,3015,-0.04201944,-0.00608590,-0.04816467,-0.04201944,-9869.7735,234885.8996,OK,0.0000,394.7909,4.0000,96.0000,AG03-UNRESOLVED,ALL5_LEVELS_bet23_to_bet27,394.7909,394.7909,394.7909,394.7909,394.7909,4.000000,4.000000,4.000000,4.000000,4.000000,96.000000,96.000000,96.000000,96.000000,96.000000,5.0,1973.9547,1822.2297,7895.8188,8047.5438,PENDING_AG03,FALSE,NOT_FOR_ENFORCEMENT,9474.9825,206164.0421,9869.7735,9474.9825,394.7909,0.04201944,0.04033866,394.7909,9474.9825,0.04033866,394.7909,394.7909,394.7909,394.7909,394.7909,9474.9825,0.04033866,1973.9547,1822.2297,7895.8188,8047.5438,0.03361555,0.0342615,0.00168078,63.6720,71.2286,3.2736,143.0402,5.0692,3404.1435,43.6957,64.4793,63.5359,42.5677,43.0663,85.2079,124.7713,127.8119,154.8004,42.604,-41.336,2.967791,3.594466,1.478463,30,203,130,8,0.14604117,0.04201944,0.00608590,0E-8,0.000000,0.914292,0.640282,0.04207877,2026-03-23,2026-08-04,69,1947,1162,135,0.511111,1.014849,1.012680,0.486804,,,,,,,,GLOBAL_BASELINE_NO_ENTITY_RANKING,,,NOT_APPLICABLE_GLOBAL_BASELINE,HF9g-P5,,,,X 全窗基线 · 不参与实体赏罚,15051217,1506,A168_HF9F_20260827_0900,2026-08-27 09:00:00
2026-07-31,74657362,1384,0,207.6976491072,-125.0256914352,-125.0256914352,0.5000000,3,2,0.44331193750000000,0.386675775000,0.16137860029625145,0.3290934312765982,0.16137860029625145,0.05663616250000000,ELIGIBLE,R03b_20260811_FULL_v1,L1_ELIGIBILITY,v2026-08-11,2026-03-21..2026-08-06,baccarat_bet02_101_all_pairs_incl_sentinel,round_win = game_pnl > 0 (decisive only),COMPATIBILITY_ONLY_NOT_PRODUCTION,234885.8996,214754.2105,9869.7735,3689,3015,-0.04201944,-0.00608590,-0.04816467,-0.04201944,-9869.7735,234885.8996,OK,0.0000,394.7909,4.0000,96.0000,AG03-UNRESOLVED,ALL5_LEVELS_bet23_to_bet27,394.7909,394.7909,394.7909,394.7909,394.7909,4.000000,4.000000,4.000000,4.000000,4.000000,96.000000,96.000000,96.000000,96.000000,96.000000,5.0,1973.9547,1822.2297,7895.8188,8047.5438,PENDING_AG03,FALSE,NOT_FOR_ENFORCEMENT,9474.9825,206164.0421,9869.7735,9474.9825,394.7909,0.04201944,0.04033866,394.7909,9474.9825,0.04033866,394.7909,394.7909,394.7909,394.7909,394.7909,9474.9825,0.04033866,1973.9547,1822.2297,7895.8188,8047.5438,0.03361555,0.0342615,0.00168078,63.6720,71.2286,3.2736,143.0402,5.0692,3404.1435,43.6957,64.4793,63.5359,42.5677,43.0663,85.2079,124.7713,127.8119,154.8004,42.604,-41.336,2.967791,3.594466,1.478463,30,203,130,8,0.14604117,0.04201944,0.00608590,0E-8,0.000000,0.914292,0.640282,0.04207877,2026-03-23,2026-08-04,69,1947,1162,135,0.511111,1.014849,1.012680,0.486804,,,,,,,,GLOBAL_BASELINE_NO_ENTITY_RANKING,,,NOT_APPLICABLE_GLOBAL_BASELINE,HF9g-P5,,,,X 全窗基线 · 不参与实体赏罚,15051218,1506,A168_HF9F_20260827_0900,2026-08-27 09:00:00
2026-07-31,74657362,1402,0,41.3359788360,41.3359788360,41.3359788360,1.0000000,1,1,0.49324550000000000,0.493245500000,1.01360149184955,1.01360149184955,1.01360149184955,0E-17,ELIGIBLE,R03b_20260811_FULL_v1,L1_ELIGIBILITY,v2026-08-11,2026-03-21..2026-08-06,baccarat_bet02_101_all_pairs_incl_sentinel,round_win = game_pnl > 0 (decisive only),COMPATIBILITY_ONLY_NOT_PRODUCTION,234885.8996,214754.2105,9869.7735,3689,3015,-0.04201944,-0.00608590,-0.04816467,-0.04201944,-9869.7735,234885.8996,OK,0.0000,394.7909,4.0000,96.0000,AG03-UNRESOLVED,ALL5_LEVELS_bet23_to_bet27,394.7909,394.7909,394.7909,394.7909,394.7909,4.000000,4.000000,4.000000,4.000000,4.000000,96.000000,96.000000,96.000000,96.000000,96.000000,5.0,1973.9547,1822.2297,7895.8188,8047.5438,PENDING_AG03,FALSE,NOT_FOR_ENFORCEMENT,9474.9825,206164.0421,9869.7735,9474.9825,394.7909,0.04201944,0.04033866,394.7909,9474.9825,0.04033866,394.7909,394.7909,394.7909,394.7909,394.7909,9474.9825,0.04033866,1973.9547,1822.2297,7895.8188,8047.5438,0.03361555,0.0342615,0.00168078,63.6720,71.2286,3.2736,143.0402,5.0692,3404.1435,43.6957,64.4793,63.5359,42.5677,43.0663,85.2079,124.7713,127.8119,154.8004,42.604,-41.336,2.967791,3.594466,1.478463,30,203,130,8,0.14604117,0.04201944,0.00608590,0E-8,0.000000,0.914292,0.640282,0.04207877,2026-03-23,2026-08-04,69,1947,1162,135,0.511111,1.014849,1.012680,0.486804,,,,,,,,GLOBAL_BASELINE_NO_ENTITY_RANKING,,,NOT_APPLICABLE_GLOBAL_BASELINE,HF9g-P5,,,,X 全窗基线 · 不参与实体赏罚,15051219,1506,A168_HF9F_20260827_0900,2026-08-27 09:00:00
2026-07-31,74657362,1507,0,207.9520878390,582.2658459491,582.2658459491,1.0000000,2,1,0.41603284000000000,0.280106050000,1.184760061642335,1.6031457840727341,1.184760061642335,0.13592679000000000,ELIGIBLE,R03b_20260811_FULL_v1,L1_ELIGIBILITY,v2026-08-11,2026-03-21..2026-08-06,baccarat_bet02_101_all_pairs_incl_sentinel,round_win = game_pnl > 0 (decisive only),COMPATIBILITY_ONLY_NOT_PRODUCTION,234885.8996,214754.2105,9869.7735,3689,3015,-0.04201944,-0.00608590,-0.04816467,-0.04201944,-9869.7735,234885.8996,OK,0.0000,394.7909,4.0000,96.0000,AG03-UNRESOLVED,ALL5_LEVELS_bet23_to_bet27,394.7909,394.7909,394.7909,394.7909,394.7909,4.000000,4.000000,4.000000,4.000000,4.000000,96.000000,96.000000,96.000000,96.000000,96.000000,5.0,1973.9547,1822.2297,7895.8188,8047.5438,PENDING_AG03,FALSE,NOT_FOR_ENFORCEMENT,9474.9825,206164.0421,9869.7735,9474.9825,394.7909,0.04201944,0.04033866,394.7909,9474.9825,0.04033866,394.7909,394.7909,394.7909,394.7909,394.7909,9474.9825,0.04033866,1973.9547,1822.2297,7895.8188,8047.5438,0.03361555,0.0342615,0.00168078,63.6720,71.2286,3.2736,143.0402,5.0692,3404.1435,43.6957,64.4793,63.5359,42.5677,43.0663,85.2079,124.7713,127.8119,154.8004,42.604,-41.336,2.967791,3.594466,1.478463,30,203,130,8,0.14604117,0.04201944,0.00608590,0E-8,0.000000,0.914292,0.640282,0.04207877,2026-03-23,2026-08-04,69,1947,1162,135,0.511111,1.014849,1.012680,0.486804,,,,,,,,GLOBAL_BASELINE_NO_ENTITY_RANKING,,,NOT_APPLICABLE_GLOBAL_BASELINE,HF9g-P5,,,,X 全窗基线 · 不参与实体赏罚,15051220,1506,A168_HF9F_20260827_0900,2026-08-27 09:00:00
2026-07-31,74657362,1942,0,41.5904175678,-41.5904175678,-41.5904175678,0E-7,1,1,0.49324550000000000,0.493245500000,-0.9865810262130424,-0.9865810262130424,-0.9865810262130424,0E-17,ELIGIBLE,R03b_20260811_FULL_v1,L1_ELIGIBILITY,v2026-08-11,2026-03-21..2026-08-06,baccarat_bet02_101_all_pairs_incl_sentinel,round_win = game_pnl > 0 (decisive only),COMPATIBILITY_ONLY_NOT_PRODUCTION,234885.8996,214754.2105,9869.7735,3689,3015,-0.04201944,-0.00608590,-0.04816467,-0.04201944,-9869.7735,234885.8996,OK,0.0000,394.7909,4.0000,96.0000,AG03-UNRESOLVED,ALL5_LEVELS_bet23_to_bet27,394.7909,394.7909,394.7909,394.7909,394.7909,4.000000,4.000000,4.000000,4.000000,4.000000,96.000000,96.000000,96.000000,96.000000,96.000000,5.0,1973.9547,1822.2297,7895.8188,8047.5438,PENDING_AG03,FALSE,NOT_FOR_ENFORCEMENT,9474.9825,206164.0421,9869.7735,9474.9825,394.7909,0.04201944,0.04033866,394.7909,9474.9825,0.04033866,394.7909,394.7909,394.7909,394.7909,394.7909,9474.9825,0.04033866,1973.9547,1822.2297,7895.8188,8047.5438,0.03361555,0.0342615,0.00168078,63.6720,71.2286,3.2736,143.0402,5.0692,3404.1435,43.6957,64.4793,63.5359,42.5677,43.0663,85.2079,124.7713,127.8119,154.8004,42.604,-41.336,2.967791,3.594466,1.478463,30,203,130,8,0.14604117,0.04201944,0.00608590,0E-8,0.000000,0.914292,0.640282,0.04207877,2026-03-23,2026-08-04,69,1947,1162,135,0.511111,1.014849,1.012680,0.486804,,,,,,,,GLOBAL_BASELINE_NO_ENTITY_RANKING,,,NOT_APPLICABLE_GLOBAL_BASELINE,HF9g-P5,,,,X 全窗基线 · 不参与实体赏罚,15051221,1506,A168_HF9F_20260827_0900,2026-08-27 09:00:00
2026-07-31,74657362,1994,0,41.5904175678,41.5904175678,41.5904175678,1.0000000,1,1,0.49324550000000000,0.493245500000,1.01360149184955,1.01360149184955,1.01360149184955,0E-17,ELIGIBLE,R03b_20260811_FULL_v1,L1_ELIGIBILITY,v2026-08-11,2026-03-21..2026-08-06,baccarat_bet02_101_all_pairs_incl_sentinel,round_win = game_pnl > 0 (decisive only),COMPATIBILITY_ONLY_NOT_PRODUCTION,234885.8996,214754.2105,9869.7735,3689,3015,-0.04201944,-0.00608590,-0.04816467,-0.04201944,-9869.7735,234885.8996,OK,0.0000,394.7909,4.0000,96.0000,AG03-UNRESOLVED,ALL5_LEVELS_bet23_to_bet27,394.7909,394.7909,394.7909,394.7909,394.7909,4.000000,4.000000,4.000000,4.000000,4.000000,96.000000,96.000000,96.000000,96.000000,96.000000,5.0,1973.9547,1822.2297,7895.8188,8047.5438,PENDING_AG03,FALSE,NOT_FOR_ENFORCEMENT,9474.9825,206164.0421,9869.7735,9474.9825,394.7909,0.04201944,0.04033866,394.7909,9474.9825,0.04033866,394.7909,394.7909,394.7909,394.7909,394.7909,9474.9825,0.04033866,1973.9547,1822.2297,7895.8188,8047.5438,0.03361555,0.0342615,0.00168078,63.6720,71.2286,3.2736,143.0402,5.0692,3404.1435,43.6957,64.4793,63.5359,42.5677,43.0663,85.2079,124.7713,127.8119,154.8004,42.604,-41.336,2.967791,3.594466,1.478463,30,203,130,8,0.14604117,0.04201944,0.00608590,0E-8,0.000000,0.914292,0.640282,0.04207877,2026-03-23,2026-08-04,69,1947,1162,135,0.511111,1.014849,1.012680,0.486804,,,,,,,,GLOBAL_BASELINE_NO_ENTITY_RANKING,,,NOT_APPLICABLE_GLOBAL_BASELINE,HF9g-P5,,,,X 全窗基线 · 不参与实体赏罚,15051222,1506,A168_HF9F_20260827_0900,2026-08-27 09:00:00
2026-07-31,74657362,2169,0,82.6719576720,-82.6719576720,-82.6719576720,0E-7,1,1,0.49324550000000000,0.493245500000,-0.9865810262130424,-0.9865810262130424,-0.9865810262130424,0E-17,ELIGIBLE,R03b_20260811_FULL_v1,L1_ELIGIBILITY,v2026-08-11,2026-03-21..2026-08-06,baccarat_bet02_101_all_pairs_incl_sentinel,round_win = game_pnl > 0 (decisive only),COMPATIBILITY_ONLY_NOT_PRODUCTION,234885.8996,214754.2105,9869.7735,3689,3015,-0.04201944,-0.00608590,-0.04816467,-0.04201944,-9869.7735,234885.8996,OK,0.0000,394.7909,4.0000,96.0000,AG03-UNRESOLVED,ALL5_LEVELS_bet23_to_bet27,394.7909,394.7909,394.7909,394.7909,394.7909,4.000000,4.000000,4.000000,4.000000,4.000000,96.000000,96.000000,96.000000,96.000000,96.000000,5.0,1973.9547,1822.2297,7895.8188,8047.5438,PENDING_AG03,FALSE,NOT_FOR_ENFORCEMENT,9474.9825,206164.0421,9869.7735,9474.9825,394.7909,0.04201944,0.04033866,394.7909,9474.9825,0.04033866,394.7909,394.7909,394.7909,394.7909,394.7909,9474.9825,0.04033866,1973.9547,1822.2297,7895.8188,8047.5438,0.03361555,0.0342615,0.00168078,63.6720,71.2286,3.2736,143.0402,5.0692,3404.1435,43.6957,64.4793,63.5359,42.5677,43.0663,85.2079,124.7713,127.8119,154.8004,42.604,-41.336,2.967791,3.594466,1.478463,30,203,130,8,0.14604117,0.04201944,0.00608590,0E-8,0.000000,0.914292,0.640282,0.04207877,2026-03-23,2026-08-04,69,1947,1162,135,0.511111,1.014849,1.012680,0.486804,,,,,,,,GLOBAL_BASELINE_NO_ENTITY_RANKING,,,NOT_APPLICABLE_GLOBAL_BASELINE,HF9g-P5,,,,X 全窗基线 · 不参与实体赏罚,15051223,1506,A168_HF9F_20260827_0900,2026-08-27 09:00:00
2026-07-31,74657362,2209,0,41.3359788360,-41.3359788360,-41.3359788360,0E-7,1,1,0.49324550000000000,0.493245500000,-0.9865810262130424,-0.9865810262130424,-0.9865810262130424,0E-17,ELIGIBLE,R03b_20260811_FULL_v1,L1_ELIGIBILITY,v2026-08-11,2026-03-21..2026-08-06,baccarat_bet02_101_all_pairs_incl_sentinel,round_win = game_pnl > 0 (decisive only),COMPATIBILITY_ONLY_NOT_PRODUCTION,234885.8996,214754.2105,9869.7735,3689,3015,-0.04201944,-0.00608590,-0.04816467,-0.04201944,-9869.7735,234885.8996,OK,0.0000,394.7909,4.0000,96.0000,AG03-UNRESOLVED,ALL5_LEVELS_bet23_to_bet27,394.7909,394.7909,394.7909,394.7909,394.7909,4.000000,4.000000,4.000000,4.000000,4.000000,96.000000,96.000000,96.000000,96.000000,96.000000,5.0,1973.9547,1822.2297,7895.8188,8047.5438,PENDING_AG03,FALSE,NOT_FOR_ENFORCEMENT,9474.9825,206164.0421,9869.7735,9474.9825,394.7909,0.04201944,0.04033866,394.7909,9474.9825,0.04033866,394.7909,394.7909,394.7909,394.7909,394.7909,9474.9825,0.04033866,1973.9547,1822.2297,7895.8188,8047.5438,0.03361555,0.0342615,0.00168078,63.6720,71.2286,3.2736,143.0402,5.0692,3404.1435,43.6957,64.4793,63.5359,42.5677,43.0663,85.2079,124.7713,127.8119,154.8004,42.604,-41.336,2.967791,3.594466,1.478463,30,203,130,8,0.14604117,0.04201944,0.00608590,0E-8,0.000000,0.914292,0.640282,0.04207877,2026-03-23,2026-08-04,69,1947,1162,135,0.511111,1.014849,1.012680,0.486804,,,,,,,,GLOBAL_BASELINE_NO_ENTITY_RANKING,,,NOT_APPLICABLE_GLOBAL_BASELINE,HF9g-P5,,,,X 全窗基线 · 不参与实体赏罚,15051224,1506,A168_HF9F_20260827_0900,2026-08-27 09:00:00
2026-07-31,74657362,2280,0,249.5425054068,0E-10,0E-10,0.5000000,3,2,0.44331193750000000,0.386675775000,0.16137860029625145,0.3290934312765982,0.16137860029625145,0.05663616250000000,ELIGIBLE,R03b_20260811_FULL_v1,L1_ELIGIBILITY,v2026-08-11,2026-03-21..2026-08-06,baccarat_bet02_101_all_pairs_incl_sentinel,round_win = game_pnl > 0 (decisive only),COMPATIBILITY_ONLY_NOT_PRODUCTION,234885.8996,214754.2105,9869.7735,3689,3015,-0.04201944,-0.00608590,-0.04816467,-0.04201944,-9869.7735,234885.8996,OK,0.0000,394.7909,4.0000,96.0000,AG03-UNRESOLVED,ALL5_LEVELS_bet23_to_bet27,394.7909,394.7909,394.7909,394.7909,394.7909,4.000000,4.000000,4.000000,4.000000,4.000000,96.000000,96.000000,96.000000,96.000000,96.000000,5.0,1973.9547,1822.2297,7895.8188,8047.5438,PENDING_AG03,FALSE,NOT_FOR_ENFORCEMENT,9474.9825,206164.0421,9869.7735,9474.9825,394.7909,0.04201944,0.04033866,394.7909,9474.9825,0.04033866,394.7909,394.7909,394.7909,394.7909,394.7909,9474.9825,0.04033866,1973.9547,1822.2297,7895.8188,8047.5438,0.03361555,0.0342615,0.00168078,63.6720,71.2286,3.2736,143.0402,5.0692,3404.1435,43.6957,64.4793,63.5359,42.5677,43.0663,85.2079,124.7713,127.8119,154.8004,42.604,-41.336,2.967791,3.594466,1.478463,30,203,130,8,0.14604117,0.04201944,0.00608590,0E-8,0.000000,0.914292,0.640282,0.04207877,2026-03-23,2026-08-04,69,1947,1162,135,0.511111,1.014849,1.012680,0.486804,,,,,,,,GLOBAL_BASELINE_NO_ENTITY_RANKING,,,NOT_APPLICABLE_GLOBAL_BASELINE,HF9g-P5,,,,X 全窗基线 · 不参与实体赏罚,15051225,1506,A168_HF9F_20260827_0900,2026-08-27 09:00:00
2026-07-31,74657362,2289,0,207.9520878390,-83.1808351356,-83.1808351356,0E-7,3,2,0.44331193750000000,0.386675775000,-1.2620127909358219,-1.122906047548861,-1.2620127909358219,0.05663616250000000,ELIGIBLE,R03b_20260811_FULL_v1,L1_ELIGIBILITY,v2026-08-11,2026-03-21..2026-08-06,baccarat_bet02_101_all_pairs_incl_sentinel,round_win = game_pnl > 0 (decisive only),COMPATIBILITY_ONLY_NOT_PRODUCTION,234885.8996,214754.2105,9869.7735,3689,3015,-0.04201944,-0.00608590,-0.04816467,-0.04201944,-9869.7735,234885.8996,OK,0.0000,394.7909,4.0000,96.0000,AG03-UNRESOLVED,ALL5_LEVELS_bet23_to_bet27,394.7909,394.7909,394.7909,394.7909,394.7909,4.000000,4.000000,4.000000,4.000000,4.000000,96.000000,96.000000,96.000000,96.000000,96.000000,5.0,1973.9547,1822.2297,7895.8188,8047.5438,PENDING_AG03,FALSE,NOT_FOR_ENFORCEMENT,9474.9825,206164.0421,9869.7735,9474.9825,394.7909,0.04201944,0.04033866,394.7909,9474.9825,0.04033866,394.7909,394.7909,394.7909,394.7909,394.7909,9474.9825,0.04033866,1973.9547,1822.2297,7895.8188,8047.5438,0.03361555,0.0342615,0.00168078,63.6720,71.2286,3.2736,143.0402,5.0692,3404.1435,43.6957,64.4793,63.5359,42.5677,43.0663,85.2079,124.7713,127.8119,154.8004,42.604,-41.336,2.967791,3.594466,1.478463,30,203,130,8,0.14604117,0.04201944,0.00608590,0E-8,0.000000,0.914292,0.640282,0.04207877,2026-03-23,2026-08-04,69,1947,1162,135,0.511111,1.014849,1.012680,0.486804,,,,,,,,GLOBAL_BASELINE_NO_ENTITY_RANKING,,,NOT_APPLICABLE_GLOBAL_BASELINE,HF9g-P5,,,,X 全窗基线 · 不参与实体赏罚,15051226,1506,A168_HF9F_20260827_0900,2026-08-27 09:00:00
2026-07-31,74657362,462,0,166.3616702712,-166.3616702712,-166.3616702712,0E-7,2,1,0.39337837500000000,0.280106050000,-0.8052788575962098,-0.6237735893609975,-0.8052788575962098,0.11327232500000000,ELIGIBLE,R03b_20260811_FULL_v1,L1_ELIGIBILITY,v2026-08-11,2026-03-21..2026-08-06,baccarat_bet02_101_all_pairs_incl_sentinel,round_win = game_pnl > 0 (decisive only),COMPATIBILITY_ONLY_NOT_PRODUCTION,234885.8996,214754.2105,9869.7735,3689,3015,-0.04201944,-0.00608590,-0.04816467,-0.04201944,-9869.7735,234885.8996,OK,0.0000,394.7909,4.0000,96.0000,AG03-UNRESOLVED,ALL5_LEVELS_bet23_to_bet27,394.7909,394.7909,394.7909,394.7909,394.7909,4.000000,4.000000,4.000000,4.000000,4.000000,96.000000,96.000000,96.000000,96.000000,96.000000,5.0,1973.9547,1822.2297,7895.8188,8047.5438,PENDING_AG03,FALSE,NOT_FOR_ENFORCEMENT,9474.9825,206164.0421,9869.7735,9474.9825,394.7909,0.04201944,0.04033866,394.7909,9474.9825,0.04033866,394.7909,394.7909,394.7909,394.7909,394.7909,9474.9825,0.04033866,1973.9547,1822.2297,7895.8188,8047.5438,0.03361555,0.0342615,0.00168078,63.6720,71.2286,3.2736,143.0402,5.0692,3404.1435,43.6957,64.4793,63.5359,42.5677,43.0663,85.2079,124.7713,127.8119,154.8004,42.604,-41.336,2.967791,3.594466,1.478463,30,203,130,8,0.14604117,0.04201944,0.00608590,0E-8,0.000000,0.914292,0.640282,0.04207877,2026-03-23,2026-08-04,69,1947,1162,135,0.511111,1.014849,1.012680,0.486804,,,,,,,,GLOBAL_BASELINE_NO_ENTITY_RANKING,,,NOT_APPLICABLE_GLOBAL_BASELINE,HF9g-P5,,,,X 全窗基线 · 不参与实体赏罚,15051227,1506,A168_HF9F_20260827_0900,2026-08-27 09:00:00
2026-07-31,74657362,925,0,166.3616702712,-166.3616702712,-166.3616702712,0E-7,2,1,0.39337837500000000,0.280106050000,-0.8052788575962098,-0.6237735893609975,-0.8052788575962098,0.11327232500000000,ELIGIBLE,R03b_20260811_FULL_v1,L1_ELIGIBILITY,v2026-08-11,2026-03-21..2026-08-06,baccarat_bet02_101_all_pairs_incl_sentinel,round_win = game_pnl > 0 (decisive only),COMPATIBILITY_ONLY_NOT_PRODUCTION,234885.8996,214754.2105,9869.7735,3689,3015,-0.04201944,-0.00608590,-0.04816467,-0.04201944,-9869.7735,234885.8996,OK,0.0000,394.7909,4.0000,96.0000,AG03-UNRESOLVED,ALL5_LEVELS_bet23_to_bet27,394.7909,394.7909,394.7909,394.7909,394.7909,4.000000,4.000000,4.000000,4.000000,4.000000,96.000000,96.000000,96.000000,96.000000,96.000000,5.0,1973.9547,1822.2297,7895.8188,8047.5438,PENDING_AG03,FALSE,NOT_FOR_ENFORCEMENT,9474.9825,206164.0421,9869.7735,9474.9825,394.7909,0.04201944,0.04033866,394.7909,9474.9825,0.04033866,394.7909,394.7909,394.7909,394.7909,394.7909,9474.9825,0.04033866,1973.9547,1822.2297,7895.8188,8047.5438,0.03361555,0.0342615,0.00168078,63.6720,71.2286,3.2736,143.0402,5.0692,3404.1435,43.6957,64.4793,63.5359,42.5677,43.0663,85.2079,124.7713,127.8119,154.8004,42.604,-41.336,2.967791,3.594466,1.478463,30,203,130,8,0.14604117,0.04201944,0.00608590,0E-8,0.000000,0.914292,0.640282,0.04207877,2026-03-23,2026-08-04,69,1947,1162,135,0.511111,1.014849,1.012680,0.486804,,,,,,,,GLOBAL_BASELINE_NO_ENTITY_RANKING,,,NOT_APPLICABLE_GLOBAL_BASELINE,HF9g-P5,,,,X 全窗基线 · 不参与实体赏罚,15051228,1506,A168_HF9F_20260827_0900,2026-08-27 09:00:00
2026-07-31,74657362,970,0,332.7233405424,-332.7233405424,-332.7233405424,0E-7,4,2,0.39337837500000000,0.280106050000,-1.138836281904872,-0.8821490699244685,-1.138836281904872,0.11327232500000000,ELIGIBLE,R03b_20260811_FULL_v1,L1_ELIGIBILITY,v2026-08-11,2026-03-21..2026-08-06,baccarat_bet02_101_all_pairs_incl_sentinel,round_win = game_pnl > 0 (decisive only),COMPATIBILITY_ONLY_NOT_PRODUCTION,234885.8996,214754.2105,9869.7735,3689,3015,-0.04201944,-0.00608590,-0.04816467,-0.04201944,-9869.7735,234885.8996,OK,0.0000,394.7909,4.0000,96.0000,AG03-UNRESOLVED,ALL5_LEVELS_bet23_to_bet27,394.7909,394.7909,394.7909,394.7909,394.7909,4.000000,4.000000,4.000000,4.000000,4.000000,96.000000,96.000000,96.000000,96.000000,96.000000,5.0,1973.9547,1822.2297,7895.8188,8047.5438,PENDING_AG03,FALSE,NOT_FOR_ENFORCEMENT,9474.9825,206164.0421,9869.7735,9474.9825,394.7909,0.04201944,0.04033866,394.7909,9474.9825,0.04033866,394.7909,394.7909,394.7909,394.7909,394.7909,9474.9825,0.04033866,1973.9547,1822.2297,7895.8188,8047.5438,0.03361555,0.0342615,0.00168078,63.6720,71.2286,3.2736,143.0402,5.0692,3404.1435,43.6957,64.4793,63.5359,42.5677,43.0663,85.2079,124.7713,127.8119,154.8004,42.604,-41.336,2.967791,3.594466,1.478463,30,203,130,8,0.14604117,0.04201944,0.00608590,0E-8,0.000000,0.914292,0.640282,0.04207877,2026-03-23,2026-08-04,69,1947,1162,135,0.511111,1.014849,1.012680,0.486804,,,,,,,,GLOBAL_BASELINE_NO_ENTITY_RANKING,,,NOT_APPLICABLE_GLOBAL_BASELINE,HF9g-P5,,,,X 全窗基线 · 不参与实体赏罚,15051229,1506,A168_HF9F_20260827_0900,2026-08-27 09:00:00
2026-07-31,74657362,987,0,166.3616702712,83.1808351356,83.1808351356,1.0000000,2,1,0.39337837500000000,0.280106050000,1.2418058546638626,1.6031457840727341,1.2418058546638626,0.11327232500000000,ELIGIBLE,R03b_20260811_FULL_v1,L1_ELIGIBILITY,v2026-08-11,2026-03-21..2026-08-06,baccarat_bet02_101_all_pairs_incl_sentinel,round_win = game_pnl > 0 (decisive only),COMPATIBILITY_ONLY_NOT_PRODUCTION,234885.8996,214754.2105,9869.7735,3689,3015,-0.04201944,-0.00608590,-0.04816467,-0.04201944,-9869.7735,234885.8996,OK,0.0000,394.7909,4.0000,96.0000,AG03-UNRESOLVED,ALL5_LEVELS_bet23_to_bet27,394.7909,394.7909,394.7909,394.7909,394.7909,4.000000,4.000000,4.000000,4.000000,4.000000,96.000000,96.000000,96.000000,96.000000,96.000000,5.0,1973.9547,1822.2297,7895.8188,8047.5438,PENDING_AG03,FALSE,NOT_FOR_ENFORCEMENT,9474.9825,206164.0421,9869.7735,9474.9825,394.7909,0.04201944,0.04033866,394.7909,9474.9825,0.04033866,394.7909,394.7909,394.7909,394.7909,394.7909,9474.9825,0.04033866,1973.9547,1822.2297,7895.8188,8047.5438,0.03361555,0.0342615,0.00168078,63.6720,71.2286,3.2736,143.0402,5.0692,3404.1435,43.6957,64.4793,63.5359,42.5677,43.0663,85.2079,124.7713,127.8119,154.8004,42.604,-41.336,2.967791,3.594466,1.478463,30,203,130,8,0.14604117,0.04201944,0.00608590,0E-8,0.000000,0.914292,0.640282,0.04207877,2026-03-23,2026-08-04,69,1947,1162,135,0.511111,1.014849,1.012680,0.486804,,,,,,,,GLOBAL_BASELINE_NO_ENTITY_RANKING,,,NOT_APPLICABLE_GLOBAL_BASELINE,HF9g-P5,,,,X 全窗基线 · 不参与实体赏罚,15051230,1506,A168_HF9F_20260827_0900,2026-08-27 09:00:00
2026-07-31,74657362,989,0,83.1808351356,-83.1808351356,-83.1808351356,0E-7,1,1,0.49324550000000000,0.493245500000,-0.9865810262130424,-0.9865810262130424,-0.9865810262130424,0E-17,ELIGIBLE,R03b_20260811_FULL_v1,L1_ELIGIBILITY,v2026-08-11,2026-03-21..2026-08-06,baccarat_bet02_101_all_pairs_incl_sentinel,round_win = game_pnl > 0 (decisive only),COMPATIBILITY_ONLY_NOT_PRODUCTION,234885.8996,214754.2105,9869.7735,3689,3015,-0.04201944,-0.00608590,-0.04816467,-0.04201944,-9869.7735,234885.8996,OK,0.0000,394.7909,4.0000,96.0000,AG03-UNRESOLVED,ALL5_LEVELS_bet23_to_bet27,394.7909,394.7909,394.7909,394.7909,394.7909,4.000000,4.000000,4.000000,4.000000,4.000000,96.000000,96.000000,96.000000,96.000000,96.000000,5.0,1973.9547,1822.2297,7895.8188,8047.5438,PENDING_AG03,FALSE,NOT_FOR_ENFORCEMENT,9474.9825,206164.0421,9869.7735,9474.9825,394.7909,0.04201944,0.04033866,394.7909,9474.9825,0.04033866,394.7909,394.7909,394.7909,394.7909,394.7909,9474.9825,0.04033866,1973.9547,1822.2297,7895.8188,8047.5438,0.03361555,0.0342615,0.00168078,63.6720,71.2286,3.2736,143.0402,5.0692,3404.1435,43.6957,64.4793,63.5359,42.5677,43.0663,85.2079,124.7713,127.8119,154.8004,42.604,-41.336,2.967791,3.594466,1.478463,30,203,130,8,0.14604117,0.04201944,0.00608590,0E-8,0.000000,0.914292,0.640282,0.04207877,2026-03-23,2026-08-04,69,1947,1162,135,0.511111,1.014849,1.012680,0.486804,,,,,,,,GLOBAL_BASELINE_NO_ENTITY_RANKING,,,NOT_APPLICABLE_GLOBAL_BASELINE,HF9g-P5,,,,X 全窗基线 · 不参与实体赏罚,15051231,1506,A168_HF9F_20260827_0900,2026-08-27 09:00:00
2026-08-01,74657362,-1,1,537.3677248680,-248.0158730160,-248.0158730160,0.2000000,7,7,0.49516052857142857,0.495160528571,-1.320059846649454,-1.3200598466475484,-1.320059846649454,4.2857E-13,SENTINEL_DEALER,R03b_20260811_FULL_v1,L1_ELIGIBILITY,v2026-08-11,2026-03-21..2026-08-06,baccarat_bet02_101_all_pairs_incl_sentinel,round_win = game_pnl > 0 (decisive only),COMPATIBILITY_ONLY_NOT_PRODUCTION,234885.8996,214754.2105,9869.7735,3689,3015,-0.04201944,-0.00608590,-0.04816467,-0.04201944,-9869.7735,234885.8996,OK,0.0000,394.7909,4.0000,96.0000,AG03-UNRESOLVED,ALL5_LEVELS_bet23_to_bet27,394.7909,394.7909,394.7909,394.7909,394.7909,4.000000,4.000000,4.000000,4.000000,4.000000,96.000000,96.000000,96.000000,96.000000,96.000000,5.0,1973.9547,1822.2297,7895.8188,8047.5438,PENDING_AG03,FALSE,NOT_FOR_ENFORCEMENT,9474.9825,206164.0421,9869.7735,9474.9825,394.7909,0.04201944,0.04033866,394.7909,9474.9825,0.04033866,394.7909,394.7909,394.7909,394.7909,394.7909,9474.9825,0.04033866,1973.9547,1822.2297,7895.8188,8047.5438,0.03361555,0.0342615,0.00168078,63.6720,71.2286,3.2736,143.0402,5.0692,3404.1435,43.6957,64.4793,63.5359,42.5677,43.0663,85.2079,124.7713,127.8119,154.8004,42.604,-41.336,2.967791,3.594466,1.478463,30,203,130,8,0.14604117,0.04201944,0.00608590,0E-8,0.000000,0.914292,0.640282,0.04207877,2026-03-23,2026-08-04,69,1947,1162,135,0.511111,1.014849,1.012680,0.486804,,,,,,,,GLOBAL_BASELINE_NO_ENTITY_RANKING,,,NOT_APPLICABLE_GLOBAL_BASELINE,HF9g-P5,,,,X 全窗基线 · 不参与实体赏罚,15051232,1506,A168_HF9F_20260827_0900,2026-08-27 09:00:00
2026-08-01,74657362,1017,0,124.0079365080,-41.3359788360,-41.3359788360,0.5000000,2,2,0.49324550000000000,0.493245500000,0.01910635448239258,0.01910635448239258,0.01910635448239258,0E-17,ELIGIBLE,R03b_20260811_FULL_v1,L1_ELIGIBILITY,v2026-08-11,2026-03-21..2026-08-06,baccarat_bet02_101_all_pairs_incl_sentinel,round_win = game_pnl > 0 (decisive only),COMPATIBILITY_ONLY_NOT_PRODUCTION,234885.8996,214754.2105,9869.7735,3689,3015,-0.04201944,-0.00608590,-0.04816467,-0.04201944,-9869.7735,234885.8996,OK,0.0000,394.7909,4.0000,96.0000,AG03-UNRESOLVED,ALL5_LEVELS_bet23_to_bet27,394.7909,394.7909,394.7909,394.7909,394.7909,4.000000,4.000000,4.000000,4.000000,4.000000,96.000000,96.000000,96.000000,96.000000,96.000000,5.0,1973.9547,1822.2297,7895.8188,8047.5438,PENDING_AG03,FALSE,NOT_FOR_ENFORCEMENT,9474.9825,206164.0421,9869.7735,9474.9825,394.7909,0.04201944,0.04033866,394.7909,9474.9825,0.04033866,394.7909,394.7909,394.7909,394.7909,394.7909,9474.9825,0.04033866,1973.9547,1822.2297,7895.8188,8047.5438,0.03361555,0.0342615,0.00168078,63.6720,71.2286,3.2736,143.0402,5.0692,3404.1435,43.6957,64.4793,63.5359,42.5677,43.0663,85.2079,124.7713,127.8119,154.8004,42.604,-41.336,2.967791,3.594466,1.478463,30,203,130,8,0.14604117,0.04201944,0.00608590,0E-8,0.000000,0.914292,0.640282,0.04207877,2026-03-23,2026-08-04,69,1947,1162,135,0.511111,1.014849,1.012680,0.486804,,,,,,,,GLOBAL_BASELINE_NO_ENTITY_RANKING,,,NOT_APPLICABLE_GLOBAL_BASELINE,HF9g-P5,,,,X 全窗基线 · 不参与实体赏罚,15051233,1506,A168_HF9F_20260827_0900,2026-08-27 09:00:00
2026-08-01,74657362,1094,0,41.3359788360,41.3359788360,41.3359788360,1.0000000,1,1,0.49324550000000000,0.493245500000,1.01360149184955,1.01360149184955,1.01360149184955,0E-17,ELIGIBLE,R03b_20260811_FULL_v1,L1_ELIGIBILITY,v2026-08-11,2026-03-21..2026-08-06,baccarat_bet02_101_all_pairs_incl_sentinel,round_win = game_pnl > 0 (decisive only),COMPATIBILITY_ONLY_NOT_PRODUCTION,234885.8996,214754.2105,9869.7735,3689,3015,-0.04201944,-0.00608590,-0.04816467,-0.04201944,-9869.7735,234885.8996,OK,0.0000,394.7909,4.0000,96.0000,AG03-UNRESOLVED,ALL5_LEVELS_bet23_to_bet27,394.7909,394.7909,394.7909,394.7909,394.7909,4.000000,4.000000,4.000000,4.000000,4.000000,96.000000,96.000000,96.000000,96.000000,96.000000,5.0,1973.9547,1822.2297,7895.8188,8047.5438,PENDING_AG03,FALSE,NOT_FOR_ENFORCEMENT,9474.9825,206164.0421,9869.7735,9474.9825,394.7909,0.04201944,0.04033866,394.7909,9474.9825,0.04033866,394.7909,394.7909,394.7909,394.7909,394.7909,9474.9825,0.04033866,1973.9547,1822.2297,7895.8188,8047.5438,0.03361555,0.0342615,0.00168078,63.6720,71.2286,3.2736,143.0402,5.0692,3404.1435,43.6957,64.4793,63.5359,42.5677,43.0663,85.2079,124.7713,127.8119,154.8004,42.604,-41.336,2.967791,3.594466,1.478463,30,203,130,8,0.14604117,0.04201944,0.00608590,0E-8,0.000000,0.914292,0.640282,0.04207877,2026-03-23,2026-08-04,69,1947,1162,135,0.511111,1.014849,1.012680,0.486804,,,,,,,,GLOBAL_BASELINE_NO_ENTITY_RANKING,,,NOT_APPLICABLE_GLOBAL_BASELINE,HF9g-P5,,,,X 全窗基线 · 不参与实体赏罚,15051234,1506,A168_HF9F_20260827_0900,2026-08-27 09:00:00
2026-08-01,74657362,1151,0,41.3359788360,-41.3359788360,-41.3359788360,0E-7,1,1,0.49324550000000000,0.493245500000,-0.9865810262130424,-0.9865810262130424,-0.9865810262130424,0E-17,ELIGIBLE,R03b_20260811_FULL_v1,L1_ELIGIBILITY,v2026-08-11,2026-03-21..2026-08-06,baccarat_bet02_101_all_pairs_incl_sentinel,round_win = game_pnl > 0 (decisive only),COMPATIBILITY_ONLY_NOT_PRODUCTION,234885.8996,214754.2105,9869.7735,3689,3015,-0.04201944,-0.00608590,-0.04816467,-0.04201944,-9869.7735,234885.8996,OK,0.0000,394.7909,4.0000,96.0000,AG03-UNRESOLVED,ALL5_LEVELS_bet23_to_bet27,394.7909,394.7909,394.7909,394.7909,394.7909,4.000000,4.000000,4.000000,4.000000,4.000000,96.000000,96.000000,96.000000,96.000000,96.000000,5.0,1973.9547,1822.2297,7895.8188,8047.5438,PENDING_AG03,FALSE,NOT_FOR_ENFORCEMENT,9474.9825,206164.0421,9869.7735,9474.9825,394.7909,0.04201944,0.04033866,394.7909,9474.9825,0.04033866,394.7909,394.7909,394.7909,394.7909,394.7909,9474.9825,0.04033866,1973.9547,1822.2297,7895.8188,8047.5438,0.03361555,0.0342615,0.00168078,63.6720,71.2286,3.2736,143.0402,5.0692,3404.1435,43.6957,64.4793,63.5359,42.5677,43.0663,85.2079,124.7713,127.8119,154.8004,42.604,-41.336,2.967791,3.594466,1.478463,30,203,130,8,0.14604117,0.04201944,0.00608590,0E-8,0.000000,0.914292,0.640282,0.04207877,2026-03-23,2026-08-04,69,1947,1162,135,0.511111,1.014849,1.012680,0.486804,,,,,,,,GLOBAL_BASELINE_NO_ENTITY_RANKING,,,NOT_APPLICABLE_GLOBAL_BASELINE,HF9g-P5,,,,X 全窗基线 · 不参与实体赏罚,15051235,1506,A168_HF9F_20260827_0900,2026-08-27 09:00:00
2026-08-01,74657362,1210,0,41.3359788360,-41.3359788360,-41.3359788360,0E-7,1,1,0.49324550000000000,0.493245500000,-0.9865810262130424,-0.9865810262130424,-0.9865810262130424,0E-17,ELIGIBLE,R03b_20260811_FULL_v1,L1_ELIGIBILITY,v2026-08-11,2026-03-21..2026-08-06,baccarat_bet02_101_all_pairs_incl_sentinel,round_win = game_pnl > 0 (decisive only),COMPATIBILITY_ONLY_NOT_PRODUCTION,234885.8996,214754.2105,9869.7735,3689,3015,-0.04201944,-0.00608590,-0.04816467,-0.04201944,-9869.7735,234885.8996,OK,0.0000,394.7909,4.0000,96.0000,AG03-UNRESOLVED,ALL5_LEVELS_bet23_to_bet27,394.7909,394.7909,394.7909,394.7909,394.7909,4.000000,4.000000,4.000000,4.000000,4.000000,96.000000,96.000000,96.000000,96.000000,96.000000,5.0,1973.9547,1822.2297,7895.8188,8047.5438,PENDING_AG03,FALSE,NOT_FOR_ENFORCEMENT,9474.9825,206164.0421,9869.7735,9474.9825,394.7909,0.04201944,0.04033866,394.7909,9474.9825,0.04033866,394.7909,394.7909,394.7909,394.7909,394.7909,9474.9825,0.04033866,1973.9547,1822.2297,7895.8188,8047.5438,0.03361555,0.0342615,0.00168078,63.6720,71.2286,3.2736,143.0402,5.0692,3404.1435,43.6957,64.4793,63.5359,42.5677,43.0663,85.2079,124.7713,127.8119,154.8004,42.604,-41.336,2.967791,3.594466,1.478463,30,203,130,8,0.14604117,0.04201944,0.00608590,0E-8,0.000000,0.914292,0.640282,0.04207877,2026-03-23,2026-08-04,69,1947,1162,135,0.511111,1.014849,1.012680,0.486804,,,,,,,,GLOBAL_BASELINE_NO_ENTITY_RANKING,,,NOT_APPLICABLE_GLOBAL_BASELINE,HF9g-P5,,,,X 全窗基线 · 不参与实体赏罚,15051236,1506,A168_HF9F_20260827_0900,2026-08-27 09:00:00
2026-08-01,74657362,1318,0,124.0079365080,41.3359788360,41.3359788360,0.6666667,3,3,0.49324550000000000,0.493245500000,0.6008033672792107,0.6008033672792106,0.6008033672792107,0E-17,ELIGIBLE,R03b_20260811_FULL_v1,L1_ELIGIBILITY,v2026-08-11,2026-03-21..2026-08-06,baccarat_bet02_101_all_pairs_incl_sentinel,round_win = game_pnl > 0 (decisive only),COMPATIBILITY_ONLY_NOT_PRODUCTION,234885.8996,214754.2105,9869.7735,3689,3015,-0.04201944,-0.00608590,-0.04816467,-0.04201944,-9869.7735,234885.8996,OK,0.0000,394.7909,4.0000,96.0000,AG03-UNRESOLVED,ALL5_LEVELS_bet23_to_bet27,394.7909,394.7909,394.7909,394.7909,394.7909,4.000000,4.000000,4.000000,4.000000,4.000000,96.000000,96.000000,96.000000,96.000000,96.000000,5.0,1973.9547,1822.2297,7895.8188,8047.5438,PENDING_AG03,FALSE,NOT_FOR_ENFORCEMENT,9474.9825,206164.0421,9869.7735,9474.9825,394.7909,0.04201944,0.04033866,394.7909,9474.9825,0.04033866,394.7909,394.7909,394.7909,394.7909,394.7909,9474.9825,0.04033866,1973.9547,1822.2297,7895.8188,8047.5438,0.03361555,0.0342615,0.00168078,63.6720,71.2286,3.2736,143.0402,5.0692,3404.1435,43.6957,64.4793,63.5359,42.5677,43.0663,85.2079,124.7713,127.8119,154.8004,42.604,-41.336,2.967791,3.594466,1.478463,30,203,130,8,0.14604117,0.04201944,0.00608590,0E-8,0.000000,0.914292,0.640282,0.04207877,2026-03-23,2026-08-04,69,1947,1162,135,0.511111,1.014849,1.012680,0.486804,,,,,,,,GLOBAL_BASELINE_NO_ENTITY_RANKING,,,NOT_APPLICABLE_GLOBAL_BASELINE,HF9g-P5,,,,X 全窗基线 · 不参与实体赏罚,15051237,1506,A168_HF9F_20260827_0900,2026-08-27 09:00:00
2026-08-01,74657362,1331,0,41.3359788360,-41.3359788360,-41.3359788360,0E-7,1,1,0.49324550000000000,0.493245500000,-0.9865810262130424,-0.9865810262130424,-0.9865810262130424,0E-17,ELIGIBLE,R03b_20260811_FULL_v1,L1_ELIGIBILITY,v2026-08-11,2026-03-21..2026-08-06,baccarat_bet02_101_all_pairs_incl_sentinel,round_win = game_pnl > 0 (decisive only),COMPATIBILITY_ONLY_NOT_PRODUCTION,234885.8996,214754.2105,9869.7735,3689,3015,-0.04201944,-0.00608590,-0.04816467,-0.04201944,-9869.7735,234885.8996,OK,0.0000,394.7909,4.0000,96.0000,AG03-UNRESOLVED,ALL5_LEVELS_bet23_to_bet27,394.7909,394.7909,394.7909,394.7909,394.7909,4.000000,4.000000,4.000000,4.000000,4.000000,96.000000,96.000000,96.000000,96.000000,96.000000,5.0,1973.9547,1822.2297,7895.8188,8047.5438,PENDING_AG03,FALSE,NOT_FOR_ENFORCEMENT,9474.9825,206164.0421,9869.7735,9474.9825,394.7909,0.04201944,0.04033866,394.7909,9474.9825,0.04033866,394.7909,394.7909,394.7909,394.7909,394.7909,9474.9825,0.04033866,1973.9547,1822.2297,7895.8188,8047.5438,0.03361555,0.0342615,0.00168078,63.6720,71.2286,3.2736,143.0402,5.0692,3404.1435,43.6957,64.4793,63.5359,42.5677,43.0663,85.2079,124.7713,127.8119,154.8004,42.604,-41.336,2.967791,3.594466,1.478463,30,203,130,8,0.14604117,0.04201944,0.00608590,0E-8,0.000000,0.914292,0.640282,0.04207877,2026-03-23,2026-08-04,69,1947,1162,135,0.511111,1.014849,1.012680,0.486804,,,,,,,,GLOBAL_BASELINE_NO_ENTITY_RANKING,,,NOT_APPLICABLE_GLOBAL_BASELINE,HF9g-P5,,,,X 全窗基线 · 不参与实体赏罚,15051238,1506,A168_HF9F_20260827_0900,2026-08-27 09:00:00
2026-08-01,74657362,1353,0,41.3359788360,-41.3359788360,-41.3359788360,0E-7,1,1,0.50665070000000000,0.506650700000,-1.013391052207602,-1.013391052207602,-1.013391052207602,0E-17,ELIGIBLE,R03b_20260811_FULL_v1,L1_ELIGIBILITY,v2026-08-11,2026-03-21..2026-08-06,baccarat_bet02_101_all_pairs_incl_sentinel,round_win = game_pnl > 0 (decisive only),COMPATIBILITY_ONLY_NOT_PRODUCTION,234885.8996,214754.2105,9869.7735,3689,3015,-0.04201944,-0.00608590,-0.04816467,-0.04201944,-9869.7735,234885.8996,OK,0.0000,394.7909,4.0000,96.0000,AG03-UNRESOLVED,ALL5_LEVELS_bet23_to_bet27,394.7909,394.7909,394.7909,394.7909,394.7909,4.000000,4.000000,4.000000,4.000000,4.000000,96.000000,96.000000,96.000000,96.000000,96.000000,5.0,1973.9547,1822.2297,7895.8188,8047.5438,PENDING_AG03,FALSE,NOT_FOR_ENFORCEMENT,9474.9825,206164.0421,9869.7735,9474.9825,394.7909,0.04201944,0.04033866,394.7909,9474.9825,0.04033866,394.7909,394.7909,394.7909,394.7909,394.7909,9474.9825,0.04033866,1973.9547,1822.2297,7895.8188,8047.5438,0.03361555,0.0342615,0.00168078,63.6720,71.2286,3.2736,143.0402,5.0692,3404.1435,43.6957,64.4793,63.5359,42.5677,43.0663,85.2079,124.7713,127.8119,154.8004,42.604,-41.336,2.967791,3.594466,1.478463,30,203,130,8,0.14604117,0.04201944,0.00608590,0E-8,0.000000,0.914292,0.640282,0.04207877,2026-03-23,2026-08-04,69,1947,1162,135,0.511111,1.014849,1.012680,0.486804,,,,,,,,GLOBAL_BASELINE_NO_ENTITY_RANKING,,,NOT_APPLICABLE_GLOBAL_BASELINE,HF9g-P5,,,,X 全窗基线 · 不参与实体赏罚,15051239,1506,A168_HF9F_20260827_0900,2026-08-27 09:00:00
2026-08-01,74657362,1384,0,41.3359788360,-41.3359788360,-41.3359788360,0E-7,1,1,0.50665070000000000,0.506650700000,-1.013391052207602,-1.013391052207602,-1.013391052207602,0E-17,ELIGIBLE,R03b_20260811_FULL_v1,L1_ELIGIBILITY,v2026-08-11,2026-03-21..2026-08-06,baccarat_bet02_101_all_pairs_incl_sentinel,round_win = game_pnl > 0 (decisive only),COMPATIBILITY_ONLY_NOT_PRODUCTION,234885.8996,214754.2105,9869.7735,3689,3015,-0.04201944,-0.00608590,-0.04816467,-0.04201944,-9869.7735,234885.8996,OK,0.0000,394.7909,4.0000,96.0000,AG03-UNRESOLVED,ALL5_LEVELS_bet23_to_bet27,394.7909,394.7909,394.7909,394.7909,394.7909,4.000000,4.000000,4.000000,4.000000,4.000000,96.000000,96.000000,96.000000,96.000000,96.000000,5.0,1973.9547,1822.2297,7895.8188,8047.5438,PENDING_AG03,FALSE,NOT_FOR_ENFORCEMENT,9474.9825,206164.0421,9869.7735,9474.9825,394.7909,0.04201944,0.04033866,394.7909,9474.9825,0.04033866,394.7909,394.7909,394.7909,394.7909,394.7909,9474.9825,0.04033866,1973.9547,1822.2297,7895.8188,8047.5438,0.03361555,0.0342615,0.00168078,63.6720,71.2286,3.2736,143.0402,5.0692,3404.1435,43.6957,64.4793,63.5359,42.5677,43.0663,85.2079,124.7713,127.8119,154.8004,42.604,-41.336,2.967791,3.594466,1.478463,30,203,130,8,0.14604117,0.04201944,0.00608590,0E-8,0.000000,0.914292,0.640282,0.04207877,2026-03-23,2026-08-04,69,1947,1162,135,0.511111,1.014849,1.012680,0.486804,,,,,,,,GLOBAL_BASELINE_NO_ENTITY_RANKING,,,NOT_APPLICABLE_GLOBAL_BASELINE,HF9g-P5,,,,X 全窗基线 · 不参与实体赏罚,15051240,1506,A168_HF9F_20260827_0900,2026-08-27 09:00:00
2026-08-01,74657362,1385,0,372.0238095240,165.3439153440,165.3439153440,0.8000000,7,7,0.49516052857142857,0.495160528571,1.3633474226866982,1.3633474226886262,1.3633474226866982,4.2857E-13,ELIGIBLE,R03b_20260811_FULL_v1,L1_ELIGIBILITY,v2026-08-11,2026-03-21..2026-08-06,baccarat_bet02_101_all_pairs_incl_sentinel,round_win = game_pnl > 0 (decisive only),COMPATIBILITY_ONLY_NOT_PRODUCTION,234885.8996,214754.2105,9869.7735,3689,3015,-0.04201944,-0.00608590,-0.04816467,-0.04201944,-9869.7735,234885.8996,OK,0.0000,394.7909,4.0000,96.0000,AG03-UNRESOLVED,ALL5_LEVELS_bet23_to_bet27,394.7909,394.7909,394.7909,394.7909,394.7909,4.000000,4.000000,4.000000,4.000000,4.000000,96.000000,96.000000,96.000000,96.000000,96.000000,5.0,1973.9547,1822.2297,7895.8188,8047.5438,PENDING_AG03,FALSE,NOT_FOR_ENFORCEMENT,9474.9825,206164.0421,9869.7735,9474.9825,394.7909,0.04201944,0.04033866,394.7909,9474.9825,0.04033866,394.7909,394.7909,394.7909,394.7909,394.7909,9474.9825,0.04033866,1973.9547,1822.2297,7895.8188,8047.5438,0.03361555,0.0342615,0.00168078,63.6720,71.2286,3.2736,143.0402,5.0692,3404.1435,43.6957,64.4793,63.5359,42.5677,43.0663,85.2079,124.7713,127.8119,154.8004,42.604,-41.336,2.967791,3.594466,1.478463,30,203,130,8,0.14604117,0.04201944,0.00608590,0E-8,0.000000,0.914292,0.640282,0.04207877,2026-03-23,2026-08-04,69,1947,1162,135,0.511111,1.014849,1.012680,0.486804,,,,,,,,GLOBAL_BASELINE_NO_ENTITY_RANKING,,,NOT_APPLICABLE_GLOBAL_BASELINE,HF9g-P5,,,,X 全窗基线 · 不参与实体赏罚,15051241,1506,A168_HF9F_20260827_0900,2026-08-27 09:00:00
2026-08-01,74657362,1623,0,41.3359788360,-41.3359788360,-41.3359788360,0E-7,1,1,0.50665070000000000,0.506650700000,-1.013391052207602,-1.013391052207602,-1.013391052207602,0E-17,ELIGIBLE,R03b_20260811_FULL_v1,L1_ELIGIBILITY,v2026-08-11,2026-03-21..2026-08-06,baccarat_bet02_101_all_pairs_incl_sentinel,round_win = game_pnl > 0 (decisive only),COMPATIBILITY_ONLY_NOT_PRODUCTION,234885.8996,214754.2105,9869.7735,3689,3015,-0.04201944,-0.00608590,-0.04816467,-0.04201944,-9869.7735,234885.8996,OK,0.0000,394.7909,4.0000,96.0000,AG03-UNRESOLVED,ALL5_LEVELS_bet23_to_bet27,394.7909,394.7909,394.7909,394.7909,394.7909,4.000000,4.000000,4.000000,4.000000,4.000000,96.000000,96.000000,96.000000,96.000000,96.000000,5.0,1973.9547,1822.2297,7895.8188,8047.5438,PENDING_AG03,FALSE,NOT_FOR_ENFORCEMENT,9474.9825,206164.0421,9869.7735,9474.9825,394.7909,0.04201944,0.04033866,394.7909,9474.9825,0.04033866,394.7909,394.7909,394.7909,394.7909,394.7909,9474.9825,0.04033866,1973.9547,1822.2297,7895.8188,8047.5438,0.03361555,0.0342615,0.00168078,63.6720,71.2286,3.2736,143.0402,5.0692,3404.1435,43.6957,64.4793,63.5359,42.5677,43.0663,85.2079,124.7713,127.8119,154.8004,42.604,-41.336,2.967791,3.594466,1.478463,30,203,130,8,0.14604117,0.04201944,0.00608590,0E-8,0.000000,0.914292,0.640282,0.04207877,2026-03-23,2026-08-04,69,1947,1162,135,0.511111,1.014849,1.012680,0.486804,,,,,,,,GLOBAL_BASELINE_NO_ENTITY_RANKING,,,NOT_APPLICABLE_GLOBAL_BASELINE,HF9g-P5,,,,X 全窗基线 · 不参与实体赏罚,15051242,1506,A168_HF9F_20260827_0900,2026-08-27 09:00:00
2026-08-01,74657362,1646,0,41.3359788360,41.3359788360,41.3359788360,1.0000000,1,1,0.50665070000000000,0.506650700000,0.9867858985152569,0.9867858985152569,0.9867858985152569,0E-17,ELIGIBLE,R03b_20260811_FULL_v1,L1_ELIGIBILITY,v2026-08-11,2026-03-21..2026-08-06,baccarat_bet02_101_all_pairs_incl_sentinel,round_win = game_pnl > 0 (decisive only),COMPATIBILITY_ONLY_NOT_PRODUCTION,234885.8996,214754.2105,9869.7735,3689,3015,-0.04201944,-0.00608590,-0.04816467,-0.04201944,-9869.7735,234885.8996,OK,0.0000,394.7909,4.0000,96.0000,AG03-UNRESOLVED,ALL5_LEVELS_bet23_to_bet27,394.7909,394.7909,394.7909,394.7909,394.7909,4.000000,4.000000,4.000000,4.000000,4.000000,96.000000,96.000000,96.000000,96.000000,96.000000,5.0,1973.9547,1822.2297,7895.8188,8047.5438,PENDING_AG03,FALSE,NOT_FOR_ENFORCEMENT,9474.9825,206164.0421,9869.7735,9474.9825,394.7909,0.04201944,0.04033866,394.7909,9474.9825,0.04033866,394.7909,394.7909,394.7909,394.7909,394.7909,9474.9825,0.04033866,1973.9547,1822.2297,7895.8188,8047.5438,0.03361555,0.0342615,0.00168078,63.6720,71.2286,3.2736,143.0402,5.0692,3404.1435,43.6957,64.4793,63.5359,42.5677,43.0663,85.2079,124.7713,127.8119,154.8004,42.604,-41.336,2.967791,3.594466,1.478463,30,203,130,8,0.14604117,0.04201944,0.00608590,0E-8,0.000000,0.914292,0.640282,0.04207877,2026-03-23,2026-08-04,69,1947,1162,135,0.511111,1.014849,1.012680,0.486804,,,,,,,,GLOBAL_BASELINE_NO_ENTITY_RANKING,,,NOT_APPLICABLE_GLOBAL_BASELINE,HF9g-P5,,,,X 全窗基线 · 不参与实体赏罚,15051243,1506,A168_HF9F_20260827_0900,2026-08-27 09:00:00
2026-08-01,74657362,1654,0,82.6719576720,0E-10,0E-10,0.5000000,2,2,0.49324550000000000,0.493245500000,0.01910635448239258,0.01910635448239258,0.01910635448239258,0E-17,ELIGIBLE,R03b_20260811_FULL_v1,L1_ELIGIBILITY,v2026-08-11,2026-03-21..2026-08-06,baccarat_bet02_101_all_pairs_incl_sentinel,round_win = game_pnl > 0 (decisive only),COMPATIBILITY_ONLY_NOT_PRODUCTION,234885.8996,214754.2105,9869.7735,3689,3015,-0.04201944,-0.00608590,-0.04816467,-0.04201944,-9869.7735,234885.8996,OK,0.0000,394.7909,4.0000,96.0000,AG03-UNRESOLVED,ALL5_LEVELS_bet23_to_bet27,394.7909,394.7909,394.7909,394.7909,394.7909,4.000000,4.000000,4.000000,4.000000,4.000000,96.000000,96.000000,96.000000,96.000000,96.000000,5.0,1973.9547,1822.2297,7895.8188,8047.5438,PENDING_AG03,FALSE,NOT_FOR_ENFORCEMENT,9474.9825,206164.0421,9869.7735,9474.9825,394.7909,0.04201944,0.04033866,394.7909,9474.9825,0.04033866,394.7909,394.7909,394.7909,394.7909,394.7909,9474.9825,0.04033866,1973.9547,1822.2297,7895.8188,8047.5438,0.03361555,0.0342615,0.00168078,63.6720,71.2286,3.2736,143.0402,5.0692,3404.1435,43.6957,64.4793,63.5359,42.5677,43.0663,85.2079,124.7713,127.8119,154.8004,42.604,-41.336,2.967791,3.594466,1.478463,30,203,130,8,0.14604117,0.04201944,0.00608590,0E-8,0.000000,0.914292,0.640282,0.04207877,2026-03-23,2026-08-04,69,1947,1162,135,0.511111,1.014849,1.012680,0.486804,,,,,,,,GLOBAL_BASELINE_NO_ENTITY_RANKING,,,NOT_APPLICABLE_GLOBAL_BASELINE,HF9g-P5,,,,X 全窗基线 · 不参与实体赏罚,15051244,1506,A168_HF9F_20260827_0900,2026-08-27 09:00:00
2026-08-01,74657362,1994,0,41.3359788360,-41.3359788360,-41.3359788360,0E-7,1,1,0.50665070000000000,0.506650700000,-1.013391052207602,-1.013391052207602,-1.013391052207602,0E-17,ELIGIBLE,R03b_20260811_FULL_v1,L1_ELIGIBILITY,v2026-08-11,2026-03-21..2026-08-06,baccarat_bet02_101_all_pairs_incl_sentinel,round_win = game_pnl > 0 (decisive only),COMPATIBILITY_ONLY_NOT_PRODUCTION,234885.8996,214754.2105,9869.7735,3689,3015,-0.04201944,-0.00608590,-0.04816467,-0.04201944,-9869.7735,234885.8996,OK,0.0000,394.7909,4.0000,96.0000,AG03-UNRESOLVED,ALL5_LEVELS_bet23_to_bet27,394.7909,394.7909,394.7909,394.7909,394.7909,4.000000,4.000000,4.000000,4.000000,4.000000,96.000000,96.000000,96.000000,96.000000,96.000000,5.0,1973.9547,1822.2297,7895.8188,8047.5438,PENDING_AG03,FALSE,NOT_FOR_ENFORCEMENT,9474.9825,206164.0421,9869.7735,9474.9825,394.7909,0.04201944,0.04033866,394.7909,9474.9825,0.04033866,394.7909,394.7909,394.7909,394.7909,394.7909,9474.9825,0.04033866,1973.9547,1822.2297,7895.8188,8047.5438,0.03361555,0.0342615,0.00168078,63.6720,71.2286,3.2736,143.0402,5.0692,3404.1435,43.6957,64.4793,63.5359,42.5677,43.0663,85.2079,124.7713,127.8119,154.8004,42.604,-41.336,2.967791,3.594466,1.478463,30,203,130,8,0.14604117,0.04201944,0.00608590,0E-8,0.000000,0.914292,0.640282,0.04207877,2026-03-23,2026-08-04,69,1947,1162,135,0.511111,1.014849,1.012680,0.486804,,,,,,,,GLOBAL_BASELINE_NO_ENTITY_RANKING,,,NOT_APPLICABLE_GLOBAL_BASELINE,HF9g-P5,,,,X 全窗基线 · 不参与实体赏罚,15051245,1506,A168_HF9F_20260827_0900,2026-08-27 09:00:00
2026-08-01,74657362,2103,0,165.3439153440,82.6719576720,82.6719576720,0.7500000,4,4,0.50665070000000000,0.506650700000,0.9734833216690844,0.9734833216690844,0.9734833216690844,0E-17,ELIGIBLE,R03b_20260811_FULL_v1,L1_ELIGIBILITY,v2026-08-11,2026-03-21..2026-08-06,baccarat_bet02_101_all_pairs_incl_sentinel,round_win = game_pnl > 0 (decisive only),COMPATIBILITY_ONLY_NOT_PRODUCTION,234885.8996,214754.2105,9869.7735,3689,3015,-0.04201944,-0.00608590,-0.04816467,-0.04201944,-9869.7735,234885.8996,OK,0.0000,394.7909,4.0000,96.0000,AG03-UNRESOLVED,ALL5_LEVELS_bet23_to_bet27,394.7909,394.7909,394.7909,394.7909,394.7909,4.000000,4.000000,4.000000,4.000000,4.000000,96.000000,96.000000,96.000000,96.000000,96.000000,5.0,1973.9547,1822.2297,7895.8188,8047.5438,PENDING_AG03,FALSE,NOT_FOR_ENFORCEMENT,9474.9825,206164.0421,9869.7735,9474.9825,394.7909,0.04201944,0.04033866,394.7909,9474.9825,0.04033866,394.7909,394.7909,394.7909,394.7909,394.7909,9474.9825,0.04033866,1973.9547,1822.2297,7895.8188,8047.5438,0.03361555,0.0342615,0.00168078,63.6720,71.2286,3.2736,143.0402,5.0692,3404.1435,43.6957,64.4793,63.5359,42.5677,43.0663,85.2079,124.7713,127.8119,154.8004,42.604,-41.336,2.967791,3.594466,1.478463,30,203,130,8,0.14604117,0.04201944,0.00608590,0E-8,0.000000,0.914292,0.640282,0.04207877,2026-03-23,2026-08-04,69,1947,1162,135,0.511111,1.014849,1.012680,0.486804,,,,,,,,GLOBAL_BASELINE_NO_ENTITY_RANKING,,,NOT_APPLICABLE_GLOBAL_BASELINE,HF9g-P5,,,,X 全窗基线 · 不参与实体赏罚,15051246,1506,A168_HF9F_20260827_0900,2026-08-27 09:00:00
2026-08-01,74657362,2121,0,165.3439153439,82.6719576719,82.6719576719,1.0000000,2,1,0.39337837499993149,0.280106050000,1.2418058546640405,1.6031457840727341,1.2418058546640405,0.11327232499993149,ELIGIBLE,R03b_20260811_FULL_v1,L1_ELIGIBILITY,v2026-08-11,2026-03-21..2026-08-06,baccarat_bet02_101_all_pairs_incl_sentinel,round_win = game_pnl > 0 (decisive only),COMPATIBILITY_ONLY_NOT_PRODUCTION,234885.8996,214754.2105,9869.7735,3689,3015,-0.04201944,-0.00608590,-0.04816467,-0.04201944,-9869.7735,234885.8996,OK,0.0000,394.7909,4.0000,96.0000,AG03-UNRESOLVED,ALL5_LEVELS_bet23_to_bet27,394.7909,394.7909,394.7909,394.7909,394.7909,4.000000,4.000000,4.000000,4.000000,4.000000,96.000000,96.000000,96.000000,96.000000,96.000000,5.0,1973.9547,1822.2297,7895.8188,8047.5438,PENDING_AG03,FALSE,NOT_FOR_ENFORCEMENT,9474.9825,206164.0421,9869.7735,9474.9825,394.7909,0.04201944,0.04033866,394.7909,9474.9825,0.04033866,394.7909,394.7909,394.7909,394.7909,394.7909,9474.9825,0.04033866,1973.9547,1822.2297,7895.8188,8047.5438,0.03361555,0.0342615,0.00168078,63.6720,71.2286,3.2736,143.0402,5.0692,3404.1435,43.6957,64.4793,63.5359,42.5677,43.0663,85.2079,124.7713,127.8119,154.8004,42.604,-41.336,2.967791,3.594466,1.478463,30,203,130,8,0.14604117,0.04201944,0.00608590,0E-8,0.000000,0.914292,0.640282,0.04207877,2026-03-23,2026-08-04,69,1947,1162,135,0.511111,1.014849,1.012680,0.486804,,,,,,,,GLOBAL_BASELINE_NO_ENTITY_RANKING,,,NOT_APPLICABLE_GLOBAL_BASELINE,HF9g-P5,,,,X 全窗基线 · 不参与实体赏罚,15051247,1506,A168_HF9F_20260827_0900,2026-08-27 09:00:00
2026-08-01,74657362,2134,0,82.6719576720,82.6719576720,82.6719576720,1.0000000,1,1,0.49324550000000000,0.493245500000,1.01360149184955,1.01360149184955,1.01360149184955,0E-17,ELIGIBLE,R03b_20260811_FULL_v1,L1_ELIGIBILITY,v2026-08-11,2026-03-21..2026-08-06,baccarat_bet02_101_all_pairs_incl_sentinel,round_win = game_pnl > 0 (decisive only),COMPATIBILITY_ONLY_NOT_PRODUCTION,234885.8996,214754.2105,9869.7735,3689,3015,-0.04201944,-0.00608590,-0.04816467,-0.04201944,-9869.7735,234885.8996,OK,0.0000,394.7909,4.0000,96.0000,AG03-UNRESOLVED,ALL5_LEVELS_bet23_to_bet27,394.7909,394.7909,394.7909,394.7909,394.7909,4.000000,4.000000,4.000000,4.000000,4.000000,96.000000,96.000000,96.000000,96.000000,96.000000,5.0,1973.9547,1822.2297,7895.8188,8047.5438,PENDING_AG03,FALSE,NOT_FOR_ENFORCEMENT,9474.9825,206164.0421,9869.7735,9474.9825,394.7909,0.04201944,0.04033866,394.7909,9474.9825,0.04033866,394.7909,394.7909,394.7909,394.7909,394.7909,9474.9825,0.04033866,1973.9547,1822.2297,7895.8188,8047.5438,0.03361555,0.0342615,0.00168078,63.6720,71.2286,3.2736,143.0402,5.0692,3404.1435,43.6957,64.4793,63.5359,42.5677,43.0663,85.2079,124.7713,127.8119,154.8004,42.604,-41.336,2.967791,3.594466,1.478463,30,203,130,8,0.14604117,0.04201944,0.00608590,0E-8,0.000000,0.914292,0.640282,0.04207877,2026-03-23,2026-08-04,69,1947,1162,135,0.511111,1.014849,1.012680,0.486804,,,,,,,,GLOBAL_BASELINE_NO_ENTITY_RANKING,,,NOT_APPLICABLE_GLOBAL_BASELINE,HF9g-P5,,,,X 全窗基线 · 不参与实体赏罚,15051248,1506,A168_HF9F_20260827_0900,2026-08-27 09:00:00
2026-08-01,74657362,2147,0,41.3359788360,-41.3359788360,-41.3359788360,0E-7,1,1,0.49324550000000000,0.493245500000,-0.9865810262130424,-0.9865810262130424,-0.9865810262130424,0E-17,ELIGIBLE,R03b_20260811_FULL_v1,L1_ELIGIBILITY,v2026-08-11,2026-03-21..2026-08-06,baccarat_bet02_101_all_pairs_incl_sentinel,round_win = game_pnl > 0 (decisive only),COMPATIBILITY_ONLY_NOT_PRODUCTION,234885.8996,214754.2105,9869.7735,3689,3015,-0.04201944,-0.00608590,-0.04816467,-0.04201944,-9869.7735,234885.8996,OK,0.0000,394.7909,4.0000,96.0000,AG03-UNRESOLVED,ALL5_LEVELS_bet23_to_bet27,394.7909,394.7909,394.7909,394.7909,394.7909,4.000000,4.000000,4.000000,4.000000,4.000000,96.000000,96.000000,96.000000,96.000000,96.000000,5.0,1973.9547,1822.2297,7895.8188,8047.5438,PENDING_AG03,FALSE,NOT_FOR_ENFORCEMENT,9474.9825,206164.0421,9869.7735,9474.9825,394.7909,0.04201944,0.04033866,394.7909,9474.9825,0.04033866,394.7909,394.7909,394.7909,394.7909,394.7909,9474.9825,0.04033866,1973.9547,1822.2297,7895.8188,8047.5438,0.03361555,0.0342615,0.00168078,63.6720,71.2286,3.2736,143.0402,5.0692,3404.1435,43.6957,64.4793,63.5359,42.5677,43.0663,85.2079,124.7713,127.8119,154.8004,42.604,-41.336,2.967791,3.594466,1.478463,30,203,130,8,0.14604117,0.04201944,0.00608590,0E-8,0.000000,0.914292,0.640282,0.04207877,2026-03-23,2026-08-04,69,1947,1162,135,0.511111,1.014849,1.012680,0.486804,,,,,,,,GLOBAL_BASELINE_NO_ENTITY_RANKING,,,NOT_APPLICABLE_GLOBAL_BASELINE,HF9g-P5,,,,X 全窗基线 · 不参与实体赏罚,15051249,1506,A168_HF9F_20260827_0900,2026-08-27 09:00:00
2026-08-01,74657362,2169,0,41.3359788360,41.3359788360,41.3359788360,1.0000000,1,1,0.49324550000000000,0.493245500000,1.01360149184955,1.01360149184955,1.01360149184955,0E-17,ELIGIBLE,R03b_20260811_FULL_v1,L1_ELIGIBILITY,v2026-08-11,2026-03-21..2026-08-06,baccarat_bet02_101_all_pairs_incl_sentinel,round_win = game_pnl > 0 (decisive only),COMPATIBILITY_ONLY_NOT_PRODUCTION,234885.8996,214754.2105,9869.7735,3689,3015,-0.04201944,-0.00608590,-0.04816467,-0.04201944,-9869.7735,234885.8996,OK,0.0000,394.7909,4.0000,96.0000,AG03-UNRESOLVED,ALL5_LEVELS_bet23_to_bet27,394.7909,394.7909,394.7909,394.7909,394.7909,4.000000,4.000000,4.000000,4.000000,4.000000,96.000000,96.000000,96.000000,96.000000,96.000000,5.0,1973.9547,1822.2297,7895.8188,8047.5438,PENDING_AG03,FALSE,NOT_FOR_ENFORCEMENT,9474.9825,206164.0421,9869.7735,9474.9825,394.7909,0.04201944,0.04033866,394.7909,9474.9825,0.04033866,394.7909,394.7909,394.7909,394.7909,394.7909,9474.9825,0.04033866,1973.9547,1822.2297,7895.8188,8047.5438,0.03361555,0.0342615,0.00168078,63.6720,71.2286,3.2736,143.0402,5.0692,3404.1435,43.6957,64.4793,63.5359,42.5677,43.0663,85.2079,124.7713,127.8119,154.8004,42.604,-41.336,2.967791,3.594466,1.478463,30,203,130,8,0.14604117,0.04201944,0.00608590,0E-8,0.000000,0.914292,0.640282,0.04207877,2026-03-23,2026-08-04,69,1947,1162,135,0.511111,1.014849,1.012680,0.486804,,,,,,,,GLOBAL_BASELINE_NO_ENTITY_RANKING,,,NOT_APPLICABLE_GLOBAL_BASELINE,HF9g-P5,,,,X 全窗基线 · 不参与实体赏罚,15051250,1506,A168_HF9F_20260827_0900,2026-08-27 09:00:00
2026-08-01,74657362,2188,0,248.0158730160,82.6719576720,82.6719576720,0.6666667,3,3,0.49324550000000000,0.493245500000,0.6008033672792107,0.6008033672792106,0.6008033672792107,0E-17,ELIGIBLE,R03b_20260811_FULL_v1,L1_ELIGIBILITY,v2026-08-11,2026-03-21..2026-08-06,baccarat_bet02_101_all_pairs_incl_sentinel,round_win = game_pnl > 0 (decisive only),COMPATIBILITY_ONLY_NOT_PRODUCTION,234885.8996,214754.2105,9869.7735,3689,3015,-0.04201944,-0.00608590,-0.04816467,-0.04201944,-9869.7735,234885.8996,OK,0.0000,394.7909,4.0000,96.0000,AG03-UNRESOLVED,ALL5_LEVELS_bet23_to_bet27,394.7909,394.7909,394.7909,394.7909,394.7909,4.000000,4.000000,4.000000,4.000000,4.000000,96.000000,96.000000,96.000000,96.000000,96.000000,5.0,1973.9547,1822.2297,7895.8188,8047.5438,PENDING_AG03,FALSE,NOT_FOR_ENFORCEMENT,9474.9825,206164.0421,9869.7735,9474.9825,394.7909,0.04201944,0.04033866,394.7909,9474.9825,0.04033866,394.7909,394.7909,394.7909,394.7909,394.7909,9474.9825,0.04033866,1973.9547,1822.2297,7895.8188,8047.5438,0.03361555,0.0342615,0.00168078,63.6720,71.2286,3.2736,143.0402,5.0692,3404.1435,43.6957,64.4793,63.5359,42.5677,43.0663,85.2079,124.7713,127.8119,154.8004,42.604,-41.336,2.967791,3.594466,1.478463,30,203,130,8,0.14604117,0.04201944,0.00608590,0E-8,0.000000,0.914292,0.640282,0.04207877,2026-03-23,2026-08-04,69,1947,1162,135,0.511111,1.014849,1.012680,0.486804,,,,,,,,GLOBAL_BASELINE_NO_ENTITY_RANKING,,,NOT_APPLICABLE_GLOBAL_BASELINE,HF9g-P5,,,,X 全窗基线 · 不参与实体赏罚,15051251,1506,A168_HF9F_20260827_0900,2026-08-27 09:00:00
2026-08-01,74657362,2201,0,41.3359788360,-41.3359788360,-41.3359788360,0E-7,1,1,0.49324550000000000,0.493245500000,-0.9865810262130424,-0.9865810262130424,-0.9865810262130424,0E-17,ELIGIBLE,R03b_20260811_FULL_v1,L1_ELIGIBILITY,v2026-08-11,2026-03-21..2026-08-06,baccarat_bet02_101_all_pairs_incl_sentinel,round_win = game_pnl > 0 (decisive only),COMPATIBILITY_ONLY_NOT_PRODUCTION,234885.8996,214754.2105,9869.7735,3689,3015,-0.04201944,-0.00608590,-0.04816467,-0.04201944,-9869.7735,234885.8996,OK,0.0000,394.7909,4.0000,96.0000,AG03-UNRESOLVED,ALL5_LEVELS_bet23_to_bet27,394.7909,394.7909,394.7909,394.7909,394.7909,4.000000,4.000000,4.000000,4.000000,4.000000,96.000000,96.000000,96.000000,96.000000,96.000000,5.0,1973.9547,1822.2297,7895.8188,8047.5438,PENDING_AG03,FALSE,NOT_FOR_ENFORCEMENT,9474.9825,206164.0421,9869.7735,9474.9825,394.7909,0.04201944,0.04033866,394.7909,9474.9825,0.04033866,394.7909,394.7909,394.7909,394.7909,394.7909,9474.9825,0.04033866,1973.9547,1822.2297,7895.8188,8047.5438,0.03361555,0.0342615,0.00168078,63.6720,71.2286,3.2736,143.0402,5.0692,3404.1435,43.6957,64.4793,63.5359,42.5677,43.0663,85.2079,124.7713,127.8119,154.8004,42.604,-41.336,2.967791,3.594466,1.478463,30,203,130,8,0.14604117,0.04201944,0.00608590,0E-8,0.000000,0.914292,0.640282,0.04207877,2026-03-23,2026-08-04,69,1947,1162,135,0.511111,1.014849,1.012680,0.486804,,,,,,,,GLOBAL_BASELINE_NO_ENTITY_RANKING,,,NOT_APPLICABLE_GLOBAL_BASELINE,HF9g-P5,,,,X 全窗基线 · 不参与实体赏罚,15051252,1506,A168_HF9F_20260827_0900,2026-08-27 09:00:00
2026-08-01,74657362,2209,0,82.6719576720,41.3359788360,41.3359788360,1.0000000,2,2,0.49324550000000000,0.493245500000,1.01360149184955,1.01360149184955,1.01360149184955,0E-17,ELIGIBLE,R03b_20260811_FULL_v1,L1_ELIGIBILITY,v2026-08-11,2026-03-21..2026-08-06,baccarat_bet02_101_all_pairs_incl_sentinel,round_win = game_pnl > 0 (decisive only),COMPATIBILITY_ONLY_NOT_PRODUCTION,234885.8996,214754.2105,9869.7735,3689,3015,-0.04201944,-0.00608590,-0.04816467,-0.04201944,-9869.7735,234885.8996,OK,0.0000,394.7909,4.0000,96.0000,AG03-UNRESOLVED,ALL5_LEVELS_bet23_to_bet27,394.7909,394.7909,394.7909,394.7909,394.7909,4.000000,4.000000,4.000000,4.000000,4.000000,96.000000,96.000000,96.000000,96.000000,96.000000,5.0,1973.9547,1822.2297,7895.8188,8047.5438,PENDING_AG03,FALSE,NOT_FOR_ENFORCEMENT,9474.9825,206164.0421,9869.7735,9474.9825,394.7909,0.04201944,0.04033866,394.7909,9474.9825,0.04033866,394.7909,394.7909,394.7909,394.7909,394.7909,9474.9825,0.04033866,1973.9547,1822.2297,7895.8188,8047.5438,0.03361555,0.0342615,0.00168078,63.6720,71.2286,3.2736,143.0402,5.0692,3404.1435,43.6957,64.4793,63.5359,42.5677,43.0663,85.2079,124.7713,127.8119,154.8004,42.604,-41.336,2.967791,3.594466,1.478463,30,203,130,8,0.14604117,0.04201944,0.00608590,0E-8,0.000000,0.914292,0.640282,0.04207877,2026-03-23,2026-08-04,69,1947,1162,135,0.511111,1.014849,1.012680,0.486804,,,,,,,,GLOBAL_BASELINE_NO_ENTITY_RANKING,,,NOT_APPLICABLE_GLOBAL_BASELINE,HF9g-P5,,,,X 全窗基线 · 不参与实体赏罚,15051253,1506,A168_HF9F_20260827_0900,2026-08-27 09:00:00
2026-08-01,74657362,2280,0,41.3359788360,41.3359788360,41.3359788360,1.0000000,1,1,0.50665070000000000,0.506650700000,0.9867858985152569,0.9867858985152569,0.9867858985152569,0E-17,ELIGIBLE,R03b_20260811_FULL_v1,L1_ELIGIBILITY,v2026-08-11,2026-03-21..2026-08-06,baccarat_bet02_101_all_pairs_incl_sentinel,round_win = game_pnl > 0 (decisive only),COMPATIBILITY_ONLY_NOT_PRODUCTION,234885.8996,214754.2105,9869.7735,3689,3015,-0.04201944,-0.00608590,-0.04816467,-0.04201944,-9869.7735,234885.8996,OK,0.0000,394.7909,4.0000,96.0000,AG03-UNRESOLVED,ALL5_LEVELS_bet23_to_bet27,394.7909,394.7909,394.7909,394.7909,394.7909,4.000000,4.000000,4.000000,4.000000,4.000000,96.000000,96.000000,96.000000,96.000000,96.000000,5.0,1973.9547,1822.2297,7895.8188,8047.5438,PENDING_AG03,FALSE,NOT_FOR_ENFORCEMENT,9474.9825,206164.0421,9869.7735,9474.9825,394.7909,0.04201944,0.04033866,394.7909,9474.9825,0.04033866,394.7909,394.7909,394.7909,394.7909,394.7909,9474.9825,0.04033866,1973.9547,1822.2297,7895.8188,8047.5438,0.03361555,0.0342615,0.00168078,63.6720,71.2286,3.2736,143.0402,5.0692,3404.1435,43.6957,64.4793,63.5359,42.5677,43.0663,85.2079,124.7713,127.8119,154.8004,42.604,-41.336,2.967791,3.594466,1.478463,30,203,130,8,0.14604117,0.04201944,0.00608590,0E-8,0.000000,0.914292,0.640282,0.04207877,2026-03-23,2026-08-04,69,1947,1162,135,0.511111,1.014849,1.012680,0.486804,,,,,,,,GLOBAL_BASELINE_NO_ENTITY_RANKING,,,NOT_APPLICABLE_GLOBAL_BASELINE,HF9g-P5,,,,X 全窗基线 · 不参与实体赏罚,15051254,1506,A168_HF9F_20260827_0900,2026-08-27 09:00:00
2026-08-01,74657362,2281,0,82.6719576720,82.6719576720,82.6719576720,1.0000000,1,1,0.50665070000000000,0.506650700000,0.9867858985152569,0.9867858985152569,0.9867858985152569,0E-17,ELIGIBLE,R03b_20260811_FULL_v1,L1_ELIGIBILITY,v2026-08-11,2026-03-21..2026-08-06,baccarat_bet02_101_all_pairs_incl_sentinel,round_win = game_pnl > 0 (decisive only),COMPATIBILITY_ONLY_NOT_PRODUCTION,234885.8996,214754.2105,9869.7735,3689,3015,-0.04201944,-0.00608590,-0.04816467,-0.04201944,-9869.7735,234885.8996,OK,0.0000,394.7909,4.0000,96.0000,AG03-UNRESOLVED,ALL5_LEVELS_bet23_to_bet27,394.7909,394.7909,394.7909,394.7909,394.7909,4.000000,4.000000,4.000000,4.000000,4.000000,96.000000,96.000000,96.000000,96.000000,96.000000,5.0,1973.9547,1822.2297,7895.8188,8047.5438,PENDING_AG03,FALSE,NOT_FOR_ENFORCEMENT,9474.9825,206164.0421,9869.7735,9474.9825,394.7909,0.04201944,0.04033866,394.7909,9474.9825,0.04033866,394.7909,394.7909,394.7909,394.7909,394.7909,9474.9825,0.04033866,1973.9547,1822.2297,7895.8188,8047.5438,0.03361555,0.0342615,0.00168078,63.6720,71.2286,3.2736,143.0402,5.0692,3404.1435,43.6957,64.4793,63.5359,42.5677,43.0663,85.2079,124.7713,127.8119,154.8004,42.604,-41.336,2.967791,3.594466,1.478463,30,203,130,8,0.14604117,0.04201944,0.00608590,0E-8,0.000000,0.914292,0.640282,0.04207877,2026-03-23,2026-08-04,69,1947,1162,135,0.511111,1.014849,1.012680,0.486804,,,,,,,,GLOBAL_BASELINE_NO_ENTITY_RANKING,,,NOT_APPLICABLE_GLOBAL_BASELINE,HF9g-P5,,,,X 全窗基线 · 不参与实体赏罚,15051255,1506,A168_HF9F_20260827_0900,2026-08-27 09:00:00
2026-08-01,74657362,2287,0,124.0079365080,-124.0079365080,-124.0079365080,0E-7,2,2,0.49994810000000000,0.499948100000,-1.4140667746232096,-1.4140667746232096,-1.4140667746232096,0E-17,ELIGIBLE,R03b_20260811_FULL_v1,L1_ELIGIBILITY,v2026-08-11,2026-03-21..2026-08-06,baccarat_bet02_101_all_pairs_incl_sentinel,round_win = game_pnl > 0 (decisive only),COMPATIBILITY_ONLY_NOT_PRODUCTION,234885.8996,214754.2105,9869.7735,3689,3015,-0.04201944,-0.00608590,-0.04816467,-0.04201944,-9869.7735,234885.8996,OK,0.0000,394.7909,4.0000,96.0000,AG03-UNRESOLVED,ALL5_LEVELS_bet23_to_bet27,394.7909,394.7909,394.7909,394.7909,394.7909,4.000000,4.000000,4.000000,4.000000,4.000000,96.000000,96.000000,96.000000,96.000000,96.000000,5.0,1973.9547,1822.2297,7895.8188,8047.5438,PENDING_AG03,FALSE,NOT_FOR_ENFORCEMENT,9474.9825,206164.0421,9869.7735,9474.9825,394.7909,0.04201944,0.04033866,394.7909,9474.9825,0.04033866,394.7909,394.7909,394.7909,394.7909,394.7909,9474.9825,0.04033866,1973.9547,1822.2297,7895.8188,8047.5438,0.03361555,0.0342615,0.00168078,63.6720,71.2286,3.2736,143.0402,5.0692,3404.1435,43.6957,64.4793,63.5359,42.5677,43.0663,85.2079,124.7713,127.8119,154.8004,42.604,-41.336,2.967791,3.594466,1.478463,30,203,130,8,0.14604117,0.04201944,0.00608590,0E-8,0.000000,0.914292,0.640282,0.04207877,2026-03-23,2026-08-04,69,1947,1162,135,0.511111,1.014849,1.012680,0.486804,,,,,,,,GLOBAL_BASELINE_NO_ENTITY_RANKING,,,NOT_APPLICABLE_GLOBAL_BASELINE,HF9g-P5,,,,X 全窗基线 · 不参与实体赏罚,15051256,1506,A168_HF9F_20260827_0900,2026-08-27 09:00:00
2026-08-02,74657362,-1,1,2809.1931216932,661.3756613751,661.3756613751,0.4761905,40,21,0.37596621969596415,0.299148631349,0.9482089012218974,1.771858763094538,0.9482089012218974,0.07681758834696415,SENTINEL_DEALER,R03b_20260811_FULL_v1,L1_ELIGIBILITY,v2026-08-11,2026-03-21..2026-08-06,baccarat_bet02_101_all_pairs_incl_sentinel,round_win = game_pnl > 0 (decisive only),COMPATIBILITY_ONLY_NOT_PRODUCTION,234885.8996,214754.2105,9869.7735,3689,3015,-0.04201944,-0.00608590,-0.04816467,-0.04201944,-9869.7735,234885.8996,OK,0.0000,394.7909,4.0000,96.0000,AG03-UNRESOLVED,ALL5_LEVELS_bet23_to_bet27,394.7909,394.7909,394.7909,394.7909,394.7909,4.000000,4.000000,4.000000,4.000000,4.000000,96.000000,96.000000,96.000000,96.000000,96.000000,5.0,1973.9547,1822.2297,7895.8188,8047.5438,PENDING_AG03,FALSE,NOT_FOR_ENFORCEMENT,9474.9825,206164.0421,9869.7735,9474.9825,394.7909,0.04201944,0.04033866,394.7909,9474.9825,0.04033866,394.7909,394.7909,394.7909,394.7909,394.7909,9474.9825,0.04033866,1973.9547,1822.2297,7895.8188,8047.5438,0.03361555,0.0342615,0.00168078,63.6720,71.2286,3.2736,143.0402,5.0692,3404.1435,43.6957,64.4793,63.5359,42.5677,43.0663,85.2079,124.7713,127.8119,154.8004,42.604,-41.336,2.967791,3.594466,1.478463,30,203,130,8,0.14604117,0.04201944,0.00608590,0E-8,0.000000,0.914292,0.640282,0.04207877,2026-03-23,2026-08-04,69,1947,1162,135,0.511111,1.014849,1.012680,0.486804,,,,,,,,GLOBAL_BASELINE_NO_ENTITY_RANKING,,,NOT_APPLICABLE_GLOBAL_BASELINE,HF9g-P5,,,,X 全窗基线 · 不参与实体赏罚,15051257,1506,A168_HF9F_20260827_0900,2026-08-27 09:00:00
2026-08-02,74657362,1094,0,206.6798941800,41.3359788360,41.3359788360,1.0000000,3,2,0.42443321666666667,0.386675775000,1.1645098829959915,1.2594228746564466,1.1645098829959915,0.03775744166666667,ELIGIBLE,R03b_20260811_FULL_v1,L1_ELIGIBILITY,v2026-08-11,2026-03-21..2026-08-06,baccarat_bet02_101_all_pairs_incl_sentinel,round_win = game_pnl > 0 (decisive only),COMPATIBILITY_ONLY_NOT_PRODUCTION,234885.8996,214754.2105,9869.7735,3689,3015,-0.04201944,-0.00608590,-0.04816467,-0.04201944,-9869.7735,234885.8996,OK,0.0000,394.7909,4.0000,96.0000,AG03-UNRESOLVED,ALL5_LEVELS_bet23_to_bet27,394.7909,394.7909,394.7909,394.7909,394.7909,4.000000,4.000000,4.000000,4.000000,4.000000,96.000000,96.000000,96.000000,96.000000,96.000000,5.0,1973.9547,1822.2297,7895.8188,8047.5438,PENDING_AG03,FALSE,NOT_FOR_ENFORCEMENT,9474.9825,206164.0421,9869.7735,9474.9825,394.7909,0.04201944,0.04033866,394.7909,9474.9825,0.04033866,394.7909,394.7909,394.7909,394.7909,394.7909,9474.9825,0.04033866,1973.9547,1822.2297,7895.8188,8047.5438,0.03361555,0.0342615,0.00168078,63.6720,71.2286,3.2736,143.0402,5.0692,3404.1435,43.6957,64.4793,63.5359,42.5677,43.0663,85.2079,124.7713,127.8119,154.8004,42.604,-41.336,2.967791,3.594466,1.478463,30,203,130,8,0.14604117,0.04201944,0.00608590,0E-8,0.000000,0.914292,0.640282,0.04207877,2026-03-23,2026-08-04,69,1947,1162,135,0.511111,1.014849,1.012680,0.486804,,,,,,,,GLOBAL_BASELINE_NO_ENTITY_RANKING,,,NOT_APPLICABLE_GLOBAL_BASELINE,HF9g-P5,,,,X 全窗基线 · 不参与实体赏罚,15051258,1506,A168_HF9F_20260827_0900,2026-08-27 09:00:00
2026-08-02,74657362,1157,0,82.6719576720,82.6719576720,82.6719576720,1.0000000,1,1,0.49324550000000000,0.493245500000,1.01360149184955,1.01360149184955,1.01360149184955,0E-17,ELIGIBLE,R03b_20260811_FULL_v1,L1_ELIGIBILITY,v2026-08-11,2026-03-21..2026-08-06,baccarat_bet02_101_all_pairs_incl_sentinel,round_win = game_pnl > 0 (decisive only),COMPATIBILITY_ONLY_NOT_PRODUCTION,234885.8996,214754.2105,9869.7735,3689,3015,-0.04201944,-0.00608590,-0.04816467,-0.04201944,-9869.7735,234885.8996,OK,0.0000,394.7909,4.0000,96.0000,AG03-UNRESOLVED,ALL5_LEVELS_bet23_to_bet27,394.7909,394.7909,394.7909,394.7909,394.7909,4.000000,4.000000,4.000000,4.000000,4.000000,96.000000,96.000000,96.000000,96.000000,96.000000,5.0,1973.9547,1822.2297,7895.8188,8047.5438,PENDING_AG03,FALSE,NOT_FOR_ENFORCEMENT,9474.9825,206164.0421,9869.7735,9474.9825,394.7909,0.04201944,0.04033866,394.7909,9474.9825,0.04033866,394.7909,394.7909,394.7909,394.7909,394.7909,9474.9825,0.04033866,1973.9547,1822.2297,7895.8188,8047.5438,0.03361555,0.0342615,0.00168078,63.6720,71.2286,3.2736,143.0402,5.0692,3404.1435,43.6957,64.4793,63.5359,42.5677,43.0663,85.2079,124.7713,127.8119,154.8004,42.604,-41.336,2.967791,3.594466,1.478463,30,203,130,8,0.14604117,0.04201944,0.00608590,0E-8,0.000000,0.914292,0.640282,0.04207877,2026-03-23,2026-08-04,69,1947,1162,135,0.511111,1.014849,1.012680,0.486804,,,,,,,,GLOBAL_BASELINE_NO_ENTITY_RANKING,,,NOT_APPLICABLE_GLOBAL_BASELINE,HF9g-P5,,,,X 全窗基线 · 不参与实体赏罚,15051259,1506,A168_HF9F_20260827_0900,2026-08-27 09:00:00
2026-08-02,74657362,1205,0,41.3359788360,-41.3359788360,-41.3359788360,0E-7,1,1,0.49324550000000000,0.493245500000,-0.9865810262130424,-0.9865810262130424,-0.9865810262130424,0E-17,ELIGIBLE,R03b_20260811_FULL_v1,L1_ELIGIBILITY,v2026-08-11,2026-03-21..2026-08-06,baccarat_bet02_101_all_pairs_incl_sentinel,round_win = game_pnl > 0 (decisive only),COMPATIBILITY_ONLY_NOT_PRODUCTION,234885.8996,214754.2105,9869.7735,3689,3015,-0.04201944,-0.00608590,-0.04816467,-0.04201944,-9869.7735,234885.8996,OK,0.0000,394.7909,4.0000,96.0000,AG03-UNRESOLVED,ALL5_LEVELS_bet23_to_bet27,394.7909,394.7909,394.7909,394.7909,394.7909,4.000000,4.000000,4.000000,4.000000,4.000000,96.000000,96.000000,96.000000,96.000000,96.000000,5.0,1973.9547,1822.2297,7895.8188,8047.5438,PENDING_AG03,FALSE,NOT_FOR_ENFORCEMENT,9474.9825,206164.0421,9869.7735,9474.9825,394.7909,0.04201944,0.04033866,394.7909,9474.9825,0.04033866,394.7909,394.7909,394.7909,394.7909,394.7909,9474.9825,0.04033866,1973.9547,1822.2297,7895.8188,8047.5438,0.03361555,0.0342615,0.00168078,63.6720,71.2286,3.2736,143.0402,5.0692,3404.1435,43.6957,64.4793,63.5359,42.5677,43.0663,85.2079,124.7713,127.8119,154.8004,42.604,-41.336,2.967791,3.594466,1.478463,30,203,130,8,0.14604117,0.04201944,0.00608590,0E-8,0.000000,0.914292,0.640282,0.04207877,2026-03-23,2026-08-04,69,1947,1162,135,0.511111,1.014849,1.012680,0.486804,,,,,,,,GLOBAL_BASELINE_NO_ENTITY_RANKING,,,NOT_APPLICABLE_GLOBAL_BASELINE,HF9g-P5,,,,X 全窗基线 · 不参与实体赏罚,15051260,1506,A168_HF9F_20260827_0900,2026-08-27 09:00:00
2026-08-02,74657362,1210,0,82.6719576720,-41.3359788360,-41.3359788360,0E-7,2,2,0.49324550000000000,0.493245500000,-0.9865810262130424,-0.9865810262130424,-0.9865810262130424,0E-17,ELIGIBLE,R03b_20260811_FULL_v1,L1_ELIGIBILITY,v2026-08-11,2026-03-21..2026-08-06,baccarat_bet02_101_all_pairs_incl_sentinel,round_win = game_pnl > 0 (decisive only),COMPATIBILITY_ONLY_NOT_PRODUCTION,234885.8996,214754.2105,9869.7735,3689,3015,-0.04201944,-0.00608590,-0.04816467,-0.04201944,-9869.7735,234885.8996,OK,0.0000,394.7909,4.0000,96.0000,AG03-UNRESOLVED,ALL5_LEVELS_bet23_to_bet27,394.7909,394.7909,394.7909,394.7909,394.7909,4.000000,4.000000,4.000000,4.000000,4.000000,96.000000,96.000000,96.000000,96.000000,96.000000,5.0,1973.9547,1822.2297,7895.8188,8047.5438,PENDING_AG03,FALSE,NOT_FOR_ENFORCEMENT,9474.9825,206164.0421,9869.7735,9474.9825,394.7909,0.04201944,0.04033866,394.7909,9474.9825,0.04033866,394.7909,394.7909,394.7909,394.7909,394.7909,9474.9825,0.04033866,1973.9547,1822.2297,7895.8188,8047.5438,0.03361555,0.0342615,0.00168078,63.6720,71.2286,3.2736,143.0402,5.0692,3404.1435,43.6957,64.4793,63.5359,42.5677,43.0663,85.2079,124.7713,127.8119,154.8004,42.604,-41.336,2.967791,3.594466,1.478463,30,203,130,8,0.14604117,0.04201944,0.00608590,0E-8,0.000000,0.914292,0.640282,0.04207877,2026-03-23,2026-08-04,69,1947,1162,135,0.511111,1.014849,1.012680,0.486804,,,,,,,,GLOBAL_BASELINE_NO_ENTITY_RANKING,,,NOT_APPLICABLE_GLOBAL_BASELINE,HF9g-P5,,,,X 全窗基线 · 不参与实体赏罚,15051261,1506,A168_HF9F_20260827_0900,2026-08-27 09:00:00
2026-08-02,74657362,1363,0,165.3439153439,-165.3439153439,-165.3439153439,0E-7,2,1,0.39337837499993149,0.280106050000,-0.8052788575960942,-0.6237735893609975,-0.8052788575960942,0.11327232499993149,ELIGIBLE,R03b_20260811_FULL_v1,L1_ELIGIBILITY,v2026-08-11,2026-03-21..2026-08-06,baccarat_bet02_101_all_pairs_incl_sentinel,round_win = game_pnl > 0 (decisive only),COMPATIBILITY_ONLY_NOT_PRODUCTION,234885.8996,214754.2105,9869.7735,3689,3015,-0.04201944,-0.00608590,-0.04816467,-0.04201944,-9869.7735,234885.8996,OK,0.0000,394.7909,4.0000,96.0000,AG03-UNRESOLVED,ALL5_LEVELS_bet23_to_bet27,394.7909,394.7909,394.7909,394.7909,394.7909,4.000000,4.000000,4.000000,4.000000,4.000000,96.000000,96.000000,96.000000,96.000000,96.000000,5.0,1973.9547,1822.2297,7895.8188,8047.5438,PENDING_AG03,FALSE,NOT_FOR_ENFORCEMENT,9474.9825,206164.0421,9869.7735,9474.9825,394.7909,0.04201944,0.04033866,394.7909,9474.9825,0.04033866,394.7909,394.7909,394.7909,394.7909,394.7909,9474.9825,0.04033866,1973.9547,1822.2297,7895.8188,8047.5438,0.03361555,0.0342615,0.00168078,63.6720,71.2286,3.2736,143.0402,5.0692,3404.1435,43.6957,64.4793,63.5359,42.5677,43.0663,85.2079,124.7713,127.8119,154.8004,42.604,-41.336,2.967791,3.594466,1.478463,30,203,130,8,0.14604117,0.04201944,0.00608590,0E-8,0.000000,0.914292,0.640282,0.04207877,2026-03-23,2026-08-04,69,1947,1162,135,0.511111,1.014849,1.012680,0.486804,,,,,,,,GLOBAL_BASELINE_NO_ENTITY_RANKING,,,NOT_APPLICABLE_GLOBAL_BASELINE,HF9g-P5,,,,X 全窗基线 · 不参与实体赏罚,15051262,1506,A168_HF9F_20260827_0900,2026-08-27 09:00:00
2026-08-02,74657362,1383,0,165.3439153439,-165.3439153439,-165.3439153439,0E-7,2,1,0.39337837499993149,0.280106050000,-0.8052788575960942,-0.6237735893609975,-0.8052788575960942,0.11327232499993149,ELIGIBLE,R03b_20260811_FULL_v1,L1_ELIGIBILITY,v2026-08-11,2026-03-21..2026-08-06,baccarat_bet02_101_all_pairs_incl_sentinel,round_win = game_pnl > 0 (decisive only),COMPATIBILITY_ONLY_NOT_PRODUCTION,234885.8996,214754.2105,9869.7735,3689,3015,-0.04201944,-0.00608590,-0.04816467,-0.04201944,-9869.7735,234885.8996,OK,0.0000,394.7909,4.0000,96.0000,AG03-UNRESOLVED,ALL5_LEVELS_bet23_to_bet27,394.7909,394.7909,394.7909,394.7909,394.7909,4.000000,4.000000,4.000000,4.000000,4.000000,96.000000,96.000000,96.000000,96.000000,96.000000,5.0,1973.9547,1822.2297,7895.8188,8047.5438,PENDING_AG03,FALSE,NOT_FOR_ENFORCEMENT,9474.9825,206164.0421,9869.7735,9474.9825,394.7909,0.04201944,0.04033866,394.7909,9474.9825,0.04033866,394.7909,394.7909,394.7909,394.7909,394.7909,9474.9825,0.04033866,1973.9547,1822.2297,7895.8188,8047.5438,0.03361555,0.0342615,0.00168078,63.6720,71.2286,3.2736,143.0402,5.0692,3404.1435,43.6957,64.4793,63.5359,42.5677,43.0663,85.2079,124.7713,127.8119,154.8004,42.604,-41.336,2.967791,3.594466,1.478463,30,203,130,8,0.14604117,0.04201944,0.00608590,0E-8,0.000000,0.914292,0.640282,0.04207877,2026-03-23,2026-08-04,69,1947,1162,135,0.511111,1.014849,1.012680,0.486804,,,,,,,,GLOBAL_BASELINE_NO_ENTITY_RANKING,,,NOT_APPLICABLE_GLOBAL_BASELINE,HF9g-P5,,,,X 全窗基线 · 不参与实体赏罚,15051263,1506,A168_HF9F_20260827_0900,2026-08-27 09:00:00
2026-08-02,74657362,1485,0,41.3359788360,0E-10,0E-10,,1,1,0.49324550000000000,0.493245500000,,,,0E-17,NO_DECISIVE_ROUND,R03b_20260811_FULL_v1,L1_ELIGIBILITY,v2026-08-11,2026-03-21..2026-08-06,baccarat_bet02_101_all_pairs_incl_sentinel,round_win = game_pnl > 0 (decisive only),COMPATIBILITY_ONLY_NOT_PRODUCTION,234885.8996,214754.2105,9869.7735,3689,3015,-0.04201944,-0.00608590,-0.04816467,-0.04201944,-9869.7735,234885.8996,OK,0.0000,394.7909,4.0000,96.0000,AG03-UNRESOLVED,ALL5_LEVELS_bet23_to_bet27,394.7909,394.7909,394.7909,394.7909,394.7909,4.000000,4.000000,4.000000,4.000000,4.000000,96.000000,96.000000,96.000000,96.000000,96.000000,5.0,1973.9547,1822.2297,7895.8188,8047.5438,PENDING_AG03,FALSE,NOT_FOR_ENFORCEMENT,9474.9825,206164.0421,9869.7735,9474.9825,394.7909,0.04201944,0.04033866,394.7909,9474.9825,0.04033866,394.7909,394.7909,394.7909,394.7909,394.7909,9474.9825,0.04033866,1973.9547,1822.2297,7895.8188,8047.5438,0.03361555,0.0342615,0.00168078,63.6720,71.2286,3.2736,143.0402,5.0692,3404.1435,43.6957,64.4793,63.5359,42.5677,43.0663,85.2079,124.7713,127.8119,154.8004,42.604,-41.336,2.967791,3.594466,1.478463,30,203,130,8,0.14604117,0.04201944,0.00608590,0E-8,0.000000,0.914292,0.640282,0.04207877,2026-03-23,2026-08-04,69,1947,1162,135,0.511111,1.014849,1.012680,0.486804,,,,,,,,GLOBAL_BASELINE_NO_ENTITY_RANKING,,,NOT_APPLICABLE_GLOBAL_BASELINE,HF9g-P5,,,,X 全窗基线 · 不参与实体赏罚,15051264,1506,A168_HF9F_20260827_0900,2026-08-27 09:00:00
2026-08-02,74657362,1505,0,165.3439153439,-165.3439153439,-165.3439153439,0E-7,2,1,0.39337837499993149,0.280106050000,-0.8052788575960942,-0.6237735893609975,-0.8052788575960942,0.11327232499993149,ELIGIBLE,R03b_20260811_FULL_v1,L1_ELIGIBILITY,v2026-08-11,2026-03-21..2026-08-06,baccarat_bet02_101_all_pairs_incl_sentinel,round_win = game_pnl > 0 (decisive only),COMPATIBILITY_ONLY_NOT_PRODUCTION,234885.8996,214754.2105,9869.7735,3689,3015,-0.04201944,-0.00608590,-0.04816467,-0.04201944,-9869.7735,234885.8996,OK,0.0000,394.7909,4.0000,96.0000,AG03-UNRESOLVED,ALL5_LEVELS_bet23_to_bet27,394.7909,394.7909,394.7909,394.7909,394.7909,4.000000,4.000000,4.000000,4.000000,4.000000,96.000000,96.000000,96.000000,96.000000,96.000000,5.0,1973.9547,1822.2297,7895.8188,8047.5438,PENDING_AG03,FALSE,NOT_FOR_ENFORCEMENT,9474.9825,206164.0421,9869.7735,9474.9825,394.7909,0.04201944,0.04033866,394.7909,9474.9825,0.04033866,394.7909,394.7909,394.7909,394.7909,394.7909,9474.9825,0.04033866,1973.9547,1822.2297,7895.8188,8047.5438,0.03361555,0.0342615,0.00168078,63.6720,71.2286,3.2736,143.0402,5.0692,3404.1435,43.6957,64.4793,63.5359,42.5677,43.0663,85.2079,124.7713,127.8119,154.8004,42.604,-41.336,2.967791,3.594466,1.478463,30,203,130,8,0.14604117,0.04201944,0.00608590,0E-8,0.000000,0.914292,0.640282,0.04207877,2026-03-23,2026-08-04,69,1947,1162,135,0.511111,1.014849,1.012680,0.486804,,,,,,,,GLOBAL_BASELINE_NO_ENTITY_RANKING,,,NOT_APPLICABLE_GLOBAL_BASELINE,HF9g-P5,,,,X 全窗基线 · 不参与实体赏罚,15051265,1506,A168_HF9F_20260827_0900,2026-08-27 09:00:00
2026-08-02,74657362,1507,0,165.3439153439,82.6719576719,82.6719576719,1.0000000,2,1,0.39337837499993149,0.280106050000,1.2418058546640405,1.6031457840727341,1.2418058546640405,0.11327232499993149,ELIGIBLE,R03b_20260811_FULL_v1,L1_ELIGIBILITY,v2026-08-11,2026-03-21..2026-08-06,baccarat_bet02_101_all_pairs_incl_sentinel,round_win = game_pnl > 0 (decisive only),COMPATIBILITY_ONLY_NOT_PRODUCTION,234885.8996,214754.2105,9869.7735,3689,3015,-0.04201944,-0.00608590,-0.04816467,-0.04201944,-9869.7735,234885.8996,OK,0.0000,394.7909,4.0000,96.0000,AG03-UNRESOLVED,ALL5_LEVELS_bet23_to_bet27,394.7909,394.7909,394.7909,394.7909,394.7909,4.000000,4.000000,4.000000,4.000000,4.000000,96.000000,96.000000,96.000000,96.000000,96.000000,5.0,1973.9547,1822.2297,7895.8188,8047.5438,PENDING_AG03,FALSE,NOT_FOR_ENFORCEMENT,9474.9825,206164.0421,9869.7735,9474.9825,394.7909,0.04201944,0.04033866,394.7909,9474.9825,0.04033866,394.7909,394.7909,394.7909,394.7909,394.7909,9474.9825,0.04033866,1973.9547,1822.2297,7895.8188,8047.5438,0.03361555,0.0342615,0.00168078,63.6720,71.2286,3.2736,143.0402,5.0692,3404.1435,43.6957,64.4793,63.5359,42.5677,43.0663,85.2079,124.7713,127.8119,154.8004,42.604,-41.336,2.967791,3.594466,1.478463,30,203,130,8,0.14604117,0.04201944,0.00608590,0E-8,0.000000,0.914292,0.640282,0.04207877,2026-03-23,2026-08-04,69,1947,1162,135,0.511111,1.014849,1.012680,0.486804,,,,,,,,GLOBAL_BASELINE_NO_ENTITY_RANKING,,,NOT_APPLICABLE_GLOBAL_BASELINE,HF9g-P5,,,,X 全窗基线 · 不参与实体赏罚,15051266,1506,A168_HF9F_20260827_0900,2026-08-27 09:00:00
2026-08-02,74657362,1623,0,41.3359788360,-41.3359788360,-41.3359788360,0E-7,1,1,0.49324550000000000,0.493245500000,-0.9865810262130424,-0.9865810262130424,-0.9865810262130424,0E-17,ELIGIBLE,R03b_20260811_FULL_v1,L1_ELIGIBILITY,v2026-08-11,2026-03-21..2026-08-06,baccarat_bet02_101_all_pairs_incl_sentinel,round_win = game_pnl > 0 (decisive only),COMPATIBILITY_ONLY_NOT_PRODUCTION,234885.8996,214754.2105,9869.7735,3689,3015,-0.04201944,-0.00608590,-0.04816467,-0.04201944,-9869.7735,234885.8996,OK,0.0000,394.7909,4.0000,96.0000,AG03-UNRESOLVED,ALL5_LEVELS_bet23_to_bet27,394.7909,394.7909,394.7909,394.7909,394.7909,4.000000,4.000000,4.000000,4.000000,4.000000,96.000000,96.000000,96.000000,96.000000,96.000000,5.0,1973.9547,1822.2297,7895.8188,8047.5438,PENDING_AG03,FALSE,NOT_FOR_ENFORCEMENT,9474.9825,206164.0421,9869.7735,9474.9825,394.7909,0.04201944,0.04033866,394.7909,9474.9825,0.04033866,394.7909,394.7909,394.7909,394.7909,394.7909,9474.9825,0.04033866,1973.9547,1822.2297,7895.8188,8047.5438,0.03361555,0.0342615,0.00168078,63.6720,71.2286,3.2736,143.0402,5.0692,3404.1435,43.6957,64.4793,63.5359,42.5677,43.0663,85.2079,124.7713,127.8119,154.8004,42.604,-41.336,2.967791,3.594466,1.478463,30,203,130,8,0.14604117,0.04201944,0.00608590,0E-8,0.000000,0.914292,0.640282,0.04207877,2026-03-23,2026-08-04,69,1947,1162,135,0.511111,1.014849,1.012680,0.486804,,,,,,,,GLOBAL_BASELINE_NO_ENTITY_RANKING,,,NOT_APPLICABLE_GLOBAL_BASELINE,HF9g-P5,,,,X 全窗基线 · 不参与实体赏罚,15051267,1506,A168_HF9F_20260827_0900,2026-08-27 09:00:00
2026-08-02,74657362,1942,0,41.3359788360,-41.3359788360,-41.3359788360,0E-7,1,1,0.49324550000000000,0.493245500000,-0.9865810262130424,-0.9865810262130424,-0.9865810262130424,0E-17,ELIGIBLE,R03b_20260811_FULL_v1,L1_ELIGIBILITY,v2026-08-11,2026-03-21..2026-08-06,baccarat_bet02_101_all_pairs_incl_sentinel,round_win = game_pnl > 0 (decisive only),COMPATIBILITY_ONLY_NOT_PRODUCTION,234885.8996,214754.2105,9869.7735,3689,3015,-0.04201944,-0.00608590,-0.04816467,-0.04201944,-9869.7735,234885.8996,OK,0.0000,394.7909,4.0000,96.0000,AG03-UNRESOLVED,ALL5_LEVELS_bet23_to_bet27,394.7909,394.7909,394.7909,394.7909,394.7909,4.000000,4.000000,4.000000,4.000000,4.000000,96.000000,96.000000,96.000000,96.000000,96.000000,5.0,1973.9547,1822.2297,7895.8188,8047.5438,PENDING_AG03,FALSE,NOT_FOR_ENFORCEMENT,9474.9825,206164.0421,9869.7735,9474.9825,394.7909,0.04201944,0.04033866,394.7909,9474.9825,0.04033866,394.7909,394.7909,394.7909,394.7909,394.7909,9474.9825,0.04033866,1973.9547,1822.2297,7895.8188,8047.5438,0.03361555,0.0342615,0.00168078,63.6720,71.2286,3.2736,143.0402,5.0692,3404.1435,43.6957,64.4793,63.5359,42.5677,43.0663,85.2079,124.7713,127.8119,154.8004,42.604,-41.336,2.967791,3.594466,1.478463,30,203,130,8,0.14604117,0.04201944,0.00608590,0E-8,0.000000,0.914292,0.640282,0.04207877,2026-03-23,2026-08-04,69,1947,1162,135,0.511111,1.014849,1.012680,0.486804,,,,,,,,GLOBAL_BASELINE_NO_ENTITY_RANKING,,,NOT_APPLICABLE_GLOBAL_BASELINE,HF9g-P5,,,,X 全窗基线 · 不参与实体赏罚,15051268,1506,A168_HF9F_20260827_0900,2026-08-27 09:00:00
2026-08-02,74657362,1957,0,165.3439153440,-165.3439153440,-165.3439153440,0E-7,4,1,0.07439022500000000,0.074390225000,-0.2834940641230321,-0.2834940641230321,-0.2834940641230321,0E-17,ELIGIBLE,R03b_20260811_FULL_v1,L1_ELIGIBILITY,v2026-08-11,2026-03-21..2026-08-06,baccarat_bet02_101_all_pairs_incl_sentinel,round_win = game_pnl > 0 (decisive only),COMPATIBILITY_ONLY_NOT_PRODUCTION,234885.8996,214754.2105,9869.7735,3689,3015,-0.04201944,-0.00608590,-0.04816467,-0.04201944,-9869.7735,234885.8996,OK,0.0000,394.7909,4.0000,96.0000,AG03-UNRESOLVED,ALL5_LEVELS_bet23_to_bet27,394.7909,394.7909,394.7909,394.7909,394.7909,4.000000,4.000000,4.000000,4.000000,4.000000,96.000000,96.000000,96.000000,96.000000,96.000000,5.0,1973.9547,1822.2297,7895.8188,8047.5438,PENDING_AG03,FALSE,NOT_FOR_ENFORCEMENT,9474.9825,206164.0421,9869.7735,9474.9825,394.7909,0.04201944,0.04033866,394.7909,9474.9825,0.04033866,394.7909,394.7909,394.7909,394.7909,394.7909,9474.9825,0.04033866,1973.9547,1822.2297,7895.8188,8047.5438,0.03361555,0.0342615,0.00168078,63.6720,71.2286,3.2736,143.0402,5.0692,3404.1435,43.6957,64.4793,63.5359,42.5677,43.0663,85.2079,124.7713,127.8119,154.8004,42.604,-41.336,2.967791,3.594466,1.478463,30,203,130,8,0.14604117,0.04201944,0.00608590,0E-8,0.000000,0.914292,0.640282,0.04207877,2026-03-23,2026-08-04,69,1947,1162,135,0.511111,1.014849,1.012680,0.486804,,,,,,,,GLOBAL_BASELINE_NO_ENTITY_RANKING,,,NOT_APPLICABLE_GLOBAL_BASELINE,HF9g-P5,,,,X 全窗基线 · 不参与实体赏罚,15051269,1506,A168_HF9F_20260827_0900,2026-08-27 09:00:00
2026-08-02,74657362,1994,0,206.6798941799,41.3359788359,41.3359788359,0.5000000,3,2,0.44331193749996575,0.386675775000,0.1613786002963502,0.3290934312765982,0.1613786002963502,0.05663616249996575,ELIGIBLE,R03b_20260811_FULL_v1,L1_ELIGIBILITY,v2026-08-11,2026-03-21..2026-08-06,baccarat_bet02_101_all_pairs_incl_sentinel,round_win = game_pnl > 0 (decisive only),COMPATIBILITY_ONLY_NOT_PRODUCTION,234885.8996,214754.2105,9869.7735,3689,3015,-0.04201944,-0.00608590,-0.04816467,-0.04201944,-9869.7735,234885.8996,OK,0.0000,394.7909,4.0000,96.0000,AG03-UNRESOLVED,ALL5_LEVELS_bet23_to_bet27,394.7909,394.7909,394.7909,394.7909,394.7909,4.000000,4.000000,4.000000,4.000000,4.000000,96.000000,96.000000,96.000000,96.000000,96.000000,5.0,1973.9547,1822.2297,7895.8188,8047.5438,PENDING_AG03,FALSE,NOT_FOR_ENFORCEMENT,9474.9825,206164.0421,9869.7735,9474.9825,394.7909,0.04201944,0.04033866,394.7909,9474.9825,0.04033866,394.7909,394.7909,394.7909,394.7909,394.7909,9474.9825,0.04033866,1973.9547,1822.2297,7895.8188,8047.5438,0.03361555,0.0342615,0.00168078,63.6720,71.2286,3.2736,143.0402,5.0692,3404.1435,43.6957,64.4793,63.5359,42.5677,43.0663,85.2079,124.7713,127.8119,154.8004,42.604,-41.336,2.967791,3.594466,1.478463,30,203,130,8,0.14604117,0.04201944,0.00608590,0E-8,0.000000,0.914292,0.640282,0.04207877,2026-03-23,2026-08-04,69,1947,1162,135,0.511111,1.014849,1.012680,0.486804,,,,,,,,GLOBAL_BASELINE_NO_ENTITY_RANKING,,,NOT_APPLICABLE_GLOBAL_BASELINE,HF9g-P5,,,,X 全窗基线 · 不参与实体赏罚,15051270,1506,A168_HF9F_20260827_0900,2026-08-27 09:00:00
2026-08-02,74657362,2083,0,165.3439153439,-165.3439153439,-165.3439153439,0E-7,2,1,0.39337837499993149,0.280106050000,-0.8052788575960942,-0.6237735893609975,-0.8052788575960942,0.11327232499993149,ELIGIBLE,R03b_20260811_FULL_v1,L1_ELIGIBILITY,v2026-08-11,2026-03-21..2026-08-06,baccarat_bet02_101_all_pairs_incl_sentinel,round_win = game_pnl > 0 (decisive only),COMPATIBILITY_ONLY_NOT_PRODUCTION,234885.8996,214754.2105,9869.7735,3689,3015,-0.04201944,-0.00608590,-0.04816467,-0.04201944,-9869.7735,234885.8996,OK,0.0000,394.7909,4.0000,96.0000,AG03-UNRESOLVED,ALL5_LEVELS_bet23_to_bet27,394.7909,394.7909,394.7909,394.7909,394.7909,4.000000,4.000000,4.000000,4.000000,4.000000,96.000000,96.000000,96.000000,96.000000,96.000000,5.0,1973.9547,1822.2297,7895.8188,8047.5438,PENDING_AG03,FALSE,NOT_FOR_ENFORCEMENT,9474.9825,206164.0421,9869.7735,9474.9825,394.7909,0.04201944,0.04033866,394.7909,9474.9825,0.04033866,394.7909,394.7909,394.7909,394.7909,394.7909,9474.9825,0.04033866,1973.9547,1822.2297,7895.8188,8047.5438,0.03361555,0.0342615,0.00168078,63.6720,71.2286,3.2736,143.0402,5.0692,3404.1435,43.6957,64.4793,63.5359,42.5677,43.0663,85.2079,124.7713,127.8119,154.8004,42.604,-41.336,2.967791,3.594466,1.478463,30,203,130,8,0.14604117,0.04201944,0.00608590,0E-8,0.000000,0.914292,0.640282,0.04207877,2026-03-23,2026-08-04,69,1947,1162,135,0.511111,1.014849,1.012680,0.486804,,,,,,,,GLOBAL_BASELINE_NO_ENTITY_RANKING,,,NOT_APPLICABLE_GLOBAL_BASELINE,HF9g-P5,,,,X 全窗基线 · 不参与实体赏罚,15051271,1506,A168_HF9F_20260827_0900,2026-08-27 09:00:00
2026-08-02,74657362,2103,0,165.3439153439,-165.3439153439,-165.3439153439,0E-7,2,1,0.39337837499993149,0.280106050000,-0.8052788575960942,-0.6237735893609975,-0.8052788575960942,0.11327232499993149,ELIGIBLE,R03b_20260811_FULL_v1,L1_ELIGIBILITY,v2026-08-11,2026-03-21..2026-08-06,baccarat_bet02_101_all_pairs_incl_sentinel,round_win = game_pnl > 0 (decisive only),COMPATIBILITY_ONLY_NOT_PRODUCTION,234885.8996,214754.2105,9869.7735,3689,3015,-0.04201944,-0.00608590,-0.04816467,-0.04201944,-9869.7735,234885.8996,OK,0.0000,394.7909,4.0000,96.0000,AG03-UNRESOLVED,ALL5_LEVELS_bet23_to_bet27,394.7909,394.7909,394.7909,394.7909,394.7909,4.000000,4.000000,4.000000,4.000000,4.000000,96.000000,96.000000,96.000000,96.000000,96.000000,5.0,1973.9547,1822.2297,7895.8188,8047.5438,PENDING_AG03,FALSE,NOT_FOR_ENFORCEMENT,9474.9825,206164.0421,9869.7735,9474.9825,394.7909,0.04201944,0.04033866,394.7909,9474.9825,0.04033866,394.7909,394.7909,394.7909,394.7909,394.7909,9474.9825,0.04033866,1973.9547,1822.2297,7895.8188,8047.5438,0.03361555,0.0342615,0.00168078,63.6720,71.2286,3.2736,143.0402,5.0692,3404.1435,43.6957,64.4793,63.5359,42.5677,43.0663,85.2079,124.7713,127.8119,154.8004,42.604,-41.336,2.967791,3.594466,1.478463,30,203,130,8,0.14604117,0.04201944,0.00608590,0E-8,0.000000,0.914292,0.640282,0.04207877,2026-03-23,2026-08-04,69,1947,1162,135,0.511111,1.014849,1.012680,0.486804,,,,,,,,GLOBAL_BASELINE_NO_ENTITY_RANKING,,,NOT_APPLICABLE_GLOBAL_BASELINE,HF9g-P5,,,,X 全窗基线 · 不参与实体赏罚,15051272,1506,A168_HF9F_20260827_0900,2026-08-27 09:00:00
2026-08-02,74657362,2121,0,82.6719576720,-82.6719576720,-82.6719576720,0E-7,1,1,0.49324550000000000,0.493245500000,-0.9865810262130424,-0.9865810262130424,-0.9865810262130424,0E-17,ELIGIBLE,R03b_20260811_FULL_v1,L1_ELIGIBILITY,v2026-08-11,2026-03-21..2026-08-06,baccarat_bet02_101_all_pairs_incl_sentinel,round_win = game_pnl > 0 (decisive only),COMPATIBILITY_ONLY_NOT_PRODUCTION,234885.8996,214754.2105,9869.7735,3689,3015,-0.04201944,-0.00608590,-0.04816467,-0.04201944,-9869.7735,234885.8996,OK,0.0000,394.7909,4.0000,96.0000,AG03-UNRESOLVED,ALL5_LEVELS_bet23_to_bet27,394.7909,394.7909,394.7909,394.7909,394.7909,4.000000,4.000000,4.000000,4.000000,4.000000,96.000000,96.000000,96.000000,96.000000,96.000000,5.0,1973.9547,1822.2297,7895.8188,8047.5438,PENDING_AG03,FALSE,NOT_FOR_ENFORCEMENT,9474.9825,206164.0421,9869.7735,9474.9825,394.7909,0.04201944,0.04033866,394.7909,9474.9825,0.04033866,394.7909,394.7909,394.7909,394.7909,394.7909,9474.9825,0.04033866,1973.9547,1822.2297,7895.8188,8047.5438,0.03361555,0.0342615,0.00168078,63.6720,71.2286,3.2736,143.0402,5.0692,3404.1435,43.6957,64.4793,63.5359,42.5677,43.0663,85.2079,124.7713,127.8119,154.8004,42.604,-41.336,2.967791,3.594466,1.478463,30,203,130,8,0.14604117,0.04201944,0.00608590,0E-8,0.000000,0.914292,0.640282,0.04207877,2026-03-23,2026-08-04,69,1947,1162,135,0.511111,1.014849,1.012680,0.486804,,,,,,,,GLOBAL_BASELINE_NO_ENTITY_RANKING,,,NOT_APPLICABLE_GLOBAL_BASELINE,HF9g-P5,,,,X 全窗基线 · 不参与实体赏罚,15051273,1506,A168_HF9F_20260827_0900,2026-08-27 09:00:00
2026-08-02,74657362,2134,0,82.6719576720,0E-10,0E-10,0.5000000,2,2,0.49324550000000000,0.493245500000,0.01910635448239258,0.01910635448239258,0.01910635448239258,0E-17,ELIGIBLE,R03b_20260811_FULL_v1,L1_ELIGIBILITY,v2026-08-11,2026-03-21..2026-08-06,baccarat_bet02_101_all_pairs_incl_sentinel,round_win = game_pnl > 0 (decisive only),COMPATIBILITY_ONLY_NOT_PRODUCTION,234885.8996,214754.2105,9869.7735,3689,3015,-0.04201944,-0.00608590,-0.04816467,-0.04201944,-9869.7735,234885.8996,OK,0.0000,394.7909,4.0000,96.0000,AG03-UNRESOLVED,ALL5_LEVELS_bet23_to_bet27,394.7909,394.7909,394.7909,394.7909,394.7909,4.000000,4.000000,4.000000,4.000000,4.000000,96.000000,96.000000,96.000000,96.000000,96.000000,5.0,1973.9547,1822.2297,7895.8188,8047.5438,PENDING_AG03,FALSE,NOT_FOR_ENFORCEMENT,9474.9825,206164.0421,9869.7735,9474.9825,394.7909,0.04201944,0.04033866,394.7909,9474.9825,0.04033866,394.7909,394.7909,394.7909,394.7909,394.7909,9474.9825,0.04033866,1973.9547,1822.2297,7895.8188,8047.5438,0.03361555,0.0342615,0.00168078,63.6720,71.2286,3.2736,143.0402,5.0692,3404.1435,43.6957,64.4793,63.5359,42.5677,43.0663,85.2079,124.7713,127.8119,154.8004,42.604,-41.336,2.967791,3.594466,1.478463,30,203,130,8,0.14604117,0.04201944,0.00608590,0E-8,0.000000,0.914292,0.640282,0.04207877,2026-03-23,2026-08-04,69,1947,1162,135,0.511111,1.014849,1.012680,0.486804,,,,,,,,GLOBAL_BASELINE_NO_ENTITY_RANKING,,,NOT_APPLICABLE_GLOBAL_BASELINE,HF9g-P5,,,,X 全窗基线 · 不参与实体赏罚,15051274,1506,A168_HF9F_20260827_0900,2026-08-27 09:00:00
2026-08-02,74657362,2141,0,82.6719576720,82.6719576720,82.6719576720,1.0000000,1,1,0.49324550000000000,0.493245500000,1.01360149184955,1.01360149184955,1.01360149184955,0E-17,ELIGIBLE,R03b_20260811_FULL_v1,L1_ELIGIBILITY,v2026-08-11,2026-03-21..2026-08-06,baccarat_bet02_101_all_pairs_incl_sentinel,round_win = game_pnl > 0 (decisive only),COMPATIBILITY_ONLY_NOT_PRODUCTION,234885.8996,214754.2105,9869.7735,3689,3015,-0.04201944,-0.00608590,-0.04816467,-0.04201944,-9869.7735,234885.8996,OK,0.0000,394.7909,4.0000,96.0000,AG03-UNRESOLVED,ALL5_LEVELS_bet23_to_bet27,394.7909,394.7909,394.7909,394.7909,394.7909,4.000000,4.000000,4.000000,4.000000,4.000000,96.000000,96.000000,96.000000,96.000000,96.000000,5.0,1973.9547,1822.2297,7895.8188,8047.5438,PENDING_AG03,FALSE,NOT_FOR_ENFORCEMENT,9474.9825,206164.0421,9869.7735,9474.9825,394.7909,0.04201944,0.04033866,394.7909,9474.9825,0.04033866,394.7909,394.7909,394.7909,394.7909,394.7909,9474.9825,0.04033866,1973.9547,1822.2297,7895.8188,8047.5438,0.03361555,0.0342615,0.00168078,63.6720,71.2286,3.2736,143.0402,5.0692,3404.1435,43.6957,64.4793,63.5359,42.5677,43.0663,85.2079,124.7713,127.8119,154.8004,42.604,-41.336,2.967791,3.594466,1.478463,30,203,130,8,0.14604117,0.04201944,0.00608590,0E-8,0.000000,0.914292,0.640282,0.04207877,2026-03-23,2026-08-04,69,1947,1162,135,0.511111,1.014849,1.012680,0.486804,,,,,,,,GLOBAL_BASELINE_NO_ENTITY_RANKING,,,NOT_APPLICABLE_GLOBAL_BASELINE,HF9g-P5,,,,X 全窗基线 · 不参与实体赏罚,15051275,1506,A168_HF9F_20260827_0900,2026-08-27 09:00:00
2026-08-02,74657362,2152,0,165.3439153440,0E-10,0E-10,0.6666667,3,3,0.49324550000000000,0.493245500000,0.6008033672792107,0.6008033672792106,0.6008033672792107,0E-17,ELIGIBLE,R03b_20260811_FULL_v1,L1_ELIGIBILITY,v2026-08-11,2026-03-21..2026-08-06,baccarat_bet02_101_all_pairs_incl_sentinel,round_win = game_pnl > 0 (decisive only),COMPATIBILITY_ONLY_NOT_PRODUCTION,234885.8996,214754.2105,9869.7735,3689,3015,-0.04201944,-0.00608590,-0.04816467,-0.04201944,-9869.7735,234885.8996,OK,0.0000,394.7909,4.0000,96.0000,AG03-UNRESOLVED,ALL5_LEVELS_bet23_to_bet27,394.7909,394.7909,394.7909,394.7909,394.7909,4.000000,4.000000,4.000000,4.000000,4.000000,96.000000,96.000000,96.000000,96.000000,96.000000,5.0,1973.9547,1822.2297,7895.8188,8047.5438,PENDING_AG03,FALSE,NOT_FOR_ENFORCEMENT,9474.9825,206164.0421,9869.7735,9474.9825,394.7909,0.04201944,0.04033866,394.7909,9474.9825,0.04033866,394.7909,394.7909,394.7909,394.7909,394.7909,9474.9825,0.04033866,1973.9547,1822.2297,7895.8188,8047.5438,0.03361555,0.0342615,0.00168078,63.6720,71.2286,3.2736,143.0402,5.0692,3404.1435,43.6957,64.4793,63.5359,42.5677,43.0663,85.2079,124.7713,127.8119,154.8004,42.604,-41.336,2.967791,3.594466,1.478463,30,203,130,8,0.14604117,0.04201944,0.00608590,0E-8,0.000000,0.914292,0.640282,0.04207877,2026-03-23,2026-08-04,69,1947,1162,135,0.511111,1.014849,1.012680,0.486804,,,,,,,,GLOBAL_BASELINE_NO_ENTITY_RANKING,,,NOT_APPLICABLE_GLOBAL_BASELINE,HF9g-P5,,,,X 全窗基线 · 不参与实体赏罚,15051276,1506,A168_HF9F_20260827_0900,2026-08-27 09:00:00
2026-08-02,74657362,2155,0,496.0317460317,-1E-10,-1E-10,0.6666667,6,3,0.39337837499993149,0.280106050000,0.968985923737255,1.4910174502382623,0.968985923737255,0.11327232499993149,ELIGIBLE,R03b_20260811_FULL_v1,L1_ELIGIBILITY,v2026-08-11,2026-03-21..2026-08-06,baccarat_bet02_101_all_pairs_incl_sentinel,round_win = game_pnl > 0 (decisive only),COMPATIBILITY_ONLY_NOT_PRODUCTION,234885.8996,214754.2105,9869.7735,3689,3015,-0.04201944,-0.00608590,-0.04816467,-0.04201944,-9869.7735,234885.8996,OK,0.0000,394.7909,4.0000,96.0000,AG03-UNRESOLVED,ALL5_LEVELS_bet23_to_bet27,394.7909,394.7909,394.7909,394.7909,394.7909,4.000000,4.000000,4.000000,4.000000,4.000000,96.000000,96.000000,96.000000,96.000000,96.000000,5.0,1973.9547,1822.2297,7895.8188,8047.5438,PENDING_AG03,FALSE,NOT_FOR_ENFORCEMENT,9474.9825,206164.0421,9869.7735,9474.9825,394.7909,0.04201944,0.04033866,394.7909,9474.9825,0.04033866,394.7909,394.7909,394.7909,394.7909,394.7909,9474.9825,0.04033866,1973.9547,1822.2297,7895.8188,8047.5438,0.03361555,0.0342615,0.00168078,63.6720,71.2286,3.2736,143.0402,5.0692,3404.1435,43.6957,64.4793,63.5359,42.5677,43.0663,85.2079,124.7713,127.8119,154.8004,42.604,-41.336,2.967791,3.594466,1.478463,30,203,130,8,0.14604117,0.04201944,0.00608590,0E-8,0.000000,0.914292,0.640282,0.04207877,2026-03-23,2026-08-04,69,1947,1162,135,0.511111,1.014849,1.012680,0.486804,,,,,,,,GLOBAL_BASELINE_NO_ENTITY_RANKING,,,NOT_APPLICABLE_GLOBAL_BASELINE,HF9g-P5,,,,X 全窗基线 · 不参与实体赏罚,15051277,1506,A168_HF9F_20260827_0900,2026-08-27 09:00:00
2026-08-02,74657362,2174,0,165.3439153439,82.6719576719,82.6719576719,1.0000000,2,1,0.39337837499993149,0.280106050000,1.2418058546640405,1.6031457840727341,1.2418058546640405,0.11327232499993149,ELIGIBLE,R03b_20260811_FULL_v1,L1_ELIGIBILITY,v2026-08-11,2026-03-21..2026-08-06,baccarat_bet02_101_all_pairs_incl_sentinel,round_win = game_pnl > 0 (decisive only),COMPATIBILITY_ONLY_NOT_PRODUCTION,234885.8996,214754.2105,9869.7735,3689,3015,-0.04201944,-0.00608590,-0.04816467,-0.04201944,-9869.7735,234885.8996,OK,0.0000,394.7909,4.0000,96.0000,AG03-UNRESOLVED,ALL5_LEVELS_bet23_to_bet27,394.7909,394.7909,394.7909,394.7909,394.7909,4.000000,4.000000,4.000000,4.000000,4.000000,96.000000,96.000000,96.000000,96.000000,96.000000,5.0,1973.9547,1822.2297,7895.8188,8047.5438,PENDING_AG03,FALSE,NOT_FOR_ENFORCEMENT,9474.9825,206164.0421,9869.7735,9474.9825,394.7909,0.04201944,0.04033866,394.7909,9474.9825,0.04033866,394.7909,394.7909,394.7909,394.7909,394.7909,9474.9825,0.04033866,1973.9547,1822.2297,7895.8188,8047.5438,0.03361555,0.0342615,0.00168078,63.6720,71.2286,3.2736,143.0402,5.0692,3404.1435,43.6957,64.4793,63.5359,42.5677,43.0663,85.2079,124.7713,127.8119,154.8004,42.604,-41.336,2.967791,3.594466,1.478463,30,203,130,8,0.14604117,0.04201944,0.00608590,0E-8,0.000000,0.914292,0.640282,0.04207877,2026-03-23,2026-08-04,69,1947,1162,135,0.511111,1.014849,1.012680,0.486804,,,,,,,,GLOBAL_BASELINE_NO_ENTITY_RANKING,,,NOT_APPLICABLE_GLOBAL_BASELINE,HF9g-P5,,,,X 全窗基线 · 不参与实体赏罚,15051278,1506,A168_HF9F_20260827_0900,2026-08-27 09:00:00
2026-08-02,74657362,2189,0,165.3439153439,82.6719576719,82.6719576719,1.0000000,2,1,0.39337837499993149,0.280106050000,1.2418058546640405,1.6031457840727341,1.2418058546640405,0.11327232499993149,ELIGIBLE,R03b_20260811_FULL_v1,L1_ELIGIBILITY,v2026-08-11,2026-03-21..2026-08-06,baccarat_bet02_101_all_pairs_incl_sentinel,round_win = game_pnl > 0 (decisive only),COMPATIBILITY_ONLY_NOT_PRODUCTION,234885.8996,214754.2105,9869.7735,3689,3015,-0.04201944,-0.00608590,-0.04816467,-0.04201944,-9869.7735,234885.8996,OK,0.0000,394.7909,4.0000,96.0000,AG03-UNRESOLVED,ALL5_LEVELS_bet23_to_bet27,394.7909,394.7909,394.7909,394.7909,394.7909,4.000000,4.000000,4.000000,4.000000,4.000000,96.000000,96.000000,96.000000,96.000000,96.000000,5.0,1973.9547,1822.2297,7895.8188,8047.5438,PENDING_AG03,FALSE,NOT_FOR_ENFORCEMENT,9474.9825,206164.0421,9869.7735,9474.9825,394.7909,0.04201944,0.04033866,394.7909,9474.9825,0.04033866,394.7909,394.7909,394.7909,394.7909,394.7909,9474.9825,0.04033866,1973.9547,1822.2297,7895.8188,8047.5438,0.03361555,0.0342615,0.00168078,63.6720,71.2286,3.2736,143.0402,5.0692,3404.1435,43.6957,64.4793,63.5359,42.5677,43.0663,85.2079,124.7713,127.8119,154.8004,42.604,-41.336,2.967791,3.594466,1.478463,30,203,130,8,0.14604117,0.04201944,0.00608590,0E-8,0.000000,0.914292,0.640282,0.04207877,2026-03-23,2026-08-04,69,1947,1162,135,0.511111,1.014849,1.012680,0.486804,,,,,,,,GLOBAL_BASELINE_NO_ENTITY_RANKING,,,NOT_APPLICABLE_GLOBAL_BASELINE,HF9g-P5,,,,X 全窗基线 · 不参与实体赏罚,15051279,1506,A168_HF9F_20260827_0900,2026-08-27 09:00:00
2026-08-02,74657362,2196,0,206.6798941799,0E-10,0E-10,0.5000000,3,2,0.44331193749996575,0.386675775000,0.1613786002963502,0.3290934312765982,0.1613786002963502,0.05663616249996575,ELIGIBLE,R03b_20260811_FULL_v1,L1_ELIGIBILITY,v2026-08-11,2026-03-21..2026-08-06,baccarat_bet02_101_all_pairs_incl_sentinel,round_win = game_pnl > 0 (decisive only),COMPATIBILITY_ONLY_NOT_PRODUCTION,234885.8996,214754.2105,9869.7735,3689,3015,-0.04201944,-0.00608590,-0.04816467,-0.04201944,-9869.7735,234885.8996,OK,0.0000,394.7909,4.0000,96.0000,AG03-UNRESOLVED,ALL5_LEVELS_bet23_to_bet27,394.7909,394.7909,394.7909,394.7909,394.7909,4.000000,4.000000,4.000000,4.000000,4.000000,96.000000,96.000000,96.000000,96.000000,96.000000,5.0,1973.9547,1822.2297,7895.8188,8047.5438,PENDING_AG03,FALSE,NOT_FOR_ENFORCEMENT,9474.9825,206164.0421,9869.7735,9474.9825,394.7909,0.04201944,0.04033866,394.7909,9474.9825,0.04033866,394.7909,394.7909,394.7909,394.7909,394.7909,9474.9825,0.04033866,1973.9547,1822.2297,7895.8188,8047.5438,0.03361555,0.0342615,0.00168078,63.6720,71.2286,3.2736,143.0402,5.0692,3404.1435,43.6957,64.4793,63.5359,42.5677,43.0663,85.2079,124.7713,127.8119,154.8004,42.604,-41.336,2.967791,3.594466,1.478463,30,203,130,8,0.14604117,0.04201944,0.00608590,0E-8,0.000000,0.914292,0.640282,0.04207877,2026-03-23,2026-08-04,69,1947,1162,135,0.511111,1.014849,1.012680,0.486804,,,,,,,,GLOBAL_BASELINE_NO_ENTITY_RANKING,,,NOT_APPLICABLE_GLOBAL_BASELINE,HF9g-P5,,,,X 全窗基线 · 不参与实体赏罚,15051280,1506,A168_HF9F_20260827_0900,2026-08-27 09:00:00
2026-08-02,74657362,2209,0,909.3915343917,248.0158730157,248.0158730157,0.4000000,14,5,0.36958921999994690,0.303739520000,0.1408773255830447,0.4680545822981523,0.1408773255830447,0.06584969999994690,ELIGIBLE,R03b_20260811_FULL_v1,L1_ELIGIBILITY,v2026-08-11,2026-03-21..2026-08-06,baccarat_bet02_101_all_pairs_incl_sentinel,round_win = game_pnl > 0 (decisive only),COMPATIBILITY_ONLY_NOT_PRODUCTION,234885.8996,214754.2105,9869.7735,3689,3015,-0.04201944,-0.00608590,-0.04816467,-0.04201944,-9869.7735,234885.8996,OK,0.0000,394.7909,4.0000,96.0000,AG03-UNRESOLVED,ALL5_LEVELS_bet23_to_bet27,394.7909,394.7909,394.7909,394.7909,394.7909,4.000000,4.000000,4.000000,4.000000,4.000000,96.000000,96.000000,96.000000,96.000000,96.000000,5.0,1973.9547,1822.2297,7895.8188,8047.5438,PENDING_AG03,FALSE,NOT_FOR_ENFORCEMENT,9474.9825,206164.0421,9869.7735,9474.9825,394.7909,0.04201944,0.04033866,394.7909,9474.9825,0.04033866,394.7909,394.7909,394.7909,394.7909,394.7909,9474.9825,0.04033866,1973.9547,1822.2297,7895.8188,8047.5438,0.03361555,0.0342615,0.00168078,63.6720,71.2286,3.2736,143.0402,5.0692,3404.1435,43.6957,64.4793,63.5359,42.5677,43.0663,85.2079,124.7713,127.8119,154.8004,42.604,-41.336,2.967791,3.594466,1.478463,30,203,130,8,0.14604117,0.04201944,0.00608590,0E-8,0.000000,0.914292,0.640282,0.04207877,2026-03-23,2026-08-04,69,1947,1162,135,0.511111,1.014849,1.012680,0.486804,,,,,,,,GLOBAL_BASELINE_NO_ENTITY_RANKING,,,NOT_APPLICABLE_GLOBAL_BASELINE,HF9g-P5,,,,X 全窗基线 · 不参与实体赏罚,15051281,1506,A168_HF9F_20260827_0900,2026-08-27 09:00:00
2026-08-02,74657362,2233,0,82.6719576720,-41.3359788360,-41.3359788360,0E-7,2,2,0.49324550000000000,0.493245500000,-0.9865810262130424,-0.9865810262130424,-0.9865810262130424,0E-17,ELIGIBLE,R03b_20260811_FULL_v1,L1_ELIGIBILITY,v2026-08-11,2026-03-21..2026-08-06,baccarat_bet02_101_all_pairs_incl_sentinel,round_win = game_pnl > 0 (decisive only),COMPATIBILITY_ONLY_NOT_PRODUCTION,234885.8996,214754.2105,9869.7735,3689,3015,-0.04201944,-0.00608590,-0.04816467,-0.04201944,-9869.7735,234885.8996,OK,0.0000,394.7909,4.0000,96.0000,AG03-UNRESOLVED,ALL5_LEVELS_bet23_to_bet27,394.7909,394.7909,394.7909,394.7909,394.7909,4.000000,4.000000,4.000000,4.000000,4.000000,96.000000,96.000000,96.000000,96.000000,96.000000,5.0,1973.9547,1822.2297,7895.8188,8047.5438,PENDING_AG03,FALSE,NOT_FOR_ENFORCEMENT,9474.9825,206164.0421,9869.7735,9474.9825,394.7909,0.04201944,0.04033866,394.7909,9474.9825,0.04033866,394.7909,394.7909,394.7909,394.7909,394.7909,9474.9825,0.04033866,1973.9547,1822.2297,7895.8188,8047.5438,0.03361555,0.0342615,0.00168078,63.6720,71.2286,3.2736,143.0402,5.0692,3404.1435,43.6957,64.4793,63.5359,42.5677,43.0663,85.2079,124.7713,127.8119,154.8004,42.604,-41.336,2.967791,3.594466,1.478463,30,203,130,8,0.14604117,0.04201944,0.00608590,0E-8,0.000000,0.914292,0.640282,0.04207877,2026-03-23,2026-08-04,69,1947,1162,135,0.511111,1.014849,1.012680,0.486804,,,,,,,,GLOBAL_BASELINE_NO_ENTITY_RANKING,,,NOT_APPLICABLE_GLOBAL_BASELINE,HF9g-P5,,,,X 全窗基线 · 不参与实体赏罚,15051282,1506,A168_HF9F_20260827_0900,2026-08-27 09:00:00
2026-08-02,74657362,2250,0,165.3439153440,-165.3439153440,-165.3439153440,0E-7,4,1,0.07439022500000000,0.074390225000,-0.2834940641230321,-0.2834940641230321,-0.2834940641230321,0E-17,ELIGIBLE,R03b_20260811_FULL_v1,L1_ELIGIBILITY,v2026-08-11,2026-03-21..2026-08-06,baccarat_bet02_101_all_pairs_incl_sentinel,round_win = game_pnl > 0 (decisive only),COMPATIBILITY_ONLY_NOT_PRODUCTION,234885.8996,214754.2105,9869.7735,3689,3015,-0.04201944,-0.00608590,-0.04816467,-0.04201944,-9869.7735,234885.8996,OK,0.0000,394.7909,4.0000,96.0000,AG03-UNRESOLVED,ALL5_LEVELS_bet23_to_bet27,394.7909,394.7909,394.7909,394.7909,394.7909,4.000000,4.000000,4.000000,4.000000,4.000000,96.000000,96.000000,96.000000,96.000000,96.000000,5.0,1973.9547,1822.2297,7895.8188,8047.5438,PENDING_AG03,FALSE,NOT_FOR_ENFORCEMENT,9474.9825,206164.0421,9869.7735,9474.9825,394.7909,0.04201944,0.04033866,394.7909,9474.9825,0.04033866,394.7909,394.7909,394.7909,394.7909,394.7909,9474.9825,0.04033866,1973.9547,1822.2297,7895.8188,8047.5438,0.03361555,0.0342615,0.00168078,63.6720,71.2286,3.2736,143.0402,5.0692,3404.1435,43.6957,64.4793,63.5359,42.5677,43.0663,85.2079,124.7713,127.8119,154.8004,42.604,-41.336,2.967791,3.594466,1.478463,30,203,130,8,0.14604117,0.04201944,0.00608590,0E-8,0.000000,0.914292,0.640282,0.04207877,2026-03-23,2026-08-04,69,1947,1162,135,0.511111,1.014849,1.012680,0.486804,,,,,,,,GLOBAL_BASELINE_NO_ENTITY_RANKING,,,NOT_APPLICABLE_GLOBAL_BASELINE,HF9g-P5,,,,X 全窗基线 · 不参与实体赏罚,15051283,1506,A168_HF9F_20260827_0900,2026-08-27 09:00:00
2026-08-02,74657362,2281,0,206.6798941800,-41.3359788360,-41.3359788360,0.3333333,3,3,0.49324550000000000,0.493245500000,-0.5540025479526107,-0.5540025479526106,-0.5540025479526107,0E-17,ELIGIBLE,R03b_20260811_FULL_v1,L1_ELIGIBILITY,v2026-08-11,2026-03-21..2026-08-06,baccarat_bet02_101_all_pairs_incl_sentinel,round_win = game_pnl > 0 (decisive only),COMPATIBILITY_ONLY_NOT_PRODUCTION,234885.8996,214754.2105,9869.7735,3689,3015,-0.04201944,-0.00608590,-0.04816467,-0.04201944,-9869.7735,234885.8996,OK,0.0000,394.7909,4.0000,96.0000,AG03-UNRESOLVED,ALL5_LEVELS_bet23_to_bet27,394.7909,394.7909,394.7909,394.7909,394.7909,4.000000,4.000000,4.000000,4.000000,4.000000,96.000000,96.000000,96.000000,96.000000,96.000000,5.0,1973.9547,1822.2297,7895.8188,8047.5438,PENDING_AG03,FALSE,NOT_FOR_ENFORCEMENT,9474.9825,206164.0421,9869.7735,9474.9825,394.7909,0.04201944,0.04033866,394.7909,9474.9825,0.04033866,394.7909,394.7909,394.7909,394.7909,394.7909,9474.9825,0.04033866,1973.9547,1822.2297,7895.8188,8047.5438,0.03361555,0.0342615,0.00168078,63.6720,71.2286,3.2736,143.0402,5.0692,3404.1435,43.6957,64.4793,63.5359,42.5677,43.0663,85.2079,124.7713,127.8119,154.8004,42.604,-41.336,2.967791,3.594466,1.478463,30,203,130,8,0.14604117,0.04201944,0.00608590,0E-8,0.000000,0.914292,0.640282,0.04207877,2026-03-23,2026-08-04,69,1947,1162,135,0.511111,1.014849,1.012680,0.486804,,,,,,,,GLOBAL_BASELINE_NO_ENTITY_RANKING,,,NOT_APPLICABLE_GLOBAL_BASELINE,HF9g-P5,,,,X 全窗基线 · 不参与实体赏罚,15051284,1506,A168_HF9F_20260827_0900,2026-08-27 09:00:00
2026-08-02,74657362,2289,0,165.3439153439,82.6719576719,82.6719576719,1.0000000,2,1,0.39337837499993149,0.280106050000,1.2418058546640405,1.6031457840727341,1.2418058546640405,0.11327232499993149,ELIGIBLE,R03b_20260811_FULL_v1,L1_ELIGIBILITY,v2026-08-11,2026-03-21..2026-08-06,baccarat_bet02_101_all_pairs_incl_sentinel,round_win = game_pnl > 0 (decisive only),COMPATIBILITY_ONLY_NOT_PRODUCTION,234885.8996,214754.2105,9869.7735,3689,3015,-0.04201944,-0.00608590,-0.04816467,-0.04201944,-9869.7735,234885.8996,OK,0.0000,394.7909,4.0000,96.0000,AG03-UNRESOLVED,ALL5_LEVELS_bet23_to_bet27,394.7909,394.7909,394.7909,394.7909,394.7909,4.000000,4.000000,4.000000,4.000000,4.000000,96.000000,96.000000,96.000000,96.000000,96.000000,5.0,1973.9547,1822.2297,7895.8188,8047.5438,PENDING_AG03,FALSE,NOT_FOR_ENFORCEMENT,9474.9825,206164.0421,9869.7735,9474.9825,394.7909,0.04201944,0.04033866,394.7909,9474.9825,0.04033866,394.7909,394.7909,394.7909,394.7909,394.7909,9474.9825,0.04033866,1973.9547,1822.2297,7895.8188,8047.5438,0.03361555,0.0342615,0.00168078,63.6720,71.2286,3.2736,143.0402,5.0692,3404.1435,43.6957,64.4793,63.5359,42.5677,43.0663,85.2079,124.7713,127.8119,154.8004,42.604,-41.336,2.967791,3.594466,1.478463,30,203,130,8,0.14604117,0.04201944,0.00608590,0E-8,0.000000,0.914292,0.640282,0.04207877,2026-03-23,2026-08-04,69,1947,1162,135,0.511111,1.014849,1.012680,0.486804,,,,,,,,GLOBAL_BASELINE_NO_ENTITY_RANKING,,,NOT_APPLICABLE_GLOBAL_BASELINE,HF9g-P5,,,,X 全窗基线 · 不参与实体赏罚,15051285,1506,A168_HF9F_20260827_0900,2026-08-27 09:00:00
2026-08-03,74657362,-1,1,909.3915343915,-1E-10,-1E-10,0.6666667,11,6,0.41002289583327624,0.315629291667,1.27815852102907,1.8500975440514953,1.27815852102907,0.09439360416627624,SENTINEL_DEALER,R03b_20260811_FULL_v1,L1_ELIGIBILITY,v2026-08-11,2026-03-21..2026-08-06,baccarat_bet02_101_all_pairs_incl_sentinel,round_win = game_pnl > 0 (decisive only),COMPATIBILITY_ONLY_NOT_PRODUCTION,234885.8996,214754.2105,9869.7735,3689,3015,-0.04201944,-0.00608590,-0.04816467,-0.04201944,-9869.7735,234885.8996,OK,0.0000,394.7909,4.0000,96.0000,AG03-UNRESOLVED,ALL5_LEVELS_bet23_to_bet27,394.7909,394.7909,394.7909,394.7909,394.7909,4.000000,4.000000,4.000000,4.000000,4.000000,96.000000,96.000000,96.000000,96.000000,96.000000,5.0,1973.9547,1822.2297,7895.8188,8047.5438,PENDING_AG03,FALSE,NOT_FOR_ENFORCEMENT,9474.9825,206164.0421,9869.7735,9474.9825,394.7909,0.04201944,0.04033866,394.7909,9474.9825,0.04033866,394.7909,394.7909,394.7909,394.7909,394.7909,9474.9825,0.04033866,1973.9547,1822.2297,7895.8188,8047.5438,0.03361555,0.0342615,0.00168078,63.6720,71.2286,3.2736,143.0402,5.0692,3404.1435,43.6957,64.4793,63.5359,42.5677,43.0663,85.2079,124.7713,127.8119,154.8004,42.604,-41.336,2.967791,3.594466,1.478463,30,203,130,8,0.14604117,0.04201944,0.00608590,0E-8,0.000000,0.914292,0.640282,0.04207877,2026-03-23,2026-08-04,69,1947,1162,135,0.511111,1.014849,1.012680,0.486804,,,,,,,,GLOBAL_BASELINE_NO_ENTITY_RANKING,,,NOT_APPLICABLE_GLOBAL_BASELINE,HF9g-P5,,,,X 全窗基线 · 不参与实体赏罚,15051286,1506,A168_HF9F_20260827_0900,2026-08-27 09:00:00
2026-08-03,74657362,1306,0,165.3439153440,82.6719576720,82.6719576720,1.0000000,2,2,0.49324550000000000,0.493245500000,1.01360149184955,1.01360149184955,1.01360149184955,0E-17,ELIGIBLE,R03b_20260811_FULL_v1,L1_ELIGIBILITY,v2026-08-11,2026-03-21..2026-08-06,baccarat_bet02_101_all_pairs_incl_sentinel,round_win = game_pnl > 0 (decisive only),COMPATIBILITY_ONLY_NOT_PRODUCTION,234885.8996,214754.2105,9869.7735,3689,3015,-0.04201944,-0.00608590,-0.04816467,-0.04201944,-9869.7735,234885.8996,OK,0.0000,394.7909,4.0000,96.0000,AG03-UNRESOLVED,ALL5_LEVELS_bet23_to_bet27,394.7909,394.7909,394.7909,394.7909,394.7909,4.000000,4.000000,4.000000,4.000000,4.000000,96.000000,96.000000,96.000000,96.000000,96.000000,5.0,1973.9547,1822.2297,7895.8188,8047.5438,PENDING_AG03,FALSE,NOT_FOR_ENFORCEMENT,9474.9825,206164.0421,9869.7735,9474.9825,394.7909,0.04201944,0.04033866,394.7909,9474.9825,0.04033866,394.7909,394.7909,394.7909,394.7909,394.7909,9474.9825,0.04033866,1973.9547,1822.2297,7895.8188,8047.5438,0.03361555,0.0342615,0.00168078,63.6720,71.2286,3.2736,143.0402,5.0692,3404.1435,43.6957,64.4793,63.5359,42.5677,43.0663,85.2079,124.7713,127.8119,154.8004,42.604,-41.336,2.967791,3.594466,1.478463,30,203,130,8,0.14604117,0.04201944,0.00608590,0E-8,0.000000,0.914292,0.640282,0.04207877,2026-03-23,2026-08-04,69,1947,1162,135,0.511111,1.014849,1.012680,0.486804,,,,,,,,GLOBAL_BASELINE_NO_ENTITY_RANKING,,,NOT_APPLICABLE_GLOBAL_BASELINE,HF9g-P5,,,,X 全窗基线 · 不参与实体赏罚,15051287,1506,A168_HF9F_20260827_0900,2026-08-27 09:00:00
2026-08-03,74657362,1363,0,248.0158730159,-165.3439153439,-165.3439153439,0E-7,3,2,0.45001453749996575,0.393378375000,-0.904560599022108,-0.8052788575962098,-0.904560599022108,0.05663616249996575,ELIGIBLE,R03b_20260811_FULL_v1,L1_ELIGIBILITY,v2026-08-11,2026-03-21..2026-08-06,baccarat_bet02_101_all_pairs_incl_sentinel,round_win = game_pnl > 0 (decisive only),COMPATIBILITY_ONLY_NOT_PRODUCTION,234885.8996,214754.2105,9869.7735,3689,3015,-0.04201944,-0.00608590,-0.04816467,-0.04201944,-9869.7735,234885.8996,OK,0.0000,394.7909,4.0000,96.0000,AG03-UNRESOLVED,ALL5_LEVELS_bet23_to_bet27,394.7909,394.7909,394.7909,394.7909,394.7909,4.000000,4.000000,4.000000,4.000000,4.000000,96.000000,96.000000,96.000000,96.000000,96.000000,5.0,1973.9547,1822.2297,7895.8188,8047.5438,PENDING_AG03,FALSE,NOT_FOR_ENFORCEMENT,9474.9825,206164.0421,9869.7735,9474.9825,394.7909,0.04201944,0.04033866,394.7909,9474.9825,0.04033866,394.7909,394.7909,394.7909,394.7909,394.7909,9474.9825,0.04033866,1973.9547,1822.2297,7895.8188,8047.5438,0.03361555,0.0342615,0.00168078,63.6720,71.2286,3.2736,143.0402,5.0692,3404.1435,43.6957,64.4793,63.5359,42.5677,43.0663,85.2079,124.7713,127.8119,154.8004,42.604,-41.336,2.967791,3.594466,1.478463,30,203,130,8,0.14604117,0.04201944,0.00608590,0E-8,0.000000,0.914292,0.640282,0.04207877,2026-03-23,2026-08-04,69,1947,1162,135,0.511111,1.014849,1.012680,0.486804,,,,,,,,GLOBAL_BASELINE_NO_ENTITY_RANKING,,,NOT_APPLICABLE_GLOBAL_BASELINE,HF9g-P5,,,,X 全窗基线 · 不参与实体赏罚,15051288,1506,A168_HF9F_20260827_0900,2026-08-27 09:00:00
2026-08-03,74657362,1385,0,125.6613756614,-125.6613756614,-125.6613756614,0E-7,1,1,0.49324550000000000,0.493245500000,-0.9865810262130424,-0.9865810262130424,-0.9865810262130424,0E-17,ELIGIBLE,R03b_20260811_FULL_v1,L1_ELIGIBILITY,v2026-08-11,2026-03-21..2026-08-06,baccarat_bet02_101_all_pairs_incl_sentinel,round_win = game_pnl > 0 (decisive only),COMPATIBILITY_ONLY_NOT_PRODUCTION,234885.8996,214754.2105,9869.7735,3689,3015,-0.04201944,-0.00608590,-0.04816467,-0.04201944,-9869.7735,234885.8996,OK,0.0000,394.7909,4.0000,96.0000,AG03-UNRESOLVED,ALL5_LEVELS_bet23_to_bet27,394.7909,394.7909,394.7909,394.7909,394.7909,4.000000,4.000000,4.000000,4.000000,4.000000,96.000000,96.000000,96.000000,96.000000,96.000000,5.0,1973.9547,1822.2297,7895.8188,8047.5438,PENDING_AG03,FALSE,NOT_FOR_ENFORCEMENT,9474.9825,206164.0421,9869.7735,9474.9825,394.7909,0.04201944,0.04033866,394.7909,9474.9825,0.04033866,394.7909,394.7909,394.7909,394.7909,394.7909,9474.9825,0.04033866,1973.9547,1822.2297,7895.8188,8047.5438,0.03361555,0.0342615,0.00168078,63.6720,71.2286,3.2736,143.0402,5.0692,3404.1435,43.6957,64.4793,63.5359,42.5677,43.0663,85.2079,124.7713,127.8119,154.8004,42.604,-41.336,2.967791,3.594466,1.478463,30,203,130,8,0.14604117,0.04201944,0.00608590,0E-8,0.000000,0.914292,0.640282,0.04207877,2026-03-23,2026-08-04,69,1947,1162,135,0.511111,1.014849,1.012680,0.486804,,,,,,,,GLOBAL_BASELINE_NO_ENTITY_RANKING,,,NOT_APPLICABLE_GLOBAL_BASELINE,HF9g-P5,,,,X 全窗基线 · 不参与实体赏罚,15051289,1506,A168_HF9F_20260827_0900,2026-08-27 09:00:00
2026-08-03,74657362,1994,0,82.6719576720,-82.6719576720,-82.6719576720,0E-7,1,1,0.49324550000000000,0.493245500000,-0.9865810262130424,-0.9865810262130424,-0.9865810262130424,0E-17,ELIGIBLE,R03b_20260811_FULL_v1,L1_ELIGIBILITY,v2026-08-11,2026-03-21..2026-08-06,baccarat_bet02_101_all_pairs_incl_sentinel,round_win = game_pnl > 0 (decisive only),COMPATIBILITY_ONLY_NOT_PRODUCTION,234885.8996,214754.2105,9869.7735,3689,3015,-0.04201944,-0.00608590,-0.04816467,-0.04201944,-9869.7735,234885.8996,OK,0.0000,394.7909,4.0000,96.0000,AG03-UNRESOLVED,ALL5_LEVELS_bet23_to_bet27,394.7909,394.7909,394.7909,394.7909,394.7909,4.000000,4.000000,4.000000,4.000000,4.000000,96.000000,96.000000,96.000000,96.000000,96.000000,5.0,1973.9547,1822.2297,7895.8188,8047.5438,PENDING_AG03,FALSE,NOT_FOR_ENFORCEMENT,9474.9825,206164.0421,9869.7735,9474.9825,394.7909,0.04201944,0.04033866,394.7909,9474.9825,0.04033866,394.7909,394.7909,394.7909,394.7909,394.7909,9474.9825,0.04033866,1973.9547,1822.2297,7895.8188,8047.5438,0.03361555,0.0342615,0.00168078,63.6720,71.2286,3.2736,143.0402,5.0692,3404.1435,43.6957,64.4793,63.5359,42.5677,43.0663,85.2079,124.7713,127.8119,154.8004,42.604,-41.336,2.967791,3.594466,1.478463,30,203,130,8,0.14604117,0.04201944,0.00608590,0E-8,0.000000,0.914292,0.640282,0.04207877,2026-03-23,2026-08-04,69,1947,1162,135,0.511111,1.014849,1.012680,0.486804,,,,,,,,GLOBAL_BASELINE_NO_ENTITY_RANKING,,,NOT_APPLICABLE_GLOBAL_BASELINE,HF9g-P5,,,,X 全窗基线 · 不参与实体赏罚,15051290,1506,A168_HF9F_20260827_0900,2026-08-27 09:00:00
2026-08-03,74657362,2127,0,41.3359788360,41.3359788360,41.3359788360,1.0000000,1,1,0.49324550000000000,0.493245500000,1.01360149184955,1.01360149184955,1.01360149184955,0E-17,ELIGIBLE,R03b_20260811_FULL_v1,L1_ELIGIBILITY,v2026-08-11,2026-03-21..2026-08-06,baccarat_bet02_101_all_pairs_incl_sentinel,round_win = game_pnl > 0 (decisive only),COMPATIBILITY_ONLY_NOT_PRODUCTION,234885.8996,214754.2105,9869.7735,3689,3015,-0.04201944,-0.00608590,-0.04816467,-0.04201944,-9869.7735,234885.8996,OK,0.0000,394.7909,4.0000,96.0000,AG03-UNRESOLVED,ALL5_LEVELS_bet23_to_bet27,394.7909,394.7909,394.7909,394.7909,394.7909,4.000000,4.000000,4.000000,4.000000,4.000000,96.000000,96.000000,96.000000,96.000000,96.000000,5.0,1973.9547,1822.2297,7895.8188,8047.5438,PENDING_AG03,FALSE,NOT_FOR_ENFORCEMENT,9474.9825,206164.0421,9869.7735,9474.9825,394.7909,0.04201944,0.04033866,394.7909,9474.9825,0.04033866,394.7909,394.7909,394.7909,394.7909,394.7909,9474.9825,0.04033866,1973.9547,1822.2297,7895.8188,8047.5438,0.03361555,0.0342615,0.00168078,63.6720,71.2286,3.2736,143.0402,5.0692,3404.1435,43.6957,64.4793,63.5359,42.5677,43.0663,85.2079,124.7713,127.8119,154.8004,42.604,-41.336,2.967791,3.594466,1.478463,30,203,130,8,0.14604117,0.04201944,0.00608590,0E-8,0.000000,0.914292,0.640282,0.04207877,2026-03-23,2026-08-04,69,1947,1162,135,0.511111,1.014849,1.012680,0.486804,,,,,,,,GLOBAL_BASELINE_NO_ENTITY_RANKING,,,NOT_APPLICABLE_GLOBAL_BASELINE,HF9g-P5,,,,X 全窗基线 · 不参与实体赏罚,15051291,1506,A168_HF9F_20260827_0900,2026-08-27 09:00:00
2026-08-03,74657362,2141,0,38.0291005291,-38.0291005291,-38.0291005291,0E-7,1,1,0.49324550000000000,0.493245500000,-0.9865810262130424,-0.9865810262130424,-0.9865810262130424,0E-17,ELIGIBLE,R03b_20260811_FULL_v1,L1_ELIGIBILITY,v2026-08-11,2026-03-21..2026-08-06,baccarat_bet02_101_all_pairs_incl_sentinel,round_win = game_pnl > 0 (decisive only),COMPATIBILITY_ONLY_NOT_PRODUCTION,234885.8996,214754.2105,9869.7735,3689,3015,-0.04201944,-0.00608590,-0.04816467,-0.04201944,-9869.7735,234885.8996,OK,0.0000,394.7909,4.0000,96.0000,AG03-UNRESOLVED,ALL5_LEVELS_bet23_to_bet27,394.7909,394.7909,394.7909,394.7909,394.7909,4.000000,4.000000,4.000000,4.000000,4.000000,96.000000,96.000000,96.000000,96.000000,96.000000,5.0,1973.9547,1822.2297,7895.8188,8047.5438,PENDING_AG03,FALSE,NOT_FOR_ENFORCEMENT,9474.9825,206164.0421,9869.7735,9474.9825,394.7909,0.04201944,0.04033866,394.7909,9474.9825,0.04033866,394.7909,394.7909,394.7909,394.7909,394.7909,9474.9825,0.04033866,1973.9547,1822.2297,7895.8188,8047.5438,0.03361555,0.0342615,0.00168078,63.6720,71.2286,3.2736,143.0402,5.0692,3404.1435,43.6957,64.4793,63.5359,42.5677,43.0663,85.2079,124.7713,127.8119,154.8004,42.604,-41.336,2.967791,3.594466,1.478463,30,203,130,8,0.14604117,0.04201944,0.00608590,0E-8,0.000000,0.914292,0.640282,0.04207877,2026-03-23,2026-08-04,69,1947,1162,135,0.511111,1.014849,1.012680,0.486804,,,,,,,,GLOBAL_BASELINE_NO_ENTITY_RANKING,,,NOT_APPLICABLE_GLOBAL_BASELINE,HF9g-P5,,,,X 全窗基线 · 不参与实体赏罚,15051292,1506,A168_HF9F_20260827_0900,2026-08-27 09:00:00
2026-08-03,74657362,2188,0,413.3597883599,289.3518518519,289.3518518519,1.0000000,5,4,0.47833261874998287,0.450014537500,2.088631568889546,2.211018258104542,2.088631568889546,0.02831808124998287,ELIGIBLE,R03b_20260811_FULL_v1,L1_ELIGIBILITY,v2026-08-11,2026-03-21..2026-08-06,baccarat_bet02_101_all_pairs_incl_sentinel,round_win = game_pnl > 0 (decisive only),COMPATIBILITY_ONLY_NOT_PRODUCTION,234885.8996,214754.2105,9869.7735,3689,3015,-0.04201944,-0.00608590,-0.04816467,-0.04201944,-9869.7735,234885.8996,OK,0.0000,394.7909,4.0000,96.0000,AG03-UNRESOLVED,ALL5_LEVELS_bet23_to_bet27,394.7909,394.7909,394.7909,394.7909,394.7909,4.000000,4.000000,4.000000,4.000000,4.000000,96.000000,96.000000,96.000000,96.000000,96.000000,5.0,1973.9547,1822.2297,7895.8188,8047.5438,PENDING_AG03,FALSE,NOT_FOR_ENFORCEMENT,9474.9825,206164.0421,9869.7735,9474.9825,394.7909,0.04201944,0.04033866,394.7909,9474.9825,0.04033866,394.7909,394.7909,394.7909,394.7909,394.7909,9474.9825,0.04033866,1973.9547,1822.2297,7895.8188,8047.5438,0.03361555,0.0342615,0.00168078,63.6720,71.2286,3.2736,143.0402,5.0692,3404.1435,43.6957,64.4793,63.5359,42.5677,43.0663,85.2079,124.7713,127.8119,154.8004,42.604,-41.336,2.967791,3.594466,1.478463,30,203,130,8,0.14604117,0.04201944,0.00608590,0E-8,0.000000,0.914292,0.640282,0.04207877,2026-03-23,2026-08-04,69,1947,1162,135,0.511111,1.014849,1.012680,0.486804,,,,,,,,GLOBAL_BASELINE_NO_ENTITY_RANKING,,,NOT_APPLICABLE_GLOBAL_BASELINE,HF9g-P5,,,,X 全窗基线 · 不参与实体赏罚,15051293,1506,A168_HF9F_20260827_0900,2026-08-27 09:00:00
2026-08-03,74657362,2212,0,165.3439153439,82.6719576719,82.6719576719,1.0000000,2,1,0.39337837499993149,0.280106050000,1.2418058546640405,1.6031457840727341,1.2418058546640405,0.11327232499993149,ELIGIBLE,R03b_20260811_FULL_v1,L1_ELIGIBILITY,v2026-08-11,2026-03-21..2026-08-06,baccarat_bet02_101_all_pairs_incl_sentinel,round_win = game_pnl > 0 (decisive only),COMPATIBILITY_ONLY_NOT_PRODUCTION,234885.8996,214754.2105,9869.7735,3689,3015,-0.04201944,-0.00608590,-0.04816467,-0.04201944,-9869.7735,234885.8996,OK,0.0000,394.7909,4.0000,96.0000,AG03-UNRESOLVED,ALL5_LEVELS_bet23_to_bet27,394.7909,394.7909,394.7909,394.7909,394.7909,4.000000,4.000000,4.000000,4.000000,4.000000,96.000000,96.000000,96.000000,96.000000,96.000000,5.0,1973.9547,1822.2297,7895.8188,8047.5438,PENDING_AG03,FALSE,NOT_FOR_ENFORCEMENT,9474.9825,206164.0421,9869.7735,9474.9825,394.7909,0.04201944,0.04033866,394.7909,9474.9825,0.04033866,394.7909,394.7909,394.7909,394.7909,394.7909,9474.9825,0.04033866,1973.9547,1822.2297,7895.8188,8047.5438,0.03361555,0.0342615,0.00168078,63.6720,71.2286,3.2736,143.0402,5.0692,3404.1435,43.6957,64.4793,63.5359,42.5677,43.0663,85.2079,124.7713,127.8119,154.8004,42.604,-41.336,2.967791,3.594466,1.478463,30,203,130,8,0.14604117,0.04201944,0.00608590,0E-8,0.000000,0.914292,0.640282,0.04207877,2026-03-23,2026-08-04,69,1947,1162,135,0.511111,1.014849,1.012680,0.486804,,,,,,,,GLOBAL_BASELINE_NO_ENTITY_RANKING,,,NOT_APPLICABLE_GLOBAL_BASELINE,HF9g-P5,,,,X 全窗基线 · 不参与实体赏罚,15051294,1506,A168_HF9F_20260827_0900,2026-08-27 09:00:00
2026-08-03,74657362,2218,0,165.3439153440,165.3439153440,165.3439153440,1.0000000,2,2,0.49994810000000000,0.499948100000,1.4143603653603398,1.4143603653603398,1.4143603653603398,0E-17,ELIGIBLE,R03b_20260811_FULL_v1,L1_ELIGIBILITY,v2026-08-11,2026-03-21..2026-08-06,baccarat_bet02_101_all_pairs_incl_sentinel,round_win = game_pnl > 0 (decisive only),COMPATIBILITY_ONLY_NOT_PRODUCTION,234885.8996,214754.2105,9869.7735,3689,3015,-0.04201944,-0.00608590,-0.04816467,-0.04201944,-9869.7735,234885.8996,OK,0.0000,394.7909,4.0000,96.0000,AG03-UNRESOLVED,ALL5_LEVELS_bet23_to_bet27,394.7909,394.7909,394.7909,394.7909,394.7909,4.000000,4.000000,4.000000,4.000000,4.000000,96.000000,96.000000,96.000000,96.000000,96.000000,5.0,1973.9547,1822.2297,7895.8188,8047.5438,PENDING_AG03,FALSE,NOT_FOR_ENFORCEMENT,9474.9825,206164.0421,9869.7735,9474.9825,394.7909,0.04201944,0.04033866,394.7909,9474.9825,0.04033866,394.7909,394.7909,394.7909,394.7909,394.7909,9474.9825,0.04033866,1973.9547,1822.2297,7895.8188,8047.5438,0.03361555,0.0342615,0.00168078,63.6720,71.2286,3.2736,143.0402,5.0692,3404.1435,43.6957,64.4793,63.5359,42.5677,43.0663,85.2079,124.7713,127.8119,154.8004,42.604,-41.336,2.967791,3.594466,1.478463,30,203,130,8,0.14604117,0.04201944,0.00608590,0E-8,0.000000,0.914292,0.640282,0.04207877,2026-03-23,2026-08-04,69,1947,1162,135,0.511111,1.014849,1.012680,0.486804,,,,,,,,GLOBAL_BASELINE_NO_ENTITY_RANKING,,,NOT_APPLICABLE_GLOBAL_BASELINE,HF9g-P5,,,,X 全窗基线 · 不参与实体赏罚,15051295,1506,A168_HF9F_20260827_0900,2026-08-27 09:00:00
2026-08-03,74657362,2271,0,248.0158730159,-248.0158730159,-248.0158730159,0E-7,3,2,0.44331193749996575,0.386675775000,-1.2620127909357344,-1.122906047548861,-1.2620127909357344,0.05663616249996575,ELIGIBLE,R03b_20260811_FULL_v1,L1_ELIGIBILITY,v2026-08-11,2026-03-21..2026-08-06,baccarat_bet02_101_all_pairs_incl_sentinel,round_win = game_pnl > 0 (decisive only),COMPATIBILITY_ONLY_NOT_PRODUCTION,234885.8996,214754.2105,9869.7735,3689,3015,-0.04201944,-0.00608590,-0.04816467,-0.04201944,-9869.7735,234885.8996,OK,0.0000,394.7909,4.0000,96.0000,AG03-UNRESOLVED,ALL5_LEVELS_bet23_to_bet27,394.7909,394.7909,394.7909,394.7909,394.7909,4.000000,4.000000,4.000000,4.000000,4.000000,96.000000,96.000000,96.000000,96.000000,96.000000,5.0,1973.9547,1822.2297,7895.8188,8047.5438,PENDING_AG03,FALSE,NOT_FOR_ENFORCEMENT,9474.9825,206164.0421,9869.7735,9474.9825,394.7909,0.04201944,0.04033866,394.7909,9474.9825,0.04033866,394.7909,394.7909,394.7909,394.7909,394.7909,9474.9825,0.04033866,1973.9547,1822.2297,7895.8188,8047.5438,0.03361555,0.0342615,0.00168078,63.6720,71.2286,3.2736,143.0402,5.0692,3404.1435,43.6957,64.4793,63.5359,42.5677,43.0663,85.2079,124.7713,127.8119,154.8004,42.604,-41.336,2.967791,3.594466,1.478463,30,203,130,8,0.14604117,0.04201944,0.00608590,0E-8,0.000000,0.914292,0.640282,0.04207877,2026-03-23,2026-08-04,69,1947,1162,135,0.511111,1.014849,1.012680,0.486804,,,,,,,,GLOBAL_BASELINE_NO_ENTITY_RANKING,,,NOT_APPLICABLE_GLOBAL_BASELINE,HF9g-P5,,,,X 全窗基线 · 不参与实体赏罚,15051296,1506,A168_HF9F_20260827_0900,2026-08-27 09:00:00
2026-08-03,74657362,2281,0,41.3359788360,41.3359788360,41.3359788360,1.0000000,1,1,0.49324550000000000,0.493245500000,1.01360149184955,1.01360149184955,1.01360149184955,0E-17,ELIGIBLE,R03b_20260811_FULL_v1,L1_ELIGIBILITY,v2026-08-11,2026-03-21..2026-08-06,baccarat_bet02_101_all_pairs_incl_sentinel,round_win = game_pnl > 0 (decisive only),COMPATIBILITY_ONLY_NOT_PRODUCTION,234885.8996,214754.2105,9869.7735,3689,3015,-0.04201944,-0.00608590,-0.04816467,-0.04201944,-9869.7735,234885.8996,OK,0.0000,394.7909,4.0000,96.0000,AG03-UNRESOLVED,ALL5_LEVELS_bet23_to_bet27,394.7909,394.7909,394.7909,394.7909,394.7909,4.000000,4.000000,4.000000,4.000000,4.000000,96.000000,96.000000,96.000000,96.000000,96.000000,5.0,1973.9547,1822.2297,7895.8188,8047.5438,PENDING_AG03,FALSE,NOT_FOR_ENFORCEMENT,9474.9825,206164.0421,9869.7735,9474.9825,394.7909,0.04201944,0.04033866,394.7909,9474.9825,0.04033866,394.7909,394.7909,394.7909,394.7909,394.7909,9474.9825,0.04033866,1973.9547,1822.2297,7895.8188,8047.5438,0.03361555,0.0342615,0.00168078,63.6720,71.2286,3.2736,143.0402,5.0692,3404.1435,43.6957,64.4793,63.5359,42.5677,43.0663,85.2079,124.7713,127.8119,154.8004,42.604,-41.336,2.967791,3.594466,1.478463,30,203,130,8,0.14604117,0.04201944,0.00608590,0E-8,0.000000,0.914292,0.640282,0.04207877,2026-03-23,2026-08-04,69,1947,1162,135,0.511111,1.014849,1.012680,0.486804,,,,,,,,GLOBAL_BASELINE_NO_ENTITY_RANKING,,,NOT_APPLICABLE_GLOBAL_BASELINE,HF9g-P5,,,,X 全窗基线 · 不参与实体赏罚,15051297,1506,A168_HF9F_20260827_0900,2026-08-27 09:00:00
2026-08-03,74657362,2288,0,248.0158730160,0E-10,0E-10,0.6000000,5,5,0.49324550000000000,0.493245500000,0.47746420675292983,0.47746420675292983,0.47746420675292983,0E-17,ELIGIBLE,R03b_20260811_FULL_v1,L1_ELIGIBILITY,v2026-08-11,2026-03-21..2026-08-06,baccarat_bet02_101_all_pairs_incl_sentinel,round_win = game_pnl > 0 (decisive only),COMPATIBILITY_ONLY_NOT_PRODUCTION,234885.8996,214754.2105,9869.7735,3689,3015,-0.04201944,-0.00608590,-0.04816467,-0.04201944,-9869.7735,234885.8996,OK,0.0000,394.7909,4.0000,96.0000,AG03-UNRESOLVED,ALL5_LEVELS_bet23_to_bet27,394.7909,394.7909,394.7909,394.7909,394.7909,4.000000,4.000000,4.000000,4.000000,4.000000,96.000000,96.000000,96.000000,96.000000,96.000000,5.0,1973.9547,1822.2297,7895.8188,8047.5438,PENDING_AG03,FALSE,NOT_FOR_ENFORCEMENT,9474.9825,206164.0421,9869.7735,9474.9825,394.7909,0.04201944,0.04033866,394.7909,9474.9825,0.04033866,394.7909,394.7909,394.7909,394.7909,394.7909,9474.9825,0.04033866,1973.9547,1822.2297,7895.8188,8047.5438,0.03361555,0.0342615,0.00168078,63.6720,71.2286,3.2736,143.0402,5.0692,3404.1435,43.6957,64.4793,63.5359,42.5677,43.0663,85.2079,124.7713,127.8119,154.8004,42.604,-41.336,2.967791,3.594466,1.478463,30,203,130,8,0.14604117,0.04201944,0.00608590,0E-8,0.000000,0.914292,0.640282,0.04207877,2026-03-23,2026-08-04,69,1947,1162,135,0.511111,1.014849,1.012680,0.486804,,,,,,,,GLOBAL_BASELINE_NO_ENTITY_RANKING,,,NOT_APPLICABLE_GLOBAL_BASELINE,HF9g-P5,,,,X 全窗基线 · 不参与实体赏罚,15051298,1506,A168_HF9F_20260827_0900,2026-08-27 09:00:00
2026-08-03,74657362,752,0,41.3359788360,-41.3359788360,-41.3359788360,0E-7,1,1,0.49324550000000000,0.493245500000,-0.9865810262130424,-0.9865810262130424,-0.9865810262130424,0E-17,ELIGIBLE,R03b_20260811_FULL_v1,L1_ELIGIBILITY,v2026-08-11,2026-03-21..2026-08-06,baccarat_bet02_101_all_pairs_incl_sentinel,round_win = game_pnl > 0 (decisive only),COMPATIBILITY_ONLY_NOT_PRODUCTION,234885.8996,214754.2105,9869.7735,3689,3015,-0.04201944,-0.00608590,-0.04816467,-0.04201944,-9869.7735,234885.8996,OK,0.0000,394.7909,4.0000,96.0000,AG03-UNRESOLVED,ALL5_LEVELS_bet23_to_bet27,394.7909,394.7909,394.7909,394.7909,394.7909,4.000000,4.000000,4.000000,4.000000,4.000000,96.000000,96.000000,96.000000,96.000000,96.000000,5.0,1973.9547,1822.2297,7895.8188,8047.5438,PENDING_AG03,FALSE,NOT_FOR_ENFORCEMENT,9474.9825,206164.0421,9869.7735,9474.9825,394.7909,0.04201944,0.04033866,394.7909,9474.9825,0.04033866,394.7909,394.7909,394.7909,394.7909,394.7909,9474.9825,0.04033866,1973.9547,1822.2297,7895.8188,8047.5438,0.03361555,0.0342615,0.00168078,63.6720,71.2286,3.2736,143.0402,5.0692,3404.1435,43.6957,64.4793,63.5359,42.5677,43.0663,85.2079,124.7713,127.8119,154.8004,42.604,-41.336,2.967791,3.594466,1.478463,30,203,130,8,0.14604117,0.04201944,0.00608590,0E-8,0.000000,0.914292,0.640282,0.04207877,2026-03-23,2026-08-04,69,1947,1162,135,0.511111,1.014849,1.012680,0.486804,,,,,,,,GLOBAL_BASELINE_NO_ENTITY_RANKING,,,NOT_APPLICABLE_GLOBAL_BASELINE,HF9g-P5,,,,X 全窗基线 · 不参与实体赏罚,15051299,1506,A168_HF9F_20260827_0900,2026-08-27 09:00:00
2026-08-03,74657362,948,0,248.0158730160,0E-10,0E-10,0.5000000,3,3,0.49771390000000000,0.497713900000,0.006466134837551399,0.0064661348375514,0.006466134837551399,0E-17,ELIGIBLE,R03b_20260811_FULL_v1,L1_ELIGIBILITY,v2026-08-11,2026-03-21..2026-08-06,baccarat_bet02_101_all_pairs_incl_sentinel,round_win = game_pnl > 0 (decisive only),COMPATIBILITY_ONLY_NOT_PRODUCTION,234885.8996,214754.2105,9869.7735,3689,3015,-0.04201944,-0.00608590,-0.04816467,-0.04201944,-9869.7735,234885.8996,OK,0.0000,394.7909,4.0000,96.0000,AG03-UNRESOLVED,ALL5_LEVELS_bet23_to_bet27,394.7909,394.7909,394.7909,394.7909,394.7909,4.000000,4.000000,4.000000,4.000000,4.000000,96.000000,96.000000,96.000000,96.000000,96.000000,5.0,1973.9547,1822.2297,7895.8188,8047.5438,PENDING_AG03,FALSE,NOT_FOR_ENFORCEMENT,9474.9825,206164.0421,9869.7735,9474.9825,394.7909,0.04201944,0.04033866,394.7909,9474.9825,0.04033866,394.7909,394.7909,394.7909,394.7909,394.7909,9474.9825,0.04033866,1973.9547,1822.2297,7895.8188,8047.5438,0.03361555,0.0342615,0.00168078,63.6720,71.2286,3.2736,143.0402,5.0692,3404.1435,43.6957,64.4793,63.5359,42.5677,43.0663,85.2079,124.7713,127.8119,154.8004,42.604,-41.336,2.967791,3.594466,1.478463,30,203,130,8,0.14604117,0.04201944,0.00608590,0E-8,0.000000,0.914292,0.640282,0.04207877,2026-03-23,2026-08-04,69,1947,1162,135,0.511111,1.014849,1.012680,0.486804,,,,,,,,GLOBAL_BASELINE_NO_ENTITY_RANKING,,,NOT_APPLICABLE_GLOBAL_BASELINE,HF9g-P5,,,,X 全窗基线 · 不参与实体赏罚,15051300,1506,A168_HF9F_20260827_0900,2026-08-27 09:00:00
2026-08-03,74657362,986,0,248.0158730159,-248.0158730159,-248.0158730159,0E-7,2,1,0.35562093333327244,0.280106050000,-0.7428873223045847,-0.6237735893609975,-0.7428873223045847,0.07551488333327244,ELIGIBLE,R03b_20260811_FULL_v1,L1_ELIGIBILITY,v2026-08-11,2026-03-21..2026-08-06,baccarat_bet02_101_all_pairs_incl_sentinel,round_win = game_pnl > 0 (decisive only),COMPATIBILITY_ONLY_NOT_PRODUCTION,234885.8996,214754.2105,9869.7735,3689,3015,-0.04201944,-0.00608590,-0.04816467,-0.04201944,-9869.7735,234885.8996,OK,0.0000,394.7909,4.0000,96.0000,AG03-UNRESOLVED,ALL5_LEVELS_bet23_to_bet27,394.7909,394.7909,394.7909,394.7909,394.7909,4.000000,4.000000,4.000000,4.000000,4.000000,96.000000,96.000000,96.000000,96.000000,96.000000,5.0,1973.9547,1822.2297,7895.8188,8047.5438,PENDING_AG03,FALSE,NOT_FOR_ENFORCEMENT,9474.9825,206164.0421,9869.7735,9474.9825,394.7909,0.04201944,0.04033866,394.7909,9474.9825,0.04033866,394.7909,394.7909,394.7909,394.7909,394.7909,9474.9825,0.04033866,1973.9547,1822.2297,7895.8188,8047.5438,0.03361555,0.0342615,0.00168078,63.6720,71.2286,3.2736,143.0402,5.0692,3404.1435,43.6957,64.4793,63.5359,42.5677,43.0663,85.2079,124.7713,127.8119,154.8004,42.604,-41.336,2.967791,3.594466,1.478463,30,203,130,8,0.14604117,0.04201944,0.00608590,0E-8,0.000000,0.914292,0.640282,0.04207877,2026-03-23,2026-08-04,69,1947,1162,135,0.511111,1.014849,1.012680,0.486804,,,,,,,,GLOBAL_BASELINE_NO_ENTITY_RANKING,,,NOT_APPLICABLE_GLOBAL_BASELINE,HF9g-P5,,,,X 全窗基线 · 不参与实体赏罚,15051301,1506,A168_HF9F_20260827_0900,2026-08-27 09:00:00
2026-08-03,74657362,994,0,330.6878306880,165.3439153440,165.3439153440,0.7500000,4,4,0.49324550000000000,0.493245500000,1.0271117246678039,1.0271117246678039,1.0271117246678039,0E-17,ELIGIBLE,R03b_20260811_FULL_v1,L1_ELIGIBILITY,v2026-08-11,2026-03-21..2026-08-06,baccarat_bet02_101_all_pairs_incl_sentinel,round_win = game_pnl > 0 (decisive only),COMPATIBILITY_ONLY_NOT_PRODUCTION,234885.8996,214754.2105,9869.7735,3689,3015,-0.04201944,-0.00608590,-0.04816467,-0.04201944,-9869.7735,234885.8996,OK,0.0000,394.7909,4.0000,96.0000,AG03-UNRESOLVED,ALL5_LEVELS_bet23_to_bet27,394.7909,394.7909,394.7909,394.7909,394.7909,4.000000,4.000000,4.000000,4.000000,4.000000,96.000000,96.000000,96.000000,96.000000,96.000000,5.0,1973.9547,1822.2297,7895.8188,8047.5438,PENDING_AG03,FALSE,NOT_FOR_ENFORCEMENT,9474.9825,206164.0421,9869.7735,9474.9825,394.7909,0.04201944,0.04033866,394.7909,9474.9825,0.04033866,394.7909,394.7909,394.7909,394.7909,394.7909,9474.9825,0.04033866,1973.9547,1822.2297,7895.8188,8047.5438,0.03361555,0.0342615,0.00168078,63.6720,71.2286,3.2736,143.0402,5.0692,3404.1435,43.6957,64.4793,63.5359,42.5677,43.0663,85.2079,124.7713,127.8119,154.8004,42.604,-41.336,2.967791,3.594466,1.478463,30,203,130,8,0.14604117,0.04201944,0.00608590,0E-8,0.000000,0.914292,0.640282,0.04207877,2026-03-23,2026-08-04,69,1947,1162,135,0.511111,1.014849,1.012680,0.486804,,,,,,,,GLOBAL_BASELINE_NO_ENTITY_RANKING,,,NOT_APPLICABLE_GLOBAL_BASELINE,HF9g-P5,,,,X 全窗基线 · 不参与实体赏罚,15051302,1506,A168_HF9F_20260827_0900,2026-08-27 09:00:00
2026-08-04,74657362,-1,1,289.3518518520,-206.6798941800,-206.6798941800,0E-7,5,4,0.45883935833333333,0.439960637500,-1.8416081404866658,-1.7726689215534188,-1.8416081404866658,0.01887872083333333,SENTINEL_DEALER,R03b_20260811_FULL_v1,L1_ELIGIBILITY,v2026-08-11,2026-03-21..2026-08-06,baccarat_bet02_101_all_pairs_incl_sentinel,round_win = game_pnl > 0 (decisive only),COMPATIBILITY_ONLY_NOT_PRODUCTION,234885.8996,214754.2105,9869.7735,3689,3015,-0.04201944,-0.00608590,-0.04816467,-0.04201944,-9869.7735,234885.8996,OK,0.0000,394.7909,4.0000,96.0000,AG03-UNRESOLVED,ALL5_LEVELS_bet23_to_bet27,394.7909,394.7909,394.7909,394.7909,394.7909,4.000000,4.000000,4.000000,4.000000,4.000000,96.000000,96.000000,96.000000,96.000000,96.000000,5.0,1973.9547,1822.2297,7895.8188,8047.5438,PENDING_AG03,FALSE,NOT_FOR_ENFORCEMENT,9474.9825,206164.0421,9869.7735,9474.9825,394.7909,0.04201944,0.04033866,394.7909,9474.9825,0.04033866,394.7909,394.7909,394.7909,394.7909,394.7909,9474.9825,0.04033866,1973.9547,1822.2297,7895.8188,8047.5438,0.03361555,0.0342615,0.00168078,63.6720,71.2286,3.2736,143.0402,5.0692,3404.1435,43.6957,64.4793,63.5359,42.5677,43.0663,85.2079,124.7713,127.8119,154.8004,42.604,-41.336,2.967791,3.594466,1.478463,30,203,130,8,0.14604117,0.04201944,0.00608590,0E-8,0.000000,0.914292,0.640282,0.04207877,2026-03-23,2026-08-04,69,1947,1162,135,0.511111,1.014849,1.012680,0.486804,,,,,,,,GLOBAL_BASELINE_NO_ENTITY_RANKING,,,NOT_APPLICABLE_GLOBAL_BASELINE,HF9g-P5,,,,X 全窗基线 · 不参与实体赏罚,15051303,1506,A168_HF9F_20260827_0900,2026-08-27 09:00:00
2026-08-04,74657362,1150,0,41.3359788360,41.3359788360,41.3359788360,1.0000000,1,1,0.49324550000000000,0.493245500000,1.01360149184955,1.01360149184955,1.01360149184955,0E-17,ELIGIBLE,R03b_20260811_FULL_v1,L1_ELIGIBILITY,v2026-08-11,2026-03-21..2026-08-06,baccarat_bet02_101_all_pairs_incl_sentinel,round_win = game_pnl > 0 (decisive only),COMPATIBILITY_ONLY_NOT_PRODUCTION,234885.8996,214754.2105,9869.7735,3689,3015,-0.04201944,-0.00608590,-0.04816467,-0.04201944,-9869.7735,234885.8996,OK,0.0000,394.7909,4.0000,96.0000,AG03-UNRESOLVED,ALL5_LEVELS_bet23_to_bet27,394.7909,394.7909,394.7909,394.7909,394.7909,4.000000,4.000000,4.000000,4.000000,4.000000,96.000000,96.000000,96.000000,96.000000,96.000000,5.0,1973.9547,1822.2297,7895.8188,8047.5438,PENDING_AG03,FALSE,NOT_FOR_ENFORCEMENT,9474.9825,206164.0421,9869.7735,9474.9825,394.7909,0.04201944,0.04033866,394.7909,9474.9825,0.04033866,394.7909,394.7909,394.7909,394.7909,394.7909,9474.9825,0.04033866,1973.9547,1822.2297,7895.8188,8047.5438,0.03361555,0.0342615,0.00168078,63.6720,71.2286,3.2736,143.0402,5.0692,3404.1435,43.6957,64.4793,63.5359,42.5677,43.0663,85.2079,124.7713,127.8119,154.8004,42.604,-41.336,2.967791,3.594466,1.478463,30,203,130,8,0.14604117,0.04201944,0.00608590,0E-8,0.000000,0.914292,0.640282,0.04207877,2026-03-23,2026-08-04,69,1947,1162,135,0.511111,1.014849,1.012680,0.486804,,,,,,,,GLOBAL_BASELINE_NO_ENTITY_RANKING,,,NOT_APPLICABLE_GLOBAL_BASELINE,HF9g-P5,,,,X 全窗基线 · 不参与实体赏罚,15051304,1506,A168_HF9F_20260827_0900,2026-08-27 09:00:00
2026-08-04,74657362,1205,0,41.3359788360,-41.3359788360,-41.3359788360,0E-7,1,1,0.50665070000000000,0.506650700000,-1.013391052207602,-1.013391052207602,-1.013391052207602,0E-17,ELIGIBLE,R03b_20260811_FULL_v1,L1_ELIGIBILITY,v2026-08-11,2026-03-21..2026-08-06,baccarat_bet02_101_all_pairs_incl_sentinel,round_win = game_pnl > 0 (decisive only),COMPATIBILITY_ONLY_NOT_PRODUCTION,234885.8996,214754.2105,9869.7735,3689,3015,-0.04201944,-0.00608590,-0.04816467,-0.04201944,-9869.7735,234885.8996,OK,0.0000,394.7909,4.0000,96.0000,AG03-UNRESOLVED,ALL5_LEVELS_bet23_to_bet27,394.7909,394.7909,394.7909,394.7909,394.7909,4.000000,4.000000,4.000000,4.000000,4.000000,96.000000,96.000000,96.000000,96.000000,96.000000,5.0,1973.9547,1822.2297,7895.8188,8047.5438,PENDING_AG03,FALSE,NOT_FOR_ENFORCEMENT,9474.9825,206164.0421,9869.7735,9474.9825,394.7909,0.04201944,0.04033866,394.7909,9474.9825,0.04033866,394.7909,394.7909,394.7909,394.7909,394.7909,9474.9825,0.04033866,1973.9547,1822.2297,7895.8188,8047.5438,0.03361555,0.0342615,0.00168078,63.6720,71.2286,3.2736,143.0402,5.0692,3404.1435,43.6957,64.4793,63.5359,42.5677,43.0663,85.2079,124.7713,127.8119,154.8004,42.604,-41.336,2.967791,3.594466,1.478463,30,203,130,8,0.14604117,0.04201944,0.00608590,0E-8,0.000000,0.914292,0.640282,0.04207877,2026-03-23,2026-08-04,69,1947,1162,135,0.511111,1.014849,1.012680,0.486804,,,,,,,,GLOBAL_BASELINE_NO_ENTITY_RANKING,,,NOT_APPLICABLE_GLOBAL_BASELINE,HF9g-P5,,,,X 全窗基线 · 不参与实体赏罚,15051305,1506,A168_HF9F_20260827_0900,2026-08-27 09:00:00
2026-08-04,74657362,1704,0,124.0079365080,41.3359788360,41.3359788360,1.0000000,2,1,0.35562093333333333,0.280106050000,1.3460991592879357,1.6031457840727341,1.3460991592879357,0.07551488333333333,ELIGIBLE,R03b_20260811_FULL_v1,L1_ELIGIBILITY,v2026-08-11,2026-03-21..2026-08-06,baccarat_bet02_101_all_pairs_incl_sentinel,round_win = game_pnl > 0 (decisive only),COMPATIBILITY_ONLY_NOT_PRODUCTION,234885.8996,214754.2105,9869.7735,3689,3015,-0.04201944,-0.00608590,-0.04816467,-0.04201944,-9869.7735,234885.8996,OK,0.0000,394.7909,4.0000,96.0000,AG03-UNRESOLVED,ALL5_LEVELS_bet23_to_bet27,394.7909,394.7909,394.7909,394.7909,394.7909,4.000000,4.000000,4.000000,4.000000,4.000000,96.000000,96.000000,96.000000,96.000000,96.000000,5.0,1973.9547,1822.2297,7895.8188,8047.5438,PENDING_AG03,FALSE,NOT_FOR_ENFORCEMENT,9474.9825,206164.0421,9869.7735,9474.9825,394.7909,0.04201944,0.04033866,394.7909,9474.9825,0.04033866,394.7909,394.7909,394.7909,394.7909,394.7909,9474.9825,0.04033866,1973.9547,1822.2297,7895.8188,8047.5438,0.03361555,0.0342615,0.00168078,63.6720,71.2286,3.2736,143.0402,5.0692,3404.1435,43.6957,64.4793,63.5359,42.5677,43.0663,85.2079,124.7713,127.8119,154.8004,42.604,-41.336,2.967791,3.594466,1.478463,30,203,130,8,0.14604117,0.04201944,0.00608590,0E-8,0.000000,0.914292,0.640282,0.04207877,2026-03-23,2026-08-04,69,1947,1162,135,0.511111,1.014849,1.012680,0.486804,,,,,,,,GLOBAL_BASELINE_NO_ENTITY_RANKING,,,NOT_APPLICABLE_GLOBAL_BASELINE,HF9g-P5,,,,X 全窗基线 · 不参与实体赏罚,15051306,1506,A168_HF9F_20260827_0900,2026-08-27 09:00:00
2026-08-04,74657362,1935,0,165.3439153439,-165.3439153439,-165.3439153439,0E-7,2,1,0.39337837499993149,0.280106050000,-0.8052788575960942,-0.6237735893609975,-0.8052788575960942,0.11327232499993149,ELIGIBLE,R03b_20260811_FULL_v1,L1_ELIGIBILITY,v2026-08-11,2026-03-21..2026-08-06,baccarat_bet02_101_all_pairs_incl_sentinel,round_win = game_pnl > 0 (decisive only),COMPATIBILITY_ONLY_NOT_PRODUCTION,234885.8996,214754.2105,9869.7735,3689,3015,-0.04201944,-0.00608590,-0.04816467,-0.04201944,-9869.7735,234885.8996,OK,0.0000,394.7909,4.0000,96.0000,AG03-UNRESOLVED,ALL5_LEVELS_bet23_to_bet27,394.7909,394.7909,394.7909,394.7909,394.7909,4.000000,4.000000,4.000000,4.000000,4.000000,96.000000,96.000000,96.000000,96.000000,96.000000,5.0,1973.9547,1822.2297,7895.8188,8047.5438,PENDING_AG03,FALSE,NOT_FOR_ENFORCEMENT,9474.9825,206164.0421,9869.7735,9474.9825,394.7909,0.04201944,0.04033866,394.7909,9474.9825,0.04033866,394.7909,394.7909,394.7909,394.7909,394.7909,9474.9825,0.04033866,1973.9547,1822.2297,7895.8188,8047.5438,0.03361555,0.0342615,0.00168078,63.6720,71.2286,3.2736,143.0402,5.0692,3404.1435,43.6957,64.4793,63.5359,42.5677,43.0663,85.2079,124.7713,127.8119,154.8004,42.604,-41.336,2.967791,3.594466,1.478463,30,203,130,8,0.14604117,0.04201944,0.00608590,0E-8,0.000000,0.914292,0.640282,0.04207877,2026-03-23,2026-08-04,69,1947,1162,135,0.511111,1.014849,1.012680,0.486804,,,,,,,,GLOBAL_BASELINE_NO_ENTITY_RANKING,,,NOT_APPLICABLE_GLOBAL_BASELINE,HF9g-P5,,,,X 全窗基线 · 不参与实体赏罚,15051307,1506,A168_HF9F_20260827_0900,2026-08-27 09:00:00
2026-08-04,74657362,1963,0,82.6719576720,-82.6719576720,-82.6719576720,0E-7,2,2,0.49324550000000000,0.493245500000,-1.3952362676504506,-1.3952362676504506,-1.3952362676504506,0E-17,ELIGIBLE,R03b_20260811_FULL_v1,L1_ELIGIBILITY,v2026-08-11,2026-03-21..2026-08-06,baccarat_bet02_101_all_pairs_incl_sentinel,round_win = game_pnl > 0 (decisive only),COMPATIBILITY_ONLY_NOT_PRODUCTION,234885.8996,214754.2105,9869.7735,3689,3015,-0.04201944,-0.00608590,-0.04816467,-0.04201944,-9869.7735,234885.8996,OK,0.0000,394.7909,4.0000,96.0000,AG03-UNRESOLVED,ALL5_LEVELS_bet23_to_bet27,394.7909,394.7909,394.7909,394.7909,394.7909,4.000000,4.000000,4.000000,4.000000,4.000000,96.000000,96.000000,96.000000,96.000000,96.000000,5.0,1973.9547,1822.2297,7895.8188,8047.5438,PENDING_AG03,FALSE,NOT_FOR_ENFORCEMENT,9474.9825,206164.0421,9869.7735,9474.9825,394.7909,0.04201944,0.04033866,394.7909,9474.9825,0.04033866,394.7909,394.7909,394.7909,394.7909,394.7909,9474.9825,0.04033866,1973.9547,1822.2297,7895.8188,8047.5438,0.03361555,0.0342615,0.00168078,63.6720,71.2286,3.2736,143.0402,5.0692,3404.1435,43.6957,64.4793,63.5359,42.5677,43.0663,85.2079,124.7713,127.8119,154.8004,42.604,-41.336,2.967791,3.594466,1.478463,30,203,130,8,0.14604117,0.04201944,0.00608590,0E-8,0.000000,0.914292,0.640282,0.04207877,2026-03-23,2026-08-04,69,1947,1162,135,0.511111,1.014849,1.012680,0.486804,,,,,,,,GLOBAL_BASELINE_NO_ENTITY_RANKING,,,NOT_APPLICABLE_GLOBAL_BASELINE,HF9g-P5,,,,X 全窗基线 · 不参与实体赏罚,15051308,1506,A168_HF9F_20260827_0900,2026-08-27 09:00:00
2026-08-04,74657362,2101,0,289.3518518519,-41.3359788359,-41.3359788359,0.6666667,4,3,0.45995645833331050,0.422199016667,0.7183726724956503,0.8573028709633754,0.7183726724956503,0.03775744166631050,ELIGIBLE,R03b_20260811_FULL_v1,L1_ELIGIBILITY,v2026-08-11,2026-03-21..2026-08-06,baccarat_bet02_101_all_pairs_incl_sentinel,round_win = game_pnl > 0 (decisive only),COMPATIBILITY_ONLY_NOT_PRODUCTION,234885.8996,214754.2105,9869.7735,3689,3015,-0.04201944,-0.00608590,-0.04816467,-0.04201944,-9869.7735,234885.8996,OK,0.0000,394.7909,4.0000,96.0000,AG03-UNRESOLVED,ALL5_LEVELS_bet23_to_bet27,394.7909,394.7909,394.7909,394.7909,394.7909,4.000000,4.000000,4.000000,4.000000,4.000000,96.000000,96.000000,96.000000,96.000000,96.000000,5.0,1973.9547,1822.2297,7895.8188,8047.5438,PENDING_AG03,FALSE,NOT_FOR_ENFORCEMENT,9474.9825,206164.0421,9869.7735,9474.9825,394.7909,0.04201944,0.04033866,394.7909,9474.9825,0.04033866,394.7909,394.7909,394.7909,394.7909,394.7909,9474.9825,0.04033866,1973.9547,1822.2297,7895.8188,8047.5438,0.03361555,0.0342615,0.00168078,63.6720,71.2286,3.2736,143.0402,5.0692,3404.1435,43.6957,64.4793,63.5359,42.5677,43.0663,85.2079,124.7713,127.8119,154.8004,42.604,-41.336,2.967791,3.594466,1.478463,30,203,130,8,0.14604117,0.04201944,0.00608590,0E-8,0.000000,0.914292,0.640282,0.04207877,2026-03-23,2026-08-04,69,1947,1162,135,0.511111,1.014849,1.012680,0.486804,,,,,,,,GLOBAL_BASELINE_NO_ENTITY_RANKING,,,NOT_APPLICABLE_GLOBAL_BASELINE,HF9g-P5,,,,X 全窗基线 · 不参与实体赏罚,15051309,1506,A168_HF9F_20260827_0900,2026-08-27 09:00:00
2026-08-04,74657362,2106,0,372.0238095239,-248.0158730160,-248.0158730160,0E-7,6,3,0.27456588611108827,0.211636816667,-1.0655772219965012,-0.8974144751670147,-1.0655772219965012,0.06292906944408827,ELIGIBLE,R03b_20260811_FULL_v1,L1_ELIGIBILITY,v2026-08-11,2026-03-21..2026-08-06,baccarat_bet02_101_all_pairs_incl_sentinel,round_win = game_pnl > 0 (decisive only),COMPATIBILITY_ONLY_NOT_PRODUCTION,234885.8996,214754.2105,9869.7735,3689,3015,-0.04201944,-0.00608590,-0.04816467,-0.04201944,-9869.7735,234885.8996,OK,0.0000,394.7909,4.0000,96.0000,AG03-UNRESOLVED,ALL5_LEVELS_bet23_to_bet27,394.7909,394.7909,394.7909,394.7909,394.7909,4.000000,4.000000,4.000000,4.000000,4.000000,96.000000,96.000000,96.000000,96.000000,96.000000,5.0,1973.9547,1822.2297,7895.8188,8047.5438,PENDING_AG03,FALSE,NOT_FOR_ENFORCEMENT,9474.9825,206164.0421,9869.7735,9474.9825,394.7909,0.04201944,0.04033866,394.7909,9474.9825,0.04033866,394.7909,394.7909,394.7909,394.7909,394.7909,9474.9825,0.04033866,1973.9547,1822.2297,7895.8188,8047.5438,0.03361555,0.0342615,0.00168078,63.6720,71.2286,3.2736,143.0402,5.0692,3404.1435,43.6957,64.4793,63.5359,42.5677,43.0663,85.2079,124.7713,127.8119,154.8004,42.604,-41.336,2.967791,3.594466,1.478463,30,203,130,8,0.14604117,0.04201944,0.00608590,0E-8,0.000000,0.914292,0.640282,0.04207877,2026-03-23,2026-08-04,69,1947,1162,135,0.511111,1.014849,1.012680,0.486804,,,,,,,,GLOBAL_BASELINE_NO_ENTITY_RANKING,,,NOT_APPLICABLE_GLOBAL_BASELINE,HF9g-P5,,,,X 全窗基线 · 不参与实体赏罚,15051310,1506,A168_HF9F_20260827_0900,2026-08-27 09:00:00
2026-08-04,74657362,2121,0,165.3439153439,82.6719576719,82.6719576719,1.0000000,2,1,0.39337837499993149,0.280106050000,1.2418058546640405,1.6031457840727341,1.2418058546640405,0.11327232499993149,ELIGIBLE,R03b_20260811_FULL_v1,L1_ELIGIBILITY,v2026-08-11,2026-03-21..2026-08-06,baccarat_bet02_101_all_pairs_incl_sentinel,round_win = game_pnl > 0 (decisive only),COMPATIBILITY_ONLY_NOT_PRODUCTION,234885.8996,214754.2105,9869.7735,3689,3015,-0.04201944,-0.00608590,-0.04816467,-0.04201944,-9869.7735,234885.8996,OK,0.0000,394.7909,4.0000,96.0000,AG03-UNRESOLVED,ALL5_LEVELS_bet23_to_bet27,394.7909,394.7909,394.7909,394.7909,394.7909,4.000000,4.000000,4.000000,4.000000,4.000000,96.000000,96.000000,96.000000,96.000000,96.000000,5.0,1973.9547,1822.2297,7895.8188,8047.5438,PENDING_AG03,FALSE,NOT_FOR_ENFORCEMENT,9474.9825,206164.0421,9869.7735,9474.9825,394.7909,0.04201944,0.04033866,394.7909,9474.9825,0.04033866,394.7909,394.7909,394.7909,394.7909,394.7909,9474.9825,0.04033866,1973.9547,1822.2297,7895.8188,8047.5438,0.03361555,0.0342615,0.00168078,63.6720,71.2286,3.2736,143.0402,5.0692,3404.1435,43.6957,64.4793,63.5359,42.5677,43.0663,85.2079,124.7713,127.8119,154.8004,42.604,-41.336,2.967791,3.594466,1.478463,30,203,130,8,0.14604117,0.04201944,0.00608590,0E-8,0.000000,0.914292,0.640282,0.04207877,2026-03-23,2026-08-04,69,1947,1162,135,0.511111,1.014849,1.012680,0.486804,,,,,,,,GLOBAL_BASELINE_NO_ENTITY_RANKING,,,NOT_APPLICABLE_GLOBAL_BASELINE,HF9g-P5,,,,X 全窗基线 · 不参与实体赏罚,15051311,1506,A168_HF9F_20260827_0900,2026-08-27 09:00:00
2026-08-04,74657362,2127,0,165.3439153439,-165.3439153439,-165.3439153439,0E-7,2,1,0.39337837499993149,0.280106050000,-0.8052788575960942,-0.6237735893609975,-0.8052788575960942,0.11327232499993149,ELIGIBLE,R03b_20260811_FULL_v1,L1_ELIGIBILITY,v2026-08-11,2026-03-21..2026-08-06,baccarat_bet02_101_all_pairs_incl_sentinel,round_win = game_pnl > 0 (decisive only),COMPATIBILITY_ONLY_NOT_PRODUCTION,234885.8996,214754.2105,9869.7735,3689,3015,-0.04201944,-0.00608590,-0.04816467,-0.04201944,-9869.7735,234885.8996,OK,0.0000,394.7909,4.0000,96.0000,AG03-UNRESOLVED,ALL5_LEVELS_bet23_to_bet27,394.7909,394.7909,394.7909,394.7909,394.7909,4.000000,4.000000,4.000000,4.000000,4.000000,96.000000,96.000000,96.000000,96.000000,96.000000,5.0,1973.9547,1822.2297,7895.8188,8047.5438,PENDING_AG03,FALSE,NOT_FOR_ENFORCEMENT,9474.9825,206164.0421,9869.7735,9474.9825,394.7909,0.04201944,0.04033866,394.7909,9474.9825,0.04033866,394.7909,394.7909,394.7909,394.7909,394.7909,9474.9825,0.04033866,1973.9547,1822.2297,7895.8188,8047.5438,0.03361555,0.0342615,0.00168078,63.6720,71.2286,3.2736,143.0402,5.0692,3404.1435,43.6957,64.4793,63.5359,42.5677,43.0663,85.2079,124.7713,127.8119,154.8004,42.604,-41.336,2.967791,3.594466,1.478463,30,203,130,8,0.14604117,0.04201944,0.00608590,0E-8,0.000000,0.914292,0.640282,0.04207877,2026-03-23,2026-08-04,69,1947,1162,135,0.511111,1.014849,1.012680,0.486804,,,,,,,,GLOBAL_BASELINE_NO_ENTITY_RANKING,,,NOT_APPLICABLE_GLOBAL_BASELINE,HF9g-P5,,,,X 全窗基线 · 不参与实体赏罚,15051312,1506,A168_HF9F_20260827_0900,2026-08-27 09:00:00
2026-08-04,74657362,2134,0,41.3359788360,-41.3359788360,-41.3359788360,0E-7,1,1,0.49324550000000000,0.493245500000,-0.9865810262130424,-0.9865810262130424,-0.9865810262130424,0E-17,ELIGIBLE,R03b_20260811_FULL_v1,L1_ELIGIBILITY,v2026-08-11,2026-03-21..2026-08-06,baccarat_bet02_101_all_pairs_incl_sentinel,round_win = game_pnl > 0 (decisive only),COMPATIBILITY_ONLY_NOT_PRODUCTION,234885.8996,214754.2105,9869.7735,3689,3015,-0.04201944,-0.00608590,-0.04816467,-0.04201944,-9869.7735,234885.8996,OK,0.0000,394.7909,4.0000,96.0000,AG03-UNRESOLVED,ALL5_LEVELS_bet23_to_bet27,394.7909,394.7909,394.7909,394.7909,394.7909,4.000000,4.000000,4.000000,4.000000,4.000000,96.000000,96.000000,96.000000,96.000000,96.000000,5.0,1973.9547,1822.2297,7895.8188,8047.5438,PENDING_AG03,FALSE,NOT_FOR_ENFORCEMENT,9474.9825,206164.0421,9869.7735,9474.9825,394.7909,0.04201944,0.04033866,394.7909,9474.9825,0.04033866,394.7909,394.7909,394.7909,394.7909,394.7909,9474.9825,0.04033866,1973.9547,1822.2297,7895.8188,8047.5438,0.03361555,0.0342615,0.00168078,63.6720,71.2286,3.2736,143.0402,5.0692,3404.1435,43.6957,64.4793,63.5359,42.5677,43.0663,85.2079,124.7713,127.8119,154.8004,42.604,-41.336,2.967791,3.594466,1.478463,30,203,130,8,0.14604117,0.04201944,0.00608590,0E-8,0.000000,0.914292,0.640282,0.04207877,2026-03-23,2026-08-04,69,1947,1162,135,0.511111,1.014849,1.012680,0.486804,,,,,,,,GLOBAL_BASELINE_NO_ENTITY_RANKING,,,NOT_APPLICABLE_GLOBAL_BASELINE,HF9g-P5,,,,X 全窗基线 · 不参与实体赏罚,15051313,1506,A168_HF9F_20260827_0900,2026-08-27 09:00:00
2026-08-04,74657362,2160,0,41.3359788360,-41.3359788360,-41.3359788360,0E-7,1,1,0.49324550000000000,0.493245500000,-0.9865810262130424,-0.9865810262130424,-0.9865810262130424,0E-17,ELIGIBLE,R03b_20260811_FULL_v1,L1_ELIGIBILITY,v2026-08-11,2026-03-21..2026-08-06,baccarat_bet02_101_all_pairs_incl_sentinel,round_win = game_pnl > 0 (decisive only),COMPATIBILITY_ONLY_NOT_PRODUCTION,234885.8996,214754.2105,9869.7735,3689,3015,-0.04201944,-0.00608590,-0.04816467,-0.04201944,-9869.7735,234885.8996,OK,0.0000,394.7909,4.0000,96.0000,AG03-UNRESOLVED,ALL5_LEVELS_bet23_to_bet27,394.7909,394.7909,394.7909,394.7909,394.7909,4.000000,4.000000,4.000000,4.000000,4.000000,96.000000,96.000000,96.000000,96.000000,96.000000,5.0,1973.9547,1822.2297,7895.8188,8047.5438,PENDING_AG03,FALSE,NOT_FOR_ENFORCEMENT,9474.9825,206164.0421,9869.7735,9474.9825,394.7909,0.04201944,0.04033866,394.7909,9474.9825,0.04033866,394.7909,394.7909,394.7909,394.7909,394.7909,9474.9825,0.04033866,1973.9547,1822.2297,7895.8188,8047.5438,0.03361555,0.0342615,0.00168078,63.6720,71.2286,3.2736,143.0402,5.0692,3404.1435,43.6957,64.4793,63.5359,42.5677,43.0663,85.2079,124.7713,127.8119,154.8004,42.604,-41.336,2.967791,3.594466,1.478463,30,203,130,8,0.14604117,0.04201944,0.00608590,0E-8,0.000000,0.914292,0.640282,0.04207877,2026-03-23,2026-08-04,69,1947,1162,135,0.511111,1.014849,1.012680,0.486804,,,,,,,,GLOBAL_BASELINE_NO_ENTITY_RANKING,,,NOT_APPLICABLE_GLOBAL_BASELINE,HF9g-P5,,,,X 全窗基线 · 不参与实体赏罚,15051314,1506,A168_HF9F_20260827_0900,2026-08-27 09:00:00
2026-08-04,74657362,2169,0,289.3518518519,0E-10,0E-10,0.5000000,4,2,0.37449965416663241,0.280106050000,0.3667080408095059,0.6925207201862208,0.3667080408095059,0.09439360416663241,ELIGIBLE,R03b_20260811_FULL_v1,L1_ELIGIBILITY,v2026-08-11,2026-03-21..2026-08-06,baccarat_bet02_101_all_pairs_incl_sentinel,round_win = game_pnl > 0 (decisive only),COMPATIBILITY_ONLY_NOT_PRODUCTION,234885.8996,214754.2105,9869.7735,3689,3015,-0.04201944,-0.00608590,-0.04816467,-0.04201944,-9869.7735,234885.8996,OK,0.0000,394.7909,4.0000,96.0000,AG03-UNRESOLVED,ALL5_LEVELS_bet23_to_bet27,394.7909,394.7909,394.7909,394.7909,394.7909,4.000000,4.000000,4.000000,4.000000,4.000000,96.000000,96.000000,96.000000,96.000000,96.000000,5.0,1973.9547,1822.2297,7895.8188,8047.5438,PENDING_AG03,FALSE,NOT_FOR_ENFORCEMENT,9474.9825,206164.0421,9869.7735,9474.9825,394.7909,0.04201944,0.04033866,394.7909,9474.9825,0.04033866,394.7909,394.7909,394.7909,394.7909,394.7909,9474.9825,0.04033866,1973.9547,1822.2297,7895.8188,8047.5438,0.03361555,0.0342615,0.00168078,63.6720,71.2286,3.2736,143.0402,5.0692,3404.1435,43.6957,64.4793,63.5359,42.5677,43.0663,85.2079,124.7713,127.8119,154.8004,42.604,-41.336,2.967791,3.594466,1.478463,30,203,130,8,0.14604117,0.04201944,0.00608590,0E-8,0.000000,0.914292,0.640282,0.04207877,2026-03-23,2026-08-04,69,1947,1162,135,0.511111,1.014849,1.012680,0.486804,,,,,,,,GLOBAL_BASELINE_NO_ENTITY_RANKING,,,NOT_APPLICABLE_GLOBAL_BASELINE,HF9g-P5,,,,X 全窗基线 · 不参与实体赏罚,15051315,1506,A168_HF9F_20260827_0900,2026-08-27 09:00:00
2026-08-04,74657362,2196,0,41.3359788360,-41.3359788360,-41.3359788360,0E-7,1,1,0.49324550000000000,0.493245500000,-0.9865810262130424,-0.9865810262130424,-0.9865810262130424,0E-17,ELIGIBLE,R03b_20260811_FULL_v1,L1_ELIGIBILITY,v2026-08-11,2026-03-21..2026-08-06,baccarat_bet02_101_all_pairs_incl_sentinel,round_win = game_pnl > 0 (decisive only),COMPATIBILITY_ONLY_NOT_PRODUCTION,234885.8996,214754.2105,9869.7735,3689,3015,-0.04201944,-0.00608590,-0.04816467,-0.04201944,-9869.7735,234885.8996,OK,0.0000,394.7909,4.0000,96.0000,AG03-UNRESOLVED,ALL5_LEVELS_bet23_to_bet27,394.7909,394.7909,394.7909,394.7909,394.7909,4.000000,4.000000,4.000000,4.000000,4.000000,96.000000,96.000000,96.000000,96.000000,96.000000,5.0,1973.9547,1822.2297,7895.8188,8047.5438,PENDING_AG03,FALSE,NOT_FOR_ENFORCEMENT,9474.9825,206164.0421,9869.7735,9474.9825,394.7909,0.04201944,0.04033866,394.7909,9474.9825,0.04033866,394.7909,394.7909,394.7909,394.7909,394.7909,9474.9825,0.04033866,1973.9547,1822.2297,7895.8188,8047.5438,0.03361555,0.0342615,0.00168078,63.6720,71.2286,3.2736,143.0402,5.0692,3404.1435,43.6957,64.4793,63.5359,42.5677,43.0663,85.2079,124.7713,127.8119,154.8004,42.604,-41.336,2.967791,3.594466,1.478463,30,203,130,8,0.14604117,0.04201944,0.00608590,0E-8,0.000000,0.914292,0.640282,0.04207877,2026-03-23,2026-08-04,69,1947,1162,135,0.511111,1.014849,1.012680,0.486804,,,,,,,,GLOBAL_BASELINE_NO_ENTITY_RANKING,,,NOT_APPLICABLE_GLOBAL_BASELINE,HF9g-P5,,,,X 全窗基线 · 不参与实体赏罚,15051316,1506,A168_HF9F_20260827_0900,2026-08-27 09:00:00
2026-08-04,74657362,2229,0,165.3439153439,82.6719576719,82.6719576719,1.0000000,2,1,0.39337837499993149,0.280106050000,1.2418058546640405,1.6031457840727341,1.2418058546640405,0.11327232499993149,ELIGIBLE,R03b_20260811_FULL_v1,L1_ELIGIBILITY,v2026-08-11,2026-03-21..2026-08-06,baccarat_bet02_101_all_pairs_incl_sentinel,round_win = game_pnl > 0 (decisive only),COMPATIBILITY_ONLY_NOT_PRODUCTION,234885.8996,214754.2105,9869.7735,3689,3015,-0.04201944,-0.00608590,-0.04816467,-0.04201944,-9869.7735,234885.8996,OK,0.0000,394.7909,4.0000,96.0000,AG03-UNRESOLVED,ALL5_LEVELS_bet23_to_bet27,394.7909,394.7909,394.7909,394.7909,394.7909,4.000000,4.000000,4.000000,4.000000,4.000000,96.000000,96.000000,96.000000,96.000000,96.000000,5.0,1973.9547,1822.2297,7895.8188,8047.5438,PENDING_AG03,FALSE,NOT_FOR_ENFORCEMENT,9474.9825,206164.0421,9869.7735,9474.9825,394.7909,0.04201944,0.04033866,394.7909,9474.9825,0.04033866,394.7909,394.7909,394.7909,394.7909,394.7909,9474.9825,0.04033866,1973.9547,1822.2297,7895.8188,8047.5438,0.03361555,0.0342615,0.00168078,63.6720,71.2286,3.2736,143.0402,5.0692,3404.1435,43.6957,64.4793,63.5359,42.5677,43.0663,85.2079,124.7713,127.8119,154.8004,42.604,-41.336,2.967791,3.594466,1.478463,30,203,130,8,0.14604117,0.04201944,0.00608590,0E-8,0.000000,0.914292,0.640282,0.04207877,2026-03-23,2026-08-04,69,1947,1162,135,0.511111,1.014849,1.012680,0.486804,,,,,,,,GLOBAL_BASELINE_NO_ENTITY_RANKING,,,NOT_APPLICABLE_GLOBAL_BASELINE,HF9g-P5,,,,X 全窗基线 · 不参与实体赏罚,15051317,1506,A168_HF9F_20260827_0900,2026-08-27 09:00:00
2026-08-04,74657362,2234,0,82.6719576720,-82.6719576720,-82.6719576720,0E-7,1,1,0.49324550000000000,0.493245500000,-0.9865810262130424,-0.9865810262130424,-0.9865810262130424,0E-17,ELIGIBLE,R03b_20260811_FULL_v1,L1_ELIGIBILITY,v2026-08-11,2026-03-21..2026-08-06,baccarat_bet02_101_all_pairs_incl_sentinel,round_win = game_pnl > 0 (decisive only),COMPATIBILITY_ONLY_NOT_PRODUCTION,234885.8996,214754.2105,9869.7735,3689,3015,-0.04201944,-0.00608590,-0.04816467,-0.04201944,-9869.7735,234885.8996,OK,0.0000,394.7909,4.0000,96.0000,AG03-UNRESOLVED,ALL5_LEVELS_bet23_to_bet27,394.7909,394.7909,394.7909,394.7909,394.7909,4.000000,4.000000,4.000000,4.000000,4.000000,96.000000,96.000000,96.000000,96.000000,96.000000,5.0,1973.9547,1822.2297,7895.8188,8047.5438,PENDING_AG03,FALSE,NOT_FOR_ENFORCEMENT,9474.9825,206164.0421,9869.7735,9474.9825,394.7909,0.04201944,0.04033866,394.7909,9474.9825,0.04033866,394.7909,394.7909,394.7909,394.7909,394.7909,9474.9825,0.04033866,1973.9547,1822.2297,7895.8188,8047.5438,0.03361555,0.0342615,0.00168078,63.6720,71.2286,3.2736,143.0402,5.0692,3404.1435,43.6957,64.4793,63.5359,42.5677,43.0663,85.2079,124.7713,127.8119,154.8004,42.604,-41.336,2.967791,3.594466,1.478463,30,203,130,8,0.14604117,0.04201944,0.00608590,0E-8,0.000000,0.914292,0.640282,0.04207877,2026-03-23,2026-08-04,69,1947,1162,135,0.511111,1.014849,1.012680,0.486804,,,,,,,,GLOBAL_BASELINE_NO_ENTITY_RANKING,,,NOT_APPLICABLE_GLOBAL_BASELINE,HF9g-P5,,,,X 全窗基线 · 不参与实体赏罚,15051318,1506,A168_HF9F_20260827_0900,2026-08-27 09:00:00
2026-08-04,74657362,2239,0,165.3439153439,-165.3439153439,-165.3439153439,0E-7,2,1,0.39337837499993149,0.280106050000,-0.8052788575960942,-0.6237735893609975,-0.8052788575960942,0.11327232499993149,ELIGIBLE,R03b_20260811_FULL_v1,L1_ELIGIBILITY,v2026-08-11,2026-03-21..2026-08-06,baccarat_bet02_101_all_pairs_incl_sentinel,round_win = game_pnl > 0 (decisive only),COMPATIBILITY_ONLY_NOT_PRODUCTION,234885.8996,214754.2105,9869.7735,3689,3015,-0.04201944,-0.00608590,-0.04816467,-0.04201944,-9869.7735,234885.8996,OK,0.0000,394.7909,4.0000,96.0000,AG03-UNRESOLVED,ALL5_LEVELS_bet23_to_bet27,394.7909,394.7909,394.7909,394.7909,394.7909,4.000000,4.000000,4.000000,4.000000,4.000000,96.000000,96.000000,96.000000,96.000000,96.000000,5.0,1973.9547,1822.2297,7895.8188,8047.5438,PENDING_AG03,FALSE,NOT_FOR_ENFORCEMENT,9474.9825,206164.0421,9869.7735,9474.9825,394.7909,0.04201944,0.04033866,394.7909,9474.9825,0.04033866,394.7909,394.7909,394.7909,394.7909,394.7909,9474.9825,0.04033866,1973.9547,1822.2297,7895.8188,8047.5438,0.03361555,0.0342615,0.00168078,63.6720,71.2286,3.2736,143.0402,5.0692,3404.1435,43.6957,64.4793,63.5359,42.5677,43.0663,85.2079,124.7713,127.8119,154.8004,42.604,-41.336,2.967791,3.594466,1.478463,30,203,130,8,0.14604117,0.04201944,0.00608590,0E-8,0.000000,0.914292,0.640282,0.04207877,2026-03-23,2026-08-04,69,1947,1162,135,0.511111,1.014849,1.012680,0.486804,,,,,,,,GLOBAL_BASELINE_NO_ENTITY_RANKING,,,NOT_APPLICABLE_GLOBAL_BASELINE,HF9g-P5,,,,X 全窗基线 · 不参与实体赏罚,15051319,1506,A168_HF9F_20260827_0900,2026-08-27 09:00:00
2026-08-04,74657362,2281,0,165.3439153440,165.3439153440,165.3439153440,1.0000000,2,2,0.49324550000000000,0.493245500000,1.4334489766152358,1.4334489766152358,1.4334489766152358,0E-17,ELIGIBLE,R03b_20260811_FULL_v1,L1_ELIGIBILITY,v2026-08-11,2026-03-21..2026-08-06,baccarat_bet02_101_all_pairs_incl_sentinel,round_win = game_pnl > 0 (decisive only),COMPATIBILITY_ONLY_NOT_PRODUCTION,234885.8996,214754.2105,9869.7735,3689,3015,-0.04201944,-0.00608590,-0.04816467,-0.04201944,-9869.7735,234885.8996,OK,0.0000,394.7909,4.0000,96.0000,AG03-UNRESOLVED,ALL5_LEVELS_bet23_to_bet27,394.7909,394.7909,394.7909,394.7909,394.7909,4.000000,4.000000,4.000000,4.000000,4.000000,96.000000,96.000000,96.000000,96.000000,96.000000,5.0,1973.9547,1822.2297,7895.8188,8047.5438,PENDING_AG03,FALSE,NOT_FOR_ENFORCEMENT,9474.9825,206164.0421,9869.7735,9474.9825,394.7909,0.04201944,0.04033866,394.7909,9474.9825,0.04033866,394.7909,394.7909,394.7909,394.7909,394.7909,9474.9825,0.04033866,1973.9547,1822.2297,7895.8188,8047.5438,0.03361555,0.0342615,0.00168078,63.6720,71.2286,3.2736,143.0402,5.0692,3404.1435,43.6957,64.4793,63.5359,42.5677,43.0663,85.2079,124.7713,127.8119,154.8004,42.604,-41.336,2.967791,3.594466,1.478463,30,203,130,8,0.14604117,0.04201944,0.00608590,0E-8,0.000000,0.914292,0.640282,0.04207877,2026-03-23,2026-08-04,69,1947,1162,135,0.511111,1.014849,1.012680,0.486804,,,,,,,,GLOBAL_BASELINE_NO_ENTITY_RANKING,,,NOT_APPLICABLE_GLOBAL_BASELINE,HF9g-P5,,,,X 全窗基线 · 不参与实体赏罚,15051320,1506,A168_HF9F_20260827_0900,2026-08-27 09:00:00
2026-06-07,151076781,-1,1,4942.0586230402,-4942.0586230402,-4902.5221540559,0E-7,1,1,0.49324550000000000,0.493245500000,-0.9865810262130424,-0.9865810262130424,-0.9865810262130424,0E-17,SENTINEL_DEALER,R03b_20260811_FULL_v1,L1_ELIGIBILITY,v2026-08-11,2026-03-21..2026-08-06,baccarat_bet02_101_all_pairs_incl_sentinel,round_win = game_pnl > 0 (decisive only),COMPATIBILITY_ONLY_NOT_PRODUCTION,29430.8112,29430.8112,10330.3340,8,8,-0.35100405,,-0.35100405,-0.35900405,-10330.3340,29430.8112,THIN_EXPOSURE,235.4465,619.8200,6.0000,94.0000,AG03-UNRESOLVED,ALL5_LEVELS_bet23_to_bet27,619.8200,619.8200,619.8200,619.8200,619.8200,6.000000,6.000000,6.000000,6.000000,6.000000,94.000000,94.000000,94.000000,94.000000,94.000000,5.0,3099.1002,2748.8603,6995.7873,7346.0272,PENDING_AG03,FALSE,NOT_FOR_ENFORCEMENT,9710.5140,27664.9625,10094.8875,9475.0675,384.3736,0.34300405,0.32194381,619.8200,9475.0675,0.32194381,619.8200,619.8200,619.8200,619.8200,619.8200,9475.0675,0.32194381,3099.1002,2748.8603,6995.7873,7346.0272,0.23770284,0.24960329,0.01306024,3678.8514,3678.8514,1291.2918,5165.1670,2066.0668,14715.4056,4.0000,,3678.8514,1022.4949,3127.1304,5027.2666,8691.2061,10224.9492,10224.9492,3127.1304,-929.7887,3.269755,3.269755,1.17643,5,5,2,2,0E-8,0.35100405,,0.00800000,0.800000,1.000000,0.000000,,2026-06-07,2026-06-12,2,5,5,6,0.333333,,,0.000000,,,,,,,,GLOBAL_BASELINE_NO_ENTITY_RANKING,,,NOT_APPLICABLE_GLOBAL_BASELINE,HF9g-P5,,,,X 全窗基线 · 不参与实体赏罚,15051321,1506,A168_HF9F_20260827_0900,2026-08-27 09:00:00
2026-06-07,151076781,1994,0,3408.3162917519,3237.9004771643,3265.1670074983,1.0000000,1,1,0.50665070000000000,0.506650700000,0.9867858985152569,0.9867858985152569,0.9867858985152569,0E-17,ELIGIBLE,R03b_20260811_FULL_v1,L1_ELIGIBILITY,v2026-08-11,2026-03-21..2026-08-06,baccarat_bet02_101_all_pairs_incl_sentinel,round_win = game_pnl > 0 (decisive only),COMPATIBILITY_ONLY_NOT_PRODUCTION,29430.8112,29430.8112,10330.3340,8,8,-0.35100405,,-0.35100405,-0.35900405,-10330.3340,29430.8112,THIN_EXPOSURE,235.4465,619.8200,6.0000,94.0000,AG03-UNRESOLVED,ALL5_LEVELS_bet23_to_bet27,619.8200,619.8200,619.8200,619.8200,619.8200,6.000000,6.000000,6.000000,6.000000,6.000000,94.000000,94.000000,94.000000,94.000000,94.000000,5.0,3099.1002,2748.8603,6995.7873,7346.0272,PENDING_AG03,FALSE,NOT_FOR_ENFORCEMENT,9710.5140,27664.9625,10094.8875,9475.0675,384.3736,0.34300405,0.32194381,619.8200,9475.0675,0.32194381,619.8200,619.8200,619.8200,619.8200,619.8200,9475.0675,0.32194381,3099.1002,2748.8603,6995.7873,7346.0272,0.23770284,0.24960329,0.01306024,3678.8514,3678.8514,1291.2918,5165.1670,2066.0668,14715.4056,4.0000,,3678.8514,1022.4949,3127.1304,5027.2666,8691.2061,10224.9492,10224.9492,3127.1304,-929.7887,3.269755,3.269755,1.17643,5,5,2,2,0E-8,0.35100405,,0.00800000,0.800000,1.000000,0.000000,,2026-06-07,2026-06-12,2,5,5,6,0.333333,,,0.000000,,,,,,,,GLOBAL_BASELINE_NO_ENTITY_RANKING,,,NOT_APPLICABLE_GLOBAL_BASELINE,HF9g-P5,,,,X 全窗基线 · 不参与实体赏罚,15051322,1506,A168_HF9F_20260827_0900,2026-08-27 09:00:00
2026-06-07,151076781,2121,0,2897.0688479892,-903.2038173143,-880.0272665304,0.3333333,3,3,0.50665070000000000,0.506650700000,-0.6004420894325239,-0.6004420894325239,-0.6004420894325239,0E-17,ELIGIBLE,R03b_20260811_FULL_v1,L1_ELIGIBILITY,v2026-08-11,2026-03-21..2026-08-06,baccarat_bet02_101_all_pairs_incl_sentinel,round_win = game_pnl > 0 (decisive only),COMPATIBILITY_ONLY_NOT_PRODUCTION,29430.8112,29430.8112,10330.3340,8,8,-0.35100405,,-0.35100405,-0.35900405,-10330.3340,29430.8112,THIN_EXPOSURE,235.4465,619.8200,6.0000,94.0000,AG03-UNRESOLVED,ALL5_LEVELS_bet23_to_bet27,619.8200,619.8200,619.8200,619.8200,619.8200,6.000000,6.000000,6.000000,6.000000,6.000000,94.000000,94.000000,94.000000,94.000000,94.000000,5.0,3099.1002,2748.8603,6995.7873,7346.0272,PENDING_AG03,FALSE,NOT_FOR_ENFORCEMENT,9710.5140,27664.9625,10094.8875,9475.0675,384.3736,0.34300405,0.32194381,619.8200,9475.0675,0.32194381,619.8200,619.8200,619.8200,619.8200,619.8200,9475.0675,0.32194381,3099.1002,2748.8603,6995.7873,7346.0272,0.23770284,0.24960329,0.01306024,3678.8514,3678.8514,1291.2918,5165.1670,2066.0668,14715.4056,4.0000,,3678.8514,1022.4949,3127.1304,5027.2666,8691.2061,10224.9492,10224.9492,3127.1304,-929.7887,3.269755,3.269755,1.17643,5,5,2,2,0E-8,0.35100405,,0.00800000,0.800000,1.000000,0.000000,,2026-06-07,2026-06-12,2,5,5,6,0.333333,,,0.000000,,,,,,,,GLOBAL_BASELINE_NO_ENTITY_RANKING,,,NOT_APPLICABLE_GLOBAL_BASELINE,HF9g-P5,,,,X 全窗基线 · 不参与实体赏罚,15051323,1506,A168_HF9F_20260827_0900,2026-08-27 09:00:00
2026-06-07,151076781,2280,0,2845.9441036128,-2845.9441036128,-2823.1765507839,0E-7,1,1,0.50665070000000000,0.506650700000,-1.013391052207602,-1.013391052207602,-1.013391052207602,0E-17,ELIGIBLE,R03b_20260811_FULL_v1,L1_ELIGIBILITY,v2026-08-11,2026-03-21..2026-08-06,baccarat_bet02_101_all_pairs_incl_sentinel,round_win = game_pnl > 0 (decisive only),COMPATIBILITY_ONLY_NOT_PRODUCTION,29430.8112,29430.8112,10330.3340,8,8,-0.35100405,,-0.35100405,-0.35900405,-10330.3340,29430.8112,THIN_EXPOSURE,235.4465,619.8200,6.0000,94.0000,AG03-UNRESOLVED,ALL5_LEVELS_bet23_to_bet27,619.8200,619.8200,619.8200,619.8200,619.8200,6.000000,6.000000,6.000000,6.000000,6.000000,94.000000,94.000000,94.000000,94.000000,94.000000,5.0,3099.1002,2748.8603,6995.7873,7346.0272,PENDING_AG03,FALSE,NOT_FOR_ENFORCEMENT,9710.5140,27664.9625,10094.8875,9475.0675,384.3736,0.34300405,0.32194381,619.8200,9475.0675,0.32194381,619.8200,619.8200,619.8200,619.8200,619.8200,9475.0675,0.32194381,3099.1002,2748.8603,6995.7873,7346.0272,0.23770284,0.24960329,0.01306024,3678.8514,3678.8514,1291.2918,5165.1670,2066.0668,14715.4056,4.0000,,3678.8514,1022.4949,3127.1304,5027.2666,8691.2061,10224.9492,10224.9492,3127.1304,-929.7887,3.269755,3.269755,1.17643,5,5,2,2,0E-8,0.35100405,,0.00800000,0.800000,1.000000,0.000000,,2026-06-07,2026-06-12,2,5,5,6,0.333333,,,0.000000,,,,,,,,GLOBAL_BASELINE_NO_ENTITY_RANKING,,,NOT_APPLICABLE_GLOBAL_BASELINE,HF9g-P5,,,,X 全窗基线 · 不参与实体赏罚,15051324,1506,A168_HF9F_20260827_0900,2026-08-27 09:00:00
2026-06-12,151076781,2235,0,15337.4233128834,-5112.4744376278,-4989.7750511248,0.5000000,2,2,0.49324550000000000,0.493245500000,0.01910635448239258,0.01910635448239258,0.01910635448239258,0E-17,ELIGIBLE,R03b_20260811_FULL_v1,L1_ELIGIBILITY,v2026-08-11,2026-03-21..2026-08-06,baccarat_bet02_101_all_pairs_incl_sentinel,round_win = game_pnl > 0 (decisive only),COMPATIBILITY_ONLY_NOT_PRODUCTION,29430.8112,29430.8112,10330.3340,8,8,-0.35100405,,-0.35100405,-0.35900405,-10330.3340,29430.8112,THIN_EXPOSURE,235.4465,619.8200,6.0000,94.0000,AG03-UNRESOLVED,ALL5_LEVELS_bet23_to_bet27,619.8200,619.8200,619.8200,619.8200,619.8200,6.000000,6.000000,6.000000,6.000000,6.000000,94.000000,94.000000,94.000000,94.000000,94.000000,5.0,3099.1002,2748.8603,6995.7873,7346.0272,PENDING_AG03,FALSE,NOT_FOR_ENFORCEMENT,9710.5140,27664.9625,10094.8875,9475.0675,384.3736,0.34300405,0.32194381,619.8200,9475.0675,0.32194381,619.8200,619.8200,619.8200,619.8200,619.8200,9475.0675,0.32194381,3099.1002,2748.8603,6995.7873,7346.0272,0.23770284,0.24960329,0.01306024,3678.8514,3678.8514,1291.2918,5165.1670,2066.0668,14715.4056,4.0000,,3678.8514,1022.4949,3127.1304,5027.2666,8691.2061,10224.9492,10224.9492,3127.1304,-929.7887,3.269755,3.269755,1.17643,5,5,2,2,0E-8,0.35100405,,0.00800000,0.800000,1.000000,0.000000,,2026-06-07,2026-06-12,2,5,5,6,0.333333,,,0.000000,,,,,,,,GLOBAL_BASELINE_NO_ENTITY_RANKING,,,NOT_APPLICABLE_GLOBAL_BASELINE,HF9g-P5,,,,X 全窗基线 · 不参与实体赏罚,15051325,1506,A168_HF9F_20260827_0900,2026-08-27 09:00:00
2026-06-13,151416945,-1,1,4.1542903434,-4.1542903434,-4.1542903434,0E-7,1,1,0.49324550000000000,0.493245500000,-0.9865810262130424,-0.9865810262130424,-0.9865810262130424,0E-17,SENTINEL_DEALER,R03b_20260811_FULL_v1,L1_ELIGIBILITY,v2026-08-11,2026-03-21..2026-08-06,baccarat_bet02_101_all_pairs_incl_sentinel,round_win = game_pnl > 0 (decisive only),COMPATIBILITY_ONLY_NOT_PRODUCTION,331389.1826,302532.4021,9869.9372,6148,3572,-0.02978352,-0.04995611,-0.01815001,-0.02978352,-9869.9372,331389.1826,OK,0.0000,394.7975,4.0000,96.0000,AG03-UNRESOLVED,ALL5_LEVELS_bet23_to_bet27,394.7975,394.7975,394.7975,592.1962,592.1962,4.000000,4.000000,4.000000,6.000000,6.000000,96.000000,96.000000,96.000000,94.000000,94.000000,5.0,2368.7849,2154.0868,7501.1522,7715.8503,PENDING_AG03,FALSE,NOT_FOR_ENFORCEMENT,9475.1397,290431.1060,9869.9372,9475.1397,394.7975,0.02978352,0.02859218,394.7975,9475.1397,0.02859218,394.7975,394.7975,394.7975,592.1962,592.1962,9475.1397,0.02859218,2368.7849,2154.0868,7501.1522,7715.8503,0.02263548,0.02328335,0.00119134,53.9019,84.6955,2.7631,448.6335,33.5712,15063.1447,162.3636,47.6267,58.3345,10.3857,40.4073,83.0858,124.6287,155.7859,183.9513,20.7715,-10.2195,3.855389,4.552426,1.333965,18,97,34,8,0.36576351,0.02978352,0.04995611,0E-8,0.000000,0.912922,0.000000,-0.03180610,2026-06-13,2026-08-02,22,294,143,51,0.431373,0.816443,0.883581,1.219212,,,,,,,,GLOBAL_BASELINE_NO_ENTITY_RANKING,,,NOT_APPLICABLE_GLOBAL_BASELINE,HF9g-P5,,,,X 全窗基线 · 不参与实体赏罚,15051326,1506,A168_HF9F_20260827_0900,2026-08-27 09:00:00
2026-06-13,151416945,1940,0,774.3597200009,-208.8569470121,-208.8569470121,0.3846154,23,14,0.42774202580736579,0.340944682143,-0.31428989956059344,0.33216889306695285,-0.31428989956059344,0.08679734366436579,ELIGIBLE,R03b_20260811_FULL_v1,L1_ELIGIBILITY,v2026-08-11,2026-03-21..2026-08-06,baccarat_bet02_101_all_pairs_incl_sentinel,round_win = game_pnl > 0 (decisive only),COMPATIBILITY_ONLY_NOT_PRODUCTION,331389.1826,302532.4021,9869.9372,6148,3572,-0.02978352,-0.04995611,-0.01815001,-0.02978352,-9869.9372,331389.1826,OK,0.0000,394.7975,4.0000,96.0000,AG03-UNRESOLVED,ALL5_LEVELS_bet23_to_bet27,394.7975,394.7975,394.7975,592.1962,592.1962,4.000000,4.000000,4.000000,6.000000,6.000000,96.000000,96.000000,96.000000,94.000000,94.000000,5.0,2368.7849,2154.0868,7501.1522,7715.8503,PENDING_AG03,FALSE,NOT_FOR_ENFORCEMENT,9475.1397,290431.1060,9869.9372,9475.1397,394.7975,0.02978352,0.02859218,394.7975,9475.1397,0.02859218,394.7975,394.7975,394.7975,592.1962,592.1962,9475.1397,0.02859218,2368.7849,2154.0868,7501.1522,7715.8503,0.02263548,0.02328335,0.00119134,53.9019,84.6955,2.7631,448.6335,33.5712,15063.1447,162.3636,47.6267,58.3345,10.3857,40.4073,83.0858,124.6287,155.7859,183.9513,20.7715,-10.2195,3.855389,4.552426,1.333965,18,97,34,8,0.36576351,0.02978352,0.04995611,0E-8,0.000000,0.912922,0.000000,-0.03180610,2026-06-13,2026-08-02,22,294,143,51,0.431373,0.816443,0.883581,1.219212,,,,,,,,GLOBAL_BASELINE_NO_ENTITY_RANKING,,,NOT_APPLICABLE_GLOBAL_BASELINE,HF9g-P5,,,,X 全窗基线 · 不参与实体赏罚,15051327,1506,A168_HF9F_20260827_0900,2026-08-27 09:00:00
2026-06-13,151416945,2142,0,5813.9293355230,750.3686932659,750.3686932659,0.6428571,113,42,0.45439271376389395,0.279506187698,2.453004123907722,5.24735093729229,2.453004123907722,0.17488652606589395,ELIGIBLE,R03b_20260811_FULL_v1,L1_ELIGIBILITY,v2026-08-11,2026-03-21..2026-08-06,baccarat_bet02_101_all_pairs_incl_sentinel,round_win = game_pnl > 0 (decisive only),COMPATIBILITY_ONLY_NOT_PRODUCTION,331389.1826,302532.4021,9869.9372,6148,3572,-0.02978352,-0.04995611,-0.01815001,-0.02978352,-9869.9372,331389.1826,OK,0.0000,394.7975,4.0000,96.0000,AG03-UNRESOLVED,ALL5_LEVELS_bet23_to_bet27,394.7975,394.7975,394.7975,592.1962,592.1962,4.000000,4.000000,4.000000,6.000000,6.000000,96.000000,96.000000,96.000000,94.000000,94.000000,5.0,2368.7849,2154.0868,7501.1522,7715.8503,PENDING_AG03,FALSE,NOT_FOR_ENFORCEMENT,9475.1397,290431.1060,9869.9372,9475.1397,394.7975,0.02978352,0.02859218,394.7975,9475.1397,0.02859218,394.7975,394.7975,394.7975,592.1962,592.1962,9475.1397,0.02859218,2368.7849,2154.0868,7501.1522,7715.8503,0.02263548,0.02328335,0.00119134,53.9019,84.6955,2.7631,448.6335,33.5712,15063.1447,162.3636,47.6267,58.3345,10.3857,40.4073,83.0858,124.6287,155.7859,183.9513,20.7715,-10.2195,3.855389,4.552426,1.333965,18,97,34,8,0.36576351,0.02978352,0.04995611,0E-8,0.000000,0.912922,0.000000,-0.03180610,2026-06-13,2026-08-02,22,294,143,51,0.431373,0.816443,0.883581,1.219212,,,,,,,,GLOBAL_BASELINE_NO_ENTITY_RANKING,,,NOT_APPLICABLE_GLOBAL_BASELINE,HF9g-P5,,,,X 全窗基线 · 不参与实体赏罚,15051328,1506,A168_HF9F_20260827_0900,2026-08-27 09:00:00
2026-06-13,151416945,2145,0,1595.2474918475,216.0230978540,216.0230978540,0.6666667,18,9,0.46818005331153850,0.298392550000,1.1933386641511143,2.4146343100710492,1.1933386641511143,0.16978750331153850,ELIGIBLE,R03b_20260811_FULL_v1,L1_ELIGIBILITY,v2026-08-11,2026-03-21..2026-08-06,baccarat_bet02_101_all_pairs_incl_sentinel,round_win = game_pnl > 0 (decisive only),COMPATIBILITY_ONLY_NOT_PRODUCTION,331389.1826,302532.4021,9869.9372,6148,3572,-0.02978352,-0.04995611,-0.01815001,-0.02978352,-9869.9372,331389.1826,OK,0.0000,394.7975,4.0000,96.0000,AG03-UNRESOLVED,ALL5_LEVELS_bet23_to_bet27,394.7975,394.7975,394.7975,592.1962,592.1962,4.000000,4.000000,4.000000,6.000000,6.000000,96.000000,96.000000,96.000000,94.000000,94.000000,5.0,2368.7849,2154.0868,7501.1522,7715.8503,PENDING_AG03,FALSE,NOT_FOR_ENFORCEMENT,9475.1397,290431.1060,9869.9372,9475.1397,394.7975,0.02978352,0.02859218,394.7975,9475.1397,0.02859218,394.7975,394.7975,394.7975,592.1962,592.1962,9475.1397,0.02859218,2368.7849,2154.0868,7501.1522,7715.8503,0.02263548,0.02328335,0.00119134,53.9019,84.6955,2.7631,448.6335,33.5712,15063.1447,162.3636,47.6267,58.3345,10.3857,40.4073,83.0858,124.6287,155.7859,183.9513,20.7715,-10.2195,3.855389,4.552426,1.333965,18,97,34,8,0.36576351,0.02978352,0.04995611,0E-8,0.000000,0.912922,0.000000,-0.03180610,2026-06-13,2026-08-02,22,294,143,51,0.431373,0.816443,0.883581,1.219212,,,,,,,,GLOBAL_BASELINE_NO_ENTITY_RANKING,,,NOT_APPLICABLE_GLOBAL_BASELINE,HF9g-P5,,,,X 全窗基线 · 不参与实体赏罚,15051329,1506,A168_HF9F_20260827_0900,2026-08-27 09:00:00
2026-06-13,151416945,2196,0,2860.2289013982,828.7809234986,828.7809234986,0.7500000,40,20,0.46423173025329393,0.298280840000,2.5625544241014637,4.415594295048865,2.5625544241014637,0.16595089025329393,ELIGIBLE,R03b_20260811_FULL_v1,L1_ELIGIBILITY,v2026-08-11,2026-03-21..2026-08-06,baccarat_bet02_101_all_pairs_incl_sentinel,round_win = game_pnl > 0 (decisive only),COMPATIBILITY_ONLY_NOT_PRODUCTION,331389.1826,302532.4021,9869.9372,6148,3572,-0.02978352,-0.04995611,-0.01815001,-0.02978352,-9869.9372,331389.1826,OK,0.0000,394.7975,4.0000,96.0000,AG03-UNRESOLVED,ALL5_LEVELS_bet23_to_bet27,394.7975,394.7975,394.7975,592.1962,592.1962,4.000000,4.000000,4.000000,6.000000,6.000000,96.000000,96.000000,96.000000,94.000000,94.000000,5.0,2368.7849,2154.0868,7501.1522,7715.8503,PENDING_AG03,FALSE,NOT_FOR_ENFORCEMENT,9475.1397,290431.1060,9869.9372,9475.1397,394.7975,0.02978352,0.02859218,394.7975,9475.1397,0.02859218,394.7975,394.7975,394.7975,592.1962,592.1962,9475.1397,0.02859218,2368.7849,2154.0868,7501.1522,7715.8503,0.02263548,0.02328335,0.00119134,53.9019,84.6955,2.7631,448.6335,33.5712,15063.1447,162.3636,47.6267,58.3345,10.3857,40.4073,83.0858,124.6287,155.7859,183.9513,20.7715,-10.2195,3.855389,4.552426,1.333965,18,97,34,8,0.36576351,0.02978352,0.04995611,0E-8,0.000000,0.912922,0.000000,-0.03180610,2026-06-13,2026-08-02,22,294,143,51,0.431373,0.816443,0.883581,1.219212,,,,,,,,GLOBAL_BASELINE_NO_ENTITY_RANKING,,,NOT_APPLICABLE_GLOBAL_BASELINE,HF9g-P5,,,,X 全窗基线 · 不参与实体赏罚,15051330,1506,A168_HF9F_20260827_0900,2026-08-27 09:00:00
2026-06-13,151416945,2281,0,2851.9203207116,-54.0057744641,-54.0057744641,0.5416667,50,24,0.46641267929123927,0.316724880357,0.7390047203707917,2.368846211431019,0.7390047203707917,0.14968779893423927,ELIGIBLE,R03b_20260811_FULL_v1,L1_ELIGIBILITY,v2026-08-11,2026-03-21..2026-08-06,baccarat_bet02_101_all_pairs_incl_sentinel,round_win = game_pnl > 0 (decisive only),COMPATIBILITY_ONLY_NOT_PRODUCTION,331389.1826,302532.4021,9869.9372,6148,3572,-0.02978352,-0.04995611,-0.01815001,-0.02978352,-9869.9372,331389.1826,OK,0.0000,394.7975,4.0000,96.0000,AG03-UNRESOLVED,ALL5_LEVELS_bet23_to_bet27,394.7975,394.7975,394.7975,592.1962,592.1962,4.000000,4.000000,4.000000,6.000000,6.000000,96.000000,96.000000,96.000000,94.000000,94.000000,5.0,2368.7849,2154.0868,7501.1522,7715.8503,PENDING_AG03,FALSE,NOT_FOR_ENFORCEMENT,9475.1397,290431.1060,9869.9372,9475.1397,394.7975,0.02978352,0.02859218,394.7975,9475.1397,0.02859218,394.7975,394.7975,394.7975,592.1962,592.1962,9475.1397,0.02859218,2368.7849,2154.0868,7501.1522,7715.8503,0.02263548,0.02328335,0.00119134,53.9019,84.6955,2.7631,448.6335,33.5712,15063.1447,162.3636,47.6267,58.3345,10.3857,40.4073,83.0858,124.6287,155.7859,183.9513,20.7715,-10.2195,3.855389,4.552426,1.333965,18,97,34,8,0.36576351,0.02978352,0.04995611,0E-8,0.000000,0.912922,0.000000,-0.03180610,2026-06-13,2026-08-02,22,294,143,51,0.431373,0.816443,0.883581,1.219212,,,,,,,,GLOBAL_BASELINE_NO_ENTITY_RANKING,,,NOT_APPLICABLE_GLOBAL_BASELINE,HF9g-P5,,,,X 全窗基线 · 不参与实体赏罚,15051331,1506,A168_HF9F_20260827_0900,2026-08-27 09:00:00
2026-06-13,151416945,471,0,286.6460336913,4.1542903433,4.1542903433,0.5000000,4,2,0.43958205961533762,0.293924150000,0.17214916461165797,0.6397330434626627,0.17214916461165797,0.14565790961533762,ELIGIBLE,R03b_20260811_FULL_v1,L1_ELIGIBILITY,v2026-08-11,2026-03-21..2026-08-06,baccarat_bet02_101_all_pairs_incl_sentinel,round_win = game_pnl > 0 (decisive only),COMPATIBILITY_ONLY_NOT_PRODUCTION,331389.1826,302532.4021,9869.9372,6148,3572,-0.02978352,-0.04995611,-0.01815001,-0.02978352,-9869.9372,331389.1826,OK,0.0000,394.7975,4.0000,96.0000,AG03-UNRESOLVED,ALL5_LEVELS_bet23_to_bet27,394.7975,394.7975,394.7975,592.1962,592.1962,4.000000,4.000000,4.000000,6.000000,6.000000,96.000000,96.000000,96.000000,94.000000,94.000000,5.0,2368.7849,2154.0868,7501.1522,7715.8503,PENDING_AG03,FALSE,NOT_FOR_ENFORCEMENT,9475.1397,290431.1060,9869.9372,9475.1397,394.7975,0.02978352,0.02859218,394.7975,9475.1397,0.02859218,394.7975,394.7975,394.7975,592.1962,592.1962,9475.1397,0.02859218,2368.7849,2154.0868,7501.1522,7715.8503,0.02263548,0.02328335,0.00119134,53.9019,84.6955,2.7631,448.6335,33.5712,15063.1447,162.3636,47.6267,58.3345,10.3857,40.4073,83.0858,124.6287,155.7859,183.9513,20.7715,-10.2195,3.855389,4.552426,1.333965,18,97,34,8,0.36576351,0.02978352,0.04995611,0E-8,0.000000,0.912922,0.000000,-0.03180610,2026-06-13,2026-08-02,22,294,143,51,0.431373,0.816443,0.883581,1.219212,,,,,,,,GLOBAL_BASELINE_NO_ENTITY_RANKING,,,NOT_APPLICABLE_GLOBAL_BASELINE,HF9g-P5,,,,X 全窗基线 · 不参与实体赏罚,15051332,1506,A168_HF9F_20260827_0900,2026-08-27 09:00:00
2026-06-14,151416945,1318,0,20.7714517168,-20.7714517168,-20.7714517168,0E-7,1,1,0.50665070000000000,0.506650700000,-1.013391052207602,-1.013391052207602,-1.013391052207602,0E-17,ELIGIBLE,R03b_20260811_FULL_v1,L1_ELIGIBILITY,v2026-08-11,2026-03-21..2026-08-06,baccarat_bet02_101_all_pairs_incl_sentinel,round_win = game_pnl > 0 (decisive only),COMPATIBILITY_ONLY_NOT_PRODUCTION,331389.1826,302532.4021,9869.9372,6148,3572,-0.02978352,-0.04995611,-0.01815001,-0.02978352,-9869.9372,331389.1826,OK,0.0000,394.7975,4.0000,96.0000,AG03-UNRESOLVED,ALL5_LEVELS_bet23_to_bet27,394.7975,394.7975,394.7975,592.1962,592.1962,4.000000,4.000000,4.000000,6.000000,6.000000,96.000000,96.000000,96.000000,94.000000,94.000000,5.0,2368.7849,2154.0868,7501.1522,7715.8503,PENDING_AG03,FALSE,NOT_FOR_ENFORCEMENT,9475.1397,290431.1060,9869.9372,9475.1397,394.7975,0.02978352,0.02859218,394.7975,9475.1397,0.02859218,394.7975,394.7975,394.7975,592.1962,592.1962,9475.1397,0.02859218,2368.7849,2154.0868,7501.1522,7715.8503,0.02263548,0.02328335,0.00119134,53.9019,84.6955,2.7631,448.6335,33.5712,15063.1447,162.3636,47.6267,58.3345,10.3857,40.4073,83.0858,124.6287,155.7859,183.9513,20.7715,-10.2195,3.855389,4.552426,1.333965,18,97,34,8,0.36576351,0.02978352,0.04995611,0E-8,0.000000,0.912922,0.000000,-0.03180610,2026-06-13,2026-08-02,22,294,143,51,0.431373,0.816443,0.883581,1.219212,,,,,,,,GLOBAL_BASELINE_NO_ENTITY_RANKING,,,NOT_APPLICABLE_GLOBAL_BASELINE,HF9g-P5,,,,X 全窗基线 · 不参与实体赏罚,15051333,1506,A168_HF9F_20260827_0900,2026-08-27 09:00:00
2026-06-14,151416945,1490,0,1952.3087468585,327.6177222022,327.6177222022,0.6666667,35,21,0.47004168049875186,0.365152171429,1.8053412697892328,2.86976331726759,1.8053412697892328,0.10488950906975186,ELIGIBLE,R03b_20260811_FULL_v1,L1_ELIGIBILITY,v2026-08-11,2026-03-21..2026-08-06,baccarat_bet02_101_all_pairs_incl_sentinel,round_win = game_pnl > 0 (decisive only),COMPATIBILITY_ONLY_NOT_PRODUCTION,331389.1826,302532.4021,9869.9372,6148,3572,-0.02978352,-0.04995611,-0.01815001,-0.02978352,-9869.9372,331389.1826,OK,0.0000,394.7975,4.0000,96.0000,AG03-UNRESOLVED,ALL5_LEVELS_bet23_to_bet27,394.7975,394.7975,394.7975,592.1962,592.1962,4.000000,4.000000,4.000000,6.000000,6.000000,96.000000,96.000000,96.000000,94.000000,94.000000,5.0,2368.7849,2154.0868,7501.1522,7715.8503,PENDING_AG03,FALSE,NOT_FOR_ENFORCEMENT,9475.1397,290431.1060,9869.9372,9475.1397,394.7975,0.02978352,0.02859218,394.7975,9475.1397,0.02859218,394.7975,394.7975,394.7975,592.1962,592.1962,9475.1397,0.02859218,2368.7849,2154.0868,7501.1522,7715.8503,0.02263548,0.02328335,0.00119134,53.9019,84.6955,2.7631,448.6335,33.5712,15063.1447,162.3636,47.6267,58.3345,10.3857,40.4073,83.0858,124.6287,155.7859,183.9513,20.7715,-10.2195,3.855389,4.552426,1.333965,18,97,34,8,0.36576351,0.02978352,0.04995611,0E-8,0.000000,0.912922,0.000000,-0.03180610,2026-06-13,2026-08-02,22,294,143,51,0.431373,0.816443,0.883581,1.219212,,,,,,,,GLOBAL_BASELINE_NO_ENTITY_RANKING,,,NOT_APPLICABLE_GLOBAL_BASELINE,HF9g-P5,,,,X 全窗基线 · 不参与实体赏罚,15051334,1506,A168_HF9F_20260827_0900,2026-08-27 09:00:00
2026-06-14,151416945,1645,0,352.9069646678,-110.0056082919,-110.0056082919,0.3333333,7,6,0.41874317425741116,0.401404525000,-0.42405836525813234,-0.3401583466643697,-0.42405836525813234,0.01733864925741116,ELIGIBLE,R03b_20260811_FULL_v1,L1_ELIGIBILITY,v2026-08-11,2026-03-21..2026-08-06,baccarat_bet02_101_all_pairs_incl_sentinel,round_win = game_pnl > 0 (decisive only),COMPATIBILITY_ONLY_NOT_PRODUCTION,331389.1826,302532.4021,9869.9372,6148,3572,-0.02978352,-0.04995611,-0.01815001,-0.02978352,-9869.9372,331389.1826,OK,0.0000,394.7975,4.0000,96.0000,AG03-UNRESOLVED,ALL5_LEVELS_bet23_to_bet27,394.7975,394.7975,394.7975,592.1962,592.1962,4.000000,4.000000,4.000000,6.000000,6.000000,96.000000,96.000000,96.000000,94.000000,94.000000,5.0,2368.7849,2154.0868,7501.1522,7715.8503,PENDING_AG03,FALSE,NOT_FOR_ENFORCEMENT,9475.1397,290431.1060,9869.9372,9475.1397,394.7975,0.02978352,0.02859218,394.7975,9475.1397,0.02859218,394.7975,394.7975,394.7975,592.1962,592.1962,9475.1397,0.02859218,2368.7849,2154.0868,7501.1522,7715.8503,0.02263548,0.02328335,0.00119134,53.9019,84.6955,2.7631,448.6335,33.5712,15063.1447,162.3636,47.6267,58.3345,10.3857,40.4073,83.0858,124.6287,155.7859,183.9513,20.7715,-10.2195,3.855389,4.552426,1.333965,18,97,34,8,0.36576351,0.02978352,0.04995611,0E-8,0.000000,0.912922,0.000000,-0.03180610,2026-06-13,2026-08-02,22,294,143,51,0.431373,0.816443,0.883581,1.219212,,,,,,,,GLOBAL_BASELINE_NO_ENTITY_RANKING,,,NOT_APPLICABLE_GLOBAL_BASELINE,HF9g-P5,,,,X 全窗基线 · 不参与实体赏罚,15051335,1506,A168_HF9F_20260827_0900,2026-08-27 09:00:00
2026-06-14,151416945,1646,0,155.7858878757,127.7444280581,127.7444280581,1.0000000,2,1,0.47918083999994710,0.300626750000,1.0425424659005833,1.5252488199758223,1.0425424659005833,0.17855408999994710,ELIGIBLE,R03b_20260811_FULL_v1,L1_ELIGIBILITY,v2026-08-11,2026-03-21..2026-08-06,baccarat_bet02_101_all_pairs_incl_sentinel,round_win = game_pnl > 0 (decisive only),COMPATIBILITY_ONLY_NOT_PRODUCTION,331389.1826,302532.4021,9869.9372,6148,3572,-0.02978352,-0.04995611,-0.01815001,-0.02978352,-9869.9372,331389.1826,OK,0.0000,394.7975,4.0000,96.0000,AG03-UNRESOLVED,ALL5_LEVELS_bet23_to_bet27,394.7975,394.7975,394.7975,592.1962,592.1962,4.000000,4.000000,4.000000,6.000000,6.000000,96.000000,96.000000,96.000000,94.000000,94.000000,5.0,2368.7849,2154.0868,7501.1522,7715.8503,PENDING_AG03,FALSE,NOT_FOR_ENFORCEMENT,9475.1397,290431.1060,9869.9372,9475.1397,394.7975,0.02978352,0.02859218,394.7975,9475.1397,0.02859218,394.7975,394.7975,394.7975,592.1962,592.1962,9475.1397,0.02859218,2368.7849,2154.0868,7501.1522,7715.8503,0.02263548,0.02328335,0.00119134,53.9019,84.6955,2.7631,448.6335,33.5712,15063.1447,162.3636,47.6267,58.3345,10.3857,40.4073,83.0858,124.6287,155.7859,183.9513,20.7715,-10.2195,3.855389,4.552426,1.333965,18,97,34,8,0.36576351,0.02978352,0.04995611,0E-8,0.000000,0.912922,0.000000,-0.03180610,2026-06-13,2026-08-02,22,294,143,51,0.431373,0.816443,0.883581,1.219212,,,,,,,,GLOBAL_BASELINE_NO_ENTITY_RANKING,,,NOT_APPLICABLE_GLOBAL_BASELINE,HF9g-P5,,,,X 全窗基线 · 不参与实体赏罚,15051336,1506,A168_HF9F_20260827_0900,2026-08-27 09:00:00
2026-06-14,151416945,1702,0,124.6287103006,-124.6287103006,-124.6287103006,0E-7,3,2,0.47231337499994490,0.403638725000,-1.3379567553774097,-1.1634740288448888,-1.3379567553774097,0.06867464999994490,ELIGIBLE,R03b_20260811_FULL_v1,L1_ELIGIBILITY,v2026-08-11,2026-03-21..2026-08-06,baccarat_bet02_101_all_pairs_incl_sentinel,round_win = game_pnl > 0 (decisive only),COMPATIBILITY_ONLY_NOT_PRODUCTION,331389.1826,302532.4021,9869.9372,6148,3572,-0.02978352,-0.04995611,-0.01815001,-0.02978352,-9869.9372,331389.1826,OK,0.0000,394.7975,4.0000,96.0000,AG03-UNRESOLVED,ALL5_LEVELS_bet23_to_bet27,394.7975,394.7975,394.7975,592.1962,592.1962,4.000000,4.000000,4.000000,6.000000,6.000000,96.000000,96.000000,96.000000,94.000000,94.000000,5.0,2368.7849,2154.0868,7501.1522,7715.8503,PENDING_AG03,FALSE,NOT_FOR_ENFORCEMENT,9475.1397,290431.1060,9869.9372,9475.1397,394.7975,0.02978352,0.02859218,394.7975,9475.1397,0.02859218,394.7975,394.7975,394.7975,592.1962,592.1962,9475.1397,0.02859218,2368.7849,2154.0868,7501.1522,7715.8503,0.02263548,0.02328335,0.00119134,53.9019,84.6955,2.7631,448.6335,33.5712,15063.1447,162.3636,47.6267,58.3345,10.3857,40.4073,83.0858,124.6287,155.7859,183.9513,20.7715,-10.2195,3.855389,4.552426,1.333965,18,97,34,8,0.36576351,0.02978352,0.04995611,0E-8,0.000000,0.912922,0.000000,-0.03180610,2026-06-13,2026-08-02,22,294,143,51,0.431373,0.816443,0.883581,1.219212,,,,,,,,GLOBAL_BASELINE_NO_ENTITY_RANKING,,,NOT_APPLICABLE_GLOBAL_BASELINE,HF9g-P5,,,,X 全窗基线 · 不参与实体赏罚,15051337,1506,A168_HF9F_20260827_0900,2026-08-27 09:00:00
2026-06-14,151416945,1704,0,436.2004860517,-166.1716137341,-166.1716137341,0.3636364,14,11,0.47395378980515145,0.440713113636,-0.7327579096306563,-0.5149018256253285,-0.7327579096306563,0.03324067616915145,ELIGIBLE,R03b_20260811_FULL_v1,L1_ELIGIBILITY,v2026-08-11,2026-03-21..2026-08-06,baccarat_bet02_101_all_pairs_incl_sentinel,round_win = game_pnl > 0 (decisive only),COMPATIBILITY_ONLY_NOT_PRODUCTION,331389.1826,302532.4021,9869.9372,6148,3572,-0.02978352,-0.04995611,-0.01815001,-0.02978352,-9869.9372,331389.1826,OK,0.0000,394.7975,4.0000,96.0000,AG03-UNRESOLVED,ALL5_LEVELS_bet23_to_bet27,394.7975,394.7975,394.7975,592.1962,592.1962,4.000000,4.000000,4.000000,6.000000,6.000000,96.000000,96.000000,96.000000,94.000000,94.000000,5.0,2368.7849,2154.0868,7501.1522,7715.8503,PENDING_AG03,FALSE,NOT_FOR_ENFORCEMENT,9475.1397,290431.1060,9869.9372,9475.1397,394.7975,0.02978352,0.02859218,394.7975,9475.1397,0.02859218,394.7975,394.7975,394.7975,592.1962,592.1962,9475.1397,0.02859218,2368.7849,2154.0868,7501.1522,7715.8503,0.02263548,0.02328335,0.00119134,53.9019,84.6955,2.7631,448.6335,33.5712,15063.1447,162.3636,47.6267,58.3345,10.3857,40.4073,83.0858,124.6287,155.7859,183.9513,20.7715,-10.2195,3.855389,4.552426,1.333965,18,97,34,8,0.36576351,0.02978352,0.04995611,0E-8,0.000000,0.912922,0.000000,-0.03180610,2026-06-13,2026-08-02,22,294,143,51,0.431373,0.816443,0.883581,1.219212,,,,,,,,GLOBAL_BASELINE_NO_ENTITY_RANKING,,,NOT_APPLICABLE_GLOBAL_BASELINE,HF9g-P5,,,,X 全窗基线 · 不参与实体赏罚,15051338,1506,A168_HF9F_20260827_0900,2026-08-27 09:00:00
2026-06-14,151416945,1985,0,2994.4124794886,627.8171281388,627.8171281388,0.6774194,53,36,0.48106294743875250,0.404334662500,2.1881023375993194,3.0981793308563703,2.1881023375993194,0.07672828493875250,ELIGIBLE,R03b_20260811_FULL_v1,L1_ELIGIBILITY,v2026-08-11,2026-03-21..2026-08-06,baccarat_bet02_101_all_pairs_incl_sentinel,round_win = game_pnl > 0 (decisive only),COMPATIBILITY_ONLY_NOT_PRODUCTION,331389.1826,302532.4021,9869.9372,6148,3572,-0.02978352,-0.04995611,-0.01815001,-0.02978352,-9869.9372,331389.1826,OK,0.0000,394.7975,4.0000,96.0000,AG03-UNRESOLVED,ALL5_LEVELS_bet23_to_bet27,394.7975,394.7975,394.7975,592.1962,592.1962,4.000000,4.000000,4.000000,6.000000,6.000000,96.000000,96.000000,96.000000,94.000000,94.000000,5.0,2368.7849,2154.0868,7501.1522,7715.8503,PENDING_AG03,FALSE,NOT_FOR_ENFORCEMENT,9475.1397,290431.1060,9869.9372,9475.1397,394.7975,0.02978352,0.02859218,394.7975,9475.1397,0.02859218,394.7975,394.7975,394.7975,592.1962,592.1962,9475.1397,0.02859218,2368.7849,2154.0868,7501.1522,7715.8503,0.02263548,0.02328335,0.00119134,53.9019,84.6955,2.7631,448.6335,33.5712,15063.1447,162.3636,47.6267,58.3345,10.3857,40.4073,83.0858,124.6287,155.7859,183.9513,20.7715,-10.2195,3.855389,4.552426,1.333965,18,97,34,8,0.36576351,0.02978352,0.04995611,0E-8,0.000000,0.912922,0.000000,-0.03180610,2026-06-13,2026-08-02,22,294,143,51,0.431373,0.816443,0.883581,1.219212,,,,,,,,GLOBAL_BASELINE_NO_ENTITY_RANKING,,,NOT_APPLICABLE_GLOBAL_BASELINE,HF9g-P5,,,,X 全窗基线 · 不参与实体赏罚,15051339,1506,A168_HF9F_20260827_0900,2026-08-27 09:00:00
2026-06-14,151416945,1990,0,4056.6645202837,-845.3980848725,-845.3980848725,0.4400000,47,25,0.45611441285041362,0.306454772000,-0.16176844741971555,1.4483642283567968,-0.16176844741971555,0.14965964085041362,ELIGIBLE,R03b_20260811_FULL_v1,L1_ELIGIBILITY,v2026-08-11,2026-03-21..2026-08-06,baccarat_bet02_101_all_pairs_incl_sentinel,round_win = game_pnl > 0 (decisive only),COMPATIBILITY_ONLY_NOT_PRODUCTION,331389.1826,302532.4021,9869.9372,6148,3572,-0.02978352,-0.04995611,-0.01815001,-0.02978352,-9869.9372,331389.1826,OK,0.0000,394.7975,4.0000,96.0000,AG03-UNRESOLVED,ALL5_LEVELS_bet23_to_bet27,394.7975,394.7975,394.7975,592.1962,592.1962,4.000000,4.000000,4.000000,6.000000,6.000000,96.000000,96.000000,96.000000,94.000000,94.000000,5.0,2368.7849,2154.0868,7501.1522,7715.8503,PENDING_AG03,FALSE,NOT_FOR_ENFORCEMENT,9475.1397,290431.1060,9869.9372,9475.1397,394.7975,0.02978352,0.02859218,394.7975,9475.1397,0.02859218,394.7975,394.7975,394.7975,592.1962,592.1962,9475.1397,0.02859218,2368.7849,2154.0868,7501.1522,7715.8503,0.02263548,0.02328335,0.00119134,53.9019,84.6955,2.7631,448.6335,33.5712,15063.1447,162.3636,47.6267,58.3345,10.3857,40.4073,83.0858,124.6287,155.7859,183.9513,20.7715,-10.2195,3.855389,4.552426,1.333965,18,97,34,8,0.36576351,0.02978352,0.04995611,0E-8,0.000000,0.912922,0.000000,-0.03180610,2026-06-13,2026-08-02,22,294,143,51,0.431373,0.816443,0.883581,1.219212,,,,,,,,GLOBAL_BASELINE_NO_ENTITY_RANKING,,,NOT_APPLICABLE_GLOBAL_BASELINE,HF9g-P5,,,,X 全窗基线 · 不参与实体赏罚,15051340,1506,A168_HF9F_20260827_0900,2026-08-27 09:00:00
2026-06-14,151416945,2088,0,271.6905884553,-84.7475230045,-84.7475230045,0.3333333,6,3,0.44706287348031891,0.293924150000,-0.3961975013045568,0.14983550927745232,-0.3961975013045568,0.15313872348031891,ELIGIBLE,R03b_20260811_FULL_v1,L1_ELIGIBILITY,v2026-08-11,2026-03-21..2026-08-06,baccarat_bet02_101_all_pairs_incl_sentinel,round_win = game_pnl > 0 (decisive only),COMPATIBILITY_ONLY_NOT_PRODUCTION,331389.1826,302532.4021,9869.9372,6148,3572,-0.02978352,-0.04995611,-0.01815001,-0.02978352,-9869.9372,331389.1826,OK,0.0000,394.7975,4.0000,96.0000,AG03-UNRESOLVED,ALL5_LEVELS_bet23_to_bet27,394.7975,394.7975,394.7975,592.1962,592.1962,4.000000,4.000000,4.000000,6.000000,6.000000,96.000000,96.000000,96.000000,94.000000,94.000000,5.0,2368.7849,2154.0868,7501.1522,7715.8503,PENDING_AG03,FALSE,NOT_FOR_ENFORCEMENT,9475.1397,290431.1060,9869.9372,9475.1397,394.7975,0.02978352,0.02859218,394.7975,9475.1397,0.02859218,394.7975,394.7975,394.7975,592.1962,592.1962,9475.1397,0.02859218,2368.7849,2154.0868,7501.1522,7715.8503,0.02263548,0.02328335,0.00119134,53.9019,84.6955,2.7631,448.6335,33.5712,15063.1447,162.3636,47.6267,58.3345,10.3857,40.4073,83.0858,124.6287,155.7859,183.9513,20.7715,-10.2195,3.855389,4.552426,1.333965,18,97,34,8,0.36576351,0.02978352,0.04995611,0E-8,0.000000,0.912922,0.000000,-0.03180610,2026-06-13,2026-08-02,22,294,143,51,0.431373,0.816443,0.883581,1.219212,,,,,,,,GLOBAL_BASELINE_NO_ENTITY_RANKING,,,NOT_APPLICABLE_GLOBAL_BASELINE,HF9g-P5,,,,X 全窗基线 · 不参与实体赏罚,15051341,1506,A168_HF9F_20260827_0900,2026-08-27 09:00:00
2026-06-14,151416945,2108,0,3566.4582597677,764.9087094698,764.9087094698,0.6296296,46,27,0.44887073398793758,0.329162861111,1.8884008155069416,3.3224952215572787,1.8884008155069416,0.11970787287693758,ELIGIBLE,R03b_20260811_FULL_v1,L1_ELIGIBILITY,v2026-08-11,2026-03-21..2026-08-06,baccarat_bet02_101_all_pairs_incl_sentinel,round_win = game_pnl > 0 (decisive only),COMPATIBILITY_ONLY_NOT_PRODUCTION,331389.1826,302532.4021,9869.9372,6148,3572,-0.02978352,-0.04995611,-0.01815001,-0.02978352,-9869.9372,331389.1826,OK,0.0000,394.7975,4.0000,96.0000,AG03-UNRESOLVED,ALL5_LEVELS_bet23_to_bet27,394.7975,394.7975,394.7975,592.1962,592.1962,4.000000,4.000000,4.000000,6.000000,6.000000,96.000000,96.000000,96.000000,94.000000,94.000000,5.0,2368.7849,2154.0868,7501.1522,7715.8503,PENDING_AG03,FALSE,NOT_FOR_ENFORCEMENT,9475.1397,290431.1060,9869.9372,9475.1397,394.7975,0.02978352,0.02859218,394.7975,9475.1397,0.02859218,394.7975,394.7975,394.7975,592.1962,592.1962,9475.1397,0.02859218,2368.7849,2154.0868,7501.1522,7715.8503,0.02263548,0.02328335,0.00119134,53.9019,84.6955,2.7631,448.6335,33.5712,15063.1447,162.3636,47.6267,58.3345,10.3857,40.4073,83.0858,124.6287,155.7859,183.9513,20.7715,-10.2195,3.855389,4.552426,1.333965,18,97,34,8,0.36576351,0.02978352,0.04995611,0E-8,0.000000,0.912922,0.000000,-0.03180610,2026-06-13,2026-08-02,22,294,143,51,0.431373,0.816443,0.883581,1.219212,,,,,,,,GLOBAL_BASELINE_NO_ENTITY_RANKING,,,NOT_APPLICABLE_GLOBAL_BASELINE,HF9g-P5,,,,X 全窗基线 · 不参与实体赏罚,15051342,1506,A168_HF9F_20260827_0900,2026-08-27 09:00:00
2026-06-14,151416945,2174,0,1265.8122676197,-428.8266206927,-428.8266206927,0.4166667,20,12,0.46833387742211763,0.363157350000,-0.358680989139833,0.3854397831702789,-0.358680989139833,0.10517652742211763,ELIGIBLE,R03b_20260811_FULL_v1,L1_ELIGIBILITY,v2026-08-11,2026-03-21..2026-08-06,baccarat_bet02_101_all_pairs_incl_sentinel,round_win = game_pnl > 0 (decisive only),COMPATIBILITY_ONLY_NOT_PRODUCTION,331389.1826,302532.4021,9869.9372,6148,3572,-0.02978352,-0.04995611,-0.01815001,-0.02978352,-9869.9372,331389.1826,OK,0.0000,394.7975,4.0000,96.0000,AG03-UNRESOLVED,ALL5_LEVELS_bet23_to_bet27,394.7975,394.7975,394.7975,592.1962,592.1962,4.000000,4.000000,4.000000,6.000000,6.000000,96.000000,96.000000,96.000000,94.000000,94.000000,5.0,2368.7849,2154.0868,7501.1522,7715.8503,PENDING_AG03,FALSE,NOT_FOR_ENFORCEMENT,9475.1397,290431.1060,9869.9372,9475.1397,394.7975,0.02978352,0.02859218,394.7975,9475.1397,0.02859218,394.7975,394.7975,394.7975,592.1962,592.1962,9475.1397,0.02859218,2368.7849,2154.0868,7501.1522,7715.8503,0.02263548,0.02328335,0.00119134,53.9019,84.6955,2.7631,448.6335,33.5712,15063.1447,162.3636,47.6267,58.3345,10.3857,40.4073,83.0858,124.6287,155.7859,183.9513,20.7715,-10.2195,3.855389,4.552426,1.333965,18,97,34,8,0.36576351,0.02978352,0.04995611,0E-8,0.000000,0.912922,0.000000,-0.03180610,2026-06-13,2026-08-02,22,294,143,51,0.431373,0.816443,0.883581,1.219212,,,,,,,,GLOBAL_BASELINE_NO_ENTITY_RANKING,,,NOT_APPLICABLE_GLOBAL_BASELINE,HF9g-P5,,,,X 全窗基线 · 不参与实体赏罚,15051343,1506,A168_HF9F_20260827_0900,2026-08-27 09:00:00
2026-06-14,151416945,2178,0,727.0008100867,103.8572585837,103.8572585837,0.6000000,10,5,0.45877818420047318,0.293924150000,0.6337205162688878,1.5023487230303878,0.6337205162688878,0.16485403420047318,ELIGIBLE,R03b_20260811_FULL_v1,L1_ELIGIBILITY,v2026-08-11,2026-03-21..2026-08-06,baccarat_bet02_101_all_pairs_incl_sentinel,round_win = game_pnl > 0 (decisive only),COMPATIBILITY_ONLY_NOT_PRODUCTION,331389.1826,302532.4021,9869.9372,6148,3572,-0.02978352,-0.04995611,-0.01815001,-0.02978352,-9869.9372,331389.1826,OK,0.0000,394.7975,4.0000,96.0000,AG03-UNRESOLVED,ALL5_LEVELS_bet23_to_bet27,394.7975,394.7975,394.7975,592.1962,592.1962,4.000000,4.000000,4.000000,6.000000,6.000000,96.000000,96.000000,96.000000,94.000000,94.000000,5.0,2368.7849,2154.0868,7501.1522,7715.8503,PENDING_AG03,FALSE,NOT_FOR_ENFORCEMENT,9475.1397,290431.1060,9869.9372,9475.1397,394.7975,0.02978352,0.02859218,394.7975,9475.1397,0.02859218,394.7975,394.7975,394.7975,592.1962,592.1962,9475.1397,0.02859218,2368.7849,2154.0868,7501.1522,7715.8503,0.02263548,0.02328335,0.00119134,53.9019,84.6955,2.7631,448.6335,33.5712,15063.1447,162.3636,47.6267,58.3345,10.3857,40.4073,83.0858,124.6287,155.7859,183.9513,20.7715,-10.2195,3.855389,4.552426,1.333965,18,97,34,8,0.36576351,0.02978352,0.04995611,0E-8,0.000000,0.912922,0.000000,-0.03180610,2026-06-13,2026-08-02,22,294,143,51,0.431373,0.816443,0.883581,1.219212,,,,,,,,GLOBAL_BASELINE_NO_ENTITY_RANKING,,,NOT_APPLICABLE_GLOBAL_BASELINE,HF9g-P5,,,,X 全窗基线 · 不参与实体赏罚,15051344,1506,A168_HF9F_20260827_0900,2026-08-27 09:00:00
2026-06-14,151416945,2246,0,2546.5799804750,-389.9840059824,-389.9840059824,0.4375000,27,17,0.48375237599487819,0.380334623529,-0.3702145219582584,0.4710115017394169,-0.3702145219582584,0.10341775246587819,ELIGIBLE,R03b_20260811_FULL_v1,L1_ELIGIBILITY,v2026-08-11,2026-03-21..2026-08-06,baccarat_bet02_101_all_pairs_incl_sentinel,round_win = game_pnl > 0 (decisive only),COMPATIBILITY_ONLY_NOT_PRODUCTION,331389.1826,302532.4021,9869.9372,6148,3572,-0.02978352,-0.04995611,-0.01815001,-0.02978352,-9869.9372,331389.1826,OK,0.0000,394.7975,4.0000,96.0000,AG03-UNRESOLVED,ALL5_LEVELS_bet23_to_bet27,394.7975,394.7975,394.7975,592.1962,592.1962,4.000000,4.000000,4.000000,6.000000,6.000000,96.000000,96.000000,96.000000,94.000000,94.000000,5.0,2368.7849,2154.0868,7501.1522,7715.8503,PENDING_AG03,FALSE,NOT_FOR_ENFORCEMENT,9475.1397,290431.1060,9869.9372,9475.1397,394.7975,0.02978352,0.02859218,394.7975,9475.1397,0.02859218,394.7975,394.7975,394.7975,592.1962,592.1962,9475.1397,0.02859218,2368.7849,2154.0868,7501.1522,7715.8503,0.02263548,0.02328335,0.00119134,53.9019,84.6955,2.7631,448.6335,33.5712,15063.1447,162.3636,47.6267,58.3345,10.3857,40.4073,83.0858,124.6287,155.7859,183.9513,20.7715,-10.2195,3.855389,4.552426,1.333965,18,97,34,8,0.36576351,0.02978352,0.04995611,0E-8,0.000000,0.912922,0.000000,-0.03180610,2026-06-13,2026-08-02,22,294,143,51,0.431373,0.816443,0.883581,1.219212,,,,,,,,GLOBAL_BASELINE_NO_ENTITY_RANKING,,,NOT_APPLICABLE_GLOBAL_BASELINE,HF9g-P5,,,,X 全窗基线 · 不参与实体赏罚,15051345,1506,A168_HF9F_20260827_0900,2026-08-27 09:00:00
2026-06-14,151416945,526,0,830.8580686705,207.7145171675,207.7145171675,0.7500000,15,8,0.46138428420448648,0.318839318750,1.6375480792896295,2.6168174134279925,1.6375480792896295,0.14254496545448648,ELIGIBLE,R03b_20260811_FULL_v1,L1_ELIGIBILITY,v2026-08-11,2026-03-21..2026-08-06,baccarat_bet02_101_all_pairs_incl_sentinel,round_win = game_pnl > 0 (decisive only),COMPATIBILITY_ONLY_NOT_PRODUCTION,331389.1826,302532.4021,9869.9372,6148,3572,-0.02978352,-0.04995611,-0.01815001,-0.02978352,-9869.9372,331389.1826,OK,0.0000,394.7975,4.0000,96.0000,AG03-UNRESOLVED,ALL5_LEVELS_bet23_to_bet27,394.7975,394.7975,394.7975,592.1962,592.1962,4.000000,4.000000,4.000000,6.000000,6.000000,96.000000,96.000000,96.000000,94.000000,94.000000,5.0,2368.7849,2154.0868,7501.1522,7715.8503,PENDING_AG03,FALSE,NOT_FOR_ENFORCEMENT,9475.1397,290431.1060,9869.9372,9475.1397,394.7975,0.02978352,0.02859218,394.7975,9475.1397,0.02859218,394.7975,394.7975,394.7975,592.1962,592.1962,9475.1397,0.02859218,2368.7849,2154.0868,7501.1522,7715.8503,0.02263548,0.02328335,0.00119134,53.9019,84.6955,2.7631,448.6335,33.5712,15063.1447,162.3636,47.6267,58.3345,10.3857,40.4073,83.0858,124.6287,155.7859,183.9513,20.7715,-10.2195,3.855389,4.552426,1.333965,18,97,34,8,0.36576351,0.02978352,0.04995611,0E-8,0.000000,0.912922,0.000000,-0.03180610,2026-06-13,2026-08-02,22,294,143,51,0.431373,0.816443,0.883581,1.219212,,,,,,,,GLOBAL_BASELINE_NO_ENTITY_RANKING,,,NOT_APPLICABLE_GLOBAL_BASELINE,HF9g-P5,,,,X 全窗基线 · 不参与实体赏罚,15051346,1506,A168_HF9F_20260827_0900,2026-08-27 09:00:00
2026-06-14,151416945,529,0,124.6287103006,-62.3143551502,-62.3143551502,0.2500000,5,5,0.50128862000000000,0.501288620000,-1.0051578182180947,-1.0051578182180947,-1.0051578182180947,0E-17,ELIGIBLE,R03b_20260811_FULL_v1,L1_ELIGIBILITY,v2026-08-11,2026-03-21..2026-08-06,baccarat_bet02_101_all_pairs_incl_sentinel,round_win = game_pnl > 0 (decisive only),COMPATIBILITY_ONLY_NOT_PRODUCTION,331389.1826,302532.4021,9869.9372,6148,3572,-0.02978352,-0.04995611,-0.01815001,-0.02978352,-9869.9372,331389.1826,OK,0.0000,394.7975,4.0000,96.0000,AG03-UNRESOLVED,ALL5_LEVELS_bet23_to_bet27,394.7975,394.7975,394.7975,592.1962,592.1962,4.000000,4.000000,4.000000,6.000000,6.000000,96.000000,96.000000,96.000000,94.000000,94.000000,5.0,2368.7849,2154.0868,7501.1522,7715.8503,PENDING_AG03,FALSE,NOT_FOR_ENFORCEMENT,9475.1397,290431.1060,9869.9372,9475.1397,394.7975,0.02978352,0.02859218,394.7975,9475.1397,0.02859218,394.7975,394.7975,394.7975,592.1962,592.1962,9475.1397,0.02859218,2368.7849,2154.0868,7501.1522,7715.8503,0.02263548,0.02328335,0.00119134,53.9019,84.6955,2.7631,448.6335,33.5712,15063.1447,162.3636,47.6267,58.3345,10.3857,40.4073,83.0858,124.6287,155.7859,183.9513,20.7715,-10.2195,3.855389,4.552426,1.333965,18,97,34,8,0.36576351,0.02978352,0.04995611,0E-8,0.000000,0.912922,0.000000,-0.03180610,2026-06-13,2026-08-02,22,294,143,51,0.431373,0.816443,0.883581,1.219212,,,,,,,,GLOBAL_BASELINE_NO_ENTITY_RANKING,,,NOT_APPLICABLE_GLOBAL_BASELINE,HF9g-P5,,,,X 全窗基线 · 不参与实体赏罚,15051347,1506,A168_HF9F_20260827_0900,2026-08-27 09:00:00
2026-06-14,151416945,772,0,259.6431464595,-259.6431464595,-259.6431464595,0E-7,3,2,0.48121864999996721,0.396936125000,-1.3620531205846953,-1.1473440127882213,-1.3620531205846953,0.08428252499996721,ELIGIBLE,R03b_20260811_FULL_v1,L1_ELIGIBILITY,v2026-08-11,2026-03-21..2026-08-06,baccarat_bet02_101_all_pairs_incl_sentinel,round_win = game_pnl > 0 (decisive only),COMPATIBILITY_ONLY_NOT_PRODUCTION,331389.1826,302532.4021,9869.9372,6148,3572,-0.02978352,-0.04995611,-0.01815001,-0.02978352,-9869.9372,331389.1826,OK,0.0000,394.7975,4.0000,96.0000,AG03-UNRESOLVED,ALL5_LEVELS_bet23_to_bet27,394.7975,394.7975,394.7975,592.1962,592.1962,4.000000,4.000000,4.000000,6.000000,6.000000,96.000000,96.000000,96.000000,94.000000,94.000000,5.0,2368.7849,2154.0868,7501.1522,7715.8503,PENDING_AG03,FALSE,NOT_FOR_ENFORCEMENT,9475.1397,290431.1060,9869.9372,9475.1397,394.7975,0.02978352,0.02859218,394.7975,9475.1397,0.02859218,394.7975,394.7975,394.7975,592.1962,592.1962,9475.1397,0.02859218,2368.7849,2154.0868,7501.1522,7715.8503,0.02263548,0.02328335,0.00119134,53.9019,84.6955,2.7631,448.6335,33.5712,15063.1447,162.3636,47.6267,58.3345,10.3857,40.4073,83.0858,124.6287,155.7859,183.9513,20.7715,-10.2195,3.855389,4.552426,1.333965,18,97,34,8,0.36576351,0.02978352,0.04995611,0E-8,0.000000,0.912922,0.000000,-0.03180610,2026-06-13,2026-08-02,22,294,143,51,0.431373,0.816443,0.883581,1.219212,,,,,,,,GLOBAL_BASELINE_NO_ENTITY_RANKING,,,NOT_APPLICABLE_GLOBAL_BASELINE,HF9g-P5,,,,X 全窗基线 · 不参与实体赏罚,15051348,1506,A168_HF9F_20260827_0900,2026-08-27 09:00:00
2026-06-14,151416945,919,0,288.7231788632,-41.5429034336,-41.5429034336,0.5000000,15,14,0.48854157857142857,0.483795832143,0.08576949960104295,0.12132461909303102,0.08576949960104295,0.00474574642842857,ELIGIBLE,R03b_20260811_FULL_v1,L1_ELIGIBILITY,v2026-08-11,2026-03-21..2026-08-06,baccarat_bet02_101_all_pairs_incl_sentinel,round_win = game_pnl > 0 (decisive only),COMPATIBILITY_ONLY_NOT_PRODUCTION,331389.1826,302532.4021,9869.9372,6148,3572,-0.02978352,-0.04995611,-0.01815001,-0.02978352,-9869.9372,331389.1826,OK,0.0000,394.7975,4.0000,96.0000,AG03-UNRESOLVED,ALL5_LEVELS_bet23_to_bet27,394.7975,394.7975,394.7975,592.1962,592.1962,4.000000,4.000000,4.000000,6.000000,6.000000,96.000000,96.000000,96.000000,94.000000,94.000000,5.0,2368.7849,2154.0868,7501.1522,7715.8503,PENDING_AG03,FALSE,NOT_FOR_ENFORCEMENT,9475.1397,290431.1060,9869.9372,9475.1397,394.7975,0.02978352,0.02859218,394.7975,9475.1397,0.02859218,394.7975,394.7975,394.7975,592.1962,592.1962,9475.1397,0.02859218,2368.7849,2154.0868,7501.1522,7715.8503,0.02263548,0.02328335,0.00119134,53.9019,84.6955,2.7631,448.6335,33.5712,15063.1447,162.3636,47.6267,58.3345,10.3857,40.4073,83.0858,124.6287,155.7859,183.9513,20.7715,-10.2195,3.855389,4.552426,1.333965,18,97,34,8,0.36576351,0.02978352,0.04995611,0E-8,0.000000,0.912922,0.000000,-0.03180610,2026-06-13,2026-08-02,22,294,143,51,0.431373,0.816443,0.883581,1.219212,,,,,,,,GLOBAL_BASELINE_NO_ENTITY_RANKING,,,NOT_APPLICABLE_GLOBAL_BASELINE,HF9g-P5,,,,X 全窗基线 · 不参与实体赏罚,15051349,1506,A168_HF9F_20260827_0900,2026-08-27 09:00:00
2026-06-15,151416945,-1,1,228.4859688845,-228.4859688845,-228.4859688845,0E-7,4,2,0.44560093839278668,0.297275450000,-1.2678760640040534,-0.9198181129370825,-1.2678760640040534,0.14832548839278668,SENTINEL_DEALER,R03b_20260811_FULL_v1,L1_ELIGIBILITY,v2026-08-11,2026-03-21..2026-08-06,baccarat_bet02_101_all_pairs_incl_sentinel,round_win = game_pnl > 0 (decisive only),COMPATIBILITY_ONLY_NOT_PRODUCTION,331389.1826,302532.4021,9869.9372,6148,3572,-0.02978352,-0.04995611,-0.01815001,-0.02978352,-9869.9372,331389.1826,OK,0.0000,394.7975,4.0000,96.0000,AG03-UNRESOLVED,ALL5_LEVELS_bet23_to_bet27,394.7975,394.7975,394.7975,592.1962,592.1962,4.000000,4.000000,4.000000,6.000000,6.000000,96.000000,96.000000,96.000000,94.000000,94.000000,5.0,2368.7849,2154.0868,7501.1522,7715.8503,PENDING_AG03,FALSE,NOT_FOR_ENFORCEMENT,9475.1397,290431.1060,9869.9372,9475.1397,394.7975,0.02978352,0.02859218,394.7975,9475.1397,0.02859218,394.7975,394.7975,394.7975,592.1962,592.1962,9475.1397,0.02859218,2368.7849,2154.0868,7501.1522,7715.8503,0.02263548,0.02328335,0.00119134,53.9019,84.6955,2.7631,448.6335,33.5712,15063.1447,162.3636,47.6267,58.3345,10.3857,40.4073,83.0858,124.6287,155.7859,183.9513,20.7715,-10.2195,3.855389,4.552426,1.333965,18,97,34,8,0.36576351,0.02978352,0.04995611,0E-8,0.000000,0.912922,0.000000,-0.03180610,2026-06-13,2026-08-02,22,294,143,51,0.431373,0.816443,0.883581,1.219212,,,,,,,,GLOBAL_BASELINE_NO_ENTITY_RANKING,,,NOT_APPLICABLE_GLOBAL_BASELINE,HF9g-P5,,,,X 全窗基线 · 不参与实体赏罚,15051350,1506,A168_HF9F_20260827_0900,2026-08-27 09:00:00
2026-06-15,151416945,1115,0,182.7887751075,-182.7887751075,-182.7887751075,0E-7,2,2,0.50665070000000000,0.506650700000,-1.4331513700195317,-1.4331513700195317,-1.4331513700195317,0E-17,ELIGIBLE,R03b_20260811_FULL_v1,L1_ELIGIBILITY,v2026-08-11,2026-03-21..2026-08-06,baccarat_bet02_101_all_pairs_incl_sentinel,round_win = game_pnl > 0 (decisive only),COMPATIBILITY_ONLY_NOT_PRODUCTION,331389.1826,302532.4021,9869.9372,6148,3572,-0.02978352,-0.04995611,-0.01815001,-0.02978352,-9869.9372,331389.1826,OK,0.0000,394.7975,4.0000,96.0000,AG03-UNRESOLVED,ALL5_LEVELS_bet23_to_bet27,394.7975,394.7975,394.7975,592.1962,592.1962,4.000000,4.000000,4.000000,6.000000,6.000000,96.000000,96.000000,96.000000,94.000000,94.000000,5.0,2368.7849,2154.0868,7501.1522,7715.8503,PENDING_AG03,FALSE,NOT_FOR_ENFORCEMENT,9475.1397,290431.1060,9869.9372,9475.1397,394.7975,0.02978352,0.02859218,394.7975,9475.1397,0.02859218,394.7975,394.7975,394.7975,592.1962,592.1962,9475.1397,0.02859218,2368.7849,2154.0868,7501.1522,7715.8503,0.02263548,0.02328335,0.00119134,53.9019,84.6955,2.7631,448.6335,33.5712,15063.1447,162.3636,47.6267,58.3345,10.3857,40.4073,83.0858,124.6287,155.7859,183.9513,20.7715,-10.2195,3.855389,4.552426,1.333965,18,97,34,8,0.36576351,0.02978352,0.04995611,0E-8,0.000000,0.912922,0.000000,-0.03180610,2026-06-13,2026-08-02,22,294,143,51,0.431373,0.816443,0.883581,1.219212,,,,,,,,GLOBAL_BASELINE_NO_ENTITY_RANKING,,,NOT_APPLICABLE_GLOBAL_BASELINE,HF9g-P5,,,,X 全窗基线 · 不参与实体赏罚,15051351,1506,A168_HF9F_20260827_0900,2026-08-27 09:00:00
2026-06-15,151416945,1210,0,365.5775502152,57.9523502897,57.9523502897,0.6666667,11,6,0.45047013234708120,0.332729875000,1.0643775396052149,1.7359737608437626,1.0643775396052149,0.11774025734708120,ELIGIBLE,R03b_20260811_FULL_v1,L1_ELIGIBILITY,v2026-08-11,2026-03-21..2026-08-06,baccarat_bet02_101_all_pairs_incl_sentinel,round_win = game_pnl > 0 (decisive only),COMPATIBILITY_ONLY_NOT_PRODUCTION,331389.1826,302532.4021,9869.9372,6148,3572,-0.02978352,-0.04995611,-0.01815001,-0.02978352,-9869.9372,331389.1826,OK,0.0000,394.7975,4.0000,96.0000,AG03-UNRESOLVED,ALL5_LEVELS_bet23_to_bet27,394.7975,394.7975,394.7975,592.1962,592.1962,4.000000,4.000000,4.000000,6.000000,6.000000,96.000000,96.000000,96.000000,94.000000,94.000000,5.0,2368.7849,2154.0868,7501.1522,7715.8503,PENDING_AG03,FALSE,NOT_FOR_ENFORCEMENT,9475.1397,290431.1060,9869.9372,9475.1397,394.7975,0.02978352,0.02859218,394.7975,9475.1397,0.02859218,394.7975,394.7975,394.7975,592.1962,592.1962,9475.1397,0.02859218,2368.7849,2154.0868,7501.1522,7715.8503,0.02263548,0.02328335,0.00119134,53.9019,84.6955,2.7631,448.6335,33.5712,15063.1447,162.3636,47.6267,58.3345,10.3857,40.4073,83.0858,124.6287,155.7859,183.9513,20.7715,-10.2195,3.855389,4.552426,1.333965,18,97,34,8,0.36576351,0.02978352,0.04995611,0E-8,0.000000,0.912922,0.000000,-0.03180610,2026-06-13,2026-08-02,22,294,143,51,0.431373,0.816443,0.883581,1.219212,,,,,,,,GLOBAL_BASELINE_NO_ENTITY_RANKING,,,NOT_APPLICABLE_GLOBAL_BASELINE,HF9g-P5,,,,X 全窗基线 · 不参与实体赏罚,15051352,1506,A168_HF9F_20260827_0900,2026-08-27 09:00:00
2026-06-15,151416945,1299,0,3801.1756641679,1387.0136883860,1387.0136883860,0.7142857,54,28,0.47140553877766859,0.313906475000,2.574615853594004,4.565189065506704,2.574615853594004,0.15749906377766859,ELIGIBLE,R03b_20260811_FULL_v1,L1_ELIGIBILITY,v2026-08-11,2026-03-21..2026-08-06,baccarat_bet02_101_all_pairs_incl_sentinel,round_win = game_pnl > 0 (decisive only),COMPATIBILITY_ONLY_NOT_PRODUCTION,331389.1826,302532.4021,9869.9372,6148,3572,-0.02978352,-0.04995611,-0.01815001,-0.02978352,-9869.9372,331389.1826,OK,0.0000,394.7975,4.0000,96.0000,AG03-UNRESOLVED,ALL5_LEVELS_bet23_to_bet27,394.7975,394.7975,394.7975,592.1962,592.1962,4.000000,4.000000,4.000000,6.000000,6.000000,96.000000,96.000000,96.000000,94.000000,94.000000,5.0,2368.7849,2154.0868,7501.1522,7715.8503,PENDING_AG03,FALSE,NOT_FOR_ENFORCEMENT,9475.1397,290431.1060,9869.9372,9475.1397,394.7975,0.02978352,0.02859218,394.7975,9475.1397,0.02859218,394.7975,394.7975,394.7975,592.1962,592.1962,9475.1397,0.02859218,2368.7849,2154.0868,7501.1522,7715.8503,0.02263548,0.02328335,0.00119134,53.9019,84.6955,2.7631,448.6335,33.5712,15063.1447,162.3636,47.6267,58.3345,10.3857,40.4073,83.0858,124.6287,155.7859,183.9513,20.7715,-10.2195,3.855389,4.552426,1.333965,18,97,34,8,0.36576351,0.02978352,0.04995611,0E-8,0.000000,0.912922,0.000000,-0.03180610,2026-06-13,2026-08-02,22,294,143,51,0.431373,0.816443,0.883581,1.219212,,,,,,,,GLOBAL_BASELINE_NO_ENTITY_RANKING,,,NOT_APPLICABLE_GLOBAL_BASELINE,HF9g-P5,,,,X 全窗基线 · 不参与实体赏罚,15051353,1506,A168_HF9F_20260827_0900,2026-08-27 09:00:00
2026-06-15,151416945,1304,0,2579.8143032219,-879.6709802051,-879.6709802051,0.4210526,31,19,0.47670987828553175,0.370533247368,-0.48573586907710076,0.4559685191018409,-0.48573586907710076,0.10617663091753175,ELIGIBLE,R03b_20260811_FULL_v1,L1_ELIGIBILITY,v2026-08-11,2026-03-21..2026-08-06,baccarat_bet02_101_all_pairs_incl_sentinel,round_win = game_pnl > 0 (decisive only),COMPATIBILITY_ONLY_NOT_PRODUCTION,331389.1826,302532.4021,9869.9372,6148,3572,-0.02978352,-0.04995611,-0.01815001,-0.02978352,-9869.9372,331389.1826,OK,0.0000,394.7975,4.0000,96.0000,AG03-UNRESOLVED,ALL5_LEVELS_bet23_to_bet27,394.7975,394.7975,394.7975,592.1962,592.1962,4.000000,4.000000,4.000000,6.000000,6.000000,96.000000,96.000000,96.000000,94.000000,94.000000,5.0,2368.7849,2154.0868,7501.1522,7715.8503,PENDING_AG03,FALSE,NOT_FOR_ENFORCEMENT,9475.1397,290431.1060,9869.9372,9475.1397,394.7975,0.02978352,0.02859218,394.7975,9475.1397,0.02859218,394.7975,394.7975,394.7975,592.1962,592.1962,9475.1397,0.02859218,2368.7849,2154.0868,7501.1522,7715.8503,0.02263548,0.02328335,0.00119134,53.9019,84.6955,2.7631,448.6335,33.5712,15063.1447,162.3636,47.6267,58.3345,10.3857,40.4073,83.0858,124.6287,155.7859,183.9513,20.7715,-10.2195,3.855389,4.552426,1.333965,18,97,34,8,0.36576351,0.02978352,0.04995611,0E-8,0.000000,0.912922,0.000000,-0.03180610,2026-06-13,2026-08-02,22,294,143,51,0.431373,0.816443,0.883581,1.219212,,,,,,,,GLOBAL_BASELINE_NO_ENTITY_RANKING,,,NOT_APPLICABLE_GLOBAL_BASELINE,HF9g-P5,,,,X 全窗基线 · 不参与实体赏罚,15051354,1506,A168_HF9F_20260827_0900,2026-08-27 09:00:00
2026-06-15,151416945,1318,0,80.3855181439,-80.3855181439,-80.3855181439,0E-7,3,3,0.50665070000000000,0.506650700000,-1.7552447903592512,-1.7552447903592512,-1.7552447903592512,0E-17,ELIGIBLE,R03b_20260811_FULL_v1,L1_ELIGIBILITY,v2026-08-11,2026-03-21..2026-08-06,baccarat_bet02_101_all_pairs_incl_sentinel,round_win = game_pnl > 0 (decisive only),COMPATIBILITY_ONLY_NOT_PRODUCTION,331389.1826,302532.4021,9869.9372,6148,3572,-0.02978352,-0.04995611,-0.01815001,-0.02978352,-9869.9372,331389.1826,OK,0.0000,394.7975,4.0000,96.0000,AG03-UNRESOLVED,ALL5_LEVELS_bet23_to_bet27,394.7975,394.7975,394.7975,592.1962,592.1962,4.000000,4.000000,4.000000,6.000000,6.000000,96.000000,96.000000,96.000000,94.000000,94.000000,5.0,2368.7849,2154.0868,7501.1522,7715.8503,PENDING_AG03,FALSE,NOT_FOR_ENFORCEMENT,9475.1397,290431.1060,9869.9372,9475.1397,394.7975,0.02978352,0.02859218,394.7975,9475.1397,0.02859218,394.7975,394.7975,394.7975,592.1962,592.1962,9475.1397,0.02859218,2368.7849,2154.0868,7501.1522,7715.8503,0.02263548,0.02328335,0.00119134,53.9019,84.6955,2.7631,448.6335,33.5712,15063.1447,162.3636,47.6267,58.3345,10.3857,40.4073,83.0858,124.6287,155.7859,183.9513,20.7715,-10.2195,3.855389,4.552426,1.333965,18,97,34,8,0.36576351,0.02978352,0.04995611,0E-8,0.000000,0.912922,0.000000,-0.03180610,2026-06-13,2026-08-02,22,294,143,51,0.431373,0.816443,0.883581,1.219212,,,,,,,,GLOBAL_BASELINE_NO_ENTITY_RANKING,,,NOT_APPLICABLE_GLOBAL_BASELINE,HF9g-P5,,,,X 全窗基线 · 不参与实体赏罚,15051355,1506,A168_HF9F_20260827_0900,2026-08-27 09:00:00
2026-06-15,151416945,1383,0,103.8572585838,-103.8572585838,-103.8572585838,0E-7,2,2,0.50665070000000000,0.506650700000,-1.4331513700195317,-1.4331513700195317,-1.4331513700195317,0E-17,ELIGIBLE,R03b_20260811_FULL_v1,L1_ELIGIBILITY,v2026-08-11,2026-03-21..2026-08-06,baccarat_bet02_101_all_pairs_incl_sentinel,round_win = game_pnl > 0 (decisive only),COMPATIBILITY_ONLY_NOT_PRODUCTION,331389.1826,302532.4021,9869.9372,6148,3572,-0.02978352,-0.04995611,-0.01815001,-0.02978352,-9869.9372,331389.1826,OK,0.0000,394.7975,4.0000,96.0000,AG03-UNRESOLVED,ALL5_LEVELS_bet23_to_bet27,394.7975,394.7975,394.7975,592.1962,592.1962,4.000000,4.000000,4.000000,6.000000,6.000000,96.000000,96.000000,96.000000,94.000000,94.000000,5.0,2368.7849,2154.0868,7501.1522,7715.8503,PENDING_AG03,FALSE,NOT_FOR_ENFORCEMENT,9475.1397,290431.1060,9869.9372,9475.1397,394.7975,0.02978352,0.02859218,394.7975,9475.1397,0.02859218,394.7975,394.7975,394.7975,592.1962,592.1962,9475.1397,0.02859218,2368.7849,2154.0868,7501.1522,7715.8503,0.02263548,0.02328335,0.00119134,53.9019,84.6955,2.7631,448.6335,33.5712,15063.1447,162.3636,47.6267,58.3345,10.3857,40.4073,83.0858,124.6287,155.7859,183.9513,20.7715,-10.2195,3.855389,4.552426,1.333965,18,97,34,8,0.36576351,0.02978352,0.04995611,0E-8,0.000000,0.912922,0.000000,-0.03180610,2026-06-13,2026-08-02,22,294,143,51,0.431373,0.816443,0.883581,1.219212,,,,,,,,GLOBAL_BASELINE_NO_ENTITY_RANKING,,,NOT_APPLICABLE_GLOBAL_BASELINE,HF9g-P5,,,,X 全窗基线 · 不参与实体赏罚,15051356,1506,A168_HF9F_20260827_0900,2026-08-27 09:00:00
2026-06-15,151416945,1405,0,249.2574206012,196.2902187234,196.2902187234,1.0000000,4,2,0.47231337499994490,0.300626750000,1.4948166239019,2.157027567203367,1.4948166239019,0.17168662499994490,ELIGIBLE,R03b_20260811_FULL_v1,L1_ELIGIBILITY,v2026-08-11,2026-03-21..2026-08-06,baccarat_bet02_101_all_pairs_incl_sentinel,round_win = game_pnl > 0 (decisive only),COMPATIBILITY_ONLY_NOT_PRODUCTION,331389.1826,302532.4021,9869.9372,6148,3572,-0.02978352,-0.04995611,-0.01815001,-0.02978352,-9869.9372,331389.1826,OK,0.0000,394.7975,4.0000,96.0000,AG03-UNRESOLVED,ALL5_LEVELS_bet23_to_bet27,394.7975,394.7975,394.7975,592.1962,592.1962,4.000000,4.000000,4.000000,6.000000,6.000000,96.000000,96.000000,96.000000,94.000000,94.000000,5.0,2368.7849,2154.0868,7501.1522,7715.8503,PENDING_AG03,FALSE,NOT_FOR_ENFORCEMENT,9475.1397,290431.1060,9869.9372,9475.1397,394.7975,0.02978352,0.02859218,394.7975,9475.1397,0.02859218,394.7975,394.7975,394.7975,592.1962,592.1962,9475.1397,0.02859218,2368.7849,2154.0868,7501.1522,7715.8503,0.02263548,0.02328335,0.00119134,53.9019,84.6955,2.7631,448.6335,33.5712,15063.1447,162.3636,47.6267,58.3345,10.3857,40.4073,83.0858,124.6287,155.7859,183.9513,20.7715,-10.2195,3.855389,4.552426,1.333965,18,97,34,8,0.36576351,0.02978352,0.04995611,0E-8,0.000000,0.912922,0.000000,-0.03180610,2026-06-13,2026-08-02,22,294,143,51,0.431373,0.816443,0.883581,1.219212,,,,,,,,GLOBAL_BASELINE_NO_ENTITY_RANKING,,,NOT_APPLICABLE_GLOBAL_BASELINE,HF9g-P5,,,,X 全窗基线 · 不参与实体赏罚,15051357,1506,A168_HF9F_20260827_0900,2026-08-27 09:00:00
2026-06-15,151416945,1490,0,882.7866979624,-199.9252227739,-199.9252227739,0.3750000,11,9,0.44876868333332109,0.410616100000,-0.4195066143391711,-0.20477372689012832,-0.4195066143391711,0.03815258333332109,ELIGIBLE,R03b_20260811_FULL_v1,L1_ELIGIBILITY,v2026-08-11,2026-03-21..2026-08-06,baccarat_bet02_101_all_pairs_incl_sentinel,round_win = game_pnl > 0 (decisive only),COMPATIBILITY_ONLY_NOT_PRODUCTION,331389.1826,302532.4021,9869.9372,6148,3572,-0.02978352,-0.04995611,-0.01815001,-0.02978352,-9869.9372,331389.1826,OK,0.0000,394.7975,4.0000,96.0000,AG03-UNRESOLVED,ALL5_LEVELS_bet23_to_bet27,394.7975,394.7975,394.7975,592.1962,592.1962,4.000000,4.000000,4.000000,6.000000,6.000000,96.000000,96.000000,96.000000,94.000000,94.000000,5.0,2368.7849,2154.0868,7501.1522,7715.8503,PENDING_AG03,FALSE,NOT_FOR_ENFORCEMENT,9475.1397,290431.1060,9869.9372,9475.1397,394.7975,0.02978352,0.02859218,394.7975,9475.1397,0.02859218,394.7975,394.7975,394.7975,592.1962,592.1962,9475.1397,0.02859218,2368.7849,2154.0868,7501.1522,7715.8503,0.02263548,0.02328335,0.00119134,53.9019,84.6955,2.7631,448.6335,33.5712,15063.1447,162.3636,47.6267,58.3345,10.3857,40.4073,83.0858,124.6287,155.7859,183.9513,20.7715,-10.2195,3.855389,4.552426,1.333965,18,97,34,8,0.36576351,0.02978352,0.04995611,0E-8,0.000000,0.912922,0.000000,-0.03180610,2026-06-13,2026-08-02,22,294,143,51,0.431373,0.816443,0.883581,1.219212,,,,,,,,GLOBAL_BASELINE_NO_ENTITY_RANKING,,,NOT_APPLICABLE_GLOBAL_BASELINE,HF9g-P5,,,,X 全窗基线 · 不参与实体赏罚,15051358,1506,A168_HF9F_20260827_0900,2026-08-27 09:00:00
2026-06-15,151416945,1505,0,205.6373719959,-124.6287103006,-124.6287103006,0.2500000,4,4,0.49994810000000000,0.499948100000,-0.9997924053861017,-0.9997924053861017,-0.9997924053861017,0E-17,ELIGIBLE,R03b_20260811_FULL_v1,L1_ELIGIBILITY,v2026-08-11,2026-03-21..2026-08-06,baccarat_bet02_101_all_pairs_incl_sentinel,round_win = game_pnl > 0 (decisive only),COMPATIBILITY_ONLY_NOT_PRODUCTION,331389.1826,302532.4021,9869.9372,6148,3572,-0.02978352,-0.04995611,-0.01815001,-0.02978352,-9869.9372,331389.1826,OK,0.0000,394.7975,4.0000,96.0000,AG03-UNRESOLVED,ALL5_LEVELS_bet23_to_bet27,394.7975,394.7975,394.7975,592.1962,592.1962,4.000000,4.000000,4.000000,6.000000,6.000000,96.000000,96.000000,96.000000,94.000000,94.000000,5.0,2368.7849,2154.0868,7501.1522,7715.8503,PENDING_AG03,FALSE,NOT_FOR_ENFORCEMENT,9475.1397,290431.1060,9869.9372,9475.1397,394.7975,0.02978352,0.02859218,394.7975,9475.1397,0.02859218,394.7975,394.7975,394.7975,592.1962,592.1962,9475.1397,0.02859218,2368.7849,2154.0868,7501.1522,7715.8503,0.02263548,0.02328335,0.00119134,53.9019,84.6955,2.7631,448.6335,33.5712,15063.1447,162.3636,47.6267,58.3345,10.3857,40.4073,83.0858,124.6287,155.7859,183.9513,20.7715,-10.2195,3.855389,4.552426,1.333965,18,97,34,8,0.36576351,0.02978352,0.04995611,0E-8,0.000000,0.912922,0.000000,-0.03180610,2026-06-13,2026-08-02,22,294,143,51,0.431373,0.816443,0.883581,1.219212,,,,,,,,GLOBAL_BASELINE_NO_ENTITY_RANKING,,,NOT_APPLICABLE_GLOBAL_BASELINE,HF9g-P5,,,,X 全窗基线 · 不参与实体赏罚,15051359,1506,A168_HF9F_20260827_0900,2026-08-27 09:00:00
2026-06-15,151416945,1646,0,405.0433084768,-280.4145981762,-280.4145981762,0.2500000,5,4,0.49330405499998721,0.450117762500,-0.9733035013610193,-0.804484559023245,-0.9733035013610193,0.04318629249998721,ELIGIBLE,R03b_20260811_FULL_v1,L1_ELIGIBILITY,v2026-08-11,2026-03-21..2026-08-06,baccarat_bet02_101_all_pairs_incl_sentinel,round_win = game_pnl > 0 (decisive only),COMPATIBILITY_ONLY_NOT_PRODUCTION,331389.1826,302532.4021,9869.9372,6148,3572,-0.02978352,-0.04995611,-0.01815001,-0.02978352,-9869.9372,331389.1826,OK,0.0000,394.7975,4.0000,96.0000,AG03-UNRESOLVED,ALL5_LEVELS_bet23_to_bet27,394.7975,394.7975,394.7975,592.1962,592.1962,4.000000,4.000000,4.000000,6.000000,6.000000,96.000000,96.000000,96.000000,94.000000,94.000000,5.0,2368.7849,2154.0868,7501.1522,7715.8503,PENDING_AG03,FALSE,NOT_FOR_ENFORCEMENT,9475.1397,290431.1060,9869.9372,9475.1397,394.7975,0.02978352,0.02859218,394.7975,9475.1397,0.02859218,394.7975,394.7975,394.7975,592.1962,592.1962,9475.1397,0.02859218,2368.7849,2154.0868,7501.1522,7715.8503,0.02263548,0.02328335,0.00119134,53.9019,84.6955,2.7631,448.6335,33.5712,15063.1447,162.3636,47.6267,58.3345,10.3857,40.4073,83.0858,124.6287,155.7859,183.9513,20.7715,-10.2195,3.855389,4.552426,1.333965,18,97,34,8,0.36576351,0.02978352,0.04995611,0E-8,0.000000,0.912922,0.000000,-0.03180610,2026-06-13,2026-08-02,22,294,143,51,0.431373,0.816443,0.883581,1.219212,,,,,,,,GLOBAL_BASELINE_NO_ENTITY_RANKING,,,NOT_APPLICABLE_GLOBAL_BASELINE,HF9g-P5,,,,X 全窗基线 · 不参与实体赏罚,15051360,1506,A168_HF9F_20260827_0900,2026-08-27 09:00:00
2026-06-15,151416945,1704,0,614.2118272646,-139.2518123092,-139.2518123092,0.5384615,20,16,0.47860264156245590,0.449698850000,0.43204444588637264,0.6433406969858054,0.43204444588637264,0.02890379156245590,ELIGIBLE,R03b_20260811_FULL_v1,L1_ELIGIBILITY,v2026-08-11,2026-03-21..2026-08-06,baccarat_bet02_101_all_pairs_incl_sentinel,round_win = game_pnl > 0 (decisive only),COMPATIBILITY_ONLY_NOT_PRODUCTION,331389.1826,302532.4021,9869.9372,6148,3572,-0.02978352,-0.04995611,-0.01815001,-0.02978352,-9869.9372,331389.1826,OK,0.0000,394.7975,4.0000,96.0000,AG03-UNRESOLVED,ALL5_LEVELS_bet23_to_bet27,394.7975,394.7975,394.7975,592.1962,592.1962,4.000000,4.000000,4.000000,6.000000,6.000000,96.000000,96.000000,96.000000,94.000000,94.000000,5.0,2368.7849,2154.0868,7501.1522,7715.8503,PENDING_AG03,FALSE,NOT_FOR_ENFORCEMENT,9475.1397,290431.1060,9869.9372,9475.1397,394.7975,0.02978352,0.02859218,394.7975,9475.1397,0.02859218,394.7975,394.7975,394.7975,592.1962,592.1962,9475.1397,0.02859218,2368.7849,2154.0868,7501.1522,7715.8503,0.02263548,0.02328335,0.00119134,53.9019,84.6955,2.7631,448.6335,33.5712,15063.1447,162.3636,47.6267,58.3345,10.3857,40.4073,83.0858,124.6287,155.7859,183.9513,20.7715,-10.2195,3.855389,4.552426,1.333965,18,97,34,8,0.36576351,0.02978352,0.04995611,0E-8,0.000000,0.912922,0.000000,-0.03180610,2026-06-13,2026-08-02,22,294,143,51,0.431373,0.816443,0.883581,1.219212,,,,,,,,GLOBAL_BASELINE_NO_ENTITY_RANKING,,,NOT_APPLICABLE_GLOBAL_BASELINE,HF9g-P5,,,,X 全窗基线 · 不参与实体赏罚,15051361,1506,A168_HF9F_20260827_0900,2026-08-27 09:00:00
2026-06-15,151416945,1710,0,3406.5180815503,-716.0957979366,-716.0957979366,0.4210526,65,21,0.44046651525176387,0.303285419728,-0.1704589203851472,1.116729472032697,-0.1704589203851472,0.13718109552376387,ELIGIBLE,R03b_20260811_FULL_v1,L1_ELIGIBILITY,v2026-08-11,2026-03-21..2026-08-06,baccarat_bet02_101_all_pairs_incl_sentinel,round_win = game_pnl > 0 (decisive only),COMPATIBILITY_ONLY_NOT_PRODUCTION,331389.1826,302532.4021,9869.9372,6148,3572,-0.02978352,-0.04995611,-0.01815001,-0.02978352,-9869.9372,331389.1826,OK,0.0000,394.7975,4.0000,96.0000,AG03-UNRESOLVED,ALL5_LEVELS_bet23_to_bet27,394.7975,394.7975,394.7975,592.1962,592.1962,4.000000,4.000000,4.000000,6.000000,6.000000,96.000000,96.000000,96.000000,94.000000,94.000000,5.0,2368.7849,2154.0868,7501.1522,7715.8503,PENDING_AG03,FALSE,NOT_FOR_ENFORCEMENT,9475.1397,290431.1060,9869.9372,9475.1397,394.7975,0.02978352,0.02859218,394.7975,9475.1397,0.02859218,394.7975,394.7975,394.7975,592.1962,592.1962,9475.1397,0.02859218,2368.7849,2154.0868,7501.1522,7715.8503,0.02263548,0.02328335,0.00119134,53.9019,84.6955,2.7631,448.6335,33.5712,15063.1447,162.3636,47.6267,58.3345,10.3857,40.4073,83.0858,124.6287,155.7859,183.9513,20.7715,-10.2195,3.855389,4.552426,1.333965,18,97,34,8,0.36576351,0.02978352,0.04995611,0E-8,0.000000,0.912922,0.000000,-0.03180610,2026-06-13,2026-08-02,22,294,143,51,0.431373,0.816443,0.883581,1.219212,,,,,,,,GLOBAL_BASELINE_NO_ENTITY_RANKING,,,NOT_APPLICABLE_GLOBAL_BASELINE,HF9g-P5,,,,X 全窗基线 · 不参与实体赏罚,15051362,1506,A168_HF9F_20260827_0900,2026-08-27 09:00:00
2026-06-15,151416945,1985,0,1360.5300874480,-540.0577446360,-540.0577446360,0.4000000,16,10,0.46933776670449422,0.377674250000,-0.43935746314626534,0.1456258535758596,-0.43935746314626534,0.09166351670449422,ELIGIBLE,R03b_20260811_FULL_v1,L1_ELIGIBILITY,v2026-08-11,2026-03-21..2026-08-06,baccarat_bet02_101_all_pairs_incl_sentinel,round_win = game_pnl > 0 (decisive only),COMPATIBILITY_ONLY_NOT_PRODUCTION,331389.1826,302532.4021,9869.9372,6148,3572,-0.02978352,-0.04995611,-0.01815001,-0.02978352,-9869.9372,331389.1826,OK,0.0000,394.7975,4.0000,96.0000,AG03-UNRESOLVED,ALL5_LEVELS_bet23_to_bet27,394.7975,394.7975,394.7975,592.1962,592.1962,4.000000,4.000000,4.000000,6.000000,6.000000,96.000000,96.000000,96.000000,94.000000,94.000000,5.0,2368.7849,2154.0868,7501.1522,7715.8503,PENDING_AG03,FALSE,NOT_FOR_ENFORCEMENT,9475.1397,290431.1060,9869.9372,9475.1397,394.7975,0.02978352,0.02859218,394.7975,9475.1397,0.02859218,394.7975,394.7975,394.7975,592.1962,592.1962,9475.1397,0.02859218,2368.7849,2154.0868,7501.1522,7715.8503,0.02263548,0.02328335,0.00119134,53.9019,84.6955,2.7631,448.6335,33.5712,15063.1447,162.3636,47.6267,58.3345,10.3857,40.4073,83.0858,124.6287,155.7859,183.9513,20.7715,-10.2195,3.855389,4.552426,1.333965,18,97,34,8,0.36576351,0.02978352,0.04995611,0E-8,0.000000,0.912922,0.000000,-0.03180610,2026-06-13,2026-08-02,22,294,143,51,0.431373,0.816443,0.883581,1.219212,,,,,,,,GLOBAL_BASELINE_NO_ENTITY_RANKING,,,NOT_APPLICABLE_GLOBAL_BASELINE,HF9g-P5,,,,X 全窗基线 · 不参与实体赏罚,15051363,1506,A168_HF9F_20260827_0900,2026-08-27 09:00:00
2026-06-15,151416945,1990,0,2513.3456577284,369.7318405581,369.7318405581,0.5925926,47,28,0.45112211107705836,0.346148273214,1.4772799001522792,2.6917205603559333,1.4772799001522792,0.10497383786305836,ELIGIBLE,R03b_20260811_FULL_v1,L1_ELIGIBILITY,v2026-08-11,2026-03-21..2026-08-06,baccarat_bet02_101_all_pairs_incl_sentinel,round_win = game_pnl > 0 (decisive only),COMPATIBILITY_ONLY_NOT_PRODUCTION,331389.1826,302532.4021,9869.9372,6148,3572,-0.02978352,-0.04995611,-0.01815001,-0.02978352,-9869.9372,331389.1826,OK,0.0000,394.7975,4.0000,96.0000,AG03-UNRESOLVED,ALL5_LEVELS_bet23_to_bet27,394.7975,394.7975,394.7975,592.1962,592.1962,4.000000,4.000000,4.000000,6.000000,6.000000,96.000000,96.000000,96.000000,94.000000,94.000000,5.0,2368.7849,2154.0868,7501.1522,7715.8503,PENDING_AG03,FALSE,NOT_FOR_ENFORCEMENT,9475.1397,290431.1060,9869.9372,9475.1397,394.7975,0.02978352,0.02859218,394.7975,9475.1397,0.02859218,394.7975,394.7975,394.7975,592.1962,592.1962,9475.1397,0.02859218,2368.7849,2154.0868,7501.1522,7715.8503,0.02263548,0.02328335,0.00119134,53.9019,84.6955,2.7631,448.6335,33.5712,15063.1447,162.3636,47.6267,58.3345,10.3857,40.4073,83.0858,124.6287,155.7859,183.9513,20.7715,-10.2195,3.855389,4.552426,1.333965,18,97,34,8,0.36576351,0.02978352,0.04995611,0E-8,0.000000,0.912922,0.000000,-0.03180610,2026-06-13,2026-08-02,22,294,143,51,0.431373,0.816443,0.883581,1.219212,,,,,,,,GLOBAL_BASELINE_NO_ENTITY_RANKING,,,NOT_APPLICABLE_GLOBAL_BASELINE,HF9g-P5,,,,X 全窗基线 · 不参与实体赏罚,15051364,1506,A168_HF9F_20260827_0900,2026-08-27 09:00:00
2026-06-15,151416945,2115,0,1136.1984089067,28.5607461106,28.5607461106,0.6250000,11,8,0.49058146676030948,0.424364768750,0.7605209927002431,1.1481770092852555,0.7605209927002431,0.06621669801030948,ELIGIBLE,R03b_20260811_FULL_v1,L1_ELIGIBILITY,v2026-08-11,2026-03-21..2026-08-06,baccarat_bet02_101_all_pairs_incl_sentinel,round_win = game_pnl > 0 (decisive only),COMPATIBILITY_ONLY_NOT_PRODUCTION,331389.1826,302532.4021,9869.9372,6148,3572,-0.02978352,-0.04995611,-0.01815001,-0.02978352,-9869.9372,331389.1826,OK,0.0000,394.7975,4.0000,96.0000,AG03-UNRESOLVED,ALL5_LEVELS_bet23_to_bet27,394.7975,394.7975,394.7975,592.1962,592.1962,4.000000,4.000000,4.000000,6.000000,6.000000,96.000000,96.000000,96.000000,94.000000,94.000000,5.0,2368.7849,2154.0868,7501.1522,7715.8503,PENDING_AG03,FALSE,NOT_FOR_ENFORCEMENT,9475.1397,290431.1060,9869.9372,9475.1397,394.7975,0.02978352,0.02859218,394.7975,9475.1397,0.02859218,394.7975,394.7975,394.7975,592.1962,592.1962,9475.1397,0.02859218,2368.7849,2154.0868,7501.1522,7715.8503,0.02263548,0.02328335,0.00119134,53.9019,84.6955,2.7631,448.6335,33.5712,15063.1447,162.3636,47.6267,58.3345,10.3857,40.4073,83.0858,124.6287,155.7859,183.9513,20.7715,-10.2195,3.855389,4.552426,1.333965,18,97,34,8,0.36576351,0.02978352,0.04995611,0E-8,0.000000,0.912922,0.000000,-0.03180610,2026-06-13,2026-08-02,22,294,143,51,0.431373,0.816443,0.883581,1.219212,,,,,,,,GLOBAL_BASELINE_NO_ENTITY_RANKING,,,NOT_APPLICABLE_GLOBAL_BASELINE,HF9g-P5,,,,X 全窗基线 · 不参与实体赏罚,15051365,1506,A168_HF9F_20260827_0900,2026-08-27 09:00:00
2026-06-15,151416945,2212,0,22.6408823713,-22.6408823713,-22.6408823713,0E-7,1,1,0.49324550000000000,0.493245500000,-0.9865810262130424,-0.9865810262130424,-0.9865810262130424,0E-17,ELIGIBLE,R03b_20260811_FULL_v1,L1_ELIGIBILITY,v2026-08-11,2026-03-21..2026-08-06,baccarat_bet02_101_all_pairs_incl_sentinel,round_win = game_pnl > 0 (decisive only),COMPATIBILITY_ONLY_NOT_PRODUCTION,331389.1826,302532.4021,9869.9372,6148,3572,-0.02978352,-0.04995611,-0.01815001,-0.02978352,-9869.9372,331389.1826,OK,0.0000,394.7975,4.0000,96.0000,AG03-UNRESOLVED,ALL5_LEVELS_bet23_to_bet27,394.7975,394.7975,394.7975,592.1962,592.1962,4.000000,4.000000,4.000000,6.000000,6.000000,96.000000,96.000000,96.000000,94.000000,94.000000,5.0,2368.7849,2154.0868,7501.1522,7715.8503,PENDING_AG03,FALSE,NOT_FOR_ENFORCEMENT,9475.1397,290431.1060,9869.9372,9475.1397,394.7975,0.02978352,0.02859218,394.7975,9475.1397,0.02859218,394.7975,394.7975,394.7975,592.1962,592.1962,9475.1397,0.02859218,2368.7849,2154.0868,7501.1522,7715.8503,0.02263548,0.02328335,0.00119134,53.9019,84.6955,2.7631,448.6335,33.5712,15063.1447,162.3636,47.6267,58.3345,10.3857,40.4073,83.0858,124.6287,155.7859,183.9513,20.7715,-10.2195,3.855389,4.552426,1.333965,18,97,34,8,0.36576351,0.02978352,0.04995611,0E-8,0.000000,0.912922,0.000000,-0.03180610,2026-06-13,2026-08-02,22,294,143,51,0.431373,0.816443,0.883581,1.219212,,,,,,,,GLOBAL_BASELINE_NO_ENTITY_RANKING,,,NOT_APPLICABLE_GLOBAL_BASELINE,HF9g-P5,,,,X 全窗基线 · 不参与实体赏罚,15051366,1506,A168_HF9F_20260827_0900,2026-08-27 09:00:00
2026-06-15,151416945,2229,0,388.4261471036,108.5308352201,108.5308352201,0.6666667,8,6,0.48378730446426189,0.433507650000,0.8963936044943484,1.1524774396999453,0.8963936044943484,0.05027965446426189,ELIGIBLE,R03b_20260811_FULL_v1,L1_ELIGIBILITY,v2026-08-11,2026-03-21..2026-08-06,baccarat_bet02_101_all_pairs_incl_sentinel,round_win = game_pnl > 0 (decisive only),COMPATIBILITY_ONLY_NOT_PRODUCTION,331389.1826,302532.4021,9869.9372,6148,3572,-0.02978352,-0.04995611,-0.01815001,-0.02978352,-9869.9372,331389.1826,OK,0.0000,394.7975,4.0000,96.0000,AG03-UNRESOLVED,ALL5_LEVELS_bet23_to_bet27,394.7975,394.7975,394.7975,592.1962,592.1962,4.000000,4.000000,4.000000,6.000000,6.000000,96.000000,96.000000,96.000000,94.000000,94.000000,5.0,2368.7849,2154.0868,7501.1522,7715.8503,PENDING_AG03,FALSE,NOT_FOR_ENFORCEMENT,9475.1397,290431.1060,9869.9372,9475.1397,394.7975,0.02978352,0.02859218,394.7975,9475.1397,0.02859218,394.7975,394.7975,394.7975,592.1962,592.1962,9475.1397,0.02859218,2368.7849,2154.0868,7501.1522,7715.8503,0.02263548,0.02328335,0.00119134,53.9019,84.6955,2.7631,448.6335,33.5712,15063.1447,162.3636,47.6267,58.3345,10.3857,40.4073,83.0858,124.6287,155.7859,183.9513,20.7715,-10.2195,3.855389,4.552426,1.333965,18,97,34,8,0.36576351,0.02978352,0.04995611,0E-8,0.000000,0.912922,0.000000,-0.03180610,2026-06-13,2026-08-02,22,294,143,51,0.431373,0.816443,0.883581,1.219212,,,,,,,,GLOBAL_BASELINE_NO_ENTITY_RANKING,,,NOT_APPLICABLE_GLOBAL_BASELINE,HF9g-P5,,,,X 全窗基线 · 不参与实体赏罚,15051367,1506,A168_HF9F_20260827_0900,2026-08-27 09:00:00
2026-06-15,151416945,2233,0,554.5977608375,62.8336414432,62.8336414432,0.6666667,7,4,0.47183378774349503,0.345430137500,0.675994323435362,1.1701120090770034,0.675994323435362,0.12640365024349503,ELIGIBLE,R03b_20260811_FULL_v1,L1_ELIGIBILITY,v2026-08-11,2026-03-21..2026-08-06,baccarat_bet02_101_all_pairs_incl_sentinel,round_win = game_pnl > 0 (decisive only),COMPATIBILITY_ONLY_NOT_PRODUCTION,331389.1826,302532.4021,9869.9372,6148,3572,-0.02978352,-0.04995611,-0.01815001,-0.02978352,-9869.9372,331389.1826,OK,0.0000,394.7975,4.0000,96.0000,AG03-UNRESOLVED,ALL5_LEVELS_bet23_to_bet27,394.7975,394.7975,394.7975,592.1962,592.1962,4.000000,4.000000,4.000000,6.000000,6.000000,96.000000,96.000000,96.000000,94.000000,94.000000,5.0,2368.7849,2154.0868,7501.1522,7715.8503,PENDING_AG03,FALSE,NOT_FOR_ENFORCEMENT,9475.1397,290431.1060,9869.9372,9475.1397,394.7975,0.02978352,0.02859218,394.7975,9475.1397,0.02859218,394.7975,394.7975,394.7975,592.1962,592.1962,9475.1397,0.02859218,2368.7849,2154.0868,7501.1522,7715.8503,0.02263548,0.02328335,0.00119134,53.9019,84.6955,2.7631,448.6335,33.5712,15063.1447,162.3636,47.6267,58.3345,10.3857,40.4073,83.0858,124.6287,155.7859,183.9513,20.7715,-10.2195,3.855389,4.552426,1.333965,18,97,34,8,0.36576351,0.02978352,0.04995611,0E-8,0.000000,0.912922,0.000000,-0.03180610,2026-06-13,2026-08-02,22,294,143,51,0.431373,0.816443,0.883581,1.219212,,,,,,,,GLOBAL_BASELINE_NO_ENTITY_RANKING,,,NOT_APPLICABLE_GLOBAL_BASELINE,HF9g-P5,,,,X 全窗基线 · 不参与实体赏罚,15051368,1506,A168_HF9F_20260827_0900,2026-08-27 09:00:00
2026-06-15,151416945,2267,0,1277.4442805810,563.9449141098,563.9449141098,0.8000000,20,10,0.45657675342920822,0.295264670000,2.1802368981767417,3.4990080434113557,2.1802368981767417,0.16131208342920822,ELIGIBLE,R03b_20260811_FULL_v1,L1_ELIGIBILITY,v2026-08-11,2026-03-21..2026-08-06,baccarat_bet02_101_all_pairs_incl_sentinel,round_win = game_pnl > 0 (decisive only),COMPATIBILITY_ONLY_NOT_PRODUCTION,331389.1826,302532.4021,9869.9372,6148,3572,-0.02978352,-0.04995611,-0.01815001,-0.02978352,-9869.9372,331389.1826,OK,0.0000,394.7975,4.0000,96.0000,AG03-UNRESOLVED,ALL5_LEVELS_bet23_to_bet27,394.7975,394.7975,394.7975,592.1962,592.1962,4.000000,4.000000,4.000000,6.000000,6.000000,96.000000,96.000000,96.000000,94.000000,94.000000,5.0,2368.7849,2154.0868,7501.1522,7715.8503,PENDING_AG03,FALSE,NOT_FOR_ENFORCEMENT,9475.1397,290431.1060,9869.9372,9475.1397,394.7975,0.02978352,0.02859218,394.7975,9475.1397,0.02859218,394.7975,394.7975,394.7975,592.1962,592.1962,9475.1397,0.02859218,2368.7849,2154.0868,7501.1522,7715.8503,0.02263548,0.02328335,0.00119134,53.9019,84.6955,2.7631,448.6335,33.5712,15063.1447,162.3636,47.6267,58.3345,10.3857,40.4073,83.0858,124.6287,155.7859,183.9513,20.7715,-10.2195,3.855389,4.552426,1.333965,18,97,34,8,0.36576351,0.02978352,0.04995611,0E-8,0.000000,0.912922,0.000000,-0.03180610,2026-06-13,2026-08-02,22,294,143,51,0.431373,0.816443,0.883581,1.219212,,,,,,,,GLOBAL_BASELINE_NO_ENTITY_RANKING,,,NOT_APPLICABLE_GLOBAL_BASELINE,HF9g-P5,,,,X 全窗基线 · 不参与实体赏罚,15051369,1506,A168_HF9F_20260827_0900,2026-08-27 09:00:00
2026-06-15,151416945,772,0,633.5292773611,-315.2067798018,-315.2067798018,0.3333333,13,10,0.48462091571426323,0.438811175000,-0.9081551828244341,-0.6376599526060216,-0.9081551828244341,0.04580974071426323,ELIGIBLE,R03b_20260811_FULL_v1,L1_ELIGIBILITY,v2026-08-11,2026-03-21..2026-08-06,baccarat_bet02_101_all_pairs_incl_sentinel,round_win = game_pnl > 0 (decisive only),COMPATIBILITY_ONLY_NOT_PRODUCTION,331389.1826,302532.4021,9869.9372,6148,3572,-0.02978352,-0.04995611,-0.01815001,-0.02978352,-9869.9372,331389.1826,OK,0.0000,394.7975,4.0000,96.0000,AG03-UNRESOLVED,ALL5_LEVELS_bet23_to_bet27,394.7975,394.7975,394.7975,592.1962,592.1962,4.000000,4.000000,4.000000,6.000000,6.000000,96.000000,96.000000,96.000000,94.000000,94.000000,5.0,2368.7849,2154.0868,7501.1522,7715.8503,PENDING_AG03,FALSE,NOT_FOR_ENFORCEMENT,9475.1397,290431.1060,9869.9372,9475.1397,394.7975,0.02978352,0.02859218,394.7975,9475.1397,0.02859218,394.7975,394.7975,394.7975,592.1962,592.1962,9475.1397,0.02859218,2368.7849,2154.0868,7501.1522,7715.8503,0.02263548,0.02328335,0.00119134,53.9019,84.6955,2.7631,448.6335,33.5712,15063.1447,162.3636,47.6267,58.3345,10.3857,40.4073,83.0858,124.6287,155.7859,183.9513,20.7715,-10.2195,3.855389,4.552426,1.333965,18,97,34,8,0.36576351,0.02978352,0.04995611,0E-8,0.000000,0.912922,0.000000,-0.03180610,2026-06-13,2026-08-02,22,294,143,51,0.431373,0.816443,0.883581,1.219212,,,,,,,,GLOBAL_BASELINE_NO_ENTITY_RANKING,,,NOT_APPLICABLE_GLOBAL_BASELINE,HF9g-P5,,,,X 全窗基线 · 不参与实体赏罚,15051370,1506,A168_HF9F_20260827_0900,2026-08-27 09:00:00
2026-06-17,151416945,1151,0,549.4048979084,-145.4001620174,-145.4001620174,0.3846154,18,13,0.47514652981663334,0.421223703846,-0.6536373685459609,-0.2673250745785603,-0.6536373685459609,0.05392282597063334,ELIGIBLE,R03b_20260811_FULL_v1,L1_ELIGIBILITY,v2026-08-11,2026-03-21..2026-08-06,baccarat_bet02_101_all_pairs_incl_sentinel,round_win = game_pnl > 0 (decisive only),COMPATIBILITY_ONLY_NOT_PRODUCTION,331389.1826,302532.4021,9869.9372,6148,3572,-0.02978352,-0.04995611,-0.01815001,-0.02978352,-9869.9372,331389.1826,OK,0.0000,394.7975,4.0000,96.0000,AG03-UNRESOLVED,ALL5_LEVELS_bet23_to_bet27,394.7975,394.7975,394.7975,592.1962,592.1962,4.000000,4.000000,4.000000,6.000000,6.000000,96.000000,96.000000,96.000000,94.000000,94.000000,5.0,2368.7849,2154.0868,7501.1522,7715.8503,PENDING_AG03,FALSE,NOT_FOR_ENFORCEMENT,9475.1397,290431.1060,9869.9372,9475.1397,394.7975,0.02978352,0.02859218,394.7975,9475.1397,0.02859218,394.7975,394.7975,394.7975,592.1962,592.1962,9475.1397,0.02859218,2368.7849,2154.0868,7501.1522,7715.8503,0.02263548,0.02328335,0.00119134,53.9019,84.6955,2.7631,448.6335,33.5712,15063.1447,162.3636,47.6267,58.3345,10.3857,40.4073,83.0858,124.6287,155.7859,183.9513,20.7715,-10.2195,3.855389,4.552426,1.333965,18,97,34,8,0.36576351,0.02978352,0.04995611,0E-8,0.000000,0.912922,0.000000,-0.03180610,2026-06-13,2026-08-02,22,294,143,51,0.431373,0.816443,0.883581,1.219212,,,,,,,,GLOBAL_BASELINE_NO_ENTITY_RANKING,,,NOT_APPLICABLE_GLOBAL_BASELINE,HF9g-P5,,,,X 全窗基线 · 不参与实体赏罚,15051371,1506,A168_HF9F_20260827_0900,2026-08-27 09:00:00
2026-06-17,151416945,1402,0,46.7357663627,-46.7357663627,-46.7357663627,0E-7,2,1,0.41508449999980408,0.300626750000,-0.842406468785604,-0.655630731788307,-0.842406468785604,0.11445774999980408,ELIGIBLE,R03b_20260811_FULL_v1,L1_ELIGIBILITY,v2026-08-11,2026-03-21..2026-08-06,baccarat_bet02_101_all_pairs_incl_sentinel,round_win = game_pnl > 0 (decisive only),COMPATIBILITY_ONLY_NOT_PRODUCTION,331389.1826,302532.4021,9869.9372,6148,3572,-0.02978352,-0.04995611,-0.01815001,-0.02978352,-9869.9372,331389.1826,OK,0.0000,394.7975,4.0000,96.0000,AG03-UNRESOLVED,ALL5_LEVELS_bet23_to_bet27,394.7975,394.7975,394.7975,592.1962,592.1962,4.000000,4.000000,4.000000,6.000000,6.000000,96.000000,96.000000,96.000000,94.000000,94.000000,5.0,2368.7849,2154.0868,7501.1522,7715.8503,PENDING_AG03,FALSE,NOT_FOR_ENFORCEMENT,9475.1397,290431.1060,9869.9372,9475.1397,394.7975,0.02978352,0.02859218,394.7975,9475.1397,0.02859218,394.7975,394.7975,394.7975,592.1962,592.1962,9475.1397,0.02859218,2368.7849,2154.0868,7501.1522,7715.8503,0.02263548,0.02328335,0.00119134,53.9019,84.6955,2.7631,448.6335,33.5712,15063.1447,162.3636,47.6267,58.3345,10.3857,40.4073,83.0858,124.6287,155.7859,183.9513,20.7715,-10.2195,3.855389,4.552426,1.333965,18,97,34,8,0.36576351,0.02978352,0.04995611,0E-8,0.000000,0.912922,0.000000,-0.03180610,2026-06-13,2026-08-02,22,294,143,51,0.431373,0.816443,0.883581,1.219212,,,,,,,,GLOBAL_BASELINE_NO_ENTITY_RANKING,,,NOT_APPLICABLE_GLOBAL_BASELINE,HF9g-P5,,,,X 全窗基线 · 不参与实体赏罚,15051372,1506,A168_HF9F_20260827_0900,2026-08-27 09:00:00
2026-06-17,151416945,1704,0,1454.0016201736,436.2004860518,436.2004860518,0.6363636,21,11,0.43659481021635922,0.313262927273,1.3359012437920603,2.3103857982521863,1.3359012437920603,0.12333188294335922,ELIGIBLE,R03b_20260811_FULL_v1,L1_ELIGIBILITY,v2026-08-11,2026-03-21..2026-08-06,baccarat_bet02_101_all_pairs_incl_sentinel,round_win = game_pnl > 0 (decisive only),COMPATIBILITY_ONLY_NOT_PRODUCTION,331389.1826,302532.4021,9869.9372,6148,3572,-0.02978352,-0.04995611,-0.01815001,-0.02978352,-9869.9372,331389.1826,OK,0.0000,394.7975,4.0000,96.0000,AG03-UNRESOLVED,ALL5_LEVELS_bet23_to_bet27,394.7975,394.7975,394.7975,592.1962,592.1962,4.000000,4.000000,4.000000,6.000000,6.000000,96.000000,96.000000,96.000000,94.000000,94.000000,5.0,2368.7849,2154.0868,7501.1522,7715.8503,PENDING_AG03,FALSE,NOT_FOR_ENFORCEMENT,9475.1397,290431.1060,9869.9372,9475.1397,394.7975,0.02978352,0.02859218,394.7975,9475.1397,0.02859218,394.7975,394.7975,394.7975,592.1962,592.1962,9475.1397,0.02859218,2368.7849,2154.0868,7501.1522,7715.8503,0.02263548,0.02328335,0.00119134,53.9019,84.6955,2.7631,448.6335,33.5712,15063.1447,162.3636,47.6267,58.3345,10.3857,40.4073,83.0858,124.6287,155.7859,183.9513,20.7715,-10.2195,3.855389,4.552426,1.333965,18,97,34,8,0.36576351,0.02978352,0.04995611,0E-8,0.000000,0.912922,0.000000,-0.03180610,2026-06-13,2026-08-02,22,294,143,51,0.431373,0.816443,0.883581,1.219212,,,,,,,,GLOBAL_BASELINE_NO_ENTITY_RANKING,,,NOT_APPLICABLE_GLOBAL_BASELINE,HF9g-P5,,,,X 全窗基线 · 不参与实体赏罚,15051373,1506,A168_HF9F_20260827_0900,2026-08-27 09:00:00
2026-06-17,151416945,1710,0,1620.1732339077,563.9449141098,563.9449141098,0.8000000,20,10,0.45150047309514896,0.299956490000,2.214547293055359,3.4507710561338687,2.214547293055359,0.15154398309514896,ELIGIBLE,R03b_20260811_FULL_v1,L1_ELIGIBILITY,v2026-08-11,2026-03-21..2026-08-06,baccarat_bet02_101_all_pairs_incl_sentinel,round_win = game_pnl > 0 (decisive only),COMPATIBILITY_ONLY_NOT_PRODUCTION,331389.1826,302532.4021,9869.9372,6148,3572,-0.02978352,-0.04995611,-0.01815001,-0.02978352,-9869.9372,331389.1826,OK,0.0000,394.7975,4.0000,96.0000,AG03-UNRESOLVED,ALL5_LEVELS_bet23_to_bet27,394.7975,394.7975,394.7975,592.1962,592.1962,4.000000,4.000000,4.000000,6.000000,6.000000,96.000000,96.000000,96.000000,94.000000,94.000000,5.0,2368.7849,2154.0868,7501.1522,7715.8503,PENDING_AG03,FALSE,NOT_FOR_ENFORCEMENT,9475.1397,290431.1060,9869.9372,9475.1397,394.7975,0.02978352,0.02859218,394.7975,9475.1397,0.02859218,394.7975,394.7975,394.7975,592.1962,592.1962,9475.1397,0.02859218,2368.7849,2154.0868,7501.1522,7715.8503,0.02263548,0.02328335,0.00119134,53.9019,84.6955,2.7631,448.6335,33.5712,15063.1447,162.3636,47.6267,58.3345,10.3857,40.4073,83.0858,124.6287,155.7859,183.9513,20.7715,-10.2195,3.855389,4.552426,1.333965,18,97,34,8,0.36576351,0.02978352,0.04995611,0E-8,0.000000,0.912922,0.000000,-0.03180610,2026-06-13,2026-08-02,22,294,143,51,0.431373,0.816443,0.883581,1.219212,,,,,,,,GLOBAL_BASELINE_NO_ENTITY_RANKING,,,NOT_APPLICABLE_GLOBAL_BASELINE,HF9g-P5,,,,X 全窗基线 · 不参与实体赏罚,15051374,1506,A168_HF9F_20260827_0900,2026-08-27 09:00:00
2026-06-17,151416945,2115,0,1859.0449286505,477.7433894851,477.7433894851,0.6666667,29,15,0.44369245207132846,0.312574320000,1.738208125572002,2.9585073058195257,1.738208125572002,0.13111813207132846,ELIGIBLE,R03b_20260811_FULL_v1,L1_ELIGIBILITY,v2026-08-11,2026-03-21..2026-08-06,baccarat_bet02_101_all_pairs_incl_sentinel,round_win = game_pnl > 0 (decisive only),COMPATIBILITY_ONLY_NOT_PRODUCTION,331389.1826,302532.4021,9869.9372,6148,3572,-0.02978352,-0.04995611,-0.01815001,-0.02978352,-9869.9372,331389.1826,OK,0.0000,394.7975,4.0000,96.0000,AG03-UNRESOLVED,ALL5_LEVELS_bet23_to_bet27,394.7975,394.7975,394.7975,592.1962,592.1962,4.000000,4.000000,4.000000,6.000000,6.000000,96.000000,96.000000,96.000000,94.000000,94.000000,5.0,2368.7849,2154.0868,7501.1522,7715.8503,PENDING_AG03,FALSE,NOT_FOR_ENFORCEMENT,9475.1397,290431.1060,9869.9372,9475.1397,394.7975,0.02978352,0.02859218,394.7975,9475.1397,0.02859218,394.7975,394.7975,394.7975,592.1962,592.1962,9475.1397,0.02859218,2368.7849,2154.0868,7501.1522,7715.8503,0.02263548,0.02328335,0.00119134,53.9019,84.6955,2.7631,448.6335,33.5712,15063.1447,162.3636,47.6267,58.3345,10.3857,40.4073,83.0858,124.6287,155.7859,183.9513,20.7715,-10.2195,3.855389,4.552426,1.333965,18,97,34,8,0.36576351,0.02978352,0.04995611,0E-8,0.000000,0.912922,0.000000,-0.03180610,2026-06-13,2026-08-02,22,294,143,51,0.431373,0.816443,0.883581,1.219212,,,,,,,,GLOBAL_BASELINE_NO_ENTITY_RANKING,,,NOT_APPLICABLE_GLOBAL_BASELINE,HF9g-P5,,,,X 全窗基线 · 不参与实体赏罚,15051375,1506,A168_HF9F_20260827_0900,2026-08-27 09:00:00
2026-06-17,151416945,2127,0,591.9863739279,436.2004860517,436.2004860517,0.8888889,17,9,0.44023635198404550,0.316815700000,2.7113531429533753,3.688931261276039,2.7113531429533753,0.12342065198404550,ELIGIBLE,R03b_20260811_FULL_v1,L1_ELIGIBILITY,v2026-08-11,2026-03-21..2026-08-06,baccarat_bet02_101_all_pairs_incl_sentinel,round_win = game_pnl > 0 (decisive only),COMPATIBILITY_ONLY_NOT_PRODUCTION,331389.1826,302532.4021,9869.9372,6148,3572,-0.02978352,-0.04995611,-0.01815001,-0.02978352,-9869.9372,331389.1826,OK,0.0000,394.7975,4.0000,96.0000,AG03-UNRESOLVED,ALL5_LEVELS_bet23_to_bet27,394.7975,394.7975,394.7975,592.1962,592.1962,4.000000,4.000000,4.000000,6.000000,6.000000,96.000000,96.000000,96.000000,94.000000,94.000000,5.0,2368.7849,2154.0868,7501.1522,7715.8503,PENDING_AG03,FALSE,NOT_FOR_ENFORCEMENT,9475.1397,290431.1060,9869.9372,9475.1397,394.7975,0.02978352,0.02859218,394.7975,9475.1397,0.02859218,394.7975,394.7975,394.7975,592.1962,592.1962,9475.1397,0.02859218,2368.7849,2154.0868,7501.1522,7715.8503,0.02263548,0.02328335,0.00119134,53.9019,84.6955,2.7631,448.6335,33.5712,15063.1447,162.3636,47.6267,58.3345,10.3857,40.4073,83.0858,124.6287,155.7859,183.9513,20.7715,-10.2195,3.855389,4.552426,1.333965,18,97,34,8,0.36576351,0.02978352,0.04995611,0E-8,0.000000,0.912922,0.000000,-0.03180610,2026-06-13,2026-08-02,22,294,143,51,0.431373,0.816443,0.883581,1.219212,,,,,,,,GLOBAL_BASELINE_NO_ENTITY_RANKING,,,NOT_APPLICABLE_GLOBAL_BASELINE,HF9g-P5,,,,X 全窗基线 · 不参与实体赏罚,15051376,1506,A168_HF9F_20260827_0900,2026-08-27 09:00:00
2026-06-17,151416945,2145,0,218.1002430260,25.9643146459,25.9643146459,0.6666667,5,4,0.48571086071426613,0.450117762500,0.6271054361274687,0.7539085982864823,0.6271054361274687,0.03559309821426613,ELIGIBLE,R03b_20260811_FULL_v1,L1_ELIGIBILITY,v2026-08-11,2026-03-21..2026-08-06,baccarat_bet02_101_all_pairs_incl_sentinel,round_win = game_pnl > 0 (decisive only),COMPATIBILITY_ONLY_NOT_PRODUCTION,331389.1826,302532.4021,9869.9372,6148,3572,-0.02978352,-0.04995611,-0.01815001,-0.02978352,-9869.9372,331389.1826,OK,0.0000,394.7975,4.0000,96.0000,AG03-UNRESOLVED,ALL5_LEVELS_bet23_to_bet27,394.7975,394.7975,394.7975,592.1962,592.1962,4.000000,4.000000,4.000000,6.000000,6.000000,96.000000,96.000000,96.000000,94.000000,94.000000,5.0,2368.7849,2154.0868,7501.1522,7715.8503,PENDING_AG03,FALSE,NOT_FOR_ENFORCEMENT,9475.1397,290431.1060,9869.9372,9475.1397,394.7975,0.02978352,0.02859218,394.7975,9475.1397,0.02859218,394.7975,394.7975,394.7975,592.1962,592.1962,9475.1397,0.02859218,2368.7849,2154.0868,7501.1522,7715.8503,0.02263548,0.02328335,0.00119134,53.9019,84.6955,2.7631,448.6335,33.5712,15063.1447,162.3636,47.6267,58.3345,10.3857,40.4073,83.0858,124.6287,155.7859,183.9513,20.7715,-10.2195,3.855389,4.552426,1.333965,18,97,34,8,0.36576351,0.02978352,0.04995611,0E-8,0.000000,0.912922,0.000000,-0.03180610,2026-06-13,2026-08-02,22,294,143,51,0.431373,0.816443,0.883581,1.219212,,,,,,,,GLOBAL_BASELINE_NO_ENTITY_RANKING,,,NOT_APPLICABLE_GLOBAL_BASELINE,HF9g-P5,,,,X 全窗基线 · 不参与实体赏罚,15051377,1506,A168_HF9F_20260827_0900,2026-08-27 09:00:00
2026-06-17,151416945,550,0,270.0288723179,-186.9430654509,-186.9430654509,0E-7,5,4,0.47419510624996901,0.448442112500,-1.6448520835625033,-1.5617743018108317,-1.6448520835625033,0.02575299374996901,ELIGIBLE,R03b_20260811_FULL_v1,L1_ELIGIBILITY,v2026-08-11,2026-03-21..2026-08-06,baccarat_bet02_101_all_pairs_incl_sentinel,round_win = game_pnl > 0 (decisive only),COMPATIBILITY_ONLY_NOT_PRODUCTION,331389.1826,302532.4021,9869.9372,6148,3572,-0.02978352,-0.04995611,-0.01815001,-0.02978352,-9869.9372,331389.1826,OK,0.0000,394.7975,4.0000,96.0000,AG03-UNRESOLVED,ALL5_LEVELS_bet23_to_bet27,394.7975,394.7975,394.7975,592.1962,592.1962,4.000000,4.000000,4.000000,6.000000,6.000000,96.000000,96.000000,96.000000,94.000000,94.000000,5.0,2368.7849,2154.0868,7501.1522,7715.8503,PENDING_AG03,FALSE,NOT_FOR_ENFORCEMENT,9475.1397,290431.1060,9869.9372,9475.1397,394.7975,0.02978352,0.02859218,394.7975,9475.1397,0.02859218,394.7975,394.7975,394.7975,592.1962,592.1962,9475.1397,0.02859218,2368.7849,2154.0868,7501.1522,7715.8503,0.02263548,0.02328335,0.00119134,53.9019,84.6955,2.7631,448.6335,33.5712,15063.1447,162.3636,47.6267,58.3345,10.3857,40.4073,83.0858,124.6287,155.7859,183.9513,20.7715,-10.2195,3.855389,4.552426,1.333965,18,97,34,8,0.36576351,0.02978352,0.04995611,0E-8,0.000000,0.912922,0.000000,-0.03180610,2026-06-13,2026-08-02,22,294,143,51,0.431373,0.816443,0.883581,1.219212,,,,,,,,GLOBAL_BASELINE_NO_ENTITY_RANKING,,,NOT_APPLICABLE_GLOBAL_BASELINE,HF9g-P5,,,,X 全窗基线 · 不参与实体赏罚,15051378,1506,A168_HF9F_20260827_0900,2026-08-27 09:00:00
2026-06-18,151416945,1299,0,1879.8163803671,-813.2023347114,-813.2023347114,0.3333333,22,12,0.46616405725821022,0.329378575000,-0.922392715524053,0.02914903539931823,-0.922392715524053,0.13678548225821022,ELIGIBLE,R03b_20260811_FULL_v1,L1_ELIGIBILITY,v2026-08-11,2026-03-21..2026-08-06,baccarat_bet02_101_all_pairs_incl_sentinel,round_win = game_pnl > 0 (decisive only),COMPATIBILITY_ONLY_NOT_PRODUCTION,331389.1826,302532.4021,9869.9372,6148,3572,-0.02978352,-0.04995611,-0.01815001,-0.02978352,-9869.9372,331389.1826,OK,0.0000,394.7975,4.0000,96.0000,AG03-UNRESOLVED,ALL5_LEVELS_bet23_to_bet27,394.7975,394.7975,394.7975,592.1962,592.1962,4.000000,4.000000,4.000000,6.000000,6.000000,96.000000,96.000000,96.000000,94.000000,94.000000,5.0,2368.7849,2154.0868,7501.1522,7715.8503,PENDING_AG03,FALSE,NOT_FOR_ENFORCEMENT,9475.1397,290431.1060,9869.9372,9475.1397,394.7975,0.02978352,0.02859218,394.7975,9475.1397,0.02859218,394.7975,394.7975,394.7975,592.1962,592.1962,9475.1397,0.02859218,2368.7849,2154.0868,7501.1522,7715.8503,0.02263548,0.02328335,0.00119134,53.9019,84.6955,2.7631,448.6335,33.5712,15063.1447,162.3636,47.6267,58.3345,10.3857,40.4073,83.0858,124.6287,155.7859,183.9513,20.7715,-10.2195,3.855389,4.552426,1.333965,18,97,34,8,0.36576351,0.02978352,0.04995611,0E-8,0.000000,0.912922,0.000000,-0.03180610,2026-06-13,2026-08-02,22,294,143,51,0.431373,0.816443,0.883581,1.219212,,,,,,,,GLOBAL_BASELINE_NO_ENTITY_RANKING,,,NOT_APPLICABLE_GLOBAL_BASELINE,HF9g-P5,,,,X 全窗基线 · 不参与实体赏罚,15051379,1506,A168_HF9F_20260827_0900,2026-08-27 09:00:00
2026-06-18,151416945,1307,0,155.7858878757,6.2314355150,6.2314355150,0.5000000,2,2,0.50665070000000000,0.506650700000,-0.018812684590367487,-0.018812684590367487,-0.018812684590367487,0E-17,ELIGIBLE,R03b_20260811_FULL_v1,L1_ELIGIBILITY,v2026-08-11,2026-03-21..2026-08-06,baccarat_bet02_101_all_pairs_incl_sentinel,round_win = game_pnl > 0 (decisive only),COMPATIBILITY_ONLY_NOT_PRODUCTION,331389.1826,302532.4021,9869.9372,6148,3572,-0.02978352,-0.04995611,-0.01815001,-0.02978352,-9869.9372,331389.1826,OK,0.0000,394.7975,4.0000,96.0000,AG03-UNRESOLVED,ALL5_LEVELS_bet23_to_bet27,394.7975,394.7975,394.7975,592.1962,592.1962,4.000000,4.000000,4.000000,6.000000,6.000000,96.000000,96.000000,96.000000,94.000000,94.000000,5.0,2368.7849,2154.0868,7501.1522,7715.8503,PENDING_AG03,FALSE,NOT_FOR_ENFORCEMENT,9475.1397,290431.1060,9869.9372,9475.1397,394.7975,0.02978352,0.02859218,394.7975,9475.1397,0.02859218,394.7975,394.7975,394.7975,592.1962,592.1962,9475.1397,0.02859218,2368.7849,2154.0868,7501.1522,7715.8503,0.02263548,0.02328335,0.00119134,53.9019,84.6955,2.7631,448.6335,33.5712,15063.1447,162.3636,47.6267,58.3345,10.3857,40.4073,83.0858,124.6287,155.7859,183.9513,20.7715,-10.2195,3.855389,4.552426,1.333965,18,97,34,8,0.36576351,0.02978352,0.04995611,0E-8,0.000000,0.912922,0.000000,-0.03180610,2026-06-13,2026-08-02,22,294,143,51,0.431373,0.816443,0.883581,1.219212,,,,,,,,GLOBAL_BASELINE_NO_ENTITY_RANKING,,,NOT_APPLICABLE_GLOBAL_BASELINE,HF9g-P5,,,,X 全窗基线 · 不参与实体赏罚,15051380,1506,A168_HF9F_20260827_0900,2026-08-27 09:00:00
2026-06-18,151416945,1325,0,62.3143551503,59.1986373928,59.1986373928,1.0000000,1,1,0.50665070000000000,0.506650700000,0.9867858985152569,0.9867858985152569,0.9867858985152569,0E-17,ELIGIBLE,R03b_20260811_FULL_v1,L1_ELIGIBILITY,v2026-08-11,2026-03-21..2026-08-06,baccarat_bet02_101_all_pairs_incl_sentinel,round_win = game_pnl > 0 (decisive only),COMPATIBILITY_ONLY_NOT_PRODUCTION,331389.1826,302532.4021,9869.9372,6148,3572,-0.02978352,-0.04995611,-0.01815001,-0.02978352,-9869.9372,331389.1826,OK,0.0000,394.7975,4.0000,96.0000,AG03-UNRESOLVED,ALL5_LEVELS_bet23_to_bet27,394.7975,394.7975,394.7975,592.1962,592.1962,4.000000,4.000000,4.000000,6.000000,6.000000,96.000000,96.000000,96.000000,94.000000,94.000000,5.0,2368.7849,2154.0868,7501.1522,7715.8503,PENDING_AG03,FALSE,NOT_FOR_ENFORCEMENT,9475.1397,290431.1060,9869.9372,9475.1397,394.7975,0.02978352,0.02859218,394.7975,9475.1397,0.02859218,394.7975,394.7975,394.7975,592.1962,592.1962,9475.1397,0.02859218,2368.7849,2154.0868,7501.1522,7715.8503,0.02263548,0.02328335,0.00119134,53.9019,84.6955,2.7631,448.6335,33.5712,15063.1447,162.3636,47.6267,58.3345,10.3857,40.4073,83.0858,124.6287,155.7859,183.9513,20.7715,-10.2195,3.855389,4.552426,1.333965,18,97,34,8,0.36576351,0.02978352,0.04995611,0E-8,0.000000,0.912922,0.000000,-0.03180610,2026-06-13,2026-08-02,22,294,143,51,0.431373,0.816443,0.883581,1.219212,,,,,,,,GLOBAL_BASELINE_NO_ENTITY_RANKING,,,NOT_APPLICABLE_GLOBAL_BASELINE,HF9g-P5,,,,X 全窗基线 · 不参与实体赏罚,15051381,1506,A168_HF9F_20260827_0900,2026-08-27 09:00:00
2026-06-18,151416945,1353,0,20.7714517168,-20.7714517168,-20.7714517168,0E-7,1,1,0.50665070000000000,0.506650700000,-1.013391052207602,-1.013391052207602,-1.013391052207602,0E-17,ELIGIBLE,R03b_20260811_FULL_v1,L1_ELIGIBILITY,v2026-08-11,2026-03-21..2026-08-06,baccarat_bet02_101_all_pairs_incl_sentinel,round_win = game_pnl > 0 (decisive only),COMPATIBILITY_ONLY_NOT_PRODUCTION,331389.1826,302532.4021,9869.9372,6148,3572,-0.02978352,-0.04995611,-0.01815001,-0.02978352,-9869.9372,331389.1826,OK,0.0000,394.7975,4.0000,96.0000,AG03-UNRESOLVED,ALL5_LEVELS_bet23_to_bet27,394.7975,394.7975,394.7975,592.1962,592.1962,4.000000,4.000000,4.000000,6.000000,6.000000,96.000000,96.000000,96.000000,94.000000,94.000000,5.0,2368.7849,2154.0868,7501.1522,7715.8503,PENDING_AG03,FALSE,NOT_FOR_ENFORCEMENT,9475.1397,290431.1060,9869.9372,9475.1397,394.7975,0.02978352,0.02859218,394.7975,9475.1397,0.02859218,394.7975,394.7975,394.7975,592.1962,592.1962,9475.1397,0.02859218,2368.7849,2154.0868,7501.1522,7715.8503,0.02263548,0.02328335,0.00119134,53.9019,84.6955,2.7631,448.6335,33.5712,15063.1447,162.3636,47.6267,58.3345,10.3857,40.4073,83.0858,124.6287,155.7859,183.9513,20.7715,-10.2195,3.855389,4.552426,1.333965,18,97,34,8,0.36576351,0.02978352,0.04995611,0E-8,0.000000,0.912922,0.000000,-0.03180610,2026-06-13,2026-08-02,22,294,143,51,0.431373,0.816443,0.883581,1.219212,,,,,,,,GLOBAL_BASELINE_NO_ENTITY_RANKING,,,NOT_APPLICABLE_GLOBAL_BASELINE,HF9g-P5,,,,X 全窗基线 · 不参与实体赏罚,15051382,1506,A168_HF9F_20260827_0900,2026-08-27 09:00:00
2026-06-18,151416945,1401,0,1314.8328936710,77.8929439378,77.8929439378,0.5833333,21,12,0.46578171120672547,0.347105787500,0.8163354519058241,1.7189720854401624,0.8163354519058241,0.11867592370672547,ELIGIBLE,R03b_20260811_FULL_v1,L1_ELIGIBILITY,v2026-08-11,2026-03-21..2026-08-06,baccarat_bet02_101_all_pairs_incl_sentinel,round_win = game_pnl > 0 (decisive only),COMPATIBILITY_ONLY_NOT_PRODUCTION,331389.1826,302532.4021,9869.9372,6148,3572,-0.02978352,-0.04995611,-0.01815001,-0.02978352,-9869.9372,331389.1826,OK,0.0000,394.7975,4.0000,96.0000,AG03-UNRESOLVED,ALL5_LEVELS_bet23_to_bet27,394.7975,394.7975,394.7975,592.1962,592.1962,4.000000,4.000000,4.000000,6.000000,6.000000,96.000000,96.000000,96.000000,94.000000,94.000000,5.0,2368.7849,2154.0868,7501.1522,7715.8503,PENDING_AG03,FALSE,NOT_FOR_ENFORCEMENT,9475.1397,290431.1060,9869.9372,9475.1397,394.7975,0.02978352,0.02859218,394.7975,9475.1397,0.02859218,394.7975,394.7975,394.7975,592.1962,592.1962,9475.1397,0.02859218,2368.7849,2154.0868,7501.1522,7715.8503,0.02263548,0.02328335,0.00119134,53.9019,84.6955,2.7631,448.6335,33.5712,15063.1447,162.3636,47.6267,58.3345,10.3857,40.4073,83.0858,124.6287,155.7859,183.9513,20.7715,-10.2195,3.855389,4.552426,1.333965,18,97,34,8,0.36576351,0.02978352,0.04995611,0E-8,0.000000,0.912922,0.000000,-0.03180610,2026-06-13,2026-08-02,22,294,143,51,0.431373,0.816443,0.883581,1.219212,,,,,,,,GLOBAL_BASELINE_NO_ENTITY_RANKING,,,NOT_APPLICABLE_GLOBAL_BASELINE,HF9g-P5,,,,X 全窗基线 · 不参与实体赏罚,15051383,1506,A168_HF9F_20260827_0900,2026-08-27 09:00:00
2026-06-18,151416945,1490,0,773.3211474151,-433.7079118460,-433.7079118460,0.2000000,15,11,0.44276889090906334,0.388180727273,-1.5455633378512814,-1.2210869257235712,-1.5455633378512814,0.05458816363606334,ELIGIBLE,R03b_20260811_FULL_v1,L1_ELIGIBILITY,v2026-08-11,2026-03-21..2026-08-06,baccarat_bet02_101_all_pairs_incl_sentinel,round_win = game_pnl > 0 (decisive only),COMPATIBILITY_ONLY_NOT_PRODUCTION,331389.1826,302532.4021,9869.9372,6148,3572,-0.02978352,-0.04995611,-0.01815001,-0.02978352,-9869.9372,331389.1826,OK,0.0000,394.7975,4.0000,96.0000,AG03-UNRESOLVED,ALL5_LEVELS_bet23_to_bet27,394.7975,394.7975,394.7975,592.1962,592.1962,4.000000,4.000000,4.000000,6.000000,6.000000,96.000000,96.000000,96.000000,94.000000,94.000000,5.0,2368.7849,2154.0868,7501.1522,7715.8503,PENDING_AG03,FALSE,NOT_FOR_ENFORCEMENT,9475.1397,290431.1060,9869.9372,9475.1397,394.7975,0.02978352,0.02859218,394.7975,9475.1397,0.02859218,394.7975,394.7975,394.7975,592.1962,592.1962,9475.1397,0.02859218,2368.7849,2154.0868,7501.1522,7715.8503,0.02263548,0.02328335,0.00119134,53.9019,84.6955,2.7631,448.6335,33.5712,15063.1447,162.3636,47.6267,58.3345,10.3857,40.4073,83.0858,124.6287,155.7859,183.9513,20.7715,-10.2195,3.855389,4.552426,1.333965,18,97,34,8,0.36576351,0.02978352,0.04995611,0E-8,0.000000,0.912922,0.000000,-0.03180610,2026-06-13,2026-08-02,22,294,143,51,0.431373,0.816443,0.883581,1.219212,,,,,,,,GLOBAL_BASELINE_NO_ENTITY_RANKING,,,NOT_APPLICABLE_GLOBAL_BASELINE,HF9g-P5,,,,X 全窗基线 · 不参与实体赏罚,15051384,1506,A168_HF9F_20260827_0900,2026-08-27 09:00:00
2026-06-18,151416945,1714,0,2243.3167854102,-120.4744199572,-120.4744199572,0.5384615,24,13,0.47923417889492417,0.330775988462,0.4274633837110889,1.5915680478136438,0.4274633837110889,0.14845819043292417,ELIGIBLE,R03b_20260811_FULL_v1,L1_ELIGIBILITY,v2026-08-11,2026-03-21..2026-08-06,baccarat_bet02_101_all_pairs_incl_sentinel,round_win = game_pnl > 0 (decisive only),COMPATIBILITY_ONLY_NOT_PRODUCTION,331389.1826,302532.4021,9869.9372,6148,3572,-0.02978352,-0.04995611,-0.01815001,-0.02978352,-9869.9372,331389.1826,OK,0.0000,394.7975,4.0000,96.0000,AG03-UNRESOLVED,ALL5_LEVELS_bet23_to_bet27,394.7975,394.7975,394.7975,592.1962,592.1962,4.000000,4.000000,4.000000,6.000000,6.000000,96.000000,96.000000,96.000000,94.000000,94.000000,5.0,2368.7849,2154.0868,7501.1522,7715.8503,PENDING_AG03,FALSE,NOT_FOR_ENFORCEMENT,9475.1397,290431.1060,9869.9372,9475.1397,394.7975,0.02978352,0.02859218,394.7975,9475.1397,0.02859218,394.7975,394.7975,394.7975,592.1962,592.1962,9475.1397,0.02859218,2368.7849,2154.0868,7501.1522,7715.8503,0.02263548,0.02328335,0.00119134,53.9019,84.6955,2.7631,448.6335,33.5712,15063.1447,162.3636,47.6267,58.3345,10.3857,40.4073,83.0858,124.6287,155.7859,183.9513,20.7715,-10.2195,3.855389,4.552426,1.333965,18,97,34,8,0.36576351,0.02978352,0.04995611,0E-8,0.000000,0.912922,0.000000,-0.03180610,2026-06-13,2026-08-02,22,294,143,51,0.431373,0.816443,0.883581,1.219212,,,,,,,,GLOBAL_BASELINE_NO_ENTITY_RANKING,,,NOT_APPLICABLE_GLOBAL_BASELINE,HF9g-P5,,,,X 全窗基线 · 不参与实体赏罚,15051385,1506,A168_HF9F_20260827_0900,2026-08-27 09:00:00
2026-06-18,151416945,1940,0,2158.3615478890,352.9069646673,352.9069646673,0.5238095,34,21,0.45001612158695260,0.355979850000,0.6797327035170497,1.6062604352959309,0.6797327035170497,0.09403627158695260,ELIGIBLE,R03b_20260811_FULL_v1,L1_ELIGIBILITY,v2026-08-11,2026-03-21..2026-08-06,baccarat_bet02_101_all_pairs_incl_sentinel,round_win = game_pnl > 0 (decisive only),COMPATIBILITY_ONLY_NOT_PRODUCTION,331389.1826,302532.4021,9869.9372,6148,3572,-0.02978352,-0.04995611,-0.01815001,-0.02978352,-9869.9372,331389.1826,OK,0.0000,394.7975,4.0000,96.0000,AG03-UNRESOLVED,ALL5_LEVELS_bet23_to_bet27,394.7975,394.7975,394.7975,592.1962,592.1962,4.000000,4.000000,4.000000,6.000000,6.000000,96.000000,96.000000,96.000000,94.000000,94.000000,5.0,2368.7849,2154.0868,7501.1522,7715.8503,PENDING_AG03,FALSE,NOT_FOR_ENFORCEMENT,9475.1397,290431.1060,9869.9372,9475.1397,394.7975,0.02978352,0.02859218,394.7975,9475.1397,0.02859218,394.7975,394.7975,394.7975,592.1962,592.1962,9475.1397,0.02859218,2368.7849,2154.0868,7501.1522,7715.8503,0.02263548,0.02328335,0.00119134,53.9019,84.6955,2.7631,448.6335,33.5712,15063.1447,162.3636,47.6267,58.3345,10.3857,40.4073,83.0858,124.6287,155.7859,183.9513,20.7715,-10.2195,3.855389,4.552426,1.333965,18,97,34,8,0.36576351,0.02978352,0.04995611,0E-8,0.000000,0.912922,0.000000,-0.03180610,2026-06-13,2026-08-02,22,294,143,51,0.431373,0.816443,0.883581,1.219212,,,,,,,,GLOBAL_BASELINE_NO_ENTITY_RANKING,,,NOT_APPLICABLE_GLOBAL_BASELINE,HF9g-P5,,,,X 全窗基线 · 不参与实体赏罚,15051386,1506,A168_HF9F_20260827_0900,2026-08-27 09:00:00
2026-06-18,151416945,1985,0,770.6208586920,176.5573395923,176.5573395923,0.6000000,10,5,0.46422243399637422,0.296605190000,0.6087762437351688,1.4852658534736312,0.6087762437351688,0.16761724399637422,ELIGIBLE,R03b_20260811_FULL_v1,L1_ELIGIBILITY,v2026-08-11,2026-03-21..2026-08-06,baccarat_bet02_101_all_pairs_incl_sentinel,round_win = game_pnl > 0 (decisive only),COMPATIBILITY_ONLY_NOT_PRODUCTION,331389.1826,302532.4021,9869.9372,6148,3572,-0.02978352,-0.04995611,-0.01815001,-0.02978352,-9869.9372,331389.1826,OK,0.0000,394.7975,4.0000,96.0000,AG03-UNRESOLVED,ALL5_LEVELS_bet23_to_bet27,394.7975,394.7975,394.7975,592.1962,592.1962,4.000000,4.000000,4.000000,6.000000,6.000000,96.000000,96.000000,96.000000,94.000000,94.000000,5.0,2368.7849,2154.0868,7501.1522,7715.8503,PENDING_AG03,FALSE,NOT_FOR_ENFORCEMENT,9475.1397,290431.1060,9869.9372,9475.1397,394.7975,0.02978352,0.02859218,394.7975,9475.1397,0.02859218,394.7975,394.7975,394.7975,592.1962,592.1962,9475.1397,0.02859218,2368.7849,2154.0868,7501.1522,7715.8503,0.02263548,0.02328335,0.00119134,53.9019,84.6955,2.7631,448.6335,33.5712,15063.1447,162.3636,47.6267,58.3345,10.3857,40.4073,83.0858,124.6287,155.7859,183.9513,20.7715,-10.2195,3.855389,4.552426,1.333965,18,97,34,8,0.36576351,0.02978352,0.04995611,0E-8,0.000000,0.912922,0.000000,-0.03180610,2026-06-13,2026-08-02,22,294,143,51,0.431373,0.816443,0.883581,1.219212,,,,,,,,GLOBAL_BASELINE_NO_ENTITY_RANKING,,,NOT_APPLICABLE_GLOBAL_BASELINE,HF9g-P5,,,,X 全窗基线 · 不参与实体赏罚,15051387,1506,A168_HF9F_20260827_0900,2026-08-27 09:00:00
2026-06-18,151416945,2142,0,1657.5618469977,-37.3886130905,-37.3886130905,0.5714286,27,14,0.46441932562830856,0.311991446429,0.8028191629773669,2.095211543986588,0.8028191629773669,0.15242787919930856,ELIGIBLE,R03b_20260811_FULL_v1,L1_ELIGIBILITY,v2026-08-11,2026-03-21..2026-08-06,baccarat_bet02_101_all_pairs_incl_sentinel,round_win = game_pnl > 0 (decisive only),COMPATIBILITY_ONLY_NOT_PRODUCTION,331389.1826,302532.4021,9869.9372,6148,3572,-0.02978352,-0.04995611,-0.01815001,-0.02978352,-9869.9372,331389.1826,OK,0.0000,394.7975,4.0000,96.0000,AG03-UNRESOLVED,ALL5_LEVELS_bet23_to_bet27,394.7975,394.7975,394.7975,592.1962,592.1962,4.000000,4.000000,4.000000,6.000000,6.000000,96.000000,96.000000,96.000000,94.000000,94.000000,5.0,2368.7849,2154.0868,7501.1522,7715.8503,PENDING_AG03,FALSE,NOT_FOR_ENFORCEMENT,9475.1397,290431.1060,9869.9372,9475.1397,394.7975,0.02978352,0.02859218,394.7975,9475.1397,0.02859218,394.7975,394.7975,394.7975,592.1962,592.1962,9475.1397,0.02859218,2368.7849,2154.0868,7501.1522,7715.8503,0.02263548,0.02328335,0.00119134,53.9019,84.6955,2.7631,448.6335,33.5712,15063.1447,162.3636,47.6267,58.3345,10.3857,40.4073,83.0858,124.6287,155.7859,183.9513,20.7715,-10.2195,3.855389,4.552426,1.333965,18,97,34,8,0.36576351,0.02978352,0.04995611,0E-8,0.000000,0.912922,0.000000,-0.03180610,2026-06-13,2026-08-02,22,294,143,51,0.431373,0.816443,0.883581,1.219212,,,,,,,,GLOBAL_BASELINE_NO_ENTITY_RANKING,,,NOT_APPLICABLE_GLOBAL_BASELINE,HF9g-P5,,,,X 全窗基线 · 不参与实体赏罚,15051388,1506,A168_HF9F_20260827_0900,2026-08-27 09:00:00
2026-06-18,151416945,2223,0,805.9323266105,-210.5186631495,-210.5186631495,0.4444444,16,9,0.46490305922966221,0.344920383333,-0.12305522073543856,0.6281203598175238,-0.12305522073543856,0.11998267589666221,ELIGIBLE,R03b_20260811_FULL_v1,L1_ELIGIBILITY,v2026-08-11,2026-03-21..2026-08-06,baccarat_bet02_101_all_pairs_incl_sentinel,round_win = game_pnl > 0 (decisive only),COMPATIBILITY_ONLY_NOT_PRODUCTION,331389.1826,302532.4021,9869.9372,6148,3572,-0.02978352,-0.04995611,-0.01815001,-0.02978352,-9869.9372,331389.1826,OK,0.0000,394.7975,4.0000,96.0000,AG03-UNRESOLVED,ALL5_LEVELS_bet23_to_bet27,394.7975,394.7975,394.7975,592.1962,592.1962,4.000000,4.000000,4.000000,6.000000,6.000000,96.000000,96.000000,96.000000,94.000000,94.000000,5.0,2368.7849,2154.0868,7501.1522,7715.8503,PENDING_AG03,FALSE,NOT_FOR_ENFORCEMENT,9475.1397,290431.1060,9869.9372,9475.1397,394.7975,0.02978352,0.02859218,394.7975,9475.1397,0.02859218,394.7975,394.7975,394.7975,592.1962,592.1962,9475.1397,0.02859218,2368.7849,2154.0868,7501.1522,7715.8503,0.02263548,0.02328335,0.00119134,53.9019,84.6955,2.7631,448.6335,33.5712,15063.1447,162.3636,47.6267,58.3345,10.3857,40.4073,83.0858,124.6287,155.7859,183.9513,20.7715,-10.2195,3.855389,4.552426,1.333965,18,97,34,8,0.36576351,0.02978352,0.04995611,0E-8,0.000000,0.912922,0.000000,-0.03180610,2026-06-13,2026-08-02,22,294,143,51,0.431373,0.816443,0.883581,1.219212,,,,,,,,GLOBAL_BASELINE_NO_ENTITY_RANKING,,,NOT_APPLICABLE_GLOBAL_BASELINE,HF9g-P5,,,,X 全窗基线 · 不参与实体赏罚,15051389,1506,A168_HF9F_20260827_0900,2026-08-27 09:00:00
2026-06-18,151416945,2267,0,886.9409883059,10.9050121511,10.9050121511,0.6000000,21,12,0.45351230978062577,0.346547237500,0.930500047127551,1.6842583510973457,0.930500047127551,0.10696507228062577,ELIGIBLE,R03b_20260811_FULL_v1,L1_ELIGIBILITY,v2026-08-11,2026-03-21..2026-08-06,baccarat_bet02_101_all_pairs_incl_sentinel,round_win = game_pnl > 0 (decisive only),COMPATIBILITY_ONLY_NOT_PRODUCTION,331389.1826,302532.4021,9869.9372,6148,3572,-0.02978352,-0.04995611,-0.01815001,-0.02978352,-9869.9372,331389.1826,OK,0.0000,394.7975,4.0000,96.0000,AG03-UNRESOLVED,ALL5_LEVELS_bet23_to_bet27,394.7975,394.7975,394.7975,592.1962,592.1962,4.000000,4.000000,4.000000,6.000000,6.000000,96.000000,96.000000,96.000000,94.000000,94.000000,5.0,2368.7849,2154.0868,7501.1522,7715.8503,PENDING_AG03,FALSE,NOT_FOR_ENFORCEMENT,9475.1397,290431.1060,9869.9372,9475.1397,394.7975,0.02978352,0.02859218,394.7975,9475.1397,0.02859218,394.7975,394.7975,394.7975,592.1962,592.1962,9475.1397,0.02859218,2368.7849,2154.0868,7501.1522,7715.8503,0.02263548,0.02328335,0.00119134,53.9019,84.6955,2.7631,448.6335,33.5712,15063.1447,162.3636,47.6267,58.3345,10.3857,40.4073,83.0858,124.6287,155.7859,183.9513,20.7715,-10.2195,3.855389,4.552426,1.333965,18,97,34,8,0.36576351,0.02978352,0.04995611,0E-8,0.000000,0.912922,0.000000,-0.03180610,2026-06-13,2026-08-02,22,294,143,51,0.431373,0.816443,0.883581,1.219212,,,,,,,,GLOBAL_BASELINE_NO_ENTITY_RANKING,,,NOT_APPLICABLE_GLOBAL_BASELINE,HF9g-P5,,,,X 全窗基线 · 不参与实体赏罚,15051390,1506,A168_HF9F_20260827_0900,2026-08-27 09:00:00
2026-06-18,151416945,763,0,2462.4556010224,-281.4531707624,-281.4531707624,0.3888889,31,20,0.48033406775596526,0.388980837500,-0.7765389566463907,-0.0008001840812003053,-0.7765389566463907,0.09135323025596526,ELIGIBLE,R03b_20260811_FULL_v1,L1_ELIGIBILITY,v2026-08-11,2026-03-21..2026-08-06,baccarat_bet02_101_all_pairs_incl_sentinel,round_win = game_pnl > 0 (decisive only),COMPATIBILITY_ONLY_NOT_PRODUCTION,331389.1826,302532.4021,9869.9372,6148,3572,-0.02978352,-0.04995611,-0.01815001,-0.02978352,-9869.9372,331389.1826,OK,0.0000,394.7975,4.0000,96.0000,AG03-UNRESOLVED,ALL5_LEVELS_bet23_to_bet27,394.7975,394.7975,394.7975,592.1962,592.1962,4.000000,4.000000,4.000000,6.000000,6.000000,96.000000,96.000000,96.000000,94.000000,94.000000,5.0,2368.7849,2154.0868,7501.1522,7715.8503,PENDING_AG03,FALSE,NOT_FOR_ENFORCEMENT,9475.1397,290431.1060,9869.9372,9475.1397,394.7975,0.02978352,0.02859218,394.7975,9475.1397,0.02859218,394.7975,394.7975,394.7975,592.1962,592.1962,9475.1397,0.02859218,2368.7849,2154.0868,7501.1522,7715.8503,0.02263548,0.02328335,0.00119134,53.9019,84.6955,2.7631,448.6335,33.5712,15063.1447,162.3636,47.6267,58.3345,10.3857,40.4073,83.0858,124.6287,155.7859,183.9513,20.7715,-10.2195,3.855389,4.552426,1.333965,18,97,34,8,0.36576351,0.02978352,0.04995611,0E-8,0.000000,0.912922,0.000000,-0.03180610,2026-06-13,2026-08-02,22,294,143,51,0.431373,0.816443,0.883581,1.219212,,,,,,,,GLOBAL_BASELINE_NO_ENTITY_RANKING,,,NOT_APPLICABLE_GLOBAL_BASELINE,HF9g-P5,,,,X 全窗基线 · 不参与实体赏罚,15051391,1506,A168_HF9F_20260827_0900,2026-08-27 09:00:00
2026-06-19,151416945,1078,0,851.6295203871,-50.3707704132,-50.3707704132,0.5555556,18,9,0.45368266420866425,0.296903083333,0.6138769178343566,1.6983333501684172,0.6138769178343566,0.15677958087566425,ELIGIBLE,R03b_20260811_FULL_v1,L1_ELIGIBILITY,v2026-08-11,2026-03-21..2026-08-06,baccarat_bet02_101_all_pairs_incl_sentinel,round_win = game_pnl > 0 (decisive only),COMPATIBILITY_ONLY_NOT_PRODUCTION,331389.1826,302532.4021,9869.9372,6148,3572,-0.02978352,-0.04995611,-0.01815001,-0.02978352,-9869.9372,331389.1826,OK,0.0000,394.7975,4.0000,96.0000,AG03-UNRESOLVED,ALL5_LEVELS_bet23_to_bet27,394.7975,394.7975,394.7975,592.1962,592.1962,4.000000,4.000000,4.000000,6.000000,6.000000,96.000000,96.000000,96.000000,94.000000,94.000000,5.0,2368.7849,2154.0868,7501.1522,7715.8503,PENDING_AG03,FALSE,NOT_FOR_ENFORCEMENT,9475.1397,290431.1060,9869.9372,9475.1397,394.7975,0.02978352,0.02859218,394.7975,9475.1397,0.02859218,394.7975,394.7975,394.7975,592.1962,592.1962,9475.1397,0.02859218,2368.7849,2154.0868,7501.1522,7715.8503,0.02263548,0.02328335,0.00119134,53.9019,84.6955,2.7631,448.6335,33.5712,15063.1447,162.3636,47.6267,58.3345,10.3857,40.4073,83.0858,124.6287,155.7859,183.9513,20.7715,-10.2195,3.855389,4.552426,1.333965,18,97,34,8,0.36576351,0.02978352,0.04995611,0E-8,0.000000,0.912922,0.000000,-0.03180610,2026-06-13,2026-08-02,22,294,143,51,0.431373,0.816443,0.883581,1.219212,,,,,,,,GLOBAL_BASELINE_NO_ENTITY_RANKING,,,NOT_APPLICABLE_GLOBAL_BASELINE,HF9g-P5,,,,X 全窗基线 · 不参与实体赏罚,15051392,1506,A168_HF9F_20260827_0900,2026-08-27 09:00:00
2026-06-19,151416945,1205,0,768.5437135203,224.3316785408,224.3316785408,0.7000000,19,10,0.44446597819039410,0.315196805000,1.6262006792618031,2.6191771729128663,1.6262006792618031,0.12926917319039410,ELIGIBLE,R03b_20260811_FULL_v1,L1_ELIGIBILITY,v2026-08-11,2026-03-21..2026-08-06,baccarat_bet02_101_all_pairs_incl_sentinel,round_win = game_pnl > 0 (decisive only),COMPATIBILITY_ONLY_NOT_PRODUCTION,331389.1826,302532.4021,9869.9372,6148,3572,-0.02978352,-0.04995611,-0.01815001,-0.02978352,-9869.9372,331389.1826,OK,0.0000,394.7975,4.0000,96.0000,AG03-UNRESOLVED,ALL5_LEVELS_bet23_to_bet27,394.7975,394.7975,394.7975,592.1962,592.1962,4.000000,4.000000,4.000000,6.000000,6.000000,96.000000,96.000000,96.000000,94.000000,94.000000,5.0,2368.7849,2154.0868,7501.1522,7715.8503,PENDING_AG03,FALSE,NOT_FOR_ENFORCEMENT,9475.1397,290431.1060,9869.9372,9475.1397,394.7975,0.02978352,0.02859218,394.7975,9475.1397,0.02859218,394.7975,394.7975,394.7975,592.1962,592.1962,9475.1397,0.02859218,2368.7849,2154.0868,7501.1522,7715.8503,0.02263548,0.02328335,0.00119134,53.9019,84.6955,2.7631,448.6335,33.5712,15063.1447,162.3636,47.6267,58.3345,10.3857,40.4073,83.0858,124.6287,155.7859,183.9513,20.7715,-10.2195,3.855389,4.552426,1.333965,18,97,34,8,0.36576351,0.02978352,0.04995611,0E-8,0.000000,0.912922,0.000000,-0.03180610,2026-06-13,2026-08-02,22,294,143,51,0.431373,0.816443,0.883581,1.219212,,,,,,,,GLOBAL_BASELINE_NO_ENTITY_RANKING,,,NOT_APPLICABLE_GLOBAL_BASELINE,HF9g-P5,,,,X 全窗基线 · 不参与实体赏罚,15051393,1506,A168_HF9F_20260827_0900,2026-08-27 09:00:00
2026-06-19,151416945,1307,0,83.0858068670,-41.5429034335,-41.5429034335,0E-7,2,2,0.50665070000000000,0.506650700000,-1.013391052207602,-1.013391052207602,-1.013391052207602,0E-17,ELIGIBLE,R03b_20260811_FULL_v1,L1_ELIGIBILITY,v2026-08-11,2026-03-21..2026-08-06,baccarat_bet02_101_all_pairs_incl_sentinel,round_win = game_pnl > 0 (decisive only),COMPATIBILITY_ONLY_NOT_PRODUCTION,331389.1826,302532.4021,9869.9372,6148,3572,-0.02978352,-0.04995611,-0.01815001,-0.02978352,-9869.9372,331389.1826,OK,0.0000,394.7975,4.0000,96.0000,AG03-UNRESOLVED,ALL5_LEVELS_bet23_to_bet27,394.7975,394.7975,394.7975,592.1962,592.1962,4.000000,4.000000,4.000000,6.000000,6.000000,96.000000,96.000000,96.000000,94.000000,94.000000,5.0,2368.7849,2154.0868,7501.1522,7715.8503,PENDING_AG03,FALSE,NOT_FOR_ENFORCEMENT,9475.1397,290431.1060,9869.9372,9475.1397,394.7975,0.02978352,0.02859218,394.7975,9475.1397,0.02859218,394.7975,394.7975,394.7975,592.1962,592.1962,9475.1397,0.02859218,2368.7849,2154.0868,7501.1522,7715.8503,0.02263548,0.02328335,0.00119134,53.9019,84.6955,2.7631,448.6335,33.5712,15063.1447,162.3636,47.6267,58.3345,10.3857,40.4073,83.0858,124.6287,155.7859,183.9513,20.7715,-10.2195,3.855389,4.552426,1.333965,18,97,34,8,0.36576351,0.02978352,0.04995611,0E-8,0.000000,0.912922,0.000000,-0.03180610,2026-06-13,2026-08-02,22,294,143,51,0.431373,0.816443,0.883581,1.219212,,,,,,,,GLOBAL_BASELINE_NO_ENTITY_RANKING,,,NOT_APPLICABLE_GLOBAL_BASELINE,HF9g-P5,,,,X 全窗基线 · 不参与实体赏罚,15051394,1506,A168_HF9F_20260827_0900,2026-08-27 09:00:00
2026-06-19,151416945,1353,0,114.2429844422,-114.2429844422,-114.2429844422,0E-7,2,1,0.46919179999993442,0.300626750000,-0.9401700128632409,-0.655630731788307,-0.9401700128632409,0.16856504999993442,ELIGIBLE,R03b_20260811_FULL_v1,L1_ELIGIBILITY,v2026-08-11,2026-03-21..2026-08-06,baccarat_bet02_101_all_pairs_incl_sentinel,round_win = game_pnl > 0 (decisive only),COMPATIBILITY_ONLY_NOT_PRODUCTION,331389.1826,302532.4021,9869.9372,6148,3572,-0.02978352,-0.04995611,-0.01815001,-0.02978352,-9869.9372,331389.1826,OK,0.0000,394.7975,4.0000,96.0000,AG03-UNRESOLVED,ALL5_LEVELS_bet23_to_bet27,394.7975,394.7975,394.7975,592.1962,592.1962,4.000000,4.000000,4.000000,6.000000,6.000000,96.000000,96.000000,96.000000,94.000000,94.000000,5.0,2368.7849,2154.0868,7501.1522,7715.8503,PENDING_AG03,FALSE,NOT_FOR_ENFORCEMENT,9475.1397,290431.1060,9869.9372,9475.1397,394.7975,0.02978352,0.02859218,394.7975,9475.1397,0.02859218,394.7975,394.7975,394.7975,592.1962,592.1962,9475.1397,0.02859218,2368.7849,2154.0868,7501.1522,7715.8503,0.02263548,0.02328335,0.00119134,53.9019,84.6955,2.7631,448.6335,33.5712,15063.1447,162.3636,47.6267,58.3345,10.3857,40.4073,83.0858,124.6287,155.7859,183.9513,20.7715,-10.2195,3.855389,4.552426,1.333965,18,97,34,8,0.36576351,0.02978352,0.04995611,0E-8,0.000000,0.912922,0.000000,-0.03180610,2026-06-13,2026-08-02,22,294,143,51,0.431373,0.816443,0.883581,1.219212,,,,,,,,GLOBAL_BASELINE_NO_ENTITY_RANKING,,,NOT_APPLICABLE_GLOBAL_BASELINE,HF9g-P5,,,,X 全窗基线 · 不参与实体赏罚,15051395,1506,A168_HF9F_20260827_0900,2026-08-27 09:00:00
2026-06-19,151416945,1405,0,114.2429844422,-114.2429844422,-114.2429844422,0E-7,2,1,0.45700525454539110,0.293924150000,-0.9174085499186008,-0.6451964315166089,-0.9174085499186008,0.16308110454539110,ELIGIBLE,R03b_20260811_FULL_v1,L1_ELIGIBILITY,v2026-08-11,2026-03-21..2026-08-06,baccarat_bet02_101_all_pairs_incl_sentinel,round_win = game_pnl > 0 (decisive only),COMPATIBILITY_ONLY_NOT_PRODUCTION,331389.1826,302532.4021,9869.9372,6148,3572,-0.02978352,-0.04995611,-0.01815001,-0.02978352,-9869.9372,331389.1826,OK,0.0000,394.7975,4.0000,96.0000,AG03-UNRESOLVED,ALL5_LEVELS_bet23_to_bet27,394.7975,394.7975,394.7975,592.1962,592.1962,4.000000,4.000000,4.000000,6.000000,6.000000,96.000000,96.000000,96.000000,94.000000,94.000000,5.0,2368.7849,2154.0868,7501.1522,7715.8503,PENDING_AG03,FALSE,NOT_FOR_ENFORCEMENT,9475.1397,290431.1060,9869.9372,9475.1397,394.7975,0.02978352,0.02859218,394.7975,9475.1397,0.02859218,394.7975,394.7975,394.7975,592.1962,592.1962,9475.1397,0.02859218,2368.7849,2154.0868,7501.1522,7715.8503,0.02263548,0.02328335,0.00119134,53.9019,84.6955,2.7631,448.6335,33.5712,15063.1447,162.3636,47.6267,58.3345,10.3857,40.4073,83.0858,124.6287,155.7859,183.9513,20.7715,-10.2195,3.855389,4.552426,1.333965,18,97,34,8,0.36576351,0.02978352,0.04995611,0E-8,0.000000,0.912922,0.000000,-0.03180610,2026-06-13,2026-08-02,22,294,143,51,0.431373,0.816443,0.883581,1.219212,,,,,,,,GLOBAL_BASELINE_NO_ENTITY_RANKING,,,NOT_APPLICABLE_GLOBAL_BASELINE,HF9g-P5,,,,X 全窗基线 · 不参与实体赏罚,15051396,1506,A168_HF9F_20260827_0900,2026-08-27 09:00:00
2026-06-19,151416945,1646,0,547.5354672537,26.7951727147,26.7951727147,0.5714286,10,7,0.47413057035749238,0.411652121429,0.5155431213575162,0.8589729995522323,0.5155431213575162,0.06247844892849238,ELIGIBLE,R03b_20260811_FULL_v1,L1_ELIGIBILITY,v2026-08-11,2026-03-21..2026-08-06,baccarat_bet02_101_all_pairs_incl_sentinel,round_win = game_pnl > 0 (decisive only),COMPATIBILITY_ONLY_NOT_PRODUCTION,331389.1826,302532.4021,9869.9372,6148,3572,-0.02978352,-0.04995611,-0.01815001,-0.02978352,-9869.9372,331389.1826,OK,0.0000,394.7975,4.0000,96.0000,AG03-UNRESOLVED,ALL5_LEVELS_bet23_to_bet27,394.7975,394.7975,394.7975,592.1962,592.1962,4.000000,4.000000,4.000000,6.000000,6.000000,96.000000,96.000000,96.000000,94.000000,94.000000,5.0,2368.7849,2154.0868,7501.1522,7715.8503,PENDING_AG03,FALSE,NOT_FOR_ENFORCEMENT,9475.1397,290431.1060,9869.9372,9475.1397,394.7975,0.02978352,0.02859218,394.7975,9475.1397,0.02859218,394.7975,394.7975,394.7975,592.1962,592.1962,9475.1397,0.02859218,2368.7849,2154.0868,7501.1522,7715.8503,0.02263548,0.02328335,0.00119134,53.9019,84.6955,2.7631,448.6335,33.5712,15063.1447,162.3636,47.6267,58.3345,10.3857,40.4073,83.0858,124.6287,155.7859,183.9513,20.7715,-10.2195,3.855389,4.552426,1.333965,18,97,34,8,0.36576351,0.02978352,0.04995611,0E-8,0.000000,0.912922,0.000000,-0.03180610,2026-06-13,2026-08-02,22,294,143,51,0.431373,0.816443,0.883581,1.219212,,,,,,,,GLOBAL_BASELINE_NO_ENTITY_RANKING,,,NOT_APPLICABLE_GLOBAL_BASELINE,HF9g-P5,,,,X 全窗基线 · 不参与实体赏罚,15051397,1506,A168_HF9F_20260827_0900,2026-08-27 09:00:00
2026-06-19,151416945,1704,0,2235.0082047234,416.4676069209,416.4676069209,0.6400000,43,26,0.46802706228099670,0.367818055769,1.7232562483026959,2.8222257509546833,1.7232562483026959,0.10020900651199670,ELIGIBLE,R03b_20260811_FULL_v1,L1_ELIGIBILITY,v2026-08-11,2026-03-21..2026-08-06,baccarat_bet02_101_all_pairs_incl_sentinel,round_win = game_pnl > 0 (decisive only),COMPATIBILITY_ONLY_NOT_PRODUCTION,331389.1826,302532.4021,9869.9372,6148,3572,-0.02978352,-0.04995611,-0.01815001,-0.02978352,-9869.9372,331389.1826,OK,0.0000,394.7975,4.0000,96.0000,AG03-UNRESOLVED,ALL5_LEVELS_bet23_to_bet27,394.7975,394.7975,394.7975,592.1962,592.1962,4.000000,4.000000,4.000000,6.000000,6.000000,96.000000,96.000000,96.000000,94.000000,94.000000,5.0,2368.7849,2154.0868,7501.1522,7715.8503,PENDING_AG03,FALSE,NOT_FOR_ENFORCEMENT,9475.1397,290431.1060,9869.9372,9475.1397,394.7975,0.02978352,0.02859218,394.7975,9475.1397,0.02859218,394.7975,394.7975,394.7975,592.1962,592.1962,9475.1397,0.02859218,2368.7849,2154.0868,7501.1522,7715.8503,0.02263548,0.02328335,0.00119134,53.9019,84.6955,2.7631,448.6335,33.5712,15063.1447,162.3636,47.6267,58.3345,10.3857,40.4073,83.0858,124.6287,155.7859,183.9513,20.7715,-10.2195,3.855389,4.552426,1.333965,18,97,34,8,0.36576351,0.02978352,0.04995611,0E-8,0.000000,0.912922,0.000000,-0.03180610,2026-06-13,2026-08-02,22,294,143,51,0.431373,0.816443,0.883581,1.219212,,,,,,,,GLOBAL_BASELINE_NO_ENTITY_RANKING,,,NOT_APPLICABLE_GLOBAL_BASELINE,HF9g-P5,,,,X 全窗基线 · 不参与实体赏罚,15051398,1506,A168_HF9F_20260827_0900,2026-08-27 09:00:00
2026-06-19,151416945,1714,0,402.9661633052,-220.6966744907,-220.6966744907,0.2857143,11,7,0.46383955321026049,0.386050185714,-0.9450249475282166,-0.5452768395600465,-0.9450249475282166,0.07778936749626049,ELIGIBLE,R03b_20260811_FULL_v1,L1_ELIGIBILITY,v2026-08-11,2026-03-21..2026-08-06,baccarat_bet02_101_all_pairs_incl_sentinel,round_win = game_pnl > 0 (decisive only),COMPATIBILITY_ONLY_NOT_PRODUCTION,331389.1826,302532.4021,9869.9372,6148,3572,-0.02978352,-0.04995611,-0.01815001,-0.02978352,-9869.9372,331389.1826,OK,0.0000,394.7975,4.0000,96.0000,AG03-UNRESOLVED,ALL5_LEVELS_bet23_to_bet27,394.7975,394.7975,394.7975,592.1962,592.1962,4.000000,4.000000,4.000000,6.000000,6.000000,96.000000,96.000000,96.000000,94.000000,94.000000,5.0,2368.7849,2154.0868,7501.1522,7715.8503,PENDING_AG03,FALSE,NOT_FOR_ENFORCEMENT,9475.1397,290431.1060,9869.9372,9475.1397,394.7975,0.02978352,0.02859218,394.7975,9475.1397,0.02859218,394.7975,394.7975,394.7975,592.1962,592.1962,9475.1397,0.02859218,2368.7849,2154.0868,7501.1522,7715.8503,0.02263548,0.02328335,0.00119134,53.9019,84.6955,2.7631,448.6335,33.5712,15063.1447,162.3636,47.6267,58.3345,10.3857,40.4073,83.0858,124.6287,155.7859,183.9513,20.7715,-10.2195,3.855389,4.552426,1.333965,18,97,34,8,0.36576351,0.02978352,0.04995611,0E-8,0.000000,0.912922,0.000000,-0.03180610,2026-06-13,2026-08-02,22,294,143,51,0.431373,0.816443,0.883581,1.219212,,,,,,,,GLOBAL_BASELINE_NO_ENTITY_RANKING,,,NOT_APPLICABLE_GLOBAL_BASELINE,HF9g-P5,,,,X 全窗基线 · 不参与实体赏罚,15051399,1506,A168_HF9F_20260827_0900,2026-08-27 09:00:00
2026-06-19,151416945,1990,0,2320.1711567621,294.9546143776,294.9546143776,0.6250000,47,24,0.43797187284004723,0.288132568750,1.846759791309089,3.6439206252731955,1.846759791309089,0.14983930409004723,ELIGIBLE,R03b_20260811_FULL_v1,L1_ELIGIBILITY,v2026-08-11,2026-03-21..2026-08-06,baccarat_bet02_101_all_pairs_incl_sentinel,round_win = game_pnl > 0 (decisive only),COMPATIBILITY_ONLY_NOT_PRODUCTION,331389.1826,302532.4021,9869.9372,6148,3572,-0.02978352,-0.04995611,-0.01815001,-0.02978352,-9869.9372,331389.1826,OK,0.0000,394.7975,4.0000,96.0000,AG03-UNRESOLVED,ALL5_LEVELS_bet23_to_bet27,394.7975,394.7975,394.7975,592.1962,592.1962,4.000000,4.000000,4.000000,6.000000,6.000000,96.000000,96.000000,96.000000,94.000000,94.000000,5.0,2368.7849,2154.0868,7501.1522,7715.8503,PENDING_AG03,FALSE,NOT_FOR_ENFORCEMENT,9475.1397,290431.1060,9869.9372,9475.1397,394.7975,0.02978352,0.02859218,394.7975,9475.1397,0.02859218,394.7975,394.7975,394.7975,592.1962,592.1962,9475.1397,0.02859218,2368.7849,2154.0868,7501.1522,7715.8503,0.02263548,0.02328335,0.00119134,53.9019,84.6955,2.7631,448.6335,33.5712,15063.1447,162.3636,47.6267,58.3345,10.3857,40.4073,83.0858,124.6287,155.7859,183.9513,20.7715,-10.2195,3.855389,4.552426,1.333965,18,97,34,8,0.36576351,0.02978352,0.04995611,0E-8,0.000000,0.912922,0.000000,-0.03180610,2026-06-13,2026-08-02,22,294,143,51,0.431373,0.816443,0.883581,1.219212,,,,,,,,GLOBAL_BASELINE_NO_ENTITY_RANKING,,,NOT_APPLICABLE_GLOBAL_BASELINE,HF9g-P5,,,,X 全窗基线 · 不参与实体赏罚,15051400,1506,A168_HF9F_20260827_0900,2026-08-27 09:00:00
2026-06-19,151416945,2127,0,228.4859688844,-25.9643146460,-25.9643146460,0.5000000,4,2,0.46919179999993442,0.300626750000,0.0873046356950978,0.6149128471998733,0.0873046356950978,0.16856504999993442,ELIGIBLE,R03b_20260811_FULL_v1,L1_ELIGIBILITY,v2026-08-11,2026-03-21..2026-08-06,baccarat_bet02_101_all_pairs_incl_sentinel,round_win = game_pnl > 0 (decisive only),COMPATIBILITY_ONLY_NOT_PRODUCTION,331389.1826,302532.4021,9869.9372,6148,3572,-0.02978352,-0.04995611,-0.01815001,-0.02978352,-9869.9372,331389.1826,OK,0.0000,394.7975,4.0000,96.0000,AG03-UNRESOLVED,ALL5_LEVELS_bet23_to_bet27,394.7975,394.7975,394.7975,592.1962,592.1962,4.000000,4.000000,4.000000,6.000000,6.000000,96.000000,96.000000,96.000000,94.000000,94.000000,5.0,2368.7849,2154.0868,7501.1522,7715.8503,PENDING_AG03,FALSE,NOT_FOR_ENFORCEMENT,9475.1397,290431.1060,9869.9372,9475.1397,394.7975,0.02978352,0.02859218,394.7975,9475.1397,0.02859218,394.7975,394.7975,394.7975,592.1962,592.1962,9475.1397,0.02859218,2368.7849,2154.0868,7501.1522,7715.8503,0.02263548,0.02328335,0.00119134,53.9019,84.6955,2.7631,448.6335,33.5712,15063.1447,162.3636,47.6267,58.3345,10.3857,40.4073,83.0858,124.6287,155.7859,183.9513,20.7715,-10.2195,3.855389,4.552426,1.333965,18,97,34,8,0.36576351,0.02978352,0.04995611,0E-8,0.000000,0.912922,0.000000,-0.03180610,2026-06-13,2026-08-02,22,294,143,51,0.431373,0.816443,0.883581,1.219212,,,,,,,,GLOBAL_BASELINE_NO_ENTITY_RANKING,,,NOT_APPLICABLE_GLOBAL_BASELINE,HF9g-P5,,,,X 全窗基线 · 不参与实体赏罚,15051401,1506,A168_HF9F_20260827_0900,2026-08-27 09:00:00
2026-06-19,151416945,2134,0,83.0858068671,-83.0858068671,-83.0858068671,0E-7,2,1,0.44341516249994003,0.293924150000,-0.8925644478798621,-0.6451964315166089,-0.8925644478798621,0.14949101249994003,ELIGIBLE,R03b_20260811_FULL_v1,L1_ELIGIBILITY,v2026-08-11,2026-03-21..2026-08-06,baccarat_bet02_101_all_pairs_incl_sentinel,round_win = game_pnl > 0 (decisive only),COMPATIBILITY_ONLY_NOT_PRODUCTION,331389.1826,302532.4021,9869.9372,6148,3572,-0.02978352,-0.04995611,-0.01815001,-0.02978352,-9869.9372,331389.1826,OK,0.0000,394.7975,4.0000,96.0000,AG03-UNRESOLVED,ALL5_LEVELS_bet23_to_bet27,394.7975,394.7975,394.7975,592.1962,592.1962,4.000000,4.000000,4.000000,6.000000,6.000000,96.000000,96.000000,96.000000,94.000000,94.000000,5.0,2368.7849,2154.0868,7501.1522,7715.8503,PENDING_AG03,FALSE,NOT_FOR_ENFORCEMENT,9475.1397,290431.1060,9869.9372,9475.1397,394.7975,0.02978352,0.02859218,394.7975,9475.1397,0.02859218,394.7975,394.7975,394.7975,592.1962,592.1962,9475.1397,0.02859218,2368.7849,2154.0868,7501.1522,7715.8503,0.02263548,0.02328335,0.00119134,53.9019,84.6955,2.7631,448.6335,33.5712,15063.1447,162.3636,47.6267,58.3345,10.3857,40.4073,83.0858,124.6287,155.7859,183.9513,20.7715,-10.2195,3.855389,4.552426,1.333965,18,97,34,8,0.36576351,0.02978352,0.04995611,0E-8,0.000000,0.912922,0.000000,-0.03180610,2026-06-13,2026-08-02,22,294,143,51,0.431373,0.816443,0.883581,1.219212,,,,,,,,GLOBAL_BASELINE_NO_ENTITY_RANKING,,,NOT_APPLICABLE_GLOBAL_BASELINE,HF9g-P5,,,,X 全窗基线 · 不参与实体赏罚,15051402,1506,A168_HF9F_20260827_0900,2026-08-27 09:00:00
2026-06-19,151416945,2155,0,1298.2157322976,-249.2574206014,-249.2574206014,0.6000000,20,10,0.45701876678704437,0.295264670000,0.9076525073727734,2.1125356348278888,0.9076525073727734,0.16175409678704437,ELIGIBLE,R03b_20260811_FULL_v1,L1_ELIGIBILITY,v2026-08-11,2026-03-21..2026-08-06,baccarat_bet02_101_all_pairs_incl_sentinel,round_win = game_pnl > 0 (decisive only),COMPATIBILITY_ONLY_NOT_PRODUCTION,331389.1826,302532.4021,9869.9372,6148,3572,-0.02978352,-0.04995611,-0.01815001,-0.02978352,-9869.9372,331389.1826,OK,0.0000,394.7975,4.0000,96.0000,AG03-UNRESOLVED,ALL5_LEVELS_bet23_to_bet27,394.7975,394.7975,394.7975,592.1962,592.1962,4.000000,4.000000,4.000000,6.000000,6.000000,96.000000,96.000000,96.000000,94.000000,94.000000,5.0,2368.7849,2154.0868,7501.1522,7715.8503,PENDING_AG03,FALSE,NOT_FOR_ENFORCEMENT,9475.1397,290431.1060,9869.9372,9475.1397,394.7975,0.02978352,0.02859218,394.7975,9475.1397,0.02859218,394.7975,394.7975,394.7975,592.1962,592.1962,9475.1397,0.02859218,2368.7849,2154.0868,7501.1522,7715.8503,0.02263548,0.02328335,0.00119134,53.9019,84.6955,2.7631,448.6335,33.5712,15063.1447,162.3636,47.6267,58.3345,10.3857,40.4073,83.0858,124.6287,155.7859,183.9513,20.7715,-10.2195,3.855389,4.552426,1.333965,18,97,34,8,0.36576351,0.02978352,0.04995611,0E-8,0.000000,0.912922,0.000000,-0.03180610,2026-06-13,2026-08-02,22,294,143,51,0.431373,0.816443,0.883581,1.219212,,,,,,,,GLOBAL_BASELINE_NO_ENTITY_RANKING,,,NOT_APPLICABLE_GLOBAL_BASELINE,HF9g-P5,,,,X 全窗基线 · 不参与实体赏罚,15051403,1506,A168_HF9F_20260827_0900,2026-08-27 09:00:00
2026-06-19,151416945,2267,0,2972.3947406687,-86.7208109179,-86.7208109179,0.5238095,41,21,0.45377426690406134,0.289220228571,0.6446446213259869,2.371024140151421,0.6446446213259869,0.16455403833306134,ELIGIBLE,R03b_20260811_FULL_v1,L1_ELIGIBILITY,v2026-08-11,2026-03-21..2026-08-06,baccarat_bet02_101_all_pairs_incl_sentinel,round_win = game_pnl > 0 (decisive only),COMPATIBILITY_ONLY_NOT_PRODUCTION,331389.1826,302532.4021,9869.9372,6148,3572,-0.02978352,-0.04995611,-0.01815001,-0.02978352,-9869.9372,331389.1826,OK,0.0000,394.7975,4.0000,96.0000,AG03-UNRESOLVED,ALL5_LEVELS_bet23_to_bet27,394.7975,394.7975,394.7975,592.1962,592.1962,4.000000,4.000000,4.000000,6.000000,6.000000,96.000000,96.000000,96.000000,94.000000,94.000000,5.0,2368.7849,2154.0868,7501.1522,7715.8503,PENDING_AG03,FALSE,NOT_FOR_ENFORCEMENT,9475.1397,290431.1060,9869.9372,9475.1397,394.7975,0.02978352,0.02859218,394.7975,9475.1397,0.02859218,394.7975,394.7975,394.7975,592.1962,592.1962,9475.1397,0.02859218,2368.7849,2154.0868,7501.1522,7715.8503,0.02263548,0.02328335,0.00119134,53.9019,84.6955,2.7631,448.6335,33.5712,15063.1447,162.3636,47.6267,58.3345,10.3857,40.4073,83.0858,124.6287,155.7859,183.9513,20.7715,-10.2195,3.855389,4.552426,1.333965,18,97,34,8,0.36576351,0.02978352,0.04995611,0E-8,0.000000,0.912922,0.000000,-0.03180610,2026-06-13,2026-08-02,22,294,143,51,0.431373,0.816443,0.883581,1.219212,,,,,,,,GLOBAL_BASELINE_NO_ENTITY_RANKING,,,NOT_APPLICABLE_GLOBAL_BASELINE,HF9g-P5,,,,X 全窗基线 · 不参与实体赏罚,15051404,1506,A168_HF9F_20260827_0900,2026-08-27 09:00:00
2026-06-19,151416945,2271,0,1493.4673784353,-13.5014436160,-13.5014436160,0.5882353,30,18,0.46406131219705403,0.363343533333,1.0266202643809217,1.927909798101239,1.0266202643809217,0.10071777886405403,ELIGIBLE,R03b_20260811_FULL_v1,L1_ELIGIBILITY,v2026-08-11,2026-03-21..2026-08-06,baccarat_bet02_101_all_pairs_incl_sentinel,round_win = game_pnl > 0 (decisive only),COMPATIBILITY_ONLY_NOT_PRODUCTION,331389.1826,302532.4021,9869.9372,6148,3572,-0.02978352,-0.04995611,-0.01815001,-0.02978352,-9869.9372,331389.1826,OK,0.0000,394.7975,4.0000,96.0000,AG03-UNRESOLVED,ALL5_LEVELS_bet23_to_bet27,394.7975,394.7975,394.7975,592.1962,592.1962,4.000000,4.000000,4.000000,6.000000,6.000000,96.000000,96.000000,96.000000,94.000000,94.000000,5.0,2368.7849,2154.0868,7501.1522,7715.8503,PENDING_AG03,FALSE,NOT_FOR_ENFORCEMENT,9475.1397,290431.1060,9869.9372,9475.1397,394.7975,0.02978352,0.02859218,394.7975,9475.1397,0.02859218,394.7975,394.7975,394.7975,592.1962,592.1962,9475.1397,0.02859218,2368.7849,2154.0868,7501.1522,7715.8503,0.02263548,0.02328335,0.00119134,53.9019,84.6955,2.7631,448.6335,33.5712,15063.1447,162.3636,47.6267,58.3345,10.3857,40.4073,83.0858,124.6287,155.7859,183.9513,20.7715,-10.2195,3.855389,4.552426,1.333965,18,97,34,8,0.36576351,0.02978352,0.04995611,0E-8,0.000000,0.912922,0.000000,-0.03180610,2026-06-13,2026-08-02,22,294,143,51,0.431373,0.816443,0.883581,1.219212,,,,,,,,GLOBAL_BASELINE_NO_ENTITY_RANKING,,,NOT_APPLICABLE_GLOBAL_BASELINE,HF9g-P5,,,,X 全窗基线 · 不参与实体赏罚,15051405,1506,A168_HF9F_20260827_0900,2026-08-27 09:00:00
2026-06-19,151416945,752,0,661.5707371788,-381.0003531146,-381.0003531146,0.3000000,12,10,0.49474817714282486,0.460083830000,-1.2317635698756482,-1.0157008457452388,-1.2317635698756482,0.03466434714282486,ELIGIBLE,R03b_20260811_FULL_v1,L1_ELIGIBILITY,v2026-08-11,2026-03-21..2026-08-06,baccarat_bet02_101_all_pairs_incl_sentinel,round_win = game_pnl > 0 (decisive only),COMPATIBILITY_ONLY_NOT_PRODUCTION,331389.1826,302532.4021,9869.9372,6148,3572,-0.02978352,-0.04995611,-0.01815001,-0.02978352,-9869.9372,331389.1826,OK,0.0000,394.7975,4.0000,96.0000,AG03-UNRESOLVED,ALL5_LEVELS_bet23_to_bet27,394.7975,394.7975,394.7975,592.1962,592.1962,4.000000,4.000000,4.000000,6.000000,6.000000,96.000000,96.000000,96.000000,94.000000,94.000000,5.0,2368.7849,2154.0868,7501.1522,7715.8503,PENDING_AG03,FALSE,NOT_FOR_ENFORCEMENT,9475.1397,290431.1060,9869.9372,9475.1397,394.7975,0.02978352,0.02859218,394.7975,9475.1397,0.02859218,394.7975,394.7975,394.7975,592.1962,592.1962,9475.1397,0.02859218,2368.7849,2154.0868,7501.1522,7715.8503,0.02263548,0.02328335,0.00119134,53.9019,84.6955,2.7631,448.6335,33.5712,15063.1447,162.3636,47.6267,58.3345,10.3857,40.4073,83.0858,124.6287,155.7859,183.9513,20.7715,-10.2195,3.855389,4.552426,1.333965,18,97,34,8,0.36576351,0.02978352,0.04995611,0E-8,0.000000,0.912922,0.000000,-0.03180610,2026-06-13,2026-08-02,22,294,143,51,0.431373,0.816443,0.883581,1.219212,,,,,,,,GLOBAL_BASELINE_NO_ENTITY_RANKING,,,NOT_APPLICABLE_GLOBAL_BASELINE,HF9g-P5,,,,X 全窗基线 · 不参与实体赏罚,15051406,1506,A168_HF9F_20260827_0900,2026-08-27 09:00:00
2026-06-19,151416945,763,0,3776.2499221074,315.7260660944,315.7260660944,0.6129032,59,31,0.46669832510637577,0.318618635484,1.6316919919888815,3.5165569575983193,1.6316919919888815,0.14807968962237577,ELIGIBLE,R03b_20260811_FULL_v1,L1_ELIGIBILITY,v2026-08-11,2026-03-21..2026-08-06,baccarat_bet02_101_all_pairs_incl_sentinel,round_win = game_pnl > 0 (decisive only),COMPATIBILITY_ONLY_NOT_PRODUCTION,331389.1826,302532.4021,9869.9372,6148,3572,-0.02978352,-0.04995611,-0.01815001,-0.02978352,-9869.9372,331389.1826,OK,0.0000,394.7975,4.0000,96.0000,AG03-UNRESOLVED,ALL5_LEVELS_bet23_to_bet27,394.7975,394.7975,394.7975,592.1962,592.1962,4.000000,4.000000,4.000000,6.000000,6.000000,96.000000,96.000000,96.000000,94.000000,94.000000,5.0,2368.7849,2154.0868,7501.1522,7715.8503,PENDING_AG03,FALSE,NOT_FOR_ENFORCEMENT,9475.1397,290431.1060,9869.9372,9475.1397,394.7975,0.02978352,0.02859218,394.7975,9475.1397,0.02859218,394.7975,394.7975,394.7975,592.1962,592.1962,9475.1397,0.02859218,2368.7849,2154.0868,7501.1522,7715.8503,0.02263548,0.02328335,0.00119134,53.9019,84.6955,2.7631,448.6335,33.5712,15063.1447,162.3636,47.6267,58.3345,10.3857,40.4073,83.0858,124.6287,155.7859,183.9513,20.7715,-10.2195,3.855389,4.552426,1.333965,18,97,34,8,0.36576351,0.02978352,0.04995611,0E-8,0.000000,0.912922,0.000000,-0.03180610,2026-06-13,2026-08-02,22,294,143,51,0.431373,0.816443,0.883581,1.219212,,,,,,,,GLOBAL_BASELINE_NO_ENTITY_RANKING,,,NOT_APPLICABLE_GLOBAL_BASELINE,HF9g-P5,,,,X 全窗基线 · 不参与实体赏罚,15051407,1506,A168_HF9F_20260827_0900,2026-08-27 09:00:00
2026-06-19,151416945,919,0,1634.7132501091,-296.5124732570,-296.5124732570,0.5000000,31,16,0.45868987326791539,0.309733034375,0.33161477079122315,1.6459668150282922,0.33161477079122315,0.14895683889291539,ELIGIBLE,R03b_20260811_FULL_v1,L1_ELIGIBILITY,v2026-08-11,2026-03-21..2026-08-06,baccarat_bet02_101_all_pairs_incl_sentinel,round_win = game_pnl > 0 (decisive only),COMPATIBILITY_ONLY_NOT_PRODUCTION,331389.1826,302532.4021,9869.9372,6148,3572,-0.02978352,-0.04995611,-0.01815001,-0.02978352,-9869.9372,331389.1826,OK,0.0000,394.7975,4.0000,96.0000,AG03-UNRESOLVED,ALL5_LEVELS_bet23_to_bet27,394.7975,394.7975,394.7975,592.1962,592.1962,4.000000,4.000000,4.000000,6.000000,6.000000,96.000000,96.000000,96.000000,94.000000,94.000000,5.0,2368.7849,2154.0868,7501.1522,7715.8503,PENDING_AG03,FALSE,NOT_FOR_ENFORCEMENT,9475.1397,290431.1060,9869.9372,9475.1397,394.7975,0.02978352,0.02859218,394.7975,9475.1397,0.02859218,394.7975,394.7975,394.7975,592.1962,592.1962,9475.1397,0.02859218,2368.7849,2154.0868,7501.1522,7715.8503,0.02263548,0.02328335,0.00119134,53.9019,84.6955,2.7631,448.6335,33.5712,15063.1447,162.3636,47.6267,58.3345,10.3857,40.4073,83.0858,124.6287,155.7859,183.9513,20.7715,-10.2195,3.855389,4.552426,1.333965,18,97,34,8,0.36576351,0.02978352,0.04995611,0E-8,0.000000,0.912922,0.000000,-0.03180610,2026-06-13,2026-08-02,22,294,143,51,0.431373,0.816443,0.883581,1.219212,,,,,,,,GLOBAL_BASELINE_NO_ENTITY_RANKING,,,NOT_APPLICABLE_GLOBAL_BASELINE,HF9g-P5,,,,X 全窗基线 · 不参与实体赏罚,15051408,1506,A168_HF9F_20260827_0900,2026-08-27 09:00:00
2026-06-19,151416945,987,0,2162.3081237150,191.0973557938,191.0973557938,0.6428571,27,14,0.46684968806491597,0.312470203571,1.320023644015907,2.667084779964323,1.320023644015907,0.15437948449391597,ELIGIBLE,R03b_20260811_FULL_v1,L1_ELIGIBILITY,v2026-08-11,2026-03-21..2026-08-06,baccarat_bet02_101_all_pairs_incl_sentinel,round_win = game_pnl > 0 (decisive only),COMPATIBILITY_ONLY_NOT_PRODUCTION,331389.1826,302532.4021,9869.9372,6148,3572,-0.02978352,-0.04995611,-0.01815001,-0.02978352,-9869.9372,331389.1826,OK,0.0000,394.7975,4.0000,96.0000,AG03-UNRESOLVED,ALL5_LEVELS_bet23_to_bet27,394.7975,394.7975,394.7975,592.1962,592.1962,4.000000,4.000000,4.000000,6.000000,6.000000,96.000000,96.000000,96.000000,94.000000,94.000000,5.0,2368.7849,2154.0868,7501.1522,7715.8503,PENDING_AG03,FALSE,NOT_FOR_ENFORCEMENT,9475.1397,290431.1060,9869.9372,9475.1397,394.7975,0.02978352,0.02859218,394.7975,9475.1397,0.02859218,394.7975,394.7975,394.7975,592.1962,592.1962,9475.1397,0.02859218,2368.7849,2154.0868,7501.1522,7715.8503,0.02263548,0.02328335,0.00119134,53.9019,84.6955,2.7631,448.6335,33.5712,15063.1447,162.3636,47.6267,58.3345,10.3857,40.4073,83.0858,124.6287,155.7859,183.9513,20.7715,-10.2195,3.855389,4.552426,1.333965,18,97,34,8,0.36576351,0.02978352,0.04995611,0E-8,0.000000,0.912922,0.000000,-0.03180610,2026-06-13,2026-08-02,22,294,143,51,0.431373,0.816443,0.883581,1.219212,,,,,,,,GLOBAL_BASELINE_NO_ENTITY_RANKING,,,NOT_APPLICABLE_GLOBAL_BASELINE,HF9g-P5,,,,X 全窗基线 · 不参与实体赏罚,15051409,1506,A168_HF9F_20260827_0900,2026-08-27 09:00:00
2026-06-20,151416945,1078,0,1022.9939970505,-293.9160417922,-293.9160417922,0.4166667,19,12,0.47922563906921027,0.385911512500,-0.43379586651309865,0.21885132799397072,-0.43379586651309865,0.09331412656921027,ELIGIBLE,R03b_20260811_FULL_v1,L1_ELIGIBILITY,v2026-08-11,2026-03-21..2026-08-06,baccarat_bet02_101_all_pairs_incl_sentinel,round_win = game_pnl > 0 (decisive only),COMPATIBILITY_ONLY_NOT_PRODUCTION,331389.1826,302532.4021,9869.9372,6148,3572,-0.02978352,-0.04995611,-0.01815001,-0.02978352,-9869.9372,331389.1826,OK,0.0000,394.7975,4.0000,96.0000,AG03-UNRESOLVED,ALL5_LEVELS_bet23_to_bet27,394.7975,394.7975,394.7975,592.1962,592.1962,4.000000,4.000000,4.000000,6.000000,6.000000,96.000000,96.000000,96.000000,94.000000,94.000000,5.0,2368.7849,2154.0868,7501.1522,7715.8503,PENDING_AG03,FALSE,NOT_FOR_ENFORCEMENT,9475.1397,290431.1060,9869.9372,9475.1397,394.7975,0.02978352,0.02859218,394.7975,9475.1397,0.02859218,394.7975,394.7975,394.7975,592.1962,592.1962,9475.1397,0.02859218,2368.7849,2154.0868,7501.1522,7715.8503,0.02263548,0.02328335,0.00119134,53.9019,84.6955,2.7631,448.6335,33.5712,15063.1447,162.3636,47.6267,58.3345,10.3857,40.4073,83.0858,124.6287,155.7859,183.9513,20.7715,-10.2195,3.855389,4.552426,1.333965,18,97,34,8,0.36576351,0.02978352,0.04995611,0E-8,0.000000,0.912922,0.000000,-0.03180610,2026-06-13,2026-08-02,22,294,143,51,0.431373,0.816443,0.883581,1.219212,,,,,,,,GLOBAL_BASELINE_NO_ENTITY_RANKING,,,NOT_APPLICABLE_GLOBAL_BASELINE,HF9g-P5,,,,X 全窗基线 · 不参与实体赏罚,15051410,1506,A168_HF9F_20260827_0900,2026-08-27 09:00:00
2026-06-20,151416945,1094,0,1412.4587167399,-294.9546143780,-294.9546143780,0.4000000,26,15,0.47106357549994904,0.351991750000,-0.5513802230049948,0.3893184584227515,-0.5513802230049948,0.11907182549994904,ELIGIBLE,R03b_20260811_FULL_v1,L1_ELIGIBILITY,v2026-08-11,2026-03-21..2026-08-06,baccarat_bet02_101_all_pairs_incl_sentinel,round_win = game_pnl > 0 (decisive only),COMPATIBILITY_ONLY_NOT_PRODUCTION,331389.1826,302532.4021,9869.9372,6148,3572,-0.02978352,-0.04995611,-0.01815001,-0.02978352,-9869.9372,331389.1826,OK,0.0000,394.7975,4.0000,96.0000,AG03-UNRESOLVED,ALL5_LEVELS_bet23_to_bet27,394.7975,394.7975,394.7975,592.1962,592.1962,4.000000,4.000000,4.000000,6.000000,6.000000,96.000000,96.000000,96.000000,94.000000,94.000000,5.0,2368.7849,2154.0868,7501.1522,7715.8503,PENDING_AG03,FALSE,NOT_FOR_ENFORCEMENT,9475.1397,290431.1060,9869.9372,9475.1397,394.7975,0.02978352,0.02859218,394.7975,9475.1397,0.02859218,394.7975,394.7975,394.7975,592.1962,592.1962,9475.1397,0.02859218,2368.7849,2154.0868,7501.1522,7715.8503,0.02263548,0.02328335,0.00119134,53.9019,84.6955,2.7631,448.6335,33.5712,15063.1447,162.3636,47.6267,58.3345,10.3857,40.4073,83.0858,124.6287,155.7859,183.9513,20.7715,-10.2195,3.855389,4.552426,1.333965,18,97,34,8,0.36576351,0.02978352,0.04995611,0E-8,0.000000,0.912922,0.000000,-0.03180610,2026-06-13,2026-08-02,22,294,143,51,0.431373,0.816443,0.883581,1.219212,,,,,,,,GLOBAL_BASELINE_NO_ENTITY_RANKING,,,NOT_APPLICABLE_GLOBAL_BASELINE,HF9g-P5,,,,X 全窗基线 · 不参与实体赏罚,15051411,1506,A168_HF9F_20260827_0900,2026-08-27 09:00:00
2026-06-20,151416945,1405,0,83.0858068671,62.3143551503,62.3143551503,1.0000000,2,1,0.44341516249994003,0.293924150000,1.1203672769796433,1.549915577879723,1.1203672769796433,0.14949101249994003,ELIGIBLE,R03b_20260811_FULL_v1,L1_ELIGIBILITY,v2026-08-11,2026-03-21..2026-08-06,baccarat_bet02_101_all_pairs_incl_sentinel,round_win = game_pnl > 0 (decisive only),COMPATIBILITY_ONLY_NOT_PRODUCTION,331389.1826,302532.4021,9869.9372,6148,3572,-0.02978352,-0.04995611,-0.01815001,-0.02978352,-9869.9372,331389.1826,OK,0.0000,394.7975,4.0000,96.0000,AG03-UNRESOLVED,ALL5_LEVELS_bet23_to_bet27,394.7975,394.7975,394.7975,592.1962,592.1962,4.000000,4.000000,4.000000,6.000000,6.000000,96.000000,96.000000,96.000000,94.000000,94.000000,5.0,2368.7849,2154.0868,7501.1522,7715.8503,PENDING_AG03,FALSE,NOT_FOR_ENFORCEMENT,9475.1397,290431.1060,9869.9372,9475.1397,394.7975,0.02978352,0.02859218,394.7975,9475.1397,0.02859218,394.7975,394.7975,394.7975,592.1962,592.1962,9475.1397,0.02859218,2368.7849,2154.0868,7501.1522,7715.8503,0.02263548,0.02328335,0.00119134,53.9019,84.6955,2.7631,448.6335,33.5712,15063.1447,162.3636,47.6267,58.3345,10.3857,40.4073,83.0858,124.6287,155.7859,183.9513,20.7715,-10.2195,3.855389,4.552426,1.333965,18,97,34,8,0.36576351,0.02978352,0.04995611,0E-8,0.000000,0.912922,0.000000,-0.03180610,2026-06-13,2026-08-02,22,294,143,51,0.431373,0.816443,0.883581,1.219212,,,,,,,,GLOBAL_BASELINE_NO_ENTITY_RANKING,,,NOT_APPLICABLE_GLOBAL_BASELINE,HF9g-P5,,,,X 全窗基线 · 不参与实体赏罚,15051412,1506,A168_HF9F_20260827_0900,2026-08-27 09:00:00
2026-06-20,151416945,1646,0,879.2555511707,-145.4001620174,-145.4001620174,0.4545455,20,12,0.46569564365073635,0.365950100000,-0.07413667946354174,0.6100067472759422,-0.07413667946354174,0.09974554365073635,ELIGIBLE,R03b_20260811_FULL_v1,L1_ELIGIBILITY,v2026-08-11,2026-03-21..2026-08-06,baccarat_bet02_101_all_pairs_incl_sentinel,round_win = game_pnl > 0 (decisive only),COMPATIBILITY_ONLY_NOT_PRODUCTION,331389.1826,302532.4021,9869.9372,6148,3572,-0.02978352,-0.04995611,-0.01815001,-0.02978352,-9869.9372,331389.1826,OK,0.0000,394.7975,4.0000,96.0000,AG03-UNRESOLVED,ALL5_LEVELS_bet23_to_bet27,394.7975,394.7975,394.7975,592.1962,592.1962,4.000000,4.000000,4.000000,6.000000,6.000000,96.000000,96.000000,96.000000,94.000000,94.000000,5.0,2368.7849,2154.0868,7501.1522,7715.8503,PENDING_AG03,FALSE,NOT_FOR_ENFORCEMENT,9475.1397,290431.1060,9869.9372,9475.1397,394.7975,0.02978352,0.02859218,394.7975,9475.1397,0.02859218,394.7975,394.7975,394.7975,592.1962,592.1962,9475.1397,0.02859218,2368.7849,2154.0868,7501.1522,7715.8503,0.02263548,0.02328335,0.00119134,53.9019,84.6955,2.7631,448.6335,33.5712,15063.1447,162.3636,47.6267,58.3345,10.3857,40.4073,83.0858,124.6287,155.7859,183.9513,20.7715,-10.2195,3.855389,4.552426,1.333965,18,97,34,8,0.36576351,0.02978352,0.04995611,0E-8,0.000000,0.912922,0.000000,-0.03180610,2026-06-13,2026-08-02,22,294,143,51,0.431373,0.816443,0.883581,1.219212,,,,,,,,GLOBAL_BASELINE_NO_ENTITY_RANKING,,,NOT_APPLICABLE_GLOBAL_BASELINE,HF9g-P5,,,,X 全窗基线 · 不参与实体赏罚,15051413,1506,A168_HF9F_20260827_0900,2026-08-27 09:00:00
2026-06-20,151416945,1985,0,1454.0016201731,-475.6662443138,-475.6662443138,0.3333333,23,13,0.46061764434280151,0.344046061538,-0.8845998192273323,-0.07811703342923447,-0.8845998192273323,0.11657158280480151,ELIGIBLE,R03b_20260811_FULL_v1,L1_ELIGIBILITY,v2026-08-11,2026-03-21..2026-08-06,baccarat_bet02_101_all_pairs_incl_sentinel,round_win = game_pnl > 0 (decisive only),COMPATIBILITY_ONLY_NOT_PRODUCTION,331389.1826,302532.4021,9869.9372,6148,3572,-0.02978352,-0.04995611,-0.01815001,-0.02978352,-9869.9372,331389.1826,OK,0.0000,394.7975,4.0000,96.0000,AG03-UNRESOLVED,ALL5_LEVELS_bet23_to_bet27,394.7975,394.7975,394.7975,592.1962,592.1962,4.000000,4.000000,4.000000,6.000000,6.000000,96.000000,96.000000,96.000000,94.000000,94.000000,5.0,2368.7849,2154.0868,7501.1522,7715.8503,PENDING_AG03,FALSE,NOT_FOR_ENFORCEMENT,9475.1397,290431.1060,9869.9372,9475.1397,394.7975,0.02978352,0.02859218,394.7975,9475.1397,0.02859218,394.7975,394.7975,394.7975,592.1962,592.1962,9475.1397,0.02859218,2368.7849,2154.0868,7501.1522,7715.8503,0.02263548,0.02328335,0.00119134,53.9019,84.6955,2.7631,448.6335,33.5712,15063.1447,162.3636,47.6267,58.3345,10.3857,40.4073,83.0858,124.6287,155.7859,183.9513,20.7715,-10.2195,3.855389,4.552426,1.333965,18,97,34,8,0.36576351,0.02978352,0.04995611,0E-8,0.000000,0.912922,0.000000,-0.03180610,2026-06-13,2026-08-02,22,294,143,51,0.431373,0.816443,0.883581,1.219212,,,,,,,,GLOBAL_BASELINE_NO_ENTITY_RANKING,,,NOT_APPLICABLE_GLOBAL_BASELINE,HF9g-P5,,,,X 全窗基线 · 不参与实体赏罚,15051414,1506,A168_HF9F_20260827_0900,2026-08-27 09:00:00
2026-06-20,151416945,2127,0,1622.2503790790,-232.1209729351,-232.1209729351,0.4736842,33,21,0.45415590549231166,0.364194657143,0.17096395646120693,0.9917920278330221,0.17096395646120693,0.08996124834931166,ELIGIBLE,R03b_20260811_FULL_v1,L1_ELIGIBILITY,v2026-08-11,2026-03-21..2026-08-06,baccarat_bet02_101_all_pairs_incl_sentinel,round_win = game_pnl > 0 (decisive only),COMPATIBILITY_ONLY_NOT_PRODUCTION,331389.1826,302532.4021,9869.9372,6148,3572,-0.02978352,-0.04995611,-0.01815001,-0.02978352,-9869.9372,331389.1826,OK,0.0000,394.7975,4.0000,96.0000,AG03-UNRESOLVED,ALL5_LEVELS_bet23_to_bet27,394.7975,394.7975,394.7975,592.1962,592.1962,4.000000,4.000000,4.000000,6.000000,6.000000,96.000000,96.000000,96.000000,94.000000,94.000000,5.0,2368.7849,2154.0868,7501.1522,7715.8503,PENDING_AG03,FALSE,NOT_FOR_ENFORCEMENT,9475.1397,290431.1060,9869.9372,9475.1397,394.7975,0.02978352,0.02859218,394.7975,9475.1397,0.02859218,394.7975,394.7975,394.7975,592.1962,592.1962,9475.1397,0.02859218,2368.7849,2154.0868,7501.1522,7715.8503,0.02263548,0.02328335,0.00119134,53.9019,84.6955,2.7631,448.6335,33.5712,15063.1447,162.3636,47.6267,58.3345,10.3857,40.4073,83.0858,124.6287,155.7859,183.9513,20.7715,-10.2195,3.855389,4.552426,1.333965,18,97,34,8,0.36576351,0.02978352,0.04995611,0E-8,0.000000,0.912922,0.000000,-0.03180610,2026-06-13,2026-08-02,22,294,143,51,0.431373,0.816443,0.883581,1.219212,,,,,,,,GLOBAL_BASELINE_NO_ENTITY_RANKING,,,NOT_APPLICABLE_GLOBAL_BASELINE,HF9g-P5,,,,X 全窗基线 · 不参与实体赏罚,15051415,1506,A168_HF9F_20260827_0900,2026-08-27 09:00:00
2026-06-20,151416945,2134,0,207.7145171676,-207.7145171676,-207.7145171676,0E-7,3,2,0.48948203749997245,0.403638725000,-1.3847706933804722,-1.1634740288448888,-1.3847706933804722,0.08584331249997245,ELIGIBLE,R03b_20260811_FULL_v1,L1_ELIGIBILITY,v2026-08-11,2026-03-21..2026-08-06,baccarat_bet02_101_all_pairs_incl_sentinel,round_win = game_pnl > 0 (decisive only),COMPATIBILITY_ONLY_NOT_PRODUCTION,331389.1826,302532.4021,9869.9372,6148,3572,-0.02978352,-0.04995611,-0.01815001,-0.02978352,-9869.9372,331389.1826,OK,0.0000,394.7975,4.0000,96.0000,AG03-UNRESOLVED,ALL5_LEVELS_bet23_to_bet27,394.7975,394.7975,394.7975,592.1962,592.1962,4.000000,4.000000,4.000000,6.000000,6.000000,96.000000,96.000000,96.000000,94.000000,94.000000,5.0,2368.7849,2154.0868,7501.1522,7715.8503,PENDING_AG03,FALSE,NOT_FOR_ENFORCEMENT,9475.1397,290431.1060,9869.9372,9475.1397,394.7975,0.02978352,0.02859218,394.7975,9475.1397,0.02859218,394.7975,394.7975,394.7975,592.1962,592.1962,9475.1397,0.02859218,2368.7849,2154.0868,7501.1522,7715.8503,0.02263548,0.02328335,0.00119134,53.9019,84.6955,2.7631,448.6335,33.5712,15063.1447,162.3636,47.6267,58.3345,10.3857,40.4073,83.0858,124.6287,155.7859,183.9513,20.7715,-10.2195,3.855389,4.552426,1.333965,18,97,34,8,0.36576351,0.02978352,0.04995611,0E-8,0.000000,0.912922,0.000000,-0.03180610,2026-06-13,2026-08-02,22,294,143,51,0.431373,0.816443,0.883581,1.219212,,,,,,,,GLOBAL_BASELINE_NO_ENTITY_RANKING,,,NOT_APPLICABLE_GLOBAL_BASELINE,HF9g-P5,,,,X 全窗基线 · 不参与实体赏罚,15051416,1506,A168_HF9F_20260827_0900,2026-08-27 09:00:00
2026-06-20,151416945,2155,0,172.4030492491,-172.4030492491,-172.4030492491,0E-7,6,3,0.41567258055540076,0.298392550000,-1.4608586054650983,-1.1295553563208613,-1.4608586054650983,0.11728003055540076,ELIGIBLE,R03b_20260811_FULL_v1,L1_ELIGIBILITY,v2026-08-11,2026-03-21..2026-08-06,baccarat_bet02_101_all_pairs_incl_sentinel,round_win = game_pnl > 0 (decisive only),COMPATIBILITY_ONLY_NOT_PRODUCTION,331389.1826,302532.4021,9869.9372,6148,3572,-0.02978352,-0.04995611,-0.01815001,-0.02978352,-9869.9372,331389.1826,OK,0.0000,394.7975,4.0000,96.0000,AG03-UNRESOLVED,ALL5_LEVELS_bet23_to_bet27,394.7975,394.7975,394.7975,592.1962,592.1962,4.000000,4.000000,4.000000,6.000000,6.000000,96.000000,96.000000,96.000000,94.000000,94.000000,5.0,2368.7849,2154.0868,7501.1522,7715.8503,PENDING_AG03,FALSE,NOT_FOR_ENFORCEMENT,9475.1397,290431.1060,9869.9372,9475.1397,394.7975,0.02978352,0.02859218,394.7975,9475.1397,0.02859218,394.7975,394.7975,394.7975,592.1962,592.1962,9475.1397,0.02859218,2368.7849,2154.0868,7501.1522,7715.8503,0.02263548,0.02328335,0.00119134,53.9019,84.6955,2.7631,448.6335,33.5712,15063.1447,162.3636,47.6267,58.3345,10.3857,40.4073,83.0858,124.6287,155.7859,183.9513,20.7715,-10.2195,3.855389,4.552426,1.333965,18,97,34,8,0.36576351,0.02978352,0.04995611,0E-8,0.000000,0.912922,0.000000,-0.03180610,2026-06-13,2026-08-02,22,294,143,51,0.431373,0.816443,0.883581,1.219212,,,,,,,,GLOBAL_BASELINE_NO_ENTITY_RANKING,,,NOT_APPLICABLE_GLOBAL_BASELINE,HF9g-P5,,,,X 全窗基线 · 不参与实体赏罚,15051417,1506,A168_HF9F_20260827_0900,2026-08-27 09:00:00
2026-06-20,151416945,2267,0,218.1002430261,28.0414598176,28.0414598176,0.6666667,5,3,0.46148245892852445,0.362598800000,0.7128974036091248,1.095497863370407,0.7128974036091248,0.09888365892852445,ELIGIBLE,R03b_20260811_FULL_v1,L1_ELIGIBILITY,v2026-08-11,2026-03-21..2026-08-06,baccarat_bet02_101_all_pairs_incl_sentinel,round_win = game_pnl > 0 (decisive only),COMPATIBILITY_ONLY_NOT_PRODUCTION,331389.1826,302532.4021,9869.9372,6148,3572,-0.02978352,-0.04995611,-0.01815001,-0.02978352,-9869.9372,331389.1826,OK,0.0000,394.7975,4.0000,96.0000,AG03-UNRESOLVED,ALL5_LEVELS_bet23_to_bet27,394.7975,394.7975,394.7975,592.1962,592.1962,4.000000,4.000000,4.000000,6.000000,6.000000,96.000000,96.000000,96.000000,94.000000,94.000000,5.0,2368.7849,2154.0868,7501.1522,7715.8503,PENDING_AG03,FALSE,NOT_FOR_ENFORCEMENT,9475.1397,290431.1060,9869.9372,9475.1397,394.7975,0.02978352,0.02859218,394.7975,9475.1397,0.02859218,394.7975,394.7975,394.7975,592.1962,592.1962,9475.1397,0.02859218,2368.7849,2154.0868,7501.1522,7715.8503,0.02263548,0.02328335,0.00119134,53.9019,84.6955,2.7631,448.6335,33.5712,15063.1447,162.3636,47.6267,58.3345,10.3857,40.4073,83.0858,124.6287,155.7859,183.9513,20.7715,-10.2195,3.855389,4.552426,1.333965,18,97,34,8,0.36576351,0.02978352,0.04995611,0E-8,0.000000,0.912922,0.000000,-0.03180610,2026-06-13,2026-08-02,22,294,143,51,0.431373,0.816443,0.883581,1.219212,,,,,,,,GLOBAL_BASELINE_NO_ENTITY_RANKING,,,NOT_APPLICABLE_GLOBAL_BASELINE,HF9g-P5,,,,X 全窗基线 · 不参与实体赏罚,15051418,1506,A168_HF9F_20260827_0900,2026-08-27 09:00:00
2026-06-20,151416945,529,0,2128.6583719334,651.7250690649,651.7250690649,0.7619048,38,22,0.46960194039292062,0.355291781818,2.6839643945740415,3.8932895268801437,2.6839643945740415,0.11431015857492062,ELIGIBLE,R03b_20260811_FULL_v1,L1_ELIGIBILITY,v2026-08-11,2026-03-21..2026-08-06,baccarat_bet02_101_all_pairs_incl_sentinel,round_win = game_pnl > 0 (decisive only),COMPATIBILITY_ONLY_NOT_PRODUCTION,331389.1826,302532.4021,9869.9372,6148,3572,-0.02978352,-0.04995611,-0.01815001,-0.02978352,-9869.9372,331389.1826,OK,0.0000,394.7975,4.0000,96.0000,AG03-UNRESOLVED,ALL5_LEVELS_bet23_to_bet27,394.7975,394.7975,394.7975,592.1962,592.1962,4.000000,4.000000,4.000000,6.000000,6.000000,96.000000,96.000000,96.000000,94.000000,94.000000,5.0,2368.7849,2154.0868,7501.1522,7715.8503,PENDING_AG03,FALSE,NOT_FOR_ENFORCEMENT,9475.1397,290431.1060,9869.9372,9475.1397,394.7975,0.02978352,0.02859218,394.7975,9475.1397,0.02859218,394.7975,394.7975,394.7975,592.1962,592.1962,9475.1397,0.02859218,2368.7849,2154.0868,7501.1522,7715.8503,0.02263548,0.02328335,0.00119134,53.9019,84.6955,2.7631,448.6335,33.5712,15063.1447,162.3636,47.6267,58.3345,10.3857,40.4073,83.0858,124.6287,155.7859,183.9513,20.7715,-10.2195,3.855389,4.552426,1.333965,18,97,34,8,0.36576351,0.02978352,0.04995611,0E-8,0.000000,0.912922,0.000000,-0.03180610,2026-06-13,2026-08-02,22,294,143,51,0.431373,0.816443,0.883581,1.219212,,,,,,,,GLOBAL_BASELINE_NO_ENTITY_RANKING,,,NOT_APPLICABLE_GLOBAL_BASELINE,HF9g-P5,,,,X 全窗基线 · 不参与实体赏罚,15051419,1506,A168_HF9F_20260827_0900,2026-08-27 09:00:00
2026-06-23,151416945,1318,0,24.9257420601,-8.3085806867,-8.3085806867,0.5000000,2,2,0.49324550000000000,0.493245500000,0.01910635448239258,0.01910635448239258,0.01910635448239258,0E-17,ELIGIBLE,R03b_20260811_FULL_v1,L1_ELIGIBILITY,v2026-08-11,2026-03-21..2026-08-06,baccarat_bet02_101_all_pairs_incl_sentinel,round_win = game_pnl > 0 (decisive only),COMPATIBILITY_ONLY_NOT_PRODUCTION,331389.1826,302532.4021,9869.9372,6148,3572,-0.02978352,-0.04995611,-0.01815001,-0.02978352,-9869.9372,331389.1826,OK,0.0000,394.7975,4.0000,96.0000,AG03-UNRESOLVED,ALL5_LEVELS_bet23_to_bet27,394.7975,394.7975,394.7975,592.1962,592.1962,4.000000,4.000000,4.000000,6.000000,6.000000,96.000000,96.000000,96.000000,94.000000,94.000000,5.0,2368.7849,2154.0868,7501.1522,7715.8503,PENDING_AG03,FALSE,NOT_FOR_ENFORCEMENT,9475.1397,290431.1060,9869.9372,9475.1397,394.7975,0.02978352,0.02859218,394.7975,9475.1397,0.02859218,394.7975,394.7975,394.7975,592.1962,592.1962,9475.1397,0.02859218,2368.7849,2154.0868,7501.1522,7715.8503,0.02263548,0.02328335,0.00119134,53.9019,84.6955,2.7631,448.6335,33.5712,15063.1447,162.3636,47.6267,58.3345,10.3857,40.4073,83.0858,124.6287,155.7859,183.9513,20.7715,-10.2195,3.855389,4.552426,1.333965,18,97,34,8,0.36576351,0.02978352,0.04995611,0E-8,0.000000,0.912922,0.000000,-0.03180610,2026-06-13,2026-08-02,22,294,143,51,0.431373,0.816443,0.883581,1.219212,,,,,,,,GLOBAL_BASELINE_NO_ENTITY_RANKING,,,NOT_APPLICABLE_GLOBAL_BASELINE,HF9g-P5,,,,X 全窗基线 · 不参与实体赏罚,15051420,1506,A168_HF9F_20260827_0900,2026-08-27 09:00:00
2026-06-23,151416945,1383,0,101.7801134121,-93.4715327254,-93.4715327254,0E-7,3,3,0.50218230000000000,0.502182300000,-1.4203995680682369,-1.4203995680682369,-1.4203995680682369,0E-17,ELIGIBLE,R03b_20260811_FULL_v1,L1_ELIGIBILITY,v2026-08-11,2026-03-21..2026-08-06,baccarat_bet02_101_all_pairs_incl_sentinel,round_win = game_pnl > 0 (decisive only),COMPATIBILITY_ONLY_NOT_PRODUCTION,331389.1826,302532.4021,9869.9372,6148,3572,-0.02978352,-0.04995611,-0.01815001,-0.02978352,-9869.9372,331389.1826,OK,0.0000,394.7975,4.0000,96.0000,AG03-UNRESOLVED,ALL5_LEVELS_bet23_to_bet27,394.7975,394.7975,394.7975,592.1962,592.1962,4.000000,4.000000,4.000000,6.000000,6.000000,96.000000,96.000000,96.000000,94.000000,94.000000,5.0,2368.7849,2154.0868,7501.1522,7715.8503,PENDING_AG03,FALSE,NOT_FOR_ENFORCEMENT,9475.1397,290431.1060,9869.9372,9475.1397,394.7975,0.02978352,0.02859218,394.7975,9475.1397,0.02859218,394.7975,394.7975,394.7975,592.1962,592.1962,9475.1397,0.02859218,2368.7849,2154.0868,7501.1522,7715.8503,0.02263548,0.02328335,0.00119134,53.9019,84.6955,2.7631,448.6335,33.5712,15063.1447,162.3636,47.6267,58.3345,10.3857,40.4073,83.0858,124.6287,155.7859,183.9513,20.7715,-10.2195,3.855389,4.552426,1.333965,18,97,34,8,0.36576351,0.02978352,0.04995611,0E-8,0.000000,0.912922,0.000000,-0.03180610,2026-06-13,2026-08-02,22,294,143,51,0.431373,0.816443,0.883581,1.219212,,,,,,,,GLOBAL_BASELINE_NO_ENTITY_RANKING,,,NOT_APPLICABLE_GLOBAL_BASELINE,HF9g-P5,,,,X 全窗基线 · 不参与实体赏罚,15051421,1506,A168_HF9F_20260827_0900,2026-08-27 09:00:00
2026-06-23,151416945,1384,0,155.7858878756,-12.4628710301,-12.4628710301,0.5000000,4,4,0.49659680000000000,0.496596800000,0.013613115331600182,0.013613115331600183,0.013613115331600182,0E-17,ELIGIBLE,R03b_20260811_FULL_v1,L1_ELIGIBILITY,v2026-08-11,2026-03-21..2026-08-06,baccarat_bet02_101_all_pairs_incl_sentinel,round_win = game_pnl > 0 (decisive only),COMPATIBILITY_ONLY_NOT_PRODUCTION,331389.1826,302532.4021,9869.9372,6148,3572,-0.02978352,-0.04995611,-0.01815001,-0.02978352,-9869.9372,331389.1826,OK,0.0000,394.7975,4.0000,96.0000,AG03-UNRESOLVED,ALL5_LEVELS_bet23_to_bet27,394.7975,394.7975,394.7975,592.1962,592.1962,4.000000,4.000000,4.000000,6.000000,6.000000,96.000000,96.000000,96.000000,94.000000,94.000000,5.0,2368.7849,2154.0868,7501.1522,7715.8503,PENDING_AG03,FALSE,NOT_FOR_ENFORCEMENT,9475.1397,290431.1060,9869.9372,9475.1397,394.7975,0.02978352,0.02859218,394.7975,9475.1397,0.02859218,394.7975,394.7975,394.7975,592.1962,592.1962,9475.1397,0.02859218,2368.7849,2154.0868,7501.1522,7715.8503,0.02263548,0.02328335,0.00119134,53.9019,84.6955,2.7631,448.6335,33.5712,15063.1447,162.3636,47.6267,58.3345,10.3857,40.4073,83.0858,124.6287,155.7859,183.9513,20.7715,-10.2195,3.855389,4.552426,1.333965,18,97,34,8,0.36576351,0.02978352,0.04995611,0E-8,0.000000,0.912922,0.000000,-0.03180610,2026-06-13,2026-08-02,22,294,143,51,0.431373,0.816443,0.883581,1.219212,,,,,,,,GLOBAL_BASELINE_NO_ENTITY_RANKING,,,NOT_APPLICABLE_GLOBAL_BASELINE,HF9g-P5,,,,X 全窗基线 · 不参与实体赏罚,15051422,1506,A168_HF9F_20260827_0900,2026-08-27 09:00:00
2026-06-23,151416945,1942,0,83.0858068670,0E-10,0E-10,0.5000000,2,2,0.49324550000000000,0.493245500000,0.01910635448239258,0.01910635448239258,0.01910635448239258,0E-17,ELIGIBLE,R03b_20260811_FULL_v1,L1_ELIGIBILITY,v2026-08-11,2026-03-21..2026-08-06,baccarat_bet02_101_all_pairs_incl_sentinel,round_win = game_pnl > 0 (decisive only),COMPATIBILITY_ONLY_NOT_PRODUCTION,331389.1826,302532.4021,9869.9372,6148,3572,-0.02978352,-0.04995611,-0.01815001,-0.02978352,-9869.9372,331389.1826,OK,0.0000,394.7975,4.0000,96.0000,AG03-UNRESOLVED,ALL5_LEVELS_bet23_to_bet27,394.7975,394.7975,394.7975,592.1962,592.1962,4.000000,4.000000,4.000000,6.000000,6.000000,96.000000,96.000000,96.000000,94.000000,94.000000,5.0,2368.7849,2154.0868,7501.1522,7715.8503,PENDING_AG03,FALSE,NOT_FOR_ENFORCEMENT,9475.1397,290431.1060,9869.9372,9475.1397,394.7975,0.02978352,0.02859218,394.7975,9475.1397,0.02859218,394.7975,394.7975,394.7975,592.1962,592.1962,9475.1397,0.02859218,2368.7849,2154.0868,7501.1522,7715.8503,0.02263548,0.02328335,0.00119134,53.9019,84.6955,2.7631,448.6335,33.5712,15063.1447,162.3636,47.6267,58.3345,10.3857,40.4073,83.0858,124.6287,155.7859,183.9513,20.7715,-10.2195,3.855389,4.552426,1.333965,18,97,34,8,0.36576351,0.02978352,0.04995611,0E-8,0.000000,0.912922,0.000000,-0.03180610,2026-06-13,2026-08-02,22,294,143,51,0.431373,0.816443,0.883581,1.219212,,,,,,,,GLOBAL_BASELINE_NO_ENTITY_RANKING,,,NOT_APPLICABLE_GLOBAL_BASELINE,HF9g-P5,,,,X 全窗基线 · 不参与实体赏罚,15051423,1506,A168_HF9F_20260827_0900,2026-08-27 09:00:00
2026-06-23,151416945,2208,0,91.3943875538,-10.3857258585,-10.3857258585,0.5000000,3,2,0.48948203749982780,0.403638725000,0.029755874799213995,0.27775789067037676,0.029755874799213995,0.08584331249982780,ELIGIBLE,R03b_20260811_FULL_v1,L1_ELIGIBILITY,v2026-08-11,2026-03-21..2026-08-06,baccarat_bet02_101_all_pairs_incl_sentinel,round_win = game_pnl > 0 (decisive only),COMPATIBILITY_ONLY_NOT_PRODUCTION,331389.1826,302532.4021,9869.9372,6148,3572,-0.02978352,-0.04995611,-0.01815001,-0.02978352,-9869.9372,331389.1826,OK,0.0000,394.7975,4.0000,96.0000,AG03-UNRESOLVED,ALL5_LEVELS_bet23_to_bet27,394.7975,394.7975,394.7975,592.1962,592.1962,4.000000,4.000000,4.000000,6.000000,6.000000,96.000000,96.000000,96.000000,94.000000,94.000000,5.0,2368.7849,2154.0868,7501.1522,7715.8503,PENDING_AG03,FALSE,NOT_FOR_ENFORCEMENT,9475.1397,290431.1060,9869.9372,9475.1397,394.7975,0.02978352,0.02859218,394.7975,9475.1397,0.02859218,394.7975,394.7975,394.7975,592.1962,592.1962,9475.1397,0.02859218,2368.7849,2154.0868,7501.1522,7715.8503,0.02263548,0.02328335,0.00119134,53.9019,84.6955,2.7631,448.6335,33.5712,15063.1447,162.3636,47.6267,58.3345,10.3857,40.4073,83.0858,124.6287,155.7859,183.9513,20.7715,-10.2195,3.855389,4.552426,1.333965,18,97,34,8,0.36576351,0.02978352,0.04995611,0E-8,0.000000,0.912922,0.000000,-0.03180610,2026-06-13,2026-08-02,22,294,143,51,0.431373,0.816443,0.883581,1.219212,,,,,,,,GLOBAL_BASELINE_NO_ENTITY_RANKING,,,NOT_APPLICABLE_GLOBAL_BASELINE,HF9g-P5,,,,X 全窗基线 · 不参与实体赏罚,15051424,1506,A168_HF9F_20260827_0900,2026-08-27 09:00:00
2026-06-28,151416945,1157,0,2243.3167854112,709.3450761263,709.3450761263,0.6428571,44,14,0.43421143103930323,0.257373235034,1.575055169699713,3.299159264714637,1.575055169699713,0.17683819600530323,ELIGIBLE,R03b_20260811_FULL_v1,L1_ELIGIBILITY,v2026-08-11,2026-03-21..2026-08-06,baccarat_bet02_101_all_pairs_incl_sentinel,round_win = game_pnl > 0 (decisive only),COMPATIBILITY_ONLY_NOT_PRODUCTION,331389.1826,302532.4021,9869.9372,6148,3572,-0.02978352,-0.04995611,-0.01815001,-0.02978352,-9869.9372,331389.1826,OK,0.0000,394.7975,4.0000,96.0000,AG03-UNRESOLVED,ALL5_LEVELS_bet23_to_bet27,394.7975,394.7975,394.7975,592.1962,592.1962,4.000000,4.000000,4.000000,6.000000,6.000000,96.000000,96.000000,96.000000,94.000000,94.000000,5.0,2368.7849,2154.0868,7501.1522,7715.8503,PENDING_AG03,FALSE,NOT_FOR_ENFORCEMENT,9475.1397,290431.1060,9869.9372,9475.1397,394.7975,0.02978352,0.02859218,394.7975,9475.1397,0.02859218,394.7975,394.7975,394.7975,592.1962,592.1962,9475.1397,0.02859218,2368.7849,2154.0868,7501.1522,7715.8503,0.02263548,0.02328335,0.00119134,53.9019,84.6955,2.7631,448.6335,33.5712,15063.1447,162.3636,47.6267,58.3345,10.3857,40.4073,83.0858,124.6287,155.7859,183.9513,20.7715,-10.2195,3.855389,4.552426,1.333965,18,97,34,8,0.36576351,0.02978352,0.04995611,0E-8,0.000000,0.912922,0.000000,-0.03180610,2026-06-13,2026-08-02,22,294,143,51,0.431373,0.816443,0.883581,1.219212,,,,,,,,GLOBAL_BASELINE_NO_ENTITY_RANKING,,,NOT_APPLICABLE_GLOBAL_BASELINE,HF9g-P5,,,,X 全窗基线 · 不参与实体赏罚,15051425,1506,A168_HF9F_20260827_0900,2026-08-27 09:00:00
2026-06-28,151416945,1205,0,145.4001620174,-20.7714517168,-20.7714517168,0.5000000,3,2,0.46833033124997002,0.393584825000,0.08975557499021694,0.308045137873246,0.08975557499021694,0.07474550624997002,ELIGIBLE,R03b_20260811_FULL_v1,L1_ELIGIBILITY,v2026-08-11,2026-03-21..2026-08-06,baccarat_bet02_101_all_pairs_incl_sentinel,round_win = game_pnl > 0 (decisive only),COMPATIBILITY_ONLY_NOT_PRODUCTION,331389.1826,302532.4021,9869.9372,6148,3572,-0.02978352,-0.04995611,-0.01815001,-0.02978352,-9869.9372,331389.1826,OK,0.0000,394.7975,4.0000,96.0000,AG03-UNRESOLVED,ALL5_LEVELS_bet23_to_bet27,394.7975,394.7975,394.7975,592.1962,592.1962,4.000000,4.000000,4.000000,6.000000,6.000000,96.000000,96.000000,96.000000,94.000000,94.000000,5.0,2368.7849,2154.0868,7501.1522,7715.8503,PENDING_AG03,FALSE,NOT_FOR_ENFORCEMENT,9475.1397,290431.1060,9869.9372,9475.1397,394.7975,0.02978352,0.02859218,394.7975,9475.1397,0.02859218,394.7975,394.7975,394.7975,592.1962,592.1962,9475.1397,0.02859218,2368.7849,2154.0868,7501.1522,7715.8503,0.02263548,0.02328335,0.00119134,53.9019,84.6955,2.7631,448.6335,33.5712,15063.1447,162.3636,47.6267,58.3345,10.3857,40.4073,83.0858,124.6287,155.7859,183.9513,20.7715,-10.2195,3.855389,4.552426,1.333965,18,97,34,8,0.36576351,0.02978352,0.04995611,0E-8,0.000000,0.912922,0.000000,-0.03180610,2026-06-13,2026-08-02,22,294,143,51,0.431373,0.816443,0.883581,1.219212,,,,,,,,GLOBAL_BASELINE_NO_ENTITY_RANKING,,,NOT_APPLICABLE_GLOBAL_BASELINE,HF9g-P5,,,,X 全窗基线 · 不参与实体赏罚,15051426,1506,A168_HF9F_20260827_0900,2026-08-27 09:00:00
2026-06-28,151416945,1299,0,3173.8778223212,839.1666493560,839.1666493560,0.7096774,63,31,0.46629832176185987,0.344718500000,2.7163323944355118,4.275417984052817,2.7163323944355118,0.12157982176185987,ELIGIBLE,R03b_20260811_FULL_v1,L1_ELIGIBILITY,v2026-08-11,2026-03-21..2026-08-06,baccarat_bet02_101_all_pairs_incl_sentinel,round_win = game_pnl > 0 (decisive only),COMPATIBILITY_ONLY_NOT_PRODUCTION,331389.1826,302532.4021,9869.9372,6148,3572,-0.02978352,-0.04995611,-0.01815001,-0.02978352,-9869.9372,331389.1826,OK,0.0000,394.7975,4.0000,96.0000,AG03-UNRESOLVED,ALL5_LEVELS_bet23_to_bet27,394.7975,394.7975,394.7975,592.1962,592.1962,4.000000,4.000000,4.000000,6.000000,6.000000,96.000000,96.000000,96.000000,94.000000,94.000000,5.0,2368.7849,2154.0868,7501.1522,7715.8503,PENDING_AG03,FALSE,NOT_FOR_ENFORCEMENT,9475.1397,290431.1060,9869.9372,9475.1397,394.7975,0.02978352,0.02859218,394.7975,9475.1397,0.02859218,394.7975,394.7975,394.7975,592.1962,592.1962,9475.1397,0.02859218,2368.7849,2154.0868,7501.1522,7715.8503,0.02263548,0.02328335,0.00119134,53.9019,84.6955,2.7631,448.6335,33.5712,15063.1447,162.3636,47.6267,58.3345,10.3857,40.4073,83.0858,124.6287,155.7859,183.9513,20.7715,-10.2195,3.855389,4.552426,1.333965,18,97,34,8,0.36576351,0.02978352,0.04995611,0E-8,0.000000,0.912922,0.000000,-0.03180610,2026-06-13,2026-08-02,22,294,143,51,0.431373,0.816443,0.883581,1.219212,,,,,,,,GLOBAL_BASELINE_NO_ENTITY_RANKING,,,NOT_APPLICABLE_GLOBAL_BASELINE,HF9g-P5,,,,X 全窗基线 · 不参与实体赏罚,15051427,1506,A168_HF9F_20260827_0900,2026-08-27 09:00:00
2026-06-28,151416945,1405,0,1009.4925534346,-473.5890991423,-473.5890991423,0.3000000,20,10,0.45693873370662270,0.297275450000,-0.996269289556985,0.018850492298351684,-0.996269289556985,0.15966328370662270,ELIGIBLE,R03b_20260811_FULL_v1,L1_ELIGIBILITY,v2026-08-11,2026-03-21..2026-08-06,baccarat_bet02_101_all_pairs_incl_sentinel,round_win = game_pnl > 0 (decisive only),COMPATIBILITY_ONLY_NOT_PRODUCTION,331389.1826,302532.4021,9869.9372,6148,3572,-0.02978352,-0.04995611,-0.01815001,-0.02978352,-9869.9372,331389.1826,OK,0.0000,394.7975,4.0000,96.0000,AG03-UNRESOLVED,ALL5_LEVELS_bet23_to_bet27,394.7975,394.7975,394.7975,592.1962,592.1962,4.000000,4.000000,4.000000,6.000000,6.000000,96.000000,96.000000,96.000000,94.000000,94.000000,5.0,2368.7849,2154.0868,7501.1522,7715.8503,PENDING_AG03,FALSE,NOT_FOR_ENFORCEMENT,9475.1397,290431.1060,9869.9372,9475.1397,394.7975,0.02978352,0.02859218,394.7975,9475.1397,0.02859218,394.7975,394.7975,394.7975,592.1962,592.1962,9475.1397,0.02859218,2368.7849,2154.0868,7501.1522,7715.8503,0.02263548,0.02328335,0.00119134,53.9019,84.6955,2.7631,448.6335,33.5712,15063.1447,162.3636,47.6267,58.3345,10.3857,40.4073,83.0858,124.6287,155.7859,183.9513,20.7715,-10.2195,3.855389,4.552426,1.333965,18,97,34,8,0.36576351,0.02978352,0.04995611,0E-8,0.000000,0.912922,0.000000,-0.03180610,2026-06-13,2026-08-02,22,294,143,51,0.431373,0.816443,0.883581,1.219212,,,,,,,,GLOBAL_BASELINE_NO_ENTITY_RANKING,,,NOT_APPLICABLE_GLOBAL_BASELINE,HF9g-P5,,,,X 全窗基线 · 不参与实体赏罚,15051428,1506,A168_HF9F_20260827_0900,2026-08-27 09:00:00
2026-06-28,151416945,1490,0,415.4290343352,316.7646386805,316.7646386805,1.0000000,5,3,0.48416695333329864,0.367067200000,1.787794662835038,2.274398912575905,1.787794662835038,0.11709975333329864,ELIGIBLE,R03b_20260811_FULL_v1,L1_ELIGIBILITY,v2026-08-11,2026-03-21..2026-08-06,baccarat_bet02_101_all_pairs_incl_sentinel,round_win = game_pnl > 0 (decisive only),COMPATIBILITY_ONLY_NOT_PRODUCTION,331389.1826,302532.4021,9869.9372,6148,3572,-0.02978352,-0.04995611,-0.01815001,-0.02978352,-9869.9372,331389.1826,OK,0.0000,394.7975,4.0000,96.0000,AG03-UNRESOLVED,ALL5_LEVELS_bet23_to_bet27,394.7975,394.7975,394.7975,592.1962,592.1962,4.000000,4.000000,4.000000,6.000000,6.000000,96.000000,96.000000,96.000000,94.000000,94.000000,5.0,2368.7849,2154.0868,7501.1522,7715.8503,PENDING_AG03,FALSE,NOT_FOR_ENFORCEMENT,9475.1397,290431.1060,9869.9372,9475.1397,394.7975,0.02978352,0.02859218,394.7975,9475.1397,0.02859218,394.7975,394.7975,394.7975,592.1962,592.1962,9475.1397,0.02859218,2368.7849,2154.0868,7501.1522,7715.8503,0.02263548,0.02328335,0.00119134,53.9019,84.6955,2.7631,448.6335,33.5712,15063.1447,162.3636,47.6267,58.3345,10.3857,40.4073,83.0858,124.6287,155.7859,183.9513,20.7715,-10.2195,3.855389,4.552426,1.333965,18,97,34,8,0.36576351,0.02978352,0.04995611,0E-8,0.000000,0.912922,0.000000,-0.03180610,2026-06-13,2026-08-02,22,294,143,51,0.431373,0.816443,0.883581,1.219212,,,,,,,,GLOBAL_BASELINE_NO_ENTITY_RANKING,,,NOT_APPLICABLE_GLOBAL_BASELINE,HF9g-P5,,,,X 全窗基线 · 不参与实体赏罚,15051429,1506,A168_HF9F_20260827_0900,2026-08-27 09:00:00
2026-06-28,151416945,1623,0,1933.8221548308,359.3461146994,359.3461146994,0.5789474,37,19,0.42409825675447698,0.285550163158,1.3657716025114301,2.8314291321462584,1.3657716025114301,0.13854809359647698,ELIGIBLE,R03b_20260811_FULL_v1,L1_ELIGIBILITY,v2026-08-11,2026-03-21..2026-08-06,baccarat_bet02_101_all_pairs_incl_sentinel,round_win = game_pnl > 0 (decisive only),COMPATIBILITY_ONLY_NOT_PRODUCTION,331389.1826,302532.4021,9869.9372,6148,3572,-0.02978352,-0.04995611,-0.01815001,-0.02978352,-9869.9372,331389.1826,OK,0.0000,394.7975,4.0000,96.0000,AG03-UNRESOLVED,ALL5_LEVELS_bet23_to_bet27,394.7975,394.7975,394.7975,592.1962,592.1962,4.000000,4.000000,4.000000,6.000000,6.000000,96.000000,96.000000,96.000000,94.000000,94.000000,5.0,2368.7849,2154.0868,7501.1522,7715.8503,PENDING_AG03,FALSE,NOT_FOR_ENFORCEMENT,9475.1397,290431.1060,9869.9372,9475.1397,394.7975,0.02978352,0.02859218,394.7975,9475.1397,0.02859218,394.7975,394.7975,394.7975,592.1962,592.1962,9475.1397,0.02859218,2368.7849,2154.0868,7501.1522,7715.8503,0.02263548,0.02328335,0.00119134,53.9019,84.6955,2.7631,448.6335,33.5712,15063.1447,162.3636,47.6267,58.3345,10.3857,40.4073,83.0858,124.6287,155.7859,183.9513,20.7715,-10.2195,3.855389,4.552426,1.333965,18,97,34,8,0.36576351,0.02978352,0.04995611,0E-8,0.000000,0.912922,0.000000,-0.03180610,2026-06-13,2026-08-02,22,294,143,51,0.431373,0.816443,0.883581,1.219212,,,,,,,,GLOBAL_BASELINE_NO_ENTITY_RANKING,,,NOT_APPLICABLE_GLOBAL_BASELINE,HF9g-P5,,,,X 全窗基线 · 不参与实体赏罚,15051430,1506,A168_HF9F_20260827_0900,2026-08-27 09:00:00
2026-06-28,151416945,1750,0,1470.6187815467,497.4762686159,497.4762686159,0.7333333,30,15,0.42813202509461479,0.277650845556,2.388885171547384,3.940804438013919,2.388885171547384,0.15048117953861479,ELIGIBLE,R03b_20260811_FULL_v1,L1_ELIGIBILITY,v2026-08-11,2026-03-21..2026-08-06,baccarat_bet02_101_all_pairs_incl_sentinel,round_win = game_pnl > 0 (decisive only),COMPATIBILITY_ONLY_NOT_PRODUCTION,331389.1826,302532.4021,9869.9372,6148,3572,-0.02978352,-0.04995611,-0.01815001,-0.02978352,-9869.9372,331389.1826,OK,0.0000,394.7975,4.0000,96.0000,AG03-UNRESOLVED,ALL5_LEVELS_bet23_to_bet27,394.7975,394.7975,394.7975,592.1962,592.1962,4.000000,4.000000,4.000000,6.000000,6.000000,96.000000,96.000000,96.000000,94.000000,94.000000,5.0,2368.7849,2154.0868,7501.1522,7715.8503,PENDING_AG03,FALSE,NOT_FOR_ENFORCEMENT,9475.1397,290431.1060,9869.9372,9475.1397,394.7975,0.02978352,0.02859218,394.7975,9475.1397,0.02859218,394.7975,394.7975,394.7975,592.1962,592.1962,9475.1397,0.02859218,2368.7849,2154.0868,7501.1522,7715.8503,0.02263548,0.02328335,0.00119134,53.9019,84.6955,2.7631,448.6335,33.5712,15063.1447,162.3636,47.6267,58.3345,10.3857,40.4073,83.0858,124.6287,155.7859,183.9513,20.7715,-10.2195,3.855389,4.552426,1.333965,18,97,34,8,0.36576351,0.02978352,0.04995611,0E-8,0.000000,0.912922,0.000000,-0.03180610,2026-06-13,2026-08-02,22,294,143,51,0.431373,0.816443,0.883581,1.219212,,,,,,,,GLOBAL_BASELINE_NO_ENTITY_RANKING,,,NOT_APPLICABLE_GLOBAL_BASELINE,HF9g-P5,,,,X 全窗基线 · 不参与实体赏罚,15051431,1506,A168_HF9F_20260827_0900,2026-08-27 09:00:00
2026-06-28,151416945,2121,0,2210.0824626660,-924.3296013985,-924.3296013985,0.4000000,83,15,0.40182117252598845,0.172001937143,-0.01438681942507047,2.3398900853755062,-0.01438681942507047,0.22981923538298845,ELIGIBLE,R03b_20260811_FULL_v1,L1_ELIGIBILITY,v2026-08-11,2026-03-21..2026-08-06,baccarat_bet02_101_all_pairs_incl_sentinel,round_win = game_pnl > 0 (decisive only),COMPATIBILITY_ONLY_NOT_PRODUCTION,331389.1826,302532.4021,9869.9372,6148,3572,-0.02978352,-0.04995611,-0.01815001,-0.02978352,-9869.9372,331389.1826,OK,0.0000,394.7975,4.0000,96.0000,AG03-UNRESOLVED,ALL5_LEVELS_bet23_to_bet27,394.7975,394.7975,394.7975,592.1962,592.1962,4.000000,4.000000,4.000000,6.000000,6.000000,96.000000,96.000000,96.000000,94.000000,94.000000,5.0,2368.7849,2154.0868,7501.1522,7715.8503,PENDING_AG03,FALSE,NOT_FOR_ENFORCEMENT,9475.1397,290431.1060,9869.9372,9475.1397,394.7975,0.02978352,0.02859218,394.7975,9475.1397,0.02859218,394.7975,394.7975,394.7975,592.1962,592.1962,9475.1397,0.02859218,2368.7849,2154.0868,7501.1522,7715.8503,0.02263548,0.02328335,0.00119134,53.9019,84.6955,2.7631,448.6335,33.5712,15063.1447,162.3636,47.6267,58.3345,10.3857,40.4073,83.0858,124.6287,155.7859,183.9513,20.7715,-10.2195,3.855389,4.552426,1.333965,18,97,34,8,0.36576351,0.02978352,0.04995611,0E-8,0.000000,0.912922,0.000000,-0.03180610,2026-06-13,2026-08-02,22,294,143,51,0.431373,0.816443,0.883581,1.219212,,,,,,,,GLOBAL_BASELINE_NO_ENTITY_RANKING,,,NOT_APPLICABLE_GLOBAL_BASELINE,HF9g-P5,,,,X 全窗基线 · 不参与实体赏罚,15051432,1506,A168_HF9F_20260827_0900,2026-08-27 09:00:00
2026-06-28,151416945,2218,0,62.3143551503,-62.3143551503,-62.3143551503,0E-7,1,1,0.50665070000000000,0.506650700000,-1.013391052207602,-1.013391052207602,-1.013391052207602,0E-17,ELIGIBLE,R03b_20260811_FULL_v1,L1_ELIGIBILITY,v2026-08-11,2026-03-21..2026-08-06,baccarat_bet02_101_all_pairs_incl_sentinel,round_win = game_pnl > 0 (decisive only),COMPATIBILITY_ONLY_NOT_PRODUCTION,331389.1826,302532.4021,9869.9372,6148,3572,-0.02978352,-0.04995611,-0.01815001,-0.02978352,-9869.9372,331389.1826,OK,0.0000,394.7975,4.0000,96.0000,AG03-UNRESOLVED,ALL5_LEVELS_bet23_to_bet27,394.7975,394.7975,394.7975,592.1962,592.1962,4.000000,4.000000,4.000000,6.000000,6.000000,96.000000,96.000000,96.000000,94.000000,94.000000,5.0,2368.7849,2154.0868,7501.1522,7715.8503,PENDING_AG03,FALSE,NOT_FOR_ENFORCEMENT,9475.1397,290431.1060,9869.9372,9475.1397,394.7975,0.02978352,0.02859218,394.7975,9475.1397,0.02859218,394.7975,394.7975,394.7975,592.1962,592.1962,9475.1397,0.02859218,2368.7849,2154.0868,7501.1522,7715.8503,0.02263548,0.02328335,0.00119134,53.9019,84.6955,2.7631,448.6335,33.5712,15063.1447,162.3636,47.6267,58.3345,10.3857,40.4073,83.0858,124.6287,155.7859,183.9513,20.7715,-10.2195,3.855389,4.552426,1.333965,18,97,34,8,0.36576351,0.02978352,0.04995611,0E-8,0.000000,0.912922,0.000000,-0.03180610,2026-06-13,2026-08-02,22,294,143,51,0.431373,0.816443,0.883581,1.219212,,,,,,,,GLOBAL_BASELINE_NO_ENTITY_RANKING,,,NOT_APPLICABLE_GLOBAL_BASELINE,HF9g-P5,,,,X 全窗基线 · 不参与实体赏罚,15051433,1506,A168_HF9F_20260827_0900,2026-08-27 09:00:00
2026-06-28,151416945,2267,0,948.2167708705,-39.4657582621,-39.4657582621,0.5454545,22,11,0.44704122436011756,0.296970786364,0.6564929492801134,1.803643913464123,0.6564929492801134,0.15007043799611756,ELIGIBLE,R03b_20260811_FULL_v1,L1_ELIGIBILITY,v2026-08-11,2026-03-21..2026-08-06,baccarat_bet02_101_all_pairs_incl_sentinel,round_win = game_pnl > 0 (decisive only),COMPATIBILITY_ONLY_NOT_PRODUCTION,331389.1826,302532.4021,9869.9372,6148,3572,-0.02978352,-0.04995611,-0.01815001,-0.02978352,-9869.9372,331389.1826,OK,0.0000,394.7975,4.0000,96.0000,AG03-UNRESOLVED,ALL5_LEVELS_bet23_to_bet27,394.7975,394.7975,394.7975,592.1962,592.1962,4.000000,4.000000,4.000000,6.000000,6.000000,96.000000,96.000000,96.000000,94.000000,94.000000,5.0,2368.7849,2154.0868,7501.1522,7715.8503,PENDING_AG03,FALSE,NOT_FOR_ENFORCEMENT,9475.1397,290431.1060,9869.9372,9475.1397,394.7975,0.02978352,0.02859218,394.7975,9475.1397,0.02859218,394.7975,394.7975,394.7975,592.1962,592.1962,9475.1397,0.02859218,2368.7849,2154.0868,7501.1522,7715.8503,0.02263548,0.02328335,0.00119134,53.9019,84.6955,2.7631,448.6335,33.5712,15063.1447,162.3636,47.6267,58.3345,10.3857,40.4073,83.0858,124.6287,155.7859,183.9513,20.7715,-10.2195,3.855389,4.552426,1.333965,18,97,34,8,0.36576351,0.02978352,0.04995611,0E-8,0.000000,0.912922,0.000000,-0.03180610,2026-06-13,2026-08-02,22,294,143,51,0.431373,0.816443,0.883581,1.219212,,,,,,,,GLOBAL_BASELINE_NO_ENTITY_RANKING,,,NOT_APPLICABLE_GLOBAL_BASELINE,HF9g-P5,,,,X 全窗基线 · 不参与实体赏罚,15051434,1506,A168_HF9F_20260827_0900,2026-08-27 09:00:00
2026-06-28,151416945,2271,0,195.2516461378,137.0915813304,137.0915813304,1.0000000,7,1,0.43107000106339708,0.127318400000,1.1488293354664392,2.618076445937708,1.1488293354664392,0.30375160106339708,ELIGIBLE,R03b_20260811_FULL_v1,L1_ELIGIBILITY,v2026-08-11,2026-03-21..2026-08-06,baccarat_bet02_101_all_pairs_incl_sentinel,round_win = game_pnl > 0 (decisive only),COMPATIBILITY_ONLY_NOT_PRODUCTION,331389.1826,302532.4021,9869.9372,6148,3572,-0.02978352,-0.04995611,-0.01815001,-0.02978352,-9869.9372,331389.1826,OK,0.0000,394.7975,4.0000,96.0000,AG03-UNRESOLVED,ALL5_LEVELS_bet23_to_bet27,394.7975,394.7975,394.7975,592.1962,592.1962,4.000000,4.000000,4.000000,6.000000,6.000000,96.000000,96.000000,96.000000,94.000000,94.000000,5.0,2368.7849,2154.0868,7501.1522,7715.8503,PENDING_AG03,FALSE,NOT_FOR_ENFORCEMENT,9475.1397,290431.1060,9869.9372,9475.1397,394.7975,0.02978352,0.02859218,394.7975,9475.1397,0.02859218,394.7975,394.7975,394.7975,592.1962,592.1962,9475.1397,0.02859218,2368.7849,2154.0868,7501.1522,7715.8503,0.02263548,0.02328335,0.00119134,53.9019,84.6955,2.7631,448.6335,33.5712,15063.1447,162.3636,47.6267,58.3345,10.3857,40.4073,83.0858,124.6287,155.7859,183.9513,20.7715,-10.2195,3.855389,4.552426,1.333965,18,97,34,8,0.36576351,0.02978352,0.04995611,0E-8,0.000000,0.912922,0.000000,-0.03180610,2026-06-13,2026-08-02,22,294,143,51,0.431373,0.816443,0.883581,1.219212,,,,,,,,GLOBAL_BASELINE_NO_ENTITY_RANKING,,,NOT_APPLICABLE_GLOBAL_BASELINE,HF9g-P5,,,,X 全窗基线 · 不参与实体赏罚,15051435,1506,A168_HF9F_20260827_0900,2026-08-27 09:00:00
2026-06-28,151416945,462,0,353.1146791849,270.0288723177,270.0288723177,1.0000000,8,4,0.44578803571419505,0.293924150000,2.2299942331806135,3.099831155759446,2.2299942331806135,0.15186388571419505,ELIGIBLE,R03b_20260811_FULL_v1,L1_ELIGIBILITY,v2026-08-11,2026-03-21..2026-08-06,baccarat_bet02_101_all_pairs_incl_sentinel,round_win = game_pnl > 0 (decisive only),COMPATIBILITY_ONLY_NOT_PRODUCTION,331389.1826,302532.4021,9869.9372,6148,3572,-0.02978352,-0.04995611,-0.01815001,-0.02978352,-9869.9372,331389.1826,OK,0.0000,394.7975,4.0000,96.0000,AG03-UNRESOLVED,ALL5_LEVELS_bet23_to_bet27,394.7975,394.7975,394.7975,592.1962,592.1962,4.000000,4.000000,4.000000,6.000000,6.000000,96.000000,96.000000,96.000000,94.000000,94.000000,5.0,2368.7849,2154.0868,7501.1522,7715.8503,PENDING_AG03,FALSE,NOT_FOR_ENFORCEMENT,9475.1397,290431.1060,9869.9372,9475.1397,394.7975,0.02978352,0.02859218,394.7975,9475.1397,0.02859218,394.7975,394.7975,394.7975,592.1962,592.1962,9475.1397,0.02859218,2368.7849,2154.0868,7501.1522,7715.8503,0.02263548,0.02328335,0.00119134,53.9019,84.6955,2.7631,448.6335,33.5712,15063.1447,162.3636,47.6267,58.3345,10.3857,40.4073,83.0858,124.6287,155.7859,183.9513,20.7715,-10.2195,3.855389,4.552426,1.333965,18,97,34,8,0.36576351,0.02978352,0.04995611,0E-8,0.000000,0.912922,0.000000,-0.03180610,2026-06-13,2026-08-02,22,294,143,51,0.431373,0.816443,0.883581,1.219212,,,,,,,,GLOBAL_BASELINE_NO_ENTITY_RANKING,,,NOT_APPLICABLE_GLOBAL_BASELINE,HF9g-P5,,,,X 全窗基线 · 不参与实体赏罚,15051436,1506,A168_HF9F_20260827_0900,2026-08-27 09:00:00
2026-06-28,151416945,583,0,1412.4587167413,363.5004050418,363.5004050418,0.7500000,49,8,0.43596177360744526,0.152573987321,1.7912204336723763,4.699352018765892,1.7912204336723763,0.28338778628644526,ELIGIBLE,R03b_20260811_FULL_v1,L1_ELIGIBILITY,v2026-08-11,2026-03-21..2026-08-06,baccarat_bet02_101_all_pairs_incl_sentinel,round_win = game_pnl > 0 (decisive only),COMPATIBILITY_ONLY_NOT_PRODUCTION,331389.1826,302532.4021,9869.9372,6148,3572,-0.02978352,-0.04995611,-0.01815001,-0.02978352,-9869.9372,331389.1826,OK,0.0000,394.7975,4.0000,96.0000,AG03-UNRESOLVED,ALL5_LEVELS_bet23_to_bet27,394.7975,394.7975,394.7975,592.1962,592.1962,4.000000,4.000000,4.000000,6.000000,6.000000,96.000000,96.000000,96.000000,94.000000,94.000000,5.0,2368.7849,2154.0868,7501.1522,7715.8503,PENDING_AG03,FALSE,NOT_FOR_ENFORCEMENT,9475.1397,290431.1060,9869.9372,9475.1397,394.7975,0.02978352,0.02859218,394.7975,9475.1397,0.02859218,394.7975,394.7975,394.7975,592.1962,592.1962,9475.1397,0.02859218,2368.7849,2154.0868,7501.1522,7715.8503,0.02263548,0.02328335,0.00119134,53.9019,84.6955,2.7631,448.6335,33.5712,15063.1447,162.3636,47.6267,58.3345,10.3857,40.4073,83.0858,124.6287,155.7859,183.9513,20.7715,-10.2195,3.855389,4.552426,1.333965,18,97,34,8,0.36576351,0.02978352,0.04995611,0E-8,0.000000,0.912922,0.000000,-0.03180610,2026-06-13,2026-08-02,22,294,143,51,0.431373,0.816443,0.883581,1.219212,,,,,,,,GLOBAL_BASELINE_NO_ENTITY_RANKING,,,NOT_APPLICABLE_GLOBAL_BASELINE,HF9g-P5,,,,X 全窗基线 · 不参与实体赏罚,15051437,1506,A168_HF9F_20260827_0900,2026-08-27 09:00:00
2026-06-28,151416945,763,0,3479.2181625586,258.6045738725,258.6045738725,0.6315789,61,19,0.46269372321516205,0.231226362907,1.4764226327640844,4.139058093012477,1.4764226327640844,0.23146736030816205,ELIGIBLE,R03b_20260811_FULL_v1,L1_ELIGIBILITY,v2026-08-11,2026-03-21..2026-08-06,baccarat_bet02_101_all_pairs_incl_sentinel,round_win = game_pnl > 0 (decisive only),COMPATIBILITY_ONLY_NOT_PRODUCTION,331389.1826,302532.4021,9869.9372,6148,3572,-0.02978352,-0.04995611,-0.01815001,-0.02978352,-9869.9372,331389.1826,OK,0.0000,394.7975,4.0000,96.0000,AG03-UNRESOLVED,ALL5_LEVELS_bet23_to_bet27,394.7975,394.7975,394.7975,592.1962,592.1962,4.000000,4.000000,4.000000,6.000000,6.000000,96.000000,96.000000,96.000000,94.000000,94.000000,5.0,2368.7849,2154.0868,7501.1522,7715.8503,PENDING_AG03,FALSE,NOT_FOR_ENFORCEMENT,9475.1397,290431.1060,9869.9372,9475.1397,394.7975,0.02978352,0.02859218,394.7975,9475.1397,0.02859218,394.7975,394.7975,394.7975,592.1962,592.1962,9475.1397,0.02859218,2368.7849,2154.0868,7501.1522,7715.8503,0.02263548,0.02328335,0.00119134,53.9019,84.6955,2.7631,448.6335,33.5712,15063.1447,162.3636,47.6267,58.3345,10.3857,40.4073,83.0858,124.6287,155.7859,183.9513,20.7715,-10.2195,3.855389,4.552426,1.333965,18,97,34,8,0.36576351,0.02978352,0.04995611,0E-8,0.000000,0.912922,0.000000,-0.03180610,2026-06-13,2026-08-02,22,294,143,51,0.431373,0.816443,0.883581,1.219212,,,,,,,,GLOBAL_BASELINE_NO_ENTITY_RANKING,,,NOT_APPLICABLE_GLOBAL_BASELINE,HF9g-P5,,,,X 全窗基线 · 不参与实体赏罚,15051438,1506,A168_HF9F_20260827_0900,2026-08-27 09:00:00
2026-06-28,151416945,987,0,1904.7421224294,241.9874124979,241.9874124979,0.7272727,76,11,0.42800227067813061,0.129229946969,2.0060419002329204,5.912828315815037,2.0060419002329204,0.29877232370913061,ELIGIBLE,R03b_20260811_FULL_v1,L1_ELIGIBILITY,v2026-08-11,2026-03-21..2026-08-06,baccarat_bet02_101_all_pairs_incl_sentinel,round_win = game_pnl > 0 (decisive only),COMPATIBILITY_ONLY_NOT_PRODUCTION,331389.1826,302532.4021,9869.9372,6148,3572,-0.02978352,-0.04995611,-0.01815001,-0.02978352,-9869.9372,331389.1826,OK,0.0000,394.7975,4.0000,96.0000,AG03-UNRESOLVED,ALL5_LEVELS_bet23_to_bet27,394.7975,394.7975,394.7975,592.1962,592.1962,4.000000,4.000000,4.000000,6.000000,6.000000,96.000000,96.000000,96.000000,94.000000,94.000000,5.0,2368.7849,2154.0868,7501.1522,7715.8503,PENDING_AG03,FALSE,NOT_FOR_ENFORCEMENT,9475.1397,290431.1060,9869.9372,9475.1397,394.7975,0.02978352,0.02859218,394.7975,9475.1397,0.02859218,394.7975,394.7975,394.7975,592.1962,592.1962,9475.1397,0.02859218,2368.7849,2154.0868,7501.1522,7715.8503,0.02263548,0.02328335,0.00119134,53.9019,84.6955,2.7631,448.6335,33.5712,15063.1447,162.3636,47.6267,58.3345,10.3857,40.4073,83.0858,124.6287,155.7859,183.9513,20.7715,-10.2195,3.855389,4.552426,1.333965,18,97,34,8,0.36576351,0.02978352,0.04995611,0E-8,0.000000,0.912922,0.000000,-0.03180610,2026-06-13,2026-08-02,22,294,143,51,0.431373,0.816443,0.883581,1.219212,,,,,,,,GLOBAL_BASELINE_NO_ENTITY_RANKING,,,NOT_APPLICABLE_GLOBAL_BASELINE,HF9g-P5,,,,X 全窗基线 · 不参与实体赏罚,15051439,1506,A168_HF9F_20260827_0900,2026-08-27 09:00:00
2026-06-29,151416945,1094,0,297.0317595497,82.2549487984,82.2549487984,0.6000000,6,5,0.48800052999997868,0.461424350000,0.5010211588567102,0.6215818358757014,0.5010211588567102,0.02657617999997868,ELIGIBLE,R03b_20260811_FULL_v1,L1_ELIGIBILITY,v2026-08-11,2026-03-21..2026-08-06,baccarat_bet02_101_all_pairs_incl_sentinel,round_win = game_pnl > 0 (decisive only),COMPATIBILITY_ONLY_NOT_PRODUCTION,331389.1826,302532.4021,9869.9372,6148,3572,-0.02978352,-0.04995611,-0.01815001,-0.02978352,-9869.9372,331389.1826,OK,0.0000,394.7975,4.0000,96.0000,AG03-UNRESOLVED,ALL5_LEVELS_bet23_to_bet27,394.7975,394.7975,394.7975,592.1962,592.1962,4.000000,4.000000,4.000000,6.000000,6.000000,96.000000,96.000000,96.000000,94.000000,94.000000,5.0,2368.7849,2154.0868,7501.1522,7715.8503,PENDING_AG03,FALSE,NOT_FOR_ENFORCEMENT,9475.1397,290431.1060,9869.9372,9475.1397,394.7975,0.02978352,0.02859218,394.7975,9475.1397,0.02859218,394.7975,394.7975,394.7975,592.1962,592.1962,9475.1397,0.02859218,2368.7849,2154.0868,7501.1522,7715.8503,0.02263548,0.02328335,0.00119134,53.9019,84.6955,2.7631,448.6335,33.5712,15063.1447,162.3636,47.6267,58.3345,10.3857,40.4073,83.0858,124.6287,155.7859,183.9513,20.7715,-10.2195,3.855389,4.552426,1.333965,18,97,34,8,0.36576351,0.02978352,0.04995611,0E-8,0.000000,0.912922,0.000000,-0.03180610,2026-06-13,2026-08-02,22,294,143,51,0.431373,0.816443,0.883581,1.219212,,,,,,,,GLOBAL_BASELINE_NO_ENTITY_RANKING,,,NOT_APPLICABLE_GLOBAL_BASELINE,HF9g-P5,,,,X 全窗基线 · 不参与实体赏罚,15051440,1506,A168_HF9F_20260827_0900,2026-08-27 09:00:00
2026-06-29,151416945,1109,0,3178.0321126649,675.0721807942,675.0721807942,0.6842105,38,19,0.45631751345216058,0.294629686842,1.9943508845649474,3.725010906593083,1.9943508845649474,0.16168782661016058,ELIGIBLE,R03b_20260811_FULL_v1,L1_ELIGIBILITY,v2026-08-11,2026-03-21..2026-08-06,baccarat_bet02_101_all_pairs_incl_sentinel,round_win = game_pnl > 0 (decisive only),COMPATIBILITY_ONLY_NOT_PRODUCTION,331389.1826,302532.4021,9869.9372,6148,3572,-0.02978352,-0.04995611,-0.01815001,-0.02978352,-9869.9372,331389.1826,OK,0.0000,394.7975,4.0000,96.0000,AG03-UNRESOLVED,ALL5_LEVELS_bet23_to_bet27,394.7975,394.7975,394.7975,592.1962,592.1962,4.000000,4.000000,4.000000,6.000000,6.000000,96.000000,96.000000,96.000000,94.000000,94.000000,5.0,2368.7849,2154.0868,7501.1522,7715.8503,PENDING_AG03,FALSE,NOT_FOR_ENFORCEMENT,9475.1397,290431.1060,9869.9372,9475.1397,394.7975,0.02978352,0.02859218,394.7975,9475.1397,0.02859218,394.7975,394.7975,394.7975,592.1962,592.1962,9475.1397,0.02859218,2368.7849,2154.0868,7501.1522,7715.8503,0.02263548,0.02328335,0.00119134,53.9019,84.6955,2.7631,448.6335,33.5712,15063.1447,162.3636,47.6267,58.3345,10.3857,40.4073,83.0858,124.6287,155.7859,183.9513,20.7715,-10.2195,3.855389,4.552426,1.333965,18,97,34,8,0.36576351,0.02978352,0.04995611,0E-8,0.000000,0.912922,0.000000,-0.03180610,2026-06-13,2026-08-02,22,294,143,51,0.431373,0.816443,0.883581,1.219212,,,,,,,,GLOBAL_BASELINE_NO_ENTITY_RANKING,,,NOT_APPLICABLE_GLOBAL_BASELINE,HF9g-P5,,,,X 全窗基线 · 不参与实体赏罚,15051441,1506,A168_HF9F_20260827_0900,2026-08-27 09:00:00
2026-06-29,151416945,1157,0,3103.6703155188,151.1123112391,151.1123112391,0.5757576,50,33,0.46489015108581916,0.383968668182,1.2769217499615895,2.265328354815413,1.2769217499615895,0.08092148290381916,ELIGIBLE,R03b_20260811_FULL_v1,L1_ELIGIBILITY,v2026-08-11,2026-03-21..2026-08-06,baccarat_bet02_101_all_pairs_incl_sentinel,round_win = game_pnl > 0 (decisive only),COMPATIBILITY_ONLY_NOT_PRODUCTION,331389.1826,302532.4021,9869.9372,6148,3572,-0.02978352,-0.04995611,-0.01815001,-0.02978352,-9869.9372,331389.1826,OK,0.0000,394.7975,4.0000,96.0000,AG03-UNRESOLVED,ALL5_LEVELS_bet23_to_bet27,394.7975,394.7975,394.7975,592.1962,592.1962,4.000000,4.000000,4.000000,6.000000,6.000000,96.000000,96.000000,96.000000,94.000000,94.000000,5.0,2368.7849,2154.0868,7501.1522,7715.8503,PENDING_AG03,FALSE,NOT_FOR_ENFORCEMENT,9475.1397,290431.1060,9869.9372,9475.1397,394.7975,0.02978352,0.02859218,394.7975,9475.1397,0.02859218,394.7975,394.7975,394.7975,592.1962,592.1962,9475.1397,0.02859218,2368.7849,2154.0868,7501.1522,7715.8503,0.02263548,0.02328335,0.00119134,53.9019,84.6955,2.7631,448.6335,33.5712,15063.1447,162.3636,47.6267,58.3345,10.3857,40.4073,83.0858,124.6287,155.7859,183.9513,20.7715,-10.2195,3.855389,4.552426,1.333965,18,97,34,8,0.36576351,0.02978352,0.04995611,0E-8,0.000000,0.912922,0.000000,-0.03180610,2026-06-13,2026-08-02,22,294,143,51,0.431373,0.816443,0.883581,1.219212,,,,,,,,GLOBAL_BASELINE_NO_ENTITY_RANKING,,,NOT_APPLICABLE_GLOBAL_BASELINE,HF9g-P5,,,,X 全窗基线 · 不参与实体赏罚,15051442,1506,A168_HF9F_20260827_0900,2026-08-27 09:00:00
2026-06-29,151416945,1304,0,1274.3285628236,170.3259040770,170.3259040770,0.6363636,26,11,0.45937927724614221,0.283145448485,1.1778749499345698,2.6002738279766127,1.1778749499345698,0.17623382876114221,ELIGIBLE,R03b_20260811_FULL_v1,L1_ELIGIBILITY,v2026-08-11,2026-03-21..2026-08-06,baccarat_bet02_101_all_pairs_incl_sentinel,round_win = game_pnl > 0 (decisive only),COMPATIBILITY_ONLY_NOT_PRODUCTION,331389.1826,302532.4021,9869.9372,6148,3572,-0.02978352,-0.04995611,-0.01815001,-0.02978352,-9869.9372,331389.1826,OK,0.0000,394.7975,4.0000,96.0000,AG03-UNRESOLVED,ALL5_LEVELS_bet23_to_bet27,394.7975,394.7975,394.7975,592.1962,592.1962,4.000000,4.000000,4.000000,6.000000,6.000000,96.000000,96.000000,96.000000,94.000000,94.000000,5.0,2368.7849,2154.0868,7501.1522,7715.8503,PENDING_AG03,FALSE,NOT_FOR_ENFORCEMENT,9475.1397,290431.1060,9869.9372,9475.1397,394.7975,0.02978352,0.02859218,394.7975,9475.1397,0.02859218,394.7975,394.7975,394.7975,592.1962,592.1962,9475.1397,0.02859218,2368.7849,2154.0868,7501.1522,7715.8503,0.02263548,0.02328335,0.00119134,53.9019,84.6955,2.7631,448.6335,33.5712,15063.1447,162.3636,47.6267,58.3345,10.3857,40.4073,83.0858,124.6287,155.7859,183.9513,20.7715,-10.2195,3.855389,4.552426,1.333965,18,97,34,8,0.36576351,0.02978352,0.04995611,0E-8,0.000000,0.912922,0.000000,-0.03180610,2026-06-13,2026-08-02,22,294,143,51,0.431373,0.816443,0.883581,1.219212,,,,,,,,GLOBAL_BASELINE_NO_ENTITY_RANKING,,,NOT_APPLICABLE_GLOBAL_BASELINE,HF9g-P5,,,,X 全窗基线 · 不参与实体赏罚,15051443,1506,A168_HF9F_20260827_0900,2026-08-27 09:00:00
2026-06-29,151416945,1323,0,196.7056477577,-186.3199218993,-186.3199218993,0E-7,5,5,0.49860758000000000,0.498607580000,-1.9944380537814452,-1.9944380537814452,-1.9944380537814452,0E-17,ELIGIBLE,R03b_20260811_FULL_v1,L1_ELIGIBILITY,v2026-08-11,2026-03-21..2026-08-06,baccarat_bet02_101_all_pairs_incl_sentinel,round_win = game_pnl > 0 (decisive only),COMPATIBILITY_ONLY_NOT_PRODUCTION,331389.1826,302532.4021,9869.9372,6148,3572,-0.02978352,-0.04995611,-0.01815001,-0.02978352,-9869.9372,331389.1826,OK,0.0000,394.7975,4.0000,96.0000,AG03-UNRESOLVED,ALL5_LEVELS_bet23_to_bet27,394.7975,394.7975,394.7975,592.1962,592.1962,4.000000,4.000000,4.000000,6.000000,6.000000,96.000000,96.000000,96.000000,94.000000,94.000000,5.0,2368.7849,2154.0868,7501.1522,7715.8503,PENDING_AG03,FALSE,NOT_FOR_ENFORCEMENT,9475.1397,290431.1060,9869.9372,9475.1397,394.7975,0.02978352,0.02859218,394.7975,9475.1397,0.02859218,394.7975,394.7975,394.7975,592.1962,592.1962,9475.1397,0.02859218,2368.7849,2154.0868,7501.1522,7715.8503,0.02263548,0.02328335,0.00119134,53.9019,84.6955,2.7631,448.6335,33.5712,15063.1447,162.3636,47.6267,58.3345,10.3857,40.4073,83.0858,124.6287,155.7859,183.9513,20.7715,-10.2195,3.855389,4.552426,1.333965,18,97,34,8,0.36576351,0.02978352,0.04995611,0E-8,0.000000,0.912922,0.000000,-0.03180610,2026-06-13,2026-08-02,22,294,143,51,0.431373,0.816443,0.883581,1.219212,,,,,,,,GLOBAL_BASELINE_NO_ENTITY_RANKING,,,NOT_APPLICABLE_GLOBAL_BASELINE,HF9g-P5,,,,X 全窗基线 · 不参与实体赏罚,15051444,1506,A168_HF9F_20260827_0900,2026-08-27 09:00:00
2026-06-29,151416945,1353,0,1530.8559915252,-207.7145171679,-207.7145171679,0.5000000,28,14,0.45533257192440937,0.296317935714,0.33560228035249556,1.668974092080191,0.33560228035249556,0.15901463621040937,ELIGIBLE,R03b_20260811_FULL_v1,L1_ELIGIBILITY,v2026-08-11,2026-03-21..2026-08-06,baccarat_bet02_101_all_pairs_incl_sentinel,round_win = game_pnl > 0 (decisive only),COMPATIBILITY_ONLY_NOT_PRODUCTION,331389.1826,302532.4021,9869.9372,6148,3572,-0.02978352,-0.04995611,-0.01815001,-0.02978352,-9869.9372,331389.1826,OK,0.0000,394.7975,4.0000,96.0000,AG03-UNRESOLVED,ALL5_LEVELS_bet23_to_bet27,394.7975,394.7975,394.7975,592.1962,592.1962,4.000000,4.000000,4.000000,6.000000,6.000000,96.000000,96.000000,96.000000,94.000000,94.000000,5.0,2368.7849,2154.0868,7501.1522,7715.8503,PENDING_AG03,FALSE,NOT_FOR_ENFORCEMENT,9475.1397,290431.1060,9869.9372,9475.1397,394.7975,0.02978352,0.02859218,394.7975,9475.1397,0.02859218,394.7975,394.7975,394.7975,592.1962,592.1962,9475.1397,0.02859218,2368.7849,2154.0868,7501.1522,7715.8503,0.02263548,0.02328335,0.00119134,53.9019,84.6955,2.7631,448.6335,33.5712,15063.1447,162.3636,47.6267,58.3345,10.3857,40.4073,83.0858,124.6287,155.7859,183.9513,20.7715,-10.2195,3.855389,4.552426,1.333965,18,97,34,8,0.36576351,0.02978352,0.04995611,0E-8,0.000000,0.912922,0.000000,-0.03180610,2026-06-13,2026-08-02,22,294,143,51,0.431373,0.816443,0.883581,1.219212,,,,,,,,GLOBAL_BASELINE_NO_ENTITY_RANKING,,,NOT_APPLICABLE_GLOBAL_BASELINE,HF9g-P5,,,,X 全窗基线 · 不参与实体赏罚,15051445,1506,A168_HF9F_20260827_0900,2026-08-27 09:00:00
2026-06-29,151416945,1382,0,2906.1338096921,108.9878071576,108.9878071576,0.5454545,43,24,0.47138595543686101,0.339359281250,0.6959655609604435,2.0415819534020456,0.6959655609604435,0.13202667418686101,ELIGIBLE,R03b_20260811_FULL_v1,L1_ELIGIBILITY,v2026-08-11,2026-03-21..2026-08-06,baccarat_bet02_101_all_pairs_incl_sentinel,round_win = game_pnl > 0 (decisive only),COMPATIBILITY_ONLY_NOT_PRODUCTION,331389.1826,302532.4021,9869.9372,6148,3572,-0.02978352,-0.04995611,-0.01815001,-0.02978352,-9869.9372,331389.1826,OK,0.0000,394.7975,4.0000,96.0000,AG03-UNRESOLVED,ALL5_LEVELS_bet23_to_bet27,394.7975,394.7975,394.7975,592.1962,592.1962,4.000000,4.000000,4.000000,6.000000,6.000000,96.000000,96.000000,96.000000,94.000000,94.000000,5.0,2368.7849,2154.0868,7501.1522,7715.8503,PENDING_AG03,FALSE,NOT_FOR_ENFORCEMENT,9475.1397,290431.1060,9869.9372,9475.1397,394.7975,0.02978352,0.02859218,394.7975,9475.1397,0.02859218,394.7975,394.7975,394.7975,592.1962,592.1962,9475.1397,0.02859218,2368.7849,2154.0868,7501.1522,7715.8503,0.02263548,0.02328335,0.00119134,53.9019,84.6955,2.7631,448.6335,33.5712,15063.1447,162.3636,47.6267,58.3345,10.3857,40.4073,83.0858,124.6287,155.7859,183.9513,20.7715,-10.2195,3.855389,4.552426,1.333965,18,97,34,8,0.36576351,0.02978352,0.04995611,0E-8,0.000000,0.912922,0.000000,-0.03180610,2026-06-13,2026-08-02,22,294,143,51,0.431373,0.816443,0.883581,1.219212,,,,,,,,GLOBAL_BASELINE_NO_ENTITY_RANKING,,,NOT_APPLICABLE_GLOBAL_BASELINE,HF9g-P5,,,,X 全窗基线 · 不参与实体赏罚,15051446,1506,A168_HF9F_20260827_0900,2026-08-27 09:00:00
2026-06-29,151416945,1385,0,186.9430654509,-83.6050931600,-83.6050931600,0.4000000,6,6,0.50218230000000000,0.502182300000,-0.4569774904649096,-0.4569774904649096,-0.4569774904649096,0E-17,ELIGIBLE,R03b_20260811_FULL_v1,L1_ELIGIBILITY,v2026-08-11,2026-03-21..2026-08-06,baccarat_bet02_101_all_pairs_incl_sentinel,round_win = game_pnl > 0 (decisive only),COMPATIBILITY_ONLY_NOT_PRODUCTION,331389.1826,302532.4021,9869.9372,6148,3572,-0.02978352,-0.04995611,-0.01815001,-0.02978352,-9869.9372,331389.1826,OK,0.0000,394.7975,4.0000,96.0000,AG03-UNRESOLVED,ALL5_LEVELS_bet23_to_bet27,394.7975,394.7975,394.7975,592.1962,592.1962,4.000000,4.000000,4.000000,6.000000,6.000000,96.000000,96.000000,96.000000,94.000000,94.000000,5.0,2368.7849,2154.0868,7501.1522,7715.8503,PENDING_AG03,FALSE,NOT_FOR_ENFORCEMENT,9475.1397,290431.1060,9869.9372,9475.1397,394.7975,0.02978352,0.02859218,394.7975,9475.1397,0.02859218,394.7975,394.7975,394.7975,592.1962,592.1962,9475.1397,0.02859218,2368.7849,2154.0868,7501.1522,7715.8503,0.02263548,0.02328335,0.00119134,53.9019,84.6955,2.7631,448.6335,33.5712,15063.1447,162.3636,47.6267,58.3345,10.3857,40.4073,83.0858,124.6287,155.7859,183.9513,20.7715,-10.2195,3.855389,4.552426,1.333965,18,97,34,8,0.36576351,0.02978352,0.04995611,0E-8,0.000000,0.912922,0.000000,-0.03180610,2026-06-13,2026-08-02,22,294,143,51,0.431373,0.816443,0.883581,1.219212,,,,,,,,GLOBAL_BASELINE_NO_ENTITY_RANKING,,,NOT_APPLICABLE_GLOBAL_BASELINE,HF9g-P5,,,,X 全窗基线 · 不参与实体赏罚,15051447,1506,A168_HF9F_20260827_0900,2026-08-27 09:00:00
2026-06-29,151416945,1654,0,3410.6723718927,-431.0076231232,-431.0076231232,0.5000000,43,25,0.47423030941604931,0.352415168000,0.2528263866818631,1.5134626789937387,0.2528263866818631,0.12181514141604931,ELIGIBLE,R03b_20260811_FULL_v1,L1_ELIGIBILITY,v2026-08-11,2026-03-21..2026-08-06,baccarat_bet02_101_all_pairs_incl_sentinel,round_win = game_pnl > 0 (decisive only),COMPATIBILITY_ONLY_NOT_PRODUCTION,331389.1826,302532.4021,9869.9372,6148,3572,-0.02978352,-0.04995611,-0.01815001,-0.02978352,-9869.9372,331389.1826,OK,0.0000,394.7975,4.0000,96.0000,AG03-UNRESOLVED,ALL5_LEVELS_bet23_to_bet27,394.7975,394.7975,394.7975,592.1962,592.1962,4.000000,4.000000,4.000000,6.000000,6.000000,96.000000,96.000000,96.000000,94.000000,94.000000,5.0,2368.7849,2154.0868,7501.1522,7715.8503,PENDING_AG03,FALSE,NOT_FOR_ENFORCEMENT,9475.1397,290431.1060,9869.9372,9475.1397,394.7975,0.02978352,0.02859218,394.7975,9475.1397,0.02859218,394.7975,394.7975,394.7975,592.1962,592.1962,9475.1397,0.02859218,2368.7849,2154.0868,7501.1522,7715.8503,0.02263548,0.02328335,0.00119134,53.9019,84.6955,2.7631,448.6335,33.5712,15063.1447,162.3636,47.6267,58.3345,10.3857,40.4073,83.0858,124.6287,155.7859,183.9513,20.7715,-10.2195,3.855389,4.552426,1.333965,18,97,34,8,0.36576351,0.02978352,0.04995611,0E-8,0.000000,0.912922,0.000000,-0.03180610,2026-06-13,2026-08-02,22,294,143,51,0.431373,0.816443,0.883581,1.219212,,,,,,,,GLOBAL_BASELINE_NO_ENTITY_RANKING,,,NOT_APPLICABLE_GLOBAL_BASELINE,HF9g-P5,,,,X 全窗基线 · 不参与实体赏罚,15051448,1506,A168_HF9F_20260827_0900,2026-08-27 09:00:00
2026-06-29,151416945,1702,0,597.1792368570,-348.9603888417,-348.9603888417,0.3333333,12,6,0.43790736499552269,0.297275450000,-0.5163027102358927,0.19324299897864544,-0.5163027102358927,0.14063191499552269,ELIGIBLE,R03b_20260811_FULL_v1,L1_ELIGIBILITY,v2026-08-11,2026-03-21..2026-08-06,baccarat_bet02_101_all_pairs_incl_sentinel,round_win = game_pnl > 0 (decisive only),COMPATIBILITY_ONLY_NOT_PRODUCTION,331389.1826,302532.4021,9869.9372,6148,3572,-0.02978352,-0.04995611,-0.01815001,-0.02978352,-9869.9372,331389.1826,OK,0.0000,394.7975,4.0000,96.0000,AG03-UNRESOLVED,ALL5_LEVELS_bet23_to_bet27,394.7975,394.7975,394.7975,592.1962,592.1962,4.000000,4.000000,4.000000,6.000000,6.000000,96.000000,96.000000,96.000000,94.000000,94.000000,5.0,2368.7849,2154.0868,7501.1522,7715.8503,PENDING_AG03,FALSE,NOT_FOR_ENFORCEMENT,9475.1397,290431.1060,9869.9372,9475.1397,394.7975,0.02978352,0.02859218,394.7975,9475.1397,0.02859218,394.7975,394.7975,394.7975,592.1962,592.1962,9475.1397,0.02859218,2368.7849,2154.0868,7501.1522,7715.8503,0.02263548,0.02328335,0.00119134,53.9019,84.6955,2.7631,448.6335,33.5712,15063.1447,162.3636,47.6267,58.3345,10.3857,40.4073,83.0858,124.6287,155.7859,183.9513,20.7715,-10.2195,3.855389,4.552426,1.333965,18,97,34,8,0.36576351,0.02978352,0.04995611,0E-8,0.000000,0.912922,0.000000,-0.03180610,2026-06-13,2026-08-02,22,294,143,51,0.431373,0.816443,0.883581,1.219212,,,,,,,,GLOBAL_BASELINE_NO_ENTITY_RANKING,,,NOT_APPLICABLE_GLOBAL_BASELINE,HF9g-P5,,,,X 全窗基线 · 不参与实体赏罚,15051449,1506,A168_HF9F_20260827_0900,2026-08-27 09:00:00
2026-06-29,151416945,1941,0,164.0944685624,-164.0944685624,-164.0944685624,0E-7,2,2,0.49994810000000000,0.499948100000,-1.4140667746232096,-1.4140667746232096,-1.4140667746232096,0E-17,ELIGIBLE,R03b_20260811_FULL_v1,L1_ELIGIBILITY,v2026-08-11,2026-03-21..2026-08-06,baccarat_bet02_101_all_pairs_incl_sentinel,round_win = game_pnl > 0 (decisive only),COMPATIBILITY_ONLY_NOT_PRODUCTION,331389.1826,302532.4021,9869.9372,6148,3572,-0.02978352,-0.04995611,-0.01815001,-0.02978352,-9869.9372,331389.1826,OK,0.0000,394.7975,4.0000,96.0000,AG03-UNRESOLVED,ALL5_LEVELS_bet23_to_bet27,394.7975,394.7975,394.7975,592.1962,592.1962,4.000000,4.000000,4.000000,6.000000,6.000000,96.000000,96.000000,96.000000,94.000000,94.000000,5.0,2368.7849,2154.0868,7501.1522,7715.8503,PENDING_AG03,FALSE,NOT_FOR_ENFORCEMENT,9475.1397,290431.1060,9869.9372,9475.1397,394.7975,0.02978352,0.02859218,394.7975,9475.1397,0.02859218,394.7975,394.7975,394.7975,592.1962,592.1962,9475.1397,0.02859218,2368.7849,2154.0868,7501.1522,7715.8503,0.02263548,0.02328335,0.00119134,53.9019,84.6955,2.7631,448.6335,33.5712,15063.1447,162.3636,47.6267,58.3345,10.3857,40.4073,83.0858,124.6287,155.7859,183.9513,20.7715,-10.2195,3.855389,4.552426,1.333965,18,97,34,8,0.36576351,0.02978352,0.04995611,0E-8,0.000000,0.912922,0.000000,-0.03180610,2026-06-13,2026-08-02,22,294,143,51,0.431373,0.816443,0.883581,1.219212,,,,,,,,GLOBAL_BASELINE_NO_ENTITY_RANKING,,,NOT_APPLICABLE_GLOBAL_BASELINE,HF9g-P5,,,,X 全窗基线 · 不参与实体赏罚,15051450,1506,A168_HF9F_20260827_0900,2026-08-27 09:00:00
2026-06-29,151416945,1942,0,3508.2981949609,-436.4082005693,-436.4082005693,0.5000000,47,32,0.46968852280619111,0.393011351563,0.3435671273614747,1.2391385222419198,0.3435671273614747,0.07667717124319111,ELIGIBLE,R03b_20260811_FULL_v1,L1_ELIGIBILITY,v2026-08-11,2026-03-21..2026-08-06,baccarat_bet02_101_all_pairs_incl_sentinel,round_win = game_pnl > 0 (decisive only),COMPATIBILITY_ONLY_NOT_PRODUCTION,331389.1826,302532.4021,9869.9372,6148,3572,-0.02978352,-0.04995611,-0.01815001,-0.02978352,-9869.9372,331389.1826,OK,0.0000,394.7975,4.0000,96.0000,AG03-UNRESOLVED,ALL5_LEVELS_bet23_to_bet27,394.7975,394.7975,394.7975,592.1962,592.1962,4.000000,4.000000,4.000000,6.000000,6.000000,96.000000,96.000000,96.000000,94.000000,94.000000,5.0,2368.7849,2154.0868,7501.1522,7715.8503,PENDING_AG03,FALSE,NOT_FOR_ENFORCEMENT,9475.1397,290431.1060,9869.9372,9475.1397,394.7975,0.02978352,0.02859218,394.7975,9475.1397,0.02859218,394.7975,394.7975,394.7975,592.1962,592.1962,9475.1397,0.02859218,2368.7849,2154.0868,7501.1522,7715.8503,0.02263548,0.02328335,0.00119134,53.9019,84.6955,2.7631,448.6335,33.5712,15063.1447,162.3636,47.6267,58.3345,10.3857,40.4073,83.0858,124.6287,155.7859,183.9513,20.7715,-10.2195,3.855389,4.552426,1.333965,18,97,34,8,0.36576351,0.02978352,0.04995611,0E-8,0.000000,0.912922,0.000000,-0.03180610,2026-06-13,2026-08-02,22,294,143,51,0.431373,0.816443,0.883581,1.219212,,,,,,,,GLOBAL_BASELINE_NO_ENTITY_RANKING,,,NOT_APPLICABLE_GLOBAL_BASELINE,HF9g-P5,,,,X 全窗基线 · 不参与实体赏罚,15051451,1506,A168_HF9F_20260827_0900,2026-08-27 09:00:00
2026-06-29,151416945,1947,0,849.5523752156,98.6643956544,98.6643956544,0.6666667,24,13,0.44111969181072506,0.330775988462,1.5735842604677956,2.473066695367692,1.5735842604677956,0.11034370334872506,ELIGIBLE,R03b_20260811_FULL_v1,L1_ELIGIBILITY,v2026-08-11,2026-03-21..2026-08-06,baccarat_bet02_101_all_pairs_incl_sentinel,round_win = game_pnl > 0 (decisive only),COMPATIBILITY_ONLY_NOT_PRODUCTION,331389.1826,302532.4021,9869.9372,6148,3572,-0.02978352,-0.04995611,-0.01815001,-0.02978352,-9869.9372,331389.1826,OK,0.0000,394.7975,4.0000,96.0000,AG03-UNRESOLVED,ALL5_LEVELS_bet23_to_bet27,394.7975,394.7975,394.7975,592.1962,592.1962,4.000000,4.000000,4.000000,6.000000,6.000000,96.000000,96.000000,96.000000,94.000000,94.000000,5.0,2368.7849,2154.0868,7501.1522,7715.8503,PENDING_AG03,FALSE,NOT_FOR_ENFORCEMENT,9475.1397,290431.1060,9869.9372,9475.1397,394.7975,0.02978352,0.02859218,394.7975,9475.1397,0.02859218,394.7975,394.7975,394.7975,592.1962,592.1962,9475.1397,0.02859218,2368.7849,2154.0868,7501.1522,7715.8503,0.02263548,0.02328335,0.00119134,53.9019,84.6955,2.7631,448.6335,33.5712,15063.1447,162.3636,47.6267,58.3345,10.3857,40.4073,83.0858,124.6287,155.7859,183.9513,20.7715,-10.2195,3.855389,4.552426,1.333965,18,97,34,8,0.36576351,0.02978352,0.04995611,0E-8,0.000000,0.912922,0.000000,-0.03180610,2026-06-13,2026-08-02,22,294,143,51,0.431373,0.816443,0.883581,1.219212,,,,,,,,GLOBAL_BASELINE_NO_ENTITY_RANKING,,,NOT_APPLICABLE_GLOBAL_BASELINE,HF9g-P5,,,,X 全窗基线 · 不参与实体赏罚,15051452,1506,A168_HF9F_20260827_0900,2026-08-27 09:00:00
2026-06-29,151416945,1951,0,187.9816380368,-42.7476476331,-42.7476476331,0.3750000,8,8,0.50162375000000000,0.501623750000,-0.7162958754040458,-0.7162958754040458,-0.7162958754040458,0E-17,ELIGIBLE,R03b_20260811_FULL_v1,L1_ELIGIBILITY,v2026-08-11,2026-03-21..2026-08-06,baccarat_bet02_101_all_pairs_incl_sentinel,round_win = game_pnl > 0 (decisive only),COMPATIBILITY_ONLY_NOT_PRODUCTION,331389.1826,302532.4021,9869.9372,6148,3572,-0.02978352,-0.04995611,-0.01815001,-0.02978352,-9869.9372,331389.1826,OK,0.0000,394.7975,4.0000,96.0000,AG03-UNRESOLVED,ALL5_LEVELS_bet23_to_bet27,394.7975,394.7975,394.7975,592.1962,592.1962,4.000000,4.000000,4.000000,6.000000,6.000000,96.000000,96.000000,96.000000,94.000000,94.000000,5.0,2368.7849,2154.0868,7501.1522,7715.8503,PENDING_AG03,FALSE,NOT_FOR_ENFORCEMENT,9475.1397,290431.1060,9869.9372,9475.1397,394.7975,0.02978352,0.02859218,394.7975,9475.1397,0.02859218,394.7975,394.7975,394.7975,592.1962,592.1962,9475.1397,0.02859218,2368.7849,2154.0868,7501.1522,7715.8503,0.02263548,0.02328335,0.00119134,53.9019,84.6955,2.7631,448.6335,33.5712,15063.1447,162.3636,47.6267,58.3345,10.3857,40.4073,83.0858,124.6287,155.7859,183.9513,20.7715,-10.2195,3.855389,4.552426,1.333965,18,97,34,8,0.36576351,0.02978352,0.04995611,0E-8,0.000000,0.912922,0.000000,-0.03180610,2026-06-13,2026-08-02,22,294,143,51,0.431373,0.816443,0.883581,1.219212,,,,,,,,GLOBAL_BASELINE_NO_ENTITY_RANKING,,,NOT_APPLICABLE_GLOBAL_BASELINE,HF9g-P5,,,,X 全窗基线 · 不参与实体赏罚,15051453,1506,A168_HF9F_20260827_0900,2026-08-27 09:00:00
2026-06-29,151416945,2106,0,1422.2212990466,-226.0764804851,-226.0764804851,0.4545455,18,11,0.47739653457168785,0.371279259091,-0.15173204115097896,0.571591584436039,-0.15173204115097896,0.10611727548068785,ELIGIBLE,R03b_20260811_FULL_v1,L1_ELIGIBILITY,v2026-08-11,2026-03-21..2026-08-06,baccarat_bet02_101_all_pairs_incl_sentinel,round_win = game_pnl > 0 (decisive only),COMPATIBILITY_ONLY_NOT_PRODUCTION,331389.1826,302532.4021,9869.9372,6148,3572,-0.02978352,-0.04995611,-0.01815001,-0.02978352,-9869.9372,331389.1826,OK,0.0000,394.7975,4.0000,96.0000,AG03-UNRESOLVED,ALL5_LEVELS_bet23_to_bet27,394.7975,394.7975,394.7975,592.1962,592.1962,4.000000,4.000000,4.000000,6.000000,6.000000,96.000000,96.000000,96.000000,94.000000,94.000000,5.0,2368.7849,2154.0868,7501.1522,7715.8503,PENDING_AG03,FALSE,NOT_FOR_ENFORCEMENT,9475.1397,290431.1060,9869.9372,9475.1397,394.7975,0.02978352,0.02859218,394.7975,9475.1397,0.02859218,394.7975,394.7975,394.7975,592.1962,592.1962,9475.1397,0.02859218,2368.7849,2154.0868,7501.1522,7715.8503,0.02263548,0.02328335,0.00119134,53.9019,84.6955,2.7631,448.6335,33.5712,15063.1447,162.3636,47.6267,58.3345,10.3857,40.4073,83.0858,124.6287,155.7859,183.9513,20.7715,-10.2195,3.855389,4.552426,1.333965,18,97,34,8,0.36576351,0.02978352,0.04995611,0E-8,0.000000,0.912922,0.000000,-0.03180610,2026-06-13,2026-08-02,22,294,143,51,0.431373,0.816443,0.883581,1.219212,,,,,,,,GLOBAL_BASELINE_NO_ENTITY_RANKING,,,NOT_APPLICABLE_GLOBAL_BASELINE,HF9g-P5,,,,X 全窗基线 · 不参与实体赏罚,15051454,1506,A168_HF9F_20260827_0900,2026-08-27 09:00:00
2026-06-29,151416945,2127,0,1076.7920569969,-720.7589888458,-720.7589888458,0.2222222,14,9,0.42999791210502423,0.345665116667,-1.2590546782033811,-0.778680926828226,-1.2590546782033811,0.08433279543802423,ELIGIBLE,R03b_20260811_FULL_v1,L1_ELIGIBILITY,v2026-08-11,2026-03-21..2026-08-06,baccarat_bet02_101_all_pairs_incl_sentinel,round_win = game_pnl > 0 (decisive only),COMPATIBILITY_ONLY_NOT_PRODUCTION,331389.1826,302532.4021,9869.9372,6148,3572,-0.02978352,-0.04995611,-0.01815001,-0.02978352,-9869.9372,331389.1826,OK,0.0000,394.7975,4.0000,96.0000,AG03-UNRESOLVED,ALL5_LEVELS_bet23_to_bet27,394.7975,394.7975,394.7975,592.1962,592.1962,4.000000,4.000000,4.000000,6.000000,6.000000,96.000000,96.000000,96.000000,94.000000,94.000000,5.0,2368.7849,2154.0868,7501.1522,7715.8503,PENDING_AG03,FALSE,NOT_FOR_ENFORCEMENT,9475.1397,290431.1060,9869.9372,9475.1397,394.7975,0.02978352,0.02859218,394.7975,9475.1397,0.02859218,394.7975,394.7975,394.7975,592.1962,592.1962,9475.1397,0.02859218,2368.7849,2154.0868,7501.1522,7715.8503,0.02263548,0.02328335,0.00119134,53.9019,84.6955,2.7631,448.6335,33.5712,15063.1447,162.3636,47.6267,58.3345,10.3857,40.4073,83.0858,124.6287,155.7859,183.9513,20.7715,-10.2195,3.855389,4.552426,1.333965,18,97,34,8,0.36576351,0.02978352,0.04995611,0E-8,0.000000,0.912922,0.000000,-0.03180610,2026-06-13,2026-08-02,22,294,143,51,0.431373,0.816443,0.883581,1.219212,,,,,,,,GLOBAL_BASELINE_NO_ENTITY_RANKING,,,NOT_APPLICABLE_GLOBAL_BASELINE,HF9g-P5,,,,X 全窗基线 · 不参与实体赏罚,15051455,1506,A168_HF9F_20260827_0900,2026-08-27 09:00:00
2026-06-29,151416945,2129,0,1914.0892756996,-306.4308414518,-306.4308414518,0.4285714,23,14,0.47804824521882322,0.368940403571,-0.3706079420155577,0.46240550462516955,-0.3706079420155577,0.10910784164782322,ELIGIBLE,R03b_20260811_FULL_v1,L1_ELIGIBILITY,v2026-08-11,2026-03-21..2026-08-06,baccarat_bet02_101_all_pairs_incl_sentinel,round_win = game_pnl > 0 (decisive only),COMPATIBILITY_ONLY_NOT_PRODUCTION,331389.1826,302532.4021,9869.9372,6148,3572,-0.02978352,-0.04995611,-0.01815001,-0.02978352,-9869.9372,331389.1826,OK,0.0000,394.7975,4.0000,96.0000,AG03-UNRESOLVED,ALL5_LEVELS_bet23_to_bet27,394.7975,394.7975,394.7975,592.1962,592.1962,4.000000,4.000000,4.000000,6.000000,6.000000,96.000000,96.000000,96.000000,94.000000,94.000000,5.0,2368.7849,2154.0868,7501.1522,7715.8503,PENDING_AG03,FALSE,NOT_FOR_ENFORCEMENT,9475.1397,290431.1060,9869.9372,9475.1397,394.7975,0.02978352,0.02859218,394.7975,9475.1397,0.02859218,394.7975,394.7975,394.7975,592.1962,592.1962,9475.1397,0.02859218,2368.7849,2154.0868,7501.1522,7715.8503,0.02263548,0.02328335,0.00119134,53.9019,84.6955,2.7631,448.6335,33.5712,15063.1447,162.3636,47.6267,58.3345,10.3857,40.4073,83.0858,124.6287,155.7859,183.9513,20.7715,-10.2195,3.855389,4.552426,1.333965,18,97,34,8,0.36576351,0.02978352,0.04995611,0E-8,0.000000,0.912922,0.000000,-0.03180610,2026-06-13,2026-08-02,22,294,143,51,0.431373,0.816443,0.883581,1.219212,,,,,,,,GLOBAL_BASELINE_NO_ENTITY_RANKING,,,NOT_APPLICABLE_GLOBAL_BASELINE,HF9g-P5,,,,X 全窗基线 · 不参与实体赏罚,15051456,1506,A168_HF9F_20260827_0900,2026-08-27 09:00:00
2026-06-29,151416945,2130,0,760.2351328334,-87.2400972106,-87.2400972106,0.4285714,14,9,0.46862562686971929,0.383256150000,-0.21236539197149223,0.24660205654145304,-0.21236539197149223,0.08536947686971929,ELIGIBLE,R03b_20260811_FULL_v1,L1_ELIGIBILITY,v2026-08-11,2026-03-21..2026-08-06,baccarat_bet02_101_all_pairs_incl_sentinel,round_win = game_pnl > 0 (decisive only),COMPATIBILITY_ONLY_NOT_PRODUCTION,331389.1826,302532.4021,9869.9372,6148,3572,-0.02978352,-0.04995611,-0.01815001,-0.02978352,-9869.9372,331389.1826,OK,0.0000,394.7975,4.0000,96.0000,AG03-UNRESOLVED,ALL5_LEVELS_bet23_to_bet27,394.7975,394.7975,394.7975,592.1962,592.1962,4.000000,4.000000,4.000000,6.000000,6.000000,96.000000,96.000000,96.000000,94.000000,94.000000,5.0,2368.7849,2154.0868,7501.1522,7715.8503,PENDING_AG03,FALSE,NOT_FOR_ENFORCEMENT,9475.1397,290431.1060,9869.9372,9475.1397,394.7975,0.02978352,0.02859218,394.7975,9475.1397,0.02859218,394.7975,394.7975,394.7975,592.1962,592.1962,9475.1397,0.02859218,2368.7849,2154.0868,7501.1522,7715.8503,0.02263548,0.02328335,0.00119134,53.9019,84.6955,2.7631,448.6335,33.5712,15063.1447,162.3636,47.6267,58.3345,10.3857,40.4073,83.0858,124.6287,155.7859,183.9513,20.7715,-10.2195,3.855389,4.552426,1.333965,18,97,34,8,0.36576351,0.02978352,0.04995611,0E-8,0.000000,0.912922,0.000000,-0.03180610,2026-06-13,2026-08-02,22,294,143,51,0.431373,0.816443,0.883581,1.219212,,,,,,,,GLOBAL_BASELINE_NO_ENTITY_RANKING,,,NOT_APPLICABLE_GLOBAL_BASELINE,HF9g-P5,,,,X 全窗基线 · 不参与实体赏罚,15051457,1506,A168_HF9F_20260827_0900,2026-08-27 09:00:00
2026-06-29,151416945,2134,0,186.9430654508,-186.9430654508,-186.9430654508,0E-7,2,2,0.49994810000000000,0.499948100000,-1.4140667746232096,-1.4140667746232096,-1.4140667746232096,0E-17,ELIGIBLE,R03b_20260811_FULL_v1,L1_ELIGIBILITY,v2026-08-11,2026-03-21..2026-08-06,baccarat_bet02_101_all_pairs_incl_sentinel,round_win = game_pnl > 0 (decisive only),COMPATIBILITY_ONLY_NOT_PRODUCTION,331389.1826,302532.4021,9869.9372,6148,3572,-0.02978352,-0.04995611,-0.01815001,-0.02978352,-9869.9372,331389.1826,OK,0.0000,394.7975,4.0000,96.0000,AG03-UNRESOLVED,ALL5_LEVELS_bet23_to_bet27,394.7975,394.7975,394.7975,592.1962,592.1962,4.000000,4.000000,4.000000,6.000000,6.000000,96.000000,96.000000,96.000000,94.000000,94.000000,5.0,2368.7849,2154.0868,7501.1522,7715.8503,PENDING_AG03,FALSE,NOT_FOR_ENFORCEMENT,9475.1397,290431.1060,9869.9372,9475.1397,394.7975,0.02978352,0.02859218,394.7975,9475.1397,0.02859218,394.7975,394.7975,394.7975,592.1962,592.1962,9475.1397,0.02859218,2368.7849,2154.0868,7501.1522,7715.8503,0.02263548,0.02328335,0.00119134,53.9019,84.6955,2.7631,448.6335,33.5712,15063.1447,162.3636,47.6267,58.3345,10.3857,40.4073,83.0858,124.6287,155.7859,183.9513,20.7715,-10.2195,3.855389,4.552426,1.333965,18,97,34,8,0.36576351,0.02978352,0.04995611,0E-8,0.000000,0.912922,0.000000,-0.03180610,2026-06-13,2026-08-02,22,294,143,51,0.431373,0.816443,0.883581,1.219212,,,,,,,,GLOBAL_BASELINE_NO_ENTITY_RANKING,,,NOT_APPLICABLE_GLOBAL_BASELINE,HF9g-P5,,,,X 全窗基线 · 不参与实体赏罚,15051458,1506,A168_HF9F_20260827_0900,2026-08-27 09:00:00
2026-06-29,151416945,2153,0,464.2419458696,-93.4715327253,-93.4715327253,0.4285714,8,7,0.49310237408639357,0.468601078571,-0.34149816402952105,-0.2122358947856337,-0.34149816402952105,0.02450129551539357,ELIGIBLE,R03b_20260811_FULL_v1,L1_ELIGIBILITY,v2026-08-11,2026-03-21..2026-08-06,baccarat_bet02_101_all_pairs_incl_sentinel,round_win = game_pnl > 0 (decisive only),COMPATIBILITY_ONLY_NOT_PRODUCTION,331389.1826,302532.4021,9869.9372,6148,3572,-0.02978352,-0.04995611,-0.01815001,-0.02978352,-9869.9372,331389.1826,OK,0.0000,394.7975,4.0000,96.0000,AG03-UNRESOLVED,ALL5_LEVELS_bet23_to_bet27,394.7975,394.7975,394.7975,592.1962,592.1962,4.000000,4.000000,4.000000,6.000000,6.000000,96.000000,96.000000,96.000000,94.000000,94.000000,5.0,2368.7849,2154.0868,7501.1522,7715.8503,PENDING_AG03,FALSE,NOT_FOR_ENFORCEMENT,9475.1397,290431.1060,9869.9372,9475.1397,394.7975,0.02978352,0.02859218,394.7975,9475.1397,0.02859218,394.7975,394.7975,394.7975,592.1962,592.1962,9475.1397,0.02859218,2368.7849,2154.0868,7501.1522,7715.8503,0.02263548,0.02328335,0.00119134,53.9019,84.6955,2.7631,448.6335,33.5712,15063.1447,162.3636,47.6267,58.3345,10.3857,40.4073,83.0858,124.6287,155.7859,183.9513,20.7715,-10.2195,3.855389,4.552426,1.333965,18,97,34,8,0.36576351,0.02978352,0.04995611,0E-8,0.000000,0.912922,0.000000,-0.03180610,2026-06-13,2026-08-02,22,294,143,51,0.431373,0.816443,0.883581,1.219212,,,,,,,,GLOBAL_BASELINE_NO_ENTITY_RANKING,,,NOT_APPLICABLE_GLOBAL_BASELINE,HF9g-P5,,,,X 全窗基线 · 不参与实体赏罚,15051459,1506,A168_HF9F_20260827_0900,2026-08-27 09:00:00
2026-06-29,151416945,2160,0,5991.5252477008,506.8234218880,506.8234218880,0.5500000,78,40,0.43723798620417274,0.295934930000,1.4377106462177895,3.5202251562172493,1.4377106462177895,0.14130305620417274,ELIGIBLE,R03b_20260811_FULL_v1,L1_ELIGIBILITY,v2026-08-11,2026-03-21..2026-08-06,baccarat_bet02_101_all_pairs_incl_sentinel,round_win = game_pnl > 0 (decisive only),COMPATIBILITY_ONLY_NOT_PRODUCTION,331389.1826,302532.4021,9869.9372,6148,3572,-0.02978352,-0.04995611,-0.01815001,-0.02978352,-9869.9372,331389.1826,OK,0.0000,394.7975,4.0000,96.0000,AG03-UNRESOLVED,ALL5_LEVELS_bet23_to_bet27,394.7975,394.7975,394.7975,592.1962,592.1962,4.000000,4.000000,4.000000,6.000000,6.000000,96.000000,96.000000,96.000000,94.000000,94.000000,5.0,2368.7849,2154.0868,7501.1522,7715.8503,PENDING_AG03,FALSE,NOT_FOR_ENFORCEMENT,9475.1397,290431.1060,9869.9372,9475.1397,394.7975,0.02978352,0.02859218,394.7975,9475.1397,0.02859218,394.7975,394.7975,394.7975,592.1962,592.1962,9475.1397,0.02859218,2368.7849,2154.0868,7501.1522,7715.8503,0.02263548,0.02328335,0.00119134,53.9019,84.6955,2.7631,448.6335,33.5712,15063.1447,162.3636,47.6267,58.3345,10.3857,40.4073,83.0858,124.6287,155.7859,183.9513,20.7715,-10.2195,3.855389,4.552426,1.333965,18,97,34,8,0.36576351,0.02978352,0.04995611,0E-8,0.000000,0.912922,0.000000,-0.03180610,2026-06-13,2026-08-02,22,294,143,51,0.431373,0.816443,0.883581,1.219212,,,,,,,,GLOBAL_BASELINE_NO_ENTITY_RANKING,,,NOT_APPLICABLE_GLOBAL_BASELINE,HF9g-P5,,,,X 全窗基线 · 不参与实体赏罚,15051460,1506,A168_HF9F_20260827_0900,2026-08-27 09:00:00
2026-06-29,151416945,2271,0,2432.3369960327,497.4762686163,497.4762686163,0.6333333,42,31,0.48061202596435914,0.426842827419,1.674237244555213,2.286598192553945,1.674237244555213,0.05376919854535914,ELIGIBLE,R03b_20260811_FULL_v1,L1_ELIGIBILITY,v2026-08-11,2026-03-21..2026-08-06,baccarat_bet02_101_all_pairs_incl_sentinel,round_win = game_pnl > 0 (decisive only),COMPATIBILITY_ONLY_NOT_PRODUCTION,331389.1826,302532.4021,9869.9372,6148,3572,-0.02978352,-0.04995611,-0.01815001,-0.02978352,-9869.9372,331389.1826,OK,0.0000,394.7975,4.0000,96.0000,AG03-UNRESOLVED,ALL5_LEVELS_bet23_to_bet27,394.7975,394.7975,394.7975,592.1962,592.1962,4.000000,4.000000,4.000000,6.000000,6.000000,96.000000,96.000000,96.000000,94.000000,94.000000,5.0,2368.7849,2154.0868,7501.1522,7715.8503,PENDING_AG03,FALSE,NOT_FOR_ENFORCEMENT,9475.1397,290431.1060,9869.9372,9475.1397,394.7975,0.02978352,0.02859218,394.7975,9475.1397,0.02859218,394.7975,394.7975,394.7975,592.1962,592.1962,9475.1397,0.02859218,2368.7849,2154.0868,7501.1522,7715.8503,0.02263548,0.02328335,0.00119134,53.9019,84.6955,2.7631,448.6335,33.5712,15063.1447,162.3636,47.6267,58.3345,10.3857,40.4073,83.0858,124.6287,155.7859,183.9513,20.7715,-10.2195,3.855389,4.552426,1.333965,18,97,34,8,0.36576351,0.02978352,0.04995611,0E-8,0.000000,0.912922,0.000000,-0.03180610,2026-06-13,2026-08-02,22,294,143,51,0.431373,0.816443,0.883581,1.219212,,,,,,,,GLOBAL_BASELINE_NO_ENTITY_RANKING,,,NOT_APPLICABLE_GLOBAL_BASELINE,HF9g-P5,,,,X 全窗基线 · 不参与实体赏罚,15051461,1506,A168_HF9F_20260827_0900,2026-08-27 09:00:00
2026-06-29,151416945,529,0,130.8601458155,-47.7743389485,-47.7743389485,0.3333333,3,3,0.49324550000000000,0.493245500000,-0.5540025479526107,-0.5540025479526106,-0.5540025479526107,0E-17,ELIGIBLE,R03b_20260811_FULL_v1,L1_ELIGIBILITY,v2026-08-11,2026-03-21..2026-08-06,baccarat_bet02_101_all_pairs_incl_sentinel,round_win = game_pnl > 0 (decisive only),COMPATIBILITY_ONLY_NOT_PRODUCTION,331389.1826,302532.4021,9869.9372,6148,3572,-0.02978352,-0.04995611,-0.01815001,-0.02978352,-9869.9372,331389.1826,OK,0.0000,394.7975,4.0000,96.0000,AG03-UNRESOLVED,ALL5_LEVELS_bet23_to_bet27,394.7975,394.7975,394.7975,592.1962,592.1962,4.000000,4.000000,4.000000,6.000000,6.000000,96.000000,96.000000,96.000000,94.000000,94.000000,5.0,2368.7849,2154.0868,7501.1522,7715.8503,PENDING_AG03,FALSE,NOT_FOR_ENFORCEMENT,9475.1397,290431.1060,9869.9372,9475.1397,394.7975,0.02978352,0.02859218,394.7975,9475.1397,0.02859218,394.7975,394.7975,394.7975,592.1962,592.1962,9475.1397,0.02859218,2368.7849,2154.0868,7501.1522,7715.8503,0.02263548,0.02328335,0.00119134,53.9019,84.6955,2.7631,448.6335,33.5712,15063.1447,162.3636,47.6267,58.3345,10.3857,40.4073,83.0858,124.6287,155.7859,183.9513,20.7715,-10.2195,3.855389,4.552426,1.333965,18,97,34,8,0.36576351,0.02978352,0.04995611,0E-8,0.000000,0.912922,0.000000,-0.03180610,2026-06-13,2026-08-02,22,294,143,51,0.431373,0.816443,0.883581,1.219212,,,,,,,,GLOBAL_BASELINE_NO_ENTITY_RANKING,,,NOT_APPLICABLE_GLOBAL_BASELINE,HF9g-P5,,,,X 全窗基线 · 不参与实体赏罚,15051462,1506,A168_HF9F_20260827_0900,2026-08-27 09:00:00
2026-06-29,151416945,550,0,1544.5651496585,-103.4418295494,-103.4418295494,0.5555556,28,20,0.48048215233925836,0.418208780000,0.6375048455054666,1.1813390661708396,0.6375048455054666,0.06227337233925836,ELIGIBLE,R03b_20260811_FULL_v1,L1_ELIGIBILITY,v2026-08-11,2026-03-21..2026-08-06,baccarat_bet02_101_all_pairs_incl_sentinel,round_win = game_pnl > 0 (decisive only),COMPATIBILITY_ONLY_NOT_PRODUCTION,331389.1826,302532.4021,9869.9372,6148,3572,-0.02978352,-0.04995611,-0.01815001,-0.02978352,-9869.9372,331389.1826,OK,0.0000,394.7975,4.0000,96.0000,AG03-UNRESOLVED,ALL5_LEVELS_bet23_to_bet27,394.7975,394.7975,394.7975,592.1962,592.1962,4.000000,4.000000,4.000000,6.000000,6.000000,96.000000,96.000000,96.000000,94.000000,94.000000,5.0,2368.7849,2154.0868,7501.1522,7715.8503,PENDING_AG03,FALSE,NOT_FOR_ENFORCEMENT,9475.1397,290431.1060,9869.9372,9475.1397,394.7975,0.02978352,0.02859218,394.7975,9475.1397,0.02859218,394.7975,394.7975,394.7975,592.1962,592.1962,9475.1397,0.02859218,2368.7849,2154.0868,7501.1522,7715.8503,0.02263548,0.02328335,0.00119134,53.9019,84.6955,2.7631,448.6335,33.5712,15063.1447,162.3636,47.6267,58.3345,10.3857,40.4073,83.0858,124.6287,155.7859,183.9513,20.7715,-10.2195,3.855389,4.552426,1.333965,18,97,34,8,0.36576351,0.02978352,0.04995611,0E-8,0.000000,0.912922,0.000000,-0.03180610,2026-06-13,2026-08-02,22,294,143,51,0.431373,0.816443,0.883581,1.219212,,,,,,,,GLOBAL_BASELINE_NO_ENTITY_RANKING,,,NOT_APPLICABLE_GLOBAL_BASELINE,HF9g-P5,,,,X 全窗基线 · 不参与实体赏罚,15051463,1506,A168_HF9F_20260827_0900,2026-08-27 09:00:00
2026-06-29,151416945,583,0,1159.0470057955,-224.3316785413,-224.3316785413,0.4444444,17,10,0.47207371200264120,0.356401595000,-0.16603478123307813,0.5514905123781912,-0.16603478123307813,0.11567211700264120,ELIGIBLE,R03b_20260811_FULL_v1,L1_ELIGIBILITY,v2026-08-11,2026-03-21..2026-08-06,baccarat_bet02_101_all_pairs_incl_sentinel,round_win = game_pnl > 0 (decisive only),COMPATIBILITY_ONLY_NOT_PRODUCTION,331389.1826,302532.4021,9869.9372,6148,3572,-0.02978352,-0.04995611,-0.01815001,-0.02978352,-9869.9372,331389.1826,OK,0.0000,394.7975,4.0000,96.0000,AG03-UNRESOLVED,ALL5_LEVELS_bet23_to_bet27,394.7975,394.7975,394.7975,592.1962,592.1962,4.000000,4.000000,4.000000,6.000000,6.000000,96.000000,96.000000,96.000000,94.000000,94.000000,5.0,2368.7849,2154.0868,7501.1522,7715.8503,PENDING_AG03,FALSE,NOT_FOR_ENFORCEMENT,9475.1397,290431.1060,9869.9372,9475.1397,394.7975,0.02978352,0.02859218,394.7975,9475.1397,0.02859218,394.7975,394.7975,394.7975,592.1962,592.1962,9475.1397,0.02859218,2368.7849,2154.0868,7501.1522,7715.8503,0.02263548,0.02328335,0.00119134,53.9019,84.6955,2.7631,448.6335,33.5712,15063.1447,162.3636,47.6267,58.3345,10.3857,40.4073,83.0858,124.6287,155.7859,183.9513,20.7715,-10.2195,3.855389,4.552426,1.333965,18,97,34,8,0.36576351,0.02978352,0.04995611,0E-8,0.000000,0.912922,0.000000,-0.03180610,2026-06-13,2026-08-02,22,294,143,51,0.431373,0.816443,0.883581,1.219212,,,,,,,,GLOBAL_BASELINE_NO_ENTITY_RANKING,,,NOT_APPLICABLE_GLOBAL_BASELINE,HF9g-P5,,,,X 全窗基线 · 不参与实体赏罚,15051464,1506,A168_HF9F_20260827_0900,2026-08-27 09:00:00
2026-06-29,151416945,595,0,3194.6492740381,-639.7607128766,-639.7607128766,0.4545455,43,22,0.46553472041525031,0.305116856818,-0.10333423623440746,1.522145163983242,-0.10333423623440746,0.16041786359725031,ELIGIBLE,R03b_20260811_FULL_v1,L1_ELIGIBILITY,v2026-08-11,2026-03-21..2026-08-06,baccarat_bet02_101_all_pairs_incl_sentinel,round_win = game_pnl > 0 (decisive only),COMPATIBILITY_ONLY_NOT_PRODUCTION,331389.1826,302532.4021,9869.9372,6148,3572,-0.02978352,-0.04995611,-0.01815001,-0.02978352,-9869.9372,331389.1826,OK,0.0000,394.7975,4.0000,96.0000,AG03-UNRESOLVED,ALL5_LEVELS_bet23_to_bet27,394.7975,394.7975,394.7975,592.1962,592.1962,4.000000,4.000000,4.000000,6.000000,6.000000,96.000000,96.000000,96.000000,94.000000,94.000000,5.0,2368.7849,2154.0868,7501.1522,7715.8503,PENDING_AG03,FALSE,NOT_FOR_ENFORCEMENT,9475.1397,290431.1060,9869.9372,9475.1397,394.7975,0.02978352,0.02859218,394.7975,9475.1397,0.02859218,394.7975,394.7975,394.7975,592.1962,592.1962,9475.1397,0.02859218,2368.7849,2154.0868,7501.1522,7715.8503,0.02263548,0.02328335,0.00119134,53.9019,84.6955,2.7631,448.6335,33.5712,15063.1447,162.3636,47.6267,58.3345,10.3857,40.4073,83.0858,124.6287,155.7859,183.9513,20.7715,-10.2195,3.855389,4.552426,1.333965,18,97,34,8,0.36576351,0.02978352,0.04995611,0E-8,0.000000,0.912922,0.000000,-0.03180610,2026-06-13,2026-08-02,22,294,143,51,0.431373,0.816443,0.883581,1.219212,,,,,,,,GLOBAL_BASELINE_NO_ENTITY_RANKING,,,NOT_APPLICABLE_GLOBAL_BASELINE,HF9g-P5,,,,X 全窗基线 · 不参与实体赏罚,15051465,1506,A168_HF9F_20260827_0900,2026-08-27 09:00:00
2026-06-29,151416945,752,0,3627.7340423326,-81.2163762129,-81.2163762129,0.5600000,46,25,0.47071311346260454,0.330105230000,0.8944044839492017,2.4443849413242793,0.8944044839492017,0.14060788346260454,ELIGIBLE,R03b_20260811_FULL_v1,L1_ELIGIBILITY,v2026-08-11,2026-03-21..2026-08-06,baccarat_bet02_101_all_pairs_incl_sentinel,round_win = game_pnl > 0 (decisive only),COMPATIBILITY_ONLY_NOT_PRODUCTION,331389.1826,302532.4021,9869.9372,6148,3572,-0.02978352,-0.04995611,-0.01815001,-0.02978352,-9869.9372,331389.1826,OK,0.0000,394.7975,4.0000,96.0000,AG03-UNRESOLVED,ALL5_LEVELS_bet23_to_bet27,394.7975,394.7975,394.7975,592.1962,592.1962,4.000000,4.000000,4.000000,6.000000,6.000000,96.000000,96.000000,96.000000,94.000000,94.000000,5.0,2368.7849,2154.0868,7501.1522,7715.8503,PENDING_AG03,FALSE,NOT_FOR_ENFORCEMENT,9475.1397,290431.1060,9869.9372,9475.1397,394.7975,0.02978352,0.02859218,394.7975,9475.1397,0.02859218,394.7975,394.7975,394.7975,592.1962,592.1962,9475.1397,0.02859218,2368.7849,2154.0868,7501.1522,7715.8503,0.02263548,0.02328335,0.00119134,53.9019,84.6955,2.7631,448.6335,33.5712,15063.1447,162.3636,47.6267,58.3345,10.3857,40.4073,83.0858,124.6287,155.7859,183.9513,20.7715,-10.2195,3.855389,4.552426,1.333965,18,97,34,8,0.36576351,0.02978352,0.04995611,0E-8,0.000000,0.912922,0.000000,-0.03180610,2026-06-13,2026-08-02,22,294,143,51,0.431373,0.816443,0.883581,1.219212,,,,,,,,GLOBAL_BASELINE_NO_ENTITY_RANKING,,,NOT_APPLICABLE_GLOBAL_BASELINE,HF9g-P5,,,,X 全窗基线 · 不参与实体赏罚,15051466,1506,A168_HF9F_20260827_0900,2026-08-27 09:00:00
2026-06-29,151416945,763,0,5248.9458488261,-731.1551004308,-731.1551004308,0.4857143,65,35,0.46793768171434600,0.324696662857,0.21076940008066894,2.03431908028128,0.21076940008066894,0.14324101885734600,ELIGIBLE,R03b_20260811_FULL_v1,L1_ELIGIBILITY,v2026-08-11,2026-03-21..2026-08-06,baccarat_bet02_101_all_pairs_incl_sentinel,round_win = game_pnl > 0 (decisive only),COMPATIBILITY_ONLY_NOT_PRODUCTION,331389.1826,302532.4021,9869.9372,6148,3572,-0.02978352,-0.04995611,-0.01815001,-0.02978352,-9869.9372,331389.1826,OK,0.0000,394.7975,4.0000,96.0000,AG03-UNRESOLVED,ALL5_LEVELS_bet23_to_bet27,394.7975,394.7975,394.7975,592.1962,592.1962,4.000000,4.000000,4.000000,6.000000,6.000000,96.000000,96.000000,96.000000,94.000000,94.000000,5.0,2368.7849,2154.0868,7501.1522,7715.8503,PENDING_AG03,FALSE,NOT_FOR_ENFORCEMENT,9475.1397,290431.1060,9869.9372,9475.1397,394.7975,0.02978352,0.02859218,394.7975,9475.1397,0.02859218,394.7975,394.7975,394.7975,592.1962,592.1962,9475.1397,0.02859218,2368.7849,2154.0868,7501.1522,7715.8503,0.02263548,0.02328335,0.00119134,53.9019,84.6955,2.7631,448.6335,33.5712,15063.1447,162.3636,47.6267,58.3345,10.3857,40.4073,83.0858,124.6287,155.7859,183.9513,20.7715,-10.2195,3.855389,4.552426,1.333965,18,97,34,8,0.36576351,0.02978352,0.04995611,0E-8,0.000000,0.912922,0.000000,-0.03180610,2026-06-13,2026-08-02,22,294,143,51,0.431373,0.816443,0.883581,1.219212,,,,,,,,GLOBAL_BASELINE_NO_ENTITY_RANKING,,,NOT_APPLICABLE_GLOBAL_BASELINE,HF9g-P5,,,,X 全窗基线 · 不参与实体赏罚,15051467,1506,A168_HF9F_20260827_0900,2026-08-27 09:00:00
2026-06-29,151416945,789,0,332.3432274682,32.1957501611,32.1957501611,0.6000000,5,5,0.50396966000000000,0.503969660000,0.4294742719815242,0.4294742719815242,0.4294742719815242,0E-17,ELIGIBLE,R03b_20260811_FULL_v1,L1_ELIGIBILITY,v2026-08-11,2026-03-21..2026-08-06,baccarat_bet02_101_all_pairs_incl_sentinel,round_win = game_pnl > 0 (decisive only),COMPATIBILITY_ONLY_NOT_PRODUCTION,331389.1826,302532.4021,9869.9372,6148,3572,-0.02978352,-0.04995611,-0.01815001,-0.02978352,-9869.9372,331389.1826,OK,0.0000,394.7975,4.0000,96.0000,AG03-UNRESOLVED,ALL5_LEVELS_bet23_to_bet27,394.7975,394.7975,394.7975,592.1962,592.1962,4.000000,4.000000,4.000000,6.000000,6.000000,96.000000,96.000000,96.000000,94.000000,94.000000,5.0,2368.7849,2154.0868,7501.1522,7715.8503,PENDING_AG03,FALSE,NOT_FOR_ENFORCEMENT,9475.1397,290431.1060,9869.9372,9475.1397,394.7975,0.02978352,0.02859218,394.7975,9475.1397,0.02859218,394.7975,394.7975,394.7975,592.1962,592.1962,9475.1397,0.02859218,2368.7849,2154.0868,7501.1522,7715.8503,0.02263548,0.02328335,0.00119134,53.9019,84.6955,2.7631,448.6335,33.5712,15063.1447,162.3636,47.6267,58.3345,10.3857,40.4073,83.0858,124.6287,155.7859,183.9513,20.7715,-10.2195,3.855389,4.552426,1.333965,18,97,34,8,0.36576351,0.02978352,0.04995611,0E-8,0.000000,0.912922,0.000000,-0.03180610,2026-06-13,2026-08-02,22,294,143,51,0.431373,0.816443,0.883581,1.219212,,,,,,,,GLOBAL_BASELINE_NO_ENTITY_RANKING,,,NOT_APPLICABLE_GLOBAL_BASELINE,HF9g-P5,,,,X 全窗基线 · 不参与实体赏罚,15051468,1506,A168_HF9F_20260827_0900,2026-08-27 09:00:00
2026-06-29,151416945,925,0,2027.2936875559,-226.4088237130,-226.4088237130,0.5384615,26,13,0.46357983257715823,0.295470903846,0.5414178748489216,1.9202350132146475,0.5414178748489216,0.16810892873115823,ELIGIBLE,R03b_20260811_FULL_v1,L1_ELIGIBILITY,v2026-08-11,2026-03-21..2026-08-06,baccarat_bet02_101_all_pairs_incl_sentinel,round_win = game_pnl > 0 (decisive only),COMPATIBILITY_ONLY_NOT_PRODUCTION,331389.1826,302532.4021,9869.9372,6148,3572,-0.02978352,-0.04995611,-0.01815001,-0.02978352,-9869.9372,331389.1826,OK,0.0000,394.7975,4.0000,96.0000,AG03-UNRESOLVED,ALL5_LEVELS_bet23_to_bet27,394.7975,394.7975,394.7975,592.1962,592.1962,4.000000,4.000000,4.000000,6.000000,6.000000,96.000000,96.000000,96.000000,94.000000,94.000000,5.0,2368.7849,2154.0868,7501.1522,7715.8503,PENDING_AG03,FALSE,NOT_FOR_ENFORCEMENT,9475.1397,290431.1060,9869.9372,9475.1397,394.7975,0.02978352,0.02859218,394.7975,9475.1397,0.02859218,394.7975,394.7975,394.7975,592.1962,592.1962,9475.1397,0.02859218,2368.7849,2154.0868,7501.1522,7715.8503,0.02263548,0.02328335,0.00119134,53.9019,84.6955,2.7631,448.6335,33.5712,15063.1447,162.3636,47.6267,58.3345,10.3857,40.4073,83.0858,124.6287,155.7859,183.9513,20.7715,-10.2195,3.855389,4.552426,1.333965,18,97,34,8,0.36576351,0.02978352,0.04995611,0E-8,0.000000,0.912922,0.000000,-0.03180610,2026-06-13,2026-08-02,22,294,143,51,0.431373,0.816443,0.883581,1.219212,,,,,,,,GLOBAL_BASELINE_NO_ENTITY_RANKING,,,NOT_APPLICABLE_GLOBAL_BASELINE,HF9g-P5,,,,X 全窗基线 · 不参与实体赏罚,15051469,1506,A168_HF9F_20260827_0900,2026-08-27 09:00:00
2026-06-29,151416945,948,0,222.2545333693,-222.2545333693,-222.2545333693,0E-7,2,2,0.49994810000000000,0.499948100000,-1.4140667746232096,-1.4140667746232096,-1.4140667746232096,0E-17,ELIGIBLE,R03b_20260811_FULL_v1,L1_ELIGIBILITY,v2026-08-11,2026-03-21..2026-08-06,baccarat_bet02_101_all_pairs_incl_sentinel,round_win = game_pnl > 0 (decisive only),COMPATIBILITY_ONLY_NOT_PRODUCTION,331389.1826,302532.4021,9869.9372,6148,3572,-0.02978352,-0.04995611,-0.01815001,-0.02978352,-9869.9372,331389.1826,OK,0.0000,394.7975,4.0000,96.0000,AG03-UNRESOLVED,ALL5_LEVELS_bet23_to_bet27,394.7975,394.7975,394.7975,592.1962,592.1962,4.000000,4.000000,4.000000,6.000000,6.000000,96.000000,96.000000,96.000000,94.000000,94.000000,5.0,2368.7849,2154.0868,7501.1522,7715.8503,PENDING_AG03,FALSE,NOT_FOR_ENFORCEMENT,9475.1397,290431.1060,9869.9372,9475.1397,394.7975,0.02978352,0.02859218,394.7975,9475.1397,0.02859218,394.7975,394.7975,394.7975,592.1962,592.1962,9475.1397,0.02859218,2368.7849,2154.0868,7501.1522,7715.8503,0.02263548,0.02328335,0.00119134,53.9019,84.6955,2.7631,448.6335,33.5712,15063.1447,162.3636,47.6267,58.3345,10.3857,40.4073,83.0858,124.6287,155.7859,183.9513,20.7715,-10.2195,3.855389,4.552426,1.333965,18,97,34,8,0.36576351,0.02978352,0.04995611,0E-8,0.000000,0.912922,0.000000,-0.03180610,2026-06-13,2026-08-02,22,294,143,51,0.431373,0.816443,0.883581,1.219212,,,,,,,,GLOBAL_BASELINE_NO_ENTITY_RANKING,,,NOT_APPLICABLE_GLOBAL_BASELINE,HF9g-P5,,,,X 全窗基线 · 不参与实体赏罚,15051470,1506,A168_HF9F_20260827_0900,2026-08-27 09:00:00
2026-06-29,151416945,987,0,572.0457802795,-243.8568431549,-243.8568431549,0.4444444,10,9,0.49653073333332605,0.477801283333,-0.31252525641380274,-0.2003385776251004,-0.31252525641380274,0.01872945000032605,ELIGIBLE,R03b_20260811_FULL_v1,L1_ELIGIBILITY,v2026-08-11,2026-03-21..2026-08-06,baccarat_bet02_101_all_pairs_incl_sentinel,round_win = game_pnl > 0 (decisive only),COMPATIBILITY_ONLY_NOT_PRODUCTION,331389.1826,302532.4021,9869.9372,6148,3572,-0.02978352,-0.04995611,-0.01815001,-0.02978352,-9869.9372,331389.1826,OK,0.0000,394.7975,4.0000,96.0000,AG03-UNRESOLVED,ALL5_LEVELS_bet23_to_bet27,394.7975,394.7975,394.7975,592.1962,592.1962,4.000000,4.000000,4.000000,6.000000,6.000000,96.000000,96.000000,96.000000,94.000000,94.000000,5.0,2368.7849,2154.0868,7501.1522,7715.8503,PENDING_AG03,FALSE,NOT_FOR_ENFORCEMENT,9475.1397,290431.1060,9869.9372,9475.1397,394.7975,0.02978352,0.02859218,394.7975,9475.1397,0.02859218,394.7975,394.7975,394.7975,592.1962,592.1962,9475.1397,0.02859218,2368.7849,2154.0868,7501.1522,7715.8503,0.02263548,0.02328335,0.00119134,53.9019,84.6955,2.7631,448.6335,33.5712,15063.1447,162.3636,47.6267,58.3345,10.3857,40.4073,83.0858,124.6287,155.7859,183.9513,20.7715,-10.2195,3.855389,4.552426,1.333965,18,97,34,8,0.36576351,0.02978352,0.04995611,0E-8,0.000000,0.912922,0.000000,-0.03180610,2026-06-13,2026-08-02,22,294,143,51,0.431373,0.816443,0.883581,1.219212,,,,,,,,GLOBAL_BASELINE_NO_ENTITY_RANKING,,,NOT_APPLICABLE_GLOBAL_BASELINE,HF9g-P5,,,,X 全窗基线 · 不参与实体赏罚,15051471,1506,A168_HF9F_20260827_0900,2026-08-27 09:00:00
2026-07-01,151416945,-1,1,81.7561214896,0E-10,0E-10,0.5000000,2,2,0.49324550000000000,0.493245500000,0.01910635448239258,0.01910635448239258,0.01910635448239258,0E-17,SENTINEL_DEALER,R03b_20260811_FULL_v1,L1_ELIGIBILITY,v2026-08-11,2026-03-21..2026-08-06,baccarat_bet02_101_all_pairs_incl_sentinel,round_win = game_pnl > 0 (decisive only),COMPATIBILITY_ONLY_NOT_PRODUCTION,331389.1826,302532.4021,9869.9372,6148,3572,-0.02978352,-0.04995611,-0.01815001,-0.02978352,-9869.9372,331389.1826,OK,0.0000,394.7975,4.0000,96.0000,AG03-UNRESOLVED,ALL5_LEVELS_bet23_to_bet27,394.7975,394.7975,394.7975,592.1962,592.1962,4.000000,4.000000,4.000000,6.000000,6.000000,96.000000,96.000000,96.000000,94.000000,94.000000,5.0,2368.7849,2154.0868,7501.1522,7715.8503,PENDING_AG03,FALSE,NOT_FOR_ENFORCEMENT,9475.1397,290431.1060,9869.9372,9475.1397,394.7975,0.02978352,0.02859218,394.7975,9475.1397,0.02859218,394.7975,394.7975,394.7975,592.1962,592.1962,9475.1397,0.02859218,2368.7849,2154.0868,7501.1522,7715.8503,0.02263548,0.02328335,0.00119134,53.9019,84.6955,2.7631,448.6335,33.5712,15063.1447,162.3636,47.6267,58.3345,10.3857,40.4073,83.0858,124.6287,155.7859,183.9513,20.7715,-10.2195,3.855389,4.552426,1.333965,18,97,34,8,0.36576351,0.02978352,0.04995611,0E-8,0.000000,0.912922,0.000000,-0.03180610,2026-06-13,2026-08-02,22,294,143,51,0.431373,0.816443,0.883581,1.219212,,,,,,,,GLOBAL_BASELINE_NO_ENTITY_RANKING,,,NOT_APPLICABLE_GLOBAL_BASELINE,HF9g-P5,,,,X 全窗基线 · 不参与实体赏罚,15051472,1506,A168_HF9F_20260827_0900,2026-08-27 09:00:00
2026-07-01,151416945,1157,0,1909.0054367821,58.2512365613,58.2512365613,0.5238095,30,23,0.46784812246377116,0.420204284783,0.5139584181296232,0.9618860478618154,0.5139584181296232,0.04764383768077116,ELIGIBLE,R03b_20260811_FULL_v1,L1_ELIGIBILITY,v2026-08-11,2026-03-21..2026-08-06,baccarat_bet02_101_all_pairs_incl_sentinel,round_win = game_pnl > 0 (decisive only),COMPATIBILITY_ONLY_NOT_PRODUCTION,331389.1826,302532.4021,9869.9372,6148,3572,-0.02978352,-0.04995611,-0.01815001,-0.02978352,-9869.9372,331389.1826,OK,0.0000,394.7975,4.0000,96.0000,AG03-UNRESOLVED,ALL5_LEVELS_bet23_to_bet27,394.7975,394.7975,394.7975,592.1962,592.1962,4.000000,4.000000,4.000000,6.000000,6.000000,96.000000,96.000000,96.000000,94.000000,94.000000,5.0,2368.7849,2154.0868,7501.1522,7715.8503,PENDING_AG03,FALSE,NOT_FOR_ENFORCEMENT,9475.1397,290431.1060,9869.9372,9475.1397,394.7975,0.02978352,0.02859218,394.7975,9475.1397,0.02859218,394.7975,394.7975,394.7975,592.1962,592.1962,9475.1397,0.02859218,2368.7849,2154.0868,7501.1522,7715.8503,0.02263548,0.02328335,0.00119134,53.9019,84.6955,2.7631,448.6335,33.5712,15063.1447,162.3636,47.6267,58.3345,10.3857,40.4073,83.0858,124.6287,155.7859,183.9513,20.7715,-10.2195,3.855389,4.552426,1.333965,18,97,34,8,0.36576351,0.02978352,0.04995611,0E-8,0.000000,0.912922,0.000000,-0.03180610,2026-06-13,2026-08-02,22,294,143,51,0.431373,0.816443,0.883581,1.219212,,,,,,,,GLOBAL_BASELINE_NO_ENTITY_RANKING,,,NOT_APPLICABLE_GLOBAL_BASELINE,HF9g-P5,,,,X 全窗基线 · 不参与实体赏罚,15051473,1506,A168_HF9F_20260827_0900,2026-08-27 09:00:00
2026-07-01,151416945,1205,0,267.7512978784,-63.3609941544,-63.3609941544,0.5000000,5,4,0.48078791562500000,0.443415162500,0.07690513048144636,0.22780282909953653,0.07690513048144636,0.03737275312500000,ELIGIBLE,R03b_20260811_FULL_v1,L1_ELIGIBILITY,v2026-08-11,2026-03-21..2026-08-06,baccarat_bet02_101_all_pairs_incl_sentinel,round_win = game_pnl > 0 (decisive only),COMPATIBILITY_ONLY_NOT_PRODUCTION,331389.1826,302532.4021,9869.9372,6148,3572,-0.02978352,-0.04995611,-0.01815001,-0.02978352,-9869.9372,331389.1826,OK,0.0000,394.7975,4.0000,96.0000,AG03-UNRESOLVED,ALL5_LEVELS_bet23_to_bet27,394.7975,394.7975,394.7975,592.1962,592.1962,4.000000,4.000000,4.000000,6.000000,6.000000,96.000000,96.000000,96.000000,94.000000,94.000000,5.0,2368.7849,2154.0868,7501.1522,7715.8503,PENDING_AG03,FALSE,NOT_FOR_ENFORCEMENT,9475.1397,290431.1060,9869.9372,9475.1397,394.7975,0.02978352,0.02859218,394.7975,9475.1397,0.02859218,394.7975,394.7975,394.7975,592.1962,592.1962,9475.1397,0.02859218,2368.7849,2154.0868,7501.1522,7715.8503,0.02263548,0.02328335,0.00119134,53.9019,84.6955,2.7631,448.6335,33.5712,15063.1447,162.3636,47.6267,58.3345,10.3857,40.4073,83.0858,124.6287,155.7859,183.9513,20.7715,-10.2195,3.855389,4.552426,1.333965,18,97,34,8,0.36576351,0.02978352,0.04995611,0E-8,0.000000,0.912922,0.000000,-0.03180610,2026-06-13,2026-08-02,22,294,143,51,0.431373,0.816443,0.883581,1.219212,,,,,,,,GLOBAL_BASELINE_NO_ENTITY_RANKING,,,NOT_APPLICABLE_GLOBAL_BASELINE,HF9g-P5,,,,X 全窗基线 · 不参与实体赏罚,15051474,1506,A168_HF9F_20260827_0900,2026-08-27 09:00:00
2026-07-01,151416945,1221,0,615.2148142092,-321.9147283653,-321.9147283653,0.2857143,11,7,0.47330896559523810,0.384135157143,-0.9940751317222559,-0.5353668686289851,-0.9940751317222559,0.08917380845223810,ELIGIBLE,R03b_20260811_FULL_v1,L1_ELIGIBILITY,v2026-08-11,2026-03-21..2026-08-06,baccarat_bet02_101_all_pairs_incl_sentinel,round_win = game_pnl > 0 (decisive only),COMPATIBILITY_ONLY_NOT_PRODUCTION,331389.1826,302532.4021,9869.9372,6148,3572,-0.02978352,-0.04995611,-0.01815001,-0.02978352,-9869.9372,331389.1826,OK,0.0000,394.7975,4.0000,96.0000,AG03-UNRESOLVED,ALL5_LEVELS_bet23_to_bet27,394.7975,394.7975,394.7975,592.1962,592.1962,4.000000,4.000000,4.000000,6.000000,6.000000,96.000000,96.000000,96.000000,94.000000,94.000000,5.0,2368.7849,2154.0868,7501.1522,7715.8503,PENDING_AG03,FALSE,NOT_FOR_ENFORCEMENT,9475.1397,290431.1060,9869.9372,9475.1397,394.7975,0.02978352,0.02859218,394.7975,9475.1397,0.02859218,394.7975,394.7975,394.7975,592.1962,592.1962,9475.1397,0.02859218,2368.7849,2154.0868,7501.1522,7715.8503,0.02263548,0.02328335,0.00119134,53.9019,84.6955,2.7631,448.6335,33.5712,15063.1447,162.3636,47.6267,58.3345,10.3857,40.4073,83.0858,124.6287,155.7859,183.9513,20.7715,-10.2195,3.855389,4.552426,1.333965,18,97,34,8,0.36576351,0.02978352,0.04995611,0E-8,0.000000,0.912922,0.000000,-0.03180610,2026-06-13,2026-08-02,22,294,143,51,0.431373,0.816443,0.883581,1.219212,,,,,,,,GLOBAL_BASELINE_NO_ENTITY_RANKING,,,NOT_APPLICABLE_GLOBAL_BASELINE,HF9g-P5,,,,X 全窗基线 · 不参与实体赏罚,15051475,1506,A168_HF9F_20260827_0900,2026-08-27 09:00:00
2026-07-01,151416945,1299,0,666.3123901402,-40.8780607448,-40.8780607448,0.4444444,12,10,0.44755338642858949,0.419549300000,-0.018757125786111026,0.1513427897221933,-0.018757125786111026,0.02800408642858949,ELIGIBLE,R03b_20260811_FULL_v1,L1_ELIGIBILITY,v2026-08-11,2026-03-21..2026-08-06,baccarat_bet02_101_all_pairs_incl_sentinel,round_win = game_pnl > 0 (decisive only),COMPATIBILITY_ONLY_NOT_PRODUCTION,331389.1826,302532.4021,9869.9372,6148,3572,-0.02978352,-0.04995611,-0.01815001,-0.02978352,-9869.9372,331389.1826,OK,0.0000,394.7975,4.0000,96.0000,AG03-UNRESOLVED,ALL5_LEVELS_bet23_to_bet27,394.7975,394.7975,394.7975,592.1962,592.1962,4.000000,4.000000,4.000000,6.000000,6.000000,96.000000,96.000000,96.000000,94.000000,94.000000,5.0,2368.7849,2154.0868,7501.1522,7715.8503,PENDING_AG03,FALSE,NOT_FOR_ENFORCEMENT,9475.1397,290431.1060,9869.9372,9475.1397,394.7975,0.02978352,0.02859218,394.7975,9475.1397,0.02859218,394.7975,394.7975,394.7975,592.1962,592.1962,9475.1397,0.02859218,2368.7849,2154.0868,7501.1522,7715.8503,0.02263548,0.02328335,0.00119134,53.9019,84.6955,2.7631,448.6335,33.5712,15063.1447,162.3636,47.6267,58.3345,10.3857,40.4073,83.0858,124.6287,155.7859,183.9513,20.7715,-10.2195,3.855389,4.552426,1.333965,18,97,34,8,0.36576351,0.02978352,0.04995611,0E-8,0.000000,0.912922,0.000000,-0.03180610,2026-06-13,2026-08-02,22,294,143,51,0.431373,0.816443,0.883581,1.219212,,,,,,,,GLOBAL_BASELINE_NO_ENTITY_RANKING,,,NOT_APPLICABLE_GLOBAL_BASELINE,HF9g-P5,,,,X 全窗基线 · 不参与实体赏罚,15051476,1506,A168_HF9F_20260827_0900,2026-08-27 09:00:00
2026-07-01,151416945,1304,0,633.6099415444,119.0573519192,119.0573519192,0.6666667,17,9,0.44363387638888889,0.318305166667,1.346781934457776,2.2435438456047905,1.346781934457776,0.12532870972188889,ELIGIBLE,R03b_20260811_FULL_v1,L1_ELIGIBILITY,v2026-08-11,2026-03-21..2026-08-06,baccarat_bet02_101_all_pairs_incl_sentinel,round_win = game_pnl > 0 (decisive only),COMPATIBILITY_ONLY_NOT_PRODUCTION,331389.1826,302532.4021,9869.9372,6148,3572,-0.02978352,-0.04995611,-0.01815001,-0.02978352,-9869.9372,331389.1826,OK,0.0000,394.7975,4.0000,96.0000,AG03-UNRESOLVED,ALL5_LEVELS_bet23_to_bet27,394.7975,394.7975,394.7975,592.1962,592.1962,4.000000,4.000000,4.000000,6.000000,6.000000,96.000000,96.000000,96.000000,94.000000,94.000000,5.0,2368.7849,2154.0868,7501.1522,7715.8503,PENDING_AG03,FALSE,NOT_FOR_ENFORCEMENT,9475.1397,290431.1060,9869.9372,9475.1397,394.7975,0.02978352,0.02859218,394.7975,9475.1397,0.02859218,394.7975,394.7975,394.7975,592.1962,592.1962,9475.1397,0.02859218,2368.7849,2154.0868,7501.1522,7715.8503,0.02263548,0.02328335,0.00119134,53.9019,84.6955,2.7631,448.6335,33.5712,15063.1447,162.3636,47.6267,58.3345,10.3857,40.4073,83.0858,124.6287,155.7859,183.9513,20.7715,-10.2195,3.855389,4.552426,1.333965,18,97,34,8,0.36576351,0.02978352,0.04995611,0E-8,0.000000,0.912922,0.000000,-0.03180610,2026-06-13,2026-08-02,22,294,143,51,0.431373,0.816443,0.883581,1.219212,,,,,,,,GLOBAL_BASELINE_NO_ENTITY_RANKING,,,NOT_APPLICABLE_GLOBAL_BASELINE,HF9g-P5,,,,X 全窗基线 · 不参与实体赏罚,15051477,1506,A168_HF9F_20260827_0900,2026-08-27 09:00:00
2026-07-01,151416945,1323,0,102.1951518620,-20.4390303724,-20.4390303724,0.5000000,3,2,0.46002527500000000,0.393584825000,0.11342869089165983,0.308045137873246,0.11342869089165983,0.06644045000000000,ELIGIBLE,R03b_20260811_FULL_v1,L1_ELIGIBILITY,v2026-08-11,2026-03-21..2026-08-06,baccarat_bet02_101_all_pairs_incl_sentinel,round_win = game_pnl > 0 (decisive only),COMPATIBILITY_ONLY_NOT_PRODUCTION,331389.1826,302532.4021,9869.9372,6148,3572,-0.02978352,-0.04995611,-0.01815001,-0.02978352,-9869.9372,331389.1826,OK,0.0000,394.7975,4.0000,96.0000,AG03-UNRESOLVED,ALL5_LEVELS_bet23_to_bet27,394.7975,394.7975,394.7975,592.1962,592.1962,4.000000,4.000000,4.000000,6.000000,6.000000,96.000000,96.000000,96.000000,94.000000,94.000000,5.0,2368.7849,2154.0868,7501.1522,7715.8503,PENDING_AG03,FALSE,NOT_FOR_ENFORCEMENT,9475.1397,290431.1060,9869.9372,9475.1397,394.7975,0.02978352,0.02859218,394.7975,9475.1397,0.02859218,394.7975,394.7975,394.7975,592.1962,592.1962,9475.1397,0.02859218,2368.7849,2154.0868,7501.1522,7715.8503,0.02263548,0.02328335,0.00119134,53.9019,84.6955,2.7631,448.6335,33.5712,15063.1447,162.3636,47.6267,58.3345,10.3857,40.4073,83.0858,124.6287,155.7859,183.9513,20.7715,-10.2195,3.855389,4.552426,1.333965,18,97,34,8,0.36576351,0.02978352,0.04995611,0E-8,0.000000,0.912922,0.000000,-0.03180610,2026-06-13,2026-08-02,22,294,143,51,0.431373,0.816443,0.883581,1.219212,,,,,,,,GLOBAL_BASELINE_NO_ENTITY_RANKING,,,NOT_APPLICABLE_GLOBAL_BASELINE,HF9g-P5,,,,X 全窗基线 · 不参与实体赏罚,15051478,1506,A168_HF9F_20260827_0900,2026-08-27 09:00:00
2026-07-01,151416945,1353,0,610.5138372237,-153.1905326413,-153.1905326413,0.3571429,18,15,0.48753387146241210,0.456062270000,-0.9760604190456852,-0.7431198859408799,-0.9760604190456852,0.03147160146241210,ELIGIBLE,R03b_20260811_FULL_v1,L1_ELIGIBILITY,v2026-08-11,2026-03-21..2026-08-06,baccarat_bet02_101_all_pairs_incl_sentinel,round_win = game_pnl > 0 (decisive only),COMPATIBILITY_ONLY_NOT_PRODUCTION,331389.1826,302532.4021,9869.9372,6148,3572,-0.02978352,-0.04995611,-0.01815001,-0.02978352,-9869.9372,331389.1826,OK,0.0000,394.7975,4.0000,96.0000,AG03-UNRESOLVED,ALL5_LEVELS_bet23_to_bet27,394.7975,394.7975,394.7975,592.1962,592.1962,4.000000,4.000000,4.000000,6.000000,6.000000,96.000000,96.000000,96.000000,94.000000,94.000000,5.0,2368.7849,2154.0868,7501.1522,7715.8503,PENDING_AG03,FALSE,NOT_FOR_ENFORCEMENT,9475.1397,290431.1060,9869.9372,9475.1397,394.7975,0.02978352,0.02859218,394.7975,9475.1397,0.02859218,394.7975,394.7975,394.7975,592.1962,592.1962,9475.1397,0.02859218,2368.7849,2154.0868,7501.1522,7715.8503,0.02263548,0.02328335,0.00119134,53.9019,84.6955,2.7631,448.6335,33.5712,15063.1447,162.3636,47.6267,58.3345,10.3857,40.4073,83.0858,124.6287,155.7859,183.9513,20.7715,-10.2195,3.855389,4.552426,1.333965,18,97,34,8,0.36576351,0.02978352,0.04995611,0E-8,0.000000,0.912922,0.000000,-0.03180610,2026-06-13,2026-08-02,22,294,143,51,0.431373,0.816443,0.883581,1.219212,,,,,,,,GLOBAL_BASELINE_NO_ENTITY_RANKING,,,NOT_APPLICABLE_GLOBAL_BASELINE,HF9g-P5,,,,X 全窗基线 · 不参与实体赏罚,15051479,1506,A168_HF9F_20260827_0900,2026-08-27 09:00:00
2026-07-01,151416945,1382,0,756.2441237788,172.7098066467,172.7098066467,0.6666667,17,9,0.45612210351851852,0.320539366667,1.2681599165258057,2.2250218097168966,1.2681599165258057,0.13558273685151852,ELIGIBLE,R03b_20260811_FULL_v1,L1_ELIGIBILITY,v2026-08-11,2026-03-21..2026-08-06,baccarat_bet02_101_all_pairs_incl_sentinel,round_win = game_pnl > 0 (decisive only),COMPATIBILITY_ONLY_NOT_PRODUCTION,331389.1826,302532.4021,9869.9372,6148,3572,-0.02978352,-0.04995611,-0.01815001,-0.02978352,-9869.9372,331389.1826,OK,0.0000,394.7975,4.0000,96.0000,AG03-UNRESOLVED,ALL5_LEVELS_bet23_to_bet27,394.7975,394.7975,394.7975,592.1962,592.1962,4.000000,4.000000,4.000000,6.000000,6.000000,96.000000,96.000000,96.000000,94.000000,94.000000,5.0,2368.7849,2154.0868,7501.1522,7715.8503,PENDING_AG03,FALSE,NOT_FOR_ENFORCEMENT,9475.1397,290431.1060,9869.9372,9475.1397,394.7975,0.02978352,0.02859218,394.7975,9475.1397,0.02859218,394.7975,394.7975,394.7975,592.1962,592.1962,9475.1397,0.02859218,2368.7849,2154.0868,7501.1522,7715.8503,0.02263548,0.02328335,0.00119134,53.9019,84.6955,2.7631,448.6335,33.5712,15063.1447,162.3636,47.6267,58.3345,10.3857,40.4073,83.0858,124.6287,155.7859,183.9513,20.7715,-10.2195,3.855389,4.552426,1.333965,18,97,34,8,0.36576351,0.02978352,0.04995611,0E-8,0.000000,0.912922,0.000000,-0.03180610,2026-06-13,2026-08-02,22,294,143,51,0.431373,0.816443,0.883581,1.219212,,,,,,,,GLOBAL_BASELINE_NO_ENTITY_RANKING,,,NOT_APPLICABLE_GLOBAL_BASELINE,HF9g-P5,,,,X 全窗基线 · 不参与实体赏罚,15051480,1506,A168_HF9F_20260827_0900,2026-08-27 09:00:00
2026-07-01,151416945,1490,0,1324.0403875241,34.6441564809,34.6441564809,0.5238095,26,22,0.49274154545453917,0.465231172727,0.28477273317838503,0.5381822187545214,0.28477273317838503,0.02751037272753917,ELIGIBLE,R03b_20260811_FULL_v1,L1_ELIGIBILITY,v2026-08-11,2026-03-21..2026-08-06,baccarat_bet02_101_all_pairs_incl_sentinel,round_win = game_pnl > 0 (decisive only),COMPATIBILITY_ONLY_NOT_PRODUCTION,331389.1826,302532.4021,9869.9372,6148,3572,-0.02978352,-0.04995611,-0.01815001,-0.02978352,-9869.9372,331389.1826,OK,0.0000,394.7975,4.0000,96.0000,AG03-UNRESOLVED,ALL5_LEVELS_bet23_to_bet27,394.7975,394.7975,394.7975,592.1962,592.1962,4.000000,4.000000,4.000000,6.000000,6.000000,96.000000,96.000000,96.000000,94.000000,94.000000,5.0,2368.7849,2154.0868,7501.1522,7715.8503,PENDING_AG03,FALSE,NOT_FOR_ENFORCEMENT,9475.1397,290431.1060,9869.9372,9475.1397,394.7975,0.02978352,0.02859218,394.7975,9475.1397,0.02859218,394.7975,394.7975,394.7975,592.1962,592.1962,9475.1397,0.02859218,2368.7849,2154.0868,7501.1522,7715.8503,0.02263548,0.02328335,0.00119134,53.9019,84.6955,2.7631,448.6335,33.5712,15063.1447,162.3636,47.6267,58.3345,10.3857,40.4073,83.0858,124.6287,155.7859,183.9513,20.7715,-10.2195,3.855389,4.552426,1.333965,18,97,34,8,0.36576351,0.02978352,0.04995611,0E-8,0.000000,0.912922,0.000000,-0.03180610,2026-06-13,2026-08-02,22,294,143,51,0.431373,0.816443,0.883581,1.219212,,,,,,,,GLOBAL_BASELINE_NO_ENTITY_RANKING,,,NOT_APPLICABLE_GLOBAL_BASELINE,HF9g-P5,,,,X 全窗基线 · 不参与实体赏罚,15051481,1506,A168_HF9F_20260827_0900,2026-08-27 09:00:00
2026-07-01,151416945,1646,0,1661.6931692761,-508.9318562730,-508.9318562730,0.3809524,26,22,0.49352999369616943,0.464926509091,-1.031877258318167,-0.7715361480934573,-1.031877258318167,0.02860348460516943,ELIGIBLE,R03b_20260811_FULL_v1,L1_ELIGIBILITY,v2026-08-11,2026-03-21..2026-08-06,baccarat_bet02_101_all_pairs_incl_sentinel,round_win = game_pnl > 0 (decisive only),COMPATIBILITY_ONLY_NOT_PRODUCTION,331389.1826,302532.4021,9869.9372,6148,3572,-0.02978352,-0.04995611,-0.01815001,-0.02978352,-9869.9372,331389.1826,OK,0.0000,394.7975,4.0000,96.0000,AG03-UNRESOLVED,ALL5_LEVELS_bet23_to_bet27,394.7975,394.7975,394.7975,592.1962,592.1962,4.000000,4.000000,4.000000,6.000000,6.000000,96.000000,96.000000,96.000000,94.000000,94.000000,5.0,2368.7849,2154.0868,7501.1522,7715.8503,PENDING_AG03,FALSE,NOT_FOR_ENFORCEMENT,9475.1397,290431.1060,9869.9372,9475.1397,394.7975,0.02978352,0.02859218,394.7975,9475.1397,0.02859218,394.7975,394.7975,394.7975,592.1962,592.1962,9475.1397,0.02859218,2368.7849,2154.0868,7501.1522,7715.8503,0.02263548,0.02328335,0.00119134,53.9019,84.6955,2.7631,448.6335,33.5712,15063.1447,162.3636,47.6267,58.3345,10.3857,40.4073,83.0858,124.6287,155.7859,183.9513,20.7715,-10.2195,3.855389,4.552426,1.333965,18,97,34,8,0.36576351,0.02978352,0.04995611,0E-8,0.000000,0.912922,0.000000,-0.03180610,2026-06-13,2026-08-02,22,294,143,51,0.431373,0.816443,0.883581,1.219212,,,,,,,,GLOBAL_BASELINE_NO_ENTITY_RANKING,,,NOT_APPLICABLE_GLOBAL_BASELINE,HF9g-P5,,,,X 全窗基线 · 不参与实体赏罚,15051482,1506,A168_HF9F_20260827_0900,2026-08-27 09:00:00
2026-07-01,151416945,1654,0,470.0976985652,-227.8951886523,-227.8951886523,0.3333333,9,6,0.47746243089285714,0.401404525000,-0.706803888097401,-0.3401583466643697,-0.706803888097401,0.07605790589285714,ELIGIBLE,R03b_20260811_FULL_v1,L1_ELIGIBILITY,v2026-08-11,2026-03-21..2026-08-06,baccarat_bet02_101_all_pairs_incl_sentinel,round_win = game_pnl > 0 (decisive only),COMPATIBILITY_ONLY_NOT_PRODUCTION,331389.1826,302532.4021,9869.9372,6148,3572,-0.02978352,-0.04995611,-0.01815001,-0.02978352,-9869.9372,331389.1826,OK,0.0000,394.7975,4.0000,96.0000,AG03-UNRESOLVED,ALL5_LEVELS_bet23_to_bet27,394.7975,394.7975,394.7975,592.1962,592.1962,4.000000,4.000000,4.000000,6.000000,6.000000,96.000000,96.000000,96.000000,94.000000,94.000000,5.0,2368.7849,2154.0868,7501.1522,7715.8503,PENDING_AG03,FALSE,NOT_FOR_ENFORCEMENT,9475.1397,290431.1060,9869.9372,9475.1397,394.7975,0.02978352,0.02859218,394.7975,9475.1397,0.02859218,394.7975,394.7975,394.7975,592.1962,592.1962,9475.1397,0.02859218,2368.7849,2154.0868,7501.1522,7715.8503,0.02263548,0.02328335,0.00119134,53.9019,84.6955,2.7631,448.6335,33.5712,15063.1447,162.3636,47.6267,58.3345,10.3857,40.4073,83.0858,124.6287,155.7859,183.9513,20.7715,-10.2195,3.855389,4.552426,1.333965,18,97,34,8,0.36576351,0.02978352,0.04995611,0E-8,0.000000,0.912922,0.000000,-0.03180610,2026-06-13,2026-08-02,22,294,143,51,0.431373,0.816443,0.883581,1.219212,,,,,,,,GLOBAL_BASELINE_NO_ENTITY_RANKING,,,NOT_APPLICABLE_GLOBAL_BASELINE,HF9g-P5,,,,X 全窗基线 · 不参与实体赏罚,15051483,1506,A168_HF9F_20260827_0900,2026-08-27 09:00:00
2026-07-01,151416945,1710,0,674.4880022892,-245.2683644688,-245.2683644688,0.3333333,12,7,0.46982268142857143,0.353745650000,-0.6698797088897375,-0.10457325555691001,-0.6698797088897375,0.11607703142857143,ELIGIBLE,R03b_20260811_FULL_v1,L1_ELIGIBILITY,v2026-08-11,2026-03-21..2026-08-06,baccarat_bet02_101_all_pairs_incl_sentinel,round_win = game_pnl > 0 (decisive only),COMPATIBILITY_ONLY_NOT_PRODUCTION,331389.1826,302532.4021,9869.9372,6148,3572,-0.02978352,-0.04995611,-0.01815001,-0.02978352,-9869.9372,331389.1826,OK,0.0000,394.7975,4.0000,96.0000,AG03-UNRESOLVED,ALL5_LEVELS_bet23_to_bet27,394.7975,394.7975,394.7975,592.1962,592.1962,4.000000,4.000000,4.000000,6.000000,6.000000,96.000000,96.000000,96.000000,94.000000,94.000000,5.0,2368.7849,2154.0868,7501.1522,7715.8503,PENDING_AG03,FALSE,NOT_FOR_ENFORCEMENT,9475.1397,290431.1060,9869.9372,9475.1397,394.7975,0.02978352,0.02859218,394.7975,9475.1397,0.02859218,394.7975,394.7975,394.7975,592.1962,592.1962,9475.1397,0.02859218,2368.7849,2154.0868,7501.1522,7715.8503,0.02263548,0.02328335,0.00119134,53.9019,84.6955,2.7631,448.6335,33.5712,15063.1447,162.3636,47.6267,58.3345,10.3857,40.4073,83.0858,124.6287,155.7859,183.9513,20.7715,-10.2195,3.855389,4.552426,1.333965,18,97,34,8,0.36576351,0.02978352,0.04995611,0E-8,0.000000,0.912922,0.000000,-0.03180610,2026-06-13,2026-08-02,22,294,143,51,0.431373,0.816443,0.883581,1.219212,,,,,,,,GLOBAL_BASELINE_NO_ENTITY_RANKING,,,NOT_APPLICABLE_GLOBAL_BASELINE,HF9g-P5,,,,X 全窗基线 · 不参与实体赏罚,15051484,1506,A168_HF9F_20260827_0900,2026-08-27 09:00:00
2026-07-01,151416945,1951,0,2400.1553366310,75.4711196498,75.4711196498,0.5172414,40,30,0.48786558598952964,0.433060810000,0.3164801900933075,0.9148885157911267,0.3164801900933075,0.05480477598952964,ELIGIBLE,R03b_20260811_FULL_v1,L1_ELIGIBILITY,v2026-08-11,2026-03-21..2026-08-06,baccarat_bet02_101_all_pairs_incl_sentinel,round_win = game_pnl > 0 (decisive only),COMPATIBILITY_ONLY_NOT_PRODUCTION,331389.1826,302532.4021,9869.9372,6148,3572,-0.02978352,-0.04995611,-0.01815001,-0.02978352,-9869.9372,331389.1826,OK,0.0000,394.7975,4.0000,96.0000,AG03-UNRESOLVED,ALL5_LEVELS_bet23_to_bet27,394.7975,394.7975,394.7975,592.1962,592.1962,4.000000,4.000000,4.000000,6.000000,6.000000,96.000000,96.000000,96.000000,94.000000,94.000000,5.0,2368.7849,2154.0868,7501.1522,7715.8503,PENDING_AG03,FALSE,NOT_FOR_ENFORCEMENT,9475.1397,290431.1060,9869.9372,9475.1397,394.7975,0.02978352,0.02859218,394.7975,9475.1397,0.02859218,394.7975,394.7975,394.7975,592.1962,592.1962,9475.1397,0.02859218,2368.7849,2154.0868,7501.1522,7715.8503,0.02263548,0.02328335,0.00119134,53.9019,84.6955,2.7631,448.6335,33.5712,15063.1447,162.3636,47.6267,58.3345,10.3857,40.4073,83.0858,124.6287,155.7859,183.9513,20.7715,-10.2195,3.855389,4.552426,1.333965,18,97,34,8,0.36576351,0.02978352,0.04995611,0E-8,0.000000,0.912922,0.000000,-0.03180610,2026-06-13,2026-08-02,22,294,143,51,0.431373,0.816443,0.883581,1.219212,,,,,,,,GLOBAL_BASELINE_NO_ENTITY_RANKING,,,NOT_APPLICABLE_GLOBAL_BASELINE,HF9g-P5,,,,X 全窗基线 · 不参与实体赏罚,15051485,1506,A168_HF9F_20260827_0900,2026-08-27 09:00:00
2026-07-01,151416945,1964,0,979.0295548380,-295.3439888813,-295.3439888813,0.3636364,15,12,0.49119340357141469,0.451234862500,-0.8462489554538044,-0.5838461582744265,-0.8462489554538044,0.03995854107141469,ELIGIBLE,R03b_20260811_FULL_v1,L1_ELIGIBILITY,v2026-08-11,2026-03-21..2026-08-06,baccarat_bet02_101_all_pairs_incl_sentinel,round_win = game_pnl > 0 (decisive only),COMPATIBILITY_ONLY_NOT_PRODUCTION,331389.1826,302532.4021,9869.9372,6148,3572,-0.02978352,-0.04995611,-0.01815001,-0.02978352,-9869.9372,331389.1826,OK,0.0000,394.7975,4.0000,96.0000,AG03-UNRESOLVED,ALL5_LEVELS_bet23_to_bet27,394.7975,394.7975,394.7975,592.1962,592.1962,4.000000,4.000000,4.000000,6.000000,6.000000,96.000000,96.000000,96.000000,94.000000,94.000000,5.0,2368.7849,2154.0868,7501.1522,7715.8503,PENDING_AG03,FALSE,NOT_FOR_ENFORCEMENT,9475.1397,290431.1060,9869.9372,9475.1397,394.7975,0.02978352,0.02859218,394.7975,9475.1397,0.02859218,394.7975,394.7975,394.7975,592.1962,592.1962,9475.1397,0.02859218,2368.7849,2154.0868,7501.1522,7715.8503,0.02263548,0.02328335,0.00119134,53.9019,84.6955,2.7631,448.6335,33.5712,15063.1447,162.3636,47.6267,58.3345,10.3857,40.4073,83.0858,124.6287,155.7859,183.9513,20.7715,-10.2195,3.855389,4.552426,1.333965,18,97,34,8,0.36576351,0.02978352,0.04995611,0E-8,0.000000,0.912922,0.000000,-0.03180610,2026-06-13,2026-08-02,22,294,143,51,0.431373,0.816443,0.883581,1.219212,,,,,,,,GLOBAL_BASELINE_NO_ENTITY_RANKING,,,NOT_APPLICABLE_GLOBAL_BASELINE,HF9g-P5,,,,X 全窗基线 · 不参与实体赏罚,15051486,1506,A168_HF9F_20260827_0900,2026-08-27 09:00:00
2026-07-01,151416945,1985,0,3253.8936352860,596.8196868740,596.8196868740,0.6285714,58,35,0.47026503075679281,0.370636142381,1.8764276543594953,3.1595119176756836,1.8764276543594953,0.09962888837579281,ELIGIBLE,R03b_20260811_FULL_v1,L1_ELIGIBILITY,v2026-08-11,2026-03-21..2026-08-06,baccarat_bet02_101_all_pairs_incl_sentinel,round_win = game_pnl > 0 (decisive only),COMPATIBILITY_ONLY_NOT_PRODUCTION,331389.1826,302532.4021,9869.9372,6148,3572,-0.02978352,-0.04995611,-0.01815001,-0.02978352,-9869.9372,331389.1826,OK,0.0000,394.7975,4.0000,96.0000,AG03-UNRESOLVED,ALL5_LEVELS_bet23_to_bet27,394.7975,394.7975,394.7975,592.1962,592.1962,4.000000,4.000000,4.000000,6.000000,6.000000,96.000000,96.000000,96.000000,94.000000,94.000000,5.0,2368.7849,2154.0868,7501.1522,7715.8503,PENDING_AG03,FALSE,NOT_FOR_ENFORCEMENT,9475.1397,290431.1060,9869.9372,9475.1397,394.7975,0.02978352,0.02859218,394.7975,9475.1397,0.02859218,394.7975,394.7975,394.7975,592.1962,592.1962,9475.1397,0.02859218,2368.7849,2154.0868,7501.1522,7715.8503,0.02263548,0.02328335,0.00119134,53.9019,84.6955,2.7631,448.6335,33.5712,15063.1447,162.3636,47.6267,58.3345,10.3857,40.4073,83.0858,124.6287,155.7859,183.9513,20.7715,-10.2195,3.855389,4.552426,1.333965,18,97,34,8,0.36576351,0.02978352,0.04995611,0E-8,0.000000,0.912922,0.000000,-0.03180610,2026-06-13,2026-08-02,22,294,143,51,0.431373,0.816443,0.883581,1.219212,,,,,,,,GLOBAL_BASELINE_NO_ENTITY_RANKING,,,NOT_APPLICABLE_GLOBAL_BASELINE,HF9g-P5,,,,X 全窗基线 · 不参与实体赏罚,15051487,1506,A168_HF9F_20260827_0900,2026-08-27 09:00:00
2026-07-01,151416945,1990,0,776.6831541512,-132.8536974207,-132.8536974207,0.4545455,14,12,0.49045660714285714,0.466727875000,-0.23825103993169947,-0.08098854852242716,-0.23825103993169947,0.02372873214285714,ELIGIBLE,R03b_20260811_FULL_v1,L1_ELIGIBILITY,v2026-08-11,2026-03-21..2026-08-06,baccarat_bet02_101_all_pairs_incl_sentinel,round_win = game_pnl > 0 (decisive only),COMPATIBILITY_ONLY_NOT_PRODUCTION,331389.1826,302532.4021,9869.9372,6148,3572,-0.02978352,-0.04995611,-0.01815001,-0.02978352,-9869.9372,331389.1826,OK,0.0000,394.7975,4.0000,96.0000,AG03-UNRESOLVED,ALL5_LEVELS_bet23_to_bet27,394.7975,394.7975,394.7975,592.1962,592.1962,4.000000,4.000000,4.000000,6.000000,6.000000,96.000000,96.000000,96.000000,94.000000,94.000000,5.0,2368.7849,2154.0868,7501.1522,7715.8503,PENDING_AG03,FALSE,NOT_FOR_ENFORCEMENT,9475.1397,290431.1060,9869.9372,9475.1397,394.7975,0.02978352,0.02859218,394.7975,9475.1397,0.02859218,394.7975,394.7975,394.7975,592.1962,592.1962,9475.1397,0.02859218,2368.7849,2154.0868,7501.1522,7715.8503,0.02263548,0.02328335,0.00119134,53.9019,84.6955,2.7631,448.6335,33.5712,15063.1447,162.3636,47.6267,58.3345,10.3857,40.4073,83.0858,124.6287,155.7859,183.9513,20.7715,-10.2195,3.855389,4.552426,1.333965,18,97,34,8,0.36576351,0.02978352,0.04995611,0E-8,0.000000,0.912922,0.000000,-0.03180610,2026-06-13,2026-08-02,22,294,143,51,0.431373,0.816443,0.883581,1.219212,,,,,,,,GLOBAL_BASELINE_NO_ENTITY_RANKING,,,NOT_APPLICABLE_GLOBAL_BASELINE,HF9g-P5,,,,X 全窗基线 · 不参与实体赏罚,15051488,1506,A168_HF9F_20260827_0900,2026-08-27 09:00:00
2026-07-01,151416945,2127,0,1778.1956423988,395.4952377059,395.4952377059,0.6000000,36,26,0.46178409959706960,0.404602330769,1.3862139410401808,1.990543295140915,1.3862139410401808,0.05718176882806960,ELIGIBLE,R03b_20260811_FULL_v1,L1_ELIGIBILITY,v2026-08-11,2026-03-21..2026-08-06,baccarat_bet02_101_all_pairs_incl_sentinel,round_win = game_pnl > 0 (decisive only),COMPATIBILITY_ONLY_NOT_PRODUCTION,331389.1826,302532.4021,9869.9372,6148,3572,-0.02978352,-0.04995611,-0.01815001,-0.02978352,-9869.9372,331389.1826,OK,0.0000,394.7975,4.0000,96.0000,AG03-UNRESOLVED,ALL5_LEVELS_bet23_to_bet27,394.7975,394.7975,394.7975,592.1962,592.1962,4.000000,4.000000,4.000000,6.000000,6.000000,96.000000,96.000000,96.000000,94.000000,94.000000,5.0,2368.7849,2154.0868,7501.1522,7715.8503,PENDING_AG03,FALSE,NOT_FOR_ENFORCEMENT,9475.1397,290431.1060,9869.9372,9475.1397,394.7975,0.02978352,0.02859218,394.7975,9475.1397,0.02859218,394.7975,394.7975,394.7975,592.1962,592.1962,9475.1397,0.02859218,2368.7849,2154.0868,7501.1522,7715.8503,0.02263548,0.02328335,0.00119134,53.9019,84.6955,2.7631,448.6335,33.5712,15063.1447,162.3636,47.6267,58.3345,10.3857,40.4073,83.0858,124.6287,155.7859,183.9513,20.7715,-10.2195,3.855389,4.552426,1.333965,18,97,34,8,0.36576351,0.02978352,0.04995611,0E-8,0.000000,0.912922,0.000000,-0.03180610,2026-06-13,2026-08-02,22,294,143,51,0.431373,0.816443,0.883581,1.219212,,,,,,,,GLOBAL_BASELINE_NO_ENTITY_RANKING,,,NOT_APPLICABLE_GLOBAL_BASELINE,HF9g-P5,,,,X 全窗基线 · 不参与实体赏罚,15051489,1506,A168_HF9F_20260827_0900,2026-08-27 09:00:00
2026-07-01,151416945,2167,0,259.5756857295,59.2731880799,59.2731880799,0.6666667,6,3,0.45024456569764796,0.300626750000,0.7534479068701966,1.3826770541014297,0.7534479068701966,0.14961781569764796,ELIGIBLE,R03b_20260811_FULL_v1,L1_ELIGIBILITY,v2026-08-11,2026-03-21..2026-08-06,baccarat_bet02_101_all_pairs_incl_sentinel,round_win = game_pnl > 0 (decisive only),COMPATIBILITY_ONLY_NOT_PRODUCTION,331389.1826,302532.4021,9869.9372,6148,3572,-0.02978352,-0.04995611,-0.01815001,-0.02978352,-9869.9372,331389.1826,OK,0.0000,394.7975,4.0000,96.0000,AG03-UNRESOLVED,ALL5_LEVELS_bet23_to_bet27,394.7975,394.7975,394.7975,592.1962,592.1962,4.000000,4.000000,4.000000,6.000000,6.000000,96.000000,96.000000,96.000000,94.000000,94.000000,5.0,2368.7849,2154.0868,7501.1522,7715.8503,PENDING_AG03,FALSE,NOT_FOR_ENFORCEMENT,9475.1397,290431.1060,9869.9372,9475.1397,394.7975,0.02978352,0.02859218,394.7975,9475.1397,0.02859218,394.7975,394.7975,394.7975,592.1962,592.1962,9475.1397,0.02859218,2368.7849,2154.0868,7501.1522,7715.8503,0.02263548,0.02328335,0.00119134,53.9019,84.6955,2.7631,448.6335,33.5712,15063.1447,162.3636,47.6267,58.3345,10.3857,40.4073,83.0858,124.6287,155.7859,183.9513,20.7715,-10.2195,3.855389,4.552426,1.333965,18,97,34,8,0.36576351,0.02978352,0.04995611,0E-8,0.000000,0.912922,0.000000,-0.03180610,2026-06-13,2026-08-02,22,294,143,51,0.431373,0.816443,0.883581,1.219212,,,,,,,,GLOBAL_BASELINE_NO_ENTITY_RANKING,,,NOT_APPLICABLE_GLOBAL_BASELINE,HF9g-P5,,,,X 全窗基线 · 不参与实体赏罚,15051490,1506,A168_HF9F_20260827_0900,2026-08-27 09:00:00
2026-07-01,151416945,2261,0,427.1757347832,-51.0975759310,-51.0975759310,0.5000000,14,12,0.48236653154758476,0.463935125000,0.11159326575224235,0.22868997561679208,0.11159326575224235,0.01843140654758476,ELIGIBLE,R03b_20260811_FULL_v1,L1_ELIGIBILITY,v2026-08-11,2026-03-21..2026-08-06,baccarat_bet02_101_all_pairs_incl_sentinel,round_win = game_pnl > 0 (decisive only),COMPATIBILITY_ONLY_NOT_PRODUCTION,331389.1826,302532.4021,9869.9372,6148,3572,-0.02978352,-0.04995611,-0.01815001,-0.02978352,-9869.9372,331389.1826,OK,0.0000,394.7975,4.0000,96.0000,AG03-UNRESOLVED,ALL5_LEVELS_bet23_to_bet27,394.7975,394.7975,394.7975,592.1962,592.1962,4.000000,4.000000,4.000000,6.000000,6.000000,96.000000,96.000000,96.000000,94.000000,94.000000,5.0,2368.7849,2154.0868,7501.1522,7715.8503,PENDING_AG03,FALSE,NOT_FOR_ENFORCEMENT,9475.1397,290431.1060,9869.9372,9475.1397,394.7975,0.02978352,0.02859218,394.7975,9475.1397,0.02859218,394.7975,394.7975,394.7975,592.1962,592.1962,9475.1397,0.02859218,2368.7849,2154.0868,7501.1522,7715.8503,0.02263548,0.02328335,0.00119134,53.9019,84.6955,2.7631,448.6335,33.5712,15063.1447,162.3636,47.6267,58.3345,10.3857,40.4073,83.0858,124.6287,155.7859,183.9513,20.7715,-10.2195,3.855389,4.552426,1.333965,18,97,34,8,0.36576351,0.02978352,0.04995611,0E-8,0.000000,0.912922,0.000000,-0.03180610,2026-06-13,2026-08-02,22,294,143,51,0.431373,0.816443,0.883581,1.219212,,,,,,,,GLOBAL_BASELINE_NO_ENTITY_RANKING,,,NOT_APPLICABLE_GLOBAL_BASELINE,HF9g-P5,,,,X 全窗基线 · 不参与实体赏罚,15051491,1506,A168_HF9F_20260827_0900,2026-08-27 09:00:00
2026-07-01,151416945,529,0,1152.7613130034,-748.0685116299,-748.0685116299,0.1875000,23,17,0.41003554371274190,0.355702241176,-1.8098213292394982,-1.4054168572946353,-1.8098213292394982,0.05433330253674190,ELIGIBLE,R03b_20260811_FULL_v1,L1_ELIGIBILITY,v2026-08-11,2026-03-21..2026-08-06,baccarat_bet02_101_all_pairs_incl_sentinel,round_win = game_pnl > 0 (decisive only),COMPATIBILITY_ONLY_NOT_PRODUCTION,331389.1826,302532.4021,9869.9372,6148,3572,-0.02978352,-0.04995611,-0.01815001,-0.02978352,-9869.9372,331389.1826,OK,0.0000,394.7975,4.0000,96.0000,AG03-UNRESOLVED,ALL5_LEVELS_bet23_to_bet27,394.7975,394.7975,394.7975,592.1962,592.1962,4.000000,4.000000,4.000000,6.000000,6.000000,96.000000,96.000000,96.000000,94.000000,94.000000,5.0,2368.7849,2154.0868,7501.1522,7715.8503,PENDING_AG03,FALSE,NOT_FOR_ENFORCEMENT,9475.1397,290431.1060,9869.9372,9475.1397,394.7975,0.02978352,0.02859218,394.7975,9475.1397,0.02859218,394.7975,394.7975,394.7975,592.1962,592.1962,9475.1397,0.02859218,2368.7849,2154.0868,7501.1522,7715.8503,0.02263548,0.02328335,0.00119134,53.9019,84.6955,2.7631,448.6335,33.5712,15063.1447,162.3636,47.6267,58.3345,10.3857,40.4073,83.0858,124.6287,155.7859,183.9513,20.7715,-10.2195,3.855389,4.552426,1.333965,18,97,34,8,0.36576351,0.02978352,0.04995611,0E-8,0.000000,0.912922,0.000000,-0.03180610,2026-06-13,2026-08-02,22,294,143,51,0.431373,0.816443,0.883581,1.219212,,,,,,,,GLOBAL_BASELINE_NO_ENTITY_RANKING,,,NOT_APPLICABLE_GLOBAL_BASELINE,HF9g-P5,,,,X 全窗基线 · 不参与实体赏罚,15051492,1506,A168_HF9F_20260827_0900,2026-08-27 09:00:00
2026-07-01,151416945,550,0,40.8780607448,40.8780607448,40.8780607448,1.0000000,1,1,0.49324550000000000,0.493245500000,1.01360149184955,1.01360149184955,1.01360149184955,0E-17,ELIGIBLE,R03b_20260811_FULL_v1,L1_ELIGIBILITY,v2026-08-11,2026-03-21..2026-08-06,baccarat_bet02_101_all_pairs_incl_sentinel,round_win = game_pnl > 0 (decisive only),COMPATIBILITY_ONLY_NOT_PRODUCTION,331389.1826,302532.4021,9869.9372,6148,3572,-0.02978352,-0.04995611,-0.01815001,-0.02978352,-9869.9372,331389.1826,OK,0.0000,394.7975,4.0000,96.0000,AG03-UNRESOLVED,ALL5_LEVELS_bet23_to_bet27,394.7975,394.7975,394.7975,592.1962,592.1962,4.000000,4.000000,4.000000,6.000000,6.000000,96.000000,96.000000,96.000000,94.000000,94.000000,5.0,2368.7849,2154.0868,7501.1522,7715.8503,PENDING_AG03,FALSE,NOT_FOR_ENFORCEMENT,9475.1397,290431.1060,9869.9372,9475.1397,394.7975,0.02978352,0.02859218,394.7975,9475.1397,0.02859218,394.7975,394.7975,394.7975,592.1962,592.1962,9475.1397,0.02859218,2368.7849,2154.0868,7501.1522,7715.8503,0.02263548,0.02328335,0.00119134,53.9019,84.6955,2.7631,448.6335,33.5712,15063.1447,162.3636,47.6267,58.3345,10.3857,40.4073,83.0858,124.6287,155.7859,183.9513,20.7715,-10.2195,3.855389,4.552426,1.333965,18,97,34,8,0.36576351,0.02978352,0.04995611,0E-8,0.000000,0.912922,0.000000,-0.03180610,2026-06-13,2026-08-02,22,294,143,51,0.431373,0.816443,0.883581,1.219212,,,,,,,,GLOBAL_BASELINE_NO_ENTITY_RANKING,,,NOT_APPLICABLE_GLOBAL_BASELINE,HF9g-P5,,,,X 全窗基线 · 不参与实体赏罚,15051493,1506,A168_HF9F_20260827_0900,2026-08-27 09:00:00
2026-07-01,151416945,595,0,225.4425050076,-184.5644442628,-184.5644442628,0E-7,5,5,0.50128862000000000,0.501288620000,-2.005161139317648,-2.005161139317648,-2.005161139317648,0E-17,ELIGIBLE,R03b_20260811_FULL_v1,L1_ELIGIBILITY,v2026-08-11,2026-03-21..2026-08-06,baccarat_bet02_101_all_pairs_incl_sentinel,round_win = game_pnl > 0 (decisive only),COMPATIBILITY_ONLY_NOT_PRODUCTION,331389.1826,302532.4021,9869.9372,6148,3572,-0.02978352,-0.04995611,-0.01815001,-0.02978352,-9869.9372,331389.1826,OK,0.0000,394.7975,4.0000,96.0000,AG03-UNRESOLVED,ALL5_LEVELS_bet23_to_bet27,394.7975,394.7975,394.7975,592.1962,592.1962,4.000000,4.000000,4.000000,6.000000,6.000000,96.000000,96.000000,96.000000,94.000000,94.000000,5.0,2368.7849,2154.0868,7501.1522,7715.8503,PENDING_AG03,FALSE,NOT_FOR_ENFORCEMENT,9475.1397,290431.1060,9869.9372,9475.1397,394.7975,0.02978352,0.02859218,394.7975,9475.1397,0.02859218,394.7975,394.7975,394.7975,592.1962,592.1962,9475.1397,0.02859218,2368.7849,2154.0868,7501.1522,7715.8503,0.02263548,0.02328335,0.00119134,53.9019,84.6955,2.7631,448.6335,33.5712,15063.1447,162.3636,47.6267,58.3345,10.3857,40.4073,83.0858,124.6287,155.7859,183.9513,20.7715,-10.2195,3.855389,4.552426,1.333965,18,97,34,8,0.36576351,0.02978352,0.04995611,0E-8,0.000000,0.912922,0.000000,-0.03180610,2026-06-13,2026-08-02,22,294,143,51,0.431373,0.816443,0.883581,1.219212,,,,,,,,GLOBAL_BASELINE_NO_ENTITY_RANKING,,,NOT_APPLICABLE_GLOBAL_BASELINE,HF9g-P5,,,,X 全窗基线 · 不参与实体赏罚,15051494,1506,A168_HF9F_20260827_0900,2026-08-27 09:00:00
2026-07-01,151416945,763,0,4148.5099946861,78.2814863262,78.2814863262,0.5750000,70,40,0.46496433957774305,0.347608482500,1.395282870614588,3.019985932189451,1.395282870614588,0.11735585707774305,ELIGIBLE,R03b_20260811_FULL_v1,L1_ELIGIBILITY,v2026-08-11,2026-03-21..2026-08-06,baccarat_bet02_101_all_pairs_incl_sentinel,round_win = game_pnl > 0 (decisive only),COMPATIBILITY_ONLY_NOT_PRODUCTION,331389.1826,302532.4021,9869.9372,6148,3572,-0.02978352,-0.04995611,-0.01815001,-0.02978352,-9869.9372,331389.1826,OK,0.0000,394.7975,4.0000,96.0000,AG03-UNRESOLVED,ALL5_LEVELS_bet23_to_bet27,394.7975,394.7975,394.7975,592.1962,592.1962,4.000000,4.000000,4.000000,6.000000,6.000000,96.000000,96.000000,96.000000,94.000000,94.000000,5.0,2368.7849,2154.0868,7501.1522,7715.8503,PENDING_AG03,FALSE,NOT_FOR_ENFORCEMENT,9475.1397,290431.1060,9869.9372,9475.1397,394.7975,0.02978352,0.02859218,394.7975,9475.1397,0.02859218,394.7975,394.7975,394.7975,592.1962,592.1962,9475.1397,0.02859218,2368.7849,2154.0868,7501.1522,7715.8503,0.02263548,0.02328335,0.00119134,53.9019,84.6955,2.7631,448.6335,33.5712,15063.1447,162.3636,47.6267,58.3345,10.3857,40.4073,83.0858,124.6287,155.7859,183.9513,20.7715,-10.2195,3.855389,4.552426,1.333965,18,97,34,8,0.36576351,0.02978352,0.04995611,0E-8,0.000000,0.912922,0.000000,-0.03180610,2026-06-13,2026-08-02,22,294,143,51,0.431373,0.816443,0.883581,1.219212,,,,,,,,GLOBAL_BASELINE_NO_ENTITY_RANKING,,,NOT_APPLICABLE_GLOBAL_BASELINE,HF9g-P5,,,,X 全窗基线 · 不参与实体赏罚,15051495,1506,A168_HF9F_20260827_0900,2026-08-27 09:00:00
2026-07-01,151416945,772,0,1751.6249029146,-224.8293340966,-224.8293340966,0.5238095,30,21,0.48073081028035285,0.419224099206,0.39511645500498616,0.9713000199117636,0.39511645500498616,0.06150671107435285,ELIGIBLE,R03b_20260811_FULL_v1,L1_ELIGIBILITY,v2026-08-11,2026-03-21..2026-08-06,baccarat_bet02_101_all_pairs_incl_sentinel,round_win = game_pnl > 0 (decisive only),COMPATIBILITY_ONLY_NOT_PRODUCTION,331389.1826,302532.4021,9869.9372,6148,3572,-0.02978352,-0.04995611,-0.01815001,-0.02978352,-9869.9372,331389.1826,OK,0.0000,394.7975,4.0000,96.0000,AG03-UNRESOLVED,ALL5_LEVELS_bet23_to_bet27,394.7975,394.7975,394.7975,592.1962,592.1962,4.000000,4.000000,4.000000,6.000000,6.000000,96.000000,96.000000,96.000000,94.000000,94.000000,5.0,2368.7849,2154.0868,7501.1522,7715.8503,PENDING_AG03,FALSE,NOT_FOR_ENFORCEMENT,9475.1397,290431.1060,9869.9372,9475.1397,394.7975,0.02978352,0.02859218,394.7975,9475.1397,0.02859218,394.7975,394.7975,394.7975,592.1962,592.1962,9475.1397,0.02859218,2368.7849,2154.0868,7501.1522,7715.8503,0.02263548,0.02328335,0.00119134,53.9019,84.6955,2.7631,448.6335,33.5712,15063.1447,162.3636,47.6267,58.3345,10.3857,40.4073,83.0858,124.6287,155.7859,183.9513,20.7715,-10.2195,3.855389,4.552426,1.333965,18,97,34,8,0.36576351,0.02978352,0.04995611,0E-8,0.000000,0.912922,0.000000,-0.03180610,2026-06-13,2026-08-02,22,294,143,51,0.431373,0.816443,0.883581,1.219212,,,,,,,,GLOBAL_BASELINE_NO_ENTITY_RANKING,,,NOT_APPLICABLE_GLOBAL_BASELINE,HF9g-P5,,,,X 全窗基线 · 不参与实体赏罚,15051496,1506,A168_HF9F_20260827_0900,2026-08-27 09:00:00
2026-07-01,151416945,948,0,194.1707885378,-14.8182970200,-14.8182970200,0.5000000,4,2,0.46315675500000000,0.300626750000,0.10449250105102809,0.6149128471998733,0.10449250105102809,0.16253000500000000,ELIGIBLE,R03b_20260811_FULL_v1,L1_ELIGIBILITY,v2026-08-11,2026-03-21..2026-08-06,baccarat_bet02_101_all_pairs_incl_sentinel,round_win = game_pnl > 0 (decisive only),COMPATIBILITY_ONLY_NOT_PRODUCTION,331389.1826,302532.4021,9869.9372,6148,3572,-0.02978352,-0.04995611,-0.01815001,-0.02978352,-9869.9372,331389.1826,OK,0.0000,394.7975,4.0000,96.0000,AG03-UNRESOLVED,ALL5_LEVELS_bet23_to_bet27,394.7975,394.7975,394.7975,592.1962,592.1962,4.000000,4.000000,4.000000,6.000000,6.000000,96.000000,96.000000,96.000000,94.000000,94.000000,5.0,2368.7849,2154.0868,7501.1522,7715.8503,PENDING_AG03,FALSE,NOT_FOR_ENFORCEMENT,9475.1397,290431.1060,9869.9372,9475.1397,394.7975,0.02978352,0.02859218,394.7975,9475.1397,0.02859218,394.7975,394.7975,394.7975,592.1962,592.1962,9475.1397,0.02859218,2368.7849,2154.0868,7501.1522,7715.8503,0.02263548,0.02328335,0.00119134,53.9019,84.6955,2.7631,448.6335,33.5712,15063.1447,162.3636,47.6267,58.3345,10.3857,40.4073,83.0858,124.6287,155.7859,183.9513,20.7715,-10.2195,3.855389,4.552426,1.333965,18,97,34,8,0.36576351,0.02978352,0.04995611,0E-8,0.000000,0.912922,0.000000,-0.03180610,2026-06-13,2026-08-02,22,294,143,51,0.431373,0.816443,0.883581,1.219212,,,,,,,,GLOBAL_BASELINE_NO_ENTITY_RANKING,,,NOT_APPLICABLE_GLOBAL_BASELINE,HF9g-P5,,,,X 全窗基线 · 不参与实体赏罚,15051497,1506,A168_HF9F_20260827_0900,2026-08-27 09:00:00
2026-07-18,151416945,1221,0,67.4488002289,5.5185382006,5.5185382006,0.6000000,5,5,0.49860758000000000,0.498607580000,0.4534424453485946,0.4534424453485946,0.4534424453485946,0E-17,ELIGIBLE,R03b_20260811_FULL_v1,L1_ELIGIBILITY,v2026-08-11,2026-03-21..2026-08-06,baccarat_bet02_101_all_pairs_incl_sentinel,round_win = game_pnl > 0 (decisive only),COMPATIBILITY_ONLY_NOT_PRODUCTION,331389.1826,302532.4021,9869.9372,6148,3572,-0.02978352,-0.04995611,-0.01815001,-0.02978352,-9869.9372,331389.1826,OK,0.0000,394.7975,4.0000,96.0000,AG03-UNRESOLVED,ALL5_LEVELS_bet23_to_bet27,394.7975,394.7975,394.7975,592.1962,592.1962,4.000000,4.000000,4.000000,6.000000,6.000000,96.000000,96.000000,96.000000,94.000000,94.000000,5.0,2368.7849,2154.0868,7501.1522,7715.8503,PENDING_AG03,FALSE,NOT_FOR_ENFORCEMENT,9475.1397,290431.1060,9869.9372,9475.1397,394.7975,0.02978352,0.02859218,394.7975,9475.1397,0.02859218,394.7975,394.7975,394.7975,592.1962,592.1962,9475.1397,0.02859218,2368.7849,2154.0868,7501.1522,7715.8503,0.02263548,0.02328335,0.00119134,53.9019,84.6955,2.7631,448.6335,33.5712,15063.1447,162.3636,47.6267,58.3345,10.3857,40.4073,83.0858,124.6287,155.7859,183.9513,20.7715,-10.2195,3.855389,4.552426,1.333965,18,97,34,8,0.36576351,0.02978352,0.04995611,0E-8,0.000000,0.912922,0.000000,-0.03180610,2026-06-13,2026-08-02,22,294,143,51,0.431373,0.816443,0.883581,1.219212,,,,,,,,GLOBAL_BASELINE_NO_ENTITY_RANKING,,,NOT_APPLICABLE_GLOBAL_BASELINE,HF9g-P5,,,,X 全窗基线 · 不参与实体赏罚,15051498,1506,A168_HF9F_20260827_0900,2026-08-27 09:00:00
2026-07-18,151416945,1363,0,490.5367289377,-162.6538037036,-162.6538037036,0.4285714,17,14,0.49080660288015431,0.459630167857,-0.46580414417703875,-0.23318361483048403,-0.46580414417703875,0.03117643502315431,ELIGIBLE,R03b_20260811_FULL_v1,L1_ELIGIBILITY,v2026-08-11,2026-03-21..2026-08-06,baccarat_bet02_101_all_pairs_incl_sentinel,round_win = game_pnl > 0 (decisive only),COMPATIBILITY_ONLY_NOT_PRODUCTION,331389.1826,302532.4021,9869.9372,6148,3572,-0.02978352,-0.04995611,-0.01815001,-0.02978352,-9869.9372,331389.1826,OK,0.0000,394.7975,4.0000,96.0000,AG03-UNRESOLVED,ALL5_LEVELS_bet23_to_bet27,394.7975,394.7975,394.7975,592.1962,592.1962,4.000000,4.000000,4.000000,6.000000,6.000000,96.000000,96.000000,96.000000,94.000000,94.000000,5.0,2368.7849,2154.0868,7501.1522,7715.8503,PENDING_AG03,FALSE,NOT_FOR_ENFORCEMENT,9475.1397,290431.1060,9869.9372,9475.1397,394.7975,0.02978352,0.02859218,394.7975,9475.1397,0.02859218,394.7975,394.7975,394.7975,592.1962,592.1962,9475.1397,0.02859218,2368.7849,2154.0868,7501.1522,7715.8503,0.02263548,0.02328335,0.00119134,53.9019,84.6955,2.7631,448.6335,33.5712,15063.1447,162.3636,47.6267,58.3345,10.3857,40.4073,83.0858,124.6287,155.7859,183.9513,20.7715,-10.2195,3.855389,4.552426,1.333965,18,97,34,8,0.36576351,0.02978352,0.04995611,0E-8,0.000000,0.912922,0.000000,-0.03180610,2026-06-13,2026-08-02,22,294,143,51,0.431373,0.816443,0.883581,1.219212,,,,,,,,GLOBAL_BASELINE_NO_ENTITY_RANKING,,,NOT_APPLICABLE_GLOBAL_BASELINE,HF9g-P5,,,,X 全窗基线 · 不参与实体赏罚,15051499,1506,A168_HF9F_20260827_0900,2026-08-27 09:00:00
2026-07-18,151416945,1490,0,84.2088051343,2.4526836447,2.4526836447,0.5000000,4,4,0.49659680000000000,0.496596800000,0.013613115331600182,0.013613115331600183,0.013613115331600182,0E-17,ELIGIBLE,R03b_20260811_FULL_v1,L1_ELIGIBILITY,v2026-08-11,2026-03-21..2026-08-06,baccarat_bet02_101_all_pairs_incl_sentinel,round_win = game_pnl > 0 (decisive only),COMPATIBILITY_ONLY_NOT_PRODUCTION,331389.1826,302532.4021,9869.9372,6148,3572,-0.02978352,-0.04995611,-0.01815001,-0.02978352,-9869.9372,331389.1826,OK,0.0000,394.7975,4.0000,96.0000,AG03-UNRESOLVED,ALL5_LEVELS_bet23_to_bet27,394.7975,394.7975,394.7975,592.1962,592.1962,4.000000,4.000000,4.000000,6.000000,6.000000,96.000000,96.000000,96.000000,94.000000,94.000000,5.0,2368.7849,2154.0868,7501.1522,7715.8503,PENDING_AG03,FALSE,NOT_FOR_ENFORCEMENT,9475.1397,290431.1060,9869.9372,9475.1397,394.7975,0.02978352,0.02859218,394.7975,9475.1397,0.02859218,394.7975,394.7975,394.7975,592.1962,592.1962,9475.1397,0.02859218,2368.7849,2154.0868,7501.1522,7715.8503,0.02263548,0.02328335,0.00119134,53.9019,84.6955,2.7631,448.6335,33.5712,15063.1447,162.3636,47.6267,58.3345,10.3857,40.4073,83.0858,124.6287,155.7859,183.9513,20.7715,-10.2195,3.855389,4.552426,1.333965,18,97,34,8,0.36576351,0.02978352,0.04995611,0E-8,0.000000,0.912922,0.000000,-0.03180610,2026-06-13,2026-08-02,22,294,143,51,0.431373,0.816443,0.883581,1.219212,,,,,,,,GLOBAL_BASELINE_NO_ENTITY_RANKING,,,NOT_APPLICABLE_GLOBAL_BASELINE,HF9g-P5,,,,X 全窗基线 · 不参与实体赏罚,15051500,1506,A168_HF9F_20260827_0900,2026-08-27 09:00:00
2026-07-18,151416945,1951,0,42.3087928709,-42.3087928709,-42.3087928709,0E-7,1,1,0.50665070000000000,0.506650700000,-1.013391052207602,-1.013391052207602,-1.013391052207602,0E-17,ELIGIBLE,R03b_20260811_FULL_v1,L1_ELIGIBILITY,v2026-08-11,2026-03-21..2026-08-06,baccarat_bet02_101_all_pairs_incl_sentinel,round_win = game_pnl > 0 (decisive only),COMPATIBILITY_ONLY_NOT_PRODUCTION,331389.1826,302532.4021,9869.9372,6148,3572,-0.02978352,-0.04995611,-0.01815001,-0.02978352,-9869.9372,331389.1826,OK,0.0000,394.7975,4.0000,96.0000,AG03-UNRESOLVED,ALL5_LEVELS_bet23_to_bet27,394.7975,394.7975,394.7975,592.1962,592.1962,4.000000,4.000000,4.000000,6.000000,6.000000,96.000000,96.000000,96.000000,94.000000,94.000000,5.0,2368.7849,2154.0868,7501.1522,7715.8503,PENDING_AG03,FALSE,NOT_FOR_ENFORCEMENT,9475.1397,290431.1060,9869.9372,9475.1397,394.7975,0.02978352,0.02859218,394.7975,9475.1397,0.02859218,394.7975,394.7975,394.7975,592.1962,592.1962,9475.1397,0.02859218,2368.7849,2154.0868,7501.1522,7715.8503,0.02263548,0.02328335,0.00119134,53.9019,84.6955,2.7631,448.6335,33.5712,15063.1447,162.3636,47.6267,58.3345,10.3857,40.4073,83.0858,124.6287,155.7859,183.9513,20.7715,-10.2195,3.855389,4.552426,1.333965,18,97,34,8,0.36576351,0.02978352,0.04995611,0E-8,0.000000,0.912922,0.000000,-0.03180610,2026-06-13,2026-08-02,22,294,143,51,0.431373,0.816443,0.883581,1.219212,,,,,,,,GLOBAL_BASELINE_NO_ENTITY_RANKING,,,NOT_APPLICABLE_GLOBAL_BASELINE,HF9g-P5,,,,X 全窗基线 · 不参与实体赏罚,15051501,1506,A168_HF9F_20260827_0900,2026-08-27 09:00:00
2026-07-18,151416945,1985,0,102.8083227732,-44.5570862118,-44.5570862118,0.3333333,6,6,0.50441650000000000,0.504416500000,-0.838165622096103,-0.838165622096103,-0.838165622096103,0E-17,ELIGIBLE,R03b_20260811_FULL_v1,L1_ELIGIBILITY,v2026-08-11,2026-03-21..2026-08-06,baccarat_bet02_101_all_pairs_incl_sentinel,round_win = game_pnl > 0 (decisive only),COMPATIBILITY_ONLY_NOT_PRODUCTION,331389.1826,302532.4021,9869.9372,6148,3572,-0.02978352,-0.04995611,-0.01815001,-0.02978352,-9869.9372,331389.1826,OK,0.0000,394.7975,4.0000,96.0000,AG03-UNRESOLVED,ALL5_LEVELS_bet23_to_bet27,394.7975,394.7975,394.7975,592.1962,592.1962,4.000000,4.000000,4.000000,6.000000,6.000000,96.000000,96.000000,96.000000,94.000000,94.000000,5.0,2368.7849,2154.0868,7501.1522,7715.8503,PENDING_AG03,FALSE,NOT_FOR_ENFORCEMENT,9475.1397,290431.1060,9869.9372,9475.1397,394.7975,0.02978352,0.02859218,394.7975,9475.1397,0.02859218,394.7975,394.7975,394.7975,592.1962,592.1962,9475.1397,0.02859218,2368.7849,2154.0868,7501.1522,7715.8503,0.02263548,0.02328335,0.00119134,53.9019,84.6955,2.7631,448.6335,33.5712,15063.1447,162.3636,47.6267,58.3345,10.3857,40.4073,83.0858,124.6287,155.7859,183.9513,20.7715,-10.2195,3.855389,4.552426,1.333965,18,97,34,8,0.36576351,0.02978352,0.04995611,0E-8,0.000000,0.912922,0.000000,-0.03180610,2026-06-13,2026-08-02,22,294,143,51,0.431373,0.816443,0.883581,1.219212,,,,,,,,GLOBAL_BASELINE_NO_ENTITY_RANKING,,,NOT_APPLICABLE_GLOBAL_BASELINE,HF9g-P5,,,,X 全窗基线 · 不参与实体赏罚,15051502,1506,A168_HF9F_20260827_0900,2026-08-27 09:00:00
2026-07-18,151416945,2127,0,306.5854555860,-71.5366063034,-71.5366063034,0.4615385,18,16,0.47841632812498444,0.471262718750,-0.12182158208108099,-0.0702387226237768,-0.12182158208108099,0.00715360937498444,ELIGIBLE,R03b_20260811_FULL_v1,L1_ELIGIBILITY,v2026-08-11,2026-03-21..2026-08-06,baccarat_bet02_101_all_pairs_incl_sentinel,round_win = game_pnl > 0 (decisive only),COMPATIBILITY_ONLY_NOT_PRODUCTION,331389.1826,302532.4021,9869.9372,6148,3572,-0.02978352,-0.04995611,-0.01815001,-0.02978352,-9869.9372,331389.1826,OK,0.0000,394.7975,4.0000,96.0000,AG03-UNRESOLVED,ALL5_LEVELS_bet23_to_bet27,394.7975,394.7975,394.7975,592.1962,592.1962,4.000000,4.000000,4.000000,6.000000,6.000000,96.000000,96.000000,96.000000,94.000000,94.000000,5.0,2368.7849,2154.0868,7501.1522,7715.8503,PENDING_AG03,FALSE,NOT_FOR_ENFORCEMENT,9475.1397,290431.1060,9869.9372,9475.1397,394.7975,0.02978352,0.02859218,394.7975,9475.1397,0.02859218,394.7975,394.7975,394.7975,592.1962,592.1962,9475.1397,0.02859218,2368.7849,2154.0868,7501.1522,7715.8503,0.02263548,0.02328335,0.00119134,53.9019,84.6955,2.7631,448.6335,33.5712,15063.1447,162.3636,47.6267,58.3345,10.3857,40.4073,83.0858,124.6287,155.7859,183.9513,20.7715,-10.2195,3.855389,4.552426,1.333965,18,97,34,8,0.36576351,0.02978352,0.04995611,0E-8,0.000000,0.912922,0.000000,-0.03180610,2026-06-13,2026-08-02,22,294,143,51,0.431373,0.816443,0.883581,1.219212,,,,,,,,GLOBAL_BASELINE_NO_ENTITY_RANKING,,,NOT_APPLICABLE_GLOBAL_BASELINE,HF9g-P5,,,,X 全窗基线 · 不参与实体赏罚,15051503,1506,A168_HF9F_20260827_0900,2026-08-27 09:00:00
2026-07-18,151416945,2129,0,20.4390303724,19.4170788538,19.4170788538,1.0000000,1,1,0.50665070000000000,0.506650700000,0.9867858985152569,0.9867858985152569,0.9867858985152569,0E-17,ELIGIBLE,R03b_20260811_FULL_v1,L1_ELIGIBILITY,v2026-08-11,2026-03-21..2026-08-06,baccarat_bet02_101_all_pairs_incl_sentinel,round_win = game_pnl > 0 (decisive only),COMPATIBILITY_ONLY_NOT_PRODUCTION,331389.1826,302532.4021,9869.9372,6148,3572,-0.02978352,-0.04995611,-0.01815001,-0.02978352,-9869.9372,331389.1826,OK,0.0000,394.7975,4.0000,96.0000,AG03-UNRESOLVED,ALL5_LEVELS_bet23_to_bet27,394.7975,394.7975,394.7975,592.1962,592.1962,4.000000,4.000000,4.000000,6.000000,6.000000,96.000000,96.000000,96.000000,94.000000,94.000000,5.0,2368.7849,2154.0868,7501.1522,7715.8503,PENDING_AG03,FALSE,NOT_FOR_ENFORCEMENT,9475.1397,290431.1060,9869.9372,9475.1397,394.7975,0.02978352,0.02859218,394.7975,9475.1397,0.02859218,394.7975,394.7975,394.7975,592.1962,592.1962,9475.1397,0.02859218,2368.7849,2154.0868,7501.1522,7715.8503,0.02263548,0.02328335,0.00119134,53.9019,84.6955,2.7631,448.6335,33.5712,15063.1447,162.3636,47.6267,58.3345,10.3857,40.4073,83.0858,124.6287,155.7859,183.9513,20.7715,-10.2195,3.855389,4.552426,1.333965,18,97,34,8,0.36576351,0.02978352,0.04995611,0E-8,0.000000,0.912922,0.000000,-0.03180610,2026-06-13,2026-08-02,22,294,143,51,0.431373,0.816443,0.883581,1.219212,,,,,,,,GLOBAL_BASELINE_NO_ENTITY_RANKING,,,NOT_APPLICABLE_GLOBAL_BASELINE,HF9g-P5,,,,X 全窗基线 · 不参与实体赏罚,15051504,1506,A168_HF9F_20260827_0900,2026-08-27 09:00:00
2026-07-18,151416945,2167,0,817.5612148961,-1.5329272780,-1.5329272780,0.5384615,20,16,0.48840009266999880,0.450117762500,0.36109540897368725,0.6402501850821987,0.36109540897368725,0.03828233016999880,ELIGIBLE,R03b_20260811_FULL_v1,L1_ELIGIBILITY,v2026-08-11,2026-03-21..2026-08-06,baccarat_bet02_101_all_pairs_incl_sentinel,round_win = game_pnl > 0 (decisive only),COMPATIBILITY_ONLY_NOT_PRODUCTION,331389.1826,302532.4021,9869.9372,6148,3572,-0.02978352,-0.04995611,-0.01815001,-0.02978352,-9869.9372,331389.1826,OK,0.0000,394.7975,4.0000,96.0000,AG03-UNRESOLVED,ALL5_LEVELS_bet23_to_bet27,394.7975,394.7975,394.7975,592.1962,592.1962,4.000000,4.000000,4.000000,6.000000,6.000000,96.000000,96.000000,96.000000,94.000000,94.000000,5.0,2368.7849,2154.0868,7501.1522,7715.8503,PENDING_AG03,FALSE,NOT_FOR_ENFORCEMENT,9475.1397,290431.1060,9869.9372,9475.1397,394.7975,0.02978352,0.02859218,394.7975,9475.1397,0.02859218,394.7975,394.7975,394.7975,592.1962,592.1962,9475.1397,0.02859218,2368.7849,2154.0868,7501.1522,7715.8503,0.02263548,0.02328335,0.00119134,53.9019,84.6955,2.7631,448.6335,33.5712,15063.1447,162.3636,47.6267,58.3345,10.3857,40.4073,83.0858,124.6287,155.7859,183.9513,20.7715,-10.2195,3.855389,4.552426,1.333965,18,97,34,8,0.36576351,0.02978352,0.04995611,0E-8,0.000000,0.912922,0.000000,-0.03180610,2026-06-13,2026-08-02,22,294,143,51,0.431373,0.816443,0.883581,1.219212,,,,,,,,GLOBAL_BASELINE_NO_ENTITY_RANKING,,,NOT_APPLICABLE_GLOBAL_BASELINE,HF9g-P5,,,,X 全窗基线 · 不参与实体赏罚,15051505,1506,A168_HF9F_20260827_0900,2026-08-27 09:00:00
2026-07-18,151416945,2267,0,83.1868536157,50.9953807792,50.9953807792,1.0000000,3,3,0.49771390000000000,0.497713900000,1.4206944795187548,1.420694479518755,1.4206944795187548,0E-17,ELIGIBLE,R03b_20260811_FULL_v1,L1_ELIGIBILITY,v2026-08-11,2026-03-21..2026-08-06,baccarat_bet02_101_all_pairs_incl_sentinel,round_win = game_pnl > 0 (decisive only),COMPATIBILITY_ONLY_NOT_PRODUCTION,331389.1826,302532.4021,9869.9372,6148,3572,-0.02978352,-0.04995611,-0.01815001,-0.02978352,-9869.9372,331389.1826,OK,0.0000,394.7975,4.0000,96.0000,AG03-UNRESOLVED,ALL5_LEVELS_bet23_to_bet27,394.7975,394.7975,394.7975,592.1962,592.1962,4.000000,4.000000,4.000000,6.000000,6.000000,96.000000,96.000000,96.000000,94.000000,94.000000,5.0,2368.7849,2154.0868,7501.1522,7715.8503,PENDING_AG03,FALSE,NOT_FOR_ENFORCEMENT,9475.1397,290431.1060,9869.9372,9475.1397,394.7975,0.02978352,0.02859218,394.7975,9475.1397,0.02859218,394.7975,394.7975,394.7975,592.1962,592.1962,9475.1397,0.02859218,2368.7849,2154.0868,7501.1522,7715.8503,0.02263548,0.02328335,0.00119134,53.9019,84.6955,2.7631,448.6335,33.5712,15063.1447,162.3636,47.6267,58.3345,10.3857,40.4073,83.0858,124.6287,155.7859,183.9513,20.7715,-10.2195,3.855389,4.552426,1.333965,18,97,34,8,0.36576351,0.02978352,0.04995611,0E-8,0.000000,0.912922,0.000000,-0.03180610,2026-06-13,2026-08-02,22,294,143,51,0.431373,0.816443,0.883581,1.219212,,,,,,,,GLOBAL_BASELINE_NO_ENTITY_RANKING,,,NOT_APPLICABLE_GLOBAL_BASELINE,HF9g-P5,,,,X 全窗基线 · 不参与实体赏罚,15051506,1506,A168_HF9F_20260827_0900,2026-08-27 09:00:00
2026-07-18,151416945,772,0,75.6244123779,-35.7683031517,-35.7683031517,0.3333333,3,3,0.49771390000000000,0.497713900000,-0.5694369385616226,-0.5694369385616226,-0.5694369385616226,0E-17,ELIGIBLE,R03b_20260811_FULL_v1,L1_ELIGIBILITY,v2026-08-11,2026-03-21..2026-08-06,baccarat_bet02_101_all_pairs_incl_sentinel,round_win = game_pnl > 0 (decisive only),COMPATIBILITY_ONLY_NOT_PRODUCTION,331389.1826,302532.4021,9869.9372,6148,3572,-0.02978352,-0.04995611,-0.01815001,-0.02978352,-9869.9372,331389.1826,OK,0.0000,394.7975,4.0000,96.0000,AG03-UNRESOLVED,ALL5_LEVELS_bet23_to_bet27,394.7975,394.7975,394.7975,592.1962,592.1962,4.000000,4.000000,4.000000,6.000000,6.000000,96.000000,96.000000,96.000000,94.000000,94.000000,5.0,2368.7849,2154.0868,7501.1522,7715.8503,PENDING_AG03,FALSE,NOT_FOR_ENFORCEMENT,9475.1397,290431.1060,9869.9372,9475.1397,394.7975,0.02978352,0.02859218,394.7975,9475.1397,0.02859218,394.7975,394.7975,394.7975,592.1962,592.1962,9475.1397,0.02859218,2368.7849,2154.0868,7501.1522,7715.8503,0.02263548,0.02328335,0.00119134,53.9019,84.6955,2.7631,448.6335,33.5712,15063.1447,162.3636,47.6267,58.3345,10.3857,40.4073,83.0858,124.6287,155.7859,183.9513,20.7715,-10.2195,3.855389,4.552426,1.333965,18,97,34,8,0.36576351,0.02978352,0.04995611,0E-8,0.000000,0.912922,0.000000,-0.03180610,2026-06-13,2026-08-02,22,294,143,51,0.431373,0.816443,0.883581,1.219212,,,,,,,,GLOBAL_BASELINE_NO_ENTITY_RANKING,,,NOT_APPLICABLE_GLOBAL_BASELINE,HF9g-P5,,,,X 全窗基线 · 不参与实体赏罚,15051507,1506,A168_HF9F_20260827_0900,2026-08-27 09:00:00
2026-07-20,151416945,1094,0,1062.8295793648,-146.1390671627,-146.1390671627,0.4285714,15,7,0.45514962116255593,0.310569700000,-0.14120781816712374,0.6747030365206668,-0.14120781816712374,0.14457992116255593,ELIGIBLE,R03b_20260811_FULL_v1,L1_ELIGIBILITY,v2026-08-11,2026-03-21..2026-08-06,baccarat_bet02_101_all_pairs_incl_sentinel,round_win = game_pnl > 0 (decisive only),COMPATIBILITY_ONLY_NOT_PRODUCTION,331389.1826,302532.4021,9869.9372,6148,3572,-0.02978352,-0.04995611,-0.01815001,-0.02978352,-9869.9372,331389.1826,OK,0.0000,394.7975,4.0000,96.0000,AG03-UNRESOLVED,ALL5_LEVELS_bet23_to_bet27,394.7975,394.7975,394.7975,592.1962,592.1962,4.000000,4.000000,4.000000,6.000000,6.000000,96.000000,96.000000,96.000000,94.000000,94.000000,5.0,2368.7849,2154.0868,7501.1522,7715.8503,PENDING_AG03,FALSE,NOT_FOR_ENFORCEMENT,9475.1397,290431.1060,9869.9372,9475.1397,394.7975,0.02978352,0.02859218,394.7975,9475.1397,0.02859218,394.7975,394.7975,394.7975,592.1962,592.1962,9475.1397,0.02859218,2368.7849,2154.0868,7501.1522,7715.8503,0.02263548,0.02328335,0.00119134,53.9019,84.6955,2.7631,448.6335,33.5712,15063.1447,162.3636,47.6267,58.3345,10.3857,40.4073,83.0858,124.6287,155.7859,183.9513,20.7715,-10.2195,3.855389,4.552426,1.333965,18,97,34,8,0.36576351,0.02978352,0.04995611,0E-8,0.000000,0.912922,0.000000,-0.03180610,2026-06-13,2026-08-02,22,294,143,51,0.431373,0.816443,0.883581,1.219212,,,,,,,,GLOBAL_BASELINE_NO_ENTITY_RANKING,,,NOT_APPLICABLE_GLOBAL_BASELINE,HF9g-P5,,,,X 全窗基线 · 不参与实体赏罚,15051508,1506,A168_HF9F_20260827_0900,2026-08-27 09:00:00
2026-07-20,151416945,1646,0,580.4684625762,-13.4897600457,-13.4897600457,0.5454545,14,12,0.49518094362067967,0.470079175000,0.33349283825643605,0.5008812825151029,0.33349283825643605,0.02510176862067967,ELIGIBLE,R03b_20260811_FULL_v1,L1_ELIGIBILITY,v2026-08-11,2026-03-21..2026-08-06,baccarat_bet02_101_all_pairs_incl_sentinel,round_win = game_pnl > 0 (decisive only),COMPATIBILITY_ONLY_NOT_PRODUCTION,331389.1826,302532.4021,9869.9372,6148,3572,-0.02978352,-0.04995611,-0.01815001,-0.02978352,-9869.9372,331389.1826,OK,0.0000,394.7975,4.0000,96.0000,AG03-UNRESOLVED,ALL5_LEVELS_bet23_to_bet27,394.7975,394.7975,394.7975,592.1962,592.1962,4.000000,4.000000,4.000000,6.000000,6.000000,96.000000,96.000000,96.000000,94.000000,94.000000,5.0,2368.7849,2154.0868,7501.1522,7715.8503,PENDING_AG03,FALSE,NOT_FOR_ENFORCEMENT,9475.1397,290431.1060,9869.9372,9475.1397,394.7975,0.02978352,0.02859218,394.7975,9475.1397,0.02859218,394.7975,394.7975,394.7975,592.1962,592.1962,9475.1397,0.02859218,2368.7849,2154.0868,7501.1522,7715.8503,0.02263548,0.02328335,0.00119134,53.9019,84.6955,2.7631,448.6335,33.5712,15063.1447,162.3636,47.6267,58.3345,10.3857,40.4073,83.0858,124.6287,155.7859,183.9513,20.7715,-10.2195,3.855389,4.552426,1.333965,18,97,34,8,0.36576351,0.02978352,0.04995611,0E-8,0.000000,0.912922,0.000000,-0.03180610,2026-06-13,2026-08-02,22,294,143,51,0.431373,0.816443,0.883581,1.219212,,,,,,,,GLOBAL_BASELINE_NO_ENTITY_RANKING,,,NOT_APPLICABLE_GLOBAL_BASELINE,HF9g-P5,,,,X 全窗基线 · 不参与实体赏罚,15051509,1506,A168_HF9F_20260827_0900,2026-08-27 09:00:00
2026-07-20,151416945,1710,0,480.3172137514,161.4683399419,161.4683399419,0.6666667,8,6,0.48649497152777778,0.435741850000,0.8829795829951795,1.1407557746800117,0.8829795829951795,0.05075312152777778,ELIGIBLE,R03b_20260811_FULL_v1,L1_ELIGIBILITY,v2026-08-11,2026-03-21..2026-08-06,baccarat_bet02_101_all_pairs_incl_sentinel,round_win = game_pnl > 0 (decisive only),COMPATIBILITY_ONLY_NOT_PRODUCTION,331389.1826,302532.4021,9869.9372,6148,3572,-0.02978352,-0.04995611,-0.01815001,-0.02978352,-9869.9372,331389.1826,OK,0.0000,394.7975,4.0000,96.0000,AG03-UNRESOLVED,ALL5_LEVELS_bet23_to_bet27,394.7975,394.7975,394.7975,592.1962,592.1962,4.000000,4.000000,4.000000,6.000000,6.000000,96.000000,96.000000,96.000000,94.000000,94.000000,5.0,2368.7849,2154.0868,7501.1522,7715.8503,PENDING_AG03,FALSE,NOT_FOR_ENFORCEMENT,9475.1397,290431.1060,9869.9372,9475.1397,394.7975,0.02978352,0.02859218,394.7975,9475.1397,0.02859218,394.7975,394.7975,394.7975,592.1962,592.1962,9475.1397,0.02859218,2368.7849,2154.0868,7501.1522,7715.8503,0.02263548,0.02328335,0.00119134,53.9019,84.6955,2.7631,448.6335,33.5712,15063.1447,162.3636,47.6267,58.3345,10.3857,40.4073,83.0858,124.6287,155.7859,183.9513,20.7715,-10.2195,3.855389,4.552426,1.333965,18,97,34,8,0.36576351,0.02978352,0.04995611,0E-8,0.000000,0.912922,0.000000,-0.03180610,2026-06-13,2026-08-02,22,294,143,51,0.431373,0.816443,0.883581,1.219212,,,,,,,,GLOBAL_BASELINE_NO_ENTITY_RANKING,,,NOT_APPLICABLE_GLOBAL_BASELINE,HF9g-P5,,,,X 全窗基线 · 不参与实体赏罚,15051510,1506,A168_HF9F_20260827_0900,2026-08-27 09:00:00
2026-07-20,151416945,1940,0,2687.7324939706,587.6221232065,587.6221232065,0.6818182,43,23,0.46856977306313252,0.352778173913,2.00441146666188,3.2298519544815956,2.00441146666188,0.11579159915013252,ELIGIBLE,R03b_20260811_FULL_v1,L1_ELIGIBILITY,v2026-08-11,2026-03-21..2026-08-06,baccarat_bet02_101_all_pairs_incl_sentinel,round_win = game_pnl > 0 (decisive only),COMPATIBILITY_ONLY_NOT_PRODUCTION,331389.1826,302532.4021,9869.9372,6148,3572,-0.02978352,-0.04995611,-0.01815001,-0.02978352,-9869.9372,331389.1826,OK,0.0000,394.7975,4.0000,96.0000,AG03-UNRESOLVED,ALL5_LEVELS_bet23_to_bet27,394.7975,394.7975,394.7975,592.1962,592.1962,4.000000,4.000000,4.000000,6.000000,6.000000,96.000000,96.000000,96.000000,94.000000,94.000000,5.0,2368.7849,2154.0868,7501.1522,7715.8503,PENDING_AG03,FALSE,NOT_FOR_ENFORCEMENT,9475.1397,290431.1060,9869.9372,9475.1397,394.7975,0.02978352,0.02859218,394.7975,9475.1397,0.02859218,394.7975,394.7975,394.7975,592.1962,592.1962,9475.1397,0.02859218,2368.7849,2154.0868,7501.1522,7715.8503,0.02263548,0.02328335,0.00119134,53.9019,84.6955,2.7631,448.6335,33.5712,15063.1447,162.3636,47.6267,58.3345,10.3857,40.4073,83.0858,124.6287,155.7859,183.9513,20.7715,-10.2195,3.855389,4.552426,1.333965,18,97,34,8,0.36576351,0.02978352,0.04995611,0E-8,0.000000,0.912922,0.000000,-0.03180610,2026-06-13,2026-08-02,22,294,143,51,0.431373,0.816443,0.883581,1.219212,,,,,,,,GLOBAL_BASELINE_NO_ENTITY_RANKING,,,NOT_APPLICABLE_GLOBAL_BASELINE,HF9g-P5,,,,X 全窗基线 · 不参与实体赏罚,15051511,1506,A168_HF9F_20260827_0900,2026-08-27 09:00:00
2026-07-20,151416945,1941,0,353.5952254425,67.4488002290,67.4488002290,0.6000000,10,5,0.46707251649688446,0.320080603333,0.5957630575589531,1.3417129194551267,0.5957630575589531,0.14699191316388446,ELIGIBLE,R03b_20260811_FULL_v1,L1_ELIGIBILITY,v2026-08-11,2026-03-21..2026-08-06,baccarat_bet02_101_all_pairs_incl_sentinel,round_win = game_pnl > 0 (decisive only),COMPATIBILITY_ONLY_NOT_PRODUCTION,331389.1826,302532.4021,9869.9372,6148,3572,-0.02978352,-0.04995611,-0.01815001,-0.02978352,-9869.9372,331389.1826,OK,0.0000,394.7975,4.0000,96.0000,AG03-UNRESOLVED,ALL5_LEVELS_bet23_to_bet27,394.7975,394.7975,394.7975,592.1962,592.1962,4.000000,4.000000,4.000000,6.000000,6.000000,96.000000,96.000000,96.000000,94.000000,94.000000,5.0,2368.7849,2154.0868,7501.1522,7715.8503,PENDING_AG03,FALSE,NOT_FOR_ENFORCEMENT,9475.1397,290431.1060,9869.9372,9475.1397,394.7975,0.02978352,0.02859218,394.7975,9475.1397,0.02859218,394.7975,394.7975,394.7975,592.1962,592.1962,9475.1397,0.02859218,2368.7849,2154.0868,7501.1522,7715.8503,0.02263548,0.02328335,0.00119134,53.9019,84.6955,2.7631,448.6335,33.5712,15063.1447,162.3636,47.6267,58.3345,10.3857,40.4073,83.0858,124.6287,155.7859,183.9513,20.7715,-10.2195,3.855389,4.552426,1.333965,18,97,34,8,0.36576351,0.02978352,0.04995611,0E-8,0.000000,0.912922,0.000000,-0.03180610,2026-06-13,2026-08-02,22,294,143,51,0.431373,0.816443,0.883581,1.219212,,,,,,,,GLOBAL_BASELINE_NO_ENTITY_RANKING,,,NOT_APPLICABLE_GLOBAL_BASELINE,HF9g-P5,,,,X 全窗基线 · 不参与实体赏罚,15051512,1506,A168_HF9F_20260827_0900,2026-08-27 09:00:00
2026-07-20,151416945,2115,0,627.4782324324,79.2012426930,79.2012426930,0.6000000,21,10,0.47950073828726140,0.378304964524,0.7627455578327718,1.4455937033713522,0.7627455578327718,0.10119577376326140,ELIGIBLE,R03b_20260811_FULL_v1,L1_ELIGIBILITY,v2026-08-11,2026-03-21..2026-08-06,baccarat_bet02_101_all_pairs_incl_sentinel,round_win = game_pnl > 0 (decisive only),COMPATIBILITY_ONLY_NOT_PRODUCTION,331389.1826,302532.4021,9869.9372,6148,3572,-0.02978352,-0.04995611,-0.01815001,-0.02978352,-9869.9372,331389.1826,OK,0.0000,394.7975,4.0000,96.0000,AG03-UNRESOLVED,ALL5_LEVELS_bet23_to_bet27,394.7975,394.7975,394.7975,592.1962,592.1962,4.000000,4.000000,4.000000,6.000000,6.000000,96.000000,96.000000,96.000000,94.000000,94.000000,5.0,2368.7849,2154.0868,7501.1522,7715.8503,PENDING_AG03,FALSE,NOT_FOR_ENFORCEMENT,9475.1397,290431.1060,9869.9372,9475.1397,394.7975,0.02978352,0.02859218,394.7975,9475.1397,0.02859218,394.7975,394.7975,394.7975,592.1962,592.1962,9475.1397,0.02859218,2368.7849,2154.0868,7501.1522,7715.8503,0.02263548,0.02328335,0.00119134,53.9019,84.6955,2.7631,448.6335,33.5712,15063.1447,162.3636,47.6267,58.3345,10.3857,40.4073,83.0858,124.6287,155.7859,183.9513,20.7715,-10.2195,3.855389,4.552426,1.333965,18,97,34,8,0.36576351,0.02978352,0.04995611,0E-8,0.000000,0.912922,0.000000,-0.03180610,2026-06-13,2026-08-02,22,294,143,51,0.431373,0.816443,0.883581,1.219212,,,,,,,,GLOBAL_BASELINE_NO_ENTITY_RANKING,,,NOT_APPLICABLE_GLOBAL_BASELINE,HF9g-P5,,,,X 全窗基线 · 不参与实体赏罚,15051513,1506,A168_HF9F_20260827_0900,2026-08-27 09:00:00
2026-07-20,151416945,2127,0,2043.9030372401,64.3829456729,64.3829456729,0.5714286,49,21,0.44837021009083990,0.285257516508,1.1339098924459219,2.904303545218178,1.1339098924459219,0.16311269358283990,ELIGIBLE,R03b_20260811_FULL_v1,L1_ELIGIBILITY,v2026-08-11,2026-03-21..2026-08-06,baccarat_bet02_101_all_pairs_incl_sentinel,round_win = game_pnl > 0 (decisive only),COMPATIBILITY_ONLY_NOT_PRODUCTION,331389.1826,302532.4021,9869.9372,6148,3572,-0.02978352,-0.04995611,-0.01815001,-0.02978352,-9869.9372,331389.1826,OK,0.0000,394.7975,4.0000,96.0000,AG03-UNRESOLVED,ALL5_LEVELS_bet23_to_bet27,394.7975,394.7975,394.7975,592.1962,592.1962,4.000000,4.000000,4.000000,6.000000,6.000000,96.000000,96.000000,96.000000,94.000000,94.000000,5.0,2368.7849,2154.0868,7501.1522,7715.8503,PENDING_AG03,FALSE,NOT_FOR_ENFORCEMENT,9475.1397,290431.1060,9869.9372,9475.1397,394.7975,0.02978352,0.02859218,394.7975,9475.1397,0.02859218,394.7975,394.7975,394.7975,592.1962,592.1962,9475.1397,0.02859218,2368.7849,2154.0868,7501.1522,7715.8503,0.02263548,0.02328335,0.00119134,53.9019,84.6955,2.7631,448.6335,33.5712,15063.1447,162.3636,47.6267,58.3345,10.3857,40.4073,83.0858,124.6287,155.7859,183.9513,20.7715,-10.2195,3.855389,4.552426,1.333965,18,97,34,8,0.36576351,0.02978352,0.04995611,0E-8,0.000000,0.912922,0.000000,-0.03180610,2026-06-13,2026-08-02,22,294,143,51,0.431373,0.816443,0.883581,1.219212,,,,,,,,GLOBAL_BASELINE_NO_ENTITY_RANKING,,,NOT_APPLICABLE_GLOBAL_BASELINE,HF9g-P5,,,,X 全窗基线 · 不参与实体赏罚,15051514,1506,A168_HF9F_20260827_0900,2026-08-27 09:00:00
2026-07-20,151416945,919,0,1718.9224543190,264.0722724112,264.0722724112,0.5833333,27,12,0.44329959597248490,0.297571670833,0.976481156313286,2.1651988406331917,0.976481156313286,0.14572792513948490,ELIGIBLE,R03b_20260811_FULL_v1,L1_ELIGIBILITY,v2026-08-11,2026-03-21..2026-08-06,baccarat_bet02_101_all_pairs_incl_sentinel,round_win = game_pnl > 0 (decisive only),COMPATIBILITY_ONLY_NOT_PRODUCTION,331389.1826,302532.4021,9869.9372,6148,3572,-0.02978352,-0.04995611,-0.01815001,-0.02978352,-9869.9372,331389.1826,OK,0.0000,394.7975,4.0000,96.0000,AG03-UNRESOLVED,ALL5_LEVELS_bet23_to_bet27,394.7975,394.7975,394.7975,592.1962,592.1962,4.000000,4.000000,4.000000,6.000000,6.000000,96.000000,96.000000,96.000000,94.000000,94.000000,5.0,2368.7849,2154.0868,7501.1522,7715.8503,PENDING_AG03,FALSE,NOT_FOR_ENFORCEMENT,9475.1397,290431.1060,9869.9372,9475.1397,394.7975,0.02978352,0.02859218,394.7975,9475.1397,0.02859218,394.7975,394.7975,394.7975,592.1962,592.1962,9475.1397,0.02859218,2368.7849,2154.0868,7501.1522,7715.8503,0.02263548,0.02328335,0.00119134,53.9019,84.6955,2.7631,448.6335,33.5712,15063.1447,162.3636,47.6267,58.3345,10.3857,40.4073,83.0858,124.6287,155.7859,183.9513,20.7715,-10.2195,3.855389,4.552426,1.333965,18,97,34,8,0.36576351,0.02978352,0.04995611,0E-8,0.000000,0.912922,0.000000,-0.03180610,2026-06-13,2026-08-02,22,294,143,51,0.431373,0.816443,0.883581,1.219212,,,,,,,,GLOBAL_BASELINE_NO_ENTITY_RANKING,,,NOT_APPLICABLE_GLOBAL_BASELINE,HF9g-P5,,,,X 全窗基线 · 不参与实体赏罚,15051515,1506,A168_HF9F_20260827_0900,2026-08-27 09:00:00
2026-07-21,151416945,1151,0,102.1951518620,-102.1951518620,-102.1951518620,0E-7,2,1,0.45338123000000000,0.293924150000,-0.9107296962489136,-0.6451964315166089,-0.9107296962489136,0.15945708000000000,ELIGIBLE,R03b_20260811_FULL_v1,L1_ELIGIBILITY,v2026-08-11,2026-03-21..2026-08-06,baccarat_bet02_101_all_pairs_incl_sentinel,round_win = game_pnl > 0 (decisive only),COMPATIBILITY_ONLY_NOT_PRODUCTION,331389.1826,302532.4021,9869.9372,6148,3572,-0.02978352,-0.04995611,-0.01815001,-0.02978352,-9869.9372,331389.1826,OK,0.0000,394.7975,4.0000,96.0000,AG03-UNRESOLVED,ALL5_LEVELS_bet23_to_bet27,394.7975,394.7975,394.7975,592.1962,592.1962,4.000000,4.000000,4.000000,6.000000,6.000000,96.000000,96.000000,96.000000,94.000000,94.000000,5.0,2368.7849,2154.0868,7501.1522,7715.8503,PENDING_AG03,FALSE,NOT_FOR_ENFORCEMENT,9475.1397,290431.1060,9869.9372,9475.1397,394.7975,0.02978352,0.02859218,394.7975,9475.1397,0.02859218,394.7975,394.7975,394.7975,592.1962,592.1962,9475.1397,0.02859218,2368.7849,2154.0868,7501.1522,7715.8503,0.02263548,0.02328335,0.00119134,53.9019,84.6955,2.7631,448.6335,33.5712,15063.1447,162.3636,47.6267,58.3345,10.3857,40.4073,83.0858,124.6287,155.7859,183.9513,20.7715,-10.2195,3.855389,4.552426,1.333965,18,97,34,8,0.36576351,0.02978352,0.04995611,0E-8,0.000000,0.912922,0.000000,-0.03180610,2026-06-13,2026-08-02,22,294,143,51,0.431373,0.816443,0.883581,1.219212,,,,,,,,GLOBAL_BASELINE_NO_ENTITY_RANKING,,,NOT_APPLICABLE_GLOBAL_BASELINE,HF9g-P5,,,,X 全窗基线 · 不参与实体赏罚,15051516,1506,A168_HF9F_20260827_0900,2026-08-27 09:00:00
2026-07-21,151416945,1646,0,1097.5759309980,188.5500551851,188.5500551851,0.5833333,25,13,0.46845054632886698,0.374205353846,0.7975205323576025,1.4970346222259998,0.7975205323576025,0.09424519248286698,ELIGIBLE,R03b_20260811_FULL_v1,L1_ELIGIBILITY,v2026-08-11,2026-03-21..2026-08-06,baccarat_bet02_101_all_pairs_incl_sentinel,round_win = game_pnl > 0 (decisive only),COMPATIBILITY_ONLY_NOT_PRODUCTION,331389.1826,302532.4021,9869.9372,6148,3572,-0.02978352,-0.04995611,-0.01815001,-0.02978352,-9869.9372,331389.1826,OK,0.0000,394.7975,4.0000,96.0000,AG03-UNRESOLVED,ALL5_LEVELS_bet23_to_bet27,394.7975,394.7975,394.7975,592.1962,592.1962,4.000000,4.000000,4.000000,6.000000,6.000000,96.000000,96.000000,96.000000,94.000000,94.000000,5.0,2368.7849,2154.0868,7501.1522,7715.8503,PENDING_AG03,FALSE,NOT_FOR_ENFORCEMENT,9475.1397,290431.1060,9869.9372,9475.1397,394.7975,0.02978352,0.02859218,394.7975,9475.1397,0.02859218,394.7975,394.7975,394.7975,592.1962,592.1962,9475.1397,0.02859218,2368.7849,2154.0868,7501.1522,7715.8503,0.02263548,0.02328335,0.00119134,53.9019,84.6955,2.7631,448.6335,33.5712,15063.1447,162.3636,47.6267,58.3345,10.3857,40.4073,83.0858,124.6287,155.7859,183.9513,20.7715,-10.2195,3.855389,4.552426,1.333965,18,97,34,8,0.36576351,0.02978352,0.04995611,0E-8,0.000000,0.912922,0.000000,-0.03180610,2026-06-13,2026-08-02,22,294,143,51,0.431373,0.816443,0.883581,1.219212,,,,,,,,GLOBAL_BASELINE_NO_ENTITY_RANKING,,,NOT_APPLICABLE_GLOBAL_BASELINE,HF9g-P5,,,,X 全窗基线 · 不参与实体赏罚,15051517,1506,A168_HF9F_20260827_0900,2026-08-27 09:00:00
2026-07-21,151416945,1940,0,1214.0784041207,6.1317091116,6.1317091116,0.5384615,24,13,0.47425530271942390,0.386272396154,0.46361271342661303,1.1269916030948874,0.46361271342661303,0.08798290656542390,ELIGIBLE,R03b_20260811_FULL_v1,L1_ELIGIBILITY,v2026-08-11,2026-03-21..2026-08-06,baccarat_bet02_101_all_pairs_incl_sentinel,round_win = game_pnl > 0 (decisive only),COMPATIBILITY_ONLY_NOT_PRODUCTION,331389.1826,302532.4021,9869.9372,6148,3572,-0.02978352,-0.04995611,-0.01815001,-0.02978352,-9869.9372,331389.1826,OK,0.0000,394.7975,4.0000,96.0000,AG03-UNRESOLVED,ALL5_LEVELS_bet23_to_bet27,394.7975,394.7975,394.7975,592.1962,592.1962,4.000000,4.000000,4.000000,6.000000,6.000000,96.000000,96.000000,96.000000,94.000000,94.000000,5.0,2368.7849,2154.0868,7501.1522,7715.8503,PENDING_AG03,FALSE,NOT_FOR_ENFORCEMENT,9475.1397,290431.1060,9869.9372,9475.1397,394.7975,0.02978352,0.02859218,394.7975,9475.1397,0.02859218,394.7975,394.7975,394.7975,592.1962,592.1962,9475.1397,0.02859218,2368.7849,2154.0868,7501.1522,7715.8503,0.02263548,0.02328335,0.00119134,53.9019,84.6955,2.7631,448.6335,33.5712,15063.1447,162.3636,47.6267,58.3345,10.3857,40.4073,83.0858,124.6287,155.7859,183.9513,20.7715,-10.2195,3.855389,4.552426,1.333965,18,97,34,8,0.36576351,0.02978352,0.04995611,0E-8,0.000000,0.912922,0.000000,-0.03180610,2026-06-13,2026-08-02,22,294,143,51,0.431373,0.816443,0.883581,1.219212,,,,,,,,GLOBAL_BASELINE_NO_ENTITY_RANKING,,,NOT_APPLICABLE_GLOBAL_BASELINE,HF9g-P5,,,,X 全窗基线 · 不参与实体赏罚,15051518,1506,A168_HF9F_20260827_0900,2026-08-27 09:00:00
2026-07-21,151416945,1985,0,1606.0990066632,-296.9791113110,-296.9791113110,0.4210526,30,19,0.47245816238038278,0.396588707895,-0.44882445921742997,0.21798470639606257,-0.44882445921742997,0.07586945448538278,ELIGIBLE,R03b_20260811_FULL_v1,L1_ELIGIBILITY,v2026-08-11,2026-03-21..2026-08-06,baccarat_bet02_101_all_pairs_incl_sentinel,round_win = game_pnl > 0 (decisive only),COMPATIBILITY_ONLY_NOT_PRODUCTION,331389.1826,302532.4021,9869.9372,6148,3572,-0.02978352,-0.04995611,-0.01815001,-0.02978352,-9869.9372,331389.1826,OK,0.0000,394.7975,4.0000,96.0000,AG03-UNRESOLVED,ALL5_LEVELS_bet23_to_bet27,394.7975,394.7975,394.7975,592.1962,592.1962,4.000000,4.000000,4.000000,6.000000,6.000000,96.000000,96.000000,96.000000,94.000000,94.000000,5.0,2368.7849,2154.0868,7501.1522,7715.8503,PENDING_AG03,FALSE,NOT_FOR_ENFORCEMENT,9475.1397,290431.1060,9869.9372,9475.1397,394.7975,0.02978352,0.02859218,394.7975,9475.1397,0.02859218,394.7975,394.7975,394.7975,592.1962,592.1962,9475.1397,0.02859218,2368.7849,2154.0868,7501.1522,7715.8503,0.02263548,0.02328335,0.00119134,53.9019,84.6955,2.7631,448.6335,33.5712,15063.1447,162.3636,47.6267,58.3345,10.3857,40.4073,83.0858,124.6287,155.7859,183.9513,20.7715,-10.2195,3.855389,4.552426,1.333965,18,97,34,8,0.36576351,0.02978352,0.04995611,0E-8,0.000000,0.912922,0.000000,-0.03180610,2026-06-13,2026-08-02,22,294,143,51,0.431373,0.816443,0.883581,1.219212,,,,,,,,GLOBAL_BASELINE_NO_ENTITY_RANKING,,,NOT_APPLICABLE_GLOBAL_BASELINE,HF9g-P5,,,,X 全窗基线 · 不参与实体赏罚,15051519,1506,A168_HF9F_20260827_0900,2026-08-27 09:00:00
2026-07-22,151416945,1017,0,439.4391530067,153.8037035522,153.8037035522,0.7500000,18,12,0.47642389644610826,0.398611775000,1.8975014046409462,2.4861384206878525,1.8975014046409462,0.07781212144610826,ELIGIBLE,R03b_20260811_FULL_v1,L1_ELIGIBILITY,v2026-08-11,2026-03-21..2026-08-06,baccarat_bet02_101_all_pairs_incl_sentinel,round_win = game_pnl > 0 (decisive only),COMPATIBILITY_ONLY_NOT_PRODUCTION,331389.1826,302532.4021,9869.9372,6148,3572,-0.02978352,-0.04995611,-0.01815001,-0.02978352,-9869.9372,331389.1826,OK,0.0000,394.7975,4.0000,96.0000,AG03-UNRESOLVED,ALL5_LEVELS_bet23_to_bet27,394.7975,394.7975,394.7975,592.1962,592.1962,4.000000,4.000000,4.000000,6.000000,6.000000,96.000000,96.000000,96.000000,94.000000,94.000000,5.0,2368.7849,2154.0868,7501.1522,7715.8503,PENDING_AG03,FALSE,NOT_FOR_ENFORCEMENT,9475.1397,290431.1060,9869.9372,9475.1397,394.7975,0.02978352,0.02859218,394.7975,9475.1397,0.02859218,394.7975,394.7975,394.7975,592.1962,592.1962,9475.1397,0.02859218,2368.7849,2154.0868,7501.1522,7715.8503,0.02263548,0.02328335,0.00119134,53.9019,84.6955,2.7631,448.6335,33.5712,15063.1447,162.3636,47.6267,58.3345,10.3857,40.4073,83.0858,124.6287,155.7859,183.9513,20.7715,-10.2195,3.855389,4.552426,1.333965,18,97,34,8,0.36576351,0.02978352,0.04995611,0E-8,0.000000,0.912922,0.000000,-0.03180610,2026-06-13,2026-08-02,22,294,143,51,0.431373,0.816443,0.883581,1.219212,,,,,,,,GLOBAL_BASELINE_NO_ENTITY_RANKING,,,NOT_APPLICABLE_GLOBAL_BASELINE,HF9g-P5,,,,X 全窗基线 · 不参与实体赏罚,15051520,1506,A168_HF9F_20260827_0900,2026-08-27 09:00:00
2026-07-22,151416945,1323,0,1846.4620038430,-67.4488002293,-67.4488002293,0.5200000,61,26,0.43959447049086118,0.339350708791,0.8099880362584652,1.9076399076258976,0.8099880362584652,0.10024376169986118,ELIGIBLE,R03b_20260811_FULL_v1,L1_ELIGIBILITY,v2026-08-11,2026-03-21..2026-08-06,baccarat_bet02_101_all_pairs_incl_sentinel,round_win = game_pnl > 0 (decisive only),COMPATIBILITY_ONLY_NOT_PRODUCTION,331389.1826,302532.4021,9869.9372,6148,3572,-0.02978352,-0.04995611,-0.01815001,-0.02978352,-9869.9372,331389.1826,OK,0.0000,394.7975,4.0000,96.0000,AG03-UNRESOLVED,ALL5_LEVELS_bet23_to_bet27,394.7975,394.7975,394.7975,592.1962,592.1962,4.000000,4.000000,4.000000,6.000000,6.000000,96.000000,96.000000,96.000000,94.000000,94.000000,5.0,2368.7849,2154.0868,7501.1522,7715.8503,PENDING_AG03,FALSE,NOT_FOR_ENFORCEMENT,9475.1397,290431.1060,9869.9372,9475.1397,394.7975,0.02978352,0.02859218,394.7975,9475.1397,0.02859218,394.7975,394.7975,394.7975,592.1962,592.1962,9475.1397,0.02859218,2368.7849,2154.0868,7501.1522,7715.8503,0.02263548,0.02328335,0.00119134,53.9019,84.6955,2.7631,448.6335,33.5712,15063.1447,162.3636,47.6267,58.3345,10.3857,40.4073,83.0858,124.6287,155.7859,183.9513,20.7715,-10.2195,3.855389,4.552426,1.333965,18,97,34,8,0.36576351,0.02978352,0.04995611,0E-8,0.000000,0.912922,0.000000,-0.03180610,2026-06-13,2026-08-02,22,294,143,51,0.431373,0.816443,0.883581,1.219212,,,,,,,,GLOBAL_BASELINE_NO_ENTITY_RANKING,,,NOT_APPLICABLE_GLOBAL_BASELINE,HF9g-P5,,,,X 全窗基线 · 不参与实体赏罚,15051521,1506,A168_HF9F_20260827_0900,2026-08-27 09:00:00
2026-07-22,151416945,1353,0,607.4479826678,-283.4893512653,-283.4893512653,0.2500000,16,12,0.48890586669619270,0.431832000000,-1.655595988374331,-1.2716428180589874,-1.655595988374331,0.05707386669619270,ELIGIBLE,R03b_20260811_FULL_v1,L1_ELIGIBILITY,v2026-08-11,2026-03-21..2026-08-06,baccarat_bet02_101_all_pairs_incl_sentinel,round_win = game_pnl > 0 (decisive only),COMPATIBILITY_ONLY_NOT_PRODUCTION,331389.1826,302532.4021,9869.9372,6148,3572,-0.02978352,-0.04995611,-0.01815001,-0.02978352,-9869.9372,331389.1826,OK,0.0000,394.7975,4.0000,96.0000,AG03-UNRESOLVED,ALL5_LEVELS_bet23_to_bet27,394.7975,394.7975,394.7975,592.1962,592.1962,4.000000,4.000000,4.000000,6.000000,6.000000,96.000000,96.000000,96.000000,94.000000,94.000000,5.0,2368.7849,2154.0868,7501.1522,7715.8503,PENDING_AG03,FALSE,NOT_FOR_ENFORCEMENT,9475.1397,290431.1060,9869.9372,9475.1397,394.7975,0.02978352,0.02859218,394.7975,9475.1397,0.02859218,394.7975,394.7975,394.7975,592.1962,592.1962,9475.1397,0.02859218,2368.7849,2154.0868,7501.1522,7715.8503,0.02263548,0.02328335,0.00119134,53.9019,84.6955,2.7631,448.6335,33.5712,15063.1447,162.3636,47.6267,58.3345,10.3857,40.4073,83.0858,124.6287,155.7859,183.9513,20.7715,-10.2195,3.855389,4.552426,1.333965,18,97,34,8,0.36576351,0.02978352,0.04995611,0E-8,0.000000,0.912922,0.000000,-0.03180610,2026-06-13,2026-08-02,22,294,143,51,0.431373,0.816443,0.883581,1.219212,,,,,,,,GLOBAL_BASELINE_NO_ENTITY_RANKING,,,NOT_APPLICABLE_GLOBAL_BASELINE,HF9g-P5,,,,X 全窗基线 · 不参与实体赏罚,15051522,1506,A168_HF9F_20260827_0900,2026-08-27 09:00:00
2026-07-22,151416945,1654,0,61.3170911172,38.3231819483,38.3231819483,1.0000000,3,2,0.45514471250000000,0.403638725000,1.5473224681815752,1.7189898101856425,1.5473224681815752,0.05150598750000000,ELIGIBLE,R03b_20260811_FULL_v1,L1_ELIGIBILITY,v2026-08-11,2026-03-21..2026-08-06,baccarat_bet02_101_all_pairs_incl_sentinel,round_win = game_pnl > 0 (decisive only),COMPATIBILITY_ONLY_NOT_PRODUCTION,331389.1826,302532.4021,9869.9372,6148,3572,-0.02978352,-0.04995611,-0.01815001,-0.02978352,-9869.9372,331389.1826,OK,0.0000,394.7975,4.0000,96.0000,AG03-UNRESOLVED,ALL5_LEVELS_bet23_to_bet27,394.7975,394.7975,394.7975,592.1962,592.1962,4.000000,4.000000,4.000000,6.000000,6.000000,96.000000,96.000000,96.000000,94.000000,94.000000,5.0,2368.7849,2154.0868,7501.1522,7715.8503,PENDING_AG03,FALSE,NOT_FOR_ENFORCEMENT,9475.1397,290431.1060,9869.9372,9475.1397,394.7975,0.02978352,0.02859218,394.7975,9475.1397,0.02859218,394.7975,394.7975,394.7975,592.1962,592.1962,9475.1397,0.02859218,2368.7849,2154.0868,7501.1522,7715.8503,0.02263548,0.02328335,0.00119134,53.9019,84.6955,2.7631,448.6335,33.5712,15063.1447,162.3636,47.6267,58.3345,10.3857,40.4073,83.0858,124.6287,155.7859,183.9513,20.7715,-10.2195,3.855389,4.552426,1.333965,18,97,34,8,0.36576351,0.02978352,0.04995611,0E-8,0.000000,0.912922,0.000000,-0.03180610,2026-06-13,2026-08-02,22,294,143,51,0.431373,0.816443,0.883581,1.219212,,,,,,,,GLOBAL_BASELINE_NO_ENTITY_RANKING,,,NOT_APPLICABLE_GLOBAL_BASELINE,HF9g-P5,,,,X 全窗基线 · 不参与实体赏罚,15051523,1506,A168_HF9F_20260827_0900,2026-08-27 09:00:00
2026-07-22,151416945,1710,0,280.0147161019,78.6902669336,78.6902669336,0.6666667,7,6,0.49390805909088223,0.466727875000,0.8464036998353477,0.9816719392330598,0.8464036998353477,0.02718018409088223,ELIGIBLE,R03b_20260811_FULL_v1,L1_ELIGIBILITY,v2026-08-11,2026-03-21..2026-08-06,baccarat_bet02_101_all_pairs_incl_sentinel,round_win = game_pnl > 0 (decisive only),COMPATIBILITY_ONLY_NOT_PRODUCTION,331389.1826,302532.4021,9869.9372,6148,3572,-0.02978352,-0.04995611,-0.01815001,-0.02978352,-9869.9372,331389.1826,OK,0.0000,394.7975,4.0000,96.0000,AG03-UNRESOLVED,ALL5_LEVELS_bet23_to_bet27,394.7975,394.7975,394.7975,592.1962,592.1962,4.000000,4.000000,4.000000,6.000000,6.000000,96.000000,96.000000,96.000000,94.000000,94.000000,5.0,2368.7849,2154.0868,7501.1522,7715.8503,PENDING_AG03,FALSE,NOT_FOR_ENFORCEMENT,9475.1397,290431.1060,9869.9372,9475.1397,394.7975,0.02978352,0.02859218,394.7975,9475.1397,0.02859218,394.7975,394.7975,394.7975,592.1962,592.1962,9475.1397,0.02859218,2368.7849,2154.0868,7501.1522,7715.8503,0.02263548,0.02328335,0.00119134,53.9019,84.6955,2.7631,448.6335,33.5712,15063.1447,162.3636,47.6267,58.3345,10.3857,40.4073,83.0858,124.6287,155.7859,183.9513,20.7715,-10.2195,3.855389,4.552426,1.333965,18,97,34,8,0.36576351,0.02978352,0.04995611,0E-8,0.000000,0.912922,0.000000,-0.03180610,2026-06-13,2026-08-02,22,294,143,51,0.431373,0.816443,0.883581,1.219212,,,,,,,,GLOBAL_BASELINE_NO_ENTITY_RANKING,,,NOT_APPLICABLE_GLOBAL_BASELINE,HF9g-P5,,,,X 全窗基线 · 不参与实体赏罚,15051524,1506,A168_HF9F_20260827_0900,2026-08-27 09:00:00
2026-07-22,151416945,2108,0,2340.2689776398,123.6561337529,123.6561337529,0.5600000,45,26,0.46315142597258980,0.363215486538,0.9711265559876009,2.0458910221495388,0.9711265559876009,0.09993593943458980,ELIGIBLE,R03b_20260811_FULL_v1,L1_ELIGIBILITY,v2026-08-11,2026-03-21..2026-08-06,baccarat_bet02_101_all_pairs_incl_sentinel,round_win = game_pnl > 0 (decisive only),COMPATIBILITY_ONLY_NOT_PRODUCTION,331389.1826,302532.4021,9869.9372,6148,3572,-0.02978352,-0.04995611,-0.01815001,-0.02978352,-9869.9372,331389.1826,OK,0.0000,394.7975,4.0000,96.0000,AG03-UNRESOLVED,ALL5_LEVELS_bet23_to_bet27,394.7975,394.7975,394.7975,592.1962,592.1962,4.000000,4.000000,4.000000,6.000000,6.000000,96.000000,96.000000,96.000000,94.000000,94.000000,5.0,2368.7849,2154.0868,7501.1522,7715.8503,PENDING_AG03,FALSE,NOT_FOR_ENFORCEMENT,9475.1397,290431.1060,9869.9372,9475.1397,394.7975,0.02978352,0.02859218,394.7975,9475.1397,0.02859218,394.7975,394.7975,394.7975,592.1962,592.1962,9475.1397,0.02859218,2368.7849,2154.0868,7501.1522,7715.8503,0.02263548,0.02328335,0.00119134,53.9019,84.6955,2.7631,448.6335,33.5712,15063.1447,162.3636,47.6267,58.3345,10.3857,40.4073,83.0858,124.6287,155.7859,183.9513,20.7715,-10.2195,3.855389,4.552426,1.333965,18,97,34,8,0.36576351,0.02978352,0.04995611,0E-8,0.000000,0.912922,0.000000,-0.03180610,2026-06-13,2026-08-02,22,294,143,51,0.431373,0.816443,0.883581,1.219212,,,,,,,,GLOBAL_BASELINE_NO_ENTITY_RANKING,,,NOT_APPLICABLE_GLOBAL_BASELINE,HF9g-P5,,,,X 全窗基线 · 不参与实体赏罚,15051525,1506,A168_HF9F_20260827_0900,2026-08-27 09:00:00
2026-07-22,151416945,2127,0,343.3757102563,-12.2634182233,-12.2634182233,0.5384615,16,15,0.49789768000004443,0.486660010000,0.2925127289044949,0.3736791541035705,0.2925127289044949,0.01123767000004443,ELIGIBLE,R03b_20260811_FULL_v1,L1_ELIGIBILITY,v2026-08-11,2026-03-21..2026-08-06,baccarat_bet02_101_all_pairs_incl_sentinel,round_win = game_pnl > 0 (decisive only),COMPATIBILITY_ONLY_NOT_PRODUCTION,331389.1826,302532.4021,9869.9372,6148,3572,-0.02978352,-0.04995611,-0.01815001,-0.02978352,-9869.9372,331389.1826,OK,0.0000,394.7975,4.0000,96.0000,AG03-UNRESOLVED,ALL5_LEVELS_bet23_to_bet27,394.7975,394.7975,394.7975,592.1962,592.1962,4.000000,4.000000,4.000000,6.000000,6.000000,96.000000,96.000000,96.000000,94.000000,94.000000,5.0,2368.7849,2154.0868,7501.1522,7715.8503,PENDING_AG03,FALSE,NOT_FOR_ENFORCEMENT,9475.1397,290431.1060,9869.9372,9475.1397,394.7975,0.02978352,0.02859218,394.7975,9475.1397,0.02859218,394.7975,394.7975,394.7975,592.1962,592.1962,9475.1397,0.02859218,2368.7849,2154.0868,7501.1522,7715.8503,0.02263548,0.02328335,0.00119134,53.9019,84.6955,2.7631,448.6335,33.5712,15063.1447,162.3636,47.6267,58.3345,10.3857,40.4073,83.0858,124.6287,155.7859,183.9513,20.7715,-10.2195,3.855389,4.552426,1.333965,18,97,34,8,0.36576351,0.02978352,0.04995611,0E-8,0.000000,0.912922,0.000000,-0.03180610,2026-06-13,2026-08-02,22,294,143,51,0.431373,0.816443,0.883581,1.219212,,,,,,,,GLOBAL_BASELINE_NO_ENTITY_RANKING,,,NOT_APPLICABLE_GLOBAL_BASELINE,HF9g-P5,,,,X 全窗基线 · 不参与实体赏罚,15051526,1506,A168_HF9F_20260827_0900,2026-08-27 09:00:00
2026-07-22,151416945,2134,0,572.2928504272,-126.7219883089,-126.7219883089,0.4285714,11,7,0.46577956886054422,0.384135157143,-0.1973497224509097,0.2417140505143383,-0.1973497224509097,0.08164441171754422,ELIGIBLE,R03b_20260811_FULL_v1,L1_ELIGIBILITY,v2026-08-11,2026-03-21..2026-08-06,baccarat_bet02_101_all_pairs_incl_sentinel,round_win = game_pnl > 0 (decisive only),COMPATIBILITY_ONLY_NOT_PRODUCTION,331389.1826,302532.4021,9869.9372,6148,3572,-0.02978352,-0.04995611,-0.01815001,-0.02978352,-9869.9372,331389.1826,OK,0.0000,394.7975,4.0000,96.0000,AG03-UNRESOLVED,ALL5_LEVELS_bet23_to_bet27,394.7975,394.7975,394.7975,592.1962,592.1962,4.000000,4.000000,4.000000,6.000000,6.000000,96.000000,96.000000,96.000000,94.000000,94.000000,5.0,2368.7849,2154.0868,7501.1522,7715.8503,PENDING_AG03,FALSE,NOT_FOR_ENFORCEMENT,9475.1397,290431.1060,9869.9372,9475.1397,394.7975,0.02978352,0.02859218,394.7975,9475.1397,0.02859218,394.7975,394.7975,394.7975,592.1962,592.1962,9475.1397,0.02859218,2368.7849,2154.0868,7501.1522,7715.8503,0.02263548,0.02328335,0.00119134,53.9019,84.6955,2.7631,448.6335,33.5712,15063.1447,162.3636,47.6267,58.3345,10.3857,40.4073,83.0858,124.6287,155.7859,183.9513,20.7715,-10.2195,3.855389,4.552426,1.333965,18,97,34,8,0.36576351,0.02978352,0.04995611,0E-8,0.000000,0.912922,0.000000,-0.03180610,2026-06-13,2026-08-02,22,294,143,51,0.431373,0.816443,0.883581,1.219212,,,,,,,,GLOBAL_BASELINE_NO_ENTITY_RANKING,,,NOT_APPLICABLE_GLOBAL_BASELINE,HF9g-P5,,,,X 全窗基线 · 不参与实体赏罚,15051527,1506,A168_HF9F_20260827_0900,2026-08-27 09:00:00
2026-07-22,151416945,2153,0,964.3134529699,-194.0481543555,-194.0481543555,0.4736842,27,19,0.46916987937342746,0.413201173684,0.03943005421189035,0.535408174822623,0.03943005421189035,0.05596870568942746,ELIGIBLE,R03b_20260811_FULL_v1,L1_ELIGIBILITY,v2026-08-11,2026-03-21..2026-08-06,baccarat_bet02_101_all_pairs_incl_sentinel,round_win = game_pnl > 0 (decisive only),COMPATIBILITY_ONLY_NOT_PRODUCTION,331389.1826,302532.4021,9869.9372,6148,3572,-0.02978352,-0.04995611,-0.01815001,-0.02978352,-9869.9372,331389.1826,OK,0.0000,394.7975,4.0000,96.0000,AG03-UNRESOLVED,ALL5_LEVELS_bet23_to_bet27,394.7975,394.7975,394.7975,592.1962,592.1962,4.000000,4.000000,4.000000,6.000000,6.000000,96.000000,96.000000,96.000000,94.000000,94.000000,5.0,2368.7849,2154.0868,7501.1522,7715.8503,PENDING_AG03,FALSE,NOT_FOR_ENFORCEMENT,9475.1397,290431.1060,9869.9372,9475.1397,394.7975,0.02978352,0.02859218,394.7975,9475.1397,0.02859218,394.7975,394.7975,394.7975,592.1962,592.1962,9475.1397,0.02859218,2368.7849,2154.0868,7501.1522,7715.8503,0.02263548,0.02328335,0.00119134,53.9019,84.6955,2.7631,448.6335,33.5712,15063.1447,162.3636,47.6267,58.3345,10.3857,40.4073,83.0858,124.6287,155.7859,183.9513,20.7715,-10.2195,3.855389,4.552426,1.333965,18,97,34,8,0.36576351,0.02978352,0.04995611,0E-8,0.000000,0.912922,0.000000,-0.03180610,2026-06-13,2026-08-02,22,294,143,51,0.431373,0.816443,0.883581,1.219212,,,,,,,,GLOBAL_BASELINE_NO_ENTITY_RANKING,,,NOT_APPLICABLE_GLOBAL_BASELINE,HF9g-P5,,,,X 全窗基线 · 不参与实体赏罚,15051528,1506,A168_HF9F_20260827_0900,2026-08-27 09:00:00
2026-07-22,151416945,2261,0,543.8825982096,-464.1703797572,-464.1703797572,0.1111111,15,9,0.45782206740965079,0.377595444444,-2.0877069687368808,-1.6490855346762021,-2.0877069687368808,0.08022662296565079,ELIGIBLE,R03b_20260811_FULL_v1,L1_ELIGIBILITY,v2026-08-11,2026-03-21..2026-08-06,baccarat_bet02_101_all_pairs_incl_sentinel,round_win = game_pnl > 0 (decisive only),COMPATIBILITY_ONLY_NOT_PRODUCTION,331389.1826,302532.4021,9869.9372,6148,3572,-0.02978352,-0.04995611,-0.01815001,-0.02978352,-9869.9372,331389.1826,OK,0.0000,394.7975,4.0000,96.0000,AG03-UNRESOLVED,ALL5_LEVELS_bet23_to_bet27,394.7975,394.7975,394.7975,592.1962,592.1962,4.000000,4.000000,4.000000,6.000000,6.000000,96.000000,96.000000,96.000000,94.000000,94.000000,5.0,2368.7849,2154.0868,7501.1522,7715.8503,PENDING_AG03,FALSE,NOT_FOR_ENFORCEMENT,9475.1397,290431.1060,9869.9372,9475.1397,394.7975,0.02978352,0.02859218,394.7975,9475.1397,0.02859218,394.7975,394.7975,394.7975,592.1962,592.1962,9475.1397,0.02859218,2368.7849,2154.0868,7501.1522,7715.8503,0.02263548,0.02328335,0.00119134,53.9019,84.6955,2.7631,448.6335,33.5712,15063.1447,162.3636,47.6267,58.3345,10.3857,40.4073,83.0858,124.6287,155.7859,183.9513,20.7715,-10.2195,3.855389,4.552426,1.333965,18,97,34,8,0.36576351,0.02978352,0.04995611,0E-8,0.000000,0.912922,0.000000,-0.03180610,2026-06-13,2026-08-02,22,294,143,51,0.431373,0.816443,0.883581,1.219212,,,,,,,,GLOBAL_BASELINE_NO_ENTITY_RANKING,,,NOT_APPLICABLE_GLOBAL_BASELINE,HF9g-P5,,,,X 全窗基线 · 不参与实体赏罚,15051529,1506,A168_HF9F_20260827_0900,2026-08-27 09:00:00
2026-07-22,151416945,2267,0,36.7902546703,-20.4390303724,-20.4390303724,0E-7,2,2,0.49994810000000000,0.499948100000,-0.9998962053866608,-0.9998962053866608,-0.9998962053866608,0E-17,ELIGIBLE,R03b_20260811_FULL_v1,L1_ELIGIBILITY,v2026-08-11,2026-03-21..2026-08-06,baccarat_bet02_101_all_pairs_incl_sentinel,round_win = game_pnl > 0 (decisive only),COMPATIBILITY_ONLY_NOT_PRODUCTION,331389.1826,302532.4021,9869.9372,6148,3572,-0.02978352,-0.04995611,-0.01815001,-0.02978352,-9869.9372,331389.1826,OK,0.0000,394.7975,4.0000,96.0000,AG03-UNRESOLVED,ALL5_LEVELS_bet23_to_bet27,394.7975,394.7975,394.7975,592.1962,592.1962,4.000000,4.000000,4.000000,6.000000,6.000000,96.000000,96.000000,96.000000,94.000000,94.000000,5.0,2368.7849,2154.0868,7501.1522,7715.8503,PENDING_AG03,FALSE,NOT_FOR_ENFORCEMENT,9475.1397,290431.1060,9869.9372,9475.1397,394.7975,0.02978352,0.02859218,394.7975,9475.1397,0.02859218,394.7975,394.7975,394.7975,592.1962,592.1962,9475.1397,0.02859218,2368.7849,2154.0868,7501.1522,7715.8503,0.02263548,0.02328335,0.00119134,53.9019,84.6955,2.7631,448.6335,33.5712,15063.1447,162.3636,47.6267,58.3345,10.3857,40.4073,83.0858,124.6287,155.7859,183.9513,20.7715,-10.2195,3.855389,4.552426,1.333965,18,97,34,8,0.36576351,0.02978352,0.04995611,0E-8,0.000000,0.912922,0.000000,-0.03180610,2026-06-13,2026-08-02,22,294,143,51,0.431373,0.816443,0.883581,1.219212,,,,,,,,GLOBAL_BASELINE_NO_ENTITY_RANKING,,,NOT_APPLICABLE_GLOBAL_BASELINE,HF9g-P5,,,,X 全窗基线 · 不参与实体赏罚,15051530,1506,A168_HF9F_20260827_0900,2026-08-27 09:00:00
2026-07-22,151416945,462,0,3341.7814658877,666.8233658989,666.8233658989,0.6744186,83,43,0.45365261679467316,0.334527960078,2.907838276213511,4.72380890978107,2.907838276213511,0.11912465671667316,ELIGIBLE,R03b_20260811_FULL_v1,L1_ELIGIBILITY,v2026-08-11,2026-03-21..2026-08-06,baccarat_bet02_101_all_pairs_incl_sentinel,round_win = game_pnl > 0 (decisive only),COMPATIBILITY_ONLY_NOT_PRODUCTION,331389.1826,302532.4021,9869.9372,6148,3572,-0.02978352,-0.04995611,-0.01815001,-0.02978352,-9869.9372,331389.1826,OK,0.0000,394.7975,4.0000,96.0000,AG03-UNRESOLVED,ALL5_LEVELS_bet23_to_bet27,394.7975,394.7975,394.7975,592.1962,592.1962,4.000000,4.000000,4.000000,6.000000,6.000000,96.000000,96.000000,96.000000,94.000000,94.000000,5.0,2368.7849,2154.0868,7501.1522,7715.8503,PENDING_AG03,FALSE,NOT_FOR_ENFORCEMENT,9475.1397,290431.1060,9869.9372,9475.1397,394.7975,0.02978352,0.02859218,394.7975,9475.1397,0.02859218,394.7975,394.7975,394.7975,592.1962,592.1962,9475.1397,0.02859218,2368.7849,2154.0868,7501.1522,7715.8503,0.02263548,0.02328335,0.00119134,53.9019,84.6955,2.7631,448.6335,33.5712,15063.1447,162.3636,47.6267,58.3345,10.3857,40.4073,83.0858,124.6287,155.7859,183.9513,20.7715,-10.2195,3.855389,4.552426,1.333965,18,97,34,8,0.36576351,0.02978352,0.04995611,0E-8,0.000000,0.912922,0.000000,-0.03180610,2026-06-13,2026-08-02,22,294,143,51,0.431373,0.816443,0.883581,1.219212,,,,,,,,GLOBAL_BASELINE_NO_ENTITY_RANKING,,,NOT_APPLICABLE_GLOBAL_BASELINE,HF9g-P5,,,,X 全窗基线 · 不参与实体赏罚,15051531,1506,A168_HF9F_20260827_0900,2026-08-27 09:00:00
2026-07-22,151416945,526,0,1980.5420430858,-95.5524669913,-95.5524669913,0.5789474,39,19,0.45433390981012033,0.317561810526,1.0909144424791124,2.447443039055549,1.0909144424791124,0.13677209928412033,ELIGIBLE,R03b_20260811_FULL_v1,L1_ELIGIBILITY,v2026-08-11,2026-03-21..2026-08-06,baccarat_bet02_101_all_pairs_incl_sentinel,round_win = game_pnl > 0 (decisive only),COMPATIBILITY_ONLY_NOT_PRODUCTION,331389.1826,302532.4021,9869.9372,6148,3572,-0.02978352,-0.04995611,-0.01815001,-0.02978352,-9869.9372,331389.1826,OK,0.0000,394.7975,4.0000,96.0000,AG03-UNRESOLVED,ALL5_LEVELS_bet23_to_bet27,394.7975,394.7975,394.7975,592.1962,592.1962,4.000000,4.000000,4.000000,6.000000,6.000000,96.000000,96.000000,96.000000,94.000000,94.000000,5.0,2368.7849,2154.0868,7501.1522,7715.8503,PENDING_AG03,FALSE,NOT_FOR_ENFORCEMENT,9475.1397,290431.1060,9869.9372,9475.1397,394.7975,0.02978352,0.02859218,394.7975,9475.1397,0.02859218,394.7975,394.7975,394.7975,592.1962,592.1962,9475.1397,0.02859218,2368.7849,2154.0868,7501.1522,7715.8503,0.02263548,0.02328335,0.00119134,53.9019,84.6955,2.7631,448.6335,33.5712,15063.1447,162.3636,47.6267,58.3345,10.3857,40.4073,83.0858,124.6287,155.7859,183.9513,20.7715,-10.2195,3.855389,4.552426,1.333965,18,97,34,8,0.36576351,0.02978352,0.04995611,0E-8,0.000000,0.912922,0.000000,-0.03180610,2026-06-13,2026-08-02,22,294,143,51,0.431373,0.816443,0.883581,1.219212,,,,,,,,GLOBAL_BASELINE_NO_ENTITY_RANKING,,,NOT_APPLICABLE_GLOBAL_BASELINE,HF9g-P5,,,,X 全窗基线 · 不参与实体赏罚,15051532,1506,A168_HF9F_20260827_0900,2026-08-27 09:00:00
2026-07-22,151416945,925,0,1438.9077382169,-442.5050075624,-442.5050075624,0.4000000,27,15,0.46131839792962032,0.336022620000,-0.47639804424964854,0.5245793388302017,-0.47639804424964854,0.12529577792962032,ELIGIBLE,R03b_20260811_FULL_v1,L1_ELIGIBILITY,v2026-08-11,2026-03-21..2026-08-06,baccarat_bet02_101_all_pairs_incl_sentinel,round_win = game_pnl > 0 (decisive only),COMPATIBILITY_ONLY_NOT_PRODUCTION,331389.1826,302532.4021,9869.9372,6148,3572,-0.02978352,-0.04995611,-0.01815001,-0.02978352,-9869.9372,331389.1826,OK,0.0000,394.7975,4.0000,96.0000,AG03-UNRESOLVED,ALL5_LEVELS_bet23_to_bet27,394.7975,394.7975,394.7975,592.1962,592.1962,4.000000,4.000000,4.000000,6.000000,6.000000,96.000000,96.000000,96.000000,94.000000,94.000000,5.0,2368.7849,2154.0868,7501.1522,7715.8503,PENDING_AG03,FALSE,NOT_FOR_ENFORCEMENT,9475.1397,290431.1060,9869.9372,9475.1397,394.7975,0.02978352,0.02859218,394.7975,9475.1397,0.02859218,394.7975,394.7975,394.7975,592.1962,592.1962,9475.1397,0.02859218,2368.7849,2154.0868,7501.1522,7715.8503,0.02263548,0.02328335,0.00119134,53.9019,84.6955,2.7631,448.6335,33.5712,15063.1447,162.3636,47.6267,58.3345,10.3857,40.4073,83.0858,124.6287,155.7859,183.9513,20.7715,-10.2195,3.855389,4.552426,1.333965,18,97,34,8,0.36576351,0.02978352,0.04995611,0E-8,0.000000,0.912922,0.000000,-0.03180610,2026-06-13,2026-08-02,22,294,143,51,0.431373,0.816443,0.883581,1.219212,,,,,,,,GLOBAL_BASELINE_NO_ENTITY_RANKING,,,NOT_APPLICABLE_GLOBAL_BASELINE,HF9g-P5,,,,X 全窗基线 · 不参与实体赏罚,15051533,1506,A168_HF9F_20260827_0900,2026-08-27 09:00:00
2026-07-22,151416945,948,0,308.2205780159,112.0058864408,112.0058864408,0.6250000,14,8,0.45630757803075483,0.349619262500,0.9579328939467329,1.6334168859341123,0.9579328939467329,0.10668831553075483,ELIGIBLE,R03b_20260811_FULL_v1,L1_ELIGIBILITY,v2026-08-11,2026-03-21..2026-08-06,baccarat_bet02_101_all_pairs_incl_sentinel,round_win = game_pnl > 0 (decisive only),COMPATIBILITY_ONLY_NOT_PRODUCTION,331389.1826,302532.4021,9869.9372,6148,3572,-0.02978352,-0.04995611,-0.01815001,-0.02978352,-9869.9372,331389.1826,OK,0.0000,394.7975,4.0000,96.0000,AG03-UNRESOLVED,ALL5_LEVELS_bet23_to_bet27,394.7975,394.7975,394.7975,592.1962,592.1962,4.000000,4.000000,4.000000,6.000000,6.000000,96.000000,96.000000,96.000000,94.000000,94.000000,5.0,2368.7849,2154.0868,7501.1522,7715.8503,PENDING_AG03,FALSE,NOT_FOR_ENFORCEMENT,9475.1397,290431.1060,9869.9372,9475.1397,394.7975,0.02978352,0.02859218,394.7975,9475.1397,0.02859218,394.7975,394.7975,394.7975,592.1962,592.1962,9475.1397,0.02859218,2368.7849,2154.0868,7501.1522,7715.8503,0.02263548,0.02328335,0.00119134,53.9019,84.6955,2.7631,448.6335,33.5712,15063.1447,162.3636,47.6267,58.3345,10.3857,40.4073,83.0858,124.6287,155.7859,183.9513,20.7715,-10.2195,3.855389,4.552426,1.333965,18,97,34,8,0.36576351,0.02978352,0.04995611,0E-8,0.000000,0.912922,0.000000,-0.03180610,2026-06-13,2026-08-02,22,294,143,51,0.431373,0.816443,0.883581,1.219212,,,,,,,,GLOBAL_BASELINE_NO_ENTITY_RANKING,,,NOT_APPLICABLE_GLOBAL_BASELINE,HF9g-P5,,,,X 全窗基线 · 不参与实体赏罚,15051534,1506,A168_HF9F_20260827_0900,2026-08-27 09:00:00
2026-07-27,151416945,1623,0,1909.0054367822,-989.2490700242,-989.2490700242,0.2857143,28,14,0.47070322899759272,0.339986646429,-1.3867129725407847,-0.4286821888248961,-1.3867129725407847,0.13071658256859272,ELIGIBLE,R03b_20260811_FULL_v1,L1_ELIGIBILITY,v2026-08-11,2026-03-21..2026-08-06,baccarat_bet02_101_all_pairs_incl_sentinel,round_win = game_pnl > 0 (decisive only),COMPATIBILITY_ONLY_NOT_PRODUCTION,331389.1826,302532.4021,9869.9372,6148,3572,-0.02978352,-0.04995611,-0.01815001,-0.02978352,-9869.9372,331389.1826,OK,0.0000,394.7975,4.0000,96.0000,AG03-UNRESOLVED,ALL5_LEVELS_bet23_to_bet27,394.7975,394.7975,394.7975,592.1962,592.1962,4.000000,4.000000,4.000000,6.000000,6.000000,96.000000,96.000000,96.000000,94.000000,94.000000,5.0,2368.7849,2154.0868,7501.1522,7715.8503,PENDING_AG03,FALSE,NOT_FOR_ENFORCEMENT,9475.1397,290431.1060,9869.9372,9475.1397,394.7975,0.02978352,0.02859218,394.7975,9475.1397,0.02859218,394.7975,394.7975,394.7975,592.1962,592.1962,9475.1397,0.02859218,2368.7849,2154.0868,7501.1522,7715.8503,0.02263548,0.02328335,0.00119134,53.9019,84.6955,2.7631,448.6335,33.5712,15063.1447,162.3636,47.6267,58.3345,10.3857,40.4073,83.0858,124.6287,155.7859,183.9513,20.7715,-10.2195,3.855389,4.552426,1.333965,18,97,34,8,0.36576351,0.02978352,0.04995611,0E-8,0.000000,0.912922,0.000000,-0.03180610,2026-06-13,2026-08-02,22,294,143,51,0.431373,0.816443,0.883581,1.219212,,,,,,,,GLOBAL_BASELINE_NO_ENTITY_RANKING,,,NOT_APPLICABLE_GLOBAL_BASELINE,HF9g-P5,,,,X 全窗基线 · 不参与实体赏罚,15051535,1506,A168_HF9F_20260827_0900,2026-08-27 09:00:00
2026-07-27,151416945,1654,0,306.5854555860,-20.4390303724,-20.4390303724,0.3333333,5,3,0.45895697083333333,0.364833000000,-0.4366466209181418,-0.11333800532433629,-0.4366466209181418,0.09412397083333333,ELIGIBLE,R03b_20260811_FULL_v1,L1_ELIGIBILITY,v2026-08-11,2026-03-21..2026-08-06,baccarat_bet02_101_all_pairs_incl_sentinel,round_win = game_pnl > 0 (decisive only),COMPATIBILITY_ONLY_NOT_PRODUCTION,331389.1826,302532.4021,9869.9372,6148,3572,-0.02978352,-0.04995611,-0.01815001,-0.02978352,-9869.9372,331389.1826,OK,0.0000,394.7975,4.0000,96.0000,AG03-UNRESOLVED,ALL5_LEVELS_bet23_to_bet27,394.7975,394.7975,394.7975,592.1962,592.1962,4.000000,4.000000,4.000000,6.000000,6.000000,96.000000,96.000000,96.000000,94.000000,94.000000,5.0,2368.7849,2154.0868,7501.1522,7715.8503,PENDING_AG03,FALSE,NOT_FOR_ENFORCEMENT,9475.1397,290431.1060,9869.9372,9475.1397,394.7975,0.02978352,0.02859218,394.7975,9475.1397,0.02859218,394.7975,394.7975,394.7975,592.1962,592.1962,9475.1397,0.02859218,2368.7849,2154.0868,7501.1522,7715.8503,0.02263548,0.02328335,0.00119134,53.9019,84.6955,2.7631,448.6335,33.5712,15063.1447,162.3636,47.6267,58.3345,10.3857,40.4073,83.0858,124.6287,155.7859,183.9513,20.7715,-10.2195,3.855389,4.552426,1.333965,18,97,34,8,0.36576351,0.02978352,0.04995611,0E-8,0.000000,0.912922,0.000000,-0.03180610,2026-06-13,2026-08-02,22,294,143,51,0.431373,0.816443,0.883581,1.219212,,,,,,,,GLOBAL_BASELINE_NO_ENTITY_RANKING,,,NOT_APPLICABLE_GLOBAL_BASELINE,HF9g-P5,,,,X 全窗基线 · 不参与实体赏罚,15051536,1506,A168_HF9F_20260827_0900,2026-08-27 09:00:00
2026-07-27,151416945,2106,0,829.6202428157,-183.9512733516,-183.9512733516,0.4444444,14,9,0.47656675664229910,0.389958750000,-0.19294588936785434,0.335131159648814,-0.19294588936785434,0.08660800664229910,ELIGIBLE,R03b_20260811_FULL_v1,L1_ELIGIBILITY,v2026-08-11,2026-03-21..2026-08-06,baccarat_bet02_101_all_pairs_incl_sentinel,round_win = game_pnl > 0 (decisive only),COMPATIBILITY_ONLY_NOT_PRODUCTION,331389.1826,302532.4021,9869.9372,6148,3572,-0.02978352,-0.04995611,-0.01815001,-0.02978352,-9869.9372,331389.1826,OK,0.0000,394.7975,4.0000,96.0000,AG03-UNRESOLVED,ALL5_LEVELS_bet23_to_bet27,394.7975,394.7975,394.7975,592.1962,592.1962,4.000000,4.000000,4.000000,6.000000,6.000000,96.000000,96.000000,96.000000,94.000000,94.000000,5.0,2368.7849,2154.0868,7501.1522,7715.8503,PENDING_AG03,FALSE,NOT_FOR_ENFORCEMENT,9475.1397,290431.1060,9869.9372,9475.1397,394.7975,0.02978352,0.02859218,394.7975,9475.1397,0.02859218,394.7975,394.7975,394.7975,592.1962,592.1962,9475.1397,0.02859218,2368.7849,2154.0868,7501.1522,7715.8503,0.02263548,0.02328335,0.00119134,53.9019,84.6955,2.7631,448.6335,33.5712,15063.1447,162.3636,47.6267,58.3345,10.3857,40.4073,83.0858,124.6287,155.7859,183.9513,20.7715,-10.2195,3.855389,4.552426,1.333965,18,97,34,8,0.36576351,0.02978352,0.04995611,0E-8,0.000000,0.912922,0.000000,-0.03180610,2026-06-13,2026-08-02,22,294,143,51,0.431373,0.816443,0.883581,1.219212,,,,,,,,GLOBAL_BASELINE_NO_ENTITY_RANKING,,,NOT_APPLICABLE_GLOBAL_BASELINE,HF9g-P5,,,,X 全窗基线 · 不参与实体赏罚,15051537,1506,A168_HF9F_20260827_0900,2026-08-27 09:00:00
2026-07-27,151416945,2134,0,935.4944201448,-409.1893880555,-409.1893880555,0.2857143,11,7,0.48280877921616314,0.384135157143,-1.0435430249594462,-0.5353668686289851,-1.0435430249594462,0.09867362207316314,ELIGIBLE,R03b_20260811_FULL_v1,L1_ELIGIBILITY,v2026-08-11,2026-03-21..2026-08-06,baccarat_bet02_101_all_pairs_incl_sentinel,round_win = game_pnl > 0 (decisive only),COMPATIBILITY_ONLY_NOT_PRODUCTION,331389.1826,302532.4021,9869.9372,6148,3572,-0.02978352,-0.04995611,-0.01815001,-0.02978352,-9869.9372,331389.1826,OK,0.0000,394.7975,4.0000,96.0000,AG03-UNRESOLVED,ALL5_LEVELS_bet23_to_bet27,394.7975,394.7975,394.7975,592.1962,592.1962,4.000000,4.000000,4.000000,6.000000,6.000000,96.000000,96.000000,96.000000,94.000000,94.000000,5.0,2368.7849,2154.0868,7501.1522,7715.8503,PENDING_AG03,FALSE,NOT_FOR_ENFORCEMENT,9475.1397,290431.1060,9869.9372,9475.1397,394.7975,0.02978352,0.02859218,394.7975,9475.1397,0.02859218,394.7975,394.7975,394.7975,592.1962,592.1962,9475.1397,0.02859218,2368.7849,2154.0868,7501.1522,7715.8503,0.02263548,0.02328335,0.00119134,53.9019,84.6955,2.7631,448.6335,33.5712,15063.1447,162.3636,47.6267,58.3345,10.3857,40.4073,83.0858,124.6287,155.7859,183.9513,20.7715,-10.2195,3.855389,4.552426,1.333965,18,97,34,8,0.36576351,0.02978352,0.04995611,0E-8,0.000000,0.912922,0.000000,-0.03180610,2026-06-13,2026-08-02,22,294,143,51,0.431373,0.816443,0.883581,1.219212,,,,,,,,GLOBAL_BASELINE_NO_ENTITY_RANKING,,,NOT_APPLICABLE_GLOBAL_BASELINE,HF9g-P5,,,,X 全窗基线 · 不参与实体赏罚,15051538,1506,A168_HF9F_20260827_0900,2026-08-27 09:00:00
2026-07-27,151416945,2196,0,224.8293340964,-224.8293340964,-224.8293340964,0E-7,4,3,0.48110378750000000,0.431273450000,-1.6677838535492129,-1.5082913394543875,-1.6677838535492129,0.04983033750000000,ELIGIBLE,R03b_20260811_FULL_v1,L1_ELIGIBILITY,v2026-08-11,2026-03-21..2026-08-06,baccarat_bet02_101_all_pairs_incl_sentinel,round_win = game_pnl > 0 (decisive only),COMPATIBILITY_ONLY_NOT_PRODUCTION,331389.1826,302532.4021,9869.9372,6148,3572,-0.02978352,-0.04995611,-0.01815001,-0.02978352,-9869.9372,331389.1826,OK,0.0000,394.7975,4.0000,96.0000,AG03-UNRESOLVED,ALL5_LEVELS_bet23_to_bet27,394.7975,394.7975,394.7975,592.1962,592.1962,4.000000,4.000000,4.000000,6.000000,6.000000,96.000000,96.000000,96.000000,94.000000,94.000000,5.0,2368.7849,2154.0868,7501.1522,7715.8503,PENDING_AG03,FALSE,NOT_FOR_ENFORCEMENT,9475.1397,290431.1060,9869.9372,9475.1397,394.7975,0.02978352,0.02859218,394.7975,9475.1397,0.02859218,394.7975,394.7975,394.7975,592.1962,592.1962,9475.1397,0.02859218,2368.7849,2154.0868,7501.1522,7715.8503,0.02263548,0.02328335,0.00119134,53.9019,84.6955,2.7631,448.6335,33.5712,15063.1447,162.3636,47.6267,58.3345,10.3857,40.4073,83.0858,124.6287,155.7859,183.9513,20.7715,-10.2195,3.855389,4.552426,1.333965,18,97,34,8,0.36576351,0.02978352,0.04995611,0E-8,0.000000,0.912922,0.000000,-0.03180610,2026-06-13,2026-08-02,22,294,143,51,0.431373,0.816443,0.883581,1.219212,,,,,,,,GLOBAL_BASELINE_NO_ENTITY_RANKING,,,NOT_APPLICABLE_GLOBAL_BASELINE,HF9g-P5,,,,X 全窗基线 · 不参与实体赏罚,15051539,1506,A168_HF9F_20260827_0900,2026-08-27 09:00:00
2026-07-27,151416945,2267,0,1636.9619425255,285.3493030291,285.3493030291,0.6923077,22,13,0.47908811756741896,0.367485452564,1.5388947467779603,2.42919342933241,1.5388947467779603,0.11160266500341896,ELIGIBLE,R03b_20260811_FULL_v1,L1_ELIGIBILITY,v2026-08-11,2026-03-21..2026-08-06,baccarat_bet02_101_all_pairs_incl_sentinel,round_win = game_pnl > 0 (decisive only),COMPATIBILITY_ONLY_NOT_PRODUCTION,331389.1826,302532.4021,9869.9372,6148,3572,-0.02978352,-0.04995611,-0.01815001,-0.02978352,-9869.9372,331389.1826,OK,0.0000,394.7975,4.0000,96.0000,AG03-UNRESOLVED,ALL5_LEVELS_bet23_to_bet27,394.7975,394.7975,394.7975,592.1962,592.1962,4.000000,4.000000,4.000000,6.000000,6.000000,96.000000,96.000000,96.000000,94.000000,94.000000,5.0,2368.7849,2154.0868,7501.1522,7715.8503,PENDING_AG03,FALSE,NOT_FOR_ENFORCEMENT,9475.1397,290431.1060,9869.9372,9475.1397,394.7975,0.02978352,0.02859218,394.7975,9475.1397,0.02859218,394.7975,394.7975,394.7975,592.1962,592.1962,9475.1397,0.02859218,2368.7849,2154.0868,7501.1522,7715.8503,0.02263548,0.02328335,0.00119134,53.9019,84.6955,2.7631,448.6335,33.5712,15063.1447,162.3636,47.6267,58.3345,10.3857,40.4073,83.0858,124.6287,155.7859,183.9513,20.7715,-10.2195,3.855389,4.552426,1.333965,18,97,34,8,0.36576351,0.02978352,0.04995611,0E-8,0.000000,0.912922,0.000000,-0.03180610,2026-06-13,2026-08-02,22,294,143,51,0.431373,0.816443,0.883581,1.219212,,,,,,,,GLOBAL_BASELINE_NO_ENTITY_RANKING,,,NOT_APPLICABLE_GLOBAL_BASELINE,HF9g-P5,,,,X 全窗基线 · 不参与实体赏罚,15051540,1506,A168_HF9F_20260827_0900,2026-08-27 09:00:00
2026-07-27,151416945,789,0,551.8538200548,-265.7073948412,-265.7073948412,0.2727273,14,11,0.47774531948051948,0.443759750000,-1.3612849505408982,-1.141746710107731,-1.3612849505408982,0.03398556948051948,ELIGIBLE,R03b_20260811_FULL_v1,L1_ELIGIBILITY,v2026-08-11,2026-03-21..2026-08-06,baccarat_bet02_101_all_pairs_incl_sentinel,round_win = game_pnl > 0 (decisive only),COMPATIBILITY_ONLY_NOT_PRODUCTION,331389.1826,302532.4021,9869.9372,6148,3572,-0.02978352,-0.04995611,-0.01815001,-0.02978352,-9869.9372,331389.1826,OK,0.0000,394.7975,4.0000,96.0000,AG03-UNRESOLVED,ALL5_LEVELS_bet23_to_bet27,394.7975,394.7975,394.7975,592.1962,592.1962,4.000000,4.000000,4.000000,6.000000,6.000000,96.000000,96.000000,96.000000,94.000000,94.000000,5.0,2368.7849,2154.0868,7501.1522,7715.8503,PENDING_AG03,FALSE,NOT_FOR_ENFORCEMENT,9475.1397,290431.1060,9869.9372,9475.1397,394.7975,0.02978352,0.02859218,394.7975,9475.1397,0.02859218,394.7975,394.7975,394.7975,592.1962,592.1962,9475.1397,0.02859218,2368.7849,2154.0868,7501.1522,7715.8503,0.02263548,0.02328335,0.00119134,53.9019,84.6955,2.7631,448.6335,33.5712,15063.1447,162.3636,47.6267,58.3345,10.3857,40.4073,83.0858,124.6287,155.7859,183.9513,20.7715,-10.2195,3.855389,4.552426,1.333965,18,97,34,8,0.36576351,0.02978352,0.04995611,0E-8,0.000000,0.912922,0.000000,-0.03180610,2026-06-13,2026-08-02,22,294,143,51,0.431373,0.816443,0.883581,1.219212,,,,,,,,GLOBAL_BASELINE_NO_ENTITY_RANKING,,,NOT_APPLICABLE_GLOBAL_BASELINE,HF9g-P5,,,,X 全窗基线 · 不参与实体赏罚,15051541,1506,A168_HF9F_20260827_0900,2026-08-27 09:00:00
2026-07-27,151416945,987,0,2818.5422883542,499.7342926050,499.7342926050,0.6666667,81,25,0.43476701270577502,0.276046029905,2.2917312089887654,4.280697851520702,2.2917312089887654,0.15872098280077502,ELIGIBLE,R03b_20260811_FULL_v1,L1_ELIGIBILITY,v2026-08-11,2026-03-21..2026-08-06,baccarat_bet02_101_all_pairs_incl_sentinel,round_win = game_pnl > 0 (decisive only),COMPATIBILITY_ONLY_NOT_PRODUCTION,331389.1826,302532.4021,9869.9372,6148,3572,-0.02978352,-0.04995611,-0.01815001,-0.02978352,-9869.9372,331389.1826,OK,0.0000,394.7975,4.0000,96.0000,AG03-UNRESOLVED,ALL5_LEVELS_bet23_to_bet27,394.7975,394.7975,394.7975,592.1962,592.1962,4.000000,4.000000,4.000000,6.000000,6.000000,96.000000,96.000000,96.000000,94.000000,94.000000,5.0,2368.7849,2154.0868,7501.1522,7715.8503,PENDING_AG03,FALSE,NOT_FOR_ENFORCEMENT,9475.1397,290431.1060,9869.9372,9475.1397,394.7975,0.02978352,0.02859218,394.7975,9475.1397,0.02859218,394.7975,394.7975,394.7975,592.1962,592.1962,9475.1397,0.02859218,2368.7849,2154.0868,7501.1522,7715.8503,0.02263548,0.02328335,0.00119134,53.9019,84.6955,2.7631,448.6335,33.5712,15063.1447,162.3636,47.6267,58.3345,10.3857,40.4073,83.0858,124.6287,155.7859,183.9513,20.7715,-10.2195,3.855389,4.552426,1.333965,18,97,34,8,0.36576351,0.02978352,0.04995611,0E-8,0.000000,0.912922,0.000000,-0.03180610,2026-06-13,2026-08-02,22,294,143,51,0.431373,0.816443,0.883581,1.219212,,,,,,,,GLOBAL_BASELINE_NO_ENTITY_RANKING,,,NOT_APPLICABLE_GLOBAL_BASELINE,HF9g-P5,,,,X 全窗基线 · 不参与实体赏罚,15051542,1506,A168_HF9F_20260827_0900,2026-08-27 09:00:00
2026-07-28,151416945,1004,0,2207.4152802192,490.5367289376,490.5367289376,0.7142857,28,14,0.46181993147444292,0.293924150000,1.8948132038569745,3.452579623777104,1.8948132038569745,0.16789578147444292,ELIGIBLE,R03b_20260811_FULL_v1,L1_ELIGIBILITY,v2026-08-11,2026-03-21..2026-08-06,baccarat_bet02_101_all_pairs_incl_sentinel,round_win = game_pnl > 0 (decisive only),COMPATIBILITY_ONLY_NOT_PRODUCTION,331389.1826,302532.4021,9869.9372,6148,3572,-0.02978352,-0.04995611,-0.01815001,-0.02978352,-9869.9372,331389.1826,OK,0.0000,394.7975,4.0000,96.0000,AG03-UNRESOLVED,ALL5_LEVELS_bet23_to_bet27,394.7975,394.7975,394.7975,592.1962,592.1962,4.000000,4.000000,4.000000,6.000000,6.000000,96.000000,96.000000,96.000000,94.000000,94.000000,5.0,2368.7849,2154.0868,7501.1522,7715.8503,PENDING_AG03,FALSE,NOT_FOR_ENFORCEMENT,9475.1397,290431.1060,9869.9372,9475.1397,394.7975,0.02978352,0.02859218,394.7975,9475.1397,0.02859218,394.7975,394.7975,394.7975,592.1962,592.1962,9475.1397,0.02859218,2368.7849,2154.0868,7501.1522,7715.8503,0.02263548,0.02328335,0.00119134,53.9019,84.6955,2.7631,448.6335,33.5712,15063.1447,162.3636,47.6267,58.3345,10.3857,40.4073,83.0858,124.6287,155.7859,183.9513,20.7715,-10.2195,3.855389,4.552426,1.333965,18,97,34,8,0.36576351,0.02978352,0.04995611,0E-8,0.000000,0.912922,0.000000,-0.03180610,2026-06-13,2026-08-02,22,294,143,51,0.431373,0.816443,0.883581,1.219212,,,,,,,,GLOBAL_BASELINE_NO_ENTITY_RANKING,,,NOT_APPLICABLE_GLOBAL_BASELINE,HF9g-P5,,,,X 全窗基线 · 不参与实体赏罚,15051543,1506,A168_HF9F_20260827_0900,2026-08-27 09:00:00
2026-07-28,151416945,1017,0,218.6976249847,-121.4487184728,-121.4487184728,0.2500000,5,4,0.38605018571428572,0.350457087500,-0.5589086300820958,-0.421103867937736,-0.5589086300820958,0.03559309821428572,ELIGIBLE,R03b_20260811_FULL_v1,L1_ELIGIBILITY,v2026-08-11,2026-03-21..2026-08-06,baccarat_bet02_101_all_pairs_incl_sentinel,round_win = game_pnl > 0 (decisive only),COMPATIBILITY_ONLY_NOT_PRODUCTION,331389.1826,302532.4021,9869.9372,6148,3572,-0.02978352,-0.04995611,-0.01815001,-0.02978352,-9869.9372,331389.1826,OK,0.0000,394.7975,4.0000,96.0000,AG03-UNRESOLVED,ALL5_LEVELS_bet23_to_bet27,394.7975,394.7975,394.7975,592.1962,592.1962,4.000000,4.000000,4.000000,6.000000,6.000000,96.000000,96.000000,96.000000,94.000000,94.000000,5.0,2368.7849,2154.0868,7501.1522,7715.8503,PENDING_AG03,FALSE,NOT_FOR_ENFORCEMENT,9475.1397,290431.1060,9869.9372,9475.1397,394.7975,0.02978352,0.02859218,394.7975,9475.1397,0.02859218,394.7975,394.7975,394.7975,592.1962,592.1962,9475.1397,0.02859218,2368.7849,2154.0868,7501.1522,7715.8503,0.02263548,0.02328335,0.00119134,53.9019,84.6955,2.7631,448.6335,33.5712,15063.1447,162.3636,47.6267,58.3345,10.3857,40.4073,83.0858,124.6287,155.7859,183.9513,20.7715,-10.2195,3.855389,4.552426,1.333965,18,97,34,8,0.36576351,0.02978352,0.04995611,0E-8,0.000000,0.912922,0.000000,-0.03180610,2026-06-13,2026-08-02,22,294,143,51,0.431373,0.816443,0.883581,1.219212,,,,,,,,GLOBAL_BASELINE_NO_ENTITY_RANKING,,,NOT_APPLICABLE_GLOBAL_BASELINE,HF9g-P5,,,,X 全窗基线 · 不参与实体赏罚,15051544,1506,A168_HF9F_20260827_0900,2026-08-27 09:00:00
2026-07-28,151416945,1094,0,1033.8061562360,-226.4644565262,-226.4644565262,0.3076923,20,14,0.47897475697060422,0.411173364286,-1.2362287671752403,-0.7582742711687235,-1.2362287671752403,0.06780139268460422,ELIGIBLE,R03b_20260811_FULL_v1,L1_ELIGIBILITY,v2026-08-11,2026-03-21..2026-08-06,baccarat_bet02_101_all_pairs_incl_sentinel,round_win = game_pnl > 0 (decisive only),COMPATIBILITY_ONLY_NOT_PRODUCTION,331389.1826,302532.4021,9869.9372,6148,3572,-0.02978352,-0.04995611,-0.01815001,-0.02978352,-9869.9372,331389.1826,OK,0.0000,394.7975,4.0000,96.0000,AG03-UNRESOLVED,ALL5_LEVELS_bet23_to_bet27,394.7975,394.7975,394.7975,592.1962,592.1962,4.000000,4.000000,4.000000,6.000000,6.000000,96.000000,96.000000,96.000000,94.000000,94.000000,5.0,2368.7849,2154.0868,7501.1522,7715.8503,PENDING_AG03,FALSE,NOT_FOR_ENFORCEMENT,9475.1397,290431.1060,9869.9372,9475.1397,394.7975,0.02978352,0.02859218,394.7975,9475.1397,0.02859218,394.7975,394.7975,394.7975,592.1962,592.1962,9475.1397,0.02859218,2368.7849,2154.0868,7501.1522,7715.8503,0.02263548,0.02328335,0.00119134,53.9019,84.6955,2.7631,448.6335,33.5712,15063.1447,162.3636,47.6267,58.3345,10.3857,40.4073,83.0858,124.6287,155.7859,183.9513,20.7715,-10.2195,3.855389,4.552426,1.333965,18,97,34,8,0.36576351,0.02978352,0.04995611,0E-8,0.000000,0.912922,0.000000,-0.03180610,2026-06-13,2026-08-02,22,294,143,51,0.431373,0.816443,0.883581,1.219212,,,,,,,,GLOBAL_BASELINE_NO_ENTITY_RANKING,,,NOT_APPLICABLE_GLOBAL_BASELINE,HF9g-P5,,,,X 全窗基线 · 不参与实体赏罚,15051545,1506,A168_HF9F_20260827_0900,2026-08-27 09:00:00
2026-07-28,151416945,1151,0,20.4390303724,20.4390303724,20.4390303724,1.0000000,1,1,0.49324550000000000,0.493245500000,1.01360149184955,1.01360149184955,1.01360149184955,0E-17,ELIGIBLE,R03b_20260811_FULL_v1,L1_ELIGIBILITY,v2026-08-11,2026-03-21..2026-08-06,baccarat_bet02_101_all_pairs_incl_sentinel,round_win = game_pnl > 0 (decisive only),COMPATIBILITY_ONLY_NOT_PRODUCTION,331389.1826,302532.4021,9869.9372,6148,3572,-0.02978352,-0.04995611,-0.01815001,-0.02978352,-9869.9372,331389.1826,OK,0.0000,394.7975,4.0000,96.0000,AG03-UNRESOLVED,ALL5_LEVELS_bet23_to_bet27,394.7975,394.7975,394.7975,592.1962,592.1962,4.000000,4.000000,4.000000,6.000000,6.000000,96.000000,96.000000,96.000000,94.000000,94.000000,5.0,2368.7849,2154.0868,7501.1522,7715.8503,PENDING_AG03,FALSE,NOT_FOR_ENFORCEMENT,9475.1397,290431.1060,9869.9372,9475.1397,394.7975,0.02978352,0.02859218,394.7975,9475.1397,0.02859218,394.7975,394.7975,394.7975,592.1962,592.1962,9475.1397,0.02859218,2368.7849,2154.0868,7501.1522,7715.8503,0.02263548,0.02328335,0.00119134,53.9019,84.6955,2.7631,448.6335,33.5712,15063.1447,162.3636,47.6267,58.3345,10.3857,40.4073,83.0858,124.6287,155.7859,183.9513,20.7715,-10.2195,3.855389,4.552426,1.333965,18,97,34,8,0.36576351,0.02978352,0.04995611,0E-8,0.000000,0.912922,0.000000,-0.03180610,2026-06-13,2026-08-02,22,294,143,51,0.431373,0.816443,0.883581,1.219212,,,,,,,,GLOBAL_BASELINE_NO_ENTITY_RANKING,,,NOT_APPLICABLE_GLOBAL_BASELINE,HF9g-P5,,,,X 全窗基线 · 不参与实体赏罚,15051546,1506,A168_HF9F_20260827_0900,2026-08-27 09:00:00
2026-07-28,151416945,1623,0,4991.2112169399,419.0001226345,419.0001226345,0.5862069,62,29,0.44532035315368076,0.302325145690,1.526550322615693,3.328685800953206,1.526550322615693,0.14299520746368076,ELIGIBLE,R03b_20260811_FULL_v1,L1_ELIGIBILITY,v2026-08-11,2026-03-21..2026-08-06,baccarat_bet02_101_all_pairs_incl_sentinel,round_win = game_pnl > 0 (decisive only),COMPATIBILITY_ONLY_NOT_PRODUCTION,331389.1826,302532.4021,9869.9372,6148,3572,-0.02978352,-0.04995611,-0.01815001,-0.02978352,-9869.9372,331389.1826,OK,0.0000,394.7975,4.0000,96.0000,AG03-UNRESOLVED,ALL5_LEVELS_bet23_to_bet27,394.7975,394.7975,394.7975,592.1962,592.1962,4.000000,4.000000,4.000000,6.000000,6.000000,96.000000,96.000000,96.000000,94.000000,94.000000,5.0,2368.7849,2154.0868,7501.1522,7715.8503,PENDING_AG03,FALSE,NOT_FOR_ENFORCEMENT,9475.1397,290431.1060,9869.9372,9475.1397,394.7975,0.02978352,0.02859218,394.7975,9475.1397,0.02859218,394.7975,394.7975,394.7975,592.1962,592.1962,9475.1397,0.02859218,2368.7849,2154.0868,7501.1522,7715.8503,0.02263548,0.02328335,0.00119134,53.9019,84.6955,2.7631,448.6335,33.5712,15063.1447,162.3636,47.6267,58.3345,10.3857,40.4073,83.0858,124.6287,155.7859,183.9513,20.7715,-10.2195,3.855389,4.552426,1.333965,18,97,34,8,0.36576351,0.02978352,0.04995611,0E-8,0.000000,0.912922,0.000000,-0.03180610,2026-06-13,2026-08-02,22,294,143,51,0.431373,0.816443,0.883581,1.219212,,,,,,,,GLOBAL_BASELINE_NO_ENTITY_RANKING,,,NOT_APPLICABLE_GLOBAL_BASELINE,HF9g-P5,,,,X 全窗基线 · 不参与实体赏罚,15051547,1506,A168_HF9F_20260827_0900,2026-08-27 09:00:00
2026-07-28,151416945,1654,0,960.6344275028,-265.7073948412,-265.7073948412,0.3333333,11,7,0.46791779702380952,0.385092671429,-0.6606879790964214,-0.2605414811009416,-0.6606879790964214,0.08282512559480952,ELIGIBLE,R03b_20260811_FULL_v1,L1_ELIGIBILITY,v2026-08-11,2026-03-21..2026-08-06,baccarat_bet02_101_all_pairs_incl_sentinel,round_win = game_pnl > 0 (decisive only),COMPATIBILITY_ONLY_NOT_PRODUCTION,331389.1826,302532.4021,9869.9372,6148,3572,-0.02978352,-0.04995611,-0.01815001,-0.02978352,-9869.9372,331389.1826,OK,0.0000,394.7975,4.0000,96.0000,AG03-UNRESOLVED,ALL5_LEVELS_bet23_to_bet27,394.7975,394.7975,394.7975,592.1962,592.1962,4.000000,4.000000,4.000000,6.000000,6.000000,96.000000,96.000000,96.000000,94.000000,94.000000,5.0,2368.7849,2154.0868,7501.1522,7715.8503,PENDING_AG03,FALSE,NOT_FOR_ENFORCEMENT,9475.1397,290431.1060,9869.9372,9475.1397,394.7975,0.02978352,0.02859218,394.7975,9475.1397,0.02859218,394.7975,394.7975,394.7975,592.1962,592.1962,9475.1397,0.02859218,2368.7849,2154.0868,7501.1522,7715.8503,0.02263548,0.02328335,0.00119134,53.9019,84.6955,2.7631,448.6335,33.5712,15063.1447,162.3636,47.6267,58.3345,10.3857,40.4073,83.0858,124.6287,155.7859,183.9513,20.7715,-10.2195,3.855389,4.552426,1.333965,18,97,34,8,0.36576351,0.02978352,0.04995611,0E-8,0.000000,0.912922,0.000000,-0.03180610,2026-06-13,2026-08-02,22,294,143,51,0.431373,0.816443,0.883581,1.219212,,,,,,,,GLOBAL_BASELINE_NO_ENTITY_RANKING,,,NOT_APPLICABLE_GLOBAL_BASELINE,HF9g-P5,,,,X 全窗基线 · 不参与实体赏罚,15051548,1506,A168_HF9F_20260827_0900,2026-08-27 09:00:00
2026-07-28,151416945,2106,0,1001.5124882476,-271.3281281936,-271.3281281936,0.4285714,12,7,0.47065236112244898,0.356618192857,-0.22305592539497826,0.397432348660901,-0.22305592539497826,0.11403416826544898,ELIGIBLE,R03b_20260811_FULL_v1,L1_ELIGIBILITY,v2026-08-11,2026-03-21..2026-08-06,baccarat_bet02_101_all_pairs_incl_sentinel,round_win = game_pnl > 0 (decisive only),COMPATIBILITY_ONLY_NOT_PRODUCTION,331389.1826,302532.4021,9869.9372,6148,3572,-0.02978352,-0.04995611,-0.01815001,-0.02978352,-9869.9372,331389.1826,OK,0.0000,394.7975,4.0000,96.0000,AG03-UNRESOLVED,ALL5_LEVELS_bet23_to_bet27,394.7975,394.7975,394.7975,592.1962,592.1962,4.000000,4.000000,4.000000,6.000000,6.000000,96.000000,96.000000,96.000000,94.000000,94.000000,5.0,2368.7849,2154.0868,7501.1522,7715.8503,PENDING_AG03,FALSE,NOT_FOR_ENFORCEMENT,9475.1397,290431.1060,9869.9372,9475.1397,394.7975,0.02978352,0.02859218,394.7975,9475.1397,0.02859218,394.7975,394.7975,394.7975,592.1962,592.1962,9475.1397,0.02859218,2368.7849,2154.0868,7501.1522,7715.8503,0.02263548,0.02328335,0.00119134,53.9019,84.6955,2.7631,448.6335,33.5712,15063.1447,162.3636,47.6267,58.3345,10.3857,40.4073,83.0858,124.6287,155.7859,183.9513,20.7715,-10.2195,3.855389,4.552426,1.333965,18,97,34,8,0.36576351,0.02978352,0.04995611,0E-8,0.000000,0.912922,0.000000,-0.03180610,2026-06-13,2026-08-02,22,294,143,51,0.431373,0.816443,0.883581,1.219212,,,,,,,,GLOBAL_BASELINE_NO_ENTITY_RANKING,,,NOT_APPLICABLE_GLOBAL_BASELINE,HF9g-P5,,,,X 全窗基线 · 不参与实体赏罚,15051549,1506,A168_HF9F_20260827_0900,2026-08-27 09:00:00
2026-07-28,151416945,2134,0,715.3660630340,-378.1220618894,-378.1220618894,0.2142857,23,17,0.47267076525210084,0.427233764706,-1.9364714839105504,-1.6107057090785402,-1.9364714839105504,0.04543700054610084,ELIGIBLE,R03b_20260811_FULL_v1,L1_ELIGIBILITY,v2026-08-11,2026-03-21..2026-08-06,baccarat_bet02_101_all_pairs_incl_sentinel,round_win = game_pnl > 0 (decisive only),COMPATIBILITY_ONLY_NOT_PRODUCTION,331389.1826,302532.4021,9869.9372,6148,3572,-0.02978352,-0.04995611,-0.01815001,-0.02978352,-9869.9372,331389.1826,OK,0.0000,394.7975,4.0000,96.0000,AG03-UNRESOLVED,ALL5_LEVELS_bet23_to_bet27,394.7975,394.7975,394.7975,592.1962,592.1962,4.000000,4.000000,4.000000,6.000000,6.000000,96.000000,96.000000,96.000000,94.000000,94.000000,5.0,2368.7849,2154.0868,7501.1522,7715.8503,PENDING_AG03,FALSE,NOT_FOR_ENFORCEMENT,9475.1397,290431.1060,9869.9372,9475.1397,394.7975,0.02978352,0.02859218,394.7975,9475.1397,0.02859218,394.7975,394.7975,394.7975,592.1962,592.1962,9475.1397,0.02859218,2368.7849,2154.0868,7501.1522,7715.8503,0.02263548,0.02328335,0.00119134,53.9019,84.6955,2.7631,448.6335,33.5712,15063.1447,162.3636,47.6267,58.3345,10.3857,40.4073,83.0858,124.6287,155.7859,183.9513,20.7715,-10.2195,3.855389,4.552426,1.333965,18,97,34,8,0.36576351,0.02978352,0.04995611,0E-8,0.000000,0.912922,0.000000,-0.03180610,2026-06-13,2026-08-02,22,294,143,51,0.431373,0.816443,0.883581,1.219212,,,,,,,,GLOBAL_BASELINE_NO_ENTITY_RANKING,,,NOT_APPLICABLE_GLOBAL_BASELINE,HF9g-P5,,,,X 全窗基线 · 不参与实体赏罚,15051550,1506,A168_HF9F_20260827_0900,2026-08-27 09:00:00
2026-07-28,151416945,752,0,1576.8711932306,-685.7805665699,-685.7805665699,0.4000000,19,10,0.46972182045167163,0.337809980000,-0.4417702562367746,0.41580828935956593,-0.4417702562367746,0.13191184045167163,ELIGIBLE,R03b_20260811_FULL_v1,L1_ELIGIBILITY,v2026-08-11,2026-03-21..2026-08-06,baccarat_bet02_101_all_pairs_incl_sentinel,round_win = game_pnl > 0 (decisive only),COMPATIBILITY_ONLY_NOT_PRODUCTION,331389.1826,302532.4021,9869.9372,6148,3572,-0.02978352,-0.04995611,-0.01815001,-0.02978352,-9869.9372,331389.1826,OK,0.0000,394.7975,4.0000,96.0000,AG03-UNRESOLVED,ALL5_LEVELS_bet23_to_bet27,394.7975,394.7975,394.7975,592.1962,592.1962,4.000000,4.000000,4.000000,6.000000,6.000000,96.000000,96.000000,96.000000,94.000000,94.000000,5.0,2368.7849,2154.0868,7501.1522,7715.8503,PENDING_AG03,FALSE,NOT_FOR_ENFORCEMENT,9475.1397,290431.1060,9869.9372,9475.1397,394.7975,0.02978352,0.02859218,394.7975,9475.1397,0.02859218,394.7975,394.7975,394.7975,592.1962,592.1962,9475.1397,0.02859218,2368.7849,2154.0868,7501.1522,7715.8503,0.02263548,0.02328335,0.00119134,53.9019,84.6955,2.7631,448.6335,33.5712,15063.1447,162.3636,47.6267,58.3345,10.3857,40.4073,83.0858,124.6287,155.7859,183.9513,20.7715,-10.2195,3.855389,4.552426,1.333965,18,97,34,8,0.36576351,0.02978352,0.04995611,0E-8,0.000000,0.912922,0.000000,-0.03180610,2026-06-13,2026-08-02,22,294,143,51,0.431373,0.816443,0.883581,1.219212,,,,,,,,GLOBAL_BASELINE_NO_ENTITY_RANKING,,,NOT_APPLICABLE_GLOBAL_BASELINE,HF9g-P5,,,,X 全窗基线 · 不参与实体赏罚,15051551,1506,A168_HF9F_20260827_0900,2026-08-27 09:00:00
2026-07-28,151416945,763,0,1976.4542370111,-401.6269468177,-401.6269468177,0.5000000,24,12,0.46743237283552626,0.306058011111,0.22611530811186792,1.4578035683800923,0.22611530811186792,0.16137436172452626,ELIGIBLE,R03b_20260811_FULL_v1,L1_ELIGIBILITY,v2026-08-11,2026-03-21..2026-08-06,baccarat_bet02_101_all_pairs_incl_sentinel,round_win = game_pnl > 0 (decisive only),COMPATIBILITY_ONLY_NOT_PRODUCTION,331389.1826,302532.4021,9869.9372,6148,3572,-0.02978352,-0.04995611,-0.01815001,-0.02978352,-9869.9372,331389.1826,OK,0.0000,394.7975,4.0000,96.0000,AG03-UNRESOLVED,ALL5_LEVELS_bet23_to_bet27,394.7975,394.7975,394.7975,592.1962,592.1962,4.000000,4.000000,4.000000,6.000000,6.000000,96.000000,96.000000,96.000000,94.000000,94.000000,5.0,2368.7849,2154.0868,7501.1522,7715.8503,PENDING_AG03,FALSE,NOT_FOR_ENFORCEMENT,9475.1397,290431.1060,9869.9372,9475.1397,394.7975,0.02978352,0.02859218,394.7975,9475.1397,0.02859218,394.7975,394.7975,394.7975,592.1962,592.1962,9475.1397,0.02859218,2368.7849,2154.0868,7501.1522,7715.8503,0.02263548,0.02328335,0.00119134,53.9019,84.6955,2.7631,448.6335,33.5712,15063.1447,162.3636,47.6267,58.3345,10.3857,40.4073,83.0858,124.6287,155.7859,183.9513,20.7715,-10.2195,3.855389,4.552426,1.333965,18,97,34,8,0.36576351,0.02978352,0.04995611,0E-8,0.000000,0.912922,0.000000,-0.03180610,2026-06-13,2026-08-02,22,294,143,51,0.431373,0.816443,0.883581,1.219212,,,,,,,,GLOBAL_BASELINE_NO_ENTITY_RANKING,,,NOT_APPLICABLE_GLOBAL_BASELINE,HF9g-P5,,,,X 全窗基线 · 不参与实体赏罚,15051552,1506,A168_HF9F_20260827_0900,2026-08-27 09:00:00
2026-07-28,151416945,987,0,1870.1712790746,-398.5610922618,-398.5610922618,0.5000000,23,12,0.46534506552907060,0.312768462500,0.24067520963583744,1.3989642241685936,0.24067520963583744,0.15257660302907060,ELIGIBLE,R03b_20260811_FULL_v1,L1_ELIGIBILITY,v2026-08-11,2026-03-21..2026-08-06,baccarat_bet02_101_all_pairs_incl_sentinel,round_win = game_pnl > 0 (decisive only),COMPATIBILITY_ONLY_NOT_PRODUCTION,331389.1826,302532.4021,9869.9372,6148,3572,-0.02978352,-0.04995611,-0.01815001,-0.02978352,-9869.9372,331389.1826,OK,0.0000,394.7975,4.0000,96.0000,AG03-UNRESOLVED,ALL5_LEVELS_bet23_to_bet27,394.7975,394.7975,394.7975,592.1962,592.1962,4.000000,4.000000,4.000000,6.000000,6.000000,96.000000,96.000000,96.000000,94.000000,94.000000,5.0,2368.7849,2154.0868,7501.1522,7715.8503,PENDING_AG03,FALSE,NOT_FOR_ENFORCEMENT,9475.1397,290431.1060,9869.9372,9475.1397,394.7975,0.02978352,0.02859218,394.7975,9475.1397,0.02859218,394.7975,394.7975,394.7975,592.1962,592.1962,9475.1397,0.02859218,2368.7849,2154.0868,7501.1522,7715.8503,0.02263548,0.02328335,0.00119134,53.9019,84.6955,2.7631,448.6335,33.5712,15063.1447,162.3636,47.6267,58.3345,10.3857,40.4073,83.0858,124.6287,155.7859,183.9513,20.7715,-10.2195,3.855389,4.552426,1.333965,18,97,34,8,0.36576351,0.02978352,0.04995611,0E-8,0.000000,0.912922,0.000000,-0.03180610,2026-06-13,2026-08-02,22,294,143,51,0.431373,0.816443,0.883581,1.219212,,,,,,,,GLOBAL_BASELINE_NO_ENTITY_RANKING,,,NOT_APPLICABLE_GLOBAL_BASELINE,HF9g-P5,,,,X 全窗基线 · 不参与实体赏罚,15051553,1506,A168_HF9F_20260827_0900,2026-08-27 09:00:00
2026-07-29,151416945,1004,0,114.4585700854,-114.4585700854,-114.4585700854,0E-7,4,4,0.49659680000000000,0.496596800000,-1.9864332133590707,-1.986433213359071,-1.9864332133590707,0E-17,ELIGIBLE,R03b_20260811_FULL_v1,L1_ELIGIBILITY,v2026-08-11,2026-03-21..2026-08-06,baccarat_bet02_101_all_pairs_incl_sentinel,round_win = game_pnl > 0 (decisive only),COMPATIBILITY_ONLY_NOT_PRODUCTION,331389.1826,302532.4021,9869.9372,6148,3572,-0.02978352,-0.04995611,-0.01815001,-0.02978352,-9869.9372,331389.1826,OK,0.0000,394.7975,4.0000,96.0000,AG03-UNRESOLVED,ALL5_LEVELS_bet23_to_bet27,394.7975,394.7975,394.7975,592.1962,592.1962,4.000000,4.000000,4.000000,6.000000,6.000000,96.000000,96.000000,96.000000,94.000000,94.000000,5.0,2368.7849,2154.0868,7501.1522,7715.8503,PENDING_AG03,FALSE,NOT_FOR_ENFORCEMENT,9475.1397,290431.1060,9869.9372,9475.1397,394.7975,0.02978352,0.02859218,394.7975,9475.1397,0.02859218,394.7975,394.7975,394.7975,592.1962,592.1962,9475.1397,0.02859218,2368.7849,2154.0868,7501.1522,7715.8503,0.02263548,0.02328335,0.00119134,53.9019,84.6955,2.7631,448.6335,33.5712,15063.1447,162.3636,47.6267,58.3345,10.3857,40.4073,83.0858,124.6287,155.7859,183.9513,20.7715,-10.2195,3.855389,4.552426,1.333965,18,97,34,8,0.36576351,0.02978352,0.04995611,0E-8,0.000000,0.912922,0.000000,-0.03180610,2026-06-13,2026-08-02,22,294,143,51,0.431373,0.816443,0.883581,1.219212,,,,,,,,GLOBAL_BASELINE_NO_ENTITY_RANKING,,,NOT_APPLICABLE_GLOBAL_BASELINE,HF9g-P5,,,,X 全窗基线 · 不参与实体赏罚,15051554,1506,A168_HF9F_20260827_0900,2026-08-27 09:00:00
2026-07-29,151416945,1363,0,61.3170911172,19.4170788538,19.4170788538,0.6666667,3,3,0.49771390000000000,0.497713900000,0.5852756695216578,0.5852756695216578,0.5852756695216578,0E-17,ELIGIBLE,R03b_20260811_FULL_v1,L1_ELIGIBILITY,v2026-08-11,2026-03-21..2026-08-06,baccarat_bet02_101_all_pairs_incl_sentinel,round_win = game_pnl > 0 (decisive only),COMPATIBILITY_ONLY_NOT_PRODUCTION,331389.1826,302532.4021,9869.9372,6148,3572,-0.02978352,-0.04995611,-0.01815001,-0.02978352,-9869.9372,331389.1826,OK,0.0000,394.7975,4.0000,96.0000,AG03-UNRESOLVED,ALL5_LEVELS_bet23_to_bet27,394.7975,394.7975,394.7975,592.1962,592.1962,4.000000,4.000000,4.000000,6.000000,6.000000,96.000000,96.000000,96.000000,94.000000,94.000000,5.0,2368.7849,2154.0868,7501.1522,7715.8503,PENDING_AG03,FALSE,NOT_FOR_ENFORCEMENT,9475.1397,290431.1060,9869.9372,9475.1397,394.7975,0.02978352,0.02859218,394.7975,9475.1397,0.02859218,394.7975,394.7975,394.7975,592.1962,592.1962,9475.1397,0.02859218,2368.7849,2154.0868,7501.1522,7715.8503,0.02263548,0.02328335,0.00119134,53.9019,84.6955,2.7631,448.6335,33.5712,15063.1447,162.3636,47.6267,58.3345,10.3857,40.4073,83.0858,124.6287,155.7859,183.9513,20.7715,-10.2195,3.855389,4.552426,1.333965,18,97,34,8,0.36576351,0.02978352,0.04995611,0E-8,0.000000,0.912922,0.000000,-0.03180610,2026-06-13,2026-08-02,22,294,143,51,0.431373,0.816443,0.883581,1.219212,,,,,,,,GLOBAL_BASELINE_NO_ENTITY_RANKING,,,NOT_APPLICABLE_GLOBAL_BASELINE,HF9g-P5,,,,X 全窗基线 · 不参与实体赏罚,15051555,1506,A168_HF9F_20260827_0900,2026-08-27 09:00:00
2026-07-29,151416945,1485,0,30.6585455586,29.1256182807,29.1256182807,1.0000000,1,1,0.50665070000000000,0.506650700000,0.9867858985152569,0.9867858985152569,0.9867858985152569,0E-17,ELIGIBLE,R03b_20260811_FULL_v1,L1_ELIGIBILITY,v2026-08-11,2026-03-21..2026-08-06,baccarat_bet02_101_all_pairs_incl_sentinel,round_win = game_pnl > 0 (decisive only),COMPATIBILITY_ONLY_NOT_PRODUCTION,331389.1826,302532.4021,9869.9372,6148,3572,-0.02978352,-0.04995611,-0.01815001,-0.02978352,-9869.9372,331389.1826,OK,0.0000,394.7975,4.0000,96.0000,AG03-UNRESOLVED,ALL5_LEVELS_bet23_to_bet27,394.7975,394.7975,394.7975,592.1962,592.1962,4.000000,4.000000,4.000000,6.000000,6.000000,96.000000,96.000000,96.000000,94.000000,94.000000,5.0,2368.7849,2154.0868,7501.1522,7715.8503,PENDING_AG03,FALSE,NOT_FOR_ENFORCEMENT,9475.1397,290431.1060,9869.9372,9475.1397,394.7975,0.02978352,0.02859218,394.7975,9475.1397,0.02859218,394.7975,394.7975,394.7975,592.1962,592.1962,9475.1397,0.02859218,2368.7849,2154.0868,7501.1522,7715.8503,0.02263548,0.02328335,0.00119134,53.9019,84.6955,2.7631,448.6335,33.5712,15063.1447,162.3636,47.6267,58.3345,10.3857,40.4073,83.0858,124.6287,155.7859,183.9513,20.7715,-10.2195,3.855389,4.552426,1.333965,18,97,34,8,0.36576351,0.02978352,0.04995611,0E-8,0.000000,0.912922,0.000000,-0.03180610,2026-06-13,2026-08-02,22,294,143,51,0.431373,0.816443,0.883581,1.219212,,,,,,,,GLOBAL_BASELINE_NO_ENTITY_RANKING,,,NOT_APPLICABLE_GLOBAL_BASELINE,HF9g-P5,,,,X 全窗基线 · 不参与实体赏罚,15051556,1506,A168_HF9F_20260827_0900,2026-08-27 09:00:00
2026-07-29,151416945,1654,0,10.2195151862,-10.2195151862,-10.2195151862,0E-7,1,1,0.50665070000000000,0.506650700000,-1.013391052207602,-1.013391052207602,-1.013391052207602,0E-17,ELIGIBLE,R03b_20260811_FULL_v1,L1_ELIGIBILITY,v2026-08-11,2026-03-21..2026-08-06,baccarat_bet02_101_all_pairs_incl_sentinel,round_win = game_pnl > 0 (decisive only),COMPATIBILITY_ONLY_NOT_PRODUCTION,331389.1826,302532.4021,9869.9372,6148,3572,-0.02978352,-0.04995611,-0.01815001,-0.02978352,-9869.9372,331389.1826,OK,0.0000,394.7975,4.0000,96.0000,AG03-UNRESOLVED,ALL5_LEVELS_bet23_to_bet27,394.7975,394.7975,394.7975,592.1962,592.1962,4.000000,4.000000,4.000000,6.000000,6.000000,96.000000,96.000000,96.000000,94.000000,94.000000,5.0,2368.7849,2154.0868,7501.1522,7715.8503,PENDING_AG03,FALSE,NOT_FOR_ENFORCEMENT,9475.1397,290431.1060,9869.9372,9475.1397,394.7975,0.02978352,0.02859218,394.7975,9475.1397,0.02859218,394.7975,394.7975,394.7975,592.1962,592.1962,9475.1397,0.02859218,2368.7849,2154.0868,7501.1522,7715.8503,0.02263548,0.02328335,0.00119134,53.9019,84.6955,2.7631,448.6335,33.5712,15063.1447,162.3636,47.6267,58.3345,10.3857,40.4073,83.0858,124.6287,155.7859,183.9513,20.7715,-10.2195,3.855389,4.552426,1.333965,18,97,34,8,0.36576351,0.02978352,0.04995611,0E-8,0.000000,0.912922,0.000000,-0.03180610,2026-06-13,2026-08-02,22,294,143,51,0.431373,0.816443,0.883581,1.219212,,,,,,,,GLOBAL_BASELINE_NO_ENTITY_RANKING,,,NOT_APPLICABLE_GLOBAL_BASELINE,HF9g-P5,,,,X 全窗基线 · 不参与实体赏罚,15051557,1506,A168_HF9F_20260827_0900,2026-08-27 09:00:00
2026-07-29,151416945,1704,0,368.5157176145,57.6074071046,57.6074071046,0.6153846,18,13,0.48113026438433240,0.423286042308,0.9688120626641801,1.4018405225997572,0.9688120626641801,0.05784422207633240,ELIGIBLE,R03b_20260811_FULL_v1,L1_ELIGIBILITY,v2026-08-11,2026-03-21..2026-08-06,baccarat_bet02_101_all_pairs_incl_sentinel,round_win = game_pnl > 0 (decisive only),COMPATIBILITY_ONLY_NOT_PRODUCTION,331389.1826,302532.4021,9869.9372,6148,3572,-0.02978352,-0.04995611,-0.01815001,-0.02978352,-9869.9372,331389.1826,OK,0.0000,394.7975,4.0000,96.0000,AG03-UNRESOLVED,ALL5_LEVELS_bet23_to_bet27,394.7975,394.7975,394.7975,592.1962,592.1962,4.000000,4.000000,4.000000,6.000000,6.000000,96.000000,96.000000,96.000000,94.000000,94.000000,5.0,2368.7849,2154.0868,7501.1522,7715.8503,PENDING_AG03,FALSE,NOT_FOR_ENFORCEMENT,9475.1397,290431.1060,9869.9372,9475.1397,394.7975,0.02978352,0.02859218,394.7975,9475.1397,0.02859218,394.7975,394.7975,394.7975,592.1962,592.1962,9475.1397,0.02859218,2368.7849,2154.0868,7501.1522,7715.8503,0.02263548,0.02328335,0.00119134,53.9019,84.6955,2.7631,448.6335,33.5712,15063.1447,162.3636,47.6267,58.3345,10.3857,40.4073,83.0858,124.6287,155.7859,183.9513,20.7715,-10.2195,3.855389,4.552426,1.333965,18,97,34,8,0.36576351,0.02978352,0.04995611,0E-8,0.000000,0.912922,0.000000,-0.03180610,2026-06-13,2026-08-02,22,294,143,51,0.431373,0.816443,0.883581,1.219212,,,,,,,,GLOBAL_BASELINE_NO_ENTITY_RANKING,,,NOT_APPLICABLE_GLOBAL_BASELINE,HF9g-P5,,,,X 全窗基线 · 不参与实体赏罚,15051558,1506,A168_HF9F_20260827_0900,2026-08-27 09:00:00
2026-07-29,151416945,1942,0,543.0650369947,-145.0149204922,-145.0149204922,0.3529412,20,19,0.49011681184210526,0.484871513158,-1.1314003138897906,-1.0884237583672651,-1.1314003138897906,0.00524529868410526,ELIGIBLE,R03b_20260811_FULL_v1,L1_ELIGIBILITY,v2026-08-11,2026-03-21..2026-08-06,baccarat_bet02_101_all_pairs_incl_sentinel,round_win = game_pnl > 0 (decisive only),COMPATIBILITY_ONLY_NOT_PRODUCTION,331389.1826,302532.4021,9869.9372,6148,3572,-0.02978352,-0.04995611,-0.01815001,-0.02978352,-9869.9372,331389.1826,OK,0.0000,394.7975,4.0000,96.0000,AG03-UNRESOLVED,ALL5_LEVELS_bet23_to_bet27,394.7975,394.7975,394.7975,592.1962,592.1962,4.000000,4.000000,4.000000,6.000000,6.000000,96.000000,96.000000,96.000000,94.000000,94.000000,5.0,2368.7849,2154.0868,7501.1522,7715.8503,PENDING_AG03,FALSE,NOT_FOR_ENFORCEMENT,9475.1397,290431.1060,9869.9372,9475.1397,394.7975,0.02978352,0.02859218,394.7975,9475.1397,0.02859218,394.7975,394.7975,394.7975,592.1962,592.1962,9475.1397,0.02859218,2368.7849,2154.0868,7501.1522,7715.8503,0.02263548,0.02328335,0.00119134,53.9019,84.6955,2.7631,448.6335,33.5712,15063.1447,162.3636,47.6267,58.3345,10.3857,40.4073,83.0858,124.6287,155.7859,183.9513,20.7715,-10.2195,3.855389,4.552426,1.333965,18,97,34,8,0.36576351,0.02978352,0.04995611,0E-8,0.000000,0.912922,0.000000,-0.03180610,2026-06-13,2026-08-02,22,294,143,51,0.431373,0.816443,0.883581,1.219212,,,,,,,,GLOBAL_BASELINE_NO_ENTITY_RANKING,,,NOT_APPLICABLE_GLOBAL_BASELINE,HF9g-P5,,,,X 全窗基线 · 不参与实体赏罚,15051559,1506,A168_HF9F_20260827_0900,2026-08-27 09:00:00
2026-07-29,151416945,1985,0,480.3172137514,-59.0687977763,-59.0687977763,0.5000000,16,10,0.45336487116880883,0.379014770000,0.2962378036052652,0.788612491286757,0.2962378036052652,0.07435010116880883,ELIGIBLE,R03b_20260811_FULL_v1,L1_ELIGIBILITY,v2026-08-11,2026-03-21..2026-08-06,baccarat_bet02_101_all_pairs_incl_sentinel,round_win = game_pnl > 0 (decisive only),COMPATIBILITY_ONLY_NOT_PRODUCTION,331389.1826,302532.4021,9869.9372,6148,3572,-0.02978352,-0.04995611,-0.01815001,-0.02978352,-9869.9372,331389.1826,OK,0.0000,394.7975,4.0000,96.0000,AG03-UNRESOLVED,ALL5_LEVELS_bet23_to_bet27,394.7975,394.7975,394.7975,592.1962,592.1962,4.000000,4.000000,4.000000,6.000000,6.000000,96.000000,96.000000,96.000000,94.000000,94.000000,5.0,2368.7849,2154.0868,7501.1522,7715.8503,PENDING_AG03,FALSE,NOT_FOR_ENFORCEMENT,9475.1397,290431.1060,9869.9372,9475.1397,394.7975,0.02978352,0.02859218,394.7975,9475.1397,0.02859218,394.7975,394.7975,394.7975,592.1962,592.1962,9475.1397,0.02859218,2368.7849,2154.0868,7501.1522,7715.8503,0.02263548,0.02328335,0.00119134,53.9019,84.6955,2.7631,448.6335,33.5712,15063.1447,162.3636,47.6267,58.3345,10.3857,40.4073,83.0858,124.6287,155.7859,183.9513,20.7715,-10.2195,3.855389,4.552426,1.333965,18,97,34,8,0.36576351,0.02978352,0.04995611,0E-8,0.000000,0.912922,0.000000,-0.03180610,2026-06-13,2026-08-02,22,294,143,51,0.431373,0.816443,0.883581,1.219212,,,,,,,,GLOBAL_BASELINE_NO_ENTITY_RANKING,,,NOT_APPLICABLE_GLOBAL_BASELINE,HF9g-P5,,,,X 全窗基线 · 不参与实体赏罚,15051560,1506,A168_HF9F_20260827_0900,2026-08-27 09:00:00
2026-07-29,151416945,2101,0,227.6907983485,45.0271839104,45.0271839104,0.7000000,14,10,0.47117161938320486,0.420219560000,1.449649294023644,1.7924515983998044,1.449649294023644,0.05095205938320486,ELIGIBLE,R03b_20260811_FULL_v1,L1_ELIGIBILITY,v2026-08-11,2026-03-21..2026-08-06,baccarat_bet02_101_all_pairs_incl_sentinel,round_win = game_pnl > 0 (decisive only),COMPATIBILITY_ONLY_NOT_PRODUCTION,331389.1826,302532.4021,9869.9372,6148,3572,-0.02978352,-0.04995611,-0.01815001,-0.02978352,-9869.9372,331389.1826,OK,0.0000,394.7975,4.0000,96.0000,AG03-UNRESOLVED,ALL5_LEVELS_bet23_to_bet27,394.7975,394.7975,394.7975,592.1962,592.1962,4.000000,4.000000,4.000000,6.000000,6.000000,96.000000,96.000000,96.000000,94.000000,94.000000,5.0,2368.7849,2154.0868,7501.1522,7715.8503,PENDING_AG03,FALSE,NOT_FOR_ENFORCEMENT,9475.1397,290431.1060,9869.9372,9475.1397,394.7975,0.02978352,0.02859218,394.7975,9475.1397,0.02859218,394.7975,394.7975,394.7975,592.1962,592.1962,9475.1397,0.02859218,2368.7849,2154.0868,7501.1522,7715.8503,0.02263548,0.02328335,0.00119134,53.9019,84.6955,2.7631,448.6335,33.5712,15063.1447,162.3636,47.6267,58.3345,10.3857,40.4073,83.0858,124.6287,155.7859,183.9513,20.7715,-10.2195,3.855389,4.552426,1.333965,18,97,34,8,0.36576351,0.02978352,0.04995611,0E-8,0.000000,0.912922,0.000000,-0.03180610,2026-06-13,2026-08-02,22,294,143,51,0.431373,0.816443,0.883581,1.219212,,,,,,,,GLOBAL_BASELINE_NO_ENTITY_RANKING,,,NOT_APPLICABLE_GLOBAL_BASELINE,HF9g-P5,,,,X 全窗基线 · 不参与实体赏罚,15051561,1506,A168_HF9F_20260827_0900,2026-08-27 09:00:00
2026-07-29,151416945,2108,0,61.3170911172,-61.3170911172,-61.3170911172,0E-7,2,2,0.49994810000000000,0.499948100000,-1.4140667746232096,-1.4140667746232096,-1.4140667746232096,0E-17,ELIGIBLE,R03b_20260811_FULL_v1,L1_ELIGIBILITY,v2026-08-11,2026-03-21..2026-08-06,baccarat_bet02_101_all_pairs_incl_sentinel,round_win = game_pnl > 0 (decisive only),COMPATIBILITY_ONLY_NOT_PRODUCTION,331389.1826,302532.4021,9869.9372,6148,3572,-0.02978352,-0.04995611,-0.01815001,-0.02978352,-9869.9372,331389.1826,OK,0.0000,394.7975,4.0000,96.0000,AG03-UNRESOLVED,ALL5_LEVELS_bet23_to_bet27,394.7975,394.7975,394.7975,592.1962,592.1962,4.000000,4.000000,4.000000,6.000000,6.000000,96.000000,96.000000,96.000000,94.000000,94.000000,5.0,2368.7849,2154.0868,7501.1522,7715.8503,PENDING_AG03,FALSE,NOT_FOR_ENFORCEMENT,9475.1397,290431.1060,9869.9372,9475.1397,394.7975,0.02978352,0.02859218,394.7975,9475.1397,0.02859218,394.7975,394.7975,394.7975,592.1962,592.1962,9475.1397,0.02859218,2368.7849,2154.0868,7501.1522,7715.8503,0.02263548,0.02328335,0.00119134,53.9019,84.6955,2.7631,448.6335,33.5712,15063.1447,162.3636,47.6267,58.3345,10.3857,40.4073,83.0858,124.6287,155.7859,183.9513,20.7715,-10.2195,3.855389,4.552426,1.333965,18,97,34,8,0.36576351,0.02978352,0.04995611,0E-8,0.000000,0.912922,0.000000,-0.03180610,2026-06-13,2026-08-02,22,294,143,51,0.431373,0.816443,0.883581,1.219212,,,,,,,,GLOBAL_BASELINE_NO_ENTITY_RANKING,,,NOT_APPLICABLE_GLOBAL_BASELINE,HF9g-P5,,,,X 全窗基线 · 不参与实体赏罚,15051562,1506,A168_HF9F_20260827_0900,2026-08-27 09:00:00
2026-07-29,151416945,2160,0,347.4635163308,0E-10,0E-10,0.6000000,10,5,0.43568329500000000,0.295264670000,0.7410027371548654,1.4937882728850282,0.7410027371548654,0.14041862500000000,ELIGIBLE,R03b_20260811_FULL_v1,L1_ELIGIBILITY,v2026-08-11,2026-03-21..2026-08-06,baccarat_bet02_101_all_pairs_incl_sentinel,round_win = game_pnl > 0 (decisive only),COMPATIBILITY_ONLY_NOT_PRODUCTION,331389.1826,302532.4021,9869.9372,6148,3572,-0.02978352,-0.04995611,-0.01815001,-0.02978352,-9869.9372,331389.1826,OK,0.0000,394.7975,4.0000,96.0000,AG03-UNRESOLVED,ALL5_LEVELS_bet23_to_bet27,394.7975,394.7975,394.7975,592.1962,592.1962,4.000000,4.000000,4.000000,6.000000,6.000000,96.000000,96.000000,96.000000,94.000000,94.000000,5.0,2368.7849,2154.0868,7501.1522,7715.8503,PENDING_AG03,FALSE,NOT_FOR_ENFORCEMENT,9475.1397,290431.1060,9869.9372,9475.1397,394.7975,0.02978352,0.02859218,394.7975,9475.1397,0.02859218,394.7975,394.7975,394.7975,592.1962,592.1962,9475.1397,0.02859218,2368.7849,2154.0868,7501.1522,7715.8503,0.02263548,0.02328335,0.00119134,53.9019,84.6955,2.7631,448.6335,33.5712,15063.1447,162.3636,47.6267,58.3345,10.3857,40.4073,83.0858,124.6287,155.7859,183.9513,20.7715,-10.2195,3.855389,4.552426,1.333965,18,97,34,8,0.36576351,0.02978352,0.04995611,0E-8,0.000000,0.912922,0.000000,-0.03180610,2026-06-13,2026-08-02,22,294,143,51,0.431373,0.816443,0.883581,1.219212,,,,,,,,GLOBAL_BASELINE_NO_ENTITY_RANKING,,,NOT_APPLICABLE_GLOBAL_BASELINE,HF9g-P5,,,,X 全窗基线 · 不参与实体赏罚,15051563,1506,A168_HF9F_20260827_0900,2026-08-27 09:00:00
2026-07-29,151416945,2223,0,1271.3076891633,-325.4915586806,-325.4915586806,0.4000000,36,20,0.45814820765034594,0.358769509167,-0.5219249729937259,0.384431226313012,-0.5219249729937259,0.09937869848334594,ELIGIBLE,R03b_20260811_FULL_v1,L1_ELIGIBILITY,v2026-08-11,2026-03-21..2026-08-06,baccarat_bet02_101_all_pairs_incl_sentinel,round_win = game_pnl > 0 (decisive only),COMPATIBILITY_ONLY_NOT_PRODUCTION,331389.1826,302532.4021,9869.9372,6148,3572,-0.02978352,-0.04995611,-0.01815001,-0.02978352,-9869.9372,331389.1826,OK,0.0000,394.7975,4.0000,96.0000,AG03-UNRESOLVED,ALL5_LEVELS_bet23_to_bet27,394.7975,394.7975,394.7975,592.1962,592.1962,4.000000,4.000000,4.000000,6.000000,6.000000,96.000000,96.000000,96.000000,94.000000,94.000000,5.0,2368.7849,2154.0868,7501.1522,7715.8503,PENDING_AG03,FALSE,NOT_FOR_ENFORCEMENT,9475.1397,290431.1060,9869.9372,9475.1397,394.7975,0.02978352,0.02859218,394.7975,9475.1397,0.02859218,394.7975,394.7975,394.7975,592.1962,592.1962,9475.1397,0.02859218,2368.7849,2154.0868,7501.1522,7715.8503,0.02263548,0.02328335,0.00119134,53.9019,84.6955,2.7631,448.6335,33.5712,15063.1447,162.3636,47.6267,58.3345,10.3857,40.4073,83.0858,124.6287,155.7859,183.9513,20.7715,-10.2195,3.855389,4.552426,1.333965,18,97,34,8,0.36576351,0.02978352,0.04995611,0E-8,0.000000,0.912922,0.000000,-0.03180610,2026-06-13,2026-08-02,22,294,143,51,0.431373,0.816443,0.883581,1.219212,,,,,,,,GLOBAL_BASELINE_NO_ENTITY_RANKING,,,NOT_APPLICABLE_GLOBAL_BASELINE,HF9g-P5,,,,X 全窗基线 · 不参与实体赏罚,15051564,1506,A168_HF9F_20260827_0900,2026-08-27 09:00:00
2026-07-29,151416945,2246,0,104.2390548993,-44.4548910600,-44.4548910600,0.3333333,6,3,0.45817447647037896,0.300626750000,-0.4339834703218154,0.12354565782025938,-0.4339834703218154,0.15754772647037896,ELIGIBLE,R03b_20260811_FULL_v1,L1_ELIGIBILITY,v2026-08-11,2026-03-21..2026-08-06,baccarat_bet02_101_all_pairs_incl_sentinel,round_win = game_pnl > 0 (decisive only),COMPATIBILITY_ONLY_NOT_PRODUCTION,331389.1826,302532.4021,9869.9372,6148,3572,-0.02978352,-0.04995611,-0.01815001,-0.02978352,-9869.9372,331389.1826,OK,0.0000,394.7975,4.0000,96.0000,AG03-UNRESOLVED,ALL5_LEVELS_bet23_to_bet27,394.7975,394.7975,394.7975,592.1962,592.1962,4.000000,4.000000,4.000000,6.000000,6.000000,96.000000,96.000000,96.000000,94.000000,94.000000,5.0,2368.7849,2154.0868,7501.1522,7715.8503,PENDING_AG03,FALSE,NOT_FOR_ENFORCEMENT,9475.1397,290431.1060,9869.9372,9475.1397,394.7975,0.02978352,0.02859218,394.7975,9475.1397,0.02859218,394.7975,394.7975,394.7975,592.1962,592.1962,9475.1397,0.02859218,2368.7849,2154.0868,7501.1522,7715.8503,0.02263548,0.02328335,0.00119134,53.9019,84.6955,2.7631,448.6335,33.5712,15063.1447,162.3636,47.6267,58.3345,10.3857,40.4073,83.0858,124.6287,155.7859,183.9513,20.7715,-10.2195,3.855389,4.552426,1.333965,18,97,34,8,0.36576351,0.02978352,0.04995611,0E-8,0.000000,0.912922,0.000000,-0.03180610,2026-06-13,2026-08-02,22,294,143,51,0.431373,0.816443,0.883581,1.219212,,,,,,,,GLOBAL_BASELINE_NO_ENTITY_RANKING,,,NOT_APPLICABLE_GLOBAL_BASELINE,HF9g-P5,,,,X 全窗基线 · 不参与实体赏罚,15051565,1506,A168_HF9F_20260827_0900,2026-08-27 09:00:00
2026-07-29,151416945,2261,0,71.5366063034,-71.5366063034,-71.5366063034,0E-7,2,2,0.49994810000000000,0.499948100000,-1.4140667746232096,-1.4140667746232096,-1.4140667746232096,0E-17,ELIGIBLE,R03b_20260811_FULL_v1,L1_ELIGIBILITY,v2026-08-11,2026-03-21..2026-08-06,baccarat_bet02_101_all_pairs_incl_sentinel,round_win = game_pnl > 0 (decisive only),COMPATIBILITY_ONLY_NOT_PRODUCTION,331389.1826,302532.4021,9869.9372,6148,3572,-0.02978352,-0.04995611,-0.01815001,-0.02978352,-9869.9372,331389.1826,OK,0.0000,394.7975,4.0000,96.0000,AG03-UNRESOLVED,ALL5_LEVELS_bet23_to_bet27,394.7975,394.7975,394.7975,592.1962,592.1962,4.000000,4.000000,4.000000,6.000000,6.000000,96.000000,96.000000,96.000000,94.000000,94.000000,5.0,2368.7849,2154.0868,7501.1522,7715.8503,PENDING_AG03,FALSE,NOT_FOR_ENFORCEMENT,9475.1397,290431.1060,9869.9372,9475.1397,394.7975,0.02978352,0.02859218,394.7975,9475.1397,0.02859218,394.7975,394.7975,394.7975,592.1962,592.1962,9475.1397,0.02859218,2368.7849,2154.0868,7501.1522,7715.8503,0.02263548,0.02328335,0.00119134,53.9019,84.6955,2.7631,448.6335,33.5712,15063.1447,162.3636,47.6267,58.3345,10.3857,40.4073,83.0858,124.6287,155.7859,183.9513,20.7715,-10.2195,3.855389,4.552426,1.333965,18,97,34,8,0.36576351,0.02978352,0.04995611,0E-8,0.000000,0.912922,0.000000,-0.03180610,2026-06-13,2026-08-02,22,294,143,51,0.431373,0.816443,0.883581,1.219212,,,,,,,,GLOBAL_BASELINE_NO_ENTITY_RANKING,,,NOT_APPLICABLE_GLOBAL_BASELINE,HF9g-P5,,,,X 全窗基线 · 不参与实体赏罚,15051566,1506,A168_HF9F_20260827_0900,2026-08-27 09:00:00
2026-07-29,151416945,2271,0,234.6400686751,-72.1497772145,-72.1497772145,0.4000000,12,10,0.48882530307695713,0.469505803333,-0.561920899138503,-0.44041313819801076,-0.561920899138503,0.01931949974395713,ELIGIBLE,R03b_20260811_FULL_v1,L1_ELIGIBILITY,v2026-08-11,2026-03-21..2026-08-06,baccarat_bet02_101_all_pairs_incl_sentinel,round_win = game_pnl > 0 (decisive only),COMPATIBILITY_ONLY_NOT_PRODUCTION,331389.1826,302532.4021,9869.9372,6148,3572,-0.02978352,-0.04995611,-0.01815001,-0.02978352,-9869.9372,331389.1826,OK,0.0000,394.7975,4.0000,96.0000,AG03-UNRESOLVED,ALL5_LEVELS_bet23_to_bet27,394.7975,394.7975,394.7975,592.1962,592.1962,4.000000,4.000000,4.000000,6.000000,6.000000,96.000000,96.000000,96.000000,94.000000,94.000000,5.0,2368.7849,2154.0868,7501.1522,7715.8503,PENDING_AG03,FALSE,NOT_FOR_ENFORCEMENT,9475.1397,290431.1060,9869.9372,9475.1397,394.7975,0.02978352,0.02859218,394.7975,9475.1397,0.02859218,394.7975,394.7975,394.7975,592.1962,592.1962,9475.1397,0.02859218,2368.7849,2154.0868,7501.1522,7715.8503,0.02263548,0.02328335,0.00119134,53.9019,84.6955,2.7631,448.6335,33.5712,15063.1447,162.3636,47.6267,58.3345,10.3857,40.4073,83.0858,124.6287,155.7859,183.9513,20.7715,-10.2195,3.855389,4.552426,1.333965,18,97,34,8,0.36576351,0.02978352,0.04995611,0E-8,0.000000,0.912922,0.000000,-0.03180610,2026-06-13,2026-08-02,22,294,143,51,0.431373,0.816443,0.883581,1.219212,,,,,,,,GLOBAL_BASELINE_NO_ENTITY_RANKING,,,NOT_APPLICABLE_GLOBAL_BASELINE,HF9g-P5,,,,X 全窗基线 · 不参与实体赏罚,15051567,1506,A168_HF9F_20260827_0900,2026-08-27 09:00:00
2026-07-29,151416945,462,0,72.3541675183,-20.0302497649,-20.0302497649,0.5000000,5,4,0.47625788673464311,0.446766462500,0.09507569960006522,0.21415133730183603,0.09507569960006522,0.02949142423464311,ELIGIBLE,R03b_20260811_FULL_v1,L1_ELIGIBILITY,v2026-08-11,2026-03-21..2026-08-06,baccarat_bet02_101_all_pairs_incl_sentinel,round_win = game_pnl > 0 (decisive only),COMPATIBILITY_ONLY_NOT_PRODUCTION,331389.1826,302532.4021,9869.9372,6148,3572,-0.02978352,-0.04995611,-0.01815001,-0.02978352,-9869.9372,331389.1826,OK,0.0000,394.7975,4.0000,96.0000,AG03-UNRESOLVED,ALL5_LEVELS_bet23_to_bet27,394.7975,394.7975,394.7975,592.1962,592.1962,4.000000,4.000000,4.000000,6.000000,6.000000,96.000000,96.000000,96.000000,94.000000,94.000000,5.0,2368.7849,2154.0868,7501.1522,7715.8503,PENDING_AG03,FALSE,NOT_FOR_ENFORCEMENT,9475.1397,290431.1060,9869.9372,9475.1397,394.7975,0.02978352,0.02859218,394.7975,9475.1397,0.02859218,394.7975,394.7975,394.7975,592.1962,592.1962,9475.1397,0.02859218,2368.7849,2154.0868,7501.1522,7715.8503,0.02263548,0.02328335,0.00119134,53.9019,84.6955,2.7631,448.6335,33.5712,15063.1447,162.3636,47.6267,58.3345,10.3857,40.4073,83.0858,124.6287,155.7859,183.9513,20.7715,-10.2195,3.855389,4.552426,1.333965,18,97,34,8,0.36576351,0.02978352,0.04995611,0E-8,0.000000,0.912922,0.000000,-0.03180610,2026-06-13,2026-08-02,22,294,143,51,0.431373,0.816443,0.883581,1.219212,,,,,,,,GLOBAL_BASELINE_NO_ENTITY_RANKING,,,NOT_APPLICABLE_GLOBAL_BASELINE,HF9g-P5,,,,X 全窗基线 · 不参与实体赏罚,15051568,1506,A168_HF9F_20260827_0900,2026-08-27 09:00:00
2026-07-29,151416945,752,0,30.6585455586,30.6585455586,30.6585455586,1.0000000,1,1,0.49324550000000000,0.493245500000,1.01360149184955,1.01360149184955,1.01360149184955,0E-17,ELIGIBLE,R03b_20260811_FULL_v1,L1_ELIGIBILITY,v2026-08-11,2026-03-21..2026-08-06,baccarat_bet02_101_all_pairs_incl_sentinel,round_win = game_pnl > 0 (decisive only),COMPATIBILITY_ONLY_NOT_PRODUCTION,331389.1826,302532.4021,9869.9372,6148,3572,-0.02978352,-0.04995611,-0.01815001,-0.02978352,-9869.9372,331389.1826,OK,0.0000,394.7975,4.0000,96.0000,AG03-UNRESOLVED,ALL5_LEVELS_bet23_to_bet27,394.7975,394.7975,394.7975,592.1962,592.1962,4.000000,4.000000,4.000000,6.000000,6.000000,96.000000,96.000000,96.000000,94.000000,94.000000,5.0,2368.7849,2154.0868,7501.1522,7715.8503,PENDING_AG03,FALSE,NOT_FOR_ENFORCEMENT,9475.1397,290431.1060,9869.9372,9475.1397,394.7975,0.02978352,0.02859218,394.7975,9475.1397,0.02859218,394.7975,394.7975,394.7975,592.1962,592.1962,9475.1397,0.02859218,2368.7849,2154.0868,7501.1522,7715.8503,0.02263548,0.02328335,0.00119134,53.9019,84.6955,2.7631,448.6335,33.5712,15063.1447,162.3636,47.6267,58.3345,10.3857,40.4073,83.0858,124.6287,155.7859,183.9513,20.7715,-10.2195,3.855389,4.552426,1.333965,18,97,34,8,0.36576351,0.02978352,0.04995611,0E-8,0.000000,0.912922,0.000000,-0.03180610,2026-06-13,2026-08-02,22,294,143,51,0.431373,0.816443,0.883581,1.219212,,,,,,,,GLOBAL_BASELINE_NO_ENTITY_RANKING,,,NOT_APPLICABLE_GLOBAL_BASELINE,HF9g-P5,,,,X 全窗基线 · 不参与实体赏罚,15051569,1506,A168_HF9F_20260827_0900,2026-08-27 09:00:00
2026-07-30,151416945,1157,0,725.5855782202,71.5366063034,71.5366063034,0.6000000,8,5,0.46736833355263158,0.381695810000,0.5944140898716677,1.0048177135658747,0.5944140898716677,0.08567252355263158,ELIGIBLE,R03b_20260811_FULL_v1,L1_ELIGIBILITY,v2026-08-11,2026-03-21..2026-08-06,baccarat_bet02_101_all_pairs_incl_sentinel,round_win = game_pnl > 0 (decisive only),COMPATIBILITY_ONLY_NOT_PRODUCTION,331389.1826,302532.4021,9869.9372,6148,3572,-0.02978352,-0.04995611,-0.01815001,-0.02978352,-9869.9372,331389.1826,OK,0.0000,394.7975,4.0000,96.0000,AG03-UNRESOLVED,ALL5_LEVELS_bet23_to_bet27,394.7975,394.7975,394.7975,592.1962,592.1962,4.000000,4.000000,4.000000,6.000000,6.000000,96.000000,96.000000,96.000000,94.000000,94.000000,5.0,2368.7849,2154.0868,7501.1522,7715.8503,PENDING_AG03,FALSE,NOT_FOR_ENFORCEMENT,9475.1397,290431.1060,9869.9372,9475.1397,394.7975,0.02978352,0.02859218,394.7975,9475.1397,0.02859218,394.7975,394.7975,394.7975,592.1962,592.1962,9475.1397,0.02859218,2368.7849,2154.0868,7501.1522,7715.8503,0.02263548,0.02328335,0.00119134,53.9019,84.6955,2.7631,448.6335,33.5712,15063.1447,162.3636,47.6267,58.3345,10.3857,40.4073,83.0858,124.6287,155.7859,183.9513,20.7715,-10.2195,3.855389,4.552426,1.333965,18,97,34,8,0.36576351,0.02978352,0.04995611,0E-8,0.000000,0.912922,0.000000,-0.03180610,2026-06-13,2026-08-02,22,294,143,51,0.431373,0.816443,0.883581,1.219212,,,,,,,,GLOBAL_BASELINE_NO_ENTITY_RANKING,,,NOT_APPLICABLE_GLOBAL_BASELINE,HF9g-P5,,,,X 全窗基线 · 不参与实体赏罚,15051570,1506,A168_HF9F_20260827_0900,2026-08-27 09:00:00
2026-07-30,151416945,1205,0,30.6585455586,29.1256182807,29.1256182807,1.0000000,1,1,0.50665070000000000,0.506650700000,0.9867858985152569,0.9867858985152569,0.9867858985152569,0E-17,ELIGIBLE,R03b_20260811_FULL_v1,L1_ELIGIBILITY,v2026-08-11,2026-03-21..2026-08-06,baccarat_bet02_101_all_pairs_incl_sentinel,round_win = game_pnl > 0 (decisive only),COMPATIBILITY_ONLY_NOT_PRODUCTION,331389.1826,302532.4021,9869.9372,6148,3572,-0.02978352,-0.04995611,-0.01815001,-0.02978352,-9869.9372,331389.1826,OK,0.0000,394.7975,4.0000,96.0000,AG03-UNRESOLVED,ALL5_LEVELS_bet23_to_bet27,394.7975,394.7975,394.7975,592.1962,592.1962,4.000000,4.000000,4.000000,6.000000,6.000000,96.000000,96.000000,96.000000,94.000000,94.000000,5.0,2368.7849,2154.0868,7501.1522,7715.8503,PENDING_AG03,FALSE,NOT_FOR_ENFORCEMENT,9475.1397,290431.1060,9869.9372,9475.1397,394.7975,0.02978352,0.02859218,394.7975,9475.1397,0.02859218,394.7975,394.7975,394.7975,592.1962,592.1962,9475.1397,0.02859218,2368.7849,2154.0868,7501.1522,7715.8503,0.02263548,0.02328335,0.00119134,53.9019,84.6955,2.7631,448.6335,33.5712,15063.1447,162.3636,47.6267,58.3345,10.3857,40.4073,83.0858,124.6287,155.7859,183.9513,20.7715,-10.2195,3.855389,4.552426,1.333965,18,97,34,8,0.36576351,0.02978352,0.04995611,0E-8,0.000000,0.912922,0.000000,-0.03180610,2026-06-13,2026-08-02,22,294,143,51,0.431373,0.816443,0.883581,1.219212,,,,,,,,GLOBAL_BASELINE_NO_ENTITY_RANKING,,,NOT_APPLICABLE_GLOBAL_BASELINE,HF9g-P5,,,,X 全窗基线 · 不参与实体赏罚,15051571,1506,A168_HF9F_20260827_0900,2026-08-27 09:00:00
2026-07-30,151416945,1307,0,81.7561214896,81.7561214896,81.7561214896,1.0000000,2,1,0.45514471250000000,0.300626750000,1.094122209933498,1.5252488199758223,1.094122209933498,0.15451796250000000,ELIGIBLE,R03b_20260811_FULL_v1,L1_ELIGIBILITY,v2026-08-11,2026-03-21..2026-08-06,baccarat_bet02_101_all_pairs_incl_sentinel,round_win = game_pnl > 0 (decisive only),COMPATIBILITY_ONLY_NOT_PRODUCTION,331389.1826,302532.4021,9869.9372,6148,3572,-0.02978352,-0.04995611,-0.01815001,-0.02978352,-9869.9372,331389.1826,OK,0.0000,394.7975,4.0000,96.0000,AG03-UNRESOLVED,ALL5_LEVELS_bet23_to_bet27,394.7975,394.7975,394.7975,592.1962,592.1962,4.000000,4.000000,4.000000,6.000000,6.000000,96.000000,96.000000,96.000000,94.000000,94.000000,5.0,2368.7849,2154.0868,7501.1522,7715.8503,PENDING_AG03,FALSE,NOT_FOR_ENFORCEMENT,9475.1397,290431.1060,9869.9372,9475.1397,394.7975,0.02978352,0.02859218,394.7975,9475.1397,0.02859218,394.7975,394.7975,394.7975,592.1962,592.1962,9475.1397,0.02859218,2368.7849,2154.0868,7501.1522,7715.8503,0.02263548,0.02328335,0.00119134,53.9019,84.6955,2.7631,448.6335,33.5712,15063.1447,162.3636,47.6267,58.3345,10.3857,40.4073,83.0858,124.6287,155.7859,183.9513,20.7715,-10.2195,3.855389,4.552426,1.333965,18,97,34,8,0.36576351,0.02978352,0.04995611,0E-8,0.000000,0.912922,0.000000,-0.03180610,2026-06-13,2026-08-02,22,294,143,51,0.431373,0.816443,0.883581,1.219212,,,,,,,,GLOBAL_BASELINE_NO_ENTITY_RANKING,,,NOT_APPLICABLE_GLOBAL_BASELINE,HF9g-P5,,,,X 全窗基线 · 不参与实体赏罚,15051572,1506,A168_HF9F_20260827_0900,2026-08-27 09:00:00
2026-07-30,151416945,1325,0,202.3464006869,-10.2195151863,-10.2195151863,0.5714286,12,7,0.45997616402351162,0.353745650000,0.5916492870622712,1.204553471455465,0.5916492870622712,0.10623051402351162,ELIGIBLE,R03b_20260811_FULL_v1,L1_ELIGIBILITY,v2026-08-11,2026-03-21..2026-08-06,baccarat_bet02_101_all_pairs_incl_sentinel,round_win = game_pnl > 0 (decisive only),COMPATIBILITY_ONLY_NOT_PRODUCTION,331389.1826,302532.4021,9869.9372,6148,3572,-0.02978352,-0.04995611,-0.01815001,-0.02978352,-9869.9372,331389.1826,OK,0.0000,394.7975,4.0000,96.0000,AG03-UNRESOLVED,ALL5_LEVELS_bet23_to_bet27,394.7975,394.7975,394.7975,592.1962,592.1962,4.000000,4.000000,4.000000,6.000000,6.000000,96.000000,96.000000,96.000000,94.000000,94.000000,5.0,2368.7849,2154.0868,7501.1522,7715.8503,PENDING_AG03,FALSE,NOT_FOR_ENFORCEMENT,9475.1397,290431.1060,9869.9372,9475.1397,394.7975,0.02978352,0.02859218,394.7975,9475.1397,0.02859218,394.7975,394.7975,394.7975,592.1962,592.1962,9475.1397,0.02859218,2368.7849,2154.0868,7501.1522,7715.8503,0.02263548,0.02328335,0.00119134,53.9019,84.6955,2.7631,448.6335,33.5712,15063.1447,162.3636,47.6267,58.3345,10.3857,40.4073,83.0858,124.6287,155.7859,183.9513,20.7715,-10.2195,3.855389,4.552426,1.333965,18,97,34,8,0.36576351,0.02978352,0.04995611,0E-8,0.000000,0.912922,0.000000,-0.03180610,2026-06-13,2026-08-02,22,294,143,51,0.431373,0.816443,0.883581,1.219212,,,,,,,,GLOBAL_BASELINE_NO_ENTITY_RANKING,,,NOT_APPLICABLE_GLOBAL_BASELINE,HF9g-P5,,,,X 全窗基线 · 不参与实体赏罚,15051573,1506,A168_HF9F_20260827_0900,2026-08-27 09:00:00
2026-07-30,151416945,1331,0,545.7221109431,74.1936802517,74.1936802517,0.6250000,12,8,0.46569689653004366,0.398611775000,0.9032827359936398,1.3078149748042667,0.9032827359936398,0.06708512153004366,ELIGIBLE,R03b_20260811_FULL_v1,L1_ELIGIBILITY,v2026-08-11,2026-03-21..2026-08-06,baccarat_bet02_101_all_pairs_incl_sentinel,round_win = game_pnl > 0 (decisive only),COMPATIBILITY_ONLY_NOT_PRODUCTION,331389.1826,302532.4021,9869.9372,6148,3572,-0.02978352,-0.04995611,-0.01815001,-0.02978352,-9869.9372,331389.1826,OK,0.0000,394.7975,4.0000,96.0000,AG03-UNRESOLVED,ALL5_LEVELS_bet23_to_bet27,394.7975,394.7975,394.7975,592.1962,592.1962,4.000000,4.000000,4.000000,6.000000,6.000000,96.000000,96.000000,96.000000,94.000000,94.000000,5.0,2368.7849,2154.0868,7501.1522,7715.8503,PENDING_AG03,FALSE,NOT_FOR_ENFORCEMENT,9475.1397,290431.1060,9869.9372,9475.1397,394.7975,0.02978352,0.02859218,394.7975,9475.1397,0.02859218,394.7975,394.7975,394.7975,592.1962,592.1962,9475.1397,0.02859218,2368.7849,2154.0868,7501.1522,7715.8503,0.02263548,0.02328335,0.00119134,53.9019,84.6955,2.7631,448.6335,33.5712,15063.1447,162.3636,47.6267,58.3345,10.3857,40.4073,83.0858,124.6287,155.7859,183.9513,20.7715,-10.2195,3.855389,4.552426,1.333965,18,97,34,8,0.36576351,0.02978352,0.04995611,0E-8,0.000000,0.912922,0.000000,-0.03180610,2026-06-13,2026-08-02,22,294,143,51,0.431373,0.816443,0.883581,1.219212,,,,,,,,GLOBAL_BASELINE_NO_ENTITY_RANKING,,,NOT_APPLICABLE_GLOBAL_BASELINE,HF9g-P5,,,,X 全窗基线 · 不参与实体赏罚,15051574,1506,A168_HF9F_20260827_0900,2026-08-27 09:00:00
2026-07-30,151416945,1384,0,748.0685116298,70.5146547847,70.5146547847,0.5833333,17,12,0.47580393568766744,0.413546237500,0.7458593580246603,1.1943080992507211,0.7458593580246603,0.06225769818766744,ELIGIBLE,R03b_20260811_FULL_v1,L1_ELIGIBILITY,v2026-08-11,2026-03-21..2026-08-06,baccarat_bet02_101_all_pairs_incl_sentinel,round_win = game_pnl > 0 (decisive only),COMPATIBILITY_ONLY_NOT_PRODUCTION,331389.1826,302532.4021,9869.9372,6148,3572,-0.02978352,-0.04995611,-0.01815001,-0.02978352,-9869.9372,331389.1826,OK,0.0000,394.7975,4.0000,96.0000,AG03-UNRESOLVED,ALL5_LEVELS_bet23_to_bet27,394.7975,394.7975,394.7975,592.1962,592.1962,4.000000,4.000000,4.000000,6.000000,6.000000,96.000000,96.000000,96.000000,94.000000,94.000000,5.0,2368.7849,2154.0868,7501.1522,7715.8503,PENDING_AG03,FALSE,NOT_FOR_ENFORCEMENT,9475.1397,290431.1060,9869.9372,9475.1397,394.7975,0.02978352,0.02859218,394.7975,9475.1397,0.02859218,394.7975,394.7975,394.7975,592.1962,592.1962,9475.1397,0.02859218,2368.7849,2154.0868,7501.1522,7715.8503,0.02263548,0.02328335,0.00119134,53.9019,84.6955,2.7631,448.6335,33.5712,15063.1447,162.3636,47.6267,58.3345,10.3857,40.4073,83.0858,124.6287,155.7859,183.9513,20.7715,-10.2195,3.855389,4.552426,1.333965,18,97,34,8,0.36576351,0.02978352,0.04995611,0E-8,0.000000,0.912922,0.000000,-0.03180610,2026-06-13,2026-08-02,22,294,143,51,0.431373,0.816443,0.883581,1.219212,,,,,,,,GLOBAL_BASELINE_NO_ENTITY_RANKING,,,NOT_APPLICABLE_GLOBAL_BASELINE,HF9g-P5,,,,X 全窗基线 · 不参与实体赏罚,15051575,1506,A168_HF9F_20260827_0900,2026-08-27 09:00:00
2026-07-30,151416945,1485,0,807.3416997100,16.8622000572,16.8622000572,0.5789474,33,21,0.47000077812316354,0.386050185714,0.9514884891720923,1.7270876005269615,0.9514884891720923,0.08395059240916354,ELIGIBLE,R03b_20260811_FULL_v1,L1_ELIGIBILITY,v2026-08-11,2026-03-21..2026-08-06,baccarat_bet02_101_all_pairs_incl_sentinel,round_win = game_pnl > 0 (decisive only),COMPATIBILITY_ONLY_NOT_PRODUCTION,331389.1826,302532.4021,9869.9372,6148,3572,-0.02978352,-0.04995611,-0.01815001,-0.02978352,-9869.9372,331389.1826,OK,0.0000,394.7975,4.0000,96.0000,AG03-UNRESOLVED,ALL5_LEVELS_bet23_to_bet27,394.7975,394.7975,394.7975,592.1962,592.1962,4.000000,4.000000,4.000000,6.000000,6.000000,96.000000,96.000000,96.000000,94.000000,94.000000,5.0,2368.7849,2154.0868,7501.1522,7715.8503,PENDING_AG03,FALSE,NOT_FOR_ENFORCEMENT,9475.1397,290431.1060,9869.9372,9475.1397,394.7975,0.02978352,0.02859218,394.7975,9475.1397,0.02859218,394.7975,394.7975,394.7975,592.1962,592.1962,9475.1397,0.02859218,2368.7849,2154.0868,7501.1522,7715.8503,0.02263548,0.02328335,0.00119134,53.9019,84.6955,2.7631,448.6335,33.5712,15063.1447,162.3636,47.6267,58.3345,10.3857,40.4073,83.0858,124.6287,155.7859,183.9513,20.7715,-10.2195,3.855389,4.552426,1.333965,18,97,34,8,0.36576351,0.02978352,0.04995611,0E-8,0.000000,0.912922,0.000000,-0.03180610,2026-06-13,2026-08-02,22,294,143,51,0.431373,0.816443,0.883581,1.219212,,,,,,,,GLOBAL_BASELINE_NO_ENTITY_RANKING,,,NOT_APPLICABLE_GLOBAL_BASELINE,HF9g-P5,,,,X 全窗基线 · 不参与实体赏罚,15051576,1506,A168_HF9F_20260827_0900,2026-08-27 09:00:00
2026-07-30,151416945,1942,0,3703.1435228714,-1022.3602992273,-1022.3602992273,0.4375000,55,32,0.47180345778456555,0.354800773438,-0.388717910536097,0.977771195377967,-0.388717910536097,0.11700268434656555,ELIGIBLE,R03b_20260811_FULL_v1,L1_ELIGIBILITY,v2026-08-11,2026-03-21..2026-08-06,baccarat_bet02_101_all_pairs_incl_sentinel,round_win = game_pnl > 0 (decisive only),COMPATIBILITY_ONLY_NOT_PRODUCTION,331389.1826,302532.4021,9869.9372,6148,3572,-0.02978352,-0.04995611,-0.01815001,-0.02978352,-9869.9372,331389.1826,OK,0.0000,394.7975,4.0000,96.0000,AG03-UNRESOLVED,ALL5_LEVELS_bet23_to_bet27,394.7975,394.7975,394.7975,592.1962,592.1962,4.000000,4.000000,4.000000,6.000000,6.000000,96.000000,96.000000,96.000000,94.000000,94.000000,5.0,2368.7849,2154.0868,7501.1522,7715.8503,PENDING_AG03,FALSE,NOT_FOR_ENFORCEMENT,9475.1397,290431.1060,9869.9372,9475.1397,394.7975,0.02978352,0.02859218,394.7975,9475.1397,0.02859218,394.7975,394.7975,394.7975,592.1962,592.1962,9475.1397,0.02859218,2368.7849,2154.0868,7501.1522,7715.8503,0.02263548,0.02328335,0.00119134,53.9019,84.6955,2.7631,448.6335,33.5712,15063.1447,162.3636,47.6267,58.3345,10.3857,40.4073,83.0858,124.6287,155.7859,183.9513,20.7715,-10.2195,3.855389,4.552426,1.333965,18,97,34,8,0.36576351,0.02978352,0.04995611,0E-8,0.000000,0.912922,0.000000,-0.03180610,2026-06-13,2026-08-02,22,294,143,51,0.431373,0.816443,0.883581,1.219212,,,,,,,,GLOBAL_BASELINE_NO_ENTITY_RANKING,,,NOT_APPLICABLE_GLOBAL_BASELINE,HF9g-P5,,,,X 全窗基线 · 不参与实体赏罚,15051577,1506,A168_HF9F_20260827_0900,2026-08-27 09:00:00
2026-07-30,151416945,2171,0,423.0879287087,6.1317091117,6.1317091117,0.5000000,12,8,0.47064349921873572,0.396936125000,0.16635242013166476,0.5958123358815157,0.16635242013166476,0.07370737421873572,ELIGIBLE,R03b_20260811_FULL_v1,L1_ELIGIBILITY,v2026-08-11,2026-03-21..2026-08-06,baccarat_bet02_101_all_pairs_incl_sentinel,round_win = game_pnl > 0 (decisive only),COMPATIBILITY_ONLY_NOT_PRODUCTION,331389.1826,302532.4021,9869.9372,6148,3572,-0.02978352,-0.04995611,-0.01815001,-0.02978352,-9869.9372,331389.1826,OK,0.0000,394.7975,4.0000,96.0000,AG03-UNRESOLVED,ALL5_LEVELS_bet23_to_bet27,394.7975,394.7975,394.7975,592.1962,592.1962,4.000000,4.000000,4.000000,6.000000,6.000000,96.000000,96.000000,96.000000,94.000000,94.000000,5.0,2368.7849,2154.0868,7501.1522,7715.8503,PENDING_AG03,FALSE,NOT_FOR_ENFORCEMENT,9475.1397,290431.1060,9869.9372,9475.1397,394.7975,0.02978352,0.02859218,394.7975,9475.1397,0.02859218,394.7975,394.7975,394.7975,592.1962,592.1962,9475.1397,0.02859218,2368.7849,2154.0868,7501.1522,7715.8503,0.02263548,0.02328335,0.00119134,53.9019,84.6955,2.7631,448.6335,33.5712,15063.1447,162.3636,47.6267,58.3345,10.3857,40.4073,83.0858,124.6287,155.7859,183.9513,20.7715,-10.2195,3.855389,4.552426,1.333965,18,97,34,8,0.36576351,0.02978352,0.04995611,0E-8,0.000000,0.912922,0.000000,-0.03180610,2026-06-13,2026-08-02,22,294,143,51,0.431373,0.816443,0.883581,1.219212,,,,,,,,GLOBAL_BASELINE_NO_ENTITY_RANKING,,,NOT_APPLICABLE_GLOBAL_BASELINE,HF9g-P5,,,,X 全窗基线 · 不参与实体赏罚,15051578,1506,A168_HF9F_20260827_0900,2026-08-27 09:00:00
2026-07-30,151416945,462,0,4108.2451048524,436.8842742098,436.8842742098,0.6666667,71,37,0.44870093730607231,0.303477694595,2.629464731214807,4.739723432677723,2.629464731214807,0.14522324271107231,ELIGIBLE,R03b_20260811_FULL_v1,L1_ELIGIBILITY,v2026-08-11,2026-03-21..2026-08-06,baccarat_bet02_101_all_pairs_incl_sentinel,round_win = game_pnl > 0 (decisive only),COMPATIBILITY_ONLY_NOT_PRODUCTION,331389.1826,302532.4021,9869.9372,6148,3572,-0.02978352,-0.04995611,-0.01815001,-0.02978352,-9869.9372,331389.1826,OK,0.0000,394.7975,4.0000,96.0000,AG03-UNRESOLVED,ALL5_LEVELS_bet23_to_bet27,394.7975,394.7975,394.7975,592.1962,592.1962,4.000000,4.000000,4.000000,6.000000,6.000000,96.000000,96.000000,96.000000,94.000000,94.000000,5.0,2368.7849,2154.0868,7501.1522,7715.8503,PENDING_AG03,FALSE,NOT_FOR_ENFORCEMENT,9475.1397,290431.1060,9869.9372,9475.1397,394.7975,0.02978352,0.02859218,394.7975,9475.1397,0.02859218,394.7975,394.7975,394.7975,592.1962,592.1962,9475.1397,0.02859218,2368.7849,2154.0868,7501.1522,7715.8503,0.02263548,0.02328335,0.00119134,53.9019,84.6955,2.7631,448.6335,33.5712,15063.1447,162.3636,47.6267,58.3345,10.3857,40.4073,83.0858,124.6287,155.7859,183.9513,20.7715,-10.2195,3.855389,4.552426,1.333965,18,97,34,8,0.36576351,0.02978352,0.04995611,0E-8,0.000000,0.912922,0.000000,-0.03180610,2026-06-13,2026-08-02,22,294,143,51,0.431373,0.816443,0.883581,1.219212,,,,,,,,GLOBAL_BASELINE_NO_ENTITY_RANKING,,,NOT_APPLICABLE_GLOBAL_BASELINE,HF9g-P5,,,,X 全窗基线 · 不参与实体赏罚,15051579,1506,A168_HF9F_20260827_0900,2026-08-27 09:00:00
2026-07-30,151416945,529,0,569.8401667824,-185.1776151739,-185.1776151739,0.5000000,17,12,0.43436996483231498,0.380326012500,0.45866661985994006,0.8539466455231046,0.45866661985994006,0.05404395233231498,ELIGIBLE,R03b_20260811_FULL_v1,L1_ELIGIBILITY,v2026-08-11,2026-03-21..2026-08-06,baccarat_bet02_101_all_pairs_incl_sentinel,round_win = game_pnl > 0 (decisive only),COMPATIBILITY_ONLY_NOT_PRODUCTION,331389.1826,302532.4021,9869.9372,6148,3572,-0.02978352,-0.04995611,-0.01815001,-0.02978352,-9869.9372,331389.1826,OK,0.0000,394.7975,4.0000,96.0000,AG03-UNRESOLVED,ALL5_LEVELS_bet23_to_bet27,394.7975,394.7975,394.7975,592.1962,592.1962,4.000000,4.000000,4.000000,6.000000,6.000000,96.000000,96.000000,96.000000,94.000000,94.000000,5.0,2368.7849,2154.0868,7501.1522,7715.8503,PENDING_AG03,FALSE,NOT_FOR_ENFORCEMENT,9475.1397,290431.1060,9869.9372,9475.1397,394.7975,0.02978352,0.02859218,394.7975,9475.1397,0.02859218,394.7975,394.7975,394.7975,592.1962,592.1962,9475.1397,0.02859218,2368.7849,2154.0868,7501.1522,7715.8503,0.02263548,0.02328335,0.00119134,53.9019,84.6955,2.7631,448.6335,33.5712,15063.1447,162.3636,47.6267,58.3345,10.3857,40.4073,83.0858,124.6287,155.7859,183.9513,20.7715,-10.2195,3.855389,4.552426,1.333965,18,97,34,8,0.36576351,0.02978352,0.04995611,0E-8,0.000000,0.912922,0.000000,-0.03180610,2026-06-13,2026-08-02,22,294,143,51,0.431373,0.816443,0.883581,1.219212,,,,,,,,GLOBAL_BASELINE_NO_ENTITY_RANKING,,,NOT_APPLICABLE_GLOBAL_BASELINE,HF9g-P5,,,,X 全窗基线 · 不参与实体赏罚,15051580,1506,A168_HF9F_20260827_0900,2026-08-27 09:00:00
2026-07-30,151416945,550,0,81.7561214896,81.7561214896,81.7561214896,1.0000000,2,1,0.45514471250000000,0.300626750000,1.094122209933498,1.5252488199758223,1.094122209933498,0.15451796250000000,ELIGIBLE,R03b_20260811_FULL_v1,L1_ELIGIBILITY,v2026-08-11,2026-03-21..2026-08-06,baccarat_bet02_101_all_pairs_incl_sentinel,round_win = game_pnl > 0 (decisive only),COMPATIBILITY_ONLY_NOT_PRODUCTION,331389.1826,302532.4021,9869.9372,6148,3572,-0.02978352,-0.04995611,-0.01815001,-0.02978352,-9869.9372,331389.1826,OK,0.0000,394.7975,4.0000,96.0000,AG03-UNRESOLVED,ALL5_LEVELS_bet23_to_bet27,394.7975,394.7975,394.7975,592.1962,592.1962,4.000000,4.000000,4.000000,6.000000,6.000000,96.000000,96.000000,96.000000,94.000000,94.000000,5.0,2368.7849,2154.0868,7501.1522,7715.8503,PENDING_AG03,FALSE,NOT_FOR_ENFORCEMENT,9475.1397,290431.1060,9869.9372,9475.1397,394.7975,0.02978352,0.02859218,394.7975,9475.1397,0.02859218,394.7975,394.7975,394.7975,592.1962,592.1962,9475.1397,0.02859218,2368.7849,2154.0868,7501.1522,7715.8503,0.02263548,0.02328335,0.00119134,53.9019,84.6955,2.7631,448.6335,33.5712,15063.1447,162.3636,47.6267,58.3345,10.3857,40.4073,83.0858,124.6287,155.7859,183.9513,20.7715,-10.2195,3.855389,4.552426,1.333965,18,97,34,8,0.36576351,0.02978352,0.04995611,0E-8,0.000000,0.912922,0.000000,-0.03180610,2026-06-13,2026-08-02,22,294,143,51,0.431373,0.816443,0.883581,1.219212,,,,,,,,GLOBAL_BASELINE_NO_ENTITY_RANKING,,,NOT_APPLICABLE_GLOBAL_BASELINE,HF9g-P5,,,,X 全窗基线 · 不参与实体赏罚,15051581,1506,A168_HF9F_20260827_0900,2026-08-27 09:00:00
2026-07-30,151416945,583,0,81.7561214896,-81.7561214896,-81.7561214896,0E-7,2,1,0.44341516250000000,0.293924150000,-0.8925644478799707,-0.6451964315166089,-0.8925644478799707,0.14949101250000000,ELIGIBLE,R03b_20260811_FULL_v1,L1_ELIGIBILITY,v2026-08-11,2026-03-21..2026-08-06,baccarat_bet02_101_all_pairs_incl_sentinel,round_win = game_pnl > 0 (decisive only),COMPATIBILITY_ONLY_NOT_PRODUCTION,331389.1826,302532.4021,9869.9372,6148,3572,-0.02978352,-0.04995611,-0.01815001,-0.02978352,-9869.9372,331389.1826,OK,0.0000,394.7975,4.0000,96.0000,AG03-UNRESOLVED,ALL5_LEVELS_bet23_to_bet27,394.7975,394.7975,394.7975,592.1962,592.1962,4.000000,4.000000,4.000000,6.000000,6.000000,96.000000,96.000000,96.000000,94.000000,94.000000,5.0,2368.7849,2154.0868,7501.1522,7715.8503,PENDING_AG03,FALSE,NOT_FOR_ENFORCEMENT,9475.1397,290431.1060,9869.9372,9475.1397,394.7975,0.02978352,0.02859218,394.7975,9475.1397,0.02859218,394.7975,394.7975,394.7975,592.1962,592.1962,9475.1397,0.02859218,2368.7849,2154.0868,7501.1522,7715.8503,0.02263548,0.02328335,0.00119134,53.9019,84.6955,2.7631,448.6335,33.5712,15063.1447,162.3636,47.6267,58.3345,10.3857,40.4073,83.0858,124.6287,155.7859,183.9513,20.7715,-10.2195,3.855389,4.552426,1.333965,18,97,34,8,0.36576351,0.02978352,0.04995611,0E-8,0.000000,0.912922,0.000000,-0.03180610,2026-06-13,2026-08-02,22,294,143,51,0.431373,0.816443,0.883581,1.219212,,,,,,,,GLOBAL_BASELINE_NO_ENTITY_RANKING,,,NOT_APPLICABLE_GLOBAL_BASELINE,HF9g-P5,,,,X 全窗基线 · 不参与实体赏罚,15051582,1506,A168_HF9F_20260827_0900,2026-08-27 09:00:00
2026-07-30,151416945,925,0,5763.8065650168,62.8500183951,62.8500183951,0.5833333,92,48,0.45451283531126859,0.313047737500,1.792421928401674,4.038080352856922,1.792421928401674,0.14146509781126859,ELIGIBLE,R03b_20260811_FULL_v1,L1_ELIGIBILITY,v2026-08-11,2026-03-21..2026-08-06,baccarat_bet02_101_all_pairs_incl_sentinel,round_win = game_pnl > 0 (decisive only),COMPATIBILITY_ONLY_NOT_PRODUCTION,331389.1826,302532.4021,9869.9372,6148,3572,-0.02978352,-0.04995611,-0.01815001,-0.02978352,-9869.9372,331389.1826,OK,0.0000,394.7975,4.0000,96.0000,AG03-UNRESOLVED,ALL5_LEVELS_bet23_to_bet27,394.7975,394.7975,394.7975,592.1962,592.1962,4.000000,4.000000,4.000000,6.000000,6.000000,96.000000,96.000000,96.000000,94.000000,94.000000,5.0,2368.7849,2154.0868,7501.1522,7715.8503,PENDING_AG03,FALSE,NOT_FOR_ENFORCEMENT,9475.1397,290431.1060,9869.9372,9475.1397,394.7975,0.02978352,0.02859218,394.7975,9475.1397,0.02859218,394.7975,394.7975,394.7975,592.1962,592.1962,9475.1397,0.02859218,2368.7849,2154.0868,7501.1522,7715.8503,0.02263548,0.02328335,0.00119134,53.9019,84.6955,2.7631,448.6335,33.5712,15063.1447,162.3636,47.6267,58.3345,10.3857,40.4073,83.0858,124.6287,155.7859,183.9513,20.7715,-10.2195,3.855389,4.552426,1.333965,18,97,34,8,0.36576351,0.02978352,0.04995611,0E-8,0.000000,0.912922,0.000000,-0.03180610,2026-06-13,2026-08-02,22,294,143,51,0.431373,0.816443,0.883581,1.219212,,,,,,,,GLOBAL_BASELINE_NO_ENTITY_RANKING,,,NOT_APPLICABLE_GLOBAL_BASELINE,HF9g-P5,,,,X 全窗基线 · 不参与实体赏罚,15051583,1506,A168_HF9F_20260827_0900,2026-08-27 09:00:00
2026-07-31,151416945,-1,1,61.3170911172,-61.3170911172,-61.3170911172,0E-7,1,1,0.49324550000000000,0.493245500000,-0.9865810262130424,-0.9865810262130424,-0.9865810262130424,0E-17,SENTINEL_DEALER,R03b_20260811_FULL_v1,L1_ELIGIBILITY,v2026-08-11,2026-03-21..2026-08-06,baccarat_bet02_101_all_pairs_incl_sentinel,round_win = game_pnl > 0 (decisive only),COMPATIBILITY_ONLY_NOT_PRODUCTION,331389.1826,302532.4021,9869.9372,6148,3572,-0.02978352,-0.04995611,-0.01815001,-0.02978352,-9869.9372,331389.1826,OK,0.0000,394.7975,4.0000,96.0000,AG03-UNRESOLVED,ALL5_LEVELS_bet23_to_bet27,394.7975,394.7975,394.7975,592.1962,592.1962,4.000000,4.000000,4.000000,6.000000,6.000000,96.000000,96.000000,96.000000,94.000000,94.000000,5.0,2368.7849,2154.0868,7501.1522,7715.8503,PENDING_AG03,FALSE,NOT_FOR_ENFORCEMENT,9475.1397,290431.1060,9869.9372,9475.1397,394.7975,0.02978352,0.02859218,394.7975,9475.1397,0.02859218,394.7975,394.7975,394.7975,592.1962,592.1962,9475.1397,0.02859218,2368.7849,2154.0868,7501.1522,7715.8503,0.02263548,0.02328335,0.00119134,53.9019,84.6955,2.7631,448.6335,33.5712,15063.1447,162.3636,47.6267,58.3345,10.3857,40.4073,83.0858,124.6287,155.7859,183.9513,20.7715,-10.2195,3.855389,4.552426,1.333965,18,97,34,8,0.36576351,0.02978352,0.04995611,0E-8,0.000000,0.912922,0.000000,-0.03180610,2026-06-13,2026-08-02,22,294,143,51,0.431373,0.816443,0.883581,1.219212,,,,,,,,GLOBAL_BASELINE_NO_ENTITY_RANKING,,,NOT_APPLICABLE_GLOBAL_BASELINE,HF9g-P5,,,,X 全窗基线 · 不参与实体赏罚,15051584,1506,A168_HF9F_20260827_0900,2026-08-27 09:00:00
2026-07-31,151416945,1299,0,246.0859256837,-123.8605240567,-123.8605240567,0.4285714,8,7,0.48128428571428571,0.471473621429,-0.27912583358969856,-0.2273874426489635,-0.27912583358969856,0.00981066428528571,ELIGIBLE,R03b_20260811_FULL_v1,L1_ELIGIBILITY,v2026-08-11,2026-03-21..2026-08-06,baccarat_bet02_101_all_pairs_incl_sentinel,round_win = game_pnl > 0 (decisive only),COMPATIBILITY_ONLY_NOT_PRODUCTION,331389.1826,302532.4021,9869.9372,6148,3572,-0.02978352,-0.04995611,-0.01815001,-0.02978352,-9869.9372,331389.1826,OK,0.0000,394.7975,4.0000,96.0000,AG03-UNRESOLVED,ALL5_LEVELS_bet23_to_bet27,394.7975,394.7975,394.7975,592.1962,592.1962,4.000000,4.000000,4.000000,6.000000,6.000000,96.000000,96.000000,96.000000,94.000000,94.000000,5.0,2368.7849,2154.0868,7501.1522,7715.8503,PENDING_AG03,FALSE,NOT_FOR_ENFORCEMENT,9475.1397,290431.1060,9869.9372,9475.1397,394.7975,0.02978352,0.02859218,394.7975,9475.1397,0.02859218,394.7975,394.7975,394.7975,592.1962,592.1962,9475.1397,0.02859218,2368.7849,2154.0868,7501.1522,7715.8503,0.02263548,0.02328335,0.00119134,53.9019,84.6955,2.7631,448.6335,33.5712,15063.1447,162.3636,47.6267,58.3345,10.3857,40.4073,83.0858,124.6287,155.7859,183.9513,20.7715,-10.2195,3.855389,4.552426,1.333965,18,97,34,8,0.36576351,0.02978352,0.04995611,0E-8,0.000000,0.912922,0.000000,-0.03180610,2026-06-13,2026-08-02,22,294,143,51,0.431373,0.816443,0.883581,1.219212,,,,,,,,GLOBAL_BASELINE_NO_ENTITY_RANKING,,,NOT_APPLICABLE_GLOBAL_BASELINE,HF9g-P5,,,,X 全窗基线 · 不参与实体赏罚,15051585,1506,A168_HF9F_20260827_0900,2026-08-27 09:00:00
2026-07-31,151416945,1306,0,707.1904508852,-424.6208559867,-424.6208559867,0.2222222,14,9,0.47442561961497312,0.389214016667,-1.5152037171489057,-1.0274900364383501,-1.5152037171489057,0.08521160294797312,ELIGIBLE,R03b_20260811_FULL_v1,L1_ELIGIBILITY,v2026-08-11,2026-03-21..2026-08-06,baccarat_bet02_101_all_pairs_incl_sentinel,round_win = game_pnl > 0 (decisive only),COMPATIBILITY_ONLY_NOT_PRODUCTION,331389.1826,302532.4021,9869.9372,6148,3572,-0.02978352,-0.04995611,-0.01815001,-0.02978352,-9869.9372,331389.1826,OK,0.0000,394.7975,4.0000,96.0000,AG03-UNRESOLVED,ALL5_LEVELS_bet23_to_bet27,394.7975,394.7975,394.7975,592.1962,592.1962,4.000000,4.000000,4.000000,6.000000,6.000000,96.000000,96.000000,96.000000,94.000000,94.000000,5.0,2368.7849,2154.0868,7501.1522,7715.8503,PENDING_AG03,FALSE,NOT_FOR_ENFORCEMENT,9475.1397,290431.1060,9869.9372,9475.1397,394.7975,0.02978352,0.02859218,394.7975,9475.1397,0.02859218,394.7975,394.7975,394.7975,592.1962,592.1962,9475.1397,0.02859218,2368.7849,2154.0868,7501.1522,7715.8503,0.02263548,0.02328335,0.00119134,53.9019,84.6955,2.7631,448.6335,33.5712,15063.1447,162.3636,47.6267,58.3345,10.3857,40.4073,83.0858,124.6287,155.7859,183.9513,20.7715,-10.2195,3.855389,4.552426,1.333965,18,97,34,8,0.36576351,0.02978352,0.04995611,0E-8,0.000000,0.912922,0.000000,-0.03180610,2026-06-13,2026-08-02,22,294,143,51,0.431373,0.816443,0.883581,1.219212,,,,,,,,GLOBAL_BASELINE_NO_ENTITY_RANKING,,,NOT_APPLICABLE_GLOBAL_BASELINE,HF9g-P5,,,,X 全窗基线 · 不参与实体赏罚,15051586,1506,A168_HF9F_20260827_0900,2026-08-27 09:00:00
2026-07-31,151416945,1323,0,1300.9442832032,-255.6411723828,-255.6411723828,0.4090909,35,24,0.44421129048441781,0.375930806250,-0.33152852963021984,0.32111225376284297,-0.33152852963021984,0.06828048423441781,ELIGIBLE,R03b_20260811_FULL_v1,L1_ELIGIBILITY,v2026-08-11,2026-03-21..2026-08-06,baccarat_bet02_101_all_pairs_incl_sentinel,round_win = game_pnl > 0 (decisive only),COMPATIBILITY_ONLY_NOT_PRODUCTION,331389.1826,302532.4021,9869.9372,6148,3572,-0.02978352,-0.04995611,-0.01815001,-0.02978352,-9869.9372,331389.1826,OK,0.0000,394.7975,4.0000,96.0000,AG03-UNRESOLVED,ALL5_LEVELS_bet23_to_bet27,394.7975,394.7975,394.7975,592.1962,592.1962,4.000000,4.000000,4.000000,6.000000,6.000000,96.000000,96.000000,96.000000,94.000000,94.000000,5.0,2368.7849,2154.0868,7501.1522,7715.8503,PENDING_AG03,FALSE,NOT_FOR_ENFORCEMENT,9475.1397,290431.1060,9869.9372,9475.1397,394.7975,0.02978352,0.02859218,394.7975,9475.1397,0.02859218,394.7975,394.7975,394.7975,592.1962,592.1962,9475.1397,0.02859218,2368.7849,2154.0868,7501.1522,7715.8503,0.02263548,0.02328335,0.00119134,53.9019,84.6955,2.7631,448.6335,33.5712,15063.1447,162.3636,47.6267,58.3345,10.3857,40.4073,83.0858,124.6287,155.7859,183.9513,20.7715,-10.2195,3.855389,4.552426,1.333965,18,97,34,8,0.36576351,0.02978352,0.04995611,0E-8,0.000000,0.912922,0.000000,-0.03180610,2026-06-13,2026-08-02,22,294,143,51,0.431373,0.816443,0.883581,1.219212,,,,,,,,GLOBAL_BASELINE_NO_ENTITY_RANKING,,,NOT_APPLICABLE_GLOBAL_BASELINE,HF9g-P5,,,,X 全窗基线 · 不参与实体赏罚,15051587,1506,A168_HF9F_20260827_0900,2026-08-27 09:00:00
2026-07-31,151416945,1331,0,1522.7077627439,71.5366063032,71.5366063032,0.5263158,27,20,0.48059384443675607,0.429180237500,0.39889523606277094,0.8554323199259468,0.39889523606277094,0.05141360693675607,ELIGIBLE,R03b_20260811_FULL_v1,L1_ELIGIBILITY,v2026-08-11,2026-03-21..2026-08-06,baccarat_bet02_101_all_pairs_incl_sentinel,round_win = game_pnl > 0 (decisive only),COMPATIBILITY_ONLY_NOT_PRODUCTION,331389.1826,302532.4021,9869.9372,6148,3572,-0.02978352,-0.04995611,-0.01815001,-0.02978352,-9869.9372,331389.1826,OK,0.0000,394.7975,4.0000,96.0000,AG03-UNRESOLVED,ALL5_LEVELS_bet23_to_bet27,394.7975,394.7975,394.7975,592.1962,592.1962,4.000000,4.000000,4.000000,6.000000,6.000000,96.000000,96.000000,96.000000,94.000000,94.000000,5.0,2368.7849,2154.0868,7501.1522,7715.8503,PENDING_AG03,FALSE,NOT_FOR_ENFORCEMENT,9475.1397,290431.1060,9869.9372,9475.1397,394.7975,0.02978352,0.02859218,394.7975,9475.1397,0.02859218,394.7975,394.7975,394.7975,592.1962,592.1962,9475.1397,0.02859218,2368.7849,2154.0868,7501.1522,7715.8503,0.02263548,0.02328335,0.00119134,53.9019,84.6955,2.7631,448.6335,33.5712,15063.1447,162.3636,47.6267,58.3345,10.3857,40.4073,83.0858,124.6287,155.7859,183.9513,20.7715,-10.2195,3.855389,4.552426,1.333965,18,97,34,8,0.36576351,0.02978352,0.04995611,0E-8,0.000000,0.912922,0.000000,-0.03180610,2026-06-13,2026-08-02,22,294,143,51,0.431373,0.816443,0.883581,1.219212,,,,,,,,GLOBAL_BASELINE_NO_ENTITY_RANKING,,,NOT_APPLICABLE_GLOBAL_BASELINE,HF9g-P5,,,,X 全窗基线 · 不参与实体赏罚,15051588,1506,A168_HF9F_20260827_0900,2026-08-27 09:00:00
2026-07-31,151416945,1363,0,81.7561214896,0E-10,0E-10,,1,1,0.49324550000000000,0.493245500000,,,,0E-17,NO_DECISIVE_ROUND,R03b_20260811_FULL_v1,L1_ELIGIBILITY,v2026-08-11,2026-03-21..2026-08-06,baccarat_bet02_101_all_pairs_incl_sentinel,round_win = game_pnl > 0 (decisive only),COMPATIBILITY_ONLY_NOT_PRODUCTION,331389.1826,302532.4021,9869.9372,6148,3572,-0.02978352,-0.04995611,-0.01815001,-0.02978352,-9869.9372,331389.1826,OK,0.0000,394.7975,4.0000,96.0000,AG03-UNRESOLVED,ALL5_LEVELS_bet23_to_bet27,394.7975,394.7975,394.7975,592.1962,592.1962,4.000000,4.000000,4.000000,6.000000,6.000000,96.000000,96.000000,96.000000,94.000000,94.000000,5.0,2368.7849,2154.0868,7501.1522,7715.8503,PENDING_AG03,FALSE,NOT_FOR_ENFORCEMENT,9475.1397,290431.1060,9869.9372,9475.1397,394.7975,0.02978352,0.02859218,394.7975,9475.1397,0.02859218,394.7975,394.7975,394.7975,592.1962,592.1962,9475.1397,0.02859218,2368.7849,2154.0868,7501.1522,7715.8503,0.02263548,0.02328335,0.00119134,53.9019,84.6955,2.7631,448.6335,33.5712,15063.1447,162.3636,47.6267,58.3345,10.3857,40.4073,83.0858,124.6287,155.7859,183.9513,20.7715,-10.2195,3.855389,4.552426,1.333965,18,97,34,8,0.36576351,0.02978352,0.04995611,0E-8,0.000000,0.912922,0.000000,-0.03180610,2026-06-13,2026-08-02,22,294,143,51,0.431373,0.816443,0.883581,1.219212,,,,,,,,GLOBAL_BASELINE_NO_ENTITY_RANKING,,,NOT_APPLICABLE_GLOBAL_BASELINE,HF9g-P5,,,,X 全窗基线 · 不参与实体赏罚,15051589,1506,A168_HF9F_20260827_0900,2026-08-27 09:00:00
2026-07-31,151416945,1384,0,202.3464006868,39.8561092261,39.8561092261,0.5000000,5,4,0.49245603421048443,0.451793412500,0.03017929844702897,0.1937288555254134,0.03017929844702897,0.04066262171048443,ELIGIBLE,R03b_20260811_FULL_v1,L1_ELIGIBILITY,v2026-08-11,2026-03-21..2026-08-06,baccarat_bet02_101_all_pairs_incl_sentinel,round_win = game_pnl > 0 (decisive only),COMPATIBILITY_ONLY_NOT_PRODUCTION,331389.1826,302532.4021,9869.9372,6148,3572,-0.02978352,-0.04995611,-0.01815001,-0.02978352,-9869.9372,331389.1826,OK,0.0000,394.7975,4.0000,96.0000,AG03-UNRESOLVED,ALL5_LEVELS_bet23_to_bet27,394.7975,394.7975,394.7975,592.1962,592.1962,4.000000,4.000000,4.000000,6.000000,6.000000,96.000000,96.000000,96.000000,94.000000,94.000000,5.0,2368.7849,2154.0868,7501.1522,7715.8503,PENDING_AG03,FALSE,NOT_FOR_ENFORCEMENT,9475.1397,290431.1060,9869.9372,9475.1397,394.7975,0.02978352,0.02859218,394.7975,9475.1397,0.02859218,394.7975,394.7975,394.7975,592.1962,592.1962,9475.1397,0.02859218,2368.7849,2154.0868,7501.1522,7715.8503,0.02263548,0.02328335,0.00119134,53.9019,84.6955,2.7631,448.6335,33.5712,15063.1447,162.3636,47.6267,58.3345,10.3857,40.4073,83.0858,124.6287,155.7859,183.9513,20.7715,-10.2195,3.855389,4.552426,1.333965,18,97,34,8,0.36576351,0.02978352,0.04995611,0E-8,0.000000,0.912922,0.000000,-0.03180610,2026-06-13,2026-08-02,22,294,143,51,0.431373,0.816443,0.883581,1.219212,,,,,,,,GLOBAL_BASELINE_NO_ENTITY_RANKING,,,NOT_APPLICABLE_GLOBAL_BASELINE,HF9g-P5,,,,X 全窗基线 · 不参与实体赏罚,15051590,1506,A168_HF9F_20260827_0900,2026-08-27 09:00:00
2026-07-31,151416945,1646,0,694.9270326616,-19.6214691575,-19.6214691575,0.5000000,17,14,0.45491209234694612,0.428283146429,0.31365606558596176,0.5020602763451486,0.31365606558596176,0.02662894591794612,ELIGIBLE,R03b_20260811_FULL_v1,L1_ELIGIBILITY,v2026-08-11,2026-03-21..2026-08-06,baccarat_bet02_101_all_pairs_incl_sentinel,round_win = game_pnl > 0 (decisive only),COMPATIBILITY_ONLY_NOT_PRODUCTION,331389.1826,302532.4021,9869.9372,6148,3572,-0.02978352,-0.04995611,-0.01815001,-0.02978352,-9869.9372,331389.1826,OK,0.0000,394.7975,4.0000,96.0000,AG03-UNRESOLVED,ALL5_LEVELS_bet23_to_bet27,394.7975,394.7975,394.7975,592.1962,592.1962,4.000000,4.000000,4.000000,6.000000,6.000000,96.000000,96.000000,96.000000,94.000000,94.000000,5.0,2368.7849,2154.0868,7501.1522,7715.8503,PENDING_AG03,FALSE,NOT_FOR_ENFORCEMENT,9475.1397,290431.1060,9869.9372,9475.1397,394.7975,0.02978352,0.02859218,394.7975,9475.1397,0.02859218,394.7975,394.7975,394.7975,592.1962,592.1962,9475.1397,0.02859218,2368.7849,2154.0868,7501.1522,7715.8503,0.02263548,0.02328335,0.00119134,53.9019,84.6955,2.7631,448.6335,33.5712,15063.1447,162.3636,47.6267,58.3345,10.3857,40.4073,83.0858,124.6287,155.7859,183.9513,20.7715,-10.2195,3.855389,4.552426,1.333965,18,97,34,8,0.36576351,0.02978352,0.04995611,0E-8,0.000000,0.912922,0.000000,-0.03180610,2026-06-13,2026-08-02,22,294,143,51,0.431373,0.816443,0.883581,1.219212,,,,,,,,GLOBAL_BASELINE_NO_ENTITY_RANKING,,,NOT_APPLICABLE_GLOBAL_BASELINE,HF9g-P5,,,,X 全窗基线 · 不参与实体赏罚,15051591,1506,A168_HF9F_20260827_0900,2026-08-27 09:00:00
2026-07-31,151416945,1951,0,1514.5321505949,-189.2654212485,-189.2654212485,0.4736842,31,19,0.44726777128544292,0.349904821053,0.23158470920368066,1.1312580975290991,0.23158470920368066,0.09736295023244292,ELIGIBLE,R03b_20260811_FULL_v1,L1_ELIGIBILITY,v2026-08-11,2026-03-21..2026-08-06,baccarat_bet02_101_all_pairs_incl_sentinel,round_win = game_pnl > 0 (decisive only),COMPATIBILITY_ONLY_NOT_PRODUCTION,331389.1826,302532.4021,9869.9372,6148,3572,-0.02978352,-0.04995611,-0.01815001,-0.02978352,-9869.9372,331389.1826,OK,0.0000,394.7975,4.0000,96.0000,AG03-UNRESOLVED,ALL5_LEVELS_bet23_to_bet27,394.7975,394.7975,394.7975,592.1962,592.1962,4.000000,4.000000,4.000000,6.000000,6.000000,96.000000,96.000000,96.000000,94.000000,94.000000,5.0,2368.7849,2154.0868,7501.1522,7715.8503,PENDING_AG03,FALSE,NOT_FOR_ENFORCEMENT,9475.1397,290431.1060,9869.9372,9475.1397,394.7975,0.02978352,0.02859218,394.7975,9475.1397,0.02859218,394.7975,394.7975,394.7975,592.1962,592.1962,9475.1397,0.02859218,2368.7849,2154.0868,7501.1522,7715.8503,0.02263548,0.02328335,0.00119134,53.9019,84.6955,2.7631,448.6335,33.5712,15063.1447,162.3636,47.6267,58.3345,10.3857,40.4073,83.0858,124.6287,155.7859,183.9513,20.7715,-10.2195,3.855389,4.552426,1.333965,18,97,34,8,0.36576351,0.02978352,0.04995611,0E-8,0.000000,0.912922,0.000000,-0.03180610,2026-06-13,2026-08-02,22,294,143,51,0.431373,0.816443,0.883581,1.219212,,,,,,,,GLOBAL_BASELINE_NO_ENTITY_RANKING,,,NOT_APPLICABLE_GLOBAL_BASELINE,HF9g-P5,,,,X 全窗基线 · 不参与实体赏罚,15051592,1506,A168_HF9F_20260827_0900,2026-08-27 09:00:00
2026-07-31,151416945,2108,0,3266.1570535096,148.6019703224,148.6019703224,0.5909091,76,47,0.44710726764300936,0.357289505319,1.9185115824339916,3.2338342902441584,1.9185115824339916,0.08981776232400936,ELIGIBLE,R03b_20260811_FULL_v1,L1_ELIGIBILITY,v2026-08-11,2026-03-21..2026-08-06,baccarat_bet02_101_all_pairs_incl_sentinel,round_win = game_pnl > 0 (decisive only),COMPATIBILITY_ONLY_NOT_PRODUCTION,331389.1826,302532.4021,9869.9372,6148,3572,-0.02978352,-0.04995611,-0.01815001,-0.02978352,-9869.9372,331389.1826,OK,0.0000,394.7975,4.0000,96.0000,AG03-UNRESOLVED,ALL5_LEVELS_bet23_to_bet27,394.7975,394.7975,394.7975,592.1962,592.1962,4.000000,4.000000,4.000000,6.000000,6.000000,96.000000,96.000000,96.000000,94.000000,94.000000,5.0,2368.7849,2154.0868,7501.1522,7715.8503,PENDING_AG03,FALSE,NOT_FOR_ENFORCEMENT,9475.1397,290431.1060,9869.9372,9475.1397,394.7975,0.02978352,0.02859218,394.7975,9475.1397,0.02859218,394.7975,394.7975,394.7975,592.1962,592.1962,9475.1397,0.02859218,2368.7849,2154.0868,7501.1522,7715.8503,0.02263548,0.02328335,0.00119134,53.9019,84.6955,2.7631,448.6335,33.5712,15063.1447,162.3636,47.6267,58.3345,10.3857,40.4073,83.0858,124.6287,155.7859,183.9513,20.7715,-10.2195,3.855389,4.552426,1.333965,18,97,34,8,0.36576351,0.02978352,0.04995611,0E-8,0.000000,0.912922,0.000000,-0.03180610,2026-06-13,2026-08-02,22,294,143,51,0.431373,0.816443,0.883581,1.219212,,,,,,,,GLOBAL_BASELINE_NO_ENTITY_RANKING,,,NOT_APPLICABLE_GLOBAL_BASELINE,HF9g-P5,,,,X 全窗基线 · 不参与实体赏罚,15051593,1506,A168_HF9F_20260827_0900,2026-08-27 09:00:00
2026-07-31,151416945,2160,0,310.6732616605,10.2195151861,10.2195151861,0.6000000,7,5,0.47821666624997638,0.421560080000,0.5451492327934145,0.8080126392128224,0.5451492327934145,0.05665658624997638,ELIGIBLE,R03b_20260811_FULL_v1,L1_ELIGIBILITY,v2026-08-11,2026-03-21..2026-08-06,baccarat_bet02_101_all_pairs_incl_sentinel,round_win = game_pnl > 0 (decisive only),COMPATIBILITY_ONLY_NOT_PRODUCTION,331389.1826,302532.4021,9869.9372,6148,3572,-0.02978352,-0.04995611,-0.01815001,-0.02978352,-9869.9372,331389.1826,OK,0.0000,394.7975,4.0000,96.0000,AG03-UNRESOLVED,ALL5_LEVELS_bet23_to_bet27,394.7975,394.7975,394.7975,592.1962,592.1962,4.000000,4.000000,4.000000,6.000000,6.000000,96.000000,96.000000,96.000000,94.000000,94.000000,5.0,2368.7849,2154.0868,7501.1522,7715.8503,PENDING_AG03,FALSE,NOT_FOR_ENFORCEMENT,9475.1397,290431.1060,9869.9372,9475.1397,394.7975,0.02978352,0.02859218,394.7975,9475.1397,0.02859218,394.7975,394.7975,394.7975,592.1962,592.1962,9475.1397,0.02859218,2368.7849,2154.0868,7501.1522,7715.8503,0.02263548,0.02328335,0.00119134,53.9019,84.6955,2.7631,448.6335,33.5712,15063.1447,162.3636,47.6267,58.3345,10.3857,40.4073,83.0858,124.6287,155.7859,183.9513,20.7715,-10.2195,3.855389,4.552426,1.333965,18,97,34,8,0.36576351,0.02978352,0.04995611,0E-8,0.000000,0.912922,0.000000,-0.03180610,2026-06-13,2026-08-02,22,294,143,51,0.431373,0.816443,0.883581,1.219212,,,,,,,,GLOBAL_BASELINE_NO_ENTITY_RANKING,,,NOT_APPLICABLE_GLOBAL_BASELINE,HF9g-P5,,,,X 全窗基线 · 不参与实体赏罚,15051594,1506,A168_HF9F_20260827_0900,2026-08-27 09:00:00
2026-07-31,151416945,919,0,252.6264154028,-252.6264154028,-252.6264154028,0E-7,5,3,0.47367859509046741,0.364833000000,-1.6431491671417453,-1.3126946686153371,-1.6431491671417453,0.10884559509046741,ELIGIBLE,R03b_20260811_FULL_v1,L1_ELIGIBILITY,v2026-08-11,2026-03-21..2026-08-06,baccarat_bet02_101_all_pairs_incl_sentinel,round_win = game_pnl > 0 (decisive only),COMPATIBILITY_ONLY_NOT_PRODUCTION,331389.1826,302532.4021,9869.9372,6148,3572,-0.02978352,-0.04995611,-0.01815001,-0.02978352,-9869.9372,331389.1826,OK,0.0000,394.7975,4.0000,96.0000,AG03-UNRESOLVED,ALL5_LEVELS_bet23_to_bet27,394.7975,394.7975,394.7975,592.1962,592.1962,4.000000,4.000000,4.000000,6.000000,6.000000,96.000000,96.000000,96.000000,94.000000,94.000000,5.0,2368.7849,2154.0868,7501.1522,7715.8503,PENDING_AG03,FALSE,NOT_FOR_ENFORCEMENT,9475.1397,290431.1060,9869.9372,9475.1397,394.7975,0.02978352,0.02859218,394.7975,9475.1397,0.02859218,394.7975,394.7975,394.7975,592.1962,592.1962,9475.1397,0.02859218,2368.7849,2154.0868,7501.1522,7715.8503,0.02263548,0.02328335,0.00119134,53.9019,84.6955,2.7631,448.6335,33.5712,15063.1447,162.3636,47.6267,58.3345,10.3857,40.4073,83.0858,124.6287,155.7859,183.9513,20.7715,-10.2195,3.855389,4.552426,1.333965,18,97,34,8,0.36576351,0.02978352,0.04995611,0E-8,0.000000,0.912922,0.000000,-0.03180610,2026-06-13,2026-08-02,22,294,143,51,0.431373,0.816443,0.883581,1.219212,,,,,,,,GLOBAL_BASELINE_NO_ENTITY_RANKING,,,NOT_APPLICABLE_GLOBAL_BASELINE,HF9g-P5,,,,X 全窗基线 · 不参与实体赏罚,15051595,1506,A168_HF9F_20260827_0900,2026-08-27 09:00:00
2026-08-01,151416945,1094,0,371.7472118958,30.8105705513,30.8105705513,0.6666667,8,6,0.47835495375003659,0.433507650000,0.9234008656589769,1.1524774396999453,0.9234008656589769,0.04484730375003659,ELIGIBLE,R03b_20260811_FULL_v1,L1_ELIGIBILITY,v2026-08-11,2026-03-21..2026-08-06,baccarat_bet02_101_all_pairs_incl_sentinel,round_win = game_pnl > 0 (decisive only),COMPATIBILITY_ONLY_NOT_PRODUCTION,331389.1826,302532.4021,9869.9372,6148,3572,-0.02978352,-0.04995611,-0.01815001,-0.02978352,-9869.9372,331389.1826,OK,0.0000,394.7975,4.0000,96.0000,AG03-UNRESOLVED,ALL5_LEVELS_bet23_to_bet27,394.7975,394.7975,394.7975,592.1962,592.1962,4.000000,4.000000,4.000000,6.000000,6.000000,96.000000,96.000000,96.000000,94.000000,94.000000,5.0,2368.7849,2154.0868,7501.1522,7715.8503,PENDING_AG03,FALSE,NOT_FOR_ENFORCEMENT,9475.1397,290431.1060,9869.9372,9475.1397,394.7975,0.02978352,0.02859218,394.7975,9475.1397,0.02859218,394.7975,394.7975,394.7975,592.1962,592.1962,9475.1397,0.02859218,2368.7849,2154.0868,7501.1522,7715.8503,0.02263548,0.02328335,0.00119134,53.9019,84.6955,2.7631,448.6335,33.5712,15063.1447,162.3636,47.6267,58.3345,10.3857,40.4073,83.0858,124.6287,155.7859,183.9513,20.7715,-10.2195,3.855389,4.552426,1.333965,18,97,34,8,0.36576351,0.02978352,0.04995611,0E-8,0.000000,0.912922,0.000000,-0.03180610,2026-06-13,2026-08-02,22,294,143,51,0.431373,0.816443,0.883581,1.219212,,,,,,,,GLOBAL_BASELINE_NO_ENTITY_RANKING,,,NOT_APPLICABLE_GLOBAL_BASELINE,HF9g-P5,,,,X 全窗基线 · 不参与实体赏罚,15051596,1506,A168_HF9F_20260827_0900,2026-08-27 09:00:00
2026-08-01,151416945,1151,0,830.5721674476,-289.1142718603,-289.1142718603,0.3000000,17,11,0.46822851179736569,0.388790054545,-1.0661250581853752,-0.5759854902142335,-1.0661250581853752,0.07943845725236569,ELIGIBLE,R03b_20260811_FULL_v1,L1_ELIGIBILITY,v2026-08-11,2026-03-21..2026-08-06,baccarat_bet02_101_all_pairs_incl_sentinel,round_win = game_pnl > 0 (decisive only),COMPATIBILITY_ONLY_NOT_PRODUCTION,331389.1826,302532.4021,9869.9372,6148,3572,-0.02978352,-0.04995611,-0.01815001,-0.02978352,-9869.9372,331389.1826,OK,0.0000,394.7975,4.0000,96.0000,AG03-UNRESOLVED,ALL5_LEVELS_bet23_to_bet27,394.7975,394.7975,394.7975,592.1962,592.1962,4.000000,4.000000,4.000000,6.000000,6.000000,96.000000,96.000000,96.000000,94.000000,94.000000,5.0,2368.7849,2154.0868,7501.1522,7715.8503,PENDING_AG03,FALSE,NOT_FOR_ENFORCEMENT,9475.1397,290431.1060,9869.9372,9475.1397,394.7975,0.02978352,0.02859218,394.7975,9475.1397,0.02859218,394.7975,394.7975,394.7975,592.1962,592.1962,9475.1397,0.02859218,2368.7849,2154.0868,7501.1522,7715.8503,0.02263548,0.02328335,0.00119134,53.9019,84.6955,2.7631,448.6335,33.5712,15063.1447,162.3636,47.6267,58.3345,10.3857,40.4073,83.0858,124.6287,155.7859,183.9513,20.7715,-10.2195,3.855389,4.552426,1.333965,18,97,34,8,0.36576351,0.02978352,0.04995611,0E-8,0.000000,0.912922,0.000000,-0.03180610,2026-06-13,2026-08-02,22,294,143,51,0.431373,0.816443,0.883581,1.219212,,,,,,,,GLOBAL_BASELINE_NO_ENTITY_RANKING,,,NOT_APPLICABLE_GLOBAL_BASELINE,HF9g-P5,,,,X 全窗基线 · 不参与实体赏罚,15051597,1506,A168_HF9F_20260827_0900,2026-08-27 09:00:00
2026-08-01,151416945,1210,0,787.9424599968,-89.4011637306,-89.4011637306,0.4615385,19,13,0.47260985370879779,0.406406876923,-0.07995700516861534,0.40471303927691804,-0.07995700516861534,0.06620297678579779,ELIGIBLE,R03b_20260811_FULL_v1,L1_ELIGIBILITY,v2026-08-11,2026-03-21..2026-08-06,baccarat_bet02_101_all_pairs_incl_sentinel,round_win = game_pnl > 0 (decisive only),COMPATIBILITY_ONLY_NOT_PRODUCTION,331389.1826,302532.4021,9869.9372,6148,3572,-0.02978352,-0.04995611,-0.01815001,-0.02978352,-9869.9372,331389.1826,OK,0.0000,394.7975,4.0000,96.0000,AG03-UNRESOLVED,ALL5_LEVELS_bet23_to_bet27,394.7975,394.7975,394.7975,592.1962,592.1962,4.000000,4.000000,4.000000,6.000000,6.000000,96.000000,96.000000,96.000000,94.000000,94.000000,5.0,2368.7849,2154.0868,7501.1522,7715.8503,PENDING_AG03,FALSE,NOT_FOR_ENFORCEMENT,9475.1397,290431.1060,9869.9372,9475.1397,394.7975,0.02978352,0.02859218,394.7975,9475.1397,0.02859218,394.7975,394.7975,394.7975,592.1962,592.1962,9475.1397,0.02859218,2368.7849,2154.0868,7501.1522,7715.8503,0.02263548,0.02328335,0.00119134,53.9019,84.6955,2.7631,448.6335,33.5712,15063.1447,162.3636,47.6267,58.3345,10.3857,40.4073,83.0858,124.6287,155.7859,183.9513,20.7715,-10.2195,3.855389,4.552426,1.333965,18,97,34,8,0.36576351,0.02978352,0.04995611,0E-8,0.000000,0.912922,0.000000,-0.03180610,2026-06-13,2026-08-02,22,294,143,51,0.431373,0.816443,0.883581,1.219212,,,,,,,,GLOBAL_BASELINE_NO_ENTITY_RANKING,,,NOT_APPLICABLE_GLOBAL_BASELINE,HF9g-P5,,,,X 全窗基线 · 不参与实体赏罚,15051598,1506,A168_HF9F_20260827_0900,2026-08-27 09:00:00
2026-08-01,151416945,1353,0,1656.6995312745,-185.8736059478,-185.8736059478,0.4705882,26,17,0.48076017239306748,0.393636491176,-0.08394211103858022,0.649424582192522,-0.08394211103858022,0.08712368121706748,ELIGIBLE,R03b_20260811_FULL_v1,L1_ELIGIBILITY,v2026-08-11,2026-03-21..2026-08-06,baccarat_bet02_101_all_pairs_incl_sentinel,round_win = game_pnl > 0 (decisive only),COMPATIBILITY_ONLY_NOT_PRODUCTION,331389.1826,302532.4021,9869.9372,6148,3572,-0.02978352,-0.04995611,-0.01815001,-0.02978352,-9869.9372,331389.1826,OK,0.0000,394.7975,4.0000,96.0000,AG03-UNRESOLVED,ALL5_LEVELS_bet23_to_bet27,394.7975,394.7975,394.7975,592.1962,592.1962,4.000000,4.000000,4.000000,6.000000,6.000000,96.000000,96.000000,96.000000,94.000000,94.000000,5.0,2368.7849,2154.0868,7501.1522,7715.8503,PENDING_AG03,FALSE,NOT_FOR_ENFORCEMENT,9475.1397,290431.1060,9869.9372,9475.1397,394.7975,0.02978352,0.02859218,394.7975,9475.1397,0.02859218,394.7975,394.7975,394.7975,592.1962,592.1962,9475.1397,0.02859218,2368.7849,2154.0868,7501.1522,7715.8503,0.02263548,0.02328335,0.00119134,53.9019,84.6955,2.7631,448.6335,33.5712,15063.1447,162.3636,47.6267,58.3345,10.3857,40.4073,83.0858,124.6287,155.7859,183.9513,20.7715,-10.2195,3.855389,4.552426,1.333965,18,97,34,8,0.36576351,0.02978352,0.04995611,0E-8,0.000000,0.912922,0.000000,-0.03180610,2026-06-13,2026-08-02,22,294,143,51,0.431373,0.816443,0.883581,1.219212,,,,,,,,GLOBAL_BASELINE_NO_ENTITY_RANKING,,,NOT_APPLICABLE_GLOBAL_BASELINE,HF9g-P5,,,,X 全窗基线 · 不参与实体赏罚,15051599,1506,A168_HF9F_20260827_0900,2026-08-27 09:00:00
2026-08-01,151416945,1382,0,424.2767092289,-253.6568611604,-253.6568611604,0.3076923,16,15,0.49391936000000000,0.489341050000,-1.3430016883999594,-1.310185451622275,-1.3430016883999594,0.00457831000000000,ELIGIBLE,R03b_20260811_FULL_v1,L1_ELIGIBILITY,v2026-08-11,2026-03-21..2026-08-06,baccarat_bet02_101_all_pairs_incl_sentinel,round_win = game_pnl > 0 (decisive only),COMPATIBILITY_ONLY_NOT_PRODUCTION,331389.1826,302532.4021,9869.9372,6148,3572,-0.02978352,-0.04995611,-0.01815001,-0.02978352,-9869.9372,331389.1826,OK,0.0000,394.7975,4.0000,96.0000,AG03-UNRESOLVED,ALL5_LEVELS_bet23_to_bet27,394.7975,394.7975,394.7975,592.1962,592.1962,4.000000,4.000000,4.000000,6.000000,6.000000,96.000000,96.000000,96.000000,94.000000,94.000000,5.0,2368.7849,2154.0868,7501.1522,7715.8503,PENDING_AG03,FALSE,NOT_FOR_ENFORCEMENT,9475.1397,290431.1060,9869.9372,9475.1397,394.7975,0.02978352,0.02859218,394.7975,9475.1397,0.02859218,394.7975,394.7975,394.7975,592.1962,592.1962,9475.1397,0.02859218,2368.7849,2154.0868,7501.1522,7715.8503,0.02263548,0.02328335,0.00119134,53.9019,84.6955,2.7631,448.6335,33.5712,15063.1447,162.3636,47.6267,58.3345,10.3857,40.4073,83.0858,124.6287,155.7859,183.9513,20.7715,-10.2195,3.855389,4.552426,1.333965,18,97,34,8,0.36576351,0.02978352,0.04995611,0E-8,0.000000,0.912922,0.000000,-0.03180610,2026-06-13,2026-08-02,22,294,143,51,0.431373,0.816443,0.883581,1.219212,,,,,,,,GLOBAL_BASELINE_NO_ENTITY_RANKING,,,NOT_APPLICABLE_GLOBAL_BASELINE,HF9g-P5,,,,X 全窗基线 · 不参与实体赏罚,15051600,1506,A168_HF9F_20260827_0900,2026-08-27 09:00:00
2026-08-01,151416945,1485,0,1222.3209956356,409.1239696137,409.1239696137,0.7333333,26,15,0.46117996119195877,0.347970190000,2.114473592990768,3.1333655148491886,2.114473592990768,0.11320977119195877,ELIGIBLE,R03b_20260811_FULL_v1,L1_ELIGIBILITY,v2026-08-11,2026-03-21..2026-08-06,baccarat_bet02_101_all_pairs_incl_sentinel,round_win = game_pnl > 0 (decisive only),COMPATIBILITY_ONLY_NOT_PRODUCTION,331389.1826,302532.4021,9869.9372,6148,3572,-0.02978352,-0.04995611,-0.01815001,-0.02978352,-9869.9372,331389.1826,OK,0.0000,394.7975,4.0000,96.0000,AG03-UNRESOLVED,ALL5_LEVELS_bet23_to_bet27,394.7975,394.7975,394.7975,592.1962,592.1962,4.000000,4.000000,4.000000,6.000000,6.000000,96.000000,96.000000,96.000000,94.000000,94.000000,5.0,2368.7849,2154.0868,7501.1522,7715.8503,PENDING_AG03,FALSE,NOT_FOR_ENFORCEMENT,9475.1397,290431.1060,9869.9372,9475.1397,394.7975,0.02978352,0.02859218,394.7975,9475.1397,0.02859218,394.7975,394.7975,394.7975,592.1962,592.1962,9475.1397,0.02859218,2368.7849,2154.0868,7501.1522,7715.8503,0.02263548,0.02328335,0.00119134,53.9019,84.6955,2.7631,448.6335,33.5712,15063.1447,162.3636,47.6267,58.3345,10.3857,40.4073,83.0858,124.6287,155.7859,183.9513,20.7715,-10.2195,3.855389,4.552426,1.333965,18,97,34,8,0.36576351,0.02978352,0.04995611,0E-8,0.000000,0.912922,0.000000,-0.03180610,2026-06-13,2026-08-02,22,294,143,51,0.431373,0.816443,0.883581,1.219212,,,,,,,,GLOBAL_BASELINE_NO_ENTITY_RANKING,,,NOT_APPLICABLE_GLOBAL_BASELINE,HF9g-P5,,,,X 全窗基线 · 不参与实体赏罚,15051601,1506,A168_HF9F_20260827_0900,2026-08-27 09:00:00
2026-08-01,151416945,1940,0,2230.4832713748,16.1629222566,16.1629222566,0.5862069,45,32,0.47544363728314324,0.415622501563,1.1943981610478875,1.8639833554586849,1.1943981610478875,0.05982113572014324,ELIGIBLE,R03b_20260811_FULL_v1,L1_ELIGIBILITY,v2026-08-11,2026-03-21..2026-08-06,baccarat_bet02_101_all_pairs_incl_sentinel,round_win = game_pnl > 0 (decisive only),COMPATIBILITY_ONLY_NOT_PRODUCTION,331389.1826,302532.4021,9869.9372,6148,3572,-0.02978352,-0.04995611,-0.01815001,-0.02978352,-9869.9372,331389.1826,OK,0.0000,394.7975,4.0000,96.0000,AG03-UNRESOLVED,ALL5_LEVELS_bet23_to_bet27,394.7975,394.7975,394.7975,592.1962,592.1962,4.000000,4.000000,4.000000,6.000000,6.000000,96.000000,96.000000,96.000000,94.000000,94.000000,5.0,2368.7849,2154.0868,7501.1522,7715.8503,PENDING_AG03,FALSE,NOT_FOR_ENFORCEMENT,9475.1397,290431.1060,9869.9372,9475.1397,394.7975,0.02978352,0.02859218,394.7975,9475.1397,0.02859218,394.7975,394.7975,394.7975,592.1962,592.1962,9475.1397,0.02859218,2368.7849,2154.0868,7501.1522,7715.8503,0.02263548,0.02328335,0.00119134,53.9019,84.6955,2.7631,448.6335,33.5712,15063.1447,162.3636,47.6267,58.3345,10.3857,40.4073,83.0858,124.6287,155.7859,183.9513,20.7715,-10.2195,3.855389,4.552426,1.333965,18,97,34,8,0.36576351,0.02978352,0.04995611,0E-8,0.000000,0.912922,0.000000,-0.03180610,2026-06-13,2026-08-02,22,294,143,51,0.431373,0.816443,0.883581,1.219212,,,,,,,,GLOBAL_BASELINE_NO_ENTITY_RANKING,,,NOT_APPLICABLE_GLOBAL_BASELINE,HF9g-P5,,,,X 全窗基线 · 不参与实体赏罚,15051602,1506,A168_HF9F_20260827_0900,2026-08-27 09:00:00
2026-08-01,151416945,1942,0,686.9241958945,444.4803620495,444.4803620495,0.8888889,14,9,0.46666932000003179,0.382511416667,2.53896494046843,3.1257840018519105,2.53896494046843,0.08415790333303179,ELIGIBLE,R03b_20260811_FULL_v1,L1_ELIGIBILITY,v2026-08-11,2026-03-21..2026-08-06,baccarat_bet02_101_all_pairs_incl_sentinel,round_win = game_pnl > 0 (decisive only),COMPATIBILITY_ONLY_NOT_PRODUCTION,331389.1826,302532.4021,9869.9372,6148,3572,-0.02978352,-0.04995611,-0.01815001,-0.02978352,-9869.9372,331389.1826,OK,0.0000,394.7975,4.0000,96.0000,AG03-UNRESOLVED,ALL5_LEVELS_bet23_to_bet27,394.7975,394.7975,394.7975,592.1962,592.1962,4.000000,4.000000,4.000000,6.000000,6.000000,96.000000,96.000000,96.000000,94.000000,94.000000,5.0,2368.7849,2154.0868,7501.1522,7715.8503,PENDING_AG03,FALSE,NOT_FOR_ENFORCEMENT,9475.1397,290431.1060,9869.9372,9475.1397,394.7975,0.02978352,0.02859218,394.7975,9475.1397,0.02859218,394.7975,394.7975,394.7975,592.1962,592.1962,9475.1397,0.02859218,2368.7849,2154.0868,7501.1522,7715.8503,0.02263548,0.02328335,0.00119134,53.9019,84.6955,2.7631,448.6335,33.5712,15063.1447,162.3636,47.6267,58.3345,10.3857,40.4073,83.0858,124.6287,155.7859,183.9513,20.7715,-10.2195,3.855389,4.552426,1.333965,18,97,34,8,0.36576351,0.02978352,0.04995611,0E-8,0.000000,0.912922,0.000000,-0.03180610,2026-06-13,2026-08-02,22,294,143,51,0.431373,0.816443,0.883581,1.219212,,,,,,,,GLOBAL_BASELINE_NO_ENTITY_RANKING,,,NOT_APPLICABLE_GLOBAL_BASELINE,HF9g-P5,,,,X 全窗基线 · 不参与实体赏罚,15051603,1506,A168_HF9F_20260827_0900,2026-08-27 09:00:00
2026-08-01,151416945,1947,0,1592.0478422494,-109.5037982866,-109.5037982866,0.4705882,28,17,0.47118694231093395,0.367427026471,-0.004945282437109664,0.8822669640934384,-0.004945282437109664,0.10375991583993395,ELIGIBLE,R03b_20260811_FULL_v1,L1_ELIGIBILITY,v2026-08-11,2026-03-21..2026-08-06,baccarat_bet02_101_all_pairs_incl_sentinel,round_win = game_pnl > 0 (decisive only),COMPATIBILITY_ONLY_NOT_PRODUCTION,331389.1826,302532.4021,9869.9372,6148,3572,-0.02978352,-0.04995611,-0.01815001,-0.02978352,-9869.9372,331389.1826,OK,0.0000,394.7975,4.0000,96.0000,AG03-UNRESOLVED,ALL5_LEVELS_bet23_to_bet27,394.7975,394.7975,394.7975,592.1962,592.1962,4.000000,4.000000,4.000000,6.000000,6.000000,96.000000,96.000000,96.000000,94.000000,94.000000,5.0,2368.7849,2154.0868,7501.1522,7715.8503,PENDING_AG03,FALSE,NOT_FOR_ENFORCEMENT,9475.1397,290431.1060,9869.9372,9475.1397,394.7975,0.02978352,0.02859218,394.7975,9475.1397,0.02859218,394.7975,394.7975,394.7975,592.1962,592.1962,9475.1397,0.02859218,2368.7849,2154.0868,7501.1522,7715.8503,0.02263548,0.02328335,0.00119134,53.9019,84.6955,2.7631,448.6335,33.5712,15063.1447,162.3636,47.6267,58.3345,10.3857,40.4073,83.0858,124.6287,155.7859,183.9513,20.7715,-10.2195,3.855389,4.552426,1.333965,18,97,34,8,0.36576351,0.02978352,0.04995611,0E-8,0.000000,0.912922,0.000000,-0.03180610,2026-06-13,2026-08-02,22,294,143,51,0.431373,0.816443,0.883581,1.219212,,,,,,,,GLOBAL_BASELINE_NO_ENTITY_RANKING,,,NOT_APPLICABLE_GLOBAL_BASELINE,HF9g-P5,,,,X 全窗基线 · 不参与实体赏罚,15051604,1506,A168_HF9F_20260827_0900,2026-08-27 09:00:00
2026-08-01,151416945,1990,0,292.9529658962,-90.9164376919,-90.9164376919,0.3333333,5,4,0.48552339166667885,0.446766462500,-0.5274229395890254,-0.39519005599683676,-0.5274229395890254,0.03875692916667885,ELIGIBLE,R03b_20260811_FULL_v1,L1_ELIGIBILITY,v2026-08-11,2026-03-21..2026-08-06,baccarat_bet02_101_all_pairs_incl_sentinel,round_win = game_pnl > 0 (decisive only),COMPATIBILITY_ONLY_NOT_PRODUCTION,331389.1826,302532.4021,9869.9372,6148,3572,-0.02978352,-0.04995611,-0.01815001,-0.02978352,-9869.9372,331389.1826,OK,0.0000,394.7975,4.0000,96.0000,AG03-UNRESOLVED,ALL5_LEVELS_bet23_to_bet27,394.7975,394.7975,394.7975,592.1962,592.1962,4.000000,4.000000,4.000000,6.000000,6.000000,96.000000,96.000000,96.000000,94.000000,94.000000,5.0,2368.7849,2154.0868,7501.1522,7715.8503,PENDING_AG03,FALSE,NOT_FOR_ENFORCEMENT,9475.1397,290431.1060,9869.9372,9475.1397,394.7975,0.02978352,0.02859218,394.7975,9475.1397,0.02859218,394.7975,394.7975,394.7975,592.1962,592.1962,9475.1397,0.02859218,2368.7849,2154.0868,7501.1522,7715.8503,0.02263548,0.02328335,0.00119134,53.9019,84.6955,2.7631,448.6335,33.5712,15063.1447,162.3636,47.6267,58.3345,10.3857,40.4073,83.0858,124.6287,155.7859,183.9513,20.7715,-10.2195,3.855389,4.552426,1.333965,18,97,34,8,0.36576351,0.02978352,0.04995611,0E-8,0.000000,0.912922,0.000000,-0.03180610,2026-06-13,2026-08-02,22,294,143,51,0.431373,0.816443,0.883581,1.219212,,,,,,,,GLOBAL_BASELINE_NO_ENTITY_RANKING,,,NOT_APPLICABLE_GLOBAL_BASELINE,HF9g-P5,,,,X 全窗基线 · 不参与实体赏罚,15051605,1506,A168_HF9F_20260827_0900,2026-08-27 09:00:00
2026-08-01,151416945,2093,0,181.8328753838,-181.8328753838,-181.8328753838,0E-7,4,2,0.45274417142862855,0.297275450000,-1.286311741609235,-0.9198181129370825,-1.286311741609235,0.15546872142862855,ELIGIBLE,R03b_20260811_FULL_v1,L1_ELIGIBILITY,v2026-08-11,2026-03-21..2026-08-06,baccarat_bet02_101_all_pairs_incl_sentinel,round_win = game_pnl > 0 (decisive only),COMPATIBILITY_ONLY_NOT_PRODUCTION,331389.1826,302532.4021,9869.9372,6148,3572,-0.02978352,-0.04995611,-0.01815001,-0.02978352,-9869.9372,331389.1826,OK,0.0000,394.7975,4.0000,96.0000,AG03-UNRESOLVED,ALL5_LEVELS_bet23_to_bet27,394.7975,394.7975,394.7975,592.1962,592.1962,4.000000,4.000000,4.000000,6.000000,6.000000,96.000000,96.000000,96.000000,94.000000,94.000000,5.0,2368.7849,2154.0868,7501.1522,7715.8503,PENDING_AG03,FALSE,NOT_FOR_ENFORCEMENT,9475.1397,290431.1060,9869.9372,9475.1397,394.7975,0.02978352,0.02859218,394.7975,9475.1397,0.02859218,394.7975,394.7975,394.7975,592.1962,592.1962,9475.1397,0.02859218,2368.7849,2154.0868,7501.1522,7715.8503,0.02263548,0.02328335,0.00119134,53.9019,84.6955,2.7631,448.6335,33.5712,15063.1447,162.3636,47.6267,58.3345,10.3857,40.4073,83.0858,124.6287,155.7859,183.9513,20.7715,-10.2195,3.855389,4.552426,1.333965,18,97,34,8,0.36576351,0.02978352,0.04995611,0E-8,0.000000,0.912922,0.000000,-0.03180610,2026-06-13,2026-08-02,22,294,143,51,0.431373,0.816443,0.883581,1.219212,,,,,,,,GLOBAL_BASELINE_NO_ENTITY_RANKING,,,NOT_APPLICABLE_GLOBAL_BASELINE,HF9g-P5,,,,X 全窗基线 · 不参与实体赏罚,15051606,1506,A168_HF9F_20260827_0900,2026-08-27 09:00:00
2026-08-01,151416945,2106,0,1772.0623888795,-126.8890415387,-126.8890415387,0.5217391,34,23,0.47860060591338340,0.404037663043,0.41414967188188934,1.1503379903735993,0.41414967188188934,0.07456294287038340,ELIGIBLE,R03b_20260811_FULL_v1,L1_ELIGIBILITY,v2026-08-11,2026-03-21..2026-08-06,baccarat_bet02_101_all_pairs_incl_sentinel,round_win = game_pnl > 0 (decisive only),COMPATIBILITY_ONLY_NOT_PRODUCTION,331389.1826,302532.4021,9869.9372,6148,3572,-0.02978352,-0.04995611,-0.01815001,-0.02978352,-9869.9372,331389.1826,OK,0.0000,394.7975,4.0000,96.0000,AG03-UNRESOLVED,ALL5_LEVELS_bet23_to_bet27,394.7975,394.7975,394.7975,592.1962,592.1962,4.000000,4.000000,4.000000,6.000000,6.000000,96.000000,96.000000,96.000000,94.000000,94.000000,5.0,2368.7849,2154.0868,7501.1522,7715.8503,PENDING_AG03,FALSE,NOT_FOR_ENFORCEMENT,9475.1397,290431.1060,9869.9372,9475.1397,394.7975,0.02978352,0.02859218,394.7975,9475.1397,0.02859218,394.7975,394.7975,394.7975,592.1962,592.1962,9475.1397,0.02859218,2368.7849,2154.0868,7501.1522,7715.8503,0.02263548,0.02328335,0.00119134,53.9019,84.6955,2.7631,448.6335,33.5712,15063.1447,162.3636,47.6267,58.3345,10.3857,40.4073,83.0858,124.6287,155.7859,183.9513,20.7715,-10.2195,3.855389,4.552426,1.333965,18,97,34,8,0.36576351,0.02978352,0.04995611,0E-8,0.000000,0.912922,0.000000,-0.03180610,2026-06-13,2026-08-02,22,294,143,51,0.431373,0.816443,0.883581,1.219212,,,,,,,,GLOBAL_BASELINE_NO_ENTITY_RANKING,,,NOT_APPLICABLE_GLOBAL_BASELINE,HF9g-P5,,,,X 全窗基线 · 不参与实体赏罚,15051607,1506,A168_HF9F_20260827_0900,2026-08-27 09:00:00
2026-08-01,151416945,2121,0,4796.3471795680,483.8774850494,483.8774850494,0.5882353,93,52,0.45299368530306338,0.326298404808,1.9402298084109098,3.9897022948321013,1.9402298084109098,0.12669528049506338,ELIGIBLE,R03b_20260811_FULL_v1,L1_ELIGIBILITY,v2026-08-11,2026-03-21..2026-08-06,baccarat_bet02_101_all_pairs_incl_sentinel,round_win = game_pnl > 0 (decisive only),COMPATIBILITY_ONLY_NOT_PRODUCTION,331389.1826,302532.4021,9869.9372,6148,3572,-0.02978352,-0.04995611,-0.01815001,-0.02978352,-9869.9372,331389.1826,OK,0.0000,394.7975,4.0000,96.0000,AG03-UNRESOLVED,ALL5_LEVELS_bet23_to_bet27,394.7975,394.7975,394.7975,592.1962,592.1962,4.000000,4.000000,4.000000,6.000000,6.000000,96.000000,96.000000,96.000000,94.000000,94.000000,5.0,2368.7849,2154.0868,7501.1522,7715.8503,PENDING_AG03,FALSE,NOT_FOR_ENFORCEMENT,9475.1397,290431.1060,9869.9372,9475.1397,394.7975,0.02978352,0.02859218,394.7975,9475.1397,0.02859218,394.7975,394.7975,394.7975,592.1962,592.1962,9475.1397,0.02859218,2368.7849,2154.0868,7501.1522,7715.8503,0.02263548,0.02328335,0.00119134,53.9019,84.6955,2.7631,448.6335,33.5712,15063.1447,162.3636,47.6267,58.3345,10.3857,40.4073,83.0858,124.6287,155.7859,183.9513,20.7715,-10.2195,3.855389,4.552426,1.333965,18,97,34,8,0.36576351,0.02978352,0.04995611,0E-8,0.000000,0.912922,0.000000,-0.03180610,2026-06-13,2026-08-02,22,294,143,51,0.431373,0.816443,0.883581,1.219212,,,,,,,,GLOBAL_BASELINE_NO_ENTITY_RANKING,,,NOT_APPLICABLE_GLOBAL_BASELINE,HF9g-P5,,,,X 全窗基线 · 不参与实体赏罚,15051608,1506,A168_HF9F_20260827_0900,2026-08-27 09:00:00
2026-08-01,151416945,2130,0,1573.8645547110,-310.6311621140,-310.6311621140,0.4736842,35,19,0.45936138612601963,0.330687468421,0.12527796629266055,1.3248893120158587,0.12527796629266055,0.12867391770501963,ELIGIBLE,R03b_20260811_FULL_v1,L1_ELIGIBILITY,v2026-08-11,2026-03-21..2026-08-06,baccarat_bet02_101_all_pairs_incl_sentinel,round_win = game_pnl > 0 (decisive only),COMPATIBILITY_ONLY_NOT_PRODUCTION,331389.1826,302532.4021,9869.9372,6148,3572,-0.02978352,-0.04995611,-0.01815001,-0.02978352,-9869.9372,331389.1826,OK,0.0000,394.7975,4.0000,96.0000,AG03-UNRESOLVED,ALL5_LEVELS_bet23_to_bet27,394.7975,394.7975,394.7975,592.1962,592.1962,4.000000,4.000000,4.000000,6.000000,6.000000,96.000000,96.000000,96.000000,94.000000,94.000000,5.0,2368.7849,2154.0868,7501.1522,7715.8503,PENDING_AG03,FALSE,NOT_FOR_ENFORCEMENT,9475.1397,290431.1060,9869.9372,9475.1397,394.7975,0.02978352,0.02859218,394.7975,9475.1397,0.02859218,394.7975,394.7975,394.7975,592.1962,592.1962,9475.1397,0.02859218,2368.7849,2154.0868,7501.1522,7715.8503,0.02263548,0.02328335,0.00119134,53.9019,84.6955,2.7631,448.6335,33.5712,15063.1447,162.3636,47.6267,58.3345,10.3857,40.4073,83.0858,124.6287,155.7859,183.9513,20.7715,-10.2195,3.855389,4.552426,1.333965,18,97,34,8,0.36576351,0.02978352,0.04995611,0E-8,0.000000,0.912922,0.000000,-0.03180610,2026-06-13,2026-08-02,22,294,143,51,0.431373,0.816443,0.883581,1.219212,,,,,,,,GLOBAL_BASELINE_NO_ENTITY_RANKING,,,NOT_APPLICABLE_GLOBAL_BASELINE,HF9g-P5,,,,X 全窗基线 · 不参与实体赏罚,15051609,1506,A168_HF9F_20260827_0900,2026-08-27 09:00:00
2026-08-01,151416945,2153,0,2242.6054630678,-255.1721351221,-255.1721351221,0.4838710,45,34,0.48414892796934177,0.433884698529,-0.0030967906655418277,0.5615545581376248,-0.0030967906655418277,0.05026422944034177,ELIGIBLE,R03b_20260811_FULL_v1,L1_ELIGIBILITY,v2026-08-11,2026-03-21..2026-08-06,baccarat_bet02_101_all_pairs_incl_sentinel,round_win = game_pnl > 0 (decisive only),COMPATIBILITY_ONLY_NOT_PRODUCTION,331389.1826,302532.4021,9869.9372,6148,3572,-0.02978352,-0.04995611,-0.01815001,-0.02978352,-9869.9372,331389.1826,OK,0.0000,394.7975,4.0000,96.0000,AG03-UNRESOLVED,ALL5_LEVELS_bet23_to_bet27,394.7975,394.7975,394.7975,592.1962,592.1962,4.000000,4.000000,4.000000,6.000000,6.000000,96.000000,96.000000,96.000000,94.000000,94.000000,5.0,2368.7849,2154.0868,7501.1522,7715.8503,PENDING_AG03,FALSE,NOT_FOR_ENFORCEMENT,9475.1397,290431.1060,9869.9372,9475.1397,394.7975,0.02978352,0.02859218,394.7975,9475.1397,0.02859218,394.7975,394.7975,394.7975,592.1962,592.1962,9475.1397,0.02859218,2368.7849,2154.0868,7501.1522,7715.8503,0.02263548,0.02328335,0.00119134,53.9019,84.6955,2.7631,448.6335,33.5712,15063.1447,162.3636,47.6267,58.3345,10.3857,40.4073,83.0858,124.6287,155.7859,183.9513,20.7715,-10.2195,3.855389,4.552426,1.333965,18,97,34,8,0.36576351,0.02978352,0.04995611,0E-8,0.000000,0.912922,0.000000,-0.03180610,2026-06-13,2026-08-02,22,294,143,51,0.431373,0.816443,0.883581,1.219212,,,,,,,,GLOBAL_BASELINE_NO_ENTITY_RANKING,,,NOT_APPLICABLE_GLOBAL_BASELINE,HF9g-P5,,,,X 全窗基线 · 不参与实体赏罚,15051610,1506,A168_HF9F_20260827_0900,2026-08-27 09:00:00
2026-08-01,151416945,2160,0,1533.4572490712,407.4066591237,407.4066591237,0.6800000,41,27,0.47217170635378945,0.394858577778,2.0815093366092268,2.9166283072004533,2.0815093366092268,0.07731312857578945,ELIGIBLE,R03b_20260811_FULL_v1,L1_ELIGIBILITY,v2026-08-11,2026-03-21..2026-08-06,baccarat_bet02_101_all_pairs_incl_sentinel,round_win = game_pnl > 0 (decisive only),COMPATIBILITY_ONLY_NOT_PRODUCTION,331389.1826,302532.4021,9869.9372,6148,3572,-0.02978352,-0.04995611,-0.01815001,-0.02978352,-9869.9372,331389.1826,OK,0.0000,394.7975,4.0000,96.0000,AG03-UNRESOLVED,ALL5_LEVELS_bet23_to_bet27,394.7975,394.7975,394.7975,592.1962,592.1962,4.000000,4.000000,4.000000,6.000000,6.000000,96.000000,96.000000,96.000000,94.000000,94.000000,5.0,2368.7849,2154.0868,7501.1522,7715.8503,PENDING_AG03,FALSE,NOT_FOR_ENFORCEMENT,9475.1397,290431.1060,9869.9372,9475.1397,394.7975,0.02978352,0.02859218,394.7975,9475.1397,0.02859218,394.7975,394.7975,394.7975,592.1962,592.1962,9475.1397,0.02859218,2368.7849,2154.0868,7501.1522,7715.8503,0.02263548,0.02328335,0.00119134,53.9019,84.6955,2.7631,448.6335,33.5712,15063.1447,162.3636,47.6267,58.3345,10.3857,40.4073,83.0858,124.6287,155.7859,183.9513,20.7715,-10.2195,3.855389,4.552426,1.333965,18,97,34,8,0.36576351,0.02978352,0.04995611,0E-8,0.000000,0.912922,0.000000,-0.03180610,2026-06-13,2026-08-02,22,294,143,51,0.431373,0.816443,0.883581,1.219212,,,,,,,,GLOBAL_BASELINE_NO_ENTITY_RANKING,,,NOT_APPLICABLE_GLOBAL_BASELINE,HF9g-P5,,,,X 全窗基线 · 不参与实体赏罚,15051611,1506,A168_HF9F_20260827_0900,2026-08-27 09:00:00
2026-08-01,151416945,2169,0,323.2584451270,129.8084693711,129.8084693711,0.7500000,11,8,0.48681135666666083,0.429391718750,1.489337997445033,1.831993220032004,1.489337997445033,0.05741963791666083,ELIGIBLE,R03b_20260811_FULL_v1,L1_ELIGIBILITY,v2026-08-11,2026-03-21..2026-08-06,baccarat_bet02_101_all_pairs_incl_sentinel,round_win = game_pnl > 0 (decisive only),COMPATIBILITY_ONLY_NOT_PRODUCTION,331389.1826,302532.4021,9869.9372,6148,3572,-0.02978352,-0.04995611,-0.01815001,-0.02978352,-9869.9372,331389.1826,OK,0.0000,394.7975,4.0000,96.0000,AG03-UNRESOLVED,ALL5_LEVELS_bet23_to_bet27,394.7975,394.7975,394.7975,592.1962,592.1962,4.000000,4.000000,4.000000,6.000000,6.000000,96.000000,96.000000,96.000000,94.000000,94.000000,5.0,2368.7849,2154.0868,7501.1522,7715.8503,PENDING_AG03,FALSE,NOT_FOR_ENFORCEMENT,9475.1397,290431.1060,9869.9372,9475.1397,394.7975,0.02978352,0.02859218,394.7975,9475.1397,0.02859218,394.7975,394.7975,394.7975,592.1962,592.1962,9475.1397,0.02859218,2368.7849,2154.0868,7501.1522,7715.8503,0.02263548,0.02328335,0.00119134,53.9019,84.6955,2.7631,448.6335,33.5712,15063.1447,162.3636,47.6267,58.3345,10.3857,40.4073,83.0858,124.6287,155.7859,183.9513,20.7715,-10.2195,3.855389,4.552426,1.333965,18,97,34,8,0.36576351,0.02978352,0.04995611,0E-8,0.000000,0.912922,0.000000,-0.03180610,2026-06-13,2026-08-02,22,294,143,51,0.431373,0.816443,0.883581,1.219212,,,,,,,,GLOBAL_BASELINE_NO_ENTITY_RANKING,,,NOT_APPLICABLE_GLOBAL_BASELINE,HF9g-P5,,,,X 全窗基线 · 不参与实体赏罚,15051612,1506,A168_HF9F_20260827_0900,2026-08-27 09:00:00
2026-08-01,151416945,2223,0,2355.7459188614,117.5852594151,117.5852594151,0.5909091,42,22,0.44540400152334439,0.297580113636,1.373169350826578,3.009303266561102,1.373169350826578,0.14782388788734439,ELIGIBLE,R03b_20260811_FULL_v1,L1_ELIGIBILITY,v2026-08-11,2026-03-21..2026-08-06,baccarat_bet02_101_all_pairs_incl_sentinel,round_win = game_pnl > 0 (decisive only),COMPATIBILITY_ONLY_NOT_PRODUCTION,331389.1826,302532.4021,9869.9372,6148,3572,-0.02978352,-0.04995611,-0.01815001,-0.02978352,-9869.9372,331389.1826,OK,0.0000,394.7975,4.0000,96.0000,AG03-UNRESOLVED,ALL5_LEVELS_bet23_to_bet27,394.7975,394.7975,394.7975,592.1962,592.1962,4.000000,4.000000,4.000000,6.000000,6.000000,96.000000,96.000000,96.000000,94.000000,94.000000,5.0,2368.7849,2154.0868,7501.1522,7715.8503,PENDING_AG03,FALSE,NOT_FOR_ENFORCEMENT,9475.1397,290431.1060,9869.9372,9475.1397,394.7975,0.02978352,0.02859218,394.7975,9475.1397,0.02859218,394.7975,394.7975,394.7975,592.1962,592.1962,9475.1397,0.02859218,2368.7849,2154.0868,7501.1522,7715.8503,0.02263548,0.02328335,0.00119134,53.9019,84.6955,2.7631,448.6335,33.5712,15063.1447,162.3636,47.6267,58.3345,10.3857,40.4073,83.0858,124.6287,155.7859,183.9513,20.7715,-10.2195,3.855389,4.552426,1.333965,18,97,34,8,0.36576351,0.02978352,0.04995611,0E-8,0.000000,0.912922,0.000000,-0.03180610,2026-06-13,2026-08-02,22,294,143,51,0.431373,0.816443,0.883581,1.219212,,,,,,,,GLOBAL_BASELINE_NO_ENTITY_RANKING,,,NOT_APPLICABLE_GLOBAL_BASELINE,HF9g-P5,,,,X 全窗基线 · 不参与实体赏罚,15051613,1506,A168_HF9F_20260827_0900,2026-08-27 09:00:00
2026-08-01,151416945,529,0,983.9178923546,-584.8957491513,-584.8957491513,0.1818182,19,11,0.43741596425803737,0.315700236364,-1.7088833068126275,-0.9553402209827371,-1.7088833068126275,0.12171572789403737,ELIGIBLE,R03b_20260811_FULL_v1,L1_ELIGIBILITY,v2026-08-11,2026-03-21..2026-08-06,baccarat_bet02_101_all_pairs_incl_sentinel,round_win = game_pnl > 0 (decisive only),COMPATIBILITY_ONLY_NOT_PRODUCTION,331389.1826,302532.4021,9869.9372,6148,3572,-0.02978352,-0.04995611,-0.01815001,-0.02978352,-9869.9372,331389.1826,OK,0.0000,394.7975,4.0000,96.0000,AG03-UNRESOLVED,ALL5_LEVELS_bet23_to_bet27,394.7975,394.7975,394.7975,592.1962,592.1962,4.000000,4.000000,4.000000,6.000000,6.000000,96.000000,96.000000,96.000000,94.000000,94.000000,5.0,2368.7849,2154.0868,7501.1522,7715.8503,PENDING_AG03,FALSE,NOT_FOR_ENFORCEMENT,9475.1397,290431.1060,9869.9372,9475.1397,394.7975,0.02978352,0.02859218,394.7975,9475.1397,0.02859218,394.7975,394.7975,394.7975,592.1962,592.1962,9475.1397,0.02859218,2368.7849,2154.0868,7501.1522,7715.8503,0.02263548,0.02328335,0.00119134,53.9019,84.6955,2.7631,448.6335,33.5712,15063.1447,162.3636,47.6267,58.3345,10.3857,40.4073,83.0858,124.6287,155.7859,183.9513,20.7715,-10.2195,3.855389,4.552426,1.333965,18,97,34,8,0.36576351,0.02978352,0.04995611,0E-8,0.000000,0.912922,0.000000,-0.03180610,2026-06-13,2026-08-02,22,294,143,51,0.431373,0.816443,0.883581,1.219212,,,,,,,,GLOBAL_BASELINE_NO_ENTITY_RANKING,,,NOT_APPLICABLE_GLOBAL_BASELINE,HF9g-P5,,,,X 全窗基线 · 不参与实体赏罚,15051614,1506,A168_HF9F_20260827_0900,2026-08-27 09:00:00
2026-08-01,151416945,763,0,575.8041053820,-212.1383546144,-212.1383546144,0.3333333,10,6,0.47339034742426845,0.364833000000,-0.6871101779777027,-0.16028414426199042,-0.6871101779777027,0.10855734742426845,ELIGIBLE,R03b_20260811_FULL_v1,L1_ELIGIBILITY,v2026-08-11,2026-03-21..2026-08-06,baccarat_bet02_101_all_pairs_incl_sentinel,round_win = game_pnl > 0 (decisive only),COMPATIBILITY_ONLY_NOT_PRODUCTION,331389.1826,302532.4021,9869.9372,6148,3572,-0.02978352,-0.04995611,-0.01815001,-0.02978352,-9869.9372,331389.1826,OK,0.0000,394.7975,4.0000,96.0000,AG03-UNRESOLVED,ALL5_LEVELS_bet23_to_bet27,394.7975,394.7975,394.7975,592.1962,592.1962,4.000000,4.000000,4.000000,6.000000,6.000000,96.000000,96.000000,96.000000,94.000000,94.000000,5.0,2368.7849,2154.0868,7501.1522,7715.8503,PENDING_AG03,FALSE,NOT_FOR_ENFORCEMENT,9475.1397,290431.1060,9869.9372,9475.1397,394.7975,0.02978352,0.02859218,394.7975,9475.1397,0.02859218,394.7975,394.7975,394.7975,592.1962,592.1962,9475.1397,0.02859218,2368.7849,2154.0868,7501.1522,7715.8503,0.02263548,0.02328335,0.00119134,53.9019,84.6955,2.7631,448.6335,33.5712,15063.1447,162.3636,47.6267,58.3345,10.3857,40.4073,83.0858,124.6287,155.7859,183.9513,20.7715,-10.2195,3.855389,4.552426,1.333965,18,97,34,8,0.36576351,0.02978352,0.04995611,0E-8,0.000000,0.912922,0.000000,-0.03180610,2026-06-13,2026-08-02,22,294,143,51,0.431373,0.816443,0.883581,1.219212,,,,,,,,GLOBAL_BASELINE_NO_ENTITY_RANKING,,,NOT_APPLICABLE_GLOBAL_BASELINE,HF9g-P5,,,,X 全窗基线 · 不参与实体赏罚,15051615,1506,A168_HF9F_20260827_0900,2026-08-27 09:00:00
2026-08-01,151416945,789,0,3000.2424438331,-228.3012768707,-228.3012768707,0.5135135,55,40,0.47704225872729504,0.423694508750,0.4441604076097425,1.1056465218176976,0.4441604076097425,0.05334774997729504,ELIGIBLE,R03b_20260811_FULL_v1,L1_ELIGIBILITY,v2026-08-11,2026-03-21..2026-08-06,baccarat_bet02_101_all_pairs_incl_sentinel,round_win = game_pnl > 0 (decisive only),COMPATIBILITY_ONLY_NOT_PRODUCTION,331389.1826,302532.4021,9869.9372,6148,3572,-0.02978352,-0.04995611,-0.01815001,-0.02978352,-9869.9372,331389.1826,OK,0.0000,394.7975,4.0000,96.0000,AG03-UNRESOLVED,ALL5_LEVELS_bet23_to_bet27,394.7975,394.7975,394.7975,592.1962,592.1962,4.000000,4.000000,4.000000,6.000000,6.000000,96.000000,96.000000,96.000000,94.000000,94.000000,5.0,2368.7849,2154.0868,7501.1522,7715.8503,PENDING_AG03,FALSE,NOT_FOR_ENFORCEMENT,9475.1397,290431.1060,9869.9372,9475.1397,394.7975,0.02978352,0.02859218,394.7975,9475.1397,0.02859218,394.7975,394.7975,394.7975,592.1962,592.1962,9475.1397,0.02859218,2368.7849,2154.0868,7501.1522,7715.8503,0.02263548,0.02328335,0.00119134,53.9019,84.6955,2.7631,448.6335,33.5712,15063.1447,162.3636,47.6267,58.3345,10.3857,40.4073,83.0858,124.6287,155.7859,183.9513,20.7715,-10.2195,3.855389,4.552426,1.333965,18,97,34,8,0.36576351,0.02978352,0.04995611,0E-8,0.000000,0.912922,0.000000,-0.03180610,2026-06-13,2026-08-02,22,294,143,51,0.431373,0.816443,0.883581,1.219212,,,,,,,,GLOBAL_BASELINE_NO_ENTITY_RANKING,,,NOT_APPLICABLE_GLOBAL_BASELINE,HF9g-P5,,,,X 全窗基线 · 不参与实体赏罚,15051616,1506,A168_HF9F_20260827_0900,2026-08-27 09:00:00
2026-08-01,151416945,987,0,317.1973492807,273.0523678681,273.0523678681,1.0000000,6,4,0.47128615238098470,0.396936125000,2.118351373297076,2.465195349625506,2.118351373297076,0.07435002738098470,ELIGIBLE,R03b_20260811_FULL_v1,L1_ELIGIBILITY,v2026-08-11,2026-03-21..2026-08-06,baccarat_bet02_101_all_pairs_incl_sentinel,round_win = game_pnl > 0 (decisive only),COMPATIBILITY_ONLY_NOT_PRODUCTION,331389.1826,302532.4021,9869.9372,6148,3572,-0.02978352,-0.04995611,-0.01815001,-0.02978352,-9869.9372,331389.1826,OK,0.0000,394.7975,4.0000,96.0000,AG03-UNRESOLVED,ALL5_LEVELS_bet23_to_bet27,394.7975,394.7975,394.7975,592.1962,592.1962,4.000000,4.000000,4.000000,6.000000,6.000000,96.000000,96.000000,96.000000,94.000000,94.000000,5.0,2368.7849,2154.0868,7501.1522,7715.8503,PENDING_AG03,FALSE,NOT_FOR_ENFORCEMENT,9475.1397,290431.1060,9869.9372,9475.1397,394.7975,0.02978352,0.02859218,394.7975,9475.1397,0.02859218,394.7975,394.7975,394.7975,592.1962,592.1962,9475.1397,0.02859218,2368.7849,2154.0868,7501.1522,7715.8503,0.02263548,0.02328335,0.00119134,53.9019,84.6955,2.7631,448.6335,33.5712,15063.1447,162.3636,47.6267,58.3345,10.3857,40.4073,83.0858,124.6287,155.7859,183.9513,20.7715,-10.2195,3.855389,4.552426,1.333965,18,97,34,8,0.36576351,0.02978352,0.04995611,0E-8,0.000000,0.912922,0.000000,-0.03180610,2026-06-13,2026-08-02,22,294,143,51,0.431373,0.816443,0.883581,1.219212,,,,,,,,GLOBAL_BASELINE_NO_ENTITY_RANKING,,,NOT_APPLICABLE_GLOBAL_BASELINE,HF9g-P5,,,,X 全窗基线 · 不参与实体赏罚,15051617,1506,A168_HF9F_20260827_0900,2026-08-27 09:00:00
2026-08-02,151416945,1205,0,1462.7444641994,-207.0874414095,-207.0874414095,0.4615385,44,29,0.45020380386293348,0.381948929310,0.11616883574057547,0.8352717556722274,0.11616883574057547,0.06825487455293348,ELIGIBLE,R03b_20260811_FULL_v1,L1_ELIGIBILITY,v2026-08-11,2026-03-21..2026-08-06,baccarat_bet02_101_all_pairs_incl_sentinel,round_win = game_pnl > 0 (decisive only),COMPATIBILITY_ONLY_NOT_PRODUCTION,331389.1826,302532.4021,9869.9372,6148,3572,-0.02978352,-0.04995611,-0.01815001,-0.02978352,-9869.9372,331389.1826,OK,0.0000,394.7975,4.0000,96.0000,AG03-UNRESOLVED,ALL5_LEVELS_bet23_to_bet27,394.7975,394.7975,394.7975,592.1962,592.1962,4.000000,4.000000,4.000000,6.000000,6.000000,96.000000,96.000000,96.000000,94.000000,94.000000,5.0,2368.7849,2154.0868,7501.1522,7715.8503,PENDING_AG03,FALSE,NOT_FOR_ENFORCEMENT,9475.1397,290431.1060,9869.9372,9475.1397,394.7975,0.02978352,0.02859218,394.7975,9475.1397,0.02859218,394.7975,394.7975,394.7975,592.1962,592.1962,9475.1397,0.02859218,2368.7849,2154.0868,7501.1522,7715.8503,0.02263548,0.02328335,0.00119134,53.9019,84.6955,2.7631,448.6335,33.5712,15063.1447,162.3636,47.6267,58.3345,10.3857,40.4073,83.0858,124.6287,155.7859,183.9513,20.7715,-10.2195,3.855389,4.552426,1.333965,18,97,34,8,0.36576351,0.02978352,0.04995611,0E-8,0.000000,0.912922,0.000000,-0.03180610,2026-06-13,2026-08-02,22,294,143,51,0.431373,0.816443,0.883581,1.219212,,,,,,,,GLOBAL_BASELINE_NO_ENTITY_RANKING,,,NOT_APPLICABLE_GLOBAL_BASELINE,HF9g-P5,,,,X 全窗基线 · 不参与实体赏罚,15051618,1506,A168_HF9F_20260827_0900,2026-08-27 09:00:00
2026-08-02,151416945,1382,0,90.9164376918,-30.3054792306,-30.3054792306,0.3333333,4,3,0.46002527500000000,0.426805050000,-0.4402831416357748,-0.3273217721103076,-0.4402831416357748,0.03322022500000000,ELIGIBLE,R03b_20260811_FULL_v1,L1_ELIGIBILITY,v2026-08-11,2026-03-21..2026-08-06,baccarat_bet02_101_all_pairs_incl_sentinel,round_win = game_pnl > 0 (decisive only),COMPATIBILITY_ONLY_NOT_PRODUCTION,331389.1826,302532.4021,9869.9372,6148,3572,-0.02978352,-0.04995611,-0.01815001,-0.02978352,-9869.9372,331389.1826,OK,0.0000,394.7975,4.0000,96.0000,AG03-UNRESOLVED,ALL5_LEVELS_bet23_to_bet27,394.7975,394.7975,394.7975,592.1962,592.1962,4.000000,4.000000,4.000000,6.000000,6.000000,96.000000,96.000000,96.000000,94.000000,94.000000,5.0,2368.7849,2154.0868,7501.1522,7715.8503,PENDING_AG03,FALSE,NOT_FOR_ENFORCEMENT,9475.1397,290431.1060,9869.9372,9475.1397,394.7975,0.02978352,0.02859218,394.7975,9475.1397,0.02859218,394.7975,394.7975,394.7975,592.1962,592.1962,9475.1397,0.02859218,2368.7849,2154.0868,7501.1522,7715.8503,0.02263548,0.02328335,0.00119134,53.9019,84.6955,2.7631,448.6335,33.5712,15063.1447,162.3636,47.6267,58.3345,10.3857,40.4073,83.0858,124.6287,155.7859,183.9513,20.7715,-10.2195,3.855389,4.552426,1.333965,18,97,34,8,0.36576351,0.02978352,0.04995611,0E-8,0.000000,0.912922,0.000000,-0.03180610,2026-06-13,2026-08-02,22,294,143,51,0.431373,0.816443,0.883581,1.219212,,,,,,,,GLOBAL_BASELINE_NO_ENTITY_RANKING,,,NOT_APPLICABLE_GLOBAL_BASELINE,HF9g-P5,,,,X 全窗基线 · 不参与实体赏罚,15051619,1506,A168_HF9F_20260827_0900,2026-08-27 09:00:00
2026-08-02,151416945,1383,0,949.5716825597,30.9115888152,30.9115888152,0.5000000,35,27,0.48268185715670931,0.452455783333,0.16978432637308932,0.4679566758579678,0.16978432637308932,0.03022607382370931,ELIGIBLE,R03b_20260811_FULL_v1,L1_ELIGIBILITY,v2026-08-11,2026-03-21..2026-08-06,baccarat_bet02_101_all_pairs_incl_sentinel,round_win = game_pnl > 0 (decisive only),COMPATIBILITY_ONLY_NOT_PRODUCTION,331389.1826,302532.4021,9869.9372,6148,3572,-0.02978352,-0.04995611,-0.01815001,-0.02978352,-9869.9372,331389.1826,OK,0.0000,394.7975,4.0000,96.0000,AG03-UNRESOLVED,ALL5_LEVELS_bet23_to_bet27,394.7975,394.7975,394.7975,592.1962,592.1962,4.000000,4.000000,4.000000,6.000000,6.000000,96.000000,96.000000,96.000000,94.000000,94.000000,5.0,2368.7849,2154.0868,7501.1522,7715.8503,PENDING_AG03,FALSE,NOT_FOR_ENFORCEMENT,9475.1397,290431.1060,9869.9372,9475.1397,394.7975,0.02978352,0.02859218,394.7975,9475.1397,0.02859218,394.7975,394.7975,394.7975,592.1962,592.1962,9475.1397,0.02859218,2368.7849,2154.0868,7501.1522,7715.8503,0.02263548,0.02328335,0.00119134,53.9019,84.6955,2.7631,448.6335,33.5712,15063.1447,162.3636,47.6267,58.3345,10.3857,40.4073,83.0858,124.6287,155.7859,183.9513,20.7715,-10.2195,3.855389,4.552426,1.333965,18,97,34,8,0.36576351,0.02978352,0.04995611,0E-8,0.000000,0.912922,0.000000,-0.03180610,2026-06-13,2026-08-02,22,294,143,51,0.431373,0.816443,0.883581,1.219212,,,,,,,,GLOBAL_BASELINE_NO_ENTITY_RANKING,,,NOT_APPLICABLE_GLOBAL_BASELINE,HF9g-P5,,,,X 全窗基线 · 不参与实体赏罚,15051620,1506,A168_HF9F_20260827_0900,2026-08-27 09:00:00
2026-08-02,151416945,1485,0,202.0365282043,136.3746565379,136.3746565379,1.0000000,7,4,0.43971453982149017,0.347105787500,2.2576117596675336,2.742966336007482,2.2576117596675336,0.09260875232149017,ELIGIBLE,R03b_20260811_FULL_v1,L1_ELIGIBILITY,v2026-08-11,2026-03-21..2026-08-06,baccarat_bet02_101_all_pairs_incl_sentinel,round_win = game_pnl > 0 (decisive only),COMPATIBILITY_ONLY_NOT_PRODUCTION,331389.1826,302532.4021,9869.9372,6148,3572,-0.02978352,-0.04995611,-0.01815001,-0.02978352,-9869.9372,331389.1826,OK,0.0000,394.7975,4.0000,96.0000,AG03-UNRESOLVED,ALL5_LEVELS_bet23_to_bet27,394.7975,394.7975,394.7975,592.1962,592.1962,4.000000,4.000000,4.000000,6.000000,6.000000,96.000000,96.000000,96.000000,94.000000,94.000000,5.0,2368.7849,2154.0868,7501.1522,7715.8503,PENDING_AG03,FALSE,NOT_FOR_ENFORCEMENT,9475.1397,290431.1060,9869.9372,9475.1397,394.7975,0.02978352,0.02859218,394.7975,9475.1397,0.02859218,394.7975,394.7975,394.7975,592.1962,592.1962,9475.1397,0.02859218,2368.7849,2154.0868,7501.1522,7715.8503,0.02263548,0.02328335,0.00119134,53.9019,84.6955,2.7631,448.6335,33.5712,15063.1447,162.3636,47.6267,58.3345,10.3857,40.4073,83.0858,124.6287,155.7859,183.9513,20.7715,-10.2195,3.855389,4.552426,1.333965,18,97,34,8,0.36576351,0.02978352,0.04995611,0E-8,0.000000,0.912922,0.000000,-0.03180610,2026-06-13,2026-08-02,22,294,143,51,0.431373,0.816443,0.883581,1.219212,,,,,,,,GLOBAL_BASELINE_NO_ENTITY_RANKING,,,NOT_APPLICABLE_GLOBAL_BASELINE,HF9g-P5,,,,X 全窗基线 · 不参与实体赏罚,15051621,1506,A168_HF9F_20260827_0900,2026-08-27 09:00:00
2026-08-02,151416945,2130,0,40.4073056409,-40.4073056409,-40.4073056409,0E-7,1,1,0.49324550000000000,0.493245500000,-0.9865810262130424,-0.9865810262130424,-0.9865810262130424,0E-17,ELIGIBLE,R03b_20260811_FULL_v1,L1_ELIGIBILITY,v2026-08-11,2026-03-21..2026-08-06,baccarat_bet02_101_all_pairs_incl_sentinel,round_win = game_pnl > 0 (decisive only),COMPATIBILITY_ONLY_NOT_PRODUCTION,331389.1826,302532.4021,9869.9372,6148,3572,-0.02978352,-0.04995611,-0.01815001,-0.02978352,-9869.9372,331389.1826,OK,0.0000,394.7975,4.0000,96.0000,AG03-UNRESOLVED,ALL5_LEVELS_bet23_to_bet27,394.7975,394.7975,394.7975,592.1962,592.1962,4.000000,4.000000,4.000000,6.000000,6.000000,96.000000,96.000000,96.000000,94.000000,94.000000,5.0,2368.7849,2154.0868,7501.1522,7715.8503,PENDING_AG03,FALSE,NOT_FOR_ENFORCEMENT,9475.1397,290431.1060,9869.9372,9475.1397,394.7975,0.02978352,0.02859218,394.7975,9475.1397,0.02859218,394.7975,394.7975,394.7975,592.1962,592.1962,9475.1397,0.02859218,2368.7849,2154.0868,7501.1522,7715.8503,0.02263548,0.02328335,0.00119134,53.9019,84.6955,2.7631,448.6335,33.5712,15063.1447,162.3636,47.6267,58.3345,10.3857,40.4073,83.0858,124.6287,155.7859,183.9513,20.7715,-10.2195,3.855389,4.552426,1.333965,18,97,34,8,0.36576351,0.02978352,0.04995611,0E-8,0.000000,0.912922,0.000000,-0.03180610,2026-06-13,2026-08-02,22,294,143,51,0.431373,0.816443,0.883581,1.219212,,,,,,,,GLOBAL_BASELINE_NO_ENTITY_RANKING,,,NOT_APPLICABLE_GLOBAL_BASELINE,HF9g-P5,,,,X 全窗基线 · 不参与实体赏罚,15051622,1506,A168_HF9F_20260827_0900,2026-08-27 09:00:00
2026-08-02,151416945,789,0,91.5225472766,-91.5225472766,-91.5225472766,0E-7,4,3,0.48563381818179100,0.431273450000,-1.6829797282438939,-1.5082913394543875,-1.6829797282438939,0.05436036818179100,ELIGIBLE,R03b_20260811_FULL_v1,L1_ELIGIBILITY,v2026-08-11,2026-03-21..2026-08-06,baccarat_bet02_101_all_pairs_incl_sentinel,round_win = game_pnl > 0 (decisive only),COMPATIBILITY_ONLY_NOT_PRODUCTION,331389.1826,302532.4021,9869.9372,6148,3572,-0.02978352,-0.04995611,-0.01815001,-0.02978352,-9869.9372,331389.1826,OK,0.0000,394.7975,4.0000,96.0000,AG03-UNRESOLVED,ALL5_LEVELS_bet23_to_bet27,394.7975,394.7975,394.7975,592.1962,592.1962,4.000000,4.000000,4.000000,6.000000,6.000000,96.000000,96.000000,96.000000,94.000000,94.000000,5.0,2368.7849,2154.0868,7501.1522,7715.8503,PENDING_AG03,FALSE,NOT_FOR_ENFORCEMENT,9475.1397,290431.1060,9869.9372,9475.1397,394.7975,0.02978352,0.02859218,394.7975,9475.1397,0.02859218,394.7975,394.7975,394.7975,592.1962,592.1962,9475.1397,0.02859218,2368.7849,2154.0868,7501.1522,7715.8503,0.02263548,0.02328335,0.00119134,53.9019,84.6955,2.7631,448.6335,33.5712,15063.1447,162.3636,47.6267,58.3345,10.3857,40.4073,83.0858,124.6287,155.7859,183.9513,20.7715,-10.2195,3.855389,4.552426,1.333965,18,97,34,8,0.36576351,0.02978352,0.04995611,0E-8,0.000000,0.912922,0.000000,-0.03180610,2026-06-13,2026-08-02,22,294,143,51,0.431373,0.816443,0.883581,1.219212,,,,,,,,GLOBAL_BASELINE_NO_ENTITY_RANKING,,,NOT_APPLICABLE_GLOBAL_BASELINE,HF9g-P5,,,,X 全窗基线 · 不参与实体赏罚,15051623,1506,A168_HF9F_20260827_0900,2026-08-27 09:00:00
2026-03-22,97514464,1306,0,59.7730205124,-20.2359322748,-20.2359322748,0.5000000,2,2,0.50665070000000000,0.506650700000,-0.018812684590367487,-0.018812684590367487,-0.018812684590367487,0E-17,ELIGIBLE,R03b_20260811_FULL_v1,L1_ELIGIBILITY,v2026-08-11,2026-03-21..2026-08-06,baccarat_bet02_101_all_pairs_incl_sentinel,round_win = game_pnl > 0 (decisive only),COMPATIBILITY_ONLY_NOT_PRODUCTION,93574.8029,85125.2922,9875.4261,605,599,-0.10553510,-0.43952068,-0.10356260,-0.10553510,-9875.4261,93574.8029,OK,0.0000,395.0170,4.0000,96.0000,AG03-UNRESOLVED,ALL5_LEVELS_bet23_to_bet27,395.0170,395.0170,395.0170,395.0170,395.0170,4.000000,4.000000,4.000000,4.000000,4.000000,96.000000,96.000000,96.000000,96.000000,96.000000,5.0,1975.0852,1823.2733,7900.3409,8052.1529,PENDING_AG03,FALSE,NOT_FOR_ENFORCEMENT,9480.4091,81720.2806,9875.4261,9480.4091,395.0170,0.10553510,0.10131370,395.0170,9480.4091,0.10131370,395.0170,395.0170,395.0170,395.0170,395.0170,9480.4091,0.10131370,1975.0852,1823.2733,7900.3409,8052.1529,0.08442808,0.08605044,0.00422140,154.6691,142.1123,16.4865,290.4537,143.1221,2752.2001,17.6176,109.8805,155.0423,39.2639,86.3807,209.4076,394.9759,523.5191,787.3816,78.5279,-5.2352,6.060606,9.115254,1.790553,24,59,32,6,0.00587126,0.10553510,0.43952068,0E-8,0.000000,0.909703,0.000000,-0.33595808,2026-03-22,2026-07-20,34,69,67,121,0.280992,0.708713,0.710423,0.019571,,,,,,,,GLOBAL_BASELINE_NO_ENTITY_RANKING,,,NOT_APPLICABLE_GLOBAL_BASELINE,HF9g-P5,,,,X 全窗基线 · 不参与实体赏罚,15051624,1506,A168_HF9F_20260827_0900,2026-08-27 09:00:00
2026-03-23,97514464,-1,1,1527.5034889535,-395.2392237407,-395.2392237407,0.3333333,18,18,0.49473496666666667,0.494734966667,-1.2502809948416465,-1.2502809948442197,-1.2502809948416465,-3.3333E-13,SENTINEL_DEALER,R03b_20260811_FULL_v1,L1_ELIGIBILITY,v2026-08-11,2026-03-21..2026-08-06,baccarat_bet02_101_all_pairs_incl_sentinel,round_win = game_pnl > 0 (decisive only),COMPATIBILITY_ONLY_NOT_PRODUCTION,93574.8029,85125.2922,9875.4261,605,599,-0.10553510,-0.43952068,-0.10356260,-0.10553510,-9875.4261,93574.8029,OK,0.0000,395.0170,4.0000,96.0000,AG03-UNRESOLVED,ALL5_LEVELS_bet23_to_bet27,395.0170,395.0170,395.0170,395.0170,395.0170,4.000000,4.000000,4.000000,4.000000,4.000000,96.000000,96.000000,96.000000,96.000000,96.000000,5.0,1975.0852,1823.2733,7900.3409,8052.1529,PENDING_AG03,FALSE,NOT_FOR_ENFORCEMENT,9480.4091,81720.2806,9875.4261,9480.4091,395.0170,0.10553510,0.10131370,395.0170,9480.4091,0.10131370,395.0170,395.0170,395.0170,395.0170,395.0170,9480.4091,0.10131370,1975.0852,1823.2733,7900.3409,8052.1529,0.08442808,0.08605044,0.00422140,154.6691,142.1123,16.4865,290.4537,143.1221,2752.2001,17.6176,109.8805,155.0423,39.2639,86.3807,209.4076,394.9759,523.5191,787.3816,78.5279,-5.2352,6.060606,9.115254,1.790553,24,59,32,6,0.00587126,0.10553510,0.43952068,0E-8,0.000000,0.909703,0.000000,-0.33595808,2026-03-22,2026-07-20,34,69,67,121,0.280992,0.708713,0.710423,0.019571,,,,,,,,GLOBAL_BASELINE_NO_ENTITY_RANKING,,,NOT_APPLICABLE_GLOBAL_BASELINE,HF9g-P5,,,,X 全窗基线 · 不参与实体赏罚,15051625,1506,A168_HF9F_20260827_0900,2026-08-27 09:00:00
2026-03-24,97514464,-1,1,2715.0643810730,-131.6586354898,-131.6586354898,0.5312500,34,34,0.49758247647058824,0.497582476471,0.3809089995048585,0.38090899950019846,0.3809089995048585,-4.1176E-13,SENTINEL_DEALER,R03b_20260811_FULL_v1,L1_ELIGIBILITY,v2026-08-11,2026-03-21..2026-08-06,baccarat_bet02_101_all_pairs_incl_sentinel,round_win = game_pnl > 0 (decisive only),COMPATIBILITY_ONLY_NOT_PRODUCTION,93574.8029,85125.2922,9875.4261,605,599,-0.10553510,-0.43952068,-0.10356260,-0.10553510,-9875.4261,93574.8029,OK,0.0000,395.0170,4.0000,96.0000,AG03-UNRESOLVED,ALL5_LEVELS_bet23_to_bet27,395.0170,395.0170,395.0170,395.0170,395.0170,4.000000,4.000000,4.000000,4.000000,4.000000,96.000000,96.000000,96.000000,96.000000,96.000000,5.0,1975.0852,1823.2733,7900.3409,8052.1529,PENDING_AG03,FALSE,NOT_FOR_ENFORCEMENT,9480.4091,81720.2806,9875.4261,9480.4091,395.0170,0.10553510,0.10131370,395.0170,9480.4091,0.10131370,395.0170,395.0170,395.0170,395.0170,395.0170,9480.4091,0.10131370,1975.0852,1823.2733,7900.3409,8052.1529,0.08442808,0.08605044,0.00422140,154.6691,142.1123,16.4865,290.4537,143.1221,2752.2001,17.6176,109.8805,155.0423,39.2639,86.3807,209.4076,394.9759,523.5191,787.3816,78.5279,-5.2352,6.060606,9.115254,1.790553,24,59,32,6,0.00587126,0.10553510,0.43952068,0E-8,0.000000,0.909703,0.000000,-0.33595808,2026-03-22,2026-07-20,34,69,67,121,0.280992,0.708713,0.710423,0.019571,,,,,,,,GLOBAL_BASELINE_NO_ENTITY_RANKING,,,NOT_APPLICABLE_GLOBAL_BASELINE,HF9g-P5,,,,X 全窗基线 · 不参与实体赏罚,15051626,1506,A168_HF9F_20260827_0900,2026-08-27 09:00:00
2026-03-24,97514464,1654,0,41.0774942728,-13.6924980910,-13.6924980910,0.5000000,2,2,0.49324550000000000,0.493245500000,0.01910635448239258,0.01910635448239258,0.01910635448239258,0E-17,ELIGIBLE,R03b_20260811_FULL_v1,L1_ELIGIBILITY,v2026-08-11,2026-03-21..2026-08-06,baccarat_bet02_101_all_pairs_incl_sentinel,round_win = game_pnl > 0 (decisive only),COMPATIBILITY_ONLY_NOT_PRODUCTION,93574.8029,85125.2922,9875.4261,605,599,-0.10553510,-0.43952068,-0.10356260,-0.10553510,-9875.4261,93574.8029,OK,0.0000,395.0170,4.0000,96.0000,AG03-UNRESOLVED,ALL5_LEVELS_bet23_to_bet27,395.0170,395.0170,395.0170,395.0170,395.0170,4.000000,4.000000,4.000000,4.000000,4.000000,96.000000,96.000000,96.000000,96.000000,96.000000,5.0,1975.0852,1823.2733,7900.3409,8052.1529,PENDING_AG03,FALSE,NOT_FOR_ENFORCEMENT,9480.4091,81720.2806,9875.4261,9480.4091,395.0170,0.10553510,0.10131370,395.0170,9480.4091,0.10131370,395.0170,395.0170,395.0170,395.0170,395.0170,9480.4091,0.10131370,1975.0852,1823.2733,7900.3409,8052.1529,0.08442808,0.08605044,0.00422140,154.6691,142.1123,16.4865,290.4537,143.1221,2752.2001,17.6176,109.8805,155.0423,39.2639,86.3807,209.4076,394.9759,523.5191,787.3816,78.5279,-5.2352,6.060606,9.115254,1.790553,24,59,32,6,0.00587126,0.10553510,0.43952068,0E-8,0.000000,0.909703,0.000000,-0.33595808,2026-03-22,2026-07-20,34,69,67,121,0.280992,0.708713,0.710423,0.019571,,,,,,,,GLOBAL_BASELINE_NO_ENTITY_RANKING,,,NOT_APPLICABLE_GLOBAL_BASELINE,HF9g-P5,,,,X 全窗基线 · 不参与实体赏罚,15051627,1506,A168_HF9F_20260827_0900,2026-08-27 09:00:00
2026-03-25,97514464,-1,1,5684.4932459119,-791.6502093373,-791.6502093373,0.4545455,26,26,0.50097926923076923,0.500979269231,-0.43558862780955,-0.43558862781171526,-0.43558862780955,-2.3077E-13,SENTINEL_DEALER,R03b_20260811_FULL_v1,L1_ELIGIBILITY,v2026-08-11,2026-03-21..2026-08-06,baccarat_bet02_101_all_pairs_incl_sentinel,round_win = game_pnl > 0 (decisive only),COMPATIBILITY_ONLY_NOT_PRODUCTION,93574.8029,85125.2922,9875.4261,605,599,-0.10553510,-0.43952068,-0.10356260,-0.10553510,-9875.4261,93574.8029,OK,0.0000,395.0170,4.0000,96.0000,AG03-UNRESOLVED,ALL5_LEVELS_bet23_to_bet27,395.0170,395.0170,395.0170,395.0170,395.0170,4.000000,4.000000,4.000000,4.000000,4.000000,96.000000,96.000000,96.000000,96.000000,96.000000,5.0,1975.0852,1823.2733,7900.3409,8052.1529,PENDING_AG03,FALSE,NOT_FOR_ENFORCEMENT,9480.4091,81720.2806,9875.4261,9480.4091,395.0170,0.10553510,0.10131370,395.0170,9480.4091,0.10131370,395.0170,395.0170,395.0170,395.0170,395.0170,9480.4091,0.10131370,1975.0852,1823.2733,7900.3409,8052.1529,0.08442808,0.08605044,0.00422140,154.6691,142.1123,16.4865,290.4537,143.1221,2752.2001,17.6176,109.8805,155.0423,39.2639,86.3807,209.4076,394.9759,523.5191,787.3816,78.5279,-5.2352,6.060606,9.115254,1.790553,24,59,32,6,0.00587126,0.10553510,0.43952068,0E-8,0.000000,0.909703,0.000000,-0.33595808,2026-03-22,2026-07-20,34,69,67,121,0.280992,0.708713,0.710423,0.019571,,,,,,,,GLOBAL_BASELINE_NO_ENTITY_RANKING,,,NOT_APPLICABLE_GLOBAL_BASELINE,HF9g-P5,,,,X 全窗基线 · 不参与实体赏罚,15051628,1506,A168_HF9F_20260827_0900,2026-08-27 09:00:00
2026-03-25,97514464,1109,0,1935.9085762435,-1830.3183505806,-1830.3183505806,0E-7,6,6,0.49771390000000000,0.497713900000,-2.225867493508926,-2.2258674935089258,-2.225867493508926,0E-17,ELIGIBLE,R03b_20260811_FULL_v1,L1_ELIGIBILITY,v2026-08-11,2026-03-21..2026-08-06,baccarat_bet02_101_all_pairs_incl_sentinel,round_win = game_pnl > 0 (decisive only),COMPATIBILITY_ONLY_NOT_PRODUCTION,93574.8029,85125.2922,9875.4261,605,599,-0.10553510,-0.43952068,-0.10356260,-0.10553510,-9875.4261,93574.8029,OK,0.0000,395.0170,4.0000,96.0000,AG03-UNRESOLVED,ALL5_LEVELS_bet23_to_bet27,395.0170,395.0170,395.0170,395.0170,395.0170,4.000000,4.000000,4.000000,4.000000,4.000000,96.000000,96.000000,96.000000,96.000000,96.000000,5.0,1975.0852,1823.2733,7900.3409,8052.1529,PENDING_AG03,FALSE,NOT_FOR_ENFORCEMENT,9480.4091,81720.2806,9875.4261,9480.4091,395.0170,0.10553510,0.10131370,395.0170,9480.4091,0.10131370,395.0170,395.0170,395.0170,395.0170,395.0170,9480.4091,0.10131370,1975.0852,1823.2733,7900.3409,8052.1529,0.08442808,0.08605044,0.00422140,154.6691,142.1123,16.4865,290.4537,143.1221,2752.2001,17.6176,109.8805,155.0423,39.2639,86.3807,209.4076,394.9759,523.5191,787.3816,78.5279,-5.2352,6.060606,9.115254,1.790553,24,59,32,6,0.00587126,0.10553510,0.43952068,0E-8,0.000000,0.909703,0.000000,-0.33595808,2026-03-22,2026-07-20,34,69,67,121,0.280992,0.708713,0.710423,0.019571,,,,,,,,GLOBAL_BASELINE_NO_ENTITY_RANKING,,,NOT_APPLICABLE_GLOBAL_BASELINE,HF9g-P5,,,,X 全窗基线 · 不参与实体赏罚,15051629,1506,A168_HF9F_20260827_0900,2026-08-27 09:00:00
2026-03-25,97514464,2088,0,1342.9180819969,-526.6345419596,-526.6345419596,0.3750000,9,9,0.49473496666666667,0.494734966667,-0.67736080970584,-0.677360809707721,-0.67736080970584,-3.3333E-13,ELIGIBLE,R03b_20260811_FULL_v1,L1_ELIGIBILITY,v2026-08-11,2026-03-21..2026-08-06,baccarat_bet02_101_all_pairs_incl_sentinel,round_win = game_pnl > 0 (decisive only),COMPATIBILITY_ONLY_NOT_PRODUCTION,93574.8029,85125.2922,9875.4261,605,599,-0.10553510,-0.43952068,-0.10356260,-0.10553510,-9875.4261,93574.8029,OK,0.0000,395.0170,4.0000,96.0000,AG03-UNRESOLVED,ALL5_LEVELS_bet23_to_bet27,395.0170,395.0170,395.0170,395.0170,395.0170,4.000000,4.000000,4.000000,4.000000,4.000000,96.000000,96.000000,96.000000,96.000000,96.000000,5.0,1975.0852,1823.2733,7900.3409,8052.1529,PENDING_AG03,FALSE,NOT_FOR_ENFORCEMENT,9480.4091,81720.2806,9875.4261,9480.4091,395.0170,0.10553510,0.10131370,395.0170,9480.4091,0.10131370,395.0170,395.0170,395.0170,395.0170,395.0170,9480.4091,0.10131370,1975.0852,1823.2733,7900.3409,8052.1529,0.08442808,0.08605044,0.00422140,154.6691,142.1123,16.4865,290.4537,143.1221,2752.2001,17.6176,109.8805,155.0423,39.2639,86.3807,209.4076,394.9759,523.5191,787.3816,78.5279,-5.2352,6.060606,9.115254,1.790553,24,59,32,6,0.00587126,0.10553510,0.43952068,0E-8,0.000000,0.909703,0.000000,-0.33595808,2026-03-22,2026-07-20,34,69,67,121,0.280992,0.708713,0.710423,0.019571,,,,,,,,GLOBAL_BASELINE_NO_ENTITY_RANKING,,,NOT_APPLICABLE_GLOBAL_BASELINE,HF9g-P5,,,,X 全窗基线 · 不参与实体赏罚,15051630,1506,A168_HF9F_20260827_0900,2026-08-27 09:00:00
2026-03-25,97514464,2129,0,5740.3165073596,1040.1032203702,1040.1032203702,0.6428571,15,15,0.49950126000000000,0.499501260000,1.0727777297488608,1.0727777297488608,1.0727777297488608,0E-17,ELIGIBLE,R03b_20260811_FULL_v1,L1_ELIGIBILITY,v2026-08-11,2026-03-21..2026-08-06,baccarat_bet02_101_all_pairs_incl_sentinel,round_win = game_pnl > 0 (decisive only),COMPATIBILITY_ONLY_NOT_PRODUCTION,93574.8029,85125.2922,9875.4261,605,599,-0.10553510,-0.43952068,-0.10356260,-0.10553510,-9875.4261,93574.8029,OK,0.0000,395.0170,4.0000,96.0000,AG03-UNRESOLVED,ALL5_LEVELS_bet23_to_bet27,395.0170,395.0170,395.0170,395.0170,395.0170,4.000000,4.000000,4.000000,4.000000,4.000000,96.000000,96.000000,96.000000,96.000000,96.000000,5.0,1975.0852,1823.2733,7900.3409,8052.1529,PENDING_AG03,FALSE,NOT_FOR_ENFORCEMENT,9480.4091,81720.2806,9875.4261,9480.4091,395.0170,0.10553510,0.10131370,395.0170,9480.4091,0.10131370,395.0170,395.0170,395.0170,395.0170,395.0170,9480.4091,0.10131370,1975.0852,1823.2733,7900.3409,8052.1529,0.08442808,0.08605044,0.00422140,154.6691,142.1123,16.4865,290.4537,143.1221,2752.2001,17.6176,109.8805,155.0423,39.2639,86.3807,209.4076,394.9759,523.5191,787.3816,78.5279,-5.2352,6.060606,9.115254,1.790553,24,59,32,6,0.00587126,0.10553510,0.43952068,0E-8,0.000000,0.909703,0.000000,-0.33595808,2026-03-22,2026-07-20,34,69,67,121,0.280992,0.708713,0.710423,0.019571,,,,,,,,GLOBAL_BASELINE_NO_ENTITY_RANKING,,,NOT_APPLICABLE_GLOBAL_BASELINE,HF9g-P5,,,,X 全窗基线 · 不参与实体赏罚,15051631,1506,A168_HF9F_20260827_0900,2026-08-27 09:00:00
2026-03-26,97514464,1485,0,3367.8278958317,-789.9518129394,-789.9518129394,0.5333333,16,16,0.50078592500000000,0.500785925000,0.25211145232206594,0.25211145232206594,0.25211145232206594,0E-17,ELIGIBLE,R03b_20260811_FULL_v1,L1_ELIGIBILITY,v2026-08-11,2026-03-21..2026-08-06,baccarat_bet02_101_all_pairs_incl_sentinel,round_win = game_pnl > 0 (decisive only),COMPATIBILITY_ONLY_NOT_PRODUCTION,93574.8029,85125.2922,9875.4261,605,599,-0.10553510,-0.43952068,-0.10356260,-0.10553510,-9875.4261,93574.8029,OK,0.0000,395.0170,4.0000,96.0000,AG03-UNRESOLVED,ALL5_LEVELS_bet23_to_bet27,395.0170,395.0170,395.0170,395.0170,395.0170,4.000000,4.000000,4.000000,4.000000,4.000000,96.000000,96.000000,96.000000,96.000000,96.000000,5.0,1975.0852,1823.2733,7900.3409,8052.1529,PENDING_AG03,FALSE,NOT_FOR_ENFORCEMENT,9480.4091,81720.2806,9875.4261,9480.4091,395.0170,0.10553510,0.10131370,395.0170,9480.4091,0.10131370,395.0170,395.0170,395.0170,395.0170,395.0170,9480.4091,0.10131370,1975.0852,1823.2733,7900.3409,8052.1529,0.08442808,0.08605044,0.00422140,154.6691,142.1123,16.4865,290.4537,143.1221,2752.2001,17.6176,109.8805,155.0423,39.2639,86.3807,209.4076,394.9759,523.5191,787.3816,78.5279,-5.2352,6.060606,9.115254,1.790553,24,59,32,6,0.00587126,0.10553510,0.43952068,0E-8,0.000000,0.909703,0.000000,-0.33595808,2026-03-22,2026-07-20,34,69,67,121,0.280992,0.708713,0.710423,0.019571,,,,,,,,GLOBAL_BASELINE_NO_ENTITY_RANKING,,,NOT_APPLICABLE_GLOBAL_BASELINE,HF9g-P5,,,,X 全窗基线 · 不参与实体赏罚,15051632,1506,A168_HF9F_20260827_0900,2026-08-27 09:00:00
2026-03-26,97514464,1951,0,14.4824499039,-14.4824499039,-14.4824499039,0E-7,1,1,0.49324550000000000,0.493245500000,-0.9865810262130424,-0.9865810262130424,-0.9865810262130424,0E-17,ELIGIBLE,R03b_20260811_FULL_v1,L1_ELIGIBILITY,v2026-08-11,2026-03-21..2026-08-06,baccarat_bet02_101_all_pairs_incl_sentinel,round_win = game_pnl > 0 (decisive only),COMPATIBILITY_ONLY_NOT_PRODUCTION,93574.8029,85125.2922,9875.4261,605,599,-0.10553510,-0.43952068,-0.10356260,-0.10553510,-9875.4261,93574.8029,OK,0.0000,395.0170,4.0000,96.0000,AG03-UNRESOLVED,ALL5_LEVELS_bet23_to_bet27,395.0170,395.0170,395.0170,395.0170,395.0170,4.000000,4.000000,4.000000,4.000000,4.000000,96.000000,96.000000,96.000000,96.000000,96.000000,5.0,1975.0852,1823.2733,7900.3409,8052.1529,PENDING_AG03,FALSE,NOT_FOR_ENFORCEMENT,9480.4091,81720.2806,9875.4261,9480.4091,395.0170,0.10553510,0.10131370,395.0170,9480.4091,0.10131370,395.0170,395.0170,395.0170,395.0170,395.0170,9480.4091,0.10131370,1975.0852,1823.2733,7900.3409,8052.1529,0.08442808,0.08605044,0.00422140,154.6691,142.1123,16.4865,290.4537,143.1221,2752.2001,17.6176,109.8805,155.0423,39.2639,86.3807,209.4076,394.9759,523.5191,787.3816,78.5279,-5.2352,6.060606,9.115254,1.790553,24,59,32,6,0.00587126,0.10553510,0.43952068,0E-8,0.000000,0.909703,0.000000,-0.33595808,2026-03-22,2026-07-20,34,69,67,121,0.280992,0.708713,0.710423,0.019571,,,,,,,,GLOBAL_BASELINE_NO_ENTITY_RANKING,,,NOT_APPLICABLE_GLOBAL_BASELINE,HF9g-P5,,,,X 全窗基线 · 不参与实体赏罚,15051633,1506,A168_HF9F_20260827_0900,2026-08-27 09:00:00
2026-03-26,97514464,2233,0,4575.1375832741,-1053.2690839193,-1053.2690839193,0.3571429,21,15,0.45308396080806967,0.412120413333,-0.7211391169531358,-0.41792003871510675,-0.7211391169531358,0.04096354747506967,ELIGIBLE,R03b_20260811_FULL_v1,L1_ELIGIBILITY,v2026-08-11,2026-03-21..2026-08-06,baccarat_bet02_101_all_pairs_incl_sentinel,round_win = game_pnl > 0 (decisive only),COMPATIBILITY_ONLY_NOT_PRODUCTION,93574.8029,85125.2922,9875.4261,605,599,-0.10553510,-0.43952068,-0.10356260,-0.10553510,-9875.4261,93574.8029,OK,0.0000,395.0170,4.0000,96.0000,AG03-UNRESOLVED,ALL5_LEVELS_bet23_to_bet27,395.0170,395.0170,395.0170,395.0170,395.0170,4.000000,4.000000,4.000000,4.000000,4.000000,96.000000,96.000000,96.000000,96.000000,96.000000,5.0,1975.0852,1823.2733,7900.3409,8052.1529,PENDING_AG03,FALSE,NOT_FOR_ENFORCEMENT,9480.4091,81720.2806,9875.4261,9480.4091,395.0170,0.10553510,0.10131370,395.0170,9480.4091,0.10131370,395.0170,395.0170,395.0170,395.0170,395.0170,9480.4091,0.10131370,1975.0852,1823.2733,7900.3409,8052.1529,0.08442808,0.08605044,0.00422140,154.6691,142.1123,16.4865,290.4537,143.1221,2752.2001,17.6176,109.8805,155.0423,39.2639,86.3807,209.4076,394.9759,523.5191,787.3816,78.5279,-5.2352,6.060606,9.115254,1.790553,24,59,32,6,0.00587126,0.10553510,0.43952068,0E-8,0.000000,0.909703,0.000000,-0.33595808,2026-03-22,2026-07-20,34,69,67,121,0.280992,0.708713,0.710423,0.019571,,,,,,,,GLOBAL_BASELINE_NO_ENTITY_RANKING,,,NOT_APPLICABLE_GLOBAL_BASELINE,HF9g-P5,,,,X 全窗基线 · 不参与实体赏罚,15051634,1506,A168_HF9F_20260827_0900,2026-08-27 09:00:00
2026-03-26,97514464,595,0,1053.2690839192,-526.6345419596,-526.6345419596,0.2500000,4,4,0.49994810000000000,0.499948100000,-0.9997924053861017,-0.9997924053861017,-0.9997924053861017,0E-17,ELIGIBLE,R03b_20260811_FULL_v1,L1_ELIGIBILITY,v2026-08-11,2026-03-21..2026-08-06,baccarat_bet02_101_all_pairs_incl_sentinel,round_win = game_pnl > 0 (decisive only),COMPATIBILITY_ONLY_NOT_PRODUCTION,93574.8029,85125.2922,9875.4261,605,599,-0.10553510,-0.43952068,-0.10356260,-0.10553510,-9875.4261,93574.8029,OK,0.0000,395.0170,4.0000,96.0000,AG03-UNRESOLVED,ALL5_LEVELS_bet23_to_bet27,395.0170,395.0170,395.0170,395.0170,395.0170,4.000000,4.000000,4.000000,4.000000,4.000000,96.000000,96.000000,96.000000,96.000000,96.000000,5.0,1975.0852,1823.2733,7900.3409,8052.1529,PENDING_AG03,FALSE,NOT_FOR_ENFORCEMENT,9480.4091,81720.2806,9875.4261,9480.4091,395.0170,0.10553510,0.10131370,395.0170,9480.4091,0.10131370,395.0170,395.0170,395.0170,395.0170,395.0170,9480.4091,0.10131370,1975.0852,1823.2733,7900.3409,8052.1529,0.08442808,0.08605044,0.00422140,154.6691,142.1123,16.4865,290.4537,143.1221,2752.2001,17.6176,109.8805,155.0423,39.2639,86.3807,209.4076,394.9759,523.5191,787.3816,78.5279,-5.2352,6.060606,9.115254,1.790553,24,59,32,6,0.00587126,0.10553510,0.43952068,0E-8,0.000000,0.909703,0.000000,-0.33595808,2026-03-22,2026-07-20,34,69,67,121,0.280992,0.708713,0.710423,0.019571,,,,,,,,GLOBAL_BASELINE_NO_ENTITY_RANKING,,,NOT_APPLICABLE_GLOBAL_BASELINE,HF9g-P5,,,,X 全窗基线 · 不参与实体赏罚,15051635,1506,A168_HF9F_20260827_0900,2026-08-27 09:00:00
2026-03-27,97514464,462,0,360.7446612426,-105.1952497566,-105.1952497566,0.5000000,10,10,0.49994810000000000,0.499948100000,0.0003282444228938027,0.0003282444228938027,0.0003282444228938027,0E-17,ELIGIBLE,R03b_20260811_FULL_v1,L1_ELIGIBILITY,v2026-08-11,2026-03-21..2026-08-06,baccarat_bet02_101_all_pairs_incl_sentinel,round_win = game_pnl > 0 (decisive only),COMPATIBILITY_ONLY_NOT_PRODUCTION,93574.8029,85125.2922,9875.4261,605,599,-0.10553510,-0.43952068,-0.10356260,-0.10553510,-9875.4261,93574.8029,OK,0.0000,395.0170,4.0000,96.0000,AG03-UNRESOLVED,ALL5_LEVELS_bet23_to_bet27,395.0170,395.0170,395.0170,395.0170,395.0170,4.000000,4.000000,4.000000,4.000000,4.000000,96.000000,96.000000,96.000000,96.000000,96.000000,5.0,1975.0852,1823.2733,7900.3409,8052.1529,PENDING_AG03,FALSE,NOT_FOR_ENFORCEMENT,9480.4091,81720.2806,9875.4261,9480.4091,395.0170,0.10553510,0.10131370,395.0170,9480.4091,0.10131370,395.0170,395.0170,395.0170,395.0170,395.0170,9480.4091,0.10131370,1975.0852,1823.2733,7900.3409,8052.1529,0.08442808,0.08605044,0.00422140,154.6691,142.1123,16.4865,290.4537,143.1221,2752.2001,17.6176,109.8805,155.0423,39.2639,86.3807,209.4076,394.9759,523.5191,787.3816,78.5279,-5.2352,6.060606,9.115254,1.790553,24,59,32,6,0.00587126,0.10553510,0.43952068,0E-8,0.000000,0.909703,0.000000,-0.33595808,2026-03-22,2026-07-20,34,69,67,121,0.280992,0.708713,0.710423,0.019571,,,,,,,,GLOBAL_BASELINE_NO_ENTITY_RANKING,,,NOT_APPLICABLE_GLOBAL_BASELINE,HF9g-P5,,,,X 全窗基线 · 不参与实体赏罚,15051636,1506,A168_HF9F_20260827_0900,2026-08-27 09:00:00
2026-03-27,97514464,948,0,264.3705400638,-88.0796271428,-88.0796271428,0.2857143,7,7,0.49516052857142857,0.495160528571,-1.108337260079107,-1.1083372600768482,-1.108337260079107,4.2857E-13,ELIGIBLE,R03b_20260811_FULL_v1,L1_ELIGIBILITY,v2026-08-11,2026-03-21..2026-08-06,baccarat_bet02_101_all_pairs_incl_sentinel,round_win = game_pnl > 0 (decisive only),COMPATIBILITY_ONLY_NOT_PRODUCTION,93574.8029,85125.2922,9875.4261,605,599,-0.10553510,-0.43952068,-0.10356260,-0.10553510,-9875.4261,93574.8029,OK,0.0000,395.0170,4.0000,96.0000,AG03-UNRESOLVED,ALL5_LEVELS_bet23_to_bet27,395.0170,395.0170,395.0170,395.0170,395.0170,4.000000,4.000000,4.000000,4.000000,4.000000,96.000000,96.000000,96.000000,96.000000,96.000000,5.0,1975.0852,1823.2733,7900.3409,8052.1529,PENDING_AG03,FALSE,NOT_FOR_ENFORCEMENT,9480.4091,81720.2806,9875.4261,9480.4091,395.0170,0.10553510,0.10131370,395.0170,9480.4091,0.10131370,395.0170,395.0170,395.0170,395.0170,395.0170,9480.4091,0.10131370,1975.0852,1823.2733,7900.3409,8052.1529,0.08442808,0.08605044,0.00422140,154.6691,142.1123,16.4865,290.4537,143.1221,2752.2001,17.6176,109.8805,155.0423,39.2639,86.3807,209.4076,394.9759,523.5191,787.3816,78.5279,-5.2352,6.060606,9.115254,1.790553,24,59,32,6,0.00587126,0.10553510,0.43952068,0E-8,0.000000,0.909703,0.000000,-0.33595808,2026-03-22,2026-07-20,34,69,67,121,0.280992,0.708713,0.710423,0.019571,,,,,,,,GLOBAL_BASELINE_NO_ENTITY_RANKING,,,NOT_APPLICABLE_GLOBAL_BASELINE,HF9g-P5,,,,X 全窗基线 · 不参与实体赏罚,15051637,1506,A168_HF9F_20260827_0900,2026-08-27 09:00:00
2026-03-28,97514464,1509,0,655.6600047396,504.1209152906,504.1209152906,0.8750000,8,8,0.50162375000000000,0.501623750000,2.1121461641187365,2.1121461641187365,2.1121461641187365,0E-17,ELIGIBLE,R03b_20260811_FULL_v1,L1_ELIGIBILITY,v2026-08-11,2026-03-21..2026-08-06,baccarat_bet02_101_all_pairs_incl_sentinel,round_win = game_pnl > 0 (decisive only),COMPATIBILITY_ONLY_NOT_PRODUCTION,93574.8029,85125.2922,9875.4261,605,599,-0.10553510,-0.43952068,-0.10356260,-0.10553510,-9875.4261,93574.8029,OK,0.0000,395.0170,4.0000,96.0000,AG03-UNRESOLVED,ALL5_LEVELS_bet23_to_bet27,395.0170,395.0170,395.0170,395.0170,395.0170,4.000000,4.000000,4.000000,4.000000,4.000000,96.000000,96.000000,96.000000,96.000000,96.000000,5.0,1975.0852,1823.2733,7900.3409,8052.1529,PENDING_AG03,FALSE,NOT_FOR_ENFORCEMENT,9480.4091,81720.2806,9875.4261,9480.4091,395.0170,0.10553510,0.10131370,395.0170,9480.4091,0.10131370,395.0170,395.0170,395.0170,395.0170,395.0170,9480.4091,0.10131370,1975.0852,1823.2733,7900.3409,8052.1529,0.08442808,0.08605044,0.00422140,154.6691,142.1123,16.4865,290.4537,143.1221,2752.2001,17.6176,109.8805,155.0423,39.2639,86.3807,209.4076,394.9759,523.5191,787.3816,78.5279,-5.2352,6.060606,9.115254,1.790553,24,59,32,6,0.00587126,0.10553510,0.43952068,0E-8,0.000000,0.909703,0.000000,-0.33595808,2026-03-22,2026-07-20,34,69,67,121,0.280992,0.708713,0.710423,0.019571,,,,,,,,GLOBAL_BASELINE_NO_ENTITY_RANKING,,,NOT_APPLICABLE_GLOBAL_BASELINE,HF9g-P5,,,,X 全窗基线 · 不参与实体赏罚,15051638,1506,A168_HF9F_20260827_0900,2026-08-27 09:00:00
2026-03-28,97514464,2127,0,1407.1674961161,-675.1454827924,-675.1454827924,0.3333333,10,10,0.50128862000000000,0.501288620000,-1.007735066777365,-1.0077350667773652,-1.007735066777365,0E-17,ELIGIBLE,R03b_20260811_FULL_v1,L1_ELIGIBILITY,v2026-08-11,2026-03-21..2026-08-06,baccarat_bet02_101_all_pairs_incl_sentinel,round_win = game_pnl > 0 (decisive only),COMPATIBILITY_ONLY_NOT_PRODUCTION,93574.8029,85125.2922,9875.4261,605,599,-0.10553510,-0.43952068,-0.10356260,-0.10553510,-9875.4261,93574.8029,OK,0.0000,395.0170,4.0000,96.0000,AG03-UNRESOLVED,ALL5_LEVELS_bet23_to_bet27,395.0170,395.0170,395.0170,395.0170,395.0170,4.000000,4.000000,4.000000,4.000000,4.000000,96.000000,96.000000,96.000000,96.000000,96.000000,5.0,1975.0852,1823.2733,7900.3409,8052.1529,PENDING_AG03,FALSE,NOT_FOR_ENFORCEMENT,9480.4091,81720.2806,9875.4261,9480.4091,395.0170,0.10553510,0.10131370,395.0170,9480.4091,0.10131370,395.0170,395.0170,395.0170,395.0170,395.0170,9480.4091,0.10131370,1975.0852,1823.2733,7900.3409,8052.1529,0.08442808,0.08605044,0.00422140,154.6691,142.1123,16.4865,290.4537,143.1221,2752.2001,17.6176,109.8805,155.0423,39.2639,86.3807,209.4076,394.9759,523.5191,787.3816,78.5279,-5.2352,6.060606,9.115254,1.790553,24,59,32,6,0.00587126,0.10553510,0.43952068,0E-8,0.000000,0.909703,0.000000,-0.33595808,2026-03-22,2026-07-20,34,69,67,121,0.280992,0.708713,0.710423,0.019571,,,,,,,,GLOBAL_BASELINE_NO_ENTITY_RANKING,,,NOT_APPLICABLE_GLOBAL_BASELINE,HF9g-P5,,,,X 全窗基线 · 不参与实体赏罚,15051639,1506,A168_HF9F_20260827_0900,2026-08-27 09:00:00
2026-03-28,97514464,2220,0,97.4273902626,-97.4273902626,-97.4273902626,0E-7,2,2,0.49994810000000000,0.499948100000,-1.4140667746232096,-1.4140667746232096,-1.4140667746232096,0E-17,ELIGIBLE,R03b_20260811_FULL_v1,L1_ELIGIBILITY,v2026-08-11,2026-03-21..2026-08-06,baccarat_bet02_101_all_pairs_incl_sentinel,round_win = game_pnl > 0 (decisive only),COMPATIBILITY_ONLY_NOT_PRODUCTION,93574.8029,85125.2922,9875.4261,605,599,-0.10553510,-0.43952068,-0.10356260,-0.10553510,-9875.4261,93574.8029,OK,0.0000,395.0170,4.0000,96.0000,AG03-UNRESOLVED,ALL5_LEVELS_bet23_to_bet27,395.0170,395.0170,395.0170,395.0170,395.0170,4.000000,4.000000,4.000000,4.000000,4.000000,96.000000,96.000000,96.000000,96.000000,96.000000,5.0,1975.0852,1823.2733,7900.3409,8052.1529,PENDING_AG03,FALSE,NOT_FOR_ENFORCEMENT,9480.4091,81720.2806,9875.4261,9480.4091,395.0170,0.10553510,0.10131370,395.0170,9480.4091,0.10131370,395.0170,395.0170,395.0170,395.0170,395.0170,9480.4091,0.10131370,1975.0852,1823.2733,7900.3409,8052.1529,0.08442808,0.08605044,0.00422140,154.6691,142.1123,16.4865,290.4537,143.1221,2752.2001,17.6176,109.8805,155.0423,39.2639,86.3807,209.4076,394.9759,523.5191,787.3816,78.5279,-5.2352,6.060606,9.115254,1.790553,24,59,32,6,0.00587126,0.10553510,0.43952068,0E-8,0.000000,0.909703,0.000000,-0.33595808,2026-03-22,2026-07-20,34,69,67,121,0.280992,0.708713,0.710423,0.019571,,,,,,,,GLOBAL_BASELINE_NO_ENTITY_RANKING,,,NOT_APPLICABLE_GLOBAL_BASELINE,HF9g-P5,,,,X 全窗基线 · 不参与实体赏罚,15051640,1506,A168_HF9F_20260827_0900,2026-08-27 09:00:00
2026-03-28,97514464,2239,0,28.9648998078,28.9648998078,28.9648998078,1.0000000,1,1,0.49324550000000000,0.493245500000,1.01360149184955,1.01360149184955,1.01360149184955,0E-17,ELIGIBLE,R03b_20260811_FULL_v1,L1_ELIGIBILITY,v2026-08-11,2026-03-21..2026-08-06,baccarat_bet02_101_all_pairs_incl_sentinel,round_win = game_pnl > 0 (decisive only),COMPATIBILITY_ONLY_NOT_PRODUCTION,93574.8029,85125.2922,9875.4261,605,599,-0.10553510,-0.43952068,-0.10356260,-0.10553510,-9875.4261,93574.8029,OK,0.0000,395.0170,4.0000,96.0000,AG03-UNRESOLVED,ALL5_LEVELS_bet23_to_bet27,395.0170,395.0170,395.0170,395.0170,395.0170,4.000000,4.000000,4.000000,4.000000,4.000000,96.000000,96.000000,96.000000,96.000000,96.000000,5.0,1975.0852,1823.2733,7900.3409,8052.1529,PENDING_AG03,FALSE,NOT_FOR_ENFORCEMENT,9480.4091,81720.2806,9875.4261,9480.4091,395.0170,0.10553510,0.10131370,395.0170,9480.4091,0.10131370,395.0170,395.0170,395.0170,395.0170,395.0170,9480.4091,0.10131370,1975.0852,1823.2733,7900.3409,8052.1529,0.08442808,0.08605044,0.00422140,154.6691,142.1123,16.4865,290.4537,143.1221,2752.2001,17.6176,109.8805,155.0423,39.2639,86.3807,209.4076,394.9759,523.5191,787.3816,78.5279,-5.2352,6.060606,9.115254,1.790553,24,59,32,6,0.00587126,0.10553510,0.43952068,0E-8,0.000000,0.909703,0.000000,-0.33595808,2026-03-22,2026-07-20,34,69,67,121,0.280992,0.708713,0.710423,0.019571,,,,,,,,GLOBAL_BASELINE_NO_ENTITY_RANKING,,,NOT_APPLICABLE_GLOBAL_BASELINE,HF9g-P5,,,,X 全窗基线 · 不参与实体赏罚,15051641,1506,A168_HF9F_20260827_0900,2026-08-27 09:00:00
2026-03-29,97514464,1307,0,8.1628354004,-8.1628354004,-8.1628354004,0E-7,1,1,0.50665070000000000,0.506650700000,-1.013391052207602,-1.013391052207602,-1.013391052207602,0E-17,ELIGIBLE,R03b_20260811_FULL_v1,L1_ELIGIBILITY,v2026-08-11,2026-03-21..2026-08-06,baccarat_bet02_101_all_pairs_incl_sentinel,round_win = game_pnl > 0 (decisive only),COMPATIBILITY_ONLY_NOT_PRODUCTION,93574.8029,85125.2922,9875.4261,605,599,-0.10553510,-0.43952068,-0.10356260,-0.10553510,-9875.4261,93574.8029,OK,0.0000,395.0170,4.0000,96.0000,AG03-UNRESOLVED,ALL5_LEVELS_bet23_to_bet27,395.0170,395.0170,395.0170,395.0170,395.0170,4.000000,4.000000,4.000000,4.000000,4.000000,96.000000,96.000000,96.000000,96.000000,96.000000,5.0,1975.0852,1823.2733,7900.3409,8052.1529,PENDING_AG03,FALSE,NOT_FOR_ENFORCEMENT,9480.4091,81720.2806,9875.4261,9480.4091,395.0170,0.10553510,0.10131370,395.0170,9480.4091,0.10131370,395.0170,395.0170,395.0170,395.0170,395.0170,9480.4091,0.10131370,1975.0852,1823.2733,7900.3409,8052.1529,0.08442808,0.08605044,0.00422140,154.6691,142.1123,16.4865,290.4537,143.1221,2752.2001,17.6176,109.8805,155.0423,39.2639,86.3807,209.4076,394.9759,523.5191,787.3816,78.5279,-5.2352,6.060606,9.115254,1.790553,24,59,32,6,0.00587126,0.10553510,0.43952068,0E-8,0.000000,0.909703,0.000000,-0.33595808,2026-03-22,2026-07-20,34,69,67,121,0.280992,0.708713,0.710423,0.019571,,,,,,,,GLOBAL_BASELINE_NO_ENTITY_RANKING,,,NOT_APPLICABLE_GLOBAL_BASELINE,HF9g-P5,,,,X 全窗基线 · 不参与实体赏罚,15051642,1506,A168_HF9F_20260827_0900,2026-08-27 09:00:00
2026-03-31,97514464,-1,1,343.8923558997,-76.4936672197,-76.4936672197,0.3333333,7,7,0.50282064285714286,0.502820642857,-0.8303280647496518,-0.8303280647489506,-0.8303280647496518,1.4286E-13,SENTINEL_DEALER,R03b_20260811_FULL_v1,L1_ELIGIBILITY,v2026-08-11,2026-03-21..2026-08-06,baccarat_bet02_101_all_pairs_incl_sentinel,round_win = game_pnl > 0 (decisive only),COMPATIBILITY_ONLY_NOT_PRODUCTION,93574.8029,85125.2922,9875.4261,605,599,-0.10553510,-0.43952068,-0.10356260,-0.10553510,-9875.4261,93574.8029,OK,0.0000,395.0170,4.0000,96.0000,AG03-UNRESOLVED,ALL5_LEVELS_bet23_to_bet27,395.0170,395.0170,395.0170,395.0170,395.0170,4.000000,4.000000,4.000000,4.000000,4.000000,96.000000,96.000000,96.000000,96.000000,96.000000,5.0,1975.0852,1823.2733,7900.3409,8052.1529,PENDING_AG03,FALSE,NOT_FOR_ENFORCEMENT,9480.4091,81720.2806,9875.4261,9480.4091,395.0170,0.10553510,0.10131370,395.0170,9480.4091,0.10131370,395.0170,395.0170,395.0170,395.0170,395.0170,9480.4091,0.10131370,1975.0852,1823.2733,7900.3409,8052.1529,0.08442808,0.08605044,0.00422140,154.6691,142.1123,16.4865,290.4537,143.1221,2752.2001,17.6176,109.8805,155.0423,39.2639,86.3807,209.4076,394.9759,523.5191,787.3816,78.5279,-5.2352,6.060606,9.115254,1.790553,24,59,32,6,0.00587126,0.10553510,0.43952068,0E-8,0.000000,0.909703,0.000000,-0.33595808,2026-03-22,2026-07-20,34,69,67,121,0.280992,0.708713,0.710423,0.019571,,,,,,,,GLOBAL_BASELINE_NO_ENTITY_RANKING,,,NOT_APPLICABLE_GLOBAL_BASELINE,HF9g-P5,,,,X 全窗基线 · 不参与实体赏罚,15051643,1506,A168_HF9F_20260827_0900,2026-08-27 09:00:00
2026-03-31,97514464,1654,0,360.7446612422,-281.7494799483,-281.7494799483,0E-7,6,6,0.50441650000000000,0.504416500000,-2.255907172731205,-2.255907172731205,-2.255907172731205,0E-17,ELIGIBLE,R03b_20260811_FULL_v1,L1_ELIGIBILITY,v2026-08-11,2026-03-21..2026-08-06,baccarat_bet02_101_all_pairs_incl_sentinel,round_win = game_pnl > 0 (decisive only),COMPATIBILITY_ONLY_NOT_PRODUCTION,93574.8029,85125.2922,9875.4261,605,599,-0.10553510,-0.43952068,-0.10356260,-0.10553510,-9875.4261,93574.8029,OK,0.0000,395.0170,4.0000,96.0000,AG03-UNRESOLVED,ALL5_LEVELS_bet23_to_bet27,395.0170,395.0170,395.0170,395.0170,395.0170,4.000000,4.000000,4.000000,4.000000,4.000000,96.000000,96.000000,96.000000,96.000000,96.000000,5.0,1975.0852,1823.2733,7900.3409,8052.1529,PENDING_AG03,FALSE,NOT_FOR_ENFORCEMENT,9480.4091,81720.2806,9875.4261,9480.4091,395.0170,0.10553510,0.10131370,395.0170,9480.4091,0.10131370,395.0170,395.0170,395.0170,395.0170,395.0170,9480.4091,0.10131370,1975.0852,1823.2733,7900.3409,8052.1529,0.08442808,0.08605044,0.00422140,154.6691,142.1123,16.4865,290.4537,143.1221,2752.2001,17.6176,109.8805,155.0423,39.2639,86.3807,209.4076,394.9759,523.5191,787.3816,78.5279,-5.2352,6.060606,9.115254,1.790553,24,59,32,6,0.00587126,0.10553510,0.43952068,0E-8,0.000000,0.909703,0.000000,-0.33595808,2026-03-22,2026-07-20,34,69,67,121,0.280992,0.708713,0.710423,0.019571,,,,,,,,GLOBAL_BASELINE_NO_ENTITY_RANKING,,,NOT_APPLICABLE_GLOBAL_BASELINE,HF9g-P5,,,,X 全窗基线 · 不参与实体赏罚,15051644,1506,A168_HF9F_20260827_0900,2026-08-27 09:00:00
2026-03-31,97514464,462,0,484.5037786032,150.0908444586,150.0908444586,0.6363636,13,13,0.50046368461538462,0.500463684615,0.9014586855861977,0.9014586855887482,0.9014586855861977,3.8462E-13,ELIGIBLE,R03b_20260811_FULL_v1,L1_ELIGIBILITY,v2026-08-11,2026-03-21..2026-08-06,baccarat_bet02_101_all_pairs_incl_sentinel,round_win = game_pnl > 0 (decisive only),COMPATIBILITY_ONLY_NOT_PRODUCTION,93574.8029,85125.2922,9875.4261,605,599,-0.10553510,-0.43952068,-0.10356260,-0.10553510,-9875.4261,93574.8029,OK,0.0000,395.0170,4.0000,96.0000,AG03-UNRESOLVED,ALL5_LEVELS_bet23_to_bet27,395.0170,395.0170,395.0170,395.0170,395.0170,4.000000,4.000000,4.000000,4.000000,4.000000,96.000000,96.000000,96.000000,96.000000,96.000000,5.0,1975.0852,1823.2733,7900.3409,8052.1529,PENDING_AG03,FALSE,NOT_FOR_ENFORCEMENT,9480.4091,81720.2806,9875.4261,9480.4091,395.0170,0.10553510,0.10131370,395.0170,9480.4091,0.10131370,395.0170,395.0170,395.0170,395.0170,395.0170,9480.4091,0.10131370,1975.0852,1823.2733,7900.3409,8052.1529,0.08442808,0.08605044,0.00422140,154.6691,142.1123,16.4865,290.4537,143.1221,2752.2001,17.6176,109.8805,155.0423,39.2639,86.3807,209.4076,394.9759,523.5191,787.3816,78.5279,-5.2352,6.060606,9.115254,1.790553,24,59,32,6,0.00587126,0.10553510,0.43952068,0E-8,0.000000,0.909703,0.000000,-0.33595808,2026-03-22,2026-07-20,34,69,67,121,0.280992,0.708713,0.710423,0.019571,,,,,,,,GLOBAL_BASELINE_NO_ENTITY_RANKING,,,NOT_APPLICABLE_GLOBAL_BASELINE,HF9g-P5,,,,X 全窗基线 · 不参与实体赏罚,15051645,1506,A168_HF9F_20260827_0900,2026-08-27 09:00:00
2026-04-01,97514464,1382,0,169.0966678009,-34.4475564746,-34.4475564746,0.5000000,3,3,0.49771390000000000,0.497713900000,0.006466134837551399,0.0064661348375514,0.006466134837551399,0E-17,ELIGIBLE,R03b_20260811_FULL_v1,L1_ELIGIBILITY,v2026-08-11,2026-03-21..2026-08-06,baccarat_bet02_101_all_pairs_incl_sentinel,round_win = game_pnl > 0 (decisive only),COMPATIBILITY_ONLY_NOT_PRODUCTION,93574.8029,85125.2922,9875.4261,605,599,-0.10553510,-0.43952068,-0.10356260,-0.10553510,-9875.4261,93574.8029,OK,0.0000,395.0170,4.0000,96.0000,AG03-UNRESOLVED,ALL5_LEVELS_bet23_to_bet27,395.0170,395.0170,395.0170,395.0170,395.0170,4.000000,4.000000,4.000000,4.000000,4.000000,96.000000,96.000000,96.000000,96.000000,96.000000,5.0,1975.0852,1823.2733,7900.3409,8052.1529,PENDING_AG03,FALSE,NOT_FOR_ENFORCEMENT,9480.4091,81720.2806,9875.4261,9480.4091,395.0170,0.10553510,0.10131370,395.0170,9480.4091,0.10131370,395.0170,395.0170,395.0170,395.0170,395.0170,9480.4091,0.10131370,1975.0852,1823.2733,7900.3409,8052.1529,0.08442808,0.08605044,0.00422140,154.6691,142.1123,16.4865,290.4537,143.1221,2752.2001,17.6176,109.8805,155.0423,39.2639,86.3807,209.4076,394.9759,523.5191,787.3816,78.5279,-5.2352,6.060606,9.115254,1.790553,24,59,32,6,0.00587126,0.10553510,0.43952068,0E-8,0.000000,0.909703,0.000000,-0.33595808,2026-03-22,2026-07-20,34,69,67,121,0.280992,0.708713,0.710423,0.019571,,,,,,,,GLOBAL_BASELINE_NO_ENTITY_RANKING,,,NOT_APPLICABLE_GLOBAL_BASELINE,HF9g-P5,,,,X 全窗基线 · 不参与实体赏罚,15051646,1506,A168_HF9F_20260827_0900,2026-08-27 09:00:00
2026-04-01,97514464,1402,0,2177.8394366938,106.5361359057,106.5361359057,0.5333333,17,17,0.50191945294117647,0.501919452941,0.2433326642246283,0.24333266422599492,0.2433326642246283,1.7647E-13,ELIGIBLE,R03b_20260811_FULL_v1,L1_ELIGIBILITY,v2026-08-11,2026-03-21..2026-08-06,baccarat_bet02_101_all_pairs_incl_sentinel,round_win = game_pnl > 0 (decisive only),COMPATIBILITY_ONLY_NOT_PRODUCTION,93574.8029,85125.2922,9875.4261,605,599,-0.10553510,-0.43952068,-0.10356260,-0.10553510,-9875.4261,93574.8029,OK,0.0000,395.0170,4.0000,96.0000,AG03-UNRESOLVED,ALL5_LEVELS_bet23_to_bet27,395.0170,395.0170,395.0170,395.0170,395.0170,4.000000,4.000000,4.000000,4.000000,4.000000,96.000000,96.000000,96.000000,96.000000,96.000000,5.0,1975.0852,1823.2733,7900.3409,8052.1529,PENDING_AG03,FALSE,NOT_FOR_ENFORCEMENT,9480.4091,81720.2806,9875.4261,9480.4091,395.0170,0.10553510,0.10131370,395.0170,9480.4091,0.10131370,395.0170,395.0170,395.0170,395.0170,395.0170,9480.4091,0.10131370,1975.0852,1823.2733,7900.3409,8052.1529,0.08442808,0.08605044,0.00422140,154.6691,142.1123,16.4865,290.4537,143.1221,2752.2001,17.6176,109.8805,155.0423,39.2639,86.3807,209.4076,394.9759,523.5191,787.3816,78.5279,-5.2352,6.060606,9.115254,1.790553,24,59,32,6,0.00587126,0.10553510,0.43952068,0E-8,0.000000,0.909703,0.000000,-0.33595808,2026-03-22,2026-07-20,34,69,67,121,0.280992,0.708713,0.710423,0.019571,,,,,,,,GLOBAL_BASELINE_NO_ENTITY_RANKING,,,NOT_APPLICABLE_GLOBAL_BASELINE,HF9g-P5,,,,X 全窗基线 · 不参与实体赏罚,15051647,1506,A168_HF9F_20260827_0900,2026-08-27 09:00:00
2026-04-01,97514464,1645,0,18.3231683376,-18.3231683376,-18.3231683376,0E-7,1,1,0.50665070000000000,0.506650700000,-1.013391052207602,-1.013391052207602,-1.013391052207602,0E-17,ELIGIBLE,R03b_20260811_FULL_v1,L1_ELIGIBILITY,v2026-08-11,2026-03-21..2026-08-06,baccarat_bet02_101_all_pairs_incl_sentinel,round_win = game_pnl > 0 (decisive only),COMPATIBILITY_ONLY_NOT_PRODUCTION,93574.8029,85125.2922,9875.4261,605,599,-0.10553510,-0.43952068,-0.10356260,-0.10553510,-9875.4261,93574.8029,OK,0.0000,395.0170,4.0000,96.0000,AG03-UNRESOLVED,ALL5_LEVELS_bet23_to_bet27,395.0170,395.0170,395.0170,395.0170,395.0170,4.000000,4.000000,4.000000,4.000000,4.000000,96.000000,96.000000,96.000000,96.000000,96.000000,5.0,1975.0852,1823.2733,7900.3409,8052.1529,PENDING_AG03,FALSE,NOT_FOR_ENFORCEMENT,9480.4091,81720.2806,9875.4261,9480.4091,395.0170,0.10553510,0.10131370,395.0170,9480.4091,0.10131370,395.0170,395.0170,395.0170,395.0170,395.0170,9480.4091,0.10131370,1975.0852,1823.2733,7900.3409,8052.1529,0.08442808,0.08605044,0.00422140,154.6691,142.1123,16.4865,290.4537,143.1221,2752.2001,17.6176,109.8805,155.0423,39.2639,86.3807,209.4076,394.9759,523.5191,787.3816,78.5279,-5.2352,6.060606,9.115254,1.790553,24,59,32,6,0.00587126,0.10553510,0.43952068,0E-8,0.000000,0.909703,0.000000,-0.33595808,2026-03-22,2026-07-20,34,69,67,121,0.280992,0.708713,0.710423,0.019571,,,,,,,,GLOBAL_BASELINE_NO_ENTITY_RANKING,,,NOT_APPLICABLE_GLOBAL_BASELINE,HF9g-P5,,,,X 全窗基线 · 不参与实体赏罚,15051648,1506,A168_HF9F_20260827_0900,2026-08-27 09:00:00
2026-04-01,97514464,1994,0,555.1920006283,-289.7678192812,-289.7678192812,0.2500000,5,5,0.49324550000000000,0.493245500000,-0.9730707933947887,-0.9730707933947887,-0.9730707933947887,0E-17,ELIGIBLE,R03b_20260811_FULL_v1,L1_ELIGIBILITY,v2026-08-11,2026-03-21..2026-08-06,baccarat_bet02_101_all_pairs_incl_sentinel,round_win = game_pnl > 0 (decisive only),COMPATIBILITY_ONLY_NOT_PRODUCTION,93574.8029,85125.2922,9875.4261,605,599,-0.10553510,-0.43952068,-0.10356260,-0.10553510,-9875.4261,93574.8029,OK,0.0000,395.0170,4.0000,96.0000,AG03-UNRESOLVED,ALL5_LEVELS_bet23_to_bet27,395.0170,395.0170,395.0170,395.0170,395.0170,4.000000,4.000000,4.000000,4.000000,4.000000,96.000000,96.000000,96.000000,96.000000,96.000000,5.0,1975.0852,1823.2733,7900.3409,8052.1529,PENDING_AG03,FALSE,NOT_FOR_ENFORCEMENT,9480.4091,81720.2806,9875.4261,9480.4091,395.0170,0.10553510,0.10131370,395.0170,9480.4091,0.10131370,395.0170,395.0170,395.0170,395.0170,395.0170,9480.4091,0.10131370,1975.0852,1823.2733,7900.3409,8052.1529,0.08442808,0.08605044,0.00422140,154.6691,142.1123,16.4865,290.4537,143.1221,2752.2001,17.6176,109.8805,155.0423,39.2639,86.3807,209.4076,394.9759,523.5191,787.3816,78.5279,-5.2352,6.060606,9.115254,1.790553,24,59,32,6,0.00587126,0.10553510,0.43952068,0E-8,0.000000,0.909703,0.000000,-0.33595808,2026-03-22,2026-07-20,34,69,67,121,0.280992,0.708713,0.710423,0.019571,,,,,,,,GLOBAL_BASELINE_NO_ENTITY_RANKING,,,NOT_APPLICABLE_GLOBAL_BASELINE,HF9g-P5,,,,X 全窗基线 · 不参与实体赏罚,15051649,1506,A168_HF9F_20260827_0900,2026-08-27 09:00:00
2026-04-02,97514464,1402,0,9.9468628118,-9.9468628118,-9.9468628118,0E-7,1,1,0.49324550000000000,0.493245500000,-0.9865810262130424,-0.9865810262130424,-0.9865810262130424,0E-17,ELIGIBLE,R03b_20260811_FULL_v1,L1_ELIGIBILITY,v2026-08-11,2026-03-21..2026-08-06,baccarat_bet02_101_all_pairs_incl_sentinel,round_win = game_pnl > 0 (decisive only),COMPATIBILITY_ONLY_NOT_PRODUCTION,93574.8029,85125.2922,9875.4261,605,599,-0.10553510,-0.43952068,-0.10356260,-0.10553510,-9875.4261,93574.8029,OK,0.0000,395.0170,4.0000,96.0000,AG03-UNRESOLVED,ALL5_LEVELS_bet23_to_bet27,395.0170,395.0170,395.0170,395.0170,395.0170,4.000000,4.000000,4.000000,4.000000,4.000000,96.000000,96.000000,96.000000,96.000000,96.000000,5.0,1975.0852,1823.2733,7900.3409,8052.1529,PENDING_AG03,FALSE,NOT_FOR_ENFORCEMENT,9480.4091,81720.2806,9875.4261,9480.4091,395.0170,0.10553510,0.10131370,395.0170,9480.4091,0.10131370,395.0170,395.0170,395.0170,395.0170,395.0170,9480.4091,0.10131370,1975.0852,1823.2733,7900.3409,8052.1529,0.08442808,0.08605044,0.00422140,154.6691,142.1123,16.4865,290.4537,143.1221,2752.2001,17.6176,109.8805,155.0423,39.2639,86.3807,209.4076,394.9759,523.5191,787.3816,78.5279,-5.2352,6.060606,9.115254,1.790553,24,59,32,6,0.00587126,0.10553510,0.43952068,0E-8,0.000000,0.909703,0.000000,-0.33595808,2026-03-22,2026-07-20,34,69,67,121,0.280992,0.708713,0.710423,0.019571,,,,,,,,GLOBAL_BASELINE_NO_ENTITY_RANKING,,,NOT_APPLICABLE_GLOBAL_BASELINE,HF9g-P5,,,,X 全窗基线 · 不参与实体赏罚,15051650,1506,A168_HF9F_20260827_0900,2026-08-27 09:00:00
2026-04-10,97514464,-1,1,2601.8899039345,-384.8519749758,-384.8519749758,0.4000000,11,11,0.50055742727272727,0.500557427273,-0.6359814068880811,-0.6359814068898065,-0.6359814068880811,-2.7273E-13,SENTINEL_DEALER,R03b_20260811_FULL_v1,L1_ELIGIBILITY,v2026-08-11,2026-03-21..2026-08-06,baccarat_bet02_101_all_pairs_incl_sentinel,round_win = game_pnl > 0 (decisive only),COMPATIBILITY_ONLY_NOT_PRODUCTION,93574.8029,85125.2922,9875.4261,605,599,-0.10553510,-0.43952068,-0.10356260,-0.10553510,-9875.4261,93574.8029,OK,0.0000,395.0170,4.0000,96.0000,AG03-UNRESOLVED,ALL5_LEVELS_bet23_to_bet27,395.0170,395.0170,395.0170,395.0170,395.0170,4.000000,4.000000,4.000000,4.000000,4.000000,96.000000,96.000000,96.000000,96.000000,96.000000,5.0,1975.0852,1823.2733,7900.3409,8052.1529,PENDING_AG03,FALSE,NOT_FOR_ENFORCEMENT,9480.4091,81720.2806,9875.4261,9480.4091,395.0170,0.10553510,0.10131370,395.0170,9480.4091,0.10131370,395.0170,395.0170,395.0170,395.0170,395.0170,9480.4091,0.10131370,1975.0852,1823.2733,7900.3409,8052.1529,0.08442808,0.08605044,0.00422140,154.6691,142.1123,16.4865,290.4537,143.1221,2752.2001,17.6176,109.8805,155.0423,39.2639,86.3807,209.4076,394.9759,523.5191,787.3816,78.5279,-5.2352,6.060606,9.115254,1.790553,24,59,32,6,0.00587126,0.10553510,0.43952068,0E-8,0.000000,0.909703,0.000000,-0.33595808,2026-03-22,2026-07-20,34,69,67,121,0.280992,0.708713,0.710423,0.019571,,,,,,,,GLOBAL_BASELINE_NO_ENTITY_RANKING,,,NOT_APPLICABLE_GLOBAL_BASELINE,HF9g-P5,,,,X 全窗基线 · 不参与实体赏罚,15051651,1506,A168_HF9F_20260827_0900,2026-08-27 09:00:00
2026-04-10,97514464,1966,0,10993.9010025393,2881.9726199514,2881.9726199514,0.6666667,22,22,0.49812011818181818,0.498120118182,1.4301749969364286,1.4301749969348836,1.4301749969364286,-1.8182E-13,ELIGIBLE,R03b_20260811_FULL_v1,L1_ELIGIBILITY,v2026-08-11,2026-03-21..2026-08-06,baccarat_bet02_101_all_pairs_incl_sentinel,round_win = game_pnl > 0 (decisive only),COMPATIBILITY_ONLY_NOT_PRODUCTION,93574.8029,85125.2922,9875.4261,605,599,-0.10553510,-0.43952068,-0.10356260,-0.10553510,-9875.4261,93574.8029,OK,0.0000,395.0170,4.0000,96.0000,AG03-UNRESOLVED,ALL5_LEVELS_bet23_to_bet27,395.0170,395.0170,395.0170,395.0170,395.0170,4.000000,4.000000,4.000000,4.000000,4.000000,96.000000,96.000000,96.000000,96.000000,96.000000,5.0,1975.0852,1823.2733,7900.3409,8052.1529,PENDING_AG03,FALSE,NOT_FOR_ENFORCEMENT,9480.4091,81720.2806,9875.4261,9480.4091,395.0170,0.10553510,0.10131370,395.0170,9480.4091,0.10131370,395.0170,395.0170,395.0170,395.0170,395.0170,9480.4091,0.10131370,1975.0852,1823.2733,7900.3409,8052.1529,0.08442808,0.08605044,0.00422140,154.6691,142.1123,16.4865,290.4537,143.1221,2752.2001,17.6176,109.8805,155.0423,39.2639,86.3807,209.4076,394.9759,523.5191,787.3816,78.5279,-5.2352,6.060606,9.115254,1.790553,24,59,32,6,0.00587126,0.10553510,0.43952068,0E-8,0.000000,0.909703,0.000000,-0.33595808,2026-03-22,2026-07-20,34,69,67,121,0.280992,0.708713,0.710423,0.019571,,,,,,,,GLOBAL_BASELINE_NO_ENTITY_RANKING,,,NOT_APPLICABLE_GLOBAL_BASELINE,HF9g-P5,,,,X 全窗基线 · 不参与实体赏罚,15051652,1506,A168_HF9F_20260827_0900,2026-08-27 09:00:00
2026-04-10,97514464,2130,0,665.3927702014,-163.4688375260,-163.4688375260,0.4000000,5,5,0.49592654000000000,0.495926540000,-0.42901076602576227,-0.42901076602576227,-0.42901076602576227,0E-17,ELIGIBLE,R03b_20260811_FULL_v1,L1_ELIGIBILITY,v2026-08-11,2026-03-21..2026-08-06,baccarat_bet02_101_all_pairs_incl_sentinel,round_win = game_pnl > 0 (decisive only),COMPATIBILITY_ONLY_NOT_PRODUCTION,93574.8029,85125.2922,9875.4261,605,599,-0.10553510,-0.43952068,-0.10356260,-0.10553510,-9875.4261,93574.8029,OK,0.0000,395.0170,4.0000,96.0000,AG03-UNRESOLVED,ALL5_LEVELS_bet23_to_bet27,395.0170,395.0170,395.0170,395.0170,395.0170,4.000000,4.000000,4.000000,4.000000,4.000000,96.000000,96.000000,96.000000,96.000000,96.000000,5.0,1975.0852,1823.2733,7900.3409,8052.1529,PENDING_AG03,FALSE,NOT_FOR_ENFORCEMENT,9480.4091,81720.2806,9875.4261,9480.4091,395.0170,0.10553510,0.10131370,395.0170,9480.4091,0.10131370,395.0170,395.0170,395.0170,395.0170,395.0170,9480.4091,0.10131370,1975.0852,1823.2733,7900.3409,8052.1529,0.08442808,0.08605044,0.00422140,154.6691,142.1123,16.4865,290.4537,143.1221,2752.2001,17.6176,109.8805,155.0423,39.2639,86.3807,209.4076,394.9759,523.5191,787.3816,78.5279,-5.2352,6.060606,9.115254,1.790553,24,59,32,6,0.00587126,0.10553510,0.43952068,0E-8,0.000000,0.909703,0.000000,-0.33595808,2026-03-22,2026-07-20,34,69,67,121,0.280992,0.708713,0.710423,0.019571,,,,,,,,GLOBAL_BASELINE_NO_ENTITY_RANKING,,,NOT_APPLICABLE_GLOBAL_BASELINE,HF9g-P5,,,,X 全窗基线 · 不参与实体赏罚,15051653,1506,A168_HF9F_20260827_0900,2026-08-27 09:00:00
2026-04-10,97514464,2201,0,4842.5516320709,-2748.4752506349,-2748.4752506349,0.2500000,8,8,0.50162375000000000,0.501623750000,-1.4234063852847412,-1.4234063852847412,-1.4234063852847412,0E-17,ELIGIBLE,R03b_20260811_FULL_v1,L1_ELIGIBILITY,v2026-08-11,2026-03-21..2026-08-06,baccarat_bet02_101_all_pairs_incl_sentinel,round_win = game_pnl > 0 (decisive only),COMPATIBILITY_ONLY_NOT_PRODUCTION,93574.8029,85125.2922,9875.4261,605,599,-0.10553510,-0.43952068,-0.10356260,-0.10553510,-9875.4261,93574.8029,OK,0.0000,395.0170,4.0000,96.0000,AG03-UNRESOLVED,ALL5_LEVELS_bet23_to_bet27,395.0170,395.0170,395.0170,395.0170,395.0170,4.000000,4.000000,4.000000,4.000000,4.000000,96.000000,96.000000,96.000000,96.000000,96.000000,5.0,1975.0852,1823.2733,7900.3409,8052.1529,PENDING_AG03,FALSE,NOT_FOR_ENFORCEMENT,9480.4091,81720.2806,9875.4261,9480.4091,395.0170,0.10553510,0.10131370,395.0170,9480.4091,0.10131370,395.0170,395.0170,395.0170,395.0170,395.0170,9480.4091,0.10131370,1975.0852,1823.2733,7900.3409,8052.1529,0.08442808,0.08605044,0.00422140,154.6691,142.1123,16.4865,290.4537,143.1221,2752.2001,17.6176,109.8805,155.0423,39.2639,86.3807,209.4076,394.9759,523.5191,787.3816,78.5279,-5.2352,6.060606,9.115254,1.790553,24,59,32,6,0.00587126,0.10553510,0.43952068,0E-8,0.000000,0.909703,0.000000,-0.33595808,2026-03-22,2026-07-20,34,69,67,121,0.280992,0.708713,0.710423,0.019571,,,,,,,,GLOBAL_BASELINE_NO_ENTITY_RANKING,,,NOT_APPLICABLE_GLOBAL_BASELINE,HF9g-P5,,,,X 全窗基线 · 不参与实体赏罚,15051654,1506,A168_HF9F_20260827_0900,2026-08-27 09:00:00
2026-04-10,97514464,2246,0,4344.1614532891,-1160.9035939586,-1160.9035939586,0.4545455,12,12,0.49771390000000000,0.497713900000,-0.28635006580284456,-0.28635006580284456,-0.28635006580284456,0E-17,ELIGIBLE,R03b_20260811_FULL_v1,L1_ELIGIBILITY,v2026-08-11,2026-03-21..2026-08-06,baccarat_bet02_101_all_pairs_incl_sentinel,round_win = game_pnl > 0 (decisive only),COMPATIBILITY_ONLY_NOT_PRODUCTION,93574.8029,85125.2922,9875.4261,605,599,-0.10553510,-0.43952068,-0.10356260,-0.10553510,-9875.4261,93574.8029,OK,0.0000,395.0170,4.0000,96.0000,AG03-UNRESOLVED,ALL5_LEVELS_bet23_to_bet27,395.0170,395.0170,395.0170,395.0170,395.0170,4.000000,4.000000,4.000000,4.000000,4.000000,96.000000,96.000000,96.000000,96.000000,96.000000,5.0,1975.0852,1823.2733,7900.3409,8052.1529,PENDING_AG03,FALSE,NOT_FOR_ENFORCEMENT,9480.4091,81720.2806,9875.4261,9480.4091,395.0170,0.10553510,0.10131370,395.0170,9480.4091,0.10131370,395.0170,395.0170,395.0170,395.0170,395.0170,9480.4091,0.10131370,1975.0852,1823.2733,7900.3409,8052.1529,0.08442808,0.08605044,0.00422140,154.6691,142.1123,16.4865,290.4537,143.1221,2752.2001,17.6176,109.8805,155.0423,39.2639,86.3807,209.4076,394.9759,523.5191,787.3816,78.5279,-5.2352,6.060606,9.115254,1.790553,24,59,32,6,0.00587126,0.10553510,0.43952068,0E-8,0.000000,0.909703,0.000000,-0.33595808,2026-03-22,2026-07-20,34,69,67,121,0.280992,0.708713,0.710423,0.019571,,,,,,,,GLOBAL_BASELINE_NO_ENTITY_RANKING,,,NOT_APPLICABLE_GLOBAL_BASELINE,HF9g-P5,,,,X 全窗基线 · 不参与实体赏罚,15051655,1506,A168_HF9F_20260827_0900,2026-08-27 09:00:00
2026-04-10,97514464,2248,0,3515.4307253359,414.7580032981,414.7580032981,0.5454545,11,11,0.50299473636363636,0.502994736364,0.2816515628482435,0.2816515628458326,0.2816515628482435,-3.6364E-13,ELIGIBLE,R03b_20260811_FULL_v1,L1_ELIGIBILITY,v2026-08-11,2026-03-21..2026-08-06,baccarat_bet02_101_all_pairs_incl_sentinel,round_win = game_pnl > 0 (decisive only),COMPATIBILITY_ONLY_NOT_PRODUCTION,93574.8029,85125.2922,9875.4261,605,599,-0.10553510,-0.43952068,-0.10356260,-0.10553510,-9875.4261,93574.8029,OK,0.0000,395.0170,4.0000,96.0000,AG03-UNRESOLVED,ALL5_LEVELS_bet23_to_bet27,395.0170,395.0170,395.0170,395.0170,395.0170,4.000000,4.000000,4.000000,4.000000,4.000000,96.000000,96.000000,96.000000,96.000000,96.000000,5.0,1975.0852,1823.2733,7900.3409,8052.1529,PENDING_AG03,FALSE,NOT_FOR_ENFORCEMENT,9480.4091,81720.2806,9875.4261,9480.4091,395.0170,0.10553510,0.10131370,395.0170,9480.4091,0.10131370,395.0170,395.0170,395.0170,395.0170,395.0170,9480.4091,0.10131370,1975.0852,1823.2733,7900.3409,8052.1529,0.08442808,0.08605044,0.00422140,154.6691,142.1123,16.4865,290.4537,143.1221,2752.2001,17.6176,109.8805,155.0423,39.2639,86.3807,209.4076,394.9759,523.5191,787.3816,78.5279,-5.2352,6.060606,9.115254,1.790553,24,59,32,6,0.00587126,0.10553510,0.43952068,0E-8,0.000000,0.909703,0.000000,-0.33595808,2026-03-22,2026-07-20,34,69,67,121,0.280992,0.708713,0.710423,0.019571,,,,,,,,GLOBAL_BASELINE_NO_ENTITY_RANKING,,,NOT_APPLICABLE_GLOBAL_BASELINE,HF9g-P5,,,,X 全窗基线 · 不参与实体赏罚,15051656,1506,A168_HF9F_20260827_0900,2026-08-27 09:00:00
2026-04-10,97514464,2256,0,677.9572284900,-677.9572284900,-677.9572284900,0E-7,2,2,0.49994810000000000,0.499948100000,-1.4140667746232096,-1.4140667746232096,-1.4140667746232096,0E-17,ELIGIBLE,R03b_20260811_FULL_v1,L1_ELIGIBILITY,v2026-08-11,2026-03-21..2026-08-06,baccarat_bet02_101_all_pairs_incl_sentinel,round_win = game_pnl > 0 (decisive only),COMPATIBILITY_ONLY_NOT_PRODUCTION,93574.8029,85125.2922,9875.4261,605,599,-0.10553510,-0.43952068,-0.10356260,-0.10553510,-9875.4261,93574.8029,OK,0.0000,395.0170,4.0000,96.0000,AG03-UNRESOLVED,ALL5_LEVELS_bet23_to_bet27,395.0170,395.0170,395.0170,395.0170,395.0170,4.000000,4.000000,4.000000,4.000000,4.000000,96.000000,96.000000,96.000000,96.000000,96.000000,5.0,1975.0852,1823.2733,7900.3409,8052.1529,PENDING_AG03,FALSE,NOT_FOR_ENFORCEMENT,9480.4091,81720.2806,9875.4261,9480.4091,395.0170,0.10553510,0.10131370,395.0170,9480.4091,0.10131370,395.0170,395.0170,395.0170,395.0170,395.0170,9480.4091,0.10131370,1975.0852,1823.2733,7900.3409,8052.1529,0.08442808,0.08605044,0.00422140,154.6691,142.1123,16.4865,290.4537,143.1221,2752.2001,17.6176,109.8805,155.0423,39.2639,86.3807,209.4076,394.9759,523.5191,787.3816,78.5279,-5.2352,6.060606,9.115254,1.790553,24,59,32,6,0.00587126,0.10553510,0.43952068,0E-8,0.000000,0.909703,0.000000,-0.33595808,2026-03-22,2026-07-20,34,69,67,121,0.280992,0.708713,0.710423,0.019571,,,,,,,,GLOBAL_BASELINE_NO_ENTITY_RANKING,,,NOT_APPLICABLE_GLOBAL_BASELINE,HF9g-P5,,,,X 全窗基线 · 不参与实体赏罚,15051657,1506,A168_HF9F_20260827_0900,2026-08-27 09:00:00
2026-04-10,97514464,986,0,1753.7889694527,1734.1570033767,1734.1570033767,1.0000000,3,3,0.49771390000000000,0.497713900000,1.739988277604938,1.739988277604938,1.739988277604938,0E-17,ELIGIBLE,R03b_20260811_FULL_v1,L1_ELIGIBILITY,v2026-08-11,2026-03-21..2026-08-06,baccarat_bet02_101_all_pairs_incl_sentinel,round_win = game_pnl > 0 (decisive only),COMPATIBILITY_ONLY_NOT_PRODUCTION,93574.8029,85125.2922,9875.4261,605,599,-0.10553510,-0.43952068,-0.10356260,-0.10553510,-9875.4261,93574.8029,OK,0.0000,395.0170,4.0000,96.0000,AG03-UNRESOLVED,ALL5_LEVELS_bet23_to_bet27,395.0170,395.0170,395.0170,395.0170,395.0170,4.000000,4.000000,4.000000,4.000000,4.000000,96.000000,96.000000,96.000000,96.000000,96.000000,5.0,1975.0852,1823.2733,7900.3409,8052.1529,PENDING_AG03,FALSE,NOT_FOR_ENFORCEMENT,9480.4091,81720.2806,9875.4261,9480.4091,395.0170,0.10553510,0.10131370,395.0170,9480.4091,0.10131370,395.0170,395.0170,395.0170,395.0170,395.0170,9480.4091,0.10131370,1975.0852,1823.2733,7900.3409,8052.1529,0.08442808,0.08605044,0.00422140,154.6691,142.1123,16.4865,290.4537,143.1221,2752.2001,17.6176,109.8805,155.0423,39.2639,86.3807,209.4076,394.9759,523.5191,787.3816,78.5279,-5.2352,6.060606,9.115254,1.790553,24,59,32,6,0.00587126,0.10553510,0.43952068,0E-8,0.000000,0.909703,0.000000,-0.33595808,2026-03-22,2026-07-20,34,69,67,121,0.280992,0.708713,0.710423,0.019571,,,,,,,,GLOBAL_BASELINE_NO_ENTITY_RANKING,,,NOT_APPLICABLE_GLOBAL_BASELINE,HF9g-P5,,,,X 全窗基线 · 不参与实体赏罚,15051658,1506,A168_HF9F_20260827_0900,2026-08-27 09:00:00
2026-04-10,97514464,987,0,2303.4840195798,689.7364081354,689.7364081354,0.6000000,10,10,0.50262914000000000,0.502629140000,0.615835904497673,0.615835904497673,0.615835904497673,0E-17,ELIGIBLE,R03b_20260811_FULL_v1,L1_ELIGIBILITY,v2026-08-11,2026-03-21..2026-08-06,baccarat_bet02_101_all_pairs_incl_sentinel,round_win = game_pnl > 0 (decisive only),COMPATIBILITY_ONLY_NOT_PRODUCTION,93574.8029,85125.2922,9875.4261,605,599,-0.10553510,-0.43952068,-0.10356260,-0.10553510,-9875.4261,93574.8029,OK,0.0000,395.0170,4.0000,96.0000,AG03-UNRESOLVED,ALL5_LEVELS_bet23_to_bet27,395.0170,395.0170,395.0170,395.0170,395.0170,4.000000,4.000000,4.000000,4.000000,4.000000,96.000000,96.000000,96.000000,96.000000,96.000000,5.0,1975.0852,1823.2733,7900.3409,8052.1529,PENDING_AG03,FALSE,NOT_FOR_ENFORCEMENT,9480.4091,81720.2806,9875.4261,9480.4091,395.0170,0.10553510,0.10131370,395.0170,9480.4091,0.10131370,395.0170,395.0170,395.0170,395.0170,395.0170,9480.4091,0.10131370,1975.0852,1823.2733,7900.3409,8052.1529,0.08442808,0.08605044,0.00422140,154.6691,142.1123,16.4865,290.4537,143.1221,2752.2001,17.6176,109.8805,155.0423,39.2639,86.3807,209.4076,394.9759,523.5191,787.3816,78.5279,-5.2352,6.060606,9.115254,1.790553,24,59,32,6,0.00587126,0.10553510,0.43952068,0E-8,0.000000,0.909703,0.000000,-0.33595808,2026-03-22,2026-07-20,34,69,67,121,0.280992,0.708713,0.710423,0.019571,,,,,,,,GLOBAL_BASELINE_NO_ENTITY_RANKING,,,NOT_APPLICABLE_GLOBAL_BASELINE,HF9g-P5,,,,X 全窗基线 · 不参与实体赏罚,15051659,1506,A168_HF9F_20260827_0900,2026-08-27 09:00:00
2026-04-11,97514464,2216,0,29.8405884354,-9.9468628118,-9.9468628118,0.5000000,2,2,0.49324550000000000,0.493245500000,0.01910635448239258,0.01910635448239258,0.01910635448239258,0E-17,ELIGIBLE,R03b_20260811_FULL_v1,L1_ELIGIBILITY,v2026-08-11,2026-03-21..2026-08-06,baccarat_bet02_101_all_pairs_incl_sentinel,round_win = game_pnl > 0 (decisive only),COMPATIBILITY_ONLY_NOT_PRODUCTION,93574.8029,85125.2922,9875.4261,605,599,-0.10553510,-0.43952068,-0.10356260,-0.10553510,-9875.4261,93574.8029,OK,0.0000,395.0170,4.0000,96.0000,AG03-UNRESOLVED,ALL5_LEVELS_bet23_to_bet27,395.0170,395.0170,395.0170,395.0170,395.0170,4.000000,4.000000,4.000000,4.000000,4.000000,96.000000,96.000000,96.000000,96.000000,96.000000,5.0,1975.0852,1823.2733,7900.3409,8052.1529,PENDING_AG03,FALSE,NOT_FOR_ENFORCEMENT,9480.4091,81720.2806,9875.4261,9480.4091,395.0170,0.10553510,0.10131370,395.0170,9480.4091,0.10131370,395.0170,395.0170,395.0170,395.0170,395.0170,9480.4091,0.10131370,1975.0852,1823.2733,7900.3409,8052.1529,0.08442808,0.08605044,0.00422140,154.6691,142.1123,16.4865,290.4537,143.1221,2752.2001,17.6176,109.8805,155.0423,39.2639,86.3807,209.4076,394.9759,523.5191,787.3816,78.5279,-5.2352,6.060606,9.115254,1.790553,24,59,32,6,0.00587126,0.10553510,0.43952068,0E-8,0.000000,0.909703,0.000000,-0.33595808,2026-03-22,2026-07-20,34,69,67,121,0.280992,0.708713,0.710423,0.019571,,,,,,,,GLOBAL_BASELINE_NO_ENTITY_RANKING,,,NOT_APPLICABLE_GLOBAL_BASELINE,HF9g-P5,,,,X 全窗基线 · 不参与实体赏罚,15051660,1506,A168_HF9F_20260827_0900,2026-08-27 09:00:00
2026-04-12,97514464,-1,1,402.0626652357,-113.0801245976,-113.0801245976,0.3333333,7,7,0.49516052857142857,0.495160528571,-0.7928252472495432,-0.7928252472474502,-0.7928252472495432,4.2857E-13,SENTINEL_DEALER,R03b_20260811_FULL_v1,L1_ELIGIBILITY,v2026-08-11,2026-03-21..2026-08-06,baccarat_bet02_101_all_pairs_incl_sentinel,round_win = game_pnl > 0 (decisive only),COMPATIBILITY_ONLY_NOT_PRODUCTION,93574.8029,85125.2922,9875.4261,605,599,-0.10553510,-0.43952068,-0.10356260,-0.10553510,-9875.4261,93574.8029,OK,0.0000,395.0170,4.0000,96.0000,AG03-UNRESOLVED,ALL5_LEVELS_bet23_to_bet27,395.0170,395.0170,395.0170,395.0170,395.0170,4.000000,4.000000,4.000000,4.000000,4.000000,96.000000,96.000000,96.000000,96.000000,96.000000,5.0,1975.0852,1823.2733,7900.3409,8052.1529,PENDING_AG03,FALSE,NOT_FOR_ENFORCEMENT,9480.4091,81720.2806,9875.4261,9480.4091,395.0170,0.10553510,0.10131370,395.0170,9480.4091,0.10131370,395.0170,395.0170,395.0170,395.0170,395.0170,9480.4091,0.10131370,1975.0852,1823.2733,7900.3409,8052.1529,0.08442808,0.08605044,0.00422140,154.6691,142.1123,16.4865,290.4537,143.1221,2752.2001,17.6176,109.8805,155.0423,39.2639,86.3807,209.4076,394.9759,523.5191,787.3816,78.5279,-5.2352,6.060606,9.115254,1.790553,24,59,32,6,0.00587126,0.10553510,0.43952068,0E-8,0.000000,0.909703,0.000000,-0.33595808,2026-03-22,2026-07-20,34,69,67,121,0.280992,0.708713,0.710423,0.019571,,,,,,,,GLOBAL_BASELINE_NO_ENTITY_RANKING,,,NOT_APPLICABLE_GLOBAL_BASELINE,HF9g-P5,,,,X 全窗基线 · 不参与实体赏罚,15051661,1506,A168_HF9F_20260827_0900,2026-08-27 09:00:00
2026-04-12,97514464,2254,0,105.4890977148,0E-10,0E-10,,1,1,0.50665070000000000,0.506650700000,,,,0E-17,NO_DECISIVE_ROUND,R03b_20260811_FULL_v1,L1_ELIGIBILITY,v2026-08-11,2026-03-21..2026-08-06,baccarat_bet02_101_all_pairs_incl_sentinel,round_win = game_pnl > 0 (decisive only),COMPATIBILITY_ONLY_NOT_PRODUCTION,93574.8029,85125.2922,9875.4261,605,599,-0.10553510,-0.43952068,-0.10356260,-0.10553510,-9875.4261,93574.8029,OK,0.0000,395.0170,4.0000,96.0000,AG03-UNRESOLVED,ALL5_LEVELS_bet23_to_bet27,395.0170,395.0170,395.0170,395.0170,395.0170,4.000000,4.000000,4.000000,4.000000,4.000000,96.000000,96.000000,96.000000,96.000000,96.000000,5.0,1975.0852,1823.2733,7900.3409,8052.1529,PENDING_AG03,FALSE,NOT_FOR_ENFORCEMENT,9480.4091,81720.2806,9875.4261,9480.4091,395.0170,0.10553510,0.10131370,395.0170,9480.4091,0.10131370,395.0170,395.0170,395.0170,395.0170,395.0170,9480.4091,0.10131370,1975.0852,1823.2733,7900.3409,8052.1529,0.08442808,0.08605044,0.00422140,154.6691,142.1123,16.4865,290.4537,143.1221,2752.2001,17.6176,109.8805,155.0423,39.2639,86.3807,209.4076,394.9759,523.5191,787.3816,78.5279,-5.2352,6.060606,9.115254,1.790553,24,59,32,6,0.00587126,0.10553510,0.43952068,0E-8,0.000000,0.909703,0.000000,-0.33595808,2026-03-22,2026-07-20,34,69,67,121,0.280992,0.708713,0.710423,0.019571,,,,,,,,GLOBAL_BASELINE_NO_ENTITY_RANKING,,,NOT_APPLICABLE_GLOBAL_BASELINE,HF9g-P5,,,,X 全窗基线 · 不参与实体赏罚,15051662,1506,A168_HF9F_20260827_0900,2026-08-27 09:00:00
2026-04-12,97514464,2256,0,105.4890977148,-105.4890977148,-105.4890977148,0E-7,1,1,0.50665070000000000,0.506650700000,-1.013391052207602,-1.013391052207602,-1.013391052207602,0E-17,ELIGIBLE,R03b_20260811_FULL_v1,L1_ELIGIBILITY,v2026-08-11,2026-03-21..2026-08-06,baccarat_bet02_101_all_pairs_incl_sentinel,round_win = game_pnl > 0 (decisive only),COMPATIBILITY_ONLY_NOT_PRODUCTION,93574.8029,85125.2922,9875.4261,605,599,-0.10553510,-0.43952068,-0.10356260,-0.10553510,-9875.4261,93574.8029,OK,0.0000,395.0170,4.0000,96.0000,AG03-UNRESOLVED,ALL5_LEVELS_bet23_to_bet27,395.0170,395.0170,395.0170,395.0170,395.0170,4.000000,4.000000,4.000000,4.000000,4.000000,96.000000,96.000000,96.000000,96.000000,96.000000,5.0,1975.0852,1823.2733,7900.3409,8052.1529,PENDING_AG03,FALSE,NOT_FOR_ENFORCEMENT,9480.4091,81720.2806,9875.4261,9480.4091,395.0170,0.10553510,0.10131370,395.0170,9480.4091,0.10131370,395.0170,395.0170,395.0170,395.0170,395.0170,9480.4091,0.10131370,1975.0852,1823.2733,7900.3409,8052.1529,0.08442808,0.08605044,0.00422140,154.6691,142.1123,16.4865,290.4537,143.1221,2752.2001,17.6176,109.8805,155.0423,39.2639,86.3807,209.4076,394.9759,523.5191,787.3816,78.5279,-5.2352,6.060606,9.115254,1.790553,24,59,32,6,0.00587126,0.10553510,0.43952068,0E-8,0.000000,0.909703,0.000000,-0.33595808,2026-03-22,2026-07-20,34,69,67,121,0.280992,0.708713,0.710423,0.019571,,,,,,,,GLOBAL_BASELINE_NO_ENTITY_RANKING,,,NOT_APPLICABLE_GLOBAL_BASELINE,HF9g-P5,,,,X 全窗基线 · 不参与实体赏罚,15051663,1506,A168_HF9F_20260827_0900,2026-08-27 09:00:00
2026-04-15,97514464,-1,1,8791.4561683642,-525.0896526450,-525.0896526450,0.5217391,25,25,0.49967999600000000,0.499679996000,0.21158382793210279,0.21158382793210279,0.21158382793210279,0E-17,SENTINEL_DEALER,R03b_20260811_FULL_v1,L1_ELIGIBILITY,v2026-08-11,2026-03-21..2026-08-06,baccarat_bet02_101_all_pairs_incl_sentinel,round_win = game_pnl > 0 (decisive only),COMPATIBILITY_ONLY_NOT_PRODUCTION,93574.8029,85125.2922,9875.4261,605,599,-0.10553510,-0.43952068,-0.10356260,-0.10553510,-9875.4261,93574.8029,OK,0.0000,395.0170,4.0000,96.0000,AG03-UNRESOLVED,ALL5_LEVELS_bet23_to_bet27,395.0170,395.0170,395.0170,395.0170,395.0170,4.000000,4.000000,4.000000,4.000000,4.000000,96.000000,96.000000,96.000000,96.000000,96.000000,5.0,1975.0852,1823.2733,7900.3409,8052.1529,PENDING_AG03,FALSE,NOT_FOR_ENFORCEMENT,9480.4091,81720.2806,9875.4261,9480.4091,395.0170,0.10553510,0.10131370,395.0170,9480.4091,0.10131370,395.0170,395.0170,395.0170,395.0170,395.0170,9480.4091,0.10131370,1975.0852,1823.2733,7900.3409,8052.1529,0.08442808,0.08605044,0.00422140,154.6691,142.1123,16.4865,290.4537,143.1221,2752.2001,17.6176,109.8805,155.0423,39.2639,86.3807,209.4076,394.9759,523.5191,787.3816,78.5279,-5.2352,6.060606,9.115254,1.790553,24,59,32,6,0.00587126,0.10553510,0.43952068,0E-8,0.000000,0.909703,0.000000,-0.33595808,2026-03-22,2026-07-20,34,69,67,121,0.280992,0.708713,0.710423,0.019571,,,,,,,,GLOBAL_BASELINE_NO_ENTITY_RANKING,,,NOT_APPLICABLE_GLOBAL_BASELINE,HF9g-P5,,,,X 全窗基线 · 不参与实体赏罚,15051664,1506,A168_HF9F_20260827_0900,2026-08-27 09:00:00
2026-04-15,97514464,2251,0,261.7595476796,-104.7038190718,-104.7038190718,0.3333333,3,3,0.49324550000000000,0.493245500000,-0.5540025479526107,-0.5540025479526106,-0.5540025479526107,0E-17,ELIGIBLE,R03b_20260811_FULL_v1,L1_ELIGIBILITY,v2026-08-11,2026-03-21..2026-08-06,baccarat_bet02_101_all_pairs_incl_sentinel,round_win = game_pnl > 0 (decisive only),COMPATIBILITY_ONLY_NOT_PRODUCTION,93574.8029,85125.2922,9875.4261,605,599,-0.10553510,-0.43952068,-0.10356260,-0.10553510,-9875.4261,93574.8029,OK,0.0000,395.0170,4.0000,96.0000,AG03-UNRESOLVED,ALL5_LEVELS_bet23_to_bet27,395.0170,395.0170,395.0170,395.0170,395.0170,4.000000,4.000000,4.000000,4.000000,4.000000,96.000000,96.000000,96.000000,96.000000,96.000000,5.0,1975.0852,1823.2733,7900.3409,8052.1529,PENDING_AG03,FALSE,NOT_FOR_ENFORCEMENT,9480.4091,81720.2806,9875.4261,9480.4091,395.0170,0.10553510,0.10131370,395.0170,9480.4091,0.10131370,395.0170,395.0170,395.0170,395.0170,395.0170,9480.4091,0.10131370,1975.0852,1823.2733,7900.3409,8052.1529,0.08442808,0.08605044,0.00422140,154.6691,142.1123,16.4865,290.4537,143.1221,2752.2001,17.6176,109.8805,155.0423,39.2639,86.3807,209.4076,394.9759,523.5191,787.3816,78.5279,-5.2352,6.060606,9.115254,1.790553,24,59,32,6,0.00587126,0.10553510,0.43952068,0E-8,0.000000,0.909703,0.000000,-0.33595808,2026-03-22,2026-07-20,34,69,67,121,0.280992,0.708713,0.710423,0.019571,,,,,,,,GLOBAL_BASELINE_NO_ENTITY_RANKING,,,NOT_APPLICABLE_GLOBAL_BASELINE,HF9g-P5,,,,X 全窗基线 · 不参与实体赏罚,15051665,1506,A168_HF9F_20260827_0900,2026-08-27 09:00:00
2026-04-15,97514464,529,0,798.3666204226,255.2155589876,255.2155589876,0.7500000,5,5,0.49860758000000000,0.498607580000,1.005573579286957,1.005573579286957,1.005573579286957,0E-17,ELIGIBLE,R03b_20260811_FULL_v1,L1_ELIGIBILITY,v2026-08-11,2026-03-21..2026-08-06,baccarat_bet02_101_all_pairs_incl_sentinel,round_win = game_pnl > 0 (decisive only),COMPATIBILITY_ONLY_NOT_PRODUCTION,93574.8029,85125.2922,9875.4261,605,599,-0.10553510,-0.43952068,-0.10356260,-0.10553510,-9875.4261,93574.8029,OK,0.0000,395.0170,4.0000,96.0000,AG03-UNRESOLVED,ALL5_LEVELS_bet23_to_bet27,395.0170,395.0170,395.0170,395.0170,395.0170,4.000000,4.000000,4.000000,4.000000,4.000000,96.000000,96.000000,96.000000,96.000000,96.000000,5.0,1975.0852,1823.2733,7900.3409,8052.1529,PENDING_AG03,FALSE,NOT_FOR_ENFORCEMENT,9480.4091,81720.2806,9875.4261,9480.4091,395.0170,0.10553510,0.10131370,395.0170,9480.4091,0.10131370,395.0170,395.0170,395.0170,395.0170,395.0170,9480.4091,0.10131370,1975.0852,1823.2733,7900.3409,8052.1529,0.08442808,0.08605044,0.00422140,154.6691,142.1123,16.4865,290.4537,143.1221,2752.2001,17.6176,109.8805,155.0423,39.2639,86.3807,209.4076,394.9759,523.5191,787.3816,78.5279,-5.2352,6.060606,9.115254,1.790553,24,59,32,6,0.00587126,0.10553510,0.43952068,0E-8,0.000000,0.909703,0.000000,-0.33595808,2026-03-22,2026-07-20,34,69,67,121,0.280992,0.708713,0.710423,0.019571,,,,,,,,GLOBAL_BASELINE_NO_ENTITY_RANKING,,,NOT_APPLICABLE_GLOBAL_BASELINE,HF9g-P5,,,,X 全窗基线 · 不参与实体赏罚,15051666,1506,A168_HF9F_20260827_0900,2026-08-27 09:00:00
2026-04-15,97514464,550,0,1961.8878098579,-778.7346543467,-778.7346543467,0.3333333,6,6,0.49771390000000000,0.497713900000,-0.8053054414300617,-0.8053054414300617,-0.8053054414300617,0E-17,ELIGIBLE,R03b_20260811_FULL_v1,L1_ELIGIBILITY,v2026-08-11,2026-03-21..2026-08-06,baccarat_bet02_101_all_pairs_incl_sentinel,round_win = game_pnl > 0 (decisive only),COMPATIBILITY_ONLY_NOT_PRODUCTION,93574.8029,85125.2922,9875.4261,605,599,-0.10553510,-0.43952068,-0.10356260,-0.10553510,-9875.4261,93574.8029,OK,0.0000,395.0170,4.0000,96.0000,AG03-UNRESOLVED,ALL5_LEVELS_bet23_to_bet27,395.0170,395.0170,395.0170,395.0170,395.0170,4.000000,4.000000,4.000000,4.000000,4.000000,96.000000,96.000000,96.000000,96.000000,96.000000,5.0,1975.0852,1823.2733,7900.3409,8052.1529,PENDING_AG03,FALSE,NOT_FOR_ENFORCEMENT,9480.4091,81720.2806,9875.4261,9480.4091,395.0170,0.10553510,0.10131370,395.0170,9480.4091,0.10131370,395.0170,395.0170,395.0170,395.0170,395.0170,9480.4091,0.10131370,1975.0852,1823.2733,7900.3409,8052.1529,0.08442808,0.08605044,0.00422140,154.6691,142.1123,16.4865,290.4537,143.1221,2752.2001,17.6176,109.8805,155.0423,39.2639,86.3807,209.4076,394.9759,523.5191,787.3816,78.5279,-5.2352,6.060606,9.115254,1.790553,24,59,32,6,0.00587126,0.10553510,0.43952068,0E-8,0.000000,0.909703,0.000000,-0.33595808,2026-03-22,2026-07-20,34,69,67,121,0.280992,0.708713,0.710423,0.019571,,,,,,,,GLOBAL_BASELINE_NO_ENTITY_RANKING,,,NOT_APPLICABLE_GLOBAL_BASELINE,HF9g-P5,,,,X 全窗基线 · 不参与实体赏罚,15051667,1506,A168_HF9F_20260827_0900,2026-08-27 09:00:00
2026-04-16,97514464,1363,0,74.6014710887,-74.6014710887,-74.6014710887,0E-7,1,1,0.49324550000000000,0.493245500000,-0.9865810262130424,-0.9865810262130424,-0.9865810262130424,0E-17,ELIGIBLE,R03b_20260811_FULL_v1,L1_ELIGIBILITY,v2026-08-11,2026-03-21..2026-08-06,baccarat_bet02_101_all_pairs_incl_sentinel,round_win = game_pnl > 0 (decisive only),COMPATIBILITY_ONLY_NOT_PRODUCTION,93574.8029,85125.2922,9875.4261,605,599,-0.10553510,-0.43952068,-0.10356260,-0.10553510,-9875.4261,93574.8029,OK,0.0000,395.0170,4.0000,96.0000,AG03-UNRESOLVED,ALL5_LEVELS_bet23_to_bet27,395.0170,395.0170,395.0170,395.0170,395.0170,4.000000,4.000000,4.000000,4.000000,4.000000,96.000000,96.000000,96.000000,96.000000,96.000000,5.0,1975.0852,1823.2733,7900.3409,8052.1529,PENDING_AG03,FALSE,NOT_FOR_ENFORCEMENT,9480.4091,81720.2806,9875.4261,9480.4091,395.0170,0.10553510,0.10131370,395.0170,9480.4091,0.10131370,395.0170,395.0170,395.0170,395.0170,395.0170,9480.4091,0.10131370,1975.0852,1823.2733,7900.3409,8052.1529,0.08442808,0.08605044,0.00422140,154.6691,142.1123,16.4865,290.4537,143.1221,2752.2001,17.6176,109.8805,155.0423,39.2639,86.3807,209.4076,394.9759,523.5191,787.3816,78.5279,-5.2352,6.060606,9.115254,1.790553,24,59,32,6,0.00587126,0.10553510,0.43952068,0E-8,0.000000,0.909703,0.000000,-0.33595808,2026-03-22,2026-07-20,34,69,67,121,0.280992,0.708713,0.710423,0.019571,,,,,,,,GLOBAL_BASELINE_NO_ENTITY_RANKING,,,NOT_APPLICABLE_GLOBAL_BASELINE,HF9g-P5,,,,X 全窗基线 · 不参与实体赏罚,15051668,1506,A168_HF9F_20260827_0900,2026-08-27 09:00:00
2026-04-16,97514464,1385,0,732.9267335029,-340.2874119835,-340.2874119835,0.2000000,6,6,0.49547970000000000,0.495479700000,-1.3214793953192199,-1.3214793953192199,-1.3214793953192199,0E-17,ELIGIBLE,R03b_20260811_FULL_v1,L1_ELIGIBILITY,v2026-08-11,2026-03-21..2026-08-06,baccarat_bet02_101_all_pairs_incl_sentinel,round_win = game_pnl > 0 (decisive only),COMPATIBILITY_ONLY_NOT_PRODUCTION,93574.8029,85125.2922,9875.4261,605,599,-0.10553510,-0.43952068,-0.10356260,-0.10553510,-9875.4261,93574.8029,OK,0.0000,395.0170,4.0000,96.0000,AG03-UNRESOLVED,ALL5_LEVELS_bet23_to_bet27,395.0170,395.0170,395.0170,395.0170,395.0170,4.000000,4.000000,4.000000,4.000000,4.000000,96.000000,96.000000,96.000000,96.000000,96.000000,5.0,1975.0852,1823.2733,7900.3409,8052.1529,PENDING_AG03,FALSE,NOT_FOR_ENFORCEMENT,9480.4091,81720.2806,9875.4261,9480.4091,395.0170,0.10553510,0.10131370,395.0170,9480.4091,0.10131370,395.0170,395.0170,395.0170,395.0170,395.0170,9480.4091,0.10131370,1975.0852,1823.2733,7900.3409,8052.1529,0.08442808,0.08605044,0.00422140,154.6691,142.1123,16.4865,290.4537,143.1221,2752.2001,17.6176,109.8805,155.0423,39.2639,86.3807,209.4076,394.9759,523.5191,787.3816,78.5279,-5.2352,6.060606,9.115254,1.790553,24,59,32,6,0.00587126,0.10553510,0.43952068,0E-8,0.000000,0.909703,0.000000,-0.33595808,2026-03-22,2026-07-20,34,69,67,121,0.280992,0.708713,0.710423,0.019571,,,,,,,,GLOBAL_BASELINE_NO_ENTITY_RANKING,,,NOT_APPLICABLE_GLOBAL_BASELINE,HF9g-P5,,,,X 全窗基线 · 不参与实体赏罚,15051669,1506,A168_HF9F_20260827_0900,2026-08-27 09:00:00
2026-04-16,97514464,529,0,1146.5068188366,-129.5709761014,-129.5709761014,0.4000000,10,10,0.49726706000000000,0.497267060000,-0.6151800913974267,-0.6151800913974268,-0.6151800913974267,0E-17,ELIGIBLE,R03b_20260811_FULL_v1,L1_ELIGIBILITY,v2026-08-11,2026-03-21..2026-08-06,baccarat_bet02_101_all_pairs_incl_sentinel,round_win = game_pnl > 0 (decisive only),COMPATIBILITY_ONLY_NOT_PRODUCTION,93574.8029,85125.2922,9875.4261,605,599,-0.10553510,-0.43952068,-0.10356260,-0.10553510,-9875.4261,93574.8029,OK,0.0000,395.0170,4.0000,96.0000,AG03-UNRESOLVED,ALL5_LEVELS_bet23_to_bet27,395.0170,395.0170,395.0170,395.0170,395.0170,4.000000,4.000000,4.000000,4.000000,4.000000,96.000000,96.000000,96.000000,96.000000,96.000000,5.0,1975.0852,1823.2733,7900.3409,8052.1529,PENDING_AG03,FALSE,NOT_FOR_ENFORCEMENT,9480.4091,81720.2806,9875.4261,9480.4091,395.0170,0.10553510,0.10131370,395.0170,9480.4091,0.10131370,395.0170,395.0170,395.0170,395.0170,395.0170,9480.4091,0.10131370,1975.0852,1823.2733,7900.3409,8052.1529,0.08442808,0.08605044,0.00422140,154.6691,142.1123,16.4865,290.4537,143.1221,2752.2001,17.6176,109.8805,155.0423,39.2639,86.3807,209.4076,394.9759,523.5191,787.3816,78.5279,-5.2352,6.060606,9.115254,1.790553,24,59,32,6,0.00587126,0.10553510,0.43952068,0E-8,0.000000,0.909703,0.000000,-0.33595808,2026-03-22,2026-07-20,34,69,67,121,0.280992,0.708713,0.710423,0.019571,,,,,,,,GLOBAL_BASELINE_NO_ENTITY_RANKING,,,NOT_APPLICABLE_GLOBAL_BASELINE,HF9g-P5,,,,X 全窗基线 · 不参与实体赏罚,15051670,1506,A168_HF9F_20260827_0900,2026-08-27 09:00:00
2026-04-17,97514464,2177,0,93.4481585216,-57.7179802633,-57.7179802633,0.2500000,4,4,0.49659680000000000,0.496596800000,-0.9864100490137353,-0.9864100490137354,-0.9864100490137353,0E-17,ELIGIBLE,R03b_20260811_FULL_v1,L1_ELIGIBILITY,v2026-08-11,2026-03-21..2026-08-06,baccarat_bet02_101_all_pairs_incl_sentinel,round_win = game_pnl > 0 (decisive only),COMPATIBILITY_ONLY_NOT_PRODUCTION,93574.8029,85125.2922,9875.4261,605,599,-0.10553510,-0.43952068,-0.10356260,-0.10553510,-9875.4261,93574.8029,OK,0.0000,395.0170,4.0000,96.0000,AG03-UNRESOLVED,ALL5_LEVELS_bet23_to_bet27,395.0170,395.0170,395.0170,395.0170,395.0170,4.000000,4.000000,4.000000,4.000000,4.000000,96.000000,96.000000,96.000000,96.000000,96.000000,5.0,1975.0852,1823.2733,7900.3409,8052.1529,PENDING_AG03,FALSE,NOT_FOR_ENFORCEMENT,9480.4091,81720.2806,9875.4261,9480.4091,395.0170,0.10553510,0.10131370,395.0170,9480.4091,0.10131370,395.0170,395.0170,395.0170,395.0170,395.0170,9480.4091,0.10131370,1975.0852,1823.2733,7900.3409,8052.1529,0.08442808,0.08605044,0.00422140,154.6691,142.1123,16.4865,290.4537,143.1221,2752.2001,17.6176,109.8805,155.0423,39.2639,86.3807,209.4076,394.9759,523.5191,787.3816,78.5279,-5.2352,6.060606,9.115254,1.790553,24,59,32,6,0.00587126,0.10553510,0.43952068,0E-8,0.000000,0.909703,0.000000,-0.33595808,2026-03-22,2026-07-20,34,69,67,121,0.280992,0.708713,0.710423,0.019571,,,,,,,,GLOBAL_BASELINE_NO_ENTITY_RANKING,,,NOT_APPLICABLE_GLOBAL_BASELINE,HF9g-P5,,,,X 全窗基线 · 不参与实体赏罚,15051671,1506,A168_HF9F_20260827_0900,2026-08-27 09:00:00
2026-04-18,97514464,-1,1,131.6650524830,-41.3580085334,-41.3580085334,0.4000000,7,7,0.50090561428571429,0.500905614286,-0.4512643659064873,-0.4512643659077655,-0.4512643659064873,-2.8571E-13,SENTINEL_DEALER,R03b_20260811_FULL_v1,L1_ELIGIBILITY,v2026-08-11,2026-03-21..2026-08-06,baccarat_bet02_101_all_pairs_incl_sentinel,round_win = game_pnl > 0 (decisive only),COMPATIBILITY_ONLY_NOT_PRODUCTION,93574.8029,85125.2922,9875.4261,605,599,-0.10553510,-0.43952068,-0.10356260,-0.10553510,-9875.4261,93574.8029,OK,0.0000,395.0170,4.0000,96.0000,AG03-UNRESOLVED,ALL5_LEVELS_bet23_to_bet27,395.0170,395.0170,395.0170,395.0170,395.0170,4.000000,4.000000,4.000000,4.000000,4.000000,96.000000,96.000000,96.000000,96.000000,96.000000,5.0,1975.0852,1823.2733,7900.3409,8052.1529,PENDING_AG03,FALSE,NOT_FOR_ENFORCEMENT,9480.4091,81720.2806,9875.4261,9480.4091,395.0170,0.10553510,0.10131370,395.0170,9480.4091,0.10131370,395.0170,395.0170,395.0170,395.0170,395.0170,9480.4091,0.10131370,1975.0852,1823.2733,7900.3409,8052.1529,0.08442808,0.08605044,0.00422140,154.6691,142.1123,16.4865,290.4537,143.1221,2752.2001,17.6176,109.8805,155.0423,39.2639,86.3807,209.4076,394.9759,523.5191,787.3816,78.5279,-5.2352,6.060606,9.115254,1.790553,24,59,32,6,0.00587126,0.10553510,0.43952068,0E-8,0.000000,0.909703,0.000000,-0.33595808,2026-03-22,2026-07-20,34,69,67,121,0.280992,0.708713,0.710423,0.019571,,,,,,,,GLOBAL_BASELINE_NO_ENTITY_RANKING,,,NOT_APPLICABLE_GLOBAL_BASELINE,HF9g-P5,,,,X 全窗基线 · 不参与实体赏罚,15051672,1506,A168_HF9F_20260827_0900,2026-08-27 09:00:00
2026-04-18,97514464,1702,0,119.8858728373,-24.6053974820,-24.6053974820,0.3333333,7,7,0.49324550000000000,0.493245500000,-0.783477916903833,-0.7834779169038328,-0.783477916903833,0E-17,ELIGIBLE,R03b_20260811_FULL_v1,L1_ELIGIBILITY,v2026-08-11,2026-03-21..2026-08-06,baccarat_bet02_101_all_pairs_incl_sentinel,round_win = game_pnl > 0 (decisive only),COMPATIBILITY_ONLY_NOT_PRODUCTION,93574.8029,85125.2922,9875.4261,605,599,-0.10553510,-0.43952068,-0.10356260,-0.10553510,-9875.4261,93574.8029,OK,0.0000,395.0170,4.0000,96.0000,AG03-UNRESOLVED,ALL5_LEVELS_bet23_to_bet27,395.0170,395.0170,395.0170,395.0170,395.0170,4.000000,4.000000,4.000000,4.000000,4.000000,96.000000,96.000000,96.000000,96.000000,96.000000,5.0,1975.0852,1823.2733,7900.3409,8052.1529,PENDING_AG03,FALSE,NOT_FOR_ENFORCEMENT,9480.4091,81720.2806,9875.4261,9480.4091,395.0170,0.10553510,0.10131370,395.0170,9480.4091,0.10131370,395.0170,395.0170,395.0170,395.0170,395.0170,9480.4091,0.10131370,1975.0852,1823.2733,7900.3409,8052.1529,0.08442808,0.08605044,0.00422140,154.6691,142.1123,16.4865,290.4537,143.1221,2752.2001,17.6176,109.8805,155.0423,39.2639,86.3807,209.4076,394.9759,523.5191,787.3816,78.5279,-5.2352,6.060606,9.115254,1.790553,24,59,32,6,0.00587126,0.10553510,0.43952068,0E-8,0.000000,0.909703,0.000000,-0.33595808,2026-03-22,2026-07-20,34,69,67,121,0.280992,0.708713,0.710423,0.019571,,,,,,,,GLOBAL_BASELINE_NO_ENTITY_RANKING,,,NOT_APPLICABLE_GLOBAL_BASELINE,HF9g-P5,,,,X 全窗基线 · 不参与实体赏罚,15051673,1506,A168_HF9F_20260827_0900,2026-08-27 09:00:00
2026-04-20,97514464,-1,1,1516.6348192552,-131.7043164150,-131.7043164150,0.5294118,18,18,0.49920336666666667,0.499203366667,0.24910514796951957,0.24910514796677055,0.24910514796951957,-3.3333E-13,SENTINEL_DEALER,R03b_20260811_FULL_v1,L1_ELIGIBILITY,v2026-08-11,2026-03-21..2026-08-06,baccarat_bet02_101_all_pairs_incl_sentinel,round_win = game_pnl > 0 (decisive only),COMPATIBILITY_ONLY_NOT_PRODUCTION,93574.8029,85125.2922,9875.4261,605,599,-0.10553510,-0.43952068,-0.10356260,-0.10553510,-9875.4261,93574.8029,OK,0.0000,395.0170,4.0000,96.0000,AG03-UNRESOLVED,ALL5_LEVELS_bet23_to_bet27,395.0170,395.0170,395.0170,395.0170,395.0170,4.000000,4.000000,4.000000,4.000000,4.000000,96.000000,96.000000,96.000000,96.000000,96.000000,5.0,1975.0852,1823.2733,7900.3409,8052.1529,PENDING_AG03,FALSE,NOT_FOR_ENFORCEMENT,9480.4091,81720.2806,9875.4261,9480.4091,395.0170,0.10553510,0.10131370,395.0170,9480.4091,0.10131370,395.0170,395.0170,395.0170,395.0170,395.0170,9480.4091,0.10131370,1975.0852,1823.2733,7900.3409,8052.1529,0.08442808,0.08605044,0.00422140,154.6691,142.1123,16.4865,290.4537,143.1221,2752.2001,17.6176,109.8805,155.0423,39.2639,86.3807,209.4076,394.9759,523.5191,787.3816,78.5279,-5.2352,6.060606,9.115254,1.790553,24,59,32,6,0.00587126,0.10553510,0.43952068,0E-8,0.000000,0.909703,0.000000,-0.33595808,2026-03-22,2026-07-20,34,69,67,121,0.280992,0.708713,0.710423,0.019571,,,,,,,,GLOBAL_BASELINE_NO_ENTITY_RANKING,,,NOT_APPLICABLE_GLOBAL_BASELINE,HF9g-P5,,,,X 全窗基线 · 不参与实体赏罚,15051674,1506,A168_HF9F_20260827_0900,2026-08-27 09:00:00
2026-04-20,97514464,2093,0,196.3196607598,-130.8797738399,-130.8797738399,0E-7,5,5,0.49860758000000000,0.498607580000,-1.727234020849126,-1.727234020849126,-1.727234020849126,0E-17,ELIGIBLE,R03b_20260811_FULL_v1,L1_ELIGIBILITY,v2026-08-11,2026-03-21..2026-08-06,baccarat_bet02_101_all_pairs_incl_sentinel,round_win = game_pnl > 0 (decisive only),COMPATIBILITY_ONLY_NOT_PRODUCTION,93574.8029,85125.2922,9875.4261,605,599,-0.10553510,-0.43952068,-0.10356260,-0.10553510,-9875.4261,93574.8029,OK,0.0000,395.0170,4.0000,96.0000,AG03-UNRESOLVED,ALL5_LEVELS_bet23_to_bet27,395.0170,395.0170,395.0170,395.0170,395.0170,4.000000,4.000000,4.000000,4.000000,4.000000,96.000000,96.000000,96.000000,96.000000,96.000000,5.0,1975.0852,1823.2733,7900.3409,8052.1529,PENDING_AG03,FALSE,NOT_FOR_ENFORCEMENT,9480.4091,81720.2806,9875.4261,9480.4091,395.0170,0.10553510,0.10131370,395.0170,9480.4091,0.10131370,395.0170,395.0170,395.0170,395.0170,395.0170,9480.4091,0.10131370,1975.0852,1823.2733,7900.3409,8052.1529,0.08442808,0.08605044,0.00422140,154.6691,142.1123,16.4865,290.4537,143.1221,2752.2001,17.6176,109.8805,155.0423,39.2639,86.3807,209.4076,394.9759,523.5191,787.3816,78.5279,-5.2352,6.060606,9.115254,1.790553,24,59,32,6,0.00587126,0.10553510,0.43952068,0E-8,0.000000,0.909703,0.000000,-0.33595808,2026-03-22,2026-07-20,34,69,67,121,0.280992,0.708713,0.710423,0.019571,,,,,,,,GLOBAL_BASELINE_NO_ENTITY_RANKING,,,NOT_APPLICABLE_GLOBAL_BASELINE,HF9g-P5,,,,X 全窗基线 · 不参与实体赏罚,15051675,1506,A168_HF9F_20260827_0900,2026-08-27 09:00:00
2026-04-20,97514464,2229,0,259.6654712982,-130.7488940658,-130.7488940658,0.3333333,9,9,0.50069283333333333,0.500692833333,-1.0041579640283138,-1.0041579640263127,-1.0041579640283138,3.3333E-13,ELIGIBLE,R03b_20260811_FULL_v1,L1_ELIGIBILITY,v2026-08-11,2026-03-21..2026-08-06,baccarat_bet02_101_all_pairs_incl_sentinel,round_win = game_pnl > 0 (decisive only),COMPATIBILITY_ONLY_NOT_PRODUCTION,93574.8029,85125.2922,9875.4261,605,599,-0.10553510,-0.43952068,-0.10356260,-0.10553510,-9875.4261,93574.8029,OK,0.0000,395.0170,4.0000,96.0000,AG03-UNRESOLVED,ALL5_LEVELS_bet23_to_bet27,395.0170,395.0170,395.0170,395.0170,395.0170,4.000000,4.000000,4.000000,4.000000,4.000000,96.000000,96.000000,96.000000,96.000000,96.000000,5.0,1975.0852,1823.2733,7900.3409,8052.1529,PENDING_AG03,FALSE,NOT_FOR_ENFORCEMENT,9480.4091,81720.2806,9875.4261,9480.4091,395.0170,0.10553510,0.10131370,395.0170,9480.4091,0.10131370,395.0170,395.0170,395.0170,395.0170,395.0170,9480.4091,0.10131370,1975.0852,1823.2733,7900.3409,8052.1529,0.08442808,0.08605044,0.00422140,154.6691,142.1123,16.4865,290.4537,143.1221,2752.2001,17.6176,109.8805,155.0423,39.2639,86.3807,209.4076,394.9759,523.5191,787.3816,78.5279,-5.2352,6.060606,9.115254,1.790553,24,59,32,6,0.00587126,0.10553510,0.43952068,0E-8,0.000000,0.909703,0.000000,-0.33595808,2026-03-22,2026-07-20,34,69,67,121,0.280992,0.708713,0.710423,0.019571,,,,,,,,GLOBAL_BASELINE_NO_ENTITY_RANKING,,,NOT_APPLICABLE_GLOBAL_BASELINE,HF9g-P5,,,,X 全窗基线 · 不参与实体赏罚,15051676,1506,A168_HF9F_20260827_0900,2026-08-27 09:00:00
2026-04-21,97514464,-1,1,73.0309138026,-8.1145459781,-8.1145459781,0.6666667,4,4,0.49324550000000000,0.493245500000,0.6008033672792107,0.6008033672792106,0.6008033672792107,0E-17,SENTINEL_DEALER,R03b_20260811_FULL_v1,L1_ELIGIBILITY,v2026-08-11,2026-03-21..2026-08-06,baccarat_bet02_101_all_pairs_incl_sentinel,round_win = game_pnl > 0 (decisive only),COMPATIBILITY_ONLY_NOT_PRODUCTION,93574.8029,85125.2922,9875.4261,605,599,-0.10553510,-0.43952068,-0.10356260,-0.10553510,-9875.4261,93574.8029,OK,0.0000,395.0170,4.0000,96.0000,AG03-UNRESOLVED,ALL5_LEVELS_bet23_to_bet27,395.0170,395.0170,395.0170,395.0170,395.0170,4.000000,4.000000,4.000000,4.000000,4.000000,96.000000,96.000000,96.000000,96.000000,96.000000,5.0,1975.0852,1823.2733,7900.3409,8052.1529,PENDING_AG03,FALSE,NOT_FOR_ENFORCEMENT,9480.4091,81720.2806,9875.4261,9480.4091,395.0170,0.10553510,0.10131370,395.0170,9480.4091,0.10131370,395.0170,395.0170,395.0170,395.0170,395.0170,9480.4091,0.10131370,1975.0852,1823.2733,7900.3409,8052.1529,0.08442808,0.08605044,0.00422140,154.6691,142.1123,16.4865,290.4537,143.1221,2752.2001,17.6176,109.8805,155.0423,39.2639,86.3807,209.4076,394.9759,523.5191,787.3816,78.5279,-5.2352,6.060606,9.115254,1.790553,24,59,32,6,0.00587126,0.10553510,0.43952068,0E-8,0.000000,0.909703,0.000000,-0.33595808,2026-03-22,2026-07-20,34,69,67,121,0.280992,0.708713,0.710423,0.019571,,,,,,,,GLOBAL_BASELINE_NO_ENTITY_RANKING,,,NOT_APPLICABLE_GLOBAL_BASELINE,HF9g-P5,,,,X 全窗基线 · 不参与实体赏罚,15051677,1506,A168_HF9F_20260827_0900,2026-08-27 09:00:00
2026-04-22,97514464,1323,0,32.7199434600,-32.7199434600,-32.7199434600,0E-7,4,4,0.50329940000000000,0.503299400000,-2.013241432932159,-2.013241432932159,-2.013241432932159,0E-17,ELIGIBLE,R03b_20260811_FULL_v1,L1_ELIGIBILITY,v2026-08-11,2026-03-21..2026-08-06,baccarat_bet02_101_all_pairs_incl_sentinel,round_win = game_pnl > 0 (decisive only),COMPATIBILITY_ONLY_NOT_PRODUCTION,93574.8029,85125.2922,9875.4261,605,599,-0.10553510,-0.43952068,-0.10356260,-0.10553510,-9875.4261,93574.8029,OK,0.0000,395.0170,4.0000,96.0000,AG03-UNRESOLVED,ALL5_LEVELS_bet23_to_bet27,395.0170,395.0170,395.0170,395.0170,395.0170,4.000000,4.000000,4.000000,4.000000,4.000000,96.000000,96.000000,96.000000,96.000000,96.000000,5.0,1975.0852,1823.2733,7900.3409,8052.1529,PENDING_AG03,FALSE,NOT_FOR_ENFORCEMENT,9480.4091,81720.2806,9875.4261,9480.4091,395.0170,0.10553510,0.10131370,395.0170,9480.4091,0.10131370,395.0170,395.0170,395.0170,395.0170,395.0170,9480.4091,0.10131370,1975.0852,1823.2733,7900.3409,8052.1529,0.08442808,0.08605044,0.00422140,154.6691,142.1123,16.4865,290.4537,143.1221,2752.2001,17.6176,109.8805,155.0423,39.2639,86.3807,209.4076,394.9759,523.5191,787.3816,78.5279,-5.2352,6.060606,9.115254,1.790553,24,59,32,6,0.00587126,0.10553510,0.43952068,0E-8,0.000000,0.909703,0.000000,-0.33595808,2026-03-22,2026-07-20,34,69,67,121,0.280992,0.708713,0.710423,0.019571,,,,,,,,GLOBAL_BASELINE_NO_ENTITY_RANKING,,,NOT_APPLICABLE_GLOBAL_BASELINE,HF9g-P5,,,,X 全窗基线 · 不参与实体赏罚,15051678,1506,A168_HF9F_20260827_0900,2026-08-27 09:00:00
2026-04-23,97514464,1151,0,52.3519095360,-26.1759547680,-26.1759547680,0E-7,3,3,0.50218230000000000,0.502182300000,-1.4203995680682369,-1.4203995680682369,-1.4203995680682369,0E-17,ELIGIBLE,R03b_20260811_FULL_v1,L1_ELIGIBILITY,v2026-08-11,2026-03-21..2026-08-06,baccarat_bet02_101_all_pairs_incl_sentinel,round_win = game_pnl > 0 (decisive only),COMPATIBILITY_ONLY_NOT_PRODUCTION,93574.8029,85125.2922,9875.4261,605,599,-0.10553510,-0.43952068,-0.10356260,-0.10553510,-9875.4261,93574.8029,OK,0.0000,395.0170,4.0000,96.0000,AG03-UNRESOLVED,ALL5_LEVELS_bet23_to_bet27,395.0170,395.0170,395.0170,395.0170,395.0170,4.000000,4.000000,4.000000,4.000000,4.000000,96.000000,96.000000,96.000000,96.000000,96.000000,5.0,1975.0852,1823.2733,7900.3409,8052.1529,PENDING_AG03,FALSE,NOT_FOR_ENFORCEMENT,9480.4091,81720.2806,9875.4261,9480.4091,395.0170,0.10553510,0.10131370,395.0170,9480.4091,0.10131370,395.0170,395.0170,395.0170,395.0170,395.0170,9480.4091,0.10131370,1975.0852,1823.2733,7900.3409,8052.1529,0.08442808,0.08605044,0.00422140,154.6691,142.1123,16.4865,290.4537,143.1221,2752.2001,17.6176,109.8805,155.0423,39.2639,86.3807,209.4076,394.9759,523.5191,787.3816,78.5279,-5.2352,6.060606,9.115254,1.790553,24,59,32,6,0.00587126,0.10553510,0.43952068,0E-8,0.000000,0.909703,0.000000,-0.33595808,2026-03-22,2026-07-20,34,69,67,121,0.280992,0.708713,0.710423,0.019571,,,,,,,,GLOBAL_BASELINE_NO_ENTITY_RANKING,,,NOT_APPLICABLE_GLOBAL_BASELINE,HF9g-P5,,,,X 全窗基线 · 不参与实体赏罚,15051679,1506,A168_HF9F_20260827_0900,2026-08-27 09:00:00
2026-04-23,97514464,2130,0,52.3519095359,-52.3519095359,-52.3519095359,0E-7,1,1,0.49324550000000000,0.493245500000,-0.9865810262130424,-0.9865810262130424,-0.9865810262130424,0E-17,ELIGIBLE,R03b_20260811_FULL_v1,L1_ELIGIBILITY,v2026-08-11,2026-03-21..2026-08-06,baccarat_bet02_101_all_pairs_incl_sentinel,round_win = game_pnl > 0 (decisive only),COMPATIBILITY_ONLY_NOT_PRODUCTION,93574.8029,85125.2922,9875.4261,605,599,-0.10553510,-0.43952068,-0.10356260,-0.10553510,-9875.4261,93574.8029,OK,0.0000,395.0170,4.0000,96.0000,AG03-UNRESOLVED,ALL5_LEVELS_bet23_to_bet27,395.0170,395.0170,395.0170,395.0170,395.0170,4.000000,4.000000,4.000000,4.000000,4.000000,96.000000,96.000000,96.000000,96.000000,96.000000,5.0,1975.0852,1823.2733,7900.3409,8052.1529,PENDING_AG03,FALSE,NOT_FOR_ENFORCEMENT,9480.4091,81720.2806,9875.4261,9480.4091,395.0170,0.10553510,0.10131370,395.0170,9480.4091,0.10131370,395.0170,395.0170,395.0170,395.0170,395.0170,9480.4091,0.10131370,1975.0852,1823.2733,7900.3409,8052.1529,0.08442808,0.08605044,0.00422140,154.6691,142.1123,16.4865,290.4537,143.1221,2752.2001,17.6176,109.8805,155.0423,39.2639,86.3807,209.4076,394.9759,523.5191,787.3816,78.5279,-5.2352,6.060606,9.115254,1.790553,24,59,32,6,0.00587126,0.10553510,0.43952068,0E-8,0.000000,0.909703,0.000000,-0.33595808,2026-03-22,2026-07-20,34,69,67,121,0.280992,0.708713,0.710423,0.019571,,,,,,,,GLOBAL_BASELINE_NO_ENTITY_RANKING,,,NOT_APPLICABLE_GLOBAL_BASELINE,HF9g-P5,,,,X 全窗基线 · 不参与实体赏罚,15051680,1506,A168_HF9F_20260827_0900,2026-08-27 09:00:00
2026-04-23,97514464,2170,0,102.6097426904,-57.8488600372,-57.8488600372,0E-7,5,5,0.49592654000000000,0.495926540000,-1.7179969428587005,-1.7179969428587005,-1.7179969428587005,0E-17,ELIGIBLE,R03b_20260811_FULL_v1,L1_ELIGIBILITY,v2026-08-11,2026-03-21..2026-08-06,baccarat_bet02_101_all_pairs_incl_sentinel,round_win = game_pnl > 0 (decisive only),COMPATIBILITY_ONLY_NOT_PRODUCTION,93574.8029,85125.2922,9875.4261,605,599,-0.10553510,-0.43952068,-0.10356260,-0.10553510,-9875.4261,93574.8029,OK,0.0000,395.0170,4.0000,96.0000,AG03-UNRESOLVED,ALL5_LEVELS_bet23_to_bet27,395.0170,395.0170,395.0170,395.0170,395.0170,4.000000,4.000000,4.000000,4.000000,4.000000,96.000000,96.000000,96.000000,96.000000,96.000000,5.0,1975.0852,1823.2733,7900.3409,8052.1529,PENDING_AG03,FALSE,NOT_FOR_ENFORCEMENT,9480.4091,81720.2806,9875.4261,9480.4091,395.0170,0.10553510,0.10131370,395.0170,9480.4091,0.10131370,395.0170,395.0170,395.0170,395.0170,395.0170,9480.4091,0.10131370,1975.0852,1823.2733,7900.3409,8052.1529,0.08442808,0.08605044,0.00422140,154.6691,142.1123,16.4865,290.4537,143.1221,2752.2001,17.6176,109.8805,155.0423,39.2639,86.3807,209.4076,394.9759,523.5191,787.3816,78.5279,-5.2352,6.060606,9.115254,1.790553,24,59,32,6,0.00587126,0.10553510,0.43952068,0E-8,0.000000,0.909703,0.000000,-0.33595808,2026-03-22,2026-07-20,34,69,67,121,0.280992,0.708713,0.710423,0.019571,,,,,,,,GLOBAL_BASELINE_NO_ENTITY_RANKING,,,NOT_APPLICABLE_GLOBAL_BASELINE,HF9g-P5,,,,X 全窗基线 · 不参与实体赏罚,15051681,1506,A168_HF9F_20260827_0900,2026-08-27 09:00:00
2026-04-24,97514464,1942,0,13.0879773840,-13.0879773840,-13.0879773840,0E-7,1,1,0.49324550000000000,0.493245500000,-0.9865810262130424,-0.9865810262130424,-0.9865810262130424,0E-17,ELIGIBLE,R03b_20260811_FULL_v1,L1_ELIGIBILITY,v2026-08-11,2026-03-21..2026-08-06,baccarat_bet02_101_all_pairs_incl_sentinel,round_win = game_pnl > 0 (decisive only),COMPATIBILITY_ONLY_NOT_PRODUCTION,93574.8029,85125.2922,9875.4261,605,599,-0.10553510,-0.43952068,-0.10356260,-0.10553510,-9875.4261,93574.8029,OK,0.0000,395.0170,4.0000,96.0000,AG03-UNRESOLVED,ALL5_LEVELS_bet23_to_bet27,395.0170,395.0170,395.0170,395.0170,395.0170,4.000000,4.000000,4.000000,4.000000,4.000000,96.000000,96.000000,96.000000,96.000000,96.000000,5.0,1975.0852,1823.2733,7900.3409,8052.1529,PENDING_AG03,FALSE,NOT_FOR_ENFORCEMENT,9480.4091,81720.2806,9875.4261,9480.4091,395.0170,0.10553510,0.10131370,395.0170,9480.4091,0.10131370,395.0170,395.0170,395.0170,395.0170,395.0170,9480.4091,0.10131370,1975.0852,1823.2733,7900.3409,8052.1529,0.08442808,0.08605044,0.00422140,154.6691,142.1123,16.4865,290.4537,143.1221,2752.2001,17.6176,109.8805,155.0423,39.2639,86.3807,209.4076,394.9759,523.5191,787.3816,78.5279,-5.2352,6.060606,9.115254,1.790553,24,59,32,6,0.00587126,0.10553510,0.43952068,0E-8,0.000000,0.909703,0.000000,-0.33595808,2026-03-22,2026-07-20,34,69,67,121,0.280992,0.708713,0.710423,0.019571,,,,,,,,GLOBAL_BASELINE_NO_ENTITY_RANKING,,,NOT_APPLICABLE_GLOBAL_BASELINE,HF9g-P5,,,,X 全窗基线 · 不参与实体赏罚,15051682,1506,A168_HF9F_20260827_0900,2026-08-27 09:00:00
2026-04-24,97514464,2129,0,237.4159097455,30.9268905583,30.9268905583,0.6000000,14,14,0.49707555714285714,0.497075557143,0.6509624672986453,0.6509624672977405,0.6509624672986453,-1.4286E-13,ELIGIBLE,R03b_20260811_FULL_v1,L1_ELIGIBILITY,v2026-08-11,2026-03-21..2026-08-06,baccarat_bet02_101_all_pairs_incl_sentinel,round_win = game_pnl > 0 (decisive only),COMPATIBILITY_ONLY_NOT_PRODUCTION,93574.8029,85125.2922,9875.4261,605,599,-0.10553510,-0.43952068,-0.10356260,-0.10553510,-9875.4261,93574.8029,OK,0.0000,395.0170,4.0000,96.0000,AG03-UNRESOLVED,ALL5_LEVELS_bet23_to_bet27,395.0170,395.0170,395.0170,395.0170,395.0170,4.000000,4.000000,4.000000,4.000000,4.000000,96.000000,96.000000,96.000000,96.000000,96.000000,5.0,1975.0852,1823.2733,7900.3409,8052.1529,PENDING_AG03,FALSE,NOT_FOR_ENFORCEMENT,9480.4091,81720.2806,9875.4261,9480.4091,395.0170,0.10553510,0.10131370,395.0170,9480.4091,0.10131370,395.0170,395.0170,395.0170,395.0170,395.0170,9480.4091,0.10131370,1975.0852,1823.2733,7900.3409,8052.1529,0.08442808,0.08605044,0.00422140,154.6691,142.1123,16.4865,290.4537,143.1221,2752.2001,17.6176,109.8805,155.0423,39.2639,86.3807,209.4076,394.9759,523.5191,787.3816,78.5279,-5.2352,6.060606,9.115254,1.790553,24,59,32,6,0.00587126,0.10553510,0.43952068,0E-8,0.000000,0.909703,0.000000,-0.33595808,2026-03-22,2026-07-20,34,69,67,121,0.280992,0.708713,0.710423,0.019571,,,,,,,,GLOBAL_BASELINE_NO_ENTITY_RANKING,,,NOT_APPLICABLE_GLOBAL_BASELINE,HF9g-P5,,,,X 全窗基线 · 不参与实体赏罚,15051683,1506,A168_HF9F_20260827_0900,2026-08-27 09:00:00
2026-04-24,97514464,2244,0,26.1759547680,-26.1759547680,-26.1759547680,0E-7,1,1,0.49324550000000000,0.493245500000,-0.9865810262130424,-0.9865810262130424,-0.9865810262130424,0E-17,ELIGIBLE,R03b_20260811_FULL_v1,L1_ELIGIBILITY,v2026-08-11,2026-03-21..2026-08-06,baccarat_bet02_101_all_pairs_incl_sentinel,round_win = game_pnl > 0 (decisive only),COMPATIBILITY_ONLY_NOT_PRODUCTION,93574.8029,85125.2922,9875.4261,605,599,-0.10553510,-0.43952068,-0.10356260,-0.10553510,-9875.4261,93574.8029,OK,0.0000,395.0170,4.0000,96.0000,AG03-UNRESOLVED,ALL5_LEVELS_bet23_to_bet27,395.0170,395.0170,395.0170,395.0170,395.0170,4.000000,4.000000,4.000000,4.000000,4.000000,96.000000,96.000000,96.000000,96.000000,96.000000,5.0,1975.0852,1823.2733,7900.3409,8052.1529,PENDING_AG03,FALSE,NOT_FOR_ENFORCEMENT,9480.4091,81720.2806,9875.4261,9480.4091,395.0170,0.10553510,0.10131370,395.0170,9480.4091,0.10131370,395.0170,395.0170,395.0170,395.0170,395.0170,9480.4091,0.10131370,1975.0852,1823.2733,7900.3409,8052.1529,0.08442808,0.08605044,0.00422140,154.6691,142.1123,16.4865,290.4537,143.1221,2752.2001,17.6176,109.8805,155.0423,39.2639,86.3807,209.4076,394.9759,523.5191,787.3816,78.5279,-5.2352,6.060606,9.115254,1.790553,24,59,32,6,0.00587126,0.10553510,0.43952068,0E-8,0.000000,0.909703,0.000000,-0.33595808,2026-03-22,2026-07-20,34,69,67,121,0.280992,0.708713,0.710423,0.019571,,,,,,,,GLOBAL_BASELINE_NO_ENTITY_RANKING,,,NOT_APPLICABLE_GLOBAL_BASELINE,HF9g-P5,,,,X 全窗基线 · 不参与实体赏罚,15051684,1506,A168_HF9F_20260827_0900,2026-08-27 09:00:00
2026-04-24,97514464,2258,0,13.0879773840,-13.0879773840,-13.0879773840,0E-7,1,1,0.49324550000000000,0.493245500000,-0.9865810262130424,-0.9865810262130424,-0.9865810262130424,0E-17,ELIGIBLE,R03b_20260811_FULL_v1,L1_ELIGIBILITY,v2026-08-11,2026-03-21..2026-08-06,baccarat_bet02_101_all_pairs_incl_sentinel,round_win = game_pnl > 0 (decisive only),COMPATIBILITY_ONLY_NOT_PRODUCTION,93574.8029,85125.2922,9875.4261,605,599,-0.10553510,-0.43952068,-0.10356260,-0.10553510,-9875.4261,93574.8029,OK,0.0000,395.0170,4.0000,96.0000,AG03-UNRESOLVED,ALL5_LEVELS_bet23_to_bet27,395.0170,395.0170,395.0170,395.0170,395.0170,4.000000,4.000000,4.000000,4.000000,4.000000,96.000000,96.000000,96.000000,96.000000,96.000000,5.0,1975.0852,1823.2733,7900.3409,8052.1529,PENDING_AG03,FALSE,NOT_FOR_ENFORCEMENT,9480.4091,81720.2806,9875.4261,9480.4091,395.0170,0.10553510,0.10131370,395.0170,9480.4091,0.10131370,395.0170,395.0170,395.0170,395.0170,395.0170,9480.4091,0.10131370,1975.0852,1823.2733,7900.3409,8052.1529,0.08442808,0.08605044,0.00422140,154.6691,142.1123,16.4865,290.4537,143.1221,2752.2001,17.6176,109.8805,155.0423,39.2639,86.3807,209.4076,394.9759,523.5191,787.3816,78.5279,-5.2352,6.060606,9.115254,1.790553,24,59,32,6,0.00587126,0.10553510,0.43952068,0E-8,0.000000,0.909703,0.000000,-0.33595808,2026-03-22,2026-07-20,34,69,67,121,0.280992,0.708713,0.710423,0.019571,,,,,,,,GLOBAL_BASELINE_NO_ENTITY_RANKING,,,NOT_APPLICABLE_GLOBAL_BASELINE,HF9g-P5,,,,X 全窗基线 · 不参与实体赏罚,15051685,1506,A168_HF9F_20260827_0900,2026-08-27 09:00:00
2026-04-25,97514464,2123,0,366.4633667517,-78.5278643039,-78.5278643039,0.3846154,13,13,0.49427666923076923,0.494276669231,-0.7908305806329584,-0.7908305806346184,-0.7908305806329584,-2.3077E-13,ELIGIBLE,R03b_20260811_FULL_v1,L1_ELIGIBILITY,v2026-08-11,2026-03-21..2026-08-06,baccarat_bet02_101_all_pairs_incl_sentinel,round_win = game_pnl > 0 (decisive only),COMPATIBILITY_ONLY_NOT_PRODUCTION,93574.8029,85125.2922,9875.4261,605,599,-0.10553510,-0.43952068,-0.10356260,-0.10553510,-9875.4261,93574.8029,OK,0.0000,395.0170,4.0000,96.0000,AG03-UNRESOLVED,ALL5_LEVELS_bet23_to_bet27,395.0170,395.0170,395.0170,395.0170,395.0170,4.000000,4.000000,4.000000,4.000000,4.000000,96.000000,96.000000,96.000000,96.000000,96.000000,5.0,1975.0852,1823.2733,7900.3409,8052.1529,PENDING_AG03,FALSE,NOT_FOR_ENFORCEMENT,9480.4091,81720.2806,9875.4261,9480.4091,395.0170,0.10553510,0.10131370,395.0170,9480.4091,0.10131370,395.0170,395.0170,395.0170,395.0170,395.0170,9480.4091,0.10131370,1975.0852,1823.2733,7900.3409,8052.1529,0.08442808,0.08605044,0.00422140,154.6691,142.1123,16.4865,290.4537,143.1221,2752.2001,17.6176,109.8805,155.0423,39.2639,86.3807,209.4076,394.9759,523.5191,787.3816,78.5279,-5.2352,6.060606,9.115254,1.790553,24,59,32,6,0.00587126,0.10553510,0.43952068,0E-8,0.000000,0.909703,0.000000,-0.33595808,2026-03-22,2026-07-20,34,69,67,121,0.280992,0.708713,0.710423,0.019571,,,,,,,,GLOBAL_BASELINE_NO_ENTITY_RANKING,,,NOT_APPLICABLE_GLOBAL_BASELINE,HF9g-P5,,,,X 全窗基线 · 不参与实体赏罚,15051686,1506,A168_HF9F_20260827_0900,2026-08-27 09:00:00
2026-04-26,97514464,2129,0,18.3231683376,-18.3231683376,-18.3231683376,0E-7,1,1,0.49324550000000000,0.493245500000,-0.9865810262130424,-0.9865810262130424,-0.9865810262130424,0E-17,ELIGIBLE,R03b_20260811_FULL_v1,L1_ELIGIBILITY,v2026-08-11,2026-03-21..2026-08-06,baccarat_bet02_101_all_pairs_incl_sentinel,round_win = game_pnl > 0 (decisive only),COMPATIBILITY_ONLY_NOT_PRODUCTION,93574.8029,85125.2922,9875.4261,605,599,-0.10553510,-0.43952068,-0.10356260,-0.10553510,-9875.4261,93574.8029,OK,0.0000,395.0170,4.0000,96.0000,AG03-UNRESOLVED,ALL5_LEVELS_bet23_to_bet27,395.0170,395.0170,395.0170,395.0170,395.0170,4.000000,4.000000,4.000000,4.000000,4.000000,96.000000,96.000000,96.000000,96.000000,96.000000,5.0,1975.0852,1823.2733,7900.3409,8052.1529,PENDING_AG03,FALSE,NOT_FOR_ENFORCEMENT,9480.4091,81720.2806,9875.4261,9480.4091,395.0170,0.10553510,0.10131370,395.0170,9480.4091,0.10131370,395.0170,395.0170,395.0170,395.0170,395.0170,9480.4091,0.10131370,1975.0852,1823.2733,7900.3409,8052.1529,0.08442808,0.08605044,0.00422140,154.6691,142.1123,16.4865,290.4537,143.1221,2752.2001,17.6176,109.8805,155.0423,39.2639,86.3807,209.4076,394.9759,523.5191,787.3816,78.5279,-5.2352,6.060606,9.115254,1.790553,24,59,32,6,0.00587126,0.10553510,0.43952068,0E-8,0.000000,0.909703,0.000000,-0.33595808,2026-03-22,2026-07-20,34,69,67,121,0.280992,0.708713,0.710423,0.019571,,,,,,,,GLOBAL_BASELINE_NO_ENTITY_RANKING,,,NOT_APPLICABLE_GLOBAL_BASELINE,HF9g-P5,,,,X 全窗基线 · 不参与实体赏罚,15051687,1506,A168_HF9F_20260827_0900,2026-08-27 09:00:00
2026-04-27,97514464,1505,0,419.3387953827,-149.3338219511,-149.3338219511,0.5000000,9,9,0.49920336666666667,0.499203366667,0.004506444376759088,0.004506444374873482,0.004506444376759088,-3.3333E-13,ELIGIBLE,R03b_20260811_FULL_v1,L1_ELIGIBILITY,v2026-08-11,2026-03-21..2026-08-06,baccarat_bet02_101_all_pairs_incl_sentinel,round_win = game_pnl > 0 (decisive only),COMPATIBILITY_ONLY_NOT_PRODUCTION,93574.8029,85125.2922,9875.4261,605,599,-0.10553510,-0.43952068,-0.10356260,-0.10553510,-9875.4261,93574.8029,OK,0.0000,395.0170,4.0000,96.0000,AG03-UNRESOLVED,ALL5_LEVELS_bet23_to_bet27,395.0170,395.0170,395.0170,395.0170,395.0170,4.000000,4.000000,4.000000,4.000000,4.000000,96.000000,96.000000,96.000000,96.000000,96.000000,5.0,1975.0852,1823.2733,7900.3409,8052.1529,PENDING_AG03,FALSE,NOT_FOR_ENFORCEMENT,9480.4091,81720.2806,9875.4261,9480.4091,395.0170,0.10553510,0.10131370,395.0170,9480.4091,0.10131370,395.0170,395.0170,395.0170,395.0170,395.0170,9480.4091,0.10131370,1975.0852,1823.2733,7900.3409,8052.1529,0.08442808,0.08605044,0.00422140,154.6691,142.1123,16.4865,290.4537,143.1221,2752.2001,17.6176,109.8805,155.0423,39.2639,86.3807,209.4076,394.9759,523.5191,787.3816,78.5279,-5.2352,6.060606,9.115254,1.790553,24,59,32,6,0.00587126,0.10553510,0.43952068,0E-8,0.000000,0.909703,0.000000,-0.33595808,2026-03-22,2026-07-20,34,69,67,121,0.280992,0.708713,0.710423,0.019571,,,,,,,,GLOBAL_BASELINE_NO_ENTITY_RANKING,,,NOT_APPLICABLE_GLOBAL_BASELINE,HF9g-P5,,,,X 全窗基线 · 不参与实体赏罚,15051688,1506,A168_HF9F_20260827_0900,2026-08-27 09:00:00
2026-04-29,97514464,-1,1,618.7995707145,-130.7488940658,-130.7488940658,0.4666667,15,15,0.49682022000000000,0.496820220000,-0.23357314314220967,-0.23357314314220967,-0.23357314314220967,0E-17,SENTINEL_DEALER,R03b_20260811_FULL_v1,L1_ELIGIBILITY,v2026-08-11,2026-03-21..2026-08-06,baccarat_bet02_101_all_pairs_incl_sentinel,round_win = game_pnl > 0 (decisive only),COMPATIBILITY_ONLY_NOT_PRODUCTION,93574.8029,85125.2922,9875.4261,605,599,-0.10553510,-0.43952068,-0.10356260,-0.10553510,-9875.4261,93574.8029,OK,0.0000,395.0170,4.0000,96.0000,AG03-UNRESOLVED,ALL5_LEVELS_bet23_to_bet27,395.0170,395.0170,395.0170,395.0170,395.0170,4.000000,4.000000,4.000000,4.000000,4.000000,96.000000,96.000000,96.000000,96.000000,96.000000,5.0,1975.0852,1823.2733,7900.3409,8052.1529,PENDING_AG03,FALSE,NOT_FOR_ENFORCEMENT,9480.4091,81720.2806,9875.4261,9480.4091,395.0170,0.10553510,0.10131370,395.0170,9480.4091,0.10131370,395.0170,395.0170,395.0170,395.0170,395.0170,9480.4091,0.10131370,1975.0852,1823.2733,7900.3409,8052.1529,0.08442808,0.08605044,0.00422140,154.6691,142.1123,16.4865,290.4537,143.1221,2752.2001,17.6176,109.8805,155.0423,39.2639,86.3807,209.4076,394.9759,523.5191,787.3816,78.5279,-5.2352,6.060606,9.115254,1.790553,24,59,32,6,0.00587126,0.10553510,0.43952068,0E-8,0.000000,0.909703,0.000000,-0.33595808,2026-03-22,2026-07-20,34,69,67,121,0.280992,0.708713,0.710423,0.019571,,,,,,,,GLOBAL_BASELINE_NO_ENTITY_RANKING,,,NOT_APPLICABLE_GLOBAL_BASELINE,HF9g-P5,,,,X 全窗基线 · 不参与实体赏罚,15051689,1506,A168_HF9F_20260827_0900,2026-08-27 09:00:00
2026-04-30,97514464,-1,1,19.8937256236,-9.9468628118,-9.9468628118,0E-7,2,2,0.50665070000000000,0.506650700000,-1.013391052207602,-1.013391052207602,-1.013391052207602,0E-17,SENTINEL_DEALER,R03b_20260811_FULL_v1,L1_ELIGIBILITY,v2026-08-11,2026-03-21..2026-08-06,baccarat_bet02_101_all_pairs_incl_sentinel,round_win = game_pnl > 0 (decisive only),COMPATIBILITY_ONLY_NOT_PRODUCTION,93574.8029,85125.2922,9875.4261,605,599,-0.10553510,-0.43952068,-0.10356260,-0.10553510,-9875.4261,93574.8029,OK,0.0000,395.0170,4.0000,96.0000,AG03-UNRESOLVED,ALL5_LEVELS_bet23_to_bet27,395.0170,395.0170,395.0170,395.0170,395.0170,4.000000,4.000000,4.000000,4.000000,4.000000,96.000000,96.000000,96.000000,96.000000,96.000000,5.0,1975.0852,1823.2733,7900.3409,8052.1529,PENDING_AG03,FALSE,NOT_FOR_ENFORCEMENT,9480.4091,81720.2806,9875.4261,9480.4091,395.0170,0.10553510,0.10131370,395.0170,9480.4091,0.10131370,395.0170,395.0170,395.0170,395.0170,395.0170,9480.4091,0.10131370,1975.0852,1823.2733,7900.3409,8052.1529,0.08442808,0.08605044,0.00422140,154.6691,142.1123,16.4865,290.4537,143.1221,2752.2001,17.6176,109.8805,155.0423,39.2639,86.3807,209.4076,394.9759,523.5191,787.3816,78.5279,-5.2352,6.060606,9.115254,1.790553,24,59,32,6,0.00587126,0.10553510,0.43952068,0E-8,0.000000,0.909703,0.000000,-0.33595808,2026-03-22,2026-07-20,34,69,67,121,0.280992,0.708713,0.710423,0.019571,,,,,,,,GLOBAL_BASELINE_NO_ENTITY_RANKING,,,NOT_APPLICABLE_GLOBAL_BASELINE,HF9g-P5,,,,X 全窗基线 · 不参与实体赏罚,15051690,1506,A168_HF9F_20260827_0900,2026-08-27 09:00:00
2026-04-30,97514464,1302,0,38.1402106793,-22.8322349644,-22.8322349644,0.5000000,4,4,0.50329940000000000,0.503299400000,-0.01319788734859681,-0.01319788734859681,-0.01319788734859681,0E-17,ELIGIBLE,R03b_20260811_FULL_v1,L1_ELIGIBILITY,v2026-08-11,2026-03-21..2026-08-06,baccarat_bet02_101_all_pairs_incl_sentinel,round_win = game_pnl > 0 (decisive only),COMPATIBILITY_ONLY_NOT_PRODUCTION,93574.8029,85125.2922,9875.4261,605,599,-0.10553510,-0.43952068,-0.10356260,-0.10553510,-9875.4261,93574.8029,OK,0.0000,395.0170,4.0000,96.0000,AG03-UNRESOLVED,ALL5_LEVELS_bet23_to_bet27,395.0170,395.0170,395.0170,395.0170,395.0170,4.000000,4.000000,4.000000,4.000000,4.000000,96.000000,96.000000,96.000000,96.000000,96.000000,5.0,1975.0852,1823.2733,7900.3409,8052.1529,PENDING_AG03,FALSE,NOT_FOR_ENFORCEMENT,9480.4091,81720.2806,9875.4261,9480.4091,395.0170,0.10553510,0.10131370,395.0170,9480.4091,0.10131370,395.0170,395.0170,395.0170,395.0170,395.0170,9480.4091,0.10131370,1975.0852,1823.2733,7900.3409,8052.1529,0.08442808,0.08605044,0.00422140,154.6691,142.1123,16.4865,290.4537,143.1221,2752.2001,17.6176,109.8805,155.0423,39.2639,86.3807,209.4076,394.9759,523.5191,787.3816,78.5279,-5.2352,6.060606,9.115254,1.790553,24,59,32,6,0.00587126,0.10553510,0.43952068,0E-8,0.000000,0.909703,0.000000,-0.33595808,2026-03-22,2026-07-20,34,69,67,121,0.280992,0.708713,0.710423,0.019571,,,,,,,,GLOBAL_BASELINE_NO_ENTITY_RANKING,,,NOT_APPLICABLE_GLOBAL_BASELINE,HF9g-P5,,,,X 全窗基线 · 不参与实体赏罚,15051691,1506,A168_HF9F_20260827_0900,2026-08-27 09:00:00
2026-05-03,97514464,2160,0,7.2648020341,-7.2648020341,-7.2648020341,0E-7,1,1,0.49324550000000000,0.493245500000,-0.9865810262130424,-0.9865810262130424,-0.9865810262130424,0E-17,ELIGIBLE,R03b_20260811_FULL_v1,L1_ELIGIBILITY,v2026-08-11,2026-03-21..2026-08-06,baccarat_bet02_101_all_pairs_incl_sentinel,round_win = game_pnl > 0 (decisive only),COMPATIBILITY_ONLY_NOT_PRODUCTION,93574.8029,85125.2922,9875.4261,605,599,-0.10553510,-0.43952068,-0.10356260,-0.10553510,-9875.4261,93574.8029,OK,0.0000,395.0170,4.0000,96.0000,AG03-UNRESOLVED,ALL5_LEVELS_bet23_to_bet27,395.0170,395.0170,395.0170,395.0170,395.0170,4.000000,4.000000,4.000000,4.000000,4.000000,96.000000,96.000000,96.000000,96.000000,96.000000,5.0,1975.0852,1823.2733,7900.3409,8052.1529,PENDING_AG03,FALSE,NOT_FOR_ENFORCEMENT,9480.4091,81720.2806,9875.4261,9480.4091,395.0170,0.10553510,0.10131370,395.0170,9480.4091,0.10131370,395.0170,395.0170,395.0170,395.0170,395.0170,9480.4091,0.10131370,1975.0852,1823.2733,7900.3409,8052.1529,0.08442808,0.08605044,0.00422140,154.6691,142.1123,16.4865,290.4537,143.1221,2752.2001,17.6176,109.8805,155.0423,39.2639,86.3807,209.4076,394.9759,523.5191,787.3816,78.5279,-5.2352,6.060606,9.115254,1.790553,24,59,32,6,0.00587126,0.10553510,0.43952068,0E-8,0.000000,0.909703,0.000000,-0.33595808,2026-03-22,2026-07-20,34,69,67,121,0.280992,0.708713,0.710423,0.019571,,,,,,,,GLOBAL_BASELINE_NO_ENTITY_RANKING,,,NOT_APPLICABLE_GLOBAL_BASELINE,HF9g-P5,,,,X 全窗基线 · 不参与实体赏罚,15051692,1506,A168_HF9F_20260827_0900,2026-08-27 09:00:00
2026-05-20,97514464,1304,0,2185.9270406313,-648.6430387630,-648.6430387630,0.3846154,13,13,0.49943251538461538,0.499432515385,-0.8279586378499967,-0.8279586378527695,-0.8279586378499967,-3.8462E-13,ELIGIBLE,R03b_20260811_FULL_v1,L1_ELIGIBILITY,v2026-08-11,2026-03-21..2026-08-06,baccarat_bet02_101_all_pairs_incl_sentinel,round_win = game_pnl > 0 (decisive only),COMPATIBILITY_ONLY_NOT_PRODUCTION,93574.8029,85125.2922,9875.4261,605,599,-0.10553510,-0.43952068,-0.10356260,-0.10553510,-9875.4261,93574.8029,OK,0.0000,395.0170,4.0000,96.0000,AG03-UNRESOLVED,ALL5_LEVELS_bet23_to_bet27,395.0170,395.0170,395.0170,395.0170,395.0170,4.000000,4.000000,4.000000,4.000000,4.000000,96.000000,96.000000,96.000000,96.000000,96.000000,5.0,1975.0852,1823.2733,7900.3409,8052.1529,PENDING_AG03,FALSE,NOT_FOR_ENFORCEMENT,9480.4091,81720.2806,9875.4261,9480.4091,395.0170,0.10553510,0.10131370,395.0170,9480.4091,0.10131370,395.0170,395.0170,395.0170,395.0170,395.0170,9480.4091,0.10131370,1975.0852,1823.2733,7900.3409,8052.1529,0.08442808,0.08605044,0.00422140,154.6691,142.1123,16.4865,290.4537,143.1221,2752.2001,17.6176,109.8805,155.0423,39.2639,86.3807,209.4076,394.9759,523.5191,787.3816,78.5279,-5.2352,6.060606,9.115254,1.790553,24,59,32,6,0.00587126,0.10553510,0.43952068,0E-8,0.000000,0.909703,0.000000,-0.33595808,2026-03-22,2026-07-20,34,69,67,121,0.280992,0.708713,0.710423,0.019571,,,,,,,,GLOBAL_BASELINE_NO_ENTITY_RANKING,,,NOT_APPLICABLE_GLOBAL_BASELINE,HF9g-P5,,,,X 全窗基线 · 不参与实体赏罚,15051693,1506,A168_HF9F_20260827_0900,2026-08-27 09:00:00
2026-05-20,97514464,2142,0,1456.8522650616,-494.2659955374,-494.2659955374,0.2000000,10,10,0.49324550000000000,0.493245500000,-1.3115534243649334,-1.3115534243649334,-1.3115534243649334,0E-17,ELIGIBLE,R03b_20260811_FULL_v1,L1_ELIGIBILITY,v2026-08-11,2026-03-21..2026-08-06,baccarat_bet02_101_all_pairs_incl_sentinel,round_win = game_pnl > 0 (decisive only),COMPATIBILITY_ONLY_NOT_PRODUCTION,93574.8029,85125.2922,9875.4261,605,599,-0.10553510,-0.43952068,-0.10356260,-0.10553510,-9875.4261,93574.8029,OK,0.0000,395.0170,4.0000,96.0000,AG03-UNRESOLVED,ALL5_LEVELS_bet23_to_bet27,395.0170,395.0170,395.0170,395.0170,395.0170,4.000000,4.000000,4.000000,4.000000,4.000000,96.000000,96.000000,96.000000,96.000000,96.000000,5.0,1975.0852,1823.2733,7900.3409,8052.1529,PENDING_AG03,FALSE,NOT_FOR_ENFORCEMENT,9480.4091,81720.2806,9875.4261,9480.4091,395.0170,0.10553510,0.10131370,395.0170,9480.4091,0.10131370,395.0170,395.0170,395.0170,395.0170,395.0170,9480.4091,0.10131370,1975.0852,1823.2733,7900.3409,8052.1529,0.08442808,0.08605044,0.00422140,154.6691,142.1123,16.4865,290.4537,143.1221,2752.2001,17.6176,109.8805,155.0423,39.2639,86.3807,209.4076,394.9759,523.5191,787.3816,78.5279,-5.2352,6.060606,9.115254,1.790553,24,59,32,6,0.00587126,0.10553510,0.43952068,0E-8,0.000000,0.909703,0.000000,-0.33595808,2026-03-22,2026-07-20,34,69,67,121,0.280992,0.708713,0.710423,0.019571,,,,,,,,GLOBAL_BASELINE_NO_ENTITY_RANKING,,,NOT_APPLICABLE_GLOBAL_BASELINE,HF9g-P5,,,,X 全窗基线 · 不参与实体赏罚,15051694,1506,A168_HF9F_20260827_0900,2026-08-27 09:00:00
2026-05-20,97514464,2246,0,277.6192205905,-24.6484354729,-24.6484354729,0.5000000,2,2,0.49994810000000000,0.499948100000,0.00014679536856514622,0.00014679536856514622,0.00014679536856514622,0E-17,ELIGIBLE,R03b_20260811_FULL_v1,L1_ELIGIBILITY,v2026-08-11,2026-03-21..2026-08-06,baccarat_bet02_101_all_pairs_incl_sentinel,round_win = game_pnl > 0 (decisive only),COMPATIBILITY_ONLY_NOT_PRODUCTION,93574.8029,85125.2922,9875.4261,605,599,-0.10553510,-0.43952068,-0.10356260,-0.10553510,-9875.4261,93574.8029,OK,0.0000,395.0170,4.0000,96.0000,AG03-UNRESOLVED,ALL5_LEVELS_bet23_to_bet27,395.0170,395.0170,395.0170,395.0170,395.0170,4.000000,4.000000,4.000000,4.000000,4.000000,96.000000,96.000000,96.000000,96.000000,96.000000,5.0,1975.0852,1823.2733,7900.3409,8052.1529,PENDING_AG03,FALSE,NOT_FOR_ENFORCEMENT,9480.4091,81720.2806,9875.4261,9480.4091,395.0170,0.10553510,0.10131370,395.0170,9480.4091,0.10131370,395.0170,395.0170,395.0170,395.0170,395.0170,9480.4091,0.10131370,1975.0852,1823.2733,7900.3409,8052.1529,0.08442808,0.08605044,0.00422140,154.6691,142.1123,16.4865,290.4537,143.1221,2752.2001,17.6176,109.8805,155.0423,39.2639,86.3807,209.4076,394.9759,523.5191,787.3816,78.5279,-5.2352,6.060606,9.115254,1.790553,24,59,32,6,0.00587126,0.10553510,0.43952068,0E-8,0.000000,0.909703,0.000000,-0.33595808,2026-03-22,2026-07-20,34,69,67,121,0.280992,0.708713,0.710423,0.019571,,,,,,,,GLOBAL_BASELINE_NO_ENTITY_RANKING,,,NOT_APPLICABLE_GLOBAL_BASELINE,HF9g-P5,,,,X 全窗基线 · 不参与实体赏罚,15051695,1506,A168_HF9F_20260827_0900,2026-08-27 09:00:00
2026-06-04,97514464,-1,1,1083.3954792091,202.0855298686,202.0855298686,0.6250000,17,17,0.49955382941176471,0.499553829412,1.0035697642636023,1.0035697642617198,1.0035697642636023,-2.3529E-13,SENTINEL_DEALER,R03b_20260811_FULL_v1,L1_ELIGIBILITY,v2026-08-11,2026-03-21..2026-08-06,baccarat_bet02_101_all_pairs_incl_sentinel,round_win = game_pnl > 0 (decisive only),COMPATIBILITY_ONLY_NOT_PRODUCTION,93574.8029,85125.2922,9875.4261,605,599,-0.10553510,-0.43952068,-0.10356260,-0.10553510,-9875.4261,93574.8029,OK,0.0000,395.0170,4.0000,96.0000,AG03-UNRESOLVED,ALL5_LEVELS_bet23_to_bet27,395.0170,395.0170,395.0170,395.0170,395.0170,4.000000,4.000000,4.000000,4.000000,4.000000,96.000000,96.000000,96.000000,96.000000,96.000000,5.0,1975.0852,1823.2733,7900.3409,8052.1529,PENDING_AG03,FALSE,NOT_FOR_ENFORCEMENT,9480.4091,81720.2806,9875.4261,9480.4091,395.0170,0.10553510,0.10131370,395.0170,9480.4091,0.10131370,395.0170,395.0170,395.0170,395.0170,395.0170,9480.4091,0.10131370,1975.0852,1823.2733,7900.3409,8052.1529,0.08442808,0.08605044,0.00422140,154.6691,142.1123,16.4865,290.4537,143.1221,2752.2001,17.6176,109.8805,155.0423,39.2639,86.3807,209.4076,394.9759,523.5191,787.3816,78.5279,-5.2352,6.060606,9.115254,1.790553,24,59,32,6,0.00587126,0.10553510,0.43952068,0E-8,0.000000,0.909703,0.000000,-0.33595808,2026-03-22,2026-07-20,34,69,67,121,0.280992,0.708713,0.710423,0.019571,,,,,,,,GLOBAL_BASELINE_NO_ENTITY_RANKING,,,NOT_APPLICABLE_GLOBAL_BASELINE,HF9g-P5,,,,X 全窗基线 · 不参与实体赏罚,15051696,1506,A168_HF9F_20260827_0900,2026-08-27 09:00:00
2026-06-04,97514464,1221,0,234.5256769614,228.0967932728,228.0967932728,1.0000000,2,2,0.49994810000000000,0.499948100000,1.4143603653603398,1.4143603653603398,1.4143603653603398,0E-17,ELIGIBLE,R03b_20260811_FULL_v1,L1_ELIGIBILITY,v2026-08-11,2026-03-21..2026-08-06,baccarat_bet02_101_all_pairs_incl_sentinel,round_win = game_pnl > 0 (decisive only),COMPATIBILITY_ONLY_NOT_PRODUCTION,93574.8029,85125.2922,9875.4261,605,599,-0.10553510,-0.43952068,-0.10356260,-0.10553510,-9875.4261,93574.8029,OK,0.0000,395.0170,4.0000,96.0000,AG03-UNRESOLVED,ALL5_LEVELS_bet23_to_bet27,395.0170,395.0170,395.0170,395.0170,395.0170,4.000000,4.000000,4.000000,4.000000,4.000000,96.000000,96.000000,96.000000,96.000000,96.000000,5.0,1975.0852,1823.2733,7900.3409,8052.1529,PENDING_AG03,FALSE,NOT_FOR_ENFORCEMENT,9480.4091,81720.2806,9875.4261,9480.4091,395.0170,0.10553510,0.10131370,395.0170,9480.4091,0.10131370,395.0170,395.0170,395.0170,395.0170,395.0170,9480.4091,0.10131370,1975.0852,1823.2733,7900.3409,8052.1529,0.08442808,0.08605044,0.00422140,154.6691,142.1123,16.4865,290.4537,143.1221,2752.2001,17.6176,109.8805,155.0423,39.2639,86.3807,209.4076,394.9759,523.5191,787.3816,78.5279,-5.2352,6.060606,9.115254,1.790553,24,59,32,6,0.00587126,0.10553510,0.43952068,0E-8,0.000000,0.909703,0.000000,-0.33595808,2026-03-22,2026-07-20,34,69,67,121,0.280992,0.708713,0.710423,0.019571,,,,,,,,GLOBAL_BASELINE_NO_ENTITY_RANKING,,,NOT_APPLICABLE_GLOBAL_BASELINE,HF9g-P5,,,,X 全窗基线 · 不参与实体赏罚,15051697,1506,A168_HF9F_20260827_0900,2026-08-27 09:00:00
2026-06-04,97514464,2167,0,131.6635379433,27.2584668399,27.2584668399,0.5000000,3,3,0.49771390000000000,0.497713900000,0.006466134837551399,0.0064661348375514,0.006466134837551399,0E-17,ELIGIBLE,R03b_20260811_FULL_v1,L1_ELIGIBILITY,v2026-08-11,2026-03-21..2026-08-06,baccarat_bet02_101_all_pairs_incl_sentinel,round_win = game_pnl > 0 (decisive only),COMPATIBILITY_ONLY_NOT_PRODUCTION,93574.8029,85125.2922,9875.4261,605,599,-0.10553510,-0.43952068,-0.10356260,-0.10553510,-9875.4261,93574.8029,OK,0.0000,395.0170,4.0000,96.0000,AG03-UNRESOLVED,ALL5_LEVELS_bet23_to_bet27,395.0170,395.0170,395.0170,395.0170,395.0170,4.000000,4.000000,4.000000,4.000000,4.000000,96.000000,96.000000,96.000000,96.000000,96.000000,5.0,1975.0852,1823.2733,7900.3409,8052.1529,PENDING_AG03,FALSE,NOT_FOR_ENFORCEMENT,9480.4091,81720.2806,9875.4261,9480.4091,395.0170,0.10553510,0.10131370,395.0170,9480.4091,0.10131370,395.0170,395.0170,395.0170,395.0170,395.0170,9480.4091,0.10131370,1975.0852,1823.2733,7900.3409,8052.1529,0.08442808,0.08605044,0.00422140,154.6691,142.1123,16.4865,290.4537,143.1221,2752.2001,17.6176,109.8805,155.0423,39.2639,86.3807,209.4076,394.9759,523.5191,787.3816,78.5279,-5.2352,6.060606,9.115254,1.790553,24,59,32,6,0.00587126,0.10553510,0.43952068,0E-8,0.000000,0.909703,0.000000,-0.33595808,2026-03-22,2026-07-20,34,69,67,121,0.280992,0.708713,0.710423,0.019571,,,,,,,,GLOBAL_BASELINE_NO_ENTITY_RANKING,,,NOT_APPLICABLE_GLOBAL_BASELINE,HF9g-P5,,,,X 全窗基线 · 不参与实体赏罚,15051698,1506,A168_HF9F_20260827_0900,2026-08-27 09:00:00
2026-06-04,97514464,2278,0,1107.3109265306,-334.0447964615,-334.0447964615,0.5000000,9,9,0.50367176666666667,0.503671766667,-0.020771208948525265,-0.020771208950411013,-0.020771208948525265,-3.3333E-13,ELIGIBLE,R03b_20260811_FULL_v1,L1_ELIGIBILITY,v2026-08-11,2026-03-21..2026-08-06,baccarat_bet02_101_all_pairs_incl_sentinel,round_win = game_pnl > 0 (decisive only),COMPATIBILITY_ONLY_NOT_PRODUCTION,93574.8029,85125.2922,9875.4261,605,599,-0.10553510,-0.43952068,-0.10356260,-0.10553510,-9875.4261,93574.8029,OK,0.0000,395.0170,4.0000,96.0000,AG03-UNRESOLVED,ALL5_LEVELS_bet23_to_bet27,395.0170,395.0170,395.0170,395.0170,395.0170,4.000000,4.000000,4.000000,4.000000,4.000000,96.000000,96.000000,96.000000,96.000000,96.000000,5.0,1975.0852,1823.2733,7900.3409,8052.1529,PENDING_AG03,FALSE,NOT_FOR_ENFORCEMENT,9480.4091,81720.2806,9875.4261,9480.4091,395.0170,0.10553510,0.10131370,395.0170,9480.4091,0.10131370,395.0170,395.0170,395.0170,395.0170,395.0170,9480.4091,0.10131370,1975.0852,1823.2733,7900.3409,8052.1529,0.08442808,0.08605044,0.00422140,154.6691,142.1123,16.4865,290.4537,143.1221,2752.2001,17.6176,109.8805,155.0423,39.2639,86.3807,209.4076,394.9759,523.5191,787.3816,78.5279,-5.2352,6.060606,9.115254,1.790553,24,59,32,6,0.00587126,0.10553510,0.43952068,0E-8,0.000000,0.909703,0.000000,-0.33595808,2026-03-22,2026-07-20,34,69,67,121,0.280992,0.708713,0.710423,0.019571,,,,,,,,GLOBAL_BASELINE_NO_ENTITY_RANKING,,,NOT_APPLICABLE_GLOBAL_BASELINE,HF9g-P5,,,,X 全窗基线 · 不参与实体赏罚,15051699,1506,A168_HF9F_20260827_0900,2026-08-27 09:00:00
2026-06-07,97514464,1094,0,246.8691336436,-246.8691336436,-246.8691336436,0E-7,3,3,0.50218230000000000,0.502182300000,-1.7396270863184011,-1.7396270863184016,-1.7396270863184011,0E-17,ELIGIBLE,R03b_20260811_FULL_v1,L1_ELIGIBILITY,v2026-08-11,2026-03-21..2026-08-06,baccarat_bet02_101_all_pairs_incl_sentinel,round_win = game_pnl > 0 (decisive only),COMPATIBILITY_ONLY_NOT_PRODUCTION,93574.8029,85125.2922,9875.4261,605,599,-0.10553510,-0.43952068,-0.10356260,-0.10553510,-9875.4261,93574.8029,OK,0.0000,395.0170,4.0000,96.0000,AG03-UNRESOLVED,ALL5_LEVELS_bet23_to_bet27,395.0170,395.0170,395.0170,395.0170,395.0170,4.000000,4.000000,4.000000,4.000000,4.000000,96.000000,96.000000,96.000000,96.000000,96.000000,5.0,1975.0852,1823.2733,7900.3409,8052.1529,PENDING_AG03,FALSE,NOT_FOR_ENFORCEMENT,9480.4091,81720.2806,9875.4261,9480.4091,395.0170,0.10553510,0.10131370,395.0170,9480.4091,0.10131370,395.0170,395.0170,395.0170,395.0170,395.0170,9480.4091,0.10131370,1975.0852,1823.2733,7900.3409,8052.1529,0.08442808,0.08605044,0.00422140,154.6691,142.1123,16.4865,290.4537,143.1221,2752.2001,17.6176,109.8805,155.0423,39.2639,86.3807,209.4076,394.9759,523.5191,787.3816,78.5279,-5.2352,6.060606,9.115254,1.790553,24,59,32,6,0.00587126,0.10553510,0.43952068,0E-8,0.000000,0.909703,0.000000,-0.33595808,2026-03-22,2026-07-20,34,69,67,121,0.280992,0.708713,0.710423,0.019571,,,,,,,,GLOBAL_BASELINE_NO_ENTITY_RANKING,,,NOT_APPLICABLE_GLOBAL_BASELINE,HF9g-P5,,,,X 全窗基线 · 不参与实体赏罚,15051700,1506,A168_HF9F_20260827_0900,2026-08-27 09:00:00
2026-06-07,97514464,1947,0,120.8630133464,118.2914598709,118.2914598709,1.0000000,2,2,0.49994810000000000,0.499948100000,1.4143603653603398,1.4143603653603398,1.4143603653603398,0E-17,ELIGIBLE,R03b_20260811_FULL_v1,L1_ELIGIBILITY,v2026-08-11,2026-03-21..2026-08-06,baccarat_bet02_101_all_pairs_incl_sentinel,round_win = game_pnl > 0 (decisive only),COMPATIBILITY_ONLY_NOT_PRODUCTION,93574.8029,85125.2922,9875.4261,605,599,-0.10553510,-0.43952068,-0.10356260,-0.10553510,-9875.4261,93574.8029,OK,0.0000,395.0170,4.0000,96.0000,AG03-UNRESOLVED,ALL5_LEVELS_bet23_to_bet27,395.0170,395.0170,395.0170,395.0170,395.0170,4.000000,4.000000,4.000000,4.000000,4.000000,96.000000,96.000000,96.000000,96.000000,96.000000,5.0,1975.0852,1823.2733,7900.3409,8052.1529,PENDING_AG03,FALSE,NOT_FOR_ENFORCEMENT,9480.4091,81720.2806,9875.4261,9480.4091,395.0170,0.10553510,0.10131370,395.0170,9480.4091,0.10131370,395.0170,395.0170,395.0170,395.0170,395.0170,9480.4091,0.10131370,1975.0852,1823.2733,7900.3409,8052.1529,0.08442808,0.08605044,0.00422140,154.6691,142.1123,16.4865,290.4537,143.1221,2752.2001,17.6176,109.8805,155.0423,39.2639,86.3807,209.4076,394.9759,523.5191,787.3816,78.5279,-5.2352,6.060606,9.115254,1.790553,24,59,32,6,0.00587126,0.10553510,0.43952068,0E-8,0.000000,0.909703,0.000000,-0.33595808,2026-03-22,2026-07-20,34,69,67,121,0.280992,0.708713,0.710423,0.019571,,,,,,,,GLOBAL_BASELINE_NO_ENTITY_RANKING,,,NOT_APPLICABLE_GLOBAL_BASELINE,HF9g-P5,,,,X 全窗基线 · 不参与实体赏罚,15051701,1506,A168_HF9F_20260827_0900,2026-08-27 09:00:00
2026-06-11,97514464,772,0,662.9464859721,-38.5733021318,-38.5733021318,0.5454545,13,13,0.50046368461538462,0.500463684615,0.29843573712661897,0.29843573712917004,0.29843573712661897,3.8462E-13,ELIGIBLE,R03b_20260811_FULL_v1,L1_ELIGIBILITY,v2026-08-11,2026-03-21..2026-08-06,baccarat_bet02_101_all_pairs_incl_sentinel,round_win = game_pnl > 0 (decisive only),COMPATIBILITY_ONLY_NOT_PRODUCTION,93574.8029,85125.2922,9875.4261,605,599,-0.10553510,-0.43952068,-0.10356260,-0.10553510,-9875.4261,93574.8029,OK,0.0000,395.0170,4.0000,96.0000,AG03-UNRESOLVED,ALL5_LEVELS_bet23_to_bet27,395.0170,395.0170,395.0170,395.0170,395.0170,4.000000,4.000000,4.000000,4.000000,4.000000,96.000000,96.000000,96.000000,96.000000,96.000000,5.0,1975.0852,1823.2733,7900.3409,8052.1529,PENDING_AG03,FALSE,NOT_FOR_ENFORCEMENT,9480.4091,81720.2806,9875.4261,9480.4091,395.0170,0.10553510,0.10131370,395.0170,9480.4091,0.10131370,395.0170,395.0170,395.0170,395.0170,395.0170,9480.4091,0.10131370,1975.0852,1823.2733,7900.3409,8052.1529,0.08442808,0.08605044,0.00422140,154.6691,142.1123,16.4865,290.4537,143.1221,2752.2001,17.6176,109.8805,155.0423,39.2639,86.3807,209.4076,394.9759,523.5191,787.3816,78.5279,-5.2352,6.060606,9.115254,1.790553,24,59,32,6,0.00587126,0.10553510,0.43952068,0E-8,0.000000,0.909703,0.000000,-0.33595808,2026-03-22,2026-07-20,34,69,67,121,0.280992,0.708713,0.710423,0.019571,,,,,,,,GLOBAL_BASELINE_NO_ENTITY_RANKING,,,NOT_APPLICABLE_GLOBAL_BASELINE,HF9g-P5,,,,X 全窗基线 · 不参与实体赏罚,15051702,1506,A168_HF9F_20260827_0900,2026-08-27 09:00:00
2026-07-20,97514464,2209,0,549.4023184365,-241.4736787752,-241.4736787752,0.2500000,5,5,0.50128862000000000,0.501288620000,-1.0051578182180947,-1.0051578182180947,-1.0051578182180947,0E-17,ELIGIBLE,R03b_20260811_FULL_v1,L1_ELIGIBILITY,v2026-08-11,2026-03-21..2026-08-06,baccarat_bet02_101_all_pairs_incl_sentinel,round_win = game_pnl > 0 (decisive only),COMPATIBILITY_ONLY_NOT_PRODUCTION,93574.8029,85125.2922,9875.4261,605,599,-0.10553510,-0.43952068,-0.10356260,-0.10553510,-9875.4261,93574.8029,OK,0.0000,395.0170,4.0000,96.0000,AG03-UNRESOLVED,ALL5_LEVELS_bet23_to_bet27,395.0170,395.0170,395.0170,395.0170,395.0170,4.000000,4.000000,4.000000,4.000000,4.000000,96.000000,96.000000,96.000000,96.000000,96.000000,5.0,1975.0852,1823.2733,7900.3409,8052.1529,PENDING_AG03,FALSE,NOT_FOR_ENFORCEMENT,9480.4091,81720.2806,9875.4261,9480.4091,395.0170,0.10553510,0.10131370,395.0170,9480.4091,0.10131370,395.0170,395.0170,395.0170,395.0170,395.0170,9480.4091,0.10131370,1975.0852,1823.2733,7900.3409,8052.1529,0.08442808,0.08605044,0.00422140,154.6691,142.1123,16.4865,290.4537,143.1221,2752.2001,17.6176,109.8805,155.0423,39.2639,86.3807,209.4076,394.9759,523.5191,787.3816,78.5279,-5.2352,6.060606,9.115254,1.790553,24,59,32,6,0.00587126,0.10553510,0.43952068,0E-8,0.000000,0.909703,0.000000,-0.33595808,2026-03-22,2026-07-20,34,69,67,121,0.280992,0.708713,0.710423,0.019571,,,,,,,,GLOBAL_BASELINE_NO_ENTITY_RANKING,,,NOT_APPLICABLE_GLOBAL_BASELINE,HF9g-P5,,,,X 全窗基线 · 不参与实体赏罚,15051703,1506,A168_HF9F_20260827_0900,2026-08-27 09:00:00
2026-05-01,122351273,1505,0,778.3716465155,-778.3716465155,-778.3716465155,0E-7,1,1,0.49324550000000000,0.493245500000,-0.9865810262130424,-0.9865810262130424,-0.9865810262130424,0E-17,ELIGIBLE,R03b_20260811_FULL_v1,L1_ELIGIBILITY,v2026-08-11,2026-03-21..2026-08-06,baccarat_bet02_101_all_pairs_incl_sentinel,round_win = game_pnl > 0 (decisive only),COMPATIBILITY_ONLY_NOT_PRODUCTION,174723.4186,174723.4186,9877.5362,11,11,-0.05653241,,-0.05653241,-0.05653241,-9877.5362,174723.4186,THIN_EXPOSURE,0.0000,395.1014,4.0000,96.0000,AG03-UNRESOLVED,ALL5_LEVELS_bet23_to_bet27,395.1014,395.1014,395.1014,493.8768,493.8768,4.000000,4.000000,4.000000,5.000000,5.000000,96.000000,96.000000,96.000000,95.000000,95.000000,5.0,2173.0580,1990.578,7704.4782,7886.9582,PENDING_AG03,FALSE,NOT_FOR_ENFORCEMENT,9482.4347,167734.4819,9877.5362,9482.4347,395.1014,0.05653241,0.05427112,395.1014,9482.4347,0.05427112,395.1014,395.1014,395.1014,493.8768,493.8768,9482.4347,0.05427112,2173.0580,1990.578,7704.4782,7886.9582,0.04409528,0.04513967,0.00226130,15883.9471,15883.9471,897.9578,4938.7681,1411.0766,87361.7093,5.5000,,15883.9471,2759.1978,16968.2422,25893.8945,31761.918,38322.1914,38918.582,16968.2422,-138.0312,2.258466,2.293613,0.936099,6,7,2,2,0E-8,0.05653241,,0E-8,0.000000,1.000000,0.000000,,2026-05-01,2026-05-30,2,7,7,30,0.066667,,,0.000000,,,,,,,,GLOBAL_BASELINE_NO_ENTITY_RANKING,,,NOT_APPLICABLE_GLOBAL_BASELINE,HF9g-P5,,,,X 全窗基线 · 不参与实体赏罚,15051704,1506,A168_HF9F_20260827_0900,2026-08-27 09:00:00
2026-05-01,122351273,2222,0,138.0312386487,-138.0312386487,-138.0312386487,0E-7,1,1,0.50665070000000000,0.506650700000,-1.013391052207602,-1.013391052207602,-1.013391052207602,0E-17,ELIGIBLE,R03b_20260811_FULL_v1,L1_ELIGIBILITY,v2026-08-11,2026-03-21..2026-08-06,baccarat_bet02_101_all_pairs_incl_sentinel,round_win = game_pnl > 0 (decisive only),COMPATIBILITY_ONLY_NOT_PRODUCTION,174723.4186,174723.4186,9877.5362,11,11,-0.05653241,,-0.05653241,-0.05653241,-9877.5362,174723.4186,THIN_EXPOSURE,0.0000,395.1014,4.0000,96.0000,AG03-UNRESOLVED,ALL5_LEVELS_bet23_to_bet27,395.1014,395.1014,395.1014,493.8768,493.8768,4.000000,4.000000,4.000000,5.000000,5.000000,96.000000,96.000000,96.000000,95.000000,95.000000,5.0,2173.0580,1990.578,7704.4782,7886.9582,PENDING_AG03,FALSE,NOT_FOR_ENFORCEMENT,9482.4347,167734.4819,9877.5362,9482.4347,395.1014,0.05653241,0.05427112,395.1014,9482.4347,0.05427112,395.1014,395.1014,395.1014,493.8768,493.8768,9482.4347,0.05427112,2173.0580,1990.578,7704.4782,7886.9582,0.04409528,0.04513967,0.00226130,15883.9471,15883.9471,897.9578,4938.7681,1411.0766,87361.7093,5.5000,,15883.9471,2759.1978,16968.2422,25893.8945,31761.918,38322.1914,38918.582,16968.2422,-138.0312,2.258466,2.293613,0.936099,6,7,2,2,0E-8,0.05653241,,0E-8,0.000000,1.000000,0.000000,,2026-05-01,2026-05-30,2,7,7,30,0.066667,,,0.000000,,,,,,,,GLOBAL_BASELINE_NO_ENTITY_RANKING,,,NOT_APPLICABLE_GLOBAL_BASELINE,HF9g-P5,,,,X 全窗基线 · 不参与实体赏罚,15051705,1506,A168_HF9F_20260827_0900,2026-08-27 09:00:00
2026-05-01,122351273,2229,0,259.4572155052,-259.4572155052,-259.4572155052,0E-7,1,1,0.50665070000000000,0.506650700000,-1.013391052207602,-1.013391052207602,-1.013391052207602,0E-17,ELIGIBLE,R03b_20260811_FULL_v1,L1_ELIGIBILITY,v2026-08-11,2026-03-21..2026-08-06,baccarat_bet02_101_all_pairs_incl_sentinel,round_win = game_pnl > 0 (decisive only),COMPATIBILITY_ONLY_NOT_PRODUCTION,174723.4186,174723.4186,9877.5362,11,11,-0.05653241,,-0.05653241,-0.05653241,-9877.5362,174723.4186,THIN_EXPOSURE,0.0000,395.1014,4.0000,96.0000,AG03-UNRESOLVED,ALL5_LEVELS_bet23_to_bet27,395.1014,395.1014,395.1014,493.8768,493.8768,4.000000,4.000000,4.000000,5.000000,5.000000,96.000000,96.000000,96.000000,95.000000,95.000000,5.0,2173.0580,1990.578,7704.4782,7886.9582,PENDING_AG03,FALSE,NOT_FOR_ENFORCEMENT,9482.4347,167734.4819,9877.5362,9482.4347,395.1014,0.05653241,0.05427112,395.1014,9482.4347,0.05427112,395.1014,395.1014,395.1014,493.8768,493.8768,9482.4347,0.05427112,2173.0580,1990.578,7704.4782,7886.9582,0.04409528,0.04513967,0.00226130,15883.9471,15883.9471,897.9578,4938.7681,1411.0766,87361.7093,5.5000,,15883.9471,2759.1978,16968.2422,25893.8945,31761.918,38322.1914,38918.582,16968.2422,-138.0312,2.258466,2.293613,0.936099,6,7,2,2,0E-8,0.05653241,,0E-8,0.000000,1.000000,0.000000,,2026-05-01,2026-05-30,2,7,7,30,0.066667,,,0.000000,,,,,,,,GLOBAL_BASELINE_NO_ENTITY_RANKING,,,NOT_APPLICABLE_GLOBAL_BASELINE,HF9g-P5,,,,X 全窗基线 · 不参与实体赏罚,15051706,1506,A168_HF9F_20260827_0900,2026-08-27 09:00:00
2026-05-30,122351273,1115,0,40455.0879559961,-13713.5462612216,-13713.5462612216,0.5000000,2,2,0.49994810000000000,0.499948100000,0.00014679536856514622,0.00014679536856514622,0.00014679536856514622,0E-17,ELIGIBLE,R03b_20260811_FULL_v1,L1_ELIGIBILITY,v2026-08-11,2026-03-21..2026-08-06,baccarat_bet02_101_all_pairs_incl_sentinel,round_win = game_pnl > 0 (decisive only),COMPATIBILITY_ONLY_NOT_PRODUCTION,174723.4186,174723.4186,9877.5362,11,11,-0.05653241,,-0.05653241,-0.05653241,-9877.5362,174723.4186,THIN_EXPOSURE,0.0000,395.1014,4.0000,96.0000,AG03-UNRESOLVED,ALL5_LEVELS_bet23_to_bet27,395.1014,395.1014,395.1014,493.8768,493.8768,4.000000,4.000000,4.000000,5.000000,5.000000,96.000000,96.000000,96.000000,95.000000,95.000000,5.0,2173.0580,1990.578,7704.4782,7886.9582,PENDING_AG03,FALSE,NOT_FOR_ENFORCEMENT,9482.4347,167734.4819,9877.5362,9482.4347,395.1014,0.05653241,0.05427112,395.1014,9482.4347,0.05427112,395.1014,395.1014,395.1014,493.8768,493.8768,9482.4347,0.05427112,2173.0580,1990.578,7704.4782,7886.9582,0.04409528,0.04513967,0.00226130,15883.9471,15883.9471,897.9578,4938.7681,1411.0766,87361.7093,5.5000,,15883.9471,2759.1978,16968.2422,25893.8945,31761.918,38322.1914,38918.582,16968.2422,-138.0312,2.258466,2.293613,0.936099,6,7,2,2,0E-8,0.05653241,,0E-8,0.000000,1.000000,0.000000,,2026-05-01,2026-05-30,2,7,7,30,0.066667,,,0.000000,,,,,,,,GLOBAL_BASELINE_NO_ENTITY_RANKING,,,NOT_APPLICABLE_GLOBAL_BASELINE,HF9g-P5,,,,X 全窗基线 · 不参与实体赏罚,15051707,1506,A168_HF9F_20260827_0900,2026-08-27 09:00:00
2026-05-30,122351273,1384,0,8701.6760936122,8266.5922889316,8266.5922889316,1.0000000,1,1,0.50665070000000000,0.506650700000,0.9867858985152569,0.9867858985152569,0.9867858985152569,0E-17,ELIGIBLE,R03b_20260811_FULL_v1,L1_ELIGIBILITY,v2026-08-11,2026-03-21..2026-08-06,baccarat_bet02_101_all_pairs_incl_sentinel,round_win = game_pnl > 0 (decisive only),COMPATIBILITY_ONLY_NOT_PRODUCTION,174723.4186,174723.4186,9877.5362,11,11,-0.05653241,,-0.05653241,-0.05653241,-9877.5362,174723.4186,THIN_EXPOSURE,0.0000,395.1014,4.0000,96.0000,AG03-UNRESOLVED,ALL5_LEVELS_bet23_to_bet27,395.1014,395.1014,395.1014,493.8768,493.8768,4.000000,4.000000,4.000000,5.000000,5.000000,96.000000,96.000000,96.000000,95.000000,95.000000,5.0,2173.0580,1990.578,7704.4782,7886.9582,PENDING_AG03,FALSE,NOT_FOR_ENFORCEMENT,9482.4347,167734.4819,9877.5362,9482.4347,395.1014,0.05653241,0.05427112,395.1014,9482.4347,0.05427112,395.1014,395.1014,395.1014,493.8768,493.8768,9482.4347,0.05427112,2173.0580,1990.578,7704.4782,7886.9582,0.04409528,0.04513967,0.00226130,15883.9471,15883.9471,897.9578,4938.7681,1411.0766,87361.7093,5.5000,,15883.9471,2759.1978,16968.2422,25893.8945,31761.918,38322.1914,38918.582,16968.2422,-138.0312,2.258466,2.293613,0.936099,6,7,2,2,0E-8,0.05653241,,0E-8,0.000000,1.000000,0.000000,,2026-05-01,2026-05-30,2,7,7,30,0.066667,,,0.000000,,,,,,,,GLOBAL_BASELINE_NO_ENTITY_RANKING,,,NOT_APPLICABLE_GLOBAL_BASELINE,HF9g-P5,,,,X 全窗基线 · 不参与实体赏罚,15051708,1506,A168_HF9F_20260827_0900,2026-08-27 09:00:00
2026-05-30,122351273,2175,0,65909.3975403456,-13277.3078719319,-13277.3078719319,0.5000000,2,2,0.49994810000000000,0.499948100000,0.00014679536856514622,0.00014679536856514622,0.00014679536856514622,0E-17,ELIGIBLE,R03b_20260811_FULL_v1,L1_ELIGIBILITY,v2026-08-11,2026-03-21..2026-08-06,baccarat_bet02_101_all_pairs_incl_sentinel,round_win = game_pnl > 0 (decisive only),COMPATIBILITY_ONLY_NOT_PRODUCTION,174723.4186,174723.4186,9877.5362,11,11,-0.05653241,,-0.05653241,-0.05653241,-9877.5362,174723.4186,THIN_EXPOSURE,0.0000,395.1014,4.0000,96.0000,AG03-UNRESOLVED,ALL5_LEVELS_bet23_to_bet27,395.1014,395.1014,395.1014,493.8768,493.8768,4.000000,4.000000,4.000000,5.000000,5.000000,96.000000,96.000000,96.000000,95.000000,95.000000,5.0,2173.0580,1990.578,7704.4782,7886.9582,PENDING_AG03,FALSE,NOT_FOR_ENFORCEMENT,9482.4347,167734.4819,9877.5362,9482.4347,395.1014,0.05653241,0.05427112,395.1014,9482.4347,0.05427112,395.1014,395.1014,395.1014,493.8768,493.8768,9482.4347,0.05427112,2173.0580,1990.578,7704.4782,7886.9582,0.04409528,0.04513967,0.00226130,15883.9471,15883.9471,897.9578,4938.7681,1411.0766,87361.7093,5.5000,,15883.9471,2759.1978,16968.2422,25893.8945,31761.918,38322.1914,38918.582,16968.2422,-138.0312,2.258466,2.293613,0.936099,6,7,2,2,0E-8,0.05653241,,0E-8,0.000000,1.000000,0.000000,,2026-05-01,2026-05-30,2,7,7,30,0.066667,,,0.000000,,,,,,,,GLOBAL_BASELINE_NO_ENTITY_RANKING,,,NOT_APPLICABLE_GLOBAL_BASELINE,HF9g-P5,,,,X 全窗基线 · 不参与实体赏罚,15051709,1506,A168_HF9F_20260827_0900,2026-08-27 09:00:00
2026-05-30,122351273,763,0,58481.3969176483,10022.5857506098,10022.5857506098,0.6666667,3,3,0.50218230000000000,0.502182300000,0.5697959874915163,0.5697959874915164,0.5697959874915163,0E-17,ELIGIBLE,R03b_20260811_FULL_v1,L1_ELIGIBILITY,v2026-08-11,2026-03-21..2026-08-06,baccarat_bet02_101_all_pairs_incl_sentinel,round_win = game_pnl > 0 (decisive only),COMPATIBILITY_ONLY_NOT_PRODUCTION,174723.4186,174723.4186,9877.5362,11,11,-0.05653241,,-0.05653241,-0.05653241,-9877.5362,174723.4186,THIN_EXPOSURE,0.0000,395.1014,4.0000,96.0000,AG03-UNRESOLVED,ALL5_LEVELS_bet23_to_bet27,395.1014,395.1014,395.1014,493.8768,493.8768,4.000000,4.000000,4.000000,5.000000,5.000000,96.000000,96.000000,96.000000,95.000000,95.000000,5.0,2173.0580,1990.578,7704.4782,7886.9582,PENDING_AG03,FALSE,NOT_FOR_ENFORCEMENT,9482.4347,167734.4819,9877.5362,9482.4347,395.1014,0.05653241,0.05427112,395.1014,9482.4347,0.05427112,395.1014,395.1014,395.1014,493.8768,493.8768,9482.4347,0.05427112,2173.0580,1990.578,7704.4782,7886.9582,0.04409528,0.04513967,0.00226130,15883.9471,15883.9471,897.9578,4938.7681,1411.0766,87361.7093,5.5000,,15883.9471,2759.1978,16968.2422,25893.8945,31761.918,38322.1914,38918.582,16968.2422,-138.0312,2.258466,2.293613,0.936099,6,7,2,2,0E-8,0.05653241,,0E-8,0.000000,1.000000,0.000000,,2026-05-01,2026-05-30,2,7,7,30,0.066667,,,0.000000,,,,,,,,GLOBAL_BASELINE_NO_ENTITY_RANKING,,,NOT_APPLICABLE_GLOBAL_BASELINE,HF9g-P5,,,,X 全窗基线 · 不参与实体赏罚,15051710,1506,A168_HF9F_20260827_0900,2026-08-27 09:00:00
2026-03-21,127529701,1078,0,55.5599441768,-29.2413829423,-29.2413829423,0.2500000,5,5,0.50396966000000000,0.503969660000,-1.01591065835228,-1.0159106583522801,-1.01591065835228,0E-17,ELIGIBLE,R03b_20260811_FULL_v1,L1_ELIGIBILITY,v2026-08-11,2026-03-21..2026-08-06,baccarat_bet02_101_all_pairs_incl_sentinel,round_win = game_pnl > 0 (decisive only),COMPATIBILITY_ONLY_NOT_PRODUCTION,557989.4742,504875.3716,9878.7574,24851,24505,-0.01770420,0.00338982,-0.02772422,-0.01770420,-9878.7574,557989.4742,OK,0.0000,395.1503,4.0000,96.0000,AG03-UNRESOLVED,ALL5_LEVELS_bet23_to_bet27,395.1503,395.1503,395.1503,0.0000,0.0000,4.000000,4.000000,4.000000,0.000000,0.000000,96.000000,96.000000,96.000000,100.000000,100.000000,5.0,1185.4509,1138.6651,8693.3065,8740.0923,PENDING_AG03,FALSE,NOT_FOR_ENFORCEMENT,9483.6071,484680.3568,9878.7574,9483.6071,395.1503,0.01770420,0.01699603,395.1503,9483.6071,0.01699603,395.1503,395.1503,395.1503,0.0000,0.0000,9483.6071,0.01699603,1185.4509,1138.6651,8693.3065,8740.0923,0.01557970,0.01566354,0.00070817,22.4534,20.6030,0.4031,82.3230,2.6463,4649.9123,204.2083,25.9152,21.1137,12.8578,14.5296,26.176,48.8436,54.2173,102.8621,13.088,0.0,3.731508,7.079487,1.545355,30,207,63,6,0.32204186,0.01770420,-0.00338982,0E-8,0.000000,0.904812,0.002133,0.03111404,2026-03-21,2026-08-06,120,3733,1703,139,0.863309,1.227414,1.154177,1.073473,,,,,,,,GLOBAL_BASELINE_NO_ENTITY_RANKING,,,NOT_APPLICABLE_GLOBAL_BASELINE,HF9g-P5,,,,X 全窗基线 · 不参与实体赏罚,15051711,1506,A168_HF9F_20260827_0900,2026-08-27 09:00:00
2026-03-21,127529701,1306,0,319.6671669695,-109.2503357298,-109.2503357298,0.4000000,16,16,0.50078592500000000,0.500785925000,-0.7806853825393515,-0.7806853825393516,-0.7806853825393515,0E-17,ELIGIBLE,R03b_20260811_FULL_v1,L1_ELIGIBILITY,v2026-08-11,2026-03-21..2026-08-06,baccarat_bet02_101_all_pairs_incl_sentinel,round_win = game_pnl > 0 (decisive only),COMPATIBILITY_ONLY_NOT_PRODUCTION,557989.4742,504875.3716,9878.7574,24851,24505,-0.01770420,0.00338982,-0.02772422,-0.01770420,-9878.7574,557989.4742,OK,0.0000,395.1503,4.0000,96.0000,AG03-UNRESOLVED,ALL5_LEVELS_bet23_to_bet27,395.1503,395.1503,395.1503,0.0000,0.0000,4.000000,4.000000,4.000000,0.000000,0.000000,96.000000,96.000000,96.000000,100.000000,100.000000,5.0,1185.4509,1138.6651,8693.3065,8740.0923,PENDING_AG03,FALSE,NOT_FOR_ENFORCEMENT,9483.6071,484680.3568,9878.7574,9483.6071,395.1503,0.01770420,0.01699603,395.1503,9483.6071,0.01699603,395.1503,395.1503,395.1503,0.0000,0.0000,9483.6071,0.01699603,1185.4509,1138.6651,8693.3065,8740.0923,0.01557970,0.01566354,0.00070817,22.4534,20.6030,0.4031,82.3230,2.6463,4649.9123,204.2083,25.9152,21.1137,12.8578,14.5296,26.176,48.8436,54.2173,102.8621,13.088,0.0,3.731508,7.079487,1.545355,30,207,63,6,0.32204186,0.01770420,-0.00338982,0E-8,0.000000,0.904812,0.002133,0.03111404,2026-03-21,2026-08-06,120,3733,1703,139,0.863309,1.227414,1.154177,1.073473,,,,,,,,GLOBAL_BASELINE_NO_ENTITY_RANKING,,,NOT_APPLICABLE_GLOBAL_BASELINE,HF9g-P5,,,,X 全窗基线 · 不参与实体赏罚,15051712,1506,A168_HF9F_20260827_0900,2026-08-27 09:00:00
2026-03-21,127529701,1323,0,47.3971087764,-31.5980725176,-31.5980725176,0.3333333,3,3,0.50218230000000000,0.502182300000,-0.5849155494134425,-0.5849155494134426,-0.5849155494134425,0E-17,ELIGIBLE,R03b_20260811_FULL_v1,L1_ELIGIBILITY,v2026-08-11,2026-03-21..2026-08-06,baccarat_bet02_101_all_pairs_incl_sentinel,round_win = game_pnl > 0 (decisive only),COMPATIBILITY_ONLY_NOT_PRODUCTION,557989.4742,504875.3716,9878.7574,24851,24505,-0.01770420,0.00338982,-0.02772422,-0.01770420,-9878.7574,557989.4742,OK,0.0000,395.1503,4.0000,96.0000,AG03-UNRESOLVED,ALL5_LEVELS_bet23_to_bet27,395.1503,395.1503,395.1503,0.0000,0.0000,4.000000,4.000000,4.000000,0.000000,0.000000,96.000000,96.000000,96.000000,100.000000,100.000000,5.0,1185.4509,1138.6651,8693.3065,8740.0923,PENDING_AG03,FALSE,NOT_FOR_ENFORCEMENT,9483.6071,484680.3568,9878.7574,9483.6071,395.1503,0.01770420,0.01699603,395.1503,9483.6071,0.01699603,395.1503,395.1503,395.1503,0.0000,0.0000,9483.6071,0.01699603,1185.4509,1138.6651,8693.3065,8740.0923,0.01557970,0.01566354,0.00070817,22.4534,20.6030,0.4031,82.3230,2.6463,4649.9123,204.2083,25.9152,21.1137,12.8578,14.5296,26.176,48.8436,54.2173,102.8621,13.088,0.0,3.731508,7.079487,1.545355,30,207,63,6,0.32204186,0.01770420,-0.00338982,0E-8,0.000000,0.904812,0.002133,0.03111404,2026-03-21,2026-08-06,120,3733,1703,139,0.863309,1.227414,1.154177,1.073473,,,,,,,,GLOBAL_BASELINE_NO_ENTITY_RANKING,,,NOT_APPLICABLE_GLOBAL_BASELINE,HF9g-P5,,,,X 全窗基线 · 不参与实体赏罚,15051713,1506,A168_HF9F_20260827_0900,2026-08-27 09:00:00
2026-03-21,127529701,1687,0,19.7487953235,0E-10,0E-10,,1,1,0.49324550000000000,0.493245500000,,,,0E-17,NO_DECISIVE_ROUND,R03b_20260811_FULL_v1,L1_ELIGIBILITY,v2026-08-11,2026-03-21..2026-08-06,baccarat_bet02_101_all_pairs_incl_sentinel,round_win = game_pnl > 0 (decisive only),COMPATIBILITY_ONLY_NOT_PRODUCTION,557989.4742,504875.3716,9878.7574,24851,24505,-0.01770420,0.00338982,-0.02772422,-0.01770420,-9878.7574,557989.4742,OK,0.0000,395.1503,4.0000,96.0000,AG03-UNRESOLVED,ALL5_LEVELS_bet23_to_bet27,395.1503,395.1503,395.1503,0.0000,0.0000,4.000000,4.000000,4.000000,0.000000,0.000000,96.000000,96.000000,96.000000,100.000000,100.000000,5.0,1185.4509,1138.6651,8693.3065,8740.0923,PENDING_AG03,FALSE,NOT_FOR_ENFORCEMENT,9483.6071,484680.3568,9878.7574,9483.6071,395.1503,0.01770420,0.01699603,395.1503,9483.6071,0.01699603,395.1503,395.1503,395.1503,0.0000,0.0000,9483.6071,0.01699603,1185.4509,1138.6651,8693.3065,8740.0923,0.01557970,0.01566354,0.00070817,22.4534,20.6030,0.4031,82.3230,2.6463,4649.9123,204.2083,25.9152,21.1137,12.8578,14.5296,26.176,48.8436,54.2173,102.8621,13.088,0.0,3.731508,7.079487,1.545355,30,207,63,6,0.32204186,0.01770420,-0.00338982,0E-8,0.000000,0.904812,0.002133,0.03111404,2026-03-21,2026-08-06,120,3733,1703,139,0.863309,1.227414,1.154177,1.073473,,,,,,,,GLOBAL_BASELINE_NO_ENTITY_RANKING,,,NOT_APPLICABLE_GLOBAL_BASELINE,HF9g-P5,,,,X 全窗基线 · 不参与实体赏罚,15051714,1506,A168_HF9F_20260827_0900,2026-08-27 09:00:00
2026-03-21,127529701,2147,0,124.5490691735,-32.6513416015,-32.6513416015,0.4000000,6,6,0.50218230000000000,0.502182300000,-0.4569774904649096,-0.4569774904649096,-0.4569774904649096,0E-17,ELIGIBLE,R03b_20260811_FULL_v1,L1_ELIGIBILITY,v2026-08-11,2026-03-21..2026-08-06,baccarat_bet02_101_all_pairs_incl_sentinel,round_win = game_pnl > 0 (decisive only),COMPATIBILITY_ONLY_NOT_PRODUCTION,557989.4742,504875.3716,9878.7574,24851,24505,-0.01770420,0.00338982,-0.02772422,-0.01770420,-9878.7574,557989.4742,OK,0.0000,395.1503,4.0000,96.0000,AG03-UNRESOLVED,ALL5_LEVELS_bet23_to_bet27,395.1503,395.1503,395.1503,0.0000,0.0000,4.000000,4.000000,4.000000,0.000000,0.000000,96.000000,96.000000,96.000000,100.000000,100.000000,5.0,1185.4509,1138.6651,8693.3065,8740.0923,PENDING_AG03,FALSE,NOT_FOR_ENFORCEMENT,9483.6071,484680.3568,9878.7574,9483.6071,395.1503,0.01770420,0.01699603,395.1503,9483.6071,0.01699603,395.1503,395.1503,395.1503,0.0000,0.0000,9483.6071,0.01699603,1185.4509,1138.6651,8693.3065,8740.0923,0.01557970,0.01566354,0.00070817,22.4534,20.6030,0.4031,82.3230,2.6463,4649.9123,204.2083,25.9152,21.1137,12.8578,14.5296,26.176,48.8436,54.2173,102.8621,13.088,0.0,3.731508,7.079487,1.545355,30,207,63,6,0.32204186,0.01770420,-0.00338982,0E-8,0.000000,0.904812,0.002133,0.03111404,2026-03-21,2026-08-06,120,3733,1703,139,0.863309,1.227414,1.154177,1.073473,,,,,,,,GLOBAL_BASELINE_NO_ENTITY_RANKING,,,NOT_APPLICABLE_GLOBAL_BASELINE,HF9g-P5,,,,X 全窗基线 · 不参与实体赏罚,15051715,1506,A168_HF9F_20260827_0900,2026-08-27 09:00:00
2026-03-21,127529701,2153,0,5.2663454196,-5.2663454196,-5.2663454196,0E-7,1,1,0.50665070000000000,0.506650700000,-1.013391052207602,-1.013391052207602,-1.013391052207602,0E-17,ELIGIBLE,R03b_20260811_FULL_v1,L1_ELIGIBILITY,v2026-08-11,2026-03-21..2026-08-06,baccarat_bet02_101_all_pairs_incl_sentinel,round_win = game_pnl > 0 (decisive only),COMPATIBILITY_ONLY_NOT_PRODUCTION,557989.4742,504875.3716,9878.7574,24851,24505,-0.01770420,0.00338982,-0.02772422,-0.01770420,-9878.7574,557989.4742,OK,0.0000,395.1503,4.0000,96.0000,AG03-UNRESOLVED,ALL5_LEVELS_bet23_to_bet27,395.1503,395.1503,395.1503,0.0000,0.0000,4.000000,4.000000,4.000000,0.000000,0.000000,96.000000,96.000000,96.000000,100.000000,100.000000,5.0,1185.4509,1138.6651,8693.3065,8740.0923,PENDING_AG03,FALSE,NOT_FOR_ENFORCEMENT,9483.6071,484680.3568,9878.7574,9483.6071,395.1503,0.01770420,0.01699603,395.1503,9483.6071,0.01699603,395.1503,395.1503,395.1503,0.0000,0.0000,9483.6071,0.01699603,1185.4509,1138.6651,8693.3065,8740.0923,0.01557970,0.01566354,0.00070817,22.4534,20.6030,0.4031,82.3230,2.6463,4649.9123,204.2083,25.9152,21.1137,12.8578,14.5296,26.176,48.8436,54.2173,102.8621,13.088,0.0,3.731508,7.079487,1.545355,30,207,63,6,0.32204186,0.01770420,-0.00338982,0E-8,0.000000,0.904812,0.002133,0.03111404,2026-03-21,2026-08-06,120,3733,1703,139,0.863309,1.227414,1.154177,1.073473,,,,,,,,GLOBAL_BASELINE_NO_ENTITY_RANKING,,,NOT_APPLICABLE_GLOBAL_BASELINE,HF9g-P5,,,,X 全窗基线 · 不参与实体赏罚,15051716,1506,A168_HF9F_20260827_0900,2026-08-27 09:00:00
2026-03-21,127529701,2155,0,117.7028201280,-66.3559522869,-66.3559522869,0.2000000,5,5,0.50128862000000000,0.501288620000,-1.347408145195933,-1.347408145195933,-1.347408145195933,0E-17,ELIGIBLE,R03b_20260811_FULL_v1,L1_ELIGIBILITY,v2026-08-11,2026-03-21..2026-08-06,baccarat_bet02_101_all_pairs_incl_sentinel,round_win = game_pnl > 0 (decisive only),COMPATIBILITY_ONLY_NOT_PRODUCTION,557989.4742,504875.3716,9878.7574,24851,24505,-0.01770420,0.00338982,-0.02772422,-0.01770420,-9878.7574,557989.4742,OK,0.0000,395.1503,4.0000,96.0000,AG03-UNRESOLVED,ALL5_LEVELS_bet23_to_bet27,395.1503,395.1503,395.1503,0.0000,0.0000,4.000000,4.000000,4.000000,0.000000,0.000000,96.000000,96.000000,96.000000,100.000000,100.000000,5.0,1185.4509,1138.6651,8693.3065,8740.0923,PENDING_AG03,FALSE,NOT_FOR_ENFORCEMENT,9483.6071,484680.3568,9878.7574,9483.6071,395.1503,0.01770420,0.01699603,395.1503,9483.6071,0.01699603,395.1503,395.1503,395.1503,0.0000,0.0000,9483.6071,0.01699603,1185.4509,1138.6651,8693.3065,8740.0923,0.01557970,0.01566354,0.00070817,22.4534,20.6030,0.4031,82.3230,2.6463,4649.9123,204.2083,25.9152,21.1137,12.8578,14.5296,26.176,48.8436,54.2173,102.8621,13.088,0.0,3.731508,7.079487,1.545355,30,207,63,6,0.32204186,0.01770420,-0.00338982,0E-8,0.000000,0.904812,0.002133,0.03111404,2026-03-21,2026-08-06,120,3733,1703,139,0.863309,1.227414,1.154177,1.073473,,,,,,,,GLOBAL_BASELINE_NO_ENTITY_RANKING,,,NOT_APPLICABLE_GLOBAL_BASELINE,HF9g-P5,,,,X 全窗基线 · 不参与实体赏罚,15051717,1506,A168_HF9F_20260827_0900,2026-08-27 09:00:00
2026-03-21,127529701,2171,0,196.6980014220,43.6580035284,43.6580035284,0.6153846,14,14,0.49994810000000000,0.499948100000,0.832424555044691,0.832424555044691,0.832424555044691,0E-17,ELIGIBLE,R03b_20260811_FULL_v1,L1_ELIGIBILITY,v2026-08-11,2026-03-21..2026-08-06,baccarat_bet02_101_all_pairs_incl_sentinel,round_win = game_pnl > 0 (decisive only),COMPATIBILITY_ONLY_NOT_PRODUCTION,557989.4742,504875.3716,9878.7574,24851,24505,-0.01770420,0.00338982,-0.02772422,-0.01770420,-9878.7574,557989.4742,OK,0.0000,395.1503,4.0000,96.0000,AG03-UNRESOLVED,ALL5_LEVELS_bet23_to_bet27,395.1503,395.1503,395.1503,0.0000,0.0000,4.000000,4.000000,4.000000,0.000000,0.000000,96.000000,96.000000,96.000000,100.000000,100.000000,5.0,1185.4509,1138.6651,8693.3065,8740.0923,PENDING_AG03,FALSE,NOT_FOR_ENFORCEMENT,9483.6071,484680.3568,9878.7574,9483.6071,395.1503,0.01770420,0.01699603,395.1503,9483.6071,0.01699603,395.1503,395.1503,395.1503,0.0000,0.0000,9483.6071,0.01699603,1185.4509,1138.6651,8693.3065,8740.0923,0.01557970,0.01566354,0.00070817,22.4534,20.6030,0.4031,82.3230,2.6463,4649.9123,204.2083,25.9152,21.1137,12.8578,14.5296,26.176,48.8436,54.2173,102.8621,13.088,0.0,3.731508,7.079487,1.545355,30,207,63,6,0.32204186,0.01770420,-0.00338982,0E-8,0.000000,0.904812,0.002133,0.03111404,2026-03-21,2026-08-06,120,3733,1703,139,0.863309,1.227414,1.154177,1.073473,,,,,,,,GLOBAL_BASELINE_NO_ENTITY_RANKING,,,NOT_APPLICABLE_GLOBAL_BASELINE,HF9g-P5,,,,X 全窗基线 · 不参与实体赏罚,15051718,1506,A168_HF9F_20260827_0900,2026-08-27 09:00:00
2026-03-21,127529701,583,0,2.6331727098,2.6331727098,2.6331727098,1.0000000,1,1,0.49324550000000000,0.493245500000,1.01360149184955,1.01360149184955,1.01360149184955,0E-17,ELIGIBLE,R03b_20260811_FULL_v1,L1_ELIGIBILITY,v2026-08-11,2026-03-21..2026-08-06,baccarat_bet02_101_all_pairs_incl_sentinel,round_win = game_pnl > 0 (decisive only),COMPATIBILITY_ONLY_NOT_PRODUCTION,557989.4742,504875.3716,9878.7574,24851,24505,-0.01770420,0.00338982,-0.02772422,-0.01770420,-9878.7574,557989.4742,OK,0.0000,395.1503,4.0000,96.0000,AG03-UNRESOLVED,ALL5_LEVELS_bet23_to_bet27,395.1503,395.1503,395.1503,0.0000,0.0000,4.000000,4.000000,4.000000,0.000000,0.000000,96.000000,96.000000,96.000000,100.000000,100.000000,5.0,1185.4509,1138.6651,8693.3065,8740.0923,PENDING_AG03,FALSE,NOT_FOR_ENFORCEMENT,9483.6071,484680.3568,9878.7574,9483.6071,395.1503,0.01770420,0.01699603,395.1503,9483.6071,0.01699603,395.1503,395.1503,395.1503,0.0000,0.0000,9483.6071,0.01699603,1185.4509,1138.6651,8693.3065,8740.0923,0.01557970,0.01566354,0.00070817,22.4534,20.6030,0.4031,82.3230,2.6463,4649.9123,204.2083,25.9152,21.1137,12.8578,14.5296,26.176,48.8436,54.2173,102.8621,13.088,0.0,3.731508,7.079487,1.545355,30,207,63,6,0.32204186,0.01770420,-0.00338982,0E-8,0.000000,0.904812,0.002133,0.03111404,2026-03-21,2026-08-06,120,3733,1703,139,0.863309,1.227414,1.154177,1.073473,,,,,,,,GLOBAL_BASELINE_NO_ENTITY_RANKING,,,NOT_APPLICABLE_GLOBAL_BASELINE,HF9g-P5,,,,X 全窗基线 · 不参与实体赏罚,15051719,1506,A168_HF9F_20260827_0900,2026-08-27 09:00:00
2026-03-21,127529701,970,0,31.5980725176,30.2814861627,30.2814861627,1.0000000,2,2,0.49994810000000000,0.499948100000,1.4143603653603398,1.4143603653603398,1.4143603653603398,0E-17,ELIGIBLE,R03b_20260811_FULL_v1,L1_ELIGIBILITY,v2026-08-11,2026-03-21..2026-08-06,baccarat_bet02_101_all_pairs_incl_sentinel,round_win = game_pnl > 0 (decisive only),COMPATIBILITY_ONLY_NOT_PRODUCTION,557989.4742,504875.3716,9878.7574,24851,24505,-0.01770420,0.00338982,-0.02772422,-0.01770420,-9878.7574,557989.4742,OK,0.0000,395.1503,4.0000,96.0000,AG03-UNRESOLVED,ALL5_LEVELS_bet23_to_bet27,395.1503,395.1503,395.1503,0.0000,0.0000,4.000000,4.000000,4.000000,0.000000,0.000000,96.000000,96.000000,96.000000,100.000000,100.000000,5.0,1185.4509,1138.6651,8693.3065,8740.0923,PENDING_AG03,FALSE,NOT_FOR_ENFORCEMENT,9483.6071,484680.3568,9878.7574,9483.6071,395.1503,0.01770420,0.01699603,395.1503,9483.6071,0.01699603,395.1503,395.1503,395.1503,0.0000,0.0000,9483.6071,0.01699603,1185.4509,1138.6651,8693.3065,8740.0923,0.01557970,0.01566354,0.00070817,22.4534,20.6030,0.4031,82.3230,2.6463,4649.9123,204.2083,25.9152,21.1137,12.8578,14.5296,26.176,48.8436,54.2173,102.8621,13.088,0.0,3.731508,7.079487,1.545355,30,207,63,6,0.32204186,0.01770420,-0.00338982,0E-8,0.000000,0.904812,0.002133,0.03111404,2026-03-21,2026-08-06,120,3733,1703,139,0.863309,1.227414,1.154177,1.073473,,,,,,,,GLOBAL_BASELINE_NO_ENTITY_RANKING,,,NOT_APPLICABLE_GLOBAL_BASELINE,HF9g-P5,,,,X 全窗基线 · 不参与实体赏罚,15051720,1506,A168_HF9F_20260827_0900,2026-08-27 09:00:00
2026-03-22,127529701,1354,0,34.2312452274,33.1779761435,33.1779761435,1.0000000,2,2,0.49994810000000000,0.499948100000,1.4143603653603398,1.4143603653603398,1.4143603653603398,0E-17,ELIGIBLE,R03b_20260811_FULL_v1,L1_ELIGIBILITY,v2026-08-11,2026-03-21..2026-08-06,baccarat_bet02_101_all_pairs_incl_sentinel,round_win = game_pnl > 0 (decisive only),COMPATIBILITY_ONLY_NOT_PRODUCTION,557989.4742,504875.3716,9878.7574,24851,24505,-0.01770420,0.00338982,-0.02772422,-0.01770420,-9878.7574,557989.4742,OK,0.0000,395.1503,4.0000,96.0000,AG03-UNRESOLVED,ALL5_LEVELS_bet23_to_bet27,395.1503,395.1503,395.1503,0.0000,0.0000,4.000000,4.000000,4.000000,0.000000,0.000000,96.000000,96.000000,96.000000,100.000000,100.000000,5.0,1185.4509,1138.6651,8693.3065,8740.0923,PENDING_AG03,FALSE,NOT_FOR_ENFORCEMENT,9483.6071,484680.3568,9878.7574,9483.6071,395.1503,0.01770420,0.01699603,395.1503,9483.6071,0.01699603,395.1503,395.1503,395.1503,0.0000,0.0000,9483.6071,0.01699603,1185.4509,1138.6651,8693.3065,8740.0923,0.01557970,0.01566354,0.00070817,22.4534,20.6030,0.4031,82.3230,2.6463,4649.9123,204.2083,25.9152,21.1137,12.8578,14.5296,26.176,48.8436,54.2173,102.8621,13.088,0.0,3.731508,7.079487,1.545355,30,207,63,6,0.32204186,0.01770420,-0.00338982,0E-8,0.000000,0.904812,0.002133,0.03111404,2026-03-21,2026-08-06,120,3733,1703,139,0.863309,1.227414,1.154177,1.073473,,,,,,,,GLOBAL_BASELINE_NO_ENTITY_RANKING,,,NOT_APPLICABLE_GLOBAL_BASELINE,HF9g-P5,,,,X 全窗基线 · 不参与实体赏罚,15051721,1506,A168_HF9F_20260827_0900,2026-08-27 09:00:00
2026-03-22,127529701,1400,0,44.7639360666,-44.7639360666,-44.7639360666,0E-7,5,5,0.50128862000000000,0.501288620000,-2.241838306677593,-2.241838306677593,-2.241838306677593,0E-17,ELIGIBLE,R03b_20260811_FULL_v1,L1_ELIGIBILITY,v2026-08-11,2026-03-21..2026-08-06,baccarat_bet02_101_all_pairs_incl_sentinel,round_win = game_pnl > 0 (decisive only),COMPATIBILITY_ONLY_NOT_PRODUCTION,557989.4742,504875.3716,9878.7574,24851,24505,-0.01770420,0.00338982,-0.02772422,-0.01770420,-9878.7574,557989.4742,OK,0.0000,395.1503,4.0000,96.0000,AG03-UNRESOLVED,ALL5_LEVELS_bet23_to_bet27,395.1503,395.1503,395.1503,0.0000,0.0000,4.000000,4.000000,4.000000,0.000000,0.000000,96.000000,96.000000,96.000000,100.000000,100.000000,5.0,1185.4509,1138.6651,8693.3065,8740.0923,PENDING_AG03,FALSE,NOT_FOR_ENFORCEMENT,9483.6071,484680.3568,9878.7574,9483.6071,395.1503,0.01770420,0.01699603,395.1503,9483.6071,0.01699603,395.1503,395.1503,395.1503,0.0000,0.0000,9483.6071,0.01699603,1185.4509,1138.6651,8693.3065,8740.0923,0.01557970,0.01566354,0.00070817,22.4534,20.6030,0.4031,82.3230,2.6463,4649.9123,204.2083,25.9152,21.1137,12.8578,14.5296,26.176,48.8436,54.2173,102.8621,13.088,0.0,3.731508,7.079487,1.545355,30,207,63,6,0.32204186,0.01770420,-0.00338982,0E-8,0.000000,0.904812,0.002133,0.03111404,2026-03-21,2026-08-06,120,3733,1703,139,0.863309,1.227414,1.154177,1.073473,,,,,,,,GLOBAL_BASELINE_NO_ENTITY_RANKING,,,NOT_APPLICABLE_GLOBAL_BASELINE,HF9g-P5,,,,X 全窗基线 · 不参与实体赏罚,15051722,1506,A168_HF9F_20260827_0900,2026-08-27 09:00:00
2026-03-22,127529701,1991,0,106.6434947469,-35.7584853991,-35.7584853991,0.4166667,12,12,0.49659680000000000,0.496596800000,-0.5537850357270144,-0.5537850357270144,-0.5537850357270144,0E-17,ELIGIBLE,R03b_20260811_FULL_v1,L1_ELIGIBILITY,v2026-08-11,2026-03-21..2026-08-06,baccarat_bet02_101_all_pairs_incl_sentinel,round_win = game_pnl > 0 (decisive only),COMPATIBILITY_ONLY_NOT_PRODUCTION,557989.4742,504875.3716,9878.7574,24851,24505,-0.01770420,0.00338982,-0.02772422,-0.01770420,-9878.7574,557989.4742,OK,0.0000,395.1503,4.0000,96.0000,AG03-UNRESOLVED,ALL5_LEVELS_bet23_to_bet27,395.1503,395.1503,395.1503,0.0000,0.0000,4.000000,4.000000,4.000000,0.000000,0.000000,96.000000,96.000000,96.000000,100.000000,100.000000,5.0,1185.4509,1138.6651,8693.3065,8740.0923,PENDING_AG03,FALSE,NOT_FOR_ENFORCEMENT,9483.6071,484680.3568,9878.7574,9483.6071,395.1503,0.01770420,0.01699603,395.1503,9483.6071,0.01699603,395.1503,395.1503,395.1503,0.0000,0.0000,9483.6071,0.01699603,1185.4509,1138.6651,8693.3065,8740.0923,0.01557970,0.01566354,0.00070817,22.4534,20.6030,0.4031,82.3230,2.6463,4649.9123,204.2083,25.9152,21.1137,12.8578,14.5296,26.176,48.8436,54.2173,102.8621,13.088,0.0,3.731508,7.079487,1.545355,30,207,63,6,0.32204186,0.01770420,-0.00338982,0E-8,0.000000,0.904812,0.002133,0.03111404,2026-03-21,2026-08-06,120,3733,1703,139,0.863309,1.227414,1.154177,1.073473,,,,,,,,GLOBAL_BASELINE_NO_ENTITY_RANKING,,,NOT_APPLICABLE_GLOBAL_BASELINE,HF9g-P5,,,,X 全窗基线 · 不参与实体赏罚,15051723,1506,A168_HF9F_20260827_0900,2026-08-27 09:00:00
2026-03-22,127529701,2088,0,83.9982094426,-52.6634541960,-52.6634541960,0.3333333,9,9,0.49771390000000000,0.497713900000,-0.9862937092952077,-0.9862937092952077,-0.9862937092952077,0E-17,ELIGIBLE,R03b_20260811_FULL_v1,L1_ELIGIBILITY,v2026-08-11,2026-03-21..2026-08-06,baccarat_bet02_101_all_pairs_incl_sentinel,round_win = game_pnl > 0 (decisive only),COMPATIBILITY_ONLY_NOT_PRODUCTION,557989.4742,504875.3716,9878.7574,24851,24505,-0.01770420,0.00338982,-0.02772422,-0.01770420,-9878.7574,557989.4742,OK,0.0000,395.1503,4.0000,96.0000,AG03-UNRESOLVED,ALL5_LEVELS_bet23_to_bet27,395.1503,395.1503,395.1503,0.0000,0.0000,4.000000,4.000000,4.000000,0.000000,0.000000,96.000000,96.000000,96.000000,100.000000,100.000000,5.0,1185.4509,1138.6651,8693.3065,8740.0923,PENDING_AG03,FALSE,NOT_FOR_ENFORCEMENT,9483.6071,484680.3568,9878.7574,9483.6071,395.1503,0.01770420,0.01699603,395.1503,9483.6071,0.01699603,395.1503,395.1503,395.1503,0.0000,0.0000,9483.6071,0.01699603,1185.4509,1138.6651,8693.3065,8740.0923,0.01557970,0.01566354,0.00070817,22.4534,20.6030,0.4031,82.3230,2.6463,4649.9123,204.2083,25.9152,21.1137,12.8578,14.5296,26.176,48.8436,54.2173,102.8621,13.088,0.0,3.731508,7.079487,1.545355,30,207,63,6,0.32204186,0.01770420,-0.00338982,0E-8,0.000000,0.904812,0.002133,0.03111404,2026-03-21,2026-08-06,120,3733,1703,139,0.863309,1.227414,1.154177,1.073473,,,,,,,,GLOBAL_BASELINE_NO_ENTITY_RANKING,,,NOT_APPLICABLE_GLOBAL_BASELINE,HF9g-P5,,,,X 全窗基线 · 不参与实体赏罚,15051724,1506,A168_HF9F_20260827_0900,2026-08-27 09:00:00
2026-03-22,127529701,2141,0,10.5326908392,10.5326908392,10.5326908392,1.0000000,2,2,0.49324550000000000,0.493245500000,1.4334489766152358,1.4334489766152358,1.4334489766152358,0E-17,ELIGIBLE,R03b_20260811_FULL_v1,L1_ELIGIBILITY,v2026-08-11,2026-03-21..2026-08-06,baccarat_bet02_101_all_pairs_incl_sentinel,round_win = game_pnl > 0 (decisive only),COMPATIBILITY_ONLY_NOT_PRODUCTION,557989.4742,504875.3716,9878.7574,24851,24505,-0.01770420,0.00338982,-0.02772422,-0.01770420,-9878.7574,557989.4742,OK,0.0000,395.1503,4.0000,96.0000,AG03-UNRESOLVED,ALL5_LEVELS_bet23_to_bet27,395.1503,395.1503,395.1503,0.0000,0.0000,4.000000,4.000000,4.000000,0.000000,0.000000,96.000000,96.000000,96.000000,100.000000,100.000000,5.0,1185.4509,1138.6651,8693.3065,8740.0923,PENDING_AG03,FALSE,NOT_FOR_ENFORCEMENT,9483.6071,484680.3568,9878.7574,9483.6071,395.1503,0.01770420,0.01699603,395.1503,9483.6071,0.01699603,395.1503,395.1503,395.1503,0.0000,0.0000,9483.6071,0.01699603,1185.4509,1138.6651,8693.3065,8740.0923,0.01557970,0.01566354,0.00070817,22.4534,20.6030,0.4031,82.3230,2.6463,4649.9123,204.2083,25.9152,21.1137,12.8578,14.5296,26.176,48.8436,54.2173,102.8621,13.088,0.0,3.731508,7.079487,1.545355,30,207,63,6,0.32204186,0.01770420,-0.00338982,0E-8,0.000000,0.904812,0.002133,0.03111404,2026-03-21,2026-08-06,120,3733,1703,139,0.863309,1.227414,1.154177,1.073473,,,,,,,,GLOBAL_BASELINE_NO_ENTITY_RANKING,,,NOT_APPLICABLE_GLOBAL_BASELINE,HF9g-P5,,,,X 全窗基线 · 不参与实体赏罚,15051725,1506,A168_HF9F_20260827_0900,2026-08-27 09:00:00
2026-03-22,127529701,2177,0,15.5357189878,-5.2663454196,-5.2663454196,0.3333333,3,3,0.50665070000000000,0.506650700000,-0.6004420894325239,-0.6004420894325239,-0.6004420894325239,0E-17,ELIGIBLE,R03b_20260811_FULL_v1,L1_ELIGIBILITY,v2026-08-11,2026-03-21..2026-08-06,baccarat_bet02_101_all_pairs_incl_sentinel,round_win = game_pnl > 0 (decisive only),COMPATIBILITY_ONLY_NOT_PRODUCTION,557989.4742,504875.3716,9878.7574,24851,24505,-0.01770420,0.00338982,-0.02772422,-0.01770420,-9878.7574,557989.4742,OK,0.0000,395.1503,4.0000,96.0000,AG03-UNRESOLVED,ALL5_LEVELS_bet23_to_bet27,395.1503,395.1503,395.1503,0.0000,0.0000,4.000000,4.000000,4.000000,0.000000,0.000000,96.000000,96.000000,96.000000,100.000000,100.000000,5.0,1185.4509,1138.6651,8693.3065,8740.0923,PENDING_AG03,FALSE,NOT_FOR_ENFORCEMENT,9483.6071,484680.3568,9878.7574,9483.6071,395.1503,0.01770420,0.01699603,395.1503,9483.6071,0.01699603,395.1503,395.1503,395.1503,0.0000,0.0000,9483.6071,0.01699603,1185.4509,1138.6651,8693.3065,8740.0923,0.01557970,0.01566354,0.00070817,22.4534,20.6030,0.4031,82.3230,2.6463,4649.9123,204.2083,25.9152,21.1137,12.8578,14.5296,26.176,48.8436,54.2173,102.8621,13.088,0.0,3.731508,7.079487,1.545355,30,207,63,6,0.32204186,0.01770420,-0.00338982,0E-8,0.000000,0.904812,0.002133,0.03111404,2026-03-21,2026-08-06,120,3733,1703,139,0.863309,1.227414,1.154177,1.073473,,,,,,,,GLOBAL_BASELINE_NO_ENTITY_RANKING,,,NOT_APPLICABLE_GLOBAL_BASELINE,HF9g-P5,,,,X 全窗基线 · 不参与实体赏罚,15051726,1506,A168_HF9F_20260827_0900,2026-08-27 09:00:00
2026-03-22,127529701,2220,0,31.3347552466,-20.9337230429,-20.9337230429,0.2500000,5,5,0.50396966000000000,0.503969660000,-1.01591065835228,-1.0159106583522801,-1.01591065835228,0E-17,ELIGIBLE,R03b_20260811_FULL_v1,L1_ELIGIBILITY,v2026-08-11,2026-03-21..2026-08-06,baccarat_bet02_101_all_pairs_incl_sentinel,round_win = game_pnl > 0 (decisive only),COMPATIBILITY_ONLY_NOT_PRODUCTION,557989.4742,504875.3716,9878.7574,24851,24505,-0.01770420,0.00338982,-0.02772422,-0.01770420,-9878.7574,557989.4742,OK,0.0000,395.1503,4.0000,96.0000,AG03-UNRESOLVED,ALL5_LEVELS_bet23_to_bet27,395.1503,395.1503,395.1503,0.0000,0.0000,4.000000,4.000000,4.000000,0.000000,0.000000,96.000000,96.000000,96.000000,100.000000,100.000000,5.0,1185.4509,1138.6651,8693.3065,8740.0923,PENDING_AG03,FALSE,NOT_FOR_ENFORCEMENT,9483.6071,484680.3568,9878.7574,9483.6071,395.1503,0.01770420,0.01699603,395.1503,9483.6071,0.01699603,395.1503,395.1503,395.1503,0.0000,0.0000,9483.6071,0.01699603,1185.4509,1138.6651,8693.3065,8740.0923,0.01557970,0.01566354,0.00070817,22.4534,20.6030,0.4031,82.3230,2.6463,4649.9123,204.2083,25.9152,21.1137,12.8578,14.5296,26.176,48.8436,54.2173,102.8621,13.088,0.0,3.731508,7.079487,1.545355,30,207,63,6,0.32204186,0.01770420,-0.00338982,0E-8,0.000000,0.904812,0.002133,0.03111404,2026-03-21,2026-08-06,120,3733,1703,139,0.863309,1.227414,1.154177,1.073473,,,,,,,,GLOBAL_BASELINE_NO_ENTITY_RANKING,,,NOT_APPLICABLE_GLOBAL_BASELINE,HF9g-P5,,,,X 全窗基线 · 不参与实体赏罚,15051727,1506,A168_HF9F_20260827_0900,2026-08-27 09:00:00
2026-03-22,127529701,2233,0,15.7990362588,-15.7990362588,-15.7990362588,0E-7,3,3,0.49771390000000000,0.497713900000,-1.724149546644903,-1.724149546644903,-1.724149546644903,0E-17,ELIGIBLE,R03b_20260811_FULL_v1,L1_ELIGIBILITY,v2026-08-11,2026-03-21..2026-08-06,baccarat_bet02_101_all_pairs_incl_sentinel,round_win = game_pnl > 0 (decisive only),COMPATIBILITY_ONLY_NOT_PRODUCTION,557989.4742,504875.3716,9878.7574,24851,24505,-0.01770420,0.00338982,-0.02772422,-0.01770420,-9878.7574,557989.4742,OK,0.0000,395.1503,4.0000,96.0000,AG03-UNRESOLVED,ALL5_LEVELS_bet23_to_bet27,395.1503,395.1503,395.1503,0.0000,0.0000,4.000000,4.000000,4.000000,0.000000,0.000000,96.000000,96.000000,96.000000,100.000000,100.000000,5.0,1185.4509,1138.6651,8693.3065,8740.0923,PENDING_AG03,FALSE,NOT_FOR_ENFORCEMENT,9483.6071,484680.3568,9878.7574,9483.6071,395.1503,0.01770420,0.01699603,395.1503,9483.6071,0.01699603,395.1503,395.1503,395.1503,0.0000,0.0000,9483.6071,0.01699603,1185.4509,1138.6651,8693.3065,8740.0923,0.01557970,0.01566354,0.00070817,22.4534,20.6030,0.4031,82.3230,2.6463,4649.9123,204.2083,25.9152,21.1137,12.8578,14.5296,26.176,48.8436,54.2173,102.8621,13.088,0.0,3.731508,7.079487,1.545355,30,207,63,6,0.32204186,0.01770420,-0.00338982,0E-8,0.000000,0.904812,0.002133,0.03111404,2026-03-21,2026-08-06,120,3733,1703,139,0.863309,1.227414,1.154177,1.073473,,,,,,,,GLOBAL_BASELINE_NO_ENTITY_RANKING,,,NOT_APPLICABLE_GLOBAL_BASELINE,HF9g-P5,,,,X 全窗基线 · 不参与实体赏罚,15051728,1506,A168_HF9F_20260827_0900,2026-08-27 09:00:00
2026-03-23,127529701,-1,1,2477.8155199209,404.7581430863,404.7581430863,0.5818182,166,117,0.46952934594623315,0.436689424217,2.359776488013125,3.0689480040796626,2.359776488013125,0.03283992172923315,SENTINEL_DEALER,R03b_20260811_FULL_v1,L1_ELIGIBILITY,v2026-08-11,2026-03-21..2026-08-06,baccarat_bet02_101_all_pairs_incl_sentinel,round_win = game_pnl > 0 (decisive only),COMPATIBILITY_ONLY_NOT_PRODUCTION,557989.4742,504875.3716,9878.7574,24851,24505,-0.01770420,0.00338982,-0.02772422,-0.01770420,-9878.7574,557989.4742,OK,0.0000,395.1503,4.0000,96.0000,AG03-UNRESOLVED,ALL5_LEVELS_bet23_to_bet27,395.1503,395.1503,395.1503,0.0000,0.0000,4.000000,4.000000,4.000000,0.000000,0.000000,96.000000,96.000000,96.000000,100.000000,100.000000,5.0,1185.4509,1138.6651,8693.3065,8740.0923,PENDING_AG03,FALSE,NOT_FOR_ENFORCEMENT,9483.6071,484680.3568,9878.7574,9483.6071,395.1503,0.01770420,0.01699603,395.1503,9483.6071,0.01699603,395.1503,395.1503,395.1503,0.0000,0.0000,9483.6071,0.01699603,1185.4509,1138.6651,8693.3065,8740.0923,0.01557970,0.01566354,0.00070817,22.4534,20.6030,0.4031,82.3230,2.6463,4649.9123,204.2083,25.9152,21.1137,12.8578,14.5296,26.176,48.8436,54.2173,102.8621,13.088,0.0,3.731508,7.079487,1.545355,30,207,63,6,0.32204186,0.01770420,-0.00338982,0E-8,0.000000,0.904812,0.002133,0.03111404,2026-03-21,2026-08-06,120,3733,1703,139,0.863309,1.227414,1.154177,1.073473,,,,,,,,GLOBAL_BASELINE_NO_ENTITY_RANKING,,,NOT_APPLICABLE_GLOBAL_BASELINE,HF9g-P5,,,,X 全窗基线 · 不参与实体赏罚,15051729,1506,A168_HF9F_20260827_0900,2026-08-27 09:00:00
2026-03-23,127529701,1291,0,15.7990362588,0E-10,0E-10,,1,1,0.49324550000000000,0.493245500000,,,,0E-17,NO_DECISIVE_ROUND,R03b_20260811_FULL_v1,L1_ELIGIBILITY,v2026-08-11,2026-03-21..2026-08-06,baccarat_bet02_101_all_pairs_incl_sentinel,round_win = game_pnl > 0 (decisive only),COMPATIBILITY_ONLY_NOT_PRODUCTION,557989.4742,504875.3716,9878.7574,24851,24505,-0.01770420,0.00338982,-0.02772422,-0.01770420,-9878.7574,557989.4742,OK,0.0000,395.1503,4.0000,96.0000,AG03-UNRESOLVED,ALL5_LEVELS_bet23_to_bet27,395.1503,395.1503,395.1503,0.0000,0.0000,4.000000,4.000000,4.000000,0.000000,0.000000,96.000000,96.000000,96.000000,100.000000,100.000000,5.0,1185.4509,1138.6651,8693.3065,8740.0923,PENDING_AG03,FALSE,NOT_FOR_ENFORCEMENT,9483.6071,484680.3568,9878.7574,9483.6071,395.1503,0.01770420,0.01699603,395.1503,9483.6071,0.01699603,395.1503,395.1503,395.1503,0.0000,0.0000,9483.6071,0.01699603,1185.4509,1138.6651,8693.3065,8740.0923,0.01557970,0.01566354,0.00070817,22.4534,20.6030,0.4031,82.3230,2.6463,4649.9123,204.2083,25.9152,21.1137,12.8578,14.5296,26.176,48.8436,54.2173,102.8621,13.088,0.0,3.731508,7.079487,1.545355,30,207,63,6,0.32204186,0.01770420,-0.00338982,0E-8,0.000000,0.904812,0.002133,0.03111404,2026-03-21,2026-08-06,120,3733,1703,139,0.863309,1.227414,1.154177,1.073473,,,,,,,,GLOBAL_BASELINE_NO_ENTITY_RANKING,,,NOT_APPLICABLE_GLOBAL_BASELINE,HF9g-P5,,,,X 全窗基线 · 不参与实体赏罚,15051730,1506,A168_HF9F_20260827_0900,2026-08-27 09:00:00
2026-03-23,127529701,1299,0,255.4177528506,89.9228480395,89.9228480395,0.6000000,19,11,0.45101091515151515,0.396654142424,0.9468453951062278,1.3144563383508194,0.9468453951062278,0.05435677272751515,ELIGIBLE,R03b_20260811_FULL_v1,L1_ELIGIBILITY,v2026-08-11,2026-03-21..2026-08-06,baccarat_bet02_101_all_pairs_incl_sentinel,round_win = game_pnl > 0 (decisive only),COMPATIBILITY_ONLY_NOT_PRODUCTION,557989.4742,504875.3716,9878.7574,24851,24505,-0.01770420,0.00338982,-0.02772422,-0.01770420,-9878.7574,557989.4742,OK,0.0000,395.1503,4.0000,96.0000,AG03-UNRESOLVED,ALL5_LEVELS_bet23_to_bet27,395.1503,395.1503,395.1503,0.0000,0.0000,4.000000,4.000000,4.000000,0.000000,0.000000,96.000000,96.000000,96.000000,100.000000,100.000000,5.0,1185.4509,1138.6651,8693.3065,8740.0923,PENDING_AG03,FALSE,NOT_FOR_ENFORCEMENT,9483.6071,484680.3568,9878.7574,9483.6071,395.1503,0.01770420,0.01699603,395.1503,9483.6071,0.01699603,395.1503,395.1503,395.1503,0.0000,0.0000,9483.6071,0.01699603,1185.4509,1138.6651,8693.3065,8740.0923,0.01557970,0.01566354,0.00070817,22.4534,20.6030,0.4031,82.3230,2.6463,4649.9123,204.2083,25.9152,21.1137,12.8578,14.5296,26.176,48.8436,54.2173,102.8621,13.088,0.0,3.731508,7.079487,1.545355,30,207,63,6,0.32204186,0.01770420,-0.00338982,0E-8,0.000000,0.904812,0.002133,0.03111404,2026-03-21,2026-08-06,120,3733,1703,139,0.863309,1.227414,1.154177,1.073473,,,,,,,,GLOBAL_BASELINE_NO_ENTITY_RANKING,,,NOT_APPLICABLE_GLOBAL_BASELINE,HF9g-P5,,,,X 全窗基线 · 不参与实体赏罚,15051731,1506,A168_HF9F_20260827_0900,2026-08-27 09:00:00
2026-03-23,127529701,1331,0,35.5478315823,34.0995865919,34.0995865919,1.0000000,2,2,0.49994810000000000,0.499948100000,1.4143603653603398,1.4143603653603398,1.4143603653603398,0E-17,ELIGIBLE,R03b_20260811_FULL_v1,L1_ELIGIBILITY,v2026-08-11,2026-03-21..2026-08-06,baccarat_bet02_101_all_pairs_incl_sentinel,round_win = game_pnl > 0 (decisive only),COMPATIBILITY_ONLY_NOT_PRODUCTION,557989.4742,504875.3716,9878.7574,24851,24505,-0.01770420,0.00338982,-0.02772422,-0.01770420,-9878.7574,557989.4742,OK,0.0000,395.1503,4.0000,96.0000,AG03-UNRESOLVED,ALL5_LEVELS_bet23_to_bet27,395.1503,395.1503,395.1503,0.0000,0.0000,4.000000,4.000000,4.000000,0.000000,0.000000,96.000000,96.000000,96.000000,100.000000,100.000000,5.0,1185.4509,1138.6651,8693.3065,8740.0923,PENDING_AG03,FALSE,NOT_FOR_ENFORCEMENT,9483.6071,484680.3568,9878.7574,9483.6071,395.1503,0.01770420,0.01699603,395.1503,9483.6071,0.01699603,395.1503,395.1503,395.1503,0.0000,0.0000,9483.6071,0.01699603,1185.4509,1138.6651,8693.3065,8740.0923,0.01557970,0.01566354,0.00070817,22.4534,20.6030,0.4031,82.3230,2.6463,4649.9123,204.2083,25.9152,21.1137,12.8578,14.5296,26.176,48.8436,54.2173,102.8621,13.088,0.0,3.731508,7.079487,1.545355,30,207,63,6,0.32204186,0.01770420,-0.00338982,0E-8,0.000000,0.904812,0.002133,0.03111404,2026-03-21,2026-08-06,120,3733,1703,139,0.863309,1.227414,1.154177,1.073473,,,,,,,,GLOBAL_BASELINE_NO_ENTITY_RANKING,,,NOT_APPLICABLE_GLOBAL_BASELINE,HF9g-P5,,,,X 全窗基线 · 不参与实体赏罚,15051732,1506,A168_HF9F_20260827_0900,2026-08-27 09:00:00
2026-03-23,127529701,1400,0,10.5326908392,-10.5326908392,-10.5326908392,0E-7,1,1,0.49324550000000000,0.493245500000,-0.9865810262130424,-0.9865810262130424,-0.9865810262130424,0E-17,ELIGIBLE,R03b_20260811_FULL_v1,L1_ELIGIBILITY,v2026-08-11,2026-03-21..2026-08-06,baccarat_bet02_101_all_pairs_incl_sentinel,round_win = game_pnl > 0 (decisive only),COMPATIBILITY_ONLY_NOT_PRODUCTION,557989.4742,504875.3716,9878.7574,24851,24505,-0.01770420,0.00338982,-0.02772422,-0.01770420,-9878.7574,557989.4742,OK,0.0000,395.1503,4.0000,96.0000,AG03-UNRESOLVED,ALL5_LEVELS_bet23_to_bet27,395.1503,395.1503,395.1503,0.0000,0.0000,4.000000,4.000000,4.000000,0.000000,0.000000,96.000000,96.000000,96.000000,100.000000,100.000000,5.0,1185.4509,1138.6651,8693.3065,8740.0923,PENDING_AG03,FALSE,NOT_FOR_ENFORCEMENT,9483.6071,484680.3568,9878.7574,9483.6071,395.1503,0.01770420,0.01699603,395.1503,9483.6071,0.01699603,395.1503,395.1503,395.1503,0.0000,0.0000,9483.6071,0.01699603,1185.4509,1138.6651,8693.3065,8740.0923,0.01557970,0.01566354,0.00070817,22.4534,20.6030,0.4031,82.3230,2.6463,4649.9123,204.2083,25.9152,21.1137,12.8578,14.5296,26.176,48.8436,54.2173,102.8621,13.088,0.0,3.731508,7.079487,1.545355,30,207,63,6,0.32204186,0.01770420,-0.00338982,0E-8,0.000000,0.904812,0.002133,0.03111404,2026-03-21,2026-08-06,120,3733,1703,139,0.863309,1.227414,1.154177,1.073473,,,,,,,,GLOBAL_BASELINE_NO_ENTITY_RANKING,,,NOT_APPLICABLE_GLOBAL_BASELINE,HF9g-P5,,,,X 全窗基线 · 不参与实体赏罚,15051733,1506,A168_HF9F_20260827_0900,2026-08-27 09:00:00
2026-03-23,127529701,1509,0,7.8995181294,7.8995181294,7.8995181294,1.0000000,1,1,0.49324550000000000,0.493245500000,1.01360149184955,1.01360149184955,1.01360149184955,0E-17,ELIGIBLE,R03b_20260811_FULL_v1,L1_ELIGIBILITY,v2026-08-11,2026-03-21..2026-08-06,baccarat_bet02_101_all_pairs_incl_sentinel,round_win = game_pnl > 0 (decisive only),COMPATIBILITY_ONLY_NOT_PRODUCTION,557989.4742,504875.3716,9878.7574,24851,24505,-0.01770420,0.00338982,-0.02772422,-0.01770420,-9878.7574,557989.4742,OK,0.0000,395.1503,4.0000,96.0000,AG03-UNRESOLVED,ALL5_LEVELS_bet23_to_bet27,395.1503,395.1503,395.1503,0.0000,0.0000,4.000000,4.000000,4.000000,0.000000,0.000000,96.000000,96.000000,96.000000,100.000000,100.000000,5.0,1185.4509,1138.6651,8693.3065,8740.0923,PENDING_AG03,FALSE,NOT_FOR_ENFORCEMENT,9483.6071,484680.3568,9878.7574,9483.6071,395.1503,0.01770420,0.01699603,395.1503,9483.6071,0.01699603,395.1503,395.1503,395.1503,0.0000,0.0000,9483.6071,0.01699603,1185.4509,1138.6651,8693.3065,8740.0923,0.01557970,0.01566354,0.00070817,22.4534,20.6030,0.4031,82.3230,2.6463,4649.9123,204.2083,25.9152,21.1137,12.8578,14.5296,26.176,48.8436,54.2173,102.8621,13.088,0.0,3.731508,7.079487,1.545355,30,207,63,6,0.32204186,0.01770420,-0.00338982,0E-8,0.000000,0.904812,0.002133,0.03111404,2026-03-21,2026-08-06,120,3733,1703,139,0.863309,1.227414,1.154177,1.073473,,,,,,,,GLOBAL_BASELINE_NO_ENTITY_RANKING,,,NOT_APPLICABLE_GLOBAL_BASELINE,HF9g-P5,,,,X 全窗基线 · 不参与实体赏罚,15051734,1506,A168_HF9F_20260827_0900,2026-08-27 09:00:00
2026-03-23,127529701,1714,0,102.6937356822,-50.0302814862,-50.0302814862,0.2000000,5,5,0.50128862000000000,0.501288620000,-1.347408145195933,-1.347408145195933,-1.347408145195933,0E-17,ELIGIBLE,R03b_20260811_FULL_v1,L1_ELIGIBILITY,v2026-08-11,2026-03-21..2026-08-06,baccarat_bet02_101_all_pairs_incl_sentinel,round_win = game_pnl > 0 (decisive only),COMPATIBILITY_ONLY_NOT_PRODUCTION,557989.4742,504875.3716,9878.7574,24851,24505,-0.01770420,0.00338982,-0.02772422,-0.01770420,-9878.7574,557989.4742,OK,0.0000,395.1503,4.0000,96.0000,AG03-UNRESOLVED,ALL5_LEVELS_bet23_to_bet27,395.1503,395.1503,395.1503,0.0000,0.0000,4.000000,4.000000,4.000000,0.000000,0.000000,96.000000,96.000000,96.000000,100.000000,100.000000,5.0,1185.4509,1138.6651,8693.3065,8740.0923,PENDING_AG03,FALSE,NOT_FOR_ENFORCEMENT,9483.6071,484680.3568,9878.7574,9483.6071,395.1503,0.01770420,0.01699603,395.1503,9483.6071,0.01699603,395.1503,395.1503,395.1503,0.0000,0.0000,9483.6071,0.01699603,1185.4509,1138.6651,8693.3065,8740.0923,0.01557970,0.01566354,0.00070817,22.4534,20.6030,0.4031,82.3230,2.6463,4649.9123,204.2083,25.9152,21.1137,12.8578,14.5296,26.176,48.8436,54.2173,102.8621,13.088,0.0,3.731508,7.079487,1.545355,30,207,63,6,0.32204186,0.01770420,-0.00338982,0E-8,0.000000,0.904812,0.002133,0.03111404,2026-03-21,2026-08-06,120,3733,1703,139,0.863309,1.227414,1.154177,1.073473,,,,,,,,GLOBAL_BASELINE_NO_ENTITY_RANKING,,,NOT_APPLICABLE_GLOBAL_BASELINE,HF9g-P5,,,,X 全窗基线 · 不参与实体赏罚,15051735,1506,A168_HF9F_20260827_0900,2026-08-27 09:00:00
2026-03-23,127529701,1940,0,15.7990362588,15.7990362588,15.7990362588,1.0000000,1,1,0.49324550000000000,0.493245500000,1.01360149184955,1.01360149184955,1.01360149184955,0E-17,ELIGIBLE,R03b_20260811_FULL_v1,L1_ELIGIBILITY,v2026-08-11,2026-03-21..2026-08-06,baccarat_bet02_101_all_pairs_incl_sentinel,round_win = game_pnl > 0 (decisive only),COMPATIBILITY_ONLY_NOT_PRODUCTION,557989.4742,504875.3716,9878.7574,24851,24505,-0.01770420,0.00338982,-0.02772422,-0.01770420,-9878.7574,557989.4742,OK,0.0000,395.1503,4.0000,96.0000,AG03-UNRESOLVED,ALL5_LEVELS_bet23_to_bet27,395.1503,395.1503,395.1503,0.0000,0.0000,4.000000,4.000000,4.000000,0.000000,0.000000,96.000000,96.000000,96.000000,100.000000,100.000000,5.0,1185.4509,1138.6651,8693.3065,8740.0923,PENDING_AG03,FALSE,NOT_FOR_ENFORCEMENT,9483.6071,484680.3568,9878.7574,9483.6071,395.1503,0.01770420,0.01699603,395.1503,9483.6071,0.01699603,395.1503,395.1503,395.1503,0.0000,0.0000,9483.6071,0.01699603,1185.4509,1138.6651,8693.3065,8740.0923,0.01557970,0.01566354,0.00070817,22.4534,20.6030,0.4031,82.3230,2.6463,4649.9123,204.2083,25.9152,21.1137,12.8578,14.5296,26.176,48.8436,54.2173,102.8621,13.088,0.0,3.731508,7.079487,1.545355,30,207,63,6,0.32204186,0.01770420,-0.00338982,0E-8,0.000000,0.904812,0.002133,0.03111404,2026-03-21,2026-08-06,120,3733,1703,139,0.863309,1.227414,1.154177,1.073473,,,,,,,,GLOBAL_BASELINE_NO_ENTITY_RANKING,,,NOT_APPLICABLE_GLOBAL_BASELINE,HF9g-P5,,,,X 全窗基线 · 不参与实体赏罚,15051736,1506,A168_HF9F_20260827_0900,2026-08-27 09:00:00
2026-03-23,127529701,1941,0,15.7990362588,5.2663454196,5.2663454196,1.0000000,2,2,0.49324550000000000,0.493245500000,1.01360149184955,1.01360149184955,1.01360149184955,0E-17,ELIGIBLE,R03b_20260811_FULL_v1,L1_ELIGIBILITY,v2026-08-11,2026-03-21..2026-08-06,baccarat_bet02_101_all_pairs_incl_sentinel,round_win = game_pnl > 0 (decisive only),COMPATIBILITY_ONLY_NOT_PRODUCTION,557989.4742,504875.3716,9878.7574,24851,24505,-0.01770420,0.00338982,-0.02772422,-0.01770420,-9878.7574,557989.4742,OK,0.0000,395.1503,4.0000,96.0000,AG03-UNRESOLVED,ALL5_LEVELS_bet23_to_bet27,395.1503,395.1503,395.1503,0.0000,0.0000,4.000000,4.000000,4.000000,0.000000,0.000000,96.000000,96.000000,96.000000,100.000000,100.000000,5.0,1185.4509,1138.6651,8693.3065,8740.0923,PENDING_AG03,FALSE,NOT_FOR_ENFORCEMENT,9483.6071,484680.3568,9878.7574,9483.6071,395.1503,0.01770420,0.01699603,395.1503,9483.6071,0.01699603,395.1503,395.1503,395.1503,0.0000,0.0000,9483.6071,0.01699603,1185.4509,1138.6651,8693.3065,8740.0923,0.01557970,0.01566354,0.00070817,22.4534,20.6030,0.4031,82.3230,2.6463,4649.9123,204.2083,25.9152,21.1137,12.8578,14.5296,26.176,48.8436,54.2173,102.8621,13.088,0.0,3.731508,7.079487,1.545355,30,207,63,6,0.32204186,0.01770420,-0.00338982,0E-8,0.000000,0.904812,0.002133,0.03111404,2026-03-21,2026-08-06,120,3733,1703,139,0.863309,1.227414,1.154177,1.073473,,,,,,,,GLOBAL_BASELINE_NO_ENTITY_RANKING,,,NOT_APPLICABLE_GLOBAL_BASELINE,HF9g-P5,,,,X 全窗基线 · 不参与实体赏罚,15051737,1506,A168_HF9F_20260827_0900,2026-08-27 09:00:00
2026-03-23,127529701,1951,0,200.1211259448,-38.8392974696,-38.8392974696,0.3333333,7,7,0.50282064285714286,0.502820642857,-0.8303280647496518,-0.8303280647489506,-0.8303280647496518,1.4286E-13,ELIGIBLE,R03b_20260811_FULL_v1,L1_ELIGIBILITY,v2026-08-11,2026-03-21..2026-08-06,baccarat_bet02_101_all_pairs_incl_sentinel,round_win = game_pnl > 0 (decisive only),COMPATIBILITY_ONLY_NOT_PRODUCTION,557989.4742,504875.3716,9878.7574,24851,24505,-0.01770420,0.00338982,-0.02772422,-0.01770420,-9878.7574,557989.4742,OK,0.0000,395.1503,4.0000,96.0000,AG03-UNRESOLVED,ALL5_LEVELS_bet23_to_bet27,395.1503,395.1503,395.1503,0.0000,0.0000,4.000000,4.000000,4.000000,0.000000,0.000000,96.000000,96.000000,96.000000,100.000000,100.000000,5.0,1185.4509,1138.6651,8693.3065,8740.0923,PENDING_AG03,FALSE,NOT_FOR_ENFORCEMENT,9483.6071,484680.3568,9878.7574,9483.6071,395.1503,0.01770420,0.01699603,395.1503,9483.6071,0.01699603,395.1503,395.1503,395.1503,0.0000,0.0000,9483.6071,0.01699603,1185.4509,1138.6651,8693.3065,8740.0923,0.01557970,0.01566354,0.00070817,22.4534,20.6030,0.4031,82.3230,2.6463,4649.9123,204.2083,25.9152,21.1137,12.8578,14.5296,26.176,48.8436,54.2173,102.8621,13.088,0.0,3.731508,7.079487,1.545355,30,207,63,6,0.32204186,0.01770420,-0.00338982,0E-8,0.000000,0.904812,0.002133,0.03111404,2026-03-21,2026-08-06,120,3733,1703,139,0.863309,1.227414,1.154177,1.073473,,,,,,,,GLOBAL_BASELINE_NO_ENTITY_RANKING,,,NOT_APPLICABLE_GLOBAL_BASELINE,HF9g-P5,,,,X 全窗基线 · 不参与实体赏罚,15051738,1506,A168_HF9F_20260827_0900,2026-08-27 09:00:00
2026-03-23,127529701,1991,0,173.2627643048,165.7713879454,165.7713879454,0.5555556,13,9,0.47411841111111111,0.438685848148,0.48927879965130694,0.7065508177174645,0.48927879965130694,0.03543256296311111,ELIGIBLE,R03b_20260811_FULL_v1,L1_ELIGIBILITY,v2026-08-11,2026-03-21..2026-08-06,baccarat_bet02_101_all_pairs_incl_sentinel,round_win = game_pnl > 0 (decisive only),COMPATIBILITY_ONLY_NOT_PRODUCTION,557989.4742,504875.3716,9878.7574,24851,24505,-0.01770420,0.00338982,-0.02772422,-0.01770420,-9878.7574,557989.4742,OK,0.0000,395.1503,4.0000,96.0000,AG03-UNRESOLVED,ALL5_LEVELS_bet23_to_bet27,395.1503,395.1503,395.1503,0.0000,0.0000,4.000000,4.000000,4.000000,0.000000,0.000000,96.000000,96.000000,96.000000,100.000000,100.000000,5.0,1185.4509,1138.6651,8693.3065,8740.0923,PENDING_AG03,FALSE,NOT_FOR_ENFORCEMENT,9483.6071,484680.3568,9878.7574,9483.6071,395.1503,0.01770420,0.01699603,395.1503,9483.6071,0.01699603,395.1503,395.1503,395.1503,0.0000,0.0000,9483.6071,0.01699603,1185.4509,1138.6651,8693.3065,8740.0923,0.01557970,0.01566354,0.00070817,22.4534,20.6030,0.4031,82.3230,2.6463,4649.9123,204.2083,25.9152,21.1137,12.8578,14.5296,26.176,48.8436,54.2173,102.8621,13.088,0.0,3.731508,7.079487,1.545355,30,207,63,6,0.32204186,0.01770420,-0.00338982,0E-8,0.000000,0.904812,0.002133,0.03111404,2026-03-21,2026-08-06,120,3733,1703,139,0.863309,1.227414,1.154177,1.073473,,,,,,,,GLOBAL_BASELINE_NO_ENTITY_RANKING,,,NOT_APPLICABLE_GLOBAL_BASELINE,HF9g-P5,,,,X 全窗基线 · 不参与实体赏罚,15051739,1506,A168_HF9F_20260827_0900,2026-08-27 09:00:00
2026-03-23,127529701,2141,0,10.5326908392,-10.5326908392,-10.5326908392,0E-7,1,1,0.50665070000000000,0.506650700000,-1.013391052207602,-1.013391052207602,-1.013391052207602,0E-17,ELIGIBLE,R03b_20260811_FULL_v1,L1_ELIGIBILITY,v2026-08-11,2026-03-21..2026-08-06,baccarat_bet02_101_all_pairs_incl_sentinel,round_win = game_pnl > 0 (decisive only),COMPATIBILITY_ONLY_NOT_PRODUCTION,557989.4742,504875.3716,9878.7574,24851,24505,-0.01770420,0.00338982,-0.02772422,-0.01770420,-9878.7574,557989.4742,OK,0.0000,395.1503,4.0000,96.0000,AG03-UNRESOLVED,ALL5_LEVELS_bet23_to_bet27,395.1503,395.1503,395.1503,0.0000,0.0000,4.000000,4.000000,4.000000,0.000000,0.000000,96.000000,96.000000,96.000000,100.000000,100.000000,5.0,1185.4509,1138.6651,8693.3065,8740.0923,PENDING_AG03,FALSE,NOT_FOR_ENFORCEMENT,9483.6071,484680.3568,9878.7574,9483.6071,395.1503,0.01770420,0.01699603,395.1503,9483.6071,0.01699603,395.1503,395.1503,395.1503,0.0000,0.0000,9483.6071,0.01699603,1185.4509,1138.6651,8693.3065,8740.0923,0.01557970,0.01566354,0.00070817,22.4534,20.6030,0.4031,82.3230,2.6463,4649.9123,204.2083,25.9152,21.1137,12.8578,14.5296,26.176,48.8436,54.2173,102.8621,13.088,0.0,3.731508,7.079487,1.545355,30,207,63,6,0.32204186,0.01770420,-0.00338982,0E-8,0.000000,0.904812,0.002133,0.03111404,2026-03-21,2026-08-06,120,3733,1703,139,0.863309,1.227414,1.154177,1.073473,,,,,,,,GLOBAL_BASELINE_NO_ENTITY_RANKING,,,NOT_APPLICABLE_GLOBAL_BASELINE,HF9g-P5,,,,X 全窗基线 · 不参与实体赏罚,15051740,1506,A168_HF9F_20260827_0900,2026-08-27 09:00:00
2026-03-23,127529701,2169,0,76.3620085842,26.3317270980,26.3317270980,0.5000000,5,3,0.43372095925925926,0.401724488889,0.18913450336245163,0.283495090533647,0.18913450336245163,0.03199647037025926,ELIGIBLE,R03b_20260811_FULL_v1,L1_ELIGIBILITY,v2026-08-11,2026-03-21..2026-08-06,baccarat_bet02_101_all_pairs_incl_sentinel,round_win = game_pnl > 0 (decisive only),COMPATIBILITY_ONLY_NOT_PRODUCTION,557989.4742,504875.3716,9878.7574,24851,24505,-0.01770420,0.00338982,-0.02772422,-0.01770420,-9878.7574,557989.4742,OK,0.0000,395.1503,4.0000,96.0000,AG03-UNRESOLVED,ALL5_LEVELS_bet23_to_bet27,395.1503,395.1503,395.1503,0.0000,0.0000,4.000000,4.000000,4.000000,0.000000,0.000000,96.000000,96.000000,96.000000,100.000000,100.000000,5.0,1185.4509,1138.6651,8693.3065,8740.0923,PENDING_AG03,FALSE,NOT_FOR_ENFORCEMENT,9483.6071,484680.3568,9878.7574,9483.6071,395.1503,0.01770420,0.01699603,395.1503,9483.6071,0.01699603,395.1503,395.1503,395.1503,0.0000,0.0000,9483.6071,0.01699603,1185.4509,1138.6651,8693.3065,8740.0923,0.01557970,0.01566354,0.00070817,22.4534,20.6030,0.4031,82.3230,2.6463,4649.9123,204.2083,25.9152,21.1137,12.8578,14.5296,26.176,48.8436,54.2173,102.8621,13.088,0.0,3.731508,7.079487,1.545355,30,207,63,6,0.32204186,0.01770420,-0.00338982,0E-8,0.000000,0.904812,0.002133,0.03111404,2026-03-21,2026-08-06,120,3733,1703,139,0.863309,1.227414,1.154177,1.073473,,,,,,,,GLOBAL_BASELINE_NO_ENTITY_RANKING,,,NOT_APPLICABLE_GLOBAL_BASELINE,HF9g-P5,,,,X 全窗基线 · 不参与实体赏罚,15051741,1506,A168_HF9F_20260827_0900,2026-08-27 09:00:00
2026-03-23,127529701,2174,0,52.9267714670,-26.5950443690,-26.5950443690,0E-7,3,3,0.49771390000000000,0.497713900000,-0.9954382048786059,-0.995438204878606,-0.9954382048786059,0E-17,ELIGIBLE,R03b_20260811_FULL_v1,L1_ELIGIBILITY,v2026-08-11,2026-03-21..2026-08-06,baccarat_bet02_101_all_pairs_incl_sentinel,round_win = game_pnl > 0 (decisive only),COMPATIBILITY_ONLY_NOT_PRODUCTION,557989.4742,504875.3716,9878.7574,24851,24505,-0.01770420,0.00338982,-0.02772422,-0.01770420,-9878.7574,557989.4742,OK,0.0000,395.1503,4.0000,96.0000,AG03-UNRESOLVED,ALL5_LEVELS_bet23_to_bet27,395.1503,395.1503,395.1503,0.0000,0.0000,4.000000,4.000000,4.000000,0.000000,0.000000,96.000000,96.000000,96.000000,100.000000,100.000000,5.0,1185.4509,1138.6651,8693.3065,8740.0923,PENDING_AG03,FALSE,NOT_FOR_ENFORCEMENT,9483.6071,484680.3568,9878.7574,9483.6071,395.1503,0.01770420,0.01699603,395.1503,9483.6071,0.01699603,395.1503,395.1503,395.1503,0.0000,0.0000,9483.6071,0.01699603,1185.4509,1138.6651,8693.3065,8740.0923,0.01557970,0.01566354,0.00070817,22.4534,20.6030,0.4031,82.3230,2.6463,4649.9123,204.2083,25.9152,21.1137,12.8578,14.5296,26.176,48.8436,54.2173,102.8621,13.088,0.0,3.731508,7.079487,1.545355,30,207,63,6,0.32204186,0.01770420,-0.00338982,0E-8,0.000000,0.904812,0.002133,0.03111404,2026-03-21,2026-08-06,120,3733,1703,139,0.863309,1.227414,1.154177,1.073473,,,,,,,,GLOBAL_BASELINE_NO_ENTITY_RANKING,,,NOT_APPLICABLE_GLOBAL_BASELINE,HF9g-P5,,,,X 全窗基线 · 不参与实体赏罚,15051742,1506,A168_HF9F_20260827_0900,2026-08-27 09:00:00
2026-03-23,127529701,2177,0,7.8995181294,-7.8995181294,-7.8995181294,0E-7,1,1,0.49324550000000000,0.493245500000,-0.9865810262130424,-0.9865810262130424,-0.9865810262130424,0E-17,ELIGIBLE,R03b_20260811_FULL_v1,L1_ELIGIBILITY,v2026-08-11,2026-03-21..2026-08-06,baccarat_bet02_101_all_pairs_incl_sentinel,round_win = game_pnl > 0 (decisive only),COMPATIBILITY_ONLY_NOT_PRODUCTION,557989.4742,504875.3716,9878.7574,24851,24505,-0.01770420,0.00338982,-0.02772422,-0.01770420,-9878.7574,557989.4742,OK,0.0000,395.1503,4.0000,96.0000,AG03-UNRESOLVED,ALL5_LEVELS_bet23_to_bet27,395.1503,395.1503,395.1503,0.0000,0.0000,4.000000,4.000000,4.000000,0.000000,0.000000,96.000000,96.000000,96.000000,100.000000,100.000000,5.0,1185.4509,1138.6651,8693.3065,8740.0923,PENDING_AG03,FALSE,NOT_FOR_ENFORCEMENT,9483.6071,484680.3568,9878.7574,9483.6071,395.1503,0.01770420,0.01699603,395.1503,9483.6071,0.01699603,395.1503,395.1503,395.1503,0.0000,0.0000,9483.6071,0.01699603,1185.4509,1138.6651,8693.3065,8740.0923,0.01557970,0.01566354,0.00070817,22.4534,20.6030,0.4031,82.3230,2.6463,4649.9123,204.2083,25.9152,21.1137,12.8578,14.5296,26.176,48.8436,54.2173,102.8621,13.088,0.0,3.731508,7.079487,1.545355,30,207,63,6,0.32204186,0.01770420,-0.00338982,0E-8,0.000000,0.904812,0.002133,0.03111404,2026-03-21,2026-08-06,120,3733,1703,139,0.863309,1.227414,1.154177,1.073473,,,,,,,,GLOBAL_BASELINE_NO_ENTITY_RANKING,,,NOT_APPLICABLE_GLOBAL_BASELINE,HF9g-P5,,,,X 全窗基线 · 不参与实体赏罚,15051743,1506,A168_HF9F_20260827_0900,2026-08-27 09:00:00
2026-03-23,127529701,2233,0,76.3620085842,0E-10,0E-10,0.5000000,4,4,0.49994810000000000,0.499948100000,0.00014679536856514622,0.00014679536856514622,0.00014679536856514622,0E-17,ELIGIBLE,R03b_20260811_FULL_v1,L1_ELIGIBILITY,v2026-08-11,2026-03-21..2026-08-06,baccarat_bet02_101_all_pairs_incl_sentinel,round_win = game_pnl > 0 (decisive only),COMPATIBILITY_ONLY_NOT_PRODUCTION,557989.4742,504875.3716,9878.7574,24851,24505,-0.01770420,0.00338982,-0.02772422,-0.01770420,-9878.7574,557989.4742,OK,0.0000,395.1503,4.0000,96.0000,AG03-UNRESOLVED,ALL5_LEVELS_bet23_to_bet27,395.1503,395.1503,395.1503,0.0000,0.0000,4.000000,4.000000,4.000000,0.000000,0.000000,96.000000,96.000000,96.000000,100.000000,100.000000,5.0,1185.4509,1138.6651,8693.3065,8740.0923,PENDING_AG03,FALSE,NOT_FOR_ENFORCEMENT,9483.6071,484680.3568,9878.7574,9483.6071,395.1503,0.01770420,0.01699603,395.1503,9483.6071,0.01699603,395.1503,395.1503,395.1503,0.0000,0.0000,9483.6071,0.01699603,1185.4509,1138.6651,8693.3065,8740.0923,0.01557970,0.01566354,0.00070817,22.4534,20.6030,0.4031,82.3230,2.6463,4649.9123,204.2083,25.9152,21.1137,12.8578,14.5296,26.176,48.8436,54.2173,102.8621,13.088,0.0,3.731508,7.079487,1.545355,30,207,63,6,0.32204186,0.01770420,-0.00338982,0E-8,0.000000,0.904812,0.002133,0.03111404,2026-03-21,2026-08-06,120,3733,1703,139,0.863309,1.227414,1.154177,1.073473,,,,,,,,GLOBAL_BASELINE_NO_ENTITY_RANKING,,,NOT_APPLICABLE_GLOBAL_BASELINE,HF9g-P5,,,,X 全窗基线 · 不参与实体赏罚,15051744,1506,A168_HF9F_20260827_0900,2026-08-27 09:00:00
2026-03-23,127529701,2235,0,161.6768043817,-78.9951812941,-78.9951812941,0.3333333,9,9,0.50069283333333333,0.500692833333,-1.0041579640283138,-1.0041579640263127,-1.0041579640283138,3.3333E-13,ELIGIBLE,R03b_20260811_FULL_v1,L1_ELIGIBILITY,v2026-08-11,2026-03-21..2026-08-06,baccarat_bet02_101_all_pairs_incl_sentinel,round_win = game_pnl > 0 (decisive only),COMPATIBILITY_ONLY_NOT_PRODUCTION,557989.4742,504875.3716,9878.7574,24851,24505,-0.01770420,0.00338982,-0.02772422,-0.01770420,-9878.7574,557989.4742,OK,0.0000,395.1503,4.0000,96.0000,AG03-UNRESOLVED,ALL5_LEVELS_bet23_to_bet27,395.1503,395.1503,395.1503,0.0000,0.0000,4.000000,4.000000,4.000000,0.000000,0.000000,96.000000,96.000000,96.000000,100.000000,100.000000,5.0,1185.4509,1138.6651,8693.3065,8740.0923,PENDING_AG03,FALSE,NOT_FOR_ENFORCEMENT,9483.6071,484680.3568,9878.7574,9483.6071,395.1503,0.01770420,0.01699603,395.1503,9483.6071,0.01699603,395.1503,395.1503,395.1503,0.0000,0.0000,9483.6071,0.01699603,1185.4509,1138.6651,8693.3065,8740.0923,0.01557970,0.01566354,0.00070817,22.4534,20.6030,0.4031,82.3230,2.6463,4649.9123,204.2083,25.9152,21.1137,12.8578,14.5296,26.176,48.8436,54.2173,102.8621,13.088,0.0,3.731508,7.079487,1.545355,30,207,63,6,0.32204186,0.01770420,-0.00338982,0E-8,0.000000,0.904812,0.002133,0.03111404,2026-03-21,2026-08-06,120,3733,1703,139,0.863309,1.227414,1.154177,1.073473,,,,,,,,GLOBAL_BASELINE_NO_ENTITY_RANKING,,,NOT_APPLICABLE_GLOBAL_BASELINE,HF9g-P5,,,,X 全窗基线 · 不参与实体赏罚,15051745,1506,A168_HF9F_20260827_0900,2026-08-27 09:00:00
2026-03-24,127529701,-1,1,2829.8707112216,-169.8133080554,-169.8133080554,0.4583333,204,153,0.46034173991921296,0.443696274401,-0.04835409852213385,0.35353807444559804,-0.04835409852213385,0.01664546551821296,SENTINEL_DEALER,R03b_20260811_FULL_v1,L1_ELIGIBILITY,v2026-08-11,2026-03-21..2026-08-06,baccarat_bet02_101_all_pairs_incl_sentinel,round_win = game_pnl > 0 (decisive only),COMPATIBILITY_ONLY_NOT_PRODUCTION,557989.4742,504875.3716,9878.7574,24851,24505,-0.01770420,0.00338982,-0.02772422,-0.01770420,-9878.7574,557989.4742,OK,0.0000,395.1503,4.0000,96.0000,AG03-UNRESOLVED,ALL5_LEVELS_bet23_to_bet27,395.1503,395.1503,395.1503,0.0000,0.0000,4.000000,4.000000,4.000000,0.000000,0.000000,96.000000,96.000000,96.000000,100.000000,100.000000,5.0,1185.4509,1138.6651,8693.3065,8740.0923,PENDING_AG03,FALSE,NOT_FOR_ENFORCEMENT,9483.6071,484680.3568,9878.7574,9483.6071,395.1503,0.01770420,0.01699603,395.1503,9483.6071,0.01699603,395.1503,395.1503,395.1503,0.0000,0.0000,9483.6071,0.01699603,1185.4509,1138.6651,8693.3065,8740.0923,0.01557970,0.01566354,0.00070817,22.4534,20.6030,0.4031,82.3230,2.6463,4649.9123,204.2083,25.9152,21.1137,12.8578,14.5296,26.176,48.8436,54.2173,102.8621,13.088,0.0,3.731508,7.079487,1.545355,30,207,63,6,0.32204186,0.01770420,-0.00338982,0E-8,0.000000,0.904812,0.002133,0.03111404,2026-03-21,2026-08-06,120,3733,1703,139,0.863309,1.227414,1.154177,1.073473,,,,,,,,GLOBAL_BASELINE_NO_ENTITY_RANKING,,,NOT_APPLICABLE_GLOBAL_BASELINE,HF9g-P5,,,,X 全窗基线 · 不参与实体赏罚,15051746,1506,A168_HF9F_20260827_0900,2026-08-27 09:00:00
2026-03-24,127529701,1205,0,77.6785949391,26.3317270980,26.3317270980,0.5000000,4,4,0.49994810000000000,0.499948100000,0.00020760000111838688,0.00020760000111838688,0.00020760000111838688,0E-17,ELIGIBLE,R03b_20260811_FULL_v1,L1_ELIGIBILITY,v2026-08-11,2026-03-21..2026-08-06,baccarat_bet02_101_all_pairs_incl_sentinel,round_win = game_pnl > 0 (decisive only),COMPATIBILITY_ONLY_NOT_PRODUCTION,557989.4742,504875.3716,9878.7574,24851,24505,-0.01770420,0.00338982,-0.02772422,-0.01770420,-9878.7574,557989.4742,OK,0.0000,395.1503,4.0000,96.0000,AG03-UNRESOLVED,ALL5_LEVELS_bet23_to_bet27,395.1503,395.1503,395.1503,0.0000,0.0000,4.000000,4.000000,4.000000,0.000000,0.000000,96.000000,96.000000,96.000000,100.000000,100.000000,5.0,1185.4509,1138.6651,8693.3065,8740.0923,PENDING_AG03,FALSE,NOT_FOR_ENFORCEMENT,9483.6071,484680.3568,9878.7574,9483.6071,395.1503,0.01770420,0.01699603,395.1503,9483.6071,0.01699603,395.1503,395.1503,395.1503,0.0000,0.0000,9483.6071,0.01699603,1185.4509,1138.6651,8693.3065,8740.0923,0.01557970,0.01566354,0.00070817,22.4534,20.6030,0.4031,82.3230,2.6463,4649.9123,204.2083,25.9152,21.1137,12.8578,14.5296,26.176,48.8436,54.2173,102.8621,13.088,0.0,3.731508,7.079487,1.545355,30,207,63,6,0.32204186,0.01770420,-0.00338982,0E-8,0.000000,0.904812,0.002133,0.03111404,2026-03-21,2026-08-06,120,3733,1703,139,0.863309,1.227414,1.154177,1.073473,,,,,,,,GLOBAL_BASELINE_NO_ENTITY_RANKING,,,NOT_APPLICABLE_GLOBAL_BASELINE,HF9g-P5,,,,X 全窗基线 · 不参与实体赏罚,15051747,1506,A168_HF9F_20260827_0900,2026-08-27 09:00:00
2026-03-24,127529701,1210,0,172.7361297628,-26.4633857335,-26.4633857335,0.4000000,8,6,0.48225148333333333,0.455677061111,-0.36807178153038067,-0.24997950492855608,-0.36807178153038067,0.02657442222233333,ELIGIBLE,R03b_20260811_FULL_v1,L1_ELIGIBILITY,v2026-08-11,2026-03-21..2026-08-06,baccarat_bet02_101_all_pairs_incl_sentinel,round_win = game_pnl > 0 (decisive only),COMPATIBILITY_ONLY_NOT_PRODUCTION,557989.4742,504875.3716,9878.7574,24851,24505,-0.01770420,0.00338982,-0.02772422,-0.01770420,-9878.7574,557989.4742,OK,0.0000,395.1503,4.0000,96.0000,AG03-UNRESOLVED,ALL5_LEVELS_bet23_to_bet27,395.1503,395.1503,395.1503,0.0000,0.0000,4.000000,4.000000,4.000000,0.000000,0.000000,96.000000,96.000000,96.000000,100.000000,100.000000,5.0,1185.4509,1138.6651,8693.3065,8740.0923,PENDING_AG03,FALSE,NOT_FOR_ENFORCEMENT,9483.6071,484680.3568,9878.7574,9483.6071,395.1503,0.01770420,0.01699603,395.1503,9483.6071,0.01699603,395.1503,395.1503,395.1503,0.0000,0.0000,9483.6071,0.01699603,1185.4509,1138.6651,8693.3065,8740.0923,0.01557970,0.01566354,0.00070817,22.4534,20.6030,0.4031,82.3230,2.6463,4649.9123,204.2083,25.9152,21.1137,12.8578,14.5296,26.176,48.8436,54.2173,102.8621,13.088,0.0,3.731508,7.079487,1.545355,30,207,63,6,0.32204186,0.01770420,-0.00338982,0E-8,0.000000,0.904812,0.002133,0.03111404,2026-03-21,2026-08-06,120,3733,1703,139,0.863309,1.227414,1.154177,1.073473,,,,,,,,GLOBAL_BASELINE_NO_ENTITY_RANKING,,,NOT_APPLICABLE_GLOBAL_BASELINE,HF9g-P5,,,,X 全窗基线 · 不参与实体赏罚,15051748,1506,A168_HF9F_20260827_0900,2026-08-27 09:00:00
2026-03-24,127529701,1296,0,21.0653816784,12.5075703715,12.5075703715,1.0000000,2,2,0.50665070000000000,0.506650700000,0.9867858985152569,0.9867858985152569,0.9867858985152569,0E-17,ELIGIBLE,R03b_20260811_FULL_v1,L1_ELIGIBILITY,v2026-08-11,2026-03-21..2026-08-06,baccarat_bet02_101_all_pairs_incl_sentinel,round_win = game_pnl > 0 (decisive only),COMPATIBILITY_ONLY_NOT_PRODUCTION,557989.4742,504875.3716,9878.7574,24851,24505,-0.01770420,0.00338982,-0.02772422,-0.01770420,-9878.7574,557989.4742,OK,0.0000,395.1503,4.0000,96.0000,AG03-UNRESOLVED,ALL5_LEVELS_bet23_to_bet27,395.1503,395.1503,395.1503,0.0000,0.0000,4.000000,4.000000,4.000000,0.000000,0.000000,96.000000,96.000000,96.000000,100.000000,100.000000,5.0,1185.4509,1138.6651,8693.3065,8740.0923,PENDING_AG03,FALSE,NOT_FOR_ENFORCEMENT,9483.6071,484680.3568,9878.7574,9483.6071,395.1503,0.01770420,0.01699603,395.1503,9483.6071,0.01699603,395.1503,395.1503,395.1503,0.0000,0.0000,9483.6071,0.01699603,1185.4509,1138.6651,8693.3065,8740.0923,0.01557970,0.01566354,0.00070817,22.4534,20.6030,0.4031,82.3230,2.6463,4649.9123,204.2083,25.9152,21.1137,12.8578,14.5296,26.176,48.8436,54.2173,102.8621,13.088,0.0,3.731508,7.079487,1.545355,30,207,63,6,0.32204186,0.01770420,-0.00338982,0E-8,0.000000,0.904812,0.002133,0.03111404,2026-03-21,2026-08-06,120,3733,1703,139,0.863309,1.227414,1.154177,1.073473,,,,,,,,GLOBAL_BASELINE_NO_ENTITY_RANKING,,,NOT_APPLICABLE_GLOBAL_BASELINE,HF9g-P5,,,,X 全窗基线 · 不参与实体赏罚,15051749,1506,A168_HF9F_20260827_0900,2026-08-27 09:00:00
2026-03-24,127529701,1304,0,26.3317270980,0E-10,0E-10,0.5000000,2,2,0.49994810000000000,0.499948100000,0.00014679536856514622,0.00014679536856514622,0.00014679536856514622,0E-17,ELIGIBLE,R03b_20260811_FULL_v1,L1_ELIGIBILITY,v2026-08-11,2026-03-21..2026-08-06,baccarat_bet02_101_all_pairs_incl_sentinel,round_win = game_pnl > 0 (decisive only),COMPATIBILITY_ONLY_NOT_PRODUCTION,557989.4742,504875.3716,9878.7574,24851,24505,-0.01770420,0.00338982,-0.02772422,-0.01770420,-9878.7574,557989.4742,OK,0.0000,395.1503,4.0000,96.0000,AG03-UNRESOLVED,ALL5_LEVELS_bet23_to_bet27,395.1503,395.1503,395.1503,0.0000,0.0000,4.000000,4.000000,4.000000,0.000000,0.000000,96.000000,96.000000,96.000000,100.000000,100.000000,5.0,1185.4509,1138.6651,8693.3065,8740.0923,PENDING_AG03,FALSE,NOT_FOR_ENFORCEMENT,9483.6071,484680.3568,9878.7574,9483.6071,395.1503,0.01770420,0.01699603,395.1503,9483.6071,0.01699603,395.1503,395.1503,395.1503,0.0000,0.0000,9483.6071,0.01699603,1185.4509,1138.6651,8693.3065,8740.0923,0.01557970,0.01566354,0.00070817,22.4534,20.6030,0.4031,82.3230,2.6463,4649.9123,204.2083,25.9152,21.1137,12.8578,14.5296,26.176,48.8436,54.2173,102.8621,13.088,0.0,3.731508,7.079487,1.545355,30,207,63,6,0.32204186,0.01770420,-0.00338982,0E-8,0.000000,0.904812,0.002133,0.03111404,2026-03-21,2026-08-06,120,3733,1703,139,0.863309,1.227414,1.154177,1.073473,,,,,,,,GLOBAL_BASELINE_NO_ENTITY_RANKING,,,NOT_APPLICABLE_GLOBAL_BASELINE,HF9g-P5,,,,X 全窗基线 · 不参与实体赏罚,15051750,1506,A168_HF9F_20260827_0900,2026-08-27 09:00:00
2026-03-24,127529701,1306,0,137.9782499935,0.7899518129,0.7899518129,0.5714286,7,7,0.50090561428571429,0.500905614286,0.3731730247484194,0.373173024746908,0.3731730247484194,-2.8571E-13,ELIGIBLE,R03b_20260811_FULL_v1,L1_ELIGIBILITY,v2026-08-11,2026-03-21..2026-08-06,baccarat_bet02_101_all_pairs_incl_sentinel,round_win = game_pnl > 0 (decisive only),COMPATIBILITY_ONLY_NOT_PRODUCTION,557989.4742,504875.3716,9878.7574,24851,24505,-0.01770420,0.00338982,-0.02772422,-0.01770420,-9878.7574,557989.4742,OK,0.0000,395.1503,4.0000,96.0000,AG03-UNRESOLVED,ALL5_LEVELS_bet23_to_bet27,395.1503,395.1503,395.1503,0.0000,0.0000,4.000000,4.000000,4.000000,0.000000,0.000000,96.000000,96.000000,96.000000,100.000000,100.000000,5.0,1185.4509,1138.6651,8693.3065,8740.0923,PENDING_AG03,FALSE,NOT_FOR_ENFORCEMENT,9483.6071,484680.3568,9878.7574,9483.6071,395.1503,0.01770420,0.01699603,395.1503,9483.6071,0.01699603,395.1503,395.1503,395.1503,0.0000,0.0000,9483.6071,0.01699603,1185.4509,1138.6651,8693.3065,8740.0923,0.01557970,0.01566354,0.00070817,22.4534,20.6030,0.4031,82.3230,2.6463,4649.9123,204.2083,25.9152,21.1137,12.8578,14.5296,26.176,48.8436,54.2173,102.8621,13.088,0.0,3.731508,7.079487,1.545355,30,207,63,6,0.32204186,0.01770420,-0.00338982,0E-8,0.000000,0.904812,0.002133,0.03111404,2026-03-21,2026-08-06,120,3733,1703,139,0.863309,1.227414,1.154177,1.073473,,,,,,,,GLOBAL_BASELINE_NO_ENTITY_RANKING,,,NOT_APPLICABLE_GLOBAL_BASELINE,HF9g-P5,,,,X 全窗基线 · 不参与实体赏罚,15051751,1506,A168_HF9F_20260827_0900,2026-08-27 09:00:00
2026-03-24,127529701,1323,0,130.6053664059,-5.7929799616,-5.7929799616,0.4000000,9,9,0.49473496666666667,0.494734966667,-0.42369114120183843,-0.4236911412033262,-0.42369114120183843,-3.3333E-13,ELIGIBLE,R03b_20260811_FULL_v1,L1_ELIGIBILITY,v2026-08-11,2026-03-21..2026-08-06,baccarat_bet02_101_all_pairs_incl_sentinel,round_win = game_pnl > 0 (decisive only),COMPATIBILITY_ONLY_NOT_PRODUCTION,557989.4742,504875.3716,9878.7574,24851,24505,-0.01770420,0.00338982,-0.02772422,-0.01770420,-9878.7574,557989.4742,OK,0.0000,395.1503,4.0000,96.0000,AG03-UNRESOLVED,ALL5_LEVELS_bet23_to_bet27,395.1503,395.1503,395.1503,0.0000,0.0000,4.000000,4.000000,4.000000,0.000000,0.000000,96.000000,96.000000,96.000000,100.000000,100.000000,5.0,1185.4509,1138.6651,8693.3065,8740.0923,PENDING_AG03,FALSE,NOT_FOR_ENFORCEMENT,9483.6071,484680.3568,9878.7574,9483.6071,395.1503,0.01770420,0.01699603,395.1503,9483.6071,0.01699603,395.1503,395.1503,395.1503,0.0000,0.0000,9483.6071,0.01699603,1185.4509,1138.6651,8693.3065,8740.0923,0.01557970,0.01566354,0.00070817,22.4534,20.6030,0.4031,82.3230,2.6463,4649.9123,204.2083,25.9152,21.1137,12.8578,14.5296,26.176,48.8436,54.2173,102.8621,13.088,0.0,3.731508,7.079487,1.545355,30,207,63,6,0.32204186,0.01770420,-0.00338982,0E-8,0.000000,0.904812,0.002133,0.03111404,2026-03-21,2026-08-06,120,3733,1703,139,0.863309,1.227414,1.154177,1.073473,,,,,,,,GLOBAL_BASELINE_NO_ENTITY_RANKING,,,NOT_APPLICABLE_GLOBAL_BASELINE,HF9g-P5,,,,X 全窗基线 · 不参与实体赏罚,15051752,1506,A168_HF9F_20260827_0900,2026-08-27 09:00:00
2026-03-24,127529701,1325,0,44.5006187956,12.1784237828,12.1784237828,0.5000000,3,3,0.50218230000000000,0.502182300000,-0.00617253530718887,-0.00617253530718887,-0.00617253530718887,0E-17,ELIGIBLE,R03b_20260811_FULL_v1,L1_ELIGIBILITY,v2026-08-11,2026-03-21..2026-08-06,baccarat_bet02_101_all_pairs_incl_sentinel,round_win = game_pnl > 0 (decisive only),COMPATIBILITY_ONLY_NOT_PRODUCTION,557989.4742,504875.3716,9878.7574,24851,24505,-0.01770420,0.00338982,-0.02772422,-0.01770420,-9878.7574,557989.4742,OK,0.0000,395.1503,4.0000,96.0000,AG03-UNRESOLVED,ALL5_LEVELS_bet23_to_bet27,395.1503,395.1503,395.1503,0.0000,0.0000,4.000000,4.000000,4.000000,0.000000,0.000000,96.000000,96.000000,96.000000,100.000000,100.000000,5.0,1185.4509,1138.6651,8693.3065,8740.0923,PENDING_AG03,FALSE,NOT_FOR_ENFORCEMENT,9483.6071,484680.3568,9878.7574,9483.6071,395.1503,0.01770420,0.01699603,395.1503,9483.6071,0.01699603,395.1503,395.1503,395.1503,0.0000,0.0000,9483.6071,0.01699603,1185.4509,1138.6651,8693.3065,8740.0923,0.01557970,0.01566354,0.00070817,22.4534,20.6030,0.4031,82.3230,2.6463,4649.9123,204.2083,25.9152,21.1137,12.8578,14.5296,26.176,48.8436,54.2173,102.8621,13.088,0.0,3.731508,7.079487,1.545355,30,207,63,6,0.32204186,0.01770420,-0.00338982,0E-8,0.000000,0.904812,0.002133,0.03111404,2026-03-21,2026-08-06,120,3733,1703,139,0.863309,1.227414,1.154177,1.073473,,,,,,,,GLOBAL_BASELINE_NO_ENTITY_RANKING,,,NOT_APPLICABLE_GLOBAL_BASELINE,HF9g-P5,,,,X 全窗基线 · 不参与实体赏罚,15051753,1506,A168_HF9F_20260827_0900,2026-08-27 09:00:00
2026-03-24,127529701,1385,0,258.0509255604,27.2533375464,27.2533375464,0.5833333,13,13,0.50149485384615385,0.501494853846,0.5669961519551939,0.5669961519562594,0.5669961519551939,1.5385E-13,ELIGIBLE,R03b_20260811_FULL_v1,L1_ELIGIBILITY,v2026-08-11,2026-03-21..2026-08-06,baccarat_bet02_101_all_pairs_incl_sentinel,round_win = game_pnl > 0 (decisive only),COMPATIBILITY_ONLY_NOT_PRODUCTION,557989.4742,504875.3716,9878.7574,24851,24505,-0.01770420,0.00338982,-0.02772422,-0.01770420,-9878.7574,557989.4742,OK,0.0000,395.1503,4.0000,96.0000,AG03-UNRESOLVED,ALL5_LEVELS_bet23_to_bet27,395.1503,395.1503,395.1503,0.0000,0.0000,4.000000,4.000000,4.000000,0.000000,0.000000,96.000000,96.000000,96.000000,100.000000,100.000000,5.0,1185.4509,1138.6651,8693.3065,8740.0923,PENDING_AG03,FALSE,NOT_FOR_ENFORCEMENT,9483.6071,484680.3568,9878.7574,9483.6071,395.1503,0.01770420,0.01699603,395.1503,9483.6071,0.01699603,395.1503,395.1503,395.1503,0.0000,0.0000,9483.6071,0.01699603,1185.4509,1138.6651,8693.3065,8740.0923,0.01557970,0.01566354,0.00070817,22.4534,20.6030,0.4031,82.3230,2.6463,4649.9123,204.2083,25.9152,21.1137,12.8578,14.5296,26.176,48.8436,54.2173,102.8621,13.088,0.0,3.731508,7.079487,1.545355,30,207,63,6,0.32204186,0.01770420,-0.00338982,0E-8,0.000000,0.904812,0.002133,0.03111404,2026-03-21,2026-08-06,120,3733,1703,139,0.863309,1.227414,1.154177,1.073473,,,,,,,,GLOBAL_BASELINE_NO_ENTITY_RANKING,,,NOT_APPLICABLE_GLOBAL_BASELINE,HF9g-P5,,,,X 全窗基线 · 不参与实体赏罚,15051754,1506,A168_HF9F_20260827_0900,2026-08-27 09:00:00
2026-03-24,127529701,1505,0,160.6235352978,-134.9501013773,-134.9501013773,0.1428571,7,7,0.49899058571428571,0.498990585714,-1.884484886978507,-1.8844848869769975,-1.884484886978507,2.8571E-13,ELIGIBLE,R03b_20260811_FULL_v1,L1_ELIGIBILITY,v2026-08-11,2026-03-21..2026-08-06,baccarat_bet02_101_all_pairs_incl_sentinel,round_win = game_pnl > 0 (decisive only),COMPATIBILITY_ONLY_NOT_PRODUCTION,557989.4742,504875.3716,9878.7574,24851,24505,-0.01770420,0.00338982,-0.02772422,-0.01770420,-9878.7574,557989.4742,OK,0.0000,395.1503,4.0000,96.0000,AG03-UNRESOLVED,ALL5_LEVELS_bet23_to_bet27,395.1503,395.1503,395.1503,0.0000,0.0000,4.000000,4.000000,4.000000,0.000000,0.000000,96.000000,96.000000,96.000000,100.000000,100.000000,5.0,1185.4509,1138.6651,8693.3065,8740.0923,PENDING_AG03,FALSE,NOT_FOR_ENFORCEMENT,9483.6071,484680.3568,9878.7574,9483.6071,395.1503,0.01770420,0.01699603,395.1503,9483.6071,0.01699603,395.1503,395.1503,395.1503,0.0000,0.0000,9483.6071,0.01699603,1185.4509,1138.6651,8693.3065,8740.0923,0.01557970,0.01566354,0.00070817,22.4534,20.6030,0.4031,82.3230,2.6463,4649.9123,204.2083,25.9152,21.1137,12.8578,14.5296,26.176,48.8436,54.2173,102.8621,13.088,0.0,3.731508,7.079487,1.545355,30,207,63,6,0.32204186,0.01770420,-0.00338982,0E-8,0.000000,0.904812,0.002133,0.03111404,2026-03-21,2026-08-06,120,3733,1703,139,0.863309,1.227414,1.154177,1.073473,,,,,,,,GLOBAL_BASELINE_NO_ENTITY_RANKING,,,NOT_APPLICABLE_GLOBAL_BASELINE,HF9g-P5,,,,X 全窗基线 · 不参与实体赏罚,15051755,1506,A168_HF9F_20260827_0900,2026-08-27 09:00:00
2026-03-24,127529701,2141,0,36.3377833953,24.4885062011,24.4885062011,0.7500000,4,4,0.49994810000000000,0.499948100000,1.0002076053883384,1.0002076053883384,1.0002076053883384,0E-17,ELIGIBLE,R03b_20260811_FULL_v1,L1_ELIGIBILITY,v2026-08-11,2026-03-21..2026-08-06,baccarat_bet02_101_all_pairs_incl_sentinel,round_win = game_pnl > 0 (decisive only),COMPATIBILITY_ONLY_NOT_PRODUCTION,557989.4742,504875.3716,9878.7574,24851,24505,-0.01770420,0.00338982,-0.02772422,-0.01770420,-9878.7574,557989.4742,OK,0.0000,395.1503,4.0000,96.0000,AG03-UNRESOLVED,ALL5_LEVELS_bet23_to_bet27,395.1503,395.1503,395.1503,0.0000,0.0000,4.000000,4.000000,4.000000,0.000000,0.000000,96.000000,96.000000,96.000000,100.000000,100.000000,5.0,1185.4509,1138.6651,8693.3065,8740.0923,PENDING_AG03,FALSE,NOT_FOR_ENFORCEMENT,9483.6071,484680.3568,9878.7574,9483.6071,395.1503,0.01770420,0.01699603,395.1503,9483.6071,0.01699603,395.1503,395.1503,395.1503,0.0000,0.0000,9483.6071,0.01699603,1185.4509,1138.6651,8693.3065,8740.0923,0.01557970,0.01566354,0.00070817,22.4534,20.6030,0.4031,82.3230,2.6463,4649.9123,204.2083,25.9152,21.1137,12.8578,14.5296,26.176,48.8436,54.2173,102.8621,13.088,0.0,3.731508,7.079487,1.545355,30,207,63,6,0.32204186,0.01770420,-0.00338982,0E-8,0.000000,0.904812,0.002133,0.03111404,2026-03-21,2026-08-06,120,3733,1703,139,0.863309,1.227414,1.154177,1.073473,,,,,,,,GLOBAL_BASELINE_NO_ENTITY_RANKING,,,NOT_APPLICABLE_GLOBAL_BASELINE,HF9g-P5,,,,X 全窗基线 · 不参与实体赏罚,15051756,1506,A168_HF9F_20260827_0900,2026-08-27 09:00:00
2026-03-24,127529701,2177,0,78.9951812940,-78.9951812940,-78.9951812940,0E-7,3,3,0.50218230000000000,0.502182300000,-1.7396270863184011,-1.7396270863184016,-1.7396270863184011,0E-17,ELIGIBLE,R03b_20260811_FULL_v1,L1_ELIGIBILITY,v2026-08-11,2026-03-21..2026-08-06,baccarat_bet02_101_all_pairs_incl_sentinel,round_win = game_pnl > 0 (decisive only),COMPATIBILITY_ONLY_NOT_PRODUCTION,557989.4742,504875.3716,9878.7574,24851,24505,-0.01770420,0.00338982,-0.02772422,-0.01770420,-9878.7574,557989.4742,OK,0.0000,395.1503,4.0000,96.0000,AG03-UNRESOLVED,ALL5_LEVELS_bet23_to_bet27,395.1503,395.1503,395.1503,0.0000,0.0000,4.000000,4.000000,4.000000,0.000000,0.000000,96.000000,96.000000,96.000000,100.000000,100.000000,5.0,1185.4509,1138.6651,8693.3065,8740.0923,PENDING_AG03,FALSE,NOT_FOR_ENFORCEMENT,9483.6071,484680.3568,9878.7574,9483.6071,395.1503,0.01770420,0.01699603,395.1503,9483.6071,0.01699603,395.1503,395.1503,395.1503,0.0000,0.0000,9483.6071,0.01699603,1185.4509,1138.6651,8693.3065,8740.0923,0.01557970,0.01566354,0.00070817,22.4534,20.6030,0.4031,82.3230,2.6463,4649.9123,204.2083,25.9152,21.1137,12.8578,14.5296,26.176,48.8436,54.2173,102.8621,13.088,0.0,3.731508,7.079487,1.545355,30,207,63,6,0.32204186,0.01770420,-0.00338982,0E-8,0.000000,0.904812,0.002133,0.03111404,2026-03-21,2026-08-06,120,3733,1703,139,0.863309,1.227414,1.154177,1.073473,,,,,,,,GLOBAL_BASELINE_NO_ENTITY_RANKING,,,NOT_APPLICABLE_GLOBAL_BASELINE,HF9g-P5,,,,X 全窗基线 · 不参与实体赏罚,15051757,1506,A168_HF9F_20260827_0900,2026-08-27 09:00:00
2026-03-24,127529701,2201,0,22.1186507623,-22.1186507623,-22.1186507623,0E-7,2,2,0.49994810000000000,0.499948100000,-1.4140667746232096,-1.4140667746232096,-1.4140667746232096,0E-17,ELIGIBLE,R03b_20260811_FULL_v1,L1_ELIGIBILITY,v2026-08-11,2026-03-21..2026-08-06,baccarat_bet02_101_all_pairs_incl_sentinel,round_win = game_pnl > 0 (decisive only),COMPATIBILITY_ONLY_NOT_PRODUCTION,557989.4742,504875.3716,9878.7574,24851,24505,-0.01770420,0.00338982,-0.02772422,-0.01770420,-9878.7574,557989.4742,OK,0.0000,395.1503,4.0000,96.0000,AG03-UNRESOLVED,ALL5_LEVELS_bet23_to_bet27,395.1503,395.1503,395.1503,0.0000,0.0000,4.000000,4.000000,4.000000,0.000000,0.000000,96.000000,96.000000,96.000000,100.000000,100.000000,5.0,1185.4509,1138.6651,8693.3065,8740.0923,PENDING_AG03,FALSE,NOT_FOR_ENFORCEMENT,9483.6071,484680.3568,9878.7574,9483.6071,395.1503,0.01770420,0.01699603,395.1503,9483.6071,0.01699603,395.1503,395.1503,395.1503,0.0000,0.0000,9483.6071,0.01699603,1185.4509,1138.6651,8693.3065,8740.0923,0.01557970,0.01566354,0.00070817,22.4534,20.6030,0.4031,82.3230,2.6463,4649.9123,204.2083,25.9152,21.1137,12.8578,14.5296,26.176,48.8436,54.2173,102.8621,13.088,0.0,3.731508,7.079487,1.545355,30,207,63,6,0.32204186,0.01770420,-0.00338982,0E-8,0.000000,0.904812,0.002133,0.03111404,2026-03-21,2026-08-06,120,3733,1703,139,0.863309,1.227414,1.154177,1.073473,,,,,,,,GLOBAL_BASELINE_NO_ENTITY_RANKING,,,NOT_APPLICABLE_GLOBAL_BASELINE,HF9g-P5,,,,X 全窗基线 · 不参与实体赏罚,15051758,1506,A168_HF9F_20260827_0900,2026-08-27 09:00:00
2026-03-24,127529701,2202,0,130.0787318641,-48.0554019539,-48.0554019539,0.2500000,6,6,0.49994810000000000,0.499948100000,-0.9997924053861017,-0.9997924053861017,-0.9997924053861017,0E-17,ELIGIBLE,R03b_20260811_FULL_v1,L1_ELIGIBILITY,v2026-08-11,2026-03-21..2026-08-06,baccarat_bet02_101_all_pairs_incl_sentinel,round_win = game_pnl > 0 (decisive only),COMPATIBILITY_ONLY_NOT_PRODUCTION,557989.4742,504875.3716,9878.7574,24851,24505,-0.01770420,0.00338982,-0.02772422,-0.01770420,-9878.7574,557989.4742,OK,0.0000,395.1503,4.0000,96.0000,AG03-UNRESOLVED,ALL5_LEVELS_bet23_to_bet27,395.1503,395.1503,395.1503,0.0000,0.0000,4.000000,4.000000,4.000000,0.000000,0.000000,96.000000,96.000000,96.000000,100.000000,100.000000,5.0,1185.4509,1138.6651,8693.3065,8740.0923,PENDING_AG03,FALSE,NOT_FOR_ENFORCEMENT,9483.6071,484680.3568,9878.7574,9483.6071,395.1503,0.01770420,0.01699603,395.1503,9483.6071,0.01699603,395.1503,395.1503,395.1503,0.0000,0.0000,9483.6071,0.01699603,1185.4509,1138.6651,8693.3065,8740.0923,0.01557970,0.01566354,0.00070817,22.4534,20.6030,0.4031,82.3230,2.6463,4649.9123,204.2083,25.9152,21.1137,12.8578,14.5296,26.176,48.8436,54.2173,102.8621,13.088,0.0,3.731508,7.079487,1.545355,30,207,63,6,0.32204186,0.01770420,-0.00338982,0E-8,0.000000,0.904812,0.002133,0.03111404,2026-03-21,2026-08-06,120,3733,1703,139,0.863309,1.227414,1.154177,1.073473,,,,,,,,GLOBAL_BASELINE_NO_ENTITY_RANKING,,,NOT_APPLICABLE_GLOBAL_BASELINE,HF9g-P5,,,,X 全窗基线 · 不参与实体赏罚,15051759,1506,A168_HF9F_20260827_0900,2026-08-27 09:00:00
2026-03-24,127529701,2209,0,21.0653816784,20.8020644074,20.8020644074,1.0000000,2,2,0.49994810000000000,0.499948100000,1.4143603653603398,1.4143603653603398,1.4143603653603398,0E-17,ELIGIBLE,R03b_20260811_FULL_v1,L1_ELIGIBILITY,v2026-08-11,2026-03-21..2026-08-06,baccarat_bet02_101_all_pairs_incl_sentinel,round_win = game_pnl > 0 (decisive only),COMPATIBILITY_ONLY_NOT_PRODUCTION,557989.4742,504875.3716,9878.7574,24851,24505,-0.01770420,0.00338982,-0.02772422,-0.01770420,-9878.7574,557989.4742,OK,0.0000,395.1503,4.0000,96.0000,AG03-UNRESOLVED,ALL5_LEVELS_bet23_to_bet27,395.1503,395.1503,395.1503,0.0000,0.0000,4.000000,4.000000,4.000000,0.000000,0.000000,96.000000,96.000000,96.000000,100.000000,100.000000,5.0,1185.4509,1138.6651,8693.3065,8740.0923,PENDING_AG03,FALSE,NOT_FOR_ENFORCEMENT,9483.6071,484680.3568,9878.7574,9483.6071,395.1503,0.01770420,0.01699603,395.1503,9483.6071,0.01699603,395.1503,395.1503,395.1503,0.0000,0.0000,9483.6071,0.01699603,1185.4509,1138.6651,8693.3065,8740.0923,0.01557970,0.01566354,0.00070817,22.4534,20.6030,0.4031,82.3230,2.6463,4649.9123,204.2083,25.9152,21.1137,12.8578,14.5296,26.176,48.8436,54.2173,102.8621,13.088,0.0,3.731508,7.079487,1.545355,30,207,63,6,0.32204186,0.01770420,-0.00338982,0E-8,0.000000,0.904812,0.002133,0.03111404,2026-03-21,2026-08-06,120,3733,1703,139,0.863309,1.227414,1.154177,1.073473,,,,,,,,GLOBAL_BASELINE_NO_ENTITY_RANKING,,,NOT_APPLICABLE_GLOBAL_BASELINE,HF9g-P5,,,,X 全窗基线 · 不参与实体赏罚,15051760,1506,A168_HF9F_20260827_0900,2026-08-27 09:00:00
2026-03-24,127529701,2218,0,145.6144508519,-57.3505016194,-57.3505016194,0.3000000,12,12,0.50106520000000000,0.501065200000,-1.271650866157804,-1.2716508661578043,-1.271650866157804,0E-17,ELIGIBLE,R03b_20260811_FULL_v1,L1_ELIGIBILITY,v2026-08-11,2026-03-21..2026-08-06,baccarat_bet02_101_all_pairs_incl_sentinel,round_win = game_pnl > 0 (decisive only),COMPATIBILITY_ONLY_NOT_PRODUCTION,557989.4742,504875.3716,9878.7574,24851,24505,-0.01770420,0.00338982,-0.02772422,-0.01770420,-9878.7574,557989.4742,OK,0.0000,395.1503,4.0000,96.0000,AG03-UNRESOLVED,ALL5_LEVELS_bet23_to_bet27,395.1503,395.1503,395.1503,0.0000,0.0000,4.000000,4.000000,4.000000,0.000000,0.000000,96.000000,96.000000,96.000000,100.000000,100.000000,5.0,1185.4509,1138.6651,8693.3065,8740.0923,PENDING_AG03,FALSE,NOT_FOR_ENFORCEMENT,9483.6071,484680.3568,9878.7574,9483.6071,395.1503,0.01770420,0.01699603,395.1503,9483.6071,0.01699603,395.1503,395.1503,395.1503,0.0000,0.0000,9483.6071,0.01699603,1185.4509,1138.6651,8693.3065,8740.0923,0.01557970,0.01566354,0.00070817,22.4534,20.6030,0.4031,82.3230,2.6463,4649.9123,204.2083,25.9152,21.1137,12.8578,14.5296,26.176,48.8436,54.2173,102.8621,13.088,0.0,3.731508,7.079487,1.545355,30,207,63,6,0.32204186,0.01770420,-0.00338982,0E-8,0.000000,0.904812,0.002133,0.03111404,2026-03-21,2026-08-06,120,3733,1703,139,0.863309,1.227414,1.154177,1.073473,,,,,,,,GLOBAL_BASELINE_NO_ENTITY_RANKING,,,NOT_APPLICABLE_GLOBAL_BASELINE,HF9g-P5,,,,X 全窗基线 · 不参与实体赏罚,15051761,1506,A168_HF9F_20260827_0900,2026-08-27 09:00:00
2026-03-24,127529701,2232,0,308.0812070466,78.9951812940,78.9951812940,0.3636364,11,11,0.49690146363636364,0.496901463636,-0.8839976432560931,-0.8839976432536849,-0.8839976432560931,3.6364E-13,ELIGIBLE,R03b_20260811_FULL_v1,L1_ELIGIBILITY,v2026-08-11,2026-03-21..2026-08-06,baccarat_bet02_101_all_pairs_incl_sentinel,round_win = game_pnl > 0 (decisive only),COMPATIBILITY_ONLY_NOT_PRODUCTION,557989.4742,504875.3716,9878.7574,24851,24505,-0.01770420,0.00338982,-0.02772422,-0.01770420,-9878.7574,557989.4742,OK,0.0000,395.1503,4.0000,96.0000,AG03-UNRESOLVED,ALL5_LEVELS_bet23_to_bet27,395.1503,395.1503,395.1503,0.0000,0.0000,4.000000,4.000000,4.000000,0.000000,0.000000,96.000000,96.000000,96.000000,100.000000,100.000000,5.0,1185.4509,1138.6651,8693.3065,8740.0923,PENDING_AG03,FALSE,NOT_FOR_ENFORCEMENT,9483.6071,484680.3568,9878.7574,9483.6071,395.1503,0.01770420,0.01699603,395.1503,9483.6071,0.01699603,395.1503,395.1503,395.1503,0.0000,0.0000,9483.6071,0.01699603,1185.4509,1138.6651,8693.3065,8740.0923,0.01557970,0.01566354,0.00070817,22.4534,20.6030,0.4031,82.3230,2.6463,4649.9123,204.2083,25.9152,21.1137,12.8578,14.5296,26.176,48.8436,54.2173,102.8621,13.088,0.0,3.731508,7.079487,1.545355,30,207,63,6,0.32204186,0.01770420,-0.00338982,0E-8,0.000000,0.904812,0.002133,0.03111404,2026-03-21,2026-08-06,120,3733,1703,139,0.863309,1.227414,1.154177,1.073473,,,,,,,,GLOBAL_BASELINE_NO_ENTITY_RANKING,,,NOT_APPLICABLE_GLOBAL_BASELINE,HF9g-P5,,,,X 全窗基线 · 不参与实体赏罚,15051762,1506,A168_HF9F_20260827_0900,2026-08-27 09:00:00
2026-03-24,127529701,2233,0,167.7331016141,25.8577560103,25.8577560103,0.6666667,13,13,0.50149485384615385,0.501494853846,1.144349001442109,1.1443490014431739,1.144349001442109,1.5385E-13,ELIGIBLE,R03b_20260811_FULL_v1,L1_ELIGIBILITY,v2026-08-11,2026-03-21..2026-08-06,baccarat_bet02_101_all_pairs_incl_sentinel,round_win = game_pnl > 0 (decisive only),COMPATIBILITY_ONLY_NOT_PRODUCTION,557989.4742,504875.3716,9878.7574,24851,24505,-0.01770420,0.00338982,-0.02772422,-0.01770420,-9878.7574,557989.4742,OK,0.0000,395.1503,4.0000,96.0000,AG03-UNRESOLVED,ALL5_LEVELS_bet23_to_bet27,395.1503,395.1503,395.1503,0.0000,0.0000,4.000000,4.000000,4.000000,0.000000,0.000000,96.000000,96.000000,96.000000,100.000000,100.000000,5.0,1185.4509,1138.6651,8693.3065,8740.0923,PENDING_AG03,FALSE,NOT_FOR_ENFORCEMENT,9483.6071,484680.3568,9878.7574,9483.6071,395.1503,0.01770420,0.01699603,395.1503,9483.6071,0.01699603,395.1503,395.1503,395.1503,0.0000,0.0000,9483.6071,0.01699603,1185.4509,1138.6651,8693.3065,8740.0923,0.01557970,0.01566354,0.00070817,22.4534,20.6030,0.4031,82.3230,2.6463,4649.9123,204.2083,25.9152,21.1137,12.8578,14.5296,26.176,48.8436,54.2173,102.8621,13.088,0.0,3.731508,7.079487,1.545355,30,207,63,6,0.32204186,0.01770420,-0.00338982,0E-8,0.000000,0.904812,0.002133,0.03111404,2026-03-21,2026-08-06,120,3733,1703,139,0.863309,1.227414,1.154177,1.073473,,,,,,,,GLOBAL_BASELINE_NO_ENTITY_RANKING,,,NOT_APPLICABLE_GLOBAL_BASELINE,HF9g-P5,,,,X 全窗基线 · 不参与实体赏罚,15051763,1506,A168_HF9F_20260827_0900,2026-08-27 09:00:00
2026-03-24,127529701,2246,0,106.3801774758,-79.5218158359,-79.5218158359,0E-7,4,4,0.49994810000000000,0.499948100000,-1.7318710300250217,-1.7318710300250217,-1.7318710300250217,0E-17,ELIGIBLE,R03b_20260811_FULL_v1,L1_ELIGIBILITY,v2026-08-11,2026-03-21..2026-08-06,baccarat_bet02_101_all_pairs_incl_sentinel,round_win = game_pnl > 0 (decisive only),COMPATIBILITY_ONLY_NOT_PRODUCTION,557989.4742,504875.3716,9878.7574,24851,24505,-0.01770420,0.00338982,-0.02772422,-0.01770420,-9878.7574,557989.4742,OK,0.0000,395.1503,4.0000,96.0000,AG03-UNRESOLVED,ALL5_LEVELS_bet23_to_bet27,395.1503,395.1503,395.1503,0.0000,0.0000,4.000000,4.000000,4.000000,0.000000,0.000000,96.000000,96.000000,96.000000,100.000000,100.000000,5.0,1185.4509,1138.6651,8693.3065,8740.0923,PENDING_AG03,FALSE,NOT_FOR_ENFORCEMENT,9483.6071,484680.3568,9878.7574,9483.6071,395.1503,0.01770420,0.01699603,395.1503,9483.6071,0.01699603,395.1503,395.1503,395.1503,0.0000,0.0000,9483.6071,0.01699603,1185.4509,1138.6651,8693.3065,8740.0923,0.01557970,0.01566354,0.00070817,22.4534,20.6030,0.4031,82.3230,2.6463,4649.9123,204.2083,25.9152,21.1137,12.8578,14.5296,26.176,48.8436,54.2173,102.8621,13.088,0.0,3.731508,7.079487,1.545355,30,207,63,6,0.32204186,0.01770420,-0.00338982,0E-8,0.000000,0.904812,0.002133,0.03111404,2026-03-21,2026-08-06,120,3733,1703,139,0.863309,1.227414,1.154177,1.073473,,,,,,,,GLOBAL_BASELINE_NO_ENTITY_RANKING,,,NOT_APPLICABLE_GLOBAL_BASELINE,HF9g-P5,,,,X 全窗基线 · 不参与实体赏罚,15051764,1506,A168_HF9F_20260827_0900,2026-08-27 09:00:00
2026-03-24,127529701,2252,0,94.5309002818,10.7433446560,10.7433446560,0.4000000,8,5,0.38699500666666667,0.359091863333,0.059704965164265315,0.19067511871956666,0.059704965164265315,0.02790314333366667,ELIGIBLE,R03b_20260811_FULL_v1,L1_ELIGIBILITY,v2026-08-11,2026-03-21..2026-08-06,baccarat_bet02_101_all_pairs_incl_sentinel,round_win = game_pnl > 0 (decisive only),COMPATIBILITY_ONLY_NOT_PRODUCTION,557989.4742,504875.3716,9878.7574,24851,24505,-0.01770420,0.00338982,-0.02772422,-0.01770420,-9878.7574,557989.4742,OK,0.0000,395.1503,4.0000,96.0000,AG03-UNRESOLVED,ALL5_LEVELS_bet23_to_bet27,395.1503,395.1503,395.1503,0.0000,0.0000,4.000000,4.000000,4.000000,0.000000,0.000000,96.000000,96.000000,96.000000,100.000000,100.000000,5.0,1185.4509,1138.6651,8693.3065,8740.0923,PENDING_AG03,FALSE,NOT_FOR_ENFORCEMENT,9483.6071,484680.3568,9878.7574,9483.6071,395.1503,0.01770420,0.01699603,395.1503,9483.6071,0.01699603,395.1503,395.1503,395.1503,0.0000,0.0000,9483.6071,0.01699603,1185.4509,1138.6651,8693.3065,8740.0923,0.01557970,0.01566354,0.00070817,22.4534,20.6030,0.4031,82.3230,2.6463,4649.9123,204.2083,25.9152,21.1137,12.8578,14.5296,26.176,48.8436,54.2173,102.8621,13.088,0.0,3.731508,7.079487,1.545355,30,207,63,6,0.32204186,0.01770420,-0.00338982,0E-8,0.000000,0.904812,0.002133,0.03111404,2026-03-21,2026-08-06,120,3733,1703,139,0.863309,1.227414,1.154177,1.073473,,,,,,,,GLOBAL_BASELINE_NO_ENTITY_RANKING,,,NOT_APPLICABLE_GLOBAL_BASELINE,HF9g-P5,,,,X 全窗基线 · 不参与实体赏罚,15051765,1506,A168_HF9F_20260827_0900,2026-08-27 09:00:00
2026-03-24,127529701,2258,0,68.4624904548,15.7990362588,15.7990362588,0.5000000,4,4,0.49324550000000000,0.493245500000,0.027020465636507562,0.027020465636507562,0.027020465636507562,0E-17,ELIGIBLE,R03b_20260811_FULL_v1,L1_ELIGIBILITY,v2026-08-11,2026-03-21..2026-08-06,baccarat_bet02_101_all_pairs_incl_sentinel,round_win = game_pnl > 0 (decisive only),COMPATIBILITY_ONLY_NOT_PRODUCTION,557989.4742,504875.3716,9878.7574,24851,24505,-0.01770420,0.00338982,-0.02772422,-0.01770420,-9878.7574,557989.4742,OK,0.0000,395.1503,4.0000,96.0000,AG03-UNRESOLVED,ALL5_LEVELS_bet23_to_bet27,395.1503,395.1503,395.1503,0.0000,0.0000,4.000000,4.000000,4.000000,0.000000,0.000000,96.000000,96.000000,96.000000,100.000000,100.000000,5.0,1185.4509,1138.6651,8693.3065,8740.0923,PENDING_AG03,FALSE,NOT_FOR_ENFORCEMENT,9483.6071,484680.3568,9878.7574,9483.6071,395.1503,0.01770420,0.01699603,395.1503,9483.6071,0.01699603,395.1503,395.1503,395.1503,0.0000,0.0000,9483.6071,0.01699603,1185.4509,1138.6651,8693.3065,8740.0923,0.01557970,0.01566354,0.00070817,22.4534,20.6030,0.4031,82.3230,2.6463,4649.9123,204.2083,25.9152,21.1137,12.8578,14.5296,26.176,48.8436,54.2173,102.8621,13.088,0.0,3.731508,7.079487,1.545355,30,207,63,6,0.32204186,0.01770420,-0.00338982,0E-8,0.000000,0.904812,0.002133,0.03111404,2026-03-21,2026-08-06,120,3733,1703,139,0.863309,1.227414,1.154177,1.073473,,,,,,,,GLOBAL_BASELINE_NO_ENTITY_RANKING,,,NOT_APPLICABLE_GLOBAL_BASELINE,HF9g-P5,,,,X 全窗基线 · 不参与实体赏罚,15051766,1506,A168_HF9F_20260827_0900,2026-08-27 09:00:00
2026-03-24,127529701,752,0,163.2567080076,-80.3117676490,-80.3117676490,0.4444444,11,9,0.47911180444444444,0.466710407407,-0.20818590931842512,-0.13389286671379697,-0.20818590931842512,0.01240139703744444,ELIGIBLE,R03b_20260811_FULL_v1,L1_ELIGIBILITY,v2026-08-11,2026-03-21..2026-08-06,baccarat_bet02_101_all_pairs_incl_sentinel,round_win = game_pnl > 0 (decisive only),COMPATIBILITY_ONLY_NOT_PRODUCTION,557989.4742,504875.3716,9878.7574,24851,24505,-0.01770420,0.00338982,-0.02772422,-0.01770420,-9878.7574,557989.4742,OK,0.0000,395.1503,4.0000,96.0000,AG03-UNRESOLVED,ALL5_LEVELS_bet23_to_bet27,395.1503,395.1503,395.1503,0.0000,0.0000,4.000000,4.000000,4.000000,0.000000,0.000000,96.000000,96.000000,96.000000,100.000000,100.000000,5.0,1185.4509,1138.6651,8693.3065,8740.0923,PENDING_AG03,FALSE,NOT_FOR_ENFORCEMENT,9483.6071,484680.3568,9878.7574,9483.6071,395.1503,0.01770420,0.01699603,395.1503,9483.6071,0.01699603,395.1503,395.1503,395.1503,0.0000,0.0000,9483.6071,0.01699603,1185.4509,1138.6651,8693.3065,8740.0923,0.01557970,0.01566354,0.00070817,22.4534,20.6030,0.4031,82.3230,2.6463,4649.9123,204.2083,25.9152,21.1137,12.8578,14.5296,26.176,48.8436,54.2173,102.8621,13.088,0.0,3.731508,7.079487,1.545355,30,207,63,6,0.32204186,0.01770420,-0.00338982,0E-8,0.000000,0.904812,0.002133,0.03111404,2026-03-21,2026-08-06,120,3733,1703,139,0.863309,1.227414,1.154177,1.073473,,,,,,,,GLOBAL_BASELINE_NO_ENTITY_RANKING,,,NOT_APPLICABLE_GLOBAL_BASELINE,HF9g-P5,,,,X 全窗基线 · 不参与实体赏罚,15051767,1506,A168_HF9F_20260827_0900,2026-08-27 09:00:00
2026-03-25,127529701,-1,1,1556.4683887626,-119.8883534774,-119.8883534774,0.5312500,84,73,0.48724027907300321,0.479340235845,0.704384934682744,0.831266141382435,0.704384934682744,0.00790004322800321,SENTINEL_DEALER,R03b_20260811_FULL_v1,L1_ELIGIBILITY,v2026-08-11,2026-03-21..2026-08-06,baccarat_bet02_101_all_pairs_incl_sentinel,round_win = game_pnl > 0 (decisive only),COMPATIBILITY_ONLY_NOT_PRODUCTION,557989.4742,504875.3716,9878.7574,24851,24505,-0.01770420,0.00338982,-0.02772422,-0.01770420,-9878.7574,557989.4742,OK,0.0000,395.1503,4.0000,96.0000,AG03-UNRESOLVED,ALL5_LEVELS_bet23_to_bet27,395.1503,395.1503,395.1503,0.0000,0.0000,4.000000,4.000000,4.000000,0.000000,0.000000,96.000000,96.000000,96.000000,100.000000,100.000000,5.0,1185.4509,1138.6651,8693.3065,8740.0923,PENDING_AG03,FALSE,NOT_FOR_ENFORCEMENT,9483.6071,484680.3568,9878.7574,9483.6071,395.1503,0.01770420,0.01699603,395.1503,9483.6071,0.01699603,395.1503,395.1503,395.1503,0.0000,0.0000,9483.6071,0.01699603,1185.4509,1138.6651,8693.3065,8740.0923,0.01557970,0.01566354,0.00070817,22.4534,20.6030,0.4031,82.3230,2.6463,4649.9123,204.2083,25.9152,21.1137,12.8578,14.5296,26.176,48.8436,54.2173,102.8621,13.088,0.0,3.731508,7.079487,1.545355,30,207,63,6,0.32204186,0.01770420,-0.00338982,0E-8,0.000000,0.904812,0.002133,0.03111404,2026-03-21,2026-08-06,120,3733,1703,139,0.863309,1.227414,1.154177,1.073473,,,,,,,,GLOBAL_BASELINE_NO_ENTITY_RANKING,,,NOT_APPLICABLE_GLOBAL_BASELINE,HF9g-P5,,,,X 全窗基线 · 不参与实体赏罚,15051768,1506,A168_HF9F_20260827_0900,2026-08-27 09:00:00
2026-03-25,127529701,1299,0,434.4734971170,-96.6374384498,-96.6374384498,0.3809524,24,24,0.49883100000000000,0.498831000000,-1.0803783420150053,-1.0803783420150053,-1.0803783420150053,0E-17,ELIGIBLE,R03b_20260811_FULL_v1,L1_ELIGIBILITY,v2026-08-11,2026-03-21..2026-08-06,baccarat_bet02_101_all_pairs_incl_sentinel,round_win = game_pnl > 0 (decisive only),COMPATIBILITY_ONLY_NOT_PRODUCTION,557989.4742,504875.3716,9878.7574,24851,24505,-0.01770420,0.00338982,-0.02772422,-0.01770420,-9878.7574,557989.4742,OK,0.0000,395.1503,4.0000,96.0000,AG03-UNRESOLVED,ALL5_LEVELS_bet23_to_bet27,395.1503,395.1503,395.1503,0.0000,0.0000,4.000000,4.000000,4.000000,0.000000,0.000000,96.000000,96.000000,96.000000,100.000000,100.000000,5.0,1185.4509,1138.6651,8693.3065,8740.0923,PENDING_AG03,FALSE,NOT_FOR_ENFORCEMENT,9483.6071,484680.3568,9878.7574,9483.6071,395.1503,0.01770420,0.01699603,395.1503,9483.6071,0.01699603,395.1503,395.1503,395.1503,0.0000,0.0000,9483.6071,0.01699603,1185.4509,1138.6651,8693.3065,8740.0923,0.01557970,0.01566354,0.00070817,22.4534,20.6030,0.4031,82.3230,2.6463,4649.9123,204.2083,25.9152,21.1137,12.8578,14.5296,26.176,48.8436,54.2173,102.8621,13.088,0.0,3.731508,7.079487,1.545355,30,207,63,6,0.32204186,0.01770420,-0.00338982,0E-8,0.000000,0.904812,0.002133,0.03111404,2026-03-21,2026-08-06,120,3733,1703,139,0.863309,1.227414,1.154177,1.073473,,,,,,,,GLOBAL_BASELINE_NO_ENTITY_RANKING,,,NOT_APPLICABLE_GLOBAL_BASELINE,HF9g-P5,,,,X 全窗基线 · 不参与实体赏罚,15051769,1506,A168_HF9F_20260827_0900,2026-08-27 09:00:00
2026-03-25,127529701,1363,0,396.2924928249,107.1042999710,107.1042999710,0.5714286,27,25,0.49030220160000000,0.485837698667,0.7436753556600957,0.7847681727476777,0.7436753556600957,0.00446450293300000,ELIGIBLE,R03b_20260811_FULL_v1,L1_ELIGIBILITY,v2026-08-11,2026-03-21..2026-08-06,baccarat_bet02_101_all_pairs_incl_sentinel,round_win = game_pnl > 0 (decisive only),COMPATIBILITY_ONLY_NOT_PRODUCTION,557989.4742,504875.3716,9878.7574,24851,24505,-0.01770420,0.00338982,-0.02772422,-0.01770420,-9878.7574,557989.4742,OK,0.0000,395.1503,4.0000,96.0000,AG03-UNRESOLVED,ALL5_LEVELS_bet23_to_bet27,395.1503,395.1503,395.1503,0.0000,0.0000,4.000000,4.000000,4.000000,0.000000,0.000000,96.000000,96.000000,96.000000,100.000000,100.000000,5.0,1185.4509,1138.6651,8693.3065,8740.0923,PENDING_AG03,FALSE,NOT_FOR_ENFORCEMENT,9483.6071,484680.3568,9878.7574,9483.6071,395.1503,0.01770420,0.01699603,395.1503,9483.6071,0.01699603,395.1503,395.1503,395.1503,0.0000,0.0000,9483.6071,0.01699603,1185.4509,1138.6651,8693.3065,8740.0923,0.01557970,0.01566354,0.00070817,22.4534,20.6030,0.4031,82.3230,2.6463,4649.9123,204.2083,25.9152,21.1137,12.8578,14.5296,26.176,48.8436,54.2173,102.8621,13.088,0.0,3.731508,7.079487,1.545355,30,207,63,6,0.32204186,0.01770420,-0.00338982,0E-8,0.000000,0.904812,0.002133,0.03111404,2026-03-21,2026-08-06,120,3733,1703,139,0.863309,1.227414,1.154177,1.073473,,,,,,,,GLOBAL_BASELINE_NO_ENTITY_RANKING,,,NOT_APPLICABLE_GLOBAL_BASELINE,HF9g-P5,,,,X 全窗基线 · 不参与实体赏罚,15051770,1506,A168_HF9F_20260827_0900,2026-08-27 09:00:00
2026-03-25,127529701,1374,0,448.6926297498,-26.4897174606,-26.4897174606,0.5333333,24,20,0.48894952744318182,0.473608896667,0.3438794766361509,0.46326927237210913,0.3438794766361509,0.01534063077618182,ELIGIBLE,R03b_20260811_FULL_v1,L1_ELIGIBILITY,v2026-08-11,2026-03-21..2026-08-06,baccarat_bet02_101_all_pairs_incl_sentinel,round_win = game_pnl > 0 (decisive only),COMPATIBILITY_ONLY_NOT_PRODUCTION,557989.4742,504875.3716,9878.7574,24851,24505,-0.01770420,0.00338982,-0.02772422,-0.01770420,-9878.7574,557989.4742,OK,0.0000,395.1503,4.0000,96.0000,AG03-UNRESOLVED,ALL5_LEVELS_bet23_to_bet27,395.1503,395.1503,395.1503,0.0000,0.0000,4.000000,4.000000,4.000000,0.000000,0.000000,96.000000,96.000000,96.000000,100.000000,100.000000,5.0,1185.4509,1138.6651,8693.3065,8740.0923,PENDING_AG03,FALSE,NOT_FOR_ENFORCEMENT,9483.6071,484680.3568,9878.7574,9483.6071,395.1503,0.01770420,0.01699603,395.1503,9483.6071,0.01699603,395.1503,395.1503,395.1503,0.0000,0.0000,9483.6071,0.01699603,1185.4509,1138.6651,8693.3065,8740.0923,0.01557970,0.01566354,0.00070817,22.4534,20.6030,0.4031,82.3230,2.6463,4649.9123,204.2083,25.9152,21.1137,12.8578,14.5296,26.176,48.8436,54.2173,102.8621,13.088,0.0,3.731508,7.079487,1.545355,30,207,63,6,0.32204186,0.01770420,-0.00338982,0E-8,0.000000,0.904812,0.002133,0.03111404,2026-03-21,2026-08-06,120,3733,1703,139,0.863309,1.227414,1.154177,1.073473,,,,,,,,GLOBAL_BASELINE_NO_ENTITY_RANKING,,,NOT_APPLICABLE_GLOBAL_BASELINE,HF9g-P5,,,,X 全窗基线 · 不参与实体赏罚,15051771,1506,A168_HF9F_20260827_0900,2026-08-27 09:00:00
2026-03-25,127529701,1383,0,115.0696474182,19.3933170077,19.3933170077,0.4285714,7,7,0.49899058571428571,0.498990585714,-0.3726239140161595,-0.3726239140146481,-0.3726239140161595,2.8571E-13,ELIGIBLE,R03b_20260811_FULL_v1,L1_ELIGIBILITY,v2026-08-11,2026-03-21..2026-08-06,baccarat_bet02_101_all_pairs_incl_sentinel,round_win = game_pnl > 0 (decisive only),COMPATIBILITY_ONLY_NOT_PRODUCTION,557989.4742,504875.3716,9878.7574,24851,24505,-0.01770420,0.00338982,-0.02772422,-0.01770420,-9878.7574,557989.4742,OK,0.0000,395.1503,4.0000,96.0000,AG03-UNRESOLVED,ALL5_LEVELS_bet23_to_bet27,395.1503,395.1503,395.1503,0.0000,0.0000,4.000000,4.000000,4.000000,0.000000,0.000000,96.000000,96.000000,96.000000,100.000000,100.000000,5.0,1185.4509,1138.6651,8693.3065,8740.0923,PENDING_AG03,FALSE,NOT_FOR_ENFORCEMENT,9483.6071,484680.3568,9878.7574,9483.6071,395.1503,0.01770420,0.01699603,395.1503,9483.6071,0.01699603,395.1503,395.1503,395.1503,0.0000,0.0000,9483.6071,0.01699603,1185.4509,1138.6651,8693.3065,8740.0923,0.01557970,0.01566354,0.00070817,22.4534,20.6030,0.4031,82.3230,2.6463,4649.9123,204.2083,25.9152,21.1137,12.8578,14.5296,26.176,48.8436,54.2173,102.8621,13.088,0.0,3.731508,7.079487,1.545355,30,207,63,6,0.32204186,0.01770420,-0.00338982,0E-8,0.000000,0.904812,0.002133,0.03111404,2026-03-21,2026-08-06,120,3733,1703,139,0.863309,1.227414,1.154177,1.073473,,,,,,,,GLOBAL_BASELINE_NO_ENTITY_RANKING,,,NOT_APPLICABLE_GLOBAL_BASELINE,HF9g-P5,,,,X 全窗基线 · 不参与实体赏罚,15051772,1506,A168_HF9F_20260827_0900,2026-08-27 09:00:00
2026-03-25,127529701,1400,0,57.1398478026,-13.8241567265,-13.8241567265,0.3333333,4,4,0.49659680000000000,0.496596800000,-0.5655743394288276,-0.5655743394288276,-0.5655743394288276,0E-17,ELIGIBLE,R03b_20260811_FULL_v1,L1_ELIGIBILITY,v2026-08-11,2026-03-21..2026-08-06,baccarat_bet02_101_all_pairs_incl_sentinel,round_win = game_pnl > 0 (decisive only),COMPATIBILITY_ONLY_NOT_PRODUCTION,557989.4742,504875.3716,9878.7574,24851,24505,-0.01770420,0.00338982,-0.02772422,-0.01770420,-9878.7574,557989.4742,OK,0.0000,395.1503,4.0000,96.0000,AG03-UNRESOLVED,ALL5_LEVELS_bet23_to_bet27,395.1503,395.1503,395.1503,0.0000,0.0000,4.000000,4.000000,4.000000,0.000000,0.000000,96.000000,96.000000,96.000000,100.000000,100.000000,5.0,1185.4509,1138.6651,8693.3065,8740.0923,PENDING_AG03,FALSE,NOT_FOR_ENFORCEMENT,9483.6071,484680.3568,9878.7574,9483.6071,395.1503,0.01770420,0.01699603,395.1503,9483.6071,0.01699603,395.1503,395.1503,395.1503,0.0000,0.0000,9483.6071,0.01699603,1185.4509,1138.6651,8693.3065,8740.0923,0.01557970,0.01566354,0.00070817,22.4534,20.6030,0.4031,82.3230,2.6463,4649.9123,204.2083,25.9152,21.1137,12.8578,14.5296,26.176,48.8436,54.2173,102.8621,13.088,0.0,3.731508,7.079487,1.545355,30,207,63,6,0.32204186,0.01770420,-0.00338982,0E-8,0.000000,0.904812,0.002133,0.03111404,2026-03-21,2026-08-06,120,3733,1703,139,0.863309,1.227414,1.154177,1.073473,,,,,,,,GLOBAL_BASELINE_NO_ENTITY_RANKING,,,NOT_APPLICABLE_GLOBAL_BASELINE,HF9g-P5,,,,X 全窗基线 · 不参与实体赏罚,15051773,1506,A168_HF9F_20260827_0900,2026-08-27 09:00:00
2026-03-25,127529701,1654,0,5.2663454196,5.2663454196,5.2663454196,1.0000000,1,1,0.49324550000000000,0.493245500000,1.01360149184955,1.01360149184955,1.01360149184955,0E-17,ELIGIBLE,R03b_20260811_FULL_v1,L1_ELIGIBILITY,v2026-08-11,2026-03-21..2026-08-06,baccarat_bet02_101_all_pairs_incl_sentinel,round_win = game_pnl > 0 (decisive only),COMPATIBILITY_ONLY_NOT_PRODUCTION,557989.4742,504875.3716,9878.7574,24851,24505,-0.01770420,0.00338982,-0.02772422,-0.01770420,-9878.7574,557989.4742,OK,0.0000,395.1503,4.0000,96.0000,AG03-UNRESOLVED,ALL5_LEVELS_bet23_to_bet27,395.1503,395.1503,395.1503,0.0000,0.0000,4.000000,4.000000,4.000000,0.000000,0.000000,96.000000,96.000000,96.000000,100.000000,100.000000,5.0,1185.4509,1138.6651,8693.3065,8740.0923,PENDING_AG03,FALSE,NOT_FOR_ENFORCEMENT,9483.6071,484680.3568,9878.7574,9483.6071,395.1503,0.01770420,0.01699603,395.1503,9483.6071,0.01699603,395.1503,395.1503,395.1503,0.0000,0.0000,9483.6071,0.01699603,1185.4509,1138.6651,8693.3065,8740.0923,0.01557970,0.01566354,0.00070817,22.4534,20.6030,0.4031,82.3230,2.6463,4649.9123,204.2083,25.9152,21.1137,12.8578,14.5296,26.176,48.8436,54.2173,102.8621,13.088,0.0,3.731508,7.079487,1.545355,30,207,63,6,0.32204186,0.01770420,-0.00338982,0E-8,0.000000,0.904812,0.002133,0.03111404,2026-03-21,2026-08-06,120,3733,1703,139,0.863309,1.227414,1.154177,1.073473,,,,,,,,GLOBAL_BASELINE_NO_ENTITY_RANKING,,,NOT_APPLICABLE_GLOBAL_BASELINE,HF9g-P5,,,,X 全窗基线 · 不参与实体赏罚,15051774,1506,A168_HF9F_20260827_0900,2026-08-27 09:00:00
2026-03-25,127529701,2123,0,179.0557442663,111.6333570319,111.6333570319,0.7500000,12,12,0.49994810000000000,0.499948100000,1.7324103906494044,1.7324103906494044,1.7324103906494044,0E-17,ELIGIBLE,R03b_20260811_FULL_v1,L1_ELIGIBILITY,v2026-08-11,2026-03-21..2026-08-06,baccarat_bet02_101_all_pairs_incl_sentinel,round_win = game_pnl > 0 (decisive only),COMPATIBILITY_ONLY_NOT_PRODUCTION,557989.4742,504875.3716,9878.7574,24851,24505,-0.01770420,0.00338982,-0.02772422,-0.01770420,-9878.7574,557989.4742,OK,0.0000,395.1503,4.0000,96.0000,AG03-UNRESOLVED,ALL5_LEVELS_bet23_to_bet27,395.1503,395.1503,395.1503,0.0000,0.0000,4.000000,4.000000,4.000000,0.000000,0.000000,96.000000,96.000000,96.000000,100.000000,100.000000,5.0,1185.4509,1138.6651,8693.3065,8740.0923,PENDING_AG03,FALSE,NOT_FOR_ENFORCEMENT,9483.6071,484680.3568,9878.7574,9483.6071,395.1503,0.01770420,0.01699603,395.1503,9483.6071,0.01699603,395.1503,395.1503,395.1503,0.0000,0.0000,9483.6071,0.01699603,1185.4509,1138.6651,8693.3065,8740.0923,0.01557970,0.01566354,0.00070817,22.4534,20.6030,0.4031,82.3230,2.6463,4649.9123,204.2083,25.9152,21.1137,12.8578,14.5296,26.176,48.8436,54.2173,102.8621,13.088,0.0,3.731508,7.079487,1.545355,30,207,63,6,0.32204186,0.01770420,-0.00338982,0E-8,0.000000,0.904812,0.002133,0.03111404,2026-03-21,2026-08-06,120,3733,1703,139,0.863309,1.227414,1.154177,1.073473,,,,,,,,GLOBAL_BASELINE_NO_ENTITY_RANKING,,,NOT_APPLICABLE_GLOBAL_BASELINE,HF9g-P5,,,,X 全窗基线 · 不参与实体赏罚,15051775,1506,A168_HF9F_20260827_0900,2026-08-27 09:00:00
2026-03-25,127529701,2129,0,3.4231245227,-3.4231245227,-3.4231245227,0E-7,1,1,0.49324550000000000,0.493245500000,-0.9865810262130424,-0.9865810262130424,-0.9865810262130424,0E-17,ELIGIBLE,R03b_20260811_FULL_v1,L1_ELIGIBILITY,v2026-08-11,2026-03-21..2026-08-06,baccarat_bet02_101_all_pairs_incl_sentinel,round_win = game_pnl > 0 (decisive only),COMPATIBILITY_ONLY_NOT_PRODUCTION,557989.4742,504875.3716,9878.7574,24851,24505,-0.01770420,0.00338982,-0.02772422,-0.01770420,-9878.7574,557989.4742,OK,0.0000,395.1503,4.0000,96.0000,AG03-UNRESOLVED,ALL5_LEVELS_bet23_to_bet27,395.1503,395.1503,395.1503,0.0000,0.0000,4.000000,4.000000,4.000000,0.000000,0.000000,96.000000,96.000000,96.000000,100.000000,100.000000,5.0,1185.4509,1138.6651,8693.3065,8740.0923,PENDING_AG03,FALSE,NOT_FOR_ENFORCEMENT,9483.6071,484680.3568,9878.7574,9483.6071,395.1503,0.01770420,0.01699603,395.1503,9483.6071,0.01699603,395.1503,395.1503,395.1503,0.0000,0.0000,9483.6071,0.01699603,1185.4509,1138.6651,8693.3065,8740.0923,0.01557970,0.01566354,0.00070817,22.4534,20.6030,0.4031,82.3230,2.6463,4649.9123,204.2083,25.9152,21.1137,12.8578,14.5296,26.176,48.8436,54.2173,102.8621,13.088,0.0,3.731508,7.079487,1.545355,30,207,63,6,0.32204186,0.01770420,-0.00338982,0E-8,0.000000,0.904812,0.002133,0.03111404,2026-03-21,2026-08-06,120,3733,1703,139,0.863309,1.227414,1.154177,1.073473,,,,,,,,GLOBAL_BASELINE_NO_ENTITY_RANKING,,,NOT_APPLICABLE_GLOBAL_BASELINE,HF9g-P5,,,,X 全窗基线 · 不参与实体赏罚,15051776,1506,A168_HF9F_20260827_0900,2026-08-27 09:00:00
2026-03-25,127529701,595,0,68.4624904548,-68.4624904548,-68.4624904548,0E-7,3,3,0.50218230000000000,0.502182300000,-1.7396270863184011,-1.7396270863184016,-1.7396270863184011,0E-17,ELIGIBLE,R03b_20260811_FULL_v1,L1_ELIGIBILITY,v2026-08-11,2026-03-21..2026-08-06,baccarat_bet02_101_all_pairs_incl_sentinel,round_win = game_pnl > 0 (decisive only),COMPATIBILITY_ONLY_NOT_PRODUCTION,557989.4742,504875.3716,9878.7574,24851,24505,-0.01770420,0.00338982,-0.02772422,-0.01770420,-9878.7574,557989.4742,OK,0.0000,395.1503,4.0000,96.0000,AG03-UNRESOLVED,ALL5_LEVELS_bet23_to_bet27,395.1503,395.1503,395.1503,0.0000,0.0000,4.000000,4.000000,4.000000,0.000000,0.000000,96.000000,96.000000,96.000000,100.000000,100.000000,5.0,1185.4509,1138.6651,8693.3065,8740.0923,PENDING_AG03,FALSE,NOT_FOR_ENFORCEMENT,9483.6071,484680.3568,9878.7574,9483.6071,395.1503,0.01770420,0.01699603,395.1503,9483.6071,0.01699603,395.1503,395.1503,395.1503,0.0000,0.0000,9483.6071,0.01699603,1185.4509,1138.6651,8693.3065,8740.0923,0.01557970,0.01566354,0.00070817,22.4534,20.6030,0.4031,82.3230,2.6463,4649.9123,204.2083,25.9152,21.1137,12.8578,14.5296,26.176,48.8436,54.2173,102.8621,13.088,0.0,3.731508,7.079487,1.545355,30,207,63,6,0.32204186,0.01770420,-0.00338982,0E-8,0.000000,0.904812,0.002133,0.03111404,2026-03-21,2026-08-06,120,3733,1703,139,0.863309,1.227414,1.154177,1.073473,,,,,,,,GLOBAL_BASELINE_NO_ENTITY_RANKING,,,NOT_APPLICABLE_GLOBAL_BASELINE,HF9g-P5,,,,X 全窗基线 · 不参与实体赏罚,15051777,1506,A168_HF9F_20260827_0900,2026-08-27 09:00:00
2026-03-25,127529701,763,0,13.1658635490,-13.1658635490,-13.1658635490,0E-7,1,1,0.50665070000000000,0.506650700000,-1.013391052207602,-1.013391052207602,-1.013391052207602,0E-17,ELIGIBLE,R03b_20260811_FULL_v1,L1_ELIGIBILITY,v2026-08-11,2026-03-21..2026-08-06,baccarat_bet02_101_all_pairs_incl_sentinel,round_win = game_pnl > 0 (decisive only),COMPATIBILITY_ONLY_NOT_PRODUCTION,557989.4742,504875.3716,9878.7574,24851,24505,-0.01770420,0.00338982,-0.02772422,-0.01770420,-9878.7574,557989.4742,OK,0.0000,395.1503,4.0000,96.0000,AG03-UNRESOLVED,ALL5_LEVELS_bet23_to_bet27,395.1503,395.1503,395.1503,0.0000,0.0000,4.000000,4.000000,4.000000,0.000000,0.000000,96.000000,96.000000,96.000000,100.000000,100.000000,5.0,1185.4509,1138.6651,8693.3065,8740.0923,PENDING_AG03,FALSE,NOT_FOR_ENFORCEMENT,9483.6071,484680.3568,9878.7574,9483.6071,395.1503,0.01770420,0.01699603,395.1503,9483.6071,0.01699603,395.1503,395.1503,395.1503,0.0000,0.0000,9483.6071,0.01699603,1185.4509,1138.6651,8693.3065,8740.0923,0.01557970,0.01566354,0.00070817,22.4534,20.6030,0.4031,82.3230,2.6463,4649.9123,204.2083,25.9152,21.1137,12.8578,14.5296,26.176,48.8436,54.2173,102.8621,13.088,0.0,3.731508,7.079487,1.545355,30,207,63,6,0.32204186,0.01770420,-0.00338982,0E-8,0.000000,0.904812,0.002133,0.03111404,2026-03-21,2026-08-06,120,3733,1703,139,0.863309,1.227414,1.154177,1.073473,,,,,,,,GLOBAL_BASELINE_NO_ENTITY_RANKING,,,NOT_APPLICABLE_GLOBAL_BASELINE,HF9g-P5,,,,X 全窗基线 · 不参与实体赏罚,15051778,1506,A168_HF9F_20260827_0900,2026-08-27 09:00:00
2026-03-25,127529701,987,0,6.5829317745,-6.5829317745,-6.5829317745,0E-7,1,1,0.50665070000000000,0.506650700000,-1.013391052207602,-1.013391052207602,-1.013391052207602,0E-17,ELIGIBLE,R03b_20260811_FULL_v1,L1_ELIGIBILITY,v2026-08-11,2026-03-21..2026-08-06,baccarat_bet02_101_all_pairs_incl_sentinel,round_win = game_pnl > 0 (decisive only),COMPATIBILITY_ONLY_NOT_PRODUCTION,557989.4742,504875.3716,9878.7574,24851,24505,-0.01770420,0.00338982,-0.02772422,-0.01770420,-9878.7574,557989.4742,OK,0.0000,395.1503,4.0000,96.0000,AG03-UNRESOLVED,ALL5_LEVELS_bet23_to_bet27,395.1503,395.1503,395.1503,0.0000,0.0000,4.000000,4.000000,4.000000,0.000000,0.000000,96.000000,96.000000,96.000000,100.000000,100.000000,5.0,1185.4509,1138.6651,8693.3065,8740.0923,PENDING_AG03,FALSE,NOT_FOR_ENFORCEMENT,9483.6071,484680.3568,9878.7574,9483.6071,395.1503,0.01770420,0.01699603,395.1503,9483.6071,0.01699603,395.1503,395.1503,395.1503,0.0000,0.0000,9483.6071,0.01699603,1185.4509,1138.6651,8693.3065,8740.0923,0.01557970,0.01566354,0.00070817,22.4534,20.6030,0.4031,82.3230,2.6463,4649.9123,204.2083,25.9152,21.1137,12.8578,14.5296,26.176,48.8436,54.2173,102.8621,13.088,0.0,3.731508,7.079487,1.545355,30,207,63,6,0.32204186,0.01770420,-0.00338982,0E-8,0.000000,0.904812,0.002133,0.03111404,2026-03-21,2026-08-06,120,3733,1703,139,0.863309,1.227414,1.154177,1.073473,,,,,,,,GLOBAL_BASELINE_NO_ENTITY_RANKING,,,NOT_APPLICABLE_GLOBAL_BASELINE,HF9g-P5,,,,X 全窗基线 · 不参与实体赏罚,15051779,1506,A168_HF9F_20260827_0900,2026-08-27 09:00:00
2026-03-25,127529701,994,0,78.9951812940,-39.4975906470,-39.4975906470,0E-7,5,5,0.49860758000000000,0.498607580000,-1.727234020849126,-1.727234020849126,-1.727234020849126,0E-17,ELIGIBLE,R03b_20260811_FULL_v1,L1_ELIGIBILITY,v2026-08-11,2026-03-21..2026-08-06,baccarat_bet02_101_all_pairs_incl_sentinel,round_win = game_pnl > 0 (decisive only),COMPATIBILITY_ONLY_NOT_PRODUCTION,557989.4742,504875.3716,9878.7574,24851,24505,-0.01770420,0.00338982,-0.02772422,-0.01770420,-9878.7574,557989.4742,OK,0.0000,395.1503,4.0000,96.0000,AG03-UNRESOLVED,ALL5_LEVELS_bet23_to_bet27,395.1503,395.1503,395.1503,0.0000,0.0000,4.000000,4.000000,4.000000,0.000000,0.000000,96.000000,96.000000,96.000000,100.000000,100.000000,5.0,1185.4509,1138.6651,8693.3065,8740.0923,PENDING_AG03,FALSE,NOT_FOR_ENFORCEMENT,9483.6071,484680.3568,9878.7574,9483.6071,395.1503,0.01770420,0.01699603,395.1503,9483.6071,0.01699603,395.1503,395.1503,395.1503,0.0000,0.0000,9483.6071,0.01699603,1185.4509,1138.6651,8693.3065,8740.0923,0.01557970,0.01566354,0.00070817,22.4534,20.6030,0.4031,82.3230,2.6463,4649.9123,204.2083,25.9152,21.1137,12.8578,14.5296,26.176,48.8436,54.2173,102.8621,13.088,0.0,3.731508,7.079487,1.545355,30,207,63,6,0.32204186,0.01770420,-0.00338982,0E-8,0.000000,0.904812,0.002133,0.03111404,2026-03-21,2026-08-06,120,3733,1703,139,0.863309,1.227414,1.154177,1.073473,,,,,,,,GLOBAL_BASELINE_NO_ENTITY_RANKING,,,NOT_APPLICABLE_GLOBAL_BASELINE,HF9g-P5,,,,X 全窗基线 · 不参与实体赏罚,15051780,1506,A168_HF9F_20260827_0900,2026-08-27 09:00:00
2026-03-26,127529701,-1,1,854.4645443298,-49.5826421259,-49.5826421259,0.4909091,58,57,0.49366347280701754,0.493663472807,-0.04085736683573144,-0.04085736683547128,-0.04085736683573144,1.754E-14,SENTINEL_DEALER,R03b_20260811_FULL_v1,L1_ELIGIBILITY,v2026-08-11,2026-03-21..2026-08-06,baccarat_bet02_101_all_pairs_incl_sentinel,round_win = game_pnl > 0 (decisive only),COMPATIBILITY_ONLY_NOT_PRODUCTION,557989.4742,504875.3716,9878.7574,24851,24505,-0.01770420,0.00338982,-0.02772422,-0.01770420,-9878.7574,557989.4742,OK,0.0000,395.1503,4.0000,96.0000,AG03-UNRESOLVED,ALL5_LEVELS_bet23_to_bet27,395.1503,395.1503,395.1503,0.0000,0.0000,4.000000,4.000000,4.000000,0.000000,0.000000,96.000000,96.000000,96.000000,100.000000,100.000000,5.0,1185.4509,1138.6651,8693.3065,8740.0923,PENDING_AG03,FALSE,NOT_FOR_ENFORCEMENT,9483.6071,484680.3568,9878.7574,9483.6071,395.1503,0.01770420,0.01699603,395.1503,9483.6071,0.01699603,395.1503,395.1503,395.1503,0.0000,0.0000,9483.6071,0.01699603,1185.4509,1138.6651,8693.3065,8740.0923,0.01557970,0.01566354,0.00070817,22.4534,20.6030,0.4031,82.3230,2.6463,4649.9123,204.2083,25.9152,21.1137,12.8578,14.5296,26.176,48.8436,54.2173,102.8621,13.088,0.0,3.731508,7.079487,1.545355,30,207,63,6,0.32204186,0.01770420,-0.00338982,0E-8,0.000000,0.904812,0.002133,0.03111404,2026-03-21,2026-08-06,120,3733,1703,139,0.863309,1.227414,1.154177,1.073473,,,,,,,,GLOBAL_BASELINE_NO_ENTITY_RANKING,,,NOT_APPLICABLE_GLOBAL_BASELINE,HF9g-P5,,,,X 全窗基线 · 不参与实体赏罚,15051781,1506,A168_HF9F_20260827_0900,2026-08-27 09:00:00
2026-03-26,127529701,1017,0,91.1077757591,21.4603575848,21.4603575848,0.7142857,8,8,0.49994810000000000,0.499948100000,1.134168054123783,1.134168054123783,1.134168054123783,0E-17,ELIGIBLE,R03b_20260811_FULL_v1,L1_ELIGIBILITY,v2026-08-11,2026-03-21..2026-08-06,baccarat_bet02_101_all_pairs_incl_sentinel,round_win = game_pnl > 0 (decisive only),COMPATIBILITY_ONLY_NOT_PRODUCTION,557989.4742,504875.3716,9878.7574,24851,24505,-0.01770420,0.00338982,-0.02772422,-0.01770420,-9878.7574,557989.4742,OK,0.0000,395.1503,4.0000,96.0000,AG03-UNRESOLVED,ALL5_LEVELS_bet23_to_bet27,395.1503,395.1503,395.1503,0.0000,0.0000,4.000000,4.000000,4.000000,0.000000,0.000000,96.000000,96.000000,96.000000,100.000000,100.000000,5.0,1185.4509,1138.6651,8693.3065,8740.0923,PENDING_AG03,FALSE,NOT_FOR_ENFORCEMENT,9483.6071,484680.3568,9878.7574,9483.6071,395.1503,0.01770420,0.01699603,395.1503,9483.6071,0.01699603,395.1503,395.1503,395.1503,0.0000,0.0000,9483.6071,0.01699603,1185.4509,1138.6651,8693.3065,8740.0923,0.01557970,0.01566354,0.00070817,22.4534,20.6030,0.4031,82.3230,2.6463,4649.9123,204.2083,25.9152,21.1137,12.8578,14.5296,26.176,48.8436,54.2173,102.8621,13.088,0.0,3.731508,7.079487,1.545355,30,207,63,6,0.32204186,0.01770420,-0.00338982,0E-8,0.000000,0.904812,0.002133,0.03111404,2026-03-21,2026-08-06,120,3733,1703,139,0.863309,1.227414,1.154177,1.073473,,,,,,,,GLOBAL_BASELINE_NO_ENTITY_RANKING,,,NOT_APPLICABLE_GLOBAL_BASELINE,HF9g-P5,,,,X 全窗基线 · 不参与实体赏罚,15051782,1506,A168_HF9F_20260827_0900,2026-08-27 09:00:00
2026-03-26,127529701,1094,0,65.8293177450,38.1810042921,38.1810042921,1.0000000,3,3,0.50218230000000000,0.502182300000,1.4080544974538591,1.4080544974538591,1.4080544974538591,0E-17,ELIGIBLE,R03b_20260811_FULL_v1,L1_ELIGIBILITY,v2026-08-11,2026-03-21..2026-08-06,baccarat_bet02_101_all_pairs_incl_sentinel,round_win = game_pnl > 0 (decisive only),COMPATIBILITY_ONLY_NOT_PRODUCTION,557989.4742,504875.3716,9878.7574,24851,24505,-0.01770420,0.00338982,-0.02772422,-0.01770420,-9878.7574,557989.4742,OK,0.0000,395.1503,4.0000,96.0000,AG03-UNRESOLVED,ALL5_LEVELS_bet23_to_bet27,395.1503,395.1503,395.1503,0.0000,0.0000,4.000000,4.000000,4.000000,0.000000,0.000000,96.000000,96.000000,96.000000,100.000000,100.000000,5.0,1185.4509,1138.6651,8693.3065,8740.0923,PENDING_AG03,FALSE,NOT_FOR_ENFORCEMENT,9483.6071,484680.3568,9878.7574,9483.6071,395.1503,0.01770420,0.01699603,395.1503,9483.6071,0.01699603,395.1503,395.1503,395.1503,0.0000,0.0000,9483.6071,0.01699603,1185.4509,1138.6651,8693.3065,8740.0923,0.01557970,0.01566354,0.00070817,22.4534,20.6030,0.4031,82.3230,2.6463,4649.9123,204.2083,25.9152,21.1137,12.8578,14.5296,26.176,48.8436,54.2173,102.8621,13.088,0.0,3.731508,7.079487,1.545355,30,207,63,6,0.32204186,0.01770420,-0.00338982,0E-8,0.000000,0.904812,0.002133,0.03111404,2026-03-21,2026-08-06,120,3733,1703,139,0.863309,1.227414,1.154177,1.073473,,,,,,,,GLOBAL_BASELINE_NO_ENTITY_RANKING,,,NOT_APPLICABLE_GLOBAL_BASELINE,HF9g-P5,,,,X 全窗基线 · 不参与实体赏罚,15051783,1506,A168_HF9F_20260827_0900,2026-08-27 09:00:00
2026-03-26,127529701,1384,0,358.1114885328,-110.1982779054,-110.1982779054,0.3529412,23,21,0.49542050507936508,0.487192841270,-1.1749639258309101,-1.1074309373597742,-1.1749639258309101,0.00822766380936508,ELIGIBLE,R03b_20260811_FULL_v1,L1_ELIGIBILITY,v2026-08-11,2026-03-21..2026-08-06,baccarat_bet02_101_all_pairs_incl_sentinel,round_win = game_pnl > 0 (decisive only),COMPATIBILITY_ONLY_NOT_PRODUCTION,557989.4742,504875.3716,9878.7574,24851,24505,-0.01770420,0.00338982,-0.02772422,-0.01770420,-9878.7574,557989.4742,OK,0.0000,395.1503,4.0000,96.0000,AG03-UNRESOLVED,ALL5_LEVELS_bet23_to_bet27,395.1503,395.1503,395.1503,0.0000,0.0000,4.000000,4.000000,4.000000,0.000000,0.000000,96.000000,96.000000,96.000000,100.000000,100.000000,5.0,1185.4509,1138.6651,8693.3065,8740.0923,PENDING_AG03,FALSE,NOT_FOR_ENFORCEMENT,9483.6071,484680.3568,9878.7574,9483.6071,395.1503,0.01770420,0.01699603,395.1503,9483.6071,0.01699603,395.1503,395.1503,395.1503,0.0000,0.0000,9483.6071,0.01699603,1185.4509,1138.6651,8693.3065,8740.0923,0.01557970,0.01566354,0.00070817,22.4534,20.6030,0.4031,82.3230,2.6463,4649.9123,204.2083,25.9152,21.1137,12.8578,14.5296,26.176,48.8436,54.2173,102.8621,13.088,0.0,3.731508,7.079487,1.545355,30,207,63,6,0.32204186,0.01770420,-0.00338982,0E-8,0.000000,0.904812,0.002133,0.03111404,2026-03-21,2026-08-06,120,3733,1703,139,0.863309,1.227414,1.154177,1.073473,,,,,,,,GLOBAL_BASELINE_NO_ENTITY_RANKING,,,NOT_APPLICABLE_GLOBAL_BASELINE,HF9g-P5,,,,X 全窗基线 · 不参与实体赏罚,15051784,1506,A168_HF9F_20260827_0900,2026-08-27 09:00:00
2026-03-26,127529701,1646,0,173.7893988468,-57.2715064382,-57.2715064382,0.3750000,9,9,0.50218230000000000,0.502182300000,-0.7194585869949017,-0.7194585869949017,-0.7194585869949017,0E-17,ELIGIBLE,R03b_20260811_FULL_v1,L1_ELIGIBILITY,v2026-08-11,2026-03-21..2026-08-06,baccarat_bet02_101_all_pairs_incl_sentinel,round_win = game_pnl > 0 (decisive only),COMPATIBILITY_ONLY_NOT_PRODUCTION,557989.4742,504875.3716,9878.7574,24851,24505,-0.01770420,0.00338982,-0.02772422,-0.01770420,-9878.7574,557989.4742,OK,0.0000,395.1503,4.0000,96.0000,AG03-UNRESOLVED,ALL5_LEVELS_bet23_to_bet27,395.1503,395.1503,395.1503,0.0000,0.0000,4.000000,4.000000,4.000000,0.000000,0.000000,96.000000,96.000000,96.000000,100.000000,100.000000,5.0,1185.4509,1138.6651,8693.3065,8740.0923,PENDING_AG03,FALSE,NOT_FOR_ENFORCEMENT,9483.6071,484680.3568,9878.7574,9483.6071,395.1503,0.01770420,0.01699603,395.1503,9483.6071,0.01699603,395.1503,395.1503,395.1503,0.0000,0.0000,9483.6071,0.01699603,1185.4509,1138.6651,8693.3065,8740.0923,0.01557970,0.01566354,0.00070817,22.4534,20.6030,0.4031,82.3230,2.6463,4649.9123,204.2083,25.9152,21.1137,12.8578,14.5296,26.176,48.8436,54.2173,102.8621,13.088,0.0,3.731508,7.079487,1.545355,30,207,63,6,0.32204186,0.01770420,-0.00338982,0E-8,0.000000,0.904812,0.002133,0.03111404,2026-03-21,2026-08-06,120,3733,1703,139,0.863309,1.227414,1.154177,1.073473,,,,,,,,GLOBAL_BASELINE_NO_ENTITY_RANKING,,,NOT_APPLICABLE_GLOBAL_BASELINE,HF9g-P5,,,,X 全窗基线 · 不参与实体赏罚,15051785,1506,A168_HF9F_20260827_0900,2026-08-27 09:00:00
2026-03-26,127529701,1704,0,157.9903625880,-47.3971087764,-47.3971087764,0.3333333,9,9,0.50069283333333333,0.500692833333,-1.0041579640283138,-1.0041579640263127,-1.0041579640283138,3.3333E-13,ELIGIBLE,R03b_20260811_FULL_v1,L1_ELIGIBILITY,v2026-08-11,2026-03-21..2026-08-06,baccarat_bet02_101_all_pairs_incl_sentinel,round_win = game_pnl > 0 (decisive only),COMPATIBILITY_ONLY_NOT_PRODUCTION,557989.4742,504875.3716,9878.7574,24851,24505,-0.01770420,0.00338982,-0.02772422,-0.01770420,-9878.7574,557989.4742,OK,0.0000,395.1503,4.0000,96.0000,AG03-UNRESOLVED,ALL5_LEVELS_bet23_to_bet27,395.1503,395.1503,395.1503,0.0000,0.0000,4.000000,4.000000,4.000000,0.000000,0.000000,96.000000,96.000000,96.000000,100.000000,100.000000,5.0,1185.4509,1138.6651,8693.3065,8740.0923,PENDING_AG03,FALSE,NOT_FOR_ENFORCEMENT,9483.6071,484680.3568,9878.7574,9483.6071,395.1503,0.01770420,0.01699603,395.1503,9483.6071,0.01699603,395.1503,395.1503,395.1503,0.0000,0.0000,9483.6071,0.01699603,1185.4509,1138.6651,8693.3065,8740.0923,0.01557970,0.01566354,0.00070817,22.4534,20.6030,0.4031,82.3230,2.6463,4649.9123,204.2083,25.9152,21.1137,12.8578,14.5296,26.176,48.8436,54.2173,102.8621,13.088,0.0,3.731508,7.079487,1.545355,30,207,63,6,0.32204186,0.01770420,-0.00338982,0E-8,0.000000,0.904812,0.002133,0.03111404,2026-03-21,2026-08-06,120,3733,1703,139,0.863309,1.227414,1.154177,1.073473,,,,,,,,GLOBAL_BASELINE_NO_ENTITY_RANKING,,,NOT_APPLICABLE_GLOBAL_BASELINE,HF9g-P5,,,,X 全窗基线 · 不参与实体赏罚,15051786,1506,A168_HF9F_20260827_0900,2026-08-27 09:00:00
2026-03-26,127529701,1941,0,23.6985543882,-10.5326908392,-10.5326908392,0E-7,2,2,0.49994810000000000,0.499948100000,-0.9998962053866608,-0.9998962053866608,-0.9998962053866608,0E-17,ELIGIBLE,R03b_20260811_FULL_v1,L1_ELIGIBILITY,v2026-08-11,2026-03-21..2026-08-06,baccarat_bet02_101_all_pairs_incl_sentinel,round_win = game_pnl > 0 (decisive only),COMPATIBILITY_ONLY_NOT_PRODUCTION,557989.4742,504875.3716,9878.7574,24851,24505,-0.01770420,0.00338982,-0.02772422,-0.01770420,-9878.7574,557989.4742,OK,0.0000,395.1503,4.0000,96.0000,AG03-UNRESOLVED,ALL5_LEVELS_bet23_to_bet27,395.1503,395.1503,395.1503,0.0000,0.0000,4.000000,4.000000,4.000000,0.000000,0.000000,96.000000,96.000000,96.000000,100.000000,100.000000,5.0,1185.4509,1138.6651,8693.3065,8740.0923,PENDING_AG03,FALSE,NOT_FOR_ENFORCEMENT,9483.6071,484680.3568,9878.7574,9483.6071,395.1503,0.01770420,0.01699603,395.1503,9483.6071,0.01699603,395.1503,395.1503,395.1503,0.0000,0.0000,9483.6071,0.01699603,1185.4509,1138.6651,8693.3065,8740.0923,0.01557970,0.01566354,0.00070817,22.4534,20.6030,0.4031,82.3230,2.6463,4649.9123,204.2083,25.9152,21.1137,12.8578,14.5296,26.176,48.8436,54.2173,102.8621,13.088,0.0,3.731508,7.079487,1.545355,30,207,63,6,0.32204186,0.01770420,-0.00338982,0E-8,0.000000,0.904812,0.002133,0.03111404,2026-03-21,2026-08-06,120,3733,1703,139,0.863309,1.227414,1.154177,1.073473,,,,,,,,GLOBAL_BASELINE_NO_ENTITY_RANKING,,,NOT_APPLICABLE_GLOBAL_BASELINE,HF9g-P5,,,,X 全窗基线 · 不参与实体赏罚,15051787,1506,A168_HF9F_20260827_0900,2026-08-27 09:00:00
2026-03-26,127529701,2088,0,73.7288358744,-52.6634541960,-52.6634541960,0.3333333,9,9,0.50218230000000000,0.502182300000,-1.0131034497211469,-1.0131034497211469,-1.0131034497211469,0E-17,ELIGIBLE,R03b_20260811_FULL_v1,L1_ELIGIBILITY,v2026-08-11,2026-03-21..2026-08-06,baccarat_bet02_101_all_pairs_incl_sentinel,round_win = game_pnl > 0 (decisive only),COMPATIBILITY_ONLY_NOT_PRODUCTION,557989.4742,504875.3716,9878.7574,24851,24505,-0.01770420,0.00338982,-0.02772422,-0.01770420,-9878.7574,557989.4742,OK,0.0000,395.1503,4.0000,96.0000,AG03-UNRESOLVED,ALL5_LEVELS_bet23_to_bet27,395.1503,395.1503,395.1503,0.0000,0.0000,4.000000,4.000000,4.000000,0.000000,0.000000,96.000000,96.000000,96.000000,100.000000,100.000000,5.0,1185.4509,1138.6651,8693.3065,8740.0923,PENDING_AG03,FALSE,NOT_FOR_ENFORCEMENT,9483.6071,484680.3568,9878.7574,9483.6071,395.1503,0.01770420,0.01699603,395.1503,9483.6071,0.01699603,395.1503,395.1503,395.1503,0.0000,0.0000,9483.6071,0.01699603,1185.4509,1138.6651,8693.3065,8740.0923,0.01557970,0.01566354,0.00070817,22.4534,20.6030,0.4031,82.3230,2.6463,4649.9123,204.2083,25.9152,21.1137,12.8578,14.5296,26.176,48.8436,54.2173,102.8621,13.088,0.0,3.731508,7.079487,1.545355,30,207,63,6,0.32204186,0.01770420,-0.00338982,0E-8,0.000000,0.904812,0.002133,0.03111404,2026-03-21,2026-08-06,120,3733,1703,139,0.863309,1.227414,1.154177,1.073473,,,,,,,,GLOBAL_BASELINE_NO_ENTITY_RANKING,,,NOT_APPLICABLE_GLOBAL_BASELINE,HF9g-P5,,,,X 全窗基线 · 不参与实体赏罚,15051788,1506,A168_HF9F_20260827_0900,2026-08-27 09:00:00
2026-03-26,127529701,2093,0,57.6664823446,13.7583274087,13.7583274087,1.0000000,3,3,0.49771390000000000,0.497713900000,1.0045827004620043,1.0045827004620043,1.0045827004620043,0E-17,ELIGIBLE,R03b_20260811_FULL_v1,L1_ELIGIBILITY,v2026-08-11,2026-03-21..2026-08-06,baccarat_bet02_101_all_pairs_incl_sentinel,round_win = game_pnl > 0 (decisive only),COMPATIBILITY_ONLY_NOT_PRODUCTION,557989.4742,504875.3716,9878.7574,24851,24505,-0.01770420,0.00338982,-0.02772422,-0.01770420,-9878.7574,557989.4742,OK,0.0000,395.1503,4.0000,96.0000,AG03-UNRESOLVED,ALL5_LEVELS_bet23_to_bet27,395.1503,395.1503,395.1503,0.0000,0.0000,4.000000,4.000000,4.000000,0.000000,0.000000,96.000000,96.000000,96.000000,100.000000,100.000000,5.0,1185.4509,1138.6651,8693.3065,8740.0923,PENDING_AG03,FALSE,NOT_FOR_ENFORCEMENT,9483.6071,484680.3568,9878.7574,9483.6071,395.1503,0.01770420,0.01699603,395.1503,9483.6071,0.01699603,395.1503,395.1503,395.1503,0.0000,0.0000,9483.6071,0.01699603,1185.4509,1138.6651,8693.3065,8740.0923,0.01557970,0.01566354,0.00070817,22.4534,20.6030,0.4031,82.3230,2.6463,4649.9123,204.2083,25.9152,21.1137,12.8578,14.5296,26.176,48.8436,54.2173,102.8621,13.088,0.0,3.731508,7.079487,1.545355,30,207,63,6,0.32204186,0.01770420,-0.00338982,0E-8,0.000000,0.904812,0.002133,0.03111404,2026-03-21,2026-08-06,120,3733,1703,139,0.863309,1.227414,1.154177,1.073473,,,,,,,,GLOBAL_BASELINE_NO_ENTITY_RANKING,,,NOT_APPLICABLE_GLOBAL_BASELINE,HF9g-P5,,,,X 全窗基线 · 不参与实体赏罚,15051789,1506,A168_HF9F_20260827_0900,2026-08-27 09:00:00
2026-03-26,127529701,2106,0,26.3317270980,-26.3317270980,-26.3317270980,0E-7,1,1,0.50665070000000000,0.506650700000,-1.013391052207602,-1.013391052207602,-1.013391052207602,0E-17,ELIGIBLE,R03b_20260811_FULL_v1,L1_ELIGIBILITY,v2026-08-11,2026-03-21..2026-08-06,baccarat_bet02_101_all_pairs_incl_sentinel,round_win = game_pnl > 0 (decisive only),COMPATIBILITY_ONLY_NOT_PRODUCTION,557989.4742,504875.3716,9878.7574,24851,24505,-0.01770420,0.00338982,-0.02772422,-0.01770420,-9878.7574,557989.4742,OK,0.0000,395.1503,4.0000,96.0000,AG03-UNRESOLVED,ALL5_LEVELS_bet23_to_bet27,395.1503,395.1503,395.1503,0.0000,0.0000,4.000000,4.000000,4.000000,0.000000,0.000000,96.000000,96.000000,96.000000,100.000000,100.000000,5.0,1185.4509,1138.6651,8693.3065,8740.0923,PENDING_AG03,FALSE,NOT_FOR_ENFORCEMENT,9483.6071,484680.3568,9878.7574,9483.6071,395.1503,0.01770420,0.01699603,395.1503,9483.6071,0.01699603,395.1503,395.1503,395.1503,0.0000,0.0000,9483.6071,0.01699603,1185.4509,1138.6651,8693.3065,8740.0923,0.01557970,0.01566354,0.00070817,22.4534,20.6030,0.4031,82.3230,2.6463,4649.9123,204.2083,25.9152,21.1137,12.8578,14.5296,26.176,48.8436,54.2173,102.8621,13.088,0.0,3.731508,7.079487,1.545355,30,207,63,6,0.32204186,0.01770420,-0.00338982,0E-8,0.000000,0.904812,0.002133,0.03111404,2026-03-21,2026-08-06,120,3733,1703,139,0.863309,1.227414,1.154177,1.073473,,,,,,,,GLOBAL_BASELINE_NO_ENTITY_RANKING,,,NOT_APPLICABLE_GLOBAL_BASELINE,HF9g-P5,,,,X 全窗基线 · 不参与实体赏罚,15051790,1506,A168_HF9F_20260827_0900,2026-08-27 09:00:00
2026-03-26,127529701,2121,0,190.9050214605,-98.4806593466,-98.4806593466,0.3333333,9,9,0.50367176666666667,0.503671766667,-1.0220581588829403,-1.0220581588849451,-1.0220581588829403,-3.3333E-13,ELIGIBLE,R03b_20260811_FULL_v1,L1_ELIGIBILITY,v2026-08-11,2026-03-21..2026-08-06,baccarat_bet02_101_all_pairs_incl_sentinel,round_win = game_pnl > 0 (decisive only),COMPATIBILITY_ONLY_NOT_PRODUCTION,557989.4742,504875.3716,9878.7574,24851,24505,-0.01770420,0.00338982,-0.02772422,-0.01770420,-9878.7574,557989.4742,OK,0.0000,395.1503,4.0000,96.0000,AG03-UNRESOLVED,ALL5_LEVELS_bet23_to_bet27,395.1503,395.1503,395.1503,0.0000,0.0000,4.000000,4.000000,4.000000,0.000000,0.000000,96.000000,96.000000,96.000000,100.000000,100.000000,5.0,1185.4509,1138.6651,8693.3065,8740.0923,PENDING_AG03,FALSE,NOT_FOR_ENFORCEMENT,9483.6071,484680.3568,9878.7574,9483.6071,395.1503,0.01770420,0.01699603,395.1503,9483.6071,0.01699603,395.1503,395.1503,395.1503,0.0000,0.0000,9483.6071,0.01699603,1185.4509,1138.6651,8693.3065,8740.0923,0.01557970,0.01566354,0.00070817,22.4534,20.6030,0.4031,82.3230,2.6463,4649.9123,204.2083,25.9152,21.1137,12.8578,14.5296,26.176,48.8436,54.2173,102.8621,13.088,0.0,3.731508,7.079487,1.545355,30,207,63,6,0.32204186,0.01770420,-0.00338982,0E-8,0.000000,0.904812,0.002133,0.03111404,2026-03-21,2026-08-06,120,3733,1703,139,0.863309,1.227414,1.154177,1.073473,,,,,,,,GLOBAL_BASELINE_NO_ENTITY_RANKING,,,NOT_APPLICABLE_GLOBAL_BASELINE,HF9g-P5,,,,X 全窗基线 · 不参与实体赏罚,15051791,1506,A168_HF9F_20260827_0900,2026-08-27 09:00:00
2026-03-26,127529701,2141,0,122.9691655477,8.0970060827,8.0970060827,0.5555556,9,9,0.49771390000000000,0.497713900000,0.34705356093186585,0.34705356093186585,0.34705356093186585,0E-17,ELIGIBLE,R03b_20260811_FULL_v1,L1_ELIGIBILITY,v2026-08-11,2026-03-21..2026-08-06,baccarat_bet02_101_all_pairs_incl_sentinel,round_win = game_pnl > 0 (decisive only),COMPATIBILITY_ONLY_NOT_PRODUCTION,557989.4742,504875.3716,9878.7574,24851,24505,-0.01770420,0.00338982,-0.02772422,-0.01770420,-9878.7574,557989.4742,OK,0.0000,395.1503,4.0000,96.0000,AG03-UNRESOLVED,ALL5_LEVELS_bet23_to_bet27,395.1503,395.1503,395.1503,0.0000,0.0000,4.000000,4.000000,4.000000,0.000000,0.000000,96.000000,96.000000,96.000000,100.000000,100.000000,5.0,1185.4509,1138.6651,8693.3065,8740.0923,PENDING_AG03,FALSE,NOT_FOR_ENFORCEMENT,9483.6071,484680.3568,9878.7574,9483.6071,395.1503,0.01770420,0.01699603,395.1503,9483.6071,0.01699603,395.1503,395.1503,395.1503,0.0000,0.0000,9483.6071,0.01699603,1185.4509,1138.6651,8693.3065,8740.0923,0.01557970,0.01566354,0.00070817,22.4534,20.6030,0.4031,82.3230,2.6463,4649.9123,204.2083,25.9152,21.1137,12.8578,14.5296,26.176,48.8436,54.2173,102.8621,13.088,0.0,3.731508,7.079487,1.545355,30,207,63,6,0.32204186,0.01770420,-0.00338982,0E-8,0.000000,0.904812,0.002133,0.03111404,2026-03-21,2026-08-06,120,3733,1703,139,0.863309,1.227414,1.154177,1.073473,,,,,,,,GLOBAL_BASELINE_NO_ENTITY_RANKING,,,NOT_APPLICABLE_GLOBAL_BASELINE,HF9g-P5,,,,X 全窗基线 · 不参与实体赏罚,15051792,1506,A168_HF9F_20260827_0900,2026-08-27 09:00:00
2026-03-26,127529701,2147,0,154.5672380652,-0.3554783159,-0.3554783159,0.4545455,12,12,0.50218230000000000,0.502182300000,-0.3159900949155774,-0.3159900949155774,-0.3159900949155774,0E-17,ELIGIBLE,R03b_20260811_FULL_v1,L1_ELIGIBILITY,v2026-08-11,2026-03-21..2026-08-06,baccarat_bet02_101_all_pairs_incl_sentinel,round_win = game_pnl > 0 (decisive only),COMPATIBILITY_ONLY_NOT_PRODUCTION,557989.4742,504875.3716,9878.7574,24851,24505,-0.01770420,0.00338982,-0.02772422,-0.01770420,-9878.7574,557989.4742,OK,0.0000,395.1503,4.0000,96.0000,AG03-UNRESOLVED,ALL5_LEVELS_bet23_to_bet27,395.1503,395.1503,395.1503,0.0000,0.0000,4.000000,4.000000,4.000000,0.000000,0.000000,96.000000,96.000000,96.000000,100.000000,100.000000,5.0,1185.4509,1138.6651,8693.3065,8740.0923,PENDING_AG03,FALSE,NOT_FOR_ENFORCEMENT,9483.6071,484680.3568,9878.7574,9483.6071,395.1503,0.01770420,0.01699603,395.1503,9483.6071,0.01699603,395.1503,395.1503,395.1503,0.0000,0.0000,9483.6071,0.01699603,1185.4509,1138.6651,8693.3065,8740.0923,0.01557970,0.01566354,0.00070817,22.4534,20.6030,0.4031,82.3230,2.6463,4649.9123,204.2083,25.9152,21.1137,12.8578,14.5296,26.176,48.8436,54.2173,102.8621,13.088,0.0,3.731508,7.079487,1.545355,30,207,63,6,0.32204186,0.01770420,-0.00338982,0E-8,0.000000,0.904812,0.002133,0.03111404,2026-03-21,2026-08-06,120,3733,1703,139,0.863309,1.227414,1.154177,1.073473,,,,,,,,GLOBAL_BASELINE_NO_ENTITY_RANKING,,,NOT_APPLICABLE_GLOBAL_BASELINE,HF9g-P5,,,,X 全窗基线 · 不参与实体赏罚,15051793,1506,A168_HF9F_20260827_0900,2026-08-27 09:00:00
2026-03-26,127529701,2177,0,207.2306922612,-40.7878452748,-40.7878452748,0.4117647,18,18,0.47595007777777778,0.475950077778,-0.5298994772500468,-0.5298994772518703,-0.5298994772500468,-2.2222E-13,ELIGIBLE,R03b_20260811_FULL_v1,L1_ELIGIBILITY,v2026-08-11,2026-03-21..2026-08-06,baccarat_bet02_101_all_pairs_incl_sentinel,round_win = game_pnl > 0 (decisive only),COMPATIBILITY_ONLY_NOT_PRODUCTION,557989.4742,504875.3716,9878.7574,24851,24505,-0.01770420,0.00338982,-0.02772422,-0.01770420,-9878.7574,557989.4742,OK,0.0000,395.1503,4.0000,96.0000,AG03-UNRESOLVED,ALL5_LEVELS_bet23_to_bet27,395.1503,395.1503,395.1503,0.0000,0.0000,4.000000,4.000000,4.000000,0.000000,0.000000,96.000000,96.000000,96.000000,100.000000,100.000000,5.0,1185.4509,1138.6651,8693.3065,8740.0923,PENDING_AG03,FALSE,NOT_FOR_ENFORCEMENT,9483.6071,484680.3568,9878.7574,9483.6071,395.1503,0.01770420,0.01699603,395.1503,9483.6071,0.01699603,395.1503,395.1503,395.1503,0.0000,0.0000,9483.6071,0.01699603,1185.4509,1138.6651,8693.3065,8740.0923,0.01557970,0.01566354,0.00070817,22.4534,20.6030,0.4031,82.3230,2.6463,4649.9123,204.2083,25.9152,21.1137,12.8578,14.5296,26.176,48.8436,54.2173,102.8621,13.088,0.0,3.731508,7.079487,1.545355,30,207,63,6,0.32204186,0.01770420,-0.00338982,0E-8,0.000000,0.904812,0.002133,0.03111404,2026-03-21,2026-08-06,120,3733,1703,139,0.863309,1.227414,1.154177,1.073473,,,,,,,,GLOBAL_BASELINE_NO_ENTITY_RANKING,,,NOT_APPLICABLE_GLOBAL_BASELINE,HF9g-P5,,,,X 全窗基线 · 不参与实体赏罚,15051794,1506,A168_HF9F_20260827_0900,2026-08-27 09:00:00
2026-03-26,127529701,2196,0,148.5109408327,-63.2619743529,-63.2619743529,0.3333333,12,12,0.50329940000000000,0.503299400000,-1.177585090873983,-1.177585090873983,-1.177585090873983,0E-17,ELIGIBLE,R03b_20260811_FULL_v1,L1_ELIGIBILITY,v2026-08-11,2026-03-21..2026-08-06,baccarat_bet02_101_all_pairs_incl_sentinel,round_win = game_pnl > 0 (decisive only),COMPATIBILITY_ONLY_NOT_PRODUCTION,557989.4742,504875.3716,9878.7574,24851,24505,-0.01770420,0.00338982,-0.02772422,-0.01770420,-9878.7574,557989.4742,OK,0.0000,395.1503,4.0000,96.0000,AG03-UNRESOLVED,ALL5_LEVELS_bet23_to_bet27,395.1503,395.1503,395.1503,0.0000,0.0000,4.000000,4.000000,4.000000,0.000000,0.000000,96.000000,96.000000,96.000000,100.000000,100.000000,5.0,1185.4509,1138.6651,8693.3065,8740.0923,PENDING_AG03,FALSE,NOT_FOR_ENFORCEMENT,9483.6071,484680.3568,9878.7574,9483.6071,395.1503,0.01770420,0.01699603,395.1503,9483.6071,0.01699603,395.1503,395.1503,395.1503,0.0000,0.0000,9483.6071,0.01699603,1185.4509,1138.6651,8693.3065,8740.0923,0.01557970,0.01566354,0.00070817,22.4534,20.6030,0.4031,82.3230,2.6463,4649.9123,204.2083,25.9152,21.1137,12.8578,14.5296,26.176,48.8436,54.2173,102.8621,13.088,0.0,3.731508,7.079487,1.545355,30,207,63,6,0.32204186,0.01770420,-0.00338982,0E-8,0.000000,0.904812,0.002133,0.03111404,2026-03-21,2026-08-06,120,3733,1703,139,0.863309,1.227414,1.154177,1.073473,,,,,,,,GLOBAL_BASELINE_NO_ENTITY_RANKING,,,NOT_APPLICABLE_GLOBAL_BASELINE,HF9g-P5,,,,X 全窗基线 · 不参与实体赏罚,15051795,1506,A168_HF9F_20260827_0900,2026-08-27 09:00:00
2026-03-26,127529701,462,0,37.3910524792,7.8995181294,7.8995181294,0.7777778,9,9,0.50069283333333333,0.500692833333,1.662511262738188,1.6625112627401863,1.662511262738188,3.3333E-13,ELIGIBLE,R03b_20260811_FULL_v1,L1_ELIGIBILITY,v2026-08-11,2026-03-21..2026-08-06,baccarat_bet02_101_all_pairs_incl_sentinel,round_win = game_pnl > 0 (decisive only),COMPATIBILITY_ONLY_NOT_PRODUCTION,557989.4742,504875.3716,9878.7574,24851,24505,-0.01770420,0.00338982,-0.02772422,-0.01770420,-9878.7574,557989.4742,OK,0.0000,395.1503,4.0000,96.0000,AG03-UNRESOLVED,ALL5_LEVELS_bet23_to_bet27,395.1503,395.1503,395.1503,0.0000,0.0000,4.000000,4.000000,4.000000,0.000000,0.000000,96.000000,96.000000,96.000000,100.000000,100.000000,5.0,1185.4509,1138.6651,8693.3065,8740.0923,PENDING_AG03,FALSE,NOT_FOR_ENFORCEMENT,9483.6071,484680.3568,9878.7574,9483.6071,395.1503,0.01770420,0.01699603,395.1503,9483.6071,0.01699603,395.1503,395.1503,395.1503,0.0000,0.0000,9483.6071,0.01699603,1185.4509,1138.6651,8693.3065,8740.0923,0.01557970,0.01566354,0.00070817,22.4534,20.6030,0.4031,82.3230,2.6463,4649.9123,204.2083,25.9152,21.1137,12.8578,14.5296,26.176,48.8436,54.2173,102.8621,13.088,0.0,3.731508,7.079487,1.545355,30,207,63,6,0.32204186,0.01770420,-0.00338982,0E-8,0.000000,0.904812,0.002133,0.03111404,2026-03-21,2026-08-06,120,3733,1703,139,0.863309,1.227414,1.154177,1.073473,,,,,,,,GLOBAL_BASELINE_NO_ENTITY_RANKING,,,NOT_APPLICABLE_GLOBAL_BASELINE,HF9g-P5,,,,X 全窗基线 · 不参与实体赏罚,15051796,1506,A168_HF9F_20260827_0900,2026-08-27 09:00:00
2026-03-26,127529701,583,0,29.2282170788,2.3566895752,2.3566895752,0.6666667,6,6,0.49771390000000000,0.497713900000,0.8277047895645219,0.8277047895645219,0.8277047895645219,0E-17,ELIGIBLE,R03b_20260811_FULL_v1,L1_ELIGIBILITY,v2026-08-11,2026-03-21..2026-08-06,baccarat_bet02_101_all_pairs_incl_sentinel,round_win = game_pnl > 0 (decisive only),COMPATIBILITY_ONLY_NOT_PRODUCTION,557989.4742,504875.3716,9878.7574,24851,24505,-0.01770420,0.00338982,-0.02772422,-0.01770420,-9878.7574,557989.4742,OK,0.0000,395.1503,4.0000,96.0000,AG03-UNRESOLVED,ALL5_LEVELS_bet23_to_bet27,395.1503,395.1503,395.1503,0.0000,0.0000,4.000000,4.000000,4.000000,0.000000,0.000000,96.000000,96.000000,96.000000,100.000000,100.000000,5.0,1185.4509,1138.6651,8693.3065,8740.0923,PENDING_AG03,FALSE,NOT_FOR_ENFORCEMENT,9483.6071,484680.3568,9878.7574,9483.6071,395.1503,0.01770420,0.01699603,395.1503,9483.6071,0.01699603,395.1503,395.1503,395.1503,0.0000,0.0000,9483.6071,0.01699603,1185.4509,1138.6651,8693.3065,8740.0923,0.01557970,0.01566354,0.00070817,22.4534,20.6030,0.4031,82.3230,2.6463,4649.9123,204.2083,25.9152,21.1137,12.8578,14.5296,26.176,48.8436,54.2173,102.8621,13.088,0.0,3.731508,7.079487,1.545355,30,207,63,6,0.32204186,0.01770420,-0.00338982,0E-8,0.000000,0.904812,0.002133,0.03111404,2026-03-21,2026-08-06,120,3733,1703,139,0.863309,1.227414,1.154177,1.073473,,,,,,,,GLOBAL_BASELINE_NO_ENTITY_RANKING,,,NOT_APPLICABLE_GLOBAL_BASELINE,HF9g-P5,,,,X 全窗基线 · 不参与实体赏罚,15051797,1506,A168_HF9F_20260827_0900,2026-08-27 09:00:00
2026-03-26,127529701,919,0,26.3317270980,4.4763936066,4.4763936066,0.5000000,2,2,0.50665070000000000,0.506650700000,-0.018812684590367487,-0.018812684590367487,-0.018812684590367487,0E-17,ELIGIBLE,R03b_20260811_FULL_v1,L1_ELIGIBILITY,v2026-08-11,2026-03-21..2026-08-06,baccarat_bet02_101_all_pairs_incl_sentinel,round_win = game_pnl > 0 (decisive only),COMPATIBILITY_ONLY_NOT_PRODUCTION,557989.4742,504875.3716,9878.7574,24851,24505,-0.01770420,0.00338982,-0.02772422,-0.01770420,-9878.7574,557989.4742,OK,0.0000,395.1503,4.0000,96.0000,AG03-UNRESOLVED,ALL5_LEVELS_bet23_to_bet27,395.1503,395.1503,395.1503,0.0000,0.0000,4.000000,4.000000,4.000000,0.000000,0.000000,96.000000,96.000000,96.000000,100.000000,100.000000,5.0,1185.4509,1138.6651,8693.3065,8740.0923,PENDING_AG03,FALSE,NOT_FOR_ENFORCEMENT,9483.6071,484680.3568,9878.7574,9483.6071,395.1503,0.01770420,0.01699603,395.1503,9483.6071,0.01699603,395.1503,395.1503,395.1503,0.0000,0.0000,9483.6071,0.01699603,1185.4509,1138.6651,8693.3065,8740.0923,0.01557970,0.01566354,0.00070817,22.4534,20.6030,0.4031,82.3230,2.6463,4649.9123,204.2083,25.9152,21.1137,12.8578,14.5296,26.176,48.8436,54.2173,102.8621,13.088,0.0,3.731508,7.079487,1.545355,30,207,63,6,0.32204186,0.01770420,-0.00338982,0E-8,0.000000,0.904812,0.002133,0.03111404,2026-03-21,2026-08-06,120,3733,1703,139,0.863309,1.227414,1.154177,1.073473,,,,,,,,GLOBAL_BASELINE_NO_ENTITY_RANKING,,,NOT_APPLICABLE_GLOBAL_BASELINE,HF9g-P5,,,,X 全窗基线 · 不参与实体赏罚,15051798,1506,A168_HF9F_20260827_0900,2026-08-27 09:00:00
2026-03-26,127529701,986,0,204.3342022805,25.9235853279,25.9235853279,0.6000000,18,18,0.49994810000000000,0.499948100000,0.7749986890879081,0.7749986890879081,0.7749986890879081,0E-17,ELIGIBLE,R03b_20260811_FULL_v1,L1_ELIGIBILITY,v2026-08-11,2026-03-21..2026-08-06,baccarat_bet02_101_all_pairs_incl_sentinel,round_win = game_pnl > 0 (decisive only),COMPATIBILITY_ONLY_NOT_PRODUCTION,557989.4742,504875.3716,9878.7574,24851,24505,-0.01770420,0.00338982,-0.02772422,-0.01770420,-9878.7574,557989.4742,OK,0.0000,395.1503,4.0000,96.0000,AG03-UNRESOLVED,ALL5_LEVELS_bet23_to_bet27,395.1503,395.1503,395.1503,0.0000,0.0000,4.000000,4.000000,4.000000,0.000000,0.000000,96.000000,96.000000,96.000000,100.000000,100.000000,5.0,1185.4509,1138.6651,8693.3065,8740.0923,PENDING_AG03,FALSE,NOT_FOR_ENFORCEMENT,9483.6071,484680.3568,9878.7574,9483.6071,395.1503,0.01770420,0.01699603,395.1503,9483.6071,0.01699603,395.1503,395.1503,395.1503,0.0000,0.0000,9483.6071,0.01699603,1185.4509,1138.6651,8693.3065,8740.0923,0.01557970,0.01566354,0.00070817,22.4534,20.6030,0.4031,82.3230,2.6463,4649.9123,204.2083,25.9152,21.1137,12.8578,14.5296,26.176,48.8436,54.2173,102.8621,13.088,0.0,3.731508,7.079487,1.545355,30,207,63,6,0.32204186,0.01770420,-0.00338982,0E-8,0.000000,0.904812,0.002133,0.03111404,2026-03-21,2026-08-06,120,3733,1703,139,0.863309,1.227414,1.154177,1.073473,,,,,,,,GLOBAL_BASELINE_NO_ENTITY_RANKING,,,NOT_APPLICABLE_GLOBAL_BASELINE,HF9g-P5,,,,X 全窗基线 · 不参与实体赏罚,15051799,1506,A168_HF9F_20260827_0900,2026-08-27 09:00:00
2026-03-27,127529701,-1,1,960.3180872637,-14.3771229960,-14.3771229960,0.4827586,69,64,0.48976103962053571,0.484618749740,-0.10668003776798902,-0.02834605714726108,-0.10668003776798902,0.00514228988053571,SENTINEL_DEALER,R03b_20260811_FULL_v1,L1_ELIGIBILITY,v2026-08-11,2026-03-21..2026-08-06,baccarat_bet02_101_all_pairs_incl_sentinel,round_win = game_pnl > 0 (decisive only),COMPATIBILITY_ONLY_NOT_PRODUCTION,557989.4742,504875.3716,9878.7574,24851,24505,-0.01770420,0.00338982,-0.02772422,-0.01770420,-9878.7574,557989.4742,OK,0.0000,395.1503,4.0000,96.0000,AG03-UNRESOLVED,ALL5_LEVELS_bet23_to_bet27,395.1503,395.1503,395.1503,0.0000,0.0000,4.000000,4.000000,4.000000,0.000000,0.000000,96.000000,96.000000,96.000000,100.000000,100.000000,5.0,1185.4509,1138.6651,8693.3065,8740.0923,PENDING_AG03,FALSE,NOT_FOR_ENFORCEMENT,9483.6071,484680.3568,9878.7574,9483.6071,395.1503,0.01770420,0.01699603,395.1503,9483.6071,0.01699603,395.1503,395.1503,395.1503,0.0000,0.0000,9483.6071,0.01699603,1185.4509,1138.6651,8693.3065,8740.0923,0.01557970,0.01566354,0.00070817,22.4534,20.6030,0.4031,82.3230,2.6463,4649.9123,204.2083,25.9152,21.1137,12.8578,14.5296,26.176,48.8436,54.2173,102.8621,13.088,0.0,3.731508,7.079487,1.545355,30,207,63,6,0.32204186,0.01770420,-0.00338982,0E-8,0.000000,0.904812,0.002133,0.03111404,2026-03-21,2026-08-06,120,3733,1703,139,0.863309,1.227414,1.154177,1.073473,,,,,,,,GLOBAL_BASELINE_NO_ENTITY_RANKING,,,NOT_APPLICABLE_GLOBAL_BASELINE,HF9g-P5,,,,X 全窗基线 · 不参与实体赏罚,15051800,1506,A168_HF9F_20260827_0900,2026-08-27 09:00:00
2026-03-27,127529701,1157,0,13.1658635490,-13.1658635490,-13.1658635490,0E-7,1,1,0.49324550000000000,0.493245500000,-0.9865810262130424,-0.9865810262130424,-0.9865810262130424,0E-17,ELIGIBLE,R03b_20260811_FULL_v1,L1_ELIGIBILITY,v2026-08-11,2026-03-21..2026-08-06,baccarat_bet02_101_all_pairs_incl_sentinel,round_win = game_pnl > 0 (decisive only),COMPATIBILITY_ONLY_NOT_PRODUCTION,557989.4742,504875.3716,9878.7574,24851,24505,-0.01770420,0.00338982,-0.02772422,-0.01770420,-9878.7574,557989.4742,OK,0.0000,395.1503,4.0000,96.0000,AG03-UNRESOLVED,ALL5_LEVELS_bet23_to_bet27,395.1503,395.1503,395.1503,0.0000,0.0000,4.000000,4.000000,4.000000,0.000000,0.000000,96.000000,96.000000,96.000000,100.000000,100.000000,5.0,1185.4509,1138.6651,8693.3065,8740.0923,PENDING_AG03,FALSE,NOT_FOR_ENFORCEMENT,9483.6071,484680.3568,9878.7574,9483.6071,395.1503,0.01770420,0.01699603,395.1503,9483.6071,0.01699603,395.1503,395.1503,395.1503,0.0000,0.0000,9483.6071,0.01699603,1185.4509,1138.6651,8693.3065,8740.0923,0.01557970,0.01566354,0.00070817,22.4534,20.6030,0.4031,82.3230,2.6463,4649.9123,204.2083,25.9152,21.1137,12.8578,14.5296,26.176,48.8436,54.2173,102.8621,13.088,0.0,3.731508,7.079487,1.545355,30,207,63,6,0.32204186,0.01770420,-0.00338982,0E-8,0.000000,0.904812,0.002133,0.03111404,2026-03-21,2026-08-06,120,3733,1703,139,0.863309,1.227414,1.154177,1.073473,,,,,,,,GLOBAL_BASELINE_NO_ENTITY_RANKING,,,NOT_APPLICABLE_GLOBAL_BASELINE,HF9g-P5,,,,X 全窗基线 · 不参与实体赏罚,15051801,1506,A168_HF9F_20260827_0900,2026-08-27 09:00:00
2026-03-27,127529701,1306,0,10.5326908392,-0.2633172710,-0.2633172710,0.5000000,2,2,0.50665070000000000,0.506650700000,-0.018812684590367487,-0.018812684590367487,-0.018812684590367487,0E-17,ELIGIBLE,R03b_20260811_FULL_v1,L1_ELIGIBILITY,v2026-08-11,2026-03-21..2026-08-06,baccarat_bet02_101_all_pairs_incl_sentinel,round_win = game_pnl > 0 (decisive only),COMPATIBILITY_ONLY_NOT_PRODUCTION,557989.4742,504875.3716,9878.7574,24851,24505,-0.01770420,0.00338982,-0.02772422,-0.01770420,-9878.7574,557989.4742,OK,0.0000,395.1503,4.0000,96.0000,AG03-UNRESOLVED,ALL5_LEVELS_bet23_to_bet27,395.1503,395.1503,395.1503,0.0000,0.0000,4.000000,4.000000,4.000000,0.000000,0.000000,96.000000,96.000000,96.000000,100.000000,100.000000,5.0,1185.4509,1138.6651,8693.3065,8740.0923,PENDING_AG03,FALSE,NOT_FOR_ENFORCEMENT,9483.6071,484680.3568,9878.7574,9483.6071,395.1503,0.01770420,0.01699603,395.1503,9483.6071,0.01699603,395.1503,395.1503,395.1503,0.0000,0.0000,9483.6071,0.01699603,1185.4509,1138.6651,8693.3065,8740.0923,0.01557970,0.01566354,0.00070817,22.4534,20.6030,0.4031,82.3230,2.6463,4649.9123,204.2083,25.9152,21.1137,12.8578,14.5296,26.176,48.8436,54.2173,102.8621,13.088,0.0,3.731508,7.079487,1.545355,30,207,63,6,0.32204186,0.01770420,-0.00338982,0E-8,0.000000,0.904812,0.002133,0.03111404,2026-03-21,2026-08-06,120,3733,1703,139,0.863309,1.227414,1.154177,1.073473,,,,,,,,GLOBAL_BASELINE_NO_ENTITY_RANKING,,,NOT_APPLICABLE_GLOBAL_BASELINE,HF9g-P5,,,,X 全窗基线 · 不参与实体赏罚,15051802,1506,A168_HF9F_20260827_0900,2026-08-27 09:00:00
2026-03-27,127529701,1382,0,104.0103220371,44.3689601601,44.3689601601,0.7142857,7,7,0.49899058571428571,0.498990585714,1.1392370589461878,1.139237058947701,1.1392370589461878,2.8571E-13,ELIGIBLE,R03b_20260811_FULL_v1,L1_ELIGIBILITY,v2026-08-11,2026-03-21..2026-08-06,baccarat_bet02_101_all_pairs_incl_sentinel,round_win = game_pnl > 0 (decisive only),COMPATIBILITY_ONLY_NOT_PRODUCTION,557989.4742,504875.3716,9878.7574,24851,24505,-0.01770420,0.00338982,-0.02772422,-0.01770420,-9878.7574,557989.4742,OK,0.0000,395.1503,4.0000,96.0000,AG03-UNRESOLVED,ALL5_LEVELS_bet23_to_bet27,395.1503,395.1503,395.1503,0.0000,0.0000,4.000000,4.000000,4.000000,0.000000,0.000000,96.000000,96.000000,96.000000,100.000000,100.000000,5.0,1185.4509,1138.6651,8693.3065,8740.0923,PENDING_AG03,FALSE,NOT_FOR_ENFORCEMENT,9483.6071,484680.3568,9878.7574,9483.6071,395.1503,0.01770420,0.01699603,395.1503,9483.6071,0.01699603,395.1503,395.1503,395.1503,0.0000,0.0000,9483.6071,0.01699603,1185.4509,1138.6651,8693.3065,8740.0923,0.01557970,0.01566354,0.00070817,22.4534,20.6030,0.4031,82.3230,2.6463,4649.9123,204.2083,25.9152,21.1137,12.8578,14.5296,26.176,48.8436,54.2173,102.8621,13.088,0.0,3.731508,7.079487,1.545355,30,207,63,6,0.32204186,0.01770420,-0.00338982,0E-8,0.000000,0.904812,0.002133,0.03111404,2026-03-21,2026-08-06,120,3733,1703,139,0.863309,1.227414,1.154177,1.073473,,,,,,,,GLOBAL_BASELINE_NO_ENTITY_RANKING,,,NOT_APPLICABLE_GLOBAL_BASELINE,HF9g-P5,,,,X 全窗基线 · 不参与实体赏罚,15051803,1506,A168_HF9F_20260827_0900,2026-08-27 09:00:00
2026-03-27,127529701,1383,0,13.1658635490,-13.1658635490,-13.1658635490,0E-7,1,1,0.50665070000000000,0.506650700000,-1.013391052207602,-1.013391052207602,-1.013391052207602,0E-17,ELIGIBLE,R03b_20260811_FULL_v1,L1_ELIGIBILITY,v2026-08-11,2026-03-21..2026-08-06,baccarat_bet02_101_all_pairs_incl_sentinel,round_win = game_pnl > 0 (decisive only),COMPATIBILITY_ONLY_NOT_PRODUCTION,557989.4742,504875.3716,9878.7574,24851,24505,-0.01770420,0.00338982,-0.02772422,-0.01770420,-9878.7574,557989.4742,OK,0.0000,395.1503,4.0000,96.0000,AG03-UNRESOLVED,ALL5_LEVELS_bet23_to_bet27,395.1503,395.1503,395.1503,0.0000,0.0000,4.000000,4.000000,4.000000,0.000000,0.000000,96.000000,96.000000,96.000000,100.000000,100.000000,5.0,1185.4509,1138.6651,8693.3065,8740.0923,PENDING_AG03,FALSE,NOT_FOR_ENFORCEMENT,9483.6071,484680.3568,9878.7574,9483.6071,395.1503,0.01770420,0.01699603,395.1503,9483.6071,0.01699603,395.1503,395.1503,395.1503,0.0000,0.0000,9483.6071,0.01699603,1185.4509,1138.6651,8693.3065,8740.0923,0.01557970,0.01566354,0.00070817,22.4534,20.6030,0.4031,82.3230,2.6463,4649.9123,204.2083,25.9152,21.1137,12.8578,14.5296,26.176,48.8436,54.2173,102.8621,13.088,0.0,3.731508,7.079487,1.545355,30,207,63,6,0.32204186,0.01770420,-0.00338982,0E-8,0.000000,0.904812,0.002133,0.03111404,2026-03-21,2026-08-06,120,3733,1703,139,0.863309,1.227414,1.154177,1.073473,,,,,,,,GLOBAL_BASELINE_NO_ENTITY_RANKING,,,NOT_APPLICABLE_GLOBAL_BASELINE,HF9g-P5,,,,X 全窗基线 · 不参与实体赏罚,15051804,1506,A168_HF9F_20260827_0900,2026-08-27 09:00:00
2026-03-27,127529701,1401,0,173.5260815758,-13.1526976855,-13.1526976855,0.5000000,19,19,0.49888979473684211,0.498889794737,0.009420427263487035,0.009420427262147283,0.009420427263487035,-1.5789E-13,ELIGIBLE,R03b_20260811_FULL_v1,L1_ELIGIBILITY,v2026-08-11,2026-03-21..2026-08-06,baccarat_bet02_101_all_pairs_incl_sentinel,round_win = game_pnl > 0 (decisive only),COMPATIBILITY_ONLY_NOT_PRODUCTION,557989.4742,504875.3716,9878.7574,24851,24505,-0.01770420,0.00338982,-0.02772422,-0.01770420,-9878.7574,557989.4742,OK,0.0000,395.1503,4.0000,96.0000,AG03-UNRESOLVED,ALL5_LEVELS_bet23_to_bet27,395.1503,395.1503,395.1503,0.0000,0.0000,4.000000,4.000000,4.000000,0.000000,0.000000,96.000000,96.000000,96.000000,100.000000,100.000000,5.0,1185.4509,1138.6651,8693.3065,8740.0923,PENDING_AG03,FALSE,NOT_FOR_ENFORCEMENT,9483.6071,484680.3568,9878.7574,9483.6071,395.1503,0.01770420,0.01699603,395.1503,9483.6071,0.01699603,395.1503,395.1503,395.1503,0.0000,0.0000,9483.6071,0.01699603,1185.4509,1138.6651,8693.3065,8740.0923,0.01557970,0.01566354,0.00070817,22.4534,20.6030,0.4031,82.3230,2.6463,4649.9123,204.2083,25.9152,21.1137,12.8578,14.5296,26.176,48.8436,54.2173,102.8621,13.088,0.0,3.731508,7.079487,1.545355,30,207,63,6,0.32204186,0.01770420,-0.00338982,0E-8,0.000000,0.904812,0.002133,0.03111404,2026-03-21,2026-08-06,120,3733,1703,139,0.863309,1.227414,1.154177,1.073473,,,,,,,,GLOBAL_BASELINE_NO_ENTITY_RANKING,,,NOT_APPLICABLE_GLOBAL_BASELINE,HF9g-P5,,,,X 全窗基线 · 不参与实体赏罚,15051805,1506,A168_HF9F_20260827_0900,2026-08-27 09:00:00
2026-03-27,127529701,1505,0,206.4407404483,5.5296626904,5.5296626904,0.5625000,16,16,0.49994810000000000,0.499948100000,0.5004152026958467,0.5004152026958467,0.5004152026958467,0E-17,ELIGIBLE,R03b_20260811_FULL_v1,L1_ELIGIBILITY,v2026-08-11,2026-03-21..2026-08-06,baccarat_bet02_101_all_pairs_incl_sentinel,round_win = game_pnl > 0 (decisive only),COMPATIBILITY_ONLY_NOT_PRODUCTION,557989.4742,504875.3716,9878.7574,24851,24505,-0.01770420,0.00338982,-0.02772422,-0.01770420,-9878.7574,557989.4742,OK,0.0000,395.1503,4.0000,96.0000,AG03-UNRESOLVED,ALL5_LEVELS_bet23_to_bet27,395.1503,395.1503,395.1503,0.0000,0.0000,4.000000,4.000000,4.000000,0.000000,0.000000,96.000000,96.000000,96.000000,100.000000,100.000000,5.0,1185.4509,1138.6651,8693.3065,8740.0923,PENDING_AG03,FALSE,NOT_FOR_ENFORCEMENT,9483.6071,484680.3568,9878.7574,9483.6071,395.1503,0.01770420,0.01699603,395.1503,9483.6071,0.01699603,395.1503,395.1503,395.1503,0.0000,0.0000,9483.6071,0.01699603,1185.4509,1138.6651,8693.3065,8740.0923,0.01557970,0.01566354,0.00070817,22.4534,20.6030,0.4031,82.3230,2.6463,4649.9123,204.2083,25.9152,21.1137,12.8578,14.5296,26.176,48.8436,54.2173,102.8621,13.088,0.0,3.731508,7.079487,1.545355,30,207,63,6,0.32204186,0.01770420,-0.00338982,0E-8,0.000000,0.904812,0.002133,0.03111404,2026-03-21,2026-08-06,120,3733,1703,139,0.863309,1.227414,1.154177,1.073473,,,,,,,,GLOBAL_BASELINE_NO_ENTITY_RANKING,,,NOT_APPLICABLE_GLOBAL_BASELINE,HF9g-P5,,,,X 全窗基线 · 不参与实体赏罚,15051806,1506,A168_HF9F_20260827_0900,2026-08-27 09:00:00
2026-03-27,127529701,1507,0,23.6985543882,22.5136266687,22.5136266687,1.0000000,2,2,0.50665070000000000,0.506650700000,1.3955260008387969,1.3955260008387969,1.3955260008387969,0E-17,ELIGIBLE,R03b_20260811_FULL_v1,L1_ELIGIBILITY,v2026-08-11,2026-03-21..2026-08-06,baccarat_bet02_101_all_pairs_incl_sentinel,round_win = game_pnl > 0 (decisive only),COMPATIBILITY_ONLY_NOT_PRODUCTION,557989.4742,504875.3716,9878.7574,24851,24505,-0.01770420,0.00338982,-0.02772422,-0.01770420,-9878.7574,557989.4742,OK,0.0000,395.1503,4.0000,96.0000,AG03-UNRESOLVED,ALL5_LEVELS_bet23_to_bet27,395.1503,395.1503,395.1503,0.0000,0.0000,4.000000,4.000000,4.000000,0.000000,0.000000,96.000000,96.000000,96.000000,100.000000,100.000000,5.0,1185.4509,1138.6651,8693.3065,8740.0923,PENDING_AG03,FALSE,NOT_FOR_ENFORCEMENT,9483.6071,484680.3568,9878.7574,9483.6071,395.1503,0.01770420,0.01699603,395.1503,9483.6071,0.01699603,395.1503,395.1503,395.1503,0.0000,0.0000,9483.6071,0.01699603,1185.4509,1138.6651,8693.3065,8740.0923,0.01557970,0.01566354,0.00070817,22.4534,20.6030,0.4031,82.3230,2.6463,4649.9123,204.2083,25.9152,21.1137,12.8578,14.5296,26.176,48.8436,54.2173,102.8621,13.088,0.0,3.731508,7.079487,1.545355,30,207,63,6,0.32204186,0.01770420,-0.00338982,0E-8,0.000000,0.904812,0.002133,0.03111404,2026-03-21,2026-08-06,120,3733,1703,139,0.863309,1.227414,1.154177,1.073473,,,,,,,,GLOBAL_BASELINE_NO_ENTITY_RANKING,,,NOT_APPLICABLE_GLOBAL_BASELINE,HF9g-P5,,,,X 全窗基线 · 不参与实体赏罚,15051807,1506,A168_HF9F_20260827_0900,2026-08-27 09:00:00
2026-03-27,127529701,1957,0,250.9413592439,32.0588777418,32.0588777418,0.5714286,18,18,0.49845863333333333,0.498458633333,0.5460596104482122,0.5460596104507077,0.5460596104482122,3.3333E-13,ELIGIBLE,R03b_20260811_FULL_v1,L1_ELIGIBILITY,v2026-08-11,2026-03-21..2026-08-06,baccarat_bet02_101_all_pairs_incl_sentinel,round_win = game_pnl > 0 (decisive only),COMPATIBILITY_ONLY_NOT_PRODUCTION,557989.4742,504875.3716,9878.7574,24851,24505,-0.01770420,0.00338982,-0.02772422,-0.01770420,-9878.7574,557989.4742,OK,0.0000,395.1503,4.0000,96.0000,AG03-UNRESOLVED,ALL5_LEVELS_bet23_to_bet27,395.1503,395.1503,395.1503,0.0000,0.0000,4.000000,4.000000,4.000000,0.000000,0.000000,96.000000,96.000000,96.000000,100.000000,100.000000,5.0,1185.4509,1138.6651,8693.3065,8740.0923,PENDING_AG03,FALSE,NOT_FOR_ENFORCEMENT,9483.6071,484680.3568,9878.7574,9483.6071,395.1503,0.01770420,0.01699603,395.1503,9483.6071,0.01699603,395.1503,395.1503,395.1503,0.0000,0.0000,9483.6071,0.01699603,1185.4509,1138.6651,8693.3065,8740.0923,0.01557970,0.01566354,0.00070817,22.4534,20.6030,0.4031,82.3230,2.6463,4649.9123,204.2083,25.9152,21.1137,12.8578,14.5296,26.176,48.8436,54.2173,102.8621,13.088,0.0,3.731508,7.079487,1.545355,30,207,63,6,0.32204186,0.01770420,-0.00338982,0E-8,0.000000,0.904812,0.002133,0.03111404,2026-03-21,2026-08-06,120,3733,1703,139,0.863309,1.227414,1.154177,1.073473,,,,,,,,GLOBAL_BASELINE_NO_ENTITY_RANKING,,,NOT_APPLICABLE_GLOBAL_BASELINE,HF9g-P5,,,,X 全窗基线 · 不参与实体赏罚,15051808,1506,A168_HF9F_20260827_0900,2026-08-27 09:00:00
2026-03-27,127529701,1990,0,43.4473497117,-27.6483134529,-27.6483134529,0E-7,6,6,0.50218230000000000,0.502182300000,-1.7396270863184011,-1.7396270863184016,-1.7396270863184011,0E-17,ELIGIBLE,R03b_20260811_FULL_v1,L1_ELIGIBILITY,v2026-08-11,2026-03-21..2026-08-06,baccarat_bet02_101_all_pairs_incl_sentinel,round_win = game_pnl > 0 (decisive only),COMPATIBILITY_ONLY_NOT_PRODUCTION,557989.4742,504875.3716,9878.7574,24851,24505,-0.01770420,0.00338982,-0.02772422,-0.01770420,-9878.7574,557989.4742,OK,0.0000,395.1503,4.0000,96.0000,AG03-UNRESOLVED,ALL5_LEVELS_bet23_to_bet27,395.1503,395.1503,395.1503,0.0000,0.0000,4.000000,4.000000,4.000000,0.000000,0.000000,96.000000,96.000000,96.000000,100.000000,100.000000,5.0,1185.4509,1138.6651,8693.3065,8740.0923,PENDING_AG03,FALSE,NOT_FOR_ENFORCEMENT,9483.6071,484680.3568,9878.7574,9483.6071,395.1503,0.01770420,0.01699603,395.1503,9483.6071,0.01699603,395.1503,395.1503,395.1503,0.0000,0.0000,9483.6071,0.01699603,1185.4509,1138.6651,8693.3065,8740.0923,0.01557970,0.01566354,0.00070817,22.4534,20.6030,0.4031,82.3230,2.6463,4649.9123,204.2083,25.9152,21.1137,12.8578,14.5296,26.176,48.8436,54.2173,102.8621,13.088,0.0,3.731508,7.079487,1.545355,30,207,63,6,0.32204186,0.01770420,-0.00338982,0E-8,0.000000,0.904812,0.002133,0.03111404,2026-03-21,2026-08-06,120,3733,1703,139,0.863309,1.227414,1.154177,1.073473,,,,,,,,GLOBAL_BASELINE_NO_ENTITY_RANKING,,,NOT_APPLICABLE_GLOBAL_BASELINE,HF9g-P5,,,,X 全窗基线 · 不参与实体赏罚,15051809,1506,A168_HF9F_20260827_0900,2026-08-27 09:00:00
2026-03-27,127529701,1996,0,72.6755667905,10.5326908392,10.5326908392,0.4000000,6,6,0.49994810000000000,0.499948100000,-0.4469814940518811,-0.4469814940518811,-0.4469814940518811,0E-17,ELIGIBLE,R03b_20260811_FULL_v1,L1_ELIGIBILITY,v2026-08-11,2026-03-21..2026-08-06,baccarat_bet02_101_all_pairs_incl_sentinel,round_win = game_pnl > 0 (decisive only),COMPATIBILITY_ONLY_NOT_PRODUCTION,557989.4742,504875.3716,9878.7574,24851,24505,-0.01770420,0.00338982,-0.02772422,-0.01770420,-9878.7574,557989.4742,OK,0.0000,395.1503,4.0000,96.0000,AG03-UNRESOLVED,ALL5_LEVELS_bet23_to_bet27,395.1503,395.1503,395.1503,0.0000,0.0000,4.000000,4.000000,4.000000,0.000000,0.000000,96.000000,96.000000,96.000000,100.000000,100.000000,5.0,1185.4509,1138.6651,8693.3065,8740.0923,PENDING_AG03,FALSE,NOT_FOR_ENFORCEMENT,9483.6071,484680.3568,9878.7574,9483.6071,395.1503,0.01770420,0.01699603,395.1503,9483.6071,0.01699603,395.1503,395.1503,395.1503,0.0000,0.0000,9483.6071,0.01699603,1185.4509,1138.6651,8693.3065,8740.0923,0.01557970,0.01566354,0.00070817,22.4534,20.6030,0.4031,82.3230,2.6463,4649.9123,204.2083,25.9152,21.1137,12.8578,14.5296,26.176,48.8436,54.2173,102.8621,13.088,0.0,3.731508,7.079487,1.545355,30,207,63,6,0.32204186,0.01770420,-0.00338982,0E-8,0.000000,0.904812,0.002133,0.03111404,2026-03-21,2026-08-06,120,3733,1703,139,0.863309,1.227414,1.154177,1.073473,,,,,,,,GLOBAL_BASELINE_NO_ENTITY_RANKING,,,NOT_APPLICABLE_GLOBAL_BASELINE,HF9g-P5,,,,X 全窗基线 · 不参与实体赏罚,15051810,1506,A168_HF9F_20260827_0900,2026-08-27 09:00:00
2026-03-27,127529701,2127,0,26.3317270980,-26.3317270980,-26.3317270980,0E-7,1,1,0.50665070000000000,0.506650700000,-1.013391052207602,-1.013391052207602,-1.013391052207602,0E-17,ELIGIBLE,R03b_20260811_FULL_v1,L1_ELIGIBILITY,v2026-08-11,2026-03-21..2026-08-06,baccarat_bet02_101_all_pairs_incl_sentinel,round_win = game_pnl > 0 (decisive only),COMPATIBILITY_ONLY_NOT_PRODUCTION,557989.4742,504875.3716,9878.7574,24851,24505,-0.01770420,0.00338982,-0.02772422,-0.01770420,-9878.7574,557989.4742,OK,0.0000,395.1503,4.0000,96.0000,AG03-UNRESOLVED,ALL5_LEVELS_bet23_to_bet27,395.1503,395.1503,395.1503,0.0000,0.0000,4.000000,4.000000,4.000000,0.000000,0.000000,96.000000,96.000000,96.000000,100.000000,100.000000,5.0,1185.4509,1138.6651,8693.3065,8740.0923,PENDING_AG03,FALSE,NOT_FOR_ENFORCEMENT,9483.6071,484680.3568,9878.7574,9483.6071,395.1503,0.01770420,0.01699603,395.1503,9483.6071,0.01699603,395.1503,395.1503,395.1503,0.0000,0.0000,9483.6071,0.01699603,1185.4509,1138.6651,8693.3065,8740.0923,0.01557970,0.01566354,0.00070817,22.4534,20.6030,0.4031,82.3230,2.6463,4649.9123,204.2083,25.9152,21.1137,12.8578,14.5296,26.176,48.8436,54.2173,102.8621,13.088,0.0,3.731508,7.079487,1.545355,30,207,63,6,0.32204186,0.01770420,-0.00338982,0E-8,0.000000,0.904812,0.002133,0.03111404,2026-03-21,2026-08-06,120,3733,1703,139,0.863309,1.227414,1.154177,1.073473,,,,,,,,GLOBAL_BASELINE_NO_ENTITY_RANKING,,,NOT_APPLICABLE_GLOBAL_BASELINE,HF9g-P5,,,,X 全窗基线 · 不参与实体赏罚,15051811,1506,A168_HF9F_20260827_0900,2026-08-27 09:00:00
2026-03-27,127529701,2147,0,157.2004107750,-65.6976591095,-65.6976591095,0.3750000,9,9,0.49920336666666667,0.499203366667,-0.7026012343063094,-0.7026012343081942,-0.7026012343063094,-3.3333E-13,ELIGIBLE,R03b_20260811_FULL_v1,L1_ELIGIBILITY,v2026-08-11,2026-03-21..2026-08-06,baccarat_bet02_101_all_pairs_incl_sentinel,round_win = game_pnl > 0 (decisive only),COMPATIBILITY_ONLY_NOT_PRODUCTION,557989.4742,504875.3716,9878.7574,24851,24505,-0.01770420,0.00338982,-0.02772422,-0.01770420,-9878.7574,557989.4742,OK,0.0000,395.1503,4.0000,96.0000,AG03-UNRESOLVED,ALL5_LEVELS_bet23_to_bet27,395.1503,395.1503,395.1503,0.0000,0.0000,4.000000,4.000000,4.000000,0.000000,0.000000,96.000000,96.000000,96.000000,100.000000,100.000000,5.0,1185.4509,1138.6651,8693.3065,8740.0923,PENDING_AG03,FALSE,NOT_FOR_ENFORCEMENT,9483.6071,484680.3568,9878.7574,9483.6071,395.1503,0.01770420,0.01699603,395.1503,9483.6071,0.01699603,395.1503,395.1503,395.1503,0.0000,0.0000,9483.6071,0.01699603,1185.4509,1138.6651,8693.3065,8740.0923,0.01557970,0.01566354,0.00070817,22.4534,20.6030,0.4031,82.3230,2.6463,4649.9123,204.2083,25.9152,21.1137,12.8578,14.5296,26.176,48.8436,54.2173,102.8621,13.088,0.0,3.731508,7.079487,1.545355,30,207,63,6,0.32204186,0.01770420,-0.00338982,0E-8,0.000000,0.904812,0.002133,0.03111404,2026-03-21,2026-08-06,120,3733,1703,139,0.863309,1.227414,1.154177,1.073473,,,,,,,,GLOBAL_BASELINE_NO_ENTITY_RANKING,,,NOT_APPLICABLE_GLOBAL_BASELINE,HF9g-P5,,,,X 全窗基线 · 不参与实体赏罚,15051812,1506,A168_HF9F_20260827_0900,2026-08-27 09:00:00
2026-03-27,127529701,2152,0,13.1658635490,-13.1658635490,-13.1658635490,0E-7,1,1,0.49324550000000000,0.493245500000,-0.9865810262130424,-0.9865810262130424,-0.9865810262130424,0E-17,ELIGIBLE,R03b_20260811_FULL_v1,L1_ELIGIBILITY,v2026-08-11,2026-03-21..2026-08-06,baccarat_bet02_101_all_pairs_incl_sentinel,round_win = game_pnl > 0 (decisive only),COMPATIBILITY_ONLY_NOT_PRODUCTION,557989.4742,504875.3716,9878.7574,24851,24505,-0.01770420,0.00338982,-0.02772422,-0.01770420,-9878.7574,557989.4742,OK,0.0000,395.1503,4.0000,96.0000,AG03-UNRESOLVED,ALL5_LEVELS_bet23_to_bet27,395.1503,395.1503,395.1503,0.0000,0.0000,4.000000,4.000000,4.000000,0.000000,0.000000,96.000000,96.000000,96.000000,100.000000,100.000000,5.0,1185.4509,1138.6651,8693.3065,8740.0923,PENDING_AG03,FALSE,NOT_FOR_ENFORCEMENT,9483.6071,484680.3568,9878.7574,9483.6071,395.1503,0.01770420,0.01699603,395.1503,9483.6071,0.01699603,395.1503,395.1503,395.1503,0.0000,0.0000,9483.6071,0.01699603,1185.4509,1138.6651,8693.3065,8740.0923,0.01557970,0.01566354,0.00070817,22.4534,20.6030,0.4031,82.3230,2.6463,4649.9123,204.2083,25.9152,21.1137,12.8578,14.5296,26.176,48.8436,54.2173,102.8621,13.088,0.0,3.731508,7.079487,1.545355,30,207,63,6,0.32204186,0.01770420,-0.00338982,0E-8,0.000000,0.904812,0.002133,0.03111404,2026-03-21,2026-08-06,120,3733,1703,139,0.863309,1.227414,1.154177,1.073473,,,,,,,,GLOBAL_BASELINE_NO_ENTITY_RANKING,,,NOT_APPLICABLE_GLOBAL_BASELINE,HF9g-P5,,,,X 全窗基线 · 不参与实体赏罚,15051813,1506,A168_HF9F_20260827_0900,2026-08-27 09:00:00
2026-03-27,127529701,2167,0,163.7833425496,13.1000342312,13.1000342312,0.6000000,10,10,0.49994810000000000,0.499948100000,0.6327837798637467,0.6327837798637467,0.6327837798637467,0E-17,ELIGIBLE,R03b_20260811_FULL_v1,L1_ELIGIBILITY,v2026-08-11,2026-03-21..2026-08-06,baccarat_bet02_101_all_pairs_incl_sentinel,round_win = game_pnl > 0 (decisive only),COMPATIBILITY_ONLY_NOT_PRODUCTION,557989.4742,504875.3716,9878.7574,24851,24505,-0.01770420,0.00338982,-0.02772422,-0.01770420,-9878.7574,557989.4742,OK,0.0000,395.1503,4.0000,96.0000,AG03-UNRESOLVED,ALL5_LEVELS_bet23_to_bet27,395.1503,395.1503,395.1503,0.0000,0.0000,4.000000,4.000000,4.000000,0.000000,0.000000,96.000000,96.000000,96.000000,100.000000,100.000000,5.0,1185.4509,1138.6651,8693.3065,8740.0923,PENDING_AG03,FALSE,NOT_FOR_ENFORCEMENT,9483.6071,484680.3568,9878.7574,9483.6071,395.1503,0.01770420,0.01699603,395.1503,9483.6071,0.01699603,395.1503,395.1503,395.1503,0.0000,0.0000,9483.6071,0.01699603,1185.4509,1138.6651,8693.3065,8740.0923,0.01557970,0.01566354,0.00070817,22.4534,20.6030,0.4031,82.3230,2.6463,4649.9123,204.2083,25.9152,21.1137,12.8578,14.5296,26.176,48.8436,54.2173,102.8621,13.088,0.0,3.731508,7.079487,1.545355,30,207,63,6,0.32204186,0.01770420,-0.00338982,0E-8,0.000000,0.904812,0.002133,0.03111404,2026-03-21,2026-08-06,120,3733,1703,139,0.863309,1.227414,1.154177,1.073473,,,,,,,,GLOBAL_BASELINE_NO_ENTITY_RANKING,,,NOT_APPLICABLE_GLOBAL_BASELINE,HF9g-P5,,,,X 全窗基线 · 不参与实体赏罚,15051814,1506,A168_HF9F_20260827_0900,2026-08-27 09:00:00
2026-03-27,127529701,2169,0,82.9449403587,-35.5478315823,-35.5478315823,0.2000000,5,5,0.49324550000000000,0.493245500000,-1.3115534243649334,-1.3115534243649334,-1.3115534243649334,0E-17,ELIGIBLE,R03b_20260811_FULL_v1,L1_ELIGIBILITY,v2026-08-11,2026-03-21..2026-08-06,baccarat_bet02_101_all_pairs_incl_sentinel,round_win = game_pnl > 0 (decisive only),COMPATIBILITY_ONLY_NOT_PRODUCTION,557989.4742,504875.3716,9878.7574,24851,24505,-0.01770420,0.00338982,-0.02772422,-0.01770420,-9878.7574,557989.4742,OK,0.0000,395.1503,4.0000,96.0000,AG03-UNRESOLVED,ALL5_LEVELS_bet23_to_bet27,395.1503,395.1503,395.1503,0.0000,0.0000,4.000000,4.000000,4.000000,0.000000,0.000000,96.000000,96.000000,96.000000,100.000000,100.000000,5.0,1185.4509,1138.6651,8693.3065,8740.0923,PENDING_AG03,FALSE,NOT_FOR_ENFORCEMENT,9483.6071,484680.3568,9878.7574,9483.6071,395.1503,0.01770420,0.01699603,395.1503,9483.6071,0.01699603,395.1503,395.1503,395.1503,0.0000,0.0000,9483.6071,0.01699603,1185.4509,1138.6651,8693.3065,8740.0923,0.01557970,0.01566354,0.00070817,22.4534,20.6030,0.4031,82.3230,2.6463,4649.9123,204.2083,25.9152,21.1137,12.8578,14.5296,26.176,48.8436,54.2173,102.8621,13.088,0.0,3.731508,7.079487,1.545355,30,207,63,6,0.32204186,0.01770420,-0.00338982,0E-8,0.000000,0.904812,0.002133,0.03111404,2026-03-21,2026-08-06,120,3733,1703,139,0.863309,1.227414,1.154177,1.073473,,,,,,,,GLOBAL_BASELINE_NO_ENTITY_RANKING,,,NOT_APPLICABLE_GLOBAL_BASELINE,HF9g-P5,,,,X 全窗基线 · 不参与实体赏罚,15051815,1506,A168_HF9F_20260827_0900,2026-08-27 09:00:00
2026-03-27,127529701,2196,0,150.6174790005,0.4081417700,0.4081417700,0.3636364,11,11,0.49812011818181818,0.498120118182,-0.8920706135493031,-0.8920706135505079,-0.8920706135493031,-1.8182E-13,ELIGIBLE,R03b_20260811_FULL_v1,L1_ELIGIBILITY,v2026-08-11,2026-03-21..2026-08-06,baccarat_bet02_101_all_pairs_incl_sentinel,round_win = game_pnl > 0 (decisive only),COMPATIBILITY_ONLY_NOT_PRODUCTION,557989.4742,504875.3716,9878.7574,24851,24505,-0.01770420,0.00338982,-0.02772422,-0.01770420,-9878.7574,557989.4742,OK,0.0000,395.1503,4.0000,96.0000,AG03-UNRESOLVED,ALL5_LEVELS_bet23_to_bet27,395.1503,395.1503,395.1503,0.0000,0.0000,4.000000,4.000000,4.000000,0.000000,0.000000,96.000000,96.000000,96.000000,100.000000,100.000000,5.0,1185.4509,1138.6651,8693.3065,8740.0923,PENDING_AG03,FALSE,NOT_FOR_ENFORCEMENT,9483.6071,484680.3568,9878.7574,9483.6071,395.1503,0.01770420,0.01699603,395.1503,9483.6071,0.01699603,395.1503,395.1503,395.1503,0.0000,0.0000,9483.6071,0.01699603,1185.4509,1138.6651,8693.3065,8740.0923,0.01557970,0.01566354,0.00070817,22.4534,20.6030,0.4031,82.3230,2.6463,4649.9123,204.2083,25.9152,21.1137,12.8578,14.5296,26.176,48.8436,54.2173,102.8621,13.088,0.0,3.731508,7.079487,1.545355,30,207,63,6,0.32204186,0.01770420,-0.00338982,0E-8,0.000000,0.904812,0.002133,0.03111404,2026-03-21,2026-08-06,120,3733,1703,139,0.863309,1.227414,1.154177,1.073473,,,,,,,,GLOBAL_BASELINE_NO_ENTITY_RANKING,,,NOT_APPLICABLE_GLOBAL_BASELINE,HF9g-P5,,,,X 全窗基线 · 不参与实体赏罚,15051816,1506,A168_HF9F_20260827_0900,2026-08-27 09:00:00
2026-03-27,127529701,2201,0,143.2445954131,68.3308318193,68.3308318193,0.6363636,11,11,0.49690146363636364,0.496901463636,0.9251051626741229,0.9251051626765394,0.9251051626741229,3.6364E-13,ELIGIBLE,R03b_20260811_FULL_v1,L1_ELIGIBILITY,v2026-08-11,2026-03-21..2026-08-06,baccarat_bet02_101_all_pairs_incl_sentinel,round_win = game_pnl > 0 (decisive only),COMPATIBILITY_ONLY_NOT_PRODUCTION,557989.4742,504875.3716,9878.7574,24851,24505,-0.01770420,0.00338982,-0.02772422,-0.01770420,-9878.7574,557989.4742,OK,0.0000,395.1503,4.0000,96.0000,AG03-UNRESOLVED,ALL5_LEVELS_bet23_to_bet27,395.1503,395.1503,395.1503,0.0000,0.0000,4.000000,4.000000,4.000000,0.000000,0.000000,96.000000,96.000000,96.000000,100.000000,100.000000,5.0,1185.4509,1138.6651,8693.3065,8740.0923,PENDING_AG03,FALSE,NOT_FOR_ENFORCEMENT,9483.6071,484680.3568,9878.7574,9483.6071,395.1503,0.01770420,0.01699603,395.1503,9483.6071,0.01699603,395.1503,395.1503,395.1503,0.0000,0.0000,9483.6071,0.01699603,1185.4509,1138.6651,8693.3065,8740.0923,0.01557970,0.01566354,0.00070817,22.4534,20.6030,0.4031,82.3230,2.6463,4649.9123,204.2083,25.9152,21.1137,12.8578,14.5296,26.176,48.8436,54.2173,102.8621,13.088,0.0,3.731508,7.079487,1.545355,30,207,63,6,0.32204186,0.01770420,-0.00338982,0E-8,0.000000,0.904812,0.002133,0.03111404,2026-03-21,2026-08-06,120,3733,1703,139,0.863309,1.227414,1.154177,1.073473,,,,,,,,GLOBAL_BASELINE_NO_ENTITY_RANKING,,,NOT_APPLICABLE_GLOBAL_BASELINE,HF9g-P5,,,,X 全窗基线 · 不参与实体赏罚,15051817,1506,A168_HF9F_20260827_0900,2026-08-27 09:00:00
2026-03-27,127529701,2232,0,22.3819680333,22.3819680333,22.3819680333,1.0000000,2,2,0.49324550000000000,0.493245500000,1.4334489766152358,1.4334489766152358,1.4334489766152358,0E-17,ELIGIBLE,R03b_20260811_FULL_v1,L1_ELIGIBILITY,v2026-08-11,2026-03-21..2026-08-06,baccarat_bet02_101_all_pairs_incl_sentinel,round_win = game_pnl > 0 (decisive only),COMPATIBILITY_ONLY_NOT_PRODUCTION,557989.4742,504875.3716,9878.7574,24851,24505,-0.01770420,0.00338982,-0.02772422,-0.01770420,-9878.7574,557989.4742,OK,0.0000,395.1503,4.0000,96.0000,AG03-UNRESOLVED,ALL5_LEVELS_bet23_to_bet27,395.1503,395.1503,395.1503,0.0000,0.0000,4.000000,4.000000,4.000000,0.000000,0.000000,96.000000,96.000000,96.000000,100.000000,100.000000,5.0,1185.4509,1138.6651,8693.3065,8740.0923,PENDING_AG03,FALSE,NOT_FOR_ENFORCEMENT,9483.6071,484680.3568,9878.7574,9483.6071,395.1503,0.01770420,0.01699603,395.1503,9483.6071,0.01699603,395.1503,395.1503,395.1503,0.0000,0.0000,9483.6071,0.01699603,1185.4509,1138.6651,8693.3065,8740.0923,0.01557970,0.01566354,0.00070817,22.4534,20.6030,0.4031,82.3230,2.6463,4649.9123,204.2083,25.9152,21.1137,12.8578,14.5296,26.176,48.8436,54.2173,102.8621,13.088,0.0,3.731508,7.079487,1.545355,30,207,63,6,0.32204186,0.01770420,-0.00338982,0E-8,0.000000,0.904812,0.002133,0.03111404,2026-03-21,2026-08-06,120,3733,1703,139,0.863309,1.227414,1.154177,1.073473,,,,,,,,GLOBAL_BASELINE_NO_ENTITY_RANKING,,,NOT_APPLICABLE_GLOBAL_BASELINE,HF9g-P5,,,,X 全窗基线 · 不参与实体赏罚,15051818,1506,A168_HF9F_20260827_0900,2026-08-27 09:00:00
2026-03-27,127529701,2233,0,13.1658635490,12.5075703715,12.5075703715,1.0000000,1,1,0.50665070000000000,0.506650700000,0.9867858985152569,0.9867858985152569,0.9867858985152569,0E-17,ELIGIBLE,R03b_20260811_FULL_v1,L1_ELIGIBILITY,v2026-08-11,2026-03-21..2026-08-06,baccarat_bet02_101_all_pairs_incl_sentinel,round_win = game_pnl > 0 (decisive only),COMPATIBILITY_ONLY_NOT_PRODUCTION,557989.4742,504875.3716,9878.7574,24851,24505,-0.01770420,0.00338982,-0.02772422,-0.01770420,-9878.7574,557989.4742,OK,0.0000,395.1503,4.0000,96.0000,AG03-UNRESOLVED,ALL5_LEVELS_bet23_to_bet27,395.1503,395.1503,395.1503,0.0000,0.0000,4.000000,4.000000,4.000000,0.000000,0.000000,96.000000,96.000000,96.000000,100.000000,100.000000,5.0,1185.4509,1138.6651,8693.3065,8740.0923,PENDING_AG03,FALSE,NOT_FOR_ENFORCEMENT,9483.6071,484680.3568,9878.7574,9483.6071,395.1503,0.01770420,0.01699603,395.1503,9483.6071,0.01699603,395.1503,395.1503,395.1503,0.0000,0.0000,9483.6071,0.01699603,1185.4509,1138.6651,8693.3065,8740.0923,0.01557970,0.01566354,0.00070817,22.4534,20.6030,0.4031,82.3230,2.6463,4649.9123,204.2083,25.9152,21.1137,12.8578,14.5296,26.176,48.8436,54.2173,102.8621,13.088,0.0,3.731508,7.079487,1.545355,30,207,63,6,0.32204186,0.01770420,-0.00338982,0E-8,0.000000,0.904812,0.002133,0.03111404,2026-03-21,2026-08-06,120,3733,1703,139,0.863309,1.227414,1.154177,1.073473,,,,,,,,GLOBAL_BASELINE_NO_ENTITY_RANKING,,,NOT_APPLICABLE_GLOBAL_BASELINE,HF9g-P5,,,,X 全窗基线 · 不参与实体赏罚,15051819,1506,A168_HF9F_20260827_0900,2026-08-27 09:00:00
2026-03-27,127529701,2239,0,195.1180977962,48.7136951312,48.7136951312,0.6428571,16,16,0.49911027500000000,0.499110275000,1.075704762966474,1.075704762966474,1.075704762966474,0E-17,ELIGIBLE,R03b_20260811_FULL_v1,L1_ELIGIBILITY,v2026-08-11,2026-03-21..2026-08-06,baccarat_bet02_101_all_pairs_incl_sentinel,round_win = game_pnl > 0 (decisive only),COMPATIBILITY_ONLY_NOT_PRODUCTION,557989.4742,504875.3716,9878.7574,24851,24505,-0.01770420,0.00338982,-0.02772422,-0.01770420,-9878.7574,557989.4742,OK,0.0000,395.1503,4.0000,96.0000,AG03-UNRESOLVED,ALL5_LEVELS_bet23_to_bet27,395.1503,395.1503,395.1503,0.0000,0.0000,4.000000,4.000000,4.000000,0.000000,0.000000,96.000000,96.000000,96.000000,100.000000,100.000000,5.0,1185.4509,1138.6651,8693.3065,8740.0923,PENDING_AG03,FALSE,NOT_FOR_ENFORCEMENT,9483.6071,484680.3568,9878.7574,9483.6071,395.1503,0.01770420,0.01699603,395.1503,9483.6071,0.01699603,395.1503,395.1503,395.1503,0.0000,0.0000,9483.6071,0.01699603,1185.4509,1138.6651,8693.3065,8740.0923,0.01557970,0.01566354,0.00070817,22.4534,20.6030,0.4031,82.3230,2.6463,4649.9123,204.2083,25.9152,21.1137,12.8578,14.5296,26.176,48.8436,54.2173,102.8621,13.088,0.0,3.731508,7.079487,1.545355,30,207,63,6,0.32204186,0.01770420,-0.00338982,0E-8,0.000000,0.904812,0.002133,0.03111404,2026-03-21,2026-08-06,120,3733,1703,139,0.863309,1.227414,1.154177,1.073473,,,,,,,,GLOBAL_BASELINE_NO_ENTITY_RANKING,,,NOT_APPLICABLE_GLOBAL_BASELINE,HF9g-P5,,,,X 全窗基线 · 不参与实体赏罚,15051820,1506,A168_HF9F_20260827_0900,2026-08-27 09:00:00
2026-03-27,127529701,2254,0,67.1459040999,-5.2663454196,-5.2663454196,0.3333333,4,4,0.49994810000000000,0.499948100000,-0.5771704854251445,-0.5771704854251445,-0.5771704854251445,0E-17,ELIGIBLE,R03b_20260811_FULL_v1,L1_ELIGIBILITY,v2026-08-11,2026-03-21..2026-08-06,baccarat_bet02_101_all_pairs_incl_sentinel,round_win = game_pnl > 0 (decisive only),COMPATIBILITY_ONLY_NOT_PRODUCTION,557989.4742,504875.3716,9878.7574,24851,24505,-0.01770420,0.00338982,-0.02772422,-0.01770420,-9878.7574,557989.4742,OK,0.0000,395.1503,4.0000,96.0000,AG03-UNRESOLVED,ALL5_LEVELS_bet23_to_bet27,395.1503,395.1503,395.1503,0.0000,0.0000,4.000000,4.000000,4.000000,0.000000,0.000000,96.000000,96.000000,96.000000,100.000000,100.000000,5.0,1185.4509,1138.6651,8693.3065,8740.0923,PENDING_AG03,FALSE,NOT_FOR_ENFORCEMENT,9483.6071,484680.3568,9878.7574,9483.6071,395.1503,0.01770420,0.01699603,395.1503,9483.6071,0.01699603,395.1503,395.1503,395.1503,0.0000,0.0000,9483.6071,0.01699603,1185.4509,1138.6651,8693.3065,8740.0923,0.01557970,0.01566354,0.00070817,22.4534,20.6030,0.4031,82.3230,2.6463,4649.9123,204.2083,25.9152,21.1137,12.8578,14.5296,26.176,48.8436,54.2173,102.8621,13.088,0.0,3.731508,7.079487,1.545355,30,207,63,6,0.32204186,0.01770420,-0.00338982,0E-8,0.000000,0.904812,0.002133,0.03111404,2026-03-21,2026-08-06,120,3733,1703,139,0.863309,1.227414,1.154177,1.073473,,,,,,,,GLOBAL_BASELINE_NO_ENTITY_RANKING,,,NOT_APPLICABLE_GLOBAL_BASELINE,HF9g-P5,,,,X 全窗基线 · 不参与实体赏罚,15051821,1506,A168_HF9F_20260827_0900,2026-08-27 09:00:00
2026-03-27,127529701,2256,0,141.1380572452,-36.7327593017,-36.7327593017,0.2727273,11,11,0.50055742727272727,0.500557427273,-1.5112552162822557,-1.5112552162840658,-1.5112552162822557,-2.7273E-13,ELIGIBLE,R03b_20260811_FULL_v1,L1_ELIGIBILITY,v2026-08-11,2026-03-21..2026-08-06,baccarat_bet02_101_all_pairs_incl_sentinel,round_win = game_pnl > 0 (decisive only),COMPATIBILITY_ONLY_NOT_PRODUCTION,557989.4742,504875.3716,9878.7574,24851,24505,-0.01770420,0.00338982,-0.02772422,-0.01770420,-9878.7574,557989.4742,OK,0.0000,395.1503,4.0000,96.0000,AG03-UNRESOLVED,ALL5_LEVELS_bet23_to_bet27,395.1503,395.1503,395.1503,0.0000,0.0000,4.000000,4.000000,4.000000,0.000000,0.000000,96.000000,96.000000,96.000000,100.000000,100.000000,5.0,1185.4509,1138.6651,8693.3065,8740.0923,PENDING_AG03,FALSE,NOT_FOR_ENFORCEMENT,9483.6071,484680.3568,9878.7574,9483.6071,395.1503,0.01770420,0.01699603,395.1503,9483.6071,0.01699603,395.1503,395.1503,395.1503,0.0000,0.0000,9483.6071,0.01699603,1185.4509,1138.6651,8693.3065,8740.0923,0.01557970,0.01566354,0.00070817,22.4534,20.6030,0.4031,82.3230,2.6463,4649.9123,204.2083,25.9152,21.1137,12.8578,14.5296,26.176,48.8436,54.2173,102.8621,13.088,0.0,3.731508,7.079487,1.545355,30,207,63,6,0.32204186,0.01770420,-0.00338982,0E-8,0.000000,0.904812,0.002133,0.03111404,2026-03-21,2026-08-06,120,3733,1703,139,0.863309,1.227414,1.154177,1.073473,,,,,,,,GLOBAL_BASELINE_NO_ENTITY_RANKING,,,NOT_APPLICABLE_GLOBAL_BASELINE,HF9g-P5,,,,X 全窗基线 · 不参与实体赏罚,15051822,1506,A168_HF9F_20260827_0900,2026-08-27 09:00:00
2026-03-27,127529701,2264,0,165.0999289045,-34.0995865920,-34.0995865920,0.2727273,11,11,0.49690146363636364,0.496901463636,-1.4870319118994983,-1.487031911897093,-1.4870319118994983,3.6364E-13,ELIGIBLE,R03b_20260811_FULL_v1,L1_ELIGIBILITY,v2026-08-11,2026-03-21..2026-08-06,baccarat_bet02_101_all_pairs_incl_sentinel,round_win = game_pnl > 0 (decisive only),COMPATIBILITY_ONLY_NOT_PRODUCTION,557989.4742,504875.3716,9878.7574,24851,24505,-0.01770420,0.00338982,-0.02772422,-0.01770420,-9878.7574,557989.4742,OK,0.0000,395.1503,4.0000,96.0000,AG03-UNRESOLVED,ALL5_LEVELS_bet23_to_bet27,395.1503,395.1503,395.1503,0.0000,0.0000,4.000000,4.000000,4.000000,0.000000,0.000000,96.000000,96.000000,96.000000,100.000000,100.000000,5.0,1185.4509,1138.6651,8693.3065,8740.0923,PENDING_AG03,FALSE,NOT_FOR_ENFORCEMENT,9483.6071,484680.3568,9878.7574,9483.6071,395.1503,0.01770420,0.01699603,395.1503,9483.6071,0.01699603,395.1503,395.1503,395.1503,0.0000,0.0000,9483.6071,0.01699603,1185.4509,1138.6651,8693.3065,8740.0923,0.01557970,0.01566354,0.00070817,22.4534,20.6030,0.4031,82.3230,2.6463,4649.9123,204.2083,25.9152,21.1137,12.8578,14.5296,26.176,48.8436,54.2173,102.8621,13.088,0.0,3.731508,7.079487,1.545355,30,207,63,6,0.32204186,0.01770420,-0.00338982,0E-8,0.000000,0.904812,0.002133,0.03111404,2026-03-21,2026-08-06,120,3733,1703,139,0.863309,1.227414,1.154177,1.073473,,,,,,,,GLOBAL_BASELINE_NO_ENTITY_RANKING,,,NOT_APPLICABLE_GLOBAL_BASELINE,HF9g-P5,,,,X 全窗基线 · 不参与实体赏罚,15051823,1506,A168_HF9F_20260827_0900,2026-08-27 09:00:00
2026-03-27,127529701,2266,0,231.9825157333,-34.3365721358,-34.3365721358,0.3750000,16,16,0.49994810000000000,0.499948100000,-0.9995848053849833,-0.9995848053849833,-0.9995848053849833,0E-17,ELIGIBLE,R03b_20260811_FULL_v1,L1_ELIGIBILITY,v2026-08-11,2026-03-21..2026-08-06,baccarat_bet02_101_all_pairs_incl_sentinel,round_win = game_pnl > 0 (decisive only),COMPATIBILITY_ONLY_NOT_PRODUCTION,557989.4742,504875.3716,9878.7574,24851,24505,-0.01770420,0.00338982,-0.02772422,-0.01770420,-9878.7574,557989.4742,OK,0.0000,395.1503,4.0000,96.0000,AG03-UNRESOLVED,ALL5_LEVELS_bet23_to_bet27,395.1503,395.1503,395.1503,0.0000,0.0000,4.000000,4.000000,4.000000,0.000000,0.000000,96.000000,96.000000,96.000000,100.000000,100.000000,5.0,1185.4509,1138.6651,8693.3065,8740.0923,PENDING_AG03,FALSE,NOT_FOR_ENFORCEMENT,9483.6071,484680.3568,9878.7574,9483.6071,395.1503,0.01770420,0.01699603,395.1503,9483.6071,0.01699603,395.1503,395.1503,395.1503,0.0000,0.0000,9483.6071,0.01699603,1185.4509,1138.6651,8693.3065,8740.0923,0.01557970,0.01566354,0.00070817,22.4534,20.6030,0.4031,82.3230,2.6463,4649.9123,204.2083,25.9152,21.1137,12.8578,14.5296,26.176,48.8436,54.2173,102.8621,13.088,0.0,3.731508,7.079487,1.545355,30,207,63,6,0.32204186,0.01770420,-0.00338982,0E-8,0.000000,0.904812,0.002133,0.03111404,2026-03-21,2026-08-06,120,3733,1703,139,0.863309,1.227414,1.154177,1.073473,,,,,,,,GLOBAL_BASELINE_NO_ENTITY_RANKING,,,NOT_APPLICABLE_GLOBAL_BASELINE,HF9g-P5,,,,X 全窗基线 · 不参与实体赏罚,15051824,1506,A168_HF9F_20260827_0900,2026-08-27 09:00:00
2026-03-27,127529701,789,0,224.0829976040,-26.3317270981,-26.3317270981,0.3333333,11,11,0.49933877272727273,0.499338772727,-0.9960335073385579,-0.9960335073369222,-0.9960335073385579,2.7273E-13,ELIGIBLE,R03b_20260811_FULL_v1,L1_ELIGIBILITY,v2026-08-11,2026-03-21..2026-08-06,baccarat_bet02_101_all_pairs_incl_sentinel,round_win = game_pnl > 0 (decisive only),COMPATIBILITY_ONLY_NOT_PRODUCTION,557989.4742,504875.3716,9878.7574,24851,24505,-0.01770420,0.00338982,-0.02772422,-0.01770420,-9878.7574,557989.4742,OK,0.0000,395.1503,4.0000,96.0000,AG03-UNRESOLVED,ALL5_LEVELS_bet23_to_bet27,395.1503,395.1503,395.1503,0.0000,0.0000,4.000000,4.000000,4.000000,0.000000,0.000000,96.000000,96.000000,96.000000,100.000000,100.000000,5.0,1185.4509,1138.6651,8693.3065,8740.0923,PENDING_AG03,FALSE,NOT_FOR_ENFORCEMENT,9483.6071,484680.3568,9878.7574,9483.6071,395.1503,0.01770420,0.01699603,395.1503,9483.6071,0.01699603,395.1503,395.1503,395.1503,0.0000,0.0000,9483.6071,0.01699603,1185.4509,1138.6651,8693.3065,8740.0923,0.01557970,0.01566354,0.00070817,22.4534,20.6030,0.4031,82.3230,2.6463,4649.9123,204.2083,25.9152,21.1137,12.8578,14.5296,26.176,48.8436,54.2173,102.8621,13.088,0.0,3.731508,7.079487,1.545355,30,207,63,6,0.32204186,0.01770420,-0.00338982,0E-8,0.000000,0.904812,0.002133,0.03111404,2026-03-21,2026-08-06,120,3733,1703,139,0.863309,1.227414,1.154177,1.073473,,,,,,,,GLOBAL_BASELINE_NO_ENTITY_RANKING,,,NOT_APPLICABLE_GLOBAL_BASELINE,HF9g-P5,,,,X 全窗基线 · 不参与实体赏罚,15051825,1506,A168_HF9F_20260827_0900,2026-08-27 09:00:00
2026-03-28,127529701,1382,0,102.1671011402,-35.2845143114,-35.2845143114,0.3333333,12,12,0.49994810000000000,0.499948100000,-1.154340970850289,-1.154340970850289,-1.154340970850289,0E-17,ELIGIBLE,R03b_20260811_FULL_v1,L1_ELIGIBILITY,v2026-08-11,2026-03-21..2026-08-06,baccarat_bet02_101_all_pairs_incl_sentinel,round_win = game_pnl > 0 (decisive only),COMPATIBILITY_ONLY_NOT_PRODUCTION,557989.4742,504875.3716,9878.7574,24851,24505,-0.01770420,0.00338982,-0.02772422,-0.01770420,-9878.7574,557989.4742,OK,0.0000,395.1503,4.0000,96.0000,AG03-UNRESOLVED,ALL5_LEVELS_bet23_to_bet27,395.1503,395.1503,395.1503,0.0000,0.0000,4.000000,4.000000,4.000000,0.000000,0.000000,96.000000,96.000000,96.000000,100.000000,100.000000,5.0,1185.4509,1138.6651,8693.3065,8740.0923,PENDING_AG03,FALSE,NOT_FOR_ENFORCEMENT,9483.6071,484680.3568,9878.7574,9483.6071,395.1503,0.01770420,0.01699603,395.1503,9483.6071,0.01699603,395.1503,395.1503,395.1503,0.0000,0.0000,9483.6071,0.01699603,1185.4509,1138.6651,8693.3065,8740.0923,0.01557970,0.01566354,0.00070817,22.4534,20.6030,0.4031,82.3230,2.6463,4649.9123,204.2083,25.9152,21.1137,12.8578,14.5296,26.176,48.8436,54.2173,102.8621,13.088,0.0,3.731508,7.079487,1.545355,30,207,63,6,0.32204186,0.01770420,-0.00338982,0E-8,0.000000,0.904812,0.002133,0.03111404,2026-03-21,2026-08-06,120,3733,1703,139,0.863309,1.227414,1.154177,1.073473,,,,,,,,GLOBAL_BASELINE_NO_ENTITY_RANKING,,,NOT_APPLICABLE_GLOBAL_BASELINE,HF9g-P5,,,,X 全窗基线 · 不参与实体赏罚,15051826,1506,A168_HF9F_20260827_0900,2026-08-27 09:00:00
2026-03-28,127529701,1402,0,141.6646917872,-61.7479000449,-61.7479000449,0.2727273,13,12,0.49957573333333333,0.499389550000,-1.5047429979142526,-1.5035085762452345,-1.5047429979142526,0.00018618333333333,ELIGIBLE,R03b_20260811_FULL_v1,L1_ELIGIBILITY,v2026-08-11,2026-03-21..2026-08-06,baccarat_bet02_101_all_pairs_incl_sentinel,round_win = game_pnl > 0 (decisive only),COMPATIBILITY_ONLY_NOT_PRODUCTION,557989.4742,504875.3716,9878.7574,24851,24505,-0.01770420,0.00338982,-0.02772422,-0.01770420,-9878.7574,557989.4742,OK,0.0000,395.1503,4.0000,96.0000,AG03-UNRESOLVED,ALL5_LEVELS_bet23_to_bet27,395.1503,395.1503,395.1503,0.0000,0.0000,4.000000,4.000000,4.000000,0.000000,0.000000,96.000000,96.000000,96.000000,100.000000,100.000000,5.0,1185.4509,1138.6651,8693.3065,8740.0923,PENDING_AG03,FALSE,NOT_FOR_ENFORCEMENT,9483.6071,484680.3568,9878.7574,9483.6071,395.1503,0.01770420,0.01699603,395.1503,9483.6071,0.01699603,395.1503,395.1503,395.1503,0.0000,0.0000,9483.6071,0.01699603,1185.4509,1138.6651,8693.3065,8740.0923,0.01557970,0.01566354,0.00070817,22.4534,20.6030,0.4031,82.3230,2.6463,4649.9123,204.2083,25.9152,21.1137,12.8578,14.5296,26.176,48.8436,54.2173,102.8621,13.088,0.0,3.731508,7.079487,1.545355,30,207,63,6,0.32204186,0.01770420,-0.00338982,0E-8,0.000000,0.904812,0.002133,0.03111404,2026-03-21,2026-08-06,120,3733,1703,139,0.863309,1.227414,1.154177,1.073473,,,,,,,,GLOBAL_BASELINE_NO_ENTITY_RANKING,,,NOT_APPLICABLE_GLOBAL_BASELINE,HF9g-P5,,,,X 全窗基线 · 不参与实体赏罚,15051827,1506,A168_HF9F_20260827_0900,2026-08-27 09:00:00
2026-03-28,127529701,2127,0,26.3317270980,-26.3317270980,-26.3317270980,0E-7,2,2,0.50665070000000000,0.506650700000,-1.4331513700195317,-1.4331513700195317,-1.4331513700195317,0E-17,ELIGIBLE,R03b_20260811_FULL_v1,L1_ELIGIBILITY,v2026-08-11,2026-03-21..2026-08-06,baccarat_bet02_101_all_pairs_incl_sentinel,round_win = game_pnl > 0 (decisive only),COMPATIBILITY_ONLY_NOT_PRODUCTION,557989.4742,504875.3716,9878.7574,24851,24505,-0.01770420,0.00338982,-0.02772422,-0.01770420,-9878.7574,557989.4742,OK,0.0000,395.1503,4.0000,96.0000,AG03-UNRESOLVED,ALL5_LEVELS_bet23_to_bet27,395.1503,395.1503,395.1503,0.0000,0.0000,4.000000,4.000000,4.000000,0.000000,0.000000,96.000000,96.000000,96.000000,100.000000,100.000000,5.0,1185.4509,1138.6651,8693.3065,8740.0923,PENDING_AG03,FALSE,NOT_FOR_ENFORCEMENT,9483.6071,484680.3568,9878.7574,9483.6071,395.1503,0.01770420,0.01699603,395.1503,9483.6071,0.01699603,395.1503,395.1503,395.1503,0.0000,0.0000,9483.6071,0.01699603,1185.4509,1138.6651,8693.3065,8740.0923,0.01557970,0.01566354,0.00070817,22.4534,20.6030,0.4031,82.3230,2.6463,4649.9123,204.2083,25.9152,21.1137,12.8578,14.5296,26.176,48.8436,54.2173,102.8621,13.088,0.0,3.731508,7.079487,1.545355,30,207,63,6,0.32204186,0.01770420,-0.00338982,0E-8,0.000000,0.904812,0.002133,0.03111404,2026-03-21,2026-08-06,120,3733,1703,139,0.863309,1.227414,1.154177,1.073473,,,,,,,,GLOBAL_BASELINE_NO_ENTITY_RANKING,,,NOT_APPLICABLE_GLOBAL_BASELINE,HF9g-P5,,,,X 全窗基线 · 不参与实体赏罚,15051828,1506,A168_HF9F_20260827_0900,2026-08-27 09:00:00
2026-03-28,127529701,2220,0,28.1749479948,-2.5015140743,-2.5015140743,0.5000000,2,2,0.49994810000000000,0.499948100000,0.00014679536856514622,0.00014679536856514622,0.00014679536856514622,0E-17,ELIGIBLE,R03b_20260811_FULL_v1,L1_ELIGIBILITY,v2026-08-11,2026-03-21..2026-08-06,baccarat_bet02_101_all_pairs_incl_sentinel,round_win = game_pnl > 0 (decisive only),COMPATIBILITY_ONLY_NOT_PRODUCTION,557989.4742,504875.3716,9878.7574,24851,24505,-0.01770420,0.00338982,-0.02772422,-0.01770420,-9878.7574,557989.4742,OK,0.0000,395.1503,4.0000,96.0000,AG03-UNRESOLVED,ALL5_LEVELS_bet23_to_bet27,395.1503,395.1503,395.1503,0.0000,0.0000,4.000000,4.000000,4.000000,0.000000,0.000000,96.000000,96.000000,96.000000,100.000000,100.000000,5.0,1185.4509,1138.6651,8693.3065,8740.0923,PENDING_AG03,FALSE,NOT_FOR_ENFORCEMENT,9483.6071,484680.3568,9878.7574,9483.6071,395.1503,0.01770420,0.01699603,395.1503,9483.6071,0.01699603,395.1503,395.1503,395.1503,0.0000,0.0000,9483.6071,0.01699603,1185.4509,1138.6651,8693.3065,8740.0923,0.01557970,0.01566354,0.00070817,22.4534,20.6030,0.4031,82.3230,2.6463,4649.9123,204.2083,25.9152,21.1137,12.8578,14.5296,26.176,48.8436,54.2173,102.8621,13.088,0.0,3.731508,7.079487,1.545355,30,207,63,6,0.32204186,0.01770420,-0.00338982,0E-8,0.000000,0.904812,0.002133,0.03111404,2026-03-21,2026-08-06,120,3733,1703,139,0.863309,1.227414,1.154177,1.073473,,,,,,,,GLOBAL_BASELINE_NO_ENTITY_RANKING,,,NOT_APPLICABLE_GLOBAL_BASELINE,HF9g-P5,,,,X 全窗基线 · 不参与实体赏罚,15051829,1506,A168_HF9F_20260827_0900,2026-08-27 09:00:00
2026-03-28,127529701,2224,0,76.0986913132,-52.7292835137,-52.7292835137,0.2857143,7,7,0.49899058571428571,0.498990585714,-1.1285544004973334,-1.1285544004958228,-1.1285544004973334,2.8571E-13,ELIGIBLE,R03b_20260811_FULL_v1,L1_ELIGIBILITY,v2026-08-11,2026-03-21..2026-08-06,baccarat_bet02_101_all_pairs_incl_sentinel,round_win = game_pnl > 0 (decisive only),COMPATIBILITY_ONLY_NOT_PRODUCTION,557989.4742,504875.3716,9878.7574,24851,24505,-0.01770420,0.00338982,-0.02772422,-0.01770420,-9878.7574,557989.4742,OK,0.0000,395.1503,4.0000,96.0000,AG03-UNRESOLVED,ALL5_LEVELS_bet23_to_bet27,395.1503,395.1503,395.1503,0.0000,0.0000,4.000000,4.000000,4.000000,0.000000,0.000000,96.000000,96.000000,96.000000,100.000000,100.000000,5.0,1185.4509,1138.6651,8693.3065,8740.0923,PENDING_AG03,FALSE,NOT_FOR_ENFORCEMENT,9483.6071,484680.3568,9878.7574,9483.6071,395.1503,0.01770420,0.01699603,395.1503,9483.6071,0.01699603,395.1503,395.1503,395.1503,0.0000,0.0000,9483.6071,0.01699603,1185.4509,1138.6651,8693.3065,8740.0923,0.01557970,0.01566354,0.00070817,22.4534,20.6030,0.4031,82.3230,2.6463,4649.9123,204.2083,25.9152,21.1137,12.8578,14.5296,26.176,48.8436,54.2173,102.8621,13.088,0.0,3.731508,7.079487,1.545355,30,207,63,6,0.32204186,0.01770420,-0.00338982,0E-8,0.000000,0.904812,0.002133,0.03111404,2026-03-21,2026-08-06,120,3733,1703,139,0.863309,1.227414,1.154177,1.073473,,,,,,,,GLOBAL_BASELINE_NO_ENTITY_RANKING,,,NOT_APPLICABLE_GLOBAL_BASELINE,HF9g-P5,,,,X 全窗基线 · 不参与实体赏罚,15051830,1506,A168_HF9F_20260827_0900,2026-08-27 09:00:00
2026-03-28,127529701,2232,0,26.3317270980,-0.6582931775,-0.6582931775,0.5000000,2,2,0.50665070000000000,0.506650700000,-0.018812684590367487,-0.018812684590367487,-0.018812684590367487,0E-17,ELIGIBLE,R03b_20260811_FULL_v1,L1_ELIGIBILITY,v2026-08-11,2026-03-21..2026-08-06,baccarat_bet02_101_all_pairs_incl_sentinel,round_win = game_pnl > 0 (decisive only),COMPATIBILITY_ONLY_NOT_PRODUCTION,557989.4742,504875.3716,9878.7574,24851,24505,-0.01770420,0.00338982,-0.02772422,-0.01770420,-9878.7574,557989.4742,OK,0.0000,395.1503,4.0000,96.0000,AG03-UNRESOLVED,ALL5_LEVELS_bet23_to_bet27,395.1503,395.1503,395.1503,0.0000,0.0000,4.000000,4.000000,4.000000,0.000000,0.000000,96.000000,96.000000,96.000000,100.000000,100.000000,5.0,1185.4509,1138.6651,8693.3065,8740.0923,PENDING_AG03,FALSE,NOT_FOR_ENFORCEMENT,9483.6071,484680.3568,9878.7574,9483.6071,395.1503,0.01770420,0.01699603,395.1503,9483.6071,0.01699603,395.1503,395.1503,395.1503,0.0000,0.0000,9483.6071,0.01699603,1185.4509,1138.6651,8693.3065,8740.0923,0.01557970,0.01566354,0.00070817,22.4534,20.6030,0.4031,82.3230,2.6463,4649.9123,204.2083,25.9152,21.1137,12.8578,14.5296,26.176,48.8436,54.2173,102.8621,13.088,0.0,3.731508,7.079487,1.545355,30,207,63,6,0.32204186,0.01770420,-0.00338982,0E-8,0.000000,0.904812,0.002133,0.03111404,2026-03-21,2026-08-06,120,3733,1703,139,0.863309,1.227414,1.154177,1.073473,,,,,,,,GLOBAL_BASELINE_NO_ENTITY_RANKING,,,NOT_APPLICABLE_GLOBAL_BASELINE,HF9g-P5,,,,X 全窗基线 · 不参与实体赏罚,15051831,1506,A168_HF9F_20260827_0900,2026-08-27 09:00:00
2026-03-28,127529701,2233,0,41.3408115439,-5.0030281487,-5.0030281487,0.4000000,5,5,0.49860758000000000,0.498607580000,-0.440988213962219,-0.440988213962219,-0.440988213962219,0E-17,ELIGIBLE,R03b_20260811_FULL_v1,L1_ELIGIBILITY,v2026-08-11,2026-03-21..2026-08-06,baccarat_bet02_101_all_pairs_incl_sentinel,round_win = game_pnl > 0 (decisive only),COMPATIBILITY_ONLY_NOT_PRODUCTION,557989.4742,504875.3716,9878.7574,24851,24505,-0.01770420,0.00338982,-0.02772422,-0.01770420,-9878.7574,557989.4742,OK,0.0000,395.1503,4.0000,96.0000,AG03-UNRESOLVED,ALL5_LEVELS_bet23_to_bet27,395.1503,395.1503,395.1503,0.0000,0.0000,4.000000,4.000000,4.000000,0.000000,0.000000,96.000000,96.000000,96.000000,100.000000,100.000000,5.0,1185.4509,1138.6651,8693.3065,8740.0923,PENDING_AG03,FALSE,NOT_FOR_ENFORCEMENT,9483.6071,484680.3568,9878.7574,9483.6071,395.1503,0.01770420,0.01699603,395.1503,9483.6071,0.01699603,395.1503,395.1503,395.1503,0.0000,0.0000,9483.6071,0.01699603,1185.4509,1138.6651,8693.3065,8740.0923,0.01557970,0.01566354,0.00070817,22.4534,20.6030,0.4031,82.3230,2.6463,4649.9123,204.2083,25.9152,21.1137,12.8578,14.5296,26.176,48.8436,54.2173,102.8621,13.088,0.0,3.731508,7.079487,1.545355,30,207,63,6,0.32204186,0.01770420,-0.00338982,0E-8,0.000000,0.904812,0.002133,0.03111404,2026-03-21,2026-08-06,120,3733,1703,139,0.863309,1.227414,1.154177,1.073473,,,,,,,,GLOBAL_BASELINE_NO_ENTITY_RANKING,,,NOT_APPLICABLE_GLOBAL_BASELINE,HF9g-P5,,,,X 全窗基线 · 不参与实体赏罚,15051832,1506,A168_HF9F_20260827_0900,2026-08-27 09:00:00
2026-03-31,127529701,-1,1,1216.2624746563,-51.0572188431,-51.0572188431,0.4912281,70,67,0.49873132825159915,0.496250299502,-0.11329707711046463,-0.07583613240352621,-0.11329707711046463,0.00248102874959915,SENTINEL_DEALER,R03b_20260811_FULL_v1,L1_ELIGIBILITY,v2026-08-11,2026-03-21..2026-08-06,baccarat_bet02_101_all_pairs_incl_sentinel,round_win = game_pnl > 0 (decisive only),COMPATIBILITY_ONLY_NOT_PRODUCTION,557989.4742,504875.3716,9878.7574,24851,24505,-0.01770420,0.00338982,-0.02772422,-0.01770420,-9878.7574,557989.4742,OK,0.0000,395.1503,4.0000,96.0000,AG03-UNRESOLVED,ALL5_LEVELS_bet23_to_bet27,395.1503,395.1503,395.1503,0.0000,0.0000,4.000000,4.000000,4.000000,0.000000,0.000000,96.000000,96.000000,96.000000,100.000000,100.000000,5.0,1185.4509,1138.6651,8693.3065,8740.0923,PENDING_AG03,FALSE,NOT_FOR_ENFORCEMENT,9483.6071,484680.3568,9878.7574,9483.6071,395.1503,0.01770420,0.01699603,395.1503,9483.6071,0.01699603,395.1503,395.1503,395.1503,0.0000,0.0000,9483.6071,0.01699603,1185.4509,1138.6651,8693.3065,8740.0923,0.01557970,0.01566354,0.00070817,22.4534,20.6030,0.4031,82.3230,2.6463,4649.9123,204.2083,25.9152,21.1137,12.8578,14.5296,26.176,48.8436,54.2173,102.8621,13.088,0.0,3.731508,7.079487,1.545355,30,207,63,6,0.32204186,0.01770420,-0.00338982,0E-8,0.000000,0.904812,0.002133,0.03111404,2026-03-21,2026-08-06,120,3733,1703,139,0.863309,1.227414,1.154177,1.073473,,,,,,,,GLOBAL_BASELINE_NO_ENTITY_RANKING,,,NOT_APPLICABLE_GLOBAL_BASELINE,HF9g-P5,,,,X 全窗基线 · 不参与实体赏罚,15051833,1506,A168_HF9F_20260827_0900,2026-08-27 09:00:00
2026-03-31,127529701,1109,0,185.6386760409,9.8743976617,9.8743976617,0.5000000,9,9,0.50069283333333333,0.500692833333,-0.003919260948490246,-0.003919260946604642,-0.003919260948490246,3.3333E-13,ELIGIBLE,R03b_20260811_FULL_v1,L1_ELIGIBILITY,v2026-08-11,2026-03-21..2026-08-06,baccarat_bet02_101_all_pairs_incl_sentinel,round_win = game_pnl > 0 (decisive only),COMPATIBILITY_ONLY_NOT_PRODUCTION,557989.4742,504875.3716,9878.7574,24851,24505,-0.01770420,0.00338982,-0.02772422,-0.01770420,-9878.7574,557989.4742,OK,0.0000,395.1503,4.0000,96.0000,AG03-UNRESOLVED,ALL5_LEVELS_bet23_to_bet27,395.1503,395.1503,395.1503,0.0000,0.0000,4.000000,4.000000,4.000000,0.000000,0.000000,96.000000,96.000000,96.000000,100.000000,100.000000,5.0,1185.4509,1138.6651,8693.3065,8740.0923,PENDING_AG03,FALSE,NOT_FOR_ENFORCEMENT,9483.6071,484680.3568,9878.7574,9483.6071,395.1503,0.01770420,0.01699603,395.1503,9483.6071,0.01699603,395.1503,395.1503,395.1503,0.0000,0.0000,9483.6071,0.01699603,1185.4509,1138.6651,8693.3065,8740.0923,0.01557970,0.01566354,0.00070817,22.4534,20.6030,0.4031,82.3230,2.6463,4649.9123,204.2083,25.9152,21.1137,12.8578,14.5296,26.176,48.8436,54.2173,102.8621,13.088,0.0,3.731508,7.079487,1.545355,30,207,63,6,0.32204186,0.01770420,-0.00338982,0E-8,0.000000,0.904812,0.002133,0.03111404,2026-03-21,2026-08-06,120,3733,1703,139,0.863309,1.227414,1.154177,1.073473,,,,,,,,GLOBAL_BASELINE_NO_ENTITY_RANKING,,,NOT_APPLICABLE_GLOBAL_BASELINE,HF9g-P5,,,,X 全窗基线 · 不参与实体赏罚,15051834,1506,A168_HF9F_20260827_0900,2026-08-27 09:00:00
2026-03-31,127529701,1318,0,107.9600811018,-56.6132132607,-56.6132132607,0.2000000,5,5,0.49860758000000000,0.498607580000,-1.3354188732730328,-1.3354188732730328,-1.3354188732730328,0E-17,ELIGIBLE,R03b_20260811_FULL_v1,L1_ELIGIBILITY,v2026-08-11,2026-03-21..2026-08-06,baccarat_bet02_101_all_pairs_incl_sentinel,round_win = game_pnl > 0 (decisive only),COMPATIBILITY_ONLY_NOT_PRODUCTION,557989.4742,504875.3716,9878.7574,24851,24505,-0.01770420,0.00338982,-0.02772422,-0.01770420,-9878.7574,557989.4742,OK,0.0000,395.1503,4.0000,96.0000,AG03-UNRESOLVED,ALL5_LEVELS_bet23_to_bet27,395.1503,395.1503,395.1503,0.0000,0.0000,4.000000,4.000000,4.000000,0.000000,0.000000,96.000000,96.000000,96.000000,100.000000,100.000000,5.0,1185.4509,1138.6651,8693.3065,8740.0923,PENDING_AG03,FALSE,NOT_FOR_ENFORCEMENT,9483.6071,484680.3568,9878.7574,9483.6071,395.1503,0.01770420,0.01699603,395.1503,9483.6071,0.01699603,395.1503,395.1503,395.1503,0.0000,0.0000,9483.6071,0.01699603,1185.4509,1138.6651,8693.3065,8740.0923,0.01557970,0.01566354,0.00070817,22.4534,20.6030,0.4031,82.3230,2.6463,4649.9123,204.2083,25.9152,21.1137,12.8578,14.5296,26.176,48.8436,54.2173,102.8621,13.088,0.0,3.731508,7.079487,1.545355,30,207,63,6,0.32204186,0.01770420,-0.00338982,0E-8,0.000000,0.904812,0.002133,0.03111404,2026-03-21,2026-08-06,120,3733,1703,139,0.863309,1.227414,1.154177,1.073473,,,,,,,,GLOBAL_BASELINE_NO_ENTITY_RANKING,,,NOT_APPLICABLE_GLOBAL_BASELINE,HF9g-P5,,,,X 全窗基线 · 不参与实体赏罚,15051835,1506,A168_HF9F_20260827_0900,2026-08-27 09:00:00
2026-03-31,127529701,1396,0,132.4485873029,-52.5712931512,-52.5712931512,0.5000000,5,5,0.49860758000000000,0.498607580000,0.005569701597489473,0.005569701597489473,0.005569701597489473,0E-17,ELIGIBLE,R03b_20260811_FULL_v1,L1_ELIGIBILITY,v2026-08-11,2026-03-21..2026-08-06,baccarat_bet02_101_all_pairs_incl_sentinel,round_win = game_pnl > 0 (decisive only),COMPATIBILITY_ONLY_NOT_PRODUCTION,557989.4742,504875.3716,9878.7574,24851,24505,-0.01770420,0.00338982,-0.02772422,-0.01770420,-9878.7574,557989.4742,OK,0.0000,395.1503,4.0000,96.0000,AG03-UNRESOLVED,ALL5_LEVELS_bet23_to_bet27,395.1503,395.1503,395.1503,0.0000,0.0000,4.000000,4.000000,4.000000,0.000000,0.000000,96.000000,96.000000,96.000000,100.000000,100.000000,5.0,1185.4509,1138.6651,8693.3065,8740.0923,PENDING_AG03,FALSE,NOT_FOR_ENFORCEMENT,9483.6071,484680.3568,9878.7574,9483.6071,395.1503,0.01770420,0.01699603,395.1503,9483.6071,0.01699603,395.1503,395.1503,395.1503,0.0000,0.0000,9483.6071,0.01699603,1185.4509,1138.6651,8693.3065,8740.0923,0.01557970,0.01566354,0.00070817,22.4534,20.6030,0.4031,82.3230,2.6463,4649.9123,204.2083,25.9152,21.1137,12.8578,14.5296,26.176,48.8436,54.2173,102.8621,13.088,0.0,3.731508,7.079487,1.545355,30,207,63,6,0.32204186,0.01770420,-0.00338982,0E-8,0.000000,0.904812,0.002133,0.03111404,2026-03-21,2026-08-06,120,3733,1703,139,0.863309,1.227414,1.154177,1.073473,,,,,,,,GLOBAL_BASELINE_NO_ENTITY_RANKING,,,NOT_APPLICABLE_GLOBAL_BASELINE,HF9g-P5,,,,X 全窗基线 · 不参与实体赏罚,15051836,1506,A168_HF9F_20260827_0900,2026-08-27 09:00:00
2026-03-31,127529701,1645,0,42.1307633568,-15.7990362588,-15.7990362588,0.3333333,3,3,0.49771390000000000,0.497713900000,-0.5694369385616226,-0.5694369385616226,-0.5694369385616226,0E-17,ELIGIBLE,R03b_20260811_FULL_v1,L1_ELIGIBILITY,v2026-08-11,2026-03-21..2026-08-06,baccarat_bet02_101_all_pairs_incl_sentinel,round_win = game_pnl > 0 (decisive only),COMPATIBILITY_ONLY_NOT_PRODUCTION,557989.4742,504875.3716,9878.7574,24851,24505,-0.01770420,0.00338982,-0.02772422,-0.01770420,-9878.7574,557989.4742,OK,0.0000,395.1503,4.0000,96.0000,AG03-UNRESOLVED,ALL5_LEVELS_bet23_to_bet27,395.1503,395.1503,395.1503,0.0000,0.0000,4.000000,4.000000,4.000000,0.000000,0.000000,96.000000,96.000000,96.000000,100.000000,100.000000,5.0,1185.4509,1138.6651,8693.3065,8740.0923,PENDING_AG03,FALSE,NOT_FOR_ENFORCEMENT,9483.6071,484680.3568,9878.7574,9483.6071,395.1503,0.01770420,0.01699603,395.1503,9483.6071,0.01699603,395.1503,395.1503,395.1503,0.0000,0.0000,9483.6071,0.01699603,1185.4509,1138.6651,8693.3065,8740.0923,0.01557970,0.01566354,0.00070817,22.4534,20.6030,0.4031,82.3230,2.6463,4649.9123,204.2083,25.9152,21.1137,12.8578,14.5296,26.176,48.8436,54.2173,102.8621,13.088,0.0,3.731508,7.079487,1.545355,30,207,63,6,0.32204186,0.01770420,-0.00338982,0E-8,0.000000,0.904812,0.002133,0.03111404,2026-03-21,2026-08-06,120,3733,1703,139,0.863309,1.227414,1.154177,1.073473,,,,,,,,GLOBAL_BASELINE_NO_ENTITY_RANKING,,,NOT_APPLICABLE_GLOBAL_BASELINE,HF9g-P5,,,,X 全窗基线 · 不参与实体赏罚,15051837,1506,A168_HF9F_20260827_0900,2026-08-27 09:00:00
2026-03-31,127529701,1702,0,56.6132132607,-35.5478315823,-35.5478315823,0.2857143,7,7,0.49707555714285714,0.497075557143,-1.1184378527242427,-1.1184378527249965,-1.1184378527242427,-1.4286E-13,ELIGIBLE,R03b_20260811_FULL_v1,L1_ELIGIBILITY,v2026-08-11,2026-03-21..2026-08-06,baccarat_bet02_101_all_pairs_incl_sentinel,round_win = game_pnl > 0 (decisive only),COMPATIBILITY_ONLY_NOT_PRODUCTION,557989.4742,504875.3716,9878.7574,24851,24505,-0.01770420,0.00338982,-0.02772422,-0.01770420,-9878.7574,557989.4742,OK,0.0000,395.1503,4.0000,96.0000,AG03-UNRESOLVED,ALL5_LEVELS_bet23_to_bet27,395.1503,395.1503,395.1503,0.0000,0.0000,4.000000,4.000000,4.000000,0.000000,0.000000,96.000000,96.000000,96.000000,100.000000,100.000000,5.0,1185.4509,1138.6651,8693.3065,8740.0923,PENDING_AG03,FALSE,NOT_FOR_ENFORCEMENT,9483.6071,484680.3568,9878.7574,9483.6071,395.1503,0.01770420,0.01699603,395.1503,9483.6071,0.01699603,395.1503,395.1503,395.1503,0.0000,0.0000,9483.6071,0.01699603,1185.4509,1138.6651,8693.3065,8740.0923,0.01557970,0.01566354,0.00070817,22.4534,20.6030,0.4031,82.3230,2.6463,4649.9123,204.2083,25.9152,21.1137,12.8578,14.5296,26.176,48.8436,54.2173,102.8621,13.088,0.0,3.731508,7.079487,1.545355,30,207,63,6,0.32204186,0.01770420,-0.00338982,0E-8,0.000000,0.904812,0.002133,0.03111404,2026-03-21,2026-08-06,120,3733,1703,139,0.863309,1.227414,1.154177,1.073473,,,,,,,,GLOBAL_BASELINE_NO_ENTITY_RANKING,,,NOT_APPLICABLE_GLOBAL_BASELINE,HF9g-P5,,,,X 全窗基线 · 不参与实体赏罚,15051838,1506,A168_HF9F_20260827_0900,2026-08-27 09:00:00
2026-03-31,127529701,1941,0,122.4425310057,69.1207836321,69.1207836321,0.8571429,9,9,0.49920336666666667,0.499203366667,1.8940401564290803,1.894040156427315,1.8940401564290803,-3.3333E-13,ELIGIBLE,R03b_20260811_FULL_v1,L1_ELIGIBILITY,v2026-08-11,2026-03-21..2026-08-06,baccarat_bet02_101_all_pairs_incl_sentinel,round_win = game_pnl > 0 (decisive only),COMPATIBILITY_ONLY_NOT_PRODUCTION,557989.4742,504875.3716,9878.7574,24851,24505,-0.01770420,0.00338982,-0.02772422,-0.01770420,-9878.7574,557989.4742,OK,0.0000,395.1503,4.0000,96.0000,AG03-UNRESOLVED,ALL5_LEVELS_bet23_to_bet27,395.1503,395.1503,395.1503,0.0000,0.0000,4.000000,4.000000,4.000000,0.000000,0.000000,96.000000,96.000000,96.000000,100.000000,100.000000,5.0,1185.4509,1138.6651,8693.3065,8740.0923,PENDING_AG03,FALSE,NOT_FOR_ENFORCEMENT,9483.6071,484680.3568,9878.7574,9483.6071,395.1503,0.01770420,0.01699603,395.1503,9483.6071,0.01699603,395.1503,395.1503,395.1503,0.0000,0.0000,9483.6071,0.01699603,1185.4509,1138.6651,8693.3065,8740.0923,0.01557970,0.01566354,0.00070817,22.4534,20.6030,0.4031,82.3230,2.6463,4649.9123,204.2083,25.9152,21.1137,12.8578,14.5296,26.176,48.8436,54.2173,102.8621,13.088,0.0,3.731508,7.079487,1.545355,30,207,63,6,0.32204186,0.01770420,-0.00338982,0E-8,0.000000,0.904812,0.002133,0.03111404,2026-03-21,2026-08-06,120,3733,1703,139,0.863309,1.227414,1.154177,1.073473,,,,,,,,GLOBAL_BASELINE_NO_ENTITY_RANKING,,,NOT_APPLICABLE_GLOBAL_BASELINE,HF9g-P5,,,,X 全窗基线 · 不参与实体赏罚,15051839,1506,A168_HF9F_20260827_0900,2026-08-27 09:00:00
2026-03-31,127529701,2093,0,27.9116307239,-27.9116307239,-27.9116307239,0E-7,1,1,0.50665070000000000,0.506650700000,-1.013391052207602,-1.013391052207602,-1.013391052207602,0E-17,ELIGIBLE,R03b_20260811_FULL_v1,L1_ELIGIBILITY,v2026-08-11,2026-03-21..2026-08-06,baccarat_bet02_101_all_pairs_incl_sentinel,round_win = game_pnl > 0 (decisive only),COMPATIBILITY_ONLY_NOT_PRODUCTION,557989.4742,504875.3716,9878.7574,24851,24505,-0.01770420,0.00338982,-0.02772422,-0.01770420,-9878.7574,557989.4742,OK,0.0000,395.1503,4.0000,96.0000,AG03-UNRESOLVED,ALL5_LEVELS_bet23_to_bet27,395.1503,395.1503,395.1503,0.0000,0.0000,4.000000,4.000000,4.000000,0.000000,0.000000,96.000000,96.000000,96.000000,100.000000,100.000000,5.0,1185.4509,1138.6651,8693.3065,8740.0923,PENDING_AG03,FALSE,NOT_FOR_ENFORCEMENT,9483.6071,484680.3568,9878.7574,9483.6071,395.1503,0.01770420,0.01699603,395.1503,9483.6071,0.01699603,395.1503,395.1503,395.1503,0.0000,0.0000,9483.6071,0.01699603,1185.4509,1138.6651,8693.3065,8740.0923,0.01557970,0.01566354,0.00070817,22.4534,20.6030,0.4031,82.3230,2.6463,4649.9123,204.2083,25.9152,21.1137,12.8578,14.5296,26.176,48.8436,54.2173,102.8621,13.088,0.0,3.731508,7.079487,1.545355,30,207,63,6,0.32204186,0.01770420,-0.00338982,0E-8,0.000000,0.904812,0.002133,0.03111404,2026-03-21,2026-08-06,120,3733,1703,139,0.863309,1.227414,1.154177,1.073473,,,,,,,,GLOBAL_BASELINE_NO_ENTITY_RANKING,,,NOT_APPLICABLE_GLOBAL_BASELINE,HF9g-P5,,,,X 全窗基线 · 不参与实体赏罚,15051840,1506,A168_HF9F_20260827_0900,2026-08-27 09:00:00
2026-03-31,127529701,595,0,42.1307633568,15.5357189878,15.5357189878,0.6666667,3,3,0.49771390000000000,0.497713900000,0.5852756695216578,0.5852756695216578,0.5852756695216578,0E-17,ELIGIBLE,R03b_20260811_FULL_v1,L1_ELIGIBILITY,v2026-08-11,2026-03-21..2026-08-06,baccarat_bet02_101_all_pairs_incl_sentinel,round_win = game_pnl > 0 (decisive only),COMPATIBILITY_ONLY_NOT_PRODUCTION,557989.4742,504875.3716,9878.7574,24851,24505,-0.01770420,0.00338982,-0.02772422,-0.01770420,-9878.7574,557989.4742,OK,0.0000,395.1503,4.0000,96.0000,AG03-UNRESOLVED,ALL5_LEVELS_bet23_to_bet27,395.1503,395.1503,395.1503,0.0000,0.0000,4.000000,4.000000,4.000000,0.000000,0.000000,96.000000,96.000000,96.000000,100.000000,100.000000,5.0,1185.4509,1138.6651,8693.3065,8740.0923,PENDING_AG03,FALSE,NOT_FOR_ENFORCEMENT,9483.6071,484680.3568,9878.7574,9483.6071,395.1503,0.01770420,0.01699603,395.1503,9483.6071,0.01699603,395.1503,395.1503,395.1503,0.0000,0.0000,9483.6071,0.01699603,1185.4509,1138.6651,8693.3065,8740.0923,0.01557970,0.01566354,0.00070817,22.4534,20.6030,0.4031,82.3230,2.6463,4649.9123,204.2083,25.9152,21.1137,12.8578,14.5296,26.176,48.8436,54.2173,102.8621,13.088,0.0,3.731508,7.079487,1.545355,30,207,63,6,0.32204186,0.01770420,-0.00338982,0E-8,0.000000,0.904812,0.002133,0.03111404,2026-03-21,2026-08-06,120,3733,1703,139,0.863309,1.227414,1.154177,1.073473,,,,,,,,GLOBAL_BASELINE_NO_ENTITY_RANKING,,,NOT_APPLICABLE_GLOBAL_BASELINE,HF9g-P5,,,,X 全窗基线 · 不参与实体赏罚,15051841,1506,A168_HF9F_20260827_0900,2026-08-27 09:00:00
2026-04-01,127529701,-1,1,2078.6325681240,-73.5282569433,-73.5282569433,0.4782609,100,99,0.49960201414141414,0.498511194949,-0.40939426529857686,-0.38847031745572236,-0.40939426529857686,0.00109081919241414,SENTINEL_DEALER,R03b_20260811_FULL_v1,L1_ELIGIBILITY,v2026-08-11,2026-03-21..2026-08-06,baccarat_bet02_101_all_pairs_incl_sentinel,round_win = game_pnl > 0 (decisive only),COMPATIBILITY_ONLY_NOT_PRODUCTION,557989.4742,504875.3716,9878.7574,24851,24505,-0.01770420,0.00338982,-0.02772422,-0.01770420,-9878.7574,557989.4742,OK,0.0000,395.1503,4.0000,96.0000,AG03-UNRESOLVED,ALL5_LEVELS_bet23_to_bet27,395.1503,395.1503,395.1503,0.0000,0.0000,4.000000,4.000000,4.000000,0.000000,0.000000,96.000000,96.000000,96.000000,100.000000,100.000000,5.0,1185.4509,1138.6651,8693.3065,8740.0923,PENDING_AG03,FALSE,NOT_FOR_ENFORCEMENT,9483.6071,484680.3568,9878.7574,9483.6071,395.1503,0.01770420,0.01699603,395.1503,9483.6071,0.01699603,395.1503,395.1503,395.1503,0.0000,0.0000,9483.6071,0.01699603,1185.4509,1138.6651,8693.3065,8740.0923,0.01557970,0.01566354,0.00070817,22.4534,20.6030,0.4031,82.3230,2.6463,4649.9123,204.2083,25.9152,21.1137,12.8578,14.5296,26.176,48.8436,54.2173,102.8621,13.088,0.0,3.731508,7.079487,1.545355,30,207,63,6,0.32204186,0.01770420,-0.00338982,0E-8,0.000000,0.904812,0.002133,0.03111404,2026-03-21,2026-08-06,120,3733,1703,139,0.863309,1.227414,1.154177,1.073473,,,,,,,,GLOBAL_BASELINE_NO_ENTITY_RANKING,,,NOT_APPLICABLE_GLOBAL_BASELINE,HF9g-P5,,,,X 全窗基线 · 不参与实体赏罚,15051842,1506,A168_HF9F_20260827_0900,2026-08-27 09:00:00
2026-04-01,127529701,2115,0,91.6158416880,0E-10,0E-10,0.5000000,5,5,0.49592654000000000,0.495926540000,0.016294380756781617,0.016294380756781617,0.016294380756781617,0E-17,ELIGIBLE,R03b_20260811_FULL_v1,L1_ELIGIBILITY,v2026-08-11,2026-03-21..2026-08-06,baccarat_bet02_101_all_pairs_incl_sentinel,round_win = game_pnl > 0 (decisive only),COMPATIBILITY_ONLY_NOT_PRODUCTION,557989.4742,504875.3716,9878.7574,24851,24505,-0.01770420,0.00338982,-0.02772422,-0.01770420,-9878.7574,557989.4742,OK,0.0000,395.1503,4.0000,96.0000,AG03-UNRESOLVED,ALL5_LEVELS_bet23_to_bet27,395.1503,395.1503,395.1503,0.0000,0.0000,4.000000,4.000000,4.000000,0.000000,0.000000,96.000000,96.000000,96.000000,100.000000,100.000000,5.0,1185.4509,1138.6651,8693.3065,8740.0923,PENDING_AG03,FALSE,NOT_FOR_ENFORCEMENT,9483.6071,484680.3568,9878.7574,9483.6071,395.1503,0.01770420,0.01699603,395.1503,9483.6071,0.01699603,395.1503,395.1503,395.1503,0.0000,0.0000,9483.6071,0.01699603,1185.4509,1138.6651,8693.3065,8740.0923,0.01557970,0.01566354,0.00070817,22.4534,20.6030,0.4031,82.3230,2.6463,4649.9123,204.2083,25.9152,21.1137,12.8578,14.5296,26.176,48.8436,54.2173,102.8621,13.088,0.0,3.731508,7.079487,1.545355,30,207,63,6,0.32204186,0.01770420,-0.00338982,0E-8,0.000000,0.904812,0.002133,0.03111404,2026-03-21,2026-08-06,120,3733,1703,139,0.863309,1.227414,1.154177,1.073473,,,,,,,,GLOBAL_BASELINE_NO_ENTITY_RANKING,,,NOT_APPLICABLE_GLOBAL_BASELINE,HF9g-P5,,,,X 全窗基线 · 不参与实体赏罚,15051843,1506,A168_HF9F_20260827_0900,2026-08-27 09:00:00
2026-04-01,127529701,2121,0,13.0879773840,-13.0879773840,-13.0879773840,0E-7,1,1,0.50665070000000000,0.506650700000,-1.013391052207602,-1.013391052207602,-1.013391052207602,0E-17,ELIGIBLE,R03b_20260811_FULL_v1,L1_ELIGIBILITY,v2026-08-11,2026-03-21..2026-08-06,baccarat_bet02_101_all_pairs_incl_sentinel,round_win = game_pnl > 0 (decisive only),COMPATIBILITY_ONLY_NOT_PRODUCTION,557989.4742,504875.3716,9878.7574,24851,24505,-0.01770420,0.00338982,-0.02772422,-0.01770420,-9878.7574,557989.4742,OK,0.0000,395.1503,4.0000,96.0000,AG03-UNRESOLVED,ALL5_LEVELS_bet23_to_bet27,395.1503,395.1503,395.1503,0.0000,0.0000,4.000000,4.000000,4.000000,0.000000,0.000000,96.000000,96.000000,96.000000,100.000000,100.000000,5.0,1185.4509,1138.6651,8693.3065,8740.0923,PENDING_AG03,FALSE,NOT_FOR_ENFORCEMENT,9483.6071,484680.3568,9878.7574,9483.6071,395.1503,0.01770420,0.01699603,395.1503,9483.6071,0.01699603,395.1503,395.1503,395.1503,0.0000,0.0000,9483.6071,0.01699603,1185.4509,1138.6651,8693.3065,8740.0923,0.01557970,0.01566354,0.00070817,22.4534,20.6030,0.4031,82.3230,2.6463,4649.9123,204.2083,25.9152,21.1137,12.8578,14.5296,26.176,48.8436,54.2173,102.8621,13.088,0.0,3.731508,7.079487,1.545355,30,207,63,6,0.32204186,0.01770420,-0.00338982,0E-8,0.000000,0.904812,0.002133,0.03111404,2026-03-21,2026-08-06,120,3733,1703,139,0.863309,1.227414,1.154177,1.073473,,,,,,,,GLOBAL_BASELINE_NO_ENTITY_RANKING,,,NOT_APPLICABLE_GLOBAL_BASELINE,HF9g-P5,,,,X 全窗基线 · 不参与实体赏罚,15051844,1506,A168_HF9F_20260827_0900,2026-08-27 09:00:00
2026-04-01,127529701,2130,0,13.8732560270,-13.8732560270,-13.8732560270,0E-7,1,1,0.49324550000000000,0.493245500000,-0.9865810262130424,-0.9865810262130424,-0.9865810262130424,0E-17,ELIGIBLE,R03b_20260811_FULL_v1,L1_ELIGIBILITY,v2026-08-11,2026-03-21..2026-08-06,baccarat_bet02_101_all_pairs_incl_sentinel,round_win = game_pnl > 0 (decisive only),COMPATIBILITY_ONLY_NOT_PRODUCTION,557989.4742,504875.3716,9878.7574,24851,24505,-0.01770420,0.00338982,-0.02772422,-0.01770420,-9878.7574,557989.4742,OK,0.0000,395.1503,4.0000,96.0000,AG03-UNRESOLVED,ALL5_LEVELS_bet23_to_bet27,395.1503,395.1503,395.1503,0.0000,0.0000,4.000000,4.000000,4.000000,0.000000,0.000000,96.000000,96.000000,96.000000,100.000000,100.000000,5.0,1185.4509,1138.6651,8693.3065,8740.0923,PENDING_AG03,FALSE,NOT_FOR_ENFORCEMENT,9483.6071,484680.3568,9878.7574,9483.6071,395.1503,0.01770420,0.01699603,395.1503,9483.6071,0.01699603,395.1503,395.1503,395.1503,0.0000,0.0000,9483.6071,0.01699603,1185.4509,1138.6651,8693.3065,8740.0923,0.01557970,0.01566354,0.00070817,22.4534,20.6030,0.4031,82.3230,2.6463,4649.9123,204.2083,25.9152,21.1137,12.8578,14.5296,26.176,48.8436,54.2173,102.8621,13.088,0.0,3.731508,7.079487,1.545355,30,207,63,6,0.32204186,0.01770420,-0.00338982,0E-8,0.000000,0.904812,0.002133,0.03111404,2026-03-21,2026-08-06,120,3733,1703,139,0.863309,1.227414,1.154177,1.073473,,,,,,,,GLOBAL_BASELINE_NO_ENTITY_RANKING,,,NOT_APPLICABLE_GLOBAL_BASELINE,HF9g-P5,,,,X 全窗基线 · 不参与实体赏罚,15051845,1506,A168_HF9F_20260827_0900,2026-08-27 09:00:00
2026-04-01,127529701,2175,0,44.4991231056,4.3190325367,4.3190325367,0.5000000,3,3,0.50665070000000000,0.506650700000,-0.018812684590367487,-0.018812684590367487,-0.018812684590367487,0E-17,ELIGIBLE,R03b_20260811_FULL_v1,L1_ELIGIBILITY,v2026-08-11,2026-03-21..2026-08-06,baccarat_bet02_101_all_pairs_incl_sentinel,round_win = game_pnl > 0 (decisive only),COMPATIBILITY_ONLY_NOT_PRODUCTION,557989.4742,504875.3716,9878.7574,24851,24505,-0.01770420,0.00338982,-0.02772422,-0.01770420,-9878.7574,557989.4742,OK,0.0000,395.1503,4.0000,96.0000,AG03-UNRESOLVED,ALL5_LEVELS_bet23_to_bet27,395.1503,395.1503,395.1503,0.0000,0.0000,4.000000,4.000000,4.000000,0.000000,0.000000,96.000000,96.000000,96.000000,100.000000,100.000000,5.0,1185.4509,1138.6651,8693.3065,8740.0923,PENDING_AG03,FALSE,NOT_FOR_ENFORCEMENT,9483.6071,484680.3568,9878.7574,9483.6071,395.1503,0.01770420,0.01699603,395.1503,9483.6071,0.01699603,395.1503,395.1503,395.1503,0.0000,0.0000,9483.6071,0.01699603,1185.4509,1138.6651,8693.3065,8740.0923,0.01557970,0.01566354,0.00070817,22.4534,20.6030,0.4031,82.3230,2.6463,4649.9123,204.2083,25.9152,21.1137,12.8578,14.5296,26.176,48.8436,54.2173,102.8621,13.088,0.0,3.731508,7.079487,1.545355,30,207,63,6,0.32204186,0.01770420,-0.00338982,0E-8,0.000000,0.904812,0.002133,0.03111404,2026-03-21,2026-08-06,120,3733,1703,139,0.863309,1.227414,1.154177,1.073473,,,,,,,,GLOBAL_BASELINE_NO_ENTITY_RANKING,,,NOT_APPLICABLE_GLOBAL_BASELINE,HF9g-P5,,,,X 全窗基线 · 不参与实体赏罚,15051846,1506,A168_HF9F_20260827_0900,2026-08-27 09:00:00
2026-04-01,127529701,2252,0,102.0862235951,-34.7093160224,-34.7093160224,0.2857143,7,7,0.50090561428571429,0.500905614286,-1.138687347156492,-1.138687347158005,-1.138687347156492,-2.8571E-13,ELIGIBLE,R03b_20260811_FULL_v1,L1_ELIGIBILITY,v2026-08-11,2026-03-21..2026-08-06,baccarat_bet02_101_all_pairs_incl_sentinel,round_win = game_pnl > 0 (decisive only),COMPATIBILITY_ONLY_NOT_PRODUCTION,557989.4742,504875.3716,9878.7574,24851,24505,-0.01770420,0.00338982,-0.02772422,-0.01770420,-9878.7574,557989.4742,OK,0.0000,395.1503,4.0000,96.0000,AG03-UNRESOLVED,ALL5_LEVELS_bet23_to_bet27,395.1503,395.1503,395.1503,0.0000,0.0000,4.000000,4.000000,4.000000,0.000000,0.000000,96.000000,96.000000,96.000000,100.000000,100.000000,5.0,1185.4509,1138.6651,8693.3065,8740.0923,PENDING_AG03,FALSE,NOT_FOR_ENFORCEMENT,9483.6071,484680.3568,9878.7574,9483.6071,395.1503,0.01770420,0.01699603,395.1503,9483.6071,0.01699603,395.1503,395.1503,395.1503,0.0000,0.0000,9483.6071,0.01699603,1185.4509,1138.6651,8693.3065,8740.0923,0.01557970,0.01566354,0.00070817,22.4534,20.6030,0.4031,82.3230,2.6463,4649.9123,204.2083,25.9152,21.1137,12.8578,14.5296,26.176,48.8436,54.2173,102.8621,13.088,0.0,3.731508,7.079487,1.545355,30,207,63,6,0.32204186,0.01770420,-0.00338982,0E-8,0.000000,0.904812,0.002133,0.03111404,2026-03-21,2026-08-06,120,3733,1703,139,0.863309,1.227414,1.154177,1.073473,,,,,,,,GLOBAL_BASELINE_NO_ENTITY_RANKING,,,NOT_APPLICABLE_GLOBAL_BASELINE,HF9g-P5,,,,X 全窗基线 · 不参与实体赏罚,15051847,1506,A168_HF9F_20260827_0900,2026-08-27 09:00:00
2026-04-02,127529701,-1,1,540.0099468634,-185.3650236895,-185.3650236895,0.3870968,32,32,0.49911027500000000,0.499110275000,-1.2473315306952117,-1.2473315306952117,-1.2473315306952117,0E-17,SENTINEL_DEALER,R03b_20260811_FULL_v1,L1_ELIGIBILITY,v2026-08-11,2026-03-21..2026-08-06,baccarat_bet02_101_all_pairs_incl_sentinel,round_win = game_pnl > 0 (decisive only),COMPATIBILITY_ONLY_NOT_PRODUCTION,557989.4742,504875.3716,9878.7574,24851,24505,-0.01770420,0.00338982,-0.02772422,-0.01770420,-9878.7574,557989.4742,OK,0.0000,395.1503,4.0000,96.0000,AG03-UNRESOLVED,ALL5_LEVELS_bet23_to_bet27,395.1503,395.1503,395.1503,0.0000,0.0000,4.000000,4.000000,4.000000,0.000000,0.000000,96.000000,96.000000,96.000000,100.000000,100.000000,5.0,1185.4509,1138.6651,8693.3065,8740.0923,PENDING_AG03,FALSE,NOT_FOR_ENFORCEMENT,9483.6071,484680.3568,9878.7574,9483.6071,395.1503,0.01770420,0.01699603,395.1503,9483.6071,0.01699603,395.1503,395.1503,395.1503,0.0000,0.0000,9483.6071,0.01699603,1185.4509,1138.6651,8693.3065,8740.0923,0.01557970,0.01566354,0.00070817,22.4534,20.6030,0.4031,82.3230,2.6463,4649.9123,204.2083,25.9152,21.1137,12.8578,14.5296,26.176,48.8436,54.2173,102.8621,13.088,0.0,3.731508,7.079487,1.545355,30,207,63,6,0.32204186,0.01770420,-0.00338982,0E-8,0.000000,0.904812,0.002133,0.03111404,2026-03-21,2026-08-06,120,3733,1703,139,0.863309,1.227414,1.154177,1.073473,,,,,,,,GLOBAL_BASELINE_NO_ENTITY_RANKING,,,NOT_APPLICABLE_GLOBAL_BASELINE,HF9g-P5,,,,X 全窗基线 · 不参与实体赏罚,15051848,1506,A168_HF9F_20260827_0900,2026-08-27 09:00:00
2026-04-02,127529701,1094,0,159.1498049893,-30.8876266263,-30.8876266263,0.3333333,13,13,0.49737017692307692,0.497370176923,-1.1364963096988183,-1.1364963096982865,-1.1364963096988183,7.692E-14,ELIGIBLE,R03b_20260811_FULL_v1,L1_ELIGIBILITY,v2026-08-11,2026-03-21..2026-08-06,baccarat_bet02_101_all_pairs_incl_sentinel,round_win = game_pnl > 0 (decisive only),COMPATIBILITY_ONLY_NOT_PRODUCTION,557989.4742,504875.3716,9878.7574,24851,24505,-0.01770420,0.00338982,-0.02772422,-0.01770420,-9878.7574,557989.4742,OK,0.0000,395.1503,4.0000,96.0000,AG03-UNRESOLVED,ALL5_LEVELS_bet23_to_bet27,395.1503,395.1503,395.1503,0.0000,0.0000,4.000000,4.000000,4.000000,0.000000,0.000000,96.000000,96.000000,96.000000,100.000000,100.000000,5.0,1185.4509,1138.6651,8693.3065,8740.0923,PENDING_AG03,FALSE,NOT_FOR_ENFORCEMENT,9483.6071,484680.3568,9878.7574,9483.6071,395.1503,0.01770420,0.01699603,395.1503,9483.6071,0.01699603,395.1503,395.1503,395.1503,0.0000,0.0000,9483.6071,0.01699603,1185.4509,1138.6651,8693.3065,8740.0923,0.01557970,0.01566354,0.00070817,22.4534,20.6030,0.4031,82.3230,2.6463,4649.9123,204.2083,25.9152,21.1137,12.8578,14.5296,26.176,48.8436,54.2173,102.8621,13.088,0.0,3.731508,7.079487,1.545355,30,207,63,6,0.32204186,0.01770420,-0.00338982,0E-8,0.000000,0.904812,0.002133,0.03111404,2026-03-21,2026-08-06,120,3733,1703,139,0.863309,1.227414,1.154177,1.073473,,,,,,,,GLOBAL_BASELINE_NO_ENTITY_RANKING,,,NOT_APPLICABLE_GLOBAL_BASELINE,HF9g-P5,,,,X 全窗基线 · 不参与实体赏罚,15051849,1506,A168_HF9F_20260827_0900,2026-08-27 09:00:00
2026-04-02,127529701,1221,0,113.8654032408,65.0472475984,65.0472475984,0.8000000,12,12,0.50106520000000000,0.501065200000,1.890633970198274,1.8906339701982742,1.890633970198274,0E-17,ELIGIBLE,R03b_20260811_FULL_v1,L1_ELIGIBILITY,v2026-08-11,2026-03-21..2026-08-06,baccarat_bet02_101_all_pairs_incl_sentinel,round_win = game_pnl > 0 (decisive only),COMPATIBILITY_ONLY_NOT_PRODUCTION,557989.4742,504875.3716,9878.7574,24851,24505,-0.01770420,0.00338982,-0.02772422,-0.01770420,-9878.7574,557989.4742,OK,0.0000,395.1503,4.0000,96.0000,AG03-UNRESOLVED,ALL5_LEVELS_bet23_to_bet27,395.1503,395.1503,395.1503,0.0000,0.0000,4.000000,4.000000,4.000000,0.000000,0.000000,96.000000,96.000000,96.000000,100.000000,100.000000,5.0,1185.4509,1138.6651,8693.3065,8740.0923,PENDING_AG03,FALSE,NOT_FOR_ENFORCEMENT,9483.6071,484680.3568,9878.7574,9483.6071,395.1503,0.01770420,0.01699603,395.1503,9483.6071,0.01699603,395.1503,395.1503,395.1503,0.0000,0.0000,9483.6071,0.01699603,1185.4509,1138.6651,8693.3065,8740.0923,0.01557970,0.01566354,0.00070817,22.4534,20.6030,0.4031,82.3230,2.6463,4649.9123,204.2083,25.9152,21.1137,12.8578,14.5296,26.176,48.8436,54.2173,102.8621,13.088,0.0,3.731508,7.079487,1.545355,30,207,63,6,0.32204186,0.01770420,-0.00338982,0E-8,0.000000,0.904812,0.002133,0.03111404,2026-03-21,2026-08-06,120,3733,1703,139,0.863309,1.227414,1.154177,1.073473,,,,,,,,GLOBAL_BASELINE_NO_ENTITY_RANKING,,,NOT_APPLICABLE_GLOBAL_BASELINE,HF9g-P5,,,,X 全窗基线 · 不参与实体赏罚,15051850,1506,A168_HF9F_20260827_0900,2026-08-27 09:00:00
2026-04-02,127529701,1318,0,122.5034683142,28.1391513756,28.1391513756,0.6000000,10,10,0.49726706000000000,0.497267060000,0.6497498682362389,0.649749868236239,0.6497498682362389,0E-17,ELIGIBLE,R03b_20260811_FULL_v1,L1_ELIGIBILITY,v2026-08-11,2026-03-21..2026-08-06,baccarat_bet02_101_all_pairs_incl_sentinel,round_win = game_pnl > 0 (decisive only),COMPATIBILITY_ONLY_NOT_PRODUCTION,557989.4742,504875.3716,9878.7574,24851,24505,-0.01770420,0.00338982,-0.02772422,-0.01770420,-9878.7574,557989.4742,OK,0.0000,395.1503,4.0000,96.0000,AG03-UNRESOLVED,ALL5_LEVELS_bet23_to_bet27,395.1503,395.1503,395.1503,0.0000,0.0000,4.000000,4.000000,4.000000,0.000000,0.000000,96.000000,96.000000,96.000000,100.000000,100.000000,5.0,1185.4509,1138.6651,8693.3065,8740.0923,PENDING_AG03,FALSE,NOT_FOR_ENFORCEMENT,9483.6071,484680.3568,9878.7574,9483.6071,395.1503,0.01770420,0.01699603,395.1503,9483.6071,0.01699603,395.1503,395.1503,395.1503,0.0000,0.0000,9483.6071,0.01699603,1185.4509,1138.6651,8693.3065,8740.0923,0.01557970,0.01566354,0.00070817,22.4534,20.6030,0.4031,82.3230,2.6463,4649.9123,204.2083,25.9152,21.1137,12.8578,14.5296,26.176,48.8436,54.2173,102.8621,13.088,0.0,3.731508,7.079487,1.545355,30,207,63,6,0.32204186,0.01770420,-0.00338982,0E-8,0.000000,0.904812,0.002133,0.03111404,2026-03-21,2026-08-06,120,3733,1703,139,0.863309,1.227414,1.154177,1.073473,,,,,,,,GLOBAL_BASELINE_NO_ENTITY_RANKING,,,NOT_APPLICABLE_GLOBAL_BASELINE,HF9g-P5,,,,X 全窗基线 · 不参与实体赏罚,15051851,1506,A168_HF9F_20260827_0900,2026-08-27 09:00:00
2026-04-02,127529701,1401,0,28.2700311494,26.8565295920,26.8565295920,1.0000000,2,2,0.50665070000000000,0.506650700000,1.3955260008387969,1.3955260008387969,1.3955260008387969,0E-17,ELIGIBLE,R03b_20260811_FULL_v1,L1_ELIGIBILITY,v2026-08-11,2026-03-21..2026-08-06,baccarat_bet02_101_all_pairs_incl_sentinel,round_win = game_pnl > 0 (decisive only),COMPATIBILITY_ONLY_NOT_PRODUCTION,557989.4742,504875.3716,9878.7574,24851,24505,-0.01770420,0.00338982,-0.02772422,-0.01770420,-9878.7574,557989.4742,OK,0.0000,395.1503,4.0000,96.0000,AG03-UNRESOLVED,ALL5_LEVELS_bet23_to_bet27,395.1503,395.1503,395.1503,0.0000,0.0000,4.000000,4.000000,4.000000,0.000000,0.000000,96.000000,96.000000,96.000000,100.000000,100.000000,5.0,1185.4509,1138.6651,8693.3065,8740.0923,PENDING_AG03,FALSE,NOT_FOR_ENFORCEMENT,9483.6071,484680.3568,9878.7574,9483.6071,395.1503,0.01770420,0.01699603,395.1503,9483.6071,0.01699603,395.1503,395.1503,395.1503,0.0000,0.0000,9483.6071,0.01699603,1185.4509,1138.6651,8693.3065,8740.0923,0.01557970,0.01566354,0.00070817,22.4534,20.6030,0.4031,82.3230,2.6463,4649.9123,204.2083,25.9152,21.1137,12.8578,14.5296,26.176,48.8436,54.2173,102.8621,13.088,0.0,3.731508,7.079487,1.545355,30,207,63,6,0.32204186,0.01770420,-0.00338982,0E-8,0.000000,0.904812,0.002133,0.03111404,2026-03-21,2026-08-06,120,3733,1703,139,0.863309,1.227414,1.154177,1.073473,,,,,,,,GLOBAL_BASELINE_NO_ENTITY_RANKING,,,NOT_APPLICABLE_GLOBAL_BASELINE,HF9g-P5,,,,X 全窗基线 · 不参与实体赏罚,15051852,1506,A168_HF9F_20260827_0900,2026-08-27 09:00:00
2026-04-02,127529701,1490,0,86.3806507344,17.7996492422,17.7996492422,0.5000000,7,7,0.50090561428571429,0.500905614286,-0.00443659308478647,-0.004436593086186165,-0.00443659308478647,-2.8571E-13,ELIGIBLE,R03b_20260811_FULL_v1,L1_ELIGIBILITY,v2026-08-11,2026-03-21..2026-08-06,baccarat_bet02_101_all_pairs_incl_sentinel,round_win = game_pnl > 0 (decisive only),COMPATIBILITY_ONLY_NOT_PRODUCTION,557989.4742,504875.3716,9878.7574,24851,24505,-0.01770420,0.00338982,-0.02772422,-0.01770420,-9878.7574,557989.4742,OK,0.0000,395.1503,4.0000,96.0000,AG03-UNRESOLVED,ALL5_LEVELS_bet23_to_bet27,395.1503,395.1503,395.1503,0.0000,0.0000,4.000000,4.000000,4.000000,0.000000,0.000000,96.000000,96.000000,96.000000,100.000000,100.000000,5.0,1185.4509,1138.6651,8693.3065,8740.0923,PENDING_AG03,FALSE,NOT_FOR_ENFORCEMENT,9483.6071,484680.3568,9878.7574,9483.6071,395.1503,0.01770420,0.01699603,395.1503,9483.6071,0.01699603,395.1503,395.1503,395.1503,0.0000,0.0000,9483.6071,0.01699603,1185.4509,1138.6651,8693.3065,8740.0923,0.01557970,0.01566354,0.00070817,22.4534,20.6030,0.4031,82.3230,2.6463,4649.9123,204.2083,25.9152,21.1137,12.8578,14.5296,26.176,48.8436,54.2173,102.8621,13.088,0.0,3.731508,7.079487,1.545355,30,207,63,6,0.32204186,0.01770420,-0.00338982,0E-8,0.000000,0.904812,0.002133,0.03111404,2026-03-21,2026-08-06,120,3733,1703,139,0.863309,1.227414,1.154177,1.073473,,,,,,,,GLOBAL_BASELINE_NO_ENTITY_RANKING,,,NOT_APPLICABLE_GLOBAL_BASELINE,HF9g-P5,,,,X 全窗基线 · 不参与实体赏罚,15051853,1506,A168_HF9F_20260827_0900,2026-08-27 09:00:00
2026-04-02,127529701,1645,0,18.3231683376,-7.8527864304,-7.8527864304,0.5000000,2,2,0.49994810000000000,0.499948100000,0.00014679536856514622,0.00014679536856514622,0.00014679536856514622,0E-17,ELIGIBLE,R03b_20260811_FULL_v1,L1_ELIGIBILITY,v2026-08-11,2026-03-21..2026-08-06,baccarat_bet02_101_all_pairs_incl_sentinel,round_win = game_pnl > 0 (decisive only),COMPATIBILITY_ONLY_NOT_PRODUCTION,557989.4742,504875.3716,9878.7574,24851,24505,-0.01770420,0.00338982,-0.02772422,-0.01770420,-9878.7574,557989.4742,OK,0.0000,395.1503,4.0000,96.0000,AG03-UNRESOLVED,ALL5_LEVELS_bet23_to_bet27,395.1503,395.1503,395.1503,0.0000,0.0000,4.000000,4.000000,4.000000,0.000000,0.000000,96.000000,96.000000,96.000000,100.000000,100.000000,5.0,1185.4509,1138.6651,8693.3065,8740.0923,PENDING_AG03,FALSE,NOT_FOR_ENFORCEMENT,9483.6071,484680.3568,9878.7574,9483.6071,395.1503,0.01770420,0.01699603,395.1503,9483.6071,0.01699603,395.1503,395.1503,395.1503,0.0000,0.0000,9483.6071,0.01699603,1185.4509,1138.6651,8693.3065,8740.0923,0.01557970,0.01566354,0.00070817,22.4534,20.6030,0.4031,82.3230,2.6463,4649.9123,204.2083,25.9152,21.1137,12.8578,14.5296,26.176,48.8436,54.2173,102.8621,13.088,0.0,3.731508,7.079487,1.545355,30,207,63,6,0.32204186,0.01770420,-0.00338982,0E-8,0.000000,0.904812,0.002133,0.03111404,2026-03-21,2026-08-06,120,3733,1703,139,0.863309,1.227414,1.154177,1.073473,,,,,,,,GLOBAL_BASELINE_NO_ENTITY_RANKING,,,NOT_APPLICABLE_GLOBAL_BASELINE,HF9g-P5,,,,X 全窗基线 · 不参与实体赏罚,15051854,1506,A168_HF9F_20260827_0900,2026-08-27 09:00:00
2026-04-02,127529701,1704,0,229.0396042199,-11.6482998717,-11.6482998717,0.5333333,17,17,0.49718820588235294,0.497188205882,0.27998338056484295,0.279983380567578,0.27998338056484295,3.5294E-13,ELIGIBLE,R03b_20260811_FULL_v1,L1_ELIGIBILITY,v2026-08-11,2026-03-21..2026-08-06,baccarat_bet02_101_all_pairs_incl_sentinel,round_win = game_pnl > 0 (decisive only),COMPATIBILITY_ONLY_NOT_PRODUCTION,557989.4742,504875.3716,9878.7574,24851,24505,-0.01770420,0.00338982,-0.02772422,-0.01770420,-9878.7574,557989.4742,OK,0.0000,395.1503,4.0000,96.0000,AG03-UNRESOLVED,ALL5_LEVELS_bet23_to_bet27,395.1503,395.1503,395.1503,0.0000,0.0000,4.000000,4.000000,4.000000,0.000000,0.000000,96.000000,96.000000,96.000000,100.000000,100.000000,5.0,1185.4509,1138.6651,8693.3065,8740.0923,PENDING_AG03,FALSE,NOT_FOR_ENFORCEMENT,9483.6071,484680.3568,9878.7574,9483.6071,395.1503,0.01770420,0.01699603,395.1503,9483.6071,0.01699603,395.1503,395.1503,395.1503,0.0000,0.0000,9483.6071,0.01699603,1185.4509,1138.6651,8693.3065,8740.0923,0.01557970,0.01566354,0.00070817,22.4534,20.6030,0.4031,82.3230,2.6463,4649.9123,204.2083,25.9152,21.1137,12.8578,14.5296,26.176,48.8436,54.2173,102.8621,13.088,0.0,3.731508,7.079487,1.545355,30,207,63,6,0.32204186,0.01770420,-0.00338982,0E-8,0.000000,0.904812,0.002133,0.03111404,2026-03-21,2026-08-06,120,3733,1703,139,0.863309,1.227414,1.154177,1.073473,,,,,,,,GLOBAL_BASELINE_NO_ENTITY_RANKING,,,NOT_APPLICABLE_GLOBAL_BASELINE,HF9g-P5,,,,X 全窗基线 · 不参与实体赏罚,15051855,1506,A168_HF9F_20260827_0900,2026-08-27 09:00:00
2026-04-02,127529701,1750,0,65.4398869200,-26.1759547680,-26.1759547680,0.2500000,5,5,0.49592654000000000,0.495926540000,-0.983738807048034,-0.983738807048034,-0.983738807048034,0E-17,ELIGIBLE,R03b_20260811_FULL_v1,L1_ELIGIBILITY,v2026-08-11,2026-03-21..2026-08-06,baccarat_bet02_101_all_pairs_incl_sentinel,round_win = game_pnl > 0 (decisive only),COMPATIBILITY_ONLY_NOT_PRODUCTION,557989.4742,504875.3716,9878.7574,24851,24505,-0.01770420,0.00338982,-0.02772422,-0.01770420,-9878.7574,557989.4742,OK,0.0000,395.1503,4.0000,96.0000,AG03-UNRESOLVED,ALL5_LEVELS_bet23_to_bet27,395.1503,395.1503,395.1503,0.0000,0.0000,4.000000,4.000000,4.000000,0.000000,0.000000,96.000000,96.000000,96.000000,100.000000,100.000000,5.0,1185.4509,1138.6651,8693.3065,8740.0923,PENDING_AG03,FALSE,NOT_FOR_ENFORCEMENT,9483.6071,484680.3568,9878.7574,9483.6071,395.1503,0.01770420,0.01699603,395.1503,9483.6071,0.01699603,395.1503,395.1503,395.1503,0.0000,0.0000,9483.6071,0.01699603,1185.4509,1138.6651,8693.3065,8740.0923,0.01557970,0.01566354,0.00070817,22.4534,20.6030,0.4031,82.3230,2.6463,4649.9123,204.2083,25.9152,21.1137,12.8578,14.5296,26.176,48.8436,54.2173,102.8621,13.088,0.0,3.731508,7.079487,1.545355,30,207,63,6,0.32204186,0.01770420,-0.00338982,0E-8,0.000000,0.904812,0.002133,0.03111404,2026-03-21,2026-08-06,120,3733,1703,139,0.863309,1.227414,1.154177,1.073473,,,,,,,,GLOBAL_BASELINE_NO_ENTITY_RANKING,,,NOT_APPLICABLE_GLOBAL_BASELINE,HF9g-P5,,,,X 全窗基线 · 不参与实体赏罚,15051856,1506,A168_HF9F_20260827_0900,2026-08-27 09:00:00
2026-04-02,127529701,1935,0,2.6175954768,-2.6175954768,-2.6175954768,0E-7,1,1,0.50665070000000000,0.506650700000,-1.013391052207602,-1.013391052207602,-1.013391052207602,0E-17,ELIGIBLE,R03b_20260811_FULL_v1,L1_ELIGIBILITY,v2026-08-11,2026-03-21..2026-08-06,baccarat_bet02_101_all_pairs_incl_sentinel,round_win = game_pnl > 0 (decisive only),COMPATIBILITY_ONLY_NOT_PRODUCTION,557989.4742,504875.3716,9878.7574,24851,24505,-0.01770420,0.00338982,-0.02772422,-0.01770420,-9878.7574,557989.4742,OK,0.0000,395.1503,4.0000,96.0000,AG03-UNRESOLVED,ALL5_LEVELS_bet23_to_bet27,395.1503,395.1503,395.1503,0.0000,0.0000,4.000000,4.000000,4.000000,0.000000,0.000000,96.000000,96.000000,96.000000,100.000000,100.000000,5.0,1185.4509,1138.6651,8693.3065,8740.0923,PENDING_AG03,FALSE,NOT_FOR_ENFORCEMENT,9483.6071,484680.3568,9878.7574,9483.6071,395.1503,0.01770420,0.01699603,395.1503,9483.6071,0.01699603,395.1503,395.1503,395.1503,0.0000,0.0000,9483.6071,0.01699603,1185.4509,1138.6651,8693.3065,8740.0923,0.01557970,0.01566354,0.00070817,22.4534,20.6030,0.4031,82.3230,2.6463,4649.9123,204.2083,25.9152,21.1137,12.8578,14.5296,26.176,48.8436,54.2173,102.8621,13.088,0.0,3.731508,7.079487,1.545355,30,207,63,6,0.32204186,0.01770420,-0.00338982,0E-8,0.000000,0.904812,0.002133,0.03111404,2026-03-21,2026-08-06,120,3733,1703,139,0.863309,1.227414,1.154177,1.073473,,,,,,,,GLOBAL_BASELINE_NO_ENTITY_RANKING,,,NOT_APPLICABLE_GLOBAL_BASELINE,HF9g-P5,,,,X 全窗基线 · 不参与实体赏罚,15051857,1506,A168_HF9F_20260827_0900,2026-08-27 09:00:00
2026-04-02,127529701,1947,0,149.2029421775,-66.0942857891,-66.0942857891,0.2500000,7,7,0.50282064285714286,0.502820642857,-1.0112986633937782,-1.011298663393205,-1.0112986633937782,1.4286E-13,ELIGIBLE,R03b_20260811_FULL_v1,L1_ELIGIBILITY,v2026-08-11,2026-03-21..2026-08-06,baccarat_bet02_101_all_pairs_incl_sentinel,round_win = game_pnl > 0 (decisive only),COMPATIBILITY_ONLY_NOT_PRODUCTION,557989.4742,504875.3716,9878.7574,24851,24505,-0.01770420,0.00338982,-0.02772422,-0.01770420,-9878.7574,557989.4742,OK,0.0000,395.1503,4.0000,96.0000,AG03-UNRESOLVED,ALL5_LEVELS_bet23_to_bet27,395.1503,395.1503,395.1503,0.0000,0.0000,4.000000,4.000000,4.000000,0.000000,0.000000,96.000000,96.000000,96.000000,100.000000,100.000000,5.0,1185.4509,1138.6651,8693.3065,8740.0923,PENDING_AG03,FALSE,NOT_FOR_ENFORCEMENT,9483.6071,484680.3568,9878.7574,9483.6071,395.1503,0.01770420,0.01699603,395.1503,9483.6071,0.01699603,395.1503,395.1503,395.1503,0.0000,0.0000,9483.6071,0.01699603,1185.4509,1138.6651,8693.3065,8740.0923,0.01557970,0.01566354,0.00070817,22.4534,20.6030,0.4031,82.3230,2.6463,4649.9123,204.2083,25.9152,21.1137,12.8578,14.5296,26.176,48.8436,54.2173,102.8621,13.088,0.0,3.731508,7.079487,1.545355,30,207,63,6,0.32204186,0.01770420,-0.00338982,0E-8,0.000000,0.904812,0.002133,0.03111404,2026-03-21,2026-08-06,120,3733,1703,139,0.863309,1.227414,1.154177,1.073473,,,,,,,,GLOBAL_BASELINE_NO_ENTITY_RANKING,,,NOT_APPLICABLE_GLOBAL_BASELINE,HF9g-P5,,,,X 全窗基线 · 不参与实体赏罚,15051858,1506,A168_HF9F_20260827_0900,2026-08-27 09:00:00
2026-04-02,127529701,2115,0,126.9533806248,-44.4991231056,-44.4991231056,0.2857143,8,8,0.49994810000000000,0.499948100000,-1.133618796148647,-1.133618796148647,-1.133618796148647,0E-17,ELIGIBLE,R03b_20260811_FULL_v1,L1_ELIGIBILITY,v2026-08-11,2026-03-21..2026-08-06,baccarat_bet02_101_all_pairs_incl_sentinel,round_win = game_pnl > 0 (decisive only),COMPATIBILITY_ONLY_NOT_PRODUCTION,557989.4742,504875.3716,9878.7574,24851,24505,-0.01770420,0.00338982,-0.02772422,-0.01770420,-9878.7574,557989.4742,OK,0.0000,395.1503,4.0000,96.0000,AG03-UNRESOLVED,ALL5_LEVELS_bet23_to_bet27,395.1503,395.1503,395.1503,0.0000,0.0000,4.000000,4.000000,4.000000,0.000000,0.000000,96.000000,96.000000,96.000000,100.000000,100.000000,5.0,1185.4509,1138.6651,8693.3065,8740.0923,PENDING_AG03,FALSE,NOT_FOR_ENFORCEMENT,9483.6071,484680.3568,9878.7574,9483.6071,395.1503,0.01770420,0.01699603,395.1503,9483.6071,0.01699603,395.1503,395.1503,395.1503,0.0000,0.0000,9483.6071,0.01699603,1185.4509,1138.6651,8693.3065,8740.0923,0.01557970,0.01566354,0.00070817,22.4534,20.6030,0.4031,82.3230,2.6463,4649.9123,204.2083,25.9152,21.1137,12.8578,14.5296,26.176,48.8436,54.2173,102.8621,13.088,0.0,3.731508,7.079487,1.545355,30,207,63,6,0.32204186,0.01770420,-0.00338982,0E-8,0.000000,0.904812,0.002133,0.03111404,2026-03-21,2026-08-06,120,3733,1703,139,0.863309,1.227414,1.154177,1.073473,,,,,,,,GLOBAL_BASELINE_NO_ENTITY_RANKING,,,NOT_APPLICABLE_GLOBAL_BASELINE,HF9g-P5,,,,X 全窗基线 · 不参与实体赏罚,15051859,1506,A168_HF9F_20260827_0900,2026-08-27 09:00:00
2026-04-02,127529701,2171,0,34.0287411984,0E-10,0E-10,0.5000000,3,3,0.50218230000000000,0.502182300000,-0.00617253530718887,-0.00617253530718887,-0.00617253530718887,0E-17,ELIGIBLE,R03b_20260811_FULL_v1,L1_ELIGIBILITY,v2026-08-11,2026-03-21..2026-08-06,baccarat_bet02_101_all_pairs_incl_sentinel,round_win = game_pnl > 0 (decisive only),COMPATIBILITY_ONLY_NOT_PRODUCTION,557989.4742,504875.3716,9878.7574,24851,24505,-0.01770420,0.00338982,-0.02772422,-0.01770420,-9878.7574,557989.4742,OK,0.0000,395.1503,4.0000,96.0000,AG03-UNRESOLVED,ALL5_LEVELS_bet23_to_bet27,395.1503,395.1503,395.1503,0.0000,0.0000,4.000000,4.000000,4.000000,0.000000,0.000000,96.000000,96.000000,96.000000,100.000000,100.000000,5.0,1185.4509,1138.6651,8693.3065,8740.0923,PENDING_AG03,FALSE,NOT_FOR_ENFORCEMENT,9483.6071,484680.3568,9878.7574,9483.6071,395.1503,0.01770420,0.01699603,395.1503,9483.6071,0.01699603,395.1503,395.1503,395.1503,0.0000,0.0000,9483.6071,0.01699603,1185.4509,1138.6651,8693.3065,8740.0923,0.01557970,0.01566354,0.00070817,22.4534,20.6030,0.4031,82.3230,2.6463,4649.9123,204.2083,25.9152,21.1137,12.8578,14.5296,26.176,48.8436,54.2173,102.8621,13.088,0.0,3.731508,7.079487,1.545355,30,207,63,6,0.32204186,0.01770420,-0.00338982,0E-8,0.000000,0.904812,0.002133,0.03111404,2026-03-21,2026-08-06,120,3733,1703,139,0.863309,1.227414,1.154177,1.073473,,,,,,,,GLOBAL_BASELINE_NO_ENTITY_RANKING,,,NOT_APPLICABLE_GLOBAL_BASELINE,HF9g-P5,,,,X 全窗基线 · 不参与实体赏罚,15051860,1506,A168_HF9F_20260827_0900,2026-08-27 09:00:00
2026-04-02,127529701,2224,0,66.7486846584,-15.7055728608,-15.7055728608,0.2500000,4,4,0.50665070000000000,0.506650700000,-1.0266936290537745,-1.0266936290537745,-1.0266936290537745,0E-17,ELIGIBLE,R03b_20260811_FULL_v1,L1_ELIGIBILITY,v2026-08-11,2026-03-21..2026-08-06,baccarat_bet02_101_all_pairs_incl_sentinel,round_win = game_pnl > 0 (decisive only),COMPATIBILITY_ONLY_NOT_PRODUCTION,557989.4742,504875.3716,9878.7574,24851,24505,-0.01770420,0.00338982,-0.02772422,-0.01770420,-9878.7574,557989.4742,OK,0.0000,395.1503,4.0000,96.0000,AG03-UNRESOLVED,ALL5_LEVELS_bet23_to_bet27,395.1503,395.1503,395.1503,0.0000,0.0000,4.000000,4.000000,4.000000,0.000000,0.000000,96.000000,96.000000,96.000000,100.000000,100.000000,5.0,1185.4509,1138.6651,8693.3065,8740.0923,PENDING_AG03,FALSE,NOT_FOR_ENFORCEMENT,9483.6071,484680.3568,9878.7574,9483.6071,395.1503,0.01770420,0.01699603,395.1503,9483.6071,0.01699603,395.1503,395.1503,395.1503,0.0000,0.0000,9483.6071,0.01699603,1185.4509,1138.6651,8693.3065,8740.0923,0.01557970,0.01566354,0.00070817,22.4534,20.6030,0.4031,82.3230,2.6463,4649.9123,204.2083,25.9152,21.1137,12.8578,14.5296,26.176,48.8436,54.2173,102.8621,13.088,0.0,3.731508,7.079487,1.545355,30,207,63,6,0.32204186,0.01770420,-0.00338982,0E-8,0.000000,0.904812,0.002133,0.03111404,2026-03-21,2026-08-06,120,3733,1703,139,0.863309,1.227414,1.154177,1.073473,,,,,,,,GLOBAL_BASELINE_NO_ENTITY_RANKING,,,NOT_APPLICABLE_GLOBAL_BASELINE,HF9g-P5,,,,X 全窗基线 · 不参与实体赏罚,15051861,1506,A168_HF9F_20260827_0900,2026-08-27 09:00:00
2026-04-02,127529701,2233,0,308.3527471667,-78.6587440777,-78.6587440777,0.3333333,15,15,0.47292508000000000,0.472925080000,-1.0828617721521094,-1.0828617721521094,-1.0828617721521094,0E-17,ELIGIBLE,R03b_20260811_FULL_v1,L1_ELIGIBILITY,v2026-08-11,2026-03-21..2026-08-06,baccarat_bet02_101_all_pairs_incl_sentinel,round_win = game_pnl > 0 (decisive only),COMPATIBILITY_ONLY_NOT_PRODUCTION,557989.4742,504875.3716,9878.7574,24851,24505,-0.01770420,0.00338982,-0.02772422,-0.01770420,-9878.7574,557989.4742,OK,0.0000,395.1503,4.0000,96.0000,AG03-UNRESOLVED,ALL5_LEVELS_bet23_to_bet27,395.1503,395.1503,395.1503,0.0000,0.0000,4.000000,4.000000,4.000000,0.000000,0.000000,96.000000,96.000000,96.000000,100.000000,100.000000,5.0,1185.4509,1138.6651,8693.3065,8740.0923,PENDING_AG03,FALSE,NOT_FOR_ENFORCEMENT,9483.6071,484680.3568,9878.7574,9483.6071,395.1503,0.01770420,0.01699603,395.1503,9483.6071,0.01699603,395.1503,395.1503,395.1503,0.0000,0.0000,9483.6071,0.01699603,1185.4509,1138.6651,8693.3065,8740.0923,0.01557970,0.01566354,0.00070817,22.4534,20.6030,0.4031,82.3230,2.6463,4649.9123,204.2083,25.9152,21.1137,12.8578,14.5296,26.176,48.8436,54.2173,102.8621,13.088,0.0,3.731508,7.079487,1.545355,30,207,63,6,0.32204186,0.01770420,-0.00338982,0E-8,0.000000,0.904812,0.002133,0.03111404,2026-03-21,2026-08-06,120,3733,1703,139,0.863309,1.227414,1.154177,1.073473,,,,,,,,GLOBAL_BASELINE_NO_ENTITY_RANKING,,,NOT_APPLICABLE_GLOBAL_BASELINE,HF9g-P5,,,,X 全窗基线 · 不参与实体赏罚,15051862,1506,A168_HF9F_20260827_0900,2026-08-27 09:00:00
2026-04-02,127529701,2251,0,117.7917964559,-86.3806507343,-86.3806507343,0.1666667,7,7,0.50282064285714286,0.502820642857,-1.6468376381237455,-1.6468376381230425,-1.6468376381237455,1.4286E-13,ELIGIBLE,R03b_20260811_FULL_v1,L1_ELIGIBILITY,v2026-08-11,2026-03-21..2026-08-06,baccarat_bet02_101_all_pairs_incl_sentinel,round_win = game_pnl > 0 (decisive only),COMPATIBILITY_ONLY_NOT_PRODUCTION,557989.4742,504875.3716,9878.7574,24851,24505,-0.01770420,0.00338982,-0.02772422,-0.01770420,-9878.7574,557989.4742,OK,0.0000,395.1503,4.0000,96.0000,AG03-UNRESOLVED,ALL5_LEVELS_bet23_to_bet27,395.1503,395.1503,395.1503,0.0000,0.0000,4.000000,4.000000,4.000000,0.000000,0.000000,96.000000,96.000000,96.000000,100.000000,100.000000,5.0,1185.4509,1138.6651,8693.3065,8740.0923,PENDING_AG03,FALSE,NOT_FOR_ENFORCEMENT,9483.6071,484680.3568,9878.7574,9483.6071,395.1503,0.01770420,0.01699603,395.1503,9483.6071,0.01699603,395.1503,395.1503,395.1503,0.0000,0.0000,9483.6071,0.01699603,1185.4509,1138.6651,8693.3065,8740.0923,0.01557970,0.01566354,0.00070817,22.4534,20.6030,0.4031,82.3230,2.6463,4649.9123,204.2083,25.9152,21.1137,12.8578,14.5296,26.176,48.8436,54.2173,102.8621,13.088,0.0,3.731508,7.079487,1.545355,30,207,63,6,0.32204186,0.01770420,-0.00338982,0E-8,0.000000,0.904812,0.002133,0.03111404,2026-03-21,2026-08-06,120,3733,1703,139,0.863309,1.227414,1.154177,1.073473,,,,,,,,GLOBAL_BASELINE_NO_ENTITY_RANKING,,,NOT_APPLICABLE_GLOBAL_BASELINE,HF9g-P5,,,,X 全窗基线 · 不参与实体赏罚,15051863,1506,A168_HF9F_20260827_0900,2026-08-27 09:00:00
2026-04-02,127529701,970,0,161.5056409185,13.0879773839,13.0879773839,0.5000000,13,9,0.46688970805555556,0.434713937037,0.18771212226825196,0.3725028089084016,0.18771212226825196,0.03217577101855556,ELIGIBLE,R03b_20260811_FULL_v1,L1_ELIGIBILITY,v2026-08-11,2026-03-21..2026-08-06,baccarat_bet02_101_all_pairs_incl_sentinel,round_win = game_pnl > 0 (decisive only),COMPATIBILITY_ONLY_NOT_PRODUCTION,557989.4742,504875.3716,9878.7574,24851,24505,-0.01770420,0.00338982,-0.02772422,-0.01770420,-9878.7574,557989.4742,OK,0.0000,395.1503,4.0000,96.0000,AG03-UNRESOLVED,ALL5_LEVELS_bet23_to_bet27,395.1503,395.1503,395.1503,0.0000,0.0000,4.000000,4.000000,4.000000,0.000000,0.000000,96.000000,96.000000,96.000000,100.000000,100.000000,5.0,1185.4509,1138.6651,8693.3065,8740.0923,PENDING_AG03,FALSE,NOT_FOR_ENFORCEMENT,9483.6071,484680.3568,9878.7574,9483.6071,395.1503,0.01770420,0.01699603,395.1503,9483.6071,0.01699603,395.1503,395.1503,395.1503,0.0000,0.0000,9483.6071,0.01699603,1185.4509,1138.6651,8693.3065,8740.0923,0.01557970,0.01566354,0.00070817,22.4534,20.6030,0.4031,82.3230,2.6463,4649.9123,204.2083,25.9152,21.1137,12.8578,14.5296,26.176,48.8436,54.2173,102.8621,13.088,0.0,3.731508,7.079487,1.545355,30,207,63,6,0.32204186,0.01770420,-0.00338982,0E-8,0.000000,0.904812,0.002133,0.03111404,2026-03-21,2026-08-06,120,3733,1703,139,0.863309,1.227414,1.154177,1.073473,,,,,,,,GLOBAL_BASELINE_NO_ENTITY_RANKING,,,NOT_APPLICABLE_GLOBAL_BASELINE,HF9g-P5,,,,X 全窗基线 · 不参与实体赏罚,15051864,1506,A168_HF9F_20260827_0900,2026-08-27 09:00:00
2026-04-02,127529701,987,0,202.8636494518,-176.6876946838,-176.6876946838,0E-7,10,10,0.49994810000000000,0.499948100000,-2.9996886161599825,-2.9996886161599825,-2.9996886161599825,0E-17,ELIGIBLE,R03b_20260811_FULL_v1,L1_ELIGIBILITY,v2026-08-11,2026-03-21..2026-08-06,baccarat_bet02_101_all_pairs_incl_sentinel,round_win = game_pnl > 0 (decisive only),COMPATIBILITY_ONLY_NOT_PRODUCTION,557989.4742,504875.3716,9878.7574,24851,24505,-0.01770420,0.00338982,-0.02772422,-0.01770420,-9878.7574,557989.4742,OK,0.0000,395.1503,4.0000,96.0000,AG03-UNRESOLVED,ALL5_LEVELS_bet23_to_bet27,395.1503,395.1503,395.1503,0.0000,0.0000,4.000000,4.000000,4.000000,0.000000,0.000000,96.000000,96.000000,96.000000,100.000000,100.000000,5.0,1185.4509,1138.6651,8693.3065,8740.0923,PENDING_AG03,FALSE,NOT_FOR_ENFORCEMENT,9483.6071,484680.3568,9878.7574,9483.6071,395.1503,0.01770420,0.01699603,395.1503,9483.6071,0.01699603,395.1503,395.1503,395.1503,0.0000,0.0000,9483.6071,0.01699603,1185.4509,1138.6651,8693.3065,8740.0923,0.01557970,0.01566354,0.00070817,22.4534,20.6030,0.4031,82.3230,2.6463,4649.9123,204.2083,25.9152,21.1137,12.8578,14.5296,26.176,48.8436,54.2173,102.8621,13.088,0.0,3.731508,7.079487,1.545355,30,207,63,6,0.32204186,0.01770420,-0.00338982,0E-8,0.000000,0.904812,0.002133,0.03111404,2026-03-21,2026-08-06,120,3733,1703,139,0.863309,1.227414,1.154177,1.073473,,,,,,,,GLOBAL_BASELINE_NO_ENTITY_RANKING,,,NOT_APPLICABLE_GLOBAL_BASELINE,HF9g-P5,,,,X 全窗基线 · 不参与实体赏罚,15051865,1506,A168_HF9F_20260827_0900,2026-08-27 09:00:00
2026-04-02,127529701,994,0,176.1641755885,-46.5931994869,-46.5931994869,0.4444444,14,10,0.47698863428571429,0.444588653333,-0.19547226288194627,-0.0008706161582170981,-0.19547226288194627,0.03239998095271429,ELIGIBLE,R03b_20260811_FULL_v1,L1_ELIGIBILITY,v2026-08-11,2026-03-21..2026-08-06,baccarat_bet02_101_all_pairs_incl_sentinel,round_win = game_pnl > 0 (decisive only),COMPATIBILITY_ONLY_NOT_PRODUCTION,557989.4742,504875.3716,9878.7574,24851,24505,-0.01770420,0.00338982,-0.02772422,-0.01770420,-9878.7574,557989.4742,OK,0.0000,395.1503,4.0000,96.0000,AG03-UNRESOLVED,ALL5_LEVELS_bet23_to_bet27,395.1503,395.1503,395.1503,0.0000,0.0000,4.000000,4.000000,4.000000,0.000000,0.000000,96.000000,96.000000,96.000000,100.000000,100.000000,5.0,1185.4509,1138.6651,8693.3065,8740.0923,PENDING_AG03,FALSE,NOT_FOR_ENFORCEMENT,9483.6071,484680.3568,9878.7574,9483.6071,395.1503,0.01770420,0.01699603,395.1503,9483.6071,0.01699603,395.1503,395.1503,395.1503,0.0000,0.0000,9483.6071,0.01699603,1185.4509,1138.6651,8693.3065,8740.0923,0.01557970,0.01566354,0.00070817,22.4534,20.6030,0.4031,82.3230,2.6463,4649.9123,204.2083,25.9152,21.1137,12.8578,14.5296,26.176,48.8436,54.2173,102.8621,13.088,0.0,3.731508,7.079487,1.545355,30,207,63,6,0.32204186,0.01770420,-0.00338982,0E-8,0.000000,0.904812,0.002133,0.03111404,2026-03-21,2026-08-06,120,3733,1703,139,0.863309,1.227414,1.154177,1.073473,,,,,,,,GLOBAL_BASELINE_NO_ENTITY_RANKING,,,NOT_APPLICABLE_GLOBAL_BASELINE,HF9g-P5,,,,X 全窗基线 · 不参与实体赏罚,15051866,1506,A168_HF9F_20260827_0900,2026-08-27 09:00:00
2026-04-03,127529701,-1,1,403.1097034270,-23.9771745676,-23.9771745676,0.4800000,26,26,0.49891693076923077,0.498916930769,-0.18916975149980492,-0.1891697514974974,-0.18916975149980492,2.3077E-13,SENTINEL_DEALER,R03b_20260811_FULL_v1,L1_ELIGIBILITY,v2026-08-11,2026-03-21..2026-08-06,baccarat_bet02_101_all_pairs_incl_sentinel,round_win = game_pnl > 0 (decisive only),COMPATIBILITY_ONLY_NOT_PRODUCTION,557989.4742,504875.3716,9878.7574,24851,24505,-0.01770420,0.00338982,-0.02772422,-0.01770420,-9878.7574,557989.4742,OK,0.0000,395.1503,4.0000,96.0000,AG03-UNRESOLVED,ALL5_LEVELS_bet23_to_bet27,395.1503,395.1503,395.1503,0.0000,0.0000,4.000000,4.000000,4.000000,0.000000,0.000000,96.000000,96.000000,96.000000,100.000000,100.000000,5.0,1185.4509,1138.6651,8693.3065,8740.0923,PENDING_AG03,FALSE,NOT_FOR_ENFORCEMENT,9483.6071,484680.3568,9878.7574,9483.6071,395.1503,0.01770420,0.01699603,395.1503,9483.6071,0.01699603,395.1503,395.1503,395.1503,0.0000,0.0000,9483.6071,0.01699603,1185.4509,1138.6651,8693.3065,8740.0923,0.01557970,0.01566354,0.00070817,22.4534,20.6030,0.4031,82.3230,2.6463,4649.9123,204.2083,25.9152,21.1137,12.8578,14.5296,26.176,48.8436,54.2173,102.8621,13.088,0.0,3.731508,7.079487,1.545355,30,207,63,6,0.32204186,0.01770420,-0.00338982,0E-8,0.000000,0.904812,0.002133,0.03111404,2026-03-21,2026-08-06,120,3733,1703,139,0.863309,1.227414,1.154177,1.073473,,,,,,,,GLOBAL_BASELINE_NO_ENTITY_RANKING,,,NOT_APPLICABLE_GLOBAL_BASELINE,HF9g-P5,,,,X 全窗基线 · 不参与实体赏罚,15051867,1506,A168_HF9F_20260827_0900,2026-08-27 09:00:00
2026-04-03,127529701,1004,0,13.0879773840,12.4335785148,12.4335785148,1.0000000,1,1,0.50665070000000000,0.506650700000,0.9867858985152569,0.9867858985152569,0.9867858985152569,0E-17,ELIGIBLE,R03b_20260811_FULL_v1,L1_ELIGIBILITY,v2026-08-11,2026-03-21..2026-08-06,baccarat_bet02_101_all_pairs_incl_sentinel,round_win = game_pnl > 0 (decisive only),COMPATIBILITY_ONLY_NOT_PRODUCTION,557989.4742,504875.3716,9878.7574,24851,24505,-0.01770420,0.00338982,-0.02772422,-0.01770420,-9878.7574,557989.4742,OK,0.0000,395.1503,4.0000,96.0000,AG03-UNRESOLVED,ALL5_LEVELS_bet23_to_bet27,395.1503,395.1503,395.1503,0.0000,0.0000,4.000000,4.000000,4.000000,0.000000,0.000000,96.000000,96.000000,96.000000,100.000000,100.000000,5.0,1185.4509,1138.6651,8693.3065,8740.0923,PENDING_AG03,FALSE,NOT_FOR_ENFORCEMENT,9483.6071,484680.3568,9878.7574,9483.6071,395.1503,0.01770420,0.01699603,395.1503,9483.6071,0.01699603,395.1503,395.1503,395.1503,0.0000,0.0000,9483.6071,0.01699603,1185.4509,1138.6651,8693.3065,8740.0923,0.01557970,0.01566354,0.00070817,22.4534,20.6030,0.4031,82.3230,2.6463,4649.9123,204.2083,25.9152,21.1137,12.8578,14.5296,26.176,48.8436,54.2173,102.8621,13.088,0.0,3.731508,7.079487,1.545355,30,207,63,6,0.32204186,0.01770420,-0.00338982,0E-8,0.000000,0.904812,0.002133,0.03111404,2026-03-21,2026-08-06,120,3733,1703,139,0.863309,1.227414,1.154177,1.073473,,,,,,,,GLOBAL_BASELINE_NO_ENTITY_RANKING,,,NOT_APPLICABLE_GLOBAL_BASELINE,HF9g-P5,,,,X 全窗基线 · 不参与实体赏罚,15051868,1506,A168_HF9F_20260827_0900,2026-08-27 09:00:00
2026-04-03,127529701,1210,0,26.1759547680,-0.6543988692,-0.6543988692,0.5000000,2,2,0.49994810000000000,0.499948100000,0.00014679536856514622,0.00014679536856514622,0.00014679536856514622,0E-17,ELIGIBLE,R03b_20260811_FULL_v1,L1_ELIGIBILITY,v2026-08-11,2026-03-21..2026-08-06,baccarat_bet02_101_all_pairs_incl_sentinel,round_win = game_pnl > 0 (decisive only),COMPATIBILITY_ONLY_NOT_PRODUCTION,557989.4742,504875.3716,9878.7574,24851,24505,-0.01770420,0.00338982,-0.02772422,-0.01770420,-9878.7574,557989.4742,OK,0.0000,395.1503,4.0000,96.0000,AG03-UNRESOLVED,ALL5_LEVELS_bet23_to_bet27,395.1503,395.1503,395.1503,0.0000,0.0000,4.000000,4.000000,4.000000,0.000000,0.000000,96.000000,96.000000,96.000000,100.000000,100.000000,5.0,1185.4509,1138.6651,8693.3065,8740.0923,PENDING_AG03,FALSE,NOT_FOR_ENFORCEMENT,9483.6071,484680.3568,9878.7574,9483.6071,395.1503,0.01770420,0.01699603,395.1503,9483.6071,0.01699603,395.1503,395.1503,395.1503,0.0000,0.0000,9483.6071,0.01699603,1185.4509,1138.6651,8693.3065,8740.0923,0.01557970,0.01566354,0.00070817,22.4534,20.6030,0.4031,82.3230,2.6463,4649.9123,204.2083,25.9152,21.1137,12.8578,14.5296,26.176,48.8436,54.2173,102.8621,13.088,0.0,3.731508,7.079487,1.545355,30,207,63,6,0.32204186,0.01770420,-0.00338982,0E-8,0.000000,0.904812,0.002133,0.03111404,2026-03-21,2026-08-06,120,3733,1703,139,0.863309,1.227414,1.154177,1.073473,,,,,,,,GLOBAL_BASELINE_NO_ENTITY_RANKING,,,NOT_APPLICABLE_GLOBAL_BASELINE,HF9g-P5,,,,X 全窗基线 · 不参与实体赏罚,15051869,1506,A168_HF9F_20260827_0900,2026-08-27 09:00:00
2026-04-03,127529701,1304,0,5.2351909536,5.2351909536,5.2351909536,1.0000000,1,1,0.49324550000000000,0.493245500000,1.01360149184955,1.01360149184955,1.01360149184955,0E-17,ELIGIBLE,R03b_20260811_FULL_v1,L1_ELIGIBILITY,v2026-08-11,2026-03-21..2026-08-06,baccarat_bet02_101_all_pairs_incl_sentinel,round_win = game_pnl > 0 (decisive only),COMPATIBILITY_ONLY_NOT_PRODUCTION,557989.4742,504875.3716,9878.7574,24851,24505,-0.01770420,0.00338982,-0.02772422,-0.01770420,-9878.7574,557989.4742,OK,0.0000,395.1503,4.0000,96.0000,AG03-UNRESOLVED,ALL5_LEVELS_bet23_to_bet27,395.1503,395.1503,395.1503,0.0000,0.0000,4.000000,4.000000,4.000000,0.000000,0.000000,96.000000,96.000000,96.000000,100.000000,100.000000,5.0,1185.4509,1138.6651,8693.3065,8740.0923,PENDING_AG03,FALSE,NOT_FOR_ENFORCEMENT,9483.6071,484680.3568,9878.7574,9483.6071,395.1503,0.01770420,0.01699603,395.1503,9483.6071,0.01699603,395.1503,395.1503,395.1503,0.0000,0.0000,9483.6071,0.01699603,1185.4509,1138.6651,8693.3065,8740.0923,0.01557970,0.01566354,0.00070817,22.4534,20.6030,0.4031,82.3230,2.6463,4649.9123,204.2083,25.9152,21.1137,12.8578,14.5296,26.176,48.8436,54.2173,102.8621,13.088,0.0,3.731508,7.079487,1.545355,30,207,63,6,0.32204186,0.01770420,-0.00338982,0E-8,0.000000,0.904812,0.002133,0.03111404,2026-03-21,2026-08-06,120,3733,1703,139,0.863309,1.227414,1.154177,1.073473,,,,,,,,GLOBAL_BASELINE_NO_ENTITY_RANKING,,,NOT_APPLICABLE_GLOBAL_BASELINE,HF9g-P5,,,,X 全窗基线 · 不参与实体赏罚,15051870,1506,A168_HF9F_20260827_0900,2026-08-27 09:00:00
2026-04-03,127529701,1306,0,97.3745517369,55.3359683793,55.3359683793,0.6666667,10,6,0.46168232380952381,0.407682355556,1.007176006618873,1.2909540619227757,1.007176006618873,0.05399996825352381,ELIGIBLE,R03b_20260811_FULL_v1,L1_ELIGIBILITY,v2026-08-11,2026-03-21..2026-08-06,baccarat_bet02_101_all_pairs_incl_sentinel,round_win = game_pnl > 0 (decisive only),COMPATIBILITY_ONLY_NOT_PRODUCTION,557989.4742,504875.3716,9878.7574,24851,24505,-0.01770420,0.00338982,-0.02772422,-0.01770420,-9878.7574,557989.4742,OK,0.0000,395.1503,4.0000,96.0000,AG03-UNRESOLVED,ALL5_LEVELS_bet23_to_bet27,395.1503,395.1503,395.1503,0.0000,0.0000,4.000000,4.000000,4.000000,0.000000,0.000000,96.000000,96.000000,96.000000,100.000000,100.000000,5.0,1185.4509,1138.6651,8693.3065,8740.0923,PENDING_AG03,FALSE,NOT_FOR_ENFORCEMENT,9483.6071,484680.3568,9878.7574,9483.6071,395.1503,0.01770420,0.01699603,395.1503,9483.6071,0.01699603,395.1503,395.1503,395.1503,0.0000,0.0000,9483.6071,0.01699603,1185.4509,1138.6651,8693.3065,8740.0923,0.01557970,0.01566354,0.00070817,22.4534,20.6030,0.4031,82.3230,2.6463,4649.9123,204.2083,25.9152,21.1137,12.8578,14.5296,26.176,48.8436,54.2173,102.8621,13.088,0.0,3.731508,7.079487,1.545355,30,207,63,6,0.32204186,0.01770420,-0.00338982,0E-8,0.000000,0.904812,0.002133,0.03111404,2026-03-21,2026-08-06,120,3733,1703,139,0.863309,1.227414,1.154177,1.073473,,,,,,,,GLOBAL_BASELINE_NO_ENTITY_RANKING,,,NOT_APPLICABLE_GLOBAL_BASELINE,HF9g-P5,,,,X 全窗基线 · 不参与实体赏罚,15051871,1506,A168_HF9F_20260827_0900,2026-08-27 09:00:00
2026-04-03,127529701,1318,0,236.8923906500,31.5027615632,31.5027615632,0.5714286,14,14,0.50186312857142857,0.501863128571,0.5205837204242773,0.5205837204274828,0.5205837204242773,4.2857E-13,ELIGIBLE,R03b_20260811_FULL_v1,L1_ELIGIBILITY,v2026-08-11,2026-03-21..2026-08-06,baccarat_bet02_101_all_pairs_incl_sentinel,round_win = game_pnl > 0 (decisive only),COMPATIBILITY_ONLY_NOT_PRODUCTION,557989.4742,504875.3716,9878.7574,24851,24505,-0.01770420,0.00338982,-0.02772422,-0.01770420,-9878.7574,557989.4742,OK,0.0000,395.1503,4.0000,96.0000,AG03-UNRESOLVED,ALL5_LEVELS_bet23_to_bet27,395.1503,395.1503,395.1503,0.0000,0.0000,4.000000,4.000000,4.000000,0.000000,0.000000,96.000000,96.000000,96.000000,100.000000,100.000000,5.0,1185.4509,1138.6651,8693.3065,8740.0923,PENDING_AG03,FALSE,NOT_FOR_ENFORCEMENT,9483.6071,484680.3568,9878.7574,9483.6071,395.1503,0.01770420,0.01699603,395.1503,9483.6071,0.01699603,395.1503,395.1503,395.1503,0.0000,0.0000,9483.6071,0.01699603,1185.4509,1138.6651,8693.3065,8740.0923,0.01557970,0.01566354,0.00070817,22.4534,20.6030,0.4031,82.3230,2.6463,4649.9123,204.2083,25.9152,21.1137,12.8578,14.5296,26.176,48.8436,54.2173,102.8621,13.088,0.0,3.731508,7.079487,1.545355,30,207,63,6,0.32204186,0.01770420,-0.00338982,0E-8,0.000000,0.904812,0.002133,0.03111404,2026-03-21,2026-08-06,120,3733,1703,139,0.863309,1.227414,1.154177,1.073473,,,,,,,,GLOBAL_BASELINE_NO_ENTITY_RANKING,,,NOT_APPLICABLE_GLOBAL_BASELINE,HF9g-P5,,,,X 全窗基线 · 不参与实体赏罚,15051872,1506,A168_HF9F_20260827_0900,2026-08-27 09:00:00
2026-04-03,127529701,1353,0,64.1310891816,11.1902206633,11.1902206633,0.5000000,4,4,0.49994810000000000,0.499948100000,0.00020760000111838688,0.00020760000111838688,0.00020760000111838688,0E-17,ELIGIBLE,R03b_20260811_FULL_v1,L1_ELIGIBILITY,v2026-08-11,2026-03-21..2026-08-06,baccarat_bet02_101_all_pairs_incl_sentinel,round_win = game_pnl > 0 (decisive only),COMPATIBILITY_ONLY_NOT_PRODUCTION,557989.4742,504875.3716,9878.7574,24851,24505,-0.01770420,0.00338982,-0.02772422,-0.01770420,-9878.7574,557989.4742,OK,0.0000,395.1503,4.0000,96.0000,AG03-UNRESOLVED,ALL5_LEVELS_bet23_to_bet27,395.1503,395.1503,395.1503,0.0000,0.0000,4.000000,4.000000,4.000000,0.000000,0.000000,96.000000,96.000000,96.000000,100.000000,100.000000,5.0,1185.4509,1138.6651,8693.3065,8740.0923,PENDING_AG03,FALSE,NOT_FOR_ENFORCEMENT,9483.6071,484680.3568,9878.7574,9483.6071,395.1503,0.01770420,0.01699603,395.1503,9483.6071,0.01699603,395.1503,395.1503,395.1503,0.0000,0.0000,9483.6071,0.01699603,1185.4509,1138.6651,8693.3065,8740.0923,0.01557970,0.01566354,0.00070817,22.4534,20.6030,0.4031,82.3230,2.6463,4649.9123,204.2083,25.9152,21.1137,12.8578,14.5296,26.176,48.8436,54.2173,102.8621,13.088,0.0,3.731508,7.079487,1.545355,30,207,63,6,0.32204186,0.01770420,-0.00338982,0E-8,0.000000,0.904812,0.002133,0.03111404,2026-03-21,2026-08-06,120,3733,1703,139,0.863309,1.227414,1.154177,1.073473,,,,,,,,GLOBAL_BASELINE_NO_ENTITY_RANKING,,,NOT_APPLICABLE_GLOBAL_BASELINE,HF9g-P5,,,,X 全窗基线 · 不参与实体赏罚,15051873,1506,A168_HF9F_20260827_0900,2026-08-27 09:00:00
2026-04-03,127529701,1374,0,227.7308064814,3.1411145722,3.1411145722,0.6000000,11,11,0.49690146363636364,0.496901463636,0.6520649176539087,0.6520649176562117,0.6520649176539087,3.6364E-13,ELIGIBLE,R03b_20260811_FULL_v1,L1_ELIGIBILITY,v2026-08-11,2026-03-21..2026-08-06,baccarat_bet02_101_all_pairs_incl_sentinel,round_win = game_pnl > 0 (decisive only),COMPATIBILITY_ONLY_NOT_PRODUCTION,557989.4742,504875.3716,9878.7574,24851,24505,-0.01770420,0.00338982,-0.02772422,-0.01770420,-9878.7574,557989.4742,OK,0.0000,395.1503,4.0000,96.0000,AG03-UNRESOLVED,ALL5_LEVELS_bet23_to_bet27,395.1503,395.1503,395.1503,0.0000,0.0000,4.000000,4.000000,4.000000,0.000000,0.000000,96.000000,96.000000,96.000000,100.000000,100.000000,5.0,1185.4509,1138.6651,8693.3065,8740.0923,PENDING_AG03,FALSE,NOT_FOR_ENFORCEMENT,9483.6071,484680.3568,9878.7574,9483.6071,395.1503,0.01770420,0.01699603,395.1503,9483.6071,0.01699603,395.1503,395.1503,395.1503,0.0000,0.0000,9483.6071,0.01699603,1185.4509,1138.6651,8693.3065,8740.0923,0.01557970,0.01566354,0.00070817,22.4534,20.6030,0.4031,82.3230,2.6463,4649.9123,204.2083,25.9152,21.1137,12.8578,14.5296,26.176,48.8436,54.2173,102.8621,13.088,0.0,3.731508,7.079487,1.545355,30,207,63,6,0.32204186,0.01770420,-0.00338982,0E-8,0.000000,0.904812,0.002133,0.03111404,2026-03-21,2026-08-06,120,3733,1703,139,0.863309,1.227414,1.154177,1.073473,,,,,,,,GLOBAL_BASELINE_NO_ENTITY_RANKING,,,NOT_APPLICABLE_GLOBAL_BASELINE,HF9g-P5,,,,X 全窗基线 · 不参与实体赏罚,15051874,1506,A168_HF9F_20260827_0900,2026-08-27 09:00:00
2026-04-03,127529701,1384,0,24.8671570296,24.5399575950,24.5399575950,1.0000000,3,3,0.49771390000000000,0.497713900000,1.739988277604938,1.739988277604938,1.739988277604938,0E-17,ELIGIBLE,R03b_20260811_FULL_v1,L1_ELIGIBILITY,v2026-08-11,2026-03-21..2026-08-06,baccarat_bet02_101_all_pairs_incl_sentinel,round_win = game_pnl > 0 (decisive only),COMPATIBILITY_ONLY_NOT_PRODUCTION,557989.4742,504875.3716,9878.7574,24851,24505,-0.01770420,0.00338982,-0.02772422,-0.01770420,-9878.7574,557989.4742,OK,0.0000,395.1503,4.0000,96.0000,AG03-UNRESOLVED,ALL5_LEVELS_bet23_to_bet27,395.1503,395.1503,395.1503,0.0000,0.0000,4.000000,4.000000,4.000000,0.000000,0.000000,96.000000,96.000000,96.000000,100.000000,100.000000,5.0,1185.4509,1138.6651,8693.3065,8740.0923,PENDING_AG03,FALSE,NOT_FOR_ENFORCEMENT,9483.6071,484680.3568,9878.7574,9483.6071,395.1503,0.01770420,0.01699603,395.1503,9483.6071,0.01699603,395.1503,395.1503,395.1503,0.0000,0.0000,9483.6071,0.01699603,1185.4509,1138.6651,8693.3065,8740.0923,0.01557970,0.01566354,0.00070817,22.4534,20.6030,0.4031,82.3230,2.6463,4649.9123,204.2083,25.9152,21.1137,12.8578,14.5296,26.176,48.8436,54.2173,102.8621,13.088,0.0,3.731508,7.079487,1.545355,30,207,63,6,0.32204186,0.01770420,-0.00338982,0E-8,0.000000,0.904812,0.002133,0.03111404,2026-03-21,2026-08-06,120,3733,1703,139,0.863309,1.227414,1.154177,1.073473,,,,,,,,GLOBAL_BASELINE_NO_ENTITY_RANKING,,,NOT_APPLICABLE_GLOBAL_BASELINE,HF9g-P5,,,,X 全窗基线 · 不参与实体赏罚,15051875,1506,A168_HF9F_20260827_0900,2026-08-27 09:00:00
2026-04-03,127529701,1402,0,18.0614087899,2.8793550245,2.8793550245,0.5000000,2,2,0.49994810000000000,0.499948100000,0.00014679536856514622,0.00014679536856514622,0.00014679536856514622,0E-17,ELIGIBLE,R03b_20260811_FULL_v1,L1_ELIGIBILITY,v2026-08-11,2026-03-21..2026-08-06,baccarat_bet02_101_all_pairs_incl_sentinel,round_win = game_pnl > 0 (decisive only),COMPATIBILITY_ONLY_NOT_PRODUCTION,557989.4742,504875.3716,9878.7574,24851,24505,-0.01770420,0.00338982,-0.02772422,-0.01770420,-9878.7574,557989.4742,OK,0.0000,395.1503,4.0000,96.0000,AG03-UNRESOLVED,ALL5_LEVELS_bet23_to_bet27,395.1503,395.1503,395.1503,0.0000,0.0000,4.000000,4.000000,4.000000,0.000000,0.000000,96.000000,96.000000,96.000000,100.000000,100.000000,5.0,1185.4509,1138.6651,8693.3065,8740.0923,PENDING_AG03,FALSE,NOT_FOR_ENFORCEMENT,9483.6071,484680.3568,9878.7574,9483.6071,395.1503,0.01770420,0.01699603,395.1503,9483.6071,0.01699603,395.1503,395.1503,395.1503,0.0000,0.0000,9483.6071,0.01699603,1185.4509,1138.6651,8693.3065,8740.0923,0.01557970,0.01566354,0.00070817,22.4534,20.6030,0.4031,82.3230,2.6463,4649.9123,204.2083,25.9152,21.1137,12.8578,14.5296,26.176,48.8436,54.2173,102.8621,13.088,0.0,3.731508,7.079487,1.545355,30,207,63,6,0.32204186,0.01770420,-0.00338982,0E-8,0.000000,0.904812,0.002133,0.03111404,2026-03-21,2026-08-06,120,3733,1703,139,0.863309,1.227414,1.154177,1.073473,,,,,,,,GLOBAL_BASELINE_NO_ENTITY_RANKING,,,NOT_APPLICABLE_GLOBAL_BASELINE,HF9g-P5,,,,X 全窗基线 · 不参与实体赏罚,15051876,1506,A168_HF9F_20260827_0900,2026-08-27 09:00:00
2026-04-03,127529701,1506,0,230.3484019583,-117.3991571344,-117.3991571344,0.3076923,13,13,0.50252602307692308,0.502526023077,-1.404983831952018,-1.4049838319525738,-1.404983831952018,-7.692E-14,ELIGIBLE,R03b_20260811_FULL_v1,L1_ELIGIBILITY,v2026-08-11,2026-03-21..2026-08-06,baccarat_bet02_101_all_pairs_incl_sentinel,round_win = game_pnl > 0 (decisive only),COMPATIBILITY_ONLY_NOT_PRODUCTION,557989.4742,504875.3716,9878.7574,24851,24505,-0.01770420,0.00338982,-0.02772422,-0.01770420,-9878.7574,557989.4742,OK,0.0000,395.1503,4.0000,96.0000,AG03-UNRESOLVED,ALL5_LEVELS_bet23_to_bet27,395.1503,395.1503,395.1503,0.0000,0.0000,4.000000,4.000000,4.000000,0.000000,0.000000,96.000000,96.000000,96.000000,100.000000,100.000000,5.0,1185.4509,1138.6651,8693.3065,8740.0923,PENDING_AG03,FALSE,NOT_FOR_ENFORCEMENT,9483.6071,484680.3568,9878.7574,9483.6071,395.1503,0.01770420,0.01699603,395.1503,9483.6071,0.01699603,395.1503,395.1503,395.1503,0.0000,0.0000,9483.6071,0.01699603,1185.4509,1138.6651,8693.3065,8740.0923,0.01557970,0.01566354,0.00070817,22.4534,20.6030,0.4031,82.3230,2.6463,4649.9123,204.2083,25.9152,21.1137,12.8578,14.5296,26.176,48.8436,54.2173,102.8621,13.088,0.0,3.731508,7.079487,1.545355,30,207,63,6,0.32204186,0.01770420,-0.00338982,0E-8,0.000000,0.904812,0.002133,0.03111404,2026-03-21,2026-08-06,120,3733,1703,139,0.863309,1.227414,1.154177,1.073473,,,,,,,,GLOBAL_BASELINE_NO_ENTITY_RANKING,,,NOT_APPLICABLE_GLOBAL_BASELINE,HF9g-P5,,,,X 全窗基线 · 不参与实体赏罚,15051877,1506,A168_HF9F_20260827_0900,2026-08-27 09:00:00
2026-04-03,127529701,1646,0,373.0073554440,-29.5788288882,-29.5788288882,0.3571429,30,15,0.37694888836996337,0.331631041111,-0.15291792849953864,0.20275411132069032,-0.15291792849953864,0.04531784725896337,ELIGIBLE,R03b_20260811_FULL_v1,L1_ELIGIBILITY,v2026-08-11,2026-03-21..2026-08-06,baccarat_bet02_101_all_pairs_incl_sentinel,round_win = game_pnl > 0 (decisive only),COMPATIBILITY_ONLY_NOT_PRODUCTION,557989.4742,504875.3716,9878.7574,24851,24505,-0.01770420,0.00338982,-0.02772422,-0.01770420,-9878.7574,557989.4742,OK,0.0000,395.1503,4.0000,96.0000,AG03-UNRESOLVED,ALL5_LEVELS_bet23_to_bet27,395.1503,395.1503,395.1503,0.0000,0.0000,4.000000,4.000000,4.000000,0.000000,0.000000,96.000000,96.000000,96.000000,100.000000,100.000000,5.0,1185.4509,1138.6651,8693.3065,8740.0923,PENDING_AG03,FALSE,NOT_FOR_ENFORCEMENT,9483.6071,484680.3568,9878.7574,9483.6071,395.1503,0.01770420,0.01699603,395.1503,9483.6071,0.01699603,395.1503,395.1503,395.1503,0.0000,0.0000,9483.6071,0.01699603,1185.4509,1138.6651,8693.3065,8740.0923,0.01557970,0.01566354,0.00070817,22.4534,20.6030,0.4031,82.3230,2.6463,4649.9123,204.2083,25.9152,21.1137,12.8578,14.5296,26.176,48.8436,54.2173,102.8621,13.088,0.0,3.731508,7.079487,1.545355,30,207,63,6,0.32204186,0.01770420,-0.00338982,0E-8,0.000000,0.904812,0.002133,0.03111404,2026-03-21,2026-08-06,120,3733,1703,139,0.863309,1.227414,1.154177,1.073473,,,,,,,,GLOBAL_BASELINE_NO_ENTITY_RANKING,,,NOT_APPLICABLE_GLOBAL_BASELINE,HF9g-P5,,,,X 全窗基线 · 不参与实体赏罚,15051878,1506,A168_HF9F_20260827_0900,2026-08-27 09:00:00
2026-04-03,127529701,1702,0,120.4093919328,25.5215558988,25.5215558988,0.5714286,8,8,0.49827245000000000,0.498272450000,0.3871081189643771,0.3871081189643771,0.3871081189643771,0E-17,ELIGIBLE,R03b_20260811_FULL_v1,L1_ELIGIBILITY,v2026-08-11,2026-03-21..2026-08-06,baccarat_bet02_101_all_pairs_incl_sentinel,round_win = game_pnl > 0 (decisive only),COMPATIBILITY_ONLY_NOT_PRODUCTION,557989.4742,504875.3716,9878.7574,24851,24505,-0.01770420,0.00338982,-0.02772422,-0.01770420,-9878.7574,557989.4742,OK,0.0000,395.1503,4.0000,96.0000,AG03-UNRESOLVED,ALL5_LEVELS_bet23_to_bet27,395.1503,395.1503,395.1503,0.0000,0.0000,4.000000,4.000000,4.000000,0.000000,0.000000,96.000000,96.000000,96.000000,100.000000,100.000000,5.0,1185.4509,1138.6651,8693.3065,8740.0923,PENDING_AG03,FALSE,NOT_FOR_ENFORCEMENT,9483.6071,484680.3568,9878.7574,9483.6071,395.1503,0.01770420,0.01699603,395.1503,9483.6071,0.01699603,395.1503,395.1503,395.1503,0.0000,0.0000,9483.6071,0.01699603,1185.4509,1138.6651,8693.3065,8740.0923,0.01557970,0.01566354,0.00070817,22.4534,20.6030,0.4031,82.3230,2.6463,4649.9123,204.2083,25.9152,21.1137,12.8578,14.5296,26.176,48.8436,54.2173,102.8621,13.088,0.0,3.731508,7.079487,1.545355,30,207,63,6,0.32204186,0.01770420,-0.00338982,0E-8,0.000000,0.904812,0.002133,0.03111404,2026-03-21,2026-08-06,120,3733,1703,139,0.863309,1.227414,1.154177,1.073473,,,,,,,,GLOBAL_BASELINE_NO_ENTITY_RANKING,,,NOT_APPLICABLE_GLOBAL_BASELINE,HF9g-P5,,,,X 全窗基线 · 不参与实体赏罚,15051879,1506,A168_HF9F_20260827_0900,2026-08-27 09:00:00
2026-04-03,127529701,1750,0,66.7486846583,11.7791796455,11.7791796455,0.3333333,3,3,0.49771390000000000,0.497713900000,-0.5694369385616226,-0.5694369385616226,-0.5694369385616226,0E-17,ELIGIBLE,R03b_20260811_FULL_v1,L1_ELIGIBILITY,v2026-08-11,2026-03-21..2026-08-06,baccarat_bet02_101_all_pairs_incl_sentinel,round_win = game_pnl > 0 (decisive only),COMPATIBILITY_ONLY_NOT_PRODUCTION,557989.4742,504875.3716,9878.7574,24851,24505,-0.01770420,0.00338982,-0.02772422,-0.01770420,-9878.7574,557989.4742,OK,0.0000,395.1503,4.0000,96.0000,AG03-UNRESOLVED,ALL5_LEVELS_bet23_to_bet27,395.1503,395.1503,395.1503,0.0000,0.0000,4.000000,4.000000,4.000000,0.000000,0.000000,96.000000,96.000000,96.000000,100.000000,100.000000,5.0,1185.4509,1138.6651,8693.3065,8740.0923,PENDING_AG03,FALSE,NOT_FOR_ENFORCEMENT,9483.6071,484680.3568,9878.7574,9483.6071,395.1503,0.01770420,0.01699603,395.1503,9483.6071,0.01699603,395.1503,395.1503,395.1503,0.0000,0.0000,9483.6071,0.01699603,1185.4509,1138.6651,8693.3065,8740.0923,0.01557970,0.01566354,0.00070817,22.4534,20.6030,0.4031,82.3230,2.6463,4649.9123,204.2083,25.9152,21.1137,12.8578,14.5296,26.176,48.8436,54.2173,102.8621,13.088,0.0,3.731508,7.079487,1.545355,30,207,63,6,0.32204186,0.01770420,-0.00338982,0E-8,0.000000,0.904812,0.002133,0.03111404,2026-03-21,2026-08-06,120,3733,1703,139,0.863309,1.227414,1.154177,1.073473,,,,,,,,GLOBAL_BASELINE_NO_ENTITY_RANKING,,,NOT_APPLICABLE_GLOBAL_BASELINE,HF9g-P5,,,,X 全窗基线 · 不参与实体赏罚,15051880,1506,A168_HF9F_20260827_0900,2026-08-27 09:00:00
2026-04-03,127529701,1940,0,222.2338559803,23.0348401959,23.0348401959,0.5000000,12,12,0.50106520000000000,0.501065200000,-0.007379938828219007,-0.007379938828219008,-0.007379938828219007,0E-17,ELIGIBLE,R03b_20260811_FULL_v1,L1_ELIGIBILITY,v2026-08-11,2026-03-21..2026-08-06,baccarat_bet02_101_all_pairs_incl_sentinel,round_win = game_pnl > 0 (decisive only),COMPATIBILITY_ONLY_NOT_PRODUCTION,557989.4742,504875.3716,9878.7574,24851,24505,-0.01770420,0.00338982,-0.02772422,-0.01770420,-9878.7574,557989.4742,OK,0.0000,395.1503,4.0000,96.0000,AG03-UNRESOLVED,ALL5_LEVELS_bet23_to_bet27,395.1503,395.1503,395.1503,0.0000,0.0000,4.000000,4.000000,4.000000,0.000000,0.000000,96.000000,96.000000,96.000000,100.000000,100.000000,5.0,1185.4509,1138.6651,8693.3065,8740.0923,PENDING_AG03,FALSE,NOT_FOR_ENFORCEMENT,9483.6071,484680.3568,9878.7574,9483.6071,395.1503,0.01770420,0.01699603,395.1503,9483.6071,0.01699603,395.1503,395.1503,395.1503,0.0000,0.0000,9483.6071,0.01699603,1185.4509,1138.6651,8693.3065,8740.0923,0.01557970,0.01566354,0.00070817,22.4534,20.6030,0.4031,82.3230,2.6463,4649.9123,204.2083,25.9152,21.1137,12.8578,14.5296,26.176,48.8436,54.2173,102.8621,13.088,0.0,3.731508,7.079487,1.545355,30,207,63,6,0.32204186,0.01770420,-0.00338982,0E-8,0.000000,0.904812,0.002133,0.03111404,2026-03-21,2026-08-06,120,3733,1703,139,0.863309,1.227414,1.154177,1.073473,,,,,,,,GLOBAL_BASELINE_NO_ENTITY_RANKING,,,NOT_APPLICABLE_GLOBAL_BASELINE,HF9g-P5,,,,X 全窗基线 · 不参与实体赏罚,15051881,1506,A168_HF9F_20260827_0900,2026-08-27 09:00:00
2026-04-03,127529701,2093,0,154.6998926787,60.9899746093,60.9899746093,0.6000000,10,10,0.49994810000000000,0.499948100000,0.6327837798637467,0.6327837798637467,0.6327837798637467,0E-17,ELIGIBLE,R03b_20260811_FULL_v1,L1_ELIGIBILITY,v2026-08-11,2026-03-21..2026-08-06,baccarat_bet02_101_all_pairs_incl_sentinel,round_win = game_pnl > 0 (decisive only),COMPATIBILITY_ONLY_NOT_PRODUCTION,557989.4742,504875.3716,9878.7574,24851,24505,-0.01770420,0.00338982,-0.02772422,-0.01770420,-9878.7574,557989.4742,OK,0.0000,395.1503,4.0000,96.0000,AG03-UNRESOLVED,ALL5_LEVELS_bet23_to_bet27,395.1503,395.1503,395.1503,0.0000,0.0000,4.000000,4.000000,4.000000,0.000000,0.000000,96.000000,96.000000,96.000000,100.000000,100.000000,5.0,1185.4509,1138.6651,8693.3065,8740.0923,PENDING_AG03,FALSE,NOT_FOR_ENFORCEMENT,9483.6071,484680.3568,9878.7574,9483.6071,395.1503,0.01770420,0.01699603,395.1503,9483.6071,0.01699603,395.1503,395.1503,395.1503,0.0000,0.0000,9483.6071,0.01699603,1185.4509,1138.6651,8693.3065,8740.0923,0.01557970,0.01566354,0.00070817,22.4534,20.6030,0.4031,82.3230,2.6463,4649.9123,204.2083,25.9152,21.1137,12.8578,14.5296,26.176,48.8436,54.2173,102.8621,13.088,0.0,3.731508,7.079487,1.545355,30,207,63,6,0.32204186,0.01770420,-0.00338982,0E-8,0.000000,0.904812,0.002133,0.03111404,2026-03-21,2026-08-06,120,3733,1703,139,0.863309,1.227414,1.154177,1.073473,,,,,,,,GLOBAL_BASELINE_NO_ENTITY_RANKING,,,NOT_APPLICABLE_GLOBAL_BASELINE,HF9g-P5,,,,X 全窗基线 · 不参与实体赏罚,15051882,1506,A168_HF9F_20260827_0900,2026-08-27 09:00:00
2026-04-03,127529701,2130,0,36.6463366752,-36.6463366752,-36.6463366752,0E-7,3,3,0.50218230000000000,0.502182300000,-1.7396270863184011,-1.7396270863184016,-1.7396270863184011,0E-17,ELIGIBLE,R03b_20260811_FULL_v1,L1_ELIGIBILITY,v2026-08-11,2026-03-21..2026-08-06,baccarat_bet02_101_all_pairs_incl_sentinel,round_win = game_pnl > 0 (decisive only),COMPATIBILITY_ONLY_NOT_PRODUCTION,557989.4742,504875.3716,9878.7574,24851,24505,-0.01770420,0.00338982,-0.02772422,-0.01770420,-9878.7574,557989.4742,OK,0.0000,395.1503,4.0000,96.0000,AG03-UNRESOLVED,ALL5_LEVELS_bet23_to_bet27,395.1503,395.1503,395.1503,0.0000,0.0000,4.000000,4.000000,4.000000,0.000000,0.000000,96.000000,96.000000,96.000000,100.000000,100.000000,5.0,1185.4509,1138.6651,8693.3065,8740.0923,PENDING_AG03,FALSE,NOT_FOR_ENFORCEMENT,9483.6071,484680.3568,9878.7574,9483.6071,395.1503,0.01770420,0.01699603,395.1503,9483.6071,0.01699603,395.1503,395.1503,395.1503,0.0000,0.0000,9483.6071,0.01699603,1185.4509,1138.6651,8693.3065,8740.0923,0.01557970,0.01566354,0.00070817,22.4534,20.6030,0.4031,82.3230,2.6463,4649.9123,204.2083,25.9152,21.1137,12.8578,14.5296,26.176,48.8436,54.2173,102.8621,13.088,0.0,3.731508,7.079487,1.545355,30,207,63,6,0.32204186,0.01770420,-0.00338982,0E-8,0.000000,0.904812,0.002133,0.03111404,2026-03-21,2026-08-06,120,3733,1703,139,0.863309,1.227414,1.154177,1.073473,,,,,,,,GLOBAL_BASELINE_NO_ENTITY_RANKING,,,NOT_APPLICABLE_GLOBAL_BASELINE,HF9g-P5,,,,X 全窗基线 · 不参与实体赏罚,15051883,1506,A168_HF9F_20260827_0900,2026-08-27 09:00:00
2026-04-03,127529701,2153,0,100.7774258568,12.8262178363,12.8262178363,0.5000000,8,8,0.49994810000000000,0.499948100000,0.00029359073713029245,0.00029359073713029245,0.00029359073713029245,0E-17,ELIGIBLE,R03b_20260811_FULL_v1,L1_ELIGIBILITY,v2026-08-11,2026-03-21..2026-08-06,baccarat_bet02_101_all_pairs_incl_sentinel,round_win = game_pnl > 0 (decisive only),COMPATIBILITY_ONLY_NOT_PRODUCTION,557989.4742,504875.3716,9878.7574,24851,24505,-0.01770420,0.00338982,-0.02772422,-0.01770420,-9878.7574,557989.4742,OK,0.0000,395.1503,4.0000,96.0000,AG03-UNRESOLVED,ALL5_LEVELS_bet23_to_bet27,395.1503,395.1503,395.1503,0.0000,0.0000,4.000000,4.000000,4.000000,0.000000,0.000000,96.000000,96.000000,96.000000,100.000000,100.000000,5.0,1185.4509,1138.6651,8693.3065,8740.0923,PENDING_AG03,FALSE,NOT_FOR_ENFORCEMENT,9483.6071,484680.3568,9878.7574,9483.6071,395.1503,0.01770420,0.01699603,395.1503,9483.6071,0.01699603,395.1503,395.1503,395.1503,0.0000,0.0000,9483.6071,0.01699603,1185.4509,1138.6651,8693.3065,8740.0923,0.01557970,0.01566354,0.00070817,22.4534,20.6030,0.4031,82.3230,2.6463,4649.9123,204.2083,25.9152,21.1137,12.8578,14.5296,26.176,48.8436,54.2173,102.8621,13.088,0.0,3.731508,7.079487,1.545355,30,207,63,6,0.32204186,0.01770420,-0.00338982,0E-8,0.000000,0.904812,0.002133,0.03111404,2026-03-21,2026-08-06,120,3733,1703,139,0.863309,1.227414,1.154177,1.073473,,,,,,,,GLOBAL_BASELINE_NO_ENTITY_RANKING,,,NOT_APPLICABLE_GLOBAL_BASELINE,HF9g-P5,,,,X 全窗基线 · 不参与实体赏罚,15051884,1506,A168_HF9F_20260827_0900,2026-08-27 09:00:00
2026-04-03,127529701,2196,0,60.9899746094,13.4151768185,13.4151768185,0.6000000,5,5,0.50128862000000000,0.501288620000,0.4414521777673877,0.4414521777673877,0.4414521777673877,0E-17,ELIGIBLE,R03b_20260811_FULL_v1,L1_ELIGIBILITY,v2026-08-11,2026-03-21..2026-08-06,baccarat_bet02_101_all_pairs_incl_sentinel,round_win = game_pnl > 0 (decisive only),COMPATIBILITY_ONLY_NOT_PRODUCTION,557989.4742,504875.3716,9878.7574,24851,24505,-0.01770420,0.00338982,-0.02772422,-0.01770420,-9878.7574,557989.4742,OK,0.0000,395.1503,4.0000,96.0000,AG03-UNRESOLVED,ALL5_LEVELS_bet23_to_bet27,395.1503,395.1503,395.1503,0.0000,0.0000,4.000000,4.000000,4.000000,0.000000,0.000000,96.000000,96.000000,96.000000,100.000000,100.000000,5.0,1185.4509,1138.6651,8693.3065,8740.0923,PENDING_AG03,FALSE,NOT_FOR_ENFORCEMENT,9483.6071,484680.3568,9878.7574,9483.6071,395.1503,0.01770420,0.01699603,395.1503,9483.6071,0.01699603,395.1503,395.1503,395.1503,0.0000,0.0000,9483.6071,0.01699603,1185.4509,1138.6651,8693.3065,8740.0923,0.01557970,0.01566354,0.00070817,22.4534,20.6030,0.4031,82.3230,2.6463,4649.9123,204.2083,25.9152,21.1137,12.8578,14.5296,26.176,48.8436,54.2173,102.8621,13.088,0.0,3.731508,7.079487,1.545355,30,207,63,6,0.32204186,0.01770420,-0.00338982,0E-8,0.000000,0.904812,0.002133,0.03111404,2026-03-21,2026-08-06,120,3733,1703,139,0.863309,1.227414,1.154177,1.073473,,,,,,,,GLOBAL_BASELINE_NO_ENTITY_RANKING,,,NOT_APPLICABLE_GLOBAL_BASELINE,HF9g-P5,,,,X 全窗基线 · 不参与实体赏罚,15051885,1506,A168_HF9F_20260827_0900,2026-08-27 09:00:00
2026-04-03,127529701,2252,0,203.6489280948,28.2700311495,28.2700311495,0.5384615,13,13,0.49943251538461538,0.499432515385,0.281442469141069,0.2814424691382953,0.281442469141069,-3.8462E-13,ELIGIBLE,R03b_20260811_FULL_v1,L1_ELIGIBILITY,v2026-08-11,2026-03-21..2026-08-06,baccarat_bet02_101_all_pairs_incl_sentinel,round_win = game_pnl > 0 (decisive only),COMPATIBILITY_ONLY_NOT_PRODUCTION,557989.4742,504875.3716,9878.7574,24851,24505,-0.01770420,0.00338982,-0.02772422,-0.01770420,-9878.7574,557989.4742,OK,0.0000,395.1503,4.0000,96.0000,AG03-UNRESOLVED,ALL5_LEVELS_bet23_to_bet27,395.1503,395.1503,395.1503,0.0000,0.0000,4.000000,4.000000,4.000000,0.000000,0.000000,96.000000,96.000000,96.000000,100.000000,100.000000,5.0,1185.4509,1138.6651,8693.3065,8740.0923,PENDING_AG03,FALSE,NOT_FOR_ENFORCEMENT,9483.6071,484680.3568,9878.7574,9483.6071,395.1503,0.01770420,0.01699603,395.1503,9483.6071,0.01699603,395.1503,395.1503,395.1503,0.0000,0.0000,9483.6071,0.01699603,1185.4509,1138.6651,8693.3065,8740.0923,0.01557970,0.01566354,0.00070817,22.4534,20.6030,0.4031,82.3230,2.6463,4649.9123,204.2083,25.9152,21.1137,12.8578,14.5296,26.176,48.8436,54.2173,102.8621,13.088,0.0,3.731508,7.079487,1.545355,30,207,63,6,0.32204186,0.01770420,-0.00338982,0E-8,0.000000,0.904812,0.002133,0.03111404,2026-03-21,2026-08-06,120,3733,1703,139,0.863309,1.227414,1.154177,1.073473,,,,,,,,GLOBAL_BASELINE_NO_ENTITY_RANKING,,,NOT_APPLICABLE_GLOBAL_BASELINE,HF9g-P5,,,,X 全窗基线 · 不参与实体赏罚,15051886,1506,A168_HF9F_20260827_0900,2026-08-27 09:00:00
2026-04-03,127529701,550,0,147.8941444392,43.7138444625,43.7138444625,0.5714286,8,8,0.49994810000000000,0.499948100000,0.37823910403297295,0.37823910403297295,0.37823910403297295,0E-17,ELIGIBLE,R03b_20260811_FULL_v1,L1_ELIGIBILITY,v2026-08-11,2026-03-21..2026-08-06,baccarat_bet02_101_all_pairs_incl_sentinel,round_win = game_pnl > 0 (decisive only),COMPATIBILITY_ONLY_NOT_PRODUCTION,557989.4742,504875.3716,9878.7574,24851,24505,-0.01770420,0.00338982,-0.02772422,-0.01770420,-9878.7574,557989.4742,OK,0.0000,395.1503,4.0000,96.0000,AG03-UNRESOLVED,ALL5_LEVELS_bet23_to_bet27,395.1503,395.1503,395.1503,0.0000,0.0000,4.000000,4.000000,4.000000,0.000000,0.000000,96.000000,96.000000,96.000000,100.000000,100.000000,5.0,1185.4509,1138.6651,8693.3065,8740.0923,PENDING_AG03,FALSE,NOT_FOR_ENFORCEMENT,9483.6071,484680.3568,9878.7574,9483.6071,395.1503,0.01770420,0.01699603,395.1503,9483.6071,0.01699603,395.1503,395.1503,395.1503,0.0000,0.0000,9483.6071,0.01699603,1185.4509,1138.6651,8693.3065,8740.0923,0.01557970,0.01566354,0.00070817,22.4534,20.6030,0.4031,82.3230,2.6463,4649.9123,204.2083,25.9152,21.1137,12.8578,14.5296,26.176,48.8436,54.2173,102.8621,13.088,0.0,3.731508,7.079487,1.545355,30,207,63,6,0.32204186,0.01770420,-0.00338982,0E-8,0.000000,0.904812,0.002133,0.03111404,2026-03-21,2026-08-06,120,3733,1703,139,0.863309,1.227414,1.154177,1.073473,,,,,,,,GLOBAL_BASELINE_NO_ENTITY_RANKING,,,NOT_APPLICABLE_GLOBAL_BASELINE,HF9g-P5,,,,X 全窗基线 · 不参与实体赏罚,15051887,1506,A168_HF9F_20260827_0900,2026-08-27 09:00:00
2026-04-03,127529701,752,0,15.7055728608,4.7116718582,4.7116718582,0.5000000,2,2,0.49994810000000000,0.499948100000,0.00014679536856514622,0.00014679536856514622,0.00014679536856514622,0E-17,ELIGIBLE,R03b_20260811_FULL_v1,L1_ELIGIBILITY,v2026-08-11,2026-03-21..2026-08-06,baccarat_bet02_101_all_pairs_incl_sentinel,round_win = game_pnl > 0 (decisive only),COMPATIBILITY_ONLY_NOT_PRODUCTION,557989.4742,504875.3716,9878.7574,24851,24505,-0.01770420,0.00338982,-0.02772422,-0.01770420,-9878.7574,557989.4742,OK,0.0000,395.1503,4.0000,96.0000,AG03-UNRESOLVED,ALL5_LEVELS_bet23_to_bet27,395.1503,395.1503,395.1503,0.0000,0.0000,4.000000,4.000000,4.000000,0.000000,0.000000,96.000000,96.000000,96.000000,100.000000,100.000000,5.0,1185.4509,1138.6651,8693.3065,8740.0923,PENDING_AG03,FALSE,NOT_FOR_ENFORCEMENT,9483.6071,484680.3568,9878.7574,9483.6071,395.1503,0.01770420,0.01699603,395.1503,9483.6071,0.01699603,395.1503,395.1503,395.1503,0.0000,0.0000,9483.6071,0.01699603,1185.4509,1138.6651,8693.3065,8740.0923,0.01557970,0.01566354,0.00070817,22.4534,20.6030,0.4031,82.3230,2.6463,4649.9123,204.2083,25.9152,21.1137,12.8578,14.5296,26.176,48.8436,54.2173,102.8621,13.088,0.0,3.731508,7.079487,1.545355,30,207,63,6,0.32204186,0.01770420,-0.00338982,0E-8,0.000000,0.904812,0.002133,0.03111404,2026-03-21,2026-08-06,120,3733,1703,139,0.863309,1.227414,1.154177,1.073473,,,,,,,,GLOBAL_BASELINE_NO_ENTITY_RANKING,,,NOT_APPLICABLE_GLOBAL_BASELINE,HF9g-P5,,,,X 全窗基线 · 不参与实体赏罚,15051888,1506,A168_HF9F_20260827_0900,2026-08-27 09:00:00
2026-04-04,127529701,-1,1,1053.0586603156,-111.5619192213,-111.5619192213,0.4680851,52,49,0.49693249744897959,0.493780107143,-0.39554294239195015,-0.3523393633434833,-0.39554294239195015,0.00315239030597959,SENTINEL_DEALER,R03b_20260811_FULL_v1,L1_ELIGIBILITY,v2026-08-11,2026-03-21..2026-08-06,baccarat_bet02_101_all_pairs_incl_sentinel,round_win = game_pnl > 0 (decisive only),COMPATIBILITY_ONLY_NOT_PRODUCTION,557989.4742,504875.3716,9878.7574,24851,24505,-0.01770420,0.00338982,-0.02772422,-0.01770420,-9878.7574,557989.4742,OK,0.0000,395.1503,4.0000,96.0000,AG03-UNRESOLVED,ALL5_LEVELS_bet23_to_bet27,395.1503,395.1503,395.1503,0.0000,0.0000,4.000000,4.000000,4.000000,0.000000,0.000000,96.000000,96.000000,96.000000,100.000000,100.000000,5.0,1185.4509,1138.6651,8693.3065,8740.0923,PENDING_AG03,FALSE,NOT_FOR_ENFORCEMENT,9483.6071,484680.3568,9878.7574,9483.6071,395.1503,0.01770420,0.01699603,395.1503,9483.6071,0.01699603,395.1503,395.1503,395.1503,0.0000,0.0000,9483.6071,0.01699603,1185.4509,1138.6651,8693.3065,8740.0923,0.01557970,0.01566354,0.00070817,22.4534,20.6030,0.4031,82.3230,2.6463,4649.9123,204.2083,25.9152,21.1137,12.8578,14.5296,26.176,48.8436,54.2173,102.8621,13.088,0.0,3.731508,7.079487,1.545355,30,207,63,6,0.32204186,0.01770420,-0.00338982,0E-8,0.000000,0.904812,0.002133,0.03111404,2026-03-21,2026-08-06,120,3733,1703,139,0.863309,1.227414,1.154177,1.073473,,,,,,,,GLOBAL_BASELINE_NO_ENTITY_RANKING,,,NOT_APPLICABLE_GLOBAL_BASELINE,HF9g-P5,,,,X 全窗基线 · 不参与实体赏罚,15051889,1506,A168_HF9F_20260827_0900,2026-08-27 09:00:00
2026-04-04,127529701,1078,0,15.7055728608,15.7055728608,15.7055728608,1.0000000,1,1,0.49324550000000000,0.493245500000,1.01360149184955,1.01360149184955,1.01360149184955,0E-17,ELIGIBLE,R03b_20260811_FULL_v1,L1_ELIGIBILITY,v2026-08-11,2026-03-21..2026-08-06,baccarat_bet02_101_all_pairs_incl_sentinel,round_win = game_pnl > 0 (decisive only),COMPATIBILITY_ONLY_NOT_PRODUCTION,557989.4742,504875.3716,9878.7574,24851,24505,-0.01770420,0.00338982,-0.02772422,-0.01770420,-9878.7574,557989.4742,OK,0.0000,395.1503,4.0000,96.0000,AG03-UNRESOLVED,ALL5_LEVELS_bet23_to_bet27,395.1503,395.1503,395.1503,0.0000,0.0000,4.000000,4.000000,4.000000,0.000000,0.000000,96.000000,96.000000,96.000000,100.000000,100.000000,5.0,1185.4509,1138.6651,8693.3065,8740.0923,PENDING_AG03,FALSE,NOT_FOR_ENFORCEMENT,9483.6071,484680.3568,9878.7574,9483.6071,395.1503,0.01770420,0.01699603,395.1503,9483.6071,0.01699603,395.1503,395.1503,395.1503,0.0000,0.0000,9483.6071,0.01699603,1185.4509,1138.6651,8693.3065,8740.0923,0.01557970,0.01566354,0.00070817,22.4534,20.6030,0.4031,82.3230,2.6463,4649.9123,204.2083,25.9152,21.1137,12.8578,14.5296,26.176,48.8436,54.2173,102.8621,13.088,0.0,3.731508,7.079487,1.545355,30,207,63,6,0.32204186,0.01770420,-0.00338982,0E-8,0.000000,0.904812,0.002133,0.03111404,2026-03-21,2026-08-06,120,3733,1703,139,0.863309,1.227414,1.154177,1.073473,,,,,,,,GLOBAL_BASELINE_NO_ENTITY_RANKING,,,NOT_APPLICABLE_GLOBAL_BASELINE,HF9g-P5,,,,X 全窗基线 · 不参与实体赏罚,15051890,1506,A168_HF9F_20260827_0900,2026-08-27 09:00:00
2026-04-04,127529701,1157,0,170.1437059919,17.7996492422,17.7996492422,0.5714286,10,8,0.48835128750000000,0.468420470833,0.4397230161778655,0.5461580533651823,0.4397230161778655,0.01993081666700000,ELIGIBLE,R03b_20260811_FULL_v1,L1_ELIGIBILITY,v2026-08-11,2026-03-21..2026-08-06,baccarat_bet02_101_all_pairs_incl_sentinel,round_win = game_pnl > 0 (decisive only),COMPATIBILITY_ONLY_NOT_PRODUCTION,557989.4742,504875.3716,9878.7574,24851,24505,-0.01770420,0.00338982,-0.02772422,-0.01770420,-9878.7574,557989.4742,OK,0.0000,395.1503,4.0000,96.0000,AG03-UNRESOLVED,ALL5_LEVELS_bet23_to_bet27,395.1503,395.1503,395.1503,0.0000,0.0000,4.000000,4.000000,4.000000,0.000000,0.000000,96.000000,96.000000,96.000000,100.000000,100.000000,5.0,1185.4509,1138.6651,8693.3065,8740.0923,PENDING_AG03,FALSE,NOT_FOR_ENFORCEMENT,9483.6071,484680.3568,9878.7574,9483.6071,395.1503,0.01770420,0.01699603,395.1503,9483.6071,0.01699603,395.1503,395.1503,395.1503,0.0000,0.0000,9483.6071,0.01699603,1185.4509,1138.6651,8693.3065,8740.0923,0.01557970,0.01566354,0.00070817,22.4534,20.6030,0.4031,82.3230,2.6463,4649.9123,204.2083,25.9152,21.1137,12.8578,14.5296,26.176,48.8436,54.2173,102.8621,13.088,0.0,3.731508,7.079487,1.545355,30,207,63,6,0.32204186,0.01770420,-0.00338982,0E-8,0.000000,0.904812,0.002133,0.03111404,2026-03-21,2026-08-06,120,3733,1703,139,0.863309,1.227414,1.154177,1.073473,,,,,,,,GLOBAL_BASELINE_NO_ENTITY_RANKING,,,NOT_APPLICABLE_GLOBAL_BASELINE,HF9g-P5,,,,X 全窗基线 · 不参与实体赏罚,15051891,1506,A168_HF9F_20260827_0900,2026-08-27 09:00:00
2026-04-04,127529701,1210,0,34.2905007461,10.4703819072,10.4703819072,0.5000000,3,3,0.50218230000000000,0.502182300000,-0.00617253530718887,-0.00617253530718887,-0.00617253530718887,0E-17,ELIGIBLE,R03b_20260811_FULL_v1,L1_ELIGIBILITY,v2026-08-11,2026-03-21..2026-08-06,baccarat_bet02_101_all_pairs_incl_sentinel,round_win = game_pnl > 0 (decisive only),COMPATIBILITY_ONLY_NOT_PRODUCTION,557989.4742,504875.3716,9878.7574,24851,24505,-0.01770420,0.00338982,-0.02772422,-0.01770420,-9878.7574,557989.4742,OK,0.0000,395.1503,4.0000,96.0000,AG03-UNRESOLVED,ALL5_LEVELS_bet23_to_bet27,395.1503,395.1503,395.1503,0.0000,0.0000,4.000000,4.000000,4.000000,0.000000,0.000000,96.000000,96.000000,96.000000,100.000000,100.000000,5.0,1185.4509,1138.6651,8693.3065,8740.0923,PENDING_AG03,FALSE,NOT_FOR_ENFORCEMENT,9483.6071,484680.3568,9878.7574,9483.6071,395.1503,0.01770420,0.01699603,395.1503,9483.6071,0.01699603,395.1503,395.1503,395.1503,0.0000,0.0000,9483.6071,0.01699603,1185.4509,1138.6651,8693.3065,8740.0923,0.01557970,0.01566354,0.00070817,22.4534,20.6030,0.4031,82.3230,2.6463,4649.9123,204.2083,25.9152,21.1137,12.8578,14.5296,26.176,48.8436,54.2173,102.8621,13.088,0.0,3.731508,7.079487,1.545355,30,207,63,6,0.32204186,0.01770420,-0.00338982,0E-8,0.000000,0.904812,0.002133,0.03111404,2026-03-21,2026-08-06,120,3733,1703,139,0.863309,1.227414,1.154177,1.073473,,,,,,,,GLOBAL_BASELINE_NO_ENTITY_RANKING,,,NOT_APPLICABLE_GLOBAL_BASELINE,HF9g-P5,,,,X 全窗基线 · 不参与实体赏罚,15051892,1506,A168_HF9F_20260827_0900,2026-08-27 09:00:00
2026-04-04,127529701,1304,0,185.8492788527,81.9307384237,81.9307384237,0.6666667,10,10,0.49860758000000000,0.498607580000,1.0083584300857016,1.0083584300857016,1.0083584300857016,0E-17,ELIGIBLE,R03b_20260811_FULL_v1,L1_ELIGIBILITY,v2026-08-11,2026-03-21..2026-08-06,baccarat_bet02_101_all_pairs_incl_sentinel,round_win = game_pnl > 0 (decisive only),COMPATIBILITY_ONLY_NOT_PRODUCTION,557989.4742,504875.3716,9878.7574,24851,24505,-0.01770420,0.00338982,-0.02772422,-0.01770420,-9878.7574,557989.4742,OK,0.0000,395.1503,4.0000,96.0000,AG03-UNRESOLVED,ALL5_LEVELS_bet23_to_bet27,395.1503,395.1503,395.1503,0.0000,0.0000,4.000000,4.000000,4.000000,0.000000,0.000000,96.000000,96.000000,96.000000,100.000000,100.000000,5.0,1185.4509,1138.6651,8693.3065,8740.0923,PENDING_AG03,FALSE,NOT_FOR_ENFORCEMENT,9483.6071,484680.3568,9878.7574,9483.6071,395.1503,0.01770420,0.01699603,395.1503,9483.6071,0.01699603,395.1503,395.1503,395.1503,0.0000,0.0000,9483.6071,0.01699603,1185.4509,1138.6651,8693.3065,8740.0923,0.01557970,0.01566354,0.00070817,22.4534,20.6030,0.4031,82.3230,2.6463,4649.9123,204.2083,25.9152,21.1137,12.8578,14.5296,26.176,48.8436,54.2173,102.8621,13.088,0.0,3.731508,7.079487,1.545355,30,207,63,6,0.32204186,0.01770420,-0.00338982,0E-8,0.000000,0.904812,0.002133,0.03111404,2026-03-21,2026-08-06,120,3733,1703,139,0.863309,1.227414,1.154177,1.073473,,,,,,,,GLOBAL_BASELINE_NO_ENTITY_RANKING,,,NOT_APPLICABLE_GLOBAL_BASELINE,HF9g-P5,,,,X 全窗基线 · 不参与实体赏罚,15051893,1506,A168_HF9F_20260827_0900,2026-08-27 09:00:00
2026-04-04,127529701,1306,0,83.5012957098,54.5114258043,54.5114258043,0.8000000,5,5,0.50128862000000000,0.501288620000,1.335882339249048,1.335882339249048,1.335882339249048,0E-17,ELIGIBLE,R03b_20260811_FULL_v1,L1_ELIGIBILITY,v2026-08-11,2026-03-21..2026-08-06,baccarat_bet02_101_all_pairs_incl_sentinel,round_win = game_pnl > 0 (decisive only),COMPATIBILITY_ONLY_NOT_PRODUCTION,557989.4742,504875.3716,9878.7574,24851,24505,-0.01770420,0.00338982,-0.02772422,-0.01770420,-9878.7574,557989.4742,OK,0.0000,395.1503,4.0000,96.0000,AG03-UNRESOLVED,ALL5_LEVELS_bet23_to_bet27,395.1503,395.1503,395.1503,0.0000,0.0000,4.000000,4.000000,4.000000,0.000000,0.000000,96.000000,96.000000,96.000000,100.000000,100.000000,5.0,1185.4509,1138.6651,8693.3065,8740.0923,PENDING_AG03,FALSE,NOT_FOR_ENFORCEMENT,9483.6071,484680.3568,9878.7574,9483.6071,395.1503,0.01770420,0.01699603,395.1503,9483.6071,0.01699603,395.1503,395.1503,395.1503,0.0000,0.0000,9483.6071,0.01699603,1185.4509,1138.6651,8693.3065,8740.0923,0.01557970,0.01566354,0.00070817,22.4534,20.6030,0.4031,82.3230,2.6463,4649.9123,204.2083,25.9152,21.1137,12.8578,14.5296,26.176,48.8436,54.2173,102.8621,13.088,0.0,3.731508,7.079487,1.545355,30,207,63,6,0.32204186,0.01770420,-0.00338982,0E-8,0.000000,0.904812,0.002133,0.03111404,2026-03-21,2026-08-06,120,3733,1703,139,0.863309,1.227414,1.154177,1.073473,,,,,,,,GLOBAL_BASELINE_NO_ENTITY_RANKING,,,NOT_APPLICABLE_GLOBAL_BASELINE,HF9g-P5,,,,X 全窗基线 · 不参与实体赏罚,15051894,1506,A168_HF9F_20260827_0900,2026-08-27 09:00:00
2026-04-04,127529701,1318,0,26.1759547680,24.8671570296,24.8671570296,1.0000000,1,1,0.50665070000000000,0.506650700000,0.9867858985152569,0.9867858985152569,0.9867858985152569,0E-17,ELIGIBLE,R03b_20260811_FULL_v1,L1_ELIGIBILITY,v2026-08-11,2026-03-21..2026-08-06,baccarat_bet02_101_all_pairs_incl_sentinel,round_win = game_pnl > 0 (decisive only),COMPATIBILITY_ONLY_NOT_PRODUCTION,557989.4742,504875.3716,9878.7574,24851,24505,-0.01770420,0.00338982,-0.02772422,-0.01770420,-9878.7574,557989.4742,OK,0.0000,395.1503,4.0000,96.0000,AG03-UNRESOLVED,ALL5_LEVELS_bet23_to_bet27,395.1503,395.1503,395.1503,0.0000,0.0000,4.000000,4.000000,4.000000,0.000000,0.000000,96.000000,96.000000,96.000000,100.000000,100.000000,5.0,1185.4509,1138.6651,8693.3065,8740.0923,PENDING_AG03,FALSE,NOT_FOR_ENFORCEMENT,9483.6071,484680.3568,9878.7574,9483.6071,395.1503,0.01770420,0.01699603,395.1503,9483.6071,0.01699603,395.1503,395.1503,395.1503,0.0000,0.0000,9483.6071,0.01699603,1185.4509,1138.6651,8693.3065,8740.0923,0.01557970,0.01566354,0.00070817,22.4534,20.6030,0.4031,82.3230,2.6463,4649.9123,204.2083,25.9152,21.1137,12.8578,14.5296,26.176,48.8436,54.2173,102.8621,13.088,0.0,3.731508,7.079487,1.545355,30,207,63,6,0.32204186,0.01770420,-0.00338982,0E-8,0.000000,0.904812,0.002133,0.03111404,2026-03-21,2026-08-06,120,3733,1703,139,0.863309,1.227414,1.154177,1.073473,,,,,,,,GLOBAL_BASELINE_NO_ENTITY_RANKING,,,NOT_APPLICABLE_GLOBAL_BASELINE,HF9g-P5,,,,X 全窗基线 · 不参与实体赏罚,15051895,1506,A168_HF9F_20260827_0900,2026-08-27 09:00:00
2026-04-04,127529701,1509,0,39.2639321520,25.5215558988,25.5215558988,1.0000000,3,3,0.49771390000000000,0.497713900000,1.4206944795187548,1.420694479518755,1.4206944795187548,0E-17,ELIGIBLE,R03b_20260811_FULL_v1,L1_ELIGIBILITY,v2026-08-11,2026-03-21..2026-08-06,baccarat_bet02_101_all_pairs_incl_sentinel,round_win = game_pnl > 0 (decisive only),COMPATIBILITY_ONLY_NOT_PRODUCTION,557989.4742,504875.3716,9878.7574,24851,24505,-0.01770420,0.00338982,-0.02772422,-0.01770420,-9878.7574,557989.4742,OK,0.0000,395.1503,4.0000,96.0000,AG03-UNRESOLVED,ALL5_LEVELS_bet23_to_bet27,395.1503,395.1503,395.1503,0.0000,0.0000,4.000000,4.000000,4.000000,0.000000,0.000000,96.000000,96.000000,96.000000,100.000000,100.000000,5.0,1185.4509,1138.6651,8693.3065,8740.0923,PENDING_AG03,FALSE,NOT_FOR_ENFORCEMENT,9483.6071,484680.3568,9878.7574,9483.6071,395.1503,0.01770420,0.01699603,395.1503,9483.6071,0.01699603,395.1503,395.1503,395.1503,0.0000,0.0000,9483.6071,0.01699603,1185.4509,1138.6651,8693.3065,8740.0923,0.01557970,0.01566354,0.00070817,22.4534,20.6030,0.4031,82.3230,2.6463,4649.9123,204.2083,25.9152,21.1137,12.8578,14.5296,26.176,48.8436,54.2173,102.8621,13.088,0.0,3.731508,7.079487,1.545355,30,207,63,6,0.32204186,0.01770420,-0.00338982,0E-8,0.000000,0.904812,0.002133,0.03111404,2026-03-21,2026-08-06,120,3733,1703,139,0.863309,1.227414,1.154177,1.073473,,,,,,,,GLOBAL_BASELINE_NO_ENTITY_RANKING,,,NOT_APPLICABLE_GLOBAL_BASELINE,HF9g-P5,,,,X 全窗基线 · 不参与实体赏罚,15051896,1506,A168_HF9F_20260827_0900,2026-08-27 09:00:00
2026-04-04,127529701,1702,0,52.3519095360,-52.3519095360,-52.3519095360,0E-7,3,3,0.49771390000000000,0.497713900000,-1.724149546644903,-1.724149546644903,-1.724149546644903,0E-17,ELIGIBLE,R03b_20260811_FULL_v1,L1_ELIGIBILITY,v2026-08-11,2026-03-21..2026-08-06,baccarat_bet02_101_all_pairs_incl_sentinel,round_win = game_pnl > 0 (decisive only),COMPATIBILITY_ONLY_NOT_PRODUCTION,557989.4742,504875.3716,9878.7574,24851,24505,-0.01770420,0.00338982,-0.02772422,-0.01770420,-9878.7574,557989.4742,OK,0.0000,395.1503,4.0000,96.0000,AG03-UNRESOLVED,ALL5_LEVELS_bet23_to_bet27,395.1503,395.1503,395.1503,0.0000,0.0000,4.000000,4.000000,4.000000,0.000000,0.000000,96.000000,96.000000,96.000000,100.000000,100.000000,5.0,1185.4509,1138.6651,8693.3065,8740.0923,PENDING_AG03,FALSE,NOT_FOR_ENFORCEMENT,9483.6071,484680.3568,9878.7574,9483.6071,395.1503,0.01770420,0.01699603,395.1503,9483.6071,0.01699603,395.1503,395.1503,395.1503,0.0000,0.0000,9483.6071,0.01699603,1185.4509,1138.6651,8693.3065,8740.0923,0.01557970,0.01566354,0.00070817,22.4534,20.6030,0.4031,82.3230,2.6463,4649.9123,204.2083,25.9152,21.1137,12.8578,14.5296,26.176,48.8436,54.2173,102.8621,13.088,0.0,3.731508,7.079487,1.545355,30,207,63,6,0.32204186,0.01770420,-0.00338982,0E-8,0.000000,0.904812,0.002133,0.03111404,2026-03-21,2026-08-06,120,3733,1703,139,0.863309,1.227414,1.154177,1.073473,,,,,,,,GLOBAL_BASELINE_NO_ENTITY_RANKING,,,NOT_APPLICABLE_GLOBAL_BASELINE,HF9g-P5,,,,X 全窗基线 · 不参与实体赏罚,15051897,1506,A168_HF9F_20260827_0900,2026-08-27 09:00:00
2026-04-04,127529701,1940,0,13.0879773840,12.4335785148,12.4335785148,1.0000000,1,1,0.50665070000000000,0.506650700000,0.9867858985152569,0.9867858985152569,0.9867858985152569,0E-17,ELIGIBLE,R03b_20260811_FULL_v1,L1_ELIGIBILITY,v2026-08-11,2026-03-21..2026-08-06,baccarat_bet02_101_all_pairs_incl_sentinel,round_win = game_pnl > 0 (decisive only),COMPATIBILITY_ONLY_NOT_PRODUCTION,557989.4742,504875.3716,9878.7574,24851,24505,-0.01770420,0.00338982,-0.02772422,-0.01770420,-9878.7574,557989.4742,OK,0.0000,395.1503,4.0000,96.0000,AG03-UNRESOLVED,ALL5_LEVELS_bet23_to_bet27,395.1503,395.1503,395.1503,0.0000,0.0000,4.000000,4.000000,4.000000,0.000000,0.000000,96.000000,96.000000,96.000000,100.000000,100.000000,5.0,1185.4509,1138.6651,8693.3065,8740.0923,PENDING_AG03,FALSE,NOT_FOR_ENFORCEMENT,9483.6071,484680.3568,9878.7574,9483.6071,395.1503,0.01770420,0.01699603,395.1503,9483.6071,0.01699603,395.1503,395.1503,395.1503,0.0000,0.0000,9483.6071,0.01699603,1185.4509,1138.6651,8693.3065,8740.0923,0.01557970,0.01566354,0.00070817,22.4534,20.6030,0.4031,82.3230,2.6463,4649.9123,204.2083,25.9152,21.1137,12.8578,14.5296,26.176,48.8436,54.2173,102.8621,13.088,0.0,3.731508,7.079487,1.545355,30,207,63,6,0.32204186,0.01770420,-0.00338982,0E-8,0.000000,0.904812,0.002133,0.03111404,2026-03-21,2026-08-06,120,3733,1703,139,0.863309,1.227414,1.154177,1.073473,,,,,,,,GLOBAL_BASELINE_NO_ENTITY_RANKING,,,NOT_APPLICABLE_GLOBAL_BASELINE,HF9g-P5,,,,X 全窗基线 · 不参与实体赏罚,15051898,1506,A168_HF9F_20260827_0900,2026-08-27 09:00:00
2026-04-04,127529701,1957,0,28.2700311494,26.8565295919,26.8565295919,1.0000000,1,1,0.50665070000000000,0.506650700000,0.9867858985152569,0.9867858985152569,0.9867858985152569,0E-17,ELIGIBLE,R03b_20260811_FULL_v1,L1_ELIGIBILITY,v2026-08-11,2026-03-21..2026-08-06,baccarat_bet02_101_all_pairs_incl_sentinel,round_win = game_pnl > 0 (decisive only),COMPATIBILITY_ONLY_NOT_PRODUCTION,557989.4742,504875.3716,9878.7574,24851,24505,-0.01770420,0.00338982,-0.02772422,-0.01770420,-9878.7574,557989.4742,OK,0.0000,395.1503,4.0000,96.0000,AG03-UNRESOLVED,ALL5_LEVELS_bet23_to_bet27,395.1503,395.1503,395.1503,0.0000,0.0000,4.000000,4.000000,4.000000,0.000000,0.000000,96.000000,96.000000,96.000000,100.000000,100.000000,5.0,1185.4509,1138.6651,8693.3065,8740.0923,PENDING_AG03,FALSE,NOT_FOR_ENFORCEMENT,9483.6071,484680.3568,9878.7574,9483.6071,395.1503,0.01770420,0.01699603,395.1503,9483.6071,0.01699603,395.1503,395.1503,395.1503,0.0000,0.0000,9483.6071,0.01699603,1185.4509,1138.6651,8693.3065,8740.0923,0.01557970,0.01566354,0.00070817,22.4534,20.6030,0.4031,82.3230,2.6463,4649.9123,204.2083,25.9152,21.1137,12.8578,14.5296,26.176,48.8436,54.2173,102.8621,13.088,0.0,3.731508,7.079487,1.545355,30,207,63,6,0.32204186,0.01770420,-0.00338982,0E-8,0.000000,0.904812,0.002133,0.03111404,2026-03-21,2026-08-06,120,3733,1703,139,0.863309,1.227414,1.154177,1.073473,,,,,,,,GLOBAL_BASELINE_NO_ENTITY_RANKING,,,NOT_APPLICABLE_GLOBAL_BASELINE,HF9g-P5,,,,X 全窗基线 · 不参与实体赏罚,15051899,1506,A168_HF9F_20260827_0900,2026-08-27 09:00:00
2026-04-04,127529701,1963,0,52.3519095360,51.0431117976,51.0431117976,1.0000000,2,2,0.49994810000000000,0.499948100000,1.4143603653603398,1.4143603653603398,1.4143603653603398,0E-17,ELIGIBLE,R03b_20260811_FULL_v1,L1_ELIGIBILITY,v2026-08-11,2026-03-21..2026-08-06,baccarat_bet02_101_all_pairs_incl_sentinel,round_win = game_pnl > 0 (decisive only),COMPATIBILITY_ONLY_NOT_PRODUCTION,557989.4742,504875.3716,9878.7574,24851,24505,-0.01770420,0.00338982,-0.02772422,-0.01770420,-9878.7574,557989.4742,OK,0.0000,395.1503,4.0000,96.0000,AG03-UNRESOLVED,ALL5_LEVELS_bet23_to_bet27,395.1503,395.1503,395.1503,0.0000,0.0000,4.000000,4.000000,4.000000,0.000000,0.000000,96.000000,96.000000,96.000000,100.000000,100.000000,5.0,1185.4509,1138.6651,8693.3065,8740.0923,PENDING_AG03,FALSE,NOT_FOR_ENFORCEMENT,9483.6071,484680.3568,9878.7574,9483.6071,395.1503,0.01770420,0.01699603,395.1503,9483.6071,0.01699603,395.1503,395.1503,395.1503,0.0000,0.0000,9483.6071,0.01699603,1185.4509,1138.6651,8693.3065,8740.0923,0.01557970,0.01566354,0.00070817,22.4534,20.6030,0.4031,82.3230,2.6463,4649.9123,204.2083,25.9152,21.1137,12.8578,14.5296,26.176,48.8436,54.2173,102.8621,13.088,0.0,3.731508,7.079487,1.545355,30,207,63,6,0.32204186,0.01770420,-0.00338982,0E-8,0.000000,0.904812,0.002133,0.03111404,2026-03-21,2026-08-06,120,3733,1703,139,0.863309,1.227414,1.154177,1.073473,,,,,,,,GLOBAL_BASELINE_NO_ENTITY_RANKING,,,NOT_APPLICABLE_GLOBAL_BASELINE,HF9g-P5,,,,X 全窗基线 · 不参与实体赏罚,15051900,1506,A168_HF9F_20260827_0900,2026-08-27 09:00:00
2026-04-04,127529701,1966,0,168.0496296105,13.7423762532,13.7423762532,0.5000000,10,10,0.49994810000000000,0.499948100000,0.0003282444228938027,0.0003282444228938027,0.0003282444228938027,0E-17,ELIGIBLE,R03b_20260811_FULL_v1,L1_ELIGIBILITY,v2026-08-11,2026-03-21..2026-08-06,baccarat_bet02_101_all_pairs_incl_sentinel,round_win = game_pnl > 0 (decisive only),COMPATIBILITY_ONLY_NOT_PRODUCTION,557989.4742,504875.3716,9878.7574,24851,24505,-0.01770420,0.00338982,-0.02772422,-0.01770420,-9878.7574,557989.4742,OK,0.0000,395.1503,4.0000,96.0000,AG03-UNRESOLVED,ALL5_LEVELS_bet23_to_bet27,395.1503,395.1503,395.1503,0.0000,0.0000,4.000000,4.000000,4.000000,0.000000,0.000000,96.000000,96.000000,96.000000,100.000000,100.000000,5.0,1185.4509,1138.6651,8693.3065,8740.0923,PENDING_AG03,FALSE,NOT_FOR_ENFORCEMENT,9483.6071,484680.3568,9878.7574,9483.6071,395.1503,0.01770420,0.01699603,395.1503,9483.6071,0.01699603,395.1503,395.1503,395.1503,0.0000,0.0000,9483.6071,0.01699603,1185.4509,1138.6651,8693.3065,8740.0923,0.01557970,0.01566354,0.00070817,22.4534,20.6030,0.4031,82.3230,2.6463,4649.9123,204.2083,25.9152,21.1137,12.8578,14.5296,26.176,48.8436,54.2173,102.8621,13.088,0.0,3.731508,7.079487,1.545355,30,207,63,6,0.32204186,0.01770420,-0.00338982,0E-8,0.000000,0.904812,0.002133,0.03111404,2026-03-21,2026-08-06,120,3733,1703,139,0.863309,1.227414,1.154177,1.073473,,,,,,,,GLOBAL_BASELINE_NO_ENTITY_RANKING,,,NOT_APPLICABLE_GLOBAL_BASELINE,HF9g-P5,,,,X 全窗基线 · 不参与实体赏罚,15051901,1506,A168_HF9F_20260827_0900,2026-08-27 09:00:00
2026-04-04,127529701,1994,0,83.7630552575,59.9429364186,59.9429364186,0.8000000,5,5,0.50128862000000000,0.501288620000,1.335882339249048,1.335882339249048,1.335882339249048,0E-17,ELIGIBLE,R03b_20260811_FULL_v1,L1_ELIGIBILITY,v2026-08-11,2026-03-21..2026-08-06,baccarat_bet02_101_all_pairs_incl_sentinel,round_win = game_pnl > 0 (decisive only),COMPATIBILITY_ONLY_NOT_PRODUCTION,557989.4742,504875.3716,9878.7574,24851,24505,-0.01770420,0.00338982,-0.02772422,-0.01770420,-9878.7574,557989.4742,OK,0.0000,395.1503,4.0000,96.0000,AG03-UNRESOLVED,ALL5_LEVELS_bet23_to_bet27,395.1503,395.1503,395.1503,0.0000,0.0000,4.000000,4.000000,4.000000,0.000000,0.000000,96.000000,96.000000,96.000000,100.000000,100.000000,5.0,1185.4509,1138.6651,8693.3065,8740.0923,PENDING_AG03,FALSE,NOT_FOR_ENFORCEMENT,9483.6071,484680.3568,9878.7574,9483.6071,395.1503,0.01770420,0.01699603,395.1503,9483.6071,0.01699603,395.1503,395.1503,395.1503,0.0000,0.0000,9483.6071,0.01699603,1185.4509,1138.6651,8693.3065,8740.0923,0.01557970,0.01566354,0.00070817,22.4534,20.6030,0.4031,82.3230,2.6463,4649.9123,204.2083,25.9152,21.1137,12.8578,14.5296,26.176,48.8436,54.2173,102.8621,13.088,0.0,3.731508,7.079487,1.545355,30,207,63,6,0.32204186,0.01770420,-0.00338982,0E-8,0.000000,0.904812,0.002133,0.03111404,2026-03-21,2026-08-06,120,3733,1703,139,0.863309,1.227414,1.154177,1.073473,,,,,,,,GLOBAL_BASELINE_NO_ENTITY_RANKING,,,NOT_APPLICABLE_GLOBAL_BASELINE,HF9g-P5,,,,X 全窗基线 · 不参与实体赏罚,15051902,1506,A168_HF9F_20260827_0900,2026-08-27 09:00:00
2026-04-04,127529701,2127,0,79.8366620424,-40.5727298904,-40.5727298904,0.2500000,5,5,0.49860758000000000,0.498607580000,-0.9944341760919779,-0.9944341760919779,-0.9944341760919779,0E-17,ELIGIBLE,R03b_20260811_FULL_v1,L1_ELIGIBILITY,v2026-08-11,2026-03-21..2026-08-06,baccarat_bet02_101_all_pairs_incl_sentinel,round_win = game_pnl > 0 (decisive only),COMPATIBILITY_ONLY_NOT_PRODUCTION,557989.4742,504875.3716,9878.7574,24851,24505,-0.01770420,0.00338982,-0.02772422,-0.01770420,-9878.7574,557989.4742,OK,0.0000,395.1503,4.0000,96.0000,AG03-UNRESOLVED,ALL5_LEVELS_bet23_to_bet27,395.1503,395.1503,395.1503,0.0000,0.0000,4.000000,4.000000,4.000000,0.000000,0.000000,96.000000,96.000000,96.000000,100.000000,100.000000,5.0,1185.4509,1138.6651,8693.3065,8740.0923,PENDING_AG03,FALSE,NOT_FOR_ENFORCEMENT,9483.6071,484680.3568,9878.7574,9483.6071,395.1503,0.01770420,0.01699603,395.1503,9483.6071,0.01699603,395.1503,395.1503,395.1503,0.0000,0.0000,9483.6071,0.01699603,1185.4509,1138.6651,8693.3065,8740.0923,0.01557970,0.01566354,0.00070817,22.4534,20.6030,0.4031,82.3230,2.6463,4649.9123,204.2083,25.9152,21.1137,12.8578,14.5296,26.176,48.8436,54.2173,102.8621,13.088,0.0,3.731508,7.079487,1.545355,30,207,63,6,0.32204186,0.01770420,-0.00338982,0E-8,0.000000,0.904812,0.002133,0.03111404,2026-03-21,2026-08-06,120,3733,1703,139,0.863309,1.227414,1.154177,1.073473,,,,,,,,GLOBAL_BASELINE_NO_ENTITY_RANKING,,,NOT_APPLICABLE_GLOBAL_BASELINE,HF9g-P5,,,,X 全窗基线 · 不参与实体赏罚,15051903,1506,A168_HF9F_20260827_0900,2026-08-27 09:00:00
2026-04-04,127529701,2147,0,183.2316833760,44.8917624271,44.8917624271,0.6153846,13,13,0.49943251538461538,0.499432515385,0.8361430226366018,0.8361430226338276,0.8361430226366018,-3.8462E-13,ELIGIBLE,R03b_20260811_FULL_v1,L1_ELIGIBILITY,v2026-08-11,2026-03-21..2026-08-06,baccarat_bet02_101_all_pairs_incl_sentinel,round_win = game_pnl > 0 (decisive only),COMPATIBILITY_ONLY_NOT_PRODUCTION,557989.4742,504875.3716,9878.7574,24851,24505,-0.01770420,0.00338982,-0.02772422,-0.01770420,-9878.7574,557989.4742,OK,0.0000,395.1503,4.0000,96.0000,AG03-UNRESOLVED,ALL5_LEVELS_bet23_to_bet27,395.1503,395.1503,395.1503,0.0000,0.0000,4.000000,4.000000,4.000000,0.000000,0.000000,96.000000,96.000000,96.000000,100.000000,100.000000,5.0,1185.4509,1138.6651,8693.3065,8740.0923,PENDING_AG03,FALSE,NOT_FOR_ENFORCEMENT,9483.6071,484680.3568,9878.7574,9483.6071,395.1503,0.01770420,0.01699603,395.1503,9483.6071,0.01699603,395.1503,395.1503,395.1503,0.0000,0.0000,9483.6071,0.01699603,1185.4509,1138.6651,8693.3065,8740.0923,0.01557970,0.01566354,0.00070817,22.4534,20.6030,0.4031,82.3230,2.6463,4649.9123,204.2083,25.9152,21.1137,12.8578,14.5296,26.176,48.8436,54.2173,102.8621,13.088,0.0,3.731508,7.079487,1.545355,30,207,63,6,0.32204186,0.01770420,-0.00338982,0E-8,0.000000,0.904812,0.002133,0.03111404,2026-03-21,2026-08-06,120,3733,1703,139,0.863309,1.227414,1.154177,1.073473,,,,,,,,GLOBAL_BASELINE_NO_ENTITY_RANKING,,,NOT_APPLICABLE_GLOBAL_BASELINE,HF9g-P5,,,,X 全窗基线 · 不参与实体赏罚,15051904,1506,A168_HF9F_20260827_0900,2026-08-27 09:00:00
2026-04-04,127529701,2174,0,26.9612334110,-26.9612334110,-26.9612334110,0E-7,2,2,0.50665070000000000,0.506650700000,-1.4331513700195317,-1.4331513700195317,-1.4331513700195317,0E-17,ELIGIBLE,R03b_20260811_FULL_v1,L1_ELIGIBILITY,v2026-08-11,2026-03-21..2026-08-06,baccarat_bet02_101_all_pairs_incl_sentinel,round_win = game_pnl > 0 (decisive only),COMPATIBILITY_ONLY_NOT_PRODUCTION,557989.4742,504875.3716,9878.7574,24851,24505,-0.01770420,0.00338982,-0.02772422,-0.01770420,-9878.7574,557989.4742,OK,0.0000,395.1503,4.0000,96.0000,AG03-UNRESOLVED,ALL5_LEVELS_bet23_to_bet27,395.1503,395.1503,395.1503,0.0000,0.0000,4.000000,4.000000,4.000000,0.000000,0.000000,96.000000,96.000000,96.000000,100.000000,100.000000,5.0,1185.4509,1138.6651,8693.3065,8740.0923,PENDING_AG03,FALSE,NOT_FOR_ENFORCEMENT,9483.6071,484680.3568,9878.7574,9483.6071,395.1503,0.01770420,0.01699603,395.1503,9483.6071,0.01699603,395.1503,395.1503,395.1503,0.0000,0.0000,9483.6071,0.01699603,1185.4509,1138.6651,8693.3065,8740.0923,0.01557970,0.01566354,0.00070817,22.4534,20.6030,0.4031,82.3230,2.6463,4649.9123,204.2083,25.9152,21.1137,12.8578,14.5296,26.176,48.8436,54.2173,102.8621,13.088,0.0,3.731508,7.079487,1.545355,30,207,63,6,0.32204186,0.01770420,-0.00338982,0E-8,0.000000,0.904812,0.002133,0.03111404,2026-03-21,2026-08-06,120,3733,1703,139,0.863309,1.227414,1.154177,1.073473,,,,,,,,GLOBAL_BASELINE_NO_ENTITY_RANKING,,,NOT_APPLICABLE_GLOBAL_BASELINE,HF9g-P5,,,,X 全窗基线 · 不参与实体赏罚,15051905,1506,A168_HF9F_20260827_0900,2026-08-27 09:00:00
2026-04-04,127529701,2196,0,181.9228856375,6.7403083528,6.7403083528,0.6666667,12,12,0.49994810000000000,0.499948100000,1.1550601183494658,1.1550601183494658,1.1550601183494658,0E-17,ELIGIBLE,R03b_20260811_FULL_v1,L1_ELIGIBILITY,v2026-08-11,2026-03-21..2026-08-06,baccarat_bet02_101_all_pairs_incl_sentinel,round_win = game_pnl > 0 (decisive only),COMPATIBILITY_ONLY_NOT_PRODUCTION,557989.4742,504875.3716,9878.7574,24851,24505,-0.01770420,0.00338982,-0.02772422,-0.01770420,-9878.7574,557989.4742,OK,0.0000,395.1503,4.0000,96.0000,AG03-UNRESOLVED,ALL5_LEVELS_bet23_to_bet27,395.1503,395.1503,395.1503,0.0000,0.0000,4.000000,4.000000,4.000000,0.000000,0.000000,96.000000,96.000000,96.000000,100.000000,100.000000,5.0,1185.4509,1138.6651,8693.3065,8740.0923,PENDING_AG03,FALSE,NOT_FOR_ENFORCEMENT,9483.6071,484680.3568,9878.7574,9483.6071,395.1503,0.01770420,0.01699603,395.1503,9483.6071,0.01699603,395.1503,395.1503,395.1503,0.0000,0.0000,9483.6071,0.01699603,1185.4509,1138.6651,8693.3065,8740.0923,0.01557970,0.01566354,0.00070817,22.4534,20.6030,0.4031,82.3230,2.6463,4649.9123,204.2083,25.9152,21.1137,12.8578,14.5296,26.176,48.8436,54.2173,102.8621,13.088,0.0,3.731508,7.079487,1.545355,30,207,63,6,0.32204186,0.01770420,-0.00338982,0E-8,0.000000,0.904812,0.002133,0.03111404,2026-03-21,2026-08-06,120,3733,1703,139,0.863309,1.227414,1.154177,1.073473,,,,,,,,GLOBAL_BASELINE_NO_ENTITY_RANKING,,,NOT_APPLICABLE_GLOBAL_BASELINE,HF9g-P5,,,,X 全窗基线 · 不参与实体赏罚,15051906,1506,A168_HF9F_20260827_0900,2026-08-27 09:00:00
2026-04-04,127529701,2205,0,330.3405491718,65.4660628748,65.4660628748,0.6923077,16,16,0.49743462500000000,0.497434625000,1.4052681694494986,1.4052681694494986,1.4052681694494986,0E-17,ELIGIBLE,R03b_20260811_FULL_v1,L1_ELIGIBILITY,v2026-08-11,2026-03-21..2026-08-06,baccarat_bet02_101_all_pairs_incl_sentinel,round_win = game_pnl > 0 (decisive only),COMPATIBILITY_ONLY_NOT_PRODUCTION,557989.4742,504875.3716,9878.7574,24851,24505,-0.01770420,0.00338982,-0.02772422,-0.01770420,-9878.7574,557989.4742,OK,0.0000,395.1503,4.0000,96.0000,AG03-UNRESOLVED,ALL5_LEVELS_bet23_to_bet27,395.1503,395.1503,395.1503,0.0000,0.0000,4.000000,4.000000,4.000000,0.000000,0.000000,96.000000,96.000000,96.000000,100.000000,100.000000,5.0,1185.4509,1138.6651,8693.3065,8740.0923,PENDING_AG03,FALSE,NOT_FOR_ENFORCEMENT,9483.6071,484680.3568,9878.7574,9483.6071,395.1503,0.01770420,0.01699603,395.1503,9483.6071,0.01699603,395.1503,395.1503,395.1503,0.0000,0.0000,9483.6071,0.01699603,1185.4509,1138.6651,8693.3065,8740.0923,0.01557970,0.01566354,0.00070817,22.4534,20.6030,0.4031,82.3230,2.6463,4649.9123,204.2083,25.9152,21.1137,12.8578,14.5296,26.176,48.8436,54.2173,102.8621,13.088,0.0,3.731508,7.079487,1.545355,30,207,63,6,0.32204186,0.01770420,-0.00338982,0E-8,0.000000,0.904812,0.002133,0.03111404,2026-03-21,2026-08-06,120,3733,1703,139,0.863309,1.227414,1.154177,1.073473,,,,,,,,GLOBAL_BASELINE_NO_ENTITY_RANKING,,,NOT_APPLICABLE_GLOBAL_BASELINE,HF9g-P5,,,,X 全窗基线 · 不参与实体赏罚,15051907,1506,A168_HF9F_20260827_0900,2026-08-27 09:00:00
2026-04-04,127529701,2216,0,39.2639321520,11.7791796456,11.7791796456,0.5000000,2,2,0.49994810000000000,0.499948100000,0.00014679536856514622,0.00014679536856514622,0.00014679536856514622,0E-17,ELIGIBLE,R03b_20260811_FULL_v1,L1_ELIGIBILITY,v2026-08-11,2026-03-21..2026-08-06,baccarat_bet02_101_all_pairs_incl_sentinel,round_win = game_pnl > 0 (decisive only),COMPATIBILITY_ONLY_NOT_PRODUCTION,557989.4742,504875.3716,9878.7574,24851,24505,-0.01770420,0.00338982,-0.02772422,-0.01770420,-9878.7574,557989.4742,OK,0.0000,395.1503,4.0000,96.0000,AG03-UNRESOLVED,ALL5_LEVELS_bet23_to_bet27,395.1503,395.1503,395.1503,0.0000,0.0000,4.000000,4.000000,4.000000,0.000000,0.000000,96.000000,96.000000,96.000000,100.000000,100.000000,5.0,1185.4509,1138.6651,8693.3065,8740.0923,PENDING_AG03,FALSE,NOT_FOR_ENFORCEMENT,9483.6071,484680.3568,9878.7574,9483.6071,395.1503,0.01770420,0.01699603,395.1503,9483.6071,0.01699603,395.1503,395.1503,395.1503,0.0000,0.0000,9483.6071,0.01699603,1185.4509,1138.6651,8693.3065,8740.0923,0.01557970,0.01566354,0.00070817,22.4534,20.6030,0.4031,82.3230,2.6463,4649.9123,204.2083,25.9152,21.1137,12.8578,14.5296,26.176,48.8436,54.2173,102.8621,13.088,0.0,3.731508,7.079487,1.545355,30,207,63,6,0.32204186,0.01770420,-0.00338982,0E-8,0.000000,0.904812,0.002133,0.03111404,2026-03-21,2026-08-06,120,3733,1703,139,0.863309,1.227414,1.154177,1.073473,,,,,,,,GLOBAL_BASELINE_NO_ENTITY_RANKING,,,NOT_APPLICABLE_GLOBAL_BASELINE,HF9g-P5,,,,X 全窗基线 · 不参与实体赏罚,15051908,1506,A168_HF9F_20260827_0900,2026-08-27 09:00:00
2026-04-04,127529701,2246,0,177.4729733268,-68.1883621704,-68.1883621704,0.4000000,11,11,0.50055742727272727,0.500557427273,-0.6359814068880811,-0.6359814068898065,-0.6359814068880811,-2.7273E-13,ELIGIBLE,R03b_20260811_FULL_v1,L1_ELIGIBILITY,v2026-08-11,2026-03-21..2026-08-06,baccarat_bet02_101_all_pairs_incl_sentinel,round_win = game_pnl > 0 (decisive only),COMPATIBILITY_ONLY_NOT_PRODUCTION,557989.4742,504875.3716,9878.7574,24851,24505,-0.01770420,0.00338982,-0.02772422,-0.01770420,-9878.7574,557989.4742,OK,0.0000,395.1503,4.0000,96.0000,AG03-UNRESOLVED,ALL5_LEVELS_bet23_to_bet27,395.1503,395.1503,395.1503,0.0000,0.0000,4.000000,4.000000,4.000000,0.000000,0.000000,96.000000,96.000000,96.000000,100.000000,100.000000,5.0,1185.4509,1138.6651,8693.3065,8740.0923,PENDING_AG03,FALSE,NOT_FOR_ENFORCEMENT,9483.6071,484680.3568,9878.7574,9483.6071,395.1503,0.01770420,0.01699603,395.1503,9483.6071,0.01699603,395.1503,395.1503,395.1503,0.0000,0.0000,9483.6071,0.01699603,1185.4509,1138.6651,8693.3065,8740.0923,0.01557970,0.01566354,0.00070817,22.4534,20.6030,0.4031,82.3230,2.6463,4649.9123,204.2083,25.9152,21.1137,12.8578,14.5296,26.176,48.8436,54.2173,102.8621,13.088,0.0,3.731508,7.079487,1.545355,30,207,63,6,0.32204186,0.01770420,-0.00338982,0E-8,0.000000,0.904812,0.002133,0.03111404,2026-03-21,2026-08-06,120,3733,1703,139,0.863309,1.227414,1.154177,1.073473,,,,,,,,GLOBAL_BASELINE_NO_ENTITY_RANKING,,,NOT_APPLICABLE_GLOBAL_BASELINE,HF9g-P5,,,,X 全窗基线 · 不参与实体赏罚,15051909,1506,A168_HF9F_20260827_0900,2026-08-27 09:00:00
2026-04-04,127529701,970,0,26.1759547680,0E-10,0E-10,0.5000000,2,2,0.49324550000000000,0.493245500000,0.01910635448239258,0.01910635448239258,0.01910635448239258,0E-17,ELIGIBLE,R03b_20260811_FULL_v1,L1_ELIGIBILITY,v2026-08-11,2026-03-21..2026-08-06,baccarat_bet02_101_all_pairs_incl_sentinel,round_win = game_pnl > 0 (decisive only),COMPATIBILITY_ONLY_NOT_PRODUCTION,557989.4742,504875.3716,9878.7574,24851,24505,-0.01770420,0.00338982,-0.02772422,-0.01770420,-9878.7574,557989.4742,OK,0.0000,395.1503,4.0000,96.0000,AG03-UNRESOLVED,ALL5_LEVELS_bet23_to_bet27,395.1503,395.1503,395.1503,0.0000,0.0000,4.000000,4.000000,4.000000,0.000000,0.000000,96.000000,96.000000,96.000000,100.000000,100.000000,5.0,1185.4509,1138.6651,8693.3065,8740.0923,PENDING_AG03,FALSE,NOT_FOR_ENFORCEMENT,9483.6071,484680.3568,9878.7574,9483.6071,395.1503,0.01770420,0.01699603,395.1503,9483.6071,0.01699603,395.1503,395.1503,395.1503,0.0000,0.0000,9483.6071,0.01699603,1185.4509,1138.6651,8693.3065,8740.0923,0.01557970,0.01566354,0.00070817,22.4534,20.6030,0.4031,82.3230,2.6463,4649.9123,204.2083,25.9152,21.1137,12.8578,14.5296,26.176,48.8436,54.2173,102.8621,13.088,0.0,3.731508,7.079487,1.545355,30,207,63,6,0.32204186,0.01770420,-0.00338982,0E-8,0.000000,0.904812,0.002133,0.03111404,2026-03-21,2026-08-06,120,3733,1703,139,0.863309,1.227414,1.154177,1.073473,,,,,,,,GLOBAL_BASELINE_NO_ENTITY_RANKING,,,NOT_APPLICABLE_GLOBAL_BASELINE,HF9g-P5,,,,X 全窗基线 · 不参与实体赏罚,15051910,1506,A168_HF9F_20260827_0900,2026-08-27 09:00:00
2026-04-05,127529701,-1,1,136.9002434366,45.5461612963,45.5461612963,0.6666667,11,11,0.50055742727272727,0.500557427273,0.9966560557360625,0.9966560557344265,0.9966560557360625,-2.7273E-13,SENTINEL_DEALER,R03b_20260811_FULL_v1,L1_ELIGIBILITY,v2026-08-11,2026-03-21..2026-08-06,baccarat_bet02_101_all_pairs_incl_sentinel,round_win = game_pnl > 0 (decisive only),COMPATIBILITY_ONLY_NOT_PRODUCTION,557989.4742,504875.3716,9878.7574,24851,24505,-0.01770420,0.00338982,-0.02772422,-0.01770420,-9878.7574,557989.4742,OK,0.0000,395.1503,4.0000,96.0000,AG03-UNRESOLVED,ALL5_LEVELS_bet23_to_bet27,395.1503,395.1503,395.1503,0.0000,0.0000,4.000000,4.000000,4.000000,0.000000,0.000000,96.000000,96.000000,96.000000,100.000000,100.000000,5.0,1185.4509,1138.6651,8693.3065,8740.0923,PENDING_AG03,FALSE,NOT_FOR_ENFORCEMENT,9483.6071,484680.3568,9878.7574,9483.6071,395.1503,0.01770420,0.01699603,395.1503,9483.6071,0.01699603,395.1503,395.1503,395.1503,0.0000,0.0000,9483.6071,0.01699603,1185.4509,1138.6651,8693.3065,8740.0923,0.01557970,0.01566354,0.00070817,22.4534,20.6030,0.4031,82.3230,2.6463,4649.9123,204.2083,25.9152,21.1137,12.8578,14.5296,26.176,48.8436,54.2173,102.8621,13.088,0.0,3.731508,7.079487,1.545355,30,207,63,6,0.32204186,0.01770420,-0.00338982,0E-8,0.000000,0.904812,0.002133,0.03111404,2026-03-21,2026-08-06,120,3733,1703,139,0.863309,1.227414,1.154177,1.073473,,,,,,,,GLOBAL_BASELINE_NO_ENTITY_RANKING,,,NOT_APPLICABLE_GLOBAL_BASELINE,HF9g-P5,,,,X 全窗基线 · 不参与实体赏罚,15051911,1506,A168_HF9F_20260827_0900,2026-08-27 09:00:00
2026-04-05,127529701,1210,0,103.6567808811,-78.1352249823,-78.1352249823,0.2000000,5,5,0.50128862000000000,0.501288620000,-1.347408145195933,-1.347408145195933,-1.347408145195933,0E-17,ELIGIBLE,R03b_20260811_FULL_v1,L1_ELIGIBILITY,v2026-08-11,2026-03-21..2026-08-06,baccarat_bet02_101_all_pairs_incl_sentinel,round_win = game_pnl > 0 (decisive only),COMPATIBILITY_ONLY_NOT_PRODUCTION,557989.4742,504875.3716,9878.7574,24851,24505,-0.01770420,0.00338982,-0.02772422,-0.01770420,-9878.7574,557989.4742,OK,0.0000,395.1503,4.0000,96.0000,AG03-UNRESOLVED,ALL5_LEVELS_bet23_to_bet27,395.1503,395.1503,395.1503,0.0000,0.0000,4.000000,4.000000,4.000000,0.000000,0.000000,96.000000,96.000000,96.000000,100.000000,100.000000,5.0,1185.4509,1138.6651,8693.3065,8740.0923,PENDING_AG03,FALSE,NOT_FOR_ENFORCEMENT,9483.6071,484680.3568,9878.7574,9483.6071,395.1503,0.01770420,0.01699603,395.1503,9483.6071,0.01699603,395.1503,395.1503,395.1503,0.0000,0.0000,9483.6071,0.01699603,1185.4509,1138.6651,8693.3065,8740.0923,0.01557970,0.01566354,0.00070817,22.4534,20.6030,0.4031,82.3230,2.6463,4649.9123,204.2083,25.9152,21.1137,12.8578,14.5296,26.176,48.8436,54.2173,102.8621,13.088,0.0,3.731508,7.079487,1.545355,30,207,63,6,0.32204186,0.01770420,-0.00338982,0E-8,0.000000,0.904812,0.002133,0.03111404,2026-03-21,2026-08-06,120,3733,1703,139,0.863309,1.227414,1.154177,1.073473,,,,,,,,GLOBAL_BASELINE_NO_ENTITY_RANKING,,,NOT_APPLICABLE_GLOBAL_BASELINE,HF9g-P5,,,,X 全窗基线 · 不参与实体赏罚,15051912,1506,A168_HF9F_20260827_0900,2026-08-27 09:00:00
2026-04-05,127529701,1384,0,108.6302122871,-9.0961442820,-9.0961442820,0.4285714,7,7,0.49899058571428571,0.498990585714,-0.3726239140161595,-0.3726239140146481,-0.3726239140161595,2.8571E-13,ELIGIBLE,R03b_20260811_FULL_v1,L1_ELIGIBILITY,v2026-08-11,2026-03-21..2026-08-06,baccarat_bet02_101_all_pairs_incl_sentinel,round_win = game_pnl > 0 (decisive only),COMPATIBILITY_ONLY_NOT_PRODUCTION,557989.4742,504875.3716,9878.7574,24851,24505,-0.01770420,0.00338982,-0.02772422,-0.01770420,-9878.7574,557989.4742,OK,0.0000,395.1503,4.0000,96.0000,AG03-UNRESOLVED,ALL5_LEVELS_bet23_to_bet27,395.1503,395.1503,395.1503,0.0000,0.0000,4.000000,4.000000,4.000000,0.000000,0.000000,96.000000,96.000000,96.000000,100.000000,100.000000,5.0,1185.4509,1138.6651,8693.3065,8740.0923,PENDING_AG03,FALSE,NOT_FOR_ENFORCEMENT,9483.6071,484680.3568,9878.7574,9483.6071,395.1503,0.01770420,0.01699603,395.1503,9483.6071,0.01699603,395.1503,395.1503,395.1503,0.0000,0.0000,9483.6071,0.01699603,1185.4509,1138.6651,8693.3065,8740.0923,0.01557970,0.01566354,0.00070817,22.4534,20.6030,0.4031,82.3230,2.6463,4649.9123,204.2083,25.9152,21.1137,12.8578,14.5296,26.176,48.8436,54.2173,102.8621,13.088,0.0,3.731508,7.079487,1.545355,30,207,63,6,0.32204186,0.01770420,-0.00338982,0E-8,0.000000,0.904812,0.002133,0.03111404,2026-03-21,2026-08-06,120,3733,1703,139,0.863309,1.227414,1.154177,1.073473,,,,,,,,GLOBAL_BASELINE_NO_ENTITY_RANKING,,,NOT_APPLICABLE_GLOBAL_BASELINE,HF9g-P5,,,,X 全窗基线 · 不参与实体赏罚,15051913,1506,A168_HF9F_20260827_0900,2026-08-27 09:00:00
2026-04-05,127529701,1399,0,103.1332617859,12.3681386279,12.3681386279,0.5714286,7,7,0.50090561428571429,0.500905614286,0.3731730247484194,0.373173024746908,0.3731730247484194,-2.8571E-13,ELIGIBLE,R03b_20260811_FULL_v1,L1_ELIGIBILITY,v2026-08-11,2026-03-21..2026-08-06,baccarat_bet02_101_all_pairs_incl_sentinel,round_win = game_pnl > 0 (decisive only),COMPATIBILITY_ONLY_NOT_PRODUCTION,557989.4742,504875.3716,9878.7574,24851,24505,-0.01770420,0.00338982,-0.02772422,-0.01770420,-9878.7574,557989.4742,OK,0.0000,395.1503,4.0000,96.0000,AG03-UNRESOLVED,ALL5_LEVELS_bet23_to_bet27,395.1503,395.1503,395.1503,0.0000,0.0000,4.000000,4.000000,4.000000,0.000000,0.000000,96.000000,96.000000,96.000000,100.000000,100.000000,5.0,1185.4509,1138.6651,8693.3065,8740.0923,PENDING_AG03,FALSE,NOT_FOR_ENFORCEMENT,9483.6071,484680.3568,9878.7574,9483.6071,395.1503,0.01770420,0.01699603,395.1503,9483.6071,0.01699603,395.1503,395.1503,395.1503,0.0000,0.0000,9483.6071,0.01699603,1185.4509,1138.6651,8693.3065,8740.0923,0.01557970,0.01566354,0.00070817,22.4534,20.6030,0.4031,82.3230,2.6463,4649.9123,204.2083,25.9152,21.1137,12.8578,14.5296,26.176,48.8436,54.2173,102.8621,13.088,0.0,3.731508,7.079487,1.545355,30,207,63,6,0.32204186,0.01770420,-0.00338982,0E-8,0.000000,0.904812,0.002133,0.03111404,2026-03-21,2026-08-06,120,3733,1703,139,0.863309,1.227414,1.154177,1.073473,,,,,,,,GLOBAL_BASELINE_NO_ENTITY_RANKING,,,NOT_APPLICABLE_GLOBAL_BASELINE,HF9g-P5,,,,X 全窗基线 · 不参与实体赏罚,15051914,1506,A168_HF9F_20260827_0900,2026-08-27 09:00:00
2026-04-05,127529701,1401,0,309.6615449049,78.3969845300,78.3969845300,0.5833333,14,14,0.50186312857142857,0.501863128571,0.5644460544807971,0.5644460544837646,0.5644460544807971,4.2857E-13,ELIGIBLE,R03b_20260811_FULL_v1,L1_ELIGIBILITY,v2026-08-11,2026-03-21..2026-08-06,baccarat_bet02_101_all_pairs_incl_sentinel,round_win = game_pnl > 0 (decisive only),COMPATIBILITY_ONLY_NOT_PRODUCTION,557989.4742,504875.3716,9878.7574,24851,24505,-0.01770420,0.00338982,-0.02772422,-0.01770420,-9878.7574,557989.4742,OK,0.0000,395.1503,4.0000,96.0000,AG03-UNRESOLVED,ALL5_LEVELS_bet23_to_bet27,395.1503,395.1503,395.1503,0.0000,0.0000,4.000000,4.000000,4.000000,0.000000,0.000000,96.000000,96.000000,96.000000,100.000000,100.000000,5.0,1185.4509,1138.6651,8693.3065,8740.0923,PENDING_AG03,FALSE,NOT_FOR_ENFORCEMENT,9483.6071,484680.3568,9878.7574,9483.6071,395.1503,0.01770420,0.01699603,395.1503,9483.6071,0.01699603,395.1503,395.1503,395.1503,0.0000,0.0000,9483.6071,0.01699603,1185.4509,1138.6651,8693.3065,8740.0923,0.01557970,0.01566354,0.00070817,22.4534,20.6030,0.4031,82.3230,2.6463,4649.9123,204.2083,25.9152,21.1137,12.8578,14.5296,26.176,48.8436,54.2173,102.8621,13.088,0.0,3.731508,7.079487,1.545355,30,207,63,6,0.32204186,0.01770420,-0.00338982,0E-8,0.000000,0.904812,0.002133,0.03111404,2026-03-21,2026-08-06,120,3733,1703,139,0.863309,1.227414,1.154177,1.073473,,,,,,,,GLOBAL_BASELINE_NO_ENTITY_RANKING,,,NOT_APPLICABLE_GLOBAL_BASELINE,HF9g-P5,,,,X 全窗基线 · 不参与实体赏罚,15051915,1506,A168_HF9F_20260827_0900,2026-08-27 09:00:00
2026-04-05,127529701,1507,0,255.7390780831,83.7630552576,83.7630552576,0.5714286,15,15,0.47113772000000000,0.471137720000,0.7517615368859356,0.7517615368859356,0.7517615368859356,0E-17,ELIGIBLE,R03b_20260811_FULL_v1,L1_ELIGIBILITY,v2026-08-11,2026-03-21..2026-08-06,baccarat_bet02_101_all_pairs_incl_sentinel,round_win = game_pnl > 0 (decisive only),COMPATIBILITY_ONLY_NOT_PRODUCTION,557989.4742,504875.3716,9878.7574,24851,24505,-0.01770420,0.00338982,-0.02772422,-0.01770420,-9878.7574,557989.4742,OK,0.0000,395.1503,4.0000,96.0000,AG03-UNRESOLVED,ALL5_LEVELS_bet23_to_bet27,395.1503,395.1503,395.1503,0.0000,0.0000,4.000000,4.000000,4.000000,0.000000,0.000000,96.000000,96.000000,96.000000,100.000000,100.000000,5.0,1185.4509,1138.6651,8693.3065,8740.0923,PENDING_AG03,FALSE,NOT_FOR_ENFORCEMENT,9483.6071,484680.3568,9878.7574,9483.6071,395.1503,0.01770420,0.01699603,395.1503,9483.6071,0.01699603,395.1503,395.1503,395.1503,0.0000,0.0000,9483.6071,0.01699603,1185.4509,1138.6651,8693.3065,8740.0923,0.01557970,0.01566354,0.00070817,22.4534,20.6030,0.4031,82.3230,2.6463,4649.9123,204.2083,25.9152,21.1137,12.8578,14.5296,26.176,48.8436,54.2173,102.8621,13.088,0.0,3.731508,7.079487,1.545355,30,207,63,6,0.32204186,0.01770420,-0.00338982,0E-8,0.000000,0.904812,0.002133,0.03111404,2026-03-21,2026-08-06,120,3733,1703,139,0.863309,1.227414,1.154177,1.073473,,,,,,,,GLOBAL_BASELINE_NO_ENTITY_RANKING,,,NOT_APPLICABLE_GLOBAL_BASELINE,HF9g-P5,,,,X 全窗基线 · 不参与实体赏罚,15051916,1506,A168_HF9F_20260827_0900,2026-08-27 09:00:00
2026-04-05,127529701,1623,0,175.3788969453,-5.2351909537,-5.2351909537,0.3333333,5,5,0.49860758000000000,0.498607580000,-0.5725290048997589,-0.5725290048997589,-0.5725290048997589,0E-17,ELIGIBLE,R03b_20260811_FULL_v1,L1_ELIGIBILITY,v2026-08-11,2026-03-21..2026-08-06,baccarat_bet02_101_all_pairs_incl_sentinel,round_win = game_pnl > 0 (decisive only),COMPATIBILITY_ONLY_NOT_PRODUCTION,557989.4742,504875.3716,9878.7574,24851,24505,-0.01770420,0.00338982,-0.02772422,-0.01770420,-9878.7574,557989.4742,OK,0.0000,395.1503,4.0000,96.0000,AG03-UNRESOLVED,ALL5_LEVELS_bet23_to_bet27,395.1503,395.1503,395.1503,0.0000,0.0000,4.000000,4.000000,4.000000,0.000000,0.000000,96.000000,96.000000,96.000000,100.000000,100.000000,5.0,1185.4509,1138.6651,8693.3065,8740.0923,PENDING_AG03,FALSE,NOT_FOR_ENFORCEMENT,9483.6071,484680.3568,9878.7574,9483.6071,395.1503,0.01770420,0.01699603,395.1503,9483.6071,0.01699603,395.1503,395.1503,395.1503,0.0000,0.0000,9483.6071,0.01699603,1185.4509,1138.6651,8693.3065,8740.0923,0.01557970,0.01566354,0.00070817,22.4534,20.6030,0.4031,82.3230,2.6463,4649.9123,204.2083,25.9152,21.1137,12.8578,14.5296,26.176,48.8436,54.2173,102.8621,13.088,0.0,3.731508,7.079487,1.545355,30,207,63,6,0.32204186,0.01770420,-0.00338982,0E-8,0.000000,0.904812,0.002133,0.03111404,2026-03-21,2026-08-06,120,3733,1703,139,0.863309,1.227414,1.154177,1.073473,,,,,,,,GLOBAL_BASELINE_NO_ENTITY_RANKING,,,NOT_APPLICABLE_GLOBAL_BASELINE,HF9g-P5,,,,X 全窗基线 · 不参与实体赏罚,15051917,1506,A168_HF9F_20260827_0900,2026-08-27 09:00:00
2026-04-05,127529701,1646,0,36.1228175798,-36.1228175798,-36.1228175798,0E-7,2,2,0.49324550000000000,0.493245500000,-1.3952362676504506,-1.3952362676504506,-1.3952362676504506,0E-17,ELIGIBLE,R03b_20260811_FULL_v1,L1_ELIGIBILITY,v2026-08-11,2026-03-21..2026-08-06,baccarat_bet02_101_all_pairs_incl_sentinel,round_win = game_pnl > 0 (decisive only),COMPATIBILITY_ONLY_NOT_PRODUCTION,557989.4742,504875.3716,9878.7574,24851,24505,-0.01770420,0.00338982,-0.02772422,-0.01770420,-9878.7574,557989.4742,OK,0.0000,395.1503,4.0000,96.0000,AG03-UNRESOLVED,ALL5_LEVELS_bet23_to_bet27,395.1503,395.1503,395.1503,0.0000,0.0000,4.000000,4.000000,4.000000,0.000000,0.000000,96.000000,96.000000,96.000000,100.000000,100.000000,5.0,1185.4509,1138.6651,8693.3065,8740.0923,PENDING_AG03,FALSE,NOT_FOR_ENFORCEMENT,9483.6071,484680.3568,9878.7574,9483.6071,395.1503,0.01770420,0.01699603,395.1503,9483.6071,0.01699603,395.1503,395.1503,395.1503,0.0000,0.0000,9483.6071,0.01699603,1185.4509,1138.6651,8693.3065,8740.0923,0.01557970,0.01566354,0.00070817,22.4534,20.6030,0.4031,82.3230,2.6463,4649.9123,204.2083,25.9152,21.1137,12.8578,14.5296,26.176,48.8436,54.2173,102.8621,13.088,0.0,3.731508,7.079487,1.545355,30,207,63,6,0.32204186,0.01770420,-0.00338982,0E-8,0.000000,0.904812,0.002133,0.03111404,2026-03-21,2026-08-06,120,3733,1703,139,0.863309,1.227414,1.154177,1.073473,,,,,,,,GLOBAL_BASELINE_NO_ENTITY_RANKING,,,NOT_APPLICABLE_GLOBAL_BASELINE,HF9g-P5,,,,X 全窗基线 · 不参与实体赏罚,15051918,1506,A168_HF9F_20260827_0900,2026-08-27 09:00:00
2026-04-05,127529701,1702,0,133.4973693166,-31.4111457216,-31.4111457216,0.1666667,6,6,0.50441650000000000,0.504416500000,-1.6546940571906357,-1.6546940571906357,-1.6546940571906357,0E-17,ELIGIBLE,R03b_20260811_FULL_v1,L1_ELIGIBILITY,v2026-08-11,2026-03-21..2026-08-06,baccarat_bet02_101_all_pairs_incl_sentinel,round_win = game_pnl > 0 (decisive only),COMPATIBILITY_ONLY_NOT_PRODUCTION,557989.4742,504875.3716,9878.7574,24851,24505,-0.01770420,0.00338982,-0.02772422,-0.01770420,-9878.7574,557989.4742,OK,0.0000,395.1503,4.0000,96.0000,AG03-UNRESOLVED,ALL5_LEVELS_bet23_to_bet27,395.1503,395.1503,395.1503,0.0000,0.0000,4.000000,4.000000,4.000000,0.000000,0.000000,96.000000,96.000000,96.000000,100.000000,100.000000,5.0,1185.4509,1138.6651,8693.3065,8740.0923,PENDING_AG03,FALSE,NOT_FOR_ENFORCEMENT,9483.6071,484680.3568,9878.7574,9483.6071,395.1503,0.01770420,0.01699603,395.1503,9483.6071,0.01699603,395.1503,395.1503,395.1503,0.0000,0.0000,9483.6071,0.01699603,1185.4509,1138.6651,8693.3065,8740.0923,0.01557970,0.01566354,0.00070817,22.4534,20.6030,0.4031,82.3230,2.6463,4649.9123,204.2083,25.9152,21.1137,12.8578,14.5296,26.176,48.8436,54.2173,102.8621,13.088,0.0,3.731508,7.079487,1.545355,30,207,63,6,0.32204186,0.01770420,-0.00338982,0E-8,0.000000,0.904812,0.002133,0.03111404,2026-03-21,2026-08-06,120,3733,1703,139,0.863309,1.227414,1.154177,1.073473,,,,,,,,GLOBAL_BASELINE_NO_ENTITY_RANKING,,,NOT_APPLICABLE_GLOBAL_BASELINE,HF9g-P5,,,,X 全窗基线 · 不参与实体赏罚,15051919,1506,A168_HF9F_20260827_0900,2026-08-27 09:00:00
2026-04-05,127529701,1940,0,93.4481585217,44.8917624270,44.8917624270,0.7500000,6,4,0.47005187500000000,0.430190241667,1.1218065826744945,1.2918928310123676,1.1218065826744945,0.03986163333300000,ELIGIBLE,R03b_20260811_FULL_v1,L1_ELIGIBILITY,v2026-08-11,2026-03-21..2026-08-06,baccarat_bet02_101_all_pairs_incl_sentinel,round_win = game_pnl > 0 (decisive only),COMPATIBILITY_ONLY_NOT_PRODUCTION,557989.4742,504875.3716,9878.7574,24851,24505,-0.01770420,0.00338982,-0.02772422,-0.01770420,-9878.7574,557989.4742,OK,0.0000,395.1503,4.0000,96.0000,AG03-UNRESOLVED,ALL5_LEVELS_bet23_to_bet27,395.1503,395.1503,395.1503,0.0000,0.0000,4.000000,4.000000,4.000000,0.000000,0.000000,96.000000,96.000000,96.000000,100.000000,100.000000,5.0,1185.4509,1138.6651,8693.3065,8740.0923,PENDING_AG03,FALSE,NOT_FOR_ENFORCEMENT,9483.6071,484680.3568,9878.7574,9483.6071,395.1503,0.01770420,0.01699603,395.1503,9483.6071,0.01699603,395.1503,395.1503,395.1503,0.0000,0.0000,9483.6071,0.01699603,1185.4509,1138.6651,8693.3065,8740.0923,0.01557970,0.01566354,0.00070817,22.4534,20.6030,0.4031,82.3230,2.6463,4649.9123,204.2083,25.9152,21.1137,12.8578,14.5296,26.176,48.8436,54.2173,102.8621,13.088,0.0,3.731508,7.079487,1.545355,30,207,63,6,0.32204186,0.01770420,-0.00338982,0E-8,0.000000,0.904812,0.002133,0.03111404,2026-03-21,2026-08-06,120,3733,1703,139,0.863309,1.227414,1.154177,1.073473,,,,,,,,GLOBAL_BASELINE_NO_ENTITY_RANKING,,,NOT_APPLICABLE_GLOBAL_BASELINE,HF9g-P5,,,,X 全窗基线 · 不参与实体赏罚,15051920,1506,A168_HF9F_20260827_0900,2026-08-27 09:00:00
2026-04-05,127529701,2089,0,115.9594796222,-52.2210297622,-52.2210297622,0.4000000,7,5,0.45675286500000000,0.442801293333,-0.25476128470765336,-0.1926781218461784,-0.25476128470765336,0.01395157166700000,ELIGIBLE,R03b_20260811_FULL_v1,L1_ELIGIBILITY,v2026-08-11,2026-03-21..2026-08-06,baccarat_bet02_101_all_pairs_incl_sentinel,round_win = game_pnl > 0 (decisive only),COMPATIBILITY_ONLY_NOT_PRODUCTION,557989.4742,504875.3716,9878.7574,24851,24505,-0.01770420,0.00338982,-0.02772422,-0.01770420,-9878.7574,557989.4742,OK,0.0000,395.1503,4.0000,96.0000,AG03-UNRESOLVED,ALL5_LEVELS_bet23_to_bet27,395.1503,395.1503,395.1503,0.0000,0.0000,4.000000,4.000000,4.000000,0.000000,0.000000,96.000000,96.000000,96.000000,100.000000,100.000000,5.0,1185.4509,1138.6651,8693.3065,8740.0923,PENDING_AG03,FALSE,NOT_FOR_ENFORCEMENT,9483.6071,484680.3568,9878.7574,9483.6071,395.1503,0.01770420,0.01699603,395.1503,9483.6071,0.01699603,395.1503,395.1503,395.1503,0.0000,0.0000,9483.6071,0.01699603,1185.4509,1138.6651,8693.3065,8740.0923,0.01557970,0.01566354,0.00070817,22.4534,20.6030,0.4031,82.3230,2.6463,4649.9123,204.2083,25.9152,21.1137,12.8578,14.5296,26.176,48.8436,54.2173,102.8621,13.088,0.0,3.731508,7.079487,1.545355,30,207,63,6,0.32204186,0.01770420,-0.00338982,0E-8,0.000000,0.904812,0.002133,0.03111404,2026-03-21,2026-08-06,120,3733,1703,139,0.863309,1.227414,1.154177,1.073473,,,,,,,,GLOBAL_BASELINE_NO_ENTITY_RANKING,,,NOT_APPLICABLE_GLOBAL_BASELINE,HF9g-P5,,,,X 全窗基线 · 不参与实体赏罚,15051921,1506,A168_HF9F_20260827_0900,2026-08-27 09:00:00
2026-04-05,127529701,2118,0,139.5178389134,46.9858388086,46.9858388086,0.6250000,10,10,0.49994810000000000,0.499948100000,0.7074003757330176,0.7074003757330176,0.7074003757330176,0E-17,ELIGIBLE,R03b_20260811_FULL_v1,L1_ELIGIBILITY,v2026-08-11,2026-03-21..2026-08-06,baccarat_bet02_101_all_pairs_incl_sentinel,round_win = game_pnl > 0 (decisive only),COMPATIBILITY_ONLY_NOT_PRODUCTION,557989.4742,504875.3716,9878.7574,24851,24505,-0.01770420,0.00338982,-0.02772422,-0.01770420,-9878.7574,557989.4742,OK,0.0000,395.1503,4.0000,96.0000,AG03-UNRESOLVED,ALL5_LEVELS_bet23_to_bet27,395.1503,395.1503,395.1503,0.0000,0.0000,4.000000,4.000000,4.000000,0.000000,0.000000,96.000000,96.000000,96.000000,100.000000,100.000000,5.0,1185.4509,1138.6651,8693.3065,8740.0923,PENDING_AG03,FALSE,NOT_FOR_ENFORCEMENT,9483.6071,484680.3568,9878.7574,9483.6071,395.1503,0.01770420,0.01699603,395.1503,9483.6071,0.01699603,395.1503,395.1503,395.1503,0.0000,0.0000,9483.6071,0.01699603,1185.4509,1138.6651,8693.3065,8740.0923,0.01557970,0.01566354,0.00070817,22.4534,20.6030,0.4031,82.3230,2.6463,4649.9123,204.2083,25.9152,21.1137,12.8578,14.5296,26.176,48.8436,54.2173,102.8621,13.088,0.0,3.731508,7.079487,1.545355,30,207,63,6,0.32204186,0.01770420,-0.00338982,0E-8,0.000000,0.904812,0.002133,0.03111404,2026-03-21,2026-08-06,120,3733,1703,139,0.863309,1.227414,1.154177,1.073473,,,,,,,,GLOBAL_BASELINE_NO_ENTITY_RANKING,,,NOT_APPLICABLE_GLOBAL_BASELINE,HF9g-P5,,,,X 全窗基线 · 不参与实体赏罚,15051922,1506,A168_HF9F_20260827_0900,2026-08-27 09:00:00
2026-04-05,127529701,2153,0,13.0879773840,13.0879773840,13.0879773840,1.0000000,1,1,0.49324550000000000,0.493245500000,1.01360149184955,1.01360149184955,1.01360149184955,0E-17,ELIGIBLE,R03b_20260811_FULL_v1,L1_ELIGIBILITY,v2026-08-11,2026-03-21..2026-08-06,baccarat_bet02_101_all_pairs_incl_sentinel,round_win = game_pnl > 0 (decisive only),COMPATIBILITY_ONLY_NOT_PRODUCTION,557989.4742,504875.3716,9878.7574,24851,24505,-0.01770420,0.00338982,-0.02772422,-0.01770420,-9878.7574,557989.4742,OK,0.0000,395.1503,4.0000,96.0000,AG03-UNRESOLVED,ALL5_LEVELS_bet23_to_bet27,395.1503,395.1503,395.1503,0.0000,0.0000,4.000000,4.000000,4.000000,0.000000,0.000000,96.000000,96.000000,96.000000,100.000000,100.000000,5.0,1185.4509,1138.6651,8693.3065,8740.0923,PENDING_AG03,FALSE,NOT_FOR_ENFORCEMENT,9483.6071,484680.3568,9878.7574,9483.6071,395.1503,0.01770420,0.01699603,395.1503,9483.6071,0.01699603,395.1503,395.1503,395.1503,0.0000,0.0000,9483.6071,0.01699603,1185.4509,1138.6651,8693.3065,8740.0923,0.01557970,0.01566354,0.00070817,22.4534,20.6030,0.4031,82.3230,2.6463,4649.9123,204.2083,25.9152,21.1137,12.8578,14.5296,26.176,48.8436,54.2173,102.8621,13.088,0.0,3.731508,7.079487,1.545355,30,207,63,6,0.32204186,0.01770420,-0.00338982,0E-8,0.000000,0.904812,0.002133,0.03111404,2026-03-21,2026-08-06,120,3733,1703,139,0.863309,1.227414,1.154177,1.073473,,,,,,,,GLOBAL_BASELINE_NO_ENTITY_RANKING,,,NOT_APPLICABLE_GLOBAL_BASELINE,HF9g-P5,,,,X 全窗基线 · 不参与实体赏罚,15051923,1506,A168_HF9F_20260827_0900,2026-08-27 09:00:00
2026-04-05,127529701,2156,0,10.4703819072,-10.4703819072,-10.4703819072,0E-7,1,1,0.49324550000000000,0.493245500000,-0.9865810262130424,-0.9865810262130424,-0.9865810262130424,0E-17,ELIGIBLE,R03b_20260811_FULL_v1,L1_ELIGIBILITY,v2026-08-11,2026-03-21..2026-08-06,baccarat_bet02_101_all_pairs_incl_sentinel,round_win = game_pnl > 0 (decisive only),COMPATIBILITY_ONLY_NOT_PRODUCTION,557989.4742,504875.3716,9878.7574,24851,24505,-0.01770420,0.00338982,-0.02772422,-0.01770420,-9878.7574,557989.4742,OK,0.0000,395.1503,4.0000,96.0000,AG03-UNRESOLVED,ALL5_LEVELS_bet23_to_bet27,395.1503,395.1503,395.1503,0.0000,0.0000,4.000000,4.000000,4.000000,0.000000,0.000000,96.000000,96.000000,96.000000,100.000000,100.000000,5.0,1185.4509,1138.6651,8693.3065,8740.0923,PENDING_AG03,FALSE,NOT_FOR_ENFORCEMENT,9483.6071,484680.3568,9878.7574,9483.6071,395.1503,0.01770420,0.01699603,395.1503,9483.6071,0.01699603,395.1503,395.1503,395.1503,0.0000,0.0000,9483.6071,0.01699603,1185.4509,1138.6651,8693.3065,8740.0923,0.01557970,0.01566354,0.00070817,22.4534,20.6030,0.4031,82.3230,2.6463,4649.9123,204.2083,25.9152,21.1137,12.8578,14.5296,26.176,48.8436,54.2173,102.8621,13.088,0.0,3.731508,7.079487,1.545355,30,207,63,6,0.32204186,0.01770420,-0.00338982,0E-8,0.000000,0.904812,0.002133,0.03111404,2026-03-21,2026-08-06,120,3733,1703,139,0.863309,1.227414,1.154177,1.073473,,,,,,,,GLOBAL_BASELINE_NO_ENTITY_RANKING,,,NOT_APPLICABLE_GLOBAL_BASELINE,HF9g-P5,,,,X 全窗基线 · 不参与实体赏罚,15051924,1506,A168_HF9F_20260827_0900,2026-08-27 09:00:00
2026-04-05,127529701,2196,0,35.5992984844,19.0299191163,19.0299191163,0.6666667,3,3,0.50218230000000000,0.502182300000,0.5697959874915163,0.5697959874915164,0.5697959874915163,0E-17,ELIGIBLE,R03b_20260811_FULL_v1,L1_ELIGIBILITY,v2026-08-11,2026-03-21..2026-08-06,baccarat_bet02_101_all_pairs_incl_sentinel,round_win = game_pnl > 0 (decisive only),COMPATIBILITY_ONLY_NOT_PRODUCTION,557989.4742,504875.3716,9878.7574,24851,24505,-0.01770420,0.00338982,-0.02772422,-0.01770420,-9878.7574,557989.4742,OK,0.0000,395.1503,4.0000,96.0000,AG03-UNRESOLVED,ALL5_LEVELS_bet23_to_bet27,395.1503,395.1503,395.1503,0.0000,0.0000,4.000000,4.000000,4.000000,0.000000,0.000000,96.000000,96.000000,96.000000,100.000000,100.000000,5.0,1185.4509,1138.6651,8693.3065,8740.0923,PENDING_AG03,FALSE,NOT_FOR_ENFORCEMENT,9483.6071,484680.3568,9878.7574,9483.6071,395.1503,0.01770420,0.01699603,395.1503,9483.6071,0.01699603,395.1503,395.1503,395.1503,0.0000,0.0000,9483.6071,0.01699603,1185.4509,1138.6651,8693.3065,8740.0923,0.01557970,0.01566354,0.00070817,22.4534,20.6030,0.4031,82.3230,2.6463,4649.9123,204.2083,25.9152,21.1137,12.8578,14.5296,26.176,48.8436,54.2173,102.8621,13.088,0.0,3.731508,7.079487,1.545355,30,207,63,6,0.32204186,0.01770420,-0.00338982,0E-8,0.000000,0.904812,0.002133,0.03111404,2026-03-21,2026-08-06,120,3733,1703,139,0.863309,1.227414,1.154177,1.073473,,,,,,,,GLOBAL_BASELINE_NO_ENTITY_RANKING,,,NOT_APPLICABLE_GLOBAL_BASELINE,HF9g-P5,,,,X 全窗基线 · 不参与实体赏罚,15051925,1506,A168_HF9F_20260827_0900,2026-08-27 09:00:00
2026-04-05,127529701,2201,0,401.0156270456,-89.5217653065,-89.5217653065,0.3500000,26,23,0.47352579891304348,0.470492848551,-1.106400337005035,-1.0796023994665809,-1.106400337005035,0.00303295036204348,ELIGIBLE,R03b_20260811_FULL_v1,L1_ELIGIBILITY,v2026-08-11,2026-03-21..2026-08-06,baccarat_bet02_101_all_pairs_incl_sentinel,round_win = game_pnl > 0 (decisive only),COMPATIBILITY_ONLY_NOT_PRODUCTION,557989.4742,504875.3716,9878.7574,24851,24505,-0.01770420,0.00338982,-0.02772422,-0.01770420,-9878.7574,557989.4742,OK,0.0000,395.1503,4.0000,96.0000,AG03-UNRESOLVED,ALL5_LEVELS_bet23_to_bet27,395.1503,395.1503,395.1503,0.0000,0.0000,4.000000,4.000000,4.000000,0.000000,0.000000,96.000000,96.000000,96.000000,100.000000,100.000000,5.0,1185.4509,1138.6651,8693.3065,8740.0923,PENDING_AG03,FALSE,NOT_FOR_ENFORCEMENT,9483.6071,484680.3568,9878.7574,9483.6071,395.1503,0.01770420,0.01699603,395.1503,9483.6071,0.01699603,395.1503,395.1503,395.1503,0.0000,0.0000,9483.6071,0.01699603,1185.4509,1138.6651,8693.3065,8740.0923,0.01557970,0.01566354,0.00070817,22.4534,20.6030,0.4031,82.3230,2.6463,4649.9123,204.2083,25.9152,21.1137,12.8578,14.5296,26.176,48.8436,54.2173,102.8621,13.088,0.0,3.731508,7.079487,1.545355,30,207,63,6,0.32204186,0.01770420,-0.00338982,0E-8,0.000000,0.904812,0.002133,0.03111404,2026-03-21,2026-08-06,120,3733,1703,139,0.863309,1.227414,1.154177,1.073473,,,,,,,,GLOBAL_BASELINE_NO_ENTITY_RANKING,,,NOT_APPLICABLE_GLOBAL_BASELINE,HF9g-P5,,,,X 全窗基线 · 不参与实体赏罚,15051926,1506,A168_HF9F_20260827_0900,2026-08-27 09:00:00
2026-04-05,127529701,2220,0,52.3519095360,-26.8303536372,-26.8303536372,0.2500000,4,4,0.49659680000000000,0.496596800000,-0.9864100490137353,-0.9864100490137354,-0.9864100490137353,0E-17,ELIGIBLE,R03b_20260811_FULL_v1,L1_ELIGIBILITY,v2026-08-11,2026-03-21..2026-08-06,baccarat_bet02_101_all_pairs_incl_sentinel,round_win = game_pnl > 0 (decisive only),COMPATIBILITY_ONLY_NOT_PRODUCTION,557989.4742,504875.3716,9878.7574,24851,24505,-0.01770420,0.00338982,-0.02772422,-0.01770420,-9878.7574,557989.4742,OK,0.0000,395.1503,4.0000,96.0000,AG03-UNRESOLVED,ALL5_LEVELS_bet23_to_bet27,395.1503,395.1503,395.1503,0.0000,0.0000,4.000000,4.000000,4.000000,0.000000,0.000000,96.000000,96.000000,96.000000,100.000000,100.000000,5.0,1185.4509,1138.6651,8693.3065,8740.0923,PENDING_AG03,FALSE,NOT_FOR_ENFORCEMENT,9483.6071,484680.3568,9878.7574,9483.6071,395.1503,0.01770420,0.01699603,395.1503,9483.6071,0.01699603,395.1503,395.1503,395.1503,0.0000,0.0000,9483.6071,0.01699603,1185.4509,1138.6651,8693.3065,8740.0923,0.01557970,0.01566354,0.00070817,22.4534,20.6030,0.4031,82.3230,2.6463,4649.9123,204.2083,25.9152,21.1137,12.8578,14.5296,26.176,48.8436,54.2173,102.8621,13.088,0.0,3.731508,7.079487,1.545355,30,207,63,6,0.32204186,0.01770420,-0.00338982,0E-8,0.000000,0.904812,0.002133,0.03111404,2026-03-21,2026-08-06,120,3733,1703,139,0.863309,1.227414,1.154177,1.073473,,,,,,,,GLOBAL_BASELINE_NO_ENTITY_RANKING,,,NOT_APPLICABLE_GLOBAL_BASELINE,HF9g-P5,,,,X 全窗基线 · 不参与实体赏罚,15051927,1506,A168_HF9F_20260827_0900,2026-08-27 09:00:00
2026-04-05,127529701,2235,0,79.8366620424,-69.3662801352,-69.3662801352,0E-7,7,6,0.42795604166666667,0.427956041667,-1.934059726355013,-1.9340597263563297,-1.934059726355013,-3.3333E-13,ELIGIBLE,R03b_20260811_FULL_v1,L1_ELIGIBILITY,v2026-08-11,2026-03-21..2026-08-06,baccarat_bet02_101_all_pairs_incl_sentinel,round_win = game_pnl > 0 (decisive only),COMPATIBILITY_ONLY_NOT_PRODUCTION,557989.4742,504875.3716,9878.7574,24851,24505,-0.01770420,0.00338982,-0.02772422,-0.01770420,-9878.7574,557989.4742,OK,0.0000,395.1503,4.0000,96.0000,AG03-UNRESOLVED,ALL5_LEVELS_bet23_to_bet27,395.1503,395.1503,395.1503,0.0000,0.0000,4.000000,4.000000,4.000000,0.000000,0.000000,96.000000,96.000000,96.000000,100.000000,100.000000,5.0,1185.4509,1138.6651,8693.3065,8740.0923,PENDING_AG03,FALSE,NOT_FOR_ENFORCEMENT,9483.6071,484680.3568,9878.7574,9483.6071,395.1503,0.01770420,0.01699603,395.1503,9483.6071,0.01699603,395.1503,395.1503,395.1503,0.0000,0.0000,9483.6071,0.01699603,1185.4509,1138.6651,8693.3065,8740.0923,0.01557970,0.01566354,0.00070817,22.4534,20.6030,0.4031,82.3230,2.6463,4649.9123,204.2083,25.9152,21.1137,12.8578,14.5296,26.176,48.8436,54.2173,102.8621,13.088,0.0,3.731508,7.079487,1.545355,30,207,63,6,0.32204186,0.01770420,-0.00338982,0E-8,0.000000,0.904812,0.002133,0.03111404,2026-03-21,2026-08-06,120,3733,1703,139,0.863309,1.227414,1.154177,1.073473,,,,,,,,GLOBAL_BASELINE_NO_ENTITY_RANKING,,,NOT_APPLICABLE_GLOBAL_BASELINE,HF9g-P5,,,,X 全窗基线 · 不参与实体赏罚,15051928,1506,A168_HF9F_20260827_0900,2026-08-27 09:00:00
2026-04-05,127529701,2248,0,196.3196607599,14.8417663534,14.8417663534,0.5833333,12,12,0.50106520000000000,0.501065200000,0.5699716405480333,0.5699716405480334,0.5699716405480333,0E-17,ELIGIBLE,R03b_20260811_FULL_v1,L1_ELIGIBILITY,v2026-08-11,2026-03-21..2026-08-06,baccarat_bet02_101_all_pairs_incl_sentinel,round_win = game_pnl > 0 (decisive only),COMPATIBILITY_ONLY_NOT_PRODUCTION,557989.4742,504875.3716,9878.7574,24851,24505,-0.01770420,0.00338982,-0.02772422,-0.01770420,-9878.7574,557989.4742,OK,0.0000,395.1503,4.0000,96.0000,AG03-UNRESOLVED,ALL5_LEVELS_bet23_to_bet27,395.1503,395.1503,395.1503,0.0000,0.0000,4.000000,4.000000,4.000000,0.000000,0.000000,96.000000,96.000000,96.000000,100.000000,100.000000,5.0,1185.4509,1138.6651,8693.3065,8740.0923,PENDING_AG03,FALSE,NOT_FOR_ENFORCEMENT,9483.6071,484680.3568,9878.7574,9483.6071,395.1503,0.01770420,0.01699603,395.1503,9483.6071,0.01699603,395.1503,395.1503,395.1503,0.0000,0.0000,9483.6071,0.01699603,1185.4509,1138.6651,8693.3065,8740.0923,0.01557970,0.01566354,0.00070817,22.4534,20.6030,0.4031,82.3230,2.6463,4649.9123,204.2083,25.9152,21.1137,12.8578,14.5296,26.176,48.8436,54.2173,102.8621,13.088,0.0,3.731508,7.079487,1.545355,30,207,63,6,0.32204186,0.01770420,-0.00338982,0E-8,0.000000,0.904812,0.002133,0.03111404,2026-03-21,2026-08-06,120,3733,1703,139,0.863309,1.227414,1.154177,1.073473,,,,,,,,GLOBAL_BASELINE_NO_ENTITY_RANKING,,,NOT_APPLICABLE_GLOBAL_BASELINE,HF9g-P5,,,,X 全窗基线 · 不参与实体赏罚,15051929,1506,A168_HF9F_20260827_0900,2026-08-27 09:00:00
2026-04-05,127529701,2252,0,242.9128602469,93.5135984086,93.5135984086,0.5833333,14,14,0.49899058571428571,0.498990585714,0.5843448873039241,0.5843448873059043,0.5843448873039241,2.8571E-13,ELIGIBLE,R03b_20260811_FULL_v1,L1_ELIGIBILITY,v2026-08-11,2026-03-21..2026-08-06,baccarat_bet02_101_all_pairs_incl_sentinel,round_win = game_pnl > 0 (decisive only),COMPATIBILITY_ONLY_NOT_PRODUCTION,557989.4742,504875.3716,9878.7574,24851,24505,-0.01770420,0.00338982,-0.02772422,-0.01770420,-9878.7574,557989.4742,OK,0.0000,395.1503,4.0000,96.0000,AG03-UNRESOLVED,ALL5_LEVELS_bet23_to_bet27,395.1503,395.1503,395.1503,0.0000,0.0000,4.000000,4.000000,4.000000,0.000000,0.000000,96.000000,96.000000,96.000000,100.000000,100.000000,5.0,1185.4509,1138.6651,8693.3065,8740.0923,PENDING_AG03,FALSE,NOT_FOR_ENFORCEMENT,9483.6071,484680.3568,9878.7574,9483.6071,395.1503,0.01770420,0.01699603,395.1503,9483.6071,0.01699603,395.1503,395.1503,395.1503,0.0000,0.0000,9483.6071,0.01699603,1185.4509,1138.6651,8693.3065,8740.0923,0.01557970,0.01566354,0.00070817,22.4534,20.6030,0.4031,82.3230,2.6463,4649.9123,204.2083,25.9152,21.1137,12.8578,14.5296,26.176,48.8436,54.2173,102.8621,13.088,0.0,3.731508,7.079487,1.545355,30,207,63,6,0.32204186,0.01770420,-0.00338982,0E-8,0.000000,0.904812,0.002133,0.03111404,2026-03-21,2026-08-06,120,3733,1703,139,0.863309,1.227414,1.154177,1.073473,,,,,,,,GLOBAL_BASELINE_NO_ENTITY_RANKING,,,NOT_APPLICABLE_GLOBAL_BASELINE,HF9g-P5,,,,X 全窗基线 · 不参与实体赏罚,15051930,1506,A168_HF9F_20260827_0900,2026-08-27 09:00:00
2026-04-05,127529701,2256,0,61.5134937047,47.5747977908,47.5747977908,1.0000000,3,3,0.49771390000000000,0.497713900000,1.4206944795187548,1.420694479518755,1.4206944795187548,0E-17,ELIGIBLE,R03b_20260811_FULL_v1,L1_ELIGIBILITY,v2026-08-11,2026-03-21..2026-08-06,baccarat_bet02_101_all_pairs_incl_sentinel,round_win = game_pnl > 0 (decisive only),COMPATIBILITY_ONLY_NOT_PRODUCTION,557989.4742,504875.3716,9878.7574,24851,24505,-0.01770420,0.00338982,-0.02772422,-0.01770420,-9878.7574,557989.4742,OK,0.0000,395.1503,4.0000,96.0000,AG03-UNRESOLVED,ALL5_LEVELS_bet23_to_bet27,395.1503,395.1503,395.1503,0.0000,0.0000,4.000000,4.000000,4.000000,0.000000,0.000000,96.000000,96.000000,96.000000,100.000000,100.000000,5.0,1185.4509,1138.6651,8693.3065,8740.0923,PENDING_AG03,FALSE,NOT_FOR_ENFORCEMENT,9483.6071,484680.3568,9878.7574,9483.6071,395.1503,0.01770420,0.01699603,395.1503,9483.6071,0.01699603,395.1503,395.1503,395.1503,0.0000,0.0000,9483.6071,0.01699603,1185.4509,1138.6651,8693.3065,8740.0923,0.01557970,0.01566354,0.00070817,22.4534,20.6030,0.4031,82.3230,2.6463,4649.9123,204.2083,25.9152,21.1137,12.8578,14.5296,26.176,48.8436,54.2173,102.8621,13.088,0.0,3.731508,7.079487,1.545355,30,207,63,6,0.32204186,0.01770420,-0.00338982,0E-8,0.000000,0.904812,0.002133,0.03111404,2026-03-21,2026-08-06,120,3733,1703,139,0.863309,1.227414,1.154177,1.073473,,,,,,,,GLOBAL_BASELINE_NO_ENTITY_RANKING,,,NOT_APPLICABLE_GLOBAL_BASELINE,HF9g-P5,,,,X 全窗基线 · 不参与实体赏罚,15051931,1506,A168_HF9F_20260827_0900,2026-08-27 09:00:00
2026-04-05,127529701,2258,0,269.6123341101,-30.2986676440,-30.2986676440,0.5000000,15,15,0.49860758000000000,0.498607580000,0.009647006149849308,0.009647006149849308,0.009647006149849308,0E-17,ELIGIBLE,R03b_20260811_FULL_v1,L1_ELIGIBILITY,v2026-08-11,2026-03-21..2026-08-06,baccarat_bet02_101_all_pairs_incl_sentinel,round_win = game_pnl > 0 (decisive only),COMPATIBILITY_ONLY_NOT_PRODUCTION,557989.4742,504875.3716,9878.7574,24851,24505,-0.01770420,0.00338982,-0.02772422,-0.01770420,-9878.7574,557989.4742,OK,0.0000,395.1503,4.0000,96.0000,AG03-UNRESOLVED,ALL5_LEVELS_bet23_to_bet27,395.1503,395.1503,395.1503,0.0000,0.0000,4.000000,4.000000,4.000000,0.000000,0.000000,96.000000,96.000000,96.000000,100.000000,100.000000,5.0,1185.4509,1138.6651,8693.3065,8740.0923,PENDING_AG03,FALSE,NOT_FOR_ENFORCEMENT,9483.6071,484680.3568,9878.7574,9483.6071,395.1503,0.01770420,0.01699603,395.1503,9483.6071,0.01699603,395.1503,395.1503,395.1503,0.0000,0.0000,9483.6071,0.01699603,1185.4509,1138.6651,8693.3065,8740.0923,0.01557970,0.01566354,0.00070817,22.4534,20.6030,0.4031,82.3230,2.6463,4649.9123,204.2083,25.9152,21.1137,12.8578,14.5296,26.176,48.8436,54.2173,102.8621,13.088,0.0,3.731508,7.079487,1.545355,30,207,63,6,0.32204186,0.01770420,-0.00338982,0E-8,0.000000,0.904812,0.002133,0.03111404,2026-03-21,2026-08-06,120,3733,1703,139,0.863309,1.227414,1.154177,1.073473,,,,,,,,GLOBAL_BASELINE_NO_ENTITY_RANKING,,,NOT_APPLICABLE_GLOBAL_BASELINE,HF9g-P5,,,,X 全窗基线 · 不参与实体赏罚,15051932,1506,A168_HF9F_20260827_0900,2026-08-27 09:00:00
2026-04-05,127529701,970,0,248.1480512004,-145.6691882838,-145.6691882838,0.2666667,15,15,0.49592654000000000,0.495926540000,-1.7758982789567348,-1.7758982789567348,-1.7758982789567348,0E-17,ELIGIBLE,R03b_20260811_FULL_v1,L1_ELIGIBILITY,v2026-08-11,2026-03-21..2026-08-06,baccarat_bet02_101_all_pairs_incl_sentinel,round_win = game_pnl > 0 (decisive only),COMPATIBILITY_ONLY_NOT_PRODUCTION,557989.4742,504875.3716,9878.7574,24851,24505,-0.01770420,0.00338982,-0.02772422,-0.01770420,-9878.7574,557989.4742,OK,0.0000,395.1503,4.0000,96.0000,AG03-UNRESOLVED,ALL5_LEVELS_bet23_to_bet27,395.1503,395.1503,395.1503,0.0000,0.0000,4.000000,4.000000,4.000000,0.000000,0.000000,96.000000,96.000000,96.000000,100.000000,100.000000,5.0,1185.4509,1138.6651,8693.3065,8740.0923,PENDING_AG03,FALSE,NOT_FOR_ENFORCEMENT,9483.6071,484680.3568,9878.7574,9483.6071,395.1503,0.01770420,0.01699603,395.1503,9483.6071,0.01699603,395.1503,395.1503,395.1503,0.0000,0.0000,9483.6071,0.01699603,1185.4509,1138.6651,8693.3065,8740.0923,0.01557970,0.01566354,0.00070817,22.4534,20.6030,0.4031,82.3230,2.6463,4649.9123,204.2083,25.9152,21.1137,12.8578,14.5296,26.176,48.8436,54.2173,102.8621,13.088,0.0,3.731508,7.079487,1.545355,30,207,63,6,0.32204186,0.01770420,-0.00338982,0E-8,0.000000,0.904812,0.002133,0.03111404,2026-03-21,2026-08-06,120,3733,1703,139,0.863309,1.227414,1.154177,1.073473,,,,,,,,GLOBAL_BASELINE_NO_ENTITY_RANKING,,,NOT_APPLICABLE_GLOBAL_BASELINE,HF9g-P5,,,,X 全窗基线 · 不参与实体赏罚,15051933,1506,A168_HF9F_20260827_0900,2026-08-27 09:00:00
2026-04-05,127529701,987,0,52.3519095360,40.4418501165,40.4418501165,1.0000000,5,5,0.50128862000000000,0.501288620000,1.9948521450805654,1.9948521450805654,1.9948521450805654,0E-17,ELIGIBLE,R03b_20260811_FULL_v1,L1_ELIGIBILITY,v2026-08-11,2026-03-21..2026-08-06,baccarat_bet02_101_all_pairs_incl_sentinel,round_win = game_pnl > 0 (decisive only),COMPATIBILITY_ONLY_NOT_PRODUCTION,557989.4742,504875.3716,9878.7574,24851,24505,-0.01770420,0.00338982,-0.02772422,-0.01770420,-9878.7574,557989.4742,OK,0.0000,395.1503,4.0000,96.0000,AG03-UNRESOLVED,ALL5_LEVELS_bet23_to_bet27,395.1503,395.1503,395.1503,0.0000,0.0000,4.000000,4.000000,4.000000,0.000000,0.000000,96.000000,96.000000,96.000000,100.000000,100.000000,5.0,1185.4509,1138.6651,8693.3065,8740.0923,PENDING_AG03,FALSE,NOT_FOR_ENFORCEMENT,9483.6071,484680.3568,9878.7574,9483.6071,395.1503,0.01770420,0.01699603,395.1503,9483.6071,0.01699603,395.1503,395.1503,395.1503,0.0000,0.0000,9483.6071,0.01699603,1185.4509,1138.6651,8693.3065,8740.0923,0.01557970,0.01566354,0.00070817,22.4534,20.6030,0.4031,82.3230,2.6463,4649.9123,204.2083,25.9152,21.1137,12.8578,14.5296,26.176,48.8436,54.2173,102.8621,13.088,0.0,3.731508,7.079487,1.545355,30,207,63,6,0.32204186,0.01770420,-0.00338982,0E-8,0.000000,0.904812,0.002133,0.03111404,2026-03-21,2026-08-06,120,3733,1703,139,0.863309,1.227414,1.154177,1.073473,,,,,,,,GLOBAL_BASELINE_NO_ENTITY_RANKING,,,NOT_APPLICABLE_GLOBAL_BASELINE,HF9g-P5,,,,X 全窗基线 · 不参与实体赏罚,15051934,1506,A168_HF9F_20260827_0900,2026-08-27 09:00:00
2026-04-06,127529701,-1,1,1434.4423212850,-82.9777766144,-82.9777766144,0.4838710,69,68,0.49969464033613445,0.499652397059,-0.24919149167650362,-0.24852625746922505,-0.24919149167650362,0.00004224327713445,SENTINEL_DEALER,R03b_20260811_FULL_v1,L1_ELIGIBILITY,v2026-08-11,2026-03-21..2026-08-06,baccarat_bet02_101_all_pairs_incl_sentinel,round_win = game_pnl > 0 (decisive only),COMPATIBILITY_ONLY_NOT_PRODUCTION,557989.4742,504875.3716,9878.7574,24851,24505,-0.01770420,0.00338982,-0.02772422,-0.01770420,-9878.7574,557989.4742,OK,0.0000,395.1503,4.0000,96.0000,AG03-UNRESOLVED,ALL5_LEVELS_bet23_to_bet27,395.1503,395.1503,395.1503,0.0000,0.0000,4.000000,4.000000,4.000000,0.000000,0.000000,96.000000,96.000000,96.000000,100.000000,100.000000,5.0,1185.4509,1138.6651,8693.3065,8740.0923,PENDING_AG03,FALSE,NOT_FOR_ENFORCEMENT,9483.6071,484680.3568,9878.7574,9483.6071,395.1503,0.01770420,0.01699603,395.1503,9483.6071,0.01699603,395.1503,395.1503,395.1503,0.0000,0.0000,9483.6071,0.01699603,1185.4509,1138.6651,8693.3065,8740.0923,0.01557970,0.01566354,0.00070817,22.4534,20.6030,0.4031,82.3230,2.6463,4649.9123,204.2083,25.9152,21.1137,12.8578,14.5296,26.176,48.8436,54.2173,102.8621,13.088,0.0,3.731508,7.079487,1.545355,30,207,63,6,0.32204186,0.01770420,-0.00338982,0E-8,0.000000,0.904812,0.002133,0.03111404,2026-03-21,2026-08-06,120,3733,1703,139,0.863309,1.227414,1.154177,1.073473,,,,,,,,GLOBAL_BASELINE_NO_ENTITY_RANKING,,,NOT_APPLICABLE_GLOBAL_BASELINE,HF9g-P5,,,,X 全窗基线 · 不参与实体赏罚,15051935,1506,A168_HF9F_20260827_0900,2026-08-27 09:00:00
2026-04-06,127529701,1109,0,90.3070439494,19.7628458499,19.7628458499,0.6666667,4,4,0.50329940000000000,0.503299400000,0.5659331339966515,0.5659331339966515,0.5659331339966515,0E-17,ELIGIBLE,R03b_20260811_FULL_v1,L1_ELIGIBILITY,v2026-08-11,2026-03-21..2026-08-06,baccarat_bet02_101_all_pairs_incl_sentinel,round_win = game_pnl > 0 (decisive only),COMPATIBILITY_ONLY_NOT_PRODUCTION,557989.4742,504875.3716,9878.7574,24851,24505,-0.01770420,0.00338982,-0.02772422,-0.01770420,-9878.7574,557989.4742,OK,0.0000,395.1503,4.0000,96.0000,AG03-UNRESOLVED,ALL5_LEVELS_bet23_to_bet27,395.1503,395.1503,395.1503,0.0000,0.0000,4.000000,4.000000,4.000000,0.000000,0.000000,96.000000,96.000000,96.000000,100.000000,100.000000,5.0,1185.4509,1138.6651,8693.3065,8740.0923,PENDING_AG03,FALSE,NOT_FOR_ENFORCEMENT,9483.6071,484680.3568,9878.7574,9483.6071,395.1503,0.01770420,0.01699603,395.1503,9483.6071,0.01699603,395.1503,395.1503,395.1503,0.0000,0.0000,9483.6071,0.01699603,1185.4509,1138.6651,8693.3065,8740.0923,0.01557970,0.01566354,0.00070817,22.4534,20.6030,0.4031,82.3230,2.6463,4649.9123,204.2083,25.9152,21.1137,12.8578,14.5296,26.176,48.8436,54.2173,102.8621,13.088,0.0,3.731508,7.079487,1.545355,30,207,63,6,0.32204186,0.01770420,-0.00338982,0E-8,0.000000,0.904812,0.002133,0.03111404,2026-03-21,2026-08-06,120,3733,1703,139,0.863309,1.227414,1.154177,1.073473,,,,,,,,GLOBAL_BASELINE_NO_ENTITY_RANKING,,,NOT_APPLICABLE_GLOBAL_BASELINE,HF9g-P5,,,,X 全窗基线 · 不参与实体赏罚,15051936,1506,A168_HF9F_20260827_0900,2026-08-27 09:00:00
2026-04-06,127529701,1323,0,249.9803680343,12.4335785149,12.4335785149,0.5833333,12,12,0.49771390000000000,0.497713900000,0.5931950350016753,0.5931950350016753,0.5931950350016753,0E-17,ELIGIBLE,R03b_20260811_FULL_v1,L1_ELIGIBILITY,v2026-08-11,2026-03-21..2026-08-06,baccarat_bet02_101_all_pairs_incl_sentinel,round_win = game_pnl > 0 (decisive only),COMPATIBILITY_ONLY_NOT_PRODUCTION,557989.4742,504875.3716,9878.7574,24851,24505,-0.01770420,0.00338982,-0.02772422,-0.01770420,-9878.7574,557989.4742,OK,0.0000,395.1503,4.0000,96.0000,AG03-UNRESOLVED,ALL5_LEVELS_bet23_to_bet27,395.1503,395.1503,395.1503,0.0000,0.0000,4.000000,4.000000,4.000000,0.000000,0.000000,96.000000,96.000000,96.000000,100.000000,100.000000,5.0,1185.4509,1138.6651,8693.3065,8740.0923,PENDING_AG03,FALSE,NOT_FOR_ENFORCEMENT,9483.6071,484680.3568,9878.7574,9483.6071,395.1503,0.01770420,0.01699603,395.1503,9483.6071,0.01699603,395.1503,395.1503,395.1503,0.0000,0.0000,9483.6071,0.01699603,1185.4509,1138.6651,8693.3065,8740.0923,0.01557970,0.01566354,0.00070817,22.4534,20.6030,0.4031,82.3230,2.6463,4649.9123,204.2083,25.9152,21.1137,12.8578,14.5296,26.176,48.8436,54.2173,102.8621,13.088,0.0,3.731508,7.079487,1.545355,30,207,63,6,0.32204186,0.01770420,-0.00338982,0E-8,0.000000,0.904812,0.002133,0.03111404,2026-03-21,2026-08-06,120,3733,1703,139,0.863309,1.227414,1.154177,1.073473,,,,,,,,GLOBAL_BASELINE_NO_ENTITY_RANKING,,,NOT_APPLICABLE_GLOBAL_BASELINE,HF9g-P5,,,,X 全窗基线 · 不参与实体赏罚,15051937,1506,A168_HF9F_20260827_0900,2026-08-27 09:00:00
2026-04-06,127529701,1325,0,544.1980996263,45.3629296127,45.3629296127,0.4642857,34,32,0.49294868808593750,0.489133805208,-0.3033705713201003,-0.26302959788919555,-0.3033705713201003,0.00381488287793750,ELIGIBLE,R03b_20260811_FULL_v1,L1_ELIGIBILITY,v2026-08-11,2026-03-21..2026-08-06,baccarat_bet02_101_all_pairs_incl_sentinel,round_win = game_pnl > 0 (decisive only),COMPATIBILITY_ONLY_NOT_PRODUCTION,557989.4742,504875.3716,9878.7574,24851,24505,-0.01770420,0.00338982,-0.02772422,-0.01770420,-9878.7574,557989.4742,OK,0.0000,395.1503,4.0000,96.0000,AG03-UNRESOLVED,ALL5_LEVELS_bet23_to_bet27,395.1503,395.1503,395.1503,0.0000,0.0000,4.000000,4.000000,4.000000,0.000000,0.000000,96.000000,96.000000,96.000000,100.000000,100.000000,5.0,1185.4509,1138.6651,8693.3065,8740.0923,PENDING_AG03,FALSE,NOT_FOR_ENFORCEMENT,9483.6071,484680.3568,9878.7574,9483.6071,395.1503,0.01770420,0.01699603,395.1503,9483.6071,0.01699603,395.1503,395.1503,395.1503,0.0000,0.0000,9483.6071,0.01699603,1185.4509,1138.6651,8693.3065,8740.0923,0.01557970,0.01566354,0.00070817,22.4534,20.6030,0.4031,82.3230,2.6463,4649.9123,204.2083,25.9152,21.1137,12.8578,14.5296,26.176,48.8436,54.2173,102.8621,13.088,0.0,3.731508,7.079487,1.545355,30,207,63,6,0.32204186,0.01770420,-0.00338982,0E-8,0.000000,0.904812,0.002133,0.03111404,2026-03-21,2026-08-06,120,3733,1703,139,0.863309,1.227414,1.154177,1.073473,,,,,,,,GLOBAL_BASELINE_NO_ENTITY_RANKING,,,NOT_APPLICABLE_GLOBAL_BASELINE,HF9g-P5,,,,X 全窗基线 · 不参与实体赏罚,15051938,1506,A168_HF9F_20260827_0900,2026-08-27 09:00:00
2026-04-06,127529701,1396,0,582.9385126829,-28.0082716016,-28.0082716016,0.4782609,27,27,0.49969985555555556,0.499699855556,-0.20563556673070454,-0.20563556673496736,-0.20563556673070454,-4.4444E-13,ELIGIBLE,R03b_20260811_FULL_v1,L1_ELIGIBILITY,v2026-08-11,2026-03-21..2026-08-06,baccarat_bet02_101_all_pairs_incl_sentinel,round_win = game_pnl > 0 (decisive only),COMPATIBILITY_ONLY_NOT_PRODUCTION,557989.4742,504875.3716,9878.7574,24851,24505,-0.01770420,0.00338982,-0.02772422,-0.01770420,-9878.7574,557989.4742,OK,0.0000,395.1503,4.0000,96.0000,AG03-UNRESOLVED,ALL5_LEVELS_bet23_to_bet27,395.1503,395.1503,395.1503,0.0000,0.0000,4.000000,4.000000,4.000000,0.000000,0.000000,96.000000,96.000000,96.000000,100.000000,100.000000,5.0,1185.4509,1138.6651,8693.3065,8740.0923,PENDING_AG03,FALSE,NOT_FOR_ENFORCEMENT,9483.6071,484680.3568,9878.7574,9483.6071,395.1503,0.01770420,0.01699603,395.1503,9483.6071,0.01699603,395.1503,395.1503,395.1503,0.0000,0.0000,9483.6071,0.01699603,1185.4509,1138.6651,8693.3065,8740.0923,0.01557970,0.01566354,0.00070817,22.4534,20.6030,0.4031,82.3230,2.6463,4649.9123,204.2083,25.9152,21.1137,12.8578,14.5296,26.176,48.8436,54.2173,102.8621,13.088,0.0,3.731508,7.079487,1.545355,30,207,63,6,0.32204186,0.01770420,-0.00338982,0E-8,0.000000,0.904812,0.002133,0.03111404,2026-03-21,2026-08-06,120,3733,1703,139,0.863309,1.227414,1.154177,1.073473,,,,,,,,GLOBAL_BASELINE_NO_ENTITY_RANKING,,,NOT_APPLICABLE_GLOBAL_BASELINE,HF9g-P5,,,,X 全窗基线 · 不参与实体赏罚,15051939,1506,A168_HF9F_20260827_0900,2026-08-27 09:00:00
2026-04-06,127529701,1401,0,221.4485773370,53.7130591838,53.7130591838,0.6000000,15,15,0.50128862000000000,0.501288620000,0.7646176010050434,0.7646176010050434,0.7646176010050434,0E-17,ELIGIBLE,R03b_20260811_FULL_v1,L1_ELIGIBILITY,v2026-08-11,2026-03-21..2026-08-06,baccarat_bet02_101_all_pairs_incl_sentinel,round_win = game_pnl > 0 (decisive only),COMPATIBILITY_ONLY_NOT_PRODUCTION,557989.4742,504875.3716,9878.7574,24851,24505,-0.01770420,0.00338982,-0.02772422,-0.01770420,-9878.7574,557989.4742,OK,0.0000,395.1503,4.0000,96.0000,AG03-UNRESOLVED,ALL5_LEVELS_bet23_to_bet27,395.1503,395.1503,395.1503,0.0000,0.0000,4.000000,4.000000,4.000000,0.000000,0.000000,96.000000,96.000000,96.000000,100.000000,100.000000,5.0,1185.4509,1138.6651,8693.3065,8740.0923,PENDING_AG03,FALSE,NOT_FOR_ENFORCEMENT,9483.6071,484680.3568,9878.7574,9483.6071,395.1503,0.01770420,0.01699603,395.1503,9483.6071,0.01699603,395.1503,395.1503,395.1503,0.0000,0.0000,9483.6071,0.01699603,1185.4509,1138.6651,8693.3065,8740.0923,0.01557970,0.01566354,0.00070817,22.4534,20.6030,0.4031,82.3230,2.6463,4649.9123,204.2083,25.9152,21.1137,12.8578,14.5296,26.176,48.8436,54.2173,102.8621,13.088,0.0,3.731508,7.079487,1.545355,30,207,63,6,0.32204186,0.01770420,-0.00338982,0E-8,0.000000,0.904812,0.002133,0.03111404,2026-03-21,2026-08-06,120,3733,1703,139,0.863309,1.227414,1.154177,1.073473,,,,,,,,GLOBAL_BASELINE_NO_ENTITY_RANKING,,,NOT_APPLICABLE_GLOBAL_BASELINE,HF9g-P5,,,,X 全窗基线 · 不参与实体赏罚,15051940,1506,A168_HF9F_20260827_0900,2026-08-27 09:00:00
2026-04-06,127529701,1402,0,356.2547443921,98.7226134074,98.7226134074,0.6250000,18,18,0.49994810000000000,0.499948100000,1.0004152053894568,1.0004152053894568,1.0004152053894568,0E-17,ELIGIBLE,R03b_20260811_FULL_v1,L1_ELIGIBILITY,v2026-08-11,2026-03-21..2026-08-06,baccarat_bet02_101_all_pairs_incl_sentinel,round_win = game_pnl > 0 (decisive only),COMPATIBILITY_ONLY_NOT_PRODUCTION,557989.4742,504875.3716,9878.7574,24851,24505,-0.01770420,0.00338982,-0.02772422,-0.01770420,-9878.7574,557989.4742,OK,0.0000,395.1503,4.0000,96.0000,AG03-UNRESOLVED,ALL5_LEVELS_bet23_to_bet27,395.1503,395.1503,395.1503,0.0000,0.0000,4.000000,4.000000,4.000000,0.000000,0.000000,96.000000,96.000000,96.000000,100.000000,100.000000,5.0,1185.4509,1138.6651,8693.3065,8740.0923,PENDING_AG03,FALSE,NOT_FOR_ENFORCEMENT,9483.6071,484680.3568,9878.7574,9483.6071,395.1503,0.01770420,0.01699603,395.1503,9483.6071,0.01699603,395.1503,395.1503,395.1503,0.0000,0.0000,9483.6071,0.01699603,1185.4509,1138.6651,8693.3065,8740.0923,0.01557970,0.01566354,0.00070817,22.4534,20.6030,0.4031,82.3230,2.6463,4649.9123,204.2083,25.9152,21.1137,12.8578,14.5296,26.176,48.8436,54.2173,102.8621,13.088,0.0,3.731508,7.079487,1.545355,30,207,63,6,0.32204186,0.01770420,-0.00338982,0E-8,0.000000,0.904812,0.002133,0.03111404,2026-03-21,2026-08-06,120,3733,1703,139,0.863309,1.227414,1.154177,1.073473,,,,,,,,GLOBAL_BASELINE_NO_ENTITY_RANKING,,,NOT_APPLICABLE_GLOBAL_BASELINE,HF9g-P5,,,,X 全窗基线 · 不参与实体赏罚,15051941,1506,A168_HF9F_20260827_0900,2026-08-27 09:00:00
2026-04-06,127529701,1505,0,137.6855220796,-46.0696803916,-46.0696803916,0.3333333,7,7,0.49707555714285714,0.497075557143,-0.8021835166153284,-0.8021835166160269,-0.8021835166153284,-1.4286E-13,ELIGIBLE,R03b_20260811_FULL_v1,L1_ELIGIBILITY,v2026-08-11,2026-03-21..2026-08-06,baccarat_bet02_101_all_pairs_incl_sentinel,round_win = game_pnl > 0 (decisive only),COMPATIBILITY_ONLY_NOT_PRODUCTION,557989.4742,504875.3716,9878.7574,24851,24505,-0.01770420,0.00338982,-0.02772422,-0.01770420,-9878.7574,557989.4742,OK,0.0000,395.1503,4.0000,96.0000,AG03-UNRESOLVED,ALL5_LEVELS_bet23_to_bet27,395.1503,395.1503,395.1503,0.0000,0.0000,4.000000,4.000000,4.000000,0.000000,0.000000,96.000000,96.000000,96.000000,100.000000,100.000000,5.0,1185.4509,1138.6651,8693.3065,8740.0923,PENDING_AG03,FALSE,NOT_FOR_ENFORCEMENT,9483.6071,484680.3568,9878.7574,9483.6071,395.1503,0.01770420,0.01699603,395.1503,9483.6071,0.01699603,395.1503,395.1503,395.1503,0.0000,0.0000,9483.6071,0.01699603,1185.4509,1138.6651,8693.3065,8740.0923,0.01557970,0.01566354,0.00070817,22.4534,20.6030,0.4031,82.3230,2.6463,4649.9123,204.2083,25.9152,21.1137,12.8578,14.5296,26.176,48.8436,54.2173,102.8621,13.088,0.0,3.731508,7.079487,1.545355,30,207,63,6,0.32204186,0.01770420,-0.00338982,0E-8,0.000000,0.904812,0.002133,0.03111404,2026-03-21,2026-08-06,120,3733,1703,139,0.863309,1.227414,1.154177,1.073473,,,,,,,,GLOBAL_BASELINE_NO_ENTITY_RANKING,,,NOT_APPLICABLE_GLOBAL_BASELINE,HF9g-P5,,,,X 全窗基线 · 不参与实体赏罚,15051942,1506,A168_HF9F_20260827_0900,2026-08-27 09:00:00
2026-04-06,127529701,1703,0,120.4093919328,14.3967751224,14.3967751224,0.5714286,7,7,0.49707555714285714,0.497075557143,0.39344589990031587,0.3934458998995593,0.39344589990031587,-1.4286E-13,ELIGIBLE,R03b_20260811_FULL_v1,L1_ELIGIBILITY,v2026-08-11,2026-03-21..2026-08-06,baccarat_bet02_101_all_pairs_incl_sentinel,round_win = game_pnl > 0 (decisive only),COMPATIBILITY_ONLY_NOT_PRODUCTION,557989.4742,504875.3716,9878.7574,24851,24505,-0.01770420,0.00338982,-0.02772422,-0.01770420,-9878.7574,557989.4742,OK,0.0000,395.1503,4.0000,96.0000,AG03-UNRESOLVED,ALL5_LEVELS_bet23_to_bet27,395.1503,395.1503,395.1503,0.0000,0.0000,4.000000,4.000000,4.000000,0.000000,0.000000,96.000000,96.000000,96.000000,100.000000,100.000000,5.0,1185.4509,1138.6651,8693.3065,8740.0923,PENDING_AG03,FALSE,NOT_FOR_ENFORCEMENT,9483.6071,484680.3568,9878.7574,9483.6071,395.1503,0.01770420,0.01699603,395.1503,9483.6071,0.01699603,395.1503,395.1503,395.1503,0.0000,0.0000,9483.6071,0.01699603,1185.4509,1138.6651,8693.3065,8740.0923,0.01557970,0.01566354,0.00070817,22.4534,20.6030,0.4031,82.3230,2.6463,4649.9123,204.2083,25.9152,21.1137,12.8578,14.5296,26.176,48.8436,54.2173,102.8621,13.088,0.0,3.731508,7.079487,1.545355,30,207,63,6,0.32204186,0.01770420,-0.00338982,0E-8,0.000000,0.904812,0.002133,0.03111404,2026-03-21,2026-08-06,120,3733,1703,139,0.863309,1.227414,1.154177,1.073473,,,,,,,,GLOBAL_BASELINE_NO_ENTITY_RANKING,,,NOT_APPLICABLE_GLOBAL_BASELINE,HF9g-P5,,,,X 全窗基线 · 不参与实体赏罚,15051943,1506,A168_HF9F_20260827_0900,2026-08-27 09:00:00
2026-04-06,127529701,1704,0,191.8697484490,-52.4827893098,-52.4827893098,0.2857143,7,7,0.49899058571428571,0.498990585714,-1.1285544004973334,-1.1285544004958228,-1.1285544004973334,2.8571E-13,ELIGIBLE,R03b_20260811_FULL_v1,L1_ELIGIBILITY,v2026-08-11,2026-03-21..2026-08-06,baccarat_bet02_101_all_pairs_incl_sentinel,round_win = game_pnl > 0 (decisive only),COMPATIBILITY_ONLY_NOT_PRODUCTION,557989.4742,504875.3716,9878.7574,24851,24505,-0.01770420,0.00338982,-0.02772422,-0.01770420,-9878.7574,557989.4742,OK,0.0000,395.1503,4.0000,96.0000,AG03-UNRESOLVED,ALL5_LEVELS_bet23_to_bet27,395.1503,395.1503,395.1503,0.0000,0.0000,4.000000,4.000000,4.000000,0.000000,0.000000,96.000000,96.000000,96.000000,100.000000,100.000000,5.0,1185.4509,1138.6651,8693.3065,8740.0923,PENDING_AG03,FALSE,NOT_FOR_ENFORCEMENT,9483.6071,484680.3568,9878.7574,9483.6071,395.1503,0.01770420,0.01699603,395.1503,9483.6071,0.01699603,395.1503,395.1503,395.1503,0.0000,0.0000,9483.6071,0.01699603,1185.4509,1138.6651,8693.3065,8740.0923,0.01557970,0.01566354,0.00070817,22.4534,20.6030,0.4031,82.3230,2.6463,4649.9123,204.2083,25.9152,21.1137,12.8578,14.5296,26.176,48.8436,54.2173,102.8621,13.088,0.0,3.731508,7.079487,1.545355,30,207,63,6,0.32204186,0.01770420,-0.00338982,0E-8,0.000000,0.904812,0.002133,0.03111404,2026-03-21,2026-08-06,120,3733,1703,139,0.863309,1.227414,1.154177,1.073473,,,,,,,,GLOBAL_BASELINE_NO_ENTITY_RANKING,,,NOT_APPLICABLE_GLOBAL_BASELINE,HF9g-P5,,,,X 全窗基线 · 不参与实体赏罚,15051944,1506,A168_HF9F_20260827_0900,2026-08-27 09:00:00
2026-04-06,127529701,1710,0,13.0879773840,12.4335785148,12.4335785148,1.0000000,1,1,0.50665070000000000,0.506650700000,0.9867858985152569,0.9867858985152569,0.9867858985152569,0E-17,ELIGIBLE,R03b_20260811_FULL_v1,L1_ELIGIBILITY,v2026-08-11,2026-03-21..2026-08-06,baccarat_bet02_101_all_pairs_incl_sentinel,round_win = game_pnl > 0 (decisive only),COMPATIBILITY_ONLY_NOT_PRODUCTION,557989.4742,504875.3716,9878.7574,24851,24505,-0.01770420,0.00338982,-0.02772422,-0.01770420,-9878.7574,557989.4742,OK,0.0000,395.1503,4.0000,96.0000,AG03-UNRESOLVED,ALL5_LEVELS_bet23_to_bet27,395.1503,395.1503,395.1503,0.0000,0.0000,4.000000,4.000000,4.000000,0.000000,0.000000,96.000000,96.000000,96.000000,100.000000,100.000000,5.0,1185.4509,1138.6651,8693.3065,8740.0923,PENDING_AG03,FALSE,NOT_FOR_ENFORCEMENT,9483.6071,484680.3568,9878.7574,9483.6071,395.1503,0.01770420,0.01699603,395.1503,9483.6071,0.01699603,395.1503,395.1503,395.1503,0.0000,0.0000,9483.6071,0.01699603,1185.4509,1138.6651,8693.3065,8740.0923,0.01557970,0.01566354,0.00070817,22.4534,20.6030,0.4031,82.3230,2.6463,4649.9123,204.2083,25.9152,21.1137,12.8578,14.5296,26.176,48.8436,54.2173,102.8621,13.088,0.0,3.731508,7.079487,1.545355,30,207,63,6,0.32204186,0.01770420,-0.00338982,0E-8,0.000000,0.904812,0.002133,0.03111404,2026-03-21,2026-08-06,120,3733,1703,139,0.863309,1.227414,1.154177,1.073473,,,,,,,,GLOBAL_BASELINE_NO_ENTITY_RANKING,,,NOT_APPLICABLE_GLOBAL_BASELINE,HF9g-P5,,,,X 全窗基线 · 不参与实体赏罚,15051945,1506,A168_HF9F_20260827_0900,2026-08-27 09:00:00
2026-04-06,127529701,1942,0,282.7003114943,-21.0716435882,-21.0716435882,0.4705882,17,17,0.50191945294117647,0.501919452941,-0.2583657432766991,-0.25836574327524353,-0.2583657432766991,1.7647E-13,ELIGIBLE,R03b_20260811_FULL_v1,L1_ELIGIBILITY,v2026-08-11,2026-03-21..2026-08-06,baccarat_bet02_101_all_pairs_incl_sentinel,round_win = game_pnl > 0 (decisive only),COMPATIBILITY_ONLY_NOT_PRODUCTION,557989.4742,504875.3716,9878.7574,24851,24505,-0.01770420,0.00338982,-0.02772422,-0.01770420,-9878.7574,557989.4742,OK,0.0000,395.1503,4.0000,96.0000,AG03-UNRESOLVED,ALL5_LEVELS_bet23_to_bet27,395.1503,395.1503,395.1503,0.0000,0.0000,4.000000,4.000000,4.000000,0.000000,0.000000,96.000000,96.000000,96.000000,100.000000,100.000000,5.0,1185.4509,1138.6651,8693.3065,8740.0923,PENDING_AG03,FALSE,NOT_FOR_ENFORCEMENT,9483.6071,484680.3568,9878.7574,9483.6071,395.1503,0.01770420,0.01699603,395.1503,9483.6071,0.01699603,395.1503,395.1503,395.1503,0.0000,0.0000,9483.6071,0.01699603,1185.4509,1138.6651,8693.3065,8740.0923,0.01557970,0.01566354,0.00070817,22.4534,20.6030,0.4031,82.3230,2.6463,4649.9123,204.2083,25.9152,21.1137,12.8578,14.5296,26.176,48.8436,54.2173,102.8621,13.088,0.0,3.731508,7.079487,1.545355,30,207,63,6,0.32204186,0.01770420,-0.00338982,0E-8,0.000000,0.904812,0.002133,0.03111404,2026-03-21,2026-08-06,120,3733,1703,139,0.863309,1.227414,1.154177,1.073473,,,,,,,,GLOBAL_BASELINE_NO_ENTITY_RANKING,,,NOT_APPLICABLE_GLOBAL_BASELINE,HF9g-P5,,,,X 全窗基线 · 不参与实体赏罚,15051946,1506,A168_HF9F_20260827_0900,2026-08-27 09:00:00
2026-04-06,127529701,1957,0,39.2639321520,-39.2639321520,-39.2639321520,0E-7,2,2,0.49324550000000000,0.493245500000,-1.3952362676504506,-1.3952362676504506,-1.3952362676504506,0E-17,ELIGIBLE,R03b_20260811_FULL_v1,L1_ELIGIBILITY,v2026-08-11,2026-03-21..2026-08-06,baccarat_bet02_101_all_pairs_incl_sentinel,round_win = game_pnl > 0 (decisive only),COMPATIBILITY_ONLY_NOT_PRODUCTION,557989.4742,504875.3716,9878.7574,24851,24505,-0.01770420,0.00338982,-0.02772422,-0.01770420,-9878.7574,557989.4742,OK,0.0000,395.1503,4.0000,96.0000,AG03-UNRESOLVED,ALL5_LEVELS_bet23_to_bet27,395.1503,395.1503,395.1503,0.0000,0.0000,4.000000,4.000000,4.000000,0.000000,0.000000,96.000000,96.000000,96.000000,100.000000,100.000000,5.0,1185.4509,1138.6651,8693.3065,8740.0923,PENDING_AG03,FALSE,NOT_FOR_ENFORCEMENT,9483.6071,484680.3568,9878.7574,9483.6071,395.1503,0.01770420,0.01699603,395.1503,9483.6071,0.01699603,395.1503,395.1503,395.1503,0.0000,0.0000,9483.6071,0.01699603,1185.4509,1138.6651,8693.3065,8740.0923,0.01557970,0.01566354,0.00070817,22.4534,20.6030,0.4031,82.3230,2.6463,4649.9123,204.2083,25.9152,21.1137,12.8578,14.5296,26.176,48.8436,54.2173,102.8621,13.088,0.0,3.731508,7.079487,1.545355,30,207,63,6,0.32204186,0.01770420,-0.00338982,0E-8,0.000000,0.904812,0.002133,0.03111404,2026-03-21,2026-08-06,120,3733,1703,139,0.863309,1.227414,1.154177,1.073473,,,,,,,,GLOBAL_BASELINE_NO_ENTITY_RANKING,,,NOT_APPLICABLE_GLOBAL_BASELINE,HF9g-P5,,,,X 全窗基线 · 不参与实体赏罚,15051947,1506,A168_HF9F_20260827_0900,2026-08-27 09:00:00
2026-04-06,127529701,1963,0,126.4298615294,60.0999921472,60.0999921472,0.8000000,6,6,0.49994810000000000,0.499948100000,1.3418728975849028,1.3418728975849028,1.3418728975849028,0E-17,ELIGIBLE,R03b_20260811_FULL_v1,L1_ELIGIBILITY,v2026-08-11,2026-03-21..2026-08-06,baccarat_bet02_101_all_pairs_incl_sentinel,round_win = game_pnl > 0 (decisive only),COMPATIBILITY_ONLY_NOT_PRODUCTION,557989.4742,504875.3716,9878.7574,24851,24505,-0.01770420,0.00338982,-0.02772422,-0.01770420,-9878.7574,557989.4742,OK,0.0000,395.1503,4.0000,96.0000,AG03-UNRESOLVED,ALL5_LEVELS_bet23_to_bet27,395.1503,395.1503,395.1503,0.0000,0.0000,4.000000,4.000000,4.000000,0.000000,0.000000,96.000000,96.000000,96.000000,100.000000,100.000000,5.0,1185.4509,1138.6651,8693.3065,8740.0923,PENDING_AG03,FALSE,NOT_FOR_ENFORCEMENT,9483.6071,484680.3568,9878.7574,9483.6071,395.1503,0.01770420,0.01699603,395.1503,9483.6071,0.01699603,395.1503,395.1503,395.1503,0.0000,0.0000,9483.6071,0.01699603,1185.4509,1138.6651,8693.3065,8740.0923,0.01557970,0.01566354,0.00070817,22.4534,20.6030,0.4031,82.3230,2.6463,4649.9123,204.2083,25.9152,21.1137,12.8578,14.5296,26.176,48.8436,54.2173,102.8621,13.088,0.0,3.731508,7.079487,1.545355,30,207,63,6,0.32204186,0.01770420,-0.00338982,0E-8,0.000000,0.904812,0.002133,0.03111404,2026-03-21,2026-08-06,120,3733,1703,139,0.863309,1.227414,1.154177,1.073473,,,,,,,,GLOBAL_BASELINE_NO_ENTITY_RANKING,,,NOT_APPLICABLE_GLOBAL_BASELINE,HF9g-P5,,,,X 全窗基线 · 不参与实体赏罚,15051948,1506,A168_HF9F_20260827_0900,2026-08-27 09:00:00
2026-04-06,127529701,2115,0,191.0844698061,5.2351909536,5.2351909536,0.4000000,7,7,0.50090561428571429,0.500905614286,-0.4512643659064873,-0.4512643659077655,-0.4512643659064873,-2.8571E-13,ELIGIBLE,R03b_20260811_FULL_v1,L1_ELIGIBILITY,v2026-08-11,2026-03-21..2026-08-06,baccarat_bet02_101_all_pairs_incl_sentinel,round_win = game_pnl > 0 (decisive only),COMPATIBILITY_ONLY_NOT_PRODUCTION,557989.4742,504875.3716,9878.7574,24851,24505,-0.01770420,0.00338982,-0.02772422,-0.01770420,-9878.7574,557989.4742,OK,0.0000,395.1503,4.0000,96.0000,AG03-UNRESOLVED,ALL5_LEVELS_bet23_to_bet27,395.1503,395.1503,395.1503,0.0000,0.0000,4.000000,4.000000,4.000000,0.000000,0.000000,96.000000,96.000000,96.000000,100.000000,100.000000,5.0,1185.4509,1138.6651,8693.3065,8740.0923,PENDING_AG03,FALSE,NOT_FOR_ENFORCEMENT,9483.6071,484680.3568,9878.7574,9483.6071,395.1503,0.01770420,0.01699603,395.1503,9483.6071,0.01699603,395.1503,395.1503,395.1503,0.0000,0.0000,9483.6071,0.01699603,1185.4509,1138.6651,8693.3065,8740.0923,0.01557970,0.01566354,0.00070817,22.4534,20.6030,0.4031,82.3230,2.6463,4649.9123,204.2083,25.9152,21.1137,12.8578,14.5296,26.176,48.8436,54.2173,102.8621,13.088,0.0,3.731508,7.079487,1.545355,30,207,63,6,0.32204186,0.01770420,-0.00338982,0E-8,0.000000,0.904812,0.002133,0.03111404,2026-03-21,2026-08-06,120,3733,1703,139,0.863309,1.227414,1.154177,1.073473,,,,,,,,GLOBAL_BASELINE_NO_ENTITY_RANKING,,,NOT_APPLICABLE_GLOBAL_BASELINE,HF9g-P5,,,,X 全窗基线 · 不参与实体赏罚,15051949,1506,A168_HF9F_20260827_0900,2026-08-27 09:00:00
2026-04-06,127529701,2127,0,91.6158416879,-13.7423762531,-13.7423762531,0.6000000,5,5,0.49860758000000000,0.498607580000,0.4534424453485946,0.4534424453485946,0.4534424453485946,0E-17,ELIGIBLE,R03b_20260811_FULL_v1,L1_ELIGIBILITY,v2026-08-11,2026-03-21..2026-08-06,baccarat_bet02_101_all_pairs_incl_sentinel,round_win = game_pnl > 0 (decisive only),COMPATIBILITY_ONLY_NOT_PRODUCTION,557989.4742,504875.3716,9878.7574,24851,24505,-0.01770420,0.00338982,-0.02772422,-0.01770420,-9878.7574,557989.4742,OK,0.0000,395.1503,4.0000,96.0000,AG03-UNRESOLVED,ALL5_LEVELS_bet23_to_bet27,395.1503,395.1503,395.1503,0.0000,0.0000,4.000000,4.000000,4.000000,0.000000,0.000000,96.000000,96.000000,96.000000,100.000000,100.000000,5.0,1185.4509,1138.6651,8693.3065,8740.0923,PENDING_AG03,FALSE,NOT_FOR_ENFORCEMENT,9483.6071,484680.3568,9878.7574,9483.6071,395.1503,0.01770420,0.01699603,395.1503,9483.6071,0.01699603,395.1503,395.1503,395.1503,0.0000,0.0000,9483.6071,0.01699603,1185.4509,1138.6651,8693.3065,8740.0923,0.01557970,0.01566354,0.00070817,22.4534,20.6030,0.4031,82.3230,2.6463,4649.9123,204.2083,25.9152,21.1137,12.8578,14.5296,26.176,48.8436,54.2173,102.8621,13.088,0.0,3.731508,7.079487,1.545355,30,207,63,6,0.32204186,0.01770420,-0.00338982,0E-8,0.000000,0.904812,0.002133,0.03111404,2026-03-21,2026-08-06,120,3733,1703,139,0.863309,1.227414,1.154177,1.073473,,,,,,,,GLOBAL_BASELINE_NO_ENTITY_RANKING,,,NOT_APPLICABLE_GLOBAL_BASELINE,HF9g-P5,,,,X 全窗基线 · 不参与实体赏罚,15051950,1506,A168_HF9F_20260827_0900,2026-08-27 09:00:00
2026-04-06,127529701,2141,0,480.5905295400,85.5299322046,85.5299322046,0.6000000,22,22,0.49933877272727273,0.499338772727,0.9003421748197634,0.9003421748222036,0.9003421748197634,2.7273E-13,ELIGIBLE,R03b_20260811_FULL_v1,L1_ELIGIBILITY,v2026-08-11,2026-03-21..2026-08-06,baccarat_bet02_101_all_pairs_incl_sentinel,round_win = game_pnl > 0 (decisive only),COMPATIBILITY_ONLY_NOT_PRODUCTION,557989.4742,504875.3716,9878.7574,24851,24505,-0.01770420,0.00338982,-0.02772422,-0.01770420,-9878.7574,557989.4742,OK,0.0000,395.1503,4.0000,96.0000,AG03-UNRESOLVED,ALL5_LEVELS_bet23_to_bet27,395.1503,395.1503,395.1503,0.0000,0.0000,4.000000,4.000000,4.000000,0.000000,0.000000,96.000000,96.000000,96.000000,100.000000,100.000000,5.0,1185.4509,1138.6651,8693.3065,8740.0923,PENDING_AG03,FALSE,NOT_FOR_ENFORCEMENT,9483.6071,484680.3568,9878.7574,9483.6071,395.1503,0.01770420,0.01699603,395.1503,9483.6071,0.01699603,395.1503,395.1503,395.1503,0.0000,0.0000,9483.6071,0.01699603,1185.4509,1138.6651,8693.3065,8740.0923,0.01557970,0.01566354,0.00070817,22.4534,20.6030,0.4031,82.3230,2.6463,4649.9123,204.2083,25.9152,21.1137,12.8578,14.5296,26.176,48.8436,54.2173,102.8621,13.088,0.0,3.731508,7.079487,1.545355,30,207,63,6,0.32204186,0.01770420,-0.00338982,0E-8,0.000000,0.904812,0.002133,0.03111404,2026-03-21,2026-08-06,120,3733,1703,139,0.863309,1.227414,1.154177,1.073473,,,,,,,,GLOBAL_BASELINE_NO_ENTITY_RANKING,,,NOT_APPLICABLE_GLOBAL_BASELINE,HF9g-P5,,,,X 全窗基线 · 不参与实体赏罚,15051951,1506,A168_HF9F_20260827_0900,2026-08-27 09:00:00
2026-04-06,127529701,2147,0,157.0557286078,24.8671570296,24.8671570296,0.5000000,6,6,0.49547970000000000,0.495479700000,0.022145762000773162,0.022145762000773162,0.022145762000773162,0E-17,ELIGIBLE,R03b_20260811_FULL_v1,L1_ELIGIBILITY,v2026-08-11,2026-03-21..2026-08-06,baccarat_bet02_101_all_pairs_incl_sentinel,round_win = game_pnl > 0 (decisive only),COMPATIBILITY_ONLY_NOT_PRODUCTION,557989.4742,504875.3716,9878.7574,24851,24505,-0.01770420,0.00338982,-0.02772422,-0.01770420,-9878.7574,557989.4742,OK,0.0000,395.1503,4.0000,96.0000,AG03-UNRESOLVED,ALL5_LEVELS_bet23_to_bet27,395.1503,395.1503,395.1503,0.0000,0.0000,4.000000,4.000000,4.000000,0.000000,0.000000,96.000000,96.000000,96.000000,100.000000,100.000000,5.0,1185.4509,1138.6651,8693.3065,8740.0923,PENDING_AG03,FALSE,NOT_FOR_ENFORCEMENT,9483.6071,484680.3568,9878.7574,9483.6071,395.1503,0.01770420,0.01699603,395.1503,9483.6071,0.01699603,395.1503,395.1503,395.1503,0.0000,0.0000,9483.6071,0.01699603,1185.4509,1138.6651,8693.3065,8740.0923,0.01557970,0.01566354,0.00070817,22.4534,20.6030,0.4031,82.3230,2.6463,4649.9123,204.2083,25.9152,21.1137,12.8578,14.5296,26.176,48.8436,54.2173,102.8621,13.088,0.0,3.731508,7.079487,1.545355,30,207,63,6,0.32204186,0.01770420,-0.00338982,0E-8,0.000000,0.904812,0.002133,0.03111404,2026-03-21,2026-08-06,120,3733,1703,139,0.863309,1.227414,1.154177,1.073473,,,,,,,,GLOBAL_BASELINE_NO_ENTITY_RANKING,,,NOT_APPLICABLE_GLOBAL_BASELINE,HF9g-P5,,,,X 全窗基线 · 不参与实体赏罚,15051952,1506,A168_HF9F_20260827_0900,2026-08-27 09:00:00
2026-04-06,127529701,2153,0,251.2891657726,105.7508572625,105.7508572625,0.5833333,13,13,0.50149485384615385,0.501494853846,0.5669961519551939,0.5669961519562594,0.5669961519551939,1.5385E-13,ELIGIBLE,R03b_20260811_FULL_v1,L1_ELIGIBILITY,v2026-08-11,2026-03-21..2026-08-06,baccarat_bet02_101_all_pairs_incl_sentinel,round_win = game_pnl > 0 (decisive only),COMPATIBILITY_ONLY_NOT_PRODUCTION,557989.4742,504875.3716,9878.7574,24851,24505,-0.01770420,0.00338982,-0.02772422,-0.01770420,-9878.7574,557989.4742,OK,0.0000,395.1503,4.0000,96.0000,AG03-UNRESOLVED,ALL5_LEVELS_bet23_to_bet27,395.1503,395.1503,395.1503,0.0000,0.0000,4.000000,4.000000,4.000000,0.000000,0.000000,96.000000,96.000000,96.000000,100.000000,100.000000,5.0,1185.4509,1138.6651,8693.3065,8740.0923,PENDING_AG03,FALSE,NOT_FOR_ENFORCEMENT,9483.6071,484680.3568,9878.7574,9483.6071,395.1503,0.01770420,0.01699603,395.1503,9483.6071,0.01699603,395.1503,395.1503,395.1503,0.0000,0.0000,9483.6071,0.01699603,1185.4509,1138.6651,8693.3065,8740.0923,0.01557970,0.01566354,0.00070817,22.4534,20.6030,0.4031,82.3230,2.6463,4649.9123,204.2083,25.9152,21.1137,12.8578,14.5296,26.176,48.8436,54.2173,102.8621,13.088,0.0,3.731508,7.079487,1.545355,30,207,63,6,0.32204186,0.01770420,-0.00338982,0E-8,0.000000,0.904812,0.002133,0.03111404,2026-03-21,2026-08-06,120,3733,1703,139,0.863309,1.227414,1.154177,1.073473,,,,,,,,GLOBAL_BASELINE_NO_ENTITY_RANKING,,,NOT_APPLICABLE_GLOBAL_BASELINE,HF9g-P5,,,,X 全窗基线 · 不参与实体赏罚,15051953,1506,A168_HF9F_20260827_0900,2026-08-27 09:00:00
2026-04-06,127529701,2175,0,139.5178389132,-109.4154909301,-109.4154909301,0E-7,5,5,0.50396966000000000,0.503969660000,-2.0159421762433145,-2.015942176243315,-2.0159421762433145,0E-17,ELIGIBLE,R03b_20260811_FULL_v1,L1_ELIGIBILITY,v2026-08-11,2026-03-21..2026-08-06,baccarat_bet02_101_all_pairs_incl_sentinel,round_win = game_pnl > 0 (decisive only),COMPATIBILITY_ONLY_NOT_PRODUCTION,557989.4742,504875.3716,9878.7574,24851,24505,-0.01770420,0.00338982,-0.02772422,-0.01770420,-9878.7574,557989.4742,OK,0.0000,395.1503,4.0000,96.0000,AG03-UNRESOLVED,ALL5_LEVELS_bet23_to_bet27,395.1503,395.1503,395.1503,0.0000,0.0000,4.000000,4.000000,4.000000,0.000000,0.000000,96.000000,96.000000,96.000000,100.000000,100.000000,5.0,1185.4509,1138.6651,8693.3065,8740.0923,PENDING_AG03,FALSE,NOT_FOR_ENFORCEMENT,9483.6071,484680.3568,9878.7574,9483.6071,395.1503,0.01770420,0.01699603,395.1503,9483.6071,0.01699603,395.1503,395.1503,395.1503,0.0000,0.0000,9483.6071,0.01699603,1185.4509,1138.6651,8693.3065,8740.0923,0.01557970,0.01566354,0.00070817,22.4534,20.6030,0.4031,82.3230,2.6463,4649.9123,204.2083,25.9152,21.1137,12.8578,14.5296,26.176,48.8436,54.2173,102.8621,13.088,0.0,3.731508,7.079487,1.545355,30,207,63,6,0.32204186,0.01770420,-0.00338982,0E-8,0.000000,0.904812,0.002133,0.03111404,2026-03-21,2026-08-06,120,3733,1703,139,0.863309,1.227414,1.154177,1.073473,,,,,,,,GLOBAL_BASELINE_NO_ENTITY_RANKING,,,NOT_APPLICABLE_GLOBAL_BASELINE,HF9g-P5,,,,X 全窗基线 · 不参与实体赏罚,15051954,1506,A168_HF9F_20260827_0900,2026-08-27 09:00:00
2026-04-06,127529701,2202,0,192.1315079969,-38.3477737351,-38.3477737351,0.3333333,8,7,0.50391494489795948,0.503778157143,-0.8357014333092767,-0.835029534815252,-0.8357014333092767,0.00013678775495948,ELIGIBLE,R03b_20260811_FULL_v1,L1_ELIGIBILITY,v2026-08-11,2026-03-21..2026-08-06,baccarat_bet02_101_all_pairs_incl_sentinel,round_win = game_pnl > 0 (decisive only),COMPATIBILITY_ONLY_NOT_PRODUCTION,557989.4742,504875.3716,9878.7574,24851,24505,-0.01770420,0.00338982,-0.02772422,-0.01770420,-9878.7574,557989.4742,OK,0.0000,395.1503,4.0000,96.0000,AG03-UNRESOLVED,ALL5_LEVELS_bet23_to_bet27,395.1503,395.1503,395.1503,0.0000,0.0000,4.000000,4.000000,4.000000,0.000000,0.000000,96.000000,96.000000,96.000000,100.000000,100.000000,5.0,1185.4509,1138.6651,8693.3065,8740.0923,PENDING_AG03,FALSE,NOT_FOR_ENFORCEMENT,9483.6071,484680.3568,9878.7574,9483.6071,395.1503,0.01770420,0.01699603,395.1503,9483.6071,0.01699603,395.1503,395.1503,395.1503,0.0000,0.0000,9483.6071,0.01699603,1185.4509,1138.6651,8693.3065,8740.0923,0.01557970,0.01566354,0.00070817,22.4534,20.6030,0.4031,82.3230,2.6463,4649.9123,204.2083,25.9152,21.1137,12.8578,14.5296,26.176,48.8436,54.2173,102.8621,13.088,0.0,3.731508,7.079487,1.545355,30,207,63,6,0.32204186,0.01770420,-0.00338982,0E-8,0.000000,0.904812,0.002133,0.03111404,2026-03-21,2026-08-06,120,3733,1703,139,0.863309,1.227414,1.154177,1.073473,,,,,,,,GLOBAL_BASELINE_NO_ENTITY_RANKING,,,NOT_APPLICABLE_GLOBAL_BASELINE,HF9g-P5,,,,X 全窗基线 · 不参与实体赏罚,15051955,1506,A168_HF9F_20260827_0900,2026-08-27 09:00:00
2026-04-06,127529701,2205,0,210.7164358821,-143.3133523545,-143.3133523545,0.2500000,8,8,0.49659680000000000,0.496596800000,-1.3949944693763336,-1.3949944693763339,-1.3949944693763336,0E-17,ELIGIBLE,R03b_20260811_FULL_v1,L1_ELIGIBILITY,v2026-08-11,2026-03-21..2026-08-06,baccarat_bet02_101_all_pairs_incl_sentinel,round_win = game_pnl > 0 (decisive only),COMPATIBILITY_ONLY_NOT_PRODUCTION,557989.4742,504875.3716,9878.7574,24851,24505,-0.01770420,0.00338982,-0.02772422,-0.01770420,-9878.7574,557989.4742,OK,0.0000,395.1503,4.0000,96.0000,AG03-UNRESOLVED,ALL5_LEVELS_bet23_to_bet27,395.1503,395.1503,395.1503,0.0000,0.0000,4.000000,4.000000,4.000000,0.000000,0.000000,96.000000,96.000000,96.000000,100.000000,100.000000,5.0,1185.4509,1138.6651,8693.3065,8740.0923,PENDING_AG03,FALSE,NOT_FOR_ENFORCEMENT,9483.6071,484680.3568,9878.7574,9483.6071,395.1503,0.01770420,0.01699603,395.1503,9483.6071,0.01699603,395.1503,395.1503,395.1503,0.0000,0.0000,9483.6071,0.01699603,1185.4509,1138.6651,8693.3065,8740.0923,0.01557970,0.01566354,0.00070817,22.4534,20.6030,0.4031,82.3230,2.6463,4649.9123,204.2083,25.9152,21.1137,12.8578,14.5296,26.176,48.8436,54.2173,102.8621,13.088,0.0,3.731508,7.079487,1.545355,30,207,63,6,0.32204186,0.01770420,-0.00338982,0E-8,0.000000,0.904812,0.002133,0.03111404,2026-03-21,2026-08-06,120,3733,1703,139,0.863309,1.227414,1.154177,1.073473,,,,,,,,GLOBAL_BASELINE_NO_ENTITY_RANKING,,,NOT_APPLICABLE_GLOBAL_BASELINE,HF9g-P5,,,,X 全窗基线 · 不参与实体赏罚,15051956,1506,A168_HF9F_20260827_0900,2026-08-27 09:00:00
2026-04-06,127529701,2209,0,89.7835248541,12.9570976101,12.9570976101,0.5000000,4,4,0.49659680000000000,0.496596800000,0.013613115331600182,0.013613115331600183,0.013613115331600182,0E-17,ELIGIBLE,R03b_20260811_FULL_v1,L1_ELIGIBILITY,v2026-08-11,2026-03-21..2026-08-06,baccarat_bet02_101_all_pairs_incl_sentinel,round_win = game_pnl > 0 (decisive only),COMPATIBILITY_ONLY_NOT_PRODUCTION,557989.4742,504875.3716,9878.7574,24851,24505,-0.01770420,0.00338982,-0.02772422,-0.01770420,-9878.7574,557989.4742,OK,0.0000,395.1503,4.0000,96.0000,AG03-UNRESOLVED,ALL5_LEVELS_bet23_to_bet27,395.1503,395.1503,395.1503,0.0000,0.0000,4.000000,4.000000,4.000000,0.000000,0.000000,96.000000,96.000000,96.000000,100.000000,100.000000,5.0,1185.4509,1138.6651,8693.3065,8740.0923,PENDING_AG03,FALSE,NOT_FOR_ENFORCEMENT,9483.6071,484680.3568,9878.7574,9483.6071,395.1503,0.01770420,0.01699603,395.1503,9483.6071,0.01699603,395.1503,395.1503,395.1503,0.0000,0.0000,9483.6071,0.01699603,1185.4509,1138.6651,8693.3065,8740.0923,0.01557970,0.01566354,0.00070817,22.4534,20.6030,0.4031,82.3230,2.6463,4649.9123,204.2083,25.9152,21.1137,12.8578,14.5296,26.176,48.8436,54.2173,102.8621,13.088,0.0,3.731508,7.079487,1.545355,30,207,63,6,0.32204186,0.01770420,-0.00338982,0E-8,0.000000,0.904812,0.002133,0.03111404,2026-03-21,2026-08-06,120,3733,1703,139,0.863309,1.227414,1.154177,1.073473,,,,,,,,GLOBAL_BASELINE_NO_ENTITY_RANKING,,,NOT_APPLICABLE_GLOBAL_BASELINE,HF9g-P5,,,,X 全窗基线 · 不参与实体赏罚,15051957,1506,A168_HF9F_20260827_0900,2026-08-27 09:00:00
2026-04-06,127529701,2223,0,146.5853467007,35.3375389367,35.3375389367,0.5000000,8,8,0.49827245000000000,0.498272450000,0.009772556889889069,0.009772556889889069,0.009772556889889069,0E-17,ELIGIBLE,R03b_20260811_FULL_v1,L1_ELIGIBILITY,v2026-08-11,2026-03-21..2026-08-06,baccarat_bet02_101_all_pairs_incl_sentinel,round_win = game_pnl > 0 (decisive only),COMPATIBILITY_ONLY_NOT_PRODUCTION,557989.4742,504875.3716,9878.7574,24851,24505,-0.01770420,0.00338982,-0.02772422,-0.01770420,-9878.7574,557989.4742,OK,0.0000,395.1503,4.0000,96.0000,AG03-UNRESOLVED,ALL5_LEVELS_bet23_to_bet27,395.1503,395.1503,395.1503,0.0000,0.0000,4.000000,4.000000,4.000000,0.000000,0.000000,96.000000,96.000000,96.000000,100.000000,100.000000,5.0,1185.4509,1138.6651,8693.3065,8740.0923,PENDING_AG03,FALSE,NOT_FOR_ENFORCEMENT,9483.6071,484680.3568,9878.7574,9483.6071,395.1503,0.01770420,0.01699603,395.1503,9483.6071,0.01699603,395.1503,395.1503,395.1503,0.0000,0.0000,9483.6071,0.01699603,1185.4509,1138.6651,8693.3065,8740.0923,0.01557970,0.01566354,0.00070817,22.4534,20.6030,0.4031,82.3230,2.6463,4649.9123,204.2083,25.9152,21.1137,12.8578,14.5296,26.176,48.8436,54.2173,102.8621,13.088,0.0,3.731508,7.079487,1.545355,30,207,63,6,0.32204186,0.01770420,-0.00338982,0E-8,0.000000,0.904812,0.002133,0.03111404,2026-03-21,2026-08-06,120,3733,1703,139,0.863309,1.227414,1.154177,1.073473,,,,,,,,GLOBAL_BASELINE_NO_ENTITY_RANKING,,,NOT_APPLICABLE_GLOBAL_BASELINE,HF9g-P5,,,,X 全窗基线 · 不参与实体赏罚,15051958,1506,A168_HF9F_20260827_0900,2026-08-27 09:00:00
2026-04-06,127529701,2233,0,261.7595476797,65.0210716436,65.0210716436,0.6153846,14,14,0.50186312857142857,0.501863128571,0.8186207664349535,0.8186207664380415,0.8186207664349535,4.2857E-13,ELIGIBLE,R03b_20260811_FULL_v1,L1_ELIGIBILITY,v2026-08-11,2026-03-21..2026-08-06,baccarat_bet02_101_all_pairs_incl_sentinel,round_win = game_pnl > 0 (decisive only),COMPATIBILITY_ONLY_NOT_PRODUCTION,557989.4742,504875.3716,9878.7574,24851,24505,-0.01770420,0.00338982,-0.02772422,-0.01770420,-9878.7574,557989.4742,OK,0.0000,395.1503,4.0000,96.0000,AG03-UNRESOLVED,ALL5_LEVELS_bet23_to_bet27,395.1503,395.1503,395.1503,0.0000,0.0000,4.000000,4.000000,4.000000,0.000000,0.000000,96.000000,96.000000,96.000000,100.000000,100.000000,5.0,1185.4509,1138.6651,8693.3065,8740.0923,PENDING_AG03,FALSE,NOT_FOR_ENFORCEMENT,9483.6071,484680.3568,9878.7574,9483.6071,395.1503,0.01770420,0.01699603,395.1503,9483.6071,0.01699603,395.1503,395.1503,395.1503,0.0000,0.0000,9483.6071,0.01699603,1185.4509,1138.6651,8693.3065,8740.0923,0.01557970,0.01566354,0.00070817,22.4534,20.6030,0.4031,82.3230,2.6463,4649.9123,204.2083,25.9152,21.1137,12.8578,14.5296,26.176,48.8436,54.2173,102.8621,13.088,0.0,3.731508,7.079487,1.545355,30,207,63,6,0.32204186,0.01770420,-0.00338982,0E-8,0.000000,0.904812,0.002133,0.03111404,2026-03-21,2026-08-06,120,3733,1703,139,0.863309,1.227414,1.154177,1.073473,,,,,,,,GLOBAL_BASELINE_NO_ENTITY_RANKING,,,NOT_APPLICABLE_GLOBAL_BASELINE,HF9g-P5,,,,X 全窗基线 · 不参与实体赏罚,15051959,1506,A168_HF9F_20260827_0900,2026-08-27 09:00:00
2026-04-06,127529701,2235,0,94.7569562600,45.6770410701,45.6770410701,0.7500000,4,4,0.49994810000000000,0.499948100000,1.0002076053883384,1.0002076053883384,1.0002076053883384,0E-17,ELIGIBLE,R03b_20260811_FULL_v1,L1_ELIGIBILITY,v2026-08-11,2026-03-21..2026-08-06,baccarat_bet02_101_all_pairs_incl_sentinel,round_win = game_pnl > 0 (decisive only),COMPATIBILITY_ONLY_NOT_PRODUCTION,557989.4742,504875.3716,9878.7574,24851,24505,-0.01770420,0.00338982,-0.02772422,-0.01770420,-9878.7574,557989.4742,OK,0.0000,395.1503,4.0000,96.0000,AG03-UNRESOLVED,ALL5_LEVELS_bet23_to_bet27,395.1503,395.1503,395.1503,0.0000,0.0000,4.000000,4.000000,4.000000,0.000000,0.000000,96.000000,96.000000,96.000000,100.000000,100.000000,5.0,1185.4509,1138.6651,8693.3065,8740.0923,PENDING_AG03,FALSE,NOT_FOR_ENFORCEMENT,9483.6071,484680.3568,9878.7574,9483.6071,395.1503,0.01770420,0.01699603,395.1503,9483.6071,0.01699603,395.1503,395.1503,395.1503,0.0000,0.0000,9483.6071,0.01699603,1185.4509,1138.6651,8693.3065,8740.0923,0.01557970,0.01566354,0.00070817,22.4534,20.6030,0.4031,82.3230,2.6463,4649.9123,204.2083,25.9152,21.1137,12.8578,14.5296,26.176,48.8436,54.2173,102.8621,13.088,0.0,3.731508,7.079487,1.545355,30,207,63,6,0.32204186,0.01770420,-0.00338982,0E-8,0.000000,0.904812,0.002133,0.03111404,2026-03-21,2026-08-06,120,3733,1703,139,0.863309,1.227414,1.154177,1.073473,,,,,,,,GLOBAL_BASELINE_NO_ENTITY_RANKING,,,NOT_APPLICABLE_GLOBAL_BASELINE,HF9g-P5,,,,X 全窗基线 · 不参与实体赏罚,15051960,1506,A168_HF9F_20260827_0900,2026-08-27 09:00:00
2026-04-06,127529701,2242,0,209.1458785961,-78.7896238516,-78.7896238516,0.3333333,8,8,0.49659680000000000,0.496596800000,-0.7998429013504523,-0.7998429013504523,-0.7998429013504523,0E-17,ELIGIBLE,R03b_20260811_FULL_v1,L1_ELIGIBILITY,v2026-08-11,2026-03-21..2026-08-06,baccarat_bet02_101_all_pairs_incl_sentinel,round_win = game_pnl > 0 (decisive only),COMPATIBILITY_ONLY_NOT_PRODUCTION,557989.4742,504875.3716,9878.7574,24851,24505,-0.01770420,0.00338982,-0.02772422,-0.01770420,-9878.7574,557989.4742,OK,0.0000,395.1503,4.0000,96.0000,AG03-UNRESOLVED,ALL5_LEVELS_bet23_to_bet27,395.1503,395.1503,395.1503,0.0000,0.0000,4.000000,4.000000,4.000000,0.000000,0.000000,96.000000,96.000000,96.000000,100.000000,100.000000,5.0,1185.4509,1138.6651,8693.3065,8740.0923,PENDING_AG03,FALSE,NOT_FOR_ENFORCEMENT,9483.6071,484680.3568,9878.7574,9483.6071,395.1503,0.01770420,0.01699603,395.1503,9483.6071,0.01699603,395.1503,395.1503,395.1503,0.0000,0.0000,9483.6071,0.01699603,1185.4509,1138.6651,8693.3065,8740.0923,0.01557970,0.01566354,0.00070817,22.4534,20.6030,0.4031,82.3230,2.6463,4649.9123,204.2083,25.9152,21.1137,12.8578,14.5296,26.176,48.8436,54.2173,102.8621,13.088,0.0,3.731508,7.079487,1.545355,30,207,63,6,0.32204186,0.01770420,-0.00338982,0E-8,0.000000,0.904812,0.002133,0.03111404,2026-03-21,2026-08-06,120,3733,1703,139,0.863309,1.227414,1.154177,1.073473,,,,,,,,GLOBAL_BASELINE_NO_ENTITY_RANKING,,,NOT_APPLICABLE_GLOBAL_BASELINE,HF9g-P5,,,,X 全窗基线 · 不参与实体赏罚,15051961,1506,A168_HF9F_20260827_0900,2026-08-27 09:00:00
2026-04-06,127529701,2246,0,2.6175954768,2.6175954768,2.6175954768,1.0000000,1,1,0.49324550000000000,0.493245500000,1.01360149184955,1.01360149184955,1.01360149184955,0E-17,ELIGIBLE,R03b_20260811_FULL_v1,L1_ELIGIBILITY,v2026-08-11,2026-03-21..2026-08-06,baccarat_bet02_101_all_pairs_incl_sentinel,round_win = game_pnl > 0 (decisive only),COMPATIBILITY_ONLY_NOT_PRODUCTION,557989.4742,504875.3716,9878.7574,24851,24505,-0.01770420,0.00338982,-0.02772422,-0.01770420,-9878.7574,557989.4742,OK,0.0000,395.1503,4.0000,96.0000,AG03-UNRESOLVED,ALL5_LEVELS_bet23_to_bet27,395.1503,395.1503,395.1503,0.0000,0.0000,4.000000,4.000000,4.000000,0.000000,0.000000,96.000000,96.000000,96.000000,100.000000,100.000000,5.0,1185.4509,1138.6651,8693.3065,8740.0923,PENDING_AG03,FALSE,NOT_FOR_ENFORCEMENT,9483.6071,484680.3568,9878.7574,9483.6071,395.1503,0.01770420,0.01699603,395.1503,9483.6071,0.01699603,395.1503,395.1503,395.1503,0.0000,0.0000,9483.6071,0.01699603,1185.4509,1138.6651,8693.3065,8740.0923,0.01557970,0.01566354,0.00070817,22.4534,20.6030,0.4031,82.3230,2.6463,4649.9123,204.2083,25.9152,21.1137,12.8578,14.5296,26.176,48.8436,54.2173,102.8621,13.088,0.0,3.731508,7.079487,1.545355,30,207,63,6,0.32204186,0.01770420,-0.00338982,0E-8,0.000000,0.904812,0.002133,0.03111404,2026-03-21,2026-08-06,120,3733,1703,139,0.863309,1.227414,1.154177,1.073473,,,,,,,,GLOBAL_BASELINE_NO_ENTITY_RANKING,,,NOT_APPLICABLE_GLOBAL_BASELINE,HF9g-P5,,,,X 全窗基线 · 不参与实体赏罚,15051962,1506,A168_HF9F_20260827_0900,2026-08-27 09:00:00
2026-04-06,127529701,462,0,217.2604245744,45.4152815224,45.4152815224,0.6363636,12,12,0.49771390000000000,0.497713900000,0.9197079189029226,0.9197079189029226,0.9197079189029226,0E-17,ELIGIBLE,R03b_20260811_FULL_v1,L1_ELIGIBILITY,v2026-08-11,2026-03-21..2026-08-06,baccarat_bet02_101_all_pairs_incl_sentinel,round_win = game_pnl > 0 (decisive only),COMPATIBILITY_ONLY_NOT_PRODUCTION,557989.4742,504875.3716,9878.7574,24851,24505,-0.01770420,0.00338982,-0.02772422,-0.01770420,-9878.7574,557989.4742,OK,0.0000,395.1503,4.0000,96.0000,AG03-UNRESOLVED,ALL5_LEVELS_bet23_to_bet27,395.1503,395.1503,395.1503,0.0000,0.0000,4.000000,4.000000,4.000000,0.000000,0.000000,96.000000,96.000000,96.000000,100.000000,100.000000,5.0,1185.4509,1138.6651,8693.3065,8740.0923,PENDING_AG03,FALSE,NOT_FOR_ENFORCEMENT,9483.6071,484680.3568,9878.7574,9483.6071,395.1503,0.01770420,0.01699603,395.1503,9483.6071,0.01699603,395.1503,395.1503,395.1503,0.0000,0.0000,9483.6071,0.01699603,1185.4509,1138.6651,8693.3065,8740.0923,0.01557970,0.01566354,0.00070817,22.4534,20.6030,0.4031,82.3230,2.6463,4649.9123,204.2083,25.9152,21.1137,12.8578,14.5296,26.176,48.8436,54.2173,102.8621,13.088,0.0,3.731508,7.079487,1.545355,30,207,63,6,0.32204186,0.01770420,-0.00338982,0E-8,0.000000,0.904812,0.002133,0.03111404,2026-03-21,2026-08-06,120,3733,1703,139,0.863309,1.227414,1.154177,1.073473,,,,,,,,GLOBAL_BASELINE_NO_ENTITY_RANKING,,,NOT_APPLICABLE_GLOBAL_BASELINE,HF9g-P5,,,,X 全窗基线 · 不参与实体赏罚,15051963,1506,A168_HF9F_20260827_0900,2026-08-27 09:00:00
2026-04-06,127529701,763,0,104.7038190719,-91.6158416879,-91.6158416879,0E-7,5,5,0.49860758000000000,0.498607580000,-1.9944380537814452,-1.9944380537814452,-1.9944380537814452,0E-17,ELIGIBLE,R03b_20260811_FULL_v1,L1_ELIGIBILITY,v2026-08-11,2026-03-21..2026-08-06,baccarat_bet02_101_all_pairs_incl_sentinel,round_win = game_pnl > 0 (decisive only),COMPATIBILITY_ONLY_NOT_PRODUCTION,557989.4742,504875.3716,9878.7574,24851,24505,-0.01770420,0.00338982,-0.02772422,-0.01770420,-9878.7574,557989.4742,OK,0.0000,395.1503,4.0000,96.0000,AG03-UNRESOLVED,ALL5_LEVELS_bet23_to_bet27,395.1503,395.1503,395.1503,0.0000,0.0000,4.000000,4.000000,4.000000,0.000000,0.000000,96.000000,96.000000,96.000000,100.000000,100.000000,5.0,1185.4509,1138.6651,8693.3065,8740.0923,PENDING_AG03,FALSE,NOT_FOR_ENFORCEMENT,9483.6071,484680.3568,9878.7574,9483.6071,395.1503,0.01770420,0.01699603,395.1503,9483.6071,0.01699603,395.1503,395.1503,395.1503,0.0000,0.0000,9483.6071,0.01699603,1185.4509,1138.6651,8693.3065,8740.0923,0.01557970,0.01566354,0.00070817,22.4534,20.6030,0.4031,82.3230,2.6463,4649.9123,204.2083,25.9152,21.1137,12.8578,14.5296,26.176,48.8436,54.2173,102.8621,13.088,0.0,3.731508,7.079487,1.545355,30,207,63,6,0.32204186,0.01770420,-0.00338982,0E-8,0.000000,0.904812,0.002133,0.03111404,2026-03-21,2026-08-06,120,3733,1703,139,0.863309,1.227414,1.154177,1.073473,,,,,,,,GLOBAL_BASELINE_NO_ENTITY_RANKING,,,NOT_APPLICABLE_GLOBAL_BASELINE,HF9g-P5,,,,X 全窗基线 · 不参与实体赏罚,15051964,1506,A168_HF9F_20260827_0900,2026-08-27 09:00:00
2026-04-06,127529701,986,0,350.7577938909,94.8354841245,94.8354841245,0.7222222,18,18,0.49920336666666667,0.499203366667,1.8923801430533207,1.892380143050491,1.8923801430533207,-3.3333E-13,ELIGIBLE,R03b_20260811_FULL_v1,L1_ELIGIBILITY,v2026-08-11,2026-03-21..2026-08-06,baccarat_bet02_101_all_pairs_incl_sentinel,round_win = game_pnl > 0 (decisive only),COMPATIBILITY_ONLY_NOT_PRODUCTION,557989.4742,504875.3716,9878.7574,24851,24505,-0.01770420,0.00338982,-0.02772422,-0.01770420,-9878.7574,557989.4742,OK,0.0000,395.1503,4.0000,96.0000,AG03-UNRESOLVED,ALL5_LEVELS_bet23_to_bet27,395.1503,395.1503,395.1503,0.0000,0.0000,4.000000,4.000000,4.000000,0.000000,0.000000,96.000000,96.000000,96.000000,100.000000,100.000000,5.0,1185.4509,1138.6651,8693.3065,8740.0923,PENDING_AG03,FALSE,NOT_FOR_ENFORCEMENT,9483.6071,484680.3568,9878.7574,9483.6071,395.1503,0.01770420,0.01699603,395.1503,9483.6071,0.01699603,395.1503,395.1503,395.1503,0.0000,0.0000,9483.6071,0.01699603,1185.4509,1138.6651,8693.3065,8740.0923,0.01557970,0.01566354,0.00070817,22.4534,20.6030,0.4031,82.3230,2.6463,4649.9123,204.2083,25.9152,21.1137,12.8578,14.5296,26.176,48.8436,54.2173,102.8621,13.088,0.0,3.731508,7.079487,1.545355,30,207,63,6,0.32204186,0.01770420,-0.00338982,0E-8,0.000000,0.904812,0.002133,0.03111404,2026-03-21,2026-08-06,120,3733,1703,139,0.863309,1.227414,1.154177,1.073473,,,,,,,,GLOBAL_BASELINE_NO_ENTITY_RANKING,,,NOT_APPLICABLE_GLOBAL_BASELINE,HF9g-P5,,,,X 全窗基线 · 不参与实体赏罚,15051965,1506,A168_HF9F_20260827_0900,2026-08-27 09:00:00
2026-04-06,127529701,987,0,124.3357851480,-33.3743423292,-33.3743423292,0.4285714,7,7,0.49707555714285714,0.497075557143,-0.3624959764119633,-0.36249597641271863,-0.3624959764119633,-1.4286E-13,ELIGIBLE,R03b_20260811_FULL_v1,L1_ELIGIBILITY,v2026-08-11,2026-03-21..2026-08-06,baccarat_bet02_101_all_pairs_incl_sentinel,round_win = game_pnl > 0 (decisive only),COMPATIBILITY_ONLY_NOT_PRODUCTION,557989.4742,504875.3716,9878.7574,24851,24505,-0.01770420,0.00338982,-0.02772422,-0.01770420,-9878.7574,557989.4742,OK,0.0000,395.1503,4.0000,96.0000,AG03-UNRESOLVED,ALL5_LEVELS_bet23_to_bet27,395.1503,395.1503,395.1503,0.0000,0.0000,4.000000,4.000000,4.000000,0.000000,0.000000,96.000000,96.000000,96.000000,100.000000,100.000000,5.0,1185.4509,1138.6651,8693.3065,8740.0923,PENDING_AG03,FALSE,NOT_FOR_ENFORCEMENT,9483.6071,484680.3568,9878.7574,9483.6071,395.1503,0.01770420,0.01699603,395.1503,9483.6071,0.01699603,395.1503,395.1503,395.1503,0.0000,0.0000,9483.6071,0.01699603,1185.4509,1138.6651,8693.3065,8740.0923,0.01557970,0.01566354,0.00070817,22.4534,20.6030,0.4031,82.3230,2.6463,4649.9123,204.2083,25.9152,21.1137,12.8578,14.5296,26.176,48.8436,54.2173,102.8621,13.088,0.0,3.731508,7.079487,1.545355,30,207,63,6,0.32204186,0.01770420,-0.00338982,0E-8,0.000000,0.904812,0.002133,0.03111404,2026-03-21,2026-08-06,120,3733,1703,139,0.863309,1.227414,1.154177,1.073473,,,,,,,,GLOBAL_BASELINE_NO_ENTITY_RANKING,,,NOT_APPLICABLE_GLOBAL_BASELINE,HF9g-P5,,,,X 全窗基线 · 不参与实体赏罚,15051966,1506,A168_HF9F_20260827_0900,2026-08-27 09:00:00
2026-04-06,127529701,994,0,31.4111457216,-5.8895898228,-5.8895898228,0.5000000,2,2,0.50665070000000000,0.506650700000,-0.018812684590367487,-0.018812684590367487,-0.018812684590367487,0E-17,ELIGIBLE,R03b_20260811_FULL_v1,L1_ELIGIBILITY,v2026-08-11,2026-03-21..2026-08-06,baccarat_bet02_101_all_pairs_incl_sentinel,round_win = game_pnl > 0 (decisive only),COMPATIBILITY_ONLY_NOT_PRODUCTION,557989.4742,504875.3716,9878.7574,24851,24505,-0.01770420,0.00338982,-0.02772422,-0.01770420,-9878.7574,557989.4742,OK,0.0000,395.1503,4.0000,96.0000,AG03-UNRESOLVED,ALL5_LEVELS_bet23_to_bet27,395.1503,395.1503,395.1503,0.0000,0.0000,4.000000,4.000000,4.000000,0.000000,0.000000,96.000000,96.000000,96.000000,100.000000,100.000000,5.0,1185.4509,1138.6651,8693.3065,8740.0923,PENDING_AG03,FALSE,NOT_FOR_ENFORCEMENT,9483.6071,484680.3568,9878.7574,9483.6071,395.1503,0.01770420,0.01699603,395.1503,9483.6071,0.01699603,395.1503,395.1503,395.1503,0.0000,0.0000,9483.6071,0.01699603,1185.4509,1138.6651,8693.3065,8740.0923,0.01557970,0.01566354,0.00070817,22.4534,20.6030,0.4031,82.3230,2.6463,4649.9123,204.2083,25.9152,21.1137,12.8578,14.5296,26.176,48.8436,54.2173,102.8621,13.088,0.0,3.731508,7.079487,1.545355,30,207,63,6,0.32204186,0.01770420,-0.00338982,0E-8,0.000000,0.904812,0.002133,0.03111404,2026-03-21,2026-08-06,120,3733,1703,139,0.863309,1.227414,1.154177,1.073473,,,,,,,,GLOBAL_BASELINE_NO_ENTITY_RANKING,,,NOT_APPLICABLE_GLOBAL_BASELINE,HF9g-P5,,,,X 全窗基线 · 不参与实体赏罚,15051967,1506,A168_HF9F_20260827_0900,2026-08-27 09:00:00
2026-04-07,127529701,-1,1,1946.7057560938,-191.5032850825,-191.5032850825,0.4492754,91,74,0.48022234555809365,0.466738302703,-0.5145325811107035,-0.2907602276129846,-0.5145325811107035,0.01348404285509365,SENTINEL_DEALER,R03b_20260811_FULL_v1,L1_ELIGIBILITY,v2026-08-11,2026-03-21..2026-08-06,baccarat_bet02_101_all_pairs_incl_sentinel,round_win = game_pnl > 0 (decisive only),COMPATIBILITY_ONLY_NOT_PRODUCTION,557989.4742,504875.3716,9878.7574,24851,24505,-0.01770420,0.00338982,-0.02772422,-0.01770420,-9878.7574,557989.4742,OK,0.0000,395.1503,4.0000,96.0000,AG03-UNRESOLVED,ALL5_LEVELS_bet23_to_bet27,395.1503,395.1503,395.1503,0.0000,0.0000,4.000000,4.000000,4.000000,0.000000,0.000000,96.000000,96.000000,96.000000,100.000000,100.000000,5.0,1185.4509,1138.6651,8693.3065,8740.0923,PENDING_AG03,FALSE,NOT_FOR_ENFORCEMENT,9483.6071,484680.3568,9878.7574,9483.6071,395.1503,0.01770420,0.01699603,395.1503,9483.6071,0.01699603,395.1503,395.1503,395.1503,0.0000,0.0000,9483.6071,0.01699603,1185.4509,1138.6651,8693.3065,8740.0923,0.01557970,0.01566354,0.00070817,22.4534,20.6030,0.4031,82.3230,2.6463,4649.9123,204.2083,25.9152,21.1137,12.8578,14.5296,26.176,48.8436,54.2173,102.8621,13.088,0.0,3.731508,7.079487,1.545355,30,207,63,6,0.32204186,0.01770420,-0.00338982,0E-8,0.000000,0.904812,0.002133,0.03111404,2026-03-21,2026-08-06,120,3733,1703,139,0.863309,1.227414,1.154177,1.073473,,,,,,,,GLOBAL_BASELINE_NO_ENTITY_RANKING,,,NOT_APPLICABLE_GLOBAL_BASELINE,HF9g-P5,,,,X 全窗基线 · 不参与实体赏罚,15051968,1506,A168_HF9F_20260827_0900,2026-08-27 09:00:00
2026-04-07,127529701,1017,0,261.7595476798,-26.1759547680,-26.1759547680,0.3750000,9,9,0.49771390000000000,0.497713900000,-0.694181902665499,-0.6941819026654991,-0.694181902665499,0E-17,ELIGIBLE,R03b_20260811_FULL_v1,L1_ELIGIBILITY,v2026-08-11,2026-03-21..2026-08-06,baccarat_bet02_101_all_pairs_incl_sentinel,round_win = game_pnl > 0 (decisive only),COMPATIBILITY_ONLY_NOT_PRODUCTION,557989.4742,504875.3716,9878.7574,24851,24505,-0.01770420,0.00338982,-0.02772422,-0.01770420,-9878.7574,557989.4742,OK,0.0000,395.1503,4.0000,96.0000,AG03-UNRESOLVED,ALL5_LEVELS_bet23_to_bet27,395.1503,395.1503,395.1503,0.0000,0.0000,4.000000,4.000000,4.000000,0.000000,0.000000,96.000000,96.000000,96.000000,100.000000,100.000000,5.0,1185.4509,1138.6651,8693.3065,8740.0923,PENDING_AG03,FALSE,NOT_FOR_ENFORCEMENT,9483.6071,484680.3568,9878.7574,9483.6071,395.1503,0.01770420,0.01699603,395.1503,9483.6071,0.01699603,395.1503,395.1503,395.1503,0.0000,0.0000,9483.6071,0.01699603,1185.4509,1138.6651,8693.3065,8740.0923,0.01557970,0.01566354,0.00070817,22.4534,20.6030,0.4031,82.3230,2.6463,4649.9123,204.2083,25.9152,21.1137,12.8578,14.5296,26.176,48.8436,54.2173,102.8621,13.088,0.0,3.731508,7.079487,1.545355,30,207,63,6,0.32204186,0.01770420,-0.00338982,0E-8,0.000000,0.904812,0.002133,0.03111404,2026-03-21,2026-08-06,120,3733,1703,139,0.863309,1.227414,1.154177,1.073473,,,,,,,,GLOBAL_BASELINE_NO_ENTITY_RANKING,,,NOT_APPLICABLE_GLOBAL_BASELINE,HF9g-P5,,,,X 全窗基线 · 不参与实体赏罚,15051969,1506,A168_HF9F_20260827_0900,2026-08-27 09:00:00
2026-04-07,127529701,1078,0,167.5261105150,-63.4766903124,-63.4766903124,0.2500000,8,8,0.49659680000000000,0.496596800000,-1.3949944693763336,-1.3949944693763339,-1.3949944693763336,0E-17,ELIGIBLE,R03b_20260811_FULL_v1,L1_ELIGIBILITY,v2026-08-11,2026-03-21..2026-08-06,baccarat_bet02_101_all_pairs_incl_sentinel,round_win = game_pnl > 0 (decisive only),COMPATIBILITY_ONLY_NOT_PRODUCTION,557989.4742,504875.3716,9878.7574,24851,24505,-0.01770420,0.00338982,-0.02772422,-0.01770420,-9878.7574,557989.4742,OK,0.0000,395.1503,4.0000,96.0000,AG03-UNRESOLVED,ALL5_LEVELS_bet23_to_bet27,395.1503,395.1503,395.1503,0.0000,0.0000,4.000000,4.000000,4.000000,0.000000,0.000000,96.000000,96.000000,96.000000,100.000000,100.000000,5.0,1185.4509,1138.6651,8693.3065,8740.0923,PENDING_AG03,FALSE,NOT_FOR_ENFORCEMENT,9483.6071,484680.3568,9878.7574,9483.6071,395.1503,0.01770420,0.01699603,395.1503,9483.6071,0.01699603,395.1503,395.1503,395.1503,0.0000,0.0000,9483.6071,0.01699603,1185.4509,1138.6651,8693.3065,8740.0923,0.01557970,0.01566354,0.00070817,22.4534,20.6030,0.4031,82.3230,2.6463,4649.9123,204.2083,25.9152,21.1137,12.8578,14.5296,26.176,48.8436,54.2173,102.8621,13.088,0.0,3.731508,7.079487,1.545355,30,207,63,6,0.32204186,0.01770420,-0.00338982,0E-8,0.000000,0.904812,0.002133,0.03111404,2026-03-21,2026-08-06,120,3733,1703,139,0.863309,1.227414,1.154177,1.073473,,,,,,,,GLOBAL_BASELINE_NO_ENTITY_RANKING,,,NOT_APPLICABLE_GLOBAL_BASELINE,HF9g-P5,,,,X 全窗基线 · 不参与实体赏罚,15051970,1506,A168_HF9F_20260827_0900,2026-08-27 09:00:00
2026-04-07,127529701,1304,0,236.8923906503,64.1310891815,64.1310891815,0.6363636,12,12,0.49883100000000000,0.498831000000,0.9122907958985939,0.9122907958985939,0.9122907958985939,0E-17,ELIGIBLE,R03b_20260811_FULL_v1,L1_ELIGIBILITY,v2026-08-11,2026-03-21..2026-08-06,baccarat_bet02_101_all_pairs_incl_sentinel,round_win = game_pnl > 0 (decisive only),COMPATIBILITY_ONLY_NOT_PRODUCTION,557989.4742,504875.3716,9878.7574,24851,24505,-0.01770420,0.00338982,-0.02772422,-0.01770420,-9878.7574,557989.4742,OK,0.0000,395.1503,4.0000,96.0000,AG03-UNRESOLVED,ALL5_LEVELS_bet23_to_bet27,395.1503,395.1503,395.1503,0.0000,0.0000,4.000000,4.000000,4.000000,0.000000,0.000000,96.000000,96.000000,96.000000,100.000000,100.000000,5.0,1185.4509,1138.6651,8693.3065,8740.0923,PENDING_AG03,FALSE,NOT_FOR_ENFORCEMENT,9483.6071,484680.3568,9878.7574,9483.6071,395.1503,0.01770420,0.01699603,395.1503,9483.6071,0.01699603,395.1503,395.1503,395.1503,0.0000,0.0000,9483.6071,0.01699603,1185.4509,1138.6651,8693.3065,8740.0923,0.01557970,0.01566354,0.00070817,22.4534,20.6030,0.4031,82.3230,2.6463,4649.9123,204.2083,25.9152,21.1137,12.8578,14.5296,26.176,48.8436,54.2173,102.8621,13.088,0.0,3.731508,7.079487,1.545355,30,207,63,6,0.32204186,0.01770420,-0.00338982,0E-8,0.000000,0.904812,0.002133,0.03111404,2026-03-21,2026-08-06,120,3733,1703,139,0.863309,1.227414,1.154177,1.073473,,,,,,,,GLOBAL_BASELINE_NO_ENTITY_RANKING,,,NOT_APPLICABLE_GLOBAL_BASELINE,HF9g-P5,,,,X 全窗基线 · 不参与实体赏罚,15051971,1506,A168_HF9F_20260827_0900,2026-08-27 09:00:00
2026-04-07,127529701,1306,0,53.6607072744,-28.1391513756,-28.1391513756,0.2500000,4,4,0.49994810000000000,0.499948100000,-0.9997924053861017,-0.9997924053861017,-0.9997924053861017,0E-17,ELIGIBLE,R03b_20260811_FULL_v1,L1_ELIGIBILITY,v2026-08-11,2026-03-21..2026-08-06,baccarat_bet02_101_all_pairs_incl_sentinel,round_win = game_pnl > 0 (decisive only),COMPATIBILITY_ONLY_NOT_PRODUCTION,557989.4742,504875.3716,9878.7574,24851,24505,-0.01770420,0.00338982,-0.02772422,-0.01770420,-9878.7574,557989.4742,OK,0.0000,395.1503,4.0000,96.0000,AG03-UNRESOLVED,ALL5_LEVELS_bet23_to_bet27,395.1503,395.1503,395.1503,0.0000,0.0000,4.000000,4.000000,4.000000,0.000000,0.000000,96.000000,96.000000,96.000000,100.000000,100.000000,5.0,1185.4509,1138.6651,8693.3065,8740.0923,PENDING_AG03,FALSE,NOT_FOR_ENFORCEMENT,9483.6071,484680.3568,9878.7574,9483.6071,395.1503,0.01770420,0.01699603,395.1503,9483.6071,0.01699603,395.1503,395.1503,395.1503,0.0000,0.0000,9483.6071,0.01699603,1185.4509,1138.6651,8693.3065,8740.0923,0.01557970,0.01566354,0.00070817,22.4534,20.6030,0.4031,82.3230,2.6463,4649.9123,204.2083,25.9152,21.1137,12.8578,14.5296,26.176,48.8436,54.2173,102.8621,13.088,0.0,3.731508,7.079487,1.545355,30,207,63,6,0.32204186,0.01770420,-0.00338982,0E-8,0.000000,0.904812,0.002133,0.03111404,2026-03-21,2026-08-06,120,3733,1703,139,0.863309,1.227414,1.154177,1.073473,,,,,,,,GLOBAL_BASELINE_NO_ENTITY_RANKING,,,NOT_APPLICABLE_GLOBAL_BASELINE,HF9g-P5,,,,X 全窗基线 · 不参与实体赏罚,15051972,1506,A168_HF9F_20260827_0900,2026-08-27 09:00:00
2026-04-07,127529701,1325,0,215.9516268357,20.2863649452,20.2863649452,0.5000000,8,8,0.50162375000000000,0.501623750000,-0.00795475988626705,-0.00795475988626705,-0.00795475988626705,0E-17,ELIGIBLE,R03b_20260811_FULL_v1,L1_ELIGIBILITY,v2026-08-11,2026-03-21..2026-08-06,baccarat_bet02_101_all_pairs_incl_sentinel,round_win = game_pnl > 0 (decisive only),COMPATIBILITY_ONLY_NOT_PRODUCTION,557989.4742,504875.3716,9878.7574,24851,24505,-0.01770420,0.00338982,-0.02772422,-0.01770420,-9878.7574,557989.4742,OK,0.0000,395.1503,4.0000,96.0000,AG03-UNRESOLVED,ALL5_LEVELS_bet23_to_bet27,395.1503,395.1503,395.1503,0.0000,0.0000,4.000000,4.000000,4.000000,0.000000,0.000000,96.000000,96.000000,96.000000,100.000000,100.000000,5.0,1185.4509,1138.6651,8693.3065,8740.0923,PENDING_AG03,FALSE,NOT_FOR_ENFORCEMENT,9483.6071,484680.3568,9878.7574,9483.6071,395.1503,0.01770420,0.01699603,395.1503,9483.6071,0.01699603,395.1503,395.1503,395.1503,0.0000,0.0000,9483.6071,0.01699603,1185.4509,1138.6651,8693.3065,8740.0923,0.01557970,0.01566354,0.00070817,22.4534,20.6030,0.4031,82.3230,2.6463,4649.9123,204.2083,25.9152,21.1137,12.8578,14.5296,26.176,48.8436,54.2173,102.8621,13.088,0.0,3.731508,7.079487,1.545355,30,207,63,6,0.32204186,0.01770420,-0.00338982,0E-8,0.000000,0.904812,0.002133,0.03111404,2026-03-21,2026-08-06,120,3733,1703,139,0.863309,1.227414,1.154177,1.073473,,,,,,,,GLOBAL_BASELINE_NO_ENTITY_RANKING,,,NOT_APPLICABLE_GLOBAL_BASELINE,HF9g-P5,,,,X 全窗基线 · 不参与实体赏罚,15051973,1506,A168_HF9F_20260827_0900,2026-08-27 09:00:00
2026-04-07,127529701,1507,0,94.2334371647,13.7423762531,13.7423762531,0.5000000,4,4,0.49994810000000000,0.499948100000,0.00020760000111838688,0.00020760000111838688,0.00020760000111838688,0E-17,ELIGIBLE,R03b_20260811_FULL_v1,L1_ELIGIBILITY,v2026-08-11,2026-03-21..2026-08-06,baccarat_bet02_101_all_pairs_incl_sentinel,round_win = game_pnl > 0 (decisive only),COMPATIBILITY_ONLY_NOT_PRODUCTION,557989.4742,504875.3716,9878.7574,24851,24505,-0.01770420,0.00338982,-0.02772422,-0.01770420,-9878.7574,557989.4742,OK,0.0000,395.1503,4.0000,96.0000,AG03-UNRESOLVED,ALL5_LEVELS_bet23_to_bet27,395.1503,395.1503,395.1503,0.0000,0.0000,4.000000,4.000000,4.000000,0.000000,0.000000,96.000000,96.000000,96.000000,100.000000,100.000000,5.0,1185.4509,1138.6651,8693.3065,8740.0923,PENDING_AG03,FALSE,NOT_FOR_ENFORCEMENT,9483.6071,484680.3568,9878.7574,9483.6071,395.1503,0.01770420,0.01699603,395.1503,9483.6071,0.01699603,395.1503,395.1503,395.1503,0.0000,0.0000,9483.6071,0.01699603,1185.4509,1138.6651,8693.3065,8740.0923,0.01557970,0.01566354,0.00070817,22.4534,20.6030,0.4031,82.3230,2.6463,4649.9123,204.2083,25.9152,21.1137,12.8578,14.5296,26.176,48.8436,54.2173,102.8621,13.088,0.0,3.731508,7.079487,1.545355,30,207,63,6,0.32204186,0.01770420,-0.00338982,0E-8,0.000000,0.904812,0.002133,0.03111404,2026-03-21,2026-08-06,120,3733,1703,139,0.863309,1.227414,1.154177,1.073473,,,,,,,,GLOBAL_BASELINE_NO_ENTITY_RANKING,,,NOT_APPLICABLE_GLOBAL_BASELINE,HF9g-P5,,,,X 全窗基线 · 不参与实体赏罚,15051974,1506,A168_HF9F_20260827_0900,2026-08-27 09:00:00
2026-04-07,127529701,1941,0,370.1280004192,-123.0269874093,-123.0269874093,0.5384615,18,16,0.48832179027777778,0.482508635417,0.36166152670726665,0.40372923767635316,0.36166152670726665,0.00581315486077778,ELIGIBLE,R03b_20260811_FULL_v1,L1_ELIGIBILITY,v2026-08-11,2026-03-21..2026-08-06,baccarat_bet02_101_all_pairs_incl_sentinel,round_win = game_pnl > 0 (decisive only),COMPATIBILITY_ONLY_NOT_PRODUCTION,557989.4742,504875.3716,9878.7574,24851,24505,-0.01770420,0.00338982,-0.02772422,-0.01770420,-9878.7574,557989.4742,OK,0.0000,395.1503,4.0000,96.0000,AG03-UNRESOLVED,ALL5_LEVELS_bet23_to_bet27,395.1503,395.1503,395.1503,0.0000,0.0000,4.000000,4.000000,4.000000,0.000000,0.000000,96.000000,96.000000,96.000000,100.000000,100.000000,5.0,1185.4509,1138.6651,8693.3065,8740.0923,PENDING_AG03,FALSE,NOT_FOR_ENFORCEMENT,9483.6071,484680.3568,9878.7574,9483.6071,395.1503,0.01770420,0.01699603,395.1503,9483.6071,0.01699603,395.1503,395.1503,395.1503,0.0000,0.0000,9483.6071,0.01699603,1185.4509,1138.6651,8693.3065,8740.0923,0.01557970,0.01566354,0.00070817,22.4534,20.6030,0.4031,82.3230,2.6463,4649.9123,204.2083,25.9152,21.1137,12.8578,14.5296,26.176,48.8436,54.2173,102.8621,13.088,0.0,3.731508,7.079487,1.545355,30,207,63,6,0.32204186,0.01770420,-0.00338982,0E-8,0.000000,0.904812,0.002133,0.03111404,2026-03-21,2026-08-06,120,3733,1703,139,0.863309,1.227414,1.154177,1.073473,,,,,,,,GLOBAL_BASELINE_NO_ENTITY_RANKING,,,NOT_APPLICABLE_GLOBAL_BASELINE,HF9g-P5,,,,X 全窗基线 · 不参与实体赏罚,15051975,1506,A168_HF9F_20260827_0900,2026-08-27 09:00:00
2026-04-07,127529701,1957,0,157.0557286078,-26.1759547680,-26.1759547680,0.2500000,5,5,0.49324550000000000,0.493245500000,-0.9730707933947887,-0.9730707933947887,-0.9730707933947887,0E-17,ELIGIBLE,R03b_20260811_FULL_v1,L1_ELIGIBILITY,v2026-08-11,2026-03-21..2026-08-06,baccarat_bet02_101_all_pairs_incl_sentinel,round_win = game_pnl > 0 (decisive only),COMPATIBILITY_ONLY_NOT_PRODUCTION,557989.4742,504875.3716,9878.7574,24851,24505,-0.01770420,0.00338982,-0.02772422,-0.01770420,-9878.7574,557989.4742,OK,0.0000,395.1503,4.0000,96.0000,AG03-UNRESOLVED,ALL5_LEVELS_bet23_to_bet27,395.1503,395.1503,395.1503,0.0000,0.0000,4.000000,4.000000,4.000000,0.000000,0.000000,96.000000,96.000000,96.000000,100.000000,100.000000,5.0,1185.4509,1138.6651,8693.3065,8740.0923,PENDING_AG03,FALSE,NOT_FOR_ENFORCEMENT,9483.6071,484680.3568,9878.7574,9483.6071,395.1503,0.01770420,0.01699603,395.1503,9483.6071,0.01699603,395.1503,395.1503,395.1503,0.0000,0.0000,9483.6071,0.01699603,1185.4509,1138.6651,8693.3065,8740.0923,0.01557970,0.01566354,0.00070817,22.4534,20.6030,0.4031,82.3230,2.6463,4649.9123,204.2083,25.9152,21.1137,12.8578,14.5296,26.176,48.8436,54.2173,102.8621,13.088,0.0,3.731508,7.079487,1.545355,30,207,63,6,0.32204186,0.01770420,-0.00338982,0E-8,0.000000,0.904812,0.002133,0.03111404,2026-03-21,2026-08-06,120,3733,1703,139,0.863309,1.227414,1.154177,1.073473,,,,,,,,GLOBAL_BASELINE_NO_ENTITY_RANKING,,,NOT_APPLICABLE_GLOBAL_BASELINE,HF9g-P5,,,,X 全窗基线 · 不参与实体赏罚,15051976,1506,A168_HF9F_20260827_0900,2026-08-27 09:00:00
2026-04-07,127529701,2121,0,143.9677512238,-13.0879773840,-13.0879773840,0.5000000,2,2,0.49324550000000000,0.493245500000,0.01910635448239258,0.01910635448239258,0.01910635448239258,0E-17,ELIGIBLE,R03b_20260811_FULL_v1,L1_ELIGIBILITY,v2026-08-11,2026-03-21..2026-08-06,baccarat_bet02_101_all_pairs_incl_sentinel,round_win = game_pnl > 0 (decisive only),COMPATIBILITY_ONLY_NOT_PRODUCTION,557989.4742,504875.3716,9878.7574,24851,24505,-0.01770420,0.00338982,-0.02772422,-0.01770420,-9878.7574,557989.4742,OK,0.0000,395.1503,4.0000,96.0000,AG03-UNRESOLVED,ALL5_LEVELS_bet23_to_bet27,395.1503,395.1503,395.1503,0.0000,0.0000,4.000000,4.000000,4.000000,0.000000,0.000000,96.000000,96.000000,96.000000,100.000000,100.000000,5.0,1185.4509,1138.6651,8693.3065,8740.0923,PENDING_AG03,FALSE,NOT_FOR_ENFORCEMENT,9483.6071,484680.3568,9878.7574,9483.6071,395.1503,0.01770420,0.01699603,395.1503,9483.6071,0.01699603,395.1503,395.1503,395.1503,0.0000,0.0000,9483.6071,0.01699603,1185.4509,1138.6651,8693.3065,8740.0923,0.01557970,0.01566354,0.00070817,22.4534,20.6030,0.4031,82.3230,2.6463,4649.9123,204.2083,25.9152,21.1137,12.8578,14.5296,26.176,48.8436,54.2173,102.8621,13.088,0.0,3.731508,7.079487,1.545355,30,207,63,6,0.32204186,0.01770420,-0.00338982,0E-8,0.000000,0.904812,0.002133,0.03111404,2026-03-21,2026-08-06,120,3733,1703,139,0.863309,1.227414,1.154177,1.073473,,,,,,,,GLOBAL_BASELINE_NO_ENTITY_RANKING,,,NOT_APPLICABLE_GLOBAL_BASELINE,HF9g-P5,,,,X 全窗基线 · 不参与实体赏罚,15051977,1506,A168_HF9F_20260827_0900,2026-08-27 09:00:00
2026-04-07,127529701,2147,0,75.9102688272,-60.2046959664,-60.2046959664,0E-7,5,5,0.50396966000000000,0.503969660000,-2.0159421762433145,-2.015942176243315,-2.0159421762433145,0E-17,ELIGIBLE,R03b_20260811_FULL_v1,L1_ELIGIBILITY,v2026-08-11,2026-03-21..2026-08-06,baccarat_bet02_101_all_pairs_incl_sentinel,round_win = game_pnl > 0 (decisive only),COMPATIBILITY_ONLY_NOT_PRODUCTION,557989.4742,504875.3716,9878.7574,24851,24505,-0.01770420,0.00338982,-0.02772422,-0.01770420,-9878.7574,557989.4742,OK,0.0000,395.1503,4.0000,96.0000,AG03-UNRESOLVED,ALL5_LEVELS_bet23_to_bet27,395.1503,395.1503,395.1503,0.0000,0.0000,4.000000,4.000000,4.000000,0.000000,0.000000,96.000000,96.000000,96.000000,100.000000,100.000000,5.0,1185.4509,1138.6651,8693.3065,8740.0923,PENDING_AG03,FALSE,NOT_FOR_ENFORCEMENT,9483.6071,484680.3568,9878.7574,9483.6071,395.1503,0.01770420,0.01699603,395.1503,9483.6071,0.01699603,395.1503,395.1503,395.1503,0.0000,0.0000,9483.6071,0.01699603,1185.4509,1138.6651,8693.3065,8740.0923,0.01557970,0.01566354,0.00070817,22.4534,20.6030,0.4031,82.3230,2.6463,4649.9123,204.2083,25.9152,21.1137,12.8578,14.5296,26.176,48.8436,54.2173,102.8621,13.088,0.0,3.731508,7.079487,1.545355,30,207,63,6,0.32204186,0.01770420,-0.00338982,0E-8,0.000000,0.904812,0.002133,0.03111404,2026-03-21,2026-08-06,120,3733,1703,139,0.863309,1.227414,1.154177,1.073473,,,,,,,,GLOBAL_BASELINE_NO_ENTITY_RANKING,,,NOT_APPLICABLE_GLOBAL_BASELINE,HF9g-P5,,,,X 全窗基线 · 不参与实体赏罚,15051978,1506,A168_HF9F_20260827_0900,2026-08-27 09:00:00
2026-04-07,127529701,2152,0,297.0970866164,104.7038190718,104.7038190718,0.5555556,11,11,0.49933877272727273,0.499338772727,0.33730099192032137,0.337300991921958,0.33730099192032137,2.7273E-13,ELIGIBLE,R03b_20260811_FULL_v1,L1_ELIGIBILITY,v2026-08-11,2026-03-21..2026-08-06,baccarat_bet02_101_all_pairs_incl_sentinel,round_win = game_pnl > 0 (decisive only),COMPATIBILITY_ONLY_NOT_PRODUCTION,557989.4742,504875.3716,9878.7574,24851,24505,-0.01770420,0.00338982,-0.02772422,-0.01770420,-9878.7574,557989.4742,OK,0.0000,395.1503,4.0000,96.0000,AG03-UNRESOLVED,ALL5_LEVELS_bet23_to_bet27,395.1503,395.1503,395.1503,0.0000,0.0000,4.000000,4.000000,4.000000,0.000000,0.000000,96.000000,96.000000,96.000000,100.000000,100.000000,5.0,1185.4509,1138.6651,8693.3065,8740.0923,PENDING_AG03,FALSE,NOT_FOR_ENFORCEMENT,9483.6071,484680.3568,9878.7574,9483.6071,395.1503,0.01770420,0.01699603,395.1503,9483.6071,0.01699603,395.1503,395.1503,395.1503,0.0000,0.0000,9483.6071,0.01699603,1185.4509,1138.6651,8693.3065,8740.0923,0.01557970,0.01566354,0.00070817,22.4534,20.6030,0.4031,82.3230,2.6463,4649.9123,204.2083,25.9152,21.1137,12.8578,14.5296,26.176,48.8436,54.2173,102.8621,13.088,0.0,3.731508,7.079487,1.545355,30,207,63,6,0.32204186,0.01770420,-0.00338982,0E-8,0.000000,0.904812,0.002133,0.03111404,2026-03-21,2026-08-06,120,3733,1703,139,0.863309,1.227414,1.154177,1.073473,,,,,,,,GLOBAL_BASELINE_NO_ENTITY_RANKING,,,NOT_APPLICABLE_GLOBAL_BASELINE,HF9g-P5,,,,X 全窗基线 · 不参与实体赏罚,15051979,1506,A168_HF9F_20260827_0900,2026-08-27 09:00:00
2026-04-07,127529701,2153,0,26.1759547680,-13.0879773840,-13.0879773840,0E-7,2,2,0.49324550000000000,0.493245500000,-0.9865810262130424,-0.9865810262130424,-0.9865810262130424,0E-17,ELIGIBLE,R03b_20260811_FULL_v1,L1_ELIGIBILITY,v2026-08-11,2026-03-21..2026-08-06,baccarat_bet02_101_all_pairs_incl_sentinel,round_win = game_pnl > 0 (decisive only),COMPATIBILITY_ONLY_NOT_PRODUCTION,557989.4742,504875.3716,9878.7574,24851,24505,-0.01770420,0.00338982,-0.02772422,-0.01770420,-9878.7574,557989.4742,OK,0.0000,395.1503,4.0000,96.0000,AG03-UNRESOLVED,ALL5_LEVELS_bet23_to_bet27,395.1503,395.1503,395.1503,0.0000,0.0000,4.000000,4.000000,4.000000,0.000000,0.000000,96.000000,96.000000,96.000000,100.000000,100.000000,5.0,1185.4509,1138.6651,8693.3065,8740.0923,PENDING_AG03,FALSE,NOT_FOR_ENFORCEMENT,9483.6071,484680.3568,9878.7574,9483.6071,395.1503,0.01770420,0.01699603,395.1503,9483.6071,0.01699603,395.1503,395.1503,395.1503,0.0000,0.0000,9483.6071,0.01699603,1185.4509,1138.6651,8693.3065,8740.0923,0.01557970,0.01566354,0.00070817,22.4534,20.6030,0.4031,82.3230,2.6463,4649.9123,204.2083,25.9152,21.1137,12.8578,14.5296,26.176,48.8436,54.2173,102.8621,13.088,0.0,3.731508,7.079487,1.545355,30,207,63,6,0.32204186,0.01770420,-0.00338982,0E-8,0.000000,0.904812,0.002133,0.03111404,2026-03-21,2026-08-06,120,3733,1703,139,0.863309,1.227414,1.154177,1.073473,,,,,,,,GLOBAL_BASELINE_NO_ENTITY_RANKING,,,NOT_APPLICABLE_GLOBAL_BASELINE,HF9g-P5,,,,X 全窗基线 · 不参与实体赏罚,15051980,1506,A168_HF9F_20260827_0900,2026-08-27 09:00:00
2026-04-07,127529701,2169,0,323.2730413846,-22.0532418919,-22.0532418919,0.5555556,18,18,0.50218230000000000,0.502182300000,0.4528914049987828,0.4528914049987828,0.4528914049987828,0E-17,ELIGIBLE,R03b_20260811_FULL_v1,L1_ELIGIBILITY,v2026-08-11,2026-03-21..2026-08-06,baccarat_bet02_101_all_pairs_incl_sentinel,round_win = game_pnl > 0 (decisive only),COMPATIBILITY_ONLY_NOT_PRODUCTION,557989.4742,504875.3716,9878.7574,24851,24505,-0.01770420,0.00338982,-0.02772422,-0.01770420,-9878.7574,557989.4742,OK,0.0000,395.1503,4.0000,96.0000,AG03-UNRESOLVED,ALL5_LEVELS_bet23_to_bet27,395.1503,395.1503,395.1503,0.0000,0.0000,4.000000,4.000000,4.000000,0.000000,0.000000,96.000000,96.000000,96.000000,100.000000,100.000000,5.0,1185.4509,1138.6651,8693.3065,8740.0923,PENDING_AG03,FALSE,NOT_FOR_ENFORCEMENT,9483.6071,484680.3568,9878.7574,9483.6071,395.1503,0.01770420,0.01699603,395.1503,9483.6071,0.01699603,395.1503,395.1503,395.1503,0.0000,0.0000,9483.6071,0.01699603,1185.4509,1138.6651,8693.3065,8740.0923,0.01557970,0.01566354,0.00070817,22.4534,20.6030,0.4031,82.3230,2.6463,4649.9123,204.2083,25.9152,21.1137,12.8578,14.5296,26.176,48.8436,54.2173,102.8621,13.088,0.0,3.731508,7.079487,1.545355,30,207,63,6,0.32204186,0.01770420,-0.00338982,0E-8,0.000000,0.904812,0.002133,0.03111404,2026-03-21,2026-08-06,120,3733,1703,139,0.863309,1.227414,1.154177,1.073473,,,,,,,,GLOBAL_BASELINE_NO_ENTITY_RANKING,,,NOT_APPLICABLE_GLOBAL_BASELINE,HF9g-P5,,,,X 全窗基线 · 不参与实体赏罚,15051981,1506,A168_HF9F_20260827_0900,2026-08-27 09:00:00
2026-04-07,127529701,2170,0,288.4590215431,95.2804753553,95.2804753553,0.6666667,18,18,0.50218230000000000,0.502182300000,1.2741025613376504,1.2741025613376504,1.2741025613376504,0E-17,ELIGIBLE,R03b_20260811_FULL_v1,L1_ELIGIBILITY,v2026-08-11,2026-03-21..2026-08-06,baccarat_bet02_101_all_pairs_incl_sentinel,round_win = game_pnl > 0 (decisive only),COMPATIBILITY_ONLY_NOT_PRODUCTION,557989.4742,504875.3716,9878.7574,24851,24505,-0.01770420,0.00338982,-0.02772422,-0.01770420,-9878.7574,557989.4742,OK,0.0000,395.1503,4.0000,96.0000,AG03-UNRESOLVED,ALL5_LEVELS_bet23_to_bet27,395.1503,395.1503,395.1503,0.0000,0.0000,4.000000,4.000000,4.000000,0.000000,0.000000,96.000000,96.000000,96.000000,100.000000,100.000000,5.0,1185.4509,1138.6651,8693.3065,8740.0923,PENDING_AG03,FALSE,NOT_FOR_ENFORCEMENT,9483.6071,484680.3568,9878.7574,9483.6071,395.1503,0.01770420,0.01699603,395.1503,9483.6071,0.01699603,395.1503,395.1503,395.1503,0.0000,0.0000,9483.6071,0.01699603,1185.4509,1138.6651,8693.3065,8740.0923,0.01557970,0.01566354,0.00070817,22.4534,20.6030,0.4031,82.3230,2.6463,4649.9123,204.2083,25.9152,21.1137,12.8578,14.5296,26.176,48.8436,54.2173,102.8621,13.088,0.0,3.731508,7.079487,1.545355,30,207,63,6,0.32204186,0.01770420,-0.00338982,0E-8,0.000000,0.904812,0.002133,0.03111404,2026-03-21,2026-08-06,120,3733,1703,139,0.863309,1.227414,1.154177,1.073473,,,,,,,,GLOBAL_BASELINE_NO_ENTITY_RANKING,,,NOT_APPLICABLE_GLOBAL_BASELINE,HF9g-P5,,,,X 全窗基线 · 不参与实体赏罚,15051982,1506,A168_HF9F_20260827_0900,2026-08-27 09:00:00
2026-04-07,127529701,2177,0,263.5918645132,47.9674371123,47.9674371123,0.6000000,12,12,0.49994810000000000,0.499948100000,0.6327837798637467,0.6327837798637467,0.6327837798637467,0E-17,ELIGIBLE,R03b_20260811_FULL_v1,L1_ELIGIBILITY,v2026-08-11,2026-03-21..2026-08-06,baccarat_bet02_101_all_pairs_incl_sentinel,round_win = game_pnl > 0 (decisive only),COMPATIBILITY_ONLY_NOT_PRODUCTION,557989.4742,504875.3716,9878.7574,24851,24505,-0.01770420,0.00338982,-0.02772422,-0.01770420,-9878.7574,557989.4742,OK,0.0000,395.1503,4.0000,96.0000,AG03-UNRESOLVED,ALL5_LEVELS_bet23_to_bet27,395.1503,395.1503,395.1503,0.0000,0.0000,4.000000,4.000000,4.000000,0.000000,0.000000,96.000000,96.000000,96.000000,100.000000,100.000000,5.0,1185.4509,1138.6651,8693.3065,8740.0923,PENDING_AG03,FALSE,NOT_FOR_ENFORCEMENT,9483.6071,484680.3568,9878.7574,9483.6071,395.1503,0.01770420,0.01699603,395.1503,9483.6071,0.01699603,395.1503,395.1503,395.1503,0.0000,0.0000,9483.6071,0.01699603,1185.4509,1138.6651,8693.3065,8740.0923,0.01557970,0.01566354,0.00070817,22.4534,20.6030,0.4031,82.3230,2.6463,4649.9123,204.2083,25.9152,21.1137,12.8578,14.5296,26.176,48.8436,54.2173,102.8621,13.088,0.0,3.731508,7.079487,1.545355,30,207,63,6,0.32204186,0.01770420,-0.00338982,0E-8,0.000000,0.904812,0.002133,0.03111404,2026-03-21,2026-08-06,120,3733,1703,139,0.863309,1.227414,1.154177,1.073473,,,,,,,,GLOBAL_BASELINE_NO_ENTITY_RANKING,,,NOT_APPLICABLE_GLOBAL_BASELINE,HF9g-P5,,,,X 全窗基线 · 不参与实体赏罚,15051983,1506,A168_HF9F_20260827_0900,2026-08-27 09:00:00
2026-04-07,127529701,2223,0,310.1850640004,-93.8407978430,-93.8407978430,0.4615385,14,14,0.49899058571428571,0.498990585714,-0.27007165854383425,-0.27007165854177423,-0.27007165854383425,2.8571E-13,ELIGIBLE,R03b_20260811_FULL_v1,L1_ELIGIBILITY,v2026-08-11,2026-03-21..2026-08-06,baccarat_bet02_101_all_pairs_incl_sentinel,round_win = game_pnl > 0 (decisive only),COMPATIBILITY_ONLY_NOT_PRODUCTION,557989.4742,504875.3716,9878.7574,24851,24505,-0.01770420,0.00338982,-0.02772422,-0.01770420,-9878.7574,557989.4742,OK,0.0000,395.1503,4.0000,96.0000,AG03-UNRESOLVED,ALL5_LEVELS_bet23_to_bet27,395.1503,395.1503,395.1503,0.0000,0.0000,4.000000,4.000000,4.000000,0.000000,0.000000,96.000000,96.000000,96.000000,100.000000,100.000000,5.0,1185.4509,1138.6651,8693.3065,8740.0923,PENDING_AG03,FALSE,NOT_FOR_ENFORCEMENT,9483.6071,484680.3568,9878.7574,9483.6071,395.1503,0.01770420,0.01699603,395.1503,9483.6071,0.01699603,395.1503,395.1503,395.1503,0.0000,0.0000,9483.6071,0.01699603,1185.4509,1138.6651,8693.3065,8740.0923,0.01557970,0.01566354,0.00070817,22.4534,20.6030,0.4031,82.3230,2.6463,4649.9123,204.2083,25.9152,21.1137,12.8578,14.5296,26.176,48.8436,54.2173,102.8621,13.088,0.0,3.731508,7.079487,1.545355,30,207,63,6,0.32204186,0.01770420,-0.00338982,0E-8,0.000000,0.904812,0.002133,0.03111404,2026-03-21,2026-08-06,120,3733,1703,139,0.863309,1.227414,1.154177,1.073473,,,,,,,,GLOBAL_BASELINE_NO_ENTITY_RANKING,,,NOT_APPLICABLE_GLOBAL_BASELINE,HF9g-P5,,,,X 全窗基线 · 不参与实体赏罚,15051984,1506,A168_HF9F_20260827_0900,2026-08-27 09:00:00
2026-04-07,127529701,2241,0,177.7347328745,-29.8929403451,-29.8929403451,0.3333333,7,7,0.49899058571428571,0.498990585714,-0.8115531348621552,-0.8115531348607564,-0.8115531348621552,2.8571E-13,ELIGIBLE,R03b_20260811_FULL_v1,L1_ELIGIBILITY,v2026-08-11,2026-03-21..2026-08-06,baccarat_bet02_101_all_pairs_incl_sentinel,round_win = game_pnl > 0 (decisive only),COMPATIBILITY_ONLY_NOT_PRODUCTION,557989.4742,504875.3716,9878.7574,24851,24505,-0.01770420,0.00338982,-0.02772422,-0.01770420,-9878.7574,557989.4742,OK,0.0000,395.1503,4.0000,96.0000,AG03-UNRESOLVED,ALL5_LEVELS_bet23_to_bet27,395.1503,395.1503,395.1503,0.0000,0.0000,4.000000,4.000000,4.000000,0.000000,0.000000,96.000000,96.000000,96.000000,100.000000,100.000000,5.0,1185.4509,1138.6651,8693.3065,8740.0923,PENDING_AG03,FALSE,NOT_FOR_ENFORCEMENT,9483.6071,484680.3568,9878.7574,9483.6071,395.1503,0.01770420,0.01699603,395.1503,9483.6071,0.01699603,395.1503,395.1503,395.1503,0.0000,0.0000,9483.6071,0.01699603,1185.4509,1138.6651,8693.3065,8740.0923,0.01557970,0.01566354,0.00070817,22.4534,20.6030,0.4031,82.3230,2.6463,4649.9123,204.2083,25.9152,21.1137,12.8578,14.5296,26.176,48.8436,54.2173,102.8621,13.088,0.0,3.731508,7.079487,1.545355,30,207,63,6,0.32204186,0.01770420,-0.00338982,0E-8,0.000000,0.904812,0.002133,0.03111404,2026-03-21,2026-08-06,120,3733,1703,139,0.863309,1.227414,1.154177,1.073473,,,,,,,,GLOBAL_BASELINE_NO_ENTITY_RANKING,,,NOT_APPLICABLE_GLOBAL_BASELINE,HF9g-P5,,,,X 全窗基线 · 不参与实体赏罚,15051985,1506,A168_HF9F_20260827_0900,2026-08-27 09:00:00
2026-04-07,127529701,763,0,78.5278643039,51.0431117975,51.0431117975,0.6666667,3,3,0.49771390000000000,0.497713900000,0.5852756695216578,0.5852756695216578,0.5852756695216578,0E-17,ELIGIBLE,R03b_20260811_FULL_v1,L1_ELIGIBILITY,v2026-08-11,2026-03-21..2026-08-06,baccarat_bet02_101_all_pairs_incl_sentinel,round_win = game_pnl > 0 (decisive only),COMPATIBILITY_ONLY_NOT_PRODUCTION,557989.4742,504875.3716,9878.7574,24851,24505,-0.01770420,0.00338982,-0.02772422,-0.01770420,-9878.7574,557989.4742,OK,0.0000,395.1503,4.0000,96.0000,AG03-UNRESOLVED,ALL5_LEVELS_bet23_to_bet27,395.1503,395.1503,395.1503,0.0000,0.0000,4.000000,4.000000,4.000000,0.000000,0.000000,96.000000,96.000000,96.000000,100.000000,100.000000,5.0,1185.4509,1138.6651,8693.3065,8740.0923,PENDING_AG03,FALSE,NOT_FOR_ENFORCEMENT,9483.6071,484680.3568,9878.7574,9483.6071,395.1503,0.01770420,0.01699603,395.1503,9483.6071,0.01699603,395.1503,395.1503,395.1503,0.0000,0.0000,9483.6071,0.01699603,1185.4509,1138.6651,8693.3065,8740.0923,0.01557970,0.01566354,0.00070817,22.4534,20.6030,0.4031,82.3230,2.6463,4649.9123,204.2083,25.9152,21.1137,12.8578,14.5296,26.176,48.8436,54.2173,102.8621,13.088,0.0,3.731508,7.079487,1.545355,30,207,63,6,0.32204186,0.01770420,-0.00338982,0E-8,0.000000,0.904812,0.002133,0.03111404,2026-03-21,2026-08-06,120,3733,1703,139,0.863309,1.227414,1.154177,1.073473,,,,,,,,GLOBAL_BASELINE_NO_ENTITY_RANKING,,,NOT_APPLICABLE_GLOBAL_BASELINE,HF9g-P5,,,,X 全窗基线 · 不参与实体赏罚,15051986,1506,A168_HF9F_20260827_0900,2026-08-27 09:00:00
2026-04-07,127529701,986,0,436.6149255295,16.1636520691,16.1636520691,0.4444444,21,21,0.50026727142857143,0.500267271429,-0.4736724617384127,-0.47367246174204947,-0.4736724617384127,-4.2857E-13,ELIGIBLE,R03b_20260811_FULL_v1,L1_ELIGIBILITY,v2026-08-11,2026-03-21..2026-08-06,baccarat_bet02_101_all_pairs_incl_sentinel,round_win = game_pnl > 0 (decisive only),COMPATIBILITY_ONLY_NOT_PRODUCTION,557989.4742,504875.3716,9878.7574,24851,24505,-0.01770420,0.00338982,-0.02772422,-0.01770420,-9878.7574,557989.4742,OK,0.0000,395.1503,4.0000,96.0000,AG03-UNRESOLVED,ALL5_LEVELS_bet23_to_bet27,395.1503,395.1503,395.1503,0.0000,0.0000,4.000000,4.000000,4.000000,0.000000,0.000000,96.000000,96.000000,96.000000,100.000000,100.000000,5.0,1185.4509,1138.6651,8693.3065,8740.0923,PENDING_AG03,FALSE,NOT_FOR_ENFORCEMENT,9483.6071,484680.3568,9878.7574,9483.6071,395.1503,0.01770420,0.01699603,395.1503,9483.6071,0.01699603,395.1503,395.1503,395.1503,0.0000,0.0000,9483.6071,0.01699603,1185.4509,1138.6651,8693.3065,8740.0923,0.01557970,0.01566354,0.00070817,22.4534,20.6030,0.4031,82.3230,2.6463,4649.9123,204.2083,25.9152,21.1137,12.8578,14.5296,26.176,48.8436,54.2173,102.8621,13.088,0.0,3.731508,7.079487,1.545355,30,207,63,6,0.32204186,0.01770420,-0.00338982,0E-8,0.000000,0.904812,0.002133,0.03111404,2026-03-21,2026-08-06,120,3733,1703,139,0.863309,1.227414,1.154177,1.073473,,,,,,,,GLOBAL_BASELINE_NO_ENTITY_RANKING,,,NOT_APPLICABLE_GLOBAL_BASELINE,HF9g-P5,,,,X 全窗基线 · 不参与实体赏罚,15051987,1506,A168_HF9F_20260827_0900,2026-08-27 09:00:00
2026-04-07,127529701,987,0,539.2246682202,-146.7162264743,-146.7162264743,0.4000000,20,20,0.50396966000000000,0.503969660000,-0.9299622189542722,-0.9299622189542722,-0.9299622189542722,0E-17,ELIGIBLE,R03b_20260811_FULL_v1,L1_ELIGIBILITY,v2026-08-11,2026-03-21..2026-08-06,baccarat_bet02_101_all_pairs_incl_sentinel,round_win = game_pnl > 0 (decisive only),COMPATIBILITY_ONLY_NOT_PRODUCTION,557989.4742,504875.3716,9878.7574,24851,24505,-0.01770420,0.00338982,-0.02772422,-0.01770420,-9878.7574,557989.4742,OK,0.0000,395.1503,4.0000,96.0000,AG03-UNRESOLVED,ALL5_LEVELS_bet23_to_bet27,395.1503,395.1503,395.1503,0.0000,0.0000,4.000000,4.000000,4.000000,0.000000,0.000000,96.000000,96.000000,96.000000,100.000000,100.000000,5.0,1185.4509,1138.6651,8693.3065,8740.0923,PENDING_AG03,FALSE,NOT_FOR_ENFORCEMENT,9483.6071,484680.3568,9878.7574,9483.6071,395.1503,0.01770420,0.01699603,395.1503,9483.6071,0.01699603,395.1503,395.1503,395.1503,0.0000,0.0000,9483.6071,0.01699603,1185.4509,1138.6651,8693.3065,8740.0923,0.01557970,0.01566354,0.00070817,22.4534,20.6030,0.4031,82.3230,2.6463,4649.9123,204.2083,25.9152,21.1137,12.8578,14.5296,26.176,48.8436,54.2173,102.8621,13.088,0.0,3.731508,7.079487,1.545355,30,207,63,6,0.32204186,0.01770420,-0.00338982,0E-8,0.000000,0.904812,0.002133,0.03111404,2026-03-21,2026-08-06,120,3733,1703,139,0.863309,1.227414,1.154177,1.073473,,,,,,,,GLOBAL_BASELINE_NO_ENTITY_RANKING,,,NOT_APPLICABLE_GLOBAL_BASELINE,HF9g-P5,,,,X 全窗基线 · 不参与实体赏罚,15051988,1506,A168_HF9F_20260827_0900,2026-08-27 09:00:00
2026-04-08,127529701,-1,1,643.9284872925,-59.5372091198,-59.5372091198,0.4390244,47,47,0.49894984042553191,0.498949840426,-0.7674218976756588,-0.7674218976816519,-0.7674218976756588,-4.6809E-13,SENTINEL_DEALER,R03b_20260811_FULL_v1,L1_ELIGIBILITY,v2026-08-11,2026-03-21..2026-08-06,baccarat_bet02_101_all_pairs_incl_sentinel,round_win = game_pnl > 0 (decisive only),COMPATIBILITY_ONLY_NOT_PRODUCTION,557989.4742,504875.3716,9878.7574,24851,24505,-0.01770420,0.00338982,-0.02772422,-0.01770420,-9878.7574,557989.4742,OK,0.0000,395.1503,4.0000,96.0000,AG03-UNRESOLVED,ALL5_LEVELS_bet23_to_bet27,395.1503,395.1503,395.1503,0.0000,0.0000,4.000000,4.000000,4.000000,0.000000,0.000000,96.000000,96.000000,96.000000,100.000000,100.000000,5.0,1185.4509,1138.6651,8693.3065,8740.0923,PENDING_AG03,FALSE,NOT_FOR_ENFORCEMENT,9483.6071,484680.3568,9878.7574,9483.6071,395.1503,0.01770420,0.01699603,395.1503,9483.6071,0.01699603,395.1503,395.1503,395.1503,0.0000,0.0000,9483.6071,0.01699603,1185.4509,1138.6651,8693.3065,8740.0923,0.01557970,0.01566354,0.00070817,22.4534,20.6030,0.4031,82.3230,2.6463,4649.9123,204.2083,25.9152,21.1137,12.8578,14.5296,26.176,48.8436,54.2173,102.8621,13.088,0.0,3.731508,7.079487,1.545355,30,207,63,6,0.32204186,0.01770420,-0.00338982,0E-8,0.000000,0.904812,0.002133,0.03111404,2026-03-21,2026-08-06,120,3733,1703,139,0.863309,1.227414,1.154177,1.073473,,,,,,,,GLOBAL_BASELINE_NO_ENTITY_RANKING,,,NOT_APPLICABLE_GLOBAL_BASELINE,HF9g-P5,,,,X 全窗基线 · 不参与实体赏罚,15051989,1506,A168_HF9F_20260827_0900,2026-08-27 09:00:00
2026-04-08,127529701,1004,0,88.9982462112,-63.4766903124,-63.4766903124,0.2000000,5,5,0.49860758000000000,0.498607580000,-1.3354188732730328,-1.3354188732730328,-1.3354188732730328,0E-17,ELIGIBLE,R03b_20260811_FULL_v1,L1_ELIGIBILITY,v2026-08-11,2026-03-21..2026-08-06,baccarat_bet02_101_all_pairs_incl_sentinel,round_win = game_pnl > 0 (decisive only),COMPATIBILITY_ONLY_NOT_PRODUCTION,557989.4742,504875.3716,9878.7574,24851,24505,-0.01770420,0.00338982,-0.02772422,-0.01770420,-9878.7574,557989.4742,OK,0.0000,395.1503,4.0000,96.0000,AG03-UNRESOLVED,ALL5_LEVELS_bet23_to_bet27,395.1503,395.1503,395.1503,0.0000,0.0000,4.000000,4.000000,4.000000,0.000000,0.000000,96.000000,96.000000,96.000000,100.000000,100.000000,5.0,1185.4509,1138.6651,8693.3065,8740.0923,PENDING_AG03,FALSE,NOT_FOR_ENFORCEMENT,9483.6071,484680.3568,9878.7574,9483.6071,395.1503,0.01770420,0.01699603,395.1503,9483.6071,0.01699603,395.1503,395.1503,395.1503,0.0000,0.0000,9483.6071,0.01699603,1185.4509,1138.6651,8693.3065,8740.0923,0.01557970,0.01566354,0.00070817,22.4534,20.6030,0.4031,82.3230,2.6463,4649.9123,204.2083,25.9152,21.1137,12.8578,14.5296,26.176,48.8436,54.2173,102.8621,13.088,0.0,3.731508,7.079487,1.545355,30,207,63,6,0.32204186,0.01770420,-0.00338982,0E-8,0.000000,0.904812,0.002133,0.03111404,2026-03-21,2026-08-06,120,3733,1703,139,0.863309,1.227414,1.154177,1.073473,,,,,,,,GLOBAL_BASELINE_NO_ENTITY_RANKING,,,NOT_APPLICABLE_GLOBAL_BASELINE,HF9g-P5,,,,X 全窗基线 · 不参与实体赏罚,15051990,1506,A168_HF9F_20260827_0900,2026-08-27 09:00:00
2026-04-08,127529701,1094,0,65.4398869199,-65.4398869199,-65.4398869199,0E-7,3,3,0.50218230000000000,0.502182300000,-1.7396270863184011,-1.7396270863184016,-1.7396270863184011,0E-17,ELIGIBLE,R03b_20260811_FULL_v1,L1_ELIGIBILITY,v2026-08-11,2026-03-21..2026-08-06,baccarat_bet02_101_all_pairs_incl_sentinel,round_win = game_pnl > 0 (decisive only),COMPATIBILITY_ONLY_NOT_PRODUCTION,557989.4742,504875.3716,9878.7574,24851,24505,-0.01770420,0.00338982,-0.02772422,-0.01770420,-9878.7574,557989.4742,OK,0.0000,395.1503,4.0000,96.0000,AG03-UNRESOLVED,ALL5_LEVELS_bet23_to_bet27,395.1503,395.1503,395.1503,0.0000,0.0000,4.000000,4.000000,4.000000,0.000000,0.000000,96.000000,96.000000,96.000000,100.000000,100.000000,5.0,1185.4509,1138.6651,8693.3065,8740.0923,PENDING_AG03,FALSE,NOT_FOR_ENFORCEMENT,9483.6071,484680.3568,9878.7574,9483.6071,395.1503,0.01770420,0.01699603,395.1503,9483.6071,0.01699603,395.1503,395.1503,395.1503,0.0000,0.0000,9483.6071,0.01699603,1185.4509,1138.6651,8693.3065,8740.0923,0.01557970,0.01566354,0.00070817,22.4534,20.6030,0.4031,82.3230,2.6463,4649.9123,204.2083,25.9152,21.1137,12.8578,14.5296,26.176,48.8436,54.2173,102.8621,13.088,0.0,3.731508,7.079487,1.545355,30,207,63,6,0.32204186,0.01770420,-0.00338982,0E-8,0.000000,0.904812,0.002133,0.03111404,2026-03-21,2026-08-06,120,3733,1703,139,0.863309,1.227414,1.154177,1.073473,,,,,,,,GLOBAL_BASELINE_NO_ENTITY_RANKING,,,NOT_APPLICABLE_GLOBAL_BASELINE,HF9g-P5,,,,X 全窗基线 · 不参与实体赏罚,15051991,1506,A168_HF9F_20260827_0900,2026-08-27 09:00:00
2026-04-08,127529701,1299,0,26.1759547680,-26.1759547680,-26.1759547680,0E-7,2,2,0.49994810000000000,0.499948100000,-1.4140667746232096,-1.4140667746232096,-1.4140667746232096,0E-17,ELIGIBLE,R03b_20260811_FULL_v1,L1_ELIGIBILITY,v2026-08-11,2026-03-21..2026-08-06,baccarat_bet02_101_all_pairs_incl_sentinel,round_win = game_pnl > 0 (decisive only),COMPATIBILITY_ONLY_NOT_PRODUCTION,557989.4742,504875.3716,9878.7574,24851,24505,-0.01770420,0.00338982,-0.02772422,-0.01770420,-9878.7574,557989.4742,OK,0.0000,395.1503,4.0000,96.0000,AG03-UNRESOLVED,ALL5_LEVELS_bet23_to_bet27,395.1503,395.1503,395.1503,0.0000,0.0000,4.000000,4.000000,4.000000,0.000000,0.000000,96.000000,96.000000,96.000000,100.000000,100.000000,5.0,1185.4509,1138.6651,8693.3065,8740.0923,PENDING_AG03,FALSE,NOT_FOR_ENFORCEMENT,9483.6071,484680.3568,9878.7574,9483.6071,395.1503,0.01770420,0.01699603,395.1503,9483.6071,0.01699603,395.1503,395.1503,395.1503,0.0000,0.0000,9483.6071,0.01699603,1185.4509,1138.6651,8693.3065,8740.0923,0.01557970,0.01566354,0.00070817,22.4534,20.6030,0.4031,82.3230,2.6463,4649.9123,204.2083,25.9152,21.1137,12.8578,14.5296,26.176,48.8436,54.2173,102.8621,13.088,0.0,3.731508,7.079487,1.545355,30,207,63,6,0.32204186,0.01770420,-0.00338982,0E-8,0.000000,0.904812,0.002133,0.03111404,2026-03-21,2026-08-06,120,3733,1703,139,0.863309,1.227414,1.154177,1.073473,,,,,,,,GLOBAL_BASELINE_NO_ENTITY_RANKING,,,NOT_APPLICABLE_GLOBAL_BASELINE,HF9g-P5,,,,X 全窗基线 · 不参与实体赏罚,15051992,1506,A168_HF9F_20260827_0900,2026-08-27 09:00:00
2026-04-08,127529701,1325,0,297.6206057121,47.7711174514,47.7711174514,0.5500000,20,20,0.49994810000000000,0.499948100000,0.44767780562382575,0.44767780562382575,0.44767780562382575,0E-17,ELIGIBLE,R03b_20260811_FULL_v1,L1_ELIGIBILITY,v2026-08-11,2026-03-21..2026-08-06,baccarat_bet02_101_all_pairs_incl_sentinel,round_win = game_pnl > 0 (decisive only),COMPATIBILITY_ONLY_NOT_PRODUCTION,557989.4742,504875.3716,9878.7574,24851,24505,-0.01770420,0.00338982,-0.02772422,-0.01770420,-9878.7574,557989.4742,OK,0.0000,395.1503,4.0000,96.0000,AG03-UNRESOLVED,ALL5_LEVELS_bet23_to_bet27,395.1503,395.1503,395.1503,0.0000,0.0000,4.000000,4.000000,4.000000,0.000000,0.000000,96.000000,96.000000,96.000000,100.000000,100.000000,5.0,1185.4509,1138.6651,8693.3065,8740.0923,PENDING_AG03,FALSE,NOT_FOR_ENFORCEMENT,9483.6071,484680.3568,9878.7574,9483.6071,395.1503,0.01770420,0.01699603,395.1503,9483.6071,0.01699603,395.1503,395.1503,395.1503,0.0000,0.0000,9483.6071,0.01699603,1185.4509,1138.6651,8693.3065,8740.0923,0.01557970,0.01566354,0.00070817,22.4534,20.6030,0.4031,82.3230,2.6463,4649.9123,204.2083,25.9152,21.1137,12.8578,14.5296,26.176,48.8436,54.2173,102.8621,13.088,0.0,3.731508,7.079487,1.545355,30,207,63,6,0.32204186,0.01770420,-0.00338982,0E-8,0.000000,0.904812,0.002133,0.03111404,2026-03-21,2026-08-06,120,3733,1703,139,0.863309,1.227414,1.154177,1.073473,,,,,,,,GLOBAL_BASELINE_NO_ENTITY_RANKING,,,NOT_APPLICABLE_GLOBAL_BASELINE,HF9g-P5,,,,X 全窗基线 · 不参与实体赏罚,15051993,1506,A168_HF9F_20260827_0900,2026-08-27 09:00:00
2026-04-08,127529701,1383,0,13.0879773840,13.0879773840,13.0879773840,1.0000000,1,1,0.49324550000000000,0.493245500000,1.01360149184955,1.01360149184955,1.01360149184955,0E-17,ELIGIBLE,R03b_20260811_FULL_v1,L1_ELIGIBILITY,v2026-08-11,2026-03-21..2026-08-06,baccarat_bet02_101_all_pairs_incl_sentinel,round_win = game_pnl > 0 (decisive only),COMPATIBILITY_ONLY_NOT_PRODUCTION,557989.4742,504875.3716,9878.7574,24851,24505,-0.01770420,0.00338982,-0.02772422,-0.01770420,-9878.7574,557989.4742,OK,0.0000,395.1503,4.0000,96.0000,AG03-UNRESOLVED,ALL5_LEVELS_bet23_to_bet27,395.1503,395.1503,395.1503,0.0000,0.0000,4.000000,4.000000,4.000000,0.000000,0.000000,96.000000,96.000000,96.000000,100.000000,100.000000,5.0,1185.4509,1138.6651,8693.3065,8740.0923,PENDING_AG03,FALSE,NOT_FOR_ENFORCEMENT,9483.6071,484680.3568,9878.7574,9483.6071,395.1503,0.01770420,0.01699603,395.1503,9483.6071,0.01699603,395.1503,395.1503,395.1503,0.0000,0.0000,9483.6071,0.01699603,1185.4509,1138.6651,8693.3065,8740.0923,0.01557970,0.01566354,0.00070817,22.4534,20.6030,0.4031,82.3230,2.6463,4649.9123,204.2083,25.9152,21.1137,12.8578,14.5296,26.176,48.8436,54.2173,102.8621,13.088,0.0,3.731508,7.079487,1.545355,30,207,63,6,0.32204186,0.01770420,-0.00338982,0E-8,0.000000,0.904812,0.002133,0.03111404,2026-03-21,2026-08-06,120,3733,1703,139,0.863309,1.227414,1.154177,1.073473,,,,,,,,GLOBAL_BASELINE_NO_ENTITY_RANKING,,,NOT_APPLICABLE_GLOBAL_BASELINE,HF9g-P5,,,,X 全窗基线 · 不参与实体赏罚,15051994,1506,A168_HF9F_20260827_0900,2026-08-27 09:00:00
2026-04-08,127529701,1485,0,253.9067612494,-63.4766903124,-63.4766903124,0.4545455,11,11,0.50055742727272727,0.500557427273,-0.3052090884732058,-0.3052090884750151,-0.3052090884732058,-2.7273E-13,ELIGIBLE,R03b_20260811_FULL_v1,L1_ELIGIBILITY,v2026-08-11,2026-03-21..2026-08-06,baccarat_bet02_101_all_pairs_incl_sentinel,round_win = game_pnl > 0 (decisive only),COMPATIBILITY_ONLY_NOT_PRODUCTION,557989.4742,504875.3716,9878.7574,24851,24505,-0.01770420,0.00338982,-0.02772422,-0.01770420,-9878.7574,557989.4742,OK,0.0000,395.1503,4.0000,96.0000,AG03-UNRESOLVED,ALL5_LEVELS_bet23_to_bet27,395.1503,395.1503,395.1503,0.0000,0.0000,4.000000,4.000000,4.000000,0.000000,0.000000,96.000000,96.000000,96.000000,100.000000,100.000000,5.0,1185.4509,1138.6651,8693.3065,8740.0923,PENDING_AG03,FALSE,NOT_FOR_ENFORCEMENT,9483.6071,484680.3568,9878.7574,9483.6071,395.1503,0.01770420,0.01699603,395.1503,9483.6071,0.01699603,395.1503,395.1503,395.1503,0.0000,0.0000,9483.6071,0.01699603,1185.4509,1138.6651,8693.3065,8740.0923,0.01557970,0.01566354,0.00070817,22.4534,20.6030,0.4031,82.3230,2.6463,4649.9123,204.2083,25.9152,21.1137,12.8578,14.5296,26.176,48.8436,54.2173,102.8621,13.088,0.0,3.731508,7.079487,1.545355,30,207,63,6,0.32204186,0.01770420,-0.00338982,0E-8,0.000000,0.904812,0.002133,0.03111404,2026-03-21,2026-08-06,120,3733,1703,139,0.863309,1.227414,1.154177,1.073473,,,,,,,,GLOBAL_BASELINE_NO_ENTITY_RANKING,,,NOT_APPLICABLE_GLOBAL_BASELINE,HF9g-P5,,,,X 全窗基线 · 不参与实体赏罚,15051995,1506,A168_HF9F_20260827_0900,2026-08-27 09:00:00
2026-04-08,127529701,1490,0,195.0108630215,92.2702405571,92.2702405571,0.7272727,11,11,0.50055742727272727,0.500557427273,1.503860103240369,1.503860103238561,1.503860103240369,-2.7273E-13,ELIGIBLE,R03b_20260811_FULL_v1,L1_ELIGIBILITY,v2026-08-11,2026-03-21..2026-08-06,baccarat_bet02_101_all_pairs_incl_sentinel,round_win = game_pnl > 0 (decisive only),COMPATIBILITY_ONLY_NOT_PRODUCTION,557989.4742,504875.3716,9878.7574,24851,24505,-0.01770420,0.00338982,-0.02772422,-0.01770420,-9878.7574,557989.4742,OK,0.0000,395.1503,4.0000,96.0000,AG03-UNRESOLVED,ALL5_LEVELS_bet23_to_bet27,395.1503,395.1503,395.1503,0.0000,0.0000,4.000000,4.000000,4.000000,0.000000,0.000000,96.000000,96.000000,96.000000,100.000000,100.000000,5.0,1185.4509,1138.6651,8693.3065,8740.0923,PENDING_AG03,FALSE,NOT_FOR_ENFORCEMENT,9483.6071,484680.3568,9878.7574,9483.6071,395.1503,0.01770420,0.01699603,395.1503,9483.6071,0.01699603,395.1503,395.1503,395.1503,0.0000,0.0000,9483.6071,0.01699603,1185.4509,1138.6651,8693.3065,8740.0923,0.01557970,0.01566354,0.00070817,22.4534,20.6030,0.4031,82.3230,2.6463,4649.9123,204.2083,25.9152,21.1137,12.8578,14.5296,26.176,48.8436,54.2173,102.8621,13.088,0.0,3.731508,7.079487,1.545355,30,207,63,6,0.32204186,0.01770420,-0.00338982,0E-8,0.000000,0.904812,0.002133,0.03111404,2026-03-21,2026-08-06,120,3733,1703,139,0.863309,1.227414,1.154177,1.073473,,,,,,,,GLOBAL_BASELINE_NO_ENTITY_RANKING,,,NOT_APPLICABLE_GLOBAL_BASELINE,HF9g-P5,,,,X 全窗基线 · 不参与实体赏罚,15051996,1506,A168_HF9F_20260827_0900,2026-08-27 09:00:00
2026-04-08,127529701,1509,0,13.0879773840,-13.0879773840,-13.0879773840,0E-7,1,1,0.49324550000000000,0.493245500000,-0.9865810262130424,-0.9865810262130424,-0.9865810262130424,0E-17,ELIGIBLE,R03b_20260811_FULL_v1,L1_ELIGIBILITY,v2026-08-11,2026-03-21..2026-08-06,baccarat_bet02_101_all_pairs_incl_sentinel,round_win = game_pnl > 0 (decisive only),COMPATIBILITY_ONLY_NOT_PRODUCTION,557989.4742,504875.3716,9878.7574,24851,24505,-0.01770420,0.00338982,-0.02772422,-0.01770420,-9878.7574,557989.4742,OK,0.0000,395.1503,4.0000,96.0000,AG03-UNRESOLVED,ALL5_LEVELS_bet23_to_bet27,395.1503,395.1503,395.1503,0.0000,0.0000,4.000000,4.000000,4.000000,0.000000,0.000000,96.000000,96.000000,96.000000,100.000000,100.000000,5.0,1185.4509,1138.6651,8693.3065,8740.0923,PENDING_AG03,FALSE,NOT_FOR_ENFORCEMENT,9483.6071,484680.3568,9878.7574,9483.6071,395.1503,0.01770420,0.01699603,395.1503,9483.6071,0.01699603,395.1503,395.1503,395.1503,0.0000,0.0000,9483.6071,0.01699603,1185.4509,1138.6651,8693.3065,8740.0923,0.01557970,0.01566354,0.00070817,22.4534,20.6030,0.4031,82.3230,2.6463,4649.9123,204.2083,25.9152,21.1137,12.8578,14.5296,26.176,48.8436,54.2173,102.8621,13.088,0.0,3.731508,7.079487,1.545355,30,207,63,6,0.32204186,0.01770420,-0.00338982,0E-8,0.000000,0.904812,0.002133,0.03111404,2026-03-21,2026-08-06,120,3733,1703,139,0.863309,1.227414,1.154177,1.073473,,,,,,,,GLOBAL_BASELINE_NO_ENTITY_RANKING,,,NOT_APPLICABLE_GLOBAL_BASELINE,HF9g-P5,,,,X 全窗基线 · 不参与实体赏罚,15051997,1506,A168_HF9F_20260827_0900,2026-08-27 09:00:00
2026-04-08,127529701,1646,0,81.1454597807,52.2210297621,52.2210297621,0.8000000,5,5,0.50396966000000000,0.503969660000,1.3239296534401845,1.3239296534401845,1.3239296534401845,0E-17,ELIGIBLE,R03b_20260811_FULL_v1,L1_ELIGIBILITY,v2026-08-11,2026-03-21..2026-08-06,baccarat_bet02_101_all_pairs_incl_sentinel,round_win = game_pnl > 0 (decisive only),COMPATIBILITY_ONLY_NOT_PRODUCTION,557989.4742,504875.3716,9878.7574,24851,24505,-0.01770420,0.00338982,-0.02772422,-0.01770420,-9878.7574,557989.4742,OK,0.0000,395.1503,4.0000,96.0000,AG03-UNRESOLVED,ALL5_LEVELS_bet23_to_bet27,395.1503,395.1503,395.1503,0.0000,0.0000,4.000000,4.000000,4.000000,0.000000,0.000000,96.000000,96.000000,96.000000,100.000000,100.000000,5.0,1185.4509,1138.6651,8693.3065,8740.0923,PENDING_AG03,FALSE,NOT_FOR_ENFORCEMENT,9483.6071,484680.3568,9878.7574,9483.6071,395.1503,0.01770420,0.01699603,395.1503,9483.6071,0.01699603,395.1503,395.1503,395.1503,0.0000,0.0000,9483.6071,0.01699603,1185.4509,1138.6651,8693.3065,8740.0923,0.01557970,0.01566354,0.00070817,22.4534,20.6030,0.4031,82.3230,2.6463,4649.9123,204.2083,25.9152,21.1137,12.8578,14.5296,26.176,48.8436,54.2173,102.8621,13.088,0.0,3.731508,7.079487,1.545355,30,207,63,6,0.32204186,0.01770420,-0.00338982,0E-8,0.000000,0.904812,0.002133,0.03111404,2026-03-21,2026-08-06,120,3733,1703,139,0.863309,1.227414,1.154177,1.073473,,,,,,,,GLOBAL_BASELINE_NO_ENTITY_RANKING,,,NOT_APPLICABLE_GLOBAL_BASELINE,HF9g-P5,,,,X 全窗基线 · 不参与实体赏罚,15051998,1506,A168_HF9F_20260827_0900,2026-08-27 09:00:00
2026-04-08,127529701,1985,0,184.5404811144,77.8734654348,77.8734654348,0.6666667,12,12,0.49883100000000000,0.498831000000,1.162802786041663,1.162802786041663,1.162802786041663,0E-17,ELIGIBLE,R03b_20260811_FULL_v1,L1_ELIGIBILITY,v2026-08-11,2026-03-21..2026-08-06,baccarat_bet02_101_all_pairs_incl_sentinel,round_win = game_pnl > 0 (decisive only),COMPATIBILITY_ONLY_NOT_PRODUCTION,557989.4742,504875.3716,9878.7574,24851,24505,-0.01770420,0.00338982,-0.02772422,-0.01770420,-9878.7574,557989.4742,OK,0.0000,395.1503,4.0000,96.0000,AG03-UNRESOLVED,ALL5_LEVELS_bet23_to_bet27,395.1503,395.1503,395.1503,0.0000,0.0000,4.000000,4.000000,4.000000,0.000000,0.000000,96.000000,96.000000,96.000000,100.000000,100.000000,5.0,1185.4509,1138.6651,8693.3065,8740.0923,PENDING_AG03,FALSE,NOT_FOR_ENFORCEMENT,9483.6071,484680.3568,9878.7574,9483.6071,395.1503,0.01770420,0.01699603,395.1503,9483.6071,0.01699603,395.1503,395.1503,395.1503,0.0000,0.0000,9483.6071,0.01699603,1185.4509,1138.6651,8693.3065,8740.0923,0.01557970,0.01566354,0.00070817,22.4534,20.6030,0.4031,82.3230,2.6463,4649.9123,204.2083,25.9152,21.1137,12.8578,14.5296,26.176,48.8436,54.2173,102.8621,13.088,0.0,3.731508,7.079487,1.545355,30,207,63,6,0.32204186,0.01770420,-0.00338982,0E-8,0.000000,0.904812,0.002133,0.03111404,2026-03-21,2026-08-06,120,3733,1703,139,0.863309,1.227414,1.154177,1.073473,,,,,,,,GLOBAL_BASELINE_NO_ENTITY_RANKING,,,NOT_APPLICABLE_GLOBAL_BASELINE,HF9g-P5,,,,X 全窗基线 · 不参与实体赏罚,15051999,1506,A168_HF9F_20260827_0900,2026-08-27 09:00:00
2026-04-08,127529701,2123,0,120.4093919327,-8.5071852995,-8.5071852995,0.6250000,8,8,0.49492115000000000,0.494921150000,0.7358750597491888,0.7358750597491888,0.7358750597491888,0E-17,ELIGIBLE,R03b_20260811_FULL_v1,L1_ELIGIBILITY,v2026-08-11,2026-03-21..2026-08-06,baccarat_bet02_101_all_pairs_incl_sentinel,round_win = game_pnl > 0 (decisive only),COMPATIBILITY_ONLY_NOT_PRODUCTION,557989.4742,504875.3716,9878.7574,24851,24505,-0.01770420,0.00338982,-0.02772422,-0.01770420,-9878.7574,557989.4742,OK,0.0000,395.1503,4.0000,96.0000,AG03-UNRESOLVED,ALL5_LEVELS_bet23_to_bet27,395.1503,395.1503,395.1503,0.0000,0.0000,4.000000,4.000000,4.000000,0.000000,0.000000,96.000000,96.000000,96.000000,100.000000,100.000000,5.0,1185.4509,1138.6651,8693.3065,8740.0923,PENDING_AG03,FALSE,NOT_FOR_ENFORCEMENT,9483.6071,484680.3568,9878.7574,9483.6071,395.1503,0.01770420,0.01699603,395.1503,9483.6071,0.01699603,395.1503,395.1503,395.1503,0.0000,0.0000,9483.6071,0.01699603,1185.4509,1138.6651,8693.3065,8740.0923,0.01557970,0.01566354,0.00070817,22.4534,20.6030,0.4031,82.3230,2.6463,4649.9123,204.2083,25.9152,21.1137,12.8578,14.5296,26.176,48.8436,54.2173,102.8621,13.088,0.0,3.731508,7.079487,1.545355,30,207,63,6,0.32204186,0.01770420,-0.00338982,0E-8,0.000000,0.904812,0.002133,0.03111404,2026-03-21,2026-08-06,120,3733,1703,139,0.863309,1.227414,1.154177,1.073473,,,,,,,,GLOBAL_BASELINE_NO_ENTITY_RANKING,,,NOT_APPLICABLE_GLOBAL_BASELINE,HF9g-P5,,,,X 全窗基线 · 不参与实体赏罚,15052000,1506,A168_HF9F_20260827_0900,2026-08-27 09:00:00
2026-04-08,127529701,2134,0,65.4398869200,-65.4398869200,-65.4398869200,0E-7,3,3,0.49771390000000000,0.497713900000,-1.724149546644903,-1.724149546644903,-1.724149546644903,0E-17,ELIGIBLE,R03b_20260811_FULL_v1,L1_ELIGIBILITY,v2026-08-11,2026-03-21..2026-08-06,baccarat_bet02_101_all_pairs_incl_sentinel,round_win = game_pnl > 0 (decisive only),COMPATIBILITY_ONLY_NOT_PRODUCTION,557989.4742,504875.3716,9878.7574,24851,24505,-0.01770420,0.00338982,-0.02772422,-0.01770420,-9878.7574,557989.4742,OK,0.0000,395.1503,4.0000,96.0000,AG03-UNRESOLVED,ALL5_LEVELS_bet23_to_bet27,395.1503,395.1503,395.1503,0.0000,0.0000,4.000000,4.000000,4.000000,0.000000,0.000000,96.000000,96.000000,96.000000,100.000000,100.000000,5.0,1185.4509,1138.6651,8693.3065,8740.0923,PENDING_AG03,FALSE,NOT_FOR_ENFORCEMENT,9483.6071,484680.3568,9878.7574,9483.6071,395.1503,0.01770420,0.01699603,395.1503,9483.6071,0.01699603,395.1503,395.1503,395.1503,0.0000,0.0000,9483.6071,0.01699603,1185.4509,1138.6651,8693.3065,8740.0923,0.01557970,0.01566354,0.00070817,22.4534,20.6030,0.4031,82.3230,2.6463,4649.9123,204.2083,25.9152,21.1137,12.8578,14.5296,26.176,48.8436,54.2173,102.8621,13.088,0.0,3.731508,7.079487,1.545355,30,207,63,6,0.32204186,0.01770420,-0.00338982,0E-8,0.000000,0.904812,0.002133,0.03111404,2026-03-21,2026-08-06,120,3733,1703,139,0.863309,1.227414,1.154177,1.073473,,,,,,,,GLOBAL_BASELINE_NO_ENTITY_RANKING,,,NOT_APPLICABLE_GLOBAL_BASELINE,HF9g-P5,,,,X 全窗基线 · 不参与实体赏罚,15052001,1506,A168_HF9F_20260827_0900,2026-08-27 09:00:00
2026-04-08,127529701,2174,0,140.0413580087,-92.9246394263,-92.9246394263,0.2000000,6,6,0.49771390000000000,0.497713900000,-1.3314309533564708,-1.3314309533564703,-1.3314309533564708,0E-17,ELIGIBLE,R03b_20260811_FULL_v1,L1_ELIGIBILITY,v2026-08-11,2026-03-21..2026-08-06,baccarat_bet02_101_all_pairs_incl_sentinel,round_win = game_pnl > 0 (decisive only),COMPATIBILITY_ONLY_NOT_PRODUCTION,557989.4742,504875.3716,9878.7574,24851,24505,-0.01770420,0.00338982,-0.02772422,-0.01770420,-9878.7574,557989.4742,OK,0.0000,395.1503,4.0000,96.0000,AG03-UNRESOLVED,ALL5_LEVELS_bet23_to_bet27,395.1503,395.1503,395.1503,0.0000,0.0000,4.000000,4.000000,4.000000,0.000000,0.000000,96.000000,96.000000,96.000000,100.000000,100.000000,5.0,1185.4509,1138.6651,8693.3065,8740.0923,PENDING_AG03,FALSE,NOT_FOR_ENFORCEMENT,9483.6071,484680.3568,9878.7574,9483.6071,395.1503,0.01770420,0.01699603,395.1503,9483.6071,0.01699603,395.1503,395.1503,395.1503,0.0000,0.0000,9483.6071,0.01699603,1185.4509,1138.6651,8693.3065,8740.0923,0.01557970,0.01566354,0.00070817,22.4534,20.6030,0.4031,82.3230,2.6463,4649.9123,204.2083,25.9152,21.1137,12.8578,14.5296,26.176,48.8436,54.2173,102.8621,13.088,0.0,3.731508,7.079487,1.545355,30,207,63,6,0.32204186,0.01770420,-0.00338982,0E-8,0.000000,0.904812,0.002133,0.03111404,2026-03-21,2026-08-06,120,3733,1703,139,0.863309,1.227414,1.154177,1.073473,,,,,,,,GLOBAL_BASELINE_NO_ENTITY_RANKING,,,NOT_APPLICABLE_GLOBAL_BASELINE,HF9g-P5,,,,X 全窗基线 · 不参与实体赏罚,15052002,1506,A168_HF9F_20260827_0900,2026-08-27 09:00:00
2026-04-08,127529701,2177,0,320.9172054554,-21.0062037013,-21.0062037013,0.4736842,22,22,0.50299473636363636,0.502994736364,-0.2555278236298611,-0.25552782363303234,-0.2555278236298611,-3.6364E-13,ELIGIBLE,R03b_20260811_FULL_v1,L1_ELIGIBILITY,v2026-08-11,2026-03-21..2026-08-06,baccarat_bet02_101_all_pairs_incl_sentinel,round_win = game_pnl > 0 (decisive only),COMPATIBILITY_ONLY_NOT_PRODUCTION,557989.4742,504875.3716,9878.7574,24851,24505,-0.01770420,0.00338982,-0.02772422,-0.01770420,-9878.7574,557989.4742,OK,0.0000,395.1503,4.0000,96.0000,AG03-UNRESOLVED,ALL5_LEVELS_bet23_to_bet27,395.1503,395.1503,395.1503,0.0000,0.0000,4.000000,4.000000,4.000000,0.000000,0.000000,96.000000,96.000000,96.000000,100.000000,100.000000,5.0,1185.4509,1138.6651,8693.3065,8740.0923,PENDING_AG03,FALSE,NOT_FOR_ENFORCEMENT,9483.6071,484680.3568,9878.7574,9483.6071,395.1503,0.01770420,0.01699603,395.1503,9483.6071,0.01699603,395.1503,395.1503,395.1503,0.0000,0.0000,9483.6071,0.01699603,1185.4509,1138.6651,8693.3065,8740.0923,0.01557970,0.01566354,0.00070817,22.4534,20.6030,0.4031,82.3230,2.6463,4649.9123,204.2083,25.9152,21.1137,12.8578,14.5296,26.176,48.8436,54.2173,102.8621,13.088,0.0,3.731508,7.079487,1.545355,30,207,63,6,0.32204186,0.01770420,-0.00338982,0E-8,0.000000,0.904812,0.002133,0.03111404,2026-03-21,2026-08-06,120,3733,1703,139,0.863309,1.227414,1.154177,1.073473,,,,,,,,GLOBAL_BASELINE_NO_ENTITY_RANKING,,,NOT_APPLICABLE_GLOBAL_BASELINE,HF9g-P5,,,,X 全窗基线 · 不参与实体赏罚,15052003,1506,A168_HF9F_20260827_0900,2026-08-27 09:00:00
2026-04-08,127529701,2233,0,119.8858728373,-41.3580085333,-41.3580085333,0.3333333,6,6,0.49547970000000000,0.495479700000,-0.7943841881047936,-0.7943841881047936,-0.7943841881047936,0E-17,ELIGIBLE,R03b_20260811_FULL_v1,L1_ELIGIBILITY,v2026-08-11,2026-03-21..2026-08-06,baccarat_bet02_101_all_pairs_incl_sentinel,round_win = game_pnl > 0 (decisive only),COMPATIBILITY_ONLY_NOT_PRODUCTION,557989.4742,504875.3716,9878.7574,24851,24505,-0.01770420,0.00338982,-0.02772422,-0.01770420,-9878.7574,557989.4742,OK,0.0000,395.1503,4.0000,96.0000,AG03-UNRESOLVED,ALL5_LEVELS_bet23_to_bet27,395.1503,395.1503,395.1503,0.0000,0.0000,4.000000,4.000000,4.000000,0.000000,0.000000,96.000000,96.000000,96.000000,100.000000,100.000000,5.0,1185.4509,1138.6651,8693.3065,8740.0923,PENDING_AG03,FALSE,NOT_FOR_ENFORCEMENT,9483.6071,484680.3568,9878.7574,9483.6071,395.1503,0.01770420,0.01699603,395.1503,9483.6071,0.01699603,395.1503,395.1503,395.1503,0.0000,0.0000,9483.6071,0.01699603,1185.4509,1138.6651,8693.3065,8740.0923,0.01557970,0.01566354,0.00070817,22.4534,20.6030,0.4031,82.3230,2.6463,4649.9123,204.2083,25.9152,21.1137,12.8578,14.5296,26.176,48.8436,54.2173,102.8621,13.088,0.0,3.731508,7.079487,1.545355,30,207,63,6,0.32204186,0.01770420,-0.00338982,0E-8,0.000000,0.904812,0.002133,0.03111404,2026-03-21,2026-08-06,120,3733,1703,139,0.863309,1.227414,1.154177,1.073473,,,,,,,,GLOBAL_BASELINE_NO_ENTITY_RANKING,,,NOT_APPLICABLE_GLOBAL_BASELINE,HF9g-P5,,,,X 全窗基线 · 不参与实体赏罚,15052004,1506,A168_HF9F_20260827_0900,2026-08-27 09:00:00
2026-04-08,127529701,2256,0,13.0879773840,-13.0879773840,-13.0879773840,0E-7,1,1,0.49324550000000000,0.493245500000,-0.9865810262130424,-0.9865810262130424,-0.9865810262130424,0E-17,ELIGIBLE,R03b_20260811_FULL_v1,L1_ELIGIBILITY,v2026-08-11,2026-03-21..2026-08-06,baccarat_bet02_101_all_pairs_incl_sentinel,round_win = game_pnl > 0 (decisive only),COMPATIBILITY_ONLY_NOT_PRODUCTION,557989.4742,504875.3716,9878.7574,24851,24505,-0.01770420,0.00338982,-0.02772422,-0.01770420,-9878.7574,557989.4742,OK,0.0000,395.1503,4.0000,96.0000,AG03-UNRESOLVED,ALL5_LEVELS_bet23_to_bet27,395.1503,395.1503,395.1503,0.0000,0.0000,4.000000,4.000000,4.000000,0.000000,0.000000,96.000000,96.000000,96.000000,100.000000,100.000000,5.0,1185.4509,1138.6651,8693.3065,8740.0923,PENDING_AG03,FALSE,NOT_FOR_ENFORCEMENT,9483.6071,484680.3568,9878.7574,9483.6071,395.1503,0.01770420,0.01699603,395.1503,9483.6071,0.01699603,395.1503,395.1503,395.1503,0.0000,0.0000,9483.6071,0.01699603,1185.4509,1138.6651,8693.3065,8740.0923,0.01557970,0.01566354,0.00070817,22.4534,20.6030,0.4031,82.3230,2.6463,4649.9123,204.2083,25.9152,21.1137,12.8578,14.5296,26.176,48.8436,54.2173,102.8621,13.088,0.0,3.731508,7.079487,1.545355,30,207,63,6,0.32204186,0.01770420,-0.00338982,0E-8,0.000000,0.904812,0.002133,0.03111404,2026-03-21,2026-08-06,120,3733,1703,139,0.863309,1.227414,1.154177,1.073473,,,,,,,,GLOBAL_BASELINE_NO_ENTITY_RANKING,,,NOT_APPLICABLE_GLOBAL_BASELINE,HF9g-P5,,,,X 全窗基线 · 不参与实体赏罚,15052005,1506,A168_HF9F_20260827_0900,2026-08-27 09:00:00
2026-04-08,127529701,529,0,159.6733240848,-3.9263932152,-3.9263932152,0.5000000,10,10,0.49860758000000000,0.498607580000,0.008806471467772546,0.008806471467772546,0.008806471467772546,0E-17,ELIGIBLE,R03b_20260811_FULL_v1,L1_ELIGIBILITY,v2026-08-11,2026-03-21..2026-08-06,baccarat_bet02_101_all_pairs_incl_sentinel,round_win = game_pnl > 0 (decisive only),COMPATIBILITY_ONLY_NOT_PRODUCTION,557989.4742,504875.3716,9878.7574,24851,24505,-0.01770420,0.00338982,-0.02772422,-0.01770420,-9878.7574,557989.4742,OK,0.0000,395.1503,4.0000,96.0000,AG03-UNRESOLVED,ALL5_LEVELS_bet23_to_bet27,395.1503,395.1503,395.1503,0.0000,0.0000,4.000000,4.000000,4.000000,0.000000,0.000000,96.000000,96.000000,96.000000,100.000000,100.000000,5.0,1185.4509,1138.6651,8693.3065,8740.0923,PENDING_AG03,FALSE,NOT_FOR_ENFORCEMENT,9483.6071,484680.3568,9878.7574,9483.6071,395.1503,0.01770420,0.01699603,395.1503,9483.6071,0.01699603,395.1503,395.1503,395.1503,0.0000,0.0000,9483.6071,0.01699603,1185.4509,1138.6651,8693.3065,8740.0923,0.01557970,0.01566354,0.00070817,22.4534,20.6030,0.4031,82.3230,2.6463,4649.9123,204.2083,25.9152,21.1137,12.8578,14.5296,26.176,48.8436,54.2173,102.8621,13.088,0.0,3.731508,7.079487,1.545355,30,207,63,6,0.32204186,0.01770420,-0.00338982,0E-8,0.000000,0.904812,0.002133,0.03111404,2026-03-21,2026-08-06,120,3733,1703,139,0.863309,1.227414,1.154177,1.073473,,,,,,,,GLOBAL_BASELINE_NO_ENTITY_RANKING,,,NOT_APPLICABLE_GLOBAL_BASELINE,HF9g-P5,,,,X 全窗基线 · 不参与实体赏罚,15052006,1506,A168_HF9F_20260827_0900,2026-08-27 09:00:00
2026-04-08,127529701,752,0,130.8797738400,-53.6607072744,-53.6607072744,0.3333333,7,7,0.50282064285714286,0.502820642857,-0.8303280647496518,-0.8303280647489506,-0.8303280647496518,1.4286E-13,ELIGIBLE,R03b_20260811_FULL_v1,L1_ELIGIBILITY,v2026-08-11,2026-03-21..2026-08-06,baccarat_bet02_101_all_pairs_incl_sentinel,round_win = game_pnl > 0 (decisive only),COMPATIBILITY_ONLY_NOT_PRODUCTION,557989.4742,504875.3716,9878.7574,24851,24505,-0.01770420,0.00338982,-0.02772422,-0.01770420,-9878.7574,557989.4742,OK,0.0000,395.1503,4.0000,96.0000,AG03-UNRESOLVED,ALL5_LEVELS_bet23_to_bet27,395.1503,395.1503,395.1503,0.0000,0.0000,4.000000,4.000000,4.000000,0.000000,0.000000,96.000000,96.000000,96.000000,100.000000,100.000000,5.0,1185.4509,1138.6651,8693.3065,8740.0923,PENDING_AG03,FALSE,NOT_FOR_ENFORCEMENT,9483.6071,484680.3568,9878.7574,9483.6071,395.1503,0.01770420,0.01699603,395.1503,9483.6071,0.01699603,395.1503,395.1503,395.1503,0.0000,0.0000,9483.6071,0.01699603,1185.4509,1138.6651,8693.3065,8740.0923,0.01557970,0.01566354,0.00070817,22.4534,20.6030,0.4031,82.3230,2.6463,4649.9123,204.2083,25.9152,21.1137,12.8578,14.5296,26.176,48.8436,54.2173,102.8621,13.088,0.0,3.731508,7.079487,1.545355,30,207,63,6,0.32204186,0.01770420,-0.00338982,0E-8,0.000000,0.904812,0.002133,0.03111404,2026-03-21,2026-08-06,120,3733,1703,139,0.863309,1.227414,1.154177,1.073473,,,,,,,,GLOBAL_BASELINE_NO_ENTITY_RANKING,,,NOT_APPLICABLE_GLOBAL_BASELINE,HF9g-P5,,,,X 全窗基线 · 不参与实体赏罚,15052007,1506,A168_HF9F_20260827_0900,2026-08-27 09:00:00
2026-04-08,127529701,986,0,158.3645263464,73.9470722196,73.9470722196,0.8571429,11,11,0.50177608181818182,0.501776081818,1.8804360870312877,1.8804360870322478,1.8804360870312877,1.8182E-13,ELIGIBLE,R03b_20260811_FULL_v1,L1_ELIGIBILITY,v2026-08-11,2026-03-21..2026-08-06,baccarat_bet02_101_all_pairs_incl_sentinel,round_win = game_pnl > 0 (decisive only),COMPATIBILITY_ONLY_NOT_PRODUCTION,557989.4742,504875.3716,9878.7574,24851,24505,-0.01770420,0.00338982,-0.02772422,-0.01770420,-9878.7574,557989.4742,OK,0.0000,395.1503,4.0000,96.0000,AG03-UNRESOLVED,ALL5_LEVELS_bet23_to_bet27,395.1503,395.1503,395.1503,0.0000,0.0000,4.000000,4.000000,4.000000,0.000000,0.000000,96.000000,96.000000,96.000000,100.000000,100.000000,5.0,1185.4509,1138.6651,8693.3065,8740.0923,PENDING_AG03,FALSE,NOT_FOR_ENFORCEMENT,9483.6071,484680.3568,9878.7574,9483.6071,395.1503,0.01770420,0.01699603,395.1503,9483.6071,0.01699603,395.1503,395.1503,395.1503,0.0000,0.0000,9483.6071,0.01699603,1185.4509,1138.6651,8693.3065,8740.0923,0.01557970,0.01566354,0.00070817,22.4534,20.6030,0.4031,82.3230,2.6463,4649.9123,204.2083,25.9152,21.1137,12.8578,14.5296,26.176,48.8436,54.2173,102.8621,13.088,0.0,3.731508,7.079487,1.545355,30,207,63,6,0.32204186,0.01770420,-0.00338982,0E-8,0.000000,0.904812,0.002133,0.03111404,2026-03-21,2026-08-06,120,3733,1703,139,0.863309,1.227414,1.154177,1.073473,,,,,,,,GLOBAL_BASELINE_NO_ENTITY_RANKING,,,NOT_APPLICABLE_GLOBAL_BASELINE,HF9g-P5,,,,X 全窗基线 · 不参与实体赏罚,15052008,1506,A168_HF9F_20260827_0900,2026-08-27 09:00:00
2026-04-09,127529701,-1,1,243.9598984377,-42.2087270634,-42.2087270634,0.5000000,18,18,0.49994810000000000,0.499948100000,0.0004403861056954387,0.0004403861056954386,0.0004403861056954387,0E-17,SENTINEL_DEALER,R03b_20260811_FULL_v1,L1_ELIGIBILITY,v2026-08-11,2026-03-21..2026-08-06,baccarat_bet02_101_all_pairs_incl_sentinel,round_win = game_pnl > 0 (decisive only),COMPATIBILITY_ONLY_NOT_PRODUCTION,557989.4742,504875.3716,9878.7574,24851,24505,-0.01770420,0.00338982,-0.02772422,-0.01770420,-9878.7574,557989.4742,OK,0.0000,395.1503,4.0000,96.0000,AG03-UNRESOLVED,ALL5_LEVELS_bet23_to_bet27,395.1503,395.1503,395.1503,0.0000,0.0000,4.000000,4.000000,4.000000,0.000000,0.000000,96.000000,96.000000,96.000000,100.000000,100.000000,5.0,1185.4509,1138.6651,8693.3065,8740.0923,PENDING_AG03,FALSE,NOT_FOR_ENFORCEMENT,9483.6071,484680.3568,9878.7574,9483.6071,395.1503,0.01770420,0.01699603,395.1503,9483.6071,0.01699603,395.1503,395.1503,395.1503,0.0000,0.0000,9483.6071,0.01699603,1185.4509,1138.6651,8693.3065,8740.0923,0.01557970,0.01566354,0.00070817,22.4534,20.6030,0.4031,82.3230,2.6463,4649.9123,204.2083,25.9152,21.1137,12.8578,14.5296,26.176,48.8436,54.2173,102.8621,13.088,0.0,3.731508,7.079487,1.545355,30,207,63,6,0.32204186,0.01770420,-0.00338982,0E-8,0.000000,0.904812,0.002133,0.03111404,2026-03-21,2026-08-06,120,3733,1703,139,0.863309,1.227414,1.154177,1.073473,,,,,,,,GLOBAL_BASELINE_NO_ENTITY_RANKING,,,NOT_APPLICABLE_GLOBAL_BASELINE,HF9g-P5,,,,X 全窗基线 · 不参与实体赏罚,15052009,1506,A168_HF9F_20260827_0900,2026-08-27 09:00:00
2026-04-09,127529701,1210,0,119.6241132896,14.5930947832,14.5930947832,0.6000000,12,12,0.49771390000000000,0.497713900000,0.6469208599312795,0.6469208599312793,0.6469208599312795,0E-17,ELIGIBLE,R03b_20260811_FULL_v1,L1_ELIGIBILITY,v2026-08-11,2026-03-21..2026-08-06,baccarat_bet02_101_all_pairs_incl_sentinel,round_win = game_pnl > 0 (decisive only),COMPATIBILITY_ONLY_NOT_PRODUCTION,557989.4742,504875.3716,9878.7574,24851,24505,-0.01770420,0.00338982,-0.02772422,-0.01770420,-9878.7574,557989.4742,OK,0.0000,395.1503,4.0000,96.0000,AG03-UNRESOLVED,ALL5_LEVELS_bet23_to_bet27,395.1503,395.1503,395.1503,0.0000,0.0000,4.000000,4.000000,4.000000,0.000000,0.000000,96.000000,96.000000,96.000000,100.000000,100.000000,5.0,1185.4509,1138.6651,8693.3065,8740.0923,PENDING_AG03,FALSE,NOT_FOR_ENFORCEMENT,9483.6071,484680.3568,9878.7574,9483.6071,395.1503,0.01770420,0.01699603,395.1503,9483.6071,0.01699603,395.1503,395.1503,395.1503,0.0000,0.0000,9483.6071,0.01699603,1185.4509,1138.6651,8693.3065,8740.0923,0.01557970,0.01566354,0.00070817,22.4534,20.6030,0.4031,82.3230,2.6463,4649.9123,204.2083,25.9152,21.1137,12.8578,14.5296,26.176,48.8436,54.2173,102.8621,13.088,0.0,3.731508,7.079487,1.545355,30,207,63,6,0.32204186,0.01770420,-0.00338982,0E-8,0.000000,0.904812,0.002133,0.03111404,2026-03-21,2026-08-06,120,3733,1703,139,0.863309,1.227414,1.154177,1.073473,,,,,,,,GLOBAL_BASELINE_NO_ENTITY_RANKING,,,NOT_APPLICABLE_GLOBAL_BASELINE,HF9g-P5,,,,X 全窗基线 · 不参与实体赏罚,15052010,1506,A168_HF9F_20260827_0900,2026-08-27 09:00:00
2026-04-09,127529701,1331,0,28.5317906971,-13.2188571578,-13.2188571578,0.3333333,3,3,0.50218230000000000,0.502182300000,-0.5849155494134425,-0.5849155494134426,-0.5849155494134425,0E-17,ELIGIBLE,R03b_20260811_FULL_v1,L1_ELIGIBILITY,v2026-08-11,2026-03-21..2026-08-06,baccarat_bet02_101_all_pairs_incl_sentinel,round_win = game_pnl > 0 (decisive only),COMPATIBILITY_ONLY_NOT_PRODUCTION,557989.4742,504875.3716,9878.7574,24851,24505,-0.01770420,0.00338982,-0.02772422,-0.01770420,-9878.7574,557989.4742,OK,0.0000,395.1503,4.0000,96.0000,AG03-UNRESOLVED,ALL5_LEVELS_bet23_to_bet27,395.1503,395.1503,395.1503,0.0000,0.0000,4.000000,4.000000,4.000000,0.000000,0.000000,96.000000,96.000000,96.000000,100.000000,100.000000,5.0,1185.4509,1138.6651,8693.3065,8740.0923,PENDING_AG03,FALSE,NOT_FOR_ENFORCEMENT,9483.6071,484680.3568,9878.7574,9483.6071,395.1503,0.01770420,0.01699603,395.1503,9483.6071,0.01699603,395.1503,395.1503,395.1503,0.0000,0.0000,9483.6071,0.01699603,1185.4509,1138.6651,8693.3065,8740.0923,0.01557970,0.01566354,0.00070817,22.4534,20.6030,0.4031,82.3230,2.6463,4649.9123,204.2083,25.9152,21.1137,12.8578,14.5296,26.176,48.8436,54.2173,102.8621,13.088,0.0,3.731508,7.079487,1.545355,30,207,63,6,0.32204186,0.01770420,-0.00338982,0E-8,0.000000,0.904812,0.002133,0.03111404,2026-03-21,2026-08-06,120,3733,1703,139,0.863309,1.227414,1.154177,1.073473,,,,,,,,GLOBAL_BASELINE_NO_ENTITY_RANKING,,,NOT_APPLICABLE_GLOBAL_BASELINE,HF9g-P5,,,,X 全窗基线 · 不参与实体赏罚,15052011,1506,A168_HF9F_20260827_0900,2026-08-27 09:00:00
2026-04-09,127529701,1374,0,96.8510326415,-44.4991231055,-44.4991231055,0.3750000,9,9,0.49771390000000000,0.497713900000,-0.694181902665499,-0.6941819026654991,-0.694181902665499,0E-17,ELIGIBLE,R03b_20260811_FULL_v1,L1_ELIGIBILITY,v2026-08-11,2026-03-21..2026-08-06,baccarat_bet02_101_all_pairs_incl_sentinel,round_win = game_pnl > 0 (decisive only),COMPATIBILITY_ONLY_NOT_PRODUCTION,557989.4742,504875.3716,9878.7574,24851,24505,-0.01770420,0.00338982,-0.02772422,-0.01770420,-9878.7574,557989.4742,OK,0.0000,395.1503,4.0000,96.0000,AG03-UNRESOLVED,ALL5_LEVELS_bet23_to_bet27,395.1503,395.1503,395.1503,0.0000,0.0000,4.000000,4.000000,4.000000,0.000000,0.000000,96.000000,96.000000,96.000000,100.000000,100.000000,5.0,1185.4509,1138.6651,8693.3065,8740.0923,PENDING_AG03,FALSE,NOT_FOR_ENFORCEMENT,9483.6071,484680.3568,9878.7574,9483.6071,395.1503,0.01770420,0.01699603,395.1503,9483.6071,0.01699603,395.1503,395.1503,395.1503,0.0000,0.0000,9483.6071,0.01699603,1185.4509,1138.6651,8693.3065,8740.0923,0.01557970,0.01566354,0.00070817,22.4534,20.6030,0.4031,82.3230,2.6463,4649.9123,204.2083,25.9152,21.1137,12.8578,14.5296,26.176,48.8436,54.2173,102.8621,13.088,0.0,3.731508,7.079487,1.545355,30,207,63,6,0.32204186,0.01770420,-0.00338982,0E-8,0.000000,0.904812,0.002133,0.03111404,2026-03-21,2026-08-06,120,3733,1703,139,0.863309,1.227414,1.154177,1.073473,,,,,,,,GLOBAL_BASELINE_NO_ENTITY_RANKING,,,NOT_APPLICABLE_GLOBAL_BASELINE,HF9g-P5,,,,X 全窗基线 · 不参与实体赏罚,15052012,1506,A168_HF9F_20260827_0900,2026-08-27 09:00:00
2026-04-09,127529701,1382,0,79.5749024947,-15.1166138785,-15.1166138785,0.5000000,6,6,0.50218230000000000,0.502182300000,-0.01069114476356389,-0.01069114476356389,-0.01069114476356389,0E-17,ELIGIBLE,R03b_20260811_FULL_v1,L1_ELIGIBILITY,v2026-08-11,2026-03-21..2026-08-06,baccarat_bet02_101_all_pairs_incl_sentinel,round_win = game_pnl > 0 (decisive only),COMPATIBILITY_ONLY_NOT_PRODUCTION,557989.4742,504875.3716,9878.7574,24851,24505,-0.01770420,0.00338982,-0.02772422,-0.01770420,-9878.7574,557989.4742,OK,0.0000,395.1503,4.0000,96.0000,AG03-UNRESOLVED,ALL5_LEVELS_bet23_to_bet27,395.1503,395.1503,395.1503,0.0000,0.0000,4.000000,4.000000,4.000000,0.000000,0.000000,96.000000,96.000000,96.000000,100.000000,100.000000,5.0,1185.4509,1138.6651,8693.3065,8740.0923,PENDING_AG03,FALSE,NOT_FOR_ENFORCEMENT,9483.6071,484680.3568,9878.7574,9483.6071,395.1503,0.01770420,0.01699603,395.1503,9483.6071,0.01699603,395.1503,395.1503,395.1503,0.0000,0.0000,9483.6071,0.01699603,1185.4509,1138.6651,8693.3065,8740.0923,0.01557970,0.01566354,0.00070817,22.4534,20.6030,0.4031,82.3230,2.6463,4649.9123,204.2083,25.9152,21.1137,12.8578,14.5296,26.176,48.8436,54.2173,102.8621,13.088,0.0,3.731508,7.079487,1.545355,30,207,63,6,0.32204186,0.01770420,-0.00338982,0E-8,0.000000,0.904812,0.002133,0.03111404,2026-03-21,2026-08-06,120,3733,1703,139,0.863309,1.227414,1.154177,1.073473,,,,,,,,GLOBAL_BASELINE_NO_ENTITY_RANKING,,,NOT_APPLICABLE_GLOBAL_BASELINE,HF9g-P5,,,,X 全窗基线 · 不参与实体赏罚,15052013,1506,A168_HF9F_20260827_0900,2026-08-27 09:00:00
2026-04-09,127529701,1383,0,85.8571316390,28.1391513756,28.1391513756,0.5714286,8,8,0.49659680000000000,0.496596800000,0.3959816871769319,0.3959816871769319,0.3959816871769319,0E-17,ELIGIBLE,R03b_20260811_FULL_v1,L1_ELIGIBILITY,v2026-08-11,2026-03-21..2026-08-06,baccarat_bet02_101_all_pairs_incl_sentinel,round_win = game_pnl > 0 (decisive only),COMPATIBILITY_ONLY_NOT_PRODUCTION,557989.4742,504875.3716,9878.7574,24851,24505,-0.01770420,0.00338982,-0.02772422,-0.01770420,-9878.7574,557989.4742,OK,0.0000,395.1503,4.0000,96.0000,AG03-UNRESOLVED,ALL5_LEVELS_bet23_to_bet27,395.1503,395.1503,395.1503,0.0000,0.0000,4.000000,4.000000,4.000000,0.000000,0.000000,96.000000,96.000000,96.000000,100.000000,100.000000,5.0,1185.4509,1138.6651,8693.3065,8740.0923,PENDING_AG03,FALSE,NOT_FOR_ENFORCEMENT,9483.6071,484680.3568,9878.7574,9483.6071,395.1503,0.01770420,0.01699603,395.1503,9483.6071,0.01699603,395.1503,395.1503,395.1503,0.0000,0.0000,9483.6071,0.01699603,1185.4509,1138.6651,8693.3065,8740.0923,0.01557970,0.01566354,0.00070817,22.4534,20.6030,0.4031,82.3230,2.6463,4649.9123,204.2083,25.9152,21.1137,12.8578,14.5296,26.176,48.8436,54.2173,102.8621,13.088,0.0,3.731508,7.079487,1.545355,30,207,63,6,0.32204186,0.01770420,-0.00338982,0E-8,0.000000,0.904812,0.002133,0.03111404,2026-03-21,2026-08-06,120,3733,1703,139,0.863309,1.227414,1.154177,1.073473,,,,,,,,GLOBAL_BASELINE_NO_ENTITY_RANKING,,,NOT_APPLICABLE_GLOBAL_BASELINE,HF9g-P5,,,,X 全窗基线 · 不参与实体赏罚,15052014,1506,A168_HF9F_20260827_0900,2026-08-27 09:00:00
2026-04-09,127529701,1385,0,170.1437059919,-143.9677512239,-143.9677512239,0.1428571,7,7,0.49707555714285714,0.497075557143,-1.8743797290365218,-1.8743797290372748,-1.8743797290365218,-1.4286E-13,ELIGIBLE,R03b_20260811_FULL_v1,L1_ELIGIBILITY,v2026-08-11,2026-03-21..2026-08-06,baccarat_bet02_101_all_pairs_incl_sentinel,round_win = game_pnl > 0 (decisive only),COMPATIBILITY_ONLY_NOT_PRODUCTION,557989.4742,504875.3716,9878.7574,24851,24505,-0.01770420,0.00338982,-0.02772422,-0.01770420,-9878.7574,557989.4742,OK,0.0000,395.1503,4.0000,96.0000,AG03-UNRESOLVED,ALL5_LEVELS_bet23_to_bet27,395.1503,395.1503,395.1503,0.0000,0.0000,4.000000,4.000000,4.000000,0.000000,0.000000,96.000000,96.000000,96.000000,100.000000,100.000000,5.0,1185.4509,1138.6651,8693.3065,8740.0923,PENDING_AG03,FALSE,NOT_FOR_ENFORCEMENT,9483.6071,484680.3568,9878.7574,9483.6071,395.1503,0.01770420,0.01699603,395.1503,9483.6071,0.01699603,395.1503,395.1503,395.1503,0.0000,0.0000,9483.6071,0.01699603,1185.4509,1138.6651,8693.3065,8740.0923,0.01557970,0.01566354,0.00070817,22.4534,20.6030,0.4031,82.3230,2.6463,4649.9123,204.2083,25.9152,21.1137,12.8578,14.5296,26.176,48.8436,54.2173,102.8621,13.088,0.0,3.731508,7.079487,1.545355,30,207,63,6,0.32204186,0.01770420,-0.00338982,0E-8,0.000000,0.904812,0.002133,0.03111404,2026-03-21,2026-08-06,120,3733,1703,139,0.863309,1.227414,1.154177,1.073473,,,,,,,,GLOBAL_BASELINE_NO_ENTITY_RANKING,,,NOT_APPLICABLE_GLOBAL_BASELINE,HF9g-P5,,,,X 全窗基线 · 不参与实体赏罚,15052015,1506,A168_HF9F_20260827_0900,2026-08-27 09:00:00
2026-04-09,127529701,1402,0,161.7674004661,39.0152605816,39.0152605816,0.6666667,16,16,0.47335728125000000,0.473357281250,1.4994983652390155,1.4994983652390155,1.4994983652390155,0E-17,ELIGIBLE,R03b_20260811_FULL_v1,L1_ELIGIBILITY,v2026-08-11,2026-03-21..2026-08-06,baccarat_bet02_101_all_pairs_incl_sentinel,round_win = game_pnl > 0 (decisive only),COMPATIBILITY_ONLY_NOT_PRODUCTION,557989.4742,504875.3716,9878.7574,24851,24505,-0.01770420,0.00338982,-0.02772422,-0.01770420,-9878.7574,557989.4742,OK,0.0000,395.1503,4.0000,96.0000,AG03-UNRESOLVED,ALL5_LEVELS_bet23_to_bet27,395.1503,395.1503,395.1503,0.0000,0.0000,4.000000,4.000000,4.000000,0.000000,0.000000,96.000000,96.000000,96.000000,100.000000,100.000000,5.0,1185.4509,1138.6651,8693.3065,8740.0923,PENDING_AG03,FALSE,NOT_FOR_ENFORCEMENT,9483.6071,484680.3568,9878.7574,9483.6071,395.1503,0.01770420,0.01699603,395.1503,9483.6071,0.01699603,395.1503,395.1503,395.1503,0.0000,0.0000,9483.6071,0.01699603,1185.4509,1138.6651,8693.3065,8740.0923,0.01557970,0.01566354,0.00070817,22.4534,20.6030,0.4031,82.3230,2.6463,4649.9123,204.2083,25.9152,21.1137,12.8578,14.5296,26.176,48.8436,54.2173,102.8621,13.088,0.0,3.731508,7.079487,1.545355,30,207,63,6,0.32204186,0.01770420,-0.00338982,0E-8,0.000000,0.904812,0.002133,0.03111404,2026-03-21,2026-08-06,120,3733,1703,139,0.863309,1.227414,1.154177,1.073473,,,,,,,,GLOBAL_BASELINE_NO_ENTITY_RANKING,,,NOT_APPLICABLE_GLOBAL_BASELINE,HF9g-P5,,,,X 全窗基线 · 不参与实体赏罚,15052016,1506,A168_HF9F_20260827_0900,2026-08-27 09:00:00
2026-04-09,127529701,1485,0,13.0879773840,2.2249561553,2.2249561553,0.5000000,2,2,0.50665070000000000,0.506650700000,-0.018812684590367487,-0.018812684590367487,-0.018812684590367487,0E-17,ELIGIBLE,R03b_20260811_FULL_v1,L1_ELIGIBILITY,v2026-08-11,2026-03-21..2026-08-06,baccarat_bet02_101_all_pairs_incl_sentinel,round_win = game_pnl > 0 (decisive only),COMPATIBILITY_ONLY_NOT_PRODUCTION,557989.4742,504875.3716,9878.7574,24851,24505,-0.01770420,0.00338982,-0.02772422,-0.01770420,-9878.7574,557989.4742,OK,0.0000,395.1503,4.0000,96.0000,AG03-UNRESOLVED,ALL5_LEVELS_bet23_to_bet27,395.1503,395.1503,395.1503,0.0000,0.0000,4.000000,4.000000,4.000000,0.000000,0.000000,96.000000,96.000000,96.000000,100.000000,100.000000,5.0,1185.4509,1138.6651,8693.3065,8740.0923,PENDING_AG03,FALSE,NOT_FOR_ENFORCEMENT,9483.6071,484680.3568,9878.7574,9483.6071,395.1503,0.01770420,0.01699603,395.1503,9483.6071,0.01699603,395.1503,395.1503,395.1503,0.0000,0.0000,9483.6071,0.01699603,1185.4509,1138.6651,8693.3065,8740.0923,0.01557970,0.01566354,0.00070817,22.4534,20.6030,0.4031,82.3230,2.6463,4649.9123,204.2083,25.9152,21.1137,12.8578,14.5296,26.176,48.8436,54.2173,102.8621,13.088,0.0,3.731508,7.079487,1.545355,30,207,63,6,0.32204186,0.01770420,-0.00338982,0E-8,0.000000,0.904812,0.002133,0.03111404,2026-03-21,2026-08-06,120,3733,1703,139,0.863309,1.227414,1.154177,1.073473,,,,,,,,GLOBAL_BASELINE_NO_ENTITY_RANKING,,,NOT_APPLICABLE_GLOBAL_BASELINE,HF9g-P5,,,,X 全窗基线 · 不参与实体赏罚,15052017,1506,A168_HF9F_20260827_0900,2026-08-27 09:00:00
2026-04-09,127529701,1990,0,88.9982462111,-52.3519095359,-52.3519095359,0.1428571,8,8,0.49827245000000000,0.498272450000,-1.880692255309802,-1.880692255309802,-1.880692255309802,0E-17,ELIGIBLE,R03b_20260811_FULL_v1,L1_ELIGIBILITY,v2026-08-11,2026-03-21..2026-08-06,baccarat_bet02_101_all_pairs_incl_sentinel,round_win = game_pnl > 0 (decisive only),COMPATIBILITY_ONLY_NOT_PRODUCTION,557989.4742,504875.3716,9878.7574,24851,24505,-0.01770420,0.00338982,-0.02772422,-0.01770420,-9878.7574,557989.4742,OK,0.0000,395.1503,4.0000,96.0000,AG03-UNRESOLVED,ALL5_LEVELS_bet23_to_bet27,395.1503,395.1503,395.1503,0.0000,0.0000,4.000000,4.000000,4.000000,0.000000,0.000000,96.000000,96.000000,96.000000,100.000000,100.000000,5.0,1185.4509,1138.6651,8693.3065,8740.0923,PENDING_AG03,FALSE,NOT_FOR_ENFORCEMENT,9483.6071,484680.3568,9878.7574,9483.6071,395.1503,0.01770420,0.01699603,395.1503,9483.6071,0.01699603,395.1503,395.1503,395.1503,0.0000,0.0000,9483.6071,0.01699603,1185.4509,1138.6651,8693.3065,8740.0923,0.01557970,0.01566354,0.00070817,22.4534,20.6030,0.4031,82.3230,2.6463,4649.9123,204.2083,25.9152,21.1137,12.8578,14.5296,26.176,48.8436,54.2173,102.8621,13.088,0.0,3.731508,7.079487,1.545355,30,207,63,6,0.32204186,0.01770420,-0.00338982,0E-8,0.000000,0.904812,0.002133,0.03111404,2026-03-21,2026-08-06,120,3733,1703,139,0.863309,1.227414,1.154177,1.073473,,,,,,,,GLOBAL_BASELINE_NO_ENTITY_RANKING,,,NOT_APPLICABLE_GLOBAL_BASELINE,HF9g-P5,,,,X 全窗基线 · 不参与实体赏罚,15052018,1506,A168_HF9F_20260827_0900,2026-08-27 09:00:00
2026-04-09,127529701,2151,0,31.4111457216,7.1983875612,7.1983875612,1.0000000,3,2,0.44108411428571429,0.396936125000,1.1256736970275918,1.232597674812753,1.1256736970275918,0.04414798928571429,ELIGIBLE,R03b_20260811_FULL_v1,L1_ELIGIBILITY,v2026-08-11,2026-03-21..2026-08-06,baccarat_bet02_101_all_pairs_incl_sentinel,round_win = game_pnl > 0 (decisive only),COMPATIBILITY_ONLY_NOT_PRODUCTION,557989.4742,504875.3716,9878.7574,24851,24505,-0.01770420,0.00338982,-0.02772422,-0.01770420,-9878.7574,557989.4742,OK,0.0000,395.1503,4.0000,96.0000,AG03-UNRESOLVED,ALL5_LEVELS_bet23_to_bet27,395.1503,395.1503,395.1503,0.0000,0.0000,4.000000,4.000000,4.000000,0.000000,0.000000,96.000000,96.000000,96.000000,100.000000,100.000000,5.0,1185.4509,1138.6651,8693.3065,8740.0923,PENDING_AG03,FALSE,NOT_FOR_ENFORCEMENT,9483.6071,484680.3568,9878.7574,9483.6071,395.1503,0.01770420,0.01699603,395.1503,9483.6071,0.01699603,395.1503,395.1503,395.1503,0.0000,0.0000,9483.6071,0.01699603,1185.4509,1138.6651,8693.3065,8740.0923,0.01557970,0.01566354,0.00070817,22.4534,20.6030,0.4031,82.3230,2.6463,4649.9123,204.2083,25.9152,21.1137,12.8578,14.5296,26.176,48.8436,54.2173,102.8621,13.088,0.0,3.731508,7.079487,1.545355,30,207,63,6,0.32204186,0.01770420,-0.00338982,0E-8,0.000000,0.904812,0.002133,0.03111404,2026-03-21,2026-08-06,120,3733,1703,139,0.863309,1.227414,1.154177,1.073473,,,,,,,,GLOBAL_BASELINE_NO_ENTITY_RANKING,,,NOT_APPLICABLE_GLOBAL_BASELINE,HF9g-P5,,,,X 全窗基线 · 不参与实体赏罚,15052019,1506,A168_HF9F_20260827_0900,2026-08-27 09:00:00
2026-04-09,127529701,2153,0,62.8222914432,-39.5256916997,-39.5256916997,0.2500000,5,5,0.49592654000000000,0.495926540000,-0.983738807048034,-0.983738807048034,-0.983738807048034,0E-17,ELIGIBLE,R03b_20260811_FULL_v1,L1_ELIGIBILITY,v2026-08-11,2026-03-21..2026-08-06,baccarat_bet02_101_all_pairs_incl_sentinel,round_win = game_pnl > 0 (decisive only),COMPATIBILITY_ONLY_NOT_PRODUCTION,557989.4742,504875.3716,9878.7574,24851,24505,-0.01770420,0.00338982,-0.02772422,-0.01770420,-9878.7574,557989.4742,OK,0.0000,395.1503,4.0000,96.0000,AG03-UNRESOLVED,ALL5_LEVELS_bet23_to_bet27,395.1503,395.1503,395.1503,0.0000,0.0000,4.000000,4.000000,4.000000,0.000000,0.000000,96.000000,96.000000,96.000000,100.000000,100.000000,5.0,1185.4509,1138.6651,8693.3065,8740.0923,PENDING_AG03,FALSE,NOT_FOR_ENFORCEMENT,9483.6071,484680.3568,9878.7574,9483.6071,395.1503,0.01770420,0.01699603,395.1503,9483.6071,0.01699603,395.1503,395.1503,395.1503,0.0000,0.0000,9483.6071,0.01699603,1185.4509,1138.6651,8693.3065,8740.0923,0.01557970,0.01566354,0.00070817,22.4534,20.6030,0.4031,82.3230,2.6463,4649.9123,204.2083,25.9152,21.1137,12.8578,14.5296,26.176,48.8436,54.2173,102.8621,13.088,0.0,3.731508,7.079487,1.545355,30,207,63,6,0.32204186,0.01770420,-0.00338982,0E-8,0.000000,0.904812,0.002133,0.03111404,2026-03-21,2026-08-06,120,3733,1703,139,0.863309,1.227414,1.154177,1.073473,,,,,,,,GLOBAL_BASELINE_NO_ENTITY_RANKING,,,NOT_APPLICABLE_GLOBAL_BASELINE,HF9g-P5,,,,X 全窗基线 · 不参与实体赏罚,15052020,1506,A168_HF9F_20260827_0900,2026-08-27 09:00:00
2026-04-09,127529701,2246,0,85.8571316390,-60.3355757402,-60.3355757402,0.1666667,6,6,0.49771390000000000,0.497713900000,-1.6218105569273533,-1.6218105569273533,-1.6218105569273533,0E-17,ELIGIBLE,R03b_20260811_FULL_v1,L1_ELIGIBILITY,v2026-08-11,2026-03-21..2026-08-06,baccarat_bet02_101_all_pairs_incl_sentinel,round_win = game_pnl > 0 (decisive only),COMPATIBILITY_ONLY_NOT_PRODUCTION,557989.4742,504875.3716,9878.7574,24851,24505,-0.01770420,0.00338982,-0.02772422,-0.01770420,-9878.7574,557989.4742,OK,0.0000,395.1503,4.0000,96.0000,AG03-UNRESOLVED,ALL5_LEVELS_bet23_to_bet27,395.1503,395.1503,395.1503,0.0000,0.0000,4.000000,4.000000,4.000000,0.000000,0.000000,96.000000,96.000000,96.000000,100.000000,100.000000,5.0,1185.4509,1138.6651,8693.3065,8740.0923,PENDING_AG03,FALSE,NOT_FOR_ENFORCEMENT,9483.6071,484680.3568,9878.7574,9483.6071,395.1503,0.01770420,0.01699603,395.1503,9483.6071,0.01699603,395.1503,395.1503,395.1503,0.0000,0.0000,9483.6071,0.01699603,1185.4509,1138.6651,8693.3065,8740.0923,0.01557970,0.01566354,0.00070817,22.4534,20.6030,0.4031,82.3230,2.6463,4649.9123,204.2083,25.9152,21.1137,12.8578,14.5296,26.176,48.8436,54.2173,102.8621,13.088,0.0,3.731508,7.079487,1.545355,30,207,63,6,0.32204186,0.01770420,-0.00338982,0E-8,0.000000,0.904812,0.002133,0.03111404,2026-03-21,2026-08-06,120,3733,1703,139,0.863309,1.227414,1.154177,1.073473,,,,,,,,GLOBAL_BASELINE_NO_ENTITY_RANKING,,,NOT_APPLICABLE_GLOBAL_BASELINE,HF9g-P5,,,,X 全窗基线 · 不参与实体赏罚,15052021,1506,A168_HF9F_20260827_0900,2026-08-27 09:00:00
2026-04-09,127529701,526,0,54.9695050128,-34.0287411984,-34.0287411984,0.2500000,5,5,0.50128862000000000,0.501288620000,-1.0051578182180947,-1.0051578182180947,-1.0051578182180947,0E-17,ELIGIBLE,R03b_20260811_FULL_v1,L1_ELIGIBILITY,v2026-08-11,2026-03-21..2026-08-06,baccarat_bet02_101_all_pairs_incl_sentinel,round_win = game_pnl > 0 (decisive only),COMPATIBILITY_ONLY_NOT_PRODUCTION,557989.4742,504875.3716,9878.7574,24851,24505,-0.01770420,0.00338982,-0.02772422,-0.01770420,-9878.7574,557989.4742,OK,0.0000,395.1503,4.0000,96.0000,AG03-UNRESOLVED,ALL5_LEVELS_bet23_to_bet27,395.1503,395.1503,395.1503,0.0000,0.0000,4.000000,4.000000,4.000000,0.000000,0.000000,96.000000,96.000000,96.000000,100.000000,100.000000,5.0,1185.4509,1138.6651,8693.3065,8740.0923,PENDING_AG03,FALSE,NOT_FOR_ENFORCEMENT,9483.6071,484680.3568,9878.7574,9483.6071,395.1503,0.01770420,0.01699603,395.1503,9483.6071,0.01699603,395.1503,395.1503,395.1503,0.0000,0.0000,9483.6071,0.01699603,1185.4509,1138.6651,8693.3065,8740.0923,0.01557970,0.01566354,0.00070817,22.4534,20.6030,0.4031,82.3230,2.6463,4649.9123,204.2083,25.9152,21.1137,12.8578,14.5296,26.176,48.8436,54.2173,102.8621,13.088,0.0,3.731508,7.079487,1.545355,30,207,63,6,0.32204186,0.01770420,-0.00338982,0E-8,0.000000,0.904812,0.002133,0.03111404,2026-03-21,2026-08-06,120,3733,1703,139,0.863309,1.227414,1.154177,1.073473,,,,,,,,GLOBAL_BASELINE_NO_ENTITY_RANKING,,,NOT_APPLICABLE_GLOBAL_BASELINE,HF9g-P5,,,,X 全窗基线 · 不参与实体赏罚,15052022,1506,A168_HF9F_20260827_0900,2026-08-27 09:00:00
2026-04-10,127529701,-1,1,196.8431798552,-130.0944951969,-130.0944951969,0.1428571,9,9,0.49771390000000000,0.497713900000,-1.877745088146853,-1.877745088146853,-1.877745088146853,0E-17,SENTINEL_DEALER,R03b_20260811_FULL_v1,L1_ELIGIBILITY,v2026-08-11,2026-03-21..2026-08-06,baccarat_bet02_101_all_pairs_incl_sentinel,round_win = game_pnl > 0 (decisive only),COMPATIBILITY_ONLY_NOT_PRODUCTION,557989.4742,504875.3716,9878.7574,24851,24505,-0.01770420,0.00338982,-0.02772422,-0.01770420,-9878.7574,557989.4742,OK,0.0000,395.1503,4.0000,96.0000,AG03-UNRESOLVED,ALL5_LEVELS_bet23_to_bet27,395.1503,395.1503,395.1503,0.0000,0.0000,4.000000,4.000000,4.000000,0.000000,0.000000,96.000000,96.000000,96.000000,100.000000,100.000000,5.0,1185.4509,1138.6651,8693.3065,8740.0923,PENDING_AG03,FALSE,NOT_FOR_ENFORCEMENT,9483.6071,484680.3568,9878.7574,9483.6071,395.1503,0.01770420,0.01699603,395.1503,9483.6071,0.01699603,395.1503,395.1503,395.1503,0.0000,0.0000,9483.6071,0.01699603,1185.4509,1138.6651,8693.3065,8740.0923,0.01557970,0.01566354,0.00070817,22.4534,20.6030,0.4031,82.3230,2.6463,4649.9123,204.2083,25.9152,21.1137,12.8578,14.5296,26.176,48.8436,54.2173,102.8621,13.088,0.0,3.731508,7.079487,1.545355,30,207,63,6,0.32204186,0.01770420,-0.00338982,0E-8,0.000000,0.904812,0.002133,0.03111404,2026-03-21,2026-08-06,120,3733,1703,139,0.863309,1.227414,1.154177,1.073473,,,,,,,,GLOBAL_BASELINE_NO_ENTITY_RANKING,,,NOT_APPLICABLE_GLOBAL_BASELINE,HF9g-P5,,,,X 全窗基线 · 不参与实体赏罚,15052023,1506,A168_HF9F_20260827_0900,2026-08-27 09:00:00
2026-04-10,127529701,1964,0,58.8958982280,25.5215558988,25.5215558988,1.0000000,4,4,0.49659680000000000,0.496596800000,1.4238722478684809,1.423872247868481,1.4238722478684809,0E-17,ELIGIBLE,R03b_20260811_FULL_v1,L1_ELIGIBILITY,v2026-08-11,2026-03-21..2026-08-06,baccarat_bet02_101_all_pairs_incl_sentinel,round_win = game_pnl > 0 (decisive only),COMPATIBILITY_ONLY_NOT_PRODUCTION,557989.4742,504875.3716,9878.7574,24851,24505,-0.01770420,0.00338982,-0.02772422,-0.01770420,-9878.7574,557989.4742,OK,0.0000,395.1503,4.0000,96.0000,AG03-UNRESOLVED,ALL5_LEVELS_bet23_to_bet27,395.1503,395.1503,395.1503,0.0000,0.0000,4.000000,4.000000,4.000000,0.000000,0.000000,96.000000,96.000000,96.000000,100.000000,100.000000,5.0,1185.4509,1138.6651,8693.3065,8740.0923,PENDING_AG03,FALSE,NOT_FOR_ENFORCEMENT,9483.6071,484680.3568,9878.7574,9483.6071,395.1503,0.01770420,0.01699603,395.1503,9483.6071,0.01699603,395.1503,395.1503,395.1503,0.0000,0.0000,9483.6071,0.01699603,1185.4509,1138.6651,8693.3065,8740.0923,0.01557970,0.01566354,0.00070817,22.4534,20.6030,0.4031,82.3230,2.6463,4649.9123,204.2083,25.9152,21.1137,12.8578,14.5296,26.176,48.8436,54.2173,102.8621,13.088,0.0,3.731508,7.079487,1.545355,30,207,63,6,0.32204186,0.01770420,-0.00338982,0E-8,0.000000,0.904812,0.002133,0.03111404,2026-03-21,2026-08-06,120,3733,1703,139,0.863309,1.227414,1.154177,1.073473,,,,,,,,GLOBAL_BASELINE_NO_ENTITY_RANKING,,,NOT_APPLICABLE_GLOBAL_BASELINE,HF9g-P5,,,,X 全窗基线 · 不参与实体赏罚,15052024,1506,A168_HF9F_20260827_0900,2026-08-27 09:00:00
2026-04-10,127529701,1985,0,26.1759547680,-26.1759547680,-26.1759547680,0E-7,1,1,0.49324550000000000,0.493245500000,-0.9865810262130424,-0.9865810262130424,-0.9865810262130424,0E-17,ELIGIBLE,R03b_20260811_FULL_v1,L1_ELIGIBILITY,v2026-08-11,2026-03-21..2026-08-06,baccarat_bet02_101_all_pairs_incl_sentinel,round_win = game_pnl > 0 (decisive only),COMPATIBILITY_ONLY_NOT_PRODUCTION,557989.4742,504875.3716,9878.7574,24851,24505,-0.01770420,0.00338982,-0.02772422,-0.01770420,-9878.7574,557989.4742,OK,0.0000,395.1503,4.0000,96.0000,AG03-UNRESOLVED,ALL5_LEVELS_bet23_to_bet27,395.1503,395.1503,395.1503,0.0000,0.0000,4.000000,4.000000,4.000000,0.000000,0.000000,96.000000,96.000000,96.000000,100.000000,100.000000,5.0,1185.4509,1138.6651,8693.3065,8740.0923,PENDING_AG03,FALSE,NOT_FOR_ENFORCEMENT,9483.6071,484680.3568,9878.7574,9483.6071,395.1503,0.01770420,0.01699603,395.1503,9483.6071,0.01699603,395.1503,395.1503,395.1503,0.0000,0.0000,9483.6071,0.01699603,1185.4509,1138.6651,8693.3065,8740.0923,0.01557970,0.01566354,0.00070817,22.4534,20.6030,0.4031,82.3230,2.6463,4649.9123,204.2083,25.9152,21.1137,12.8578,14.5296,26.176,48.8436,54.2173,102.8621,13.088,0.0,3.731508,7.079487,1.545355,30,207,63,6,0.32204186,0.01770420,-0.00338982,0E-8,0.000000,0.904812,0.002133,0.03111404,2026-03-21,2026-08-06,120,3733,1703,139,0.863309,1.227414,1.154177,1.073473,,,,,,,,GLOBAL_BASELINE_NO_ENTITY_RANKING,,,NOT_APPLICABLE_GLOBAL_BASELINE,HF9g-P5,,,,X 全窗基线 · 不参与实体赏罚,15052025,1506,A168_HF9F_20260827_0900,2026-08-27 09:00:00
2026-04-10,127529701,1990,0,53.6607072743,-28.1391513755,-28.1391513755,0.3333333,3,3,0.50218230000000000,0.502182300000,-0.5849155494134425,-0.5849155494134426,-0.5849155494134425,0E-17,ELIGIBLE,R03b_20260811_FULL_v1,L1_ELIGIBILITY,v2026-08-11,2026-03-21..2026-08-06,baccarat_bet02_101_all_pairs_incl_sentinel,round_win = game_pnl > 0 (decisive only),COMPATIBILITY_ONLY_NOT_PRODUCTION,557989.4742,504875.3716,9878.7574,24851,24505,-0.01770420,0.00338982,-0.02772422,-0.01770420,-9878.7574,557989.4742,OK,0.0000,395.1503,4.0000,96.0000,AG03-UNRESOLVED,ALL5_LEVELS_bet23_to_bet27,395.1503,395.1503,395.1503,0.0000,0.0000,4.000000,4.000000,4.000000,0.000000,0.000000,96.000000,96.000000,96.000000,100.000000,100.000000,5.0,1185.4509,1138.6651,8693.3065,8740.0923,PENDING_AG03,FALSE,NOT_FOR_ENFORCEMENT,9483.6071,484680.3568,9878.7574,9483.6071,395.1503,0.01770420,0.01699603,395.1503,9483.6071,0.01699603,395.1503,395.1503,395.1503,0.0000,0.0000,9483.6071,0.01699603,1185.4509,1138.6651,8693.3065,8740.0923,0.01557970,0.01566354,0.00070817,22.4534,20.6030,0.4031,82.3230,2.6463,4649.9123,204.2083,25.9152,21.1137,12.8578,14.5296,26.176,48.8436,54.2173,102.8621,13.088,0.0,3.731508,7.079487,1.545355,30,207,63,6,0.32204186,0.01770420,-0.00338982,0E-8,0.000000,0.904812,0.002133,0.03111404,2026-03-21,2026-08-06,120,3733,1703,139,0.863309,1.227414,1.154177,1.073473,,,,,,,,GLOBAL_BASELINE_NO_ENTITY_RANKING,,,NOT_APPLICABLE_GLOBAL_BASELINE,HF9g-P5,,,,X 全窗基线 · 不参与实体赏罚,15052026,1506,A168_HF9F_20260827_0900,2026-08-27 09:00:00
2026-04-10,127529701,1994,0,167.5261105151,51.0431117977,51.0431117977,0.7500000,9,9,0.50218230000000000,0.502182300000,1.4018819621466703,1.4018819621466703,1.4018819621466703,0E-17,ELIGIBLE,R03b_20260811_FULL_v1,L1_ELIGIBILITY,v2026-08-11,2026-03-21..2026-08-06,baccarat_bet02_101_all_pairs_incl_sentinel,round_win = game_pnl > 0 (decisive only),COMPATIBILITY_ONLY_NOT_PRODUCTION,557989.4742,504875.3716,9878.7574,24851,24505,-0.01770420,0.00338982,-0.02772422,-0.01770420,-9878.7574,557989.4742,OK,0.0000,395.1503,4.0000,96.0000,AG03-UNRESOLVED,ALL5_LEVELS_bet23_to_bet27,395.1503,395.1503,395.1503,0.0000,0.0000,4.000000,4.000000,4.000000,0.000000,0.000000,96.000000,96.000000,96.000000,100.000000,100.000000,5.0,1185.4509,1138.6651,8693.3065,8740.0923,PENDING_AG03,FALSE,NOT_FOR_ENFORCEMENT,9483.6071,484680.3568,9878.7574,9483.6071,395.1503,0.01770420,0.01699603,395.1503,9483.6071,0.01699603,395.1503,395.1503,395.1503,0.0000,0.0000,9483.6071,0.01699603,1185.4509,1138.6651,8693.3065,8740.0923,0.01557970,0.01566354,0.00070817,22.4534,20.6030,0.4031,82.3230,2.6463,4649.9123,204.2083,25.9152,21.1137,12.8578,14.5296,26.176,48.8436,54.2173,102.8621,13.088,0.0,3.731508,7.079487,1.545355,30,207,63,6,0.32204186,0.01770420,-0.00338982,0E-8,0.000000,0.904812,0.002133,0.03111404,2026-03-21,2026-08-06,120,3733,1703,139,0.863309,1.227414,1.154177,1.073473,,,,,,,,GLOBAL_BASELINE_NO_ENTITY_RANKING,,,NOT_APPLICABLE_GLOBAL_BASELINE,HF9g-P5,,,,X 全窗基线 · 不参与实体赏罚,15052027,1506,A168_HF9F_20260827_0900,2026-08-27 09:00:00
2026-04-10,127529701,2190,0,458.6027275350,-39.9183310212,-39.9183310212,0.4545455,22,22,0.50055742727272727,0.500557427273,-0.43163083227833754,-0.4316308322808963,-0.43163083227833754,-2.7273E-13,ELIGIBLE,R03b_20260811_FULL_v1,L1_ELIGIBILITY,v2026-08-11,2026-03-21..2026-08-06,baccarat_bet02_101_all_pairs_incl_sentinel,round_win = game_pnl > 0 (decisive only),COMPATIBILITY_ONLY_NOT_PRODUCTION,557989.4742,504875.3716,9878.7574,24851,24505,-0.01770420,0.00338982,-0.02772422,-0.01770420,-9878.7574,557989.4742,OK,0.0000,395.1503,4.0000,96.0000,AG03-UNRESOLVED,ALL5_LEVELS_bet23_to_bet27,395.1503,395.1503,395.1503,0.0000,0.0000,4.000000,4.000000,4.000000,0.000000,0.000000,96.000000,96.000000,96.000000,100.000000,100.000000,5.0,1185.4509,1138.6651,8693.3065,8740.0923,PENDING_AG03,FALSE,NOT_FOR_ENFORCEMENT,9483.6071,484680.3568,9878.7574,9483.6071,395.1503,0.01770420,0.01699603,395.1503,9483.6071,0.01699603,395.1503,395.1503,395.1503,0.0000,0.0000,9483.6071,0.01699603,1185.4509,1138.6651,8693.3065,8740.0923,0.01557970,0.01566354,0.00070817,22.4534,20.6030,0.4031,82.3230,2.6463,4649.9123,204.2083,25.9152,21.1137,12.8578,14.5296,26.176,48.8436,54.2173,102.8621,13.088,0.0,3.731508,7.079487,1.545355,30,207,63,6,0.32204186,0.01770420,-0.00338982,0E-8,0.000000,0.904812,0.002133,0.03111404,2026-03-21,2026-08-06,120,3733,1703,139,0.863309,1.227414,1.154177,1.073473,,,,,,,,GLOBAL_BASELINE_NO_ENTITY_RANKING,,,NOT_APPLICABLE_GLOBAL_BASELINE,HF9g-P5,,,,X 全窗基线 · 不参与实体赏罚,15052028,1506,A168_HF9F_20260827_0900,2026-08-27 09:00:00
2026-04-10,127529701,2252,0,15.7055728608,15.7055728608,15.7055728608,1.0000000,1,1,0.49324550000000000,0.493245500000,1.01360149184955,1.01360149184955,1.01360149184955,0E-17,ELIGIBLE,R03b_20260811_FULL_v1,L1_ELIGIBILITY,v2026-08-11,2026-03-21..2026-08-06,baccarat_bet02_101_all_pairs_incl_sentinel,round_win = game_pnl > 0 (decisive only),COMPATIBILITY_ONLY_NOT_PRODUCTION,557989.4742,504875.3716,9878.7574,24851,24505,-0.01770420,0.00338982,-0.02772422,-0.01770420,-9878.7574,557989.4742,OK,0.0000,395.1503,4.0000,96.0000,AG03-UNRESOLVED,ALL5_LEVELS_bet23_to_bet27,395.1503,395.1503,395.1503,0.0000,0.0000,4.000000,4.000000,4.000000,0.000000,0.000000,96.000000,96.000000,96.000000,100.000000,100.000000,5.0,1185.4509,1138.6651,8693.3065,8740.0923,PENDING_AG03,FALSE,NOT_FOR_ENFORCEMENT,9483.6071,484680.3568,9878.7574,9483.6071,395.1503,0.01770420,0.01699603,395.1503,9483.6071,0.01699603,395.1503,395.1503,395.1503,0.0000,0.0000,9483.6071,0.01699603,1185.4509,1138.6651,8693.3065,8740.0923,0.01557970,0.01566354,0.00070817,22.4534,20.6030,0.4031,82.3230,2.6463,4649.9123,204.2083,25.9152,21.1137,12.8578,14.5296,26.176,48.8436,54.2173,102.8621,13.088,0.0,3.731508,7.079487,1.545355,30,207,63,6,0.32204186,0.01770420,-0.00338982,0E-8,0.000000,0.904812,0.002133,0.03111404,2026-03-21,2026-08-06,120,3733,1703,139,0.863309,1.227414,1.154177,1.073473,,,,,,,,GLOBAL_BASELINE_NO_ENTITY_RANKING,,,NOT_APPLICABLE_GLOBAL_BASELINE,HF9g-P5,,,,X 全窗基线 · 不参与实体赏罚,15052029,1506,A168_HF9F_20260827_0900,2026-08-27 09:00:00
2026-04-10,127529701,583,0,125.6445828863,-76.6955474702,-76.6955474702,0.1250000,10,10,0.49726706000000000,0.497267060000,-2.1058919581919895,-2.1058919581919895,-2.1058919581919895,0E-17,ELIGIBLE,R03b_20260811_FULL_v1,L1_ELIGIBILITY,v2026-08-11,2026-03-21..2026-08-06,baccarat_bet02_101_all_pairs_incl_sentinel,round_win = game_pnl > 0 (decisive only),COMPATIBILITY_ONLY_NOT_PRODUCTION,557989.4742,504875.3716,9878.7574,24851,24505,-0.01770420,0.00338982,-0.02772422,-0.01770420,-9878.7574,557989.4742,OK,0.0000,395.1503,4.0000,96.0000,AG03-UNRESOLVED,ALL5_LEVELS_bet23_to_bet27,395.1503,395.1503,395.1503,0.0000,0.0000,4.000000,4.000000,4.000000,0.000000,0.000000,96.000000,96.000000,96.000000,100.000000,100.000000,5.0,1185.4509,1138.6651,8693.3065,8740.0923,PENDING_AG03,FALSE,NOT_FOR_ENFORCEMENT,9483.6071,484680.3568,9878.7574,9483.6071,395.1503,0.01770420,0.01699603,395.1503,9483.6071,0.01699603,395.1503,395.1503,395.1503,0.0000,0.0000,9483.6071,0.01699603,1185.4509,1138.6651,8693.3065,8740.0923,0.01557970,0.01566354,0.00070817,22.4534,20.6030,0.4031,82.3230,2.6463,4649.9123,204.2083,25.9152,21.1137,12.8578,14.5296,26.176,48.8436,54.2173,102.8621,13.088,0.0,3.731508,7.079487,1.545355,30,207,63,6,0.32204186,0.01770420,-0.00338982,0E-8,0.000000,0.904812,0.002133,0.03111404,2026-03-21,2026-08-06,120,3733,1703,139,0.863309,1.227414,1.154177,1.073473,,,,,,,,GLOBAL_BASELINE_NO_ENTITY_RANKING,,,NOT_APPLICABLE_GLOBAL_BASELINE,HF9g-P5,,,,X 全窗基线 · 不参与实体赏罚,15052030,1506,A168_HF9F_20260827_0900,2026-08-27 09:00:00
2026-04-12,127529701,-1,1,91.6158416879,-91.6158416879,-91.6158416879,0E-7,3,3,0.49324550000000000,0.493245500000,-1.708808463184432,-1.7088084631844318,-1.708808463184432,0E-17,SENTINEL_DEALER,R03b_20260811_FULL_v1,L1_ELIGIBILITY,v2026-08-11,2026-03-21..2026-08-06,baccarat_bet02_101_all_pairs_incl_sentinel,round_win = game_pnl > 0 (decisive only),COMPATIBILITY_ONLY_NOT_PRODUCTION,557989.4742,504875.3716,9878.7574,24851,24505,-0.01770420,0.00338982,-0.02772422,-0.01770420,-9878.7574,557989.4742,OK,0.0000,395.1503,4.0000,96.0000,AG03-UNRESOLVED,ALL5_LEVELS_bet23_to_bet27,395.1503,395.1503,395.1503,0.0000,0.0000,4.000000,4.000000,4.000000,0.000000,0.000000,96.000000,96.000000,96.000000,100.000000,100.000000,5.0,1185.4509,1138.6651,8693.3065,8740.0923,PENDING_AG03,FALSE,NOT_FOR_ENFORCEMENT,9483.6071,484680.3568,9878.7574,9483.6071,395.1503,0.01770420,0.01699603,395.1503,9483.6071,0.01699603,395.1503,395.1503,395.1503,0.0000,0.0000,9483.6071,0.01699603,1185.4509,1138.6651,8693.3065,8740.0923,0.01557970,0.01566354,0.00070817,22.4534,20.6030,0.4031,82.3230,2.6463,4649.9123,204.2083,25.9152,21.1137,12.8578,14.5296,26.176,48.8436,54.2173,102.8621,13.088,0.0,3.731508,7.079487,1.545355,30,207,63,6,0.32204186,0.01770420,-0.00338982,0E-8,0.000000,0.904812,0.002133,0.03111404,2026-03-21,2026-08-06,120,3733,1703,139,0.863309,1.227414,1.154177,1.073473,,,,,,,,GLOBAL_BASELINE_NO_ENTITY_RANKING,,,NOT_APPLICABLE_GLOBAL_BASELINE,HF9g-P5,,,,X 全窗基线 · 不参与实体赏罚,15052031,1506,A168_HF9F_20260827_0900,2026-08-27 09:00:00
2026-04-12,127529701,1109,0,36.6463366752,-26.1759547680,-26.1759547680,0E-7,4,4,0.49659680000000000,0.496596800000,-1.7203016256901094,-1.7203016256901091,-1.7203016256901094,0E-17,ELIGIBLE,R03b_20260811_FULL_v1,L1_ELIGIBILITY,v2026-08-11,2026-03-21..2026-08-06,baccarat_bet02_101_all_pairs_incl_sentinel,round_win = game_pnl > 0 (decisive only),COMPATIBILITY_ONLY_NOT_PRODUCTION,557989.4742,504875.3716,9878.7574,24851,24505,-0.01770420,0.00338982,-0.02772422,-0.01770420,-9878.7574,557989.4742,OK,0.0000,395.1503,4.0000,96.0000,AG03-UNRESOLVED,ALL5_LEVELS_bet23_to_bet27,395.1503,395.1503,395.1503,0.0000,0.0000,4.000000,4.000000,4.000000,0.000000,0.000000,96.000000,96.000000,96.000000,100.000000,100.000000,5.0,1185.4509,1138.6651,8693.3065,8740.0923,PENDING_AG03,FALSE,NOT_FOR_ENFORCEMENT,9483.6071,484680.3568,9878.7574,9483.6071,395.1503,0.01770420,0.01699603,395.1503,9483.6071,0.01699603,395.1503,395.1503,395.1503,0.0000,0.0000,9483.6071,0.01699603,1185.4509,1138.6651,8693.3065,8740.0923,0.01557970,0.01566354,0.00070817,22.4534,20.6030,0.4031,82.3230,2.6463,4649.9123,204.2083,25.9152,21.1137,12.8578,14.5296,26.176,48.8436,54.2173,102.8621,13.088,0.0,3.731508,7.079487,1.545355,30,207,63,6,0.32204186,0.01770420,-0.00338982,0E-8,0.000000,0.904812,0.002133,0.03111404,2026-03-21,2026-08-06,120,3733,1703,139,0.863309,1.227414,1.154177,1.073473,,,,,,,,GLOBAL_BASELINE_NO_ENTITY_RANKING,,,NOT_APPLICABLE_GLOBAL_BASELINE,HF9g-P5,,,,X 全窗基线 · 不参与实体赏罚,15052032,1506,A168_HF9F_20260827_0900,2026-08-27 09:00:00
2026-04-12,127529701,1151,0,18.3231683376,-5.2351909536,-5.2351909536,0E-7,2,2,0.49994810000000000,0.499948100000,-0.9998962053866608,-0.9998962053866608,-0.9998962053866608,0E-17,ELIGIBLE,R03b_20260811_FULL_v1,L1_ELIGIBILITY,v2026-08-11,2026-03-21..2026-08-06,baccarat_bet02_101_all_pairs_incl_sentinel,round_win = game_pnl > 0 (decisive only),COMPATIBILITY_ONLY_NOT_PRODUCTION,557989.4742,504875.3716,9878.7574,24851,24505,-0.01770420,0.00338982,-0.02772422,-0.01770420,-9878.7574,557989.4742,OK,0.0000,395.1503,4.0000,96.0000,AG03-UNRESOLVED,ALL5_LEVELS_bet23_to_bet27,395.1503,395.1503,395.1503,0.0000,0.0000,4.000000,4.000000,4.000000,0.000000,0.000000,96.000000,96.000000,96.000000,100.000000,100.000000,5.0,1185.4509,1138.6651,8693.3065,8740.0923,PENDING_AG03,FALSE,NOT_FOR_ENFORCEMENT,9483.6071,484680.3568,9878.7574,9483.6071,395.1503,0.01770420,0.01699603,395.1503,9483.6071,0.01699603,395.1503,395.1503,395.1503,0.0000,0.0000,9483.6071,0.01699603,1185.4509,1138.6651,8693.3065,8740.0923,0.01557970,0.01566354,0.00070817,22.4534,20.6030,0.4031,82.3230,2.6463,4649.9123,204.2083,25.9152,21.1137,12.8578,14.5296,26.176,48.8436,54.2173,102.8621,13.088,0.0,3.731508,7.079487,1.545355,30,207,63,6,0.32204186,0.01770420,-0.00338982,0E-8,0.000000,0.904812,0.002133,0.03111404,2026-03-21,2026-08-06,120,3733,1703,139,0.863309,1.227414,1.154177,1.073473,,,,,,,,GLOBAL_BASELINE_NO_ENTITY_RANKING,,,NOT_APPLICABLE_GLOBAL_BASELINE,HF9g-P5,,,,X 全窗基线 · 不参与实体赏罚,15052033,1506,A168_HF9F_20260827_0900,2026-08-27 09:00:00
2026-04-12,127529701,1221,0,23.5583592912,-2.6175954768,-2.6175954768,0.6666667,3,3,0.49771390000000000,0.497713900000,0.5852756695216578,0.5852756695216578,0.5852756695216578,0E-17,ELIGIBLE,R03b_20260811_FULL_v1,L1_ELIGIBILITY,v2026-08-11,2026-03-21..2026-08-06,baccarat_bet02_101_all_pairs_incl_sentinel,round_win = game_pnl > 0 (decisive only),COMPATIBILITY_ONLY_NOT_PRODUCTION,557989.4742,504875.3716,9878.7574,24851,24505,-0.01770420,0.00338982,-0.02772422,-0.01770420,-9878.7574,557989.4742,OK,0.0000,395.1503,4.0000,96.0000,AG03-UNRESOLVED,ALL5_LEVELS_bet23_to_bet27,395.1503,395.1503,395.1503,0.0000,0.0000,4.000000,4.000000,4.000000,0.000000,0.000000,96.000000,96.000000,96.000000,100.000000,100.000000,5.0,1185.4509,1138.6651,8693.3065,8740.0923,PENDING_AG03,FALSE,NOT_FOR_ENFORCEMENT,9483.6071,484680.3568,9878.7574,9483.6071,395.1503,0.01770420,0.01699603,395.1503,9483.6071,0.01699603,395.1503,395.1503,395.1503,0.0000,0.0000,9483.6071,0.01699603,1185.4509,1138.6651,8693.3065,8740.0923,0.01557970,0.01566354,0.00070817,22.4534,20.6030,0.4031,82.3230,2.6463,4649.9123,204.2083,25.9152,21.1137,12.8578,14.5296,26.176,48.8436,54.2173,102.8621,13.088,0.0,3.731508,7.079487,1.545355,30,207,63,6,0.32204186,0.01770420,-0.00338982,0E-8,0.000000,0.904812,0.002133,0.03111404,2026-03-21,2026-08-06,120,3733,1703,139,0.863309,1.227414,1.154177,1.073473,,,,,,,,GLOBAL_BASELINE_NO_ENTITY_RANKING,,,NOT_APPLICABLE_GLOBAL_BASELINE,HF9g-P5,,,,X 全窗基线 · 不参与实体赏罚,15052034,1506,A168_HF9F_20260827_0900,2026-08-27 09:00:00
2026-04-12,127529701,1331,0,227.2072873861,-129.1783367800,-129.1783367800,0.2666667,15,15,0.50128862000000000,0.501288620000,-1.8173798715087417,-1.8173798715087417,-1.8173798715087417,0E-17,ELIGIBLE,R03b_20260811_FULL_v1,L1_ELIGIBILITY,v2026-08-11,2026-03-21..2026-08-06,baccarat_bet02_101_all_pairs_incl_sentinel,round_win = game_pnl > 0 (decisive only),COMPATIBILITY_ONLY_NOT_PRODUCTION,557989.4742,504875.3716,9878.7574,24851,24505,-0.01770420,0.00338982,-0.02772422,-0.01770420,-9878.7574,557989.4742,OK,0.0000,395.1503,4.0000,96.0000,AG03-UNRESOLVED,ALL5_LEVELS_bet23_to_bet27,395.1503,395.1503,395.1503,0.0000,0.0000,4.000000,4.000000,4.000000,0.000000,0.000000,96.000000,96.000000,96.000000,100.000000,100.000000,5.0,1185.4509,1138.6651,8693.3065,8740.0923,PENDING_AG03,FALSE,NOT_FOR_ENFORCEMENT,9483.6071,484680.3568,9878.7574,9483.6071,395.1503,0.01770420,0.01699603,395.1503,9483.6071,0.01699603,395.1503,395.1503,395.1503,0.0000,0.0000,9483.6071,0.01699603,1185.4509,1138.6651,8693.3065,8740.0923,0.01557970,0.01566354,0.00070817,22.4534,20.6030,0.4031,82.3230,2.6463,4649.9123,204.2083,25.9152,21.1137,12.8578,14.5296,26.176,48.8436,54.2173,102.8621,13.088,0.0,3.731508,7.079487,1.545355,30,207,63,6,0.32204186,0.01770420,-0.00338982,0E-8,0.000000,0.904812,0.002133,0.03111404,2026-03-21,2026-08-06,120,3733,1703,139,0.863309,1.227414,1.154177,1.073473,,,,,,,,GLOBAL_BASELINE_NO_ENTITY_RANKING,,,NOT_APPLICABLE_GLOBAL_BASELINE,HF9g-P5,,,,X 全窗基线 · 不参与实体赏罚,15052035,1506,A168_HF9F_20260827_0900,2026-08-27 09:00:00
2026-04-12,127529701,1396,0,19.6319660760,-19.6319660760,-19.6319660760,0E-7,2,2,0.49324550000000000,0.493245500000,-1.3952362676504506,-1.3952362676504506,-1.3952362676504506,0E-17,ELIGIBLE,R03b_20260811_FULL_v1,L1_ELIGIBILITY,v2026-08-11,2026-03-21..2026-08-06,baccarat_bet02_101_all_pairs_incl_sentinel,round_win = game_pnl > 0 (decisive only),COMPATIBILITY_ONLY_NOT_PRODUCTION,557989.4742,504875.3716,9878.7574,24851,24505,-0.01770420,0.00338982,-0.02772422,-0.01770420,-9878.7574,557989.4742,OK,0.0000,395.1503,4.0000,96.0000,AG03-UNRESOLVED,ALL5_LEVELS_bet23_to_bet27,395.1503,395.1503,395.1503,0.0000,0.0000,4.000000,4.000000,4.000000,0.000000,0.000000,96.000000,96.000000,96.000000,100.000000,100.000000,5.0,1185.4509,1138.6651,8693.3065,8740.0923,PENDING_AG03,FALSE,NOT_FOR_ENFORCEMENT,9483.6071,484680.3568,9878.7574,9483.6071,395.1503,0.01770420,0.01699603,395.1503,9483.6071,0.01699603,395.1503,395.1503,395.1503,0.0000,0.0000,9483.6071,0.01699603,1185.4509,1138.6651,8693.3065,8740.0923,0.01557970,0.01566354,0.00070817,22.4534,20.6030,0.4031,82.3230,2.6463,4649.9123,204.2083,25.9152,21.1137,12.8578,14.5296,26.176,48.8436,54.2173,102.8621,13.088,0.0,3.731508,7.079487,1.545355,30,207,63,6,0.32204186,0.01770420,-0.00338982,0E-8,0.000000,0.904812,0.002133,0.03111404,2026-03-21,2026-08-06,120,3733,1703,139,0.863309,1.227414,1.154177,1.073473,,,,,,,,GLOBAL_BASELINE_NO_ENTITY_RANKING,,,NOT_APPLICABLE_GLOBAL_BASELINE,HF9g-P5,,,,X 全窗基线 · 不参与实体赏罚,15052036,1506,A168_HF9F_20260827_0900,2026-08-27 09:00:00
2026-04-12,127529701,1623,0,39.2639321520,-8.3763055258,-8.3763055258,0.5000000,4,4,0.49994810000000000,0.499948100000,0.00020760000111838688,0.00020760000111838688,0.00020760000111838688,0E-17,ELIGIBLE,R03b_20260811_FULL_v1,L1_ELIGIBILITY,v2026-08-11,2026-03-21..2026-08-06,baccarat_bet02_101_all_pairs_incl_sentinel,round_win = game_pnl > 0 (decisive only),COMPATIBILITY_ONLY_NOT_PRODUCTION,557989.4742,504875.3716,9878.7574,24851,24505,-0.01770420,0.00338982,-0.02772422,-0.01770420,-9878.7574,557989.4742,OK,0.0000,395.1503,4.0000,96.0000,AG03-UNRESOLVED,ALL5_LEVELS_bet23_to_bet27,395.1503,395.1503,395.1503,0.0000,0.0000,4.000000,4.000000,4.000000,0.000000,0.000000,96.000000,96.000000,96.000000,100.000000,100.000000,5.0,1185.4509,1138.6651,8693.3065,8740.0923,PENDING_AG03,FALSE,NOT_FOR_ENFORCEMENT,9483.6071,484680.3568,9878.7574,9483.6071,395.1503,0.01770420,0.01699603,395.1503,9483.6071,0.01699603,395.1503,395.1503,395.1503,0.0000,0.0000,9483.6071,0.01699603,1185.4509,1138.6651,8693.3065,8740.0923,0.01557970,0.01566354,0.00070817,22.4534,20.6030,0.4031,82.3230,2.6463,4649.9123,204.2083,25.9152,21.1137,12.8578,14.5296,26.176,48.8436,54.2173,102.8621,13.088,0.0,3.731508,7.079487,1.545355,30,207,63,6,0.32204186,0.01770420,-0.00338982,0E-8,0.000000,0.904812,0.002133,0.03111404,2026-03-21,2026-08-06,120,3733,1703,139,0.863309,1.227414,1.154177,1.073473,,,,,,,,GLOBAL_BASELINE_NO_ENTITY_RANKING,,,NOT_APPLICABLE_GLOBAL_BASELINE,HF9g-P5,,,,X 全窗基线 · 不参与实体赏罚,15052037,1506,A168_HF9F_20260827_0900,2026-08-27 09:00:00
2026-04-12,127529701,1645,0,162.2909195616,8.8998246211,8.8998246211,0.5000000,11,11,0.49812011818181818,0.498120118182,0.011889500589018717,0.011889500587868761,0.011889500589018717,-1.8182E-13,ELIGIBLE,R03b_20260811_FULL_v1,L1_ELIGIBILITY,v2026-08-11,2026-03-21..2026-08-06,baccarat_bet02_101_all_pairs_incl_sentinel,round_win = game_pnl > 0 (decisive only),COMPATIBILITY_ONLY_NOT_PRODUCTION,557989.4742,504875.3716,9878.7574,24851,24505,-0.01770420,0.00338982,-0.02772422,-0.01770420,-9878.7574,557989.4742,OK,0.0000,395.1503,4.0000,96.0000,AG03-UNRESOLVED,ALL5_LEVELS_bet23_to_bet27,395.1503,395.1503,395.1503,0.0000,0.0000,4.000000,4.000000,4.000000,0.000000,0.000000,96.000000,96.000000,96.000000,100.000000,100.000000,5.0,1185.4509,1138.6651,8693.3065,8740.0923,PENDING_AG03,FALSE,NOT_FOR_ENFORCEMENT,9483.6071,484680.3568,9878.7574,9483.6071,395.1503,0.01770420,0.01699603,395.1503,9483.6071,0.01699603,395.1503,395.1503,395.1503,0.0000,0.0000,9483.6071,0.01699603,1185.4509,1138.6651,8693.3065,8740.0923,0.01557970,0.01566354,0.00070817,22.4534,20.6030,0.4031,82.3230,2.6463,4649.9123,204.2083,25.9152,21.1137,12.8578,14.5296,26.176,48.8436,54.2173,102.8621,13.088,0.0,3.731508,7.079487,1.545355,30,207,63,6,0.32204186,0.01770420,-0.00338982,0E-8,0.000000,0.904812,0.002133,0.03111404,2026-03-21,2026-08-06,120,3733,1703,139,0.863309,1.227414,1.154177,1.073473,,,,,,,,GLOBAL_BASELINE_NO_ENTITY_RANKING,,,NOT_APPLICABLE_GLOBAL_BASELINE,HF9g-P5,,,,X 全窗基线 · 不参与实体赏罚,15052038,1506,A168_HF9F_20260827_0900,2026-08-27 09:00:00
2026-04-12,127529701,1942,0,125.3828233386,-52.0901499882,-52.0901499882,0.2857143,7,7,0.50090561428571429,0.500905614286,-1.138687347156492,-1.138687347158005,-1.138687347156492,-2.8571E-13,ELIGIBLE,R03b_20260811_FULL_v1,L1_ELIGIBILITY,v2026-08-11,2026-03-21..2026-08-06,baccarat_bet02_101_all_pairs_incl_sentinel,round_win = game_pnl > 0 (decisive only),COMPATIBILITY_ONLY_NOT_PRODUCTION,557989.4742,504875.3716,9878.7574,24851,24505,-0.01770420,0.00338982,-0.02772422,-0.01770420,-9878.7574,557989.4742,OK,0.0000,395.1503,4.0000,96.0000,AG03-UNRESOLVED,ALL5_LEVELS_bet23_to_bet27,395.1503,395.1503,395.1503,0.0000,0.0000,4.000000,4.000000,4.000000,0.000000,0.000000,96.000000,96.000000,96.000000,100.000000,100.000000,5.0,1185.4509,1138.6651,8693.3065,8740.0923,PENDING_AG03,FALSE,NOT_FOR_ENFORCEMENT,9483.6071,484680.3568,9878.7574,9483.6071,395.1503,0.01770420,0.01699603,395.1503,9483.6071,0.01699603,395.1503,395.1503,395.1503,0.0000,0.0000,9483.6071,0.01699603,1185.4509,1138.6651,8693.3065,8740.0923,0.01557970,0.01566354,0.00070817,22.4534,20.6030,0.4031,82.3230,2.6463,4649.9123,204.2083,25.9152,21.1137,12.8578,14.5296,26.176,48.8436,54.2173,102.8621,13.088,0.0,3.731508,7.079487,1.545355,30,207,63,6,0.32204186,0.01770420,-0.00338982,0E-8,0.000000,0.904812,0.002133,0.03111404,2026-03-21,2026-08-06,120,3733,1703,139,0.863309,1.227414,1.154177,1.073473,,,,,,,,GLOBAL_BASELINE_NO_ENTITY_RANKING,,,NOT_APPLICABLE_GLOBAL_BASELINE,HF9g-P5,,,,X 全窗基线 · 不参与实体赏罚,15052039,1506,A168_HF9F_20260827_0900,2026-08-27 09:00:00
2026-04-12,127529701,2101,0,14.9202942177,14.1742795068,14.1742795068,1.0000000,1,1,0.50665070000000000,0.506650700000,0.9867858985152569,0.9867858985152569,0.9867858985152569,0E-17,ELIGIBLE,R03b_20260811_FULL_v1,L1_ELIGIBILITY,v2026-08-11,2026-03-21..2026-08-06,baccarat_bet02_101_all_pairs_incl_sentinel,round_win = game_pnl > 0 (decisive only),COMPATIBILITY_ONLY_NOT_PRODUCTION,557989.4742,504875.3716,9878.7574,24851,24505,-0.01770420,0.00338982,-0.02772422,-0.01770420,-9878.7574,557989.4742,OK,0.0000,395.1503,4.0000,96.0000,AG03-UNRESOLVED,ALL5_LEVELS_bet23_to_bet27,395.1503,395.1503,395.1503,0.0000,0.0000,4.000000,4.000000,4.000000,0.000000,0.000000,96.000000,96.000000,96.000000,100.000000,100.000000,5.0,1185.4509,1138.6651,8693.3065,8740.0923,PENDING_AG03,FALSE,NOT_FOR_ENFORCEMENT,9483.6071,484680.3568,9878.7574,9483.6071,395.1503,0.01770420,0.01699603,395.1503,9483.6071,0.01699603,395.1503,395.1503,395.1503,0.0000,0.0000,9483.6071,0.01699603,1185.4509,1138.6651,8693.3065,8740.0923,0.01557970,0.01566354,0.00070817,22.4534,20.6030,0.4031,82.3230,2.6463,4649.9123,204.2083,25.9152,21.1137,12.8578,14.5296,26.176,48.8436,54.2173,102.8621,13.088,0.0,3.731508,7.079487,1.545355,30,207,63,6,0.32204186,0.01770420,-0.00338982,0E-8,0.000000,0.904812,0.002133,0.03111404,2026-03-21,2026-08-06,120,3733,1703,139,0.863309,1.227414,1.154177,1.073473,,,,,,,,GLOBAL_BASELINE_NO_ENTITY_RANKING,,,NOT_APPLICABLE_GLOBAL_BASELINE,HF9g-P5,,,,X 全窗基线 · 不参与实体赏罚,15052040,1506,A168_HF9F_20260827_0900,2026-08-27 09:00:00
2026-04-12,127529701,2106,0,68.0574823968,-6.0204695967,-6.0204695967,0.4000000,5,5,0.49860758000000000,0.498607580000,-0.440988213962219,-0.440988213962219,-0.440988213962219,0E-17,ELIGIBLE,R03b_20260811_FULL_v1,L1_ELIGIBILITY,v2026-08-11,2026-03-21..2026-08-06,baccarat_bet02_101_all_pairs_incl_sentinel,round_win = game_pnl > 0 (decisive only),COMPATIBILITY_ONLY_NOT_PRODUCTION,557989.4742,504875.3716,9878.7574,24851,24505,-0.01770420,0.00338982,-0.02772422,-0.01770420,-9878.7574,557989.4742,OK,0.0000,395.1503,4.0000,96.0000,AG03-UNRESOLVED,ALL5_LEVELS_bet23_to_bet27,395.1503,395.1503,395.1503,0.0000,0.0000,4.000000,4.000000,4.000000,0.000000,0.000000,96.000000,96.000000,96.000000,100.000000,100.000000,5.0,1185.4509,1138.6651,8693.3065,8740.0923,PENDING_AG03,FALSE,NOT_FOR_ENFORCEMENT,9483.6071,484680.3568,9878.7574,9483.6071,395.1503,0.01770420,0.01699603,395.1503,9483.6071,0.01699603,395.1503,395.1503,395.1503,0.0000,0.0000,9483.6071,0.01699603,1185.4509,1138.6651,8693.3065,8740.0923,0.01557970,0.01566354,0.00070817,22.4534,20.6030,0.4031,82.3230,2.6463,4649.9123,204.2083,25.9152,21.1137,12.8578,14.5296,26.176,48.8436,54.2173,102.8621,13.088,0.0,3.731508,7.079487,1.545355,30,207,63,6,0.32204186,0.01770420,-0.00338982,0E-8,0.000000,0.904812,0.002133,0.03111404,2026-03-21,2026-08-06,120,3733,1703,139,0.863309,1.227414,1.154177,1.073473,,,,,,,,GLOBAL_BASELINE_NO_ENTITY_RANKING,,,NOT_APPLICABLE_GLOBAL_BASELINE,HF9g-P5,,,,X 全窗基线 · 不参与实体赏罚,15052041,1506,A168_HF9F_20260827_0900,2026-08-27 09:00:00
2026-04-12,127529701,2155,0,251.0274062249,32.6545035731,32.6545035731,0.5833333,14,14,0.50186312857142857,0.501863128571,0.5644460544807971,0.5644460544837646,0.5644460544807971,4.2857E-13,ELIGIBLE,R03b_20260811_FULL_v1,L1_ELIGIBILITY,v2026-08-11,2026-03-21..2026-08-06,baccarat_bet02_101_all_pairs_incl_sentinel,round_win = game_pnl > 0 (decisive only),COMPATIBILITY_ONLY_NOT_PRODUCTION,557989.4742,504875.3716,9878.7574,24851,24505,-0.01770420,0.00338982,-0.02772422,-0.01770420,-9878.7574,557989.4742,OK,0.0000,395.1503,4.0000,96.0000,AG03-UNRESOLVED,ALL5_LEVELS_bet23_to_bet27,395.1503,395.1503,395.1503,0.0000,0.0000,4.000000,4.000000,4.000000,0.000000,0.000000,96.000000,96.000000,96.000000,100.000000,100.000000,5.0,1185.4509,1138.6651,8693.3065,8740.0923,PENDING_AG03,FALSE,NOT_FOR_ENFORCEMENT,9483.6071,484680.3568,9878.7574,9483.6071,395.1503,0.01770420,0.01699603,395.1503,9483.6071,0.01699603,395.1503,395.1503,395.1503,0.0000,0.0000,9483.6071,0.01699603,1185.4509,1138.6651,8693.3065,8740.0923,0.01557970,0.01566354,0.00070817,22.4534,20.6030,0.4031,82.3230,2.6463,4649.9123,204.2083,25.9152,21.1137,12.8578,14.5296,26.176,48.8436,54.2173,102.8621,13.088,0.0,3.731508,7.079487,1.545355,30,207,63,6,0.32204186,0.01770420,-0.00338982,0E-8,0.000000,0.904812,0.002133,0.03111404,2026-03-21,2026-08-06,120,3733,1703,139,0.863309,1.227414,1.154177,1.073473,,,,,,,,GLOBAL_BASELINE_NO_ENTITY_RANKING,,,NOT_APPLICABLE_GLOBAL_BASELINE,HF9g-P5,,,,X 全窗基线 · 不参与实体赏罚,15052042,1506,A168_HF9F_20260827_0900,2026-08-27 09:00:00
2026-04-12,127529701,2170,0,88.2129675681,-11.1247807764,-11.1247807764,0.5714286,7,7,0.49899058571428571,0.498990585714,0.38330657246501415,0.3833065724665265,0.38330657246501415,2.8571E-13,ELIGIBLE,R03b_20260811_FULL_v1,L1_ELIGIBILITY,v2026-08-11,2026-03-21..2026-08-06,baccarat_bet02_101_all_pairs_incl_sentinel,round_win = game_pnl > 0 (decisive only),COMPATIBILITY_ONLY_NOT_PRODUCTION,557989.4742,504875.3716,9878.7574,24851,24505,-0.01770420,0.00338982,-0.02772422,-0.01770420,-9878.7574,557989.4742,OK,0.0000,395.1503,4.0000,96.0000,AG03-UNRESOLVED,ALL5_LEVELS_bet23_to_bet27,395.1503,395.1503,395.1503,0.0000,0.0000,4.000000,4.000000,4.000000,0.000000,0.000000,96.000000,96.000000,96.000000,100.000000,100.000000,5.0,1185.4509,1138.6651,8693.3065,8740.0923,PENDING_AG03,FALSE,NOT_FOR_ENFORCEMENT,9483.6071,484680.3568,9878.7574,9483.6071,395.1503,0.01770420,0.01699603,395.1503,9483.6071,0.01699603,395.1503,395.1503,395.1503,0.0000,0.0000,9483.6071,0.01699603,1185.4509,1138.6651,8693.3065,8740.0923,0.01557970,0.01566354,0.00070817,22.4534,20.6030,0.4031,82.3230,2.6463,4649.9123,204.2083,25.9152,21.1137,12.8578,14.5296,26.176,48.8436,54.2173,102.8621,13.088,0.0,3.731508,7.079487,1.545355,30,207,63,6,0.32204186,0.01770420,-0.00338982,0E-8,0.000000,0.904812,0.002133,0.03111404,2026-03-21,2026-08-06,120,3733,1703,139,0.863309,1.227414,1.154177,1.073473,,,,,,,,GLOBAL_BASELINE_NO_ENTITY_RANKING,,,NOT_APPLICABLE_GLOBAL_BASELINE,HF9g-P5,,,,X 全窗基线 · 不参与实体赏罚,15052043,1506,A168_HF9F_20260827_0900,2026-08-27 09:00:00
2026-04-12,127529701,2234,0,60.2046959664,-60.2046959664,-60.2046959664,0E-7,4,4,0.50665070000000000,0.506650700000,-2.026782104415204,-2.026782104415204,-2.026782104415204,0E-17,ELIGIBLE,R03b_20260811_FULL_v1,L1_ELIGIBILITY,v2026-08-11,2026-03-21..2026-08-06,baccarat_bet02_101_all_pairs_incl_sentinel,round_win = game_pnl > 0 (decisive only),COMPATIBILITY_ONLY_NOT_PRODUCTION,557989.4742,504875.3716,9878.7574,24851,24505,-0.01770420,0.00338982,-0.02772422,-0.01770420,-9878.7574,557989.4742,OK,0.0000,395.1503,4.0000,96.0000,AG03-UNRESOLVED,ALL5_LEVELS_bet23_to_bet27,395.1503,395.1503,395.1503,0.0000,0.0000,4.000000,4.000000,4.000000,0.000000,0.000000,96.000000,96.000000,96.000000,100.000000,100.000000,5.0,1185.4509,1138.6651,8693.3065,8740.0923,PENDING_AG03,FALSE,NOT_FOR_ENFORCEMENT,9483.6071,484680.3568,9878.7574,9483.6071,395.1503,0.01770420,0.01699603,395.1503,9483.6071,0.01699603,395.1503,395.1503,395.1503,0.0000,0.0000,9483.6071,0.01699603,1185.4509,1138.6651,8693.3065,8740.0923,0.01557970,0.01566354,0.00070817,22.4534,20.6030,0.4031,82.3230,2.6463,4649.9123,204.2083,25.9152,21.1137,12.8578,14.5296,26.176,48.8436,54.2173,102.8621,13.088,0.0,3.731508,7.079487,1.545355,30,207,63,6,0.32204186,0.01770420,-0.00338982,0E-8,0.000000,0.904812,0.002133,0.03111404,2026-03-21,2026-08-06,120,3733,1703,139,0.863309,1.227414,1.154177,1.073473,,,,,,,,GLOBAL_BASELINE_NO_ENTITY_RANKING,,,NOT_APPLICABLE_GLOBAL_BASELINE,HF9g-P5,,,,X 全窗基线 · 不参与实体赏罚,15052044,1506,A168_HF9F_20260827_0900,2026-08-27 09:00:00
2026-04-12,127529701,2252,0,204.9577258334,-38.0860141874,-38.0860141874,0.5000000,14,11,0.44261775707070707,0.433891446970,0.3653310110347571,0.4218103663300747,0.3653310110347571,0.00872631010070707,ELIGIBLE,R03b_20260811_FULL_v1,L1_ELIGIBILITY,v2026-08-11,2026-03-21..2026-08-06,baccarat_bet02_101_all_pairs_incl_sentinel,round_win = game_pnl > 0 (decisive only),COMPATIBILITY_ONLY_NOT_PRODUCTION,557989.4742,504875.3716,9878.7574,24851,24505,-0.01770420,0.00338982,-0.02772422,-0.01770420,-9878.7574,557989.4742,OK,0.0000,395.1503,4.0000,96.0000,AG03-UNRESOLVED,ALL5_LEVELS_bet23_to_bet27,395.1503,395.1503,395.1503,0.0000,0.0000,4.000000,4.000000,4.000000,0.000000,0.000000,96.000000,96.000000,96.000000,100.000000,100.000000,5.0,1185.4509,1138.6651,8693.3065,8740.0923,PENDING_AG03,FALSE,NOT_FOR_ENFORCEMENT,9483.6071,484680.3568,9878.7574,9483.6071,395.1503,0.01770420,0.01699603,395.1503,9483.6071,0.01699603,395.1503,395.1503,395.1503,0.0000,0.0000,9483.6071,0.01699603,1185.4509,1138.6651,8693.3065,8740.0923,0.01557970,0.01566354,0.00070817,22.4534,20.6030,0.4031,82.3230,2.6463,4649.9123,204.2083,25.9152,21.1137,12.8578,14.5296,26.176,48.8436,54.2173,102.8621,13.088,0.0,3.731508,7.079487,1.545355,30,207,63,6,0.32204186,0.01770420,-0.00338982,0E-8,0.000000,0.904812,0.002133,0.03111404,2026-03-21,2026-08-06,120,3733,1703,139,0.863309,1.227414,1.154177,1.073473,,,,,,,,GLOBAL_BASELINE_NO_ENTITY_RANKING,,,NOT_APPLICABLE_GLOBAL_BASELINE,HF9g-P5,,,,X 全窗基线 · 不参与实体赏罚,15052045,1506,A168_HF9F_20260827_0900,2026-08-27 09:00:00
2026-04-13,127529701,-1,1,526.9219694794,-146.4282909722,-146.4282909722,0.4000000,27,27,0.50019634444444444,0.500196344444,-1.001963521698121,-1.0019635216936764,-1.001963521698121,4.4444E-13,SENTINEL_DEALER,R03b_20260811_FULL_v1,L1_ELIGIBILITY,v2026-08-11,2026-03-21..2026-08-06,baccarat_bet02_101_all_pairs_incl_sentinel,round_win = game_pnl > 0 (decisive only),COMPATIBILITY_ONLY_NOT_PRODUCTION,557989.4742,504875.3716,9878.7574,24851,24505,-0.01770420,0.00338982,-0.02772422,-0.01770420,-9878.7574,557989.4742,OK,0.0000,395.1503,4.0000,96.0000,AG03-UNRESOLVED,ALL5_LEVELS_bet23_to_bet27,395.1503,395.1503,395.1503,0.0000,0.0000,4.000000,4.000000,4.000000,0.000000,0.000000,96.000000,96.000000,96.000000,100.000000,100.000000,5.0,1185.4509,1138.6651,8693.3065,8740.0923,PENDING_AG03,FALSE,NOT_FOR_ENFORCEMENT,9483.6071,484680.3568,9878.7574,9483.6071,395.1503,0.01770420,0.01699603,395.1503,9483.6071,0.01699603,395.1503,395.1503,395.1503,0.0000,0.0000,9483.6071,0.01699603,1185.4509,1138.6651,8693.3065,8740.0923,0.01557970,0.01566354,0.00070817,22.4534,20.6030,0.4031,82.3230,2.6463,4649.9123,204.2083,25.9152,21.1137,12.8578,14.5296,26.176,48.8436,54.2173,102.8621,13.088,0.0,3.731508,7.079487,1.545355,30,207,63,6,0.32204186,0.01770420,-0.00338982,0E-8,0.000000,0.904812,0.002133,0.03111404,2026-03-21,2026-08-06,120,3733,1703,139,0.863309,1.227414,1.154177,1.073473,,,,,,,,GLOBAL_BASELINE_NO_ENTITY_RANKING,,,NOT_APPLICABLE_GLOBAL_BASELINE,HF9g-P5,,,,X 全窗基线 · 不参与实体赏罚,15052046,1506,A168_HF9F_20260827_0900,2026-08-27 09:00:00
2026-04-13,127529701,1205,0,293.9559720443,69.0652566552,69.0652566552,0.5714286,15,15,0.49860758000000000,0.498607580000,0.5449445140992409,0.5449445140992409,0.5449445140992409,0E-17,ELIGIBLE,R03b_20260811_FULL_v1,L1_ELIGIBILITY,v2026-08-11,2026-03-21..2026-08-06,baccarat_bet02_101_all_pairs_incl_sentinel,round_win = game_pnl > 0 (decisive only),COMPATIBILITY_ONLY_NOT_PRODUCTION,557989.4742,504875.3716,9878.7574,24851,24505,-0.01770420,0.00338982,-0.02772422,-0.01770420,-9878.7574,557989.4742,OK,0.0000,395.1503,4.0000,96.0000,AG03-UNRESOLVED,ALL5_LEVELS_bet23_to_bet27,395.1503,395.1503,395.1503,0.0000,0.0000,4.000000,4.000000,4.000000,0.000000,0.000000,96.000000,96.000000,96.000000,100.000000,100.000000,5.0,1185.4509,1138.6651,8693.3065,8740.0923,PENDING_AG03,FALSE,NOT_FOR_ENFORCEMENT,9483.6071,484680.3568,9878.7574,9483.6071,395.1503,0.01770420,0.01699603,395.1503,9483.6071,0.01699603,395.1503,395.1503,395.1503,0.0000,0.0000,9483.6071,0.01699603,1185.4509,1138.6651,8693.3065,8740.0923,0.01557970,0.01566354,0.00070817,22.4534,20.6030,0.4031,82.3230,2.6463,4649.9123,204.2083,25.9152,21.1137,12.8578,14.5296,26.176,48.8436,54.2173,102.8621,13.088,0.0,3.731508,7.079487,1.545355,30,207,63,6,0.32204186,0.01770420,-0.00338982,0E-8,0.000000,0.904812,0.002133,0.03111404,2026-03-21,2026-08-06,120,3733,1703,139,0.863309,1.227414,1.154177,1.073473,,,,,,,,GLOBAL_BASELINE_NO_ENTITY_RANKING,,,NOT_APPLICABLE_GLOBAL_BASELINE,HF9g-P5,,,,X 全窗基线 · 不参与实体赏罚,15052047,1506,A168_HF9F_20260827_0900,2026-08-27 09:00:00
2026-04-13,127529701,1210,0,76.6955474702,-32.7853833469,-32.7853833469,0.5000000,7,7,0.50282064285714286,0.502820642857,-0.013818491375558404,-0.0138184913748585,-0.013818491375558404,1.4286E-13,ELIGIBLE,R03b_20260811_FULL_v1,L1_ELIGIBILITY,v2026-08-11,2026-03-21..2026-08-06,baccarat_bet02_101_all_pairs_incl_sentinel,round_win = game_pnl > 0 (decisive only),COMPATIBILITY_ONLY_NOT_PRODUCTION,557989.4742,504875.3716,9878.7574,24851,24505,-0.01770420,0.00338982,-0.02772422,-0.01770420,-9878.7574,557989.4742,OK,0.0000,395.1503,4.0000,96.0000,AG03-UNRESOLVED,ALL5_LEVELS_bet23_to_bet27,395.1503,395.1503,395.1503,0.0000,0.0000,4.000000,4.000000,4.000000,0.000000,0.000000,96.000000,96.000000,96.000000,100.000000,100.000000,5.0,1185.4509,1138.6651,8693.3065,8740.0923,PENDING_AG03,FALSE,NOT_FOR_ENFORCEMENT,9483.6071,484680.3568,9878.7574,9483.6071,395.1503,0.01770420,0.01699603,395.1503,9483.6071,0.01699603,395.1503,395.1503,395.1503,0.0000,0.0000,9483.6071,0.01699603,1185.4509,1138.6651,8693.3065,8740.0923,0.01557970,0.01566354,0.00070817,22.4534,20.6030,0.4031,82.3230,2.6463,4649.9123,204.2083,25.9152,21.1137,12.8578,14.5296,26.176,48.8436,54.2173,102.8621,13.088,0.0,3.731508,7.079487,1.545355,30,207,63,6,0.32204186,0.01770420,-0.00338982,0E-8,0.000000,0.904812,0.002133,0.03111404,2026-03-21,2026-08-06,120,3733,1703,139,0.863309,1.227414,1.154177,1.073473,,,,,,,,GLOBAL_BASELINE_NO_ENTITY_RANKING,,,NOT_APPLICABLE_GLOBAL_BASELINE,HF9g-P5,,,,X 全窗基线 · 不参与实体赏罚,15052048,1506,A168_HF9F_20260827_0900,2026-08-27 09:00:00
2026-04-13,127529701,1307,0,20.9407638144,-20.9407638144,-20.9407638144,0E-7,1,1,0.50665070000000000,0.506650700000,-1.013391052207602,-1.013391052207602,-1.013391052207602,0E-17,ELIGIBLE,R03b_20260811_FULL_v1,L1_ELIGIBILITY,v2026-08-11,2026-03-21..2026-08-06,baccarat_bet02_101_all_pairs_incl_sentinel,round_win = game_pnl > 0 (decisive only),COMPATIBILITY_ONLY_NOT_PRODUCTION,557989.4742,504875.3716,9878.7574,24851,24505,-0.01770420,0.00338982,-0.02772422,-0.01770420,-9878.7574,557989.4742,OK,0.0000,395.1503,4.0000,96.0000,AG03-UNRESOLVED,ALL5_LEVELS_bet23_to_bet27,395.1503,395.1503,395.1503,0.0000,0.0000,4.000000,4.000000,4.000000,0.000000,0.000000,96.000000,96.000000,96.000000,100.000000,100.000000,5.0,1185.4509,1138.6651,8693.3065,8740.0923,PENDING_AG03,FALSE,NOT_FOR_ENFORCEMENT,9483.6071,484680.3568,9878.7574,9483.6071,395.1503,0.01770420,0.01699603,395.1503,9483.6071,0.01699603,395.1503,395.1503,395.1503,0.0000,0.0000,9483.6071,0.01699603,1185.4509,1138.6651,8693.3065,8740.0923,0.01557970,0.01566354,0.00070817,22.4534,20.6030,0.4031,82.3230,2.6463,4649.9123,204.2083,25.9152,21.1137,12.8578,14.5296,26.176,48.8436,54.2173,102.8621,13.088,0.0,3.731508,7.079487,1.545355,30,207,63,6,0.32204186,0.01770420,-0.00338982,0E-8,0.000000,0.904812,0.002133,0.03111404,2026-03-21,2026-08-06,120,3733,1703,139,0.863309,1.227414,1.154177,1.073473,,,,,,,,GLOBAL_BASELINE_NO_ENTITY_RANKING,,,NOT_APPLICABLE_GLOBAL_BASELINE,HF9g-P5,,,,X 全窗基线 · 不参与实体赏罚,15052049,1506,A168_HF9F_20260827_0900,2026-08-27 09:00:00
2026-04-13,127529701,1942,0,13.0879773840,12.4335785148,12.4335785148,1.0000000,1,1,0.50665070000000000,0.506650700000,0.9867858985152569,0.9867858985152569,0.9867858985152569,0E-17,ELIGIBLE,R03b_20260811_FULL_v1,L1_ELIGIBILITY,v2026-08-11,2026-03-21..2026-08-06,baccarat_bet02_101_all_pairs_incl_sentinel,round_win = game_pnl > 0 (decisive only),COMPATIBILITY_ONLY_NOT_PRODUCTION,557989.4742,504875.3716,9878.7574,24851,24505,-0.01770420,0.00338982,-0.02772422,-0.01770420,-9878.7574,557989.4742,OK,0.0000,395.1503,4.0000,96.0000,AG03-UNRESOLVED,ALL5_LEVELS_bet23_to_bet27,395.1503,395.1503,395.1503,0.0000,0.0000,4.000000,4.000000,4.000000,0.000000,0.000000,96.000000,96.000000,96.000000,100.000000,100.000000,5.0,1185.4509,1138.6651,8693.3065,8740.0923,PENDING_AG03,FALSE,NOT_FOR_ENFORCEMENT,9483.6071,484680.3568,9878.7574,9483.6071,395.1503,0.01770420,0.01699603,395.1503,9483.6071,0.01699603,395.1503,395.1503,395.1503,0.0000,0.0000,9483.6071,0.01699603,1185.4509,1138.6651,8693.3065,8740.0923,0.01557970,0.01566354,0.00070817,22.4534,20.6030,0.4031,82.3230,2.6463,4649.9123,204.2083,25.9152,21.1137,12.8578,14.5296,26.176,48.8436,54.2173,102.8621,13.088,0.0,3.731508,7.079487,1.545355,30,207,63,6,0.32204186,0.01770420,-0.00338982,0E-8,0.000000,0.904812,0.002133,0.03111404,2026-03-21,2026-08-06,120,3733,1703,139,0.863309,1.227414,1.154177,1.073473,,,,,,,,GLOBAL_BASELINE_NO_ENTITY_RANKING,,,NOT_APPLICABLE_GLOBAL_BASELINE,HF9g-P5,,,,X 全窗基线 · 不参与实体赏罚,15052050,1506,A168_HF9F_20260827_0900,2026-08-27 09:00:00
2026-04-13,127529701,1951,0,39.2639321520,11.7791796456,11.7791796456,0.5000000,2,2,0.49994810000000000,0.499948100000,0.00014679536856514622,0.00014679536856514622,0.00014679536856514622,0E-17,ELIGIBLE,R03b_20260811_FULL_v1,L1_ELIGIBILITY,v2026-08-11,2026-03-21..2026-08-06,baccarat_bet02_101_all_pairs_incl_sentinel,round_win = game_pnl > 0 (decisive only),COMPATIBILITY_ONLY_NOT_PRODUCTION,557989.4742,504875.3716,9878.7574,24851,24505,-0.01770420,0.00338982,-0.02772422,-0.01770420,-9878.7574,557989.4742,OK,0.0000,395.1503,4.0000,96.0000,AG03-UNRESOLVED,ALL5_LEVELS_bet23_to_bet27,395.1503,395.1503,395.1503,0.0000,0.0000,4.000000,4.000000,4.000000,0.000000,0.000000,96.000000,96.000000,96.000000,100.000000,100.000000,5.0,1185.4509,1138.6651,8693.3065,8740.0923,PENDING_AG03,FALSE,NOT_FOR_ENFORCEMENT,9483.6071,484680.3568,9878.7574,9483.6071,395.1503,0.01770420,0.01699603,395.1503,9483.6071,0.01699603,395.1503,395.1503,395.1503,0.0000,0.0000,9483.6071,0.01699603,1185.4509,1138.6651,8693.3065,8740.0923,0.01557970,0.01566354,0.00070817,22.4534,20.6030,0.4031,82.3230,2.6463,4649.9123,204.2083,25.9152,21.1137,12.8578,14.5296,26.176,48.8436,54.2173,102.8621,13.088,0.0,3.731508,7.079487,1.545355,30,207,63,6,0.32204186,0.01770420,-0.00338982,0E-8,0.000000,0.904812,0.002133,0.03111404,2026-03-21,2026-08-06,120,3733,1703,139,0.863309,1.227414,1.154177,1.073473,,,,,,,,GLOBAL_BASELINE_NO_ENTITY_RANKING,,,NOT_APPLICABLE_GLOBAL_BASELINE,HF9g-P5,,,,X 全窗基线 · 不参与实体赏罚,15052051,1506,A168_HF9F_20260827_0900,2026-08-27 09:00:00
2026-04-13,127529701,2196,0,242.1275816038,-30.0761720284,-30.0761720284,0.4166667,14,14,0.50090561428571429,0.500905614286,-0.5836255063160977,-0.5836255063180779,-0.5836255063160977,-2.8571E-13,ELIGIBLE,R03b_20260811_FULL_v1,L1_ELIGIBILITY,v2026-08-11,2026-03-21..2026-08-06,baccarat_bet02_101_all_pairs_incl_sentinel,round_win = game_pnl > 0 (decisive only),COMPATIBILITY_ONLY_NOT_PRODUCTION,557989.4742,504875.3716,9878.7574,24851,24505,-0.01770420,0.00338982,-0.02772422,-0.01770420,-9878.7574,557989.4742,OK,0.0000,395.1503,4.0000,96.0000,AG03-UNRESOLVED,ALL5_LEVELS_bet23_to_bet27,395.1503,395.1503,395.1503,0.0000,0.0000,4.000000,4.000000,4.000000,0.000000,0.000000,96.000000,96.000000,96.000000,100.000000,100.000000,5.0,1185.4509,1138.6651,8693.3065,8740.0923,PENDING_AG03,FALSE,NOT_FOR_ENFORCEMENT,9483.6071,484680.3568,9878.7574,9483.6071,395.1503,0.01770420,0.01699603,395.1503,9483.6071,0.01699603,395.1503,395.1503,395.1503,0.0000,0.0000,9483.6071,0.01699603,1185.4509,1138.6651,8693.3065,8740.0923,0.01557970,0.01566354,0.00070817,22.4534,20.6030,0.4031,82.3230,2.6463,4649.9123,204.2083,25.9152,21.1137,12.8578,14.5296,26.176,48.8436,54.2173,102.8621,13.088,0.0,3.731508,7.079487,1.545355,30,207,63,6,0.32204186,0.01770420,-0.00338982,0E-8,0.000000,0.904812,0.002133,0.03111404,2026-03-21,2026-08-06,120,3733,1703,139,0.863309,1.227414,1.154177,1.073473,,,,,,,,GLOBAL_BASELINE_NO_ENTITY_RANKING,,,NOT_APPLICABLE_GLOBAL_BASELINE,HF9g-P5,,,,X 全窗基线 · 不参与实体赏罚,15052052,1506,A168_HF9F_20260827_0900,2026-08-27 09:00:00
2026-04-13,127529701,925,0,234.2747951733,-52.4173494228,-52.4173494228,0.5555556,9,9,0.50218230000000000,0.502182300000,0.3202425836157423,0.3202425836157423,0.3202425836157423,0E-17,ELIGIBLE,R03b_20260811_FULL_v1,L1_ELIGIBILITY,v2026-08-11,2026-03-21..2026-08-06,baccarat_bet02_101_all_pairs_incl_sentinel,round_win = game_pnl > 0 (decisive only),COMPATIBILITY_ONLY_NOT_PRODUCTION,557989.4742,504875.3716,9878.7574,24851,24505,-0.01770420,0.00338982,-0.02772422,-0.01770420,-9878.7574,557989.4742,OK,0.0000,395.1503,4.0000,96.0000,AG03-UNRESOLVED,ALL5_LEVELS_bet23_to_bet27,395.1503,395.1503,395.1503,0.0000,0.0000,4.000000,4.000000,4.000000,0.000000,0.000000,96.000000,96.000000,96.000000,100.000000,100.000000,5.0,1185.4509,1138.6651,8693.3065,8740.0923,PENDING_AG03,FALSE,NOT_FOR_ENFORCEMENT,9483.6071,484680.3568,9878.7574,9483.6071,395.1503,0.01770420,0.01699603,395.1503,9483.6071,0.01699603,395.1503,395.1503,395.1503,0.0000,0.0000,9483.6071,0.01699603,1185.4509,1138.6651,8693.3065,8740.0923,0.01557970,0.01566354,0.00070817,22.4534,20.6030,0.4031,82.3230,2.6463,4649.9123,204.2083,25.9152,21.1137,12.8578,14.5296,26.176,48.8436,54.2173,102.8621,13.088,0.0,3.731508,7.079487,1.545355,30,207,63,6,0.32204186,0.01770420,-0.00338982,0E-8,0.000000,0.904812,0.002133,0.03111404,2026-03-21,2026-08-06,120,3733,1703,139,0.863309,1.227414,1.154177,1.073473,,,,,,,,GLOBAL_BASELINE_NO_ENTITY_RANKING,,,NOT_APPLICABLE_GLOBAL_BASELINE,HF9g-P5,,,,X 全窗基线 · 不参与实体赏罚,15052053,1506,A168_HF9F_20260827_0900,2026-08-27 09:00:00
2026-04-13,127529701,994,0,6.5439886920,6.2167892574,6.2167892574,1.0000000,1,1,0.50665070000000000,0.506650700000,0.9867858985152569,0.9867858985152569,0.9867858985152569,0E-17,ELIGIBLE,R03b_20260811_FULL_v1,L1_ELIGIBILITY,v2026-08-11,2026-03-21..2026-08-06,baccarat_bet02_101_all_pairs_incl_sentinel,round_win = game_pnl > 0 (decisive only),COMPATIBILITY_ONLY_NOT_PRODUCTION,557989.4742,504875.3716,9878.7574,24851,24505,-0.01770420,0.00338982,-0.02772422,-0.01770420,-9878.7574,557989.4742,OK,0.0000,395.1503,4.0000,96.0000,AG03-UNRESOLVED,ALL5_LEVELS_bet23_to_bet27,395.1503,395.1503,395.1503,0.0000,0.0000,4.000000,4.000000,4.000000,0.000000,0.000000,96.000000,96.000000,96.000000,100.000000,100.000000,5.0,1185.4509,1138.6651,8693.3065,8740.0923,PENDING_AG03,FALSE,NOT_FOR_ENFORCEMENT,9483.6071,484680.3568,9878.7574,9483.6071,395.1503,0.01770420,0.01699603,395.1503,9483.6071,0.01699603,395.1503,395.1503,395.1503,0.0000,0.0000,9483.6071,0.01699603,1185.4509,1138.6651,8693.3065,8740.0923,0.01557970,0.01566354,0.00070817,22.4534,20.6030,0.4031,82.3230,2.6463,4649.9123,204.2083,25.9152,21.1137,12.8578,14.5296,26.176,48.8436,54.2173,102.8621,13.088,0.0,3.731508,7.079487,1.545355,30,207,63,6,0.32204186,0.01770420,-0.00338982,0E-8,0.000000,0.904812,0.002133,0.03111404,2026-03-21,2026-08-06,120,3733,1703,139,0.863309,1.227414,1.154177,1.073473,,,,,,,,GLOBAL_BASELINE_NO_ENTITY_RANKING,,,NOT_APPLICABLE_GLOBAL_BASELINE,HF9g-P5,,,,X 全窗基线 · 不参与实体赏罚,15052054,1506,A168_HF9F_20260827_0900,2026-08-27 09:00:00
2026-04-14,127529701,-1,1,599.4293641866,21.7522184123,21.7522184123,0.5918367,53,53,0.50032749245283019,0.500327492453,1.2811296661803542,1.2811296661779767,1.2811296661803542,-1.6981E-13,SENTINEL_DEALER,R03b_20260811_FULL_v1,L1_ELIGIBILITY,v2026-08-11,2026-03-21..2026-08-06,baccarat_bet02_101_all_pairs_incl_sentinel,round_win = game_pnl > 0 (decisive only),COMPATIBILITY_ONLY_NOT_PRODUCTION,557989.4742,504875.3716,9878.7574,24851,24505,-0.01770420,0.00338982,-0.02772422,-0.01770420,-9878.7574,557989.4742,OK,0.0000,395.1503,4.0000,96.0000,AG03-UNRESOLVED,ALL5_LEVELS_bet23_to_bet27,395.1503,395.1503,395.1503,0.0000,0.0000,4.000000,4.000000,4.000000,0.000000,0.000000,96.000000,96.000000,96.000000,100.000000,100.000000,5.0,1185.4509,1138.6651,8693.3065,8740.0923,PENDING_AG03,FALSE,NOT_FOR_ENFORCEMENT,9483.6071,484680.3568,9878.7574,9483.6071,395.1503,0.01770420,0.01699603,395.1503,9483.6071,0.01699603,395.1503,395.1503,395.1503,0.0000,0.0000,9483.6071,0.01699603,1185.4509,1138.6651,8693.3065,8740.0923,0.01557970,0.01566354,0.00070817,22.4534,20.6030,0.4031,82.3230,2.6463,4649.9123,204.2083,25.9152,21.1137,12.8578,14.5296,26.176,48.8436,54.2173,102.8621,13.088,0.0,3.731508,7.079487,1.545355,30,207,63,6,0.32204186,0.01770420,-0.00338982,0E-8,0.000000,0.904812,0.002133,0.03111404,2026-03-21,2026-08-06,120,3733,1703,139,0.863309,1.227414,1.154177,1.073473,,,,,,,,GLOBAL_BASELINE_NO_ENTITY_RANKING,,,NOT_APPLICABLE_GLOBAL_BASELINE,HF9g-P5,,,,X 全窗基线 · 不参与实体赏罚,15052055,1506,A168_HF9F_20260827_0900,2026-08-27 09:00:00
2026-04-14,127529701,1094,0,5.2351909536,-5.2351909536,-5.2351909536,0E-7,1,1,0.49324550000000000,0.493245500000,-0.9865810262130424,-0.9865810262130424,-0.9865810262130424,0E-17,ELIGIBLE,R03b_20260811_FULL_v1,L1_ELIGIBILITY,v2026-08-11,2026-03-21..2026-08-06,baccarat_bet02_101_all_pairs_incl_sentinel,round_win = game_pnl > 0 (decisive only),COMPATIBILITY_ONLY_NOT_PRODUCTION,557989.4742,504875.3716,9878.7574,24851,24505,-0.01770420,0.00338982,-0.02772422,-0.01770420,-9878.7574,557989.4742,OK,0.0000,395.1503,4.0000,96.0000,AG03-UNRESOLVED,ALL5_LEVELS_bet23_to_bet27,395.1503,395.1503,395.1503,0.0000,0.0000,4.000000,4.000000,4.000000,0.000000,0.000000,96.000000,96.000000,96.000000,100.000000,100.000000,5.0,1185.4509,1138.6651,8693.3065,8740.0923,PENDING_AG03,FALSE,NOT_FOR_ENFORCEMENT,9483.6071,484680.3568,9878.7574,9483.6071,395.1503,0.01770420,0.01699603,395.1503,9483.6071,0.01699603,395.1503,395.1503,395.1503,0.0000,0.0000,9483.6071,0.01699603,1185.4509,1138.6651,8693.3065,8740.0923,0.01557970,0.01566354,0.00070817,22.4534,20.6030,0.4031,82.3230,2.6463,4649.9123,204.2083,25.9152,21.1137,12.8578,14.5296,26.176,48.8436,54.2173,102.8621,13.088,0.0,3.731508,7.079487,1.545355,30,207,63,6,0.32204186,0.01770420,-0.00338982,0E-8,0.000000,0.904812,0.002133,0.03111404,2026-03-21,2026-08-06,120,3733,1703,139,0.863309,1.227414,1.154177,1.073473,,,,,,,,GLOBAL_BASELINE_NO_ENTITY_RANKING,,,NOT_APPLICABLE_GLOBAL_BASELINE,HF9g-P5,,,,X 全窗基线 · 不参与实体赏罚,15052056,1506,A168_HF9F_20260827_0900,2026-08-27 09:00:00
2026-04-14,127529701,1109,0,13.0879773840,-13.0879773840,-13.0879773840,0E-7,1,1,0.50665070000000000,0.506650700000,-1.013391052207602,-1.013391052207602,-1.013391052207602,0E-17,ELIGIBLE,R03b_20260811_FULL_v1,L1_ELIGIBILITY,v2026-08-11,2026-03-21..2026-08-06,baccarat_bet02_101_all_pairs_incl_sentinel,round_win = game_pnl > 0 (decisive only),COMPATIBILITY_ONLY_NOT_PRODUCTION,557989.4742,504875.3716,9878.7574,24851,24505,-0.01770420,0.00338982,-0.02772422,-0.01770420,-9878.7574,557989.4742,OK,0.0000,395.1503,4.0000,96.0000,AG03-UNRESOLVED,ALL5_LEVELS_bet23_to_bet27,395.1503,395.1503,395.1503,0.0000,0.0000,4.000000,4.000000,4.000000,0.000000,0.000000,96.000000,96.000000,96.000000,100.000000,100.000000,5.0,1185.4509,1138.6651,8693.3065,8740.0923,PENDING_AG03,FALSE,NOT_FOR_ENFORCEMENT,9483.6071,484680.3568,9878.7574,9483.6071,395.1503,0.01770420,0.01699603,395.1503,9483.6071,0.01699603,395.1503,395.1503,395.1503,0.0000,0.0000,9483.6071,0.01699603,1185.4509,1138.6651,8693.3065,8740.0923,0.01557970,0.01566354,0.00070817,22.4534,20.6030,0.4031,82.3230,2.6463,4649.9123,204.2083,25.9152,21.1137,12.8578,14.5296,26.176,48.8436,54.2173,102.8621,13.088,0.0,3.731508,7.079487,1.545355,30,207,63,6,0.32204186,0.01770420,-0.00338982,0E-8,0.000000,0.904812,0.002133,0.03111404,2026-03-21,2026-08-06,120,3733,1703,139,0.863309,1.227414,1.154177,1.073473,,,,,,,,GLOBAL_BASELINE_NO_ENTITY_RANKING,,,NOT_APPLICABLE_GLOBAL_BASELINE,HF9g-P5,,,,X 全窗基线 · 不参与实体赏罚,15052057,1506,A168_HF9F_20260827_0900,2026-08-27 09:00:00
2026-04-14,127529701,1401,0,115.1742009792,-13.0879773840,-13.0879773840,0.3333333,8,8,0.49827245000000000,0.498272450000,-0.8080381719969413,-0.8080381719969413,-0.8080381719969413,0E-17,ELIGIBLE,R03b_20260811_FULL_v1,L1_ELIGIBILITY,v2026-08-11,2026-03-21..2026-08-06,baccarat_bet02_101_all_pairs_incl_sentinel,round_win = game_pnl > 0 (decisive only),COMPATIBILITY_ONLY_NOT_PRODUCTION,557989.4742,504875.3716,9878.7574,24851,24505,-0.01770420,0.00338982,-0.02772422,-0.01770420,-9878.7574,557989.4742,OK,0.0000,395.1503,4.0000,96.0000,AG03-UNRESOLVED,ALL5_LEVELS_bet23_to_bet27,395.1503,395.1503,395.1503,0.0000,0.0000,4.000000,4.000000,4.000000,0.000000,0.000000,96.000000,96.000000,96.000000,100.000000,100.000000,5.0,1185.4509,1138.6651,8693.3065,8740.0923,PENDING_AG03,FALSE,NOT_FOR_ENFORCEMENT,9483.6071,484680.3568,9878.7574,9483.6071,395.1503,0.01770420,0.01699603,395.1503,9483.6071,0.01699603,395.1503,395.1503,395.1503,0.0000,0.0000,9483.6071,0.01699603,1185.4509,1138.6651,8693.3065,8740.0923,0.01557970,0.01566354,0.00070817,22.4534,20.6030,0.4031,82.3230,2.6463,4649.9123,204.2083,25.9152,21.1137,12.8578,14.5296,26.176,48.8436,54.2173,102.8621,13.088,0.0,3.731508,7.079487,1.545355,30,207,63,6,0.32204186,0.01770420,-0.00338982,0E-8,0.000000,0.904812,0.002133,0.03111404,2026-03-21,2026-08-06,120,3733,1703,139,0.863309,1.227414,1.154177,1.073473,,,,,,,,GLOBAL_BASELINE_NO_ENTITY_RANKING,,,NOT_APPLICABLE_GLOBAL_BASELINE,HF9g-P5,,,,X 全窗基线 · 不参与实体赏罚,15052058,1506,A168_HF9F_20260827_0900,2026-08-27 09:00:00
2026-04-14,127529701,1645,0,39.2639321520,-28.7935502448,-28.7935502448,0.2500000,4,4,0.49659680000000000,0.496596800000,-0.9864100490137353,-0.9864100490137354,-0.9864100490137353,0E-17,ELIGIBLE,R03b_20260811_FULL_v1,L1_ELIGIBILITY,v2026-08-11,2026-03-21..2026-08-06,baccarat_bet02_101_all_pairs_incl_sentinel,round_win = game_pnl > 0 (decisive only),COMPATIBILITY_ONLY_NOT_PRODUCTION,557989.4742,504875.3716,9878.7574,24851,24505,-0.01770420,0.00338982,-0.02772422,-0.01770420,-9878.7574,557989.4742,OK,0.0000,395.1503,4.0000,96.0000,AG03-UNRESOLVED,ALL5_LEVELS_bet23_to_bet27,395.1503,395.1503,395.1503,0.0000,0.0000,4.000000,4.000000,4.000000,0.000000,0.000000,96.000000,96.000000,96.000000,100.000000,100.000000,5.0,1185.4509,1138.6651,8693.3065,8740.0923,PENDING_AG03,FALSE,NOT_FOR_ENFORCEMENT,9483.6071,484680.3568,9878.7574,9483.6071,395.1503,0.01770420,0.01699603,395.1503,9483.6071,0.01699603,395.1503,395.1503,395.1503,0.0000,0.0000,9483.6071,0.01699603,1185.4509,1138.6651,8693.3065,8740.0923,0.01557970,0.01566354,0.00070817,22.4534,20.6030,0.4031,82.3230,2.6463,4649.9123,204.2083,25.9152,21.1137,12.8578,14.5296,26.176,48.8436,54.2173,102.8621,13.088,0.0,3.731508,7.079487,1.545355,30,207,63,6,0.32204186,0.01770420,-0.00338982,0E-8,0.000000,0.904812,0.002133,0.03111404,2026-03-21,2026-08-06,120,3733,1703,139,0.863309,1.227414,1.154177,1.073473,,,,,,,,GLOBAL_BASELINE_NO_ENTITY_RANKING,,,NOT_APPLICABLE_GLOBAL_BASELINE,HF9g-P5,,,,X 全窗基线 · 不参与实体赏罚,15052059,1506,A168_HF9F_20260827_0900,2026-08-27 09:00:00
2026-04-14,127529701,1990,0,52.3519095360,4.9734314059,4.9734314059,0.5000000,5,5,0.50128862000000000,0.501288620000,-0.0051544971185412255,-0.0051544971185412255,-0.0051544971185412255,0E-17,ELIGIBLE,R03b_20260811_FULL_v1,L1_ELIGIBILITY,v2026-08-11,2026-03-21..2026-08-06,baccarat_bet02_101_all_pairs_incl_sentinel,round_win = game_pnl > 0 (decisive only),COMPATIBILITY_ONLY_NOT_PRODUCTION,557989.4742,504875.3716,9878.7574,24851,24505,-0.01770420,0.00338982,-0.02772422,-0.01770420,-9878.7574,557989.4742,OK,0.0000,395.1503,4.0000,96.0000,AG03-UNRESOLVED,ALL5_LEVELS_bet23_to_bet27,395.1503,395.1503,395.1503,0.0000,0.0000,4.000000,4.000000,4.000000,0.000000,0.000000,96.000000,96.000000,96.000000,100.000000,100.000000,5.0,1185.4509,1138.6651,8693.3065,8740.0923,PENDING_AG03,FALSE,NOT_FOR_ENFORCEMENT,9483.6071,484680.3568,9878.7574,9483.6071,395.1503,0.01770420,0.01699603,395.1503,9483.6071,0.01699603,395.1503,395.1503,395.1503,0.0000,0.0000,9483.6071,0.01699603,1185.4509,1138.6651,8693.3065,8740.0923,0.01557970,0.01566354,0.00070817,22.4534,20.6030,0.4031,82.3230,2.6463,4649.9123,204.2083,25.9152,21.1137,12.8578,14.5296,26.176,48.8436,54.2173,102.8621,13.088,0.0,3.731508,7.079487,1.545355,30,207,63,6,0.32204186,0.01770420,-0.00338982,0E-8,0.000000,0.904812,0.002133,0.03111404,2026-03-21,2026-08-06,120,3733,1703,139,0.863309,1.227414,1.154177,1.073473,,,,,,,,GLOBAL_BASELINE_NO_ENTITY_RANKING,,,NOT_APPLICABLE_GLOBAL_BASELINE,HF9g-P5,,,,X 全窗基线 · 不参与实体赏罚,15052060,1506,A168_HF9F_20260827_0900,2026-08-27 09:00:00
2026-04-14,127529701,1994,0,62.8222914432,-23.8201188389,-23.8201188389,0.2500000,6,6,0.50218230000000000,0.502182300000,-1.0087388081483202,-1.0087388081483202,-1.0087388081483202,0E-17,ELIGIBLE,R03b_20260811_FULL_v1,L1_ELIGIBILITY,v2026-08-11,2026-03-21..2026-08-06,baccarat_bet02_101_all_pairs_incl_sentinel,round_win = game_pnl > 0 (decisive only),COMPATIBILITY_ONLY_NOT_PRODUCTION,557989.4742,504875.3716,9878.7574,24851,24505,-0.01770420,0.00338982,-0.02772422,-0.01770420,-9878.7574,557989.4742,OK,0.0000,395.1503,4.0000,96.0000,AG03-UNRESOLVED,ALL5_LEVELS_bet23_to_bet27,395.1503,395.1503,395.1503,0.0000,0.0000,4.000000,4.000000,4.000000,0.000000,0.000000,96.000000,96.000000,96.000000,100.000000,100.000000,5.0,1185.4509,1138.6651,8693.3065,8740.0923,PENDING_AG03,FALSE,NOT_FOR_ENFORCEMENT,9483.6071,484680.3568,9878.7574,9483.6071,395.1503,0.01770420,0.01699603,395.1503,9483.6071,0.01699603,395.1503,395.1503,395.1503,0.0000,0.0000,9483.6071,0.01699603,1185.4509,1138.6651,8693.3065,8740.0923,0.01557970,0.01566354,0.00070817,22.4534,20.6030,0.4031,82.3230,2.6463,4649.9123,204.2083,25.9152,21.1137,12.8578,14.5296,26.176,48.8436,54.2173,102.8621,13.088,0.0,3.731508,7.079487,1.545355,30,207,63,6,0.32204186,0.01770420,-0.00338982,0E-8,0.000000,0.904812,0.002133,0.03111404,2026-03-21,2026-08-06,120,3733,1703,139,0.863309,1.227414,1.154177,1.073473,,,,,,,,GLOBAL_BASELINE_NO_ENTITY_RANKING,,,NOT_APPLICABLE_GLOBAL_BASELINE,HF9g-P5,,,,X 全窗基线 · 不参与实体赏罚,15052061,1506,A168_HF9F_20260827_0900,2026-08-27 09:00:00
2026-04-14,127529701,2088,0,15.4438133131,15.4438133131,15.4438133131,1.0000000,1,1,0.49324550000000000,0.493245500000,1.01360149184955,1.01360149184955,1.01360149184955,0E-17,ELIGIBLE,R03b_20260811_FULL_v1,L1_ELIGIBILITY,v2026-08-11,2026-03-21..2026-08-06,baccarat_bet02_101_all_pairs_incl_sentinel,round_win = game_pnl > 0 (decisive only),COMPATIBILITY_ONLY_NOT_PRODUCTION,557989.4742,504875.3716,9878.7574,24851,24505,-0.01770420,0.00338982,-0.02772422,-0.01770420,-9878.7574,557989.4742,OK,0.0000,395.1503,4.0000,96.0000,AG03-UNRESOLVED,ALL5_LEVELS_bet23_to_bet27,395.1503,395.1503,395.1503,0.0000,0.0000,4.000000,4.000000,4.000000,0.000000,0.000000,96.000000,96.000000,96.000000,100.000000,100.000000,5.0,1185.4509,1138.6651,8693.3065,8740.0923,PENDING_AG03,FALSE,NOT_FOR_ENFORCEMENT,9483.6071,484680.3568,9878.7574,9483.6071,395.1503,0.01770420,0.01699603,395.1503,9483.6071,0.01699603,395.1503,395.1503,395.1503,0.0000,0.0000,9483.6071,0.01699603,1185.4509,1138.6651,8693.3065,8740.0923,0.01557970,0.01566354,0.00070817,22.4534,20.6030,0.4031,82.3230,2.6463,4649.9123,204.2083,25.9152,21.1137,12.8578,14.5296,26.176,48.8436,54.2173,102.8621,13.088,0.0,3.731508,7.079487,1.545355,30,207,63,6,0.32204186,0.01770420,-0.00338982,0E-8,0.000000,0.904812,0.002133,0.03111404,2026-03-21,2026-08-06,120,3733,1703,139,0.863309,1.227414,1.154177,1.073473,,,,,,,,GLOBAL_BASELINE_NO_ENTITY_RANKING,,,NOT_APPLICABLE_GLOBAL_BASELINE,HF9g-P5,,,,X 全窗基线 · 不参与实体赏罚,15052062,1506,A168_HF9F_20260827_0900,2026-08-27 09:00:00
2026-04-14,127529701,2108,0,49.7343140592,-36.6463366752,-36.6463366752,0E-7,4,4,0.49659680000000000,0.496596800000,-1.7203016256901094,-1.7203016256901091,-1.7203016256901094,0E-17,ELIGIBLE,R03b_20260811_FULL_v1,L1_ELIGIBILITY,v2026-08-11,2026-03-21..2026-08-06,baccarat_bet02_101_all_pairs_incl_sentinel,round_win = game_pnl > 0 (decisive only),COMPATIBILITY_ONLY_NOT_PRODUCTION,557989.4742,504875.3716,9878.7574,24851,24505,-0.01770420,0.00338982,-0.02772422,-0.01770420,-9878.7574,557989.4742,OK,0.0000,395.1503,4.0000,96.0000,AG03-UNRESOLVED,ALL5_LEVELS_bet23_to_bet27,395.1503,395.1503,395.1503,0.0000,0.0000,4.000000,4.000000,4.000000,0.000000,0.000000,96.000000,96.000000,96.000000,100.000000,100.000000,5.0,1185.4509,1138.6651,8693.3065,8740.0923,PENDING_AG03,FALSE,NOT_FOR_ENFORCEMENT,9483.6071,484680.3568,9878.7574,9483.6071,395.1503,0.01770420,0.01699603,395.1503,9483.6071,0.01699603,395.1503,395.1503,395.1503,0.0000,0.0000,9483.6071,0.01699603,1185.4509,1138.6651,8693.3065,8740.0923,0.01557970,0.01566354,0.00070817,22.4534,20.6030,0.4031,82.3230,2.6463,4649.9123,204.2083,25.9152,21.1137,12.8578,14.5296,26.176,48.8436,54.2173,102.8621,13.088,0.0,3.731508,7.079487,1.545355,30,207,63,6,0.32204186,0.01770420,-0.00338982,0E-8,0.000000,0.904812,0.002133,0.03111404,2026-03-21,2026-08-06,120,3733,1703,139,0.863309,1.227414,1.154177,1.073473,,,,,,,,GLOBAL_BASELINE_NO_ENTITY_RANKING,,,NOT_APPLICABLE_GLOBAL_BASELINE,HF9g-P5,,,,X 全窗基线 · 不参与实体赏罚,15052063,1506,A168_HF9F_20260827_0900,2026-08-27 09:00:00
2026-04-14,127529701,2156,0,40.5727298904,-1.9631966076,-1.9631966076,0.5000000,3,3,0.49771390000000000,0.497713900000,0.006466134837551399,0.0064661348375514,0.006466134837551399,0E-17,ELIGIBLE,R03b_20260811_FULL_v1,L1_ELIGIBILITY,v2026-08-11,2026-03-21..2026-08-06,baccarat_bet02_101_all_pairs_incl_sentinel,round_win = game_pnl > 0 (decisive only),COMPATIBILITY_ONLY_NOT_PRODUCTION,557989.4742,504875.3716,9878.7574,24851,24505,-0.01770420,0.00338982,-0.02772422,-0.01770420,-9878.7574,557989.4742,OK,0.0000,395.1503,4.0000,96.0000,AG03-UNRESOLVED,ALL5_LEVELS_bet23_to_bet27,395.1503,395.1503,395.1503,0.0000,0.0000,4.000000,4.000000,4.000000,0.000000,0.000000,96.000000,96.000000,96.000000,100.000000,100.000000,5.0,1185.4509,1138.6651,8693.3065,8740.0923,PENDING_AG03,FALSE,NOT_FOR_ENFORCEMENT,9483.6071,484680.3568,9878.7574,9483.6071,395.1503,0.01770420,0.01699603,395.1503,9483.6071,0.01699603,395.1503,395.1503,395.1503,0.0000,0.0000,9483.6071,0.01699603,1185.4509,1138.6651,8693.3065,8740.0923,0.01557970,0.01566354,0.00070817,22.4534,20.6030,0.4031,82.3230,2.6463,4649.9123,204.2083,25.9152,21.1137,12.8578,14.5296,26.176,48.8436,54.2173,102.8621,13.088,0.0,3.731508,7.079487,1.545355,30,207,63,6,0.32204186,0.01770420,-0.00338982,0E-8,0.000000,0.904812,0.002133,0.03111404,2026-03-21,2026-08-06,120,3733,1703,139,0.863309,1.227414,1.154177,1.073473,,,,,,,,GLOBAL_BASELINE_NO_ENTITY_RANKING,,,NOT_APPLICABLE_GLOBAL_BASELINE,HF9g-P5,,,,X 全窗基线 · 不参与实体赏罚,15052064,1506,A168_HF9F_20260827_0900,2026-08-27 09:00:00
2026-04-14,127529701,2170,0,76.6955474702,-2.6830353637,-2.6830353637,0.3333333,6,6,0.50665070000000000,0.506650700000,-0.8491533462951141,-0.8491533462951141,-0.8491533462951141,0E-17,ELIGIBLE,R03b_20260811_FULL_v1,L1_ELIGIBILITY,v2026-08-11,2026-03-21..2026-08-06,baccarat_bet02_101_all_pairs_incl_sentinel,round_win = game_pnl > 0 (decisive only),COMPATIBILITY_ONLY_NOT_PRODUCTION,557989.4742,504875.3716,9878.7574,24851,24505,-0.01770420,0.00338982,-0.02772422,-0.01770420,-9878.7574,557989.4742,OK,0.0000,395.1503,4.0000,96.0000,AG03-UNRESOLVED,ALL5_LEVELS_bet23_to_bet27,395.1503,395.1503,395.1503,0.0000,0.0000,4.000000,4.000000,4.000000,0.000000,0.000000,96.000000,96.000000,96.000000,100.000000,100.000000,5.0,1185.4509,1138.6651,8693.3065,8740.0923,PENDING_AG03,FALSE,NOT_FOR_ENFORCEMENT,9483.6071,484680.3568,9878.7574,9483.6071,395.1503,0.01770420,0.01699603,395.1503,9483.6071,0.01699603,395.1503,395.1503,395.1503,0.0000,0.0000,9483.6071,0.01699603,1185.4509,1138.6651,8693.3065,8740.0923,0.01557970,0.01566354,0.00070817,22.4534,20.6030,0.4031,82.3230,2.6463,4649.9123,204.2083,25.9152,21.1137,12.8578,14.5296,26.176,48.8436,54.2173,102.8621,13.088,0.0,3.731508,7.079487,1.545355,30,207,63,6,0.32204186,0.01770420,-0.00338982,0E-8,0.000000,0.904812,0.002133,0.03111404,2026-03-21,2026-08-06,120,3733,1703,139,0.863309,1.227414,1.154177,1.073473,,,,,,,,GLOBAL_BASELINE_NO_ENTITY_RANKING,,,NOT_APPLICABLE_GLOBAL_BASELINE,HF9g-P5,,,,X 全窗基线 · 不参与实体赏罚,15052065,1506,A168_HF9F_20260827_0900,2026-08-27 09:00:00
2026-04-14,127529701,2218,0,13.0879773840,-5.2351909536,-5.2351909536,0E-7,2,2,0.49994810000000000,0.499948100000,-0.9998962053866608,-0.9998962053866608,-0.9998962053866608,0E-17,ELIGIBLE,R03b_20260811_FULL_v1,L1_ELIGIBILITY,v2026-08-11,2026-03-21..2026-08-06,baccarat_bet02_101_all_pairs_incl_sentinel,round_win = game_pnl > 0 (decisive only),COMPATIBILITY_ONLY_NOT_PRODUCTION,557989.4742,504875.3716,9878.7574,24851,24505,-0.01770420,0.00338982,-0.02772422,-0.01770420,-9878.7574,557989.4742,OK,0.0000,395.1503,4.0000,96.0000,AG03-UNRESOLVED,ALL5_LEVELS_bet23_to_bet27,395.1503,395.1503,395.1503,0.0000,0.0000,4.000000,4.000000,4.000000,0.000000,0.000000,96.000000,96.000000,96.000000,100.000000,100.000000,5.0,1185.4509,1138.6651,8693.3065,8740.0923,PENDING_AG03,FALSE,NOT_FOR_ENFORCEMENT,9483.6071,484680.3568,9878.7574,9483.6071,395.1503,0.01770420,0.01699603,395.1503,9483.6071,0.01699603,395.1503,395.1503,395.1503,0.0000,0.0000,9483.6071,0.01699603,1185.4509,1138.6651,8693.3065,8740.0923,0.01557970,0.01566354,0.00070817,22.4534,20.6030,0.4031,82.3230,2.6463,4649.9123,204.2083,25.9152,21.1137,12.8578,14.5296,26.176,48.8436,54.2173,102.8621,13.088,0.0,3.731508,7.079487,1.545355,30,207,63,6,0.32204186,0.01770420,-0.00338982,0E-8,0.000000,0.904812,0.002133,0.03111404,2026-03-21,2026-08-06,120,3733,1703,139,0.863309,1.227414,1.154177,1.073473,,,,,,,,GLOBAL_BASELINE_NO_ENTITY_RANKING,,,NOT_APPLICABLE_GLOBAL_BASELINE,HF9g-P5,,,,X 全窗基线 · 不参与实体赏罚,15052066,1506,A168_HF9F_20260827_0900,2026-08-27 09:00:00
2026-04-14,127529701,2229,0,119.6241132896,-11.2556605502,-11.2556605502,0.5000000,11,11,0.49933877272727273,0.499338772727,0.00418197212257692,0.0041819721243018205,0.00418197212257692,2.7273E-13,ELIGIBLE,R03b_20260811_FULL_v1,L1_ELIGIBILITY,v2026-08-11,2026-03-21..2026-08-06,baccarat_bet02_101_all_pairs_incl_sentinel,round_win = game_pnl > 0 (decisive only),COMPATIBILITY_ONLY_NOT_PRODUCTION,557989.4742,504875.3716,9878.7574,24851,24505,-0.01770420,0.00338982,-0.02772422,-0.01770420,-9878.7574,557989.4742,OK,0.0000,395.1503,4.0000,96.0000,AG03-UNRESOLVED,ALL5_LEVELS_bet23_to_bet27,395.1503,395.1503,395.1503,0.0000,0.0000,4.000000,4.000000,4.000000,0.000000,0.000000,96.000000,96.000000,96.000000,100.000000,100.000000,5.0,1185.4509,1138.6651,8693.3065,8740.0923,PENDING_AG03,FALSE,NOT_FOR_ENFORCEMENT,9483.6071,484680.3568,9878.7574,9483.6071,395.1503,0.01770420,0.01699603,395.1503,9483.6071,0.01699603,395.1503,395.1503,395.1503,0.0000,0.0000,9483.6071,0.01699603,1185.4509,1138.6651,8693.3065,8740.0923,0.01557970,0.01566354,0.00070817,22.4534,20.6030,0.4031,82.3230,2.6463,4649.9123,204.2083,25.9152,21.1137,12.8578,14.5296,26.176,48.8436,54.2173,102.8621,13.088,0.0,3.731508,7.079487,1.545355,30,207,63,6,0.32204186,0.01770420,-0.00338982,0E-8,0.000000,0.904812,0.002133,0.03111404,2026-03-21,2026-08-06,120,3733,1703,139,0.863309,1.227414,1.154177,1.073473,,,,,,,,GLOBAL_BASELINE_NO_ENTITY_RANKING,,,NOT_APPLICABLE_GLOBAL_BASELINE,HF9g-P5,,,,X 全窗基线 · 不参与实体赏罚,15052067,1506,A168_HF9F_20260827_0900,2026-08-27 09:00:00
2026-04-14,127529701,2258,0,248.1480512004,-101.8768159571,-101.8768159571,0.3529412,19,18,0.48924705833333333,0.489247058333,-1.124267115161308,-1.1242671151585746,-1.124267115161308,3.3333E-13,ELIGIBLE,R03b_20260811_FULL_v1,L1_ELIGIBILITY,v2026-08-11,2026-03-21..2026-08-06,baccarat_bet02_101_all_pairs_incl_sentinel,round_win = game_pnl > 0 (decisive only),COMPATIBILITY_ONLY_NOT_PRODUCTION,557989.4742,504875.3716,9878.7574,24851,24505,-0.01770420,0.00338982,-0.02772422,-0.01770420,-9878.7574,557989.4742,OK,0.0000,395.1503,4.0000,96.0000,AG03-UNRESOLVED,ALL5_LEVELS_bet23_to_bet27,395.1503,395.1503,395.1503,0.0000,0.0000,4.000000,4.000000,4.000000,0.000000,0.000000,96.000000,96.000000,96.000000,100.000000,100.000000,5.0,1185.4509,1138.6651,8693.3065,8740.0923,PENDING_AG03,FALSE,NOT_FOR_ENFORCEMENT,9483.6071,484680.3568,9878.7574,9483.6071,395.1503,0.01770420,0.01699603,395.1503,9483.6071,0.01699603,395.1503,395.1503,395.1503,0.0000,0.0000,9483.6071,0.01699603,1185.4509,1138.6651,8693.3065,8740.0923,0.01557970,0.01566354,0.00070817,22.4534,20.6030,0.4031,82.3230,2.6463,4649.9123,204.2083,25.9152,21.1137,12.8578,14.5296,26.176,48.8436,54.2173,102.8621,13.088,0.0,3.731508,7.079487,1.545355,30,207,63,6,0.32204186,0.01770420,-0.00338982,0E-8,0.000000,0.904812,0.002133,0.03111404,2026-03-21,2026-08-06,120,3733,1703,139,0.863309,1.227414,1.154177,1.073473,,,,,,,,GLOBAL_BASELINE_NO_ENTITY_RANKING,,,NOT_APPLICABLE_GLOBAL_BASELINE,HF9g-P5,,,,X 全窗基线 · 不参与实体赏罚,15052068,1506,A168_HF9F_20260827_0900,2026-08-27 09:00:00
2026-04-14,127529701,462,0,85.0718529960,5.2351909536,5.2351909536,0.4000000,7,7,0.50090561428571429,0.500905614286,-0.4512643659064873,-0.4512643659077655,-0.4512643659064873,-2.8571E-13,ELIGIBLE,R03b_20260811_FULL_v1,L1_ELIGIBILITY,v2026-08-11,2026-03-21..2026-08-06,baccarat_bet02_101_all_pairs_incl_sentinel,round_win = game_pnl > 0 (decisive only),COMPATIBILITY_ONLY_NOT_PRODUCTION,557989.4742,504875.3716,9878.7574,24851,24505,-0.01770420,0.00338982,-0.02772422,-0.01770420,-9878.7574,557989.4742,OK,0.0000,395.1503,4.0000,96.0000,AG03-UNRESOLVED,ALL5_LEVELS_bet23_to_bet27,395.1503,395.1503,395.1503,0.0000,0.0000,4.000000,4.000000,4.000000,0.000000,0.000000,96.000000,96.000000,96.000000,100.000000,100.000000,5.0,1185.4509,1138.6651,8693.3065,8740.0923,PENDING_AG03,FALSE,NOT_FOR_ENFORCEMENT,9483.6071,484680.3568,9878.7574,9483.6071,395.1503,0.01770420,0.01699603,395.1503,9483.6071,0.01699603,395.1503,395.1503,395.1503,0.0000,0.0000,9483.6071,0.01699603,1185.4509,1138.6651,8693.3065,8740.0923,0.01557970,0.01566354,0.00070817,22.4534,20.6030,0.4031,82.3230,2.6463,4649.9123,204.2083,25.9152,21.1137,12.8578,14.5296,26.176,48.8436,54.2173,102.8621,13.088,0.0,3.731508,7.079487,1.545355,30,207,63,6,0.32204186,0.01770420,-0.00338982,0E-8,0.000000,0.904812,0.002133,0.03111404,2026-03-21,2026-08-06,120,3733,1703,139,0.863309,1.227414,1.154177,1.073473,,,,,,,,GLOBAL_BASELINE_NO_ENTITY_RANKING,,,NOT_APPLICABLE_GLOBAL_BASELINE,HF9g-P5,,,,X 全窗基线 · 不参与实体赏罚,15052069,1506,A168_HF9F_20260827_0900,2026-08-27 09:00:00
2026-04-16,127529701,-1,1,338.4550951501,-71.8268198833,-71.8268198833,0.3928571,31,30,0.47928869285714286,0.476441245000,-0.9154912991984109,-0.8855545294792075,-0.9154912991984109,0.00284744785714286,SENTINEL_DEALER,R03b_20260811_FULL_v1,L1_ELIGIBILITY,v2026-08-11,2026-03-21..2026-08-06,baccarat_bet02_101_all_pairs_incl_sentinel,round_win = game_pnl > 0 (decisive only),COMPATIBILITY_ONLY_NOT_PRODUCTION,557989.4742,504875.3716,9878.7574,24851,24505,-0.01770420,0.00338982,-0.02772422,-0.01770420,-9878.7574,557989.4742,OK,0.0000,395.1503,4.0000,96.0000,AG03-UNRESOLVED,ALL5_LEVELS_bet23_to_bet27,395.1503,395.1503,395.1503,0.0000,0.0000,4.000000,4.000000,4.000000,0.000000,0.000000,96.000000,96.000000,96.000000,100.000000,100.000000,5.0,1185.4509,1138.6651,8693.3065,8740.0923,PENDING_AG03,FALSE,NOT_FOR_ENFORCEMENT,9483.6071,484680.3568,9878.7574,9483.6071,395.1503,0.01770420,0.01699603,395.1503,9483.6071,0.01699603,395.1503,395.1503,395.1503,0.0000,0.0000,9483.6071,0.01699603,1185.4509,1138.6651,8693.3065,8740.0923,0.01557970,0.01566354,0.00070817,22.4534,20.6030,0.4031,82.3230,2.6463,4649.9123,204.2083,25.9152,21.1137,12.8578,14.5296,26.176,48.8436,54.2173,102.8621,13.088,0.0,3.731508,7.079487,1.545355,30,207,63,6,0.32204186,0.01770420,-0.00338982,0E-8,0.000000,0.904812,0.002133,0.03111404,2026-03-21,2026-08-06,120,3733,1703,139,0.863309,1.227414,1.154177,1.073473,,,,,,,,GLOBAL_BASELINE_NO_ENTITY_RANKING,,,NOT_APPLICABLE_GLOBAL_BASELINE,HF9g-P5,,,,X 全窗基线 · 不参与实体赏罚,15052070,1506,A168_HF9F_20260827_0900,2026-08-27 09:00:00
2026-04-16,127529701,1210,0,5.2351909536,5.2351909536,5.2351909536,1.0000000,1,1,0.49324550000000000,0.493245500000,1.01360149184955,1.01360149184955,1.01360149184955,0E-17,ELIGIBLE,R03b_20260811_FULL_v1,L1_ELIGIBILITY,v2026-08-11,2026-03-21..2026-08-06,baccarat_bet02_101_all_pairs_incl_sentinel,round_win = game_pnl > 0 (decisive only),COMPATIBILITY_ONLY_NOT_PRODUCTION,557989.4742,504875.3716,9878.7574,24851,24505,-0.01770420,0.00338982,-0.02772422,-0.01770420,-9878.7574,557989.4742,OK,0.0000,395.1503,4.0000,96.0000,AG03-UNRESOLVED,ALL5_LEVELS_bet23_to_bet27,395.1503,395.1503,395.1503,0.0000,0.0000,4.000000,4.000000,4.000000,0.000000,0.000000,96.000000,96.000000,96.000000,100.000000,100.000000,5.0,1185.4509,1138.6651,8693.3065,8740.0923,PENDING_AG03,FALSE,NOT_FOR_ENFORCEMENT,9483.6071,484680.3568,9878.7574,9483.6071,395.1503,0.01770420,0.01699603,395.1503,9483.6071,0.01699603,395.1503,395.1503,395.1503,0.0000,0.0000,9483.6071,0.01699603,1185.4509,1138.6651,8693.3065,8740.0923,0.01557970,0.01566354,0.00070817,22.4534,20.6030,0.4031,82.3230,2.6463,4649.9123,204.2083,25.9152,21.1137,12.8578,14.5296,26.176,48.8436,54.2173,102.8621,13.088,0.0,3.731508,7.079487,1.545355,30,207,63,6,0.32204186,0.01770420,-0.00338982,0E-8,0.000000,0.904812,0.002133,0.03111404,2026-03-21,2026-08-06,120,3733,1703,139,0.863309,1.227414,1.154177,1.073473,,,,,,,,GLOBAL_BASELINE_NO_ENTITY_RANKING,,,NOT_APPLICABLE_GLOBAL_BASELINE,HF9g-P5,,,,X 全窗基线 · 不参与实体赏罚,15052071,1506,A168_HF9F_20260827_0900,2026-08-27 09:00:00
2026-04-16,127529701,1307,0,39.2639321520,-39.2639321520,-39.2639321520,0E-7,3,3,0.49771390000000000,0.497713900000,-1.724149546644903,-1.724149546644903,-1.724149546644903,0E-17,ELIGIBLE,R03b_20260811_FULL_v1,L1_ELIGIBILITY,v2026-08-11,2026-03-21..2026-08-06,baccarat_bet02_101_all_pairs_incl_sentinel,round_win = game_pnl > 0 (decisive only),COMPATIBILITY_ONLY_NOT_PRODUCTION,557989.4742,504875.3716,9878.7574,24851,24505,-0.01770420,0.00338982,-0.02772422,-0.01770420,-9878.7574,557989.4742,OK,0.0000,395.1503,4.0000,96.0000,AG03-UNRESOLVED,ALL5_LEVELS_bet23_to_bet27,395.1503,395.1503,395.1503,0.0000,0.0000,4.000000,4.000000,4.000000,0.000000,0.000000,96.000000,96.000000,96.000000,100.000000,100.000000,5.0,1185.4509,1138.6651,8693.3065,8740.0923,PENDING_AG03,FALSE,NOT_FOR_ENFORCEMENT,9483.6071,484680.3568,9878.7574,9483.6071,395.1503,0.01770420,0.01699603,395.1503,9483.6071,0.01699603,395.1503,395.1503,395.1503,0.0000,0.0000,9483.6071,0.01699603,1185.4509,1138.6651,8693.3065,8740.0923,0.01557970,0.01566354,0.00070817,22.4534,20.6030,0.4031,82.3230,2.6463,4649.9123,204.2083,25.9152,21.1137,12.8578,14.5296,26.176,48.8436,54.2173,102.8621,13.088,0.0,3.731508,7.079487,1.545355,30,207,63,6,0.32204186,0.01770420,-0.00338982,0E-8,0.000000,0.904812,0.002133,0.03111404,2026-03-21,2026-08-06,120,3733,1703,139,0.863309,1.227414,1.154177,1.073473,,,,,,,,GLOBAL_BASELINE_NO_ENTITY_RANKING,,,NOT_APPLICABLE_GLOBAL_BASELINE,HF9g-P5,,,,X 全窗基线 · 不参与实体赏罚,15052072,1506,A168_HF9F_20260827_0900,2026-08-27 09:00:00
2026-04-16,127529701,1363,0,5.2351909536,4.9734314059,4.9734314059,1.0000000,1,1,0.50665070000000000,0.506650700000,0.9867858985152569,0.9867858985152569,0.9867858985152569,0E-17,ELIGIBLE,R03b_20260811_FULL_v1,L1_ELIGIBILITY,v2026-08-11,2026-03-21..2026-08-06,baccarat_bet02_101_all_pairs_incl_sentinel,round_win = game_pnl > 0 (decisive only),COMPATIBILITY_ONLY_NOT_PRODUCTION,557989.4742,504875.3716,9878.7574,24851,24505,-0.01770420,0.00338982,-0.02772422,-0.01770420,-9878.7574,557989.4742,OK,0.0000,395.1503,4.0000,96.0000,AG03-UNRESOLVED,ALL5_LEVELS_bet23_to_bet27,395.1503,395.1503,395.1503,0.0000,0.0000,4.000000,4.000000,4.000000,0.000000,0.000000,96.000000,96.000000,96.000000,100.000000,100.000000,5.0,1185.4509,1138.6651,8693.3065,8740.0923,PENDING_AG03,FALSE,NOT_FOR_ENFORCEMENT,9483.6071,484680.3568,9878.7574,9483.6071,395.1503,0.01770420,0.01699603,395.1503,9483.6071,0.01699603,395.1503,395.1503,395.1503,0.0000,0.0000,9483.6071,0.01699603,1185.4509,1138.6651,8693.3065,8740.0923,0.01557970,0.01566354,0.00070817,22.4534,20.6030,0.4031,82.3230,2.6463,4649.9123,204.2083,25.9152,21.1137,12.8578,14.5296,26.176,48.8436,54.2173,102.8621,13.088,0.0,3.731508,7.079487,1.545355,30,207,63,6,0.32204186,0.01770420,-0.00338982,0E-8,0.000000,0.904812,0.002133,0.03111404,2026-03-21,2026-08-06,120,3733,1703,139,0.863309,1.227414,1.154177,1.073473,,,,,,,,GLOBAL_BASELINE_NO_ENTITY_RANKING,,,NOT_APPLICABLE_GLOBAL_BASELINE,HF9g-P5,,,,X 全窗基线 · 不参与实体赏罚,15052073,1506,A168_HF9F_20260827_0900,2026-08-27 09:00:00
2026-04-16,127529701,1374,0,158.3645263462,16.9489307120,16.9489307120,0.5555556,10,10,0.50128862000000000,0.501288620000,0.3256026946887059,0.3256026946887059,0.3256026946887059,0E-17,ELIGIBLE,R03b_20260811_FULL_v1,L1_ELIGIBILITY,v2026-08-11,2026-03-21..2026-08-06,baccarat_bet02_101_all_pairs_incl_sentinel,round_win = game_pnl > 0 (decisive only),COMPATIBILITY_ONLY_NOT_PRODUCTION,557989.4742,504875.3716,9878.7574,24851,24505,-0.01770420,0.00338982,-0.02772422,-0.01770420,-9878.7574,557989.4742,OK,0.0000,395.1503,4.0000,96.0000,AG03-UNRESOLVED,ALL5_LEVELS_bet23_to_bet27,395.1503,395.1503,395.1503,0.0000,0.0000,4.000000,4.000000,4.000000,0.000000,0.000000,96.000000,96.000000,96.000000,100.000000,100.000000,5.0,1185.4509,1138.6651,8693.3065,8740.0923,PENDING_AG03,FALSE,NOT_FOR_ENFORCEMENT,9483.6071,484680.3568,9878.7574,9483.6071,395.1503,0.01770420,0.01699603,395.1503,9483.6071,0.01699603,395.1503,395.1503,395.1503,0.0000,0.0000,9483.6071,0.01699603,1185.4509,1138.6651,8693.3065,8740.0923,0.01557970,0.01566354,0.00070817,22.4534,20.6030,0.4031,82.3230,2.6463,4649.9123,204.2083,25.9152,21.1137,12.8578,14.5296,26.176,48.8436,54.2173,102.8621,13.088,0.0,3.731508,7.079487,1.545355,30,207,63,6,0.32204186,0.01770420,-0.00338982,0E-8,0.000000,0.904812,0.002133,0.03111404,2026-03-21,2026-08-06,120,3733,1703,139,0.863309,1.227414,1.154177,1.073473,,,,,,,,GLOBAL_BASELINE_NO_ENTITY_RANKING,,,NOT_APPLICABLE_GLOBAL_BASELINE,HF9g-P5,,,,X 全窗基线 · 不参与实体赏罚,15052074,1506,A168_HF9F_20260827_0900,2026-08-27 09:00:00
2026-04-16,127529701,1385,0,10.4703819072,-10.4703819072,-10.4703819072,0E-7,1,1,0.50665070000000000,0.506650700000,-1.013391052207602,-1.013391052207602,-1.013391052207602,0E-17,ELIGIBLE,R03b_20260811_FULL_v1,L1_ELIGIBILITY,v2026-08-11,2026-03-21..2026-08-06,baccarat_bet02_101_all_pairs_incl_sentinel,round_win = game_pnl > 0 (decisive only),COMPATIBILITY_ONLY_NOT_PRODUCTION,557989.4742,504875.3716,9878.7574,24851,24505,-0.01770420,0.00338982,-0.02772422,-0.01770420,-9878.7574,557989.4742,OK,0.0000,395.1503,4.0000,96.0000,AG03-UNRESOLVED,ALL5_LEVELS_bet23_to_bet27,395.1503,395.1503,395.1503,0.0000,0.0000,4.000000,4.000000,4.000000,0.000000,0.000000,96.000000,96.000000,96.000000,100.000000,100.000000,5.0,1185.4509,1138.6651,8693.3065,8740.0923,PENDING_AG03,FALSE,NOT_FOR_ENFORCEMENT,9483.6071,484680.3568,9878.7574,9483.6071,395.1503,0.01770420,0.01699603,395.1503,9483.6071,0.01699603,395.1503,395.1503,395.1503,0.0000,0.0000,9483.6071,0.01699603,1185.4509,1138.6651,8693.3065,8740.0923,0.01557970,0.01566354,0.00070817,22.4534,20.6030,0.4031,82.3230,2.6463,4649.9123,204.2083,25.9152,21.1137,12.8578,14.5296,26.176,48.8436,54.2173,102.8621,13.088,0.0,3.731508,7.079487,1.545355,30,207,63,6,0.32204186,0.01770420,-0.00338982,0E-8,0.000000,0.904812,0.002133,0.03111404,2026-03-21,2026-08-06,120,3733,1703,139,0.863309,1.227414,1.154177,1.073473,,,,,,,,GLOBAL_BASELINE_NO_ENTITY_RANKING,,,NOT_APPLICABLE_GLOBAL_BASELINE,HF9g-P5,,,,X 全窗基线 · 不参与实体赏罚,15052075,1506,A168_HF9F_20260827_0900,2026-08-27 09:00:00
2026-04-16,127529701,2145,0,5.2351909536,-5.2351909536,-5.2351909536,0E-7,1,1,0.49324550000000000,0.493245500000,-0.9865810262130424,-0.9865810262130424,-0.9865810262130424,0E-17,ELIGIBLE,R03b_20260811_FULL_v1,L1_ELIGIBILITY,v2026-08-11,2026-03-21..2026-08-06,baccarat_bet02_101_all_pairs_incl_sentinel,round_win = game_pnl > 0 (decisive only),COMPATIBILITY_ONLY_NOT_PRODUCTION,557989.4742,504875.3716,9878.7574,24851,24505,-0.01770420,0.00338982,-0.02772422,-0.01770420,-9878.7574,557989.4742,OK,0.0000,395.1503,4.0000,96.0000,AG03-UNRESOLVED,ALL5_LEVELS_bet23_to_bet27,395.1503,395.1503,395.1503,0.0000,0.0000,4.000000,4.000000,4.000000,0.000000,0.000000,96.000000,96.000000,96.000000,100.000000,100.000000,5.0,1185.4509,1138.6651,8693.3065,8740.0923,PENDING_AG03,FALSE,NOT_FOR_ENFORCEMENT,9483.6071,484680.3568,9878.7574,9483.6071,395.1503,0.01770420,0.01699603,395.1503,9483.6071,0.01699603,395.1503,395.1503,395.1503,0.0000,0.0000,9483.6071,0.01699603,1185.4509,1138.6651,8693.3065,8740.0923,0.01557970,0.01566354,0.00070817,22.4534,20.6030,0.4031,82.3230,2.6463,4649.9123,204.2083,25.9152,21.1137,12.8578,14.5296,26.176,48.8436,54.2173,102.8621,13.088,0.0,3.731508,7.079487,1.545355,30,207,63,6,0.32204186,0.01770420,-0.00338982,0E-8,0.000000,0.904812,0.002133,0.03111404,2026-03-21,2026-08-06,120,3733,1703,139,0.863309,1.227414,1.154177,1.073473,,,,,,,,GLOBAL_BASELINE_NO_ENTITY_RANKING,,,NOT_APPLICABLE_GLOBAL_BASELINE,HF9g-P5,,,,X 全窗基线 · 不参与实体赏罚,15052076,1506,A168_HF9F_20260827_0900,2026-08-27 09:00:00
2026-04-16,127529701,2196,0,74.3397115411,-18.1922885638,-18.1922885638,0.2857143,7,7,0.50665070000000000,0.506650700000,-1.169189050789051,-1.169189050789051,-1.169189050789051,0E-17,ELIGIBLE,R03b_20260811_FULL_v1,L1_ELIGIBILITY,v2026-08-11,2026-03-21..2026-08-06,baccarat_bet02_101_all_pairs_incl_sentinel,round_win = game_pnl > 0 (decisive only),COMPATIBILITY_ONLY_NOT_PRODUCTION,557989.4742,504875.3716,9878.7574,24851,24505,-0.01770420,0.00338982,-0.02772422,-0.01770420,-9878.7574,557989.4742,OK,0.0000,395.1503,4.0000,96.0000,AG03-UNRESOLVED,ALL5_LEVELS_bet23_to_bet27,395.1503,395.1503,395.1503,0.0000,0.0000,4.000000,4.000000,4.000000,0.000000,0.000000,96.000000,96.000000,96.000000,100.000000,100.000000,5.0,1185.4509,1138.6651,8693.3065,8740.0923,PENDING_AG03,FALSE,NOT_FOR_ENFORCEMENT,9483.6071,484680.3568,9878.7574,9483.6071,395.1503,0.01770420,0.01699603,395.1503,9483.6071,0.01699603,395.1503,395.1503,395.1503,0.0000,0.0000,9483.6071,0.01699603,1185.4509,1138.6651,8693.3065,8740.0923,0.01557970,0.01566354,0.00070817,22.4534,20.6030,0.4031,82.3230,2.6463,4649.9123,204.2083,25.9152,21.1137,12.8578,14.5296,26.176,48.8436,54.2173,102.8621,13.088,0.0,3.731508,7.079487,1.545355,30,207,63,6,0.32204186,0.01770420,-0.00338982,0E-8,0.000000,0.904812,0.002133,0.03111404,2026-03-21,2026-08-06,120,3733,1703,139,0.863309,1.227414,1.154177,1.073473,,,,,,,,GLOBAL_BASELINE_NO_ENTITY_RANKING,,,NOT_APPLICABLE_GLOBAL_BASELINE,HF9g-P5,,,,X 全窗基线 · 不参与实体赏罚,15052077,1506,A168_HF9F_20260827_0900,2026-08-27 09:00:00
2026-04-16,127529701,2248,0,39.2639321519,-39.2639321519,-39.2639321519,0E-7,1,1,0.49324550000000000,0.493245500000,-0.9865810262130424,-0.9865810262130424,-0.9865810262130424,0E-17,ELIGIBLE,R03b_20260811_FULL_v1,L1_ELIGIBILITY,v2026-08-11,2026-03-21..2026-08-06,baccarat_bet02_101_all_pairs_incl_sentinel,round_win = game_pnl > 0 (decisive only),COMPATIBILITY_ONLY_NOT_PRODUCTION,557989.4742,504875.3716,9878.7574,24851,24505,-0.01770420,0.00338982,-0.02772422,-0.01770420,-9878.7574,557989.4742,OK,0.0000,395.1503,4.0000,96.0000,AG03-UNRESOLVED,ALL5_LEVELS_bet23_to_bet27,395.1503,395.1503,395.1503,0.0000,0.0000,4.000000,4.000000,4.000000,0.000000,0.000000,96.000000,96.000000,96.000000,100.000000,100.000000,5.0,1185.4509,1138.6651,8693.3065,8740.0923,PENDING_AG03,FALSE,NOT_FOR_ENFORCEMENT,9483.6071,484680.3568,9878.7574,9483.6071,395.1503,0.01770420,0.01699603,395.1503,9483.6071,0.01699603,395.1503,395.1503,395.1503,0.0000,0.0000,9483.6071,0.01699603,1185.4509,1138.6651,8693.3065,8740.0923,0.01557970,0.01566354,0.00070817,22.4534,20.6030,0.4031,82.3230,2.6463,4649.9123,204.2083,25.9152,21.1137,12.8578,14.5296,26.176,48.8436,54.2173,102.8621,13.088,0.0,3.731508,7.079487,1.545355,30,207,63,6,0.32204186,0.01770420,-0.00338982,0E-8,0.000000,0.904812,0.002133,0.03111404,2026-03-21,2026-08-06,120,3733,1703,139,0.863309,1.227414,1.154177,1.073473,,,,,,,,GLOBAL_BASELINE_NO_ENTITY_RANKING,,,NOT_APPLICABLE_GLOBAL_BASELINE,HF9g-P5,,,,X 全窗基线 · 不参与实体赏罚,15052078,1506,A168_HF9F_20260827_0900,2026-08-27 09:00:00
2026-04-18,127529701,-1,1,449.4411433662,82.9908645918,82.9908645918,0.5581395,45,45,0.49979915333333333,0.499799153333,0.7651269927314835,0.7651269927358554,0.7651269927314835,3.3333E-13,SENTINEL_DEALER,R03b_20260811_FULL_v1,L1_ELIGIBILITY,v2026-08-11,2026-03-21..2026-08-06,baccarat_bet02_101_all_pairs_incl_sentinel,round_win = game_pnl > 0 (decisive only),COMPATIBILITY_ONLY_NOT_PRODUCTION,557989.4742,504875.3716,9878.7574,24851,24505,-0.01770420,0.00338982,-0.02772422,-0.01770420,-9878.7574,557989.4742,OK,0.0000,395.1503,4.0000,96.0000,AG03-UNRESOLVED,ALL5_LEVELS_bet23_to_bet27,395.1503,395.1503,395.1503,0.0000,0.0000,4.000000,4.000000,4.000000,0.000000,0.000000,96.000000,96.000000,96.000000,100.000000,100.000000,5.0,1185.4509,1138.6651,8693.3065,8740.0923,PENDING_AG03,FALSE,NOT_FOR_ENFORCEMENT,9483.6071,484680.3568,9878.7574,9483.6071,395.1503,0.01770420,0.01699603,395.1503,9483.6071,0.01699603,395.1503,395.1503,395.1503,0.0000,0.0000,9483.6071,0.01699603,1185.4509,1138.6651,8693.3065,8740.0923,0.01557970,0.01566354,0.00070817,22.4534,20.6030,0.4031,82.3230,2.6463,4649.9123,204.2083,25.9152,21.1137,12.8578,14.5296,26.176,48.8436,54.2173,102.8621,13.088,0.0,3.731508,7.079487,1.545355,30,207,63,6,0.32204186,0.01770420,-0.00338982,0E-8,0.000000,0.904812,0.002133,0.03111404,2026-03-21,2026-08-06,120,3733,1703,139,0.863309,1.227414,1.154177,1.073473,,,,,,,,GLOBAL_BASELINE_NO_ENTITY_RANKING,,,NOT_APPLICABLE_GLOBAL_BASELINE,HF9g-P5,,,,X 全窗基线 · 不参与实体赏罚,15052079,1506,A168_HF9F_20260827_0900,2026-08-27 09:00:00
2026-04-18,127529701,1396,0,21.7260424574,6.3476690312,6.3476690312,0.6666667,3,3,0.50218230000000000,0.502182300000,0.5697959874915163,0.5697959874915164,0.5697959874915163,0E-17,ELIGIBLE,R03b_20260811_FULL_v1,L1_ELIGIBILITY,v2026-08-11,2026-03-21..2026-08-06,baccarat_bet02_101_all_pairs_incl_sentinel,round_win = game_pnl > 0 (decisive only),COMPATIBILITY_ONLY_NOT_PRODUCTION,557989.4742,504875.3716,9878.7574,24851,24505,-0.01770420,0.00338982,-0.02772422,-0.01770420,-9878.7574,557989.4742,OK,0.0000,395.1503,4.0000,96.0000,AG03-UNRESOLVED,ALL5_LEVELS_bet23_to_bet27,395.1503,395.1503,395.1503,0.0000,0.0000,4.000000,4.000000,4.000000,0.000000,0.000000,96.000000,96.000000,96.000000,100.000000,100.000000,5.0,1185.4509,1138.6651,8693.3065,8740.0923,PENDING_AG03,FALSE,NOT_FOR_ENFORCEMENT,9483.6071,484680.3568,9878.7574,9483.6071,395.1503,0.01770420,0.01699603,395.1503,9483.6071,0.01699603,395.1503,395.1503,395.1503,0.0000,0.0000,9483.6071,0.01699603,1185.4509,1138.6651,8693.3065,8740.0923,0.01557970,0.01566354,0.00070817,22.4534,20.6030,0.4031,82.3230,2.6463,4649.9123,204.2083,25.9152,21.1137,12.8578,14.5296,26.176,48.8436,54.2173,102.8621,13.088,0.0,3.731508,7.079487,1.545355,30,207,63,6,0.32204186,0.01770420,-0.00338982,0E-8,0.000000,0.904812,0.002133,0.03111404,2026-03-21,2026-08-06,120,3733,1703,139,0.863309,1.227414,1.154177,1.073473,,,,,,,,GLOBAL_BASELINE_NO_ENTITY_RANKING,,,NOT_APPLICABLE_GLOBAL_BASELINE,HF9g-P5,,,,X 全窗基线 · 不参与实体赏罚,15052080,1506,A168_HF9F_20260827_0900,2026-08-27 09:00:00
2026-04-18,127529701,2103,0,185.8492788526,48.8312436198,48.8312436198,0.7272727,13,13,0.49840134615384615,0.498401346154,1.5181687528132608,1.518168752812239,1.5181687528132608,-1.5385E-13,ELIGIBLE,R03b_20260811_FULL_v1,L1_ELIGIBILITY,v2026-08-11,2026-03-21..2026-08-06,baccarat_bet02_101_all_pairs_incl_sentinel,round_win = game_pnl > 0 (decisive only),COMPATIBILITY_ONLY_NOT_PRODUCTION,557989.4742,504875.3716,9878.7574,24851,24505,-0.01770420,0.00338982,-0.02772422,-0.01770420,-9878.7574,557989.4742,OK,0.0000,395.1503,4.0000,96.0000,AG03-UNRESOLVED,ALL5_LEVELS_bet23_to_bet27,395.1503,395.1503,395.1503,0.0000,0.0000,4.000000,4.000000,4.000000,0.000000,0.000000,96.000000,96.000000,96.000000,100.000000,100.000000,5.0,1185.4509,1138.6651,8693.3065,8740.0923,PENDING_AG03,FALSE,NOT_FOR_ENFORCEMENT,9483.6071,484680.3568,9878.7574,9483.6071,395.1503,0.01770420,0.01699603,395.1503,9483.6071,0.01699603,395.1503,395.1503,395.1503,0.0000,0.0000,9483.6071,0.01699603,1185.4509,1138.6651,8693.3065,8740.0923,0.01557970,0.01566354,0.00070817,22.4534,20.6030,0.4031,82.3230,2.6463,4649.9123,204.2083,25.9152,21.1137,12.8578,14.5296,26.176,48.8436,54.2173,102.8621,13.088,0.0,3.731508,7.079487,1.545355,30,207,63,6,0.32204186,0.01770420,-0.00338982,0E-8,0.000000,0.904812,0.002133,0.03111404,2026-03-21,2026-08-06,120,3733,1703,139,0.863309,1.227414,1.154177,1.073473,,,,,,,,GLOBAL_BASELINE_NO_ENTITY_RANKING,,,NOT_APPLICABLE_GLOBAL_BASELINE,HF9g-P5,,,,X 全窗基线 · 不参与实体赏罚,15052081,1506,A168_HF9F_20260827_0900,2026-08-27 09:00:00
2026-04-18,127529701,2160,0,2.6175954768,-2.6175954768,-2.6175954768,0E-7,1,1,0.50665070000000000,0.506650700000,-1.013391052207602,-1.013391052207602,-1.013391052207602,0E-17,ELIGIBLE,R03b_20260811_FULL_v1,L1_ELIGIBILITY,v2026-08-11,2026-03-21..2026-08-06,baccarat_bet02_101_all_pairs_incl_sentinel,round_win = game_pnl > 0 (decisive only),COMPATIBILITY_ONLY_NOT_PRODUCTION,557989.4742,504875.3716,9878.7574,24851,24505,-0.01770420,0.00338982,-0.02772422,-0.01770420,-9878.7574,557989.4742,OK,0.0000,395.1503,4.0000,96.0000,AG03-UNRESOLVED,ALL5_LEVELS_bet23_to_bet27,395.1503,395.1503,395.1503,0.0000,0.0000,4.000000,4.000000,4.000000,0.000000,0.000000,96.000000,96.000000,96.000000,100.000000,100.000000,5.0,1185.4509,1138.6651,8693.3065,8740.0923,PENDING_AG03,FALSE,NOT_FOR_ENFORCEMENT,9483.6071,484680.3568,9878.7574,9483.6071,395.1503,0.01770420,0.01699603,395.1503,9483.6071,0.01699603,395.1503,395.1503,395.1503,0.0000,0.0000,9483.6071,0.01699603,1185.4509,1138.6651,8693.3065,8740.0923,0.01557970,0.01566354,0.00070817,22.4534,20.6030,0.4031,82.3230,2.6463,4649.9123,204.2083,25.9152,21.1137,12.8578,14.5296,26.176,48.8436,54.2173,102.8621,13.088,0.0,3.731508,7.079487,1.545355,30,207,63,6,0.32204186,0.01770420,-0.00338982,0E-8,0.000000,0.904812,0.002133,0.03111404,2026-03-21,2026-08-06,120,3733,1703,139,0.863309,1.227414,1.154177,1.073473,,,,,,,,GLOBAL_BASELINE_NO_ENTITY_RANKING,,,NOT_APPLICABLE_GLOBAL_BASELINE,HF9g-P5,,,,X 全窗基线 · 不参与实体赏罚,15052082,1506,A168_HF9F_20260827_0900,2026-08-27 09:00:00
2026-04-18,127529701,2242,0,184.5404811142,-28.1129754207,-28.1129754207,0.5833333,15,14,0.49937359142857143,0.499469342857,0.5816906115743291,0.581027096952998,0.5816906115743291,-0.00009575142842857,ELIGIBLE,R03b_20260811_FULL_v1,L1_ELIGIBILITY,v2026-08-11,2026-03-21..2026-08-06,baccarat_bet02_101_all_pairs_incl_sentinel,round_win = game_pnl > 0 (decisive only),COMPATIBILITY_ONLY_NOT_PRODUCTION,557989.4742,504875.3716,9878.7574,24851,24505,-0.01770420,0.00338982,-0.02772422,-0.01770420,-9878.7574,557989.4742,OK,0.0000,395.1503,4.0000,96.0000,AG03-UNRESOLVED,ALL5_LEVELS_bet23_to_bet27,395.1503,395.1503,395.1503,0.0000,0.0000,4.000000,4.000000,4.000000,0.000000,0.000000,96.000000,96.000000,96.000000,100.000000,100.000000,5.0,1185.4509,1138.6651,8693.3065,8740.0923,PENDING_AG03,FALSE,NOT_FOR_ENFORCEMENT,9483.6071,484680.3568,9878.7574,9483.6071,395.1503,0.01770420,0.01699603,395.1503,9483.6071,0.01699603,395.1503,395.1503,395.1503,0.0000,0.0000,9483.6071,0.01699603,1185.4509,1138.6651,8693.3065,8740.0923,0.01557970,0.01566354,0.00070817,22.4534,20.6030,0.4031,82.3230,2.6463,4649.9123,204.2083,25.9152,21.1137,12.8578,14.5296,26.176,48.8436,54.2173,102.8621,13.088,0.0,3.731508,7.079487,1.545355,30,207,63,6,0.32204186,0.01770420,-0.00338982,0E-8,0.000000,0.904812,0.002133,0.03111404,2026-03-21,2026-08-06,120,3733,1703,139,0.863309,1.227414,1.154177,1.073473,,,,,,,,GLOBAL_BASELINE_NO_ENTITY_RANKING,,,NOT_APPLICABLE_GLOBAL_BASELINE,HF9g-P5,,,,X 全窗基线 · 不参与实体赏罚,15052083,1506,A168_HF9F_20260827_0900,2026-08-27 09:00:00
2026-04-18,127529701,2258,0,71.1985969688,51.6975106667,51.6975106667,1.0000000,4,4,0.49994810000000000,0.499948100000,1.4143603653603398,1.4143603653603398,1.4143603653603398,0E-17,ELIGIBLE,R03b_20260811_FULL_v1,L1_ELIGIBILITY,v2026-08-11,2026-03-21..2026-08-06,baccarat_bet02_101_all_pairs_incl_sentinel,round_win = game_pnl > 0 (decisive only),COMPATIBILITY_ONLY_NOT_PRODUCTION,557989.4742,504875.3716,9878.7574,24851,24505,-0.01770420,0.00338982,-0.02772422,-0.01770420,-9878.7574,557989.4742,OK,0.0000,395.1503,4.0000,96.0000,AG03-UNRESOLVED,ALL5_LEVELS_bet23_to_bet27,395.1503,395.1503,395.1503,0.0000,0.0000,4.000000,4.000000,4.000000,0.000000,0.000000,96.000000,96.000000,96.000000,100.000000,100.000000,5.0,1185.4509,1138.6651,8693.3065,8740.0923,PENDING_AG03,FALSE,NOT_FOR_ENFORCEMENT,9483.6071,484680.3568,9878.7574,9483.6071,395.1503,0.01770420,0.01699603,395.1503,9483.6071,0.01699603,395.1503,395.1503,395.1503,0.0000,0.0000,9483.6071,0.01699603,1185.4509,1138.6651,8693.3065,8740.0923,0.01557970,0.01566354,0.00070817,22.4534,20.6030,0.4031,82.3230,2.6463,4649.9123,204.2083,25.9152,21.1137,12.8578,14.5296,26.176,48.8436,54.2173,102.8621,13.088,0.0,3.731508,7.079487,1.545355,30,207,63,6,0.32204186,0.01770420,-0.00338982,0E-8,0.000000,0.904812,0.002133,0.03111404,2026-03-21,2026-08-06,120,3733,1703,139,0.863309,1.227414,1.154177,1.073473,,,,,,,,GLOBAL_BASELINE_NO_ENTITY_RANKING,,,NOT_APPLICABLE_GLOBAL_BASELINE,HF9g-P5,,,,X 全窗基线 · 不参与实体赏罚,15052084,1506,A168_HF9F_20260827_0900,2026-08-27 09:00:00
2026-04-18,127529701,919,0,43.9756040102,8.3763055258,8.3763055258,0.3333333,3,3,0.49771390000000000,0.497713900000,-0.5694369385616226,-0.5694369385616226,-0.5694369385616226,0E-17,ELIGIBLE,R03b_20260811_FULL_v1,L1_ELIGIBILITY,v2026-08-11,2026-03-21..2026-08-06,baccarat_bet02_101_all_pairs_incl_sentinel,round_win = game_pnl > 0 (decisive only),COMPATIBILITY_ONLY_NOT_PRODUCTION,557989.4742,504875.3716,9878.7574,24851,24505,-0.01770420,0.00338982,-0.02772422,-0.01770420,-9878.7574,557989.4742,OK,0.0000,395.1503,4.0000,96.0000,AG03-UNRESOLVED,ALL5_LEVELS_bet23_to_bet27,395.1503,395.1503,395.1503,0.0000,0.0000,4.000000,4.000000,4.000000,0.000000,0.000000,96.000000,96.000000,96.000000,100.000000,100.000000,5.0,1185.4509,1138.6651,8693.3065,8740.0923,PENDING_AG03,FALSE,NOT_FOR_ENFORCEMENT,9483.6071,484680.3568,9878.7574,9483.6071,395.1503,0.01770420,0.01699603,395.1503,9483.6071,0.01699603,395.1503,395.1503,395.1503,0.0000,0.0000,9483.6071,0.01699603,1185.4509,1138.6651,8693.3065,8740.0923,0.01557970,0.01566354,0.00070817,22.4534,20.6030,0.4031,82.3230,2.6463,4649.9123,204.2083,25.9152,21.1137,12.8578,14.5296,26.176,48.8436,54.2173,102.8621,13.088,0.0,3.731508,7.079487,1.545355,30,207,63,6,0.32204186,0.01770420,-0.00338982,0E-8,0.000000,0.904812,0.002133,0.03111404,2026-03-21,2026-08-06,120,3733,1703,139,0.863309,1.227414,1.154177,1.073473,,,,,,,,GLOBAL_BASELINE_NO_ENTITY_RANKING,,,NOT_APPLICABLE_GLOBAL_BASELINE,HF9g-P5,,,,X 全窗基线 · 不参与实体赏罚,15052085,1506,A168_HF9F_20260827_0900,2026-08-27 09:00:00
2026-04-19,127529701,-1,1,537.6541109342,-177.5122372591,-177.5122372591,0.3448276,36,34,0.49907814243697479,0.494238340196,-1.6613321574558069,-1.6093099195598142,-1.6613321574558069,0.00483980224097479,SENTINEL_DEALER,R03b_20260811_FULL_v1,L1_ELIGIBILITY,v2026-08-11,2026-03-21..2026-08-06,baccarat_bet02_101_all_pairs_incl_sentinel,round_win = game_pnl > 0 (decisive only),COMPATIBILITY_ONLY_NOT_PRODUCTION,557989.4742,504875.3716,9878.7574,24851,24505,-0.01770420,0.00338982,-0.02772422,-0.01770420,-9878.7574,557989.4742,OK,0.0000,395.1503,4.0000,96.0000,AG03-UNRESOLVED,ALL5_LEVELS_bet23_to_bet27,395.1503,395.1503,395.1503,0.0000,0.0000,4.000000,4.000000,4.000000,0.000000,0.000000,96.000000,96.000000,96.000000,100.000000,100.000000,5.0,1185.4509,1138.6651,8693.3065,8740.0923,PENDING_AG03,FALSE,NOT_FOR_ENFORCEMENT,9483.6071,484680.3568,9878.7574,9483.6071,395.1503,0.01770420,0.01699603,395.1503,9483.6071,0.01699603,395.1503,395.1503,395.1503,0.0000,0.0000,9483.6071,0.01699603,1185.4509,1138.6651,8693.3065,8740.0923,0.01557970,0.01566354,0.00070817,22.4534,20.6030,0.4031,82.3230,2.6463,4649.9123,204.2083,25.9152,21.1137,12.8578,14.5296,26.176,48.8436,54.2173,102.8621,13.088,0.0,3.731508,7.079487,1.545355,30,207,63,6,0.32204186,0.01770420,-0.00338982,0E-8,0.000000,0.904812,0.002133,0.03111404,2026-03-21,2026-08-06,120,3733,1703,139,0.863309,1.227414,1.154177,1.073473,,,,,,,,GLOBAL_BASELINE_NO_ENTITY_RANKING,,,NOT_APPLICABLE_GLOBAL_BASELINE,HF9g-P5,,,,X 全窗基线 · 不参与实体赏罚,15052086,1506,A168_HF9F_20260827_0900,2026-08-27 09:00:00
2026-04-19,127529701,1304,0,5.2351909536,4.9734314059,4.9734314059,1.0000000,1,1,0.50665070000000000,0.506650700000,0.9867858985152569,0.9867858985152569,0.9867858985152569,0E-17,ELIGIBLE,R03b_20260811_FULL_v1,L1_ELIGIBILITY,v2026-08-11,2026-03-21..2026-08-06,baccarat_bet02_101_all_pairs_incl_sentinel,round_win = game_pnl > 0 (decisive only),COMPATIBILITY_ONLY_NOT_PRODUCTION,557989.4742,504875.3716,9878.7574,24851,24505,-0.01770420,0.00338982,-0.02772422,-0.01770420,-9878.7574,557989.4742,OK,0.0000,395.1503,4.0000,96.0000,AG03-UNRESOLVED,ALL5_LEVELS_bet23_to_bet27,395.1503,395.1503,395.1503,0.0000,0.0000,4.000000,4.000000,4.000000,0.000000,0.000000,96.000000,96.000000,96.000000,100.000000,100.000000,5.0,1185.4509,1138.6651,8693.3065,8740.0923,PENDING_AG03,FALSE,NOT_FOR_ENFORCEMENT,9483.6071,484680.3568,9878.7574,9483.6071,395.1503,0.01770420,0.01699603,395.1503,9483.6071,0.01699603,395.1503,395.1503,395.1503,0.0000,0.0000,9483.6071,0.01699603,1185.4509,1138.6651,8693.3065,8740.0923,0.01557970,0.01566354,0.00070817,22.4534,20.6030,0.4031,82.3230,2.6463,4649.9123,204.2083,25.9152,21.1137,12.8578,14.5296,26.176,48.8436,54.2173,102.8621,13.088,0.0,3.731508,7.079487,1.545355,30,207,63,6,0.32204186,0.01770420,-0.00338982,0E-8,0.000000,0.904812,0.002133,0.03111404,2026-03-21,2026-08-06,120,3733,1703,139,0.863309,1.227414,1.154177,1.073473,,,,,,,,GLOBAL_BASELINE_NO_ENTITY_RANKING,,,NOT_APPLICABLE_GLOBAL_BASELINE,HF9g-P5,,,,X 全窗基线 · 不参与实体赏罚,15052087,1506,A168_HF9F_20260827_0900,2026-08-27 09:00:00
2026-04-19,127529701,1325,0,116.2212391699,98.9451090230,98.9451090230,1.0000000,9,9,0.49771390000000000,0.497713900000,2.8413889590375097,2.84138895903751,2.8413889590375097,0E-17,ELIGIBLE,R03b_20260811_FULL_v1,L1_ELIGIBILITY,v2026-08-11,2026-03-21..2026-08-06,baccarat_bet02_101_all_pairs_incl_sentinel,round_win = game_pnl > 0 (decisive only),COMPATIBILITY_ONLY_NOT_PRODUCTION,557989.4742,504875.3716,9878.7574,24851,24505,-0.01770420,0.00338982,-0.02772422,-0.01770420,-9878.7574,557989.4742,OK,0.0000,395.1503,4.0000,96.0000,AG03-UNRESOLVED,ALL5_LEVELS_bet23_to_bet27,395.1503,395.1503,395.1503,0.0000,0.0000,4.000000,4.000000,4.000000,0.000000,0.000000,96.000000,96.000000,96.000000,100.000000,100.000000,5.0,1185.4509,1138.6651,8693.3065,8740.0923,PENDING_AG03,FALSE,NOT_FOR_ENFORCEMENT,9483.6071,484680.3568,9878.7574,9483.6071,395.1503,0.01770420,0.01699603,395.1503,9483.6071,0.01699603,395.1503,395.1503,395.1503,0.0000,0.0000,9483.6071,0.01699603,1185.4509,1138.6651,8693.3065,8740.0923,0.01557970,0.01566354,0.00070817,22.4534,20.6030,0.4031,82.3230,2.6463,4649.9123,204.2083,25.9152,21.1137,12.8578,14.5296,26.176,48.8436,54.2173,102.8621,13.088,0.0,3.731508,7.079487,1.545355,30,207,63,6,0.32204186,0.01770420,-0.00338982,0E-8,0.000000,0.904812,0.002133,0.03111404,2026-03-21,2026-08-06,120,3733,1703,139,0.863309,1.227414,1.154177,1.073473,,,,,,,,GLOBAL_BASELINE_NO_ENTITY_RANKING,,,NOT_APPLICABLE_GLOBAL_BASELINE,HF9g-P5,,,,X 全窗基线 · 不参与实体赏罚,15052088,1506,A168_HF9F_20260827_0900,2026-08-27 09:00:00
2026-04-19,127529701,1330,0,5.2351909536,0E-10,0E-10,,1,1,0.49324550000000000,0.493245500000,,,,0E-17,NO_DECISIVE_ROUND,R03b_20260811_FULL_v1,L1_ELIGIBILITY,v2026-08-11,2026-03-21..2026-08-06,baccarat_bet02_101_all_pairs_incl_sentinel,round_win = game_pnl > 0 (decisive only),COMPATIBILITY_ONLY_NOT_PRODUCTION,557989.4742,504875.3716,9878.7574,24851,24505,-0.01770420,0.00338982,-0.02772422,-0.01770420,-9878.7574,557989.4742,OK,0.0000,395.1503,4.0000,96.0000,AG03-UNRESOLVED,ALL5_LEVELS_bet23_to_bet27,395.1503,395.1503,395.1503,0.0000,0.0000,4.000000,4.000000,4.000000,0.000000,0.000000,96.000000,96.000000,96.000000,100.000000,100.000000,5.0,1185.4509,1138.6651,8693.3065,8740.0923,PENDING_AG03,FALSE,NOT_FOR_ENFORCEMENT,9483.6071,484680.3568,9878.7574,9483.6071,395.1503,0.01770420,0.01699603,395.1503,9483.6071,0.01699603,395.1503,395.1503,395.1503,0.0000,0.0000,9483.6071,0.01699603,1185.4509,1138.6651,8693.3065,8740.0923,0.01557970,0.01566354,0.00070817,22.4534,20.6030,0.4031,82.3230,2.6463,4649.9123,204.2083,25.9152,21.1137,12.8578,14.5296,26.176,48.8436,54.2173,102.8621,13.088,0.0,3.731508,7.079487,1.545355,30,207,63,6,0.32204186,0.01770420,-0.00338982,0E-8,0.000000,0.904812,0.002133,0.03111404,2026-03-21,2026-08-06,120,3733,1703,139,0.863309,1.227414,1.154177,1.073473,,,,,,,,GLOBAL_BASELINE_NO_ENTITY_RANKING,,,NOT_APPLICABLE_GLOBAL_BASELINE,HF9g-P5,,,,X 全窗基线 · 不参与实体赏罚,15052089,1506,A168_HF9F_20260827_0900,2026-08-27 09:00:00
2026-04-19,127529701,1396,0,88.2129675681,-26.1759547680,-26.1759547680,0.2000000,10,8,0.47378890312500000,0.465069170833,-1.2261070808756183,-1.1883288257841893,-1.2261070808756183,0.00871973229200000,ELIGIBLE,R03b_20260811_FULL_v1,L1_ELIGIBILITY,v2026-08-11,2026-03-21..2026-08-06,baccarat_bet02_101_all_pairs_incl_sentinel,round_win = game_pnl > 0 (decisive only),COMPATIBILITY_ONLY_NOT_PRODUCTION,557989.4742,504875.3716,9878.7574,24851,24505,-0.01770420,0.00338982,-0.02772422,-0.01770420,-9878.7574,557989.4742,OK,0.0000,395.1503,4.0000,96.0000,AG03-UNRESOLVED,ALL5_LEVELS_bet23_to_bet27,395.1503,395.1503,395.1503,0.0000,0.0000,4.000000,4.000000,4.000000,0.000000,0.000000,96.000000,96.000000,96.000000,100.000000,100.000000,5.0,1185.4509,1138.6651,8693.3065,8740.0923,PENDING_AG03,FALSE,NOT_FOR_ENFORCEMENT,9483.6071,484680.3568,9878.7574,9483.6071,395.1503,0.01770420,0.01699603,395.1503,9483.6071,0.01699603,395.1503,395.1503,395.1503,0.0000,0.0000,9483.6071,0.01699603,1185.4509,1138.6651,8693.3065,8740.0923,0.01557970,0.01566354,0.00070817,22.4534,20.6030,0.4031,82.3230,2.6463,4649.9123,204.2083,25.9152,21.1137,12.8578,14.5296,26.176,48.8436,54.2173,102.8621,13.088,0.0,3.731508,7.079487,1.545355,30,207,63,6,0.32204186,0.01770420,-0.00338982,0E-8,0.000000,0.904812,0.002133,0.03111404,2026-03-21,2026-08-06,120,3733,1703,139,0.863309,1.227414,1.154177,1.073473,,,,,,,,GLOBAL_BASELINE_NO_ENTITY_RANKING,,,NOT_APPLICABLE_GLOBAL_BASELINE,HF9g-P5,,,,X 全窗基线 · 不参与实体赏罚,15052090,1506,A168_HF9F_20260827_0900,2026-08-27 09:00:00
2026-04-19,127529701,1957,0,124.3357851479,5.2351909535,5.2351909535,0.4000000,5,5,0.49860758000000000,0.498607580000,-0.440988213962219,-0.440988213962219,-0.440988213962219,0E-17,ELIGIBLE,R03b_20260811_FULL_v1,L1_ELIGIBILITY,v2026-08-11,2026-03-21..2026-08-06,baccarat_bet02_101_all_pairs_incl_sentinel,round_win = game_pnl > 0 (decisive only),COMPATIBILITY_ONLY_NOT_PRODUCTION,557989.4742,504875.3716,9878.7574,24851,24505,-0.01770420,0.00338982,-0.02772422,-0.01770420,-9878.7574,557989.4742,OK,0.0000,395.1503,4.0000,96.0000,AG03-UNRESOLVED,ALL5_LEVELS_bet23_to_bet27,395.1503,395.1503,395.1503,0.0000,0.0000,4.000000,4.000000,4.000000,0.000000,0.000000,96.000000,96.000000,96.000000,100.000000,100.000000,5.0,1185.4509,1138.6651,8693.3065,8740.0923,PENDING_AG03,FALSE,NOT_FOR_ENFORCEMENT,9483.6071,484680.3568,9878.7574,9483.6071,395.1503,0.01770420,0.01699603,395.1503,9483.6071,0.01699603,395.1503,395.1503,395.1503,0.0000,0.0000,9483.6071,0.01699603,1185.4509,1138.6651,8693.3065,8740.0923,0.01557970,0.01566354,0.00070817,22.4534,20.6030,0.4031,82.3230,2.6463,4649.9123,204.2083,25.9152,21.1137,12.8578,14.5296,26.176,48.8436,54.2173,102.8621,13.088,0.0,3.731508,7.079487,1.545355,30,207,63,6,0.32204186,0.01770420,-0.00338982,0E-8,0.000000,0.904812,0.002133,0.03111404,2026-03-21,2026-08-06,120,3733,1703,139,0.863309,1.227414,1.154177,1.073473,,,,,,,,GLOBAL_BASELINE_NO_ENTITY_RANKING,,,NOT_APPLICABLE_GLOBAL_BASELINE,HF9g-P5,,,,X 全窗基线 · 不参与实体赏罚,15052091,1506,A168_HF9F_20260827_0900,2026-08-27 09:00:00
2026-04-19,127529701,2077,0,154.1763735834,12.9570976100,12.9570976100,0.3636364,12,12,0.49994810000000000,0.499948100000,-0.9041897729511212,-0.9041897729511212,-0.9041897729511212,0E-17,ELIGIBLE,R03b_20260811_FULL_v1,L1_ELIGIBILITY,v2026-08-11,2026-03-21..2026-08-06,baccarat_bet02_101_all_pairs_incl_sentinel,round_win = game_pnl > 0 (decisive only),COMPATIBILITY_ONLY_NOT_PRODUCTION,557989.4742,504875.3716,9878.7574,24851,24505,-0.01770420,0.00338982,-0.02772422,-0.01770420,-9878.7574,557989.4742,OK,0.0000,395.1503,4.0000,96.0000,AG03-UNRESOLVED,ALL5_LEVELS_bet23_to_bet27,395.1503,395.1503,395.1503,0.0000,0.0000,4.000000,4.000000,4.000000,0.000000,0.000000,96.000000,96.000000,96.000000,100.000000,100.000000,5.0,1185.4509,1138.6651,8693.3065,8740.0923,PENDING_AG03,FALSE,NOT_FOR_ENFORCEMENT,9483.6071,484680.3568,9878.7574,9483.6071,395.1503,0.01770420,0.01699603,395.1503,9483.6071,0.01699603,395.1503,395.1503,395.1503,0.0000,0.0000,9483.6071,0.01699603,1185.4509,1138.6651,8693.3065,8740.0923,0.01557970,0.01566354,0.00070817,22.4534,20.6030,0.4031,82.3230,2.6463,4649.9123,204.2083,25.9152,21.1137,12.8578,14.5296,26.176,48.8436,54.2173,102.8621,13.088,0.0,3.731508,7.079487,1.545355,30,207,63,6,0.32204186,0.01770420,-0.00338982,0E-8,0.000000,0.904812,0.002133,0.03111404,2026-03-21,2026-08-06,120,3733,1703,139,0.863309,1.227414,1.154177,1.073473,,,,,,,,GLOBAL_BASELINE_NO_ENTITY_RANKING,,,NOT_APPLICABLE_GLOBAL_BASELINE,HF9g-P5,,,,X 全窗基线 · 不参与实体赏罚,15052092,1506,A168_HF9F_20260827_0900,2026-08-27 09:00:00
2026-04-19,127529701,2202,0,20.4172447190,-6.8057482396,-6.8057482396,0.5000000,2,2,0.49994810000000000,0.499948100000,0.00014679536856514622,0.00014679536856514622,0.00014679536856514622,0E-17,ELIGIBLE,R03b_20260811_FULL_v1,L1_ELIGIBILITY,v2026-08-11,2026-03-21..2026-08-06,baccarat_bet02_101_all_pairs_incl_sentinel,round_win = game_pnl > 0 (decisive only),COMPATIBILITY_ONLY_NOT_PRODUCTION,557989.4742,504875.3716,9878.7574,24851,24505,-0.01770420,0.00338982,-0.02772422,-0.01770420,-9878.7574,557989.4742,OK,0.0000,395.1503,4.0000,96.0000,AG03-UNRESOLVED,ALL5_LEVELS_bet23_to_bet27,395.1503,395.1503,395.1503,0.0000,0.0000,4.000000,4.000000,4.000000,0.000000,0.000000,96.000000,96.000000,96.000000,100.000000,100.000000,5.0,1185.4509,1138.6651,8693.3065,8740.0923,PENDING_AG03,FALSE,NOT_FOR_ENFORCEMENT,9483.6071,484680.3568,9878.7574,9483.6071,395.1503,0.01770420,0.01699603,395.1503,9483.6071,0.01699603,395.1503,395.1503,395.1503,0.0000,0.0000,9483.6071,0.01699603,1185.4509,1138.6651,8693.3065,8740.0923,0.01557970,0.01566354,0.00070817,22.4534,20.6030,0.4031,82.3230,2.6463,4649.9123,204.2083,25.9152,21.1137,12.8578,14.5296,26.176,48.8436,54.2173,102.8621,13.088,0.0,3.731508,7.079487,1.545355,30,207,63,6,0.32204186,0.01770420,-0.00338982,0E-8,0.000000,0.904812,0.002133,0.03111404,2026-03-21,2026-08-06,120,3733,1703,139,0.863309,1.227414,1.154177,1.073473,,,,,,,,GLOBAL_BASELINE_NO_ENTITY_RANKING,,,NOT_APPLICABLE_GLOBAL_BASELINE,HF9g-P5,,,,X 全窗基线 · 不参与实体赏罚,15052093,1506,A168_HF9F_20260827_0900,2026-08-27 09:00:00
2026-04-19,127529701,2223,0,9.1615841688,-9.1615841688,-9.1615841688,0E-7,1,1,0.50665070000000000,0.506650700000,-1.013391052207602,-1.013391052207602,-1.013391052207602,0E-17,ELIGIBLE,R03b_20260811_FULL_v1,L1_ELIGIBILITY,v2026-08-11,2026-03-21..2026-08-06,baccarat_bet02_101_all_pairs_incl_sentinel,round_win = game_pnl > 0 (decisive only),COMPATIBILITY_ONLY_NOT_PRODUCTION,557989.4742,504875.3716,9878.7574,24851,24505,-0.01770420,0.00338982,-0.02772422,-0.01770420,-9878.7574,557989.4742,OK,0.0000,395.1503,4.0000,96.0000,AG03-UNRESOLVED,ALL5_LEVELS_bet23_to_bet27,395.1503,395.1503,395.1503,0.0000,0.0000,4.000000,4.000000,4.000000,0.000000,0.000000,96.000000,96.000000,96.000000,100.000000,100.000000,5.0,1185.4509,1138.6651,8693.3065,8740.0923,PENDING_AG03,FALSE,NOT_FOR_ENFORCEMENT,9483.6071,484680.3568,9878.7574,9483.6071,395.1503,0.01770420,0.01699603,395.1503,9483.6071,0.01699603,395.1503,395.1503,395.1503,0.0000,0.0000,9483.6071,0.01699603,1185.4509,1138.6651,8693.3065,8740.0923,0.01557970,0.01566354,0.00070817,22.4534,20.6030,0.4031,82.3230,2.6463,4649.9123,204.2083,25.9152,21.1137,12.8578,14.5296,26.176,48.8436,54.2173,102.8621,13.088,0.0,3.731508,7.079487,1.545355,30,207,63,6,0.32204186,0.01770420,-0.00338982,0E-8,0.000000,0.904812,0.002133,0.03111404,2026-03-21,2026-08-06,120,3733,1703,139,0.863309,1.227414,1.154177,1.073473,,,,,,,,GLOBAL_BASELINE_NO_ENTITY_RANKING,,,NOT_APPLICABLE_GLOBAL_BASELINE,HF9g-P5,,,,X 全窗基线 · 不参与实体赏罚,15052094,1506,A168_HF9F_20260827_0900,2026-08-27 09:00:00
2026-04-19,127529701,2224,0,44.4991231056,-44.4991231056,-44.4991231056,0E-7,3,3,0.49324550000000000,0.493245500000,-1.708808463184432,-1.7088084631844318,-1.708808463184432,0E-17,ELIGIBLE,R03b_20260811_FULL_v1,L1_ELIGIBILITY,v2026-08-11,2026-03-21..2026-08-06,baccarat_bet02_101_all_pairs_incl_sentinel,round_win = game_pnl > 0 (decisive only),COMPATIBILITY_ONLY_NOT_PRODUCTION,557989.4742,504875.3716,9878.7574,24851,24505,-0.01770420,0.00338982,-0.02772422,-0.01770420,-9878.7574,557989.4742,OK,0.0000,395.1503,4.0000,96.0000,AG03-UNRESOLVED,ALL5_LEVELS_bet23_to_bet27,395.1503,395.1503,395.1503,0.0000,0.0000,4.000000,4.000000,4.000000,0.000000,0.000000,96.000000,96.000000,96.000000,100.000000,100.000000,5.0,1185.4509,1138.6651,8693.3065,8740.0923,PENDING_AG03,FALSE,NOT_FOR_ENFORCEMENT,9483.6071,484680.3568,9878.7574,9483.6071,395.1503,0.01770420,0.01699603,395.1503,9483.6071,0.01699603,395.1503,395.1503,395.1503,0.0000,0.0000,9483.6071,0.01699603,1185.4509,1138.6651,8693.3065,8740.0923,0.01557970,0.01566354,0.00070817,22.4534,20.6030,0.4031,82.3230,2.6463,4649.9123,204.2083,25.9152,21.1137,12.8578,14.5296,26.176,48.8436,54.2173,102.8621,13.088,0.0,3.731508,7.079487,1.545355,30,207,63,6,0.32204186,0.01770420,-0.00338982,0E-8,0.000000,0.904812,0.002133,0.03111404,2026-03-21,2026-08-06,120,3733,1703,139,0.863309,1.227414,1.154177,1.073473,,,,,,,,GLOBAL_BASELINE_NO_ENTITY_RANKING,,,NOT_APPLICABLE_GLOBAL_BASELINE,HF9g-P5,,,,X 全窗基线 · 不参与实体赏罚,15052095,1506,A168_HF9F_20260827_0900,2026-08-27 09:00:00
2026-04-19,127529701,2235,0,16.4908515038,-6.0204695966,-6.0204695966,0.5000000,2,2,0.49324550000000000,0.493245500000,0.01910635448239258,0.01910635448239258,0.01910635448239258,0E-17,ELIGIBLE,R03b_20260811_FULL_v1,L1_ELIGIBILITY,v2026-08-11,2026-03-21..2026-08-06,baccarat_bet02_101_all_pairs_incl_sentinel,round_win = game_pnl > 0 (decisive only),COMPATIBILITY_ONLY_NOT_PRODUCTION,557989.4742,504875.3716,9878.7574,24851,24505,-0.01770420,0.00338982,-0.02772422,-0.01770420,-9878.7574,557989.4742,OK,0.0000,395.1503,4.0000,96.0000,AG03-UNRESOLVED,ALL5_LEVELS_bet23_to_bet27,395.1503,395.1503,395.1503,0.0000,0.0000,4.000000,4.000000,4.000000,0.000000,0.000000,96.000000,96.000000,96.000000,100.000000,100.000000,5.0,1185.4509,1138.6651,8693.3065,8740.0923,PENDING_AG03,FALSE,NOT_FOR_ENFORCEMENT,9483.6071,484680.3568,9878.7574,9483.6071,395.1503,0.01770420,0.01699603,395.1503,9483.6071,0.01699603,395.1503,395.1503,395.1503,0.0000,0.0000,9483.6071,0.01699603,1185.4509,1138.6651,8693.3065,8740.0923,0.01557970,0.01566354,0.00070817,22.4534,20.6030,0.4031,82.3230,2.6463,4649.9123,204.2083,25.9152,21.1137,12.8578,14.5296,26.176,48.8436,54.2173,102.8621,13.088,0.0,3.731508,7.079487,1.545355,30,207,63,6,0.32204186,0.01770420,-0.00338982,0E-8,0.000000,0.904812,0.002133,0.03111404,2026-03-21,2026-08-06,120,3733,1703,139,0.863309,1.227414,1.154177,1.073473,,,,,,,,GLOBAL_BASELINE_NO_ENTITY_RANKING,,,NOT_APPLICABLE_GLOBAL_BASELINE,HF9g-P5,,,,X 全窗基线 · 不参与实体赏罚,15052096,1506,A168_HF9F_20260827_0900,2026-08-27 09:00:00
2026-04-19,127529701,994,0,169.6201868963,59.0136900243,59.0136900243,0.7500000,9,9,0.50069283333333333,0.500692833333,1.4102956591225702,1.4102956591244544,1.4102956591225702,3.3333E-13,ELIGIBLE,R03b_20260811_FULL_v1,L1_ELIGIBILITY,v2026-08-11,2026-03-21..2026-08-06,baccarat_bet02_101_all_pairs_incl_sentinel,round_win = game_pnl > 0 (decisive only),COMPATIBILITY_ONLY_NOT_PRODUCTION,557989.4742,504875.3716,9878.7574,24851,24505,-0.01770420,0.00338982,-0.02772422,-0.01770420,-9878.7574,557989.4742,OK,0.0000,395.1503,4.0000,96.0000,AG03-UNRESOLVED,ALL5_LEVELS_bet23_to_bet27,395.1503,395.1503,395.1503,0.0000,0.0000,4.000000,4.000000,4.000000,0.000000,0.000000,96.000000,96.000000,96.000000,100.000000,100.000000,5.0,1185.4509,1138.6651,8693.3065,8740.0923,PENDING_AG03,FALSE,NOT_FOR_ENFORCEMENT,9483.6071,484680.3568,9878.7574,9483.6071,395.1503,0.01770420,0.01699603,395.1503,9483.6071,0.01699603,395.1503,395.1503,395.1503,0.0000,0.0000,9483.6071,0.01699603,1185.4509,1138.6651,8693.3065,8740.0923,0.01557970,0.01566354,0.00070817,22.4534,20.6030,0.4031,82.3230,2.6463,4649.9123,204.2083,25.9152,21.1137,12.8578,14.5296,26.176,48.8436,54.2173,102.8621,13.088,0.0,3.731508,7.079487,1.545355,30,207,63,6,0.32204186,0.01770420,-0.00338982,0E-8,0.000000,0.904812,0.002133,0.03111404,2026-03-21,2026-08-06,120,3733,1703,139,0.863309,1.227414,1.154177,1.073473,,,,,,,,GLOBAL_BASELINE_NO_ENTITY_RANKING,,,NOT_APPLICABLE_GLOBAL_BASELINE,HF9g-P5,,,,X 全窗基线 · 不参与实体赏罚,15052097,1506,A168_HF9F_20260827_0900,2026-08-27 09:00:00
2026-04-20,127529701,-1,1,279.5591969219,-167.0025914197,-167.0025914197,0.2666667,16,16,0.50162375000000000,0.501623750000,-1.819979338656477,-1.819979338656477,-1.819979338656477,0E-17,SENTINEL_DEALER,R03b_20260811_FULL_v1,L1_ELIGIBILITY,v2026-08-11,2026-03-21..2026-08-06,baccarat_bet02_101_all_pairs_incl_sentinel,round_win = game_pnl > 0 (decisive only),COMPATIBILITY_ONLY_NOT_PRODUCTION,557989.4742,504875.3716,9878.7574,24851,24505,-0.01770420,0.00338982,-0.02772422,-0.01770420,-9878.7574,557989.4742,OK,0.0000,395.1503,4.0000,96.0000,AG03-UNRESOLVED,ALL5_LEVELS_bet23_to_bet27,395.1503,395.1503,395.1503,0.0000,0.0000,4.000000,4.000000,4.000000,0.000000,0.000000,96.000000,96.000000,96.000000,100.000000,100.000000,5.0,1185.4509,1138.6651,8693.3065,8740.0923,PENDING_AG03,FALSE,NOT_FOR_ENFORCEMENT,9483.6071,484680.3568,9878.7574,9483.6071,395.1503,0.01770420,0.01699603,395.1503,9483.6071,0.01699603,395.1503,395.1503,395.1503,0.0000,0.0000,9483.6071,0.01699603,1185.4509,1138.6651,8693.3065,8740.0923,0.01557970,0.01566354,0.00070817,22.4534,20.6030,0.4031,82.3230,2.6463,4649.9123,204.2083,25.9152,21.1137,12.8578,14.5296,26.176,48.8436,54.2173,102.8621,13.088,0.0,3.731508,7.079487,1.545355,30,207,63,6,0.32204186,0.01770420,-0.00338982,0E-8,0.000000,0.904812,0.002133,0.03111404,2026-03-21,2026-08-06,120,3733,1703,139,0.863309,1.227414,1.154177,1.073473,,,,,,,,GLOBAL_BASELINE_NO_ENTITY_RANKING,,,NOT_APPLICABLE_GLOBAL_BASELINE,HF9g-P5,,,,X 全窗基线 · 不参与实体赏罚,15052098,1506,A168_HF9F_20260827_0900,2026-08-27 09:00:00
2026-04-20,127529701,1331,0,24.0818783865,-11.5174200979,-11.5174200979,0.2500000,4,4,0.49659680000000000,0.496596800000,-0.9864100490137353,-0.9864100490137354,-0.9864100490137353,0E-17,ELIGIBLE,R03b_20260811_FULL_v1,L1_ELIGIBILITY,v2026-08-11,2026-03-21..2026-08-06,baccarat_bet02_101_all_pairs_incl_sentinel,round_win = game_pnl > 0 (decisive only),COMPATIBILITY_ONLY_NOT_PRODUCTION,557989.4742,504875.3716,9878.7574,24851,24505,-0.01770420,0.00338982,-0.02772422,-0.01770420,-9878.7574,557989.4742,OK,0.0000,395.1503,4.0000,96.0000,AG03-UNRESOLVED,ALL5_LEVELS_bet23_to_bet27,395.1503,395.1503,395.1503,0.0000,0.0000,4.000000,4.000000,4.000000,0.000000,0.000000,96.000000,96.000000,96.000000,100.000000,100.000000,5.0,1185.4509,1138.6651,8693.3065,8740.0923,PENDING_AG03,FALSE,NOT_FOR_ENFORCEMENT,9483.6071,484680.3568,9878.7574,9483.6071,395.1503,0.01770420,0.01699603,395.1503,9483.6071,0.01699603,395.1503,395.1503,395.1503,0.0000,0.0000,9483.6071,0.01699603,1185.4509,1138.6651,8693.3065,8740.0923,0.01557970,0.01566354,0.00070817,22.4534,20.6030,0.4031,82.3230,2.6463,4649.9123,204.2083,25.9152,21.1137,12.8578,14.5296,26.176,48.8436,54.2173,102.8621,13.088,0.0,3.731508,7.079487,1.545355,30,207,63,6,0.32204186,0.01770420,-0.00338982,0E-8,0.000000,0.904812,0.002133,0.03111404,2026-03-21,2026-08-06,120,3733,1703,139,0.863309,1.227414,1.154177,1.073473,,,,,,,,GLOBAL_BASELINE_NO_ENTITY_RANKING,,,NOT_APPLICABLE_GLOBAL_BASELINE,HF9g-P5,,,,X 全窗基线 · 不参与实体赏罚,15052099,1506,A168_HF9F_20260827_0900,2026-08-27 09:00:00
2026-04-20,127529701,1383,0,104.7038190720,-11.7791796456,-11.7791796456,0.3333333,9,9,0.49771390000000000,0.497713900000,-0.9862937092952077,-0.9862937092952077,-0.9862937092952077,0E-17,ELIGIBLE,R03b_20260811_FULL_v1,L1_ELIGIBILITY,v2026-08-11,2026-03-21..2026-08-06,baccarat_bet02_101_all_pairs_incl_sentinel,round_win = game_pnl > 0 (decisive only),COMPATIBILITY_ONLY_NOT_PRODUCTION,557989.4742,504875.3716,9878.7574,24851,24505,-0.01770420,0.00338982,-0.02772422,-0.01770420,-9878.7574,557989.4742,OK,0.0000,395.1503,4.0000,96.0000,AG03-UNRESOLVED,ALL5_LEVELS_bet23_to_bet27,395.1503,395.1503,395.1503,0.0000,0.0000,4.000000,4.000000,4.000000,0.000000,0.000000,96.000000,96.000000,96.000000,100.000000,100.000000,5.0,1185.4509,1138.6651,8693.3065,8740.0923,PENDING_AG03,FALSE,NOT_FOR_ENFORCEMENT,9483.6071,484680.3568,9878.7574,9483.6071,395.1503,0.01770420,0.01699603,395.1503,9483.6071,0.01699603,395.1503,395.1503,395.1503,0.0000,0.0000,9483.6071,0.01699603,1185.4509,1138.6651,8693.3065,8740.0923,0.01557970,0.01566354,0.00070817,22.4534,20.6030,0.4031,82.3230,2.6463,4649.9123,204.2083,25.9152,21.1137,12.8578,14.5296,26.176,48.8436,54.2173,102.8621,13.088,0.0,3.731508,7.079487,1.545355,30,207,63,6,0.32204186,0.01770420,-0.00338982,0E-8,0.000000,0.904812,0.002133,0.03111404,2026-03-21,2026-08-06,120,3733,1703,139,0.863309,1.227414,1.154177,1.073473,,,,,,,,GLOBAL_BASELINE_NO_ENTITY_RANKING,,,NOT_APPLICABLE_GLOBAL_BASELINE,HF9g-P5,,,,X 全窗基线 · 不参与实体赏罚,15052100,1506,A168_HF9F_20260827_0900,2026-08-27 09:00:00
2026-04-20,127529701,1402,0,448.3941051752,38.4786535090,38.4786535090,0.5833333,15,15,0.50128862000000000,0.501288620000,0.568424335730566,0.568424335730566,0.568424335730566,0E-17,ELIGIBLE,R03b_20260811_FULL_v1,L1_ELIGIBILITY,v2026-08-11,2026-03-21..2026-08-06,baccarat_bet02_101_all_pairs_incl_sentinel,round_win = game_pnl > 0 (decisive only),COMPATIBILITY_ONLY_NOT_PRODUCTION,557989.4742,504875.3716,9878.7574,24851,24505,-0.01770420,0.00338982,-0.02772422,-0.01770420,-9878.7574,557989.4742,OK,0.0000,395.1503,4.0000,96.0000,AG03-UNRESOLVED,ALL5_LEVELS_bet23_to_bet27,395.1503,395.1503,395.1503,0.0000,0.0000,4.000000,4.000000,4.000000,0.000000,0.000000,96.000000,96.000000,96.000000,100.000000,100.000000,5.0,1185.4509,1138.6651,8693.3065,8740.0923,PENDING_AG03,FALSE,NOT_FOR_ENFORCEMENT,9483.6071,484680.3568,9878.7574,9483.6071,395.1503,0.01770420,0.01699603,395.1503,9483.6071,0.01699603,395.1503,395.1503,395.1503,0.0000,0.0000,9483.6071,0.01699603,1185.4509,1138.6651,8693.3065,8740.0923,0.01557970,0.01566354,0.00070817,22.4534,20.6030,0.4031,82.3230,2.6463,4649.9123,204.2083,25.9152,21.1137,12.8578,14.5296,26.176,48.8436,54.2173,102.8621,13.088,0.0,3.731508,7.079487,1.545355,30,207,63,6,0.32204186,0.01770420,-0.00338982,0E-8,0.000000,0.904812,0.002133,0.03111404,2026-03-21,2026-08-06,120,3733,1703,139,0.863309,1.227414,1.154177,1.073473,,,,,,,,GLOBAL_BASELINE_NO_ENTITY_RANKING,,,NOT_APPLICABLE_GLOBAL_BASELINE,HF9g-P5,,,,X 全窗基线 · 不参与实体赏罚,15052101,1506,A168_HF9F_20260827_0900,2026-08-27 09:00:00
2026-04-20,127529701,1710,0,73.2926733504,-6.5439886921,-6.5439886921,0.4000000,6,6,0.50665070000000000,0.506650700000,-0.4769986289884125,-0.4769986289884125,-0.4769986289884125,0E-17,ELIGIBLE,R03b_20260811_FULL_v1,L1_ELIGIBILITY,v2026-08-11,2026-03-21..2026-08-06,baccarat_bet02_101_all_pairs_incl_sentinel,round_win = game_pnl > 0 (decisive only),COMPATIBILITY_ONLY_NOT_PRODUCTION,557989.4742,504875.3716,9878.7574,24851,24505,-0.01770420,0.00338982,-0.02772422,-0.01770420,-9878.7574,557989.4742,OK,0.0000,395.1503,4.0000,96.0000,AG03-UNRESOLVED,ALL5_LEVELS_bet23_to_bet27,395.1503,395.1503,395.1503,0.0000,0.0000,4.000000,4.000000,4.000000,0.000000,0.000000,96.000000,96.000000,96.000000,100.000000,100.000000,5.0,1185.4509,1138.6651,8693.3065,8740.0923,PENDING_AG03,FALSE,NOT_FOR_ENFORCEMENT,9483.6071,484680.3568,9878.7574,9483.6071,395.1503,0.01770420,0.01699603,395.1503,9483.6071,0.01699603,395.1503,395.1503,395.1503,0.0000,0.0000,9483.6071,0.01699603,1185.4509,1138.6651,8693.3065,8740.0923,0.01557970,0.01566354,0.00070817,22.4534,20.6030,0.4031,82.3230,2.6463,4649.9123,204.2083,25.9152,21.1137,12.8578,14.5296,26.176,48.8436,54.2173,102.8621,13.088,0.0,3.731508,7.079487,1.545355,30,207,63,6,0.32204186,0.01770420,-0.00338982,0E-8,0.000000,0.904812,0.002133,0.03111404,2026-03-21,2026-08-06,120,3733,1703,139,0.863309,1.227414,1.154177,1.073473,,,,,,,,GLOBAL_BASELINE_NO_ENTITY_RANKING,,,NOT_APPLICABLE_GLOBAL_BASELINE,HF9g-P5,,,,X 全窗基线 · 不参与实体赏罚,15052102,1506,A168_HF9F_20260827_0900,2026-08-27 09:00:00
2026-04-20,127529701,2093,0,278.5121587313,103.3950213335,103.3950213335,0.7272727,23,23,0.49849101304347826,0.498491013043,2.146172489831065,2.146172489835558,2.146172489831065,4.7826E-13,ELIGIBLE,R03b_20260811_FULL_v1,L1_ELIGIBILITY,v2026-08-11,2026-03-21..2026-08-06,baccarat_bet02_101_all_pairs_incl_sentinel,round_win = game_pnl > 0 (decisive only),COMPATIBILITY_ONLY_NOT_PRODUCTION,557989.4742,504875.3716,9878.7574,24851,24505,-0.01770420,0.00338982,-0.02772422,-0.01770420,-9878.7574,557989.4742,OK,0.0000,395.1503,4.0000,96.0000,AG03-UNRESOLVED,ALL5_LEVELS_bet23_to_bet27,395.1503,395.1503,395.1503,0.0000,0.0000,4.000000,4.000000,4.000000,0.000000,0.000000,96.000000,96.000000,96.000000,100.000000,100.000000,5.0,1185.4509,1138.6651,8693.3065,8740.0923,PENDING_AG03,FALSE,NOT_FOR_ENFORCEMENT,9483.6071,484680.3568,9878.7574,9483.6071,395.1503,0.01770420,0.01699603,395.1503,9483.6071,0.01699603,395.1503,395.1503,395.1503,0.0000,0.0000,9483.6071,0.01699603,1185.4509,1138.6651,8693.3065,8740.0923,0.01557970,0.01566354,0.00070817,22.4534,20.6030,0.4031,82.3230,2.6463,4649.9123,204.2083,25.9152,21.1137,12.8578,14.5296,26.176,48.8436,54.2173,102.8621,13.088,0.0,3.731508,7.079487,1.545355,30,207,63,6,0.32204186,0.01770420,-0.00338982,0E-8,0.000000,0.904812,0.002133,0.03111404,2026-03-21,2026-08-06,120,3733,1703,139,0.863309,1.227414,1.154177,1.073473,,,,,,,,GLOBAL_BASELINE_NO_ENTITY_RANKING,,,NOT_APPLICABLE_GLOBAL_BASELINE,HF9g-P5,,,,X 全窗基线 · 不参与实体赏罚,15052103,1506,A168_HF9F_20260827_0900,2026-08-27 09:00:00
2026-04-20,127529701,2103,0,102.6097426905,48.3993403660,48.3993403660,0.6000000,8,6,0.47778308333333333,0.451208661111,0.5471110327718068,0.6686060712332498,0.5471110327718068,0.02657442222233333,ELIGIBLE,R03b_20260811_FULL_v1,L1_ELIGIBILITY,v2026-08-11,2026-03-21..2026-08-06,baccarat_bet02_101_all_pairs_incl_sentinel,round_win = game_pnl > 0 (decisive only),COMPATIBILITY_ONLY_NOT_PRODUCTION,557989.4742,504875.3716,9878.7574,24851,24505,-0.01770420,0.00338982,-0.02772422,-0.01770420,-9878.7574,557989.4742,OK,0.0000,395.1503,4.0000,96.0000,AG03-UNRESOLVED,ALL5_LEVELS_bet23_to_bet27,395.1503,395.1503,395.1503,0.0000,0.0000,4.000000,4.000000,4.000000,0.000000,0.000000,96.000000,96.000000,96.000000,100.000000,100.000000,5.0,1185.4509,1138.6651,8693.3065,8740.0923,PENDING_AG03,FALSE,NOT_FOR_ENFORCEMENT,9483.6071,484680.3568,9878.7574,9483.6071,395.1503,0.01770420,0.01699603,395.1503,9483.6071,0.01699603,395.1503,395.1503,395.1503,0.0000,0.0000,9483.6071,0.01699603,1185.4509,1138.6651,8693.3065,8740.0923,0.01557970,0.01566354,0.00070817,22.4534,20.6030,0.4031,82.3230,2.6463,4649.9123,204.2083,25.9152,21.1137,12.8578,14.5296,26.176,48.8436,54.2173,102.8621,13.088,0.0,3.731508,7.079487,1.545355,30,207,63,6,0.32204186,0.01770420,-0.00338982,0E-8,0.000000,0.904812,0.002133,0.03111404,2026-03-21,2026-08-06,120,3733,1703,139,0.863309,1.227414,1.154177,1.073473,,,,,,,,GLOBAL_BASELINE_NO_ENTITY_RANKING,,,NOT_APPLICABLE_GLOBAL_BASELINE,HF9g-P5,,,,X 全窗基线 · 不参与实体赏罚,15052104,1506,A168_HF9F_20260827_0900,2026-08-27 09:00:00
2026-04-20,127529701,2145,0,134.2826479598,39.3948119257,39.3948119257,0.7000000,12,12,0.50106520000000000,0.501065200000,1.2581770029270583,1.2581770029270583,1.2581770029270583,0E-17,ELIGIBLE,R03b_20260811_FULL_v1,L1_ELIGIBILITY,v2026-08-11,2026-03-21..2026-08-06,baccarat_bet02_101_all_pairs_incl_sentinel,round_win = game_pnl > 0 (decisive only),COMPATIBILITY_ONLY_NOT_PRODUCTION,557989.4742,504875.3716,9878.7574,24851,24505,-0.01770420,0.00338982,-0.02772422,-0.01770420,-9878.7574,557989.4742,OK,0.0000,395.1503,4.0000,96.0000,AG03-UNRESOLVED,ALL5_LEVELS_bet23_to_bet27,395.1503,395.1503,395.1503,0.0000,0.0000,4.000000,4.000000,4.000000,0.000000,0.000000,96.000000,96.000000,96.000000,100.000000,100.000000,5.0,1185.4509,1138.6651,8693.3065,8740.0923,PENDING_AG03,FALSE,NOT_FOR_ENFORCEMENT,9483.6071,484680.3568,9878.7574,9483.6071,395.1503,0.01770420,0.01699603,395.1503,9483.6071,0.01699603,395.1503,395.1503,395.1503,0.0000,0.0000,9483.6071,0.01699603,1185.4509,1138.6651,8693.3065,8740.0923,0.01557970,0.01566354,0.00070817,22.4534,20.6030,0.4031,82.3230,2.6463,4649.9123,204.2083,25.9152,21.1137,12.8578,14.5296,26.176,48.8436,54.2173,102.8621,13.088,0.0,3.731508,7.079487,1.545355,30,207,63,6,0.32204186,0.01770420,-0.00338982,0E-8,0.000000,0.904812,0.002133,0.03111404,2026-03-21,2026-08-06,120,3733,1703,139,0.863309,1.227414,1.154177,1.073473,,,,,,,,GLOBAL_BASELINE_NO_ENTITY_RANKING,,,NOT_APPLICABLE_GLOBAL_BASELINE,HF9g-P5,,,,X 全窗基线 · 不参与实体赏罚,15052105,1506,A168_HF9F_20260827_0900,2026-08-27 09:00:00
2026-04-20,127529701,2196,0,293.1706934014,-126.1681019819,-126.1681019819,0.2500000,24,10,0.39275152757142857,0.302391896667,-0.8267678894323582,-0.32264005387729694,-0.8267678894323582,0.09035963090442857,ELIGIBLE,R03b_20260811_FULL_v1,L1_ELIGIBILITY,v2026-08-11,2026-03-21..2026-08-06,baccarat_bet02_101_all_pairs_incl_sentinel,round_win = game_pnl > 0 (decisive only),COMPATIBILITY_ONLY_NOT_PRODUCTION,557989.4742,504875.3716,9878.7574,24851,24505,-0.01770420,0.00338982,-0.02772422,-0.01770420,-9878.7574,557989.4742,OK,0.0000,395.1503,4.0000,96.0000,AG03-UNRESOLVED,ALL5_LEVELS_bet23_to_bet27,395.1503,395.1503,395.1503,0.0000,0.0000,4.000000,4.000000,4.000000,0.000000,0.000000,96.000000,96.000000,96.000000,100.000000,100.000000,5.0,1185.4509,1138.6651,8693.3065,8740.0923,PENDING_AG03,FALSE,NOT_FOR_ENFORCEMENT,9483.6071,484680.3568,9878.7574,9483.6071,395.1503,0.01770420,0.01699603,395.1503,9483.6071,0.01699603,395.1503,395.1503,395.1503,0.0000,0.0000,9483.6071,0.01699603,1185.4509,1138.6651,8693.3065,8740.0923,0.01557970,0.01566354,0.00070817,22.4534,20.6030,0.4031,82.3230,2.6463,4649.9123,204.2083,25.9152,21.1137,12.8578,14.5296,26.176,48.8436,54.2173,102.8621,13.088,0.0,3.731508,7.079487,1.545355,30,207,63,6,0.32204186,0.01770420,-0.00338982,0E-8,0.000000,0.904812,0.002133,0.03111404,2026-03-21,2026-08-06,120,3733,1703,139,0.863309,1.227414,1.154177,1.073473,,,,,,,,GLOBAL_BASELINE_NO_ENTITY_RANKING,,,NOT_APPLICABLE_GLOBAL_BASELINE,HF9g-P5,,,,X 全窗基线 · 不参与实体赏罚,15052106,1506,A168_HF9F_20260827_0900,2026-08-27 09:00:00
2026-04-20,127529701,2246,0,109.9390100256,-11.2556605503,-11.2556605503,0.4285714,8,8,0.49994810000000000,0.499948100000,-0.377689846057837,-0.377689846057837,-0.377689846057837,0E-17,ELIGIBLE,R03b_20260811_FULL_v1,L1_ELIGIBILITY,v2026-08-11,2026-03-21..2026-08-06,baccarat_bet02_101_all_pairs_incl_sentinel,round_win = game_pnl > 0 (decisive only),COMPATIBILITY_ONLY_NOT_PRODUCTION,557989.4742,504875.3716,9878.7574,24851,24505,-0.01770420,0.00338982,-0.02772422,-0.01770420,-9878.7574,557989.4742,OK,0.0000,395.1503,4.0000,96.0000,AG03-UNRESOLVED,ALL5_LEVELS_bet23_to_bet27,395.1503,395.1503,395.1503,0.0000,0.0000,4.000000,4.000000,4.000000,0.000000,0.000000,96.000000,96.000000,96.000000,100.000000,100.000000,5.0,1185.4509,1138.6651,8693.3065,8740.0923,PENDING_AG03,FALSE,NOT_FOR_ENFORCEMENT,9483.6071,484680.3568,9878.7574,9483.6071,395.1503,0.01770420,0.01699603,395.1503,9483.6071,0.01699603,395.1503,395.1503,395.1503,0.0000,0.0000,9483.6071,0.01699603,1185.4509,1138.6651,8693.3065,8740.0923,0.01557970,0.01566354,0.00070817,22.4534,20.6030,0.4031,82.3230,2.6463,4649.9123,204.2083,25.9152,21.1137,12.8578,14.5296,26.176,48.8436,54.2173,102.8621,13.088,0.0,3.731508,7.079487,1.545355,30,207,63,6,0.32204186,0.01770420,-0.00338982,0E-8,0.000000,0.904812,0.002133,0.03111404,2026-03-21,2026-08-06,120,3733,1703,139,0.863309,1.227414,1.154177,1.073473,,,,,,,,GLOBAL_BASELINE_NO_ENTITY_RANKING,,,NOT_APPLICABLE_GLOBAL_BASELINE,HF9g-P5,,,,X 全窗基线 · 不参与实体赏罚,15052107,1506,A168_HF9F_20260827_0900,2026-08-27 09:00:00
2026-04-21,127529701,-1,1,150.5117399158,-65.3090071461,-65.3090071461,0.2222222,10,10,0.49726706000000000,0.497267060000,-1.6502936788091886,-1.6502936788091886,-1.6502936788091886,0E-17,SENTINEL_DEALER,R03b_20260811_FULL_v1,L1_ELIGIBILITY,v2026-08-11,2026-03-21..2026-08-06,baccarat_bet02_101_all_pairs_incl_sentinel,round_win = game_pnl > 0 (decisive only),COMPATIBILITY_ONLY_NOT_PRODUCTION,557989.4742,504875.3716,9878.7574,24851,24505,-0.01770420,0.00338982,-0.02772422,-0.01770420,-9878.7574,557989.4742,OK,0.0000,395.1503,4.0000,96.0000,AG03-UNRESOLVED,ALL5_LEVELS_bet23_to_bet27,395.1503,395.1503,395.1503,0.0000,0.0000,4.000000,4.000000,4.000000,0.000000,0.000000,96.000000,96.000000,96.000000,100.000000,100.000000,5.0,1185.4509,1138.6651,8693.3065,8740.0923,PENDING_AG03,FALSE,NOT_FOR_ENFORCEMENT,9483.6071,484680.3568,9878.7574,9483.6071,395.1503,0.01770420,0.01699603,395.1503,9483.6071,0.01699603,395.1503,395.1503,395.1503,0.0000,0.0000,9483.6071,0.01699603,1185.4509,1138.6651,8693.3065,8740.0923,0.01557970,0.01566354,0.00070817,22.4534,20.6030,0.4031,82.3230,2.6463,4649.9123,204.2083,25.9152,21.1137,12.8578,14.5296,26.176,48.8436,54.2173,102.8621,13.088,0.0,3.731508,7.079487,1.545355,30,207,63,6,0.32204186,0.01770420,-0.00338982,0E-8,0.000000,0.904812,0.002133,0.03111404,2026-03-21,2026-08-06,120,3733,1703,139,0.863309,1.227414,1.154177,1.073473,,,,,,,,GLOBAL_BASELINE_NO_ENTITY_RANKING,,,NOT_APPLICABLE_GLOBAL_BASELINE,HF9g-P5,,,,X 全窗基线 · 不参与实体赏罚,15052108,1506,A168_HF9F_20260827_0900,2026-08-27 09:00:00
2026-04-21,127529701,1331,0,97.1127921891,-78.7896238515,-78.7896238515,0E-7,4,4,0.49994810000000000,0.499948100000,-1.7318710300250217,-1.7318710300250217,-1.7318710300250217,0E-17,ELIGIBLE,R03b_20260811_FULL_v1,L1_ELIGIBILITY,v2026-08-11,2026-03-21..2026-08-06,baccarat_bet02_101_all_pairs_incl_sentinel,round_win = game_pnl > 0 (decisive only),COMPATIBILITY_ONLY_NOT_PRODUCTION,557989.4742,504875.3716,9878.7574,24851,24505,-0.01770420,0.00338982,-0.02772422,-0.01770420,-9878.7574,557989.4742,OK,0.0000,395.1503,4.0000,96.0000,AG03-UNRESOLVED,ALL5_LEVELS_bet23_to_bet27,395.1503,395.1503,395.1503,0.0000,0.0000,4.000000,4.000000,4.000000,0.000000,0.000000,96.000000,96.000000,96.000000,100.000000,100.000000,5.0,1185.4509,1138.6651,8693.3065,8740.0923,PENDING_AG03,FALSE,NOT_FOR_ENFORCEMENT,9483.6071,484680.3568,9878.7574,9483.6071,395.1503,0.01770420,0.01699603,395.1503,9483.6071,0.01699603,395.1503,395.1503,395.1503,0.0000,0.0000,9483.6071,0.01699603,1185.4509,1138.6651,8693.3065,8740.0923,0.01557970,0.01566354,0.00070817,22.4534,20.6030,0.4031,82.3230,2.6463,4649.9123,204.2083,25.9152,21.1137,12.8578,14.5296,26.176,48.8436,54.2173,102.8621,13.088,0.0,3.731508,7.079487,1.545355,30,207,63,6,0.32204186,0.01770420,-0.00338982,0E-8,0.000000,0.904812,0.002133,0.03111404,2026-03-21,2026-08-06,120,3733,1703,139,0.863309,1.227414,1.154177,1.073473,,,,,,,,GLOBAL_BASELINE_NO_ENTITY_RANKING,,,NOT_APPLICABLE_GLOBAL_BASELINE,HF9g-P5,,,,X 全窗基线 · 不参与实体赏罚,15052109,1506,A168_HF9F_20260827_0900,2026-08-27 09:00:00
2026-04-21,127529701,1396,0,74.0779519934,31.9346648169,31.9346648169,0.6666667,6,6,0.49771390000000000,0.497713900000,0.8277047895645219,0.8277047895645219,0.8277047895645219,0E-17,ELIGIBLE,R03b_20260811_FULL_v1,L1_ELIGIBILITY,v2026-08-11,2026-03-21..2026-08-06,baccarat_bet02_101_all_pairs_incl_sentinel,round_win = game_pnl > 0 (decisive only),COMPATIBILITY_ONLY_NOT_PRODUCTION,557989.4742,504875.3716,9878.7574,24851,24505,-0.01770420,0.00338982,-0.02772422,-0.01770420,-9878.7574,557989.4742,OK,0.0000,395.1503,4.0000,96.0000,AG03-UNRESOLVED,ALL5_LEVELS_bet23_to_bet27,395.1503,395.1503,395.1503,0.0000,0.0000,4.000000,4.000000,4.000000,0.000000,0.000000,96.000000,96.000000,96.000000,100.000000,100.000000,5.0,1185.4509,1138.6651,8693.3065,8740.0923,PENDING_AG03,FALSE,NOT_FOR_ENFORCEMENT,9483.6071,484680.3568,9878.7574,9483.6071,395.1503,0.01770420,0.01699603,395.1503,9483.6071,0.01699603,395.1503,395.1503,395.1503,0.0000,0.0000,9483.6071,0.01699603,1185.4509,1138.6651,8693.3065,8740.0923,0.01557970,0.01566354,0.00070817,22.4534,20.6030,0.4031,82.3230,2.6463,4649.9123,204.2083,25.9152,21.1137,12.8578,14.5296,26.176,48.8436,54.2173,102.8621,13.088,0.0,3.731508,7.079487,1.545355,30,207,63,6,0.32204186,0.01770420,-0.00338982,0E-8,0.000000,0.904812,0.002133,0.03111404,2026-03-21,2026-08-06,120,3733,1703,139,0.863309,1.227414,1.154177,1.073473,,,,,,,,GLOBAL_BASELINE_NO_ENTITY_RANKING,,,NOT_APPLICABLE_GLOBAL_BASELINE,HF9g-P5,,,,X 全窗基线 · 不参与实体赏罚,15052110,1506,A168_HF9F_20260827_0900,2026-08-27 09:00:00
2026-04-21,127529701,1490,0,34.0287411984,1.9631966076,1.9631966076,0.6666667,3,3,0.49771390000000000,0.497713900000,0.5852756695216578,0.5852756695216578,0.5852756695216578,0E-17,ELIGIBLE,R03b_20260811_FULL_v1,L1_ELIGIBILITY,v2026-08-11,2026-03-21..2026-08-06,baccarat_bet02_101_all_pairs_incl_sentinel,round_win = game_pnl > 0 (decisive only),COMPATIBILITY_ONLY_NOT_PRODUCTION,557989.4742,504875.3716,9878.7574,24851,24505,-0.01770420,0.00338982,-0.02772422,-0.01770420,-9878.7574,557989.4742,OK,0.0000,395.1503,4.0000,96.0000,AG03-UNRESOLVED,ALL5_LEVELS_bet23_to_bet27,395.1503,395.1503,395.1503,0.0000,0.0000,4.000000,4.000000,4.000000,0.000000,0.000000,96.000000,96.000000,96.000000,100.000000,100.000000,5.0,1185.4509,1138.6651,8693.3065,8740.0923,PENDING_AG03,FALSE,NOT_FOR_ENFORCEMENT,9483.6071,484680.3568,9878.7574,9483.6071,395.1503,0.01770420,0.01699603,395.1503,9483.6071,0.01699603,395.1503,395.1503,395.1503,0.0000,0.0000,9483.6071,0.01699603,1185.4509,1138.6651,8693.3065,8740.0923,0.01557970,0.01566354,0.00070817,22.4534,20.6030,0.4031,82.3230,2.6463,4649.9123,204.2083,25.9152,21.1137,12.8578,14.5296,26.176,48.8436,54.2173,102.8621,13.088,0.0,3.731508,7.079487,1.545355,30,207,63,6,0.32204186,0.01770420,-0.00338982,0E-8,0.000000,0.904812,0.002133,0.03111404,2026-03-21,2026-08-06,120,3733,1703,139,0.863309,1.227414,1.154177,1.073473,,,,,,,,GLOBAL_BASELINE_NO_ENTITY_RANKING,,,NOT_APPLICABLE_GLOBAL_BASELINE,HF9g-P5,,,,X 全窗基线 · 不参与实体赏罚,15052111,1506,A168_HF9F_20260827_0900,2026-08-27 09:00:00
2026-04-21,127529701,2239,0,49.7343140592,-26.5685940895,-26.5685940895,0.2500000,5,5,0.50396966000000000,0.503969660000,-1.01591065835228,-1.0159106583522801,-1.01591065835228,0E-17,ELIGIBLE,R03b_20260811_FULL_v1,L1_ELIGIBILITY,v2026-08-11,2026-03-21..2026-08-06,baccarat_bet02_101_all_pairs_incl_sentinel,round_win = game_pnl > 0 (decisive only),COMPATIBILITY_ONLY_NOT_PRODUCTION,557989.4742,504875.3716,9878.7574,24851,24505,-0.01770420,0.00338982,-0.02772422,-0.01770420,-9878.7574,557989.4742,OK,0.0000,395.1503,4.0000,96.0000,AG03-UNRESOLVED,ALL5_LEVELS_bet23_to_bet27,395.1503,395.1503,395.1503,0.0000,0.0000,4.000000,4.000000,4.000000,0.000000,0.000000,96.000000,96.000000,96.000000,100.000000,100.000000,5.0,1185.4509,1138.6651,8693.3065,8740.0923,PENDING_AG03,FALSE,NOT_FOR_ENFORCEMENT,9483.6071,484680.3568,9878.7574,9483.6071,395.1503,0.01770420,0.01699603,395.1503,9483.6071,0.01699603,395.1503,395.1503,395.1503,0.0000,0.0000,9483.6071,0.01699603,1185.4509,1138.6651,8693.3065,8740.0923,0.01557970,0.01566354,0.00070817,22.4534,20.6030,0.4031,82.3230,2.6463,4649.9123,204.2083,25.9152,21.1137,12.8578,14.5296,26.176,48.8436,54.2173,102.8621,13.088,0.0,3.731508,7.079487,1.545355,30,207,63,6,0.32204186,0.01770420,-0.00338982,0E-8,0.000000,0.904812,0.002133,0.03111404,2026-03-21,2026-08-06,120,3733,1703,139,0.863309,1.227414,1.154177,1.073473,,,,,,,,GLOBAL_BASELINE_NO_ENTITY_RANKING,,,NOT_APPLICABLE_GLOBAL_BASELINE,HF9g-P5,,,,X 全窗基线 · 不参与实体赏罚,15052112,1506,A168_HF9F_20260827_0900,2026-08-27 09:00:00
2026-04-21,127529701,2241,0,94.2334371648,47.1167185824,47.1167185824,0.6666667,7,7,0.49516052857142857,0.495160528571,0.8402444109601804,0.840244410962287,0.8402444109601804,4.2857E-13,ELIGIBLE,R03b_20260811_FULL_v1,L1_ELIGIBILITY,v2026-08-11,2026-03-21..2026-08-06,baccarat_bet02_101_all_pairs_incl_sentinel,round_win = game_pnl > 0 (decisive only),COMPATIBILITY_ONLY_NOT_PRODUCTION,557989.4742,504875.3716,9878.7574,24851,24505,-0.01770420,0.00338982,-0.02772422,-0.01770420,-9878.7574,557989.4742,OK,0.0000,395.1503,4.0000,96.0000,AG03-UNRESOLVED,ALL5_LEVELS_bet23_to_bet27,395.1503,395.1503,395.1503,0.0000,0.0000,4.000000,4.000000,4.000000,0.000000,0.000000,96.000000,96.000000,96.000000,100.000000,100.000000,5.0,1185.4509,1138.6651,8693.3065,8740.0923,PENDING_AG03,FALSE,NOT_FOR_ENFORCEMENT,9483.6071,484680.3568,9878.7574,9483.6071,395.1503,0.01770420,0.01699603,395.1503,9483.6071,0.01699603,395.1503,395.1503,395.1503,0.0000,0.0000,9483.6071,0.01699603,1185.4509,1138.6651,8693.3065,8740.0923,0.01557970,0.01566354,0.00070817,22.4534,20.6030,0.4031,82.3230,2.6463,4649.9123,204.2083,25.9152,21.1137,12.8578,14.5296,26.176,48.8436,54.2173,102.8621,13.088,0.0,3.731508,7.079487,1.545355,30,207,63,6,0.32204186,0.01770420,-0.00338982,0E-8,0.000000,0.904812,0.002133,0.03111404,2026-03-21,2026-08-06,120,3733,1703,139,0.863309,1.227414,1.154177,1.073473,,,,,,,,GLOBAL_BASELINE_NO_ENTITY_RANKING,,,NOT_APPLICABLE_GLOBAL_BASELINE,HF9g-P5,,,,X 全窗基线 · 不参与实体赏罚,15052113,1506,A168_HF9F_20260827_0900,2026-08-27 09:00:00
2026-04-21,127529701,2242,0,24.3436379342,-19.1084469806,-19.1084469806,0E-7,4,4,0.49659680000000000,0.496596800000,-1.7203016256901094,-1.7203016256901091,-1.7203016256901094,0E-17,ELIGIBLE,R03b_20260811_FULL_v1,L1_ELIGIBILITY,v2026-08-11,2026-03-21..2026-08-06,baccarat_bet02_101_all_pairs_incl_sentinel,round_win = game_pnl > 0 (decisive only),COMPATIBILITY_ONLY_NOT_PRODUCTION,557989.4742,504875.3716,9878.7574,24851,24505,-0.01770420,0.00338982,-0.02772422,-0.01770420,-9878.7574,557989.4742,OK,0.0000,395.1503,4.0000,96.0000,AG03-UNRESOLVED,ALL5_LEVELS_bet23_to_bet27,395.1503,395.1503,395.1503,0.0000,0.0000,4.000000,4.000000,4.000000,0.000000,0.000000,96.000000,96.000000,96.000000,100.000000,100.000000,5.0,1185.4509,1138.6651,8693.3065,8740.0923,PENDING_AG03,FALSE,NOT_FOR_ENFORCEMENT,9483.6071,484680.3568,9878.7574,9483.6071,395.1503,0.01770420,0.01699603,395.1503,9483.6071,0.01699603,395.1503,395.1503,395.1503,0.0000,0.0000,9483.6071,0.01699603,1185.4509,1138.6651,8693.3065,8740.0923,0.01557970,0.01566354,0.00070817,22.4534,20.6030,0.4031,82.3230,2.6463,4649.9123,204.2083,25.9152,21.1137,12.8578,14.5296,26.176,48.8436,54.2173,102.8621,13.088,0.0,3.731508,7.079487,1.545355,30,207,63,6,0.32204186,0.01770420,-0.00338982,0E-8,0.000000,0.904812,0.002133,0.03111404,2026-03-21,2026-08-06,120,3733,1703,139,0.863309,1.227414,1.154177,1.073473,,,,,,,,GLOBAL_BASELINE_NO_ENTITY_RANKING,,,NOT_APPLICABLE_GLOBAL_BASELINE,HF9g-P5,,,,X 全窗基线 · 不参与实体赏罚,15052114,1506,A168_HF9F_20260827_0900,2026-08-27 09:00:00
2026-04-21,127529701,2246,0,155.4851713218,-39.3293720388,-39.3293720388,0.4285714,7,7,0.50090561428571429,0.500905614286,-0.38275716120403624,-0.38275716120554854,-0.38275716120403624,-2.8571E-13,ELIGIBLE,R03b_20260811_FULL_v1,L1_ELIGIBILITY,v2026-08-11,2026-03-21..2026-08-06,baccarat_bet02_101_all_pairs_incl_sentinel,round_win = game_pnl > 0 (decisive only),COMPATIBILITY_ONLY_NOT_PRODUCTION,557989.4742,504875.3716,9878.7574,24851,24505,-0.01770420,0.00338982,-0.02772422,-0.01770420,-9878.7574,557989.4742,OK,0.0000,395.1503,4.0000,96.0000,AG03-UNRESOLVED,ALL5_LEVELS_bet23_to_bet27,395.1503,395.1503,395.1503,0.0000,0.0000,4.000000,4.000000,4.000000,0.000000,0.000000,96.000000,96.000000,96.000000,100.000000,100.000000,5.0,1185.4509,1138.6651,8693.3065,8740.0923,PENDING_AG03,FALSE,NOT_FOR_ENFORCEMENT,9483.6071,484680.3568,9878.7574,9483.6071,395.1503,0.01770420,0.01699603,395.1503,9483.6071,0.01699603,395.1503,395.1503,395.1503,0.0000,0.0000,9483.6071,0.01699603,1185.4509,1138.6651,8693.3065,8740.0923,0.01557970,0.01566354,0.00070817,22.4534,20.6030,0.4031,82.3230,2.6463,4649.9123,204.2083,25.9152,21.1137,12.8578,14.5296,26.176,48.8436,54.2173,102.8621,13.088,0.0,3.731508,7.079487,1.545355,30,207,63,6,0.32204186,0.01770420,-0.00338982,0E-8,0.000000,0.904812,0.002133,0.03111404,2026-03-21,2026-08-06,120,3733,1703,139,0.863309,1.227414,1.154177,1.073473,,,,,,,,GLOBAL_BASELINE_NO_ENTITY_RANKING,,,NOT_APPLICABLE_GLOBAL_BASELINE,HF9g-P5,,,,X 全窗基线 · 不参与实体赏罚,15052115,1506,A168_HF9F_20260827_0900,2026-08-27 09:00:00
2026-04-21,127529701,2252,0,166.7408318720,-7.1591236291,-7.1591236291,0.6153846,14,14,0.50090561428571429,0.500905614286,0.8255211709343834,0.8255211709323239,0.8255211709343834,-2.8571E-13,ELIGIBLE,R03b_20260811_FULL_v1,L1_ELIGIBILITY,v2026-08-11,2026-03-21..2026-08-06,baccarat_bet02_101_all_pairs_incl_sentinel,round_win = game_pnl > 0 (decisive only),COMPATIBILITY_ONLY_NOT_PRODUCTION,557989.4742,504875.3716,9878.7574,24851,24505,-0.01770420,0.00338982,-0.02772422,-0.01770420,-9878.7574,557989.4742,OK,0.0000,395.1503,4.0000,96.0000,AG03-UNRESOLVED,ALL5_LEVELS_bet23_to_bet27,395.1503,395.1503,395.1503,0.0000,0.0000,4.000000,4.000000,4.000000,0.000000,0.000000,96.000000,96.000000,96.000000,100.000000,100.000000,5.0,1185.4509,1138.6651,8693.3065,8740.0923,PENDING_AG03,FALSE,NOT_FOR_ENFORCEMENT,9483.6071,484680.3568,9878.7574,9483.6071,395.1503,0.01770420,0.01699603,395.1503,9483.6071,0.01699603,395.1503,395.1503,395.1503,0.0000,0.0000,9483.6071,0.01699603,1185.4509,1138.6651,8693.3065,8740.0923,0.01557970,0.01566354,0.00070817,22.4534,20.6030,0.4031,82.3230,2.6463,4649.9123,204.2083,25.9152,21.1137,12.8578,14.5296,26.176,48.8436,54.2173,102.8621,13.088,0.0,3.731508,7.079487,1.545355,30,207,63,6,0.32204186,0.01770420,-0.00338982,0E-8,0.000000,0.904812,0.002133,0.03111404,2026-03-21,2026-08-06,120,3733,1703,139,0.863309,1.227414,1.154177,1.073473,,,,,,,,GLOBAL_BASELINE_NO_ENTITY_RANKING,,,NOT_APPLICABLE_GLOBAL_BASELINE,HF9g-P5,,,,X 全窗基线 · 不参与实体赏罚,15052116,1506,A168_HF9F_20260827_0900,2026-08-27 09:00:00
2026-04-21,127529701,2256,0,160.1968431800,11.1902206633,11.1902206633,0.4545455,12,12,0.49994810000000000,0.499948100000,-0.3011670805469781,-0.3011670805469781,-0.3011670805469781,0E-17,ELIGIBLE,R03b_20260811_FULL_v1,L1_ELIGIBILITY,v2026-08-11,2026-03-21..2026-08-06,baccarat_bet02_101_all_pairs_incl_sentinel,round_win = game_pnl > 0 (decisive only),COMPATIBILITY_ONLY_NOT_PRODUCTION,557989.4742,504875.3716,9878.7574,24851,24505,-0.01770420,0.00338982,-0.02772422,-0.01770420,-9878.7574,557989.4742,OK,0.0000,395.1503,4.0000,96.0000,AG03-UNRESOLVED,ALL5_LEVELS_bet23_to_bet27,395.1503,395.1503,395.1503,0.0000,0.0000,4.000000,4.000000,4.000000,0.000000,0.000000,96.000000,96.000000,96.000000,100.000000,100.000000,5.0,1185.4509,1138.6651,8693.3065,8740.0923,PENDING_AG03,FALSE,NOT_FOR_ENFORCEMENT,9483.6071,484680.3568,9878.7574,9483.6071,395.1503,0.01770420,0.01699603,395.1503,9483.6071,0.01699603,395.1503,395.1503,395.1503,0.0000,0.0000,9483.6071,0.01699603,1185.4509,1138.6651,8693.3065,8740.0923,0.01557970,0.01566354,0.00070817,22.4534,20.6030,0.4031,82.3230,2.6463,4649.9123,204.2083,25.9152,21.1137,12.8578,14.5296,26.176,48.8436,54.2173,102.8621,13.088,0.0,3.731508,7.079487,1.545355,30,207,63,6,0.32204186,0.01770420,-0.00338982,0E-8,0.000000,0.904812,0.002133,0.03111404,2026-03-21,2026-08-06,120,3733,1703,139,0.863309,1.227414,1.154177,1.073473,,,,,,,,GLOBAL_BASELINE_NO_ENTITY_RANKING,,,NOT_APPLICABLE_GLOBAL_BASELINE,HF9g-P5,,,,X 全窗基线 · 不参与实体赏罚,15052117,1506,A168_HF9F_20260827_0900,2026-08-27 09:00:00
2026-04-24,127529701,1318,0,275.6328037067,29.9714682092,29.9714682092,0.4166667,14,14,0.49994810000000000,0.499948100000,-0.5769906985503502,-0.5769906985503502,-0.5769906985503502,0E-17,ELIGIBLE,R03b_20260811_FULL_v1,L1_ELIGIBILITY,v2026-08-11,2026-03-21..2026-08-06,baccarat_bet02_101_all_pairs_incl_sentinel,round_win = game_pnl > 0 (decisive only),COMPATIBILITY_ONLY_NOT_PRODUCTION,557989.4742,504875.3716,9878.7574,24851,24505,-0.01770420,0.00338982,-0.02772422,-0.01770420,-9878.7574,557989.4742,OK,0.0000,395.1503,4.0000,96.0000,AG03-UNRESOLVED,ALL5_LEVELS_bet23_to_bet27,395.1503,395.1503,395.1503,0.0000,0.0000,4.000000,4.000000,4.000000,0.000000,0.000000,96.000000,96.000000,96.000000,100.000000,100.000000,5.0,1185.4509,1138.6651,8693.3065,8740.0923,PENDING_AG03,FALSE,NOT_FOR_ENFORCEMENT,9483.6071,484680.3568,9878.7574,9483.6071,395.1503,0.01770420,0.01699603,395.1503,9483.6071,0.01699603,395.1503,395.1503,395.1503,0.0000,0.0000,9483.6071,0.01699603,1185.4509,1138.6651,8693.3065,8740.0923,0.01557970,0.01566354,0.00070817,22.4534,20.6030,0.4031,82.3230,2.6463,4649.9123,204.2083,25.9152,21.1137,12.8578,14.5296,26.176,48.8436,54.2173,102.8621,13.088,0.0,3.731508,7.079487,1.545355,30,207,63,6,0.32204186,0.01770420,-0.00338982,0E-8,0.000000,0.904812,0.002133,0.03111404,2026-03-21,2026-08-06,120,3733,1703,139,0.863309,1.227414,1.154177,1.073473,,,,,,,,GLOBAL_BASELINE_NO_ENTITY_RANKING,,,NOT_APPLICABLE_GLOBAL_BASELINE,HF9g-P5,,,,X 全窗基线 · 不参与实体赏罚,15052118,1506,A168_HF9F_20260827_0900,2026-08-27 09:00:00
2026-04-24,127529701,1400,0,278.7739182789,-71.9838756119,-71.9838756119,0.3636364,12,12,0.49771390000000000,0.497713900000,-0.889379058155728,-0.889379058155728,-0.889379058155728,0E-17,ELIGIBLE,R03b_20260811_FULL_v1,L1_ELIGIBILITY,v2026-08-11,2026-03-21..2026-08-06,baccarat_bet02_101_all_pairs_incl_sentinel,round_win = game_pnl > 0 (decisive only),COMPATIBILITY_ONLY_NOT_PRODUCTION,557989.4742,504875.3716,9878.7574,24851,24505,-0.01770420,0.00338982,-0.02772422,-0.01770420,-9878.7574,557989.4742,OK,0.0000,395.1503,4.0000,96.0000,AG03-UNRESOLVED,ALL5_LEVELS_bet23_to_bet27,395.1503,395.1503,395.1503,0.0000,0.0000,4.000000,4.000000,4.000000,0.000000,0.000000,96.000000,96.000000,96.000000,100.000000,100.000000,5.0,1185.4509,1138.6651,8693.3065,8740.0923,PENDING_AG03,FALSE,NOT_FOR_ENFORCEMENT,9483.6071,484680.3568,9878.7574,9483.6071,395.1503,0.01770420,0.01699603,395.1503,9483.6071,0.01699603,395.1503,395.1503,395.1503,0.0000,0.0000,9483.6071,0.01699603,1185.4509,1138.6651,8693.3065,8740.0923,0.01557970,0.01566354,0.00070817,22.4534,20.6030,0.4031,82.3230,2.6463,4649.9123,204.2083,25.9152,21.1137,12.8578,14.5296,26.176,48.8436,54.2173,102.8621,13.088,0.0,3.731508,7.079487,1.545355,30,207,63,6,0.32204186,0.01770420,-0.00338982,0E-8,0.000000,0.904812,0.002133,0.03111404,2026-03-21,2026-08-06,120,3733,1703,139,0.863309,1.227414,1.154177,1.073473,,,,,,,,GLOBAL_BASELINE_NO_ENTITY_RANKING,,,NOT_APPLICABLE_GLOBAL_BASELINE,HF9g-P5,,,,X 全窗基线 · 不参与实体赏罚,15052119,1506,A168_HF9F_20260827_0900,2026-08-27 09:00:00
2026-04-24,127529701,1505,0,223.0191346231,-21.5951626837,-21.5951626837,0.3333333,12,12,0.49883100000000000,0.498831000000,-1.1466046026176067,-1.1466046026176067,-1.1466046026176067,0E-17,ELIGIBLE,R03b_20260811_FULL_v1,L1_ELIGIBILITY,v2026-08-11,2026-03-21..2026-08-06,baccarat_bet02_101_all_pairs_incl_sentinel,round_win = game_pnl > 0 (decisive only),COMPATIBILITY_ONLY_NOT_PRODUCTION,557989.4742,504875.3716,9878.7574,24851,24505,-0.01770420,0.00338982,-0.02772422,-0.01770420,-9878.7574,557989.4742,OK,0.0000,395.1503,4.0000,96.0000,AG03-UNRESOLVED,ALL5_LEVELS_bet23_to_bet27,395.1503,395.1503,395.1503,0.0000,0.0000,4.000000,4.000000,4.000000,0.000000,0.000000,96.000000,96.000000,96.000000,100.000000,100.000000,5.0,1185.4509,1138.6651,8693.3065,8740.0923,PENDING_AG03,FALSE,NOT_FOR_ENFORCEMENT,9483.6071,484680.3568,9878.7574,9483.6071,395.1503,0.01770420,0.01699603,395.1503,9483.6071,0.01699603,395.1503,395.1503,395.1503,0.0000,0.0000,9483.6071,0.01699603,1185.4509,1138.6651,8693.3065,8740.0923,0.01557970,0.01566354,0.00070817,22.4534,20.6030,0.4031,82.3230,2.6463,4649.9123,204.2083,25.9152,21.1137,12.8578,14.5296,26.176,48.8436,54.2173,102.8621,13.088,0.0,3.731508,7.079487,1.545355,30,207,63,6,0.32204186,0.01770420,-0.00338982,0E-8,0.000000,0.904812,0.002133,0.03111404,2026-03-21,2026-08-06,120,3733,1703,139,0.863309,1.227414,1.154177,1.073473,,,,,,,,GLOBAL_BASELINE_NO_ENTITY_RANKING,,,NOT_APPLICABLE_GLOBAL_BASELINE,HF9g-P5,,,,X 全窗基线 · 不参与实体赏罚,15052120,1506,A168_HF9F_20260827_0900,2026-08-27 09:00:00
2026-04-24,127529701,2141,0,299.7146820932,-61.3826139309,-61.3826139309,0.5000000,12,12,0.50106520000000000,0.501065200000,-0.007379938828219007,-0.007379938828219008,-0.007379938828219007,0E-17,ELIGIBLE,R03b_20260811_FULL_v1,L1_ELIGIBILITY,v2026-08-11,2026-03-21..2026-08-06,baccarat_bet02_101_all_pairs_incl_sentinel,round_win = game_pnl > 0 (decisive only),COMPATIBILITY_ONLY_NOT_PRODUCTION,557989.4742,504875.3716,9878.7574,24851,24505,-0.01770420,0.00338982,-0.02772422,-0.01770420,-9878.7574,557989.4742,OK,0.0000,395.1503,4.0000,96.0000,AG03-UNRESOLVED,ALL5_LEVELS_bet23_to_bet27,395.1503,395.1503,395.1503,0.0000,0.0000,4.000000,4.000000,4.000000,0.000000,0.000000,96.000000,96.000000,96.000000,100.000000,100.000000,5.0,1185.4509,1138.6651,8693.3065,8740.0923,PENDING_AG03,FALSE,NOT_FOR_ENFORCEMENT,9483.6071,484680.3568,9878.7574,9483.6071,395.1503,0.01770420,0.01699603,395.1503,9483.6071,0.01699603,395.1503,395.1503,395.1503,0.0000,0.0000,9483.6071,0.01699603,1185.4509,1138.6651,8693.3065,8740.0923,0.01557970,0.01566354,0.00070817,22.4534,20.6030,0.4031,82.3230,2.6463,4649.9123,204.2083,25.9152,21.1137,12.8578,14.5296,26.176,48.8436,54.2173,102.8621,13.088,0.0,3.731508,7.079487,1.545355,30,207,63,6,0.32204186,0.01770420,-0.00338982,0E-8,0.000000,0.904812,0.002133,0.03111404,2026-03-21,2026-08-06,120,3733,1703,139,0.863309,1.227414,1.154177,1.073473,,,,,,,,GLOBAL_BASELINE_NO_ENTITY_RANKING,,,NOT_APPLICABLE_GLOBAL_BASELINE,HF9g-P5,,,,X 全窗基线 · 不参与实体赏罚,15052121,1506,A168_HF9F_20260827_0900,2026-08-27 09:00:00
2026-04-24,127529701,2145,0,264.3771431565,-57.5871004895,-57.5871004895,0.4000000,11,10,0.48817530285714286,0.479345705000,-0.5578255968380653,-0.5022550075419416,-0.5578255968380653,0.00882959785714286,ELIGIBLE,R03b_20260811_FULL_v1,L1_ELIGIBILITY,v2026-08-11,2026-03-21..2026-08-06,baccarat_bet02_101_all_pairs_incl_sentinel,round_win = game_pnl > 0 (decisive only),COMPATIBILITY_ONLY_NOT_PRODUCTION,557989.4742,504875.3716,9878.7574,24851,24505,-0.01770420,0.00338982,-0.02772422,-0.01770420,-9878.7574,557989.4742,OK,0.0000,395.1503,4.0000,96.0000,AG03-UNRESOLVED,ALL5_LEVELS_bet23_to_bet27,395.1503,395.1503,395.1503,0.0000,0.0000,4.000000,4.000000,4.000000,0.000000,0.000000,96.000000,96.000000,96.000000,100.000000,100.000000,5.0,1185.4509,1138.6651,8693.3065,8740.0923,PENDING_AG03,FALSE,NOT_FOR_ENFORCEMENT,9483.6071,484680.3568,9878.7574,9483.6071,395.1503,0.01770420,0.01699603,395.1503,9483.6071,0.01699603,395.1503,395.1503,395.1503,0.0000,0.0000,9483.6071,0.01699603,1185.4509,1138.6651,8693.3065,8740.0923,0.01557970,0.01566354,0.00070817,22.4534,20.6030,0.4031,82.3230,2.6463,4649.9123,204.2083,25.9152,21.1137,12.8578,14.5296,26.176,48.8436,54.2173,102.8621,13.088,0.0,3.731508,7.079487,1.545355,30,207,63,6,0.32204186,0.01770420,-0.00338982,0E-8,0.000000,0.904812,0.002133,0.03111404,2026-03-21,2026-08-06,120,3733,1703,139,0.863309,1.227414,1.154177,1.073473,,,,,,,,GLOBAL_BASELINE_NO_ENTITY_RANKING,,,NOT_APPLICABLE_GLOBAL_BASELINE,HF9g-P5,,,,X 全窗基线 · 不参与实体赏罚,15052122,1506,A168_HF9F_20260827_0900,2026-08-27 09:00:00
2026-04-25,127529701,-1,1,544.4598591739,-8.4548333901,-8.4548333901,0.5483871,33,33,0.49771390000000000,0.497713900000,0.564278736457997,0.5642787364579971,0.564278736457997,0E-17,SENTINEL_DEALER,R03b_20260811_FULL_v1,L1_ELIGIBILITY,v2026-08-11,2026-03-21..2026-08-06,baccarat_bet02_101_all_pairs_incl_sentinel,round_win = game_pnl > 0 (decisive only),COMPATIBILITY_ONLY_NOT_PRODUCTION,557989.4742,504875.3716,9878.7574,24851,24505,-0.01770420,0.00338982,-0.02772422,-0.01770420,-9878.7574,557989.4742,OK,0.0000,395.1503,4.0000,96.0000,AG03-UNRESOLVED,ALL5_LEVELS_bet23_to_bet27,395.1503,395.1503,395.1503,0.0000,0.0000,4.000000,4.000000,4.000000,0.000000,0.000000,96.000000,96.000000,96.000000,100.000000,100.000000,5.0,1185.4509,1138.6651,8693.3065,8740.0923,PENDING_AG03,FALSE,NOT_FOR_ENFORCEMENT,9483.6071,484680.3568,9878.7574,9483.6071,395.1503,0.01770420,0.01699603,395.1503,9483.6071,0.01699603,395.1503,395.1503,395.1503,0.0000,0.0000,9483.6071,0.01699603,1185.4509,1138.6651,8693.3065,8740.0923,0.01557970,0.01566354,0.00070817,22.4534,20.6030,0.4031,82.3230,2.6463,4649.9123,204.2083,25.9152,21.1137,12.8578,14.5296,26.176,48.8436,54.2173,102.8621,13.088,0.0,3.731508,7.079487,1.545355,30,207,63,6,0.32204186,0.01770420,-0.00338982,0E-8,0.000000,0.904812,0.002133,0.03111404,2026-03-21,2026-08-06,120,3733,1703,139,0.863309,1.227414,1.154177,1.073473,,,,,,,,GLOBAL_BASELINE_NO_ENTITY_RANKING,,,NOT_APPLICABLE_GLOBAL_BASELINE,HF9g-P5,,,,X 全窗基线 · 不参与实体赏罚,15052123,1506,A168_HF9F_20260827_0900,2026-08-27 09:00:00
2026-04-25,127529701,1291,0,149.2029421775,85.5953720912,85.5953720912,0.8571429,9,9,0.50069283333333333,0.500692833333,1.8861580464267045,1.8861580464284666,1.8861580464267045,3.3333E-13,ELIGIBLE,R03b_20260811_FULL_v1,L1_ELIGIBILITY,v2026-08-11,2026-03-21..2026-08-06,baccarat_bet02_101_all_pairs_incl_sentinel,round_win = game_pnl > 0 (decisive only),COMPATIBILITY_ONLY_NOT_PRODUCTION,557989.4742,504875.3716,9878.7574,24851,24505,-0.01770420,0.00338982,-0.02772422,-0.01770420,-9878.7574,557989.4742,OK,0.0000,395.1503,4.0000,96.0000,AG03-UNRESOLVED,ALL5_LEVELS_bet23_to_bet27,395.1503,395.1503,395.1503,0.0000,0.0000,4.000000,4.000000,4.000000,0.000000,0.000000,96.000000,96.000000,96.000000,100.000000,100.000000,5.0,1185.4509,1138.6651,8693.3065,8740.0923,PENDING_AG03,FALSE,NOT_FOR_ENFORCEMENT,9483.6071,484680.3568,9878.7574,9483.6071,395.1503,0.01770420,0.01699603,395.1503,9483.6071,0.01699603,395.1503,395.1503,395.1503,0.0000,0.0000,9483.6071,0.01699603,1185.4509,1138.6651,8693.3065,8740.0923,0.01557970,0.01566354,0.00070817,22.4534,20.6030,0.4031,82.3230,2.6463,4649.9123,204.2083,25.9152,21.1137,12.8578,14.5296,26.176,48.8436,54.2173,102.8621,13.088,0.0,3.731508,7.079487,1.545355,30,207,63,6,0.32204186,0.01770420,-0.00338982,0E-8,0.000000,0.904812,0.002133,0.03111404,2026-03-21,2026-08-06,120,3733,1703,139,0.863309,1.227414,1.154177,1.073473,,,,,,,,GLOBAL_BASELINE_NO_ENTITY_RANKING,,,NOT_APPLICABLE_GLOBAL_BASELINE,HF9g-P5,,,,X 全窗基线 · 不参与实体赏罚,15052124,1506,A168_HF9F_20260827_0900,2026-08-27 09:00:00
2026-04-25,127529701,1363,0,147.8941444392,-11.4519802111,-11.4519802111,0.5555556,10,10,0.50128862000000000,0.501288620000,0.3256026946887059,0.3256026946887059,0.3256026946887059,0E-17,ELIGIBLE,R03b_20260811_FULL_v1,L1_ELIGIBILITY,v2026-08-11,2026-03-21..2026-08-06,baccarat_bet02_101_all_pairs_incl_sentinel,round_win = game_pnl > 0 (decisive only),COMPATIBILITY_ONLY_NOT_PRODUCTION,557989.4742,504875.3716,9878.7574,24851,24505,-0.01770420,0.00338982,-0.02772422,-0.01770420,-9878.7574,557989.4742,OK,0.0000,395.1503,4.0000,96.0000,AG03-UNRESOLVED,ALL5_LEVELS_bet23_to_bet27,395.1503,395.1503,395.1503,0.0000,0.0000,4.000000,4.000000,4.000000,0.000000,0.000000,96.000000,96.000000,96.000000,100.000000,100.000000,5.0,1185.4509,1138.6651,8693.3065,8740.0923,PENDING_AG03,FALSE,NOT_FOR_ENFORCEMENT,9483.6071,484680.3568,9878.7574,9483.6071,395.1503,0.01770420,0.01699603,395.1503,9483.6071,0.01699603,395.1503,395.1503,395.1503,0.0000,0.0000,9483.6071,0.01699603,1185.4509,1138.6651,8693.3065,8740.0923,0.01557970,0.01566354,0.00070817,22.4534,20.6030,0.4031,82.3230,2.6463,4649.9123,204.2083,25.9152,21.1137,12.8578,14.5296,26.176,48.8436,54.2173,102.8621,13.088,0.0,3.731508,7.079487,1.545355,30,207,63,6,0.32204186,0.01770420,-0.00338982,0E-8,0.000000,0.904812,0.002133,0.03111404,2026-03-21,2026-08-06,120,3733,1703,139,0.863309,1.227414,1.154177,1.073473,,,,,,,,GLOBAL_BASELINE_NO_ENTITY_RANKING,,,NOT_APPLICABLE_GLOBAL_BASELINE,HF9g-P5,,,,X 全窗基线 · 不参与实体赏罚,15052125,1506,A168_HF9F_20260827_0900,2026-08-27 09:00:00
2026-04-25,127529701,1400,0,38.4786535089,-11.9362353742,-11.9362353742,0.3333333,3,3,0.49771390000000000,0.497713900000,-0.5694369385616226,-0.5694369385616226,-0.5694369385616226,0E-17,ELIGIBLE,R03b_20260811_FULL_v1,L1_ELIGIBILITY,v2026-08-11,2026-03-21..2026-08-06,baccarat_bet02_101_all_pairs_incl_sentinel,round_win = game_pnl > 0 (decisive only),COMPATIBILITY_ONLY_NOT_PRODUCTION,557989.4742,504875.3716,9878.7574,24851,24505,-0.01770420,0.00338982,-0.02772422,-0.01770420,-9878.7574,557989.4742,OK,0.0000,395.1503,4.0000,96.0000,AG03-UNRESOLVED,ALL5_LEVELS_bet23_to_bet27,395.1503,395.1503,395.1503,0.0000,0.0000,4.000000,4.000000,4.000000,0.000000,0.000000,96.000000,96.000000,96.000000,100.000000,100.000000,5.0,1185.4509,1138.6651,8693.3065,8740.0923,PENDING_AG03,FALSE,NOT_FOR_ENFORCEMENT,9483.6071,484680.3568,9878.7574,9483.6071,395.1503,0.01770420,0.01699603,395.1503,9483.6071,0.01699603,395.1503,395.1503,395.1503,0.0000,0.0000,9483.6071,0.01699603,1185.4509,1138.6651,8693.3065,8740.0923,0.01557970,0.01566354,0.00070817,22.4534,20.6030,0.4031,82.3230,2.6463,4649.9123,204.2083,25.9152,21.1137,12.8578,14.5296,26.176,48.8436,54.2173,102.8621,13.088,0.0,3.731508,7.079487,1.545355,30,207,63,6,0.32204186,0.01770420,-0.00338982,0E-8,0.000000,0.904812,0.002133,0.03111404,2026-03-21,2026-08-06,120,3733,1703,139,0.863309,1.227414,1.154177,1.073473,,,,,,,,GLOBAL_BASELINE_NO_ENTITY_RANKING,,,NOT_APPLICABLE_GLOBAL_BASELINE,HF9g-P5,,,,X 全窗基线 · 不参与实体赏罚,15052126,1506,A168_HF9F_20260827_0900,2026-08-27 09:00:00
2026-04-25,127529701,1940,0,363.8457712745,-90.8305630449,-90.8305630449,0.3571429,14,14,0.50090561428571429,0.500905614286,-1.0758237290607624,-1.0758237290629016,-1.0758237290607624,-2.8571E-13,ELIGIBLE,R03b_20260811_FULL_v1,L1_ELIGIBILITY,v2026-08-11,2026-03-21..2026-08-06,baccarat_bet02_101_all_pairs_incl_sentinel,round_win = game_pnl > 0 (decisive only),COMPATIBILITY_ONLY_NOT_PRODUCTION,557989.4742,504875.3716,9878.7574,24851,24505,-0.01770420,0.00338982,-0.02772422,-0.01770420,-9878.7574,557989.4742,OK,0.0000,395.1503,4.0000,96.0000,AG03-UNRESOLVED,ALL5_LEVELS_bet23_to_bet27,395.1503,395.1503,395.1503,0.0000,0.0000,4.000000,4.000000,4.000000,0.000000,0.000000,96.000000,96.000000,96.000000,100.000000,100.000000,5.0,1185.4509,1138.6651,8693.3065,8740.0923,PENDING_AG03,FALSE,NOT_FOR_ENFORCEMENT,9483.6071,484680.3568,9878.7574,9483.6071,395.1503,0.01770420,0.01699603,395.1503,9483.6071,0.01699603,395.1503,395.1503,395.1503,0.0000,0.0000,9483.6071,0.01699603,1185.4509,1138.6651,8693.3065,8740.0923,0.01557970,0.01566354,0.00070817,22.4534,20.6030,0.4031,82.3230,2.6463,4649.9123,204.2083,25.9152,21.1137,12.8578,14.5296,26.176,48.8436,54.2173,102.8621,13.088,0.0,3.731508,7.079487,1.545355,30,207,63,6,0.32204186,0.01770420,-0.00338982,0E-8,0.000000,0.904812,0.002133,0.03111404,2026-03-21,2026-08-06,120,3733,1703,139,0.863309,1.227414,1.154177,1.073473,,,,,,,,GLOBAL_BASELINE_NO_ENTITY_RANKING,,,NOT_APPLICABLE_GLOBAL_BASELINE,HF9g-P5,,,,X 全窗基线 · 不参与实体赏罚,15052127,1506,A168_HF9F_20260827_0900,2026-08-27 09:00:00
2026-04-25,127529701,1947,0,91.6158416879,-91.6158416879,-91.6158416879,0E-7,7,7,0.50090561428571429,0.500905614286,-2.6505477190614033,-2.650547719062918,-2.6505477190614033,-2.8571E-13,ELIGIBLE,R03b_20260811_FULL_v1,L1_ELIGIBILITY,v2026-08-11,2026-03-21..2026-08-06,baccarat_bet02_101_all_pairs_incl_sentinel,round_win = game_pnl > 0 (decisive only),COMPATIBILITY_ONLY_NOT_PRODUCTION,557989.4742,504875.3716,9878.7574,24851,24505,-0.01770420,0.00338982,-0.02772422,-0.01770420,-9878.7574,557989.4742,OK,0.0000,395.1503,4.0000,96.0000,AG03-UNRESOLVED,ALL5_LEVELS_bet23_to_bet27,395.1503,395.1503,395.1503,0.0000,0.0000,4.000000,4.000000,4.000000,0.000000,0.000000,96.000000,96.000000,96.000000,100.000000,100.000000,5.0,1185.4509,1138.6651,8693.3065,8740.0923,PENDING_AG03,FALSE,NOT_FOR_ENFORCEMENT,9483.6071,484680.3568,9878.7574,9483.6071,395.1503,0.01770420,0.01699603,395.1503,9483.6071,0.01699603,395.1503,395.1503,395.1503,0.0000,0.0000,9483.6071,0.01699603,1185.4509,1138.6651,8693.3065,8740.0923,0.01557970,0.01566354,0.00070817,22.4534,20.6030,0.4031,82.3230,2.6463,4649.9123,204.2083,25.9152,21.1137,12.8578,14.5296,26.176,48.8436,54.2173,102.8621,13.088,0.0,3.731508,7.079487,1.545355,30,207,63,6,0.32204186,0.01770420,-0.00338982,0E-8,0.000000,0.904812,0.002133,0.03111404,2026-03-21,2026-08-06,120,3733,1703,139,0.863309,1.227414,1.154177,1.073473,,,,,,,,GLOBAL_BASELINE_NO_ENTITY_RANKING,,,NOT_APPLICABLE_GLOBAL_BASELINE,HF9g-P5,,,,X 全窗基线 · 不参与实体赏罚,15052128,1506,A168_HF9F_20260827_0900,2026-08-27 09:00:00
2026-04-25,127529701,2101,0,165.4320341335,-25.6524356725,-25.6524356725,0.5000000,6,6,0.49771390000000000,0.497713900000,0.011199674067230152,0.011199674067230152,0.011199674067230152,0E-17,ELIGIBLE,R03b_20260811_FULL_v1,L1_ELIGIBILITY,v2026-08-11,2026-03-21..2026-08-06,baccarat_bet02_101_all_pairs_incl_sentinel,round_win = game_pnl > 0 (decisive only),COMPATIBILITY_ONLY_NOT_PRODUCTION,557989.4742,504875.3716,9878.7574,24851,24505,-0.01770420,0.00338982,-0.02772422,-0.01770420,-9878.7574,557989.4742,OK,0.0000,395.1503,4.0000,96.0000,AG03-UNRESOLVED,ALL5_LEVELS_bet23_to_bet27,395.1503,395.1503,395.1503,0.0000,0.0000,4.000000,4.000000,4.000000,0.000000,0.000000,96.000000,96.000000,96.000000,100.000000,100.000000,5.0,1185.4509,1138.6651,8693.3065,8740.0923,PENDING_AG03,FALSE,NOT_FOR_ENFORCEMENT,9483.6071,484680.3568,9878.7574,9483.6071,395.1503,0.01770420,0.01699603,395.1503,9483.6071,0.01699603,395.1503,395.1503,395.1503,0.0000,0.0000,9483.6071,0.01699603,1185.4509,1138.6651,8693.3065,8740.0923,0.01557970,0.01566354,0.00070817,22.4534,20.6030,0.4031,82.3230,2.6463,4649.9123,204.2083,25.9152,21.1137,12.8578,14.5296,26.176,48.8436,54.2173,102.8621,13.088,0.0,3.731508,7.079487,1.545355,30,207,63,6,0.32204186,0.01770420,-0.00338982,0E-8,0.000000,0.904812,0.002133,0.03111404,2026-03-21,2026-08-06,120,3733,1703,139,0.863309,1.227414,1.154177,1.073473,,,,,,,,GLOBAL_BASELINE_NO_ENTITY_RANKING,,,NOT_APPLICABLE_GLOBAL_BASELINE,HF9g-P5,,,,X 全窗基线 · 不参与实体赏罚,15052129,1506,A168_HF9F_20260827_0900,2026-08-27 09:00:00
2026-04-25,127529701,2123,0,70.6750778735,-70.6750778735,-70.6750778735,0E-7,3,3,0.49771390000000000,0.497713900000,-1.724149546644903,-1.724149546644903,-1.724149546644903,0E-17,ELIGIBLE,R03b_20260811_FULL_v1,L1_ELIGIBILITY,v2026-08-11,2026-03-21..2026-08-06,baccarat_bet02_101_all_pairs_incl_sentinel,round_win = game_pnl > 0 (decisive only),COMPATIBILITY_ONLY_NOT_PRODUCTION,557989.4742,504875.3716,9878.7574,24851,24505,-0.01770420,0.00338982,-0.02772422,-0.01770420,-9878.7574,557989.4742,OK,0.0000,395.1503,4.0000,96.0000,AG03-UNRESOLVED,ALL5_LEVELS_bet23_to_bet27,395.1503,395.1503,395.1503,0.0000,0.0000,4.000000,4.000000,4.000000,0.000000,0.000000,96.000000,96.000000,96.000000,100.000000,100.000000,5.0,1185.4509,1138.6651,8693.3065,8740.0923,PENDING_AG03,FALSE,NOT_FOR_ENFORCEMENT,9483.6071,484680.3568,9878.7574,9483.6071,395.1503,0.01770420,0.01699603,395.1503,9483.6071,0.01699603,395.1503,395.1503,395.1503,0.0000,0.0000,9483.6071,0.01699603,1185.4509,1138.6651,8693.3065,8740.0923,0.01557970,0.01566354,0.00070817,22.4534,20.6030,0.4031,82.3230,2.6463,4649.9123,204.2083,25.9152,21.1137,12.8578,14.5296,26.176,48.8436,54.2173,102.8621,13.088,0.0,3.731508,7.079487,1.545355,30,207,63,6,0.32204186,0.01770420,-0.00338982,0E-8,0.000000,0.904812,0.002133,0.03111404,2026-03-21,2026-08-06,120,3733,1703,139,0.863309,1.227414,1.154177,1.073473,,,,,,,,GLOBAL_BASELINE_NO_ENTITY_RANKING,,,NOT_APPLICABLE_GLOBAL_BASELINE,HF9g-P5,,,,X 全窗基线 · 不参与实体赏罚,15052130,1506,A168_HF9F_20260827_0900,2026-08-27 09:00:00
2026-04-25,127529701,2223,0,52.3519095360,0E-10,0E-10,0.5000000,2,2,0.49324550000000000,0.493245500000,0.01910635448239258,0.01910635448239258,0.01910635448239258,0E-17,ELIGIBLE,R03b_20260811_FULL_v1,L1_ELIGIBILITY,v2026-08-11,2026-03-21..2026-08-06,baccarat_bet02_101_all_pairs_incl_sentinel,round_win = game_pnl > 0 (decisive only),COMPATIBILITY_ONLY_NOT_PRODUCTION,557989.4742,504875.3716,9878.7574,24851,24505,-0.01770420,0.00338982,-0.02772422,-0.01770420,-9878.7574,557989.4742,OK,0.0000,395.1503,4.0000,96.0000,AG03-UNRESOLVED,ALL5_LEVELS_bet23_to_bet27,395.1503,395.1503,395.1503,0.0000,0.0000,4.000000,4.000000,4.000000,0.000000,0.000000,96.000000,96.000000,96.000000,100.000000,100.000000,5.0,1185.4509,1138.6651,8693.3065,8740.0923,PENDING_AG03,FALSE,NOT_FOR_ENFORCEMENT,9483.6071,484680.3568,9878.7574,9483.6071,395.1503,0.01770420,0.01699603,395.1503,9483.6071,0.01699603,395.1503,395.1503,395.1503,0.0000,0.0000,9483.6071,0.01699603,1185.4509,1138.6651,8693.3065,8740.0923,0.01557970,0.01566354,0.00070817,22.4534,20.6030,0.4031,82.3230,2.6463,4649.9123,204.2083,25.9152,21.1137,12.8578,14.5296,26.176,48.8436,54.2173,102.8621,13.088,0.0,3.731508,7.079487,1.545355,30,207,63,6,0.32204186,0.01770420,-0.00338982,0E-8,0.000000,0.904812,0.002133,0.03111404,2026-03-21,2026-08-06,120,3733,1703,139,0.863309,1.227414,1.154177,1.073473,,,,,,,,GLOBAL_BASELINE_NO_ENTITY_RANKING,,,NOT_APPLICABLE_GLOBAL_BASELINE,HF9g-P5,,,,X 全窗基线 · 不参与实体赏罚,15052131,1506,A168_HF9F_20260827_0900,2026-08-27 09:00:00
2026-04-25,127529701,2267,0,399.7068293071,93.5397743633,93.5397743633,0.6842105,21,21,0.49899058571428571,0.498990585714,1.6147132973427791,1.6147132973452716,1.6147132973427791,2.8571E-13,ELIGIBLE,R03b_20260811_FULL_v1,L1_ELIGIBILITY,v2026-08-11,2026-03-21..2026-08-06,baccarat_bet02_101_all_pairs_incl_sentinel,round_win = game_pnl > 0 (decisive only),COMPATIBILITY_ONLY_NOT_PRODUCTION,557989.4742,504875.3716,9878.7574,24851,24505,-0.01770420,0.00338982,-0.02772422,-0.01770420,-9878.7574,557989.4742,OK,0.0000,395.1503,4.0000,96.0000,AG03-UNRESOLVED,ALL5_LEVELS_bet23_to_bet27,395.1503,395.1503,395.1503,0.0000,0.0000,4.000000,4.000000,4.000000,0.000000,0.000000,96.000000,96.000000,96.000000,100.000000,100.000000,5.0,1185.4509,1138.6651,8693.3065,8740.0923,PENDING_AG03,FALSE,NOT_FOR_ENFORCEMENT,9483.6071,484680.3568,9878.7574,9483.6071,395.1503,0.01770420,0.01699603,395.1503,9483.6071,0.01699603,395.1503,395.1503,395.1503,0.0000,0.0000,9483.6071,0.01699603,1185.4509,1138.6651,8693.3065,8740.0923,0.01557970,0.01566354,0.00070817,22.4534,20.6030,0.4031,82.3230,2.6463,4649.9123,204.2083,25.9152,21.1137,12.8578,14.5296,26.176,48.8436,54.2173,102.8621,13.088,0.0,3.731508,7.079487,1.545355,30,207,63,6,0.32204186,0.01770420,-0.00338982,0E-8,0.000000,0.904812,0.002133,0.03111404,2026-03-21,2026-08-06,120,3733,1703,139,0.863309,1.227414,1.154177,1.073473,,,,,,,,GLOBAL_BASELINE_NO_ENTITY_RANKING,,,NOT_APPLICABLE_GLOBAL_BASELINE,HF9g-P5,,,,X 全窗基线 · 不参与实体赏罚,15052132,1506,A168_HF9F_20260827_0900,2026-08-27 09:00:00
2026-04-25,127529701,970,0,10.4703819072,0E-10,0E-10,,1,1,0.50665070000000000,0.506650700000,,,,0E-17,NO_DECISIVE_ROUND,R03b_20260811_FULL_v1,L1_ELIGIBILITY,v2026-08-11,2026-03-21..2026-08-06,baccarat_bet02_101_all_pairs_incl_sentinel,round_win = game_pnl > 0 (decisive only),COMPATIBILITY_ONLY_NOT_PRODUCTION,557989.4742,504875.3716,9878.7574,24851,24505,-0.01770420,0.00338982,-0.02772422,-0.01770420,-9878.7574,557989.4742,OK,0.0000,395.1503,4.0000,96.0000,AG03-UNRESOLVED,ALL5_LEVELS_bet23_to_bet27,395.1503,395.1503,395.1503,0.0000,0.0000,4.000000,4.000000,4.000000,0.000000,0.000000,96.000000,96.000000,96.000000,100.000000,100.000000,5.0,1185.4509,1138.6651,8693.3065,8740.0923,PENDING_AG03,FALSE,NOT_FOR_ENFORCEMENT,9483.6071,484680.3568,9878.7574,9483.6071,395.1503,0.01770420,0.01699603,395.1503,9483.6071,0.01699603,395.1503,395.1503,395.1503,0.0000,0.0000,9483.6071,0.01699603,1185.4509,1138.6651,8693.3065,8740.0923,0.01557970,0.01566354,0.00070817,22.4534,20.6030,0.4031,82.3230,2.6463,4649.9123,204.2083,25.9152,21.1137,12.8578,14.5296,26.176,48.8436,54.2173,102.8621,13.088,0.0,3.731508,7.079487,1.545355,30,207,63,6,0.32204186,0.01770420,-0.00338982,0E-8,0.000000,0.904812,0.002133,0.03111404,2026-03-21,2026-08-06,120,3733,1703,139,0.863309,1.227414,1.154177,1.073473,,,,,,,,GLOBAL_BASELINE_NO_ENTITY_RANKING,,,NOT_APPLICABLE_GLOBAL_BASELINE,HF9g-P5,,,,X 全窗基线 · 不参与实体赏罚,15052133,1506,A168_HF9F_20260827_0900,2026-08-27 09:00:00
2026-04-27,127529701,-1,1,26.1759547680,-0.6543988692,-0.6543988692,0.5000000,2,2,0.50665070000000000,0.506650700000,-0.018812684590367487,-0.018812684590367487,-0.018812684590367487,0E-17,SENTINEL_DEALER,R03b_20260811_FULL_v1,L1_ELIGIBILITY,v2026-08-11,2026-03-21..2026-08-06,baccarat_bet02_101_all_pairs_incl_sentinel,round_win = game_pnl > 0 (decisive only),COMPATIBILITY_ONLY_NOT_PRODUCTION,557989.4742,504875.3716,9878.7574,24851,24505,-0.01770420,0.00338982,-0.02772422,-0.01770420,-9878.7574,557989.4742,OK,0.0000,395.1503,4.0000,96.0000,AG03-UNRESOLVED,ALL5_LEVELS_bet23_to_bet27,395.1503,395.1503,395.1503,0.0000,0.0000,4.000000,4.000000,4.000000,0.000000,0.000000,96.000000,96.000000,96.000000,100.000000,100.000000,5.0,1185.4509,1138.6651,8693.3065,8740.0923,PENDING_AG03,FALSE,NOT_FOR_ENFORCEMENT,9483.6071,484680.3568,9878.7574,9483.6071,395.1503,0.01770420,0.01699603,395.1503,9483.6071,0.01699603,395.1503,395.1503,395.1503,0.0000,0.0000,9483.6071,0.01699603,1185.4509,1138.6651,8693.3065,8740.0923,0.01557970,0.01566354,0.00070817,22.4534,20.6030,0.4031,82.3230,2.6463,4649.9123,204.2083,25.9152,21.1137,12.8578,14.5296,26.176,48.8436,54.2173,102.8621,13.088,0.0,3.731508,7.079487,1.545355,30,207,63,6,0.32204186,0.01770420,-0.00338982,0E-8,0.000000,0.904812,0.002133,0.03111404,2026-03-21,2026-08-06,120,3733,1703,139,0.863309,1.227414,1.154177,1.073473,,,,,,,,GLOBAL_BASELINE_NO_ENTITY_RANKING,,,NOT_APPLICABLE_GLOBAL_BASELINE,HF9g-P5,,,,X 全窗基线 · 不参与实体赏罚,15052134,1506,A168_HF9F_20260827_0900,2026-08-27 09:00:00
2026-04-27,127529701,1109,0,62.8222914432,-32.1964243647,-32.1964243647,0.3333333,3,3,0.49771390000000000,0.497713900000,-0.5694369385616226,-0.5694369385616226,-0.5694369385616226,0E-17,ELIGIBLE,R03b_20260811_FULL_v1,L1_ELIGIBILITY,v2026-08-11,2026-03-21..2026-08-06,baccarat_bet02_101_all_pairs_incl_sentinel,round_win = game_pnl > 0 (decisive only),COMPATIBILITY_ONLY_NOT_PRODUCTION,557989.4742,504875.3716,9878.7574,24851,24505,-0.01770420,0.00338982,-0.02772422,-0.01770420,-9878.7574,557989.4742,OK,0.0000,395.1503,4.0000,96.0000,AG03-UNRESOLVED,ALL5_LEVELS_bet23_to_bet27,395.1503,395.1503,395.1503,0.0000,0.0000,4.000000,4.000000,4.000000,0.000000,0.000000,96.000000,96.000000,96.000000,100.000000,100.000000,5.0,1185.4509,1138.6651,8693.3065,8740.0923,PENDING_AG03,FALSE,NOT_FOR_ENFORCEMENT,9483.6071,484680.3568,9878.7574,9483.6071,395.1503,0.01770420,0.01699603,395.1503,9483.6071,0.01699603,395.1503,395.1503,395.1503,0.0000,0.0000,9483.6071,0.01699603,1185.4509,1138.6651,8693.3065,8740.0923,0.01557970,0.01566354,0.00070817,22.4534,20.6030,0.4031,82.3230,2.6463,4649.9123,204.2083,25.9152,21.1137,12.8578,14.5296,26.176,48.8436,54.2173,102.8621,13.088,0.0,3.731508,7.079487,1.545355,30,207,63,6,0.32204186,0.01770420,-0.00338982,0E-8,0.000000,0.904812,0.002133,0.03111404,2026-03-21,2026-08-06,120,3733,1703,139,0.863309,1.227414,1.154177,1.073473,,,,,,,,GLOBAL_BASELINE_NO_ENTITY_RANKING,,,NOT_APPLICABLE_GLOBAL_BASELINE,HF9g-P5,,,,X 全窗基线 · 不参与实体赏罚,15052135,1506,A168_HF9F_20260827_0900,2026-08-27 09:00:00
2026-04-27,127529701,1205,0,132.1885715782,48.4255163208,48.4255163208,0.6000000,5,5,0.50128862000000000,0.501288620000,0.4414521777673877,0.4414521777673877,0.4414521777673877,0E-17,ELIGIBLE,R03b_20260811_FULL_v1,L1_ELIGIBILITY,v2026-08-11,2026-03-21..2026-08-06,baccarat_bet02_101_all_pairs_incl_sentinel,round_win = game_pnl > 0 (decisive only),COMPATIBILITY_ONLY_NOT_PRODUCTION,557989.4742,504875.3716,9878.7574,24851,24505,-0.01770420,0.00338982,-0.02772422,-0.01770420,-9878.7574,557989.4742,OK,0.0000,395.1503,4.0000,96.0000,AG03-UNRESOLVED,ALL5_LEVELS_bet23_to_bet27,395.1503,395.1503,395.1503,0.0000,0.0000,4.000000,4.000000,4.000000,0.000000,0.000000,96.000000,96.000000,96.000000,100.000000,100.000000,5.0,1185.4509,1138.6651,8693.3065,8740.0923,PENDING_AG03,FALSE,NOT_FOR_ENFORCEMENT,9483.6071,484680.3568,9878.7574,9483.6071,395.1503,0.01770420,0.01699603,395.1503,9483.6071,0.01699603,395.1503,395.1503,395.1503,0.0000,0.0000,9483.6071,0.01699603,1185.4509,1138.6651,8693.3065,8740.0923,0.01557970,0.01566354,0.00070817,22.4534,20.6030,0.4031,82.3230,2.6463,4649.9123,204.2083,25.9152,21.1137,12.8578,14.5296,26.176,48.8436,54.2173,102.8621,13.088,0.0,3.731508,7.079487,1.545355,30,207,63,6,0.32204186,0.01770420,-0.00338982,0E-8,0.000000,0.904812,0.002133,0.03111404,2026-03-21,2026-08-06,120,3733,1703,139,0.863309,1.227414,1.154177,1.073473,,,,,,,,GLOBAL_BASELINE_NO_ENTITY_RANKING,,,NOT_APPLICABLE_GLOBAL_BASELINE,HF9g-P5,,,,X 全窗基线 · 不参与实体赏罚,15052136,1506,A168_HF9F_20260827_0900,2026-08-27 09:00:00
2026-04-27,127529701,1304,0,314.1114572159,65.4398869199,65.4398869199,0.6000000,20,20,0.49793732000000000,0.497937320000,0.7905808471348934,0.7905808471348934,0.7905808471348934,0E-17,ELIGIBLE,R03b_20260811_FULL_v1,L1_ELIGIBILITY,v2026-08-11,2026-03-21..2026-08-06,baccarat_bet02_101_all_pairs_incl_sentinel,round_win = game_pnl > 0 (decisive only),COMPATIBILITY_ONLY_NOT_PRODUCTION,557989.4742,504875.3716,9878.7574,24851,24505,-0.01770420,0.00338982,-0.02772422,-0.01770420,-9878.7574,557989.4742,OK,0.0000,395.1503,4.0000,96.0000,AG03-UNRESOLVED,ALL5_LEVELS_bet23_to_bet27,395.1503,395.1503,395.1503,0.0000,0.0000,4.000000,4.000000,4.000000,0.000000,0.000000,96.000000,96.000000,96.000000,100.000000,100.000000,5.0,1185.4509,1138.6651,8693.3065,8740.0923,PENDING_AG03,FALSE,NOT_FOR_ENFORCEMENT,9483.6071,484680.3568,9878.7574,9483.6071,395.1503,0.01770420,0.01699603,395.1503,9483.6071,0.01699603,395.1503,395.1503,395.1503,0.0000,0.0000,9483.6071,0.01699603,1185.4509,1138.6651,8693.3065,8740.0923,0.01557970,0.01566354,0.00070817,22.4534,20.6030,0.4031,82.3230,2.6463,4649.9123,204.2083,25.9152,21.1137,12.8578,14.5296,26.176,48.8436,54.2173,102.8621,13.088,0.0,3.731508,7.079487,1.545355,30,207,63,6,0.32204186,0.01770420,-0.00338982,0E-8,0.000000,0.904812,0.002133,0.03111404,2026-03-21,2026-08-06,120,3733,1703,139,0.863309,1.227414,1.154177,1.073473,,,,,,,,GLOBAL_BASELINE_NO_ENTITY_RANKING,,,NOT_APPLICABLE_GLOBAL_BASELINE,HF9g-P5,,,,X 全窗基线 · 不参与实体赏罚,15052137,1506,A168_HF9F_20260827_0900,2026-08-27 09:00:00
2026-04-27,127529701,1325,0,94.2334371648,-4.5807920844,-4.5807920844,0.4000000,6,6,0.50218230000000000,0.502182300000,-0.4569774904649096,-0.4569774904649096,-0.4569774904649096,0E-17,ELIGIBLE,R03b_20260811_FULL_v1,L1_ELIGIBILITY,v2026-08-11,2026-03-21..2026-08-06,baccarat_bet02_101_all_pairs_incl_sentinel,round_win = game_pnl > 0 (decisive only),COMPATIBILITY_ONLY_NOT_PRODUCTION,557989.4742,504875.3716,9878.7574,24851,24505,-0.01770420,0.00338982,-0.02772422,-0.01770420,-9878.7574,557989.4742,OK,0.0000,395.1503,4.0000,96.0000,AG03-UNRESOLVED,ALL5_LEVELS_bet23_to_bet27,395.1503,395.1503,395.1503,0.0000,0.0000,4.000000,4.000000,4.000000,0.000000,0.000000,96.000000,96.000000,96.000000,100.000000,100.000000,5.0,1185.4509,1138.6651,8693.3065,8740.0923,PENDING_AG03,FALSE,NOT_FOR_ENFORCEMENT,9483.6071,484680.3568,9878.7574,9483.6071,395.1503,0.01770420,0.01699603,395.1503,9483.6071,0.01699603,395.1503,395.1503,395.1503,0.0000,0.0000,9483.6071,0.01699603,1185.4509,1138.6651,8693.3065,8740.0923,0.01557970,0.01566354,0.00070817,22.4534,20.6030,0.4031,82.3230,2.6463,4649.9123,204.2083,25.9152,21.1137,12.8578,14.5296,26.176,48.8436,54.2173,102.8621,13.088,0.0,3.731508,7.079487,1.545355,30,207,63,6,0.32204186,0.01770420,-0.00338982,0E-8,0.000000,0.904812,0.002133,0.03111404,2026-03-21,2026-08-06,120,3733,1703,139,0.863309,1.227414,1.154177,1.073473,,,,,,,,GLOBAL_BASELINE_NO_ENTITY_RANKING,,,NOT_APPLICABLE_GLOBAL_BASELINE,HF9g-P5,,,,X 全窗基线 · 不参与实体赏罚,15052138,1506,A168_HF9F_20260827_0900,2026-08-27 09:00:00
2026-04-27,127529701,1384,0,352.5901107248,-75.1249901840,-75.1249901840,0.5000000,18,18,0.50143756666666667,0.501437566667,-0.011500580867584619,-0.011500580870251293,-0.011500580867584619,-3.3333E-13,ELIGIBLE,R03b_20260811_FULL_v1,L1_ELIGIBILITY,v2026-08-11,2026-03-21..2026-08-06,baccarat_bet02_101_all_pairs_incl_sentinel,round_win = game_pnl > 0 (decisive only),COMPATIBILITY_ONLY_NOT_PRODUCTION,557989.4742,504875.3716,9878.7574,24851,24505,-0.01770420,0.00338982,-0.02772422,-0.01770420,-9878.7574,557989.4742,OK,0.0000,395.1503,4.0000,96.0000,AG03-UNRESOLVED,ALL5_LEVELS_bet23_to_bet27,395.1503,395.1503,395.1503,0.0000,0.0000,4.000000,4.000000,4.000000,0.000000,0.000000,96.000000,96.000000,96.000000,100.000000,100.000000,5.0,1185.4509,1138.6651,8693.3065,8740.0923,PENDING_AG03,FALSE,NOT_FOR_ENFORCEMENT,9483.6071,484680.3568,9878.7574,9483.6071,395.1503,0.01770420,0.01699603,395.1503,9483.6071,0.01699603,395.1503,395.1503,395.1503,0.0000,0.0000,9483.6071,0.01699603,1185.4509,1138.6651,8693.3065,8740.0923,0.01557970,0.01566354,0.00070817,22.4534,20.6030,0.4031,82.3230,2.6463,4649.9123,204.2083,25.9152,21.1137,12.8578,14.5296,26.176,48.8436,54.2173,102.8621,13.088,0.0,3.731508,7.079487,1.545355,30,207,63,6,0.32204186,0.01770420,-0.00338982,0E-8,0.000000,0.904812,0.002133,0.03111404,2026-03-21,2026-08-06,120,3733,1703,139,0.863309,1.227414,1.154177,1.073473,,,,,,,,GLOBAL_BASELINE_NO_ENTITY_RANKING,,,NOT_APPLICABLE_GLOBAL_BASELINE,HF9g-P5,,,,X 全窗基线 · 不参与实体赏罚,15052139,1506,A168_HF9F_20260827_0900,2026-08-27 09:00:00
2026-04-27,127529701,1505,0,191.8697484493,22.4982331230,22.4982331230,0.8181818,13,13,0.49943251538461538,0.499432515385,2.1143450409340754,2.1143450409315223,2.1143450409340754,-3.8462E-13,ELIGIBLE,R03b_20260811_FULL_v1,L1_ELIGIBILITY,v2026-08-11,2026-03-21..2026-08-06,baccarat_bet02_101_all_pairs_incl_sentinel,round_win = game_pnl > 0 (decisive only),COMPATIBILITY_ONLY_NOT_PRODUCTION,557989.4742,504875.3716,9878.7574,24851,24505,-0.01770420,0.00338982,-0.02772422,-0.01770420,-9878.7574,557989.4742,OK,0.0000,395.1503,4.0000,96.0000,AG03-UNRESOLVED,ALL5_LEVELS_bet23_to_bet27,395.1503,395.1503,395.1503,0.0000,0.0000,4.000000,4.000000,4.000000,0.000000,0.000000,96.000000,96.000000,96.000000,100.000000,100.000000,5.0,1185.4509,1138.6651,8693.3065,8740.0923,PENDING_AG03,FALSE,NOT_FOR_ENFORCEMENT,9483.6071,484680.3568,9878.7574,9483.6071,395.1503,0.01770420,0.01699603,395.1503,9483.6071,0.01699603,395.1503,395.1503,395.1503,0.0000,0.0000,9483.6071,0.01699603,1185.4509,1138.6651,8693.3065,8740.0923,0.01557970,0.01566354,0.00070817,22.4534,20.6030,0.4031,82.3230,2.6463,4649.9123,204.2083,25.9152,21.1137,12.8578,14.5296,26.176,48.8436,54.2173,102.8621,13.088,0.0,3.731508,7.079487,1.545355,30,207,63,6,0.32204186,0.01770420,-0.00338982,0E-8,0.000000,0.904812,0.002133,0.03111404,2026-03-21,2026-08-06,120,3733,1703,139,0.863309,1.227414,1.154177,1.073473,,,,,,,,GLOBAL_BASELINE_NO_ENTITY_RANKING,,,NOT_APPLICABLE_GLOBAL_BASELINE,HF9g-P5,,,,X 全窗基线 · 不参与实体赏罚,15052140,1506,A168_HF9F_20260827_0900,2026-08-27 09:00:00
2026-04-27,127529701,1710,0,133.4973693167,-76.6955474702,-76.6955474702,0.2222222,9,9,0.49622443333333333,0.496224433333,-1.6440601391726113,-1.6440601391706195,-1.6440601391726113,3.3333E-13,ELIGIBLE,R03b_20260811_FULL_v1,L1_ELIGIBILITY,v2026-08-11,2026-03-21..2026-08-06,baccarat_bet02_101_all_pairs_incl_sentinel,round_win = game_pnl > 0 (decisive only),COMPATIBILITY_ONLY_NOT_PRODUCTION,557989.4742,504875.3716,9878.7574,24851,24505,-0.01770420,0.00338982,-0.02772422,-0.01770420,-9878.7574,557989.4742,OK,0.0000,395.1503,4.0000,96.0000,AG03-UNRESOLVED,ALL5_LEVELS_bet23_to_bet27,395.1503,395.1503,395.1503,0.0000,0.0000,4.000000,4.000000,4.000000,0.000000,0.000000,96.000000,96.000000,96.000000,100.000000,100.000000,5.0,1185.4509,1138.6651,8693.3065,8740.0923,PENDING_AG03,FALSE,NOT_FOR_ENFORCEMENT,9483.6071,484680.3568,9878.7574,9483.6071,395.1503,0.01770420,0.01699603,395.1503,9483.6071,0.01699603,395.1503,395.1503,395.1503,0.0000,0.0000,9483.6071,0.01699603,1185.4509,1138.6651,8693.3065,8740.0923,0.01557970,0.01566354,0.00070817,22.4534,20.6030,0.4031,82.3230,2.6463,4649.9123,204.2083,25.9152,21.1137,12.8578,14.5296,26.176,48.8436,54.2173,102.8621,13.088,0.0,3.731508,7.079487,1.545355,30,207,63,6,0.32204186,0.01770420,-0.00338982,0E-8,0.000000,0.904812,0.002133,0.03111404,2026-03-21,2026-08-06,120,3733,1703,139,0.863309,1.227414,1.154177,1.073473,,,,,,,,GLOBAL_BASELINE_NO_ENTITY_RANKING,,,NOT_APPLICABLE_GLOBAL_BASELINE,HF9g-P5,,,,X 全窗基线 · 不参与实体赏罚,15052141,1506,A168_HF9F_20260827_0900,2026-08-27 09:00:00
2026-04-27,127529701,1714,0,52.3519095360,-0.6543988692,-0.6543988692,0.5000000,4,4,0.49994810000000000,0.499948100000,0.00014679536856514622,0.00014679536856514622,0.00014679536856514622,0E-17,ELIGIBLE,R03b_20260811_FULL_v1,L1_ELIGIBILITY,v2026-08-11,2026-03-21..2026-08-06,baccarat_bet02_101_all_pairs_incl_sentinel,round_win = game_pnl > 0 (decisive only),COMPATIBILITY_ONLY_NOT_PRODUCTION,557989.4742,504875.3716,9878.7574,24851,24505,-0.01770420,0.00338982,-0.02772422,-0.01770420,-9878.7574,557989.4742,OK,0.0000,395.1503,4.0000,96.0000,AG03-UNRESOLVED,ALL5_LEVELS_bet23_to_bet27,395.1503,395.1503,395.1503,0.0000,0.0000,4.000000,4.000000,4.000000,0.000000,0.000000,96.000000,96.000000,96.000000,100.000000,100.000000,5.0,1185.4509,1138.6651,8693.3065,8740.0923,PENDING_AG03,FALSE,NOT_FOR_ENFORCEMENT,9483.6071,484680.3568,9878.7574,9483.6071,395.1503,0.01770420,0.01699603,395.1503,9483.6071,0.01699603,395.1503,395.1503,395.1503,0.0000,0.0000,9483.6071,0.01699603,1185.4509,1138.6651,8693.3065,8740.0923,0.01557970,0.01566354,0.00070817,22.4534,20.6030,0.4031,82.3230,2.6463,4649.9123,204.2083,25.9152,21.1137,12.8578,14.5296,26.176,48.8436,54.2173,102.8621,13.088,0.0,3.731508,7.079487,1.545355,30,207,63,6,0.32204186,0.01770420,-0.00338982,0E-8,0.000000,0.904812,0.002133,0.03111404,2026-03-21,2026-08-06,120,3733,1703,139,0.863309,1.227414,1.154177,1.073473,,,,,,,,GLOBAL_BASELINE_NO_ENTITY_RANKING,,,NOT_APPLICABLE_GLOBAL_BASELINE,HF9g-P5,,,,X 全窗基线 · 不参与实体赏罚,15052142,1506,A168_HF9F_20260827_0900,2026-08-27 09:00:00
2026-04-27,127529701,1941,0,123.5505065049,24.5792215271,24.5792215271,0.6000000,7,7,0.49899058571428571,0.498990585714,0.4517287539699235,0.45172875397120177,0.4517287539699235,2.8571E-13,ELIGIBLE,R03b_20260811_FULL_v1,L1_ELIGIBILITY,v2026-08-11,2026-03-21..2026-08-06,baccarat_bet02_101_all_pairs_incl_sentinel,round_win = game_pnl > 0 (decisive only),COMPATIBILITY_ONLY_NOT_PRODUCTION,557989.4742,504875.3716,9878.7574,24851,24505,-0.01770420,0.00338982,-0.02772422,-0.01770420,-9878.7574,557989.4742,OK,0.0000,395.1503,4.0000,96.0000,AG03-UNRESOLVED,ALL5_LEVELS_bet23_to_bet27,395.1503,395.1503,395.1503,0.0000,0.0000,4.000000,4.000000,4.000000,0.000000,0.000000,96.000000,96.000000,96.000000,100.000000,100.000000,5.0,1185.4509,1138.6651,8693.3065,8740.0923,PENDING_AG03,FALSE,NOT_FOR_ENFORCEMENT,9483.6071,484680.3568,9878.7574,9483.6071,395.1503,0.01770420,0.01699603,395.1503,9483.6071,0.01699603,395.1503,395.1503,395.1503,0.0000,0.0000,9483.6071,0.01699603,1185.4509,1138.6651,8693.3065,8740.0923,0.01557970,0.01566354,0.00070817,22.4534,20.6030,0.4031,82.3230,2.6463,4649.9123,204.2083,25.9152,21.1137,12.8578,14.5296,26.176,48.8436,54.2173,102.8621,13.088,0.0,3.731508,7.079487,1.545355,30,207,63,6,0.32204186,0.01770420,-0.00338982,0E-8,0.000000,0.904812,0.002133,0.03111404,2026-03-21,2026-08-06,120,3733,1703,139,0.863309,1.227414,1.154177,1.073473,,,,,,,,GLOBAL_BASELINE_NO_ENTITY_RANKING,,,NOT_APPLICABLE_GLOBAL_BASELINE,HF9g-P5,,,,X 全窗基线 · 不参与实体赏罚,15052143,1506,A168_HF9F_20260827_0900,2026-08-27 09:00:00
2026-04-27,127529701,2103,0,5.2351909536,-5.2351909536,-5.2351909536,0E-7,1,1,0.49324550000000000,0.493245500000,-0.9865810262130424,-0.9865810262130424,-0.9865810262130424,0E-17,ELIGIBLE,R03b_20260811_FULL_v1,L1_ELIGIBILITY,v2026-08-11,2026-03-21..2026-08-06,baccarat_bet02_101_all_pairs_incl_sentinel,round_win = game_pnl > 0 (decisive only),COMPATIBILITY_ONLY_NOT_PRODUCTION,557989.4742,504875.3716,9878.7574,24851,24505,-0.01770420,0.00338982,-0.02772422,-0.01770420,-9878.7574,557989.4742,OK,0.0000,395.1503,4.0000,96.0000,AG03-UNRESOLVED,ALL5_LEVELS_bet23_to_bet27,395.1503,395.1503,395.1503,0.0000,0.0000,4.000000,4.000000,4.000000,0.000000,0.000000,96.000000,96.000000,96.000000,100.000000,100.000000,5.0,1185.4509,1138.6651,8693.3065,8740.0923,PENDING_AG03,FALSE,NOT_FOR_ENFORCEMENT,9483.6071,484680.3568,9878.7574,9483.6071,395.1503,0.01770420,0.01699603,395.1503,9483.6071,0.01699603,395.1503,395.1503,395.1503,0.0000,0.0000,9483.6071,0.01699603,1185.4509,1138.6651,8693.3065,8740.0923,0.01557970,0.01566354,0.00070817,22.4534,20.6030,0.4031,82.3230,2.6463,4649.9123,204.2083,25.9152,21.1137,12.8578,14.5296,26.176,48.8436,54.2173,102.8621,13.088,0.0,3.731508,7.079487,1.545355,30,207,63,6,0.32204186,0.01770420,-0.00338982,0E-8,0.000000,0.904812,0.002133,0.03111404,2026-03-21,2026-08-06,120,3733,1703,139,0.863309,1.227414,1.154177,1.073473,,,,,,,,GLOBAL_BASELINE_NO_ENTITY_RANKING,,,NOT_APPLICABLE_GLOBAL_BASELINE,HF9g-P5,,,,X 全窗基线 · 不参与实体赏罚,15052144,1506,A168_HF9F_20260827_0900,2026-08-27 09:00:00
2026-04-27,127529701,2130,0,75.9102688272,32.5890636861,32.5890636861,0.6666667,6,6,0.50218230000000000,0.502182300000,0.8058132132962729,0.8058132132962729,0.8058132132962729,0E-17,ELIGIBLE,R03b_20260811_FULL_v1,L1_ELIGIBILITY,v2026-08-11,2026-03-21..2026-08-06,baccarat_bet02_101_all_pairs_incl_sentinel,round_win = game_pnl > 0 (decisive only),COMPATIBILITY_ONLY_NOT_PRODUCTION,557989.4742,504875.3716,9878.7574,24851,24505,-0.01770420,0.00338982,-0.02772422,-0.01770420,-9878.7574,557989.4742,OK,0.0000,395.1503,4.0000,96.0000,AG03-UNRESOLVED,ALL5_LEVELS_bet23_to_bet27,395.1503,395.1503,395.1503,0.0000,0.0000,4.000000,4.000000,4.000000,0.000000,0.000000,96.000000,96.000000,96.000000,100.000000,100.000000,5.0,1185.4509,1138.6651,8693.3065,8740.0923,PENDING_AG03,FALSE,NOT_FOR_ENFORCEMENT,9483.6071,484680.3568,9878.7574,9483.6071,395.1503,0.01770420,0.01699603,395.1503,9483.6071,0.01699603,395.1503,395.1503,395.1503,0.0000,0.0000,9483.6071,0.01699603,1185.4509,1138.6651,8693.3065,8740.0923,0.01557970,0.01566354,0.00070817,22.4534,20.6030,0.4031,82.3230,2.6463,4649.9123,204.2083,25.9152,21.1137,12.8578,14.5296,26.176,48.8436,54.2173,102.8621,13.088,0.0,3.731508,7.079487,1.545355,30,207,63,6,0.32204186,0.01770420,-0.00338982,0E-8,0.000000,0.904812,0.002133,0.03111404,2026-03-21,2026-08-06,120,3733,1703,139,0.863309,1.227414,1.154177,1.073473,,,,,,,,GLOBAL_BASELINE_NO_ENTITY_RANKING,,,NOT_APPLICABLE_GLOBAL_BASELINE,HF9g-P5,,,,X 全窗基线 · 不参与实体赏罚,15052145,1506,A168_HF9F_20260827_0900,2026-08-27 09:00:00
2026-04-27,127529701,2134,0,65.4398869200,-39.2639321520,-39.2639321520,0.2500000,4,4,0.49994810000000000,0.499948100000,-0.9997924053861017,-0.9997924053861017,-0.9997924053861017,0E-17,ELIGIBLE,R03b_20260811_FULL_v1,L1_ELIGIBILITY,v2026-08-11,2026-03-21..2026-08-06,baccarat_bet02_101_all_pairs_incl_sentinel,round_win = game_pnl > 0 (decisive only),COMPATIBILITY_ONLY_NOT_PRODUCTION,557989.4742,504875.3716,9878.7574,24851,24505,-0.01770420,0.00338982,-0.02772422,-0.01770420,-9878.7574,557989.4742,OK,0.0000,395.1503,4.0000,96.0000,AG03-UNRESOLVED,ALL5_LEVELS_bet23_to_bet27,395.1503,395.1503,395.1503,0.0000,0.0000,4.000000,4.000000,4.000000,0.000000,0.000000,96.000000,96.000000,96.000000,100.000000,100.000000,5.0,1185.4509,1138.6651,8693.3065,8740.0923,PENDING_AG03,FALSE,NOT_FOR_ENFORCEMENT,9483.6071,484680.3568,9878.7574,9483.6071,395.1503,0.01770420,0.01699603,395.1503,9483.6071,0.01699603,395.1503,395.1503,395.1503,0.0000,0.0000,9483.6071,0.01699603,1185.4509,1138.6651,8693.3065,8740.0923,0.01557970,0.01566354,0.00070817,22.4534,20.6030,0.4031,82.3230,2.6463,4649.9123,204.2083,25.9152,21.1137,12.8578,14.5296,26.176,48.8436,54.2173,102.8621,13.088,0.0,3.731508,7.079487,1.545355,30,207,63,6,0.32204186,0.01770420,-0.00338982,0E-8,0.000000,0.904812,0.002133,0.03111404,2026-03-21,2026-08-06,120,3733,1703,139,0.863309,1.227414,1.154177,1.073473,,,,,,,,GLOBAL_BASELINE_NO_ENTITY_RANKING,,,NOT_APPLICABLE_GLOBAL_BASELINE,HF9g-P5,,,,X 全窗基线 · 不参与实体赏罚,15052146,1506,A168_HF9F_20260827_0900,2026-08-27 09:00:00
2026-04-27,127529701,2141,0,14.9202942177,14.9202942177,14.9202942177,1.0000000,1,1,0.49324550000000000,0.493245500000,1.01360149184955,1.01360149184955,1.01360149184955,0E-17,ELIGIBLE,R03b_20260811_FULL_v1,L1_ELIGIBILITY,v2026-08-11,2026-03-21..2026-08-06,baccarat_bet02_101_all_pairs_incl_sentinel,round_win = game_pnl > 0 (decisive only),COMPATIBILITY_ONLY_NOT_PRODUCTION,557989.4742,504875.3716,9878.7574,24851,24505,-0.01770420,0.00338982,-0.02772422,-0.01770420,-9878.7574,557989.4742,OK,0.0000,395.1503,4.0000,96.0000,AG03-UNRESOLVED,ALL5_LEVELS_bet23_to_bet27,395.1503,395.1503,395.1503,0.0000,0.0000,4.000000,4.000000,4.000000,0.000000,0.000000,96.000000,96.000000,96.000000,100.000000,100.000000,5.0,1185.4509,1138.6651,8693.3065,8740.0923,PENDING_AG03,FALSE,NOT_FOR_ENFORCEMENT,9483.6071,484680.3568,9878.7574,9483.6071,395.1503,0.01770420,0.01699603,395.1503,9483.6071,0.01699603,395.1503,395.1503,395.1503,0.0000,0.0000,9483.6071,0.01699603,1185.4509,1138.6651,8693.3065,8740.0923,0.01557970,0.01566354,0.00070817,22.4534,20.6030,0.4031,82.3230,2.6463,4649.9123,204.2083,25.9152,21.1137,12.8578,14.5296,26.176,48.8436,54.2173,102.8621,13.088,0.0,3.731508,7.079487,1.545355,30,207,63,6,0.32204186,0.01770420,-0.00338982,0E-8,0.000000,0.904812,0.002133,0.03111404,2026-03-21,2026-08-06,120,3733,1703,139,0.863309,1.227414,1.154177,1.073473,,,,,,,,GLOBAL_BASELINE_NO_ENTITY_RANKING,,,NOT_APPLICABLE_GLOBAL_BASELINE,HF9g-P5,,,,X 全窗基线 · 不参与实体赏罚,15052147,1506,A168_HF9F_20260827_0900,2026-08-27 09:00:00
2026-04-27,127529701,2142,0,231.6571996964,105.8293851267,105.8293851267,0.8125000,20,20,0.49994810000000000,0.499948100000,2.5004152134702866,2.5004152134702866,2.5004152134702866,0E-17,ELIGIBLE,R03b_20260811_FULL_v1,L1_ELIGIBILITY,v2026-08-11,2026-03-21..2026-08-06,baccarat_bet02_101_all_pairs_incl_sentinel,round_win = game_pnl > 0 (decisive only),COMPATIBILITY_ONLY_NOT_PRODUCTION,557989.4742,504875.3716,9878.7574,24851,24505,-0.01770420,0.00338982,-0.02772422,-0.01770420,-9878.7574,557989.4742,OK,0.0000,395.1503,4.0000,96.0000,AG03-UNRESOLVED,ALL5_LEVELS_bet23_to_bet27,395.1503,395.1503,395.1503,0.0000,0.0000,4.000000,4.000000,4.000000,0.000000,0.000000,96.000000,96.000000,96.000000,100.000000,100.000000,5.0,1185.4509,1138.6651,8693.3065,8740.0923,PENDING_AG03,FALSE,NOT_FOR_ENFORCEMENT,9483.6071,484680.3568,9878.7574,9483.6071,395.1503,0.01770420,0.01699603,395.1503,9483.6071,0.01699603,395.1503,395.1503,395.1503,0.0000,0.0000,9483.6071,0.01699603,1185.4509,1138.6651,8693.3065,8740.0923,0.01557970,0.01566354,0.00070817,22.4534,20.6030,0.4031,82.3230,2.6463,4649.9123,204.2083,25.9152,21.1137,12.8578,14.5296,26.176,48.8436,54.2173,102.8621,13.088,0.0,3.731508,7.079487,1.545355,30,207,63,6,0.32204186,0.01770420,-0.00338982,0E-8,0.000000,0.904812,0.002133,0.03111404,2026-03-21,2026-08-06,120,3733,1703,139,0.863309,1.227414,1.154177,1.073473,,,,,,,,GLOBAL_BASELINE_NO_ENTITY_RANKING,,,NOT_APPLICABLE_GLOBAL_BASELINE,HF9g-P5,,,,X 全窗基线 · 不参与实体赏罚,15052148,1506,A168_HF9F_20260827_0900,2026-08-27 09:00:00
2026-04-27,127529701,2167,0,223.8044132663,90.6996832710,90.6996832710,0.6666667,11,11,0.50177608181818182,0.501776081818,0.9893497508521373,0.9893497508532269,0.9893497508521373,1.8182E-13,ELIGIBLE,R03b_20260811_FULL_v1,L1_ELIGIBILITY,v2026-08-11,2026-03-21..2026-08-06,baccarat_bet02_101_all_pairs_incl_sentinel,round_win = game_pnl > 0 (decisive only),COMPATIBILITY_ONLY_NOT_PRODUCTION,557989.4742,504875.3716,9878.7574,24851,24505,-0.01770420,0.00338982,-0.02772422,-0.01770420,-9878.7574,557989.4742,OK,0.0000,395.1503,4.0000,96.0000,AG03-UNRESOLVED,ALL5_LEVELS_bet23_to_bet27,395.1503,395.1503,395.1503,0.0000,0.0000,4.000000,4.000000,4.000000,0.000000,0.000000,96.000000,96.000000,96.000000,100.000000,100.000000,5.0,1185.4509,1138.6651,8693.3065,8740.0923,PENDING_AG03,FALSE,NOT_FOR_ENFORCEMENT,9483.6071,484680.3568,9878.7574,9483.6071,395.1503,0.01770420,0.01699603,395.1503,9483.6071,0.01699603,395.1503,395.1503,395.1503,0.0000,0.0000,9483.6071,0.01699603,1185.4509,1138.6651,8693.3065,8740.0923,0.01557970,0.01566354,0.00070817,22.4534,20.6030,0.4031,82.3230,2.6463,4649.9123,204.2083,25.9152,21.1137,12.8578,14.5296,26.176,48.8436,54.2173,102.8621,13.088,0.0,3.731508,7.079487,1.545355,30,207,63,6,0.32204186,0.01770420,-0.00338982,0E-8,0.000000,0.904812,0.002133,0.03111404,2026-03-21,2026-08-06,120,3733,1703,139,0.863309,1.227414,1.154177,1.073473,,,,,,,,GLOBAL_BASELINE_NO_ENTITY_RANKING,,,NOT_APPLICABLE_GLOBAL_BASELINE,HF9g-P5,,,,X 全窗基线 · 不参与实体赏罚,15052149,1506,A168_HF9F_20260827_0900,2026-08-27 09:00:00
2026-04-27,127529701,2169,0,730.8326571218,-120.5010077742,-120.5010077742,0.4516129,34,34,0.50034237058823529,0.500342370588,-0.5426285108116997,-0.5426285108090794,-0.5426285108116997,2.3529E-13,ELIGIBLE,R03b_20260811_FULL_v1,L1_ELIGIBILITY,v2026-08-11,2026-03-21..2026-08-06,baccarat_bet02_101_all_pairs_incl_sentinel,round_win = game_pnl > 0 (decisive only),COMPATIBILITY_ONLY_NOT_PRODUCTION,557989.4742,504875.3716,9878.7574,24851,24505,-0.01770420,0.00338982,-0.02772422,-0.01770420,-9878.7574,557989.4742,OK,0.0000,395.1503,4.0000,96.0000,AG03-UNRESOLVED,ALL5_LEVELS_bet23_to_bet27,395.1503,395.1503,395.1503,0.0000,0.0000,4.000000,4.000000,4.000000,0.000000,0.000000,96.000000,96.000000,96.000000,100.000000,100.000000,5.0,1185.4509,1138.6651,8693.3065,8740.0923,PENDING_AG03,FALSE,NOT_FOR_ENFORCEMENT,9483.6071,484680.3568,9878.7574,9483.6071,395.1503,0.01770420,0.01699603,395.1503,9483.6071,0.01699603,395.1503,395.1503,395.1503,0.0000,0.0000,9483.6071,0.01699603,1185.4509,1138.6651,8693.3065,8740.0923,0.01557970,0.01566354,0.00070817,22.4534,20.6030,0.4031,82.3230,2.6463,4649.9123,204.2083,25.9152,21.1137,12.8578,14.5296,26.176,48.8436,54.2173,102.8621,13.088,0.0,3.731508,7.079487,1.545355,30,207,63,6,0.32204186,0.01770420,-0.00338982,0E-8,0.000000,0.904812,0.002133,0.03111404,2026-03-21,2026-08-06,120,3733,1703,139,0.863309,1.227414,1.154177,1.073473,,,,,,,,GLOBAL_BASELINE_NO_ENTITY_RANKING,,,NOT_APPLICABLE_GLOBAL_BASELINE,HF9g-P5,,,,X 全窗基线 · 不参与实体赏罚,15052150,1506,A168_HF9F_20260827_0900,2026-08-27 09:00:00
2026-04-27,127529701,2171,0,26.1759547680,-26.1759547680,-26.1759547680,0E-7,1,1,0.50665070000000000,0.506650700000,-1.013391052207602,-1.013391052207602,-1.013391052207602,0E-17,ELIGIBLE,R03b_20260811_FULL_v1,L1_ELIGIBILITY,v2026-08-11,2026-03-21..2026-08-06,baccarat_bet02_101_all_pairs_incl_sentinel,round_win = game_pnl > 0 (decisive only),COMPATIBILITY_ONLY_NOT_PRODUCTION,557989.4742,504875.3716,9878.7574,24851,24505,-0.01770420,0.00338982,-0.02772422,-0.01770420,-9878.7574,557989.4742,OK,0.0000,395.1503,4.0000,96.0000,AG03-UNRESOLVED,ALL5_LEVELS_bet23_to_bet27,395.1503,395.1503,395.1503,0.0000,0.0000,4.000000,4.000000,4.000000,0.000000,0.000000,96.000000,96.000000,96.000000,100.000000,100.000000,5.0,1185.4509,1138.6651,8693.3065,8740.0923,PENDING_AG03,FALSE,NOT_FOR_ENFORCEMENT,9483.6071,484680.3568,9878.7574,9483.6071,395.1503,0.01770420,0.01699603,395.1503,9483.6071,0.01699603,395.1503,395.1503,395.1503,0.0000,0.0000,9483.6071,0.01699603,1185.4509,1138.6651,8693.3065,8740.0923,0.01557970,0.01566354,0.00070817,22.4534,20.6030,0.4031,82.3230,2.6463,4649.9123,204.2083,25.9152,21.1137,12.8578,14.5296,26.176,48.8436,54.2173,102.8621,13.088,0.0,3.731508,7.079487,1.545355,30,207,63,6,0.32204186,0.01770420,-0.00338982,0E-8,0.000000,0.904812,0.002133,0.03111404,2026-03-21,2026-08-06,120,3733,1703,139,0.863309,1.227414,1.154177,1.073473,,,,,,,,GLOBAL_BASELINE_NO_ENTITY_RANKING,,,NOT_APPLICABLE_GLOBAL_BASELINE,HF9g-P5,,,,X 全窗基线 · 不参与实体赏罚,15052151,1506,A168_HF9F_20260827_0900,2026-08-27 09:00:00
2026-04-27,127529701,2202,0,107.8449336440,83.0955684108,83.0955684108,1.0000000,7,7,0.49899058571428571,0.498990585714,2.2405867813698954,2.2405867813711753,2.2405867813698954,2.8571E-13,ELIGIBLE,R03b_20260811_FULL_v1,L1_ELIGIBILITY,v2026-08-11,2026-03-21..2026-08-06,baccarat_bet02_101_all_pairs_incl_sentinel,round_win = game_pnl > 0 (decisive only),COMPATIBILITY_ONLY_NOT_PRODUCTION,557989.4742,504875.3716,9878.7574,24851,24505,-0.01770420,0.00338982,-0.02772422,-0.01770420,-9878.7574,557989.4742,OK,0.0000,395.1503,4.0000,96.0000,AG03-UNRESOLVED,ALL5_LEVELS_bet23_to_bet27,395.1503,395.1503,395.1503,0.0000,0.0000,4.000000,4.000000,4.000000,0.000000,0.000000,96.000000,96.000000,96.000000,100.000000,100.000000,5.0,1185.4509,1138.6651,8693.3065,8740.0923,PENDING_AG03,FALSE,NOT_FOR_ENFORCEMENT,9483.6071,484680.3568,9878.7574,9483.6071,395.1503,0.01770420,0.01699603,395.1503,9483.6071,0.01699603,395.1503,395.1503,395.1503,0.0000,0.0000,9483.6071,0.01699603,1185.4509,1138.6651,8693.3065,8740.0923,0.01557970,0.01566354,0.00070817,22.4534,20.6030,0.4031,82.3230,2.6463,4649.9123,204.2083,25.9152,21.1137,12.8578,14.5296,26.176,48.8436,54.2173,102.8621,13.088,0.0,3.731508,7.079487,1.545355,30,207,63,6,0.32204186,0.01770420,-0.00338982,0E-8,0.000000,0.904812,0.002133,0.03111404,2026-03-21,2026-08-06,120,3733,1703,139,0.863309,1.227414,1.154177,1.073473,,,,,,,,GLOBAL_BASELINE_NO_ENTITY_RANKING,,,NOT_APPLICABLE_GLOBAL_BASELINE,HF9g-P5,,,,X 全窗基线 · 不参与实体赏罚,15052152,1506,A168_HF9F_20260827_0900,2026-08-27 09:00:00
2026-04-27,127529701,2233,0,125.1210637909,-98.9451090229,-98.9451090229,0.1666667,6,6,0.49771390000000000,0.497713900000,-1.6218105569273533,-1.6218105569273533,-1.6218105569273533,0E-17,ELIGIBLE,R03b_20260811_FULL_v1,L1_ELIGIBILITY,v2026-08-11,2026-03-21..2026-08-06,baccarat_bet02_101_all_pairs_incl_sentinel,round_win = game_pnl > 0 (decisive only),COMPATIBILITY_ONLY_NOT_PRODUCTION,557989.4742,504875.3716,9878.7574,24851,24505,-0.01770420,0.00338982,-0.02772422,-0.01770420,-9878.7574,557989.4742,OK,0.0000,395.1503,4.0000,96.0000,AG03-UNRESOLVED,ALL5_LEVELS_bet23_to_bet27,395.1503,395.1503,395.1503,0.0000,0.0000,4.000000,4.000000,4.000000,0.000000,0.000000,96.000000,96.000000,96.000000,100.000000,100.000000,5.0,1185.4509,1138.6651,8693.3065,8740.0923,PENDING_AG03,FALSE,NOT_FOR_ENFORCEMENT,9483.6071,484680.3568,9878.7574,9483.6071,395.1503,0.01770420,0.01699603,395.1503,9483.6071,0.01699603,395.1503,395.1503,395.1503,0.0000,0.0000,9483.6071,0.01699603,1185.4509,1138.6651,8693.3065,8740.0923,0.01557970,0.01566354,0.00070817,22.4534,20.6030,0.4031,82.3230,2.6463,4649.9123,204.2083,25.9152,21.1137,12.8578,14.5296,26.176,48.8436,54.2173,102.8621,13.088,0.0,3.731508,7.079487,1.545355,30,207,63,6,0.32204186,0.01770420,-0.00338982,0E-8,0.000000,0.904812,0.002133,0.03111404,2026-03-21,2026-08-06,120,3733,1703,139,0.863309,1.227414,1.154177,1.073473,,,,,,,,GLOBAL_BASELINE_NO_ENTITY_RANKING,,,NOT_APPLICABLE_GLOBAL_BASELINE,HF9g-P5,,,,X 全窗基线 · 不参与实体赏罚,15052153,1506,A168_HF9F_20260827_0900,2026-08-27 09:00:00
2026-04-27,127529701,2252,0,282.7003114941,27.6156322803,27.6156322803,0.6153846,13,13,0.49943251538461538,0.499432515385,0.8361430226366018,0.8361430226338276,0.8361430226366018,-3.8462E-13,ELIGIBLE,R03b_20260811_FULL_v1,L1_ELIGIBILITY,v2026-08-11,2026-03-21..2026-08-06,baccarat_bet02_101_all_pairs_incl_sentinel,round_win = game_pnl > 0 (decisive only),COMPATIBILITY_ONLY_NOT_PRODUCTION,557989.4742,504875.3716,9878.7574,24851,24505,-0.01770420,0.00338982,-0.02772422,-0.01770420,-9878.7574,557989.4742,OK,0.0000,395.1503,4.0000,96.0000,AG03-UNRESOLVED,ALL5_LEVELS_bet23_to_bet27,395.1503,395.1503,395.1503,0.0000,0.0000,4.000000,4.000000,4.000000,0.000000,0.000000,96.000000,96.000000,96.000000,100.000000,100.000000,5.0,1185.4509,1138.6651,8693.3065,8740.0923,PENDING_AG03,FALSE,NOT_FOR_ENFORCEMENT,9483.6071,484680.3568,9878.7574,9483.6071,395.1503,0.01770420,0.01699603,395.1503,9483.6071,0.01699603,395.1503,395.1503,395.1503,0.0000,0.0000,9483.6071,0.01699603,1185.4509,1138.6651,8693.3065,8740.0923,0.01557970,0.01566354,0.00070817,22.4534,20.6030,0.4031,82.3230,2.6463,4649.9123,204.2083,25.9152,21.1137,12.8578,14.5296,26.176,48.8436,54.2173,102.8621,13.088,0.0,3.731508,7.079487,1.545355,30,207,63,6,0.32204186,0.01770420,-0.00338982,0E-8,0.000000,0.904812,0.002133,0.03111404,2026-03-21,2026-08-06,120,3733,1703,139,0.863309,1.227414,1.154177,1.073473,,,,,,,,GLOBAL_BASELINE_NO_ENTITY_RANKING,,,NOT_APPLICABLE_GLOBAL_BASELINE,HF9g-P5,,,,X 全窗基线 · 不参与实体赏罚,15052154,1506,A168_HF9F_20260827_0900,2026-08-27 09:00:00
2026-04-27,127529701,2261,0,193.7020652832,19.6319660760,19.6319660760,0.5833333,13,13,0.50046368461538462,0.500463684615,0.5741380148228185,0.5741380148254828,0.5741380148228185,3.8462E-13,ELIGIBLE,R03b_20260811_FULL_v1,L1_ELIGIBILITY,v2026-08-11,2026-03-21..2026-08-06,baccarat_bet02_101_all_pairs_incl_sentinel,round_win = game_pnl > 0 (decisive only),COMPATIBILITY_ONLY_NOT_PRODUCTION,557989.4742,504875.3716,9878.7574,24851,24505,-0.01770420,0.00338982,-0.02772422,-0.01770420,-9878.7574,557989.4742,OK,0.0000,395.1503,4.0000,96.0000,AG03-UNRESOLVED,ALL5_LEVELS_bet23_to_bet27,395.1503,395.1503,395.1503,0.0000,0.0000,4.000000,4.000000,4.000000,0.000000,0.000000,96.000000,96.000000,96.000000,100.000000,100.000000,5.0,1185.4509,1138.6651,8693.3065,8740.0923,PENDING_AG03,FALSE,NOT_FOR_ENFORCEMENT,9483.6071,484680.3568,9878.7574,9483.6071,395.1503,0.01770420,0.01699603,395.1503,9483.6071,0.01699603,395.1503,395.1503,395.1503,0.0000,0.0000,9483.6071,0.01699603,1185.4509,1138.6651,8693.3065,8740.0923,0.01557970,0.01566354,0.00070817,22.4534,20.6030,0.4031,82.3230,2.6463,4649.9123,204.2083,25.9152,21.1137,12.8578,14.5296,26.176,48.8436,54.2173,102.8621,13.088,0.0,3.731508,7.079487,1.545355,30,207,63,6,0.32204186,0.01770420,-0.00338982,0E-8,0.000000,0.904812,0.002133,0.03111404,2026-03-21,2026-08-06,120,3733,1703,139,0.863309,1.227414,1.154177,1.073473,,,,,,,,GLOBAL_BASELINE_NO_ENTITY_RANKING,,,NOT_APPLICABLE_GLOBAL_BASELINE,HF9g-P5,,,,X 全窗基线 · 不参与实体赏罚,15052155,1506,A168_HF9F_20260827_0900,2026-08-27 09:00:00
2026-04-27,127529701,550,0,31.4111457216,-31.4111457216,-31.4111457216,0E-7,2,2,0.49324550000000000,0.493245500000,-1.3952362676504506,-1.3952362676504506,-1.3952362676504506,0E-17,ELIGIBLE,R03b_20260811_FULL_v1,L1_ELIGIBILITY,v2026-08-11,2026-03-21..2026-08-06,baccarat_bet02_101_all_pairs_incl_sentinel,round_win = game_pnl > 0 (decisive only),COMPATIBILITY_ONLY_NOT_PRODUCTION,557989.4742,504875.3716,9878.7574,24851,24505,-0.01770420,0.00338982,-0.02772422,-0.01770420,-9878.7574,557989.4742,OK,0.0000,395.1503,4.0000,96.0000,AG03-UNRESOLVED,ALL5_LEVELS_bet23_to_bet27,395.1503,395.1503,395.1503,0.0000,0.0000,4.000000,4.000000,4.000000,0.000000,0.000000,96.000000,96.000000,96.000000,100.000000,100.000000,5.0,1185.4509,1138.6651,8693.3065,8740.0923,PENDING_AG03,FALSE,NOT_FOR_ENFORCEMENT,9483.6071,484680.3568,9878.7574,9483.6071,395.1503,0.01770420,0.01699603,395.1503,9483.6071,0.01699603,395.1503,395.1503,395.1503,0.0000,0.0000,9483.6071,0.01699603,1185.4509,1138.6651,8693.3065,8740.0923,0.01557970,0.01566354,0.00070817,22.4534,20.6030,0.4031,82.3230,2.6463,4649.9123,204.2083,25.9152,21.1137,12.8578,14.5296,26.176,48.8436,54.2173,102.8621,13.088,0.0,3.731508,7.079487,1.545355,30,207,63,6,0.32204186,0.01770420,-0.00338982,0E-8,0.000000,0.904812,0.002133,0.03111404,2026-03-21,2026-08-06,120,3733,1703,139,0.863309,1.227414,1.154177,1.073473,,,,,,,,GLOBAL_BASELINE_NO_ENTITY_RANKING,,,NOT_APPLICABLE_GLOBAL_BASELINE,HF9g-P5,,,,X 全窗基线 · 不参与实体赏罚,15052156,1506,A168_HF9F_20260827_0900,2026-08-27 09:00:00
2026-04-27,127529701,583,0,218.5692223127,-39.2639321519,-39.2639321519,0.4545455,13,13,0.49840134615384615,0.498401346154,-0.2909085615734625,-0.2909085615744828,-0.2909085615734625,-1.5385E-13,ELIGIBLE,R03b_20260811_FULL_v1,L1_ELIGIBILITY,v2026-08-11,2026-03-21..2026-08-06,baccarat_bet02_101_all_pairs_incl_sentinel,round_win = game_pnl > 0 (decisive only),COMPATIBILITY_ONLY_NOT_PRODUCTION,557989.4742,504875.3716,9878.7574,24851,24505,-0.01770420,0.00338982,-0.02772422,-0.01770420,-9878.7574,557989.4742,OK,0.0000,395.1503,4.0000,96.0000,AG03-UNRESOLVED,ALL5_LEVELS_bet23_to_bet27,395.1503,395.1503,395.1503,0.0000,0.0000,4.000000,4.000000,4.000000,0.000000,0.000000,96.000000,96.000000,96.000000,100.000000,100.000000,5.0,1185.4509,1138.6651,8693.3065,8740.0923,PENDING_AG03,FALSE,NOT_FOR_ENFORCEMENT,9483.6071,484680.3568,9878.7574,9483.6071,395.1503,0.01770420,0.01699603,395.1503,9483.6071,0.01699603,395.1503,395.1503,395.1503,0.0000,0.0000,9483.6071,0.01699603,1185.4509,1138.6651,8693.3065,8740.0923,0.01557970,0.01566354,0.00070817,22.4534,20.6030,0.4031,82.3230,2.6463,4649.9123,204.2083,25.9152,21.1137,12.8578,14.5296,26.176,48.8436,54.2173,102.8621,13.088,0.0,3.731508,7.079487,1.545355,30,207,63,6,0.32204186,0.01770420,-0.00338982,0E-8,0.000000,0.904812,0.002133,0.03111404,2026-03-21,2026-08-06,120,3733,1703,139,0.863309,1.227414,1.154177,1.073473,,,,,,,,GLOBAL_BASELINE_NO_ENTITY_RANKING,,,NOT_APPLICABLE_GLOBAL_BASELINE,HF9g-P5,,,,X 全窗基线 · 不参与实体赏罚,15052157,1506,A168_HF9F_20260827_0900,2026-08-27 09:00:00
2026-04-27,127529701,919,0,540.5334659585,108.4469806035,108.4469806035,0.6071429,31,31,0.50146159032258065,0.501461590323,1.1184301794736622,1.1184301794692268,1.1184301794736622,-4.1935E-13,ELIGIBLE,R03b_20260811_FULL_v1,L1_ELIGIBILITY,v2026-08-11,2026-03-21..2026-08-06,baccarat_bet02_101_all_pairs_incl_sentinel,round_win = game_pnl > 0 (decisive only),COMPATIBILITY_ONLY_NOT_PRODUCTION,557989.4742,504875.3716,9878.7574,24851,24505,-0.01770420,0.00338982,-0.02772422,-0.01770420,-9878.7574,557989.4742,OK,0.0000,395.1503,4.0000,96.0000,AG03-UNRESOLVED,ALL5_LEVELS_bet23_to_bet27,395.1503,395.1503,395.1503,0.0000,0.0000,4.000000,4.000000,4.000000,0.000000,0.000000,96.000000,96.000000,96.000000,100.000000,100.000000,5.0,1185.4509,1138.6651,8693.3065,8740.0923,PENDING_AG03,FALSE,NOT_FOR_ENFORCEMENT,9483.6071,484680.3568,9878.7574,9483.6071,395.1503,0.01770420,0.01699603,395.1503,9483.6071,0.01699603,395.1503,395.1503,395.1503,0.0000,0.0000,9483.6071,0.01699603,1185.4509,1138.6651,8693.3065,8740.0923,0.01557970,0.01566354,0.00070817,22.4534,20.6030,0.4031,82.3230,2.6463,4649.9123,204.2083,25.9152,21.1137,12.8578,14.5296,26.176,48.8436,54.2173,102.8621,13.088,0.0,3.731508,7.079487,1.545355,30,207,63,6,0.32204186,0.01770420,-0.00338982,0E-8,0.000000,0.904812,0.002133,0.03111404,2026-03-21,2026-08-06,120,3733,1703,139,0.863309,1.227414,1.154177,1.073473,,,,,,,,GLOBAL_BASELINE_NO_ENTITY_RANKING,,,NOT_APPLICABLE_GLOBAL_BASELINE,HF9g-P5,,,,X 全窗基线 · 不参与实体赏罚,15052158,1506,A168_HF9F_20260827_0900,2026-08-27 09:00:00
2026-04-27,127529701,987,0,36.6463366752,-11.1247807764,-11.1247807764,0.3333333,3,3,0.49771390000000000,0.497713900000,-0.5694369385616226,-0.5694369385616226,-0.5694369385616226,0E-17,ELIGIBLE,R03b_20260811_FULL_v1,L1_ELIGIBILITY,v2026-08-11,2026-03-21..2026-08-06,baccarat_bet02_101_all_pairs_incl_sentinel,round_win = game_pnl > 0 (decisive only),COMPATIBILITY_ONLY_NOT_PRODUCTION,557989.4742,504875.3716,9878.7574,24851,24505,-0.01770420,0.00338982,-0.02772422,-0.01770420,-9878.7574,557989.4742,OK,0.0000,395.1503,4.0000,96.0000,AG03-UNRESOLVED,ALL5_LEVELS_bet23_to_bet27,395.1503,395.1503,395.1503,0.0000,0.0000,4.000000,4.000000,4.000000,0.000000,0.000000,96.000000,96.000000,96.000000,100.000000,100.000000,5.0,1185.4509,1138.6651,8693.3065,8740.0923,PENDING_AG03,FALSE,NOT_FOR_ENFORCEMENT,9483.6071,484680.3568,9878.7574,9483.6071,395.1503,0.01770420,0.01699603,395.1503,9483.6071,0.01699603,395.1503,395.1503,395.1503,0.0000,0.0000,9483.6071,0.01699603,1185.4509,1138.6651,8693.3065,8740.0923,0.01557970,0.01566354,0.00070817,22.4534,20.6030,0.4031,82.3230,2.6463,4649.9123,204.2083,25.9152,21.1137,12.8578,14.5296,26.176,48.8436,54.2173,102.8621,13.088,0.0,3.731508,7.079487,1.545355,30,207,63,6,0.32204186,0.01770420,-0.00338982,0E-8,0.000000,0.904812,0.002133,0.03111404,2026-03-21,2026-08-06,120,3733,1703,139,0.863309,1.227414,1.154177,1.073473,,,,,,,,GLOBAL_BASELINE_NO_ENTITY_RANKING,,,NOT_APPLICABLE_GLOBAL_BASELINE,HF9g-P5,,,,X 全窗基线 · 不参与实体赏罚,15052159,1506,A168_HF9F_20260827_0900,2026-08-27 09:00:00
2026-04-28,127529701,-1,1,1765.5681490997,128.7202575714,128.7202575714,0.5000000,95,92,0.49323099885265700,0.492220015399,0.12555777495724224,0.14431468944391726,0.12555777495724224,0.00101098345365700,SENTINEL_DEALER,R03b_20260811_FULL_v1,L1_ELIGIBILITY,v2026-08-11,2026-03-21..2026-08-06,baccarat_bet02_101_all_pairs_incl_sentinel,round_win = game_pnl > 0 (decisive only),COMPATIBILITY_ONLY_NOT_PRODUCTION,557989.4742,504875.3716,9878.7574,24851,24505,-0.01770420,0.00338982,-0.02772422,-0.01770420,-9878.7574,557989.4742,OK,0.0000,395.1503,4.0000,96.0000,AG03-UNRESOLVED,ALL5_LEVELS_bet23_to_bet27,395.1503,395.1503,395.1503,0.0000,0.0000,4.000000,4.000000,4.000000,0.000000,0.000000,96.000000,96.000000,96.000000,100.000000,100.000000,5.0,1185.4509,1138.6651,8693.3065,8740.0923,PENDING_AG03,FALSE,NOT_FOR_ENFORCEMENT,9483.6071,484680.3568,9878.7574,9483.6071,395.1503,0.01770420,0.01699603,395.1503,9483.6071,0.01699603,395.1503,395.1503,395.1503,0.0000,0.0000,9483.6071,0.01699603,1185.4509,1138.6651,8693.3065,8740.0923,0.01557970,0.01566354,0.00070817,22.4534,20.6030,0.4031,82.3230,2.6463,4649.9123,204.2083,25.9152,21.1137,12.8578,14.5296,26.176,48.8436,54.2173,102.8621,13.088,0.0,3.731508,7.079487,1.545355,30,207,63,6,0.32204186,0.01770420,-0.00338982,0E-8,0.000000,0.904812,0.002133,0.03111404,2026-03-21,2026-08-06,120,3733,1703,139,0.863309,1.227414,1.154177,1.073473,,,,,,,,GLOBAL_BASELINE_NO_ENTITY_RANKING,,,NOT_APPLICABLE_GLOBAL_BASELINE,HF9g-P5,,,,X 全窗基线 · 不参与实体赏罚,15052160,1506,A168_HF9F_20260827_0900,2026-08-27 09:00:00
2026-04-28,127529701,1004,0,28.7935502447,-28.7935502447,-28.7935502447,0E-7,1,1,0.50665070000000000,0.506650700000,-1.013391052207602,-1.013391052207602,-1.013391052207602,0E-17,ELIGIBLE,R03b_20260811_FULL_v1,L1_ELIGIBILITY,v2026-08-11,2026-03-21..2026-08-06,baccarat_bet02_101_all_pairs_incl_sentinel,round_win = game_pnl > 0 (decisive only),COMPATIBILITY_ONLY_NOT_PRODUCTION,557989.4742,504875.3716,9878.7574,24851,24505,-0.01770420,0.00338982,-0.02772422,-0.01770420,-9878.7574,557989.4742,OK,0.0000,395.1503,4.0000,96.0000,AG03-UNRESOLVED,ALL5_LEVELS_bet23_to_bet27,395.1503,395.1503,395.1503,0.0000,0.0000,4.000000,4.000000,4.000000,0.000000,0.000000,96.000000,96.000000,96.000000,100.000000,100.000000,5.0,1185.4509,1138.6651,8693.3065,8740.0923,PENDING_AG03,FALSE,NOT_FOR_ENFORCEMENT,9483.6071,484680.3568,9878.7574,9483.6071,395.1503,0.01770420,0.01699603,395.1503,9483.6071,0.01699603,395.1503,395.1503,395.1503,0.0000,0.0000,9483.6071,0.01699603,1185.4509,1138.6651,8693.3065,8740.0923,0.01557970,0.01566354,0.00070817,22.4534,20.6030,0.4031,82.3230,2.6463,4649.9123,204.2083,25.9152,21.1137,12.8578,14.5296,26.176,48.8436,54.2173,102.8621,13.088,0.0,3.731508,7.079487,1.545355,30,207,63,6,0.32204186,0.01770420,-0.00338982,0E-8,0.000000,0.904812,0.002133,0.03111404,2026-03-21,2026-08-06,120,3733,1703,139,0.863309,1.227414,1.154177,1.073473,,,,,,,,GLOBAL_BASELINE_NO_ENTITY_RANKING,,,NOT_APPLICABLE_GLOBAL_BASELINE,HF9g-P5,,,,X 全窗基线 · 不参与实体赏罚,15052161,1506,A168_HF9F_20260827_0900,2026-08-27 09:00:00
2026-04-28,127529701,1017,0,91.6158416879,-15.0511739917,-15.0511739917,0.2000000,5,5,0.50396966000000000,0.503969660000,-1.3594364909357963,-1.3594364909357963,-1.3594364909357963,0E-17,ELIGIBLE,R03b_20260811_FULL_v1,L1_ELIGIBILITY,v2026-08-11,2026-03-21..2026-08-06,baccarat_bet02_101_all_pairs_incl_sentinel,round_win = game_pnl > 0 (decisive only),COMPATIBILITY_ONLY_NOT_PRODUCTION,557989.4742,504875.3716,9878.7574,24851,24505,-0.01770420,0.00338982,-0.02772422,-0.01770420,-9878.7574,557989.4742,OK,0.0000,395.1503,4.0000,96.0000,AG03-UNRESOLVED,ALL5_LEVELS_bet23_to_bet27,395.1503,395.1503,395.1503,0.0000,0.0000,4.000000,4.000000,4.000000,0.000000,0.000000,96.000000,96.000000,96.000000,100.000000,100.000000,5.0,1185.4509,1138.6651,8693.3065,8740.0923,PENDING_AG03,FALSE,NOT_FOR_ENFORCEMENT,9483.6071,484680.3568,9878.7574,9483.6071,395.1503,0.01770420,0.01699603,395.1503,9483.6071,0.01699603,395.1503,395.1503,395.1503,0.0000,0.0000,9483.6071,0.01699603,1185.4509,1138.6651,8693.3065,8740.0923,0.01557970,0.01566354,0.00070817,22.4534,20.6030,0.4031,82.3230,2.6463,4649.9123,204.2083,25.9152,21.1137,12.8578,14.5296,26.176,48.8436,54.2173,102.8621,13.088,0.0,3.731508,7.079487,1.545355,30,207,63,6,0.32204186,0.01770420,-0.00338982,0E-8,0.000000,0.904812,0.002133,0.03111404,2026-03-21,2026-08-06,120,3733,1703,139,0.863309,1.227414,1.154177,1.073473,,,,,,,,GLOBAL_BASELINE_NO_ENTITY_RANKING,,,NOT_APPLICABLE_GLOBAL_BASELINE,HF9g-P5,,,,X 全窗基线 · 不参与实体赏罚,15052162,1506,A168_HF9F_20260827_0900,2026-08-27 09:00:00
2026-04-28,127529701,1078,0,176.4259351361,-24.8671570296,-24.8671570296,0.4285714,9,9,0.50069283333333333,0.500692833333,-0.3816309687889249,-0.38163096878716063,-0.3816309687889249,3.3333E-13,ELIGIBLE,R03b_20260811_FULL_v1,L1_ELIGIBILITY,v2026-08-11,2026-03-21..2026-08-06,baccarat_bet02_101_all_pairs_incl_sentinel,round_win = game_pnl > 0 (decisive only),COMPATIBILITY_ONLY_NOT_PRODUCTION,557989.4742,504875.3716,9878.7574,24851,24505,-0.01770420,0.00338982,-0.02772422,-0.01770420,-9878.7574,557989.4742,OK,0.0000,395.1503,4.0000,96.0000,AG03-UNRESOLVED,ALL5_LEVELS_bet23_to_bet27,395.1503,395.1503,395.1503,0.0000,0.0000,4.000000,4.000000,4.000000,0.000000,0.000000,96.000000,96.000000,96.000000,100.000000,100.000000,5.0,1185.4509,1138.6651,8693.3065,8740.0923,PENDING_AG03,FALSE,NOT_FOR_ENFORCEMENT,9483.6071,484680.3568,9878.7574,9483.6071,395.1503,0.01770420,0.01699603,395.1503,9483.6071,0.01699603,395.1503,395.1503,395.1503,0.0000,0.0000,9483.6071,0.01699603,1185.4509,1138.6651,8693.3065,8740.0923,0.01557970,0.01566354,0.00070817,22.4534,20.6030,0.4031,82.3230,2.6463,4649.9123,204.2083,25.9152,21.1137,12.8578,14.5296,26.176,48.8436,54.2173,102.8621,13.088,0.0,3.731508,7.079487,1.545355,30,207,63,6,0.32204186,0.01770420,-0.00338982,0E-8,0.000000,0.904812,0.002133,0.03111404,2026-03-21,2026-08-06,120,3733,1703,139,0.863309,1.227414,1.154177,1.073473,,,,,,,,GLOBAL_BASELINE_NO_ENTITY_RANKING,,,NOT_APPLICABLE_GLOBAL_BASELINE,HF9g-P5,,,,X 全窗基线 · 不参与实体赏罚,15052163,1506,A168_HF9F_20260827_0900,2026-08-27 09:00:00
2026-04-28,127529701,1151,0,134.2826479597,-80.4910609115,-80.4910609115,0.2500000,6,6,0.49771390000000000,0.497713900000,-0.9908659570869067,-0.9908659570869068,-0.9908659570869067,0E-17,ELIGIBLE,R03b_20260811_FULL_v1,L1_ELIGIBILITY,v2026-08-11,2026-03-21..2026-08-06,baccarat_bet02_101_all_pairs_incl_sentinel,round_win = game_pnl > 0 (decisive only),COMPATIBILITY_ONLY_NOT_PRODUCTION,557989.4742,504875.3716,9878.7574,24851,24505,-0.01770420,0.00338982,-0.02772422,-0.01770420,-9878.7574,557989.4742,OK,0.0000,395.1503,4.0000,96.0000,AG03-UNRESOLVED,ALL5_LEVELS_bet23_to_bet27,395.1503,395.1503,395.1503,0.0000,0.0000,4.000000,4.000000,4.000000,0.000000,0.000000,96.000000,96.000000,96.000000,100.000000,100.000000,5.0,1185.4509,1138.6651,8693.3065,8740.0923,PENDING_AG03,FALSE,NOT_FOR_ENFORCEMENT,9483.6071,484680.3568,9878.7574,9483.6071,395.1503,0.01770420,0.01699603,395.1503,9483.6071,0.01699603,395.1503,395.1503,395.1503,0.0000,0.0000,9483.6071,0.01699603,1185.4509,1138.6651,8693.3065,8740.0923,0.01557970,0.01566354,0.00070817,22.4534,20.6030,0.4031,82.3230,2.6463,4649.9123,204.2083,25.9152,21.1137,12.8578,14.5296,26.176,48.8436,54.2173,102.8621,13.088,0.0,3.731508,7.079487,1.545355,30,207,63,6,0.32204186,0.01770420,-0.00338982,0E-8,0.000000,0.904812,0.002133,0.03111404,2026-03-21,2026-08-06,120,3733,1703,139,0.863309,1.227414,1.154177,1.073473,,,,,,,,GLOBAL_BASELINE_NO_ENTITY_RANKING,,,NOT_APPLICABLE_GLOBAL_BASELINE,HF9g-P5,,,,X 全窗基线 · 不参与实体赏罚,15052164,1506,A168_HF9F_20260827_0900,2026-08-27 09:00:00
2026-04-28,127529701,1210,0,117.5300369082,-60.2046959664,-60.2046959664,0.2000000,7,7,0.50282064285714286,0.502820642857,-1.354276634329538,-1.354276634328897,-1.354276634329538,1.4286E-13,ELIGIBLE,R03b_20260811_FULL_v1,L1_ELIGIBILITY,v2026-08-11,2026-03-21..2026-08-06,baccarat_bet02_101_all_pairs_incl_sentinel,round_win = game_pnl > 0 (decisive only),COMPATIBILITY_ONLY_NOT_PRODUCTION,557989.4742,504875.3716,9878.7574,24851,24505,-0.01770420,0.00338982,-0.02772422,-0.01770420,-9878.7574,557989.4742,OK,0.0000,395.1503,4.0000,96.0000,AG03-UNRESOLVED,ALL5_LEVELS_bet23_to_bet27,395.1503,395.1503,395.1503,0.0000,0.0000,4.000000,4.000000,4.000000,0.000000,0.000000,96.000000,96.000000,96.000000,100.000000,100.000000,5.0,1185.4509,1138.6651,8693.3065,8740.0923,PENDING_AG03,FALSE,NOT_FOR_ENFORCEMENT,9483.6071,484680.3568,9878.7574,9483.6071,395.1503,0.01770420,0.01699603,395.1503,9483.6071,0.01699603,395.1503,395.1503,395.1503,0.0000,0.0000,9483.6071,0.01699603,1185.4509,1138.6651,8693.3065,8740.0923,0.01557970,0.01566354,0.00070817,22.4534,20.6030,0.4031,82.3230,2.6463,4649.9123,204.2083,25.9152,21.1137,12.8578,14.5296,26.176,48.8436,54.2173,102.8621,13.088,0.0,3.731508,7.079487,1.545355,30,207,63,6,0.32204186,0.01770420,-0.00338982,0E-8,0.000000,0.904812,0.002133,0.03111404,2026-03-21,2026-08-06,120,3733,1703,139,0.863309,1.227414,1.154177,1.073473,,,,,,,,GLOBAL_BASELINE_NO_ENTITY_RANKING,,,NOT_APPLICABLE_GLOBAL_BASELINE,HF9g-P5,,,,X 全窗基线 · 不参与实体赏罚,15052165,1506,A168_HF9F_20260827_0900,2026-08-27 09:00:00
2026-04-28,127529701,1299,0,153.1293353927,-49.7343140591,-49.7343140591,0.2857143,7,7,0.49707555714285714,0.497075557143,-1.1184378527242427,-1.1184378527249965,-1.1184378527242427,-1.4286E-13,ELIGIBLE,R03b_20260811_FULL_v1,L1_ELIGIBILITY,v2026-08-11,2026-03-21..2026-08-06,baccarat_bet02_101_all_pairs_incl_sentinel,round_win = game_pnl > 0 (decisive only),COMPATIBILITY_ONLY_NOT_PRODUCTION,557989.4742,504875.3716,9878.7574,24851,24505,-0.01770420,0.00338982,-0.02772422,-0.01770420,-9878.7574,557989.4742,OK,0.0000,395.1503,4.0000,96.0000,AG03-UNRESOLVED,ALL5_LEVELS_bet23_to_bet27,395.1503,395.1503,395.1503,0.0000,0.0000,4.000000,4.000000,4.000000,0.000000,0.000000,96.000000,96.000000,96.000000,100.000000,100.000000,5.0,1185.4509,1138.6651,8693.3065,8740.0923,PENDING_AG03,FALSE,NOT_FOR_ENFORCEMENT,9483.6071,484680.3568,9878.7574,9483.6071,395.1503,0.01770420,0.01699603,395.1503,9483.6071,0.01699603,395.1503,395.1503,395.1503,0.0000,0.0000,9483.6071,0.01699603,1185.4509,1138.6651,8693.3065,8740.0923,0.01557970,0.01566354,0.00070817,22.4534,20.6030,0.4031,82.3230,2.6463,4649.9123,204.2083,25.9152,21.1137,12.8578,14.5296,26.176,48.8436,54.2173,102.8621,13.088,0.0,3.731508,7.079487,1.545355,30,207,63,6,0.32204186,0.01770420,-0.00338982,0E-8,0.000000,0.904812,0.002133,0.03111404,2026-03-21,2026-08-06,120,3733,1703,139,0.863309,1.227414,1.154177,1.073473,,,,,,,,GLOBAL_BASELINE_NO_ENTITY_RANKING,,,NOT_APPLICABLE_GLOBAL_BASELINE,HF9g-P5,,,,X 全窗基线 · 不参与实体赏罚,15052166,1506,A168_HF9F_20260827_0900,2026-08-27 09:00:00
2026-04-28,127529701,1307,0,153.6528544879,-1.8323168339,-1.8323168339,0.2857143,8,8,0.49659680000000000,0.496596800000,-1.1159112260582862,-1.1159112260582862,-1.1159112260582862,0E-17,ELIGIBLE,R03b_20260811_FULL_v1,L1_ELIGIBILITY,v2026-08-11,2026-03-21..2026-08-06,baccarat_bet02_101_all_pairs_incl_sentinel,round_win = game_pnl > 0 (decisive only),COMPATIBILITY_ONLY_NOT_PRODUCTION,557989.4742,504875.3716,9878.7574,24851,24505,-0.01770420,0.00338982,-0.02772422,-0.01770420,-9878.7574,557989.4742,OK,0.0000,395.1503,4.0000,96.0000,AG03-UNRESOLVED,ALL5_LEVELS_bet23_to_bet27,395.1503,395.1503,395.1503,0.0000,0.0000,4.000000,4.000000,4.000000,0.000000,0.000000,96.000000,96.000000,96.000000,100.000000,100.000000,5.0,1185.4509,1138.6651,8693.3065,8740.0923,PENDING_AG03,FALSE,NOT_FOR_ENFORCEMENT,9483.6071,484680.3568,9878.7574,9483.6071,395.1503,0.01770420,0.01699603,395.1503,9483.6071,0.01699603,395.1503,395.1503,395.1503,0.0000,0.0000,9483.6071,0.01699603,1185.4509,1138.6651,8693.3065,8740.0923,0.01557970,0.01566354,0.00070817,22.4534,20.6030,0.4031,82.3230,2.6463,4649.9123,204.2083,25.9152,21.1137,12.8578,14.5296,26.176,48.8436,54.2173,102.8621,13.088,0.0,3.731508,7.079487,1.545355,30,207,63,6,0.32204186,0.01770420,-0.00338982,0E-8,0.000000,0.904812,0.002133,0.03111404,2026-03-21,2026-08-06,120,3733,1703,139,0.863309,1.227414,1.154177,1.073473,,,,,,,,GLOBAL_BASELINE_NO_ENTITY_RANKING,,,NOT_APPLICABLE_GLOBAL_BASELINE,HF9g-P5,,,,X 全窗基线 · 不参与实体赏罚,15052167,1506,A168_HF9F_20260827_0900,2026-08-27 09:00:00
2026-04-28,127529701,1318,0,13.0879773840,-13.0879773840,-13.0879773840,0E-7,1,1,0.49324550000000000,0.493245500000,-0.9865810262130424,-0.9865810262130424,-0.9865810262130424,0E-17,ELIGIBLE,R03b_20260811_FULL_v1,L1_ELIGIBILITY,v2026-08-11,2026-03-21..2026-08-06,baccarat_bet02_101_all_pairs_incl_sentinel,round_win = game_pnl > 0 (decisive only),COMPATIBILITY_ONLY_NOT_PRODUCTION,557989.4742,504875.3716,9878.7574,24851,24505,-0.01770420,0.00338982,-0.02772422,-0.01770420,-9878.7574,557989.4742,OK,0.0000,395.1503,4.0000,96.0000,AG03-UNRESOLVED,ALL5_LEVELS_bet23_to_bet27,395.1503,395.1503,395.1503,0.0000,0.0000,4.000000,4.000000,4.000000,0.000000,0.000000,96.000000,96.000000,96.000000,100.000000,100.000000,5.0,1185.4509,1138.6651,8693.3065,8740.0923,PENDING_AG03,FALSE,NOT_FOR_ENFORCEMENT,9483.6071,484680.3568,9878.7574,9483.6071,395.1503,0.01770420,0.01699603,395.1503,9483.6071,0.01699603,395.1503,395.1503,395.1503,0.0000,0.0000,9483.6071,0.01699603,1185.4509,1138.6651,8693.3065,8740.0923,0.01557970,0.01566354,0.00070817,22.4534,20.6030,0.4031,82.3230,2.6463,4649.9123,204.2083,25.9152,21.1137,12.8578,14.5296,26.176,48.8436,54.2173,102.8621,13.088,0.0,3.731508,7.079487,1.545355,30,207,63,6,0.32204186,0.01770420,-0.00338982,0E-8,0.000000,0.904812,0.002133,0.03111404,2026-03-21,2026-08-06,120,3733,1703,139,0.863309,1.227414,1.154177,1.073473,,,,,,,,GLOBAL_BASELINE_NO_ENTITY_RANKING,,,NOT_APPLICABLE_GLOBAL_BASELINE,HF9g-P5,,,,X 全窗基线 · 不参与实体赏罚,15052168,1506,A168_HF9F_20260827_0900,2026-08-27 09:00:00
2026-04-28,127529701,1323,0,86.3806507344,-71.7221160644,-71.7221160644,0.2500000,8,8,0.49827245000000000,0.498272450000,-1.404449446798726,-1.404449446798726,-1.404449446798726,0E-17,ELIGIBLE,R03b_20260811_FULL_v1,L1_ELIGIBILITY,v2026-08-11,2026-03-21..2026-08-06,baccarat_bet02_101_all_pairs_incl_sentinel,round_win = game_pnl > 0 (decisive only),COMPATIBILITY_ONLY_NOT_PRODUCTION,557989.4742,504875.3716,9878.7574,24851,24505,-0.01770420,0.00338982,-0.02772422,-0.01770420,-9878.7574,557989.4742,OK,0.0000,395.1503,4.0000,96.0000,AG03-UNRESOLVED,ALL5_LEVELS_bet23_to_bet27,395.1503,395.1503,395.1503,0.0000,0.0000,4.000000,4.000000,4.000000,0.000000,0.000000,96.000000,96.000000,96.000000,100.000000,100.000000,5.0,1185.4509,1138.6651,8693.3065,8740.0923,PENDING_AG03,FALSE,NOT_FOR_ENFORCEMENT,9483.6071,484680.3568,9878.7574,9483.6071,395.1503,0.01770420,0.01699603,395.1503,9483.6071,0.01699603,395.1503,395.1503,395.1503,0.0000,0.0000,9483.6071,0.01699603,1185.4509,1138.6651,8693.3065,8740.0923,0.01557970,0.01566354,0.00070817,22.4534,20.6030,0.4031,82.3230,2.6463,4649.9123,204.2083,25.9152,21.1137,12.8578,14.5296,26.176,48.8436,54.2173,102.8621,13.088,0.0,3.731508,7.079487,1.545355,30,207,63,6,0.32204186,0.01770420,-0.00338982,0E-8,0.000000,0.904812,0.002133,0.03111404,2026-03-21,2026-08-06,120,3733,1703,139,0.863309,1.227414,1.154177,1.073473,,,,,,,,GLOBAL_BASELINE_NO_ENTITY_RANKING,,,NOT_APPLICABLE_GLOBAL_BASELINE,HF9g-P5,,,,X 全窗基线 · 不参与实体赏罚,15052169,1506,A168_HF9F_20260827_0900,2026-08-27 09:00:00
2026-04-28,127529701,1330,0,84.8100934481,55.5977279271,55.5977279271,0.7500000,5,5,0.50128862000000000,0.501288620000,0.9948488239810122,0.9948488239810122,0.9948488239810122,0E-17,ELIGIBLE,R03b_20260811_FULL_v1,L1_ELIGIBILITY,v2026-08-11,2026-03-21..2026-08-06,baccarat_bet02_101_all_pairs_incl_sentinel,round_win = game_pnl > 0 (decisive only),COMPATIBILITY_ONLY_NOT_PRODUCTION,557989.4742,504875.3716,9878.7574,24851,24505,-0.01770420,0.00338982,-0.02772422,-0.01770420,-9878.7574,557989.4742,OK,0.0000,395.1503,4.0000,96.0000,AG03-UNRESOLVED,ALL5_LEVELS_bet23_to_bet27,395.1503,395.1503,395.1503,0.0000,0.0000,4.000000,4.000000,4.000000,0.000000,0.000000,96.000000,96.000000,96.000000,100.000000,100.000000,5.0,1185.4509,1138.6651,8693.3065,8740.0923,PENDING_AG03,FALSE,NOT_FOR_ENFORCEMENT,9483.6071,484680.3568,9878.7574,9483.6071,395.1503,0.01770420,0.01699603,395.1503,9483.6071,0.01699603,395.1503,395.1503,395.1503,0.0000,0.0000,9483.6071,0.01699603,1185.4509,1138.6651,8693.3065,8740.0923,0.01557970,0.01566354,0.00070817,22.4534,20.6030,0.4031,82.3230,2.6463,4649.9123,204.2083,25.9152,21.1137,12.8578,14.5296,26.176,48.8436,54.2173,102.8621,13.088,0.0,3.731508,7.079487,1.545355,30,207,63,6,0.32204186,0.01770420,-0.00338982,0E-8,0.000000,0.904812,0.002133,0.03111404,2026-03-21,2026-08-06,120,3733,1703,139,0.863309,1.227414,1.154177,1.073473,,,,,,,,GLOBAL_BASELINE_NO_ENTITY_RANKING,,,NOT_APPLICABLE_GLOBAL_BASELINE,HF9g-P5,,,,X 全窗基线 · 不参与实体赏罚,15052170,1506,A168_HF9F_20260827_0900,2026-08-27 09:00:00
2026-04-28,127529701,1353,0,175.3788969455,-49.7343140591,-49.7343140591,0.4000000,11,11,0.50421339090909091,0.504213390909,-0.6591267588502832,-0.659126758849707,-0.6591267588502832,9.091E-14,ELIGIBLE,R03b_20260811_FULL_v1,L1_ELIGIBILITY,v2026-08-11,2026-03-21..2026-08-06,baccarat_bet02_101_all_pairs_incl_sentinel,round_win = game_pnl > 0 (decisive only),COMPATIBILITY_ONLY_NOT_PRODUCTION,557989.4742,504875.3716,9878.7574,24851,24505,-0.01770420,0.00338982,-0.02772422,-0.01770420,-9878.7574,557989.4742,OK,0.0000,395.1503,4.0000,96.0000,AG03-UNRESOLVED,ALL5_LEVELS_bet23_to_bet27,395.1503,395.1503,395.1503,0.0000,0.0000,4.000000,4.000000,4.000000,0.000000,0.000000,96.000000,96.000000,96.000000,100.000000,100.000000,5.0,1185.4509,1138.6651,8693.3065,8740.0923,PENDING_AG03,FALSE,NOT_FOR_ENFORCEMENT,9483.6071,484680.3568,9878.7574,9483.6071,395.1503,0.01770420,0.01699603,395.1503,9483.6071,0.01699603,395.1503,395.1503,395.1503,0.0000,0.0000,9483.6071,0.01699603,1185.4509,1138.6651,8693.3065,8740.0923,0.01557970,0.01566354,0.00070817,22.4534,20.6030,0.4031,82.3230,2.6463,4649.9123,204.2083,25.9152,21.1137,12.8578,14.5296,26.176,48.8436,54.2173,102.8621,13.088,0.0,3.731508,7.079487,1.545355,30,207,63,6,0.32204186,0.01770420,-0.00338982,0E-8,0.000000,0.904812,0.002133,0.03111404,2026-03-21,2026-08-06,120,3733,1703,139,0.863309,1.227414,1.154177,1.073473,,,,,,,,GLOBAL_BASELINE_NO_ENTITY_RANKING,,,NOT_APPLICABLE_GLOBAL_BASELINE,HF9g-P5,,,,X 全窗基线 · 不参与实体赏罚,15052171,1506,A168_HF9F_20260827_0900,2026-08-27 09:00:00
2026-04-28,127529701,1505,0,53.6607072744,-7.1983875612,-7.1983875612,0.4000000,5,5,0.49860758000000000,0.498607580000,-0.440988213962219,-0.440988213962219,-0.440988213962219,0E-17,ELIGIBLE,R03b_20260811_FULL_v1,L1_ELIGIBILITY,v2026-08-11,2026-03-21..2026-08-06,baccarat_bet02_101_all_pairs_incl_sentinel,round_win = game_pnl > 0 (decisive only),COMPATIBILITY_ONLY_NOT_PRODUCTION,557989.4742,504875.3716,9878.7574,24851,24505,-0.01770420,0.00338982,-0.02772422,-0.01770420,-9878.7574,557989.4742,OK,0.0000,395.1503,4.0000,96.0000,AG03-UNRESOLVED,ALL5_LEVELS_bet23_to_bet27,395.1503,395.1503,395.1503,0.0000,0.0000,4.000000,4.000000,4.000000,0.000000,0.000000,96.000000,96.000000,96.000000,100.000000,100.000000,5.0,1185.4509,1138.6651,8693.3065,8740.0923,PENDING_AG03,FALSE,NOT_FOR_ENFORCEMENT,9483.6071,484680.3568,9878.7574,9483.6071,395.1503,0.01770420,0.01699603,395.1503,9483.6071,0.01699603,395.1503,395.1503,395.1503,0.0000,0.0000,9483.6071,0.01699603,1185.4509,1138.6651,8693.3065,8740.0923,0.01557970,0.01566354,0.00070817,22.4534,20.6030,0.4031,82.3230,2.6463,4649.9123,204.2083,25.9152,21.1137,12.8578,14.5296,26.176,48.8436,54.2173,102.8621,13.088,0.0,3.731508,7.079487,1.545355,30,207,63,6,0.32204186,0.01770420,-0.00338982,0E-8,0.000000,0.904812,0.002133,0.03111404,2026-03-21,2026-08-06,120,3733,1703,139,0.863309,1.227414,1.154177,1.073473,,,,,,,,GLOBAL_BASELINE_NO_ENTITY_RANKING,,,NOT_APPLICABLE_GLOBAL_BASELINE,HF9g-P5,,,,X 全窗基线 · 不参与实体赏罚,15052172,1506,A168_HF9F_20260827_0900,2026-08-27 09:00:00
2026-04-28,127529701,1947,0,102.0862235951,-76.5646676963,-76.5646676963,0.2000000,5,5,0.50396966000000000,0.503969660000,-1.3594364909357963,-1.3594364909357963,-1.3594364909357963,0E-17,ELIGIBLE,R03b_20260811_FULL_v1,L1_ELIGIBILITY,v2026-08-11,2026-03-21..2026-08-06,baccarat_bet02_101_all_pairs_incl_sentinel,round_win = game_pnl > 0 (decisive only),COMPATIBILITY_ONLY_NOT_PRODUCTION,557989.4742,504875.3716,9878.7574,24851,24505,-0.01770420,0.00338982,-0.02772422,-0.01770420,-9878.7574,557989.4742,OK,0.0000,395.1503,4.0000,96.0000,AG03-UNRESOLVED,ALL5_LEVELS_bet23_to_bet27,395.1503,395.1503,395.1503,0.0000,0.0000,4.000000,4.000000,4.000000,0.000000,0.000000,96.000000,96.000000,96.000000,100.000000,100.000000,5.0,1185.4509,1138.6651,8693.3065,8740.0923,PENDING_AG03,FALSE,NOT_FOR_ENFORCEMENT,9483.6071,484680.3568,9878.7574,9483.6071,395.1503,0.01770420,0.01699603,395.1503,9483.6071,0.01699603,395.1503,395.1503,395.1503,0.0000,0.0000,9483.6071,0.01699603,1185.4509,1138.6651,8693.3065,8740.0923,0.01557970,0.01566354,0.00070817,22.4534,20.6030,0.4031,82.3230,2.6463,4649.9123,204.2083,25.9152,21.1137,12.8578,14.5296,26.176,48.8436,54.2173,102.8621,13.088,0.0,3.731508,7.079487,1.545355,30,207,63,6,0.32204186,0.01770420,-0.00338982,0E-8,0.000000,0.904812,0.002133,0.03111404,2026-03-21,2026-08-06,120,3733,1703,139,0.863309,1.227414,1.154177,1.073473,,,,,,,,GLOBAL_BASELINE_NO_ENTITY_RANKING,,,NOT_APPLICABLE_GLOBAL_BASELINE,HF9g-P5,,,,X 全窗基线 · 不参与实体赏罚,15052173,1506,A168_HF9F_20260827_0900,2026-08-27 09:00:00
2026-04-28,127529701,2103,0,109.9390100255,18.3231683375,18.3231683375,0.4000000,5,5,0.49592654000000000,0.495926540000,-0.42901076602576227,-0.42901076602576227,-0.42901076602576227,0E-17,ELIGIBLE,R03b_20260811_FULL_v1,L1_ELIGIBILITY,v2026-08-11,2026-03-21..2026-08-06,baccarat_bet02_101_all_pairs_incl_sentinel,round_win = game_pnl > 0 (decisive only),COMPATIBILITY_ONLY_NOT_PRODUCTION,557989.4742,504875.3716,9878.7574,24851,24505,-0.01770420,0.00338982,-0.02772422,-0.01770420,-9878.7574,557989.4742,OK,0.0000,395.1503,4.0000,96.0000,AG03-UNRESOLVED,ALL5_LEVELS_bet23_to_bet27,395.1503,395.1503,395.1503,0.0000,0.0000,4.000000,4.000000,4.000000,0.000000,0.000000,96.000000,96.000000,96.000000,100.000000,100.000000,5.0,1185.4509,1138.6651,8693.3065,8740.0923,PENDING_AG03,FALSE,NOT_FOR_ENFORCEMENT,9483.6071,484680.3568,9878.7574,9483.6071,395.1503,0.01770420,0.01699603,395.1503,9483.6071,0.01699603,395.1503,395.1503,395.1503,0.0000,0.0000,9483.6071,0.01699603,1185.4509,1138.6651,8693.3065,8740.0923,0.01557970,0.01566354,0.00070817,22.4534,20.6030,0.4031,82.3230,2.6463,4649.9123,204.2083,25.9152,21.1137,12.8578,14.5296,26.176,48.8436,54.2173,102.8621,13.088,0.0,3.731508,7.079487,1.545355,30,207,63,6,0.32204186,0.01770420,-0.00338982,0E-8,0.000000,0.904812,0.002133,0.03111404,2026-03-21,2026-08-06,120,3733,1703,139,0.863309,1.227414,1.154177,1.073473,,,,,,,,GLOBAL_BASELINE_NO_ENTITY_RANKING,,,NOT_APPLICABLE_GLOBAL_BASELINE,HF9g-P5,,,,X 全窗基线 · 不参与实体赏罚,15052174,1506,A168_HF9F_20260827_0900,2026-08-27 09:00:00
2026-04-28,127529701,2123,0,129.0474570062,-49.7343140592,-49.7343140592,0.2000000,7,7,0.49516052857142857,0.495160528571,-1.320059846649454,-1.3200598466475484,-1.320059846649454,4.2857E-13,ELIGIBLE,R03b_20260811_FULL_v1,L1_ELIGIBILITY,v2026-08-11,2026-03-21..2026-08-06,baccarat_bet02_101_all_pairs_incl_sentinel,round_win = game_pnl > 0 (decisive only),COMPATIBILITY_ONLY_NOT_PRODUCTION,557989.4742,504875.3716,9878.7574,24851,24505,-0.01770420,0.00338982,-0.02772422,-0.01770420,-9878.7574,557989.4742,OK,0.0000,395.1503,4.0000,96.0000,AG03-UNRESOLVED,ALL5_LEVELS_bet23_to_bet27,395.1503,395.1503,395.1503,0.0000,0.0000,4.000000,4.000000,4.000000,0.000000,0.000000,96.000000,96.000000,96.000000,100.000000,100.000000,5.0,1185.4509,1138.6651,8693.3065,8740.0923,PENDING_AG03,FALSE,NOT_FOR_ENFORCEMENT,9483.6071,484680.3568,9878.7574,9483.6071,395.1503,0.01770420,0.01699603,395.1503,9483.6071,0.01699603,395.1503,395.1503,395.1503,0.0000,0.0000,9483.6071,0.01699603,1185.4509,1138.6651,8693.3065,8740.0923,0.01557970,0.01566354,0.00070817,22.4534,20.6030,0.4031,82.3230,2.6463,4649.9123,204.2083,25.9152,21.1137,12.8578,14.5296,26.176,48.8436,54.2173,102.8621,13.088,0.0,3.731508,7.079487,1.545355,30,207,63,6,0.32204186,0.01770420,-0.00338982,0E-8,0.000000,0.904812,0.002133,0.03111404,2026-03-21,2026-08-06,120,3733,1703,139,0.863309,1.227414,1.154177,1.073473,,,,,,,,GLOBAL_BASELINE_NO_ENTITY_RANKING,,,NOT_APPLICABLE_GLOBAL_BASELINE,HF9g-P5,,,,X 全窗基线 · 不参与实体赏罚,15052175,1506,A168_HF9F_20260827_0900,2026-08-27 09:00:00
2026-04-28,127529701,2129,0,263.8536240612,90.2939559719,90.2939559719,0.6470588,18,18,0.50069283333333333,0.500692833333,1.206966033884567,1.2069660338873147,1.206966033884567,3.3333E-13,ELIGIBLE,R03b_20260811_FULL_v1,L1_ELIGIBILITY,v2026-08-11,2026-03-21..2026-08-06,baccarat_bet02_101_all_pairs_incl_sentinel,round_win = game_pnl > 0 (decisive only),COMPATIBILITY_ONLY_NOT_PRODUCTION,557989.4742,504875.3716,9878.7574,24851,24505,-0.01770420,0.00338982,-0.02772422,-0.01770420,-9878.7574,557989.4742,OK,0.0000,395.1503,4.0000,96.0000,AG03-UNRESOLVED,ALL5_LEVELS_bet23_to_bet27,395.1503,395.1503,395.1503,0.0000,0.0000,4.000000,4.000000,4.000000,0.000000,0.000000,96.000000,96.000000,96.000000,100.000000,100.000000,5.0,1185.4509,1138.6651,8693.3065,8740.0923,PENDING_AG03,FALSE,NOT_FOR_ENFORCEMENT,9483.6071,484680.3568,9878.7574,9483.6071,395.1503,0.01770420,0.01699603,395.1503,9483.6071,0.01699603,395.1503,395.1503,395.1503,0.0000,0.0000,9483.6071,0.01699603,1185.4509,1138.6651,8693.3065,8740.0923,0.01557970,0.01566354,0.00070817,22.4534,20.6030,0.4031,82.3230,2.6463,4649.9123,204.2083,25.9152,21.1137,12.8578,14.5296,26.176,48.8436,54.2173,102.8621,13.088,0.0,3.731508,7.079487,1.545355,30,207,63,6,0.32204186,0.01770420,-0.00338982,0E-8,0.000000,0.904812,0.002133,0.03111404,2026-03-21,2026-08-06,120,3733,1703,139,0.863309,1.227414,1.154177,1.073473,,,,,,,,GLOBAL_BASELINE_NO_ENTITY_RANKING,,,NOT_APPLICABLE_GLOBAL_BASELINE,HF9g-P5,,,,X 全窗基线 · 不参与实体赏罚,15052176,1506,A168_HF9F_20260827_0900,2026-08-27 09:00:00
2026-04-28,127529701,2167,0,26.1759547680,24.8671570296,24.8671570296,1.0000000,1,1,0.50665070000000000,0.506650700000,0.9867858985152569,0.9867858985152569,0.9867858985152569,0E-17,ELIGIBLE,R03b_20260811_FULL_v1,L1_ELIGIBILITY,v2026-08-11,2026-03-21..2026-08-06,baccarat_bet02_101_all_pairs_incl_sentinel,round_win = game_pnl > 0 (decisive only),COMPATIBILITY_ONLY_NOT_PRODUCTION,557989.4742,504875.3716,9878.7574,24851,24505,-0.01770420,0.00338982,-0.02772422,-0.01770420,-9878.7574,557989.4742,OK,0.0000,395.1503,4.0000,96.0000,AG03-UNRESOLVED,ALL5_LEVELS_bet23_to_bet27,395.1503,395.1503,395.1503,0.0000,0.0000,4.000000,4.000000,4.000000,0.000000,0.000000,96.000000,96.000000,96.000000,100.000000,100.000000,5.0,1185.4509,1138.6651,8693.3065,8740.0923,PENDING_AG03,FALSE,NOT_FOR_ENFORCEMENT,9483.6071,484680.3568,9878.7574,9483.6071,395.1503,0.01770420,0.01699603,395.1503,9483.6071,0.01699603,395.1503,395.1503,395.1503,0.0000,0.0000,9483.6071,0.01699603,1185.4509,1138.6651,8693.3065,8740.0923,0.01557970,0.01566354,0.00070817,22.4534,20.6030,0.4031,82.3230,2.6463,4649.9123,204.2083,25.9152,21.1137,12.8578,14.5296,26.176,48.8436,54.2173,102.8621,13.088,0.0,3.731508,7.079487,1.545355,30,207,63,6,0.32204186,0.01770420,-0.00338982,0E-8,0.000000,0.904812,0.002133,0.03111404,2026-03-21,2026-08-06,120,3733,1703,139,0.863309,1.227414,1.154177,1.073473,,,,,,,,GLOBAL_BASELINE_NO_ENTITY_RANKING,,,NOT_APPLICABLE_GLOBAL_BASELINE,HF9g-P5,,,,X 全窗基线 · 不参与实体赏罚,15052177,1506,A168_HF9F_20260827_0900,2026-08-27 09:00:00
2026-04-28,127529701,2202,0,80.8837002330,-53.1371881790,-53.1371881790,0.2500000,4,4,0.49659680000000000,0.496596800000,-0.9864100490137353,-0.9864100490137354,-0.9864100490137353,0E-17,ELIGIBLE,R03b_20260811_FULL_v1,L1_ELIGIBILITY,v2026-08-11,2026-03-21..2026-08-06,baccarat_bet02_101_all_pairs_incl_sentinel,round_win = game_pnl > 0 (decisive only),COMPATIBILITY_ONLY_NOT_PRODUCTION,557989.4742,504875.3716,9878.7574,24851,24505,-0.01770420,0.00338982,-0.02772422,-0.01770420,-9878.7574,557989.4742,OK,0.0000,395.1503,4.0000,96.0000,AG03-UNRESOLVED,ALL5_LEVELS_bet23_to_bet27,395.1503,395.1503,395.1503,0.0000,0.0000,4.000000,4.000000,4.000000,0.000000,0.000000,96.000000,96.000000,96.000000,100.000000,100.000000,5.0,1185.4509,1138.6651,8693.3065,8740.0923,PENDING_AG03,FALSE,NOT_FOR_ENFORCEMENT,9483.6071,484680.3568,9878.7574,9483.6071,395.1503,0.01770420,0.01699603,395.1503,9483.6071,0.01699603,395.1503,395.1503,395.1503,0.0000,0.0000,9483.6071,0.01699603,1185.4509,1138.6651,8693.3065,8740.0923,0.01557970,0.01566354,0.00070817,22.4534,20.6030,0.4031,82.3230,2.6463,4649.9123,204.2083,25.9152,21.1137,12.8578,14.5296,26.176,48.8436,54.2173,102.8621,13.088,0.0,3.731508,7.079487,1.545355,30,207,63,6,0.32204186,0.01770420,-0.00338982,0E-8,0.000000,0.904812,0.002133,0.03111404,2026-03-21,2026-08-06,120,3733,1703,139,0.863309,1.227414,1.154177,1.073473,,,,,,,,GLOBAL_BASELINE_NO_ENTITY_RANKING,,,NOT_APPLICABLE_GLOBAL_BASELINE,HF9g-P5,,,,X 全窗基线 · 不参与实体赏罚,15052178,1506,A168_HF9F_20260827_0900,2026-08-27 09:00:00
2026-04-28,127529701,2235,0,151.8205376543,14.3967751223,14.3967751223,0.5000000,9,9,0.50069283333333333,0.500692833333,-0.003919260948490246,-0.003919260946604642,-0.003919260948490246,3.3333E-13,ELIGIBLE,R03b_20260811_FULL_v1,L1_ELIGIBILITY,v2026-08-11,2026-03-21..2026-08-06,baccarat_bet02_101_all_pairs_incl_sentinel,round_win = game_pnl > 0 (decisive only),COMPATIBILITY_ONLY_NOT_PRODUCTION,557989.4742,504875.3716,9878.7574,24851,24505,-0.01770420,0.00338982,-0.02772422,-0.01770420,-9878.7574,557989.4742,OK,0.0000,395.1503,4.0000,96.0000,AG03-UNRESOLVED,ALL5_LEVELS_bet23_to_bet27,395.1503,395.1503,395.1503,0.0000,0.0000,4.000000,4.000000,4.000000,0.000000,0.000000,96.000000,96.000000,96.000000,100.000000,100.000000,5.0,1185.4509,1138.6651,8693.3065,8740.0923,PENDING_AG03,FALSE,NOT_FOR_ENFORCEMENT,9483.6071,484680.3568,9878.7574,9483.6071,395.1503,0.01770420,0.01699603,395.1503,9483.6071,0.01699603,395.1503,395.1503,395.1503,0.0000,0.0000,9483.6071,0.01699603,1185.4509,1138.6651,8693.3065,8740.0923,0.01557970,0.01566354,0.00070817,22.4534,20.6030,0.4031,82.3230,2.6463,4649.9123,204.2083,25.9152,21.1137,12.8578,14.5296,26.176,48.8436,54.2173,102.8621,13.088,0.0,3.731508,7.079487,1.545355,30,207,63,6,0.32204186,0.01770420,-0.00338982,0E-8,0.000000,0.904812,0.002133,0.03111404,2026-03-21,2026-08-06,120,3733,1703,139,0.863309,1.227414,1.154177,1.073473,,,,,,,,GLOBAL_BASELINE_NO_ENTITY_RANKING,,,NOT_APPLICABLE_GLOBAL_BASELINE,HF9g-P5,,,,X 全窗基线 · 不参与实体赏罚,15052179,1506,A168_HF9F_20260827_0900,2026-08-27 09:00:00
2026-04-28,127529701,2246,0,41.8815276288,19.8937256236,19.8937256236,1.0000000,3,3,0.49771390000000000,0.497713900000,1.0045827004620043,1.0045827004620043,1.0045827004620043,0E-17,ELIGIBLE,R03b_20260811_FULL_v1,L1_ELIGIBILITY,v2026-08-11,2026-03-21..2026-08-06,baccarat_bet02_101_all_pairs_incl_sentinel,round_win = game_pnl > 0 (decisive only),COMPATIBILITY_ONLY_NOT_PRODUCTION,557989.4742,504875.3716,9878.7574,24851,24505,-0.01770420,0.00338982,-0.02772422,-0.01770420,-9878.7574,557989.4742,OK,0.0000,395.1503,4.0000,96.0000,AG03-UNRESOLVED,ALL5_LEVELS_bet23_to_bet27,395.1503,395.1503,395.1503,0.0000,0.0000,4.000000,4.000000,4.000000,0.000000,0.000000,96.000000,96.000000,96.000000,100.000000,100.000000,5.0,1185.4509,1138.6651,8693.3065,8740.0923,PENDING_AG03,FALSE,NOT_FOR_ENFORCEMENT,9483.6071,484680.3568,9878.7574,9483.6071,395.1503,0.01770420,0.01699603,395.1503,9483.6071,0.01699603,395.1503,395.1503,395.1503,0.0000,0.0000,9483.6071,0.01699603,1185.4509,1138.6651,8693.3065,8740.0923,0.01557970,0.01566354,0.00070817,22.4534,20.6030,0.4031,82.3230,2.6463,4649.9123,204.2083,25.9152,21.1137,12.8578,14.5296,26.176,48.8436,54.2173,102.8621,13.088,0.0,3.731508,7.079487,1.545355,30,207,63,6,0.32204186,0.01770420,-0.00338982,0E-8,0.000000,0.904812,0.002133,0.03111404,2026-03-21,2026-08-06,120,3733,1703,139,0.863309,1.227414,1.154177,1.073473,,,,,,,,GLOBAL_BASELINE_NO_ENTITY_RANKING,,,NOT_APPLICABLE_GLOBAL_BASELINE,HF9g-P5,,,,X 全窗基线 · 不参与实体赏罚,15052180,1506,A168_HF9F_20260827_0900,2026-08-27 09:00:00
2026-04-28,127529701,2251,0,250.5038871295,-43.0594455931,-43.0594455931,0.6666667,10,10,0.49860758000000000,0.498607580000,1.0083584300857016,1.0083584300857016,1.0083584300857016,0E-17,ELIGIBLE,R03b_20260811_FULL_v1,L1_ELIGIBILITY,v2026-08-11,2026-03-21..2026-08-06,baccarat_bet02_101_all_pairs_incl_sentinel,round_win = game_pnl > 0 (decisive only),COMPATIBILITY_ONLY_NOT_PRODUCTION,557989.4742,504875.3716,9878.7574,24851,24505,-0.01770420,0.00338982,-0.02772422,-0.01770420,-9878.7574,557989.4742,OK,0.0000,395.1503,4.0000,96.0000,AG03-UNRESOLVED,ALL5_LEVELS_bet23_to_bet27,395.1503,395.1503,395.1503,0.0000,0.0000,4.000000,4.000000,4.000000,0.000000,0.000000,96.000000,96.000000,96.000000,100.000000,100.000000,5.0,1185.4509,1138.6651,8693.3065,8740.0923,PENDING_AG03,FALSE,NOT_FOR_ENFORCEMENT,9483.6071,484680.3568,9878.7574,9483.6071,395.1503,0.01770420,0.01699603,395.1503,9483.6071,0.01699603,395.1503,395.1503,395.1503,0.0000,0.0000,9483.6071,0.01699603,1185.4509,1138.6651,8693.3065,8740.0923,0.01557970,0.01566354,0.00070817,22.4534,20.6030,0.4031,82.3230,2.6463,4649.9123,204.2083,25.9152,21.1137,12.8578,14.5296,26.176,48.8436,54.2173,102.8621,13.088,0.0,3.731508,7.079487,1.545355,30,207,63,6,0.32204186,0.01770420,-0.00338982,0E-8,0.000000,0.904812,0.002133,0.03111404,2026-03-21,2026-08-06,120,3733,1703,139,0.863309,1.227414,1.154177,1.073473,,,,,,,,GLOBAL_BASELINE_NO_ENTITY_RANKING,,,NOT_APPLICABLE_GLOBAL_BASELINE,HF9g-P5,,,,X 全窗基线 · 不参与实体赏罚,15052181,1506,A168_HF9F_20260827_0900,2026-08-27 09:00:00
2026-04-29,127529701,-1,1,1572.9131220073,-15.9149804986,-15.9149804986,0.5000000,83,83,0.50051337951807229,0.500513379518,-0.009068095054519058,-0.009068095053242159,-0.009068095054519058,7.229E-14,SENTINEL_DEALER,R03b_20260811_FULL_v1,L1_ELIGIBILITY,v2026-08-11,2026-03-21..2026-08-06,baccarat_bet02_101_all_pairs_incl_sentinel,round_win = game_pnl > 0 (decisive only),COMPATIBILITY_ONLY_NOT_PRODUCTION,557989.4742,504875.3716,9878.7574,24851,24505,-0.01770420,0.00338982,-0.02772422,-0.01770420,-9878.7574,557989.4742,OK,0.0000,395.1503,4.0000,96.0000,AG03-UNRESOLVED,ALL5_LEVELS_bet23_to_bet27,395.1503,395.1503,395.1503,0.0000,0.0000,4.000000,4.000000,4.000000,0.000000,0.000000,96.000000,96.000000,96.000000,100.000000,100.000000,5.0,1185.4509,1138.6651,8693.3065,8740.0923,PENDING_AG03,FALSE,NOT_FOR_ENFORCEMENT,9483.6071,484680.3568,9878.7574,9483.6071,395.1503,0.01770420,0.01699603,395.1503,9483.6071,0.01699603,395.1503,395.1503,395.1503,0.0000,0.0000,9483.6071,0.01699603,1185.4509,1138.6651,8693.3065,8740.0923,0.01557970,0.01566354,0.00070817,22.4534,20.6030,0.4031,82.3230,2.6463,4649.9123,204.2083,25.9152,21.1137,12.8578,14.5296,26.176,48.8436,54.2173,102.8621,13.088,0.0,3.731508,7.079487,1.545355,30,207,63,6,0.32204186,0.01770420,-0.00338982,0E-8,0.000000,0.904812,0.002133,0.03111404,2026-03-21,2026-08-06,120,3733,1703,139,0.863309,1.227414,1.154177,1.073473,,,,,,,,GLOBAL_BASELINE_NO_ENTITY_RANKING,,,NOT_APPLICABLE_GLOBAL_BASELINE,HF9g-P5,,,,X 全窗基线 · 不参与实体赏罚,15052182,1506,A168_HF9F_20260827_0900,2026-08-27 09:00:00
2026-04-29,127529701,1078,0,26.1759547680,-26.1759547680,-26.1759547680,0E-7,1,1,0.49324550000000000,0.493245500000,-0.9865810262130424,-0.9865810262130424,-0.9865810262130424,0E-17,ELIGIBLE,R03b_20260811_FULL_v1,L1_ELIGIBILITY,v2026-08-11,2026-03-21..2026-08-06,baccarat_bet02_101_all_pairs_incl_sentinel,round_win = game_pnl > 0 (decisive only),COMPATIBILITY_ONLY_NOT_PRODUCTION,557989.4742,504875.3716,9878.7574,24851,24505,-0.01770420,0.00338982,-0.02772422,-0.01770420,-9878.7574,557989.4742,OK,0.0000,395.1503,4.0000,96.0000,AG03-UNRESOLVED,ALL5_LEVELS_bet23_to_bet27,395.1503,395.1503,395.1503,0.0000,0.0000,4.000000,4.000000,4.000000,0.000000,0.000000,96.000000,96.000000,96.000000,100.000000,100.000000,5.0,1185.4509,1138.6651,8693.3065,8740.0923,PENDING_AG03,FALSE,NOT_FOR_ENFORCEMENT,9483.6071,484680.3568,9878.7574,9483.6071,395.1503,0.01770420,0.01699603,395.1503,9483.6071,0.01699603,395.1503,395.1503,395.1503,0.0000,0.0000,9483.6071,0.01699603,1185.4509,1138.6651,8693.3065,8740.0923,0.01557970,0.01566354,0.00070817,22.4534,20.6030,0.4031,82.3230,2.6463,4649.9123,204.2083,25.9152,21.1137,12.8578,14.5296,26.176,48.8436,54.2173,102.8621,13.088,0.0,3.731508,7.079487,1.545355,30,207,63,6,0.32204186,0.01770420,-0.00338982,0E-8,0.000000,0.904812,0.002133,0.03111404,2026-03-21,2026-08-06,120,3733,1703,139,0.863309,1.227414,1.154177,1.073473,,,,,,,,GLOBAL_BASELINE_NO_ENTITY_RANKING,,,NOT_APPLICABLE_GLOBAL_BASELINE,HF9g-P5,,,,X 全窗基线 · 不参与实体赏罚,15052183,1506,A168_HF9F_20260827_0900,2026-08-27 09:00:00
2026-04-29,127529701,1210,0,294.4794911396,93.0555192000,93.0555192000,0.6666667,15,15,0.50218230000000000,0.502182300000,1.1395919749830326,1.1395919749830328,1.1395919749830326,0E-17,ELIGIBLE,R03b_20260811_FULL_v1,L1_ELIGIBILITY,v2026-08-11,2026-03-21..2026-08-06,baccarat_bet02_101_all_pairs_incl_sentinel,round_win = game_pnl > 0 (decisive only),COMPATIBILITY_ONLY_NOT_PRODUCTION,557989.4742,504875.3716,9878.7574,24851,24505,-0.01770420,0.00338982,-0.02772422,-0.01770420,-9878.7574,557989.4742,OK,0.0000,395.1503,4.0000,96.0000,AG03-UNRESOLVED,ALL5_LEVELS_bet23_to_bet27,395.1503,395.1503,395.1503,0.0000,0.0000,4.000000,4.000000,4.000000,0.000000,0.000000,96.000000,96.000000,96.000000,100.000000,100.000000,5.0,1185.4509,1138.6651,8693.3065,8740.0923,PENDING_AG03,FALSE,NOT_FOR_ENFORCEMENT,9483.6071,484680.3568,9878.7574,9483.6071,395.1503,0.01770420,0.01699603,395.1503,9483.6071,0.01699603,395.1503,395.1503,395.1503,0.0000,0.0000,9483.6071,0.01699603,1185.4509,1138.6651,8693.3065,8740.0923,0.01557970,0.01566354,0.00070817,22.4534,20.6030,0.4031,82.3230,2.6463,4649.9123,204.2083,25.9152,21.1137,12.8578,14.5296,26.176,48.8436,54.2173,102.8621,13.088,0.0,3.731508,7.079487,1.545355,30,207,63,6,0.32204186,0.01770420,-0.00338982,0E-8,0.000000,0.904812,0.002133,0.03111404,2026-03-21,2026-08-06,120,3733,1703,139,0.863309,1.227414,1.154177,1.073473,,,,,,,,GLOBAL_BASELINE_NO_ENTITY_RANKING,,,NOT_APPLICABLE_GLOBAL_BASELINE,HF9g-P5,,,,X 全窗基线 · 不参与实体赏罚,15052184,1506,A168_HF9F_20260827_0900,2026-08-27 09:00:00
2026-04-29,127529701,1299,0,52.3519095359,-52.3519095359,-52.3519095359,0E-7,2,2,0.49324550000000000,0.493245500000,-1.3952362676504506,-1.3952362676504506,-1.3952362676504506,0E-17,ELIGIBLE,R03b_20260811_FULL_v1,L1_ELIGIBILITY,v2026-08-11,2026-03-21..2026-08-06,baccarat_bet02_101_all_pairs_incl_sentinel,round_win = game_pnl > 0 (decisive only),COMPATIBILITY_ONLY_NOT_PRODUCTION,557989.4742,504875.3716,9878.7574,24851,24505,-0.01770420,0.00338982,-0.02772422,-0.01770420,-9878.7574,557989.4742,OK,0.0000,395.1503,4.0000,96.0000,AG03-UNRESOLVED,ALL5_LEVELS_bet23_to_bet27,395.1503,395.1503,395.1503,0.0000,0.0000,4.000000,4.000000,4.000000,0.000000,0.000000,96.000000,96.000000,96.000000,100.000000,100.000000,5.0,1185.4509,1138.6651,8693.3065,8740.0923,PENDING_AG03,FALSE,NOT_FOR_ENFORCEMENT,9483.6071,484680.3568,9878.7574,9483.6071,395.1503,0.01770420,0.01699603,395.1503,9483.6071,0.01699603,395.1503,395.1503,395.1503,0.0000,0.0000,9483.6071,0.01699603,1185.4509,1138.6651,8693.3065,8740.0923,0.01557970,0.01566354,0.00070817,22.4534,20.6030,0.4031,82.3230,2.6463,4649.9123,204.2083,25.9152,21.1137,12.8578,14.5296,26.176,48.8436,54.2173,102.8621,13.088,0.0,3.731508,7.079487,1.545355,30,207,63,6,0.32204186,0.01770420,-0.00338982,0E-8,0.000000,0.904812,0.002133,0.03111404,2026-03-21,2026-08-06,120,3733,1703,139,0.863309,1.227414,1.154177,1.073473,,,,,,,,GLOBAL_BASELINE_NO_ENTITY_RANKING,,,NOT_APPLICABLE_GLOBAL_BASELINE,HF9g-P5,,,,X 全窗基线 · 不参与实体赏罚,15052185,1506,A168_HF9F_20260827_0900,2026-08-27 09:00:00
2026-04-29,127529701,1304,0,13.0879773840,0E-10,0E-10,,1,1,0.50665070000000000,0.506650700000,,,,0E-17,NO_DECISIVE_ROUND,R03b_20260811_FULL_v1,L1_ELIGIBILITY,v2026-08-11,2026-03-21..2026-08-06,baccarat_bet02_101_all_pairs_incl_sentinel,round_win = game_pnl > 0 (decisive only),COMPATIBILITY_ONLY_NOT_PRODUCTION,557989.4742,504875.3716,9878.7574,24851,24505,-0.01770420,0.00338982,-0.02772422,-0.01770420,-9878.7574,557989.4742,OK,0.0000,395.1503,4.0000,96.0000,AG03-UNRESOLVED,ALL5_LEVELS_bet23_to_bet27,395.1503,395.1503,395.1503,0.0000,0.0000,4.000000,4.000000,4.000000,0.000000,0.000000,96.000000,96.000000,96.000000,100.000000,100.000000,5.0,1185.4509,1138.6651,8693.3065,8740.0923,PENDING_AG03,FALSE,NOT_FOR_ENFORCEMENT,9483.6071,484680.3568,9878.7574,9483.6071,395.1503,0.01770420,0.01699603,395.1503,9483.6071,0.01699603,395.1503,395.1503,395.1503,0.0000,0.0000,9483.6071,0.01699603,1185.4509,1138.6651,8693.3065,8740.0923,0.01557970,0.01566354,0.00070817,22.4534,20.6030,0.4031,82.3230,2.6463,4649.9123,204.2083,25.9152,21.1137,12.8578,14.5296,26.176,48.8436,54.2173,102.8621,13.088,0.0,3.731508,7.079487,1.545355,30,207,63,6,0.32204186,0.01770420,-0.00338982,0E-8,0.000000,0.904812,0.002133,0.03111404,2026-03-21,2026-08-06,120,3733,1703,139,0.863309,1.227414,1.154177,1.073473,,,,,,,,GLOBAL_BASELINE_NO_ENTITY_RANKING,,,NOT_APPLICABLE_GLOBAL_BASELINE,HF9g-P5,,,,X 全窗基线 · 不参与实体赏罚,15052186,1506,A168_HF9F_20260827_0900,2026-08-27 09:00:00
2026-04-29,127529701,1306,0,226.4220087432,-27.3538727326,-27.3538727326,0.5000000,15,15,0.49771390000000000,0.497713900000,0.01710778472397204,0.01710778472397204,0.01710778472397204,0E-17,ELIGIBLE,R03b_20260811_FULL_v1,L1_ELIGIBILITY,v2026-08-11,2026-03-21..2026-08-06,baccarat_bet02_101_all_pairs_incl_sentinel,round_win = game_pnl > 0 (decisive only),COMPATIBILITY_ONLY_NOT_PRODUCTION,557989.4742,504875.3716,9878.7574,24851,24505,-0.01770420,0.00338982,-0.02772422,-0.01770420,-9878.7574,557989.4742,OK,0.0000,395.1503,4.0000,96.0000,AG03-UNRESOLVED,ALL5_LEVELS_bet23_to_bet27,395.1503,395.1503,395.1503,0.0000,0.0000,4.000000,4.000000,4.000000,0.000000,0.000000,96.000000,96.000000,96.000000,100.000000,100.000000,5.0,1185.4509,1138.6651,8693.3065,8740.0923,PENDING_AG03,FALSE,NOT_FOR_ENFORCEMENT,9483.6071,484680.3568,9878.7574,9483.6071,395.1503,0.01770420,0.01699603,395.1503,9483.6071,0.01699603,395.1503,395.1503,395.1503,0.0000,0.0000,9483.6071,0.01699603,1185.4509,1138.6651,8693.3065,8740.0923,0.01557970,0.01566354,0.00070817,22.4534,20.6030,0.4031,82.3230,2.6463,4649.9123,204.2083,25.9152,21.1137,12.8578,14.5296,26.176,48.8436,54.2173,102.8621,13.088,0.0,3.731508,7.079487,1.545355,30,207,63,6,0.32204186,0.01770420,-0.00338982,0E-8,0.000000,0.904812,0.002133,0.03111404,2026-03-21,2026-08-06,120,3733,1703,139,0.863309,1.227414,1.154177,1.073473,,,,,,,,GLOBAL_BASELINE_NO_ENTITY_RANKING,,,NOT_APPLICABLE_GLOBAL_BASELINE,HF9g-P5,,,,X 全窗基线 · 不参与实体赏罚,15052187,1506,A168_HF9F_20260827_0900,2026-08-27 09:00:00
2026-04-29,127529701,1307,0,153.9146140355,87.8072402692,87.8072402692,0.7777778,9,9,0.50218230000000000,0.502182300000,1.6535886169526313,1.6535886169526313,1.6535886169526313,0E-17,ELIGIBLE,R03b_20260811_FULL_v1,L1_ELIGIBILITY,v2026-08-11,2026-03-21..2026-08-06,baccarat_bet02_101_all_pairs_incl_sentinel,round_win = game_pnl > 0 (decisive only),COMPATIBILITY_ONLY_NOT_PRODUCTION,557989.4742,504875.3716,9878.7574,24851,24505,-0.01770420,0.00338982,-0.02772422,-0.01770420,-9878.7574,557989.4742,OK,0.0000,395.1503,4.0000,96.0000,AG03-UNRESOLVED,ALL5_LEVELS_bet23_to_bet27,395.1503,395.1503,395.1503,0.0000,0.0000,4.000000,4.000000,4.000000,0.000000,0.000000,96.000000,96.000000,96.000000,100.000000,100.000000,5.0,1185.4509,1138.6651,8693.3065,8740.0923,PENDING_AG03,FALSE,NOT_FOR_ENFORCEMENT,9483.6071,484680.3568,9878.7574,9483.6071,395.1503,0.01770420,0.01699603,395.1503,9483.6071,0.01699603,395.1503,395.1503,395.1503,0.0000,0.0000,9483.6071,0.01699603,1185.4509,1138.6651,8693.3065,8740.0923,0.01557970,0.01566354,0.00070817,22.4534,20.6030,0.4031,82.3230,2.6463,4649.9123,204.2083,25.9152,21.1137,12.8578,14.5296,26.176,48.8436,54.2173,102.8621,13.088,0.0,3.731508,7.079487,1.545355,30,207,63,6,0.32204186,0.01770420,-0.00338982,0E-8,0.000000,0.904812,0.002133,0.03111404,2026-03-21,2026-08-06,120,3733,1703,139,0.863309,1.227414,1.154177,1.073473,,,,,,,,GLOBAL_BASELINE_NO_ENTITY_RANKING,,,NOT_APPLICABLE_GLOBAL_BASELINE,HF9g-P5,,,,X 全窗基线 · 不参与实体赏罚,15052188,1506,A168_HF9F_20260827_0900,2026-08-27 09:00:00
2026-04-29,127529701,1384,0,107.5831740963,26.6994738633,26.6994738633,0.6000000,6,6,0.50218230000000000,0.502182300000,0.4374582199563857,0.4374582199563857,0.4374582199563857,0E-17,ELIGIBLE,R03b_20260811_FULL_v1,L1_ELIGIBILITY,v2026-08-11,2026-03-21..2026-08-06,baccarat_bet02_101_all_pairs_incl_sentinel,round_win = game_pnl > 0 (decisive only),COMPATIBILITY_ONLY_NOT_PRODUCTION,557989.4742,504875.3716,9878.7574,24851,24505,-0.01770420,0.00338982,-0.02772422,-0.01770420,-9878.7574,557989.4742,OK,0.0000,395.1503,4.0000,96.0000,AG03-UNRESOLVED,ALL5_LEVELS_bet23_to_bet27,395.1503,395.1503,395.1503,0.0000,0.0000,4.000000,4.000000,4.000000,0.000000,0.000000,96.000000,96.000000,96.000000,100.000000,100.000000,5.0,1185.4509,1138.6651,8693.3065,8740.0923,PENDING_AG03,FALSE,NOT_FOR_ENFORCEMENT,9483.6071,484680.3568,9878.7574,9483.6071,395.1503,0.01770420,0.01699603,395.1503,9483.6071,0.01699603,395.1503,395.1503,395.1503,0.0000,0.0000,9483.6071,0.01699603,1185.4509,1138.6651,8693.3065,8740.0923,0.01557970,0.01566354,0.00070817,22.4534,20.6030,0.4031,82.3230,2.6463,4649.9123,204.2083,25.9152,21.1137,12.8578,14.5296,26.176,48.8436,54.2173,102.8621,13.088,0.0,3.731508,7.079487,1.545355,30,207,63,6,0.32204186,0.01770420,-0.00338982,0E-8,0.000000,0.904812,0.002133,0.03111404,2026-03-21,2026-08-06,120,3733,1703,139,0.863309,1.227414,1.154177,1.073473,,,,,,,,GLOBAL_BASELINE_NO_ENTITY_RANKING,,,NOT_APPLICABLE_GLOBAL_BASELINE,HF9g-P5,,,,X 全窗基线 · 不参与实体赏罚,15052189,1506,A168_HF9F_20260827_0900,2026-08-27 09:00:00
2026-04-29,127529701,1401,0,14.9202942177,-14.9202942177,-14.9202942177,0E-7,1,1,0.49324550000000000,0.493245500000,-0.9865810262130424,-0.9865810262130424,-0.9865810262130424,0E-17,ELIGIBLE,R03b_20260811_FULL_v1,L1_ELIGIBILITY,v2026-08-11,2026-03-21..2026-08-06,baccarat_bet02_101_all_pairs_incl_sentinel,round_win = game_pnl > 0 (decisive only),COMPATIBILITY_ONLY_NOT_PRODUCTION,557989.4742,504875.3716,9878.7574,24851,24505,-0.01770420,0.00338982,-0.02772422,-0.01770420,-9878.7574,557989.4742,OK,0.0000,395.1503,4.0000,96.0000,AG03-UNRESOLVED,ALL5_LEVELS_bet23_to_bet27,395.1503,395.1503,395.1503,0.0000,0.0000,4.000000,4.000000,4.000000,0.000000,0.000000,96.000000,96.000000,96.000000,100.000000,100.000000,5.0,1185.4509,1138.6651,8693.3065,8740.0923,PENDING_AG03,FALSE,NOT_FOR_ENFORCEMENT,9483.6071,484680.3568,9878.7574,9483.6071,395.1503,0.01770420,0.01699603,395.1503,9483.6071,0.01699603,395.1503,395.1503,395.1503,0.0000,0.0000,9483.6071,0.01699603,1185.4509,1138.6651,8693.3065,8740.0923,0.01557970,0.01566354,0.00070817,22.4534,20.6030,0.4031,82.3230,2.6463,4649.9123,204.2083,25.9152,21.1137,12.8578,14.5296,26.176,48.8436,54.2173,102.8621,13.088,0.0,3.731508,7.079487,1.545355,30,207,63,6,0.32204186,0.01770420,-0.00338982,0E-8,0.000000,0.904812,0.002133,0.03111404,2026-03-21,2026-08-06,120,3733,1703,139,0.863309,1.227414,1.154177,1.073473,,,,,,,,GLOBAL_BASELINE_NO_ENTITY_RANKING,,,NOT_APPLICABLE_GLOBAL_BASELINE,HF9g-P5,,,,X 全窗基线 · 不参与实体赏罚,15052190,1506,A168_HF9F_20260827_0900,2026-08-27 09:00:00
2026-04-29,127529701,1485,0,52.3519095360,24.2127581604,24.2127581604,0.7500000,4,4,0.50665070000000000,0.506650700000,0.9734833216690844,0.9734833216690844,0.9734833216690844,0E-17,ELIGIBLE,R03b_20260811_FULL_v1,L1_ELIGIBILITY,v2026-08-11,2026-03-21..2026-08-06,baccarat_bet02_101_all_pairs_incl_sentinel,round_win = game_pnl > 0 (decisive only),COMPATIBILITY_ONLY_NOT_PRODUCTION,557989.4742,504875.3716,9878.7574,24851,24505,-0.01770420,0.00338982,-0.02772422,-0.01770420,-9878.7574,557989.4742,OK,0.0000,395.1503,4.0000,96.0000,AG03-UNRESOLVED,ALL5_LEVELS_bet23_to_bet27,395.1503,395.1503,395.1503,0.0000,0.0000,4.000000,4.000000,4.000000,0.000000,0.000000,96.000000,96.000000,96.000000,100.000000,100.000000,5.0,1185.4509,1138.6651,8693.3065,8740.0923,PENDING_AG03,FALSE,NOT_FOR_ENFORCEMENT,9483.6071,484680.3568,9878.7574,9483.6071,395.1503,0.01770420,0.01699603,395.1503,9483.6071,0.01699603,395.1503,395.1503,395.1503,0.0000,0.0000,9483.6071,0.01699603,1185.4509,1138.6651,8693.3065,8740.0923,0.01557970,0.01566354,0.00070817,22.4534,20.6030,0.4031,82.3230,2.6463,4649.9123,204.2083,25.9152,21.1137,12.8578,14.5296,26.176,48.8436,54.2173,102.8621,13.088,0.0,3.731508,7.079487,1.545355,30,207,63,6,0.32204186,0.01770420,-0.00338982,0E-8,0.000000,0.904812,0.002133,0.03111404,2026-03-21,2026-08-06,120,3733,1703,139,0.863309,1.227414,1.154177,1.073473,,,,,,,,GLOBAL_BASELINE_NO_ENTITY_RANKING,,,NOT_APPLICABLE_GLOBAL_BASELINE,HF9g-P5,,,,X 全窗基线 · 不参与实体赏罚,15052191,1506,A168_HF9F_20260827_0900,2026-08-27 09:00:00
2026-04-29,127529701,1507,0,279.8209564695,7.1983875611,7.1983875611,0.5454545,12,12,0.50106520000000000,0.501065200000,0.29444627531269363,0.29444627531269363,0.29444627531269363,0E-17,ELIGIBLE,R03b_20260811_FULL_v1,L1_ELIGIBILITY,v2026-08-11,2026-03-21..2026-08-06,baccarat_bet02_101_all_pairs_incl_sentinel,round_win = game_pnl > 0 (decisive only),COMPATIBILITY_ONLY_NOT_PRODUCTION,557989.4742,504875.3716,9878.7574,24851,24505,-0.01770420,0.00338982,-0.02772422,-0.01770420,-9878.7574,557989.4742,OK,0.0000,395.1503,4.0000,96.0000,AG03-UNRESOLVED,ALL5_LEVELS_bet23_to_bet27,395.1503,395.1503,395.1503,0.0000,0.0000,4.000000,4.000000,4.000000,0.000000,0.000000,96.000000,96.000000,96.000000,100.000000,100.000000,5.0,1185.4509,1138.6651,8693.3065,8740.0923,PENDING_AG03,FALSE,NOT_FOR_ENFORCEMENT,9483.6071,484680.3568,9878.7574,9483.6071,395.1503,0.01770420,0.01699603,395.1503,9483.6071,0.01699603,395.1503,395.1503,395.1503,0.0000,0.0000,9483.6071,0.01699603,1185.4509,1138.6651,8693.3065,8740.0923,0.01557970,0.01566354,0.00070817,22.4534,20.6030,0.4031,82.3230,2.6463,4649.9123,204.2083,25.9152,21.1137,12.8578,14.5296,26.176,48.8436,54.2173,102.8621,13.088,0.0,3.731508,7.079487,1.545355,30,207,63,6,0.32204186,0.01770420,-0.00338982,0E-8,0.000000,0.904812,0.002133,0.03111404,2026-03-21,2026-08-06,120,3733,1703,139,0.863309,1.227414,1.154177,1.073473,,,,,,,,GLOBAL_BASELINE_NO_ENTITY_RANKING,,,NOT_APPLICABLE_GLOBAL_BASELINE,HF9g-P5,,,,X 全窗基线 · 不参与实体赏罚,15052192,1506,A168_HF9F_20260827_0900,2026-08-27 09:00:00
2026-04-29,127529701,1702,0,204.1724471902,-52.7445488576,-52.7445488576,0.2500000,9,9,0.49771390000000000,0.497713900000,-1.4012960750061008,-1.401296075006101,-1.4012960750061008,0E-17,ELIGIBLE,R03b_20260811_FULL_v1,L1_ELIGIBILITY,v2026-08-11,2026-03-21..2026-08-06,baccarat_bet02_101_all_pairs_incl_sentinel,round_win = game_pnl > 0 (decisive only),COMPATIBILITY_ONLY_NOT_PRODUCTION,557989.4742,504875.3716,9878.7574,24851,24505,-0.01770420,0.00338982,-0.02772422,-0.01770420,-9878.7574,557989.4742,OK,0.0000,395.1503,4.0000,96.0000,AG03-UNRESOLVED,ALL5_LEVELS_bet23_to_bet27,395.1503,395.1503,395.1503,0.0000,0.0000,4.000000,4.000000,4.000000,0.000000,0.000000,96.000000,96.000000,96.000000,100.000000,100.000000,5.0,1185.4509,1138.6651,8693.3065,8740.0923,PENDING_AG03,FALSE,NOT_FOR_ENFORCEMENT,9483.6071,484680.3568,9878.7574,9483.6071,395.1503,0.01770420,0.01699603,395.1503,9483.6071,0.01699603,395.1503,395.1503,395.1503,0.0000,0.0000,9483.6071,0.01699603,1185.4509,1138.6651,8693.3065,8740.0923,0.01557970,0.01566354,0.00070817,22.4534,20.6030,0.4031,82.3230,2.6463,4649.9123,204.2083,25.9152,21.1137,12.8578,14.5296,26.176,48.8436,54.2173,102.8621,13.088,0.0,3.731508,7.079487,1.545355,30,207,63,6,0.32204186,0.01770420,-0.00338982,0E-8,0.000000,0.904812,0.002133,0.03111404,2026-03-21,2026-08-06,120,3733,1703,139,0.863309,1.227414,1.154177,1.073473,,,,,,,,GLOBAL_BASELINE_NO_ENTITY_RANKING,,,NOT_APPLICABLE_GLOBAL_BASELINE,HF9g-P5,,,,X 全窗基线 · 不参与实体赏罚,15052193,1506,A168_HF9F_20260827_0900,2026-08-27 09:00:00
2026-04-29,127529701,1704,0,370.3897599669,18.9121273199,18.9121273199,0.5882353,18,18,0.50143756666666667,0.501437566667,0.7157553550511027,0.7157553550483553,0.7157553550511027,-3.3333E-13,ELIGIBLE,R03b_20260811_FULL_v1,L1_ELIGIBILITY,v2026-08-11,2026-03-21..2026-08-06,baccarat_bet02_101_all_pairs_incl_sentinel,round_win = game_pnl > 0 (decisive only),COMPATIBILITY_ONLY_NOT_PRODUCTION,557989.4742,504875.3716,9878.7574,24851,24505,-0.01770420,0.00338982,-0.02772422,-0.01770420,-9878.7574,557989.4742,OK,0.0000,395.1503,4.0000,96.0000,AG03-UNRESOLVED,ALL5_LEVELS_bet23_to_bet27,395.1503,395.1503,395.1503,0.0000,0.0000,4.000000,4.000000,4.000000,0.000000,0.000000,96.000000,96.000000,96.000000,100.000000,100.000000,5.0,1185.4509,1138.6651,8693.3065,8740.0923,PENDING_AG03,FALSE,NOT_FOR_ENFORCEMENT,9483.6071,484680.3568,9878.7574,9483.6071,395.1503,0.01770420,0.01699603,395.1503,9483.6071,0.01699603,395.1503,395.1503,395.1503,0.0000,0.0000,9483.6071,0.01699603,1185.4509,1138.6651,8693.3065,8740.0923,0.01557970,0.01566354,0.00070817,22.4534,20.6030,0.4031,82.3230,2.6463,4649.9123,204.2083,25.9152,21.1137,12.8578,14.5296,26.176,48.8436,54.2173,102.8621,13.088,0.0,3.731508,7.079487,1.545355,30,207,63,6,0.32204186,0.01770420,-0.00338982,0E-8,0.000000,0.904812,0.002133,0.03111404,2026-03-21,2026-08-06,120,3733,1703,139,0.863309,1.227414,1.154177,1.073473,,,,,,,,GLOBAL_BASELINE_NO_ENTITY_RANKING,,,NOT_APPLICABLE_GLOBAL_BASELINE,HF9g-P5,,,,X 全窗基线 · 不参与实体赏罚,15052194,1506,A168_HF9F_20260827_0900,2026-08-27 09:00:00
2026-04-29,127529701,1951,0,174.0700992072,28.5317906971,28.5317906971,0.6000000,11,11,0.50299473636363636,0.502994736364,0.6135261610830837,0.6135261610807864,0.6135261610830837,-3.6364E-13,ELIGIBLE,R03b_20260811_FULL_v1,L1_ELIGIBILITY,v2026-08-11,2026-03-21..2026-08-06,baccarat_bet02_101_all_pairs_incl_sentinel,round_win = game_pnl > 0 (decisive only),COMPATIBILITY_ONLY_NOT_PRODUCTION,557989.4742,504875.3716,9878.7574,24851,24505,-0.01770420,0.00338982,-0.02772422,-0.01770420,-9878.7574,557989.4742,OK,0.0000,395.1503,4.0000,96.0000,AG03-UNRESOLVED,ALL5_LEVELS_bet23_to_bet27,395.1503,395.1503,395.1503,0.0000,0.0000,4.000000,4.000000,4.000000,0.000000,0.000000,96.000000,96.000000,96.000000,100.000000,100.000000,5.0,1185.4509,1138.6651,8693.3065,8740.0923,PENDING_AG03,FALSE,NOT_FOR_ENFORCEMENT,9483.6071,484680.3568,9878.7574,9483.6071,395.1503,0.01770420,0.01699603,395.1503,9483.6071,0.01699603,395.1503,395.1503,395.1503,0.0000,0.0000,9483.6071,0.01699603,1185.4509,1138.6651,8693.3065,8740.0923,0.01557970,0.01566354,0.00070817,22.4534,20.6030,0.4031,82.3230,2.6463,4649.9123,204.2083,25.9152,21.1137,12.8578,14.5296,26.176,48.8436,54.2173,102.8621,13.088,0.0,3.731508,7.079487,1.545355,30,207,63,6,0.32204186,0.01770420,-0.00338982,0E-8,0.000000,0.904812,0.002133,0.03111404,2026-03-21,2026-08-06,120,3733,1703,139,0.863309,1.227414,1.154177,1.073473,,,,,,,,GLOBAL_BASELINE_NO_ENTITY_RANKING,,,NOT_APPLICABLE_GLOBAL_BASELINE,HF9g-P5,,,,X 全窗基线 · 不参与实体赏罚,15052195,1506,A168_HF9F_20260827_0900,2026-08-27 09:00:00
2026-04-29,127529701,1966,0,208.0988404056,-98.8142292492,-98.8142292492,0.3333333,12,12,0.49994810000000000,0.499948100000,-1.154340970850289,-1.154340970850289,-1.154340970850289,0E-17,ELIGIBLE,R03b_20260811_FULL_v1,L1_ELIGIBILITY,v2026-08-11,2026-03-21..2026-08-06,baccarat_bet02_101_all_pairs_incl_sentinel,round_win = game_pnl > 0 (decisive only),COMPATIBILITY_ONLY_NOT_PRODUCTION,557989.4742,504875.3716,9878.7574,24851,24505,-0.01770420,0.00338982,-0.02772422,-0.01770420,-9878.7574,557989.4742,OK,0.0000,395.1503,4.0000,96.0000,AG03-UNRESOLVED,ALL5_LEVELS_bet23_to_bet27,395.1503,395.1503,395.1503,0.0000,0.0000,4.000000,4.000000,4.000000,0.000000,0.000000,96.000000,96.000000,96.000000,100.000000,100.000000,5.0,1185.4509,1138.6651,8693.3065,8740.0923,PENDING_AG03,FALSE,NOT_FOR_ENFORCEMENT,9483.6071,484680.3568,9878.7574,9483.6071,395.1503,0.01770420,0.01699603,395.1503,9483.6071,0.01699603,395.1503,395.1503,395.1503,0.0000,0.0000,9483.6071,0.01699603,1185.4509,1138.6651,8693.3065,8740.0923,0.01557970,0.01566354,0.00070817,22.4534,20.6030,0.4031,82.3230,2.6463,4649.9123,204.2083,25.9152,21.1137,12.8578,14.5296,26.176,48.8436,54.2173,102.8621,13.088,0.0,3.731508,7.079487,1.545355,30,207,63,6,0.32204186,0.01770420,-0.00338982,0E-8,0.000000,0.904812,0.002133,0.03111404,2026-03-21,2026-08-06,120,3733,1703,139,0.863309,1.227414,1.154177,1.073473,,,,,,,,GLOBAL_BASELINE_NO_ENTITY_RANKING,,,NOT_APPLICABLE_GLOBAL_BASELINE,HF9g-P5,,,,X 全窗基线 · 不参与实体赏罚,15052196,1506,A168_HF9F_20260827_0900,2026-08-27 09:00:00
2026-04-29,127529701,1994,0,106.5361359056,70.0206790043,70.0206790043,0.8000000,6,6,0.49547970000000000,0.495479700000,1.3619118399891006,1.3619118399891006,1.3619118399891006,0E-17,ELIGIBLE,R03b_20260811_FULL_v1,L1_ELIGIBILITY,v2026-08-11,2026-03-21..2026-08-06,baccarat_bet02_101_all_pairs_incl_sentinel,round_win = game_pnl > 0 (decisive only),COMPATIBILITY_ONLY_NOT_PRODUCTION,557989.4742,504875.3716,9878.7574,24851,24505,-0.01770420,0.00338982,-0.02772422,-0.01770420,-9878.7574,557989.4742,OK,0.0000,395.1503,4.0000,96.0000,AG03-UNRESOLVED,ALL5_LEVELS_bet23_to_bet27,395.1503,395.1503,395.1503,0.0000,0.0000,4.000000,4.000000,4.000000,0.000000,0.000000,96.000000,96.000000,96.000000,100.000000,100.000000,5.0,1185.4509,1138.6651,8693.3065,8740.0923,PENDING_AG03,FALSE,NOT_FOR_ENFORCEMENT,9483.6071,484680.3568,9878.7574,9483.6071,395.1503,0.01770420,0.01699603,395.1503,9483.6071,0.01699603,395.1503,395.1503,395.1503,0.0000,0.0000,9483.6071,0.01699603,1185.4509,1138.6651,8693.3065,8740.0923,0.01557970,0.01566354,0.00070817,22.4534,20.6030,0.4031,82.3230,2.6463,4649.9123,204.2083,25.9152,21.1137,12.8578,14.5296,26.176,48.8436,54.2173,102.8621,13.088,0.0,3.731508,7.079487,1.545355,30,207,63,6,0.32204186,0.01770420,-0.00338982,0E-8,0.000000,0.904812,0.002133,0.03111404,2026-03-21,2026-08-06,120,3733,1703,139,0.863309,1.227414,1.154177,1.073473,,,,,,,,GLOBAL_BASELINE_NO_ENTITY_RANKING,,,NOT_APPLICABLE_GLOBAL_BASELINE,HF9g-P5,,,,X 全窗基线 · 不参与实体赏罚,15052197,1506,A168_HF9F_20260827_0900,2026-08-27 09:00:00
2026-04-29,127529701,2123,0,130.8797738399,-91.6158416879,-91.6158416879,0.2000000,6,6,0.50218230000000000,0.502182300000,-1.351413200886205,-1.351413200886205,-1.351413200886205,0E-17,ELIGIBLE,R03b_20260811_FULL_v1,L1_ELIGIBILITY,v2026-08-11,2026-03-21..2026-08-06,baccarat_bet02_101_all_pairs_incl_sentinel,round_win = game_pnl > 0 (decisive only),COMPATIBILITY_ONLY_NOT_PRODUCTION,557989.4742,504875.3716,9878.7574,24851,24505,-0.01770420,0.00338982,-0.02772422,-0.01770420,-9878.7574,557989.4742,OK,0.0000,395.1503,4.0000,96.0000,AG03-UNRESOLVED,ALL5_LEVELS_bet23_to_bet27,395.1503,395.1503,395.1503,0.0000,0.0000,4.000000,4.000000,4.000000,0.000000,0.000000,96.000000,96.000000,96.000000,100.000000,100.000000,5.0,1185.4509,1138.6651,8693.3065,8740.0923,PENDING_AG03,FALSE,NOT_FOR_ENFORCEMENT,9483.6071,484680.3568,9878.7574,9483.6071,395.1503,0.01770420,0.01699603,395.1503,9483.6071,0.01699603,395.1503,395.1503,395.1503,0.0000,0.0000,9483.6071,0.01699603,1185.4509,1138.6651,8693.3065,8740.0923,0.01557970,0.01566354,0.00070817,22.4534,20.6030,0.4031,82.3230,2.6463,4649.9123,204.2083,25.9152,21.1137,12.8578,14.5296,26.176,48.8436,54.2173,102.8621,13.088,0.0,3.731508,7.079487,1.545355,30,207,63,6,0.32204186,0.01770420,-0.00338982,0E-8,0.000000,0.904812,0.002133,0.03111404,2026-03-21,2026-08-06,120,3733,1703,139,0.863309,1.227414,1.154177,1.073473,,,,,,,,GLOBAL_BASELINE_NO_ENTITY_RANKING,,,NOT_APPLICABLE_GLOBAL_BASELINE,HF9g-P5,,,,X 全窗基线 · 不参与实体赏罚,15052198,1506,A168_HF9F_20260827_0900,2026-08-27 09:00:00
2026-04-29,127529701,2127,0,79.8366620424,0.6543988692,0.6543988692,0.6000000,5,5,0.49860758000000000,0.498607580000,0.4534424453485946,0.4534424453485946,0.4534424453485946,0E-17,ELIGIBLE,R03b_20260811_FULL_v1,L1_ELIGIBILITY,v2026-08-11,2026-03-21..2026-08-06,baccarat_bet02_101_all_pairs_incl_sentinel,round_win = game_pnl > 0 (decisive only),COMPATIBILITY_ONLY_NOT_PRODUCTION,557989.4742,504875.3716,9878.7574,24851,24505,-0.01770420,0.00338982,-0.02772422,-0.01770420,-9878.7574,557989.4742,OK,0.0000,395.1503,4.0000,96.0000,AG03-UNRESOLVED,ALL5_LEVELS_bet23_to_bet27,395.1503,395.1503,395.1503,0.0000,0.0000,4.000000,4.000000,4.000000,0.000000,0.000000,96.000000,96.000000,96.000000,100.000000,100.000000,5.0,1185.4509,1138.6651,8693.3065,8740.0923,PENDING_AG03,FALSE,NOT_FOR_ENFORCEMENT,9483.6071,484680.3568,9878.7574,9483.6071,395.1503,0.01770420,0.01699603,395.1503,9483.6071,0.01699603,395.1503,395.1503,395.1503,0.0000,0.0000,9483.6071,0.01699603,1185.4509,1138.6651,8693.3065,8740.0923,0.01557970,0.01566354,0.00070817,22.4534,20.6030,0.4031,82.3230,2.6463,4649.9123,204.2083,25.9152,21.1137,12.8578,14.5296,26.176,48.8436,54.2173,102.8621,13.088,0.0,3.731508,7.079487,1.545355,30,207,63,6,0.32204186,0.01770420,-0.00338982,0E-8,0.000000,0.904812,0.002133,0.03111404,2026-03-21,2026-08-06,120,3733,1703,139,0.863309,1.227414,1.154177,1.073473,,,,,,,,GLOBAL_BASELINE_NO_ENTITY_RANKING,,,NOT_APPLICABLE_GLOBAL_BASELINE,HF9g-P5,,,,X 全窗基线 · 不参与实体赏罚,15052199,1506,A168_HF9F_20260827_0900,2026-08-27 09:00:00
2026-04-29,127529701,2134,0,47.1167185823,-36.9080962228,-36.9080962228,0.5000000,2,2,0.49994810000000000,0.499948100000,0.00014679536856514622,0.00014679536856514622,0.00014679536856514622,0E-17,ELIGIBLE,R03b_20260811_FULL_v1,L1_ELIGIBILITY,v2026-08-11,2026-03-21..2026-08-06,baccarat_bet02_101_all_pairs_incl_sentinel,round_win = game_pnl > 0 (decisive only),COMPATIBILITY_ONLY_NOT_PRODUCTION,557989.4742,504875.3716,9878.7574,24851,24505,-0.01770420,0.00338982,-0.02772422,-0.01770420,-9878.7574,557989.4742,OK,0.0000,395.1503,4.0000,96.0000,AG03-UNRESOLVED,ALL5_LEVELS_bet23_to_bet27,395.1503,395.1503,395.1503,0.0000,0.0000,4.000000,4.000000,4.000000,0.000000,0.000000,96.000000,96.000000,96.000000,100.000000,100.000000,5.0,1185.4509,1138.6651,8693.3065,8740.0923,PENDING_AG03,FALSE,NOT_FOR_ENFORCEMENT,9483.6071,484680.3568,9878.7574,9483.6071,395.1503,0.01770420,0.01699603,395.1503,9483.6071,0.01699603,395.1503,395.1503,395.1503,0.0000,0.0000,9483.6071,0.01699603,1185.4509,1138.6651,8693.3065,8740.0923,0.01557970,0.01566354,0.00070817,22.4534,20.6030,0.4031,82.3230,2.6463,4649.9123,204.2083,25.9152,21.1137,12.8578,14.5296,26.176,48.8436,54.2173,102.8621,13.088,0.0,3.731508,7.079487,1.545355,30,207,63,6,0.32204186,0.01770420,-0.00338982,0E-8,0.000000,0.904812,0.002133,0.03111404,2026-03-21,2026-08-06,120,3733,1703,139,0.863309,1.227414,1.154177,1.073473,,,,,,,,GLOBAL_BASELINE_NO_ENTITY_RANKING,,,NOT_APPLICABLE_GLOBAL_BASELINE,HF9g-P5,,,,X 全窗基线 · 不参与实体赏罚,15052200,1506,A168_HF9F_20260827_0900,2026-08-27 09:00:00
2026-04-29,127529701,2152,0,54.9695050127,-3.9263932151,-3.9263932151,0.5000000,2,2,0.49994810000000000,0.499948100000,0.00014679536856514622,0.00014679536856514622,0.00014679536856514622,0E-17,ELIGIBLE,R03b_20260811_FULL_v1,L1_ELIGIBILITY,v2026-08-11,2026-03-21..2026-08-06,baccarat_bet02_101_all_pairs_incl_sentinel,round_win = game_pnl > 0 (decisive only),COMPATIBILITY_ONLY_NOT_PRODUCTION,557989.4742,504875.3716,9878.7574,24851,24505,-0.01770420,0.00338982,-0.02772422,-0.01770420,-9878.7574,557989.4742,OK,0.0000,395.1503,4.0000,96.0000,AG03-UNRESOLVED,ALL5_LEVELS_bet23_to_bet27,395.1503,395.1503,395.1503,0.0000,0.0000,4.000000,4.000000,4.000000,0.000000,0.000000,96.000000,96.000000,96.000000,100.000000,100.000000,5.0,1185.4509,1138.6651,8693.3065,8740.0923,PENDING_AG03,FALSE,NOT_FOR_ENFORCEMENT,9483.6071,484680.3568,9878.7574,9483.6071,395.1503,0.01770420,0.01699603,395.1503,9483.6071,0.01699603,395.1503,395.1503,395.1503,0.0000,0.0000,9483.6071,0.01699603,1185.4509,1138.6651,8693.3065,8740.0923,0.01557970,0.01566354,0.00070817,22.4534,20.6030,0.4031,82.3230,2.6463,4649.9123,204.2083,25.9152,21.1137,12.8578,14.5296,26.176,48.8436,54.2173,102.8621,13.088,0.0,3.731508,7.079487,1.545355,30,207,63,6,0.32204186,0.01770420,-0.00338982,0E-8,0.000000,0.904812,0.002133,0.03111404,2026-03-21,2026-08-06,120,3733,1703,139,0.863309,1.227414,1.154177,1.073473,,,,,,,,GLOBAL_BASELINE_NO_ENTITY_RANKING,,,NOT_APPLICABLE_GLOBAL_BASELINE,HF9g-P5,,,,X 全窗基线 · 不参与实体赏罚,15052201,1506,A168_HF9F_20260827_0900,2026-08-27 09:00:00
2026-04-29,127529701,2167,0,44.4991231056,7.1983875612,7.1983875612,0.5000000,3,3,0.49771390000000000,0.497713900000,0.006466134837551399,0.0064661348375514,0.006466134837551399,0E-17,ELIGIBLE,R03b_20260811_FULL_v1,L1_ELIGIBILITY,v2026-08-11,2026-03-21..2026-08-06,baccarat_bet02_101_all_pairs_incl_sentinel,round_win = game_pnl > 0 (decisive only),COMPATIBILITY_ONLY_NOT_PRODUCTION,557989.4742,504875.3716,9878.7574,24851,24505,-0.01770420,0.00338982,-0.02772422,-0.01770420,-9878.7574,557989.4742,OK,0.0000,395.1503,4.0000,96.0000,AG03-UNRESOLVED,ALL5_LEVELS_bet23_to_bet27,395.1503,395.1503,395.1503,0.0000,0.0000,4.000000,4.000000,4.000000,0.000000,0.000000,96.000000,96.000000,96.000000,100.000000,100.000000,5.0,1185.4509,1138.6651,8693.3065,8740.0923,PENDING_AG03,FALSE,NOT_FOR_ENFORCEMENT,9483.6071,484680.3568,9878.7574,9483.6071,395.1503,0.01770420,0.01699603,395.1503,9483.6071,0.01699603,395.1503,395.1503,395.1503,0.0000,0.0000,9483.6071,0.01699603,1185.4509,1138.6651,8693.3065,8740.0923,0.01557970,0.01566354,0.00070817,22.4534,20.6030,0.4031,82.3230,2.6463,4649.9123,204.2083,25.9152,21.1137,12.8578,14.5296,26.176,48.8436,54.2173,102.8621,13.088,0.0,3.731508,7.079487,1.545355,30,207,63,6,0.32204186,0.01770420,-0.00338982,0E-8,0.000000,0.904812,0.002133,0.03111404,2026-03-21,2026-08-06,120,3733,1703,139,0.863309,1.227414,1.154177,1.073473,,,,,,,,GLOBAL_BASELINE_NO_ENTITY_RANKING,,,NOT_APPLICABLE_GLOBAL_BASELINE,HF9g-P5,,,,X 全窗基线 · 不参与实体赏罚,15052202,1506,A168_HF9F_20260827_0900,2026-08-27 09:00:00
2026-04-29,127529701,2170,0,31.4111457216,18.3231683376,18.3231683376,1.0000000,2,2,0.49324550000000000,0.493245500000,1.01360149184955,1.01360149184955,1.01360149184955,0E-17,ELIGIBLE,R03b_20260811_FULL_v1,L1_ELIGIBILITY,v2026-08-11,2026-03-21..2026-08-06,baccarat_bet02_101_all_pairs_incl_sentinel,round_win = game_pnl > 0 (decisive only),COMPATIBILITY_ONLY_NOT_PRODUCTION,557989.4742,504875.3716,9878.7574,24851,24505,-0.01770420,0.00338982,-0.02772422,-0.01770420,-9878.7574,557989.4742,OK,0.0000,395.1503,4.0000,96.0000,AG03-UNRESOLVED,ALL5_LEVELS_bet23_to_bet27,395.1503,395.1503,395.1503,0.0000,0.0000,4.000000,4.000000,4.000000,0.000000,0.000000,96.000000,96.000000,96.000000,100.000000,100.000000,5.0,1185.4509,1138.6651,8693.3065,8740.0923,PENDING_AG03,FALSE,NOT_FOR_ENFORCEMENT,9483.6071,484680.3568,9878.7574,9483.6071,395.1503,0.01770420,0.01699603,395.1503,9483.6071,0.01699603,395.1503,395.1503,395.1503,0.0000,0.0000,9483.6071,0.01699603,1185.4509,1138.6651,8693.3065,8740.0923,0.01557970,0.01566354,0.00070817,22.4534,20.6030,0.4031,82.3230,2.6463,4649.9123,204.2083,25.9152,21.1137,12.8578,14.5296,26.176,48.8436,54.2173,102.8621,13.088,0.0,3.731508,7.079487,1.545355,30,207,63,6,0.32204186,0.01770420,-0.00338982,0E-8,0.000000,0.904812,0.002133,0.03111404,2026-03-21,2026-08-06,120,3733,1703,139,0.863309,1.227414,1.154177,1.073473,,,,,,,,GLOBAL_BASELINE_NO_ENTITY_RANKING,,,NOT_APPLICABLE_GLOBAL_BASELINE,HF9g-P5,,,,X 全窗基线 · 不参与实体赏罚,15052203,1506,A168_HF9F_20260827_0900,2026-08-27 09:00:00
2026-04-29,127529701,2196,0,197.3666989505,-144.6483260478,-144.6483260478,0.2500000,8,8,0.50162375000000000,0.501623750000,-1.4234063852847412,-1.4234063852847412,-1.4234063852847412,0E-17,ELIGIBLE,R03b_20260811_FULL_v1,L1_ELIGIBILITY,v2026-08-11,2026-03-21..2026-08-06,baccarat_bet02_101_all_pairs_incl_sentinel,round_win = game_pnl > 0 (decisive only),COMPATIBILITY_ONLY_NOT_PRODUCTION,557989.4742,504875.3716,9878.7574,24851,24505,-0.01770420,0.00338982,-0.02772422,-0.01770420,-9878.7574,557989.4742,OK,0.0000,395.1503,4.0000,96.0000,AG03-UNRESOLVED,ALL5_LEVELS_bet23_to_bet27,395.1503,395.1503,395.1503,0.0000,0.0000,4.000000,4.000000,4.000000,0.000000,0.000000,96.000000,96.000000,96.000000,100.000000,100.000000,5.0,1185.4509,1138.6651,8693.3065,8740.0923,PENDING_AG03,FALSE,NOT_FOR_ENFORCEMENT,9483.6071,484680.3568,9878.7574,9483.6071,395.1503,0.01770420,0.01699603,395.1503,9483.6071,0.01699603,395.1503,395.1503,395.1503,0.0000,0.0000,9483.6071,0.01699603,1185.4509,1138.6651,8693.3065,8740.0923,0.01557970,0.01566354,0.00070817,22.4534,20.6030,0.4031,82.3230,2.6463,4649.9123,204.2083,25.9152,21.1137,12.8578,14.5296,26.176,48.8436,54.2173,102.8621,13.088,0.0,3.731508,7.079487,1.545355,30,207,63,6,0.32204186,0.01770420,-0.00338982,0E-8,0.000000,0.904812,0.002133,0.03111404,2026-03-21,2026-08-06,120,3733,1703,139,0.863309,1.227414,1.154177,1.073473,,,,,,,,GLOBAL_BASELINE_NO_ENTITY_RANKING,,,NOT_APPLICABLE_GLOBAL_BASELINE,HF9g-P5,,,,X 全窗基线 · 不参与实体赏罚,15052204,1506,A168_HF9F_20260827_0900,2026-08-27 09:00:00
2026-04-29,127529701,2209,0,187.4198361387,28.4663508101,28.4663508101,0.4545455,12,12,0.49883100000000000,0.498831000000,-0.2937578786951308,-0.2937578786951308,-0.2937578786951308,0E-17,ELIGIBLE,R03b_20260811_FULL_v1,L1_ELIGIBILITY,v2026-08-11,2026-03-21..2026-08-06,baccarat_bet02_101_all_pairs_incl_sentinel,round_win = game_pnl > 0 (decisive only),COMPATIBILITY_ONLY_NOT_PRODUCTION,557989.4742,504875.3716,9878.7574,24851,24505,-0.01770420,0.00338982,-0.02772422,-0.01770420,-9878.7574,557989.4742,OK,0.0000,395.1503,4.0000,96.0000,AG03-UNRESOLVED,ALL5_LEVELS_bet23_to_bet27,395.1503,395.1503,395.1503,0.0000,0.0000,4.000000,4.000000,4.000000,0.000000,0.000000,96.000000,96.000000,96.000000,100.000000,100.000000,5.0,1185.4509,1138.6651,8693.3065,8740.0923,PENDING_AG03,FALSE,NOT_FOR_ENFORCEMENT,9483.6071,484680.3568,9878.7574,9483.6071,395.1503,0.01770420,0.01699603,395.1503,9483.6071,0.01699603,395.1503,395.1503,395.1503,0.0000,0.0000,9483.6071,0.01699603,1185.4509,1138.6651,8693.3065,8740.0923,0.01557970,0.01566354,0.00070817,22.4534,20.6030,0.4031,82.3230,2.6463,4649.9123,204.2083,25.9152,21.1137,12.8578,14.5296,26.176,48.8436,54.2173,102.8621,13.088,0.0,3.731508,7.079487,1.545355,30,207,63,6,0.32204186,0.01770420,-0.00338982,0E-8,0.000000,0.904812,0.002133,0.03111404,2026-03-21,2026-08-06,120,3733,1703,139,0.863309,1.227414,1.154177,1.073473,,,,,,,,GLOBAL_BASELINE_NO_ENTITY_RANKING,,,NOT_APPLICABLE_GLOBAL_BASELINE,HF9g-P5,,,,X 全窗基线 · 不参与实体赏罚,15052205,1506,A168_HF9F_20260827_0900,2026-08-27 09:00:00
2026-04-29,127529701,2229,0,221.1868177892,30.1023479831,30.1023479831,0.4000000,7,7,0.49899058571428571,0.498990585714,-0.4427002597300625,-0.4427002597287852,-0.4427002597300625,2.8571E-13,ELIGIBLE,R03b_20260811_FULL_v1,L1_ELIGIBILITY,v2026-08-11,2026-03-21..2026-08-06,baccarat_bet02_101_all_pairs_incl_sentinel,round_win = game_pnl > 0 (decisive only),COMPATIBILITY_ONLY_NOT_PRODUCTION,557989.4742,504875.3716,9878.7574,24851,24505,-0.01770420,0.00338982,-0.02772422,-0.01770420,-9878.7574,557989.4742,OK,0.0000,395.1503,4.0000,96.0000,AG03-UNRESOLVED,ALL5_LEVELS_bet23_to_bet27,395.1503,395.1503,395.1503,0.0000,0.0000,4.000000,4.000000,4.000000,0.000000,0.000000,96.000000,96.000000,96.000000,100.000000,100.000000,5.0,1185.4509,1138.6651,8693.3065,8740.0923,PENDING_AG03,FALSE,NOT_FOR_ENFORCEMENT,9483.6071,484680.3568,9878.7574,9483.6071,395.1503,0.01770420,0.01699603,395.1503,9483.6071,0.01699603,395.1503,395.1503,395.1503,0.0000,0.0000,9483.6071,0.01699603,1185.4509,1138.6651,8693.3065,8740.0923,0.01557970,0.01566354,0.00070817,22.4534,20.6030,0.4031,82.3230,2.6463,4649.9123,204.2083,25.9152,21.1137,12.8578,14.5296,26.176,48.8436,54.2173,102.8621,13.088,0.0,3.731508,7.079487,1.545355,30,207,63,6,0.32204186,0.01770420,-0.00338982,0E-8,0.000000,0.904812,0.002133,0.03111404,2026-03-21,2026-08-06,120,3733,1703,139,0.863309,1.227414,1.154177,1.073473,,,,,,,,GLOBAL_BASELINE_NO_ENTITY_RANKING,,,NOT_APPLICABLE_GLOBAL_BASELINE,HF9g-P5,,,,X 全窗基线 · 不参与实体赏罚,15052206,1506,A168_HF9F_20260827_0900,2026-08-27 09:00:00
2026-04-29,127529701,2234,0,83.7630552575,-78.5278643039,-78.5278643039,0E-7,5,5,0.49860758000000000,0.498607580000,-1.9944380537814452,-1.9944380537814452,-1.9944380537814452,0E-17,ELIGIBLE,R03b_20260811_FULL_v1,L1_ELIGIBILITY,v2026-08-11,2026-03-21..2026-08-06,baccarat_bet02_101_all_pairs_incl_sentinel,round_win = game_pnl > 0 (decisive only),COMPATIBILITY_ONLY_NOT_PRODUCTION,557989.4742,504875.3716,9878.7574,24851,24505,-0.01770420,0.00338982,-0.02772422,-0.01770420,-9878.7574,557989.4742,OK,0.0000,395.1503,4.0000,96.0000,AG03-UNRESOLVED,ALL5_LEVELS_bet23_to_bet27,395.1503,395.1503,395.1503,0.0000,0.0000,4.000000,4.000000,4.000000,0.000000,0.000000,96.000000,96.000000,96.000000,100.000000,100.000000,5.0,1185.4509,1138.6651,8693.3065,8740.0923,PENDING_AG03,FALSE,NOT_FOR_ENFORCEMENT,9483.6071,484680.3568,9878.7574,9483.6071,395.1503,0.01770420,0.01699603,395.1503,9483.6071,0.01699603,395.1503,395.1503,395.1503,0.0000,0.0000,9483.6071,0.01699603,1185.4509,1138.6651,8693.3065,8740.0923,0.01557970,0.01566354,0.00070817,22.4534,20.6030,0.4031,82.3230,2.6463,4649.9123,204.2083,25.9152,21.1137,12.8578,14.5296,26.176,48.8436,54.2173,102.8621,13.088,0.0,3.731508,7.079487,1.545355,30,207,63,6,0.32204186,0.01770420,-0.00338982,0E-8,0.000000,0.904812,0.002133,0.03111404,2026-03-21,2026-08-06,120,3733,1703,139,0.863309,1.227414,1.154177,1.073473,,,,,,,,GLOBAL_BASELINE_NO_ENTITY_RANKING,,,NOT_APPLICABLE_GLOBAL_BASELINE,HF9g-P5,,,,X 全窗基线 · 不参与实体赏罚,15052207,1506,A168_HF9F_20260827_0900,2026-08-27 09:00:00
2026-04-29,127529701,2254,0,298.1441248070,12.8523937908,12.8523937908,0.4545455,13,13,0.50252602307692308,0.502526023077,-0.3182711477639058,-0.3182711477644162,-0.3182711477639058,-7.692E-14,ELIGIBLE,R03b_20260811_FULL_v1,L1_ELIGIBILITY,v2026-08-11,2026-03-21..2026-08-06,baccarat_bet02_101_all_pairs_incl_sentinel,round_win = game_pnl > 0 (decisive only),COMPATIBILITY_ONLY_NOT_PRODUCTION,557989.4742,504875.3716,9878.7574,24851,24505,-0.01770420,0.00338982,-0.02772422,-0.01770420,-9878.7574,557989.4742,OK,0.0000,395.1503,4.0000,96.0000,AG03-UNRESOLVED,ALL5_LEVELS_bet23_to_bet27,395.1503,395.1503,395.1503,0.0000,0.0000,4.000000,4.000000,4.000000,0.000000,0.000000,96.000000,96.000000,96.000000,100.000000,100.000000,5.0,1185.4509,1138.6651,8693.3065,8740.0923,PENDING_AG03,FALSE,NOT_FOR_ENFORCEMENT,9483.6071,484680.3568,9878.7574,9483.6071,395.1503,0.01770420,0.01699603,395.1503,9483.6071,0.01699603,395.1503,395.1503,395.1503,0.0000,0.0000,9483.6071,0.01699603,1185.4509,1138.6651,8693.3065,8740.0923,0.01557970,0.01566354,0.00070817,22.4534,20.6030,0.4031,82.3230,2.6463,4649.9123,204.2083,25.9152,21.1137,12.8578,14.5296,26.176,48.8436,54.2173,102.8621,13.088,0.0,3.731508,7.079487,1.545355,30,207,63,6,0.32204186,0.01770420,-0.00338982,0E-8,0.000000,0.904812,0.002133,0.03111404,2026-03-21,2026-08-06,120,3733,1703,139,0.863309,1.227414,1.154177,1.073473,,,,,,,,GLOBAL_BASELINE_NO_ENTITY_RANKING,,,NOT_APPLICABLE_GLOBAL_BASELINE,HF9g-P5,,,,X 全窗基线 · 不参与实体赏罚,15052208,1506,A168_HF9F_20260827_0900,2026-08-27 09:00:00
2026-04-29,127529701,2258,0,130.8797738399,-26.1759547681,-26.1759547681,0.2500000,4,4,0.49659680000000000,0.496596800000,-0.9864100490137353,-0.9864100490137354,-0.9864100490137353,0E-17,ELIGIBLE,R03b_20260811_FULL_v1,L1_ELIGIBILITY,v2026-08-11,2026-03-21..2026-08-06,baccarat_bet02_101_all_pairs_incl_sentinel,round_win = game_pnl > 0 (decisive only),COMPATIBILITY_ONLY_NOT_PRODUCTION,557989.4742,504875.3716,9878.7574,24851,24505,-0.01770420,0.00338982,-0.02772422,-0.01770420,-9878.7574,557989.4742,OK,0.0000,395.1503,4.0000,96.0000,AG03-UNRESOLVED,ALL5_LEVELS_bet23_to_bet27,395.1503,395.1503,395.1503,0.0000,0.0000,4.000000,4.000000,4.000000,0.000000,0.000000,96.000000,96.000000,96.000000,100.000000,100.000000,5.0,1185.4509,1138.6651,8693.3065,8740.0923,PENDING_AG03,FALSE,NOT_FOR_ENFORCEMENT,9483.6071,484680.3568,9878.7574,9483.6071,395.1503,0.01770420,0.01699603,395.1503,9483.6071,0.01699603,395.1503,395.1503,395.1503,0.0000,0.0000,9483.6071,0.01699603,1185.4509,1138.6651,8693.3065,8740.0923,0.01557970,0.01566354,0.00070817,22.4534,20.6030,0.4031,82.3230,2.6463,4649.9123,204.2083,25.9152,21.1137,12.8578,14.5296,26.176,48.8436,54.2173,102.8621,13.088,0.0,3.731508,7.079487,1.545355,30,207,63,6,0.32204186,0.01770420,-0.00338982,0E-8,0.000000,0.904812,0.002133,0.03111404,2026-03-21,2026-08-06,120,3733,1703,139,0.863309,1.227414,1.154177,1.073473,,,,,,,,GLOBAL_BASELINE_NO_ENTITY_RANKING,,,NOT_APPLICABLE_GLOBAL_BASELINE,HF9g-P5,,,,X 全窗基线 · 不参与实体赏罚,15052209,1506,A168_HF9F_20260827_0900,2026-08-27 09:00:00
2026-04-29,127529701,529,0,70.6750778736,33.3743423292,33.3743423292,0.8000000,6,6,0.49994810000000000,0.499948100000,1.3418728975849028,1.3418728975849028,1.3418728975849028,0E-17,ELIGIBLE,R03b_20260811_FULL_v1,L1_ELIGIBILITY,v2026-08-11,2026-03-21..2026-08-06,baccarat_bet02_101_all_pairs_incl_sentinel,round_win = game_pnl > 0 (decisive only),COMPATIBILITY_ONLY_NOT_PRODUCTION,557989.4742,504875.3716,9878.7574,24851,24505,-0.01770420,0.00338982,-0.02772422,-0.01770420,-9878.7574,557989.4742,OK,0.0000,395.1503,4.0000,96.0000,AG03-UNRESOLVED,ALL5_LEVELS_bet23_to_bet27,395.1503,395.1503,395.1503,0.0000,0.0000,4.000000,4.000000,4.000000,0.000000,0.000000,96.000000,96.000000,96.000000,100.000000,100.000000,5.0,1185.4509,1138.6651,8693.3065,8740.0923,PENDING_AG03,FALSE,NOT_FOR_ENFORCEMENT,9483.6071,484680.3568,9878.7574,9483.6071,395.1503,0.01770420,0.01699603,395.1503,9483.6071,0.01699603,395.1503,395.1503,395.1503,0.0000,0.0000,9483.6071,0.01699603,1185.4509,1138.6651,8693.3065,8740.0923,0.01557970,0.01566354,0.00070817,22.4534,20.6030,0.4031,82.3230,2.6463,4649.9123,204.2083,25.9152,21.1137,12.8578,14.5296,26.176,48.8436,54.2173,102.8621,13.088,0.0,3.731508,7.079487,1.545355,30,207,63,6,0.32204186,0.01770420,-0.00338982,0E-8,0.000000,0.904812,0.002133,0.03111404,2026-03-21,2026-08-06,120,3733,1703,139,0.863309,1.227414,1.154177,1.073473,,,,,,,,GLOBAL_BASELINE_NO_ENTITY_RANKING,,,NOT_APPLICABLE_GLOBAL_BASELINE,HF9g-P5,,,,X 全窗基线 · 不参与实体赏罚,15052210,1506,A168_HF9F_20260827_0900,2026-08-27 09:00:00
2026-04-29,127529701,919,0,68.0574823967,39.1330523781,39.1330523781,0.6666667,3,3,0.50665070000000000,0.506650700000,0.5543606114942035,0.5543606114942035,0.5543606114942035,0E-17,ELIGIBLE,R03b_20260811_FULL_v1,L1_ELIGIBILITY,v2026-08-11,2026-03-21..2026-08-06,baccarat_bet02_101_all_pairs_incl_sentinel,round_win = game_pnl > 0 (decisive only),COMPATIBILITY_ONLY_NOT_PRODUCTION,557989.4742,504875.3716,9878.7574,24851,24505,-0.01770420,0.00338982,-0.02772422,-0.01770420,-9878.7574,557989.4742,OK,0.0000,395.1503,4.0000,96.0000,AG03-UNRESOLVED,ALL5_LEVELS_bet23_to_bet27,395.1503,395.1503,395.1503,0.0000,0.0000,4.000000,4.000000,4.000000,0.000000,0.000000,96.000000,96.000000,96.000000,100.000000,100.000000,5.0,1185.4509,1138.6651,8693.3065,8740.0923,PENDING_AG03,FALSE,NOT_FOR_ENFORCEMENT,9483.6071,484680.3568,9878.7574,9483.6071,395.1503,0.01770420,0.01699603,395.1503,9483.6071,0.01699603,395.1503,395.1503,395.1503,0.0000,0.0000,9483.6071,0.01699603,1185.4509,1138.6651,8693.3065,8740.0923,0.01557970,0.01566354,0.00070817,22.4534,20.6030,0.4031,82.3230,2.6463,4649.9123,204.2083,25.9152,21.1137,12.8578,14.5296,26.176,48.8436,54.2173,102.8621,13.088,0.0,3.731508,7.079487,1.545355,30,207,63,6,0.32204186,0.01770420,-0.00338982,0E-8,0.000000,0.904812,0.002133,0.03111404,2026-03-21,2026-08-06,120,3733,1703,139,0.863309,1.227414,1.154177,1.073473,,,,,,,,GLOBAL_BASELINE_NO_ENTITY_RANKING,,,NOT_APPLICABLE_GLOBAL_BASELINE,HF9g-P5,,,,X 全窗基线 · 不参与实体赏罚,15052211,1506,A168_HF9F_20260827_0900,2026-08-27 09:00:00
2026-04-29,127529701,948,0,103.3950213335,13.7423762531,13.7423762531,0.4000000,6,6,0.49994810000000000,0.499948100000,-0.4469814940518811,-0.4469814940518811,-0.4469814940518811,0E-17,ELIGIBLE,R03b_20260811_FULL_v1,L1_ELIGIBILITY,v2026-08-11,2026-03-21..2026-08-06,baccarat_bet02_101_all_pairs_incl_sentinel,round_win = game_pnl > 0 (decisive only),COMPATIBILITY_ONLY_NOT_PRODUCTION,557989.4742,504875.3716,9878.7574,24851,24505,-0.01770420,0.00338982,-0.02772422,-0.01770420,-9878.7574,557989.4742,OK,0.0000,395.1503,4.0000,96.0000,AG03-UNRESOLVED,ALL5_LEVELS_bet23_to_bet27,395.1503,395.1503,395.1503,0.0000,0.0000,4.000000,4.000000,4.000000,0.000000,0.000000,96.000000,96.000000,96.000000,100.000000,100.000000,5.0,1185.4509,1138.6651,8693.3065,8740.0923,PENDING_AG03,FALSE,NOT_FOR_ENFORCEMENT,9483.6071,484680.3568,9878.7574,9483.6071,395.1503,0.01770420,0.01699603,395.1503,9483.6071,0.01699603,395.1503,395.1503,395.1503,0.0000,0.0000,9483.6071,0.01699603,1185.4509,1138.6651,8693.3065,8740.0923,0.01557970,0.01566354,0.00070817,22.4534,20.6030,0.4031,82.3230,2.6463,4649.9123,204.2083,25.9152,21.1137,12.8578,14.5296,26.176,48.8436,54.2173,102.8621,13.088,0.0,3.731508,7.079487,1.545355,30,207,63,6,0.32204186,0.01770420,-0.00338982,0E-8,0.000000,0.904812,0.002133,0.03111404,2026-03-21,2026-08-06,120,3733,1703,139,0.863309,1.227414,1.154177,1.073473,,,,,,,,GLOBAL_BASELINE_NO_ENTITY_RANKING,,,NOT_APPLICABLE_GLOBAL_BASELINE,HF9g-P5,,,,X 全窗基线 · 不参与实体赏罚,15052212,1506,A168_HF9F_20260827_0900,2026-08-27 09:00:00
2026-04-30,127529701,-1,1,1639.4014869246,301.6885193462,301.6885193462,0.5909091,99,99,0.49974499090909091,0.499744990909,1.710390347932616,1.710390347934322,1.710390347932616,9.091E-14,SENTINEL_DEALER,R03b_20260811_FULL_v1,L1_ELIGIBILITY,v2026-08-11,2026-03-21..2026-08-06,baccarat_bet02_101_all_pairs_incl_sentinel,round_win = game_pnl > 0 (decisive only),COMPATIBILITY_ONLY_NOT_PRODUCTION,557989.4742,504875.3716,9878.7574,24851,24505,-0.01770420,0.00338982,-0.02772422,-0.01770420,-9878.7574,557989.4742,OK,0.0000,395.1503,4.0000,96.0000,AG03-UNRESOLVED,ALL5_LEVELS_bet23_to_bet27,395.1503,395.1503,395.1503,0.0000,0.0000,4.000000,4.000000,4.000000,0.000000,0.000000,96.000000,96.000000,96.000000,100.000000,100.000000,5.0,1185.4509,1138.6651,8693.3065,8740.0923,PENDING_AG03,FALSE,NOT_FOR_ENFORCEMENT,9483.6071,484680.3568,9878.7574,9483.6071,395.1503,0.01770420,0.01699603,395.1503,9483.6071,0.01699603,395.1503,395.1503,395.1503,0.0000,0.0000,9483.6071,0.01699603,1185.4509,1138.6651,8693.3065,8740.0923,0.01557970,0.01566354,0.00070817,22.4534,20.6030,0.4031,82.3230,2.6463,4649.9123,204.2083,25.9152,21.1137,12.8578,14.5296,26.176,48.8436,54.2173,102.8621,13.088,0.0,3.731508,7.079487,1.545355,30,207,63,6,0.32204186,0.01770420,-0.00338982,0E-8,0.000000,0.904812,0.002133,0.03111404,2026-03-21,2026-08-06,120,3733,1703,139,0.863309,1.227414,1.154177,1.073473,,,,,,,,GLOBAL_BASELINE_NO_ENTITY_RANKING,,,NOT_APPLICABLE_GLOBAL_BASELINE,HF9g-P5,,,,X 全窗基线 · 不参与实体赏罚,15052213,1506,A168_HF9F_20260827_0900,2026-08-27 09:00:00
2026-04-30,127529701,1094,0,91.6158416880,-39.2639321520,-39.2639321520,0.2500000,5,5,0.49592654000000000,0.495926540000,-0.983738807048034,-0.983738807048034,-0.983738807048034,0E-17,ELIGIBLE,R03b_20260811_FULL_v1,L1_ELIGIBILITY,v2026-08-11,2026-03-21..2026-08-06,baccarat_bet02_101_all_pairs_incl_sentinel,round_win = game_pnl > 0 (decisive only),COMPATIBILITY_ONLY_NOT_PRODUCTION,557989.4742,504875.3716,9878.7574,24851,24505,-0.01770420,0.00338982,-0.02772422,-0.01770420,-9878.7574,557989.4742,OK,0.0000,395.1503,4.0000,96.0000,AG03-UNRESOLVED,ALL5_LEVELS_bet23_to_bet27,395.1503,395.1503,395.1503,0.0000,0.0000,4.000000,4.000000,4.000000,0.000000,0.000000,96.000000,96.000000,96.000000,100.000000,100.000000,5.0,1185.4509,1138.6651,8693.3065,8740.0923,PENDING_AG03,FALSE,NOT_FOR_ENFORCEMENT,9483.6071,484680.3568,9878.7574,9483.6071,395.1503,0.01770420,0.01699603,395.1503,9483.6071,0.01699603,395.1503,395.1503,395.1503,0.0000,0.0000,9483.6071,0.01699603,1185.4509,1138.6651,8693.3065,8740.0923,0.01557970,0.01566354,0.00070817,22.4534,20.6030,0.4031,82.3230,2.6463,4649.9123,204.2083,25.9152,21.1137,12.8578,14.5296,26.176,48.8436,54.2173,102.8621,13.088,0.0,3.731508,7.079487,1.545355,30,207,63,6,0.32204186,0.01770420,-0.00338982,0E-8,0.000000,0.904812,0.002133,0.03111404,2026-03-21,2026-08-06,120,3733,1703,139,0.863309,1.227414,1.154177,1.073473,,,,,,,,GLOBAL_BASELINE_NO_ENTITY_RANKING,,,NOT_APPLICABLE_GLOBAL_BASELINE,HF9g-P5,,,,X 全窗基线 · 不参与实体赏罚,15052214,1506,A168_HF9F_20260827_0900,2026-08-27 09:00:00
2026-04-30,127529701,1109,0,52.3519095360,-26.8303536372,-26.8303536372,0.2500000,4,4,0.50665070000000000,0.506650700000,-1.0266936290537745,-1.0266936290537745,-1.0266936290537745,0E-17,ELIGIBLE,R03b_20260811_FULL_v1,L1_ELIGIBILITY,v2026-08-11,2026-03-21..2026-08-06,baccarat_bet02_101_all_pairs_incl_sentinel,round_win = game_pnl > 0 (decisive only),COMPATIBILITY_ONLY_NOT_PRODUCTION,557989.4742,504875.3716,9878.7574,24851,24505,-0.01770420,0.00338982,-0.02772422,-0.01770420,-9878.7574,557989.4742,OK,0.0000,395.1503,4.0000,96.0000,AG03-UNRESOLVED,ALL5_LEVELS_bet23_to_bet27,395.1503,395.1503,395.1503,0.0000,0.0000,4.000000,4.000000,4.000000,0.000000,0.000000,96.000000,96.000000,96.000000,100.000000,100.000000,5.0,1185.4509,1138.6651,8693.3065,8740.0923,PENDING_AG03,FALSE,NOT_FOR_ENFORCEMENT,9483.6071,484680.3568,9878.7574,9483.6071,395.1503,0.01770420,0.01699603,395.1503,9483.6071,0.01699603,395.1503,395.1503,395.1503,0.0000,0.0000,9483.6071,0.01699603,1185.4509,1138.6651,8693.3065,8740.0923,0.01557970,0.01566354,0.00070817,22.4534,20.6030,0.4031,82.3230,2.6463,4649.9123,204.2083,25.9152,21.1137,12.8578,14.5296,26.176,48.8436,54.2173,102.8621,13.088,0.0,3.731508,7.079487,1.545355,30,207,63,6,0.32204186,0.01770420,-0.00338982,0E-8,0.000000,0.904812,0.002133,0.03111404,2026-03-21,2026-08-06,120,3733,1703,139,0.863309,1.227414,1.154177,1.073473,,,,,,,,GLOBAL_BASELINE_NO_ENTITY_RANKING,,,NOT_APPLICABLE_GLOBAL_BASELINE,HF9g-P5,,,,X 全窗基线 · 不参与实体赏罚,15052215,1506,A168_HF9F_20260827_0900,2026-08-27 09:00:00
2026-04-30,127529701,1205,0,166.2173127768,43.1903253672,43.1903253672,0.6363636,12,12,0.49883100000000000,0.498831000000,0.9122907958985939,0.9122907958985939,0.9122907958985939,0E-17,ELIGIBLE,R03b_20260811_FULL_v1,L1_ELIGIBILITY,v2026-08-11,2026-03-21..2026-08-06,baccarat_bet02_101_all_pairs_incl_sentinel,round_win = game_pnl > 0 (decisive only),COMPATIBILITY_ONLY_NOT_PRODUCTION,557989.4742,504875.3716,9878.7574,24851,24505,-0.01770420,0.00338982,-0.02772422,-0.01770420,-9878.7574,557989.4742,OK,0.0000,395.1503,4.0000,96.0000,AG03-UNRESOLVED,ALL5_LEVELS_bet23_to_bet27,395.1503,395.1503,395.1503,0.0000,0.0000,4.000000,4.000000,4.000000,0.000000,0.000000,96.000000,96.000000,96.000000,100.000000,100.000000,5.0,1185.4509,1138.6651,8693.3065,8740.0923,PENDING_AG03,FALSE,NOT_FOR_ENFORCEMENT,9483.6071,484680.3568,9878.7574,9483.6071,395.1503,0.01770420,0.01699603,395.1503,9483.6071,0.01699603,395.1503,395.1503,395.1503,0.0000,0.0000,9483.6071,0.01699603,1185.4509,1138.6651,8693.3065,8740.0923,0.01557970,0.01566354,0.00070817,22.4534,20.6030,0.4031,82.3230,2.6463,4649.9123,204.2083,25.9152,21.1137,12.8578,14.5296,26.176,48.8436,54.2173,102.8621,13.088,0.0,3.731508,7.079487,1.545355,30,207,63,6,0.32204186,0.01770420,-0.00338982,0E-8,0.000000,0.904812,0.002133,0.03111404,2026-03-21,2026-08-06,120,3733,1703,139,0.863309,1.227414,1.154177,1.073473,,,,,,,,GLOBAL_BASELINE_NO_ENTITY_RANKING,,,NOT_APPLICABLE_GLOBAL_BASELINE,HF9g-P5,,,,X 全窗基线 · 不参与实体赏罚,15052216,1506,A168_HF9F_20260827_0900,2026-08-27 09:00:00
2026-04-30,127529701,1318,0,722.1945920488,43.0070936839,43.0070936839,0.5434783,47,47,0.49980549148936170,0.499805491489,0.5924063112526209,0.5924063112575274,0.5924063112526209,3.6170E-13,ELIGIBLE,R03b_20260811_FULL_v1,L1_ELIGIBILITY,v2026-08-11,2026-03-21..2026-08-06,baccarat_bet02_101_all_pairs_incl_sentinel,round_win = game_pnl > 0 (decisive only),COMPATIBILITY_ONLY_NOT_PRODUCTION,557989.4742,504875.3716,9878.7574,24851,24505,-0.01770420,0.00338982,-0.02772422,-0.01770420,-9878.7574,557989.4742,OK,0.0000,395.1503,4.0000,96.0000,AG03-UNRESOLVED,ALL5_LEVELS_bet23_to_bet27,395.1503,395.1503,395.1503,0.0000,0.0000,4.000000,4.000000,4.000000,0.000000,0.000000,96.000000,96.000000,96.000000,100.000000,100.000000,5.0,1185.4509,1138.6651,8693.3065,8740.0923,PENDING_AG03,FALSE,NOT_FOR_ENFORCEMENT,9483.6071,484680.3568,9878.7574,9483.6071,395.1503,0.01770420,0.01699603,395.1503,9483.6071,0.01699603,395.1503,395.1503,395.1503,0.0000,0.0000,9483.6071,0.01699603,1185.4509,1138.6651,8693.3065,8740.0923,0.01557970,0.01566354,0.00070817,22.4534,20.6030,0.4031,82.3230,2.6463,4649.9123,204.2083,25.9152,21.1137,12.8578,14.5296,26.176,48.8436,54.2173,102.8621,13.088,0.0,3.731508,7.079487,1.545355,30,207,63,6,0.32204186,0.01770420,-0.00338982,0E-8,0.000000,0.904812,0.002133,0.03111404,2026-03-21,2026-08-06,120,3733,1703,139,0.863309,1.227414,1.154177,1.073473,,,,,,,,GLOBAL_BASELINE_NO_ENTITY_RANKING,,,NOT_APPLICABLE_GLOBAL_BASELINE,HF9g-P5,,,,X 全窗基线 · 不参与实体赏罚,15052217,1506,A168_HF9F_20260827_0900,2026-08-27 09:00:00
2026-04-30,127529701,1374,0,287.9355024478,-22.7730806480,-22.7730806480,0.4666667,16,16,0.49827245000000000,0.498272450000,-0.24481880628073263,-0.24481880628073266,-0.24481880628073263,0E-17,ELIGIBLE,R03b_20260811_FULL_v1,L1_ELIGIBILITY,v2026-08-11,2026-03-21..2026-08-06,baccarat_bet02_101_all_pairs_incl_sentinel,round_win = game_pnl > 0 (decisive only),COMPATIBILITY_ONLY_NOT_PRODUCTION,557989.4742,504875.3716,9878.7574,24851,24505,-0.01770420,0.00338982,-0.02772422,-0.01770420,-9878.7574,557989.4742,OK,0.0000,395.1503,4.0000,96.0000,AG03-UNRESOLVED,ALL5_LEVELS_bet23_to_bet27,395.1503,395.1503,395.1503,0.0000,0.0000,4.000000,4.000000,4.000000,0.000000,0.000000,96.000000,96.000000,96.000000,100.000000,100.000000,5.0,1185.4509,1138.6651,8693.3065,8740.0923,PENDING_AG03,FALSE,NOT_FOR_ENFORCEMENT,9483.6071,484680.3568,9878.7574,9483.6071,395.1503,0.01770420,0.01699603,395.1503,9483.6071,0.01699603,395.1503,395.1503,395.1503,0.0000,0.0000,9483.6071,0.01699603,1185.4509,1138.6651,8693.3065,8740.0923,0.01557970,0.01566354,0.00070817,22.4534,20.6030,0.4031,82.3230,2.6463,4649.9123,204.2083,25.9152,21.1137,12.8578,14.5296,26.176,48.8436,54.2173,102.8621,13.088,0.0,3.731508,7.079487,1.545355,30,207,63,6,0.32204186,0.01770420,-0.00338982,0E-8,0.000000,0.904812,0.002133,0.03111404,2026-03-21,2026-08-06,120,3733,1703,139,0.863309,1.227414,1.154177,1.073473,,,,,,,,GLOBAL_BASELINE_NO_ENTITY_RANKING,,,NOT_APPLICABLE_GLOBAL_BASELINE,HF9g-P5,,,,X 全窗基线 · 不参与实体赏罚,15052218,1506,A168_HF9F_20260827_0900,2026-08-27 09:00:00
2026-04-30,127529701,1382,0,77.8371646516,25.9457215506,25.9457215506,0.6666667,3,3,0.49324550000000000,0.493245500000,0.6008033672792107,0.6008033672792106,0.6008033672792107,0E-17,ELIGIBLE,R03b_20260811_FULL_v1,L1_ELIGIBILITY,v2026-08-11,2026-03-21..2026-08-06,baccarat_bet02_101_all_pairs_incl_sentinel,round_win = game_pnl > 0 (decisive only),COMPATIBILITY_ONLY_NOT_PRODUCTION,557989.4742,504875.3716,9878.7574,24851,24505,-0.01770420,0.00338982,-0.02772422,-0.01770420,-9878.7574,557989.4742,OK,0.0000,395.1503,4.0000,96.0000,AG03-UNRESOLVED,ALL5_LEVELS_bet23_to_bet27,395.1503,395.1503,395.1503,0.0000,0.0000,4.000000,4.000000,4.000000,0.000000,0.000000,96.000000,96.000000,96.000000,100.000000,100.000000,5.0,1185.4509,1138.6651,8693.3065,8740.0923,PENDING_AG03,FALSE,NOT_FOR_ENFORCEMENT,9483.6071,484680.3568,9878.7574,9483.6071,395.1503,0.01770420,0.01699603,395.1503,9483.6071,0.01699603,395.1503,395.1503,395.1503,0.0000,0.0000,9483.6071,0.01699603,1185.4509,1138.6651,8693.3065,8740.0923,0.01557970,0.01566354,0.00070817,22.4534,20.6030,0.4031,82.3230,2.6463,4649.9123,204.2083,25.9152,21.1137,12.8578,14.5296,26.176,48.8436,54.2173,102.8621,13.088,0.0,3.731508,7.079487,1.545355,30,207,63,6,0.32204186,0.01770420,-0.00338982,0E-8,0.000000,0.904812,0.002133,0.03111404,2026-03-21,2026-08-06,120,3733,1703,139,0.863309,1.227414,1.154177,1.073473,,,,,,,,GLOBAL_BASELINE_NO_ENTITY_RANKING,,,NOT_APPLICABLE_GLOBAL_BASELINE,HF9g-P5,,,,X 全窗基线 · 不参与实体赏罚,15052219,1506,A168_HF9F_20260827_0900,2026-08-27 09:00:00
2026-04-30,127529701,1396,0,101.7072284780,7.8615536298,7.8615536298,0.3750000,8,8,0.49994810000000000,0.499948100000,-0.7068131942587571,-0.7068131942587571,-0.7068131942587571,0E-17,ELIGIBLE,R03b_20260811_FULL_v1,L1_ELIGIBILITY,v2026-08-11,2026-03-21..2026-08-06,baccarat_bet02_101_all_pairs_incl_sentinel,round_win = game_pnl > 0 (decisive only),COMPATIBILITY_ONLY_NOT_PRODUCTION,557989.4742,504875.3716,9878.7574,24851,24505,-0.01770420,0.00338982,-0.02772422,-0.01770420,-9878.7574,557989.4742,OK,0.0000,395.1503,4.0000,96.0000,AG03-UNRESOLVED,ALL5_LEVELS_bet23_to_bet27,395.1503,395.1503,395.1503,0.0000,0.0000,4.000000,4.000000,4.000000,0.000000,0.000000,96.000000,96.000000,96.000000,100.000000,100.000000,5.0,1185.4509,1138.6651,8693.3065,8740.0923,PENDING_AG03,FALSE,NOT_FOR_ENFORCEMENT,9483.6071,484680.3568,9878.7574,9483.6071,395.1503,0.01770420,0.01699603,395.1503,9483.6071,0.01699603,395.1503,395.1503,395.1503,0.0000,0.0000,9483.6071,0.01699603,1185.4509,1138.6651,8693.3065,8740.0923,0.01557970,0.01566354,0.00070817,22.4534,20.6030,0.4031,82.3230,2.6463,4649.9123,204.2083,25.9152,21.1137,12.8578,14.5296,26.176,48.8436,54.2173,102.8621,13.088,0.0,3.731508,7.079487,1.545355,30,207,63,6,0.32204186,0.01770420,-0.00338982,0E-8,0.000000,0.904812,0.002133,0.03111404,2026-03-21,2026-08-06,120,3733,1703,139,0.863309,1.227414,1.154177,1.073473,,,,,,,,GLOBAL_BASELINE_NO_ENTITY_RANKING,,,NOT_APPLICABLE_GLOBAL_BASELINE,HF9g-P5,,,,X 全窗基线 · 不参与实体赏罚,15052220,1506,A168_HF9F_20260827_0900,2026-08-27 09:00:00
2026-04-30,127529701,1485,0,68.0574823968,-16.7526110516,-16.7526110516,0.4285714,7,7,0.49899058571428571,0.498990585714,-0.3726239140161595,-0.3726239140146481,-0.3726239140161595,2.8571E-13,ELIGIBLE,R03b_20260811_FULL_v1,L1_ELIGIBILITY,v2026-08-11,2026-03-21..2026-08-06,baccarat_bet02_101_all_pairs_incl_sentinel,round_win = game_pnl > 0 (decisive only),COMPATIBILITY_ONLY_NOT_PRODUCTION,557989.4742,504875.3716,9878.7574,24851,24505,-0.01770420,0.00338982,-0.02772422,-0.01770420,-9878.7574,557989.4742,OK,0.0000,395.1503,4.0000,96.0000,AG03-UNRESOLVED,ALL5_LEVELS_bet23_to_bet27,395.1503,395.1503,395.1503,0.0000,0.0000,4.000000,4.000000,4.000000,0.000000,0.000000,96.000000,96.000000,96.000000,100.000000,100.000000,5.0,1185.4509,1138.6651,8693.3065,8740.0923,PENDING_AG03,FALSE,NOT_FOR_ENFORCEMENT,9483.6071,484680.3568,9878.7574,9483.6071,395.1503,0.01770420,0.01699603,395.1503,9483.6071,0.01699603,395.1503,395.1503,395.1503,0.0000,0.0000,9483.6071,0.01699603,1185.4509,1138.6651,8693.3065,8740.0923,0.01557970,0.01566354,0.00070817,22.4534,20.6030,0.4031,82.3230,2.6463,4649.9123,204.2083,25.9152,21.1137,12.8578,14.5296,26.176,48.8436,54.2173,102.8621,13.088,0.0,3.731508,7.079487,1.545355,30,207,63,6,0.32204186,0.01770420,-0.00338982,0E-8,0.000000,0.904812,0.002133,0.03111404,2026-03-21,2026-08-06,120,3733,1703,139,0.863309,1.227414,1.154177,1.073473,,,,,,,,GLOBAL_BASELINE_NO_ENTITY_RANKING,,,NOT_APPLICABLE_GLOBAL_BASELINE,HF9g-P5,,,,X 全窗基线 · 不参与实体赏罚,15052221,1506,A168_HF9F_20260827_0900,2026-08-27 09:00:00
2026-04-30,127529701,1505,0,514.0957516427,79.4832866529,79.4832866529,0.5416667,26,26,0.50046368461538462,0.500463684615,0.4037053012228593,0.40370530122662746,0.4037053012228593,3.8462E-13,ELIGIBLE,R03b_20260811_FULL_v1,L1_ELIGIBILITY,v2026-08-11,2026-03-21..2026-08-06,baccarat_bet02_101_all_pairs_incl_sentinel,round_win = game_pnl > 0 (decisive only),COMPATIBILITY_ONLY_NOT_PRODUCTION,557989.4742,504875.3716,9878.7574,24851,24505,-0.01770420,0.00338982,-0.02772422,-0.01770420,-9878.7574,557989.4742,OK,0.0000,395.1503,4.0000,96.0000,AG03-UNRESOLVED,ALL5_LEVELS_bet23_to_bet27,395.1503,395.1503,395.1503,0.0000,0.0000,4.000000,4.000000,4.000000,0.000000,0.000000,96.000000,96.000000,96.000000,100.000000,100.000000,5.0,1185.4509,1138.6651,8693.3065,8740.0923,PENDING_AG03,FALSE,NOT_FOR_ENFORCEMENT,9483.6071,484680.3568,9878.7574,9483.6071,395.1503,0.01770420,0.01699603,395.1503,9483.6071,0.01699603,395.1503,395.1503,395.1503,0.0000,0.0000,9483.6071,0.01699603,1185.4509,1138.6651,8693.3065,8740.0923,0.01557970,0.01566354,0.00070817,22.4534,20.6030,0.4031,82.3230,2.6463,4649.9123,204.2083,25.9152,21.1137,12.8578,14.5296,26.176,48.8436,54.2173,102.8621,13.088,0.0,3.731508,7.079487,1.545355,30,207,63,6,0.32204186,0.01770420,-0.00338982,0E-8,0.000000,0.904812,0.002133,0.03111404,2026-03-21,2026-08-06,120,3733,1703,139,0.863309,1.227414,1.154177,1.073473,,,,,,,,GLOBAL_BASELINE_NO_ENTITY_RANKING,,,NOT_APPLICABLE_GLOBAL_BASELINE,HF9g-P5,,,,X 全窗基线 · 不参与实体赏罚,15052222,1506,A168_HF9F_20260827_0900,2026-08-27 09:00:00
2026-04-30,127529701,1623,0,47.1167185824,-26.1759547680,-26.1759547680,0.2500000,4,4,0.49994810000000000,0.499948100000,-0.9997924053861017,-0.9997924053861017,-0.9997924053861017,0E-17,ELIGIBLE,R03b_20260811_FULL_v1,L1_ELIGIBILITY,v2026-08-11,2026-03-21..2026-08-06,baccarat_bet02_101_all_pairs_incl_sentinel,round_win = game_pnl > 0 (decisive only),COMPATIBILITY_ONLY_NOT_PRODUCTION,557989.4742,504875.3716,9878.7574,24851,24505,-0.01770420,0.00338982,-0.02772422,-0.01770420,-9878.7574,557989.4742,OK,0.0000,395.1503,4.0000,96.0000,AG03-UNRESOLVED,ALL5_LEVELS_bet23_to_bet27,395.1503,395.1503,395.1503,0.0000,0.0000,4.000000,4.000000,4.000000,0.000000,0.000000,96.000000,96.000000,96.000000,100.000000,100.000000,5.0,1185.4509,1138.6651,8693.3065,8740.0923,PENDING_AG03,FALSE,NOT_FOR_ENFORCEMENT,9483.6071,484680.3568,9878.7574,9483.6071,395.1503,0.01770420,0.01699603,395.1503,9483.6071,0.01699603,395.1503,395.1503,395.1503,0.0000,0.0000,9483.6071,0.01699603,1185.4509,1138.6651,8693.3065,8740.0923,0.01557970,0.01566354,0.00070817,22.4534,20.6030,0.4031,82.3230,2.6463,4649.9123,204.2083,25.9152,21.1137,12.8578,14.5296,26.176,48.8436,54.2173,102.8621,13.088,0.0,3.731508,7.079487,1.545355,30,207,63,6,0.32204186,0.01770420,-0.00338982,0E-8,0.000000,0.904812,0.002133,0.03111404,2026-03-21,2026-08-06,120,3733,1703,139,0.863309,1.227414,1.154177,1.073473,,,,,,,,GLOBAL_BASELINE_NO_ENTITY_RANKING,,,NOT_APPLICABLE_GLOBAL_BASELINE,HF9g-P5,,,,X 全窗基线 · 不参与实体赏罚,15052223,1506,A168_HF9F_20260827_0900,2026-08-27 09:00:00
2026-04-30,127529701,1645,0,10.3782886202,10.3782886202,10.3782886202,1.0000000,1,1,0.49324550000000000,0.493245500000,1.01360149184955,1.01360149184955,1.01360149184955,0E-17,ELIGIBLE,R03b_20260811_FULL_v1,L1_ELIGIBILITY,v2026-08-11,2026-03-21..2026-08-06,baccarat_bet02_101_all_pairs_incl_sentinel,round_win = game_pnl > 0 (decisive only),COMPATIBILITY_ONLY_NOT_PRODUCTION,557989.4742,504875.3716,9878.7574,24851,24505,-0.01770420,0.00338982,-0.02772422,-0.01770420,-9878.7574,557989.4742,OK,0.0000,395.1503,4.0000,96.0000,AG03-UNRESOLVED,ALL5_LEVELS_bet23_to_bet27,395.1503,395.1503,395.1503,0.0000,0.0000,4.000000,4.000000,4.000000,0.000000,0.000000,96.000000,96.000000,96.000000,100.000000,100.000000,5.0,1185.4509,1138.6651,8693.3065,8740.0923,PENDING_AG03,FALSE,NOT_FOR_ENFORCEMENT,9483.6071,484680.3568,9878.7574,9483.6071,395.1503,0.01770420,0.01699603,395.1503,9483.6071,0.01699603,395.1503,395.1503,395.1503,0.0000,0.0000,9483.6071,0.01699603,1185.4509,1138.6651,8693.3065,8740.0923,0.01557970,0.01566354,0.00070817,22.4534,20.6030,0.4031,82.3230,2.6463,4649.9123,204.2083,25.9152,21.1137,12.8578,14.5296,26.176,48.8436,54.2173,102.8621,13.088,0.0,3.731508,7.079487,1.545355,30,207,63,6,0.32204186,0.01770420,-0.00338982,0E-8,0.000000,0.904812,0.002133,0.03111404,2026-03-21,2026-08-06,120,3733,1703,139,0.863309,1.227414,1.154177,1.073473,,,,,,,,GLOBAL_BASELINE_NO_ENTITY_RANKING,,,NOT_APPLICABLE_GLOBAL_BASELINE,HF9g-P5,,,,X 全窗基线 · 不参与实体赏罚,15052224,1506,A168_HF9F_20260827_0900,2026-08-27 09:00:00
2026-04-30,127529701,1710,0,170.1437059919,93.0555192001,93.0555192001,0.7142857,8,8,0.49994810000000000,0.499948100000,1.134168054123783,1.134168054123783,1.134168054123783,0E-17,ELIGIBLE,R03b_20260811_FULL_v1,L1_ELIGIBILITY,v2026-08-11,2026-03-21..2026-08-06,baccarat_bet02_101_all_pairs_incl_sentinel,round_win = game_pnl > 0 (decisive only),COMPATIBILITY_ONLY_NOT_PRODUCTION,557989.4742,504875.3716,9878.7574,24851,24505,-0.01770420,0.00338982,-0.02772422,-0.01770420,-9878.7574,557989.4742,OK,0.0000,395.1503,4.0000,96.0000,AG03-UNRESOLVED,ALL5_LEVELS_bet23_to_bet27,395.1503,395.1503,395.1503,0.0000,0.0000,4.000000,4.000000,4.000000,0.000000,0.000000,96.000000,96.000000,96.000000,100.000000,100.000000,5.0,1185.4509,1138.6651,8693.3065,8740.0923,PENDING_AG03,FALSE,NOT_FOR_ENFORCEMENT,9483.6071,484680.3568,9878.7574,9483.6071,395.1503,0.01770420,0.01699603,395.1503,9483.6071,0.01699603,395.1503,395.1503,395.1503,0.0000,0.0000,9483.6071,0.01699603,1185.4509,1138.6651,8693.3065,8740.0923,0.01557970,0.01566354,0.00070817,22.4534,20.6030,0.4031,82.3230,2.6463,4649.9123,204.2083,25.9152,21.1137,12.8578,14.5296,26.176,48.8436,54.2173,102.8621,13.088,0.0,3.731508,7.079487,1.545355,30,207,63,6,0.32204186,0.01770420,-0.00338982,0E-8,0.000000,0.904812,0.002133,0.03111404,2026-03-21,2026-08-06,120,3733,1703,139,0.863309,1.227414,1.154177,1.073473,,,,,,,,GLOBAL_BASELINE_NO_ENTITY_RANKING,,,NOT_APPLICABLE_GLOBAL_BASELINE,HF9g-P5,,,,X 全窗基线 · 不参与实体赏罚,15052225,1506,A168_HF9F_20260827_0900,2026-08-27 09:00:00
2026-04-30,127529701,1985,0,39.2639321520,-39.2639321520,-39.2639321520,0E-7,2,2,0.49994810000000000,0.499948100000,-1.4140667746232096,-1.4140667746232096,-1.4140667746232096,0E-17,ELIGIBLE,R03b_20260811_FULL_v1,L1_ELIGIBILITY,v2026-08-11,2026-03-21..2026-08-06,baccarat_bet02_101_all_pairs_incl_sentinel,round_win = game_pnl > 0 (decisive only),COMPATIBILITY_ONLY_NOT_PRODUCTION,557989.4742,504875.3716,9878.7574,24851,24505,-0.01770420,0.00338982,-0.02772422,-0.01770420,-9878.7574,557989.4742,OK,0.0000,395.1503,4.0000,96.0000,AG03-UNRESOLVED,ALL5_LEVELS_bet23_to_bet27,395.1503,395.1503,395.1503,0.0000,0.0000,4.000000,4.000000,4.000000,0.000000,0.000000,96.000000,96.000000,96.000000,100.000000,100.000000,5.0,1185.4509,1138.6651,8693.3065,8740.0923,PENDING_AG03,FALSE,NOT_FOR_ENFORCEMENT,9483.6071,484680.3568,9878.7574,9483.6071,395.1503,0.01770420,0.01699603,395.1503,9483.6071,0.01699603,395.1503,395.1503,395.1503,0.0000,0.0000,9483.6071,0.01699603,1185.4509,1138.6651,8693.3065,8740.0923,0.01557970,0.01566354,0.00070817,22.4534,20.6030,0.4031,82.3230,2.6463,4649.9123,204.2083,25.9152,21.1137,12.8578,14.5296,26.176,48.8436,54.2173,102.8621,13.088,0.0,3.731508,7.079487,1.545355,30,207,63,6,0.32204186,0.01770420,-0.00338982,0E-8,0.000000,0.904812,0.002133,0.03111404,2026-03-21,2026-08-06,120,3733,1703,139,0.863309,1.227414,1.154177,1.073473,,,,,,,,GLOBAL_BASELINE_NO_ENTITY_RANKING,,,NOT_APPLICABLE_GLOBAL_BASELINE,HF9g-P5,,,,X 全窗基线 · 不参与实体赏罚,15052226,1506,A168_HF9F_20260827_0900,2026-08-27 09:00:00
2026-04-30,127529701,1994,0,184.8022406619,-58.4378190194,-58.4378190194,0.4444444,9,9,0.50069283333333333,0.500692833333,-0.33749065733668826,-0.337490657334688,-0.33749065733668826,3.3333E-13,ELIGIBLE,R03b_20260811_FULL_v1,L1_ELIGIBILITY,v2026-08-11,2026-03-21..2026-08-06,baccarat_bet02_101_all_pairs_incl_sentinel,round_win = game_pnl > 0 (decisive only),COMPATIBILITY_ONLY_NOT_PRODUCTION,557989.4742,504875.3716,9878.7574,24851,24505,-0.01770420,0.00338982,-0.02772422,-0.01770420,-9878.7574,557989.4742,OK,0.0000,395.1503,4.0000,96.0000,AG03-UNRESOLVED,ALL5_LEVELS_bet23_to_bet27,395.1503,395.1503,395.1503,0.0000,0.0000,4.000000,4.000000,4.000000,0.000000,0.000000,96.000000,96.000000,96.000000,100.000000,100.000000,5.0,1185.4509,1138.6651,8693.3065,8740.0923,PENDING_AG03,FALSE,NOT_FOR_ENFORCEMENT,9483.6071,484680.3568,9878.7574,9483.6071,395.1503,0.01770420,0.01699603,395.1503,9483.6071,0.01699603,395.1503,395.1503,395.1503,0.0000,0.0000,9483.6071,0.01699603,1185.4509,1138.6651,8693.3065,8740.0923,0.01557970,0.01566354,0.00070817,22.4534,20.6030,0.4031,82.3230,2.6463,4649.9123,204.2083,25.9152,21.1137,12.8578,14.5296,26.176,48.8436,54.2173,102.8621,13.088,0.0,3.731508,7.079487,1.545355,30,207,63,6,0.32204186,0.01770420,-0.00338982,0E-8,0.000000,0.904812,0.002133,0.03111404,2026-03-21,2026-08-06,120,3733,1703,139,0.863309,1.227414,1.154177,1.073473,,,,,,,,GLOBAL_BASELINE_NO_ENTITY_RANKING,,,NOT_APPLICABLE_GLOBAL_BASELINE,HF9g-P5,,,,X 全窗基线 · 不参与实体赏罚,15052227,1506,A168_HF9F_20260827_0900,2026-08-27 09:00:00
2026-04-30,127529701,2088,0,49.7343140592,49.7343140592,49.7343140592,1.0000000,3,3,0.49324550000000000,0.493245500000,1.755609282511032,1.7556092825110319,1.755609282511032,0E-17,ELIGIBLE,R03b_20260811_FULL_v1,L1_ELIGIBILITY,v2026-08-11,2026-03-21..2026-08-06,baccarat_bet02_101_all_pairs_incl_sentinel,round_win = game_pnl > 0 (decisive only),COMPATIBILITY_ONLY_NOT_PRODUCTION,557989.4742,504875.3716,9878.7574,24851,24505,-0.01770420,0.00338982,-0.02772422,-0.01770420,-9878.7574,557989.4742,OK,0.0000,395.1503,4.0000,96.0000,AG03-UNRESOLVED,ALL5_LEVELS_bet23_to_bet27,395.1503,395.1503,395.1503,0.0000,0.0000,4.000000,4.000000,4.000000,0.000000,0.000000,96.000000,96.000000,96.000000,100.000000,100.000000,5.0,1185.4509,1138.6651,8693.3065,8740.0923,PENDING_AG03,FALSE,NOT_FOR_ENFORCEMENT,9483.6071,484680.3568,9878.7574,9483.6071,395.1503,0.01770420,0.01699603,395.1503,9483.6071,0.01699603,395.1503,395.1503,395.1503,0.0000,0.0000,9483.6071,0.01699603,1185.4509,1138.6651,8693.3065,8740.0923,0.01557970,0.01566354,0.00070817,22.4534,20.6030,0.4031,82.3230,2.6463,4649.9123,204.2083,25.9152,21.1137,12.8578,14.5296,26.176,48.8436,54.2173,102.8621,13.088,0.0,3.731508,7.079487,1.545355,30,207,63,6,0.32204186,0.01770420,-0.00338982,0E-8,0.000000,0.904812,0.002133,0.03111404,2026-03-21,2026-08-06,120,3733,1703,139,0.863309,1.227414,1.154177,1.073473,,,,,,,,GLOBAL_BASELINE_NO_ENTITY_RANKING,,,NOT_APPLICABLE_GLOBAL_BASELINE,HF9g-P5,,,,X 全窗基线 · 不参与实体赏罚,15052228,1506,A168_HF9F_20260827_0900,2026-08-27 09:00:00
2026-04-30,127529701,2142,0,221.4485773370,-2.2773080650,-2.2773080650,0.4285714,14,14,0.49994810000000000,0.499948100000,-0.5341341026655996,-0.5341341026655996,-0.5341341026655996,0E-17,ELIGIBLE,R03b_20260811_FULL_v1,L1_ELIGIBILITY,v2026-08-11,2026-03-21..2026-08-06,baccarat_bet02_101_all_pairs_incl_sentinel,round_win = game_pnl > 0 (decisive only),COMPATIBILITY_ONLY_NOT_PRODUCTION,557989.4742,504875.3716,9878.7574,24851,24505,-0.01770420,0.00338982,-0.02772422,-0.01770420,-9878.7574,557989.4742,OK,0.0000,395.1503,4.0000,96.0000,AG03-UNRESOLVED,ALL5_LEVELS_bet23_to_bet27,395.1503,395.1503,395.1503,0.0000,0.0000,4.000000,4.000000,4.000000,0.000000,0.000000,96.000000,96.000000,96.000000,100.000000,100.000000,5.0,1185.4509,1138.6651,8693.3065,8740.0923,PENDING_AG03,FALSE,NOT_FOR_ENFORCEMENT,9483.6071,484680.3568,9878.7574,9483.6071,395.1503,0.01770420,0.01699603,395.1503,9483.6071,0.01699603,395.1503,395.1503,395.1503,0.0000,0.0000,9483.6071,0.01699603,1185.4509,1138.6651,8693.3065,8740.0923,0.01557970,0.01566354,0.00070817,22.4534,20.6030,0.4031,82.3230,2.6463,4649.9123,204.2083,25.9152,21.1137,12.8578,14.5296,26.176,48.8436,54.2173,102.8621,13.088,0.0,3.731508,7.079487,1.545355,30,207,63,6,0.32204186,0.01770420,-0.00338982,0E-8,0.000000,0.904812,0.002133,0.03111404,2026-03-21,2026-08-06,120,3733,1703,139,0.863309,1.227414,1.154177,1.073473,,,,,,,,GLOBAL_BASELINE_NO_ENTITY_RANKING,,,NOT_APPLICABLE_GLOBAL_BASELINE,HF9g-P5,,,,X 全窗基线 · 不参与实体赏罚,15052229,1506,A168_HF9F_20260827_0900,2026-08-27 09:00:00
2026-04-30,127529701,2145,0,199.7225348798,38.4786535089,38.4786535089,0.5384615,13,13,0.49633900769230769,0.496339007692,0.3037580316462628,0.30375803164848303,0.3037580316462628,3.0769E-13,ELIGIBLE,R03b_20260811_FULL_v1,L1_ELIGIBILITY,v2026-08-11,2026-03-21..2026-08-06,baccarat_bet02_101_all_pairs_incl_sentinel,round_win = game_pnl > 0 (decisive only),COMPATIBILITY_ONLY_NOT_PRODUCTION,557989.4742,504875.3716,9878.7574,24851,24505,-0.01770420,0.00338982,-0.02772422,-0.01770420,-9878.7574,557989.4742,OK,0.0000,395.1503,4.0000,96.0000,AG03-UNRESOLVED,ALL5_LEVELS_bet23_to_bet27,395.1503,395.1503,395.1503,0.0000,0.0000,4.000000,4.000000,4.000000,0.000000,0.000000,96.000000,96.000000,96.000000,100.000000,100.000000,5.0,1185.4509,1138.6651,8693.3065,8740.0923,PENDING_AG03,FALSE,NOT_FOR_ENFORCEMENT,9483.6071,484680.3568,9878.7574,9483.6071,395.1503,0.01770420,0.01699603,395.1503,9483.6071,0.01699603,395.1503,395.1503,395.1503,0.0000,0.0000,9483.6071,0.01699603,1185.4509,1138.6651,8693.3065,8740.0923,0.01557970,0.01566354,0.00070817,22.4534,20.6030,0.4031,82.3230,2.6463,4649.9123,204.2083,25.9152,21.1137,12.8578,14.5296,26.176,48.8436,54.2173,102.8621,13.088,0.0,3.731508,7.079487,1.545355,30,207,63,6,0.32204186,0.01770420,-0.00338982,0E-8,0.000000,0.904812,0.002133,0.03111404,2026-03-21,2026-08-06,120,3733,1703,139,0.863309,1.227414,1.154177,1.073473,,,,,,,,GLOBAL_BASELINE_NO_ENTITY_RANKING,,,NOT_APPLICABLE_GLOBAL_BASELINE,HF9g-P5,,,,X 全窗基线 · 不参与实体赏罚,15052230,1506,A168_HF9F_20260827_0900,2026-08-27 09:00:00
2026-04-30,127529701,2155,0,95.5422349031,-61.5134937047,-61.5134937047,0.2500000,6,6,0.50218230000000000,0.502182300000,-1.0087388081483202,-1.0087388081483202,-1.0087388081483202,0E-17,ELIGIBLE,R03b_20260811_FULL_v1,L1_ELIGIBILITY,v2026-08-11,2026-03-21..2026-08-06,baccarat_bet02_101_all_pairs_incl_sentinel,round_win = game_pnl > 0 (decisive only),COMPATIBILITY_ONLY_NOT_PRODUCTION,557989.4742,504875.3716,9878.7574,24851,24505,-0.01770420,0.00338982,-0.02772422,-0.01770420,-9878.7574,557989.4742,OK,0.0000,395.1503,4.0000,96.0000,AG03-UNRESOLVED,ALL5_LEVELS_bet23_to_bet27,395.1503,395.1503,395.1503,0.0000,0.0000,4.000000,4.000000,4.000000,0.000000,0.000000,96.000000,96.000000,96.000000,100.000000,100.000000,5.0,1185.4509,1138.6651,8693.3065,8740.0923,PENDING_AG03,FALSE,NOT_FOR_ENFORCEMENT,9483.6071,484680.3568,9878.7574,9483.6071,395.1503,0.01770420,0.01699603,395.1503,9483.6071,0.01699603,395.1503,395.1503,395.1503,0.0000,0.0000,9483.6071,0.01699603,1185.4509,1138.6651,8693.3065,8740.0923,0.01557970,0.01566354,0.00070817,22.4534,20.6030,0.4031,82.3230,2.6463,4649.9123,204.2083,25.9152,21.1137,12.8578,14.5296,26.176,48.8436,54.2173,102.8621,13.088,0.0,3.731508,7.079487,1.545355,30,207,63,6,0.32204186,0.01770420,-0.00338982,0E-8,0.000000,0.904812,0.002133,0.03111404,2026-03-21,2026-08-06,120,3733,1703,139,0.863309,1.227414,1.154177,1.073473,,,,,,,,GLOBAL_BASELINE_NO_ENTITY_RANKING,,,NOT_APPLICABLE_GLOBAL_BASELINE,HF9g-P5,,,,X 全窗基线 · 不参与实体赏罚,15052231,1506,A168_HF9F_20260827_0900,2026-08-27 09:00:00
2026-04-30,127529701,2160,0,104.7038190719,-2.6175954769,-2.6175954769,0.4000000,5,5,0.50128862000000000,0.501288620000,-0.4529779837142727,-0.4529779837142727,-0.4529779837142727,0E-17,ELIGIBLE,R03b_20260811_FULL_v1,L1_ELIGIBILITY,v2026-08-11,2026-03-21..2026-08-06,baccarat_bet02_101_all_pairs_incl_sentinel,round_win = game_pnl > 0 (decisive only),COMPATIBILITY_ONLY_NOT_PRODUCTION,557989.4742,504875.3716,9878.7574,24851,24505,-0.01770420,0.00338982,-0.02772422,-0.01770420,-9878.7574,557989.4742,OK,0.0000,395.1503,4.0000,96.0000,AG03-UNRESOLVED,ALL5_LEVELS_bet23_to_bet27,395.1503,395.1503,395.1503,0.0000,0.0000,4.000000,4.000000,4.000000,0.000000,0.000000,96.000000,96.000000,96.000000,100.000000,100.000000,5.0,1185.4509,1138.6651,8693.3065,8740.0923,PENDING_AG03,FALSE,NOT_FOR_ENFORCEMENT,9483.6071,484680.3568,9878.7574,9483.6071,395.1503,0.01770420,0.01699603,395.1503,9483.6071,0.01699603,395.1503,395.1503,395.1503,0.0000,0.0000,9483.6071,0.01699603,1185.4509,1138.6651,8693.3065,8740.0923,0.01557970,0.01566354,0.00070817,22.4534,20.6030,0.4031,82.3230,2.6463,4649.9123,204.2083,25.9152,21.1137,12.8578,14.5296,26.176,48.8436,54.2173,102.8621,13.088,0.0,3.731508,7.079487,1.545355,30,207,63,6,0.32204186,0.01770420,-0.00338982,0E-8,0.000000,0.904812,0.002133,0.03111404,2026-03-21,2026-08-06,120,3733,1703,139,0.863309,1.227414,1.154177,1.073473,,,,,,,,GLOBAL_BASELINE_NO_ENTITY_RANKING,,,NOT_APPLICABLE_GLOBAL_BASELINE,HF9g-P5,,,,X 全窗基线 · 不参与实体赏罚,15052232,1506,A168_HF9F_20260827_0900,2026-08-27 09:00:00
2026-04-30,127529701,2170,0,216.5107539770,15.8151142941,15.8151142941,0.6153846,14,13,0.49024207692307692,0.485131273077,0.9025875781751422,0.9396857905435684,0.9025875781751422,0.00511080384607692,ELIGIBLE,R03b_20260811_FULL_v1,L1_ELIGIBILITY,v2026-08-11,2026-03-21..2026-08-06,baccarat_bet02_101_all_pairs_incl_sentinel,round_win = game_pnl > 0 (decisive only),COMPATIBILITY_ONLY_NOT_PRODUCTION,557989.4742,504875.3716,9878.7574,24851,24505,-0.01770420,0.00338982,-0.02772422,-0.01770420,-9878.7574,557989.4742,OK,0.0000,395.1503,4.0000,96.0000,AG03-UNRESOLVED,ALL5_LEVELS_bet23_to_bet27,395.1503,395.1503,395.1503,0.0000,0.0000,4.000000,4.000000,4.000000,0.000000,0.000000,96.000000,96.000000,96.000000,100.000000,100.000000,5.0,1185.4509,1138.6651,8693.3065,8740.0923,PENDING_AG03,FALSE,NOT_FOR_ENFORCEMENT,9483.6071,484680.3568,9878.7574,9483.6071,395.1503,0.01770420,0.01699603,395.1503,9483.6071,0.01699603,395.1503,395.1503,395.1503,0.0000,0.0000,9483.6071,0.01699603,1185.4509,1138.6651,8693.3065,8740.0923,0.01557970,0.01566354,0.00070817,22.4534,20.6030,0.4031,82.3230,2.6463,4649.9123,204.2083,25.9152,21.1137,12.8578,14.5296,26.176,48.8436,54.2173,102.8621,13.088,0.0,3.731508,7.079487,1.545355,30,207,63,6,0.32204186,0.01770420,-0.00338982,0E-8,0.000000,0.904812,0.002133,0.03111404,2026-03-21,2026-08-06,120,3733,1703,139,0.863309,1.227414,1.154177,1.073473,,,,,,,,GLOBAL_BASELINE_NO_ENTITY_RANKING,,,NOT_APPLICABLE_GLOBAL_BASELINE,HF9g-P5,,,,X 全窗基线 · 不参与实体赏罚,15052233,1506,A168_HF9F_20260827_0900,2026-08-27 09:00:00
2026-04-30,127529701,2174,0,114.6506818838,52.0901499883,52.0901499883,0.8333333,8,8,0.50329940000000000,0.503299400000,1.616864671832147,1.616864671832147,1.616864671832147,0E-17,ELIGIBLE,R03b_20260811_FULL_v1,L1_ELIGIBILITY,v2026-08-11,2026-03-21..2026-08-06,baccarat_bet02_101_all_pairs_incl_sentinel,round_win = game_pnl > 0 (decisive only),COMPATIBILITY_ONLY_NOT_PRODUCTION,557989.4742,504875.3716,9878.7574,24851,24505,-0.01770420,0.00338982,-0.02772422,-0.01770420,-9878.7574,557989.4742,OK,0.0000,395.1503,4.0000,96.0000,AG03-UNRESOLVED,ALL5_LEVELS_bet23_to_bet27,395.1503,395.1503,395.1503,0.0000,0.0000,4.000000,4.000000,4.000000,0.000000,0.000000,96.000000,96.000000,96.000000,100.000000,100.000000,5.0,1185.4509,1138.6651,8693.3065,8740.0923,PENDING_AG03,FALSE,NOT_FOR_ENFORCEMENT,9483.6071,484680.3568,9878.7574,9483.6071,395.1503,0.01770420,0.01699603,395.1503,9483.6071,0.01699603,395.1503,395.1503,395.1503,0.0000,0.0000,9483.6071,0.01699603,1185.4509,1138.6651,8693.3065,8740.0923,0.01557970,0.01566354,0.00070817,22.4534,20.6030,0.4031,82.3230,2.6463,4649.9123,204.2083,25.9152,21.1137,12.8578,14.5296,26.176,48.8436,54.2173,102.8621,13.088,0.0,3.731508,7.079487,1.545355,30,207,63,6,0.32204186,0.01770420,-0.00338982,0E-8,0.000000,0.904812,0.002133,0.03111404,2026-03-21,2026-08-06,120,3733,1703,139,0.863309,1.227414,1.154177,1.073473,,,,,,,,GLOBAL_BASELINE_NO_ENTITY_RANKING,,,NOT_APPLICABLE_GLOBAL_BASELINE,HF9g-P5,,,,X 全窗基线 · 不参与实体赏罚,15052234,1506,A168_HF9F_20260827_0900,2026-08-27 09:00:00
2026-04-30,127529701,2202,0,245.1870686525,121.0627367548,121.0627367548,0.6666667,18,18,0.49845863333333333,0.498458633333,1.427299274243953,1.4272992742467845,1.427299274243953,3.3333E-13,ELIGIBLE,R03b_20260811_FULL_v1,L1_ELIGIBILITY,v2026-08-11,2026-03-21..2026-08-06,baccarat_bet02_101_all_pairs_incl_sentinel,round_win = game_pnl > 0 (decisive only),COMPATIBILITY_ONLY_NOT_PRODUCTION,557989.4742,504875.3716,9878.7574,24851,24505,-0.01770420,0.00338982,-0.02772422,-0.01770420,-9878.7574,557989.4742,OK,0.0000,395.1503,4.0000,96.0000,AG03-UNRESOLVED,ALL5_LEVELS_bet23_to_bet27,395.1503,395.1503,395.1503,0.0000,0.0000,4.000000,4.000000,4.000000,0.000000,0.000000,96.000000,96.000000,96.000000,100.000000,100.000000,5.0,1185.4509,1138.6651,8693.3065,8740.0923,PENDING_AG03,FALSE,NOT_FOR_ENFORCEMENT,9483.6071,484680.3568,9878.7574,9483.6071,395.1503,0.01770420,0.01699603,395.1503,9483.6071,0.01699603,395.1503,395.1503,395.1503,0.0000,0.0000,9483.6071,0.01699603,1185.4509,1138.6651,8693.3065,8740.0923,0.01557970,0.01566354,0.00070817,22.4534,20.6030,0.4031,82.3230,2.6463,4649.9123,204.2083,25.9152,21.1137,12.8578,14.5296,26.176,48.8436,54.2173,102.8621,13.088,0.0,3.731508,7.079487,1.545355,30,207,63,6,0.32204186,0.01770420,-0.00338982,0E-8,0.000000,0.904812,0.002133,0.03111404,2026-03-21,2026-08-06,120,3733,1703,139,0.863309,1.227414,1.154177,1.073473,,,,,,,,GLOBAL_BASELINE_NO_ENTITY_RANKING,,,NOT_APPLICABLE_GLOBAL_BASELINE,HF9g-P5,,,,X 全窗基线 · 不参与实体赏罚,15052235,1506,A168_HF9F_20260827_0900,2026-08-27 09:00:00
2026-04-30,127529701,2223,0,186.8091951637,36.8429246016,36.8429246016,0.5333333,15,15,0.50039494000000000,0.500394940000,0.2551397772538533,0.25513977725385334,0.2551397772538533,0E-17,ELIGIBLE,R03b_20260811_FULL_v1,L1_ELIGIBILITY,v2026-08-11,2026-03-21..2026-08-06,baccarat_bet02_101_all_pairs_incl_sentinel,round_win = game_pnl > 0 (decisive only),COMPATIBILITY_ONLY_NOT_PRODUCTION,557989.4742,504875.3716,9878.7574,24851,24505,-0.01770420,0.00338982,-0.02772422,-0.01770420,-9878.7574,557989.4742,OK,0.0000,395.1503,4.0000,96.0000,AG03-UNRESOLVED,ALL5_LEVELS_bet23_to_bet27,395.1503,395.1503,395.1503,0.0000,0.0000,4.000000,4.000000,4.000000,0.000000,0.000000,96.000000,96.000000,96.000000,100.000000,100.000000,5.0,1185.4509,1138.6651,8693.3065,8740.0923,PENDING_AG03,FALSE,NOT_FOR_ENFORCEMENT,9483.6071,484680.3568,9878.7574,9483.6071,395.1503,0.01770420,0.01699603,395.1503,9483.6071,0.01699603,395.1503,395.1503,395.1503,0.0000,0.0000,9483.6071,0.01699603,1185.4509,1138.6651,8693.3065,8740.0923,0.01557970,0.01566354,0.00070817,22.4534,20.6030,0.4031,82.3230,2.6463,4649.9123,204.2083,25.9152,21.1137,12.8578,14.5296,26.176,48.8436,54.2173,102.8621,13.088,0.0,3.731508,7.079487,1.545355,30,207,63,6,0.32204186,0.01770420,-0.00338982,0E-8,0.000000,0.904812,0.002133,0.03111404,2026-03-21,2026-08-06,120,3733,1703,139,0.863309,1.227414,1.154177,1.073473,,,,,,,,GLOBAL_BASELINE_NO_ENTITY_RANKING,,,NOT_APPLICABLE_GLOBAL_BASELINE,HF9g-P5,,,,X 全窗基线 · 不参与实体赏罚,15052236,1506,A168_HF9F_20260827_0900,2026-08-27 09:00:00
2026-04-30,127529701,2235,0,41.5131544809,14.1404182450,14.1404182450,0.6666667,3,3,0.50665070000000000,0.506650700000,0.5543606114942035,0.5543606114942035,0.5543606114942035,0E-17,ELIGIBLE,R03b_20260811_FULL_v1,L1_ELIGIBILITY,v2026-08-11,2026-03-21..2026-08-06,baccarat_bet02_101_all_pairs_incl_sentinel,round_win = game_pnl > 0 (decisive only),COMPATIBILITY_ONLY_NOT_PRODUCTION,557989.4742,504875.3716,9878.7574,24851,24505,-0.01770420,0.00338982,-0.02772422,-0.01770420,-9878.7574,557989.4742,OK,0.0000,395.1503,4.0000,96.0000,AG03-UNRESOLVED,ALL5_LEVELS_bet23_to_bet27,395.1503,395.1503,395.1503,0.0000,0.0000,4.000000,4.000000,4.000000,0.000000,0.000000,96.000000,96.000000,96.000000,100.000000,100.000000,5.0,1185.4509,1138.6651,8693.3065,8740.0923,PENDING_AG03,FALSE,NOT_FOR_ENFORCEMENT,9483.6071,484680.3568,9878.7574,9483.6071,395.1503,0.01770420,0.01699603,395.1503,9483.6071,0.01699603,395.1503,395.1503,395.1503,0.0000,0.0000,9483.6071,0.01699603,1185.4509,1138.6651,8693.3065,8740.0923,0.01557970,0.01566354,0.00070817,22.4534,20.6030,0.4031,82.3230,2.6463,4649.9123,204.2083,25.9152,21.1137,12.8578,14.5296,26.176,48.8436,54.2173,102.8621,13.088,0.0,3.731508,7.079487,1.545355,30,207,63,6,0.32204186,0.01770420,-0.00338982,0E-8,0.000000,0.904812,0.002133,0.03111404,2026-03-21,2026-08-06,120,3733,1703,139,0.863309,1.227414,1.154177,1.073473,,,,,,,,GLOBAL_BASELINE_NO_ENTITY_RANKING,,,NOT_APPLICABLE_GLOBAL_BASELINE,HF9g-P5,,,,X 全窗基线 · 不参与实体赏罚,15052237,1506,A168_HF9F_20260827_0900,2026-08-27 09:00:00
2026-04-30,127529701,2254,0,150.2257277775,-47.7401276528,-47.7401276528,0.2857143,9,9,0.49771390000000000,0.497713900000,-1.1218082406523517,-1.1218082406523517,-1.1218082406523517,0E-17,ELIGIBLE,R03b_20260811_FULL_v1,L1_ELIGIBILITY,v2026-08-11,2026-03-21..2026-08-06,baccarat_bet02_101_all_pairs_incl_sentinel,round_win = game_pnl > 0 (decisive only),COMPATIBILITY_ONLY_NOT_PRODUCTION,557989.4742,504875.3716,9878.7574,24851,24505,-0.01770420,0.00338982,-0.02772422,-0.01770420,-9878.7574,557989.4742,OK,0.0000,395.1503,4.0000,96.0000,AG03-UNRESOLVED,ALL5_LEVELS_bet23_to_bet27,395.1503,395.1503,395.1503,0.0000,0.0000,4.000000,4.000000,4.000000,0.000000,0.000000,96.000000,96.000000,96.000000,100.000000,100.000000,5.0,1185.4509,1138.6651,8693.3065,8740.0923,PENDING_AG03,FALSE,NOT_FOR_ENFORCEMENT,9483.6071,484680.3568,9878.7574,9483.6071,395.1503,0.01770420,0.01699603,395.1503,9483.6071,0.01699603,395.1503,395.1503,395.1503,0.0000,0.0000,9483.6071,0.01699603,1185.4509,1138.6651,8693.3065,8740.0923,0.01557970,0.01566354,0.00070817,22.4534,20.6030,0.4031,82.3230,2.6463,4649.9123,204.2083,25.9152,21.1137,12.8578,14.5296,26.176,48.8436,54.2173,102.8621,13.088,0.0,3.731508,7.079487,1.545355,30,207,63,6,0.32204186,0.01770420,-0.00338982,0E-8,0.000000,0.904812,0.002133,0.03111404,2026-03-21,2026-08-06,120,3733,1703,139,0.863309,1.227414,1.154177,1.073473,,,,,,,,GLOBAL_BASELINE_NO_ENTITY_RANKING,,,NOT_APPLICABLE_GLOBAL_BASELINE,HF9g-P5,,,,X 全窗基线 · 不参与实体赏罚,15052238,1506,A168_HF9F_20260827_0900,2026-08-27 09:00:00
2026-04-30,127529701,471,0,39.2639321520,25.5215558988,25.5215558988,1.0000000,3,3,0.50218230000000000,0.502182300000,1.4080544974538591,1.4080544974538591,1.4080544974538591,0E-17,ELIGIBLE,R03b_20260811_FULL_v1,L1_ELIGIBILITY,v2026-08-11,2026-03-21..2026-08-06,baccarat_bet02_101_all_pairs_incl_sentinel,round_win = game_pnl > 0 (decisive only),COMPATIBILITY_ONLY_NOT_PRODUCTION,557989.4742,504875.3716,9878.7574,24851,24505,-0.01770420,0.00338982,-0.02772422,-0.01770420,-9878.7574,557989.4742,OK,0.0000,395.1503,4.0000,96.0000,AG03-UNRESOLVED,ALL5_LEVELS_bet23_to_bet27,395.1503,395.1503,395.1503,0.0000,0.0000,4.000000,4.000000,4.000000,0.000000,0.000000,96.000000,96.000000,96.000000,100.000000,100.000000,5.0,1185.4509,1138.6651,8693.3065,8740.0923,PENDING_AG03,FALSE,NOT_FOR_ENFORCEMENT,9483.6071,484680.3568,9878.7574,9483.6071,395.1503,0.01770420,0.01699603,395.1503,9483.6071,0.01699603,395.1503,395.1503,395.1503,0.0000,0.0000,9483.6071,0.01699603,1185.4509,1138.6651,8693.3065,8740.0923,0.01557970,0.01566354,0.00070817,22.4534,20.6030,0.4031,82.3230,2.6463,4649.9123,204.2083,25.9152,21.1137,12.8578,14.5296,26.176,48.8436,54.2173,102.8621,13.088,0.0,3.731508,7.079487,1.545355,30,207,63,6,0.32204186,0.01770420,-0.00338982,0E-8,0.000000,0.904812,0.002133,0.03111404,2026-03-21,2026-08-06,120,3733,1703,139,0.863309,1.227414,1.154177,1.073473,,,,,,,,GLOBAL_BASELINE_NO_ENTITY_RANKING,,,NOT_APPLICABLE_GLOBAL_BASELINE,HF9g-P5,,,,X 全窗基线 · 不参与实体赏罚,15052239,1506,A168_HF9F_20260827_0900,2026-08-27 09:00:00
2026-04-30,127529701,583,0,240.5570243176,63.2803706514,63.2803706514,0.5833333,13,13,0.50149485384615385,0.501494853846,0.5669961519551939,0.5669961519562594,0.5669961519551939,1.5385E-13,ELIGIBLE,R03b_20260811_FULL_v1,L1_ELIGIBILITY,v2026-08-11,2026-03-21..2026-08-06,baccarat_bet02_101_all_pairs_incl_sentinel,round_win = game_pnl > 0 (decisive only),COMPATIBILITY_ONLY_NOT_PRODUCTION,557989.4742,504875.3716,9878.7574,24851,24505,-0.01770420,0.00338982,-0.02772422,-0.01770420,-9878.7574,557989.4742,OK,0.0000,395.1503,4.0000,96.0000,AG03-UNRESOLVED,ALL5_LEVELS_bet23_to_bet27,395.1503,395.1503,395.1503,0.0000,0.0000,4.000000,4.000000,4.000000,0.000000,0.000000,96.000000,96.000000,96.000000,100.000000,100.000000,5.0,1185.4509,1138.6651,8693.3065,8740.0923,PENDING_AG03,FALSE,NOT_FOR_ENFORCEMENT,9483.6071,484680.3568,9878.7574,9483.6071,395.1503,0.01770420,0.01699603,395.1503,9483.6071,0.01699603,395.1503,395.1503,395.1503,0.0000,0.0000,9483.6071,0.01699603,1185.4509,1138.6651,8693.3065,8740.0923,0.01557970,0.01566354,0.00070817,22.4534,20.6030,0.4031,82.3230,2.6463,4649.9123,204.2083,25.9152,21.1137,12.8578,14.5296,26.176,48.8436,54.2173,102.8621,13.088,0.0,3.731508,7.079487,1.545355,30,207,63,6,0.32204186,0.01770420,-0.00338982,0E-8,0.000000,0.904812,0.002133,0.03111404,2026-03-21,2026-08-06,120,3733,1703,139,0.863309,1.227414,1.154177,1.073473,,,,,,,,GLOBAL_BASELINE_NO_ENTITY_RANKING,,,NOT_APPLICABLE_GLOBAL_BASELINE,HF9g-P5,,,,X 全窗基线 · 不参与实体赏罚,15052240,1506,A168_HF9F_20260827_0900,2026-08-27 09:00:00
2026-04-30,127529701,752,0,179.3052901607,4.8425516320,4.8425516320,0.5000000,9,9,0.50069283333333333,0.500692833333,-0.003919260948490246,-0.003919260946604642,-0.003919260948490246,3.3333E-13,ELIGIBLE,R03b_20260811_FULL_v1,L1_ELIGIBILITY,v2026-08-11,2026-03-21..2026-08-06,baccarat_bet02_101_all_pairs_incl_sentinel,round_win = game_pnl > 0 (decisive only),COMPATIBILITY_ONLY_NOT_PRODUCTION,557989.4742,504875.3716,9878.7574,24851,24505,-0.01770420,0.00338982,-0.02772422,-0.01770420,-9878.7574,557989.4742,OK,0.0000,395.1503,4.0000,96.0000,AG03-UNRESOLVED,ALL5_LEVELS_bet23_to_bet27,395.1503,395.1503,395.1503,0.0000,0.0000,4.000000,4.000000,4.000000,0.000000,0.000000,96.000000,96.000000,96.000000,100.000000,100.000000,5.0,1185.4509,1138.6651,8693.3065,8740.0923,PENDING_AG03,FALSE,NOT_FOR_ENFORCEMENT,9483.6071,484680.3568,9878.7574,9483.6071,395.1503,0.01770420,0.01699603,395.1503,9483.6071,0.01699603,395.1503,395.1503,395.1503,0.0000,0.0000,9483.6071,0.01699603,1185.4509,1138.6651,8693.3065,8740.0923,0.01557970,0.01566354,0.00070817,22.4534,20.6030,0.4031,82.3230,2.6463,4649.9123,204.2083,25.9152,21.1137,12.8578,14.5296,26.176,48.8436,54.2173,102.8621,13.088,0.0,3.731508,7.079487,1.545355,30,207,63,6,0.32204186,0.01770420,-0.00338982,0E-8,0.000000,0.904812,0.002133,0.03111404,2026-03-21,2026-08-06,120,3733,1703,139,0.863309,1.227414,1.154177,1.073473,,,,,,,,GLOBAL_BASELINE_NO_ENTITY_RANKING,,,NOT_APPLICABLE_GLOBAL_BASELINE,HF9g-P5,,,,X 全窗基线 · 不参与实体赏罚,15052241,1506,A168_HF9F_20260827_0900,2026-08-27 09:00:00
2026-04-30,127529701,986,0,230.3484019581,-135.4605659242,-135.4605659242,0.2222222,11,11,0.50055742727272727,0.500557427273,-1.6700122681330258,-1.6700122681346632,-1.6700122681330258,-2.7273E-13,ELIGIBLE,R03b_20260811_FULL_v1,L1_ELIGIBILITY,v2026-08-11,2026-03-21..2026-08-06,baccarat_bet02_101_all_pairs_incl_sentinel,round_win = game_pnl > 0 (decisive only),COMPATIBILITY_ONLY_NOT_PRODUCTION,557989.4742,504875.3716,9878.7574,24851,24505,-0.01770420,0.00338982,-0.02772422,-0.01770420,-9878.7574,557989.4742,OK,0.0000,395.1503,4.0000,96.0000,AG03-UNRESOLVED,ALL5_LEVELS_bet23_to_bet27,395.1503,395.1503,395.1503,0.0000,0.0000,4.000000,4.000000,4.000000,0.000000,0.000000,96.000000,96.000000,96.000000,100.000000,100.000000,5.0,1185.4509,1138.6651,8693.3065,8740.0923,PENDING_AG03,FALSE,NOT_FOR_ENFORCEMENT,9483.6071,484680.3568,9878.7574,9483.6071,395.1503,0.01770420,0.01699603,395.1503,9483.6071,0.01699603,395.1503,395.1503,395.1503,0.0000,0.0000,9483.6071,0.01699603,1185.4509,1138.6651,8693.3065,8740.0923,0.01557970,0.01566354,0.00070817,22.4534,20.6030,0.4031,82.3230,2.6463,4649.9123,204.2083,25.9152,21.1137,12.8578,14.5296,26.176,48.8436,54.2173,102.8621,13.088,0.0,3.731508,7.079487,1.545355,30,207,63,6,0.32204186,0.01770420,-0.00338982,0E-8,0.000000,0.904812,0.002133,0.03111404,2026-03-21,2026-08-06,120,3733,1703,139,0.863309,1.227414,1.154177,1.073473,,,,,,,,GLOBAL_BASELINE_NO_ENTITY_RANKING,,,NOT_APPLICABLE_GLOBAL_BASELINE,HF9g-P5,,,,X 全窗基线 · 不参与实体赏罚,15052242,1506,A168_HF9F_20260827_0900,2026-08-27 09:00:00
2026-05-01,127529701,-1,1,321.7269472266,148.0852057495,148.0852057495,0.5714286,14,14,0.50090561428571429,0.500905614286,0.5277463527110055,0.5277463527088678,0.5277463527110055,-2.8571E-13,SENTINEL_DEALER,R03b_20260811_FULL_v1,L1_ELIGIBILITY,v2026-08-11,2026-03-21..2026-08-06,baccarat_bet02_101_all_pairs_incl_sentinel,round_win = game_pnl > 0 (decisive only),COMPATIBILITY_ONLY_NOT_PRODUCTION,557989.4742,504875.3716,9878.7574,24851,24505,-0.01770420,0.00338982,-0.02772422,-0.01770420,-9878.7574,557989.4742,OK,0.0000,395.1503,4.0000,96.0000,AG03-UNRESOLVED,ALL5_LEVELS_bet23_to_bet27,395.1503,395.1503,395.1503,0.0000,0.0000,4.000000,4.000000,4.000000,0.000000,0.000000,96.000000,96.000000,96.000000,100.000000,100.000000,5.0,1185.4509,1138.6651,8693.3065,8740.0923,PENDING_AG03,FALSE,NOT_FOR_ENFORCEMENT,9483.6071,484680.3568,9878.7574,9483.6071,395.1503,0.01770420,0.01699603,395.1503,9483.6071,0.01699603,395.1503,395.1503,395.1503,0.0000,0.0000,9483.6071,0.01699603,1185.4509,1138.6651,8693.3065,8740.0923,0.01557970,0.01566354,0.00070817,22.4534,20.6030,0.4031,82.3230,2.6463,4649.9123,204.2083,25.9152,21.1137,12.8578,14.5296,26.176,48.8436,54.2173,102.8621,13.088,0.0,3.731508,7.079487,1.545355,30,207,63,6,0.32204186,0.01770420,-0.00338982,0E-8,0.000000,0.904812,0.002133,0.03111404,2026-03-21,2026-08-06,120,3733,1703,139,0.863309,1.227414,1.154177,1.073473,,,,,,,,GLOBAL_BASELINE_NO_ENTITY_RANKING,,,NOT_APPLICABLE_GLOBAL_BASELINE,HF9g-P5,,,,X 全窗基线 · 不参与实体赏罚,15052243,1506,A168_HF9F_20260827_0900,2026-08-27 09:00:00
2026-05-01,127529701,1004,0,472.2121322197,89.5127393492,89.5127393492,0.5263158,20,20,0.49927784000000000,0.499277840000,0.2357116246471514,0.2357116246471514,0.2357116246471514,0E-17,ELIGIBLE,R03b_20260811_FULL_v1,L1_ELIGIBILITY,v2026-08-11,2026-03-21..2026-08-06,baccarat_bet02_101_all_pairs_incl_sentinel,round_win = game_pnl > 0 (decisive only),COMPATIBILITY_ONLY_NOT_PRODUCTION,557989.4742,504875.3716,9878.7574,24851,24505,-0.01770420,0.00338982,-0.02772422,-0.01770420,-9878.7574,557989.4742,OK,0.0000,395.1503,4.0000,96.0000,AG03-UNRESOLVED,ALL5_LEVELS_bet23_to_bet27,395.1503,395.1503,395.1503,0.0000,0.0000,4.000000,4.000000,4.000000,0.000000,0.000000,96.000000,96.000000,96.000000,100.000000,100.000000,5.0,1185.4509,1138.6651,8693.3065,8740.0923,PENDING_AG03,FALSE,NOT_FOR_ENFORCEMENT,9483.6071,484680.3568,9878.7574,9483.6071,395.1503,0.01770420,0.01699603,395.1503,9483.6071,0.01699603,395.1503,395.1503,395.1503,0.0000,0.0000,9483.6071,0.01699603,1185.4509,1138.6651,8693.3065,8740.0923,0.01557970,0.01566354,0.00070817,22.4534,20.6030,0.4031,82.3230,2.6463,4649.9123,204.2083,25.9152,21.1137,12.8578,14.5296,26.176,48.8436,54.2173,102.8621,13.088,0.0,3.731508,7.079487,1.545355,30,207,63,6,0.32204186,0.01770420,-0.00338982,0E-8,0.000000,0.904812,0.002133,0.03111404,2026-03-21,2026-08-06,120,3733,1703,139,0.863309,1.227414,1.154177,1.073473,,,,,,,,GLOBAL_BASELINE_NO_ENTITY_RANKING,,,NOT_APPLICABLE_GLOBAL_BASELINE,HF9g-P5,,,,X 全窗基线 · 不参与实体赏罚,15052244,1506,A168_HF9F_20260827_0900,2026-08-27 09:00:00
2026-05-01,127529701,1094,0,116.7557469775,-91.4586684657,-91.4586684657,0.1666667,6,6,0.49994810000000000,0.499948100000,-1.6327389136160748,-1.6327389136160748,-1.6327389136160748,0E-17,ELIGIBLE,R03b_20260811_FULL_v1,L1_ELIGIBILITY,v2026-08-11,2026-03-21..2026-08-06,baccarat_bet02_101_all_pairs_incl_sentinel,round_win = game_pnl > 0 (decisive only),COMPATIBILITY_ONLY_NOT_PRODUCTION,557989.4742,504875.3716,9878.7574,24851,24505,-0.01770420,0.00338982,-0.02772422,-0.01770420,-9878.7574,557989.4742,OK,0.0000,395.1503,4.0000,96.0000,AG03-UNRESOLVED,ALL5_LEVELS_bet23_to_bet27,395.1503,395.1503,395.1503,0.0000,0.0000,4.000000,4.000000,4.000000,0.000000,0.000000,96.000000,96.000000,96.000000,100.000000,100.000000,5.0,1185.4509,1138.6651,8693.3065,8740.0923,PENDING_AG03,FALSE,NOT_FOR_ENFORCEMENT,9483.6071,484680.3568,9878.7574,9483.6071,395.1503,0.01770420,0.01699603,395.1503,9483.6071,0.01699603,395.1503,395.1503,395.1503,0.0000,0.0000,9483.6071,0.01699603,1185.4509,1138.6651,8693.3065,8740.0923,0.01557970,0.01566354,0.00070817,22.4534,20.6030,0.4031,82.3230,2.6463,4649.9123,204.2083,25.9152,21.1137,12.8578,14.5296,26.176,48.8436,54.2173,102.8621,13.088,0.0,3.731508,7.079487,1.545355,30,207,63,6,0.32204186,0.01770420,-0.00338982,0E-8,0.000000,0.904812,0.002133,0.03111404,2026-03-21,2026-08-06,120,3733,1703,139,0.863309,1.227414,1.154177,1.073473,,,,,,,,GLOBAL_BASELINE_NO_ENTITY_RANKING,,,NOT_APPLICABLE_GLOBAL_BASELINE,HF9g-P5,,,,X 全窗基线 · 不参与实体赏罚,15052245,1506,A168_HF9F_20260827_0900,2026-08-27 09:00:00
2026-05-01,127529701,1331,0,89.5127393494,36.3240101706,36.3240101706,0.6000000,5,5,0.50128862000000000,0.501288620000,0.4414521777673877,0.4414521777673877,0.4414521777673877,0E-17,ELIGIBLE,R03b_20260811_FULL_v1,L1_ELIGIBILITY,v2026-08-11,2026-03-21..2026-08-06,baccarat_bet02_101_all_pairs_incl_sentinel,round_win = game_pnl > 0 (decisive only),COMPATIBILITY_ONLY_NOT_PRODUCTION,557989.4742,504875.3716,9878.7574,24851,24505,-0.01770420,0.00338982,-0.02772422,-0.01770420,-9878.7574,557989.4742,OK,0.0000,395.1503,4.0000,96.0000,AG03-UNRESOLVED,ALL5_LEVELS_bet23_to_bet27,395.1503,395.1503,395.1503,0.0000,0.0000,4.000000,4.000000,4.000000,0.000000,0.000000,96.000000,96.000000,96.000000,100.000000,100.000000,5.0,1185.4509,1138.6651,8693.3065,8740.0923,PENDING_AG03,FALSE,NOT_FOR_ENFORCEMENT,9483.6071,484680.3568,9878.7574,9483.6071,395.1503,0.01770420,0.01699603,395.1503,9483.6071,0.01699603,395.1503,395.1503,395.1503,0.0000,0.0000,9483.6071,0.01699603,1185.4509,1138.6651,8693.3065,8740.0923,0.01557970,0.01566354,0.00070817,22.4534,20.6030,0.4031,82.3230,2.6463,4649.9123,204.2083,25.9152,21.1137,12.8578,14.5296,26.176,48.8436,54.2173,102.8621,13.088,0.0,3.731508,7.079487,1.545355,30,207,63,6,0.32204186,0.01770420,-0.00338982,0E-8,0.000000,0.904812,0.002133,0.03111404,2026-03-21,2026-08-06,120,3733,1703,139,0.863309,1.227414,1.154177,1.073473,,,,,,,,GLOBAL_BASELINE_NO_ENTITY_RANKING,,,NOT_APPLICABLE_GLOBAL_BASELINE,HF9g-P5,,,,X 全窗基线 · 不参与实体赏罚,15052246,1506,A168_HF9F_20260827_0900,2026-08-27 09:00:00
2026-05-01,127529701,1382,0,64.8643038764,-25.9457215505,-25.9457215505,0.3333333,4,4,0.50329940000000000,0.503299400000,-0.5887925454369916,-0.5887925454369916,-0.5887925454369916,0E-17,ELIGIBLE,R03b_20260811_FULL_v1,L1_ELIGIBILITY,v2026-08-11,2026-03-21..2026-08-06,baccarat_bet02_101_all_pairs_incl_sentinel,round_win = game_pnl > 0 (decisive only),COMPATIBILITY_ONLY_NOT_PRODUCTION,557989.4742,504875.3716,9878.7574,24851,24505,-0.01770420,0.00338982,-0.02772422,-0.01770420,-9878.7574,557989.4742,OK,0.0000,395.1503,4.0000,96.0000,AG03-UNRESOLVED,ALL5_LEVELS_bet23_to_bet27,395.1503,395.1503,395.1503,0.0000,0.0000,4.000000,4.000000,4.000000,0.000000,0.000000,96.000000,96.000000,96.000000,100.000000,100.000000,5.0,1185.4509,1138.6651,8693.3065,8740.0923,PENDING_AG03,FALSE,NOT_FOR_ENFORCEMENT,9483.6071,484680.3568,9878.7574,9483.6071,395.1503,0.01770420,0.01699603,395.1503,9483.6071,0.01699603,395.1503,395.1503,395.1503,0.0000,0.0000,9483.6071,0.01699603,1185.4509,1138.6651,8693.3065,8740.0923,0.01557970,0.01566354,0.00070817,22.4534,20.6030,0.4031,82.3230,2.6463,4649.9123,204.2083,25.9152,21.1137,12.8578,14.5296,26.176,48.8436,54.2173,102.8621,13.088,0.0,3.731508,7.079487,1.545355,30,207,63,6,0.32204186,0.01770420,-0.00338982,0E-8,0.000000,0.904812,0.002133,0.03111404,2026-03-21,2026-08-06,120,3733,1703,139,0.863309,1.227414,1.154177,1.073473,,,,,,,,GLOBAL_BASELINE_NO_ENTITY_RANKING,,,NOT_APPLICABLE_GLOBAL_BASELINE,HF9g-P5,,,,X 全窗基线 · 不参与实体赏罚,15052247,1506,A168_HF9F_20260827_0900,2026-08-27 09:00:00
2026-05-01,127529701,1384,0,666.5455866330,-73.8285506720,-73.8285506720,0.4814815,30,28,0.48523694523809524,0.485236945238,-0.039044947425299556,-0.039044947424309584,-0.039044947425299556,9.524E-14,ELIGIBLE,R03b_20260811_FULL_v1,L1_ELIGIBILITY,v2026-08-11,2026-03-21..2026-08-06,baccarat_bet02_101_all_pairs_incl_sentinel,round_win = game_pnl > 0 (decisive only),COMPATIBILITY_ONLY_NOT_PRODUCTION,557989.4742,504875.3716,9878.7574,24851,24505,-0.01770420,0.00338982,-0.02772422,-0.01770420,-9878.7574,557989.4742,OK,0.0000,395.1503,4.0000,96.0000,AG03-UNRESOLVED,ALL5_LEVELS_bet23_to_bet27,395.1503,395.1503,395.1503,0.0000,0.0000,4.000000,4.000000,4.000000,0.000000,0.000000,96.000000,96.000000,96.000000,100.000000,100.000000,5.0,1185.4509,1138.6651,8693.3065,8740.0923,PENDING_AG03,FALSE,NOT_FOR_ENFORCEMENT,9483.6071,484680.3568,9878.7574,9483.6071,395.1503,0.01770420,0.01699603,395.1503,9483.6071,0.01699603,395.1503,395.1503,395.1503,0.0000,0.0000,9483.6071,0.01699603,1185.4509,1138.6651,8693.3065,8740.0923,0.01557970,0.01566354,0.00070817,22.4534,20.6030,0.4031,82.3230,2.6463,4649.9123,204.2083,25.9152,21.1137,12.8578,14.5296,26.176,48.8436,54.2173,102.8621,13.088,0.0,3.731508,7.079487,1.545355,30,207,63,6,0.32204186,0.01770420,-0.00338982,0E-8,0.000000,0.904812,0.002133,0.03111404,2026-03-21,2026-08-06,120,3733,1703,139,0.863309,1.227414,1.154177,1.073473,,,,,,,,GLOBAL_BASELINE_NO_ENTITY_RANKING,,,NOT_APPLICABLE_GLOBAL_BASELINE,HF9g-P5,,,,X 全窗基线 · 不参与实体赏罚,15052248,1506,A168_HF9F_20260827_0900,2026-08-27 09:00:00
2026-05-01,127529701,1385,0,191.9983394738,-50.5941570234,-50.5941570234,0.4000000,7,7,0.49899058571428571,0.498990585714,-0.4427002597300625,-0.4427002597287852,-0.4427002597300625,2.8571E-13,ELIGIBLE,R03b_20260811_FULL_v1,L1_ELIGIBILITY,v2026-08-11,2026-03-21..2026-08-06,baccarat_bet02_101_all_pairs_incl_sentinel,round_win = game_pnl > 0 (decisive only),COMPATIBILITY_ONLY_NOT_PRODUCTION,557989.4742,504875.3716,9878.7574,24851,24505,-0.01770420,0.00338982,-0.02772422,-0.01770420,-9878.7574,557989.4742,OK,0.0000,395.1503,4.0000,96.0000,AG03-UNRESOLVED,ALL5_LEVELS_bet23_to_bet27,395.1503,395.1503,395.1503,0.0000,0.0000,4.000000,4.000000,4.000000,0.000000,0.000000,96.000000,96.000000,96.000000,100.000000,100.000000,5.0,1185.4509,1138.6651,8693.3065,8740.0923,PENDING_AG03,FALSE,NOT_FOR_ENFORCEMENT,9483.6071,484680.3568,9878.7574,9483.6071,395.1503,0.01770420,0.01699603,395.1503,9483.6071,0.01699603,395.1503,395.1503,395.1503,0.0000,0.0000,9483.6071,0.01699603,1185.4509,1138.6651,8693.3065,8740.0923,0.01557970,0.01566354,0.00070817,22.4534,20.6030,0.4031,82.3230,2.6463,4649.9123,204.2083,25.9152,21.1137,12.8578,14.5296,26.176,48.8436,54.2173,102.8621,13.088,0.0,3.731508,7.079487,1.545355,30,207,63,6,0.32204186,0.01770420,-0.00338982,0E-8,0.000000,0.904812,0.002133,0.03111404,2026-03-21,2026-08-06,120,3733,1703,139,0.863309,1.227414,1.154177,1.073473,,,,,,,,GLOBAL_BASELINE_NO_ENTITY_RANKING,,,NOT_APPLICABLE_GLOBAL_BASELINE,HF9g-P5,,,,X 全窗基线 · 不参与实体赏罚,15052249,1506,A168_HF9F_20260827_0900,2026-08-27 09:00:00
2026-05-01,127529701,1396,0,108.4531160813,51.1909086191,51.1909086191,0.8000000,8,6,0.47378915416662465,0.453442861111,1.4608678906019852,1.556613460567886,1.4608678906019852,0.02034629305562465,ELIGIBLE,R03b_20260811_FULL_v1,L1_ELIGIBILITY,v2026-08-11,2026-03-21..2026-08-06,baccarat_bet02_101_all_pairs_incl_sentinel,round_win = game_pnl > 0 (decisive only),COMPATIBILITY_ONLY_NOT_PRODUCTION,557989.4742,504875.3716,9878.7574,24851,24505,-0.01770420,0.00338982,-0.02772422,-0.01770420,-9878.7574,557989.4742,OK,0.0000,395.1503,4.0000,96.0000,AG03-UNRESOLVED,ALL5_LEVELS_bet23_to_bet27,395.1503,395.1503,395.1503,0.0000,0.0000,4.000000,4.000000,4.000000,0.000000,0.000000,96.000000,96.000000,96.000000,100.000000,100.000000,5.0,1185.4509,1138.6651,8693.3065,8740.0923,PENDING_AG03,FALSE,NOT_FOR_ENFORCEMENT,9483.6071,484680.3568,9878.7574,9483.6071,395.1503,0.01770420,0.01699603,395.1503,9483.6071,0.01699603,395.1503,395.1503,395.1503,0.0000,0.0000,9483.6071,0.01699603,1185.4509,1138.6651,8693.3065,8740.0923,0.01557970,0.01566354,0.00070817,22.4534,20.6030,0.4031,82.3230,2.6463,4649.9123,204.2083,25.9152,21.1137,12.8578,14.5296,26.176,48.8436,54.2173,102.8621,13.088,0.0,3.731508,7.079487,1.545355,30,207,63,6,0.32204186,0.01770420,-0.00338982,0E-8,0.000000,0.904812,0.002133,0.03111404,2026-03-21,2026-08-06,120,3733,1703,139,0.863309,1.227414,1.154177,1.073473,,,,,,,,GLOBAL_BASELINE_NO_ENTITY_RANKING,,,NOT_APPLICABLE_GLOBAL_BASELINE,HF9g-P5,,,,X 全窗基线 · 不参与实体赏罚,15052250,1506,A168_HF9F_20260827_0900,2026-08-27 09:00:00
2026-05-01,127529701,1490,0,308.7540864515,29.8375797831,29.8375797831,0.5000000,14,14,0.50090561428571429,0.500905614286,-0.0057276170437589955,-0.005727617045565993,-0.0057276170437589955,-2.8571E-13,ELIGIBLE,R03b_20260811_FULL_v1,L1_ELIGIBILITY,v2026-08-11,2026-03-21..2026-08-06,baccarat_bet02_101_all_pairs_incl_sentinel,round_win = game_pnl > 0 (decisive only),COMPATIBILITY_ONLY_NOT_PRODUCTION,557989.4742,504875.3716,9878.7574,24851,24505,-0.01770420,0.00338982,-0.02772422,-0.01770420,-9878.7574,557989.4742,OK,0.0000,395.1503,4.0000,96.0000,AG03-UNRESOLVED,ALL5_LEVELS_bet23_to_bet27,395.1503,395.1503,395.1503,0.0000,0.0000,4.000000,4.000000,4.000000,0.000000,0.000000,96.000000,96.000000,96.000000,100.000000,100.000000,5.0,1185.4509,1138.6651,8693.3065,8740.0923,PENDING_AG03,FALSE,NOT_FOR_ENFORCEMENT,9483.6071,484680.3568,9878.7574,9483.6071,395.1503,0.01770420,0.01699603,395.1503,9483.6071,0.01699603,395.1503,395.1503,395.1503,0.0000,0.0000,9483.6071,0.01699603,1185.4509,1138.6651,8693.3065,8740.0923,0.01557970,0.01566354,0.00070817,22.4534,20.6030,0.4031,82.3230,2.6463,4649.9123,204.2083,25.9152,21.1137,12.8578,14.5296,26.176,48.8436,54.2173,102.8621,13.088,0.0,3.731508,7.079487,1.545355,30,207,63,6,0.32204186,0.01770420,-0.00338982,0E-8,0.000000,0.904812,0.002133,0.03111404,2026-03-21,2026-08-06,120,3733,1703,139,0.863309,1.227414,1.154177,1.073473,,,,,,,,GLOBAL_BASELINE_NO_ENTITY_RANKING,,,NOT_APPLICABLE_GLOBAL_BASELINE,HF9g-P5,,,,X 全窗基线 · 不参与实体赏罚,15052251,1506,A168_HF9F_20260827_0900,2026-08-27 09:00:00
2026-05-01,127529701,1942,0,77.8371646516,4.5405012714,4.5405012714,0.6000000,5,5,0.50128862000000000,0.501288620000,0.4414521777673877,0.4414521777673877,0.4414521777673877,0E-17,ELIGIBLE,R03b_20260811_FULL_v1,L1_ELIGIBILITY,v2026-08-11,2026-03-21..2026-08-06,baccarat_bet02_101_all_pairs_incl_sentinel,round_win = game_pnl > 0 (decisive only),COMPATIBILITY_ONLY_NOT_PRODUCTION,557989.4742,504875.3716,9878.7574,24851,24505,-0.01770420,0.00338982,-0.02772422,-0.01770420,-9878.7574,557989.4742,OK,0.0000,395.1503,4.0000,96.0000,AG03-UNRESOLVED,ALL5_LEVELS_bet23_to_bet27,395.1503,395.1503,395.1503,0.0000,0.0000,4.000000,4.000000,4.000000,0.000000,0.000000,96.000000,96.000000,96.000000,100.000000,100.000000,5.0,1185.4509,1138.6651,8693.3065,8740.0923,PENDING_AG03,FALSE,NOT_FOR_ENFORCEMENT,9483.6071,484680.3568,9878.7574,9483.6071,395.1503,0.01770420,0.01699603,395.1503,9483.6071,0.01699603,395.1503,395.1503,395.1503,0.0000,0.0000,9483.6071,0.01699603,1185.4509,1138.6651,8693.3065,8740.0923,0.01557970,0.01566354,0.00070817,22.4534,20.6030,0.4031,82.3230,2.6463,4649.9123,204.2083,25.9152,21.1137,12.8578,14.5296,26.176,48.8436,54.2173,102.8621,13.088,0.0,3.731508,7.079487,1.545355,30,207,63,6,0.32204186,0.01770420,-0.00338982,0E-8,0.000000,0.904812,0.002133,0.03111404,2026-03-21,2026-08-06,120,3733,1703,139,0.863309,1.227414,1.154177,1.073473,,,,,,,,GLOBAL_BASELINE_NO_ENTITY_RANKING,,,NOT_APPLICABLE_GLOBAL_BASELINE,HF9g-P5,,,,X 全窗基线 · 不参与实体赏罚,15052252,1506,A168_HF9F_20260827_0900,2026-08-27 09:00:00
2026-05-01,127529701,1963,0,204.4522858182,25.3878885371,25.3878885371,0.5833333,13,13,0.50046368461538462,0.500463684615,0.5741380148228185,0.5741380148254828,0.5741380148228185,3.8462E-13,ELIGIBLE,R03b_20260811_FULL_v1,L1_ELIGIBILITY,v2026-08-11,2026-03-21..2026-08-06,baccarat_bet02_101_all_pairs_incl_sentinel,round_win = game_pnl > 0 (decisive only),COMPATIBILITY_ONLY_NOT_PRODUCTION,557989.4742,504875.3716,9878.7574,24851,24505,-0.01770420,0.00338982,-0.02772422,-0.01770420,-9878.7574,557989.4742,OK,0.0000,395.1503,4.0000,96.0000,AG03-UNRESOLVED,ALL5_LEVELS_bet23_to_bet27,395.1503,395.1503,395.1503,0.0000,0.0000,4.000000,4.000000,4.000000,0.000000,0.000000,96.000000,96.000000,96.000000,100.000000,100.000000,5.0,1185.4509,1138.6651,8693.3065,8740.0923,PENDING_AG03,FALSE,NOT_FOR_ENFORCEMENT,9483.6071,484680.3568,9878.7574,9483.6071,395.1503,0.01770420,0.01699603,395.1503,9483.6071,0.01699603,395.1503,395.1503,395.1503,0.0000,0.0000,9483.6071,0.01699603,1185.4509,1138.6651,8693.3065,8740.0923,0.01557970,0.01566354,0.00070817,22.4534,20.6030,0.4031,82.3230,2.6463,4649.9123,204.2083,25.9152,21.1137,12.8578,14.5296,26.176,48.8436,54.2173,102.8621,13.088,0.0,3.731508,7.079487,1.545355,30,207,63,6,0.32204186,0.01770420,-0.00338982,0E-8,0.000000,0.904812,0.002133,0.03111404,2026-03-21,2026-08-06,120,3733,1703,139,0.863309,1.227414,1.154177,1.073473,,,,,,,,GLOBAL_BASELINE_NO_ENTITY_RANKING,,,NOT_APPLICABLE_GLOBAL_BASELINE,HF9g-P5,,,,X 全窗基线 · 不参与实体赏罚,15052253,1506,A168_HF9F_20260827_0900,2026-08-27 09:00:00
2026-05-01,127529701,2088,0,154.3770432255,-41.5131544808,-41.5131544808,0.2857143,8,8,0.49659680000000000,0.496596800000,-1.1159112260582862,-1.1159112260582862,-1.1159112260582862,0E-17,ELIGIBLE,R03b_20260811_FULL_v1,L1_ELIGIBILITY,v2026-08-11,2026-03-21..2026-08-06,baccarat_bet02_101_all_pairs_incl_sentinel,round_win = game_pnl > 0 (decisive only),COMPATIBILITY_ONLY_NOT_PRODUCTION,557989.4742,504875.3716,9878.7574,24851,24505,-0.01770420,0.00338982,-0.02772422,-0.01770420,-9878.7574,557989.4742,OK,0.0000,395.1503,4.0000,96.0000,AG03-UNRESOLVED,ALL5_LEVELS_bet23_to_bet27,395.1503,395.1503,395.1503,0.0000,0.0000,4.000000,4.000000,4.000000,0.000000,0.000000,96.000000,96.000000,96.000000,100.000000,100.000000,5.0,1185.4509,1138.6651,8693.3065,8740.0923,PENDING_AG03,FALSE,NOT_FOR_ENFORCEMENT,9483.6071,484680.3568,9878.7574,9483.6071,395.1503,0.01770420,0.01699603,395.1503,9483.6071,0.01699603,395.1503,395.1503,395.1503,0.0000,0.0000,9483.6071,0.01699603,1185.4509,1138.6651,8693.3065,8740.0923,0.01557970,0.01566354,0.00070817,22.4534,20.6030,0.4031,82.3230,2.6463,4649.9123,204.2083,25.9152,21.1137,12.8578,14.5296,26.176,48.8436,54.2173,102.8621,13.088,0.0,3.731508,7.079487,1.545355,30,207,63,6,0.32204186,0.01770420,-0.00338982,0E-8,0.000000,0.904812,0.002133,0.03111404,2026-03-21,2026-08-06,120,3733,1703,139,0.863309,1.227414,1.154177,1.073473,,,,,,,,GLOBAL_BASELINE_NO_ENTITY_RANKING,,,NOT_APPLICABLE_GLOBAL_BASELINE,HF9g-P5,,,,X 全窗基线 · 不参与实体赏罚,15052254,1506,A168_HF9F_20260827_0900,2026-08-27 09:00:00
2026-05-01,127529701,2123,0,155.1554148722,76.5398785739,76.5398785739,0.5714286,7,7,0.49707555714285714,0.497075557143,0.39344589990031587,0.3934458998995593,0.39344589990031587,-1.4286E-13,ELIGIBLE,R03b_20260811_FULL_v1,L1_ELIGIBILITY,v2026-08-11,2026-03-21..2026-08-06,baccarat_bet02_101_all_pairs_incl_sentinel,round_win = game_pnl > 0 (decisive only),COMPATIBILITY_ONLY_NOT_PRODUCTION,557989.4742,504875.3716,9878.7574,24851,24505,-0.01770420,0.00338982,-0.02772422,-0.01770420,-9878.7574,557989.4742,OK,0.0000,395.1503,4.0000,96.0000,AG03-UNRESOLVED,ALL5_LEVELS_bet23_to_bet27,395.1503,395.1503,395.1503,0.0000,0.0000,4.000000,4.000000,4.000000,0.000000,0.000000,96.000000,96.000000,96.000000,100.000000,100.000000,5.0,1185.4509,1138.6651,8693.3065,8740.0923,PENDING_AG03,FALSE,NOT_FOR_ENFORCEMENT,9483.6071,484680.3568,9878.7574,9483.6071,395.1503,0.01770420,0.01699603,395.1503,9483.6071,0.01699603,395.1503,395.1503,395.1503,0.0000,0.0000,9483.6071,0.01699603,1185.4509,1138.6651,8693.3065,8740.0923,0.01557970,0.01566354,0.00070817,22.4534,20.6030,0.4031,82.3230,2.6463,4649.9123,204.2083,25.9152,21.1137,12.8578,14.5296,26.176,48.8436,54.2173,102.8621,13.088,0.0,3.731508,7.079487,1.545355,30,207,63,6,0.32204186,0.01770420,-0.00338982,0E-8,0.000000,0.904812,0.002133,0.03111404,2026-03-21,2026-08-06,120,3733,1703,139,0.863309,1.227414,1.154177,1.073473,,,,,,,,GLOBAL_BASELINE_NO_ENTITY_RANKING,,,NOT_APPLICABLE_GLOBAL_BASELINE,HF9g-P5,,,,X 全窗基线 · 不参与实体赏罚,15052255,1506,A168_HF9F_20260827_0900,2026-08-27 09:00:00
2026-05-01,127529701,2129,0,31.1348658606,0E-10,0E-10,0.5000000,3,3,0.49771390000000000,0.497713900000,0.006466134837551399,0.0064661348375514,0.006466134837551399,0E-17,ELIGIBLE,R03b_20260811_FULL_v1,L1_ELIGIBILITY,v2026-08-11,2026-03-21..2026-08-06,baccarat_bet02_101_all_pairs_incl_sentinel,round_win = game_pnl > 0 (decisive only),COMPATIBILITY_ONLY_NOT_PRODUCTION,557989.4742,504875.3716,9878.7574,24851,24505,-0.01770420,0.00338982,-0.02772422,-0.01770420,-9878.7574,557989.4742,OK,0.0000,395.1503,4.0000,96.0000,AG03-UNRESOLVED,ALL5_LEVELS_bet23_to_bet27,395.1503,395.1503,395.1503,0.0000,0.0000,4.000000,4.000000,4.000000,0.000000,0.000000,96.000000,96.000000,96.000000,100.000000,100.000000,5.0,1185.4509,1138.6651,8693.3065,8740.0923,PENDING_AG03,FALSE,NOT_FOR_ENFORCEMENT,9483.6071,484680.3568,9878.7574,9483.6071,395.1503,0.01770420,0.01699603,395.1503,9483.6071,0.01699603,395.1503,395.1503,395.1503,0.0000,0.0000,9483.6071,0.01699603,1185.4509,1138.6651,8693.3065,8740.0923,0.01557970,0.01566354,0.00070817,22.4534,20.6030,0.4031,82.3230,2.6463,4649.9123,204.2083,25.9152,21.1137,12.8578,14.5296,26.176,48.8436,54.2173,102.8621,13.088,0.0,3.731508,7.079487,1.545355,30,207,63,6,0.32204186,0.01770420,-0.00338982,0E-8,0.000000,0.904812,0.002133,0.03111404,2026-03-21,2026-08-06,120,3733,1703,139,0.863309,1.227414,1.154177,1.073473,,,,,,,,GLOBAL_BASELINE_NO_ENTITY_RANKING,,,NOT_APPLICABLE_GLOBAL_BASELINE,HF9g-P5,,,,X 全窗基线 · 不参与实体赏罚,15052256,1506,A168_HF9F_20260827_0900,2026-08-27 09:00:00
2026-05-01,127529701,2142,0,117.2746614085,-52.4103575320,-52.4103575320,0.3333333,7,7,0.49899058571428571,0.498990585714,-0.8115531348621552,-0.8115531348607564,-0.8115531348621552,2.8571E-13,ELIGIBLE,R03b_20260811_FULL_v1,L1_ELIGIBILITY,v2026-08-11,2026-03-21..2026-08-06,baccarat_bet02_101_all_pairs_incl_sentinel,round_win = game_pnl > 0 (decisive only),COMPATIBILITY_ONLY_NOT_PRODUCTION,557989.4742,504875.3716,9878.7574,24851,24505,-0.01770420,0.00338982,-0.02772422,-0.01770420,-9878.7574,557989.4742,OK,0.0000,395.1503,4.0000,96.0000,AG03-UNRESOLVED,ALL5_LEVELS_bet23_to_bet27,395.1503,395.1503,395.1503,0.0000,0.0000,4.000000,4.000000,4.000000,0.000000,0.000000,96.000000,96.000000,96.000000,100.000000,100.000000,5.0,1185.4509,1138.6651,8693.3065,8740.0923,PENDING_AG03,FALSE,NOT_FOR_ENFORCEMENT,9483.6071,484680.3568,9878.7574,9483.6071,395.1503,0.01770420,0.01699603,395.1503,9483.6071,0.01699603,395.1503,395.1503,395.1503,0.0000,0.0000,9483.6071,0.01699603,1185.4509,1138.6651,8693.3065,8740.0923,0.01557970,0.01566354,0.00070817,22.4534,20.6030,0.4031,82.3230,2.6463,4649.9123,204.2083,25.9152,21.1137,12.8578,14.5296,26.176,48.8436,54.2173,102.8621,13.088,0.0,3.731508,7.079487,1.545355,30,207,63,6,0.32204186,0.01770420,-0.00338982,0E-8,0.000000,0.904812,0.002133,0.03111404,2026-03-21,2026-08-06,120,3733,1703,139,0.863309,1.227414,1.154177,1.073473,,,,,,,,GLOBAL_BASELINE_NO_ENTITY_RANKING,,,NOT_APPLICABLE_GLOBAL_BASELINE,HF9g-P5,,,,X 全窗基线 · 不参与实体赏罚,15052257,1506,A168_HF9F_20260827_0900,2026-08-27 09:00:00
2026-05-01,127529701,2145,0,12.9728607753,12.3242177365,12.3242177365,1.0000000,1,1,0.50665070000000000,0.506650700000,0.9867858985152569,0.9867858985152569,0.9867858985152569,0E-17,ELIGIBLE,R03b_20260811_FULL_v1,L1_ELIGIBILITY,v2026-08-11,2026-03-21..2026-08-06,baccarat_bet02_101_all_pairs_incl_sentinel,round_win = game_pnl > 0 (decisive only),COMPATIBILITY_ONLY_NOT_PRODUCTION,557989.4742,504875.3716,9878.7574,24851,24505,-0.01770420,0.00338982,-0.02772422,-0.01770420,-9878.7574,557989.4742,OK,0.0000,395.1503,4.0000,96.0000,AG03-UNRESOLVED,ALL5_LEVELS_bet23_to_bet27,395.1503,395.1503,395.1503,0.0000,0.0000,4.000000,4.000000,4.000000,0.000000,0.000000,96.000000,96.000000,96.000000,100.000000,100.000000,5.0,1185.4509,1138.6651,8693.3065,8740.0923,PENDING_AG03,FALSE,NOT_FOR_ENFORCEMENT,9483.6071,484680.3568,9878.7574,9483.6071,395.1503,0.01770420,0.01699603,395.1503,9483.6071,0.01699603,395.1503,395.1503,395.1503,0.0000,0.0000,9483.6071,0.01699603,1185.4509,1138.6651,8693.3065,8740.0923,0.01557970,0.01566354,0.00070817,22.4534,20.6030,0.4031,82.3230,2.6463,4649.9123,204.2083,25.9152,21.1137,12.8578,14.5296,26.176,48.8436,54.2173,102.8621,13.088,0.0,3.731508,7.079487,1.545355,30,207,63,6,0.32204186,0.01770420,-0.00338982,0E-8,0.000000,0.904812,0.002133,0.03111404,2026-03-21,2026-08-06,120,3733,1703,139,0.863309,1.227414,1.154177,1.073473,,,,,,,,GLOBAL_BASELINE_NO_ENTITY_RANKING,,,NOT_APPLICABLE_GLOBAL_BASELINE,HF9g-P5,,,,X 全窗基线 · 不参与实体赏罚,15052258,1506,A168_HF9F_20260827_0900,2026-08-27 09:00:00
2026-05-01,127529701,2147,0,12.9728607753,-12.9728607753,-12.9728607753,0E-7,1,1,0.50665070000000000,0.506650700000,-1.013391052207602,-1.013391052207602,-1.013391052207602,0E-17,ELIGIBLE,R03b_20260811_FULL_v1,L1_ELIGIBILITY,v2026-08-11,2026-03-21..2026-08-06,baccarat_bet02_101_all_pairs_incl_sentinel,round_win = game_pnl > 0 (decisive only),COMPATIBILITY_ONLY_NOT_PRODUCTION,557989.4742,504875.3716,9878.7574,24851,24505,-0.01770420,0.00338982,-0.02772422,-0.01770420,-9878.7574,557989.4742,OK,0.0000,395.1503,4.0000,96.0000,AG03-UNRESOLVED,ALL5_LEVELS_bet23_to_bet27,395.1503,395.1503,395.1503,0.0000,0.0000,4.000000,4.000000,4.000000,0.000000,0.000000,96.000000,96.000000,96.000000,100.000000,100.000000,5.0,1185.4509,1138.6651,8693.3065,8740.0923,PENDING_AG03,FALSE,NOT_FOR_ENFORCEMENT,9483.6071,484680.3568,9878.7574,9483.6071,395.1503,0.01770420,0.01699603,395.1503,9483.6071,0.01699603,395.1503,395.1503,395.1503,0.0000,0.0000,9483.6071,0.01699603,1185.4509,1138.6651,8693.3065,8740.0923,0.01557970,0.01566354,0.00070817,22.4534,20.6030,0.4031,82.3230,2.6463,4649.9123,204.2083,25.9152,21.1137,12.8578,14.5296,26.176,48.8436,54.2173,102.8621,13.088,0.0,3.731508,7.079487,1.545355,30,207,63,6,0.32204186,0.01770420,-0.00338982,0E-8,0.000000,0.904812,0.002133,0.03111404,2026-03-21,2026-08-06,120,3733,1703,139,0.863309,1.227414,1.154177,1.073473,,,,,,,,GLOBAL_BASELINE_NO_ENTITY_RANKING,,,NOT_APPLICABLE_GLOBAL_BASELINE,HF9g-P5,,,,X 全窗基线 · 不参与实体赏罚,15052259,1506,A168_HF9F_20260827_0900,2026-08-27 09:00:00
2026-05-01,127529701,2170,0,51.8914431010,-51.8914431010,-51.8914431010,0E-7,1,1,0.50665070000000000,0.506650700000,-1.013391052207602,-1.013391052207602,-1.013391052207602,0E-17,ELIGIBLE,R03b_20260811_FULL_v1,L1_ELIGIBILITY,v2026-08-11,2026-03-21..2026-08-06,baccarat_bet02_101_all_pairs_incl_sentinel,round_win = game_pnl > 0 (decisive only),COMPATIBILITY_ONLY_NOT_PRODUCTION,557989.4742,504875.3716,9878.7574,24851,24505,-0.01770420,0.00338982,-0.02772422,-0.01770420,-9878.7574,557989.4742,OK,0.0000,395.1503,4.0000,96.0000,AG03-UNRESOLVED,ALL5_LEVELS_bet23_to_bet27,395.1503,395.1503,395.1503,0.0000,0.0000,4.000000,4.000000,4.000000,0.000000,0.000000,96.000000,96.000000,96.000000,100.000000,100.000000,5.0,1185.4509,1138.6651,8693.3065,8740.0923,PENDING_AG03,FALSE,NOT_FOR_ENFORCEMENT,9483.6071,484680.3568,9878.7574,9483.6071,395.1503,0.01770420,0.01699603,395.1503,9483.6071,0.01699603,395.1503,395.1503,395.1503,0.0000,0.0000,9483.6071,0.01699603,1185.4509,1138.6651,8693.3065,8740.0923,0.01557970,0.01566354,0.00070817,22.4534,20.6030,0.4031,82.3230,2.6463,4649.9123,204.2083,25.9152,21.1137,12.8578,14.5296,26.176,48.8436,54.2173,102.8621,13.088,0.0,3.731508,7.079487,1.545355,30,207,63,6,0.32204186,0.01770420,-0.00338982,0E-8,0.000000,0.904812,0.002133,0.03111404,2026-03-21,2026-08-06,120,3733,1703,139,0.863309,1.227414,1.154177,1.073473,,,,,,,,GLOBAL_BASELINE_NO_ENTITY_RANKING,,,NOT_APPLICABLE_GLOBAL_BASELINE,HF9g-P5,,,,X 全窗基线 · 不参与实体赏罚,15052260,1506,A168_HF9F_20260827_0900,2026-08-27 09:00:00
2026-05-01,127529701,2202,0,172.5390483109,-37.6861605521,-37.6861605521,0.3333333,8,8,0.49827245000000000,0.498272450000,-0.8080381719969413,-0.8080381719969413,-0.8080381719969413,0E-17,ELIGIBLE,R03b_20260811_FULL_v1,L1_ELIGIBILITY,v2026-08-11,2026-03-21..2026-08-06,baccarat_bet02_101_all_pairs_incl_sentinel,round_win = game_pnl > 0 (decisive only),COMPATIBILITY_ONLY_NOT_PRODUCTION,557989.4742,504875.3716,9878.7574,24851,24505,-0.01770420,0.00338982,-0.02772422,-0.01770420,-9878.7574,557989.4742,OK,0.0000,395.1503,4.0000,96.0000,AG03-UNRESOLVED,ALL5_LEVELS_bet23_to_bet27,395.1503,395.1503,395.1503,0.0000,0.0000,4.000000,4.000000,4.000000,0.000000,0.000000,96.000000,96.000000,96.000000,100.000000,100.000000,5.0,1185.4509,1138.6651,8693.3065,8740.0923,PENDING_AG03,FALSE,NOT_FOR_ENFORCEMENT,9483.6071,484680.3568,9878.7574,9483.6071,395.1503,0.01770420,0.01699603,395.1503,9483.6071,0.01699603,395.1503,395.1503,395.1503,0.0000,0.0000,9483.6071,0.01699603,1185.4509,1138.6651,8693.3065,8740.0923,0.01557970,0.01566354,0.00070817,22.4534,20.6030,0.4031,82.3230,2.6463,4649.9123,204.2083,25.9152,21.1137,12.8578,14.5296,26.176,48.8436,54.2173,102.8621,13.088,0.0,3.731508,7.079487,1.545355,30,207,63,6,0.32204186,0.01770420,-0.00338982,0E-8,0.000000,0.904812,0.002133,0.03111404,2026-03-21,2026-08-06,120,3733,1703,139,0.863309,1.227414,1.154177,1.073473,,,,,,,,GLOBAL_BASELINE_NO_ENTITY_RANKING,,,NOT_APPLICABLE_GLOBAL_BASELINE,HF9g-P5,,,,X 全窗基线 · 不参与实体赏罚,15052261,1506,A168_HF9F_20260827_0900,2026-08-27 09:00:00
2026-05-01,127529701,2224,0,63.8264750144,31.2905401899,31.2905401899,0.7500000,4,4,0.50329940000000000,0.503299400000,0.9868238854431842,0.9868238854431842,0.9868238854431842,0E-17,ELIGIBLE,R03b_20260811_FULL_v1,L1_ELIGIBILITY,v2026-08-11,2026-03-21..2026-08-06,baccarat_bet02_101_all_pairs_incl_sentinel,round_win = game_pnl > 0 (decisive only),COMPATIBILITY_ONLY_NOT_PRODUCTION,557989.4742,504875.3716,9878.7574,24851,24505,-0.01770420,0.00338982,-0.02772422,-0.01770420,-9878.7574,557989.4742,OK,0.0000,395.1503,4.0000,96.0000,AG03-UNRESOLVED,ALL5_LEVELS_bet23_to_bet27,395.1503,395.1503,395.1503,0.0000,0.0000,4.000000,4.000000,4.000000,0.000000,0.000000,96.000000,96.000000,96.000000,100.000000,100.000000,5.0,1185.4509,1138.6651,8693.3065,8740.0923,PENDING_AG03,FALSE,NOT_FOR_ENFORCEMENT,9483.6071,484680.3568,9878.7574,9483.6071,395.1503,0.01770420,0.01699603,395.1503,9483.6071,0.01699603,395.1503,395.1503,395.1503,0.0000,0.0000,9483.6071,0.01699603,1185.4509,1138.6651,8693.3065,8740.0923,0.01557970,0.01566354,0.00070817,22.4534,20.6030,0.4031,82.3230,2.6463,4649.9123,204.2083,25.9152,21.1137,12.8578,14.5296,26.176,48.8436,54.2173,102.8621,13.088,0.0,3.731508,7.079487,1.545355,30,207,63,6,0.32204186,0.01770420,-0.00338982,0E-8,0.000000,0.904812,0.002133,0.03111404,2026-03-21,2026-08-06,120,3733,1703,139,0.863309,1.227414,1.154177,1.073473,,,,,,,,GLOBAL_BASELINE_NO_ENTITY_RANKING,,,NOT_APPLICABLE_GLOBAL_BASELINE,HF9g-P5,,,,X 全窗基线 · 不参与实体赏罚,15052262,1506,A168_HF9F_20260827_0900,2026-08-27 09:00:00
2026-05-01,127529701,2251,0,196.1496549219,84.9722380780,84.9722380780,0.6250000,9,9,0.50218230000000000,0.502182300000,0.6947684457661463,0.6947684457661463,0.6947684457661463,0E-17,ELIGIBLE,R03b_20260811_FULL_v1,L1_ELIGIBILITY,v2026-08-11,2026-03-21..2026-08-06,baccarat_bet02_101_all_pairs_incl_sentinel,round_win = game_pnl > 0 (decisive only),COMPATIBILITY_ONLY_NOT_PRODUCTION,557989.4742,504875.3716,9878.7574,24851,24505,-0.01770420,0.00338982,-0.02772422,-0.01770420,-9878.7574,557989.4742,OK,0.0000,395.1503,4.0000,96.0000,AG03-UNRESOLVED,ALL5_LEVELS_bet23_to_bet27,395.1503,395.1503,395.1503,0.0000,0.0000,4.000000,4.000000,4.000000,0.000000,0.000000,96.000000,96.000000,96.000000,100.000000,100.000000,5.0,1185.4509,1138.6651,8693.3065,8740.0923,PENDING_AG03,FALSE,NOT_FOR_ENFORCEMENT,9483.6071,484680.3568,9878.7574,9483.6071,395.1503,0.01770420,0.01699603,395.1503,9483.6071,0.01699603,395.1503,395.1503,395.1503,0.0000,0.0000,9483.6071,0.01699603,1185.4509,1138.6651,8693.3065,8740.0923,0.01557970,0.01566354,0.00070817,22.4534,20.6030,0.4031,82.3230,2.6463,4649.9123,204.2083,25.9152,21.1137,12.8578,14.5296,26.176,48.8436,54.2173,102.8621,13.088,0.0,3.731508,7.079487,1.545355,30,207,63,6,0.32204186,0.01770420,-0.00338982,0E-8,0.000000,0.904812,0.002133,0.03111404,2026-03-21,2026-08-06,120,3733,1703,139,0.863309,1.227414,1.154177,1.073473,,,,,,,,GLOBAL_BASELINE_NO_ENTITY_RANKING,,,NOT_APPLICABLE_GLOBAL_BASELINE,HF9g-P5,,,,X 全窗基线 · 不参与实体赏罚,15052263,1506,A168_HF9F_20260827_0900,2026-08-27 09:00:00
2026-05-01,127529701,2252,0,43.8482694204,31.7964817602,31.7964817602,1.0000000,4,4,0.50329940000000000,0.503299400000,1.7206588134302945,1.7206588134302945,1.7206588134302945,0E-17,ELIGIBLE,R03b_20260811_FULL_v1,L1_ELIGIBILITY,v2026-08-11,2026-03-21..2026-08-06,baccarat_bet02_101_all_pairs_incl_sentinel,round_win = game_pnl > 0 (decisive only),COMPATIBILITY_ONLY_NOT_PRODUCTION,557989.4742,504875.3716,9878.7574,24851,24505,-0.01770420,0.00338982,-0.02772422,-0.01770420,-9878.7574,557989.4742,OK,0.0000,395.1503,4.0000,96.0000,AG03-UNRESOLVED,ALL5_LEVELS_bet23_to_bet27,395.1503,395.1503,395.1503,0.0000,0.0000,4.000000,4.000000,4.000000,0.000000,0.000000,96.000000,96.000000,96.000000,100.000000,100.000000,5.0,1185.4509,1138.6651,8693.3065,8740.0923,PENDING_AG03,FALSE,NOT_FOR_ENFORCEMENT,9483.6071,484680.3568,9878.7574,9483.6071,395.1503,0.01770420,0.01699603,395.1503,9483.6071,0.01699603,395.1503,395.1503,395.1503,0.0000,0.0000,9483.6071,0.01699603,1185.4509,1138.6651,8693.3065,8740.0923,0.01557970,0.01566354,0.00070817,22.4534,20.6030,0.4031,82.3230,2.6463,4649.9123,204.2083,25.9152,21.1137,12.8578,14.5296,26.176,48.8436,54.2173,102.8621,13.088,0.0,3.731508,7.079487,1.545355,30,207,63,6,0.32204186,0.01770420,-0.00338982,0E-8,0.000000,0.904812,0.002133,0.03111404,2026-03-21,2026-08-06,120,3733,1703,139,0.863309,1.227414,1.154177,1.073473,,,,,,,,GLOBAL_BASELINE_NO_ENTITY_RANKING,,,NOT_APPLICABLE_GLOBAL_BASELINE,HF9g-P5,,,,X 全窗基线 · 不参与实体赏罚,15052264,1506,A168_HF9F_20260827_0900,2026-08-27 09:00:00
2026-05-01,127529701,2256,0,20.7565772404,-20.7565772404,-20.7565772404,0E-7,1,1,0.49324550000000000,0.493245500000,-0.9865810262130424,-0.9865810262130424,-0.9865810262130424,0E-17,ELIGIBLE,R03b_20260811_FULL_v1,L1_ELIGIBILITY,v2026-08-11,2026-03-21..2026-08-06,baccarat_bet02_101_all_pairs_incl_sentinel,round_win = game_pnl > 0 (decisive only),COMPATIBILITY_ONLY_NOT_PRODUCTION,557989.4742,504875.3716,9878.7574,24851,24505,-0.01770420,0.00338982,-0.02772422,-0.01770420,-9878.7574,557989.4742,OK,0.0000,395.1503,4.0000,96.0000,AG03-UNRESOLVED,ALL5_LEVELS_bet23_to_bet27,395.1503,395.1503,395.1503,0.0000,0.0000,4.000000,4.000000,4.000000,0.000000,0.000000,96.000000,96.000000,96.000000,100.000000,100.000000,5.0,1185.4509,1138.6651,8693.3065,8740.0923,PENDING_AG03,FALSE,NOT_FOR_ENFORCEMENT,9483.6071,484680.3568,9878.7574,9483.6071,395.1503,0.01770420,0.01699603,395.1503,9483.6071,0.01699603,395.1503,395.1503,395.1503,0.0000,0.0000,9483.6071,0.01699603,1185.4509,1138.6651,8693.3065,8740.0923,0.01557970,0.01566354,0.00070817,22.4534,20.6030,0.4031,82.3230,2.6463,4649.9123,204.2083,25.9152,21.1137,12.8578,14.5296,26.176,48.8436,54.2173,102.8621,13.088,0.0,3.731508,7.079487,1.545355,30,207,63,6,0.32204186,0.01770420,-0.00338982,0E-8,0.000000,0.904812,0.002133,0.03111404,2026-03-21,2026-08-06,120,3733,1703,139,0.863309,1.227414,1.154177,1.073473,,,,,,,,GLOBAL_BASELINE_NO_ENTITY_RANKING,,,NOT_APPLICABLE_GLOBAL_BASELINE,HF9g-P5,,,,X 全窗基线 · 不参与实体赏罚,15052265,1506,A168_HF9F_20260827_0900,2026-08-27 09:00:00
2026-05-01,127529701,2261,0,51.8914431011,49.9455139848,49.9455139848,1.0000000,3,3,0.50218230000000000,0.502182300000,1.724507524396475,1.7245075243964754,1.724507524396475,0E-17,ELIGIBLE,R03b_20260811_FULL_v1,L1_ELIGIBILITY,v2026-08-11,2026-03-21..2026-08-06,baccarat_bet02_101_all_pairs_incl_sentinel,round_win = game_pnl > 0 (decisive only),COMPATIBILITY_ONLY_NOT_PRODUCTION,557989.4742,504875.3716,9878.7574,24851,24505,-0.01770420,0.00338982,-0.02772422,-0.01770420,-9878.7574,557989.4742,OK,0.0000,395.1503,4.0000,96.0000,AG03-UNRESOLVED,ALL5_LEVELS_bet23_to_bet27,395.1503,395.1503,395.1503,0.0000,0.0000,4.000000,4.000000,4.000000,0.000000,0.000000,96.000000,96.000000,96.000000,100.000000,100.000000,5.0,1185.4509,1138.6651,8693.3065,8740.0923,PENDING_AG03,FALSE,NOT_FOR_ENFORCEMENT,9483.6071,484680.3568,9878.7574,9483.6071,395.1503,0.01770420,0.01699603,395.1503,9483.6071,0.01699603,395.1503,395.1503,395.1503,0.0000,0.0000,9483.6071,0.01699603,1185.4509,1138.6651,8693.3065,8740.0923,0.01557970,0.01566354,0.00070817,22.4534,20.6030,0.4031,82.3230,2.6463,4649.9123,204.2083,25.9152,21.1137,12.8578,14.5296,26.176,48.8436,54.2173,102.8621,13.088,0.0,3.731508,7.079487,1.545355,30,207,63,6,0.32204186,0.01770420,-0.00338982,0E-8,0.000000,0.904812,0.002133,0.03111404,2026-03-21,2026-08-06,120,3733,1703,139,0.863309,1.227414,1.154177,1.073473,,,,,,,,GLOBAL_BASELINE_NO_ENTITY_RANKING,,,NOT_APPLICABLE_GLOBAL_BASELINE,HF9g-P5,,,,X 全窗基线 · 不参与实体赏罚,15052266,1506,A168_HF9F_20260827_0900,2026-08-27 09:00:00
2026-05-01,127529701,550,0,142.7014685278,-79.1344507290,-79.1344507290,0.2500000,5,5,0.50396966000000000,0.503969660000,-1.01591065835228,-1.0159106583522801,-1.01591065835228,0E-17,ELIGIBLE,R03b_20260811_FULL_v1,L1_ELIGIBILITY,v2026-08-11,2026-03-21..2026-08-06,baccarat_bet02_101_all_pairs_incl_sentinel,round_win = game_pnl > 0 (decisive only),COMPATIBILITY_ONLY_NOT_PRODUCTION,557989.4742,504875.3716,9878.7574,24851,24505,-0.01770420,0.00338982,-0.02772422,-0.01770420,-9878.7574,557989.4742,OK,0.0000,395.1503,4.0000,96.0000,AG03-UNRESOLVED,ALL5_LEVELS_bet23_to_bet27,395.1503,395.1503,395.1503,0.0000,0.0000,4.000000,4.000000,4.000000,0.000000,0.000000,96.000000,96.000000,96.000000,100.000000,100.000000,5.0,1185.4509,1138.6651,8693.3065,8740.0923,PENDING_AG03,FALSE,NOT_FOR_ENFORCEMENT,9483.6071,484680.3568,9878.7574,9483.6071,395.1503,0.01770420,0.01699603,395.1503,9483.6071,0.01699603,395.1503,395.1503,395.1503,0.0000,0.0000,9483.6071,0.01699603,1185.4509,1138.6651,8693.3065,8740.0923,0.01557970,0.01566354,0.00070817,22.4534,20.6030,0.4031,82.3230,2.6463,4649.9123,204.2083,25.9152,21.1137,12.8578,14.5296,26.176,48.8436,54.2173,102.8621,13.088,0.0,3.731508,7.079487,1.545355,30,207,63,6,0.32204186,0.01770420,-0.00338982,0E-8,0.000000,0.904812,0.002133,0.03111404,2026-03-21,2026-08-06,120,3733,1703,139,0.863309,1.227414,1.154177,1.073473,,,,,,,,GLOBAL_BASELINE_NO_ENTITY_RANKING,,,NOT_APPLICABLE_GLOBAL_BASELINE,HF9g-P5,,,,X 全窗基线 · 不参与实体赏罚,15052267,1506,A168_HF9F_20260827_0900,2026-08-27 09:00:00
2026-05-02,127529701,-1,1,77.8371646515,5.6821130197,5.6821130197,0.6000000,6,6,0.49994810000000000,0.499948100000,0.44744570176651083,0.44744570176651083,0.44744570176651083,0E-17,SENTINEL_DEALER,R03b_20260811_FULL_v1,L1_ELIGIBILITY,v2026-08-11,2026-03-21..2026-08-06,baccarat_bet02_101_all_pairs_incl_sentinel,round_win = game_pnl > 0 (decisive only),COMPATIBILITY_ONLY_NOT_PRODUCTION,557989.4742,504875.3716,9878.7574,24851,24505,-0.01770420,0.00338982,-0.02772422,-0.01770420,-9878.7574,557989.4742,OK,0.0000,395.1503,4.0000,96.0000,AG03-UNRESOLVED,ALL5_LEVELS_bet23_to_bet27,395.1503,395.1503,395.1503,0.0000,0.0000,4.000000,4.000000,4.000000,0.000000,0.000000,96.000000,96.000000,96.000000,100.000000,100.000000,5.0,1185.4509,1138.6651,8693.3065,8740.0923,PENDING_AG03,FALSE,NOT_FOR_ENFORCEMENT,9483.6071,484680.3568,9878.7574,9483.6071,395.1503,0.01770420,0.01699603,395.1503,9483.6071,0.01699603,395.1503,395.1503,395.1503,0.0000,0.0000,9483.6071,0.01699603,1185.4509,1138.6651,8693.3065,8740.0923,0.01557970,0.01566354,0.00070817,22.4534,20.6030,0.4031,82.3230,2.6463,4649.9123,204.2083,25.9152,21.1137,12.8578,14.5296,26.176,48.8436,54.2173,102.8621,13.088,0.0,3.731508,7.079487,1.545355,30,207,63,6,0.32204186,0.01770420,-0.00338982,0E-8,0.000000,0.904812,0.002133,0.03111404,2026-03-21,2026-08-06,120,3733,1703,139,0.863309,1.227414,1.154177,1.073473,,,,,,,,GLOBAL_BASELINE_NO_ENTITY_RANKING,,,NOT_APPLICABLE_GLOBAL_BASELINE,HF9g-P5,,,,X 全窗基线 · 不参与实体赏罚,15052268,1506,A168_HF9F_20260827_0900,2026-08-27 09:00:00
2026-05-02,127529701,1078,0,156.9716153808,-14.9187898917,-14.9187898917,0.2857143,8,8,0.49659680000000000,0.496596800000,-1.1159112260582862,-1.1159112260582862,-1.1159112260582862,0E-17,ELIGIBLE,R03b_20260811_FULL_v1,L1_ELIGIBILITY,v2026-08-11,2026-03-21..2026-08-06,baccarat_bet02_101_all_pairs_incl_sentinel,round_win = game_pnl > 0 (decisive only),COMPATIBILITY_ONLY_NOT_PRODUCTION,557989.4742,504875.3716,9878.7574,24851,24505,-0.01770420,0.00338982,-0.02772422,-0.01770420,-9878.7574,557989.4742,OK,0.0000,395.1503,4.0000,96.0000,AG03-UNRESOLVED,ALL5_LEVELS_bet23_to_bet27,395.1503,395.1503,395.1503,0.0000,0.0000,4.000000,4.000000,4.000000,0.000000,0.000000,96.000000,96.000000,96.000000,100.000000,100.000000,5.0,1185.4509,1138.6651,8693.3065,8740.0923,PENDING_AG03,FALSE,NOT_FOR_ENFORCEMENT,9483.6071,484680.3568,9878.7574,9483.6071,395.1503,0.01770420,0.01699603,395.1503,9483.6071,0.01699603,395.1503,395.1503,395.1503,0.0000,0.0000,9483.6071,0.01699603,1185.4509,1138.6651,8693.3065,8740.0923,0.01557970,0.01566354,0.00070817,22.4534,20.6030,0.4031,82.3230,2.6463,4649.9123,204.2083,25.9152,21.1137,12.8578,14.5296,26.176,48.8436,54.2173,102.8621,13.088,0.0,3.731508,7.079487,1.545355,30,207,63,6,0.32204186,0.01770420,-0.00338982,0E-8,0.000000,0.904812,0.002133,0.03111404,2026-03-21,2026-08-06,120,3733,1703,139,0.863309,1.227414,1.154177,1.073473,,,,,,,,GLOBAL_BASELINE_NO_ENTITY_RANKING,,,NOT_APPLICABLE_GLOBAL_BASELINE,HF9g-P5,,,,X 全窗基线 · 不参与实体赏罚,15052269,1506,A168_HF9F_20260827_0900,2026-08-27 09:00:00
2026-05-02,127529701,1210,0,245.4465258677,59.8567796171,59.8567796171,0.6666667,10,10,0.49994810000000000,0.499948100000,1.0003114053888977,1.0003114053888977,1.0003114053888977,0E-17,ELIGIBLE,R03b_20260811_FULL_v1,L1_ELIGIBILITY,v2026-08-11,2026-03-21..2026-08-06,baccarat_bet02_101_all_pairs_incl_sentinel,round_win = game_pnl > 0 (decisive only),COMPATIBILITY_ONLY_NOT_PRODUCTION,557989.4742,504875.3716,9878.7574,24851,24505,-0.01770420,0.00338982,-0.02772422,-0.01770420,-9878.7574,557989.4742,OK,0.0000,395.1503,4.0000,96.0000,AG03-UNRESOLVED,ALL5_LEVELS_bet23_to_bet27,395.1503,395.1503,395.1503,0.0000,0.0000,4.000000,4.000000,4.000000,0.000000,0.000000,96.000000,96.000000,96.000000,100.000000,100.000000,5.0,1185.4509,1138.6651,8693.3065,8740.0923,PENDING_AG03,FALSE,NOT_FOR_ENFORCEMENT,9483.6071,484680.3568,9878.7574,9483.6071,395.1503,0.01770420,0.01699603,395.1503,9483.6071,0.01699603,395.1503,395.1503,395.1503,0.0000,0.0000,9483.6071,0.01699603,1185.4509,1138.6651,8693.3065,8740.0923,0.01557970,0.01566354,0.00070817,22.4534,20.6030,0.4031,82.3230,2.6463,4649.9123,204.2083,25.9152,21.1137,12.8578,14.5296,26.176,48.8436,54.2173,102.8621,13.088,0.0,3.731508,7.079487,1.545355,30,207,63,6,0.32204186,0.01770420,-0.00338982,0E-8,0.000000,0.904812,0.002133,0.03111404,2026-03-21,2026-08-06,120,3733,1703,139,0.863309,1.227414,1.154177,1.073473,,,,,,,,GLOBAL_BASELINE_NO_ENTITY_RANKING,,,NOT_APPLICABLE_GLOBAL_BASELINE,HF9g-P5,,,,X 全窗基线 · 不参与实体赏罚,15052270,1506,A168_HF9F_20260827_0900,2026-08-27 09:00:00
2026-05-02,127529701,1306,0,705.9830833899,42.1358517980,42.1358517980,0.5263158,42,42,0.50154395714285714,0.501543957143,0.30540911627290873,0.3054091162711477,0.30540911627290873,-1.4286E-13,ELIGIBLE,R03b_20260811_FULL_v1,L1_ELIGIBILITY,v2026-08-11,2026-03-21..2026-08-06,baccarat_bet02_101_all_pairs_incl_sentinel,round_win = game_pnl > 0 (decisive only),COMPATIBILITY_ONLY_NOT_PRODUCTION,557989.4742,504875.3716,9878.7574,24851,24505,-0.01770420,0.00338982,-0.02772422,-0.01770420,-9878.7574,557989.4742,OK,0.0000,395.1503,4.0000,96.0000,AG03-UNRESOLVED,ALL5_LEVELS_bet23_to_bet27,395.1503,395.1503,395.1503,0.0000,0.0000,4.000000,4.000000,4.000000,0.000000,0.000000,96.000000,96.000000,96.000000,100.000000,100.000000,5.0,1185.4509,1138.6651,8693.3065,8740.0923,PENDING_AG03,FALSE,NOT_FOR_ENFORCEMENT,9483.6071,484680.3568,9878.7574,9483.6071,395.1503,0.01770420,0.01699603,395.1503,9483.6071,0.01699603,395.1503,395.1503,395.1503,0.0000,0.0000,9483.6071,0.01699603,1185.4509,1138.6651,8693.3065,8740.0923,0.01557970,0.01566354,0.00070817,22.4534,20.6030,0.4031,82.3230,2.6463,4649.9123,204.2083,25.9152,21.1137,12.8578,14.5296,26.176,48.8436,54.2173,102.8621,13.088,0.0,3.731508,7.079487,1.545355,30,207,63,6,0.32204186,0.01770420,-0.00338982,0E-8,0.000000,0.904812,0.002133,0.03111404,2026-03-21,2026-08-06,120,3733,1703,139,0.863309,1.227414,1.154177,1.073473,,,,,,,,GLOBAL_BASELINE_NO_ENTITY_RANKING,,,NOT_APPLICABLE_GLOBAL_BASELINE,HF9g-P5,,,,X 全窗基线 · 不参与实体赏罚,15052271,1506,A168_HF9F_20260827_0900,2026-08-27 09:00:00
2026-05-02,127529701,1318,0,111.3071454517,-26.9835504125,-26.9835504125,0.3333333,7,7,0.50090561428571429,0.500905614286,-0.8209345132943034,-0.820934513295704,-0.8209345132943034,-2.8571E-13,ELIGIBLE,R03b_20260811_FULL_v1,L1_ELIGIBILITY,v2026-08-11,2026-03-21..2026-08-06,baccarat_bet02_101_all_pairs_incl_sentinel,round_win = game_pnl > 0 (decisive only),COMPATIBILITY_ONLY_NOT_PRODUCTION,557989.4742,504875.3716,9878.7574,24851,24505,-0.01770420,0.00338982,-0.02772422,-0.01770420,-9878.7574,557989.4742,OK,0.0000,395.1503,4.0000,96.0000,AG03-UNRESOLVED,ALL5_LEVELS_bet23_to_bet27,395.1503,395.1503,395.1503,0.0000,0.0000,4.000000,4.000000,4.000000,0.000000,0.000000,96.000000,96.000000,96.000000,100.000000,100.000000,5.0,1185.4509,1138.6651,8693.3065,8740.0923,PENDING_AG03,FALSE,NOT_FOR_ENFORCEMENT,9483.6071,484680.3568,9878.7574,9483.6071,395.1503,0.01770420,0.01699603,395.1503,9483.6071,0.01699603,395.1503,395.1503,395.1503,0.0000,0.0000,9483.6071,0.01699603,1185.4509,1138.6651,8693.3065,8740.0923,0.01557970,0.01566354,0.00070817,22.4534,20.6030,0.4031,82.3230,2.6463,4649.9123,204.2083,25.9152,21.1137,12.8578,14.5296,26.176,48.8436,54.2173,102.8621,13.088,0.0,3.731508,7.079487,1.545355,30,207,63,6,0.32204186,0.01770420,-0.00338982,0E-8,0.000000,0.904812,0.002133,0.03111404,2026-03-21,2026-08-06,120,3733,1703,139,0.863309,1.227414,1.154177,1.073473,,,,,,,,GLOBAL_BASELINE_NO_ENTITY_RANKING,,,NOT_APPLICABLE_GLOBAL_BASELINE,HF9g-P5,,,,X 全窗基线 · 不参与实体赏罚,15052272,1506,A168_HF9F_20260827_0900,2026-08-27 09:00:00
2026-05-02,127529701,1325,0,69.2750765400,-1.5178247107,-1.5178247107,0.6666667,4,4,0.49994810000000000,0.499948100000,0.5775300591747329,0.5775300591747329,0.5775300591747329,0E-17,ELIGIBLE,R03b_20260811_FULL_v1,L1_ELIGIBILITY,v2026-08-11,2026-03-21..2026-08-06,baccarat_bet02_101_all_pairs_incl_sentinel,round_win = game_pnl > 0 (decisive only),COMPATIBILITY_ONLY_NOT_PRODUCTION,557989.4742,504875.3716,9878.7574,24851,24505,-0.01770420,0.00338982,-0.02772422,-0.01770420,-9878.7574,557989.4742,OK,0.0000,395.1503,4.0000,96.0000,AG03-UNRESOLVED,ALL5_LEVELS_bet23_to_bet27,395.1503,395.1503,395.1503,0.0000,0.0000,4.000000,4.000000,4.000000,0.000000,0.000000,96.000000,96.000000,96.000000,100.000000,100.000000,5.0,1185.4509,1138.6651,8693.3065,8740.0923,PENDING_AG03,FALSE,NOT_FOR_ENFORCEMENT,9483.6071,484680.3568,9878.7574,9483.6071,395.1503,0.01770420,0.01699603,395.1503,9483.6071,0.01699603,395.1503,395.1503,395.1503,0.0000,0.0000,9483.6071,0.01699603,1185.4509,1138.6651,8693.3065,8740.0923,0.01557970,0.01566354,0.00070817,22.4534,20.6030,0.4031,82.3230,2.6463,4649.9123,204.2083,25.9152,21.1137,12.8578,14.5296,26.176,48.8436,54.2173,102.8621,13.088,0.0,3.731508,7.079487,1.545355,30,207,63,6,0.32204186,0.01770420,-0.00338982,0E-8,0.000000,0.904812,0.002133,0.03111404,2026-03-21,2026-08-06,120,3733,1703,139,0.863309,1.227414,1.154177,1.073473,,,,,,,,GLOBAL_BASELINE_NO_ENTITY_RANKING,,,NOT_APPLICABLE_GLOBAL_BASELINE,HF9g-P5,,,,X 全窗基线 · 不参与实体赏罚,15052273,1506,A168_HF9F_20260827_0900,2026-08-27 09:00:00
2026-05-02,127529701,1382,0,75.2425924966,-49.9455139848,-49.9455139848,0.1666667,6,6,0.49994810000000000,0.499948100000,-1.6327389136160748,-1.6327389136160748,-1.6327389136160748,0E-17,ELIGIBLE,R03b_20260811_FULL_v1,L1_ELIGIBILITY,v2026-08-11,2026-03-21..2026-08-06,baccarat_bet02_101_all_pairs_incl_sentinel,round_win = game_pnl > 0 (decisive only),COMPATIBILITY_ONLY_NOT_PRODUCTION,557989.4742,504875.3716,9878.7574,24851,24505,-0.01770420,0.00338982,-0.02772422,-0.01770420,-9878.7574,557989.4742,OK,0.0000,395.1503,4.0000,96.0000,AG03-UNRESOLVED,ALL5_LEVELS_bet23_to_bet27,395.1503,395.1503,395.1503,0.0000,0.0000,4.000000,4.000000,4.000000,0.000000,0.000000,96.000000,96.000000,96.000000,100.000000,100.000000,5.0,1185.4509,1138.6651,8693.3065,8740.0923,PENDING_AG03,FALSE,NOT_FOR_ENFORCEMENT,9483.6071,484680.3568,9878.7574,9483.6071,395.1503,0.01770420,0.01699603,395.1503,9483.6071,0.01699603,395.1503,395.1503,395.1503,0.0000,0.0000,9483.6071,0.01699603,1185.4509,1138.6651,8693.3065,8740.0923,0.01557970,0.01566354,0.00070817,22.4534,20.6030,0.4031,82.3230,2.6463,4649.9123,204.2083,25.9152,21.1137,12.8578,14.5296,26.176,48.8436,54.2173,102.8621,13.088,0.0,3.731508,7.079487,1.545355,30,207,63,6,0.32204186,0.01770420,-0.00338982,0E-8,0.000000,0.904812,0.002133,0.03111404,2026-03-21,2026-08-06,120,3733,1703,139,0.863309,1.227414,1.154177,1.073473,,,,,,,,GLOBAL_BASELINE_NO_ENTITY_RANKING,,,NOT_APPLICABLE_GLOBAL_BASELINE,HF9g-P5,,,,X 全窗基线 · 不参与实体赏罚,15052274,1506,A168_HF9F_20260827_0900,2026-08-27 09:00:00
2026-05-02,127529701,1396,0,125.5772923047,-68.1334647918,-68.1334647918,0.2857143,7,7,0.50090561428571429,0.500905614286,-1.138687347156492,-1.138687347158005,-1.138687347156492,-2.8571E-13,ELIGIBLE,R03b_20260811_FULL_v1,L1_ELIGIBILITY,v2026-08-11,2026-03-21..2026-08-06,baccarat_bet02_101_all_pairs_incl_sentinel,round_win = game_pnl > 0 (decisive only),COMPATIBILITY_ONLY_NOT_PRODUCTION,557989.4742,504875.3716,9878.7574,24851,24505,-0.01770420,0.00338982,-0.02772422,-0.01770420,-9878.7574,557989.4742,OK,0.0000,395.1503,4.0000,96.0000,AG03-UNRESOLVED,ALL5_LEVELS_bet23_to_bet27,395.1503,395.1503,395.1503,0.0000,0.0000,4.000000,4.000000,4.000000,0.000000,0.000000,96.000000,96.000000,96.000000,100.000000,100.000000,5.0,1185.4509,1138.6651,8693.3065,8740.0923,PENDING_AG03,FALSE,NOT_FOR_ENFORCEMENT,9483.6071,484680.3568,9878.7574,9483.6071,395.1503,0.01770420,0.01699603,395.1503,9483.6071,0.01699603,395.1503,395.1503,395.1503,0.0000,0.0000,9483.6071,0.01699603,1185.4509,1138.6651,8693.3065,8740.0923,0.01557970,0.01566354,0.00070817,22.4534,20.6030,0.4031,82.3230,2.6463,4649.9123,204.2083,25.9152,21.1137,12.8578,14.5296,26.176,48.8436,54.2173,102.8621,13.088,0.0,3.731508,7.079487,1.545355,30,207,63,6,0.32204186,0.01770420,-0.00338982,0E-8,0.000000,0.904812,0.002133,0.03111404,2026-03-21,2026-08-06,120,3733,1703,139,0.863309,1.227414,1.154177,1.073473,,,,,,,,GLOBAL_BASELINE_NO_ENTITY_RANKING,,,NOT_APPLICABLE_GLOBAL_BASELINE,HF9g-P5,,,,X 全窗基线 · 不参与实体赏罚,15052275,1506,A168_HF9F_20260827_0900,2026-08-27 09:00:00
2026-05-02,127529701,1401,0,550.5682113022,-16.7349904002,-16.7349904002,0.3809524,22,22,0.49933877272727273,0.499338772727,-1.0850301519197274,-1.0850301519172287,-1.0850301519197274,2.7273E-13,ELIGIBLE,R03b_20260811_FULL_v1,L1_ELIGIBILITY,v2026-08-11,2026-03-21..2026-08-06,baccarat_bet02_101_all_pairs_incl_sentinel,round_win = game_pnl > 0 (decisive only),COMPATIBILITY_ONLY_NOT_PRODUCTION,557989.4742,504875.3716,9878.7574,24851,24505,-0.01770420,0.00338982,-0.02772422,-0.01770420,-9878.7574,557989.4742,OK,0.0000,395.1503,4.0000,96.0000,AG03-UNRESOLVED,ALL5_LEVELS_bet23_to_bet27,395.1503,395.1503,395.1503,0.0000,0.0000,4.000000,4.000000,4.000000,0.000000,0.000000,96.000000,96.000000,96.000000,100.000000,100.000000,5.0,1185.4509,1138.6651,8693.3065,8740.0923,PENDING_AG03,FALSE,NOT_FOR_ENFORCEMENT,9483.6071,484680.3568,9878.7574,9483.6071,395.1503,0.01770420,0.01699603,395.1503,9483.6071,0.01699603,395.1503,395.1503,395.1503,0.0000,0.0000,9483.6071,0.01699603,1185.4509,1138.6651,8693.3065,8740.0923,0.01557970,0.01566354,0.00070817,22.4534,20.6030,0.4031,82.3230,2.6463,4649.9123,204.2083,25.9152,21.1137,12.8578,14.5296,26.176,48.8436,54.2173,102.8621,13.088,0.0,3.731508,7.079487,1.545355,30,207,63,6,0.32204186,0.01770420,-0.00338982,0E-8,0.000000,0.904812,0.002133,0.03111404,2026-03-21,2026-08-06,120,3733,1703,139,0.863309,1.227414,1.154177,1.073473,,,,,,,,GLOBAL_BASELINE_NO_ENTITY_RANKING,,,NOT_APPLICABLE_GLOBAL_BASELINE,HF9g-P5,,,,X 全窗基线 · 不参与实体赏罚,15052276,1506,A168_HF9F_20260827_0900,2026-08-27 09:00:00
2026-05-02,127529701,1490,0,372.3211042502,96.5180841681,96.5180841681,0.5789474,21,21,0.49899058571428571,0.498990585714,0.6970484918097177,0.6970484918122093,0.6970484918097177,2.8571E-13,ELIGIBLE,R03b_20260811_FULL_v1,L1_ELIGIBILITY,v2026-08-11,2026-03-21..2026-08-06,baccarat_bet02_101_all_pairs_incl_sentinel,round_win = game_pnl > 0 (decisive only),COMPATIBILITY_ONLY_NOT_PRODUCTION,557989.4742,504875.3716,9878.7574,24851,24505,-0.01770420,0.00338982,-0.02772422,-0.01770420,-9878.7574,557989.4742,OK,0.0000,395.1503,4.0000,96.0000,AG03-UNRESOLVED,ALL5_LEVELS_bet23_to_bet27,395.1503,395.1503,395.1503,0.0000,0.0000,4.000000,4.000000,4.000000,0.000000,0.000000,96.000000,96.000000,96.000000,100.000000,100.000000,5.0,1185.4509,1138.6651,8693.3065,8740.0923,PENDING_AG03,FALSE,NOT_FOR_ENFORCEMENT,9483.6071,484680.3568,9878.7574,9483.6071,395.1503,0.01770420,0.01699603,395.1503,9483.6071,0.01699603,395.1503,395.1503,395.1503,0.0000,0.0000,9483.6071,0.01699603,1185.4509,1138.6651,8693.3065,8740.0923,0.01557970,0.01566354,0.00070817,22.4534,20.6030,0.4031,82.3230,2.6463,4649.9123,204.2083,25.9152,21.1137,12.8578,14.5296,26.176,48.8436,54.2173,102.8621,13.088,0.0,3.731508,7.079487,1.545355,30,207,63,6,0.32204186,0.01770420,-0.00338982,0E-8,0.000000,0.904812,0.002133,0.03111404,2026-03-21,2026-08-06,120,3733,1703,139,0.863309,1.227414,1.154177,1.073473,,,,,,,,GLOBAL_BASELINE_NO_ENTITY_RANKING,,,NOT_APPLICABLE_GLOBAL_BASELINE,HF9g-P5,,,,X 全窗基线 · 不参与实体赏罚,15052277,1506,A168_HF9F_20260827_0900,2026-08-27 09:00:00
2026-05-02,127529701,1704,0,28.5402937056,1.8162005085,1.8162005085,0.5000000,2,2,0.49994810000000000,0.499948100000,0.00014679536856514622,0.00014679536856514622,0.00014679536856514622,0E-17,ELIGIBLE,R03b_20260811_FULL_v1,L1_ELIGIBILITY,v2026-08-11,2026-03-21..2026-08-06,baccarat_bet02_101_all_pairs_incl_sentinel,round_win = game_pnl > 0 (decisive only),COMPATIBILITY_ONLY_NOT_PRODUCTION,557989.4742,504875.3716,9878.7574,24851,24505,-0.01770420,0.00338982,-0.02772422,-0.01770420,-9878.7574,557989.4742,OK,0.0000,395.1503,4.0000,96.0000,AG03-UNRESOLVED,ALL5_LEVELS_bet23_to_bet27,395.1503,395.1503,395.1503,0.0000,0.0000,4.000000,4.000000,4.000000,0.000000,0.000000,96.000000,96.000000,96.000000,100.000000,100.000000,5.0,1185.4509,1138.6651,8693.3065,8740.0923,PENDING_AG03,FALSE,NOT_FOR_ENFORCEMENT,9483.6071,484680.3568,9878.7574,9483.6071,395.1503,0.01770420,0.01699603,395.1503,9483.6071,0.01699603,395.1503,395.1503,395.1503,0.0000,0.0000,9483.6071,0.01699603,1185.4509,1138.6651,8693.3065,8740.0923,0.01557970,0.01566354,0.00070817,22.4534,20.6030,0.4031,82.3230,2.6463,4649.9123,204.2083,25.9152,21.1137,12.8578,14.5296,26.176,48.8436,54.2173,102.8621,13.088,0.0,3.731508,7.079487,1.545355,30,207,63,6,0.32204186,0.01770420,-0.00338982,0E-8,0.000000,0.904812,0.002133,0.03111404,2026-03-21,2026-08-06,120,3733,1703,139,0.863309,1.227414,1.154177,1.073473,,,,,,,,GLOBAL_BASELINE_NO_ENTITY_RANKING,,,NOT_APPLICABLE_GLOBAL_BASELINE,HF9g-P5,,,,X 全窗基线 · 不参与实体赏罚,15052278,1506,A168_HF9F_20260827_0900,2026-08-27 09:00:00
2026-05-02,127529701,1985,0,132.3231799076,-132.3231799076,-132.3231799076,0E-7,4,4,0.49994810000000000,0.499948100000,-1.9997924107733216,-1.9997924107733216,-1.9997924107733216,0E-17,ELIGIBLE,R03b_20260811_FULL_v1,L1_ELIGIBILITY,v2026-08-11,2026-03-21..2026-08-06,baccarat_bet02_101_all_pairs_incl_sentinel,round_win = game_pnl > 0 (decisive only),COMPATIBILITY_ONLY_NOT_PRODUCTION,557989.4742,504875.3716,9878.7574,24851,24505,-0.01770420,0.00338982,-0.02772422,-0.01770420,-9878.7574,557989.4742,OK,0.0000,395.1503,4.0000,96.0000,AG03-UNRESOLVED,ALL5_LEVELS_bet23_to_bet27,395.1503,395.1503,395.1503,0.0000,0.0000,4.000000,4.000000,4.000000,0.000000,0.000000,96.000000,96.000000,96.000000,100.000000,100.000000,5.0,1185.4509,1138.6651,8693.3065,8740.0923,PENDING_AG03,FALSE,NOT_FOR_ENFORCEMENT,9483.6071,484680.3568,9878.7574,9483.6071,395.1503,0.01770420,0.01699603,395.1503,9483.6071,0.01699603,395.1503,395.1503,395.1503,0.0000,0.0000,9483.6071,0.01699603,1185.4509,1138.6651,8693.3065,8740.0923,0.01557970,0.01566354,0.00070817,22.4534,20.6030,0.4031,82.3230,2.6463,4649.9123,204.2083,25.9152,21.1137,12.8578,14.5296,26.176,48.8436,54.2173,102.8621,13.088,0.0,3.731508,7.079487,1.545355,30,207,63,6,0.32204186,0.01770420,-0.00338982,0E-8,0.000000,0.904812,0.002133,0.03111404,2026-03-21,2026-08-06,120,3733,1703,139,0.863309,1.227414,1.154177,1.073473,,,,,,,,GLOBAL_BASELINE_NO_ENTITY_RANKING,,,NOT_APPLICABLE_GLOBAL_BASELINE,HF9g-P5,,,,X 全窗基线 · 不参与实体赏罚,15052279,1506,A168_HF9F_20260827_0900,2026-08-27 09:00:00
2026-05-02,127529701,2088,0,85.6208811167,64.8643038763,64.8643038763,0.6000000,5,5,0.49592654000000000,0.495926540000,0.46544610904919037,0.46544610904919037,0.46544610904919037,0E-17,ELIGIBLE,R03b_20260811_FULL_v1,L1_ELIGIBILITY,v2026-08-11,2026-03-21..2026-08-06,baccarat_bet02_101_all_pairs_incl_sentinel,round_win = game_pnl > 0 (decisive only),COMPATIBILITY_ONLY_NOT_PRODUCTION,557989.4742,504875.3716,9878.7574,24851,24505,-0.01770420,0.00338982,-0.02772422,-0.01770420,-9878.7574,557989.4742,OK,0.0000,395.1503,4.0000,96.0000,AG03-UNRESOLVED,ALL5_LEVELS_bet23_to_bet27,395.1503,395.1503,395.1503,0.0000,0.0000,4.000000,4.000000,4.000000,0.000000,0.000000,96.000000,96.000000,96.000000,100.000000,100.000000,5.0,1185.4509,1138.6651,8693.3065,8740.0923,PENDING_AG03,FALSE,NOT_FOR_ENFORCEMENT,9483.6071,484680.3568,9878.7574,9483.6071,395.1503,0.01770420,0.01699603,395.1503,9483.6071,0.01699603,395.1503,395.1503,395.1503,0.0000,0.0000,9483.6071,0.01699603,1185.4509,1138.6651,8693.3065,8740.0923,0.01557970,0.01566354,0.00070817,22.4534,20.6030,0.4031,82.3230,2.6463,4649.9123,204.2083,25.9152,21.1137,12.8578,14.5296,26.176,48.8436,54.2173,102.8621,13.088,0.0,3.731508,7.079487,1.545355,30,207,63,6,0.32204186,0.01770420,-0.00338982,0E-8,0.000000,0.904812,0.002133,0.03111404,2026-03-21,2026-08-06,120,3733,1703,139,0.863309,1.227414,1.154177,1.073473,,,,,,,,GLOBAL_BASELINE_NO_ENTITY_RANKING,,,NOT_APPLICABLE_GLOBAL_BASELINE,HF9g-P5,,,,X 全窗基线 · 不参与实体赏罚,15052280,1506,A168_HF9F_20260827_0900,2026-08-27 09:00:00
2026-05-02,127529701,2093,0,372.8400186812,82.8187431893,82.8187431893,0.6111111,19,19,0.49888979473684211,0.498889794737,0.9522317929835105,0.9522317929821701,0.9522317929835105,-1.5789E-13,ELIGIBLE,R03b_20260811_FULL_v1,L1_ELIGIBILITY,v2026-08-11,2026-03-21..2026-08-06,baccarat_bet02_101_all_pairs_incl_sentinel,round_win = game_pnl > 0 (decisive only),COMPATIBILITY_ONLY_NOT_PRODUCTION,557989.4742,504875.3716,9878.7574,24851,24505,-0.01770420,0.00338982,-0.02772422,-0.01770420,-9878.7574,557989.4742,OK,0.0000,395.1503,4.0000,96.0000,AG03-UNRESOLVED,ALL5_LEVELS_bet23_to_bet27,395.1503,395.1503,395.1503,0.0000,0.0000,4.000000,4.000000,4.000000,0.000000,0.000000,96.000000,96.000000,96.000000,100.000000,100.000000,5.0,1185.4509,1138.6651,8693.3065,8740.0923,PENDING_AG03,FALSE,NOT_FOR_ENFORCEMENT,9483.6071,484680.3568,9878.7574,9483.6071,395.1503,0.01770420,0.01699603,395.1503,9483.6071,0.01699603,395.1503,395.1503,395.1503,0.0000,0.0000,9483.6071,0.01699603,1185.4509,1138.6651,8693.3065,8740.0923,0.01557970,0.01566354,0.00070817,22.4534,20.6030,0.4031,82.3230,2.6463,4649.9123,204.2083,25.9152,21.1137,12.8578,14.5296,26.176,48.8436,54.2173,102.8621,13.088,0.0,3.731508,7.079487,1.545355,30,207,63,6,0.32204186,0.01770420,-0.00338982,0E-8,0.000000,0.904812,0.002133,0.03111404,2026-03-21,2026-08-06,120,3733,1703,139,0.863309,1.227414,1.154177,1.073473,,,,,,,,GLOBAL_BASELINE_NO_ENTITY_RANKING,,,NOT_APPLICABLE_GLOBAL_BASELINE,HF9g-P5,,,,X 全窗基线 · 不参与实体赏罚,15052281,1506,A168_HF9F_20260827_0900,2026-08-27 09:00:00
2026-05-02,127529701,2103,0,83.0263089617,24.6484354731,24.6484354731,0.7500000,5,5,0.49860758000000000,0.498607580000,1.005573579286957,1.005573579286957,1.005573579286957,0E-17,ELIGIBLE,R03b_20260811_FULL_v1,L1_ELIGIBILITY,v2026-08-11,2026-03-21..2026-08-06,baccarat_bet02_101_all_pairs_incl_sentinel,round_win = game_pnl > 0 (decisive only),COMPATIBILITY_ONLY_NOT_PRODUCTION,557989.4742,504875.3716,9878.7574,24851,24505,-0.01770420,0.00338982,-0.02772422,-0.01770420,-9878.7574,557989.4742,OK,0.0000,395.1503,4.0000,96.0000,AG03-UNRESOLVED,ALL5_LEVELS_bet23_to_bet27,395.1503,395.1503,395.1503,0.0000,0.0000,4.000000,4.000000,4.000000,0.000000,0.000000,96.000000,96.000000,96.000000,100.000000,100.000000,5.0,1185.4509,1138.6651,8693.3065,8740.0923,PENDING_AG03,FALSE,NOT_FOR_ENFORCEMENT,9483.6071,484680.3568,9878.7574,9483.6071,395.1503,0.01770420,0.01699603,395.1503,9483.6071,0.01699603,395.1503,395.1503,395.1503,0.0000,0.0000,9483.6071,0.01699603,1185.4509,1138.6651,8693.3065,8740.0923,0.01557970,0.01566354,0.00070817,22.4534,20.6030,0.4031,82.3230,2.6463,4649.9123,204.2083,25.9152,21.1137,12.8578,14.5296,26.176,48.8436,54.2173,102.8621,13.088,0.0,3.731508,7.079487,1.545355,30,207,63,6,0.32204186,0.01770420,-0.00338982,0E-8,0.000000,0.904812,0.002133,0.03111404,2026-03-21,2026-08-06,120,3733,1703,139,0.863309,1.227414,1.154177,1.073473,,,,,,,,GLOBAL_BASELINE_NO_ENTITY_RANKING,,,NOT_APPLICABLE_GLOBAL_BASELINE,HF9g-P5,,,,X 全窗基线 · 不参与实体赏罚,15052282,1506,A168_HF9F_20260827_0900,2026-08-27 09:00:00
2026-05-02,127529701,2142,0,385.8128794565,-58.5076020964,-58.5076020964,0.4000000,22,22,0.49872944545454545,0.498729445455,-0.8830658567555483,-0.8830658567596117,-0.8830658567555483,-4.5455E-13,ELIGIBLE,R03b_20260811_FULL_v1,L1_ELIGIBILITY,v2026-08-11,2026-03-21..2026-08-06,baccarat_bet02_101_all_pairs_incl_sentinel,round_win = game_pnl > 0 (decisive only),COMPATIBILITY_ONLY_NOT_PRODUCTION,557989.4742,504875.3716,9878.7574,24851,24505,-0.01770420,0.00338982,-0.02772422,-0.01770420,-9878.7574,557989.4742,OK,0.0000,395.1503,4.0000,96.0000,AG03-UNRESOLVED,ALL5_LEVELS_bet23_to_bet27,395.1503,395.1503,395.1503,0.0000,0.0000,4.000000,4.000000,4.000000,0.000000,0.000000,96.000000,96.000000,96.000000,100.000000,100.000000,5.0,1185.4509,1138.6651,8693.3065,8740.0923,PENDING_AG03,FALSE,NOT_FOR_ENFORCEMENT,9483.6071,484680.3568,9878.7574,9483.6071,395.1503,0.01770420,0.01699603,395.1503,9483.6071,0.01699603,395.1503,395.1503,395.1503,0.0000,0.0000,9483.6071,0.01699603,1185.4509,1138.6651,8693.3065,8740.0923,0.01557970,0.01566354,0.00070817,22.4534,20.6030,0.4031,82.3230,2.6463,4649.9123,204.2083,25.9152,21.1137,12.8578,14.5296,26.176,48.8436,54.2173,102.8621,13.088,0.0,3.731508,7.079487,1.545355,30,207,63,6,0.32204186,0.01770420,-0.00338982,0E-8,0.000000,0.904812,0.002133,0.03111404,2026-03-21,2026-08-06,120,3733,1703,139,0.863309,1.227414,1.154177,1.073473,,,,,,,,GLOBAL_BASELINE_NO_ENTITY_RANKING,,,NOT_APPLICABLE_GLOBAL_BASELINE,HF9g-P5,,,,X 全窗基线 · 不参与实体赏罚,15052283,1506,A168_HF9F_20260827_0900,2026-08-27 09:00:00
2026-05-02,127529701,2155,0,64.8643038763,-33.7294380157,-33.7294380157,0E-7,4,4,0.49324550000000000,0.493245500000,-1.708808463184432,-1.7088084631844318,-1.708808463184432,0E-17,ELIGIBLE,R03b_20260811_FULL_v1,L1_ELIGIBILITY,v2026-08-11,2026-03-21..2026-08-06,baccarat_bet02_101_all_pairs_incl_sentinel,round_win = game_pnl > 0 (decisive only),COMPATIBILITY_ONLY_NOT_PRODUCTION,557989.4742,504875.3716,9878.7574,24851,24505,-0.01770420,0.00338982,-0.02772422,-0.01770420,-9878.7574,557989.4742,OK,0.0000,395.1503,4.0000,96.0000,AG03-UNRESOLVED,ALL5_LEVELS_bet23_to_bet27,395.1503,395.1503,395.1503,0.0000,0.0000,4.000000,4.000000,4.000000,0.000000,0.000000,96.000000,96.000000,96.000000,100.000000,100.000000,5.0,1185.4509,1138.6651,8693.3065,8740.0923,PENDING_AG03,FALSE,NOT_FOR_ENFORCEMENT,9483.6071,484680.3568,9878.7574,9483.6071,395.1503,0.01770420,0.01699603,395.1503,9483.6071,0.01699603,395.1503,395.1503,395.1503,0.0000,0.0000,9483.6071,0.01699603,1185.4509,1138.6651,8693.3065,8740.0923,0.01557970,0.01566354,0.00070817,22.4534,20.6030,0.4031,82.3230,2.6463,4649.9123,204.2083,25.9152,21.1137,12.8578,14.5296,26.176,48.8436,54.2173,102.8621,13.088,0.0,3.731508,7.079487,1.545355,30,207,63,6,0.32204186,0.01770420,-0.00338982,0E-8,0.000000,0.904812,0.002133,0.03111404,2026-03-21,2026-08-06,120,3733,1703,139,0.863309,1.227414,1.154177,1.073473,,,,,,,,GLOBAL_BASELINE_NO_ENTITY_RANKING,,,NOT_APPLICABLE_GLOBAL_BASELINE,HF9g-P5,,,,X 全窗基线 · 不参与实体赏罚,15052284,1506,A168_HF9F_20260827_0900,2026-08-27 09:00:00
2026-05-02,127529701,2171,0,515.8009444243,-1.2583674952,-1.2583674952,0.5833333,28,28,0.49994810000000000,0.499948100000,0.817005099399714,0.817005099399714,0.817005099399714,0E-17,ELIGIBLE,R03b_20260811_FULL_v1,L1_ELIGIBILITY,v2026-08-11,2026-03-21..2026-08-06,baccarat_bet02_101_all_pairs_incl_sentinel,round_win = game_pnl > 0 (decisive only),COMPATIBILITY_ONLY_NOT_PRODUCTION,557989.4742,504875.3716,9878.7574,24851,24505,-0.01770420,0.00338982,-0.02772422,-0.01770420,-9878.7574,557989.4742,OK,0.0000,395.1503,4.0000,96.0000,AG03-UNRESOLVED,ALL5_LEVELS_bet23_to_bet27,395.1503,395.1503,395.1503,0.0000,0.0000,4.000000,4.000000,4.000000,0.000000,0.000000,96.000000,96.000000,96.000000,100.000000,100.000000,5.0,1185.4509,1138.6651,8693.3065,8740.0923,PENDING_AG03,FALSE,NOT_FOR_ENFORCEMENT,9483.6071,484680.3568,9878.7574,9483.6071,395.1503,0.01770420,0.01699603,395.1503,9483.6071,0.01699603,395.1503,395.1503,395.1503,0.0000,0.0000,9483.6071,0.01699603,1185.4509,1138.6651,8693.3065,8740.0923,0.01557970,0.01566354,0.00070817,22.4534,20.6030,0.4031,82.3230,2.6463,4649.9123,204.2083,25.9152,21.1137,12.8578,14.5296,26.176,48.8436,54.2173,102.8621,13.088,0.0,3.731508,7.079487,1.545355,30,207,63,6,0.32204186,0.01770420,-0.00338982,0E-8,0.000000,0.904812,0.002133,0.03111404,2026-03-21,2026-08-06,120,3733,1703,139,0.863309,1.227414,1.154177,1.073473,,,,,,,,GLOBAL_BASELINE_NO_ENTITY_RANKING,,,NOT_APPLICABLE_GLOBAL_BASELINE,HF9g-P5,,,,X 全窗基线 · 不参与实体赏罚,15052285,1506,A168_HF9F_20260827_0900,2026-08-27 09:00:00
2026-05-02,127529701,2241,0,117.5341186240,-13.2323179908,-13.2323179908,0.5000000,6,6,0.49994810000000000,0.499948100000,0.00025425703667063243,0.00025425703667063243,0.00025425703667063243,0E-17,ELIGIBLE,R03b_20260811_FULL_v1,L1_ELIGIBILITY,v2026-08-11,2026-03-21..2026-08-06,baccarat_bet02_101_all_pairs_incl_sentinel,round_win = game_pnl > 0 (decisive only),COMPATIBILITY_ONLY_NOT_PRODUCTION,557989.4742,504875.3716,9878.7574,24851,24505,-0.01770420,0.00338982,-0.02772422,-0.01770420,-9878.7574,557989.4742,OK,0.0000,395.1503,4.0000,96.0000,AG03-UNRESOLVED,ALL5_LEVELS_bet23_to_bet27,395.1503,395.1503,395.1503,0.0000,0.0000,4.000000,4.000000,4.000000,0.000000,0.000000,96.000000,96.000000,96.000000,100.000000,100.000000,5.0,1185.4509,1138.6651,8693.3065,8740.0923,PENDING_AG03,FALSE,NOT_FOR_ENFORCEMENT,9483.6071,484680.3568,9878.7574,9483.6071,395.1503,0.01770420,0.01699603,395.1503,9483.6071,0.01699603,395.1503,395.1503,395.1503,0.0000,0.0000,9483.6071,0.01699603,1185.4509,1138.6651,8693.3065,8740.0923,0.01557970,0.01566354,0.00070817,22.4534,20.6030,0.4031,82.3230,2.6463,4649.9123,204.2083,25.9152,21.1137,12.8578,14.5296,26.176,48.8436,54.2173,102.8621,13.088,0.0,3.731508,7.079487,1.545355,30,207,63,6,0.32204186,0.01770420,-0.00338982,0E-8,0.000000,0.904812,0.002133,0.03111404,2026-03-21,2026-08-06,120,3733,1703,139,0.863309,1.227414,1.154177,1.073473,,,,,,,,GLOBAL_BASELINE_NO_ENTITY_RANKING,,,NOT_APPLICABLE_GLOBAL_BASELINE,HF9g-P5,,,,X 全窗基线 · 不参与实体赏罚,15052286,1506,A168_HF9F_20260827_0900,2026-08-27 09:00:00
2026-05-02,127529701,2248,0,105.0801722796,-28.5402937056,-28.5402937056,0.3333333,4,4,0.50329940000000000,0.503299400000,-0.5887925454369916,-0.5887925454369916,-0.5887925454369916,0E-17,ELIGIBLE,R03b_20260811_FULL_v1,L1_ELIGIBILITY,v2026-08-11,2026-03-21..2026-08-06,baccarat_bet02_101_all_pairs_incl_sentinel,round_win = game_pnl > 0 (decisive only),COMPATIBILITY_ONLY_NOT_PRODUCTION,557989.4742,504875.3716,9878.7574,24851,24505,-0.01770420,0.00338982,-0.02772422,-0.01770420,-9878.7574,557989.4742,OK,0.0000,395.1503,4.0000,96.0000,AG03-UNRESOLVED,ALL5_LEVELS_bet23_to_bet27,395.1503,395.1503,395.1503,0.0000,0.0000,4.000000,4.000000,4.000000,0.000000,0.000000,96.000000,96.000000,96.000000,100.000000,100.000000,5.0,1185.4509,1138.6651,8693.3065,8740.0923,PENDING_AG03,FALSE,NOT_FOR_ENFORCEMENT,9483.6071,484680.3568,9878.7574,9483.6071,395.1503,0.01770420,0.01699603,395.1503,9483.6071,0.01699603,395.1503,395.1503,395.1503,0.0000,0.0000,9483.6071,0.01699603,1185.4509,1138.6651,8693.3065,8740.0923,0.01557970,0.01566354,0.00070817,22.4534,20.6030,0.4031,82.3230,2.6463,4649.9123,204.2083,25.9152,21.1137,12.8578,14.5296,26.176,48.8436,54.2173,102.8621,13.088,0.0,3.731508,7.079487,1.545355,30,207,63,6,0.32204186,0.01770420,-0.00338982,0E-8,0.000000,0.904812,0.002133,0.03111404,2026-03-21,2026-08-06,120,3733,1703,139,0.863309,1.227414,1.154177,1.073473,,,,,,,,GLOBAL_BASELINE_NO_ENTITY_RANKING,,,NOT_APPLICABLE_GLOBAL_BASELINE,HF9g-P5,,,,X 全窗基线 · 不参与实体赏罚,15052287,1506,A168_HF9F_20260827_0900,2026-08-27 09:00:00
2026-05-02,127529701,2251,0,292.6677390898,-47.2212132220,-47.2212132220,0.3636364,13,13,0.49943251538461538,0.499432515385,-0.9007703468124006,-0.9007703468149512,-0.9007703468124006,-3.8462E-13,ELIGIBLE,R03b_20260811_FULL_v1,L1_ELIGIBILITY,v2026-08-11,2026-03-21..2026-08-06,baccarat_bet02_101_all_pairs_incl_sentinel,round_win = game_pnl > 0 (decisive only),COMPATIBILITY_ONLY_NOT_PRODUCTION,557989.4742,504875.3716,9878.7574,24851,24505,-0.01770420,0.00338982,-0.02772422,-0.01770420,-9878.7574,557989.4742,OK,0.0000,395.1503,4.0000,96.0000,AG03-UNRESOLVED,ALL5_LEVELS_bet23_to_bet27,395.1503,395.1503,395.1503,0.0000,0.0000,4.000000,4.000000,4.000000,0.000000,0.000000,96.000000,96.000000,96.000000,100.000000,100.000000,5.0,1185.4509,1138.6651,8693.3065,8740.0923,PENDING_AG03,FALSE,NOT_FOR_ENFORCEMENT,9483.6071,484680.3568,9878.7574,9483.6071,395.1503,0.01770420,0.01699603,395.1503,9483.6071,0.01699603,395.1503,395.1503,395.1503,0.0000,0.0000,9483.6071,0.01699603,1185.4509,1138.6651,8693.3065,8740.0923,0.01557970,0.01566354,0.00070817,22.4534,20.6030,0.4031,82.3230,2.6463,4649.9123,204.2083,25.9152,21.1137,12.8578,14.5296,26.176,48.8436,54.2173,102.8621,13.088,0.0,3.731508,7.079487,1.545355,30,207,63,6,0.32204186,0.01770420,-0.00338982,0E-8,0.000000,0.904812,0.002133,0.03111404,2026-03-21,2026-08-06,120,3733,1703,139,0.863309,1.227414,1.154177,1.073473,,,,,,,,GLOBAL_BASELINE_NO_ENTITY_RANKING,,,NOT_APPLICABLE_GLOBAL_BASELINE,HF9g-P5,,,,X 全窗基线 · 不参与实体赏罚,15052288,1506,A168_HF9F_20260827_0900,2026-08-27 09:00:00
2026-05-02,127529701,526,0,269.0571324791,59.0913808313,59.0913808313,0.6153846,14,14,0.49707555714285714,0.497075557143,0.8531533447691955,0.8531533447681638,0.8531533447691955,-1.4286E-13,ELIGIBLE,R03b_20260811_FULL_v1,L1_ELIGIBILITY,v2026-08-11,2026-03-21..2026-08-06,baccarat_bet02_101_all_pairs_incl_sentinel,round_win = game_pnl > 0 (decisive only),COMPATIBILITY_ONLY_NOT_PRODUCTION,557989.4742,504875.3716,9878.7574,24851,24505,-0.01770420,0.00338982,-0.02772422,-0.01770420,-9878.7574,557989.4742,OK,0.0000,395.1503,4.0000,96.0000,AG03-UNRESOLVED,ALL5_LEVELS_bet23_to_bet27,395.1503,395.1503,395.1503,0.0000,0.0000,4.000000,4.000000,4.000000,0.000000,0.000000,96.000000,96.000000,96.000000,100.000000,100.000000,5.0,1185.4509,1138.6651,8693.3065,8740.0923,PENDING_AG03,FALSE,NOT_FOR_ENFORCEMENT,9483.6071,484680.3568,9878.7574,9483.6071,395.1503,0.01770420,0.01699603,395.1503,9483.6071,0.01699603,395.1503,395.1503,395.1503,0.0000,0.0000,9483.6071,0.01699603,1185.4509,1138.6651,8693.3065,8740.0923,0.01557970,0.01566354,0.00070817,22.4534,20.6030,0.4031,82.3230,2.6463,4649.9123,204.2083,25.9152,21.1137,12.8578,14.5296,26.176,48.8436,54.2173,102.8621,13.088,0.0,3.731508,7.079487,1.545355,30,207,63,6,0.32204186,0.01770420,-0.00338982,0E-8,0.000000,0.904812,0.002133,0.03111404,2026-03-21,2026-08-06,120,3733,1703,139,0.863309,1.227414,1.154177,1.073473,,,,,,,,GLOBAL_BASELINE_NO_ENTITY_RANKING,,,NOT_APPLICABLE_GLOBAL_BASELINE,HF9g-P5,,,,X 全窗基线 · 不参与实体赏罚,15052289,1506,A168_HF9F_20260827_0900,2026-08-27 09:00:00
2026-05-02,127529701,752,0,49.2968709460,-49.2968709460,-49.2968709460,0E-7,2,2,0.49994810000000000,0.499948100000,-1.4140667746232096,-1.4140667746232096,-1.4140667746232096,0E-17,ELIGIBLE,R03b_20260811_FULL_v1,L1_ELIGIBILITY,v2026-08-11,2026-03-21..2026-08-06,baccarat_bet02_101_all_pairs_incl_sentinel,round_win = game_pnl > 0 (decisive only),COMPATIBILITY_ONLY_NOT_PRODUCTION,557989.4742,504875.3716,9878.7574,24851,24505,-0.01770420,0.00338982,-0.02772422,-0.01770420,-9878.7574,557989.4742,OK,0.0000,395.1503,4.0000,96.0000,AG03-UNRESOLVED,ALL5_LEVELS_bet23_to_bet27,395.1503,395.1503,395.1503,0.0000,0.0000,4.000000,4.000000,4.000000,0.000000,0.000000,96.000000,96.000000,96.000000,100.000000,100.000000,5.0,1185.4509,1138.6651,8693.3065,8740.0923,PENDING_AG03,FALSE,NOT_FOR_ENFORCEMENT,9483.6071,484680.3568,9878.7574,9483.6071,395.1503,0.01770420,0.01699603,395.1503,9483.6071,0.01699603,395.1503,395.1503,395.1503,0.0000,0.0000,9483.6071,0.01699603,1185.4509,1138.6651,8693.3065,8740.0923,0.01557970,0.01566354,0.00070817,22.4534,20.6030,0.4031,82.3230,2.6463,4649.9123,204.2083,25.9152,21.1137,12.8578,14.5296,26.176,48.8436,54.2173,102.8621,13.088,0.0,3.731508,7.079487,1.545355,30,207,63,6,0.32204186,0.01770420,-0.00338982,0E-8,0.000000,0.904812,0.002133,0.03111404,2026-03-21,2026-08-06,120,3733,1703,139,0.863309,1.227414,1.154177,1.073473,,,,,,,,GLOBAL_BASELINE_NO_ENTITY_RANKING,,,NOT_APPLICABLE_GLOBAL_BASELINE,HF9g-P5,,,,X 全窗基线 · 不参与实体赏罚,15052290,1506,A168_HF9F_20260827_0900,2026-08-27 09:00:00
2026-05-02,127529701,986,0,205.4901146801,-52.4103575320,-52.4103575320,0.3750000,8,8,0.50329940000000000,0.503299400000,-0.7257868081583192,-0.7257868081583192,-0.7257868081583192,0E-17,ELIGIBLE,R03b_20260811_FULL_v1,L1_ELIGIBILITY,v2026-08-11,2026-03-21..2026-08-06,baccarat_bet02_101_all_pairs_incl_sentinel,round_win = game_pnl > 0 (decisive only),COMPATIBILITY_ONLY_NOT_PRODUCTION,557989.4742,504875.3716,9878.7574,24851,24505,-0.01770420,0.00338982,-0.02772422,-0.01770420,-9878.7574,557989.4742,OK,0.0000,395.1503,4.0000,96.0000,AG03-UNRESOLVED,ALL5_LEVELS_bet23_to_bet27,395.1503,395.1503,395.1503,0.0000,0.0000,4.000000,4.000000,4.000000,0.000000,0.000000,96.000000,96.000000,96.000000,100.000000,100.000000,5.0,1185.4509,1138.6651,8693.3065,8740.0923,PENDING_AG03,FALSE,NOT_FOR_ENFORCEMENT,9483.6071,484680.3568,9878.7574,9483.6071,395.1503,0.01770420,0.01699603,395.1503,9483.6071,0.01699603,395.1503,395.1503,395.1503,0.0000,0.0000,9483.6071,0.01699603,1185.4509,1138.6651,8693.3065,8740.0923,0.01557970,0.01566354,0.00070817,22.4534,20.6030,0.4031,82.3230,2.6463,4649.9123,204.2083,25.9152,21.1137,12.8578,14.5296,26.176,48.8436,54.2173,102.8621,13.088,0.0,3.731508,7.079487,1.545355,30,207,63,6,0.32204186,0.01770420,-0.00338982,0E-8,0.000000,0.904812,0.002133,0.03111404,2026-03-21,2026-08-06,120,3733,1703,139,0.863309,1.227414,1.154177,1.073473,,,,,,,,GLOBAL_BASELINE_NO_ENTITY_RANKING,,,NOT_APPLICABLE_GLOBAL_BASELINE,HF9g-P5,,,,X 全窗基线 · 不参与实体赏罚,15052291,1506,A168_HF9F_20260827_0900,2026-08-27 09:00:00
2026-05-03,127529701,-1,1,146.0744123295,-13.7512324217,-13.7512324217,0.3750000,9,9,0.50218230000000000,0.502182300000,-0.7194585869949017,-0.7194585869949017,-0.7194585869949017,0E-17,SENTINEL_DEALER,R03b_20260811_FULL_v1,L1_ELIGIBILITY,v2026-08-11,2026-03-21..2026-08-06,baccarat_bet02_101_all_pairs_incl_sentinel,round_win = game_pnl > 0 (decisive only),COMPATIBILITY_ONLY_NOT_PRODUCTION,557989.4742,504875.3716,9878.7574,24851,24505,-0.01770420,0.00338982,-0.02772422,-0.01770420,-9878.7574,557989.4742,OK,0.0000,395.1503,4.0000,96.0000,AG03-UNRESOLVED,ALL5_LEVELS_bet23_to_bet27,395.1503,395.1503,395.1503,0.0000,0.0000,4.000000,4.000000,4.000000,0.000000,0.000000,96.000000,96.000000,96.000000,100.000000,100.000000,5.0,1185.4509,1138.6651,8693.3065,8740.0923,PENDING_AG03,FALSE,NOT_FOR_ENFORCEMENT,9483.6071,484680.3568,9878.7574,9483.6071,395.1503,0.01770420,0.01699603,395.1503,9483.6071,0.01699603,395.1503,395.1503,395.1503,0.0000,0.0000,9483.6071,0.01699603,1185.4509,1138.6651,8693.3065,8740.0923,0.01557970,0.01566354,0.00070817,22.4534,20.6030,0.4031,82.3230,2.6463,4649.9123,204.2083,25.9152,21.1137,12.8578,14.5296,26.176,48.8436,54.2173,102.8621,13.088,0.0,3.731508,7.079487,1.545355,30,207,63,6,0.32204186,0.01770420,-0.00338982,0E-8,0.000000,0.904812,0.002133,0.03111404,2026-03-21,2026-08-06,120,3733,1703,139,0.863309,1.227414,1.154177,1.073473,,,,,,,,GLOBAL_BASELINE_NO_ENTITY_RANKING,,,NOT_APPLICABLE_GLOBAL_BASELINE,HF9g-P5,,,,X 全窗基线 · 不参与实体赏罚,15052292,1506,A168_HF9F_20260827_0900,2026-08-27 09:00:00
2026-05-03,127529701,1017,0,201.0793420168,-1.6216075970,-1.6216075970,0.5000000,13,13,0.50046368461538462,0.500463684615,-0.0032125026315352,-0.0032125026288704708,-0.0032125026315352,3.8462E-13,ELIGIBLE,R03b_20260811_FULL_v1,L1_ELIGIBILITY,v2026-08-11,2026-03-21..2026-08-06,baccarat_bet02_101_all_pairs_incl_sentinel,round_win = game_pnl > 0 (decisive only),COMPATIBILITY_ONLY_NOT_PRODUCTION,557989.4742,504875.3716,9878.7574,24851,24505,-0.01770420,0.00338982,-0.02772422,-0.01770420,-9878.7574,557989.4742,OK,0.0000,395.1503,4.0000,96.0000,AG03-UNRESOLVED,ALL5_LEVELS_bet23_to_bet27,395.1503,395.1503,395.1503,0.0000,0.0000,4.000000,4.000000,4.000000,0.000000,0.000000,96.000000,96.000000,96.000000,100.000000,100.000000,5.0,1185.4509,1138.6651,8693.3065,8740.0923,PENDING_AG03,FALSE,NOT_FOR_ENFORCEMENT,9483.6071,484680.3568,9878.7574,9483.6071,395.1503,0.01770420,0.01699603,395.1503,9483.6071,0.01699603,395.1503,395.1503,395.1503,0.0000,0.0000,9483.6071,0.01699603,1185.4509,1138.6651,8693.3065,8740.0923,0.01557970,0.01566354,0.00070817,22.4534,20.6030,0.4031,82.3230,2.6463,4649.9123,204.2083,25.9152,21.1137,12.8578,14.5296,26.176,48.8436,54.2173,102.8621,13.088,0.0,3.731508,7.079487,1.545355,30,207,63,6,0.32204186,0.01770420,-0.00338982,0E-8,0.000000,0.904812,0.002133,0.03111404,2026-03-21,2026-08-06,120,3733,1703,139,0.863309,1.227414,1.154177,1.073473,,,,,,,,GLOBAL_BASELINE_NO_ENTITY_RANKING,,,NOT_APPLICABLE_GLOBAL_BASELINE,HF9g-P5,,,,X 全窗基线 · 不参与实体赏罚,15052293,1506,A168_HF9F_20260827_0900,2026-08-27 09:00:00
2026-05-03,127529701,1210,0,217.9440610244,113.5773960873,113.5773960873,0.8000000,11,11,0.49933877272727273,0.499338772727,1.9015502273647424,1.901550227366469,1.9015502273647424,2.7273E-13,ELIGIBLE,R03b_20260811_FULL_v1,L1_ELIGIBILITY,v2026-08-11,2026-03-21..2026-08-06,baccarat_bet02_101_all_pairs_incl_sentinel,round_win = game_pnl > 0 (decisive only),COMPATIBILITY_ONLY_NOT_PRODUCTION,557989.4742,504875.3716,9878.7574,24851,24505,-0.01770420,0.00338982,-0.02772422,-0.01770420,-9878.7574,557989.4742,OK,0.0000,395.1503,4.0000,96.0000,AG03-UNRESOLVED,ALL5_LEVELS_bet23_to_bet27,395.1503,395.1503,395.1503,0.0000,0.0000,4.000000,4.000000,4.000000,0.000000,0.000000,96.000000,96.000000,96.000000,100.000000,100.000000,5.0,1185.4509,1138.6651,8693.3065,8740.0923,PENDING_AG03,FALSE,NOT_FOR_ENFORCEMENT,9483.6071,484680.3568,9878.7574,9483.6071,395.1503,0.01770420,0.01699603,395.1503,9483.6071,0.01699603,395.1503,395.1503,395.1503,0.0000,0.0000,9483.6071,0.01699603,1185.4509,1138.6651,8693.3065,8740.0923,0.01557970,0.01566354,0.00070817,22.4534,20.6030,0.4031,82.3230,2.6463,4649.9123,204.2083,25.9152,21.1137,12.8578,14.5296,26.176,48.8436,54.2173,102.8621,13.088,0.0,3.731508,7.079487,1.545355,30,207,63,6,0.32204186,0.01770420,-0.00338982,0E-8,0.000000,0.904812,0.002133,0.03111404,2026-03-21,2026-08-06,120,3733,1703,139,0.863309,1.227414,1.154177,1.073473,,,,,,,,GLOBAL_BASELINE_NO_ENTITY_RANKING,,,NOT_APPLICABLE_GLOBAL_BASELINE,HF9g-P5,,,,X 全窗基线 · 不参与实体赏罚,15052294,1506,A168_HF9F_20260827_0900,2026-08-27 09:00:00
2026-05-03,127529701,1304,0,103.7828862022,-2.5945721551,-2.5945721551,0.4000000,5,5,0.50665070000000000,0.506650700000,-0.4769986289884125,-0.4769986289884125,-0.4769986289884125,0E-17,ELIGIBLE,R03b_20260811_FULL_v1,L1_ELIGIBILITY,v2026-08-11,2026-03-21..2026-08-06,baccarat_bet02_101_all_pairs_incl_sentinel,round_win = game_pnl > 0 (decisive only),COMPATIBILITY_ONLY_NOT_PRODUCTION,557989.4742,504875.3716,9878.7574,24851,24505,-0.01770420,0.00338982,-0.02772422,-0.01770420,-9878.7574,557989.4742,OK,0.0000,395.1503,4.0000,96.0000,AG03-UNRESOLVED,ALL5_LEVELS_bet23_to_bet27,395.1503,395.1503,395.1503,0.0000,0.0000,4.000000,4.000000,4.000000,0.000000,0.000000,96.000000,96.000000,96.000000,100.000000,100.000000,5.0,1185.4509,1138.6651,8693.3065,8740.0923,PENDING_AG03,FALSE,NOT_FOR_ENFORCEMENT,9483.6071,484680.3568,9878.7574,9483.6071,395.1503,0.01770420,0.01699603,395.1503,9483.6071,0.01699603,395.1503,395.1503,395.1503,0.0000,0.0000,9483.6071,0.01699603,1185.4509,1138.6651,8693.3065,8740.0923,0.01557970,0.01566354,0.00070817,22.4534,20.6030,0.4031,82.3230,2.6463,4649.9123,204.2083,25.9152,21.1137,12.8578,14.5296,26.176,48.8436,54.2173,102.8621,13.088,0.0,3.731508,7.079487,1.545355,30,207,63,6,0.32204186,0.01770420,-0.00338982,0E-8,0.000000,0.904812,0.002133,0.03111404,2026-03-21,2026-08-06,120,3733,1703,139,0.863309,1.227414,1.154177,1.073473,,,,,,,,GLOBAL_BASELINE_NO_ENTITY_RANKING,,,NOT_APPLICABLE_GLOBAL_BASELINE,HF9g-P5,,,,X 全窗基线 · 不参与实体赏罚,15052295,1506,A168_HF9F_20260827_0900,2026-08-27 09:00:00
2026-05-03,127529701,1331,0,290.3326241506,-0.7783716467,-0.7783716467,0.3846154,15,15,0.50039494000000000,0.500394940000,-0.8348985076302847,-0.8348985076302847,-0.8348985076302847,0E-17,ELIGIBLE,R03b_20260811_FULL_v1,L1_ELIGIBILITY,v2026-08-11,2026-03-21..2026-08-06,baccarat_bet02_101_all_pairs_incl_sentinel,round_win = game_pnl > 0 (decisive only),COMPATIBILITY_ONLY_NOT_PRODUCTION,557989.4742,504875.3716,9878.7574,24851,24505,-0.01770420,0.00338982,-0.02772422,-0.01770420,-9878.7574,557989.4742,OK,0.0000,395.1503,4.0000,96.0000,AG03-UNRESOLVED,ALL5_LEVELS_bet23_to_bet27,395.1503,395.1503,395.1503,0.0000,0.0000,4.000000,4.000000,4.000000,0.000000,0.000000,96.000000,96.000000,96.000000,100.000000,100.000000,5.0,1185.4509,1138.6651,8693.3065,8740.0923,PENDING_AG03,FALSE,NOT_FOR_ENFORCEMENT,9483.6071,484680.3568,9878.7574,9483.6071,395.1503,0.01770420,0.01699603,395.1503,9483.6071,0.01699603,395.1503,395.1503,395.1503,0.0000,0.0000,9483.6071,0.01699603,1185.4509,1138.6651,8693.3065,8740.0923,0.01557970,0.01566354,0.00070817,22.4534,20.6030,0.4031,82.3230,2.6463,4649.9123,204.2083,25.9152,21.1137,12.8578,14.5296,26.176,48.8436,54.2173,102.8621,13.088,0.0,3.731508,7.079487,1.545355,30,207,63,6,0.32204186,0.01770420,-0.00338982,0E-8,0.000000,0.904812,0.002133,0.03111404,2026-03-21,2026-08-06,120,3733,1703,139,0.863309,1.227414,1.154177,1.073473,,,,,,,,GLOBAL_BASELINE_NO_ENTITY_RANKING,,,NOT_APPLICABLE_GLOBAL_BASELINE,HF9g-P5,,,,X 全窗基线 · 不参与实体赏罚,15052296,1506,A168_HF9F_20260827_0900,2026-08-27 09:00:00
2026-05-03,127529701,1401,0,5.1891443101,4.9296870946,4.9296870946,1.0000000,1,1,0.50665070000000000,0.506650700000,0.9867858985152569,0.9867858985152569,0.9867858985152569,0E-17,ELIGIBLE,R03b_20260811_FULL_v1,L1_ELIGIBILITY,v2026-08-11,2026-03-21..2026-08-06,baccarat_bet02_101_all_pairs_incl_sentinel,round_win = game_pnl > 0 (decisive only),COMPATIBILITY_ONLY_NOT_PRODUCTION,557989.4742,504875.3716,9878.7574,24851,24505,-0.01770420,0.00338982,-0.02772422,-0.01770420,-9878.7574,557989.4742,OK,0.0000,395.1503,4.0000,96.0000,AG03-UNRESOLVED,ALL5_LEVELS_bet23_to_bet27,395.1503,395.1503,395.1503,0.0000,0.0000,4.000000,4.000000,4.000000,0.000000,0.000000,96.000000,96.000000,96.000000,100.000000,100.000000,5.0,1185.4509,1138.6651,8693.3065,8740.0923,PENDING_AG03,FALSE,NOT_FOR_ENFORCEMENT,9483.6071,484680.3568,9878.7574,9483.6071,395.1503,0.01770420,0.01699603,395.1503,9483.6071,0.01699603,395.1503,395.1503,395.1503,0.0000,0.0000,9483.6071,0.01699603,1185.4509,1138.6651,8693.3065,8740.0923,0.01557970,0.01566354,0.00070817,22.4534,20.6030,0.4031,82.3230,2.6463,4649.9123,204.2083,25.9152,21.1137,12.8578,14.5296,26.176,48.8436,54.2173,102.8621,13.088,0.0,3.731508,7.079487,1.545355,30,207,63,6,0.32204186,0.01770420,-0.00338982,0E-8,0.000000,0.904812,0.002133,0.03111404,2026-03-21,2026-08-06,120,3733,1703,139,0.863309,1.227414,1.154177,1.073473,,,,,,,,GLOBAL_BASELINE_NO_ENTITY_RANKING,,,NOT_APPLICABLE_GLOBAL_BASELINE,HF9g-P5,,,,X 全窗基线 · 不参与实体赏罚,15052297,1506,A168_HF9F_20260827_0900,2026-08-27 09:00:00
2026-05-03,127529701,1405,0,12.9728607753,-12.9728607753,-12.9728607753,0E-7,2,2,0.49994810000000000,0.499948100000,-1.4140667746232096,-1.4140667746232096,-1.4140667746232096,0E-17,ELIGIBLE,R03b_20260811_FULL_v1,L1_ELIGIBILITY,v2026-08-11,2026-03-21..2026-08-06,baccarat_bet02_101_all_pairs_incl_sentinel,round_win = game_pnl > 0 (decisive only),COMPATIBILITY_ONLY_NOT_PRODUCTION,557989.4742,504875.3716,9878.7574,24851,24505,-0.01770420,0.00338982,-0.02772422,-0.01770420,-9878.7574,557989.4742,OK,0.0000,395.1503,4.0000,96.0000,AG03-UNRESOLVED,ALL5_LEVELS_bet23_to_bet27,395.1503,395.1503,395.1503,0.0000,0.0000,4.000000,4.000000,4.000000,0.000000,0.000000,96.000000,96.000000,96.000000,100.000000,100.000000,5.0,1185.4509,1138.6651,8693.3065,8740.0923,PENDING_AG03,FALSE,NOT_FOR_ENFORCEMENT,9483.6071,484680.3568,9878.7574,9483.6071,395.1503,0.01770420,0.01699603,395.1503,9483.6071,0.01699603,395.1503,395.1503,395.1503,0.0000,0.0000,9483.6071,0.01699603,1185.4509,1138.6651,8693.3065,8740.0923,0.01557970,0.01566354,0.00070817,22.4534,20.6030,0.4031,82.3230,2.6463,4649.9123,204.2083,25.9152,21.1137,12.8578,14.5296,26.176,48.8436,54.2173,102.8621,13.088,0.0,3.731508,7.079487,1.545355,30,207,63,6,0.32204186,0.01770420,-0.00338982,0E-8,0.000000,0.904812,0.002133,0.03111404,2026-03-21,2026-08-06,120,3733,1703,139,0.863309,1.227414,1.154177,1.073473,,,,,,,,GLOBAL_BASELINE_NO_ENTITY_RANKING,,,NOT_APPLICABLE_GLOBAL_BASELINE,HF9g-P5,,,,X 全窗基线 · 不参与实体赏罚,15052298,1506,A168_HF9F_20260827_0900,2026-08-27 09:00:00
2026-05-03,127529701,1505,0,234.0304083857,22.7025063566,22.7025063566,0.5000000,13,13,0.49943251538461538,0.499432515385,0.003931651277728624,0.003931651275063894,0.003931651277728624,-3.8462E-13,ELIGIBLE,R03b_20260811_FULL_v1,L1_ELIGIBILITY,v2026-08-11,2026-03-21..2026-08-06,baccarat_bet02_101_all_pairs_incl_sentinel,round_win = game_pnl > 0 (decisive only),COMPATIBILITY_ONLY_NOT_PRODUCTION,557989.4742,504875.3716,9878.7574,24851,24505,-0.01770420,0.00338982,-0.02772422,-0.01770420,-9878.7574,557989.4742,OK,0.0000,395.1503,4.0000,96.0000,AG03-UNRESOLVED,ALL5_LEVELS_bet23_to_bet27,395.1503,395.1503,395.1503,0.0000,0.0000,4.000000,4.000000,4.000000,0.000000,0.000000,96.000000,96.000000,96.000000,100.000000,100.000000,5.0,1185.4509,1138.6651,8693.3065,8740.0923,PENDING_AG03,FALSE,NOT_FOR_ENFORCEMENT,9483.6071,484680.3568,9878.7574,9483.6071,395.1503,0.01770420,0.01699603,395.1503,9483.6071,0.01699603,395.1503,395.1503,395.1503,0.0000,0.0000,9483.6071,0.01699603,1185.4509,1138.6651,8693.3065,8740.0923,0.01557970,0.01566354,0.00070817,22.4534,20.6030,0.4031,82.3230,2.6463,4649.9123,204.2083,25.9152,21.1137,12.8578,14.5296,26.176,48.8436,54.2173,102.8621,13.088,0.0,3.731508,7.079487,1.545355,30,207,63,6,0.32204186,0.01770420,-0.00338982,0E-8,0.000000,0.904812,0.002133,0.03111404,2026-03-21,2026-08-06,120,3733,1703,139,0.863309,1.227414,1.154177,1.073473,,,,,,,,GLOBAL_BASELINE_NO_ENTITY_RANKING,,,NOT_APPLICABLE_GLOBAL_BASELINE,HF9g-P5,,,,X 全窗基线 · 不参与实体赏罚,15052299,1506,A168_HF9F_20260827_0900,2026-08-27 09:00:00
2026-05-03,127529701,1645,0,10.3782886202,-10.3782886202,-10.3782886202,0E-7,1,1,0.49324550000000000,0.493245500000,-0.9865810262130424,-0.9865810262130424,-0.9865810262130424,0E-17,ELIGIBLE,R03b_20260811_FULL_v1,L1_ELIGIBILITY,v2026-08-11,2026-03-21..2026-08-06,baccarat_bet02_101_all_pairs_incl_sentinel,round_win = game_pnl > 0 (decisive only),COMPATIBILITY_ONLY_NOT_PRODUCTION,557989.4742,504875.3716,9878.7574,24851,24505,-0.01770420,0.00338982,-0.02772422,-0.01770420,-9878.7574,557989.4742,OK,0.0000,395.1503,4.0000,96.0000,AG03-UNRESOLVED,ALL5_LEVELS_bet23_to_bet27,395.1503,395.1503,395.1503,0.0000,0.0000,4.000000,4.000000,4.000000,0.000000,0.000000,96.000000,96.000000,96.000000,100.000000,100.000000,5.0,1185.4509,1138.6651,8693.3065,8740.0923,PENDING_AG03,FALSE,NOT_FOR_ENFORCEMENT,9483.6071,484680.3568,9878.7574,9483.6071,395.1503,0.01770420,0.01699603,395.1503,9483.6071,0.01699603,395.1503,395.1503,395.1503,0.0000,0.0000,9483.6071,0.01699603,1185.4509,1138.6651,8693.3065,8740.0923,0.01557970,0.01566354,0.00070817,22.4534,20.6030,0.4031,82.3230,2.6463,4649.9123,204.2083,25.9152,21.1137,12.8578,14.5296,26.176,48.8436,54.2173,102.8621,13.088,0.0,3.731508,7.079487,1.545355,30,207,63,6,0.32204186,0.01770420,-0.00338982,0E-8,0.000000,0.904812,0.002133,0.03111404,2026-03-21,2026-08-06,120,3733,1703,139,0.863309,1.227414,1.154177,1.073473,,,,,,,,GLOBAL_BASELINE_NO_ENTITY_RANKING,,,NOT_APPLICABLE_GLOBAL_BASELINE,HF9g-P5,,,,X 全窗基线 · 不参与实体赏罚,15052300,1506,A168_HF9F_20260827_0900,2026-08-27 09:00:00
2026-05-03,127529701,1942,0,25.9457215505,24.6484354730,24.6484354730,1.0000000,1,1,0.50665070000000000,0.506650700000,0.9867858985152569,0.9867858985152569,0.9867858985152569,0E-17,ELIGIBLE,R03b_20260811_FULL_v1,L1_ELIGIBILITY,v2026-08-11,2026-03-21..2026-08-06,baccarat_bet02_101_all_pairs_incl_sentinel,round_win = game_pnl > 0 (decisive only),COMPATIBILITY_ONLY_NOT_PRODUCTION,557989.4742,504875.3716,9878.7574,24851,24505,-0.01770420,0.00338982,-0.02772422,-0.01770420,-9878.7574,557989.4742,OK,0.0000,395.1503,4.0000,96.0000,AG03-UNRESOLVED,ALL5_LEVELS_bet23_to_bet27,395.1503,395.1503,395.1503,0.0000,0.0000,4.000000,4.000000,4.000000,0.000000,0.000000,96.000000,96.000000,96.000000,100.000000,100.000000,5.0,1185.4509,1138.6651,8693.3065,8740.0923,PENDING_AG03,FALSE,NOT_FOR_ENFORCEMENT,9483.6071,484680.3568,9878.7574,9483.6071,395.1503,0.01770420,0.01699603,395.1503,9483.6071,0.01699603,395.1503,395.1503,395.1503,0.0000,0.0000,9483.6071,0.01699603,1185.4509,1138.6651,8693.3065,8740.0923,0.01557970,0.01566354,0.00070817,22.4534,20.6030,0.4031,82.3230,2.6463,4649.9123,204.2083,25.9152,21.1137,12.8578,14.5296,26.176,48.8436,54.2173,102.8621,13.088,0.0,3.731508,7.079487,1.545355,30,207,63,6,0.32204186,0.01770420,-0.00338982,0E-8,0.000000,0.904812,0.002133,0.03111404,2026-03-21,2026-08-06,120,3733,1703,139,0.863309,1.227414,1.154177,1.073473,,,,,,,,GLOBAL_BASELINE_NO_ENTITY_RANKING,,,NOT_APPLICABLE_GLOBAL_BASELINE,HF9g-P5,,,,X 全窗基线 · 不参与实体赏罚,15052301,1506,A168_HF9F_20260827_0900,2026-08-27 09:00:00
2026-05-03,127529701,1947,0,77.8371646516,-25.9457215506,-25.9457215506,0.3333333,3,3,0.50218230000000000,0.502182300000,-0.5849155494134425,-0.5849155494134426,-0.5849155494134425,0E-17,ELIGIBLE,R03b_20260811_FULL_v1,L1_ELIGIBILITY,v2026-08-11,2026-03-21..2026-08-06,baccarat_bet02_101_all_pairs_incl_sentinel,round_win = game_pnl > 0 (decisive only),COMPATIBILITY_ONLY_NOT_PRODUCTION,557989.4742,504875.3716,9878.7574,24851,24505,-0.01770420,0.00338982,-0.02772422,-0.01770420,-9878.7574,557989.4742,OK,0.0000,395.1503,4.0000,96.0000,AG03-UNRESOLVED,ALL5_LEVELS_bet23_to_bet27,395.1503,395.1503,395.1503,0.0000,0.0000,4.000000,4.000000,4.000000,0.000000,0.000000,96.000000,96.000000,96.000000,100.000000,100.000000,5.0,1185.4509,1138.6651,8693.3065,8740.0923,PENDING_AG03,FALSE,NOT_FOR_ENFORCEMENT,9483.6071,484680.3568,9878.7574,9483.6071,395.1503,0.01770420,0.01699603,395.1503,9483.6071,0.01699603,395.1503,395.1503,395.1503,0.0000,0.0000,9483.6071,0.01699603,1185.4509,1138.6651,8693.3065,8740.0923,0.01557970,0.01566354,0.00070817,22.4534,20.6030,0.4031,82.3230,2.6463,4649.9123,204.2083,25.9152,21.1137,12.8578,14.5296,26.176,48.8436,54.2173,102.8621,13.088,0.0,3.731508,7.079487,1.545355,30,207,63,6,0.32204186,0.01770420,-0.00338982,0E-8,0.000000,0.904812,0.002133,0.03111404,2026-03-21,2026-08-06,120,3733,1703,139,0.863309,1.227414,1.154177,1.073473,,,,,,,,GLOBAL_BASELINE_NO_ENTITY_RANKING,,,NOT_APPLICABLE_GLOBAL_BASELINE,HF9g-P5,,,,X 全窗基线 · 不参与实体赏罚,15052302,1506,A168_HF9F_20260827_0900,2026-08-27 09:00:00
2026-05-03,127529701,2108,0,158.2689014585,56.4319443723,56.4319443723,0.6666667,12,12,0.50106520000000000,0.501065200000,1.1473232199242855,1.1473232199242858,1.1473232199242855,0E-17,ELIGIBLE,R03b_20260811_FULL_v1,L1_ELIGIBILITY,v2026-08-11,2026-03-21..2026-08-06,baccarat_bet02_101_all_pairs_incl_sentinel,round_win = game_pnl > 0 (decisive only),COMPATIBILITY_ONLY_NOT_PRODUCTION,557989.4742,504875.3716,9878.7574,24851,24505,-0.01770420,0.00338982,-0.02772422,-0.01770420,-9878.7574,557989.4742,OK,0.0000,395.1503,4.0000,96.0000,AG03-UNRESOLVED,ALL5_LEVELS_bet23_to_bet27,395.1503,395.1503,395.1503,0.0000,0.0000,4.000000,4.000000,4.000000,0.000000,0.000000,96.000000,96.000000,96.000000,100.000000,100.000000,5.0,1185.4509,1138.6651,8693.3065,8740.0923,PENDING_AG03,FALSE,NOT_FOR_ENFORCEMENT,9483.6071,484680.3568,9878.7574,9483.6071,395.1503,0.01770420,0.01699603,395.1503,9483.6071,0.01699603,395.1503,395.1503,395.1503,0.0000,0.0000,9483.6071,0.01699603,1185.4509,1138.6651,8693.3065,8740.0923,0.01557970,0.01566354,0.00070817,22.4534,20.6030,0.4031,82.3230,2.6463,4649.9123,204.2083,25.9152,21.1137,12.8578,14.5296,26.176,48.8436,54.2173,102.8621,13.088,0.0,3.731508,7.079487,1.545355,30,207,63,6,0.32204186,0.01770420,-0.00338982,0E-8,0.000000,0.904812,0.002133,0.03111404,2026-03-21,2026-08-06,120,3733,1703,139,0.863309,1.227414,1.154177,1.073473,,,,,,,,GLOBAL_BASELINE_NO_ENTITY_RANKING,,,NOT_APPLICABLE_GLOBAL_BASELINE,HF9g-P5,,,,X 全窗基线 · 不参与实体赏罚,15052303,1506,A168_HF9F_20260827_0900,2026-08-27 09:00:00
2026-05-03,127529701,2130,0,90.8100254269,36.9726532095,36.9726532095,0.6666667,4,4,0.49659680000000000,0.496596800000,0.5891529468324541,0.589152946832454,0.5891529468324541,0E-17,ELIGIBLE,R03b_20260811_FULL_v1,L1_ELIGIBILITY,v2026-08-11,2026-03-21..2026-08-06,baccarat_bet02_101_all_pairs_incl_sentinel,round_win = game_pnl > 0 (decisive only),COMPATIBILITY_ONLY_NOT_PRODUCTION,557989.4742,504875.3716,9878.7574,24851,24505,-0.01770420,0.00338982,-0.02772422,-0.01770420,-9878.7574,557989.4742,OK,0.0000,395.1503,4.0000,96.0000,AG03-UNRESOLVED,ALL5_LEVELS_bet23_to_bet27,395.1503,395.1503,395.1503,0.0000,0.0000,4.000000,4.000000,4.000000,0.000000,0.000000,96.000000,96.000000,96.000000,100.000000,100.000000,5.0,1185.4509,1138.6651,8693.3065,8740.0923,PENDING_AG03,FALSE,NOT_FOR_ENFORCEMENT,9483.6071,484680.3568,9878.7574,9483.6071,395.1503,0.01770420,0.01699603,395.1503,9483.6071,0.01699603,395.1503,395.1503,395.1503,0.0000,0.0000,9483.6071,0.01699603,1185.4509,1138.6651,8693.3065,8740.0923,0.01557970,0.01566354,0.00070817,22.4534,20.6030,0.4031,82.3230,2.6463,4649.9123,204.2083,25.9152,21.1137,12.8578,14.5296,26.176,48.8436,54.2173,102.8621,13.088,0.0,3.731508,7.079487,1.545355,30,207,63,6,0.32204186,0.01770420,-0.00338982,0E-8,0.000000,0.904812,0.002133,0.03111404,2026-03-21,2026-08-06,120,3733,1703,139,0.863309,1.227414,1.154177,1.073473,,,,,,,,GLOBAL_BASELINE_NO_ENTITY_RANKING,,,NOT_APPLICABLE_GLOBAL_BASELINE,HF9g-P5,,,,X 全窗基线 · 不参与实体赏罚,15052304,1506,A168_HF9F_20260827_0900,2026-08-27 09:00:00
2026-05-03,127529701,2142,0,242.0735820666,-87.0478958021,-87.0478958021,0.3333333,11,11,0.49933877272727273,0.499338772727,-0.9960335073385579,-0.9960335073369222,-0.9960335073385579,2.7273E-13,ELIGIBLE,R03b_20260811_FULL_v1,L1_ELIGIBILITY,v2026-08-11,2026-03-21..2026-08-06,baccarat_bet02_101_all_pairs_incl_sentinel,round_win = game_pnl > 0 (decisive only),COMPATIBILITY_ONLY_NOT_PRODUCTION,557989.4742,504875.3716,9878.7574,24851,24505,-0.01770420,0.00338982,-0.02772422,-0.01770420,-9878.7574,557989.4742,OK,0.0000,395.1503,4.0000,96.0000,AG03-UNRESOLVED,ALL5_LEVELS_bet23_to_bet27,395.1503,395.1503,395.1503,0.0000,0.0000,4.000000,4.000000,4.000000,0.000000,0.000000,96.000000,96.000000,96.000000,100.000000,100.000000,5.0,1185.4509,1138.6651,8693.3065,8740.0923,PENDING_AG03,FALSE,NOT_FOR_ENFORCEMENT,9483.6071,484680.3568,9878.7574,9483.6071,395.1503,0.01770420,0.01699603,395.1503,9483.6071,0.01699603,395.1503,395.1503,395.1503,0.0000,0.0000,9483.6071,0.01699603,1185.4509,1138.6651,8693.3065,8740.0923,0.01557970,0.01566354,0.00070817,22.4534,20.6030,0.4031,82.3230,2.6463,4649.9123,204.2083,25.9152,21.1137,12.8578,14.5296,26.176,48.8436,54.2173,102.8621,13.088,0.0,3.731508,7.079487,1.545355,30,207,63,6,0.32204186,0.01770420,-0.00338982,0E-8,0.000000,0.904812,0.002133,0.03111404,2026-03-21,2026-08-06,120,3733,1703,139,0.863309,1.227414,1.154177,1.073473,,,,,,,,GLOBAL_BASELINE_NO_ENTITY_RANKING,,,NOT_APPLICABLE_GLOBAL_BASELINE,HF9g-P5,,,,X 全窗基线 · 不参与实体赏罚,15052305,1506,A168_HF9F_20260827_0900,2026-08-27 09:00:00
2026-05-03,127529701,2145,0,247.5221835921,-68.4188677289,-68.4188677289,0.2727273,11,11,0.50177608181818182,0.501776081818,-1.5193475023567935,-1.5193475023555856,-1.5193475023567935,1.8182E-13,ELIGIBLE,R03b_20260811_FULL_v1,L1_ELIGIBILITY,v2026-08-11,2026-03-21..2026-08-06,baccarat_bet02_101_all_pairs_incl_sentinel,round_win = game_pnl > 0 (decisive only),COMPATIBILITY_ONLY_NOT_PRODUCTION,557989.4742,504875.3716,9878.7574,24851,24505,-0.01770420,0.00338982,-0.02772422,-0.01770420,-9878.7574,557989.4742,OK,0.0000,395.1503,4.0000,96.0000,AG03-UNRESOLVED,ALL5_LEVELS_bet23_to_bet27,395.1503,395.1503,395.1503,0.0000,0.0000,4.000000,4.000000,4.000000,0.000000,0.000000,96.000000,96.000000,96.000000,100.000000,100.000000,5.0,1185.4509,1138.6651,8693.3065,8740.0923,PENDING_AG03,FALSE,NOT_FOR_ENFORCEMENT,9483.6071,484680.3568,9878.7574,9483.6071,395.1503,0.01770420,0.01699603,395.1503,9483.6071,0.01699603,395.1503,395.1503,395.1503,0.0000,0.0000,9483.6071,0.01699603,1185.4509,1138.6651,8693.3065,8740.0923,0.01557970,0.01566354,0.00070817,22.4534,20.6030,0.4031,82.3230,2.6463,4649.9123,204.2083,25.9152,21.1137,12.8578,14.5296,26.176,48.8436,54.2173,102.8621,13.088,0.0,3.731508,7.079487,1.545355,30,207,63,6,0.32204186,0.01770420,-0.00338982,0E-8,0.000000,0.904812,0.002133,0.03111404,2026-03-21,2026-08-06,120,3733,1703,139,0.863309,1.227414,1.154177,1.073473,,,,,,,,GLOBAL_BASELINE_NO_ENTITY_RANKING,,,NOT_APPLICABLE_GLOBAL_BASELINE,HF9g-P5,,,,X 全窗基线 · 不参与实体赏罚,15052306,1506,A168_HF9F_20260827_0900,2026-08-27 09:00:00
2026-05-03,127529701,2167,0,211.4576306370,26.8538218048,26.8538218048,0.6000000,13,13,0.50046368461538462,0.500463684615,0.6295232037318317,0.6295232037342637,0.6295232037318317,3.8462E-13,ELIGIBLE,R03b_20260811_FULL_v1,L1_ELIGIBILITY,v2026-08-11,2026-03-21..2026-08-06,baccarat_bet02_101_all_pairs_incl_sentinel,round_win = game_pnl > 0 (decisive only),COMPATIBILITY_ONLY_NOT_PRODUCTION,557989.4742,504875.3716,9878.7574,24851,24505,-0.01770420,0.00338982,-0.02772422,-0.01770420,-9878.7574,557989.4742,OK,0.0000,395.1503,4.0000,96.0000,AG03-UNRESOLVED,ALL5_LEVELS_bet23_to_bet27,395.1503,395.1503,395.1503,0.0000,0.0000,4.000000,4.000000,4.000000,0.000000,0.000000,96.000000,96.000000,96.000000,100.000000,100.000000,5.0,1185.4509,1138.6651,8693.3065,8740.0923,PENDING_AG03,FALSE,NOT_FOR_ENFORCEMENT,9483.6071,484680.3568,9878.7574,9483.6071,395.1503,0.01770420,0.01699603,395.1503,9483.6071,0.01699603,395.1503,395.1503,395.1503,0.0000,0.0000,9483.6071,0.01699603,1185.4509,1138.6651,8693.3065,8740.0923,0.01557970,0.01566354,0.00070817,22.4534,20.6030,0.4031,82.3230,2.6463,4649.9123,204.2083,25.9152,21.1137,12.8578,14.5296,26.176,48.8436,54.2173,102.8621,13.088,0.0,3.731508,7.079487,1.545355,30,207,63,6,0.32204186,0.01770420,-0.00338982,0E-8,0.000000,0.904812,0.002133,0.03111404,2026-03-21,2026-08-06,120,3733,1703,139,0.863309,1.227414,1.154177,1.073473,,,,,,,,GLOBAL_BASELINE_NO_ENTITY_RANKING,,,NOT_APPLICABLE_GLOBAL_BASELINE,HF9g-P5,,,,X 全窗基线 · 不参与实体赏罚,15052307,1506,A168_HF9F_20260827_0900,2026-08-27 09:00:00
2026-05-03,127529701,2171,0,93.4045975819,-42.8104405584,-42.8104405584,0.2500000,4,4,0.50329940000000000,0.503299400000,-1.013219660140378,-1.013219660140378,-1.013219660140378,0E-17,ELIGIBLE,R03b_20260811_FULL_v1,L1_ELIGIBILITY,v2026-08-11,2026-03-21..2026-08-06,baccarat_bet02_101_all_pairs_incl_sentinel,round_win = game_pnl > 0 (decisive only),COMPATIBILITY_ONLY_NOT_PRODUCTION,557989.4742,504875.3716,9878.7574,24851,24505,-0.01770420,0.00338982,-0.02772422,-0.01770420,-9878.7574,557989.4742,OK,0.0000,395.1503,4.0000,96.0000,AG03-UNRESOLVED,ALL5_LEVELS_bet23_to_bet27,395.1503,395.1503,395.1503,0.0000,0.0000,4.000000,4.000000,4.000000,0.000000,0.000000,96.000000,96.000000,96.000000,100.000000,100.000000,5.0,1185.4509,1138.6651,8693.3065,8740.0923,PENDING_AG03,FALSE,NOT_FOR_ENFORCEMENT,9483.6071,484680.3568,9878.7574,9483.6071,395.1503,0.01770420,0.01699603,395.1503,9483.6071,0.01699603,395.1503,395.1503,395.1503,0.0000,0.0000,9483.6071,0.01699603,1185.4509,1138.6651,8693.3065,8740.0923,0.01557970,0.01566354,0.00070817,22.4534,20.6030,0.4031,82.3230,2.6463,4649.9123,204.2083,25.9152,21.1137,12.8578,14.5296,26.176,48.8436,54.2173,102.8621,13.088,0.0,3.731508,7.079487,1.545355,30,207,63,6,0.32204186,0.01770420,-0.00338982,0E-8,0.000000,0.904812,0.002133,0.03111404,2026-03-21,2026-08-06,120,3733,1703,139,0.863309,1.227414,1.154177,1.073473,,,,,,,,GLOBAL_BASELINE_NO_ENTITY_RANKING,,,NOT_APPLICABLE_GLOBAL_BASELINE,HF9g-P5,,,,X 全窗基线 · 不参与实体赏罚,15052308,1506,A168_HF9F_20260827_0900,2026-08-27 09:00:00
2026-05-03,127529701,2174,0,12.9728607753,-12.9728607753,-12.9728607753,0E-7,1,1,0.49324550000000000,0.493245500000,-0.9865810262130424,-0.9865810262130424,-0.9865810262130424,0E-17,ELIGIBLE,R03b_20260811_FULL_v1,L1_ELIGIBILITY,v2026-08-11,2026-03-21..2026-08-06,baccarat_bet02_101_all_pairs_incl_sentinel,round_win = game_pnl > 0 (decisive only),COMPATIBILITY_ONLY_NOT_PRODUCTION,557989.4742,504875.3716,9878.7574,24851,24505,-0.01770420,0.00338982,-0.02772422,-0.01770420,-9878.7574,557989.4742,OK,0.0000,395.1503,4.0000,96.0000,AG03-UNRESOLVED,ALL5_LEVELS_bet23_to_bet27,395.1503,395.1503,395.1503,0.0000,0.0000,4.000000,4.000000,4.000000,0.000000,0.000000,96.000000,96.000000,96.000000,100.000000,100.000000,5.0,1185.4509,1138.6651,8693.3065,8740.0923,PENDING_AG03,FALSE,NOT_FOR_ENFORCEMENT,9483.6071,484680.3568,9878.7574,9483.6071,395.1503,0.01770420,0.01699603,395.1503,9483.6071,0.01699603,395.1503,395.1503,395.1503,0.0000,0.0000,9483.6071,0.01699603,1185.4509,1138.6651,8693.3065,8740.0923,0.01557970,0.01566354,0.00070817,22.4534,20.6030,0.4031,82.3230,2.6463,4649.9123,204.2083,25.9152,21.1137,12.8578,14.5296,26.176,48.8436,54.2173,102.8621,13.088,0.0,3.731508,7.079487,1.545355,30,207,63,6,0.32204186,0.01770420,-0.00338982,0E-8,0.000000,0.904812,0.002133,0.03111404,2026-03-21,2026-08-06,120,3733,1703,139,0.863309,1.227414,1.154177,1.073473,,,,,,,,GLOBAL_BASELINE_NO_ENTITY_RANKING,,,NOT_APPLICABLE_GLOBAL_BASELINE,HF9g-P5,,,,X 全窗基线 · 不参与实体赏罚,15052309,1506,A168_HF9F_20260827_0900,2026-08-27 09:00:00
2026-05-03,127529701,2196,0,172.2795910956,-1.1675574699,-1.1675574699,0.4285714,8,8,0.50162375000000000,0.501623750000,-0.38655858877025023,-0.38655858877025023,-0.38655858877025023,0E-17,ELIGIBLE,R03b_20260811_FULL_v1,L1_ELIGIBILITY,v2026-08-11,2026-03-21..2026-08-06,baccarat_bet02_101_all_pairs_incl_sentinel,round_win = game_pnl > 0 (decisive only),COMPATIBILITY_ONLY_NOT_PRODUCTION,557989.4742,504875.3716,9878.7574,24851,24505,-0.01770420,0.00338982,-0.02772422,-0.01770420,-9878.7574,557989.4742,OK,0.0000,395.1503,4.0000,96.0000,AG03-UNRESOLVED,ALL5_LEVELS_bet23_to_bet27,395.1503,395.1503,395.1503,0.0000,0.0000,4.000000,4.000000,4.000000,0.000000,0.000000,96.000000,96.000000,96.000000,100.000000,100.000000,5.0,1185.4509,1138.6651,8693.3065,8740.0923,PENDING_AG03,FALSE,NOT_FOR_ENFORCEMENT,9483.6071,484680.3568,9878.7574,9483.6071,395.1503,0.01770420,0.01699603,395.1503,9483.6071,0.01699603,395.1503,395.1503,395.1503,0.0000,0.0000,9483.6071,0.01699603,1185.4509,1138.6651,8693.3065,8740.0923,0.01557970,0.01566354,0.00070817,22.4534,20.6030,0.4031,82.3230,2.6463,4649.9123,204.2083,25.9152,21.1137,12.8578,14.5296,26.176,48.8436,54.2173,102.8621,13.088,0.0,3.731508,7.079487,1.545355,30,207,63,6,0.32204186,0.01770420,-0.00338982,0E-8,0.000000,0.904812,0.002133,0.03111404,2026-03-21,2026-08-06,120,3733,1703,139,0.863309,1.227414,1.154177,1.073473,,,,,,,,GLOBAL_BASELINE_NO_ENTITY_RANKING,,,NOT_APPLICABLE_GLOBAL_BASELINE,HF9g-P5,,,,X 全窗基线 · 不参与实体赏罚,15052310,1506,A168_HF9F_20260827_0900,2026-08-27 09:00:00
2026-05-03,127529701,2212,0,146.8527839761,55.8351927768,55.8351927768,0.6250000,9,9,0.49920336666666667,0.499203366667,0.7116141230598275,0.7116141230579411,0.7116141230598275,-3.3333E-13,ELIGIBLE,R03b_20260811_FULL_v1,L1_ELIGIBILITY,v2026-08-11,2026-03-21..2026-08-06,baccarat_bet02_101_all_pairs_incl_sentinel,round_win = game_pnl > 0 (decisive only),COMPATIBILITY_ONLY_NOT_PRODUCTION,557989.4742,504875.3716,9878.7574,24851,24505,-0.01770420,0.00338982,-0.02772422,-0.01770420,-9878.7574,557989.4742,OK,0.0000,395.1503,4.0000,96.0000,AG03-UNRESOLVED,ALL5_LEVELS_bet23_to_bet27,395.1503,395.1503,395.1503,0.0000,0.0000,4.000000,4.000000,4.000000,0.000000,0.000000,96.000000,96.000000,96.000000,100.000000,100.000000,5.0,1185.4509,1138.6651,8693.3065,8740.0923,PENDING_AG03,FALSE,NOT_FOR_ENFORCEMENT,9483.6071,484680.3568,9878.7574,9483.6071,395.1503,0.01770420,0.01699603,395.1503,9483.6071,0.01699603,395.1503,395.1503,395.1503,0.0000,0.0000,9483.6071,0.01699603,1185.4509,1138.6651,8693.3065,8740.0923,0.01557970,0.01566354,0.00070817,22.4534,20.6030,0.4031,82.3230,2.6463,4649.9123,204.2083,25.9152,21.1137,12.8578,14.5296,26.176,48.8436,54.2173,102.8621,13.088,0.0,3.731508,7.079487,1.545355,30,207,63,6,0.32204186,0.01770420,-0.00338982,0E-8,0.000000,0.904812,0.002133,0.03111404,2026-03-21,2026-08-06,120,3733,1703,139,0.863309,1.227414,1.154177,1.073473,,,,,,,,GLOBAL_BASELINE_NO_ENTITY_RANKING,,,NOT_APPLICABLE_GLOBAL_BASELINE,HF9g-P5,,,,X 全窗基线 · 不参与实体赏罚,15052311,1506,A168_HF9F_20260827_0900,2026-08-27 09:00:00
2026-05-03,127529701,2229,0,92.8856831510,-57.4697732345,-57.4697732345,0.1666667,6,6,0.50441650000000000,0.504416500000,-1.6546940571906357,-1.6546940571906357,-1.6546940571906357,0E-17,ELIGIBLE,R03b_20260811_FULL_v1,L1_ELIGIBILITY,v2026-08-11,2026-03-21..2026-08-06,baccarat_bet02_101_all_pairs_incl_sentinel,round_win = game_pnl > 0 (decisive only),COMPATIBILITY_ONLY_NOT_PRODUCTION,557989.4742,504875.3716,9878.7574,24851,24505,-0.01770420,0.00338982,-0.02772422,-0.01770420,-9878.7574,557989.4742,OK,0.0000,395.1503,4.0000,96.0000,AG03-UNRESOLVED,ALL5_LEVELS_bet23_to_bet27,395.1503,395.1503,395.1503,0.0000,0.0000,4.000000,4.000000,4.000000,0.000000,0.000000,96.000000,96.000000,96.000000,100.000000,100.000000,5.0,1185.4509,1138.6651,8693.3065,8740.0923,PENDING_AG03,FALSE,NOT_FOR_ENFORCEMENT,9483.6071,484680.3568,9878.7574,9483.6071,395.1503,0.01770420,0.01699603,395.1503,9483.6071,0.01699603,395.1503,395.1503,395.1503,0.0000,0.0000,9483.6071,0.01699603,1185.4509,1138.6651,8693.3065,8740.0923,0.01557970,0.01566354,0.00070817,22.4534,20.6030,0.4031,82.3230,2.6463,4649.9123,204.2083,25.9152,21.1137,12.8578,14.5296,26.176,48.8436,54.2173,102.8621,13.088,0.0,3.731508,7.079487,1.545355,30,207,63,6,0.32204186,0.01770420,-0.00338982,0E-8,0.000000,0.904812,0.002133,0.03111404,2026-03-21,2026-08-06,120,3733,1703,139,0.863309,1.227414,1.154177,1.073473,,,,,,,,GLOBAL_BASELINE_NO_ENTITY_RANKING,,,NOT_APPLICABLE_GLOBAL_BASELINE,HF9g-P5,,,,X 全窗基线 · 不参与实体赏罚,15052312,1506,A168_HF9F_20260827_0900,2026-08-27 09:00:00
2026-05-03,127529701,2233,0,89.5127393493,-76.5398785740,-76.5398785740,0E-7,4,4,0.49994810000000000,0.499948100000,-1.7318710300250217,-1.7318710300250217,-1.7318710300250217,0E-17,ELIGIBLE,R03b_20260811_FULL_v1,L1_ELIGIBILITY,v2026-08-11,2026-03-21..2026-08-06,baccarat_bet02_101_all_pairs_incl_sentinel,round_win = game_pnl > 0 (decisive only),COMPATIBILITY_ONLY_NOT_PRODUCTION,557989.4742,504875.3716,9878.7574,24851,24505,-0.01770420,0.00338982,-0.02772422,-0.01770420,-9878.7574,557989.4742,OK,0.0000,395.1503,4.0000,96.0000,AG03-UNRESOLVED,ALL5_LEVELS_bet23_to_bet27,395.1503,395.1503,395.1503,0.0000,0.0000,4.000000,4.000000,4.000000,0.000000,0.000000,96.000000,96.000000,96.000000,100.000000,100.000000,5.0,1185.4509,1138.6651,8693.3065,8740.0923,PENDING_AG03,FALSE,NOT_FOR_ENFORCEMENT,9483.6071,484680.3568,9878.7574,9483.6071,395.1503,0.01770420,0.01699603,395.1503,9483.6071,0.01699603,395.1503,395.1503,395.1503,0.0000,0.0000,9483.6071,0.01699603,1185.4509,1138.6651,8693.3065,8740.0923,0.01557970,0.01566354,0.00070817,22.4534,20.6030,0.4031,82.3230,2.6463,4649.9123,204.2083,25.9152,21.1137,12.8578,14.5296,26.176,48.8436,54.2173,102.8621,13.088,0.0,3.731508,7.079487,1.545355,30,207,63,6,0.32204186,0.01770420,-0.00338982,0E-8,0.000000,0.904812,0.002133,0.03111404,2026-03-21,2026-08-06,120,3733,1703,139,0.863309,1.227414,1.154177,1.073473,,,,,,,,GLOBAL_BASELINE_NO_ENTITY_RANKING,,,NOT_APPLICABLE_GLOBAL_BASELINE,HF9g-P5,,,,X 全窗基线 · 不参与实体赏罚,15052313,1506,A168_HF9F_20260827_0900,2026-08-27 09:00:00
2026-05-03,127529701,2235,0,268.0193036168,-62.3994603289,-62.3994603289,0.4444444,9,9,0.49920336666666667,0.499203366667,-0.3285539503504811,-0.3285539503524808,-0.3285539503504811,-3.3333E-13,ELIGIBLE,R03b_20260811_FULL_v1,L1_ELIGIBILITY,v2026-08-11,2026-03-21..2026-08-06,baccarat_bet02_101_all_pairs_incl_sentinel,round_win = game_pnl > 0 (decisive only),COMPATIBILITY_ONLY_NOT_PRODUCTION,557989.4742,504875.3716,9878.7574,24851,24505,-0.01770420,0.00338982,-0.02772422,-0.01770420,-9878.7574,557989.4742,OK,0.0000,395.1503,4.0000,96.0000,AG03-UNRESOLVED,ALL5_LEVELS_bet23_to_bet27,395.1503,395.1503,395.1503,0.0000,0.0000,4.000000,4.000000,4.000000,0.000000,0.000000,96.000000,96.000000,96.000000,100.000000,100.000000,5.0,1185.4509,1138.6651,8693.3065,8740.0923,PENDING_AG03,FALSE,NOT_FOR_ENFORCEMENT,9483.6071,484680.3568,9878.7574,9483.6071,395.1503,0.01770420,0.01699603,395.1503,9483.6071,0.01699603,395.1503,395.1503,395.1503,0.0000,0.0000,9483.6071,0.01699603,1185.4509,1138.6651,8693.3065,8740.0923,0.01557970,0.01566354,0.00070817,22.4534,20.6030,0.4031,82.3230,2.6463,4649.9123,204.2083,25.9152,21.1137,12.8578,14.5296,26.176,48.8436,54.2173,102.8621,13.088,0.0,3.731508,7.079487,1.545355,30,207,63,6,0.32204186,0.01770420,-0.00338982,0E-8,0.000000,0.904812,0.002133,0.03111404,2026-03-21,2026-08-06,120,3733,1703,139,0.863309,1.227414,1.154177,1.073473,,,,,,,,GLOBAL_BASELINE_NO_ENTITY_RANKING,,,NOT_APPLICABLE_GLOBAL_BASELINE,HF9g-P5,,,,X 全窗基线 · 不参与实体赏罚,15052314,1506,A168_HF9F_20260827_0900,2026-08-27 09:00:00
2026-05-03,127529701,2246,0,598.0488817400,-9.4701883660,-9.4701883660,0.4666667,32,32,0.49952918750000000,0.499529187500,-0.3599910387324406,-0.3599910387324406,-0.3599910387324406,0E-17,ELIGIBLE,R03b_20260811_FULL_v1,L1_ELIGIBILITY,v2026-08-11,2026-03-21..2026-08-06,baccarat_bet02_101_all_pairs_incl_sentinel,round_win = game_pnl > 0 (decisive only),COMPATIBILITY_ONLY_NOT_PRODUCTION,557989.4742,504875.3716,9878.7574,24851,24505,-0.01770420,0.00338982,-0.02772422,-0.01770420,-9878.7574,557989.4742,OK,0.0000,395.1503,4.0000,96.0000,AG03-UNRESOLVED,ALL5_LEVELS_bet23_to_bet27,395.1503,395.1503,395.1503,0.0000,0.0000,4.000000,4.000000,4.000000,0.000000,0.000000,96.000000,96.000000,96.000000,100.000000,100.000000,5.0,1185.4509,1138.6651,8693.3065,8740.0923,PENDING_AG03,FALSE,NOT_FOR_ENFORCEMENT,9483.6071,484680.3568,9878.7574,9483.6071,395.1503,0.01770420,0.01699603,395.1503,9483.6071,0.01699603,395.1503,395.1503,395.1503,0.0000,0.0000,9483.6071,0.01699603,1185.4509,1138.6651,8693.3065,8740.0923,0.01557970,0.01566354,0.00070817,22.4534,20.6030,0.4031,82.3230,2.6463,4649.9123,204.2083,25.9152,21.1137,12.8578,14.5296,26.176,48.8436,54.2173,102.8621,13.088,0.0,3.731508,7.079487,1.545355,30,207,63,6,0.32204186,0.01770420,-0.00338982,0E-8,0.000000,0.904812,0.002133,0.03111404,2026-03-21,2026-08-06,120,3733,1703,139,0.863309,1.227414,1.154177,1.073473,,,,,,,,GLOBAL_BASELINE_NO_ENTITY_RANKING,,,NOT_APPLICABLE_GLOBAL_BASELINE,HF9g-P5,,,,X 全窗基线 · 不参与实体赏罚,15052315,1506,A168_HF9F_20260827_0900,2026-08-27 09:00:00
2026-05-03,127529701,2251,0,219.5008043173,-113.7719889989,-113.7719889989,0.2500000,12,12,0.49883100000000000,0.498831000000,-1.723956449782424,-1.723956449782424,-1.723956449782424,0E-17,ELIGIBLE,R03b_20260811_FULL_v1,L1_ELIGIBILITY,v2026-08-11,2026-03-21..2026-08-06,baccarat_bet02_101_all_pairs_incl_sentinel,round_win = game_pnl > 0 (decisive only),COMPATIBILITY_ONLY_NOT_PRODUCTION,557989.4742,504875.3716,9878.7574,24851,24505,-0.01770420,0.00338982,-0.02772422,-0.01770420,-9878.7574,557989.4742,OK,0.0000,395.1503,4.0000,96.0000,AG03-UNRESOLVED,ALL5_LEVELS_bet23_to_bet27,395.1503,395.1503,395.1503,0.0000,0.0000,4.000000,4.000000,4.000000,0.000000,0.000000,96.000000,96.000000,96.000000,100.000000,100.000000,5.0,1185.4509,1138.6651,8693.3065,8740.0923,PENDING_AG03,FALSE,NOT_FOR_ENFORCEMENT,9483.6071,484680.3568,9878.7574,9483.6071,395.1503,0.01770420,0.01699603,395.1503,9483.6071,0.01699603,395.1503,395.1503,395.1503,0.0000,0.0000,9483.6071,0.01699603,1185.4509,1138.6651,8693.3065,8740.0923,0.01557970,0.01566354,0.00070817,22.4534,20.6030,0.4031,82.3230,2.6463,4649.9123,204.2083,25.9152,21.1137,12.8578,14.5296,26.176,48.8436,54.2173,102.8621,13.088,0.0,3.731508,7.079487,1.545355,30,207,63,6,0.32204186,0.01770420,-0.00338982,0E-8,0.000000,0.904812,0.002133,0.03111404,2026-03-21,2026-08-06,120,3733,1703,139,0.863309,1.227414,1.154177,1.073473,,,,,,,,GLOBAL_BASELINE_NO_ENTITY_RANKING,,,NOT_APPLICABLE_GLOBAL_BASELINE,HF9g-P5,,,,X 全窗基线 · 不参与实体赏罚,15052316,1506,A168_HF9F_20260827_0900,2026-08-27 09:00:00
2026-05-03,127529701,550,0,26.4646359816,-12.9728607753,-12.9728607753,0E-7,2,2,0.49994810000000000,0.499948100000,-0.9998962053866608,-0.9998962053866608,-0.9998962053866608,0E-17,ELIGIBLE,R03b_20260811_FULL_v1,L1_ELIGIBILITY,v2026-08-11,2026-03-21..2026-08-06,baccarat_bet02_101_all_pairs_incl_sentinel,round_win = game_pnl > 0 (decisive only),COMPATIBILITY_ONLY_NOT_PRODUCTION,557989.4742,504875.3716,9878.7574,24851,24505,-0.01770420,0.00338982,-0.02772422,-0.01770420,-9878.7574,557989.4742,OK,0.0000,395.1503,4.0000,96.0000,AG03-UNRESOLVED,ALL5_LEVELS_bet23_to_bet27,395.1503,395.1503,395.1503,0.0000,0.0000,4.000000,4.000000,4.000000,0.000000,0.000000,96.000000,96.000000,96.000000,100.000000,100.000000,5.0,1185.4509,1138.6651,8693.3065,8740.0923,PENDING_AG03,FALSE,NOT_FOR_ENFORCEMENT,9483.6071,484680.3568,9878.7574,9483.6071,395.1503,0.01770420,0.01699603,395.1503,9483.6071,0.01699603,395.1503,395.1503,395.1503,0.0000,0.0000,9483.6071,0.01699603,1185.4509,1138.6651,8693.3065,8740.0923,0.01557970,0.01566354,0.00070817,22.4534,20.6030,0.4031,82.3230,2.6463,4649.9123,204.2083,25.9152,21.1137,12.8578,14.5296,26.176,48.8436,54.2173,102.8621,13.088,0.0,3.731508,7.079487,1.545355,30,207,63,6,0.32204186,0.01770420,-0.00338982,0E-8,0.000000,0.904812,0.002133,0.03111404,2026-03-21,2026-08-06,120,3733,1703,139,0.863309,1.227414,1.154177,1.073473,,,,,,,,GLOBAL_BASELINE_NO_ENTITY_RANKING,,,NOT_APPLICABLE_GLOBAL_BASELINE,HF9g-P5,,,,X 全窗基线 · 不参与实体赏罚,15052317,1506,A168_HF9F_20260827_0900,2026-08-27 09:00:00
2026-05-03,127529701,772,0,66.1615899540,13.6215038140,13.6215038140,0.6000000,5,5,0.49592654000000000,0.495926540000,0.46544610904919037,0.46544610904919037,0.46544610904919037,0E-17,ELIGIBLE,R03b_20260811_FULL_v1,L1_ELIGIBILITY,v2026-08-11,2026-03-21..2026-08-06,baccarat_bet02_101_all_pairs_incl_sentinel,round_win = game_pnl > 0 (decisive only),COMPATIBILITY_ONLY_NOT_PRODUCTION,557989.4742,504875.3716,9878.7574,24851,24505,-0.01770420,0.00338982,-0.02772422,-0.01770420,-9878.7574,557989.4742,OK,0.0000,395.1503,4.0000,96.0000,AG03-UNRESOLVED,ALL5_LEVELS_bet23_to_bet27,395.1503,395.1503,395.1503,0.0000,0.0000,4.000000,4.000000,4.000000,0.000000,0.000000,96.000000,96.000000,96.000000,100.000000,100.000000,5.0,1185.4509,1138.6651,8693.3065,8740.0923,PENDING_AG03,FALSE,NOT_FOR_ENFORCEMENT,9483.6071,484680.3568,9878.7574,9483.6071,395.1503,0.01770420,0.01699603,395.1503,9483.6071,0.01699603,395.1503,395.1503,395.1503,0.0000,0.0000,9483.6071,0.01699603,1185.4509,1138.6651,8693.3065,8740.0923,0.01557970,0.01566354,0.00070817,22.4534,20.6030,0.4031,82.3230,2.6463,4649.9123,204.2083,25.9152,21.1137,12.8578,14.5296,26.176,48.8436,54.2173,102.8621,13.088,0.0,3.731508,7.079487,1.545355,30,207,63,6,0.32204186,0.01770420,-0.00338982,0E-8,0.000000,0.904812,0.002133,0.03111404,2026-03-21,2026-08-06,120,3733,1703,139,0.863309,1.227414,1.154177,1.073473,,,,,,,,GLOBAL_BASELINE_NO_ENTITY_RANKING,,,NOT_APPLICABLE_GLOBAL_BASELINE,HF9g-P5,,,,X 全窗基线 · 不参与实体赏罚,15052318,1506,A168_HF9F_20260827_0900,2026-08-27 09:00:00
2026-05-03,127529701,970,0,966.7375849726,203.3885112343,203.3885112343,0.6153846,40,40,0.49860758000000000,0.498607580000,1.458550360255082,1.458550360255082,1.458550360255082,0E-17,ELIGIBLE,R03b_20260811_FULL_v1,L1_ELIGIBILITY,v2026-08-11,2026-03-21..2026-08-06,baccarat_bet02_101_all_pairs_incl_sentinel,round_win = game_pnl > 0 (decisive only),COMPATIBILITY_ONLY_NOT_PRODUCTION,557989.4742,504875.3716,9878.7574,24851,24505,-0.01770420,0.00338982,-0.02772422,-0.01770420,-9878.7574,557989.4742,OK,0.0000,395.1503,4.0000,96.0000,AG03-UNRESOLVED,ALL5_LEVELS_bet23_to_bet27,395.1503,395.1503,395.1503,0.0000,0.0000,4.000000,4.000000,4.000000,0.000000,0.000000,96.000000,96.000000,96.000000,100.000000,100.000000,5.0,1185.4509,1138.6651,8693.3065,8740.0923,PENDING_AG03,FALSE,NOT_FOR_ENFORCEMENT,9483.6071,484680.3568,9878.7574,9483.6071,395.1503,0.01770420,0.01699603,395.1503,9483.6071,0.01699603,395.1503,395.1503,395.1503,0.0000,0.0000,9483.6071,0.01699603,1185.4509,1138.6651,8693.3065,8740.0923,0.01557970,0.01566354,0.00070817,22.4534,20.6030,0.4031,82.3230,2.6463,4649.9123,204.2083,25.9152,21.1137,12.8578,14.5296,26.176,48.8436,54.2173,102.8621,13.088,0.0,3.731508,7.079487,1.545355,30,207,63,6,0.32204186,0.01770420,-0.00338982,0E-8,0.000000,0.904812,0.002133,0.03111404,2026-03-21,2026-08-06,120,3733,1703,139,0.863309,1.227414,1.154177,1.073473,,,,,,,,GLOBAL_BASELINE_NO_ENTITY_RANKING,,,NOT_APPLICABLE_GLOBAL_BASELINE,HF9g-P5,,,,X 全窗基线 · 不参与实体赏罚,15052319,1506,A168_HF9F_20260827_0900,2026-08-27 09:00:00
2026-05-04,127529701,-1,1,431.9962638164,44.0688080534,44.0688080534,0.5517241,33,33,0.50015120909090909,0.500151209091,0.5554574681815606,0.5554574681805815,0.5554574681815606,-9.091E-14,SENTINEL_DEALER,R03b_20260811_FULL_v1,L1_ELIGIBILITY,v2026-08-11,2026-03-21..2026-08-06,baccarat_bet02_101_all_pairs_incl_sentinel,round_win = game_pnl > 0 (decisive only),COMPATIBILITY_ONLY_NOT_PRODUCTION,557989.4742,504875.3716,9878.7574,24851,24505,-0.01770420,0.00338982,-0.02772422,-0.01770420,-9878.7574,557989.4742,OK,0.0000,395.1503,4.0000,96.0000,AG03-UNRESOLVED,ALL5_LEVELS_bet23_to_bet27,395.1503,395.1503,395.1503,0.0000,0.0000,4.000000,4.000000,4.000000,0.000000,0.000000,96.000000,96.000000,96.000000,100.000000,100.000000,5.0,1185.4509,1138.6651,8693.3065,8740.0923,PENDING_AG03,FALSE,NOT_FOR_ENFORCEMENT,9483.6071,484680.3568,9878.7574,9483.6071,395.1503,0.01770420,0.01699603,395.1503,9483.6071,0.01699603,395.1503,395.1503,395.1503,0.0000,0.0000,9483.6071,0.01699603,1185.4509,1138.6651,8693.3065,8740.0923,0.01557970,0.01566354,0.00070817,22.4534,20.6030,0.4031,82.3230,2.6463,4649.9123,204.2083,25.9152,21.1137,12.8578,14.5296,26.176,48.8436,54.2173,102.8621,13.088,0.0,3.731508,7.079487,1.545355,30,207,63,6,0.32204186,0.01770420,-0.00338982,0E-8,0.000000,0.904812,0.002133,0.03111404,2026-03-21,2026-08-06,120,3733,1703,139,0.863309,1.227414,1.154177,1.073473,,,,,,,,GLOBAL_BASELINE_NO_ENTITY_RANKING,,,NOT_APPLICABLE_GLOBAL_BASELINE,HF9g-P5,,,,X 全窗基线 · 不参与实体赏罚,15052320,1506,A168_HF9F_20260827_0900,2026-08-27 09:00:00
2026-05-04,127529701,1157,0,40.7347828344,-40.7347828344,-40.7347828344,0E-7,3,3,0.50665070000000000,0.506650700000,-1.7552447903592512,-1.7552447903592512,-1.7552447903592512,0E-17,ELIGIBLE,R03b_20260811_FULL_v1,L1_ELIGIBILITY,v2026-08-11,2026-03-21..2026-08-06,baccarat_bet02_101_all_pairs_incl_sentinel,round_win = game_pnl > 0 (decisive only),COMPATIBILITY_ONLY_NOT_PRODUCTION,557989.4742,504875.3716,9878.7574,24851,24505,-0.01770420,0.00338982,-0.02772422,-0.01770420,-9878.7574,557989.4742,OK,0.0000,395.1503,4.0000,96.0000,AG03-UNRESOLVED,ALL5_LEVELS_bet23_to_bet27,395.1503,395.1503,395.1503,0.0000,0.0000,4.000000,4.000000,4.000000,0.000000,0.000000,96.000000,96.000000,96.000000,100.000000,100.000000,5.0,1185.4509,1138.6651,8693.3065,8740.0923,PENDING_AG03,FALSE,NOT_FOR_ENFORCEMENT,9483.6071,484680.3568,9878.7574,9483.6071,395.1503,0.01770420,0.01699603,395.1503,9483.6071,0.01699603,395.1503,395.1503,395.1503,0.0000,0.0000,9483.6071,0.01699603,1185.4509,1138.6651,8693.3065,8740.0923,0.01557970,0.01566354,0.00070817,22.4534,20.6030,0.4031,82.3230,2.6463,4649.9123,204.2083,25.9152,21.1137,12.8578,14.5296,26.176,48.8436,54.2173,102.8621,13.088,0.0,3.731508,7.079487,1.545355,30,207,63,6,0.32204186,0.01770420,-0.00338982,0E-8,0.000000,0.904812,0.002133,0.03111404,2026-03-21,2026-08-06,120,3733,1703,139,0.863309,1.227414,1.154177,1.073473,,,,,,,,GLOBAL_BASELINE_NO_ENTITY_RANKING,,,NOT_APPLICABLE_GLOBAL_BASELINE,HF9g-P5,,,,X 全窗基线 · 不参与实体赏罚,15052321,1506,A168_HF9F_20260827_0900,2026-08-27 09:00:00
2026-05-04,127529701,1205,0,231.9547506620,12.5836749522,12.5836749522,0.5263158,19,19,0.49818425789473684,0.498184257895,0.24524662368134037,0.2452466236790457,0.24524662368134037,-2.6316E-13,ELIGIBLE,R03b_20260811_FULL_v1,L1_ELIGIBILITY,v2026-08-11,2026-03-21..2026-08-06,baccarat_bet02_101_all_pairs_incl_sentinel,round_win = game_pnl > 0 (decisive only),COMPATIBILITY_ONLY_NOT_PRODUCTION,557989.4742,504875.3716,9878.7574,24851,24505,-0.01770420,0.00338982,-0.02772422,-0.01770420,-9878.7574,557989.4742,OK,0.0000,395.1503,4.0000,96.0000,AG03-UNRESOLVED,ALL5_LEVELS_bet23_to_bet27,395.1503,395.1503,395.1503,0.0000,0.0000,4.000000,4.000000,4.000000,0.000000,0.000000,96.000000,96.000000,96.000000,100.000000,100.000000,5.0,1185.4509,1138.6651,8693.3065,8740.0923,PENDING_AG03,FALSE,NOT_FOR_ENFORCEMENT,9483.6071,484680.3568,9878.7574,9483.6071,395.1503,0.01770420,0.01699603,395.1503,9483.6071,0.01699603,395.1503,395.1503,395.1503,0.0000,0.0000,9483.6071,0.01699603,1185.4509,1138.6651,8693.3065,8740.0923,0.01557970,0.01566354,0.00070817,22.4534,20.6030,0.4031,82.3230,2.6463,4649.9123,204.2083,25.9152,21.1137,12.8578,14.5296,26.176,48.8436,54.2173,102.8621,13.088,0.0,3.731508,7.079487,1.545355,30,207,63,6,0.32204186,0.01770420,-0.00338982,0E-8,0.000000,0.904812,0.002133,0.03111404,2026-03-21,2026-08-06,120,3733,1703,139,0.863309,1.227414,1.154177,1.073473,,,,,,,,GLOBAL_BASELINE_NO_ENTITY_RANKING,,,NOT_APPLICABLE_GLOBAL_BASELINE,HF9g-P5,,,,X 全窗基线 · 不参与实体赏罚,15052322,1506,A168_HF9F_20260827_0900,2026-08-27 09:00:00
2026-05-04,127529701,1210,0,296.3001401069,10.3782886202,10.3782886202,0.5454545,24,24,0.50050665000000000,0.500506650000,0.4216488508914952,0.4216488508914952,0.4216488508914952,0E-17,ELIGIBLE,R03b_20260811_FULL_v1,L1_ELIGIBILITY,v2026-08-11,2026-03-21..2026-08-06,baccarat_bet02_101_all_pairs_incl_sentinel,round_win = game_pnl > 0 (decisive only),COMPATIBILITY_ONLY_NOT_PRODUCTION,557989.4742,504875.3716,9878.7574,24851,24505,-0.01770420,0.00338982,-0.02772422,-0.01770420,-9878.7574,557989.4742,OK,0.0000,395.1503,4.0000,96.0000,AG03-UNRESOLVED,ALL5_LEVELS_bet23_to_bet27,395.1503,395.1503,395.1503,0.0000,0.0000,4.000000,4.000000,4.000000,0.000000,0.000000,96.000000,96.000000,96.000000,100.000000,100.000000,5.0,1185.4509,1138.6651,8693.3065,8740.0923,PENDING_AG03,FALSE,NOT_FOR_ENFORCEMENT,9483.6071,484680.3568,9878.7574,9483.6071,395.1503,0.01770420,0.01699603,395.1503,9483.6071,0.01699603,395.1503,395.1503,395.1503,0.0000,0.0000,9483.6071,0.01699603,1185.4509,1138.6651,8693.3065,8740.0923,0.01557970,0.01566354,0.00070817,22.4534,20.6030,0.4031,82.3230,2.6463,4649.9123,204.2083,25.9152,21.1137,12.8578,14.5296,26.176,48.8436,54.2173,102.8621,13.088,0.0,3.731508,7.079487,1.545355,30,207,63,6,0.32204186,0.01770420,-0.00338982,0E-8,0.000000,0.904812,0.002133,0.03111404,2026-03-21,2026-08-06,120,3733,1703,139,0.863309,1.227414,1.154177,1.073473,,,,,,,,GLOBAL_BASELINE_NO_ENTITY_RANKING,,,NOT_APPLICABLE_GLOBAL_BASELINE,HF9g-P5,,,,X 全窗基线 · 不参与实体赏罚,15052323,1506,A168_HF9F_20260827_0900,2026-08-27 09:00:00
2026-05-04,127529701,1221,0,145.2960406830,47.0914846142,47.0914846142,0.6923077,14,14,0.49899058571428571,0.498990585714,1.3940323213036445,1.3940323213057062,1.3940323213036445,2.8571E-13,ELIGIBLE,R03b_20260811_FULL_v1,L1_ELIGIBILITY,v2026-08-11,2026-03-21..2026-08-06,baccarat_bet02_101_all_pairs_incl_sentinel,round_win = game_pnl > 0 (decisive only),COMPATIBILITY_ONLY_NOT_PRODUCTION,557989.4742,504875.3716,9878.7574,24851,24505,-0.01770420,0.00338982,-0.02772422,-0.01770420,-9878.7574,557989.4742,OK,0.0000,395.1503,4.0000,96.0000,AG03-UNRESOLVED,ALL5_LEVELS_bet23_to_bet27,395.1503,395.1503,395.1503,0.0000,0.0000,4.000000,4.000000,4.000000,0.000000,0.000000,96.000000,96.000000,96.000000,100.000000,100.000000,5.0,1185.4509,1138.6651,8693.3065,8740.0923,PENDING_AG03,FALSE,NOT_FOR_ENFORCEMENT,9483.6071,484680.3568,9878.7574,9483.6071,395.1503,0.01770420,0.01699603,395.1503,9483.6071,0.01699603,395.1503,395.1503,395.1503,0.0000,0.0000,9483.6071,0.01699603,1185.4509,1138.6651,8693.3065,8740.0923,0.01557970,0.01566354,0.00070817,22.4534,20.6030,0.4031,82.3230,2.6463,4649.9123,204.2083,25.9152,21.1137,12.8578,14.5296,26.176,48.8436,54.2173,102.8621,13.088,0.0,3.731508,7.079487,1.545355,30,207,63,6,0.32204186,0.01770420,-0.00338982,0E-8,0.000000,0.904812,0.002133,0.03111404,2026-03-21,2026-08-06,120,3733,1703,139,0.863309,1.227414,1.154177,1.073473,,,,,,,,GLOBAL_BASELINE_NO_ENTITY_RANKING,,,NOT_APPLICABLE_GLOBAL_BASELINE,HF9g-P5,,,,X 全窗基线 · 不参与实体赏罚,15052324,1506,A168_HF9F_20260827_0900,2026-08-27 09:00:00
2026-05-04,127529701,1291,0,90.8100254270,-64.8643038764,-64.8643038764,0.1666667,6,6,0.49771390000000000,0.497713900000,-1.6218105569273533,-1.6218105569273533,-1.6218105569273533,0E-17,ELIGIBLE,R03b_20260811_FULL_v1,L1_ELIGIBILITY,v2026-08-11,2026-03-21..2026-08-06,baccarat_bet02_101_all_pairs_incl_sentinel,round_win = game_pnl > 0 (decisive only),COMPATIBILITY_ONLY_NOT_PRODUCTION,557989.4742,504875.3716,9878.7574,24851,24505,-0.01770420,0.00338982,-0.02772422,-0.01770420,-9878.7574,557989.4742,OK,0.0000,395.1503,4.0000,96.0000,AG03-UNRESOLVED,ALL5_LEVELS_bet23_to_bet27,395.1503,395.1503,395.1503,0.0000,0.0000,4.000000,4.000000,4.000000,0.000000,0.000000,96.000000,96.000000,96.000000,100.000000,100.000000,5.0,1185.4509,1138.6651,8693.3065,8740.0923,PENDING_AG03,FALSE,NOT_FOR_ENFORCEMENT,9483.6071,484680.3568,9878.7574,9483.6071,395.1503,0.01770420,0.01699603,395.1503,9483.6071,0.01699603,395.1503,395.1503,395.1503,0.0000,0.0000,9483.6071,0.01699603,1185.4509,1138.6651,8693.3065,8740.0923,0.01557970,0.01566354,0.00070817,22.4534,20.6030,0.4031,82.3230,2.6463,4649.9123,204.2083,25.9152,21.1137,12.8578,14.5296,26.176,48.8436,54.2173,102.8621,13.088,0.0,3.731508,7.079487,1.545355,30,207,63,6,0.32204186,0.01770420,-0.00338982,0E-8,0.000000,0.904812,0.002133,0.03111404,2026-03-21,2026-08-06,120,3733,1703,139,0.863309,1.227414,1.154177,1.073473,,,,,,,,GLOBAL_BASELINE_NO_ENTITY_RANKING,,,NOT_APPLICABLE_GLOBAL_BASELINE,HF9g-P5,,,,X 全窗基线 · 不参与实体赏罚,15052325,1506,A168_HF9F_20260827_0900,2026-08-27 09:00:00
2026-05-04,127529701,1307,0,105.5990867106,18.1620050855,18.1620050855,0.5714286,7,7,0.49899058571428571,0.498990585714,0.38330657246501415,0.3833065724665265,0.38330657246501415,2.8571E-13,ELIGIBLE,R03b_20260811_FULL_v1,L1_ELIGIBILITY,v2026-08-11,2026-03-21..2026-08-06,baccarat_bet02_101_all_pairs_incl_sentinel,round_win = game_pnl > 0 (decisive only),COMPATIBILITY_ONLY_NOT_PRODUCTION,557989.4742,504875.3716,9878.7574,24851,24505,-0.01770420,0.00338982,-0.02772422,-0.01770420,-9878.7574,557989.4742,OK,0.0000,395.1503,4.0000,96.0000,AG03-UNRESOLVED,ALL5_LEVELS_bet23_to_bet27,395.1503,395.1503,395.1503,0.0000,0.0000,4.000000,4.000000,4.000000,0.000000,0.000000,96.000000,96.000000,96.000000,100.000000,100.000000,5.0,1185.4509,1138.6651,8693.3065,8740.0923,PENDING_AG03,FALSE,NOT_FOR_ENFORCEMENT,9483.6071,484680.3568,9878.7574,9483.6071,395.1503,0.01770420,0.01699603,395.1503,9483.6071,0.01699603,395.1503,395.1503,395.1503,0.0000,0.0000,9483.6071,0.01699603,1185.4509,1138.6651,8693.3065,8740.0923,0.01557970,0.01566354,0.00070817,22.4534,20.6030,0.4031,82.3230,2.6463,4649.9123,204.2083,25.9152,21.1137,12.8578,14.5296,26.176,48.8436,54.2173,102.8621,13.088,0.0,3.731508,7.079487,1.545355,30,207,63,6,0.32204186,0.01770420,-0.00338982,0E-8,0.000000,0.904812,0.002133,0.03111404,2026-03-21,2026-08-06,120,3733,1703,139,0.863309,1.227414,1.154177,1.073473,,,,,,,,GLOBAL_BASELINE_NO_ENTITY_RANKING,,,NOT_APPLICABLE_GLOBAL_BASELINE,HF9g-P5,,,,X 全窗基线 · 不参与实体赏罚,15052326,1506,A168_HF9F_20260827_0900,2026-08-27 09:00:00
2026-05-04,127529701,1318,0,111.3071454517,21.1457630637,21.1457630637,0.5555556,10,10,0.49994810000000000,0.499948100000,0.33364473513075094,0.33364473513075094,0.33364473513075094,0E-17,ELIGIBLE,R03b_20260811_FULL_v1,L1_ELIGIBILITY,v2026-08-11,2026-03-21..2026-08-06,baccarat_bet02_101_all_pairs_incl_sentinel,round_win = game_pnl > 0 (decisive only),COMPATIBILITY_ONLY_NOT_PRODUCTION,557989.4742,504875.3716,9878.7574,24851,24505,-0.01770420,0.00338982,-0.02772422,-0.01770420,-9878.7574,557989.4742,OK,0.0000,395.1503,4.0000,96.0000,AG03-UNRESOLVED,ALL5_LEVELS_bet23_to_bet27,395.1503,395.1503,395.1503,0.0000,0.0000,4.000000,4.000000,4.000000,0.000000,0.000000,96.000000,96.000000,96.000000,100.000000,100.000000,5.0,1185.4509,1138.6651,8693.3065,8740.0923,PENDING_AG03,FALSE,NOT_FOR_ENFORCEMENT,9483.6071,484680.3568,9878.7574,9483.6071,395.1503,0.01770420,0.01699603,395.1503,9483.6071,0.01699603,395.1503,395.1503,395.1503,0.0000,0.0000,9483.6071,0.01699603,1185.4509,1138.6651,8693.3065,8740.0923,0.01557970,0.01566354,0.00070817,22.4534,20.6030,0.4031,82.3230,2.6463,4649.9123,204.2083,25.9152,21.1137,12.8578,14.5296,26.176,48.8436,54.2173,102.8621,13.088,0.0,3.731508,7.079487,1.545355,30,207,63,6,0.32204186,0.01770420,-0.00338982,0E-8,0.000000,0.904812,0.002133,0.03111404,2026-03-21,2026-08-06,120,3733,1703,139,0.863309,1.227414,1.154177,1.073473,,,,,,,,GLOBAL_BASELINE_NO_ENTITY_RANKING,,,NOT_APPLICABLE_GLOBAL_BASELINE,HF9g-P5,,,,X 全窗基线 · 不参与实体赏罚,15052327,1506,A168_HF9F_20260827_0900,2026-08-27 09:00:00
2026-05-04,127529701,1325,0,244.4086970059,8.4064137823,8.4064137823,0.5384615,14,14,0.50186312857142857,0.501863128571,0.2639167191656454,0.2639167191687351,0.2639167191656454,4.2857E-13,ELIGIBLE,R03b_20260811_FULL_v1,L1_ELIGIBILITY,v2026-08-11,2026-03-21..2026-08-06,baccarat_bet02_101_all_pairs_incl_sentinel,round_win = game_pnl > 0 (decisive only),COMPATIBILITY_ONLY_NOT_PRODUCTION,557989.4742,504875.3716,9878.7574,24851,24505,-0.01770420,0.00338982,-0.02772422,-0.01770420,-9878.7574,557989.4742,OK,0.0000,395.1503,4.0000,96.0000,AG03-UNRESOLVED,ALL5_LEVELS_bet23_to_bet27,395.1503,395.1503,395.1503,0.0000,0.0000,4.000000,4.000000,4.000000,0.000000,0.000000,96.000000,96.000000,96.000000,100.000000,100.000000,5.0,1185.4509,1138.6651,8693.3065,8740.0923,PENDING_AG03,FALSE,NOT_FOR_ENFORCEMENT,9483.6071,484680.3568,9878.7574,9483.6071,395.1503,0.01770420,0.01699603,395.1503,9483.6071,0.01699603,395.1503,395.1503,395.1503,0.0000,0.0000,9483.6071,0.01699603,1185.4509,1138.6651,8693.3065,8740.0923,0.01557970,0.01566354,0.00070817,22.4534,20.6030,0.4031,82.3230,2.6463,4649.9123,204.2083,25.9152,21.1137,12.8578,14.5296,26.176,48.8436,54.2173,102.8621,13.088,0.0,3.731508,7.079487,1.545355,30,207,63,6,0.32204186,0.01770420,-0.00338982,0E-8,0.000000,0.904812,0.002133,0.03111404,2026-03-21,2026-08-06,120,3733,1703,139,0.863309,1.227414,1.154177,1.073473,,,,,,,,GLOBAL_BASELINE_NO_ENTITY_RANKING,,,NOT_APPLICABLE_GLOBAL_BASELINE,HF9g-P5,,,,X 全窗基线 · 不参与实体赏罚,15052328,1506,A168_HF9F_20260827_0900,2026-08-27 09:00:00
2026-05-04,127529701,1330,0,58.1184162732,-31.8094546209,-31.8094546209,0.2500000,4,4,0.50329940000000000,0.503299400000,-1.013219660140378,-1.013219660140378,-1.013219660140378,0E-17,ELIGIBLE,R03b_20260811_FULL_v1,L1_ELIGIBILITY,v2026-08-11,2026-03-21..2026-08-06,baccarat_bet02_101_all_pairs_incl_sentinel,round_win = game_pnl > 0 (decisive only),COMPATIBILITY_ONLY_NOT_PRODUCTION,557989.4742,504875.3716,9878.7574,24851,24505,-0.01770420,0.00338982,-0.02772422,-0.01770420,-9878.7574,557989.4742,OK,0.0000,395.1503,4.0000,96.0000,AG03-UNRESOLVED,ALL5_LEVELS_bet23_to_bet27,395.1503,395.1503,395.1503,0.0000,0.0000,4.000000,4.000000,4.000000,0.000000,0.000000,96.000000,96.000000,96.000000,100.000000,100.000000,5.0,1185.4509,1138.6651,8693.3065,8740.0923,PENDING_AG03,FALSE,NOT_FOR_ENFORCEMENT,9483.6071,484680.3568,9878.7574,9483.6071,395.1503,0.01770420,0.01699603,395.1503,9483.6071,0.01699603,395.1503,395.1503,395.1503,0.0000,0.0000,9483.6071,0.01699603,1185.4509,1138.6651,8693.3065,8740.0923,0.01557970,0.01566354,0.00070817,22.4534,20.6030,0.4031,82.3230,2.6463,4649.9123,204.2083,25.9152,21.1137,12.8578,14.5296,26.176,48.8436,54.2173,102.8621,13.088,0.0,3.731508,7.079487,1.545355,30,207,63,6,0.32204186,0.01770420,-0.00338982,0E-8,0.000000,0.904812,0.002133,0.03111404,2026-03-21,2026-08-06,120,3733,1703,139,0.863309,1.227414,1.154177,1.073473,,,,,,,,GLOBAL_BASELINE_NO_ENTITY_RANKING,,,NOT_APPLICABLE_GLOBAL_BASELINE,HF9g-P5,,,,X 全窗基线 · 不参与实体赏罚,15052329,1506,A168_HF9F_20260827_0900,2026-08-27 09:00:00
2026-05-04,127529701,1402,0,442.6340096516,-122.6713714909,-122.6713714909,0.4400000,27,27,0.50069283333333333,0.500692833333,-0.6069289160072555,-0.6069289160039216,-0.6069289160072555,3.3333E-13,ELIGIBLE,R03b_20260811_FULL_v1,L1_ELIGIBILITY,v2026-08-11,2026-03-21..2026-08-06,baccarat_bet02_101_all_pairs_incl_sentinel,round_win = game_pnl > 0 (decisive only),COMPATIBILITY_ONLY_NOT_PRODUCTION,557989.4742,504875.3716,9878.7574,24851,24505,-0.01770420,0.00338982,-0.02772422,-0.01770420,-9878.7574,557989.4742,OK,0.0000,395.1503,4.0000,96.0000,AG03-UNRESOLVED,ALL5_LEVELS_bet23_to_bet27,395.1503,395.1503,395.1503,0.0000,0.0000,4.000000,4.000000,4.000000,0.000000,0.000000,96.000000,96.000000,96.000000,100.000000,100.000000,5.0,1185.4509,1138.6651,8693.3065,8740.0923,PENDING_AG03,FALSE,NOT_FOR_ENFORCEMENT,9483.6071,484680.3568,9878.7574,9483.6071,395.1503,0.01770420,0.01699603,395.1503,9483.6071,0.01699603,395.1503,395.1503,395.1503,0.0000,0.0000,9483.6071,0.01699603,1185.4509,1138.6651,8693.3065,8740.0923,0.01557970,0.01566354,0.00070817,22.4534,20.6030,0.4031,82.3230,2.6463,4649.9123,204.2083,25.9152,21.1137,12.8578,14.5296,26.176,48.8436,54.2173,102.8621,13.088,0.0,3.731508,7.079487,1.545355,30,207,63,6,0.32204186,0.01770420,-0.00338982,0E-8,0.000000,0.904812,0.002133,0.03111404,2026-03-21,2026-08-06,120,3733,1703,139,0.863309,1.227414,1.154177,1.073473,,,,,,,,GLOBAL_BASELINE_NO_ENTITY_RANKING,,,NOT_APPLICABLE_GLOBAL_BASELINE,HF9g-P5,,,,X 全窗基线 · 不参与实体赏罚,15052330,1506,A168_HF9F_20260827_0900,2026-08-27 09:00:00
2026-05-04,127529701,1505,0,208.6036012663,-41.7726116963,-41.7726116963,0.4000000,13,12,0.49912497368421136,0.499389550000,-0.6269223397260316,-0.6285951757295327,-0.6269223397260316,-0.00026457631578864,ELIGIBLE,R03b_20260811_FULL_v1,L1_ELIGIBILITY,v2026-08-11,2026-03-21..2026-08-06,baccarat_bet02_101_all_pairs_incl_sentinel,round_win = game_pnl > 0 (decisive only),COMPATIBILITY_ONLY_NOT_PRODUCTION,557989.4742,504875.3716,9878.7574,24851,24505,-0.01770420,0.00338982,-0.02772422,-0.01770420,-9878.7574,557989.4742,OK,0.0000,395.1503,4.0000,96.0000,AG03-UNRESOLVED,ALL5_LEVELS_bet23_to_bet27,395.1503,395.1503,395.1503,0.0000,0.0000,4.000000,4.000000,4.000000,0.000000,0.000000,96.000000,96.000000,96.000000,100.000000,100.000000,5.0,1185.4509,1138.6651,8693.3065,8740.0923,PENDING_AG03,FALSE,NOT_FOR_ENFORCEMENT,9483.6071,484680.3568,9878.7574,9483.6071,395.1503,0.01770420,0.01699603,395.1503,9483.6071,0.01699603,395.1503,395.1503,395.1503,0.0000,0.0000,9483.6071,0.01699603,1185.4509,1138.6651,8693.3065,8740.0923,0.01557970,0.01566354,0.00070817,22.4534,20.6030,0.4031,82.3230,2.6463,4649.9123,204.2083,25.9152,21.1137,12.8578,14.5296,26.176,48.8436,54.2173,102.8621,13.088,0.0,3.731508,7.079487,1.545355,30,207,63,6,0.32204186,0.01770420,-0.00338982,0E-8,0.000000,0.904812,0.002133,0.03111404,2026-03-21,2026-08-06,120,3733,1703,139,0.863309,1.227414,1.154177,1.073473,,,,,,,,GLOBAL_BASELINE_NO_ENTITY_RANKING,,,NOT_APPLICABLE_GLOBAL_BASELINE,HF9g-P5,,,,X 全窗基线 · 不参与实体赏罚,15052331,1506,A168_HF9F_20260827_0900,2026-08-27 09:00:00
2026-05-04,127529701,1623,0,49.2968709460,27.8916506668,27.8916506668,0.6666667,3,3,0.49771390000000000,0.497713900000,0.5852756695216578,0.5852756695216578,0.5852756695216578,0E-17,ELIGIBLE,R03b_20260811_FULL_v1,L1_ELIGIBILITY,v2026-08-11,2026-03-21..2026-08-06,baccarat_bet02_101_all_pairs_incl_sentinel,round_win = game_pnl > 0 (decisive only),COMPATIBILITY_ONLY_NOT_PRODUCTION,557989.4742,504875.3716,9878.7574,24851,24505,-0.01770420,0.00338982,-0.02772422,-0.01770420,-9878.7574,557989.4742,OK,0.0000,395.1503,4.0000,96.0000,AG03-UNRESOLVED,ALL5_LEVELS_bet23_to_bet27,395.1503,395.1503,395.1503,0.0000,0.0000,4.000000,4.000000,4.000000,0.000000,0.000000,96.000000,96.000000,96.000000,100.000000,100.000000,5.0,1185.4509,1138.6651,8693.3065,8740.0923,PENDING_AG03,FALSE,NOT_FOR_ENFORCEMENT,9483.6071,484680.3568,9878.7574,9483.6071,395.1503,0.01770420,0.01699603,395.1503,9483.6071,0.01699603,395.1503,395.1503,395.1503,0.0000,0.0000,9483.6071,0.01699603,1185.4509,1138.6651,8693.3065,8740.0923,0.01557970,0.01566354,0.00070817,22.4534,20.6030,0.4031,82.3230,2.6463,4649.9123,204.2083,25.9152,21.1137,12.8578,14.5296,26.176,48.8436,54.2173,102.8621,13.088,0.0,3.731508,7.079487,1.545355,30,207,63,6,0.32204186,0.01770420,-0.00338982,0E-8,0.000000,0.904812,0.002133,0.03111404,2026-03-21,2026-08-06,120,3733,1703,139,0.863309,1.227414,1.154177,1.073473,,,,,,,,GLOBAL_BASELINE_NO_ENTITY_RANKING,,,NOT_APPLICABLE_GLOBAL_BASELINE,HF9g-P5,,,,X 全窗基线 · 不参与实体赏罚,15052332,1506,A168_HF9F_20260827_0900,2026-08-27 09:00:00
2026-05-04,127529701,1750,0,99.3721135384,31.1348658606,31.1348658606,0.7500000,7,7,0.49516052857142857,0.495160528571,1.0194056367788809,1.0194056367806037,1.0194056367788809,4.2857E-13,ELIGIBLE,R03b_20260811_FULL_v1,L1_ELIGIBILITY,v2026-08-11,2026-03-21..2026-08-06,baccarat_bet02_101_all_pairs_incl_sentinel,round_win = game_pnl > 0 (decisive only),COMPATIBILITY_ONLY_NOT_PRODUCTION,557989.4742,504875.3716,9878.7574,24851,24505,-0.01770420,0.00338982,-0.02772422,-0.01770420,-9878.7574,557989.4742,OK,0.0000,395.1503,4.0000,96.0000,AG03-UNRESOLVED,ALL5_LEVELS_bet23_to_bet27,395.1503,395.1503,395.1503,0.0000,0.0000,4.000000,4.000000,4.000000,0.000000,0.000000,96.000000,96.000000,96.000000,100.000000,100.000000,5.0,1185.4509,1138.6651,8693.3065,8740.0923,PENDING_AG03,FALSE,NOT_FOR_ENFORCEMENT,9483.6071,484680.3568,9878.7574,9483.6071,395.1503,0.01770420,0.01699603,395.1503,9483.6071,0.01699603,395.1503,395.1503,395.1503,0.0000,0.0000,9483.6071,0.01699603,1185.4509,1138.6651,8693.3065,8740.0923,0.01557970,0.01566354,0.00070817,22.4534,20.6030,0.4031,82.3230,2.6463,4649.9123,204.2083,25.9152,21.1137,12.8578,14.5296,26.176,48.8436,54.2173,102.8621,13.088,0.0,3.731508,7.079487,1.545355,30,207,63,6,0.32204186,0.01770420,-0.00338982,0E-8,0.000000,0.904812,0.002133,0.03111404,2026-03-21,2026-08-06,120,3733,1703,139,0.863309,1.227414,1.154177,1.073473,,,,,,,,GLOBAL_BASELINE_NO_ENTITY_RANKING,,,NOT_APPLICABLE_GLOBAL_BASELINE,HF9g-P5,,,,X 全窗基线 · 不参与实体赏罚,15052333,1506,A168_HF9F_20260827_0900,2026-08-27 09:00:00
2026-05-04,127529701,2088,0,38.3996678947,13.4917752063,13.4917752063,0.3333333,3,3,0.49324550000000000,0.493245500000,-0.5540025479526107,-0.5540025479526106,-0.5540025479526107,0E-17,ELIGIBLE,R03b_20260811_FULL_v1,L1_ELIGIBILITY,v2026-08-11,2026-03-21..2026-08-06,baccarat_bet02_101_all_pairs_incl_sentinel,round_win = game_pnl > 0 (decisive only),COMPATIBILITY_ONLY_NOT_PRODUCTION,557989.4742,504875.3716,9878.7574,24851,24505,-0.01770420,0.00338982,-0.02772422,-0.01770420,-9878.7574,557989.4742,OK,0.0000,395.1503,4.0000,96.0000,AG03-UNRESOLVED,ALL5_LEVELS_bet23_to_bet27,395.1503,395.1503,395.1503,0.0000,0.0000,4.000000,4.000000,4.000000,0.000000,0.000000,96.000000,96.000000,96.000000,100.000000,100.000000,5.0,1185.4509,1138.6651,8693.3065,8740.0923,PENDING_AG03,FALSE,NOT_FOR_ENFORCEMENT,9483.6071,484680.3568,9878.7574,9483.6071,395.1503,0.01770420,0.01699603,395.1503,9483.6071,0.01699603,395.1503,395.1503,395.1503,0.0000,0.0000,9483.6071,0.01699603,1185.4509,1138.6651,8693.3065,8740.0923,0.01557970,0.01566354,0.00070817,22.4534,20.6030,0.4031,82.3230,2.6463,4649.9123,204.2083,25.9152,21.1137,12.8578,14.5296,26.176,48.8436,54.2173,102.8621,13.088,0.0,3.731508,7.079487,1.545355,30,207,63,6,0.32204186,0.01770420,-0.00338982,0E-8,0.000000,0.904812,0.002133,0.03111404,2026-03-21,2026-08-06,120,3733,1703,139,0.863309,1.227414,1.154177,1.073473,,,,,,,,GLOBAL_BASELINE_NO_ENTITY_RANKING,,,NOT_APPLICABLE_GLOBAL_BASELINE,HF9g-P5,,,,X 全窗基线 · 不参与实体赏罚,15052334,1506,A168_HF9F_20260827_0900,2026-08-27 09:00:00
2026-05-04,127529701,2093,0,130.5069793991,-27.3727362358,-27.3727362358,0.2857143,8,8,0.49994810000000000,0.499948100000,-1.133618796148647,-1.133618796148647,-1.133618796148647,0E-17,ELIGIBLE,R03b_20260811_FULL_v1,L1_ELIGIBILITY,v2026-08-11,2026-03-21..2026-08-06,baccarat_bet02_101_all_pairs_incl_sentinel,round_win = game_pnl > 0 (decisive only),COMPATIBILITY_ONLY_NOT_PRODUCTION,557989.4742,504875.3716,9878.7574,24851,24505,-0.01770420,0.00338982,-0.02772422,-0.01770420,-9878.7574,557989.4742,OK,0.0000,395.1503,4.0000,96.0000,AG03-UNRESOLVED,ALL5_LEVELS_bet23_to_bet27,395.1503,395.1503,395.1503,0.0000,0.0000,4.000000,4.000000,4.000000,0.000000,0.000000,96.000000,96.000000,96.000000,100.000000,100.000000,5.0,1185.4509,1138.6651,8693.3065,8740.0923,PENDING_AG03,FALSE,NOT_FOR_ENFORCEMENT,9483.6071,484680.3568,9878.7574,9483.6071,395.1503,0.01770420,0.01699603,395.1503,9483.6071,0.01699603,395.1503,395.1503,395.1503,0.0000,0.0000,9483.6071,0.01699603,1185.4509,1138.6651,8693.3065,8740.0923,0.01557970,0.01566354,0.00070817,22.4534,20.6030,0.4031,82.3230,2.6463,4649.9123,204.2083,25.9152,21.1137,12.8578,14.5296,26.176,48.8436,54.2173,102.8621,13.088,0.0,3.731508,7.079487,1.545355,30,207,63,6,0.32204186,0.01770420,-0.00338982,0E-8,0.000000,0.904812,0.002133,0.03111404,2026-03-21,2026-08-06,120,3733,1703,139,0.863309,1.227414,1.154177,1.073473,,,,,,,,GLOBAL_BASELINE_NO_ENTITY_RANKING,,,NOT_APPLICABLE_GLOBAL_BASELINE,HF9g-P5,,,,X 全窗基线 · 不参与实体赏罚,15052335,1506,A168_HF9F_20260827_0900,2026-08-27 09:00:00
2026-05-04,127529701,2106,0,188.1064812412,-55.5238441181,-55.5238441181,0.4000000,10,10,0.50262914000000000,0.502629140000,-0.649092647016965,-0.649092647016965,-0.649092647016965,0E-17,ELIGIBLE,R03b_20260811_FULL_v1,L1_ELIGIBILITY,v2026-08-11,2026-03-21..2026-08-06,baccarat_bet02_101_all_pairs_incl_sentinel,round_win = game_pnl > 0 (decisive only),COMPATIBILITY_ONLY_NOT_PRODUCTION,557989.4742,504875.3716,9878.7574,24851,24505,-0.01770420,0.00338982,-0.02772422,-0.01770420,-9878.7574,557989.4742,OK,0.0000,395.1503,4.0000,96.0000,AG03-UNRESOLVED,ALL5_LEVELS_bet23_to_bet27,395.1503,395.1503,395.1503,0.0000,0.0000,4.000000,4.000000,4.000000,0.000000,0.000000,96.000000,96.000000,96.000000,100.000000,100.000000,5.0,1185.4509,1138.6651,8693.3065,8740.0923,PENDING_AG03,FALSE,NOT_FOR_ENFORCEMENT,9483.6071,484680.3568,9878.7574,9483.6071,395.1503,0.01770420,0.01699603,395.1503,9483.6071,0.01699603,395.1503,395.1503,395.1503,0.0000,0.0000,9483.6071,0.01699603,1185.4509,1138.6651,8693.3065,8740.0923,0.01557970,0.01566354,0.00070817,22.4534,20.6030,0.4031,82.3230,2.6463,4649.9123,204.2083,25.9152,21.1137,12.8578,14.5296,26.176,48.8436,54.2173,102.8621,13.088,0.0,3.731508,7.079487,1.545355,30,207,63,6,0.32204186,0.01770420,-0.00338982,0E-8,0.000000,0.904812,0.002133,0.03111404,2026-03-21,2026-08-06,120,3733,1703,139,0.863309,1.227414,1.154177,1.073473,,,,,,,,GLOBAL_BASELINE_NO_ENTITY_RANKING,,,NOT_APPLICABLE_GLOBAL_BASELINE,HF9g-P5,,,,X 全窗基线 · 不参与实体赏罚,15052336,1506,A168_HF9F_20260827_0900,2026-08-27 09:00:00
2026-05-04,127529701,2121,0,38.9185823258,12.9728607752,12.9728607752,0.5000000,2,2,0.49994810000000000,0.499948100000,0.00014679536856514622,0.00014679536856514622,0.00014679536856514622,0E-17,ELIGIBLE,R03b_20260811_FULL_v1,L1_ELIGIBILITY,v2026-08-11,2026-03-21..2026-08-06,baccarat_bet02_101_all_pairs_incl_sentinel,round_win = game_pnl > 0 (decisive only),COMPATIBILITY_ONLY_NOT_PRODUCTION,557989.4742,504875.3716,9878.7574,24851,24505,-0.01770420,0.00338982,-0.02772422,-0.01770420,-9878.7574,557989.4742,OK,0.0000,395.1503,4.0000,96.0000,AG03-UNRESOLVED,ALL5_LEVELS_bet23_to_bet27,395.1503,395.1503,395.1503,0.0000,0.0000,4.000000,4.000000,4.000000,0.000000,0.000000,96.000000,96.000000,96.000000,100.000000,100.000000,5.0,1185.4509,1138.6651,8693.3065,8740.0923,PENDING_AG03,FALSE,NOT_FOR_ENFORCEMENT,9483.6071,484680.3568,9878.7574,9483.6071,395.1503,0.01770420,0.01699603,395.1503,9483.6071,0.01699603,395.1503,395.1503,395.1503,0.0000,0.0000,9483.6071,0.01699603,1185.4509,1138.6651,8693.3065,8740.0923,0.01557970,0.01566354,0.00070817,22.4534,20.6030,0.4031,82.3230,2.6463,4649.9123,204.2083,25.9152,21.1137,12.8578,14.5296,26.176,48.8436,54.2173,102.8621,13.088,0.0,3.731508,7.079487,1.545355,30,207,63,6,0.32204186,0.01770420,-0.00338982,0E-8,0.000000,0.904812,0.002133,0.03111404,2026-03-21,2026-08-06,120,3733,1703,139,0.863309,1.227414,1.154177,1.073473,,,,,,,,GLOBAL_BASELINE_NO_ENTITY_RANKING,,,NOT_APPLICABLE_GLOBAL_BASELINE,HF9g-P5,,,,X 全窗基线 · 不参与实体赏罚,15052337,1506,A168_HF9F_20260827_0900,2026-08-27 09:00:00
2026-05-04,127529701,2145,0,200.3009703701,63.4891806341,63.4891806341,0.6923077,14,14,0.50282064285714286,0.502820642857,1.3664322885756406,1.3664322885766684,1.3664322885756406,1.4286E-13,ELIGIBLE,R03b_20260811_FULL_v1,L1_ELIGIBILITY,v2026-08-11,2026-03-21..2026-08-06,baccarat_bet02_101_all_pairs_incl_sentinel,round_win = game_pnl > 0 (decisive only),COMPATIBILITY_ONLY_NOT_PRODUCTION,557989.4742,504875.3716,9878.7574,24851,24505,-0.01770420,0.00338982,-0.02772422,-0.01770420,-9878.7574,557989.4742,OK,0.0000,395.1503,4.0000,96.0000,AG03-UNRESOLVED,ALL5_LEVELS_bet23_to_bet27,395.1503,395.1503,395.1503,0.0000,0.0000,4.000000,4.000000,4.000000,0.000000,0.000000,96.000000,96.000000,96.000000,100.000000,100.000000,5.0,1185.4509,1138.6651,8693.3065,8740.0923,PENDING_AG03,FALSE,NOT_FOR_ENFORCEMENT,9483.6071,484680.3568,9878.7574,9483.6071,395.1503,0.01770420,0.01699603,395.1503,9483.6071,0.01699603,395.1503,395.1503,395.1503,0.0000,0.0000,9483.6071,0.01699603,1185.4509,1138.6651,8693.3065,8740.0923,0.01557970,0.01566354,0.00070817,22.4534,20.6030,0.4031,82.3230,2.6463,4649.9123,204.2083,25.9152,21.1137,12.8578,14.5296,26.176,48.8436,54.2173,102.8621,13.088,0.0,3.731508,7.079487,1.545355,30,207,63,6,0.32204186,0.01770420,-0.00338982,0E-8,0.000000,0.904812,0.002133,0.03111404,2026-03-21,2026-08-06,120,3733,1703,139,0.863309,1.227414,1.154177,1.073473,,,,,,,,GLOBAL_BASELINE_NO_ENTITY_RANKING,,,NOT_APPLICABLE_GLOBAL_BASELINE,HF9g-P5,,,,X 全窗基线 · 不参与实体赏罚,15052338,1506,A168_HF9F_20260827_0900,2026-08-27 09:00:00
2026-05-04,127529701,2156,0,188.8848528879,-66.1226713716,-66.1226713716,0.2222222,10,10,0.50128862000000000,0.501288620000,-1.6744039475104004,-1.6744039475104007,-1.6744039475104004,0E-17,ELIGIBLE,R03b_20260811_FULL_v1,L1_ELIGIBILITY,v2026-08-11,2026-03-21..2026-08-06,baccarat_bet02_101_all_pairs_incl_sentinel,round_win = game_pnl > 0 (decisive only),COMPATIBILITY_ONLY_NOT_PRODUCTION,557989.4742,504875.3716,9878.7574,24851,24505,-0.01770420,0.00338982,-0.02772422,-0.01770420,-9878.7574,557989.4742,OK,0.0000,395.1503,4.0000,96.0000,AG03-UNRESOLVED,ALL5_LEVELS_bet23_to_bet27,395.1503,395.1503,395.1503,0.0000,0.0000,4.000000,4.000000,4.000000,0.000000,0.000000,96.000000,96.000000,96.000000,100.000000,100.000000,5.0,1185.4509,1138.6651,8693.3065,8740.0923,PENDING_AG03,FALSE,NOT_FOR_ENFORCEMENT,9483.6071,484680.3568,9878.7574,9483.6071,395.1503,0.01770420,0.01699603,395.1503,9483.6071,0.01699603,395.1503,395.1503,395.1503,0.0000,0.0000,9483.6071,0.01699603,1185.4509,1138.6651,8693.3065,8740.0923,0.01557970,0.01566354,0.00070817,22.4534,20.6030,0.4031,82.3230,2.6463,4649.9123,204.2083,25.9152,21.1137,12.8578,14.5296,26.176,48.8436,54.2173,102.8621,13.088,0.0,3.731508,7.079487,1.545355,30,207,63,6,0.32204186,0.01770420,-0.00338982,0E-8,0.000000,0.904812,0.002133,0.03111404,2026-03-21,2026-08-06,120,3733,1703,139,0.863309,1.227414,1.154177,1.073473,,,,,,,,GLOBAL_BASELINE_NO_ENTITY_RANKING,,,NOT_APPLICABLE_GLOBAL_BASELINE,HF9g-P5,,,,X 全窗基线 · 不参与实体赏罚,15052339,1506,A168_HF9F_20260827_0900,2026-08-27 09:00:00
2026-05-04,127529701,2170,0,307.9757148047,-15.9566187536,-15.9566187536,0.3809524,24,24,0.50106520000000000,0.501065200000,-1.1008546686151197,-1.1008546686151197,-1.1008546686151197,0E-17,ELIGIBLE,R03b_20260811_FULL_v1,L1_ELIGIBILITY,v2026-08-11,2026-03-21..2026-08-06,baccarat_bet02_101_all_pairs_incl_sentinel,round_win = game_pnl > 0 (decisive only),COMPATIBILITY_ONLY_NOT_PRODUCTION,557989.4742,504875.3716,9878.7574,24851,24505,-0.01770420,0.00338982,-0.02772422,-0.01770420,-9878.7574,557989.4742,OK,0.0000,395.1503,4.0000,96.0000,AG03-UNRESOLVED,ALL5_LEVELS_bet23_to_bet27,395.1503,395.1503,395.1503,0.0000,0.0000,4.000000,4.000000,4.000000,0.000000,0.000000,96.000000,96.000000,96.000000,100.000000,100.000000,5.0,1185.4509,1138.6651,8693.3065,8740.0923,PENDING_AG03,FALSE,NOT_FOR_ENFORCEMENT,9483.6071,484680.3568,9878.7574,9483.6071,395.1503,0.01770420,0.01699603,395.1503,9483.6071,0.01699603,395.1503,395.1503,395.1503,0.0000,0.0000,9483.6071,0.01699603,1185.4509,1138.6651,8693.3065,8740.0923,0.01557970,0.01566354,0.00070817,22.4534,20.6030,0.4031,82.3230,2.6463,4649.9123,204.2083,25.9152,21.1137,12.8578,14.5296,26.176,48.8436,54.2173,102.8621,13.088,0.0,3.731508,7.079487,1.545355,30,207,63,6,0.32204186,0.01770420,-0.00338982,0E-8,0.000000,0.904812,0.002133,0.03111404,2026-03-21,2026-08-06,120,3733,1703,139,0.863309,1.227414,1.154177,1.073473,,,,,,,,GLOBAL_BASELINE_NO_ENTITY_RANKING,,,NOT_APPLICABLE_GLOBAL_BASELINE,HF9g-P5,,,,X 全窗基线 · 不参与实体赏罚,15052340,1506,A168_HF9F_20260827_0900,2026-08-27 09:00:00
2026-05-04,127529701,2196,0,162.6796741218,13.1415079652,13.1415079652,0.5000000,13,13,0.49840134615384615,0.498401346154,0.011075855354156958,0.011075855353091038,0.011075855354156958,-1.5385E-13,ELIGIBLE,R03b_20260811_FULL_v1,L1_ELIGIBILITY,v2026-08-11,2026-03-21..2026-08-06,baccarat_bet02_101_all_pairs_incl_sentinel,round_win = game_pnl > 0 (decisive only),COMPATIBILITY_ONLY_NOT_PRODUCTION,557989.4742,504875.3716,9878.7574,24851,24505,-0.01770420,0.00338982,-0.02772422,-0.01770420,-9878.7574,557989.4742,OK,0.0000,395.1503,4.0000,96.0000,AG03-UNRESOLVED,ALL5_LEVELS_bet23_to_bet27,395.1503,395.1503,395.1503,0.0000,0.0000,4.000000,4.000000,4.000000,0.000000,0.000000,96.000000,96.000000,96.000000,100.000000,100.000000,5.0,1185.4509,1138.6651,8693.3065,8740.0923,PENDING_AG03,FALSE,NOT_FOR_ENFORCEMENT,9483.6071,484680.3568,9878.7574,9483.6071,395.1503,0.01770420,0.01699603,395.1503,9483.6071,0.01699603,395.1503,395.1503,395.1503,0.0000,0.0000,9483.6071,0.01699603,1185.4509,1138.6651,8693.3065,8740.0923,0.01557970,0.01566354,0.00070817,22.4534,20.6030,0.4031,82.3230,2.6463,4649.9123,204.2083,25.9152,21.1137,12.8578,14.5296,26.176,48.8436,54.2173,102.8621,13.088,0.0,3.731508,7.079487,1.545355,30,207,63,6,0.32204186,0.01770420,-0.00338982,0E-8,0.000000,0.904812,0.002133,0.03111404,2026-03-21,2026-08-06,120,3733,1703,139,0.863309,1.227414,1.154177,1.073473,,,,,,,,GLOBAL_BASELINE_NO_ENTITY_RANKING,,,NOT_APPLICABLE_GLOBAL_BASELINE,HF9g-P5,,,,X 全窗基线 · 不参与实体赏罚,15052341,1506,A168_HF9F_20260827_0900,2026-08-27 09:00:00
2026-05-04,127529701,2212,0,78.3560790826,-13.4917752063,-13.4917752063,0.2500000,5,5,0.49592654000000000,0.495926540000,-0.983738807048034,-0.983738807048034,-0.983738807048034,0E-17,ELIGIBLE,R03b_20260811_FULL_v1,L1_ELIGIBILITY,v2026-08-11,2026-03-21..2026-08-06,baccarat_bet02_101_all_pairs_incl_sentinel,round_win = game_pnl > 0 (decisive only),COMPATIBILITY_ONLY_NOT_PRODUCTION,557989.4742,504875.3716,9878.7574,24851,24505,-0.01770420,0.00338982,-0.02772422,-0.01770420,-9878.7574,557989.4742,OK,0.0000,395.1503,4.0000,96.0000,AG03-UNRESOLVED,ALL5_LEVELS_bet23_to_bet27,395.1503,395.1503,395.1503,0.0000,0.0000,4.000000,4.000000,4.000000,0.000000,0.000000,96.000000,96.000000,96.000000,100.000000,100.000000,5.0,1185.4509,1138.6651,8693.3065,8740.0923,PENDING_AG03,FALSE,NOT_FOR_ENFORCEMENT,9483.6071,484680.3568,9878.7574,9483.6071,395.1503,0.01770420,0.01699603,395.1503,9483.6071,0.01699603,395.1503,395.1503,395.1503,0.0000,0.0000,9483.6071,0.01699603,1185.4509,1138.6651,8693.3065,8740.0923,0.01557970,0.01566354,0.00070817,22.4534,20.6030,0.4031,82.3230,2.6463,4649.9123,204.2083,25.9152,21.1137,12.8578,14.5296,26.176,48.8436,54.2173,102.8621,13.088,0.0,3.731508,7.079487,1.545355,30,207,63,6,0.32204186,0.01770420,-0.00338982,0E-8,0.000000,0.904812,0.002133,0.03111404,2026-03-21,2026-08-06,120,3733,1703,139,0.863309,1.227414,1.154177,1.073473,,,,,,,,GLOBAL_BASELINE_NO_ENTITY_RANKING,,,NOT_APPLICABLE_GLOBAL_BASELINE,HF9g-P5,,,,X 全窗基线 · 不参与实体赏罚,15052342,1506,A168_HF9F_20260827_0900,2026-08-27 09:00:00
2026-05-04,127529701,2223,0,25.9457215506,12.3242177365,12.3242177365,1.0000000,2,2,0.50665070000000000,0.506650700000,0.9867858985152569,0.9867858985152569,0.9867858985152569,0E-17,ELIGIBLE,R03b_20260811_FULL_v1,L1_ELIGIBILITY,v2026-08-11,2026-03-21..2026-08-06,baccarat_bet02_101_all_pairs_incl_sentinel,round_win = game_pnl > 0 (decisive only),COMPATIBILITY_ONLY_NOT_PRODUCTION,557989.4742,504875.3716,9878.7574,24851,24505,-0.01770420,0.00338982,-0.02772422,-0.01770420,-9878.7574,557989.4742,OK,0.0000,395.1503,4.0000,96.0000,AG03-UNRESOLVED,ALL5_LEVELS_bet23_to_bet27,395.1503,395.1503,395.1503,0.0000,0.0000,4.000000,4.000000,4.000000,0.000000,0.000000,96.000000,96.000000,96.000000,100.000000,100.000000,5.0,1185.4509,1138.6651,8693.3065,8740.0923,PENDING_AG03,FALSE,NOT_FOR_ENFORCEMENT,9483.6071,484680.3568,9878.7574,9483.6071,395.1503,0.01770420,0.01699603,395.1503,9483.6071,0.01699603,395.1503,395.1503,395.1503,0.0000,0.0000,9483.6071,0.01699603,1185.4509,1138.6651,8693.3065,8740.0923,0.01557970,0.01566354,0.00070817,22.4534,20.6030,0.4031,82.3230,2.6463,4649.9123,204.2083,25.9152,21.1137,12.8578,14.5296,26.176,48.8436,54.2173,102.8621,13.088,0.0,3.731508,7.079487,1.545355,30,207,63,6,0.32204186,0.01770420,-0.00338982,0E-8,0.000000,0.904812,0.002133,0.03111404,2026-03-21,2026-08-06,120,3733,1703,139,0.863309,1.227414,1.154177,1.073473,,,,,,,,GLOBAL_BASELINE_NO_ENTITY_RANKING,,,NOT_APPLICABLE_GLOBAL_BASELINE,HF9g-P5,,,,X 全窗基线 · 不参与实体赏罚,15052343,1506,A168_HF9F_20260827_0900,2026-08-27 09:00:00
2026-05-04,127529701,2235,0,16.8647190079,10.9620673550,10.9620673550,0.5000000,2,2,0.50665070000000000,0.506650700000,-0.018812684590367487,-0.018812684590367487,-0.018812684590367487,0E-17,ELIGIBLE,R03b_20260811_FULL_v1,L1_ELIGIBILITY,v2026-08-11,2026-03-21..2026-08-06,baccarat_bet02_101_all_pairs_incl_sentinel,round_win = game_pnl > 0 (decisive only),COMPATIBILITY_ONLY_NOT_PRODUCTION,557989.4742,504875.3716,9878.7574,24851,24505,-0.01770420,0.00338982,-0.02772422,-0.01770420,-9878.7574,557989.4742,OK,0.0000,395.1503,4.0000,96.0000,AG03-UNRESOLVED,ALL5_LEVELS_bet23_to_bet27,395.1503,395.1503,395.1503,0.0000,0.0000,4.000000,4.000000,4.000000,0.000000,0.000000,96.000000,96.000000,96.000000,100.000000,100.000000,5.0,1185.4509,1138.6651,8693.3065,8740.0923,PENDING_AG03,FALSE,NOT_FOR_ENFORCEMENT,9483.6071,484680.3568,9878.7574,9483.6071,395.1503,0.01770420,0.01699603,395.1503,9483.6071,0.01699603,395.1503,395.1503,395.1503,0.0000,0.0000,9483.6071,0.01699603,1185.4509,1138.6651,8693.3065,8740.0923,0.01557970,0.01566354,0.00070817,22.4534,20.6030,0.4031,82.3230,2.6463,4649.9123,204.2083,25.9152,21.1137,12.8578,14.5296,26.176,48.8436,54.2173,102.8621,13.088,0.0,3.731508,7.079487,1.545355,30,207,63,6,0.32204186,0.01770420,-0.00338982,0E-8,0.000000,0.904812,0.002133,0.03111404,2026-03-21,2026-08-06,120,3733,1703,139,0.863309,1.227414,1.154177,1.073473,,,,,,,,GLOBAL_BASELINE_NO_ENTITY_RANKING,,,NOT_APPLICABLE_GLOBAL_BASELINE,HF9g-P5,,,,X 全窗基线 · 不参与实体赏罚,15052344,1506,A168_HF9F_20260827_0900,2026-08-27 09:00:00
2026-05-04,127529701,2252,0,249.5978413160,-10.9620673550,-10.9620673550,0.5500000,21,21,0.49962892857142857,0.499628928571,0.4505326833264489,0.4505326833302825,0.4505326833264489,4.2857E-13,ELIGIBLE,R03b_20260811_FULL_v1,L1_ELIGIBILITY,v2026-08-11,2026-03-21..2026-08-06,baccarat_bet02_101_all_pairs_incl_sentinel,round_win = game_pnl > 0 (decisive only),COMPATIBILITY_ONLY_NOT_PRODUCTION,557989.4742,504875.3716,9878.7574,24851,24505,-0.01770420,0.00338982,-0.02772422,-0.01770420,-9878.7574,557989.4742,OK,0.0000,395.1503,4.0000,96.0000,AG03-UNRESOLVED,ALL5_LEVELS_bet23_to_bet27,395.1503,395.1503,395.1503,0.0000,0.0000,4.000000,4.000000,4.000000,0.000000,0.000000,96.000000,96.000000,96.000000,100.000000,100.000000,5.0,1185.4509,1138.6651,8693.3065,8740.0923,PENDING_AG03,FALSE,NOT_FOR_ENFORCEMENT,9483.6071,484680.3568,9878.7574,9483.6071,395.1503,0.01770420,0.01699603,395.1503,9483.6071,0.01699603,395.1503,395.1503,395.1503,0.0000,0.0000,9483.6071,0.01699603,1185.4509,1138.6651,8693.3065,8740.0923,0.01557970,0.01566354,0.00070817,22.4534,20.6030,0.4031,82.3230,2.6463,4649.9123,204.2083,25.9152,21.1137,12.8578,14.5296,26.176,48.8436,54.2173,102.8621,13.088,0.0,3.731508,7.079487,1.545355,30,207,63,6,0.32204186,0.01770420,-0.00338982,0E-8,0.000000,0.904812,0.002133,0.03111404,2026-03-21,2026-08-06,120,3733,1703,139,0.863309,1.227414,1.154177,1.073473,,,,,,,,GLOBAL_BASELINE_NO_ENTITY_RANKING,,,NOT_APPLICABLE_GLOBAL_BASELINE,HF9g-P5,,,,X 全窗基线 · 不参与实体赏罚,15052345,1506,A168_HF9F_20260827_0900,2026-08-27 09:00:00
2026-05-04,127529701,2261,0,140.6258108037,-37.6212962482,-37.6212962482,0.4000000,10,10,0.49726706000000000,0.497267060000,-0.6151800913974267,-0.6151800913974268,-0.6151800913974267,0E-17,ELIGIBLE,R03b_20260811_FULL_v1,L1_ELIGIBILITY,v2026-08-11,2026-03-21..2026-08-06,baccarat_bet02_101_all_pairs_incl_sentinel,round_win = game_pnl > 0 (decisive only),COMPATIBILITY_ONLY_NOT_PRODUCTION,557989.4742,504875.3716,9878.7574,24851,24505,-0.01770420,0.00338982,-0.02772422,-0.01770420,-9878.7574,557989.4742,OK,0.0000,395.1503,4.0000,96.0000,AG03-UNRESOLVED,ALL5_LEVELS_bet23_to_bet27,395.1503,395.1503,395.1503,0.0000,0.0000,4.000000,4.000000,4.000000,0.000000,0.000000,96.000000,96.000000,96.000000,100.000000,100.000000,5.0,1185.4509,1138.6651,8693.3065,8740.0923,PENDING_AG03,FALSE,NOT_FOR_ENFORCEMENT,9483.6071,484680.3568,9878.7574,9483.6071,395.1503,0.01770420,0.01699603,395.1503,9483.6071,0.01699603,395.1503,395.1503,395.1503,0.0000,0.0000,9483.6071,0.01699603,1185.4509,1138.6651,8693.3065,8740.0923,0.01557970,0.01566354,0.00070817,22.4534,20.6030,0.4031,82.3230,2.6463,4649.9123,204.2083,25.9152,21.1137,12.8578,14.5296,26.176,48.8436,54.2173,102.8621,13.088,0.0,3.731508,7.079487,1.545355,30,207,63,6,0.32204186,0.01770420,-0.00338982,0E-8,0.000000,0.904812,0.002133,0.03111404,2026-03-21,2026-08-06,120,3733,1703,139,0.863309,1.227414,1.154177,1.073473,,,,,,,,GLOBAL_BASELINE_NO_ENTITY_RANKING,,,NOT_APPLICABLE_GLOBAL_BASELINE,HF9g-P5,,,,X 全窗基线 · 不参与实体赏罚,15052346,1506,A168_HF9F_20260827_0900,2026-08-27 09:00:00
2026-05-04,127529701,462,0,25.9457215506,-0.6486430388,-0.6486430388,0.5000000,2,2,0.49994810000000000,0.499948100000,0.00014679536856514622,0.00014679536856514622,0.00014679536856514622,0E-17,ELIGIBLE,R03b_20260811_FULL_v1,L1_ELIGIBILITY,v2026-08-11,2026-03-21..2026-08-06,baccarat_bet02_101_all_pairs_incl_sentinel,round_win = game_pnl > 0 (decisive only),COMPATIBILITY_ONLY_NOT_PRODUCTION,557989.4742,504875.3716,9878.7574,24851,24505,-0.01770420,0.00338982,-0.02772422,-0.01770420,-9878.7574,557989.4742,OK,0.0000,395.1503,4.0000,96.0000,AG03-UNRESOLVED,ALL5_LEVELS_bet23_to_bet27,395.1503,395.1503,395.1503,0.0000,0.0000,4.000000,4.000000,4.000000,0.000000,0.000000,96.000000,96.000000,96.000000,100.000000,100.000000,5.0,1185.4509,1138.6651,8693.3065,8740.0923,PENDING_AG03,FALSE,NOT_FOR_ENFORCEMENT,9483.6071,484680.3568,9878.7574,9483.6071,395.1503,0.01770420,0.01699603,395.1503,9483.6071,0.01699603,395.1503,395.1503,395.1503,0.0000,0.0000,9483.6071,0.01699603,1185.4509,1138.6651,8693.3065,8740.0923,0.01557970,0.01566354,0.00070817,22.4534,20.6030,0.4031,82.3230,2.6463,4649.9123,204.2083,25.9152,21.1137,12.8578,14.5296,26.176,48.8436,54.2173,102.8621,13.088,0.0,3.731508,7.079487,1.545355,30,207,63,6,0.32204186,0.01770420,-0.00338982,0E-8,0.000000,0.904812,0.002133,0.03111404,2026-03-21,2026-08-06,120,3733,1703,139,0.863309,1.227414,1.154177,1.073473,,,,,,,,GLOBAL_BASELINE_NO_ENTITY_RANKING,,,NOT_APPLICABLE_GLOBAL_BASELINE,HF9g-P5,,,,X 全窗基线 · 不参与实体赏罚,15052347,1506,A168_HF9F_20260827_0900,2026-08-27 09:00:00
2026-05-04,127529701,919,0,128.9502361061,-57.4697732343,-57.4697732343,0.3750000,8,8,0.50329940000000000,0.503299400000,-0.7257868081583192,-0.7257868081583192,-0.7257868081583192,0E-17,ELIGIBLE,R03b_20260811_FULL_v1,L1_ELIGIBILITY,v2026-08-11,2026-03-21..2026-08-06,baccarat_bet02_101_all_pairs_incl_sentinel,round_win = game_pnl > 0 (decisive only),COMPATIBILITY_ONLY_NOT_PRODUCTION,557989.4742,504875.3716,9878.7574,24851,24505,-0.01770420,0.00338982,-0.02772422,-0.01770420,-9878.7574,557989.4742,OK,0.0000,395.1503,4.0000,96.0000,AG03-UNRESOLVED,ALL5_LEVELS_bet23_to_bet27,395.1503,395.1503,395.1503,0.0000,0.0000,4.000000,4.000000,4.000000,0.000000,0.000000,96.000000,96.000000,96.000000,100.000000,100.000000,5.0,1185.4509,1138.6651,8693.3065,8740.0923,PENDING_AG03,FALSE,NOT_FOR_ENFORCEMENT,9483.6071,484680.3568,9878.7574,9483.6071,395.1503,0.01770420,0.01699603,395.1503,9483.6071,0.01699603,395.1503,395.1503,395.1503,0.0000,0.0000,9483.6071,0.01699603,1185.4509,1138.6651,8693.3065,8740.0923,0.01557970,0.01566354,0.00070817,22.4534,20.6030,0.4031,82.3230,2.6463,4649.9123,204.2083,25.9152,21.1137,12.8578,14.5296,26.176,48.8436,54.2173,102.8621,13.088,0.0,3.731508,7.079487,1.545355,30,207,63,6,0.32204186,0.01770420,-0.00338982,0E-8,0.000000,0.904812,0.002133,0.03111404,2026-03-21,2026-08-06,120,3733,1703,139,0.863309,1.227414,1.154177,1.073473,,,,,,,,GLOBAL_BASELINE_NO_ENTITY_RANKING,,,NOT_APPLICABLE_GLOBAL_BASELINE,HF9g-P5,,,,X 全窗基线 · 不参与实体赏罚,15052348,1506,A168_HF9F_20260827_0900,2026-08-27 09:00:00
2026-05-04,127529701,994,0,291.6299102280,32.1726947227,32.1726947227,0.5882353,19,19,0.49888979473684211,0.498889794737,0.7367636784480525,0.73676367844675,0.7367636784480525,-1.5789E-13,ELIGIBLE,R03b_20260811_FULL_v1,L1_ELIGIBILITY,v2026-08-11,2026-03-21..2026-08-06,baccarat_bet02_101_all_pairs_incl_sentinel,round_win = game_pnl > 0 (decisive only),COMPATIBILITY_ONLY_NOT_PRODUCTION,557989.4742,504875.3716,9878.7574,24851,24505,-0.01770420,0.00338982,-0.02772422,-0.01770420,-9878.7574,557989.4742,OK,0.0000,395.1503,4.0000,96.0000,AG03-UNRESOLVED,ALL5_LEVELS_bet23_to_bet27,395.1503,395.1503,395.1503,0.0000,0.0000,4.000000,4.000000,4.000000,0.000000,0.000000,96.000000,96.000000,96.000000,100.000000,100.000000,5.0,1185.4509,1138.6651,8693.3065,8740.0923,PENDING_AG03,FALSE,NOT_FOR_ENFORCEMENT,9483.6071,484680.3568,9878.7574,9483.6071,395.1503,0.01770420,0.01699603,395.1503,9483.6071,0.01699603,395.1503,395.1503,395.1503,0.0000,0.0000,9483.6071,0.01699603,1185.4509,1138.6651,8693.3065,8740.0923,0.01557970,0.01566354,0.00070817,22.4534,20.6030,0.4031,82.3230,2.6463,4649.9123,204.2083,25.9152,21.1137,12.8578,14.5296,26.176,48.8436,54.2173,102.8621,13.088,0.0,3.731508,7.079487,1.545355,30,207,63,6,0.32204186,0.01770420,-0.00338982,0E-8,0.000000,0.904812,0.002133,0.03111404,2026-03-21,2026-08-06,120,3733,1703,139,0.863309,1.227414,1.154177,1.073473,,,,,,,,GLOBAL_BASELINE_NO_ENTITY_RANKING,,,NOT_APPLICABLE_GLOBAL_BASELINE,HF9g-P5,,,,X 全窗基线 · 不参与实体赏罚,15052349,1506,A168_HF9F_20260827_0900,2026-08-27 09:00:00
2026-05-05,127529701,-1,1,65.6426755228,-13.2323179907,-13.2323179907,0.5000000,5,5,0.49592654000000000,0.495926540000,0.016294380756781617,0.016294380756781617,0.016294380756781617,0E-17,SENTINEL_DEALER,R03b_20260811_FULL_v1,L1_ELIGIBILITY,v2026-08-11,2026-03-21..2026-08-06,baccarat_bet02_101_all_pairs_incl_sentinel,round_win = game_pnl > 0 (decisive only),COMPATIBILITY_ONLY_NOT_PRODUCTION,557989.4742,504875.3716,9878.7574,24851,24505,-0.01770420,0.00338982,-0.02772422,-0.01770420,-9878.7574,557989.4742,OK,0.0000,395.1503,4.0000,96.0000,AG03-UNRESOLVED,ALL5_LEVELS_bet23_to_bet27,395.1503,395.1503,395.1503,0.0000,0.0000,4.000000,4.000000,4.000000,0.000000,0.000000,96.000000,96.000000,96.000000,100.000000,100.000000,5.0,1185.4509,1138.6651,8693.3065,8740.0923,PENDING_AG03,FALSE,NOT_FOR_ENFORCEMENT,9483.6071,484680.3568,9878.7574,9483.6071,395.1503,0.01770420,0.01699603,395.1503,9483.6071,0.01699603,395.1503,395.1503,395.1503,0.0000,0.0000,9483.6071,0.01699603,1185.4509,1138.6651,8693.3065,8740.0923,0.01557970,0.01566354,0.00070817,22.4534,20.6030,0.4031,82.3230,2.6463,4649.9123,204.2083,25.9152,21.1137,12.8578,14.5296,26.176,48.8436,54.2173,102.8621,13.088,0.0,3.731508,7.079487,1.545355,30,207,63,6,0.32204186,0.01770420,-0.00338982,0E-8,0.000000,0.904812,0.002133,0.03111404,2026-03-21,2026-08-06,120,3733,1703,139,0.863309,1.227414,1.154177,1.073473,,,,,,,,GLOBAL_BASELINE_NO_ENTITY_RANKING,,,NOT_APPLICABLE_GLOBAL_BASELINE,HF9g-P5,,,,X 全窗基线 · 不参与实体赏罚,15052350,1506,A168_HF9F_20260827_0900,2026-08-27 09:00:00
2026-05-05,127529701,1004,0,129.7286077527,-27.2430076280,-27.2430076280,0.4285714,7,7,0.49707555714285714,0.497075557143,-0.3624959764119633,-0.36249597641271863,-0.3624959764119633,-1.4286E-13,ELIGIBLE,R03b_20260811_FULL_v1,L1_ELIGIBILITY,v2026-08-11,2026-03-21..2026-08-06,baccarat_bet02_101_all_pairs_incl_sentinel,round_win = game_pnl > 0 (decisive only),COMPATIBILITY_ONLY_NOT_PRODUCTION,557989.4742,504875.3716,9878.7574,24851,24505,-0.01770420,0.00338982,-0.02772422,-0.01770420,-9878.7574,557989.4742,OK,0.0000,395.1503,4.0000,96.0000,AG03-UNRESOLVED,ALL5_LEVELS_bet23_to_bet27,395.1503,395.1503,395.1503,0.0000,0.0000,4.000000,4.000000,4.000000,0.000000,0.000000,96.000000,96.000000,96.000000,100.000000,100.000000,5.0,1185.4509,1138.6651,8693.3065,8740.0923,PENDING_AG03,FALSE,NOT_FOR_ENFORCEMENT,9483.6071,484680.3568,9878.7574,9483.6071,395.1503,0.01770420,0.01699603,395.1503,9483.6071,0.01699603,395.1503,395.1503,395.1503,0.0000,0.0000,9483.6071,0.01699603,1185.4509,1138.6651,8693.3065,8740.0923,0.01557970,0.01566354,0.00070817,22.4534,20.6030,0.4031,82.3230,2.6463,4649.9123,204.2083,25.9152,21.1137,12.8578,14.5296,26.176,48.8436,54.2173,102.8621,13.088,0.0,3.731508,7.079487,1.545355,30,207,63,6,0.32204186,0.01770420,-0.00338982,0E-8,0.000000,0.904812,0.002133,0.03111404,2026-03-21,2026-08-06,120,3733,1703,139,0.863309,1.227414,1.154177,1.073473,,,,,,,,GLOBAL_BASELINE_NO_ENTITY_RANKING,,,NOT_APPLICABLE_GLOBAL_BASELINE,HF9g-P5,,,,X 全窗基线 · 不参与实体赏罚,15052351,1506,A168_HF9F_20260827_0900,2026-08-27 09:00:00
2026-05-05,127529701,1017,0,33.7294380157,2.5945721551,2.5945721551,0.3333333,4,4,0.49324550000000000,0.493245500000,-0.5540025479526107,-0.5540025479526106,-0.5540025479526107,0E-17,ELIGIBLE,R03b_20260811_FULL_v1,L1_ELIGIBILITY,v2026-08-11,2026-03-21..2026-08-06,baccarat_bet02_101_all_pairs_incl_sentinel,round_win = game_pnl > 0 (decisive only),COMPATIBILITY_ONLY_NOT_PRODUCTION,557989.4742,504875.3716,9878.7574,24851,24505,-0.01770420,0.00338982,-0.02772422,-0.01770420,-9878.7574,557989.4742,OK,0.0000,395.1503,4.0000,96.0000,AG03-UNRESOLVED,ALL5_LEVELS_bet23_to_bet27,395.1503,395.1503,395.1503,0.0000,0.0000,4.000000,4.000000,4.000000,0.000000,0.000000,96.000000,96.000000,96.000000,100.000000,100.000000,5.0,1185.4509,1138.6651,8693.3065,8740.0923,PENDING_AG03,FALSE,NOT_FOR_ENFORCEMENT,9483.6071,484680.3568,9878.7574,9483.6071,395.1503,0.01770420,0.01699603,395.1503,9483.6071,0.01699603,395.1503,395.1503,395.1503,0.0000,0.0000,9483.6071,0.01699603,1185.4509,1138.6651,8693.3065,8740.0923,0.01557970,0.01566354,0.00070817,22.4534,20.6030,0.4031,82.3230,2.6463,4649.9123,204.2083,25.9152,21.1137,12.8578,14.5296,26.176,48.8436,54.2173,102.8621,13.088,0.0,3.731508,7.079487,1.545355,30,207,63,6,0.32204186,0.01770420,-0.00338982,0E-8,0.000000,0.904812,0.002133,0.03111404,2026-03-21,2026-08-06,120,3733,1703,139,0.863309,1.227414,1.154177,1.073473,,,,,,,,GLOBAL_BASELINE_NO_ENTITY_RANKING,,,NOT_APPLICABLE_GLOBAL_BASELINE,HF9g-P5,,,,X 全窗基线 · 不参与实体赏罚,15052352,1506,A168_HF9F_20260827_0900,2026-08-27 09:00:00
2026-05-05,127529701,1078,0,38.9185823259,-38.9185823259,-38.9185823259,0E-7,3,3,0.50218230000000000,0.502182300000,-1.7396270863184011,-1.7396270863184016,-1.7396270863184011,0E-17,ELIGIBLE,R03b_20260811_FULL_v1,L1_ELIGIBILITY,v2026-08-11,2026-03-21..2026-08-06,baccarat_bet02_101_all_pairs_incl_sentinel,round_win = game_pnl > 0 (decisive only),COMPATIBILITY_ONLY_NOT_PRODUCTION,557989.4742,504875.3716,9878.7574,24851,24505,-0.01770420,0.00338982,-0.02772422,-0.01770420,-9878.7574,557989.4742,OK,0.0000,395.1503,4.0000,96.0000,AG03-UNRESOLVED,ALL5_LEVELS_bet23_to_bet27,395.1503,395.1503,395.1503,0.0000,0.0000,4.000000,4.000000,4.000000,0.000000,0.000000,96.000000,96.000000,96.000000,100.000000,100.000000,5.0,1185.4509,1138.6651,8693.3065,8740.0923,PENDING_AG03,FALSE,NOT_FOR_ENFORCEMENT,9483.6071,484680.3568,9878.7574,9483.6071,395.1503,0.01770420,0.01699603,395.1503,9483.6071,0.01699603,395.1503,395.1503,395.1503,0.0000,0.0000,9483.6071,0.01699603,1185.4509,1138.6651,8693.3065,8740.0923,0.01557970,0.01566354,0.00070817,22.4534,20.6030,0.4031,82.3230,2.6463,4649.9123,204.2083,25.9152,21.1137,12.8578,14.5296,26.176,48.8436,54.2173,102.8621,13.088,0.0,3.731508,7.079487,1.545355,30,207,63,6,0.32204186,0.01770420,-0.00338982,0E-8,0.000000,0.904812,0.002133,0.03111404,2026-03-21,2026-08-06,120,3733,1703,139,0.863309,1.227414,1.154177,1.073473,,,,,,,,GLOBAL_BASELINE_NO_ENTITY_RANKING,,,NOT_APPLICABLE_GLOBAL_BASELINE,HF9g-P5,,,,X 全窗基线 · 不参与实体赏罚,15052353,1506,A168_HF9F_20260827_0900,2026-08-27 09:00:00
2026-05-05,127529701,1094,0,57.0805874112,29.7078511753,29.7078511753,0.7500000,4,4,0.49994810000000000,0.499948100000,1.0002076053883384,1.0002076053883384,1.0002076053883384,0E-17,ELIGIBLE,R03b_20260811_FULL_v1,L1_ELIGIBILITY,v2026-08-11,2026-03-21..2026-08-06,baccarat_bet02_101_all_pairs_incl_sentinel,round_win = game_pnl > 0 (decisive only),COMPATIBILITY_ONLY_NOT_PRODUCTION,557989.4742,504875.3716,9878.7574,24851,24505,-0.01770420,0.00338982,-0.02772422,-0.01770420,-9878.7574,557989.4742,OK,0.0000,395.1503,4.0000,96.0000,AG03-UNRESOLVED,ALL5_LEVELS_bet23_to_bet27,395.1503,395.1503,395.1503,0.0000,0.0000,4.000000,4.000000,4.000000,0.000000,0.000000,96.000000,96.000000,96.000000,100.000000,100.000000,5.0,1185.4509,1138.6651,8693.3065,8740.0923,PENDING_AG03,FALSE,NOT_FOR_ENFORCEMENT,9483.6071,484680.3568,9878.7574,9483.6071,395.1503,0.01770420,0.01699603,395.1503,9483.6071,0.01699603,395.1503,395.1503,395.1503,0.0000,0.0000,9483.6071,0.01699603,1185.4509,1138.6651,8693.3065,8740.0923,0.01557970,0.01566354,0.00070817,22.4534,20.6030,0.4031,82.3230,2.6463,4649.9123,204.2083,25.9152,21.1137,12.8578,14.5296,26.176,48.8436,54.2173,102.8621,13.088,0.0,3.731508,7.079487,1.545355,30,207,63,6,0.32204186,0.01770420,-0.00338982,0E-8,0.000000,0.904812,0.002133,0.03111404,2026-03-21,2026-08-06,120,3733,1703,139,0.863309,1.227414,1.154177,1.073473,,,,,,,,GLOBAL_BASELINE_NO_ENTITY_RANKING,,,NOT_APPLICABLE_GLOBAL_BASELINE,HF9g-P5,,,,X 全窗基线 · 不参与实体赏罚,15052354,1506,A168_HF9F_20260827_0900,2026-08-27 09:00:00
2026-05-05,127529701,1109,0,90.8100254271,23.9997924342,23.9997924342,0.6666667,7,7,0.50282064285714286,0.502820642857,0.802691081998535,0.8026910819992337,0.802691081998535,1.4286E-13,ELIGIBLE,R03b_20260811_FULL_v1,L1_ELIGIBILITY,v2026-08-11,2026-03-21..2026-08-06,baccarat_bet02_101_all_pairs_incl_sentinel,round_win = game_pnl > 0 (decisive only),COMPATIBILITY_ONLY_NOT_PRODUCTION,557989.4742,504875.3716,9878.7574,24851,24505,-0.01770420,0.00338982,-0.02772422,-0.01770420,-9878.7574,557989.4742,OK,0.0000,395.1503,4.0000,96.0000,AG03-UNRESOLVED,ALL5_LEVELS_bet23_to_bet27,395.1503,395.1503,395.1503,0.0000,0.0000,4.000000,4.000000,4.000000,0.000000,0.000000,96.000000,96.000000,96.000000,100.000000,100.000000,5.0,1185.4509,1138.6651,8693.3065,8740.0923,PENDING_AG03,FALSE,NOT_FOR_ENFORCEMENT,9483.6071,484680.3568,9878.7574,9483.6071,395.1503,0.01770420,0.01699603,395.1503,9483.6071,0.01699603,395.1503,395.1503,395.1503,0.0000,0.0000,9483.6071,0.01699603,1185.4509,1138.6651,8693.3065,8740.0923,0.01557970,0.01566354,0.00070817,22.4534,20.6030,0.4031,82.3230,2.6463,4649.9123,204.2083,25.9152,21.1137,12.8578,14.5296,26.176,48.8436,54.2173,102.8621,13.088,0.0,3.731508,7.079487,1.545355,30,207,63,6,0.32204186,0.01770420,-0.00338982,0E-8,0.000000,0.904812,0.002133,0.03111404,2026-03-21,2026-08-06,120,3733,1703,139,0.863309,1.227414,1.154177,1.073473,,,,,,,,GLOBAL_BASELINE_NO_ENTITY_RANKING,,,NOT_APPLICABLE_GLOBAL_BASELINE,HF9g-P5,,,,X 全窗基线 · 不参与实体赏罚,15052355,1506,A168_HF9F_20260827_0900,2026-08-27 09:00:00
2026-05-05,127529701,1151,0,302.0081988485,101.5774998704,101.5774998704,0.6470588,18,18,0.49920336666666667,0.499203366667,1.2192488794699194,1.2192488794671694,1.2192488794699194,-3.3333E-13,ELIGIBLE,R03b_20260811_FULL_v1,L1_ELIGIBILITY,v2026-08-11,2026-03-21..2026-08-06,baccarat_bet02_101_all_pairs_incl_sentinel,round_win = game_pnl > 0 (decisive only),COMPATIBILITY_ONLY_NOT_PRODUCTION,557989.4742,504875.3716,9878.7574,24851,24505,-0.01770420,0.00338982,-0.02772422,-0.01770420,-9878.7574,557989.4742,OK,0.0000,395.1503,4.0000,96.0000,AG03-UNRESOLVED,ALL5_LEVELS_bet23_to_bet27,395.1503,395.1503,395.1503,0.0000,0.0000,4.000000,4.000000,4.000000,0.000000,0.000000,96.000000,96.000000,96.000000,100.000000,100.000000,5.0,1185.4509,1138.6651,8693.3065,8740.0923,PENDING_AG03,FALSE,NOT_FOR_ENFORCEMENT,9483.6071,484680.3568,9878.7574,9483.6071,395.1503,0.01770420,0.01699603,395.1503,9483.6071,0.01699603,395.1503,395.1503,395.1503,0.0000,0.0000,9483.6071,0.01699603,1185.4509,1138.6651,8693.3065,8740.0923,0.01557970,0.01566354,0.00070817,22.4534,20.6030,0.4031,82.3230,2.6463,4649.9123,204.2083,25.9152,21.1137,12.8578,14.5296,26.176,48.8436,54.2173,102.8621,13.088,0.0,3.731508,7.079487,1.545355,30,207,63,6,0.32204186,0.01770420,-0.00338982,0E-8,0.000000,0.904812,0.002133,0.03111404,2026-03-21,2026-08-06,120,3733,1703,139,0.863309,1.227414,1.154177,1.073473,,,,,,,,GLOBAL_BASELINE_NO_ENTITY_RANKING,,,NOT_APPLICABLE_GLOBAL_BASELINE,HF9g-P5,,,,X 全窗基线 · 不参与实体赏罚,15052356,1506,A168_HF9F_20260827_0900,2026-08-27 09:00:00
2026-05-05,127529701,1210,0,6.4864303876,6.4864303876,6.4864303876,1.0000000,1,1,0.49324550000000000,0.493245500000,1.01360149184955,1.01360149184955,1.01360149184955,0E-17,ELIGIBLE,R03b_20260811_FULL_v1,L1_ELIGIBILITY,v2026-08-11,2026-03-21..2026-08-06,baccarat_bet02_101_all_pairs_incl_sentinel,round_win = game_pnl > 0 (decisive only),COMPATIBILITY_ONLY_NOT_PRODUCTION,557989.4742,504875.3716,9878.7574,24851,24505,-0.01770420,0.00338982,-0.02772422,-0.01770420,-9878.7574,557989.4742,OK,0.0000,395.1503,4.0000,96.0000,AG03-UNRESOLVED,ALL5_LEVELS_bet23_to_bet27,395.1503,395.1503,395.1503,0.0000,0.0000,4.000000,4.000000,4.000000,0.000000,0.000000,96.000000,96.000000,96.000000,100.000000,100.000000,5.0,1185.4509,1138.6651,8693.3065,8740.0923,PENDING_AG03,FALSE,NOT_FOR_ENFORCEMENT,9483.6071,484680.3568,9878.7574,9483.6071,395.1503,0.01770420,0.01699603,395.1503,9483.6071,0.01699603,395.1503,395.1503,395.1503,0.0000,0.0000,9483.6071,0.01699603,1185.4509,1138.6651,8693.3065,8740.0923,0.01557970,0.01566354,0.00070817,22.4534,20.6030,0.4031,82.3230,2.6463,4649.9123,204.2083,25.9152,21.1137,12.8578,14.5296,26.176,48.8436,54.2173,102.8621,13.088,0.0,3.731508,7.079487,1.545355,30,207,63,6,0.32204186,0.01770420,-0.00338982,0E-8,0.000000,0.904812,0.002133,0.03111404,2026-03-21,2026-08-06,120,3733,1703,139,0.863309,1.227414,1.154177,1.073473,,,,,,,,GLOBAL_BASELINE_NO_ENTITY_RANKING,,,NOT_APPLICABLE_GLOBAL_BASELINE,HF9g-P5,,,,X 全窗基线 · 不参与实体赏罚,15052357,1506,A168_HF9F_20260827_0900,2026-08-27 09:00:00
2026-05-05,127529701,1299,0,88.2154532718,-25.9457215506,-25.9457215506,0.2000000,5,5,0.50396966000000000,0.503969660000,-1.3594364909357963,-1.3594364909357963,-1.3594364909357963,0E-17,ELIGIBLE,R03b_20260811_FULL_v1,L1_ELIGIBILITY,v2026-08-11,2026-03-21..2026-08-06,baccarat_bet02_101_all_pairs_incl_sentinel,round_win = game_pnl > 0 (decisive only),COMPATIBILITY_ONLY_NOT_PRODUCTION,557989.4742,504875.3716,9878.7574,24851,24505,-0.01770420,0.00338982,-0.02772422,-0.01770420,-9878.7574,557989.4742,OK,0.0000,395.1503,4.0000,96.0000,AG03-UNRESOLVED,ALL5_LEVELS_bet23_to_bet27,395.1503,395.1503,395.1503,0.0000,0.0000,4.000000,4.000000,4.000000,0.000000,0.000000,96.000000,96.000000,96.000000,100.000000,100.000000,5.0,1185.4509,1138.6651,8693.3065,8740.0923,PENDING_AG03,FALSE,NOT_FOR_ENFORCEMENT,9483.6071,484680.3568,9878.7574,9483.6071,395.1503,0.01770420,0.01699603,395.1503,9483.6071,0.01699603,395.1503,395.1503,395.1503,0.0000,0.0000,9483.6071,0.01699603,1185.4509,1138.6651,8693.3065,8740.0923,0.01557970,0.01566354,0.00070817,22.4534,20.6030,0.4031,82.3230,2.6463,4649.9123,204.2083,25.9152,21.1137,12.8578,14.5296,26.176,48.8436,54.2173,102.8621,13.088,0.0,3.731508,7.079487,1.545355,30,207,63,6,0.32204186,0.01770420,-0.00338982,0E-8,0.000000,0.904812,0.002133,0.03111404,2026-03-21,2026-08-06,120,3733,1703,139,0.863309,1.227414,1.154177,1.073473,,,,,,,,GLOBAL_BASELINE_NO_ENTITY_RANKING,,,NOT_APPLICABLE_GLOBAL_BASELINE,HF9g-P5,,,,X 全窗基线 · 不参与实体赏罚,15052358,1506,A168_HF9F_20260827_0900,2026-08-27 09:00:00
2026-05-05,127529701,1304,0,25.9457215506,25.9457215506,25.9457215506,1.0000000,2,2,0.49324550000000000,0.493245500000,1.4334489766152358,1.4334489766152358,1.4334489766152358,0E-17,ELIGIBLE,R03b_20260811_FULL_v1,L1_ELIGIBILITY,v2026-08-11,2026-03-21..2026-08-06,baccarat_bet02_101_all_pairs_incl_sentinel,round_win = game_pnl > 0 (decisive only),COMPATIBILITY_ONLY_NOT_PRODUCTION,557989.4742,504875.3716,9878.7574,24851,24505,-0.01770420,0.00338982,-0.02772422,-0.01770420,-9878.7574,557989.4742,OK,0.0000,395.1503,4.0000,96.0000,AG03-UNRESOLVED,ALL5_LEVELS_bet23_to_bet27,395.1503,395.1503,395.1503,0.0000,0.0000,4.000000,4.000000,4.000000,0.000000,0.000000,96.000000,96.000000,96.000000,100.000000,100.000000,5.0,1185.4509,1138.6651,8693.3065,8740.0923,PENDING_AG03,FALSE,NOT_FOR_ENFORCEMENT,9483.6071,484680.3568,9878.7574,9483.6071,395.1503,0.01770420,0.01699603,395.1503,9483.6071,0.01699603,395.1503,395.1503,395.1503,0.0000,0.0000,9483.6071,0.01699603,1185.4509,1138.6651,8693.3065,8740.0923,0.01557970,0.01566354,0.00070817,22.4534,20.6030,0.4031,82.3230,2.6463,4649.9123,204.2083,25.9152,21.1137,12.8578,14.5296,26.176,48.8436,54.2173,102.8621,13.088,0.0,3.731508,7.079487,1.545355,30,207,63,6,0.32204186,0.01770420,-0.00338982,0E-8,0.000000,0.904812,0.002133,0.03111404,2026-03-21,2026-08-06,120,3733,1703,139,0.863309,1.227414,1.154177,1.073473,,,,,,,,GLOBAL_BASELINE_NO_ENTITY_RANKING,,,NOT_APPLICABLE_GLOBAL_BASELINE,HF9g-P5,,,,X 全窗基线 · 不参与实体赏罚,15052359,1506,A168_HF9F_20260827_0900,2026-08-27 09:00:00
2026-05-05,127529701,1323,0,134.9177520629,30.2267656064,30.2267656064,0.6666667,8,8,0.50162375000000000,0.501623750000,0.8085461265665992,0.8085461265665994,0.8085461265665992,0E-17,ELIGIBLE,R03b_20260811_FULL_v1,L1_ELIGIBILITY,v2026-08-11,2026-03-21..2026-08-06,baccarat_bet02_101_all_pairs_incl_sentinel,round_win = game_pnl > 0 (decisive only),COMPATIBILITY_ONLY_NOT_PRODUCTION,557989.4742,504875.3716,9878.7574,24851,24505,-0.01770420,0.00338982,-0.02772422,-0.01770420,-9878.7574,557989.4742,OK,0.0000,395.1503,4.0000,96.0000,AG03-UNRESOLVED,ALL5_LEVELS_bet23_to_bet27,395.1503,395.1503,395.1503,0.0000,0.0000,4.000000,4.000000,4.000000,0.000000,0.000000,96.000000,96.000000,96.000000,100.000000,100.000000,5.0,1185.4509,1138.6651,8693.3065,8740.0923,PENDING_AG03,FALSE,NOT_FOR_ENFORCEMENT,9483.6071,484680.3568,9878.7574,9483.6071,395.1503,0.01770420,0.01699603,395.1503,9483.6071,0.01699603,395.1503,395.1503,395.1503,0.0000,0.0000,9483.6071,0.01699603,1185.4509,1138.6651,8693.3065,8740.0923,0.01557970,0.01566354,0.00070817,22.4534,20.6030,0.4031,82.3230,2.6463,4649.9123,204.2083,25.9152,21.1137,12.8578,14.5296,26.176,48.8436,54.2173,102.8621,13.088,0.0,3.731508,7.079487,1.545355,30,207,63,6,0.32204186,0.01770420,-0.00338982,0E-8,0.000000,0.904812,0.002133,0.03111404,2026-03-21,2026-08-06,120,3733,1703,139,0.863309,1.227414,1.154177,1.073473,,,,,,,,GLOBAL_BASELINE_NO_ENTITY_RANKING,,,NOT_APPLICABLE_GLOBAL_BASELINE,HF9g-P5,,,,X 全窗基线 · 不参与实体赏罚,15052360,1506,A168_HF9F_20260827_0900,2026-08-27 09:00:00
2026-05-05,127529701,1330,0,373.6183903274,181.5032951065,181.5032951065,0.6500000,20,20,0.50061836000000000,0.500618360000,1.3361110282971123,1.3361110282971123,1.3361110282971123,0E-17,ELIGIBLE,R03b_20260811_FULL_v1,L1_ELIGIBILITY,v2026-08-11,2026-03-21..2026-08-06,baccarat_bet02_101_all_pairs_incl_sentinel,round_win = game_pnl > 0 (decisive only),COMPATIBILITY_ONLY_NOT_PRODUCTION,557989.4742,504875.3716,9878.7574,24851,24505,-0.01770420,0.00338982,-0.02772422,-0.01770420,-9878.7574,557989.4742,OK,0.0000,395.1503,4.0000,96.0000,AG03-UNRESOLVED,ALL5_LEVELS_bet23_to_bet27,395.1503,395.1503,395.1503,0.0000,0.0000,4.000000,4.000000,4.000000,0.000000,0.000000,96.000000,96.000000,96.000000,100.000000,100.000000,5.0,1185.4509,1138.6651,8693.3065,8740.0923,PENDING_AG03,FALSE,NOT_FOR_ENFORCEMENT,9483.6071,484680.3568,9878.7574,9483.6071,395.1503,0.01770420,0.01699603,395.1503,9483.6071,0.01699603,395.1503,395.1503,395.1503,0.0000,0.0000,9483.6071,0.01699603,1185.4509,1138.6651,8693.3065,8740.0923,0.01557970,0.01566354,0.00070817,22.4534,20.6030,0.4031,82.3230,2.6463,4649.9123,204.2083,25.9152,21.1137,12.8578,14.5296,26.176,48.8436,54.2173,102.8621,13.088,0.0,3.731508,7.079487,1.545355,30,207,63,6,0.32204186,0.01770420,-0.00338982,0E-8,0.000000,0.904812,0.002133,0.03111404,2026-03-21,2026-08-06,120,3733,1703,139,0.863309,1.227414,1.154177,1.073473,,,,,,,,GLOBAL_BASELINE_NO_ENTITY_RANKING,,,NOT_APPLICABLE_GLOBAL_BASELINE,HF9g-P5,,,,X 全窗基线 · 不参与实体赏罚,15052361,1506,A168_HF9F_20260827_0900,2026-08-27 09:00:00
2026-05-05,127529701,1331,0,348.9699548546,31.8743189247,31.8743189247,0.4761905,23,23,0.49965668260869565,0.499656682609,-0.2150713850694697,-0.215071385072259,-0.2150713850694697,-3.0435E-13,ELIGIBLE,R03b_20260811_FULL_v1,L1_ELIGIBILITY,v2026-08-11,2026-03-21..2026-08-06,baccarat_bet02_101_all_pairs_incl_sentinel,round_win = game_pnl > 0 (decisive only),COMPATIBILITY_ONLY_NOT_PRODUCTION,557989.4742,504875.3716,9878.7574,24851,24505,-0.01770420,0.00338982,-0.02772422,-0.01770420,-9878.7574,557989.4742,OK,0.0000,395.1503,4.0000,96.0000,AG03-UNRESOLVED,ALL5_LEVELS_bet23_to_bet27,395.1503,395.1503,395.1503,0.0000,0.0000,4.000000,4.000000,4.000000,0.000000,0.000000,96.000000,96.000000,96.000000,100.000000,100.000000,5.0,1185.4509,1138.6651,8693.3065,8740.0923,PENDING_AG03,FALSE,NOT_FOR_ENFORCEMENT,9483.6071,484680.3568,9878.7574,9483.6071,395.1503,0.01770420,0.01699603,395.1503,9483.6071,0.01699603,395.1503,395.1503,395.1503,0.0000,0.0000,9483.6071,0.01699603,1185.4509,1138.6651,8693.3065,8740.0923,0.01557970,0.01566354,0.00070817,22.4534,20.6030,0.4031,82.3230,2.6463,4649.9123,204.2083,25.9152,21.1137,12.8578,14.5296,26.176,48.8436,54.2173,102.8621,13.088,0.0,3.731508,7.079487,1.545355,30,207,63,6,0.32204186,0.01770420,-0.00338982,0E-8,0.000000,0.904812,0.002133,0.03111404,2026-03-21,2026-08-06,120,3733,1703,139,0.863309,1.227414,1.154177,1.073473,,,,,,,,GLOBAL_BASELINE_NO_ENTITY_RANKING,,,NOT_APPLICABLE_GLOBAL_BASELINE,HF9g-P5,,,,X 全窗基线 · 不参与实体赏罚,15052362,1506,A168_HF9F_20260827_0900,2026-08-27 09:00:00
2026-05-05,127529701,1353,0,390.4831093356,139.3285247263,139.3285247263,0.6190476,22,22,0.50116675454545455,0.501166754545,1.0803989106690206,1.0803989106731844,1.0803989106690206,4.5455E-13,ELIGIBLE,R03b_20260811_FULL_v1,L1_ELIGIBILITY,v2026-08-11,2026-03-21..2026-08-06,baccarat_bet02_101_all_pairs_incl_sentinel,round_win = game_pnl > 0 (decisive only),COMPATIBILITY_ONLY_NOT_PRODUCTION,557989.4742,504875.3716,9878.7574,24851,24505,-0.01770420,0.00338982,-0.02772422,-0.01770420,-9878.7574,557989.4742,OK,0.0000,395.1503,4.0000,96.0000,AG03-UNRESOLVED,ALL5_LEVELS_bet23_to_bet27,395.1503,395.1503,395.1503,0.0000,0.0000,4.000000,4.000000,4.000000,0.000000,0.000000,96.000000,96.000000,96.000000,100.000000,100.000000,5.0,1185.4509,1138.6651,8693.3065,8740.0923,PENDING_AG03,FALSE,NOT_FOR_ENFORCEMENT,9483.6071,484680.3568,9878.7574,9483.6071,395.1503,0.01770420,0.01699603,395.1503,9483.6071,0.01699603,395.1503,395.1503,395.1503,0.0000,0.0000,9483.6071,0.01699603,1185.4509,1138.6651,8693.3065,8740.0923,0.01557970,0.01566354,0.00070817,22.4534,20.6030,0.4031,82.3230,2.6463,4649.9123,204.2083,25.9152,21.1137,12.8578,14.5296,26.176,48.8436,54.2173,102.8621,13.088,0.0,3.731508,7.079487,1.545355,30,207,63,6,0.32204186,0.01770420,-0.00338982,0E-8,0.000000,0.904812,0.002133,0.03111404,2026-03-21,2026-08-06,120,3733,1703,139,0.863309,1.227414,1.154177,1.073473,,,,,,,,GLOBAL_BASELINE_NO_ENTITY_RANKING,,,NOT_APPLICABLE_GLOBAL_BASELINE,HF9g-P5,,,,X 全窗基线 · 不参与实体赏罚,15052363,1506,A168_HF9F_20260827_0900,2026-08-27 09:00:00
2026-05-05,127529701,1382,0,90.8100254270,64.6048466609,64.6048466609,1.0000000,6,6,0.49771390000000000,0.497713900000,2.0091654009240085,2.0091654009240085,2.0091654009240085,0E-17,ELIGIBLE,R03b_20260811_FULL_v1,L1_ELIGIBILITY,v2026-08-11,2026-03-21..2026-08-06,baccarat_bet02_101_all_pairs_incl_sentinel,round_win = game_pnl > 0 (decisive only),COMPATIBILITY_ONLY_NOT_PRODUCTION,557989.4742,504875.3716,9878.7574,24851,24505,-0.01770420,0.00338982,-0.02772422,-0.01770420,-9878.7574,557989.4742,OK,0.0000,395.1503,4.0000,96.0000,AG03-UNRESOLVED,ALL5_LEVELS_bet23_to_bet27,395.1503,395.1503,395.1503,0.0000,0.0000,4.000000,4.000000,4.000000,0.000000,0.000000,96.000000,96.000000,96.000000,100.000000,100.000000,5.0,1185.4509,1138.6651,8693.3065,8740.0923,PENDING_AG03,FALSE,NOT_FOR_ENFORCEMENT,9483.6071,484680.3568,9878.7574,9483.6071,395.1503,0.01770420,0.01699603,395.1503,9483.6071,0.01699603,395.1503,395.1503,395.1503,0.0000,0.0000,9483.6071,0.01699603,1185.4509,1138.6651,8693.3065,8740.0923,0.01557970,0.01566354,0.00070817,22.4534,20.6030,0.4031,82.3230,2.6463,4649.9123,204.2083,25.9152,21.1137,12.8578,14.5296,26.176,48.8436,54.2173,102.8621,13.088,0.0,3.731508,7.079487,1.545355,30,207,63,6,0.32204186,0.01770420,-0.00338982,0E-8,0.000000,0.904812,0.002133,0.03111404,2026-03-21,2026-08-06,120,3733,1703,139,0.863309,1.227414,1.154177,1.073473,,,,,,,,GLOBAL_BASELINE_NO_ENTITY_RANKING,,,NOT_APPLICABLE_GLOBAL_BASELINE,HF9g-P5,,,,X 全窗基线 · 不参与实体赏罚,15052364,1506,A168_HF9F_20260827_0900,2026-08-27 09:00:00
2026-05-05,127529701,1384,0,227.2845207828,-21.7165689379,-21.7165689379,0.4666667,17,17,0.50191945294117647,0.501919452941,-0.27306892044001013,-0.2730689204386429,-0.27306892044001013,1.7647E-13,ELIGIBLE,R03b_20260811_FULL_v1,L1_ELIGIBILITY,v2026-08-11,2026-03-21..2026-08-06,baccarat_bet02_101_all_pairs_incl_sentinel,round_win = game_pnl > 0 (decisive only),COMPATIBILITY_ONLY_NOT_PRODUCTION,557989.4742,504875.3716,9878.7574,24851,24505,-0.01770420,0.00338982,-0.02772422,-0.01770420,-9878.7574,557989.4742,OK,0.0000,395.1503,4.0000,96.0000,AG03-UNRESOLVED,ALL5_LEVELS_bet23_to_bet27,395.1503,395.1503,395.1503,0.0000,0.0000,4.000000,4.000000,4.000000,0.000000,0.000000,96.000000,96.000000,96.000000,100.000000,100.000000,5.0,1185.4509,1138.6651,8693.3065,8740.0923,PENDING_AG03,FALSE,NOT_FOR_ENFORCEMENT,9483.6071,484680.3568,9878.7574,9483.6071,395.1503,0.01770420,0.01699603,395.1503,9483.6071,0.01699603,395.1503,395.1503,395.1503,0.0000,0.0000,9483.6071,0.01699603,1185.4509,1138.6651,8693.3065,8740.0923,0.01557970,0.01566354,0.00070817,22.4534,20.6030,0.4031,82.3230,2.6463,4649.9123,204.2083,25.9152,21.1137,12.8578,14.5296,26.176,48.8436,54.2173,102.8621,13.088,0.0,3.731508,7.079487,1.545355,30,207,63,6,0.32204186,0.01770420,-0.00338982,0E-8,0.000000,0.904812,0.002133,0.03111404,2026-03-21,2026-08-06,120,3733,1703,139,0.863309,1.227414,1.154177,1.073473,,,,,,,,GLOBAL_BASELINE_NO_ENTITY_RANKING,,,NOT_APPLICABLE_GLOBAL_BASELINE,HF9g-P5,,,,X 全窗基线 · 不参与实体赏罚,15052365,1506,A168_HF9F_20260827_0900,2026-08-27 09:00:00
2026-05-05,127529701,1401,0,15.5674329303,-15.5674329303,-15.5674329303,0E-7,2,2,0.49324550000000000,0.493245500000,-1.3952362676504506,-1.3952362676504506,-1.3952362676504506,0E-17,ELIGIBLE,R03b_20260811_FULL_v1,L1_ELIGIBILITY,v2026-08-11,2026-03-21..2026-08-06,baccarat_bet02_101_all_pairs_incl_sentinel,round_win = game_pnl > 0 (decisive only),COMPATIBILITY_ONLY_NOT_PRODUCTION,557989.4742,504875.3716,9878.7574,24851,24505,-0.01770420,0.00338982,-0.02772422,-0.01770420,-9878.7574,557989.4742,OK,0.0000,395.1503,4.0000,96.0000,AG03-UNRESOLVED,ALL5_LEVELS_bet23_to_bet27,395.1503,395.1503,395.1503,0.0000,0.0000,4.000000,4.000000,4.000000,0.000000,0.000000,96.000000,96.000000,96.000000,100.000000,100.000000,5.0,1185.4509,1138.6651,8693.3065,8740.0923,PENDING_AG03,FALSE,NOT_FOR_ENFORCEMENT,9483.6071,484680.3568,9878.7574,9483.6071,395.1503,0.01770420,0.01699603,395.1503,9483.6071,0.01699603,395.1503,395.1503,395.1503,0.0000,0.0000,9483.6071,0.01699603,1185.4509,1138.6651,8693.3065,8740.0923,0.01557970,0.01566354,0.00070817,22.4534,20.6030,0.4031,82.3230,2.6463,4649.9123,204.2083,25.9152,21.1137,12.8578,14.5296,26.176,48.8436,54.2173,102.8621,13.088,0.0,3.731508,7.079487,1.545355,30,207,63,6,0.32204186,0.01770420,-0.00338982,0E-8,0.000000,0.904812,0.002133,0.03111404,2026-03-21,2026-08-06,120,3733,1703,139,0.863309,1.227414,1.154177,1.073473,,,,,,,,GLOBAL_BASELINE_NO_ENTITY_RANKING,,,NOT_APPLICABLE_GLOBAL_BASELINE,HF9g-P5,,,,X 全窗基线 · 不参与实体赏罚,15052366,1506,A168_HF9F_20260827_0900,2026-08-27 09:00:00
2026-05-05,127529701,1490,0,116.7557469775,52.9292719630,52.9292719630,0.6666667,9,9,0.49771390000000000,0.497713900000,1.0137271960454026,1.0137271960454026,1.0137271960454026,0E-17,ELIGIBLE,R03b_20260811_FULL_v1,L1_ELIGIBILITY,v2026-08-11,2026-03-21..2026-08-06,baccarat_bet02_101_all_pairs_incl_sentinel,round_win = game_pnl > 0 (decisive only),COMPATIBILITY_ONLY_NOT_PRODUCTION,557989.4742,504875.3716,9878.7574,24851,24505,-0.01770420,0.00338982,-0.02772422,-0.01770420,-9878.7574,557989.4742,OK,0.0000,395.1503,4.0000,96.0000,AG03-UNRESOLVED,ALL5_LEVELS_bet23_to_bet27,395.1503,395.1503,395.1503,0.0000,0.0000,4.000000,4.000000,4.000000,0.000000,0.000000,96.000000,96.000000,96.000000,100.000000,100.000000,5.0,1185.4509,1138.6651,8693.3065,8740.0923,PENDING_AG03,FALSE,NOT_FOR_ENFORCEMENT,9483.6071,484680.3568,9878.7574,9483.6071,395.1503,0.01770420,0.01699603,395.1503,9483.6071,0.01699603,395.1503,395.1503,395.1503,0.0000,0.0000,9483.6071,0.01699603,1185.4509,1138.6651,8693.3065,8740.0923,0.01557970,0.01566354,0.00070817,22.4534,20.6030,0.4031,82.3230,2.6463,4649.9123,204.2083,25.9152,21.1137,12.8578,14.5296,26.176,48.8436,54.2173,102.8621,13.088,0.0,3.731508,7.079487,1.545355,30,207,63,6,0.32204186,0.01770420,-0.00338982,0E-8,0.000000,0.904812,0.002133,0.03111404,2026-03-21,2026-08-06,120,3733,1703,139,0.863309,1.227414,1.154177,1.073473,,,,,,,,GLOBAL_BASELINE_NO_ENTITY_RANKING,,,NOT_APPLICABLE_GLOBAL_BASELINE,HF9g-P5,,,,X 全窗基线 · 不参与实体赏罚,15052367,1506,A168_HF9F_20260827_0900,2026-08-27 09:00:00
2026-05-05,127529701,1507,0,35.0267240933,-29.8375797832,-29.8375797832,0E-7,4,4,0.50329940000000000,0.503299400000,-1.743518224870635,-1.743518224870635,-1.743518224870635,0E-17,ELIGIBLE,R03b_20260811_FULL_v1,L1_ELIGIBILITY,v2026-08-11,2026-03-21..2026-08-06,baccarat_bet02_101_all_pairs_incl_sentinel,round_win = game_pnl > 0 (decisive only),COMPATIBILITY_ONLY_NOT_PRODUCTION,557989.4742,504875.3716,9878.7574,24851,24505,-0.01770420,0.00338982,-0.02772422,-0.01770420,-9878.7574,557989.4742,OK,0.0000,395.1503,4.0000,96.0000,AG03-UNRESOLVED,ALL5_LEVELS_bet23_to_bet27,395.1503,395.1503,395.1503,0.0000,0.0000,4.000000,4.000000,4.000000,0.000000,0.000000,96.000000,96.000000,96.000000,100.000000,100.000000,5.0,1185.4509,1138.6651,8693.3065,8740.0923,PENDING_AG03,FALSE,NOT_FOR_ENFORCEMENT,9483.6071,484680.3568,9878.7574,9483.6071,395.1503,0.01770420,0.01699603,395.1503,9483.6071,0.01699603,395.1503,395.1503,395.1503,0.0000,0.0000,9483.6071,0.01699603,1185.4509,1138.6651,8693.3065,8740.0923,0.01557970,0.01566354,0.00070817,22.4534,20.6030,0.4031,82.3230,2.6463,4649.9123,204.2083,25.9152,21.1137,12.8578,14.5296,26.176,48.8436,54.2173,102.8621,13.088,0.0,3.731508,7.079487,1.545355,30,207,63,6,0.32204186,0.01770420,-0.00338982,0E-8,0.000000,0.904812,0.002133,0.03111404,2026-03-21,2026-08-06,120,3733,1703,139,0.863309,1.227414,1.154177,1.073473,,,,,,,,GLOBAL_BASELINE_NO_ENTITY_RANKING,,,NOT_APPLICABLE_GLOBAL_BASELINE,HF9g-P5,,,,X 全窗基线 · 不参与实体赏罚,15052368,1506,A168_HF9F_20260827_0900,2026-08-27 09:00:00
2026-05-05,127529701,1702,0,90.8100254269,-38.9185823258,-38.9185823258,0E-7,4,4,0.49659680000000000,0.496596800000,-1.4046203955403829,-1.4046203955403829,-1.4046203955403829,0E-17,ELIGIBLE,R03b_20260811_FULL_v1,L1_ELIGIBILITY,v2026-08-11,2026-03-21..2026-08-06,baccarat_bet02_101_all_pairs_incl_sentinel,round_win = game_pnl > 0 (decisive only),COMPATIBILITY_ONLY_NOT_PRODUCTION,557989.4742,504875.3716,9878.7574,24851,24505,-0.01770420,0.00338982,-0.02772422,-0.01770420,-9878.7574,557989.4742,OK,0.0000,395.1503,4.0000,96.0000,AG03-UNRESOLVED,ALL5_LEVELS_bet23_to_bet27,395.1503,395.1503,395.1503,0.0000,0.0000,4.000000,4.000000,4.000000,0.000000,0.000000,96.000000,96.000000,96.000000,100.000000,100.000000,5.0,1185.4509,1138.6651,8693.3065,8740.0923,PENDING_AG03,FALSE,NOT_FOR_ENFORCEMENT,9483.6071,484680.3568,9878.7574,9483.6071,395.1503,0.01770420,0.01699603,395.1503,9483.6071,0.01699603,395.1503,395.1503,395.1503,0.0000,0.0000,9483.6071,0.01699603,1185.4509,1138.6651,8693.3065,8740.0923,0.01557970,0.01566354,0.00070817,22.4534,20.6030,0.4031,82.3230,2.6463,4649.9123,204.2083,25.9152,21.1137,12.8578,14.5296,26.176,48.8436,54.2173,102.8621,13.088,0.0,3.731508,7.079487,1.545355,30,207,63,6,0.32204186,0.01770420,-0.00338982,0E-8,0.000000,0.904812,0.002133,0.03111404,2026-03-21,2026-08-06,120,3733,1703,139,0.863309,1.227414,1.154177,1.073473,,,,,,,,GLOBAL_BASELINE_NO_ENTITY_RANKING,,,NOT_APPLICABLE_GLOBAL_BASELINE,HF9g-P5,,,,X 全窗基线 · 不参与实体赏罚,15052369,1506,A168_HF9F_20260827_0900,2026-08-27 09:00:00
2026-05-05,127529701,1704,0,38.9185823258,36.9726532095,36.9726532095,1.0000000,1,1,0.50665070000000000,0.506650700000,0.9867858985152569,0.9867858985152569,0.9867858985152569,0E-17,ELIGIBLE,R03b_20260811_FULL_v1,L1_ELIGIBILITY,v2026-08-11,2026-03-21..2026-08-06,baccarat_bet02_101_all_pairs_incl_sentinel,round_win = game_pnl > 0 (decisive only),COMPATIBILITY_ONLY_NOT_PRODUCTION,557989.4742,504875.3716,9878.7574,24851,24505,-0.01770420,0.00338982,-0.02772422,-0.01770420,-9878.7574,557989.4742,OK,0.0000,395.1503,4.0000,96.0000,AG03-UNRESOLVED,ALL5_LEVELS_bet23_to_bet27,395.1503,395.1503,395.1503,0.0000,0.0000,4.000000,4.000000,4.000000,0.000000,0.000000,96.000000,96.000000,96.000000,100.000000,100.000000,5.0,1185.4509,1138.6651,8693.3065,8740.0923,PENDING_AG03,FALSE,NOT_FOR_ENFORCEMENT,9483.6071,484680.3568,9878.7574,9483.6071,395.1503,0.01770420,0.01699603,395.1503,9483.6071,0.01699603,395.1503,395.1503,395.1503,0.0000,0.0000,9483.6071,0.01699603,1185.4509,1138.6651,8693.3065,8740.0923,0.01557970,0.01566354,0.00070817,22.4534,20.6030,0.4031,82.3230,2.6463,4649.9123,204.2083,25.9152,21.1137,12.8578,14.5296,26.176,48.8436,54.2173,102.8621,13.088,0.0,3.731508,7.079487,1.545355,30,207,63,6,0.32204186,0.01770420,-0.00338982,0E-8,0.000000,0.904812,0.002133,0.03111404,2026-03-21,2026-08-06,120,3733,1703,139,0.863309,1.227414,1.154177,1.073473,,,,,,,,GLOBAL_BASELINE_NO_ENTITY_RANKING,,,NOT_APPLICABLE_GLOBAL_BASELINE,HF9g-P5,,,,X 全窗基线 · 不参与实体赏罚,15052370,1506,A168_HF9F_20260827_0900,2026-08-27 09:00:00
2026-05-05,127529701,1714,0,103.7828862022,-55.1346582949,-55.1346582949,0.2500000,5,5,0.49592654000000000,0.495926540000,-0.983738807048034,-0.983738807048034,-0.983738807048034,0E-17,ELIGIBLE,R03b_20260811_FULL_v1,L1_ELIGIBILITY,v2026-08-11,2026-03-21..2026-08-06,baccarat_bet02_101_all_pairs_incl_sentinel,round_win = game_pnl > 0 (decisive only),COMPATIBILITY_ONLY_NOT_PRODUCTION,557989.4742,504875.3716,9878.7574,24851,24505,-0.01770420,0.00338982,-0.02772422,-0.01770420,-9878.7574,557989.4742,OK,0.0000,395.1503,4.0000,96.0000,AG03-UNRESOLVED,ALL5_LEVELS_bet23_to_bet27,395.1503,395.1503,395.1503,0.0000,0.0000,4.000000,4.000000,4.000000,0.000000,0.000000,96.000000,96.000000,96.000000,100.000000,100.000000,5.0,1185.4509,1138.6651,8693.3065,8740.0923,PENDING_AG03,FALSE,NOT_FOR_ENFORCEMENT,9483.6071,484680.3568,9878.7574,9483.6071,395.1503,0.01770420,0.01699603,395.1503,9483.6071,0.01699603,395.1503,395.1503,395.1503,0.0000,0.0000,9483.6071,0.01699603,1185.4509,1138.6651,8693.3065,8740.0923,0.01557970,0.01566354,0.00070817,22.4534,20.6030,0.4031,82.3230,2.6463,4649.9123,204.2083,25.9152,21.1137,12.8578,14.5296,26.176,48.8436,54.2173,102.8621,13.088,0.0,3.731508,7.079487,1.545355,30,207,63,6,0.32204186,0.01770420,-0.00338982,0E-8,0.000000,0.904812,0.002133,0.03111404,2026-03-21,2026-08-06,120,3733,1703,139,0.863309,1.227414,1.154177,1.073473,,,,,,,,GLOBAL_BASELINE_NO_ENTITY_RANKING,,,NOT_APPLICABLE_GLOBAL_BASELINE,HF9g-P5,,,,X 全窗基线 · 不参与实体赏罚,15052371,1506,A168_HF9F_20260827_0900,2026-08-27 09:00:00
2026-05-05,127529701,1990,0,38.9185823259,-13.6215038141,-13.6215038141,0.3333333,3,3,0.50665070000000000,0.506650700000,-0.6004420894325239,-0.6004420894325239,-0.6004420894325239,0E-17,ELIGIBLE,R03b_20260811_FULL_v1,L1_ELIGIBILITY,v2026-08-11,2026-03-21..2026-08-06,baccarat_bet02_101_all_pairs_incl_sentinel,round_win = game_pnl > 0 (decisive only),COMPATIBILITY_ONLY_NOT_PRODUCTION,557989.4742,504875.3716,9878.7574,24851,24505,-0.01770420,0.00338982,-0.02772422,-0.01770420,-9878.7574,557989.4742,OK,0.0000,395.1503,4.0000,96.0000,AG03-UNRESOLVED,ALL5_LEVELS_bet23_to_bet27,395.1503,395.1503,395.1503,0.0000,0.0000,4.000000,4.000000,4.000000,0.000000,0.000000,96.000000,96.000000,96.000000,100.000000,100.000000,5.0,1185.4509,1138.6651,8693.3065,8740.0923,PENDING_AG03,FALSE,NOT_FOR_ENFORCEMENT,9483.6071,484680.3568,9878.7574,9483.6071,395.1503,0.01770420,0.01699603,395.1503,9483.6071,0.01699603,395.1503,395.1503,395.1503,0.0000,0.0000,9483.6071,0.01699603,1185.4509,1138.6651,8693.3065,8740.0923,0.01557970,0.01566354,0.00070817,22.4534,20.6030,0.4031,82.3230,2.6463,4649.9123,204.2083,25.9152,21.1137,12.8578,14.5296,26.176,48.8436,54.2173,102.8621,13.088,0.0,3.731508,7.079487,1.545355,30,207,63,6,0.32204186,0.01770420,-0.00338982,0E-8,0.000000,0.904812,0.002133,0.03111404,2026-03-21,2026-08-06,120,3733,1703,139,0.863309,1.227414,1.154177,1.073473,,,,,,,,GLOBAL_BASELINE_NO_ENTITY_RANKING,,,NOT_APPLICABLE_GLOBAL_BASELINE,HF9g-P5,,,,X 全窗基线 · 不参与实体赏罚,15052372,1506,A168_HF9F_20260827_0900,2026-08-27 09:00:00
2026-05-05,127529701,1994,0,700.7939390795,44.8601525608,44.8601525608,0.5714286,51,50,0.49976936400000000,0.499814048000,0.9288095828082631,0.9282303773542261,0.9288095828082631,-0.00004468400000000,ELIGIBLE,R03b_20260811_FULL_v1,L1_ELIGIBILITY,v2026-08-11,2026-03-21..2026-08-06,baccarat_bet02_101_all_pairs_incl_sentinel,round_win = game_pnl > 0 (decisive only),COMPATIBILITY_ONLY_NOT_PRODUCTION,557989.4742,504875.3716,9878.7574,24851,24505,-0.01770420,0.00338982,-0.02772422,-0.01770420,-9878.7574,557989.4742,OK,0.0000,395.1503,4.0000,96.0000,AG03-UNRESOLVED,ALL5_LEVELS_bet23_to_bet27,395.1503,395.1503,395.1503,0.0000,0.0000,4.000000,4.000000,4.000000,0.000000,0.000000,96.000000,96.000000,96.000000,100.000000,100.000000,5.0,1185.4509,1138.6651,8693.3065,8740.0923,PENDING_AG03,FALSE,NOT_FOR_ENFORCEMENT,9483.6071,484680.3568,9878.7574,9483.6071,395.1503,0.01770420,0.01699603,395.1503,9483.6071,0.01699603,395.1503,395.1503,395.1503,0.0000,0.0000,9483.6071,0.01699603,1185.4509,1138.6651,8693.3065,8740.0923,0.01557970,0.01566354,0.00070817,22.4534,20.6030,0.4031,82.3230,2.6463,4649.9123,204.2083,25.9152,21.1137,12.8578,14.5296,26.176,48.8436,54.2173,102.8621,13.088,0.0,3.731508,7.079487,1.545355,30,207,63,6,0.32204186,0.01770420,-0.00338982,0E-8,0.000000,0.904812,0.002133,0.03111404,2026-03-21,2026-08-06,120,3733,1703,139,0.863309,1.227414,1.154177,1.073473,,,,,,,,GLOBAL_BASELINE_NO_ENTITY_RANKING,,,NOT_APPLICABLE_GLOBAL_BASELINE,HF9g-P5,,,,X 全窗基线 · 不参与实体赏罚,15052373,1506,A168_HF9F_20260827_0900,2026-08-27 09:00:00
2026-05-05,127529701,2093,0,555.4978983971,63.0610762287,63.0610762287,0.5806452,34,34,0.49994810000000000,0.499948100000,0.8986044489157161,0.8986044489157161,0.8986044489157161,0E-17,ELIGIBLE,R03b_20260811_FULL_v1,L1_ELIGIBILITY,v2026-08-11,2026-03-21..2026-08-06,baccarat_bet02_101_all_pairs_incl_sentinel,round_win = game_pnl > 0 (decisive only),COMPATIBILITY_ONLY_NOT_PRODUCTION,557989.4742,504875.3716,9878.7574,24851,24505,-0.01770420,0.00338982,-0.02772422,-0.01770420,-9878.7574,557989.4742,OK,0.0000,395.1503,4.0000,96.0000,AG03-UNRESOLVED,ALL5_LEVELS_bet23_to_bet27,395.1503,395.1503,395.1503,0.0000,0.0000,4.000000,4.000000,4.000000,0.000000,0.000000,96.000000,96.000000,96.000000,100.000000,100.000000,5.0,1185.4509,1138.6651,8693.3065,8740.0923,PENDING_AG03,FALSE,NOT_FOR_ENFORCEMENT,9483.6071,484680.3568,9878.7574,9483.6071,395.1503,0.01770420,0.01699603,395.1503,9483.6071,0.01699603,395.1503,395.1503,395.1503,0.0000,0.0000,9483.6071,0.01699603,1185.4509,1138.6651,8693.3065,8740.0923,0.01557970,0.01566354,0.00070817,22.4534,20.6030,0.4031,82.3230,2.6463,4649.9123,204.2083,25.9152,21.1137,12.8578,14.5296,26.176,48.8436,54.2173,102.8621,13.088,0.0,3.731508,7.079487,1.545355,30,207,63,6,0.32204186,0.01770420,-0.00338982,0E-8,0.000000,0.904812,0.002133,0.03111404,2026-03-21,2026-08-06,120,3733,1703,139,0.863309,1.227414,1.154177,1.073473,,,,,,,,GLOBAL_BASELINE_NO_ENTITY_RANKING,,,NOT_APPLICABLE_GLOBAL_BASELINE,HF9g-P5,,,,X 全窗基线 · 不参与实体赏罚,15052374,1506,A168_HF9F_20260827_0900,2026-08-27 09:00:00
2026-05-05,127529701,2103,0,5.1891443101,5.1891443101,5.1891443101,1.0000000,1,1,0.49324550000000000,0.493245500000,1.01360149184955,1.01360149184955,1.01360149184955,0E-17,ELIGIBLE,R03b_20260811_FULL_v1,L1_ELIGIBILITY,v2026-08-11,2026-03-21..2026-08-06,baccarat_bet02_101_all_pairs_incl_sentinel,round_win = game_pnl > 0 (decisive only),COMPATIBILITY_ONLY_NOT_PRODUCTION,557989.4742,504875.3716,9878.7574,24851,24505,-0.01770420,0.00338982,-0.02772422,-0.01770420,-9878.7574,557989.4742,OK,0.0000,395.1503,4.0000,96.0000,AG03-UNRESOLVED,ALL5_LEVELS_bet23_to_bet27,395.1503,395.1503,395.1503,0.0000,0.0000,4.000000,4.000000,4.000000,0.000000,0.000000,96.000000,96.000000,96.000000,100.000000,100.000000,5.0,1185.4509,1138.6651,8693.3065,8740.0923,PENDING_AG03,FALSE,NOT_FOR_ENFORCEMENT,9483.6071,484680.3568,9878.7574,9483.6071,395.1503,0.01770420,0.01699603,395.1503,9483.6071,0.01699603,395.1503,395.1503,395.1503,0.0000,0.0000,9483.6071,0.01699603,1185.4509,1138.6651,8693.3065,8740.0923,0.01557970,0.01566354,0.00070817,22.4534,20.6030,0.4031,82.3230,2.6463,4649.9123,204.2083,25.9152,21.1137,12.8578,14.5296,26.176,48.8436,54.2173,102.8621,13.088,0.0,3.731508,7.079487,1.545355,30,207,63,6,0.32204186,0.01770420,-0.00338982,0E-8,0.000000,0.904812,0.002133,0.03111404,2026-03-21,2026-08-06,120,3733,1703,139,0.863309,1.227414,1.154177,1.073473,,,,,,,,GLOBAL_BASELINE_NO_ENTITY_RANKING,,,NOT_APPLICABLE_GLOBAL_BASELINE,HF9g-P5,,,,X 全窗基线 · 不参与实体赏罚,15052375,1506,A168_HF9F_20260827_0900,2026-08-27 09:00:00
2026-05-05,127529701,2106,0,124.5394634424,-72.6480203414,-72.6480203414,0.1666667,6,6,0.49547970000000000,0.495479700000,-1.6109141382103604,-1.6109141382103604,-1.6109141382103604,0E-17,ELIGIBLE,R03b_20260811_FULL_v1,L1_ELIGIBILITY,v2026-08-11,2026-03-21..2026-08-06,baccarat_bet02_101_all_pairs_incl_sentinel,round_win = game_pnl > 0 (decisive only),COMPATIBILITY_ONLY_NOT_PRODUCTION,557989.4742,504875.3716,9878.7574,24851,24505,-0.01770420,0.00338982,-0.02772422,-0.01770420,-9878.7574,557989.4742,OK,0.0000,395.1503,4.0000,96.0000,AG03-UNRESOLVED,ALL5_LEVELS_bet23_to_bet27,395.1503,395.1503,395.1503,0.0000,0.0000,4.000000,4.000000,4.000000,0.000000,0.000000,96.000000,96.000000,96.000000,100.000000,100.000000,5.0,1185.4509,1138.6651,8693.3065,8740.0923,PENDING_AG03,FALSE,NOT_FOR_ENFORCEMENT,9483.6071,484680.3568,9878.7574,9483.6071,395.1503,0.01770420,0.01699603,395.1503,9483.6071,0.01699603,395.1503,395.1503,395.1503,0.0000,0.0000,9483.6071,0.01699603,1185.4509,1138.6651,8693.3065,8740.0923,0.01557970,0.01566354,0.00070817,22.4534,20.6030,0.4031,82.3230,2.6463,4649.9123,204.2083,25.9152,21.1137,12.8578,14.5296,26.176,48.8436,54.2173,102.8621,13.088,0.0,3.731508,7.079487,1.545355,30,207,63,6,0.32204186,0.01770420,-0.00338982,0E-8,0.000000,0.904812,0.002133,0.03111404,2026-03-21,2026-08-06,120,3733,1703,139,0.863309,1.227414,1.154177,1.073473,,,,,,,,GLOBAL_BASELINE_NO_ENTITY_RANKING,,,NOT_APPLICABLE_GLOBAL_BASELINE,HF9g-P5,,,,X 全窗基线 · 不参与实体赏罚,15052376,1506,A168_HF9F_20260827_0900,2026-08-27 09:00:00
2026-05-05,127529701,2121,0,248.5600124542,19.7187483782,19.7187483782,0.5384615,14,14,0.49899058571428571,0.498990585714,0.284629668071992,0.2846296680740526,0.284629668071992,2.8571E-13,ELIGIBLE,R03b_20260811_FULL_v1,L1_ELIGIBILITY,v2026-08-11,2026-03-21..2026-08-06,baccarat_bet02_101_all_pairs_incl_sentinel,round_win = game_pnl > 0 (decisive only),COMPATIBILITY_ONLY_NOT_PRODUCTION,557989.4742,504875.3716,9878.7574,24851,24505,-0.01770420,0.00338982,-0.02772422,-0.01770420,-9878.7574,557989.4742,OK,0.0000,395.1503,4.0000,96.0000,AG03-UNRESOLVED,ALL5_LEVELS_bet23_to_bet27,395.1503,395.1503,395.1503,0.0000,0.0000,4.000000,4.000000,4.000000,0.000000,0.000000,96.000000,96.000000,96.000000,100.000000,100.000000,5.0,1185.4509,1138.6651,8693.3065,8740.0923,PENDING_AG03,FALSE,NOT_FOR_ENFORCEMENT,9483.6071,484680.3568,9878.7574,9483.6071,395.1503,0.01770420,0.01699603,395.1503,9483.6071,0.01699603,395.1503,395.1503,395.1503,0.0000,0.0000,9483.6071,0.01699603,1185.4509,1138.6651,8693.3065,8740.0923,0.01557970,0.01566354,0.00070817,22.4534,20.6030,0.4031,82.3230,2.6463,4649.9123,204.2083,25.9152,21.1137,12.8578,14.5296,26.176,48.8436,54.2173,102.8621,13.088,0.0,3.731508,7.079487,1.545355,30,207,63,6,0.32204186,0.01770420,-0.00338982,0E-8,0.000000,0.904812,0.002133,0.03111404,2026-03-21,2026-08-06,120,3733,1703,139,0.863309,1.227414,1.154177,1.073473,,,,,,,,GLOBAL_BASELINE_NO_ENTITY_RANKING,,,NOT_APPLICABLE_GLOBAL_BASELINE,HF9g-P5,,,,X 全窗基线 · 不参与实体赏罚,15052377,1506,A168_HF9F_20260827_0900,2026-08-27 09:00:00
2026-05-05,127529701,2123,0,52.6698147476,-52.6698147476,-52.6698147476,0E-7,3,3,0.49771390000000000,0.497713900000,-1.724149546644903,-1.724149546644903,-1.724149546644903,0E-17,ELIGIBLE,R03b_20260811_FULL_v1,L1_ELIGIBILITY,v2026-08-11,2026-03-21..2026-08-06,baccarat_bet02_101_all_pairs_incl_sentinel,round_win = game_pnl > 0 (decisive only),COMPATIBILITY_ONLY_NOT_PRODUCTION,557989.4742,504875.3716,9878.7574,24851,24505,-0.01770420,0.00338982,-0.02772422,-0.01770420,-9878.7574,557989.4742,OK,0.0000,395.1503,4.0000,96.0000,AG03-UNRESOLVED,ALL5_LEVELS_bet23_to_bet27,395.1503,395.1503,395.1503,0.0000,0.0000,4.000000,4.000000,4.000000,0.000000,0.000000,96.000000,96.000000,96.000000,100.000000,100.000000,5.0,1185.4509,1138.6651,8693.3065,8740.0923,PENDING_AG03,FALSE,NOT_FOR_ENFORCEMENT,9483.6071,484680.3568,9878.7574,9483.6071,395.1503,0.01770420,0.01699603,395.1503,9483.6071,0.01699603,395.1503,395.1503,395.1503,0.0000,0.0000,9483.6071,0.01699603,1185.4509,1138.6651,8693.3065,8740.0923,0.01557970,0.01566354,0.00070817,22.4534,20.6030,0.4031,82.3230,2.6463,4649.9123,204.2083,25.9152,21.1137,12.8578,14.5296,26.176,48.8436,54.2173,102.8621,13.088,0.0,3.731508,7.079487,1.545355,30,207,63,6,0.32204186,0.01770420,-0.00338982,0E-8,0.000000,0.904812,0.002133,0.03111404,2026-03-21,2026-08-06,120,3733,1703,139,0.863309,1.227414,1.154177,1.073473,,,,,,,,GLOBAL_BASELINE_NO_ENTITY_RANKING,,,NOT_APPLICABLE_GLOBAL_BASELINE,HF9g-P5,,,,X 全窗基线 · 不参与实体赏罚,15052378,1506,A168_HF9F_20260827_0900,2026-08-27 09:00:00
2026-05-05,127529701,2142,0,64.0859322298,-38.7888537180,-38.7888537180,0.2500000,4,4,0.49994810000000000,0.499948100000,-0.9997924053861017,-0.9997924053861017,-0.9997924053861017,0E-17,ELIGIBLE,R03b_20260811_FULL_v1,L1_ELIGIBILITY,v2026-08-11,2026-03-21..2026-08-06,baccarat_bet02_101_all_pairs_incl_sentinel,round_win = game_pnl > 0 (decisive only),COMPATIBILITY_ONLY_NOT_PRODUCTION,557989.4742,504875.3716,9878.7574,24851,24505,-0.01770420,0.00338982,-0.02772422,-0.01770420,-9878.7574,557989.4742,OK,0.0000,395.1503,4.0000,96.0000,AG03-UNRESOLVED,ALL5_LEVELS_bet23_to_bet27,395.1503,395.1503,395.1503,0.0000,0.0000,4.000000,4.000000,4.000000,0.000000,0.000000,96.000000,96.000000,96.000000,100.000000,100.000000,5.0,1185.4509,1138.6651,8693.3065,8740.0923,PENDING_AG03,FALSE,NOT_FOR_ENFORCEMENT,9483.6071,484680.3568,9878.7574,9483.6071,395.1503,0.01770420,0.01699603,395.1503,9483.6071,0.01699603,395.1503,395.1503,395.1503,0.0000,0.0000,9483.6071,0.01699603,1185.4509,1138.6651,8693.3065,8740.0923,0.01557970,0.01566354,0.00070817,22.4534,20.6030,0.4031,82.3230,2.6463,4649.9123,204.2083,25.9152,21.1137,12.8578,14.5296,26.176,48.8436,54.2173,102.8621,13.088,0.0,3.731508,7.079487,1.545355,30,207,63,6,0.32204186,0.01770420,-0.00338982,0E-8,0.000000,0.904812,0.002133,0.03111404,2026-03-21,2026-08-06,120,3733,1703,139,0.863309,1.227414,1.154177,1.073473,,,,,,,,GLOBAL_BASELINE_NO_ENTITY_RANKING,,,NOT_APPLICABLE_GLOBAL_BASELINE,HF9g-P5,,,,X 全窗基线 · 不参与实体赏罚,15052379,1506,A168_HF9F_20260827_0900,2026-08-27 09:00:00
2026-05-05,127529701,2147,0,243.8897825750,-102.3558715168,-102.3558715168,0.3000000,11,11,0.49690146363636364,0.496901463636,-1.2453381124551504,-1.2453381124528562,-1.2453381124551504,3.6364E-13,ELIGIBLE,R03b_20260811_FULL_v1,L1_ELIGIBILITY,v2026-08-11,2026-03-21..2026-08-06,baccarat_bet02_101_all_pairs_incl_sentinel,round_win = game_pnl > 0 (decisive only),COMPATIBILITY_ONLY_NOT_PRODUCTION,557989.4742,504875.3716,9878.7574,24851,24505,-0.01770420,0.00338982,-0.02772422,-0.01770420,-9878.7574,557989.4742,OK,0.0000,395.1503,4.0000,96.0000,AG03-UNRESOLVED,ALL5_LEVELS_bet23_to_bet27,395.1503,395.1503,395.1503,0.0000,0.0000,4.000000,4.000000,4.000000,0.000000,0.000000,96.000000,96.000000,96.000000,100.000000,100.000000,5.0,1185.4509,1138.6651,8693.3065,8740.0923,PENDING_AG03,FALSE,NOT_FOR_ENFORCEMENT,9483.6071,484680.3568,9878.7574,9483.6071,395.1503,0.01770420,0.01699603,395.1503,9483.6071,0.01699603,395.1503,395.1503,395.1503,0.0000,0.0000,9483.6071,0.01699603,1185.4509,1138.6651,8693.3065,8740.0923,0.01557970,0.01566354,0.00070817,22.4534,20.6030,0.4031,82.3230,2.6463,4649.9123,204.2083,25.9152,21.1137,12.8578,14.5296,26.176,48.8436,54.2173,102.8621,13.088,0.0,3.731508,7.079487,1.545355,30,207,63,6,0.32204186,0.01770420,-0.00338982,0E-8,0.000000,0.904812,0.002133,0.03111404,2026-03-21,2026-08-06,120,3733,1703,139,0.863309,1.227414,1.154177,1.073473,,,,,,,,GLOBAL_BASELINE_NO_ENTITY_RANKING,,,NOT_APPLICABLE_GLOBAL_BASELINE,HF9g-P5,,,,X 全窗基线 · 不参与实体赏罚,15052380,1506,A168_HF9F_20260827_0900,2026-08-27 09:00:00
2026-05-05,127529701,2153,0,215.3494888696,79.3939079444,79.3939079444,0.6153846,13,13,0.50355719230769231,0.503557192308,0.8064194243172039,0.8064194243149886,0.8064194243172039,-3.0769E-13,ELIGIBLE,R03b_20260811_FULL_v1,L1_ELIGIBILITY,v2026-08-11,2026-03-21..2026-08-06,baccarat_bet02_101_all_pairs_incl_sentinel,round_win = game_pnl > 0 (decisive only),COMPATIBILITY_ONLY_NOT_PRODUCTION,557989.4742,504875.3716,9878.7574,24851,24505,-0.01770420,0.00338982,-0.02772422,-0.01770420,-9878.7574,557989.4742,OK,0.0000,395.1503,4.0000,96.0000,AG03-UNRESOLVED,ALL5_LEVELS_bet23_to_bet27,395.1503,395.1503,395.1503,0.0000,0.0000,4.000000,4.000000,4.000000,0.000000,0.000000,96.000000,96.000000,96.000000,100.000000,100.000000,5.0,1185.4509,1138.6651,8693.3065,8740.0923,PENDING_AG03,FALSE,NOT_FOR_ENFORCEMENT,9483.6071,484680.3568,9878.7574,9483.6071,395.1503,0.01770420,0.01699603,395.1503,9483.6071,0.01699603,395.1503,395.1503,395.1503,0.0000,0.0000,9483.6071,0.01699603,1185.4509,1138.6651,8693.3065,8740.0923,0.01557970,0.01566354,0.00070817,22.4534,20.6030,0.4031,82.3230,2.6463,4649.9123,204.2083,25.9152,21.1137,12.8578,14.5296,26.176,48.8436,54.2173,102.8621,13.088,0.0,3.731508,7.079487,1.545355,30,207,63,6,0.32204186,0.01770420,-0.00338982,0E-8,0.000000,0.904812,0.002133,0.03111404,2026-03-21,2026-08-06,120,3733,1703,139,0.863309,1.227414,1.154177,1.073473,,,,,,,,GLOBAL_BASELINE_NO_ENTITY_RANKING,,,NOT_APPLICABLE_GLOBAL_BASELINE,HF9g-P5,,,,X 全窗基线 · 不参与实体赏罚,15052381,1506,A168_HF9F_20260827_0900,2026-08-27 09:00:00
2026-05-05,127529701,2169,0,274.2462767893,90.2521924135,90.2521924135,0.6086957,23,23,0.49849101304347826,0.498491013043,1.0570505786214004,1.0570505786259905,1.0570505786214004,4.7826E-13,ELIGIBLE,R03b_20260811_FULL_v1,L1_ELIGIBILITY,v2026-08-11,2026-03-21..2026-08-06,baccarat_bet02_101_all_pairs_incl_sentinel,round_win = game_pnl > 0 (decisive only),COMPATIBILITY_ONLY_NOT_PRODUCTION,557989.4742,504875.3716,9878.7574,24851,24505,-0.01770420,0.00338982,-0.02772422,-0.01770420,-9878.7574,557989.4742,OK,0.0000,395.1503,4.0000,96.0000,AG03-UNRESOLVED,ALL5_LEVELS_bet23_to_bet27,395.1503,395.1503,395.1503,0.0000,0.0000,4.000000,4.000000,4.000000,0.000000,0.000000,96.000000,96.000000,96.000000,100.000000,100.000000,5.0,1185.4509,1138.6651,8693.3065,8740.0923,PENDING_AG03,FALSE,NOT_FOR_ENFORCEMENT,9483.6071,484680.3568,9878.7574,9483.6071,395.1503,0.01770420,0.01699603,395.1503,9483.6071,0.01699603,395.1503,395.1503,395.1503,0.0000,0.0000,9483.6071,0.01699603,1185.4509,1138.6651,8693.3065,8740.0923,0.01557970,0.01566354,0.00070817,22.4534,20.6030,0.4031,82.3230,2.6463,4649.9123,204.2083,25.9152,21.1137,12.8578,14.5296,26.176,48.8436,54.2173,102.8621,13.088,0.0,3.731508,7.079487,1.545355,30,207,63,6,0.32204186,0.01770420,-0.00338982,0E-8,0.000000,0.904812,0.002133,0.03111404,2026-03-21,2026-08-06,120,3733,1703,139,0.863309,1.227414,1.154177,1.073473,,,,,,,,GLOBAL_BASELINE_NO_ENTITY_RANKING,,,NOT_APPLICABLE_GLOBAL_BASELINE,HF9g-P5,,,,X 全窗基线 · 不参与实体赏罚,15052382,1506,A168_HF9F_20260827_0900,2026-08-27 09:00:00
2026-05-05,127529701,2170,0,235.3276944637,50.5552384412,50.5552384412,0.6666667,19,19,0.50030086842105263,0.500300868421,1.4116608647360478,1.4116608647364943,1.4116608647360478,5.263E-14,ELIGIBLE,R03b_20260811_FULL_v1,L1_ELIGIBILITY,v2026-08-11,2026-03-21..2026-08-06,baccarat_bet02_101_all_pairs_incl_sentinel,round_win = game_pnl > 0 (decisive only),COMPATIBILITY_ONLY_NOT_PRODUCTION,557989.4742,504875.3716,9878.7574,24851,24505,-0.01770420,0.00338982,-0.02772422,-0.01770420,-9878.7574,557989.4742,OK,0.0000,395.1503,4.0000,96.0000,AG03-UNRESOLVED,ALL5_LEVELS_bet23_to_bet27,395.1503,395.1503,395.1503,0.0000,0.0000,4.000000,4.000000,4.000000,0.000000,0.000000,96.000000,96.000000,96.000000,100.000000,100.000000,5.0,1185.4509,1138.6651,8693.3065,8740.0923,PENDING_AG03,FALSE,NOT_FOR_ENFORCEMENT,9483.6071,484680.3568,9878.7574,9483.6071,395.1503,0.01770420,0.01699603,395.1503,9483.6071,0.01699603,395.1503,395.1503,395.1503,0.0000,0.0000,9483.6071,0.01699603,1185.4509,1138.6651,8693.3065,8740.0923,0.01557970,0.01566354,0.00070817,22.4534,20.6030,0.4031,82.3230,2.6463,4649.9123,204.2083,25.9152,21.1137,12.8578,14.5296,26.176,48.8436,54.2173,102.8621,13.088,0.0,3.731508,7.079487,1.545355,30,207,63,6,0.32204186,0.01770420,-0.00338982,0E-8,0.000000,0.904812,0.002133,0.03111404,2026-03-21,2026-08-06,120,3733,1703,139,0.863309,1.227414,1.154177,1.073473,,,,,,,,GLOBAL_BASELINE_NO_ENTITY_RANKING,,,NOT_APPLICABLE_GLOBAL_BASELINE,HF9g-P5,,,,X 全窗基线 · 不参与实体赏罚,15052383,1506,A168_HF9F_20260827_0900,2026-08-27 09:00:00
2026-05-05,127529701,2171,0,606.3515126365,-52.8254890771,-52.8254890771,0.5000000,37,37,0.49940464594594595,0.499404645946,0.006300639542724704,0.006300639542152691,0.006300639542724704,-5.405E-14,ELIGIBLE,R03b_20260811_FULL_v1,L1_ELIGIBILITY,v2026-08-11,2026-03-21..2026-08-06,baccarat_bet02_101_all_pairs_incl_sentinel,round_win = game_pnl > 0 (decisive only),COMPATIBILITY_ONLY_NOT_PRODUCTION,557989.4742,504875.3716,9878.7574,24851,24505,-0.01770420,0.00338982,-0.02772422,-0.01770420,-9878.7574,557989.4742,OK,0.0000,395.1503,4.0000,96.0000,AG03-UNRESOLVED,ALL5_LEVELS_bet23_to_bet27,395.1503,395.1503,395.1503,0.0000,0.0000,4.000000,4.000000,4.000000,0.000000,0.000000,96.000000,96.000000,96.000000,100.000000,100.000000,5.0,1185.4509,1138.6651,8693.3065,8740.0923,PENDING_AG03,FALSE,NOT_FOR_ENFORCEMENT,9483.6071,484680.3568,9878.7574,9483.6071,395.1503,0.01770420,0.01699603,395.1503,9483.6071,0.01699603,395.1503,395.1503,395.1503,0.0000,0.0000,9483.6071,0.01699603,1185.4509,1138.6651,8693.3065,8740.0923,0.01557970,0.01566354,0.00070817,22.4534,20.6030,0.4031,82.3230,2.6463,4649.9123,204.2083,25.9152,21.1137,12.8578,14.5296,26.176,48.8436,54.2173,102.8621,13.088,0.0,3.731508,7.079487,1.545355,30,207,63,6,0.32204186,0.01770420,-0.00338982,0E-8,0.000000,0.904812,0.002133,0.03111404,2026-03-21,2026-08-06,120,3733,1703,139,0.863309,1.227414,1.154177,1.073473,,,,,,,,GLOBAL_BASELINE_NO_ENTITY_RANKING,,,NOT_APPLICABLE_GLOBAL_BASELINE,HF9g-P5,,,,X 全窗基线 · 不参与实体赏罚,15052384,1506,A168_HF9F_20260827_0900,2026-08-27 09:00:00
2026-05-05,127529701,2202,0,12.9728607753,-12.9728607753,-12.9728607753,0E-7,1,1,0.49324550000000000,0.493245500000,-0.9865810262130424,-0.9865810262130424,-0.9865810262130424,0E-17,ELIGIBLE,R03b_20260811_FULL_v1,L1_ELIGIBILITY,v2026-08-11,2026-03-21..2026-08-06,baccarat_bet02_101_all_pairs_incl_sentinel,round_win = game_pnl > 0 (decisive only),COMPATIBILITY_ONLY_NOT_PRODUCTION,557989.4742,504875.3716,9878.7574,24851,24505,-0.01770420,0.00338982,-0.02772422,-0.01770420,-9878.7574,557989.4742,OK,0.0000,395.1503,4.0000,96.0000,AG03-UNRESOLVED,ALL5_LEVELS_bet23_to_bet27,395.1503,395.1503,395.1503,0.0000,0.0000,4.000000,4.000000,4.000000,0.000000,0.000000,96.000000,96.000000,96.000000,100.000000,100.000000,5.0,1185.4509,1138.6651,8693.3065,8740.0923,PENDING_AG03,FALSE,NOT_FOR_ENFORCEMENT,9483.6071,484680.3568,9878.7574,9483.6071,395.1503,0.01770420,0.01699603,395.1503,9483.6071,0.01699603,395.1503,395.1503,395.1503,0.0000,0.0000,9483.6071,0.01699603,1185.4509,1138.6651,8693.3065,8740.0923,0.01557970,0.01566354,0.00070817,22.4534,20.6030,0.4031,82.3230,2.6463,4649.9123,204.2083,25.9152,21.1137,12.8578,14.5296,26.176,48.8436,54.2173,102.8621,13.088,0.0,3.731508,7.079487,1.545355,30,207,63,6,0.32204186,0.01770420,-0.00338982,0E-8,0.000000,0.904812,0.002133,0.03111404,2026-03-21,2026-08-06,120,3733,1703,139,0.863309,1.227414,1.154177,1.073473,,,,,,,,GLOBAL_BASELINE_NO_ENTITY_RANKING,,,NOT_APPLICABLE_GLOBAL_BASELINE,HF9g-P5,,,,X 全窗基线 · 不参与实体赏罚,15052385,1506,A168_HF9F_20260827_0900,2026-08-27 09:00:00
2026-05-05,127529701,2223,0,66.1615899538,41.5131544809,41.5131544809,0.6000000,5,5,0.49860758000000000,0.498607580000,0.4534424453485946,0.4534424453485946,0.4534424453485946,0E-17,ELIGIBLE,R03b_20260811_FULL_v1,L1_ELIGIBILITY,v2026-08-11,2026-03-21..2026-08-06,baccarat_bet02_101_all_pairs_incl_sentinel,round_win = game_pnl > 0 (decisive only),COMPATIBILITY_ONLY_NOT_PRODUCTION,557989.4742,504875.3716,9878.7574,24851,24505,-0.01770420,0.00338982,-0.02772422,-0.01770420,-9878.7574,557989.4742,OK,0.0000,395.1503,4.0000,96.0000,AG03-UNRESOLVED,ALL5_LEVELS_bet23_to_bet27,395.1503,395.1503,395.1503,0.0000,0.0000,4.000000,4.000000,4.000000,0.000000,0.000000,96.000000,96.000000,96.000000,100.000000,100.000000,5.0,1185.4509,1138.6651,8693.3065,8740.0923,PENDING_AG03,FALSE,NOT_FOR_ENFORCEMENT,9483.6071,484680.3568,9878.7574,9483.6071,395.1503,0.01770420,0.01699603,395.1503,9483.6071,0.01699603,395.1503,395.1503,395.1503,0.0000,0.0000,9483.6071,0.01699603,1185.4509,1138.6651,8693.3065,8740.0923,0.01557970,0.01566354,0.00070817,22.4534,20.6030,0.4031,82.3230,2.6463,4649.9123,204.2083,25.9152,21.1137,12.8578,14.5296,26.176,48.8436,54.2173,102.8621,13.088,0.0,3.731508,7.079487,1.545355,30,207,63,6,0.32204186,0.01770420,-0.00338982,0E-8,0.000000,0.904812,0.002133,0.03111404,2026-03-21,2026-08-06,120,3733,1703,139,0.863309,1.227414,1.154177,1.073473,,,,,,,,GLOBAL_BASELINE_NO_ENTITY_RANKING,,,NOT_APPLICABLE_GLOBAL_BASELINE,HF9g-P5,,,,X 全窗基线 · 不参与实体赏罚,15052386,1506,A168_HF9F_20260827_0900,2026-08-27 09:00:00
2026-05-05,127529701,2233,0,247.7816408073,130.3513050700,130.3513050700,0.7000000,21,21,0.49835224285714286,0.498352242857,1.8036021638872441,1.8036021638885231,1.8036021638872441,1.4286E-13,ELIGIBLE,R03b_20260811_FULL_v1,L1_ELIGIBILITY,v2026-08-11,2026-03-21..2026-08-06,baccarat_bet02_101_all_pairs_incl_sentinel,round_win = game_pnl > 0 (decisive only),COMPATIBILITY_ONLY_NOT_PRODUCTION,557989.4742,504875.3716,9878.7574,24851,24505,-0.01770420,0.00338982,-0.02772422,-0.01770420,-9878.7574,557989.4742,OK,0.0000,395.1503,4.0000,96.0000,AG03-UNRESOLVED,ALL5_LEVELS_bet23_to_bet27,395.1503,395.1503,395.1503,0.0000,0.0000,4.000000,4.000000,4.000000,0.000000,0.000000,96.000000,96.000000,96.000000,100.000000,100.000000,5.0,1185.4509,1138.6651,8693.3065,8740.0923,PENDING_AG03,FALSE,NOT_FOR_ENFORCEMENT,9483.6071,484680.3568,9878.7574,9483.6071,395.1503,0.01770420,0.01699603,395.1503,9483.6071,0.01699603,395.1503,395.1503,395.1503,0.0000,0.0000,9483.6071,0.01699603,1185.4509,1138.6651,8693.3065,8740.0923,0.01557970,0.01566354,0.00070817,22.4534,20.6030,0.4031,82.3230,2.6463,4649.9123,204.2083,25.9152,21.1137,12.8578,14.5296,26.176,48.8436,54.2173,102.8621,13.088,0.0,3.731508,7.079487,1.545355,30,207,63,6,0.32204186,0.01770420,-0.00338982,0E-8,0.000000,0.904812,0.002133,0.03111404,2026-03-21,2026-08-06,120,3733,1703,139,0.863309,1.227414,1.154177,1.073473,,,,,,,,GLOBAL_BASELINE_NO_ENTITY_RANKING,,,NOT_APPLICABLE_GLOBAL_BASELINE,HF9g-P5,,,,X 全窗基线 · 不参与实体赏罚,15052387,1506,A168_HF9F_20260827_0900,2026-08-27 09:00:00
2026-05-05,127529701,2235,0,38.1402106793,22.5727777490,22.5727777490,0.6666667,3,3,0.50218230000000000,0.502182300000,0.5697959874915163,0.5697959874915164,0.5697959874915163,0E-17,ELIGIBLE,R03b_20260811_FULL_v1,L1_ELIGIBILITY,v2026-08-11,2026-03-21..2026-08-06,baccarat_bet02_101_all_pairs_incl_sentinel,round_win = game_pnl > 0 (decisive only),COMPATIBILITY_ONLY_NOT_PRODUCTION,557989.4742,504875.3716,9878.7574,24851,24505,-0.01770420,0.00338982,-0.02772422,-0.01770420,-9878.7574,557989.4742,OK,0.0000,395.1503,4.0000,96.0000,AG03-UNRESOLVED,ALL5_LEVELS_bet23_to_bet27,395.1503,395.1503,395.1503,0.0000,0.0000,4.000000,4.000000,4.000000,0.000000,0.000000,96.000000,96.000000,96.000000,100.000000,100.000000,5.0,1185.4509,1138.6651,8693.3065,8740.0923,PENDING_AG03,FALSE,NOT_FOR_ENFORCEMENT,9483.6071,484680.3568,9878.7574,9483.6071,395.1503,0.01770420,0.01699603,395.1503,9483.6071,0.01699603,395.1503,395.1503,395.1503,0.0000,0.0000,9483.6071,0.01699603,1185.4509,1138.6651,8693.3065,8740.0923,0.01557970,0.01566354,0.00070817,22.4534,20.6030,0.4031,82.3230,2.6463,4649.9123,204.2083,25.9152,21.1137,12.8578,14.5296,26.176,48.8436,54.2173,102.8621,13.088,0.0,3.731508,7.079487,1.545355,30,207,63,6,0.32204186,0.01770420,-0.00338982,0E-8,0.000000,0.904812,0.002133,0.03111404,2026-03-21,2026-08-06,120,3733,1703,139,0.863309,1.227414,1.154177,1.073473,,,,,,,,GLOBAL_BASELINE_NO_ENTITY_RANKING,,,NOT_APPLICABLE_GLOBAL_BASELINE,HF9g-P5,,,,X 全窗基线 · 不参与实体赏罚,15052388,1506,A168_HF9F_20260827_0900,2026-08-27 09:00:00
2026-05-05,127529701,2252,0,250.1167557471,-4.7350941831,-4.7350941831,0.5000000,16,16,0.50078592500000000,0.500785925000,-0.005881331428944417,-0.005881331428944418,-0.005881331428944417,0E-17,ELIGIBLE,R03b_20260811_FULL_v1,L1_ELIGIBILITY,v2026-08-11,2026-03-21..2026-08-06,baccarat_bet02_101_all_pairs_incl_sentinel,round_win = game_pnl > 0 (decisive only),COMPATIBILITY_ONLY_NOT_PRODUCTION,557989.4742,504875.3716,9878.7574,24851,24505,-0.01770420,0.00338982,-0.02772422,-0.01770420,-9878.7574,557989.4742,OK,0.0000,395.1503,4.0000,96.0000,AG03-UNRESOLVED,ALL5_LEVELS_bet23_to_bet27,395.1503,395.1503,395.1503,0.0000,0.0000,4.000000,4.000000,4.000000,0.000000,0.000000,96.000000,96.000000,96.000000,100.000000,100.000000,5.0,1185.4509,1138.6651,8693.3065,8740.0923,PENDING_AG03,FALSE,NOT_FOR_ENFORCEMENT,9483.6071,484680.3568,9878.7574,9483.6071,395.1503,0.01770420,0.01699603,395.1503,9483.6071,0.01699603,395.1503,395.1503,395.1503,0.0000,0.0000,9483.6071,0.01699603,1185.4509,1138.6651,8693.3065,8740.0923,0.01557970,0.01566354,0.00070817,22.4534,20.6030,0.4031,82.3230,2.6463,4649.9123,204.2083,25.9152,21.1137,12.8578,14.5296,26.176,48.8436,54.2173,102.8621,13.088,0.0,3.731508,7.079487,1.545355,30,207,63,6,0.32204186,0.01770420,-0.00338982,0E-8,0.000000,0.904812,0.002133,0.03111404,2026-03-21,2026-08-06,120,3733,1703,139,0.863309,1.227414,1.154177,1.073473,,,,,,,,GLOBAL_BASELINE_NO_ENTITY_RANKING,,,NOT_APPLICABLE_GLOBAL_BASELINE,HF9g-P5,,,,X 全窗基线 · 不参与实体赏罚,15052389,1506,A168_HF9F_20260827_0900,2026-08-27 09:00:00
2026-05-05,127529701,2267,0,132.0637226921,-35.0267240932,-35.0267240932,0.5000000,9,9,0.49622443333333333,0.496224433333,0.01849695099841439,0.018496951000047508,0.01849695099841439,3.3333E-13,ELIGIBLE,R03b_20260811_FULL_v1,L1_ELIGIBILITY,v2026-08-11,2026-03-21..2026-08-06,baccarat_bet02_101_all_pairs_incl_sentinel,round_win = game_pnl > 0 (decisive only),COMPATIBILITY_ONLY_NOT_PRODUCTION,557989.4742,504875.3716,9878.7574,24851,24505,-0.01770420,0.00338982,-0.02772422,-0.01770420,-9878.7574,557989.4742,OK,0.0000,395.1503,4.0000,96.0000,AG03-UNRESOLVED,ALL5_LEVELS_bet23_to_bet27,395.1503,395.1503,395.1503,0.0000,0.0000,4.000000,4.000000,4.000000,0.000000,0.000000,96.000000,96.000000,96.000000,100.000000,100.000000,5.0,1185.4509,1138.6651,8693.3065,8740.0923,PENDING_AG03,FALSE,NOT_FOR_ENFORCEMENT,9483.6071,484680.3568,9878.7574,9483.6071,395.1503,0.01770420,0.01699603,395.1503,9483.6071,0.01699603,395.1503,395.1503,395.1503,0.0000,0.0000,9483.6071,0.01699603,1185.4509,1138.6651,8693.3065,8740.0923,0.01557970,0.01566354,0.00070817,22.4534,20.6030,0.4031,82.3230,2.6463,4649.9123,204.2083,25.9152,21.1137,12.8578,14.5296,26.176,48.8436,54.2173,102.8621,13.088,0.0,3.731508,7.079487,1.545355,30,207,63,6,0.32204186,0.01770420,-0.00338982,0E-8,0.000000,0.904812,0.002133,0.03111404,2026-03-21,2026-08-06,120,3733,1703,139,0.863309,1.227414,1.154177,1.073473,,,,,,,,GLOBAL_BASELINE_NO_ENTITY_RANKING,,,NOT_APPLICABLE_GLOBAL_BASELINE,HF9g-P5,,,,X 全窗基线 · 不参与实体赏罚,15052390,1506,A168_HF9F_20260827_0900,2026-08-27 09:00:00
2026-05-05,127529701,526,0,95.9991697370,24.6484354730,24.6484354730,0.6666667,7,7,0.50282064285714286,0.502820642857,0.802691081998535,0.8026910819992337,0.802691081998535,1.4286E-13,ELIGIBLE,R03b_20260811_FULL_v1,L1_ELIGIBILITY,v2026-08-11,2026-03-21..2026-08-06,baccarat_bet02_101_all_pairs_incl_sentinel,round_win = game_pnl > 0 (decisive only),COMPATIBILITY_ONLY_NOT_PRODUCTION,557989.4742,504875.3716,9878.7574,24851,24505,-0.01770420,0.00338982,-0.02772422,-0.01770420,-9878.7574,557989.4742,OK,0.0000,395.1503,4.0000,96.0000,AG03-UNRESOLVED,ALL5_LEVELS_bet23_to_bet27,395.1503,395.1503,395.1503,0.0000,0.0000,4.000000,4.000000,4.000000,0.000000,0.000000,96.000000,96.000000,96.000000,100.000000,100.000000,5.0,1185.4509,1138.6651,8693.3065,8740.0923,PENDING_AG03,FALSE,NOT_FOR_ENFORCEMENT,9483.6071,484680.3568,9878.7574,9483.6071,395.1503,0.01770420,0.01699603,395.1503,9483.6071,0.01699603,395.1503,395.1503,395.1503,0.0000,0.0000,9483.6071,0.01699603,1185.4509,1138.6651,8693.3065,8740.0923,0.01557970,0.01566354,0.00070817,22.4534,20.6030,0.4031,82.3230,2.6463,4649.9123,204.2083,25.9152,21.1137,12.8578,14.5296,26.176,48.8436,54.2173,102.8621,13.088,0.0,3.731508,7.079487,1.545355,30,207,63,6,0.32204186,0.01770420,-0.00338982,0E-8,0.000000,0.904812,0.002133,0.03111404,2026-03-21,2026-08-06,120,3733,1703,139,0.863309,1.227414,1.154177,1.073473,,,,,,,,GLOBAL_BASELINE_NO_ENTITY_RANKING,,,NOT_APPLICABLE_GLOBAL_BASELINE,HF9g-P5,,,,X 全窗基线 · 不参与实体赏罚,15052391,1506,A168_HF9F_20260827_0900,2026-08-27 09:00:00
2026-05-05,127529701,789,0,64.8643038763,12.3242177365,12.3242177365,0.6666667,3,3,0.49771390000000000,0.497713900000,0.5852756695216578,0.5852756695216578,0.5852756695216578,0E-17,ELIGIBLE,R03b_20260811_FULL_v1,L1_ELIGIBILITY,v2026-08-11,2026-03-21..2026-08-06,baccarat_bet02_101_all_pairs_incl_sentinel,round_win = game_pnl > 0 (decisive only),COMPATIBILITY_ONLY_NOT_PRODUCTION,557989.4742,504875.3716,9878.7574,24851,24505,-0.01770420,0.00338982,-0.02772422,-0.01770420,-9878.7574,557989.4742,OK,0.0000,395.1503,4.0000,96.0000,AG03-UNRESOLVED,ALL5_LEVELS_bet23_to_bet27,395.1503,395.1503,395.1503,0.0000,0.0000,4.000000,4.000000,4.000000,0.000000,0.000000,96.000000,96.000000,96.000000,100.000000,100.000000,5.0,1185.4509,1138.6651,8693.3065,8740.0923,PENDING_AG03,FALSE,NOT_FOR_ENFORCEMENT,9483.6071,484680.3568,9878.7574,9483.6071,395.1503,0.01770420,0.01699603,395.1503,9483.6071,0.01699603,395.1503,395.1503,395.1503,0.0000,0.0000,9483.6071,0.01699603,1185.4509,1138.6651,8693.3065,8740.0923,0.01557970,0.01566354,0.00070817,22.4534,20.6030,0.4031,82.3230,2.6463,4649.9123,204.2083,25.9152,21.1137,12.8578,14.5296,26.176,48.8436,54.2173,102.8621,13.088,0.0,3.731508,7.079487,1.545355,30,207,63,6,0.32204186,0.01770420,-0.00338982,0E-8,0.000000,0.904812,0.002133,0.03111404,2026-03-21,2026-08-06,120,3733,1703,139,0.863309,1.227414,1.154177,1.073473,,,,,,,,GLOBAL_BASELINE_NO_ENTITY_RANKING,,,NOT_APPLICABLE_GLOBAL_BASELINE,HF9g-P5,,,,X 全窗基线 · 不参与实体赏罚,15052392,1506,A168_HF9F_20260827_0900,2026-08-27 09:00:00
2026-05-05,127529701,925,0,51.8914431011,24.6484354730,24.6484354730,0.6666667,3,3,0.50218230000000000,0.502182300000,0.5697959874915163,0.5697959874915164,0.5697959874915163,0E-17,ELIGIBLE,R03b_20260811_FULL_v1,L1_ELIGIBILITY,v2026-08-11,2026-03-21..2026-08-06,baccarat_bet02_101_all_pairs_incl_sentinel,round_win = game_pnl > 0 (decisive only),COMPATIBILITY_ONLY_NOT_PRODUCTION,557989.4742,504875.3716,9878.7574,24851,24505,-0.01770420,0.00338982,-0.02772422,-0.01770420,-9878.7574,557989.4742,OK,0.0000,395.1503,4.0000,96.0000,AG03-UNRESOLVED,ALL5_LEVELS_bet23_to_bet27,395.1503,395.1503,395.1503,0.0000,0.0000,4.000000,4.000000,4.000000,0.000000,0.000000,96.000000,96.000000,96.000000,100.000000,100.000000,5.0,1185.4509,1138.6651,8693.3065,8740.0923,PENDING_AG03,FALSE,NOT_FOR_ENFORCEMENT,9483.6071,484680.3568,9878.7574,9483.6071,395.1503,0.01770420,0.01699603,395.1503,9483.6071,0.01699603,395.1503,395.1503,395.1503,0.0000,0.0000,9483.6071,0.01699603,1185.4509,1138.6651,8693.3065,8740.0923,0.01557970,0.01566354,0.00070817,22.4534,20.6030,0.4031,82.3230,2.6463,4649.9123,204.2083,25.9152,21.1137,12.8578,14.5296,26.176,48.8436,54.2173,102.8621,13.088,0.0,3.731508,7.079487,1.545355,30,207,63,6,0.32204186,0.01770420,-0.00338982,0E-8,0.000000,0.904812,0.002133,0.03111404,2026-03-21,2026-08-06,120,3733,1703,139,0.863309,1.227414,1.154177,1.073473,,,,,,,,GLOBAL_BASELINE_NO_ENTITY_RANKING,,,NOT_APPLICABLE_GLOBAL_BASELINE,HF9g-P5,,,,X 全窗基线 · 不参与实体赏罚,15052393,1506,A168_HF9F_20260827_0900,2026-08-27 09:00:00
2026-05-05,127529701,948,0,241.2952104197,4.2810440559,4.2810440559,0.5555556,10,10,0.49860758000000000,0.498607580000,0.34168917829272333,0.34168917829272333,0.34168917829272333,0E-17,ELIGIBLE,R03b_20260811_FULL_v1,L1_ELIGIBILITY,v2026-08-11,2026-03-21..2026-08-06,baccarat_bet02_101_all_pairs_incl_sentinel,round_win = game_pnl > 0 (decisive only),COMPATIBILITY_ONLY_NOT_PRODUCTION,557989.4742,504875.3716,9878.7574,24851,24505,-0.01770420,0.00338982,-0.02772422,-0.01770420,-9878.7574,557989.4742,OK,0.0000,395.1503,4.0000,96.0000,AG03-UNRESOLVED,ALL5_LEVELS_bet23_to_bet27,395.1503,395.1503,395.1503,0.0000,0.0000,4.000000,4.000000,4.000000,0.000000,0.000000,96.000000,96.000000,96.000000,100.000000,100.000000,5.0,1185.4509,1138.6651,8693.3065,8740.0923,PENDING_AG03,FALSE,NOT_FOR_ENFORCEMENT,9483.6071,484680.3568,9878.7574,9483.6071,395.1503,0.01770420,0.01699603,395.1503,9483.6071,0.01699603,395.1503,395.1503,395.1503,0.0000,0.0000,9483.6071,0.01699603,1185.4509,1138.6651,8693.3065,8740.0923,0.01557970,0.01566354,0.00070817,22.4534,20.6030,0.4031,82.3230,2.6463,4649.9123,204.2083,25.9152,21.1137,12.8578,14.5296,26.176,48.8436,54.2173,102.8621,13.088,0.0,3.731508,7.079487,1.545355,30,207,63,6,0.32204186,0.01770420,-0.00338982,0E-8,0.000000,0.904812,0.002133,0.03111404,2026-03-21,2026-08-06,120,3733,1703,139,0.863309,1.227414,1.154177,1.073473,,,,,,,,GLOBAL_BASELINE_NO_ENTITY_RANKING,,,NOT_APPLICABLE_GLOBAL_BASELINE,HF9g-P5,,,,X 全窗基线 · 不参与实体赏罚,15052394,1506,A168_HF9F_20260827_0900,2026-08-27 09:00:00
2026-05-05,127529701,970,0,51.8914431011,-51.8914431011,-51.8914431011,0E-7,2,2,0.49994810000000000,0.499948100000,-1.4140667746232096,-1.4140667746232096,-1.4140667746232096,0E-17,ELIGIBLE,R03b_20260811_FULL_v1,L1_ELIGIBILITY,v2026-08-11,2026-03-21..2026-08-06,baccarat_bet02_101_all_pairs_incl_sentinel,round_win = game_pnl > 0 (decisive only),COMPATIBILITY_ONLY_NOT_PRODUCTION,557989.4742,504875.3716,9878.7574,24851,24505,-0.01770420,0.00338982,-0.02772422,-0.01770420,-9878.7574,557989.4742,OK,0.0000,395.1503,4.0000,96.0000,AG03-UNRESOLVED,ALL5_LEVELS_bet23_to_bet27,395.1503,395.1503,395.1503,0.0000,0.0000,4.000000,4.000000,4.000000,0.000000,0.000000,96.000000,96.000000,96.000000,100.000000,100.000000,5.0,1185.4509,1138.6651,8693.3065,8740.0923,PENDING_AG03,FALSE,NOT_FOR_ENFORCEMENT,9483.6071,484680.3568,9878.7574,9483.6071,395.1503,0.01770420,0.01699603,395.1503,9483.6071,0.01699603,395.1503,395.1503,395.1503,0.0000,0.0000,9483.6071,0.01699603,1185.4509,1138.6651,8693.3065,8740.0923,0.01557970,0.01566354,0.00070817,22.4534,20.6030,0.4031,82.3230,2.6463,4649.9123,204.2083,25.9152,21.1137,12.8578,14.5296,26.176,48.8436,54.2173,102.8621,13.088,0.0,3.731508,7.079487,1.545355,30,207,63,6,0.32204186,0.01770420,-0.00338982,0E-8,0.000000,0.904812,0.002133,0.03111404,2026-03-21,2026-08-06,120,3733,1703,139,0.863309,1.227414,1.154177,1.073473,,,,,,,,GLOBAL_BASELINE_NO_ENTITY_RANKING,,,NOT_APPLICABLE_GLOBAL_BASELINE,HF9g-P5,,,,X 全窗基线 · 不参与实体赏罚,15052395,1506,A168_HF9F_20260827_0900,2026-08-27 09:00:00
2026-05-05,127529701,986,0,119.8692335633,-40.2158684033,-40.2158684033,0.2857143,8,8,0.49659680000000000,0.496596800000,-1.1159112260582862,-1.1159112260582862,-1.1159112260582862,0E-17,ELIGIBLE,R03b_20260811_FULL_v1,L1_ELIGIBILITY,v2026-08-11,2026-03-21..2026-08-06,baccarat_bet02_101_all_pairs_incl_sentinel,round_win = game_pnl > 0 (decisive only),COMPATIBILITY_ONLY_NOT_PRODUCTION,557989.4742,504875.3716,9878.7574,24851,24505,-0.01770420,0.00338982,-0.02772422,-0.01770420,-9878.7574,557989.4742,OK,0.0000,395.1503,4.0000,96.0000,AG03-UNRESOLVED,ALL5_LEVELS_bet23_to_bet27,395.1503,395.1503,395.1503,0.0000,0.0000,4.000000,4.000000,4.000000,0.000000,0.000000,96.000000,96.000000,96.000000,100.000000,100.000000,5.0,1185.4509,1138.6651,8693.3065,8740.0923,PENDING_AG03,FALSE,NOT_FOR_ENFORCEMENT,9483.6071,484680.3568,9878.7574,9483.6071,395.1503,0.01770420,0.01699603,395.1503,9483.6071,0.01699603,395.1503,395.1503,395.1503,0.0000,0.0000,9483.6071,0.01699603,1185.4509,1138.6651,8693.3065,8740.0923,0.01557970,0.01566354,0.00070817,22.4534,20.6030,0.4031,82.3230,2.6463,4649.9123,204.2083,25.9152,21.1137,12.8578,14.5296,26.176,48.8436,54.2173,102.8621,13.088,0.0,3.731508,7.079487,1.545355,30,207,63,6,0.32204186,0.01770420,-0.00338982,0E-8,0.000000,0.904812,0.002133,0.03111404,2026-03-21,2026-08-06,120,3733,1703,139,0.863309,1.227414,1.154177,1.073473,,,,,,,,GLOBAL_BASELINE_NO_ENTITY_RANKING,,,NOT_APPLICABLE_GLOBAL_BASELINE,HF9g-P5,,,,X 全窗基线 · 不参与实体赏罚,15052396,1506,A168_HF9F_20260827_0900,2026-08-27 09:00:00
2026-05-06,127529701,-1,1,204.7117430335,-55.4589798142,-55.4589798142,0.3333333,12,12,0.50218230000000000,0.502182300000,-1.169831098826885,-1.1698310988268852,-1.169831098826885,0E-17,SENTINEL_DEALER,R03b_20260811_FULL_v1,L1_ELIGIBILITY,v2026-08-11,2026-03-21..2026-08-06,baccarat_bet02_101_all_pairs_incl_sentinel,round_win = game_pnl > 0 (decisive only),COMPATIBILITY_ONLY_NOT_PRODUCTION,557989.4742,504875.3716,9878.7574,24851,24505,-0.01770420,0.00338982,-0.02772422,-0.01770420,-9878.7574,557989.4742,OK,0.0000,395.1503,4.0000,96.0000,AG03-UNRESOLVED,ALL5_LEVELS_bet23_to_bet27,395.1503,395.1503,395.1503,0.0000,0.0000,4.000000,4.000000,4.000000,0.000000,0.000000,96.000000,96.000000,96.000000,100.000000,100.000000,5.0,1185.4509,1138.6651,8693.3065,8740.0923,PENDING_AG03,FALSE,NOT_FOR_ENFORCEMENT,9483.6071,484680.3568,9878.7574,9483.6071,395.1503,0.01770420,0.01699603,395.1503,9483.6071,0.01699603,395.1503,395.1503,395.1503,0.0000,0.0000,9483.6071,0.01699603,1185.4509,1138.6651,8693.3065,8740.0923,0.01557970,0.01566354,0.00070817,22.4534,20.6030,0.4031,82.3230,2.6463,4649.9123,204.2083,25.9152,21.1137,12.8578,14.5296,26.176,48.8436,54.2173,102.8621,13.088,0.0,3.731508,7.079487,1.545355,30,207,63,6,0.32204186,0.01770420,-0.00338982,0E-8,0.000000,0.904812,0.002133,0.03111404,2026-03-21,2026-08-06,120,3733,1703,139,0.863309,1.227414,1.154177,1.073473,,,,,,,,GLOBAL_BASELINE_NO_ENTITY_RANKING,,,NOT_APPLICABLE_GLOBAL_BASELINE,HF9g-P5,,,,X 全窗基线 · 不参与实体赏罚,15052397,1506,A168_HF9F_20260827_0900,2026-08-27 09:00:00
2026-05-06,127529701,1078,0,38.9185823258,-13.6215038140,-13.6215038140,0.5000000,2,2,0.49994810000000000,0.499948100000,0.00014679536856514622,0.00014679536856514622,0.00014679536856514622,0E-17,ELIGIBLE,R03b_20260811_FULL_v1,L1_ELIGIBILITY,v2026-08-11,2026-03-21..2026-08-06,baccarat_bet02_101_all_pairs_incl_sentinel,round_win = game_pnl > 0 (decisive only),COMPATIBILITY_ONLY_NOT_PRODUCTION,557989.4742,504875.3716,9878.7574,24851,24505,-0.01770420,0.00338982,-0.02772422,-0.01770420,-9878.7574,557989.4742,OK,0.0000,395.1503,4.0000,96.0000,AG03-UNRESOLVED,ALL5_LEVELS_bet23_to_bet27,395.1503,395.1503,395.1503,0.0000,0.0000,4.000000,4.000000,4.000000,0.000000,0.000000,96.000000,96.000000,96.000000,100.000000,100.000000,5.0,1185.4509,1138.6651,8693.3065,8740.0923,PENDING_AG03,FALSE,NOT_FOR_ENFORCEMENT,9483.6071,484680.3568,9878.7574,9483.6071,395.1503,0.01770420,0.01699603,395.1503,9483.6071,0.01699603,395.1503,395.1503,395.1503,0.0000,0.0000,9483.6071,0.01699603,1185.4509,1138.6651,8693.3065,8740.0923,0.01557970,0.01566354,0.00070817,22.4534,20.6030,0.4031,82.3230,2.6463,4649.9123,204.2083,25.9152,21.1137,12.8578,14.5296,26.176,48.8436,54.2173,102.8621,13.088,0.0,3.731508,7.079487,1.545355,30,207,63,6,0.32204186,0.01770420,-0.00338982,0E-8,0.000000,0.904812,0.002133,0.03111404,2026-03-21,2026-08-06,120,3733,1703,139,0.863309,1.227414,1.154177,1.073473,,,,,,,,GLOBAL_BASELINE_NO_ENTITY_RANKING,,,NOT_APPLICABLE_GLOBAL_BASELINE,HF9g-P5,,,,X 全窗基线 · 不参与实体赏罚,15052398,1506,A168_HF9F_20260827_0900,2026-08-27 09:00:00
2026-05-06,127529701,1151,0,261.0139587985,2.7243007627,2.7243007627,0.4666667,16,16,0.49827245000000000,0.498272450000,-0.24481880628073263,-0.24481880628073266,-0.24481880628073263,0E-17,ELIGIBLE,R03b_20260811_FULL_v1,L1_ELIGIBILITY,v2026-08-11,2026-03-21..2026-08-06,baccarat_bet02_101_all_pairs_incl_sentinel,round_win = game_pnl > 0 (decisive only),COMPATIBILITY_ONLY_NOT_PRODUCTION,557989.4742,504875.3716,9878.7574,24851,24505,-0.01770420,0.00338982,-0.02772422,-0.01770420,-9878.7574,557989.4742,OK,0.0000,395.1503,4.0000,96.0000,AG03-UNRESOLVED,ALL5_LEVELS_bet23_to_bet27,395.1503,395.1503,395.1503,0.0000,0.0000,4.000000,4.000000,4.000000,0.000000,0.000000,96.000000,96.000000,96.000000,100.000000,100.000000,5.0,1185.4509,1138.6651,8693.3065,8740.0923,PENDING_AG03,FALSE,NOT_FOR_ENFORCEMENT,9483.6071,484680.3568,9878.7574,9483.6071,395.1503,0.01770420,0.01699603,395.1503,9483.6071,0.01699603,395.1503,395.1503,395.1503,0.0000,0.0000,9483.6071,0.01699603,1185.4509,1138.6651,8693.3065,8740.0923,0.01557970,0.01566354,0.00070817,22.4534,20.6030,0.4031,82.3230,2.6463,4649.9123,204.2083,25.9152,21.1137,12.8578,14.5296,26.176,48.8436,54.2173,102.8621,13.088,0.0,3.731508,7.079487,1.545355,30,207,63,6,0.32204186,0.01770420,-0.00338982,0E-8,0.000000,0.904812,0.002133,0.03111404,2026-03-21,2026-08-06,120,3733,1703,139,0.863309,1.227414,1.154177,1.073473,,,,,,,,GLOBAL_BASELINE_NO_ENTITY_RANKING,,,NOT_APPLICABLE_GLOBAL_BASELINE,HF9g-P5,,,,X 全窗基线 · 不参与实体赏罚,15052399,1506,A168_HF9F_20260827_0900,2026-08-27 09:00:00
2026-05-06,127529701,1157,0,308.7540864513,59.9346167818,59.9346167818,0.5833333,13,13,0.50149485384615385,0.501494853846,0.5669961519551939,0.5669961519562594,0.5669961519551939,1.5385E-13,ELIGIBLE,R03b_20260811_FULL_v1,L1_ELIGIBILITY,v2026-08-11,2026-03-21..2026-08-06,baccarat_bet02_101_all_pairs_incl_sentinel,round_win = game_pnl > 0 (decisive only),COMPATIBILITY_ONLY_NOT_PRODUCTION,557989.4742,504875.3716,9878.7574,24851,24505,-0.01770420,0.00338982,-0.02772422,-0.01770420,-9878.7574,557989.4742,OK,0.0000,395.1503,4.0000,96.0000,AG03-UNRESOLVED,ALL5_LEVELS_bet23_to_bet27,395.1503,395.1503,395.1503,0.0000,0.0000,4.000000,4.000000,4.000000,0.000000,0.000000,96.000000,96.000000,96.000000,100.000000,100.000000,5.0,1185.4509,1138.6651,8693.3065,8740.0923,PENDING_AG03,FALSE,NOT_FOR_ENFORCEMENT,9483.6071,484680.3568,9878.7574,9483.6071,395.1503,0.01770420,0.01699603,395.1503,9483.6071,0.01699603,395.1503,395.1503,395.1503,0.0000,0.0000,9483.6071,0.01699603,1185.4509,1138.6651,8693.3065,8740.0923,0.01557970,0.01566354,0.00070817,22.4534,20.6030,0.4031,82.3230,2.6463,4649.9123,204.2083,25.9152,21.1137,12.8578,14.5296,26.176,48.8436,54.2173,102.8621,13.088,0.0,3.731508,7.079487,1.545355,30,207,63,6,0.32204186,0.01770420,-0.00338982,0E-8,0.000000,0.904812,0.002133,0.03111404,2026-03-21,2026-08-06,120,3733,1703,139,0.863309,1.227414,1.154177,1.073473,,,,,,,,GLOBAL_BASELINE_NO_ENTITY_RANKING,,,NOT_APPLICABLE_GLOBAL_BASELINE,HF9g-P5,,,,X 全窗基线 · 不参与实体赏罚,15052400,1506,A168_HF9F_20260827_0900,2026-08-27 09:00:00
2026-05-06,127529701,1221,0,155.6743293032,50.5941570235,50.5941570235,0.5555556,9,9,0.49473496666666667,0.494734966667,0.36494376679707935,0.36494376679507673,0.36494376679707935,-3.3333E-13,ELIGIBLE,R03b_20260811_FULL_v1,L1_ELIGIBILITY,v2026-08-11,2026-03-21..2026-08-06,baccarat_bet02_101_all_pairs_incl_sentinel,round_win = game_pnl > 0 (decisive only),COMPATIBILITY_ONLY_NOT_PRODUCTION,557989.4742,504875.3716,9878.7574,24851,24505,-0.01770420,0.00338982,-0.02772422,-0.01770420,-9878.7574,557989.4742,OK,0.0000,395.1503,4.0000,96.0000,AG03-UNRESOLVED,ALL5_LEVELS_bet23_to_bet27,395.1503,395.1503,395.1503,0.0000,0.0000,4.000000,4.000000,4.000000,0.000000,0.000000,96.000000,96.000000,96.000000,100.000000,100.000000,5.0,1185.4509,1138.6651,8693.3065,8740.0923,PENDING_AG03,FALSE,NOT_FOR_ENFORCEMENT,9483.6071,484680.3568,9878.7574,9483.6071,395.1503,0.01770420,0.01699603,395.1503,9483.6071,0.01699603,395.1503,395.1503,395.1503,0.0000,0.0000,9483.6071,0.01699603,1185.4509,1138.6651,8693.3065,8740.0923,0.01557970,0.01566354,0.00070817,22.4534,20.6030,0.4031,82.3230,2.6463,4649.9123,204.2083,25.9152,21.1137,12.8578,14.5296,26.176,48.8436,54.2173,102.8621,13.088,0.0,3.731508,7.079487,1.545355,30,207,63,6,0.32204186,0.01770420,-0.00338982,0E-8,0.000000,0.904812,0.002133,0.03111404,2026-03-21,2026-08-06,120,3733,1703,139,0.863309,1.227414,1.154177,1.073473,,,,,,,,GLOBAL_BASELINE_NO_ENTITY_RANKING,,,NOT_APPLICABLE_GLOBAL_BASELINE,HF9g-P5,,,,X 全窗基线 · 不参与实体赏罚,15052401,1506,A168_HF9F_20260827_0900,2026-08-27 09:00:00
2026-05-06,127529701,1318,0,445.7474962380,-54.2265580405,-54.2265580405,0.4782609,25,25,0.49967999600000000,0.499679996000,-0.20544508559171215,-0.20544508559171215,-0.20544508559171215,0E-17,ELIGIBLE,R03b_20260811_FULL_v1,L1_ELIGIBILITY,v2026-08-11,2026-03-21..2026-08-06,baccarat_bet02_101_all_pairs_incl_sentinel,round_win = game_pnl > 0 (decisive only),COMPATIBILITY_ONLY_NOT_PRODUCTION,557989.4742,504875.3716,9878.7574,24851,24505,-0.01770420,0.00338982,-0.02772422,-0.01770420,-9878.7574,557989.4742,OK,0.0000,395.1503,4.0000,96.0000,AG03-UNRESOLVED,ALL5_LEVELS_bet23_to_bet27,395.1503,395.1503,395.1503,0.0000,0.0000,4.000000,4.000000,4.000000,0.000000,0.000000,96.000000,96.000000,96.000000,100.000000,100.000000,5.0,1185.4509,1138.6651,8693.3065,8740.0923,PENDING_AG03,FALSE,NOT_FOR_ENFORCEMENT,9483.6071,484680.3568,9878.7574,9483.6071,395.1503,0.01770420,0.01699603,395.1503,9483.6071,0.01699603,395.1503,395.1503,395.1503,0.0000,0.0000,9483.6071,0.01699603,1185.4509,1138.6651,8693.3065,8740.0923,0.01557970,0.01566354,0.00070817,22.4534,20.6030,0.4031,82.3230,2.6463,4649.9123,204.2083,25.9152,21.1137,12.8578,14.5296,26.176,48.8436,54.2173,102.8621,13.088,0.0,3.731508,7.079487,1.545355,30,207,63,6,0.32204186,0.01770420,-0.00338982,0E-8,0.000000,0.904812,0.002133,0.03111404,2026-03-21,2026-08-06,120,3733,1703,139,0.863309,1.227414,1.154177,1.073473,,,,,,,,GLOBAL_BASELINE_NO_ENTITY_RANKING,,,NOT_APPLICABLE_GLOBAL_BASELINE,HF9g-P5,,,,X 全窗基线 · 不参与实体赏罚,15052402,1506,A168_HF9F_20260827_0900,2026-08-27 09:00:00
2026-05-06,127529701,1325,0,280.4732499613,104.1720720253,104.1720720253,0.7368421,20,20,0.50061836000000000,0.500618360000,2.059352442199639,2.059352442199639,2.059352442199639,0E-17,ELIGIBLE,R03b_20260811_FULL_v1,L1_ELIGIBILITY,v2026-08-11,2026-03-21..2026-08-06,baccarat_bet02_101_all_pairs_incl_sentinel,round_win = game_pnl > 0 (decisive only),COMPATIBILITY_ONLY_NOT_PRODUCTION,557989.4742,504875.3716,9878.7574,24851,24505,-0.01770420,0.00338982,-0.02772422,-0.01770420,-9878.7574,557989.4742,OK,0.0000,395.1503,4.0000,96.0000,AG03-UNRESOLVED,ALL5_LEVELS_bet23_to_bet27,395.1503,395.1503,395.1503,0.0000,0.0000,4.000000,4.000000,4.000000,0.000000,0.000000,96.000000,96.000000,96.000000,100.000000,100.000000,5.0,1185.4509,1138.6651,8693.3065,8740.0923,PENDING_AG03,FALSE,NOT_FOR_ENFORCEMENT,9483.6071,484680.3568,9878.7574,9483.6071,395.1503,0.01770420,0.01699603,395.1503,9483.6071,0.01699603,395.1503,395.1503,395.1503,0.0000,0.0000,9483.6071,0.01699603,1185.4509,1138.6651,8693.3065,8740.0923,0.01557970,0.01566354,0.00070817,22.4534,20.6030,0.4031,82.3230,2.6463,4649.9123,204.2083,25.9152,21.1137,12.8578,14.5296,26.176,48.8436,54.2173,102.8621,13.088,0.0,3.731508,7.079487,1.545355,30,207,63,6,0.32204186,0.01770420,-0.00338982,0E-8,0.000000,0.904812,0.002133,0.03111404,2026-03-21,2026-08-06,120,3733,1703,139,0.863309,1.227414,1.154177,1.073473,,,,,,,,GLOBAL_BASELINE_NO_ENTITY_RANKING,,,NOT_APPLICABLE_GLOBAL_BASELINE,HF9g-P5,,,,X 全窗基线 · 不参与实体赏罚,15052403,1506,A168_HF9F_20260827_0900,2026-08-27 09:00:00
2026-05-06,127529701,1330,0,64.8643038764,-64.8643038764,-64.8643038764,0E-7,4,4,0.49659680000000000,0.496596800000,-1.9864332133590707,-1.986433213359071,-1.9864332133590707,0E-17,ELIGIBLE,R03b_20260811_FULL_v1,L1_ELIGIBILITY,v2026-08-11,2026-03-21..2026-08-06,baccarat_bet02_101_all_pairs_incl_sentinel,round_win = game_pnl > 0 (decisive only),COMPATIBILITY_ONLY_NOT_PRODUCTION,557989.4742,504875.3716,9878.7574,24851,24505,-0.01770420,0.00338982,-0.02772422,-0.01770420,-9878.7574,557989.4742,OK,0.0000,395.1503,4.0000,96.0000,AG03-UNRESOLVED,ALL5_LEVELS_bet23_to_bet27,395.1503,395.1503,395.1503,0.0000,0.0000,4.000000,4.000000,4.000000,0.000000,0.000000,96.000000,96.000000,96.000000,100.000000,100.000000,5.0,1185.4509,1138.6651,8693.3065,8740.0923,PENDING_AG03,FALSE,NOT_FOR_ENFORCEMENT,9483.6071,484680.3568,9878.7574,9483.6071,395.1503,0.01770420,0.01699603,395.1503,9483.6071,0.01699603,395.1503,395.1503,395.1503,0.0000,0.0000,9483.6071,0.01699603,1185.4509,1138.6651,8693.3065,8740.0923,0.01557970,0.01566354,0.00070817,22.4534,20.6030,0.4031,82.3230,2.6463,4649.9123,204.2083,25.9152,21.1137,12.8578,14.5296,26.176,48.8436,54.2173,102.8621,13.088,0.0,3.731508,7.079487,1.545355,30,207,63,6,0.32204186,0.01770420,-0.00338982,0E-8,0.000000,0.904812,0.002133,0.03111404,2026-03-21,2026-08-06,120,3733,1703,139,0.863309,1.227414,1.154177,1.073473,,,,,,,,GLOBAL_BASELINE_NO_ENTITY_RANKING,,,NOT_APPLICABLE_GLOBAL_BASELINE,HF9g-P5,,,,X 全窗基线 · 不参与实体赏罚,15052404,1506,A168_HF9F_20260827_0900,2026-08-27 09:00:00
2026-05-06,127529701,1396,0,176.1714493280,43.1088163561,43.1088163561,0.7142857,9,9,0.50069283333333333,0.500692833333,1.1302283746881614,1.130228374689924,1.1302283746881614,3.3333E-13,ELIGIBLE,R03b_20260811_FULL_v1,L1_ELIGIBILITY,v2026-08-11,2026-03-21..2026-08-06,baccarat_bet02_101_all_pairs_incl_sentinel,round_win = game_pnl > 0 (decisive only),COMPATIBILITY_ONLY_NOT_PRODUCTION,557989.4742,504875.3716,9878.7574,24851,24505,-0.01770420,0.00338982,-0.02772422,-0.01770420,-9878.7574,557989.4742,OK,0.0000,395.1503,4.0000,96.0000,AG03-UNRESOLVED,ALL5_LEVELS_bet23_to_bet27,395.1503,395.1503,395.1503,0.0000,0.0000,4.000000,4.000000,4.000000,0.000000,0.000000,96.000000,96.000000,96.000000,100.000000,100.000000,5.0,1185.4509,1138.6651,8693.3065,8740.0923,PENDING_AG03,FALSE,NOT_FOR_ENFORCEMENT,9483.6071,484680.3568,9878.7574,9483.6071,395.1503,0.01770420,0.01699603,395.1503,9483.6071,0.01699603,395.1503,395.1503,395.1503,0.0000,0.0000,9483.6071,0.01699603,1185.4509,1138.6651,8693.3065,8740.0923,0.01557970,0.01566354,0.00070817,22.4534,20.6030,0.4031,82.3230,2.6463,4649.9123,204.2083,25.9152,21.1137,12.8578,14.5296,26.176,48.8436,54.2173,102.8621,13.088,0.0,3.731508,7.079487,1.545355,30,207,63,6,0.32204186,0.01770420,-0.00338982,0E-8,0.000000,0.904812,0.002133,0.03111404,2026-03-21,2026-08-06,120,3733,1703,139,0.863309,1.227414,1.154177,1.073473,,,,,,,,GLOBAL_BASELINE_NO_ENTITY_RANKING,,,NOT_APPLICABLE_GLOBAL_BASELINE,HF9g-P5,,,,X 全窗基线 · 不参与实体赏罚,15052405,1506,A168_HF9F_20260827_0900,2026-08-27 09:00:00
2026-05-06,127529701,1400,0,25.9457215505,-25.9457215505,-25.9457215505,0E-7,1,1,0.50665070000000000,0.506650700000,-1.013391052207602,-1.013391052207602,-1.013391052207602,0E-17,ELIGIBLE,R03b_20260811_FULL_v1,L1_ELIGIBILITY,v2026-08-11,2026-03-21..2026-08-06,baccarat_bet02_101_all_pairs_incl_sentinel,round_win = game_pnl > 0 (decisive only),COMPATIBILITY_ONLY_NOT_PRODUCTION,557989.4742,504875.3716,9878.7574,24851,24505,-0.01770420,0.00338982,-0.02772422,-0.01770420,-9878.7574,557989.4742,OK,0.0000,395.1503,4.0000,96.0000,AG03-UNRESOLVED,ALL5_LEVELS_bet23_to_bet27,395.1503,395.1503,395.1503,0.0000,0.0000,4.000000,4.000000,4.000000,0.000000,0.000000,96.000000,96.000000,96.000000,100.000000,100.000000,5.0,1185.4509,1138.6651,8693.3065,8740.0923,PENDING_AG03,FALSE,NOT_FOR_ENFORCEMENT,9483.6071,484680.3568,9878.7574,9483.6071,395.1503,0.01770420,0.01699603,395.1503,9483.6071,0.01699603,395.1503,395.1503,395.1503,0.0000,0.0000,9483.6071,0.01699603,1185.4509,1138.6651,8693.3065,8740.0923,0.01557970,0.01566354,0.00070817,22.4534,20.6030,0.4031,82.3230,2.6463,4649.9123,204.2083,25.9152,21.1137,12.8578,14.5296,26.176,48.8436,54.2173,102.8621,13.088,0.0,3.731508,7.079487,1.545355,30,207,63,6,0.32204186,0.01770420,-0.00338982,0E-8,0.000000,0.904812,0.002133,0.03111404,2026-03-21,2026-08-06,120,3733,1703,139,0.863309,1.227414,1.154177,1.073473,,,,,,,,GLOBAL_BASELINE_NO_ENTITY_RANKING,,,NOT_APPLICABLE_GLOBAL_BASELINE,HF9g-P5,,,,X 全窗基线 · 不参与实体赏罚,15052406,1506,A168_HF9F_20260827_0900,2026-08-27 09:00:00
2026-05-06,127529701,1401,0,117.2746614084,51.9952259872,51.9952259872,0.8000000,6,6,0.49994810000000000,0.499948100000,1.3418728975849028,1.3418728975849028,1.3418728975849028,0E-17,ELIGIBLE,R03b_20260811_FULL_v1,L1_ELIGIBILITY,v2026-08-11,2026-03-21..2026-08-06,baccarat_bet02_101_all_pairs_incl_sentinel,round_win = game_pnl > 0 (decisive only),COMPATIBILITY_ONLY_NOT_PRODUCTION,557989.4742,504875.3716,9878.7574,24851,24505,-0.01770420,0.00338982,-0.02772422,-0.01770420,-9878.7574,557989.4742,OK,0.0000,395.1503,4.0000,96.0000,AG03-UNRESOLVED,ALL5_LEVELS_bet23_to_bet27,395.1503,395.1503,395.1503,0.0000,0.0000,4.000000,4.000000,4.000000,0.000000,0.000000,96.000000,96.000000,96.000000,100.000000,100.000000,5.0,1185.4509,1138.6651,8693.3065,8740.0923,PENDING_AG03,FALSE,NOT_FOR_ENFORCEMENT,9483.6071,484680.3568,9878.7574,9483.6071,395.1503,0.01770420,0.01699603,395.1503,9483.6071,0.01699603,395.1503,395.1503,395.1503,0.0000,0.0000,9483.6071,0.01699603,1185.4509,1138.6651,8693.3065,8740.0923,0.01557970,0.01566354,0.00070817,22.4534,20.6030,0.4031,82.3230,2.6463,4649.9123,204.2083,25.9152,21.1137,12.8578,14.5296,26.176,48.8436,54.2173,102.8621,13.088,0.0,3.731508,7.079487,1.545355,30,207,63,6,0.32204186,0.01770420,-0.00338982,0E-8,0.000000,0.904812,0.002133,0.03111404,2026-03-21,2026-08-06,120,3733,1703,139,0.863309,1.227414,1.154177,1.073473,,,,,,,,GLOBAL_BASELINE_NO_ENTITY_RANKING,,,NOT_APPLICABLE_GLOBAL_BASELINE,HF9g-P5,,,,X 全窗基线 · 不参与实体赏罚,15052407,1506,A168_HF9F_20260827_0900,2026-08-27 09:00:00
2026-05-06,127529701,1402,0,178.5065642678,38.1402106793,38.1402106793,0.5833333,15,15,0.49860758000000000,0.498607580000,0.5869995141245329,0.5869995141245329,0.5869995141245329,0E-17,ELIGIBLE,R03b_20260811_FULL_v1,L1_ELIGIBILITY,v2026-08-11,2026-03-21..2026-08-06,baccarat_bet02_101_all_pairs_incl_sentinel,round_win = game_pnl > 0 (decisive only),COMPATIBILITY_ONLY_NOT_PRODUCTION,557989.4742,504875.3716,9878.7574,24851,24505,-0.01770420,0.00338982,-0.02772422,-0.01770420,-9878.7574,557989.4742,OK,0.0000,395.1503,4.0000,96.0000,AG03-UNRESOLVED,ALL5_LEVELS_bet23_to_bet27,395.1503,395.1503,395.1503,0.0000,0.0000,4.000000,4.000000,4.000000,0.000000,0.000000,96.000000,96.000000,96.000000,100.000000,100.000000,5.0,1185.4509,1138.6651,8693.3065,8740.0923,PENDING_AG03,FALSE,NOT_FOR_ENFORCEMENT,9483.6071,484680.3568,9878.7574,9483.6071,395.1503,0.01770420,0.01699603,395.1503,9483.6071,0.01699603,395.1503,395.1503,395.1503,0.0000,0.0000,9483.6071,0.01699603,1185.4509,1138.6651,8693.3065,8740.0923,0.01557970,0.01566354,0.00070817,22.4534,20.6030,0.4031,82.3230,2.6463,4649.9123,204.2083,25.9152,21.1137,12.8578,14.5296,26.176,48.8436,54.2173,102.8621,13.088,0.0,3.731508,7.079487,1.545355,30,207,63,6,0.32204186,0.01770420,-0.00338982,0E-8,0.000000,0.904812,0.002133,0.03111404,2026-03-21,2026-08-06,120,3733,1703,139,0.863309,1.227414,1.154177,1.073473,,,,,,,,GLOBAL_BASELINE_NO_ENTITY_RANKING,,,NOT_APPLICABLE_GLOBAL_BASELINE,HF9g-P5,,,,X 全窗基线 · 不参与实体赏罚,15052408,1506,A168_HF9F_20260827_0900,2026-08-27 09:00:00
2026-05-06,127529701,1405,0,210.1603445593,-8.4323595040,-8.4323595040,0.4444444,11,11,0.50055742727272727,0.500557427273,-0.3366781061984817,-0.33667810620011834,-0.3366781061984817,-2.7273E-13,ELIGIBLE,R03b_20260811_FULL_v1,L1_ELIGIBILITY,v2026-08-11,2026-03-21..2026-08-06,baccarat_bet02_101_all_pairs_incl_sentinel,round_win = game_pnl > 0 (decisive only),COMPATIBILITY_ONLY_NOT_PRODUCTION,557989.4742,504875.3716,9878.7574,24851,24505,-0.01770420,0.00338982,-0.02772422,-0.01770420,-9878.7574,557989.4742,OK,0.0000,395.1503,4.0000,96.0000,AG03-UNRESOLVED,ALL5_LEVELS_bet23_to_bet27,395.1503,395.1503,395.1503,0.0000,0.0000,4.000000,4.000000,4.000000,0.000000,0.000000,96.000000,96.000000,96.000000,100.000000,100.000000,5.0,1185.4509,1138.6651,8693.3065,8740.0923,PENDING_AG03,FALSE,NOT_FOR_ENFORCEMENT,9483.6071,484680.3568,9878.7574,9483.6071,395.1503,0.01770420,0.01699603,395.1503,9483.6071,0.01699603,395.1503,395.1503,395.1503,0.0000,0.0000,9483.6071,0.01699603,1185.4509,1138.6651,8693.3065,8740.0923,0.01557970,0.01566354,0.00070817,22.4534,20.6030,0.4031,82.3230,2.6463,4649.9123,204.2083,25.9152,21.1137,12.8578,14.5296,26.176,48.8436,54.2173,102.8621,13.088,0.0,3.731508,7.079487,1.545355,30,207,63,6,0.32204186,0.01770420,-0.00338982,0E-8,0.000000,0.904812,0.002133,0.03111404,2026-03-21,2026-08-06,120,3733,1703,139,0.863309,1.227414,1.154177,1.073473,,,,,,,,GLOBAL_BASELINE_NO_ENTITY_RANKING,,,NOT_APPLICABLE_GLOBAL_BASELINE,HF9g-P5,,,,X 全窗基线 · 不参与实体赏罚,15052409,1506,A168_HF9F_20260827_0900,2026-08-27 09:00:00
2026-05-06,127529701,1646,0,191.9983394740,-62.9183747602,-62.9183747602,0.2222222,9,9,0.49771390000000000,0.497713900000,-1.6529673444087443,-1.6529673444087443,-1.6529673444087443,0E-17,ELIGIBLE,R03b_20260811_FULL_v1,L1_ELIGIBILITY,v2026-08-11,2026-03-21..2026-08-06,baccarat_bet02_101_all_pairs_incl_sentinel,round_win = game_pnl > 0 (decisive only),COMPATIBILITY_ONLY_NOT_PRODUCTION,557989.4742,504875.3716,9878.7574,24851,24505,-0.01770420,0.00338982,-0.02772422,-0.01770420,-9878.7574,557989.4742,OK,0.0000,395.1503,4.0000,96.0000,AG03-UNRESOLVED,ALL5_LEVELS_bet23_to_bet27,395.1503,395.1503,395.1503,0.0000,0.0000,4.000000,4.000000,4.000000,0.000000,0.000000,96.000000,96.000000,96.000000,100.000000,100.000000,5.0,1185.4509,1138.6651,8693.3065,8740.0923,PENDING_AG03,FALSE,NOT_FOR_ENFORCEMENT,9483.6071,484680.3568,9878.7574,9483.6071,395.1503,0.01770420,0.01699603,395.1503,9483.6071,0.01699603,395.1503,395.1503,395.1503,0.0000,0.0000,9483.6071,0.01699603,1185.4509,1138.6651,8693.3065,8740.0923,0.01557970,0.01566354,0.00070817,22.4534,20.6030,0.4031,82.3230,2.6463,4649.9123,204.2083,25.9152,21.1137,12.8578,14.5296,26.176,48.8436,54.2173,102.8621,13.088,0.0,3.731508,7.079487,1.545355,30,207,63,6,0.32204186,0.01770420,-0.00338982,0E-8,0.000000,0.904812,0.002133,0.03111404,2026-03-21,2026-08-06,120,3733,1703,139,0.863309,1.227414,1.154177,1.073473,,,,,,,,GLOBAL_BASELINE_NO_ENTITY_RANKING,,,NOT_APPLICABLE_GLOBAL_BASELINE,HF9g-P5,,,,X 全窗基线 · 不参与实体赏罚,15052410,1506,A168_HF9F_20260827_0900,2026-08-27 09:00:00
2026-05-06,127529701,1710,0,51.8914431011,-51.8914431011,-51.8914431011,0E-7,4,4,0.49994810000000000,0.499948100000,-1.9997924107733216,-1.9997924107733216,-1.9997924107733216,0E-17,ELIGIBLE,R03b_20260811_FULL_v1,L1_ELIGIBILITY,v2026-08-11,2026-03-21..2026-08-06,baccarat_bet02_101_all_pairs_incl_sentinel,round_win = game_pnl > 0 (decisive only),COMPATIBILITY_ONLY_NOT_PRODUCTION,557989.4742,504875.3716,9878.7574,24851,24505,-0.01770420,0.00338982,-0.02772422,-0.01770420,-9878.7574,557989.4742,OK,0.0000,395.1503,4.0000,96.0000,AG03-UNRESOLVED,ALL5_LEVELS_bet23_to_bet27,395.1503,395.1503,395.1503,0.0000,0.0000,4.000000,4.000000,4.000000,0.000000,0.000000,96.000000,96.000000,96.000000,100.000000,100.000000,5.0,1185.4509,1138.6651,8693.3065,8740.0923,PENDING_AG03,FALSE,NOT_FOR_ENFORCEMENT,9483.6071,484680.3568,9878.7574,9483.6071,395.1503,0.01770420,0.01699603,395.1503,9483.6071,0.01699603,395.1503,395.1503,395.1503,0.0000,0.0000,9483.6071,0.01699603,1185.4509,1138.6651,8693.3065,8740.0923,0.01557970,0.01566354,0.00070817,22.4534,20.6030,0.4031,82.3230,2.6463,4649.9123,204.2083,25.9152,21.1137,12.8578,14.5296,26.176,48.8436,54.2173,102.8621,13.088,0.0,3.731508,7.079487,1.545355,30,207,63,6,0.32204186,0.01770420,-0.00338982,0E-8,0.000000,0.904812,0.002133,0.03111404,2026-03-21,2026-08-06,120,3733,1703,139,0.863309,1.227414,1.154177,1.073473,,,,,,,,GLOBAL_BASELINE_NO_ENTITY_RANKING,,,NOT_APPLICABLE_GLOBAL_BASELINE,HF9g-P5,,,,X 全窗基线 · 不参与实体赏罚,15052411,1506,A168_HF9F_20260827_0900,2026-08-27 09:00:00
2026-05-06,127529701,1994,0,860.3601266155,100.0207565771,100.0207565771,0.5588235,42,41,0.49541355975609756,0.495413559756,0.7395120780012528,0.7395120780023919,0.7395120780012528,9.756E-14,ELIGIBLE,R03b_20260811_FULL_v1,L1_ELIGIBILITY,v2026-08-11,2026-03-21..2026-08-06,baccarat_bet02_101_all_pairs_incl_sentinel,round_win = game_pnl > 0 (decisive only),COMPATIBILITY_ONLY_NOT_PRODUCTION,557989.4742,504875.3716,9878.7574,24851,24505,-0.01770420,0.00338982,-0.02772422,-0.01770420,-9878.7574,557989.4742,OK,0.0000,395.1503,4.0000,96.0000,AG03-UNRESOLVED,ALL5_LEVELS_bet23_to_bet27,395.1503,395.1503,395.1503,0.0000,0.0000,4.000000,4.000000,4.000000,0.000000,0.000000,96.000000,96.000000,96.000000,100.000000,100.000000,5.0,1185.4509,1138.6651,8693.3065,8740.0923,PENDING_AG03,FALSE,NOT_FOR_ENFORCEMENT,9483.6071,484680.3568,9878.7574,9483.6071,395.1503,0.01770420,0.01699603,395.1503,9483.6071,0.01699603,395.1503,395.1503,395.1503,0.0000,0.0000,9483.6071,0.01699603,1185.4509,1138.6651,8693.3065,8740.0923,0.01557970,0.01566354,0.00070817,22.4534,20.6030,0.4031,82.3230,2.6463,4649.9123,204.2083,25.9152,21.1137,12.8578,14.5296,26.176,48.8436,54.2173,102.8621,13.088,0.0,3.731508,7.079487,1.545355,30,207,63,6,0.32204186,0.01770420,-0.00338982,0E-8,0.000000,0.904812,0.002133,0.03111404,2026-03-21,2026-08-06,120,3733,1703,139,0.863309,1.227414,1.154177,1.073473,,,,,,,,GLOBAL_BASELINE_NO_ENTITY_RANKING,,,NOT_APPLICABLE_GLOBAL_BASELINE,HF9g-P5,,,,X 全窗基线 · 不参与实体赏罚,15052412,1506,A168_HF9F_20260827_0900,2026-08-27 09:00:00
2026-05-06,127529701,2093,0,354.4185563802,34.4299724975,34.4299724975,0.6315789,19,19,0.50100640526315789,0.501006405263,1.1383073375511497,1.1383073375525257,1.1383073375511497,1.5789E-13,ELIGIBLE,R03b_20260811_FULL_v1,L1_ELIGIBILITY,v2026-08-11,2026-03-21..2026-08-06,baccarat_bet02_101_all_pairs_incl_sentinel,round_win = game_pnl > 0 (decisive only),COMPATIBILITY_ONLY_NOT_PRODUCTION,557989.4742,504875.3716,9878.7574,24851,24505,-0.01770420,0.00338982,-0.02772422,-0.01770420,-9878.7574,557989.4742,OK,0.0000,395.1503,4.0000,96.0000,AG03-UNRESOLVED,ALL5_LEVELS_bet23_to_bet27,395.1503,395.1503,395.1503,0.0000,0.0000,4.000000,4.000000,4.000000,0.000000,0.000000,96.000000,96.000000,96.000000,100.000000,100.000000,5.0,1185.4509,1138.6651,8693.3065,8740.0923,PENDING_AG03,FALSE,NOT_FOR_ENFORCEMENT,9483.6071,484680.3568,9878.7574,9483.6071,395.1503,0.01770420,0.01699603,395.1503,9483.6071,0.01699603,395.1503,395.1503,395.1503,0.0000,0.0000,9483.6071,0.01699603,1185.4509,1138.6651,8693.3065,8740.0923,0.01557970,0.01566354,0.00070817,22.4534,20.6030,0.4031,82.3230,2.6463,4649.9123,204.2083,25.9152,21.1137,12.8578,14.5296,26.176,48.8436,54.2173,102.8621,13.088,0.0,3.731508,7.079487,1.545355,30,207,63,6,0.32204186,0.01770420,-0.00338982,0E-8,0.000000,0.904812,0.002133,0.03111404,2026-03-21,2026-08-06,120,3733,1703,139,0.863309,1.227414,1.154177,1.073473,,,,,,,,GLOBAL_BASELINE_NO_ENTITY_RANKING,,,NOT_APPLICABLE_GLOBAL_BASELINE,HF9g-P5,,,,X 全窗基线 · 不参与实体赏罚,15052413,1506,A168_HF9F_20260827_0900,2026-08-27 09:00:00
2026-05-06,127529701,2103,0,227.8034352137,37.0764360957,37.0764360957,0.5333333,16,16,0.49827245000000000,0.498272450000,0.2715820555462065,0.2715820555462065,0.2715820555462065,0E-17,ELIGIBLE,R03b_20260811_FULL_v1,L1_ELIGIBILITY,v2026-08-11,2026-03-21..2026-08-06,baccarat_bet02_101_all_pairs_incl_sentinel,round_win = game_pnl > 0 (decisive only),COMPATIBILITY_ONLY_NOT_PRODUCTION,557989.4742,504875.3716,9878.7574,24851,24505,-0.01770420,0.00338982,-0.02772422,-0.01770420,-9878.7574,557989.4742,OK,0.0000,395.1503,4.0000,96.0000,AG03-UNRESOLVED,ALL5_LEVELS_bet23_to_bet27,395.1503,395.1503,395.1503,0.0000,0.0000,4.000000,4.000000,4.000000,0.000000,0.000000,96.000000,96.000000,96.000000,100.000000,100.000000,5.0,1185.4509,1138.6651,8693.3065,8740.0923,PENDING_AG03,FALSE,NOT_FOR_ENFORCEMENT,9483.6071,484680.3568,9878.7574,9483.6071,395.1503,0.01770420,0.01699603,395.1503,9483.6071,0.01699603,395.1503,395.1503,395.1503,0.0000,0.0000,9483.6071,0.01699603,1185.4509,1138.6651,8693.3065,8740.0923,0.01557970,0.01566354,0.00070817,22.4534,20.6030,0.4031,82.3230,2.6463,4649.9123,204.2083,25.9152,21.1137,12.8578,14.5296,26.176,48.8436,54.2173,102.8621,13.088,0.0,3.731508,7.079487,1.545355,30,207,63,6,0.32204186,0.01770420,-0.00338982,0E-8,0.000000,0.904812,0.002133,0.03111404,2026-03-21,2026-08-06,120,3733,1703,139,0.863309,1.227414,1.154177,1.073473,,,,,,,,GLOBAL_BASELINE_NO_ENTITY_RANKING,,,NOT_APPLICABLE_GLOBAL_BASELINE,HF9g-P5,,,,X 全窗基线 · 不参与实体赏罚,15052414,1506,A168_HF9F_20260827_0900,2026-08-27 09:00:00
2026-05-06,127529701,2106,0,64.8643038764,-39.5672253646,-39.5672253646,0.2500000,4,4,0.50665070000000000,0.506650700000,-1.0266936290537745,-1.0266936290537745,-1.0266936290537745,0E-17,ELIGIBLE,R03b_20260811_FULL_v1,L1_ELIGIBILITY,v2026-08-11,2026-03-21..2026-08-06,baccarat_bet02_101_all_pairs_incl_sentinel,round_win = game_pnl > 0 (decisive only),COMPATIBILITY_ONLY_NOT_PRODUCTION,557989.4742,504875.3716,9878.7574,24851,24505,-0.01770420,0.00338982,-0.02772422,-0.01770420,-9878.7574,557989.4742,OK,0.0000,395.1503,4.0000,96.0000,AG03-UNRESOLVED,ALL5_LEVELS_bet23_to_bet27,395.1503,395.1503,395.1503,0.0000,0.0000,4.000000,4.000000,4.000000,0.000000,0.000000,96.000000,96.000000,96.000000,100.000000,100.000000,5.0,1185.4509,1138.6651,8693.3065,8740.0923,PENDING_AG03,FALSE,NOT_FOR_ENFORCEMENT,9483.6071,484680.3568,9878.7574,9483.6071,395.1503,0.01770420,0.01699603,395.1503,9483.6071,0.01699603,395.1503,395.1503,395.1503,0.0000,0.0000,9483.6071,0.01699603,1185.4509,1138.6651,8693.3065,8740.0923,0.01557970,0.01566354,0.00070817,22.4534,20.6030,0.4031,82.3230,2.6463,4649.9123,204.2083,25.9152,21.1137,12.8578,14.5296,26.176,48.8436,54.2173,102.8621,13.088,0.0,3.731508,7.079487,1.545355,30,207,63,6,0.32204186,0.01770420,-0.00338982,0E-8,0.000000,0.904812,0.002133,0.03111404,2026-03-21,2026-08-06,120,3733,1703,139,0.863309,1.227414,1.154177,1.073473,,,,,,,,GLOBAL_BASELINE_NO_ENTITY_RANKING,,,NOT_APPLICABLE_GLOBAL_BASELINE,HF9g-P5,,,,X 全窗基线 · 不参与实体赏罚,15052415,1506,A168_HF9F_20260827_0900,2026-08-27 09:00:00
2026-05-06,127529701,2121,0,12.9728607753,-12.9728607753,-12.9728607753,0E-7,1,1,0.50665070000000000,0.506650700000,-1.013391052207602,-1.013391052207602,-1.013391052207602,0E-17,ELIGIBLE,R03b_20260811_FULL_v1,L1_ELIGIBILITY,v2026-08-11,2026-03-21..2026-08-06,baccarat_bet02_101_all_pairs_incl_sentinel,round_win = game_pnl > 0 (decisive only),COMPATIBILITY_ONLY_NOT_PRODUCTION,557989.4742,504875.3716,9878.7574,24851,24505,-0.01770420,0.00338982,-0.02772422,-0.01770420,-9878.7574,557989.4742,OK,0.0000,395.1503,4.0000,96.0000,AG03-UNRESOLVED,ALL5_LEVELS_bet23_to_bet27,395.1503,395.1503,395.1503,0.0000,0.0000,4.000000,4.000000,4.000000,0.000000,0.000000,96.000000,96.000000,96.000000,100.000000,100.000000,5.0,1185.4509,1138.6651,8693.3065,8740.0923,PENDING_AG03,FALSE,NOT_FOR_ENFORCEMENT,9483.6071,484680.3568,9878.7574,9483.6071,395.1503,0.01770420,0.01699603,395.1503,9483.6071,0.01699603,395.1503,395.1503,395.1503,0.0000,0.0000,9483.6071,0.01699603,1185.4509,1138.6651,8693.3065,8740.0923,0.01557970,0.01566354,0.00070817,22.4534,20.6030,0.4031,82.3230,2.6463,4649.9123,204.2083,25.9152,21.1137,12.8578,14.5296,26.176,48.8436,54.2173,102.8621,13.088,0.0,3.731508,7.079487,1.545355,30,207,63,6,0.32204186,0.01770420,-0.00338982,0E-8,0.000000,0.904812,0.002133,0.03111404,2026-03-21,2026-08-06,120,3733,1703,139,0.863309,1.227414,1.154177,1.073473,,,,,,,,GLOBAL_BASELINE_NO_ENTITY_RANKING,,,NOT_APPLICABLE_GLOBAL_BASELINE,HF9g-P5,,,,X 全窗基线 · 不参与实体赏罚,15052416,1506,A168_HF9F_20260827_0900,2026-08-27 09:00:00
2026-05-06,127529701,2127,0,358.0509573974,23.0916921799,23.0916921799,0.5714286,17,17,0.49955382941176471,0.499553829412,0.5378615329216029,0.537861532919842,0.5378615329216029,-2.3529E-13,ELIGIBLE,R03b_20260811_FULL_v1,L1_ELIGIBILITY,v2026-08-11,2026-03-21..2026-08-06,baccarat_bet02_101_all_pairs_incl_sentinel,round_win = game_pnl > 0 (decisive only),COMPATIBILITY_ONLY_NOT_PRODUCTION,557989.4742,504875.3716,9878.7574,24851,24505,-0.01770420,0.00338982,-0.02772422,-0.01770420,-9878.7574,557989.4742,OK,0.0000,395.1503,4.0000,96.0000,AG03-UNRESOLVED,ALL5_LEVELS_bet23_to_bet27,395.1503,395.1503,395.1503,0.0000,0.0000,4.000000,4.000000,4.000000,0.000000,0.000000,96.000000,96.000000,96.000000,100.000000,100.000000,5.0,1185.4509,1138.6651,8693.3065,8740.0923,PENDING_AG03,FALSE,NOT_FOR_ENFORCEMENT,9483.6071,484680.3568,9878.7574,9483.6071,395.1503,0.01770420,0.01699603,395.1503,9483.6071,0.01699603,395.1503,395.1503,395.1503,0.0000,0.0000,9483.6071,0.01699603,1185.4509,1138.6651,8693.3065,8740.0923,0.01557970,0.01566354,0.00070817,22.4534,20.6030,0.4031,82.3230,2.6463,4649.9123,204.2083,25.9152,21.1137,12.8578,14.5296,26.176,48.8436,54.2173,102.8621,13.088,0.0,3.731508,7.079487,1.545355,30,207,63,6,0.32204186,0.01770420,-0.00338982,0E-8,0.000000,0.904812,0.002133,0.03111404,2026-03-21,2026-08-06,120,3733,1703,139,0.863309,1.227414,1.154177,1.073473,,,,,,,,GLOBAL_BASELINE_NO_ENTITY_RANKING,,,NOT_APPLICABLE_GLOBAL_BASELINE,HF9g-P5,,,,X 全窗基线 · 不参与实体赏罚,15052417,1506,A168_HF9F_20260827_0900,2026-08-27 09:00:00
2026-05-06,127529701,2141,0,131.0258938301,-2.5945721551,-2.5945721551,0.4000000,6,6,0.50441650000000000,0.504416500000,-0.466983001748531,-0.466983001748531,-0.466983001748531,0E-17,ELIGIBLE,R03b_20260811_FULL_v1,L1_ELIGIBILITY,v2026-08-11,2026-03-21..2026-08-06,baccarat_bet02_101_all_pairs_incl_sentinel,round_win = game_pnl > 0 (decisive only),COMPATIBILITY_ONLY_NOT_PRODUCTION,557989.4742,504875.3716,9878.7574,24851,24505,-0.01770420,0.00338982,-0.02772422,-0.01770420,-9878.7574,557989.4742,OK,0.0000,395.1503,4.0000,96.0000,AG03-UNRESOLVED,ALL5_LEVELS_bet23_to_bet27,395.1503,395.1503,395.1503,0.0000,0.0000,4.000000,4.000000,4.000000,0.000000,0.000000,96.000000,96.000000,96.000000,100.000000,100.000000,5.0,1185.4509,1138.6651,8693.3065,8740.0923,PENDING_AG03,FALSE,NOT_FOR_ENFORCEMENT,9483.6071,484680.3568,9878.7574,9483.6071,395.1503,0.01770420,0.01699603,395.1503,9483.6071,0.01699603,395.1503,395.1503,395.1503,0.0000,0.0000,9483.6071,0.01699603,1185.4509,1138.6651,8693.3065,8740.0923,0.01557970,0.01566354,0.00070817,22.4534,20.6030,0.4031,82.3230,2.6463,4649.9123,204.2083,25.9152,21.1137,12.8578,14.5296,26.176,48.8436,54.2173,102.8621,13.088,0.0,3.731508,7.079487,1.545355,30,207,63,6,0.32204186,0.01770420,-0.00338982,0E-8,0.000000,0.904812,0.002133,0.03111404,2026-03-21,2026-08-06,120,3733,1703,139,0.863309,1.227414,1.154177,1.073473,,,,,,,,GLOBAL_BASELINE_NO_ENTITY_RANKING,,,NOT_APPLICABLE_GLOBAL_BASELINE,HF9g-P5,,,,X 全窗基线 · 不参与实体赏罚,15052418,1506,A168_HF9F_20260827_0900,2026-08-27 09:00:00
2026-05-06,127529701,2142,0,299.9325411241,109.8282393234,109.8282393234,0.5909091,23,23,0.49965668260869565,0.499656682609,0.856023669821651,0.8560236698187956,0.856023669821651,-3.0435E-13,ELIGIBLE,R03b_20260811_FULL_v1,L1_ELIGIBILITY,v2026-08-11,2026-03-21..2026-08-06,baccarat_bet02_101_all_pairs_incl_sentinel,round_win = game_pnl > 0 (decisive only),COMPATIBILITY_ONLY_NOT_PRODUCTION,557989.4742,504875.3716,9878.7574,24851,24505,-0.01770420,0.00338982,-0.02772422,-0.01770420,-9878.7574,557989.4742,OK,0.0000,395.1503,4.0000,96.0000,AG03-UNRESOLVED,ALL5_LEVELS_bet23_to_bet27,395.1503,395.1503,395.1503,0.0000,0.0000,4.000000,4.000000,4.000000,0.000000,0.000000,96.000000,96.000000,96.000000,100.000000,100.000000,5.0,1185.4509,1138.6651,8693.3065,8740.0923,PENDING_AG03,FALSE,NOT_FOR_ENFORCEMENT,9483.6071,484680.3568,9878.7574,9483.6071,395.1503,0.01770420,0.01699603,395.1503,9483.6071,0.01699603,395.1503,395.1503,395.1503,0.0000,0.0000,9483.6071,0.01699603,1185.4509,1138.6651,8693.3065,8740.0923,0.01557970,0.01566354,0.00070817,22.4534,20.6030,0.4031,82.3230,2.6463,4649.9123,204.2083,25.9152,21.1137,12.8578,14.5296,26.176,48.8436,54.2173,102.8621,13.088,0.0,3.731508,7.079487,1.545355,30,207,63,6,0.32204186,0.01770420,-0.00338982,0E-8,0.000000,0.904812,0.002133,0.03111404,2026-03-21,2026-08-06,120,3733,1703,139,0.863309,1.227414,1.154177,1.073473,,,,,,,,GLOBAL_BASELINE_NO_ENTITY_RANKING,,,NOT_APPLICABLE_GLOBAL_BASELINE,HF9g-P5,,,,X 全窗基线 · 不参与实体赏罚,15052419,1506,A168_HF9F_20260827_0900,2026-08-27 09:00:00
2026-05-06,127529701,2169,0,133.8799232008,-24.3370868145,-24.3370868145,0.4444444,9,9,0.50218230000000000,0.502182300000,-0.34643043305270216,-0.34643043305270216,-0.34643043305270216,0E-17,ELIGIBLE,R03b_20260811_FULL_v1,L1_ELIGIBILITY,v2026-08-11,2026-03-21..2026-08-06,baccarat_bet02_101_all_pairs_incl_sentinel,round_win = game_pnl > 0 (decisive only),COMPATIBILITY_ONLY_NOT_PRODUCTION,557989.4742,504875.3716,9878.7574,24851,24505,-0.01770420,0.00338982,-0.02772422,-0.01770420,-9878.7574,557989.4742,OK,0.0000,395.1503,4.0000,96.0000,AG03-UNRESOLVED,ALL5_LEVELS_bet23_to_bet27,395.1503,395.1503,395.1503,0.0000,0.0000,4.000000,4.000000,4.000000,0.000000,0.000000,96.000000,96.000000,96.000000,100.000000,100.000000,5.0,1185.4509,1138.6651,8693.3065,8740.0923,PENDING_AG03,FALSE,NOT_FOR_ENFORCEMENT,9483.6071,484680.3568,9878.7574,9483.6071,395.1503,0.01770420,0.01699603,395.1503,9483.6071,0.01699603,395.1503,395.1503,395.1503,0.0000,0.0000,9483.6071,0.01699603,1185.4509,1138.6651,8693.3065,8740.0923,0.01557970,0.01566354,0.00070817,22.4534,20.6030,0.4031,82.3230,2.6463,4649.9123,204.2083,25.9152,21.1137,12.8578,14.5296,26.176,48.8436,54.2173,102.8621,13.088,0.0,3.731508,7.079487,1.545355,30,207,63,6,0.32204186,0.01770420,-0.00338982,0E-8,0.000000,0.904812,0.002133,0.03111404,2026-03-21,2026-08-06,120,3733,1703,139,0.863309,1.227414,1.154177,1.073473,,,,,,,,GLOBAL_BASELINE_NO_ENTITY_RANKING,,,NOT_APPLICABLE_GLOBAL_BASELINE,HF9g-P5,,,,X 全窗基线 · 不参与实体赏罚,15052420,1506,A168_HF9F_20260827_0900,2026-08-27 09:00:00
2026-05-06,127529701,2171,0,169.9444761562,9.7296455815,9.7296455815,0.5454545,11,11,0.49812011818181818,0.498120118182,0.3139832890738838,0.31398328907267725,0.3139832890738838,-1.8182E-13,ELIGIBLE,R03b_20260811_FULL_v1,L1_ELIGIBILITY,v2026-08-11,2026-03-21..2026-08-06,baccarat_bet02_101_all_pairs_incl_sentinel,round_win = game_pnl > 0 (decisive only),COMPATIBILITY_ONLY_NOT_PRODUCTION,557989.4742,504875.3716,9878.7574,24851,24505,-0.01770420,0.00338982,-0.02772422,-0.01770420,-9878.7574,557989.4742,OK,0.0000,395.1503,4.0000,96.0000,AG03-UNRESOLVED,ALL5_LEVELS_bet23_to_bet27,395.1503,395.1503,395.1503,0.0000,0.0000,4.000000,4.000000,4.000000,0.000000,0.000000,96.000000,96.000000,96.000000,100.000000,100.000000,5.0,1185.4509,1138.6651,8693.3065,8740.0923,PENDING_AG03,FALSE,NOT_FOR_ENFORCEMENT,9483.6071,484680.3568,9878.7574,9483.6071,395.1503,0.01770420,0.01699603,395.1503,9483.6071,0.01699603,395.1503,395.1503,395.1503,0.0000,0.0000,9483.6071,0.01699603,1185.4509,1138.6651,8693.3065,8740.0923,0.01557970,0.01566354,0.00070817,22.4534,20.6030,0.4031,82.3230,2.6463,4649.9123,204.2083,25.9152,21.1137,12.8578,14.5296,26.176,48.8436,54.2173,102.8621,13.088,0.0,3.731508,7.079487,1.545355,30,207,63,6,0.32204186,0.01770420,-0.00338982,0E-8,0.000000,0.904812,0.002133,0.03111404,2026-03-21,2026-08-06,120,3733,1703,139,0.863309,1.227414,1.154177,1.073473,,,,,,,,GLOBAL_BASELINE_NO_ENTITY_RANKING,,,NOT_APPLICABLE_GLOBAL_BASELINE,HF9g-P5,,,,X 全窗基线 · 不参与实体赏罚,15052421,1506,A168_HF9F_20260827_0900,2026-08-27 09:00:00
2026-05-06,127529701,2174,0,112.6044315294,-25.2970785119,-25.2970785119,0.4285714,7,7,0.50473567142857143,0.504735671429,-0.403041368878626,-0.40304136888089725,-0.403041368878626,-4.2857E-13,ELIGIBLE,R03b_20260811_FULL_v1,L1_ELIGIBILITY,v2026-08-11,2026-03-21..2026-08-06,baccarat_bet02_101_all_pairs_incl_sentinel,round_win = game_pnl > 0 (decisive only),COMPATIBILITY_ONLY_NOT_PRODUCTION,557989.4742,504875.3716,9878.7574,24851,24505,-0.01770420,0.00338982,-0.02772422,-0.01770420,-9878.7574,557989.4742,OK,0.0000,395.1503,4.0000,96.0000,AG03-UNRESOLVED,ALL5_LEVELS_bet23_to_bet27,395.1503,395.1503,395.1503,0.0000,0.0000,4.000000,4.000000,4.000000,0.000000,0.000000,96.000000,96.000000,96.000000,100.000000,100.000000,5.0,1185.4509,1138.6651,8693.3065,8740.0923,PENDING_AG03,FALSE,NOT_FOR_ENFORCEMENT,9483.6071,484680.3568,9878.7574,9483.6071,395.1503,0.01770420,0.01699603,395.1503,9483.6071,0.01699603,395.1503,395.1503,395.1503,0.0000,0.0000,9483.6071,0.01699603,1185.4509,1138.6651,8693.3065,8740.0923,0.01557970,0.01566354,0.00070817,22.4534,20.6030,0.4031,82.3230,2.6463,4649.9123,204.2083,25.9152,21.1137,12.8578,14.5296,26.176,48.8436,54.2173,102.8621,13.088,0.0,3.731508,7.079487,1.545355,30,207,63,6,0.32204186,0.01770420,-0.00338982,0E-8,0.000000,0.904812,0.002133,0.03111404,2026-03-21,2026-08-06,120,3733,1703,139,0.863309,1.227414,1.154177,1.073473,,,,,,,,GLOBAL_BASELINE_NO_ENTITY_RANKING,,,NOT_APPLICABLE_GLOBAL_BASELINE,HF9g-P5,,,,X 全窗基线 · 不参与实体赏罚,15052422,1506,A168_HF9F_20260827_0900,2026-08-27 09:00:00
2026-05-06,127529701,2202,0,106.8963727883,27.6970577551,27.6970577551,0.5714286,7,7,0.49899058571428571,0.498990585714,0.38330657246501415,0.3833065724665265,0.38330657246501415,2.8571E-13,ELIGIBLE,R03b_20260811_FULL_v1,L1_ELIGIBILITY,v2026-08-11,2026-03-21..2026-08-06,baccarat_bet02_101_all_pairs_incl_sentinel,round_win = game_pnl > 0 (decisive only),COMPATIBILITY_ONLY_NOT_PRODUCTION,557989.4742,504875.3716,9878.7574,24851,24505,-0.01770420,0.00338982,-0.02772422,-0.01770420,-9878.7574,557989.4742,OK,0.0000,395.1503,4.0000,96.0000,AG03-UNRESOLVED,ALL5_LEVELS_bet23_to_bet27,395.1503,395.1503,395.1503,0.0000,0.0000,4.000000,4.000000,4.000000,0.000000,0.000000,96.000000,96.000000,96.000000,100.000000,100.000000,5.0,1185.4509,1138.6651,8693.3065,8740.0923,PENDING_AG03,FALSE,NOT_FOR_ENFORCEMENT,9483.6071,484680.3568,9878.7574,9483.6071,395.1503,0.01770420,0.01699603,395.1503,9483.6071,0.01699603,395.1503,395.1503,395.1503,0.0000,0.0000,9483.6071,0.01699603,1185.4509,1138.6651,8693.3065,8740.0923,0.01557970,0.01566354,0.00070817,22.4534,20.6030,0.4031,82.3230,2.6463,4649.9123,204.2083,25.9152,21.1137,12.8578,14.5296,26.176,48.8436,54.2173,102.8621,13.088,0.0,3.731508,7.079487,1.545355,30,207,63,6,0.32204186,0.01770420,-0.00338982,0E-8,0.000000,0.904812,0.002133,0.03111404,2026-03-21,2026-08-06,120,3733,1703,139,0.863309,1.227414,1.154177,1.073473,,,,,,,,GLOBAL_BASELINE_NO_ENTITY_RANKING,,,NOT_APPLICABLE_GLOBAL_BASELINE,HF9g-P5,,,,X 全窗基线 · 不参与实体赏罚,15052423,1506,A168_HF9F_20260827_0900,2026-08-27 09:00:00
2026-05-06,127529701,2235,0,806.1335685749,5.8377873489,5.8377873489,0.5526316,46,46,0.49965668260869565,0.499656682609,0.6531185395539323,0.6531185395501796,0.6531185395539323,-3.0435E-13,ELIGIBLE,R03b_20260811_FULL_v1,L1_ELIGIBILITY,v2026-08-11,2026-03-21..2026-08-06,baccarat_bet02_101_all_pairs_incl_sentinel,round_win = game_pnl > 0 (decisive only),COMPATIBILITY_ONLY_NOT_PRODUCTION,557989.4742,504875.3716,9878.7574,24851,24505,-0.01770420,0.00338982,-0.02772422,-0.01770420,-9878.7574,557989.4742,OK,0.0000,395.1503,4.0000,96.0000,AG03-UNRESOLVED,ALL5_LEVELS_bet23_to_bet27,395.1503,395.1503,395.1503,0.0000,0.0000,4.000000,4.000000,4.000000,0.000000,0.000000,96.000000,96.000000,96.000000,100.000000,100.000000,5.0,1185.4509,1138.6651,8693.3065,8740.0923,PENDING_AG03,FALSE,NOT_FOR_ENFORCEMENT,9483.6071,484680.3568,9878.7574,9483.6071,395.1503,0.01770420,0.01699603,395.1503,9483.6071,0.01699603,395.1503,395.1503,395.1503,0.0000,0.0000,9483.6071,0.01699603,1185.4509,1138.6651,8693.3065,8740.0923,0.01557970,0.01566354,0.00070817,22.4534,20.6030,0.4031,82.3230,2.6463,4649.9123,204.2083,25.9152,21.1137,12.8578,14.5296,26.176,48.8436,54.2173,102.8621,13.088,0.0,3.731508,7.079487,1.545355,30,207,63,6,0.32204186,0.01770420,-0.00338982,0E-8,0.000000,0.904812,0.002133,0.03111404,2026-03-21,2026-08-06,120,3733,1703,139,0.863309,1.227414,1.154177,1.073473,,,,,,,,GLOBAL_BASELINE_NO_ENTITY_RANKING,,,NOT_APPLICABLE_GLOBAL_BASELINE,HF9g-P5,,,,X 全窗基线 · 不参与实体赏罚,15052424,1506,A168_HF9F_20260827_0900,2026-08-27 09:00:00
2026-05-06,127529701,2246,0,561.2059571381,-59.6751595663,-59.6751595663,0.4137931,31,30,0.48510284833333333,0.485102848333,-0.7683705743165617,-0.7683705743129855,-0.7683705743165617,3.3333E-13,ELIGIBLE,R03b_20260811_FULL_v1,L1_ELIGIBILITY,v2026-08-11,2026-03-21..2026-08-06,baccarat_bet02_101_all_pairs_incl_sentinel,round_win = game_pnl > 0 (decisive only),COMPATIBILITY_ONLY_NOT_PRODUCTION,557989.4742,504875.3716,9878.7574,24851,24505,-0.01770420,0.00338982,-0.02772422,-0.01770420,-9878.7574,557989.4742,OK,0.0000,395.1503,4.0000,96.0000,AG03-UNRESOLVED,ALL5_LEVELS_bet23_to_bet27,395.1503,395.1503,395.1503,0.0000,0.0000,4.000000,4.000000,4.000000,0.000000,0.000000,96.000000,96.000000,96.000000,100.000000,100.000000,5.0,1185.4509,1138.6651,8693.3065,8740.0923,PENDING_AG03,FALSE,NOT_FOR_ENFORCEMENT,9483.6071,484680.3568,9878.7574,9483.6071,395.1503,0.01770420,0.01699603,395.1503,9483.6071,0.01699603,395.1503,395.1503,395.1503,0.0000,0.0000,9483.6071,0.01699603,1185.4509,1138.6651,8693.3065,8740.0923,0.01557970,0.01566354,0.00070817,22.4534,20.6030,0.4031,82.3230,2.6463,4649.9123,204.2083,25.9152,21.1137,12.8578,14.5296,26.176,48.8436,54.2173,102.8621,13.088,0.0,3.731508,7.079487,1.545355,30,207,63,6,0.32204186,0.01770420,-0.00338982,0E-8,0.000000,0.904812,0.002133,0.03111404,2026-03-21,2026-08-06,120,3733,1703,139,0.863309,1.227414,1.154177,1.073473,,,,,,,,GLOBAL_BASELINE_NO_ENTITY_RANKING,,,NOT_APPLICABLE_GLOBAL_BASELINE,HF9g-P5,,,,X 全窗基线 · 不参与实体赏罚,15052425,1506,A168_HF9F_20260827_0900,2026-08-27 09:00:00
2026-05-06,127529701,550,0,167.3499040010,25.8159929428,25.8159929428,0.5555556,9,9,0.50218230000000000,0.502182300000,0.3202425836157423,0.3202425836157423,0.3202425836157423,0E-17,ELIGIBLE,R03b_20260811_FULL_v1,L1_ELIGIBILITY,v2026-08-11,2026-03-21..2026-08-06,baccarat_bet02_101_all_pairs_incl_sentinel,round_win = game_pnl > 0 (decisive only),COMPATIBILITY_ONLY_NOT_PRODUCTION,557989.4742,504875.3716,9878.7574,24851,24505,-0.01770420,0.00338982,-0.02772422,-0.01770420,-9878.7574,557989.4742,OK,0.0000,395.1503,4.0000,96.0000,AG03-UNRESOLVED,ALL5_LEVELS_bet23_to_bet27,395.1503,395.1503,395.1503,0.0000,0.0000,4.000000,4.000000,4.000000,0.000000,0.000000,96.000000,96.000000,96.000000,100.000000,100.000000,5.0,1185.4509,1138.6651,8693.3065,8740.0923,PENDING_AG03,FALSE,NOT_FOR_ENFORCEMENT,9483.6071,484680.3568,9878.7574,9483.6071,395.1503,0.01770420,0.01699603,395.1503,9483.6071,0.01699603,395.1503,395.1503,395.1503,0.0000,0.0000,9483.6071,0.01699603,1185.4509,1138.6651,8693.3065,8740.0923,0.01557970,0.01566354,0.00070817,22.4534,20.6030,0.4031,82.3230,2.6463,4649.9123,204.2083,25.9152,21.1137,12.8578,14.5296,26.176,48.8436,54.2173,102.8621,13.088,0.0,3.731508,7.079487,1.545355,30,207,63,6,0.32204186,0.01770420,-0.00338982,0E-8,0.000000,0.904812,0.002133,0.03111404,2026-03-21,2026-08-06,120,3733,1703,139,0.863309,1.227414,1.154177,1.073473,,,,,,,,GLOBAL_BASELINE_NO_ENTITY_RANKING,,,NOT_APPLICABLE_GLOBAL_BASELINE,HF9g-P5,,,,X 全窗基线 · 不参与实体赏罚,15052426,1506,A168_HF9F_20260827_0900,2026-08-27 09:00:00
2026-05-06,127529701,919,0,181.6200508540,23.9997924341,23.9997924341,0.5000000,12,12,0.49547970000000000,0.495479700000,0.03131883697058014,0.03131883697058014,0.03131883697058014,0E-17,ELIGIBLE,R03b_20260811_FULL_v1,L1_ELIGIBILITY,v2026-08-11,2026-03-21..2026-08-06,baccarat_bet02_101_all_pairs_incl_sentinel,round_win = game_pnl > 0 (decisive only),COMPATIBILITY_ONLY_NOT_PRODUCTION,557989.4742,504875.3716,9878.7574,24851,24505,-0.01770420,0.00338982,-0.02772422,-0.01770420,-9878.7574,557989.4742,OK,0.0000,395.1503,4.0000,96.0000,AG03-UNRESOLVED,ALL5_LEVELS_bet23_to_bet27,395.1503,395.1503,395.1503,0.0000,0.0000,4.000000,4.000000,4.000000,0.000000,0.000000,96.000000,96.000000,96.000000,100.000000,100.000000,5.0,1185.4509,1138.6651,8693.3065,8740.0923,PENDING_AG03,FALSE,NOT_FOR_ENFORCEMENT,9483.6071,484680.3568,9878.7574,9483.6071,395.1503,0.01770420,0.01699603,395.1503,9483.6071,0.01699603,395.1503,395.1503,395.1503,0.0000,0.0000,9483.6071,0.01699603,1185.4509,1138.6651,8693.3065,8740.0923,0.01557970,0.01566354,0.00070817,22.4534,20.6030,0.4031,82.3230,2.6463,4649.9123,204.2083,25.9152,21.1137,12.8578,14.5296,26.176,48.8436,54.2173,102.8621,13.088,0.0,3.731508,7.079487,1.545355,30,207,63,6,0.32204186,0.01770420,-0.00338982,0E-8,0.000000,0.904812,0.002133,0.03111404,2026-03-21,2026-08-06,120,3733,1703,139,0.863309,1.227414,1.154177,1.073473,,,,,,,,GLOBAL_BASELINE_NO_ENTITY_RANKING,,,NOT_APPLICABLE_GLOBAL_BASELINE,HF9g-P5,,,,X 全窗基线 · 不参与实体赏罚,15052427,1506,A168_HF9F_20260827_0900,2026-08-27 09:00:00
2026-05-06,127529701,970,0,114.1611748224,38.8926366043,38.8926366043,0.7142857,8,8,0.49659680000000000,0.496596800000,1.151928143794541,1.151928143794541,1.151928143794541,0E-17,ELIGIBLE,R03b_20260811_FULL_v1,L1_ELIGIBILITY,v2026-08-11,2026-03-21..2026-08-06,baccarat_bet02_101_all_pairs_incl_sentinel,round_win = game_pnl > 0 (decisive only),COMPATIBILITY_ONLY_NOT_PRODUCTION,557989.4742,504875.3716,9878.7574,24851,24505,-0.01770420,0.00338982,-0.02772422,-0.01770420,-9878.7574,557989.4742,OK,0.0000,395.1503,4.0000,96.0000,AG03-UNRESOLVED,ALL5_LEVELS_bet23_to_bet27,395.1503,395.1503,395.1503,0.0000,0.0000,4.000000,4.000000,4.000000,0.000000,0.000000,96.000000,96.000000,96.000000,100.000000,100.000000,5.0,1185.4509,1138.6651,8693.3065,8740.0923,PENDING_AG03,FALSE,NOT_FOR_ENFORCEMENT,9483.6071,484680.3568,9878.7574,9483.6071,395.1503,0.01770420,0.01699603,395.1503,9483.6071,0.01699603,395.1503,395.1503,395.1503,0.0000,0.0000,9483.6071,0.01699603,1185.4509,1138.6651,8693.3065,8740.0923,0.01557970,0.01566354,0.00070817,22.4534,20.6030,0.4031,82.3230,2.6463,4649.9123,204.2083,25.9152,21.1137,12.8578,14.5296,26.176,48.8436,54.2173,102.8621,13.088,0.0,3.731508,7.079487,1.545355,30,207,63,6,0.32204186,0.01770420,-0.00338982,0E-8,0.000000,0.904812,0.002133,0.03111404,2026-03-21,2026-08-06,120,3733,1703,139,0.863309,1.227414,1.154177,1.073473,,,,,,,,GLOBAL_BASELINE_NO_ENTITY_RANKING,,,NOT_APPLICABLE_GLOBAL_BASELINE,HF9g-P5,,,,X 全窗基线 · 不参与实体赏罚,15052428,1506,A168_HF9F_20260827_0900,2026-08-27 09:00:00
2026-05-06,127529701,994,0,120.6476052099,-38.9185823258,-38.9185823258,0.2500000,5,5,0.50128862000000000,0.501288620000,-1.0051578182180947,-1.0051578182180947,-1.0051578182180947,0E-17,ELIGIBLE,R03b_20260811_FULL_v1,L1_ELIGIBILITY,v2026-08-11,2026-03-21..2026-08-06,baccarat_bet02_101_all_pairs_incl_sentinel,round_win = game_pnl > 0 (decisive only),COMPATIBILITY_ONLY_NOT_PRODUCTION,557989.4742,504875.3716,9878.7574,24851,24505,-0.01770420,0.00338982,-0.02772422,-0.01770420,-9878.7574,557989.4742,OK,0.0000,395.1503,4.0000,96.0000,AG03-UNRESOLVED,ALL5_LEVELS_bet23_to_bet27,395.1503,395.1503,395.1503,0.0000,0.0000,4.000000,4.000000,4.000000,0.000000,0.000000,96.000000,96.000000,96.000000,100.000000,100.000000,5.0,1185.4509,1138.6651,8693.3065,8740.0923,PENDING_AG03,FALSE,NOT_FOR_ENFORCEMENT,9483.6071,484680.3568,9878.7574,9483.6071,395.1503,0.01770420,0.01699603,395.1503,9483.6071,0.01699603,395.1503,395.1503,395.1503,0.0000,0.0000,9483.6071,0.01699603,1185.4509,1138.6651,8693.3065,8740.0923,0.01557970,0.01566354,0.00070817,22.4534,20.6030,0.4031,82.3230,2.6463,4649.9123,204.2083,25.9152,21.1137,12.8578,14.5296,26.176,48.8436,54.2173,102.8621,13.088,0.0,3.731508,7.079487,1.545355,30,207,63,6,0.32204186,0.01770420,-0.00338982,0E-8,0.000000,0.904812,0.002133,0.03111404,2026-03-21,2026-08-06,120,3733,1703,139,0.863309,1.227414,1.154177,1.073473,,,,,,,,GLOBAL_BASELINE_NO_ENTITY_RANKING,,,NOT_APPLICABLE_GLOBAL_BASELINE,HF9g-P5,,,,X 全窗基线 · 不参与实体赏罚,15052429,1506,A168_HF9F_20260827_0900,2026-08-27 09:00:00
2026-05-07,127529701,-1,1,136.2150381404,-83.0911732658,-83.0911732658,0.1428571,7,7,0.49707555714285714,0.497075557143,-1.8743797290365218,-1.8743797290372748,-1.8743797290365218,-1.4286E-13,SENTINEL_DEALER,R03b_20260811_FULL_v1,L1_ELIGIBILITY,v2026-08-11,2026-03-21..2026-08-06,baccarat_bet02_101_all_pairs_incl_sentinel,round_win = game_pnl > 0 (decisive only),COMPATIBILITY_ONLY_NOT_PRODUCTION,557989.4742,504875.3716,9878.7574,24851,24505,-0.01770420,0.00338982,-0.02772422,-0.01770420,-9878.7574,557989.4742,OK,0.0000,395.1503,4.0000,96.0000,AG03-UNRESOLVED,ALL5_LEVELS_bet23_to_bet27,395.1503,395.1503,395.1503,0.0000,0.0000,4.000000,4.000000,4.000000,0.000000,0.000000,96.000000,96.000000,96.000000,100.000000,100.000000,5.0,1185.4509,1138.6651,8693.3065,8740.0923,PENDING_AG03,FALSE,NOT_FOR_ENFORCEMENT,9483.6071,484680.3568,9878.7574,9483.6071,395.1503,0.01770420,0.01699603,395.1503,9483.6071,0.01699603,395.1503,395.1503,395.1503,0.0000,0.0000,9483.6071,0.01699603,1185.4509,1138.6651,8693.3065,8740.0923,0.01557970,0.01566354,0.00070817,22.4534,20.6030,0.4031,82.3230,2.6463,4649.9123,204.2083,25.9152,21.1137,12.8578,14.5296,26.176,48.8436,54.2173,102.8621,13.088,0.0,3.731508,7.079487,1.545355,30,207,63,6,0.32204186,0.01770420,-0.00338982,0E-8,0.000000,0.904812,0.002133,0.03111404,2026-03-21,2026-08-06,120,3733,1703,139,0.863309,1.227414,1.154177,1.073473,,,,,,,,GLOBAL_BASELINE_NO_ENTITY_RANKING,,,NOT_APPLICABLE_GLOBAL_BASELINE,HF9g-P5,,,,X 全窗基线 · 不参与实体赏罚,15052430,1506,A168_HF9F_20260827_0900,2026-08-27 09:00:00
2026-05-07,127529701,1151,0,106.3774583570,-57.9108505007,-57.9108505007,0.4000000,6,6,0.49771390000000000,0.497713900000,-0.4369944132040151,-0.436994413204015,-0.4369944132040151,0E-17,ELIGIBLE,R03b_20260811_FULL_v1,L1_ELIGIBILITY,v2026-08-11,2026-03-21..2026-08-06,baccarat_bet02_101_all_pairs_incl_sentinel,round_win = game_pnl > 0 (decisive only),COMPATIBILITY_ONLY_NOT_PRODUCTION,557989.4742,504875.3716,9878.7574,24851,24505,-0.01770420,0.00338982,-0.02772422,-0.01770420,-9878.7574,557989.4742,OK,0.0000,395.1503,4.0000,96.0000,AG03-UNRESOLVED,ALL5_LEVELS_bet23_to_bet27,395.1503,395.1503,395.1503,0.0000,0.0000,4.000000,4.000000,4.000000,0.000000,0.000000,96.000000,96.000000,96.000000,100.000000,100.000000,5.0,1185.4509,1138.6651,8693.3065,8740.0923,PENDING_AG03,FALSE,NOT_FOR_ENFORCEMENT,9483.6071,484680.3568,9878.7574,9483.6071,395.1503,0.01770420,0.01699603,395.1503,9483.6071,0.01699603,395.1503,395.1503,395.1503,0.0000,0.0000,9483.6071,0.01699603,1185.4509,1138.6651,8693.3065,8740.0923,0.01557970,0.01566354,0.00070817,22.4534,20.6030,0.4031,82.3230,2.6463,4649.9123,204.2083,25.9152,21.1137,12.8578,14.5296,26.176,48.8436,54.2173,102.8621,13.088,0.0,3.731508,7.079487,1.545355,30,207,63,6,0.32204186,0.01770420,-0.00338982,0E-8,0.000000,0.904812,0.002133,0.03111404,2026-03-21,2026-08-06,120,3733,1703,139,0.863309,1.227414,1.154177,1.073473,,,,,,,,GLOBAL_BASELINE_NO_ENTITY_RANKING,,,NOT_APPLICABLE_GLOBAL_BASELINE,HF9g-P5,,,,X 全窗基线 · 不参与实体赏罚,15052431,1506,A168_HF9F_20260827_0900,2026-08-27 09:00:00
2026-05-07,127529701,1210,0,49.2968709460,-44.1077266359,-44.1077266359,0E-7,4,4,0.49659680000000000,0.496596800000,-1.7203016256901094,-1.7203016256901091,-1.7203016256901094,0E-17,ELIGIBLE,R03b_20260811_FULL_v1,L1_ELIGIBILITY,v2026-08-11,2026-03-21..2026-08-06,baccarat_bet02_101_all_pairs_incl_sentinel,round_win = game_pnl > 0 (decisive only),COMPATIBILITY_ONLY_NOT_PRODUCTION,557989.4742,504875.3716,9878.7574,24851,24505,-0.01770420,0.00338982,-0.02772422,-0.01770420,-9878.7574,557989.4742,OK,0.0000,395.1503,4.0000,96.0000,AG03-UNRESOLVED,ALL5_LEVELS_bet23_to_bet27,395.1503,395.1503,395.1503,0.0000,0.0000,4.000000,4.000000,4.000000,0.000000,0.000000,96.000000,96.000000,96.000000,100.000000,100.000000,5.0,1185.4509,1138.6651,8693.3065,8740.0923,PENDING_AG03,FALSE,NOT_FOR_ENFORCEMENT,9483.6071,484680.3568,9878.7574,9483.6071,395.1503,0.01770420,0.01699603,395.1503,9483.6071,0.01699603,395.1503,395.1503,395.1503,0.0000,0.0000,9483.6071,0.01699603,1185.4509,1138.6651,8693.3065,8740.0923,0.01557970,0.01566354,0.00070817,22.4534,20.6030,0.4031,82.3230,2.6463,4649.9123,204.2083,25.9152,21.1137,12.8578,14.5296,26.176,48.8436,54.2173,102.8621,13.088,0.0,3.731508,7.079487,1.545355,30,207,63,6,0.32204186,0.01770420,-0.00338982,0E-8,0.000000,0.904812,0.002133,0.03111404,2026-03-21,2026-08-06,120,3733,1703,139,0.863309,1.227414,1.154177,1.073473,,,,,,,,GLOBAL_BASELINE_NO_ENTITY_RANKING,,,NOT_APPLICABLE_GLOBAL_BASELINE,HF9g-P5,,,,X 全窗基线 · 不参与实体赏罚,15052432,1506,A168_HF9F_20260827_0900,2026-08-27 09:00:00
2026-05-07,127529701,1307,0,25.9457215506,25.2970785118,25.2970785118,1.0000000,2,2,0.49994810000000000,0.499948100000,1.4143603653603398,1.4143603653603398,1.4143603653603398,0E-17,ELIGIBLE,R03b_20260811_FULL_v1,L1_ELIGIBILITY,v2026-08-11,2026-03-21..2026-08-06,baccarat_bet02_101_all_pairs_incl_sentinel,round_win = game_pnl > 0 (decisive only),COMPATIBILITY_ONLY_NOT_PRODUCTION,557989.4742,504875.3716,9878.7574,24851,24505,-0.01770420,0.00338982,-0.02772422,-0.01770420,-9878.7574,557989.4742,OK,0.0000,395.1503,4.0000,96.0000,AG03-UNRESOLVED,ALL5_LEVELS_bet23_to_bet27,395.1503,395.1503,395.1503,0.0000,0.0000,4.000000,4.000000,4.000000,0.000000,0.000000,96.000000,96.000000,96.000000,100.000000,100.000000,5.0,1185.4509,1138.6651,8693.3065,8740.0923,PENDING_AG03,FALSE,NOT_FOR_ENFORCEMENT,9483.6071,484680.3568,9878.7574,9483.6071,395.1503,0.01770420,0.01699603,395.1503,9483.6071,0.01699603,395.1503,395.1503,395.1503,0.0000,0.0000,9483.6071,0.01699603,1185.4509,1138.6651,8693.3065,8740.0923,0.01557970,0.01566354,0.00070817,22.4534,20.6030,0.4031,82.3230,2.6463,4649.9123,204.2083,25.9152,21.1137,12.8578,14.5296,26.176,48.8436,54.2173,102.8621,13.088,0.0,3.731508,7.079487,1.545355,30,207,63,6,0.32204186,0.01770420,-0.00338982,0E-8,0.000000,0.904812,0.002133,0.03111404,2026-03-21,2026-08-06,120,3733,1703,139,0.863309,1.227414,1.154177,1.073473,,,,,,,,GLOBAL_BASELINE_NO_ENTITY_RANKING,,,NOT_APPLICABLE_GLOBAL_BASELINE,HF9g-P5,,,,X 全窗基线 · 不参与实体赏罚,15052433,1506,A168_HF9F_20260827_0900,2026-08-27 09:00:00
2026-05-07,127529701,1330,0,30.3564942141,8.6010066940,8.6010066940,0.6666667,3,3,0.50218230000000000,0.502182300000,0.5697959874915163,0.5697959874915164,0.5697959874915163,0E-17,ELIGIBLE,R03b_20260811_FULL_v1,L1_ELIGIBILITY,v2026-08-11,2026-03-21..2026-08-06,baccarat_bet02_101_all_pairs_incl_sentinel,round_win = game_pnl > 0 (decisive only),COMPATIBILITY_ONLY_NOT_PRODUCTION,557989.4742,504875.3716,9878.7574,24851,24505,-0.01770420,0.00338982,-0.02772422,-0.01770420,-9878.7574,557989.4742,OK,0.0000,395.1503,4.0000,96.0000,AG03-UNRESOLVED,ALL5_LEVELS_bet23_to_bet27,395.1503,395.1503,395.1503,0.0000,0.0000,4.000000,4.000000,4.000000,0.000000,0.000000,96.000000,96.000000,96.000000,100.000000,100.000000,5.0,1185.4509,1138.6651,8693.3065,8740.0923,PENDING_AG03,FALSE,NOT_FOR_ENFORCEMENT,9483.6071,484680.3568,9878.7574,9483.6071,395.1503,0.01770420,0.01699603,395.1503,9483.6071,0.01699603,395.1503,395.1503,395.1503,0.0000,0.0000,9483.6071,0.01699603,1185.4509,1138.6651,8693.3065,8740.0923,0.01557970,0.01566354,0.00070817,22.4534,20.6030,0.4031,82.3230,2.6463,4649.9123,204.2083,25.9152,21.1137,12.8578,14.5296,26.176,48.8436,54.2173,102.8621,13.088,0.0,3.731508,7.079487,1.545355,30,207,63,6,0.32204186,0.01770420,-0.00338982,0E-8,0.000000,0.904812,0.002133,0.03111404,2026-03-21,2026-08-06,120,3733,1703,139,0.863309,1.227414,1.154177,1.073473,,,,,,,,GLOBAL_BASELINE_NO_ENTITY_RANKING,,,NOT_APPLICABLE_GLOBAL_BASELINE,HF9g-P5,,,,X 全窗基线 · 不参与实体赏罚,15052434,1506,A168_HF9F_20260827_0900,2026-08-27 09:00:00
2026-05-07,127529701,1400,0,691.1940221062,-185.1746147062,-185.1746147062,0.4102564,42,42,0.49867141428571429,0.498671414286,-1.1043069449023835,-1.1043069449059504,-1.1043069449023835,-2.8571E-13,ELIGIBLE,R03b_20260811_FULL_v1,L1_ELIGIBILITY,v2026-08-11,2026-03-21..2026-08-06,baccarat_bet02_101_all_pairs_incl_sentinel,round_win = game_pnl > 0 (decisive only),COMPATIBILITY_ONLY_NOT_PRODUCTION,557989.4742,504875.3716,9878.7574,24851,24505,-0.01770420,0.00338982,-0.02772422,-0.01770420,-9878.7574,557989.4742,OK,0.0000,395.1503,4.0000,96.0000,AG03-UNRESOLVED,ALL5_LEVELS_bet23_to_bet27,395.1503,395.1503,395.1503,0.0000,0.0000,4.000000,4.000000,4.000000,0.000000,0.000000,96.000000,96.000000,96.000000,100.000000,100.000000,5.0,1185.4509,1138.6651,8693.3065,8740.0923,PENDING_AG03,FALSE,NOT_FOR_ENFORCEMENT,9483.6071,484680.3568,9878.7574,9483.6071,395.1503,0.01770420,0.01699603,395.1503,9483.6071,0.01699603,395.1503,395.1503,395.1503,0.0000,0.0000,9483.6071,0.01699603,1185.4509,1138.6651,8693.3065,8740.0923,0.01557970,0.01566354,0.00070817,22.4534,20.6030,0.4031,82.3230,2.6463,4649.9123,204.2083,25.9152,21.1137,12.8578,14.5296,26.176,48.8436,54.2173,102.8621,13.088,0.0,3.731508,7.079487,1.545355,30,207,63,6,0.32204186,0.01770420,-0.00338982,0E-8,0.000000,0.904812,0.002133,0.03111404,2026-03-21,2026-08-06,120,3733,1703,139,0.863309,1.227414,1.154177,1.073473,,,,,,,,GLOBAL_BASELINE_NO_ENTITY_RANKING,,,NOT_APPLICABLE_GLOBAL_BASELINE,HF9g-P5,,,,X 全窗基线 · 不参与实体赏罚,15052435,1506,A168_HF9F_20260827_0900,2026-08-27 09:00:00
2026-05-07,127529701,1401,0,180.5822219915,-31.2516216074,-31.2516216074,0.5000000,8,8,0.49827245000000000,0.498272450000,0.009772556889889069,0.009772556889889069,0.009772556889889069,0E-17,ELIGIBLE,R03b_20260811_FULL_v1,L1_ELIGIBILITY,v2026-08-11,2026-03-21..2026-08-06,baccarat_bet02_101_all_pairs_incl_sentinel,round_win = game_pnl > 0 (decisive only),COMPATIBILITY_ONLY_NOT_PRODUCTION,557989.4742,504875.3716,9878.7574,24851,24505,-0.01770420,0.00338982,-0.02772422,-0.01770420,-9878.7574,557989.4742,OK,0.0000,395.1503,4.0000,96.0000,AG03-UNRESOLVED,ALL5_LEVELS_bet23_to_bet27,395.1503,395.1503,395.1503,0.0000,0.0000,4.000000,4.000000,4.000000,0.000000,0.000000,96.000000,96.000000,96.000000,100.000000,100.000000,5.0,1185.4509,1138.6651,8693.3065,8740.0923,PENDING_AG03,FALSE,NOT_FOR_ENFORCEMENT,9483.6071,484680.3568,9878.7574,9483.6071,395.1503,0.01770420,0.01699603,395.1503,9483.6071,0.01699603,395.1503,395.1503,395.1503,0.0000,0.0000,9483.6071,0.01699603,1185.4509,1138.6651,8693.3065,8740.0923,0.01557970,0.01566354,0.00070817,22.4534,20.6030,0.4031,82.3230,2.6463,4649.9123,204.2083,25.9152,21.1137,12.8578,14.5296,26.176,48.8436,54.2173,102.8621,13.088,0.0,3.731508,7.079487,1.545355,30,207,63,6,0.32204186,0.01770420,-0.00338982,0E-8,0.000000,0.904812,0.002133,0.03111404,2026-03-21,2026-08-06,120,3733,1703,139,0.863309,1.227414,1.154177,1.073473,,,,,,,,GLOBAL_BASELINE_NO_ENTITY_RANKING,,,NOT_APPLICABLE_GLOBAL_BASELINE,HF9g-P5,,,,X 全窗基线 · 不参与实体赏罚,15052436,1506,A168_HF9F_20260827_0900,2026-08-27 09:00:00
2026-05-07,127529701,1485,0,15.5674329303,-15.5674329303,-15.5674329303,0E-7,2,2,0.50665070000000000,0.506650700000,-1.4331513700195317,-1.4331513700195317,-1.4331513700195317,0E-17,ELIGIBLE,R03b_20260811_FULL_v1,L1_ELIGIBILITY,v2026-08-11,2026-03-21..2026-08-06,baccarat_bet02_101_all_pairs_incl_sentinel,round_win = game_pnl > 0 (decisive only),COMPATIBILITY_ONLY_NOT_PRODUCTION,557989.4742,504875.3716,9878.7574,24851,24505,-0.01770420,0.00338982,-0.02772422,-0.01770420,-9878.7574,557989.4742,OK,0.0000,395.1503,4.0000,96.0000,AG03-UNRESOLVED,ALL5_LEVELS_bet23_to_bet27,395.1503,395.1503,395.1503,0.0000,0.0000,4.000000,4.000000,4.000000,0.000000,0.000000,96.000000,96.000000,96.000000,100.000000,100.000000,5.0,1185.4509,1138.6651,8693.3065,8740.0923,PENDING_AG03,FALSE,NOT_FOR_ENFORCEMENT,9483.6071,484680.3568,9878.7574,9483.6071,395.1503,0.01770420,0.01699603,395.1503,9483.6071,0.01699603,395.1503,395.1503,395.1503,0.0000,0.0000,9483.6071,0.01699603,1185.4509,1138.6651,8693.3065,8740.0923,0.01557970,0.01566354,0.00070817,22.4534,20.6030,0.4031,82.3230,2.6463,4649.9123,204.2083,25.9152,21.1137,12.8578,14.5296,26.176,48.8436,54.2173,102.8621,13.088,0.0,3.731508,7.079487,1.545355,30,207,63,6,0.32204186,0.01770420,-0.00338982,0E-8,0.000000,0.904812,0.002133,0.03111404,2026-03-21,2026-08-06,120,3733,1703,139,0.863309,1.227414,1.154177,1.073473,,,,,,,,GLOBAL_BASELINE_NO_ENTITY_RANKING,,,NOT_APPLICABLE_GLOBAL_BASELINE,HF9g-P5,,,,X 全窗基线 · 不参与实体赏罚,15052437,1506,A168_HF9F_20260827_0900,2026-08-27 09:00:00
2026-05-07,127529701,1490,0,73.1669347725,45.0158268901,45.0158268901,0.7500000,4,4,0.50329940000000000,0.503299400000,0.9868238854431842,0.9868238854431842,0.9868238854431842,0E-17,ELIGIBLE,R03b_20260811_FULL_v1,L1_ELIGIBILITY,v2026-08-11,2026-03-21..2026-08-06,baccarat_bet02_101_all_pairs_incl_sentinel,round_win = game_pnl > 0 (decisive only),COMPATIBILITY_ONLY_NOT_PRODUCTION,557989.4742,504875.3716,9878.7574,24851,24505,-0.01770420,0.00338982,-0.02772422,-0.01770420,-9878.7574,557989.4742,OK,0.0000,395.1503,4.0000,96.0000,AG03-UNRESOLVED,ALL5_LEVELS_bet23_to_bet27,395.1503,395.1503,395.1503,0.0000,0.0000,4.000000,4.000000,4.000000,0.000000,0.000000,96.000000,96.000000,96.000000,100.000000,100.000000,5.0,1185.4509,1138.6651,8693.3065,8740.0923,PENDING_AG03,FALSE,NOT_FOR_ENFORCEMENT,9483.6071,484680.3568,9878.7574,9483.6071,395.1503,0.01770420,0.01699603,395.1503,9483.6071,0.01699603,395.1503,395.1503,395.1503,0.0000,0.0000,9483.6071,0.01699603,1185.4509,1138.6651,8693.3065,8740.0923,0.01557970,0.01566354,0.00070817,22.4534,20.6030,0.4031,82.3230,2.6463,4649.9123,204.2083,25.9152,21.1137,12.8578,14.5296,26.176,48.8436,54.2173,102.8621,13.088,0.0,3.731508,7.079487,1.545355,30,207,63,6,0.32204186,0.01770420,-0.00338982,0E-8,0.000000,0.904812,0.002133,0.03111404,2026-03-21,2026-08-06,120,3733,1703,139,0.863309,1.227414,1.154177,1.073473,,,,,,,,GLOBAL_BASELINE_NO_ENTITY_RANKING,,,NOT_APPLICABLE_GLOBAL_BASELINE,HF9g-P5,,,,X 全窗基线 · 不参与实体赏罚,15052438,1506,A168_HF9F_20260827_0900,2026-08-27 09:00:00
2026-05-07,127529701,1942,0,79.6533651602,-50.0752425926,-50.0752425926,0.2000000,5,5,0.49592654000000000,0.495926540000,-1.323467641100715,-1.323467641100715,-1.323467641100715,0E-17,ELIGIBLE,R03b_20260811_FULL_v1,L1_ELIGIBILITY,v2026-08-11,2026-03-21..2026-08-06,baccarat_bet02_101_all_pairs_incl_sentinel,round_win = game_pnl > 0 (decisive only),COMPATIBILITY_ONLY_NOT_PRODUCTION,557989.4742,504875.3716,9878.7574,24851,24505,-0.01770420,0.00338982,-0.02772422,-0.01770420,-9878.7574,557989.4742,OK,0.0000,395.1503,4.0000,96.0000,AG03-UNRESOLVED,ALL5_LEVELS_bet23_to_bet27,395.1503,395.1503,395.1503,0.0000,0.0000,4.000000,4.000000,4.000000,0.000000,0.000000,96.000000,96.000000,96.000000,100.000000,100.000000,5.0,1185.4509,1138.6651,8693.3065,8740.0923,PENDING_AG03,FALSE,NOT_FOR_ENFORCEMENT,9483.6071,484680.3568,9878.7574,9483.6071,395.1503,0.01770420,0.01699603,395.1503,9483.6071,0.01699603,395.1503,395.1503,395.1503,0.0000,0.0000,9483.6071,0.01699603,1185.4509,1138.6651,8693.3065,8740.0923,0.01557970,0.01566354,0.00070817,22.4534,20.6030,0.4031,82.3230,2.6463,4649.9123,204.2083,25.9152,21.1137,12.8578,14.5296,26.176,48.8436,54.2173,102.8621,13.088,0.0,3.731508,7.079487,1.545355,30,207,63,6,0.32204186,0.01770420,-0.00338982,0E-8,0.000000,0.904812,0.002133,0.03111404,2026-03-21,2026-08-06,120,3733,1703,139,0.863309,1.227414,1.154177,1.073473,,,,,,,,GLOBAL_BASELINE_NO_ENTITY_RANKING,,,NOT_APPLICABLE_GLOBAL_BASELINE,HF9g-P5,,,,X 全窗基线 · 不参与实体赏罚,15052439,1506,A168_HF9F_20260827_0900,2026-08-27 09:00:00
2026-05-07,127529701,1990,0,137.5123242179,-47.3509418298,-47.3509418298,0.2500000,9,9,0.49920336666666667,0.499203366667,-1.4097089129893778,-1.4097089129912617,-1.4097089129893778,-3.3333E-13,ELIGIBLE,R03b_20260811_FULL_v1,L1_ELIGIBILITY,v2026-08-11,2026-03-21..2026-08-06,baccarat_bet02_101_all_pairs_incl_sentinel,round_win = game_pnl > 0 (decisive only),COMPATIBILITY_ONLY_NOT_PRODUCTION,557989.4742,504875.3716,9878.7574,24851,24505,-0.01770420,0.00338982,-0.02772422,-0.01770420,-9878.7574,557989.4742,OK,0.0000,395.1503,4.0000,96.0000,AG03-UNRESOLVED,ALL5_LEVELS_bet23_to_bet27,395.1503,395.1503,395.1503,0.0000,0.0000,4.000000,4.000000,4.000000,0.000000,0.000000,96.000000,96.000000,96.000000,100.000000,100.000000,5.0,1185.4509,1138.6651,8693.3065,8740.0923,PENDING_AG03,FALSE,NOT_FOR_ENFORCEMENT,9483.6071,484680.3568,9878.7574,9483.6071,395.1503,0.01770420,0.01699603,395.1503,9483.6071,0.01699603,395.1503,395.1503,395.1503,0.0000,0.0000,9483.6071,0.01699603,1185.4509,1138.6651,8693.3065,8740.0923,0.01557970,0.01566354,0.00070817,22.4534,20.6030,0.4031,82.3230,2.6463,4649.9123,204.2083,25.9152,21.1137,12.8578,14.5296,26.176,48.8436,54.2173,102.8621,13.088,0.0,3.731508,7.079487,1.545355,30,207,63,6,0.32204186,0.01770420,-0.00338982,0E-8,0.000000,0.904812,0.002133,0.03111404,2026-03-21,2026-08-06,120,3733,1703,139,0.863309,1.227414,1.154177,1.073473,,,,,,,,GLOBAL_BASELINE_NO_ENTITY_RANKING,,,NOT_APPLICABLE_GLOBAL_BASELINE,HF9g-P5,,,,X 全窗基线 · 不参与实体赏罚,15052440,1506,A168_HF9F_20260827_0900,2026-08-27 09:00:00
2026-05-07,127529701,2121,0,10.3782886202,-10.3782886202,-10.3782886202,0E-7,1,1,0.49324550000000000,0.493245500000,-0.9865810262130424,-0.9865810262130424,-0.9865810262130424,0E-17,ELIGIBLE,R03b_20260811_FULL_v1,L1_ELIGIBILITY,v2026-08-11,2026-03-21..2026-08-06,baccarat_bet02_101_all_pairs_incl_sentinel,round_win = game_pnl > 0 (decisive only),COMPATIBILITY_ONLY_NOT_PRODUCTION,557989.4742,504875.3716,9878.7574,24851,24505,-0.01770420,0.00338982,-0.02772422,-0.01770420,-9878.7574,557989.4742,OK,0.0000,395.1503,4.0000,96.0000,AG03-UNRESOLVED,ALL5_LEVELS_bet23_to_bet27,395.1503,395.1503,395.1503,0.0000,0.0000,4.000000,4.000000,4.000000,0.000000,0.000000,96.000000,96.000000,96.000000,100.000000,100.000000,5.0,1185.4509,1138.6651,8693.3065,8740.0923,PENDING_AG03,FALSE,NOT_FOR_ENFORCEMENT,9483.6071,484680.3568,9878.7574,9483.6071,395.1503,0.01770420,0.01699603,395.1503,9483.6071,0.01699603,395.1503,395.1503,395.1503,0.0000,0.0000,9483.6071,0.01699603,1185.4509,1138.6651,8693.3065,8740.0923,0.01557970,0.01566354,0.00070817,22.4534,20.6030,0.4031,82.3230,2.6463,4649.9123,204.2083,25.9152,21.1137,12.8578,14.5296,26.176,48.8436,54.2173,102.8621,13.088,0.0,3.731508,7.079487,1.545355,30,207,63,6,0.32204186,0.01770420,-0.00338982,0E-8,0.000000,0.904812,0.002133,0.03111404,2026-03-21,2026-08-06,120,3733,1703,139,0.863309,1.227414,1.154177,1.073473,,,,,,,,GLOBAL_BASELINE_NO_ENTITY_RANKING,,,NOT_APPLICABLE_GLOBAL_BASELINE,HF9g-P5,,,,X 全窗基线 · 不参与实体赏罚,15052441,1506,A168_HF9F_20260827_0900,2026-08-27 09:00:00
2026-05-07,127529701,2134,0,59.6751595662,-3.6324010171,-3.6324010171,0.6000000,6,6,0.50218230000000000,0.502182300000,0.4374582199563857,0.4374582199563857,0.4374582199563857,0E-17,ELIGIBLE,R03b_20260811_FULL_v1,L1_ELIGIBILITY,v2026-08-11,2026-03-21..2026-08-06,baccarat_bet02_101_all_pairs_incl_sentinel,round_win = game_pnl > 0 (decisive only),COMPATIBILITY_ONLY_NOT_PRODUCTION,557989.4742,504875.3716,9878.7574,24851,24505,-0.01770420,0.00338982,-0.02772422,-0.01770420,-9878.7574,557989.4742,OK,0.0000,395.1503,4.0000,96.0000,AG03-UNRESOLVED,ALL5_LEVELS_bet23_to_bet27,395.1503,395.1503,395.1503,0.0000,0.0000,4.000000,4.000000,4.000000,0.000000,0.000000,96.000000,96.000000,96.000000,100.000000,100.000000,5.0,1185.4509,1138.6651,8693.3065,8740.0923,PENDING_AG03,FALSE,NOT_FOR_ENFORCEMENT,9483.6071,484680.3568,9878.7574,9483.6071,395.1503,0.01770420,0.01699603,395.1503,9483.6071,0.01699603,395.1503,395.1503,395.1503,0.0000,0.0000,9483.6071,0.01699603,1185.4509,1138.6651,8693.3065,8740.0923,0.01557970,0.01566354,0.00070817,22.4534,20.6030,0.4031,82.3230,2.6463,4649.9123,204.2083,25.9152,21.1137,12.8578,14.5296,26.176,48.8436,54.2173,102.8621,13.088,0.0,3.731508,7.079487,1.545355,30,207,63,6,0.32204186,0.01770420,-0.00338982,0E-8,0.000000,0.904812,0.002133,0.03111404,2026-03-21,2026-08-06,120,3733,1703,139,0.863309,1.227414,1.154177,1.073473,,,,,,,,GLOBAL_BASELINE_NO_ENTITY_RANKING,,,NOT_APPLICABLE_GLOBAL_BASELINE,HF9g-P5,,,,X 全窗基线 · 不参与实体赏罚,15052442,1506,A168_HF9F_20260827_0900,2026-08-27 09:00:00
2026-05-07,127529701,2174,0,478.6985626073,32.5618805458,32.5618805458,0.4782609,26,26,0.49943251538461538,0.499432515385,-0.20307142363595435,-0.20307142363964334,-0.20307142363595435,-3.8462E-13,ELIGIBLE,R03b_20260811_FULL_v1,L1_ELIGIBILITY,v2026-08-11,2026-03-21..2026-08-06,baccarat_bet02_101_all_pairs_incl_sentinel,round_win = game_pnl > 0 (decisive only),COMPATIBILITY_ONLY_NOT_PRODUCTION,557989.4742,504875.3716,9878.7574,24851,24505,-0.01770420,0.00338982,-0.02772422,-0.01770420,-9878.7574,557989.4742,OK,0.0000,395.1503,4.0000,96.0000,AG03-UNRESOLVED,ALL5_LEVELS_bet23_to_bet27,395.1503,395.1503,395.1503,0.0000,0.0000,4.000000,4.000000,4.000000,0.000000,0.000000,96.000000,96.000000,96.000000,100.000000,100.000000,5.0,1185.4509,1138.6651,8693.3065,8740.0923,PENDING_AG03,FALSE,NOT_FOR_ENFORCEMENT,9483.6071,484680.3568,9878.7574,9483.6071,395.1503,0.01770420,0.01699603,395.1503,9483.6071,0.01699603,395.1503,395.1503,395.1503,0.0000,0.0000,9483.6071,0.01699603,1185.4509,1138.6651,8693.3065,8740.0923,0.01557970,0.01566354,0.00070817,22.4534,20.6030,0.4031,82.3230,2.6463,4649.9123,204.2083,25.9152,21.1137,12.8578,14.5296,26.176,48.8436,54.2173,102.8621,13.088,0.0,3.731508,7.079487,1.545355,30,207,63,6,0.32204186,0.01770420,-0.00338982,0E-8,0.000000,0.904812,0.002133,0.03111404,2026-03-21,2026-08-06,120,3733,1703,139,0.863309,1.227414,1.154177,1.073473,,,,,,,,GLOBAL_BASELINE_NO_ENTITY_RANKING,,,NOT_APPLICABLE_GLOBAL_BASELINE,HF9g-P5,,,,X 全窗基线 · 不参与实体赏罚,15052443,1506,A168_HF9F_20260827_0900,2026-08-27 09:00:00
2026-05-07,127529701,2218,0,101.1883140471,-38.9185823258,-38.9185823258,0.2000000,6,6,0.50218230000000000,0.502182300000,-1.351413200886205,-1.351413200886205,-1.351413200886205,0E-17,ELIGIBLE,R03b_20260811_FULL_v1,L1_ELIGIBILITY,v2026-08-11,2026-03-21..2026-08-06,baccarat_bet02_101_all_pairs_incl_sentinel,round_win = game_pnl > 0 (decisive only),COMPATIBILITY_ONLY_NOT_PRODUCTION,557989.4742,504875.3716,9878.7574,24851,24505,-0.01770420,0.00338982,-0.02772422,-0.01770420,-9878.7574,557989.4742,OK,0.0000,395.1503,4.0000,96.0000,AG03-UNRESOLVED,ALL5_LEVELS_bet23_to_bet27,395.1503,395.1503,395.1503,0.0000,0.0000,4.000000,4.000000,4.000000,0.000000,0.000000,96.000000,96.000000,96.000000,100.000000,100.000000,5.0,1185.4509,1138.6651,8693.3065,8740.0923,PENDING_AG03,FALSE,NOT_FOR_ENFORCEMENT,9483.6071,484680.3568,9878.7574,9483.6071,395.1503,0.01770420,0.01699603,395.1503,9483.6071,0.01699603,395.1503,395.1503,395.1503,0.0000,0.0000,9483.6071,0.01699603,1185.4509,1138.6651,8693.3065,8740.0923,0.01557970,0.01566354,0.00070817,22.4534,20.6030,0.4031,82.3230,2.6463,4649.9123,204.2083,25.9152,21.1137,12.8578,14.5296,26.176,48.8436,54.2173,102.8621,13.088,0.0,3.731508,7.079487,1.545355,30,207,63,6,0.32204186,0.01770420,-0.00338982,0E-8,0.000000,0.904812,0.002133,0.03111404,2026-03-21,2026-08-06,120,3733,1703,139,0.863309,1.227414,1.154177,1.073473,,,,,,,,GLOBAL_BASELINE_NO_ENTITY_RANKING,,,NOT_APPLICABLE_GLOBAL_BASELINE,HF9g-P5,,,,X 全窗基线 · 不参与实体赏罚,15052444,1506,A168_HF9F_20260827_0900,2026-08-27 09:00:00
2026-05-07,127529701,2223,0,122.2043485029,-122.2043485029,-122.2043485029,0E-7,5,5,0.49592654000000000,0.495926540000,-2.2179245161756675,-2.2179245161756675,-2.2179245161756675,0E-17,ELIGIBLE,R03b_20260811_FULL_v1,L1_ELIGIBILITY,v2026-08-11,2026-03-21..2026-08-06,baccarat_bet02_101_all_pairs_incl_sentinel,round_win = game_pnl > 0 (decisive only),COMPATIBILITY_ONLY_NOT_PRODUCTION,557989.4742,504875.3716,9878.7574,24851,24505,-0.01770420,0.00338982,-0.02772422,-0.01770420,-9878.7574,557989.4742,OK,0.0000,395.1503,4.0000,96.0000,AG03-UNRESOLVED,ALL5_LEVELS_bet23_to_bet27,395.1503,395.1503,395.1503,0.0000,0.0000,4.000000,4.000000,4.000000,0.000000,0.000000,96.000000,96.000000,96.000000,100.000000,100.000000,5.0,1185.4509,1138.6651,8693.3065,8740.0923,PENDING_AG03,FALSE,NOT_FOR_ENFORCEMENT,9483.6071,484680.3568,9878.7574,9483.6071,395.1503,0.01770420,0.01699603,395.1503,9483.6071,0.01699603,395.1503,395.1503,395.1503,0.0000,0.0000,9483.6071,0.01699603,1185.4509,1138.6651,8693.3065,8740.0923,0.01557970,0.01566354,0.00070817,22.4534,20.6030,0.4031,82.3230,2.6463,4649.9123,204.2083,25.9152,21.1137,12.8578,14.5296,26.176,48.8436,54.2173,102.8621,13.088,0.0,3.731508,7.079487,1.545355,30,207,63,6,0.32204186,0.01770420,-0.00338982,0E-8,0.000000,0.904812,0.002133,0.03111404,2026-03-21,2026-08-06,120,3733,1703,139,0.863309,1.227414,1.154177,1.073473,,,,,,,,GLOBAL_BASELINE_NO_ENTITY_RANKING,,,NOT_APPLICABLE_GLOBAL_BASELINE,HF9g-P5,,,,X 全窗基线 · 不参与实体赏罚,15052445,1506,A168_HF9F_20260827_0900,2026-08-27 09:00:00
2026-05-07,127529701,2233,0,406.5694566966,81.4436199472,81.4436199472,0.6000000,25,25,0.50128862000000000,0.501288620000,0.9871170783032003,0.9871170783032003,0.9871170783032003,0E-17,ELIGIBLE,R03b_20260811_FULL_v1,L1_ELIGIBILITY,v2026-08-11,2026-03-21..2026-08-06,baccarat_bet02_101_all_pairs_incl_sentinel,round_win = game_pnl > 0 (decisive only),COMPATIBILITY_ONLY_NOT_PRODUCTION,557989.4742,504875.3716,9878.7574,24851,24505,-0.01770420,0.00338982,-0.02772422,-0.01770420,-9878.7574,557989.4742,OK,0.0000,395.1503,4.0000,96.0000,AG03-UNRESOLVED,ALL5_LEVELS_bet23_to_bet27,395.1503,395.1503,395.1503,0.0000,0.0000,4.000000,4.000000,4.000000,0.000000,0.000000,96.000000,96.000000,96.000000,100.000000,100.000000,5.0,1185.4509,1138.6651,8693.3065,8740.0923,PENDING_AG03,FALSE,NOT_FOR_ENFORCEMENT,9483.6071,484680.3568,9878.7574,9483.6071,395.1503,0.01770420,0.01699603,395.1503,9483.6071,0.01699603,395.1503,395.1503,395.1503,0.0000,0.0000,9483.6071,0.01699603,1185.4509,1138.6651,8693.3065,8740.0923,0.01557970,0.01566354,0.00070817,22.4534,20.6030,0.4031,82.3230,2.6463,4649.9123,204.2083,25.9152,21.1137,12.8578,14.5296,26.176,48.8436,54.2173,102.8621,13.088,0.0,3.731508,7.079487,1.545355,30,207,63,6,0.32204186,0.01770420,-0.00338982,0E-8,0.000000,0.904812,0.002133,0.03111404,2026-03-21,2026-08-06,120,3733,1703,139,0.863309,1.227414,1.154177,1.073473,,,,,,,,GLOBAL_BASELINE_NO_ENTITY_RANKING,,,NOT_APPLICABLE_GLOBAL_BASELINE,HF9g-P5,,,,X 全窗基线 · 不参与实体赏罚,15052446,1506,A168_HF9F_20260827_0900,2026-08-27 09:00:00
2026-05-07,127529701,2246,0,598.8272533859,-13.9717710549,-13.9717710549,0.5000000,35,35,0.50013960285714286,0.500139602857,-0.001529272738594177,-0.0015292727370292238,-0.001529272738594177,1.4286E-13,ELIGIBLE,R03b_20260811_FULL_v1,L1_ELIGIBILITY,v2026-08-11,2026-03-21..2026-08-06,baccarat_bet02_101_all_pairs_incl_sentinel,round_win = game_pnl > 0 (decisive only),COMPATIBILITY_ONLY_NOT_PRODUCTION,557989.4742,504875.3716,9878.7574,24851,24505,-0.01770420,0.00338982,-0.02772422,-0.01770420,-9878.7574,557989.4742,OK,0.0000,395.1503,4.0000,96.0000,AG03-UNRESOLVED,ALL5_LEVELS_bet23_to_bet27,395.1503,395.1503,395.1503,0.0000,0.0000,4.000000,4.000000,4.000000,0.000000,0.000000,96.000000,96.000000,96.000000,100.000000,100.000000,5.0,1185.4509,1138.6651,8693.3065,8740.0923,PENDING_AG03,FALSE,NOT_FOR_ENFORCEMENT,9483.6071,484680.3568,9878.7574,9483.6071,395.1503,0.01770420,0.01699603,395.1503,9483.6071,0.01699603,395.1503,395.1503,395.1503,0.0000,0.0000,9483.6071,0.01699603,1185.4509,1138.6651,8693.3065,8740.0923,0.01557970,0.01566354,0.00070817,22.4534,20.6030,0.4031,82.3230,2.6463,4649.9123,204.2083,25.9152,21.1137,12.8578,14.5296,26.176,48.8436,54.2173,102.8621,13.088,0.0,3.731508,7.079487,1.545355,30,207,63,6,0.32204186,0.01770420,-0.00338982,0E-8,0.000000,0.904812,0.002133,0.03111404,2026-03-21,2026-08-06,120,3733,1703,139,0.863309,1.227414,1.154177,1.073473,,,,,,,,GLOBAL_BASELINE_NO_ENTITY_RANKING,,,NOT_APPLICABLE_GLOBAL_BASELINE,HF9g-P5,,,,X 全窗基线 · 不参与实体赏罚,15052447,1506,A168_HF9F_20260827_0900,2026-08-27 09:00:00
2026-05-07,127529701,462,0,185.5119090864,-61.6210886824,-61.6210886824,0.4666667,15,15,0.50039494000000000,0.500394940000,-0.2612581633335206,-0.26125816333352064,-0.2612581633335206,0E-17,ELIGIBLE,R03b_20260811_FULL_v1,L1_ELIGIBILITY,v2026-08-11,2026-03-21..2026-08-06,baccarat_bet02_101_all_pairs_incl_sentinel,round_win = game_pnl > 0 (decisive only),COMPATIBILITY_ONLY_NOT_PRODUCTION,557989.4742,504875.3716,9878.7574,24851,24505,-0.01770420,0.00338982,-0.02772422,-0.01770420,-9878.7574,557989.4742,OK,0.0000,395.1503,4.0000,96.0000,AG03-UNRESOLVED,ALL5_LEVELS_bet23_to_bet27,395.1503,395.1503,395.1503,0.0000,0.0000,4.000000,4.000000,4.000000,0.000000,0.000000,96.000000,96.000000,96.000000,100.000000,100.000000,5.0,1185.4509,1138.6651,8693.3065,8740.0923,PENDING_AG03,FALSE,NOT_FOR_ENFORCEMENT,9483.6071,484680.3568,9878.7574,9483.6071,395.1503,0.01770420,0.01699603,395.1503,9483.6071,0.01699603,395.1503,395.1503,395.1503,0.0000,0.0000,9483.6071,0.01699603,1185.4509,1138.6651,8693.3065,8740.0923,0.01557970,0.01566354,0.00070817,22.4534,20.6030,0.4031,82.3230,2.6463,4649.9123,204.2083,25.9152,21.1137,12.8578,14.5296,26.176,48.8436,54.2173,102.8621,13.088,0.0,3.731508,7.079487,1.545355,30,207,63,6,0.32204186,0.01770420,-0.00338982,0E-8,0.000000,0.904812,0.002133,0.03111404,2026-03-21,2026-08-06,120,3733,1703,139,0.863309,1.227414,1.154177,1.073473,,,,,,,,GLOBAL_BASELINE_NO_ENTITY_RANKING,,,NOT_APPLICABLE_GLOBAL_BASELINE,HF9g-P5,,,,X 全窗基线 · 不参与实体赏罚,15052448,1506,A168_HF9F_20260827_0900,2026-08-27 09:00:00
2026-05-07,127529701,550,0,83.0263089617,-11.2863888745,-11.2863888745,0.5000000,5,5,0.49860758000000000,0.498607580000,0.005569701597489473,0.005569701597489473,0.005569701597489473,0E-17,ELIGIBLE,R03b_20260811_FULL_v1,L1_ELIGIBILITY,v2026-08-11,2026-03-21..2026-08-06,baccarat_bet02_101_all_pairs_incl_sentinel,round_win = game_pnl > 0 (decisive only),COMPATIBILITY_ONLY_NOT_PRODUCTION,557989.4742,504875.3716,9878.7574,24851,24505,-0.01770420,0.00338982,-0.02772422,-0.01770420,-9878.7574,557989.4742,OK,0.0000,395.1503,4.0000,96.0000,AG03-UNRESOLVED,ALL5_LEVELS_bet23_to_bet27,395.1503,395.1503,395.1503,0.0000,0.0000,4.000000,4.000000,4.000000,0.000000,0.000000,96.000000,96.000000,96.000000,100.000000,100.000000,5.0,1185.4509,1138.6651,8693.3065,8740.0923,PENDING_AG03,FALSE,NOT_FOR_ENFORCEMENT,9483.6071,484680.3568,9878.7574,9483.6071,395.1503,0.01770420,0.01699603,395.1503,9483.6071,0.01699603,395.1503,395.1503,395.1503,0.0000,0.0000,9483.6071,0.01699603,1185.4509,1138.6651,8693.3065,8740.0923,0.01557970,0.01566354,0.00070817,22.4534,20.6030,0.4031,82.3230,2.6463,4649.9123,204.2083,25.9152,21.1137,12.8578,14.5296,26.176,48.8436,54.2173,102.8621,13.088,0.0,3.731508,7.079487,1.545355,30,207,63,6,0.32204186,0.01770420,-0.00338982,0E-8,0.000000,0.904812,0.002133,0.03111404,2026-03-21,2026-08-06,120,3733,1703,139,0.863309,1.227414,1.154177,1.073473,,,,,,,,GLOBAL_BASELINE_NO_ENTITY_RANKING,,,NOT_APPLICABLE_GLOBAL_BASELINE,HF9g-P5,,,,X 全窗基线 · 不参与实体赏罚,15052449,1506,A168_HF9F_20260827_0900,2026-08-27 09:00:00
2026-05-08,127529701,1307,0,113.6422603913,-61.7508172903,-61.7508172903,0.1666667,6,6,0.49547970000000000,0.495479700000,-1.6109141382103604,-1.6109141382103604,-1.6109141382103604,0E-17,ELIGIBLE,R03b_20260811_FULL_v1,L1_ELIGIBILITY,v2026-08-11,2026-03-21..2026-08-06,baccarat_bet02_101_all_pairs_incl_sentinel,round_win = game_pnl > 0 (decisive only),COMPATIBILITY_ONLY_NOT_PRODUCTION,557989.4742,504875.3716,9878.7574,24851,24505,-0.01770420,0.00338982,-0.02772422,-0.01770420,-9878.7574,557989.4742,OK,0.0000,395.1503,4.0000,96.0000,AG03-UNRESOLVED,ALL5_LEVELS_bet23_to_bet27,395.1503,395.1503,395.1503,0.0000,0.0000,4.000000,4.000000,4.000000,0.000000,0.000000,96.000000,96.000000,96.000000,100.000000,100.000000,5.0,1185.4509,1138.6651,8693.3065,8740.0923,PENDING_AG03,FALSE,NOT_FOR_ENFORCEMENT,9483.6071,484680.3568,9878.7574,9483.6071,395.1503,0.01770420,0.01699603,395.1503,9483.6071,0.01699603,395.1503,395.1503,395.1503,0.0000,0.0000,9483.6071,0.01699603,1185.4509,1138.6651,8693.3065,8740.0923,0.01557970,0.01566354,0.00070817,22.4534,20.6030,0.4031,82.3230,2.6463,4649.9123,204.2083,25.9152,21.1137,12.8578,14.5296,26.176,48.8436,54.2173,102.8621,13.088,0.0,3.731508,7.079487,1.545355,30,207,63,6,0.32204186,0.01770420,-0.00338982,0E-8,0.000000,0.904812,0.002133,0.03111404,2026-03-21,2026-08-06,120,3733,1703,139,0.863309,1.227414,1.154177,1.073473,,,,,,,,GLOBAL_BASELINE_NO_ENTITY_RANKING,,,NOT_APPLICABLE_GLOBAL_BASELINE,HF9g-P5,,,,X 全窗基线 · 不参与实体赏罚,15052450,1506,A168_HF9F_20260827_0900,2026-08-27 09:00:00
2026-05-08,127529701,1374,0,277.6192205906,-64.8383581548,-64.8383581548,0.2941176,20,20,0.50262914000000000,0.502629140000,-1.7194535902911003,-1.7194535902911003,-1.7194535902911003,0E-17,ELIGIBLE,R03b_20260811_FULL_v1,L1_ELIGIBILITY,v2026-08-11,2026-03-21..2026-08-06,baccarat_bet02_101_all_pairs_incl_sentinel,round_win = game_pnl > 0 (decisive only),COMPATIBILITY_ONLY_NOT_PRODUCTION,557989.4742,504875.3716,9878.7574,24851,24505,-0.01770420,0.00338982,-0.02772422,-0.01770420,-9878.7574,557989.4742,OK,0.0000,395.1503,4.0000,96.0000,AG03-UNRESOLVED,ALL5_LEVELS_bet23_to_bet27,395.1503,395.1503,395.1503,0.0000,0.0000,4.000000,4.000000,4.000000,0.000000,0.000000,96.000000,96.000000,96.000000,100.000000,100.000000,5.0,1185.4509,1138.6651,8693.3065,8740.0923,PENDING_AG03,FALSE,NOT_FOR_ENFORCEMENT,9483.6071,484680.3568,9878.7574,9483.6071,395.1503,0.01770420,0.01699603,395.1503,9483.6071,0.01699603,395.1503,395.1503,395.1503,0.0000,0.0000,9483.6071,0.01699603,1185.4509,1138.6651,8693.3065,8740.0923,0.01557970,0.01566354,0.00070817,22.4534,20.6030,0.4031,82.3230,2.6463,4649.9123,204.2083,25.9152,21.1137,12.8578,14.5296,26.176,48.8436,54.2173,102.8621,13.088,0.0,3.731508,7.079487,1.545355,30,207,63,6,0.32204186,0.01770420,-0.00338982,0E-8,0.000000,0.904812,0.002133,0.03111404,2026-03-21,2026-08-06,120,3733,1703,139,0.863309,1.227414,1.154177,1.073473,,,,,,,,GLOBAL_BASELINE_NO_ENTITY_RANKING,,,NOT_APPLICABLE_GLOBAL_BASELINE,HF9g-P5,,,,X 全窗基线 · 不参与实体赏罚,15052451,1506,A168_HF9F_20260827_0900,2026-08-27 09:00:00
2026-05-08,127529701,1384,0,386.8507083183,-15.3468942974,-15.3468942974,0.4400000,28,28,0.49899058571428571,0.498990585714,-0.5899070592769804,-0.589907059274124,-0.5899070592769804,2.8571E-13,ELIGIBLE,R03b_20260811_FULL_v1,L1_ELIGIBILITY,v2026-08-11,2026-03-21..2026-08-06,baccarat_bet02_101_all_pairs_incl_sentinel,round_win = game_pnl > 0 (decisive only),COMPATIBILITY_ONLY_NOT_PRODUCTION,557989.4742,504875.3716,9878.7574,24851,24505,-0.01770420,0.00338982,-0.02772422,-0.01770420,-9878.7574,557989.4742,OK,0.0000,395.1503,4.0000,96.0000,AG03-UNRESOLVED,ALL5_LEVELS_bet23_to_bet27,395.1503,395.1503,395.1503,0.0000,0.0000,4.000000,4.000000,4.000000,0.000000,0.000000,96.000000,96.000000,96.000000,100.000000,100.000000,5.0,1185.4509,1138.6651,8693.3065,8740.0923,PENDING_AG03,FALSE,NOT_FOR_ENFORCEMENT,9483.6071,484680.3568,9878.7574,9483.6071,395.1503,0.01770420,0.01699603,395.1503,9483.6071,0.01699603,395.1503,395.1503,395.1503,0.0000,0.0000,9483.6071,0.01699603,1185.4509,1138.6651,8693.3065,8740.0923,0.01557970,0.01566354,0.00070817,22.4534,20.6030,0.4031,82.3230,2.6463,4649.9123,204.2083,25.9152,21.1137,12.8578,14.5296,26.176,48.8436,54.2173,102.8621,13.088,0.0,3.731508,7.079487,1.545355,30,207,63,6,0.32204186,0.01770420,-0.00338982,0E-8,0.000000,0.904812,0.002133,0.03111404,2026-03-21,2026-08-06,120,3733,1703,139,0.863309,1.227414,1.154177,1.073473,,,,,,,,GLOBAL_BASELINE_NO_ENTITY_RANKING,,,NOT_APPLICABLE_GLOBAL_BASELINE,HF9g-P5,,,,X 全窗基线 · 不参与实体赏罚,15052452,1506,A168_HF9F_20260827_0900,2026-08-27 09:00:00
2026-05-08,127529701,1400,0,300.7109127705,32.8991749261,32.8991749261,0.5500000,20,20,0.50195888000000000,0.501958880000,0.429696137822921,0.429696137822921,0.429696137822921,0E-17,ELIGIBLE,R03b_20260811_FULL_v1,L1_ELIGIBILITY,v2026-08-11,2026-03-21..2026-08-06,baccarat_bet02_101_all_pairs_incl_sentinel,round_win = game_pnl > 0 (decisive only),COMPATIBILITY_ONLY_NOT_PRODUCTION,557989.4742,504875.3716,9878.7574,24851,24505,-0.01770420,0.00338982,-0.02772422,-0.01770420,-9878.7574,557989.4742,OK,0.0000,395.1503,4.0000,96.0000,AG03-UNRESOLVED,ALL5_LEVELS_bet23_to_bet27,395.1503,395.1503,395.1503,0.0000,0.0000,4.000000,4.000000,4.000000,0.000000,0.000000,96.000000,96.000000,96.000000,100.000000,100.000000,5.0,1185.4509,1138.6651,8693.3065,8740.0923,PENDING_AG03,FALSE,NOT_FOR_ENFORCEMENT,9483.6071,484680.3568,9878.7574,9483.6071,395.1503,0.01770420,0.01699603,395.1503,9483.6071,0.01699603,395.1503,395.1503,395.1503,0.0000,0.0000,9483.6071,0.01699603,1185.4509,1138.6651,8693.3065,8740.0923,0.01557970,0.01566354,0.00070817,22.4534,20.6030,0.4031,82.3230,2.6463,4649.9123,204.2083,25.9152,21.1137,12.8578,14.5296,26.176,48.8436,54.2173,102.8621,13.088,0.0,3.731508,7.079487,1.545355,30,207,63,6,0.32204186,0.01770420,-0.00338982,0E-8,0.000000,0.904812,0.002133,0.03111404,2026-03-21,2026-08-06,120,3733,1703,139,0.863309,1.227414,1.154177,1.073473,,,,,,,,GLOBAL_BASELINE_NO_ENTITY_RANKING,,,NOT_APPLICABLE_GLOBAL_BASELINE,HF9g-P5,,,,X 全窗基线 · 不参与实体赏罚,15052453,1506,A168_HF9F_20260827_0900,2026-08-27 09:00:00
2026-05-08,127529701,2174,0,370.5049037415,-38.8537180219,-38.8537180219,0.4736842,23,23,0.49674250869565217,0.496742508696,-0.20102184929163783,-0.20102184929466935,-0.20102184929163783,-3.4783E-13,ELIGIBLE,R03b_20260811_FULL_v1,L1_ELIGIBILITY,v2026-08-11,2026-03-21..2026-08-06,baccarat_bet02_101_all_pairs_incl_sentinel,round_win = game_pnl > 0 (decisive only),COMPATIBILITY_ONLY_NOT_PRODUCTION,557989.4742,504875.3716,9878.7574,24851,24505,-0.01770420,0.00338982,-0.02772422,-0.01770420,-9878.7574,557989.4742,OK,0.0000,395.1503,4.0000,96.0000,AG03-UNRESOLVED,ALL5_LEVELS_bet23_to_bet27,395.1503,395.1503,395.1503,0.0000,0.0000,4.000000,4.000000,4.000000,0.000000,0.000000,96.000000,96.000000,96.000000,100.000000,100.000000,5.0,1185.4509,1138.6651,8693.3065,8740.0923,PENDING_AG03,FALSE,NOT_FOR_ENFORCEMENT,9483.6071,484680.3568,9878.7574,9483.6071,395.1503,0.01770420,0.01699603,395.1503,9483.6071,0.01699603,395.1503,395.1503,395.1503,0.0000,0.0000,9483.6071,0.01699603,1185.4509,1138.6651,8693.3065,8740.0923,0.01557970,0.01566354,0.00070817,22.4534,20.6030,0.4031,82.3230,2.6463,4649.9123,204.2083,25.9152,21.1137,12.8578,14.5296,26.176,48.8436,54.2173,102.8621,13.088,0.0,3.731508,7.079487,1.545355,30,207,63,6,0.32204186,0.01770420,-0.00338982,0E-8,0.000000,0.904812,0.002133,0.03111404,2026-03-21,2026-08-06,120,3733,1703,139,0.863309,1.227414,1.154177,1.073473,,,,,,,,GLOBAL_BASELINE_NO_ENTITY_RANKING,,,NOT_APPLICABLE_GLOBAL_BASELINE,HF9g-P5,,,,X 全窗基线 · 不参与实体赏罚,15052454,1506,A168_HF9F_20260827_0900,2026-08-27 09:00:00
2026-05-08,127529701,2235,0,172.7985055264,-59.6751595662,-59.6751595662,0.2500000,12,12,0.49771390000000000,0.497713900000,-1.7162301811648855,-1.7162301811648855,-1.7162301811648855,0E-17,ELIGIBLE,R03b_20260811_FULL_v1,L1_ELIGIBILITY,v2026-08-11,2026-03-21..2026-08-06,baccarat_bet02_101_all_pairs_incl_sentinel,round_win = game_pnl > 0 (decisive only),COMPATIBILITY_ONLY_NOT_PRODUCTION,557989.4742,504875.3716,9878.7574,24851,24505,-0.01770420,0.00338982,-0.02772422,-0.01770420,-9878.7574,557989.4742,OK,0.0000,395.1503,4.0000,96.0000,AG03-UNRESOLVED,ALL5_LEVELS_bet23_to_bet27,395.1503,395.1503,395.1503,0.0000,0.0000,4.000000,4.000000,4.000000,0.000000,0.000000,96.000000,96.000000,96.000000,100.000000,100.000000,5.0,1185.4509,1138.6651,8693.3065,8740.0923,PENDING_AG03,FALSE,NOT_FOR_ENFORCEMENT,9483.6071,484680.3568,9878.7574,9483.6071,395.1503,0.01770420,0.01699603,395.1503,9483.6071,0.01699603,395.1503,395.1503,395.1503,0.0000,0.0000,9483.6071,0.01699603,1185.4509,1138.6651,8693.3065,8740.0923,0.01557970,0.01566354,0.00070817,22.4534,20.6030,0.4031,82.3230,2.6463,4649.9123,204.2083,25.9152,21.1137,12.8578,14.5296,26.176,48.8436,54.2173,102.8621,13.088,0.0,3.731508,7.079487,1.545355,30,207,63,6,0.32204186,0.01770420,-0.00338982,0E-8,0.000000,0.904812,0.002133,0.03111404,2026-03-21,2026-08-06,120,3733,1703,139,0.863309,1.227414,1.154177,1.073473,,,,,,,,GLOBAL_BASELINE_NO_ENTITY_RANKING,,,NOT_APPLICABLE_GLOBAL_BASELINE,HF9g-P5,,,,X 全窗基线 · 不参与实体赏罚,15052455,1506,A168_HF9F_20260827_0900,2026-08-27 09:00:00
2026-05-09,127529701,1374,0,77.5777074362,-41.3963987340,-41.3963987340,0.3750000,9,8,0.44427840625000000,0.444278406250,-0.39435435636527494,-0.394354356365275,-0.39435435636527494,0E-17,ELIGIBLE,R03b_20260811_FULL_v1,L1_ELIGIBILITY,v2026-08-11,2026-03-21..2026-08-06,baccarat_bet02_101_all_pairs_incl_sentinel,round_win = game_pnl > 0 (decisive only),COMPATIBILITY_ONLY_NOT_PRODUCTION,557989.4742,504875.3716,9878.7574,24851,24505,-0.01770420,0.00338982,-0.02772422,-0.01770420,-9878.7574,557989.4742,OK,0.0000,395.1503,4.0000,96.0000,AG03-UNRESOLVED,ALL5_LEVELS_bet23_to_bet27,395.1503,395.1503,395.1503,0.0000,0.0000,4.000000,4.000000,4.000000,0.000000,0.000000,96.000000,96.000000,96.000000,100.000000,100.000000,5.0,1185.4509,1138.6651,8693.3065,8740.0923,PENDING_AG03,FALSE,NOT_FOR_ENFORCEMENT,9483.6071,484680.3568,9878.7574,9483.6071,395.1503,0.01770420,0.01699603,395.1503,9483.6071,0.01699603,395.1503,395.1503,395.1503,0.0000,0.0000,9483.6071,0.01699603,1185.4509,1138.6651,8693.3065,8740.0923,0.01557970,0.01566354,0.00070817,22.4534,20.6030,0.4031,82.3230,2.6463,4649.9123,204.2083,25.9152,21.1137,12.8578,14.5296,26.176,48.8436,54.2173,102.8621,13.088,0.0,3.731508,7.079487,1.545355,30,207,63,6,0.32204186,0.01770420,-0.00338982,0E-8,0.000000,0.904812,0.002133,0.03111404,2026-03-21,2026-08-06,120,3733,1703,139,0.863309,1.227414,1.154177,1.073473,,,,,,,,GLOBAL_BASELINE_NO_ENTITY_RANKING,,,NOT_APPLICABLE_GLOBAL_BASELINE,HF9g-P5,,,,X 全窗基线 · 不参与实体赏罚,15052456,1506,A168_HF9F_20260827_0900,2026-08-27 09:00:00
2026-05-09,127529701,2169,0,5.4486015256,-5.4486015256,-5.4486015256,0E-7,1,1,0.49324550000000000,0.493245500000,-0.9865810262130424,-0.9865810262130424,-0.9865810262130424,0E-17,ELIGIBLE,R03b_20260811_FULL_v1,L1_ELIGIBILITY,v2026-08-11,2026-03-21..2026-08-06,baccarat_bet02_101_all_pairs_incl_sentinel,round_win = game_pnl > 0 (decisive only),COMPATIBILITY_ONLY_NOT_PRODUCTION,557989.4742,504875.3716,9878.7574,24851,24505,-0.01770420,0.00338982,-0.02772422,-0.01770420,-9878.7574,557989.4742,OK,0.0000,395.1503,4.0000,96.0000,AG03-UNRESOLVED,ALL5_LEVELS_bet23_to_bet27,395.1503,395.1503,395.1503,0.0000,0.0000,4.000000,4.000000,4.000000,0.000000,0.000000,96.000000,96.000000,96.000000,100.000000,100.000000,5.0,1185.4509,1138.6651,8693.3065,8740.0923,PENDING_AG03,FALSE,NOT_FOR_ENFORCEMENT,9483.6071,484680.3568,9878.7574,9483.6071,395.1503,0.01770420,0.01699603,395.1503,9483.6071,0.01699603,395.1503,395.1503,395.1503,0.0000,0.0000,9483.6071,0.01699603,1185.4509,1138.6651,8693.3065,8740.0923,0.01557970,0.01566354,0.00070817,22.4534,20.6030,0.4031,82.3230,2.6463,4649.9123,204.2083,25.9152,21.1137,12.8578,14.5296,26.176,48.8436,54.2173,102.8621,13.088,0.0,3.731508,7.079487,1.545355,30,207,63,6,0.32204186,0.01770420,-0.00338982,0E-8,0.000000,0.904812,0.002133,0.03111404,2026-03-21,2026-08-06,120,3733,1703,139,0.863309,1.227414,1.154177,1.073473,,,,,,,,GLOBAL_BASELINE_NO_ENTITY_RANKING,,,NOT_APPLICABLE_GLOBAL_BASELINE,HF9g-P5,,,,X 全窗基线 · 不参与实体赏罚,15052457,1506,A168_HF9F_20260827_0900,2026-08-27 09:00:00
2026-05-09,127529701,2235,0,90.5505682113,32.6526905713,32.6526905713,0.7000000,10,10,0.49860758000000000,0.498607580000,1.2737224404674345,1.2737224404674345,1.2737224404674345,0E-17,ELIGIBLE,R03b_20260811_FULL_v1,L1_ELIGIBILITY,v2026-08-11,2026-03-21..2026-08-06,baccarat_bet02_101_all_pairs_incl_sentinel,round_win = game_pnl > 0 (decisive only),COMPATIBILITY_ONLY_NOT_PRODUCTION,557989.4742,504875.3716,9878.7574,24851,24505,-0.01770420,0.00338982,-0.02772422,-0.01770420,-9878.7574,557989.4742,OK,0.0000,395.1503,4.0000,96.0000,AG03-UNRESOLVED,ALL5_LEVELS_bet23_to_bet27,395.1503,395.1503,395.1503,0.0000,0.0000,4.000000,4.000000,4.000000,0.000000,0.000000,96.000000,96.000000,96.000000,100.000000,100.000000,5.0,1185.4509,1138.6651,8693.3065,8740.0923,PENDING_AG03,FALSE,NOT_FOR_ENFORCEMENT,9483.6071,484680.3568,9878.7574,9483.6071,395.1503,0.01770420,0.01699603,395.1503,9483.6071,0.01699603,395.1503,395.1503,395.1503,0.0000,0.0000,9483.6071,0.01699603,1185.4509,1138.6651,8693.3065,8740.0923,0.01557970,0.01566354,0.00070817,22.4534,20.6030,0.4031,82.3230,2.6463,4649.9123,204.2083,25.9152,21.1137,12.8578,14.5296,26.176,48.8436,54.2173,102.8621,13.088,0.0,3.731508,7.079487,1.545355,30,207,63,6,0.32204186,0.01770420,-0.00338982,0E-8,0.000000,0.904812,0.002133,0.03111404,2026-03-21,2026-08-06,120,3733,1703,139,0.863309,1.227414,1.154177,1.073473,,,,,,,,GLOBAL_BASELINE_NO_ENTITY_RANKING,,,NOT_APPLICABLE_GLOBAL_BASELINE,HF9g-P5,,,,X 全窗基线 · 不参与实体赏罚,15052458,1506,A168_HF9F_20260827_0900,2026-08-27 09:00:00
2026-05-10,127529701,1330,0,25.9457215505,-25.9457215505,-25.9457215505,0E-7,1,1,0.49324550000000000,0.493245500000,-0.9865810262130424,-0.9865810262130424,-0.9865810262130424,0E-17,ELIGIBLE,R03b_20260811_FULL_v1,L1_ELIGIBILITY,v2026-08-11,2026-03-21..2026-08-06,baccarat_bet02_101_all_pairs_incl_sentinel,round_win = game_pnl > 0 (decisive only),COMPATIBILITY_ONLY_NOT_PRODUCTION,557989.4742,504875.3716,9878.7574,24851,24505,-0.01770420,0.00338982,-0.02772422,-0.01770420,-9878.7574,557989.4742,OK,0.0000,395.1503,4.0000,96.0000,AG03-UNRESOLVED,ALL5_LEVELS_bet23_to_bet27,395.1503,395.1503,395.1503,0.0000,0.0000,4.000000,4.000000,4.000000,0.000000,0.000000,96.000000,96.000000,96.000000,100.000000,100.000000,5.0,1185.4509,1138.6651,8693.3065,8740.0923,PENDING_AG03,FALSE,NOT_FOR_ENFORCEMENT,9483.6071,484680.3568,9878.7574,9483.6071,395.1503,0.01770420,0.01699603,395.1503,9483.6071,0.01699603,395.1503,395.1503,395.1503,0.0000,0.0000,9483.6071,0.01699603,1185.4509,1138.6651,8693.3065,8740.0923,0.01557970,0.01566354,0.00070817,22.4534,20.6030,0.4031,82.3230,2.6463,4649.9123,204.2083,25.9152,21.1137,12.8578,14.5296,26.176,48.8436,54.2173,102.8621,13.088,0.0,3.731508,7.079487,1.545355,30,207,63,6,0.32204186,0.01770420,-0.00338982,0E-8,0.000000,0.904812,0.002133,0.03111404,2026-03-21,2026-08-06,120,3733,1703,139,0.863309,1.227414,1.154177,1.073473,,,,,,,,GLOBAL_BASELINE_NO_ENTITY_RANKING,,,NOT_APPLICABLE_GLOBAL_BASELINE,HF9g-P5,,,,X 全窗基线 · 不参与实体赏罚,15052459,1506,A168_HF9F_20260827_0900,2026-08-27 09:00:00
2026-05-10,127529701,1646,0,38.9185823259,12.3242177365,12.3242177365,0.6666667,3,3,0.50218230000000000,0.502182300000,0.5697959874915163,0.5697959874915164,0.5697959874915163,0E-17,ELIGIBLE,R03b_20260811_FULL_v1,L1_ELIGIBILITY,v2026-08-11,2026-03-21..2026-08-06,baccarat_bet02_101_all_pairs_incl_sentinel,round_win = game_pnl > 0 (decisive only),COMPATIBILITY_ONLY_NOT_PRODUCTION,557989.4742,504875.3716,9878.7574,24851,24505,-0.01770420,0.00338982,-0.02772422,-0.01770420,-9878.7574,557989.4742,OK,0.0000,395.1503,4.0000,96.0000,AG03-UNRESOLVED,ALL5_LEVELS_bet23_to_bet27,395.1503,395.1503,395.1503,0.0000,0.0000,4.000000,4.000000,4.000000,0.000000,0.000000,96.000000,96.000000,96.000000,100.000000,100.000000,5.0,1185.4509,1138.6651,8693.3065,8740.0923,PENDING_AG03,FALSE,NOT_FOR_ENFORCEMENT,9483.6071,484680.3568,9878.7574,9483.6071,395.1503,0.01770420,0.01699603,395.1503,9483.6071,0.01699603,395.1503,395.1503,395.1503,0.0000,0.0000,9483.6071,0.01699603,1185.4509,1138.6651,8693.3065,8740.0923,0.01557970,0.01566354,0.00070817,22.4534,20.6030,0.4031,82.3230,2.6463,4649.9123,204.2083,25.9152,21.1137,12.8578,14.5296,26.176,48.8436,54.2173,102.8621,13.088,0.0,3.731508,7.079487,1.545355,30,207,63,6,0.32204186,0.01770420,-0.00338982,0E-8,0.000000,0.904812,0.002133,0.03111404,2026-03-21,2026-08-06,120,3733,1703,139,0.863309,1.227414,1.154177,1.073473,,,,,,,,GLOBAL_BASELINE_NO_ENTITY_RANKING,,,NOT_APPLICABLE_GLOBAL_BASELINE,HF9g-P5,,,,X 全窗基线 · 不参与实体赏罚,15052460,1506,A168_HF9F_20260827_0900,2026-08-27 09:00:00
2026-05-10,127529701,1942,0,40.2158684033,24.6484354730,24.6484354730,1.0000000,2,2,0.49994810000000000,0.499948100000,1.0001038053877793,1.0001038053877793,1.0001038053877793,0E-17,ELIGIBLE,R03b_20260811_FULL_v1,L1_ELIGIBILITY,v2026-08-11,2026-03-21..2026-08-06,baccarat_bet02_101_all_pairs_incl_sentinel,round_win = game_pnl > 0 (decisive only),COMPATIBILITY_ONLY_NOT_PRODUCTION,557989.4742,504875.3716,9878.7574,24851,24505,-0.01770420,0.00338982,-0.02772422,-0.01770420,-9878.7574,557989.4742,OK,0.0000,395.1503,4.0000,96.0000,AG03-UNRESOLVED,ALL5_LEVELS_bet23_to_bet27,395.1503,395.1503,395.1503,0.0000,0.0000,4.000000,4.000000,4.000000,0.000000,0.000000,96.000000,96.000000,96.000000,100.000000,100.000000,5.0,1185.4509,1138.6651,8693.3065,8740.0923,PENDING_AG03,FALSE,NOT_FOR_ENFORCEMENT,9483.6071,484680.3568,9878.7574,9483.6071,395.1503,0.01770420,0.01699603,395.1503,9483.6071,0.01699603,395.1503,395.1503,395.1503,0.0000,0.0000,9483.6071,0.01699603,1185.4509,1138.6651,8693.3065,8740.0923,0.01557970,0.01566354,0.00070817,22.4534,20.6030,0.4031,82.3230,2.6463,4649.9123,204.2083,25.9152,21.1137,12.8578,14.5296,26.176,48.8436,54.2173,102.8621,13.088,0.0,3.731508,7.079487,1.545355,30,207,63,6,0.32204186,0.01770420,-0.00338982,0E-8,0.000000,0.904812,0.002133,0.03111404,2026-03-21,2026-08-06,120,3733,1703,139,0.863309,1.227414,1.154177,1.073473,,,,,,,,GLOBAL_BASELINE_NO_ENTITY_RANKING,,,NOT_APPLICABLE_GLOBAL_BASELINE,HF9g-P5,,,,X 全窗基线 · 不参与实体赏罚,15052461,1506,A168_HF9F_20260827_0900,2026-08-27 09:00:00
2026-05-10,127529701,2088,0,110.2693165897,-73.9453064190,-73.9453064190,0.1666667,7,7,0.49516052857142857,0.495160528571,-1.6093600763544051,-1.6093600763523188,-1.6093600763544051,4.2857E-13,ELIGIBLE,R03b_20260811_FULL_v1,L1_ELIGIBILITY,v2026-08-11,2026-03-21..2026-08-06,baccarat_bet02_101_all_pairs_incl_sentinel,round_win = game_pnl > 0 (decisive only),COMPATIBILITY_ONLY_NOT_PRODUCTION,557989.4742,504875.3716,9878.7574,24851,24505,-0.01770420,0.00338982,-0.02772422,-0.01770420,-9878.7574,557989.4742,OK,0.0000,395.1503,4.0000,96.0000,AG03-UNRESOLVED,ALL5_LEVELS_bet23_to_bet27,395.1503,395.1503,395.1503,0.0000,0.0000,4.000000,4.000000,4.000000,0.000000,0.000000,96.000000,96.000000,96.000000,100.000000,100.000000,5.0,1185.4509,1138.6651,8693.3065,8740.0923,PENDING_AG03,FALSE,NOT_FOR_ENFORCEMENT,9483.6071,484680.3568,9878.7574,9483.6071,395.1503,0.01770420,0.01699603,395.1503,9483.6071,0.01699603,395.1503,395.1503,395.1503,0.0000,0.0000,9483.6071,0.01699603,1185.4509,1138.6651,8693.3065,8740.0923,0.01557970,0.01566354,0.00070817,22.4534,20.6030,0.4031,82.3230,2.6463,4649.9123,204.2083,25.9152,21.1137,12.8578,14.5296,26.176,48.8436,54.2173,102.8621,13.088,0.0,3.731508,7.079487,1.545355,30,207,63,6,0.32204186,0.01770420,-0.00338982,0E-8,0.000000,0.904812,0.002133,0.03111404,2026-03-21,2026-08-06,120,3733,1703,139,0.863309,1.227414,1.154177,1.073473,,,,,,,,GLOBAL_BASELINE_NO_ENTITY_RANKING,,,NOT_APPLICABLE_GLOBAL_BASELINE,HF9g-P5,,,,X 全窗基线 · 不参与实体赏罚,15052462,1506,A168_HF9F_20260827_0900,2026-08-27 09:00:00
2026-05-10,127529701,2141,0,32.4321519381,-21.3014373929,-21.3014373929,0.2500000,4,4,0.49659680000000000,0.496596800000,-0.9864100490137353,-0.9864100490137354,-0.9864100490137353,0E-17,ELIGIBLE,R03b_20260811_FULL_v1,L1_ELIGIBILITY,v2026-08-11,2026-03-21..2026-08-06,baccarat_bet02_101_all_pairs_incl_sentinel,round_win = game_pnl > 0 (decisive only),COMPATIBILITY_ONLY_NOT_PRODUCTION,557989.4742,504875.3716,9878.7574,24851,24505,-0.01770420,0.00338982,-0.02772422,-0.01770420,-9878.7574,557989.4742,OK,0.0000,395.1503,4.0000,96.0000,AG03-UNRESOLVED,ALL5_LEVELS_bet23_to_bet27,395.1503,395.1503,395.1503,0.0000,0.0000,4.000000,4.000000,4.000000,0.000000,0.000000,96.000000,96.000000,96.000000,100.000000,100.000000,5.0,1185.4509,1138.6651,8693.3065,8740.0923,PENDING_AG03,FALSE,NOT_FOR_ENFORCEMENT,9483.6071,484680.3568,9878.7574,9483.6071,395.1503,0.01770420,0.01699603,395.1503,9483.6071,0.01699603,395.1503,395.1503,395.1503,0.0000,0.0000,9483.6071,0.01699603,1185.4509,1138.6651,8693.3065,8740.0923,0.01557970,0.01566354,0.00070817,22.4534,20.6030,0.4031,82.3230,2.6463,4649.9123,204.2083,25.9152,21.1137,12.8578,14.5296,26.176,48.8436,54.2173,102.8621,13.088,0.0,3.731508,7.079487,1.545355,30,207,63,6,0.32204186,0.01770420,-0.00338982,0E-8,0.000000,0.904812,0.002133,0.03111404,2026-03-21,2026-08-06,120,3733,1703,139,0.863309,1.227414,1.154177,1.073473,,,,,,,,GLOBAL_BASELINE_NO_ENTITY_RANKING,,,NOT_APPLICABLE_GLOBAL_BASELINE,HF9g-P5,,,,X 全窗基线 · 不参与实体赏罚,15052463,1506,A168_HF9F_20260827_0900,2026-08-27 09:00:00
2026-05-10,127529701,2171,0,50.8536142390,-37.8807534637,-37.8807534637,0E-7,3,3,0.49771390000000000,0.497713900000,-1.4077622098436522,-1.4077622098436524,-1.4077622098436522,0E-17,ELIGIBLE,R03b_20260811_FULL_v1,L1_ELIGIBILITY,v2026-08-11,2026-03-21..2026-08-06,baccarat_bet02_101_all_pairs_incl_sentinel,round_win = game_pnl > 0 (decisive only),COMPATIBILITY_ONLY_NOT_PRODUCTION,557989.4742,504875.3716,9878.7574,24851,24505,-0.01770420,0.00338982,-0.02772422,-0.01770420,-9878.7574,557989.4742,OK,0.0000,395.1503,4.0000,96.0000,AG03-UNRESOLVED,ALL5_LEVELS_bet23_to_bet27,395.1503,395.1503,395.1503,0.0000,0.0000,4.000000,4.000000,4.000000,0.000000,0.000000,96.000000,96.000000,96.000000,100.000000,100.000000,5.0,1185.4509,1138.6651,8693.3065,8740.0923,PENDING_AG03,FALSE,NOT_FOR_ENFORCEMENT,9483.6071,484680.3568,9878.7574,9483.6071,395.1503,0.01770420,0.01699603,395.1503,9483.6071,0.01699603,395.1503,395.1503,395.1503,0.0000,0.0000,9483.6071,0.01699603,1185.4509,1138.6651,8693.3065,8740.0923,0.01557970,0.01566354,0.00070817,22.4534,20.6030,0.4031,82.3230,2.6463,4649.9123,204.2083,25.9152,21.1137,12.8578,14.5296,26.176,48.8436,54.2173,102.8621,13.088,0.0,3.731508,7.079487,1.545355,30,207,63,6,0.32204186,0.01770420,-0.00338982,0E-8,0.000000,0.904812,0.002133,0.03111404,2026-03-21,2026-08-06,120,3733,1703,139,0.863309,1.227414,1.154177,1.073473,,,,,,,,GLOBAL_BASELINE_NO_ENTITY_RANKING,,,NOT_APPLICABLE_GLOBAL_BASELINE,HF9g-P5,,,,X 全窗基线 · 不参与实体赏罚,15052464,1506,A168_HF9F_20260827_0900,2026-08-27 09:00:00
2026-05-10,127529701,583,0,84.3235950393,-45.4050127135,-45.4050127135,0.4000000,5,5,0.49860758000000000,0.498607580000,-0.440988213962219,-0.440988213962219,-0.440988213962219,0E-17,ELIGIBLE,R03b_20260811_FULL_v1,L1_ELIGIBILITY,v2026-08-11,2026-03-21..2026-08-06,baccarat_bet02_101_all_pairs_incl_sentinel,round_win = game_pnl > 0 (decisive only),COMPATIBILITY_ONLY_NOT_PRODUCTION,557989.4742,504875.3716,9878.7574,24851,24505,-0.01770420,0.00338982,-0.02772422,-0.01770420,-9878.7574,557989.4742,OK,0.0000,395.1503,4.0000,96.0000,AG03-UNRESOLVED,ALL5_LEVELS_bet23_to_bet27,395.1503,395.1503,395.1503,0.0000,0.0000,4.000000,4.000000,4.000000,0.000000,0.000000,96.000000,96.000000,96.000000,100.000000,100.000000,5.0,1185.4509,1138.6651,8693.3065,8740.0923,PENDING_AG03,FALSE,NOT_FOR_ENFORCEMENT,9483.6071,484680.3568,9878.7574,9483.6071,395.1503,0.01770420,0.01699603,395.1503,9483.6071,0.01699603,395.1503,395.1503,395.1503,0.0000,0.0000,9483.6071,0.01699603,1185.4509,1138.6651,8693.3065,8740.0923,0.01557970,0.01566354,0.00070817,22.4534,20.6030,0.4031,82.3230,2.6463,4649.9123,204.2083,25.9152,21.1137,12.8578,14.5296,26.176,48.8436,54.2173,102.8621,13.088,0.0,3.731508,7.079487,1.545355,30,207,63,6,0.32204186,0.01770420,-0.00338982,0E-8,0.000000,0.904812,0.002133,0.03111404,2026-03-21,2026-08-06,120,3733,1703,139,0.863309,1.227414,1.154177,1.073473,,,,,,,,GLOBAL_BASELINE_NO_ENTITY_RANKING,,,NOT_APPLICABLE_GLOBAL_BASELINE,HF9g-P5,,,,X 全窗基线 · 不参与实体赏罚,15052465,1506,A168_HF9F_20260827_0900,2026-08-27 09:00:00
2026-05-11,127529701,-1,1,201.0793420165,-25.8159929428,-25.8159929428,0.4444444,12,12,0.49994810000000000,0.499948100000,-0.33302193512739575,-0.33302193512739575,-0.33302193512739575,0E-17,SENTINEL_DEALER,R03b_20260811_FULL_v1,L1_ELIGIBILITY,v2026-08-11,2026-03-21..2026-08-06,baccarat_bet02_101_all_pairs_incl_sentinel,round_win = game_pnl > 0 (decisive only),COMPATIBILITY_ONLY_NOT_PRODUCTION,557989.4742,504875.3716,9878.7574,24851,24505,-0.01770420,0.00338982,-0.02772422,-0.01770420,-9878.7574,557989.4742,OK,0.0000,395.1503,4.0000,96.0000,AG03-UNRESOLVED,ALL5_LEVELS_bet23_to_bet27,395.1503,395.1503,395.1503,0.0000,0.0000,4.000000,4.000000,4.000000,0.000000,0.000000,96.000000,96.000000,96.000000,100.000000,100.000000,5.0,1185.4509,1138.6651,8693.3065,8740.0923,PENDING_AG03,FALSE,NOT_FOR_ENFORCEMENT,9483.6071,484680.3568,9878.7574,9483.6071,395.1503,0.01770420,0.01699603,395.1503,9483.6071,0.01699603,395.1503,395.1503,395.1503,0.0000,0.0000,9483.6071,0.01699603,1185.4509,1138.6651,8693.3065,8740.0923,0.01557970,0.01566354,0.00070817,22.4534,20.6030,0.4031,82.3230,2.6463,4649.9123,204.2083,25.9152,21.1137,12.8578,14.5296,26.176,48.8436,54.2173,102.8621,13.088,0.0,3.731508,7.079487,1.545355,30,207,63,6,0.32204186,0.01770420,-0.00338982,0E-8,0.000000,0.904812,0.002133,0.03111404,2026-03-21,2026-08-06,120,3733,1703,139,0.863309,1.227414,1.154177,1.073473,,,,,,,,GLOBAL_BASELINE_NO_ENTITY_RANKING,,,NOT_APPLICABLE_GLOBAL_BASELINE,HF9g-P5,,,,X 全窗基线 · 不参与实体赏罚,15052466,1506,A168_HF9F_20260827_0900,2026-08-27 09:00:00
2026-05-11,127529701,1157,0,385.0345078098,22.7025063567,22.7025063567,0.5517241,33,33,0.50096364545454545,0.500963645455,0.5467082507156507,0.546708250710756,0.5467082507156507,-4.5455E-13,ELIGIBLE,R03b_20260811_FULL_v1,L1_ELIGIBILITY,v2026-08-11,2026-03-21..2026-08-06,baccarat_bet02_101_all_pairs_incl_sentinel,round_win = game_pnl > 0 (decisive only),COMPATIBILITY_ONLY_NOT_PRODUCTION,557989.4742,504875.3716,9878.7574,24851,24505,-0.01770420,0.00338982,-0.02772422,-0.01770420,-9878.7574,557989.4742,OK,0.0000,395.1503,4.0000,96.0000,AG03-UNRESOLVED,ALL5_LEVELS_bet23_to_bet27,395.1503,395.1503,395.1503,0.0000,0.0000,4.000000,4.000000,4.000000,0.000000,0.000000,96.000000,96.000000,96.000000,100.000000,100.000000,5.0,1185.4509,1138.6651,8693.3065,8740.0923,PENDING_AG03,FALSE,NOT_FOR_ENFORCEMENT,9483.6071,484680.3568,9878.7574,9483.6071,395.1503,0.01770420,0.01699603,395.1503,9483.6071,0.01699603,395.1503,395.1503,395.1503,0.0000,0.0000,9483.6071,0.01699603,1185.4509,1138.6651,8693.3065,8740.0923,0.01557970,0.01566354,0.00070817,22.4534,20.6030,0.4031,82.3230,2.6463,4649.9123,204.2083,25.9152,21.1137,12.8578,14.5296,26.176,48.8436,54.2173,102.8621,13.088,0.0,3.731508,7.079487,1.545355,30,207,63,6,0.32204186,0.01770420,-0.00338982,0E-8,0.000000,0.904812,0.002133,0.03111404,2026-03-21,2026-08-06,120,3733,1703,139,0.863309,1.227414,1.154177,1.073473,,,,,,,,GLOBAL_BASELINE_NO_ENTITY_RANKING,,,NOT_APPLICABLE_GLOBAL_BASELINE,HF9g-P5,,,,X 全窗基线 · 不参与实体赏罚,15052467,1506,A168_HF9F_20260827_0900,2026-08-27 09:00:00
2026-05-11,127529701,1306,0,50.0752425925,-29.8375797831,-29.8375797831,0.2500000,5,4,0.48269700499968238,0.451793412500,-0.9313458651138649,-0.8109515500592663,-0.9313458651138649,0.03090359249968238,ELIGIBLE,R03b_20260811_FULL_v1,L1_ELIGIBILITY,v2026-08-11,2026-03-21..2026-08-06,baccarat_bet02_101_all_pairs_incl_sentinel,round_win = game_pnl > 0 (decisive only),COMPATIBILITY_ONLY_NOT_PRODUCTION,557989.4742,504875.3716,9878.7574,24851,24505,-0.01770420,0.00338982,-0.02772422,-0.01770420,-9878.7574,557989.4742,OK,0.0000,395.1503,4.0000,96.0000,AG03-UNRESOLVED,ALL5_LEVELS_bet23_to_bet27,395.1503,395.1503,395.1503,0.0000,0.0000,4.000000,4.000000,4.000000,0.000000,0.000000,96.000000,96.000000,96.000000,100.000000,100.000000,5.0,1185.4509,1138.6651,8693.3065,8740.0923,PENDING_AG03,FALSE,NOT_FOR_ENFORCEMENT,9483.6071,484680.3568,9878.7574,9483.6071,395.1503,0.01770420,0.01699603,395.1503,9483.6071,0.01699603,395.1503,395.1503,395.1503,0.0000,0.0000,9483.6071,0.01699603,1185.4509,1138.6651,8693.3065,8740.0923,0.01557970,0.01566354,0.00070817,22.4534,20.6030,0.4031,82.3230,2.6463,4649.9123,204.2083,25.9152,21.1137,12.8578,14.5296,26.176,48.8436,54.2173,102.8621,13.088,0.0,3.731508,7.079487,1.545355,30,207,63,6,0.32204186,0.01770420,-0.00338982,0E-8,0.000000,0.904812,0.002133,0.03111404,2026-03-21,2026-08-06,120,3733,1703,139,0.863309,1.227414,1.154177,1.073473,,,,,,,,GLOBAL_BASELINE_NO_ENTITY_RANKING,,,NOT_APPLICABLE_GLOBAL_BASELINE,HF9g-P5,,,,X 全窗基线 · 不参与实体赏罚,15052468,1506,A168_HF9F_20260827_0900,2026-08-27 09:00:00
2026-05-11,127529701,1331,0,141.4041824504,-43.4331378756,-43.4331378756,0.3333333,10,10,0.50262914000000000,0.502629140000,-1.015788883128781,-1.015788883128781,-1.015788883128781,0E-17,ELIGIBLE,R03b_20260811_FULL_v1,L1_ELIGIBILITY,v2026-08-11,2026-03-21..2026-08-06,baccarat_bet02_101_all_pairs_incl_sentinel,round_win = game_pnl > 0 (decisive only),COMPATIBILITY_ONLY_NOT_PRODUCTION,557989.4742,504875.3716,9878.7574,24851,24505,-0.01770420,0.00338982,-0.02772422,-0.01770420,-9878.7574,557989.4742,OK,0.0000,395.1503,4.0000,96.0000,AG03-UNRESOLVED,ALL5_LEVELS_bet23_to_bet27,395.1503,395.1503,395.1503,0.0000,0.0000,4.000000,4.000000,4.000000,0.000000,0.000000,96.000000,96.000000,96.000000,100.000000,100.000000,5.0,1185.4509,1138.6651,8693.3065,8740.0923,PENDING_AG03,FALSE,NOT_FOR_ENFORCEMENT,9483.6071,484680.3568,9878.7574,9483.6071,395.1503,0.01770420,0.01699603,395.1503,9483.6071,0.01699603,395.1503,395.1503,395.1503,0.0000,0.0000,9483.6071,0.01699603,1185.4509,1138.6651,8693.3065,8740.0923,0.01557970,0.01566354,0.00070817,22.4534,20.6030,0.4031,82.3230,2.6463,4649.9123,204.2083,25.9152,21.1137,12.8578,14.5296,26.176,48.8436,54.2173,102.8621,13.088,0.0,3.731508,7.079487,1.545355,30,207,63,6,0.32204186,0.01770420,-0.00338982,0E-8,0.000000,0.904812,0.002133,0.03111404,2026-03-21,2026-08-06,120,3733,1703,139,0.863309,1.227414,1.154177,1.073473,,,,,,,,GLOBAL_BASELINE_NO_ENTITY_RANKING,,,NOT_APPLICABLE_GLOBAL_BASELINE,HF9g-P5,,,,X 全窗基线 · 不参与实体赏罚,15052469,1506,A168_HF9F_20260827_0900,2026-08-27 09:00:00
2026-05-11,127529701,1384,0,53.1887291786,-7.1999377303,-7.1999377303,0.2500000,5,5,0.50128862000000000,0.501288620000,-1.0051578182180947,-1.0051578182180947,-1.0051578182180947,0E-17,ELIGIBLE,R03b_20260811_FULL_v1,L1_ELIGIBILITY,v2026-08-11,2026-03-21..2026-08-06,baccarat_bet02_101_all_pairs_incl_sentinel,round_win = game_pnl > 0 (decisive only),COMPATIBILITY_ONLY_NOT_PRODUCTION,557989.4742,504875.3716,9878.7574,24851,24505,-0.01770420,0.00338982,-0.02772422,-0.01770420,-9878.7574,557989.4742,OK,0.0000,395.1503,4.0000,96.0000,AG03-UNRESOLVED,ALL5_LEVELS_bet23_to_bet27,395.1503,395.1503,395.1503,0.0000,0.0000,4.000000,4.000000,4.000000,0.000000,0.000000,96.000000,96.000000,96.000000,100.000000,100.000000,5.0,1185.4509,1138.6651,8693.3065,8740.0923,PENDING_AG03,FALSE,NOT_FOR_ENFORCEMENT,9483.6071,484680.3568,9878.7574,9483.6071,395.1503,0.01770420,0.01699603,395.1503,9483.6071,0.01699603,395.1503,395.1503,395.1503,0.0000,0.0000,9483.6071,0.01699603,1185.4509,1138.6651,8693.3065,8740.0923,0.01557970,0.01566354,0.00070817,22.4534,20.6030,0.4031,82.3230,2.6463,4649.9123,204.2083,25.9152,21.1137,12.8578,14.5296,26.176,48.8436,54.2173,102.8621,13.088,0.0,3.731508,7.079487,1.545355,30,207,63,6,0.32204186,0.01770420,-0.00338982,0E-8,0.000000,0.904812,0.002133,0.03111404,2026-03-21,2026-08-06,120,3733,1703,139,0.863309,1.227414,1.154177,1.073473,,,,,,,,GLOBAL_BASELINE_NO_ENTITY_RANKING,,,NOT_APPLICABLE_GLOBAL_BASELINE,HF9g-P5,,,,X 全窗基线 · 不参与实体赏罚,15052470,1506,A168_HF9F_20260827_0900,2026-08-27 09:00:00
2026-05-11,127529701,1505,0,107.4152872191,-23.8441181050,-23.8441181050,0.4285714,10,10,0.49994810000000000,0.499948100000,-0.377689846057837,-0.377689846057837,-0.377689846057837,0E-17,ELIGIBLE,R03b_20260811_FULL_v1,L1_ELIGIBILITY,v2026-08-11,2026-03-21..2026-08-06,baccarat_bet02_101_all_pairs_incl_sentinel,round_win = game_pnl > 0 (decisive only),COMPATIBILITY_ONLY_NOT_PRODUCTION,557989.4742,504875.3716,9878.7574,24851,24505,-0.01770420,0.00338982,-0.02772422,-0.01770420,-9878.7574,557989.4742,OK,0.0000,395.1503,4.0000,96.0000,AG03-UNRESOLVED,ALL5_LEVELS_bet23_to_bet27,395.1503,395.1503,395.1503,0.0000,0.0000,4.000000,4.000000,4.000000,0.000000,0.000000,96.000000,96.000000,96.000000,100.000000,100.000000,5.0,1185.4509,1138.6651,8693.3065,8740.0923,PENDING_AG03,FALSE,NOT_FOR_ENFORCEMENT,9483.6071,484680.3568,9878.7574,9483.6071,395.1503,0.01770420,0.01699603,395.1503,9483.6071,0.01699603,395.1503,395.1503,395.1503,0.0000,0.0000,9483.6071,0.01699603,1185.4509,1138.6651,8693.3065,8740.0923,0.01557970,0.01566354,0.00070817,22.4534,20.6030,0.4031,82.3230,2.6463,4649.9123,204.2083,25.9152,21.1137,12.8578,14.5296,26.176,48.8436,54.2173,102.8621,13.088,0.0,3.731508,7.079487,1.545355,30,207,63,6,0.32204186,0.01770420,-0.00338982,0E-8,0.000000,0.904812,0.002133,0.03111404,2026-03-21,2026-08-06,120,3733,1703,139,0.863309,1.227414,1.154177,1.073473,,,,,,,,GLOBAL_BASELINE_NO_ENTITY_RANKING,,,NOT_APPLICABLE_GLOBAL_BASELINE,HF9g-P5,,,,X 全窗基线 · 不参与实体赏罚,15052471,1506,A168_HF9F_20260827_0900,2026-08-27 09:00:00
2026-05-11,127529701,1750,0,101.9666856937,-8.4323595039,-8.4323595039,0.5000000,6,6,0.50441650000000000,0.504416500000,-0.01766668920767576,-0.017666689207675765,-0.01766668920767576,0E-17,ELIGIBLE,R03b_20260811_FULL_v1,L1_ELIGIBILITY,v2026-08-11,2026-03-21..2026-08-06,baccarat_bet02_101_all_pairs_incl_sentinel,round_win = game_pnl > 0 (decisive only),COMPATIBILITY_ONLY_NOT_PRODUCTION,557989.4742,504875.3716,9878.7574,24851,24505,-0.01770420,0.00338982,-0.02772422,-0.01770420,-9878.7574,557989.4742,OK,0.0000,395.1503,4.0000,96.0000,AG03-UNRESOLVED,ALL5_LEVELS_bet23_to_bet27,395.1503,395.1503,395.1503,0.0000,0.0000,4.000000,4.000000,4.000000,0.000000,0.000000,96.000000,96.000000,96.000000,100.000000,100.000000,5.0,1185.4509,1138.6651,8693.3065,8740.0923,PENDING_AG03,FALSE,NOT_FOR_ENFORCEMENT,9483.6071,484680.3568,9878.7574,9483.6071,395.1503,0.01770420,0.01699603,395.1503,9483.6071,0.01699603,395.1503,395.1503,395.1503,0.0000,0.0000,9483.6071,0.01699603,1185.4509,1138.6651,8693.3065,8740.0923,0.01557970,0.01566354,0.00070817,22.4534,20.6030,0.4031,82.3230,2.6463,4649.9123,204.2083,25.9152,21.1137,12.8578,14.5296,26.176,48.8436,54.2173,102.8621,13.088,0.0,3.731508,7.079487,1.545355,30,207,63,6,0.32204186,0.01770420,-0.00338982,0E-8,0.000000,0.904812,0.002133,0.03111404,2026-03-21,2026-08-06,120,3733,1703,139,0.863309,1.227414,1.154177,1.073473,,,,,,,,GLOBAL_BASELINE_NO_ENTITY_RANKING,,,NOT_APPLICABLE_GLOBAL_BASELINE,HF9g-P5,,,,X 全窗基线 · 不参与实体赏罚,15052472,1506,A168_HF9F_20260827_0900,2026-08-27 09:00:00
2026-05-11,127529701,2115,0,19.4592911629,5.8377873489,5.8377873489,0.5000000,2,2,0.49994810000000000,0.499948100000,0.00014679536856514622,0.00014679536856514622,0.00014679536856514622,0E-17,ELIGIBLE,R03b_20260811_FULL_v1,L1_ELIGIBILITY,v2026-08-11,2026-03-21..2026-08-06,baccarat_bet02_101_all_pairs_incl_sentinel,round_win = game_pnl > 0 (decisive only),COMPATIBILITY_ONLY_NOT_PRODUCTION,557989.4742,504875.3716,9878.7574,24851,24505,-0.01770420,0.00338982,-0.02772422,-0.01770420,-9878.7574,557989.4742,OK,0.0000,395.1503,4.0000,96.0000,AG03-UNRESOLVED,ALL5_LEVELS_bet23_to_bet27,395.1503,395.1503,395.1503,0.0000,0.0000,4.000000,4.000000,4.000000,0.000000,0.000000,96.000000,96.000000,96.000000,100.000000,100.000000,5.0,1185.4509,1138.6651,8693.3065,8740.0923,PENDING_AG03,FALSE,NOT_FOR_ENFORCEMENT,9483.6071,484680.3568,9878.7574,9483.6071,395.1503,0.01770420,0.01699603,395.1503,9483.6071,0.01699603,395.1503,395.1503,395.1503,0.0000,0.0000,9483.6071,0.01699603,1185.4509,1138.6651,8693.3065,8740.0923,0.01557970,0.01566354,0.00070817,22.4534,20.6030,0.4031,82.3230,2.6463,4649.9123,204.2083,25.9152,21.1137,12.8578,14.5296,26.176,48.8436,54.2173,102.8621,13.088,0.0,3.731508,7.079487,1.545355,30,207,63,6,0.32204186,0.01770420,-0.00338982,0E-8,0.000000,0.904812,0.002133,0.03111404,2026-03-21,2026-08-06,120,3733,1703,139,0.863309,1.227414,1.154177,1.073473,,,,,,,,GLOBAL_BASELINE_NO_ENTITY_RANKING,,,NOT_APPLICABLE_GLOBAL_BASELINE,HF9g-P5,,,,X 全窗基线 · 不参与实体赏罚,15052473,1506,A168_HF9F_20260827_0900,2026-08-27 09:00:00
2026-05-11,127529701,2121,0,308.7540864511,54.7714181933,54.7714181933,0.5789474,22,22,0.50299473636363636,0.502994736364,0.6621515723160217,0.6621515723128544,0.6621515723160217,-3.6364E-13,ELIGIBLE,R03b_20260811_FULL_v1,L1_ELIGIBILITY,v2026-08-11,2026-03-21..2026-08-06,baccarat_bet02_101_all_pairs_incl_sentinel,round_win = game_pnl > 0 (decisive only),COMPATIBILITY_ONLY_NOT_PRODUCTION,557989.4742,504875.3716,9878.7574,24851,24505,-0.01770420,0.00338982,-0.02772422,-0.01770420,-9878.7574,557989.4742,OK,0.0000,395.1503,4.0000,96.0000,AG03-UNRESOLVED,ALL5_LEVELS_bet23_to_bet27,395.1503,395.1503,395.1503,0.0000,0.0000,4.000000,4.000000,4.000000,0.000000,0.000000,96.000000,96.000000,96.000000,100.000000,100.000000,5.0,1185.4509,1138.6651,8693.3065,8740.0923,PENDING_AG03,FALSE,NOT_FOR_ENFORCEMENT,9483.6071,484680.3568,9878.7574,9483.6071,395.1503,0.01770420,0.01699603,395.1503,9483.6071,0.01699603,395.1503,395.1503,395.1503,0.0000,0.0000,9483.6071,0.01699603,1185.4509,1138.6651,8693.3065,8740.0923,0.01557970,0.01566354,0.00070817,22.4534,20.6030,0.4031,82.3230,2.6463,4649.9123,204.2083,25.9152,21.1137,12.8578,14.5296,26.176,48.8436,54.2173,102.8621,13.088,0.0,3.731508,7.079487,1.545355,30,207,63,6,0.32204186,0.01770420,-0.00338982,0E-8,0.000000,0.904812,0.002133,0.03111404,2026-03-21,2026-08-06,120,3733,1703,139,0.863309,1.227414,1.154177,1.073473,,,,,,,,GLOBAL_BASELINE_NO_ENTITY_RANKING,,,NOT_APPLICABLE_GLOBAL_BASELINE,HF9g-P5,,,,X 全窗基线 · 不参与实体赏罚,15052474,1506,A168_HF9F_20260827_0900,2026-08-27 09:00:00
2026-05-11,127529701,2177,0,302.0081988481,158.8007887501,158.8007887501,0.7500000,18,18,0.49920336666666667,0.499203366667,2.0063756132591966,2.006375613256528,2.0063756132591966,-3.3333E-13,ELIGIBLE,R03b_20260811_FULL_v1,L1_ELIGIBILITY,v2026-08-11,2026-03-21..2026-08-06,baccarat_bet02_101_all_pairs_incl_sentinel,round_win = game_pnl > 0 (decisive only),COMPATIBILITY_ONLY_NOT_PRODUCTION,557989.4742,504875.3716,9878.7574,24851,24505,-0.01770420,0.00338982,-0.02772422,-0.01770420,-9878.7574,557989.4742,OK,0.0000,395.1503,4.0000,96.0000,AG03-UNRESOLVED,ALL5_LEVELS_bet23_to_bet27,395.1503,395.1503,395.1503,0.0000,0.0000,4.000000,4.000000,4.000000,0.000000,0.000000,96.000000,96.000000,96.000000,100.000000,100.000000,5.0,1185.4509,1138.6651,8693.3065,8740.0923,PENDING_AG03,FALSE,NOT_FOR_ENFORCEMENT,9483.6071,484680.3568,9878.7574,9483.6071,395.1503,0.01770420,0.01699603,395.1503,9483.6071,0.01699603,395.1503,395.1503,395.1503,0.0000,0.0000,9483.6071,0.01699603,1185.4509,1138.6651,8693.3065,8740.0923,0.01557970,0.01566354,0.00070817,22.4534,20.6030,0.4031,82.3230,2.6463,4649.9123,204.2083,25.9152,21.1137,12.8578,14.5296,26.176,48.8436,54.2173,102.8621,13.088,0.0,3.731508,7.079487,1.545355,30,207,63,6,0.32204186,0.01770420,-0.00338982,0E-8,0.000000,0.904812,0.002133,0.03111404,2026-03-21,2026-08-06,120,3733,1703,139,0.863309,1.227414,1.154177,1.073473,,,,,,,,GLOBAL_BASELINE_NO_ENTITY_RANKING,,,NOT_APPLICABLE_GLOBAL_BASELINE,HF9g-P5,,,,X 全窗基线 · 不参与实体赏罚,15052475,1506,A168_HF9F_20260827_0900,2026-08-27 09:00:00
2026-05-11,127529701,2196,0,67.1994188158,-57.0805874111,-57.0805874111,0.3333333,3,3,0.49771390000000000,0.497713900000,-0.5694369385616226,-0.5694369385616226,-0.5694369385616226,0E-17,ELIGIBLE,R03b_20260811_FULL_v1,L1_ELIGIBILITY,v2026-08-11,2026-03-21..2026-08-06,baccarat_bet02_101_all_pairs_incl_sentinel,round_win = game_pnl > 0 (decisive only),COMPATIBILITY_ONLY_NOT_PRODUCTION,557989.4742,504875.3716,9878.7574,24851,24505,-0.01770420,0.00338982,-0.02772422,-0.01770420,-9878.7574,557989.4742,OK,0.0000,395.1503,4.0000,96.0000,AG03-UNRESOLVED,ALL5_LEVELS_bet23_to_bet27,395.1503,395.1503,395.1503,0.0000,0.0000,4.000000,4.000000,4.000000,0.000000,0.000000,96.000000,96.000000,96.000000,100.000000,100.000000,5.0,1185.4509,1138.6651,8693.3065,8740.0923,PENDING_AG03,FALSE,NOT_FOR_ENFORCEMENT,9483.6071,484680.3568,9878.7574,9483.6071,395.1503,0.01770420,0.01699603,395.1503,9483.6071,0.01699603,395.1503,395.1503,395.1503,0.0000,0.0000,9483.6071,0.01699603,1185.4509,1138.6651,8693.3065,8740.0923,0.01557970,0.01566354,0.00070817,22.4534,20.6030,0.4031,82.3230,2.6463,4649.9123,204.2083,25.9152,21.1137,12.8578,14.5296,26.176,48.8436,54.2173,102.8621,13.088,0.0,3.731508,7.079487,1.545355,30,207,63,6,0.32204186,0.01770420,-0.00338982,0E-8,0.000000,0.904812,0.002133,0.03111404,2026-03-21,2026-08-06,120,3733,1703,139,0.863309,1.227414,1.154177,1.073473,,,,,,,,GLOBAL_BASELINE_NO_ENTITY_RANKING,,,NOT_APPLICABLE_GLOBAL_BASELINE,HF9g-P5,,,,X 全窗基线 · 不参与实体赏罚,15052476,1506,A168_HF9F_20260827_0900,2026-08-27 09:00:00
2026-05-11,127529701,2223,0,57.0805874112,-11.0269316590,-11.0269316590,0.3333333,4,4,0.49659680000000000,0.496596800000,-0.5655743394288276,-0.5655743394288276,-0.5655743394288276,0E-17,ELIGIBLE,R03b_20260811_FULL_v1,L1_ELIGIBILITY,v2026-08-11,2026-03-21..2026-08-06,baccarat_bet02_101_all_pairs_incl_sentinel,round_win = game_pnl > 0 (decisive only),COMPATIBILITY_ONLY_NOT_PRODUCTION,557989.4742,504875.3716,9878.7574,24851,24505,-0.01770420,0.00338982,-0.02772422,-0.01770420,-9878.7574,557989.4742,OK,0.0000,395.1503,4.0000,96.0000,AG03-UNRESOLVED,ALL5_LEVELS_bet23_to_bet27,395.1503,395.1503,395.1503,0.0000,0.0000,4.000000,4.000000,4.000000,0.000000,0.000000,96.000000,96.000000,96.000000,100.000000,100.000000,5.0,1185.4509,1138.6651,8693.3065,8740.0923,PENDING_AG03,FALSE,NOT_FOR_ENFORCEMENT,9483.6071,484680.3568,9878.7574,9483.6071,395.1503,0.01770420,0.01699603,395.1503,9483.6071,0.01699603,395.1503,395.1503,395.1503,0.0000,0.0000,9483.6071,0.01699603,1185.4509,1138.6651,8693.3065,8740.0923,0.01557970,0.01566354,0.00070817,22.4534,20.6030,0.4031,82.3230,2.6463,4649.9123,204.2083,25.9152,21.1137,12.8578,14.5296,26.176,48.8436,54.2173,102.8621,13.088,0.0,3.731508,7.079487,1.545355,30,207,63,6,0.32204186,0.01770420,-0.00338982,0E-8,0.000000,0.904812,0.002133,0.03111404,2026-03-21,2026-08-06,120,3733,1703,139,0.863309,1.227414,1.154177,1.073473,,,,,,,,GLOBAL_BASELINE_NO_ENTITY_RANKING,,,NOT_APPLICABLE_GLOBAL_BASELINE,HF9g-P5,,,,X 全窗基线 · 不参与实体赏罚,15052477,1506,A168_HF9F_20260827_0900,2026-08-27 09:00:00
2026-05-11,127529701,2252,0,333.6619791398,9.7036998598,9.7036998598,0.4500000,22,22,0.50055742727272727,0.500557427273,-0.4521996576169931,-0.4521996576194328,-0.4521996576169931,-2.7273E-13,ELIGIBLE,R03b_20260811_FULL_v1,L1_ELIGIBILITY,v2026-08-11,2026-03-21..2026-08-06,baccarat_bet02_101_all_pairs_incl_sentinel,round_win = game_pnl > 0 (decisive only),COMPATIBILITY_ONLY_NOT_PRODUCTION,557989.4742,504875.3716,9878.7574,24851,24505,-0.01770420,0.00338982,-0.02772422,-0.01770420,-9878.7574,557989.4742,OK,0.0000,395.1503,4.0000,96.0000,AG03-UNRESOLVED,ALL5_LEVELS_bet23_to_bet27,395.1503,395.1503,395.1503,0.0000,0.0000,4.000000,4.000000,4.000000,0.000000,0.000000,96.000000,96.000000,96.000000,100.000000,100.000000,5.0,1185.4509,1138.6651,8693.3065,8740.0923,PENDING_AG03,FALSE,NOT_FOR_ENFORCEMENT,9483.6071,484680.3568,9878.7574,9483.6071,395.1503,0.01770420,0.01699603,395.1503,9483.6071,0.01699603,395.1503,395.1503,395.1503,0.0000,0.0000,9483.6071,0.01699603,1185.4509,1138.6651,8693.3065,8740.0923,0.01557970,0.01566354,0.00070817,22.4534,20.6030,0.4031,82.3230,2.6463,4649.9123,204.2083,25.9152,21.1137,12.8578,14.5296,26.176,48.8436,54.2173,102.8621,13.088,0.0,3.731508,7.079487,1.545355,30,207,63,6,0.32204186,0.01770420,-0.00338982,0E-8,0.000000,0.904812,0.002133,0.03111404,2026-03-21,2026-08-06,120,3733,1703,139,0.863309,1.227414,1.154177,1.073473,,,,,,,,GLOBAL_BASELINE_NO_ENTITY_RANKING,,,NOT_APPLICABLE_GLOBAL_BASELINE,HF9g-P5,,,,X 全窗基线 · 不参与实体赏罚,15052478,1506,A168_HF9F_20260827_0900,2026-08-27 09:00:00
2026-05-11,127529701,2267,0,231.4358362307,49.1801151990,49.1801151990,0.6428571,18,18,0.50069283333333333,0.500692833333,1.063861299076453,1.0638612990789467,1.063861299076453,3.3333E-13,ELIGIBLE,R03b_20260811_FULL_v1,L1_ELIGIBILITY,v2026-08-11,2026-03-21..2026-08-06,baccarat_bet02_101_all_pairs_incl_sentinel,round_win = game_pnl > 0 (decisive only),COMPATIBILITY_ONLY_NOT_PRODUCTION,557989.4742,504875.3716,9878.7574,24851,24505,-0.01770420,0.00338982,-0.02772422,-0.01770420,-9878.7574,557989.4742,OK,0.0000,395.1503,4.0000,96.0000,AG03-UNRESOLVED,ALL5_LEVELS_bet23_to_bet27,395.1503,395.1503,395.1503,0.0000,0.0000,4.000000,4.000000,4.000000,0.000000,0.000000,96.000000,96.000000,96.000000,100.000000,100.000000,5.0,1185.4509,1138.6651,8693.3065,8740.0923,PENDING_AG03,FALSE,NOT_FOR_ENFORCEMENT,9483.6071,484680.3568,9878.7574,9483.6071,395.1503,0.01770420,0.01699603,395.1503,9483.6071,0.01699603,395.1503,395.1503,395.1503,0.0000,0.0000,9483.6071,0.01699603,1185.4509,1138.6651,8693.3065,8740.0923,0.01557970,0.01566354,0.00070817,22.4534,20.6030,0.4031,82.3230,2.6463,4649.9123,204.2083,25.9152,21.1137,12.8578,14.5296,26.176,48.8436,54.2173,102.8621,13.088,0.0,3.731508,7.079487,1.545355,30,207,63,6,0.32204186,0.01770420,-0.00338982,0E-8,0.000000,0.904812,0.002133,0.03111404,2026-03-21,2026-08-06,120,3733,1703,139,0.863309,1.227414,1.154177,1.073473,,,,,,,,GLOBAL_BASELINE_NO_ENTITY_RANKING,,,NOT_APPLICABLE_GLOBAL_BASELINE,HF9g-P5,,,,X 全窗基线 · 不参与实体赏罚,15052479,1506,A168_HF9F_20260827_0900,2026-08-27 09:00:00
2026-05-11,127529701,583,0,114.1611748224,-51.8914431011,-51.8914431011,0.3333333,7,7,0.49899058571428571,0.498990585714,-0.8115531348621552,-0.8115531348607564,-0.8115531348621552,2.8571E-13,ELIGIBLE,R03b_20260811_FULL_v1,L1_ELIGIBILITY,v2026-08-11,2026-03-21..2026-08-06,baccarat_bet02_101_all_pairs_incl_sentinel,round_win = game_pnl > 0 (decisive only),COMPATIBILITY_ONLY_NOT_PRODUCTION,557989.4742,504875.3716,9878.7574,24851,24505,-0.01770420,0.00338982,-0.02772422,-0.01770420,-9878.7574,557989.4742,OK,0.0000,395.1503,4.0000,96.0000,AG03-UNRESOLVED,ALL5_LEVELS_bet23_to_bet27,395.1503,395.1503,395.1503,0.0000,0.0000,4.000000,4.000000,4.000000,0.000000,0.000000,96.000000,96.000000,96.000000,100.000000,100.000000,5.0,1185.4509,1138.6651,8693.3065,8740.0923,PENDING_AG03,FALSE,NOT_FOR_ENFORCEMENT,9483.6071,484680.3568,9878.7574,9483.6071,395.1503,0.01770420,0.01699603,395.1503,9483.6071,0.01699603,395.1503,395.1503,395.1503,0.0000,0.0000,9483.6071,0.01699603,1185.4509,1138.6651,8693.3065,8740.0923,0.01557970,0.01566354,0.00070817,22.4534,20.6030,0.4031,82.3230,2.6463,4649.9123,204.2083,25.9152,21.1137,12.8578,14.5296,26.176,48.8436,54.2173,102.8621,13.088,0.0,3.731508,7.079487,1.545355,30,207,63,6,0.32204186,0.01770420,-0.00338982,0E-8,0.000000,0.904812,0.002133,0.03111404,2026-03-21,2026-08-06,120,3733,1703,139,0.863309,1.227414,1.154177,1.073473,,,,,,,,GLOBAL_BASELINE_NO_ENTITY_RANKING,,,NOT_APPLICABLE_GLOBAL_BASELINE,HF9g-P5,,,,X 全窗基线 · 不参与实体赏罚,15052480,1506,A168_HF9F_20260827_0900,2026-08-27 09:00:00
2026-05-11,127529701,772,0,65.6426755229,-5.0594157023,-5.0594157023,0.5000000,4,4,0.49994810000000000,0.499948100000,0.00020760000111838688,0.00020760000111838688,0.00020760000111838688,0E-17,ELIGIBLE,R03b_20260811_FULL_v1,L1_ELIGIBILITY,v2026-08-11,2026-03-21..2026-08-06,baccarat_bet02_101_all_pairs_incl_sentinel,round_win = game_pnl > 0 (decisive only),COMPATIBILITY_ONLY_NOT_PRODUCTION,557989.4742,504875.3716,9878.7574,24851,24505,-0.01770420,0.00338982,-0.02772422,-0.01770420,-9878.7574,557989.4742,OK,0.0000,395.1503,4.0000,96.0000,AG03-UNRESOLVED,ALL5_LEVELS_bet23_to_bet27,395.1503,395.1503,395.1503,0.0000,0.0000,4.000000,4.000000,4.000000,0.000000,0.000000,96.000000,96.000000,96.000000,100.000000,100.000000,5.0,1185.4509,1138.6651,8693.3065,8740.0923,PENDING_AG03,FALSE,NOT_FOR_ENFORCEMENT,9483.6071,484680.3568,9878.7574,9483.6071,395.1503,0.01770420,0.01699603,395.1503,9483.6071,0.01699603,395.1503,395.1503,395.1503,0.0000,0.0000,9483.6071,0.01699603,1185.4509,1138.6651,8693.3065,8740.0923,0.01557970,0.01566354,0.00070817,22.4534,20.6030,0.4031,82.3230,2.6463,4649.9123,204.2083,25.9152,21.1137,12.8578,14.5296,26.176,48.8436,54.2173,102.8621,13.088,0.0,3.731508,7.079487,1.545355,30,207,63,6,0.32204186,0.01770420,-0.00338982,0E-8,0.000000,0.904812,0.002133,0.03111404,2026-03-21,2026-08-06,120,3733,1703,139,0.863309,1.227414,1.154177,1.073473,,,,,,,,GLOBAL_BASELINE_NO_ENTITY_RANKING,,,NOT_APPLICABLE_GLOBAL_BASELINE,HF9g-P5,,,,X 全窗基线 · 不参与实体赏罚,15052481,1506,A168_HF9F_20260827_0900,2026-08-27 09:00:00
2026-05-11,127529701,925,0,185.7713663017,40.5272170618,40.5272170618,0.6153846,13,13,0.49943251538461538,0.499432515385,0.8361430226366018,0.8361430226338276,0.8361430226366018,-3.8462E-13,ELIGIBLE,R03b_20260811_FULL_v1,L1_ELIGIBILITY,v2026-08-11,2026-03-21..2026-08-06,baccarat_bet02_101_all_pairs_incl_sentinel,round_win = game_pnl > 0 (decisive only),COMPATIBILITY_ONLY_NOT_PRODUCTION,557989.4742,504875.3716,9878.7574,24851,24505,-0.01770420,0.00338982,-0.02772422,-0.01770420,-9878.7574,557989.4742,OK,0.0000,395.1503,4.0000,96.0000,AG03-UNRESOLVED,ALL5_LEVELS_bet23_to_bet27,395.1503,395.1503,395.1503,0.0000,0.0000,4.000000,4.000000,4.000000,0.000000,0.000000,96.000000,96.000000,96.000000,100.000000,100.000000,5.0,1185.4509,1138.6651,8693.3065,8740.0923,PENDING_AG03,FALSE,NOT_FOR_ENFORCEMENT,9483.6071,484680.3568,9878.7574,9483.6071,395.1503,0.01770420,0.01699603,395.1503,9483.6071,0.01699603,395.1503,395.1503,395.1503,0.0000,0.0000,9483.6071,0.01699603,1185.4509,1138.6651,8693.3065,8740.0923,0.01557970,0.01566354,0.00070817,22.4534,20.6030,0.4031,82.3230,2.6463,4649.9123,204.2083,25.9152,21.1137,12.8578,14.5296,26.176,48.8436,54.2173,102.8621,13.088,0.0,3.731508,7.079487,1.545355,30,207,63,6,0.32204186,0.01770420,-0.00338982,0E-8,0.000000,0.904812,0.002133,0.03111404,2026-03-21,2026-08-06,120,3733,1703,139,0.863309,1.227414,1.154177,1.073473,,,,,,,,GLOBAL_BASELINE_NO_ENTITY_RANKING,,,NOT_APPLICABLE_GLOBAL_BASELINE,HF9g-P5,,,,X 全窗基线 · 不参与实体赏罚,15052482,1506,A168_HF9F_20260827_0900,2026-08-27 09:00:00
2026-05-13,127529701,1109,0,5.1891443101,-5.1891443101,-5.1891443101,0E-7,1,1,0.49324550000000000,0.493245500000,-0.9865810262130424,-0.9865810262130424,-0.9865810262130424,0E-17,ELIGIBLE,R03b_20260811_FULL_v1,L1_ELIGIBILITY,v2026-08-11,2026-03-21..2026-08-06,baccarat_bet02_101_all_pairs_incl_sentinel,round_win = game_pnl > 0 (decisive only),COMPATIBILITY_ONLY_NOT_PRODUCTION,557989.4742,504875.3716,9878.7574,24851,24505,-0.01770420,0.00338982,-0.02772422,-0.01770420,-9878.7574,557989.4742,OK,0.0000,395.1503,4.0000,96.0000,AG03-UNRESOLVED,ALL5_LEVELS_bet23_to_bet27,395.1503,395.1503,395.1503,0.0000,0.0000,4.000000,4.000000,4.000000,0.000000,0.000000,96.000000,96.000000,96.000000,100.000000,100.000000,5.0,1185.4509,1138.6651,8693.3065,8740.0923,PENDING_AG03,FALSE,NOT_FOR_ENFORCEMENT,9483.6071,484680.3568,9878.7574,9483.6071,395.1503,0.01770420,0.01699603,395.1503,9483.6071,0.01699603,395.1503,395.1503,395.1503,0.0000,0.0000,9483.6071,0.01699603,1185.4509,1138.6651,8693.3065,8740.0923,0.01557970,0.01566354,0.00070817,22.4534,20.6030,0.4031,82.3230,2.6463,4649.9123,204.2083,25.9152,21.1137,12.8578,14.5296,26.176,48.8436,54.2173,102.8621,13.088,0.0,3.731508,7.079487,1.545355,30,207,63,6,0.32204186,0.01770420,-0.00338982,0E-8,0.000000,0.904812,0.002133,0.03111404,2026-03-21,2026-08-06,120,3733,1703,139,0.863309,1.227414,1.154177,1.073473,,,,,,,,GLOBAL_BASELINE_NO_ENTITY_RANKING,,,NOT_APPLICABLE_GLOBAL_BASELINE,HF9g-P5,,,,X 全窗基线 · 不参与实体赏罚,15052483,1506,A168_HF9F_20260827_0900,2026-08-27 09:00:00
2026-05-13,127529701,1210,0,59.9346167816,59.3638109075,59.3638109075,1.0000000,3,3,0.49771390000000000,0.497713900000,1.739988277604938,1.739988277604938,1.739988277604938,0E-17,ELIGIBLE,R03b_20260811_FULL_v1,L1_ELIGIBILITY,v2026-08-11,2026-03-21..2026-08-06,baccarat_bet02_101_all_pairs_incl_sentinel,round_win = game_pnl > 0 (decisive only),COMPATIBILITY_ONLY_NOT_PRODUCTION,557989.4742,504875.3716,9878.7574,24851,24505,-0.01770420,0.00338982,-0.02772422,-0.01770420,-9878.7574,557989.4742,OK,0.0000,395.1503,4.0000,96.0000,AG03-UNRESOLVED,ALL5_LEVELS_bet23_to_bet27,395.1503,395.1503,395.1503,0.0000,0.0000,4.000000,4.000000,4.000000,0.000000,0.000000,96.000000,96.000000,96.000000,100.000000,100.000000,5.0,1185.4509,1138.6651,8693.3065,8740.0923,PENDING_AG03,FALSE,NOT_FOR_ENFORCEMENT,9483.6071,484680.3568,9878.7574,9483.6071,395.1503,0.01770420,0.01699603,395.1503,9483.6071,0.01699603,395.1503,395.1503,395.1503,0.0000,0.0000,9483.6071,0.01699603,1185.4509,1138.6651,8693.3065,8740.0923,0.01557970,0.01566354,0.00070817,22.4534,20.6030,0.4031,82.3230,2.6463,4649.9123,204.2083,25.9152,21.1137,12.8578,14.5296,26.176,48.8436,54.2173,102.8621,13.088,0.0,3.731508,7.079487,1.545355,30,207,63,6,0.32204186,0.01770420,-0.00338982,0E-8,0.000000,0.904812,0.002133,0.03111404,2026-03-21,2026-08-06,120,3733,1703,139,0.863309,1.227414,1.154177,1.073473,,,,,,,,GLOBAL_BASELINE_NO_ENTITY_RANKING,,,NOT_APPLICABLE_GLOBAL_BASELINE,HF9g-P5,,,,X 全窗基线 · 不参与实体赏罚,15052484,1506,A168_HF9F_20260827_0900,2026-08-27 09:00:00
2026-05-13,127529701,1299,0,164.7553318459,57.7940947538,57.7940947538,0.8000000,11,11,0.50177608181818182,0.501776081818,1.886145567992517,1.8861455679936645,1.886145567992517,1.8182E-13,ELIGIBLE,R03b_20260811_FULL_v1,L1_ELIGIBILITY,v2026-08-11,2026-03-21..2026-08-06,baccarat_bet02_101_all_pairs_incl_sentinel,round_win = game_pnl > 0 (decisive only),COMPATIBILITY_ONLY_NOT_PRODUCTION,557989.4742,504875.3716,9878.7574,24851,24505,-0.01770420,0.00338982,-0.02772422,-0.01770420,-9878.7574,557989.4742,OK,0.0000,395.1503,4.0000,96.0000,AG03-UNRESOLVED,ALL5_LEVELS_bet23_to_bet27,395.1503,395.1503,395.1503,0.0000,0.0000,4.000000,4.000000,4.000000,0.000000,0.000000,96.000000,96.000000,96.000000,100.000000,100.000000,5.0,1185.4509,1138.6651,8693.3065,8740.0923,PENDING_AG03,FALSE,NOT_FOR_ENFORCEMENT,9483.6071,484680.3568,9878.7574,9483.6071,395.1503,0.01770420,0.01699603,395.1503,9483.6071,0.01699603,395.1503,395.1503,395.1503,0.0000,0.0000,9483.6071,0.01699603,1185.4509,1138.6651,8693.3065,8740.0923,0.01557970,0.01566354,0.00070817,22.4534,20.6030,0.4031,82.3230,2.6463,4649.9123,204.2083,25.9152,21.1137,12.8578,14.5296,26.176,48.8436,54.2173,102.8621,13.088,0.0,3.731508,7.079487,1.545355,30,207,63,6,0.32204186,0.01770420,-0.00338982,0E-8,0.000000,0.904812,0.002133,0.03111404,2026-03-21,2026-08-06,120,3733,1703,139,0.863309,1.227414,1.154177,1.073473,,,,,,,,GLOBAL_BASELINE_NO_ENTITY_RANKING,,,NOT_APPLICABLE_GLOBAL_BASELINE,HF9g-P5,,,,X 全窗基线 · 不参与实体赏罚,15052485,1506,A168_HF9F_20260827_0900,2026-08-27 09:00:00
2026-05-13,127529701,1331,0,158.7878158893,64.7475481294,64.7475481294,0.6666667,10,10,0.49994810000000000,0.499948100000,1.0003114053888977,1.0003114053888977,1.0003114053888977,0E-17,ELIGIBLE,R03b_20260811_FULL_v1,L1_ELIGIBILITY,v2026-08-11,2026-03-21..2026-08-06,baccarat_bet02_101_all_pairs_incl_sentinel,round_win = game_pnl > 0 (decisive only),COMPATIBILITY_ONLY_NOT_PRODUCTION,557989.4742,504875.3716,9878.7574,24851,24505,-0.01770420,0.00338982,-0.02772422,-0.01770420,-9878.7574,557989.4742,OK,0.0000,395.1503,4.0000,96.0000,AG03-UNRESOLVED,ALL5_LEVELS_bet23_to_bet27,395.1503,395.1503,395.1503,0.0000,0.0000,4.000000,4.000000,4.000000,0.000000,0.000000,96.000000,96.000000,96.000000,100.000000,100.000000,5.0,1185.4509,1138.6651,8693.3065,8740.0923,PENDING_AG03,FALSE,NOT_FOR_ENFORCEMENT,9483.6071,484680.3568,9878.7574,9483.6071,395.1503,0.01770420,0.01699603,395.1503,9483.6071,0.01699603,395.1503,395.1503,395.1503,0.0000,0.0000,9483.6071,0.01699603,1185.4509,1138.6651,8693.3065,8740.0923,0.01557970,0.01566354,0.00070817,22.4534,20.6030,0.4031,82.3230,2.6463,4649.9123,204.2083,25.9152,21.1137,12.8578,14.5296,26.176,48.8436,54.2173,102.8621,13.088,0.0,3.731508,7.079487,1.545355,30,207,63,6,0.32204186,0.01770420,-0.00338982,0E-8,0.000000,0.904812,0.002133,0.03111404,2026-03-21,2026-08-06,120,3733,1703,139,0.863309,1.227414,1.154177,1.073473,,,,,,,,GLOBAL_BASELINE_NO_ENTITY_RANKING,,,NOT_APPLICABLE_GLOBAL_BASELINE,HF9g-P5,,,,X 全窗基线 · 不参与实体赏罚,15052486,1506,A168_HF9F_20260827_0900,2026-08-27 09:00:00
2026-05-13,127529701,1405,0,72.6480203415,29.8375797831,29.8375797831,0.7500000,6,6,0.49994810000000000,0.499948100000,1.0002076053883384,1.0002076053883384,1.0002076053883384,0E-17,ELIGIBLE,R03b_20260811_FULL_v1,L1_ELIGIBILITY,v2026-08-11,2026-03-21..2026-08-06,baccarat_bet02_101_all_pairs_incl_sentinel,round_win = game_pnl > 0 (decisive only),COMPATIBILITY_ONLY_NOT_PRODUCTION,557989.4742,504875.3716,9878.7574,24851,24505,-0.01770420,0.00338982,-0.02772422,-0.01770420,-9878.7574,557989.4742,OK,0.0000,395.1503,4.0000,96.0000,AG03-UNRESOLVED,ALL5_LEVELS_bet23_to_bet27,395.1503,395.1503,395.1503,0.0000,0.0000,4.000000,4.000000,4.000000,0.000000,0.000000,96.000000,96.000000,96.000000,100.000000,100.000000,5.0,1185.4509,1138.6651,8693.3065,8740.0923,PENDING_AG03,FALSE,NOT_FOR_ENFORCEMENT,9483.6071,484680.3568,9878.7574,9483.6071,395.1503,0.01770420,0.01699603,395.1503,9483.6071,0.01699603,395.1503,395.1503,395.1503,0.0000,0.0000,9483.6071,0.01699603,1185.4509,1138.6651,8693.3065,8740.0923,0.01557970,0.01566354,0.00070817,22.4534,20.6030,0.4031,82.3230,2.6463,4649.9123,204.2083,25.9152,21.1137,12.8578,14.5296,26.176,48.8436,54.2173,102.8621,13.088,0.0,3.731508,7.079487,1.545355,30,207,63,6,0.32204186,0.01770420,-0.00338982,0E-8,0.000000,0.904812,0.002133,0.03111404,2026-03-21,2026-08-06,120,3733,1703,139,0.863309,1.227414,1.154177,1.073473,,,,,,,,GLOBAL_BASELINE_NO_ENTITY_RANKING,,,NOT_APPLICABLE_GLOBAL_BASELINE,HF9g-P5,,,,X 全窗基线 · 不参与实体赏罚,15052487,1506,A168_HF9F_20260827_0900,2026-08-27 09:00:00
2026-05-13,127529701,1490,0,179.0254786986,-75.8912355352,-75.8912355352,0.3333333,9,9,0.50069283333333333,0.500692833333,-1.0041579640283138,-1.0041579640263127,-1.0041579640283138,3.3333E-13,ELIGIBLE,R03b_20260811_FULL_v1,L1_ELIGIBILITY,v2026-08-11,2026-03-21..2026-08-06,baccarat_bet02_101_all_pairs_incl_sentinel,round_win = game_pnl > 0 (decisive only),COMPATIBILITY_ONLY_NOT_PRODUCTION,557989.4742,504875.3716,9878.7574,24851,24505,-0.01770420,0.00338982,-0.02772422,-0.01770420,-9878.7574,557989.4742,OK,0.0000,395.1503,4.0000,96.0000,AG03-UNRESOLVED,ALL5_LEVELS_bet23_to_bet27,395.1503,395.1503,395.1503,0.0000,0.0000,4.000000,4.000000,4.000000,0.000000,0.000000,96.000000,96.000000,96.000000,100.000000,100.000000,5.0,1185.4509,1138.6651,8693.3065,8740.0923,PENDING_AG03,FALSE,NOT_FOR_ENFORCEMENT,9483.6071,484680.3568,9878.7574,9483.6071,395.1503,0.01770420,0.01699603,395.1503,9483.6071,0.01699603,395.1503,395.1503,395.1503,0.0000,0.0000,9483.6071,0.01699603,1185.4509,1138.6651,8693.3065,8740.0923,0.01557970,0.01566354,0.00070817,22.4534,20.6030,0.4031,82.3230,2.6463,4649.9123,204.2083,25.9152,21.1137,12.8578,14.5296,26.176,48.8436,54.2173,102.8621,13.088,0.0,3.731508,7.079487,1.545355,30,207,63,6,0.32204186,0.01770420,-0.00338982,0E-8,0.000000,0.904812,0.002133,0.03111404,2026-03-21,2026-08-06,120,3733,1703,139,0.863309,1.227414,1.154177,1.073473,,,,,,,,GLOBAL_BASELINE_NO_ENTITY_RANKING,,,NOT_APPLICABLE_GLOBAL_BASELINE,HF9g-P5,,,,X 全窗基线 · 不参与实体赏罚,15052488,1506,A168_HF9F_20260827_0900,2026-08-27 09:00:00
2026-05-13,127529701,1646,0,289.8137097196,-44.7563696746,-44.7563696746,0.4761905,22,22,0.50055742727272727,0.500557427273,-0.2233269343660433,-0.22332693436854306,-0.2233269343660433,-2.7273E-13,ELIGIBLE,R03b_20260811_FULL_v1,L1_ELIGIBILITY,v2026-08-11,2026-03-21..2026-08-06,baccarat_bet02_101_all_pairs_incl_sentinel,round_win = game_pnl > 0 (decisive only),COMPATIBILITY_ONLY_NOT_PRODUCTION,557989.4742,504875.3716,9878.7574,24851,24505,-0.01770420,0.00338982,-0.02772422,-0.01770420,-9878.7574,557989.4742,OK,0.0000,395.1503,4.0000,96.0000,AG03-UNRESOLVED,ALL5_LEVELS_bet23_to_bet27,395.1503,395.1503,395.1503,0.0000,0.0000,4.000000,4.000000,4.000000,0.000000,0.000000,96.000000,96.000000,96.000000,100.000000,100.000000,5.0,1185.4509,1138.6651,8693.3065,8740.0923,PENDING_AG03,FALSE,NOT_FOR_ENFORCEMENT,9483.6071,484680.3568,9878.7574,9483.6071,395.1503,0.01770420,0.01699603,395.1503,9483.6071,0.01699603,395.1503,395.1503,395.1503,0.0000,0.0000,9483.6071,0.01699603,1185.4509,1138.6651,8693.3065,8740.0923,0.01557970,0.01566354,0.00070817,22.4534,20.6030,0.4031,82.3230,2.6463,4649.9123,204.2083,25.9152,21.1137,12.8578,14.5296,26.176,48.8436,54.2173,102.8621,13.088,0.0,3.731508,7.079487,1.545355,30,207,63,6,0.32204186,0.01770420,-0.00338982,0E-8,0.000000,0.904812,0.002133,0.03111404,2026-03-21,2026-08-06,120,3733,1703,139,0.863309,1.227414,1.154177,1.073473,,,,,,,,GLOBAL_BASELINE_NO_ENTITY_RANKING,,,NOT_APPLICABLE_GLOBAL_BASELINE,HF9g-P5,,,,X 全窗基线 · 不参与实体赏罚,15052489,1506,A168_HF9F_20260827_0900,2026-08-27 09:00:00
2026-05-13,127529701,1940,0,287.9975092113,42.8104405583,42.8104405583,0.6000000,19,19,0.49888979473684211,0.498889794737,0.783198212904912,0.7831982129036884,0.783198212904912,-1.5789E-13,ELIGIBLE,R03b_20260811_FULL_v1,L1_ELIGIBILITY,v2026-08-11,2026-03-21..2026-08-06,baccarat_bet02_101_all_pairs_incl_sentinel,round_win = game_pnl > 0 (decisive only),COMPATIBILITY_ONLY_NOT_PRODUCTION,557989.4742,504875.3716,9878.7574,24851,24505,-0.01770420,0.00338982,-0.02772422,-0.01770420,-9878.7574,557989.4742,OK,0.0000,395.1503,4.0000,96.0000,AG03-UNRESOLVED,ALL5_LEVELS_bet23_to_bet27,395.1503,395.1503,395.1503,0.0000,0.0000,4.000000,4.000000,4.000000,0.000000,0.000000,96.000000,96.000000,96.000000,100.000000,100.000000,5.0,1185.4509,1138.6651,8693.3065,8740.0923,PENDING_AG03,FALSE,NOT_FOR_ENFORCEMENT,9483.6071,484680.3568,9878.7574,9483.6071,395.1503,0.01770420,0.01699603,395.1503,9483.6071,0.01699603,395.1503,395.1503,395.1503,0.0000,0.0000,9483.6071,0.01699603,1185.4509,1138.6651,8693.3065,8740.0923,0.01557970,0.01566354,0.00070817,22.4534,20.6030,0.4031,82.3230,2.6463,4649.9123,204.2083,25.9152,21.1137,12.8578,14.5296,26.176,48.8436,54.2173,102.8621,13.088,0.0,3.731508,7.079487,1.545355,30,207,63,6,0.32204186,0.01770420,-0.00338982,0E-8,0.000000,0.904812,0.002133,0.03111404,2026-03-21,2026-08-06,120,3733,1703,139,0.863309,1.227414,1.154177,1.073473,,,,,,,,GLOBAL_BASELINE_NO_ENTITY_RANKING,,,NOT_APPLICABLE_GLOBAL_BASELINE,HF9g-P5,,,,X 全窗基线 · 不参与实体赏罚,15052490,1506,A168_HF9F_20260827_0900,2026-08-27 09:00:00
2026-05-13,127529701,1951,0,12.9728607753,-12.9728607753,-12.9728607753,0E-7,1,1,0.50665070000000000,0.506650700000,-1.013391052207602,-1.013391052207602,-1.013391052207602,0E-17,ELIGIBLE,R03b_20260811_FULL_v1,L1_ELIGIBILITY,v2026-08-11,2026-03-21..2026-08-06,baccarat_bet02_101_all_pairs_incl_sentinel,round_win = game_pnl > 0 (decisive only),COMPATIBILITY_ONLY_NOT_PRODUCTION,557989.4742,504875.3716,9878.7574,24851,24505,-0.01770420,0.00338982,-0.02772422,-0.01770420,-9878.7574,557989.4742,OK,0.0000,395.1503,4.0000,96.0000,AG03-UNRESOLVED,ALL5_LEVELS_bet23_to_bet27,395.1503,395.1503,395.1503,0.0000,0.0000,4.000000,4.000000,4.000000,0.000000,0.000000,96.000000,96.000000,96.000000,100.000000,100.000000,5.0,1185.4509,1138.6651,8693.3065,8740.0923,PENDING_AG03,FALSE,NOT_FOR_ENFORCEMENT,9483.6071,484680.3568,9878.7574,9483.6071,395.1503,0.01770420,0.01699603,395.1503,9483.6071,0.01699603,395.1503,395.1503,395.1503,0.0000,0.0000,9483.6071,0.01699603,1185.4509,1138.6651,8693.3065,8740.0923,0.01557970,0.01566354,0.00070817,22.4534,20.6030,0.4031,82.3230,2.6463,4649.9123,204.2083,25.9152,21.1137,12.8578,14.5296,26.176,48.8436,54.2173,102.8621,13.088,0.0,3.731508,7.079487,1.545355,30,207,63,6,0.32204186,0.01770420,-0.00338982,0E-8,0.000000,0.904812,0.002133,0.03111404,2026-03-21,2026-08-06,120,3733,1703,139,0.863309,1.227414,1.154177,1.073473,,,,,,,,GLOBAL_BASELINE_NO_ENTITY_RANKING,,,NOT_APPLICABLE_GLOBAL_BASELINE,HF9g-P5,,,,X 全窗基线 · 不参与实体赏罚,15052491,1506,A168_HF9F_20260827_0900,2026-08-27 09:00:00
2026-05-13,127529701,1994,0,30.0970369985,15.4506771834,15.4506771834,0.7500000,4,4,0.50329940000000000,0.503299400000,0.9868238854431842,0.9868238854431842,0.9868238854431842,0E-17,ELIGIBLE,R03b_20260811_FULL_v1,L1_ELIGIBILITY,v2026-08-11,2026-03-21..2026-08-06,baccarat_bet02_101_all_pairs_incl_sentinel,round_win = game_pnl > 0 (decisive only),COMPATIBILITY_ONLY_NOT_PRODUCTION,557989.4742,504875.3716,9878.7574,24851,24505,-0.01770420,0.00338982,-0.02772422,-0.01770420,-9878.7574,557989.4742,OK,0.0000,395.1503,4.0000,96.0000,AG03-UNRESOLVED,ALL5_LEVELS_bet23_to_bet27,395.1503,395.1503,395.1503,0.0000,0.0000,4.000000,4.000000,4.000000,0.000000,0.000000,96.000000,96.000000,96.000000,100.000000,100.000000,5.0,1185.4509,1138.6651,8693.3065,8740.0923,PENDING_AG03,FALSE,NOT_FOR_ENFORCEMENT,9483.6071,484680.3568,9878.7574,9483.6071,395.1503,0.01770420,0.01699603,395.1503,9483.6071,0.01699603,395.1503,395.1503,395.1503,0.0000,0.0000,9483.6071,0.01699603,1185.4509,1138.6651,8693.3065,8740.0923,0.01557970,0.01566354,0.00070817,22.4534,20.6030,0.4031,82.3230,2.6463,4649.9123,204.2083,25.9152,21.1137,12.8578,14.5296,26.176,48.8436,54.2173,102.8621,13.088,0.0,3.731508,7.079487,1.545355,30,207,63,6,0.32204186,0.01770420,-0.00338982,0E-8,0.000000,0.904812,0.002133,0.03111404,2026-03-21,2026-08-06,120,3733,1703,139,0.863309,1.227414,1.154177,1.073473,,,,,,,,GLOBAL_BASELINE_NO_ENTITY_RANKING,,,NOT_APPLICABLE_GLOBAL_BASELINE,HF9g-P5,,,,X 全窗基线 · 不参与实体赏罚,15052492,1506,A168_HF9F_20260827_0900,2026-08-27 09:00:00
2026-05-13,127529701,2088,0,426.0287478597,-230.2682787607,-230.2682787607,0.2941176,20,20,0.49927784000000000,0.499277840000,-1.691796055932321,-1.691796055932321,-1.691796055932321,0E-17,ELIGIBLE,R03b_20260811_FULL_v1,L1_ELIGIBILITY,v2026-08-11,2026-03-21..2026-08-06,baccarat_bet02_101_all_pairs_incl_sentinel,round_win = game_pnl > 0 (decisive only),COMPATIBILITY_ONLY_NOT_PRODUCTION,557989.4742,504875.3716,9878.7574,24851,24505,-0.01770420,0.00338982,-0.02772422,-0.01770420,-9878.7574,557989.4742,OK,0.0000,395.1503,4.0000,96.0000,AG03-UNRESOLVED,ALL5_LEVELS_bet23_to_bet27,395.1503,395.1503,395.1503,0.0000,0.0000,4.000000,4.000000,4.000000,0.000000,0.000000,96.000000,96.000000,96.000000,100.000000,100.000000,5.0,1185.4509,1138.6651,8693.3065,8740.0923,PENDING_AG03,FALSE,NOT_FOR_ENFORCEMENT,9483.6071,484680.3568,9878.7574,9483.6071,395.1503,0.01770420,0.01699603,395.1503,9483.6071,0.01699603,395.1503,395.1503,395.1503,0.0000,0.0000,9483.6071,0.01699603,1185.4509,1138.6651,8693.3065,8740.0923,0.01557970,0.01566354,0.00070817,22.4534,20.6030,0.4031,82.3230,2.6463,4649.9123,204.2083,25.9152,21.1137,12.8578,14.5296,26.176,48.8436,54.2173,102.8621,13.088,0.0,3.731508,7.079487,1.545355,30,207,63,6,0.32204186,0.01770420,-0.00338982,0E-8,0.000000,0.904812,0.002133,0.03111404,2026-03-21,2026-08-06,120,3733,1703,139,0.863309,1.227414,1.154177,1.073473,,,,,,,,GLOBAL_BASELINE_NO_ENTITY_RANKING,,,NOT_APPLICABLE_GLOBAL_BASELINE,HF9g-P5,,,,X 全窗基线 · 不参与实体赏罚,15052493,1506,A168_HF9F_20260827_0900,2026-08-27 09:00:00
2026-05-13,127529701,2141,0,77.8371646517,-34.3780810545,-34.3780810545,0.2000000,7,7,0.50282064285714286,0.502820642857,-1.354276634329538,-1.354276634328897,-1.354276634329538,1.4286E-13,ELIGIBLE,R03b_20260811_FULL_v1,L1_ELIGIBILITY,v2026-08-11,2026-03-21..2026-08-06,baccarat_bet02_101_all_pairs_incl_sentinel,round_win = game_pnl > 0 (decisive only),COMPATIBILITY_ONLY_NOT_PRODUCTION,557989.4742,504875.3716,9878.7574,24851,24505,-0.01770420,0.00338982,-0.02772422,-0.01770420,-9878.7574,557989.4742,OK,0.0000,395.1503,4.0000,96.0000,AG03-UNRESOLVED,ALL5_LEVELS_bet23_to_bet27,395.1503,395.1503,395.1503,0.0000,0.0000,4.000000,4.000000,4.000000,0.000000,0.000000,96.000000,96.000000,96.000000,100.000000,100.000000,5.0,1185.4509,1138.6651,8693.3065,8740.0923,PENDING_AG03,FALSE,NOT_FOR_ENFORCEMENT,9483.6071,484680.3568,9878.7574,9483.6071,395.1503,0.01770420,0.01699603,395.1503,9483.6071,0.01699603,395.1503,395.1503,395.1503,0.0000,0.0000,9483.6071,0.01699603,1185.4509,1138.6651,8693.3065,8740.0923,0.01557970,0.01566354,0.00070817,22.4534,20.6030,0.4031,82.3230,2.6463,4649.9123,204.2083,25.9152,21.1137,12.8578,14.5296,26.176,48.8436,54.2173,102.8621,13.088,0.0,3.731508,7.079487,1.545355,30,207,63,6,0.32204186,0.01770420,-0.00338982,0E-8,0.000000,0.904812,0.002133,0.03111404,2026-03-21,2026-08-06,120,3733,1703,139,0.863309,1.227414,1.154177,1.073473,,,,,,,,GLOBAL_BASELINE_NO_ENTITY_RANKING,,,NOT_APPLICABLE_GLOBAL_BASELINE,HF9g-P5,,,,X 全窗基线 · 不参与实体赏罚,15052494,1506,A168_HF9F_20260827_0900,2026-08-27 09:00:00
2026-05-13,127529701,2171,0,209.9008873437,131.6485911473,131.6485911473,0.8571429,15,15,0.50039494000000000,0.500394940000,2.669657791601358,2.669657791601358,2.669657791601358,0E-17,ELIGIBLE,R03b_20260811_FULL_v1,L1_ELIGIBILITY,v2026-08-11,2026-03-21..2026-08-06,baccarat_bet02_101_all_pairs_incl_sentinel,round_win = game_pnl > 0 (decisive only),COMPATIBILITY_ONLY_NOT_PRODUCTION,557989.4742,504875.3716,9878.7574,24851,24505,-0.01770420,0.00338982,-0.02772422,-0.01770420,-9878.7574,557989.4742,OK,0.0000,395.1503,4.0000,96.0000,AG03-UNRESOLVED,ALL5_LEVELS_bet23_to_bet27,395.1503,395.1503,395.1503,0.0000,0.0000,4.000000,4.000000,4.000000,0.000000,0.000000,96.000000,96.000000,96.000000,100.000000,100.000000,5.0,1185.4509,1138.6651,8693.3065,8740.0923,PENDING_AG03,FALSE,NOT_FOR_ENFORCEMENT,9483.6071,484680.3568,9878.7574,9483.6071,395.1503,0.01770420,0.01699603,395.1503,9483.6071,0.01699603,395.1503,395.1503,395.1503,0.0000,0.0000,9483.6071,0.01699603,1185.4509,1138.6651,8693.3065,8740.0923,0.01557970,0.01566354,0.00070817,22.4534,20.6030,0.4031,82.3230,2.6463,4649.9123,204.2083,25.9152,21.1137,12.8578,14.5296,26.176,48.8436,54.2173,102.8621,13.088,0.0,3.731508,7.079487,1.545355,30,207,63,6,0.32204186,0.01770420,-0.00338982,0E-8,0.000000,0.904812,0.002133,0.03111404,2026-03-21,2026-08-06,120,3733,1703,139,0.863309,1.227414,1.154177,1.073473,,,,,,,,GLOBAL_BASELINE_NO_ENTITY_RANKING,,,NOT_APPLICABLE_GLOBAL_BASELINE,HF9g-P5,,,,X 全窗基线 · 不参与实体赏罚,15052495,1506,A168_HF9F_20260827_0900,2026-08-27 09:00:00
2026-05-13,127529701,2177,0,189.4037673187,-1.5567432929,-1.5567432929,0.4545455,13,13,0.50046368461538462,0.500463684615,-0.30458721133295963,-0.3045872113304082,-0.30458721133295963,3.8462E-13,ELIGIBLE,R03b_20260811_FULL_v1,L1_ELIGIBILITY,v2026-08-11,2026-03-21..2026-08-06,baccarat_bet02_101_all_pairs_incl_sentinel,round_win = game_pnl > 0 (decisive only),COMPATIBILITY_ONLY_NOT_PRODUCTION,557989.4742,504875.3716,9878.7574,24851,24505,-0.01770420,0.00338982,-0.02772422,-0.01770420,-9878.7574,557989.4742,OK,0.0000,395.1503,4.0000,96.0000,AG03-UNRESOLVED,ALL5_LEVELS_bet23_to_bet27,395.1503,395.1503,395.1503,0.0000,0.0000,4.000000,4.000000,4.000000,0.000000,0.000000,96.000000,96.000000,96.000000,100.000000,100.000000,5.0,1185.4509,1138.6651,8693.3065,8740.0923,PENDING_AG03,FALSE,NOT_FOR_ENFORCEMENT,9483.6071,484680.3568,9878.7574,9483.6071,395.1503,0.01770420,0.01699603,395.1503,9483.6071,0.01699603,395.1503,395.1503,395.1503,0.0000,0.0000,9483.6071,0.01699603,1185.4509,1138.6651,8693.3065,8740.0923,0.01557970,0.01566354,0.00070817,22.4534,20.6030,0.4031,82.3230,2.6463,4649.9123,204.2083,25.9152,21.1137,12.8578,14.5296,26.176,48.8436,54.2173,102.8621,13.088,0.0,3.731508,7.079487,1.545355,30,207,63,6,0.32204186,0.01770420,-0.00338982,0E-8,0.000000,0.904812,0.002133,0.03111404,2026-03-21,2026-08-06,120,3733,1703,139,0.863309,1.227414,1.154177,1.073473,,,,,,,,GLOBAL_BASELINE_NO_ENTITY_RANKING,,,NOT_APPLICABLE_GLOBAL_BASELINE,HF9g-P5,,,,X 全窗基线 · 不参与实体赏罚,15052496,1506,A168_HF9F_20260827_0900,2026-08-27 09:00:00
2026-05-13,127529701,2196,0,153.0797571479,7.0831819833,7.0831819833,0.6666667,10,10,0.50128862000000000,0.501288620000,0.9922715754217412,0.9922715754217414,0.9922715754217412,0E-17,ELIGIBLE,R03b_20260811_FULL_v1,L1_ELIGIBILITY,v2026-08-11,2026-03-21..2026-08-06,baccarat_bet02_101_all_pairs_incl_sentinel,round_win = game_pnl > 0 (decisive only),COMPATIBILITY_ONLY_NOT_PRODUCTION,557989.4742,504875.3716,9878.7574,24851,24505,-0.01770420,0.00338982,-0.02772422,-0.01770420,-9878.7574,557989.4742,OK,0.0000,395.1503,4.0000,96.0000,AG03-UNRESOLVED,ALL5_LEVELS_bet23_to_bet27,395.1503,395.1503,395.1503,0.0000,0.0000,4.000000,4.000000,4.000000,0.000000,0.000000,96.000000,96.000000,96.000000,100.000000,100.000000,5.0,1185.4509,1138.6651,8693.3065,8740.0923,PENDING_AG03,FALSE,NOT_FOR_ENFORCEMENT,9483.6071,484680.3568,9878.7574,9483.6071,395.1503,0.01770420,0.01699603,395.1503,9483.6071,0.01699603,395.1503,395.1503,395.1503,0.0000,0.0000,9483.6071,0.01699603,1185.4509,1138.6651,8693.3065,8740.0923,0.01557970,0.01566354,0.00070817,22.4534,20.6030,0.4031,82.3230,2.6463,4649.9123,204.2083,25.9152,21.1137,12.8578,14.5296,26.176,48.8436,54.2173,102.8621,13.088,0.0,3.731508,7.079487,1.545355,30,207,63,6,0.32204186,0.01770420,-0.00338982,0E-8,0.000000,0.904812,0.002133,0.03111404,2026-03-21,2026-08-06,120,3733,1703,139,0.863309,1.227414,1.154177,1.073473,,,,,,,,GLOBAL_BASELINE_NO_ENTITY_RANKING,,,NOT_APPLICABLE_GLOBAL_BASELINE,HF9g-P5,,,,X 全窗基线 · 不参与实体赏罚,15052497,1506,A168_HF9F_20260827_0900,2026-08-27 09:00:00
2026-05-13,127529701,462,0,88.2154532717,-4.7999584868,-4.7999584868,0.5714286,8,8,0.49827245000000000,0.498272450000,0.3871081189643771,0.3871081189643771,0.3871081189643771,0E-17,ELIGIBLE,R03b_20260811_FULL_v1,L1_ELIGIBILITY,v2026-08-11,2026-03-21..2026-08-06,baccarat_bet02_101_all_pairs_incl_sentinel,round_win = game_pnl > 0 (decisive only),COMPATIBILITY_ONLY_NOT_PRODUCTION,557989.4742,504875.3716,9878.7574,24851,24505,-0.01770420,0.00338982,-0.02772422,-0.01770420,-9878.7574,557989.4742,OK,0.0000,395.1503,4.0000,96.0000,AG03-UNRESOLVED,ALL5_LEVELS_bet23_to_bet27,395.1503,395.1503,395.1503,0.0000,0.0000,4.000000,4.000000,4.000000,0.000000,0.000000,96.000000,96.000000,96.000000,100.000000,100.000000,5.0,1185.4509,1138.6651,8693.3065,8740.0923,PENDING_AG03,FALSE,NOT_FOR_ENFORCEMENT,9483.6071,484680.3568,9878.7574,9483.6071,395.1503,0.01770420,0.01699603,395.1503,9483.6071,0.01699603,395.1503,395.1503,395.1503,0.0000,0.0000,9483.6071,0.01699603,1185.4509,1138.6651,8693.3065,8740.0923,0.01557970,0.01566354,0.00070817,22.4534,20.6030,0.4031,82.3230,2.6463,4649.9123,204.2083,25.9152,21.1137,12.8578,14.5296,26.176,48.8436,54.2173,102.8621,13.088,0.0,3.731508,7.079487,1.545355,30,207,63,6,0.32204186,0.01770420,-0.00338982,0E-8,0.000000,0.904812,0.002133,0.03111404,2026-03-21,2026-08-06,120,3733,1703,139,0.863309,1.227414,1.154177,1.073473,,,,,,,,GLOBAL_BASELINE_NO_ENTITY_RANKING,,,NOT_APPLICABLE_GLOBAL_BASELINE,HF9g-P5,,,,X 全窗基线 · 不参与实体赏罚,15052498,1506,A168_HF9F_20260827_0900,2026-08-27 09:00:00
2026-05-13,127529701,526,0,234.5493228165,20.4192828603,20.4192828603,0.4666667,16,16,0.49827245000000000,0.498272450000,-0.24481880628073263,-0.24481880628073266,-0.24481880628073263,0E-17,ELIGIBLE,R03b_20260811_FULL_v1,L1_ELIGIBILITY,v2026-08-11,2026-03-21..2026-08-06,baccarat_bet02_101_all_pairs_incl_sentinel,round_win = game_pnl > 0 (decisive only),COMPATIBILITY_ONLY_NOT_PRODUCTION,557989.4742,504875.3716,9878.7574,24851,24505,-0.01770420,0.00338982,-0.02772422,-0.01770420,-9878.7574,557989.4742,OK,0.0000,395.1503,4.0000,96.0000,AG03-UNRESOLVED,ALL5_LEVELS_bet23_to_bet27,395.1503,395.1503,395.1503,0.0000,0.0000,4.000000,4.000000,4.000000,0.000000,0.000000,96.000000,96.000000,96.000000,100.000000,100.000000,5.0,1185.4509,1138.6651,8693.3065,8740.0923,PENDING_AG03,FALSE,NOT_FOR_ENFORCEMENT,9483.6071,484680.3568,9878.7574,9483.6071,395.1503,0.01770420,0.01699603,395.1503,9483.6071,0.01699603,395.1503,395.1503,395.1503,0.0000,0.0000,9483.6071,0.01699603,1185.4509,1138.6651,8693.3065,8740.0923,0.01557970,0.01566354,0.00070817,22.4534,20.6030,0.4031,82.3230,2.6463,4649.9123,204.2083,25.9152,21.1137,12.8578,14.5296,26.176,48.8436,54.2173,102.8621,13.088,0.0,3.731508,7.079487,1.545355,30,207,63,6,0.32204186,0.01770420,-0.00338982,0E-8,0.000000,0.904812,0.002133,0.03111404,2026-03-21,2026-08-06,120,3733,1703,139,0.863309,1.227414,1.154177,1.073473,,,,,,,,GLOBAL_BASELINE_NO_ENTITY_RANKING,,,NOT_APPLICABLE_GLOBAL_BASELINE,HF9g-P5,,,,X 全窗基线 · 不参与实体赏罚,15052499,1506,A168_HF9F_20260827_0900,2026-08-27 09:00:00
2026-05-13,127529701,583,0,302.5271132792,9.3404597580,9.3404597580,0.5714286,22,22,0.50055742727272727,0.500557427273,0.6495451690247503,0.6495451690222512,0.6495451690247503,-2.7273E-13,ELIGIBLE,R03b_20260811_FULL_v1,L1_ELIGIBILITY,v2026-08-11,2026-03-21..2026-08-06,baccarat_bet02_101_all_pairs_incl_sentinel,round_win = game_pnl > 0 (decisive only),COMPATIBILITY_ONLY_NOT_PRODUCTION,557989.4742,504875.3716,9878.7574,24851,24505,-0.01770420,0.00338982,-0.02772422,-0.01770420,-9878.7574,557989.4742,OK,0.0000,395.1503,4.0000,96.0000,AG03-UNRESOLVED,ALL5_LEVELS_bet23_to_bet27,395.1503,395.1503,395.1503,0.0000,0.0000,4.000000,4.000000,4.000000,0.000000,0.000000,96.000000,96.000000,96.000000,100.000000,100.000000,5.0,1185.4509,1138.6651,8693.3065,8740.0923,PENDING_AG03,FALSE,NOT_FOR_ENFORCEMENT,9483.6071,484680.3568,9878.7574,9483.6071,395.1503,0.01770420,0.01699603,395.1503,9483.6071,0.01699603,395.1503,395.1503,395.1503,0.0000,0.0000,9483.6071,0.01699603,1185.4509,1138.6651,8693.3065,8740.0923,0.01557970,0.01566354,0.00070817,22.4534,20.6030,0.4031,82.3230,2.6463,4649.9123,204.2083,25.9152,21.1137,12.8578,14.5296,26.176,48.8436,54.2173,102.8621,13.088,0.0,3.731508,7.079487,1.545355,30,207,63,6,0.32204186,0.01770420,-0.00338982,0E-8,0.000000,0.904812,0.002133,0.03111404,2026-03-21,2026-08-06,120,3733,1703,139,0.863309,1.227414,1.154177,1.073473,,,,,,,,GLOBAL_BASELINE_NO_ENTITY_RANKING,,,NOT_APPLICABLE_GLOBAL_BASELINE,HF9g-P5,,,,X 全窗基线 · 不参与实体赏罚,15052500,1506,A168_HF9F_20260827_0900,2026-08-27 09:00:00
2026-05-13,127529701,986,0,330.8079497693,19.7836126822,19.7836126822,0.5714286,22,22,0.50055742727272727,0.500557427273,0.6495451690247503,0.6495451690222512,0.6495451690247503,-2.7273E-13,ELIGIBLE,R03b_20260811_FULL_v1,L1_ELIGIBILITY,v2026-08-11,2026-03-21..2026-08-06,baccarat_bet02_101_all_pairs_incl_sentinel,round_win = game_pnl > 0 (decisive only),COMPATIBILITY_ONLY_NOT_PRODUCTION,557989.4742,504875.3716,9878.7574,24851,24505,-0.01770420,0.00338982,-0.02772422,-0.01770420,-9878.7574,557989.4742,OK,0.0000,395.1503,4.0000,96.0000,AG03-UNRESOLVED,ALL5_LEVELS_bet23_to_bet27,395.1503,395.1503,395.1503,0.0000,0.0000,4.000000,4.000000,4.000000,0.000000,0.000000,96.000000,96.000000,96.000000,100.000000,100.000000,5.0,1185.4509,1138.6651,8693.3065,8740.0923,PENDING_AG03,FALSE,NOT_FOR_ENFORCEMENT,9483.6071,484680.3568,9878.7574,9483.6071,395.1503,0.01770420,0.01699603,395.1503,9483.6071,0.01699603,395.1503,395.1503,395.1503,0.0000,0.0000,9483.6071,0.01699603,1185.4509,1138.6651,8693.3065,8740.0923,0.01557970,0.01566354,0.00070817,22.4534,20.6030,0.4031,82.3230,2.6463,4649.9123,204.2083,25.9152,21.1137,12.8578,14.5296,26.176,48.8436,54.2173,102.8621,13.088,0.0,3.731508,7.079487,1.545355,30,207,63,6,0.32204186,0.01770420,-0.00338982,0E-8,0.000000,0.904812,0.002133,0.03111404,2026-03-21,2026-08-06,120,3733,1703,139,0.863309,1.227414,1.154177,1.073473,,,,,,,,GLOBAL_BASELINE_NO_ENTITY_RANKING,,,NOT_APPLICABLE_GLOBAL_BASELINE,HF9g-P5,,,,X 全窗基线 · 不参与实体赏罚,15052501,1506,A168_HF9F_20260827_0900,2026-08-27 09:00:00
2026-05-13,127529701,987,0,363.2401017074,42.5509833429,42.5509833429,0.6190476,27,27,0.50069283333333333,0.500692833333,1.0847405701825428,1.084740570185597,1.0847405701825428,3.3333E-13,ELIGIBLE,R03b_20260811_FULL_v1,L1_ELIGIBILITY,v2026-08-11,2026-03-21..2026-08-06,baccarat_bet02_101_all_pairs_incl_sentinel,round_win = game_pnl > 0 (decisive only),COMPATIBILITY_ONLY_NOT_PRODUCTION,557989.4742,504875.3716,9878.7574,24851,24505,-0.01770420,0.00338982,-0.02772422,-0.01770420,-9878.7574,557989.4742,OK,0.0000,395.1503,4.0000,96.0000,AG03-UNRESOLVED,ALL5_LEVELS_bet23_to_bet27,395.1503,395.1503,395.1503,0.0000,0.0000,4.000000,4.000000,4.000000,0.000000,0.000000,96.000000,96.000000,96.000000,100.000000,100.000000,5.0,1185.4509,1138.6651,8693.3065,8740.0923,PENDING_AG03,FALSE,NOT_FOR_ENFORCEMENT,9483.6071,484680.3568,9878.7574,9483.6071,395.1503,0.01770420,0.01699603,395.1503,9483.6071,0.01699603,395.1503,395.1503,395.1503,0.0000,0.0000,9483.6071,0.01699603,1185.4509,1138.6651,8693.3065,8740.0923,0.01557970,0.01566354,0.00070817,22.4534,20.6030,0.4031,82.3230,2.6463,4649.9123,204.2083,25.9152,21.1137,12.8578,14.5296,26.176,48.8436,54.2173,102.8621,13.088,0.0,3.731508,7.079487,1.545355,30,207,63,6,0.32204186,0.01770420,-0.00338982,0E-8,0.000000,0.904812,0.002133,0.03111404,2026-03-21,2026-08-06,120,3733,1703,139,0.863309,1.227414,1.154177,1.073473,,,,,,,,GLOBAL_BASELINE_NO_ENTITY_RANKING,,,NOT_APPLICABLE_GLOBAL_BASELINE,HF9g-P5,,,,X 全窗基线 · 不参与实体赏罚,15052502,1506,A168_HF9F_20260827_0900,2026-08-27 09:00:00
2026-05-14,127529701,-1,1,64.8643038763,-39.5672253645,-39.5672253645,0.3333333,3,3,0.50218230000000000,0.502182300000,-0.5849155494134425,-0.5849155494134426,-0.5849155494134425,0E-17,SENTINEL_DEALER,R03b_20260811_FULL_v1,L1_ELIGIBILITY,v2026-08-11,2026-03-21..2026-08-06,baccarat_bet02_101_all_pairs_incl_sentinel,round_win = game_pnl > 0 (decisive only),COMPATIBILITY_ONLY_NOT_PRODUCTION,557989.4742,504875.3716,9878.7574,24851,24505,-0.01770420,0.00338982,-0.02772422,-0.01770420,-9878.7574,557989.4742,OK,0.0000,395.1503,4.0000,96.0000,AG03-UNRESOLVED,ALL5_LEVELS_bet23_to_bet27,395.1503,395.1503,395.1503,0.0000,0.0000,4.000000,4.000000,4.000000,0.000000,0.000000,96.000000,96.000000,96.000000,100.000000,100.000000,5.0,1185.4509,1138.6651,8693.3065,8740.0923,PENDING_AG03,FALSE,NOT_FOR_ENFORCEMENT,9483.6071,484680.3568,9878.7574,9483.6071,395.1503,0.01770420,0.01699603,395.1503,9483.6071,0.01699603,395.1503,395.1503,395.1503,0.0000,0.0000,9483.6071,0.01699603,1185.4509,1138.6651,8693.3065,8740.0923,0.01557970,0.01566354,0.00070817,22.4534,20.6030,0.4031,82.3230,2.6463,4649.9123,204.2083,25.9152,21.1137,12.8578,14.5296,26.176,48.8436,54.2173,102.8621,13.088,0.0,3.731508,7.079487,1.545355,30,207,63,6,0.32204186,0.01770420,-0.00338982,0E-8,0.000000,0.904812,0.002133,0.03111404,2026-03-21,2026-08-06,120,3733,1703,139,0.863309,1.227414,1.154177,1.073473,,,,,,,,GLOBAL_BASELINE_NO_ENTITY_RANKING,,,NOT_APPLICABLE_GLOBAL_BASELINE,HF9g-P5,,,,X 全窗基线 · 不参与实体赏罚,15052503,1506,A168_HF9F_20260827_0900,2026-08-27 09:00:00
2026-05-14,127529701,1306,0,132.3231799077,63.5410720773,63.5410720773,0.8000000,11,11,0.49933877272727273,0.499338772727,1.9015502273647424,1.901550227366469,1.9015502273647424,2.7273E-13,ELIGIBLE,R03b_20260811_FULL_v1,L1_ELIGIBILITY,v2026-08-11,2026-03-21..2026-08-06,baccarat_bet02_101_all_pairs_incl_sentinel,round_win = game_pnl > 0 (decisive only),COMPATIBILITY_ONLY_NOT_PRODUCTION,557989.4742,504875.3716,9878.7574,24851,24505,-0.01770420,0.00338982,-0.02772422,-0.01770420,-9878.7574,557989.4742,OK,0.0000,395.1503,4.0000,96.0000,AG03-UNRESOLVED,ALL5_LEVELS_bet23_to_bet27,395.1503,395.1503,395.1503,0.0000,0.0000,4.000000,4.000000,4.000000,0.000000,0.000000,96.000000,96.000000,96.000000,100.000000,100.000000,5.0,1185.4509,1138.6651,8693.3065,8740.0923,PENDING_AG03,FALSE,NOT_FOR_ENFORCEMENT,9483.6071,484680.3568,9878.7574,9483.6071,395.1503,0.01770420,0.01699603,395.1503,9483.6071,0.01699603,395.1503,395.1503,395.1503,0.0000,0.0000,9483.6071,0.01699603,1185.4509,1138.6651,8693.3065,8740.0923,0.01557970,0.01566354,0.00070817,22.4534,20.6030,0.4031,82.3230,2.6463,4649.9123,204.2083,25.9152,21.1137,12.8578,14.5296,26.176,48.8436,54.2173,102.8621,13.088,0.0,3.731508,7.079487,1.545355,30,207,63,6,0.32204186,0.01770420,-0.00338982,0E-8,0.000000,0.904812,0.002133,0.03111404,2026-03-21,2026-08-06,120,3733,1703,139,0.863309,1.227414,1.154177,1.073473,,,,,,,,GLOBAL_BASELINE_NO_ENTITY_RANKING,,,NOT_APPLICABLE_GLOBAL_BASELINE,HF9g-P5,,,,X 全窗基线 · 不参与实体赏罚,15052504,1506,A168_HF9F_20260827_0900,2026-08-27 09:00:00
2026-05-14,127529701,1307,0,199.7820559390,-80.9506512376,-80.9506512376,0.4444444,9,9,0.49771390000000000,0.497713900000,-0.3196200741816709,-0.3196200741816709,-0.3196200741816709,0E-17,ELIGIBLE,R03b_20260811_FULL_v1,L1_ELIGIBILITY,v2026-08-11,2026-03-21..2026-08-06,baccarat_bet02_101_all_pairs_incl_sentinel,round_win = game_pnl > 0 (decisive only),COMPATIBILITY_ONLY_NOT_PRODUCTION,557989.4742,504875.3716,9878.7574,24851,24505,-0.01770420,0.00338982,-0.02772422,-0.01770420,-9878.7574,557989.4742,OK,0.0000,395.1503,4.0000,96.0000,AG03-UNRESOLVED,ALL5_LEVELS_bet23_to_bet27,395.1503,395.1503,395.1503,0.0000,0.0000,4.000000,4.000000,4.000000,0.000000,0.000000,96.000000,96.000000,96.000000,100.000000,100.000000,5.0,1185.4509,1138.6651,8693.3065,8740.0923,PENDING_AG03,FALSE,NOT_FOR_ENFORCEMENT,9483.6071,484680.3568,9878.7574,9483.6071,395.1503,0.01770420,0.01699603,395.1503,9483.6071,0.01699603,395.1503,395.1503,395.1503,0.0000,0.0000,9483.6071,0.01699603,1185.4509,1138.6651,8693.3065,8740.0923,0.01557970,0.01566354,0.00070817,22.4534,20.6030,0.4031,82.3230,2.6463,4649.9123,204.2083,25.9152,21.1137,12.8578,14.5296,26.176,48.8436,54.2173,102.8621,13.088,0.0,3.731508,7.079487,1.545355,30,207,63,6,0.32204186,0.01770420,-0.00338982,0E-8,0.000000,0.904812,0.002133,0.03111404,2026-03-21,2026-08-06,120,3733,1703,139,0.863309,1.227414,1.154177,1.073473,,,,,,,,GLOBAL_BASELINE_NO_ENTITY_RANKING,,,NOT_APPLICABLE_GLOBAL_BASELINE,HF9g-P5,,,,X 全窗基线 · 不参与实体赏罚,15052505,1506,A168_HF9F_20260827_0900,2026-08-27 09:00:00
2026-05-14,127529701,1318,0,249.5978413159,-20.6657672150,-20.6657672150,0.5000000,18,18,0.50069283333333333,0.500692833333,-0.00587889142273537,-0.005878891419906962,-0.00587889142273537,3.3333E-13,ELIGIBLE,R03b_20260811_FULL_v1,L1_ELIGIBILITY,v2026-08-11,2026-03-21..2026-08-06,baccarat_bet02_101_all_pairs_incl_sentinel,round_win = game_pnl > 0 (decisive only),COMPATIBILITY_ONLY_NOT_PRODUCTION,557989.4742,504875.3716,9878.7574,24851,24505,-0.01770420,0.00338982,-0.02772422,-0.01770420,-9878.7574,557989.4742,OK,0.0000,395.1503,4.0000,96.0000,AG03-UNRESOLVED,ALL5_LEVELS_bet23_to_bet27,395.1503,395.1503,395.1503,0.0000,0.0000,4.000000,4.000000,4.000000,0.000000,0.000000,96.000000,96.000000,96.000000,100.000000,100.000000,5.0,1185.4509,1138.6651,8693.3065,8740.0923,PENDING_AG03,FALSE,NOT_FOR_ENFORCEMENT,9483.6071,484680.3568,9878.7574,9483.6071,395.1503,0.01770420,0.01699603,395.1503,9483.6071,0.01699603,395.1503,395.1503,395.1503,0.0000,0.0000,9483.6071,0.01699603,1185.4509,1138.6651,8693.3065,8740.0923,0.01557970,0.01566354,0.00070817,22.4534,20.6030,0.4031,82.3230,2.6463,4649.9123,204.2083,25.9152,21.1137,12.8578,14.5296,26.176,48.8436,54.2173,102.8621,13.088,0.0,3.731508,7.079487,1.545355,30,207,63,6,0.32204186,0.01770420,-0.00338982,0E-8,0.000000,0.904812,0.002133,0.03111404,2026-03-21,2026-08-06,120,3733,1703,139,0.863309,1.227414,1.154177,1.073473,,,,,,,,GLOBAL_BASELINE_NO_ENTITY_RANKING,,,NOT_APPLICABLE_GLOBAL_BASELINE,HF9g-P5,,,,X 全窗基线 · 不参与实体赏罚,15052506,1506,A168_HF9F_20260827_0900,2026-08-27 09:00:00
2026-05-14,127529701,1330,0,129.2096933217,25.2970785117,25.2970785117,0.7000000,10,10,0.49726706000000000,0.497267060000,1.282214848053072,1.2822148480530722,1.282214848053072,0E-17,ELIGIBLE,R03b_20260811_FULL_v1,L1_ELIGIBILITY,v2026-08-11,2026-03-21..2026-08-06,baccarat_bet02_101_all_pairs_incl_sentinel,round_win = game_pnl > 0 (decisive only),COMPATIBILITY_ONLY_NOT_PRODUCTION,557989.4742,504875.3716,9878.7574,24851,24505,-0.01770420,0.00338982,-0.02772422,-0.01770420,-9878.7574,557989.4742,OK,0.0000,395.1503,4.0000,96.0000,AG03-UNRESOLVED,ALL5_LEVELS_bet23_to_bet27,395.1503,395.1503,395.1503,0.0000,0.0000,4.000000,4.000000,4.000000,0.000000,0.000000,96.000000,96.000000,96.000000,100.000000,100.000000,5.0,1185.4509,1138.6651,8693.3065,8740.0923,PENDING_AG03,FALSE,NOT_FOR_ENFORCEMENT,9483.6071,484680.3568,9878.7574,9483.6071,395.1503,0.01770420,0.01699603,395.1503,9483.6071,0.01699603,395.1503,395.1503,395.1503,0.0000,0.0000,9483.6071,0.01699603,1185.4509,1138.6651,8693.3065,8740.0923,0.01557970,0.01566354,0.00070817,22.4534,20.6030,0.4031,82.3230,2.6463,4649.9123,204.2083,25.9152,21.1137,12.8578,14.5296,26.176,48.8436,54.2173,102.8621,13.088,0.0,3.731508,7.079487,1.545355,30,207,63,6,0.32204186,0.01770420,-0.00338982,0E-8,0.000000,0.904812,0.002133,0.03111404,2026-03-21,2026-08-06,120,3733,1703,139,0.863309,1.227414,1.154177,1.073473,,,,,,,,GLOBAL_BASELINE_NO_ENTITY_RANKING,,,NOT_APPLICABLE_GLOBAL_BASELINE,HF9g-P5,,,,X 全窗基线 · 不参与实体赏罚,15052507,1506,A168_HF9F_20260827_0900,2026-08-27 09:00:00
2026-05-14,127529701,1331,0,165.0147890612,52.3454932282,52.3454932282,0.6666667,12,12,0.49883100000000000,0.498831000000,1.162802786041663,1.162802786041663,1.162802786041663,0E-17,ELIGIBLE,R03b_20260811_FULL_v1,L1_ELIGIBILITY,v2026-08-11,2026-03-21..2026-08-06,baccarat_bet02_101_all_pairs_incl_sentinel,round_win = game_pnl > 0 (decisive only),COMPATIBILITY_ONLY_NOT_PRODUCTION,557989.4742,504875.3716,9878.7574,24851,24505,-0.01770420,0.00338982,-0.02772422,-0.01770420,-9878.7574,557989.4742,OK,0.0000,395.1503,4.0000,96.0000,AG03-UNRESOLVED,ALL5_LEVELS_bet23_to_bet27,395.1503,395.1503,395.1503,0.0000,0.0000,4.000000,4.000000,4.000000,0.000000,0.000000,96.000000,96.000000,96.000000,100.000000,100.000000,5.0,1185.4509,1138.6651,8693.3065,8740.0923,PENDING_AG03,FALSE,NOT_FOR_ENFORCEMENT,9483.6071,484680.3568,9878.7574,9483.6071,395.1503,0.01770420,0.01699603,395.1503,9483.6071,0.01699603,395.1503,395.1503,395.1503,0.0000,0.0000,9483.6071,0.01699603,1185.4509,1138.6651,8693.3065,8740.0923,0.01557970,0.01566354,0.00070817,22.4534,20.6030,0.4031,82.3230,2.6463,4649.9123,204.2083,25.9152,21.1137,12.8578,14.5296,26.176,48.8436,54.2173,102.8621,13.088,0.0,3.731508,7.079487,1.545355,30,207,63,6,0.32204186,0.01770420,-0.00338982,0E-8,0.000000,0.904812,0.002133,0.03111404,2026-03-21,2026-08-06,120,3733,1703,139,0.863309,1.227414,1.154177,1.073473,,,,,,,,GLOBAL_BASELINE_NO_ENTITY_RANKING,,,NOT_APPLICABLE_GLOBAL_BASELINE,HF9g-P5,,,,X 全窗基线 · 不参与实体赏罚,15052508,1506,A168_HF9F_20260827_0900,2026-08-27 09:00:00
2026-05-14,127529701,1374,0,158.0094442427,2.7243007629,2.7243007629,0.6000000,10,10,0.50262914000000000,0.502629140000,0.615835904497673,0.615835904497673,0.615835904497673,0E-17,ELIGIBLE,R03b_20260811_FULL_v1,L1_ELIGIBILITY,v2026-08-11,2026-03-21..2026-08-06,baccarat_bet02_101_all_pairs_incl_sentinel,round_win = game_pnl > 0 (decisive only),COMPATIBILITY_ONLY_NOT_PRODUCTION,557989.4742,504875.3716,9878.7574,24851,24505,-0.01770420,0.00338982,-0.02772422,-0.01770420,-9878.7574,557989.4742,OK,0.0000,395.1503,4.0000,96.0000,AG03-UNRESOLVED,ALL5_LEVELS_bet23_to_bet27,395.1503,395.1503,395.1503,0.0000,0.0000,4.000000,4.000000,4.000000,0.000000,0.000000,96.000000,96.000000,96.000000,100.000000,100.000000,5.0,1185.4509,1138.6651,8693.3065,8740.0923,PENDING_AG03,FALSE,NOT_FOR_ENFORCEMENT,9483.6071,484680.3568,9878.7574,9483.6071,395.1503,0.01770420,0.01699603,395.1503,9483.6071,0.01699603,395.1503,395.1503,395.1503,0.0000,0.0000,9483.6071,0.01699603,1185.4509,1138.6651,8693.3065,8740.0923,0.01557970,0.01566354,0.00070817,22.4534,20.6030,0.4031,82.3230,2.6463,4649.9123,204.2083,25.9152,21.1137,12.8578,14.5296,26.176,48.8436,54.2173,102.8621,13.088,0.0,3.731508,7.079487,1.545355,30,207,63,6,0.32204186,0.01770420,-0.00338982,0E-8,0.000000,0.904812,0.002133,0.03111404,2026-03-21,2026-08-06,120,3733,1703,139,0.863309,1.227414,1.154177,1.073473,,,,,,,,GLOBAL_BASELINE_NO_ENTITY_RANKING,,,NOT_APPLICABLE_GLOBAL_BASELINE,HF9g-P5,,,,X 全窗基线 · 不参与实体赏罚,15052509,1506,A168_HF9F_20260827_0900,2026-08-27 09:00:00
2026-05-14,127529701,1396,0,324.0620621661,130.4291422346,130.4291422346,0.7000000,21,21,0.49835224285714286,0.498352242857,1.8036021638872441,1.8036021638885231,1.8036021638872441,1.4286E-13,ELIGIBLE,R03b_20260811_FULL_v1,L1_ELIGIBILITY,v2026-08-11,2026-03-21..2026-08-06,baccarat_bet02_101_all_pairs_incl_sentinel,round_win = game_pnl > 0 (decisive only),COMPATIBILITY_ONLY_NOT_PRODUCTION,557989.4742,504875.3716,9878.7574,24851,24505,-0.01770420,0.00338982,-0.02772422,-0.01770420,-9878.7574,557989.4742,OK,0.0000,395.1503,4.0000,96.0000,AG03-UNRESOLVED,ALL5_LEVELS_bet23_to_bet27,395.1503,395.1503,395.1503,0.0000,0.0000,4.000000,4.000000,4.000000,0.000000,0.000000,96.000000,96.000000,96.000000,100.000000,100.000000,5.0,1185.4509,1138.6651,8693.3065,8740.0923,PENDING_AG03,FALSE,NOT_FOR_ENFORCEMENT,9483.6071,484680.3568,9878.7574,9483.6071,395.1503,0.01770420,0.01699603,395.1503,9483.6071,0.01699603,395.1503,395.1503,395.1503,0.0000,0.0000,9483.6071,0.01699603,1185.4509,1138.6651,8693.3065,8740.0923,0.01557970,0.01566354,0.00070817,22.4534,20.6030,0.4031,82.3230,2.6463,4649.9123,204.2083,25.9152,21.1137,12.8578,14.5296,26.176,48.8436,54.2173,102.8621,13.088,0.0,3.731508,7.079487,1.545355,30,207,63,6,0.32204186,0.01770420,-0.00338982,0E-8,0.000000,0.904812,0.002133,0.03111404,2026-03-21,2026-08-06,120,3733,1703,139,0.863309,1.227414,1.154177,1.073473,,,,,,,,GLOBAL_BASELINE_NO_ENTITY_RANKING,,,NOT_APPLICABLE_GLOBAL_BASELINE,HF9g-P5,,,,X 全窗基线 · 不参与实体赏罚,15052510,1506,A168_HF9F_20260827_0900,2026-08-27 09:00:00
2026-05-14,127529701,1401,0,27.5024648435,0.5189144309,0.5189144309,0.5000000,4,4,0.49994810000000000,0.499948100000,0.00020760000111838688,0.00020760000111838688,0.00020760000111838688,0E-17,ELIGIBLE,R03b_20260811_FULL_v1,L1_ELIGIBILITY,v2026-08-11,2026-03-21..2026-08-06,baccarat_bet02_101_all_pairs_incl_sentinel,round_win = game_pnl > 0 (decisive only),COMPATIBILITY_ONLY_NOT_PRODUCTION,557989.4742,504875.3716,9878.7574,24851,24505,-0.01770420,0.00338982,-0.02772422,-0.01770420,-9878.7574,557989.4742,OK,0.0000,395.1503,4.0000,96.0000,AG03-UNRESOLVED,ALL5_LEVELS_bet23_to_bet27,395.1503,395.1503,395.1503,0.0000,0.0000,4.000000,4.000000,4.000000,0.000000,0.000000,96.000000,96.000000,96.000000,100.000000,100.000000,5.0,1185.4509,1138.6651,8693.3065,8740.0923,PENDING_AG03,FALSE,NOT_FOR_ENFORCEMENT,9483.6071,484680.3568,9878.7574,9483.6071,395.1503,0.01770420,0.01699603,395.1503,9483.6071,0.01699603,395.1503,395.1503,395.1503,0.0000,0.0000,9483.6071,0.01699603,1185.4509,1138.6651,8693.3065,8740.0923,0.01557970,0.01566354,0.00070817,22.4534,20.6030,0.4031,82.3230,2.6463,4649.9123,204.2083,25.9152,21.1137,12.8578,14.5296,26.176,48.8436,54.2173,102.8621,13.088,0.0,3.731508,7.079487,1.545355,30,207,63,6,0.32204186,0.01770420,-0.00338982,0E-8,0.000000,0.904812,0.002133,0.03111404,2026-03-21,2026-08-06,120,3733,1703,139,0.863309,1.227414,1.154177,1.073473,,,,,,,,GLOBAL_BASELINE_NO_ENTITY_RANKING,,,NOT_APPLICABLE_GLOBAL_BASELINE,HF9g-P5,,,,X 全窗基线 · 不参与实体赏罚,15052511,1506,A168_HF9F_20260827_0900,2026-08-27 09:00:00
2026-05-14,127529701,1623,0,11.6755746977,1.2972860775,1.2972860775,0.5000000,2,2,0.49324550000000000,0.493245500000,0.01910635448239258,0.01910635448239258,0.01910635448239258,0E-17,ELIGIBLE,R03b_20260811_FULL_v1,L1_ELIGIBILITY,v2026-08-11,2026-03-21..2026-08-06,baccarat_bet02_101_all_pairs_incl_sentinel,round_win = game_pnl > 0 (decisive only),COMPATIBILITY_ONLY_NOT_PRODUCTION,557989.4742,504875.3716,9878.7574,24851,24505,-0.01770420,0.00338982,-0.02772422,-0.01770420,-9878.7574,557989.4742,OK,0.0000,395.1503,4.0000,96.0000,AG03-UNRESOLVED,ALL5_LEVELS_bet23_to_bet27,395.1503,395.1503,395.1503,0.0000,0.0000,4.000000,4.000000,4.000000,0.000000,0.000000,96.000000,96.000000,96.000000,100.000000,100.000000,5.0,1185.4509,1138.6651,8693.3065,8740.0923,PENDING_AG03,FALSE,NOT_FOR_ENFORCEMENT,9483.6071,484680.3568,9878.7574,9483.6071,395.1503,0.01770420,0.01699603,395.1503,9483.6071,0.01699603,395.1503,395.1503,395.1503,0.0000,0.0000,9483.6071,0.01699603,1185.4509,1138.6651,8693.3065,8740.0923,0.01557970,0.01566354,0.00070817,22.4534,20.6030,0.4031,82.3230,2.6463,4649.9123,204.2083,25.9152,21.1137,12.8578,14.5296,26.176,48.8436,54.2173,102.8621,13.088,0.0,3.731508,7.079487,1.545355,30,207,63,6,0.32204186,0.01770420,-0.00338982,0E-8,0.000000,0.904812,0.002133,0.03111404,2026-03-21,2026-08-06,120,3733,1703,139,0.863309,1.227414,1.154177,1.073473,,,,,,,,GLOBAL_BASELINE_NO_ENTITY_RANKING,,,NOT_APPLICABLE_GLOBAL_BASELINE,HF9g-P5,,,,X 全窗基线 · 不参与实体赏罚,15052512,1506,A168_HF9F_20260827_0900,2026-08-27 09:00:00
2026-05-14,127529701,1710,0,77.0587930050,-56.3022157646,-56.3022157646,0.2500000,4,4,0.50329940000000000,0.503299400000,-1.013219660140378,-1.013219660140378,-1.013219660140378,0E-17,ELIGIBLE,R03b_20260811_FULL_v1,L1_ELIGIBILITY,v2026-08-11,2026-03-21..2026-08-06,baccarat_bet02_101_all_pairs_incl_sentinel,round_win = game_pnl > 0 (decisive only),COMPATIBILITY_ONLY_NOT_PRODUCTION,557989.4742,504875.3716,9878.7574,24851,24505,-0.01770420,0.00338982,-0.02772422,-0.01770420,-9878.7574,557989.4742,OK,0.0000,395.1503,4.0000,96.0000,AG03-UNRESOLVED,ALL5_LEVELS_bet23_to_bet27,395.1503,395.1503,395.1503,0.0000,0.0000,4.000000,4.000000,4.000000,0.000000,0.000000,96.000000,96.000000,96.000000,100.000000,100.000000,5.0,1185.4509,1138.6651,8693.3065,8740.0923,PENDING_AG03,FALSE,NOT_FOR_ENFORCEMENT,9483.6071,484680.3568,9878.7574,9483.6071,395.1503,0.01770420,0.01699603,395.1503,9483.6071,0.01699603,395.1503,395.1503,395.1503,0.0000,0.0000,9483.6071,0.01699603,1185.4509,1138.6651,8693.3065,8740.0923,0.01557970,0.01566354,0.00070817,22.4534,20.6030,0.4031,82.3230,2.6463,4649.9123,204.2083,25.9152,21.1137,12.8578,14.5296,26.176,48.8436,54.2173,102.8621,13.088,0.0,3.731508,7.079487,1.545355,30,207,63,6,0.32204186,0.01770420,-0.00338982,0E-8,0.000000,0.904812,0.002133,0.03111404,2026-03-21,2026-08-06,120,3733,1703,139,0.863309,1.227414,1.154177,1.073473,,,,,,,,GLOBAL_BASELINE_NO_ENTITY_RANKING,,,NOT_APPLICABLE_GLOBAL_BASELINE,HF9g-P5,,,,X 全窗基线 · 不参与实体赏罚,15052513,1506,A168_HF9F_20260827_0900,2026-08-27 09:00:00
2026-05-14,127529701,2093,0,413.5748015151,-0.0908100254,-0.0908100254,0.4285714,23,23,0.49965668260869565,0.499656682609,-0.6515072684240958,-0.6515072684268848,-0.6515072684240958,-3.0435E-13,ELIGIBLE,R03b_20260811_FULL_v1,L1_ELIGIBILITY,v2026-08-11,2026-03-21..2026-08-06,baccarat_bet02_101_all_pairs_incl_sentinel,round_win = game_pnl > 0 (decisive only),COMPATIBILITY_ONLY_NOT_PRODUCTION,557989.4742,504875.3716,9878.7574,24851,24505,-0.01770420,0.00338982,-0.02772422,-0.01770420,-9878.7574,557989.4742,OK,0.0000,395.1503,4.0000,96.0000,AG03-UNRESOLVED,ALL5_LEVELS_bet23_to_bet27,395.1503,395.1503,395.1503,0.0000,0.0000,4.000000,4.000000,4.000000,0.000000,0.000000,96.000000,96.000000,96.000000,100.000000,100.000000,5.0,1185.4509,1138.6651,8693.3065,8740.0923,PENDING_AG03,FALSE,NOT_FOR_ENFORCEMENT,9483.6071,484680.3568,9878.7574,9483.6071,395.1503,0.01770420,0.01699603,395.1503,9483.6071,0.01699603,395.1503,395.1503,395.1503,0.0000,0.0000,9483.6071,0.01699603,1185.4509,1138.6651,8693.3065,8740.0923,0.01557970,0.01566354,0.00070817,22.4534,20.6030,0.4031,82.3230,2.6463,4649.9123,204.2083,25.9152,21.1137,12.8578,14.5296,26.176,48.8436,54.2173,102.8621,13.088,0.0,3.731508,7.079487,1.545355,30,207,63,6,0.32204186,0.01770420,-0.00338982,0E-8,0.000000,0.904812,0.002133,0.03111404,2026-03-21,2026-08-06,120,3733,1703,139,0.863309,1.227414,1.154177,1.073473,,,,,,,,GLOBAL_BASELINE_NO_ENTITY_RANKING,,,NOT_APPLICABLE_GLOBAL_BASELINE,HF9g-P5,,,,X 全窗基线 · 不参与实体赏罚,15052514,1506,A168_HF9F_20260827_0900,2026-08-27 09:00:00
2026-05-14,127529701,2101,0,64.8643038763,-39.5672253645,-39.5672253645,0.2500000,4,4,0.50329940000000000,0.503299400000,-1.013219660140378,-1.013219660140378,-1.013219660140378,0E-17,ELIGIBLE,R03b_20260811_FULL_v1,L1_ELIGIBILITY,v2026-08-11,2026-03-21..2026-08-06,baccarat_bet02_101_all_pairs_incl_sentinel,round_win = game_pnl > 0 (decisive only),COMPATIBILITY_ONLY_NOT_PRODUCTION,557989.4742,504875.3716,9878.7574,24851,24505,-0.01770420,0.00338982,-0.02772422,-0.01770420,-9878.7574,557989.4742,OK,0.0000,395.1503,4.0000,96.0000,AG03-UNRESOLVED,ALL5_LEVELS_bet23_to_bet27,395.1503,395.1503,395.1503,0.0000,0.0000,4.000000,4.000000,4.000000,0.000000,0.000000,96.000000,96.000000,96.000000,100.000000,100.000000,5.0,1185.4509,1138.6651,8693.3065,8740.0923,PENDING_AG03,FALSE,NOT_FOR_ENFORCEMENT,9483.6071,484680.3568,9878.7574,9483.6071,395.1503,0.01770420,0.01699603,395.1503,9483.6071,0.01699603,395.1503,395.1503,395.1503,0.0000,0.0000,9483.6071,0.01699603,1185.4509,1138.6651,8693.3065,8740.0923,0.01557970,0.01566354,0.00070817,22.4534,20.6030,0.4031,82.3230,2.6463,4649.9123,204.2083,25.9152,21.1137,12.8578,14.5296,26.176,48.8436,54.2173,102.8621,13.088,0.0,3.731508,7.079487,1.545355,30,207,63,6,0.32204186,0.01770420,-0.00338982,0E-8,0.000000,0.904812,0.002133,0.03111404,2026-03-21,2026-08-06,120,3733,1703,139,0.863309,1.227414,1.154177,1.073473,,,,,,,,GLOBAL_BASELINE_NO_ENTITY_RANKING,,,NOT_APPLICABLE_GLOBAL_BASELINE,HF9g-P5,,,,X 全窗基线 · 不参与实体赏罚,15052515,1506,A168_HF9F_20260827_0900,2026-08-27 09:00:00
2026-05-14,127529701,2141,0,176.1714493280,73.8674692545,73.8674692545,0.6666667,14,14,0.49611804285714286,0.496118042857,1.1816311403294883,1.1816311403304807,1.1816311403294883,1.4286E-13,ELIGIBLE,R03b_20260811_FULL_v1,L1_ELIGIBILITY,v2026-08-11,2026-03-21..2026-08-06,baccarat_bet02_101_all_pairs_incl_sentinel,round_win = game_pnl > 0 (decisive only),COMPATIBILITY_ONLY_NOT_PRODUCTION,557989.4742,504875.3716,9878.7574,24851,24505,-0.01770420,0.00338982,-0.02772422,-0.01770420,-9878.7574,557989.4742,OK,0.0000,395.1503,4.0000,96.0000,AG03-UNRESOLVED,ALL5_LEVELS_bet23_to_bet27,395.1503,395.1503,395.1503,0.0000,0.0000,4.000000,4.000000,4.000000,0.000000,0.000000,96.000000,96.000000,96.000000,100.000000,100.000000,5.0,1185.4509,1138.6651,8693.3065,8740.0923,PENDING_AG03,FALSE,NOT_FOR_ENFORCEMENT,9483.6071,484680.3568,9878.7574,9483.6071,395.1503,0.01770420,0.01699603,395.1503,9483.6071,0.01699603,395.1503,395.1503,395.1503,0.0000,0.0000,9483.6071,0.01699603,1185.4509,1138.6651,8693.3065,8740.0923,0.01557970,0.01566354,0.00070817,22.4534,20.6030,0.4031,82.3230,2.6463,4649.9123,204.2083,25.9152,21.1137,12.8578,14.5296,26.176,48.8436,54.2173,102.8621,13.088,0.0,3.731508,7.079487,1.545355,30,207,63,6,0.32204186,0.01770420,-0.00338982,0E-8,0.000000,0.904812,0.002133,0.03111404,2026-03-21,2026-08-06,120,3733,1703,139,0.863309,1.227414,1.154177,1.073473,,,,,,,,GLOBAL_BASELINE_NO_ENTITY_RANKING,,,NOT_APPLICABLE_GLOBAL_BASELINE,HF9g-P5,,,,X 全窗基线 · 不参与实体赏罚,15052516,1506,A168_HF9F_20260827_0900,2026-08-27 09:00:00
2026-05-14,127529701,2142,0,124.2800062270,-35.2342898656,-35.2342898656,0.4285714,9,7,0.44397602380952381,0.443976023810,-0.08203001544078745,-0.0820300154433143,-0.08203001544078745,-4.7619E-13,ELIGIBLE,R03b_20260811_FULL_v1,L1_ELIGIBILITY,v2026-08-11,2026-03-21..2026-08-06,baccarat_bet02_101_all_pairs_incl_sentinel,round_win = game_pnl > 0 (decisive only),COMPATIBILITY_ONLY_NOT_PRODUCTION,557989.4742,504875.3716,9878.7574,24851,24505,-0.01770420,0.00338982,-0.02772422,-0.01770420,-9878.7574,557989.4742,OK,0.0000,395.1503,4.0000,96.0000,AG03-UNRESOLVED,ALL5_LEVELS_bet23_to_bet27,395.1503,395.1503,395.1503,0.0000,0.0000,4.000000,4.000000,4.000000,0.000000,0.000000,96.000000,96.000000,96.000000,100.000000,100.000000,5.0,1185.4509,1138.6651,8693.3065,8740.0923,PENDING_AG03,FALSE,NOT_FOR_ENFORCEMENT,9483.6071,484680.3568,9878.7574,9483.6071,395.1503,0.01770420,0.01699603,395.1503,9483.6071,0.01699603,395.1503,395.1503,395.1503,0.0000,0.0000,9483.6071,0.01699603,1185.4509,1138.6651,8693.3065,8740.0923,0.01557970,0.01566354,0.00070817,22.4534,20.6030,0.4031,82.3230,2.6463,4649.9123,204.2083,25.9152,21.1137,12.8578,14.5296,26.176,48.8436,54.2173,102.8621,13.088,0.0,3.731508,7.079487,1.545355,30,207,63,6,0.32204186,0.01770420,-0.00338982,0E-8,0.000000,0.904812,0.002133,0.03111404,2026-03-21,2026-08-06,120,3733,1703,139,0.863309,1.227414,1.154177,1.073473,,,,,,,,GLOBAL_BASELINE_NO_ENTITY_RANKING,,,NOT_APPLICABLE_GLOBAL_BASELINE,HF9g-P5,,,,X 全窗基线 · 不参与实体赏罚,15052517,1506,A168_HF9F_20260827_0900,2026-08-27 09:00:00
2026-05-14,127529701,2147,0,319.1323750715,36.3240101707,36.3240101707,0.4545455,11,11,0.49812011818181818,0.498120118182,-0.28904366223770966,-0.2890436622389153,-0.28904366223770966,-1.8182E-13,ELIGIBLE,R03b_20260811_FULL_v1,L1_ELIGIBILITY,v2026-08-11,2026-03-21..2026-08-06,baccarat_bet02_101_all_pairs_incl_sentinel,round_win = game_pnl > 0 (decisive only),COMPATIBILITY_ONLY_NOT_PRODUCTION,557989.4742,504875.3716,9878.7574,24851,24505,-0.01770420,0.00338982,-0.02772422,-0.01770420,-9878.7574,557989.4742,OK,0.0000,395.1503,4.0000,96.0000,AG03-UNRESOLVED,ALL5_LEVELS_bet23_to_bet27,395.1503,395.1503,395.1503,0.0000,0.0000,4.000000,4.000000,4.000000,0.000000,0.000000,96.000000,96.000000,96.000000,100.000000,100.000000,5.0,1185.4509,1138.6651,8693.3065,8740.0923,PENDING_AG03,FALSE,NOT_FOR_ENFORCEMENT,9483.6071,484680.3568,9878.7574,9483.6071,395.1503,0.01770420,0.01699603,395.1503,9483.6071,0.01699603,395.1503,395.1503,395.1503,0.0000,0.0000,9483.6071,0.01699603,1185.4509,1138.6651,8693.3065,8740.0923,0.01557970,0.01566354,0.00070817,22.4534,20.6030,0.4031,82.3230,2.6463,4649.9123,204.2083,25.9152,21.1137,12.8578,14.5296,26.176,48.8436,54.2173,102.8621,13.088,0.0,3.731508,7.079487,1.545355,30,207,63,6,0.32204186,0.01770420,-0.00338982,0E-8,0.000000,0.904812,0.002133,0.03111404,2026-03-21,2026-08-06,120,3733,1703,139,0.863309,1.227414,1.154177,1.073473,,,,,,,,GLOBAL_BASELINE_NO_ENTITY_RANKING,,,NOT_APPLICABLE_GLOBAL_BASELINE,HF9g-P5,,,,X 全窗基线 · 不参与实体赏罚,15052518,1506,A168_HF9F_20260827_0900,2026-08-27 09:00:00
2026-05-14,127529701,2155,0,49.2968709460,-8.4323595039,-8.4323595039,0.3333333,4,4,0.49994810000000000,0.499948100000,-0.5771704854251445,-0.5771704854251445,-0.5771704854251445,0E-17,ELIGIBLE,R03b_20260811_FULL_v1,L1_ELIGIBILITY,v2026-08-11,2026-03-21..2026-08-06,baccarat_bet02_101_all_pairs_incl_sentinel,round_win = game_pnl > 0 (decisive only),COMPATIBILITY_ONLY_NOT_PRODUCTION,557989.4742,504875.3716,9878.7574,24851,24505,-0.01770420,0.00338982,-0.02772422,-0.01770420,-9878.7574,557989.4742,OK,0.0000,395.1503,4.0000,96.0000,AG03-UNRESOLVED,ALL5_LEVELS_bet23_to_bet27,395.1503,395.1503,395.1503,0.0000,0.0000,4.000000,4.000000,4.000000,0.000000,0.000000,96.000000,96.000000,96.000000,100.000000,100.000000,5.0,1185.4509,1138.6651,8693.3065,8740.0923,PENDING_AG03,FALSE,NOT_FOR_ENFORCEMENT,9483.6071,484680.3568,9878.7574,9483.6071,395.1503,0.01770420,0.01699603,395.1503,9483.6071,0.01699603,395.1503,395.1503,395.1503,0.0000,0.0000,9483.6071,0.01699603,1185.4509,1138.6651,8693.3065,8740.0923,0.01557970,0.01566354,0.00070817,22.4534,20.6030,0.4031,82.3230,2.6463,4649.9123,204.2083,25.9152,21.1137,12.8578,14.5296,26.176,48.8436,54.2173,102.8621,13.088,0.0,3.731508,7.079487,1.545355,30,207,63,6,0.32204186,0.01770420,-0.00338982,0E-8,0.000000,0.904812,0.002133,0.03111404,2026-03-21,2026-08-06,120,3733,1703,139,0.863309,1.227414,1.154177,1.073473,,,,,,,,GLOBAL_BASELINE_NO_ENTITY_RANKING,,,NOT_APPLICABLE_GLOBAL_BASELINE,HF9g-P5,,,,X 全窗基线 · 不参与实体赏罚,15052519,1506,A168_HF9F_20260827_0900,2026-08-27 09:00:00
2026-05-14,127529701,2177,0,113.3828031758,38.9185823257,38.9185823257,0.7142857,8,8,0.49827245000000000,0.498272450000,1.14304157705577,1.14304157705577,1.14304157705577,0E-17,ELIGIBLE,R03b_20260811_FULL_v1,L1_ELIGIBILITY,v2026-08-11,2026-03-21..2026-08-06,baccarat_bet02_101_all_pairs_incl_sentinel,round_win = game_pnl > 0 (decisive only),COMPATIBILITY_ONLY_NOT_PRODUCTION,557989.4742,504875.3716,9878.7574,24851,24505,-0.01770420,0.00338982,-0.02772422,-0.01770420,-9878.7574,557989.4742,OK,0.0000,395.1503,4.0000,96.0000,AG03-UNRESOLVED,ALL5_LEVELS_bet23_to_bet27,395.1503,395.1503,395.1503,0.0000,0.0000,4.000000,4.000000,4.000000,0.000000,0.000000,96.000000,96.000000,96.000000,100.000000,100.000000,5.0,1185.4509,1138.6651,8693.3065,8740.0923,PENDING_AG03,FALSE,NOT_FOR_ENFORCEMENT,9483.6071,484680.3568,9878.7574,9483.6071,395.1503,0.01770420,0.01699603,395.1503,9483.6071,0.01699603,395.1503,395.1503,395.1503,0.0000,0.0000,9483.6071,0.01699603,1185.4509,1138.6651,8693.3065,8740.0923,0.01557970,0.01566354,0.00070817,22.4534,20.6030,0.4031,82.3230,2.6463,4649.9123,204.2083,25.9152,21.1137,12.8578,14.5296,26.176,48.8436,54.2173,102.8621,13.088,0.0,3.731508,7.079487,1.545355,30,207,63,6,0.32204186,0.01770420,-0.00338982,0E-8,0.000000,0.904812,0.002133,0.03111404,2026-03-21,2026-08-06,120,3733,1703,139,0.863309,1.227414,1.154177,1.073473,,,,,,,,GLOBAL_BASELINE_NO_ENTITY_RANKING,,,NOT_APPLICABLE_GLOBAL_BASELINE,HF9g-P5,,,,X 全窗基线 · 不参与实体赏罚,15052520,1506,A168_HF9F_20260827_0900,2026-08-27 09:00:00
2026-05-14,127529701,2233,0,111.0476882363,-3.6324010171,-3.6324010171,0.5000000,7,6,0.46449367500000000,0.464493675000,0.17438500755623051,0.17438500755623051,0.17438500755623051,0E-17,ELIGIBLE,R03b_20260811_FULL_v1,L1_ELIGIBILITY,v2026-08-11,2026-03-21..2026-08-06,baccarat_bet02_101_all_pairs_incl_sentinel,round_win = game_pnl > 0 (decisive only),COMPATIBILITY_ONLY_NOT_PRODUCTION,557989.4742,504875.3716,9878.7574,24851,24505,-0.01770420,0.00338982,-0.02772422,-0.01770420,-9878.7574,557989.4742,OK,0.0000,395.1503,4.0000,96.0000,AG03-UNRESOLVED,ALL5_LEVELS_bet23_to_bet27,395.1503,395.1503,395.1503,0.0000,0.0000,4.000000,4.000000,4.000000,0.000000,0.000000,96.000000,96.000000,96.000000,100.000000,100.000000,5.0,1185.4509,1138.6651,8693.3065,8740.0923,PENDING_AG03,FALSE,NOT_FOR_ENFORCEMENT,9483.6071,484680.3568,9878.7574,9483.6071,395.1503,0.01770420,0.01699603,395.1503,9483.6071,0.01699603,395.1503,395.1503,395.1503,0.0000,0.0000,9483.6071,0.01699603,1185.4509,1138.6651,8693.3065,8740.0923,0.01557970,0.01566354,0.00070817,22.4534,20.6030,0.4031,82.3230,2.6463,4649.9123,204.2083,25.9152,21.1137,12.8578,14.5296,26.176,48.8436,54.2173,102.8621,13.088,0.0,3.731508,7.079487,1.545355,30,207,63,6,0.32204186,0.01770420,-0.00338982,0E-8,0.000000,0.904812,0.002133,0.03111404,2026-03-21,2026-08-06,120,3733,1703,139,0.863309,1.227414,1.154177,1.073473,,,,,,,,GLOBAL_BASELINE_NO_ENTITY_RANKING,,,NOT_APPLICABLE_GLOBAL_BASELINE,HF9g-P5,,,,X 全窗基线 · 不参与实体赏罚,15052521,1506,A168_HF9F_20260827_0900,2026-08-27 09:00:00
2026-05-14,127529701,2239,0,187.0686523794,10.3782886199,10.3782886199,0.5000000,17,15,0.47204043777777778,0.472040437778,0.20955810025944227,0.2095581002577715,0.20955810025944227,-2.2222E-13,ELIGIBLE,R03b_20260811_FULL_v1,L1_ELIGIBILITY,v2026-08-11,2026-03-21..2026-08-06,baccarat_bet02_101_all_pairs_incl_sentinel,round_win = game_pnl > 0 (decisive only),COMPATIBILITY_ONLY_NOT_PRODUCTION,557989.4742,504875.3716,9878.7574,24851,24505,-0.01770420,0.00338982,-0.02772422,-0.01770420,-9878.7574,557989.4742,OK,0.0000,395.1503,4.0000,96.0000,AG03-UNRESOLVED,ALL5_LEVELS_bet23_to_bet27,395.1503,395.1503,395.1503,0.0000,0.0000,4.000000,4.000000,4.000000,0.000000,0.000000,96.000000,96.000000,96.000000,100.000000,100.000000,5.0,1185.4509,1138.6651,8693.3065,8740.0923,PENDING_AG03,FALSE,NOT_FOR_ENFORCEMENT,9483.6071,484680.3568,9878.7574,9483.6071,395.1503,0.01770420,0.01699603,395.1503,9483.6071,0.01699603,395.1503,395.1503,395.1503,0.0000,0.0000,9483.6071,0.01699603,1185.4509,1138.6651,8693.3065,8740.0923,0.01557970,0.01566354,0.00070817,22.4534,20.6030,0.4031,82.3230,2.6463,4649.9123,204.2083,25.9152,21.1137,12.8578,14.5296,26.176,48.8436,54.2173,102.8621,13.088,0.0,3.731508,7.079487,1.545355,30,207,63,6,0.32204186,0.01770420,-0.00338982,0E-8,0.000000,0.904812,0.002133,0.03111404,2026-03-21,2026-08-06,120,3733,1703,139,0.863309,1.227414,1.154177,1.073473,,,,,,,,GLOBAL_BASELINE_NO_ENTITY_RANKING,,,NOT_APPLICABLE_GLOBAL_BASELINE,HF9g-P5,,,,X 全窗基线 · 不参与实体赏罚,15052522,1506,A168_HF9F_20260827_0900,2026-08-27 09:00:00
2026-05-14,127529701,2246,0,304.0838565720,34.7283482954,34.7283482954,0.6111111,19,19,0.49888979473684211,0.498889794737,0.9522317929835105,0.9522317929821701,0.9522317929835105,-1.5789E-13,ELIGIBLE,R03b_20260811_FULL_v1,L1_ELIGIBILITY,v2026-08-11,2026-03-21..2026-08-06,baccarat_bet02_101_all_pairs_incl_sentinel,round_win = game_pnl > 0 (decisive only),COMPATIBILITY_ONLY_NOT_PRODUCTION,557989.4742,504875.3716,9878.7574,24851,24505,-0.01770420,0.00338982,-0.02772422,-0.01770420,-9878.7574,557989.4742,OK,0.0000,395.1503,4.0000,96.0000,AG03-UNRESOLVED,ALL5_LEVELS_bet23_to_bet27,395.1503,395.1503,395.1503,0.0000,0.0000,4.000000,4.000000,4.000000,0.000000,0.000000,96.000000,96.000000,96.000000,100.000000,100.000000,5.0,1185.4509,1138.6651,8693.3065,8740.0923,PENDING_AG03,FALSE,NOT_FOR_ENFORCEMENT,9483.6071,484680.3568,9878.7574,9483.6071,395.1503,0.01770420,0.01699603,395.1503,9483.6071,0.01699603,395.1503,395.1503,395.1503,0.0000,0.0000,9483.6071,0.01699603,1185.4509,1138.6651,8693.3065,8740.0923,0.01557970,0.01566354,0.00070817,22.4534,20.6030,0.4031,82.3230,2.6463,4649.9123,204.2083,25.9152,21.1137,12.8578,14.5296,26.176,48.8436,54.2173,102.8621,13.088,0.0,3.731508,7.079487,1.545355,30,207,63,6,0.32204186,0.01770420,-0.00338982,0E-8,0.000000,0.904812,0.002133,0.03111404,2026-03-21,2026-08-06,120,3733,1703,139,0.863309,1.227414,1.154177,1.073473,,,,,,,,GLOBAL_BASELINE_NO_ENTITY_RANKING,,,NOT_APPLICABLE_GLOBAL_BASELINE,HF9g-P5,,,,X 全窗基线 · 不参与实体赏罚,15052523,1506,A168_HF9F_20260827_0900,2026-08-27 09:00:00
2026-05-14,127529701,2251,0,137.7717814333,-22.7414249391,-22.7414249391,0.3000000,11,11,0.49933877272727273,0.499338772727,-1.2607301980388668,-1.260730198037143,-1.2607301980388668,2.7273E-13,ELIGIBLE,R03b_20260811_FULL_v1,L1_ELIGIBILITY,v2026-08-11,2026-03-21..2026-08-06,baccarat_bet02_101_all_pairs_incl_sentinel,round_win = game_pnl > 0 (decisive only),COMPATIBILITY_ONLY_NOT_PRODUCTION,557989.4742,504875.3716,9878.7574,24851,24505,-0.01770420,0.00338982,-0.02772422,-0.01770420,-9878.7574,557989.4742,OK,0.0000,395.1503,4.0000,96.0000,AG03-UNRESOLVED,ALL5_LEVELS_bet23_to_bet27,395.1503,395.1503,395.1503,0.0000,0.0000,4.000000,4.000000,4.000000,0.000000,0.000000,96.000000,96.000000,96.000000,100.000000,100.000000,5.0,1185.4509,1138.6651,8693.3065,8740.0923,PENDING_AG03,FALSE,NOT_FOR_ENFORCEMENT,9483.6071,484680.3568,9878.7574,9483.6071,395.1503,0.01770420,0.01699603,395.1503,9483.6071,0.01699603,395.1503,395.1503,395.1503,0.0000,0.0000,9483.6071,0.01699603,1185.4509,1138.6651,8693.3065,8740.0923,0.01557970,0.01566354,0.00070817,22.4534,20.6030,0.4031,82.3230,2.6463,4649.9123,204.2083,25.9152,21.1137,12.8578,14.5296,26.176,48.8436,54.2173,102.8621,13.088,0.0,3.731508,7.079487,1.545355,30,207,63,6,0.32204186,0.01770420,-0.00338982,0E-8,0.000000,0.904812,0.002133,0.03111404,2026-03-21,2026-08-06,120,3733,1703,139,0.863309,1.227414,1.154177,1.073473,,,,,,,,GLOBAL_BASELINE_NO_ENTITY_RANKING,,,NOT_APPLICABLE_GLOBAL_BASELINE,HF9g-P5,,,,X 全窗基线 · 不参与实体赏罚,15052524,1506,A168_HF9F_20260827_0900,2026-08-27 09:00:00
2026-05-14,127529701,2274,0,192.5172539048,72.8426132531,72.8426132531,0.6153846,14,14,0.49899058571428571,0.498990585714,0.8393309946878182,0.8393309946898795,0.8393309946878182,2.8571E-13,ELIGIBLE,R03b_20260811_FULL_v1,L1_ELIGIBILITY,v2026-08-11,2026-03-21..2026-08-06,baccarat_bet02_101_all_pairs_incl_sentinel,round_win = game_pnl > 0 (decisive only),COMPATIBILITY_ONLY_NOT_PRODUCTION,557989.4742,504875.3716,9878.7574,24851,24505,-0.01770420,0.00338982,-0.02772422,-0.01770420,-9878.7574,557989.4742,OK,0.0000,395.1503,4.0000,96.0000,AG03-UNRESOLVED,ALL5_LEVELS_bet23_to_bet27,395.1503,395.1503,395.1503,0.0000,0.0000,4.000000,4.000000,4.000000,0.000000,0.000000,96.000000,96.000000,96.000000,100.000000,100.000000,5.0,1185.4509,1138.6651,8693.3065,8740.0923,PENDING_AG03,FALSE,NOT_FOR_ENFORCEMENT,9483.6071,484680.3568,9878.7574,9483.6071,395.1503,0.01770420,0.01699603,395.1503,9483.6071,0.01699603,395.1503,395.1503,395.1503,0.0000,0.0000,9483.6071,0.01699603,1185.4509,1138.6651,8693.3065,8740.0923,0.01557970,0.01566354,0.00070817,22.4534,20.6030,0.4031,82.3230,2.6463,4649.9123,204.2083,25.9152,21.1137,12.8578,14.5296,26.176,48.8436,54.2173,102.8621,13.088,0.0,3.731508,7.079487,1.545355,30,207,63,6,0.32204186,0.01770420,-0.00338982,0E-8,0.000000,0.904812,0.002133,0.03111404,2026-03-21,2026-08-06,120,3733,1703,139,0.863309,1.227414,1.154177,1.073473,,,,,,,,GLOBAL_BASELINE_NO_ENTITY_RANKING,,,NOT_APPLICABLE_GLOBAL_BASELINE,HF9g-P5,,,,X 全窗基线 · 不参与实体赏罚,15052525,1506,A168_HF9F_20260827_0900,2026-08-27 09:00:00
2026-05-14,127529701,471,0,245.9654402993,46.5725701830,46.5725701830,0.5384615,18,16,0.48794942361113680,0.481950085417,0.36435387593184737,0.4077756759840401,0.36435387593184737,0.00599933819413680,ELIGIBLE,R03b_20260811_FULL_v1,L1_ELIGIBILITY,v2026-08-11,2026-03-21..2026-08-06,baccarat_bet02_101_all_pairs_incl_sentinel,round_win = game_pnl > 0 (decisive only),COMPATIBILITY_ONLY_NOT_PRODUCTION,557989.4742,504875.3716,9878.7574,24851,24505,-0.01770420,0.00338982,-0.02772422,-0.01770420,-9878.7574,557989.4742,OK,0.0000,395.1503,4.0000,96.0000,AG03-UNRESOLVED,ALL5_LEVELS_bet23_to_bet27,395.1503,395.1503,395.1503,0.0000,0.0000,4.000000,4.000000,4.000000,0.000000,0.000000,96.000000,96.000000,96.000000,100.000000,100.000000,5.0,1185.4509,1138.6651,8693.3065,8740.0923,PENDING_AG03,FALSE,NOT_FOR_ENFORCEMENT,9483.6071,484680.3568,9878.7574,9483.6071,395.1503,0.01770420,0.01699603,395.1503,9483.6071,0.01699603,395.1503,395.1503,395.1503,0.0000,0.0000,9483.6071,0.01699603,1185.4509,1138.6651,8693.3065,8740.0923,0.01557970,0.01566354,0.00070817,22.4534,20.6030,0.4031,82.3230,2.6463,4649.9123,204.2083,25.9152,21.1137,12.8578,14.5296,26.176,48.8436,54.2173,102.8621,13.088,0.0,3.731508,7.079487,1.545355,30,207,63,6,0.32204186,0.01770420,-0.00338982,0E-8,0.000000,0.904812,0.002133,0.03111404,2026-03-21,2026-08-06,120,3733,1703,139,0.863309,1.227414,1.154177,1.073473,,,,,,,,GLOBAL_BASELINE_NO_ENTITY_RANKING,,,NOT_APPLICABLE_GLOBAL_BASELINE,HF9g-P5,,,,X 全窗基线 · 不参与实体赏罚,15052526,1506,A168_HF9F_20260827_0900,2026-08-27 09:00:00
2026-05-14,127529701,752,0,103.7828862021,-10.3782886202,-10.3782886202,0.5000000,6,6,0.49547970000000000,0.495479700000,0.01808193895567044,0.01808193895567044,0.01808193895567044,0E-17,ELIGIBLE,R03b_20260811_FULL_v1,L1_ELIGIBILITY,v2026-08-11,2026-03-21..2026-08-06,baccarat_bet02_101_all_pairs_incl_sentinel,round_win = game_pnl > 0 (decisive only),COMPATIBILITY_ONLY_NOT_PRODUCTION,557989.4742,504875.3716,9878.7574,24851,24505,-0.01770420,0.00338982,-0.02772422,-0.01770420,-9878.7574,557989.4742,OK,0.0000,395.1503,4.0000,96.0000,AG03-UNRESOLVED,ALL5_LEVELS_bet23_to_bet27,395.1503,395.1503,395.1503,0.0000,0.0000,4.000000,4.000000,4.000000,0.000000,0.000000,96.000000,96.000000,96.000000,100.000000,100.000000,5.0,1185.4509,1138.6651,8693.3065,8740.0923,PENDING_AG03,FALSE,NOT_FOR_ENFORCEMENT,9483.6071,484680.3568,9878.7574,9483.6071,395.1503,0.01770420,0.01699603,395.1503,9483.6071,0.01699603,395.1503,395.1503,395.1503,0.0000,0.0000,9483.6071,0.01699603,1185.4509,1138.6651,8693.3065,8740.0923,0.01557970,0.01566354,0.00070817,22.4534,20.6030,0.4031,82.3230,2.6463,4649.9123,204.2083,25.9152,21.1137,12.8578,14.5296,26.176,48.8436,54.2173,102.8621,13.088,0.0,3.731508,7.079487,1.545355,30,207,63,6,0.32204186,0.01770420,-0.00338982,0E-8,0.000000,0.904812,0.002133,0.03111404,2026-03-21,2026-08-06,120,3733,1703,139,0.863309,1.227414,1.154177,1.073473,,,,,,,,GLOBAL_BASELINE_NO_ENTITY_RANKING,,,NOT_APPLICABLE_GLOBAL_BASELINE,HF9g-P5,,,,X 全窗基线 · 不参与实体赏罚,15052527,1506,A168_HF9F_20260827_0900,2026-08-27 09:00:00
2026-05-14,127529701,970,0,41.5131544808,40.7347828343,40.7347828343,1.0000000,2,2,0.49994810000000000,0.499948100000,1.4143603653603398,1.4143603653603398,1.4143603653603398,0E-17,ELIGIBLE,R03b_20260811_FULL_v1,L1_ELIGIBILITY,v2026-08-11,2026-03-21..2026-08-06,baccarat_bet02_101_all_pairs_incl_sentinel,round_win = game_pnl > 0 (decisive only),COMPATIBILITY_ONLY_NOT_PRODUCTION,557989.4742,504875.3716,9878.7574,24851,24505,-0.01770420,0.00338982,-0.02772422,-0.01770420,-9878.7574,557989.4742,OK,0.0000,395.1503,4.0000,96.0000,AG03-UNRESOLVED,ALL5_LEVELS_bet23_to_bet27,395.1503,395.1503,395.1503,0.0000,0.0000,4.000000,4.000000,4.000000,0.000000,0.000000,96.000000,96.000000,96.000000,100.000000,100.000000,5.0,1185.4509,1138.6651,8693.3065,8740.0923,PENDING_AG03,FALSE,NOT_FOR_ENFORCEMENT,9483.6071,484680.3568,9878.7574,9483.6071,395.1503,0.01770420,0.01699603,395.1503,9483.6071,0.01699603,395.1503,395.1503,395.1503,0.0000,0.0000,9483.6071,0.01699603,1185.4509,1138.6651,8693.3065,8740.0923,0.01557970,0.01566354,0.00070817,22.4534,20.6030,0.4031,82.3230,2.6463,4649.9123,204.2083,25.9152,21.1137,12.8578,14.5296,26.176,48.8436,54.2173,102.8621,13.088,0.0,3.731508,7.079487,1.545355,30,207,63,6,0.32204186,0.01770420,-0.00338982,0E-8,0.000000,0.904812,0.002133,0.03111404,2026-03-21,2026-08-06,120,3733,1703,139,0.863309,1.227414,1.154177,1.073473,,,,,,,,GLOBAL_BASELINE_NO_ENTITY_RANKING,,,NOT_APPLICABLE_GLOBAL_BASELINE,HF9g-P5,,,,X 全窗基线 · 不参与实体赏罚,15052528,1506,A168_HF9F_20260827_0900,2026-08-27 09:00:00
2026-05-15,127529701,-1,1,432.7746354630,153.0797571478,153.0797571478,0.6000000,22,22,0.49933877272727273,0.499338772727,0.9003421748197634,0.9003421748222036,0.9003421748197634,2.7273E-13,SENTINEL_DEALER,R03b_20260811_FULL_v1,L1_ELIGIBILITY,v2026-08-11,2026-03-21..2026-08-06,baccarat_bet02_101_all_pairs_incl_sentinel,round_win = game_pnl > 0 (decisive only),COMPATIBILITY_ONLY_NOT_PRODUCTION,557989.4742,504875.3716,9878.7574,24851,24505,-0.01770420,0.00338982,-0.02772422,-0.01770420,-9878.7574,557989.4742,OK,0.0000,395.1503,4.0000,96.0000,AG03-UNRESOLVED,ALL5_LEVELS_bet23_to_bet27,395.1503,395.1503,395.1503,0.0000,0.0000,4.000000,4.000000,4.000000,0.000000,0.000000,96.000000,96.000000,96.000000,100.000000,100.000000,5.0,1185.4509,1138.6651,8693.3065,8740.0923,PENDING_AG03,FALSE,NOT_FOR_ENFORCEMENT,9483.6071,484680.3568,9878.7574,9483.6071,395.1503,0.01770420,0.01699603,395.1503,9483.6071,0.01699603,395.1503,395.1503,395.1503,0.0000,0.0000,9483.6071,0.01699603,1185.4509,1138.6651,8693.3065,8740.0923,0.01557970,0.01566354,0.00070817,22.4534,20.6030,0.4031,82.3230,2.6463,4649.9123,204.2083,25.9152,21.1137,12.8578,14.5296,26.176,48.8436,54.2173,102.8621,13.088,0.0,3.731508,7.079487,1.545355,30,207,63,6,0.32204186,0.01770420,-0.00338982,0E-8,0.000000,0.904812,0.002133,0.03111404,2026-03-21,2026-08-06,120,3733,1703,139,0.863309,1.227414,1.154177,1.073473,,,,,,,,GLOBAL_BASELINE_NO_ENTITY_RANKING,,,NOT_APPLICABLE_GLOBAL_BASELINE,HF9g-P5,,,,X 全窗基线 · 不参与实体赏罚,15052529,1506,A168_HF9F_20260827_0900,2026-08-27 09:00:00
2026-05-15,127529701,1221,0,12.9728607753,0E-10,0E-10,,1,1,0.50665070000000000,0.506650700000,,,,0E-17,NO_DECISIVE_ROUND,R03b_20260811_FULL_v1,L1_ELIGIBILITY,v2026-08-11,2026-03-21..2026-08-06,baccarat_bet02_101_all_pairs_incl_sentinel,round_win = game_pnl > 0 (decisive only),COMPATIBILITY_ONLY_NOT_PRODUCTION,557989.4742,504875.3716,9878.7574,24851,24505,-0.01770420,0.00338982,-0.02772422,-0.01770420,-9878.7574,557989.4742,OK,0.0000,395.1503,4.0000,96.0000,AG03-UNRESOLVED,ALL5_LEVELS_bet23_to_bet27,395.1503,395.1503,395.1503,0.0000,0.0000,4.000000,4.000000,4.000000,0.000000,0.000000,96.000000,96.000000,96.000000,100.000000,100.000000,5.0,1185.4509,1138.6651,8693.3065,8740.0923,PENDING_AG03,FALSE,NOT_FOR_ENFORCEMENT,9483.6071,484680.3568,9878.7574,9483.6071,395.1503,0.01770420,0.01699603,395.1503,9483.6071,0.01699603,395.1503,395.1503,395.1503,0.0000,0.0000,9483.6071,0.01699603,1185.4509,1138.6651,8693.3065,8740.0923,0.01557970,0.01566354,0.00070817,22.4534,20.6030,0.4031,82.3230,2.6463,4649.9123,204.2083,25.9152,21.1137,12.8578,14.5296,26.176,48.8436,54.2173,102.8621,13.088,0.0,3.731508,7.079487,1.545355,30,207,63,6,0.32204186,0.01770420,-0.00338982,0E-8,0.000000,0.904812,0.002133,0.03111404,2026-03-21,2026-08-06,120,3733,1703,139,0.863309,1.227414,1.154177,1.073473,,,,,,,,GLOBAL_BASELINE_NO_ENTITY_RANKING,,,NOT_APPLICABLE_GLOBAL_BASELINE,HF9g-P5,,,,X 全窗基线 · 不参与实体赏罚,15052530,1506,A168_HF9F_20260827_0900,2026-08-27 09:00:00
2026-05-15,127529701,1304,0,31.1348658606,-31.1348658606,-31.1348658606,0E-7,1,1,0.49324550000000000,0.493245500000,-0.9865810262130424,-0.9865810262130424,-0.9865810262130424,0E-17,ELIGIBLE,R03b_20260811_FULL_v1,L1_ELIGIBILITY,v2026-08-11,2026-03-21..2026-08-06,baccarat_bet02_101_all_pairs_incl_sentinel,round_win = game_pnl > 0 (decisive only),COMPATIBILITY_ONLY_NOT_PRODUCTION,557989.4742,504875.3716,9878.7574,24851,24505,-0.01770420,0.00338982,-0.02772422,-0.01770420,-9878.7574,557989.4742,OK,0.0000,395.1503,4.0000,96.0000,AG03-UNRESOLVED,ALL5_LEVELS_bet23_to_bet27,395.1503,395.1503,395.1503,0.0000,0.0000,4.000000,4.000000,4.000000,0.000000,0.000000,96.000000,96.000000,96.000000,100.000000,100.000000,5.0,1185.4509,1138.6651,8693.3065,8740.0923,PENDING_AG03,FALSE,NOT_FOR_ENFORCEMENT,9483.6071,484680.3568,9878.7574,9483.6071,395.1503,0.01770420,0.01699603,395.1503,9483.6071,0.01699603,395.1503,395.1503,395.1503,0.0000,0.0000,9483.6071,0.01699603,1185.4509,1138.6651,8693.3065,8740.0923,0.01557970,0.01566354,0.00070817,22.4534,20.6030,0.4031,82.3230,2.6463,4649.9123,204.2083,25.9152,21.1137,12.8578,14.5296,26.176,48.8436,54.2173,102.8621,13.088,0.0,3.731508,7.079487,1.545355,30,207,63,6,0.32204186,0.01770420,-0.00338982,0E-8,0.000000,0.904812,0.002133,0.03111404,2026-03-21,2026-08-06,120,3733,1703,139,0.863309,1.227414,1.154177,1.073473,,,,,,,,GLOBAL_BASELINE_NO_ENTITY_RANKING,,,NOT_APPLICABLE_GLOBAL_BASELINE,HF9g-P5,,,,X 全窗基线 · 不参与实体赏罚,15052531,1506,A168_HF9F_20260827_0900,2026-08-27 09:00:00
2026-05-15,127529701,1306,0,141.4041824503,-38.9185823258,-38.9185823258,0.2500000,8,8,0.49994810000000000,0.499948100000,-1.4139199792546444,-1.4139199792546444,-1.4139199792546444,0E-17,ELIGIBLE,R03b_20260811_FULL_v1,L1_ELIGIBILITY,v2026-08-11,2026-03-21..2026-08-06,baccarat_bet02_101_all_pairs_incl_sentinel,round_win = game_pnl > 0 (decisive only),COMPATIBILITY_ONLY_NOT_PRODUCTION,557989.4742,504875.3716,9878.7574,24851,24505,-0.01770420,0.00338982,-0.02772422,-0.01770420,-9878.7574,557989.4742,OK,0.0000,395.1503,4.0000,96.0000,AG03-UNRESOLVED,ALL5_LEVELS_bet23_to_bet27,395.1503,395.1503,395.1503,0.0000,0.0000,4.000000,4.000000,4.000000,0.000000,0.000000,96.000000,96.000000,96.000000,100.000000,100.000000,5.0,1185.4509,1138.6651,8693.3065,8740.0923,PENDING_AG03,FALSE,NOT_FOR_ENFORCEMENT,9483.6071,484680.3568,9878.7574,9483.6071,395.1503,0.01770420,0.01699603,395.1503,9483.6071,0.01699603,395.1503,395.1503,395.1503,0.0000,0.0000,9483.6071,0.01699603,1185.4509,1138.6651,8693.3065,8740.0923,0.01557970,0.01566354,0.00070817,22.4534,20.6030,0.4031,82.3230,2.6463,4649.9123,204.2083,25.9152,21.1137,12.8578,14.5296,26.176,48.8436,54.2173,102.8621,13.088,0.0,3.731508,7.079487,1.545355,30,207,63,6,0.32204186,0.01770420,-0.00338982,0E-8,0.000000,0.904812,0.002133,0.03111404,2026-03-21,2026-08-06,120,3733,1703,139,0.863309,1.227414,1.154177,1.073473,,,,,,,,GLOBAL_BASELINE_NO_ENTITY_RANKING,,,NOT_APPLICABLE_GLOBAL_BASELINE,HF9g-P5,,,,X 全窗基线 · 不参与实体赏罚,15052532,1506,A168_HF9F_20260827_0900,2026-08-27 09:00:00
2026-05-15,127529701,1307,0,142.4420113126,36.8169788802,36.8169788802,0.6666667,10,10,0.49994810000000000,0.499948100000,1.0003114053888977,1.0003114053888977,1.0003114053888977,0E-17,ELIGIBLE,R03b_20260811_FULL_v1,L1_ELIGIBILITY,v2026-08-11,2026-03-21..2026-08-06,baccarat_bet02_101_all_pairs_incl_sentinel,round_win = game_pnl > 0 (decisive only),COMPATIBILITY_ONLY_NOT_PRODUCTION,557989.4742,504875.3716,9878.7574,24851,24505,-0.01770420,0.00338982,-0.02772422,-0.01770420,-9878.7574,557989.4742,OK,0.0000,395.1503,4.0000,96.0000,AG03-UNRESOLVED,ALL5_LEVELS_bet23_to_bet27,395.1503,395.1503,395.1503,0.0000,0.0000,4.000000,4.000000,4.000000,0.000000,0.000000,96.000000,96.000000,96.000000,100.000000,100.000000,5.0,1185.4509,1138.6651,8693.3065,8740.0923,PENDING_AG03,FALSE,NOT_FOR_ENFORCEMENT,9483.6071,484680.3568,9878.7574,9483.6071,395.1503,0.01770420,0.01699603,395.1503,9483.6071,0.01699603,395.1503,395.1503,395.1503,0.0000,0.0000,9483.6071,0.01699603,1185.4509,1138.6651,8693.3065,8740.0923,0.01557970,0.01566354,0.00070817,22.4534,20.6030,0.4031,82.3230,2.6463,4649.9123,204.2083,25.9152,21.1137,12.8578,14.5296,26.176,48.8436,54.2173,102.8621,13.088,0.0,3.731508,7.079487,1.545355,30,207,63,6,0.32204186,0.01770420,-0.00338982,0E-8,0.000000,0.904812,0.002133,0.03111404,2026-03-21,2026-08-06,120,3733,1703,139,0.863309,1.227414,1.154177,1.073473,,,,,,,,GLOBAL_BASELINE_NO_ENTITY_RANKING,,,NOT_APPLICABLE_GLOBAL_BASELINE,HF9g-P5,,,,X 全窗基线 · 不参与实体赏罚,15052533,1506,A168_HF9F_20260827_0900,2026-08-27 09:00:00
2026-05-15,127529701,1318,0,193.8145399825,-33.4699808003,-33.4699808003,0.5454545,14,13,0.49273347582419994,0.486162442308,0.3497489501200429,0.3934500212467063,0.3497489501200429,0.00657103351619994,ELIGIBLE,R03b_20260811_FULL_v1,L1_ELIGIBILITY,v2026-08-11,2026-03-21..2026-08-06,baccarat_bet02_101_all_pairs_incl_sentinel,round_win = game_pnl > 0 (decisive only),COMPATIBILITY_ONLY_NOT_PRODUCTION,557989.4742,504875.3716,9878.7574,24851,24505,-0.01770420,0.00338982,-0.02772422,-0.01770420,-9878.7574,557989.4742,OK,0.0000,395.1503,4.0000,96.0000,AG03-UNRESOLVED,ALL5_LEVELS_bet23_to_bet27,395.1503,395.1503,395.1503,0.0000,0.0000,4.000000,4.000000,4.000000,0.000000,0.000000,96.000000,96.000000,96.000000,100.000000,100.000000,5.0,1185.4509,1138.6651,8693.3065,8740.0923,PENDING_AG03,FALSE,NOT_FOR_ENFORCEMENT,9483.6071,484680.3568,9878.7574,9483.6071,395.1503,0.01770420,0.01699603,395.1503,9483.6071,0.01699603,395.1503,395.1503,395.1503,0.0000,0.0000,9483.6071,0.01699603,1185.4509,1138.6651,8693.3065,8740.0923,0.01557970,0.01566354,0.00070817,22.4534,20.6030,0.4031,82.3230,2.6463,4649.9123,204.2083,25.9152,21.1137,12.8578,14.5296,26.176,48.8436,54.2173,102.8621,13.088,0.0,3.731508,7.079487,1.545355,30,207,63,6,0.32204186,0.01770420,-0.00338982,0E-8,0.000000,0.904812,0.002133,0.03111404,2026-03-21,2026-08-06,120,3733,1703,139,0.863309,1.227414,1.154177,1.073473,,,,,,,,GLOBAL_BASELINE_NO_ENTITY_RANKING,,,NOT_APPLICABLE_GLOBAL_BASELINE,HF9g-P5,,,,X 全窗基线 · 不参与实体赏罚,15052534,1506,A168_HF9F_20260827_0900,2026-08-27 09:00:00
2026-05-15,127529701,1325,0,216.6467749469,8.4323595040,8.4323595040,0.4285714,8,8,0.49994810000000000,0.499948100000,-0.377689846057837,-0.377689846057837,-0.377689846057837,0E-17,ELIGIBLE,R03b_20260811_FULL_v1,L1_ELIGIBILITY,v2026-08-11,2026-03-21..2026-08-06,baccarat_bet02_101_all_pairs_incl_sentinel,round_win = game_pnl > 0 (decisive only),COMPATIBILITY_ONLY_NOT_PRODUCTION,557989.4742,504875.3716,9878.7574,24851,24505,-0.01770420,0.00338982,-0.02772422,-0.01770420,-9878.7574,557989.4742,OK,0.0000,395.1503,4.0000,96.0000,AG03-UNRESOLVED,ALL5_LEVELS_bet23_to_bet27,395.1503,395.1503,395.1503,0.0000,0.0000,4.000000,4.000000,4.000000,0.000000,0.000000,96.000000,96.000000,96.000000,100.000000,100.000000,5.0,1185.4509,1138.6651,8693.3065,8740.0923,PENDING_AG03,FALSE,NOT_FOR_ENFORCEMENT,9483.6071,484680.3568,9878.7574,9483.6071,395.1503,0.01770420,0.01699603,395.1503,9483.6071,0.01699603,395.1503,395.1503,395.1503,0.0000,0.0000,9483.6071,0.01699603,1185.4509,1138.6651,8693.3065,8740.0923,0.01557970,0.01566354,0.00070817,22.4534,20.6030,0.4031,82.3230,2.6463,4649.9123,204.2083,25.9152,21.1137,12.8578,14.5296,26.176,48.8436,54.2173,102.8621,13.088,0.0,3.731508,7.079487,1.545355,30,207,63,6,0.32204186,0.01770420,-0.00338982,0E-8,0.000000,0.904812,0.002133,0.03111404,2026-03-21,2026-08-06,120,3733,1703,139,0.863309,1.227414,1.154177,1.073473,,,,,,,,GLOBAL_BASELINE_NO_ENTITY_RANKING,,,NOT_APPLICABLE_GLOBAL_BASELINE,HF9g-P5,,,,X 全窗基线 · 不参与实体赏罚,15052535,1506,A168_HF9F_20260827_0900,2026-08-27 09:00:00
2026-05-15,127529701,1330,0,32.9510663692,21.1846816460,21.1846816460,0.6666667,3,3,0.50218230000000000,0.502182300000,0.5697959874915163,0.5697959874915164,0.5697959874915163,0E-17,ELIGIBLE,R03b_20260811_FULL_v1,L1_ELIGIBILITY,v2026-08-11,2026-03-21..2026-08-06,baccarat_bet02_101_all_pairs_incl_sentinel,round_win = game_pnl > 0 (decisive only),COMPATIBILITY_ONLY_NOT_PRODUCTION,557989.4742,504875.3716,9878.7574,24851,24505,-0.01770420,0.00338982,-0.02772422,-0.01770420,-9878.7574,557989.4742,OK,0.0000,395.1503,4.0000,96.0000,AG03-UNRESOLVED,ALL5_LEVELS_bet23_to_bet27,395.1503,395.1503,395.1503,0.0000,0.0000,4.000000,4.000000,4.000000,0.000000,0.000000,96.000000,96.000000,96.000000,100.000000,100.000000,5.0,1185.4509,1138.6651,8693.3065,8740.0923,PENDING_AG03,FALSE,NOT_FOR_ENFORCEMENT,9483.6071,484680.3568,9878.7574,9483.6071,395.1503,0.01770420,0.01699603,395.1503,9483.6071,0.01699603,395.1503,395.1503,395.1503,0.0000,0.0000,9483.6071,0.01699603,1185.4509,1138.6651,8693.3065,8740.0923,0.01557970,0.01566354,0.00070817,22.4534,20.6030,0.4031,82.3230,2.6463,4649.9123,204.2083,25.9152,21.1137,12.8578,14.5296,26.176,48.8436,54.2173,102.8621,13.088,0.0,3.731508,7.079487,1.545355,30,207,63,6,0.32204186,0.01770420,-0.00338982,0E-8,0.000000,0.904812,0.002133,0.03111404,2026-03-21,2026-08-06,120,3733,1703,139,0.863309,1.227414,1.154177,1.073473,,,,,,,,GLOBAL_BASELINE_NO_ENTITY_RANKING,,,NOT_APPLICABLE_GLOBAL_BASELINE,HF9g-P5,,,,X 全窗基线 · 不参与实体赏罚,15052536,1506,A168_HF9F_20260827_0900,2026-08-27 09:00:00
2026-05-15,127529701,1363,0,64.0859322298,6.0064345389,6.0064345389,0.6000000,5,5,0.49592654000000000,0.495926540000,0.46544610904919037,0.46544610904919037,0.46544610904919037,0E-17,ELIGIBLE,R03b_20260811_FULL_v1,L1_ELIGIBILITY,v2026-08-11,2026-03-21..2026-08-06,baccarat_bet02_101_all_pairs_incl_sentinel,round_win = game_pnl > 0 (decisive only),COMPATIBILITY_ONLY_NOT_PRODUCTION,557989.4742,504875.3716,9878.7574,24851,24505,-0.01770420,0.00338982,-0.02772422,-0.01770420,-9878.7574,557989.4742,OK,0.0000,395.1503,4.0000,96.0000,AG03-UNRESOLVED,ALL5_LEVELS_bet23_to_bet27,395.1503,395.1503,395.1503,0.0000,0.0000,4.000000,4.000000,4.000000,0.000000,0.000000,96.000000,96.000000,96.000000,100.000000,100.000000,5.0,1185.4509,1138.6651,8693.3065,8740.0923,PENDING_AG03,FALSE,NOT_FOR_ENFORCEMENT,9483.6071,484680.3568,9878.7574,9483.6071,395.1503,0.01770420,0.01699603,395.1503,9483.6071,0.01699603,395.1503,395.1503,395.1503,0.0000,0.0000,9483.6071,0.01699603,1185.4509,1138.6651,8693.3065,8740.0923,0.01557970,0.01566354,0.00070817,22.4534,20.6030,0.4031,82.3230,2.6463,4649.9123,204.2083,25.9152,21.1137,12.8578,14.5296,26.176,48.8436,54.2173,102.8621,13.088,0.0,3.731508,7.079487,1.545355,30,207,63,6,0.32204186,0.01770420,-0.00338982,0E-8,0.000000,0.904812,0.002133,0.03111404,2026-03-21,2026-08-06,120,3733,1703,139,0.863309,1.227414,1.154177,1.073473,,,,,,,,GLOBAL_BASELINE_NO_ENTITY_RANKING,,,NOT_APPLICABLE_GLOBAL_BASELINE,HF9g-P5,,,,X 全窗基线 · 不参与实体赏罚,15052537,1506,A168_HF9F_20260827_0900,2026-08-27 09:00:00
2026-05-15,127529701,1396,0,59.6751595662,-7.7837164652,-7.7837164652,0.2500000,4,4,0.49994810000000000,0.499948100000,-0.9997924053861017,-0.9997924053861017,-0.9997924053861017,0E-17,ELIGIBLE,R03b_20260811_FULL_v1,L1_ELIGIBILITY,v2026-08-11,2026-03-21..2026-08-06,baccarat_bet02_101_all_pairs_incl_sentinel,round_win = game_pnl > 0 (decisive only),COMPATIBILITY_ONLY_NOT_PRODUCTION,557989.4742,504875.3716,9878.7574,24851,24505,-0.01770420,0.00338982,-0.02772422,-0.01770420,-9878.7574,557989.4742,OK,0.0000,395.1503,4.0000,96.0000,AG03-UNRESOLVED,ALL5_LEVELS_bet23_to_bet27,395.1503,395.1503,395.1503,0.0000,0.0000,4.000000,4.000000,4.000000,0.000000,0.000000,96.000000,96.000000,96.000000,100.000000,100.000000,5.0,1185.4509,1138.6651,8693.3065,8740.0923,PENDING_AG03,FALSE,NOT_FOR_ENFORCEMENT,9483.6071,484680.3568,9878.7574,9483.6071,395.1503,0.01770420,0.01699603,395.1503,9483.6071,0.01699603,395.1503,395.1503,395.1503,0.0000,0.0000,9483.6071,0.01699603,1185.4509,1138.6651,8693.3065,8740.0923,0.01557970,0.01566354,0.00070817,22.4534,20.6030,0.4031,82.3230,2.6463,4649.9123,204.2083,25.9152,21.1137,12.8578,14.5296,26.176,48.8436,54.2173,102.8621,13.088,0.0,3.731508,7.079487,1.545355,30,207,63,6,0.32204186,0.01770420,-0.00338982,0E-8,0.000000,0.904812,0.002133,0.03111404,2026-03-21,2026-08-06,120,3733,1703,139,0.863309,1.227414,1.154177,1.073473,,,,,,,,GLOBAL_BASELINE_NO_ENTITY_RANKING,,,NOT_APPLICABLE_GLOBAL_BASELINE,HF9g-P5,,,,X 全窗基线 · 不参与实体赏罚,15052538,1506,A168_HF9F_20260827_0900,2026-08-27 09:00:00
2026-05-15,127529701,1490,0,12.9728607753,12.9728607753,12.9728607753,1.0000000,1,1,0.49324550000000000,0.493245500000,1.01360149184955,1.01360149184955,1.01360149184955,0E-17,ELIGIBLE,R03b_20260811_FULL_v1,L1_ELIGIBILITY,v2026-08-11,2026-03-21..2026-08-06,baccarat_bet02_101_all_pairs_incl_sentinel,round_win = game_pnl > 0 (decisive only),COMPATIBILITY_ONLY_NOT_PRODUCTION,557989.4742,504875.3716,9878.7574,24851,24505,-0.01770420,0.00338982,-0.02772422,-0.01770420,-9878.7574,557989.4742,OK,0.0000,395.1503,4.0000,96.0000,AG03-UNRESOLVED,ALL5_LEVELS_bet23_to_bet27,395.1503,395.1503,395.1503,0.0000,0.0000,4.000000,4.000000,4.000000,0.000000,0.000000,96.000000,96.000000,96.000000,100.000000,100.000000,5.0,1185.4509,1138.6651,8693.3065,8740.0923,PENDING_AG03,FALSE,NOT_FOR_ENFORCEMENT,9483.6071,484680.3568,9878.7574,9483.6071,395.1503,0.01770420,0.01699603,395.1503,9483.6071,0.01699603,395.1503,395.1503,395.1503,0.0000,0.0000,9483.6071,0.01699603,1185.4509,1138.6651,8693.3065,8740.0923,0.01557970,0.01566354,0.00070817,22.4534,20.6030,0.4031,82.3230,2.6463,4649.9123,204.2083,25.9152,21.1137,12.8578,14.5296,26.176,48.8436,54.2173,102.8621,13.088,0.0,3.731508,7.079487,1.545355,30,207,63,6,0.32204186,0.01770420,-0.00338982,0E-8,0.000000,0.904812,0.002133,0.03111404,2026-03-21,2026-08-06,120,3733,1703,139,0.863309,1.227414,1.154177,1.073473,,,,,,,,GLOBAL_BASELINE_NO_ENTITY_RANKING,,,NOT_APPLICABLE_GLOBAL_BASELINE,HF9g-P5,,,,X 全窗基线 · 不参与实体赏罚,15052539,1506,A168_HF9F_20260827_0900,2026-08-27 09:00:00
2026-05-15,127529701,1646,0,193.5550827667,79.5885008561,79.5885008561,0.5555556,11,11,0.49933877272727273,0.499338772727,0.33730099192032137,0.337300991921958,0.33730099192032137,2.7273E-13,ELIGIBLE,R03b_20260811_FULL_v1,L1_ELIGIBILITY,v2026-08-11,2026-03-21..2026-08-06,baccarat_bet02_101_all_pairs_incl_sentinel,round_win = game_pnl > 0 (decisive only),COMPATIBILITY_ONLY_NOT_PRODUCTION,557989.4742,504875.3716,9878.7574,24851,24505,-0.01770420,0.00338982,-0.02772422,-0.01770420,-9878.7574,557989.4742,OK,0.0000,395.1503,4.0000,96.0000,AG03-UNRESOLVED,ALL5_LEVELS_bet23_to_bet27,395.1503,395.1503,395.1503,0.0000,0.0000,4.000000,4.000000,4.000000,0.000000,0.000000,96.000000,96.000000,96.000000,100.000000,100.000000,5.0,1185.4509,1138.6651,8693.3065,8740.0923,PENDING_AG03,FALSE,NOT_FOR_ENFORCEMENT,9483.6071,484680.3568,9878.7574,9483.6071,395.1503,0.01770420,0.01699603,395.1503,9483.6071,0.01699603,395.1503,395.1503,395.1503,0.0000,0.0000,9483.6071,0.01699603,1185.4509,1138.6651,8693.3065,8740.0923,0.01557970,0.01566354,0.00070817,22.4534,20.6030,0.4031,82.3230,2.6463,4649.9123,204.2083,25.9152,21.1137,12.8578,14.5296,26.176,48.8436,54.2173,102.8621,13.088,0.0,3.731508,7.079487,1.545355,30,207,63,6,0.32204186,0.01770420,-0.00338982,0E-8,0.000000,0.904812,0.002133,0.03111404,2026-03-21,2026-08-06,120,3733,1703,139,0.863309,1.227414,1.154177,1.073473,,,,,,,,GLOBAL_BASELINE_NO_ENTITY_RANKING,,,NOT_APPLICABLE_GLOBAL_BASELINE,HF9g-P5,,,,X 全窗基线 · 不参与实体赏罚,15052540,1506,A168_HF9F_20260827_0900,2026-08-27 09:00:00
2026-05-15,127529701,1654,0,217.6846038088,45.0287997508,45.0287997508,0.5000000,9,9,0.50069283333333333,0.500692833333,-0.003919260948490246,-0.003919260946604642,-0.003919260948490246,3.3333E-13,ELIGIBLE,R03b_20260811_FULL_v1,L1_ELIGIBILITY,v2026-08-11,2026-03-21..2026-08-06,baccarat_bet02_101_all_pairs_incl_sentinel,round_win = game_pnl > 0 (decisive only),COMPATIBILITY_ONLY_NOT_PRODUCTION,557989.4742,504875.3716,9878.7574,24851,24505,-0.01770420,0.00338982,-0.02772422,-0.01770420,-9878.7574,557989.4742,OK,0.0000,395.1503,4.0000,96.0000,AG03-UNRESOLVED,ALL5_LEVELS_bet23_to_bet27,395.1503,395.1503,395.1503,0.0000,0.0000,4.000000,4.000000,4.000000,0.000000,0.000000,96.000000,96.000000,96.000000,100.000000,100.000000,5.0,1185.4509,1138.6651,8693.3065,8740.0923,PENDING_AG03,FALSE,NOT_FOR_ENFORCEMENT,9483.6071,484680.3568,9878.7574,9483.6071,395.1503,0.01770420,0.01699603,395.1503,9483.6071,0.01699603,395.1503,395.1503,395.1503,0.0000,0.0000,9483.6071,0.01699603,1185.4509,1138.6651,8693.3065,8740.0923,0.01557970,0.01566354,0.00070817,22.4534,20.6030,0.4031,82.3230,2.6463,4649.9123,204.2083,25.9152,21.1137,12.8578,14.5296,26.176,48.8436,54.2173,102.8621,13.088,0.0,3.731508,7.079487,1.545355,30,207,63,6,0.32204186,0.01770420,-0.00338982,0E-8,0.000000,0.904812,0.002133,0.03111404,2026-03-21,2026-08-06,120,3733,1703,139,0.863309,1.227414,1.154177,1.073473,,,,,,,,GLOBAL_BASELINE_NO_ENTITY_RANKING,,,NOT_APPLICABLE_GLOBAL_BASELINE,HF9g-P5,,,,X 全窗基线 · 不参与实体赏罚,15052541,1506,A168_HF9F_20260827_0900,2026-08-27 09:00:00
2026-05-15,127529701,1704,0,85.6208811169,-8.5750609725,-8.5750609725,0.4285714,7,7,0.49899058571428571,0.498990585714,-0.3726239140161595,-0.3726239140146481,-0.3726239140161595,2.8571E-13,ELIGIBLE,R03b_20260811_FULL_v1,L1_ELIGIBILITY,v2026-08-11,2026-03-21..2026-08-06,baccarat_bet02_101_all_pairs_incl_sentinel,round_win = game_pnl > 0 (decisive only),COMPATIBILITY_ONLY_NOT_PRODUCTION,557989.4742,504875.3716,9878.7574,24851,24505,-0.01770420,0.00338982,-0.02772422,-0.01770420,-9878.7574,557989.4742,OK,0.0000,395.1503,4.0000,96.0000,AG03-UNRESOLVED,ALL5_LEVELS_bet23_to_bet27,395.1503,395.1503,395.1503,0.0000,0.0000,4.000000,4.000000,4.000000,0.000000,0.000000,96.000000,96.000000,96.000000,100.000000,100.000000,5.0,1185.4509,1138.6651,8693.3065,8740.0923,PENDING_AG03,FALSE,NOT_FOR_ENFORCEMENT,9483.6071,484680.3568,9878.7574,9483.6071,395.1503,0.01770420,0.01699603,395.1503,9483.6071,0.01699603,395.1503,395.1503,395.1503,0.0000,0.0000,9483.6071,0.01699603,1185.4509,1138.6651,8693.3065,8740.0923,0.01557970,0.01566354,0.00070817,22.4534,20.6030,0.4031,82.3230,2.6463,4649.9123,204.2083,25.9152,21.1137,12.8578,14.5296,26.176,48.8436,54.2173,102.8621,13.088,0.0,3.731508,7.079487,1.545355,30,207,63,6,0.32204186,0.01770420,-0.00338982,0E-8,0.000000,0.904812,0.002133,0.03111404,2026-03-21,2026-08-06,120,3733,1703,139,0.863309,1.227414,1.154177,1.073473,,,,,,,,GLOBAL_BASELINE_NO_ENTITY_RANKING,,,NOT_APPLICABLE_GLOBAL_BASELINE,HF9g-P5,,,,X 全窗基线 · 不参与实体赏罚,15052542,1506,A168_HF9F_20260827_0900,2026-08-27 09:00:00
2026-05-15,127529701,1947,0,141.4041824503,50.5941570235,50.5941570235,0.7000000,10,10,0.49994810000000000,0.499948100000,1.2652393153045998,1.2652393153045998,1.2652393153045998,0E-17,ELIGIBLE,R03b_20260811_FULL_v1,L1_ELIGIBILITY,v2026-08-11,2026-03-21..2026-08-06,baccarat_bet02_101_all_pairs_incl_sentinel,round_win = game_pnl > 0 (decisive only),COMPATIBILITY_ONLY_NOT_PRODUCTION,557989.4742,504875.3716,9878.7574,24851,24505,-0.01770420,0.00338982,-0.02772422,-0.01770420,-9878.7574,557989.4742,OK,0.0000,395.1503,4.0000,96.0000,AG03-UNRESOLVED,ALL5_LEVELS_bet23_to_bet27,395.1503,395.1503,395.1503,0.0000,0.0000,4.000000,4.000000,4.000000,0.000000,0.000000,96.000000,96.000000,96.000000,100.000000,100.000000,5.0,1185.4509,1138.6651,8693.3065,8740.0923,PENDING_AG03,FALSE,NOT_FOR_ENFORCEMENT,9483.6071,484680.3568,9878.7574,9483.6071,395.1503,0.01770420,0.01699603,395.1503,9483.6071,0.01699603,395.1503,395.1503,395.1503,0.0000,0.0000,9483.6071,0.01699603,1185.4509,1138.6651,8693.3065,8740.0923,0.01557970,0.01566354,0.00070817,22.4534,20.6030,0.4031,82.3230,2.6463,4649.9123,204.2083,25.9152,21.1137,12.8578,14.5296,26.176,48.8436,54.2173,102.8621,13.088,0.0,3.731508,7.079487,1.545355,30,207,63,6,0.32204186,0.01770420,-0.00338982,0E-8,0.000000,0.904812,0.002133,0.03111404,2026-03-21,2026-08-06,120,3733,1703,139,0.863309,1.227414,1.154177,1.073473,,,,,,,,GLOBAL_BASELINE_NO_ENTITY_RANKING,,,NOT_APPLICABLE_GLOBAL_BASELINE,HF9g-P5,,,,X 全窗基线 · 不参与实体赏罚,15052543,1506,A168_HF9F_20260827_0900,2026-08-27 09:00:00
2026-05-15,127529701,1957,0,105.5990867107,-10.4561257848,-10.4561257848,0.4000000,10,10,0.49860758000000000,0.498607580000,-0.6236515130320585,-0.6236515130320585,-0.6236515130320585,0E-17,ELIGIBLE,R03b_20260811_FULL_v1,L1_ELIGIBILITY,v2026-08-11,2026-03-21..2026-08-06,baccarat_bet02_101_all_pairs_incl_sentinel,round_win = game_pnl > 0 (decisive only),COMPATIBILITY_ONLY_NOT_PRODUCTION,557989.4742,504875.3716,9878.7574,24851,24505,-0.01770420,0.00338982,-0.02772422,-0.01770420,-9878.7574,557989.4742,OK,0.0000,395.1503,4.0000,96.0000,AG03-UNRESOLVED,ALL5_LEVELS_bet23_to_bet27,395.1503,395.1503,395.1503,0.0000,0.0000,4.000000,4.000000,4.000000,0.000000,0.000000,96.000000,96.000000,96.000000,100.000000,100.000000,5.0,1185.4509,1138.6651,8693.3065,8740.0923,PENDING_AG03,FALSE,NOT_FOR_ENFORCEMENT,9483.6071,484680.3568,9878.7574,9483.6071,395.1503,0.01770420,0.01699603,395.1503,9483.6071,0.01699603,395.1503,395.1503,395.1503,0.0000,0.0000,9483.6071,0.01699603,1185.4509,1138.6651,8693.3065,8740.0923,0.01557970,0.01566354,0.00070817,22.4534,20.6030,0.4031,82.3230,2.6463,4649.9123,204.2083,25.9152,21.1137,12.8578,14.5296,26.176,48.8436,54.2173,102.8621,13.088,0.0,3.731508,7.079487,1.545355,30,207,63,6,0.32204186,0.01770420,-0.00338982,0E-8,0.000000,0.904812,0.002133,0.03111404,2026-03-21,2026-08-06,120,3733,1703,139,0.863309,1.227414,1.154177,1.073473,,,,,,,,GLOBAL_BASELINE_NO_ENTITY_RANKING,,,NOT_APPLICABLE_GLOBAL_BASELINE,HF9g-P5,,,,X 全窗基线 · 不参与实体赏罚,15052544,1506,A168_HF9F_20260827_0900,2026-08-27 09:00:00
2026-05-15,127529701,1985,0,74.7236780655,-7.6539878574,-7.6539878574,0.5000000,4,4,0.49994810000000000,0.499948100000,0.00020760000111838688,0.00020760000111838688,0.00020760000111838688,0E-17,ELIGIBLE,R03b_20260811_FULL_v1,L1_ELIGIBILITY,v2026-08-11,2026-03-21..2026-08-06,baccarat_bet02_101_all_pairs_incl_sentinel,round_win = game_pnl > 0 (decisive only),COMPATIBILITY_ONLY_NOT_PRODUCTION,557989.4742,504875.3716,9878.7574,24851,24505,-0.01770420,0.00338982,-0.02772422,-0.01770420,-9878.7574,557989.4742,OK,0.0000,395.1503,4.0000,96.0000,AG03-UNRESOLVED,ALL5_LEVELS_bet23_to_bet27,395.1503,395.1503,395.1503,0.0000,0.0000,4.000000,4.000000,4.000000,0.000000,0.000000,96.000000,96.000000,96.000000,100.000000,100.000000,5.0,1185.4509,1138.6651,8693.3065,8740.0923,PENDING_AG03,FALSE,NOT_FOR_ENFORCEMENT,9483.6071,484680.3568,9878.7574,9483.6071,395.1503,0.01770420,0.01699603,395.1503,9483.6071,0.01699603,395.1503,395.1503,395.1503,0.0000,0.0000,9483.6071,0.01699603,1185.4509,1138.6651,8693.3065,8740.0923,0.01557970,0.01566354,0.00070817,22.4534,20.6030,0.4031,82.3230,2.6463,4649.9123,204.2083,25.9152,21.1137,12.8578,14.5296,26.176,48.8436,54.2173,102.8621,13.088,0.0,3.731508,7.079487,1.545355,30,207,63,6,0.32204186,0.01770420,-0.00338982,0E-8,0.000000,0.904812,0.002133,0.03111404,2026-03-21,2026-08-06,120,3733,1703,139,0.863309,1.227414,1.154177,1.073473,,,,,,,,GLOBAL_BASELINE_NO_ENTITY_RANKING,,,NOT_APPLICABLE_GLOBAL_BASELINE,HF9g-P5,,,,X 全窗基线 · 不参与实体赏罚,15052545,1506,A168_HF9F_20260827_0900,2026-08-27 09:00:00
2026-05-15,127529701,2103,0,134.1393804162,-44.2504281045,-44.2504281045,0.2500000,8,8,0.50329940000000000,0.503299400000,-1.4329089850335803,-1.4329089850335803,-1.4329089850335803,0E-17,ELIGIBLE,R03b_20260811_FULL_v1,L1_ELIGIBILITY,v2026-08-11,2026-03-21..2026-08-06,baccarat_bet02_101_all_pairs_incl_sentinel,round_win = game_pnl > 0 (decisive only),COMPATIBILITY_ONLY_NOT_PRODUCTION,557989.4742,504875.3716,9878.7574,24851,24505,-0.01770420,0.00338982,-0.02772422,-0.01770420,-9878.7574,557989.4742,OK,0.0000,395.1503,4.0000,96.0000,AG03-UNRESOLVED,ALL5_LEVELS_bet23_to_bet27,395.1503,395.1503,395.1503,0.0000,0.0000,4.000000,4.000000,4.000000,0.000000,0.000000,96.000000,96.000000,96.000000,100.000000,100.000000,5.0,1185.4509,1138.6651,8693.3065,8740.0923,PENDING_AG03,FALSE,NOT_FOR_ENFORCEMENT,9483.6071,484680.3568,9878.7574,9483.6071,395.1503,0.01770420,0.01699603,395.1503,9483.6071,0.01699603,395.1503,395.1503,395.1503,0.0000,0.0000,9483.6071,0.01699603,1185.4509,1138.6651,8693.3065,8740.0923,0.01557970,0.01566354,0.00070817,22.4534,20.6030,0.4031,82.3230,2.6463,4649.9123,204.2083,25.9152,21.1137,12.8578,14.5296,26.176,48.8436,54.2173,102.8621,13.088,0.0,3.731508,7.079487,1.545355,30,207,63,6,0.32204186,0.01770420,-0.00338982,0E-8,0.000000,0.904812,0.002133,0.03111404,2026-03-21,2026-08-06,120,3733,1703,139,0.863309,1.227414,1.154177,1.073473,,,,,,,,GLOBAL_BASELINE_NO_ENTITY_RANKING,,,NOT_APPLICABLE_GLOBAL_BASELINE,HF9g-P5,,,,X 全窗基线 · 不参与实体赏罚,15052546,1506,A168_HF9F_20260827_0900,2026-08-27 09:00:00
2026-05-15,127529701,2142,0,175.3930776815,-0.9081002541,-0.9081002541,0.4000000,12,12,0.49994810000000000,0.499948100000,-0.6321272910179592,-0.6321272910179592,-0.6321272910179592,0E-17,ELIGIBLE,R03b_20260811_FULL_v1,L1_ELIGIBILITY,v2026-08-11,2026-03-21..2026-08-06,baccarat_bet02_101_all_pairs_incl_sentinel,round_win = game_pnl > 0 (decisive only),COMPATIBILITY_ONLY_NOT_PRODUCTION,557989.4742,504875.3716,9878.7574,24851,24505,-0.01770420,0.00338982,-0.02772422,-0.01770420,-9878.7574,557989.4742,OK,0.0000,395.1503,4.0000,96.0000,AG03-UNRESOLVED,ALL5_LEVELS_bet23_to_bet27,395.1503,395.1503,395.1503,0.0000,0.0000,4.000000,4.000000,4.000000,0.000000,0.000000,96.000000,96.000000,96.000000,100.000000,100.000000,5.0,1185.4509,1138.6651,8693.3065,8740.0923,PENDING_AG03,FALSE,NOT_FOR_ENFORCEMENT,9483.6071,484680.3568,9878.7574,9483.6071,395.1503,0.01770420,0.01699603,395.1503,9483.6071,0.01699603,395.1503,395.1503,395.1503,0.0000,0.0000,9483.6071,0.01699603,1185.4509,1138.6651,8693.3065,8740.0923,0.01557970,0.01566354,0.00070817,22.4534,20.6030,0.4031,82.3230,2.6463,4649.9123,204.2083,25.9152,21.1137,12.8578,14.5296,26.176,48.8436,54.2173,102.8621,13.088,0.0,3.731508,7.079487,1.545355,30,207,63,6,0.32204186,0.01770420,-0.00338982,0E-8,0.000000,0.904812,0.002133,0.03111404,2026-03-21,2026-08-06,120,3733,1703,139,0.863309,1.227414,1.154177,1.073473,,,,,,,,GLOBAL_BASELINE_NO_ENTITY_RANKING,,,NOT_APPLICABLE_GLOBAL_BASELINE,HF9g-P5,,,,X 全窗基线 · 不参与实体赏罚,15052547,1506,A168_HF9F_20260827_0900,2026-08-27 09:00:00
2026-05-15,127529701,2145,0,361.1644439833,100.4488609827,100.4488609827,0.5625000,16,16,0.46911654375000000,0.469116543750,0.7484968288281144,0.7484968288281144,0.7484968288281144,0E-17,ELIGIBLE,R03b_20260811_FULL_v1,L1_ELIGIBILITY,v2026-08-11,2026-03-21..2026-08-06,baccarat_bet02_101_all_pairs_incl_sentinel,round_win = game_pnl > 0 (decisive only),COMPATIBILITY_ONLY_NOT_PRODUCTION,557989.4742,504875.3716,9878.7574,24851,24505,-0.01770420,0.00338982,-0.02772422,-0.01770420,-9878.7574,557989.4742,OK,0.0000,395.1503,4.0000,96.0000,AG03-UNRESOLVED,ALL5_LEVELS_bet23_to_bet27,395.1503,395.1503,395.1503,0.0000,0.0000,4.000000,4.000000,4.000000,0.000000,0.000000,96.000000,96.000000,96.000000,100.000000,100.000000,5.0,1185.4509,1138.6651,8693.3065,8740.0923,PENDING_AG03,FALSE,NOT_FOR_ENFORCEMENT,9483.6071,484680.3568,9878.7574,9483.6071,395.1503,0.01770420,0.01699603,395.1503,9483.6071,0.01699603,395.1503,395.1503,395.1503,0.0000,0.0000,9483.6071,0.01699603,1185.4509,1138.6651,8693.3065,8740.0923,0.01557970,0.01566354,0.00070817,22.4534,20.6030,0.4031,82.3230,2.6463,4649.9123,204.2083,25.9152,21.1137,12.8578,14.5296,26.176,48.8436,54.2173,102.8621,13.088,0.0,3.731508,7.079487,1.545355,30,207,63,6,0.32204186,0.01770420,-0.00338982,0E-8,0.000000,0.904812,0.002133,0.03111404,2026-03-21,2026-08-06,120,3733,1703,139,0.863309,1.227414,1.154177,1.073473,,,,,,,,GLOBAL_BASELINE_NO_ENTITY_RANKING,,,NOT_APPLICABLE_GLOBAL_BASELINE,HF9g-P5,,,,X 全窗基线 · 不参与实体赏罚,15052548,1506,A168_HF9F_20260827_0900,2026-08-27 09:00:00
2026-05-15,127529701,2155,0,10.3782886202,9.8593741892,9.8593741892,1.0000000,1,1,0.50665070000000000,0.506650700000,0.9867858985152569,0.9867858985152569,0.9867858985152569,0E-17,ELIGIBLE,R03b_20260811_FULL_v1,L1_ELIGIBILITY,v2026-08-11,2026-03-21..2026-08-06,baccarat_bet02_101_all_pairs_incl_sentinel,round_win = game_pnl > 0 (decisive only),COMPATIBILITY_ONLY_NOT_PRODUCTION,557989.4742,504875.3716,9878.7574,24851,24505,-0.01770420,0.00338982,-0.02772422,-0.01770420,-9878.7574,557989.4742,OK,0.0000,395.1503,4.0000,96.0000,AG03-UNRESOLVED,ALL5_LEVELS_bet23_to_bet27,395.1503,395.1503,395.1503,0.0000,0.0000,4.000000,4.000000,4.000000,0.000000,0.000000,96.000000,96.000000,96.000000,100.000000,100.000000,5.0,1185.4509,1138.6651,8693.3065,8740.0923,PENDING_AG03,FALSE,NOT_FOR_ENFORCEMENT,9483.6071,484680.3568,9878.7574,9483.6071,395.1503,0.01770420,0.01699603,395.1503,9483.6071,0.01699603,395.1503,395.1503,395.1503,0.0000,0.0000,9483.6071,0.01699603,1185.4509,1138.6651,8693.3065,8740.0923,0.01557970,0.01566354,0.00070817,22.4534,20.6030,0.4031,82.3230,2.6463,4649.9123,204.2083,25.9152,21.1137,12.8578,14.5296,26.176,48.8436,54.2173,102.8621,13.088,0.0,3.731508,7.079487,1.545355,30,207,63,6,0.32204186,0.01770420,-0.00338982,0E-8,0.000000,0.904812,0.002133,0.03111404,2026-03-21,2026-08-06,120,3733,1703,139,0.863309,1.227414,1.154177,1.073473,,,,,,,,GLOBAL_BASELINE_NO_ENTITY_RANKING,,,NOT_APPLICABLE_GLOBAL_BASELINE,HF9g-P5,,,,X 全窗基线 · 不参与实体赏罚,15052549,1506,A168_HF9F_20260827_0900,2026-08-27 09:00:00
2026-05-15,127529701,2170,0,108.9720305122,-83.6749520004,-83.6749520004,0.2500000,4,4,0.49659680000000000,0.496596800000,-0.9864100490137353,-0.9864100490137354,-0.9864100490137353,0E-17,ELIGIBLE,R03b_20260811_FULL_v1,L1_ELIGIBILITY,v2026-08-11,2026-03-21..2026-08-06,baccarat_bet02_101_all_pairs_incl_sentinel,round_win = game_pnl > 0 (decisive only),COMPATIBILITY_ONLY_NOT_PRODUCTION,557989.4742,504875.3716,9878.7574,24851,24505,-0.01770420,0.00338982,-0.02772422,-0.01770420,-9878.7574,557989.4742,OK,0.0000,395.1503,4.0000,96.0000,AG03-UNRESOLVED,ALL5_LEVELS_bet23_to_bet27,395.1503,395.1503,395.1503,0.0000,0.0000,4.000000,4.000000,4.000000,0.000000,0.000000,96.000000,96.000000,96.000000,100.000000,100.000000,5.0,1185.4509,1138.6651,8693.3065,8740.0923,PENDING_AG03,FALSE,NOT_FOR_ENFORCEMENT,9483.6071,484680.3568,9878.7574,9483.6071,395.1503,0.01770420,0.01699603,395.1503,9483.6071,0.01699603,395.1503,395.1503,395.1503,0.0000,0.0000,9483.6071,0.01699603,1185.4509,1138.6651,8693.3065,8740.0923,0.01557970,0.01566354,0.00070817,22.4534,20.6030,0.4031,82.3230,2.6463,4649.9123,204.2083,25.9152,21.1137,12.8578,14.5296,26.176,48.8436,54.2173,102.8621,13.088,0.0,3.731508,7.079487,1.545355,30,207,63,6,0.32204186,0.01770420,-0.00338982,0E-8,0.000000,0.904812,0.002133,0.03111404,2026-03-21,2026-08-06,120,3733,1703,139,0.863309,1.227414,1.154177,1.073473,,,,,,,,GLOBAL_BASELINE_NO_ENTITY_RANKING,,,NOT_APPLICABLE_GLOBAL_BASELINE,HF9g-P5,,,,X 全窗基线 · 不参与实体赏罚,15052550,1506,A168_HF9F_20260827_0900,2026-08-27 09:00:00
2026-05-15,127529701,2233,0,186.0308235172,3.1653780291,3.1653780291,0.5000000,12,12,0.50329940000000000,0.503299400000,-0.020867692161943285,-0.02086769216194329,-0.020867692161943285,0E-17,ELIGIBLE,R03b_20260811_FULL_v1,L1_ELIGIBILITY,v2026-08-11,2026-03-21..2026-08-06,baccarat_bet02_101_all_pairs_incl_sentinel,round_win = game_pnl > 0 (decisive only),COMPATIBILITY_ONLY_NOT_PRODUCTION,557989.4742,504875.3716,9878.7574,24851,24505,-0.01770420,0.00338982,-0.02772422,-0.01770420,-9878.7574,557989.4742,OK,0.0000,395.1503,4.0000,96.0000,AG03-UNRESOLVED,ALL5_LEVELS_bet23_to_bet27,395.1503,395.1503,395.1503,0.0000,0.0000,4.000000,4.000000,4.000000,0.000000,0.000000,96.000000,96.000000,96.000000,100.000000,100.000000,5.0,1185.4509,1138.6651,8693.3065,8740.0923,PENDING_AG03,FALSE,NOT_FOR_ENFORCEMENT,9483.6071,484680.3568,9878.7574,9483.6071,395.1503,0.01770420,0.01699603,395.1503,9483.6071,0.01699603,395.1503,395.1503,395.1503,0.0000,0.0000,9483.6071,0.01699603,1185.4509,1138.6651,8693.3065,8740.0923,0.01557970,0.01566354,0.00070817,22.4534,20.6030,0.4031,82.3230,2.6463,4649.9123,204.2083,25.9152,21.1137,12.8578,14.5296,26.176,48.8436,54.2173,102.8621,13.088,0.0,3.731508,7.079487,1.545355,30,207,63,6,0.32204186,0.01770420,-0.00338982,0E-8,0.000000,0.904812,0.002133,0.03111404,2026-03-21,2026-08-06,120,3733,1703,139,0.863309,1.227414,1.154177,1.073473,,,,,,,,GLOBAL_BASELINE_NO_ENTITY_RANKING,,,NOT_APPLICABLE_GLOBAL_BASELINE,HF9g-P5,,,,X 全窗基线 · 不参与实体赏罚,15052551,1506,A168_HF9F_20260827_0900,2026-08-27 09:00:00
2026-05-15,127529701,2252,0,90.8100254269,-90.8100254269,-90.8100254269,0E-7,4,4,0.50665070000000000,0.506650700000,-2.026782104415204,-2.026782104415204,-2.026782104415204,0E-17,ELIGIBLE,R03b_20260811_FULL_v1,L1_ELIGIBILITY,v2026-08-11,2026-03-21..2026-08-06,baccarat_bet02_101_all_pairs_incl_sentinel,round_win = game_pnl > 0 (decisive only),COMPATIBILITY_ONLY_NOT_PRODUCTION,557989.4742,504875.3716,9878.7574,24851,24505,-0.01770420,0.00338982,-0.02772422,-0.01770420,-9878.7574,557989.4742,OK,0.0000,395.1503,4.0000,96.0000,AG03-UNRESOLVED,ALL5_LEVELS_bet23_to_bet27,395.1503,395.1503,395.1503,0.0000,0.0000,4.000000,4.000000,4.000000,0.000000,0.000000,96.000000,96.000000,96.000000,100.000000,100.000000,5.0,1185.4509,1138.6651,8693.3065,8740.0923,PENDING_AG03,FALSE,NOT_FOR_ENFORCEMENT,9483.6071,484680.3568,9878.7574,9483.6071,395.1503,0.01770420,0.01699603,395.1503,9483.6071,0.01699603,395.1503,395.1503,395.1503,0.0000,0.0000,9483.6071,0.01699603,1185.4509,1138.6651,8693.3065,8740.0923,0.01557970,0.01566354,0.00070817,22.4534,20.6030,0.4031,82.3230,2.6463,4649.9123,204.2083,25.9152,21.1137,12.8578,14.5296,26.176,48.8436,54.2173,102.8621,13.088,0.0,3.731508,7.079487,1.545355,30,207,63,6,0.32204186,0.01770420,-0.00338982,0E-8,0.000000,0.904812,0.002133,0.03111404,2026-03-21,2026-08-06,120,3733,1703,139,0.863309,1.227414,1.154177,1.073473,,,,,,,,GLOBAL_BASELINE_NO_ENTITY_RANKING,,,NOT_APPLICABLE_GLOBAL_BASELINE,HF9g-P5,,,,X 全窗基线 · 不参与实体赏罚,15052552,1506,A168_HF9F_20260827_0900,2026-08-27 09:00:00
2026-05-15,127529701,2261,0,215.3494888693,-137.5123242178,-137.5123242178,0.1666667,7,7,0.49516052857142857,0.495160528571,-1.6093600763544051,-1.6093600763523188,-1.6093600763544051,4.2857E-13,ELIGIBLE,R03b_20260811_FULL_v1,L1_ELIGIBILITY,v2026-08-11,2026-03-21..2026-08-06,baccarat_bet02_101_all_pairs_incl_sentinel,round_win = game_pnl > 0 (decisive only),COMPATIBILITY_ONLY_NOT_PRODUCTION,557989.4742,504875.3716,9878.7574,24851,24505,-0.01770420,0.00338982,-0.02772422,-0.01770420,-9878.7574,557989.4742,OK,0.0000,395.1503,4.0000,96.0000,AG03-UNRESOLVED,ALL5_LEVELS_bet23_to_bet27,395.1503,395.1503,395.1503,0.0000,0.0000,4.000000,4.000000,4.000000,0.000000,0.000000,96.000000,96.000000,96.000000,100.000000,100.000000,5.0,1185.4509,1138.6651,8693.3065,8740.0923,PENDING_AG03,FALSE,NOT_FOR_ENFORCEMENT,9483.6071,484680.3568,9878.7574,9483.6071,395.1503,0.01770420,0.01699603,395.1503,9483.6071,0.01699603,395.1503,395.1503,395.1503,0.0000,0.0000,9483.6071,0.01699603,1185.4509,1138.6651,8693.3065,8740.0923,0.01557970,0.01566354,0.00070817,22.4534,20.6030,0.4031,82.3230,2.6463,4649.9123,204.2083,25.9152,21.1137,12.8578,14.5296,26.176,48.8436,54.2173,102.8621,13.088,0.0,3.731508,7.079487,1.545355,30,207,63,6,0.32204186,0.01770420,-0.00338982,0E-8,0.000000,0.904812,0.002133,0.03111404,2026-03-21,2026-08-06,120,3733,1703,139,0.863309,1.227414,1.154177,1.073473,,,,,,,,GLOBAL_BASELINE_NO_ENTITY_RANKING,,,NOT_APPLICABLE_GLOBAL_BASELINE,HF9g-P5,,,,X 全窗基线 · 不参与实体赏罚,15052553,1506,A168_HF9F_20260827_0900,2026-08-27 09:00:00
2026-05-15,127529701,583,0,111.3071454516,6.2269731722,6.2269731722,0.4000000,6,6,0.50441650000000000,0.504416500000,-0.466983001748531,-0.466983001748531,-0.466983001748531,0E-17,ELIGIBLE,R03b_20260811_FULL_v1,L1_ELIGIBILITY,v2026-08-11,2026-03-21..2026-08-06,baccarat_bet02_101_all_pairs_incl_sentinel,round_win = game_pnl > 0 (decisive only),COMPATIBILITY_ONLY_NOT_PRODUCTION,557989.4742,504875.3716,9878.7574,24851,24505,-0.01770420,0.00338982,-0.02772422,-0.01770420,-9878.7574,557989.4742,OK,0.0000,395.1503,4.0000,96.0000,AG03-UNRESOLVED,ALL5_LEVELS_bet23_to_bet27,395.1503,395.1503,395.1503,0.0000,0.0000,4.000000,4.000000,4.000000,0.000000,0.000000,96.000000,96.000000,96.000000,100.000000,100.000000,5.0,1185.4509,1138.6651,8693.3065,8740.0923,PENDING_AG03,FALSE,NOT_FOR_ENFORCEMENT,9483.6071,484680.3568,9878.7574,9483.6071,395.1503,0.01770420,0.01699603,395.1503,9483.6071,0.01699603,395.1503,395.1503,395.1503,0.0000,0.0000,9483.6071,0.01699603,1185.4509,1138.6651,8693.3065,8740.0923,0.01557970,0.01566354,0.00070817,22.4534,20.6030,0.4031,82.3230,2.6463,4649.9123,204.2083,25.9152,21.1137,12.8578,14.5296,26.176,48.8436,54.2173,102.8621,13.088,0.0,3.731508,7.079487,1.545355,30,207,63,6,0.32204186,0.01770420,-0.00338982,0E-8,0.000000,0.904812,0.002133,0.03111404,2026-03-21,2026-08-06,120,3733,1703,139,0.863309,1.227414,1.154177,1.073473,,,,,,,,GLOBAL_BASELINE_NO_ENTITY_RANKING,,,NOT_APPLICABLE_GLOBAL_BASELINE,HF9g-P5,,,,X 全窗基线 · 不参与实体赏罚,15052554,1506,A168_HF9F_20260827_0900,2026-08-27 09:00:00
2026-05-15,127529701,752,0,80.4317368066,59.6751595662,59.6751595662,0.7500000,4,4,0.49994810000000000,0.499948100000,1.0002076053883384,1.0002076053883384,1.0002076053883384,0E-17,ELIGIBLE,R03b_20260811_FULL_v1,L1_ELIGIBILITY,v2026-08-11,2026-03-21..2026-08-06,baccarat_bet02_101_all_pairs_incl_sentinel,round_win = game_pnl > 0 (decisive only),COMPATIBILITY_ONLY_NOT_PRODUCTION,557989.4742,504875.3716,9878.7574,24851,24505,-0.01770420,0.00338982,-0.02772422,-0.01770420,-9878.7574,557989.4742,OK,0.0000,395.1503,4.0000,96.0000,AG03-UNRESOLVED,ALL5_LEVELS_bet23_to_bet27,395.1503,395.1503,395.1503,0.0000,0.0000,4.000000,4.000000,4.000000,0.000000,0.000000,96.000000,96.000000,96.000000,100.000000,100.000000,5.0,1185.4509,1138.6651,8693.3065,8740.0923,PENDING_AG03,FALSE,NOT_FOR_ENFORCEMENT,9483.6071,484680.3568,9878.7574,9483.6071,395.1503,0.01770420,0.01699603,395.1503,9483.6071,0.01699603,395.1503,395.1503,395.1503,0.0000,0.0000,9483.6071,0.01699603,1185.4509,1138.6651,8693.3065,8740.0923,0.01557970,0.01566354,0.00070817,22.4534,20.6030,0.4031,82.3230,2.6463,4649.9123,204.2083,25.9152,21.1137,12.8578,14.5296,26.176,48.8436,54.2173,102.8621,13.088,0.0,3.731508,7.079487,1.545355,30,207,63,6,0.32204186,0.01770420,-0.00338982,0E-8,0.000000,0.904812,0.002133,0.03111404,2026-03-21,2026-08-06,120,3733,1703,139,0.863309,1.227414,1.154177,1.073473,,,,,,,,GLOBAL_BASELINE_NO_ENTITY_RANKING,,,NOT_APPLICABLE_GLOBAL_BASELINE,HF9g-P5,,,,X 全窗基线 · 不参与实体赏罚,15052555,1506,A168_HF9F_20260827_0900,2026-08-27 09:00:00
2026-05-15,127529701,925,0,223.1332053345,2.4648435472,2.4648435472,0.5714286,10,10,0.50128862000000000,0.501288620000,0.37114696951224013,0.37114696951224013,0.37114696951224013,0E-17,ELIGIBLE,R03b_20260811_FULL_v1,L1_ELIGIBILITY,v2026-08-11,2026-03-21..2026-08-06,baccarat_bet02_101_all_pairs_incl_sentinel,round_win = game_pnl > 0 (decisive only),COMPATIBILITY_ONLY_NOT_PRODUCTION,557989.4742,504875.3716,9878.7574,24851,24505,-0.01770420,0.00338982,-0.02772422,-0.01770420,-9878.7574,557989.4742,OK,0.0000,395.1503,4.0000,96.0000,AG03-UNRESOLVED,ALL5_LEVELS_bet23_to_bet27,395.1503,395.1503,395.1503,0.0000,0.0000,4.000000,4.000000,4.000000,0.000000,0.000000,96.000000,96.000000,96.000000,100.000000,100.000000,5.0,1185.4509,1138.6651,8693.3065,8740.0923,PENDING_AG03,FALSE,NOT_FOR_ENFORCEMENT,9483.6071,484680.3568,9878.7574,9483.6071,395.1503,0.01770420,0.01699603,395.1503,9483.6071,0.01699603,395.1503,395.1503,395.1503,0.0000,0.0000,9483.6071,0.01699603,1185.4509,1138.6651,8693.3065,8740.0923,0.01557970,0.01566354,0.00070817,22.4534,20.6030,0.4031,82.3230,2.6463,4649.9123,204.2083,25.9152,21.1137,12.8578,14.5296,26.176,48.8436,54.2173,102.8621,13.088,0.0,3.731508,7.079487,1.545355,30,207,63,6,0.32204186,0.01770420,-0.00338982,0E-8,0.000000,0.904812,0.002133,0.03111404,2026-03-21,2026-08-06,120,3733,1703,139,0.863309,1.227414,1.154177,1.073473,,,,,,,,GLOBAL_BASELINE_NO_ENTITY_RANKING,,,NOT_APPLICABLE_GLOBAL_BASELINE,HF9g-P5,,,,X 全窗基线 · 不参与实体赏罚,15052556,1506,A168_HF9F_20260827_0900,2026-08-27 09:00:00
2026-05-15,127529701,970,0,211.1981734211,-9.5350526698,-9.5350526698,0.4615385,15,14,0.50122478571428571,0.501384371429,-0.28618301210882763,-0.28733404380015987,-0.28618301210882763,-0.00015958571471429,ELIGIBLE,R03b_20260811_FULL_v1,L1_ELIGIBILITY,v2026-08-11,2026-03-21..2026-08-06,baccarat_bet02_101_all_pairs_incl_sentinel,round_win = game_pnl > 0 (decisive only),COMPATIBILITY_ONLY_NOT_PRODUCTION,557989.4742,504875.3716,9878.7574,24851,24505,-0.01770420,0.00338982,-0.02772422,-0.01770420,-9878.7574,557989.4742,OK,0.0000,395.1503,4.0000,96.0000,AG03-UNRESOLVED,ALL5_LEVELS_bet23_to_bet27,395.1503,395.1503,395.1503,0.0000,0.0000,4.000000,4.000000,4.000000,0.000000,0.000000,96.000000,96.000000,96.000000,100.000000,100.000000,5.0,1185.4509,1138.6651,8693.3065,8740.0923,PENDING_AG03,FALSE,NOT_FOR_ENFORCEMENT,9483.6071,484680.3568,9878.7574,9483.6071,395.1503,0.01770420,0.01699603,395.1503,9483.6071,0.01699603,395.1503,395.1503,395.1503,0.0000,0.0000,9483.6071,0.01699603,1185.4509,1138.6651,8693.3065,8740.0923,0.01557970,0.01566354,0.00070817,22.4534,20.6030,0.4031,82.3230,2.6463,4649.9123,204.2083,25.9152,21.1137,12.8578,14.5296,26.176,48.8436,54.2173,102.8621,13.088,0.0,3.731508,7.079487,1.545355,30,207,63,6,0.32204186,0.01770420,-0.00338982,0E-8,0.000000,0.904812,0.002133,0.03111404,2026-03-21,2026-08-06,120,3733,1703,139,0.863309,1.227414,1.154177,1.073473,,,,,,,,GLOBAL_BASELINE_NO_ENTITY_RANKING,,,NOT_APPLICABLE_GLOBAL_BASELINE,HF9g-P5,,,,X 全窗基线 · 不参与实体赏罚,15052557,1506,A168_HF9F_20260827_0900,2026-08-27 09:00:00
2026-05-16,127529701,-1,1,31.1348658606,15.5674329303,15.5674329303,1.0000000,2,2,0.49324550000000000,0.493245500000,1.01360149184955,1.01360149184955,1.01360149184955,0E-17,SENTINEL_DEALER,R03b_20260811_FULL_v1,L1_ELIGIBILITY,v2026-08-11,2026-03-21..2026-08-06,baccarat_bet02_101_all_pairs_incl_sentinel,round_win = game_pnl > 0 (decisive only),COMPATIBILITY_ONLY_NOT_PRODUCTION,557989.4742,504875.3716,9878.7574,24851,24505,-0.01770420,0.00338982,-0.02772422,-0.01770420,-9878.7574,557989.4742,OK,0.0000,395.1503,4.0000,96.0000,AG03-UNRESOLVED,ALL5_LEVELS_bet23_to_bet27,395.1503,395.1503,395.1503,0.0000,0.0000,4.000000,4.000000,4.000000,0.000000,0.000000,96.000000,96.000000,96.000000,100.000000,100.000000,5.0,1185.4509,1138.6651,8693.3065,8740.0923,PENDING_AG03,FALSE,NOT_FOR_ENFORCEMENT,9483.6071,484680.3568,9878.7574,9483.6071,395.1503,0.01770420,0.01699603,395.1503,9483.6071,0.01699603,395.1503,395.1503,395.1503,0.0000,0.0000,9483.6071,0.01699603,1185.4509,1138.6651,8693.3065,8740.0923,0.01557970,0.01566354,0.00070817,22.4534,20.6030,0.4031,82.3230,2.6463,4649.9123,204.2083,25.9152,21.1137,12.8578,14.5296,26.176,48.8436,54.2173,102.8621,13.088,0.0,3.731508,7.079487,1.545355,30,207,63,6,0.32204186,0.01770420,-0.00338982,0E-8,0.000000,0.904812,0.002133,0.03111404,2026-03-21,2026-08-06,120,3733,1703,139,0.863309,1.227414,1.154177,1.073473,,,,,,,,GLOBAL_BASELINE_NO_ENTITY_RANKING,,,NOT_APPLICABLE_GLOBAL_BASELINE,HF9g-P5,,,,X 全窗基线 · 不参与实体赏罚,15052558,1506,A168_HF9F_20260827_0900,2026-08-27 09:00:00
2026-05-16,127529701,1109,0,68.7561621089,-6.4864303877,-6.4864303877,0.4000000,5,5,0.49860758000000000,0.498607580000,-0.440988213962219,-0.440988213962219,-0.440988213962219,0E-17,ELIGIBLE,R03b_20260811_FULL_v1,L1_ELIGIBILITY,v2026-08-11,2026-03-21..2026-08-06,baccarat_bet02_101_all_pairs_incl_sentinel,round_win = game_pnl > 0 (decisive only),COMPATIBILITY_ONLY_NOT_PRODUCTION,557989.4742,504875.3716,9878.7574,24851,24505,-0.01770420,0.00338982,-0.02772422,-0.01770420,-9878.7574,557989.4742,OK,0.0000,395.1503,4.0000,96.0000,AG03-UNRESOLVED,ALL5_LEVELS_bet23_to_bet27,395.1503,395.1503,395.1503,0.0000,0.0000,4.000000,4.000000,4.000000,0.000000,0.000000,96.000000,96.000000,96.000000,100.000000,100.000000,5.0,1185.4509,1138.6651,8693.3065,8740.0923,PENDING_AG03,FALSE,NOT_FOR_ENFORCEMENT,9483.6071,484680.3568,9878.7574,9483.6071,395.1503,0.01770420,0.01699603,395.1503,9483.6071,0.01699603,395.1503,395.1503,395.1503,0.0000,0.0000,9483.6071,0.01699603,1185.4509,1138.6651,8693.3065,8740.0923,0.01557970,0.01566354,0.00070817,22.4534,20.6030,0.4031,82.3230,2.6463,4649.9123,204.2083,25.9152,21.1137,12.8578,14.5296,26.176,48.8436,54.2173,102.8621,13.088,0.0,3.731508,7.079487,1.545355,30,207,63,6,0.32204186,0.01770420,-0.00338982,0E-8,0.000000,0.904812,0.002133,0.03111404,2026-03-21,2026-08-06,120,3733,1703,139,0.863309,1.227414,1.154177,1.073473,,,,,,,,GLOBAL_BASELINE_NO_ENTITY_RANKING,,,NOT_APPLICABLE_GLOBAL_BASELINE,HF9g-P5,,,,X 全窗基线 · 不参与实体赏罚,15052559,1506,A168_HF9F_20260827_0900,2026-08-27 09:00:00
2026-05-16,127529701,1151,0,485.4444502106,232.9925795237,232.9925795237,0.7000000,21,21,0.49835224285714286,0.498352242857,1.8036021638872441,1.8036021638885231,1.8036021638872441,1.4286E-13,ELIGIBLE,R03b_20260811_FULL_v1,L1_ELIGIBILITY,v2026-08-11,2026-03-21..2026-08-06,baccarat_bet02_101_all_pairs_incl_sentinel,round_win = game_pnl > 0 (decisive only),COMPATIBILITY_ONLY_NOT_PRODUCTION,557989.4742,504875.3716,9878.7574,24851,24505,-0.01770420,0.00338982,-0.02772422,-0.01770420,-9878.7574,557989.4742,OK,0.0000,395.1503,4.0000,96.0000,AG03-UNRESOLVED,ALL5_LEVELS_bet23_to_bet27,395.1503,395.1503,395.1503,0.0000,0.0000,4.000000,4.000000,4.000000,0.000000,0.000000,96.000000,96.000000,96.000000,100.000000,100.000000,5.0,1185.4509,1138.6651,8693.3065,8740.0923,PENDING_AG03,FALSE,NOT_FOR_ENFORCEMENT,9483.6071,484680.3568,9878.7574,9483.6071,395.1503,0.01770420,0.01699603,395.1503,9483.6071,0.01699603,395.1503,395.1503,395.1503,0.0000,0.0000,9483.6071,0.01699603,1185.4509,1138.6651,8693.3065,8740.0923,0.01557970,0.01566354,0.00070817,22.4534,20.6030,0.4031,82.3230,2.6463,4649.9123,204.2083,25.9152,21.1137,12.8578,14.5296,26.176,48.8436,54.2173,102.8621,13.088,0.0,3.731508,7.079487,1.545355,30,207,63,6,0.32204186,0.01770420,-0.00338982,0E-8,0.000000,0.904812,0.002133,0.03111404,2026-03-21,2026-08-06,120,3733,1703,139,0.863309,1.227414,1.154177,1.073473,,,,,,,,GLOBAL_BASELINE_NO_ENTITY_RANKING,,,NOT_APPLICABLE_GLOBAL_BASELINE,HF9g-P5,,,,X 全窗基线 · 不参与实体赏罚,15052560,1506,A168_HF9F_20260827_0900,2026-08-27 09:00:00
2026-05-16,127529701,1210,0,90.2911109959,-64.9940324841,-64.9940324841,0.2000000,5,5,0.50396966000000000,0.503969660000,-1.3594364909357963,-1.3594364909357963,-1.3594364909357963,0E-17,ELIGIBLE,R03b_20260811_FULL_v1,L1_ELIGIBILITY,v2026-08-11,2026-03-21..2026-08-06,baccarat_bet02_101_all_pairs_incl_sentinel,round_win = game_pnl > 0 (decisive only),COMPATIBILITY_ONLY_NOT_PRODUCTION,557989.4742,504875.3716,9878.7574,24851,24505,-0.01770420,0.00338982,-0.02772422,-0.01770420,-9878.7574,557989.4742,OK,0.0000,395.1503,4.0000,96.0000,AG03-UNRESOLVED,ALL5_LEVELS_bet23_to_bet27,395.1503,395.1503,395.1503,0.0000,0.0000,4.000000,4.000000,4.000000,0.000000,0.000000,96.000000,96.000000,96.000000,100.000000,100.000000,5.0,1185.4509,1138.6651,8693.3065,8740.0923,PENDING_AG03,FALSE,NOT_FOR_ENFORCEMENT,9483.6071,484680.3568,9878.7574,9483.6071,395.1503,0.01770420,0.01699603,395.1503,9483.6071,0.01699603,395.1503,395.1503,395.1503,0.0000,0.0000,9483.6071,0.01699603,1185.4509,1138.6651,8693.3065,8740.0923,0.01557970,0.01566354,0.00070817,22.4534,20.6030,0.4031,82.3230,2.6463,4649.9123,204.2083,25.9152,21.1137,12.8578,14.5296,26.176,48.8436,54.2173,102.8621,13.088,0.0,3.731508,7.079487,1.545355,30,207,63,6,0.32204186,0.01770420,-0.00338982,0E-8,0.000000,0.904812,0.002133,0.03111404,2026-03-21,2026-08-06,120,3733,1703,139,0.863309,1.227414,1.154177,1.073473,,,,,,,,GLOBAL_BASELINE_NO_ENTITY_RANKING,,,NOT_APPLICABLE_GLOBAL_BASELINE,HF9g-P5,,,,X 全窗基线 · 不参与实体赏罚,15052561,1506,A168_HF9F_20260827_0900,2026-08-27 09:00:00
2026-05-16,127529701,1306,0,139.0690675108,-11.2863888745,-11.2863888745,0.2857143,7,7,0.50282064285714286,0.502820642857,-1.1488371386043665,-1.1488371386036085,-1.1488371386043665,1.4286E-13,ELIGIBLE,R03b_20260811_FULL_v1,L1_ELIGIBILITY,v2026-08-11,2026-03-21..2026-08-06,baccarat_bet02_101_all_pairs_incl_sentinel,round_win = game_pnl > 0 (decisive only),COMPATIBILITY_ONLY_NOT_PRODUCTION,557989.4742,504875.3716,9878.7574,24851,24505,-0.01770420,0.00338982,-0.02772422,-0.01770420,-9878.7574,557989.4742,OK,0.0000,395.1503,4.0000,96.0000,AG03-UNRESOLVED,ALL5_LEVELS_bet23_to_bet27,395.1503,395.1503,395.1503,0.0000,0.0000,4.000000,4.000000,4.000000,0.000000,0.000000,96.000000,96.000000,96.000000,100.000000,100.000000,5.0,1185.4509,1138.6651,8693.3065,8740.0923,PENDING_AG03,FALSE,NOT_FOR_ENFORCEMENT,9483.6071,484680.3568,9878.7574,9483.6071,395.1503,0.01770420,0.01699603,395.1503,9483.6071,0.01699603,395.1503,395.1503,395.1503,0.0000,0.0000,9483.6071,0.01699603,1185.4509,1138.6651,8693.3065,8740.0923,0.01557970,0.01566354,0.00070817,22.4534,20.6030,0.4031,82.3230,2.6463,4649.9123,204.2083,25.9152,21.1137,12.8578,14.5296,26.176,48.8436,54.2173,102.8621,13.088,0.0,3.731508,7.079487,1.545355,30,207,63,6,0.32204186,0.01770420,-0.00338982,0E-8,0.000000,0.904812,0.002133,0.03111404,2026-03-21,2026-08-06,120,3733,1703,139,0.863309,1.227414,1.154177,1.073473,,,,,,,,GLOBAL_BASELINE_NO_ENTITY_RANKING,,,NOT_APPLICABLE_GLOBAL_BASELINE,HF9g-P5,,,,X 全窗基线 · 不参与实体赏罚,15052562,1506,A168_HF9F_20260827_0900,2026-08-27 09:00:00
2026-05-16,127529701,1385,0,284.1056509781,77.9668932594,77.9668932594,0.5454545,12,12,0.49883100000000000,0.498831000000,0.30926645860173146,0.30926645860173146,0.30926645860173146,0E-17,ELIGIBLE,R03b_20260811_FULL_v1,L1_ELIGIBILITY,v2026-08-11,2026-03-21..2026-08-06,baccarat_bet02_101_all_pairs_incl_sentinel,round_win = game_pnl > 0 (decisive only),COMPATIBILITY_ONLY_NOT_PRODUCTION,557989.4742,504875.3716,9878.7574,24851,24505,-0.01770420,0.00338982,-0.02772422,-0.01770420,-9878.7574,557989.4742,OK,0.0000,395.1503,4.0000,96.0000,AG03-UNRESOLVED,ALL5_LEVELS_bet23_to_bet27,395.1503,395.1503,395.1503,0.0000,0.0000,4.000000,4.000000,4.000000,0.000000,0.000000,96.000000,96.000000,96.000000,100.000000,100.000000,5.0,1185.4509,1138.6651,8693.3065,8740.0923,PENDING_AG03,FALSE,NOT_FOR_ENFORCEMENT,9483.6071,484680.3568,9878.7574,9483.6071,395.1503,0.01770420,0.01699603,395.1503,9483.6071,0.01699603,395.1503,395.1503,395.1503,0.0000,0.0000,9483.6071,0.01699603,1185.4509,1138.6651,8693.3065,8740.0923,0.01557970,0.01566354,0.00070817,22.4534,20.6030,0.4031,82.3230,2.6463,4649.9123,204.2083,25.9152,21.1137,12.8578,14.5296,26.176,48.8436,54.2173,102.8621,13.088,0.0,3.731508,7.079487,1.545355,30,207,63,6,0.32204186,0.01770420,-0.00338982,0E-8,0.000000,0.904812,0.002133,0.03111404,2026-03-21,2026-08-06,120,3733,1703,139,0.863309,1.227414,1.154177,1.073473,,,,,,,,GLOBAL_BASELINE_NO_ENTITY_RANKING,,,NOT_APPLICABLE_GLOBAL_BASELINE,HF9g-P5,,,,X 全窗基线 · 不参与实体赏罚,15052563,1506,A168_HF9F_20260827_0900,2026-08-27 09:00:00
2026-05-16,127529701,1400,0,167.8688184318,-38.7888537180,-38.7888537180,0.4285714,7,7,0.49899058571428571,0.498990585714,-0.3726239140161595,-0.3726239140146481,-0.3726239140161595,2.8571E-13,ELIGIBLE,R03b_20260811_FULL_v1,L1_ELIGIBILITY,v2026-08-11,2026-03-21..2026-08-06,baccarat_bet02_101_all_pairs_incl_sentinel,round_win = game_pnl > 0 (decisive only),COMPATIBILITY_ONLY_NOT_PRODUCTION,557989.4742,504875.3716,9878.7574,24851,24505,-0.01770420,0.00338982,-0.02772422,-0.01770420,-9878.7574,557989.4742,OK,0.0000,395.1503,4.0000,96.0000,AG03-UNRESOLVED,ALL5_LEVELS_bet23_to_bet27,395.1503,395.1503,395.1503,0.0000,0.0000,4.000000,4.000000,4.000000,0.000000,0.000000,96.000000,96.000000,96.000000,100.000000,100.000000,5.0,1185.4509,1138.6651,8693.3065,8740.0923,PENDING_AG03,FALSE,NOT_FOR_ENFORCEMENT,9483.6071,484680.3568,9878.7574,9483.6071,395.1503,0.01770420,0.01699603,395.1503,9483.6071,0.01699603,395.1503,395.1503,395.1503,0.0000,0.0000,9483.6071,0.01699603,1185.4509,1138.6651,8693.3065,8740.0923,0.01557970,0.01566354,0.00070817,22.4534,20.6030,0.4031,82.3230,2.6463,4649.9123,204.2083,25.9152,21.1137,12.8578,14.5296,26.176,48.8436,54.2173,102.8621,13.088,0.0,3.731508,7.079487,1.545355,30,207,63,6,0.32204186,0.01770420,-0.00338982,0E-8,0.000000,0.904812,0.002133,0.03111404,2026-03-21,2026-08-06,120,3733,1703,139,0.863309,1.227414,1.154177,1.073473,,,,,,,,GLOBAL_BASELINE_NO_ENTITY_RANKING,,,NOT_APPLICABLE_GLOBAL_BASELINE,HF9g-P5,,,,X 全窗基线 · 不参与实体赏罚,15052564,1506,A168_HF9F_20260827_0900,2026-08-27 09:00:00
2026-05-16,127529701,1401,0,92.1073115044,51.5930673031,51.5930673031,0.8571429,8,8,0.50329940000000000,0.503299400000,1.8724043478770769,1.872404347877077,1.8724043478770769,0E-17,ELIGIBLE,R03b_20260811_FULL_v1,L1_ELIGIBILITY,v2026-08-11,2026-03-21..2026-08-06,baccarat_bet02_101_all_pairs_incl_sentinel,round_win = game_pnl > 0 (decisive only),COMPATIBILITY_ONLY_NOT_PRODUCTION,557989.4742,504875.3716,9878.7574,24851,24505,-0.01770420,0.00338982,-0.02772422,-0.01770420,-9878.7574,557989.4742,OK,0.0000,395.1503,4.0000,96.0000,AG03-UNRESOLVED,ALL5_LEVELS_bet23_to_bet27,395.1503,395.1503,395.1503,0.0000,0.0000,4.000000,4.000000,4.000000,0.000000,0.000000,96.000000,96.000000,96.000000,100.000000,100.000000,5.0,1185.4509,1138.6651,8693.3065,8740.0923,PENDING_AG03,FALSE,NOT_FOR_ENFORCEMENT,9483.6071,484680.3568,9878.7574,9483.6071,395.1503,0.01770420,0.01699603,395.1503,9483.6071,0.01699603,395.1503,395.1503,395.1503,0.0000,0.0000,9483.6071,0.01699603,1185.4509,1138.6651,8693.3065,8740.0923,0.01557970,0.01566354,0.00070817,22.4534,20.6030,0.4031,82.3230,2.6463,4649.9123,204.2083,25.9152,21.1137,12.8578,14.5296,26.176,48.8436,54.2173,102.8621,13.088,0.0,3.731508,7.079487,1.545355,30,207,63,6,0.32204186,0.01770420,-0.00338982,0E-8,0.000000,0.904812,0.002133,0.03111404,2026-03-21,2026-08-06,120,3733,1703,139,0.863309,1.227414,1.154177,1.073473,,,,,,,,GLOBAL_BASELINE_NO_ENTITY_RANKING,,,NOT_APPLICABLE_GLOBAL_BASELINE,HF9g-P5,,,,X 全窗基线 · 不参与实体赏罚,15052565,1506,A168_HF9F_20260827_0900,2026-08-27 09:00:00
2026-05-16,127529701,1505,0,59.6751595662,-38.9185823258,-38.9185823258,0E-7,3,3,0.49771390000000000,0.497713900000,-1.4077622098436522,-1.4077622098436524,-1.4077622098436522,0E-17,ELIGIBLE,R03b_20260811_FULL_v1,L1_ELIGIBILITY,v2026-08-11,2026-03-21..2026-08-06,baccarat_bet02_101_all_pairs_incl_sentinel,round_win = game_pnl > 0 (decisive only),COMPATIBILITY_ONLY_NOT_PRODUCTION,557989.4742,504875.3716,9878.7574,24851,24505,-0.01770420,0.00338982,-0.02772422,-0.01770420,-9878.7574,557989.4742,OK,0.0000,395.1503,4.0000,96.0000,AG03-UNRESOLVED,ALL5_LEVELS_bet23_to_bet27,395.1503,395.1503,395.1503,0.0000,0.0000,4.000000,4.000000,4.000000,0.000000,0.000000,96.000000,96.000000,96.000000,100.000000,100.000000,5.0,1185.4509,1138.6651,8693.3065,8740.0923,PENDING_AG03,FALSE,NOT_FOR_ENFORCEMENT,9483.6071,484680.3568,9878.7574,9483.6071,395.1503,0.01770420,0.01699603,395.1503,9483.6071,0.01699603,395.1503,395.1503,395.1503,0.0000,0.0000,9483.6071,0.01699603,1185.4509,1138.6651,8693.3065,8740.0923,0.01557970,0.01566354,0.00070817,22.4534,20.6030,0.4031,82.3230,2.6463,4649.9123,204.2083,25.9152,21.1137,12.8578,14.5296,26.176,48.8436,54.2173,102.8621,13.088,0.0,3.731508,7.079487,1.545355,30,207,63,6,0.32204186,0.01770420,-0.00338982,0E-8,0.000000,0.904812,0.002133,0.03111404,2026-03-21,2026-08-06,120,3733,1703,139,0.863309,1.227414,1.154177,1.073473,,,,,,,,GLOBAL_BASELINE_NO_ENTITY_RANKING,,,NOT_APPLICABLE_GLOBAL_BASELINE,HF9g-P5,,,,X 全窗基线 · 不参与实体赏罚,15052566,1506,A168_HF9F_20260827_0900,2026-08-27 09:00:00
2026-05-16,127529701,1646,0,64.8643038763,38.9185823258,38.9185823258,1.0000000,3,3,0.49324550000000000,0.493245500000,1.4334489766152358,1.4334489766152358,1.4334489766152358,0E-17,ELIGIBLE,R03b_20260811_FULL_v1,L1_ELIGIBILITY,v2026-08-11,2026-03-21..2026-08-06,baccarat_bet02_101_all_pairs_incl_sentinel,round_win = game_pnl > 0 (decisive only),COMPATIBILITY_ONLY_NOT_PRODUCTION,557989.4742,504875.3716,9878.7574,24851,24505,-0.01770420,0.00338982,-0.02772422,-0.01770420,-9878.7574,557989.4742,OK,0.0000,395.1503,4.0000,96.0000,AG03-UNRESOLVED,ALL5_LEVELS_bet23_to_bet27,395.1503,395.1503,395.1503,0.0000,0.0000,4.000000,4.000000,4.000000,0.000000,0.000000,96.000000,96.000000,96.000000,100.000000,100.000000,5.0,1185.4509,1138.6651,8693.3065,8740.0923,PENDING_AG03,FALSE,NOT_FOR_ENFORCEMENT,9483.6071,484680.3568,9878.7574,9483.6071,395.1503,0.01770420,0.01699603,395.1503,9483.6071,0.01699603,395.1503,395.1503,395.1503,0.0000,0.0000,9483.6071,0.01699603,1185.4509,1138.6651,8693.3065,8740.0923,0.01557970,0.01566354,0.00070817,22.4534,20.6030,0.4031,82.3230,2.6463,4649.9123,204.2083,25.9152,21.1137,12.8578,14.5296,26.176,48.8436,54.2173,102.8621,13.088,0.0,3.731508,7.079487,1.545355,30,207,63,6,0.32204186,0.01770420,-0.00338982,0E-8,0.000000,0.904812,0.002133,0.03111404,2026-03-21,2026-08-06,120,3733,1703,139,0.863309,1.227414,1.154177,1.073473,,,,,,,,GLOBAL_BASELINE_NO_ENTITY_RANKING,,,NOT_APPLICABLE_GLOBAL_BASELINE,HF9g-P5,,,,X 全窗基线 · 不参与实体赏罚,15052567,1506,A168_HF9F_20260827_0900,2026-08-27 09:00:00
2026-05-16,127529701,1710,0,12.9728607753,12.9728607753,12.9728607753,1.0000000,1,1,0.49324550000000000,0.493245500000,1.01360149184955,1.01360149184955,1.01360149184955,0E-17,ELIGIBLE,R03b_20260811_FULL_v1,L1_ELIGIBILITY,v2026-08-11,2026-03-21..2026-08-06,baccarat_bet02_101_all_pairs_incl_sentinel,round_win = game_pnl > 0 (decisive only),COMPATIBILITY_ONLY_NOT_PRODUCTION,557989.4742,504875.3716,9878.7574,24851,24505,-0.01770420,0.00338982,-0.02772422,-0.01770420,-9878.7574,557989.4742,OK,0.0000,395.1503,4.0000,96.0000,AG03-UNRESOLVED,ALL5_LEVELS_bet23_to_bet27,395.1503,395.1503,395.1503,0.0000,0.0000,4.000000,4.000000,4.000000,0.000000,0.000000,96.000000,96.000000,96.000000,100.000000,100.000000,5.0,1185.4509,1138.6651,8693.3065,8740.0923,PENDING_AG03,FALSE,NOT_FOR_ENFORCEMENT,9483.6071,484680.3568,9878.7574,9483.6071,395.1503,0.01770420,0.01699603,395.1503,9483.6071,0.01699603,395.1503,395.1503,395.1503,0.0000,0.0000,9483.6071,0.01699603,1185.4509,1138.6651,8693.3065,8740.0923,0.01557970,0.01566354,0.00070817,22.4534,20.6030,0.4031,82.3230,2.6463,4649.9123,204.2083,25.9152,21.1137,12.8578,14.5296,26.176,48.8436,54.2173,102.8621,13.088,0.0,3.731508,7.079487,1.545355,30,207,63,6,0.32204186,0.01770420,-0.00338982,0E-8,0.000000,0.904812,0.002133,0.03111404,2026-03-21,2026-08-06,120,3733,1703,139,0.863309,1.227414,1.154177,1.073473,,,,,,,,GLOBAL_BASELINE_NO_ENTITY_RANKING,,,NOT_APPLICABLE_GLOBAL_BASELINE,HF9g-P5,,,,X 全窗基线 · 不参与实体赏罚,15052568,1506,A168_HF9F_20260827_0900,2026-08-27 09:00:00
2026-05-16,127529701,2093,0,195.8901977065,-8.2377665924,-8.2377665924,0.4545455,12,12,0.49883100000000000,0.498831000000,-0.2937578786951308,-0.2937578786951308,-0.2937578786951308,0E-17,ELIGIBLE,R03b_20260811_FULL_v1,L1_ELIGIBILITY,v2026-08-11,2026-03-21..2026-08-06,baccarat_bet02_101_all_pairs_incl_sentinel,round_win = game_pnl > 0 (decisive only),COMPATIBILITY_ONLY_NOT_PRODUCTION,557989.4742,504875.3716,9878.7574,24851,24505,-0.01770420,0.00338982,-0.02772422,-0.01770420,-9878.7574,557989.4742,OK,0.0000,395.1503,4.0000,96.0000,AG03-UNRESOLVED,ALL5_LEVELS_bet23_to_bet27,395.1503,395.1503,395.1503,0.0000,0.0000,4.000000,4.000000,4.000000,0.000000,0.000000,96.000000,96.000000,96.000000,100.000000,100.000000,5.0,1185.4509,1138.6651,8693.3065,8740.0923,PENDING_AG03,FALSE,NOT_FOR_ENFORCEMENT,9483.6071,484680.3568,9878.7574,9483.6071,395.1503,0.01770420,0.01699603,395.1503,9483.6071,0.01699603,395.1503,395.1503,395.1503,0.0000,0.0000,9483.6071,0.01699603,1185.4509,1138.6651,8693.3065,8740.0923,0.01557970,0.01566354,0.00070817,22.4534,20.6030,0.4031,82.3230,2.6463,4649.9123,204.2083,25.9152,21.1137,12.8578,14.5296,26.176,48.8436,54.2173,102.8621,13.088,0.0,3.731508,7.079487,1.545355,30,207,63,6,0.32204186,0.01770420,-0.00338982,0E-8,0.000000,0.904812,0.002133,0.03111404,2026-03-21,2026-08-06,120,3733,1703,139,0.863309,1.227414,1.154177,1.073473,,,,,,,,GLOBAL_BASELINE_NO_ENTITY_RANKING,,,NOT_APPLICABLE_GLOBAL_BASELINE,HF9g-P5,,,,X 全窗基线 · 不参与实体赏罚,15052569,1506,A168_HF9F_20260827_0900,2026-08-27 09:00:00
2026-05-16,127529701,2103,0,35.8050957398,20.2376628094,20.2376628094,0.5000000,2,2,0.49994810000000000,0.499948100000,0.00014679536856514622,0.00014679536856514622,0.00014679536856514622,0E-17,ELIGIBLE,R03b_20260811_FULL_v1,L1_ELIGIBILITY,v2026-08-11,2026-03-21..2026-08-06,baccarat_bet02_101_all_pairs_incl_sentinel,round_win = game_pnl > 0 (decisive only),COMPATIBILITY_ONLY_NOT_PRODUCTION,557989.4742,504875.3716,9878.7574,24851,24505,-0.01770420,0.00338982,-0.02772422,-0.01770420,-9878.7574,557989.4742,OK,0.0000,395.1503,4.0000,96.0000,AG03-UNRESOLVED,ALL5_LEVELS_bet23_to_bet27,395.1503,395.1503,395.1503,0.0000,0.0000,4.000000,4.000000,4.000000,0.000000,0.000000,96.000000,96.000000,96.000000,100.000000,100.000000,5.0,1185.4509,1138.6651,8693.3065,8740.0923,PENDING_AG03,FALSE,NOT_FOR_ENFORCEMENT,9483.6071,484680.3568,9878.7574,9483.6071,395.1503,0.01770420,0.01699603,395.1503,9483.6071,0.01699603,395.1503,395.1503,395.1503,0.0000,0.0000,9483.6071,0.01699603,1185.4509,1138.6651,8693.3065,8740.0923,0.01557970,0.01566354,0.00070817,22.4534,20.6030,0.4031,82.3230,2.6463,4649.9123,204.2083,25.9152,21.1137,12.8578,14.5296,26.176,48.8436,54.2173,102.8621,13.088,0.0,3.731508,7.079487,1.545355,30,207,63,6,0.32204186,0.01770420,-0.00338982,0E-8,0.000000,0.904812,0.002133,0.03111404,2026-03-21,2026-08-06,120,3733,1703,139,0.863309,1.227414,1.154177,1.073473,,,,,,,,GLOBAL_BASELINE_NO_ENTITY_RANKING,,,NOT_APPLICABLE_GLOBAL_BASELINE,HF9g-P5,,,,X 全窗基线 · 不参与实体赏罚,15052570,1506,A168_HF9F_20260827_0900,2026-08-27 09:00:00
2026-05-16,127529701,2130,0,317.5756317786,119.6097763479,119.6097763479,0.7142857,16,16,0.50162375000000000,0.501623750000,1.5914248109200528,1.5914248109200528,1.5914248109200528,0E-17,ELIGIBLE,R03b_20260811_FULL_v1,L1_ELIGIBILITY,v2026-08-11,2026-03-21..2026-08-06,baccarat_bet02_101_all_pairs_incl_sentinel,round_win = game_pnl > 0 (decisive only),COMPATIBILITY_ONLY_NOT_PRODUCTION,557989.4742,504875.3716,9878.7574,24851,24505,-0.01770420,0.00338982,-0.02772422,-0.01770420,-9878.7574,557989.4742,OK,0.0000,395.1503,4.0000,96.0000,AG03-UNRESOLVED,ALL5_LEVELS_bet23_to_bet27,395.1503,395.1503,395.1503,0.0000,0.0000,4.000000,4.000000,4.000000,0.000000,0.000000,96.000000,96.000000,96.000000,100.000000,100.000000,5.0,1185.4509,1138.6651,8693.3065,8740.0923,PENDING_AG03,FALSE,NOT_FOR_ENFORCEMENT,9483.6071,484680.3568,9878.7574,9483.6071,395.1503,0.01770420,0.01699603,395.1503,9483.6071,0.01699603,395.1503,395.1503,395.1503,0.0000,0.0000,9483.6071,0.01699603,1185.4509,1138.6651,8693.3065,8740.0923,0.01557970,0.01566354,0.00070817,22.4534,20.6030,0.4031,82.3230,2.6463,4649.9123,204.2083,25.9152,21.1137,12.8578,14.5296,26.176,48.8436,54.2173,102.8621,13.088,0.0,3.731508,7.079487,1.545355,30,207,63,6,0.32204186,0.01770420,-0.00338982,0E-8,0.000000,0.904812,0.002133,0.03111404,2026-03-21,2026-08-06,120,3733,1703,139,0.863309,1.227414,1.154177,1.073473,,,,,,,,GLOBAL_BASELINE_NO_ENTITY_RANKING,,,NOT_APPLICABLE_GLOBAL_BASELINE,HF9g-P5,,,,X 全窗基线 · 不参与实体赏罚,15052571,1506,A168_HF9F_20260827_0900,2026-08-27 09:00:00
2026-05-16,127529701,2169,0,92.3667687199,35.0267240932,35.0267240932,0.6000000,6,6,0.50218230000000000,0.502182300000,0.4374582199563857,0.4374582199563857,0.4374582199563857,0E-17,ELIGIBLE,R03b_20260811_FULL_v1,L1_ELIGIBILITY,v2026-08-11,2026-03-21..2026-08-06,baccarat_bet02_101_all_pairs_incl_sentinel,round_win = game_pnl > 0 (decisive only),COMPATIBILITY_ONLY_NOT_PRODUCTION,557989.4742,504875.3716,9878.7574,24851,24505,-0.01770420,0.00338982,-0.02772422,-0.01770420,-9878.7574,557989.4742,OK,0.0000,395.1503,4.0000,96.0000,AG03-UNRESOLVED,ALL5_LEVELS_bet23_to_bet27,395.1503,395.1503,395.1503,0.0000,0.0000,4.000000,4.000000,4.000000,0.000000,0.000000,96.000000,96.000000,96.000000,100.000000,100.000000,5.0,1185.4509,1138.6651,8693.3065,8740.0923,PENDING_AG03,FALSE,NOT_FOR_ENFORCEMENT,9483.6071,484680.3568,9878.7574,9483.6071,395.1503,0.01770420,0.01699603,395.1503,9483.6071,0.01699603,395.1503,395.1503,395.1503,0.0000,0.0000,9483.6071,0.01699603,1185.4509,1138.6651,8693.3065,8740.0923,0.01557970,0.01566354,0.00070817,22.4534,20.6030,0.4031,82.3230,2.6463,4649.9123,204.2083,25.9152,21.1137,12.8578,14.5296,26.176,48.8436,54.2173,102.8621,13.088,0.0,3.731508,7.079487,1.545355,30,207,63,6,0.32204186,0.01770420,-0.00338982,0E-8,0.000000,0.904812,0.002133,0.03111404,2026-03-21,2026-08-06,120,3733,1703,139,0.863309,1.227414,1.154177,1.073473,,,,,,,,GLOBAL_BASELINE_NO_ENTITY_RANKING,,,NOT_APPLICABLE_GLOBAL_BASELINE,HF9g-P5,,,,X 全窗基线 · 不参与实体赏罚,15052572,1506,A168_HF9F_20260827_0900,2026-08-27 09:00:00
2026-05-16,127529701,2174,0,43.8482694203,-33.4699808001,-33.4699808001,0E-7,4,4,0.50665070000000000,0.506650700000,-1.7552447903592512,-1.7552447903592512,-1.7552447903592512,0E-17,ELIGIBLE,R03b_20260811_FULL_v1,L1_ELIGIBILITY,v2026-08-11,2026-03-21..2026-08-06,baccarat_bet02_101_all_pairs_incl_sentinel,round_win = game_pnl > 0 (decisive only),COMPATIBILITY_ONLY_NOT_PRODUCTION,557989.4742,504875.3716,9878.7574,24851,24505,-0.01770420,0.00338982,-0.02772422,-0.01770420,-9878.7574,557989.4742,OK,0.0000,395.1503,4.0000,96.0000,AG03-UNRESOLVED,ALL5_LEVELS_bet23_to_bet27,395.1503,395.1503,395.1503,0.0000,0.0000,4.000000,4.000000,4.000000,0.000000,0.000000,96.000000,96.000000,96.000000,100.000000,100.000000,5.0,1185.4509,1138.6651,8693.3065,8740.0923,PENDING_AG03,FALSE,NOT_FOR_ENFORCEMENT,9483.6071,484680.3568,9878.7574,9483.6071,395.1503,0.01770420,0.01699603,395.1503,9483.6071,0.01699603,395.1503,395.1503,395.1503,0.0000,0.0000,9483.6071,0.01699603,1185.4509,1138.6651,8693.3065,8740.0923,0.01557970,0.01566354,0.00070817,22.4534,20.6030,0.4031,82.3230,2.6463,4649.9123,204.2083,25.9152,21.1137,12.8578,14.5296,26.176,48.8436,54.2173,102.8621,13.088,0.0,3.731508,7.079487,1.545355,30,207,63,6,0.32204186,0.01770420,-0.00338982,0E-8,0.000000,0.904812,0.002133,0.03111404,2026-03-21,2026-08-06,120,3733,1703,139,0.863309,1.227414,1.154177,1.073473,,,,,,,,GLOBAL_BASELINE_NO_ENTITY_RANKING,,,NOT_APPLICABLE_GLOBAL_BASELINE,HF9g-P5,,,,X 全窗基线 · 不参与实体赏罚,15052573,1506,A168_HF9F_20260827_0900,2026-08-27 09:00:00
2026-05-16,127529701,2196,0,7.2648020341,-7.2648020341,-7.2648020341,0E-7,1,1,0.50665070000000000,0.506650700000,-1.013391052207602,-1.013391052207602,-1.013391052207602,0E-17,ELIGIBLE,R03b_20260811_FULL_v1,L1_ELIGIBILITY,v2026-08-11,2026-03-21..2026-08-06,baccarat_bet02_101_all_pairs_incl_sentinel,round_win = game_pnl > 0 (decisive only),COMPATIBILITY_ONLY_NOT_PRODUCTION,557989.4742,504875.3716,9878.7574,24851,24505,-0.01770420,0.00338982,-0.02772422,-0.01770420,-9878.7574,557989.4742,OK,0.0000,395.1503,4.0000,96.0000,AG03-UNRESOLVED,ALL5_LEVELS_bet23_to_bet27,395.1503,395.1503,395.1503,0.0000,0.0000,4.000000,4.000000,4.000000,0.000000,0.000000,96.000000,96.000000,96.000000,100.000000,100.000000,5.0,1185.4509,1138.6651,8693.3065,8740.0923,PENDING_AG03,FALSE,NOT_FOR_ENFORCEMENT,9483.6071,484680.3568,9878.7574,9483.6071,395.1503,0.01770420,0.01699603,395.1503,9483.6071,0.01699603,395.1503,395.1503,395.1503,0.0000,0.0000,9483.6071,0.01699603,1185.4509,1138.6651,8693.3065,8740.0923,0.01557970,0.01566354,0.00070817,22.4534,20.6030,0.4031,82.3230,2.6463,4649.9123,204.2083,25.9152,21.1137,12.8578,14.5296,26.176,48.8436,54.2173,102.8621,13.088,0.0,3.731508,7.079487,1.545355,30,207,63,6,0.32204186,0.01770420,-0.00338982,0E-8,0.000000,0.904812,0.002133,0.03111404,2026-03-21,2026-08-06,120,3733,1703,139,0.863309,1.227414,1.154177,1.073473,,,,,,,,GLOBAL_BASELINE_NO_ENTITY_RANKING,,,NOT_APPLICABLE_GLOBAL_BASELINE,HF9g-P5,,,,X 全窗基线 · 不参与实体赏罚,15052574,1506,A168_HF9F_20260827_0900,2026-08-27 09:00:00
2026-05-16,127529701,2233,0,43.3293549894,27.7619220591,27.7619220591,1.0000000,2,2,0.49994810000000000,0.499948100000,1.0001038053877793,1.0001038053877793,1.0001038053877793,0E-17,ELIGIBLE,R03b_20260811_FULL_v1,L1_ELIGIBILITY,v2026-08-11,2026-03-21..2026-08-06,baccarat_bet02_101_all_pairs_incl_sentinel,round_win = game_pnl > 0 (decisive only),COMPATIBILITY_ONLY_NOT_PRODUCTION,557989.4742,504875.3716,9878.7574,24851,24505,-0.01770420,0.00338982,-0.02772422,-0.01770420,-9878.7574,557989.4742,OK,0.0000,395.1503,4.0000,96.0000,AG03-UNRESOLVED,ALL5_LEVELS_bet23_to_bet27,395.1503,395.1503,395.1503,0.0000,0.0000,4.000000,4.000000,4.000000,0.000000,0.000000,96.000000,96.000000,96.000000,100.000000,100.000000,5.0,1185.4509,1138.6651,8693.3065,8740.0923,PENDING_AG03,FALSE,NOT_FOR_ENFORCEMENT,9483.6071,484680.3568,9878.7574,9483.6071,395.1503,0.01770420,0.01699603,395.1503,9483.6071,0.01699603,395.1503,395.1503,395.1503,0.0000,0.0000,9483.6071,0.01699603,1185.4509,1138.6651,8693.3065,8740.0923,0.01557970,0.01566354,0.00070817,22.4534,20.6030,0.4031,82.3230,2.6463,4649.9123,204.2083,25.9152,21.1137,12.8578,14.5296,26.176,48.8436,54.2173,102.8621,13.088,0.0,3.731508,7.079487,1.545355,30,207,63,6,0.32204186,0.01770420,-0.00338982,0E-8,0.000000,0.904812,0.002133,0.03111404,2026-03-21,2026-08-06,120,3733,1703,139,0.863309,1.227414,1.154177,1.073473,,,,,,,,GLOBAL_BASELINE_NO_ENTITY_RANKING,,,NOT_APPLICABLE_GLOBAL_BASELINE,HF9g-P5,,,,X 全窗基线 · 不参与实体赏罚,15052575,1506,A168_HF9F_20260827_0900,2026-08-27 09:00:00
2026-05-16,127529701,2235,0,232.4736650928,-122.2043485030,-122.2043485030,0.2727273,12,12,0.50106520000000000,0.501065200000,-1.5146258974897908,-1.5146258974897908,-1.5146258974897908,0E-17,ELIGIBLE,R03b_20260811_FULL_v1,L1_ELIGIBILITY,v2026-08-11,2026-03-21..2026-08-06,baccarat_bet02_101_all_pairs_incl_sentinel,round_win = game_pnl > 0 (decisive only),COMPATIBILITY_ONLY_NOT_PRODUCTION,557989.4742,504875.3716,9878.7574,24851,24505,-0.01770420,0.00338982,-0.02772422,-0.01770420,-9878.7574,557989.4742,OK,0.0000,395.1503,4.0000,96.0000,AG03-UNRESOLVED,ALL5_LEVELS_bet23_to_bet27,395.1503,395.1503,395.1503,0.0000,0.0000,4.000000,4.000000,4.000000,0.000000,0.000000,96.000000,96.000000,96.000000,100.000000,100.000000,5.0,1185.4509,1138.6651,8693.3065,8740.0923,PENDING_AG03,FALSE,NOT_FOR_ENFORCEMENT,9483.6071,484680.3568,9878.7574,9483.6071,395.1503,0.01770420,0.01699603,395.1503,9483.6071,0.01699603,395.1503,395.1503,395.1503,0.0000,0.0000,9483.6071,0.01699603,1185.4509,1138.6651,8693.3065,8740.0923,0.01557970,0.01566354,0.00070817,22.4534,20.6030,0.4031,82.3230,2.6463,4649.9123,204.2083,25.9152,21.1137,12.8578,14.5296,26.176,48.8436,54.2173,102.8621,13.088,0.0,3.731508,7.079487,1.545355,30,207,63,6,0.32204186,0.01770420,-0.00338982,0E-8,0.000000,0.904812,0.002133,0.03111404,2026-03-21,2026-08-06,120,3733,1703,139,0.863309,1.227414,1.154177,1.073473,,,,,,,,GLOBAL_BASELINE_NO_ENTITY_RANKING,,,NOT_APPLICABLE_GLOBAL_BASELINE,HF9g-P5,,,,X 全窗基线 · 不参与实体赏罚,15052576,1506,A168_HF9F_20260827_0900,2026-08-27 09:00:00
2026-05-16,127529701,2246,0,209.1225156972,47.6103990451,47.6103990451,0.5555556,11,10,0.49442115500000000,0.480686225000,0.366829238072097,0.44955149364163055,0.366829238072097,0.01373493000000000,ELIGIBLE,R03b_20260811_FULL_v1,L1_ELIGIBILITY,v2026-08-11,2026-03-21..2026-08-06,baccarat_bet02_101_all_pairs_incl_sentinel,round_win = game_pnl > 0 (decisive only),COMPATIBILITY_ONLY_NOT_PRODUCTION,557989.4742,504875.3716,9878.7574,24851,24505,-0.01770420,0.00338982,-0.02772422,-0.01770420,-9878.7574,557989.4742,OK,0.0000,395.1503,4.0000,96.0000,AG03-UNRESOLVED,ALL5_LEVELS_bet23_to_bet27,395.1503,395.1503,395.1503,0.0000,0.0000,4.000000,4.000000,4.000000,0.000000,0.000000,96.000000,96.000000,96.000000,100.000000,100.000000,5.0,1185.4509,1138.6651,8693.3065,8740.0923,PENDING_AG03,FALSE,NOT_FOR_ENFORCEMENT,9483.6071,484680.3568,9878.7574,9483.6071,395.1503,0.01770420,0.01699603,395.1503,9483.6071,0.01699603,395.1503,395.1503,395.1503,0.0000,0.0000,9483.6071,0.01699603,1185.4509,1138.6651,8693.3065,8740.0923,0.01557970,0.01566354,0.00070817,22.4534,20.6030,0.4031,82.3230,2.6463,4649.9123,204.2083,25.9152,21.1137,12.8578,14.5296,26.176,48.8436,54.2173,102.8621,13.088,0.0,3.731508,7.079487,1.545355,30,207,63,6,0.32204186,0.01770420,-0.00338982,0E-8,0.000000,0.904812,0.002133,0.03111404,2026-03-21,2026-08-06,120,3733,1703,139,0.863309,1.227414,1.154177,1.073473,,,,,,,,GLOBAL_BASELINE_NO_ENTITY_RANKING,,,NOT_APPLICABLE_GLOBAL_BASELINE,HF9g-P5,,,,X 全窗基线 · 不参与实体赏罚,15052577,1506,A168_HF9F_20260827_0900,2026-08-27 09:00:00
2026-05-16,127529701,471,0,219.2413471021,1E-10,1E-10,0.6000000,11,11,0.49812011818181818,0.498120118182,0.644349502809689,0.6443495028085383,0.644349502809689,-1.8182E-13,ELIGIBLE,R03b_20260811_FULL_v1,L1_ELIGIBILITY,v2026-08-11,2026-03-21..2026-08-06,baccarat_bet02_101_all_pairs_incl_sentinel,round_win = game_pnl > 0 (decisive only),COMPATIBILITY_ONLY_NOT_PRODUCTION,557989.4742,504875.3716,9878.7574,24851,24505,-0.01770420,0.00338982,-0.02772422,-0.01770420,-9878.7574,557989.4742,OK,0.0000,395.1503,4.0000,96.0000,AG03-UNRESOLVED,ALL5_LEVELS_bet23_to_bet27,395.1503,395.1503,395.1503,0.0000,0.0000,4.000000,4.000000,4.000000,0.000000,0.000000,96.000000,96.000000,96.000000,100.000000,100.000000,5.0,1185.4509,1138.6651,8693.3065,8740.0923,PENDING_AG03,FALSE,NOT_FOR_ENFORCEMENT,9483.6071,484680.3568,9878.7574,9483.6071,395.1503,0.01770420,0.01699603,395.1503,9483.6071,0.01699603,395.1503,395.1503,395.1503,0.0000,0.0000,9483.6071,0.01699603,1185.4509,1138.6651,8693.3065,8740.0923,0.01557970,0.01566354,0.00070817,22.4534,20.6030,0.4031,82.3230,2.6463,4649.9123,204.2083,25.9152,21.1137,12.8578,14.5296,26.176,48.8436,54.2173,102.8621,13.088,0.0,3.731508,7.079487,1.545355,30,207,63,6,0.32204186,0.01770420,-0.00338982,0E-8,0.000000,0.904812,0.002133,0.03111404,2026-03-21,2026-08-06,120,3733,1703,139,0.863309,1.227414,1.154177,1.073473,,,,,,,,GLOBAL_BASELINE_NO_ENTITY_RANKING,,,NOT_APPLICABLE_GLOBAL_BASELINE,HF9g-P5,,,,X 全窗基线 · 不参与实体赏罚,15052578,1506,A168_HF9F_20260827_0900,2026-08-27 09:00:00
2026-05-16,127529701,986,0,114.1611748223,-1E-10,-1E-10,0.5000000,5,5,0.50128862000000000,0.501288620000,-0.0051544971185412255,-0.0051544971185412255,-0.0051544971185412255,0E-17,ELIGIBLE,R03b_20260811_FULL_v1,L1_ELIGIBILITY,v2026-08-11,2026-03-21..2026-08-06,baccarat_bet02_101_all_pairs_incl_sentinel,round_win = game_pnl > 0 (decisive only),COMPATIBILITY_ONLY_NOT_PRODUCTION,557989.4742,504875.3716,9878.7574,24851,24505,-0.01770420,0.00338982,-0.02772422,-0.01770420,-9878.7574,557989.4742,OK,0.0000,395.1503,4.0000,96.0000,AG03-UNRESOLVED,ALL5_LEVELS_bet23_to_bet27,395.1503,395.1503,395.1503,0.0000,0.0000,4.000000,4.000000,4.000000,0.000000,0.000000,96.000000,96.000000,96.000000,100.000000,100.000000,5.0,1185.4509,1138.6651,8693.3065,8740.0923,PENDING_AG03,FALSE,NOT_FOR_ENFORCEMENT,9483.6071,484680.3568,9878.7574,9483.6071,395.1503,0.01770420,0.01699603,395.1503,9483.6071,0.01699603,395.1503,395.1503,395.1503,0.0000,0.0000,9483.6071,0.01699603,1185.4509,1138.6651,8693.3065,8740.0923,0.01557970,0.01566354,0.00070817,22.4534,20.6030,0.4031,82.3230,2.6463,4649.9123,204.2083,25.9152,21.1137,12.8578,14.5296,26.176,48.8436,54.2173,102.8621,13.088,0.0,3.731508,7.079487,1.545355,30,207,63,6,0.32204186,0.01770420,-0.00338982,0E-8,0.000000,0.904812,0.002133,0.03111404,2026-03-21,2026-08-06,120,3733,1703,139,0.863309,1.227414,1.154177,1.073473,,,,,,,,GLOBAL_BASELINE_NO_ENTITY_RANKING,,,NOT_APPLICABLE_GLOBAL_BASELINE,HF9g-P5,,,,X 全窗基线 · 不参与实体赏罚,15052579,1506,A168_HF9F_20260827_0900,2026-08-27 09:00:00
2026-05-16,127529701,987,0,280.2137927457,129.5340148410,129.5340148410,0.6250000,11,11,0.50177608181818182,0.501776081818,0.6970641429509408,0.6970641429519685,0.6970641429509408,1.8182E-13,ELIGIBLE,R03b_20260811_FULL_v1,L1_ELIGIBILITY,v2026-08-11,2026-03-21..2026-08-06,baccarat_bet02_101_all_pairs_incl_sentinel,round_win = game_pnl > 0 (decisive only),COMPATIBILITY_ONLY_NOT_PRODUCTION,557989.4742,504875.3716,9878.7574,24851,24505,-0.01770420,0.00338982,-0.02772422,-0.01770420,-9878.7574,557989.4742,OK,0.0000,395.1503,4.0000,96.0000,AG03-UNRESOLVED,ALL5_LEVELS_bet23_to_bet27,395.1503,395.1503,395.1503,0.0000,0.0000,4.000000,4.000000,4.000000,0.000000,0.000000,96.000000,96.000000,96.000000,100.000000,100.000000,5.0,1185.4509,1138.6651,8693.3065,8740.0923,PENDING_AG03,FALSE,NOT_FOR_ENFORCEMENT,9483.6071,484680.3568,9878.7574,9483.6071,395.1503,0.01770420,0.01699603,395.1503,9483.6071,0.01699603,395.1503,395.1503,395.1503,0.0000,0.0000,9483.6071,0.01699603,1185.4509,1138.6651,8693.3065,8740.0923,0.01557970,0.01566354,0.00070817,22.4534,20.6030,0.4031,82.3230,2.6463,4649.9123,204.2083,25.9152,21.1137,12.8578,14.5296,26.176,48.8436,54.2173,102.8621,13.088,0.0,3.731508,7.079487,1.545355,30,207,63,6,0.32204186,0.01770420,-0.00338982,0E-8,0.000000,0.904812,0.002133,0.03111404,2026-03-21,2026-08-06,120,3733,1703,139,0.863309,1.227414,1.154177,1.073473,,,,,,,,GLOBAL_BASELINE_NO_ENTITY_RANKING,,,NOT_APPLICABLE_GLOBAL_BASELINE,HF9g-P5,,,,X 全窗基线 · 不参与实体赏罚,15052580,1506,A168_HF9F_20260827_0900,2026-08-27 09:00:00
2026-05-17,127529701,-1,1,12.9728607753,12.3242177365,12.3242177365,1.0000000,1,1,0.50665070000000000,0.506650700000,0.9867858985152569,0.9867858985152569,0.9867858985152569,0E-17,SENTINEL_DEALER,R03b_20260811_FULL_v1,L1_ELIGIBILITY,v2026-08-11,2026-03-21..2026-08-06,baccarat_bet02_101_all_pairs_incl_sentinel,round_win = game_pnl > 0 (decisive only),COMPATIBILITY_ONLY_NOT_PRODUCTION,557989.4742,504875.3716,9878.7574,24851,24505,-0.01770420,0.00338982,-0.02772422,-0.01770420,-9878.7574,557989.4742,OK,0.0000,395.1503,4.0000,96.0000,AG03-UNRESOLVED,ALL5_LEVELS_bet23_to_bet27,395.1503,395.1503,395.1503,0.0000,0.0000,4.000000,4.000000,4.000000,0.000000,0.000000,96.000000,96.000000,96.000000,100.000000,100.000000,5.0,1185.4509,1138.6651,8693.3065,8740.0923,PENDING_AG03,FALSE,NOT_FOR_ENFORCEMENT,9483.6071,484680.3568,9878.7574,9483.6071,395.1503,0.01770420,0.01699603,395.1503,9483.6071,0.01699603,395.1503,395.1503,395.1503,0.0000,0.0000,9483.6071,0.01699603,1185.4509,1138.6651,8693.3065,8740.0923,0.01557970,0.01566354,0.00070817,22.4534,20.6030,0.4031,82.3230,2.6463,4649.9123,204.2083,25.9152,21.1137,12.8578,14.5296,26.176,48.8436,54.2173,102.8621,13.088,0.0,3.731508,7.079487,1.545355,30,207,63,6,0.32204186,0.01770420,-0.00338982,0E-8,0.000000,0.904812,0.002133,0.03111404,2026-03-21,2026-08-06,120,3733,1703,139,0.863309,1.227414,1.154177,1.073473,,,,,,,,GLOBAL_BASELINE_NO_ENTITY_RANKING,,,NOT_APPLICABLE_GLOBAL_BASELINE,HF9g-P5,,,,X 全窗基线 · 不参与实体赏罚,15052581,1506,A168_HF9F_20260827_0900,2026-08-27 09:00:00
2026-05-17,127529701,1004,0,28.5402937056,-28.5402937056,-28.5402937056,0E-7,2,2,0.49994810000000000,0.499948100000,-1.4140667746232096,-1.4140667746232096,-1.4140667746232096,0E-17,ELIGIBLE,R03b_20260811_FULL_v1,L1_ELIGIBILITY,v2026-08-11,2026-03-21..2026-08-06,baccarat_bet02_101_all_pairs_incl_sentinel,round_win = game_pnl > 0 (decisive only),COMPATIBILITY_ONLY_NOT_PRODUCTION,557989.4742,504875.3716,9878.7574,24851,24505,-0.01770420,0.00338982,-0.02772422,-0.01770420,-9878.7574,557989.4742,OK,0.0000,395.1503,4.0000,96.0000,AG03-UNRESOLVED,ALL5_LEVELS_bet23_to_bet27,395.1503,395.1503,395.1503,0.0000,0.0000,4.000000,4.000000,4.000000,0.000000,0.000000,96.000000,96.000000,96.000000,100.000000,100.000000,5.0,1185.4509,1138.6651,8693.3065,8740.0923,PENDING_AG03,FALSE,NOT_FOR_ENFORCEMENT,9483.6071,484680.3568,9878.7574,9483.6071,395.1503,0.01770420,0.01699603,395.1503,9483.6071,0.01699603,395.1503,395.1503,395.1503,0.0000,0.0000,9483.6071,0.01699603,1185.4509,1138.6651,8693.3065,8740.0923,0.01557970,0.01566354,0.00070817,22.4534,20.6030,0.4031,82.3230,2.6463,4649.9123,204.2083,25.9152,21.1137,12.8578,14.5296,26.176,48.8436,54.2173,102.8621,13.088,0.0,3.731508,7.079487,1.545355,30,207,63,6,0.32204186,0.01770420,-0.00338982,0E-8,0.000000,0.904812,0.002133,0.03111404,2026-03-21,2026-08-06,120,3733,1703,139,0.863309,1.227414,1.154177,1.073473,,,,,,,,GLOBAL_BASELINE_NO_ENTITY_RANKING,,,NOT_APPLICABLE_GLOBAL_BASELINE,HF9g-P5,,,,X 全窗基线 · 不参与实体赏罚,15052582,1506,A168_HF9F_20260827_0900,2026-08-27 09:00:00
2026-05-17,127529701,1109,0,132.3231799077,-76.6696071818,-76.6696071818,0.3333333,6,6,0.49994810000000000,0.499948100000,-0.8162423282897021,-0.8162423282897021,-0.8162423282897021,0E-17,ELIGIBLE,R03b_20260811_FULL_v1,L1_ELIGIBILITY,v2026-08-11,2026-03-21..2026-08-06,baccarat_bet02_101_all_pairs_incl_sentinel,round_win = game_pnl > 0 (decisive only),COMPATIBILITY_ONLY_NOT_PRODUCTION,557989.4742,504875.3716,9878.7574,24851,24505,-0.01770420,0.00338982,-0.02772422,-0.01770420,-9878.7574,557989.4742,OK,0.0000,395.1503,4.0000,96.0000,AG03-UNRESOLVED,ALL5_LEVELS_bet23_to_bet27,395.1503,395.1503,395.1503,0.0000,0.0000,4.000000,4.000000,4.000000,0.000000,0.000000,96.000000,96.000000,96.000000,100.000000,100.000000,5.0,1185.4509,1138.6651,8693.3065,8740.0923,PENDING_AG03,FALSE,NOT_FOR_ENFORCEMENT,9483.6071,484680.3568,9878.7574,9483.6071,395.1503,0.01770420,0.01699603,395.1503,9483.6071,0.01699603,395.1503,395.1503,395.1503,0.0000,0.0000,9483.6071,0.01699603,1185.4509,1138.6651,8693.3065,8740.0923,0.01557970,0.01566354,0.00070817,22.4534,20.6030,0.4031,82.3230,2.6463,4649.9123,204.2083,25.9152,21.1137,12.8578,14.5296,26.176,48.8436,54.2173,102.8621,13.088,0.0,3.731508,7.079487,1.545355,30,207,63,6,0.32204186,0.01770420,-0.00338982,0E-8,0.000000,0.904812,0.002133,0.03111404,2026-03-21,2026-08-06,120,3733,1703,139,0.863309,1.227414,1.154177,1.073473,,,,,,,,GLOBAL_BASELINE_NO_ENTITY_RANKING,,,NOT_APPLICABLE_GLOBAL_BASELINE,HF9g-P5,,,,X 全窗基线 · 不参与实体赏罚,15052583,1506,A168_HF9F_20260827_0900,2026-08-27 09:00:00
2026-05-17,127529701,1210,0,93.4045975819,-36.3240101707,-36.3240101707,0.2500000,5,5,0.49860758000000000,0.498607580000,-0.9944341760919779,-0.9944341760919779,-0.9944341760919779,0E-17,ELIGIBLE,R03b_20260811_FULL_v1,L1_ELIGIBILITY,v2026-08-11,2026-03-21..2026-08-06,baccarat_bet02_101_all_pairs_incl_sentinel,round_win = game_pnl > 0 (decisive only),COMPATIBILITY_ONLY_NOT_PRODUCTION,557989.4742,504875.3716,9878.7574,24851,24505,-0.01770420,0.00338982,-0.02772422,-0.01770420,-9878.7574,557989.4742,OK,0.0000,395.1503,4.0000,96.0000,AG03-UNRESOLVED,ALL5_LEVELS_bet23_to_bet27,395.1503,395.1503,395.1503,0.0000,0.0000,4.000000,4.000000,4.000000,0.000000,0.000000,96.000000,96.000000,96.000000,100.000000,100.000000,5.0,1185.4509,1138.6651,8693.3065,8740.0923,PENDING_AG03,FALSE,NOT_FOR_ENFORCEMENT,9483.6071,484680.3568,9878.7574,9483.6071,395.1503,0.01770420,0.01699603,395.1503,9483.6071,0.01699603,395.1503,395.1503,395.1503,0.0000,0.0000,9483.6071,0.01699603,1185.4509,1138.6651,8693.3065,8740.0923,0.01557970,0.01566354,0.00070817,22.4534,20.6030,0.4031,82.3230,2.6463,4649.9123,204.2083,25.9152,21.1137,12.8578,14.5296,26.176,48.8436,54.2173,102.8621,13.088,0.0,3.731508,7.079487,1.545355,30,207,63,6,0.32204186,0.01770420,-0.00338982,0E-8,0.000000,0.904812,0.002133,0.03111404,2026-03-21,2026-08-06,120,3733,1703,139,0.863309,1.227414,1.154177,1.073473,,,,,,,,GLOBAL_BASELINE_NO_ENTITY_RANKING,,,NOT_APPLICABLE_GLOBAL_BASELINE,HF9g-P5,,,,X 全窗基线 · 不参与实体赏罚,15052584,1506,A168_HF9F_20260827_0900,2026-08-27 09:00:00
2026-05-17,127529701,1306,0,734.2639198795,54.4860152561,54.4860152561,0.5000000,16,15,0.49830968666666667,0.498160740000,0.012649219021128906,0.013763854653574952,0.012649219021128906,0.00014894666666667,ELIGIBLE,R03b_20260811_FULL_v1,L1_ELIGIBILITY,v2026-08-11,2026-03-21..2026-08-06,baccarat_bet02_101_all_pairs_incl_sentinel,round_win = game_pnl > 0 (decisive only),COMPATIBILITY_ONLY_NOT_PRODUCTION,557989.4742,504875.3716,9878.7574,24851,24505,-0.01770420,0.00338982,-0.02772422,-0.01770420,-9878.7574,557989.4742,OK,0.0000,395.1503,4.0000,96.0000,AG03-UNRESOLVED,ALL5_LEVELS_bet23_to_bet27,395.1503,395.1503,395.1503,0.0000,0.0000,4.000000,4.000000,4.000000,0.000000,0.000000,96.000000,96.000000,96.000000,100.000000,100.000000,5.0,1185.4509,1138.6651,8693.3065,8740.0923,PENDING_AG03,FALSE,NOT_FOR_ENFORCEMENT,9483.6071,484680.3568,9878.7574,9483.6071,395.1503,0.01770420,0.01699603,395.1503,9483.6071,0.01699603,395.1503,395.1503,395.1503,0.0000,0.0000,9483.6071,0.01699603,1185.4509,1138.6651,8693.3065,8740.0923,0.01557970,0.01566354,0.00070817,22.4534,20.6030,0.4031,82.3230,2.6463,4649.9123,204.2083,25.9152,21.1137,12.8578,14.5296,26.176,48.8436,54.2173,102.8621,13.088,0.0,3.731508,7.079487,1.545355,30,207,63,6,0.32204186,0.01770420,-0.00338982,0E-8,0.000000,0.904812,0.002133,0.03111404,2026-03-21,2026-08-06,120,3733,1703,139,0.863309,1.227414,1.154177,1.073473,,,,,,,,GLOBAL_BASELINE_NO_ENTITY_RANKING,,,NOT_APPLICABLE_GLOBAL_BASELINE,HF9g-P5,,,,X 全窗基线 · 不参与实体赏罚,15052585,1506,A168_HF9F_20260827_0900,2026-08-27 09:00:00
2026-05-17,127529701,1307,0,50.3346998080,-15.5674329304,-15.5674329304,0.4000000,5,5,0.49860758000000000,0.498607580000,-0.440988213962219,-0.440988213962219,-0.440988213962219,0E-17,ELIGIBLE,R03b_20260811_FULL_v1,L1_ELIGIBILITY,v2026-08-11,2026-03-21..2026-08-06,baccarat_bet02_101_all_pairs_incl_sentinel,round_win = game_pnl > 0 (decisive only),COMPATIBILITY_ONLY_NOT_PRODUCTION,557989.4742,504875.3716,9878.7574,24851,24505,-0.01770420,0.00338982,-0.02772422,-0.01770420,-9878.7574,557989.4742,OK,0.0000,395.1503,4.0000,96.0000,AG03-UNRESOLVED,ALL5_LEVELS_bet23_to_bet27,395.1503,395.1503,395.1503,0.0000,0.0000,4.000000,4.000000,4.000000,0.000000,0.000000,96.000000,96.000000,96.000000,100.000000,100.000000,5.0,1185.4509,1138.6651,8693.3065,8740.0923,PENDING_AG03,FALSE,NOT_FOR_ENFORCEMENT,9483.6071,484680.3568,9878.7574,9483.6071,395.1503,0.01770420,0.01699603,395.1503,9483.6071,0.01699603,395.1503,395.1503,395.1503,0.0000,0.0000,9483.6071,0.01699603,1185.4509,1138.6651,8693.3065,8740.0923,0.01557970,0.01566354,0.00070817,22.4534,20.6030,0.4031,82.3230,2.6463,4649.9123,204.2083,25.9152,21.1137,12.8578,14.5296,26.176,48.8436,54.2173,102.8621,13.088,0.0,3.731508,7.079487,1.545355,30,207,63,6,0.32204186,0.01770420,-0.00338982,0E-8,0.000000,0.904812,0.002133,0.03111404,2026-03-21,2026-08-06,120,3733,1703,139,0.863309,1.227414,1.154177,1.073473,,,,,,,,GLOBAL_BASELINE_NO_ENTITY_RANKING,,,NOT_APPLICABLE_GLOBAL_BASELINE,HF9g-P5,,,,X 全窗基线 · 不参与实体赏罚,15052586,1506,A168_HF9F_20260827_0900,2026-08-27 09:00:00
2026-05-17,127529701,1396,0,56.8211301956,14.0106896373,14.0106896373,0.5000000,4,4,0.50329940000000000,0.503299400000,-0.01319788734859681,-0.01319788734859681,-0.01319788734859681,0E-17,ELIGIBLE,R03b_20260811_FULL_v1,L1_ELIGIBILITY,v2026-08-11,2026-03-21..2026-08-06,baccarat_bet02_101_all_pairs_incl_sentinel,round_win = game_pnl > 0 (decisive only),COMPATIBILITY_ONLY_NOT_PRODUCTION,557989.4742,504875.3716,9878.7574,24851,24505,-0.01770420,0.00338982,-0.02772422,-0.01770420,-9878.7574,557989.4742,OK,0.0000,395.1503,4.0000,96.0000,AG03-UNRESOLVED,ALL5_LEVELS_bet23_to_bet27,395.1503,395.1503,395.1503,0.0000,0.0000,4.000000,4.000000,4.000000,0.000000,0.000000,96.000000,96.000000,96.000000,100.000000,100.000000,5.0,1185.4509,1138.6651,8693.3065,8740.0923,PENDING_AG03,FALSE,NOT_FOR_ENFORCEMENT,9483.6071,484680.3568,9878.7574,9483.6071,395.1503,0.01770420,0.01699603,395.1503,9483.6071,0.01699603,395.1503,395.1503,395.1503,0.0000,0.0000,9483.6071,0.01699603,1185.4509,1138.6651,8693.3065,8740.0923,0.01557970,0.01566354,0.00070817,22.4534,20.6030,0.4031,82.3230,2.6463,4649.9123,204.2083,25.9152,21.1137,12.8578,14.5296,26.176,48.8436,54.2173,102.8621,13.088,0.0,3.731508,7.079487,1.545355,30,207,63,6,0.32204186,0.01770420,-0.00338982,0E-8,0.000000,0.904812,0.002133,0.03111404,2026-03-21,2026-08-06,120,3733,1703,139,0.863309,1.227414,1.154177,1.073473,,,,,,,,GLOBAL_BASELINE_NO_ENTITY_RANKING,,,NOT_APPLICABLE_GLOBAL_BASELINE,HF9g-P5,,,,X 全窗基线 · 不参与实体赏罚,15052587,1506,A168_HF9F_20260827_0900,2026-08-27 09:00:00
2026-05-17,127529701,1400,0,287.7380519953,114.6800892533,114.6800892533,0.7058824,17,17,0.49955382941176471,0.499553829412,1.701429269580045,1.7014292695781037,1.701429269580045,-2.3529E-13,ELIGIBLE,R03b_20260811_FULL_v1,L1_ELIGIBILITY,v2026-08-11,2026-03-21..2026-08-06,baccarat_bet02_101_all_pairs_incl_sentinel,round_win = game_pnl > 0 (decisive only),COMPATIBILITY_ONLY_NOT_PRODUCTION,557989.4742,504875.3716,9878.7574,24851,24505,-0.01770420,0.00338982,-0.02772422,-0.01770420,-9878.7574,557989.4742,OK,0.0000,395.1503,4.0000,96.0000,AG03-UNRESOLVED,ALL5_LEVELS_bet23_to_bet27,395.1503,395.1503,395.1503,0.0000,0.0000,4.000000,4.000000,4.000000,0.000000,0.000000,96.000000,96.000000,96.000000,100.000000,100.000000,5.0,1185.4509,1138.6651,8693.3065,8740.0923,PENDING_AG03,FALSE,NOT_FOR_ENFORCEMENT,9483.6071,484680.3568,9878.7574,9483.6071,395.1503,0.01770420,0.01699603,395.1503,9483.6071,0.01699603,395.1503,395.1503,395.1503,0.0000,0.0000,9483.6071,0.01699603,1185.4509,1138.6651,8693.3065,8740.0923,0.01557970,0.01566354,0.00070817,22.4534,20.6030,0.4031,82.3230,2.6463,4649.9123,204.2083,25.9152,21.1137,12.8578,14.5296,26.176,48.8436,54.2173,102.8621,13.088,0.0,3.731508,7.079487,1.545355,30,207,63,6,0.32204186,0.01770420,-0.00338982,0E-8,0.000000,0.904812,0.002133,0.03111404,2026-03-21,2026-08-06,120,3733,1703,139,0.863309,1.227414,1.154177,1.073473,,,,,,,,GLOBAL_BASELINE_NO_ENTITY_RANKING,,,NOT_APPLICABLE_GLOBAL_BASELINE,HF9g-P5,,,,X 全窗基线 · 不参与实体赏罚,15052588,1506,A168_HF9F_20260827_0900,2026-08-27 09:00:00
2026-05-17,127529701,1750,0,12.9728607753,12.3242177365,12.3242177365,1.0000000,1,1,0.50665070000000000,0.506650700000,0.9867858985152569,0.9867858985152569,0.9867858985152569,0E-17,ELIGIBLE,R03b_20260811_FULL_v1,L1_ELIGIBILITY,v2026-08-11,2026-03-21..2026-08-06,baccarat_bet02_101_all_pairs_incl_sentinel,round_win = game_pnl > 0 (decisive only),COMPATIBILITY_ONLY_NOT_PRODUCTION,557989.4742,504875.3716,9878.7574,24851,24505,-0.01770420,0.00338982,-0.02772422,-0.01770420,-9878.7574,557989.4742,OK,0.0000,395.1503,4.0000,96.0000,AG03-UNRESOLVED,ALL5_LEVELS_bet23_to_bet27,395.1503,395.1503,395.1503,0.0000,0.0000,4.000000,4.000000,4.000000,0.000000,0.000000,96.000000,96.000000,96.000000,100.000000,100.000000,5.0,1185.4509,1138.6651,8693.3065,8740.0923,PENDING_AG03,FALSE,NOT_FOR_ENFORCEMENT,9483.6071,484680.3568,9878.7574,9483.6071,395.1503,0.01770420,0.01699603,395.1503,9483.6071,0.01699603,395.1503,395.1503,395.1503,0.0000,0.0000,9483.6071,0.01699603,1185.4509,1138.6651,8693.3065,8740.0923,0.01557970,0.01566354,0.00070817,22.4534,20.6030,0.4031,82.3230,2.6463,4649.9123,204.2083,25.9152,21.1137,12.8578,14.5296,26.176,48.8436,54.2173,102.8621,13.088,0.0,3.731508,7.079487,1.545355,30,207,63,6,0.32204186,0.01770420,-0.00338982,0E-8,0.000000,0.904812,0.002133,0.03111404,2026-03-21,2026-08-06,120,3733,1703,139,0.863309,1.227414,1.154177,1.073473,,,,,,,,GLOBAL_BASELINE_NO_ENTITY_RANKING,,,NOT_APPLICABLE_GLOBAL_BASELINE,HF9g-P5,,,,X 全窗基线 · 不参与实体赏罚,15052589,1506,A168_HF9F_20260827_0900,2026-08-27 09:00:00
2026-05-17,127529701,2170,0,249.0789268851,-64.8643038763,-64.8643038763,0.3750000,9,9,0.49771390000000000,0.497713900000,-0.694181902665499,-0.6941819026654991,-0.694181902665499,0E-17,ELIGIBLE,R03b_20260811_FULL_v1,L1_ELIGIBILITY,v2026-08-11,2026-03-21..2026-08-06,baccarat_bet02_101_all_pairs_incl_sentinel,round_win = game_pnl > 0 (decisive only),COMPATIBILITY_ONLY_NOT_PRODUCTION,557989.4742,504875.3716,9878.7574,24851,24505,-0.01770420,0.00338982,-0.02772422,-0.01770420,-9878.7574,557989.4742,OK,0.0000,395.1503,4.0000,96.0000,AG03-UNRESOLVED,ALL5_LEVELS_bet23_to_bet27,395.1503,395.1503,395.1503,0.0000,0.0000,4.000000,4.000000,4.000000,0.000000,0.000000,96.000000,96.000000,96.000000,100.000000,100.000000,5.0,1185.4509,1138.6651,8693.3065,8740.0923,PENDING_AG03,FALSE,NOT_FOR_ENFORCEMENT,9483.6071,484680.3568,9878.7574,9483.6071,395.1503,0.01770420,0.01699603,395.1503,9483.6071,0.01699603,395.1503,395.1503,395.1503,0.0000,0.0000,9483.6071,0.01699603,1185.4509,1138.6651,8693.3065,8740.0923,0.01557970,0.01566354,0.00070817,22.4534,20.6030,0.4031,82.3230,2.6463,4649.9123,204.2083,25.9152,21.1137,12.8578,14.5296,26.176,48.8436,54.2173,102.8621,13.088,0.0,3.731508,7.079487,1.545355,30,207,63,6,0.32204186,0.01770420,-0.00338982,0E-8,0.000000,0.904812,0.002133,0.03111404,2026-03-21,2026-08-06,120,3733,1703,139,0.863309,1.227414,1.154177,1.073473,,,,,,,,GLOBAL_BASELINE_NO_ENTITY_RANKING,,,NOT_APPLICABLE_GLOBAL_BASELINE,HF9g-P5,,,,X 全窗基线 · 不参与实体赏罚,15052590,1506,A168_HF9F_20260827_0900,2026-08-27 09:00:00
2026-05-17,127529701,2218,0,12.9728607753,-12.9728607753,-12.9728607753,0E-7,1,1,0.50665070000000000,0.506650700000,-1.013391052207602,-1.013391052207602,-1.013391052207602,0E-17,ELIGIBLE,R03b_20260811_FULL_v1,L1_ELIGIBILITY,v2026-08-11,2026-03-21..2026-08-06,baccarat_bet02_101_all_pairs_incl_sentinel,round_win = game_pnl > 0 (decisive only),COMPATIBILITY_ONLY_NOT_PRODUCTION,557989.4742,504875.3716,9878.7574,24851,24505,-0.01770420,0.00338982,-0.02772422,-0.01770420,-9878.7574,557989.4742,OK,0.0000,395.1503,4.0000,96.0000,AG03-UNRESOLVED,ALL5_LEVELS_bet23_to_bet27,395.1503,395.1503,395.1503,0.0000,0.0000,4.000000,4.000000,4.000000,0.000000,0.000000,96.000000,96.000000,96.000000,100.000000,100.000000,5.0,1185.4509,1138.6651,8693.3065,8740.0923,PENDING_AG03,FALSE,NOT_FOR_ENFORCEMENT,9483.6071,484680.3568,9878.7574,9483.6071,395.1503,0.01770420,0.01699603,395.1503,9483.6071,0.01699603,395.1503,395.1503,395.1503,0.0000,0.0000,9483.6071,0.01699603,1185.4509,1138.6651,8693.3065,8740.0923,0.01557970,0.01566354,0.00070817,22.4534,20.6030,0.4031,82.3230,2.6463,4649.9123,204.2083,25.9152,21.1137,12.8578,14.5296,26.176,48.8436,54.2173,102.8621,13.088,0.0,3.731508,7.079487,1.545355,30,207,63,6,0.32204186,0.01770420,-0.00338982,0E-8,0.000000,0.904812,0.002133,0.03111404,2026-03-21,2026-08-06,120,3733,1703,139,0.863309,1.227414,1.154177,1.073473,,,,,,,,GLOBAL_BASELINE_NO_ENTITY_RANKING,,,NOT_APPLICABLE_GLOBAL_BASELINE,HF9g-P5,,,,X 全窗基线 · 不参与实体赏罚,15052591,1506,A168_HF9F_20260827_0900,2026-08-27 09:00:00
2026-05-17,127529701,2235,0,71.3507342639,2.3091692181,2.3091692181,0.5000000,7,7,0.49899058571428571,0.498990585714,0.004945109955477372,0.0049451099568770685,0.004945109955477372,2.8571E-13,ELIGIBLE,R03b_20260811_FULL_v1,L1_ELIGIBILITY,v2026-08-11,2026-03-21..2026-08-06,baccarat_bet02_101_all_pairs_incl_sentinel,round_win = game_pnl > 0 (decisive only),COMPATIBILITY_ONLY_NOT_PRODUCTION,557989.4742,504875.3716,9878.7574,24851,24505,-0.01770420,0.00338982,-0.02772422,-0.01770420,-9878.7574,557989.4742,OK,0.0000,395.1503,4.0000,96.0000,AG03-UNRESOLVED,ALL5_LEVELS_bet23_to_bet27,395.1503,395.1503,395.1503,0.0000,0.0000,4.000000,4.000000,4.000000,0.000000,0.000000,96.000000,96.000000,96.000000,100.000000,100.000000,5.0,1185.4509,1138.6651,8693.3065,8740.0923,PENDING_AG03,FALSE,NOT_FOR_ENFORCEMENT,9483.6071,484680.3568,9878.7574,9483.6071,395.1503,0.01770420,0.01699603,395.1503,9483.6071,0.01699603,395.1503,395.1503,395.1503,0.0000,0.0000,9483.6071,0.01699603,1185.4509,1138.6651,8693.3065,8740.0923,0.01557970,0.01566354,0.00070817,22.4534,20.6030,0.4031,82.3230,2.6463,4649.9123,204.2083,25.9152,21.1137,12.8578,14.5296,26.176,48.8436,54.2173,102.8621,13.088,0.0,3.731508,7.079487,1.545355,30,207,63,6,0.32204186,0.01770420,-0.00338982,0E-8,0.000000,0.904812,0.002133,0.03111404,2026-03-21,2026-08-06,120,3733,1703,139,0.863309,1.227414,1.154177,1.073473,,,,,,,,GLOBAL_BASELINE_NO_ENTITY_RANKING,,,NOT_APPLICABLE_GLOBAL_BASELINE,HF9g-P5,,,,X 全窗基线 · 不参与实体赏罚,15052592,1506,A168_HF9F_20260827_0900,2026-08-27 09:00:00
2026-05-17,127529701,2251,0,28.5402937056,0E-10,0E-10,,2,2,0.49994810000000000,0.499948100000,,,,0E-17,NO_DECISIVE_ROUND,R03b_20260811_FULL_v1,L1_ELIGIBILITY,v2026-08-11,2026-03-21..2026-08-06,baccarat_bet02_101_all_pairs_incl_sentinel,round_win = game_pnl > 0 (decisive only),COMPATIBILITY_ONLY_NOT_PRODUCTION,557989.4742,504875.3716,9878.7574,24851,24505,-0.01770420,0.00338982,-0.02772422,-0.01770420,-9878.7574,557989.4742,OK,0.0000,395.1503,4.0000,96.0000,AG03-UNRESOLVED,ALL5_LEVELS_bet23_to_bet27,395.1503,395.1503,395.1503,0.0000,0.0000,4.000000,4.000000,4.000000,0.000000,0.000000,96.000000,96.000000,96.000000,100.000000,100.000000,5.0,1185.4509,1138.6651,8693.3065,8740.0923,PENDING_AG03,FALSE,NOT_FOR_ENFORCEMENT,9483.6071,484680.3568,9878.7574,9483.6071,395.1503,0.01770420,0.01699603,395.1503,9483.6071,0.01699603,395.1503,395.1503,395.1503,0.0000,0.0000,9483.6071,0.01699603,1185.4509,1138.6651,8693.3065,8740.0923,0.01557970,0.01566354,0.00070817,22.4534,20.6030,0.4031,82.3230,2.6463,4649.9123,204.2083,25.9152,21.1137,12.8578,14.5296,26.176,48.8436,54.2173,102.8621,13.088,0.0,3.731508,7.079487,1.545355,30,207,63,6,0.32204186,0.01770420,-0.00338982,0E-8,0.000000,0.904812,0.002133,0.03111404,2026-03-21,2026-08-06,120,3733,1703,139,0.863309,1.227414,1.154177,1.073473,,,,,,,,GLOBAL_BASELINE_NO_ENTITY_RANKING,,,NOT_APPLICABLE_GLOBAL_BASELINE,HF9g-P5,,,,X 全窗基线 · 不参与实体赏罚,15052593,1506,A168_HF9F_20260827_0900,2026-08-27 09:00:00
2026-05-17,127529701,2258,0,12.9728607753,0E-10,0E-10,,1,1,0.50665070000000000,0.506650700000,,,,0E-17,NO_DECISIVE_ROUND,R03b_20260811_FULL_v1,L1_ELIGIBILITY,v2026-08-11,2026-03-21..2026-08-06,baccarat_bet02_101_all_pairs_incl_sentinel,round_win = game_pnl > 0 (decisive only),COMPATIBILITY_ONLY_NOT_PRODUCTION,557989.4742,504875.3716,9878.7574,24851,24505,-0.01770420,0.00338982,-0.02772422,-0.01770420,-9878.7574,557989.4742,OK,0.0000,395.1503,4.0000,96.0000,AG03-UNRESOLVED,ALL5_LEVELS_bet23_to_bet27,395.1503,395.1503,395.1503,0.0000,0.0000,4.000000,4.000000,4.000000,0.000000,0.000000,96.000000,96.000000,96.000000,100.000000,100.000000,5.0,1185.4509,1138.6651,8693.3065,8740.0923,PENDING_AG03,FALSE,NOT_FOR_ENFORCEMENT,9483.6071,484680.3568,9878.7574,9483.6071,395.1503,0.01770420,0.01699603,395.1503,9483.6071,0.01699603,395.1503,395.1503,395.1503,0.0000,0.0000,9483.6071,0.01699603,1185.4509,1138.6651,8693.3065,8740.0923,0.01557970,0.01566354,0.00070817,22.4534,20.6030,0.4031,82.3230,2.6463,4649.9123,204.2083,25.9152,21.1137,12.8578,14.5296,26.176,48.8436,54.2173,102.8621,13.088,0.0,3.731508,7.079487,1.545355,30,207,63,6,0.32204186,0.01770420,-0.00338982,0E-8,0.000000,0.904812,0.002133,0.03111404,2026-03-21,2026-08-06,120,3733,1703,139,0.863309,1.227414,1.154177,1.073473,,,,,,,,GLOBAL_BASELINE_NO_ENTITY_RANKING,,,NOT_APPLICABLE_GLOBAL_BASELINE,HF9g-P5,,,,X 全窗基线 · 不参与实体赏罚,15052594,1506,A168_HF9F_20260827_0900,2026-08-27 09:00:00
2026-05-17,127529701,2271,0,121.9448912874,-10.1188314047,-10.1188314047,0.6250000,8,8,0.50162375000000000,0.501623750000,0.6979251443573454,0.6979251443573454,0.6979251443573454,0E-17,ELIGIBLE,R03b_20260811_FULL_v1,L1_ELIGIBILITY,v2026-08-11,2026-03-21..2026-08-06,baccarat_bet02_101_all_pairs_incl_sentinel,round_win = game_pnl > 0 (decisive only),COMPATIBILITY_ONLY_NOT_PRODUCTION,557989.4742,504875.3716,9878.7574,24851,24505,-0.01770420,0.00338982,-0.02772422,-0.01770420,-9878.7574,557989.4742,OK,0.0000,395.1503,4.0000,96.0000,AG03-UNRESOLVED,ALL5_LEVELS_bet23_to_bet27,395.1503,395.1503,395.1503,0.0000,0.0000,4.000000,4.000000,4.000000,0.000000,0.000000,96.000000,96.000000,96.000000,100.000000,100.000000,5.0,1185.4509,1138.6651,8693.3065,8740.0923,PENDING_AG03,FALSE,NOT_FOR_ENFORCEMENT,9483.6071,484680.3568,9878.7574,9483.6071,395.1503,0.01770420,0.01699603,395.1503,9483.6071,0.01699603,395.1503,395.1503,395.1503,0.0000,0.0000,9483.6071,0.01699603,1185.4509,1138.6651,8693.3065,8740.0923,0.01557970,0.01566354,0.00070817,22.4534,20.6030,0.4031,82.3230,2.6463,4649.9123,204.2083,25.9152,21.1137,12.8578,14.5296,26.176,48.8436,54.2173,102.8621,13.088,0.0,3.731508,7.079487,1.545355,30,207,63,6,0.32204186,0.01770420,-0.00338982,0E-8,0.000000,0.904812,0.002133,0.03111404,2026-03-21,2026-08-06,120,3733,1703,139,0.863309,1.227414,1.154177,1.073473,,,,,,,,GLOBAL_BASELINE_NO_ENTITY_RANKING,,,NOT_APPLICABLE_GLOBAL_BASELINE,HF9g-P5,,,,X 全窗基线 · 不参与实体赏罚,15052595,1506,A168_HF9F_20260827_0900,2026-08-27 09:00:00
2026-05-17,127529701,576,0,124.0205490117,-7.2648020341,-7.2648020341,0.5000000,8,8,0.49659680000000000,0.496596800000,0.019251852328098087,0.01925185232809809,0.019251852328098087,0E-17,ELIGIBLE,R03b_20260811_FULL_v1,L1_ELIGIBILITY,v2026-08-11,2026-03-21..2026-08-06,baccarat_bet02_101_all_pairs_incl_sentinel,round_win = game_pnl > 0 (decisive only),COMPATIBILITY_ONLY_NOT_PRODUCTION,557989.4742,504875.3716,9878.7574,24851,24505,-0.01770420,0.00338982,-0.02772422,-0.01770420,-9878.7574,557989.4742,OK,0.0000,395.1503,4.0000,96.0000,AG03-UNRESOLVED,ALL5_LEVELS_bet23_to_bet27,395.1503,395.1503,395.1503,0.0000,0.0000,4.000000,4.000000,4.000000,0.000000,0.000000,96.000000,96.000000,96.000000,100.000000,100.000000,5.0,1185.4509,1138.6651,8693.3065,8740.0923,PENDING_AG03,FALSE,NOT_FOR_ENFORCEMENT,9483.6071,484680.3568,9878.7574,9483.6071,395.1503,0.01770420,0.01699603,395.1503,9483.6071,0.01699603,395.1503,395.1503,395.1503,0.0000,0.0000,9483.6071,0.01699603,1185.4509,1138.6651,8693.3065,8740.0923,0.01557970,0.01566354,0.00070817,22.4534,20.6030,0.4031,82.3230,2.6463,4649.9123,204.2083,25.9152,21.1137,12.8578,14.5296,26.176,48.8436,54.2173,102.8621,13.088,0.0,3.731508,7.079487,1.545355,30,207,63,6,0.32204186,0.01770420,-0.00338982,0E-8,0.000000,0.904812,0.002133,0.03111404,2026-03-21,2026-08-06,120,3733,1703,139,0.863309,1.227414,1.154177,1.073473,,,,,,,,GLOBAL_BASELINE_NO_ENTITY_RANKING,,,NOT_APPLICABLE_GLOBAL_BASELINE,HF9g-P5,,,,X 全窗基线 · 不参与实体赏罚,15052596,1506,A168_HF9F_20260827_0900,2026-08-27 09:00:00
2026-05-17,127529701,595,0,25.9457215506,-25.9457215506,-25.9457215506,0E-7,2,2,0.49994810000000000,0.499948100000,-1.4140667746232096,-1.4140667746232096,-1.4140667746232096,0E-17,ELIGIBLE,R03b_20260811_FULL_v1,L1_ELIGIBILITY,v2026-08-11,2026-03-21..2026-08-06,baccarat_bet02_101_all_pairs_incl_sentinel,round_win = game_pnl > 0 (decisive only),COMPATIBILITY_ONLY_NOT_PRODUCTION,557989.4742,504875.3716,9878.7574,24851,24505,-0.01770420,0.00338982,-0.02772422,-0.01770420,-9878.7574,557989.4742,OK,0.0000,395.1503,4.0000,96.0000,AG03-UNRESOLVED,ALL5_LEVELS_bet23_to_bet27,395.1503,395.1503,395.1503,0.0000,0.0000,4.000000,4.000000,4.000000,0.000000,0.000000,96.000000,96.000000,96.000000,100.000000,100.000000,5.0,1185.4509,1138.6651,8693.3065,8740.0923,PENDING_AG03,FALSE,NOT_FOR_ENFORCEMENT,9483.6071,484680.3568,9878.7574,9483.6071,395.1503,0.01770420,0.01699603,395.1503,9483.6071,0.01699603,395.1503,395.1503,395.1503,0.0000,0.0000,9483.6071,0.01699603,1185.4509,1138.6651,8693.3065,8740.0923,0.01557970,0.01566354,0.00070817,22.4534,20.6030,0.4031,82.3230,2.6463,4649.9123,204.2083,25.9152,21.1137,12.8578,14.5296,26.176,48.8436,54.2173,102.8621,13.088,0.0,3.731508,7.079487,1.545355,30,207,63,6,0.32204186,0.01770420,-0.00338982,0E-8,0.000000,0.904812,0.002133,0.03111404,2026-03-21,2026-08-06,120,3733,1703,139,0.863309,1.227414,1.154177,1.073473,,,,,,,,GLOBAL_BASELINE_NO_ENTITY_RANKING,,,NOT_APPLICABLE_GLOBAL_BASELINE,HF9g-P5,,,,X 全窗基线 · 不参与实体赏罚,15052597,1506,A168_HF9F_20260827_0900,2026-08-27 09:00:00
2026-05-17,127529701,970,0,408.9045716361,112.5395672254,112.5395672254,0.6153846,13,13,0.50252602307692308,0.502526023077,0.8138452689061267,0.8138452689055727,0.8138452689061267,-7.692E-14,ELIGIBLE,R03b_20260811_FULL_v1,L1_ELIGIBILITY,v2026-08-11,2026-03-21..2026-08-06,baccarat_bet02_101_all_pairs_incl_sentinel,round_win = game_pnl > 0 (decisive only),COMPATIBILITY_ONLY_NOT_PRODUCTION,557989.4742,504875.3716,9878.7574,24851,24505,-0.01770420,0.00338982,-0.02772422,-0.01770420,-9878.7574,557989.4742,OK,0.0000,395.1503,4.0000,96.0000,AG03-UNRESOLVED,ALL5_LEVELS_bet23_to_bet27,395.1503,395.1503,395.1503,0.0000,0.0000,4.000000,4.000000,4.000000,0.000000,0.000000,96.000000,96.000000,96.000000,100.000000,100.000000,5.0,1185.4509,1138.6651,8693.3065,8740.0923,PENDING_AG03,FALSE,NOT_FOR_ENFORCEMENT,9483.6071,484680.3568,9878.7574,9483.6071,395.1503,0.01770420,0.01699603,395.1503,9483.6071,0.01699603,395.1503,395.1503,395.1503,0.0000,0.0000,9483.6071,0.01699603,1185.4509,1138.6651,8693.3065,8740.0923,0.01557970,0.01566354,0.00070817,22.4534,20.6030,0.4031,82.3230,2.6463,4649.9123,204.2083,25.9152,21.1137,12.8578,14.5296,26.176,48.8436,54.2173,102.8621,13.088,0.0,3.731508,7.079487,1.545355,30,207,63,6,0.32204186,0.01770420,-0.00338982,0E-8,0.000000,0.904812,0.002133,0.03111404,2026-03-21,2026-08-06,120,3733,1703,139,0.863309,1.227414,1.154177,1.073473,,,,,,,,GLOBAL_BASELINE_NO_ENTITY_RANKING,,,NOT_APPLICABLE_GLOBAL_BASELINE,HF9g-P5,,,,X 全窗基线 · 不参与实体赏罚,15052598,1506,A168_HF9F_20260827_0900,2026-08-27 09:00:00
2026-05-17,127529701,994,0,168.6471900785,20.3284728349,20.3284728349,0.6363636,12,12,0.50106520000000000,0.501065200000,0.8974703329135217,0.8974703329135217,0.8974703329135217,0E-17,ELIGIBLE,R03b_20260811_FULL_v1,L1_ELIGIBILITY,v2026-08-11,2026-03-21..2026-08-06,baccarat_bet02_101_all_pairs_incl_sentinel,round_win = game_pnl > 0 (decisive only),COMPATIBILITY_ONLY_NOT_PRODUCTION,557989.4742,504875.3716,9878.7574,24851,24505,-0.01770420,0.00338982,-0.02772422,-0.01770420,-9878.7574,557989.4742,OK,0.0000,395.1503,4.0000,96.0000,AG03-UNRESOLVED,ALL5_LEVELS_bet23_to_bet27,395.1503,395.1503,395.1503,0.0000,0.0000,4.000000,4.000000,4.000000,0.000000,0.000000,96.000000,96.000000,96.000000,100.000000,100.000000,5.0,1185.4509,1138.6651,8693.3065,8740.0923,PENDING_AG03,FALSE,NOT_FOR_ENFORCEMENT,9483.6071,484680.3568,9878.7574,9483.6071,395.1503,0.01770420,0.01699603,395.1503,9483.6071,0.01699603,395.1503,395.1503,395.1503,0.0000,0.0000,9483.6071,0.01699603,1185.4509,1138.6651,8693.3065,8740.0923,0.01557970,0.01566354,0.00070817,22.4534,20.6030,0.4031,82.3230,2.6463,4649.9123,204.2083,25.9152,21.1137,12.8578,14.5296,26.176,48.8436,54.2173,102.8621,13.088,0.0,3.731508,7.079487,1.545355,30,207,63,6,0.32204186,0.01770420,-0.00338982,0E-8,0.000000,0.904812,0.002133,0.03111404,2026-03-21,2026-08-06,120,3733,1703,139,0.863309,1.227414,1.154177,1.073473,,,,,,,,GLOBAL_BASELINE_NO_ENTITY_RANKING,,,NOT_APPLICABLE_GLOBAL_BASELINE,HF9g-P5,,,,X 全窗基线 · 不参与实体赏罚,15052599,1506,A168_HF9F_20260827_0900,2026-08-27 09:00:00
2026-05-18,127529701,-1,1,146.5933267604,-104.4315292408,-104.4315292408,0.1428571,8,8,0.49994810000000000,0.499948100000,-1.889547746239457,-1.889547746239457,-1.889547746239457,0E-17,SENTINEL_DEALER,R03b_20260811_FULL_v1,L1_ELIGIBILITY,v2026-08-11,2026-03-21..2026-08-06,baccarat_bet02_101_all_pairs_incl_sentinel,round_win = game_pnl > 0 (decisive only),COMPATIBILITY_ONLY_NOT_PRODUCTION,557989.4742,504875.3716,9878.7574,24851,24505,-0.01770420,0.00338982,-0.02772422,-0.01770420,-9878.7574,557989.4742,OK,0.0000,395.1503,4.0000,96.0000,AG03-UNRESOLVED,ALL5_LEVELS_bet23_to_bet27,395.1503,395.1503,395.1503,0.0000,0.0000,4.000000,4.000000,4.000000,0.000000,0.000000,96.000000,96.000000,96.000000,100.000000,100.000000,5.0,1185.4509,1138.6651,8693.3065,8740.0923,PENDING_AG03,FALSE,NOT_FOR_ENFORCEMENT,9483.6071,484680.3568,9878.7574,9483.6071,395.1503,0.01770420,0.01699603,395.1503,9483.6071,0.01699603,395.1503,395.1503,395.1503,0.0000,0.0000,9483.6071,0.01699603,1185.4509,1138.6651,8693.3065,8740.0923,0.01557970,0.01566354,0.00070817,22.4534,20.6030,0.4031,82.3230,2.6463,4649.9123,204.2083,25.9152,21.1137,12.8578,14.5296,26.176,48.8436,54.2173,102.8621,13.088,0.0,3.731508,7.079487,1.545355,30,207,63,6,0.32204186,0.01770420,-0.00338982,0E-8,0.000000,0.904812,0.002133,0.03111404,2026-03-21,2026-08-06,120,3733,1703,139,0.863309,1.227414,1.154177,1.073473,,,,,,,,GLOBAL_BASELINE_NO_ENTITY_RANKING,,,NOT_APPLICABLE_GLOBAL_BASELINE,HF9g-P5,,,,X 全窗基线 · 不参与实体赏罚,15052600,1506,A168_HF9F_20260827_0900,2026-08-27 09:00:00
2026-05-18,127529701,1307,0,189.1443101033,117.8714130041,117.8714130041,0.7142857,9,9,0.49920336666666667,0.499203366667,1.138110250946487,1.138110250944722,1.138110250946487,-3.3333E-13,ELIGIBLE,R03b_20260811_FULL_v1,L1_ELIGIBILITY,v2026-08-11,2026-03-21..2026-08-06,baccarat_bet02_101_all_pairs_incl_sentinel,round_win = game_pnl > 0 (decisive only),COMPATIBILITY_ONLY_NOT_PRODUCTION,557989.4742,504875.3716,9878.7574,24851,24505,-0.01770420,0.00338982,-0.02772422,-0.01770420,-9878.7574,557989.4742,OK,0.0000,395.1503,4.0000,96.0000,AG03-UNRESOLVED,ALL5_LEVELS_bet23_to_bet27,395.1503,395.1503,395.1503,0.0000,0.0000,4.000000,4.000000,4.000000,0.000000,0.000000,96.000000,96.000000,96.000000,100.000000,100.000000,5.0,1185.4509,1138.6651,8693.3065,8740.0923,PENDING_AG03,FALSE,NOT_FOR_ENFORCEMENT,9483.6071,484680.3568,9878.7574,9483.6071,395.1503,0.01770420,0.01699603,395.1503,9483.6071,0.01699603,395.1503,395.1503,395.1503,0.0000,0.0000,9483.6071,0.01699603,1185.4509,1138.6651,8693.3065,8740.0923,0.01557970,0.01566354,0.00070817,22.4534,20.6030,0.4031,82.3230,2.6463,4649.9123,204.2083,25.9152,21.1137,12.8578,14.5296,26.176,48.8436,54.2173,102.8621,13.088,0.0,3.731508,7.079487,1.545355,30,207,63,6,0.32204186,0.01770420,-0.00338982,0E-8,0.000000,0.904812,0.002133,0.03111404,2026-03-21,2026-08-06,120,3733,1703,139,0.863309,1.227414,1.154177,1.073473,,,,,,,,GLOBAL_BASELINE_NO_ENTITY_RANKING,,,NOT_APPLICABLE_GLOBAL_BASELINE,HF9g-P5,,,,X 全窗基线 · 不参与实体赏罚,15052601,1506,A168_HF9F_20260827_0900,2026-08-27 09:00:00
2026-05-18,127529701,1331,0,51.8914431010,-15.5674329303,-15.5674329303,0.3333333,4,4,0.49994810000000000,0.499948100000,-0.5771704854251445,-0.5771704854251445,-0.5771704854251445,0E-17,ELIGIBLE,R03b_20260811_FULL_v1,L1_ELIGIBILITY,v2026-08-11,2026-03-21..2026-08-06,baccarat_bet02_101_all_pairs_incl_sentinel,round_win = game_pnl > 0 (decisive only),COMPATIBILITY_ONLY_NOT_PRODUCTION,557989.4742,504875.3716,9878.7574,24851,24505,-0.01770420,0.00338982,-0.02772422,-0.01770420,-9878.7574,557989.4742,OK,0.0000,395.1503,4.0000,96.0000,AG03-UNRESOLVED,ALL5_LEVELS_bet23_to_bet27,395.1503,395.1503,395.1503,0.0000,0.0000,4.000000,4.000000,4.000000,0.000000,0.000000,96.000000,96.000000,96.000000,100.000000,100.000000,5.0,1185.4509,1138.6651,8693.3065,8740.0923,PENDING_AG03,FALSE,NOT_FOR_ENFORCEMENT,9483.6071,484680.3568,9878.7574,9483.6071,395.1503,0.01770420,0.01699603,395.1503,9483.6071,0.01699603,395.1503,395.1503,395.1503,0.0000,0.0000,9483.6071,0.01699603,1185.4509,1138.6651,8693.3065,8740.0923,0.01557970,0.01566354,0.00070817,22.4534,20.6030,0.4031,82.3230,2.6463,4649.9123,204.2083,25.9152,21.1137,12.8578,14.5296,26.176,48.8436,54.2173,102.8621,13.088,0.0,3.731508,7.079487,1.545355,30,207,63,6,0.32204186,0.01770420,-0.00338982,0E-8,0.000000,0.904812,0.002133,0.03111404,2026-03-21,2026-08-06,120,3733,1703,139,0.863309,1.227414,1.154177,1.073473,,,,,,,,GLOBAL_BASELINE_NO_ENTITY_RANKING,,,NOT_APPLICABLE_GLOBAL_BASELINE,HF9g-P5,,,,X 全窗基线 · 不参与实体赏罚,15052602,1506,A168_HF9F_20260827_0900,2026-08-27 09:00:00
2026-05-18,127529701,1384,0,296.0406828914,-9.0420839603,-9.0420839603,0.4375000,20,20,0.49994810000000000,0.499948100000,-0.49958480269137323,-0.49958480269137323,-0.49958480269137323,0E-17,ELIGIBLE,R03b_20260811_FULL_v1,L1_ELIGIBILITY,v2026-08-11,2026-03-21..2026-08-06,baccarat_bet02_101_all_pairs_incl_sentinel,round_win = game_pnl > 0 (decisive only),COMPATIBILITY_ONLY_NOT_PRODUCTION,557989.4742,504875.3716,9878.7574,24851,24505,-0.01770420,0.00338982,-0.02772422,-0.01770420,-9878.7574,557989.4742,OK,0.0000,395.1503,4.0000,96.0000,AG03-UNRESOLVED,ALL5_LEVELS_bet23_to_bet27,395.1503,395.1503,395.1503,0.0000,0.0000,4.000000,4.000000,4.000000,0.000000,0.000000,96.000000,96.000000,96.000000,100.000000,100.000000,5.0,1185.4509,1138.6651,8693.3065,8740.0923,PENDING_AG03,FALSE,NOT_FOR_ENFORCEMENT,9483.6071,484680.3568,9878.7574,9483.6071,395.1503,0.01770420,0.01699603,395.1503,9483.6071,0.01699603,395.1503,395.1503,395.1503,0.0000,0.0000,9483.6071,0.01699603,1185.4509,1138.6651,8693.3065,8740.0923,0.01557970,0.01566354,0.00070817,22.4534,20.6030,0.4031,82.3230,2.6463,4649.9123,204.2083,25.9152,21.1137,12.8578,14.5296,26.176,48.8436,54.2173,102.8621,13.088,0.0,3.731508,7.079487,1.545355,30,207,63,6,0.32204186,0.01770420,-0.00338982,0E-8,0.000000,0.904812,0.002133,0.03111404,2026-03-21,2026-08-06,120,3733,1703,139,0.863309,1.227414,1.154177,1.073473,,,,,,,,GLOBAL_BASELINE_NO_ENTITY_RANKING,,,NOT_APPLICABLE_GLOBAL_BASELINE,HF9g-P5,,,,X 全窗基线 · 不参与实体赏罚,15052603,1506,A168_HF9F_20260827_0900,2026-08-27 09:00:00
2026-05-18,127529701,1396,0,521.5090031654,-88.1116703856,-88.1116703856,0.3181818,25,25,0.50182482800000000,0.501824828000,-1.7227356083130303,-1.7227356083130303,-1.7227356083130303,0E-17,ELIGIBLE,R03b_20260811_FULL_v1,L1_ELIGIBILITY,v2026-08-11,2026-03-21..2026-08-06,baccarat_bet02_101_all_pairs_incl_sentinel,round_win = game_pnl > 0 (decisive only),COMPATIBILITY_ONLY_NOT_PRODUCTION,557989.4742,504875.3716,9878.7574,24851,24505,-0.01770420,0.00338982,-0.02772422,-0.01770420,-9878.7574,557989.4742,OK,0.0000,395.1503,4.0000,96.0000,AG03-UNRESOLVED,ALL5_LEVELS_bet23_to_bet27,395.1503,395.1503,395.1503,0.0000,0.0000,4.000000,4.000000,4.000000,0.000000,0.000000,96.000000,96.000000,96.000000,100.000000,100.000000,5.0,1185.4509,1138.6651,8693.3065,8740.0923,PENDING_AG03,FALSE,NOT_FOR_ENFORCEMENT,9483.6071,484680.3568,9878.7574,9483.6071,395.1503,0.01770420,0.01699603,395.1503,9483.6071,0.01699603,395.1503,395.1503,395.1503,0.0000,0.0000,9483.6071,0.01699603,1185.4509,1138.6651,8693.3065,8740.0923,0.01557970,0.01566354,0.00070817,22.4534,20.6030,0.4031,82.3230,2.6463,4649.9123,204.2083,25.9152,21.1137,12.8578,14.5296,26.176,48.8436,54.2173,102.8621,13.088,0.0,3.731508,7.079487,1.545355,30,207,63,6,0.32204186,0.01770420,-0.00338982,0E-8,0.000000,0.904812,0.002133,0.03111404,2026-03-21,2026-08-06,120,3733,1703,139,0.863309,1.227414,1.154177,1.073473,,,,,,,,GLOBAL_BASELINE_NO_ENTITY_RANKING,,,NOT_APPLICABLE_GLOBAL_BASELINE,HF9g-P5,,,,X 全窗基线 · 不参与实体赏罚,15052604,1506,A168_HF9F_20260827_0900,2026-08-27 09:00:00
2026-05-18,127529701,1399,0,36.3240101707,-5.1891443101,-5.1891443101,0.5000000,4,4,0.49324550000000000,0.493245500000,0.027020465636507562,0.027020465636507562,0.027020465636507562,0E-17,ELIGIBLE,R03b_20260811_FULL_v1,L1_ELIGIBILITY,v2026-08-11,2026-03-21..2026-08-06,baccarat_bet02_101_all_pairs_incl_sentinel,round_win = game_pnl > 0 (decisive only),COMPATIBILITY_ONLY_NOT_PRODUCTION,557989.4742,504875.3716,9878.7574,24851,24505,-0.01770420,0.00338982,-0.02772422,-0.01770420,-9878.7574,557989.4742,OK,0.0000,395.1503,4.0000,96.0000,AG03-UNRESOLVED,ALL5_LEVELS_bet23_to_bet27,395.1503,395.1503,395.1503,0.0000,0.0000,4.000000,4.000000,4.000000,0.000000,0.000000,96.000000,96.000000,96.000000,100.000000,100.000000,5.0,1185.4509,1138.6651,8693.3065,8740.0923,PENDING_AG03,FALSE,NOT_FOR_ENFORCEMENT,9483.6071,484680.3568,9878.7574,9483.6071,395.1503,0.01770420,0.01699603,395.1503,9483.6071,0.01699603,395.1503,395.1503,395.1503,0.0000,0.0000,9483.6071,0.01699603,1185.4509,1138.6651,8693.3065,8740.0923,0.01557970,0.01566354,0.00070817,22.4534,20.6030,0.4031,82.3230,2.6463,4649.9123,204.2083,25.9152,21.1137,12.8578,14.5296,26.176,48.8436,54.2173,102.8621,13.088,0.0,3.731508,7.079487,1.545355,30,207,63,6,0.32204186,0.01770420,-0.00338982,0E-8,0.000000,0.904812,0.002133,0.03111404,2026-03-21,2026-08-06,120,3733,1703,139,0.863309,1.227414,1.154177,1.073473,,,,,,,,GLOBAL_BASELINE_NO_ENTITY_RANKING,,,NOT_APPLICABLE_GLOBAL_BASELINE,HF9g-P5,,,,X 全窗基线 · 不参与实体赏罚,15052605,1506,A168_HF9F_20260827_0900,2026-08-27 09:00:00
2026-05-18,127529701,1401,0,28.5402937056,4.9296870946,4.9296870946,1.0000000,2,2,0.50665070000000000,0.506650700000,0.9867858985152569,0.9867858985152569,0.9867858985152569,0E-17,ELIGIBLE,R03b_20260811_FULL_v1,L1_ELIGIBILITY,v2026-08-11,2026-03-21..2026-08-06,baccarat_bet02_101_all_pairs_incl_sentinel,round_win = game_pnl > 0 (decisive only),COMPATIBILITY_ONLY_NOT_PRODUCTION,557989.4742,504875.3716,9878.7574,24851,24505,-0.01770420,0.00338982,-0.02772422,-0.01770420,-9878.7574,557989.4742,OK,0.0000,395.1503,4.0000,96.0000,AG03-UNRESOLVED,ALL5_LEVELS_bet23_to_bet27,395.1503,395.1503,395.1503,0.0000,0.0000,4.000000,4.000000,4.000000,0.000000,0.000000,96.000000,96.000000,96.000000,100.000000,100.000000,5.0,1185.4509,1138.6651,8693.3065,8740.0923,PENDING_AG03,FALSE,NOT_FOR_ENFORCEMENT,9483.6071,484680.3568,9878.7574,9483.6071,395.1503,0.01770420,0.01699603,395.1503,9483.6071,0.01699603,395.1503,395.1503,395.1503,0.0000,0.0000,9483.6071,0.01699603,1185.4509,1138.6651,8693.3065,8740.0923,0.01557970,0.01566354,0.00070817,22.4534,20.6030,0.4031,82.3230,2.6463,4649.9123,204.2083,25.9152,21.1137,12.8578,14.5296,26.176,48.8436,54.2173,102.8621,13.088,0.0,3.731508,7.079487,1.545355,30,207,63,6,0.32204186,0.01770420,-0.00338982,0E-8,0.000000,0.904812,0.002133,0.03111404,2026-03-21,2026-08-06,120,3733,1703,139,0.863309,1.227414,1.154177,1.073473,,,,,,,,GLOBAL_BASELINE_NO_ENTITY_RANKING,,,NOT_APPLICABLE_GLOBAL_BASELINE,HF9g-P5,,,,X 全窗基线 · 不参与实体赏罚,15052606,1506,A168_HF9F_20260827_0900,2026-08-27 09:00:00
2026-05-18,127529701,1485,0,12.9728607753,-12.9728607753,-12.9728607753,0E-7,1,1,0.50665070000000000,0.506650700000,-1.013391052207602,-1.013391052207602,-1.013391052207602,0E-17,ELIGIBLE,R03b_20260811_FULL_v1,L1_ELIGIBILITY,v2026-08-11,2026-03-21..2026-08-06,baccarat_bet02_101_all_pairs_incl_sentinel,round_win = game_pnl > 0 (decisive only),COMPATIBILITY_ONLY_NOT_PRODUCTION,557989.4742,504875.3716,9878.7574,24851,24505,-0.01770420,0.00338982,-0.02772422,-0.01770420,-9878.7574,557989.4742,OK,0.0000,395.1503,4.0000,96.0000,AG03-UNRESOLVED,ALL5_LEVELS_bet23_to_bet27,395.1503,395.1503,395.1503,0.0000,0.0000,4.000000,4.000000,4.000000,0.000000,0.000000,96.000000,96.000000,96.000000,100.000000,100.000000,5.0,1185.4509,1138.6651,8693.3065,8740.0923,PENDING_AG03,FALSE,NOT_FOR_ENFORCEMENT,9483.6071,484680.3568,9878.7574,9483.6071,395.1503,0.01770420,0.01699603,395.1503,9483.6071,0.01699603,395.1503,395.1503,395.1503,0.0000,0.0000,9483.6071,0.01699603,1185.4509,1138.6651,8693.3065,8740.0923,0.01557970,0.01566354,0.00070817,22.4534,20.6030,0.4031,82.3230,2.6463,4649.9123,204.2083,25.9152,21.1137,12.8578,14.5296,26.176,48.8436,54.2173,102.8621,13.088,0.0,3.731508,7.079487,1.545355,30,207,63,6,0.32204186,0.01770420,-0.00338982,0E-8,0.000000,0.904812,0.002133,0.03111404,2026-03-21,2026-08-06,120,3733,1703,139,0.863309,1.227414,1.154177,1.073473,,,,,,,,GLOBAL_BASELINE_NO_ENTITY_RANKING,,,NOT_APPLICABLE_GLOBAL_BASELINE,HF9g-P5,,,,X 全窗基线 · 不参与实体赏罚,15052607,1506,A168_HF9F_20260827_0900,2026-08-27 09:00:00
2026-05-18,127529701,1750,0,186.2902807328,78.5506719942,78.5506719942,0.6666667,16,16,0.50162375000000000,0.501623750000,1.278423676628616,1.278423676628616,1.278423676628616,0E-17,ELIGIBLE,R03b_20260811_FULL_v1,L1_ELIGIBILITY,v2026-08-11,2026-03-21..2026-08-06,baccarat_bet02_101_all_pairs_incl_sentinel,round_win = game_pnl > 0 (decisive only),COMPATIBILITY_ONLY_NOT_PRODUCTION,557989.4742,504875.3716,9878.7574,24851,24505,-0.01770420,0.00338982,-0.02772422,-0.01770420,-9878.7574,557989.4742,OK,0.0000,395.1503,4.0000,96.0000,AG03-UNRESOLVED,ALL5_LEVELS_bet23_to_bet27,395.1503,395.1503,395.1503,0.0000,0.0000,4.000000,4.000000,4.000000,0.000000,0.000000,96.000000,96.000000,96.000000,100.000000,100.000000,5.0,1185.4509,1138.6651,8693.3065,8740.0923,PENDING_AG03,FALSE,NOT_FOR_ENFORCEMENT,9483.6071,484680.3568,9878.7574,9483.6071,395.1503,0.01770420,0.01699603,395.1503,9483.6071,0.01699603,395.1503,395.1503,395.1503,0.0000,0.0000,9483.6071,0.01699603,1185.4509,1138.6651,8693.3065,8740.0923,0.01557970,0.01566354,0.00070817,22.4534,20.6030,0.4031,82.3230,2.6463,4649.9123,204.2083,25.9152,21.1137,12.8578,14.5296,26.176,48.8436,54.2173,102.8621,13.088,0.0,3.731508,7.079487,1.545355,30,207,63,6,0.32204186,0.01770420,-0.00338982,0E-8,0.000000,0.904812,0.002133,0.03111404,2026-03-21,2026-08-06,120,3733,1703,139,0.863309,1.227414,1.154177,1.073473,,,,,,,,GLOBAL_BASELINE_NO_ENTITY_RANKING,,,NOT_APPLICABLE_GLOBAL_BASELINE,HF9g-P5,,,,X 全窗基线 · 不参与实体赏罚,15052608,1506,A168_HF9F_20260827_0900,2026-08-27 09:00:00
2026-05-18,127529701,1947,0,38.9185823258,-38.9185823258,-38.9185823258,0E-7,2,2,0.50665070000000000,0.506650700000,-1.4331513700195317,-1.4331513700195317,-1.4331513700195317,0E-17,ELIGIBLE,R03b_20260811_FULL_v1,L1_ELIGIBILITY,v2026-08-11,2026-03-21..2026-08-06,baccarat_bet02_101_all_pairs_incl_sentinel,round_win = game_pnl > 0 (decisive only),COMPATIBILITY_ONLY_NOT_PRODUCTION,557989.4742,504875.3716,9878.7574,24851,24505,-0.01770420,0.00338982,-0.02772422,-0.01770420,-9878.7574,557989.4742,OK,0.0000,395.1503,4.0000,96.0000,AG03-UNRESOLVED,ALL5_LEVELS_bet23_to_bet27,395.1503,395.1503,395.1503,0.0000,0.0000,4.000000,4.000000,4.000000,0.000000,0.000000,96.000000,96.000000,96.000000,100.000000,100.000000,5.0,1185.4509,1138.6651,8693.3065,8740.0923,PENDING_AG03,FALSE,NOT_FOR_ENFORCEMENT,9483.6071,484680.3568,9878.7574,9483.6071,395.1503,0.01770420,0.01699603,395.1503,9483.6071,0.01699603,395.1503,395.1503,395.1503,0.0000,0.0000,9483.6071,0.01699603,1185.4509,1138.6651,8693.3065,8740.0923,0.01557970,0.01566354,0.00070817,22.4534,20.6030,0.4031,82.3230,2.6463,4649.9123,204.2083,25.9152,21.1137,12.8578,14.5296,26.176,48.8436,54.2173,102.8621,13.088,0.0,3.731508,7.079487,1.545355,30,207,63,6,0.32204186,0.01770420,-0.00338982,0E-8,0.000000,0.904812,0.002133,0.03111404,2026-03-21,2026-08-06,120,3733,1703,139,0.863309,1.227414,1.154177,1.073473,,,,,,,,GLOBAL_BASELINE_NO_ENTITY_RANKING,,,NOT_APPLICABLE_GLOBAL_BASELINE,HF9g-P5,,,,X 全窗基线 · 不参与实体赏罚,15052609,1506,A168_HF9F_20260827_0900,2026-08-27 09:00:00
2026-05-18,127529701,2093,0,103.0045145554,26.2959887915,26.2959887915,0.6666667,11,11,0.49812011818181818,0.498120118182,1.0112864386171982,1.011286438616106,1.0112864386171982,-1.8182E-13,ELIGIBLE,R03b_20260811_FULL_v1,L1_ELIGIBILITY,v2026-08-11,2026-03-21..2026-08-06,baccarat_bet02_101_all_pairs_incl_sentinel,round_win = game_pnl > 0 (decisive only),COMPATIBILITY_ONLY_NOT_PRODUCTION,557989.4742,504875.3716,9878.7574,24851,24505,-0.01770420,0.00338982,-0.02772422,-0.01770420,-9878.7574,557989.4742,OK,0.0000,395.1503,4.0000,96.0000,AG03-UNRESOLVED,ALL5_LEVELS_bet23_to_bet27,395.1503,395.1503,395.1503,0.0000,0.0000,4.000000,4.000000,4.000000,0.000000,0.000000,96.000000,96.000000,96.000000,100.000000,100.000000,5.0,1185.4509,1138.6651,8693.3065,8740.0923,PENDING_AG03,FALSE,NOT_FOR_ENFORCEMENT,9483.6071,484680.3568,9878.7574,9483.6071,395.1503,0.01770420,0.01699603,395.1503,9483.6071,0.01699603,395.1503,395.1503,395.1503,0.0000,0.0000,9483.6071,0.01699603,1185.4509,1138.6651,8693.3065,8740.0923,0.01557970,0.01566354,0.00070817,22.4534,20.6030,0.4031,82.3230,2.6463,4649.9123,204.2083,25.9152,21.1137,12.8578,14.5296,26.176,48.8436,54.2173,102.8621,13.088,0.0,3.731508,7.079487,1.545355,30,207,63,6,0.32204186,0.01770420,-0.00338982,0E-8,0.000000,0.904812,0.002133,0.03111404,2026-03-21,2026-08-06,120,3733,1703,139,0.863309,1.227414,1.154177,1.073473,,,,,,,,GLOBAL_BASELINE_NO_ENTITY_RANKING,,,NOT_APPLICABLE_GLOBAL_BASELINE,HF9g-P5,,,,X 全窗基线 · 不参与实体赏罚,15052610,1506,A168_HF9F_20260827_0900,2026-08-27 09:00:00
2026-05-18,127529701,2103,0,70.0534481864,-38.9185823258,-38.9185823258,0.2500000,4,4,0.49324550000000000,0.493245500000,-0.9730707933947887,-0.9730707933947887,-0.9730707933947887,0E-17,ELIGIBLE,R03b_20260811_FULL_v1,L1_ELIGIBILITY,v2026-08-11,2026-03-21..2026-08-06,baccarat_bet02_101_all_pairs_incl_sentinel,round_win = game_pnl > 0 (decisive only),COMPATIBILITY_ONLY_NOT_PRODUCTION,557989.4742,504875.3716,9878.7574,24851,24505,-0.01770420,0.00338982,-0.02772422,-0.01770420,-9878.7574,557989.4742,OK,0.0000,395.1503,4.0000,96.0000,AG03-UNRESOLVED,ALL5_LEVELS_bet23_to_bet27,395.1503,395.1503,395.1503,0.0000,0.0000,4.000000,4.000000,4.000000,0.000000,0.000000,96.000000,96.000000,96.000000,100.000000,100.000000,5.0,1185.4509,1138.6651,8693.3065,8740.0923,PENDING_AG03,FALSE,NOT_FOR_ENFORCEMENT,9483.6071,484680.3568,9878.7574,9483.6071,395.1503,0.01770420,0.01699603,395.1503,9483.6071,0.01699603,395.1503,395.1503,395.1503,0.0000,0.0000,9483.6071,0.01699603,1185.4509,1138.6651,8693.3065,8740.0923,0.01557970,0.01566354,0.00070817,22.4534,20.6030,0.4031,82.3230,2.6463,4649.9123,204.2083,25.9152,21.1137,12.8578,14.5296,26.176,48.8436,54.2173,102.8621,13.088,0.0,3.731508,7.079487,1.545355,30,207,63,6,0.32204186,0.01770420,-0.00338982,0E-8,0.000000,0.904812,0.002133,0.03111404,2026-03-21,2026-08-06,120,3733,1703,139,0.863309,1.227414,1.154177,1.073473,,,,,,,,GLOBAL_BASELINE_NO_ENTITY_RANKING,,,NOT_APPLICABLE_GLOBAL_BASELINE,HF9g-P5,,,,X 全窗基线 · 不参与实体赏罚,15052611,1506,A168_HF9F_20260827_0900,2026-08-27 09:00:00
2026-05-18,127529701,2174,0,538.8926366043,-66.8102329926,-66.8102329926,0.4800000,28,28,0.49803307142857143,0.498033071429,-0.1803321096317313,-0.18033210963601642,-0.1803321096317313,-4.2857E-13,ELIGIBLE,R03b_20260811_FULL_v1,L1_ELIGIBILITY,v2026-08-11,2026-03-21..2026-08-06,baccarat_bet02_101_all_pairs_incl_sentinel,round_win = game_pnl > 0 (decisive only),COMPATIBILITY_ONLY_NOT_PRODUCTION,557989.4742,504875.3716,9878.7574,24851,24505,-0.01770420,0.00338982,-0.02772422,-0.01770420,-9878.7574,557989.4742,OK,0.0000,395.1503,4.0000,96.0000,AG03-UNRESOLVED,ALL5_LEVELS_bet23_to_bet27,395.1503,395.1503,395.1503,0.0000,0.0000,4.000000,4.000000,4.000000,0.000000,0.000000,96.000000,96.000000,96.000000,100.000000,100.000000,5.0,1185.4509,1138.6651,8693.3065,8740.0923,PENDING_AG03,FALSE,NOT_FOR_ENFORCEMENT,9483.6071,484680.3568,9878.7574,9483.6071,395.1503,0.01770420,0.01699603,395.1503,9483.6071,0.01699603,395.1503,395.1503,395.1503,0.0000,0.0000,9483.6071,0.01699603,1185.4509,1138.6651,8693.3065,8740.0923,0.01557970,0.01566354,0.00070817,22.4534,20.6030,0.4031,82.3230,2.6463,4649.9123,204.2083,25.9152,21.1137,12.8578,14.5296,26.176,48.8436,54.2173,102.8621,13.088,0.0,3.731508,7.079487,1.545355,30,207,63,6,0.32204186,0.01770420,-0.00338982,0E-8,0.000000,0.904812,0.002133,0.03111404,2026-03-21,2026-08-06,120,3733,1703,139,0.863309,1.227414,1.154177,1.073473,,,,,,,,GLOBAL_BASELINE_NO_ENTITY_RANKING,,,NOT_APPLICABLE_GLOBAL_BASELINE,HF9g-P5,,,,X 全窗基线 · 不参与实体赏罚,15052612,1506,A168_HF9F_20260827_0900,2026-08-27 09:00:00
2026-05-18,127529701,2177,0,234.8087800321,-85.2965595973,-85.2965595973,0.4545455,11,11,0.49933877272727273,0.499338772727,-0.29712551886763827,-0.29712551886582944,-0.29712551886763827,2.7273E-13,ELIGIBLE,R03b_20260811_FULL_v1,L1_ELIGIBILITY,v2026-08-11,2026-03-21..2026-08-06,baccarat_bet02_101_all_pairs_incl_sentinel,round_win = game_pnl > 0 (decisive only),COMPATIBILITY_ONLY_NOT_PRODUCTION,557989.4742,504875.3716,9878.7574,24851,24505,-0.01770420,0.00338982,-0.02772422,-0.01770420,-9878.7574,557989.4742,OK,0.0000,395.1503,4.0000,96.0000,AG03-UNRESOLVED,ALL5_LEVELS_bet23_to_bet27,395.1503,395.1503,395.1503,0.0000,0.0000,4.000000,4.000000,4.000000,0.000000,0.000000,96.000000,96.000000,96.000000,100.000000,100.000000,5.0,1185.4509,1138.6651,8693.3065,8740.0923,PENDING_AG03,FALSE,NOT_FOR_ENFORCEMENT,9483.6071,484680.3568,9878.7574,9483.6071,395.1503,0.01770420,0.01699603,395.1503,9483.6071,0.01699603,395.1503,395.1503,395.1503,0.0000,0.0000,9483.6071,0.01699603,1185.4509,1138.6651,8693.3065,8740.0923,0.01557970,0.01566354,0.00070817,22.4534,20.6030,0.4031,82.3230,2.6463,4649.9123,204.2083,25.9152,21.1137,12.8578,14.5296,26.176,48.8436,54.2173,102.8621,13.088,0.0,3.731508,7.079487,1.545355,30,207,63,6,0.32204186,0.01770420,-0.00338982,0E-8,0.000000,0.904812,0.002133,0.03111404,2026-03-21,2026-08-06,120,3733,1703,139,0.863309,1.227414,1.154177,1.073473,,,,,,,,GLOBAL_BASELINE_NO_ENTITY_RANKING,,,NOT_APPLICABLE_GLOBAL_BASELINE,HF9g-P5,,,,X 全窗基线 · 不参与实体赏罚,15052613,1506,A168_HF9F_20260827_0900,2026-08-27 09:00:00
2026-05-18,127529701,595,0,36.3240101707,4.4107726636,4.4107726636,0.5000000,3,3,0.50218230000000000,0.502182300000,-0.00617253530718887,-0.00617253530718887,-0.00617253530718887,0E-17,ELIGIBLE,R03b_20260811_FULL_v1,L1_ELIGIBILITY,v2026-08-11,2026-03-21..2026-08-06,baccarat_bet02_101_all_pairs_incl_sentinel,round_win = game_pnl > 0 (decisive only),COMPATIBILITY_ONLY_NOT_PRODUCTION,557989.4742,504875.3716,9878.7574,24851,24505,-0.01770420,0.00338982,-0.02772422,-0.01770420,-9878.7574,557989.4742,OK,0.0000,395.1503,4.0000,96.0000,AG03-UNRESOLVED,ALL5_LEVELS_bet23_to_bet27,395.1503,395.1503,395.1503,0.0000,0.0000,4.000000,4.000000,4.000000,0.000000,0.000000,96.000000,96.000000,96.000000,100.000000,100.000000,5.0,1185.4509,1138.6651,8693.3065,8740.0923,PENDING_AG03,FALSE,NOT_FOR_ENFORCEMENT,9483.6071,484680.3568,9878.7574,9483.6071,395.1503,0.01770420,0.01699603,395.1503,9483.6071,0.01699603,395.1503,395.1503,395.1503,0.0000,0.0000,9483.6071,0.01699603,1185.4509,1138.6651,8693.3065,8740.0923,0.01557970,0.01566354,0.00070817,22.4534,20.6030,0.4031,82.3230,2.6463,4649.9123,204.2083,25.9152,21.1137,12.8578,14.5296,26.176,48.8436,54.2173,102.8621,13.088,0.0,3.731508,7.079487,1.545355,30,207,63,6,0.32204186,0.01770420,-0.00338982,0E-8,0.000000,0.904812,0.002133,0.03111404,2026-03-21,2026-08-06,120,3733,1703,139,0.863309,1.227414,1.154177,1.073473,,,,,,,,GLOBAL_BASELINE_NO_ENTITY_RANKING,,,NOT_APPLICABLE_GLOBAL_BASELINE,HF9g-P5,,,,X 全窗基线 · 不参与实体赏罚,15052614,1506,A168_HF9F_20260827_0900,2026-08-27 09:00:00
2026-05-18,127529701,789,0,14.2701468528,4.9296870946,4.9296870946,1.0000000,2,2,0.49994810000000000,0.499948100000,1.0001038053877793,1.0001038053877793,1.0001038053877793,0E-17,ELIGIBLE,R03b_20260811_FULL_v1,L1_ELIGIBILITY,v2026-08-11,2026-03-21..2026-08-06,baccarat_bet02_101_all_pairs_incl_sentinel,round_win = game_pnl > 0 (decisive only),COMPATIBILITY_ONLY_NOT_PRODUCTION,557989.4742,504875.3716,9878.7574,24851,24505,-0.01770420,0.00338982,-0.02772422,-0.01770420,-9878.7574,557989.4742,OK,0.0000,395.1503,4.0000,96.0000,AG03-UNRESOLVED,ALL5_LEVELS_bet23_to_bet27,395.1503,395.1503,395.1503,0.0000,0.0000,4.000000,4.000000,4.000000,0.000000,0.000000,96.000000,96.000000,96.000000,100.000000,100.000000,5.0,1185.4509,1138.6651,8693.3065,8740.0923,PENDING_AG03,FALSE,NOT_FOR_ENFORCEMENT,9483.6071,484680.3568,9878.7574,9483.6071,395.1503,0.01770420,0.01699603,395.1503,9483.6071,0.01699603,395.1503,395.1503,395.1503,0.0000,0.0000,9483.6071,0.01699603,1185.4509,1138.6651,8693.3065,8740.0923,0.01557970,0.01566354,0.00070817,22.4534,20.6030,0.4031,82.3230,2.6463,4649.9123,204.2083,25.9152,21.1137,12.8578,14.5296,26.176,48.8436,54.2173,102.8621,13.088,0.0,3.731508,7.079487,1.545355,30,207,63,6,0.32204186,0.01770420,-0.00338982,0E-8,0.000000,0.904812,0.002133,0.03111404,2026-03-21,2026-08-06,120,3733,1703,139,0.863309,1.227414,1.154177,1.073473,,,,,,,,GLOBAL_BASELINE_NO_ENTITY_RANKING,,,NOT_APPLICABLE_GLOBAL_BASELINE,HF9g-P5,,,,X 全窗基线 · 不参与实体赏罚,15052615,1506,A168_HF9F_20260827_0900,2026-08-27 09:00:00
2026-05-19,127529701,-1,1,193.0361683358,43.1996263817,43.1996263817,0.7142857,14,14,0.49899058571428571,0.498990585714,1.611124499519736,1.6111244995218759,1.611124499519736,2.8571E-13,SENTINEL_DEALER,R03b_20260811_FULL_v1,L1_ELIGIBILITY,v2026-08-11,2026-03-21..2026-08-06,baccarat_bet02_101_all_pairs_incl_sentinel,round_win = game_pnl > 0 (decisive only),COMPATIBILITY_ONLY_NOT_PRODUCTION,557989.4742,504875.3716,9878.7574,24851,24505,-0.01770420,0.00338982,-0.02772422,-0.01770420,-9878.7574,557989.4742,OK,0.0000,395.1503,4.0000,96.0000,AG03-UNRESOLVED,ALL5_LEVELS_bet23_to_bet27,395.1503,395.1503,395.1503,0.0000,0.0000,4.000000,4.000000,4.000000,0.000000,0.000000,96.000000,96.000000,96.000000,100.000000,100.000000,5.0,1185.4509,1138.6651,8693.3065,8740.0923,PENDING_AG03,FALSE,NOT_FOR_ENFORCEMENT,9483.6071,484680.3568,9878.7574,9483.6071,395.1503,0.01770420,0.01699603,395.1503,9483.6071,0.01699603,395.1503,395.1503,395.1503,0.0000,0.0000,9483.6071,0.01699603,1185.4509,1138.6651,8693.3065,8740.0923,0.01557970,0.01566354,0.00070817,22.4534,20.6030,0.4031,82.3230,2.6463,4649.9123,204.2083,25.9152,21.1137,12.8578,14.5296,26.176,48.8436,54.2173,102.8621,13.088,0.0,3.731508,7.079487,1.545355,30,207,63,6,0.32204186,0.01770420,-0.00338982,0E-8,0.000000,0.904812,0.002133,0.03111404,2026-03-21,2026-08-06,120,3733,1703,139,0.863309,1.227414,1.154177,1.073473,,,,,,,,GLOBAL_BASELINE_NO_ENTITY_RANKING,,,NOT_APPLICABLE_GLOBAL_BASELINE,HF9g-P5,,,,X 全窗基线 · 不参与实体赏罚,15052616,1506,A168_HF9F_20260827_0900,2026-08-27 09:00:00
2026-05-19,127529701,1151,0,59.6751595663,-8.4323595039,-8.4323595039,0.5000000,4,4,0.50329940000000000,0.503299400000,-0.01319788734859681,-0.01319788734859681,-0.01319788734859681,0E-17,ELIGIBLE,R03b_20260811_FULL_v1,L1_ELIGIBILITY,v2026-08-11,2026-03-21..2026-08-06,baccarat_bet02_101_all_pairs_incl_sentinel,round_win = game_pnl > 0 (decisive only),COMPATIBILITY_ONLY_NOT_PRODUCTION,557989.4742,504875.3716,9878.7574,24851,24505,-0.01770420,0.00338982,-0.02772422,-0.01770420,-9878.7574,557989.4742,OK,0.0000,395.1503,4.0000,96.0000,AG03-UNRESOLVED,ALL5_LEVELS_bet23_to_bet27,395.1503,395.1503,395.1503,0.0000,0.0000,4.000000,4.000000,4.000000,0.000000,0.000000,96.000000,96.000000,96.000000,100.000000,100.000000,5.0,1185.4509,1138.6651,8693.3065,8740.0923,PENDING_AG03,FALSE,NOT_FOR_ENFORCEMENT,9483.6071,484680.3568,9878.7574,9483.6071,395.1503,0.01770420,0.01699603,395.1503,9483.6071,0.01699603,395.1503,395.1503,395.1503,0.0000,0.0000,9483.6071,0.01699603,1185.4509,1138.6651,8693.3065,8740.0923,0.01557970,0.01566354,0.00070817,22.4534,20.6030,0.4031,82.3230,2.6463,4649.9123,204.2083,25.9152,21.1137,12.8578,14.5296,26.176,48.8436,54.2173,102.8621,13.088,0.0,3.731508,7.079487,1.545355,30,207,63,6,0.32204186,0.01770420,-0.00338982,0E-8,0.000000,0.904812,0.002133,0.03111404,2026-03-21,2026-08-06,120,3733,1703,139,0.863309,1.227414,1.154177,1.073473,,,,,,,,GLOBAL_BASELINE_NO_ENTITY_RANKING,,,NOT_APPLICABLE_GLOBAL_BASELINE,HF9g-P5,,,,X 全窗基线 · 不参与实体赏罚,15052617,1506,A168_HF9F_20260827_0900,2026-08-27 09:00:00
2026-05-19,127529701,1205,0,47.2212132220,-26.4646359816,-26.4646359816,0.2500000,4,4,0.49994810000000000,0.499948100000,-0.9997924053861017,-0.9997924053861017,-0.9997924053861017,0E-17,ELIGIBLE,R03b_20260811_FULL_v1,L1_ELIGIBILITY,v2026-08-11,2026-03-21..2026-08-06,baccarat_bet02_101_all_pairs_incl_sentinel,round_win = game_pnl > 0 (decisive only),COMPATIBILITY_ONLY_NOT_PRODUCTION,557989.4742,504875.3716,9878.7574,24851,24505,-0.01770420,0.00338982,-0.02772422,-0.01770420,-9878.7574,557989.4742,OK,0.0000,395.1503,4.0000,96.0000,AG03-UNRESOLVED,ALL5_LEVELS_bet23_to_bet27,395.1503,395.1503,395.1503,0.0000,0.0000,4.000000,4.000000,4.000000,0.000000,0.000000,96.000000,96.000000,96.000000,100.000000,100.000000,5.0,1185.4509,1138.6651,8693.3065,8740.0923,PENDING_AG03,FALSE,NOT_FOR_ENFORCEMENT,9483.6071,484680.3568,9878.7574,9483.6071,395.1503,0.01770420,0.01699603,395.1503,9483.6071,0.01699603,395.1503,395.1503,395.1503,0.0000,0.0000,9483.6071,0.01699603,1185.4509,1138.6651,8693.3065,8740.0923,0.01557970,0.01566354,0.00070817,22.4534,20.6030,0.4031,82.3230,2.6463,4649.9123,204.2083,25.9152,21.1137,12.8578,14.5296,26.176,48.8436,54.2173,102.8621,13.088,0.0,3.731508,7.079487,1.545355,30,207,63,6,0.32204186,0.01770420,-0.00338982,0E-8,0.000000,0.904812,0.002133,0.03111404,2026-03-21,2026-08-06,120,3733,1703,139,0.863309,1.227414,1.154177,1.073473,,,,,,,,GLOBAL_BASELINE_NO_ENTITY_RANKING,,,NOT_APPLICABLE_GLOBAL_BASELINE,HF9g-P5,,,,X 全窗基线 · 不参与实体赏罚,15052618,1506,A168_HF9F_20260827_0900,2026-08-27 09:00:00
2026-05-19,127529701,1374,0,346.1159254841,-76.7604172073,-76.7604172073,0.3809524,23,23,0.50082235217391304,0.500822352174,-1.0986279192737431,-1.0986279192745405,-1.0986279192737431,-8.696E-14,ELIGIBLE,R03b_20260811_FULL_v1,L1_ELIGIBILITY,v2026-08-11,2026-03-21..2026-08-06,baccarat_bet02_101_all_pairs_incl_sentinel,round_win = game_pnl > 0 (decisive only),COMPATIBILITY_ONLY_NOT_PRODUCTION,557989.4742,504875.3716,9878.7574,24851,24505,-0.01770420,0.00338982,-0.02772422,-0.01770420,-9878.7574,557989.4742,OK,0.0000,395.1503,4.0000,96.0000,AG03-UNRESOLVED,ALL5_LEVELS_bet23_to_bet27,395.1503,395.1503,395.1503,0.0000,0.0000,4.000000,4.000000,4.000000,0.000000,0.000000,96.000000,96.000000,96.000000,100.000000,100.000000,5.0,1185.4509,1138.6651,8693.3065,8740.0923,PENDING_AG03,FALSE,NOT_FOR_ENFORCEMENT,9483.6071,484680.3568,9878.7574,9483.6071,395.1503,0.01770420,0.01699603,395.1503,9483.6071,0.01699603,395.1503,395.1503,395.1503,0.0000,0.0000,9483.6071,0.01699603,1185.4509,1138.6651,8693.3065,8740.0923,0.01557970,0.01566354,0.00070817,22.4534,20.6030,0.4031,82.3230,2.6463,4649.9123,204.2083,25.9152,21.1137,12.8578,14.5296,26.176,48.8436,54.2173,102.8621,13.088,0.0,3.731508,7.079487,1.545355,30,207,63,6,0.32204186,0.01770420,-0.00338982,0E-8,0.000000,0.904812,0.002133,0.03111404,2026-03-21,2026-08-06,120,3733,1703,139,0.863309,1.227414,1.154177,1.073473,,,,,,,,GLOBAL_BASELINE_NO_ENTITY_RANKING,,,NOT_APPLICABLE_GLOBAL_BASELINE,HF9g-P5,,,,X 全窗基线 · 不参与实体赏罚,15052619,1506,A168_HF9F_20260827_0900,2026-08-27 09:00:00
2026-05-19,127529701,1384,0,15.5674329303,15.5674329303,15.5674329303,1.0000000,2,2,0.49324550000000000,0.493245500000,1.4334489766152358,1.4334489766152358,1.4334489766152358,0E-17,ELIGIBLE,R03b_20260811_FULL_v1,L1_ELIGIBILITY,v2026-08-11,2026-03-21..2026-08-06,baccarat_bet02_101_all_pairs_incl_sentinel,round_win = game_pnl > 0 (decisive only),COMPATIBILITY_ONLY_NOT_PRODUCTION,557989.4742,504875.3716,9878.7574,24851,24505,-0.01770420,0.00338982,-0.02772422,-0.01770420,-9878.7574,557989.4742,OK,0.0000,395.1503,4.0000,96.0000,AG03-UNRESOLVED,ALL5_LEVELS_bet23_to_bet27,395.1503,395.1503,395.1503,0.0000,0.0000,4.000000,4.000000,4.000000,0.000000,0.000000,96.000000,96.000000,96.000000,100.000000,100.000000,5.0,1185.4509,1138.6651,8693.3065,8740.0923,PENDING_AG03,FALSE,NOT_FOR_ENFORCEMENT,9483.6071,484680.3568,9878.7574,9483.6071,395.1503,0.01770420,0.01699603,395.1503,9483.6071,0.01699603,395.1503,395.1503,395.1503,0.0000,0.0000,9483.6071,0.01699603,1185.4509,1138.6651,8693.3065,8740.0923,0.01557970,0.01566354,0.00070817,22.4534,20.6030,0.4031,82.3230,2.6463,4649.9123,204.2083,25.9152,21.1137,12.8578,14.5296,26.176,48.8436,54.2173,102.8621,13.088,0.0,3.731508,7.079487,1.545355,30,207,63,6,0.32204186,0.01770420,-0.00338982,0E-8,0.000000,0.904812,0.002133,0.03111404,2026-03-21,2026-08-06,120,3733,1703,139,0.863309,1.227414,1.154177,1.073473,,,,,,,,GLOBAL_BASELINE_NO_ENTITY_RANKING,,,NOT_APPLICABLE_GLOBAL_BASELINE,HF9g-P5,,,,X 全窗基线 · 不参与实体赏罚,15052620,1506,A168_HF9F_20260827_0900,2026-08-27 09:00:00
2026-05-19,127529701,1505,0,323.0242333041,3.9567225364,3.9567225364,0.4347826,25,25,0.50182482800000000,0.501824828000,-0.6430506601933671,-0.6430506601933671,-0.6430506601933671,0E-17,ELIGIBLE,R03b_20260811_FULL_v1,L1_ELIGIBILITY,v2026-08-11,2026-03-21..2026-08-06,baccarat_bet02_101_all_pairs_incl_sentinel,round_win = game_pnl > 0 (decisive only),COMPATIBILITY_ONLY_NOT_PRODUCTION,557989.4742,504875.3716,9878.7574,24851,24505,-0.01770420,0.00338982,-0.02772422,-0.01770420,-9878.7574,557989.4742,OK,0.0000,395.1503,4.0000,96.0000,AG03-UNRESOLVED,ALL5_LEVELS_bet23_to_bet27,395.1503,395.1503,395.1503,0.0000,0.0000,4.000000,4.000000,4.000000,0.000000,0.000000,96.000000,96.000000,96.000000,100.000000,100.000000,5.0,1185.4509,1138.6651,8693.3065,8740.0923,PENDING_AG03,FALSE,NOT_FOR_ENFORCEMENT,9483.6071,484680.3568,9878.7574,9483.6071,395.1503,0.01770420,0.01699603,395.1503,9483.6071,0.01699603,395.1503,395.1503,395.1503,0.0000,0.0000,9483.6071,0.01699603,1185.4509,1138.6651,8693.3065,8740.0923,0.01557970,0.01566354,0.00070817,22.4534,20.6030,0.4031,82.3230,2.6463,4649.9123,204.2083,25.9152,21.1137,12.8578,14.5296,26.176,48.8436,54.2173,102.8621,13.088,0.0,3.731508,7.079487,1.545355,30,207,63,6,0.32204186,0.01770420,-0.00338982,0E-8,0.000000,0.904812,0.002133,0.03111404,2026-03-21,2026-08-06,120,3733,1703,139,0.863309,1.227414,1.154177,1.073473,,,,,,,,GLOBAL_BASELINE_NO_ENTITY_RANKING,,,NOT_APPLICABLE_GLOBAL_BASELINE,HF9g-P5,,,,X 全窗基线 · 不参与实体赏罚,15052621,1506,A168_HF9F_20260827_0900,2026-08-27 09:00:00
2026-05-19,127529701,1710,0,38.9185823258,12.9728607752,12.9728607752,0.5000000,2,2,0.49324550000000000,0.493245500000,0.01910635448239258,0.01910635448239258,0.01910635448239258,0E-17,ELIGIBLE,R03b_20260811_FULL_v1,L1_ELIGIBILITY,v2026-08-11,2026-03-21..2026-08-06,baccarat_bet02_101_all_pairs_incl_sentinel,round_win = game_pnl > 0 (decisive only),COMPATIBILITY_ONLY_NOT_PRODUCTION,557989.4742,504875.3716,9878.7574,24851,24505,-0.01770420,0.00338982,-0.02772422,-0.01770420,-9878.7574,557989.4742,OK,0.0000,395.1503,4.0000,96.0000,AG03-UNRESOLVED,ALL5_LEVELS_bet23_to_bet27,395.1503,395.1503,395.1503,0.0000,0.0000,4.000000,4.000000,4.000000,0.000000,0.000000,96.000000,96.000000,96.000000,100.000000,100.000000,5.0,1185.4509,1138.6651,8693.3065,8740.0923,PENDING_AG03,FALSE,NOT_FOR_ENFORCEMENT,9483.6071,484680.3568,9878.7574,9483.6071,395.1503,0.01770420,0.01699603,395.1503,9483.6071,0.01699603,395.1503,395.1503,395.1503,0.0000,0.0000,9483.6071,0.01699603,1185.4509,1138.6651,8693.3065,8740.0923,0.01557970,0.01566354,0.00070817,22.4534,20.6030,0.4031,82.3230,2.6463,4649.9123,204.2083,25.9152,21.1137,12.8578,14.5296,26.176,48.8436,54.2173,102.8621,13.088,0.0,3.731508,7.079487,1.545355,30,207,63,6,0.32204186,0.01770420,-0.00338982,0E-8,0.000000,0.904812,0.002133,0.03111404,2026-03-21,2026-08-06,120,3733,1703,139,0.863309,1.227414,1.154177,1.073473,,,,,,,,GLOBAL_BASELINE_NO_ENTITY_RANKING,,,NOT_APPLICABLE_GLOBAL_BASELINE,HF9g-P5,,,,X 全窗基线 · 不参与实体赏罚,15052622,1506,A168_HF9F_20260827_0900,2026-08-27 09:00:00
2026-05-19,127529701,1994,0,142.7014685279,10.9101759121,10.9101759121,0.5000000,12,12,0.49659680000000000,0.496596800000,0.02357860740362636,0.02357860740362636,0.02357860740362636,0E-17,ELIGIBLE,R03b_20260811_FULL_v1,L1_ELIGIBILITY,v2026-08-11,2026-03-21..2026-08-06,baccarat_bet02_101_all_pairs_incl_sentinel,round_win = game_pnl > 0 (decisive only),COMPATIBILITY_ONLY_NOT_PRODUCTION,557989.4742,504875.3716,9878.7574,24851,24505,-0.01770420,0.00338982,-0.02772422,-0.01770420,-9878.7574,557989.4742,OK,0.0000,395.1503,4.0000,96.0000,AG03-UNRESOLVED,ALL5_LEVELS_bet23_to_bet27,395.1503,395.1503,395.1503,0.0000,0.0000,4.000000,4.000000,4.000000,0.000000,0.000000,96.000000,96.000000,96.000000,100.000000,100.000000,5.0,1185.4509,1138.6651,8693.3065,8740.0923,PENDING_AG03,FALSE,NOT_FOR_ENFORCEMENT,9483.6071,484680.3568,9878.7574,9483.6071,395.1503,0.01770420,0.01699603,395.1503,9483.6071,0.01699603,395.1503,395.1503,395.1503,0.0000,0.0000,9483.6071,0.01699603,1185.4509,1138.6651,8693.3065,8740.0923,0.01557970,0.01566354,0.00070817,22.4534,20.6030,0.4031,82.3230,2.6463,4649.9123,204.2083,25.9152,21.1137,12.8578,14.5296,26.176,48.8436,54.2173,102.8621,13.088,0.0,3.731508,7.079487,1.545355,30,207,63,6,0.32204186,0.01770420,-0.00338982,0E-8,0.000000,0.904812,0.002133,0.03111404,2026-03-21,2026-08-06,120,3733,1703,139,0.863309,1.227414,1.154177,1.073473,,,,,,,,GLOBAL_BASELINE_NO_ENTITY_RANKING,,,NOT_APPLICABLE_GLOBAL_BASELINE,HF9g-P5,,,,X 全窗基线 · 不参与实体赏罚,15052623,1506,A168_HF9F_20260827_0900,2026-08-27 09:00:00
2026-05-19,127529701,2088,0,66.6805043847,-31.1348658606,-31.1348658606,0.4285714,7,7,0.49899058571428571,0.498990585714,-0.3726239140161595,-0.3726239140146481,-0.3726239140161595,2.8571E-13,ELIGIBLE,R03b_20260811_FULL_v1,L1_ELIGIBILITY,v2026-08-11,2026-03-21..2026-08-06,baccarat_bet02_101_all_pairs_incl_sentinel,round_win = game_pnl > 0 (decisive only),COMPATIBILITY_ONLY_NOT_PRODUCTION,557989.4742,504875.3716,9878.7574,24851,24505,-0.01770420,0.00338982,-0.02772422,-0.01770420,-9878.7574,557989.4742,OK,0.0000,395.1503,4.0000,96.0000,AG03-UNRESOLVED,ALL5_LEVELS_bet23_to_bet27,395.1503,395.1503,395.1503,0.0000,0.0000,4.000000,4.000000,4.000000,0.000000,0.000000,96.000000,96.000000,96.000000,100.000000,100.000000,5.0,1185.4509,1138.6651,8693.3065,8740.0923,PENDING_AG03,FALSE,NOT_FOR_ENFORCEMENT,9483.6071,484680.3568,9878.7574,9483.6071,395.1503,0.01770420,0.01699603,395.1503,9483.6071,0.01699603,395.1503,395.1503,395.1503,0.0000,0.0000,9483.6071,0.01699603,1185.4509,1138.6651,8693.3065,8740.0923,0.01557970,0.01566354,0.00070817,22.4534,20.6030,0.4031,82.3230,2.6463,4649.9123,204.2083,25.9152,21.1137,12.8578,14.5296,26.176,48.8436,54.2173,102.8621,13.088,0.0,3.731508,7.079487,1.545355,30,207,63,6,0.32204186,0.01770420,-0.00338982,0E-8,0.000000,0.904812,0.002133,0.03111404,2026-03-21,2026-08-06,120,3733,1703,139,0.863309,1.227414,1.154177,1.073473,,,,,,,,GLOBAL_BASELINE_NO_ENTITY_RANKING,,,NOT_APPLICABLE_GLOBAL_BASELINE,HF9g-P5,,,,X 全窗基线 · 不参与实体赏罚,15052624,1506,A168_HF9F_20260827_0900,2026-08-27 09:00:00
2026-05-19,127529701,2101,0,95.4802553060,11.6236832546,11.6236832546,0.4285714,8,8,0.50162375000000000,0.501623750000,-0.38655858877025023,-0.38655858877025023,-0.38655858877025023,0E-17,ELIGIBLE,R03b_20260811_FULL_v1,L1_ELIGIBILITY,v2026-08-11,2026-03-21..2026-08-06,baccarat_bet02_101_all_pairs_incl_sentinel,round_win = game_pnl > 0 (decisive only),COMPATIBILITY_ONLY_NOT_PRODUCTION,557989.4742,504875.3716,9878.7574,24851,24505,-0.01770420,0.00338982,-0.02772422,-0.01770420,-9878.7574,557989.4742,OK,0.0000,395.1503,4.0000,96.0000,AG03-UNRESOLVED,ALL5_LEVELS_bet23_to_bet27,395.1503,395.1503,395.1503,0.0000,0.0000,4.000000,4.000000,4.000000,0.000000,0.000000,96.000000,96.000000,96.000000,100.000000,100.000000,5.0,1185.4509,1138.6651,8693.3065,8740.0923,PENDING_AG03,FALSE,NOT_FOR_ENFORCEMENT,9483.6071,484680.3568,9878.7574,9483.6071,395.1503,0.01770420,0.01699603,395.1503,9483.6071,0.01699603,395.1503,395.1503,395.1503,0.0000,0.0000,9483.6071,0.01699603,1185.4509,1138.6651,8693.3065,8740.0923,0.01557970,0.01566354,0.00070817,22.4534,20.6030,0.4031,82.3230,2.6463,4649.9123,204.2083,25.9152,21.1137,12.8578,14.5296,26.176,48.8436,54.2173,102.8621,13.088,0.0,3.731508,7.079487,1.545355,30,207,63,6,0.32204186,0.01770420,-0.00338982,0E-8,0.000000,0.904812,0.002133,0.03111404,2026-03-21,2026-08-06,120,3733,1703,139,0.863309,1.227414,1.154177,1.073473,,,,,,,,GLOBAL_BASELINE_NO_ENTITY_RANKING,,,NOT_APPLICABLE_GLOBAL_BASELINE,HF9g-P5,,,,X 全窗基线 · 不参与实体赏罚,15052625,1506,A168_HF9F_20260827_0900,2026-08-27 09:00:00
2026-05-19,127529701,2117,0,90.8100254269,-51.8914431011,-51.8914431011,0E-7,4,4,0.49659680000000000,0.496596800000,-1.4046203955403829,-1.4046203955403829,-1.4046203955403829,0E-17,ELIGIBLE,R03b_20260811_FULL_v1,L1_ELIGIBILITY,v2026-08-11,2026-03-21..2026-08-06,baccarat_bet02_101_all_pairs_incl_sentinel,round_win = game_pnl > 0 (decisive only),COMPATIBILITY_ONLY_NOT_PRODUCTION,557989.4742,504875.3716,9878.7574,24851,24505,-0.01770420,0.00338982,-0.02772422,-0.01770420,-9878.7574,557989.4742,OK,0.0000,395.1503,4.0000,96.0000,AG03-UNRESOLVED,ALL5_LEVELS_bet23_to_bet27,395.1503,395.1503,395.1503,0.0000,0.0000,4.000000,4.000000,4.000000,0.000000,0.000000,96.000000,96.000000,96.000000,100.000000,100.000000,5.0,1185.4509,1138.6651,8693.3065,8740.0923,PENDING_AG03,FALSE,NOT_FOR_ENFORCEMENT,9483.6071,484680.3568,9878.7574,9483.6071,395.1503,0.01770420,0.01699603,395.1503,9483.6071,0.01699603,395.1503,395.1503,395.1503,0.0000,0.0000,9483.6071,0.01699603,1185.4509,1138.6651,8693.3065,8740.0923,0.01557970,0.01566354,0.00070817,22.4534,20.6030,0.4031,82.3230,2.6463,4649.9123,204.2083,25.9152,21.1137,12.8578,14.5296,26.176,48.8436,54.2173,102.8621,13.088,0.0,3.731508,7.079487,1.545355,30,207,63,6,0.32204186,0.01770420,-0.00338982,0E-8,0.000000,0.904812,0.002133,0.03111404,2026-03-21,2026-08-06,120,3733,1703,139,0.863309,1.227414,1.154177,1.073473,,,,,,,,GLOBAL_BASELINE_NO_ENTITY_RANKING,,,NOT_APPLICABLE_GLOBAL_BASELINE,HF9g-P5,,,,X 全窗基线 · 不参与实体赏罚,15052626,1506,A168_HF9F_20260827_0900,2026-08-27 09:00:00
2026-05-19,127529701,2141,0,101.1883140472,-13.6215038140,-13.6215038140,0.5714286,7,7,0.49516052857142857,0.495160528571,0.40359145382014583,0.40359145382241707,0.40359145382014583,4.2857E-13,ELIGIBLE,R03b_20260811_FULL_v1,L1_ELIGIBILITY,v2026-08-11,2026-03-21..2026-08-06,baccarat_bet02_101_all_pairs_incl_sentinel,round_win = game_pnl > 0 (decisive only),COMPATIBILITY_ONLY_NOT_PRODUCTION,557989.4742,504875.3716,9878.7574,24851,24505,-0.01770420,0.00338982,-0.02772422,-0.01770420,-9878.7574,557989.4742,OK,0.0000,395.1503,4.0000,96.0000,AG03-UNRESOLVED,ALL5_LEVELS_bet23_to_bet27,395.1503,395.1503,395.1503,0.0000,0.0000,4.000000,4.000000,4.000000,0.000000,0.000000,96.000000,96.000000,96.000000,100.000000,100.000000,5.0,1185.4509,1138.6651,8693.3065,8740.0923,PENDING_AG03,FALSE,NOT_FOR_ENFORCEMENT,9483.6071,484680.3568,9878.7574,9483.6071,395.1503,0.01770420,0.01699603,395.1503,9483.6071,0.01699603,395.1503,395.1503,395.1503,0.0000,0.0000,9483.6071,0.01699603,1185.4509,1138.6651,8693.3065,8740.0923,0.01557970,0.01566354,0.00070817,22.4534,20.6030,0.4031,82.3230,2.6463,4649.9123,204.2083,25.9152,21.1137,12.8578,14.5296,26.176,48.8436,54.2173,102.8621,13.088,0.0,3.731508,7.079487,1.545355,30,207,63,6,0.32204186,0.01770420,-0.00338982,0E-8,0.000000,0.904812,0.002133,0.03111404,2026-03-21,2026-08-06,120,3733,1703,139,0.863309,1.227414,1.154177,1.073473,,,,,,,,GLOBAL_BASELINE_NO_ENTITY_RANKING,,,NOT_APPLICABLE_GLOBAL_BASELINE,HF9g-P5,,,,X 全窗基线 · 不参与实体赏罚,15052627,1506,A168_HF9F_20260827_0900,2026-08-27 09:00:00
2026-05-19,127529701,2152,0,302.2676560637,-18.4214623008,-18.4214623008,0.5000000,16,16,0.49827245000000000,0.498272450000,0.01292787760193865,0.01292787760193865,0.01292787760193865,0E-17,ELIGIBLE,R03b_20260811_FULL_v1,L1_ELIGIBILITY,v2026-08-11,2026-03-21..2026-08-06,baccarat_bet02_101_all_pairs_incl_sentinel,round_win = game_pnl > 0 (decisive only),COMPATIBILITY_ONLY_NOT_PRODUCTION,557989.4742,504875.3716,9878.7574,24851,24505,-0.01770420,0.00338982,-0.02772422,-0.01770420,-9878.7574,557989.4742,OK,0.0000,395.1503,4.0000,96.0000,AG03-UNRESOLVED,ALL5_LEVELS_bet23_to_bet27,395.1503,395.1503,395.1503,0.0000,0.0000,4.000000,4.000000,4.000000,0.000000,0.000000,96.000000,96.000000,96.000000,100.000000,100.000000,5.0,1185.4509,1138.6651,8693.3065,8740.0923,PENDING_AG03,FALSE,NOT_FOR_ENFORCEMENT,9483.6071,484680.3568,9878.7574,9483.6071,395.1503,0.01770420,0.01699603,395.1503,9483.6071,0.01699603,395.1503,395.1503,395.1503,0.0000,0.0000,9483.6071,0.01699603,1185.4509,1138.6651,8693.3065,8740.0923,0.01557970,0.01566354,0.00070817,22.4534,20.6030,0.4031,82.3230,2.6463,4649.9123,204.2083,25.9152,21.1137,12.8578,14.5296,26.176,48.8436,54.2173,102.8621,13.088,0.0,3.731508,7.079487,1.545355,30,207,63,6,0.32204186,0.01770420,-0.00338982,0E-8,0.000000,0.904812,0.002133,0.03111404,2026-03-21,2026-08-06,120,3733,1703,139,0.863309,1.227414,1.154177,1.073473,,,,,,,,GLOBAL_BASELINE_NO_ENTITY_RANKING,,,NOT_APPLICABLE_GLOBAL_BASELINE,HF9g-P5,,,,X 全窗基线 · 不参与实体赏罚,15052628,1506,A168_HF9F_20260827_0900,2026-08-27 09:00:00
2026-05-19,127529701,2160,0,115.4584608999,-11.0917959629,-11.0917959629,0.4285714,14,14,0.50377815714285714,0.503778157143,-0.5628116908969074,-0.5628116908979778,-0.5628116908969074,-1.4286E-13,ELIGIBLE,R03b_20260811_FULL_v1,L1_ELIGIBILITY,v2026-08-11,2026-03-21..2026-08-06,baccarat_bet02_101_all_pairs_incl_sentinel,round_win = game_pnl > 0 (decisive only),COMPATIBILITY_ONLY_NOT_PRODUCTION,557989.4742,504875.3716,9878.7574,24851,24505,-0.01770420,0.00338982,-0.02772422,-0.01770420,-9878.7574,557989.4742,OK,0.0000,395.1503,4.0000,96.0000,AG03-UNRESOLVED,ALL5_LEVELS_bet23_to_bet27,395.1503,395.1503,395.1503,0.0000,0.0000,4.000000,4.000000,4.000000,0.000000,0.000000,96.000000,96.000000,96.000000,100.000000,100.000000,5.0,1185.4509,1138.6651,8693.3065,8740.0923,PENDING_AG03,FALSE,NOT_FOR_ENFORCEMENT,9483.6071,484680.3568,9878.7574,9483.6071,395.1503,0.01770420,0.01699603,395.1503,9483.6071,0.01699603,395.1503,395.1503,395.1503,0.0000,0.0000,9483.6071,0.01699603,1185.4509,1138.6651,8693.3065,8740.0923,0.01557970,0.01566354,0.00070817,22.4534,20.6030,0.4031,82.3230,2.6463,4649.9123,204.2083,25.9152,21.1137,12.8578,14.5296,26.176,48.8436,54.2173,102.8621,13.088,0.0,3.731508,7.079487,1.545355,30,207,63,6,0.32204186,0.01770420,-0.00338982,0E-8,0.000000,0.904812,0.002133,0.03111404,2026-03-21,2026-08-06,120,3733,1703,139,0.863309,1.227414,1.154177,1.073473,,,,,,,,GLOBAL_BASELINE_NO_ENTITY_RANKING,,,NOT_APPLICABLE_GLOBAL_BASELINE,HF9g-P5,,,,X 全窗基线 · 不参与实体赏罚,15052629,1506,A168_HF9F_20260827_0900,2026-08-27 09:00:00
2026-05-19,127529701,2169,0,90.2911109958,-90.2911109958,-90.2911109958,0E-7,2,2,0.49994810000000000,0.499948100000,-1.4140667746232096,-1.4140667746232096,-1.4140667746232096,0E-17,ELIGIBLE,R03b_20260811_FULL_v1,L1_ELIGIBILITY,v2026-08-11,2026-03-21..2026-08-06,baccarat_bet02_101_all_pairs_incl_sentinel,round_win = game_pnl > 0 (decisive only),COMPATIBILITY_ONLY_NOT_PRODUCTION,557989.4742,504875.3716,9878.7574,24851,24505,-0.01770420,0.00338982,-0.02772422,-0.01770420,-9878.7574,557989.4742,OK,0.0000,395.1503,4.0000,96.0000,AG03-UNRESOLVED,ALL5_LEVELS_bet23_to_bet27,395.1503,395.1503,395.1503,0.0000,0.0000,4.000000,4.000000,4.000000,0.000000,0.000000,96.000000,96.000000,96.000000,100.000000,100.000000,5.0,1185.4509,1138.6651,8693.3065,8740.0923,PENDING_AG03,FALSE,NOT_FOR_ENFORCEMENT,9483.6071,484680.3568,9878.7574,9483.6071,395.1503,0.01770420,0.01699603,395.1503,9483.6071,0.01699603,395.1503,395.1503,395.1503,0.0000,0.0000,9483.6071,0.01699603,1185.4509,1138.6651,8693.3065,8740.0923,0.01557970,0.01566354,0.00070817,22.4534,20.6030,0.4031,82.3230,2.6463,4649.9123,204.2083,25.9152,21.1137,12.8578,14.5296,26.176,48.8436,54.2173,102.8621,13.088,0.0,3.731508,7.079487,1.545355,30,207,63,6,0.32204186,0.01770420,-0.00338982,0E-8,0.000000,0.904812,0.002133,0.03111404,2026-03-21,2026-08-06,120,3733,1703,139,0.863309,1.227414,1.154177,1.073473,,,,,,,,GLOBAL_BASELINE_NO_ENTITY_RANKING,,,NOT_APPLICABLE_GLOBAL_BASELINE,HF9g-P5,,,,X 全窗基线 · 不参与实体赏罚,15052630,1506,A168_HF9F_20260827_0900,2026-08-27 09:00:00
2026-05-19,127529701,2171,0,243.1114109286,12.0388147993,12.0388147993,0.5294118,18,18,0.50218230000000000,0.502182300000,0.22454205696608198,0.22454205696608198,0.22454205696608198,0E-17,ELIGIBLE,R03b_20260811_FULL_v1,L1_ELIGIBILITY,v2026-08-11,2026-03-21..2026-08-06,baccarat_bet02_101_all_pairs_incl_sentinel,round_win = game_pnl > 0 (decisive only),COMPATIBILITY_ONLY_NOT_PRODUCTION,557989.4742,504875.3716,9878.7574,24851,24505,-0.01770420,0.00338982,-0.02772422,-0.01770420,-9878.7574,557989.4742,OK,0.0000,395.1503,4.0000,96.0000,AG03-UNRESOLVED,ALL5_LEVELS_bet23_to_bet27,395.1503,395.1503,395.1503,0.0000,0.0000,4.000000,4.000000,4.000000,0.000000,0.000000,96.000000,96.000000,96.000000,100.000000,100.000000,5.0,1185.4509,1138.6651,8693.3065,8740.0923,PENDING_AG03,FALSE,NOT_FOR_ENFORCEMENT,9483.6071,484680.3568,9878.7574,9483.6071,395.1503,0.01770420,0.01699603,395.1503,9483.6071,0.01699603,395.1503,395.1503,395.1503,0.0000,0.0000,9483.6071,0.01699603,1185.4509,1138.6651,8693.3065,8740.0923,0.01557970,0.01566354,0.00070817,22.4534,20.6030,0.4031,82.3230,2.6463,4649.9123,204.2083,25.9152,21.1137,12.8578,14.5296,26.176,48.8436,54.2173,102.8621,13.088,0.0,3.731508,7.079487,1.545355,30,207,63,6,0.32204186,0.01770420,-0.00338982,0E-8,0.000000,0.904812,0.002133,0.03111404,2026-03-21,2026-08-06,120,3733,1703,139,0.863309,1.227414,1.154177,1.073473,,,,,,,,GLOBAL_BASELINE_NO_ENTITY_RANKING,,,NOT_APPLICABLE_GLOBAL_BASELINE,HF9g-P5,,,,X 全窗基线 · 不参与实体赏罚,15052631,1506,A168_HF9F_20260827_0900,2026-08-27 09:00:00
2026-05-19,127529701,2174,0,577.2923044990,14.9187898916,14.9187898916,0.5151515,40,38,0.49624787736842105,0.493310704386,0.21719237852388715,0.25095427113123947,0.21719237852388715,0.00293717298242105,ELIGIBLE,R03b_20260811_FULL_v1,L1_ELIGIBILITY,v2026-08-11,2026-03-21..2026-08-06,baccarat_bet02_101_all_pairs_incl_sentinel,round_win = game_pnl > 0 (decisive only),COMPATIBILITY_ONLY_NOT_PRODUCTION,557989.4742,504875.3716,9878.7574,24851,24505,-0.01770420,0.00338982,-0.02772422,-0.01770420,-9878.7574,557989.4742,OK,0.0000,395.1503,4.0000,96.0000,AG03-UNRESOLVED,ALL5_LEVELS_bet23_to_bet27,395.1503,395.1503,395.1503,0.0000,0.0000,4.000000,4.000000,4.000000,0.000000,0.000000,96.000000,96.000000,96.000000,100.000000,100.000000,5.0,1185.4509,1138.6651,8693.3065,8740.0923,PENDING_AG03,FALSE,NOT_FOR_ENFORCEMENT,9483.6071,484680.3568,9878.7574,9483.6071,395.1503,0.01770420,0.01699603,395.1503,9483.6071,0.01699603,395.1503,395.1503,395.1503,0.0000,0.0000,9483.6071,0.01699603,1185.4509,1138.6651,8693.3065,8740.0923,0.01557970,0.01566354,0.00070817,22.4534,20.6030,0.4031,82.3230,2.6463,4649.9123,204.2083,25.9152,21.1137,12.8578,14.5296,26.176,48.8436,54.2173,102.8621,13.088,0.0,3.731508,7.079487,1.545355,30,207,63,6,0.32204186,0.01770420,-0.00338982,0E-8,0.000000,0.904812,0.002133,0.03111404,2026-03-21,2026-08-06,120,3733,1703,139,0.863309,1.227414,1.154177,1.073473,,,,,,,,GLOBAL_BASELINE_NO_ENTITY_RANKING,,,NOT_APPLICABLE_GLOBAL_BASELINE,HF9g-P5,,,,X 全窗基线 · 不参与实体赏罚,15052632,1506,A168_HF9F_20260827_0900,2026-08-27 09:00:00
2026-05-19,127529701,2216,0,6.4864303876,-6.4864303876,-6.4864303876,0E-7,1,1,0.50665070000000000,0.506650700000,-1.013391052207602,-1.013391052207602,-1.013391052207602,0E-17,ELIGIBLE,R03b_20260811_FULL_v1,L1_ELIGIBILITY,v2026-08-11,2026-03-21..2026-08-06,baccarat_bet02_101_all_pairs_incl_sentinel,round_win = game_pnl > 0 (decisive only),COMPATIBILITY_ONLY_NOT_PRODUCTION,557989.4742,504875.3716,9878.7574,24851,24505,-0.01770420,0.00338982,-0.02772422,-0.01770420,-9878.7574,557989.4742,OK,0.0000,395.1503,4.0000,96.0000,AG03-UNRESOLVED,ALL5_LEVELS_bet23_to_bet27,395.1503,395.1503,395.1503,0.0000,0.0000,4.000000,4.000000,4.000000,0.000000,0.000000,96.000000,96.000000,96.000000,100.000000,100.000000,5.0,1185.4509,1138.6651,8693.3065,8740.0923,PENDING_AG03,FALSE,NOT_FOR_ENFORCEMENT,9483.6071,484680.3568,9878.7574,9483.6071,395.1503,0.01770420,0.01699603,395.1503,9483.6071,0.01699603,395.1503,395.1503,395.1503,0.0000,0.0000,9483.6071,0.01699603,1185.4509,1138.6651,8693.3065,8740.0923,0.01557970,0.01566354,0.00070817,22.4534,20.6030,0.4031,82.3230,2.6463,4649.9123,204.2083,25.9152,21.1137,12.8578,14.5296,26.176,48.8436,54.2173,102.8621,13.088,0.0,3.731508,7.079487,1.545355,30,207,63,6,0.32204186,0.01770420,-0.00338982,0E-8,0.000000,0.904812,0.002133,0.03111404,2026-03-21,2026-08-06,120,3733,1703,139,0.863309,1.227414,1.154177,1.073473,,,,,,,,GLOBAL_BASELINE_NO_ENTITY_RANKING,,,NOT_APPLICABLE_GLOBAL_BASELINE,HF9g-P5,,,,X 全窗基线 · 不参与实体赏罚,15052633,1506,A168_HF9F_20260827_0900,2026-08-27 09:00:00
2026-05-19,127529701,2235,0,196.1496549221,17.0463390586,17.0463390586,0.5000000,13,13,0.49943251538461538,0.499432515385,0.003931651277728624,0.003931651275063894,0.003931651277728624,-3.8462E-13,ELIGIBLE,R03b_20260811_FULL_v1,L1_ELIGIBILITY,v2026-08-11,2026-03-21..2026-08-06,baccarat_bet02_101_all_pairs_incl_sentinel,round_win = game_pnl > 0 (decisive only),COMPATIBILITY_ONLY_NOT_PRODUCTION,557989.4742,504875.3716,9878.7574,24851,24505,-0.01770420,0.00338982,-0.02772422,-0.01770420,-9878.7574,557989.4742,OK,0.0000,395.1503,4.0000,96.0000,AG03-UNRESOLVED,ALL5_LEVELS_bet23_to_bet27,395.1503,395.1503,395.1503,0.0000,0.0000,4.000000,4.000000,4.000000,0.000000,0.000000,96.000000,96.000000,96.000000,100.000000,100.000000,5.0,1185.4509,1138.6651,8693.3065,8740.0923,PENDING_AG03,FALSE,NOT_FOR_ENFORCEMENT,9483.6071,484680.3568,9878.7574,9483.6071,395.1503,0.01770420,0.01699603,395.1503,9483.6071,0.01699603,395.1503,395.1503,395.1503,0.0000,0.0000,9483.6071,0.01699603,1185.4509,1138.6651,8693.3065,8740.0923,0.01557970,0.01566354,0.00070817,22.4534,20.6030,0.4031,82.3230,2.6463,4649.9123,204.2083,25.9152,21.1137,12.8578,14.5296,26.176,48.8436,54.2173,102.8621,13.088,0.0,3.731508,7.079487,1.545355,30,207,63,6,0.32204186,0.01770420,-0.00338982,0E-8,0.000000,0.904812,0.002133,0.03111404,2026-03-21,2026-08-06,120,3733,1703,139,0.863309,1.227414,1.154177,1.073473,,,,,,,,GLOBAL_BASELINE_NO_ENTITY_RANKING,,,NOT_APPLICABLE_GLOBAL_BASELINE,HF9g-P5,,,,X 全窗基线 · 不参与实体赏罚,15052634,1506,A168_HF9F_20260827_0900,2026-08-27 09:00:00
2026-05-19,127529701,2251,0,55.0049296871,22.4041305589,22.4041305589,0.6666667,4,4,0.50329940000000000,0.503299400000,0.5659331339966515,0.5659331339966515,0.5659331339966515,0E-17,ELIGIBLE,R03b_20260811_FULL_v1,L1_ELIGIBILITY,v2026-08-11,2026-03-21..2026-08-06,baccarat_bet02_101_all_pairs_incl_sentinel,round_win = game_pnl > 0 (decisive only),COMPATIBILITY_ONLY_NOT_PRODUCTION,557989.4742,504875.3716,9878.7574,24851,24505,-0.01770420,0.00338982,-0.02772422,-0.01770420,-9878.7574,557989.4742,OK,0.0000,395.1503,4.0000,96.0000,AG03-UNRESOLVED,ALL5_LEVELS_bet23_to_bet27,395.1503,395.1503,395.1503,0.0000,0.0000,4.000000,4.000000,4.000000,0.000000,0.000000,96.000000,96.000000,96.000000,100.000000,100.000000,5.0,1185.4509,1138.6651,8693.3065,8740.0923,PENDING_AG03,FALSE,NOT_FOR_ENFORCEMENT,9483.6071,484680.3568,9878.7574,9483.6071,395.1503,0.01770420,0.01699603,395.1503,9483.6071,0.01699603,395.1503,395.1503,395.1503,0.0000,0.0000,9483.6071,0.01699603,1185.4509,1138.6651,8693.3065,8740.0923,0.01557970,0.01566354,0.00070817,22.4534,20.6030,0.4031,82.3230,2.6463,4649.9123,204.2083,25.9152,21.1137,12.8578,14.5296,26.176,48.8436,54.2173,102.8621,13.088,0.0,3.731508,7.079487,1.545355,30,207,63,6,0.32204186,0.01770420,-0.00338982,0E-8,0.000000,0.904812,0.002133,0.03111404,2026-03-21,2026-08-06,120,3733,1703,139,0.863309,1.227414,1.154177,1.073473,,,,,,,,GLOBAL_BASELINE_NO_ENTITY_RANKING,,,NOT_APPLICABLE_GLOBAL_BASELINE,HF9g-P5,,,,X 全窗基线 · 不参与实体赏罚,15052635,1506,A168_HF9F_20260827_0900,2026-08-27 09:00:00
2026-05-19,127529701,583,0,64.8643038763,-54.7454724716,-54.7454724716,0.2500000,4,4,0.49659680000000000,0.496596800000,-0.9864100490137353,-0.9864100490137354,-0.9864100490137353,0E-17,ELIGIBLE,R03b_20260811_FULL_v1,L1_ELIGIBILITY,v2026-08-11,2026-03-21..2026-08-06,baccarat_bet02_101_all_pairs_incl_sentinel,round_win = game_pnl > 0 (decisive only),COMPATIBILITY_ONLY_NOT_PRODUCTION,557989.4742,504875.3716,9878.7574,24851,24505,-0.01770420,0.00338982,-0.02772422,-0.01770420,-9878.7574,557989.4742,OK,0.0000,395.1503,4.0000,96.0000,AG03-UNRESOLVED,ALL5_LEVELS_bet23_to_bet27,395.1503,395.1503,395.1503,0.0000,0.0000,4.000000,4.000000,4.000000,0.000000,0.000000,96.000000,96.000000,96.000000,100.000000,100.000000,5.0,1185.4509,1138.6651,8693.3065,8740.0923,PENDING_AG03,FALSE,NOT_FOR_ENFORCEMENT,9483.6071,484680.3568,9878.7574,9483.6071,395.1503,0.01770420,0.01699603,395.1503,9483.6071,0.01699603,395.1503,395.1503,395.1503,0.0000,0.0000,9483.6071,0.01699603,1185.4509,1138.6651,8693.3065,8740.0923,0.01557970,0.01566354,0.00070817,22.4534,20.6030,0.4031,82.3230,2.6463,4649.9123,204.2083,25.9152,21.1137,12.8578,14.5296,26.176,48.8436,54.2173,102.8621,13.088,0.0,3.731508,7.079487,1.545355,30,207,63,6,0.32204186,0.01770420,-0.00338982,0E-8,0.000000,0.904812,0.002133,0.03111404,2026-03-21,2026-08-06,120,3733,1703,139,0.863309,1.227414,1.154177,1.073473,,,,,,,,GLOBAL_BASELINE_NO_ENTITY_RANKING,,,NOT_APPLICABLE_GLOBAL_BASELINE,HF9g-P5,,,,X 全窗基线 · 不参与实体赏罚,15052636,1506,A168_HF9F_20260827_0900,2026-08-27 09:00:00
2026-05-19,127529701,595,0,217.9440610245,-33.0807949769,-33.0807949769,0.4000000,11,11,0.49812011818181818,0.498120118182,-0.6205705016316515,-0.6205705016328007,-0.6205705016316515,-1.8182E-13,ELIGIBLE,R03b_20260811_FULL_v1,L1_ELIGIBILITY,v2026-08-11,2026-03-21..2026-08-06,baccarat_bet02_101_all_pairs_incl_sentinel,round_win = game_pnl > 0 (decisive only),COMPATIBILITY_ONLY_NOT_PRODUCTION,557989.4742,504875.3716,9878.7574,24851,24505,-0.01770420,0.00338982,-0.02772422,-0.01770420,-9878.7574,557989.4742,OK,0.0000,395.1503,4.0000,96.0000,AG03-UNRESOLVED,ALL5_LEVELS_bet23_to_bet27,395.1503,395.1503,395.1503,0.0000,0.0000,4.000000,4.000000,4.000000,0.000000,0.000000,96.000000,96.000000,96.000000,100.000000,100.000000,5.0,1185.4509,1138.6651,8693.3065,8740.0923,PENDING_AG03,FALSE,NOT_FOR_ENFORCEMENT,9483.6071,484680.3568,9878.7574,9483.6071,395.1503,0.01770420,0.01699603,395.1503,9483.6071,0.01699603,395.1503,395.1503,395.1503,0.0000,0.0000,9483.6071,0.01699603,1185.4509,1138.6651,8693.3065,8740.0923,0.01557970,0.01566354,0.00070817,22.4534,20.6030,0.4031,82.3230,2.6463,4649.9123,204.2083,25.9152,21.1137,12.8578,14.5296,26.176,48.8436,54.2173,102.8621,13.088,0.0,3.731508,7.079487,1.545355,30,207,63,6,0.32204186,0.01770420,-0.00338982,0E-8,0.000000,0.904812,0.002133,0.03111404,2026-03-21,2026-08-06,120,3733,1703,139,0.863309,1.227414,1.154177,1.073473,,,,,,,,GLOBAL_BASELINE_NO_ENTITY_RANKING,,,NOT_APPLICABLE_GLOBAL_BASELINE,HF9g-P5,,,,X 全窗基线 · 不参与实体赏罚,15052637,1506,A168_HF9F_20260827_0900,2026-08-27 09:00:00
2026-05-19,127529701,925,0,51.8914431011,23.9997924342,23.9997924342,0.6666667,3,3,0.50665070000000000,0.506650700000,0.5543606114942035,0.5543606114942035,0.5543606114942035,0E-17,ELIGIBLE,R03b_20260811_FULL_v1,L1_ELIGIBILITY,v2026-08-11,2026-03-21..2026-08-06,baccarat_bet02_101_all_pairs_incl_sentinel,round_win = game_pnl > 0 (decisive only),COMPATIBILITY_ONLY_NOT_PRODUCTION,557989.4742,504875.3716,9878.7574,24851,24505,-0.01770420,0.00338982,-0.02772422,-0.01770420,-9878.7574,557989.4742,OK,0.0000,395.1503,4.0000,96.0000,AG03-UNRESOLVED,ALL5_LEVELS_bet23_to_bet27,395.1503,395.1503,395.1503,0.0000,0.0000,4.000000,4.000000,4.000000,0.000000,0.000000,96.000000,96.000000,96.000000,100.000000,100.000000,5.0,1185.4509,1138.6651,8693.3065,8740.0923,PENDING_AG03,FALSE,NOT_FOR_ENFORCEMENT,9483.6071,484680.3568,9878.7574,9483.6071,395.1503,0.01770420,0.01699603,395.1503,9483.6071,0.01699603,395.1503,395.1503,395.1503,0.0000,0.0000,9483.6071,0.01699603,1185.4509,1138.6651,8693.3065,8740.0923,0.01557970,0.01566354,0.00070817,22.4534,20.6030,0.4031,82.3230,2.6463,4649.9123,204.2083,25.9152,21.1137,12.8578,14.5296,26.176,48.8436,54.2173,102.8621,13.088,0.0,3.731508,7.079487,1.545355,30,207,63,6,0.32204186,0.01770420,-0.00338982,0E-8,0.000000,0.904812,0.002133,0.03111404,2026-03-21,2026-08-06,120,3733,1703,139,0.863309,1.227414,1.154177,1.073473,,,,,,,,GLOBAL_BASELINE_NO_ENTITY_RANKING,,,NOT_APPLICABLE_GLOBAL_BASELINE,HF9g-P5,,,,X 全窗基线 · 不参与实体赏罚,15052638,1506,A168_HF9F_20260827_0900,2026-08-27 09:00:00
2026-05-19,127529701,994,0,338.0727518035,98.7234704995,98.7234704995,0.5454545,23,23,0.49732534347826087,0.497325343478,0.45149839480794784,0.4514983948103963,0.45149839480794784,2.6087E-13,ELIGIBLE,R03b_20260811_FULL_v1,L1_ELIGIBILITY,v2026-08-11,2026-03-21..2026-08-06,baccarat_bet02_101_all_pairs_incl_sentinel,round_win = game_pnl > 0 (decisive only),COMPATIBILITY_ONLY_NOT_PRODUCTION,557989.4742,504875.3716,9878.7574,24851,24505,-0.01770420,0.00338982,-0.02772422,-0.01770420,-9878.7574,557989.4742,OK,0.0000,395.1503,4.0000,96.0000,AG03-UNRESOLVED,ALL5_LEVELS_bet23_to_bet27,395.1503,395.1503,395.1503,0.0000,0.0000,4.000000,4.000000,4.000000,0.000000,0.000000,96.000000,96.000000,96.000000,100.000000,100.000000,5.0,1185.4509,1138.6651,8693.3065,8740.0923,PENDING_AG03,FALSE,NOT_FOR_ENFORCEMENT,9483.6071,484680.3568,9878.7574,9483.6071,395.1503,0.01770420,0.01699603,395.1503,9483.6071,0.01699603,395.1503,395.1503,395.1503,0.0000,0.0000,9483.6071,0.01699603,1185.4509,1138.6651,8693.3065,8740.0923,0.01557970,0.01566354,0.00070817,22.4534,20.6030,0.4031,82.3230,2.6463,4649.9123,204.2083,25.9152,21.1137,12.8578,14.5296,26.176,48.8436,54.2173,102.8621,13.088,0.0,3.731508,7.079487,1.545355,30,207,63,6,0.32204186,0.01770420,-0.00338982,0E-8,0.000000,0.904812,0.002133,0.03111404,2026-03-21,2026-08-06,120,3733,1703,139,0.863309,1.227414,1.154177,1.073473,,,,,,,,GLOBAL_BASELINE_NO_ENTITY_RANKING,,,NOT_APPLICABLE_GLOBAL_BASELINE,HF9g-P5,,,,X 全窗基线 · 不参与实体赏罚,15052639,1506,A168_HF9F_20260827_0900,2026-08-27 09:00:00
2026-05-20,127529701,-1,1,333.4025219241,100.3061595144,100.3061595144,0.6666667,18,18,0.49696916666666667,0.496969166667,1.4399574910048951,1.439957491002061,1.4399574910048951,-3.3333E-13,SENTINEL_DEALER,R03b_20260811_FULL_v1,L1_ELIGIBILITY,v2026-08-11,2026-03-21..2026-08-06,baccarat_bet02_101_all_pairs_incl_sentinel,round_win = game_pnl > 0 (decisive only),COMPATIBILITY_ONLY_NOT_PRODUCTION,557989.4742,504875.3716,9878.7574,24851,24505,-0.01770420,0.00338982,-0.02772422,-0.01770420,-9878.7574,557989.4742,OK,0.0000,395.1503,4.0000,96.0000,AG03-UNRESOLVED,ALL5_LEVELS_bet23_to_bet27,395.1503,395.1503,395.1503,0.0000,0.0000,4.000000,4.000000,4.000000,0.000000,0.000000,96.000000,96.000000,96.000000,100.000000,100.000000,5.0,1185.4509,1138.6651,8693.3065,8740.0923,PENDING_AG03,FALSE,NOT_FOR_ENFORCEMENT,9483.6071,484680.3568,9878.7574,9483.6071,395.1503,0.01770420,0.01699603,395.1503,9483.6071,0.01699603,395.1503,395.1503,395.1503,0.0000,0.0000,9483.6071,0.01699603,1185.4509,1138.6651,8693.3065,8740.0923,0.01557970,0.01566354,0.00070817,22.4534,20.6030,0.4031,82.3230,2.6463,4649.9123,204.2083,25.9152,21.1137,12.8578,14.5296,26.176,48.8436,54.2173,102.8621,13.088,0.0,3.731508,7.079487,1.545355,30,207,63,6,0.32204186,0.01770420,-0.00338982,0E-8,0.000000,0.904812,0.002133,0.03111404,2026-03-21,2026-08-06,120,3733,1703,139,0.863309,1.227414,1.154177,1.073473,,,,,,,,GLOBAL_BASELINE_NO_ENTITY_RANKING,,,NOT_APPLICABLE_GLOBAL_BASELINE,HF9g-P5,,,,X 全窗基线 · 不参与实体赏罚,15052640,1506,A168_HF9F_20260827_0900,2026-08-27 09:00:00
2026-05-20,127529701,1078,0,51.8914431011,-51.8914431011,-51.8914431011,0E-7,2,2,0.49994810000000000,0.499948100000,-1.4140667746232096,-1.4140667746232096,-1.4140667746232096,0E-17,ELIGIBLE,R03b_20260811_FULL_v1,L1_ELIGIBILITY,v2026-08-11,2026-03-21..2026-08-06,baccarat_bet02_101_all_pairs_incl_sentinel,round_win = game_pnl > 0 (decisive only),COMPATIBILITY_ONLY_NOT_PRODUCTION,557989.4742,504875.3716,9878.7574,24851,24505,-0.01770420,0.00338982,-0.02772422,-0.01770420,-9878.7574,557989.4742,OK,0.0000,395.1503,4.0000,96.0000,AG03-UNRESOLVED,ALL5_LEVELS_bet23_to_bet27,395.1503,395.1503,395.1503,0.0000,0.0000,4.000000,4.000000,4.000000,0.000000,0.000000,96.000000,96.000000,96.000000,100.000000,100.000000,5.0,1185.4509,1138.6651,8693.3065,8740.0923,PENDING_AG03,FALSE,NOT_FOR_ENFORCEMENT,9483.6071,484680.3568,9878.7574,9483.6071,395.1503,0.01770420,0.01699603,395.1503,9483.6071,0.01699603,395.1503,395.1503,395.1503,0.0000,0.0000,9483.6071,0.01699603,1185.4509,1138.6651,8693.3065,8740.0923,0.01557970,0.01566354,0.00070817,22.4534,20.6030,0.4031,82.3230,2.6463,4649.9123,204.2083,25.9152,21.1137,12.8578,14.5296,26.176,48.8436,54.2173,102.8621,13.088,0.0,3.731508,7.079487,1.545355,30,207,63,6,0.32204186,0.01770420,-0.00338982,0E-8,0.000000,0.904812,0.002133,0.03111404,2026-03-21,2026-08-06,120,3733,1703,139,0.863309,1.227414,1.154177,1.073473,,,,,,,,GLOBAL_BASELINE_NO_ENTITY_RANKING,,,NOT_APPLICABLE_GLOBAL_BASELINE,HF9g-P5,,,,X 全窗基线 · 不参与实体赏罚,15052641,1506,A168_HF9F_20260827_0900,2026-08-27 09:00:00
2026-05-20,127529701,1115,0,183.1767941468,-14.2701468528,-14.2701468528,0.5714286,8,8,0.49659680000000000,0.496596800000,0.3959816871769319,0.3959816871769319,0.3959816871769319,0E-17,ELIGIBLE,R03b_20260811_FULL_v1,L1_ELIGIBILITY,v2026-08-11,2026-03-21..2026-08-06,baccarat_bet02_101_all_pairs_incl_sentinel,round_win = game_pnl > 0 (decisive only),COMPATIBILITY_ONLY_NOT_PRODUCTION,557989.4742,504875.3716,9878.7574,24851,24505,-0.01770420,0.00338982,-0.02772422,-0.01770420,-9878.7574,557989.4742,OK,0.0000,395.1503,4.0000,96.0000,AG03-UNRESOLVED,ALL5_LEVELS_bet23_to_bet27,395.1503,395.1503,395.1503,0.0000,0.0000,4.000000,4.000000,4.000000,0.000000,0.000000,96.000000,96.000000,96.000000,100.000000,100.000000,5.0,1185.4509,1138.6651,8693.3065,8740.0923,PENDING_AG03,FALSE,NOT_FOR_ENFORCEMENT,9483.6071,484680.3568,9878.7574,9483.6071,395.1503,0.01770420,0.01699603,395.1503,9483.6071,0.01699603,395.1503,395.1503,395.1503,0.0000,0.0000,9483.6071,0.01699603,1185.4509,1138.6651,8693.3065,8740.0923,0.01557970,0.01566354,0.00070817,22.4534,20.6030,0.4031,82.3230,2.6463,4649.9123,204.2083,25.9152,21.1137,12.8578,14.5296,26.176,48.8436,54.2173,102.8621,13.088,0.0,3.731508,7.079487,1.545355,30,207,63,6,0.32204186,0.01770420,-0.00338982,0E-8,0.000000,0.904812,0.002133,0.03111404,2026-03-21,2026-08-06,120,3733,1703,139,0.863309,1.227414,1.154177,1.073473,,,,,,,,GLOBAL_BASELINE_NO_ENTITY_RANKING,,,NOT_APPLICABLE_GLOBAL_BASELINE,HF9g-P5,,,,X 全窗基线 · 不参与实体赏罚,15052642,1506,A168_HF9F_20260827_0900,2026-08-27 09:00:00
2026-05-20,127529701,1151,0,12.9728607753,-12.9728607753,-12.9728607753,0E-7,1,1,0.50665070000000000,0.506650700000,-1.013391052207602,-1.013391052207602,-1.013391052207602,0E-17,ELIGIBLE,R03b_20260811_FULL_v1,L1_ELIGIBILITY,v2026-08-11,2026-03-21..2026-08-06,baccarat_bet02_101_all_pairs_incl_sentinel,round_win = game_pnl > 0 (decisive only),COMPATIBILITY_ONLY_NOT_PRODUCTION,557989.4742,504875.3716,9878.7574,24851,24505,-0.01770420,0.00338982,-0.02772422,-0.01770420,-9878.7574,557989.4742,OK,0.0000,395.1503,4.0000,96.0000,AG03-UNRESOLVED,ALL5_LEVELS_bet23_to_bet27,395.1503,395.1503,395.1503,0.0000,0.0000,4.000000,4.000000,4.000000,0.000000,0.000000,96.000000,96.000000,96.000000,100.000000,100.000000,5.0,1185.4509,1138.6651,8693.3065,8740.0923,PENDING_AG03,FALSE,NOT_FOR_ENFORCEMENT,9483.6071,484680.3568,9878.7574,9483.6071,395.1503,0.01770420,0.01699603,395.1503,9483.6071,0.01699603,395.1503,395.1503,395.1503,0.0000,0.0000,9483.6071,0.01699603,1185.4509,1138.6651,8693.3065,8740.0923,0.01557970,0.01566354,0.00070817,22.4534,20.6030,0.4031,82.3230,2.6463,4649.9123,204.2083,25.9152,21.1137,12.8578,14.5296,26.176,48.8436,54.2173,102.8621,13.088,0.0,3.731508,7.079487,1.545355,30,207,63,6,0.32204186,0.01770420,-0.00338982,0E-8,0.000000,0.904812,0.002133,0.03111404,2026-03-21,2026-08-06,120,3733,1703,139,0.863309,1.227414,1.154177,1.073473,,,,,,,,GLOBAL_BASELINE_NO_ENTITY_RANKING,,,NOT_APPLICABLE_GLOBAL_BASELINE,HF9g-P5,,,,X 全窗基线 · 不参与实体赏罚,15052643,1506,A168_HF9F_20260827_0900,2026-08-27 09:00:00
2026-05-20,127529701,1210,0,51.1130714546,0.4929687095,0.4929687095,0.5000000,4,4,0.49994810000000000,0.499948100000,0.00020760000111838688,0.00020760000111838688,0.00020760000111838688,0E-17,ELIGIBLE,R03b_20260811_FULL_v1,L1_ELIGIBILITY,v2026-08-11,2026-03-21..2026-08-06,baccarat_bet02_101_all_pairs_incl_sentinel,round_win = game_pnl > 0 (decisive only),COMPATIBILITY_ONLY_NOT_PRODUCTION,557989.4742,504875.3716,9878.7574,24851,24505,-0.01770420,0.00338982,-0.02772422,-0.01770420,-9878.7574,557989.4742,OK,0.0000,395.1503,4.0000,96.0000,AG03-UNRESOLVED,ALL5_LEVELS_bet23_to_bet27,395.1503,395.1503,395.1503,0.0000,0.0000,4.000000,4.000000,4.000000,0.000000,0.000000,96.000000,96.000000,96.000000,100.000000,100.000000,5.0,1185.4509,1138.6651,8693.3065,8740.0923,PENDING_AG03,FALSE,NOT_FOR_ENFORCEMENT,9483.6071,484680.3568,9878.7574,9483.6071,395.1503,0.01770420,0.01699603,395.1503,9483.6071,0.01699603,395.1503,395.1503,395.1503,0.0000,0.0000,9483.6071,0.01699603,1185.4509,1138.6651,8693.3065,8740.0923,0.01557970,0.01566354,0.00070817,22.4534,20.6030,0.4031,82.3230,2.6463,4649.9123,204.2083,25.9152,21.1137,12.8578,14.5296,26.176,48.8436,54.2173,102.8621,13.088,0.0,3.731508,7.079487,1.545355,30,207,63,6,0.32204186,0.01770420,-0.00338982,0E-8,0.000000,0.904812,0.002133,0.03111404,2026-03-21,2026-08-06,120,3733,1703,139,0.863309,1.227414,1.154177,1.073473,,,,,,,,GLOBAL_BASELINE_NO_ENTITY_RANKING,,,NOT_APPLICABLE_GLOBAL_BASELINE,HF9g-P5,,,,X 全窗基线 · 不参与实体赏罚,15052644,1506,A168_HF9F_20260827_0900,2026-08-27 09:00:00
2026-05-20,127529701,1299,0,159.5661875359,-69.1453479323,-69.1453479323,0.2857143,16,16,0.49743462500000000,0.497434625000,-1.584390797198077,-1.584390797198077,-1.584390797198077,0E-17,ELIGIBLE,R03b_20260811_FULL_v1,L1_ELIGIBILITY,v2026-08-11,2026-03-21..2026-08-06,baccarat_bet02_101_all_pairs_incl_sentinel,round_win = game_pnl > 0 (decisive only),COMPATIBILITY_ONLY_NOT_PRODUCTION,557989.4742,504875.3716,9878.7574,24851,24505,-0.01770420,0.00338982,-0.02772422,-0.01770420,-9878.7574,557989.4742,OK,0.0000,395.1503,4.0000,96.0000,AG03-UNRESOLVED,ALL5_LEVELS_bet23_to_bet27,395.1503,395.1503,395.1503,0.0000,0.0000,4.000000,4.000000,4.000000,0.000000,0.000000,96.000000,96.000000,96.000000,100.000000,100.000000,5.0,1185.4509,1138.6651,8693.3065,8740.0923,PENDING_AG03,FALSE,NOT_FOR_ENFORCEMENT,9483.6071,484680.3568,9878.7574,9483.6071,395.1503,0.01770420,0.01699603,395.1503,9483.6071,0.01699603,395.1503,395.1503,395.1503,0.0000,0.0000,9483.6071,0.01699603,1185.4509,1138.6651,8693.3065,8740.0923,0.01557970,0.01566354,0.00070817,22.4534,20.6030,0.4031,82.3230,2.6463,4649.9123,204.2083,25.9152,21.1137,12.8578,14.5296,26.176,48.8436,54.2173,102.8621,13.088,0.0,3.731508,7.079487,1.545355,30,207,63,6,0.32204186,0.01770420,-0.00338982,0E-8,0.000000,0.904812,0.002133,0.03111404,2026-03-21,2026-08-06,120,3733,1703,139,0.863309,1.227414,1.154177,1.073473,,,,,,,,GLOBAL_BASELINE_NO_ENTITY_RANKING,,,NOT_APPLICABLE_GLOBAL_BASELINE,HF9g-P5,,,,X 全窗基线 · 不参与实体赏罚,15052645,1506,A168_HF9F_20260827_0900,2026-08-27 09:00:00
2026-05-20,127529701,1306,0,68.7561621090,59.0265165275,59.0265165275,1.0000000,7,7,0.50090561428571429,0.500905614286,2.4450571675437645,2.4450571675423673,2.4450571675437645,-2.8571E-13,ELIGIBLE,R03b_20260811_FULL_v1,L1_ELIGIBILITY,v2026-08-11,2026-03-21..2026-08-06,baccarat_bet02_101_all_pairs_incl_sentinel,round_win = game_pnl > 0 (decisive only),COMPATIBILITY_ONLY_NOT_PRODUCTION,557989.4742,504875.3716,9878.7574,24851,24505,-0.01770420,0.00338982,-0.02772422,-0.01770420,-9878.7574,557989.4742,OK,0.0000,395.1503,4.0000,96.0000,AG03-UNRESOLVED,ALL5_LEVELS_bet23_to_bet27,395.1503,395.1503,395.1503,0.0000,0.0000,4.000000,4.000000,4.000000,0.000000,0.000000,96.000000,96.000000,96.000000,100.000000,100.000000,5.0,1185.4509,1138.6651,8693.3065,8740.0923,PENDING_AG03,FALSE,NOT_FOR_ENFORCEMENT,9483.6071,484680.3568,9878.7574,9483.6071,395.1503,0.01770420,0.01699603,395.1503,9483.6071,0.01699603,395.1503,395.1503,395.1503,0.0000,0.0000,9483.6071,0.01699603,1185.4509,1138.6651,8693.3065,8740.0923,0.01557970,0.01566354,0.00070817,22.4534,20.6030,0.4031,82.3230,2.6463,4649.9123,204.2083,25.9152,21.1137,12.8578,14.5296,26.176,48.8436,54.2173,102.8621,13.088,0.0,3.731508,7.079487,1.545355,30,207,63,6,0.32204186,0.01770420,-0.00338982,0E-8,0.000000,0.904812,0.002133,0.03111404,2026-03-21,2026-08-06,120,3733,1703,139,0.863309,1.227414,1.154177,1.073473,,,,,,,,GLOBAL_BASELINE_NO_ENTITY_RANKING,,,NOT_APPLICABLE_GLOBAL_BASELINE,HF9g-P5,,,,X 全窗基线 · 不参与实体赏罚,15052646,1506,A168_HF9F_20260827_0900,2026-08-27 09:00:00
2026-05-20,127529701,1323,0,12.9728607753,-12.9728607753,-12.9728607753,0E-7,1,1,0.49324550000000000,0.493245500000,-0.9865810262130424,-0.9865810262130424,-0.9865810262130424,0E-17,ELIGIBLE,R03b_20260811_FULL_v1,L1_ELIGIBILITY,v2026-08-11,2026-03-21..2026-08-06,baccarat_bet02_101_all_pairs_incl_sentinel,round_win = game_pnl > 0 (decisive only),COMPATIBILITY_ONLY_NOT_PRODUCTION,557989.4742,504875.3716,9878.7574,24851,24505,-0.01770420,0.00338982,-0.02772422,-0.01770420,-9878.7574,557989.4742,OK,0.0000,395.1503,4.0000,96.0000,AG03-UNRESOLVED,ALL5_LEVELS_bet23_to_bet27,395.1503,395.1503,395.1503,0.0000,0.0000,4.000000,4.000000,4.000000,0.000000,0.000000,96.000000,96.000000,96.000000,100.000000,100.000000,5.0,1185.4509,1138.6651,8693.3065,8740.0923,PENDING_AG03,FALSE,NOT_FOR_ENFORCEMENT,9483.6071,484680.3568,9878.7574,9483.6071,395.1503,0.01770420,0.01699603,395.1503,9483.6071,0.01699603,395.1503,395.1503,395.1503,0.0000,0.0000,9483.6071,0.01699603,1185.4509,1138.6651,8693.3065,8740.0923,0.01557970,0.01566354,0.00070817,22.4534,20.6030,0.4031,82.3230,2.6463,4649.9123,204.2083,25.9152,21.1137,12.8578,14.5296,26.176,48.8436,54.2173,102.8621,13.088,0.0,3.731508,7.079487,1.545355,30,207,63,6,0.32204186,0.01770420,-0.00338982,0E-8,0.000000,0.904812,0.002133,0.03111404,2026-03-21,2026-08-06,120,3733,1703,139,0.863309,1.227414,1.154177,1.073473,,,,,,,,GLOBAL_BASELINE_NO_ENTITY_RANKING,,,NOT_APPLICABLE_GLOBAL_BASELINE,HF9g-P5,,,,X 全窗基线 · 不参与实体赏罚,15052647,1506,A168_HF9F_20260827_0900,2026-08-27 09:00:00
2026-05-20,127529701,1325,0,61.4913600748,7.5242592497,7.5242592497,0.6666667,4,4,0.49994810000000000,0.499948100000,0.5775300591747329,0.5775300591747329,0.5775300591747329,0E-17,ELIGIBLE,R03b_20260811_FULL_v1,L1_ELIGIBILITY,v2026-08-11,2026-03-21..2026-08-06,baccarat_bet02_101_all_pairs_incl_sentinel,round_win = game_pnl > 0 (decisive only),COMPATIBILITY_ONLY_NOT_PRODUCTION,557989.4742,504875.3716,9878.7574,24851,24505,-0.01770420,0.00338982,-0.02772422,-0.01770420,-9878.7574,557989.4742,OK,0.0000,395.1503,4.0000,96.0000,AG03-UNRESOLVED,ALL5_LEVELS_bet23_to_bet27,395.1503,395.1503,395.1503,0.0000,0.0000,4.000000,4.000000,4.000000,0.000000,0.000000,96.000000,96.000000,96.000000,100.000000,100.000000,5.0,1185.4509,1138.6651,8693.3065,8740.0923,PENDING_AG03,FALSE,NOT_FOR_ENFORCEMENT,9483.6071,484680.3568,9878.7574,9483.6071,395.1503,0.01770420,0.01699603,395.1503,9483.6071,0.01699603,395.1503,395.1503,395.1503,0.0000,0.0000,9483.6071,0.01699603,1185.4509,1138.6651,8693.3065,8740.0923,0.01557970,0.01566354,0.00070817,22.4534,20.6030,0.4031,82.3230,2.6463,4649.9123,204.2083,25.9152,21.1137,12.8578,14.5296,26.176,48.8436,54.2173,102.8621,13.088,0.0,3.731508,7.079487,1.545355,30,207,63,6,0.32204186,0.01770420,-0.00338982,0E-8,0.000000,0.904812,0.002133,0.03111404,2026-03-21,2026-08-06,120,3733,1703,139,0.863309,1.227414,1.154177,1.073473,,,,,,,,GLOBAL_BASELINE_NO_ENTITY_RANKING,,,NOT_APPLICABLE_GLOBAL_BASELINE,HF9g-P5,,,,X 全窗基线 · 不参与实体赏罚,15052648,1506,A168_HF9F_20260827_0900,2026-08-27 09:00:00
2026-05-20,127529701,1331,0,400.6019407399,90.3559752997,90.3559752997,0.5294118,22,22,0.50238540909090909,0.502385409091,0.22286757407819072,0.22286757407744126,0.22286757407819072,-9.091E-14,ELIGIBLE,R03b_20260811_FULL_v1,L1_ELIGIBILITY,v2026-08-11,2026-03-21..2026-08-06,baccarat_bet02_101_all_pairs_incl_sentinel,round_win = game_pnl > 0 (decisive only),COMPATIBILITY_ONLY_NOT_PRODUCTION,557989.4742,504875.3716,9878.7574,24851,24505,-0.01770420,0.00338982,-0.02772422,-0.01770420,-9878.7574,557989.4742,OK,0.0000,395.1503,4.0000,96.0000,AG03-UNRESOLVED,ALL5_LEVELS_bet23_to_bet27,395.1503,395.1503,395.1503,0.0000,0.0000,4.000000,4.000000,4.000000,0.000000,0.000000,96.000000,96.000000,96.000000,100.000000,100.000000,5.0,1185.4509,1138.6651,8693.3065,8740.0923,PENDING_AG03,FALSE,NOT_FOR_ENFORCEMENT,9483.6071,484680.3568,9878.7574,9483.6071,395.1503,0.01770420,0.01699603,395.1503,9483.6071,0.01699603,395.1503,395.1503,395.1503,0.0000,0.0000,9483.6071,0.01699603,1185.4509,1138.6651,8693.3065,8740.0923,0.01557970,0.01566354,0.00070817,22.4534,20.6030,0.4031,82.3230,2.6463,4649.9123,204.2083,25.9152,21.1137,12.8578,14.5296,26.176,48.8436,54.2173,102.8621,13.088,0.0,3.731508,7.079487,1.545355,30,207,63,6,0.32204186,0.01770420,-0.00338982,0E-8,0.000000,0.904812,0.002133,0.03111404,2026-03-21,2026-08-06,120,3733,1703,139,0.863309,1.227414,1.154177,1.073473,,,,,,,,GLOBAL_BASELINE_NO_ENTITY_RANKING,,,NOT_APPLICABLE_GLOBAL_BASELINE,HF9g-P5,,,,X 全窗基线 · 不参与实体赏罚,15052649,1506,A168_HF9F_20260827_0900,2026-08-27 09:00:00
2026-05-20,127529701,1353,0,51.8914431011,51.2428000623,51.2428000623,1.0000000,2,2,0.49994810000000000,0.499948100000,1.4143603653603398,1.4143603653603398,1.4143603653603398,0E-17,ELIGIBLE,R03b_20260811_FULL_v1,L1_ELIGIBILITY,v2026-08-11,2026-03-21..2026-08-06,baccarat_bet02_101_all_pairs_incl_sentinel,round_win = game_pnl > 0 (decisive only),COMPATIBILITY_ONLY_NOT_PRODUCTION,557989.4742,504875.3716,9878.7574,24851,24505,-0.01770420,0.00338982,-0.02772422,-0.01770420,-9878.7574,557989.4742,OK,0.0000,395.1503,4.0000,96.0000,AG03-UNRESOLVED,ALL5_LEVELS_bet23_to_bet27,395.1503,395.1503,395.1503,0.0000,0.0000,4.000000,4.000000,4.000000,0.000000,0.000000,96.000000,96.000000,96.000000,100.000000,100.000000,5.0,1185.4509,1138.6651,8693.3065,8740.0923,PENDING_AG03,FALSE,NOT_FOR_ENFORCEMENT,9483.6071,484680.3568,9878.7574,9483.6071,395.1503,0.01770420,0.01699603,395.1503,9483.6071,0.01699603,395.1503,395.1503,395.1503,0.0000,0.0000,9483.6071,0.01699603,1185.4509,1138.6651,8693.3065,8740.0923,0.01557970,0.01566354,0.00070817,22.4534,20.6030,0.4031,82.3230,2.6463,4649.9123,204.2083,25.9152,21.1137,12.8578,14.5296,26.176,48.8436,54.2173,102.8621,13.088,0.0,3.731508,7.079487,1.545355,30,207,63,6,0.32204186,0.01770420,-0.00338982,0E-8,0.000000,0.904812,0.002133,0.03111404,2026-03-21,2026-08-06,120,3733,1703,139,0.863309,1.227414,1.154177,1.073473,,,,,,,,GLOBAL_BASELINE_NO_ENTITY_RANKING,,,NOT_APPLICABLE_GLOBAL_BASELINE,HF9g-P5,,,,X 全窗基线 · 不参与实体赏罚,15052650,1506,A168_HF9F_20260827_0900,2026-08-27 09:00:00
2026-05-20,127529701,1399,0,31.1348658607,-31.1348658607,-31.1348658607,0E-7,2,2,0.50665070000000000,0.506650700000,-1.4331513700195317,-1.4331513700195317,-1.4331513700195317,0E-17,ELIGIBLE,R03b_20260811_FULL_v1,L1_ELIGIBILITY,v2026-08-11,2026-03-21..2026-08-06,baccarat_bet02_101_all_pairs_incl_sentinel,round_win = game_pnl > 0 (decisive only),COMPATIBILITY_ONLY_NOT_PRODUCTION,557989.4742,504875.3716,9878.7574,24851,24505,-0.01770420,0.00338982,-0.02772422,-0.01770420,-9878.7574,557989.4742,OK,0.0000,395.1503,4.0000,96.0000,AG03-UNRESOLVED,ALL5_LEVELS_bet23_to_bet27,395.1503,395.1503,395.1503,0.0000,0.0000,4.000000,4.000000,4.000000,0.000000,0.000000,96.000000,96.000000,96.000000,100.000000,100.000000,5.0,1185.4509,1138.6651,8693.3065,8740.0923,PENDING_AG03,FALSE,NOT_FOR_ENFORCEMENT,9483.6071,484680.3568,9878.7574,9483.6071,395.1503,0.01770420,0.01699603,395.1503,9483.6071,0.01699603,395.1503,395.1503,395.1503,0.0000,0.0000,9483.6071,0.01699603,1185.4509,1138.6651,8693.3065,8740.0923,0.01557970,0.01566354,0.00070817,22.4534,20.6030,0.4031,82.3230,2.6463,4649.9123,204.2083,25.9152,21.1137,12.8578,14.5296,26.176,48.8436,54.2173,102.8621,13.088,0.0,3.731508,7.079487,1.545355,30,207,63,6,0.32204186,0.01770420,-0.00338982,0E-8,0.000000,0.904812,0.002133,0.03111404,2026-03-21,2026-08-06,120,3733,1703,139,0.863309,1.227414,1.154177,1.073473,,,,,,,,GLOBAL_BASELINE_NO_ENTITY_RANKING,,,NOT_APPLICABLE_GLOBAL_BASELINE,HF9g-P5,,,,X 全窗基线 · 不参与实体赏罚,15052651,1506,A168_HF9F_20260827_0900,2026-08-27 09:00:00
2026-05-20,127529701,1405,0,357.2725857509,-61.3616314671,-61.3616314671,0.3684211,19,19,0.50030086842105263,0.500300868421,-1.149701787584336,-1.149701787583877,-1.149701787584336,5.263E-14,ELIGIBLE,R03b_20260811_FULL_v1,L1_ELIGIBILITY,v2026-08-11,2026-03-21..2026-08-06,baccarat_bet02_101_all_pairs_incl_sentinel,round_win = game_pnl > 0 (decisive only),COMPATIBILITY_ONLY_NOT_PRODUCTION,557989.4742,504875.3716,9878.7574,24851,24505,-0.01770420,0.00338982,-0.02772422,-0.01770420,-9878.7574,557989.4742,OK,0.0000,395.1503,4.0000,96.0000,AG03-UNRESOLVED,ALL5_LEVELS_bet23_to_bet27,395.1503,395.1503,395.1503,0.0000,0.0000,4.000000,4.000000,4.000000,0.000000,0.000000,96.000000,96.000000,96.000000,100.000000,100.000000,5.0,1185.4509,1138.6651,8693.3065,8740.0923,PENDING_AG03,FALSE,NOT_FOR_ENFORCEMENT,9483.6071,484680.3568,9878.7574,9483.6071,395.1503,0.01770420,0.01699603,395.1503,9483.6071,0.01699603,395.1503,395.1503,395.1503,0.0000,0.0000,9483.6071,0.01699603,1185.4509,1138.6651,8693.3065,8740.0923,0.01557970,0.01566354,0.00070817,22.4534,20.6030,0.4031,82.3230,2.6463,4649.9123,204.2083,25.9152,21.1137,12.8578,14.5296,26.176,48.8436,54.2173,102.8621,13.088,0.0,3.731508,7.079487,1.545355,30,207,63,6,0.32204186,0.01770420,-0.00338982,0E-8,0.000000,0.904812,0.002133,0.03111404,2026-03-21,2026-08-06,120,3733,1703,139,0.863309,1.227414,1.154177,1.073473,,,,,,,,GLOBAL_BASELINE_NO_ENTITY_RANKING,,,NOT_APPLICABLE_GLOBAL_BASELINE,HF9g-P5,,,,X 全窗基线 · 不参与实体赏罚,15052652,1506,A168_HF9F_20260827_0900,2026-08-27 09:00:00
2026-05-20,127529701,1505,0,69.7939909709,42.0061231902,42.0061231902,0.6666667,3,3,0.49771390000000000,0.497713900000,0.5852756695216578,0.5852756695216578,0.5852756695216578,0E-17,ELIGIBLE,R03b_20260811_FULL_v1,L1_ELIGIBILITY,v2026-08-11,2026-03-21..2026-08-06,baccarat_bet02_101_all_pairs_incl_sentinel,round_win = game_pnl > 0 (decisive only),COMPATIBILITY_ONLY_NOT_PRODUCTION,557989.4742,504875.3716,9878.7574,24851,24505,-0.01770420,0.00338982,-0.02772422,-0.01770420,-9878.7574,557989.4742,OK,0.0000,395.1503,4.0000,96.0000,AG03-UNRESOLVED,ALL5_LEVELS_bet23_to_bet27,395.1503,395.1503,395.1503,0.0000,0.0000,4.000000,4.000000,4.000000,0.000000,0.000000,96.000000,96.000000,96.000000,100.000000,100.000000,5.0,1185.4509,1138.6651,8693.3065,8740.0923,PENDING_AG03,FALSE,NOT_FOR_ENFORCEMENT,9483.6071,484680.3568,9878.7574,9483.6071,395.1503,0.01770420,0.01699603,395.1503,9483.6071,0.01699603,395.1503,395.1503,395.1503,0.0000,0.0000,9483.6071,0.01699603,1185.4509,1138.6651,8693.3065,8740.0923,0.01557970,0.01566354,0.00070817,22.4534,20.6030,0.4031,82.3230,2.6463,4649.9123,204.2083,25.9152,21.1137,12.8578,14.5296,26.176,48.8436,54.2173,102.8621,13.088,0.0,3.731508,7.079487,1.545355,30,207,63,6,0.32204186,0.01770420,-0.00338982,0E-8,0.000000,0.904812,0.002133,0.03111404,2026-03-21,2026-08-06,120,3733,1703,139,0.863309,1.227414,1.154177,1.073473,,,,,,,,GLOBAL_BASELINE_NO_ENTITY_RANKING,,,NOT_APPLICABLE_GLOBAL_BASELINE,HF9g-P5,,,,X 全窗基线 · 不参与实体赏罚,15052653,1506,A168_HF9F_20260827_0900,2026-08-27 09:00:00
2026-05-20,127529701,1654,0,119.3503191325,35.0267240934,35.0267240934,0.6666667,9,9,0.50069283333333333,0.500692833333,0.9958439560465624,0.9958439560485615,0.9958439560465624,3.3333E-13,ELIGIBLE,R03b_20260811_FULL_v1,L1_ELIGIBILITY,v2026-08-11,2026-03-21..2026-08-06,baccarat_bet02_101_all_pairs_incl_sentinel,round_win = game_pnl > 0 (decisive only),COMPATIBILITY_ONLY_NOT_PRODUCTION,557989.4742,504875.3716,9878.7574,24851,24505,-0.01770420,0.00338982,-0.02772422,-0.01770420,-9878.7574,557989.4742,OK,0.0000,395.1503,4.0000,96.0000,AG03-UNRESOLVED,ALL5_LEVELS_bet23_to_bet27,395.1503,395.1503,395.1503,0.0000,0.0000,4.000000,4.000000,4.000000,0.000000,0.000000,96.000000,96.000000,96.000000,100.000000,100.000000,5.0,1185.4509,1138.6651,8693.3065,8740.0923,PENDING_AG03,FALSE,NOT_FOR_ENFORCEMENT,9483.6071,484680.3568,9878.7574,9483.6071,395.1503,0.01770420,0.01699603,395.1503,9483.6071,0.01699603,395.1503,395.1503,395.1503,0.0000,0.0000,9483.6071,0.01699603,1185.4509,1138.6651,8693.3065,8740.0923,0.01557970,0.01566354,0.00070817,22.4534,20.6030,0.4031,82.3230,2.6463,4649.9123,204.2083,25.9152,21.1137,12.8578,14.5296,26.176,48.8436,54.2173,102.8621,13.088,0.0,3.731508,7.079487,1.545355,30,207,63,6,0.32204186,0.01770420,-0.00338982,0E-8,0.000000,0.904812,0.002133,0.03111404,2026-03-21,2026-08-06,120,3733,1703,139,0.863309,1.227414,1.154177,1.073473,,,,,,,,GLOBAL_BASELINE_NO_ENTITY_RANKING,,,NOT_APPLICABLE_GLOBAL_BASELINE,HF9g-P5,,,,X 全窗基线 · 不参与实体赏罚,15052654,1506,A168_HF9F_20260827_0900,2026-08-27 09:00:00
2026-05-20,127529701,1985,0,188.1064812414,-62.9183747600,-62.9183747600,0.4285714,9,9,0.50069283333333333,0.500692833333,-0.3816309687889249,-0.38163096878716063,-0.3816309687889249,3.3333E-13,ELIGIBLE,R03b_20260811_FULL_v1,L1_ELIGIBILITY,v2026-08-11,2026-03-21..2026-08-06,baccarat_bet02_101_all_pairs_incl_sentinel,round_win = game_pnl > 0 (decisive only),COMPATIBILITY_ONLY_NOT_PRODUCTION,557989.4742,504875.3716,9878.7574,24851,24505,-0.01770420,0.00338982,-0.02772422,-0.01770420,-9878.7574,557989.4742,OK,0.0000,395.1503,4.0000,96.0000,AG03-UNRESOLVED,ALL5_LEVELS_bet23_to_bet27,395.1503,395.1503,395.1503,0.0000,0.0000,4.000000,4.000000,4.000000,0.000000,0.000000,96.000000,96.000000,96.000000,100.000000,100.000000,5.0,1185.4509,1138.6651,8693.3065,8740.0923,PENDING_AG03,FALSE,NOT_FOR_ENFORCEMENT,9483.6071,484680.3568,9878.7574,9483.6071,395.1503,0.01770420,0.01699603,395.1503,9483.6071,0.01699603,395.1503,395.1503,395.1503,0.0000,0.0000,9483.6071,0.01699603,1185.4509,1138.6651,8693.3065,8740.0923,0.01557970,0.01566354,0.00070817,22.4534,20.6030,0.4031,82.3230,2.6463,4649.9123,204.2083,25.9152,21.1137,12.8578,14.5296,26.176,48.8436,54.2173,102.8621,13.088,0.0,3.731508,7.079487,1.545355,30,207,63,6,0.32204186,0.01770420,-0.00338982,0E-8,0.000000,0.904812,0.002133,0.03111404,2026-03-21,2026-08-06,120,3733,1703,139,0.863309,1.227414,1.154177,1.073473,,,,,,,,GLOBAL_BASELINE_NO_ENTITY_RANKING,,,NOT_APPLICABLE_GLOBAL_BASELINE,HF9g-P5,,,,X 全窗基线 · 不参与实体赏罚,15052655,1506,A168_HF9F_20260827_0900,2026-08-27 09:00:00
2026-05-20,127529701,2108,0,143.9987546055,-16.8647190078,-16.8647190078,0.5000000,6,6,0.49994810000000000,0.499948100000,0.00025425703667063243,0.00025425703667063243,0.00025425703667063243,0E-17,ELIGIBLE,R03b_20260811_FULL_v1,L1_ELIGIBILITY,v2026-08-11,2026-03-21..2026-08-06,baccarat_bet02_101_all_pairs_incl_sentinel,round_win = game_pnl > 0 (decisive only),COMPATIBILITY_ONLY_NOT_PRODUCTION,557989.4742,504875.3716,9878.7574,24851,24505,-0.01770420,0.00338982,-0.02772422,-0.01770420,-9878.7574,557989.4742,OK,0.0000,395.1503,4.0000,96.0000,AG03-UNRESOLVED,ALL5_LEVELS_bet23_to_bet27,395.1503,395.1503,395.1503,0.0000,0.0000,4.000000,4.000000,4.000000,0.000000,0.000000,96.000000,96.000000,96.000000,100.000000,100.000000,5.0,1185.4509,1138.6651,8693.3065,8740.0923,PENDING_AG03,FALSE,NOT_FOR_ENFORCEMENT,9483.6071,484680.3568,9878.7574,9483.6071,395.1503,0.01770420,0.01699603,395.1503,9483.6071,0.01699603,395.1503,395.1503,395.1503,0.0000,0.0000,9483.6071,0.01699603,1185.4509,1138.6651,8693.3065,8740.0923,0.01557970,0.01566354,0.00070817,22.4534,20.6030,0.4031,82.3230,2.6463,4649.9123,204.2083,25.9152,21.1137,12.8578,14.5296,26.176,48.8436,54.2173,102.8621,13.088,0.0,3.731508,7.079487,1.545355,30,207,63,6,0.32204186,0.01770420,-0.00338982,0E-8,0.000000,0.904812,0.002133,0.03111404,2026-03-21,2026-08-06,120,3733,1703,139,0.863309,1.227414,1.154177,1.073473,,,,,,,,GLOBAL_BASELINE_NO_ENTITY_RANKING,,,NOT_APPLICABLE_GLOBAL_BASELINE,HF9g-P5,,,,X 全窗基线 · 不参与实体赏罚,15052656,1506,A168_HF9F_20260827_0900,2026-08-27 09:00:00
2026-05-20,127529701,2115,0,93.4045975819,-10.8972030513,-10.8972030513,0.4000000,6,6,0.49994810000000000,0.499948100000,-0.4469814940518811,-0.4469814940518811,-0.4469814940518811,0E-17,ELIGIBLE,R03b_20260811_FULL_v1,L1_ELIGIBILITY,v2026-08-11,2026-03-21..2026-08-06,baccarat_bet02_101_all_pairs_incl_sentinel,round_win = game_pnl > 0 (decisive only),COMPATIBILITY_ONLY_NOT_PRODUCTION,557989.4742,504875.3716,9878.7574,24851,24505,-0.01770420,0.00338982,-0.02772422,-0.01770420,-9878.7574,557989.4742,OK,0.0000,395.1503,4.0000,96.0000,AG03-UNRESOLVED,ALL5_LEVELS_bet23_to_bet27,395.1503,395.1503,395.1503,0.0000,0.0000,4.000000,4.000000,4.000000,0.000000,0.000000,96.000000,96.000000,96.000000,100.000000,100.000000,5.0,1185.4509,1138.6651,8693.3065,8740.0923,PENDING_AG03,FALSE,NOT_FOR_ENFORCEMENT,9483.6071,484680.3568,9878.7574,9483.6071,395.1503,0.01770420,0.01699603,395.1503,9483.6071,0.01699603,395.1503,395.1503,395.1503,0.0000,0.0000,9483.6071,0.01699603,1185.4509,1138.6651,8693.3065,8740.0923,0.01557970,0.01566354,0.00070817,22.4534,20.6030,0.4031,82.3230,2.6463,4649.9123,204.2083,25.9152,21.1137,12.8578,14.5296,26.176,48.8436,54.2173,102.8621,13.088,0.0,3.731508,7.079487,1.545355,30,207,63,6,0.32204186,0.01770420,-0.00338982,0E-8,0.000000,0.904812,0.002133,0.03111404,2026-03-21,2026-08-06,120,3733,1703,139,0.863309,1.227414,1.154177,1.073473,,,,,,,,GLOBAL_BASELINE_NO_ENTITY_RANKING,,,NOT_APPLICABLE_GLOBAL_BASELINE,HF9g-P5,,,,X 全窗基线 · 不参与实体赏罚,15052657,1506,A168_HF9F_20260827_0900,2026-08-27 09:00:00
2026-05-20,127529701,2127,0,47.4806704375,-47.4806704375,-47.4806704375,0E-7,4,4,0.50665070000000000,0.506650700000,-2.026782104415204,-2.026782104415204,-2.026782104415204,0E-17,ELIGIBLE,R03b_20260811_FULL_v1,L1_ELIGIBILITY,v2026-08-11,2026-03-21..2026-08-06,baccarat_bet02_101_all_pairs_incl_sentinel,round_win = game_pnl > 0 (decisive only),COMPATIBILITY_ONLY_NOT_PRODUCTION,557989.4742,504875.3716,9878.7574,24851,24505,-0.01770420,0.00338982,-0.02772422,-0.01770420,-9878.7574,557989.4742,OK,0.0000,395.1503,4.0000,96.0000,AG03-UNRESOLVED,ALL5_LEVELS_bet23_to_bet27,395.1503,395.1503,395.1503,0.0000,0.0000,4.000000,4.000000,4.000000,0.000000,0.000000,96.000000,96.000000,96.000000,100.000000,100.000000,5.0,1185.4509,1138.6651,8693.3065,8740.0923,PENDING_AG03,FALSE,NOT_FOR_ENFORCEMENT,9483.6071,484680.3568,9878.7574,9483.6071,395.1503,0.01770420,0.01699603,395.1503,9483.6071,0.01699603,395.1503,395.1503,395.1503,0.0000,0.0000,9483.6071,0.01699603,1185.4509,1138.6651,8693.3065,8740.0923,0.01557970,0.01566354,0.00070817,22.4534,20.6030,0.4031,82.3230,2.6463,4649.9123,204.2083,25.9152,21.1137,12.8578,14.5296,26.176,48.8436,54.2173,102.8621,13.088,0.0,3.731508,7.079487,1.545355,30,207,63,6,0.32204186,0.01770420,-0.00338982,0E-8,0.000000,0.904812,0.002133,0.03111404,2026-03-21,2026-08-06,120,3733,1703,139,0.863309,1.227414,1.154177,1.073473,,,,,,,,GLOBAL_BASELINE_NO_ENTITY_RANKING,,,NOT_APPLICABLE_GLOBAL_BASELINE,HF9g-P5,,,,X 全窗基线 · 不参与实体赏罚,15052658,1506,A168_HF9F_20260827_0900,2026-08-27 09:00:00
2026-05-20,127529701,2134,0,102.4856001245,-63.5670177987,-63.5670177987,0E-7,3,3,0.49771390000000000,0.497713900000,-1.4077622098436522,-1.4077622098436524,-1.4077622098436522,0E-17,ELIGIBLE,R03b_20260811_FULL_v1,L1_ELIGIBILITY,v2026-08-11,2026-03-21..2026-08-06,baccarat_bet02_101_all_pairs_incl_sentinel,round_win = game_pnl > 0 (decisive only),COMPATIBILITY_ONLY_NOT_PRODUCTION,557989.4742,504875.3716,9878.7574,24851,24505,-0.01770420,0.00338982,-0.02772422,-0.01770420,-9878.7574,557989.4742,OK,0.0000,395.1503,4.0000,96.0000,AG03-UNRESOLVED,ALL5_LEVELS_bet23_to_bet27,395.1503,395.1503,395.1503,0.0000,0.0000,4.000000,4.000000,4.000000,0.000000,0.000000,96.000000,96.000000,96.000000,100.000000,100.000000,5.0,1185.4509,1138.6651,8693.3065,8740.0923,PENDING_AG03,FALSE,NOT_FOR_ENFORCEMENT,9483.6071,484680.3568,9878.7574,9483.6071,395.1503,0.01770420,0.01699603,395.1503,9483.6071,0.01699603,395.1503,395.1503,395.1503,0.0000,0.0000,9483.6071,0.01699603,1185.4509,1138.6651,8693.3065,8740.0923,0.01557970,0.01566354,0.00070817,22.4534,20.6030,0.4031,82.3230,2.6463,4649.9123,204.2083,25.9152,21.1137,12.8578,14.5296,26.176,48.8436,54.2173,102.8621,13.088,0.0,3.731508,7.079487,1.545355,30,207,63,6,0.32204186,0.01770420,-0.00338982,0E-8,0.000000,0.904812,0.002133,0.03111404,2026-03-21,2026-08-06,120,3733,1703,139,0.863309,1.227414,1.154177,1.073473,,,,,,,,GLOBAL_BASELINE_NO_ENTITY_RANKING,,,NOT_APPLICABLE_GLOBAL_BASELINE,HF9g-P5,,,,X 全窗基线 · 不参与实体赏罚,15052659,1506,A168_HF9F_20260827_0900,2026-08-27 09:00:00
2026-05-20,127529701,2141,0,54.4860152561,-38.9185823258,-38.9185823258,0E-7,4,4,0.49994810000000000,0.499948100000,-1.7318710300250217,-1.7318710300250217,-1.7318710300250217,0E-17,ELIGIBLE,R03b_20260811_FULL_v1,L1_ELIGIBILITY,v2026-08-11,2026-03-21..2026-08-06,baccarat_bet02_101_all_pairs_incl_sentinel,round_win = game_pnl > 0 (decisive only),COMPATIBILITY_ONLY_NOT_PRODUCTION,557989.4742,504875.3716,9878.7574,24851,24505,-0.01770420,0.00338982,-0.02772422,-0.01770420,-9878.7574,557989.4742,OK,0.0000,395.1503,4.0000,96.0000,AG03-UNRESOLVED,ALL5_LEVELS_bet23_to_bet27,395.1503,395.1503,395.1503,0.0000,0.0000,4.000000,4.000000,4.000000,0.000000,0.000000,96.000000,96.000000,96.000000,100.000000,100.000000,5.0,1185.4509,1138.6651,8693.3065,8740.0923,PENDING_AG03,FALSE,NOT_FOR_ENFORCEMENT,9483.6071,484680.3568,9878.7574,9483.6071,395.1503,0.01770420,0.01699603,395.1503,9483.6071,0.01699603,395.1503,395.1503,395.1503,0.0000,0.0000,9483.6071,0.01699603,1185.4509,1138.6651,8693.3065,8740.0923,0.01557970,0.01566354,0.00070817,22.4534,20.6030,0.4031,82.3230,2.6463,4649.9123,204.2083,25.9152,21.1137,12.8578,14.5296,26.176,48.8436,54.2173,102.8621,13.088,0.0,3.731508,7.079487,1.545355,30,207,63,6,0.32204186,0.01770420,-0.00338982,0E-8,0.000000,0.904812,0.002133,0.03111404,2026-03-21,2026-08-06,120,3733,1703,139,0.863309,1.227414,1.154177,1.073473,,,,,,,,GLOBAL_BASELINE_NO_ENTITY_RANKING,,,NOT_APPLICABLE_GLOBAL_BASELINE,HF9g-P5,,,,X 全窗基线 · 不参与实体赏罚,15052660,1506,A168_HF9F_20260827_0900,2026-08-27 09:00:00
2026-05-20,127529701,2142,0,12.9728607753,-12.9728607753,-12.9728607753,0E-7,1,1,0.50665070000000000,0.506650700000,-1.013391052207602,-1.013391052207602,-1.013391052207602,0E-17,ELIGIBLE,R03b_20260811_FULL_v1,L1_ELIGIBILITY,v2026-08-11,2026-03-21..2026-08-06,baccarat_bet02_101_all_pairs_incl_sentinel,round_win = game_pnl > 0 (decisive only),COMPATIBILITY_ONLY_NOT_PRODUCTION,557989.4742,504875.3716,9878.7574,24851,24505,-0.01770420,0.00338982,-0.02772422,-0.01770420,-9878.7574,557989.4742,OK,0.0000,395.1503,4.0000,96.0000,AG03-UNRESOLVED,ALL5_LEVELS_bet23_to_bet27,395.1503,395.1503,395.1503,0.0000,0.0000,4.000000,4.000000,4.000000,0.000000,0.000000,96.000000,96.000000,96.000000,100.000000,100.000000,5.0,1185.4509,1138.6651,8693.3065,8740.0923,PENDING_AG03,FALSE,NOT_FOR_ENFORCEMENT,9483.6071,484680.3568,9878.7574,9483.6071,395.1503,0.01770420,0.01699603,395.1503,9483.6071,0.01699603,395.1503,395.1503,395.1503,0.0000,0.0000,9483.6071,0.01699603,1185.4509,1138.6651,8693.3065,8740.0923,0.01557970,0.01566354,0.00070817,22.4534,20.6030,0.4031,82.3230,2.6463,4649.9123,204.2083,25.9152,21.1137,12.8578,14.5296,26.176,48.8436,54.2173,102.8621,13.088,0.0,3.731508,7.079487,1.545355,30,207,63,6,0.32204186,0.01770420,-0.00338982,0E-8,0.000000,0.904812,0.002133,0.03111404,2026-03-21,2026-08-06,120,3733,1703,139,0.863309,1.227414,1.154177,1.073473,,,,,,,,GLOBAL_BASELINE_NO_ENTITY_RANKING,,,NOT_APPLICABLE_GLOBAL_BASELINE,HF9g-P5,,,,X 全窗基线 · 不参与实体赏罚,15052661,1506,A168_HF9F_20260827_0900,2026-08-27 09:00:00
2026-05-20,127529701,2145,0,257.3815577812,51.9822531266,51.9822531266,0.5625000,19,19,0.49747872105263158,0.497478721053,0.5201768449907731,0.5201768449878237,0.5201768449907731,-3.6842E-13,ELIGIBLE,R03b_20260811_FULL_v1,L1_ELIGIBILITY,v2026-08-11,2026-03-21..2026-08-06,baccarat_bet02_101_all_pairs_incl_sentinel,round_win = game_pnl > 0 (decisive only),COMPATIBILITY_ONLY_NOT_PRODUCTION,557989.4742,504875.3716,9878.7574,24851,24505,-0.01770420,0.00338982,-0.02772422,-0.01770420,-9878.7574,557989.4742,OK,0.0000,395.1503,4.0000,96.0000,AG03-UNRESOLVED,ALL5_LEVELS_bet23_to_bet27,395.1503,395.1503,395.1503,0.0000,0.0000,4.000000,4.000000,4.000000,0.000000,0.000000,96.000000,96.000000,96.000000,100.000000,100.000000,5.0,1185.4509,1138.6651,8693.3065,8740.0923,PENDING_AG03,FALSE,NOT_FOR_ENFORCEMENT,9483.6071,484680.3568,9878.7574,9483.6071,395.1503,0.01770420,0.01699603,395.1503,9483.6071,0.01699603,395.1503,395.1503,395.1503,0.0000,0.0000,9483.6071,0.01699603,1185.4509,1138.6651,8693.3065,8740.0923,0.01557970,0.01566354,0.00070817,22.4534,20.6030,0.4031,82.3230,2.6463,4649.9123,204.2083,25.9152,21.1137,12.8578,14.5296,26.176,48.8436,54.2173,102.8621,13.088,0.0,3.731508,7.079487,1.545355,30,207,63,6,0.32204186,0.01770420,-0.00338982,0E-8,0.000000,0.904812,0.002133,0.03111404,2026-03-21,2026-08-06,120,3733,1703,139,0.863309,1.227414,1.154177,1.073473,,,,,,,,GLOBAL_BASELINE_NO_ENTITY_RANKING,,,NOT_APPLICABLE_GLOBAL_BASELINE,HF9g-P5,,,,X 全窗基线 · 不参与实体赏罚,15052662,1506,A168_HF9F_20260827_0900,2026-08-27 09:00:00
2026-05-20,127529701,2153,0,207.5657724043,-53.1887291787,-53.1887291787,0.3000000,11,11,0.49933877272727273,0.499338772727,-1.2607301980388668,-1.260730198037143,-1.2607301980388668,2.7273E-13,ELIGIBLE,R03b_20260811_FULL_v1,L1_ELIGIBILITY,v2026-08-11,2026-03-21..2026-08-06,baccarat_bet02_101_all_pairs_incl_sentinel,round_win = game_pnl > 0 (decisive only),COMPATIBILITY_ONLY_NOT_PRODUCTION,557989.4742,504875.3716,9878.7574,24851,24505,-0.01770420,0.00338982,-0.02772422,-0.01770420,-9878.7574,557989.4742,OK,0.0000,395.1503,4.0000,96.0000,AG03-UNRESOLVED,ALL5_LEVELS_bet23_to_bet27,395.1503,395.1503,395.1503,0.0000,0.0000,4.000000,4.000000,4.000000,0.000000,0.000000,96.000000,96.000000,96.000000,100.000000,100.000000,5.0,1185.4509,1138.6651,8693.3065,8740.0923,PENDING_AG03,FALSE,NOT_FOR_ENFORCEMENT,9483.6071,484680.3568,9878.7574,9483.6071,395.1503,0.01770420,0.01699603,395.1503,9483.6071,0.01699603,395.1503,395.1503,395.1503,0.0000,0.0000,9483.6071,0.01699603,1185.4509,1138.6651,8693.3065,8740.0923,0.01557970,0.01566354,0.00070817,22.4534,20.6030,0.4031,82.3230,2.6463,4649.9123,204.2083,25.9152,21.1137,12.8578,14.5296,26.176,48.8436,54.2173,102.8621,13.088,0.0,3.731508,7.079487,1.545355,30,207,63,6,0.32204186,0.01770420,-0.00338982,0E-8,0.000000,0.904812,0.002133,0.03111404,2026-03-21,2026-08-06,120,3733,1703,139,0.863309,1.227414,1.154177,1.073473,,,,,,,,GLOBAL_BASELINE_NO_ENTITY_RANKING,,,NOT_APPLICABLE_GLOBAL_BASELINE,HF9g-P5,,,,X 全窗基线 · 不参与实体赏罚,15052663,1506,A168_HF9F_20260827_0900,2026-08-27 09:00:00
2026-05-20,127529701,2160,0,342.4835244670,-49.2968709460,-49.2968709460,0.4000000,12,12,0.50106520000000000,0.501065200000,-0.6391938988865886,-0.6391938988865887,-0.6391938988865886,0E-17,ELIGIBLE,R03b_20260811_FULL_v1,L1_ELIGIBILITY,v2026-08-11,2026-03-21..2026-08-06,baccarat_bet02_101_all_pairs_incl_sentinel,round_win = game_pnl > 0 (decisive only),COMPATIBILITY_ONLY_NOT_PRODUCTION,557989.4742,504875.3716,9878.7574,24851,24505,-0.01770420,0.00338982,-0.02772422,-0.01770420,-9878.7574,557989.4742,OK,0.0000,395.1503,4.0000,96.0000,AG03-UNRESOLVED,ALL5_LEVELS_bet23_to_bet27,395.1503,395.1503,395.1503,0.0000,0.0000,4.000000,4.000000,4.000000,0.000000,0.000000,96.000000,96.000000,96.000000,100.000000,100.000000,5.0,1185.4509,1138.6651,8693.3065,8740.0923,PENDING_AG03,FALSE,NOT_FOR_ENFORCEMENT,9483.6071,484680.3568,9878.7574,9483.6071,395.1503,0.01770420,0.01699603,395.1503,9483.6071,0.01699603,395.1503,395.1503,395.1503,0.0000,0.0000,9483.6071,0.01699603,1185.4509,1138.6651,8693.3065,8740.0923,0.01557970,0.01566354,0.00070817,22.4534,20.6030,0.4031,82.3230,2.6463,4649.9123,204.2083,25.9152,21.1137,12.8578,14.5296,26.176,48.8436,54.2173,102.8621,13.088,0.0,3.731508,7.079487,1.545355,30,207,63,6,0.32204186,0.01770420,-0.00338982,0E-8,0.000000,0.904812,0.002133,0.03111404,2026-03-21,2026-08-06,120,3733,1703,139,0.863309,1.227414,1.154177,1.073473,,,,,,,,GLOBAL_BASELINE_NO_ENTITY_RANKING,,,NOT_APPLICABLE_GLOBAL_BASELINE,HF9g-P5,,,,X 全窗基线 · 不参与实体赏罚,15052664,1506,A168_HF9F_20260827_0900,2026-08-27 09:00:00
2026-05-20,127529701,2174,0,235.3276944634,76.6696071819,76.6696071819,0.5714286,15,15,0.47113772000000000,0.471137720000,0.7517615368859356,0.7517615368859356,0.7517615368859356,0E-17,ELIGIBLE,R03b_20260811_FULL_v1,L1_ELIGIBILITY,v2026-08-11,2026-03-21..2026-08-06,baccarat_bet02_101_all_pairs_incl_sentinel,round_win = game_pnl > 0 (decisive only),COMPATIBILITY_ONLY_NOT_PRODUCTION,557989.4742,504875.3716,9878.7574,24851,24505,-0.01770420,0.00338982,-0.02772422,-0.01770420,-9878.7574,557989.4742,OK,0.0000,395.1503,4.0000,96.0000,AG03-UNRESOLVED,ALL5_LEVELS_bet23_to_bet27,395.1503,395.1503,395.1503,0.0000,0.0000,4.000000,4.000000,4.000000,0.000000,0.000000,96.000000,96.000000,96.000000,100.000000,100.000000,5.0,1185.4509,1138.6651,8693.3065,8740.0923,PENDING_AG03,FALSE,NOT_FOR_ENFORCEMENT,9483.6071,484680.3568,9878.7574,9483.6071,395.1503,0.01770420,0.01699603,395.1503,9483.6071,0.01699603,395.1503,395.1503,395.1503,0.0000,0.0000,9483.6071,0.01699603,1185.4509,1138.6651,8693.3065,8740.0923,0.01557970,0.01566354,0.00070817,22.4534,20.6030,0.4031,82.3230,2.6463,4649.9123,204.2083,25.9152,21.1137,12.8578,14.5296,26.176,48.8436,54.2173,102.8621,13.088,0.0,3.731508,7.079487,1.545355,30,207,63,6,0.32204186,0.01770420,-0.00338982,0E-8,0.000000,0.904812,0.002133,0.03111404,2026-03-21,2026-08-06,120,3733,1703,139,0.863309,1.227414,1.154177,1.073473,,,,,,,,GLOBAL_BASELINE_NO_ENTITY_RANKING,,,NOT_APPLICABLE_GLOBAL_BASELINE,HF9g-P5,,,,X 全窗基线 · 不参与实体赏罚,15052665,1506,A168_HF9F_20260827_0900,2026-08-27 09:00:00
2026-05-20,127529701,2201,0,317.8350889939,3.3729438015,3.3729438015,0.3846154,13,13,0.50046368461538462,0.500463684615,-0.8353943308760277,-0.8353943308732535,-0.8353943308760277,3.8462E-13,ELIGIBLE,R03b_20260811_FULL_v1,L1_ELIGIBILITY,v2026-08-11,2026-03-21..2026-08-06,baccarat_bet02_101_all_pairs_incl_sentinel,round_win = game_pnl > 0 (decisive only),COMPATIBILITY_ONLY_NOT_PRODUCTION,557989.4742,504875.3716,9878.7574,24851,24505,-0.01770420,0.00338982,-0.02772422,-0.01770420,-9878.7574,557989.4742,OK,0.0000,395.1503,4.0000,96.0000,AG03-UNRESOLVED,ALL5_LEVELS_bet23_to_bet27,395.1503,395.1503,395.1503,0.0000,0.0000,4.000000,4.000000,4.000000,0.000000,0.000000,96.000000,96.000000,96.000000,100.000000,100.000000,5.0,1185.4509,1138.6651,8693.3065,8740.0923,PENDING_AG03,FALSE,NOT_FOR_ENFORCEMENT,9483.6071,484680.3568,9878.7574,9483.6071,395.1503,0.01770420,0.01699603,395.1503,9483.6071,0.01699603,395.1503,395.1503,395.1503,0.0000,0.0000,9483.6071,0.01699603,1185.4509,1138.6651,8693.3065,8740.0923,0.01557970,0.01566354,0.00070817,22.4534,20.6030,0.4031,82.3230,2.6463,4649.9123,204.2083,25.9152,21.1137,12.8578,14.5296,26.176,48.8436,54.2173,102.8621,13.088,0.0,3.731508,7.079487,1.545355,30,207,63,6,0.32204186,0.01770420,-0.00338982,0E-8,0.000000,0.904812,0.002133,0.03111404,2026-03-21,2026-08-06,120,3733,1703,139,0.863309,1.227414,1.154177,1.073473,,,,,,,,GLOBAL_BASELINE_NO_ENTITY_RANKING,,,NOT_APPLICABLE_GLOBAL_BASELINE,HF9g-P5,,,,X 全窗基线 · 不参与实体赏罚,15052666,1506,A168_HF9F_20260827_0900,2026-08-27 09:00:00
2026-05-20,127529701,2205,0,50.0752425925,31.0051372529,31.0051372529,0.5000000,3,3,0.50218230000000000,0.502182300000,-0.00617253530718887,-0.00617253530718887,-0.00617253530718887,0E-17,ELIGIBLE,R03b_20260811_FULL_v1,L1_ELIGIBILITY,v2026-08-11,2026-03-21..2026-08-06,baccarat_bet02_101_all_pairs_incl_sentinel,round_win = game_pnl > 0 (decisive only),COMPATIBILITY_ONLY_NOT_PRODUCTION,557989.4742,504875.3716,9878.7574,24851,24505,-0.01770420,0.00338982,-0.02772422,-0.01770420,-9878.7574,557989.4742,OK,0.0000,395.1503,4.0000,96.0000,AG03-UNRESOLVED,ALL5_LEVELS_bet23_to_bet27,395.1503,395.1503,395.1503,0.0000,0.0000,4.000000,4.000000,4.000000,0.000000,0.000000,96.000000,96.000000,96.000000,100.000000,100.000000,5.0,1185.4509,1138.6651,8693.3065,8740.0923,PENDING_AG03,FALSE,NOT_FOR_ENFORCEMENT,9483.6071,484680.3568,9878.7574,9483.6071,395.1503,0.01770420,0.01699603,395.1503,9483.6071,0.01699603,395.1503,395.1503,395.1503,0.0000,0.0000,9483.6071,0.01699603,1185.4509,1138.6651,8693.3065,8740.0923,0.01557970,0.01566354,0.00070817,22.4534,20.6030,0.4031,82.3230,2.6463,4649.9123,204.2083,25.9152,21.1137,12.8578,14.5296,26.176,48.8436,54.2173,102.8621,13.088,0.0,3.731508,7.079487,1.545355,30,207,63,6,0.32204186,0.01770420,-0.00338982,0E-8,0.000000,0.904812,0.002133,0.03111404,2026-03-21,2026-08-06,120,3733,1703,139,0.863309,1.227414,1.154177,1.073473,,,,,,,,GLOBAL_BASELINE_NO_ENTITY_RANKING,,,NOT_APPLICABLE_GLOBAL_BASELINE,HF9g-P5,,,,X 全窗基线 · 不参与实体赏罚,15052667,1506,A168_HF9F_20260827_0900,2026-08-27 09:00:00
2026-05-20,127529701,2212,0,158.2689014582,-2.4648435474,-2.4648435474,0.5000000,12,12,0.49771390000000000,0.497713900000,0.01445871704844449,0.014458717048444487,0.01445871704844449,0E-17,ELIGIBLE,R03b_20260811_FULL_v1,L1_ELIGIBILITY,v2026-08-11,2026-03-21..2026-08-06,baccarat_bet02_101_all_pairs_incl_sentinel,round_win = game_pnl > 0 (decisive only),COMPATIBILITY_ONLY_NOT_PRODUCTION,557989.4742,504875.3716,9878.7574,24851,24505,-0.01770420,0.00338982,-0.02772422,-0.01770420,-9878.7574,557989.4742,OK,0.0000,395.1503,4.0000,96.0000,AG03-UNRESOLVED,ALL5_LEVELS_bet23_to_bet27,395.1503,395.1503,395.1503,0.0000,0.0000,4.000000,4.000000,4.000000,0.000000,0.000000,96.000000,96.000000,96.000000,100.000000,100.000000,5.0,1185.4509,1138.6651,8693.3065,8740.0923,PENDING_AG03,FALSE,NOT_FOR_ENFORCEMENT,9483.6071,484680.3568,9878.7574,9483.6071,395.1503,0.01770420,0.01699603,395.1503,9483.6071,0.01699603,395.1503,395.1503,395.1503,0.0000,0.0000,9483.6071,0.01699603,1185.4509,1138.6651,8693.3065,8740.0923,0.01557970,0.01566354,0.00070817,22.4534,20.6030,0.4031,82.3230,2.6463,4649.9123,204.2083,25.9152,21.1137,12.8578,14.5296,26.176,48.8436,54.2173,102.8621,13.088,0.0,3.731508,7.079487,1.545355,30,207,63,6,0.32204186,0.01770420,-0.00338982,0E-8,0.000000,0.904812,0.002133,0.03111404,2026-03-21,2026-08-06,120,3733,1703,139,0.863309,1.227414,1.154177,1.073473,,,,,,,,GLOBAL_BASELINE_NO_ENTITY_RANKING,,,NOT_APPLICABLE_GLOBAL_BASELINE,HF9g-P5,,,,X 全窗基线 · 不参与实体赏罚,15052668,1506,A168_HF9F_20260827_0900,2026-08-27 09:00:00
2026-05-20,127529701,2216,0,499.1956826319,160.8634736132,160.8634736132,0.6086957,25,25,0.49646274800000000,0.496462748000,1.0765271392592293,1.0765271392592293,1.0765271392592293,0E-17,ELIGIBLE,R03b_20260811_FULL_v1,L1_ELIGIBILITY,v2026-08-11,2026-03-21..2026-08-06,baccarat_bet02_101_all_pairs_incl_sentinel,round_win = game_pnl > 0 (decisive only),COMPATIBILITY_ONLY_NOT_PRODUCTION,557989.4742,504875.3716,9878.7574,24851,24505,-0.01770420,0.00338982,-0.02772422,-0.01770420,-9878.7574,557989.4742,OK,0.0000,395.1503,4.0000,96.0000,AG03-UNRESOLVED,ALL5_LEVELS_bet23_to_bet27,395.1503,395.1503,395.1503,0.0000,0.0000,4.000000,4.000000,4.000000,0.000000,0.000000,96.000000,96.000000,96.000000,100.000000,100.000000,5.0,1185.4509,1138.6651,8693.3065,8740.0923,PENDING_AG03,FALSE,NOT_FOR_ENFORCEMENT,9483.6071,484680.3568,9878.7574,9483.6071,395.1503,0.01770420,0.01699603,395.1503,9483.6071,0.01699603,395.1503,395.1503,395.1503,0.0000,0.0000,9483.6071,0.01699603,1185.4509,1138.6651,8693.3065,8740.0923,0.01557970,0.01566354,0.00070817,22.4534,20.6030,0.4031,82.3230,2.6463,4649.9123,204.2083,25.9152,21.1137,12.8578,14.5296,26.176,48.8436,54.2173,102.8621,13.088,0.0,3.731508,7.079487,1.545355,30,207,63,6,0.32204186,0.01770420,-0.00338982,0E-8,0.000000,0.904812,0.002133,0.03111404,2026-03-21,2026-08-06,120,3733,1703,139,0.863309,1.227414,1.154177,1.073473,,,,,,,,GLOBAL_BASELINE_NO_ENTITY_RANKING,,,NOT_APPLICABLE_GLOBAL_BASELINE,HF9g-P5,,,,X 全窗基线 · 不参与实体赏罚,15052669,1506,A168_HF9F_20260827_0900,2026-08-27 09:00:00
2026-05-20,127529701,2220,0,12.9728607753,-12.9728607753,-12.9728607753,0E-7,1,1,0.50665070000000000,0.506650700000,-1.013391052207602,-1.013391052207602,-1.013391052207602,0E-17,ELIGIBLE,R03b_20260811_FULL_v1,L1_ELIGIBILITY,v2026-08-11,2026-03-21..2026-08-06,baccarat_bet02_101_all_pairs_incl_sentinel,round_win = game_pnl > 0 (decisive only),COMPATIBILITY_ONLY_NOT_PRODUCTION,557989.4742,504875.3716,9878.7574,24851,24505,-0.01770420,0.00338982,-0.02772422,-0.01770420,-9878.7574,557989.4742,OK,0.0000,395.1503,4.0000,96.0000,AG03-UNRESOLVED,ALL5_LEVELS_bet23_to_bet27,395.1503,395.1503,395.1503,0.0000,0.0000,4.000000,4.000000,4.000000,0.000000,0.000000,96.000000,96.000000,96.000000,100.000000,100.000000,5.0,1185.4509,1138.6651,8693.3065,8740.0923,PENDING_AG03,FALSE,NOT_FOR_ENFORCEMENT,9483.6071,484680.3568,9878.7574,9483.6071,395.1503,0.01770420,0.01699603,395.1503,9483.6071,0.01699603,395.1503,395.1503,395.1503,0.0000,0.0000,9483.6071,0.01699603,1185.4509,1138.6651,8693.3065,8740.0923,0.01557970,0.01566354,0.00070817,22.4534,20.6030,0.4031,82.3230,2.6463,4649.9123,204.2083,25.9152,21.1137,12.8578,14.5296,26.176,48.8436,54.2173,102.8621,13.088,0.0,3.731508,7.079487,1.545355,30,207,63,6,0.32204186,0.01770420,-0.00338982,0E-8,0.000000,0.904812,0.002133,0.03111404,2026-03-21,2026-08-06,120,3733,1703,139,0.863309,1.227414,1.154177,1.073473,,,,,,,,GLOBAL_BASELINE_NO_ENTITY_RANKING,,,NOT_APPLICABLE_GLOBAL_BASELINE,HF9g-P5,,,,X 全窗基线 · 不参与实体赏罚,15052670,1506,A168_HF9F_20260827_0900,2026-08-27 09:00:00
2026-05-20,127529701,2233,0,79.3939079446,-38.9185823258,-38.9185823258,0.2500000,4,4,0.49994810000000000,0.499948100000,-0.9997924053861017,-0.9997924053861017,-0.9997924053861017,0E-17,ELIGIBLE,R03b_20260811_FULL_v1,L1_ELIGIBILITY,v2026-08-11,2026-03-21..2026-08-06,baccarat_bet02_101_all_pairs_incl_sentinel,round_win = game_pnl > 0 (decisive only),COMPATIBILITY_ONLY_NOT_PRODUCTION,557989.4742,504875.3716,9878.7574,24851,24505,-0.01770420,0.00338982,-0.02772422,-0.01770420,-9878.7574,557989.4742,OK,0.0000,395.1503,4.0000,96.0000,AG03-UNRESOLVED,ALL5_LEVELS_bet23_to_bet27,395.1503,395.1503,395.1503,0.0000,0.0000,4.000000,4.000000,4.000000,0.000000,0.000000,96.000000,96.000000,96.000000,100.000000,100.000000,5.0,1185.4509,1138.6651,8693.3065,8740.0923,PENDING_AG03,FALSE,NOT_FOR_ENFORCEMENT,9483.6071,484680.3568,9878.7574,9483.6071,395.1503,0.01770420,0.01699603,395.1503,9483.6071,0.01699603,395.1503,395.1503,395.1503,0.0000,0.0000,9483.6071,0.01699603,1185.4509,1138.6651,8693.3065,8740.0923,0.01557970,0.01566354,0.00070817,22.4534,20.6030,0.4031,82.3230,2.6463,4649.9123,204.2083,25.9152,21.1137,12.8578,14.5296,26.176,48.8436,54.2173,102.8621,13.088,0.0,3.731508,7.079487,1.545355,30,207,63,6,0.32204186,0.01770420,-0.00338982,0E-8,0.000000,0.904812,0.002133,0.03111404,2026-03-21,2026-08-06,120,3733,1703,139,0.863309,1.227414,1.154177,1.073473,,,,,,,,GLOBAL_BASELINE_NO_ENTITY_RANKING,,,NOT_APPLICABLE_GLOBAL_BASELINE,HF9g-P5,,,,X 全窗基线 · 不参与实体赏罚,15052671,1506,A168_HF9F_20260827_0900,2026-08-27 09:00:00
2026-05-20,127529701,2234,0,173.5768771731,55.5238441181,55.5238441181,0.6666667,13,12,0.49310811249992648,0.481662337500,1.202563180010989,1.2826104877248594,1.202563180010989,0.01144577499992648,ELIGIBLE,R03b_20260811_FULL_v1,L1_ELIGIBILITY,v2026-08-11,2026-03-21..2026-08-06,baccarat_bet02_101_all_pairs_incl_sentinel,round_win = game_pnl > 0 (decisive only),COMPATIBILITY_ONLY_NOT_PRODUCTION,557989.4742,504875.3716,9878.7574,24851,24505,-0.01770420,0.00338982,-0.02772422,-0.01770420,-9878.7574,557989.4742,OK,0.0000,395.1503,4.0000,96.0000,AG03-UNRESOLVED,ALL5_LEVELS_bet23_to_bet27,395.1503,395.1503,395.1503,0.0000,0.0000,4.000000,4.000000,4.000000,0.000000,0.000000,96.000000,96.000000,96.000000,100.000000,100.000000,5.0,1185.4509,1138.6651,8693.3065,8740.0923,PENDING_AG03,FALSE,NOT_FOR_ENFORCEMENT,9483.6071,484680.3568,9878.7574,9483.6071,395.1503,0.01770420,0.01699603,395.1503,9483.6071,0.01699603,395.1503,395.1503,395.1503,0.0000,0.0000,9483.6071,0.01699603,1185.4509,1138.6651,8693.3065,8740.0923,0.01557970,0.01566354,0.00070817,22.4534,20.6030,0.4031,82.3230,2.6463,4649.9123,204.2083,25.9152,21.1137,12.8578,14.5296,26.176,48.8436,54.2173,102.8621,13.088,0.0,3.731508,7.079487,1.545355,30,207,63,6,0.32204186,0.01770420,-0.00338982,0E-8,0.000000,0.904812,0.002133,0.03111404,2026-03-21,2026-08-06,120,3733,1703,139,0.863309,1.227414,1.154177,1.073473,,,,,,,,GLOBAL_BASELINE_NO_ENTITY_RANKING,,,NOT_APPLICABLE_GLOBAL_BASELINE,HF9g-P5,,,,X 全窗基线 · 不参与实体赏罚,15052672,1506,A168_HF9F_20260827_0900,2026-08-27 09:00:00
2026-05-20,127529701,2252,0,95.9991697370,-26.5943645893,-26.5943645893,0.2500000,6,5,0.50028323000000000,0.499948100000,-1.0011330806202685,-0.9997924053861017,-1.0011330806202685,0.00033513000000000,ELIGIBLE,R03b_20260811_FULL_v1,L1_ELIGIBILITY,v2026-08-11,2026-03-21..2026-08-06,baccarat_bet02_101_all_pairs_incl_sentinel,round_win = game_pnl > 0 (decisive only),COMPATIBILITY_ONLY_NOT_PRODUCTION,557989.4742,504875.3716,9878.7574,24851,24505,-0.01770420,0.00338982,-0.02772422,-0.01770420,-9878.7574,557989.4742,OK,0.0000,395.1503,4.0000,96.0000,AG03-UNRESOLVED,ALL5_LEVELS_bet23_to_bet27,395.1503,395.1503,395.1503,0.0000,0.0000,4.000000,4.000000,4.000000,0.000000,0.000000,96.000000,96.000000,96.000000,100.000000,100.000000,5.0,1185.4509,1138.6651,8693.3065,8740.0923,PENDING_AG03,FALSE,NOT_FOR_ENFORCEMENT,9483.6071,484680.3568,9878.7574,9483.6071,395.1503,0.01770420,0.01699603,395.1503,9483.6071,0.01699603,395.1503,395.1503,395.1503,0.0000,0.0000,9483.6071,0.01699603,1185.4509,1138.6651,8693.3065,8740.0923,0.01557970,0.01566354,0.00070817,22.4534,20.6030,0.4031,82.3230,2.6463,4649.9123,204.2083,25.9152,21.1137,12.8578,14.5296,26.176,48.8436,54.2173,102.8621,13.088,0.0,3.731508,7.079487,1.545355,30,207,63,6,0.32204186,0.01770420,-0.00338982,0E-8,0.000000,0.904812,0.002133,0.03111404,2026-03-21,2026-08-06,120,3733,1703,139,0.863309,1.227414,1.154177,1.073473,,,,,,,,GLOBAL_BASELINE_NO_ENTITY_RANKING,,,NOT_APPLICABLE_GLOBAL_BASELINE,HF9g-P5,,,,X 全窗基线 · 不参与实体赏罚,15052673,1506,A168_HF9F_20260827_0900,2026-08-27 09:00:00
2026-05-20,127529701,2258,0,240.2573815578,-3.9307768149,-3.9307768149,0.4545455,11,11,0.50177608181818182,0.501776081818,-0.3132945151139446,-0.31329451511273815,-0.3132945151139446,1.8182E-13,ELIGIBLE,R03b_20260811_FULL_v1,L1_ELIGIBILITY,v2026-08-11,2026-03-21..2026-08-06,baccarat_bet02_101_all_pairs_incl_sentinel,round_win = game_pnl > 0 (decisive only),COMPATIBILITY_ONLY_NOT_PRODUCTION,557989.4742,504875.3716,9878.7574,24851,24505,-0.01770420,0.00338982,-0.02772422,-0.01770420,-9878.7574,557989.4742,OK,0.0000,395.1503,4.0000,96.0000,AG03-UNRESOLVED,ALL5_LEVELS_bet23_to_bet27,395.1503,395.1503,395.1503,0.0000,0.0000,4.000000,4.000000,4.000000,0.000000,0.000000,96.000000,96.000000,96.000000,100.000000,100.000000,5.0,1185.4509,1138.6651,8693.3065,8740.0923,PENDING_AG03,FALSE,NOT_FOR_ENFORCEMENT,9483.6071,484680.3568,9878.7574,9483.6071,395.1503,0.01770420,0.01699603,395.1503,9483.6071,0.01699603,395.1503,395.1503,395.1503,0.0000,0.0000,9483.6071,0.01699603,1185.4509,1138.6651,8693.3065,8740.0923,0.01557970,0.01566354,0.00070817,22.4534,20.6030,0.4031,82.3230,2.6463,4649.9123,204.2083,25.9152,21.1137,12.8578,14.5296,26.176,48.8436,54.2173,102.8621,13.088,0.0,3.731508,7.079487,1.545355,30,207,63,6,0.32204186,0.01770420,-0.00338982,0E-8,0.000000,0.904812,0.002133,0.03111404,2026-03-21,2026-08-06,120,3733,1703,139,0.863309,1.227414,1.154177,1.073473,,,,,,,,GLOBAL_BASELINE_NO_ENTITY_RANKING,,,NOT_APPLICABLE_GLOBAL_BASELINE,HF9g-P5,,,,X 全窗基线 · 不参与实体赏罚,15052674,1506,A168_HF9F_20260827_0900,2026-08-27 09:00:00
2026-05-20,127529701,2261,0,161.1229308287,60.7129884282,60.7129884282,0.6250000,9,9,0.49771390000000000,0.497713900000,0.7200464420157047,0.7200464420157048,0.7200464420157047,0E-17,ELIGIBLE,R03b_20260811_FULL_v1,L1_ELIGIBILITY,v2026-08-11,2026-03-21..2026-08-06,baccarat_bet02_101_all_pairs_incl_sentinel,round_win = game_pnl > 0 (decisive only),COMPATIBILITY_ONLY_NOT_PRODUCTION,557989.4742,504875.3716,9878.7574,24851,24505,-0.01770420,0.00338982,-0.02772422,-0.01770420,-9878.7574,557989.4742,OK,0.0000,395.1503,4.0000,96.0000,AG03-UNRESOLVED,ALL5_LEVELS_bet23_to_bet27,395.1503,395.1503,395.1503,0.0000,0.0000,4.000000,4.000000,4.000000,0.000000,0.000000,96.000000,96.000000,96.000000,100.000000,100.000000,5.0,1185.4509,1138.6651,8693.3065,8740.0923,PENDING_AG03,FALSE,NOT_FOR_ENFORCEMENT,9483.6071,484680.3568,9878.7574,9483.6071,395.1503,0.01770420,0.01699603,395.1503,9483.6071,0.01699603,395.1503,395.1503,395.1503,0.0000,0.0000,9483.6071,0.01699603,1185.4509,1138.6651,8693.3065,8740.0923,0.01557970,0.01566354,0.00070817,22.4534,20.6030,0.4031,82.3230,2.6463,4649.9123,204.2083,25.9152,21.1137,12.8578,14.5296,26.176,48.8436,54.2173,102.8621,13.088,0.0,3.731508,7.079487,1.545355,30,207,63,6,0.32204186,0.01770420,-0.00338982,0E-8,0.000000,0.904812,0.002133,0.03111404,2026-03-21,2026-08-06,120,3733,1703,139,0.863309,1.227414,1.154177,1.073473,,,,,,,,GLOBAL_BASELINE_NO_ENTITY_RANKING,,,NOT_APPLICABLE_GLOBAL_BASELINE,HF9g-P5,,,,X 全窗基线 · 不参与实体赏罚,15052675,1506,A168_HF9F_20260827_0900,2026-08-27 09:00:00
2026-05-20,127529701,595,0,36.3240101707,-16.0863473613,-16.0863473613,0.5000000,2,2,0.49994810000000000,0.499948100000,0.00014679536856514622,0.00014679536856514622,0.00014679536856514622,0E-17,ELIGIBLE,R03b_20260811_FULL_v1,L1_ELIGIBILITY,v2026-08-11,2026-03-21..2026-08-06,baccarat_bet02_101_all_pairs_incl_sentinel,round_win = game_pnl > 0 (decisive only),COMPATIBILITY_ONLY_NOT_PRODUCTION,557989.4742,504875.3716,9878.7574,24851,24505,-0.01770420,0.00338982,-0.02772422,-0.01770420,-9878.7574,557989.4742,OK,0.0000,395.1503,4.0000,96.0000,AG03-UNRESOLVED,ALL5_LEVELS_bet23_to_bet27,395.1503,395.1503,395.1503,0.0000,0.0000,4.000000,4.000000,4.000000,0.000000,0.000000,96.000000,96.000000,96.000000,100.000000,100.000000,5.0,1185.4509,1138.6651,8693.3065,8740.0923,PENDING_AG03,FALSE,NOT_FOR_ENFORCEMENT,9483.6071,484680.3568,9878.7574,9483.6071,395.1503,0.01770420,0.01699603,395.1503,9483.6071,0.01699603,395.1503,395.1503,395.1503,0.0000,0.0000,9483.6071,0.01699603,1185.4509,1138.6651,8693.3065,8740.0923,0.01557970,0.01566354,0.00070817,22.4534,20.6030,0.4031,82.3230,2.6463,4649.9123,204.2083,25.9152,21.1137,12.8578,14.5296,26.176,48.8436,54.2173,102.8621,13.088,0.0,3.731508,7.079487,1.545355,30,207,63,6,0.32204186,0.01770420,-0.00338982,0E-8,0.000000,0.904812,0.002133,0.03111404,2026-03-21,2026-08-06,120,3733,1703,139,0.863309,1.227414,1.154177,1.073473,,,,,,,,GLOBAL_BASELINE_NO_ENTITY_RANKING,,,NOT_APPLICABLE_GLOBAL_BASELINE,HF9g-P5,,,,X 全窗基线 · 不参与实体赏罚,15052676,1506,A168_HF9F_20260827_0900,2026-08-27 09:00:00
2026-05-20,127529701,752,0,25.9457215506,-25.9457215506,-25.9457215506,0E-7,2,2,0.49324550000000000,0.493245500000,-1.3952362676504506,-1.3952362676504506,-1.3952362676504506,0E-17,ELIGIBLE,R03b_20260811_FULL_v1,L1_ELIGIBILITY,v2026-08-11,2026-03-21..2026-08-06,baccarat_bet02_101_all_pairs_incl_sentinel,round_win = game_pnl > 0 (decisive only),COMPATIBILITY_ONLY_NOT_PRODUCTION,557989.4742,504875.3716,9878.7574,24851,24505,-0.01770420,0.00338982,-0.02772422,-0.01770420,-9878.7574,557989.4742,OK,0.0000,395.1503,4.0000,96.0000,AG03-UNRESOLVED,ALL5_LEVELS_bet23_to_bet27,395.1503,395.1503,395.1503,0.0000,0.0000,4.000000,4.000000,4.000000,0.000000,0.000000,96.000000,96.000000,96.000000,100.000000,100.000000,5.0,1185.4509,1138.6651,8693.3065,8740.0923,PENDING_AG03,FALSE,NOT_FOR_ENFORCEMENT,9483.6071,484680.3568,9878.7574,9483.6071,395.1503,0.01770420,0.01699603,395.1503,9483.6071,0.01699603,395.1503,395.1503,395.1503,0.0000,0.0000,9483.6071,0.01699603,1185.4509,1138.6651,8693.3065,8740.0923,0.01557970,0.01566354,0.00070817,22.4534,20.6030,0.4031,82.3230,2.6463,4649.9123,204.2083,25.9152,21.1137,12.8578,14.5296,26.176,48.8436,54.2173,102.8621,13.088,0.0,3.731508,7.079487,1.545355,30,207,63,6,0.32204186,0.01770420,-0.00338982,0E-8,0.000000,0.904812,0.002133,0.03111404,2026-03-21,2026-08-06,120,3733,1703,139,0.863309,1.227414,1.154177,1.073473,,,,,,,,GLOBAL_BASELINE_NO_ENTITY_RANKING,,,NOT_APPLICABLE_GLOBAL_BASELINE,HF9g-P5,,,,X 全窗基线 · 不参与实体赏罚,15052677,1506,A168_HF9F_20260827_0900,2026-08-27 09:00:00
2026-05-20,127529701,970,0,137.5123242178,-70.0534481864,-70.0534481864,0.4285714,7,7,0.49707555714285714,0.497075557143,-0.3624959764119633,-0.36249597641271863,-0.3624959764119633,-1.4286E-13,ELIGIBLE,R03b_20260811_FULL_v1,L1_ELIGIBILITY,v2026-08-11,2026-03-21..2026-08-06,baccarat_bet02_101_all_pairs_incl_sentinel,round_win = game_pnl > 0 (decisive only),COMPATIBILITY_ONLY_NOT_PRODUCTION,557989.4742,504875.3716,9878.7574,24851,24505,-0.01770420,0.00338982,-0.02772422,-0.01770420,-9878.7574,557989.4742,OK,0.0000,395.1503,4.0000,96.0000,AG03-UNRESOLVED,ALL5_LEVELS_bet23_to_bet27,395.1503,395.1503,395.1503,0.0000,0.0000,4.000000,4.000000,4.000000,0.000000,0.000000,96.000000,96.000000,96.000000,100.000000,100.000000,5.0,1185.4509,1138.6651,8693.3065,8740.0923,PENDING_AG03,FALSE,NOT_FOR_ENFORCEMENT,9483.6071,484680.3568,9878.7574,9483.6071,395.1503,0.01770420,0.01699603,395.1503,9483.6071,0.01699603,395.1503,395.1503,395.1503,0.0000,0.0000,9483.6071,0.01699603,1185.4509,1138.6651,8693.3065,8740.0923,0.01557970,0.01566354,0.00070817,22.4534,20.6030,0.4031,82.3230,2.6463,4649.9123,204.2083,25.9152,21.1137,12.8578,14.5296,26.176,48.8436,54.2173,102.8621,13.088,0.0,3.731508,7.079487,1.545355,30,207,63,6,0.32204186,0.01770420,-0.00338982,0E-8,0.000000,0.904812,0.002133,0.03111404,2026-03-21,2026-08-06,120,3733,1703,139,0.863309,1.227414,1.154177,1.073473,,,,,,,,GLOBAL_BASELINE_NO_ENTITY_RANKING,,,NOT_APPLICABLE_GLOBAL_BASELINE,HF9g-P5,,,,X 全窗基线 · 不参与实体赏罚,15052678,1506,A168_HF9F_20260827_0900,2026-08-27 09:00:00
2026-05-20,127529701,986,0,111.0476882364,54.5379066991,54.5379066991,0.8333333,8,8,0.49994810000000000,0.499948100000,1.6332474276894162,1.6332474276894162,1.6332474276894162,0E-17,ELIGIBLE,R03b_20260811_FULL_v1,L1_ELIGIBILITY,v2026-08-11,2026-03-21..2026-08-06,baccarat_bet02_101_all_pairs_incl_sentinel,round_win = game_pnl > 0 (decisive only),COMPATIBILITY_ONLY_NOT_PRODUCTION,557989.4742,504875.3716,9878.7574,24851,24505,-0.01770420,0.00338982,-0.02772422,-0.01770420,-9878.7574,557989.4742,OK,0.0000,395.1503,4.0000,96.0000,AG03-UNRESOLVED,ALL5_LEVELS_bet23_to_bet27,395.1503,395.1503,395.1503,0.0000,0.0000,4.000000,4.000000,4.000000,0.000000,0.000000,96.000000,96.000000,96.000000,100.000000,100.000000,5.0,1185.4509,1138.6651,8693.3065,8740.0923,PENDING_AG03,FALSE,NOT_FOR_ENFORCEMENT,9483.6071,484680.3568,9878.7574,9483.6071,395.1503,0.01770420,0.01699603,395.1503,9483.6071,0.01699603,395.1503,395.1503,395.1503,0.0000,0.0000,9483.6071,0.01699603,1185.4509,1138.6651,8693.3065,8740.0923,0.01557970,0.01566354,0.00070817,22.4534,20.6030,0.4031,82.3230,2.6463,4649.9123,204.2083,25.9152,21.1137,12.8578,14.5296,26.176,48.8436,54.2173,102.8621,13.088,0.0,3.731508,7.079487,1.545355,30,207,63,6,0.32204186,0.01770420,-0.00338982,0E-8,0.000000,0.904812,0.002133,0.03111404,2026-03-21,2026-08-06,120,3733,1703,139,0.863309,1.227414,1.154177,1.073473,,,,,,,,GLOBAL_BASELINE_NO_ENTITY_RANKING,,,NOT_APPLICABLE_GLOBAL_BASELINE,HF9g-P5,,,,X 全窗基线 · 不参与实体赏罚,15052679,1506,A168_HF9F_20260827_0900,2026-08-27 09:00:00
2026-05-20,127529701,994,0,380.8831923619,32.0429661149,32.0429661149,0.4545455,24,24,0.50218230000000000,0.502182300000,-0.4468774778051712,-0.4468774778051712,-0.4468774778051712,0E-17,ELIGIBLE,R03b_20260811_FULL_v1,L1_ELIGIBILITY,v2026-08-11,2026-03-21..2026-08-06,baccarat_bet02_101_all_pairs_incl_sentinel,round_win = game_pnl > 0 (decisive only),COMPATIBILITY_ONLY_NOT_PRODUCTION,557989.4742,504875.3716,9878.7574,24851,24505,-0.01770420,0.00338982,-0.02772422,-0.01770420,-9878.7574,557989.4742,OK,0.0000,395.1503,4.0000,96.0000,AG03-UNRESOLVED,ALL5_LEVELS_bet23_to_bet27,395.1503,395.1503,395.1503,0.0000,0.0000,4.000000,4.000000,4.000000,0.000000,0.000000,96.000000,96.000000,96.000000,100.000000,100.000000,5.0,1185.4509,1138.6651,8693.3065,8740.0923,PENDING_AG03,FALSE,NOT_FOR_ENFORCEMENT,9483.6071,484680.3568,9878.7574,9483.6071,395.1503,0.01770420,0.01699603,395.1503,9483.6071,0.01699603,395.1503,395.1503,395.1503,0.0000,0.0000,9483.6071,0.01699603,1185.4509,1138.6651,8693.3065,8740.0923,0.01557970,0.01566354,0.00070817,22.4534,20.6030,0.4031,82.3230,2.6463,4649.9123,204.2083,25.9152,21.1137,12.8578,14.5296,26.176,48.8436,54.2173,102.8621,13.088,0.0,3.731508,7.079487,1.545355,30,207,63,6,0.32204186,0.01770420,-0.00338982,0E-8,0.000000,0.904812,0.002133,0.03111404,2026-03-21,2026-08-06,120,3733,1703,139,0.863309,1.227414,1.154177,1.073473,,,,,,,,GLOBAL_BASELINE_NO_ENTITY_RANKING,,,NOT_APPLICABLE_GLOBAL_BASELINE,HF9g-P5,,,,X 全窗基线 · 不参与实体赏罚,15052680,1506,A168_HF9F_20260827_0900,2026-08-27 09:00:00
2026-05-21,127529701,-1,1,31.1348658607,12.3242177365,12.3242177365,1.0000000,2,2,0.49994810000000000,0.499948100000,1.0001038053877793,1.0001038053877793,1.0001038053877793,0E-17,SENTINEL_DEALER,R03b_20260811_FULL_v1,L1_ELIGIBILITY,v2026-08-11,2026-03-21..2026-08-06,baccarat_bet02_101_all_pairs_incl_sentinel,round_win = game_pnl > 0 (decisive only),COMPATIBILITY_ONLY_NOT_PRODUCTION,557989.4742,504875.3716,9878.7574,24851,24505,-0.01770420,0.00338982,-0.02772422,-0.01770420,-9878.7574,557989.4742,OK,0.0000,395.1503,4.0000,96.0000,AG03-UNRESOLVED,ALL5_LEVELS_bet23_to_bet27,395.1503,395.1503,395.1503,0.0000,0.0000,4.000000,4.000000,4.000000,0.000000,0.000000,96.000000,96.000000,96.000000,100.000000,100.000000,5.0,1185.4509,1138.6651,8693.3065,8740.0923,PENDING_AG03,FALSE,NOT_FOR_ENFORCEMENT,9483.6071,484680.3568,9878.7574,9483.6071,395.1503,0.01770420,0.01699603,395.1503,9483.6071,0.01699603,395.1503,395.1503,395.1503,0.0000,0.0000,9483.6071,0.01699603,1185.4509,1138.6651,8693.3065,8740.0923,0.01557970,0.01566354,0.00070817,22.4534,20.6030,0.4031,82.3230,2.6463,4649.9123,204.2083,25.9152,21.1137,12.8578,14.5296,26.176,48.8436,54.2173,102.8621,13.088,0.0,3.731508,7.079487,1.545355,30,207,63,6,0.32204186,0.01770420,-0.00338982,0E-8,0.000000,0.904812,0.002133,0.03111404,2026-03-21,2026-08-06,120,3733,1703,139,0.863309,1.227414,1.154177,1.073473,,,,,,,,GLOBAL_BASELINE_NO_ENTITY_RANKING,,,NOT_APPLICABLE_GLOBAL_BASELINE,HF9g-P5,,,,X 全窗基线 · 不参与实体赏罚,15052681,1506,A168_HF9F_20260827_0900,2026-08-27 09:00:00
2026-05-21,127529701,1210,0,139.8474391573,56.3022157646,56.3022157646,0.6250000,9,9,0.49920336666666667,0.499203366667,0.7116141230598275,0.7116141230579411,0.7116141230598275,-3.3333E-13,ELIGIBLE,R03b_20260811_FULL_v1,L1_ELIGIBILITY,v2026-08-11,2026-03-21..2026-08-06,baccarat_bet02_101_all_pairs_incl_sentinel,round_win = game_pnl > 0 (decisive only),COMPATIBILITY_ONLY_NOT_PRODUCTION,557989.4742,504875.3716,9878.7574,24851,24505,-0.01770420,0.00338982,-0.02772422,-0.01770420,-9878.7574,557989.4742,OK,0.0000,395.1503,4.0000,96.0000,AG03-UNRESOLVED,ALL5_LEVELS_bet23_to_bet27,395.1503,395.1503,395.1503,0.0000,0.0000,4.000000,4.000000,4.000000,0.000000,0.000000,96.000000,96.000000,96.000000,100.000000,100.000000,5.0,1185.4509,1138.6651,8693.3065,8740.0923,PENDING_AG03,FALSE,NOT_FOR_ENFORCEMENT,9483.6071,484680.3568,9878.7574,9483.6071,395.1503,0.01770420,0.01699603,395.1503,9483.6071,0.01699603,395.1503,395.1503,395.1503,0.0000,0.0000,9483.6071,0.01699603,1185.4509,1138.6651,8693.3065,8740.0923,0.01557970,0.01566354,0.00070817,22.4534,20.6030,0.4031,82.3230,2.6463,4649.9123,204.2083,25.9152,21.1137,12.8578,14.5296,26.176,48.8436,54.2173,102.8621,13.088,0.0,3.731508,7.079487,1.545355,30,207,63,6,0.32204186,0.01770420,-0.00338982,0E-8,0.000000,0.904812,0.002133,0.03111404,2026-03-21,2026-08-06,120,3733,1703,139,0.863309,1.227414,1.154177,1.073473,,,,,,,,GLOBAL_BASELINE_NO_ENTITY_RANKING,,,NOT_APPLICABLE_GLOBAL_BASELINE,HF9g-P5,,,,X 全窗基线 · 不参与实体赏罚,15052682,1506,A168_HF9F_20260827_0900,2026-08-27 09:00:00
2026-05-21,127529701,1302,0,354.6780135957,-27.9954335531,-27.9954335531,0.4705882,17,17,0.49955382941176471,0.499553829412,-0.23885650320914115,-0.23885650321108126,-0.23885650320914115,-2.3529E-13,ELIGIBLE,R03b_20260811_FULL_v1,L1_ELIGIBILITY,v2026-08-11,2026-03-21..2026-08-06,baccarat_bet02_101_all_pairs_incl_sentinel,round_win = game_pnl > 0 (decisive only),COMPATIBILITY_ONLY_NOT_PRODUCTION,557989.4742,504875.3716,9878.7574,24851,24505,-0.01770420,0.00338982,-0.02772422,-0.01770420,-9878.7574,557989.4742,OK,0.0000,395.1503,4.0000,96.0000,AG03-UNRESOLVED,ALL5_LEVELS_bet23_to_bet27,395.1503,395.1503,395.1503,0.0000,0.0000,4.000000,4.000000,4.000000,0.000000,0.000000,96.000000,96.000000,96.000000,100.000000,100.000000,5.0,1185.4509,1138.6651,8693.3065,8740.0923,PENDING_AG03,FALSE,NOT_FOR_ENFORCEMENT,9483.6071,484680.3568,9878.7574,9483.6071,395.1503,0.01770420,0.01699603,395.1503,9483.6071,0.01699603,395.1503,395.1503,395.1503,0.0000,0.0000,9483.6071,0.01699603,1185.4509,1138.6651,8693.3065,8740.0923,0.01557970,0.01566354,0.00070817,22.4534,20.6030,0.4031,82.3230,2.6463,4649.9123,204.2083,25.9152,21.1137,12.8578,14.5296,26.176,48.8436,54.2173,102.8621,13.088,0.0,3.731508,7.079487,1.545355,30,207,63,6,0.32204186,0.01770420,-0.00338982,0E-8,0.000000,0.904812,0.002133,0.03111404,2026-03-21,2026-08-06,120,3733,1703,139,0.863309,1.227414,1.154177,1.073473,,,,,,,,GLOBAL_BASELINE_NO_ENTITY_RANKING,,,NOT_APPLICABLE_GLOBAL_BASELINE,HF9g-P5,,,,X 全窗基线 · 不参与实体赏罚,15052683,1506,A168_HF9F_20260827_0900,2026-08-27 09:00:00
2026-05-21,127529701,1307,0,196.6685693530,39.4374967567,39.4374967567,0.5714286,7,7,0.49899058571428571,0.498990585714,0.38330657246501415,0.3833065724665265,0.38330657246501415,2.8571E-13,ELIGIBLE,R03b_20260811_FULL_v1,L1_ELIGIBILITY,v2026-08-11,2026-03-21..2026-08-06,baccarat_bet02_101_all_pairs_incl_sentinel,round_win = game_pnl > 0 (decisive only),COMPATIBILITY_ONLY_NOT_PRODUCTION,557989.4742,504875.3716,9878.7574,24851,24505,-0.01770420,0.00338982,-0.02772422,-0.01770420,-9878.7574,557989.4742,OK,0.0000,395.1503,4.0000,96.0000,AG03-UNRESOLVED,ALL5_LEVELS_bet23_to_bet27,395.1503,395.1503,395.1503,0.0000,0.0000,4.000000,4.000000,4.000000,0.000000,0.000000,96.000000,96.000000,96.000000,100.000000,100.000000,5.0,1185.4509,1138.6651,8693.3065,8740.0923,PENDING_AG03,FALSE,NOT_FOR_ENFORCEMENT,9483.6071,484680.3568,9878.7574,9483.6071,395.1503,0.01770420,0.01699603,395.1503,9483.6071,0.01699603,395.1503,395.1503,395.1503,0.0000,0.0000,9483.6071,0.01699603,1185.4509,1138.6651,8693.3065,8740.0923,0.01557970,0.01566354,0.00070817,22.4534,20.6030,0.4031,82.3230,2.6463,4649.9123,204.2083,25.9152,21.1137,12.8578,14.5296,26.176,48.8436,54.2173,102.8621,13.088,0.0,3.731508,7.079487,1.545355,30,207,63,6,0.32204186,0.01770420,-0.00338982,0E-8,0.000000,0.904812,0.002133,0.03111404,2026-03-21,2026-08-06,120,3733,1703,139,0.863309,1.227414,1.154177,1.073473,,,,,,,,GLOBAL_BASELINE_NO_ENTITY_RANKING,,,NOT_APPLICABLE_GLOBAL_BASELINE,HF9g-P5,,,,X 全窗基线 · 不参与实体赏罚,15052684,1506,A168_HF9F_20260827_0900,2026-08-27 09:00:00
2026-05-21,127529701,1325,0,36.8429246018,-36.8429246018,-36.8429246018,0E-7,2,2,0.49324550000000000,0.493245500000,-1.3952362676504506,-1.3952362676504506,-1.3952362676504506,0E-17,ELIGIBLE,R03b_20260811_FULL_v1,L1_ELIGIBILITY,v2026-08-11,2026-03-21..2026-08-06,baccarat_bet02_101_all_pairs_incl_sentinel,round_win = game_pnl > 0 (decisive only),COMPATIBILITY_ONLY_NOT_PRODUCTION,557989.4742,504875.3716,9878.7574,24851,24505,-0.01770420,0.00338982,-0.02772422,-0.01770420,-9878.7574,557989.4742,OK,0.0000,395.1503,4.0000,96.0000,AG03-UNRESOLVED,ALL5_LEVELS_bet23_to_bet27,395.1503,395.1503,395.1503,0.0000,0.0000,4.000000,4.000000,4.000000,0.000000,0.000000,96.000000,96.000000,96.000000,100.000000,100.000000,5.0,1185.4509,1138.6651,8693.3065,8740.0923,PENDING_AG03,FALSE,NOT_FOR_ENFORCEMENT,9483.6071,484680.3568,9878.7574,9483.6071,395.1503,0.01770420,0.01699603,395.1503,9483.6071,0.01699603,395.1503,395.1503,395.1503,0.0000,0.0000,9483.6071,0.01699603,1185.4509,1138.6651,8693.3065,8740.0923,0.01557970,0.01566354,0.00070817,22.4534,20.6030,0.4031,82.3230,2.6463,4649.9123,204.2083,25.9152,21.1137,12.8578,14.5296,26.176,48.8436,54.2173,102.8621,13.088,0.0,3.731508,7.079487,1.545355,30,207,63,6,0.32204186,0.01770420,-0.00338982,0E-8,0.000000,0.904812,0.002133,0.03111404,2026-03-21,2026-08-06,120,3733,1703,139,0.863309,1.227414,1.154177,1.073473,,,,,,,,GLOBAL_BASELINE_NO_ENTITY_RANKING,,,NOT_APPLICABLE_GLOBAL_BASELINE,HF9g-P5,,,,X 全窗基线 · 不参与实体赏罚,15052685,1506,A168_HF9F_20260827_0900,2026-08-27 09:00:00
2026-05-21,127529701,1331,0,194.3334544134,30.0840641377,30.0840641377,0.6250000,9,9,0.49920336666666667,0.499203366667,0.7116141230598275,0.7116141230579411,0.7116141230598275,-3.3333E-13,ELIGIBLE,R03b_20260811_FULL_v1,L1_ELIGIBILITY,v2026-08-11,2026-03-21..2026-08-06,baccarat_bet02_101_all_pairs_incl_sentinel,round_win = game_pnl > 0 (decisive only),COMPATIBILITY_ONLY_NOT_PRODUCTION,557989.4742,504875.3716,9878.7574,24851,24505,-0.01770420,0.00338982,-0.02772422,-0.01770420,-9878.7574,557989.4742,OK,0.0000,395.1503,4.0000,96.0000,AG03-UNRESOLVED,ALL5_LEVELS_bet23_to_bet27,395.1503,395.1503,395.1503,0.0000,0.0000,4.000000,4.000000,4.000000,0.000000,0.000000,96.000000,96.000000,96.000000,100.000000,100.000000,5.0,1185.4509,1138.6651,8693.3065,8740.0923,PENDING_AG03,FALSE,NOT_FOR_ENFORCEMENT,9483.6071,484680.3568,9878.7574,9483.6071,395.1503,0.01770420,0.01699603,395.1503,9483.6071,0.01699603,395.1503,395.1503,395.1503,0.0000,0.0000,9483.6071,0.01699603,1185.4509,1138.6651,8693.3065,8740.0923,0.01557970,0.01566354,0.00070817,22.4534,20.6030,0.4031,82.3230,2.6463,4649.9123,204.2083,25.9152,21.1137,12.8578,14.5296,26.176,48.8436,54.2173,102.8621,13.088,0.0,3.731508,7.079487,1.545355,30,207,63,6,0.32204186,0.01770420,-0.00338982,0E-8,0.000000,0.904812,0.002133,0.03111404,2026-03-21,2026-08-06,120,3733,1703,139,0.863309,1.227414,1.154177,1.073473,,,,,,,,GLOBAL_BASELINE_NO_ENTITY_RANKING,,,NOT_APPLICABLE_GLOBAL_BASELINE,HF9g-P5,,,,X 全窗基线 · 不参与实体赏罚,15052686,1506,A168_HF9F_20260827_0900,2026-08-27 09:00:00
2026-05-21,127529701,1363,0,194.5929116291,-53.8373722174,-53.8373722174,0.2500000,9,9,0.49771390000000000,0.497713900000,-1.4012960750061008,-1.401296075006101,-1.4012960750061008,0E-17,ELIGIBLE,R03b_20260811_FULL_v1,L1_ELIGIBILITY,v2026-08-11,2026-03-21..2026-08-06,baccarat_bet02_101_all_pairs_incl_sentinel,round_win = game_pnl > 0 (decisive only),COMPATIBILITY_ONLY_NOT_PRODUCTION,557989.4742,504875.3716,9878.7574,24851,24505,-0.01770420,0.00338982,-0.02772422,-0.01770420,-9878.7574,557989.4742,OK,0.0000,395.1503,4.0000,96.0000,AG03-UNRESOLVED,ALL5_LEVELS_bet23_to_bet27,395.1503,395.1503,395.1503,0.0000,0.0000,4.000000,4.000000,4.000000,0.000000,0.000000,96.000000,96.000000,96.000000,100.000000,100.000000,5.0,1185.4509,1138.6651,8693.3065,8740.0923,PENDING_AG03,FALSE,NOT_FOR_ENFORCEMENT,9483.6071,484680.3568,9878.7574,9483.6071,395.1503,0.01770420,0.01699603,395.1503,9483.6071,0.01699603,395.1503,395.1503,395.1503,0.0000,0.0000,9483.6071,0.01699603,1185.4509,1138.6651,8693.3065,8740.0923,0.01557970,0.01566354,0.00070817,22.4534,20.6030,0.4031,82.3230,2.6463,4649.9123,204.2083,25.9152,21.1137,12.8578,14.5296,26.176,48.8436,54.2173,102.8621,13.088,0.0,3.731508,7.079487,1.545355,30,207,63,6,0.32204186,0.01770420,-0.00338982,0E-8,0.000000,0.904812,0.002133,0.03111404,2026-03-21,2026-08-06,120,3733,1703,139,0.863309,1.227414,1.154177,1.073473,,,,,,,,GLOBAL_BASELINE_NO_ENTITY_RANKING,,,NOT_APPLICABLE_GLOBAL_BASELINE,HF9g-P5,,,,X 全窗基线 · 不参与实体赏罚,15052687,1506,A168_HF9F_20260827_0900,2026-08-27 09:00:00
2026-05-21,127529701,1374,0,179.0254786985,-25.9457215505,-25.9457215505,0.3333333,6,6,0.49771390000000000,0.497713900000,-0.8053054414300617,-0.8053054414300617,-0.8053054414300617,0E-17,ELIGIBLE,R03b_20260811_FULL_v1,L1_ELIGIBILITY,v2026-08-11,2026-03-21..2026-08-06,baccarat_bet02_101_all_pairs_incl_sentinel,round_win = game_pnl > 0 (decisive only),COMPATIBILITY_ONLY_NOT_PRODUCTION,557989.4742,504875.3716,9878.7574,24851,24505,-0.01770420,0.00338982,-0.02772422,-0.01770420,-9878.7574,557989.4742,OK,0.0000,395.1503,4.0000,96.0000,AG03-UNRESOLVED,ALL5_LEVELS_bet23_to_bet27,395.1503,395.1503,395.1503,0.0000,0.0000,4.000000,4.000000,4.000000,0.000000,0.000000,96.000000,96.000000,96.000000,100.000000,100.000000,5.0,1185.4509,1138.6651,8693.3065,8740.0923,PENDING_AG03,FALSE,NOT_FOR_ENFORCEMENT,9483.6071,484680.3568,9878.7574,9483.6071,395.1503,0.01770420,0.01699603,395.1503,9483.6071,0.01699603,395.1503,395.1503,395.1503,0.0000,0.0000,9483.6071,0.01699603,1185.4509,1138.6651,8693.3065,8740.0923,0.01557970,0.01566354,0.00070817,22.4534,20.6030,0.4031,82.3230,2.6463,4649.9123,204.2083,25.9152,21.1137,12.8578,14.5296,26.176,48.8436,54.2173,102.8621,13.088,0.0,3.731508,7.079487,1.545355,30,207,63,6,0.32204186,0.01770420,-0.00338982,0E-8,0.000000,0.904812,0.002133,0.03111404,2026-03-21,2026-08-06,120,3733,1703,139,0.863309,1.227414,1.154177,1.073473,,,,,,,,GLOBAL_BASELINE_NO_ENTITY_RANKING,,,NOT_APPLICABLE_GLOBAL_BASELINE,HF9g-P5,,,,X 全窗基线 · 不参与实体赏罚,15052688,1506,A168_HF9F_20260827_0900,2026-08-27 09:00:00
2026-05-21,127529701,1384,0,80.1722795912,-80.1722795912,-80.1722795912,0E-7,5,5,0.49860758000000000,0.498607580000,-2.2298495325838465,-2.2298495325838465,-2.2298495325838465,0E-17,ELIGIBLE,R03b_20260811_FULL_v1,L1_ELIGIBILITY,v2026-08-11,2026-03-21..2026-08-06,baccarat_bet02_101_all_pairs_incl_sentinel,round_win = game_pnl > 0 (decisive only),COMPATIBILITY_ONLY_NOT_PRODUCTION,557989.4742,504875.3716,9878.7574,24851,24505,-0.01770420,0.00338982,-0.02772422,-0.01770420,-9878.7574,557989.4742,OK,0.0000,395.1503,4.0000,96.0000,AG03-UNRESOLVED,ALL5_LEVELS_bet23_to_bet27,395.1503,395.1503,395.1503,0.0000,0.0000,4.000000,4.000000,4.000000,0.000000,0.000000,96.000000,96.000000,96.000000,100.000000,100.000000,5.0,1185.4509,1138.6651,8693.3065,8740.0923,PENDING_AG03,FALSE,NOT_FOR_ENFORCEMENT,9483.6071,484680.3568,9878.7574,9483.6071,395.1503,0.01770420,0.01699603,395.1503,9483.6071,0.01699603,395.1503,395.1503,395.1503,0.0000,0.0000,9483.6071,0.01699603,1185.4509,1138.6651,8693.3065,8740.0923,0.01557970,0.01566354,0.00070817,22.4534,20.6030,0.4031,82.3230,2.6463,4649.9123,204.2083,25.9152,21.1137,12.8578,14.5296,26.176,48.8436,54.2173,102.8621,13.088,0.0,3.731508,7.079487,1.545355,30,207,63,6,0.32204186,0.01770420,-0.00338982,0E-8,0.000000,0.904812,0.002133,0.03111404,2026-03-21,2026-08-06,120,3733,1703,139,0.863309,1.227414,1.154177,1.073473,,,,,,,,GLOBAL_BASELINE_NO_ENTITY_RANKING,,,NOT_APPLICABLE_GLOBAL_BASELINE,HF9g-P5,,,,X 全窗基线 · 不参与实体赏罚,15052689,1506,A168_HF9F_20260827_0900,2026-08-27 09:00:00
2026-05-21,127529701,1385,0,462.6122152459,67.3291474237,67.3291474237,0.5294118,19,19,0.50030086842105263,0.500300868421,0.24005464393787151,0.24005464393830547,0.24005464393787151,5.263E-14,ELIGIBLE,R03b_20260811_FULL_v1,L1_ELIGIBILITY,v2026-08-11,2026-03-21..2026-08-06,baccarat_bet02_101_all_pairs_incl_sentinel,round_win = game_pnl > 0 (decisive only),COMPATIBILITY_ONLY_NOT_PRODUCTION,557989.4742,504875.3716,9878.7574,24851,24505,-0.01770420,0.00338982,-0.02772422,-0.01770420,-9878.7574,557989.4742,OK,0.0000,395.1503,4.0000,96.0000,AG03-UNRESOLVED,ALL5_LEVELS_bet23_to_bet27,395.1503,395.1503,395.1503,0.0000,0.0000,4.000000,4.000000,4.000000,0.000000,0.000000,96.000000,96.000000,96.000000,100.000000,100.000000,5.0,1185.4509,1138.6651,8693.3065,8740.0923,PENDING_AG03,FALSE,NOT_FOR_ENFORCEMENT,9483.6071,484680.3568,9878.7574,9483.6071,395.1503,0.01770420,0.01699603,395.1503,9483.6071,0.01699603,395.1503,395.1503,395.1503,0.0000,0.0000,9483.6071,0.01699603,1185.4509,1138.6651,8693.3065,8740.0923,0.01557970,0.01566354,0.00070817,22.4534,20.6030,0.4031,82.3230,2.6463,4649.9123,204.2083,25.9152,21.1137,12.8578,14.5296,26.176,48.8436,54.2173,102.8621,13.088,0.0,3.731508,7.079487,1.545355,30,207,63,6,0.32204186,0.01770420,-0.00338982,0E-8,0.000000,0.904812,0.002133,0.03111404,2026-03-21,2026-08-06,120,3733,1703,139,0.863309,1.227414,1.154177,1.073473,,,,,,,,GLOBAL_BASELINE_NO_ENTITY_RANKING,,,NOT_APPLICABLE_GLOBAL_BASELINE,HF9g-P5,,,,X 全窗基线 · 不参与实体赏罚,15052690,1506,A168_HF9F_20260827_0900,2026-08-27 09:00:00
2026-05-21,127529701,1490,0,120.3881479945,27.4505734004,27.4505734004,0.6666667,7,7,0.50090561428571429,0.500905614286,0.8120613271247304,0.8120613271233317,0.8120613271247304,-2.8571E-13,ELIGIBLE,R03b_20260811_FULL_v1,L1_ELIGIBILITY,v2026-08-11,2026-03-21..2026-08-06,baccarat_bet02_101_all_pairs_incl_sentinel,round_win = game_pnl > 0 (decisive only),COMPATIBILITY_ONLY_NOT_PRODUCTION,557989.4742,504875.3716,9878.7574,24851,24505,-0.01770420,0.00338982,-0.02772422,-0.01770420,-9878.7574,557989.4742,OK,0.0000,395.1503,4.0000,96.0000,AG03-UNRESOLVED,ALL5_LEVELS_bet23_to_bet27,395.1503,395.1503,395.1503,0.0000,0.0000,4.000000,4.000000,4.000000,0.000000,0.000000,96.000000,96.000000,96.000000,100.000000,100.000000,5.0,1185.4509,1138.6651,8693.3065,8740.0923,PENDING_AG03,FALSE,NOT_FOR_ENFORCEMENT,9483.6071,484680.3568,9878.7574,9483.6071,395.1503,0.01770420,0.01699603,395.1503,9483.6071,0.01699603,395.1503,395.1503,395.1503,0.0000,0.0000,9483.6071,0.01699603,1185.4509,1138.6651,8693.3065,8740.0923,0.01557970,0.01566354,0.00070817,22.4534,20.6030,0.4031,82.3230,2.6463,4649.9123,204.2083,25.9152,21.1137,12.8578,14.5296,26.176,48.8436,54.2173,102.8621,13.088,0.0,3.731508,7.079487,1.545355,30,207,63,6,0.32204186,0.01770420,-0.00338982,0E-8,0.000000,0.904812,0.002133,0.03111404,2026-03-21,2026-08-06,120,3733,1703,139,0.863309,1.227414,1.154177,1.073473,,,,,,,,GLOBAL_BASELINE_NO_ENTITY_RANKING,,,NOT_APPLICABLE_GLOBAL_BASELINE,HF9g-P5,,,,X 全窗基线 · 不参与实体赏罚,15052691,1506,A168_HF9F_20260827_0900,2026-08-27 09:00:00
2026-05-21,127529701,1941,0,158.2689014581,-33.7294380157,-33.7294380157,0.4000000,6,6,0.49994810000000000,0.499948100000,-0.4469814940518811,-0.4469814940518811,-0.4469814940518811,0E-17,ELIGIBLE,R03b_20260811_FULL_v1,L1_ELIGIBILITY,v2026-08-11,2026-03-21..2026-08-06,baccarat_bet02_101_all_pairs_incl_sentinel,round_win = game_pnl > 0 (decisive only),COMPATIBILITY_ONLY_NOT_PRODUCTION,557989.4742,504875.3716,9878.7574,24851,24505,-0.01770420,0.00338982,-0.02772422,-0.01770420,-9878.7574,557989.4742,OK,0.0000,395.1503,4.0000,96.0000,AG03-UNRESOLVED,ALL5_LEVELS_bet23_to_bet27,395.1503,395.1503,395.1503,0.0000,0.0000,4.000000,4.000000,4.000000,0.000000,0.000000,96.000000,96.000000,96.000000,100.000000,100.000000,5.0,1185.4509,1138.6651,8693.3065,8740.0923,PENDING_AG03,FALSE,NOT_FOR_ENFORCEMENT,9483.6071,484680.3568,9878.7574,9483.6071,395.1503,0.01770420,0.01699603,395.1503,9483.6071,0.01699603,395.1503,395.1503,395.1503,0.0000,0.0000,9483.6071,0.01699603,1185.4509,1138.6651,8693.3065,8740.0923,0.01557970,0.01566354,0.00070817,22.4534,20.6030,0.4031,82.3230,2.6463,4649.9123,204.2083,25.9152,21.1137,12.8578,14.5296,26.176,48.8436,54.2173,102.8621,13.088,0.0,3.731508,7.079487,1.545355,30,207,63,6,0.32204186,0.01770420,-0.00338982,0E-8,0.000000,0.904812,0.002133,0.03111404,2026-03-21,2026-08-06,120,3733,1703,139,0.863309,1.227414,1.154177,1.073473,,,,,,,,GLOBAL_BASELINE_NO_ENTITY_RANKING,,,NOT_APPLICABLE_GLOBAL_BASELINE,HF9g-P5,,,,X 全窗基线 · 不参与实体赏罚,15052692,1506,A168_HF9F_20260827_0900,2026-08-27 09:00:00
2026-05-21,127529701,2088,0,207.5657724042,100.9548025531,100.9548025531,0.6666667,12,12,0.50218230000000000,0.502182300000,1.1395919749830326,1.1395919749830328,1.1395919749830326,0E-17,ELIGIBLE,R03b_20260811_FULL_v1,L1_ELIGIBILITY,v2026-08-11,2026-03-21..2026-08-06,baccarat_bet02_101_all_pairs_incl_sentinel,round_win = game_pnl > 0 (decisive only),COMPATIBILITY_ONLY_NOT_PRODUCTION,557989.4742,504875.3716,9878.7574,24851,24505,-0.01770420,0.00338982,-0.02772422,-0.01770420,-9878.7574,557989.4742,OK,0.0000,395.1503,4.0000,96.0000,AG03-UNRESOLVED,ALL5_LEVELS_bet23_to_bet27,395.1503,395.1503,395.1503,0.0000,0.0000,4.000000,4.000000,4.000000,0.000000,0.000000,96.000000,96.000000,96.000000,100.000000,100.000000,5.0,1185.4509,1138.6651,8693.3065,8740.0923,PENDING_AG03,FALSE,NOT_FOR_ENFORCEMENT,9483.6071,484680.3568,9878.7574,9483.6071,395.1503,0.01770420,0.01699603,395.1503,9483.6071,0.01699603,395.1503,395.1503,395.1503,0.0000,0.0000,9483.6071,0.01699603,1185.4509,1138.6651,8693.3065,8740.0923,0.01557970,0.01566354,0.00070817,22.4534,20.6030,0.4031,82.3230,2.6463,4649.9123,204.2083,25.9152,21.1137,12.8578,14.5296,26.176,48.8436,54.2173,102.8621,13.088,0.0,3.731508,7.079487,1.545355,30,207,63,6,0.32204186,0.01770420,-0.00338982,0E-8,0.000000,0.904812,0.002133,0.03111404,2026-03-21,2026-08-06,120,3733,1703,139,0.863309,1.227414,1.154177,1.073473,,,,,,,,GLOBAL_BASELINE_NO_ENTITY_RANKING,,,NOT_APPLICABLE_GLOBAL_BASELINE,HF9g-P5,,,,X 全窗基线 · 不参与实体赏罚,15052693,1506,A168_HF9F_20260827_0900,2026-08-27 09:00:00
2026-05-21,127529701,2115,0,45.4050127134,15.5674329303,15.5674329303,0.6666667,3,3,0.49771390000000000,0.497713900000,0.5852756695216578,0.5852756695216578,0.5852756695216578,0E-17,ELIGIBLE,R03b_20260811_FULL_v1,L1_ELIGIBILITY,v2026-08-11,2026-03-21..2026-08-06,baccarat_bet02_101_all_pairs_incl_sentinel,round_win = game_pnl > 0 (decisive only),COMPATIBILITY_ONLY_NOT_PRODUCTION,557989.4742,504875.3716,9878.7574,24851,24505,-0.01770420,0.00338982,-0.02772422,-0.01770420,-9878.7574,557989.4742,OK,0.0000,395.1503,4.0000,96.0000,AG03-UNRESOLVED,ALL5_LEVELS_bet23_to_bet27,395.1503,395.1503,395.1503,0.0000,0.0000,4.000000,4.000000,4.000000,0.000000,0.000000,96.000000,96.000000,96.000000,100.000000,100.000000,5.0,1185.4509,1138.6651,8693.3065,8740.0923,PENDING_AG03,FALSE,NOT_FOR_ENFORCEMENT,9483.6071,484680.3568,9878.7574,9483.6071,395.1503,0.01770420,0.01699603,395.1503,9483.6071,0.01699603,395.1503,395.1503,395.1503,0.0000,0.0000,9483.6071,0.01699603,1185.4509,1138.6651,8693.3065,8740.0923,0.01557970,0.01566354,0.00070817,22.4534,20.6030,0.4031,82.3230,2.6463,4649.9123,204.2083,25.9152,21.1137,12.8578,14.5296,26.176,48.8436,54.2173,102.8621,13.088,0.0,3.731508,7.079487,1.545355,30,207,63,6,0.32204186,0.01770420,-0.00338982,0E-8,0.000000,0.904812,0.002133,0.03111404,2026-03-21,2026-08-06,120,3733,1703,139,0.863309,1.227414,1.154177,1.073473,,,,,,,,GLOBAL_BASELINE_NO_ENTITY_RANKING,,,NOT_APPLICABLE_GLOBAL_BASELINE,HF9g-P5,,,,X 全窗基线 · 不参与实体赏罚,15052694,1506,A168_HF9F_20260827_0900,2026-08-27 09:00:00
2026-05-21,127529701,2127,0,90.8100254269,-2.5945721551,-2.5945721551,0.5000000,6,6,0.49324550000000000,0.493245500000,0.03309317671092531,0.03309317671092531,0.03309317671092531,0E-17,ELIGIBLE,R03b_20260811_FULL_v1,L1_ELIGIBILITY,v2026-08-11,2026-03-21..2026-08-06,baccarat_bet02_101_all_pairs_incl_sentinel,round_win = game_pnl > 0 (decisive only),COMPATIBILITY_ONLY_NOT_PRODUCTION,557989.4742,504875.3716,9878.7574,24851,24505,-0.01770420,0.00338982,-0.02772422,-0.01770420,-9878.7574,557989.4742,OK,0.0000,395.1503,4.0000,96.0000,AG03-UNRESOLVED,ALL5_LEVELS_bet23_to_bet27,395.1503,395.1503,395.1503,0.0000,0.0000,4.000000,4.000000,4.000000,0.000000,0.000000,96.000000,96.000000,96.000000,100.000000,100.000000,5.0,1185.4509,1138.6651,8693.3065,8740.0923,PENDING_AG03,FALSE,NOT_FOR_ENFORCEMENT,9483.6071,484680.3568,9878.7574,9483.6071,395.1503,0.01770420,0.01699603,395.1503,9483.6071,0.01699603,395.1503,395.1503,395.1503,0.0000,0.0000,9483.6071,0.01699603,1185.4509,1138.6651,8693.3065,8740.0923,0.01557970,0.01566354,0.00070817,22.4534,20.6030,0.4031,82.3230,2.6463,4649.9123,204.2083,25.9152,21.1137,12.8578,14.5296,26.176,48.8436,54.2173,102.8621,13.088,0.0,3.731508,7.079487,1.545355,30,207,63,6,0.32204186,0.01770420,-0.00338982,0E-8,0.000000,0.904812,0.002133,0.03111404,2026-03-21,2026-08-06,120,3733,1703,139,0.863309,1.227414,1.154177,1.073473,,,,,,,,GLOBAL_BASELINE_NO_ENTITY_RANKING,,,NOT_APPLICABLE_GLOBAL_BASELINE,HF9g-P5,,,,X 全窗基线 · 不参与实体赏罚,15052695,1506,A168_HF9F_20260827_0900,2026-08-27 09:00:00
2026-05-21,127529701,2145,0,100.6693996161,-23.2603393701,-23.2603393701,0.2500000,4,4,0.49994810000000000,0.499948100000,-0.9997924053861017,-0.9997924053861017,-0.9997924053861017,0E-17,ELIGIBLE,R03b_20260811_FULL_v1,L1_ELIGIBILITY,v2026-08-11,2026-03-21..2026-08-06,baccarat_bet02_101_all_pairs_incl_sentinel,round_win = game_pnl > 0 (decisive only),COMPATIBILITY_ONLY_NOT_PRODUCTION,557989.4742,504875.3716,9878.7574,24851,24505,-0.01770420,0.00338982,-0.02772422,-0.01770420,-9878.7574,557989.4742,OK,0.0000,395.1503,4.0000,96.0000,AG03-UNRESOLVED,ALL5_LEVELS_bet23_to_bet27,395.1503,395.1503,395.1503,0.0000,0.0000,4.000000,4.000000,4.000000,0.000000,0.000000,96.000000,96.000000,96.000000,100.000000,100.000000,5.0,1185.4509,1138.6651,8693.3065,8740.0923,PENDING_AG03,FALSE,NOT_FOR_ENFORCEMENT,9483.6071,484680.3568,9878.7574,9483.6071,395.1503,0.01770420,0.01699603,395.1503,9483.6071,0.01699603,395.1503,395.1503,395.1503,0.0000,0.0000,9483.6071,0.01699603,1185.4509,1138.6651,8693.3065,8740.0923,0.01557970,0.01566354,0.00070817,22.4534,20.6030,0.4031,82.3230,2.6463,4649.9123,204.2083,25.9152,21.1137,12.8578,14.5296,26.176,48.8436,54.2173,102.8621,13.088,0.0,3.731508,7.079487,1.545355,30,207,63,6,0.32204186,0.01770420,-0.00338982,0E-8,0.000000,0.904812,0.002133,0.03111404,2026-03-21,2026-08-06,120,3733,1703,139,0.863309,1.227414,1.154177,1.073473,,,,,,,,GLOBAL_BASELINE_NO_ENTITY_RANKING,,,NOT_APPLICABLE_GLOBAL_BASELINE,HF9g-P5,,,,X 全窗基线 · 不参与实体赏罚,15052696,1506,A168_HF9F_20260827_0900,2026-08-27 09:00:00
2026-05-21,127529701,2169,0,36.3240101707,15.5674329303,15.5674329303,0.5000000,2,2,0.49324550000000000,0.493245500000,0.01910635448239258,0.01910635448239258,0.01910635448239258,0E-17,ELIGIBLE,R03b_20260811_FULL_v1,L1_ELIGIBILITY,v2026-08-11,2026-03-21..2026-08-06,baccarat_bet02_101_all_pairs_incl_sentinel,round_win = game_pnl > 0 (decisive only),COMPATIBILITY_ONLY_NOT_PRODUCTION,557989.4742,504875.3716,9878.7574,24851,24505,-0.01770420,0.00338982,-0.02772422,-0.01770420,-9878.7574,557989.4742,OK,0.0000,395.1503,4.0000,96.0000,AG03-UNRESOLVED,ALL5_LEVELS_bet23_to_bet27,395.1503,395.1503,395.1503,0.0000,0.0000,4.000000,4.000000,4.000000,0.000000,0.000000,96.000000,96.000000,96.000000,100.000000,100.000000,5.0,1185.4509,1138.6651,8693.3065,8740.0923,PENDING_AG03,FALSE,NOT_FOR_ENFORCEMENT,9483.6071,484680.3568,9878.7574,9483.6071,395.1503,0.01770420,0.01699603,395.1503,9483.6071,0.01699603,395.1503,395.1503,395.1503,0.0000,0.0000,9483.6071,0.01699603,1185.4509,1138.6651,8693.3065,8740.0923,0.01557970,0.01566354,0.00070817,22.4534,20.6030,0.4031,82.3230,2.6463,4649.9123,204.2083,25.9152,21.1137,12.8578,14.5296,26.176,48.8436,54.2173,102.8621,13.088,0.0,3.731508,7.079487,1.545355,30,207,63,6,0.32204186,0.01770420,-0.00338982,0E-8,0.000000,0.904812,0.002133,0.03111404,2026-03-21,2026-08-06,120,3733,1703,139,0.863309,1.227414,1.154177,1.073473,,,,,,,,GLOBAL_BASELINE_NO_ENTITY_RANKING,,,NOT_APPLICABLE_GLOBAL_BASELINE,HF9g-P5,,,,X 全窗基线 · 不参与实体赏罚,15052697,1506,A168_HF9F_20260827_0900,2026-08-27 09:00:00
2026-05-21,127529701,2177,0,41.2536972654,27.5543562867,27.5543562867,1.0000000,3,3,0.50218230000000000,0.502182300000,1.4080544974538591,1.4080544974538591,1.4080544974538591,0E-17,ELIGIBLE,R03b_20260811_FULL_v1,L1_ELIGIBILITY,v2026-08-11,2026-03-21..2026-08-06,baccarat_bet02_101_all_pairs_incl_sentinel,round_win = game_pnl > 0 (decisive only),COMPATIBILITY_ONLY_NOT_PRODUCTION,557989.4742,504875.3716,9878.7574,24851,24505,-0.01770420,0.00338982,-0.02772422,-0.01770420,-9878.7574,557989.4742,OK,0.0000,395.1503,4.0000,96.0000,AG03-UNRESOLVED,ALL5_LEVELS_bet23_to_bet27,395.1503,395.1503,395.1503,0.0000,0.0000,4.000000,4.000000,4.000000,0.000000,0.000000,96.000000,96.000000,96.000000,100.000000,100.000000,5.0,1185.4509,1138.6651,8693.3065,8740.0923,PENDING_AG03,FALSE,NOT_FOR_ENFORCEMENT,9483.6071,484680.3568,9878.7574,9483.6071,395.1503,0.01770420,0.01699603,395.1503,9483.6071,0.01699603,395.1503,395.1503,395.1503,0.0000,0.0000,9483.6071,0.01699603,1185.4509,1138.6651,8693.3065,8740.0923,0.01557970,0.01566354,0.00070817,22.4534,20.6030,0.4031,82.3230,2.6463,4649.9123,204.2083,25.9152,21.1137,12.8578,14.5296,26.176,48.8436,54.2173,102.8621,13.088,0.0,3.731508,7.079487,1.545355,30,207,63,6,0.32204186,0.01770420,-0.00338982,0E-8,0.000000,0.904812,0.002133,0.03111404,2026-03-21,2026-08-06,120,3733,1703,139,0.863309,1.227414,1.154177,1.073473,,,,,,,,GLOBAL_BASELINE_NO_ENTITY_RANKING,,,NOT_APPLICABLE_GLOBAL_BASELINE,HF9g-P5,,,,X 全窗基线 · 不参与实体赏罚,15052698,1506,A168_HF9F_20260827_0900,2026-08-27 09:00:00
2026-05-21,127529701,2201,0,51.8914431010,-51.8914431010,-51.8914431010,0E-7,1,1,0.50665070000000000,0.506650700000,-1.013391052207602,-1.013391052207602,-1.013391052207602,0E-17,ELIGIBLE,R03b_20260811_FULL_v1,L1_ELIGIBILITY,v2026-08-11,2026-03-21..2026-08-06,baccarat_bet02_101_all_pairs_incl_sentinel,round_win = game_pnl > 0 (decisive only),COMPATIBILITY_ONLY_NOT_PRODUCTION,557989.4742,504875.3716,9878.7574,24851,24505,-0.01770420,0.00338982,-0.02772422,-0.01770420,-9878.7574,557989.4742,OK,0.0000,395.1503,4.0000,96.0000,AG03-UNRESOLVED,ALL5_LEVELS_bet23_to_bet27,395.1503,395.1503,395.1503,0.0000,0.0000,4.000000,4.000000,4.000000,0.000000,0.000000,96.000000,96.000000,96.000000,100.000000,100.000000,5.0,1185.4509,1138.6651,8693.3065,8740.0923,PENDING_AG03,FALSE,NOT_FOR_ENFORCEMENT,9483.6071,484680.3568,9878.7574,9483.6071,395.1503,0.01770420,0.01699603,395.1503,9483.6071,0.01699603,395.1503,395.1503,395.1503,0.0000,0.0000,9483.6071,0.01699603,1185.4509,1138.6651,8693.3065,8740.0923,0.01557970,0.01566354,0.00070817,22.4534,20.6030,0.4031,82.3230,2.6463,4649.9123,204.2083,25.9152,21.1137,12.8578,14.5296,26.176,48.8436,54.2173,102.8621,13.088,0.0,3.731508,7.079487,1.545355,30,207,63,6,0.32204186,0.01770420,-0.00338982,0E-8,0.000000,0.904812,0.002133,0.03111404,2026-03-21,2026-08-06,120,3733,1703,139,0.863309,1.227414,1.154177,1.073473,,,,,,,,GLOBAL_BASELINE_NO_ENTITY_RANKING,,,NOT_APPLICABLE_GLOBAL_BASELINE,HF9g-P5,,,,X 全窗基线 · 不参与实体赏罚,15052699,1506,A168_HF9F_20260827_0900,2026-08-27 09:00:00
2026-05-21,127529701,2246,0,198.7442270771,-23.4160136994,-23.4160136994,0.5000000,11,11,0.50055742727272727,0.500557427273,-0.003525481814340578,-0.0035254818160654774,-0.003525481814340578,-2.7273E-13,ELIGIBLE,R03b_20260811_FULL_v1,L1_ELIGIBILITY,v2026-08-11,2026-03-21..2026-08-06,baccarat_bet02_101_all_pairs_incl_sentinel,round_win = game_pnl > 0 (decisive only),COMPATIBILITY_ONLY_NOT_PRODUCTION,557989.4742,504875.3716,9878.7574,24851,24505,-0.01770420,0.00338982,-0.02772422,-0.01770420,-9878.7574,557989.4742,OK,0.0000,395.1503,4.0000,96.0000,AG03-UNRESOLVED,ALL5_LEVELS_bet23_to_bet27,395.1503,395.1503,395.1503,0.0000,0.0000,4.000000,4.000000,4.000000,0.000000,0.000000,96.000000,96.000000,96.000000,100.000000,100.000000,5.0,1185.4509,1138.6651,8693.3065,8740.0923,PENDING_AG03,FALSE,NOT_FOR_ENFORCEMENT,9483.6071,484680.3568,9878.7574,9483.6071,395.1503,0.01770420,0.01699603,395.1503,9483.6071,0.01699603,395.1503,395.1503,395.1503,0.0000,0.0000,9483.6071,0.01699603,1185.4509,1138.6651,8693.3065,8740.0923,0.01557970,0.01566354,0.00070817,22.4534,20.6030,0.4031,82.3230,2.6463,4649.9123,204.2083,25.9152,21.1137,12.8578,14.5296,26.176,48.8436,54.2173,102.8621,13.088,0.0,3.731508,7.079487,1.545355,30,207,63,6,0.32204186,0.01770420,-0.00338982,0E-8,0.000000,0.904812,0.002133,0.03111404,2026-03-21,2026-08-06,120,3733,1703,139,0.863309,1.227414,1.154177,1.073473,,,,,,,,GLOBAL_BASELINE_NO_ENTITY_RANKING,,,NOT_APPLICABLE_GLOBAL_BASELINE,HF9g-P5,,,,X 全窗基线 · 不参与实体赏罚,15052700,1506,A168_HF9F_20260827_0900,2026-08-27 09:00:00
2026-05-21,127529701,529,0,12.9728607753,-12.9728607753,-12.9728607753,0E-7,1,1,0.49324550000000000,0.493245500000,-0.9865810262130424,-0.9865810262130424,-0.9865810262130424,0E-17,ELIGIBLE,R03b_20260811_FULL_v1,L1_ELIGIBILITY,v2026-08-11,2026-03-21..2026-08-06,baccarat_bet02_101_all_pairs_incl_sentinel,round_win = game_pnl > 0 (decisive only),COMPATIBILITY_ONLY_NOT_PRODUCTION,557989.4742,504875.3716,9878.7574,24851,24505,-0.01770420,0.00338982,-0.02772422,-0.01770420,-9878.7574,557989.4742,OK,0.0000,395.1503,4.0000,96.0000,AG03-UNRESOLVED,ALL5_LEVELS_bet23_to_bet27,395.1503,395.1503,395.1503,0.0000,0.0000,4.000000,4.000000,4.000000,0.000000,0.000000,96.000000,96.000000,96.000000,100.000000,100.000000,5.0,1185.4509,1138.6651,8693.3065,8740.0923,PENDING_AG03,FALSE,NOT_FOR_ENFORCEMENT,9483.6071,484680.3568,9878.7574,9483.6071,395.1503,0.01770420,0.01699603,395.1503,9483.6071,0.01699603,395.1503,395.1503,395.1503,0.0000,0.0000,9483.6071,0.01699603,1185.4509,1138.6651,8693.3065,8740.0923,0.01557970,0.01566354,0.00070817,22.4534,20.6030,0.4031,82.3230,2.6463,4649.9123,204.2083,25.9152,21.1137,12.8578,14.5296,26.176,48.8436,54.2173,102.8621,13.088,0.0,3.731508,7.079487,1.545355,30,207,63,6,0.32204186,0.01770420,-0.00338982,0E-8,0.000000,0.904812,0.002133,0.03111404,2026-03-21,2026-08-06,120,3733,1703,139,0.863309,1.227414,1.154177,1.073473,,,,,,,,GLOBAL_BASELINE_NO_ENTITY_RANKING,,,NOT_APPLICABLE_GLOBAL_BASELINE,HF9g-P5,,,,X 全窗基线 · 不参与实体赏罚,15052701,1506,A168_HF9F_20260827_0900,2026-08-27 09:00:00
2026-05-21,127529701,789,0,79.1344507292,-38.3348035910,-38.3348035910,0.2500000,5,5,0.50128862000000000,0.501288620000,-1.0051578182180947,-1.0051578182180947,-1.0051578182180947,0E-17,ELIGIBLE,R03b_20260811_FULL_v1,L1_ELIGIBILITY,v2026-08-11,2026-03-21..2026-08-06,baccarat_bet02_101_all_pairs_incl_sentinel,round_win = game_pnl > 0 (decisive only),COMPATIBILITY_ONLY_NOT_PRODUCTION,557989.4742,504875.3716,9878.7574,24851,24505,-0.01770420,0.00338982,-0.02772422,-0.01770420,-9878.7574,557989.4742,OK,0.0000,395.1503,4.0000,96.0000,AG03-UNRESOLVED,ALL5_LEVELS_bet23_to_bet27,395.1503,395.1503,395.1503,0.0000,0.0000,4.000000,4.000000,4.000000,0.000000,0.000000,96.000000,96.000000,96.000000,100.000000,100.000000,5.0,1185.4509,1138.6651,8693.3065,8740.0923,PENDING_AG03,FALSE,NOT_FOR_ENFORCEMENT,9483.6071,484680.3568,9878.7574,9483.6071,395.1503,0.01770420,0.01699603,395.1503,9483.6071,0.01699603,395.1503,395.1503,395.1503,0.0000,0.0000,9483.6071,0.01699603,1185.4509,1138.6651,8693.3065,8740.0923,0.01557970,0.01566354,0.00070817,22.4534,20.6030,0.4031,82.3230,2.6463,4649.9123,204.2083,25.9152,21.1137,12.8578,14.5296,26.176,48.8436,54.2173,102.8621,13.088,0.0,3.731508,7.079487,1.545355,30,207,63,6,0.32204186,0.01770420,-0.00338982,0E-8,0.000000,0.904812,0.002133,0.03111404,2026-03-21,2026-08-06,120,3733,1703,139,0.863309,1.227414,1.154177,1.073473,,,,,,,,GLOBAL_BASELINE_NO_ENTITY_RANKING,,,NOT_APPLICABLE_GLOBAL_BASELINE,HF9g-P5,,,,X 全窗基线 · 不参与实体赏罚,15052702,1506,A168_HF9F_20260827_0900,2026-08-27 09:00:00
2026-05-21,127529701,970,0,39.6969539723,13.7512324217,13.7512324217,0.3333333,3,3,0.49771390000000000,0.497713900000,-0.5694369385616226,-0.5694369385616226,-0.5694369385616226,0E-17,ELIGIBLE,R03b_20260811_FULL_v1,L1_ELIGIBILITY,v2026-08-11,2026-03-21..2026-08-06,baccarat_bet02_101_all_pairs_incl_sentinel,round_win = game_pnl > 0 (decisive only),COMPATIBILITY_ONLY_NOT_PRODUCTION,557989.4742,504875.3716,9878.7574,24851,24505,-0.01770420,0.00338982,-0.02772422,-0.01770420,-9878.7574,557989.4742,OK,0.0000,395.1503,4.0000,96.0000,AG03-UNRESOLVED,ALL5_LEVELS_bet23_to_bet27,395.1503,395.1503,395.1503,0.0000,0.0000,4.000000,4.000000,4.000000,0.000000,0.000000,96.000000,96.000000,96.000000,100.000000,100.000000,5.0,1185.4509,1138.6651,8693.3065,8740.0923,PENDING_AG03,FALSE,NOT_FOR_ENFORCEMENT,9483.6071,484680.3568,9878.7574,9483.6071,395.1503,0.01770420,0.01699603,395.1503,9483.6071,0.01699603,395.1503,395.1503,395.1503,0.0000,0.0000,9483.6071,0.01699603,1185.4509,1138.6651,8693.3065,8740.0923,0.01557970,0.01566354,0.00070817,22.4534,20.6030,0.4031,82.3230,2.6463,4649.9123,204.2083,25.9152,21.1137,12.8578,14.5296,26.176,48.8436,54.2173,102.8621,13.088,0.0,3.731508,7.079487,1.545355,30,207,63,6,0.32204186,0.01770420,-0.00338982,0E-8,0.000000,0.904812,0.002133,0.03111404,2026-03-21,2026-08-06,120,3733,1703,139,0.863309,1.227414,1.154177,1.073473,,,,,,,,GLOBAL_BASELINE_NO_ENTITY_RANKING,,,NOT_APPLICABLE_GLOBAL_BASELINE,HF9g-P5,,,,X 全窗基线 · 不参与实体赏罚,15052703,1506,A168_HF9F_20260827_0900,2026-08-27 09:00:00
2026-05-21,127529701,987,0,101.1883140470,41.6428830886,41.6428830886,0.7500000,5,5,0.50396966000000000,0.503969660000,0.9841523774297893,0.9841523774297894,0.9841523774297893,0E-17,ELIGIBLE,R03b_20260811_FULL_v1,L1_ELIGIBILITY,v2026-08-11,2026-03-21..2026-08-06,baccarat_bet02_101_all_pairs_incl_sentinel,round_win = game_pnl > 0 (decisive only),COMPATIBILITY_ONLY_NOT_PRODUCTION,557989.4742,504875.3716,9878.7574,24851,24505,-0.01770420,0.00338982,-0.02772422,-0.01770420,-9878.7574,557989.4742,OK,0.0000,395.1503,4.0000,96.0000,AG03-UNRESOLVED,ALL5_LEVELS_bet23_to_bet27,395.1503,395.1503,395.1503,0.0000,0.0000,4.000000,4.000000,4.000000,0.000000,0.000000,96.000000,96.000000,96.000000,100.000000,100.000000,5.0,1185.4509,1138.6651,8693.3065,8740.0923,PENDING_AG03,FALSE,NOT_FOR_ENFORCEMENT,9483.6071,484680.3568,9878.7574,9483.6071,395.1503,0.01770420,0.01699603,395.1503,9483.6071,0.01699603,395.1503,395.1503,395.1503,0.0000,0.0000,9483.6071,0.01699603,1185.4509,1138.6651,8693.3065,8740.0923,0.01557970,0.01566354,0.00070817,22.4534,20.6030,0.4031,82.3230,2.6463,4649.9123,204.2083,25.9152,21.1137,12.8578,14.5296,26.176,48.8436,54.2173,102.8621,13.088,0.0,3.731508,7.079487,1.545355,30,207,63,6,0.32204186,0.01770420,-0.00338982,0E-8,0.000000,0.904812,0.002133,0.03111404,2026-03-21,2026-08-06,120,3733,1703,139,0.863309,1.227414,1.154177,1.073473,,,,,,,,GLOBAL_BASELINE_NO_ENTITY_RANKING,,,NOT_APPLICABLE_GLOBAL_BASELINE,HF9g-P5,,,,X 全窗基线 · 不参与实体赏罚,15052704,1506,A168_HF9F_20260827_0900,2026-08-27 09:00:00
2026-05-22,127529701,-1,1,985.6779617038,-181.6200508534,-181.6200508534,0.4166667,28,28,0.49994810000000000,0.499948100000,-0.8159880712530315,-0.8159880712530315,-0.8159880712530315,0E-17,SENTINEL_DEALER,R03b_20260811_FULL_v1,L1_ELIGIBILITY,v2026-08-11,2026-03-21..2026-08-06,baccarat_bet02_101_all_pairs_incl_sentinel,round_win = game_pnl > 0 (decisive only),COMPATIBILITY_ONLY_NOT_PRODUCTION,557989.4742,504875.3716,9878.7574,24851,24505,-0.01770420,0.00338982,-0.02772422,-0.01770420,-9878.7574,557989.4742,OK,0.0000,395.1503,4.0000,96.0000,AG03-UNRESOLVED,ALL5_LEVELS_bet23_to_bet27,395.1503,395.1503,395.1503,0.0000,0.0000,4.000000,4.000000,4.000000,0.000000,0.000000,96.000000,96.000000,96.000000,100.000000,100.000000,5.0,1185.4509,1138.6651,8693.3065,8740.0923,PENDING_AG03,FALSE,NOT_FOR_ENFORCEMENT,9483.6071,484680.3568,9878.7574,9483.6071,395.1503,0.01770420,0.01699603,395.1503,9483.6071,0.01699603,395.1503,395.1503,395.1503,0.0000,0.0000,9483.6071,0.01699603,1185.4509,1138.6651,8693.3065,8740.0923,0.01557970,0.01566354,0.00070817,22.4534,20.6030,0.4031,82.3230,2.6463,4649.9123,204.2083,25.9152,21.1137,12.8578,14.5296,26.176,48.8436,54.2173,102.8621,13.088,0.0,3.731508,7.079487,1.545355,30,207,63,6,0.32204186,0.01770420,-0.00338982,0E-8,0.000000,0.904812,0.002133,0.03111404,2026-03-21,2026-08-06,120,3733,1703,139,0.863309,1.227414,1.154177,1.073473,,,,,,,,GLOBAL_BASELINE_NO_ENTITY_RANKING,,,NOT_APPLICABLE_GLOBAL_BASELINE,HF9g-P5,,,,X 全窗基线 · 不参与实体赏罚,15052705,1506,A168_HF9F_20260827_0900,2026-08-27 09:00:00
2026-05-22,127529701,1384,0,120.6476052099,51.7617144933,51.7617144933,0.7500000,5,5,0.50128862000000000,0.501288620000,0.9948488239810122,0.9948488239810122,0.9948488239810122,0E-17,ELIGIBLE,R03b_20260811_FULL_v1,L1_ELIGIBILITY,v2026-08-11,2026-03-21..2026-08-06,baccarat_bet02_101_all_pairs_incl_sentinel,round_win = game_pnl > 0 (decisive only),COMPATIBILITY_ONLY_NOT_PRODUCTION,557989.4742,504875.3716,9878.7574,24851,24505,-0.01770420,0.00338982,-0.02772422,-0.01770420,-9878.7574,557989.4742,OK,0.0000,395.1503,4.0000,96.0000,AG03-UNRESOLVED,ALL5_LEVELS_bet23_to_bet27,395.1503,395.1503,395.1503,0.0000,0.0000,4.000000,4.000000,4.000000,0.000000,0.000000,96.000000,96.000000,96.000000,100.000000,100.000000,5.0,1185.4509,1138.6651,8693.3065,8740.0923,PENDING_AG03,FALSE,NOT_FOR_ENFORCEMENT,9483.6071,484680.3568,9878.7574,9483.6071,395.1503,0.01770420,0.01699603,395.1503,9483.6071,0.01699603,395.1503,395.1503,395.1503,0.0000,0.0000,9483.6071,0.01699603,1185.4509,1138.6651,8693.3065,8740.0923,0.01557970,0.01566354,0.00070817,22.4534,20.6030,0.4031,82.3230,2.6463,4649.9123,204.2083,25.9152,21.1137,12.8578,14.5296,26.176,48.8436,54.2173,102.8621,13.088,0.0,3.731508,7.079487,1.545355,30,207,63,6,0.32204186,0.01770420,-0.00338982,0E-8,0.000000,0.904812,0.002133,0.03111404,2026-03-21,2026-08-06,120,3733,1703,139,0.863309,1.227414,1.154177,1.073473,,,,,,,,GLOBAL_BASELINE_NO_ENTITY_RANKING,,,NOT_APPLICABLE_GLOBAL_BASELINE,HF9g-P5,,,,X 全窗基线 · 不参与实体赏罚,15052706,1506,A168_HF9F_20260827_0900,2026-08-27 09:00:00
2026-05-22,127529701,2123,0,116.7557469773,-38.9185823257,-38.9185823257,0.3333333,3,3,0.49771390000000000,0.497713900000,-0.5694369385616226,-0.5694369385616226,-0.5694369385616226,0E-17,ELIGIBLE,R03b_20260811_FULL_v1,L1_ELIGIBILITY,v2026-08-11,2026-03-21..2026-08-06,baccarat_bet02_101_all_pairs_incl_sentinel,round_win = game_pnl > 0 (decisive only),COMPATIBILITY_ONLY_NOT_PRODUCTION,557989.4742,504875.3716,9878.7574,24851,24505,-0.01770420,0.00338982,-0.02772422,-0.01770420,-9878.7574,557989.4742,OK,0.0000,395.1503,4.0000,96.0000,AG03-UNRESOLVED,ALL5_LEVELS_bet23_to_bet27,395.1503,395.1503,395.1503,0.0000,0.0000,4.000000,4.000000,4.000000,0.000000,0.000000,96.000000,96.000000,96.000000,100.000000,100.000000,5.0,1185.4509,1138.6651,8693.3065,8740.0923,PENDING_AG03,FALSE,NOT_FOR_ENFORCEMENT,9483.6071,484680.3568,9878.7574,9483.6071,395.1503,0.01770420,0.01699603,395.1503,9483.6071,0.01699603,395.1503,395.1503,395.1503,0.0000,0.0000,9483.6071,0.01699603,1185.4509,1138.6651,8693.3065,8740.0923,0.01557970,0.01566354,0.00070817,22.4534,20.6030,0.4031,82.3230,2.6463,4649.9123,204.2083,25.9152,21.1137,12.8578,14.5296,26.176,48.8436,54.2173,102.8621,13.088,0.0,3.731508,7.079487,1.545355,30,207,63,6,0.32204186,0.01770420,-0.00338982,0E-8,0.000000,0.904812,0.002133,0.03111404,2026-03-21,2026-08-06,120,3733,1703,139,0.863309,1.227414,1.154177,1.073473,,,,,,,,GLOBAL_BASELINE_NO_ENTITY_RANKING,,,NOT_APPLICABLE_GLOBAL_BASELINE,HF9g-P5,,,,X 全窗基线 · 不参与实体赏罚,15052707,1506,A168_HF9F_20260827_0900,2026-08-27 09:00:00
2026-05-22,127529701,2145,0,476.1039904520,-103.7828862020,-103.7828862020,0.4000000,17,17,0.49639966470588235,0.496399664706,-0.7467279510167021,-0.7467279510176122,-0.7467279510167021,-1.1765E-13,ELIGIBLE,R03b_20260811_FULL_v1,L1_ELIGIBILITY,v2026-08-11,2026-03-21..2026-08-06,baccarat_bet02_101_all_pairs_incl_sentinel,round_win = game_pnl > 0 (decisive only),COMPATIBILITY_ONLY_NOT_PRODUCTION,557989.4742,504875.3716,9878.7574,24851,24505,-0.01770420,0.00338982,-0.02772422,-0.01770420,-9878.7574,557989.4742,OK,0.0000,395.1503,4.0000,96.0000,AG03-UNRESOLVED,ALL5_LEVELS_bet23_to_bet27,395.1503,395.1503,395.1503,0.0000,0.0000,4.000000,4.000000,4.000000,0.000000,0.000000,96.000000,96.000000,96.000000,100.000000,100.000000,5.0,1185.4509,1138.6651,8693.3065,8740.0923,PENDING_AG03,FALSE,NOT_FOR_ENFORCEMENT,9483.6071,484680.3568,9878.7574,9483.6071,395.1503,0.01770420,0.01699603,395.1503,9483.6071,0.01699603,395.1503,395.1503,395.1503,0.0000,0.0000,9483.6071,0.01699603,1185.4509,1138.6651,8693.3065,8740.0923,0.01557970,0.01566354,0.00070817,22.4534,20.6030,0.4031,82.3230,2.6463,4649.9123,204.2083,25.9152,21.1137,12.8578,14.5296,26.176,48.8436,54.2173,102.8621,13.088,0.0,3.731508,7.079487,1.545355,30,207,63,6,0.32204186,0.01770420,-0.00338982,0E-8,0.000000,0.904812,0.002133,0.03111404,2026-03-21,2026-08-06,120,3733,1703,139,0.863309,1.227414,1.154177,1.073473,,,,,,,,GLOBAL_BASELINE_NO_ENTITY_RANKING,,,NOT_APPLICABLE_GLOBAL_BASELINE,HF9g-P5,,,,X 全窗基线 · 不参与实体赏罚,15052708,1506,A168_HF9F_20260827_0900,2026-08-27 09:00:00
2026-05-22,127529701,2169,0,76.0209641430,-12.7782678637,-12.7782678637,0.5000000,4,4,0.49994810000000000,0.499948100000,0.00020760000111838688,0.00020760000111838688,0.00020760000111838688,0E-17,ELIGIBLE,R03b_20260811_FULL_v1,L1_ELIGIBILITY,v2026-08-11,2026-03-21..2026-08-06,baccarat_bet02_101_all_pairs_incl_sentinel,round_win = game_pnl > 0 (decisive only),COMPATIBILITY_ONLY_NOT_PRODUCTION,557989.4742,504875.3716,9878.7574,24851,24505,-0.01770420,0.00338982,-0.02772422,-0.01770420,-9878.7574,557989.4742,OK,0.0000,395.1503,4.0000,96.0000,AG03-UNRESOLVED,ALL5_LEVELS_bet23_to_bet27,395.1503,395.1503,395.1503,0.0000,0.0000,4.000000,4.000000,4.000000,0.000000,0.000000,96.000000,96.000000,96.000000,100.000000,100.000000,5.0,1185.4509,1138.6651,8693.3065,8740.0923,PENDING_AG03,FALSE,NOT_FOR_ENFORCEMENT,9483.6071,484680.3568,9878.7574,9483.6071,395.1503,0.01770420,0.01699603,395.1503,9483.6071,0.01699603,395.1503,395.1503,395.1503,0.0000,0.0000,9483.6071,0.01699603,1185.4509,1138.6651,8693.3065,8740.0923,0.01557970,0.01566354,0.00070817,22.4534,20.6030,0.4031,82.3230,2.6463,4649.9123,204.2083,25.9152,21.1137,12.8578,14.5296,26.176,48.8436,54.2173,102.8621,13.088,0.0,3.731508,7.079487,1.545355,30,207,63,6,0.32204186,0.01770420,-0.00338982,0E-8,0.000000,0.904812,0.002133,0.03111404,2026-03-21,2026-08-06,120,3733,1703,139,0.863309,1.227414,1.154177,1.073473,,,,,,,,GLOBAL_BASELINE_NO_ENTITY_RANKING,,,NOT_APPLICABLE_GLOBAL_BASELINE,HF9g-P5,,,,X 全窗基线 · 不参与实体赏罚,15052709,1506,A168_HF9F_20260827_0900,2026-08-27 09:00:00
2026-05-23,127529701,-1,1,180.3227647760,-37.6212962483,-37.6212962483,0.3333333,11,11,0.49812011818181818,0.498120118182,-0.9887276973552708,-0.9887276973563605,-0.9887276973552708,-1.8182E-13,SENTINEL_DEALER,R03b_20260811_FULL_v1,L1_ELIGIBILITY,v2026-08-11,2026-03-21..2026-08-06,baccarat_bet02_101_all_pairs_incl_sentinel,round_win = game_pnl > 0 (decisive only),COMPATIBILITY_ONLY_NOT_PRODUCTION,557989.4742,504875.3716,9878.7574,24851,24505,-0.01770420,0.00338982,-0.02772422,-0.01770420,-9878.7574,557989.4742,OK,0.0000,395.1503,4.0000,96.0000,AG03-UNRESOLVED,ALL5_LEVELS_bet23_to_bet27,395.1503,395.1503,395.1503,0.0000,0.0000,4.000000,4.000000,4.000000,0.000000,0.000000,96.000000,96.000000,96.000000,100.000000,100.000000,5.0,1185.4509,1138.6651,8693.3065,8740.0923,PENDING_AG03,FALSE,NOT_FOR_ENFORCEMENT,9483.6071,484680.3568,9878.7574,9483.6071,395.1503,0.01770420,0.01699603,395.1503,9483.6071,0.01699603,395.1503,395.1503,395.1503,0.0000,0.0000,9483.6071,0.01699603,1185.4509,1138.6651,8693.3065,8740.0923,0.01557970,0.01566354,0.00070817,22.4534,20.6030,0.4031,82.3230,2.6463,4649.9123,204.2083,25.9152,21.1137,12.8578,14.5296,26.176,48.8436,54.2173,102.8621,13.088,0.0,3.731508,7.079487,1.545355,30,207,63,6,0.32204186,0.01770420,-0.00338982,0E-8,0.000000,0.904812,0.002133,0.03111404,2026-03-21,2026-08-06,120,3733,1703,139,0.863309,1.227414,1.154177,1.073473,,,,,,,,GLOBAL_BASELINE_NO_ENTITY_RANKING,,,NOT_APPLICABLE_GLOBAL_BASELINE,HF9g-P5,,,,X 全窗基线 · 不参与实体赏罚,15052710,1506,A168_HF9F_20260827_0900,2026-08-27 09:00:00
2026-05-23,127529701,1109,0,5.1891443101,-5.1891443101,-5.1891443101,0E-7,1,1,0.49324550000000000,0.493245500000,-0.9865810262130424,-0.9865810262130424,-0.9865810262130424,0E-17,ELIGIBLE,R03b_20260811_FULL_v1,L1_ELIGIBILITY,v2026-08-11,2026-03-21..2026-08-06,baccarat_bet02_101_all_pairs_incl_sentinel,round_win = game_pnl > 0 (decisive only),COMPATIBILITY_ONLY_NOT_PRODUCTION,557989.4742,504875.3716,9878.7574,24851,24505,-0.01770420,0.00338982,-0.02772422,-0.01770420,-9878.7574,557989.4742,OK,0.0000,395.1503,4.0000,96.0000,AG03-UNRESOLVED,ALL5_LEVELS_bet23_to_bet27,395.1503,395.1503,395.1503,0.0000,0.0000,4.000000,4.000000,4.000000,0.000000,0.000000,96.000000,96.000000,96.000000,100.000000,100.000000,5.0,1185.4509,1138.6651,8693.3065,8740.0923,PENDING_AG03,FALSE,NOT_FOR_ENFORCEMENT,9483.6071,484680.3568,9878.7574,9483.6071,395.1503,0.01770420,0.01699603,395.1503,9483.6071,0.01699603,395.1503,395.1503,395.1503,0.0000,0.0000,9483.6071,0.01699603,1185.4509,1138.6651,8693.3065,8740.0923,0.01557970,0.01566354,0.00070817,22.4534,20.6030,0.4031,82.3230,2.6463,4649.9123,204.2083,25.9152,21.1137,12.8578,14.5296,26.176,48.8436,54.2173,102.8621,13.088,0.0,3.731508,7.079487,1.545355,30,207,63,6,0.32204186,0.01770420,-0.00338982,0E-8,0.000000,0.904812,0.002133,0.03111404,2026-03-21,2026-08-06,120,3733,1703,139,0.863309,1.227414,1.154177,1.073473,,,,,,,,GLOBAL_BASELINE_NO_ENTITY_RANKING,,,NOT_APPLICABLE_GLOBAL_BASELINE,HF9g-P5,,,,X 全窗基线 · 不参与实体赏罚,15052711,1506,A168_HF9F_20260827_0900,2026-08-27 09:00:00
2026-05-23,127529701,1205,0,23.3511493955,22.1835919257,22.1835919257,1.0000000,2,2,0.50665070000000000,0.506650700000,1.3955260008387969,1.3955260008387969,1.3955260008387969,0E-17,ELIGIBLE,R03b_20260811_FULL_v1,L1_ELIGIBILITY,v2026-08-11,2026-03-21..2026-08-06,baccarat_bet02_101_all_pairs_incl_sentinel,round_win = game_pnl > 0 (decisive only),COMPATIBILITY_ONLY_NOT_PRODUCTION,557989.4742,504875.3716,9878.7574,24851,24505,-0.01770420,0.00338982,-0.02772422,-0.01770420,-9878.7574,557989.4742,OK,0.0000,395.1503,4.0000,96.0000,AG03-UNRESOLVED,ALL5_LEVELS_bet23_to_bet27,395.1503,395.1503,395.1503,0.0000,0.0000,4.000000,4.000000,4.000000,0.000000,0.000000,96.000000,96.000000,96.000000,100.000000,100.000000,5.0,1185.4509,1138.6651,8693.3065,8740.0923,PENDING_AG03,FALSE,NOT_FOR_ENFORCEMENT,9483.6071,484680.3568,9878.7574,9483.6071,395.1503,0.01770420,0.01699603,395.1503,9483.6071,0.01699603,395.1503,395.1503,395.1503,0.0000,0.0000,9483.6071,0.01699603,1185.4509,1138.6651,8693.3065,8740.0923,0.01557970,0.01566354,0.00070817,22.4534,20.6030,0.4031,82.3230,2.6463,4649.9123,204.2083,25.9152,21.1137,12.8578,14.5296,26.176,48.8436,54.2173,102.8621,13.088,0.0,3.731508,7.079487,1.545355,30,207,63,6,0.32204186,0.01770420,-0.00338982,0E-8,0.000000,0.904812,0.002133,0.03111404,2026-03-21,2026-08-06,120,3733,1703,139,0.863309,1.227414,1.154177,1.073473,,,,,,,,GLOBAL_BASELINE_NO_ENTITY_RANKING,,,NOT_APPLICABLE_GLOBAL_BASELINE,HF9g-P5,,,,X 全窗基线 · 不参与实体赏罚,15052712,1506,A168_HF9F_20260827_0900,2026-08-27 09:00:00
2026-05-23,127529701,1210,0,122.4638057186,-52.4103575321,-52.4103575321,0.2857143,8,8,0.49492115000000000,0.494921150000,-1.107075785822481,-1.107075785822481,-1.107075785822481,0E-17,ELIGIBLE,R03b_20260811_FULL_v1,L1_ELIGIBILITY,v2026-08-11,2026-03-21..2026-08-06,baccarat_bet02_101_all_pairs_incl_sentinel,round_win = game_pnl > 0 (decisive only),COMPATIBILITY_ONLY_NOT_PRODUCTION,557989.4742,504875.3716,9878.7574,24851,24505,-0.01770420,0.00338982,-0.02772422,-0.01770420,-9878.7574,557989.4742,OK,0.0000,395.1503,4.0000,96.0000,AG03-UNRESOLVED,ALL5_LEVELS_bet23_to_bet27,395.1503,395.1503,395.1503,0.0000,0.0000,4.000000,4.000000,4.000000,0.000000,0.000000,96.000000,96.000000,96.000000,100.000000,100.000000,5.0,1185.4509,1138.6651,8693.3065,8740.0923,PENDING_AG03,FALSE,NOT_FOR_ENFORCEMENT,9483.6071,484680.3568,9878.7574,9483.6071,395.1503,0.01770420,0.01699603,395.1503,9483.6071,0.01699603,395.1503,395.1503,395.1503,0.0000,0.0000,9483.6071,0.01699603,1185.4509,1138.6651,8693.3065,8740.0923,0.01557970,0.01566354,0.00070817,22.4534,20.6030,0.4031,82.3230,2.6463,4649.9123,204.2083,25.9152,21.1137,12.8578,14.5296,26.176,48.8436,54.2173,102.8621,13.088,0.0,3.731508,7.079487,1.545355,30,207,63,6,0.32204186,0.01770420,-0.00338982,0E-8,0.000000,0.904812,0.002133,0.03111404,2026-03-21,2026-08-06,120,3733,1703,139,0.863309,1.227414,1.154177,1.073473,,,,,,,,GLOBAL_BASELINE_NO_ENTITY_RANKING,,,NOT_APPLICABLE_GLOBAL_BASELINE,HF9g-P5,,,,X 全窗基线 · 不参与实体赏罚,15052713,1506,A168_HF9F_20260827_0900,2026-08-27 09:00:00
2026-05-23,127529701,1306,0,179.2849359141,12.9079964713,12.9079964713,0.5000000,11,11,0.50299473636363636,0.502994736364,-0.0189407155422541,-0.018940715544554086,-0.0189407155422541,-3.6364E-13,ELIGIBLE,R03b_20260811_FULL_v1,L1_ELIGIBILITY,v2026-08-11,2026-03-21..2026-08-06,baccarat_bet02_101_all_pairs_incl_sentinel,round_win = game_pnl > 0 (decisive only),COMPATIBILITY_ONLY_NOT_PRODUCTION,557989.4742,504875.3716,9878.7574,24851,24505,-0.01770420,0.00338982,-0.02772422,-0.01770420,-9878.7574,557989.4742,OK,0.0000,395.1503,4.0000,96.0000,AG03-UNRESOLVED,ALL5_LEVELS_bet23_to_bet27,395.1503,395.1503,395.1503,0.0000,0.0000,4.000000,4.000000,4.000000,0.000000,0.000000,96.000000,96.000000,96.000000,100.000000,100.000000,5.0,1185.4509,1138.6651,8693.3065,8740.0923,PENDING_AG03,FALSE,NOT_FOR_ENFORCEMENT,9483.6071,484680.3568,9878.7574,9483.6071,395.1503,0.01770420,0.01699603,395.1503,9483.6071,0.01699603,395.1503,395.1503,395.1503,0.0000,0.0000,9483.6071,0.01699603,1185.4509,1138.6651,8693.3065,8740.0923,0.01557970,0.01566354,0.00070817,22.4534,20.6030,0.4031,82.3230,2.6463,4649.9123,204.2083,25.9152,21.1137,12.8578,14.5296,26.176,48.8436,54.2173,102.8621,13.088,0.0,3.731508,7.079487,1.545355,30,207,63,6,0.32204186,0.01770420,-0.00338982,0E-8,0.000000,0.904812,0.002133,0.03111404,2026-03-21,2026-08-06,120,3733,1703,139,0.863309,1.227414,1.154177,1.073473,,,,,,,,GLOBAL_BASELINE_NO_ENTITY_RANKING,,,NOT_APPLICABLE_GLOBAL_BASELINE,HF9g-P5,,,,X 全窗基线 · 不参与实体赏罚,15052714,1506,A168_HF9F_20260827_0900,2026-08-27 09:00:00
2026-05-23,127529701,1353,0,41.5131544809,14.9187898915,14.9187898915,0.6666667,3,3,0.49771390000000000,0.497713900000,0.5852756695216578,0.5852756695216578,0.5852756695216578,0E-17,ELIGIBLE,R03b_20260811_FULL_v1,L1_ELIGIBILITY,v2026-08-11,2026-03-21..2026-08-06,baccarat_bet02_101_all_pairs_incl_sentinel,round_win = game_pnl > 0 (decisive only),COMPATIBILITY_ONLY_NOT_PRODUCTION,557989.4742,504875.3716,9878.7574,24851,24505,-0.01770420,0.00338982,-0.02772422,-0.01770420,-9878.7574,557989.4742,OK,0.0000,395.1503,4.0000,96.0000,AG03-UNRESOLVED,ALL5_LEVELS_bet23_to_bet27,395.1503,395.1503,395.1503,0.0000,0.0000,4.000000,4.000000,4.000000,0.000000,0.000000,96.000000,96.000000,96.000000,100.000000,100.000000,5.0,1185.4509,1138.6651,8693.3065,8740.0923,PENDING_AG03,FALSE,NOT_FOR_ENFORCEMENT,9483.6071,484680.3568,9878.7574,9483.6071,395.1503,0.01770420,0.01699603,395.1503,9483.6071,0.01699603,395.1503,395.1503,395.1503,0.0000,0.0000,9483.6071,0.01699603,1185.4509,1138.6651,8693.3065,8740.0923,0.01557970,0.01566354,0.00070817,22.4534,20.6030,0.4031,82.3230,2.6463,4649.9123,204.2083,25.9152,21.1137,12.8578,14.5296,26.176,48.8436,54.2173,102.8621,13.088,0.0,3.731508,7.079487,1.545355,30,207,63,6,0.32204186,0.01770420,-0.00338982,0E-8,0.000000,0.904812,0.002133,0.03111404,2026-03-21,2026-08-06,120,3733,1703,139,0.863309,1.227414,1.154177,1.073473,,,,,,,,GLOBAL_BASELINE_NO_ENTITY_RANKING,,,NOT_APPLICABLE_GLOBAL_BASELINE,HF9g-P5,,,,X 全窗基线 · 不参与实体赏罚,15052715,1506,A168_HF9F_20260827_0900,2026-08-27 09:00:00
2026-05-23,127529701,1363,0,51.8914431010,-10.3782886202,-10.3782886202,0.3333333,3,3,0.49324550000000000,0.493245500000,-0.5540025479526107,-0.5540025479526106,-0.5540025479526107,0E-17,ELIGIBLE,R03b_20260811_FULL_v1,L1_ELIGIBILITY,v2026-08-11,2026-03-21..2026-08-06,baccarat_bet02_101_all_pairs_incl_sentinel,round_win = game_pnl > 0 (decisive only),COMPATIBILITY_ONLY_NOT_PRODUCTION,557989.4742,504875.3716,9878.7574,24851,24505,-0.01770420,0.00338982,-0.02772422,-0.01770420,-9878.7574,557989.4742,OK,0.0000,395.1503,4.0000,96.0000,AG03-UNRESOLVED,ALL5_LEVELS_bet23_to_bet27,395.1503,395.1503,395.1503,0.0000,0.0000,4.000000,4.000000,4.000000,0.000000,0.000000,96.000000,96.000000,96.000000,100.000000,100.000000,5.0,1185.4509,1138.6651,8693.3065,8740.0923,PENDING_AG03,FALSE,NOT_FOR_ENFORCEMENT,9483.6071,484680.3568,9878.7574,9483.6071,395.1503,0.01770420,0.01699603,395.1503,9483.6071,0.01699603,395.1503,395.1503,395.1503,0.0000,0.0000,9483.6071,0.01699603,1185.4509,1138.6651,8693.3065,8740.0923,0.01557970,0.01566354,0.00070817,22.4534,20.6030,0.4031,82.3230,2.6463,4649.9123,204.2083,25.9152,21.1137,12.8578,14.5296,26.176,48.8436,54.2173,102.8621,13.088,0.0,3.731508,7.079487,1.545355,30,207,63,6,0.32204186,0.01770420,-0.00338982,0E-8,0.000000,0.904812,0.002133,0.03111404,2026-03-21,2026-08-06,120,3733,1703,139,0.863309,1.227414,1.154177,1.073473,,,,,,,,GLOBAL_BASELINE_NO_ENTITY_RANKING,,,NOT_APPLICABLE_GLOBAL_BASELINE,HF9g-P5,,,,X 全窗基线 · 不参与实体赏罚,15052716,1506,A168_HF9F_20260827_0900,2026-08-27 09:00:00
2026-05-23,127529701,1400,0,20.7565772405,-15.5674329304,-15.5674329304,0E-7,3,3,0.49771390000000000,0.497713900000,-1.4077622098436522,-1.4077622098436524,-1.4077622098436522,0E-17,ELIGIBLE,R03b_20260811_FULL_v1,L1_ELIGIBILITY,v2026-08-11,2026-03-21..2026-08-06,baccarat_bet02_101_all_pairs_incl_sentinel,round_win = game_pnl > 0 (decisive only),COMPATIBILITY_ONLY_NOT_PRODUCTION,557989.4742,504875.3716,9878.7574,24851,24505,-0.01770420,0.00338982,-0.02772422,-0.01770420,-9878.7574,557989.4742,OK,0.0000,395.1503,4.0000,96.0000,AG03-UNRESOLVED,ALL5_LEVELS_bet23_to_bet27,395.1503,395.1503,395.1503,0.0000,0.0000,4.000000,4.000000,4.000000,0.000000,0.000000,96.000000,96.000000,96.000000,100.000000,100.000000,5.0,1185.4509,1138.6651,8693.3065,8740.0923,PENDING_AG03,FALSE,NOT_FOR_ENFORCEMENT,9483.6071,484680.3568,9878.7574,9483.6071,395.1503,0.01770420,0.01699603,395.1503,9483.6071,0.01699603,395.1503,395.1503,395.1503,0.0000,0.0000,9483.6071,0.01699603,1185.4509,1138.6651,8693.3065,8740.0923,0.01557970,0.01566354,0.00070817,22.4534,20.6030,0.4031,82.3230,2.6463,4649.9123,204.2083,25.9152,21.1137,12.8578,14.5296,26.176,48.8436,54.2173,102.8621,13.088,0.0,3.731508,7.079487,1.545355,30,207,63,6,0.32204186,0.01770420,-0.00338982,0E-8,0.000000,0.904812,0.002133,0.03111404,2026-03-21,2026-08-06,120,3733,1703,139,0.863309,1.227414,1.154177,1.073473,,,,,,,,GLOBAL_BASELINE_NO_ENTITY_RANKING,,,NOT_APPLICABLE_GLOBAL_BASELINE,HF9g-P5,,,,X 全窗基线 · 不参与实体赏罚,15052717,1506,A168_HF9F_20260827_0900,2026-08-27 09:00:00
2026-05-23,127529701,1505,0,32.4321519381,30.8105443412,30.8105443412,1.0000000,2,2,0.50665070000000000,0.506650700000,1.3955260008387969,1.3955260008387969,1.3955260008387969,0E-17,ELIGIBLE,R03b_20260811_FULL_v1,L1_ELIGIBILITY,v2026-08-11,2026-03-21..2026-08-06,baccarat_bet02_101_all_pairs_incl_sentinel,round_win = game_pnl > 0 (decisive only),COMPATIBILITY_ONLY_NOT_PRODUCTION,557989.4742,504875.3716,9878.7574,24851,24505,-0.01770420,0.00338982,-0.02772422,-0.01770420,-9878.7574,557989.4742,OK,0.0000,395.1503,4.0000,96.0000,AG03-UNRESOLVED,ALL5_LEVELS_bet23_to_bet27,395.1503,395.1503,395.1503,0.0000,0.0000,4.000000,4.000000,4.000000,0.000000,0.000000,96.000000,96.000000,96.000000,100.000000,100.000000,5.0,1185.4509,1138.6651,8693.3065,8740.0923,PENDING_AG03,FALSE,NOT_FOR_ENFORCEMENT,9483.6071,484680.3568,9878.7574,9483.6071,395.1503,0.01770420,0.01699603,395.1503,9483.6071,0.01699603,395.1503,395.1503,395.1503,0.0000,0.0000,9483.6071,0.01699603,1185.4509,1138.6651,8693.3065,8740.0923,0.01557970,0.01566354,0.00070817,22.4534,20.6030,0.4031,82.3230,2.6463,4649.9123,204.2083,25.9152,21.1137,12.8578,14.5296,26.176,48.8436,54.2173,102.8621,13.088,0.0,3.731508,7.079487,1.545355,30,207,63,6,0.32204186,0.01770420,-0.00338982,0E-8,0.000000,0.904812,0.002133,0.03111404,2026-03-21,2026-08-06,120,3733,1703,139,0.863309,1.227414,1.154177,1.073473,,,,,,,,GLOBAL_BASELINE_NO_ENTITY_RANKING,,,NOT_APPLICABLE_GLOBAL_BASELINE,HF9g-P5,,,,X 全窗基线 · 不参与实体赏罚,15052718,1506,A168_HF9F_20260827_0900,2026-08-27 09:00:00
2026-05-23,127529701,1623,0,23.3511493955,-18.1620050854,-18.1620050854,0E-7,3,3,0.49771390000000000,0.497713900000,-1.4077622098436522,-1.4077622098436524,-1.4077622098436522,0E-17,ELIGIBLE,R03b_20260811_FULL_v1,L1_ELIGIBILITY,v2026-08-11,2026-03-21..2026-08-06,baccarat_bet02_101_all_pairs_incl_sentinel,round_win = game_pnl > 0 (decisive only),COMPATIBILITY_ONLY_NOT_PRODUCTION,557989.4742,504875.3716,9878.7574,24851,24505,-0.01770420,0.00338982,-0.02772422,-0.01770420,-9878.7574,557989.4742,OK,0.0000,395.1503,4.0000,96.0000,AG03-UNRESOLVED,ALL5_LEVELS_bet23_to_bet27,395.1503,395.1503,395.1503,0.0000,0.0000,4.000000,4.000000,4.000000,0.000000,0.000000,96.000000,96.000000,96.000000,100.000000,100.000000,5.0,1185.4509,1138.6651,8693.3065,8740.0923,PENDING_AG03,FALSE,NOT_FOR_ENFORCEMENT,9483.6071,484680.3568,9878.7574,9483.6071,395.1503,0.01770420,0.01699603,395.1503,9483.6071,0.01699603,395.1503,395.1503,395.1503,0.0000,0.0000,9483.6071,0.01699603,1185.4509,1138.6651,8693.3065,8740.0923,0.01557970,0.01566354,0.00070817,22.4534,20.6030,0.4031,82.3230,2.6463,4649.9123,204.2083,25.9152,21.1137,12.8578,14.5296,26.176,48.8436,54.2173,102.8621,13.088,0.0,3.731508,7.079487,1.545355,30,207,63,6,0.32204186,0.01770420,-0.00338982,0E-8,0.000000,0.904812,0.002133,0.03111404,2026-03-21,2026-08-06,120,3733,1703,139,0.863309,1.227414,1.154177,1.073473,,,,,,,,GLOBAL_BASELINE_NO_ENTITY_RANKING,,,NOT_APPLICABLE_GLOBAL_BASELINE,HF9g-P5,,,,X 全窗基线 · 不参与实体赏罚,15052719,1506,A168_HF9F_20260827_0900,2026-08-27 09:00:00
2026-05-23,127529701,1942,0,12.9728607753,12.3242177365,12.3242177365,1.0000000,1,1,0.50665070000000000,0.506650700000,0.9867858985152569,0.9867858985152569,0.9867858985152569,0E-17,ELIGIBLE,R03b_20260811_FULL_v1,L1_ELIGIBILITY,v2026-08-11,2026-03-21..2026-08-06,baccarat_bet02_101_all_pairs_incl_sentinel,round_win = game_pnl > 0 (decisive only),COMPATIBILITY_ONLY_NOT_PRODUCTION,557989.4742,504875.3716,9878.7574,24851,24505,-0.01770420,0.00338982,-0.02772422,-0.01770420,-9878.7574,557989.4742,OK,0.0000,395.1503,4.0000,96.0000,AG03-UNRESOLVED,ALL5_LEVELS_bet23_to_bet27,395.1503,395.1503,395.1503,0.0000,0.0000,4.000000,4.000000,4.000000,0.000000,0.000000,96.000000,96.000000,96.000000,100.000000,100.000000,5.0,1185.4509,1138.6651,8693.3065,8740.0923,PENDING_AG03,FALSE,NOT_FOR_ENFORCEMENT,9483.6071,484680.3568,9878.7574,9483.6071,395.1503,0.01770420,0.01699603,395.1503,9483.6071,0.01699603,395.1503,395.1503,395.1503,0.0000,0.0000,9483.6071,0.01699603,1185.4509,1138.6651,8693.3065,8740.0923,0.01557970,0.01566354,0.00070817,22.4534,20.6030,0.4031,82.3230,2.6463,4649.9123,204.2083,25.9152,21.1137,12.8578,14.5296,26.176,48.8436,54.2173,102.8621,13.088,0.0,3.731508,7.079487,1.545355,30,207,63,6,0.32204186,0.01770420,-0.00338982,0E-8,0.000000,0.904812,0.002133,0.03111404,2026-03-21,2026-08-06,120,3733,1703,139,0.863309,1.227414,1.154177,1.073473,,,,,,,,GLOBAL_BASELINE_NO_ENTITY_RANKING,,,NOT_APPLICABLE_GLOBAL_BASELINE,HF9g-P5,,,,X 全窗基线 · 不参与实体赏罚,15052720,1506,A168_HF9F_20260827_0900,2026-08-27 09:00:00
2026-05-23,127529701,1963,0,28.5402937056,-28.5402937056,-28.5402937056,0E-7,2,2,0.49324550000000000,0.493245500000,-1.3952362676504506,-1.3952362676504506,-1.3952362676504506,0E-17,ELIGIBLE,R03b_20260811_FULL_v1,L1_ELIGIBILITY,v2026-08-11,2026-03-21..2026-08-06,baccarat_bet02_101_all_pairs_incl_sentinel,round_win = game_pnl > 0 (decisive only),COMPATIBILITY_ONLY_NOT_PRODUCTION,557989.4742,504875.3716,9878.7574,24851,24505,-0.01770420,0.00338982,-0.02772422,-0.01770420,-9878.7574,557989.4742,OK,0.0000,395.1503,4.0000,96.0000,AG03-UNRESOLVED,ALL5_LEVELS_bet23_to_bet27,395.1503,395.1503,395.1503,0.0000,0.0000,4.000000,4.000000,4.000000,0.000000,0.000000,96.000000,96.000000,96.000000,100.000000,100.000000,5.0,1185.4509,1138.6651,8693.3065,8740.0923,PENDING_AG03,FALSE,NOT_FOR_ENFORCEMENT,9483.6071,484680.3568,9878.7574,9483.6071,395.1503,0.01770420,0.01699603,395.1503,9483.6071,0.01699603,395.1503,395.1503,395.1503,0.0000,0.0000,9483.6071,0.01699603,1185.4509,1138.6651,8693.3065,8740.0923,0.01557970,0.01566354,0.00070817,22.4534,20.6030,0.4031,82.3230,2.6463,4649.9123,204.2083,25.9152,21.1137,12.8578,14.5296,26.176,48.8436,54.2173,102.8621,13.088,0.0,3.731508,7.079487,1.545355,30,207,63,6,0.32204186,0.01770420,-0.00338982,0E-8,0.000000,0.904812,0.002133,0.03111404,2026-03-21,2026-08-06,120,3733,1703,139,0.863309,1.227414,1.154177,1.073473,,,,,,,,GLOBAL_BASELINE_NO_ENTITY_RANKING,,,NOT_APPLICABLE_GLOBAL_BASELINE,HF9g-P5,,,,X 全窗基线 · 不参与实体赏罚,15052721,1506,A168_HF9F_20260827_0900,2026-08-27 09:00:00
2026-05-23,127529701,1966,0,113.6422603913,-82.5073945307,-82.5073945307,0.1428571,7,7,0.49707555714285714,0.497075557143,-1.8743797290365218,-1.8743797290372748,-1.8743797290365218,-1.4286E-13,ELIGIBLE,R03b_20260811_FULL_v1,L1_ELIGIBILITY,v2026-08-11,2026-03-21..2026-08-06,baccarat_bet02_101_all_pairs_incl_sentinel,round_win = game_pnl > 0 (decisive only),COMPATIBILITY_ONLY_NOT_PRODUCTION,557989.4742,504875.3716,9878.7574,24851,24505,-0.01770420,0.00338982,-0.02772422,-0.01770420,-9878.7574,557989.4742,OK,0.0000,395.1503,4.0000,96.0000,AG03-UNRESOLVED,ALL5_LEVELS_bet23_to_bet27,395.1503,395.1503,395.1503,0.0000,0.0000,4.000000,4.000000,4.000000,0.000000,0.000000,96.000000,96.000000,96.000000,100.000000,100.000000,5.0,1185.4509,1138.6651,8693.3065,8740.0923,PENDING_AG03,FALSE,NOT_FOR_ENFORCEMENT,9483.6071,484680.3568,9878.7574,9483.6071,395.1503,0.01770420,0.01699603,395.1503,9483.6071,0.01699603,395.1503,395.1503,395.1503,0.0000,0.0000,9483.6071,0.01699603,1185.4509,1138.6651,8693.3065,8740.0923,0.01557970,0.01566354,0.00070817,22.4534,20.6030,0.4031,82.3230,2.6463,4649.9123,204.2083,25.9152,21.1137,12.8578,14.5296,26.176,48.8436,54.2173,102.8621,13.088,0.0,3.731508,7.079487,1.545355,30,207,63,6,0.32204186,0.01770420,-0.00338982,0E-8,0.000000,0.904812,0.002133,0.03111404,2026-03-21,2026-08-06,120,3733,1703,139,0.863309,1.227414,1.154177,1.073473,,,,,,,,GLOBAL_BASELINE_NO_ENTITY_RANKING,,,NOT_APPLICABLE_GLOBAL_BASELINE,HF9g-P5,,,,X 全窗基线 · 不参与实体赏罚,15052722,1506,A168_HF9F_20260827_0900,2026-08-27 09:00:00
2026-05-23,127529701,1990,0,68.7561621090,-55.7833013337,-55.7833013337,0E-7,5,5,0.50396966000000000,0.503969660000,-2.0159421762433145,-2.015942176243315,-2.0159421762433145,0E-17,ELIGIBLE,R03b_20260811_FULL_v1,L1_ELIGIBILITY,v2026-08-11,2026-03-21..2026-08-06,baccarat_bet02_101_all_pairs_incl_sentinel,round_win = game_pnl > 0 (decisive only),COMPATIBILITY_ONLY_NOT_PRODUCTION,557989.4742,504875.3716,9878.7574,24851,24505,-0.01770420,0.00338982,-0.02772422,-0.01770420,-9878.7574,557989.4742,OK,0.0000,395.1503,4.0000,96.0000,AG03-UNRESOLVED,ALL5_LEVELS_bet23_to_bet27,395.1503,395.1503,395.1503,0.0000,0.0000,4.000000,4.000000,4.000000,0.000000,0.000000,96.000000,96.000000,96.000000,100.000000,100.000000,5.0,1185.4509,1138.6651,8693.3065,8740.0923,PENDING_AG03,FALSE,NOT_FOR_ENFORCEMENT,9483.6071,484680.3568,9878.7574,9483.6071,395.1503,0.01770420,0.01699603,395.1503,9483.6071,0.01699603,395.1503,395.1503,395.1503,0.0000,0.0000,9483.6071,0.01699603,1185.4509,1138.6651,8693.3065,8740.0923,0.01557970,0.01566354,0.00070817,22.4534,20.6030,0.4031,82.3230,2.6463,4649.9123,204.2083,25.9152,21.1137,12.8578,14.5296,26.176,48.8436,54.2173,102.8621,13.088,0.0,3.731508,7.079487,1.545355,30,207,63,6,0.32204186,0.01770420,-0.00338982,0E-8,0.000000,0.904812,0.002133,0.03111404,2026-03-21,2026-08-06,120,3733,1703,139,0.863309,1.227414,1.154177,1.073473,,,,,,,,GLOBAL_BASELINE_NO_ENTITY_RANKING,,,NOT_APPLICABLE_GLOBAL_BASELINE,HF9g-P5,,,,X 全窗基线 · 不参与实体赏罚,15052723,1506,A168_HF9F_20260827_0900,2026-08-27 09:00:00
2026-05-23,127529701,2103,0,171.5012194490,40.6569456698,40.6569456698,0.6363636,13,13,0.50149485384615385,0.501494853846,0.8946222933185218,0.8946222933195417,0.8946222933185218,1.5385E-13,ELIGIBLE,R03b_20260811_FULL_v1,L1_ELIGIBILITY,v2026-08-11,2026-03-21..2026-08-06,baccarat_bet02_101_all_pairs_incl_sentinel,round_win = game_pnl > 0 (decisive only),COMPATIBILITY_ONLY_NOT_PRODUCTION,557989.4742,504875.3716,9878.7574,24851,24505,-0.01770420,0.00338982,-0.02772422,-0.01770420,-9878.7574,557989.4742,OK,0.0000,395.1503,4.0000,96.0000,AG03-UNRESOLVED,ALL5_LEVELS_bet23_to_bet27,395.1503,395.1503,395.1503,0.0000,0.0000,4.000000,4.000000,4.000000,0.000000,0.000000,96.000000,96.000000,96.000000,100.000000,100.000000,5.0,1185.4509,1138.6651,8693.3065,8740.0923,PENDING_AG03,FALSE,NOT_FOR_ENFORCEMENT,9483.6071,484680.3568,9878.7574,9483.6071,395.1503,0.01770420,0.01699603,395.1503,9483.6071,0.01699603,395.1503,395.1503,395.1503,0.0000,0.0000,9483.6071,0.01699603,1185.4509,1138.6651,8693.3065,8740.0923,0.01557970,0.01566354,0.00070817,22.4534,20.6030,0.4031,82.3230,2.6463,4649.9123,204.2083,25.9152,21.1137,12.8578,14.5296,26.176,48.8436,54.2173,102.8621,13.088,0.0,3.731508,7.079487,1.545355,30,207,63,6,0.32204186,0.01770420,-0.00338982,0E-8,0.000000,0.904812,0.002133,0.03111404,2026-03-21,2026-08-06,120,3733,1703,139,0.863309,1.227414,1.154177,1.073473,,,,,,,,GLOBAL_BASELINE_NO_ENTITY_RANKING,,,NOT_APPLICABLE_GLOBAL_BASELINE,HF9g-P5,,,,X 全窗基线 · 不参与实体赏罚,15052724,1506,A168_HF9F_20260827_0900,2026-08-27 09:00:00
2026-05-23,127529701,2115,0,71.3507342640,-7.1350734263,-7.1350734263,0.4000000,6,6,0.49547970000000000,0.495479700000,-0.42701565021644644,-0.42701565021644644,-0.42701565021644644,0E-17,ELIGIBLE,R03b_20260811_FULL_v1,L1_ELIGIBILITY,v2026-08-11,2026-03-21..2026-08-06,baccarat_bet02_101_all_pairs_incl_sentinel,round_win = game_pnl > 0 (decisive only),COMPATIBILITY_ONLY_NOT_PRODUCTION,557989.4742,504875.3716,9878.7574,24851,24505,-0.01770420,0.00338982,-0.02772422,-0.01770420,-9878.7574,557989.4742,OK,0.0000,395.1503,4.0000,96.0000,AG03-UNRESOLVED,ALL5_LEVELS_bet23_to_bet27,395.1503,395.1503,395.1503,0.0000,0.0000,4.000000,4.000000,4.000000,0.000000,0.000000,96.000000,96.000000,96.000000,100.000000,100.000000,5.0,1185.4509,1138.6651,8693.3065,8740.0923,PENDING_AG03,FALSE,NOT_FOR_ENFORCEMENT,9483.6071,484680.3568,9878.7574,9483.6071,395.1503,0.01770420,0.01699603,395.1503,9483.6071,0.01699603,395.1503,395.1503,395.1503,0.0000,0.0000,9483.6071,0.01699603,1185.4509,1138.6651,8693.3065,8740.0923,0.01557970,0.01566354,0.00070817,22.4534,20.6030,0.4031,82.3230,2.6463,4649.9123,204.2083,25.9152,21.1137,12.8578,14.5296,26.176,48.8436,54.2173,102.8621,13.088,0.0,3.731508,7.079487,1.545355,30,207,63,6,0.32204186,0.01770420,-0.00338982,0E-8,0.000000,0.904812,0.002133,0.03111404,2026-03-21,2026-08-06,120,3733,1703,139,0.863309,1.227414,1.154177,1.073473,,,,,,,,GLOBAL_BASELINE_NO_ENTITY_RANKING,,,NOT_APPLICABLE_GLOBAL_BASELINE,HF9g-P5,,,,X 全窗基线 · 不参与实体赏罚,15052725,1506,A168_HF9F_20260827_0900,2026-08-27 09:00:00
2026-05-23,127529701,2121,0,239.9979243424,-23.8700638264,-23.8700638264,0.5833333,13,13,0.49737017692307692,0.497370176923,0.5955784559879647,0.595578455988498,0.5955784559879647,7.692E-14,ELIGIBLE,R03b_20260811_FULL_v1,L1_ELIGIBILITY,v2026-08-11,2026-03-21..2026-08-06,baccarat_bet02_101_all_pairs_incl_sentinel,round_win = game_pnl > 0 (decisive only),COMPATIBILITY_ONLY_NOT_PRODUCTION,557989.4742,504875.3716,9878.7574,24851,24505,-0.01770420,0.00338982,-0.02772422,-0.01770420,-9878.7574,557989.4742,OK,0.0000,395.1503,4.0000,96.0000,AG03-UNRESOLVED,ALL5_LEVELS_bet23_to_bet27,395.1503,395.1503,395.1503,0.0000,0.0000,4.000000,4.000000,4.000000,0.000000,0.000000,96.000000,96.000000,96.000000,100.000000,100.000000,5.0,1185.4509,1138.6651,8693.3065,8740.0923,PENDING_AG03,FALSE,NOT_FOR_ENFORCEMENT,9483.6071,484680.3568,9878.7574,9483.6071,395.1503,0.01770420,0.01699603,395.1503,9483.6071,0.01699603,395.1503,395.1503,395.1503,0.0000,0.0000,9483.6071,0.01699603,1185.4509,1138.6651,8693.3065,8740.0923,0.01557970,0.01566354,0.00070817,22.4534,20.6030,0.4031,82.3230,2.6463,4649.9123,204.2083,25.9152,21.1137,12.8578,14.5296,26.176,48.8436,54.2173,102.8621,13.088,0.0,3.731508,7.079487,1.545355,30,207,63,6,0.32204186,0.01770420,-0.00338982,0E-8,0.000000,0.904812,0.002133,0.03111404,2026-03-21,2026-08-06,120,3733,1703,139,0.863309,1.227414,1.154177,1.073473,,,,,,,,GLOBAL_BASELINE_NO_ENTITY_RANKING,,,NOT_APPLICABLE_GLOBAL_BASELINE,HF9g-P5,,,,X 全窗基线 · 不参与实体赏罚,15052726,1506,A168_HF9F_20260827_0900,2026-08-27 09:00:00
2026-05-23,127529701,2147,0,221.8359192569,-15.4377043225,-15.4377043225,0.5000000,15,15,0.49950126000000000,0.499501260000,0.0034553737980583636,0.0034553737980583636,0.0034553737980583636,0E-17,ELIGIBLE,R03b_20260811_FULL_v1,L1_ELIGIBILITY,v2026-08-11,2026-03-21..2026-08-06,baccarat_bet02_101_all_pairs_incl_sentinel,round_win = game_pnl > 0 (decisive only),COMPATIBILITY_ONLY_NOT_PRODUCTION,557989.4742,504875.3716,9878.7574,24851,24505,-0.01770420,0.00338982,-0.02772422,-0.01770420,-9878.7574,557989.4742,OK,0.0000,395.1503,4.0000,96.0000,AG03-UNRESOLVED,ALL5_LEVELS_bet23_to_bet27,395.1503,395.1503,395.1503,0.0000,0.0000,4.000000,4.000000,4.000000,0.000000,0.000000,96.000000,96.000000,96.000000,100.000000,100.000000,5.0,1185.4509,1138.6651,8693.3065,8740.0923,PENDING_AG03,FALSE,NOT_FOR_ENFORCEMENT,9483.6071,484680.3568,9878.7574,9483.6071,395.1503,0.01770420,0.01699603,395.1503,9483.6071,0.01699603,395.1503,395.1503,395.1503,0.0000,0.0000,9483.6071,0.01699603,1185.4509,1138.6651,8693.3065,8740.0923,0.01557970,0.01566354,0.00070817,22.4534,20.6030,0.4031,82.3230,2.6463,4649.9123,204.2083,25.9152,21.1137,12.8578,14.5296,26.176,48.8436,54.2173,102.8621,13.088,0.0,3.731508,7.079487,1.545355,30,207,63,6,0.32204186,0.01770420,-0.00338982,0E-8,0.000000,0.904812,0.002133,0.03111404,2026-03-21,2026-08-06,120,3733,1703,139,0.863309,1.227414,1.154177,1.073473,,,,,,,,GLOBAL_BASELINE_NO_ENTITY_RANKING,,,NOT_APPLICABLE_GLOBAL_BASELINE,HF9g-P5,,,,X 全窗基线 · 不参与实体赏罚,15052727,1506,A168_HF9F_20260827_0900,2026-08-27 09:00:00
2026-05-23,127529701,2154,0,9.0810025427,0E-10,0E-10,,1,1,0.49324550000000000,0.493245500000,,,,0E-17,NO_DECISIVE_ROUND,R03b_20260811_FULL_v1,L1_ELIGIBILITY,v2026-08-11,2026-03-21..2026-08-06,baccarat_bet02_101_all_pairs_incl_sentinel,round_win = game_pnl > 0 (decisive only),COMPATIBILITY_ONLY_NOT_PRODUCTION,557989.4742,504875.3716,9878.7574,24851,24505,-0.01770420,0.00338982,-0.02772422,-0.01770420,-9878.7574,557989.4742,OK,0.0000,395.1503,4.0000,96.0000,AG03-UNRESOLVED,ALL5_LEVELS_bet23_to_bet27,395.1503,395.1503,395.1503,0.0000,0.0000,4.000000,4.000000,4.000000,0.000000,0.000000,96.000000,96.000000,96.000000,100.000000,100.000000,5.0,1185.4509,1138.6651,8693.3065,8740.0923,PENDING_AG03,FALSE,NOT_FOR_ENFORCEMENT,9483.6071,484680.3568,9878.7574,9483.6071,395.1503,0.01770420,0.01699603,395.1503,9483.6071,0.01699603,395.1503,395.1503,395.1503,0.0000,0.0000,9483.6071,0.01699603,1185.4509,1138.6651,8693.3065,8740.0923,0.01557970,0.01566354,0.00070817,22.4534,20.6030,0.4031,82.3230,2.6463,4649.9123,204.2083,25.9152,21.1137,12.8578,14.5296,26.176,48.8436,54.2173,102.8621,13.088,0.0,3.731508,7.079487,1.545355,30,207,63,6,0.32204186,0.01770420,-0.00338982,0E-8,0.000000,0.904812,0.002133,0.03111404,2026-03-21,2026-08-06,120,3733,1703,139,0.863309,1.227414,1.154177,1.073473,,,,,,,,GLOBAL_BASELINE_NO_ENTITY_RANKING,,,NOT_APPLICABLE_GLOBAL_BASELINE,HF9g-P5,,,,X 全窗基线 · 不参与实体赏罚,15052728,1506,A168_HF9F_20260827_0900,2026-08-27 09:00:00
2026-05-23,127529701,2155,0,75.2425924966,74.0750350268,74.0750350268,1.0000000,3,3,0.49771390000000000,0.497713900000,1.739988277604938,1.739988277604938,1.739988277604938,0E-17,ELIGIBLE,R03b_20260811_FULL_v1,L1_ELIGIBILITY,v2026-08-11,2026-03-21..2026-08-06,baccarat_bet02_101_all_pairs_incl_sentinel,round_win = game_pnl > 0 (decisive only),COMPATIBILITY_ONLY_NOT_PRODUCTION,557989.4742,504875.3716,9878.7574,24851,24505,-0.01770420,0.00338982,-0.02772422,-0.01770420,-9878.7574,557989.4742,OK,0.0000,395.1503,4.0000,96.0000,AG03-UNRESOLVED,ALL5_LEVELS_bet23_to_bet27,395.1503,395.1503,395.1503,0.0000,0.0000,4.000000,4.000000,4.000000,0.000000,0.000000,96.000000,96.000000,96.000000,100.000000,100.000000,5.0,1185.4509,1138.6651,8693.3065,8740.0923,PENDING_AG03,FALSE,NOT_FOR_ENFORCEMENT,9483.6071,484680.3568,9878.7574,9483.6071,395.1503,0.01770420,0.01699603,395.1503,9483.6071,0.01699603,395.1503,395.1503,395.1503,0.0000,0.0000,9483.6071,0.01699603,1185.4509,1138.6651,8693.3065,8740.0923,0.01557970,0.01566354,0.00070817,22.4534,20.6030,0.4031,82.3230,2.6463,4649.9123,204.2083,25.9152,21.1137,12.8578,14.5296,26.176,48.8436,54.2173,102.8621,13.088,0.0,3.731508,7.079487,1.545355,30,207,63,6,0.32204186,0.01770420,-0.00338982,0E-8,0.000000,0.904812,0.002133,0.03111404,2026-03-21,2026-08-06,120,3733,1703,139,0.863309,1.227414,1.154177,1.073473,,,,,,,,GLOBAL_BASELINE_NO_ENTITY_RANKING,,,NOT_APPLICABLE_GLOBAL_BASELINE,HF9g-P5,,,,X 全窗基线 · 不参与实体赏罚,15052729,1506,A168_HF9F_20260827_0900,2026-08-27 09:00:00
2026-05-23,127529701,2160,0,55.7833013336,-28.5402937056,-28.5402937056,0E-7,3,3,0.50218230000000000,0.502182300000,-1.4203995680682369,-1.4203995680682369,-1.4203995680682369,0E-17,ELIGIBLE,R03b_20260811_FULL_v1,L1_ELIGIBILITY,v2026-08-11,2026-03-21..2026-08-06,baccarat_bet02_101_all_pairs_incl_sentinel,round_win = game_pnl > 0 (decisive only),COMPATIBILITY_ONLY_NOT_PRODUCTION,557989.4742,504875.3716,9878.7574,24851,24505,-0.01770420,0.00338982,-0.02772422,-0.01770420,-9878.7574,557989.4742,OK,0.0000,395.1503,4.0000,96.0000,AG03-UNRESOLVED,ALL5_LEVELS_bet23_to_bet27,395.1503,395.1503,395.1503,0.0000,0.0000,4.000000,4.000000,4.000000,0.000000,0.000000,96.000000,96.000000,96.000000,100.000000,100.000000,5.0,1185.4509,1138.6651,8693.3065,8740.0923,PENDING_AG03,FALSE,NOT_FOR_ENFORCEMENT,9483.6071,484680.3568,9878.7574,9483.6071,395.1503,0.01770420,0.01699603,395.1503,9483.6071,0.01699603,395.1503,395.1503,395.1503,0.0000,0.0000,9483.6071,0.01699603,1185.4509,1138.6651,8693.3065,8740.0923,0.01557970,0.01566354,0.00070817,22.4534,20.6030,0.4031,82.3230,2.6463,4649.9123,204.2083,25.9152,21.1137,12.8578,14.5296,26.176,48.8436,54.2173,102.8621,13.088,0.0,3.731508,7.079487,1.545355,30,207,63,6,0.32204186,0.01770420,-0.00338982,0E-8,0.000000,0.904812,0.002133,0.03111404,2026-03-21,2026-08-06,120,3733,1703,139,0.863309,1.227414,1.154177,1.073473,,,,,,,,GLOBAL_BASELINE_NO_ENTITY_RANKING,,,NOT_APPLICABLE_GLOBAL_BASELINE,HF9g-P5,,,,X 全窗基线 · 不参与实体赏罚,15052730,1506,A168_HF9F_20260827_0900,2026-08-27 09:00:00
2026-05-23,127529701,2170,0,279.1759638836,40.0991126565,40.0991126565,0.5882353,20,20,0.50195888000000000,0.501958880000,0.7114589968705011,0.7114589968705011,0.7114589968705011,0E-17,ELIGIBLE,R03b_20260811_FULL_v1,L1_ELIGIBILITY,v2026-08-11,2026-03-21..2026-08-06,baccarat_bet02_101_all_pairs_incl_sentinel,round_win = game_pnl > 0 (decisive only),COMPATIBILITY_ONLY_NOT_PRODUCTION,557989.4742,504875.3716,9878.7574,24851,24505,-0.01770420,0.00338982,-0.02772422,-0.01770420,-9878.7574,557989.4742,OK,0.0000,395.1503,4.0000,96.0000,AG03-UNRESOLVED,ALL5_LEVELS_bet23_to_bet27,395.1503,395.1503,395.1503,0.0000,0.0000,4.000000,4.000000,4.000000,0.000000,0.000000,96.000000,96.000000,96.000000,100.000000,100.000000,5.0,1185.4509,1138.6651,8693.3065,8740.0923,PENDING_AG03,FALSE,NOT_FOR_ENFORCEMENT,9483.6071,484680.3568,9878.7574,9483.6071,395.1503,0.01770420,0.01699603,395.1503,9483.6071,0.01699603,395.1503,395.1503,395.1503,0.0000,0.0000,9483.6071,0.01699603,1185.4509,1138.6651,8693.3065,8740.0923,0.01557970,0.01566354,0.00070817,22.4534,20.6030,0.4031,82.3230,2.6463,4649.9123,204.2083,25.9152,21.1137,12.8578,14.5296,26.176,48.8436,54.2173,102.8621,13.088,0.0,3.731508,7.079487,1.545355,30,207,63,6,0.32204186,0.01770420,-0.00338982,0E-8,0.000000,0.904812,0.002133,0.03111404,2026-03-21,2026-08-06,120,3733,1703,139,0.863309,1.227414,1.154177,1.073473,,,,,,,,GLOBAL_BASELINE_NO_ENTITY_RANKING,,,NOT_APPLICABLE_GLOBAL_BASELINE,HF9g-P5,,,,X 全窗基线 · 不参与实体赏罚,15052731,1506,A168_HF9F_20260827_0900,2026-08-27 09:00:00
2026-05-23,127529701,2177,0,36.3240101707,25.9457215505,25.9457215505,1.0000000,3,3,0.49771390000000000,0.497713900000,1.4206944795187548,1.420694479518755,1.4206944795187548,0E-17,ELIGIBLE,R03b_20260811_FULL_v1,L1_ELIGIBILITY,v2026-08-11,2026-03-21..2026-08-06,baccarat_bet02_101_all_pairs_incl_sentinel,round_win = game_pnl > 0 (decisive only),COMPATIBILITY_ONLY_NOT_PRODUCTION,557989.4742,504875.3716,9878.7574,24851,24505,-0.01770420,0.00338982,-0.02772422,-0.01770420,-9878.7574,557989.4742,OK,0.0000,395.1503,4.0000,96.0000,AG03-UNRESOLVED,ALL5_LEVELS_bet23_to_bet27,395.1503,395.1503,395.1503,0.0000,0.0000,4.000000,4.000000,4.000000,0.000000,0.000000,96.000000,96.000000,96.000000,100.000000,100.000000,5.0,1185.4509,1138.6651,8693.3065,8740.0923,PENDING_AG03,FALSE,NOT_FOR_ENFORCEMENT,9483.6071,484680.3568,9878.7574,9483.6071,395.1503,0.01770420,0.01699603,395.1503,9483.6071,0.01699603,395.1503,395.1503,395.1503,0.0000,0.0000,9483.6071,0.01699603,1185.4509,1138.6651,8693.3065,8740.0923,0.01557970,0.01566354,0.00070817,22.4534,20.6030,0.4031,82.3230,2.6463,4649.9123,204.2083,25.9152,21.1137,12.8578,14.5296,26.176,48.8436,54.2173,102.8621,13.088,0.0,3.731508,7.079487,1.545355,30,207,63,6,0.32204186,0.01770420,-0.00338982,0E-8,0.000000,0.904812,0.002133,0.03111404,2026-03-21,2026-08-06,120,3733,1703,139,0.863309,1.227414,1.154177,1.073473,,,,,,,,GLOBAL_BASELINE_NO_ENTITY_RANKING,,,NOT_APPLICABLE_GLOBAL_BASELINE,HF9g-P5,,,,X 全窗基线 · 不参与实体赏罚,15052732,1506,A168_HF9F_20260827_0900,2026-08-27 09:00:00
2026-05-23,127529701,2196,0,182.3984225002,-131.8042654767,-131.8042654767,0.1428571,7,7,0.49899058571428571,0.498990585714,-1.884484886978507,-1.8844848869769975,-1.884484886978507,2.8571E-13,ELIGIBLE,R03b_20260811_FULL_v1,L1_ELIGIBILITY,v2026-08-11,2026-03-21..2026-08-06,baccarat_bet02_101_all_pairs_incl_sentinel,round_win = game_pnl > 0 (decisive only),COMPATIBILITY_ONLY_NOT_PRODUCTION,557989.4742,504875.3716,9878.7574,24851,24505,-0.01770420,0.00338982,-0.02772422,-0.01770420,-9878.7574,557989.4742,OK,0.0000,395.1503,4.0000,96.0000,AG03-UNRESOLVED,ALL5_LEVELS_bet23_to_bet27,395.1503,395.1503,395.1503,0.0000,0.0000,4.000000,4.000000,4.000000,0.000000,0.000000,96.000000,96.000000,96.000000,100.000000,100.000000,5.0,1185.4509,1138.6651,8693.3065,8740.0923,PENDING_AG03,FALSE,NOT_FOR_ENFORCEMENT,9483.6071,484680.3568,9878.7574,9483.6071,395.1503,0.01770420,0.01699603,395.1503,9483.6071,0.01699603,395.1503,395.1503,395.1503,0.0000,0.0000,9483.6071,0.01699603,1185.4509,1138.6651,8693.3065,8740.0923,0.01557970,0.01566354,0.00070817,22.4534,20.6030,0.4031,82.3230,2.6463,4649.9123,204.2083,25.9152,21.1137,12.8578,14.5296,26.176,48.8436,54.2173,102.8621,13.088,0.0,3.731508,7.079487,1.545355,30,207,63,6,0.32204186,0.01770420,-0.00338982,0E-8,0.000000,0.904812,0.002133,0.03111404,2026-03-21,2026-08-06,120,3733,1703,139,0.863309,1.227414,1.154177,1.073473,,,,,,,,GLOBAL_BASELINE_NO_ENTITY_RANKING,,,NOT_APPLICABLE_GLOBAL_BASELINE,HF9g-P5,,,,X 全窗基线 · 不参与实体赏罚,15052733,1506,A168_HF9F_20260827_0900,2026-08-27 09:00:00
2026-05-23,127529701,2209,0,89.5127393493,-14.2701468528,-14.2701468528,0.3333333,5,5,0.49860758000000000,0.498607580000,-0.5725290048997589,-0.5725290048997589,-0.5725290048997589,0E-17,ELIGIBLE,R03b_20260811_FULL_v1,L1_ELIGIBILITY,v2026-08-11,2026-03-21..2026-08-06,baccarat_bet02_101_all_pairs_incl_sentinel,round_win = game_pnl > 0 (decisive only),COMPATIBILITY_ONLY_NOT_PRODUCTION,557989.4742,504875.3716,9878.7574,24851,24505,-0.01770420,0.00338982,-0.02772422,-0.01770420,-9878.7574,557989.4742,OK,0.0000,395.1503,4.0000,96.0000,AG03-UNRESOLVED,ALL5_LEVELS_bet23_to_bet27,395.1503,395.1503,395.1503,0.0000,0.0000,4.000000,4.000000,4.000000,0.000000,0.000000,96.000000,96.000000,96.000000,100.000000,100.000000,5.0,1185.4509,1138.6651,8693.3065,8740.0923,PENDING_AG03,FALSE,NOT_FOR_ENFORCEMENT,9483.6071,484680.3568,9878.7574,9483.6071,395.1503,0.01770420,0.01699603,395.1503,9483.6071,0.01699603,395.1503,395.1503,395.1503,0.0000,0.0000,9483.6071,0.01699603,1185.4509,1138.6651,8693.3065,8740.0923,0.01557970,0.01566354,0.00070817,22.4534,20.6030,0.4031,82.3230,2.6463,4649.9123,204.2083,25.9152,21.1137,12.8578,14.5296,26.176,48.8436,54.2173,102.8621,13.088,0.0,3.731508,7.079487,1.545355,30,207,63,6,0.32204186,0.01770420,-0.00338982,0E-8,0.000000,0.904812,0.002133,0.03111404,2026-03-21,2026-08-06,120,3733,1703,139,0.863309,1.227414,1.154177,1.073473,,,,,,,,GLOBAL_BASELINE_NO_ENTITY_RANKING,,,NOT_APPLICABLE_GLOBAL_BASELINE,HF9g-P5,,,,X 全窗基线 · 不参与实体赏罚,15052734,1506,A168_HF9F_20260827_0900,2026-08-27 09:00:00
2026-05-23,127529701,2216,0,138.0312386489,-12.9079964715,-12.9079964715,0.5000000,8,8,0.49827245000000000,0.498272450000,0.009772556889889069,0.009772556889889069,0.009772556889889069,0E-17,ELIGIBLE,R03b_20260811_FULL_v1,L1_ELIGIBILITY,v2026-08-11,2026-03-21..2026-08-06,baccarat_bet02_101_all_pairs_incl_sentinel,round_win = game_pnl > 0 (decisive only),COMPATIBILITY_ONLY_NOT_PRODUCTION,557989.4742,504875.3716,9878.7574,24851,24505,-0.01770420,0.00338982,-0.02772422,-0.01770420,-9878.7574,557989.4742,OK,0.0000,395.1503,4.0000,96.0000,AG03-UNRESOLVED,ALL5_LEVELS_bet23_to_bet27,395.1503,395.1503,395.1503,0.0000,0.0000,4.000000,4.000000,4.000000,0.000000,0.000000,96.000000,96.000000,96.000000,100.000000,100.000000,5.0,1185.4509,1138.6651,8693.3065,8740.0923,PENDING_AG03,FALSE,NOT_FOR_ENFORCEMENT,9483.6071,484680.3568,9878.7574,9483.6071,395.1503,0.01770420,0.01699603,395.1503,9483.6071,0.01699603,395.1503,395.1503,395.1503,0.0000,0.0000,9483.6071,0.01699603,1185.4509,1138.6651,8693.3065,8740.0923,0.01557970,0.01566354,0.00070817,22.4534,20.6030,0.4031,82.3230,2.6463,4649.9123,204.2083,25.9152,21.1137,12.8578,14.5296,26.176,48.8436,54.2173,102.8621,13.088,0.0,3.731508,7.079487,1.545355,30,207,63,6,0.32204186,0.01770420,-0.00338982,0E-8,0.000000,0.904812,0.002133,0.03111404,2026-03-21,2026-08-06,120,3733,1703,139,0.863309,1.227414,1.154177,1.073473,,,,,,,,GLOBAL_BASELINE_NO_ENTITY_RANKING,,,NOT_APPLICABLE_GLOBAL_BASELINE,HF9g-P5,,,,X 全窗基线 · 不参与实体赏罚,15052735,1506,A168_HF9F_20260827_0900,2026-08-27 09:00:00
2026-05-23,127529701,2222,0,342.2240672511,154.2213688962,154.2213688962,0.7368421,20,20,0.49994810000000000,0.499948100000,2.0651940696710502,2.0651940696710507,2.0651940696710502,0E-17,ELIGIBLE,R03b_20260811_FULL_v1,L1_ELIGIBILITY,v2026-08-11,2026-03-21..2026-08-06,baccarat_bet02_101_all_pairs_incl_sentinel,round_win = game_pnl > 0 (decisive only),COMPATIBILITY_ONLY_NOT_PRODUCTION,557989.4742,504875.3716,9878.7574,24851,24505,-0.01770420,0.00338982,-0.02772422,-0.01770420,-9878.7574,557989.4742,OK,0.0000,395.1503,4.0000,96.0000,AG03-UNRESOLVED,ALL5_LEVELS_bet23_to_bet27,395.1503,395.1503,395.1503,0.0000,0.0000,4.000000,4.000000,4.000000,0.000000,0.000000,96.000000,96.000000,96.000000,100.000000,100.000000,5.0,1185.4509,1138.6651,8693.3065,8740.0923,PENDING_AG03,FALSE,NOT_FOR_ENFORCEMENT,9483.6071,484680.3568,9878.7574,9483.6071,395.1503,0.01770420,0.01699603,395.1503,9483.6071,0.01699603,395.1503,395.1503,395.1503,0.0000,0.0000,9483.6071,0.01699603,1185.4509,1138.6651,8693.3065,8740.0923,0.01557970,0.01566354,0.00070817,22.4534,20.6030,0.4031,82.3230,2.6463,4649.9123,204.2083,25.9152,21.1137,12.8578,14.5296,26.176,48.8436,54.2173,102.8621,13.088,0.0,3.731508,7.079487,1.545355,30,207,63,6,0.32204186,0.01770420,-0.00338982,0E-8,0.000000,0.904812,0.002133,0.03111404,2026-03-21,2026-08-06,120,3733,1703,139,0.863309,1.227414,1.154177,1.073473,,,,,,,,GLOBAL_BASELINE_NO_ENTITY_RANKING,,,NOT_APPLICABLE_GLOBAL_BASELINE,HF9g-P5,,,,X 全窗基线 · 不参与实体赏罚,15052736,1506,A168_HF9F_20260827_0900,2026-08-27 09:00:00
2026-05-23,127529701,2242,0,69.5345337555,-69.5345337555,-69.5345337555,0E-7,4,4,0.50665070000000000,0.506650700000,-2.026782104415204,-2.026782104415204,-2.026782104415204,0E-17,ELIGIBLE,R03b_20260811_FULL_v1,L1_ELIGIBILITY,v2026-08-11,2026-03-21..2026-08-06,baccarat_bet02_101_all_pairs_incl_sentinel,round_win = game_pnl > 0 (decisive only),COMPATIBILITY_ONLY_NOT_PRODUCTION,557989.4742,504875.3716,9878.7574,24851,24505,-0.01770420,0.00338982,-0.02772422,-0.01770420,-9878.7574,557989.4742,OK,0.0000,395.1503,4.0000,96.0000,AG03-UNRESOLVED,ALL5_LEVELS_bet23_to_bet27,395.1503,395.1503,395.1503,0.0000,0.0000,4.000000,4.000000,4.000000,0.000000,0.000000,96.000000,96.000000,96.000000,100.000000,100.000000,5.0,1185.4509,1138.6651,8693.3065,8740.0923,PENDING_AG03,FALSE,NOT_FOR_ENFORCEMENT,9483.6071,484680.3568,9878.7574,9483.6071,395.1503,0.01770420,0.01699603,395.1503,9483.6071,0.01699603,395.1503,395.1503,395.1503,0.0000,0.0000,9483.6071,0.01699603,1185.4509,1138.6651,8693.3065,8740.0923,0.01557970,0.01566354,0.00070817,22.4534,20.6030,0.4031,82.3230,2.6463,4649.9123,204.2083,25.9152,21.1137,12.8578,14.5296,26.176,48.8436,54.2173,102.8621,13.088,0.0,3.731508,7.079487,1.545355,30,207,63,6,0.32204186,0.01770420,-0.00338982,0E-8,0.000000,0.904812,0.002133,0.03111404,2026-03-21,2026-08-06,120,3733,1703,139,0.863309,1.227414,1.154177,1.073473,,,,,,,,GLOBAL_BASELINE_NO_ENTITY_RANKING,,,NOT_APPLICABLE_GLOBAL_BASELINE,HF9g-P5,,,,X 全窗基线 · 不参与实体赏罚,15052737,1506,A168_HF9F_20260827_0900,2026-08-27 09:00:00
2026-05-23,127529701,2246,0,71.3507342640,12.9079964713,12.9079964713,0.6000000,5,5,0.50128862000000000,0.501288620000,0.4414521777673877,0.4414521777673877,0.4414521777673877,0E-17,ELIGIBLE,R03b_20260811_FULL_v1,L1_ELIGIBILITY,v2026-08-11,2026-03-21..2026-08-06,baccarat_bet02_101_all_pairs_incl_sentinel,round_win = game_pnl > 0 (decisive only),COMPATIBILITY_ONLY_NOT_PRODUCTION,557989.4742,504875.3716,9878.7574,24851,24505,-0.01770420,0.00338982,-0.02772422,-0.01770420,-9878.7574,557989.4742,OK,0.0000,395.1503,4.0000,96.0000,AG03-UNRESOLVED,ALL5_LEVELS_bet23_to_bet27,395.1503,395.1503,395.1503,0.0000,0.0000,4.000000,4.000000,4.000000,0.000000,0.000000,96.000000,96.000000,96.000000,100.000000,100.000000,5.0,1185.4509,1138.6651,8693.3065,8740.0923,PENDING_AG03,FALSE,NOT_FOR_ENFORCEMENT,9483.6071,484680.3568,9878.7574,9483.6071,395.1503,0.01770420,0.01699603,395.1503,9483.6071,0.01699603,395.1503,395.1503,395.1503,0.0000,0.0000,9483.6071,0.01699603,1185.4509,1138.6651,8693.3065,8740.0923,0.01557970,0.01566354,0.00070817,22.4534,20.6030,0.4031,82.3230,2.6463,4649.9123,204.2083,25.9152,21.1137,12.8578,14.5296,26.176,48.8436,54.2173,102.8621,13.088,0.0,3.731508,7.079487,1.545355,30,207,63,6,0.32204186,0.01770420,-0.00338982,0E-8,0.000000,0.904812,0.002133,0.03111404,2026-03-21,2026-08-06,120,3733,1703,139,0.863309,1.227414,1.154177,1.073473,,,,,,,,GLOBAL_BASELINE_NO_ENTITY_RANKING,,,NOT_APPLICABLE_GLOBAL_BASELINE,HF9g-P5,,,,X 全窗基线 · 不参与实体赏罚,15052738,1506,A168_HF9F_20260827_0900,2026-08-27 09:00:00
2026-05-23,127529701,2252,0,498.1578537702,-131.5707539828,-131.5707539828,0.3333333,33,30,0.48119705777771612,0.476397587222,-1.5377326173938597,-1.4884265909129044,-1.5377326173938597,0.00479947055571612,ELIGIBLE,R03b_20260811_FULL_v1,L1_ELIGIBILITY,v2026-08-11,2026-03-21..2026-08-06,baccarat_bet02_101_all_pairs_incl_sentinel,round_win = game_pnl > 0 (decisive only),COMPATIBILITY_ONLY_NOT_PRODUCTION,557989.4742,504875.3716,9878.7574,24851,24505,-0.01770420,0.00338982,-0.02772422,-0.01770420,-9878.7574,557989.4742,OK,0.0000,395.1503,4.0000,96.0000,AG03-UNRESOLVED,ALL5_LEVELS_bet23_to_bet27,395.1503,395.1503,395.1503,0.0000,0.0000,4.000000,4.000000,4.000000,0.000000,0.000000,96.000000,96.000000,96.000000,100.000000,100.000000,5.0,1185.4509,1138.6651,8693.3065,8740.0923,PENDING_AG03,FALSE,NOT_FOR_ENFORCEMENT,9483.6071,484680.3568,9878.7574,9483.6071,395.1503,0.01770420,0.01699603,395.1503,9483.6071,0.01699603,395.1503,395.1503,395.1503,0.0000,0.0000,9483.6071,0.01699603,1185.4509,1138.6651,8693.3065,8740.0923,0.01557970,0.01566354,0.00070817,22.4534,20.6030,0.4031,82.3230,2.6463,4649.9123,204.2083,25.9152,21.1137,12.8578,14.5296,26.176,48.8436,54.2173,102.8621,13.088,0.0,3.731508,7.079487,1.545355,30,207,63,6,0.32204186,0.01770420,-0.00338982,0E-8,0.000000,0.904812,0.002133,0.03111404,2026-03-21,2026-08-06,120,3733,1703,139,0.863309,1.227414,1.154177,1.073473,,,,,,,,GLOBAL_BASELINE_NO_ENTITY_RANKING,,,NOT_APPLICABLE_GLOBAL_BASELINE,HF9g-P5,,,,X 全窗基线 · 不参与实体赏罚,15052739,1506,A168_HF9F_20260827_0900,2026-08-27 09:00:00
2026-05-23,127529701,2256,0,9.0810025427,-9.0810025427,-9.0810025427,0E-7,1,1,0.49324550000000000,0.493245500000,-0.9865810262130424,-0.9865810262130424,-0.9865810262130424,0E-17,ELIGIBLE,R03b_20260811_FULL_v1,L1_ELIGIBILITY,v2026-08-11,2026-03-21..2026-08-06,baccarat_bet02_101_all_pairs_incl_sentinel,round_win = game_pnl > 0 (decisive only),COMPATIBILITY_ONLY_NOT_PRODUCTION,557989.4742,504875.3716,9878.7574,24851,24505,-0.01770420,0.00338982,-0.02772422,-0.01770420,-9878.7574,557989.4742,OK,0.0000,395.1503,4.0000,96.0000,AG03-UNRESOLVED,ALL5_LEVELS_bet23_to_bet27,395.1503,395.1503,395.1503,0.0000,0.0000,4.000000,4.000000,4.000000,0.000000,0.000000,96.000000,96.000000,96.000000,100.000000,100.000000,5.0,1185.4509,1138.6651,8693.3065,8740.0923,PENDING_AG03,FALSE,NOT_FOR_ENFORCEMENT,9483.6071,484680.3568,9878.7574,9483.6071,395.1503,0.01770420,0.01699603,395.1503,9483.6071,0.01699603,395.1503,395.1503,395.1503,0.0000,0.0000,9483.6071,0.01699603,1185.4509,1138.6651,8693.3065,8740.0923,0.01557970,0.01566354,0.00070817,22.4534,20.6030,0.4031,82.3230,2.6463,4649.9123,204.2083,25.9152,21.1137,12.8578,14.5296,26.176,48.8436,54.2173,102.8621,13.088,0.0,3.731508,7.079487,1.545355,30,207,63,6,0.32204186,0.01770420,-0.00338982,0E-8,0.000000,0.904812,0.002133,0.03111404,2026-03-21,2026-08-06,120,3733,1703,139,0.863309,1.227414,1.154177,1.073473,,,,,,,,GLOBAL_BASELINE_NO_ENTITY_RANKING,,,NOT_APPLICABLE_GLOBAL_BASELINE,HF9g-P5,,,,X 全窗基线 · 不参与实体赏罚,15052740,1506,A168_HF9F_20260827_0900,2026-08-27 09:00:00
2026-05-23,127529701,550,0,88.9938249184,-39.0483109336,-39.0483109336,0.2000000,6,6,0.49547970000000000,0.495479700000,-1.3214793953192199,-1.3214793953192199,-1.3214793953192199,0E-17,ELIGIBLE,R03b_20260811_FULL_v1,L1_ELIGIBILITY,v2026-08-11,2026-03-21..2026-08-06,baccarat_bet02_101_all_pairs_incl_sentinel,round_win = game_pnl > 0 (decisive only),COMPATIBILITY_ONLY_NOT_PRODUCTION,557989.4742,504875.3716,9878.7574,24851,24505,-0.01770420,0.00338982,-0.02772422,-0.01770420,-9878.7574,557989.4742,OK,0.0000,395.1503,4.0000,96.0000,AG03-UNRESOLVED,ALL5_LEVELS_bet23_to_bet27,395.1503,395.1503,395.1503,0.0000,0.0000,4.000000,4.000000,4.000000,0.000000,0.000000,96.000000,96.000000,96.000000,100.000000,100.000000,5.0,1185.4509,1138.6651,8693.3065,8740.0923,PENDING_AG03,FALSE,NOT_FOR_ENFORCEMENT,9483.6071,484680.3568,9878.7574,9483.6071,395.1503,0.01770420,0.01699603,395.1503,9483.6071,0.01699603,395.1503,395.1503,395.1503,0.0000,0.0000,9483.6071,0.01699603,1185.4509,1138.6651,8693.3065,8740.0923,0.01557970,0.01566354,0.00070817,22.4534,20.6030,0.4031,82.3230,2.6463,4649.9123,204.2083,25.9152,21.1137,12.8578,14.5296,26.176,48.8436,54.2173,102.8621,13.088,0.0,3.731508,7.079487,1.545355,30,207,63,6,0.32204186,0.01770420,-0.00338982,0E-8,0.000000,0.904812,0.002133,0.03111404,2026-03-21,2026-08-06,120,3733,1703,139,0.863309,1.227414,1.154177,1.073473,,,,,,,,GLOBAL_BASELINE_NO_ENTITY_RANKING,,,NOT_APPLICABLE_GLOBAL_BASELINE,HF9g-P5,,,,X 全窗基线 · 不参与实体赏罚,15052741,1506,A168_HF9F_20260827_0900,2026-08-27 09:00:00
2026-05-23,127529701,595,0,38.9185823258,-38.9185823258,-38.9185823258,0E-7,3,3,0.49771390000000000,0.497713900000,-1.724149546644903,-1.724149546644903,-1.724149546644903,0E-17,ELIGIBLE,R03b_20260811_FULL_v1,L1_ELIGIBILITY,v2026-08-11,2026-03-21..2026-08-06,baccarat_bet02_101_all_pairs_incl_sentinel,round_win = game_pnl > 0 (decisive only),COMPATIBILITY_ONLY_NOT_PRODUCTION,557989.4742,504875.3716,9878.7574,24851,24505,-0.01770420,0.00338982,-0.02772422,-0.01770420,-9878.7574,557989.4742,OK,0.0000,395.1503,4.0000,96.0000,AG03-UNRESOLVED,ALL5_LEVELS_bet23_to_bet27,395.1503,395.1503,395.1503,0.0000,0.0000,4.000000,4.000000,4.000000,0.000000,0.000000,96.000000,96.000000,96.000000,100.000000,100.000000,5.0,1185.4509,1138.6651,8693.3065,8740.0923,PENDING_AG03,FALSE,NOT_FOR_ENFORCEMENT,9483.6071,484680.3568,9878.7574,9483.6071,395.1503,0.01770420,0.01699603,395.1503,9483.6071,0.01699603,395.1503,395.1503,395.1503,0.0000,0.0000,9483.6071,0.01699603,1185.4509,1138.6651,8693.3065,8740.0923,0.01557970,0.01566354,0.00070817,22.4534,20.6030,0.4031,82.3230,2.6463,4649.9123,204.2083,25.9152,21.1137,12.8578,14.5296,26.176,48.8436,54.2173,102.8621,13.088,0.0,3.731508,7.079487,1.545355,30,207,63,6,0.32204186,0.01770420,-0.00338982,0E-8,0.000000,0.904812,0.002133,0.03111404,2026-03-21,2026-08-06,120,3733,1703,139,0.863309,1.227414,1.154177,1.073473,,,,,,,,GLOBAL_BASELINE_NO_ENTITY_RANKING,,,NOT_APPLICABLE_GLOBAL_BASELINE,HF9g-P5,,,,X 全窗基线 · 不参与实体赏罚,15052742,1506,A168_HF9F_20260827_0900,2026-08-27 09:00:00
2026-05-23,127529701,752,0,22.8322349645,-7.6539878574,-7.6539878574,0.5000000,2,2,0.49994810000000000,0.499948100000,0.00014679536856514622,0.00014679536856514622,0.00014679536856514622,0E-17,ELIGIBLE,R03b_20260811_FULL_v1,L1_ELIGIBILITY,v2026-08-11,2026-03-21..2026-08-06,baccarat_bet02_101_all_pairs_incl_sentinel,round_win = game_pnl > 0 (decisive only),COMPATIBILITY_ONLY_NOT_PRODUCTION,557989.4742,504875.3716,9878.7574,24851,24505,-0.01770420,0.00338982,-0.02772422,-0.01770420,-9878.7574,557989.4742,OK,0.0000,395.1503,4.0000,96.0000,AG03-UNRESOLVED,ALL5_LEVELS_bet23_to_bet27,395.1503,395.1503,395.1503,0.0000,0.0000,4.000000,4.000000,4.000000,0.000000,0.000000,96.000000,96.000000,96.000000,100.000000,100.000000,5.0,1185.4509,1138.6651,8693.3065,8740.0923,PENDING_AG03,FALSE,NOT_FOR_ENFORCEMENT,9483.6071,484680.3568,9878.7574,9483.6071,395.1503,0.01770420,0.01699603,395.1503,9483.6071,0.01699603,395.1503,395.1503,395.1503,0.0000,0.0000,9483.6071,0.01699603,1185.4509,1138.6651,8693.3065,8740.0923,0.01557970,0.01566354,0.00070817,22.4534,20.6030,0.4031,82.3230,2.6463,4649.9123,204.2083,25.9152,21.1137,12.8578,14.5296,26.176,48.8436,54.2173,102.8621,13.088,0.0,3.731508,7.079487,1.545355,30,207,63,6,0.32204186,0.01770420,-0.00338982,0E-8,0.000000,0.904812,0.002133,0.03111404,2026-03-21,2026-08-06,120,3733,1703,139,0.863309,1.227414,1.154177,1.073473,,,,,,,,GLOBAL_BASELINE_NO_ENTITY_RANKING,,,NOT_APPLICABLE_GLOBAL_BASELINE,HF9g-P5,,,,X 全窗基线 · 不参与实体赏罚,15052743,1506,A168_HF9F_20260827_0900,2026-08-27 09:00:00
2026-05-23,127529701,789,0,12.9728607753,12.9728607753,12.9728607753,1.0000000,1,1,0.49324550000000000,0.493245500000,1.01360149184955,1.01360149184955,1.01360149184955,0E-17,ELIGIBLE,R03b_20260811_FULL_v1,L1_ELIGIBILITY,v2026-08-11,2026-03-21..2026-08-06,baccarat_bet02_101_all_pairs_incl_sentinel,round_win = game_pnl > 0 (decisive only),COMPATIBILITY_ONLY_NOT_PRODUCTION,557989.4742,504875.3716,9878.7574,24851,24505,-0.01770420,0.00338982,-0.02772422,-0.01770420,-9878.7574,557989.4742,OK,0.0000,395.1503,4.0000,96.0000,AG03-UNRESOLVED,ALL5_LEVELS_bet23_to_bet27,395.1503,395.1503,395.1503,0.0000,0.0000,4.000000,4.000000,4.000000,0.000000,0.000000,96.000000,96.000000,96.000000,100.000000,100.000000,5.0,1185.4509,1138.6651,8693.3065,8740.0923,PENDING_AG03,FALSE,NOT_FOR_ENFORCEMENT,9483.6071,484680.3568,9878.7574,9483.6071,395.1503,0.01770420,0.01699603,395.1503,9483.6071,0.01699603,395.1503,395.1503,395.1503,0.0000,0.0000,9483.6071,0.01699603,1185.4509,1138.6651,8693.3065,8740.0923,0.01557970,0.01566354,0.00070817,22.4534,20.6030,0.4031,82.3230,2.6463,4649.9123,204.2083,25.9152,21.1137,12.8578,14.5296,26.176,48.8436,54.2173,102.8621,13.088,0.0,3.731508,7.079487,1.545355,30,207,63,6,0.32204186,0.01770420,-0.00338982,0E-8,0.000000,0.904812,0.002133,0.03111404,2026-03-21,2026-08-06,120,3733,1703,139,0.863309,1.227414,1.154177,1.073473,,,,,,,,GLOBAL_BASELINE_NO_ENTITY_RANKING,,,NOT_APPLICABLE_GLOBAL_BASELINE,HF9g-P5,,,,X 全窗基线 · 不参与实体赏罚,15052744,1506,A168_HF9F_20260827_0900,2026-08-27 09:00:00
2026-05-23,127529701,970,0,330.2890353380,-49.3617352500,-49.3617352500,0.4117647,22,22,0.50055742727272727,0.500557427273,-0.7322039931856617,-0.732203993187911,-0.7322039931856617,-2.7273E-13,ELIGIBLE,R03b_20260811_FULL_v1,L1_ELIGIBILITY,v2026-08-11,2026-03-21..2026-08-06,baccarat_bet02_101_all_pairs_incl_sentinel,round_win = game_pnl > 0 (decisive only),COMPATIBILITY_ONLY_NOT_PRODUCTION,557989.4742,504875.3716,9878.7574,24851,24505,-0.01770420,0.00338982,-0.02772422,-0.01770420,-9878.7574,557989.4742,OK,0.0000,395.1503,4.0000,96.0000,AG03-UNRESOLVED,ALL5_LEVELS_bet23_to_bet27,395.1503,395.1503,395.1503,0.0000,0.0000,4.000000,4.000000,4.000000,0.000000,0.000000,96.000000,96.000000,96.000000,100.000000,100.000000,5.0,1185.4509,1138.6651,8693.3065,8740.0923,PENDING_AG03,FALSE,NOT_FOR_ENFORCEMENT,9483.6071,484680.3568,9878.7574,9483.6071,395.1503,0.01770420,0.01699603,395.1503,9483.6071,0.01699603,395.1503,395.1503,395.1503,0.0000,0.0000,9483.6071,0.01699603,1185.4509,1138.6651,8693.3065,8740.0923,0.01557970,0.01566354,0.00070817,22.4534,20.6030,0.4031,82.3230,2.6463,4649.9123,204.2083,25.9152,21.1137,12.8578,14.5296,26.176,48.8436,54.2173,102.8621,13.088,0.0,3.731508,7.079487,1.545355,30,207,63,6,0.32204186,0.01770420,-0.00338982,0E-8,0.000000,0.904812,0.002133,0.03111404,2026-03-21,2026-08-06,120,3733,1703,139,0.863309,1.227414,1.154177,1.073473,,,,,,,,GLOBAL_BASELINE_NO_ENTITY_RANKING,,,NOT_APPLICABLE_GLOBAL_BASELINE,HF9g-P5,,,,X 全窗基线 · 不参与实体赏罚,15052745,1506,A168_HF9F_20260827_0900,2026-08-27 09:00:00
2026-05-23,127529701,986,0,422.3963468423,-60.8946084790,-60.8946084790,0.5000000,25,25,0.49967999600000000,0.499679996000,0.0031353867047416687,0.0031353867047416687,0.0031353867047416687,0E-17,ELIGIBLE,R03b_20260811_FULL_v1,L1_ELIGIBILITY,v2026-08-11,2026-03-21..2026-08-06,baccarat_bet02_101_all_pairs_incl_sentinel,round_win = game_pnl > 0 (decisive only),COMPATIBILITY_ONLY_NOT_PRODUCTION,557989.4742,504875.3716,9878.7574,24851,24505,-0.01770420,0.00338982,-0.02772422,-0.01770420,-9878.7574,557989.4742,OK,0.0000,395.1503,4.0000,96.0000,AG03-UNRESOLVED,ALL5_LEVELS_bet23_to_bet27,395.1503,395.1503,395.1503,0.0000,0.0000,4.000000,4.000000,4.000000,0.000000,0.000000,96.000000,96.000000,96.000000,100.000000,100.000000,5.0,1185.4509,1138.6651,8693.3065,8740.0923,PENDING_AG03,FALSE,NOT_FOR_ENFORCEMENT,9483.6071,484680.3568,9878.7574,9483.6071,395.1503,0.01770420,0.01699603,395.1503,9483.6071,0.01699603,395.1503,395.1503,395.1503,0.0000,0.0000,9483.6071,0.01699603,1185.4509,1138.6651,8693.3065,8740.0923,0.01557970,0.01566354,0.00070817,22.4534,20.6030,0.4031,82.3230,2.6463,4649.9123,204.2083,25.9152,21.1137,12.8578,14.5296,26.176,48.8436,54.2173,102.8621,13.088,0.0,3.731508,7.079487,1.545355,30,207,63,6,0.32204186,0.01770420,-0.00338982,0E-8,0.000000,0.904812,0.002133,0.03111404,2026-03-21,2026-08-06,120,3733,1703,139,0.863309,1.227414,1.154177,1.073473,,,,,,,,GLOBAL_BASELINE_NO_ENTITY_RANKING,,,NOT_APPLICABLE_GLOBAL_BASELINE,HF9g-P5,,,,X 全窗基线 · 不参与实体赏罚,15052746,1506,A168_HF9F_20260827_0900,2026-08-27 09:00:00
2026-05-23,127529701,994,0,87.4370816253,-11.2863888745,-11.2863888745,0.4285714,7,7,0.44587168571428571,0.445871685714,-0.09208554448233604,-0.09208554448082104,-0.09208554448233604,2.8571E-13,ELIGIBLE,R03b_20260811_FULL_v1,L1_ELIGIBILITY,v2026-08-11,2026-03-21..2026-08-06,baccarat_bet02_101_all_pairs_incl_sentinel,round_win = game_pnl > 0 (decisive only),COMPATIBILITY_ONLY_NOT_PRODUCTION,557989.4742,504875.3716,9878.7574,24851,24505,-0.01770420,0.00338982,-0.02772422,-0.01770420,-9878.7574,557989.4742,OK,0.0000,395.1503,4.0000,96.0000,AG03-UNRESOLVED,ALL5_LEVELS_bet23_to_bet27,395.1503,395.1503,395.1503,0.0000,0.0000,4.000000,4.000000,4.000000,0.000000,0.000000,96.000000,96.000000,96.000000,100.000000,100.000000,5.0,1185.4509,1138.6651,8693.3065,8740.0923,PENDING_AG03,FALSE,NOT_FOR_ENFORCEMENT,9483.6071,484680.3568,9878.7574,9483.6071,395.1503,0.01770420,0.01699603,395.1503,9483.6071,0.01699603,395.1503,395.1503,395.1503,0.0000,0.0000,9483.6071,0.01699603,1185.4509,1138.6651,8693.3065,8740.0923,0.01557970,0.01566354,0.00070817,22.4534,20.6030,0.4031,82.3230,2.6463,4649.9123,204.2083,25.9152,21.1137,12.8578,14.5296,26.176,48.8436,54.2173,102.8621,13.088,0.0,3.731508,7.079487,1.545355,30,207,63,6,0.32204186,0.01770420,-0.00338982,0E-8,0.000000,0.904812,0.002133,0.03111404,2026-03-21,2026-08-06,120,3733,1703,139,0.863309,1.227414,1.154177,1.073473,,,,,,,,GLOBAL_BASELINE_NO_ENTITY_RANKING,,,NOT_APPLICABLE_GLOBAL_BASELINE,HF9g-P5,,,,X 全窗基线 · 不参与实体赏罚,15052747,1506,A168_HF9F_20260827_0900,2026-08-27 09:00:00
2026-05-24,127529701,-1,1,1345.2856623945,13.4658294847,13.4658294847,0.5151515,79,78,0.49880235641025656,0.498831000000,0.265643149046633,0.2651777085127238,0.265643149046633,-0.00002864358974344,SENTINEL_DEALER,R03b_20260811_FULL_v1,L1_ELIGIBILITY,v2026-08-11,2026-03-21..2026-08-06,baccarat_bet02_101_all_pairs_incl_sentinel,round_win = game_pnl > 0 (decisive only),COMPATIBILITY_ONLY_NOT_PRODUCTION,557989.4742,504875.3716,9878.7574,24851,24505,-0.01770420,0.00338982,-0.02772422,-0.01770420,-9878.7574,557989.4742,OK,0.0000,395.1503,4.0000,96.0000,AG03-UNRESOLVED,ALL5_LEVELS_bet23_to_bet27,395.1503,395.1503,395.1503,0.0000,0.0000,4.000000,4.000000,4.000000,0.000000,0.000000,96.000000,96.000000,96.000000,100.000000,100.000000,5.0,1185.4509,1138.6651,8693.3065,8740.0923,PENDING_AG03,FALSE,NOT_FOR_ENFORCEMENT,9483.6071,484680.3568,9878.7574,9483.6071,395.1503,0.01770420,0.01699603,395.1503,9483.6071,0.01699603,395.1503,395.1503,395.1503,0.0000,0.0000,9483.6071,0.01699603,1185.4509,1138.6651,8693.3065,8740.0923,0.01557970,0.01566354,0.00070817,22.4534,20.6030,0.4031,82.3230,2.6463,4649.9123,204.2083,25.9152,21.1137,12.8578,14.5296,26.176,48.8436,54.2173,102.8621,13.088,0.0,3.731508,7.079487,1.545355,30,207,63,6,0.32204186,0.01770420,-0.00338982,0E-8,0.000000,0.904812,0.002133,0.03111404,2026-03-21,2026-08-06,120,3733,1703,139,0.863309,1.227414,1.154177,1.073473,,,,,,,,GLOBAL_BASELINE_NO_ENTITY_RANKING,,,NOT_APPLICABLE_GLOBAL_BASELINE,HF9g-P5,,,,X 全窗基线 · 不参与实体赏罚,15052748,1506,A168_HF9F_20260827_0900,2026-08-27 09:00:00
2026-05-24,127529701,1004,0,72.6480203415,-37.2321104250,-37.2321104250,0.3333333,3,3,0.49771390000000000,0.497713900000,-0.5694369385616226,-0.5694369385616226,-0.5694369385616226,0E-17,ELIGIBLE,R03b_20260811_FULL_v1,L1_ELIGIBILITY,v2026-08-11,2026-03-21..2026-08-06,baccarat_bet02_101_all_pairs_incl_sentinel,round_win = game_pnl > 0 (decisive only),COMPATIBILITY_ONLY_NOT_PRODUCTION,557989.4742,504875.3716,9878.7574,24851,24505,-0.01770420,0.00338982,-0.02772422,-0.01770420,-9878.7574,557989.4742,OK,0.0000,395.1503,4.0000,96.0000,AG03-UNRESOLVED,ALL5_LEVELS_bet23_to_bet27,395.1503,395.1503,395.1503,0.0000,0.0000,4.000000,4.000000,4.000000,0.000000,0.000000,96.000000,96.000000,96.000000,100.000000,100.000000,5.0,1185.4509,1138.6651,8693.3065,8740.0923,PENDING_AG03,FALSE,NOT_FOR_ENFORCEMENT,9483.6071,484680.3568,9878.7574,9483.6071,395.1503,0.01770420,0.01699603,395.1503,9483.6071,0.01699603,395.1503,395.1503,395.1503,0.0000,0.0000,9483.6071,0.01699603,1185.4509,1138.6651,8693.3065,8740.0923,0.01557970,0.01566354,0.00070817,22.4534,20.6030,0.4031,82.3230,2.6463,4649.9123,204.2083,25.9152,21.1137,12.8578,14.5296,26.176,48.8436,54.2173,102.8621,13.088,0.0,3.731508,7.079487,1.545355,30,207,63,6,0.32204186,0.01770420,-0.00338982,0E-8,0.000000,0.904812,0.002133,0.03111404,2026-03-21,2026-08-06,120,3733,1703,139,0.863309,1.227414,1.154177,1.073473,,,,,,,,GLOBAL_BASELINE_NO_ENTITY_RANKING,,,NOT_APPLICABLE_GLOBAL_BASELINE,HF9g-P5,,,,X 全窗基线 · 不参与实体赏罚,15052749,1506,A168_HF9F_20260827_0900,2026-08-27 09:00:00
2026-05-24,127529701,1078,0,57.0805874111,5.1891443101,5.1891443101,0.5000000,3,3,0.49771390000000000,0.497713900000,0.006466134837551399,0.0064661348375514,0.006466134837551399,0E-17,ELIGIBLE,R03b_20260811_FULL_v1,L1_ELIGIBILITY,v2026-08-11,2026-03-21..2026-08-06,baccarat_bet02_101_all_pairs_incl_sentinel,round_win = game_pnl > 0 (decisive only),COMPATIBILITY_ONLY_NOT_PRODUCTION,557989.4742,504875.3716,9878.7574,24851,24505,-0.01770420,0.00338982,-0.02772422,-0.01770420,-9878.7574,557989.4742,OK,0.0000,395.1503,4.0000,96.0000,AG03-UNRESOLVED,ALL5_LEVELS_bet23_to_bet27,395.1503,395.1503,395.1503,0.0000,0.0000,4.000000,4.000000,4.000000,0.000000,0.000000,96.000000,96.000000,96.000000,100.000000,100.000000,5.0,1185.4509,1138.6651,8693.3065,8740.0923,PENDING_AG03,FALSE,NOT_FOR_ENFORCEMENT,9483.6071,484680.3568,9878.7574,9483.6071,395.1503,0.01770420,0.01699603,395.1503,9483.6071,0.01699603,395.1503,395.1503,395.1503,0.0000,0.0000,9483.6071,0.01699603,1185.4509,1138.6651,8693.3065,8740.0923,0.01557970,0.01566354,0.00070817,22.4534,20.6030,0.4031,82.3230,2.6463,4649.9123,204.2083,25.9152,21.1137,12.8578,14.5296,26.176,48.8436,54.2173,102.8621,13.088,0.0,3.731508,7.079487,1.545355,30,207,63,6,0.32204186,0.01770420,-0.00338982,0E-8,0.000000,0.904812,0.002133,0.03111404,2026-03-21,2026-08-06,120,3733,1703,139,0.863309,1.227414,1.154177,1.073473,,,,,,,,GLOBAL_BASELINE_NO_ENTITY_RANKING,,,NOT_APPLICABLE_GLOBAL_BASELINE,HF9g-P5,,,,X 全窗基线 · 不参与实体赏罚,15052750,1506,A168_HF9F_20260827_0900,2026-08-27 09:00:00
2026-05-24,127529701,1151,0,25.9457215506,-0.6486430388,-0.6486430388,0.5000000,2,2,0.49994810000000000,0.499948100000,0.00014679536856514622,0.00014679536856514622,0.00014679536856514622,0E-17,ELIGIBLE,R03b_20260811_FULL_v1,L1_ELIGIBILITY,v2026-08-11,2026-03-21..2026-08-06,baccarat_bet02_101_all_pairs_incl_sentinel,round_win = game_pnl > 0 (decisive only),COMPATIBILITY_ONLY_NOT_PRODUCTION,557989.4742,504875.3716,9878.7574,24851,24505,-0.01770420,0.00338982,-0.02772422,-0.01770420,-9878.7574,557989.4742,OK,0.0000,395.1503,4.0000,96.0000,AG03-UNRESOLVED,ALL5_LEVELS_bet23_to_bet27,395.1503,395.1503,395.1503,0.0000,0.0000,4.000000,4.000000,4.000000,0.000000,0.000000,96.000000,96.000000,96.000000,100.000000,100.000000,5.0,1185.4509,1138.6651,8693.3065,8740.0923,PENDING_AG03,FALSE,NOT_FOR_ENFORCEMENT,9483.6071,484680.3568,9878.7574,9483.6071,395.1503,0.01770420,0.01699603,395.1503,9483.6071,0.01699603,395.1503,395.1503,395.1503,0.0000,0.0000,9483.6071,0.01699603,1185.4509,1138.6651,8693.3065,8740.0923,0.01557970,0.01566354,0.00070817,22.4534,20.6030,0.4031,82.3230,2.6463,4649.9123,204.2083,25.9152,21.1137,12.8578,14.5296,26.176,48.8436,54.2173,102.8621,13.088,0.0,3.731508,7.079487,1.545355,30,207,63,6,0.32204186,0.01770420,-0.00338982,0E-8,0.000000,0.904812,0.002133,0.03111404,2026-03-21,2026-08-06,120,3733,1703,139,0.863309,1.227414,1.154177,1.073473,,,,,,,,GLOBAL_BASELINE_NO_ENTITY_RANKING,,,NOT_APPLICABLE_GLOBAL_BASELINE,HF9g-P5,,,,X 全窗基线 · 不参与实体赏罚,15052751,1506,A168_HF9F_20260827_0900,2026-08-27 09:00:00
2026-05-24,127529701,1318,0,340.1484095273,89.8370608685,89.8370608685,0.5882353,17,17,0.49718820588235294,0.497188205882,0.7508053955064148,0.7508053955093283,0.7508053955064148,3.5294E-13,ELIGIBLE,R03b_20260811_FULL_v1,L1_ELIGIBILITY,v2026-08-11,2026-03-21..2026-08-06,baccarat_bet02_101_all_pairs_incl_sentinel,round_win = game_pnl > 0 (decisive only),COMPATIBILITY_ONLY_NOT_PRODUCTION,557989.4742,504875.3716,9878.7574,24851,24505,-0.01770420,0.00338982,-0.02772422,-0.01770420,-9878.7574,557989.4742,OK,0.0000,395.1503,4.0000,96.0000,AG03-UNRESOLVED,ALL5_LEVELS_bet23_to_bet27,395.1503,395.1503,395.1503,0.0000,0.0000,4.000000,4.000000,4.000000,0.000000,0.000000,96.000000,96.000000,96.000000,100.000000,100.000000,5.0,1185.4509,1138.6651,8693.3065,8740.0923,PENDING_AG03,FALSE,NOT_FOR_ENFORCEMENT,9483.6071,484680.3568,9878.7574,9483.6071,395.1503,0.01770420,0.01699603,395.1503,9483.6071,0.01699603,395.1503,395.1503,395.1503,0.0000,0.0000,9483.6071,0.01699603,1185.4509,1138.6651,8693.3065,8740.0923,0.01557970,0.01566354,0.00070817,22.4534,20.6030,0.4031,82.3230,2.6463,4649.9123,204.2083,25.9152,21.1137,12.8578,14.5296,26.176,48.8436,54.2173,102.8621,13.088,0.0,3.731508,7.079487,1.545355,30,207,63,6,0.32204186,0.01770420,-0.00338982,0E-8,0.000000,0.904812,0.002133,0.03111404,2026-03-21,2026-08-06,120,3733,1703,139,0.863309,1.227414,1.154177,1.073473,,,,,,,,GLOBAL_BASELINE_NO_ENTITY_RANKING,,,NOT_APPLICABLE_GLOBAL_BASELINE,HF9g-P5,,,,X 全窗基线 · 不参与实体赏罚,15052752,1506,A168_HF9F_20260827_0900,2026-08-27 09:00:00
2026-05-24,127529701,1323,0,15.5674329303,-15.5674329303,-15.5674329303,0E-7,1,1,0.49324550000000000,0.493245500000,-0.9865810262130424,-0.9865810262130424,-0.9865810262130424,0E-17,ELIGIBLE,R03b_20260811_FULL_v1,L1_ELIGIBILITY,v2026-08-11,2026-03-21..2026-08-06,baccarat_bet02_101_all_pairs_incl_sentinel,round_win = game_pnl > 0 (decisive only),COMPATIBILITY_ONLY_NOT_PRODUCTION,557989.4742,504875.3716,9878.7574,24851,24505,-0.01770420,0.00338982,-0.02772422,-0.01770420,-9878.7574,557989.4742,OK,0.0000,395.1503,4.0000,96.0000,AG03-UNRESOLVED,ALL5_LEVELS_bet23_to_bet27,395.1503,395.1503,395.1503,0.0000,0.0000,4.000000,4.000000,4.000000,0.000000,0.000000,96.000000,96.000000,96.000000,100.000000,100.000000,5.0,1185.4509,1138.6651,8693.3065,8740.0923,PENDING_AG03,FALSE,NOT_FOR_ENFORCEMENT,9483.6071,484680.3568,9878.7574,9483.6071,395.1503,0.01770420,0.01699603,395.1503,9483.6071,0.01699603,395.1503,395.1503,395.1503,0.0000,0.0000,9483.6071,0.01699603,1185.4509,1138.6651,8693.3065,8740.0923,0.01557970,0.01566354,0.00070817,22.4534,20.6030,0.4031,82.3230,2.6463,4649.9123,204.2083,25.9152,21.1137,12.8578,14.5296,26.176,48.8436,54.2173,102.8621,13.088,0.0,3.731508,7.079487,1.545355,30,207,63,6,0.32204186,0.01770420,-0.00338982,0E-8,0.000000,0.904812,0.002133,0.03111404,2026-03-21,2026-08-06,120,3733,1703,139,0.863309,1.227414,1.154177,1.073473,,,,,,,,GLOBAL_BASELINE_NO_ENTITY_RANKING,,,NOT_APPLICABLE_GLOBAL_BASELINE,HF9g-P5,,,,X 全窗基线 · 不参与实体赏罚,15052753,1506,A168_HF9F_20260827_0900,2026-08-27 09:00:00
2026-05-24,127529701,1382,0,51.8914431011,-25.9457215505,-25.9457215505,0.2857143,7,7,0.49707555714285714,0.497075557143,-1.1184378527242427,-1.1184378527249965,-1.1184378527242427,-1.4286E-13,ELIGIBLE,R03b_20260811_FULL_v1,L1_ELIGIBILITY,v2026-08-11,2026-03-21..2026-08-06,baccarat_bet02_101_all_pairs_incl_sentinel,round_win = game_pnl > 0 (decisive only),COMPATIBILITY_ONLY_NOT_PRODUCTION,557989.4742,504875.3716,9878.7574,24851,24505,-0.01770420,0.00338982,-0.02772422,-0.01770420,-9878.7574,557989.4742,OK,0.0000,395.1503,4.0000,96.0000,AG03-UNRESOLVED,ALL5_LEVELS_bet23_to_bet27,395.1503,395.1503,395.1503,0.0000,0.0000,4.000000,4.000000,4.000000,0.000000,0.000000,96.000000,96.000000,96.000000,100.000000,100.000000,5.0,1185.4509,1138.6651,8693.3065,8740.0923,PENDING_AG03,FALSE,NOT_FOR_ENFORCEMENT,9483.6071,484680.3568,9878.7574,9483.6071,395.1503,0.01770420,0.01699603,395.1503,9483.6071,0.01699603,395.1503,395.1503,395.1503,0.0000,0.0000,9483.6071,0.01699603,1185.4509,1138.6651,8693.3065,8740.0923,0.01557970,0.01566354,0.00070817,22.4534,20.6030,0.4031,82.3230,2.6463,4649.9123,204.2083,25.9152,21.1137,12.8578,14.5296,26.176,48.8436,54.2173,102.8621,13.088,0.0,3.731508,7.079487,1.545355,30,207,63,6,0.32204186,0.01770420,-0.00338982,0E-8,0.000000,0.904812,0.002133,0.03111404,2026-03-21,2026-08-06,120,3733,1703,139,0.863309,1.227414,1.154177,1.073473,,,,,,,,GLOBAL_BASELINE_NO_ENTITY_RANKING,,,NOT_APPLICABLE_GLOBAL_BASELINE,HF9g-P5,,,,X 全窗基线 · 不参与实体赏罚,15052754,1506,A168_HF9F_20260827_0900,2026-08-27 09:00:00
2026-05-24,127529701,1383,0,46.7022987910,4.5405012714,4.5405012714,0.6666667,3,3,0.49771390000000000,0.497713900000,0.5852756695216578,0.5852756695216578,0.5852756695216578,0E-17,ELIGIBLE,R03b_20260811_FULL_v1,L1_ELIGIBILITY,v2026-08-11,2026-03-21..2026-08-06,baccarat_bet02_101_all_pairs_incl_sentinel,round_win = game_pnl > 0 (decisive only),COMPATIBILITY_ONLY_NOT_PRODUCTION,557989.4742,504875.3716,9878.7574,24851,24505,-0.01770420,0.00338982,-0.02772422,-0.01770420,-9878.7574,557989.4742,OK,0.0000,395.1503,4.0000,96.0000,AG03-UNRESOLVED,ALL5_LEVELS_bet23_to_bet27,395.1503,395.1503,395.1503,0.0000,0.0000,4.000000,4.000000,4.000000,0.000000,0.000000,96.000000,96.000000,96.000000,100.000000,100.000000,5.0,1185.4509,1138.6651,8693.3065,8740.0923,PENDING_AG03,FALSE,NOT_FOR_ENFORCEMENT,9483.6071,484680.3568,9878.7574,9483.6071,395.1503,0.01770420,0.01699603,395.1503,9483.6071,0.01699603,395.1503,395.1503,395.1503,0.0000,0.0000,9483.6071,0.01699603,1185.4509,1138.6651,8693.3065,8740.0923,0.01557970,0.01566354,0.00070817,22.4534,20.6030,0.4031,82.3230,2.6463,4649.9123,204.2083,25.9152,21.1137,12.8578,14.5296,26.176,48.8436,54.2173,102.8621,13.088,0.0,3.731508,7.079487,1.545355,30,207,63,6,0.32204186,0.01770420,-0.00338982,0E-8,0.000000,0.904812,0.002133,0.03111404,2026-03-21,2026-08-06,120,3733,1703,139,0.863309,1.227414,1.154177,1.073473,,,,,,,,GLOBAL_BASELINE_NO_ENTITY_RANKING,,,NOT_APPLICABLE_GLOBAL_BASELINE,HF9g-P5,,,,X 全窗基线 · 不参与实体赏罚,15052755,1506,A168_HF9F_20260827_0900,2026-08-27 09:00:00
2026-05-24,127529701,1384,0,147.3716984071,-20.8863058482,-20.8863058482,0.4000000,6,6,0.50441650000000000,0.504416500000,-0.466983001748531,-0.466983001748531,-0.466983001748531,0E-17,ELIGIBLE,R03b_20260811_FULL_v1,L1_ELIGIBILITY,v2026-08-11,2026-03-21..2026-08-06,baccarat_bet02_101_all_pairs_incl_sentinel,round_win = game_pnl > 0 (decisive only),COMPATIBILITY_ONLY_NOT_PRODUCTION,557989.4742,504875.3716,9878.7574,24851,24505,-0.01770420,0.00338982,-0.02772422,-0.01770420,-9878.7574,557989.4742,OK,0.0000,395.1503,4.0000,96.0000,AG03-UNRESOLVED,ALL5_LEVELS_bet23_to_bet27,395.1503,395.1503,395.1503,0.0000,0.0000,4.000000,4.000000,4.000000,0.000000,0.000000,96.000000,96.000000,96.000000,100.000000,100.000000,5.0,1185.4509,1138.6651,8693.3065,8740.0923,PENDING_AG03,FALSE,NOT_FOR_ENFORCEMENT,9483.6071,484680.3568,9878.7574,9483.6071,395.1503,0.01770420,0.01699603,395.1503,9483.6071,0.01699603,395.1503,395.1503,395.1503,0.0000,0.0000,9483.6071,0.01699603,1185.4509,1138.6651,8693.3065,8740.0923,0.01557970,0.01566354,0.00070817,22.4534,20.6030,0.4031,82.3230,2.6463,4649.9123,204.2083,25.9152,21.1137,12.8578,14.5296,26.176,48.8436,54.2173,102.8621,13.088,0.0,3.731508,7.079487,1.545355,30,207,63,6,0.32204186,0.01770420,-0.00338982,0E-8,0.000000,0.904812,0.002133,0.03111404,2026-03-21,2026-08-06,120,3733,1703,139,0.863309,1.227414,1.154177,1.073473,,,,,,,,GLOBAL_BASELINE_NO_ENTITY_RANKING,,,NOT_APPLICABLE_GLOBAL_BASELINE,HF9g-P5,,,,X 全窗基线 · 不参与实体赏罚,15052756,1506,A168_HF9F_20260827_0900,2026-08-27 09:00:00
2026-05-24,127529701,1396,0,91.3289398578,-3.1134865861,-3.1134865861,0.2500000,5,5,0.49592654000000000,0.495926540000,-0.983738807048034,-0.983738807048034,-0.983738807048034,0E-17,ELIGIBLE,R03b_20260811_FULL_v1,L1_ELIGIBILITY,v2026-08-11,2026-03-21..2026-08-06,baccarat_bet02_101_all_pairs_incl_sentinel,round_win = game_pnl > 0 (decisive only),COMPATIBILITY_ONLY_NOT_PRODUCTION,557989.4742,504875.3716,9878.7574,24851,24505,-0.01770420,0.00338982,-0.02772422,-0.01770420,-9878.7574,557989.4742,OK,0.0000,395.1503,4.0000,96.0000,AG03-UNRESOLVED,ALL5_LEVELS_bet23_to_bet27,395.1503,395.1503,395.1503,0.0000,0.0000,4.000000,4.000000,4.000000,0.000000,0.000000,96.000000,96.000000,96.000000,100.000000,100.000000,5.0,1185.4509,1138.6651,8693.3065,8740.0923,PENDING_AG03,FALSE,NOT_FOR_ENFORCEMENT,9483.6071,484680.3568,9878.7574,9483.6071,395.1503,0.01770420,0.01699603,395.1503,9483.6071,0.01699603,395.1503,395.1503,395.1503,0.0000,0.0000,9483.6071,0.01699603,1185.4509,1138.6651,8693.3065,8740.0923,0.01557970,0.01566354,0.00070817,22.4534,20.6030,0.4031,82.3230,2.6463,4649.9123,204.2083,25.9152,21.1137,12.8578,14.5296,26.176,48.8436,54.2173,102.8621,13.088,0.0,3.731508,7.079487,1.545355,30,207,63,6,0.32204186,0.01770420,-0.00338982,0E-8,0.000000,0.904812,0.002133,0.03111404,2026-03-21,2026-08-06,120,3733,1703,139,0.863309,1.227414,1.154177,1.073473,,,,,,,,GLOBAL_BASELINE_NO_ENTITY_RANKING,,,NOT_APPLICABLE_GLOBAL_BASELINE,HF9g-P5,,,,X 全窗基线 · 不参与实体赏罚,15052757,1506,A168_HF9F_20260827_0900,2026-08-27 09:00:00
2026-05-24,127529701,1400,0,415.3910020239,53.0590005709,53.0590005709,0.5625000,20,20,0.50128862000000000,0.501288620000,0.4896926663126942,0.4896926663126942,0.4896926663126942,0E-17,ELIGIBLE,R03b_20260811_FULL_v1,L1_ELIGIBILITY,v2026-08-11,2026-03-21..2026-08-06,baccarat_bet02_101_all_pairs_incl_sentinel,round_win = game_pnl > 0 (decisive only),COMPATIBILITY_ONLY_NOT_PRODUCTION,557989.4742,504875.3716,9878.7574,24851,24505,-0.01770420,0.00338982,-0.02772422,-0.01770420,-9878.7574,557989.4742,OK,0.0000,395.1503,4.0000,96.0000,AG03-UNRESOLVED,ALL5_LEVELS_bet23_to_bet27,395.1503,395.1503,395.1503,0.0000,0.0000,4.000000,4.000000,4.000000,0.000000,0.000000,96.000000,96.000000,96.000000,100.000000,100.000000,5.0,1185.4509,1138.6651,8693.3065,8740.0923,PENDING_AG03,FALSE,NOT_FOR_ENFORCEMENT,9483.6071,484680.3568,9878.7574,9483.6071,395.1503,0.01770420,0.01699603,395.1503,9483.6071,0.01699603,395.1503,395.1503,395.1503,0.0000,0.0000,9483.6071,0.01699603,1185.4509,1138.6651,8693.3065,8740.0923,0.01557970,0.01566354,0.00070817,22.4534,20.6030,0.4031,82.3230,2.6463,4649.9123,204.2083,25.9152,21.1137,12.8578,14.5296,26.176,48.8436,54.2173,102.8621,13.088,0.0,3.731508,7.079487,1.545355,30,207,63,6,0.32204186,0.01770420,-0.00338982,0E-8,0.000000,0.904812,0.002133,0.03111404,2026-03-21,2026-08-06,120,3733,1703,139,0.863309,1.227414,1.154177,1.073473,,,,,,,,GLOBAL_BASELINE_NO_ENTITY_RANKING,,,NOT_APPLICABLE_GLOBAL_BASELINE,HF9g-P5,,,,X 全窗基线 · 不参与实体赏罚,15052758,1506,A168_HF9F_20260827_0900,2026-08-27 09:00:00
2026-05-24,127529701,1402,0,416.6882881014,43.3942192932,43.3942192932,0.6000000,22,22,0.50055742727272727,0.500557427273,0.8894419626467658,0.8894419626443271,0.8894419626467658,-2.7273E-13,ELIGIBLE,R03b_20260811_FULL_v1,L1_ELIGIBILITY,v2026-08-11,2026-03-21..2026-08-06,baccarat_bet02_101_all_pairs_incl_sentinel,round_win = game_pnl > 0 (decisive only),COMPATIBILITY_ONLY_NOT_PRODUCTION,557989.4742,504875.3716,9878.7574,24851,24505,-0.01770420,0.00338982,-0.02772422,-0.01770420,-9878.7574,557989.4742,OK,0.0000,395.1503,4.0000,96.0000,AG03-UNRESOLVED,ALL5_LEVELS_bet23_to_bet27,395.1503,395.1503,395.1503,0.0000,0.0000,4.000000,4.000000,4.000000,0.000000,0.000000,96.000000,96.000000,96.000000,100.000000,100.000000,5.0,1185.4509,1138.6651,8693.3065,8740.0923,PENDING_AG03,FALSE,NOT_FOR_ENFORCEMENT,9483.6071,484680.3568,9878.7574,9483.6071,395.1503,0.01770420,0.01699603,395.1503,9483.6071,0.01699603,395.1503,395.1503,395.1503,0.0000,0.0000,9483.6071,0.01699603,1185.4509,1138.6651,8693.3065,8740.0923,0.01557970,0.01566354,0.00070817,22.4534,20.6030,0.4031,82.3230,2.6463,4649.9123,204.2083,25.9152,21.1137,12.8578,14.5296,26.176,48.8436,54.2173,102.8621,13.088,0.0,3.731508,7.079487,1.545355,30,207,63,6,0.32204186,0.01770420,-0.00338982,0E-8,0.000000,0.904812,0.002133,0.03111404,2026-03-21,2026-08-06,120,3733,1703,139,0.863309,1.227414,1.154177,1.073473,,,,,,,,GLOBAL_BASELINE_NO_ENTITY_RANKING,,,NOT_APPLICABLE_GLOBAL_BASELINE,HF9g-P5,,,,X 全窗基线 · 不参与实体赏罚,15052759,1506,A168_HF9F_20260827_0900,2026-08-27 09:00:00
2026-05-24,127529701,1710,0,53.1887291787,12.9079964713,12.9079964713,0.6666667,4,4,0.50329940000000000,0.503299400000,0.5659331339966515,0.5659331339966515,0.5659331339966515,0E-17,ELIGIBLE,R03b_20260811_FULL_v1,L1_ELIGIBILITY,v2026-08-11,2026-03-21..2026-08-06,baccarat_bet02_101_all_pairs_incl_sentinel,round_win = game_pnl > 0 (decisive only),COMPATIBILITY_ONLY_NOT_PRODUCTION,557989.4742,504875.3716,9878.7574,24851,24505,-0.01770420,0.00338982,-0.02772422,-0.01770420,-9878.7574,557989.4742,OK,0.0000,395.1503,4.0000,96.0000,AG03-UNRESOLVED,ALL5_LEVELS_bet23_to_bet27,395.1503,395.1503,395.1503,0.0000,0.0000,4.000000,4.000000,4.000000,0.000000,0.000000,96.000000,96.000000,96.000000,100.000000,100.000000,5.0,1185.4509,1138.6651,8693.3065,8740.0923,PENDING_AG03,FALSE,NOT_FOR_ENFORCEMENT,9483.6071,484680.3568,9878.7574,9483.6071,395.1503,0.01770420,0.01699603,395.1503,9483.6071,0.01699603,395.1503,395.1503,395.1503,0.0000,0.0000,9483.6071,0.01699603,1185.4509,1138.6651,8693.3065,8740.0923,0.01557970,0.01566354,0.00070817,22.4534,20.6030,0.4031,82.3230,2.6463,4649.9123,204.2083,25.9152,21.1137,12.8578,14.5296,26.176,48.8436,54.2173,102.8621,13.088,0.0,3.731508,7.079487,1.545355,30,207,63,6,0.32204186,0.01770420,-0.00338982,0E-8,0.000000,0.904812,0.002133,0.03111404,2026-03-21,2026-08-06,120,3733,1703,139,0.863309,1.227414,1.154177,1.073473,,,,,,,,GLOBAL_BASELINE_NO_ENTITY_RANKING,,,NOT_APPLICABLE_GLOBAL_BASELINE,HF9g-P5,,,,X 全窗基线 · 不参与实体赏罚,15052760,1506,A168_HF9F_20260827_0900,2026-08-27 09:00:00
2026-05-24,127529701,1947,0,142.7014685280,-91.4586684656,-91.4586684656,0.2857143,7,7,0.49899058571428571,0.498990585714,-1.1285544004973334,-1.1285544004958228,-1.1285544004973334,2.8571E-13,ELIGIBLE,R03b_20260811_FULL_v1,L1_ELIGIBILITY,v2026-08-11,2026-03-21..2026-08-06,baccarat_bet02_101_all_pairs_incl_sentinel,round_win = game_pnl > 0 (decisive only),COMPATIBILITY_ONLY_NOT_PRODUCTION,557989.4742,504875.3716,9878.7574,24851,24505,-0.01770420,0.00338982,-0.02772422,-0.01770420,-9878.7574,557989.4742,OK,0.0000,395.1503,4.0000,96.0000,AG03-UNRESOLVED,ALL5_LEVELS_bet23_to_bet27,395.1503,395.1503,395.1503,0.0000,0.0000,4.000000,4.000000,4.000000,0.000000,0.000000,96.000000,96.000000,96.000000,100.000000,100.000000,5.0,1185.4509,1138.6651,8693.3065,8740.0923,PENDING_AG03,FALSE,NOT_FOR_ENFORCEMENT,9483.6071,484680.3568,9878.7574,9483.6071,395.1503,0.01770420,0.01699603,395.1503,9483.6071,0.01699603,395.1503,395.1503,395.1503,0.0000,0.0000,9483.6071,0.01699603,1185.4509,1138.6651,8693.3065,8740.0923,0.01557970,0.01566354,0.00070817,22.4534,20.6030,0.4031,82.3230,2.6463,4649.9123,204.2083,25.9152,21.1137,12.8578,14.5296,26.176,48.8436,54.2173,102.8621,13.088,0.0,3.731508,7.079487,1.545355,30,207,63,6,0.32204186,0.01770420,-0.00338982,0E-8,0.000000,0.904812,0.002133,0.03111404,2026-03-21,2026-08-06,120,3733,1703,139,0.863309,1.227414,1.154177,1.073473,,,,,,,,GLOBAL_BASELINE_NO_ENTITY_RANKING,,,NOT_APPLICABLE_GLOBAL_BASELINE,HF9g-P5,,,,X 全窗基线 · 不参与实体赏罚,15052761,1506,A168_HF9F_20260827_0900,2026-08-27 09:00:00
2026-05-24,127529701,2088,0,95.4802553060,-59.5454309585,-59.5454309585,0.2222222,9,9,0.50218230000000000,0.502182300000,-1.6797764663895913,-1.6797764663895913,-1.6797764663895913,0E-17,ELIGIBLE,R03b_20260811_FULL_v1,L1_ELIGIBILITY,v2026-08-11,2026-03-21..2026-08-06,baccarat_bet02_101_all_pairs_incl_sentinel,round_win = game_pnl > 0 (decisive only),COMPATIBILITY_ONLY_NOT_PRODUCTION,557989.4742,504875.3716,9878.7574,24851,24505,-0.01770420,0.00338982,-0.02772422,-0.01770420,-9878.7574,557989.4742,OK,0.0000,395.1503,4.0000,96.0000,AG03-UNRESOLVED,ALL5_LEVELS_bet23_to_bet27,395.1503,395.1503,395.1503,0.0000,0.0000,4.000000,4.000000,4.000000,0.000000,0.000000,96.000000,96.000000,96.000000,100.000000,100.000000,5.0,1185.4509,1138.6651,8693.3065,8740.0923,PENDING_AG03,FALSE,NOT_FOR_ENFORCEMENT,9483.6071,484680.3568,9878.7574,9483.6071,395.1503,0.01770420,0.01699603,395.1503,9483.6071,0.01699603,395.1503,395.1503,395.1503,0.0000,0.0000,9483.6071,0.01699603,1185.4509,1138.6651,8693.3065,8740.0923,0.01557970,0.01566354,0.00070817,22.4534,20.6030,0.4031,82.3230,2.6463,4649.9123,204.2083,25.9152,21.1137,12.8578,14.5296,26.176,48.8436,54.2173,102.8621,13.088,0.0,3.731508,7.079487,1.545355,30,207,63,6,0.32204186,0.01770420,-0.00338982,0E-8,0.000000,0.904812,0.002133,0.03111404,2026-03-21,2026-08-06,120,3733,1703,139,0.863309,1.227414,1.154177,1.073473,,,,,,,,GLOBAL_BASELINE_NO_ENTITY_RANKING,,,NOT_APPLICABLE_GLOBAL_BASELINE,HF9g-P5,,,,X 全窗基线 · 不参与实体赏罚,15052762,1506,A168_HF9F_20260827_0900,2026-08-27 09:00:00
2026-05-24,127529701,2101,0,41.5131544808,-5.1891443101,-5.1891443101,0.3333333,4,4,0.49994810000000000,0.499948100000,-0.5771704854251445,-0.5771704854251445,-0.5771704854251445,0E-17,ELIGIBLE,R03b_20260811_FULL_v1,L1_ELIGIBILITY,v2026-08-11,2026-03-21..2026-08-06,baccarat_bet02_101_all_pairs_incl_sentinel,round_win = game_pnl > 0 (decisive only),COMPATIBILITY_ONLY_NOT_PRODUCTION,557989.4742,504875.3716,9878.7574,24851,24505,-0.01770420,0.00338982,-0.02772422,-0.01770420,-9878.7574,557989.4742,OK,0.0000,395.1503,4.0000,96.0000,AG03-UNRESOLVED,ALL5_LEVELS_bet23_to_bet27,395.1503,395.1503,395.1503,0.0000,0.0000,4.000000,4.000000,4.000000,0.000000,0.000000,96.000000,96.000000,96.000000,100.000000,100.000000,5.0,1185.4509,1138.6651,8693.3065,8740.0923,PENDING_AG03,FALSE,NOT_FOR_ENFORCEMENT,9483.6071,484680.3568,9878.7574,9483.6071,395.1503,0.01770420,0.01699603,395.1503,9483.6071,0.01699603,395.1503,395.1503,395.1503,0.0000,0.0000,9483.6071,0.01699603,1185.4509,1138.6651,8693.3065,8740.0923,0.01557970,0.01566354,0.00070817,22.4534,20.6030,0.4031,82.3230,2.6463,4649.9123,204.2083,25.9152,21.1137,12.8578,14.5296,26.176,48.8436,54.2173,102.8621,13.088,0.0,3.731508,7.079487,1.545355,30,207,63,6,0.32204186,0.01770420,-0.00338982,0E-8,0.000000,0.904812,0.002133,0.03111404,2026-03-21,2026-08-06,120,3733,1703,139,0.863309,1.227414,1.154177,1.073473,,,,,,,,GLOBAL_BASELINE_NO_ENTITY_RANKING,,,NOT_APPLICABLE_GLOBAL_BASELINE,HF9g-P5,,,,X 全窗基线 · 不参与实体赏罚,15052763,1506,A168_HF9F_20260827_0900,2026-08-27 09:00:00
2026-05-24,127529701,2103,0,128.4313216751,-14.5944683722,-14.5944683722,0.3750000,8,8,0.50162375000000000,0.501623750000,-0.7162958754040458,-0.7162958754040458,-0.7162958754040458,0E-17,ELIGIBLE,R03b_20260811_FULL_v1,L1_ELIGIBILITY,v2026-08-11,2026-03-21..2026-08-06,baccarat_bet02_101_all_pairs_incl_sentinel,round_win = game_pnl > 0 (decisive only),COMPATIBILITY_ONLY_NOT_PRODUCTION,557989.4742,504875.3716,9878.7574,24851,24505,-0.01770420,0.00338982,-0.02772422,-0.01770420,-9878.7574,557989.4742,OK,0.0000,395.1503,4.0000,96.0000,AG03-UNRESOLVED,ALL5_LEVELS_bet23_to_bet27,395.1503,395.1503,395.1503,0.0000,0.0000,4.000000,4.000000,4.000000,0.000000,0.000000,96.000000,96.000000,96.000000,100.000000,100.000000,5.0,1185.4509,1138.6651,8693.3065,8740.0923,PENDING_AG03,FALSE,NOT_FOR_ENFORCEMENT,9483.6071,484680.3568,9878.7574,9483.6071,395.1503,0.01770420,0.01699603,395.1503,9483.6071,0.01699603,395.1503,395.1503,395.1503,0.0000,0.0000,9483.6071,0.01699603,1185.4509,1138.6651,8693.3065,8740.0923,0.01557970,0.01566354,0.00070817,22.4534,20.6030,0.4031,82.3230,2.6463,4649.9123,204.2083,25.9152,21.1137,12.8578,14.5296,26.176,48.8436,54.2173,102.8621,13.088,0.0,3.731508,7.079487,1.545355,30,207,63,6,0.32204186,0.01770420,-0.00338982,0E-8,0.000000,0.904812,0.002133,0.03111404,2026-03-21,2026-08-06,120,3733,1703,139,0.863309,1.227414,1.154177,1.073473,,,,,,,,GLOBAL_BASELINE_NO_ENTITY_RANKING,,,NOT_APPLICABLE_GLOBAL_BASELINE,HF9g-P5,,,,X 全窗基线 · 不参与实体赏罚,15052764,1506,A168_HF9F_20260827_0900,2026-08-27 09:00:00
2026-05-24,127529701,2123,0,485.1849929948,-74.6588137618,-74.6588137618,0.4285714,24,24,0.49883100000000000,0.498831000000,-0.643941368705897,-0.643941368705897,-0.643941368705897,0E-17,ELIGIBLE,R03b_20260811_FULL_v1,L1_ELIGIBILITY,v2026-08-11,2026-03-21..2026-08-06,baccarat_bet02_101_all_pairs_incl_sentinel,round_win = game_pnl > 0 (decisive only),COMPATIBILITY_ONLY_NOT_PRODUCTION,557989.4742,504875.3716,9878.7574,24851,24505,-0.01770420,0.00338982,-0.02772422,-0.01770420,-9878.7574,557989.4742,OK,0.0000,395.1503,4.0000,96.0000,AG03-UNRESOLVED,ALL5_LEVELS_bet23_to_bet27,395.1503,395.1503,395.1503,0.0000,0.0000,4.000000,4.000000,4.000000,0.000000,0.000000,96.000000,96.000000,96.000000,100.000000,100.000000,5.0,1185.4509,1138.6651,8693.3065,8740.0923,PENDING_AG03,FALSE,NOT_FOR_ENFORCEMENT,9483.6071,484680.3568,9878.7574,9483.6071,395.1503,0.01770420,0.01699603,395.1503,9483.6071,0.01699603,395.1503,395.1503,395.1503,0.0000,0.0000,9483.6071,0.01699603,1185.4509,1138.6651,8693.3065,8740.0923,0.01557970,0.01566354,0.00070817,22.4534,20.6030,0.4031,82.3230,2.6463,4649.9123,204.2083,25.9152,21.1137,12.8578,14.5296,26.176,48.8436,54.2173,102.8621,13.088,0.0,3.731508,7.079487,1.545355,30,207,63,6,0.32204186,0.01770420,-0.00338982,0E-8,0.000000,0.904812,0.002133,0.03111404,2026-03-21,2026-08-06,120,3733,1703,139,0.863309,1.227414,1.154177,1.073473,,,,,,,,GLOBAL_BASELINE_NO_ENTITY_RANKING,,,NOT_APPLICABLE_GLOBAL_BASELINE,HF9g-P5,,,,X 全窗基线 · 不参与实体赏罚,15052765,1506,A168_HF9F_20260827_0900,2026-08-27 09:00:00
2026-05-24,127529701,2130,0,10.3782886202,-10.3782886202,-10.3782886202,0E-7,1,1,0.49324550000000000,0.493245500000,-0.9865810262130424,-0.9865810262130424,-0.9865810262130424,0E-17,ELIGIBLE,R03b_20260811_FULL_v1,L1_ELIGIBILITY,v2026-08-11,2026-03-21..2026-08-06,baccarat_bet02_101_all_pairs_incl_sentinel,round_win = game_pnl > 0 (decisive only),COMPATIBILITY_ONLY_NOT_PRODUCTION,557989.4742,504875.3716,9878.7574,24851,24505,-0.01770420,0.00338982,-0.02772422,-0.01770420,-9878.7574,557989.4742,OK,0.0000,395.1503,4.0000,96.0000,AG03-UNRESOLVED,ALL5_LEVELS_bet23_to_bet27,395.1503,395.1503,395.1503,0.0000,0.0000,4.000000,4.000000,4.000000,0.000000,0.000000,96.000000,96.000000,96.000000,100.000000,100.000000,5.0,1185.4509,1138.6651,8693.3065,8740.0923,PENDING_AG03,FALSE,NOT_FOR_ENFORCEMENT,9483.6071,484680.3568,9878.7574,9483.6071,395.1503,0.01770420,0.01699603,395.1503,9483.6071,0.01699603,395.1503,395.1503,395.1503,0.0000,0.0000,9483.6071,0.01699603,1185.4509,1138.6651,8693.3065,8740.0923,0.01557970,0.01566354,0.00070817,22.4534,20.6030,0.4031,82.3230,2.6463,4649.9123,204.2083,25.9152,21.1137,12.8578,14.5296,26.176,48.8436,54.2173,102.8621,13.088,0.0,3.731508,7.079487,1.545355,30,207,63,6,0.32204186,0.01770420,-0.00338982,0E-8,0.000000,0.904812,0.002133,0.03111404,2026-03-21,2026-08-06,120,3733,1703,139,0.863309,1.227414,1.154177,1.073473,,,,,,,,GLOBAL_BASELINE_NO_ENTITY_RANKING,,,NOT_APPLICABLE_GLOBAL_BASELINE,HF9g-P5,,,,X 全窗基线 · 不参与实体赏罚,15052766,1506,A168_HF9F_20260827_0900,2026-08-27 09:00:00
2026-05-24,127529701,2152,0,5.1891443101,5.1891443101,5.1891443101,1.0000000,1,1,0.49324550000000000,0.493245500000,1.01360149184955,1.01360149184955,1.01360149184955,0E-17,ELIGIBLE,R03b_20260811_FULL_v1,L1_ELIGIBILITY,v2026-08-11,2026-03-21..2026-08-06,baccarat_bet02_101_all_pairs_incl_sentinel,round_win = game_pnl > 0 (decisive only),COMPATIBILITY_ONLY_NOT_PRODUCTION,557989.4742,504875.3716,9878.7574,24851,24505,-0.01770420,0.00338982,-0.02772422,-0.01770420,-9878.7574,557989.4742,OK,0.0000,395.1503,4.0000,96.0000,AG03-UNRESOLVED,ALL5_LEVELS_bet23_to_bet27,395.1503,395.1503,395.1503,0.0000,0.0000,4.000000,4.000000,4.000000,0.000000,0.000000,96.000000,96.000000,96.000000,100.000000,100.000000,5.0,1185.4509,1138.6651,8693.3065,8740.0923,PENDING_AG03,FALSE,NOT_FOR_ENFORCEMENT,9483.6071,484680.3568,9878.7574,9483.6071,395.1503,0.01770420,0.01699603,395.1503,9483.6071,0.01699603,395.1503,395.1503,395.1503,0.0000,0.0000,9483.6071,0.01699603,1185.4509,1138.6651,8693.3065,8740.0923,0.01557970,0.01566354,0.00070817,22.4534,20.6030,0.4031,82.3230,2.6463,4649.9123,204.2083,25.9152,21.1137,12.8578,14.5296,26.176,48.8436,54.2173,102.8621,13.088,0.0,3.731508,7.079487,1.545355,30,207,63,6,0.32204186,0.01770420,-0.00338982,0E-8,0.000000,0.904812,0.002133,0.03111404,2026-03-21,2026-08-06,120,3733,1703,139,0.863309,1.227414,1.154177,1.073473,,,,,,,,GLOBAL_BASELINE_NO_ENTITY_RANKING,,,NOT_APPLICABLE_GLOBAL_BASELINE,HF9g-P5,,,,X 全窗基线 · 不参与实体赏罚,15052767,1506,A168_HF9F_20260827_0900,2026-08-27 09:00:00
2026-05-24,127529701,2156,0,20.7565772404,-20.7565772404,-20.7565772404,0E-7,2,2,0.49994810000000000,0.499948100000,-1.4140667746232096,-1.4140667746232096,-1.4140667746232096,0E-17,ELIGIBLE,R03b_20260811_FULL_v1,L1_ELIGIBILITY,v2026-08-11,2026-03-21..2026-08-06,baccarat_bet02_101_all_pairs_incl_sentinel,round_win = game_pnl > 0 (decisive only),COMPATIBILITY_ONLY_NOT_PRODUCTION,557989.4742,504875.3716,9878.7574,24851,24505,-0.01770420,0.00338982,-0.02772422,-0.01770420,-9878.7574,557989.4742,OK,0.0000,395.1503,4.0000,96.0000,AG03-UNRESOLVED,ALL5_LEVELS_bet23_to_bet27,395.1503,395.1503,395.1503,0.0000,0.0000,4.000000,4.000000,4.000000,0.000000,0.000000,96.000000,96.000000,96.000000,100.000000,100.000000,5.0,1185.4509,1138.6651,8693.3065,8740.0923,PENDING_AG03,FALSE,NOT_FOR_ENFORCEMENT,9483.6071,484680.3568,9878.7574,9483.6071,395.1503,0.01770420,0.01699603,395.1503,9483.6071,0.01699603,395.1503,395.1503,395.1503,0.0000,0.0000,9483.6071,0.01699603,1185.4509,1138.6651,8693.3065,8740.0923,0.01557970,0.01566354,0.00070817,22.4534,20.6030,0.4031,82.3230,2.6463,4649.9123,204.2083,25.9152,21.1137,12.8578,14.5296,26.176,48.8436,54.2173,102.8621,13.088,0.0,3.731508,7.079487,1.545355,30,207,63,6,0.32204186,0.01770420,-0.00338982,0E-8,0.000000,0.904812,0.002133,0.03111404,2026-03-21,2026-08-06,120,3733,1703,139,0.863309,1.227414,1.154177,1.073473,,,,,,,,GLOBAL_BASELINE_NO_ENTITY_RANKING,,,NOT_APPLICABLE_GLOBAL_BASELINE,HF9g-P5,,,,X 全窗基线 · 不参与实体赏罚,15052768,1506,A168_HF9F_20260827_0900,2026-08-27 09:00:00
2026-05-24,127529701,2169,0,41.2536972653,-13.9328524726,-13.9328524726,0.3333333,3,3,0.50218230000000000,0.502182300000,-0.5849155494134425,-0.5849155494134426,-0.5849155494134425,0E-17,ELIGIBLE,R03b_20260811_FULL_v1,L1_ELIGIBILITY,v2026-08-11,2026-03-21..2026-08-06,baccarat_bet02_101_all_pairs_incl_sentinel,round_win = game_pnl > 0 (decisive only),COMPATIBILITY_ONLY_NOT_PRODUCTION,557989.4742,504875.3716,9878.7574,24851,24505,-0.01770420,0.00338982,-0.02772422,-0.01770420,-9878.7574,557989.4742,OK,0.0000,395.1503,4.0000,96.0000,AG03-UNRESOLVED,ALL5_LEVELS_bet23_to_bet27,395.1503,395.1503,395.1503,0.0000,0.0000,4.000000,4.000000,4.000000,0.000000,0.000000,96.000000,96.000000,96.000000,100.000000,100.000000,5.0,1185.4509,1138.6651,8693.3065,8740.0923,PENDING_AG03,FALSE,NOT_FOR_ENFORCEMENT,9483.6071,484680.3568,9878.7574,9483.6071,395.1503,0.01770420,0.01699603,395.1503,9483.6071,0.01699603,395.1503,395.1503,395.1503,0.0000,0.0000,9483.6071,0.01699603,1185.4509,1138.6651,8693.3065,8740.0923,0.01557970,0.01566354,0.00070817,22.4534,20.6030,0.4031,82.3230,2.6463,4649.9123,204.2083,25.9152,21.1137,12.8578,14.5296,26.176,48.8436,54.2173,102.8621,13.088,0.0,3.731508,7.079487,1.545355,30,207,63,6,0.32204186,0.01770420,-0.00338982,0E-8,0.000000,0.904812,0.002133,0.03111404,2026-03-21,2026-08-06,120,3733,1703,139,0.863309,1.227414,1.154177,1.073473,,,,,,,,GLOBAL_BASELINE_NO_ENTITY_RANKING,,,NOT_APPLICABLE_GLOBAL_BASELINE,HF9g-P5,,,,X 全窗基线 · 不参与实体赏罚,15052769,1506,A168_HF9F_20260827_0900,2026-08-27 09:00:00
2026-05-24,127529701,2170,0,27.2430076280,-11.6755746977,-11.6755746977,0.3333333,4,4,0.49659680000000000,0.496596800000,-0.5655743394288276,-0.5655743394288276,-0.5655743394288276,0E-17,ELIGIBLE,R03b_20260811_FULL_v1,L1_ELIGIBILITY,v2026-08-11,2026-03-21..2026-08-06,baccarat_bet02_101_all_pairs_incl_sentinel,round_win = game_pnl > 0 (decisive only),COMPATIBILITY_ONLY_NOT_PRODUCTION,557989.4742,504875.3716,9878.7574,24851,24505,-0.01770420,0.00338982,-0.02772422,-0.01770420,-9878.7574,557989.4742,OK,0.0000,395.1503,4.0000,96.0000,AG03-UNRESOLVED,ALL5_LEVELS_bet23_to_bet27,395.1503,395.1503,395.1503,0.0000,0.0000,4.000000,4.000000,4.000000,0.000000,0.000000,96.000000,96.000000,96.000000,100.000000,100.000000,5.0,1185.4509,1138.6651,8693.3065,8740.0923,PENDING_AG03,FALSE,NOT_FOR_ENFORCEMENT,9483.6071,484680.3568,9878.7574,9483.6071,395.1503,0.01770420,0.01699603,395.1503,9483.6071,0.01699603,395.1503,395.1503,395.1503,0.0000,0.0000,9483.6071,0.01699603,1185.4509,1138.6651,8693.3065,8740.0923,0.01557970,0.01566354,0.00070817,22.4534,20.6030,0.4031,82.3230,2.6463,4649.9123,204.2083,25.9152,21.1137,12.8578,14.5296,26.176,48.8436,54.2173,102.8621,13.088,0.0,3.731508,7.079487,1.545355,30,207,63,6,0.32204186,0.01770420,-0.00338982,0E-8,0.000000,0.904812,0.002133,0.03111404,2026-03-21,2026-08-06,120,3733,1703,139,0.863309,1.227414,1.154177,1.073473,,,,,,,,GLOBAL_BASELINE_NO_ENTITY_RANKING,,,NOT_APPLICABLE_GLOBAL_BASELINE,HF9g-P5,,,,X 全窗基线 · 不参与实体赏罚,15052770,1506,A168_HF9F_20260827_0900,2026-08-27 09:00:00
2026-05-24,127529701,2171,0,10.3782886202,-10.3782886202,-10.3782886202,0E-7,1,1,0.49324550000000000,0.493245500000,-0.9865810262130424,-0.9865810262130424,-0.9865810262130424,0E-17,ELIGIBLE,R03b_20260811_FULL_v1,L1_ELIGIBILITY,v2026-08-11,2026-03-21..2026-08-06,baccarat_bet02_101_all_pairs_incl_sentinel,round_win = game_pnl > 0 (decisive only),COMPATIBILITY_ONLY_NOT_PRODUCTION,557989.4742,504875.3716,9878.7574,24851,24505,-0.01770420,0.00338982,-0.02772422,-0.01770420,-9878.7574,557989.4742,OK,0.0000,395.1503,4.0000,96.0000,AG03-UNRESOLVED,ALL5_LEVELS_bet23_to_bet27,395.1503,395.1503,395.1503,0.0000,0.0000,4.000000,4.000000,4.000000,0.000000,0.000000,96.000000,96.000000,96.000000,100.000000,100.000000,5.0,1185.4509,1138.6651,8693.3065,8740.0923,PENDING_AG03,FALSE,NOT_FOR_ENFORCEMENT,9483.6071,484680.3568,9878.7574,9483.6071,395.1503,0.01770420,0.01699603,395.1503,9483.6071,0.01699603,395.1503,395.1503,395.1503,0.0000,0.0000,9483.6071,0.01699603,1185.4509,1138.6651,8693.3065,8740.0923,0.01557970,0.01566354,0.00070817,22.4534,20.6030,0.4031,82.3230,2.6463,4649.9123,204.2083,25.9152,21.1137,12.8578,14.5296,26.176,48.8436,54.2173,102.8621,13.088,0.0,3.731508,7.079487,1.545355,30,207,63,6,0.32204186,0.01770420,-0.00338982,0E-8,0.000000,0.904812,0.002133,0.03111404,2026-03-21,2026-08-06,120,3733,1703,139,0.863309,1.227414,1.154177,1.073473,,,,,,,,GLOBAL_BASELINE_NO_ENTITY_RANKING,,,NOT_APPLICABLE_GLOBAL_BASELINE,HF9g-P5,,,,X 全窗基线 · 不参与实体赏罚,15052771,1506,A168_HF9F_20260827_0900,2026-08-27 09:00:00
2026-05-24,127529701,2216,0,58.3778734887,-22.3133205334,-22.3133205334,0.4000000,5,5,0.50128862000000000,0.501288620000,-0.4529779837142727,-0.4529779837142727,-0.4529779837142727,0E-17,ELIGIBLE,R03b_20260811_FULL_v1,L1_ELIGIBILITY,v2026-08-11,2026-03-21..2026-08-06,baccarat_bet02_101_all_pairs_incl_sentinel,round_win = game_pnl > 0 (decisive only),COMPATIBILITY_ONLY_NOT_PRODUCTION,557989.4742,504875.3716,9878.7574,24851,24505,-0.01770420,0.00338982,-0.02772422,-0.01770420,-9878.7574,557989.4742,OK,0.0000,395.1503,4.0000,96.0000,AG03-UNRESOLVED,ALL5_LEVELS_bet23_to_bet27,395.1503,395.1503,395.1503,0.0000,0.0000,4.000000,4.000000,4.000000,0.000000,0.000000,96.000000,96.000000,96.000000,100.000000,100.000000,5.0,1185.4509,1138.6651,8693.3065,8740.0923,PENDING_AG03,FALSE,NOT_FOR_ENFORCEMENT,9483.6071,484680.3568,9878.7574,9483.6071,395.1503,0.01770420,0.01699603,395.1503,9483.6071,0.01699603,395.1503,395.1503,395.1503,0.0000,0.0000,9483.6071,0.01699603,1185.4509,1138.6651,8693.3065,8740.0923,0.01557970,0.01566354,0.00070817,22.4534,20.6030,0.4031,82.3230,2.6463,4649.9123,204.2083,25.9152,21.1137,12.8578,14.5296,26.176,48.8436,54.2173,102.8621,13.088,0.0,3.731508,7.079487,1.545355,30,207,63,6,0.32204186,0.01770420,-0.00338982,0E-8,0.000000,0.904812,0.002133,0.03111404,2026-03-21,2026-08-06,120,3733,1703,139,0.863309,1.227414,1.154177,1.073473,,,,,,,,GLOBAL_BASELINE_NO_ENTITY_RANKING,,,NOT_APPLICABLE_GLOBAL_BASELINE,HF9g-P5,,,,X 全窗基线 · 不参与实体赏罚,15052772,1506,A168_HF9F_20260827_0900,2026-08-27 09:00:00
2026-05-24,127529701,2233,0,155.6743293033,-104.4315292409,-104.4315292409,0.2222222,9,9,0.49771390000000000,0.497713900000,-1.6529673444087443,-1.6529673444087443,-1.6529673444087443,0E-17,ELIGIBLE,R03b_20260811_FULL_v1,L1_ELIGIBILITY,v2026-08-11,2026-03-21..2026-08-06,baccarat_bet02_101_all_pairs_incl_sentinel,round_win = game_pnl > 0 (decisive only),COMPATIBILITY_ONLY_NOT_PRODUCTION,557989.4742,504875.3716,9878.7574,24851,24505,-0.01770420,0.00338982,-0.02772422,-0.01770420,-9878.7574,557989.4742,OK,0.0000,395.1503,4.0000,96.0000,AG03-UNRESOLVED,ALL5_LEVELS_bet23_to_bet27,395.1503,395.1503,395.1503,0.0000,0.0000,4.000000,4.000000,4.000000,0.000000,0.000000,96.000000,96.000000,96.000000,100.000000,100.000000,5.0,1185.4509,1138.6651,8693.3065,8740.0923,PENDING_AG03,FALSE,NOT_FOR_ENFORCEMENT,9483.6071,484680.3568,9878.7574,9483.6071,395.1503,0.01770420,0.01699603,395.1503,9483.6071,0.01699603,395.1503,395.1503,395.1503,0.0000,0.0000,9483.6071,0.01699603,1185.4509,1138.6651,8693.3065,8740.0923,0.01557970,0.01566354,0.00070817,22.4534,20.6030,0.4031,82.3230,2.6463,4649.9123,204.2083,25.9152,21.1137,12.8578,14.5296,26.176,48.8436,54.2173,102.8621,13.088,0.0,3.731508,7.079487,1.545355,30,207,63,6,0.32204186,0.01770420,-0.00338982,0E-8,0.000000,0.904812,0.002133,0.03111404,2026-03-21,2026-08-06,120,3733,1703,139,0.863309,1.227414,1.154177,1.073473,,,,,,,,GLOBAL_BASELINE_NO_ENTITY_RANKING,,,NOT_APPLICABLE_GLOBAL_BASELINE,HF9g-P5,,,,X 全窗基线 · 不参与实体赏罚,15052773,1506,A168_HF9F_20260827_0900,2026-08-27 09:00:00
2026-05-24,127529701,2241,0,10.3782886202,10.3782886202,10.3782886202,1.0000000,1,1,0.49324550000000000,0.493245500000,1.01360149184955,1.01360149184955,1.01360149184955,0E-17,ELIGIBLE,R03b_20260811_FULL_v1,L1_ELIGIBILITY,v2026-08-11,2026-03-21..2026-08-06,baccarat_bet02_101_all_pairs_incl_sentinel,round_win = game_pnl > 0 (decisive only),COMPATIBILITY_ONLY_NOT_PRODUCTION,557989.4742,504875.3716,9878.7574,24851,24505,-0.01770420,0.00338982,-0.02772422,-0.01770420,-9878.7574,557989.4742,OK,0.0000,395.1503,4.0000,96.0000,AG03-UNRESOLVED,ALL5_LEVELS_bet23_to_bet27,395.1503,395.1503,395.1503,0.0000,0.0000,4.000000,4.000000,4.000000,0.000000,0.000000,96.000000,96.000000,96.000000,100.000000,100.000000,5.0,1185.4509,1138.6651,8693.3065,8740.0923,PENDING_AG03,FALSE,NOT_FOR_ENFORCEMENT,9483.6071,484680.3568,9878.7574,9483.6071,395.1503,0.01770420,0.01699603,395.1503,9483.6071,0.01699603,395.1503,395.1503,395.1503,0.0000,0.0000,9483.6071,0.01699603,1185.4509,1138.6651,8693.3065,8740.0923,0.01557970,0.01566354,0.00070817,22.4534,20.6030,0.4031,82.3230,2.6463,4649.9123,204.2083,25.9152,21.1137,12.8578,14.5296,26.176,48.8436,54.2173,102.8621,13.088,0.0,3.731508,7.079487,1.545355,30,207,63,6,0.32204186,0.01770420,-0.00338982,0E-8,0.000000,0.904812,0.002133,0.03111404,2026-03-21,2026-08-06,120,3733,1703,139,0.863309,1.227414,1.154177,1.073473,,,,,,,,GLOBAL_BASELINE_NO_ENTITY_RANKING,,,NOT_APPLICABLE_GLOBAL_BASELINE,HF9g-P5,,,,X 全窗基线 · 不参与实体赏罚,15052774,1506,A168_HF9F_20260827_0900,2026-08-27 09:00:00
2026-05-24,127529701,2244,0,20.7565772404,-20.7565772404,-20.7565772404,0E-7,2,2,0.49994810000000000,0.499948100000,-1.4140667746232096,-1.4140667746232096,-1.4140667746232096,0E-17,ELIGIBLE,R03b_20260811_FULL_v1,L1_ELIGIBILITY,v2026-08-11,2026-03-21..2026-08-06,baccarat_bet02_101_all_pairs_incl_sentinel,round_win = game_pnl > 0 (decisive only),COMPATIBILITY_ONLY_NOT_PRODUCTION,557989.4742,504875.3716,9878.7574,24851,24505,-0.01770420,0.00338982,-0.02772422,-0.01770420,-9878.7574,557989.4742,OK,0.0000,395.1503,4.0000,96.0000,AG03-UNRESOLVED,ALL5_LEVELS_bet23_to_bet27,395.1503,395.1503,395.1503,0.0000,0.0000,4.000000,4.000000,4.000000,0.000000,0.000000,96.000000,96.000000,96.000000,100.000000,100.000000,5.0,1185.4509,1138.6651,8693.3065,8740.0923,PENDING_AG03,FALSE,NOT_FOR_ENFORCEMENT,9483.6071,484680.3568,9878.7574,9483.6071,395.1503,0.01770420,0.01699603,395.1503,9483.6071,0.01699603,395.1503,395.1503,395.1503,0.0000,0.0000,9483.6071,0.01699603,1185.4509,1138.6651,8693.3065,8740.0923,0.01557970,0.01566354,0.00070817,22.4534,20.6030,0.4031,82.3230,2.6463,4649.9123,204.2083,25.9152,21.1137,12.8578,14.5296,26.176,48.8436,54.2173,102.8621,13.088,0.0,3.731508,7.079487,1.545355,30,207,63,6,0.32204186,0.01770420,-0.00338982,0E-8,0.000000,0.904812,0.002133,0.03111404,2026-03-21,2026-08-06,120,3733,1703,139,0.863309,1.227414,1.154177,1.073473,,,,,,,,GLOBAL_BASELINE_NO_ENTITY_RANKING,,,NOT_APPLICABLE_GLOBAL_BASELINE,HF9g-P5,,,,X 全窗基线 · 不参与实体赏罚,15052775,1506,A168_HF9F_20260827_0900,2026-08-27 09:00:00
2026-05-24,127529701,2261,0,12.9728607753,-12.9728607753,-12.9728607753,0E-7,1,1,0.50665070000000000,0.506650700000,-1.013391052207602,-1.013391052207602,-1.013391052207602,0E-17,ELIGIBLE,R03b_20260811_FULL_v1,L1_ELIGIBILITY,v2026-08-11,2026-03-21..2026-08-06,baccarat_bet02_101_all_pairs_incl_sentinel,round_win = game_pnl > 0 (decisive only),COMPATIBILITY_ONLY_NOT_PRODUCTION,557989.4742,504875.3716,9878.7574,24851,24505,-0.01770420,0.00338982,-0.02772422,-0.01770420,-9878.7574,557989.4742,OK,0.0000,395.1503,4.0000,96.0000,AG03-UNRESOLVED,ALL5_LEVELS_bet23_to_bet27,395.1503,395.1503,395.1503,0.0000,0.0000,4.000000,4.000000,4.000000,0.000000,0.000000,96.000000,96.000000,96.000000,100.000000,100.000000,5.0,1185.4509,1138.6651,8693.3065,8740.0923,PENDING_AG03,FALSE,NOT_FOR_ENFORCEMENT,9483.6071,484680.3568,9878.7574,9483.6071,395.1503,0.01770420,0.01699603,395.1503,9483.6071,0.01699603,395.1503,395.1503,395.1503,0.0000,0.0000,9483.6071,0.01699603,1185.4509,1138.6651,8693.3065,8740.0923,0.01557970,0.01566354,0.00070817,22.4534,20.6030,0.4031,82.3230,2.6463,4649.9123,204.2083,25.9152,21.1137,12.8578,14.5296,26.176,48.8436,54.2173,102.8621,13.088,0.0,3.731508,7.079487,1.545355,30,207,63,6,0.32204186,0.01770420,-0.00338982,0E-8,0.000000,0.904812,0.002133,0.03111404,2026-03-21,2026-08-06,120,3733,1703,139,0.863309,1.227414,1.154177,1.073473,,,,,,,,GLOBAL_BASELINE_NO_ENTITY_RANKING,,,NOT_APPLICABLE_GLOBAL_BASELINE,HF9g-P5,,,,X 全窗基线 · 不参与实体赏罚,15052776,1506,A168_HF9F_20260827_0900,2026-08-27 09:00:00
2026-05-24,127529701,2266,0,254.0086139796,70.2220953764,70.2220953764,0.5789474,21,20,0.49972468000000000,0.499612970000,0.6906474904296468,0.6916214581269818,0.6906474904296468,0.00011171000000000,ELIGIBLE,R03b_20260811_FULL_v1,L1_ELIGIBILITY,v2026-08-11,2026-03-21..2026-08-06,baccarat_bet02_101_all_pairs_incl_sentinel,round_win = game_pnl > 0 (decisive only),COMPATIBILITY_ONLY_NOT_PRODUCTION,557989.4742,504875.3716,9878.7574,24851,24505,-0.01770420,0.00338982,-0.02772422,-0.01770420,-9878.7574,557989.4742,OK,0.0000,395.1503,4.0000,96.0000,AG03-UNRESOLVED,ALL5_LEVELS_bet23_to_bet27,395.1503,395.1503,395.1503,0.0000,0.0000,4.000000,4.000000,4.000000,0.000000,0.000000,96.000000,96.000000,96.000000,100.000000,100.000000,5.0,1185.4509,1138.6651,8693.3065,8740.0923,PENDING_AG03,FALSE,NOT_FOR_ENFORCEMENT,9483.6071,484680.3568,9878.7574,9483.6071,395.1503,0.01770420,0.01699603,395.1503,9483.6071,0.01699603,395.1503,395.1503,395.1503,0.0000,0.0000,9483.6071,0.01699603,1185.4509,1138.6651,8693.3065,8740.0923,0.01557970,0.01566354,0.00070817,22.4534,20.6030,0.4031,82.3230,2.6463,4649.9123,204.2083,25.9152,21.1137,12.8578,14.5296,26.176,48.8436,54.2173,102.8621,13.088,0.0,3.731508,7.079487,1.545355,30,207,63,6,0.32204186,0.01770420,-0.00338982,0E-8,0.000000,0.904812,0.002133,0.03111404,2026-03-21,2026-08-06,120,3733,1703,139,0.863309,1.227414,1.154177,1.073473,,,,,,,,GLOBAL_BASELINE_NO_ENTITY_RANKING,,,NOT_APPLICABLE_GLOBAL_BASELINE,HF9g-P5,,,,X 全窗基线 · 不参与实体赏罚,15052777,1506,A168_HF9F_20260827_0900,2026-08-27 09:00:00
2026-05-24,127529701,2271,0,15.3079757149,-10.2485600125,-10.2485600125,0.5000000,2,2,0.49994810000000000,0.499948100000,0.00014679536856514622,0.00014679536856514622,0.00014679536856514622,0E-17,ELIGIBLE,R03b_20260811_FULL_v1,L1_ELIGIBILITY,v2026-08-11,2026-03-21..2026-08-06,baccarat_bet02_101_all_pairs_incl_sentinel,round_win = game_pnl > 0 (decisive only),COMPATIBILITY_ONLY_NOT_PRODUCTION,557989.4742,504875.3716,9878.7574,24851,24505,-0.01770420,0.00338982,-0.02772422,-0.01770420,-9878.7574,557989.4742,OK,0.0000,395.1503,4.0000,96.0000,AG03-UNRESOLVED,ALL5_LEVELS_bet23_to_bet27,395.1503,395.1503,395.1503,0.0000,0.0000,4.000000,4.000000,4.000000,0.000000,0.000000,96.000000,96.000000,96.000000,100.000000,100.000000,5.0,1185.4509,1138.6651,8693.3065,8740.0923,PENDING_AG03,FALSE,NOT_FOR_ENFORCEMENT,9483.6071,484680.3568,9878.7574,9483.6071,395.1503,0.01770420,0.01699603,395.1503,9483.6071,0.01699603,395.1503,395.1503,395.1503,0.0000,0.0000,9483.6071,0.01699603,1185.4509,1138.6651,8693.3065,8740.0923,0.01557970,0.01566354,0.00070817,22.4534,20.6030,0.4031,82.3230,2.6463,4649.9123,204.2083,25.9152,21.1137,12.8578,14.5296,26.176,48.8436,54.2173,102.8621,13.088,0.0,3.731508,7.079487,1.545355,30,207,63,6,0.32204186,0.01770420,-0.00338982,0E-8,0.000000,0.904812,0.002133,0.03111404,2026-03-21,2026-08-06,120,3733,1703,139,0.863309,1.227414,1.154177,1.073473,,,,,,,,GLOBAL_BASELINE_NO_ENTITY_RANKING,,,NOT_APPLICABLE_GLOBAL_BASELINE,HF9g-P5,,,,X 全窗基线 · 不参与实体赏罚,15052778,1506,A168_HF9F_20260827_0900,2026-08-27 09:00:00
2026-05-24,127529701,986,0,64.3453894453,30.2527113279,30.2527113279,0.6000000,5,5,0.49592654000000000,0.495926540000,0.46544610904919037,0.46544610904919037,0.46544610904919037,0E-17,ELIGIBLE,R03b_20260811_FULL_v1,L1_ELIGIBILITY,v2026-08-11,2026-03-21..2026-08-06,baccarat_bet02_101_all_pairs_incl_sentinel,round_win = game_pnl > 0 (decisive only),COMPATIBILITY_ONLY_NOT_PRODUCTION,557989.4742,504875.3716,9878.7574,24851,24505,-0.01770420,0.00338982,-0.02772422,-0.01770420,-9878.7574,557989.4742,OK,0.0000,395.1503,4.0000,96.0000,AG03-UNRESOLVED,ALL5_LEVELS_bet23_to_bet27,395.1503,395.1503,395.1503,0.0000,0.0000,4.000000,4.000000,4.000000,0.000000,0.000000,96.000000,96.000000,96.000000,100.000000,100.000000,5.0,1185.4509,1138.6651,8693.3065,8740.0923,PENDING_AG03,FALSE,NOT_FOR_ENFORCEMENT,9483.6071,484680.3568,9878.7574,9483.6071,395.1503,0.01770420,0.01699603,395.1503,9483.6071,0.01699603,395.1503,395.1503,395.1503,0.0000,0.0000,9483.6071,0.01699603,1185.4509,1138.6651,8693.3065,8740.0923,0.01557970,0.01566354,0.00070817,22.4534,20.6030,0.4031,82.3230,2.6463,4649.9123,204.2083,25.9152,21.1137,12.8578,14.5296,26.176,48.8436,54.2173,102.8621,13.088,0.0,3.731508,7.079487,1.545355,30,207,63,6,0.32204186,0.01770420,-0.00338982,0E-8,0.000000,0.904812,0.002133,0.03111404,2026-03-21,2026-08-06,120,3733,1703,139,0.863309,1.227414,1.154177,1.073473,,,,,,,,GLOBAL_BASELINE_NO_ENTITY_RANKING,,,NOT_APPLICABLE_GLOBAL_BASELINE,HF9g-P5,,,,X 全窗基线 · 不参与实体赏罚,15052779,1506,A168_HF9F_20260827_0900,2026-08-27 09:00:00
2026-05-25,127529701,-1,1,365.3157594313,-22.3652119762,-22.3652119762,0.4666667,32,32,0.49952918750000000,0.499529187500,-0.3599910387324406,-0.3599910387324406,-0.3599910387324406,0E-17,SENTINEL_DEALER,R03b_20260811_FULL_v1,L1_ELIGIBILITY,v2026-08-11,2026-03-21..2026-08-06,baccarat_bet02_101_all_pairs_incl_sentinel,round_win = game_pnl > 0 (decisive only),COMPATIBILITY_ONLY_NOT_PRODUCTION,557989.4742,504875.3716,9878.7574,24851,24505,-0.01770420,0.00338982,-0.02772422,-0.01770420,-9878.7574,557989.4742,OK,0.0000,395.1503,4.0000,96.0000,AG03-UNRESOLVED,ALL5_LEVELS_bet23_to_bet27,395.1503,395.1503,395.1503,0.0000,0.0000,4.000000,4.000000,4.000000,0.000000,0.000000,96.000000,96.000000,96.000000,100.000000,100.000000,5.0,1185.4509,1138.6651,8693.3065,8740.0923,PENDING_AG03,FALSE,NOT_FOR_ENFORCEMENT,9483.6071,484680.3568,9878.7574,9483.6071,395.1503,0.01770420,0.01699603,395.1503,9483.6071,0.01699603,395.1503,395.1503,395.1503,0.0000,0.0000,9483.6071,0.01699603,1185.4509,1138.6651,8693.3065,8740.0923,0.01557970,0.01566354,0.00070817,22.4534,20.6030,0.4031,82.3230,2.6463,4649.9123,204.2083,25.9152,21.1137,12.8578,14.5296,26.176,48.8436,54.2173,102.8621,13.088,0.0,3.731508,7.079487,1.545355,30,207,63,6,0.32204186,0.01770420,-0.00338982,0E-8,0.000000,0.904812,0.002133,0.03111404,2026-03-21,2026-08-06,120,3733,1703,139,0.863309,1.227414,1.154177,1.073473,,,,,,,,GLOBAL_BASELINE_NO_ENTITY_RANKING,,,NOT_APPLICABLE_GLOBAL_BASELINE,HF9g-P5,,,,X 全窗基线 · 不参与实体赏罚,15052780,1506,A168_HF9F_20260827_0900,2026-08-27 09:00:00
2026-05-25,127529701,1004,0,155.6743293033,-53.8373722174,-53.8373722174,0.2000000,7,7,0.49899058571428571,0.498990585714,-1.3371292734300484,-1.337129273428772,-1.3371292734300484,2.8571E-13,ELIGIBLE,R03b_20260811_FULL_v1,L1_ELIGIBILITY,v2026-08-11,2026-03-21..2026-08-06,baccarat_bet02_101_all_pairs_incl_sentinel,round_win = game_pnl > 0 (decisive only),COMPATIBILITY_ONLY_NOT_PRODUCTION,557989.4742,504875.3716,9878.7574,24851,24505,-0.01770420,0.00338982,-0.02772422,-0.01770420,-9878.7574,557989.4742,OK,0.0000,395.1503,4.0000,96.0000,AG03-UNRESOLVED,ALL5_LEVELS_bet23_to_bet27,395.1503,395.1503,395.1503,0.0000,0.0000,4.000000,4.000000,4.000000,0.000000,0.000000,96.000000,96.000000,96.000000,100.000000,100.000000,5.0,1185.4509,1138.6651,8693.3065,8740.0923,PENDING_AG03,FALSE,NOT_FOR_ENFORCEMENT,9483.6071,484680.3568,9878.7574,9483.6071,395.1503,0.01770420,0.01699603,395.1503,9483.6071,0.01699603,395.1503,395.1503,395.1503,0.0000,0.0000,9483.6071,0.01699603,1185.4509,1138.6651,8693.3065,8740.0923,0.01557970,0.01566354,0.00070817,22.4534,20.6030,0.4031,82.3230,2.6463,4649.9123,204.2083,25.9152,21.1137,12.8578,14.5296,26.176,48.8436,54.2173,102.8621,13.088,0.0,3.731508,7.079487,1.545355,30,207,63,6,0.32204186,0.01770420,-0.00338982,0E-8,0.000000,0.904812,0.002133,0.03111404,2026-03-21,2026-08-06,120,3733,1703,139,0.863309,1.227414,1.154177,1.073473,,,,,,,,GLOBAL_BASELINE_NO_ENTITY_RANKING,,,NOT_APPLICABLE_GLOBAL_BASELINE,HF9g-P5,,,,X 全窗基线 · 不参与实体赏罚,15052781,1506,A168_HF9F_20260827_0900,2026-08-27 09:00:00
2026-05-25,127529701,1151,0,148.6689844845,1.7772819261,1.7772819261,0.5384615,14,14,0.50090561428571429,0.500905614286,0.2708200648463458,0.2708200648442858,0.2708200648463458,-2.8571E-13,ELIGIBLE,R03b_20260811_FULL_v1,L1_ELIGIBILITY,v2026-08-11,2026-03-21..2026-08-06,baccarat_bet02_101_all_pairs_incl_sentinel,round_win = game_pnl > 0 (decisive only),COMPATIBILITY_ONLY_NOT_PRODUCTION,557989.4742,504875.3716,9878.7574,24851,24505,-0.01770420,0.00338982,-0.02772422,-0.01770420,-9878.7574,557989.4742,OK,0.0000,395.1503,4.0000,96.0000,AG03-UNRESOLVED,ALL5_LEVELS_bet23_to_bet27,395.1503,395.1503,395.1503,0.0000,0.0000,4.000000,4.000000,4.000000,0.000000,0.000000,96.000000,96.000000,96.000000,100.000000,100.000000,5.0,1185.4509,1138.6651,8693.3065,8740.0923,PENDING_AG03,FALSE,NOT_FOR_ENFORCEMENT,9483.6071,484680.3568,9878.7574,9483.6071,395.1503,0.01770420,0.01699603,395.1503,9483.6071,0.01699603,395.1503,395.1503,395.1503,0.0000,0.0000,9483.6071,0.01699603,1185.4509,1138.6651,8693.3065,8740.0923,0.01557970,0.01566354,0.00070817,22.4534,20.6030,0.4031,82.3230,2.6463,4649.9123,204.2083,25.9152,21.1137,12.8578,14.5296,26.176,48.8436,54.2173,102.8621,13.088,0.0,3.731508,7.079487,1.545355,30,207,63,6,0.32204186,0.01770420,-0.00338982,0E-8,0.000000,0.904812,0.002133,0.03111404,2026-03-21,2026-08-06,120,3733,1703,139,0.863309,1.227414,1.154177,1.073473,,,,,,,,GLOBAL_BASELINE_NO_ENTITY_RANKING,,,NOT_APPLICABLE_GLOBAL_BASELINE,HF9g-P5,,,,X 全窗基线 · 不参与实体赏罚,15052782,1506,A168_HF9F_20260827_0900,2026-08-27 09:00:00
2026-05-25,127529701,1307,0,266.9814747548,-15.5933786519,-15.5933786519,0.5000000,15,15,0.49682022000000000,0.496820220000,0.023795775853717272,0.023795775853717272,0.023795775853717272,0E-17,ELIGIBLE,R03b_20260811_FULL_v1,L1_ELIGIBILITY,v2026-08-11,2026-03-21..2026-08-06,baccarat_bet02_101_all_pairs_incl_sentinel,round_win = game_pnl > 0 (decisive only),COMPATIBILITY_ONLY_NOT_PRODUCTION,557989.4742,504875.3716,9878.7574,24851,24505,-0.01770420,0.00338982,-0.02772422,-0.01770420,-9878.7574,557989.4742,OK,0.0000,395.1503,4.0000,96.0000,AG03-UNRESOLVED,ALL5_LEVELS_bet23_to_bet27,395.1503,395.1503,395.1503,0.0000,0.0000,4.000000,4.000000,4.000000,0.000000,0.000000,96.000000,96.000000,96.000000,100.000000,100.000000,5.0,1185.4509,1138.6651,8693.3065,8740.0923,PENDING_AG03,FALSE,NOT_FOR_ENFORCEMENT,9483.6071,484680.3568,9878.7574,9483.6071,395.1503,0.01770420,0.01699603,395.1503,9483.6071,0.01699603,395.1503,395.1503,395.1503,0.0000,0.0000,9483.6071,0.01699603,1185.4509,1138.6651,8693.3065,8740.0923,0.01557970,0.01566354,0.00070817,22.4534,20.6030,0.4031,82.3230,2.6463,4649.9123,204.2083,25.9152,21.1137,12.8578,14.5296,26.176,48.8436,54.2173,102.8621,13.088,0.0,3.731508,7.079487,1.545355,30,207,63,6,0.32204186,0.01770420,-0.00338982,0E-8,0.000000,0.904812,0.002133,0.03111404,2026-03-21,2026-08-06,120,3733,1703,139,0.863309,1.227414,1.154177,1.073473,,,,,,,,GLOBAL_BASELINE_NO_ENTITY_RANKING,,,NOT_APPLICABLE_GLOBAL_BASELINE,HF9g-P5,,,,X 全窗基线 · 不参与实体赏罚,15052783,1506,A168_HF9F_20260827_0900,2026-08-27 09:00:00
2026-05-25,127529701,1318,0,317.5756317783,133.4129002130,133.4129002130,0.7619048,23,23,0.50023951739130435,0.500239517391,2.3982018546069845,2.3982018546097734,2.3982018546069845,3.0435E-13,ELIGIBLE,R03b_20260811_FULL_v1,L1_ELIGIBILITY,v2026-08-11,2026-03-21..2026-08-06,baccarat_bet02_101_all_pairs_incl_sentinel,round_win = game_pnl > 0 (decisive only),COMPATIBILITY_ONLY_NOT_PRODUCTION,557989.4742,504875.3716,9878.7574,24851,24505,-0.01770420,0.00338982,-0.02772422,-0.01770420,-9878.7574,557989.4742,OK,0.0000,395.1503,4.0000,96.0000,AG03-UNRESOLVED,ALL5_LEVELS_bet23_to_bet27,395.1503,395.1503,395.1503,0.0000,0.0000,4.000000,4.000000,4.000000,0.000000,0.000000,96.000000,96.000000,96.000000,100.000000,100.000000,5.0,1185.4509,1138.6651,8693.3065,8740.0923,PENDING_AG03,FALSE,NOT_FOR_ENFORCEMENT,9483.6071,484680.3568,9878.7574,9483.6071,395.1503,0.01770420,0.01699603,395.1503,9483.6071,0.01699603,395.1503,395.1503,395.1503,0.0000,0.0000,9483.6071,0.01699603,1185.4509,1138.6651,8693.3065,8740.0923,0.01557970,0.01566354,0.00070817,22.4534,20.6030,0.4031,82.3230,2.6463,4649.9123,204.2083,25.9152,21.1137,12.8578,14.5296,26.176,48.8436,54.2173,102.8621,13.088,0.0,3.731508,7.079487,1.545355,30,207,63,6,0.32204186,0.01770420,-0.00338982,0E-8,0.000000,0.904812,0.002133,0.03111404,2026-03-21,2026-08-06,120,3733,1703,139,0.863309,1.227414,1.154177,1.073473,,,,,,,,GLOBAL_BASELINE_NO_ENTITY_RANKING,,,NOT_APPLICABLE_GLOBAL_BASELINE,HF9g-P5,,,,X 全窗基线 · 不参与实体赏罚,15052784,1506,A168_HF9F_20260827_0900,2026-08-27 09:00:00
2026-05-25,127529701,1325,0,99.6315707541,22.3133205334,22.3133205334,0.6000000,9,9,0.49920336666666667,0.499203366667,0.4507768202214517,0.4507768202199605,0.4507768202214517,-3.3333E-13,ELIGIBLE,R03b_20260811_FULL_v1,L1_ELIGIBILITY,v2026-08-11,2026-03-21..2026-08-06,baccarat_bet02_101_all_pairs_incl_sentinel,round_win = game_pnl > 0 (decisive only),COMPATIBILITY_ONLY_NOT_PRODUCTION,557989.4742,504875.3716,9878.7574,24851,24505,-0.01770420,0.00338982,-0.02772422,-0.01770420,-9878.7574,557989.4742,OK,0.0000,395.1503,4.0000,96.0000,AG03-UNRESOLVED,ALL5_LEVELS_bet23_to_bet27,395.1503,395.1503,395.1503,0.0000,0.0000,4.000000,4.000000,4.000000,0.000000,0.000000,96.000000,96.000000,96.000000,100.000000,100.000000,5.0,1185.4509,1138.6651,8693.3065,8740.0923,PENDING_AG03,FALSE,NOT_FOR_ENFORCEMENT,9483.6071,484680.3568,9878.7574,9483.6071,395.1503,0.01770420,0.01699603,395.1503,9483.6071,0.01699603,395.1503,395.1503,395.1503,0.0000,0.0000,9483.6071,0.01699603,1185.4509,1138.6651,8693.3065,8740.0923,0.01557970,0.01566354,0.00070817,22.4534,20.6030,0.4031,82.3230,2.6463,4649.9123,204.2083,25.9152,21.1137,12.8578,14.5296,26.176,48.8436,54.2173,102.8621,13.088,0.0,3.731508,7.079487,1.545355,30,207,63,6,0.32204186,0.01770420,-0.00338982,0E-8,0.000000,0.904812,0.002133,0.03111404,2026-03-21,2026-08-06,120,3733,1703,139,0.863309,1.227414,1.154177,1.073473,,,,,,,,GLOBAL_BASELINE_NO_ENTITY_RANKING,,,NOT_APPLICABLE_GLOBAL_BASELINE,HF9g-P5,,,,X 全窗基线 · 不参与实体赏罚,15052785,1506,A168_HF9F_20260827_0900,2026-08-27 09:00:00
2026-05-25,127529701,1330,0,270.8733329877,-89.6424679572,-89.6424679572,0.3333333,19,19,0.50100640526315789,0.501006405263,-1.2987926613542924,-1.2987926613530687,-1.2987926613542924,1.5789E-13,ELIGIBLE,R03b_20260811_FULL_v1,L1_ELIGIBILITY,v2026-08-11,2026-03-21..2026-08-06,baccarat_bet02_101_all_pairs_incl_sentinel,round_win = game_pnl > 0 (decisive only),COMPATIBILITY_ONLY_NOT_PRODUCTION,557989.4742,504875.3716,9878.7574,24851,24505,-0.01770420,0.00338982,-0.02772422,-0.01770420,-9878.7574,557989.4742,OK,0.0000,395.1503,4.0000,96.0000,AG03-UNRESOLVED,ALL5_LEVELS_bet23_to_bet27,395.1503,395.1503,395.1503,0.0000,0.0000,4.000000,4.000000,4.000000,0.000000,0.000000,96.000000,96.000000,96.000000,100.000000,100.000000,5.0,1185.4509,1138.6651,8693.3065,8740.0923,PENDING_AG03,FALSE,NOT_FOR_ENFORCEMENT,9483.6071,484680.3568,9878.7574,9483.6071,395.1503,0.01770420,0.01699603,395.1503,9483.6071,0.01699603,395.1503,395.1503,395.1503,0.0000,0.0000,9483.6071,0.01699603,1185.4509,1138.6651,8693.3065,8740.0923,0.01557970,0.01566354,0.00070817,22.4534,20.6030,0.4031,82.3230,2.6463,4649.9123,204.2083,25.9152,21.1137,12.8578,14.5296,26.176,48.8436,54.2173,102.8621,13.088,0.0,3.731508,7.079487,1.545355,30,207,63,6,0.32204186,0.01770420,-0.00338982,0E-8,0.000000,0.904812,0.002133,0.03111404,2026-03-21,2026-08-06,120,3733,1703,139,0.863309,1.227414,1.154177,1.073473,,,,,,,,GLOBAL_BASELINE_NO_ENTITY_RANKING,,,NOT_APPLICABLE_GLOBAL_BASELINE,HF9g-P5,,,,X 全窗基线 · 不参与实体赏罚,15052786,1506,A168_HF9F_20260827_0900,2026-08-27 09:00:00
2026-05-25,127529701,1384,0,109.2314877279,-37.4915676406,-37.4915676406,0.4444444,9,9,0.50218230000000000,0.502182300000,-0.34643043305270216,-0.34643043305270216,-0.34643043305270216,0E-17,ELIGIBLE,R03b_20260811_FULL_v1,L1_ELIGIBILITY,v2026-08-11,2026-03-21..2026-08-06,baccarat_bet02_101_all_pairs_incl_sentinel,round_win = game_pnl > 0 (decisive only),COMPATIBILITY_ONLY_NOT_PRODUCTION,557989.4742,504875.3716,9878.7574,24851,24505,-0.01770420,0.00338982,-0.02772422,-0.01770420,-9878.7574,557989.4742,OK,0.0000,395.1503,4.0000,96.0000,AG03-UNRESOLVED,ALL5_LEVELS_bet23_to_bet27,395.1503,395.1503,395.1503,0.0000,0.0000,4.000000,4.000000,4.000000,0.000000,0.000000,96.000000,96.000000,96.000000,100.000000,100.000000,5.0,1185.4509,1138.6651,8693.3065,8740.0923,PENDING_AG03,FALSE,NOT_FOR_ENFORCEMENT,9483.6071,484680.3568,9878.7574,9483.6071,395.1503,0.01770420,0.01699603,395.1503,9483.6071,0.01699603,395.1503,395.1503,395.1503,0.0000,0.0000,9483.6071,0.01699603,1185.4509,1138.6651,8693.3065,8740.0923,0.01557970,0.01566354,0.00070817,22.4534,20.6030,0.4031,82.3230,2.6463,4649.9123,204.2083,25.9152,21.1137,12.8578,14.5296,26.176,48.8436,54.2173,102.8621,13.088,0.0,3.731508,7.079487,1.545355,30,207,63,6,0.32204186,0.01770420,-0.00338982,0E-8,0.000000,0.904812,0.002133,0.03111404,2026-03-21,2026-08-06,120,3733,1703,139,0.863309,1.227414,1.154177,1.073473,,,,,,,,GLOBAL_BASELINE_NO_ENTITY_RANKING,,,NOT_APPLICABLE_GLOBAL_BASELINE,HF9g-P5,,,,X 全窗基线 · 不参与实体赏罚,15052787,1506,A168_HF9F_20260827_0900,2026-08-27 09:00:00
2026-05-25,127529701,1401,0,75.2425924966,-44.1077266360,-44.1077266360,0.2000000,5,5,0.50128862000000000,0.501288620000,-1.347408145195933,-1.347408145195933,-1.347408145195933,0E-17,ELIGIBLE,R03b_20260811_FULL_v1,L1_ELIGIBILITY,v2026-08-11,2026-03-21..2026-08-06,baccarat_bet02_101_all_pairs_incl_sentinel,round_win = game_pnl > 0 (decisive only),COMPATIBILITY_ONLY_NOT_PRODUCTION,557989.4742,504875.3716,9878.7574,24851,24505,-0.01770420,0.00338982,-0.02772422,-0.01770420,-9878.7574,557989.4742,OK,0.0000,395.1503,4.0000,96.0000,AG03-UNRESOLVED,ALL5_LEVELS_bet23_to_bet27,395.1503,395.1503,395.1503,0.0000,0.0000,4.000000,4.000000,4.000000,0.000000,0.000000,96.000000,96.000000,96.000000,100.000000,100.000000,5.0,1185.4509,1138.6651,8693.3065,8740.0923,PENDING_AG03,FALSE,NOT_FOR_ENFORCEMENT,9483.6071,484680.3568,9878.7574,9483.6071,395.1503,0.01770420,0.01699603,395.1503,9483.6071,0.01699603,395.1503,395.1503,395.1503,0.0000,0.0000,9483.6071,0.01699603,1185.4509,1138.6651,8693.3065,8740.0923,0.01557970,0.01566354,0.00070817,22.4534,20.6030,0.4031,82.3230,2.6463,4649.9123,204.2083,25.9152,21.1137,12.8578,14.5296,26.176,48.8436,54.2173,102.8621,13.088,0.0,3.731508,7.079487,1.545355,30,207,63,6,0.32204186,0.01770420,-0.00338982,0E-8,0.000000,0.904812,0.002133,0.03111404,2026-03-21,2026-08-06,120,3733,1703,139,0.863309,1.227414,1.154177,1.073473,,,,,,,,GLOBAL_BASELINE_NO_ENTITY_RANKING,,,NOT_APPLICABLE_GLOBAL_BASELINE,HF9g-P5,,,,X 全窗基线 · 不参与实体赏罚,15052788,1506,A168_HF9F_20260827_0900,2026-08-27 09:00:00
2026-05-25,127529701,1402,0,193.2956255514,26.4776088422,26.4776088422,0.4444444,9,9,0.49920336666666667,0.499203366667,-0.3285539503504811,-0.3285539503524808,-0.3285539503504811,-3.3333E-13,ELIGIBLE,R03b_20260811_FULL_v1,L1_ELIGIBILITY,v2026-08-11,2026-03-21..2026-08-06,baccarat_bet02_101_all_pairs_incl_sentinel,round_win = game_pnl > 0 (decisive only),COMPATIBILITY_ONLY_NOT_PRODUCTION,557989.4742,504875.3716,9878.7574,24851,24505,-0.01770420,0.00338982,-0.02772422,-0.01770420,-9878.7574,557989.4742,OK,0.0000,395.1503,4.0000,96.0000,AG03-UNRESOLVED,ALL5_LEVELS_bet23_to_bet27,395.1503,395.1503,395.1503,0.0000,0.0000,4.000000,4.000000,4.000000,0.000000,0.000000,96.000000,96.000000,96.000000,100.000000,100.000000,5.0,1185.4509,1138.6651,8693.3065,8740.0923,PENDING_AG03,FALSE,NOT_FOR_ENFORCEMENT,9483.6071,484680.3568,9878.7574,9483.6071,395.1503,0.01770420,0.01699603,395.1503,9483.6071,0.01699603,395.1503,395.1503,395.1503,0.0000,0.0000,9483.6071,0.01699603,1185.4509,1138.6651,8693.3065,8740.0923,0.01557970,0.01566354,0.00070817,22.4534,20.6030,0.4031,82.3230,2.6463,4649.9123,204.2083,25.9152,21.1137,12.8578,14.5296,26.176,48.8436,54.2173,102.8621,13.088,0.0,3.731508,7.079487,1.545355,30,207,63,6,0.32204186,0.01770420,-0.00338982,0E-8,0.000000,0.904812,0.002133,0.03111404,2026-03-21,2026-08-06,120,3733,1703,139,0.863309,1.227414,1.154177,1.073473,,,,,,,,GLOBAL_BASELINE_NO_ENTITY_RANKING,,,NOT_APPLICABLE_GLOBAL_BASELINE,HF9g-P5,,,,X 全窗基线 · 不参与实体赏罚,15052789,1506,A168_HF9F_20260827_0900,2026-08-27 09:00:00
2026-05-25,127529701,1490,0,111.5666026673,-29.1889367444,-29.1889367444,0.4285714,8,8,0.50162375000000000,0.501623750000,-0.38655858877025023,-0.38655858877025023,-0.38655858877025023,0E-17,ELIGIBLE,R03b_20260811_FULL_v1,L1_ELIGIBILITY,v2026-08-11,2026-03-21..2026-08-06,baccarat_bet02_101_all_pairs_incl_sentinel,round_win = game_pnl > 0 (decisive only),COMPATIBILITY_ONLY_NOT_PRODUCTION,557989.4742,504875.3716,9878.7574,24851,24505,-0.01770420,0.00338982,-0.02772422,-0.01770420,-9878.7574,557989.4742,OK,0.0000,395.1503,4.0000,96.0000,AG03-UNRESOLVED,ALL5_LEVELS_bet23_to_bet27,395.1503,395.1503,395.1503,0.0000,0.0000,4.000000,4.000000,4.000000,0.000000,0.000000,96.000000,96.000000,96.000000,100.000000,100.000000,5.0,1185.4509,1138.6651,8693.3065,8740.0923,PENDING_AG03,FALSE,NOT_FOR_ENFORCEMENT,9483.6071,484680.3568,9878.7574,9483.6071,395.1503,0.01770420,0.01699603,395.1503,9483.6071,0.01699603,395.1503,395.1503,395.1503,0.0000,0.0000,9483.6071,0.01699603,1185.4509,1138.6651,8693.3065,8740.0923,0.01557970,0.01566354,0.00070817,22.4534,20.6030,0.4031,82.3230,2.6463,4649.9123,204.2083,25.9152,21.1137,12.8578,14.5296,26.176,48.8436,54.2173,102.8621,13.088,0.0,3.731508,7.079487,1.545355,30,207,63,6,0.32204186,0.01770420,-0.00338982,0E-8,0.000000,0.904812,0.002133,0.03111404,2026-03-21,2026-08-06,120,3733,1703,139,0.863309,1.227414,1.154177,1.073473,,,,,,,,GLOBAL_BASELINE_NO_ENTITY_RANKING,,,NOT_APPLICABLE_GLOBAL_BASELINE,HF9g-P5,,,,X 全窗基线 · 不参与实体赏罚,15052790,1506,A168_HF9F_20260827_0900,2026-08-27 09:00:00
2026-05-25,127529701,1645,0,237.4033521873,-34.4429453583,-34.4429453583,0.4615385,18,18,0.50143756666666667,0.501437566667,-0.28771772796591816,-0.28771772796832246,-0.28771772796591816,-3.3333E-13,ELIGIBLE,R03b_20260811_FULL_v1,L1_ELIGIBILITY,v2026-08-11,2026-03-21..2026-08-06,baccarat_bet02_101_all_pairs_incl_sentinel,round_win = game_pnl > 0 (decisive only),COMPATIBILITY_ONLY_NOT_PRODUCTION,557989.4742,504875.3716,9878.7574,24851,24505,-0.01770420,0.00338982,-0.02772422,-0.01770420,-9878.7574,557989.4742,OK,0.0000,395.1503,4.0000,96.0000,AG03-UNRESOLVED,ALL5_LEVELS_bet23_to_bet27,395.1503,395.1503,395.1503,0.0000,0.0000,4.000000,4.000000,4.000000,0.000000,0.000000,96.000000,96.000000,96.000000,100.000000,100.000000,5.0,1185.4509,1138.6651,8693.3065,8740.0923,PENDING_AG03,FALSE,NOT_FOR_ENFORCEMENT,9483.6071,484680.3568,9878.7574,9483.6071,395.1503,0.01770420,0.01699603,395.1503,9483.6071,0.01699603,395.1503,395.1503,395.1503,0.0000,0.0000,9483.6071,0.01699603,1185.4509,1138.6651,8693.3065,8740.0923,0.01557970,0.01566354,0.00070817,22.4534,20.6030,0.4031,82.3230,2.6463,4649.9123,204.2083,25.9152,21.1137,12.8578,14.5296,26.176,48.8436,54.2173,102.8621,13.088,0.0,3.731508,7.079487,1.545355,30,207,63,6,0.32204186,0.01770420,-0.00338982,0E-8,0.000000,0.904812,0.002133,0.03111404,2026-03-21,2026-08-06,120,3733,1703,139,0.863309,1.227414,1.154177,1.073473,,,,,,,,GLOBAL_BASELINE_NO_ENTITY_RANKING,,,NOT_APPLICABLE_GLOBAL_BASELINE,HF9g-P5,,,,X 全窗基线 · 不参与实体赏罚,15052791,1506,A168_HF9F_20260827_0900,2026-08-27 09:00:00
2026-05-25,127529701,1714,0,91.8478542889,11.9350319133,11.9350319133,0.5000000,4,4,0.49324550000000000,0.493245500000,0.027020465636507562,0.027020465636507562,0.027020465636507562,0E-17,ELIGIBLE,R03b_20260811_FULL_v1,L1_ELIGIBILITY,v2026-08-11,2026-03-21..2026-08-06,baccarat_bet02_101_all_pairs_incl_sentinel,round_win = game_pnl > 0 (decisive only),COMPATIBILITY_ONLY_NOT_PRODUCTION,557989.4742,504875.3716,9878.7574,24851,24505,-0.01770420,0.00338982,-0.02772422,-0.01770420,-9878.7574,557989.4742,OK,0.0000,395.1503,4.0000,96.0000,AG03-UNRESOLVED,ALL5_LEVELS_bet23_to_bet27,395.1503,395.1503,395.1503,0.0000,0.0000,4.000000,4.000000,4.000000,0.000000,0.000000,96.000000,96.000000,96.000000,100.000000,100.000000,5.0,1185.4509,1138.6651,8693.3065,8740.0923,PENDING_AG03,FALSE,NOT_FOR_ENFORCEMENT,9483.6071,484680.3568,9878.7574,9483.6071,395.1503,0.01770420,0.01699603,395.1503,9483.6071,0.01699603,395.1503,395.1503,395.1503,0.0000,0.0000,9483.6071,0.01699603,1185.4509,1138.6651,8693.3065,8740.0923,0.01557970,0.01566354,0.00070817,22.4534,20.6030,0.4031,82.3230,2.6463,4649.9123,204.2083,25.9152,21.1137,12.8578,14.5296,26.176,48.8436,54.2173,102.8621,13.088,0.0,3.731508,7.079487,1.545355,30,207,63,6,0.32204186,0.01770420,-0.00338982,0E-8,0.000000,0.904812,0.002133,0.03111404,2026-03-21,2026-08-06,120,3733,1703,139,0.863309,1.227414,1.154177,1.073473,,,,,,,,GLOBAL_BASELINE_NO_ENTITY_RANKING,,,NOT_APPLICABLE_GLOBAL_BASELINE,HF9g-P5,,,,X 全窗基线 · 不参与实体赏罚,15052792,1506,A168_HF9F_20260827_0900,2026-08-27 09:00:00
2026-05-25,127529701,1990,0,181.8795080692,27.8916506668,27.8916506668,0.5714286,14,14,0.50090561428571429,0.500905614286,0.5277463527110055,0.5277463527088678,0.5277463527110055,-2.8571E-13,ELIGIBLE,R03b_20260811_FULL_v1,L1_ELIGIBILITY,v2026-08-11,2026-03-21..2026-08-06,baccarat_bet02_101_all_pairs_incl_sentinel,round_win = game_pnl > 0 (decisive only),COMPATIBILITY_ONLY_NOT_PRODUCTION,557989.4742,504875.3716,9878.7574,24851,24505,-0.01770420,0.00338982,-0.02772422,-0.01770420,-9878.7574,557989.4742,OK,0.0000,395.1503,4.0000,96.0000,AG03-UNRESOLVED,ALL5_LEVELS_bet23_to_bet27,395.1503,395.1503,395.1503,0.0000,0.0000,4.000000,4.000000,4.000000,0.000000,0.000000,96.000000,96.000000,96.000000,100.000000,100.000000,5.0,1185.4509,1138.6651,8693.3065,8740.0923,PENDING_AG03,FALSE,NOT_FOR_ENFORCEMENT,9483.6071,484680.3568,9878.7574,9483.6071,395.1503,0.01770420,0.01699603,395.1503,9483.6071,0.01699603,395.1503,395.1503,395.1503,0.0000,0.0000,9483.6071,0.01699603,1185.4509,1138.6651,8693.3065,8740.0923,0.01557970,0.01566354,0.00070817,22.4534,20.6030,0.4031,82.3230,2.6463,4649.9123,204.2083,25.9152,21.1137,12.8578,14.5296,26.176,48.8436,54.2173,102.8621,13.088,0.0,3.731508,7.079487,1.545355,30,207,63,6,0.32204186,0.01770420,-0.00338982,0E-8,0.000000,0.904812,0.002133,0.03111404,2026-03-21,2026-08-06,120,3733,1703,139,0.863309,1.227414,1.154177,1.073473,,,,,,,,GLOBAL_BASELINE_NO_ENTITY_RANKING,,,NOT_APPLICABLE_GLOBAL_BASELINE,HF9g-P5,,,,X 全窗基线 · 不参与实体赏罚,15052793,1506,A168_HF9F_20260827_0900,2026-08-27 09:00:00
2026-05-25,127529701,2103,0,372.3211042502,-24.8560012454,-24.8560012454,0.4090909,23,23,0.50315369130434783,0.503153691304,-0.8824046647737234,-0.8824046647704565,-0.8824046647737234,3.4783E-13,ELIGIBLE,R03b_20260811_FULL_v1,L1_ELIGIBILITY,v2026-08-11,2026-03-21..2026-08-06,baccarat_bet02_101_all_pairs_incl_sentinel,round_win = game_pnl > 0 (decisive only),COMPATIBILITY_ONLY_NOT_PRODUCTION,557989.4742,504875.3716,9878.7574,24851,24505,-0.01770420,0.00338982,-0.02772422,-0.01770420,-9878.7574,557989.4742,OK,0.0000,395.1503,4.0000,96.0000,AG03-UNRESOLVED,ALL5_LEVELS_bet23_to_bet27,395.1503,395.1503,395.1503,0.0000,0.0000,4.000000,4.000000,4.000000,0.000000,0.000000,96.000000,96.000000,96.000000,100.000000,100.000000,5.0,1185.4509,1138.6651,8693.3065,8740.0923,PENDING_AG03,FALSE,NOT_FOR_ENFORCEMENT,9483.6071,484680.3568,9878.7574,9483.6071,395.1503,0.01770420,0.01699603,395.1503,9483.6071,0.01699603,395.1503,395.1503,395.1503,0.0000,0.0000,9483.6071,0.01699603,1185.4509,1138.6651,8693.3065,8740.0923,0.01557970,0.01566354,0.00070817,22.4534,20.6030,0.4031,82.3230,2.6463,4649.9123,204.2083,25.9152,21.1137,12.8578,14.5296,26.176,48.8436,54.2173,102.8621,13.088,0.0,3.731508,7.079487,1.545355,30,207,63,6,0.32204186,0.01770420,-0.00338982,0E-8,0.000000,0.904812,0.002133,0.03111404,2026-03-21,2026-08-06,120,3733,1703,139,0.863309,1.227414,1.154177,1.073473,,,,,,,,GLOBAL_BASELINE_NO_ENTITY_RANKING,,,NOT_APPLICABLE_GLOBAL_BASELINE,HF9g-P5,,,,X 全窗基线 · 不参与实体赏罚,15052794,1506,A168_HF9F_20260827_0900,2026-08-27 09:00:00
2026-05-25,127529701,2123,0,86.3992527633,-60.4535312127,-60.4535312127,0.2000000,5,5,0.50128862000000000,0.501288620000,-1.347408145195933,-1.347408145195933,-1.347408145195933,0E-17,ELIGIBLE,R03b_20260811_FULL_v1,L1_ELIGIBILITY,v2026-08-11,2026-03-21..2026-08-06,baccarat_bet02_101_all_pairs_incl_sentinel,round_win = game_pnl > 0 (decisive only),COMPATIBILITY_ONLY_NOT_PRODUCTION,557989.4742,504875.3716,9878.7574,24851,24505,-0.01770420,0.00338982,-0.02772422,-0.01770420,-9878.7574,557989.4742,OK,0.0000,395.1503,4.0000,96.0000,AG03-UNRESOLVED,ALL5_LEVELS_bet23_to_bet27,395.1503,395.1503,395.1503,0.0000,0.0000,4.000000,4.000000,4.000000,0.000000,0.000000,96.000000,96.000000,96.000000,100.000000,100.000000,5.0,1185.4509,1138.6651,8693.3065,8740.0923,PENDING_AG03,FALSE,NOT_FOR_ENFORCEMENT,9483.6071,484680.3568,9878.7574,9483.6071,395.1503,0.01770420,0.01699603,395.1503,9483.6071,0.01699603,395.1503,395.1503,395.1503,0.0000,0.0000,9483.6071,0.01699603,1185.4509,1138.6651,8693.3065,8740.0923,0.01557970,0.01566354,0.00070817,22.4534,20.6030,0.4031,82.3230,2.6463,4649.9123,204.2083,25.9152,21.1137,12.8578,14.5296,26.176,48.8436,54.2173,102.8621,13.088,0.0,3.731508,7.079487,1.545355,30,207,63,6,0.32204186,0.01770420,-0.00338982,0E-8,0.000000,0.904812,0.002133,0.03111404,2026-03-21,2026-08-06,120,3733,1703,139,0.863309,1.227414,1.154177,1.073473,,,,,,,,GLOBAL_BASELINE_NO_ENTITY_RANKING,,,NOT_APPLICABLE_GLOBAL_BASELINE,HF9g-P5,,,,X 全窗基线 · 不参与实体赏罚,15052795,1506,A168_HF9F_20260827_0900,2026-08-27 09:00:00
2026-05-25,127529701,2153,0,92.8856831508,45.3920398526,45.3920398526,0.7142857,8,8,0.49994810000000000,0.499948100000,1.134168054123783,1.134168054123783,1.134168054123783,0E-17,ELIGIBLE,R03b_20260811_FULL_v1,L1_ELIGIBILITY,v2026-08-11,2026-03-21..2026-08-06,baccarat_bet02_101_all_pairs_incl_sentinel,round_win = game_pnl > 0 (decisive only),COMPATIBILITY_ONLY_NOT_PRODUCTION,557989.4742,504875.3716,9878.7574,24851,24505,-0.01770420,0.00338982,-0.02772422,-0.01770420,-9878.7574,557989.4742,OK,0.0000,395.1503,4.0000,96.0000,AG03-UNRESOLVED,ALL5_LEVELS_bet23_to_bet27,395.1503,395.1503,395.1503,0.0000,0.0000,4.000000,4.000000,4.000000,0.000000,0.000000,96.000000,96.000000,96.000000,100.000000,100.000000,5.0,1185.4509,1138.6651,8693.3065,8740.0923,PENDING_AG03,FALSE,NOT_FOR_ENFORCEMENT,9483.6071,484680.3568,9878.7574,9483.6071,395.1503,0.01770420,0.01699603,395.1503,9483.6071,0.01699603,395.1503,395.1503,395.1503,0.0000,0.0000,9483.6071,0.01699603,1185.4509,1138.6651,8693.3065,8740.0923,0.01557970,0.01566354,0.00070817,22.4534,20.6030,0.4031,82.3230,2.6463,4649.9123,204.2083,25.9152,21.1137,12.8578,14.5296,26.176,48.8436,54.2173,102.8621,13.088,0.0,3.731508,7.079487,1.545355,30,207,63,6,0.32204186,0.01770420,-0.00338982,0E-8,0.000000,0.904812,0.002133,0.03111404,2026-03-21,2026-08-06,120,3733,1703,139,0.863309,1.227414,1.154177,1.073473,,,,,,,,GLOBAL_BASELINE_NO_ENTITY_RANKING,,,NOT_APPLICABLE_GLOBAL_BASELINE,HF9g-P5,,,,X 全窗基线 · 不参与实体赏罚,15052796,1506,A168_HF9F_20260827_0900,2026-08-27 09:00:00
2026-05-25,127529701,2216,0,33.7294380157,-7.7837164652,-7.7837164652,0.5000000,3,3,0.49771390000000000,0.497713900000,0.006466134837551399,0.0064661348375514,0.006466134837551399,0E-17,ELIGIBLE,R03b_20260811_FULL_v1,L1_ELIGIBILITY,v2026-08-11,2026-03-21..2026-08-06,baccarat_bet02_101_all_pairs_incl_sentinel,round_win = game_pnl > 0 (decisive only),COMPATIBILITY_ONLY_NOT_PRODUCTION,557989.4742,504875.3716,9878.7574,24851,24505,-0.01770420,0.00338982,-0.02772422,-0.01770420,-9878.7574,557989.4742,OK,0.0000,395.1503,4.0000,96.0000,AG03-UNRESOLVED,ALL5_LEVELS_bet23_to_bet27,395.1503,395.1503,395.1503,0.0000,0.0000,4.000000,4.000000,4.000000,0.000000,0.000000,96.000000,96.000000,96.000000,100.000000,100.000000,5.0,1185.4509,1138.6651,8693.3065,8740.0923,PENDING_AG03,FALSE,NOT_FOR_ENFORCEMENT,9483.6071,484680.3568,9878.7574,9483.6071,395.1503,0.01770420,0.01699603,395.1503,9483.6071,0.01699603,395.1503,395.1503,395.1503,0.0000,0.0000,9483.6071,0.01699603,1185.4509,1138.6651,8693.3065,8740.0923,0.01557970,0.01566354,0.00070817,22.4534,20.6030,0.4031,82.3230,2.6463,4649.9123,204.2083,25.9152,21.1137,12.8578,14.5296,26.176,48.8436,54.2173,102.8621,13.088,0.0,3.731508,7.079487,1.545355,30,207,63,6,0.32204186,0.01770420,-0.00338982,0E-8,0.000000,0.904812,0.002133,0.03111404,2026-03-21,2026-08-06,120,3733,1703,139,0.863309,1.227414,1.154177,1.073473,,,,,,,,GLOBAL_BASELINE_NO_ENTITY_RANKING,,,NOT_APPLICABLE_GLOBAL_BASELINE,HF9g-P5,,,,X 全窗基线 · 不参与实体赏罚,15052797,1506,A168_HF9F_20260827_0900,2026-08-27 09:00:00
2026-05-25,127529701,2233,0,274.2462767891,56.7043744486,56.7043744486,0.6500000,23,23,0.50257085652173913,0.502570856522,1.3186637777406498,1.31866377773832,1.3186637777406498,-2.6087E-13,ELIGIBLE,R03b_20260811_FULL_v1,L1_ELIGIBILITY,v2026-08-11,2026-03-21..2026-08-06,baccarat_bet02_101_all_pairs_incl_sentinel,round_win = game_pnl > 0 (decisive only),COMPATIBILITY_ONLY_NOT_PRODUCTION,557989.4742,504875.3716,9878.7574,24851,24505,-0.01770420,0.00338982,-0.02772422,-0.01770420,-9878.7574,557989.4742,OK,0.0000,395.1503,4.0000,96.0000,AG03-UNRESOLVED,ALL5_LEVELS_bet23_to_bet27,395.1503,395.1503,395.1503,0.0000,0.0000,4.000000,4.000000,4.000000,0.000000,0.000000,96.000000,96.000000,96.000000,100.000000,100.000000,5.0,1185.4509,1138.6651,8693.3065,8740.0923,PENDING_AG03,FALSE,NOT_FOR_ENFORCEMENT,9483.6071,484680.3568,9878.7574,9483.6071,395.1503,0.01770420,0.01699603,395.1503,9483.6071,0.01699603,395.1503,395.1503,395.1503,0.0000,0.0000,9483.6071,0.01699603,1185.4509,1138.6651,8693.3065,8740.0923,0.01557970,0.01566354,0.00070817,22.4534,20.6030,0.4031,82.3230,2.6463,4649.9123,204.2083,25.9152,21.1137,12.8578,14.5296,26.176,48.8436,54.2173,102.8621,13.088,0.0,3.731508,7.079487,1.545355,30,207,63,6,0.32204186,0.01770420,-0.00338982,0E-8,0.000000,0.904812,0.002133,0.03111404,2026-03-21,2026-08-06,120,3733,1703,139,0.863309,1.227414,1.154177,1.073473,,,,,,,,GLOBAL_BASELINE_NO_ENTITY_RANKING,,,NOT_APPLICABLE_GLOBAL_BASELINE,HF9g-P5,,,,X 全窗基线 · 不参与实体赏罚,15052798,1506,A168_HF9F_20260827_0900,2026-08-27 09:00:00
2026-05-25,127529701,2246,0,217.1656893779,32.1726947227,32.1726947227,0.5833333,13,13,0.49737017692307692,0.497370176923,0.5955784559879647,0.595578455988498,0.5955784559879647,7.692E-14,ELIGIBLE,R03b_20260811_FULL_v1,L1_ELIGIBILITY,v2026-08-11,2026-03-21..2026-08-06,baccarat_bet02_101_all_pairs_incl_sentinel,round_win = game_pnl > 0 (decisive only),COMPATIBILITY_ONLY_NOT_PRODUCTION,557989.4742,504875.3716,9878.7574,24851,24505,-0.01770420,0.00338982,-0.02772422,-0.01770420,-9878.7574,557989.4742,OK,0.0000,395.1503,4.0000,96.0000,AG03-UNRESOLVED,ALL5_LEVELS_bet23_to_bet27,395.1503,395.1503,395.1503,0.0000,0.0000,4.000000,4.000000,4.000000,0.000000,0.000000,96.000000,96.000000,96.000000,100.000000,100.000000,5.0,1185.4509,1138.6651,8693.3065,8740.0923,PENDING_AG03,FALSE,NOT_FOR_ENFORCEMENT,9483.6071,484680.3568,9878.7574,9483.6071,395.1503,0.01770420,0.01699603,395.1503,9483.6071,0.01699603,395.1503,395.1503,395.1503,0.0000,0.0000,9483.6071,0.01699603,1185.4509,1138.6651,8693.3065,8740.0923,0.01557970,0.01566354,0.00070817,22.4534,20.6030,0.4031,82.3230,2.6463,4649.9123,204.2083,25.9152,21.1137,12.8578,14.5296,26.176,48.8436,54.2173,102.8621,13.088,0.0,3.731508,7.079487,1.545355,30,207,63,6,0.32204186,0.01770420,-0.00338982,0E-8,0.000000,0.904812,0.002133,0.03111404,2026-03-21,2026-08-06,120,3733,1703,139,0.863309,1.227414,1.154177,1.073473,,,,,,,,GLOBAL_BASELINE_NO_ENTITY_RANKING,,,NOT_APPLICABLE_GLOBAL_BASELINE,HF9g-P5,,,,X 全窗基线 · 不参与实体赏罚,15052799,1506,A168_HF9F_20260827_0900,2026-08-27 09:00:00
2026-05-25,127529701,2251,0,103.7828862021,-103.7828862021,-103.7828862021,0E-7,4,4,0.50329940000000000,0.503299400000,-2.013241432932159,-2.013241432932159,-2.013241432932159,0E-17,ELIGIBLE,R03b_20260811_FULL_v1,L1_ELIGIBILITY,v2026-08-11,2026-03-21..2026-08-06,baccarat_bet02_101_all_pairs_incl_sentinel,round_win = game_pnl > 0 (decisive only),COMPATIBILITY_ONLY_NOT_PRODUCTION,557989.4742,504875.3716,9878.7574,24851,24505,-0.01770420,0.00338982,-0.02772422,-0.01770420,-9878.7574,557989.4742,OK,0.0000,395.1503,4.0000,96.0000,AG03-UNRESOLVED,ALL5_LEVELS_bet23_to_bet27,395.1503,395.1503,395.1503,0.0000,0.0000,4.000000,4.000000,4.000000,0.000000,0.000000,96.000000,96.000000,96.000000,100.000000,100.000000,5.0,1185.4509,1138.6651,8693.3065,8740.0923,PENDING_AG03,FALSE,NOT_FOR_ENFORCEMENT,9483.6071,484680.3568,9878.7574,9483.6071,395.1503,0.01770420,0.01699603,395.1503,9483.6071,0.01699603,395.1503,395.1503,395.1503,0.0000,0.0000,9483.6071,0.01699603,1185.4509,1138.6651,8693.3065,8740.0923,0.01557970,0.01566354,0.00070817,22.4534,20.6030,0.4031,82.3230,2.6463,4649.9123,204.2083,25.9152,21.1137,12.8578,14.5296,26.176,48.8436,54.2173,102.8621,13.088,0.0,3.731508,7.079487,1.545355,30,207,63,6,0.32204186,0.01770420,-0.00338982,0E-8,0.000000,0.904812,0.002133,0.03111404,2026-03-21,2026-08-06,120,3733,1703,139,0.863309,1.227414,1.154177,1.073473,,,,,,,,GLOBAL_BASELINE_NO_ENTITY_RANKING,,,NOT_APPLICABLE_GLOBAL_BASELINE,HF9g-P5,,,,X 全窗基线 · 不参与实体赏罚,15052800,1506,A168_HF9F_20260827_0900,2026-08-27 09:00:00
2026-05-25,127529701,583,0,6.4864303876,6.4864303876,6.4864303876,1.0000000,1,1,0.49324550000000000,0.493245500000,1.01360149184955,1.01360149184955,1.01360149184955,0E-17,ELIGIBLE,R03b_20260811_FULL_v1,L1_ELIGIBILITY,v2026-08-11,2026-03-21..2026-08-06,baccarat_bet02_101_all_pairs_incl_sentinel,round_win = game_pnl > 0 (decisive only),COMPATIBILITY_ONLY_NOT_PRODUCTION,557989.4742,504875.3716,9878.7574,24851,24505,-0.01770420,0.00338982,-0.02772422,-0.01770420,-9878.7574,557989.4742,OK,0.0000,395.1503,4.0000,96.0000,AG03-UNRESOLVED,ALL5_LEVELS_bet23_to_bet27,395.1503,395.1503,395.1503,0.0000,0.0000,4.000000,4.000000,4.000000,0.000000,0.000000,96.000000,96.000000,96.000000,100.000000,100.000000,5.0,1185.4509,1138.6651,8693.3065,8740.0923,PENDING_AG03,FALSE,NOT_FOR_ENFORCEMENT,9483.6071,484680.3568,9878.7574,9483.6071,395.1503,0.01770420,0.01699603,395.1503,9483.6071,0.01699603,395.1503,395.1503,395.1503,0.0000,0.0000,9483.6071,0.01699603,1185.4509,1138.6651,8693.3065,8740.0923,0.01557970,0.01566354,0.00070817,22.4534,20.6030,0.4031,82.3230,2.6463,4649.9123,204.2083,25.9152,21.1137,12.8578,14.5296,26.176,48.8436,54.2173,102.8621,13.088,0.0,3.731508,7.079487,1.545355,30,207,63,6,0.32204186,0.01770420,-0.00338982,0E-8,0.000000,0.904812,0.002133,0.03111404,2026-03-21,2026-08-06,120,3733,1703,139,0.863309,1.227414,1.154177,1.073473,,,,,,,,GLOBAL_BASELINE_NO_ENTITY_RANKING,,,NOT_APPLICABLE_GLOBAL_BASELINE,HF9g-P5,,,,X 全窗基线 · 不参与实体赏罚,15052801,1506,A168_HF9F_20260827_0900,2026-08-27 09:00:00
2026-05-25,127529701,595,0,331.3268642004,17.7728192622,17.7728192622,0.6086957,24,24,0.50050665000000000,0.500506650000,1.0377129869527943,1.0377129869527943,1.0377129869527943,0E-17,ELIGIBLE,R03b_20260811_FULL_v1,L1_ELIGIBILITY,v2026-08-11,2026-03-21..2026-08-06,baccarat_bet02_101_all_pairs_incl_sentinel,round_win = game_pnl > 0 (decisive only),COMPATIBILITY_ONLY_NOT_PRODUCTION,557989.4742,504875.3716,9878.7574,24851,24505,-0.01770420,0.00338982,-0.02772422,-0.01770420,-9878.7574,557989.4742,OK,0.0000,395.1503,4.0000,96.0000,AG03-UNRESOLVED,ALL5_LEVELS_bet23_to_bet27,395.1503,395.1503,395.1503,0.0000,0.0000,4.000000,4.000000,4.000000,0.000000,0.000000,96.000000,96.000000,96.000000,100.000000,100.000000,5.0,1185.4509,1138.6651,8693.3065,8740.0923,PENDING_AG03,FALSE,NOT_FOR_ENFORCEMENT,9483.6071,484680.3568,9878.7574,9483.6071,395.1503,0.01770420,0.01699603,395.1503,9483.6071,0.01699603,395.1503,395.1503,395.1503,0.0000,0.0000,9483.6071,0.01699603,1185.4509,1138.6651,8693.3065,8740.0923,0.01557970,0.01566354,0.00070817,22.4534,20.6030,0.4031,82.3230,2.6463,4649.9123,204.2083,25.9152,21.1137,12.8578,14.5296,26.176,48.8436,54.2173,102.8621,13.088,0.0,3.731508,7.079487,1.545355,30,207,63,6,0.32204186,0.01770420,-0.00338982,0E-8,0.000000,0.904812,0.002133,0.03111404,2026-03-21,2026-08-06,120,3733,1703,139,0.863309,1.227414,1.154177,1.073473,,,,,,,,GLOBAL_BASELINE_NO_ENTITY_RANKING,,,NOT_APPLICABLE_GLOBAL_BASELINE,HF9g-P5,,,,X 全窗基线 · 不参与实体赏罚,15052802,1506,A168_HF9F_20260827_0900,2026-08-27 09:00:00
2026-05-25,127529701,752,0,12.9728607753,-12.9728607753,-12.9728607753,0E-7,1,1,0.50665070000000000,0.506650700000,-1.013391052207602,-1.013391052207602,-1.013391052207602,0E-17,ELIGIBLE,R03b_20260811_FULL_v1,L1_ELIGIBILITY,v2026-08-11,2026-03-21..2026-08-06,baccarat_bet02_101_all_pairs_incl_sentinel,round_win = game_pnl > 0 (decisive only),COMPATIBILITY_ONLY_NOT_PRODUCTION,557989.4742,504875.3716,9878.7574,24851,24505,-0.01770420,0.00338982,-0.02772422,-0.01770420,-9878.7574,557989.4742,OK,0.0000,395.1503,4.0000,96.0000,AG03-UNRESOLVED,ALL5_LEVELS_bet23_to_bet27,395.1503,395.1503,395.1503,0.0000,0.0000,4.000000,4.000000,4.000000,0.000000,0.000000,96.000000,96.000000,96.000000,100.000000,100.000000,5.0,1185.4509,1138.6651,8693.3065,8740.0923,PENDING_AG03,FALSE,NOT_FOR_ENFORCEMENT,9483.6071,484680.3568,9878.7574,9483.6071,395.1503,0.01770420,0.01699603,395.1503,9483.6071,0.01699603,395.1503,395.1503,395.1503,0.0000,0.0000,9483.6071,0.01699603,1185.4509,1138.6651,8693.3065,8740.0923,0.01557970,0.01566354,0.00070817,22.4534,20.6030,0.4031,82.3230,2.6463,4649.9123,204.2083,25.9152,21.1137,12.8578,14.5296,26.176,48.8436,54.2173,102.8621,13.088,0.0,3.731508,7.079487,1.545355,30,207,63,6,0.32204186,0.01770420,-0.00338982,0E-8,0.000000,0.904812,0.002133,0.03111404,2026-03-21,2026-08-06,120,3733,1703,139,0.863309,1.227414,1.154177,1.073473,,,,,,,,GLOBAL_BASELINE_NO_ENTITY_RANKING,,,NOT_APPLICABLE_GLOBAL_BASELINE,HF9g-P5,,,,X 全窗基线 · 不参与实体赏罚,15052803,1506,A168_HF9F_20260827_0900,2026-08-27 09:00:00
2026-05-25,127529701,925,0,167.3499040010,-40.4753256187,-40.4753256187,0.5000000,12,12,0.49436260000000000,0.494362600000,0.03905953561511952,0.03905953561511952,0.03905953561511952,0E-17,ELIGIBLE,R03b_20260811_FULL_v1,L1_ELIGIBILITY,v2026-08-11,2026-03-21..2026-08-06,baccarat_bet02_101_all_pairs_incl_sentinel,round_win = game_pnl > 0 (decisive only),COMPATIBILITY_ONLY_NOT_PRODUCTION,557989.4742,504875.3716,9878.7574,24851,24505,-0.01770420,0.00338982,-0.02772422,-0.01770420,-9878.7574,557989.4742,OK,0.0000,395.1503,4.0000,96.0000,AG03-UNRESOLVED,ALL5_LEVELS_bet23_to_bet27,395.1503,395.1503,395.1503,0.0000,0.0000,4.000000,4.000000,4.000000,0.000000,0.000000,96.000000,96.000000,96.000000,100.000000,100.000000,5.0,1185.4509,1138.6651,8693.3065,8740.0923,PENDING_AG03,FALSE,NOT_FOR_ENFORCEMENT,9483.6071,484680.3568,9878.7574,9483.6071,395.1503,0.01770420,0.01699603,395.1503,9483.6071,0.01699603,395.1503,395.1503,395.1503,0.0000,0.0000,9483.6071,0.01699603,1185.4509,1138.6651,8693.3065,8740.0923,0.01557970,0.01566354,0.00070817,22.4534,20.6030,0.4031,82.3230,2.6463,4649.9123,204.2083,25.9152,21.1137,12.8578,14.5296,26.176,48.8436,54.2173,102.8621,13.088,0.0,3.731508,7.079487,1.545355,30,207,63,6,0.32204186,0.01770420,-0.00338982,0E-8,0.000000,0.904812,0.002133,0.03111404,2026-03-21,2026-08-06,120,3733,1703,139,0.863309,1.227414,1.154177,1.073473,,,,,,,,GLOBAL_BASELINE_NO_ENTITY_RANKING,,,NOT_APPLICABLE_GLOBAL_BASELINE,HF9g-P5,,,,X 全窗基线 · 不参与实体赏罚,15052804,1506,A168_HF9F_20260827_0900,2026-08-27 09:00:00
2026-05-26,127529701,-1,1,15.5674329303,-15.5674329303,-15.5674329303,0E-7,1,1,0.49324550000000000,0.493245500000,-0.9865810262130424,-0.9865810262130424,-0.9865810262130424,0E-17,SENTINEL_DEALER,R03b_20260811_FULL_v1,L1_ELIGIBILITY,v2026-08-11,2026-03-21..2026-08-06,baccarat_bet02_101_all_pairs_incl_sentinel,round_win = game_pnl > 0 (decisive only),COMPATIBILITY_ONLY_NOT_PRODUCTION,557989.4742,504875.3716,9878.7574,24851,24505,-0.01770420,0.00338982,-0.02772422,-0.01770420,-9878.7574,557989.4742,OK,0.0000,395.1503,4.0000,96.0000,AG03-UNRESOLVED,ALL5_LEVELS_bet23_to_bet27,395.1503,395.1503,395.1503,0.0000,0.0000,4.000000,4.000000,4.000000,0.000000,0.000000,96.000000,96.000000,96.000000,100.000000,100.000000,5.0,1185.4509,1138.6651,8693.3065,8740.0923,PENDING_AG03,FALSE,NOT_FOR_ENFORCEMENT,9483.6071,484680.3568,9878.7574,9483.6071,395.1503,0.01770420,0.01699603,395.1503,9483.6071,0.01699603,395.1503,395.1503,395.1503,0.0000,0.0000,9483.6071,0.01699603,1185.4509,1138.6651,8693.3065,8740.0923,0.01557970,0.01566354,0.00070817,22.4534,20.6030,0.4031,82.3230,2.6463,4649.9123,204.2083,25.9152,21.1137,12.8578,14.5296,26.176,48.8436,54.2173,102.8621,13.088,0.0,3.731508,7.079487,1.545355,30,207,63,6,0.32204186,0.01770420,-0.00338982,0E-8,0.000000,0.904812,0.002133,0.03111404,2026-03-21,2026-08-06,120,3733,1703,139,0.863309,1.227414,1.154177,1.073473,,,,,,,,GLOBAL_BASELINE_NO_ENTITY_RANKING,,,NOT_APPLICABLE_GLOBAL_BASELINE,HF9g-P5,,,,X 全窗基线 · 不参与实体赏罚,15052805,1506,A168_HF9F_20260827_0900,2026-08-27 09:00:00
2026-05-26,127529701,1157,0,64.8643038763,-38.9185823258,-38.9185823258,0E-7,2,2,0.50665070000000000,0.506650700000,-1.013391052207602,-1.013391052207602,-1.013391052207602,0E-17,ELIGIBLE,R03b_20260811_FULL_v1,L1_ELIGIBILITY,v2026-08-11,2026-03-21..2026-08-06,baccarat_bet02_101_all_pairs_incl_sentinel,round_win = game_pnl > 0 (decisive only),COMPATIBILITY_ONLY_NOT_PRODUCTION,557989.4742,504875.3716,9878.7574,24851,24505,-0.01770420,0.00338982,-0.02772422,-0.01770420,-9878.7574,557989.4742,OK,0.0000,395.1503,4.0000,96.0000,AG03-UNRESOLVED,ALL5_LEVELS_bet23_to_bet27,395.1503,395.1503,395.1503,0.0000,0.0000,4.000000,4.000000,4.000000,0.000000,0.000000,96.000000,96.000000,96.000000,100.000000,100.000000,5.0,1185.4509,1138.6651,8693.3065,8740.0923,PENDING_AG03,FALSE,NOT_FOR_ENFORCEMENT,9483.6071,484680.3568,9878.7574,9483.6071,395.1503,0.01770420,0.01699603,395.1503,9483.6071,0.01699603,395.1503,395.1503,395.1503,0.0000,0.0000,9483.6071,0.01699603,1185.4509,1138.6651,8693.3065,8740.0923,0.01557970,0.01566354,0.00070817,22.4534,20.6030,0.4031,82.3230,2.6463,4649.9123,204.2083,25.9152,21.1137,12.8578,14.5296,26.176,48.8436,54.2173,102.8621,13.088,0.0,3.731508,7.079487,1.545355,30,207,63,6,0.32204186,0.01770420,-0.00338982,0E-8,0.000000,0.904812,0.002133,0.03111404,2026-03-21,2026-08-06,120,3733,1703,139,0.863309,1.227414,1.154177,1.073473,,,,,,,,GLOBAL_BASELINE_NO_ENTITY_RANKING,,,NOT_APPLICABLE_GLOBAL_BASELINE,HF9g-P5,,,,X 全窗基线 · 不参与实体赏罚,15052806,1506,A168_HF9F_20260827_0900,2026-08-27 09:00:00
2026-05-26,127529701,1714,0,181.6200508537,-129.7286077525,-129.7286077525,0.2500000,8,8,0.49994810000000000,0.499948100000,-1.4139199792546444,-1.4139199792546444,-1.4139199792546444,0E-17,ELIGIBLE,R03b_20260811_FULL_v1,L1_ELIGIBILITY,v2026-08-11,2026-03-21..2026-08-06,baccarat_bet02_101_all_pairs_incl_sentinel,round_win = game_pnl > 0 (decisive only),COMPATIBILITY_ONLY_NOT_PRODUCTION,557989.4742,504875.3716,9878.7574,24851,24505,-0.01770420,0.00338982,-0.02772422,-0.01770420,-9878.7574,557989.4742,OK,0.0000,395.1503,4.0000,96.0000,AG03-UNRESOLVED,ALL5_LEVELS_bet23_to_bet27,395.1503,395.1503,395.1503,0.0000,0.0000,4.000000,4.000000,4.000000,0.000000,0.000000,96.000000,96.000000,96.000000,100.000000,100.000000,5.0,1185.4509,1138.6651,8693.3065,8740.0923,PENDING_AG03,FALSE,NOT_FOR_ENFORCEMENT,9483.6071,484680.3568,9878.7574,9483.6071,395.1503,0.01770420,0.01699603,395.1503,9483.6071,0.01699603,395.1503,395.1503,395.1503,0.0000,0.0000,9483.6071,0.01699603,1185.4509,1138.6651,8693.3065,8740.0923,0.01557970,0.01566354,0.00070817,22.4534,20.6030,0.4031,82.3230,2.6463,4649.9123,204.2083,25.9152,21.1137,12.8578,14.5296,26.176,48.8436,54.2173,102.8621,13.088,0.0,3.731508,7.079487,1.545355,30,207,63,6,0.32204186,0.01770420,-0.00338982,0E-8,0.000000,0.904812,0.002133,0.03111404,2026-03-21,2026-08-06,120,3733,1703,139,0.863309,1.227414,1.154177,1.073473,,,,,,,,GLOBAL_BASELINE_NO_ENTITY_RANKING,,,NOT_APPLICABLE_GLOBAL_BASELINE,HF9g-P5,,,,X 全窗基线 · 不参与实体赏罚,15052807,1506,A168_HF9F_20260827_0900,2026-08-27 09:00:00
2026-05-26,127529701,2101,0,54.4860152562,-25.9457215506,-25.9457215506,0E-7,4,4,0.49994810000000000,0.499948100000,-1.4140667746232096,-1.4140667746232096,-1.4140667746232096,0E-17,ELIGIBLE,R03b_20260811_FULL_v1,L1_ELIGIBILITY,v2026-08-11,2026-03-21..2026-08-06,baccarat_bet02_101_all_pairs_incl_sentinel,round_win = game_pnl > 0 (decisive only),COMPATIBILITY_ONLY_NOT_PRODUCTION,557989.4742,504875.3716,9878.7574,24851,24505,-0.01770420,0.00338982,-0.02772422,-0.01770420,-9878.7574,557989.4742,OK,0.0000,395.1503,4.0000,96.0000,AG03-UNRESOLVED,ALL5_LEVELS_bet23_to_bet27,395.1503,395.1503,395.1503,0.0000,0.0000,4.000000,4.000000,4.000000,0.000000,0.000000,96.000000,96.000000,96.000000,100.000000,100.000000,5.0,1185.4509,1138.6651,8693.3065,8740.0923,PENDING_AG03,FALSE,NOT_FOR_ENFORCEMENT,9483.6071,484680.3568,9878.7574,9483.6071,395.1503,0.01770420,0.01699603,395.1503,9483.6071,0.01699603,395.1503,395.1503,395.1503,0.0000,0.0000,9483.6071,0.01699603,1185.4509,1138.6651,8693.3065,8740.0923,0.01557970,0.01566354,0.00070817,22.4534,20.6030,0.4031,82.3230,2.6463,4649.9123,204.2083,25.9152,21.1137,12.8578,14.5296,26.176,48.8436,54.2173,102.8621,13.088,0.0,3.731508,7.079487,1.545355,30,207,63,6,0.32204186,0.01770420,-0.00338982,0E-8,0.000000,0.904812,0.002133,0.03111404,2026-03-21,2026-08-06,120,3733,1703,139,0.863309,1.227414,1.154177,1.073473,,,,,,,,GLOBAL_BASELINE_NO_ENTITY_RANKING,,,NOT_APPLICABLE_GLOBAL_BASELINE,HF9g-P5,,,,X 全窗基线 · 不参与实体赏罚,15052808,1506,A168_HF9F_20260827_0900,2026-08-27 09:00:00
2026-05-26,127529701,2169,0,65.1237610918,11.8831404701,11.8831404701,0.7500000,4,4,0.50329940000000000,0.503299400000,0.9868238854431842,0.9868238854431842,0.9868238854431842,0E-17,ELIGIBLE,R03b_20260811_FULL_v1,L1_ELIGIBILITY,v2026-08-11,2026-03-21..2026-08-06,baccarat_bet02_101_all_pairs_incl_sentinel,round_win = game_pnl > 0 (decisive only),COMPATIBILITY_ONLY_NOT_PRODUCTION,557989.4742,504875.3716,9878.7574,24851,24505,-0.01770420,0.00338982,-0.02772422,-0.01770420,-9878.7574,557989.4742,OK,0.0000,395.1503,4.0000,96.0000,AG03-UNRESOLVED,ALL5_LEVELS_bet23_to_bet27,395.1503,395.1503,395.1503,0.0000,0.0000,4.000000,4.000000,4.000000,0.000000,0.000000,96.000000,96.000000,96.000000,100.000000,100.000000,5.0,1185.4509,1138.6651,8693.3065,8740.0923,PENDING_AG03,FALSE,NOT_FOR_ENFORCEMENT,9483.6071,484680.3568,9878.7574,9483.6071,395.1503,0.01770420,0.01699603,395.1503,9483.6071,0.01699603,395.1503,395.1503,395.1503,0.0000,0.0000,9483.6071,0.01699603,1185.4509,1138.6651,8693.3065,8740.0923,0.01557970,0.01566354,0.00070817,22.4534,20.6030,0.4031,82.3230,2.6463,4649.9123,204.2083,25.9152,21.1137,12.8578,14.5296,26.176,48.8436,54.2173,102.8621,13.088,0.0,3.731508,7.079487,1.545355,30,207,63,6,0.32204186,0.01770420,-0.00338982,0E-8,0.000000,0.904812,0.002133,0.03111404,2026-03-21,2026-08-06,120,3733,1703,139,0.863309,1.227414,1.154177,1.073473,,,,,,,,GLOBAL_BASELINE_NO_ENTITY_RANKING,,,NOT_APPLICABLE_GLOBAL_BASELINE,HF9g-P5,,,,X 全窗基线 · 不参与实体赏罚,15052809,1506,A168_HF9F_20260827_0900,2026-08-27 09:00:00
2026-05-26,127529701,2170,0,47.4806704376,3.7621296248,3.7621296248,0.5000000,4,4,0.49994810000000000,0.499948100000,0.00020760000111838688,0.00020760000111838688,0.00020760000111838688,0E-17,ELIGIBLE,R03b_20260811_FULL_v1,L1_ELIGIBILITY,v2026-08-11,2026-03-21..2026-08-06,baccarat_bet02_101_all_pairs_incl_sentinel,round_win = game_pnl > 0 (decisive only),COMPATIBILITY_ONLY_NOT_PRODUCTION,557989.4742,504875.3716,9878.7574,24851,24505,-0.01770420,0.00338982,-0.02772422,-0.01770420,-9878.7574,557989.4742,OK,0.0000,395.1503,4.0000,96.0000,AG03-UNRESOLVED,ALL5_LEVELS_bet23_to_bet27,395.1503,395.1503,395.1503,0.0000,0.0000,4.000000,4.000000,4.000000,0.000000,0.000000,96.000000,96.000000,96.000000,100.000000,100.000000,5.0,1185.4509,1138.6651,8693.3065,8740.0923,PENDING_AG03,FALSE,NOT_FOR_ENFORCEMENT,9483.6071,484680.3568,9878.7574,9483.6071,395.1503,0.01770420,0.01699603,395.1503,9483.6071,0.01699603,395.1503,395.1503,395.1503,0.0000,0.0000,9483.6071,0.01699603,1185.4509,1138.6651,8693.3065,8740.0923,0.01557970,0.01566354,0.00070817,22.4534,20.6030,0.4031,82.3230,2.6463,4649.9123,204.2083,25.9152,21.1137,12.8578,14.5296,26.176,48.8436,54.2173,102.8621,13.088,0.0,3.731508,7.079487,1.545355,30,207,63,6,0.32204186,0.01770420,-0.00338982,0E-8,0.000000,0.904812,0.002133,0.03111404,2026-03-21,2026-08-06,120,3733,1703,139,0.863309,1.227414,1.154177,1.073473,,,,,,,,GLOBAL_BASELINE_NO_ENTITY_RANKING,,,NOT_APPLICABLE_GLOBAL_BASELINE,HF9g-P5,,,,X 全窗基线 · 不参与实体赏罚,15052810,1506,A168_HF9F_20260827_0900,2026-08-27 09:00:00
2026-05-26,127529701,2246,0,25.9457215506,-25.9457215506,-25.9457215506,0E-7,2,2,0.49324550000000000,0.493245500000,-1.3952362676504506,-1.3952362676504506,-1.3952362676504506,0E-17,ELIGIBLE,R03b_20260811_FULL_v1,L1_ELIGIBILITY,v2026-08-11,2026-03-21..2026-08-06,baccarat_bet02_101_all_pairs_incl_sentinel,round_win = game_pnl > 0 (decisive only),COMPATIBILITY_ONLY_NOT_PRODUCTION,557989.4742,504875.3716,9878.7574,24851,24505,-0.01770420,0.00338982,-0.02772422,-0.01770420,-9878.7574,557989.4742,OK,0.0000,395.1503,4.0000,96.0000,AG03-UNRESOLVED,ALL5_LEVELS_bet23_to_bet27,395.1503,395.1503,395.1503,0.0000,0.0000,4.000000,4.000000,4.000000,0.000000,0.000000,96.000000,96.000000,96.000000,100.000000,100.000000,5.0,1185.4509,1138.6651,8693.3065,8740.0923,PENDING_AG03,FALSE,NOT_FOR_ENFORCEMENT,9483.6071,484680.3568,9878.7574,9483.6071,395.1503,0.01770420,0.01699603,395.1503,9483.6071,0.01699603,395.1503,395.1503,395.1503,0.0000,0.0000,9483.6071,0.01699603,1185.4509,1138.6651,8693.3065,8740.0923,0.01557970,0.01566354,0.00070817,22.4534,20.6030,0.4031,82.3230,2.6463,4649.9123,204.2083,25.9152,21.1137,12.8578,14.5296,26.176,48.8436,54.2173,102.8621,13.088,0.0,3.731508,7.079487,1.545355,30,207,63,6,0.32204186,0.01770420,-0.00338982,0E-8,0.000000,0.904812,0.002133,0.03111404,2026-03-21,2026-08-06,120,3733,1703,139,0.863309,1.227414,1.154177,1.073473,,,,,,,,GLOBAL_BASELINE_NO_ENTITY_RANKING,,,NOT_APPLICABLE_GLOBAL_BASELINE,HF9g-P5,,,,X 全窗基线 · 不参与实体赏罚,15052811,1506,A168_HF9F_20260827_0900,2026-08-27 09:00:00
2026-05-28,127529701,-1,1,549.2709252245,-85.4262882051,-85.4262882051,0.4583333,26,26,0.49943251538461538,0.499432515385,-0.40268835884820164,-0.4026883588519698,-0.40268835884820164,-3.8462E-13,SENTINEL_DEALER,R03b_20260811_FULL_v1,L1_ELIGIBILITY,v2026-08-11,2026-03-21..2026-08-06,baccarat_bet02_101_all_pairs_incl_sentinel,round_win = game_pnl > 0 (decisive only),COMPATIBILITY_ONLY_NOT_PRODUCTION,557989.4742,504875.3716,9878.7574,24851,24505,-0.01770420,0.00338982,-0.02772422,-0.01770420,-9878.7574,557989.4742,OK,0.0000,395.1503,4.0000,96.0000,AG03-UNRESOLVED,ALL5_LEVELS_bet23_to_bet27,395.1503,395.1503,395.1503,0.0000,0.0000,4.000000,4.000000,4.000000,0.000000,0.000000,96.000000,96.000000,96.000000,100.000000,100.000000,5.0,1185.4509,1138.6651,8693.3065,8740.0923,PENDING_AG03,FALSE,NOT_FOR_ENFORCEMENT,9483.6071,484680.3568,9878.7574,9483.6071,395.1503,0.01770420,0.01699603,395.1503,9483.6071,0.01699603,395.1503,395.1503,395.1503,0.0000,0.0000,9483.6071,0.01699603,1185.4509,1138.6651,8693.3065,8740.0923,0.01557970,0.01566354,0.00070817,22.4534,20.6030,0.4031,82.3230,2.6463,4649.9123,204.2083,25.9152,21.1137,12.8578,14.5296,26.176,48.8436,54.2173,102.8621,13.088,0.0,3.731508,7.079487,1.545355,30,207,63,6,0.32204186,0.01770420,-0.00338982,0E-8,0.000000,0.904812,0.002133,0.03111404,2026-03-21,2026-08-06,120,3733,1703,139,0.863309,1.227414,1.154177,1.073473,,,,,,,,GLOBAL_BASELINE_NO_ENTITY_RANKING,,,NOT_APPLICABLE_GLOBAL_BASELINE,HF9g-P5,,,,X 全窗基线 · 不参与实体赏罚,15052812,1506,A168_HF9F_20260827_0900,2026-08-27 09:00:00
2026-05-28,127529701,1210,0,236.8844377563,-35.8050957398,-35.8050957398,0.3333333,11,11,0.50055742727272727,0.500557427273,-1.0033451871657537,-1.0033451871673909,-1.0033451871657537,-2.7273E-13,ELIGIBLE,R03b_20260811_FULL_v1,L1_ELIGIBILITY,v2026-08-11,2026-03-21..2026-08-06,baccarat_bet02_101_all_pairs_incl_sentinel,round_win = game_pnl > 0 (decisive only),COMPATIBILITY_ONLY_NOT_PRODUCTION,557989.4742,504875.3716,9878.7574,24851,24505,-0.01770420,0.00338982,-0.02772422,-0.01770420,-9878.7574,557989.4742,OK,0.0000,395.1503,4.0000,96.0000,AG03-UNRESOLVED,ALL5_LEVELS_bet23_to_bet27,395.1503,395.1503,395.1503,0.0000,0.0000,4.000000,4.000000,4.000000,0.000000,0.000000,96.000000,96.000000,96.000000,100.000000,100.000000,5.0,1185.4509,1138.6651,8693.3065,8740.0923,PENDING_AG03,FALSE,NOT_FOR_ENFORCEMENT,9483.6071,484680.3568,9878.7574,9483.6071,395.1503,0.01770420,0.01699603,395.1503,9483.6071,0.01699603,395.1503,395.1503,395.1503,0.0000,0.0000,9483.6071,0.01699603,1185.4509,1138.6651,8693.3065,8740.0923,0.01557970,0.01566354,0.00070817,22.4534,20.6030,0.4031,82.3230,2.6463,4649.9123,204.2083,25.9152,21.1137,12.8578,14.5296,26.176,48.8436,54.2173,102.8621,13.088,0.0,3.731508,7.079487,1.545355,30,207,63,6,0.32204186,0.01770420,-0.00338982,0E-8,0.000000,0.904812,0.002133,0.03111404,2026-03-21,2026-08-06,120,3733,1703,139,0.863309,1.227414,1.154177,1.073473,,,,,,,,GLOBAL_BASELINE_NO_ENTITY_RANKING,,,NOT_APPLICABLE_GLOBAL_BASELINE,HF9g-P5,,,,X 全窗基线 · 不参与实体赏罚,15052813,1506,A168_HF9F_20260827_0900,2026-08-27 09:00:00
2026-05-28,127529701,1299,0,418.5044886100,-74.3344922422,-74.3344922422,0.4166667,28,28,0.50234188571428571,0.502341885714,-0.8394514889455539,-0.8394514889427522,-0.8394514889455539,2.8571E-13,ELIGIBLE,R03b_20260811_FULL_v1,L1_ELIGIBILITY,v2026-08-11,2026-03-21..2026-08-06,baccarat_bet02_101_all_pairs_incl_sentinel,round_win = game_pnl > 0 (decisive only),COMPATIBILITY_ONLY_NOT_PRODUCTION,557989.4742,504875.3716,9878.7574,24851,24505,-0.01770420,0.00338982,-0.02772422,-0.01770420,-9878.7574,557989.4742,OK,0.0000,395.1503,4.0000,96.0000,AG03-UNRESOLVED,ALL5_LEVELS_bet23_to_bet27,395.1503,395.1503,395.1503,0.0000,0.0000,4.000000,4.000000,4.000000,0.000000,0.000000,96.000000,96.000000,96.000000,100.000000,100.000000,5.0,1185.4509,1138.6651,8693.3065,8740.0923,PENDING_AG03,FALSE,NOT_FOR_ENFORCEMENT,9483.6071,484680.3568,9878.7574,9483.6071,395.1503,0.01770420,0.01699603,395.1503,9483.6071,0.01699603,395.1503,395.1503,395.1503,0.0000,0.0000,9483.6071,0.01699603,1185.4509,1138.6651,8693.3065,8740.0923,0.01557970,0.01566354,0.00070817,22.4534,20.6030,0.4031,82.3230,2.6463,4649.9123,204.2083,25.9152,21.1137,12.8578,14.5296,26.176,48.8436,54.2173,102.8621,13.088,0.0,3.731508,7.079487,1.545355,30,207,63,6,0.32204186,0.01770420,-0.00338982,0E-8,0.000000,0.904812,0.002133,0.03111404,2026-03-21,2026-08-06,120,3733,1703,139,0.863309,1.227414,1.154177,1.073473,,,,,,,,GLOBAL_BASELINE_NO_ENTITY_RANKING,,,NOT_APPLICABLE_GLOBAL_BASELINE,HF9g-P5,,,,X 全窗基线 · 不参与实体赏罚,15052814,1506,A168_HF9F_20260827_0900,2026-08-27 09:00:00
2026-05-28,127529701,1304,0,25.9457215506,-12.9728607753,-12.9728607753,0E-7,2,2,0.50665070000000000,0.506650700000,-1.013391052207602,-1.013391052207602,-1.013391052207602,0E-17,ELIGIBLE,R03b_20260811_FULL_v1,L1_ELIGIBILITY,v2026-08-11,2026-03-21..2026-08-06,baccarat_bet02_101_all_pairs_incl_sentinel,round_win = game_pnl > 0 (decisive only),COMPATIBILITY_ONLY_NOT_PRODUCTION,557989.4742,504875.3716,9878.7574,24851,24505,-0.01770420,0.00338982,-0.02772422,-0.01770420,-9878.7574,557989.4742,OK,0.0000,395.1503,4.0000,96.0000,AG03-UNRESOLVED,ALL5_LEVELS_bet23_to_bet27,395.1503,395.1503,395.1503,0.0000,0.0000,4.000000,4.000000,4.000000,0.000000,0.000000,96.000000,96.000000,96.000000,100.000000,100.000000,5.0,1185.4509,1138.6651,8693.3065,8740.0923,PENDING_AG03,FALSE,NOT_FOR_ENFORCEMENT,9483.6071,484680.3568,9878.7574,9483.6071,395.1503,0.01770420,0.01699603,395.1503,9483.6071,0.01699603,395.1503,395.1503,395.1503,0.0000,0.0000,9483.6071,0.01699603,1185.4509,1138.6651,8693.3065,8740.0923,0.01557970,0.01566354,0.00070817,22.4534,20.6030,0.4031,82.3230,2.6463,4649.9123,204.2083,25.9152,21.1137,12.8578,14.5296,26.176,48.8436,54.2173,102.8621,13.088,0.0,3.731508,7.079487,1.545355,30,207,63,6,0.32204186,0.01770420,-0.00338982,0E-8,0.000000,0.904812,0.002133,0.03111404,2026-03-21,2026-08-06,120,3733,1703,139,0.863309,1.227414,1.154177,1.073473,,,,,,,,GLOBAL_BASELINE_NO_ENTITY_RANKING,,,NOT_APPLICABLE_GLOBAL_BASELINE,HF9g-P5,,,,X 全窗基线 · 不参与实体赏罚,15052815,1506,A168_HF9F_20260827_0900,2026-08-27 09:00:00
2026-05-28,127529701,1306,0,64.8643038763,-64.8643038763,-64.8643038763,0E-7,3,3,0.49771390000000000,0.497713900000,-1.724149546644903,-1.724149546644903,-1.724149546644903,0E-17,ELIGIBLE,R03b_20260811_FULL_v1,L1_ELIGIBILITY,v2026-08-11,2026-03-21..2026-08-06,baccarat_bet02_101_all_pairs_incl_sentinel,round_win = game_pnl > 0 (decisive only),COMPATIBILITY_ONLY_NOT_PRODUCTION,557989.4742,504875.3716,9878.7574,24851,24505,-0.01770420,0.00338982,-0.02772422,-0.01770420,-9878.7574,557989.4742,OK,0.0000,395.1503,4.0000,96.0000,AG03-UNRESOLVED,ALL5_LEVELS_bet23_to_bet27,395.1503,395.1503,395.1503,0.0000,0.0000,4.000000,4.000000,4.000000,0.000000,0.000000,96.000000,96.000000,96.000000,100.000000,100.000000,5.0,1185.4509,1138.6651,8693.3065,8740.0923,PENDING_AG03,FALSE,NOT_FOR_ENFORCEMENT,9483.6071,484680.3568,9878.7574,9483.6071,395.1503,0.01770420,0.01699603,395.1503,9483.6071,0.01699603,395.1503,395.1503,395.1503,0.0000,0.0000,9483.6071,0.01699603,1185.4509,1138.6651,8693.3065,8740.0923,0.01557970,0.01566354,0.00070817,22.4534,20.6030,0.4031,82.3230,2.6463,4649.9123,204.2083,25.9152,21.1137,12.8578,14.5296,26.176,48.8436,54.2173,102.8621,13.088,0.0,3.731508,7.079487,1.545355,30,207,63,6,0.32204186,0.01770420,-0.00338982,0E-8,0.000000,0.904812,0.002133,0.03111404,2026-03-21,2026-08-06,120,3733,1703,139,0.863309,1.227414,1.154177,1.073473,,,,,,,,GLOBAL_BASELINE_NO_ENTITY_RANKING,,,NOT_APPLICABLE_GLOBAL_BASELINE,HF9g-P5,,,,X 全窗基线 · 不参与实体赏罚,15052816,1506,A168_HF9F_20260827_0900,2026-08-27 09:00:00
2026-05-28,127529701,1318,0,123.2421773650,28.3846193763,28.3846193763,0.6000000,6,6,0.49994810000000000,0.499948100000,0.44744570176651083,0.44744570176651083,0.44744570176651083,0E-17,ELIGIBLE,R03b_20260811_FULL_v1,L1_ELIGIBILITY,v2026-08-11,2026-03-21..2026-08-06,baccarat_bet02_101_all_pairs_incl_sentinel,round_win = game_pnl > 0 (decisive only),COMPATIBILITY_ONLY_NOT_PRODUCTION,557989.4742,504875.3716,9878.7574,24851,24505,-0.01770420,0.00338982,-0.02772422,-0.01770420,-9878.7574,557989.4742,OK,0.0000,395.1503,4.0000,96.0000,AG03-UNRESOLVED,ALL5_LEVELS_bet23_to_bet27,395.1503,395.1503,395.1503,0.0000,0.0000,4.000000,4.000000,4.000000,0.000000,0.000000,96.000000,96.000000,96.000000,100.000000,100.000000,5.0,1185.4509,1138.6651,8693.3065,8740.0923,PENDING_AG03,FALSE,NOT_FOR_ENFORCEMENT,9483.6071,484680.3568,9878.7574,9483.6071,395.1503,0.01770420,0.01699603,395.1503,9483.6071,0.01699603,395.1503,395.1503,395.1503,0.0000,0.0000,9483.6071,0.01699603,1185.4509,1138.6651,8693.3065,8740.0923,0.01557970,0.01566354,0.00070817,22.4534,20.6030,0.4031,82.3230,2.6463,4649.9123,204.2083,25.9152,21.1137,12.8578,14.5296,26.176,48.8436,54.2173,102.8621,13.088,0.0,3.731508,7.079487,1.545355,30,207,63,6,0.32204186,0.01770420,-0.00338982,0E-8,0.000000,0.904812,0.002133,0.03111404,2026-03-21,2026-08-06,120,3733,1703,139,0.863309,1.227414,1.154177,1.073473,,,,,,,,GLOBAL_BASELINE_NO_ENTITY_RANKING,,,NOT_APPLICABLE_GLOBAL_BASELINE,HF9g-P5,,,,X 全窗基线 · 不参与实体赏罚,15052817,1506,A168_HF9F_20260827_0900,2026-08-27 09:00:00
2026-05-28,127529701,1323,0,239.9979243425,40.6828913912,40.6828913912,0.6000000,20,20,0.50128862000000000,0.501288620000,0.8829043555347754,0.8829043555347754,0.8829043555347754,0E-17,ELIGIBLE,R03b_20260811_FULL_v1,L1_ELIGIBILITY,v2026-08-11,2026-03-21..2026-08-06,baccarat_bet02_101_all_pairs_incl_sentinel,round_win = game_pnl > 0 (decisive only),COMPATIBILITY_ONLY_NOT_PRODUCTION,557989.4742,504875.3716,9878.7574,24851,24505,-0.01770420,0.00338982,-0.02772422,-0.01770420,-9878.7574,557989.4742,OK,0.0000,395.1503,4.0000,96.0000,AG03-UNRESOLVED,ALL5_LEVELS_bet23_to_bet27,395.1503,395.1503,395.1503,0.0000,0.0000,4.000000,4.000000,4.000000,0.000000,0.000000,96.000000,96.000000,96.000000,100.000000,100.000000,5.0,1185.4509,1138.6651,8693.3065,8740.0923,PENDING_AG03,FALSE,NOT_FOR_ENFORCEMENT,9483.6071,484680.3568,9878.7574,9483.6071,395.1503,0.01770420,0.01699603,395.1503,9483.6071,0.01699603,395.1503,395.1503,395.1503,0.0000,0.0000,9483.6071,0.01699603,1185.4509,1138.6651,8693.3065,8740.0923,0.01557970,0.01566354,0.00070817,22.4534,20.6030,0.4031,82.3230,2.6463,4649.9123,204.2083,25.9152,21.1137,12.8578,14.5296,26.176,48.8436,54.2173,102.8621,13.088,0.0,3.731508,7.079487,1.545355,30,207,63,6,0.32204186,0.01770420,-0.00338982,0E-8,0.000000,0.904812,0.002133,0.03111404,2026-03-21,2026-08-06,120,3733,1703,139,0.863309,1.227414,1.154177,1.073473,,,,,,,,GLOBAL_BASELINE_NO_ENTITY_RANKING,,,NOT_APPLICABLE_GLOBAL_BASELINE,HF9g-P5,,,,X 全窗基线 · 不参与实体赏罚,15052818,1506,A168_HF9F_20260827_0900,2026-08-27 09:00:00
2026-05-28,127529701,1490,0,81.7290228841,-27.8267863630,-27.8267863630,0.4000000,5,5,0.50128862000000000,0.501288620000,-0.4529779837142727,-0.4529779837142727,-0.4529779837142727,0E-17,ELIGIBLE,R03b_20260811_FULL_v1,L1_ELIGIBILITY,v2026-08-11,2026-03-21..2026-08-06,baccarat_bet02_101_all_pairs_incl_sentinel,round_win = game_pnl > 0 (decisive only),COMPATIBILITY_ONLY_NOT_PRODUCTION,557989.4742,504875.3716,9878.7574,24851,24505,-0.01770420,0.00338982,-0.02772422,-0.01770420,-9878.7574,557989.4742,OK,0.0000,395.1503,4.0000,96.0000,AG03-UNRESOLVED,ALL5_LEVELS_bet23_to_bet27,395.1503,395.1503,395.1503,0.0000,0.0000,4.000000,4.000000,4.000000,0.000000,0.000000,96.000000,96.000000,96.000000,100.000000,100.000000,5.0,1185.4509,1138.6651,8693.3065,8740.0923,PENDING_AG03,FALSE,NOT_FOR_ENFORCEMENT,9483.6071,484680.3568,9878.7574,9483.6071,395.1503,0.01770420,0.01699603,395.1503,9483.6071,0.01699603,395.1503,395.1503,395.1503,0.0000,0.0000,9483.6071,0.01699603,1185.4509,1138.6651,8693.3065,8740.0923,0.01557970,0.01566354,0.00070817,22.4534,20.6030,0.4031,82.3230,2.6463,4649.9123,204.2083,25.9152,21.1137,12.8578,14.5296,26.176,48.8436,54.2173,102.8621,13.088,0.0,3.731508,7.079487,1.545355,30,207,63,6,0.32204186,0.01770420,-0.00338982,0E-8,0.000000,0.904812,0.002133,0.03111404,2026-03-21,2026-08-06,120,3733,1703,139,0.863309,1.227414,1.154177,1.073473,,,,,,,,GLOBAL_BASELINE_NO_ENTITY_RANKING,,,NOT_APPLICABLE_GLOBAL_BASELINE,HF9g-P5,,,,X 全窗基线 · 不参与实体赏罚,15052819,1506,A168_HF9F_20260827_0900,2026-08-27 09:00:00
2026-05-28,127529701,1645,0,262.5707020916,42.9401691662,42.9401691662,0.6470588,17,17,0.49718820588235294,0.497188205882,1.235884315888218,1.2358843158911332,1.235884315888218,3.5294E-13,ELIGIBLE,R03b_20260811_FULL_v1,L1_ELIGIBILITY,v2026-08-11,2026-03-21..2026-08-06,baccarat_bet02_101_all_pairs_incl_sentinel,round_win = game_pnl > 0 (decisive only),COMPATIBILITY_ONLY_NOT_PRODUCTION,557989.4742,504875.3716,9878.7574,24851,24505,-0.01770420,0.00338982,-0.02772422,-0.01770420,-9878.7574,557989.4742,OK,0.0000,395.1503,4.0000,96.0000,AG03-UNRESOLVED,ALL5_LEVELS_bet23_to_bet27,395.1503,395.1503,395.1503,0.0000,0.0000,4.000000,4.000000,4.000000,0.000000,0.000000,96.000000,96.000000,96.000000,100.000000,100.000000,5.0,1185.4509,1138.6651,8693.3065,8740.0923,PENDING_AG03,FALSE,NOT_FOR_ENFORCEMENT,9483.6071,484680.3568,9878.7574,9483.6071,395.1503,0.01770420,0.01699603,395.1503,9483.6071,0.01699603,395.1503,395.1503,395.1503,0.0000,0.0000,9483.6071,0.01699603,1185.4509,1138.6651,8693.3065,8740.0923,0.01557970,0.01566354,0.00070817,22.4534,20.6030,0.4031,82.3230,2.6463,4649.9123,204.2083,25.9152,21.1137,12.8578,14.5296,26.176,48.8436,54.2173,102.8621,13.088,0.0,3.731508,7.079487,1.545355,30,207,63,6,0.32204186,0.01770420,-0.00338982,0E-8,0.000000,0.904812,0.002133,0.03111404,2026-03-21,2026-08-06,120,3733,1703,139,0.863309,1.227414,1.154177,1.073473,,,,,,,,GLOBAL_BASELINE_NO_ENTITY_RANKING,,,NOT_APPLICABLE_GLOBAL_BASELINE,HF9g-P5,,,,X 全窗基线 · 不参与实体赏罚,15052820,1506,A168_HF9F_20260827_0900,2026-08-27 09:00:00
2026-05-28,127529701,1750,0,255.5653572726,-132.1934512998,-132.1934512998,0.3076923,13,13,0.50252602307692308,0.502526023077,-1.404983831952018,-1.4049838319525738,-1.404983831952018,-7.692E-14,ELIGIBLE,R03b_20260811_FULL_v1,L1_ELIGIBILITY,v2026-08-11,2026-03-21..2026-08-06,baccarat_bet02_101_all_pairs_incl_sentinel,round_win = game_pnl > 0 (decisive only),COMPATIBILITY_ONLY_NOT_PRODUCTION,557989.4742,504875.3716,9878.7574,24851,24505,-0.01770420,0.00338982,-0.02772422,-0.01770420,-9878.7574,557989.4742,OK,0.0000,395.1503,4.0000,96.0000,AG03-UNRESOLVED,ALL5_LEVELS_bet23_to_bet27,395.1503,395.1503,395.1503,0.0000,0.0000,4.000000,4.000000,4.000000,0.000000,0.000000,96.000000,96.000000,96.000000,100.000000,100.000000,5.0,1185.4509,1138.6651,8693.3065,8740.0923,PENDING_AG03,FALSE,NOT_FOR_ENFORCEMENT,9483.6071,484680.3568,9878.7574,9483.6071,395.1503,0.01770420,0.01699603,395.1503,9483.6071,0.01699603,395.1503,395.1503,395.1503,0.0000,0.0000,9483.6071,0.01699603,1185.4509,1138.6651,8693.3065,8740.0923,0.01557970,0.01566354,0.00070817,22.4534,20.6030,0.4031,82.3230,2.6463,4649.9123,204.2083,25.9152,21.1137,12.8578,14.5296,26.176,48.8436,54.2173,102.8621,13.088,0.0,3.731508,7.079487,1.545355,30,207,63,6,0.32204186,0.01770420,-0.00338982,0E-8,0.000000,0.904812,0.002133,0.03111404,2026-03-21,2026-08-06,120,3733,1703,139,0.863309,1.227414,1.154177,1.073473,,,,,,,,GLOBAL_BASELINE_NO_ENTITY_RANKING,,,NOT_APPLICABLE_GLOBAL_BASELINE,HF9g-P5,,,,X 全窗基线 · 不参与实体赏罚,15052821,1506,A168_HF9F_20260827_0900,2026-08-27 09:00:00
2026-05-28,127529701,1940,0,67.4588760314,-67.4588760314,-67.4588760314,0E-7,4,4,0.50665070000000000,0.506650700000,-2.026782104415204,-2.026782104415204,-2.026782104415204,0E-17,ELIGIBLE,R03b_20260811_FULL_v1,L1_ELIGIBILITY,v2026-08-11,2026-03-21..2026-08-06,baccarat_bet02_101_all_pairs_incl_sentinel,round_win = game_pnl > 0 (decisive only),COMPATIBILITY_ONLY_NOT_PRODUCTION,557989.4742,504875.3716,9878.7574,24851,24505,-0.01770420,0.00338982,-0.02772422,-0.01770420,-9878.7574,557989.4742,OK,0.0000,395.1503,4.0000,96.0000,AG03-UNRESOLVED,ALL5_LEVELS_bet23_to_bet27,395.1503,395.1503,395.1503,0.0000,0.0000,4.000000,4.000000,4.000000,0.000000,0.000000,96.000000,96.000000,96.000000,100.000000,100.000000,5.0,1185.4509,1138.6651,8693.3065,8740.0923,PENDING_AG03,FALSE,NOT_FOR_ENFORCEMENT,9483.6071,484680.3568,9878.7574,9483.6071,395.1503,0.01770420,0.01699603,395.1503,9483.6071,0.01699603,395.1503,395.1503,395.1503,0.0000,0.0000,9483.6071,0.01699603,1185.4509,1138.6651,8693.3065,8740.0923,0.01557970,0.01566354,0.00070817,22.4534,20.6030,0.4031,82.3230,2.6463,4649.9123,204.2083,25.9152,21.1137,12.8578,14.5296,26.176,48.8436,54.2173,102.8621,13.088,0.0,3.731508,7.079487,1.545355,30,207,63,6,0.32204186,0.01770420,-0.00338982,0E-8,0.000000,0.904812,0.002133,0.03111404,2026-03-21,2026-08-06,120,3733,1703,139,0.863309,1.227414,1.154177,1.073473,,,,,,,,GLOBAL_BASELINE_NO_ENTITY_RANKING,,,NOT_APPLICABLE_GLOBAL_BASELINE,HF9g-P5,,,,X 全窗基线 · 不参与实体赏罚,15052822,1506,A168_HF9F_20260827_0900,2026-08-27 09:00:00
2026-05-28,127529701,1951,0,211.4576306369,44.7563696746,44.7563696746,0.5833333,12,12,0.50106520000000000,0.501065200000,0.5699716405480333,0.5699716405480334,0.5699716405480333,0E-17,ELIGIBLE,R03b_20260811_FULL_v1,L1_ELIGIBILITY,v2026-08-11,2026-03-21..2026-08-06,baccarat_bet02_101_all_pairs_incl_sentinel,round_win = game_pnl > 0 (decisive only),COMPATIBILITY_ONLY_NOT_PRODUCTION,557989.4742,504875.3716,9878.7574,24851,24505,-0.01770420,0.00338982,-0.02772422,-0.01770420,-9878.7574,557989.4742,OK,0.0000,395.1503,4.0000,96.0000,AG03-UNRESOLVED,ALL5_LEVELS_bet23_to_bet27,395.1503,395.1503,395.1503,0.0000,0.0000,4.000000,4.000000,4.000000,0.000000,0.000000,96.000000,96.000000,96.000000,100.000000,100.000000,5.0,1185.4509,1138.6651,8693.3065,8740.0923,PENDING_AG03,FALSE,NOT_FOR_ENFORCEMENT,9483.6071,484680.3568,9878.7574,9483.6071,395.1503,0.01770420,0.01699603,395.1503,9483.6071,0.01699603,395.1503,395.1503,395.1503,0.0000,0.0000,9483.6071,0.01699603,1185.4509,1138.6651,8693.3065,8740.0923,0.01557970,0.01566354,0.00070817,22.4534,20.6030,0.4031,82.3230,2.6463,4649.9123,204.2083,25.9152,21.1137,12.8578,14.5296,26.176,48.8436,54.2173,102.8621,13.088,0.0,3.731508,7.079487,1.545355,30,207,63,6,0.32204186,0.01770420,-0.00338982,0E-8,0.000000,0.904812,0.002133,0.03111404,2026-03-21,2026-08-06,120,3733,1703,139,0.863309,1.227414,1.154177,1.073473,,,,,,,,GLOBAL_BASELINE_NO_ENTITY_RANKING,,,NOT_APPLICABLE_GLOBAL_BASELINE,HF9g-P5,,,,X 全窗基线 · 不参与实体赏罚,15052823,1506,A168_HF9F_20260827_0900,2026-08-27 09:00:00
2026-05-28,127529701,1985,0,140.1068963729,-39.8266825800,-39.8266825800,0.3333333,11,11,0.50177608181818182,0.501776081818,-1.0106628671337714,-1.010662867132679,-1.0106628671337714,1.8182E-13,ELIGIBLE,R03b_20260811_FULL_v1,L1_ELIGIBILITY,v2026-08-11,2026-03-21..2026-08-06,baccarat_bet02_101_all_pairs_incl_sentinel,round_win = game_pnl > 0 (decisive only),COMPATIBILITY_ONLY_NOT_PRODUCTION,557989.4742,504875.3716,9878.7574,24851,24505,-0.01770420,0.00338982,-0.02772422,-0.01770420,-9878.7574,557989.4742,OK,0.0000,395.1503,4.0000,96.0000,AG03-UNRESOLVED,ALL5_LEVELS_bet23_to_bet27,395.1503,395.1503,395.1503,0.0000,0.0000,4.000000,4.000000,4.000000,0.000000,0.000000,96.000000,96.000000,96.000000,100.000000,100.000000,5.0,1185.4509,1138.6651,8693.3065,8740.0923,PENDING_AG03,FALSE,NOT_FOR_ENFORCEMENT,9483.6071,484680.3568,9878.7574,9483.6071,395.1503,0.01770420,0.01699603,395.1503,9483.6071,0.01699603,395.1503,395.1503,395.1503,0.0000,0.0000,9483.6071,0.01699603,1185.4509,1138.6651,8693.3065,8740.0923,0.01557970,0.01566354,0.00070817,22.4534,20.6030,0.4031,82.3230,2.6463,4649.9123,204.2083,25.9152,21.1137,12.8578,14.5296,26.176,48.8436,54.2173,102.8621,13.088,0.0,3.731508,7.079487,1.545355,30,207,63,6,0.32204186,0.01770420,-0.00338982,0E-8,0.000000,0.904812,0.002133,0.03111404,2026-03-21,2026-08-06,120,3733,1703,139,0.863309,1.227414,1.154177,1.073473,,,,,,,,GLOBAL_BASELINE_NO_ENTITY_RANKING,,,NOT_APPLICABLE_GLOBAL_BASELINE,HF9g-P5,,,,X 全窗基线 · 不参与实体赏罚,15052824,1506,A168_HF9F_20260827_0900,2026-08-27 09:00:00
2026-05-28,127529701,1990,0,225.4683202742,47.8049919568,47.8049919568,0.6363636,14,14,0.50090561428571429,0.500905614286,0.8985283419865986,0.8985283419847043,0.8985283419865986,-2.8571E-13,ELIGIBLE,R03b_20260811_FULL_v1,L1_ELIGIBILITY,v2026-08-11,2026-03-21..2026-08-06,baccarat_bet02_101_all_pairs_incl_sentinel,round_win = game_pnl > 0 (decisive only),COMPATIBILITY_ONLY_NOT_PRODUCTION,557989.4742,504875.3716,9878.7574,24851,24505,-0.01770420,0.00338982,-0.02772422,-0.01770420,-9878.7574,557989.4742,OK,0.0000,395.1503,4.0000,96.0000,AG03-UNRESOLVED,ALL5_LEVELS_bet23_to_bet27,395.1503,395.1503,395.1503,0.0000,0.0000,4.000000,4.000000,4.000000,0.000000,0.000000,96.000000,96.000000,96.000000,100.000000,100.000000,5.0,1185.4509,1138.6651,8693.3065,8740.0923,PENDING_AG03,FALSE,NOT_FOR_ENFORCEMENT,9483.6071,484680.3568,9878.7574,9483.6071,395.1503,0.01770420,0.01699603,395.1503,9483.6071,0.01699603,395.1503,395.1503,395.1503,0.0000,0.0000,9483.6071,0.01699603,1185.4509,1138.6651,8693.3065,8740.0923,0.01557970,0.01566354,0.00070817,22.4534,20.6030,0.4031,82.3230,2.6463,4649.9123,204.2083,25.9152,21.1137,12.8578,14.5296,26.176,48.8436,54.2173,102.8621,13.088,0.0,3.731508,7.079487,1.545355,30,207,63,6,0.32204186,0.01770420,-0.00338982,0E-8,0.000000,0.904812,0.002133,0.03111404,2026-03-21,2026-08-06,120,3733,1703,139,0.863309,1.227414,1.154177,1.073473,,,,,,,,GLOBAL_BASELINE_NO_ENTITY_RANKING,,,NOT_APPLICABLE_GLOBAL_BASELINE,HF9g-P5,,,,X 全窗基线 · 不参与实体赏罚,15052825,1506,A168_HF9F_20260827_0900,2026-08-27 09:00:00
2026-05-28,127529701,2093,0,289.8137097195,25.1673499041,25.1673499041,0.5882353,19,19,0.49959533157894737,0.499595331579,0.7309440957894809,0.730944095789047,0.7309440957894809,-5.263E-14,ELIGIBLE,R03b_20260811_FULL_v1,L1_ELIGIBILITY,v2026-08-11,2026-03-21..2026-08-06,baccarat_bet02_101_all_pairs_incl_sentinel,round_win = game_pnl > 0 (decisive only),COMPATIBILITY_ONLY_NOT_PRODUCTION,557989.4742,504875.3716,9878.7574,24851,24505,-0.01770420,0.00338982,-0.02772422,-0.01770420,-9878.7574,557989.4742,OK,0.0000,395.1503,4.0000,96.0000,AG03-UNRESOLVED,ALL5_LEVELS_bet23_to_bet27,395.1503,395.1503,395.1503,0.0000,0.0000,4.000000,4.000000,4.000000,0.000000,0.000000,96.000000,96.000000,96.000000,100.000000,100.000000,5.0,1185.4509,1138.6651,8693.3065,8740.0923,PENDING_AG03,FALSE,NOT_FOR_ENFORCEMENT,9483.6071,484680.3568,9878.7574,9483.6071,395.1503,0.01770420,0.01699603,395.1503,9483.6071,0.01699603,395.1503,395.1503,395.1503,0.0000,0.0000,9483.6071,0.01699603,1185.4509,1138.6651,8693.3065,8740.0923,0.01557970,0.01566354,0.00070817,22.4534,20.6030,0.4031,82.3230,2.6463,4649.9123,204.2083,25.9152,21.1137,12.8578,14.5296,26.176,48.8436,54.2173,102.8621,13.088,0.0,3.731508,7.079487,1.545355,30,207,63,6,0.32204186,0.01770420,-0.00338982,0E-8,0.000000,0.904812,0.002133,0.03111404,2026-03-21,2026-08-06,120,3733,1703,139,0.863309,1.227414,1.154177,1.073473,,,,,,,,GLOBAL_BASELINE_NO_ENTITY_RANKING,,,NOT_APPLICABLE_GLOBAL_BASELINE,HF9g-P5,,,,X 全窗基线 · 不参与实体赏罚,15052826,1506,A168_HF9F_20260827_0900,2026-08-27 09:00:00
2026-05-28,127529701,2121,0,171.7606766646,82.2219915936,82.2219915936,0.7272727,11,11,0.50177608181818182,0.501776081818,1.4957849657503288,1.4957849657515327,1.4957849657503288,1.8182E-13,ELIGIBLE,R03b_20260811_FULL_v1,L1_ELIGIBILITY,v2026-08-11,2026-03-21..2026-08-06,baccarat_bet02_101_all_pairs_incl_sentinel,round_win = game_pnl > 0 (decisive only),COMPATIBILITY_ONLY_NOT_PRODUCTION,557989.4742,504875.3716,9878.7574,24851,24505,-0.01770420,0.00338982,-0.02772422,-0.01770420,-9878.7574,557989.4742,OK,0.0000,395.1503,4.0000,96.0000,AG03-UNRESOLVED,ALL5_LEVELS_bet23_to_bet27,395.1503,395.1503,395.1503,0.0000,0.0000,4.000000,4.000000,4.000000,0.000000,0.000000,96.000000,96.000000,96.000000,100.000000,100.000000,5.0,1185.4509,1138.6651,8693.3065,8740.0923,PENDING_AG03,FALSE,NOT_FOR_ENFORCEMENT,9483.6071,484680.3568,9878.7574,9483.6071,395.1503,0.01770420,0.01699603,395.1503,9483.6071,0.01699603,395.1503,395.1503,395.1503,0.0000,0.0000,9483.6071,0.01699603,1185.4509,1138.6651,8693.3065,8740.0923,0.01557970,0.01566354,0.00070817,22.4534,20.6030,0.4031,82.3230,2.6463,4649.9123,204.2083,25.9152,21.1137,12.8578,14.5296,26.176,48.8436,54.2173,102.8621,13.088,0.0,3.731508,7.079487,1.545355,30,207,63,6,0.32204186,0.01770420,-0.00338982,0E-8,0.000000,0.904812,0.002133,0.03111404,2026-03-21,2026-08-06,120,3733,1703,139,0.863309,1.227414,1.154177,1.073473,,,,,,,,GLOBAL_BASELINE_NO_ENTITY_RANKING,,,NOT_APPLICABLE_GLOBAL_BASELINE,HF9g-P5,,,,X 全窗基线 · 不参与实体赏罚,15052827,1506,A168_HF9F_20260827_0900,2026-08-27 09:00:00
2026-05-28,127529701,2123,0,172.5390483109,13.0117793577,13.0117793577,0.6250000,11,11,0.50177608181818182,0.501776081818,0.6970641429509408,0.6970641429519685,0.6970641429509408,1.8182E-13,ELIGIBLE,R03b_20260811_FULL_v1,L1_ELIGIBILITY,v2026-08-11,2026-03-21..2026-08-06,baccarat_bet02_101_all_pairs_incl_sentinel,round_win = game_pnl > 0 (decisive only),COMPATIBILITY_ONLY_NOT_PRODUCTION,557989.4742,504875.3716,9878.7574,24851,24505,-0.01770420,0.00338982,-0.02772422,-0.01770420,-9878.7574,557989.4742,OK,0.0000,395.1503,4.0000,96.0000,AG03-UNRESOLVED,ALL5_LEVELS_bet23_to_bet27,395.1503,395.1503,395.1503,0.0000,0.0000,4.000000,4.000000,4.000000,0.000000,0.000000,96.000000,96.000000,96.000000,100.000000,100.000000,5.0,1185.4509,1138.6651,8693.3065,8740.0923,PENDING_AG03,FALSE,NOT_FOR_ENFORCEMENT,9483.6071,484680.3568,9878.7574,9483.6071,395.1503,0.01770420,0.01699603,395.1503,9483.6071,0.01699603,395.1503,395.1503,395.1503,0.0000,0.0000,9483.6071,0.01699603,1185.4509,1138.6651,8693.3065,8740.0923,0.01557970,0.01566354,0.00070817,22.4534,20.6030,0.4031,82.3230,2.6463,4649.9123,204.2083,25.9152,21.1137,12.8578,14.5296,26.176,48.8436,54.2173,102.8621,13.088,0.0,3.731508,7.079487,1.545355,30,207,63,6,0.32204186,0.01770420,-0.00338982,0E-8,0.000000,0.904812,0.002133,0.03111404,2026-03-21,2026-08-06,120,3733,1703,139,0.863309,1.227414,1.154177,1.073473,,,,,,,,GLOBAL_BASELINE_NO_ENTITY_RANKING,,,NOT_APPLICABLE_GLOBAL_BASELINE,HF9g-P5,,,,X 全窗基线 · 不参与实体赏罚,15052828,1506,A168_HF9F_20260827_0900,2026-08-27 09:00:00
2026-05-28,127529701,2127,0,153.3392143638,-26.2051787661,-26.2051787661,0.3333333,9,9,0.50218230000000000,0.502182300000,-1.0131034497211469,-1.0131034497211469,-1.0131034497211469,0E-17,ELIGIBLE,R03b_20260811_FULL_v1,L1_ELIGIBILITY,v2026-08-11,2026-03-21..2026-08-06,baccarat_bet02_101_all_pairs_incl_sentinel,round_win = game_pnl > 0 (decisive only),COMPATIBILITY_ONLY_NOT_PRODUCTION,557989.4742,504875.3716,9878.7574,24851,24505,-0.01770420,0.00338982,-0.02772422,-0.01770420,-9878.7574,557989.4742,OK,0.0000,395.1503,4.0000,96.0000,AG03-UNRESOLVED,ALL5_LEVELS_bet23_to_bet27,395.1503,395.1503,395.1503,0.0000,0.0000,4.000000,4.000000,4.000000,0.000000,0.000000,96.000000,96.000000,96.000000,100.000000,100.000000,5.0,1185.4509,1138.6651,8693.3065,8740.0923,PENDING_AG03,FALSE,NOT_FOR_ENFORCEMENT,9483.6071,484680.3568,9878.7574,9483.6071,395.1503,0.01770420,0.01699603,395.1503,9483.6071,0.01699603,395.1503,395.1503,395.1503,0.0000,0.0000,9483.6071,0.01699603,1185.4509,1138.6651,8693.3065,8740.0923,0.01557970,0.01566354,0.00070817,22.4534,20.6030,0.4031,82.3230,2.6463,4649.9123,204.2083,25.9152,21.1137,12.8578,14.5296,26.176,48.8436,54.2173,102.8621,13.088,0.0,3.731508,7.079487,1.545355,30,207,63,6,0.32204186,0.01770420,-0.00338982,0E-8,0.000000,0.904812,0.002133,0.03111404,2026-03-21,2026-08-06,120,3733,1703,139,0.863309,1.227414,1.154177,1.073473,,,,,,,,GLOBAL_BASELINE_NO_ENTITY_RANKING,,,NOT_APPLICABLE_GLOBAL_BASELINE,HF9g-P5,,,,X 全窗基线 · 不参与实体赏罚,15052829,1506,A168_HF9F_20260827_0900,2026-08-27 09:00:00
2026-05-28,127529701,2142,0,103.2639717711,21.1846816460,21.1846816460,0.7142857,7,7,0.50090561428571429,0.500905614286,1.129103210700875,1.1291032106993646,1.129103210700875,-2.8571E-13,ELIGIBLE,R03b_20260811_FULL_v1,L1_ELIGIBILITY,v2026-08-11,2026-03-21..2026-08-06,baccarat_bet02_101_all_pairs_incl_sentinel,round_win = game_pnl > 0 (decisive only),COMPATIBILITY_ONLY_NOT_PRODUCTION,557989.4742,504875.3716,9878.7574,24851,24505,-0.01770420,0.00338982,-0.02772422,-0.01770420,-9878.7574,557989.4742,OK,0.0000,395.1503,4.0000,96.0000,AG03-UNRESOLVED,ALL5_LEVELS_bet23_to_bet27,395.1503,395.1503,395.1503,0.0000,0.0000,4.000000,4.000000,4.000000,0.000000,0.000000,96.000000,96.000000,96.000000,100.000000,100.000000,5.0,1185.4509,1138.6651,8693.3065,8740.0923,PENDING_AG03,FALSE,NOT_FOR_ENFORCEMENT,9483.6071,484680.3568,9878.7574,9483.6071,395.1503,0.01770420,0.01699603,395.1503,9483.6071,0.01699603,395.1503,395.1503,395.1503,0.0000,0.0000,9483.6071,0.01699603,1185.4509,1138.6651,8693.3065,8740.0923,0.01557970,0.01566354,0.00070817,22.4534,20.6030,0.4031,82.3230,2.6463,4649.9123,204.2083,25.9152,21.1137,12.8578,14.5296,26.176,48.8436,54.2173,102.8621,13.088,0.0,3.731508,7.079487,1.545355,30,207,63,6,0.32204186,0.01770420,-0.00338982,0E-8,0.000000,0.904812,0.002133,0.03111404,2026-03-21,2026-08-06,120,3733,1703,139,0.863309,1.227414,1.154177,1.073473,,,,,,,,GLOBAL_BASELINE_NO_ENTITY_RANKING,,,NOT_APPLICABLE_GLOBAL_BASELINE,HF9g-P5,,,,X 全窗基线 · 不参与实体赏罚,15052830,1506,A168_HF9F_20260827_0900,2026-08-27 09:00:00
2026-05-28,127529701,2147,0,401.3803123870,88.3451818793,88.3451818793,0.5833333,25,25,0.49967999600000000,0.499679996000,0.8196321348551994,0.8196321348551994,0.8196321348551994,0E-17,ELIGIBLE,R03b_20260811_FULL_v1,L1_ELIGIBILITY,v2026-08-11,2026-03-21..2026-08-06,baccarat_bet02_101_all_pairs_incl_sentinel,round_win = game_pnl > 0 (decisive only),COMPATIBILITY_ONLY_NOT_PRODUCTION,557989.4742,504875.3716,9878.7574,24851,24505,-0.01770420,0.00338982,-0.02772422,-0.01770420,-9878.7574,557989.4742,OK,0.0000,395.1503,4.0000,96.0000,AG03-UNRESOLVED,ALL5_LEVELS_bet23_to_bet27,395.1503,395.1503,395.1503,0.0000,0.0000,4.000000,4.000000,4.000000,0.000000,0.000000,96.000000,96.000000,96.000000,100.000000,100.000000,5.0,1185.4509,1138.6651,8693.3065,8740.0923,PENDING_AG03,FALSE,NOT_FOR_ENFORCEMENT,9483.6071,484680.3568,9878.7574,9483.6071,395.1503,0.01770420,0.01699603,395.1503,9483.6071,0.01699603,395.1503,395.1503,395.1503,0.0000,0.0000,9483.6071,0.01699603,1185.4509,1138.6651,8693.3065,8740.0923,0.01557970,0.01566354,0.00070817,22.4534,20.6030,0.4031,82.3230,2.6463,4649.9123,204.2083,25.9152,21.1137,12.8578,14.5296,26.176,48.8436,54.2173,102.8621,13.088,0.0,3.731508,7.079487,1.545355,30,207,63,6,0.32204186,0.01770420,-0.00338982,0E-8,0.000000,0.904812,0.002133,0.03111404,2026-03-21,2026-08-06,120,3733,1703,139,0.863309,1.227414,1.154177,1.073473,,,,,,,,GLOBAL_BASELINE_NO_ENTITY_RANKING,,,NOT_APPLICABLE_GLOBAL_BASELINE,HF9g-P5,,,,X 全窗基线 · 不参与实体赏罚,15052831,1506,A168_HF9F_20260827_0900,2026-08-27 09:00:00
2026-05-28,127529701,2153,0,25.9457215505,4.6702298791,4.6702298791,0.6666667,3,3,0.50218230000000000,0.502182300000,0.5697959874915163,0.5697959874915164,0.5697959874915163,0E-17,ELIGIBLE,R03b_20260811_FULL_v1,L1_ELIGIBILITY,v2026-08-11,2026-03-21..2026-08-06,baccarat_bet02_101_all_pairs_incl_sentinel,round_win = game_pnl > 0 (decisive only),COMPATIBILITY_ONLY_NOT_PRODUCTION,557989.4742,504875.3716,9878.7574,24851,24505,-0.01770420,0.00338982,-0.02772422,-0.01770420,-9878.7574,557989.4742,OK,0.0000,395.1503,4.0000,96.0000,AG03-UNRESOLVED,ALL5_LEVELS_bet23_to_bet27,395.1503,395.1503,395.1503,0.0000,0.0000,4.000000,4.000000,4.000000,0.000000,0.000000,96.000000,96.000000,96.000000,100.000000,100.000000,5.0,1185.4509,1138.6651,8693.3065,8740.0923,PENDING_AG03,FALSE,NOT_FOR_ENFORCEMENT,9483.6071,484680.3568,9878.7574,9483.6071,395.1503,0.01770420,0.01699603,395.1503,9483.6071,0.01699603,395.1503,395.1503,395.1503,0.0000,0.0000,9483.6071,0.01699603,1185.4509,1138.6651,8693.3065,8740.0923,0.01557970,0.01566354,0.00070817,22.4534,20.6030,0.4031,82.3230,2.6463,4649.9123,204.2083,25.9152,21.1137,12.8578,14.5296,26.176,48.8436,54.2173,102.8621,13.088,0.0,3.731508,7.079487,1.545355,30,207,63,6,0.32204186,0.01770420,-0.00338982,0E-8,0.000000,0.904812,0.002133,0.03111404,2026-03-21,2026-08-06,120,3733,1703,139,0.863309,1.227414,1.154177,1.073473,,,,,,,,GLOBAL_BASELINE_NO_ENTITY_RANKING,,,NOT_APPLICABLE_GLOBAL_BASELINE,HF9g-P5,,,,X 全窗基线 · 不参与实体赏罚,15052832,1506,A168_HF9F_20260827_0900,2026-08-27 09:00:00
2026-05-28,127529701,2212,0,63.5670177988,0.5189144311,0.5189144311,0.7500000,4,4,0.49659680000000000,0.496596800000,1.0136362796769356,1.0136362796769358,1.0136362796769356,0E-17,ELIGIBLE,R03b_20260811_FULL_v1,L1_ELIGIBILITY,v2026-08-11,2026-03-21..2026-08-06,baccarat_bet02_101_all_pairs_incl_sentinel,round_win = game_pnl > 0 (decisive only),COMPATIBILITY_ONLY_NOT_PRODUCTION,557989.4742,504875.3716,9878.7574,24851,24505,-0.01770420,0.00338982,-0.02772422,-0.01770420,-9878.7574,557989.4742,OK,0.0000,395.1503,4.0000,96.0000,AG03-UNRESOLVED,ALL5_LEVELS_bet23_to_bet27,395.1503,395.1503,395.1503,0.0000,0.0000,4.000000,4.000000,4.000000,0.000000,0.000000,96.000000,96.000000,96.000000,100.000000,100.000000,5.0,1185.4509,1138.6651,8693.3065,8740.0923,PENDING_AG03,FALSE,NOT_FOR_ENFORCEMENT,9483.6071,484680.3568,9878.7574,9483.6071,395.1503,0.01770420,0.01699603,395.1503,9483.6071,0.01699603,395.1503,395.1503,395.1503,0.0000,0.0000,9483.6071,0.01699603,1185.4509,1138.6651,8693.3065,8740.0923,0.01557970,0.01566354,0.00070817,22.4534,20.6030,0.4031,82.3230,2.6463,4649.9123,204.2083,25.9152,21.1137,12.8578,14.5296,26.176,48.8436,54.2173,102.8621,13.088,0.0,3.731508,7.079487,1.545355,30,207,63,6,0.32204186,0.01770420,-0.00338982,0E-8,0.000000,0.904812,0.002133,0.03111404,2026-03-21,2026-08-06,120,3733,1703,139,0.863309,1.227414,1.154177,1.073473,,,,,,,,GLOBAL_BASELINE_NO_ENTITY_RANKING,,,NOT_APPLICABLE_GLOBAL_BASELINE,HF9g-P5,,,,X 全窗基线 · 不参与实体赏罚,15052833,1506,A168_HF9F_20260827_0900,2026-08-27 09:00:00
2026-05-28,127529701,2234,0,84.8425094702,-84.8425094702,-84.8425094702,0E-7,3,3,0.50218230000000000,0.502182300000,-1.7396270863184011,-1.7396270863184016,-1.7396270863184011,0E-17,ELIGIBLE,R03b_20260811_FULL_v1,L1_ELIGIBILITY,v2026-08-11,2026-03-21..2026-08-06,baccarat_bet02_101_all_pairs_incl_sentinel,round_win = game_pnl > 0 (decisive only),COMPATIBILITY_ONLY_NOT_PRODUCTION,557989.4742,504875.3716,9878.7574,24851,24505,-0.01770420,0.00338982,-0.02772422,-0.01770420,-9878.7574,557989.4742,OK,0.0000,395.1503,4.0000,96.0000,AG03-UNRESOLVED,ALL5_LEVELS_bet23_to_bet27,395.1503,395.1503,395.1503,0.0000,0.0000,4.000000,4.000000,4.000000,0.000000,0.000000,96.000000,96.000000,96.000000,100.000000,100.000000,5.0,1185.4509,1138.6651,8693.3065,8740.0923,PENDING_AG03,FALSE,NOT_FOR_ENFORCEMENT,9483.6071,484680.3568,9878.7574,9483.6071,395.1503,0.01770420,0.01699603,395.1503,9483.6071,0.01699603,395.1503,395.1503,395.1503,0.0000,0.0000,9483.6071,0.01699603,1185.4509,1138.6651,8693.3065,8740.0923,0.01557970,0.01566354,0.00070817,22.4534,20.6030,0.4031,82.3230,2.6463,4649.9123,204.2083,25.9152,21.1137,12.8578,14.5296,26.176,48.8436,54.2173,102.8621,13.088,0.0,3.731508,7.079487,1.545355,30,207,63,6,0.32204186,0.01770420,-0.00338982,0E-8,0.000000,0.904812,0.002133,0.03111404,2026-03-21,2026-08-06,120,3733,1703,139,0.863309,1.227414,1.154177,1.073473,,,,,,,,GLOBAL_BASELINE_NO_ENTITY_RANKING,,,NOT_APPLICABLE_GLOBAL_BASELINE,HF9g-P5,,,,X 全窗基线 · 不参与实体赏罚,15052834,1506,A168_HF9F_20260827_0900,2026-08-27 09:00:00
2026-05-28,127529701,529,0,339.3700378809,60.3497483264,60.3497483264,0.6363636,25,25,0.49914378800000000,0.499143788000,1.2872381659981424,1.287238165998142,1.2872381659981424,0E-17,ELIGIBLE,R03b_20260811_FULL_v1,L1_ELIGIBILITY,v2026-08-11,2026-03-21..2026-08-06,baccarat_bet02_101_all_pairs_incl_sentinel,round_win = game_pnl > 0 (decisive only),COMPATIBILITY_ONLY_NOT_PRODUCTION,557989.4742,504875.3716,9878.7574,24851,24505,-0.01770420,0.00338982,-0.02772422,-0.01770420,-9878.7574,557989.4742,OK,0.0000,395.1503,4.0000,96.0000,AG03-UNRESOLVED,ALL5_LEVELS_bet23_to_bet27,395.1503,395.1503,395.1503,0.0000,0.0000,4.000000,4.000000,4.000000,0.000000,0.000000,96.000000,96.000000,96.000000,100.000000,100.000000,5.0,1185.4509,1138.6651,8693.3065,8740.0923,PENDING_AG03,FALSE,NOT_FOR_ENFORCEMENT,9483.6071,484680.3568,9878.7574,9483.6071,395.1503,0.01770420,0.01699603,395.1503,9483.6071,0.01699603,395.1503,395.1503,395.1503,0.0000,0.0000,9483.6071,0.01699603,1185.4509,1138.6651,8693.3065,8740.0923,0.01557970,0.01566354,0.00070817,22.4534,20.6030,0.4031,82.3230,2.6463,4649.9123,204.2083,25.9152,21.1137,12.8578,14.5296,26.176,48.8436,54.2173,102.8621,13.088,0.0,3.731508,7.079487,1.545355,30,207,63,6,0.32204186,0.01770420,-0.00338982,0E-8,0.000000,0.904812,0.002133,0.03111404,2026-03-21,2026-08-06,120,3733,1703,139,0.863309,1.227414,1.154177,1.073473,,,,,,,,GLOBAL_BASELINE_NO_ENTITY_RANKING,,,NOT_APPLICABLE_GLOBAL_BASELINE,HF9g-P5,,,,X 全窗基线 · 不参与实体赏罚,15052835,1506,A168_HF9F_20260827_0900,2026-08-27 09:00:00
2026-05-28,127529701,583,0,176.4309065436,-68.1075190702,-68.1075190702,0.3000000,10,10,0.49726706000000000,0.497267060000,-1.2476450712142595,-1.2476450712142597,-1.2476450712142595,0E-17,ELIGIBLE,R03b_20260811_FULL_v1,L1_ELIGIBILITY,v2026-08-11,2026-03-21..2026-08-06,baccarat_bet02_101_all_pairs_incl_sentinel,round_win = game_pnl > 0 (decisive only),COMPATIBILITY_ONLY_NOT_PRODUCTION,557989.4742,504875.3716,9878.7574,24851,24505,-0.01770420,0.00338982,-0.02772422,-0.01770420,-9878.7574,557989.4742,OK,0.0000,395.1503,4.0000,96.0000,AG03-UNRESOLVED,ALL5_LEVELS_bet23_to_bet27,395.1503,395.1503,395.1503,0.0000,0.0000,4.000000,4.000000,4.000000,0.000000,0.000000,96.000000,96.000000,96.000000,100.000000,100.000000,5.0,1185.4509,1138.6651,8693.3065,8740.0923,PENDING_AG03,FALSE,NOT_FOR_ENFORCEMENT,9483.6071,484680.3568,9878.7574,9483.6071,395.1503,0.01770420,0.01699603,395.1503,9483.6071,0.01699603,395.1503,395.1503,395.1503,0.0000,0.0000,9483.6071,0.01699603,1185.4509,1138.6651,8693.3065,8740.0923,0.01557970,0.01566354,0.00070817,22.4534,20.6030,0.4031,82.3230,2.6463,4649.9123,204.2083,25.9152,21.1137,12.8578,14.5296,26.176,48.8436,54.2173,102.8621,13.088,0.0,3.731508,7.079487,1.545355,30,207,63,6,0.32204186,0.01770420,-0.00338982,0E-8,0.000000,0.904812,0.002133,0.03111404,2026-03-21,2026-08-06,120,3733,1703,139,0.863309,1.227414,1.154177,1.073473,,,,,,,,GLOBAL_BASELINE_NO_ENTITY_RANKING,,,NOT_APPLICABLE_GLOBAL_BASELINE,HF9g-P5,,,,X 全窗基线 · 不参与实体赏罚,15052836,1506,A168_HF9F_20260827_0900,2026-08-27 09:00:00
2026-05-28,127529701,970,0,67.4588760314,6.4864303876,6.4864303876,0.2500000,5,5,0.49592654000000000,0.495926540000,-0.983738807048034,-0.983738807048034,-0.983738807048034,0E-17,ELIGIBLE,R03b_20260811_FULL_v1,L1_ELIGIBILITY,v2026-08-11,2026-03-21..2026-08-06,baccarat_bet02_101_all_pairs_incl_sentinel,round_win = game_pnl > 0 (decisive only),COMPATIBILITY_ONLY_NOT_PRODUCTION,557989.4742,504875.3716,9878.7574,24851,24505,-0.01770420,0.00338982,-0.02772422,-0.01770420,-9878.7574,557989.4742,OK,0.0000,395.1503,4.0000,96.0000,AG03-UNRESOLVED,ALL5_LEVELS_bet23_to_bet27,395.1503,395.1503,395.1503,0.0000,0.0000,4.000000,4.000000,4.000000,0.000000,0.000000,96.000000,96.000000,96.000000,100.000000,100.000000,5.0,1185.4509,1138.6651,8693.3065,8740.0923,PENDING_AG03,FALSE,NOT_FOR_ENFORCEMENT,9483.6071,484680.3568,9878.7574,9483.6071,395.1503,0.01770420,0.01699603,395.1503,9483.6071,0.01699603,395.1503,395.1503,395.1503,0.0000,0.0000,9483.6071,0.01699603,1185.4509,1138.6651,8693.3065,8740.0923,0.01557970,0.01566354,0.00070817,22.4534,20.6030,0.4031,82.3230,2.6463,4649.9123,204.2083,25.9152,21.1137,12.8578,14.5296,26.176,48.8436,54.2173,102.8621,13.088,0.0,3.731508,7.079487,1.545355,30,207,63,6,0.32204186,0.01770420,-0.00338982,0E-8,0.000000,0.904812,0.002133,0.03111404,2026-03-21,2026-08-06,120,3733,1703,139,0.863309,1.227414,1.154177,1.073473,,,,,,,,GLOBAL_BASELINE_NO_ENTITY_RANKING,,,NOT_APPLICABLE_GLOBAL_BASELINE,HF9g-P5,,,,X 全窗基线 · 不参与实体赏罚,15052837,1506,A168_HF9F_20260827_0900,2026-08-27 09:00:00
2026-05-28,127529701,987,0,95.9991697370,-19.4592911629,-19.4592911629,0.4000000,5,5,0.50396966000000000,0.503969660000,-0.4649811094771361,-0.4649811094771361,-0.4649811094771361,0E-17,ELIGIBLE,R03b_20260811_FULL_v1,L1_ELIGIBILITY,v2026-08-11,2026-03-21..2026-08-06,baccarat_bet02_101_all_pairs_incl_sentinel,round_win = game_pnl > 0 (decisive only),COMPATIBILITY_ONLY_NOT_PRODUCTION,557989.4742,504875.3716,9878.7574,24851,24505,-0.01770420,0.00338982,-0.02772422,-0.01770420,-9878.7574,557989.4742,OK,0.0000,395.1503,4.0000,96.0000,AG03-UNRESOLVED,ALL5_LEVELS_bet23_to_bet27,395.1503,395.1503,395.1503,0.0000,0.0000,4.000000,4.000000,4.000000,0.000000,0.000000,96.000000,96.000000,96.000000,100.000000,100.000000,5.0,1185.4509,1138.6651,8693.3065,8740.0923,PENDING_AG03,FALSE,NOT_FOR_ENFORCEMENT,9483.6071,484680.3568,9878.7574,9483.6071,395.1503,0.01770420,0.01699603,395.1503,9483.6071,0.01699603,395.1503,395.1503,395.1503,0.0000,0.0000,9483.6071,0.01699603,1185.4509,1138.6651,8693.3065,8740.0923,0.01557970,0.01566354,0.00070817,22.4534,20.6030,0.4031,82.3230,2.6463,4649.9123,204.2083,25.9152,21.1137,12.8578,14.5296,26.176,48.8436,54.2173,102.8621,13.088,0.0,3.731508,7.079487,1.545355,30,207,63,6,0.32204186,0.01770420,-0.00338982,0E-8,0.000000,0.904812,0.002133,0.03111404,2026-03-21,2026-08-06,120,3733,1703,139,0.863309,1.227414,1.154177,1.073473,,,,,,,,GLOBAL_BASELINE_NO_ENTITY_RANKING,,,NOT_APPLICABLE_GLOBAL_BASELINE,HF9g-P5,,,,X 全窗基线 · 不参与实体赏罚,15052838,1506,A168_HF9F_20260827_0900,2026-08-27 09:00:00
2026-05-30,127529701,-1,1,10.3782886202,-10.3782886202,-10.3782886202,0E-7,1,1,0.50665070000000000,0.506650700000,-1.013391052207602,-1.013391052207602,-1.013391052207602,0E-17,SENTINEL_DEALER,R03b_20260811_FULL_v1,L1_ELIGIBILITY,v2026-08-11,2026-03-21..2026-08-06,baccarat_bet02_101_all_pairs_incl_sentinel,round_win = game_pnl > 0 (decisive only),COMPATIBILITY_ONLY_NOT_PRODUCTION,557989.4742,504875.3716,9878.7574,24851,24505,-0.01770420,0.00338982,-0.02772422,-0.01770420,-9878.7574,557989.4742,OK,0.0000,395.1503,4.0000,96.0000,AG03-UNRESOLVED,ALL5_LEVELS_bet23_to_bet27,395.1503,395.1503,395.1503,0.0000,0.0000,4.000000,4.000000,4.000000,0.000000,0.000000,96.000000,96.000000,96.000000,100.000000,100.000000,5.0,1185.4509,1138.6651,8693.3065,8740.0923,PENDING_AG03,FALSE,NOT_FOR_ENFORCEMENT,9483.6071,484680.3568,9878.7574,9483.6071,395.1503,0.01770420,0.01699603,395.1503,9483.6071,0.01699603,395.1503,395.1503,395.1503,0.0000,0.0000,9483.6071,0.01699603,1185.4509,1138.6651,8693.3065,8740.0923,0.01557970,0.01566354,0.00070817,22.4534,20.6030,0.4031,82.3230,2.6463,4649.9123,204.2083,25.9152,21.1137,12.8578,14.5296,26.176,48.8436,54.2173,102.8621,13.088,0.0,3.731508,7.079487,1.545355,30,207,63,6,0.32204186,0.01770420,-0.00338982,0E-8,0.000000,0.904812,0.002133,0.03111404,2026-03-21,2026-08-06,120,3733,1703,139,0.863309,1.227414,1.154177,1.073473,,,,,,,,GLOBAL_BASELINE_NO_ENTITY_RANKING,,,NOT_APPLICABLE_GLOBAL_BASELINE,HF9g-P5,,,,X 全窗基线 · 不参与实体赏罚,15052839,1506,A168_HF9F_20260827_0900,2026-08-27 09:00:00
2026-05-30,127529701,1330,0,28.2808364900,-7.7837164651,-7.7837164651,0.3333333,5,5,0.50128862000000000,0.501288620000,-0.5818161120757372,-0.5818161120757372,-0.5818161120757372,0E-17,ELIGIBLE,R03b_20260811_FULL_v1,L1_ELIGIBILITY,v2026-08-11,2026-03-21..2026-08-06,baccarat_bet02_101_all_pairs_incl_sentinel,round_win = game_pnl > 0 (decisive only),COMPATIBILITY_ONLY_NOT_PRODUCTION,557989.4742,504875.3716,9878.7574,24851,24505,-0.01770420,0.00338982,-0.02772422,-0.01770420,-9878.7574,557989.4742,OK,0.0000,395.1503,4.0000,96.0000,AG03-UNRESOLVED,ALL5_LEVELS_bet23_to_bet27,395.1503,395.1503,395.1503,0.0000,0.0000,4.000000,4.000000,4.000000,0.000000,0.000000,96.000000,96.000000,96.000000,100.000000,100.000000,5.0,1185.4509,1138.6651,8693.3065,8740.0923,PENDING_AG03,FALSE,NOT_FOR_ENFORCEMENT,9483.6071,484680.3568,9878.7574,9483.6071,395.1503,0.01770420,0.01699603,395.1503,9483.6071,0.01699603,395.1503,395.1503,395.1503,0.0000,0.0000,9483.6071,0.01699603,1185.4509,1138.6651,8693.3065,8740.0923,0.01557970,0.01566354,0.00070817,22.4534,20.6030,0.4031,82.3230,2.6463,4649.9123,204.2083,25.9152,21.1137,12.8578,14.5296,26.176,48.8436,54.2173,102.8621,13.088,0.0,3.731508,7.079487,1.545355,30,207,63,6,0.32204186,0.01770420,-0.00338982,0E-8,0.000000,0.904812,0.002133,0.03111404,2026-03-21,2026-08-06,120,3733,1703,139,0.863309,1.227414,1.154177,1.073473,,,,,,,,GLOBAL_BASELINE_NO_ENTITY_RANKING,,,NOT_APPLICABLE_GLOBAL_BASELINE,HF9g-P5,,,,X 全窗基线 · 不参与实体赏罚,15052840,1506,A168_HF9F_20260827_0900,2026-08-27 09:00:00
2026-05-30,127529701,2124,0,10.3782886202,-10.3782886202,-10.3782886202,0E-7,1,1,0.49324550000000000,0.493245500000,-0.9865810262130424,-0.9865810262130424,-0.9865810262130424,0E-17,ELIGIBLE,R03b_20260811_FULL_v1,L1_ELIGIBILITY,v2026-08-11,2026-03-21..2026-08-06,baccarat_bet02_101_all_pairs_incl_sentinel,round_win = game_pnl > 0 (decisive only),COMPATIBILITY_ONLY_NOT_PRODUCTION,557989.4742,504875.3716,9878.7574,24851,24505,-0.01770420,0.00338982,-0.02772422,-0.01770420,-9878.7574,557989.4742,OK,0.0000,395.1503,4.0000,96.0000,AG03-UNRESOLVED,ALL5_LEVELS_bet23_to_bet27,395.1503,395.1503,395.1503,0.0000,0.0000,4.000000,4.000000,4.000000,0.000000,0.000000,96.000000,96.000000,96.000000,100.000000,100.000000,5.0,1185.4509,1138.6651,8693.3065,8740.0923,PENDING_AG03,FALSE,NOT_FOR_ENFORCEMENT,9483.6071,484680.3568,9878.7574,9483.6071,395.1503,0.01770420,0.01699603,395.1503,9483.6071,0.01699603,395.1503,395.1503,395.1503,0.0000,0.0000,9483.6071,0.01699603,1185.4509,1138.6651,8693.3065,8740.0923,0.01557970,0.01566354,0.00070817,22.4534,20.6030,0.4031,82.3230,2.6463,4649.9123,204.2083,25.9152,21.1137,12.8578,14.5296,26.176,48.8436,54.2173,102.8621,13.088,0.0,3.731508,7.079487,1.545355,30,207,63,6,0.32204186,0.01770420,-0.00338982,0E-8,0.000000,0.904812,0.002133,0.03111404,2026-03-21,2026-08-06,120,3733,1703,139,0.863309,1.227414,1.154177,1.073473,,,,,,,,GLOBAL_BASELINE_NO_ENTITY_RANKING,,,NOT_APPLICABLE_GLOBAL_BASELINE,HF9g-P5,,,,X 全窗基线 · 不参与实体赏罚,15052841,1506,A168_HF9F_20260827_0900,2026-08-27 09:00:00
2026-05-30,127529701,2196,0,67.1994188158,-60.4535312126,-60.4535312126,0.2500000,4,4,0.49994810000000000,0.499948100000,-0.9997924053861017,-0.9997924053861017,-0.9997924053861017,0E-17,ELIGIBLE,R03b_20260811_FULL_v1,L1_ELIGIBILITY,v2026-08-11,2026-03-21..2026-08-06,baccarat_bet02_101_all_pairs_incl_sentinel,round_win = game_pnl > 0 (decisive only),COMPATIBILITY_ONLY_NOT_PRODUCTION,557989.4742,504875.3716,9878.7574,24851,24505,-0.01770420,0.00338982,-0.02772422,-0.01770420,-9878.7574,557989.4742,OK,0.0000,395.1503,4.0000,96.0000,AG03-UNRESOLVED,ALL5_LEVELS_bet23_to_bet27,395.1503,395.1503,395.1503,0.0000,0.0000,4.000000,4.000000,4.000000,0.000000,0.000000,96.000000,96.000000,96.000000,100.000000,100.000000,5.0,1185.4509,1138.6651,8693.3065,8740.0923,PENDING_AG03,FALSE,NOT_FOR_ENFORCEMENT,9483.6071,484680.3568,9878.7574,9483.6071,395.1503,0.01770420,0.01699603,395.1503,9483.6071,0.01699603,395.1503,395.1503,395.1503,0.0000,0.0000,9483.6071,0.01699603,1185.4509,1138.6651,8693.3065,8740.0923,0.01557970,0.01566354,0.00070817,22.4534,20.6030,0.4031,82.3230,2.6463,4649.9123,204.2083,25.9152,21.1137,12.8578,14.5296,26.176,48.8436,54.2173,102.8621,13.088,0.0,3.731508,7.079487,1.545355,30,207,63,6,0.32204186,0.01770420,-0.00338982,0E-8,0.000000,0.904812,0.002133,0.03111404,2026-03-21,2026-08-06,120,3733,1703,139,0.863309,1.227414,1.154177,1.073473,,,,,,,,GLOBAL_BASELINE_NO_ENTITY_RANKING,,,NOT_APPLICABLE_GLOBAL_BASELINE,HF9g-P5,,,,X 全窗基线 · 不参与实体赏罚,15052842,1506,A168_HF9F_20260827_0900,2026-08-27 09:00:00
2026-05-30,127529701,2223,0,15.5674329303,-15.5674329303,-15.5674329303,0E-7,2,2,0.49324550000000000,0.493245500000,-1.3952362676504506,-1.3952362676504506,-1.3952362676504506,0E-17,ELIGIBLE,R03b_20260811_FULL_v1,L1_ELIGIBILITY,v2026-08-11,2026-03-21..2026-08-06,baccarat_bet02_101_all_pairs_incl_sentinel,round_win = game_pnl > 0 (decisive only),COMPATIBILITY_ONLY_NOT_PRODUCTION,557989.4742,504875.3716,9878.7574,24851,24505,-0.01770420,0.00338982,-0.02772422,-0.01770420,-9878.7574,557989.4742,OK,0.0000,395.1503,4.0000,96.0000,AG03-UNRESOLVED,ALL5_LEVELS_bet23_to_bet27,395.1503,395.1503,395.1503,0.0000,0.0000,4.000000,4.000000,4.000000,0.000000,0.000000,96.000000,96.000000,96.000000,100.000000,100.000000,5.0,1185.4509,1138.6651,8693.3065,8740.0923,PENDING_AG03,FALSE,NOT_FOR_ENFORCEMENT,9483.6071,484680.3568,9878.7574,9483.6071,395.1503,0.01770420,0.01699603,395.1503,9483.6071,0.01699603,395.1503,395.1503,395.1503,0.0000,0.0000,9483.6071,0.01699603,1185.4509,1138.6651,8693.3065,8740.0923,0.01557970,0.01566354,0.00070817,22.4534,20.6030,0.4031,82.3230,2.6463,4649.9123,204.2083,25.9152,21.1137,12.8578,14.5296,26.176,48.8436,54.2173,102.8621,13.088,0.0,3.731508,7.079487,1.545355,30,207,63,6,0.32204186,0.01770420,-0.00338982,0E-8,0.000000,0.904812,0.002133,0.03111404,2026-03-21,2026-08-06,120,3733,1703,139,0.863309,1.227414,1.154177,1.073473,,,,,,,,GLOBAL_BASELINE_NO_ENTITY_RANKING,,,NOT_APPLICABLE_GLOBAL_BASELINE,HF9g-P5,,,,X 全窗基线 · 不参与实体赏罚,15052843,1506,A168_HF9F_20260827_0900,2026-08-27 09:00:00
2026-06-01,127529701,-1,1,99.7762748477,-43.8449867565,-43.8449867565,0.3333333,10,10,0.50262914000000000,0.502629140000,-1.015788883128781,-1.015788883128781,-1.015788883128781,0E-17,SENTINEL_DEALER,R03b_20260811_FULL_v1,L1_ELIGIBILITY,v2026-08-11,2026-03-21..2026-08-06,baccarat_bet02_101_all_pairs_incl_sentinel,round_win = game_pnl > 0 (decisive only),COMPATIBILITY_ONLY_NOT_PRODUCTION,557989.4742,504875.3716,9878.7574,24851,24505,-0.01770420,0.00338982,-0.02772422,-0.01770420,-9878.7574,557989.4742,OK,0.0000,395.1503,4.0000,96.0000,AG03-UNRESOLVED,ALL5_LEVELS_bet23_to_bet27,395.1503,395.1503,395.1503,0.0000,0.0000,4.000000,4.000000,4.000000,0.000000,0.000000,96.000000,96.000000,96.000000,100.000000,100.000000,5.0,1185.4509,1138.6651,8693.3065,8740.0923,PENDING_AG03,FALSE,NOT_FOR_ENFORCEMENT,9483.6071,484680.3568,9878.7574,9483.6071,395.1503,0.01770420,0.01699603,395.1503,9483.6071,0.01699603,395.1503,395.1503,395.1503,0.0000,0.0000,9483.6071,0.01699603,1185.4509,1138.6651,8693.3065,8740.0923,0.01557970,0.01566354,0.00070817,22.4534,20.6030,0.4031,82.3230,2.6463,4649.9123,204.2083,25.9152,21.1137,12.8578,14.5296,26.176,48.8436,54.2173,102.8621,13.088,0.0,3.731508,7.079487,1.545355,30,207,63,6,0.32204186,0.01770420,-0.00338982,0E-8,0.000000,0.904812,0.002133,0.03111404,2026-03-21,2026-08-06,120,3733,1703,139,0.863309,1.227414,1.154177,1.073473,,,,,,,,GLOBAL_BASELINE_NO_ENTITY_RANKING,,,NOT_APPLICABLE_GLOBAL_BASELINE,HF9g-P5,,,,X 全窗基线 · 不参与实体赏罚,15052844,1506,A168_HF9F_20260827_0900,2026-08-27 09:00:00
2026-06-01,127529701,1004,0,41.1448556073,10.0290585543,10.0290585543,0.7500000,5,5,0.50128862000000000,0.501288620000,0.9948488239810122,0.9948488239810122,0.9948488239810122,0E-17,ELIGIBLE,R03b_20260811_FULL_v1,L1_ELIGIBILITY,v2026-08-11,2026-03-21..2026-08-06,baccarat_bet02_101_all_pairs_incl_sentinel,round_win = game_pnl > 0 (decisive only),COMPATIBILITY_ONLY_NOT_PRODUCTION,557989.4742,504875.3716,9878.7574,24851,24505,-0.01770420,0.00338982,-0.02772422,-0.01770420,-9878.7574,557989.4742,OK,0.0000,395.1503,4.0000,96.0000,AG03-UNRESOLVED,ALL5_LEVELS_bet23_to_bet27,395.1503,395.1503,395.1503,0.0000,0.0000,4.000000,4.000000,4.000000,0.000000,0.000000,96.000000,96.000000,96.000000,100.000000,100.000000,5.0,1185.4509,1138.6651,8693.3065,8740.0923,PENDING_AG03,FALSE,NOT_FOR_ENFORCEMENT,9483.6071,484680.3568,9878.7574,9483.6071,395.1503,0.01770420,0.01699603,395.1503,9483.6071,0.01699603,395.1503,395.1503,395.1503,0.0000,0.0000,9483.6071,0.01699603,1185.4509,1138.6651,8693.3065,8740.0923,0.01557970,0.01566354,0.00070817,22.4534,20.6030,0.4031,82.3230,2.6463,4649.9123,204.2083,25.9152,21.1137,12.8578,14.5296,26.176,48.8436,54.2173,102.8621,13.088,0.0,3.731508,7.079487,1.545355,30,207,63,6,0.32204186,0.01770420,-0.00338982,0E-8,0.000000,0.904812,0.002133,0.03111404,2026-03-21,2026-08-06,120,3733,1703,139,0.863309,1.227414,1.154177,1.073473,,,,,,,,GLOBAL_BASELINE_NO_ENTITY_RANKING,,,NOT_APPLICABLE_GLOBAL_BASELINE,HF9g-P5,,,,X 全窗基线 · 不参与实体赏罚,15052845,1506,A168_HF9F_20260827_0900,2026-08-27 09:00:00
2026-06-01,127529701,1109,0,34.7159719186,-34.7159719186,-34.7159719186,0E-7,4,4,0.50329940000000000,0.503299400000,-2.013241432932159,-2.013241432932159,-2.013241432932159,0E-17,ELIGIBLE,R03b_20260811_FULL_v1,L1_ELIGIBILITY,v2026-08-11,2026-03-21..2026-08-06,baccarat_bet02_101_all_pairs_incl_sentinel,round_win = game_pnl > 0 (decisive only),COMPATIBILITY_ONLY_NOT_PRODUCTION,557989.4742,504875.3716,9878.7574,24851,24505,-0.01770420,0.00338982,-0.02772422,-0.01770420,-9878.7574,557989.4742,OK,0.0000,395.1503,4.0000,96.0000,AG03-UNRESOLVED,ALL5_LEVELS_bet23_to_bet27,395.1503,395.1503,395.1503,0.0000,0.0000,4.000000,4.000000,4.000000,0.000000,0.000000,96.000000,96.000000,96.000000,100.000000,100.000000,5.0,1185.4509,1138.6651,8693.3065,8740.0923,PENDING_AG03,FALSE,NOT_FOR_ENFORCEMENT,9483.6071,484680.3568,9878.7574,9483.6071,395.1503,0.01770420,0.01699603,395.1503,9483.6071,0.01699603,395.1503,395.1503,395.1503,0.0000,0.0000,9483.6071,0.01699603,1185.4509,1138.6651,8693.3065,8740.0923,0.01557970,0.01566354,0.00070817,22.4534,20.6030,0.4031,82.3230,2.6463,4649.9123,204.2083,25.9152,21.1137,12.8578,14.5296,26.176,48.8436,54.2173,102.8621,13.088,0.0,3.731508,7.079487,1.545355,30,207,63,6,0.32204186,0.01770420,-0.00338982,0E-8,0.000000,0.904812,0.002133,0.03111404,2026-03-21,2026-08-06,120,3733,1703,139,0.863309,1.227414,1.154177,1.073473,,,,,,,,GLOBAL_BASELINE_NO_ENTITY_RANKING,,,NOT_APPLICABLE_GLOBAL_BASELINE,HF9g-P5,,,,X 全窗基线 · 不参与实体赏罚,15052846,1506,A168_HF9F_20260827_0900,2026-08-27 09:00:00
2026-06-01,127529701,1210,0,119.8343919562,25.3040861983,25.3040861983,0.4545455,12,12,0.50106520000000000,0.501065200000,-0.3085777822881345,-0.3085777822881345,-0.3085777822881345,0E-17,ELIGIBLE,R03b_20260811_FULL_v1,L1_ELIGIBILITY,v2026-08-11,2026-03-21..2026-08-06,baccarat_bet02_101_all_pairs_incl_sentinel,round_win = game_pnl > 0 (decisive only),COMPATIBILITY_ONLY_NOT_PRODUCTION,557989.4742,504875.3716,9878.7574,24851,24505,-0.01770420,0.00338982,-0.02772422,-0.01770420,-9878.7574,557989.4742,OK,0.0000,395.1503,4.0000,96.0000,AG03-UNRESOLVED,ALL5_LEVELS_bet23_to_bet27,395.1503,395.1503,395.1503,0.0000,0.0000,4.000000,4.000000,4.000000,0.000000,0.000000,96.000000,96.000000,96.000000,100.000000,100.000000,5.0,1185.4509,1138.6651,8693.3065,8740.0923,PENDING_AG03,FALSE,NOT_FOR_ENFORCEMENT,9483.6071,484680.3568,9878.7574,9483.6071,395.1503,0.01770420,0.01699603,395.1503,9483.6071,0.01699603,395.1503,395.1503,395.1503,0.0000,0.0000,9483.6071,0.01699603,1185.4509,1138.6651,8693.3065,8740.0923,0.01557970,0.01566354,0.00070817,22.4534,20.6030,0.4031,82.3230,2.6463,4649.9123,204.2083,25.9152,21.1137,12.8578,14.5296,26.176,48.8436,54.2173,102.8621,13.088,0.0,3.731508,7.079487,1.545355,30,207,63,6,0.32204186,0.01770420,-0.00338982,0E-8,0.000000,0.904812,0.002133,0.03111404,2026-03-21,2026-08-06,120,3733,1703,139,0.863309,1.227414,1.154177,1.073473,,,,,,,,GLOBAL_BASELINE_NO_ENTITY_RANKING,,,NOT_APPLICABLE_GLOBAL_BASELINE,HF9g-P5,,,,X 全窗基线 · 不参与实体赏罚,15052847,1506,A168_HF9F_20260827_0900,2026-08-27 09:00:00
2026-06-01,127529701,1306,0,69.1747884897,7.2389230334,7.2389230334,0.5714286,8,8,0.49994810000000000,0.499948100000,0.37823910403297295,0.37823910403297295,0.37823910403297295,0E-17,ELIGIBLE,R03b_20260811_FULL_v1,L1_ELIGIBILITY,v2026-08-11,2026-03-21..2026-08-06,baccarat_bet02_101_all_pairs_incl_sentinel,round_win = game_pnl > 0 (decisive only),COMPATIBILITY_ONLY_NOT_PRODUCTION,557989.4742,504875.3716,9878.7574,24851,24505,-0.01770420,0.00338982,-0.02772422,-0.01770420,-9878.7574,557989.4742,OK,0.0000,395.1503,4.0000,96.0000,AG03-UNRESOLVED,ALL5_LEVELS_bet23_to_bet27,395.1503,395.1503,395.1503,0.0000,0.0000,4.000000,4.000000,4.000000,0.000000,0.000000,96.000000,96.000000,96.000000,100.000000,100.000000,5.0,1185.4509,1138.6651,8693.3065,8740.0923,PENDING_AG03,FALSE,NOT_FOR_ENFORCEMENT,9483.6071,484680.3568,9878.7574,9483.6071,395.1503,0.01770420,0.01699603,395.1503,9483.6071,0.01699603,395.1503,395.1503,395.1503,0.0000,0.0000,9483.6071,0.01699603,1185.4509,1138.6651,8693.3065,8740.0923,0.01557970,0.01566354,0.00070817,22.4534,20.6030,0.4031,82.3230,2.6463,4649.9123,204.2083,25.9152,21.1137,12.8578,14.5296,26.176,48.8436,54.2173,102.8621,13.088,0.0,3.731508,7.079487,1.545355,30,207,63,6,0.32204186,0.01770420,-0.00338982,0E-8,0.000000,0.904812,0.002133,0.03111404,2026-03-21,2026-08-06,120,3733,1703,139,0.863309,1.227414,1.154177,1.073473,,,,,,,,GLOBAL_BASELINE_NO_ENTITY_RANKING,,,NOT_APPLICABLE_GLOBAL_BASELINE,HF9g-P5,,,,X 全窗基线 · 不参与实体赏罚,15052848,1506,A168_HF9F_20260827_0900,2026-08-27 09:00:00
2026-06-01,127529701,1384,0,45.0021858204,31.6172499807,31.6172499807,0.7500000,8,8,0.50162375000000000,0.501623750000,1.4050356542380409,1.4050356542380409,1.4050356542380409,0E-17,ELIGIBLE,R03b_20260811_FULL_v1,L1_ELIGIBILITY,v2026-08-11,2026-03-21..2026-08-06,baccarat_bet02_101_all_pairs_incl_sentinel,round_win = game_pnl > 0 (decisive only),COMPATIBILITY_ONLY_NOT_PRODUCTION,557989.4742,504875.3716,9878.7574,24851,24505,-0.01770420,0.00338982,-0.02772422,-0.01770420,-9878.7574,557989.4742,OK,0.0000,395.1503,4.0000,96.0000,AG03-UNRESOLVED,ALL5_LEVELS_bet23_to_bet27,395.1503,395.1503,395.1503,0.0000,0.0000,4.000000,4.000000,4.000000,0.000000,0.000000,96.000000,96.000000,96.000000,100.000000,100.000000,5.0,1185.4509,1138.6651,8693.3065,8740.0923,PENDING_AG03,FALSE,NOT_FOR_ENFORCEMENT,9483.6071,484680.3568,9878.7574,9483.6071,395.1503,0.01770420,0.01699603,395.1503,9483.6071,0.01699603,395.1503,395.1503,395.1503,0.0000,0.0000,9483.6071,0.01699603,1185.4509,1138.6651,8693.3065,8740.0923,0.01557970,0.01566354,0.00070817,22.4534,20.6030,0.4031,82.3230,2.6463,4649.9123,204.2083,25.9152,21.1137,12.8578,14.5296,26.176,48.8436,54.2173,102.8621,13.088,0.0,3.731508,7.079487,1.545355,30,207,63,6,0.32204186,0.01770420,-0.00338982,0E-8,0.000000,0.904812,0.002133,0.03111404,2026-03-21,2026-08-06,120,3733,1703,139,0.863309,1.227414,1.154177,1.073473,,,,,,,,GLOBAL_BASELINE_NO_ENTITY_RANKING,,,NOT_APPLICABLE_GLOBAL_BASELINE,HF9g-P5,,,,X 全窗基线 · 不参与实体赏罚,15052849,1506,A168_HF9F_20260827_0900,2026-08-27 09:00:00
2026-06-01,127529701,1402,0,61.9744387584,18.5151850234,18.5151850234,0.5000000,6,6,0.50218230000000000,0.502182300000,-0.01069114476356389,-0.01069114476356389,-0.01069114476356389,0E-17,ELIGIBLE,R03b_20260811_FULL_v1,L1_ELIGIBILITY,v2026-08-11,2026-03-21..2026-08-06,baccarat_bet02_101_all_pairs_incl_sentinel,round_win = game_pnl > 0 (decisive only),COMPATIBILITY_ONLY_NOT_PRODUCTION,557989.4742,504875.3716,9878.7574,24851,24505,-0.01770420,0.00338982,-0.02772422,-0.01770420,-9878.7574,557989.4742,OK,0.0000,395.1503,4.0000,96.0000,AG03-UNRESOLVED,ALL5_LEVELS_bet23_to_bet27,395.1503,395.1503,395.1503,0.0000,0.0000,4.000000,4.000000,4.000000,0.000000,0.000000,96.000000,96.000000,96.000000,100.000000,100.000000,5.0,1185.4509,1138.6651,8693.3065,8740.0923,PENDING_AG03,FALSE,NOT_FOR_ENFORCEMENT,9483.6071,484680.3568,9878.7574,9483.6071,395.1503,0.01770420,0.01699603,395.1503,9483.6071,0.01699603,395.1503,395.1503,395.1503,0.0000,0.0000,9483.6071,0.01699603,1185.4509,1138.6651,8693.3065,8740.0923,0.01557970,0.01566354,0.00070817,22.4534,20.6030,0.4031,82.3230,2.6463,4649.9123,204.2083,25.9152,21.1137,12.8578,14.5296,26.176,48.8436,54.2173,102.8621,13.088,0.0,3.731508,7.079487,1.545355,30,207,63,6,0.32204186,0.01770420,-0.00338982,0E-8,0.000000,0.904812,0.002133,0.03111404,2026-03-21,2026-08-06,120,3733,1703,139,0.863309,1.227414,1.154177,1.073473,,,,,,,,GLOBAL_BASELINE_NO_ENTITY_RANKING,,,NOT_APPLICABLE_GLOBAL_BASELINE,HF9g-P5,,,,X 全窗基线 · 不参与实体赏罚,15052850,1506,A168_HF9F_20260827_0900,2026-08-27 09:00:00
2026-06-01,127529701,1985,0,106.2051585362,-28.2870882300,-28.2870882300,0.3750000,10,10,0.49994810000000000,0.499948100000,-0.7068131942587571,-0.7068131942587571,-0.7068131942587571,0E-17,ELIGIBLE,R03b_20260811_FULL_v1,L1_ELIGIBILITY,v2026-08-11,2026-03-21..2026-08-06,baccarat_bet02_101_all_pairs_incl_sentinel,round_win = game_pnl > 0 (decisive only),COMPATIBILITY_ONLY_NOT_PRODUCTION,557989.4742,504875.3716,9878.7574,24851,24505,-0.01770420,0.00338982,-0.02772422,-0.01770420,-9878.7574,557989.4742,OK,0.0000,395.1503,4.0000,96.0000,AG03-UNRESOLVED,ALL5_LEVELS_bet23_to_bet27,395.1503,395.1503,395.1503,0.0000,0.0000,4.000000,4.000000,4.000000,0.000000,0.000000,96.000000,96.000000,96.000000,100.000000,100.000000,5.0,1185.4509,1138.6651,8693.3065,8740.0923,PENDING_AG03,FALSE,NOT_FOR_ENFORCEMENT,9483.6071,484680.3568,9878.7574,9483.6071,395.1503,0.01770420,0.01699603,395.1503,9483.6071,0.01699603,395.1503,395.1503,395.1503,0.0000,0.0000,9483.6071,0.01699603,1185.4509,1138.6651,8693.3065,8740.0923,0.01557970,0.01566354,0.00070817,22.4534,20.6030,0.4031,82.3230,2.6463,4649.9123,204.2083,25.9152,21.1137,12.8578,14.5296,26.176,48.8436,54.2173,102.8621,13.088,0.0,3.731508,7.079487,1.545355,30,207,63,6,0.32204186,0.01770420,-0.00338982,0E-8,0.000000,0.904812,0.002133,0.03111404,2026-03-21,2026-08-06,120,3733,1703,139,0.863309,1.227414,1.154177,1.073473,,,,,,,,GLOBAL_BASELINE_NO_ENTITY_RANKING,,,NOT_APPLICABLE_GLOBAL_BASELINE,HF9g-P5,,,,X 全窗基线 · 不参与实体赏罚,15052851,1506,A168_HF9F_20260827_0900,2026-08-27 09:00:00
2026-06-01,127529701,1994,0,77.6609149588,-11.2248309205,-11.2248309205,0.3636364,12,12,0.49659680000000000,0.496596800000,-0.8819801887806398,-0.8819801887806398,-0.8819801887806398,0E-17,ELIGIBLE,R03b_20260811_FULL_v1,L1_ELIGIBILITY,v2026-08-11,2026-03-21..2026-08-06,baccarat_bet02_101_all_pairs_incl_sentinel,round_win = game_pnl > 0 (decisive only),COMPATIBILITY_ONLY_NOT_PRODUCTION,557989.4742,504875.3716,9878.7574,24851,24505,-0.01770420,0.00338982,-0.02772422,-0.01770420,-9878.7574,557989.4742,OK,0.0000,395.1503,4.0000,96.0000,AG03-UNRESOLVED,ALL5_LEVELS_bet23_to_bet27,395.1503,395.1503,395.1503,0.0000,0.0000,4.000000,4.000000,4.000000,0.000000,0.000000,96.000000,96.000000,96.000000,100.000000,100.000000,5.0,1185.4509,1138.6651,8693.3065,8740.0923,PENDING_AG03,FALSE,NOT_FOR_ENFORCEMENT,9483.6071,484680.3568,9878.7574,9483.6071,395.1503,0.01770420,0.01699603,395.1503,9483.6071,0.01699603,395.1503,395.1503,395.1503,0.0000,0.0000,9483.6071,0.01699603,1185.4509,1138.6651,8693.3065,8740.0923,0.01557970,0.01566354,0.00070817,22.4534,20.6030,0.4031,82.3230,2.6463,4649.9123,204.2083,25.9152,21.1137,12.8578,14.5296,26.176,48.8436,54.2173,102.8621,13.088,0.0,3.731508,7.079487,1.545355,30,207,63,6,0.32204186,0.01770420,-0.00338982,0E-8,0.000000,0.904812,0.002133,0.03111404,2026-03-21,2026-08-06,120,3733,1703,139,0.863309,1.227414,1.154177,1.073473,,,,,,,,GLOBAL_BASELINE_NO_ENTITY_RANKING,,,NOT_APPLICABLE_GLOBAL_BASELINE,HF9g-P5,,,,X 全窗基线 · 不参与实体赏罚,15052852,1506,A168_HF9F_20260827_0900,2026-08-27 09:00:00
2026-06-01,127529701,2088,0,85.6327307326,2.4815491038,2.4815491038,0.4615385,13,13,0.50149485384615385,0.501494853846,-0.28813093020660707,-0.28813093020549735,-0.28813093020660707,1.5385E-13,ELIGIBLE,R03b_20260811_FULL_v1,L1_ELIGIBILITY,v2026-08-11,2026-03-21..2026-08-06,baccarat_bet02_101_all_pairs_incl_sentinel,round_win = game_pnl > 0 (decisive only),COMPATIBILITY_ONLY_NOT_PRODUCTION,557989.4742,504875.3716,9878.7574,24851,24505,-0.01770420,0.00338982,-0.02772422,-0.01770420,-9878.7574,557989.4742,OK,0.0000,395.1503,4.0000,96.0000,AG03-UNRESOLVED,ALL5_LEVELS_bet23_to_bet27,395.1503,395.1503,395.1503,0.0000,0.0000,4.000000,4.000000,4.000000,0.000000,0.000000,96.000000,96.000000,96.000000,100.000000,100.000000,5.0,1185.4509,1138.6651,8693.3065,8740.0923,PENDING_AG03,FALSE,NOT_FOR_ENFORCEMENT,9483.6071,484680.3568,9878.7574,9483.6071,395.1503,0.01770420,0.01699603,395.1503,9483.6071,0.01699603,395.1503,395.1503,395.1503,0.0000,0.0000,9483.6071,0.01699603,1185.4509,1138.6651,8693.3065,8740.0923,0.01557970,0.01566354,0.00070817,22.4534,20.6030,0.4031,82.3230,2.6463,4649.9123,204.2083,25.9152,21.1137,12.8578,14.5296,26.176,48.8436,54.2173,102.8621,13.088,0.0,3.731508,7.079487,1.545355,30,207,63,6,0.32204186,0.01770420,-0.00338982,0E-8,0.000000,0.904812,0.002133,0.03111404,2026-03-21,2026-08-06,120,3733,1703,139,0.863309,1.227414,1.154177,1.073473,,,,,,,,GLOBAL_BASELINE_NO_ENTITY_RANKING,,,NOT_APPLICABLE_GLOBAL_BASELINE,HF9g-P5,,,,X 全窗基线 · 不参与实体赏罚,15052853,1506,A168_HF9F_20260827_0900,2026-08-27 09:00:00
2026-06-01,127529701,2147,0,59.1457299354,2.5715534754,2.5715534754,0.4000000,5,5,0.49592654000000000,0.495926540000,-0.42901076602576227,-0.42901076602576227,-0.42901076602576227,0E-17,ELIGIBLE,R03b_20260811_FULL_v1,L1_ELIGIBILITY,v2026-08-11,2026-03-21..2026-08-06,baccarat_bet02_101_all_pairs_incl_sentinel,round_win = game_pnl > 0 (decisive only),COMPATIBILITY_ONLY_NOT_PRODUCTION,557989.4742,504875.3716,9878.7574,24851,24505,-0.01770420,0.00338982,-0.02772422,-0.01770420,-9878.7574,557989.4742,OK,0.0000,395.1503,4.0000,96.0000,AG03-UNRESOLVED,ALL5_LEVELS_bet23_to_bet27,395.1503,395.1503,395.1503,0.0000,0.0000,4.000000,4.000000,4.000000,0.000000,0.000000,96.000000,96.000000,96.000000,100.000000,100.000000,5.0,1185.4509,1138.6651,8693.3065,8740.0923,PENDING_AG03,FALSE,NOT_FOR_ENFORCEMENT,9483.6071,484680.3568,9878.7574,9483.6071,395.1503,0.01770420,0.01699603,395.1503,9483.6071,0.01699603,395.1503,395.1503,395.1503,0.0000,0.0000,9483.6071,0.01699603,1185.4509,1138.6651,8693.3065,8740.0923,0.01557970,0.01566354,0.00070817,22.4534,20.6030,0.4031,82.3230,2.6463,4649.9123,204.2083,25.9152,21.1137,12.8578,14.5296,26.176,48.8436,54.2173,102.8621,13.088,0.0,3.731508,7.079487,1.545355,30,207,63,6,0.32204186,0.01770420,-0.00338982,0E-8,0.000000,0.904812,0.002133,0.03111404,2026-03-21,2026-08-06,120,3733,1703,139,0.863309,1.227414,1.154177,1.073473,,,,,,,,GLOBAL_BASELINE_NO_ENTITY_RANKING,,,NOT_APPLICABLE_GLOBAL_BASELINE,HF9g-P5,,,,X 全窗基线 · 不参与实体赏罚,15052854,1506,A168_HF9F_20260827_0900,2026-08-27 09:00:00
2026-06-01,127529701,2174,0,60.9458173682,-14.9150101576,-14.9150101576,0.4000000,6,6,0.49994810000000000,0.499948100000,-0.4469814940518811,-0.4469814940518811,-0.4469814940518811,0E-17,ELIGIBLE,R03b_20260811_FULL_v1,L1_ELIGIBILITY,v2026-08-11,2026-03-21..2026-08-06,baccarat_bet02_101_all_pairs_incl_sentinel,round_win = game_pnl > 0 (decisive only),COMPATIBILITY_ONLY_NOT_PRODUCTION,557989.4742,504875.3716,9878.7574,24851,24505,-0.01770420,0.00338982,-0.02772422,-0.01770420,-9878.7574,557989.4742,OK,0.0000,395.1503,4.0000,96.0000,AG03-UNRESOLVED,ALL5_LEVELS_bet23_to_bet27,395.1503,395.1503,395.1503,0.0000,0.0000,4.000000,4.000000,4.000000,0.000000,0.000000,96.000000,96.000000,96.000000,100.000000,100.000000,5.0,1185.4509,1138.6651,8693.3065,8740.0923,PENDING_AG03,FALSE,NOT_FOR_ENFORCEMENT,9483.6071,484680.3568,9878.7574,9483.6071,395.1503,0.01770420,0.01699603,395.1503,9483.6071,0.01699603,395.1503,395.1503,395.1503,0.0000,0.0000,9483.6071,0.01699603,1185.4509,1138.6651,8693.3065,8740.0923,0.01557970,0.01566354,0.00070817,22.4534,20.6030,0.4031,82.3230,2.6463,4649.9123,204.2083,25.9152,21.1137,12.8578,14.5296,26.176,48.8436,54.2173,102.8621,13.088,0.0,3.731508,7.079487,1.545355,30,207,63,6,0.32204186,0.01770420,-0.00338982,0E-8,0.000000,0.904812,0.002133,0.03111404,2026-03-21,2026-08-06,120,3733,1703,139,0.863309,1.227414,1.154177,1.073473,,,,,,,,GLOBAL_BASELINE_NO_ENTITY_RANKING,,,NOT_APPLICABLE_GLOBAL_BASELINE,HF9g-P5,,,,X 全窗基线 · 不参与实体赏罚,15052855,1506,A168_HF9F_20260827_0900,2026-08-27 09:00:00
2026-06-01,127529701,2223,0,79.7181577390,-54.2597783319,-54.2597783319,0.2500000,8,8,0.49827245000000000,0.498272450000,-1.404449446798726,-1.404449446798726,-1.404449446798726,0E-17,ELIGIBLE,R03b_20260811_FULL_v1,L1_ELIGIBILITY,v2026-08-11,2026-03-21..2026-08-06,baccarat_bet02_101_all_pairs_incl_sentinel,round_win = game_pnl > 0 (decisive only),COMPATIBILITY_ONLY_NOT_PRODUCTION,557989.4742,504875.3716,9878.7574,24851,24505,-0.01770420,0.00338982,-0.02772422,-0.01770420,-9878.7574,557989.4742,OK,0.0000,395.1503,4.0000,96.0000,AG03-UNRESOLVED,ALL5_LEVELS_bet23_to_bet27,395.1503,395.1503,395.1503,0.0000,0.0000,4.000000,4.000000,4.000000,0.000000,0.000000,96.000000,96.000000,96.000000,100.000000,100.000000,5.0,1185.4509,1138.6651,8693.3065,8740.0923,PENDING_AG03,FALSE,NOT_FOR_ENFORCEMENT,9483.6071,484680.3568,9878.7574,9483.6071,395.1503,0.01770420,0.01699603,395.1503,9483.6071,0.01699603,395.1503,395.1503,395.1503,0.0000,0.0000,9483.6071,0.01699603,1185.4509,1138.6651,8693.3065,8740.0923,0.01557970,0.01566354,0.00070817,22.4534,20.6030,0.4031,82.3230,2.6463,4649.9123,204.2083,25.9152,21.1137,12.8578,14.5296,26.176,48.8436,54.2173,102.8621,13.088,0.0,3.731508,7.079487,1.545355,30,207,63,6,0.32204186,0.01770420,-0.00338982,0E-8,0.000000,0.904812,0.002133,0.03111404,2026-03-21,2026-08-06,120,3733,1703,139,0.863309,1.227414,1.154177,1.073473,,,,,,,,GLOBAL_BASELINE_NO_ENTITY_RANKING,,,NOT_APPLICABLE_GLOBAL_BASELINE,HF9g-P5,,,,X 全窗基线 · 不参与实体赏罚,15052856,1506,A168_HF9F_20260827_0900,2026-08-27 09:00:00
2026-06-01,127529701,2233,0,101.3192069328,1.0929102270,1.0929102270,0.6250000,8,8,0.50329940000000000,0.503299400000,0.6884575455922034,0.6884575455922034,0.6884575455922034,0E-17,ELIGIBLE,R03b_20260811_FULL_v1,L1_ELIGIBILITY,v2026-08-11,2026-03-21..2026-08-06,baccarat_bet02_101_all_pairs_incl_sentinel,round_win = game_pnl > 0 (decisive only),COMPATIBILITY_ONLY_NOT_PRODUCTION,557989.4742,504875.3716,9878.7574,24851,24505,-0.01770420,0.00338982,-0.02772422,-0.01770420,-9878.7574,557989.4742,OK,0.0000,395.1503,4.0000,96.0000,AG03-UNRESOLVED,ALL5_LEVELS_bet23_to_bet27,395.1503,395.1503,395.1503,0.0000,0.0000,4.000000,4.000000,4.000000,0.000000,0.000000,96.000000,96.000000,96.000000,100.000000,100.000000,5.0,1185.4509,1138.6651,8693.3065,8740.0923,PENDING_AG03,FALSE,NOT_FOR_ENFORCEMENT,9483.6071,484680.3568,9878.7574,9483.6071,395.1503,0.01770420,0.01699603,395.1503,9483.6071,0.01699603,395.1503,395.1503,395.1503,0.0000,0.0000,9483.6071,0.01699603,1185.4509,1138.6651,8693.3065,8740.0923,0.01557970,0.01566354,0.00070817,22.4534,20.6030,0.4031,82.3230,2.6463,4649.9123,204.2083,25.9152,21.1137,12.8578,14.5296,26.176,48.8436,54.2173,102.8621,13.088,0.0,3.731508,7.079487,1.545355,30,207,63,6,0.32204186,0.01770420,-0.00338982,0E-8,0.000000,0.904812,0.002133,0.03111404,2026-03-21,2026-08-06,120,3733,1703,139,0.863309,1.227414,1.154177,1.073473,,,,,,,,GLOBAL_BASELINE_NO_ENTITY_RANKING,,,NOT_APPLICABLE_GLOBAL_BASELINE,HF9g-P5,,,,X 全窗基线 · 不参与实体赏罚,15052857,1506,A168_HF9F_20260827_0900,2026-08-27 09:00:00
2026-06-01,127529701,2252,0,65.0603029289,36.0017486563,36.0017486563,0.7500000,5,5,0.49592654000000000,0.495926540000,1.0163275685615971,1.0163275685615971,1.0163275685615971,0E-17,ELIGIBLE,R03b_20260811_FULL_v1,L1_ELIGIBILITY,v2026-08-11,2026-03-21..2026-08-06,baccarat_bet02_101_all_pairs_incl_sentinel,round_win = game_pnl > 0 (decisive only),COMPATIBILITY_ONLY_NOT_PRODUCTION,557989.4742,504875.3716,9878.7574,24851,24505,-0.01770420,0.00338982,-0.02772422,-0.01770420,-9878.7574,557989.4742,OK,0.0000,395.1503,4.0000,96.0000,AG03-UNRESOLVED,ALL5_LEVELS_bet23_to_bet27,395.1503,395.1503,395.1503,0.0000,0.0000,4.000000,4.000000,4.000000,0.000000,0.000000,96.000000,96.000000,96.000000,100.000000,100.000000,5.0,1185.4509,1138.6651,8693.3065,8740.0923,PENDING_AG03,FALSE,NOT_FOR_ENFORCEMENT,9483.6071,484680.3568,9878.7574,9483.6071,395.1503,0.01770420,0.01699603,395.1503,9483.6071,0.01699603,395.1503,395.1503,395.1503,0.0000,0.0000,9483.6071,0.01699603,1185.4509,1138.6651,8693.3065,8740.0923,0.01557970,0.01566354,0.00070817,22.4534,20.6030,0.4031,82.3230,2.6463,4649.9123,204.2083,25.9152,21.1137,12.8578,14.5296,26.176,48.8436,54.2173,102.8621,13.088,0.0,3.731508,7.079487,1.545355,30,207,63,6,0.32204186,0.01770420,-0.00338982,0E-8,0.000000,0.904812,0.002133,0.03111404,2026-03-21,2026-08-06,120,3733,1703,139,0.863309,1.227414,1.154177,1.073473,,,,,,,,GLOBAL_BASELINE_NO_ENTITY_RANKING,,,NOT_APPLICABLE_GLOBAL_BASELINE,HF9g-P5,,,,X 全窗基线 · 不参与实体赏罚,15052858,1506,A168_HF9F_20260827_0900,2026-08-27 09:00:00
2026-06-01,127529701,2261,0,12.8577673773,12.8577673773,12.8577673773,1.0000000,1,1,0.49324550000000000,0.493245500000,1.01360149184955,1.01360149184955,1.01360149184955,0E-17,ELIGIBLE,R03b_20260811_FULL_v1,L1_ELIGIBILITY,v2026-08-11,2026-03-21..2026-08-06,baccarat_bet02_101_all_pairs_incl_sentinel,round_win = game_pnl > 0 (decisive only),COMPATIBILITY_ONLY_NOT_PRODUCTION,557989.4742,504875.3716,9878.7574,24851,24505,-0.01770420,0.00338982,-0.02772422,-0.01770420,-9878.7574,557989.4742,OK,0.0000,395.1503,4.0000,96.0000,AG03-UNRESOLVED,ALL5_LEVELS_bet23_to_bet27,395.1503,395.1503,395.1503,0.0000,0.0000,4.000000,4.000000,4.000000,0.000000,0.000000,96.000000,96.000000,96.000000,100.000000,100.000000,5.0,1185.4509,1138.6651,8693.3065,8740.0923,PENDING_AG03,FALSE,NOT_FOR_ENFORCEMENT,9483.6071,484680.3568,9878.7574,9483.6071,395.1503,0.01770420,0.01699603,395.1503,9483.6071,0.01699603,395.1503,395.1503,395.1503,0.0000,0.0000,9483.6071,0.01699603,1185.4509,1138.6651,8693.3065,8740.0923,0.01557970,0.01566354,0.00070817,22.4534,20.6030,0.4031,82.3230,2.6463,4649.9123,204.2083,25.9152,21.1137,12.8578,14.5296,26.176,48.8436,54.2173,102.8621,13.088,0.0,3.731508,7.079487,1.545355,30,207,63,6,0.32204186,0.01770420,-0.00338982,0E-8,0.000000,0.904812,0.002133,0.03111404,2026-03-21,2026-08-06,120,3733,1703,139,0.863309,1.227414,1.154177,1.073473,,,,,,,,GLOBAL_BASELINE_NO_ENTITY_RANKING,,,NOT_APPLICABLE_GLOBAL_BASELINE,HF9g-P5,,,,X 全窗基线 · 不参与实体赏罚,15052859,1506,A168_HF9F_20260827_0900,2026-08-27 09:00:00
2026-06-01,127529701,471,0,10.2862139018,-10.2862139018,-10.2862139018,0E-7,1,1,0.49324550000000000,0.493245500000,-0.9865810262130424,-0.9865810262130424,-0.9865810262130424,0E-17,ELIGIBLE,R03b_20260811_FULL_v1,L1_ELIGIBILITY,v2026-08-11,2026-03-21..2026-08-06,baccarat_bet02_101_all_pairs_incl_sentinel,round_win = game_pnl > 0 (decisive only),COMPATIBILITY_ONLY_NOT_PRODUCTION,557989.4742,504875.3716,9878.7574,24851,24505,-0.01770420,0.00338982,-0.02772422,-0.01770420,-9878.7574,557989.4742,OK,0.0000,395.1503,4.0000,96.0000,AG03-UNRESOLVED,ALL5_LEVELS_bet23_to_bet27,395.1503,395.1503,395.1503,0.0000,0.0000,4.000000,4.000000,4.000000,0.000000,0.000000,96.000000,96.000000,96.000000,100.000000,100.000000,5.0,1185.4509,1138.6651,8693.3065,8740.0923,PENDING_AG03,FALSE,NOT_FOR_ENFORCEMENT,9483.6071,484680.3568,9878.7574,9483.6071,395.1503,0.01770420,0.01699603,395.1503,9483.6071,0.01699603,395.1503,395.1503,395.1503,0.0000,0.0000,9483.6071,0.01699603,1185.4509,1138.6651,8693.3065,8740.0923,0.01557970,0.01566354,0.00070817,22.4534,20.6030,0.4031,82.3230,2.6463,4649.9123,204.2083,25.9152,21.1137,12.8578,14.5296,26.176,48.8436,54.2173,102.8621,13.088,0.0,3.731508,7.079487,1.545355,30,207,63,6,0.32204186,0.01770420,-0.00338982,0E-8,0.000000,0.904812,0.002133,0.03111404,2026-03-21,2026-08-06,120,3733,1703,139,0.863309,1.227414,1.154177,1.073473,,,,,,,,GLOBAL_BASELINE_NO_ENTITY_RANKING,,,NOT_APPLICABLE_GLOBAL_BASELINE,HF9g-P5,,,,X 全窗基线 · 不参与实体赏罚,15052860,1506,A168_HF9F_20260827_0900,2026-08-27 09:00:00
2026-06-01,127529701,526,0,26.4870007972,-26.4870007972,-26.4870007972,0E-7,2,2,0.49324550000000000,0.493245500000,-1.3952362676504506,-1.3952362676504506,-1.3952362676504506,0E-17,ELIGIBLE,R03b_20260811_FULL_v1,L1_ELIGIBILITY,v2026-08-11,2026-03-21..2026-08-06,baccarat_bet02_101_all_pairs_incl_sentinel,round_win = game_pnl > 0 (decisive only),COMPATIBILITY_ONLY_NOT_PRODUCTION,557989.4742,504875.3716,9878.7574,24851,24505,-0.01770420,0.00338982,-0.02772422,-0.01770420,-9878.7574,557989.4742,OK,0.0000,395.1503,4.0000,96.0000,AG03-UNRESOLVED,ALL5_LEVELS_bet23_to_bet27,395.1503,395.1503,395.1503,0.0000,0.0000,4.000000,4.000000,4.000000,0.000000,0.000000,96.000000,96.000000,96.000000,100.000000,100.000000,5.0,1185.4509,1138.6651,8693.3065,8740.0923,PENDING_AG03,FALSE,NOT_FOR_ENFORCEMENT,9483.6071,484680.3568,9878.7574,9483.6071,395.1503,0.01770420,0.01699603,395.1503,9483.6071,0.01699603,395.1503,395.1503,395.1503,0.0000,0.0000,9483.6071,0.01699603,1185.4509,1138.6651,8693.3065,8740.0923,0.01557970,0.01566354,0.00070817,22.4534,20.6030,0.4031,82.3230,2.6463,4649.9123,204.2083,25.9152,21.1137,12.8578,14.5296,26.176,48.8436,54.2173,102.8621,13.088,0.0,3.731508,7.079487,1.545355,30,207,63,6,0.32204186,0.01770420,-0.00338982,0E-8,0.000000,0.904812,0.002133,0.03111404,2026-03-21,2026-08-06,120,3733,1703,139,0.863309,1.227414,1.154177,1.073473,,,,,,,,GLOBAL_BASELINE_NO_ENTITY_RANKING,,,NOT_APPLICABLE_GLOBAL_BASELINE,HF9g-P5,,,,X 全窗基线 · 不参与实体赏罚,15052861,1506,A168_HF9F_20260827_0900,2026-08-27 09:00:00
2026-06-01,127529701,948,0,173.5798595932,-51.9453802042,-51.9453802042,0.3076923,13,13,0.50252602307692308,0.502526023077,-1.404983831952018,-1.4049838319525738,-1.404983831952018,-7.692E-14,ELIGIBLE,R03b_20260811_FULL_v1,L1_ELIGIBILITY,v2026-08-11,2026-03-21..2026-08-06,baccarat_bet02_101_all_pairs_incl_sentinel,round_win = game_pnl > 0 (decisive only),COMPATIBILITY_ONLY_NOT_PRODUCTION,557989.4742,504875.3716,9878.7574,24851,24505,-0.01770420,0.00338982,-0.02772422,-0.01770420,-9878.7574,557989.4742,OK,0.0000,395.1503,4.0000,96.0000,AG03-UNRESOLVED,ALL5_LEVELS_bet23_to_bet27,395.1503,395.1503,395.1503,0.0000,0.0000,4.000000,4.000000,4.000000,0.000000,0.000000,96.000000,96.000000,96.000000,100.000000,100.000000,5.0,1185.4509,1138.6651,8693.3065,8740.0923,PENDING_AG03,FALSE,NOT_FOR_ENFORCEMENT,9483.6071,484680.3568,9878.7574,9483.6071,395.1503,0.01770420,0.01699603,395.1503,9483.6071,0.01699603,395.1503,395.1503,395.1503,0.0000,0.0000,9483.6071,0.01699603,1185.4509,1138.6651,8693.3065,8740.0923,0.01557970,0.01566354,0.00070817,22.4534,20.6030,0.4031,82.3230,2.6463,4649.9123,204.2083,25.9152,21.1137,12.8578,14.5296,26.176,48.8436,54.2173,102.8621,13.088,0.0,3.731508,7.079487,1.545355,30,207,63,6,0.32204186,0.01770420,-0.00338982,0E-8,0.000000,0.904812,0.002133,0.03111404,2026-03-21,2026-08-06,120,3733,1703,139,0.863309,1.227414,1.154177,1.073473,,,,,,,,GLOBAL_BASELINE_NO_ENTITY_RANKING,,,NOT_APPLICABLE_GLOBAL_BASELINE,HF9g-P5,,,,X 全窗基线 · 不参与实体赏罚,15052862,1506,A168_HF9F_20260827_0900,2026-08-27 09:00:00
2026-06-02,127529701,-1,1,25.9726901021,4.6159384885,4.6159384885,0.5000000,2,2,0.50665070000000000,0.506650700000,-0.018812684590367487,-0.018812684590367487,-0.018812684590367487,0E-17,SENTINEL_DEALER,R03b_20260811_FULL_v1,L1_ELIGIBILITY,v2026-08-11,2026-03-21..2026-08-06,baccarat_bet02_101_all_pairs_incl_sentinel,round_win = game_pnl > 0 (decisive only),COMPATIBILITY_ONLY_NOT_PRODUCTION,557989.4742,504875.3716,9878.7574,24851,24505,-0.01770420,0.00338982,-0.02772422,-0.01770420,-9878.7574,557989.4742,OK,0.0000,395.1503,4.0000,96.0000,AG03-UNRESOLVED,ALL5_LEVELS_bet23_to_bet27,395.1503,395.1503,395.1503,0.0000,0.0000,4.000000,4.000000,4.000000,0.000000,0.000000,96.000000,96.000000,96.000000,100.000000,100.000000,5.0,1185.4509,1138.6651,8693.3065,8740.0923,PENDING_AG03,FALSE,NOT_FOR_ENFORCEMENT,9483.6071,484680.3568,9878.7574,9483.6071,395.1503,0.01770420,0.01699603,395.1503,9483.6071,0.01699603,395.1503,395.1503,395.1503,0.0000,0.0000,9483.6071,0.01699603,1185.4509,1138.6651,8693.3065,8740.0923,0.01557970,0.01566354,0.00070817,22.4534,20.6030,0.4031,82.3230,2.6463,4649.9123,204.2083,25.9152,21.1137,12.8578,14.5296,26.176,48.8436,54.2173,102.8621,13.088,0.0,3.731508,7.079487,1.545355,30,207,63,6,0.32204186,0.01770420,-0.00338982,0E-8,0.000000,0.904812,0.002133,0.03111404,2026-03-21,2026-08-06,120,3733,1703,139,0.863309,1.227414,1.154177,1.073473,,,,,,,,GLOBAL_BASELINE_NO_ENTITY_RANKING,,,NOT_APPLICABLE_GLOBAL_BASELINE,HF9g-P5,,,,X 全窗基线 · 不参与实体赏罚,15052863,1506,A168_HF9F_20260827_0900,2026-08-27 09:00:00
2026-06-02,127529701,1094,0,82.2897112145,-1.2857767377,-1.2857767377,0.5000000,5,5,0.50128862000000000,0.501288620000,-0.0051544971185412255,-0.0051544971185412255,-0.0051544971185412255,0E-17,ELIGIBLE,R03b_20260811_FULL_v1,L1_ELIGIBILITY,v2026-08-11,2026-03-21..2026-08-06,baccarat_bet02_101_all_pairs_incl_sentinel,round_win = game_pnl > 0 (decisive only),COMPATIBILITY_ONLY_NOT_PRODUCTION,557989.4742,504875.3716,9878.7574,24851,24505,-0.01770420,0.00338982,-0.02772422,-0.01770420,-9878.7574,557989.4742,OK,0.0000,395.1503,4.0000,96.0000,AG03-UNRESOLVED,ALL5_LEVELS_bet23_to_bet27,395.1503,395.1503,395.1503,0.0000,0.0000,4.000000,4.000000,4.000000,0.000000,0.000000,96.000000,96.000000,96.000000,100.000000,100.000000,5.0,1185.4509,1138.6651,8693.3065,8740.0923,PENDING_AG03,FALSE,NOT_FOR_ENFORCEMENT,9483.6071,484680.3568,9878.7574,9483.6071,395.1503,0.01770420,0.01699603,395.1503,9483.6071,0.01699603,395.1503,395.1503,395.1503,0.0000,0.0000,9483.6071,0.01699603,1185.4509,1138.6651,8693.3065,8740.0923,0.01557970,0.01566354,0.00070817,22.4534,20.6030,0.4031,82.3230,2.6463,4649.9123,204.2083,25.9152,21.1137,12.8578,14.5296,26.176,48.8436,54.2173,102.8621,13.088,0.0,3.731508,7.079487,1.545355,30,207,63,6,0.32204186,0.01770420,-0.00338982,0E-8,0.000000,0.904812,0.002133,0.03111404,2026-03-21,2026-08-06,120,3733,1703,139,0.863309,1.227414,1.154177,1.073473,,,,,,,,GLOBAL_BASELINE_NO_ENTITY_RANKING,,,NOT_APPLICABLE_GLOBAL_BASELINE,HF9g-P5,,,,X 全窗基线 · 不参与实体赏罚,15052864,1506,A168_HF9F_20260827_0900,2026-08-27 09:00:00
2026-06-02,127529701,1306,0,253.0408619846,-181.3588088564,-181.3588088564,0.1818182,15,13,0.48540139704143493,0.473843882051,-2.0146021189916103,-1.9397352826199359,-2.0146021189916103,0.01155751499043493,ELIGIBLE,R03b_20260811_FULL_v1,L1_ELIGIBILITY,v2026-08-11,2026-03-21..2026-08-06,baccarat_bet02_101_all_pairs_incl_sentinel,round_win = game_pnl > 0 (decisive only),COMPATIBILITY_ONLY_NOT_PRODUCTION,557989.4742,504875.3716,9878.7574,24851,24505,-0.01770420,0.00338982,-0.02772422,-0.01770420,-9878.7574,557989.4742,OK,0.0000,395.1503,4.0000,96.0000,AG03-UNRESOLVED,ALL5_LEVELS_bet23_to_bet27,395.1503,395.1503,395.1503,0.0000,0.0000,4.000000,4.000000,4.000000,0.000000,0.000000,96.000000,96.000000,96.000000,100.000000,100.000000,5.0,1185.4509,1138.6651,8693.3065,8740.0923,PENDING_AG03,FALSE,NOT_FOR_ENFORCEMENT,9483.6071,484680.3568,9878.7574,9483.6071,395.1503,0.01770420,0.01699603,395.1503,9483.6071,0.01699603,395.1503,395.1503,395.1503,0.0000,0.0000,9483.6071,0.01699603,1185.4509,1138.6651,8693.3065,8740.0923,0.01557970,0.01566354,0.00070817,22.4534,20.6030,0.4031,82.3230,2.6463,4649.9123,204.2083,25.9152,21.1137,12.8578,14.5296,26.176,48.8436,54.2173,102.8621,13.088,0.0,3.731508,7.079487,1.545355,30,207,63,6,0.32204186,0.01770420,-0.00338982,0E-8,0.000000,0.904812,0.002133,0.03111404,2026-03-21,2026-08-06,120,3733,1703,139,0.863309,1.227414,1.154177,1.073473,,,,,,,,GLOBAL_BASELINE_NO_ENTITY_RANKING,,,NOT_APPLICABLE_GLOBAL_BASELINE,HF9g-P5,,,,X 全窗基线 · 不参与实体赏罚,15052865,1506,A168_HF9F_20260827_0900,2026-08-27 09:00:00
2026-06-02,127529701,1402,0,93.6045465065,-7.5860827526,-7.5860827526,0.3333333,9,9,0.50069283333333333,0.500692833333,-1.0041579640283138,-1.0041579640263127,-1.0041579640283138,3.3333E-13,ELIGIBLE,R03b_20260811_FULL_v1,L1_ELIGIBILITY,v2026-08-11,2026-03-21..2026-08-06,baccarat_bet02_101_all_pairs_incl_sentinel,round_win = game_pnl > 0 (decisive only),COMPATIBILITY_ONLY_NOT_PRODUCTION,557989.4742,504875.3716,9878.7574,24851,24505,-0.01770420,0.00338982,-0.02772422,-0.01770420,-9878.7574,557989.4742,OK,0.0000,395.1503,4.0000,96.0000,AG03-UNRESOLVED,ALL5_LEVELS_bet23_to_bet27,395.1503,395.1503,395.1503,0.0000,0.0000,4.000000,4.000000,4.000000,0.000000,0.000000,96.000000,96.000000,96.000000,100.000000,100.000000,5.0,1185.4509,1138.6651,8693.3065,8740.0923,PENDING_AG03,FALSE,NOT_FOR_ENFORCEMENT,9483.6071,484680.3568,9878.7574,9483.6071,395.1503,0.01770420,0.01699603,395.1503,9483.6071,0.01699603,395.1503,395.1503,395.1503,0.0000,0.0000,9483.6071,0.01699603,1185.4509,1138.6651,8693.3065,8740.0923,0.01557970,0.01566354,0.00070817,22.4534,20.6030,0.4031,82.3230,2.6463,4649.9123,204.2083,25.9152,21.1137,12.8578,14.5296,26.176,48.8436,54.2173,102.8621,13.088,0.0,3.731508,7.079487,1.545355,30,207,63,6,0.32204186,0.01770420,-0.00338982,0E-8,0.000000,0.904812,0.002133,0.03111404,2026-03-21,2026-08-06,120,3733,1703,139,0.863309,1.227414,1.154177,1.073473,,,,,,,,GLOBAL_BASELINE_NO_ENTITY_RANKING,,,NOT_APPLICABLE_GLOBAL_BASELINE,HF9g-P5,,,,X 全窗基线 · 不参与实体赏罚,15052866,1506,A168_HF9F_20260827_0900,2026-08-27 09:00:00
2026-06-02,127529701,1490,0,7.9718157739,-2.3143981279,-2.3143981279,0.5000000,2,2,0.49994810000000000,0.499948100000,0.00014679536856514622,0.00014679536856514622,0.00014679536856514622,0E-17,ELIGIBLE,R03b_20260811_FULL_v1,L1_ELIGIBILITY,v2026-08-11,2026-03-21..2026-08-06,baccarat_bet02_101_all_pairs_incl_sentinel,round_win = game_pnl > 0 (decisive only),COMPATIBILITY_ONLY_NOT_PRODUCTION,557989.4742,504875.3716,9878.7574,24851,24505,-0.01770420,0.00338982,-0.02772422,-0.01770420,-9878.7574,557989.4742,OK,0.0000,395.1503,4.0000,96.0000,AG03-UNRESOLVED,ALL5_LEVELS_bet23_to_bet27,395.1503,395.1503,395.1503,0.0000,0.0000,4.000000,4.000000,4.000000,0.000000,0.000000,96.000000,96.000000,96.000000,100.000000,100.000000,5.0,1185.4509,1138.6651,8693.3065,8740.0923,PENDING_AG03,FALSE,NOT_FOR_ENFORCEMENT,9483.6071,484680.3568,9878.7574,9483.6071,395.1503,0.01770420,0.01699603,395.1503,9483.6071,0.01699603,395.1503,395.1503,395.1503,0.0000,0.0000,9483.6071,0.01699603,1185.4509,1138.6651,8693.3065,8740.0923,0.01557970,0.01566354,0.00070817,22.4534,20.6030,0.4031,82.3230,2.6463,4649.9123,204.2083,25.9152,21.1137,12.8578,14.5296,26.176,48.8436,54.2173,102.8621,13.088,0.0,3.731508,7.079487,1.545355,30,207,63,6,0.32204186,0.01770420,-0.00338982,0E-8,0.000000,0.904812,0.002133,0.03111404,2026-03-21,2026-08-06,120,3733,1703,139,0.863309,1.227414,1.154177,1.073473,,,,,,,,GLOBAL_BASELINE_NO_ENTITY_RANKING,,,NOT_APPLICABLE_GLOBAL_BASELINE,HF9g-P5,,,,X 全窗基线 · 不参与实体赏罚,15052867,1506,A168_HF9F_20260827_0900,2026-08-27 09:00:00
2026-06-02,127529701,1966,0,28.0299328825,2.3143981278,2.3143981278,0.5000000,4,4,0.49659680000000000,0.496596800000,0.013613115331600182,0.013613115331600183,0.013613115331600182,0E-17,ELIGIBLE,R03b_20260811_FULL_v1,L1_ELIGIBILITY,v2026-08-11,2026-03-21..2026-08-06,baccarat_bet02_101_all_pairs_incl_sentinel,round_win = game_pnl > 0 (decisive only),COMPATIBILITY_ONLY_NOT_PRODUCTION,557989.4742,504875.3716,9878.7574,24851,24505,-0.01770420,0.00338982,-0.02772422,-0.01770420,-9878.7574,557989.4742,OK,0.0000,395.1503,4.0000,96.0000,AG03-UNRESOLVED,ALL5_LEVELS_bet23_to_bet27,395.1503,395.1503,395.1503,0.0000,0.0000,4.000000,4.000000,4.000000,0.000000,0.000000,96.000000,96.000000,96.000000,100.000000,100.000000,5.0,1185.4509,1138.6651,8693.3065,8740.0923,PENDING_AG03,FALSE,NOT_FOR_ENFORCEMENT,9483.6071,484680.3568,9878.7574,9483.6071,395.1503,0.01770420,0.01699603,395.1503,9483.6071,0.01699603,395.1503,395.1503,395.1503,0.0000,0.0000,9483.6071,0.01699603,1185.4509,1138.6651,8693.3065,8740.0923,0.01557970,0.01566354,0.00070817,22.4534,20.6030,0.4031,82.3230,2.6463,4649.9123,204.2083,25.9152,21.1137,12.8578,14.5296,26.176,48.8436,54.2173,102.8621,13.088,0.0,3.731508,7.079487,1.545355,30,207,63,6,0.32204186,0.01770420,-0.00338982,0E-8,0.000000,0.904812,0.002133,0.03111404,2026-03-21,2026-08-06,120,3733,1703,139,0.863309,1.227414,1.154177,1.073473,,,,,,,,GLOBAL_BASELINE_NO_ENTITY_RANKING,,,NOT_APPLICABLE_GLOBAL_BASELINE,HF9g-P5,,,,X 全窗基线 · 不参与实体赏罚,15052868,1506,A168_HF9F_20260827_0900,2026-08-27 09:00:00
2026-06-02,127529701,1985,0,347.9311852287,33.8159282023,33.8159282023,0.4615385,27,27,0.49672092222222222,0.496720922222,-0.35879982309170444,-0.35879982308943925,-0.35879982309170444,2.2222E-13,ELIGIBLE,R03b_20260811_FULL_v1,L1_ELIGIBILITY,v2026-08-11,2026-03-21..2026-08-06,baccarat_bet02_101_all_pairs_incl_sentinel,round_win = game_pnl > 0 (decisive only),COMPATIBILITY_ONLY_NOT_PRODUCTION,557989.4742,504875.3716,9878.7574,24851,24505,-0.01770420,0.00338982,-0.02772422,-0.01770420,-9878.7574,557989.4742,OK,0.0000,395.1503,4.0000,96.0000,AG03-UNRESOLVED,ALL5_LEVELS_bet23_to_bet27,395.1503,395.1503,395.1503,0.0000,0.0000,4.000000,4.000000,4.000000,0.000000,0.000000,96.000000,96.000000,96.000000,100.000000,100.000000,5.0,1185.4509,1138.6651,8693.3065,8740.0923,PENDING_AG03,FALSE,NOT_FOR_ENFORCEMENT,9483.6071,484680.3568,9878.7574,9483.6071,395.1503,0.01770420,0.01699603,395.1503,9483.6071,0.01699603,395.1503,395.1503,395.1503,0.0000,0.0000,9483.6071,0.01699603,1185.4509,1138.6651,8693.3065,8740.0923,0.01557970,0.01566354,0.00070817,22.4534,20.6030,0.4031,82.3230,2.6463,4649.9123,204.2083,25.9152,21.1137,12.8578,14.5296,26.176,48.8436,54.2173,102.8621,13.088,0.0,3.731508,7.079487,1.545355,30,207,63,6,0.32204186,0.01770420,-0.00338982,0E-8,0.000000,0.904812,0.002133,0.03111404,2026-03-21,2026-08-06,120,3733,1703,139,0.863309,1.227414,1.154177,1.073473,,,,,,,,GLOBAL_BASELINE_NO_ENTITY_RANKING,,,NOT_APPLICABLE_GLOBAL_BASELINE,HF9g-P5,,,,X 全窗基线 · 不参与实体赏罚,15052869,1506,A168_HF9F_20260827_0900,2026-08-27 09:00:00
2026-06-02,127529701,2093,0,60.6886620206,-25.8312546608,-25.8312546608,0.4000000,6,6,0.49994810000000000,0.499948100000,-0.4469814940518811,-0.4469814940518811,-0.4469814940518811,0E-17,ELIGIBLE,R03b_20260811_FULL_v1,L1_ELIGIBILITY,v2026-08-11,2026-03-21..2026-08-06,baccarat_bet02_101_all_pairs_incl_sentinel,round_win = game_pnl > 0 (decisive only),COMPATIBILITY_ONLY_NOT_PRODUCTION,557989.4742,504875.3716,9878.7574,24851,24505,-0.01770420,0.00338982,-0.02772422,-0.01770420,-9878.7574,557989.4742,OK,0.0000,395.1503,4.0000,96.0000,AG03-UNRESOLVED,ALL5_LEVELS_bet23_to_bet27,395.1503,395.1503,395.1503,0.0000,0.0000,4.000000,4.000000,4.000000,0.000000,0.000000,96.000000,96.000000,96.000000,100.000000,100.000000,5.0,1185.4509,1138.6651,8693.3065,8740.0923,PENDING_AG03,FALSE,NOT_FOR_ENFORCEMENT,9483.6071,484680.3568,9878.7574,9483.6071,395.1503,0.01770420,0.01699603,395.1503,9483.6071,0.01699603,395.1503,395.1503,395.1503,0.0000,0.0000,9483.6071,0.01699603,1185.4509,1138.6651,8693.3065,8740.0923,0.01557970,0.01566354,0.00070817,22.4534,20.6030,0.4031,82.3230,2.6463,4649.9123,204.2083,25.9152,21.1137,12.8578,14.5296,26.176,48.8436,54.2173,102.8621,13.088,0.0,3.731508,7.079487,1.545355,30,207,63,6,0.32204186,0.01770420,-0.00338982,0E-8,0.000000,0.904812,0.002133,0.03111404,2026-03-21,2026-08-06,120,3733,1703,139,0.863309,1.227414,1.154177,1.073473,,,,,,,,GLOBAL_BASELINE_NO_ENTITY_RANKING,,,NOT_APPLICABLE_GLOBAL_BASELINE,HF9g-P5,,,,X 全窗基线 · 不参与实体赏罚,15052870,1506,A168_HF9F_20260827_0900,2026-08-27 09:00:00
2026-06-02,127529701,2108,0,7.7146604264,2.4429758017,2.4429758017,1.0000000,2,2,0.49994810000000000,0.499948100000,1.0001038053877793,1.0001038053877793,1.0001038053877793,0E-17,ELIGIBLE,R03b_20260811_FULL_v1,L1_ELIGIBILITY,v2026-08-11,2026-03-21..2026-08-06,baccarat_bet02_101_all_pairs_incl_sentinel,round_win = game_pnl > 0 (decisive only),COMPATIBILITY_ONLY_NOT_PRODUCTION,557989.4742,504875.3716,9878.7574,24851,24505,-0.01770420,0.00338982,-0.02772422,-0.01770420,-9878.7574,557989.4742,OK,0.0000,395.1503,4.0000,96.0000,AG03-UNRESOLVED,ALL5_LEVELS_bet23_to_bet27,395.1503,395.1503,395.1503,0.0000,0.0000,4.000000,4.000000,4.000000,0.000000,0.000000,96.000000,96.000000,96.000000,100.000000,100.000000,5.0,1185.4509,1138.6651,8693.3065,8740.0923,PENDING_AG03,FALSE,NOT_FOR_ENFORCEMENT,9483.6071,484680.3568,9878.7574,9483.6071,395.1503,0.01770420,0.01699603,395.1503,9483.6071,0.01699603,395.1503,395.1503,395.1503,0.0000,0.0000,9483.6071,0.01699603,1185.4509,1138.6651,8693.3065,8740.0923,0.01557970,0.01566354,0.00070817,22.4534,20.6030,0.4031,82.3230,2.6463,4649.9123,204.2083,25.9152,21.1137,12.8578,14.5296,26.176,48.8436,54.2173,102.8621,13.088,0.0,3.731508,7.079487,1.545355,30,207,63,6,0.32204186,0.01770420,-0.00338982,0E-8,0.000000,0.904812,0.002133,0.03111404,2026-03-21,2026-08-06,120,3733,1703,139,0.863309,1.227414,1.154177,1.073473,,,,,,,,GLOBAL_BASELINE_NO_ENTITY_RANKING,,,NOT_APPLICABLE_GLOBAL_BASELINE,HF9g-P5,,,,X 全窗基线 · 不参与实体赏罚,15052871,1506,A168_HF9F_20260827_0900,2026-08-27 09:00:00
2026-06-02,127529701,2123,0,232.7255895286,23.7868696481,23.7868696481,0.5555556,19,19,0.50030086842105263,0.500300868421,0.4688516524643823,0.4688516524648289,0.4688516524643823,5.263E-14,ELIGIBLE,R03b_20260811_FULL_v1,L1_ELIGIBILITY,v2026-08-11,2026-03-21..2026-08-06,baccarat_bet02_101_all_pairs_incl_sentinel,round_win = game_pnl > 0 (decisive only),COMPATIBILITY_ONLY_NOT_PRODUCTION,557989.4742,504875.3716,9878.7574,24851,24505,-0.01770420,0.00338982,-0.02772422,-0.01770420,-9878.7574,557989.4742,OK,0.0000,395.1503,4.0000,96.0000,AG03-UNRESOLVED,ALL5_LEVELS_bet23_to_bet27,395.1503,395.1503,395.1503,0.0000,0.0000,4.000000,4.000000,4.000000,0.000000,0.000000,96.000000,96.000000,96.000000,100.000000,100.000000,5.0,1185.4509,1138.6651,8693.3065,8740.0923,PENDING_AG03,FALSE,NOT_FOR_ENFORCEMENT,9483.6071,484680.3568,9878.7574,9483.6071,395.1503,0.01770420,0.01699603,395.1503,9483.6071,0.01699603,395.1503,395.1503,395.1503,0.0000,0.0000,9483.6071,0.01699603,1185.4509,1138.6651,8693.3065,8740.0923,0.01557970,0.01566354,0.00070817,22.4534,20.6030,0.4031,82.3230,2.6463,4649.9123,204.2083,25.9152,21.1137,12.8578,14.5296,26.176,48.8436,54.2173,102.8621,13.088,0.0,3.731508,7.079487,1.545355,30,207,63,6,0.32204186,0.01770420,-0.00338982,0E-8,0.000000,0.904812,0.002133,0.03111404,2026-03-21,2026-08-06,120,3733,1703,139,0.863309,1.227414,1.154177,1.073473,,,,,,,,GLOBAL_BASELINE_NO_ENTITY_RANKING,,,NOT_APPLICABLE_GLOBAL_BASELINE,HF9g-P5,,,,X 全窗基线 · 不参与实体赏罚,15052872,1506,A168_HF9F_20260827_0900,2026-08-27 09:00:00
2026-06-02,127529701,2155,0,30.6014863581,-4.7573739296,-4.7573739296,0.4000000,7,7,0.49707555714285714,0.497075557143,-0.4341425154050949,-0.4341425154057331,-0.4341425154050949,-1.4286E-13,ELIGIBLE,R03b_20260811_FULL_v1,L1_ELIGIBILITY,v2026-08-11,2026-03-21..2026-08-06,baccarat_bet02_101_all_pairs_incl_sentinel,round_win = game_pnl > 0 (decisive only),COMPATIBILITY_ONLY_NOT_PRODUCTION,557989.4742,504875.3716,9878.7574,24851,24505,-0.01770420,0.00338982,-0.02772422,-0.01770420,-9878.7574,557989.4742,OK,0.0000,395.1503,4.0000,96.0000,AG03-UNRESOLVED,ALL5_LEVELS_bet23_to_bet27,395.1503,395.1503,395.1503,0.0000,0.0000,4.000000,4.000000,4.000000,0.000000,0.000000,96.000000,96.000000,96.000000,100.000000,100.000000,5.0,1185.4509,1138.6651,8693.3065,8740.0923,PENDING_AG03,FALSE,NOT_FOR_ENFORCEMENT,9483.6071,484680.3568,9878.7574,9483.6071,395.1503,0.01770420,0.01699603,395.1503,9483.6071,0.01699603,395.1503,395.1503,395.1503,0.0000,0.0000,9483.6071,0.01699603,1185.4509,1138.6651,8693.3065,8740.0923,0.01557970,0.01566354,0.00070817,22.4534,20.6030,0.4031,82.3230,2.6463,4649.9123,204.2083,25.9152,21.1137,12.8578,14.5296,26.176,48.8436,54.2173,102.8621,13.088,0.0,3.731508,7.079487,1.545355,30,207,63,6,0.32204186,0.01770420,-0.00338982,0E-8,0.000000,0.904812,0.002133,0.03111404,2026-03-21,2026-08-06,120,3733,1703,139,0.863309,1.227414,1.154177,1.073473,,,,,,,,GLOBAL_BASELINE_NO_ENTITY_RANKING,,,NOT_APPLICABLE_GLOBAL_BASELINE,HF9g-P5,,,,X 全窗基线 · 不参与实体赏罚,15052873,1506,A168_HF9F_20260827_0900,2026-08-27 09:00:00
2026-06-02,127529701,2205,0,13.8863887675,-3.0858641705,-3.0858641705,0.5000000,3,3,0.49771390000000000,0.497713900000,0.006466134837551399,0.0064661348375514,0.006466134837551399,0E-17,ELIGIBLE,R03b_20260811_FULL_v1,L1_ELIGIBILITY,v2026-08-11,2026-03-21..2026-08-06,baccarat_bet02_101_all_pairs_incl_sentinel,round_win = game_pnl > 0 (decisive only),COMPATIBILITY_ONLY_NOT_PRODUCTION,557989.4742,504875.3716,9878.7574,24851,24505,-0.01770420,0.00338982,-0.02772422,-0.01770420,-9878.7574,557989.4742,OK,0.0000,395.1503,4.0000,96.0000,AG03-UNRESOLVED,ALL5_LEVELS_bet23_to_bet27,395.1503,395.1503,395.1503,0.0000,0.0000,4.000000,4.000000,4.000000,0.000000,0.000000,96.000000,96.000000,96.000000,100.000000,100.000000,5.0,1185.4509,1138.6651,8693.3065,8740.0923,PENDING_AG03,FALSE,NOT_FOR_ENFORCEMENT,9483.6071,484680.3568,9878.7574,9483.6071,395.1503,0.01770420,0.01699603,395.1503,9483.6071,0.01699603,395.1503,395.1503,395.1503,0.0000,0.0000,9483.6071,0.01699603,1185.4509,1138.6651,8693.3065,8740.0923,0.01557970,0.01566354,0.00070817,22.4534,20.6030,0.4031,82.3230,2.6463,4649.9123,204.2083,25.9152,21.1137,12.8578,14.5296,26.176,48.8436,54.2173,102.8621,13.088,0.0,3.731508,7.079487,1.545355,30,207,63,6,0.32204186,0.01770420,-0.00338982,0E-8,0.000000,0.904812,0.002133,0.03111404,2026-03-21,2026-08-06,120,3733,1703,139,0.863309,1.227414,1.154177,1.073473,,,,,,,,GLOBAL_BASELINE_NO_ENTITY_RANKING,,,NOT_APPLICABLE_GLOBAL_BASELINE,HF9g-P5,,,,X 全窗基线 · 不参与实体赏罚,15052874,1506,A168_HF9F_20260827_0900,2026-08-27 09:00:00
2026-06-02,127529701,2251,0,170.7511507702,40.6819759817,40.6819759817,0.6000000,15,15,0.50128862000000000,0.501288620000,0.7646176010050434,0.7646176010050434,0.7646176010050434,0E-17,ELIGIBLE,R03b_20260811_FULL_v1,L1_ELIGIBILITY,v2026-08-11,2026-03-21..2026-08-06,baccarat_bet02_101_all_pairs_incl_sentinel,round_win = game_pnl > 0 (decisive only),COMPATIBILITY_ONLY_NOT_PRODUCTION,557989.4742,504875.3716,9878.7574,24851,24505,-0.01770420,0.00338982,-0.02772422,-0.01770420,-9878.7574,557989.4742,OK,0.0000,395.1503,4.0000,96.0000,AG03-UNRESOLVED,ALL5_LEVELS_bet23_to_bet27,395.1503,395.1503,395.1503,0.0000,0.0000,4.000000,4.000000,4.000000,0.000000,0.000000,96.000000,96.000000,96.000000,100.000000,100.000000,5.0,1185.4509,1138.6651,8693.3065,8740.0923,PENDING_AG03,FALSE,NOT_FOR_ENFORCEMENT,9483.6071,484680.3568,9878.7574,9483.6071,395.1503,0.01770420,0.01699603,395.1503,9483.6071,0.01699603,395.1503,395.1503,395.1503,0.0000,0.0000,9483.6071,0.01699603,1185.4509,1138.6651,8693.3065,8740.0923,0.01557970,0.01566354,0.00070817,22.4534,20.6030,0.4031,82.3230,2.6463,4649.9123,204.2083,25.9152,21.1137,12.8578,14.5296,26.176,48.8436,54.2173,102.8621,13.088,0.0,3.731508,7.079487,1.545355,30,207,63,6,0.32204186,0.01770420,-0.00338982,0E-8,0.000000,0.904812,0.002133,0.03111404,2026-03-21,2026-08-06,120,3733,1703,139,0.863309,1.227414,1.154177,1.073473,,,,,,,,GLOBAL_BASELINE_NO_ENTITY_RANKING,,,NOT_APPLICABLE_GLOBAL_BASELINE,HF9g-P5,,,,X 全窗基线 · 不参与实体赏罚,15052875,1506,A168_HF9F_20260827_0900,2026-08-27 09:00:00
2026-06-02,127529701,550,0,43.4592537354,-2.7001311491,-2.7001311491,0.5000000,12,12,0.49659680000000000,0.496596800000,0.02357860740362636,0.02357860740362636,0.02357860740362636,0E-17,ELIGIBLE,R03b_20260811_FULL_v1,L1_ELIGIBILITY,v2026-08-11,2026-03-21..2026-08-06,baccarat_bet02_101_all_pairs_incl_sentinel,round_win = game_pnl > 0 (decisive only),COMPATIBILITY_ONLY_NOT_PRODUCTION,557989.4742,504875.3716,9878.7574,24851,24505,-0.01770420,0.00338982,-0.02772422,-0.01770420,-9878.7574,557989.4742,OK,0.0000,395.1503,4.0000,96.0000,AG03-UNRESOLVED,ALL5_LEVELS_bet23_to_bet27,395.1503,395.1503,395.1503,0.0000,0.0000,4.000000,4.000000,4.000000,0.000000,0.000000,96.000000,96.000000,96.000000,100.000000,100.000000,5.0,1185.4509,1138.6651,8693.3065,8740.0923,PENDING_AG03,FALSE,NOT_FOR_ENFORCEMENT,9483.6071,484680.3568,9878.7574,9483.6071,395.1503,0.01770420,0.01699603,395.1503,9483.6071,0.01699603,395.1503,395.1503,395.1503,0.0000,0.0000,9483.6071,0.01699603,1185.4509,1138.6651,8693.3065,8740.0923,0.01557970,0.01566354,0.00070817,22.4534,20.6030,0.4031,82.3230,2.6463,4649.9123,204.2083,25.9152,21.1137,12.8578,14.5296,26.176,48.8436,54.2173,102.8621,13.088,0.0,3.731508,7.079487,1.545355,30,207,63,6,0.32204186,0.01770420,-0.00338982,0E-8,0.000000,0.904812,0.002133,0.03111404,2026-03-21,2026-08-06,120,3733,1703,139,0.863309,1.227414,1.154177,1.073473,,,,,,,,GLOBAL_BASELINE_NO_ENTITY_RANKING,,,NOT_APPLICABLE_GLOBAL_BASELINE,HF9g-P5,,,,X 全窗基线 · 不参与实体赏罚,15052876,1506,A168_HF9F_20260827_0900,2026-08-27 09:00:00
2026-06-03,127529701,1299,0,30.8586417055,-30.8586417055,-30.8586417055,0E-7,2,2,0.49994810000000000,0.499948100000,-1.4140667746232096,-1.4140667746232096,-1.4140667746232096,0E-17,ELIGIBLE,R03b_20260811_FULL_v1,L1_ELIGIBILITY,v2026-08-11,2026-03-21..2026-08-06,baccarat_bet02_101_all_pairs_incl_sentinel,round_win = game_pnl > 0 (decisive only),COMPATIBILITY_ONLY_NOT_PRODUCTION,557989.4742,504875.3716,9878.7574,24851,24505,-0.01770420,0.00338982,-0.02772422,-0.01770420,-9878.7574,557989.4742,OK,0.0000,395.1503,4.0000,96.0000,AG03-UNRESOLVED,ALL5_LEVELS_bet23_to_bet27,395.1503,395.1503,395.1503,0.0000,0.0000,4.000000,4.000000,4.000000,0.000000,0.000000,96.000000,96.000000,96.000000,100.000000,100.000000,5.0,1185.4509,1138.6651,8693.3065,8740.0923,PENDING_AG03,FALSE,NOT_FOR_ENFORCEMENT,9483.6071,484680.3568,9878.7574,9483.6071,395.1503,0.01770420,0.01699603,395.1503,9483.6071,0.01699603,395.1503,395.1503,395.1503,0.0000,0.0000,9483.6071,0.01699603,1185.4509,1138.6651,8693.3065,8740.0923,0.01557970,0.01566354,0.00070817,22.4534,20.6030,0.4031,82.3230,2.6463,4649.9123,204.2083,25.9152,21.1137,12.8578,14.5296,26.176,48.8436,54.2173,102.8621,13.088,0.0,3.731508,7.079487,1.545355,30,207,63,6,0.32204186,0.01770420,-0.00338982,0E-8,0.000000,0.904812,0.002133,0.03111404,2026-03-21,2026-08-06,120,3733,1703,139,0.863309,1.227414,1.154177,1.073473,,,,,,,,GLOBAL_BASELINE_NO_ENTITY_RANKING,,,NOT_APPLICABLE_GLOBAL_BASELINE,HF9g-P5,,,,X 全窗基线 · 不参与实体赏罚,15052877,1506,A168_HF9F_20260827_0900,2026-08-27 09:00:00
2026-06-03,127529701,1307,0,40.3733895646,-30.3443310103,-30.3443310103,0.3333333,3,3,0.49771390000000000,0.497713900000,-0.5694369385616226,-0.5694369385616226,-0.5694369385616226,0E-17,ELIGIBLE,R03b_20260811_FULL_v1,L1_ELIGIBILITY,v2026-08-11,2026-03-21..2026-08-06,baccarat_bet02_101_all_pairs_incl_sentinel,round_win = game_pnl > 0 (decisive only),COMPATIBILITY_ONLY_NOT_PRODUCTION,557989.4742,504875.3716,9878.7574,24851,24505,-0.01770420,0.00338982,-0.02772422,-0.01770420,-9878.7574,557989.4742,OK,0.0000,395.1503,4.0000,96.0000,AG03-UNRESOLVED,ALL5_LEVELS_bet23_to_bet27,395.1503,395.1503,395.1503,0.0000,0.0000,4.000000,4.000000,4.000000,0.000000,0.000000,96.000000,96.000000,96.000000,100.000000,100.000000,5.0,1185.4509,1138.6651,8693.3065,8740.0923,PENDING_AG03,FALSE,NOT_FOR_ENFORCEMENT,9483.6071,484680.3568,9878.7574,9483.6071,395.1503,0.01770420,0.01699603,395.1503,9483.6071,0.01699603,395.1503,395.1503,395.1503,0.0000,0.0000,9483.6071,0.01699603,1185.4509,1138.6651,8693.3065,8740.0923,0.01557970,0.01566354,0.00070817,22.4534,20.6030,0.4031,82.3230,2.6463,4649.9123,204.2083,25.9152,21.1137,12.8578,14.5296,26.176,48.8436,54.2173,102.8621,13.088,0.0,3.731508,7.079487,1.545355,30,207,63,6,0.32204186,0.01770420,-0.00338982,0E-8,0.000000,0.904812,0.002133,0.03111404,2026-03-21,2026-08-06,120,3733,1703,139,0.863309,1.227414,1.154177,1.073473,,,,,,,,GLOBAL_BASELINE_NO_ENTITY_RANKING,,,NOT_APPLICABLE_GLOBAL_BASELINE,HF9g-P5,,,,X 全窗基线 · 不参与实体赏罚,15052878,1506,A168_HF9F_20260827_0900,2026-08-27 09:00:00
2026-06-03,127529701,1318,0,263.0699205391,-37.8018360892,-37.8018360892,0.5454545,12,12,0.50106520000000000,0.501065200000,0.29444627531269363,0.29444627531269363,0.29444627531269363,0E-17,ELIGIBLE,R03b_20260811_FULL_v1,L1_ELIGIBILITY,v2026-08-11,2026-03-21..2026-08-06,baccarat_bet02_101_all_pairs_incl_sentinel,round_win = game_pnl > 0 (decisive only),COMPATIBILITY_ONLY_NOT_PRODUCTION,557989.4742,504875.3716,9878.7574,24851,24505,-0.01770420,0.00338982,-0.02772422,-0.01770420,-9878.7574,557989.4742,OK,0.0000,395.1503,4.0000,96.0000,AG03-UNRESOLVED,ALL5_LEVELS_bet23_to_bet27,395.1503,395.1503,395.1503,0.0000,0.0000,4.000000,4.000000,4.000000,0.000000,0.000000,96.000000,96.000000,96.000000,100.000000,100.000000,5.0,1185.4509,1138.6651,8693.3065,8740.0923,PENDING_AG03,FALSE,NOT_FOR_ENFORCEMENT,9483.6071,484680.3568,9878.7574,9483.6071,395.1503,0.01770420,0.01699603,395.1503,9483.6071,0.01699603,395.1503,395.1503,395.1503,0.0000,0.0000,9483.6071,0.01699603,1185.4509,1138.6651,8693.3065,8740.0923,0.01557970,0.01566354,0.00070817,22.4534,20.6030,0.4031,82.3230,2.6463,4649.9123,204.2083,25.9152,21.1137,12.8578,14.5296,26.176,48.8436,54.2173,102.8621,13.088,0.0,3.731508,7.079487,1.545355,30,207,63,6,0.32204186,0.01770420,-0.00338982,0E-8,0.000000,0.904812,0.002133,0.03111404,2026-03-21,2026-08-06,120,3733,1703,139,0.863309,1.227414,1.154177,1.073473,,,,,,,,GLOBAL_BASELINE_NO_ENTITY_RANKING,,,NOT_APPLICABLE_GLOBAL_BASELINE,HF9g-P5,,,,X 全窗基线 · 不参与实体赏罚,15052879,1506,A168_HF9F_20260827_0900,2026-08-27 09:00:00
2026-06-03,127529701,1325,0,150.9501890090,-14.1435441150,-14.1435441150,0.5000000,9,9,0.50069283333333333,0.500692833333,-0.003919260948490246,-0.003919260946604642,-0.003919260948490246,3.3333E-13,ELIGIBLE,R03b_20260811_FULL_v1,L1_ELIGIBILITY,v2026-08-11,2026-03-21..2026-08-06,baccarat_bet02_101_all_pairs_incl_sentinel,round_win = game_pnl > 0 (decisive only),COMPATIBILITY_ONLY_NOT_PRODUCTION,557989.4742,504875.3716,9878.7574,24851,24505,-0.01770420,0.00338982,-0.02772422,-0.01770420,-9878.7574,557989.4742,OK,0.0000,395.1503,4.0000,96.0000,AG03-UNRESOLVED,ALL5_LEVELS_bet23_to_bet27,395.1503,395.1503,395.1503,0.0000,0.0000,4.000000,4.000000,4.000000,0.000000,0.000000,96.000000,96.000000,96.000000,100.000000,100.000000,5.0,1185.4509,1138.6651,8693.3065,8740.0923,PENDING_AG03,FALSE,NOT_FOR_ENFORCEMENT,9483.6071,484680.3568,9878.7574,9483.6071,395.1503,0.01770420,0.01699603,395.1503,9483.6071,0.01699603,395.1503,395.1503,395.1503,0.0000,0.0000,9483.6071,0.01699603,1185.4509,1138.6651,8693.3065,8740.0923,0.01557970,0.01566354,0.00070817,22.4534,20.6030,0.4031,82.3230,2.6463,4649.9123,204.2083,25.9152,21.1137,12.8578,14.5296,26.176,48.8436,54.2173,102.8621,13.088,0.0,3.731508,7.079487,1.545355,30,207,63,6,0.32204186,0.01770420,-0.00338982,0E-8,0.000000,0.904812,0.002133,0.03111404,2026-03-21,2026-08-06,120,3733,1703,139,0.863309,1.227414,1.154177,1.073473,,,,,,,,GLOBAL_BASELINE_NO_ENTITY_RANKING,,,NOT_APPLICABLE_GLOBAL_BASELINE,HF9g-P5,,,,X 全窗基线 · 不参与实体赏罚,15052880,1506,A168_HF9F_20260827_0900,2026-08-27 09:00:00
2026-06-03,127529701,2145,0,41.1448556072,-20.5724278036,-20.5724278036,0.3333333,3,3,0.50218230000000000,0.502182300000,-0.5849155494134425,-0.5849155494134426,-0.5849155494134425,0E-17,ELIGIBLE,R03b_20260811_FULL_v1,L1_ELIGIBILITY,v2026-08-11,2026-03-21..2026-08-06,baccarat_bet02_101_all_pairs_incl_sentinel,round_win = game_pnl > 0 (decisive only),COMPATIBILITY_ONLY_NOT_PRODUCTION,557989.4742,504875.3716,9878.7574,24851,24505,-0.01770420,0.00338982,-0.02772422,-0.01770420,-9878.7574,557989.4742,OK,0.0000,395.1503,4.0000,96.0000,AG03-UNRESOLVED,ALL5_LEVELS_bet23_to_bet27,395.1503,395.1503,395.1503,0.0000,0.0000,4.000000,4.000000,4.000000,0.000000,0.000000,96.000000,96.000000,96.000000,100.000000,100.000000,5.0,1185.4509,1138.6651,8693.3065,8740.0923,PENDING_AG03,FALSE,NOT_FOR_ENFORCEMENT,9483.6071,484680.3568,9878.7574,9483.6071,395.1503,0.01770420,0.01699603,395.1503,9483.6071,0.01699603,395.1503,395.1503,395.1503,0.0000,0.0000,9483.6071,0.01699603,1185.4509,1138.6651,8693.3065,8740.0923,0.01557970,0.01566354,0.00070817,22.4534,20.6030,0.4031,82.3230,2.6463,4649.9123,204.2083,25.9152,21.1137,12.8578,14.5296,26.176,48.8436,54.2173,102.8621,13.088,0.0,3.731508,7.079487,1.545355,30,207,63,6,0.32204186,0.01770420,-0.00338982,0E-8,0.000000,0.904812,0.002133,0.03111404,2026-03-21,2026-08-06,120,3733,1703,139,0.863309,1.227414,1.154177,1.073473,,,,,,,,GLOBAL_BASELINE_NO_ENTITY_RANKING,,,NOT_APPLICABLE_GLOBAL_BASELINE,HF9g-P5,,,,X 全窗基线 · 不参与实体赏罚,15052881,1506,A168_HF9F_20260827_0900,2026-08-27 09:00:00
2026-06-03,127529701,2202,0,7.7146604264,-7.7146604264,-7.7146604264,0E-7,1,1,0.49324550000000000,0.493245500000,-0.9865810262130424,-0.9865810262130424,-0.9865810262130424,0E-17,ELIGIBLE,R03b_20260811_FULL_v1,L1_ELIGIBILITY,v2026-08-11,2026-03-21..2026-08-06,baccarat_bet02_101_all_pairs_incl_sentinel,round_win = game_pnl > 0 (decisive only),COMPATIBILITY_ONLY_NOT_PRODUCTION,557989.4742,504875.3716,9878.7574,24851,24505,-0.01770420,0.00338982,-0.02772422,-0.01770420,-9878.7574,557989.4742,OK,0.0000,395.1503,4.0000,96.0000,AG03-UNRESOLVED,ALL5_LEVELS_bet23_to_bet27,395.1503,395.1503,395.1503,0.0000,0.0000,4.000000,4.000000,4.000000,0.000000,0.000000,96.000000,96.000000,96.000000,100.000000,100.000000,5.0,1185.4509,1138.6651,8693.3065,8740.0923,PENDING_AG03,FALSE,NOT_FOR_ENFORCEMENT,9483.6071,484680.3568,9878.7574,9483.6071,395.1503,0.01770420,0.01699603,395.1503,9483.6071,0.01699603,395.1503,395.1503,395.1503,0.0000,0.0000,9483.6071,0.01699603,1185.4509,1138.6651,8693.3065,8740.0923,0.01557970,0.01566354,0.00070817,22.4534,20.6030,0.4031,82.3230,2.6463,4649.9123,204.2083,25.9152,21.1137,12.8578,14.5296,26.176,48.8436,54.2173,102.8621,13.088,0.0,3.731508,7.079487,1.545355,30,207,63,6,0.32204186,0.01770420,-0.00338982,0E-8,0.000000,0.904812,0.002133,0.03111404,2026-03-21,2026-08-06,120,3733,1703,139,0.863309,1.227414,1.154177,1.073473,,,,,,,,GLOBAL_BASELINE_NO_ENTITY_RANKING,,,NOT_APPLICABLE_GLOBAL_BASELINE,HF9g-P5,,,,X 全窗基线 · 不参与实体赏罚,15052882,1506,A168_HF9F_20260827_0900,2026-08-27 09:00:00
2026-06-04,127529701,-1,1,756.5510324787,28.4028081364,28.4028081364,0.4772727,50,50,0.50021620400000000,0.500216204000,-0.30437964321840827,-0.30437964321840827,-0.30437964321840827,0E-17,SENTINEL_DEALER,R03b_20260811_FULL_v1,L1_ELIGIBILITY,v2026-08-11,2026-03-21..2026-08-06,baccarat_bet02_101_all_pairs_incl_sentinel,round_win = game_pnl > 0 (decisive only),COMPATIBILITY_ONLY_NOT_PRODUCTION,557989.4742,504875.3716,9878.7574,24851,24505,-0.01770420,0.00338982,-0.02772422,-0.01770420,-9878.7574,557989.4742,OK,0.0000,395.1503,4.0000,96.0000,AG03-UNRESOLVED,ALL5_LEVELS_bet23_to_bet27,395.1503,395.1503,395.1503,0.0000,0.0000,4.000000,4.000000,4.000000,0.000000,0.000000,96.000000,96.000000,96.000000,100.000000,100.000000,5.0,1185.4509,1138.6651,8693.3065,8740.0923,PENDING_AG03,FALSE,NOT_FOR_ENFORCEMENT,9483.6071,484680.3568,9878.7574,9483.6071,395.1503,0.01770420,0.01699603,395.1503,9483.6071,0.01699603,395.1503,395.1503,395.1503,0.0000,0.0000,9483.6071,0.01699603,1185.4509,1138.6651,8693.3065,8740.0923,0.01557970,0.01566354,0.00070817,22.4534,20.6030,0.4031,82.3230,2.6463,4649.9123,204.2083,25.9152,21.1137,12.8578,14.5296,26.176,48.8436,54.2173,102.8621,13.088,0.0,3.731508,7.079487,1.545355,30,207,63,6,0.32204186,0.01770420,-0.00338982,0E-8,0.000000,0.904812,0.002133,0.03111404,2026-03-21,2026-08-06,120,3733,1703,139,0.863309,1.227414,1.154177,1.073473,,,,,,,,GLOBAL_BASELINE_NO_ENTITY_RANKING,,,NOT_APPLICABLE_GLOBAL_BASELINE,HF9g-P5,,,,X 全窗基线 · 不参与实体赏罚,15052883,1506,A168_HF9F_20260827_0900,2026-08-27 09:00:00
2026-06-04,127529701,1094,0,25.7155347545,25.7155347545,25.7155347545,1.0000000,1,1,0.49324550000000000,0.493245500000,1.01360149184955,1.01360149184955,1.01360149184955,0E-17,ELIGIBLE,R03b_20260811_FULL_v1,L1_ELIGIBILITY,v2026-08-11,2026-03-21..2026-08-06,baccarat_bet02_101_all_pairs_incl_sentinel,round_win = game_pnl > 0 (decisive only),COMPATIBILITY_ONLY_NOT_PRODUCTION,557989.4742,504875.3716,9878.7574,24851,24505,-0.01770420,0.00338982,-0.02772422,-0.01770420,-9878.7574,557989.4742,OK,0.0000,395.1503,4.0000,96.0000,AG03-UNRESOLVED,ALL5_LEVELS_bet23_to_bet27,395.1503,395.1503,395.1503,0.0000,0.0000,4.000000,4.000000,4.000000,0.000000,0.000000,96.000000,96.000000,96.000000,100.000000,100.000000,5.0,1185.4509,1138.6651,8693.3065,8740.0923,PENDING_AG03,FALSE,NOT_FOR_ENFORCEMENT,9483.6071,484680.3568,9878.7574,9483.6071,395.1503,0.01770420,0.01699603,395.1503,9483.6071,0.01699603,395.1503,395.1503,395.1503,0.0000,0.0000,9483.6071,0.01699603,1185.4509,1138.6651,8693.3065,8740.0923,0.01557970,0.01566354,0.00070817,22.4534,20.6030,0.4031,82.3230,2.6463,4649.9123,204.2083,25.9152,21.1137,12.8578,14.5296,26.176,48.8436,54.2173,102.8621,13.088,0.0,3.731508,7.079487,1.545355,30,207,63,6,0.32204186,0.01770420,-0.00338982,0E-8,0.000000,0.904812,0.002133,0.03111404,2026-03-21,2026-08-06,120,3733,1703,139,0.863309,1.227414,1.154177,1.073473,,,,,,,,GLOBAL_BASELINE_NO_ENTITY_RANKING,,,NOT_APPLICABLE_GLOBAL_BASELINE,HF9g-P5,,,,X 全窗基线 · 不参与实体赏罚,15052884,1506,A168_HF9F_20260827_0900,2026-08-27 09:00:00
2026-06-04,127529701,1205,0,148.8929462288,43.8449867565,43.8449867565,0.6428571,15,15,0.49860758000000000,0.498607580000,1.0794690706362955,1.0794690706362955,1.0794690706362955,0E-17,ELIGIBLE,R03b_20260811_FULL_v1,L1_ELIGIBILITY,v2026-08-11,2026-03-21..2026-08-06,baccarat_bet02_101_all_pairs_incl_sentinel,round_win = game_pnl > 0 (decisive only),COMPATIBILITY_ONLY_NOT_PRODUCTION,557989.4742,504875.3716,9878.7574,24851,24505,-0.01770420,0.00338982,-0.02772422,-0.01770420,-9878.7574,557989.4742,OK,0.0000,395.1503,4.0000,96.0000,AG03-UNRESOLVED,ALL5_LEVELS_bet23_to_bet27,395.1503,395.1503,395.1503,0.0000,0.0000,4.000000,4.000000,4.000000,0.000000,0.000000,96.000000,96.000000,96.000000,100.000000,100.000000,5.0,1185.4509,1138.6651,8693.3065,8740.0923,PENDING_AG03,FALSE,NOT_FOR_ENFORCEMENT,9483.6071,484680.3568,9878.7574,9483.6071,395.1503,0.01770420,0.01699603,395.1503,9483.6071,0.01699603,395.1503,395.1503,395.1503,0.0000,0.0000,9483.6071,0.01699603,1185.4509,1138.6651,8693.3065,8740.0923,0.01557970,0.01566354,0.00070817,22.4534,20.6030,0.4031,82.3230,2.6463,4649.9123,204.2083,25.9152,21.1137,12.8578,14.5296,26.176,48.8436,54.2173,102.8621,13.088,0.0,3.731508,7.079487,1.545355,30,207,63,6,0.32204186,0.01770420,-0.00338982,0E-8,0.000000,0.904812,0.002133,0.03111404,2026-03-21,2026-08-06,120,3733,1703,139,0.863309,1.227414,1.154177,1.073473,,,,,,,,GLOBAL_BASELINE_NO_ENTITY_RANKING,,,NOT_APPLICABLE_GLOBAL_BASELINE,HF9g-P5,,,,X 全窗基线 · 不参与实体赏罚,15052885,1506,A168_HF9F_20260827_0900,2026-08-27 09:00:00
2026-06-04,127529701,1299,0,65.5746136242,-15.4293208528,-15.4293208528,0.4000000,5,5,0.50128862000000000,0.501288620000,-0.4529779837142727,-0.4529779837142727,-0.4529779837142727,0E-17,ELIGIBLE,R03b_20260811_FULL_v1,L1_ELIGIBILITY,v2026-08-11,2026-03-21..2026-08-06,baccarat_bet02_101_all_pairs_incl_sentinel,round_win = game_pnl > 0 (decisive only),COMPATIBILITY_ONLY_NOT_PRODUCTION,557989.4742,504875.3716,9878.7574,24851,24505,-0.01770420,0.00338982,-0.02772422,-0.01770420,-9878.7574,557989.4742,OK,0.0000,395.1503,4.0000,96.0000,AG03-UNRESOLVED,ALL5_LEVELS_bet23_to_bet27,395.1503,395.1503,395.1503,0.0000,0.0000,4.000000,4.000000,4.000000,0.000000,0.000000,96.000000,96.000000,96.000000,100.000000,100.000000,5.0,1185.4509,1138.6651,8693.3065,8740.0923,PENDING_AG03,FALSE,NOT_FOR_ENFORCEMENT,9483.6071,484680.3568,9878.7574,9483.6071,395.1503,0.01770420,0.01699603,395.1503,9483.6071,0.01699603,395.1503,395.1503,395.1503,0.0000,0.0000,9483.6071,0.01699603,1185.4509,1138.6651,8693.3065,8740.0923,0.01557970,0.01566354,0.00070817,22.4534,20.6030,0.4031,82.3230,2.6463,4649.9123,204.2083,25.9152,21.1137,12.8578,14.5296,26.176,48.8436,54.2173,102.8621,13.088,0.0,3.731508,7.079487,1.545355,30,207,63,6,0.32204186,0.01770420,-0.00338982,0E-8,0.000000,0.904812,0.002133,0.03111404,2026-03-21,2026-08-06,120,3733,1703,139,0.863309,1.227414,1.154177,1.073473,,,,,,,,GLOBAL_BASELINE_NO_ENTITY_RANKING,,,NOT_APPLICABLE_GLOBAL_BASELINE,HF9g-P5,,,,X 全窗基线 · 不参与实体赏罚,15052886,1506,A168_HF9F_20260827_0900,2026-08-27 09:00:00
2026-06-04,127529701,1306,0,25.7155347545,24.4297580168,24.4297580168,1.0000000,1,1,0.50665070000000000,0.506650700000,0.9867858985152569,0.9867858985152569,0.9867858985152569,0E-17,ELIGIBLE,R03b_20260811_FULL_v1,L1_ELIGIBILITY,v2026-08-11,2026-03-21..2026-08-06,baccarat_bet02_101_all_pairs_incl_sentinel,round_win = game_pnl > 0 (decisive only),COMPATIBILITY_ONLY_NOT_PRODUCTION,557989.4742,504875.3716,9878.7574,24851,24505,-0.01770420,0.00338982,-0.02772422,-0.01770420,-9878.7574,557989.4742,OK,0.0000,395.1503,4.0000,96.0000,AG03-UNRESOLVED,ALL5_LEVELS_bet23_to_bet27,395.1503,395.1503,395.1503,0.0000,0.0000,4.000000,4.000000,4.000000,0.000000,0.000000,96.000000,96.000000,96.000000,100.000000,100.000000,5.0,1185.4509,1138.6651,8693.3065,8740.0923,PENDING_AG03,FALSE,NOT_FOR_ENFORCEMENT,9483.6071,484680.3568,9878.7574,9483.6071,395.1503,0.01770420,0.01699603,395.1503,9483.6071,0.01699603,395.1503,395.1503,395.1503,0.0000,0.0000,9483.6071,0.01699603,1185.4509,1138.6651,8693.3065,8740.0923,0.01557970,0.01566354,0.00070817,22.4534,20.6030,0.4031,82.3230,2.6463,4649.9123,204.2083,25.9152,21.1137,12.8578,14.5296,26.176,48.8436,54.2173,102.8621,13.088,0.0,3.731508,7.079487,1.545355,30,207,63,6,0.32204186,0.01770420,-0.00338982,0E-8,0.000000,0.904812,0.002133,0.03111404,2026-03-21,2026-08-06,120,3733,1703,139,0.863309,1.227414,1.154177,1.073473,,,,,,,,GLOBAL_BASELINE_NO_ENTITY_RANKING,,,NOT_APPLICABLE_GLOBAL_BASELINE,HF9g-P5,,,,X 全窗基线 · 不参与实体赏罚,15052887,1506,A168_HF9F_20260827_0900,2026-08-27 09:00:00
2026-06-04,127529701,1307,0,59.4028852831,22.3725152364,22.3725152364,0.5000000,6,6,0.42903925000000000,0.429039250000,0.35119003368377977,0.35119003368377977,0.35119003368377977,0E-17,ELIGIBLE,R03b_20260811_FULL_v1,L1_ELIGIBILITY,v2026-08-11,2026-03-21..2026-08-06,baccarat_bet02_101_all_pairs_incl_sentinel,round_win = game_pnl > 0 (decisive only),COMPATIBILITY_ONLY_NOT_PRODUCTION,557989.4742,504875.3716,9878.7574,24851,24505,-0.01770420,0.00338982,-0.02772422,-0.01770420,-9878.7574,557989.4742,OK,0.0000,395.1503,4.0000,96.0000,AG03-UNRESOLVED,ALL5_LEVELS_bet23_to_bet27,395.1503,395.1503,395.1503,0.0000,0.0000,4.000000,4.000000,4.000000,0.000000,0.000000,96.000000,96.000000,96.000000,100.000000,100.000000,5.0,1185.4509,1138.6651,8693.3065,8740.0923,PENDING_AG03,FALSE,NOT_FOR_ENFORCEMENT,9483.6071,484680.3568,9878.7574,9483.6071,395.1503,0.01770420,0.01699603,395.1503,9483.6071,0.01699603,395.1503,395.1503,395.1503,0.0000,0.0000,9483.6071,0.01699603,1185.4509,1138.6651,8693.3065,8740.0923,0.01557970,0.01566354,0.00070817,22.4534,20.6030,0.4031,82.3230,2.6463,4649.9123,204.2083,25.9152,21.1137,12.8578,14.5296,26.176,48.8436,54.2173,102.8621,13.088,0.0,3.731508,7.079487,1.545355,30,207,63,6,0.32204186,0.01770420,-0.00338982,0E-8,0.000000,0.904812,0.002133,0.03111404,2026-03-21,2026-08-06,120,3733,1703,139,0.863309,1.227414,1.154177,1.073473,,,,,,,,GLOBAL_BASELINE_NO_ENTITY_RANKING,,,NOT_APPLICABLE_GLOBAL_BASELINE,HF9g-P5,,,,X 全窗基线 · 不参与实体赏罚,15052888,1506,A168_HF9F_20260827_0900,2026-08-27 09:00:00
2026-06-04,127529701,1318,0,157.3790726978,53.1668681049,53.1668681049,0.6666667,11,11,0.50177608181818182,0.501776081818,0.9893497508521373,0.9893497508532269,0.9893497508521373,1.8182E-13,ELIGIBLE,R03b_20260811_FULL_v1,L1_ELIGIBILITY,v2026-08-11,2026-03-21..2026-08-06,baccarat_bet02_101_all_pairs_incl_sentinel,round_win = game_pnl > 0 (decisive only),COMPATIBILITY_ONLY_NOT_PRODUCTION,557989.4742,504875.3716,9878.7574,24851,24505,-0.01770420,0.00338982,-0.02772422,-0.01770420,-9878.7574,557989.4742,OK,0.0000,395.1503,4.0000,96.0000,AG03-UNRESOLVED,ALL5_LEVELS_bet23_to_bet27,395.1503,395.1503,395.1503,0.0000,0.0000,4.000000,4.000000,4.000000,0.000000,0.000000,96.000000,96.000000,96.000000,100.000000,100.000000,5.0,1185.4509,1138.6651,8693.3065,8740.0923,PENDING_AG03,FALSE,NOT_FOR_ENFORCEMENT,9483.6071,484680.3568,9878.7574,9483.6071,395.1503,0.01770420,0.01699603,395.1503,9483.6071,0.01699603,395.1503,395.1503,395.1503,0.0000,0.0000,9483.6071,0.01699603,1185.4509,1138.6651,8693.3065,8740.0923,0.01557970,0.01566354,0.00070817,22.4534,20.6030,0.4031,82.3230,2.6463,4649.9123,204.2083,25.9152,21.1137,12.8578,14.5296,26.176,48.8436,54.2173,102.8621,13.088,0.0,3.731508,7.079487,1.545355,30,207,63,6,0.32204186,0.01770420,-0.00338982,0E-8,0.000000,0.904812,0.002133,0.03111404,2026-03-21,2026-08-06,120,3733,1703,139,0.863309,1.227414,1.154177,1.073473,,,,,,,,GLOBAL_BASELINE_NO_ENTITY_RANKING,,,NOT_APPLICABLE_GLOBAL_BASELINE,HF9g-P5,,,,X 全窗基线 · 不参与实体赏罚,15052889,1506,A168_HF9F_20260827_0900,2026-08-27 09:00:00
2026-06-04,127529701,1323,0,41.1448556073,2.5715534754,2.5715534754,0.5000000,3,3,0.50218230000000000,0.502182300000,-0.00617253530718887,-0.00617253530718887,-0.00617253530718887,0E-17,ELIGIBLE,R03b_20260811_FULL_v1,L1_ELIGIBILITY,v2026-08-11,2026-03-21..2026-08-06,baccarat_bet02_101_all_pairs_incl_sentinel,round_win = game_pnl > 0 (decisive only),COMPATIBILITY_ONLY_NOT_PRODUCTION,557989.4742,504875.3716,9878.7574,24851,24505,-0.01770420,0.00338982,-0.02772422,-0.01770420,-9878.7574,557989.4742,OK,0.0000,395.1503,4.0000,96.0000,AG03-UNRESOLVED,ALL5_LEVELS_bet23_to_bet27,395.1503,395.1503,395.1503,0.0000,0.0000,4.000000,4.000000,4.000000,0.000000,0.000000,96.000000,96.000000,96.000000,100.000000,100.000000,5.0,1185.4509,1138.6651,8693.3065,8740.0923,PENDING_AG03,FALSE,NOT_FOR_ENFORCEMENT,9483.6071,484680.3568,9878.7574,9483.6071,395.1503,0.01770420,0.01699603,395.1503,9483.6071,0.01699603,395.1503,395.1503,395.1503,0.0000,0.0000,9483.6071,0.01699603,1185.4509,1138.6651,8693.3065,8740.0923,0.01557970,0.01566354,0.00070817,22.4534,20.6030,0.4031,82.3230,2.6463,4649.9123,204.2083,25.9152,21.1137,12.8578,14.5296,26.176,48.8436,54.2173,102.8621,13.088,0.0,3.731508,7.079487,1.545355,30,207,63,6,0.32204186,0.01770420,-0.00338982,0E-8,0.000000,0.904812,0.002133,0.03111404,2026-03-21,2026-08-06,120,3733,1703,139,0.863309,1.227414,1.154177,1.073473,,,,,,,,GLOBAL_BASELINE_NO_ENTITY_RANKING,,,NOT_APPLICABLE_GLOBAL_BASELINE,HF9g-P5,,,,X 全窗基线 · 不参与实体赏罚,15052890,1506,A168_HF9F_20260827_0900,2026-08-27 09:00:00
2026-06-04,127529701,1325,0,25.7155347545,-5.1431069509,-5.1431069509,0.5000000,3,3,0.49324550000000000,0.493245500000,0.01910635448239258,0.01910635448239258,0.01910635448239258,0E-17,ELIGIBLE,R03b_20260811_FULL_v1,L1_ELIGIBILITY,v2026-08-11,2026-03-21..2026-08-06,baccarat_bet02_101_all_pairs_incl_sentinel,round_win = game_pnl > 0 (decisive only),COMPATIBILITY_ONLY_NOT_PRODUCTION,557989.4742,504875.3716,9878.7574,24851,24505,-0.01770420,0.00338982,-0.02772422,-0.01770420,-9878.7574,557989.4742,OK,0.0000,395.1503,4.0000,96.0000,AG03-UNRESOLVED,ALL5_LEVELS_bet23_to_bet27,395.1503,395.1503,395.1503,0.0000,0.0000,4.000000,4.000000,4.000000,0.000000,0.000000,96.000000,96.000000,96.000000,100.000000,100.000000,5.0,1185.4509,1138.6651,8693.3065,8740.0923,PENDING_AG03,FALSE,NOT_FOR_ENFORCEMENT,9483.6071,484680.3568,9878.7574,9483.6071,395.1503,0.01770420,0.01699603,395.1503,9483.6071,0.01699603,395.1503,395.1503,395.1503,0.0000,0.0000,9483.6071,0.01699603,1185.4509,1138.6651,8693.3065,8740.0923,0.01557970,0.01566354,0.00070817,22.4534,20.6030,0.4031,82.3230,2.6463,4649.9123,204.2083,25.9152,21.1137,12.8578,14.5296,26.176,48.8436,54.2173,102.8621,13.088,0.0,3.731508,7.079487,1.545355,30,207,63,6,0.32204186,0.01770420,-0.00338982,0E-8,0.000000,0.904812,0.002133,0.03111404,2026-03-21,2026-08-06,120,3733,1703,139,0.863309,1.227414,1.154177,1.073473,,,,,,,,GLOBAL_BASELINE_NO_ENTITY_RANKING,,,NOT_APPLICABLE_GLOBAL_BASELINE,HF9g-P5,,,,X 全窗基线 · 不参与实体赏罚,15052891,1506,A168_HF9F_20260827_0900,2026-08-27 09:00:00
2026-06-04,127529701,1331,0,23.1439812791,0E-10,0E-10,,2,2,0.50665070000000000,0.506650700000,,,,0E-17,NO_DECISIVE_ROUND,R03b_20260811_FULL_v1,L1_ELIGIBILITY,v2026-08-11,2026-03-21..2026-08-06,baccarat_bet02_101_all_pairs_incl_sentinel,round_win = game_pnl > 0 (decisive only),COMPATIBILITY_ONLY_NOT_PRODUCTION,557989.4742,504875.3716,9878.7574,24851,24505,-0.01770420,0.00338982,-0.02772422,-0.01770420,-9878.7574,557989.4742,OK,0.0000,395.1503,4.0000,96.0000,AG03-UNRESOLVED,ALL5_LEVELS_bet23_to_bet27,395.1503,395.1503,395.1503,0.0000,0.0000,4.000000,4.000000,4.000000,0.000000,0.000000,96.000000,96.000000,96.000000,100.000000,100.000000,5.0,1185.4509,1138.6651,8693.3065,8740.0923,PENDING_AG03,FALSE,NOT_FOR_ENFORCEMENT,9483.6071,484680.3568,9878.7574,9483.6071,395.1503,0.01770420,0.01699603,395.1503,9483.6071,0.01699603,395.1503,395.1503,395.1503,0.0000,0.0000,9483.6071,0.01699603,1185.4509,1138.6651,8693.3065,8740.0923,0.01557970,0.01566354,0.00070817,22.4534,20.6030,0.4031,82.3230,2.6463,4649.9123,204.2083,25.9152,21.1137,12.8578,14.5296,26.176,48.8436,54.2173,102.8621,13.088,0.0,3.731508,7.079487,1.545355,30,207,63,6,0.32204186,0.01770420,-0.00338982,0E-8,0.000000,0.904812,0.002133,0.03111404,2026-03-21,2026-08-06,120,3733,1703,139,0.863309,1.227414,1.154177,1.073473,,,,,,,,GLOBAL_BASELINE_NO_ENTITY_RANKING,,,NOT_APPLICABLE_GLOBAL_BASELINE,HF9g-P5,,,,X 全窗基线 · 不参与实体赏罚,15052892,1506,A168_HF9F_20260827_0900,2026-08-27 09:00:00
2026-06-04,127529701,1353,0,69.6890991848,17.7437189806,17.7437189806,0.5000000,6,6,0.49771390000000000,0.497713900000,0.011199674067230152,0.011199674067230152,0.011199674067230152,0E-17,ELIGIBLE,R03b_20260811_FULL_v1,L1_ELIGIBILITY,v2026-08-11,2026-03-21..2026-08-06,baccarat_bet02_101_all_pairs_incl_sentinel,round_win = game_pnl > 0 (decisive only),COMPATIBILITY_ONLY_NOT_PRODUCTION,557989.4742,504875.3716,9878.7574,24851,24505,-0.01770420,0.00338982,-0.02772422,-0.01770420,-9878.7574,557989.4742,OK,0.0000,395.1503,4.0000,96.0000,AG03-UNRESOLVED,ALL5_LEVELS_bet23_to_bet27,395.1503,395.1503,395.1503,0.0000,0.0000,4.000000,4.000000,4.000000,0.000000,0.000000,96.000000,96.000000,96.000000,100.000000,100.000000,5.0,1185.4509,1138.6651,8693.3065,8740.0923,PENDING_AG03,FALSE,NOT_FOR_ENFORCEMENT,9483.6071,484680.3568,9878.7574,9483.6071,395.1503,0.01770420,0.01699603,395.1503,9483.6071,0.01699603,395.1503,395.1503,395.1503,0.0000,0.0000,9483.6071,0.01699603,1185.4509,1138.6651,8693.3065,8740.0923,0.01557970,0.01566354,0.00070817,22.4534,20.6030,0.4031,82.3230,2.6463,4649.9123,204.2083,25.9152,21.1137,12.8578,14.5296,26.176,48.8436,54.2173,102.8621,13.088,0.0,3.731508,7.079487,1.545355,30,207,63,6,0.32204186,0.01770420,-0.00338982,0E-8,0.000000,0.904812,0.002133,0.03111404,2026-03-21,2026-08-06,120,3733,1703,139,0.863309,1.227414,1.154177,1.073473,,,,,,,,GLOBAL_BASELINE_NO_ENTITY_RANKING,,,NOT_APPLICABLE_GLOBAL_BASELINE,HF9g-P5,,,,X 全窗基线 · 不参与实体赏罚,15052893,1506,A168_HF9F_20260827_0900,2026-08-27 09:00:00
2026-06-04,127529701,1396,0,5.9145729935,5.9145729935,5.9145729935,1.0000000,1,1,0.49324550000000000,0.493245500000,1.01360149184955,1.01360149184955,1.01360149184955,0E-17,ELIGIBLE,R03b_20260811_FULL_v1,L1_ELIGIBILITY,v2026-08-11,2026-03-21..2026-08-06,baccarat_bet02_101_all_pairs_incl_sentinel,round_win = game_pnl > 0 (decisive only),COMPATIBILITY_ONLY_NOT_PRODUCTION,557989.4742,504875.3716,9878.7574,24851,24505,-0.01770420,0.00338982,-0.02772422,-0.01770420,-9878.7574,557989.4742,OK,0.0000,395.1503,4.0000,96.0000,AG03-UNRESOLVED,ALL5_LEVELS_bet23_to_bet27,395.1503,395.1503,395.1503,0.0000,0.0000,4.000000,4.000000,4.000000,0.000000,0.000000,96.000000,96.000000,96.000000,100.000000,100.000000,5.0,1185.4509,1138.6651,8693.3065,8740.0923,PENDING_AG03,FALSE,NOT_FOR_ENFORCEMENT,9483.6071,484680.3568,9878.7574,9483.6071,395.1503,0.01770420,0.01699603,395.1503,9483.6071,0.01699603,395.1503,395.1503,395.1503,0.0000,0.0000,9483.6071,0.01699603,1185.4509,1138.6651,8693.3065,8740.0923,0.01557970,0.01566354,0.00070817,22.4534,20.6030,0.4031,82.3230,2.6463,4649.9123,204.2083,25.9152,21.1137,12.8578,14.5296,26.176,48.8436,54.2173,102.8621,13.088,0.0,3.731508,7.079487,1.545355,30,207,63,6,0.32204186,0.01770420,-0.00338982,0E-8,0.000000,0.904812,0.002133,0.03111404,2026-03-21,2026-08-06,120,3733,1703,139,0.863309,1.227414,1.154177,1.073473,,,,,,,,GLOBAL_BASELINE_NO_ENTITY_RANKING,,,NOT_APPLICABLE_GLOBAL_BASELINE,HF9g-P5,,,,X 全窗基线 · 不参与实体赏罚,15052894,1506,A168_HF9F_20260827_0900,2026-08-27 09:00:00
2026-06-04,127529701,1401,0,59.9171959780,-59.9171959780,-59.9171959780,0E-7,3,3,0.49771390000000000,0.497713900000,-1.724149546644903,-1.724149546644903,-1.724149546644903,0E-17,ELIGIBLE,R03b_20260811_FULL_v1,L1_ELIGIBILITY,v2026-08-11,2026-03-21..2026-08-06,baccarat_bet02_101_all_pairs_incl_sentinel,round_win = game_pnl > 0 (decisive only),COMPATIBILITY_ONLY_NOT_PRODUCTION,557989.4742,504875.3716,9878.7574,24851,24505,-0.01770420,0.00338982,-0.02772422,-0.01770420,-9878.7574,557989.4742,OK,0.0000,395.1503,4.0000,96.0000,AG03-UNRESOLVED,ALL5_LEVELS_bet23_to_bet27,395.1503,395.1503,395.1503,0.0000,0.0000,4.000000,4.000000,4.000000,0.000000,0.000000,96.000000,96.000000,96.000000,100.000000,100.000000,5.0,1185.4509,1138.6651,8693.3065,8740.0923,PENDING_AG03,FALSE,NOT_FOR_ENFORCEMENT,9483.6071,484680.3568,9878.7574,9483.6071,395.1503,0.01770420,0.01699603,395.1503,9483.6071,0.01699603,395.1503,395.1503,395.1503,0.0000,0.0000,9483.6071,0.01699603,1185.4509,1138.6651,8693.3065,8740.0923,0.01557970,0.01566354,0.00070817,22.4534,20.6030,0.4031,82.3230,2.6463,4649.9123,204.2083,25.9152,21.1137,12.8578,14.5296,26.176,48.8436,54.2173,102.8621,13.088,0.0,3.731508,7.079487,1.545355,30,207,63,6,0.32204186,0.01770420,-0.00338982,0E-8,0.000000,0.904812,0.002133,0.03111404,2026-03-21,2026-08-06,120,3733,1703,139,0.863309,1.227414,1.154177,1.073473,,,,,,,,GLOBAL_BASELINE_NO_ENTITY_RANKING,,,NOT_APPLICABLE_GLOBAL_BASELINE,HF9g-P5,,,,X 全窗基线 · 不参与实体赏罚,15052895,1506,A168_HF9F_20260827_0900,2026-08-27 09:00:00
2026-06-04,127529701,1402,0,40.1162342171,-19.8009617610,-19.8009617610,0.4000000,5,5,0.49860758000000000,0.498607580000,-0.440988213962219,-0.440988213962219,-0.440988213962219,0E-17,ELIGIBLE,R03b_20260811_FULL_v1,L1_ELIGIBILITY,v2026-08-11,2026-03-21..2026-08-06,baccarat_bet02_101_all_pairs_incl_sentinel,round_win = game_pnl > 0 (decisive only),COMPATIBILITY_ONLY_NOT_PRODUCTION,557989.4742,504875.3716,9878.7574,24851,24505,-0.01770420,0.00338982,-0.02772422,-0.01770420,-9878.7574,557989.4742,OK,0.0000,395.1503,4.0000,96.0000,AG03-UNRESOLVED,ALL5_LEVELS_bet23_to_bet27,395.1503,395.1503,395.1503,0.0000,0.0000,4.000000,4.000000,4.000000,0.000000,0.000000,96.000000,96.000000,96.000000,100.000000,100.000000,5.0,1185.4509,1138.6651,8693.3065,8740.0923,PENDING_AG03,FALSE,NOT_FOR_ENFORCEMENT,9483.6071,484680.3568,9878.7574,9483.6071,395.1503,0.01770420,0.01699603,395.1503,9483.6071,0.01699603,395.1503,395.1503,395.1503,0.0000,0.0000,9483.6071,0.01699603,1185.4509,1138.6651,8693.3065,8740.0923,0.01557970,0.01566354,0.00070817,22.4534,20.6030,0.4031,82.3230,2.6463,4649.9123,204.2083,25.9152,21.1137,12.8578,14.5296,26.176,48.8436,54.2173,102.8621,13.088,0.0,3.731508,7.079487,1.545355,30,207,63,6,0.32204186,0.01770420,-0.00338982,0E-8,0.000000,0.904812,0.002133,0.03111404,2026-03-21,2026-08-06,120,3733,1703,139,0.863309,1.227414,1.154177,1.073473,,,,,,,,GLOBAL_BASELINE_NO_ENTITY_RANKING,,,NOT_APPLICABLE_GLOBAL_BASELINE,HF9g-P5,,,,X 全窗基线 · 不参与实体赏罚,15052896,1506,A168_HF9F_20260827_0900,2026-08-27 09:00:00
2026-06-04,127529701,1490,0,117.0056831334,38.5733021318,38.5733021318,0.7000000,10,10,0.49726706000000000,0.497267060000,1.282214848053072,1.2822148480530722,1.282214848053072,0E-17,ELIGIBLE,R03b_20260811_FULL_v1,L1_ELIGIBILITY,v2026-08-11,2026-03-21..2026-08-06,baccarat_bet02_101_all_pairs_incl_sentinel,round_win = game_pnl > 0 (decisive only),COMPATIBILITY_ONLY_NOT_PRODUCTION,557989.4742,504875.3716,9878.7574,24851,24505,-0.01770420,0.00338982,-0.02772422,-0.01770420,-9878.7574,557989.4742,OK,0.0000,395.1503,4.0000,96.0000,AG03-UNRESOLVED,ALL5_LEVELS_bet23_to_bet27,395.1503,395.1503,395.1503,0.0000,0.0000,4.000000,4.000000,4.000000,0.000000,0.000000,96.000000,96.000000,96.000000,100.000000,100.000000,5.0,1185.4509,1138.6651,8693.3065,8740.0923,PENDING_AG03,FALSE,NOT_FOR_ENFORCEMENT,9483.6071,484680.3568,9878.7574,9483.6071,395.1503,0.01770420,0.01699603,395.1503,9483.6071,0.01699603,395.1503,395.1503,395.1503,0.0000,0.0000,9483.6071,0.01699603,1185.4509,1138.6651,8693.3065,8740.0923,0.01557970,0.01566354,0.00070817,22.4534,20.6030,0.4031,82.3230,2.6463,4649.9123,204.2083,25.9152,21.1137,12.8578,14.5296,26.176,48.8436,54.2173,102.8621,13.088,0.0,3.731508,7.079487,1.545355,30,207,63,6,0.32204186,0.01770420,-0.00338982,0E-8,0.000000,0.904812,0.002133,0.03111404,2026-03-21,2026-08-06,120,3733,1703,139,0.863309,1.227414,1.154177,1.073473,,,,,,,,GLOBAL_BASELINE_NO_ENTITY_RANKING,,,NOT_APPLICABLE_GLOBAL_BASELINE,HF9g-P5,,,,X 全窗基线 · 不参与实体赏罚,15052897,1506,A168_HF9F_20260827_0900,2026-08-27 09:00:00
2026-06-04,127529701,1714,0,38.5733021318,12.8577673772,12.8577673772,0.5000000,2,2,0.49994810000000000,0.499948100000,0.00014679536856514622,0.00014679536856514622,0.00014679536856514622,0E-17,ELIGIBLE,R03b_20260811_FULL_v1,L1_ELIGIBILITY,v2026-08-11,2026-03-21..2026-08-06,baccarat_bet02_101_all_pairs_incl_sentinel,round_win = game_pnl > 0 (decisive only),COMPATIBILITY_ONLY_NOT_PRODUCTION,557989.4742,504875.3716,9878.7574,24851,24505,-0.01770420,0.00338982,-0.02772422,-0.01770420,-9878.7574,557989.4742,OK,0.0000,395.1503,4.0000,96.0000,AG03-UNRESOLVED,ALL5_LEVELS_bet23_to_bet27,395.1503,395.1503,395.1503,0.0000,0.0000,4.000000,4.000000,4.000000,0.000000,0.000000,96.000000,96.000000,96.000000,100.000000,100.000000,5.0,1185.4509,1138.6651,8693.3065,8740.0923,PENDING_AG03,FALSE,NOT_FOR_ENFORCEMENT,9483.6071,484680.3568,9878.7574,9483.6071,395.1503,0.01770420,0.01699603,395.1503,9483.6071,0.01699603,395.1503,395.1503,395.1503,0.0000,0.0000,9483.6071,0.01699603,1185.4509,1138.6651,8693.3065,8740.0923,0.01557970,0.01566354,0.00070817,22.4534,20.6030,0.4031,82.3230,2.6463,4649.9123,204.2083,25.9152,21.1137,12.8578,14.5296,26.176,48.8436,54.2173,102.8621,13.088,0.0,3.731508,7.079487,1.545355,30,207,63,6,0.32204186,0.01770420,-0.00338982,0E-8,0.000000,0.904812,0.002133,0.03111404,2026-03-21,2026-08-06,120,3733,1703,139,0.863309,1.227414,1.154177,1.073473,,,,,,,,GLOBAL_BASELINE_NO_ENTITY_RANKING,,,NOT_APPLICABLE_GLOBAL_BASELINE,HF9g-P5,,,,X 全窗基线 · 不参与实体赏罚,15052898,1506,A168_HF9F_20260827_0900,2026-08-27 09:00:00
2026-06-04,127529701,1750,0,64.2888368863,-64.2888368863,-64.2888368863,0E-7,3,3,0.50218230000000000,0.502182300000,-1.7396270863184011,-1.7396270863184016,-1.7396270863184011,0E-17,ELIGIBLE,R03b_20260811_FULL_v1,L1_ELIGIBILITY,v2026-08-11,2026-03-21..2026-08-06,baccarat_bet02_101_all_pairs_incl_sentinel,round_win = game_pnl > 0 (decisive only),COMPATIBILITY_ONLY_NOT_PRODUCTION,557989.4742,504875.3716,9878.7574,24851,24505,-0.01770420,0.00338982,-0.02772422,-0.01770420,-9878.7574,557989.4742,OK,0.0000,395.1503,4.0000,96.0000,AG03-UNRESOLVED,ALL5_LEVELS_bet23_to_bet27,395.1503,395.1503,395.1503,0.0000,0.0000,4.000000,4.000000,4.000000,0.000000,0.000000,96.000000,96.000000,96.000000,100.000000,100.000000,5.0,1185.4509,1138.6651,8693.3065,8740.0923,PENDING_AG03,FALSE,NOT_FOR_ENFORCEMENT,9483.6071,484680.3568,9878.7574,9483.6071,395.1503,0.01770420,0.01699603,395.1503,9483.6071,0.01699603,395.1503,395.1503,395.1503,0.0000,0.0000,9483.6071,0.01699603,1185.4509,1138.6651,8693.3065,8740.0923,0.01557970,0.01566354,0.00070817,22.4534,20.6030,0.4031,82.3230,2.6463,4649.9123,204.2083,25.9152,21.1137,12.8578,14.5296,26.176,48.8436,54.2173,102.8621,13.088,0.0,3.731508,7.079487,1.545355,30,207,63,6,0.32204186,0.01770420,-0.00338982,0E-8,0.000000,0.904812,0.002133,0.03111404,2026-03-21,2026-08-06,120,3733,1703,139,0.863309,1.227414,1.154177,1.073473,,,,,,,,GLOBAL_BASELINE_NO_ENTITY_RANKING,,,NOT_APPLICABLE_GLOBAL_BASELINE,HF9g-P5,,,,X 全窗基线 · 不参与实体赏罚,15052899,1506,A168_HF9F_20260827_0900,2026-08-27 09:00:00
2026-06-04,127529701,2093,0,109.5481780543,58.8757168206,58.8757168206,0.7500000,8,8,0.49827245000000000,0.498272450000,1.4239945605785045,1.4239945605785045,1.4239945605785045,0E-17,ELIGIBLE,R03b_20260811_FULL_v1,L1_ELIGIBILITY,v2026-08-11,2026-03-21..2026-08-06,baccarat_bet02_101_all_pairs_incl_sentinel,round_win = game_pnl > 0 (decisive only),COMPATIBILITY_ONLY_NOT_PRODUCTION,557989.4742,504875.3716,9878.7574,24851,24505,-0.01770420,0.00338982,-0.02772422,-0.01770420,-9878.7574,557989.4742,OK,0.0000,395.1503,4.0000,96.0000,AG03-UNRESOLVED,ALL5_LEVELS_bet23_to_bet27,395.1503,395.1503,395.1503,0.0000,0.0000,4.000000,4.000000,4.000000,0.000000,0.000000,96.000000,96.000000,96.000000,100.000000,100.000000,5.0,1185.4509,1138.6651,8693.3065,8740.0923,PENDING_AG03,FALSE,NOT_FOR_ENFORCEMENT,9483.6071,484680.3568,9878.7574,9483.6071,395.1503,0.01770420,0.01699603,395.1503,9483.6071,0.01699603,395.1503,395.1503,395.1503,0.0000,0.0000,9483.6071,0.01699603,1185.4509,1138.6651,8693.3065,8740.0923,0.01557970,0.01566354,0.00070817,22.4534,20.6030,0.4031,82.3230,2.6463,4649.9123,204.2083,25.9152,21.1137,12.8578,14.5296,26.176,48.8436,54.2173,102.8621,13.088,0.0,3.731508,7.079487,1.545355,30,207,63,6,0.32204186,0.01770420,-0.00338982,0E-8,0.000000,0.904812,0.002133,0.03111404,2026-03-21,2026-08-06,120,3733,1703,139,0.863309,1.227414,1.154177,1.073473,,,,,,,,GLOBAL_BASELINE_NO_ENTITY_RANKING,,,NOT_APPLICABLE_GLOBAL_BASELINE,HF9g-P5,,,,X 全窗基线 · 不参与实体赏罚,15052900,1506,A168_HF9F_20260827_0900,2026-08-27 09:00:00
2026-06-04,127529701,2142,0,46.2879625581,-10.2862139018,-10.2862139018,0.3333333,4,4,0.49994810000000000,0.499948100000,-0.5771704854251445,-0.5771704854251445,-0.5771704854251445,0E-17,ELIGIBLE,R03b_20260811_FULL_v1,L1_ELIGIBILITY,v2026-08-11,2026-03-21..2026-08-06,baccarat_bet02_101_all_pairs_incl_sentinel,round_win = game_pnl > 0 (decisive only),COMPATIBILITY_ONLY_NOT_PRODUCTION,557989.4742,504875.3716,9878.7574,24851,24505,-0.01770420,0.00338982,-0.02772422,-0.01770420,-9878.7574,557989.4742,OK,0.0000,395.1503,4.0000,96.0000,AG03-UNRESOLVED,ALL5_LEVELS_bet23_to_bet27,395.1503,395.1503,395.1503,0.0000,0.0000,4.000000,4.000000,4.000000,0.000000,0.000000,96.000000,96.000000,96.000000,100.000000,100.000000,5.0,1185.4509,1138.6651,8693.3065,8740.0923,PENDING_AG03,FALSE,NOT_FOR_ENFORCEMENT,9483.6071,484680.3568,9878.7574,9483.6071,395.1503,0.01770420,0.01699603,395.1503,9483.6071,0.01699603,395.1503,395.1503,395.1503,0.0000,0.0000,9483.6071,0.01699603,1185.4509,1138.6651,8693.3065,8740.0923,0.01557970,0.01566354,0.00070817,22.4534,20.6030,0.4031,82.3230,2.6463,4649.9123,204.2083,25.9152,21.1137,12.8578,14.5296,26.176,48.8436,54.2173,102.8621,13.088,0.0,3.731508,7.079487,1.545355,30,207,63,6,0.32204186,0.01770420,-0.00338982,0E-8,0.000000,0.904812,0.002133,0.03111404,2026-03-21,2026-08-06,120,3733,1703,139,0.863309,1.227414,1.154177,1.073473,,,,,,,,GLOBAL_BASELINE_NO_ENTITY_RANKING,,,NOT_APPLICABLE_GLOBAL_BASELINE,HF9g-P5,,,,X 全窗基线 · 不参与实体赏罚,15052901,1506,A168_HF9F_20260827_0900,2026-08-27 09:00:00
2026-06-04,127529701,2145,0,211.1245403346,-25.7155347545,-25.7155347545,0.5454545,11,11,0.49812011818181818,0.498120118182,0.3139832890738838,0.31398328907267725,0.3139832890738838,-1.8182E-13,ELIGIBLE,R03b_20260811_FULL_v1,L1_ELIGIBILITY,v2026-08-11,2026-03-21..2026-08-06,baccarat_bet02_101_all_pairs_incl_sentinel,round_win = game_pnl > 0 (decisive only),COMPATIBILITY_ONLY_NOT_PRODUCTION,557989.4742,504875.3716,9878.7574,24851,24505,-0.01770420,0.00338982,-0.02772422,-0.01770420,-9878.7574,557989.4742,OK,0.0000,395.1503,4.0000,96.0000,AG03-UNRESOLVED,ALL5_LEVELS_bet23_to_bet27,395.1503,395.1503,395.1503,0.0000,0.0000,4.000000,4.000000,4.000000,0.000000,0.000000,96.000000,96.000000,96.000000,100.000000,100.000000,5.0,1185.4509,1138.6651,8693.3065,8740.0923,PENDING_AG03,FALSE,NOT_FOR_ENFORCEMENT,9483.6071,484680.3568,9878.7574,9483.6071,395.1503,0.01770420,0.01699603,395.1503,9483.6071,0.01699603,395.1503,395.1503,395.1503,0.0000,0.0000,9483.6071,0.01699603,1185.4509,1138.6651,8693.3065,8740.0923,0.01557970,0.01566354,0.00070817,22.4534,20.6030,0.4031,82.3230,2.6463,4649.9123,204.2083,25.9152,21.1137,12.8578,14.5296,26.176,48.8436,54.2173,102.8621,13.088,0.0,3.731508,7.079487,1.545355,30,207,63,6,0.32204186,0.01770420,-0.00338982,0E-8,0.000000,0.904812,0.002133,0.03111404,2026-03-21,2026-08-06,120,3733,1703,139,0.863309,1.227414,1.154177,1.073473,,,,,,,,GLOBAL_BASELINE_NO_ENTITY_RANKING,,,NOT_APPLICABLE_GLOBAL_BASELINE,HF9g-P5,,,,X 全窗基线 · 不参与实体赏罚,15052902,1506,A168_HF9F_20260827_0900,2026-08-27 09:00:00
2026-06-04,127529701,2153,0,10.2862139018,9.7719032067,9.7719032067,1.0000000,1,1,0.50665070000000000,0.506650700000,0.9867858985152569,0.9867858985152569,0.9867858985152569,0E-17,ELIGIBLE,R03b_20260811_FULL_v1,L1_ELIGIBILITY,v2026-08-11,2026-03-21..2026-08-06,baccarat_bet02_101_all_pairs_incl_sentinel,round_win = game_pnl > 0 (decisive only),COMPATIBILITY_ONLY_NOT_PRODUCTION,557989.4742,504875.3716,9878.7574,24851,24505,-0.01770420,0.00338982,-0.02772422,-0.01770420,-9878.7574,557989.4742,OK,0.0000,395.1503,4.0000,96.0000,AG03-UNRESOLVED,ALL5_LEVELS_bet23_to_bet27,395.1503,395.1503,395.1503,0.0000,0.0000,4.000000,4.000000,4.000000,0.000000,0.000000,96.000000,96.000000,96.000000,100.000000,100.000000,5.0,1185.4509,1138.6651,8693.3065,8740.0923,PENDING_AG03,FALSE,NOT_FOR_ENFORCEMENT,9483.6071,484680.3568,9878.7574,9483.6071,395.1503,0.01770420,0.01699603,395.1503,9483.6071,0.01699603,395.1503,395.1503,395.1503,0.0000,0.0000,9483.6071,0.01699603,1185.4509,1138.6651,8693.3065,8740.0923,0.01557970,0.01566354,0.00070817,22.4534,20.6030,0.4031,82.3230,2.6463,4649.9123,204.2083,25.9152,21.1137,12.8578,14.5296,26.176,48.8436,54.2173,102.8621,13.088,0.0,3.731508,7.079487,1.545355,30,207,63,6,0.32204186,0.01770420,-0.00338982,0E-8,0.000000,0.904812,0.002133,0.03111404,2026-03-21,2026-08-06,120,3733,1703,139,0.863309,1.227414,1.154177,1.073473,,,,,,,,GLOBAL_BASELINE_NO_ENTITY_RANKING,,,NOT_APPLICABLE_GLOBAL_BASELINE,HF9g-P5,,,,X 全窗基线 · 不参与实体赏罚,15052903,1506,A168_HF9F_20260827_0900,2026-08-27 09:00:00
2026-06-04,127529701,2169,0,97.9761874147,2.7129889167,2.7129889167,0.5555556,9,9,0.49771390000000000,0.497713900000,0.34705356093186585,0.34705356093186585,0.34705356093186585,0E-17,ELIGIBLE,R03b_20260811_FULL_v1,L1_ELIGIBILITY,v2026-08-11,2026-03-21..2026-08-06,baccarat_bet02_101_all_pairs_incl_sentinel,round_win = game_pnl > 0 (decisive only),COMPATIBILITY_ONLY_NOT_PRODUCTION,557989.4742,504875.3716,9878.7574,24851,24505,-0.01770420,0.00338982,-0.02772422,-0.01770420,-9878.7574,557989.4742,OK,0.0000,395.1503,4.0000,96.0000,AG03-UNRESOLVED,ALL5_LEVELS_bet23_to_bet27,395.1503,395.1503,395.1503,0.0000,0.0000,4.000000,4.000000,4.000000,0.000000,0.000000,96.000000,96.000000,96.000000,100.000000,100.000000,5.0,1185.4509,1138.6651,8693.3065,8740.0923,PENDING_AG03,FALSE,NOT_FOR_ENFORCEMENT,9483.6071,484680.3568,9878.7574,9483.6071,395.1503,0.01770420,0.01699603,395.1503,9483.6071,0.01699603,395.1503,395.1503,395.1503,0.0000,0.0000,9483.6071,0.01699603,1185.4509,1138.6651,8693.3065,8740.0923,0.01557970,0.01566354,0.00070817,22.4534,20.6030,0.4031,82.3230,2.6463,4649.9123,204.2083,25.9152,21.1137,12.8578,14.5296,26.176,48.8436,54.2173,102.8621,13.088,0.0,3.731508,7.079487,1.545355,30,207,63,6,0.32204186,0.01770420,-0.00338982,0E-8,0.000000,0.904812,0.002133,0.03111404,2026-03-21,2026-08-06,120,3733,1703,139,0.863309,1.227414,1.154177,1.073473,,,,,,,,GLOBAL_BASELINE_NO_ENTITY_RANKING,,,NOT_APPLICABLE_GLOBAL_BASELINE,HF9g-P5,,,,X 全窗基线 · 不参与实体赏罚,15052904,1506,A168_HF9F_20260827_0900,2026-08-27 09:00:00
2026-06-04,127529701,2171,0,190.8092678785,-63.9931082366,-63.9931082366,0.4545455,13,13,0.49840134615384615,0.498401346154,-0.2909085615734625,-0.2909085615744828,-0.2909085615734625,-1.5385E-13,ELIGIBLE,R03b_20260811_FULL_v1,L1_ELIGIBILITY,v2026-08-11,2026-03-21..2026-08-06,baccarat_bet02_101_all_pairs_incl_sentinel,round_win = game_pnl > 0 (decisive only),COMPATIBILITY_ONLY_NOT_PRODUCTION,557989.4742,504875.3716,9878.7574,24851,24505,-0.01770420,0.00338982,-0.02772422,-0.01770420,-9878.7574,557989.4742,OK,0.0000,395.1503,4.0000,96.0000,AG03-UNRESOLVED,ALL5_LEVELS_bet23_to_bet27,395.1503,395.1503,395.1503,0.0000,0.0000,4.000000,4.000000,4.000000,0.000000,0.000000,96.000000,96.000000,96.000000,100.000000,100.000000,5.0,1185.4509,1138.6651,8693.3065,8740.0923,PENDING_AG03,FALSE,NOT_FOR_ENFORCEMENT,9483.6071,484680.3568,9878.7574,9483.6071,395.1503,0.01770420,0.01699603,395.1503,9483.6071,0.01699603,395.1503,395.1503,395.1503,0.0000,0.0000,9483.6071,0.01699603,1185.4509,1138.6651,8693.3065,8740.0923,0.01557970,0.01566354,0.00070817,22.4534,20.6030,0.4031,82.3230,2.6463,4649.9123,204.2083,25.9152,21.1137,12.8578,14.5296,26.176,48.8436,54.2173,102.8621,13.088,0.0,3.731508,7.079487,1.545355,30,207,63,6,0.32204186,0.01770420,-0.00338982,0E-8,0.000000,0.904812,0.002133,0.03111404,2026-03-21,2026-08-06,120,3733,1703,139,0.863309,1.227414,1.154177,1.073473,,,,,,,,GLOBAL_BASELINE_NO_ENTITY_RANKING,,,NOT_APPLICABLE_GLOBAL_BASELINE,HF9g-P5,,,,X 全窗基线 · 不参与实体赏罚,15052905,1506,A168_HF9F_20260827_0900,2026-08-27 09:00:00
2026-06-04,127529701,2177,0,28.8013989250,13.6806644894,13.6806644894,1.0000000,2,2,0.50665070000000000,0.506650700000,0.9867858985152569,0.9867858985152569,0.9867858985152569,0E-17,ELIGIBLE,R03b_20260811_FULL_v1,L1_ELIGIBILITY,v2026-08-11,2026-03-21..2026-08-06,baccarat_bet02_101_all_pairs_incl_sentinel,round_win = game_pnl > 0 (decisive only),COMPATIBILITY_ONLY_NOT_PRODUCTION,557989.4742,504875.3716,9878.7574,24851,24505,-0.01770420,0.00338982,-0.02772422,-0.01770420,-9878.7574,557989.4742,OK,0.0000,395.1503,4.0000,96.0000,AG03-UNRESOLVED,ALL5_LEVELS_bet23_to_bet27,395.1503,395.1503,395.1503,0.0000,0.0000,4.000000,4.000000,4.000000,0.000000,0.000000,96.000000,96.000000,96.000000,100.000000,100.000000,5.0,1185.4509,1138.6651,8693.3065,8740.0923,PENDING_AG03,FALSE,NOT_FOR_ENFORCEMENT,9483.6071,484680.3568,9878.7574,9483.6071,395.1503,0.01770420,0.01699603,395.1503,9483.6071,0.01699603,395.1503,395.1503,395.1503,0.0000,0.0000,9483.6071,0.01699603,1185.4509,1138.6651,8693.3065,8740.0923,0.01557970,0.01566354,0.00070817,22.4534,20.6030,0.4031,82.3230,2.6463,4649.9123,204.2083,25.9152,21.1137,12.8578,14.5296,26.176,48.8436,54.2173,102.8621,13.088,0.0,3.731508,7.079487,1.545355,30,207,63,6,0.32204186,0.01770420,-0.00338982,0E-8,0.000000,0.904812,0.002133,0.03111404,2026-03-21,2026-08-06,120,3733,1703,139,0.863309,1.227414,1.154177,1.073473,,,,,,,,GLOBAL_BASELINE_NO_ENTITY_RANKING,,,NOT_APPLICABLE_GLOBAL_BASELINE,HF9g-P5,,,,X 全窗基线 · 不参与实体赏罚,15052906,1506,A168_HF9F_20260827_0900,2026-08-27 09:00:00
2026-06-04,127529701,2223,0,173.0655488980,24.3011803429,24.3011803429,0.5555556,9,9,0.50367176666666667,0.503671766667,0.3113111275590903,0.3113111275570917,0.3113111275590903,-3.3333E-13,ELIGIBLE,R03b_20260811_FULL_v1,L1_ELIGIBILITY,v2026-08-11,2026-03-21..2026-08-06,baccarat_bet02_101_all_pairs_incl_sentinel,round_win = game_pnl > 0 (decisive only),COMPATIBILITY_ONLY_NOT_PRODUCTION,557989.4742,504875.3716,9878.7574,24851,24505,-0.01770420,0.00338982,-0.02772422,-0.01770420,-9878.7574,557989.4742,OK,0.0000,395.1503,4.0000,96.0000,AG03-UNRESOLVED,ALL5_LEVELS_bet23_to_bet27,395.1503,395.1503,395.1503,0.0000,0.0000,4.000000,4.000000,4.000000,0.000000,0.000000,96.000000,96.000000,96.000000,100.000000,100.000000,5.0,1185.4509,1138.6651,8693.3065,8740.0923,PENDING_AG03,FALSE,NOT_FOR_ENFORCEMENT,9483.6071,484680.3568,9878.7574,9483.6071,395.1503,0.01770420,0.01699603,395.1503,9483.6071,0.01699603,395.1503,395.1503,395.1503,0.0000,0.0000,9483.6071,0.01699603,1185.4509,1138.6651,8693.3065,8740.0923,0.01557970,0.01566354,0.00070817,22.4534,20.6030,0.4031,82.3230,2.6463,4649.9123,204.2083,25.9152,21.1137,12.8578,14.5296,26.176,48.8436,54.2173,102.8621,13.088,0.0,3.731508,7.079487,1.545355,30,207,63,6,0.32204186,0.01770420,-0.00338982,0E-8,0.000000,0.904812,0.002133,0.03111404,2026-03-21,2026-08-06,120,3733,1703,139,0.863309,1.227414,1.154177,1.073473,,,,,,,,GLOBAL_BASELINE_NO_ENTITY_RANKING,,,NOT_APPLICABLE_GLOBAL_BASELINE,HF9g-P5,,,,X 全窗基线 · 不参与实体赏罚,15052907,1506,A168_HF9F_20260827_0900,2026-08-27 09:00:00
2026-06-04,127529701,2271,0,25.7155347546,-12.8577673773,-12.8577673773,0E-7,2,2,0.49324550000000000,0.493245500000,-0.9865810262130424,-0.9865810262130424,-0.9865810262130424,0E-17,ELIGIBLE,R03b_20260811_FULL_v1,L1_ELIGIBILITY,v2026-08-11,2026-03-21..2026-08-06,baccarat_bet02_101_all_pairs_incl_sentinel,round_win = game_pnl > 0 (decisive only),COMPATIBILITY_ONLY_NOT_PRODUCTION,557989.4742,504875.3716,9878.7574,24851,24505,-0.01770420,0.00338982,-0.02772422,-0.01770420,-9878.7574,557989.4742,OK,0.0000,395.1503,4.0000,96.0000,AG03-UNRESOLVED,ALL5_LEVELS_bet23_to_bet27,395.1503,395.1503,395.1503,0.0000,0.0000,4.000000,4.000000,4.000000,0.000000,0.000000,96.000000,96.000000,96.000000,100.000000,100.000000,5.0,1185.4509,1138.6651,8693.3065,8740.0923,PENDING_AG03,FALSE,NOT_FOR_ENFORCEMENT,9483.6071,484680.3568,9878.7574,9483.6071,395.1503,0.01770420,0.01699603,395.1503,9483.6071,0.01699603,395.1503,395.1503,395.1503,0.0000,0.0000,9483.6071,0.01699603,1185.4509,1138.6651,8693.3065,8740.0923,0.01557970,0.01566354,0.00070817,22.4534,20.6030,0.4031,82.3230,2.6463,4649.9123,204.2083,25.9152,21.1137,12.8578,14.5296,26.176,48.8436,54.2173,102.8621,13.088,0.0,3.731508,7.079487,1.545355,30,207,63,6,0.32204186,0.01770420,-0.00338982,0E-8,0.000000,0.904812,0.002133,0.03111404,2026-03-21,2026-08-06,120,3733,1703,139,0.863309,1.227414,1.154177,1.073473,,,,,,,,GLOBAL_BASELINE_NO_ENTITY_RANKING,,,NOT_APPLICABLE_GLOBAL_BASELINE,HF9g-P5,,,,X 全窗基线 · 不参与实体赏罚,15052908,1506,A168_HF9F_20260827_0900,2026-08-27 09:00:00
2026-06-04,127529701,789,0,407.3340705119,71.9906395452,71.9906395452,0.5666667,30,30,0.49860758000000000,0.498607580000,0.7455528312217988,0.7455528312217988,0.7455528312217988,0E-17,ELIGIBLE,R03b_20260811_FULL_v1,L1_ELIGIBILITY,v2026-08-11,2026-03-21..2026-08-06,baccarat_bet02_101_all_pairs_incl_sentinel,round_win = game_pnl > 0 (decisive only),COMPATIBILITY_ONLY_NOT_PRODUCTION,557989.4742,504875.3716,9878.7574,24851,24505,-0.01770420,0.00338982,-0.02772422,-0.01770420,-9878.7574,557989.4742,OK,0.0000,395.1503,4.0000,96.0000,AG03-UNRESOLVED,ALL5_LEVELS_bet23_to_bet27,395.1503,395.1503,395.1503,0.0000,0.0000,4.000000,4.000000,4.000000,0.000000,0.000000,96.000000,96.000000,96.000000,100.000000,100.000000,5.0,1185.4509,1138.6651,8693.3065,8740.0923,PENDING_AG03,FALSE,NOT_FOR_ENFORCEMENT,9483.6071,484680.3568,9878.7574,9483.6071,395.1503,0.01770420,0.01699603,395.1503,9483.6071,0.01699603,395.1503,395.1503,395.1503,0.0000,0.0000,9483.6071,0.01699603,1185.4509,1138.6651,8693.3065,8740.0923,0.01557970,0.01566354,0.00070817,22.4534,20.6030,0.4031,82.3230,2.6463,4649.9123,204.2083,25.9152,21.1137,12.8578,14.5296,26.176,48.8436,54.2173,102.8621,13.088,0.0,3.731508,7.079487,1.545355,30,207,63,6,0.32204186,0.01770420,-0.00338982,0E-8,0.000000,0.904812,0.002133,0.03111404,2026-03-21,2026-08-06,120,3733,1703,139,0.863309,1.227414,1.154177,1.073473,,,,,,,,GLOBAL_BASELINE_NO_ENTITY_RANKING,,,NOT_APPLICABLE_GLOBAL_BASELINE,HF9g-P5,,,,X 全窗基线 · 不参与实体赏罚,15052909,1506,A168_HF9F_20260827_0900,2026-08-27 09:00:00
2026-06-04,127529701,986,0,13.8863887675,13.1920693291,13.1920693291,1.0000000,1,1,0.50665070000000000,0.506650700000,0.9867858985152569,0.9867858985152569,0.9867858985152569,0E-17,ELIGIBLE,R03b_20260811_FULL_v1,L1_ELIGIBILITY,v2026-08-11,2026-03-21..2026-08-06,baccarat_bet02_101_all_pairs_incl_sentinel,round_win = game_pnl > 0 (decisive only),COMPATIBILITY_ONLY_NOT_PRODUCTION,557989.4742,504875.3716,9878.7574,24851,24505,-0.01770420,0.00338982,-0.02772422,-0.01770420,-9878.7574,557989.4742,OK,0.0000,395.1503,4.0000,96.0000,AG03-UNRESOLVED,ALL5_LEVELS_bet23_to_bet27,395.1503,395.1503,395.1503,0.0000,0.0000,4.000000,4.000000,4.000000,0.000000,0.000000,96.000000,96.000000,96.000000,100.000000,100.000000,5.0,1185.4509,1138.6651,8693.3065,8740.0923,PENDING_AG03,FALSE,NOT_FOR_ENFORCEMENT,9483.6071,484680.3568,9878.7574,9483.6071,395.1503,0.01770420,0.01699603,395.1503,9483.6071,0.01699603,395.1503,395.1503,395.1503,0.0000,0.0000,9483.6071,0.01699603,1185.4509,1138.6651,8693.3065,8740.0923,0.01557970,0.01566354,0.00070817,22.4534,20.6030,0.4031,82.3230,2.6463,4649.9123,204.2083,25.9152,21.1137,12.8578,14.5296,26.176,48.8436,54.2173,102.8621,13.088,0.0,3.731508,7.079487,1.545355,30,207,63,6,0.32204186,0.01770420,-0.00338982,0E-8,0.000000,0.904812,0.002133,0.03111404,2026-03-21,2026-08-06,120,3733,1703,139,0.863309,1.227414,1.154177,1.073473,,,,,,,,GLOBAL_BASELINE_NO_ENTITY_RANKING,,,NOT_APPLICABLE_GLOBAL_BASELINE,HF9g-P5,,,,X 全窗基线 · 不参与实体赏罚,15052910,1506,A168_HF9F_20260827_0900,2026-08-27 09:00:00
2026-06-04,127529701,987,0,51.4310695091,1E-10,1E-10,0.6666667,3,3,0.49771390000000000,0.497713900000,0.5852756695216578,0.5852756695216578,0.5852756695216578,0E-17,ELIGIBLE,R03b_20260811_FULL_v1,L1_ELIGIBILITY,v2026-08-11,2026-03-21..2026-08-06,baccarat_bet02_101_all_pairs_incl_sentinel,round_win = game_pnl > 0 (decisive only),COMPATIBILITY_ONLY_NOT_PRODUCTION,557989.4742,504875.3716,9878.7574,24851,24505,-0.01770420,0.00338982,-0.02772422,-0.01770420,-9878.7574,557989.4742,OK,0.0000,395.1503,4.0000,96.0000,AG03-UNRESOLVED,ALL5_LEVELS_bet23_to_bet27,395.1503,395.1503,395.1503,0.0000,0.0000,4.000000,4.000000,4.000000,0.000000,0.000000,96.000000,96.000000,96.000000,100.000000,100.000000,5.0,1185.4509,1138.6651,8693.3065,8740.0923,PENDING_AG03,FALSE,NOT_FOR_ENFORCEMENT,9483.6071,484680.3568,9878.7574,9483.6071,395.1503,0.01770420,0.01699603,395.1503,9483.6071,0.01699603,395.1503,395.1503,395.1503,0.0000,0.0000,9483.6071,0.01699603,1185.4509,1138.6651,8693.3065,8740.0923,0.01557970,0.01566354,0.00070817,22.4534,20.6030,0.4031,82.3230,2.6463,4649.9123,204.2083,25.9152,21.1137,12.8578,14.5296,26.176,48.8436,54.2173,102.8621,13.088,0.0,3.731508,7.079487,1.545355,30,207,63,6,0.32204186,0.01770420,-0.00338982,0E-8,0.000000,0.904812,0.002133,0.03111404,2026-03-21,2026-08-06,120,3733,1703,139,0.863309,1.227414,1.154177,1.073473,,,,,,,,GLOBAL_BASELINE_NO_ENTITY_RANKING,,,NOT_APPLICABLE_GLOBAL_BASELINE,HF9g-P5,,,,X 全窗基线 · 不参与实体赏罚,15052911,1506,A168_HF9F_20260827_0900,2026-08-27 09:00:00
2026-06-05,127529701,-1,1,862.4990356680,-189.5877799781,-189.5877799781,0.3888889,43,43,0.48187420232558140,0.481874202326,-1.116557680306584,-1.1165576803115769,-1.116557680306584,-4.1860E-13,SENTINEL_DEALER,R03b_20260811_FULL_v1,L1_ELIGIBILITY,v2026-08-11,2026-03-21..2026-08-06,baccarat_bet02_101_all_pairs_incl_sentinel,round_win = game_pnl > 0 (decisive only),COMPATIBILITY_ONLY_NOT_PRODUCTION,557989.4742,504875.3716,9878.7574,24851,24505,-0.01770420,0.00338982,-0.02772422,-0.01770420,-9878.7574,557989.4742,OK,0.0000,395.1503,4.0000,96.0000,AG03-UNRESOLVED,ALL5_LEVELS_bet23_to_bet27,395.1503,395.1503,395.1503,0.0000,0.0000,4.000000,4.000000,4.000000,0.000000,0.000000,96.000000,96.000000,96.000000,100.000000,100.000000,5.0,1185.4509,1138.6651,8693.3065,8740.0923,PENDING_AG03,FALSE,NOT_FOR_ENFORCEMENT,9483.6071,484680.3568,9878.7574,9483.6071,395.1503,0.01770420,0.01699603,395.1503,9483.6071,0.01699603,395.1503,395.1503,395.1503,0.0000,0.0000,9483.6071,0.01699603,1185.4509,1138.6651,8693.3065,8740.0923,0.01557970,0.01566354,0.00070817,22.4534,20.6030,0.4031,82.3230,2.6463,4649.9123,204.2083,25.9152,21.1137,12.8578,14.5296,26.176,48.8436,54.2173,102.8621,13.088,0.0,3.731508,7.079487,1.545355,30,207,63,6,0.32204186,0.01770420,-0.00338982,0E-8,0.000000,0.904812,0.002133,0.03111404,2026-03-21,2026-08-06,120,3733,1703,139,0.863309,1.227414,1.154177,1.073473,,,,,,,,GLOBAL_BASELINE_NO_ENTITY_RANKING,,,NOT_APPLICABLE_GLOBAL_BASELINE,HF9g-P5,,,,X 全窗基线 · 不参与实体赏罚,15052912,1506,A168_HF9F_20260827_0900,2026-08-27 09:00:00
2026-06-05,127529701,1307,0,565.2274539052,235.0785609588,235.0785609588,0.6428571,29,29,0.49879247931034483,0.498792479310,1.5246415360131647,1.5246415360168164,1.5246415360131647,3.4483E-13,ELIGIBLE,R03b_20260811_FULL_v1,L1_ELIGIBILITY,v2026-08-11,2026-03-21..2026-08-06,baccarat_bet02_101_all_pairs_incl_sentinel,round_win = game_pnl > 0 (decisive only),COMPATIBILITY_ONLY_NOT_PRODUCTION,557989.4742,504875.3716,9878.7574,24851,24505,-0.01770420,0.00338982,-0.02772422,-0.01770420,-9878.7574,557989.4742,OK,0.0000,395.1503,4.0000,96.0000,AG03-UNRESOLVED,ALL5_LEVELS_bet23_to_bet27,395.1503,395.1503,395.1503,0.0000,0.0000,4.000000,4.000000,4.000000,0.000000,0.000000,96.000000,96.000000,96.000000,100.000000,100.000000,5.0,1185.4509,1138.6651,8693.3065,8740.0923,PENDING_AG03,FALSE,NOT_FOR_ENFORCEMENT,9483.6071,484680.3568,9878.7574,9483.6071,395.1503,0.01770420,0.01699603,395.1503,9483.6071,0.01699603,395.1503,395.1503,395.1503,0.0000,0.0000,9483.6071,0.01699603,1185.4509,1138.6651,8693.3065,8740.0923,0.01557970,0.01566354,0.00070817,22.4534,20.6030,0.4031,82.3230,2.6463,4649.9123,204.2083,25.9152,21.1137,12.8578,14.5296,26.176,48.8436,54.2173,102.8621,13.088,0.0,3.731508,7.079487,1.545355,30,207,63,6,0.32204186,0.01770420,-0.00338982,0E-8,0.000000,0.904812,0.002133,0.03111404,2026-03-21,2026-08-06,120,3733,1703,139,0.863309,1.227414,1.154177,1.073473,,,,,,,,GLOBAL_BASELINE_NO_ENTITY_RANKING,,,NOT_APPLICABLE_GLOBAL_BASELINE,HF9g-P5,,,,X 全窗基线 · 不参与实体赏罚,15052913,1506,A168_HF9F_20260827_0900,2026-08-27 09:00:00
2026-06-05,127529701,1330,0,434.0782266565,-136.5366317792,-136.5366317792,0.4000000,21,21,0.50154395714285714,0.501543957143,-0.9082410936502223,-0.9082410936515009,-0.9082410936502223,-1.4286E-13,ELIGIBLE,R03b_20260811_FULL_v1,L1_ELIGIBILITY,v2026-08-11,2026-03-21..2026-08-06,baccarat_bet02_101_all_pairs_incl_sentinel,round_win = game_pnl > 0 (decisive only),COMPATIBILITY_ONLY_NOT_PRODUCTION,557989.4742,504875.3716,9878.7574,24851,24505,-0.01770420,0.00338982,-0.02772422,-0.01770420,-9878.7574,557989.4742,OK,0.0000,395.1503,4.0000,96.0000,AG03-UNRESOLVED,ALL5_LEVELS_bet23_to_bet27,395.1503,395.1503,395.1503,0.0000,0.0000,4.000000,4.000000,4.000000,0.000000,0.000000,96.000000,96.000000,96.000000,100.000000,100.000000,5.0,1185.4509,1138.6651,8693.3065,8740.0923,PENDING_AG03,FALSE,NOT_FOR_ENFORCEMENT,9483.6071,484680.3568,9878.7574,9483.6071,395.1503,0.01770420,0.01699603,395.1503,9483.6071,0.01699603,395.1503,395.1503,395.1503,0.0000,0.0000,9483.6071,0.01699603,1185.4509,1138.6651,8693.3065,8740.0923,0.01557970,0.01566354,0.00070817,22.4534,20.6030,0.4031,82.3230,2.6463,4649.9123,204.2083,25.9152,21.1137,12.8578,14.5296,26.176,48.8436,54.2173,102.8621,13.088,0.0,3.731508,7.079487,1.545355,30,207,63,6,0.32204186,0.01770420,-0.00338982,0E-8,0.000000,0.904812,0.002133,0.03111404,2026-03-21,2026-08-06,120,3733,1703,139,0.863309,1.227414,1.154177,1.073473,,,,,,,,GLOBAL_BASELINE_NO_ENTITY_RANKING,,,NOT_APPLICABLE_GLOBAL_BASELINE,HF9g-P5,,,,X 全窗基线 · 不参与实体赏罚,15052914,1506,A168_HF9F_20260827_0900,2026-08-27 09:00:00
2026-06-05,127529701,1505,0,67.3747010570,15.0950189008,15.0950189008,0.6000000,6,6,0.50218230000000000,0.502182300000,0.4374582199563857,0.4374582199563857,0.4374582199563857,0E-17,ELIGIBLE,R03b_20260811_FULL_v1,L1_ELIGIBILITY,v2026-08-11,2026-03-21..2026-08-06,baccarat_bet02_101_all_pairs_incl_sentinel,round_win = game_pnl > 0 (decisive only),COMPATIBILITY_ONLY_NOT_PRODUCTION,557989.4742,504875.3716,9878.7574,24851,24505,-0.01770420,0.00338982,-0.02772422,-0.01770420,-9878.7574,557989.4742,OK,0.0000,395.1503,4.0000,96.0000,AG03-UNRESOLVED,ALL5_LEVELS_bet23_to_bet27,395.1503,395.1503,395.1503,0.0000,0.0000,4.000000,4.000000,4.000000,0.000000,0.000000,96.000000,96.000000,96.000000,100.000000,100.000000,5.0,1185.4509,1138.6651,8693.3065,8740.0923,PENDING_AG03,FALSE,NOT_FOR_ENFORCEMENT,9483.6071,484680.3568,9878.7574,9483.6071,395.1503,0.01770420,0.01699603,395.1503,9483.6071,0.01699603,395.1503,395.1503,395.1503,0.0000,0.0000,9483.6071,0.01699603,1185.4509,1138.6651,8693.3065,8740.0923,0.01557970,0.01566354,0.00070817,22.4534,20.6030,0.4031,82.3230,2.6463,4649.9123,204.2083,25.9152,21.1137,12.8578,14.5296,26.176,48.8436,54.2173,102.8621,13.088,0.0,3.731508,7.079487,1.545355,30,207,63,6,0.32204186,0.01770420,-0.00338982,0E-8,0.000000,0.904812,0.002133,0.03111404,2026-03-21,2026-08-06,120,3733,1703,139,0.863309,1.227414,1.154177,1.073473,,,,,,,,GLOBAL_BASELINE_NO_ENTITY_RANKING,,,NOT_APPLICABLE_GLOBAL_BASELINE,HF9g-P5,,,,X 全窗基线 · 不参与实体赏罚,15052915,1506,A168_HF9F_20260827_0900,2026-08-27 09:00:00
2026-06-05,127529701,2093,0,101.5763622804,-1E-10,-1E-10,0.5000000,4,4,0.49994810000000000,0.499948100000,0.00020760000111838688,0.00020760000111838688,0.00020760000111838688,0E-17,ELIGIBLE,R03b_20260811_FULL_v1,L1_ELIGIBILITY,v2026-08-11,2026-03-21..2026-08-06,baccarat_bet02_101_all_pairs_incl_sentinel,round_win = game_pnl > 0 (decisive only),COMPATIBILITY_ONLY_NOT_PRODUCTION,557989.4742,504875.3716,9878.7574,24851,24505,-0.01770420,0.00338982,-0.02772422,-0.01770420,-9878.7574,557989.4742,OK,0.0000,395.1503,4.0000,96.0000,AG03-UNRESOLVED,ALL5_LEVELS_bet23_to_bet27,395.1503,395.1503,395.1503,0.0000,0.0000,4.000000,4.000000,4.000000,0.000000,0.000000,96.000000,96.000000,96.000000,100.000000,100.000000,5.0,1185.4509,1138.6651,8693.3065,8740.0923,PENDING_AG03,FALSE,NOT_FOR_ENFORCEMENT,9483.6071,484680.3568,9878.7574,9483.6071,395.1503,0.01770420,0.01699603,395.1503,9483.6071,0.01699603,395.1503,395.1503,395.1503,0.0000,0.0000,9483.6071,0.01699603,1185.4509,1138.6651,8693.3065,8740.0923,0.01557970,0.01566354,0.00070817,22.4534,20.6030,0.4031,82.3230,2.6463,4649.9123,204.2083,25.9152,21.1137,12.8578,14.5296,26.176,48.8436,54.2173,102.8621,13.088,0.0,3.731508,7.079487,1.545355,30,207,63,6,0.32204186,0.01770420,-0.00338982,0E-8,0.000000,0.904812,0.002133,0.03111404,2026-03-21,2026-08-06,120,3733,1703,139,0.863309,1.227414,1.154177,1.073473,,,,,,,,GLOBAL_BASELINE_NO_ENTITY_RANKING,,,NOT_APPLICABLE_GLOBAL_BASELINE,HF9g-P5,,,,X 全窗基线 · 不参与实体赏罚,15052916,1506,A168_HF9F_20260827_0900,2026-08-27 09:00:00
2026-06-05,127529701,2142,0,300.1002905857,49.6309820762,49.6309820762,0.5454545,12,12,0.50106520000000000,0.501065200000,0.29444627531269363,0.29444627531269363,0.29444627531269363,0E-17,ELIGIBLE,R03b_20260811_FULL_v1,L1_ELIGIBILITY,v2026-08-11,2026-03-21..2026-08-06,baccarat_bet02_101_all_pairs_incl_sentinel,round_win = game_pnl > 0 (decisive only),COMPATIBILITY_ONLY_NOT_PRODUCTION,557989.4742,504875.3716,9878.7574,24851,24505,-0.01770420,0.00338982,-0.02772422,-0.01770420,-9878.7574,557989.4742,OK,0.0000,395.1503,4.0000,96.0000,AG03-UNRESOLVED,ALL5_LEVELS_bet23_to_bet27,395.1503,395.1503,395.1503,0.0000,0.0000,4.000000,4.000000,4.000000,0.000000,0.000000,96.000000,96.000000,96.000000,100.000000,100.000000,5.0,1185.4509,1138.6651,8693.3065,8740.0923,PENDING_AG03,FALSE,NOT_FOR_ENFORCEMENT,9483.6071,484680.3568,9878.7574,9483.6071,395.1503,0.01770420,0.01699603,395.1503,9483.6071,0.01699603,395.1503,395.1503,395.1503,0.0000,0.0000,9483.6071,0.01699603,1185.4509,1138.6651,8693.3065,8740.0923,0.01557970,0.01566354,0.00070817,22.4534,20.6030,0.4031,82.3230,2.6463,4649.9123,204.2083,25.9152,21.1137,12.8578,14.5296,26.176,48.8436,54.2173,102.8621,13.088,0.0,3.731508,7.079487,1.545355,30,207,63,6,0.32204186,0.01770420,-0.00338982,0E-8,0.000000,0.904812,0.002133,0.03111404,2026-03-21,2026-08-06,120,3733,1703,139,0.863309,1.227414,1.154177,1.073473,,,,,,,,GLOBAL_BASELINE_NO_ENTITY_RANKING,,,NOT_APPLICABLE_GLOBAL_BASELINE,HF9g-P5,,,,X 全窗基线 · 不参与实体赏罚,15052917,1506,A168_HF9F_20260827_0900,2026-08-27 09:00:00
2026-06-05,127529701,2169,0,254.8409494176,-43.9864221977,-43.9864221977,0.3636364,13,13,0.49633900769230769,0.496339007692,-0.880273354728877,-0.8802733547268401,-0.880273354728877,3.0769E-13,ELIGIBLE,R03b_20260811_FULL_v1,L1_ELIGIBILITY,v2026-08-11,2026-03-21..2026-08-06,baccarat_bet02_101_all_pairs_incl_sentinel,round_win = game_pnl > 0 (decisive only),COMPATIBILITY_ONLY_NOT_PRODUCTION,557989.4742,504875.3716,9878.7574,24851,24505,-0.01770420,0.00338982,-0.02772422,-0.01770420,-9878.7574,557989.4742,OK,0.0000,395.1503,4.0000,96.0000,AG03-UNRESOLVED,ALL5_LEVELS_bet23_to_bet27,395.1503,395.1503,395.1503,0.0000,0.0000,4.000000,4.000000,4.000000,0.000000,0.000000,96.000000,96.000000,96.000000,100.000000,100.000000,5.0,1185.4509,1138.6651,8693.3065,8740.0923,PENDING_AG03,FALSE,NOT_FOR_ENFORCEMENT,9483.6071,484680.3568,9878.7574,9483.6071,395.1503,0.01770420,0.01699603,395.1503,9483.6071,0.01699603,395.1503,395.1503,395.1503,0.0000,0.0000,9483.6071,0.01699603,1185.4509,1138.6651,8693.3065,8740.0923,0.01557970,0.01566354,0.00070817,22.4534,20.6030,0.4031,82.3230,2.6463,4649.9123,204.2083,25.9152,21.1137,12.8578,14.5296,26.176,48.8436,54.2173,102.8621,13.088,0.0,3.731508,7.079487,1.545355,30,207,63,6,0.32204186,0.01770420,-0.00338982,0E-8,0.000000,0.904812,0.002133,0.03111404,2026-03-21,2026-08-06,120,3733,1703,139,0.863309,1.227414,1.154177,1.073473,,,,,,,,GLOBAL_BASELINE_NO_ENTITY_RANKING,,,NOT_APPLICABLE_GLOBAL_BASELINE,HF9g-P5,,,,X 全窗基线 · 不参与实体赏罚,15052918,1506,A168_HF9F_20260827_0900,2026-08-27 09:00:00
2026-06-05,127529701,2170,0,32.1444184432,15.8793427109,15.8793427109,0.6666667,4,4,0.49994810000000000,0.499948100000,0.5775300591747329,0.5775300591747329,0.5775300591747329,0E-17,ELIGIBLE,R03b_20260811_FULL_v1,L1_ELIGIBILITY,v2026-08-11,2026-03-21..2026-08-06,baccarat_bet02_101_all_pairs_incl_sentinel,round_win = game_pnl > 0 (decisive only),COMPATIBILITY_ONLY_NOT_PRODUCTION,557989.4742,504875.3716,9878.7574,24851,24505,-0.01770420,0.00338982,-0.02772422,-0.01770420,-9878.7574,557989.4742,OK,0.0000,395.1503,4.0000,96.0000,AG03-UNRESOLVED,ALL5_LEVELS_bet23_to_bet27,395.1503,395.1503,395.1503,0.0000,0.0000,4.000000,4.000000,4.000000,0.000000,0.000000,96.000000,96.000000,96.000000,100.000000,100.000000,5.0,1185.4509,1138.6651,8693.3065,8740.0923,PENDING_AG03,FALSE,NOT_FOR_ENFORCEMENT,9483.6071,484680.3568,9878.7574,9483.6071,395.1503,0.01770420,0.01699603,395.1503,9483.6071,0.01699603,395.1503,395.1503,395.1503,0.0000,0.0000,9483.6071,0.01699603,1185.4509,1138.6651,8693.3065,8740.0923,0.01557970,0.01566354,0.00070817,22.4534,20.6030,0.4031,82.3230,2.6463,4649.9123,204.2083,25.9152,21.1137,12.8578,14.5296,26.176,48.8436,54.2173,102.8621,13.088,0.0,3.731508,7.079487,1.545355,30,207,63,6,0.32204186,0.01770420,-0.00338982,0E-8,0.000000,0.904812,0.002133,0.03111404,2026-03-21,2026-08-06,120,3733,1703,139,0.863309,1.227414,1.154177,1.073473,,,,,,,,GLOBAL_BASELINE_NO_ENTITY_RANKING,,,NOT_APPLICABLE_GLOBAL_BASELINE,HF9g-P5,,,,X 全窗基线 · 不参与实体赏罚,15052919,1506,A168_HF9F_20260827_0900,2026-08-27 09:00:00
2026-06-05,127529701,2196,0,19.2866510659,-19.2866510659,-19.2866510659,0E-7,2,2,0.49324550000000000,0.493245500000,-1.3952362676504506,-1.3952362676504506,-1.3952362676504506,0E-17,ELIGIBLE,R03b_20260811_FULL_v1,L1_ELIGIBILITY,v2026-08-11,2026-03-21..2026-08-06,baccarat_bet02_101_all_pairs_incl_sentinel,round_win = game_pnl > 0 (decisive only),COMPATIBILITY_ONLY_NOT_PRODUCTION,557989.4742,504875.3716,9878.7574,24851,24505,-0.01770420,0.00338982,-0.02772422,-0.01770420,-9878.7574,557989.4742,OK,0.0000,395.1503,4.0000,96.0000,AG03-UNRESOLVED,ALL5_LEVELS_bet23_to_bet27,395.1503,395.1503,395.1503,0.0000,0.0000,4.000000,4.000000,4.000000,0.000000,0.000000,96.000000,96.000000,96.000000,100.000000,100.000000,5.0,1185.4509,1138.6651,8693.3065,8740.0923,PENDING_AG03,FALSE,NOT_FOR_ENFORCEMENT,9483.6071,484680.3568,9878.7574,9483.6071,395.1503,0.01770420,0.01699603,395.1503,9483.6071,0.01699603,395.1503,395.1503,395.1503,0.0000,0.0000,9483.6071,0.01699603,1185.4509,1138.6651,8693.3065,8740.0923,0.01557970,0.01566354,0.00070817,22.4534,20.6030,0.4031,82.3230,2.6463,4649.9123,204.2083,25.9152,21.1137,12.8578,14.5296,26.176,48.8436,54.2173,102.8621,13.088,0.0,3.731508,7.079487,1.545355,30,207,63,6,0.32204186,0.01770420,-0.00338982,0E-8,0.000000,0.904812,0.002133,0.03111404,2026-03-21,2026-08-06,120,3733,1703,139,0.863309,1.227414,1.154177,1.073473,,,,,,,,GLOBAL_BASELINE_NO_ENTITY_RANKING,,,NOT_APPLICABLE_GLOBAL_BASELINE,HF9g-P5,,,,X 全窗基线 · 不参与实体赏罚,15052920,1506,A168_HF9F_20260827_0900,2026-08-27 09:00:00
2026-06-05,127529701,2233,0,12.8577673773,-12.8577673773,-12.8577673773,0E-7,1,1,0.49324550000000000,0.493245500000,-0.9865810262130424,-0.9865810262130424,-0.9865810262130424,0E-17,ELIGIBLE,R03b_20260811_FULL_v1,L1_ELIGIBILITY,v2026-08-11,2026-03-21..2026-08-06,baccarat_bet02_101_all_pairs_incl_sentinel,round_win = game_pnl > 0 (decisive only),COMPATIBILITY_ONLY_NOT_PRODUCTION,557989.4742,504875.3716,9878.7574,24851,24505,-0.01770420,0.00338982,-0.02772422,-0.01770420,-9878.7574,557989.4742,OK,0.0000,395.1503,4.0000,96.0000,AG03-UNRESOLVED,ALL5_LEVELS_bet23_to_bet27,395.1503,395.1503,395.1503,0.0000,0.0000,4.000000,4.000000,4.000000,0.000000,0.000000,96.000000,96.000000,96.000000,100.000000,100.000000,5.0,1185.4509,1138.6651,8693.3065,8740.0923,PENDING_AG03,FALSE,NOT_FOR_ENFORCEMENT,9483.6071,484680.3568,9878.7574,9483.6071,395.1503,0.01770420,0.01699603,395.1503,9483.6071,0.01699603,395.1503,395.1503,395.1503,0.0000,0.0000,9483.6071,0.01699603,1185.4509,1138.6651,8693.3065,8740.0923,0.01557970,0.01566354,0.00070817,22.4534,20.6030,0.4031,82.3230,2.6463,4649.9123,204.2083,25.9152,21.1137,12.8578,14.5296,26.176,48.8436,54.2173,102.8621,13.088,0.0,3.731508,7.079487,1.545355,30,207,63,6,0.32204186,0.01770420,-0.00338982,0E-8,0.000000,0.904812,0.002133,0.03111404,2026-03-21,2026-08-06,120,3733,1703,139,0.863309,1.227414,1.154177,1.073473,,,,,,,,GLOBAL_BASELINE_NO_ENTITY_RANKING,,,NOT_APPLICABLE_GLOBAL_BASELINE,HF9g-P5,,,,X 全窗基线 · 不参与实体赏罚,15052921,1506,A168_HF9F_20260827_0900,2026-08-27 09:00:00
2026-06-05,127529701,2246,0,307.3006403169,-106.0765808626,-106.0765808626,0.2857143,15,15,0.49950126000000000,0.499501260000,-1.5998360189560876,-1.5998360189560876,-1.5998360189560876,0E-17,ELIGIBLE,R03b_20260811_FULL_v1,L1_ELIGIBILITY,v2026-08-11,2026-03-21..2026-08-06,baccarat_bet02_101_all_pairs_incl_sentinel,round_win = game_pnl > 0 (decisive only),COMPATIBILITY_ONLY_NOT_PRODUCTION,557989.4742,504875.3716,9878.7574,24851,24505,-0.01770420,0.00338982,-0.02772422,-0.01770420,-9878.7574,557989.4742,OK,0.0000,395.1503,4.0000,96.0000,AG03-UNRESOLVED,ALL5_LEVELS_bet23_to_bet27,395.1503,395.1503,395.1503,0.0000,0.0000,4.000000,4.000000,4.000000,0.000000,0.000000,96.000000,96.000000,96.000000,100.000000,100.000000,5.0,1185.4509,1138.6651,8693.3065,8740.0923,PENDING_AG03,FALSE,NOT_FOR_ENFORCEMENT,9483.6071,484680.3568,9878.7574,9483.6071,395.1503,0.01770420,0.01699603,395.1503,9483.6071,0.01699603,395.1503,395.1503,395.1503,0.0000,0.0000,9483.6071,0.01699603,1185.4509,1138.6651,8693.3065,8740.0923,0.01557970,0.01566354,0.00070817,22.4534,20.6030,0.4031,82.3230,2.6463,4649.9123,204.2083,25.9152,21.1137,12.8578,14.5296,26.176,48.8436,54.2173,102.8621,13.088,0.0,3.731508,7.079487,1.545355,30,207,63,6,0.32204186,0.01770420,-0.00338982,0E-8,0.000000,0.904812,0.002133,0.03111404,2026-03-21,2026-08-06,120,3733,1703,139,0.863309,1.227414,1.154177,1.073473,,,,,,,,GLOBAL_BASELINE_NO_ENTITY_RANKING,,,NOT_APPLICABLE_GLOBAL_BASELINE,HF9g-P5,,,,X 全窗基线 · 不参与实体赏罚,15052922,1506,A168_HF9F_20260827_0900,2026-08-27 09:00:00
2026-06-06,127529701,1318,0,149.1501015764,-30.8586417055,-30.8586417055,0.3333333,10,10,0.49726706000000000,0.497267060000,-0.8031199609654519,-0.8031199609654519,-0.8031199609654519,0E-17,ELIGIBLE,R03b_20260811_FULL_v1,L1_ELIGIBILITY,v2026-08-11,2026-03-21..2026-08-06,baccarat_bet02_101_all_pairs_incl_sentinel,round_win = game_pnl > 0 (decisive only),COMPATIBILITY_ONLY_NOT_PRODUCTION,557989.4742,504875.3716,9878.7574,24851,24505,-0.01770420,0.00338982,-0.02772422,-0.01770420,-9878.7574,557989.4742,OK,0.0000,395.1503,4.0000,96.0000,AG03-UNRESOLVED,ALL5_LEVELS_bet23_to_bet27,395.1503,395.1503,395.1503,0.0000,0.0000,4.000000,4.000000,4.000000,0.000000,0.000000,96.000000,96.000000,96.000000,100.000000,100.000000,5.0,1185.4509,1138.6651,8693.3065,8740.0923,PENDING_AG03,FALSE,NOT_FOR_ENFORCEMENT,9483.6071,484680.3568,9878.7574,9483.6071,395.1503,0.01770420,0.01699603,395.1503,9483.6071,0.01699603,395.1503,395.1503,395.1503,0.0000,0.0000,9483.6071,0.01699603,1185.4509,1138.6651,8693.3065,8740.0923,0.01557970,0.01566354,0.00070817,22.4534,20.6030,0.4031,82.3230,2.6463,4649.9123,204.2083,25.9152,21.1137,12.8578,14.5296,26.176,48.8436,54.2173,102.8621,13.088,0.0,3.731508,7.079487,1.545355,30,207,63,6,0.32204186,0.01770420,-0.00338982,0E-8,0.000000,0.904812,0.002133,0.03111404,2026-03-21,2026-08-06,120,3733,1703,139,0.863309,1.227414,1.154177,1.073473,,,,,,,,GLOBAL_BASELINE_NO_ENTITY_RANKING,,,NOT_APPLICABLE_GLOBAL_BASELINE,HF9g-P5,,,,X 全窗基线 · 不参与实体赏罚,15052923,1506,A168_HF9F_20260827_0900,2026-08-27 09:00:00
2026-06-06,127529701,1331,0,77.6609149587,25.8441124283,25.8441124283,0.3333333,4,4,0.50665070000000000,0.506650700000,-0.6004420894325239,-0.6004420894325239,-0.6004420894325239,0E-17,ELIGIBLE,R03b_20260811_FULL_v1,L1_ELIGIBILITY,v2026-08-11,2026-03-21..2026-08-06,baccarat_bet02_101_all_pairs_incl_sentinel,round_win = game_pnl > 0 (decisive only),COMPATIBILITY_ONLY_NOT_PRODUCTION,557989.4742,504875.3716,9878.7574,24851,24505,-0.01770420,0.00338982,-0.02772422,-0.01770420,-9878.7574,557989.4742,OK,0.0000,395.1503,4.0000,96.0000,AG03-UNRESOLVED,ALL5_LEVELS_bet23_to_bet27,395.1503,395.1503,395.1503,0.0000,0.0000,4.000000,4.000000,4.000000,0.000000,0.000000,96.000000,96.000000,96.000000,100.000000,100.000000,5.0,1185.4509,1138.6651,8693.3065,8740.0923,PENDING_AG03,FALSE,NOT_FOR_ENFORCEMENT,9483.6071,484680.3568,9878.7574,9483.6071,395.1503,0.01770420,0.01699603,395.1503,9483.6071,0.01699603,395.1503,395.1503,395.1503,0.0000,0.0000,9483.6071,0.01699603,1185.4509,1138.6651,8693.3065,8740.0923,0.01557970,0.01566354,0.00070817,22.4534,20.6030,0.4031,82.3230,2.6463,4649.9123,204.2083,25.9152,21.1137,12.8578,14.5296,26.176,48.8436,54.2173,102.8621,13.088,0.0,3.731508,7.079487,1.545355,30,207,63,6,0.32204186,0.01770420,-0.00338982,0E-8,0.000000,0.904812,0.002133,0.03111404,2026-03-21,2026-08-06,120,3733,1703,139,0.863309,1.227414,1.154177,1.073473,,,,,,,,GLOBAL_BASELINE_NO_ENTITY_RANKING,,,NOT_APPLICABLE_GLOBAL_BASELINE,HF9g-P5,,,,X 全窗基线 · 不参与实体赏罚,15052924,1506,A168_HF9F_20260827_0900,2026-08-27 09:00:00
2026-06-06,127529701,1505,0,25.7155347546,-25.7155347546,-25.7155347546,0E-7,4,4,0.49324550000000000,0.493245500000,-1.973162052426085,-1.973162052426085,-1.973162052426085,0E-17,ELIGIBLE,R03b_20260811_FULL_v1,L1_ELIGIBILITY,v2026-08-11,2026-03-21..2026-08-06,baccarat_bet02_101_all_pairs_incl_sentinel,round_win = game_pnl > 0 (decisive only),COMPATIBILITY_ONLY_NOT_PRODUCTION,557989.4742,504875.3716,9878.7574,24851,24505,-0.01770420,0.00338982,-0.02772422,-0.01770420,-9878.7574,557989.4742,OK,0.0000,395.1503,4.0000,96.0000,AG03-UNRESOLVED,ALL5_LEVELS_bet23_to_bet27,395.1503,395.1503,395.1503,0.0000,0.0000,4.000000,4.000000,4.000000,0.000000,0.000000,96.000000,96.000000,96.000000,100.000000,100.000000,5.0,1185.4509,1138.6651,8693.3065,8740.0923,PENDING_AG03,FALSE,NOT_FOR_ENFORCEMENT,9483.6071,484680.3568,9878.7574,9483.6071,395.1503,0.01770420,0.01699603,395.1503,9483.6071,0.01699603,395.1503,395.1503,395.1503,0.0000,0.0000,9483.6071,0.01699603,1185.4509,1138.6651,8693.3065,8740.0923,0.01557970,0.01566354,0.00070817,22.4534,20.6030,0.4031,82.3230,2.6463,4649.9123,204.2083,25.9152,21.1137,12.8578,14.5296,26.176,48.8436,54.2173,102.8621,13.088,0.0,3.731508,7.079487,1.545355,30,207,63,6,0.32204186,0.01770420,-0.00338982,0E-8,0.000000,0.904812,0.002133,0.03111404,2026-03-21,2026-08-06,120,3733,1703,139,0.863309,1.227414,1.154177,1.073473,,,,,,,,GLOBAL_BASELINE_NO_ENTITY_RANKING,,,NOT_APPLICABLE_GLOBAL_BASELINE,HF9g-P5,,,,X 全窗基线 · 不参与实体赏罚,15052925,1506,A168_HF9F_20260827_0900,2026-08-27 09:00:00
2026-06-06,127529701,2127,0,165.8651991668,18.1294520018,18.1294520018,0.6666667,11,11,0.50055742727272727,0.500557427273,0.9966560557360625,0.9966560557344265,0.9966560557360625,-2.7273E-13,ELIGIBLE,R03b_20260811_FULL_v1,L1_ELIGIBILITY,v2026-08-11,2026-03-21..2026-08-06,baccarat_bet02_101_all_pairs_incl_sentinel,round_win = game_pnl > 0 (decisive only),COMPATIBILITY_ONLY_NOT_PRODUCTION,557989.4742,504875.3716,9878.7574,24851,24505,-0.01770420,0.00338982,-0.02772422,-0.01770420,-9878.7574,557989.4742,OK,0.0000,395.1503,4.0000,96.0000,AG03-UNRESOLVED,ALL5_LEVELS_bet23_to_bet27,395.1503,395.1503,395.1503,0.0000,0.0000,4.000000,4.000000,4.000000,0.000000,0.000000,96.000000,96.000000,96.000000,100.000000,100.000000,5.0,1185.4509,1138.6651,8693.3065,8740.0923,PENDING_AG03,FALSE,NOT_FOR_ENFORCEMENT,9483.6071,484680.3568,9878.7574,9483.6071,395.1503,0.01770420,0.01699603,395.1503,9483.6071,0.01699603,395.1503,395.1503,395.1503,0.0000,0.0000,9483.6071,0.01699603,1185.4509,1138.6651,8693.3065,8740.0923,0.01557970,0.01566354,0.00070817,22.4534,20.6030,0.4031,82.3230,2.6463,4649.9123,204.2083,25.9152,21.1137,12.8578,14.5296,26.176,48.8436,54.2173,102.8621,13.088,0.0,3.731508,7.079487,1.545355,30,207,63,6,0.32204186,0.01770420,-0.00338982,0E-8,0.000000,0.904812,0.002133,0.03111404,2026-03-21,2026-08-06,120,3733,1703,139,0.863309,1.227414,1.154177,1.073473,,,,,,,,GLOBAL_BASELINE_NO_ENTITY_RANKING,,,NOT_APPLICABLE_GLOBAL_BASELINE,HF9g-P5,,,,X 全窗基线 · 不参与实体赏罚,15052926,1506,A168_HF9F_20260827_0900,2026-08-27 09:00:00
2026-06-06,127529701,2142,0,141.4354411499,-30.8200684033,-30.8200684033,0.3333333,11,11,0.50421339090909091,0.504213390909,-1.0253167503062162,-1.025316750305669,-1.0253167503062162,9.091E-14,ELIGIBLE,R03b_20260811_FULL_v1,L1_ELIGIBILITY,v2026-08-11,2026-03-21..2026-08-06,baccarat_bet02_101_all_pairs_incl_sentinel,round_win = game_pnl > 0 (decisive only),COMPATIBILITY_ONLY_NOT_PRODUCTION,557989.4742,504875.3716,9878.7574,24851,24505,-0.01770420,0.00338982,-0.02772422,-0.01770420,-9878.7574,557989.4742,OK,0.0000,395.1503,4.0000,96.0000,AG03-UNRESOLVED,ALL5_LEVELS_bet23_to_bet27,395.1503,395.1503,395.1503,0.0000,0.0000,4.000000,4.000000,4.000000,0.000000,0.000000,96.000000,96.000000,96.000000,100.000000,100.000000,5.0,1185.4509,1138.6651,8693.3065,8740.0923,PENDING_AG03,FALSE,NOT_FOR_ENFORCEMENT,9483.6071,484680.3568,9878.7574,9483.6071,395.1503,0.01770420,0.01699603,395.1503,9483.6071,0.01699603,395.1503,395.1503,395.1503,0.0000,0.0000,9483.6071,0.01699603,1185.4509,1138.6651,8693.3065,8740.0923,0.01557970,0.01566354,0.00070817,22.4534,20.6030,0.4031,82.3230,2.6463,4649.9123,204.2083,25.9152,21.1137,12.8578,14.5296,26.176,48.8436,54.2173,102.8621,13.088,0.0,3.731508,7.079487,1.545355,30,207,63,6,0.32204186,0.01770420,-0.00338982,0E-8,0.000000,0.904812,0.002133,0.03111404,2026-03-21,2026-08-06,120,3733,1703,139,0.863309,1.227414,1.154177,1.073473,,,,,,,,GLOBAL_BASELINE_NO_ENTITY_RANKING,,,NOT_APPLICABLE_GLOBAL_BASELINE,HF9g-P5,,,,X 全窗基线 · 不参与实体赏罚,15052927,1506,A168_HF9F_20260827_0900,2026-08-27 09:00:00
2026-06-06,127529701,2202,0,516.6250932187,-79.9110242496,-79.9110242496,0.4583333,26,26,0.50046368461538462,0.500463684615,-0.412791630804212,-0.4127916308004431,-0.412791630804212,3.8462E-13,ELIGIBLE,R03b_20260811_FULL_v1,L1_ELIGIBILITY,v2026-08-11,2026-03-21..2026-08-06,baccarat_bet02_101_all_pairs_incl_sentinel,round_win = game_pnl > 0 (decisive only),COMPATIBILITY_ONLY_NOT_PRODUCTION,557989.4742,504875.3716,9878.7574,24851,24505,-0.01770420,0.00338982,-0.02772422,-0.01770420,-9878.7574,557989.4742,OK,0.0000,395.1503,4.0000,96.0000,AG03-UNRESOLVED,ALL5_LEVELS_bet23_to_bet27,395.1503,395.1503,395.1503,0.0000,0.0000,4.000000,4.000000,4.000000,0.000000,0.000000,96.000000,96.000000,96.000000,100.000000,100.000000,5.0,1185.4509,1138.6651,8693.3065,8740.0923,PENDING_AG03,FALSE,NOT_FOR_ENFORCEMENT,9483.6071,484680.3568,9878.7574,9483.6071,395.1503,0.01770420,0.01699603,395.1503,9483.6071,0.01699603,395.1503,395.1503,395.1503,0.0000,0.0000,9483.6071,0.01699603,1185.4509,1138.6651,8693.3065,8740.0923,0.01557970,0.01566354,0.00070817,22.4534,20.6030,0.4031,82.3230,2.6463,4649.9123,204.2083,25.9152,21.1137,12.8578,14.5296,26.176,48.8436,54.2173,102.8621,13.088,0.0,3.731508,7.079487,1.545355,30,207,63,6,0.32204186,0.01770420,-0.00338982,0E-8,0.000000,0.904812,0.002133,0.03111404,2026-03-21,2026-08-06,120,3733,1703,139,0.863309,1.227414,1.154177,1.073473,,,,,,,,GLOBAL_BASELINE_NO_ENTITY_RANKING,,,NOT_APPLICABLE_GLOBAL_BASELINE,HF9g-P5,,,,X 全窗基线 · 不参与实体赏罚,15052928,1506,A168_HF9F_20260827_0900,2026-08-27 09:00:00
2026-06-06,127529701,529,0,23.1439812791,-5.1431069509,-5.1431069509,0E-7,2,2,0.49994810000000000,0.499948100000,-0.9998962053866608,-0.9998962053866608,-0.9998962053866608,0E-17,ELIGIBLE,R03b_20260811_FULL_v1,L1_ELIGIBILITY,v2026-08-11,2026-03-21..2026-08-06,baccarat_bet02_101_all_pairs_incl_sentinel,round_win = game_pnl > 0 (decisive only),COMPATIBILITY_ONLY_NOT_PRODUCTION,557989.4742,504875.3716,9878.7574,24851,24505,-0.01770420,0.00338982,-0.02772422,-0.01770420,-9878.7574,557989.4742,OK,0.0000,395.1503,4.0000,96.0000,AG03-UNRESOLVED,ALL5_LEVELS_bet23_to_bet27,395.1503,395.1503,395.1503,0.0000,0.0000,4.000000,4.000000,4.000000,0.000000,0.000000,96.000000,96.000000,96.000000,100.000000,100.000000,5.0,1185.4509,1138.6651,8693.3065,8740.0923,PENDING_AG03,FALSE,NOT_FOR_ENFORCEMENT,9483.6071,484680.3568,9878.7574,9483.6071,395.1503,0.01770420,0.01699603,395.1503,9483.6071,0.01699603,395.1503,395.1503,395.1503,0.0000,0.0000,9483.6071,0.01699603,1185.4509,1138.6651,8693.3065,8740.0923,0.01557970,0.01566354,0.00070817,22.4534,20.6030,0.4031,82.3230,2.6463,4649.9123,204.2083,25.9152,21.1137,12.8578,14.5296,26.176,48.8436,54.2173,102.8621,13.088,0.0,3.731508,7.079487,1.545355,30,207,63,6,0.32204186,0.01770420,-0.00338982,0E-8,0.000000,0.904812,0.002133,0.03111404,2026-03-21,2026-08-06,120,3733,1703,139,0.863309,1.227414,1.154177,1.073473,,,,,,,,GLOBAL_BASELINE_NO_ENTITY_RANKING,,,NOT_APPLICABLE_GLOBAL_BASELINE,HF9g-P5,,,,X 全窗基线 · 不参与实体赏罚,15052929,1506,A168_HF9F_20260827_0900,2026-08-27 09:00:00
2026-06-08,127529701,-1,1,580.1424640627,-119.9372540952,-119.9372540952,0.4423077,54,54,0.50168581111111111,0.501685811111,-0.8563682754863401,-0.856368275484737,-0.8563682754863401,1.1111E-13,SENTINEL_DEALER,R03b_20260811_FULL_v1,L1_ELIGIBILITY,v2026-08-11,2026-03-21..2026-08-06,baccarat_bet02_101_all_pairs_incl_sentinel,round_win = game_pnl > 0 (decisive only),COMPATIBILITY_ONLY_NOT_PRODUCTION,557989.4742,504875.3716,9878.7574,24851,24505,-0.01770420,0.00338982,-0.02772422,-0.01770420,-9878.7574,557989.4742,OK,0.0000,395.1503,4.0000,96.0000,AG03-UNRESOLVED,ALL5_LEVELS_bet23_to_bet27,395.1503,395.1503,395.1503,0.0000,0.0000,4.000000,4.000000,4.000000,0.000000,0.000000,96.000000,96.000000,96.000000,100.000000,100.000000,5.0,1185.4509,1138.6651,8693.3065,8740.0923,PENDING_AG03,FALSE,NOT_FOR_ENFORCEMENT,9483.6071,484680.3568,9878.7574,9483.6071,395.1503,0.01770420,0.01699603,395.1503,9483.6071,0.01699603,395.1503,395.1503,395.1503,0.0000,0.0000,9483.6071,0.01699603,1185.4509,1138.6651,8693.3065,8740.0923,0.01557970,0.01566354,0.00070817,22.4534,20.6030,0.4031,82.3230,2.6463,4649.9123,204.2083,25.9152,21.1137,12.8578,14.5296,26.176,48.8436,54.2173,102.8621,13.088,0.0,3.731508,7.079487,1.545355,30,207,63,6,0.32204186,0.01770420,-0.00338982,0E-8,0.000000,0.904812,0.002133,0.03111404,2026-03-21,2026-08-06,120,3733,1703,139,0.863309,1.227414,1.154177,1.073473,,,,,,,,GLOBAL_BASELINE_NO_ENTITY_RANKING,,,NOT_APPLICABLE_GLOBAL_BASELINE,HF9g-P5,,,,X 全窗基线 · 不参与实体赏罚,15052930,1506,A168_HF9F_20260827_0900,2026-08-27 09:00:00
2026-06-08,127529701,1004,0,63.0030601486,-7.7146604263,-7.7146604263,0.2500000,5,5,0.49860758000000000,0.498607580000,-0.9944341760919779,-0.9944341760919779,-0.9944341760919779,0E-17,ELIGIBLE,R03b_20260811_FULL_v1,L1_ELIGIBILITY,v2026-08-11,2026-03-21..2026-08-06,baccarat_bet02_101_all_pairs_incl_sentinel,round_win = game_pnl > 0 (decisive only),COMPATIBILITY_ONLY_NOT_PRODUCTION,557989.4742,504875.3716,9878.7574,24851,24505,-0.01770420,0.00338982,-0.02772422,-0.01770420,-9878.7574,557989.4742,OK,0.0000,395.1503,4.0000,96.0000,AG03-UNRESOLVED,ALL5_LEVELS_bet23_to_bet27,395.1503,395.1503,395.1503,0.0000,0.0000,4.000000,4.000000,4.000000,0.000000,0.000000,96.000000,96.000000,96.000000,100.000000,100.000000,5.0,1185.4509,1138.6651,8693.3065,8740.0923,PENDING_AG03,FALSE,NOT_FOR_ENFORCEMENT,9483.6071,484680.3568,9878.7574,9483.6071,395.1503,0.01770420,0.01699603,395.1503,9483.6071,0.01699603,395.1503,395.1503,395.1503,0.0000,0.0000,9483.6071,0.01699603,1185.4509,1138.6651,8693.3065,8740.0923,0.01557970,0.01566354,0.00070817,22.4534,20.6030,0.4031,82.3230,2.6463,4649.9123,204.2083,25.9152,21.1137,12.8578,14.5296,26.176,48.8436,54.2173,102.8621,13.088,0.0,3.731508,7.079487,1.545355,30,207,63,6,0.32204186,0.01770420,-0.00338982,0E-8,0.000000,0.904812,0.002133,0.03111404,2026-03-21,2026-08-06,120,3733,1703,139,0.863309,1.227414,1.154177,1.073473,,,,,,,,GLOBAL_BASELINE_NO_ENTITY_RANKING,,,NOT_APPLICABLE_GLOBAL_BASELINE,HF9g-P5,,,,X 全窗基线 · 不参与实体赏罚,15052931,1506,A168_HF9F_20260827_0900,2026-08-27 09:00:00
2026-06-08,127529701,1307,0,53.7454676369,-4.6030807210,-4.6030807210,0.5000000,4,4,0.49994810000000000,0.499948100000,0.00020760000111838688,0.00020760000111838688,0.00020760000111838688,0E-17,ELIGIBLE,R03b_20260811_FULL_v1,L1_ELIGIBILITY,v2026-08-11,2026-03-21..2026-08-06,baccarat_bet02_101_all_pairs_incl_sentinel,round_win = game_pnl > 0 (decisive only),COMPATIBILITY_ONLY_NOT_PRODUCTION,557989.4742,504875.3716,9878.7574,24851,24505,-0.01770420,0.00338982,-0.02772422,-0.01770420,-9878.7574,557989.4742,OK,0.0000,395.1503,4.0000,96.0000,AG03-UNRESOLVED,ALL5_LEVELS_bet23_to_bet27,395.1503,395.1503,395.1503,0.0000,0.0000,4.000000,4.000000,4.000000,0.000000,0.000000,96.000000,96.000000,96.000000,100.000000,100.000000,5.0,1185.4509,1138.6651,8693.3065,8740.0923,PENDING_AG03,FALSE,NOT_FOR_ENFORCEMENT,9483.6071,484680.3568,9878.7574,9483.6071,395.1503,0.01770420,0.01699603,395.1503,9483.6071,0.01699603,395.1503,395.1503,395.1503,0.0000,0.0000,9483.6071,0.01699603,1185.4509,1138.6651,8693.3065,8740.0923,0.01557970,0.01566354,0.00070817,22.4534,20.6030,0.4031,82.3230,2.6463,4649.9123,204.2083,25.9152,21.1137,12.8578,14.5296,26.176,48.8436,54.2173,102.8621,13.088,0.0,3.731508,7.079487,1.545355,30,207,63,6,0.32204186,0.01770420,-0.00338982,0E-8,0.000000,0.904812,0.002133,0.03111404,2026-03-21,2026-08-06,120,3733,1703,139,0.863309,1.227414,1.154177,1.073473,,,,,,,,GLOBAL_BASELINE_NO_ENTITY_RANKING,,,NOT_APPLICABLE_GLOBAL_BASELINE,HF9g-P5,,,,X 全窗基线 · 不参与实体赏罚,15052932,1506,A168_HF9F_20260827_0900,2026-08-27 09:00:00
2026-06-08,127529701,1325,0,132.1778486384,30.2157533366,30.2157533366,0.6363636,13,13,0.50149485384615385,0.501494853846,0.8946222933185218,0.8946222933195417,0.8946222933185218,1.5385E-13,ELIGIBLE,R03b_20260811_FULL_v1,L1_ELIGIBILITY,v2026-08-11,2026-03-21..2026-08-06,baccarat_bet02_101_all_pairs_incl_sentinel,round_win = game_pnl > 0 (decisive only),COMPATIBILITY_ONLY_NOT_PRODUCTION,557989.4742,504875.3716,9878.7574,24851,24505,-0.01770420,0.00338982,-0.02772422,-0.01770420,-9878.7574,557989.4742,OK,0.0000,395.1503,4.0000,96.0000,AG03-UNRESOLVED,ALL5_LEVELS_bet23_to_bet27,395.1503,395.1503,395.1503,0.0000,0.0000,4.000000,4.000000,4.000000,0.000000,0.000000,96.000000,96.000000,96.000000,100.000000,100.000000,5.0,1185.4509,1138.6651,8693.3065,8740.0923,PENDING_AG03,FALSE,NOT_FOR_ENFORCEMENT,9483.6071,484680.3568,9878.7574,9483.6071,395.1503,0.01770420,0.01699603,395.1503,9483.6071,0.01699603,395.1503,395.1503,395.1503,0.0000,0.0000,9483.6071,0.01699603,1185.4509,1138.6651,8693.3065,8740.0923,0.01557970,0.01566354,0.00070817,22.4534,20.6030,0.4031,82.3230,2.6463,4649.9123,204.2083,25.9152,21.1137,12.8578,14.5296,26.176,48.8436,54.2173,102.8621,13.088,0.0,3.731508,7.079487,1.545355,30,207,63,6,0.32204186,0.01770420,-0.00338982,0E-8,0.000000,0.904812,0.002133,0.03111404,2026-03-21,2026-08-06,120,3733,1703,139,0.863309,1.227414,1.154177,1.073473,,,,,,,,GLOBAL_BASELINE_NO_ENTITY_RANKING,,,NOT_APPLICABLE_GLOBAL_BASELINE,HF9g-P5,,,,X 全窗基线 · 不参与实体赏罚,15052933,1506,A168_HF9F_20260827_0900,2026-08-27 09:00:00
2026-06-08,127529701,1401,0,41.1448556072,-41.1448556072,-41.1448556072,0E-7,2,2,0.49994810000000000,0.499948100000,-1.4140667746232096,-1.4140667746232096,-1.4140667746232096,0E-17,ELIGIBLE,R03b_20260811_FULL_v1,L1_ELIGIBILITY,v2026-08-11,2026-03-21..2026-08-06,baccarat_bet02_101_all_pairs_incl_sentinel,round_win = game_pnl > 0 (decisive only),COMPATIBILITY_ONLY_NOT_PRODUCTION,557989.4742,504875.3716,9878.7574,24851,24505,-0.01770420,0.00338982,-0.02772422,-0.01770420,-9878.7574,557989.4742,OK,0.0000,395.1503,4.0000,96.0000,AG03-UNRESOLVED,ALL5_LEVELS_bet23_to_bet27,395.1503,395.1503,395.1503,0.0000,0.0000,4.000000,4.000000,4.000000,0.000000,0.000000,96.000000,96.000000,96.000000,100.000000,100.000000,5.0,1185.4509,1138.6651,8693.3065,8740.0923,PENDING_AG03,FALSE,NOT_FOR_ENFORCEMENT,9483.6071,484680.3568,9878.7574,9483.6071,395.1503,0.01770420,0.01699603,395.1503,9483.6071,0.01699603,395.1503,395.1503,395.1503,0.0000,0.0000,9483.6071,0.01699603,1185.4509,1138.6651,8693.3065,8740.0923,0.01557970,0.01566354,0.00070817,22.4534,20.6030,0.4031,82.3230,2.6463,4649.9123,204.2083,25.9152,21.1137,12.8578,14.5296,26.176,48.8436,54.2173,102.8621,13.088,0.0,3.731508,7.079487,1.545355,30,207,63,6,0.32204186,0.01770420,-0.00338982,0E-8,0.000000,0.904812,0.002133,0.03111404,2026-03-21,2026-08-06,120,3733,1703,139,0.863309,1.227414,1.154177,1.073473,,,,,,,,GLOBAL_BASELINE_NO_ENTITY_RANKING,,,NOT_APPLICABLE_GLOBAL_BASELINE,HF9g-P5,,,,X 全窗基线 · 不参与实体赏罚,15052934,1506,A168_HF9F_20260827_0900,2026-08-27 09:00:00
2026-06-08,127529701,1402,0,40.3733895646,-1.1571990640,-1.1571990640,0.6666667,3,3,0.49771390000000000,0.497713900000,0.5852756695216578,0.5852756695216578,0.5852756695216578,0E-17,ELIGIBLE,R03b_20260811_FULL_v1,L1_ELIGIBILITY,v2026-08-11,2026-03-21..2026-08-06,baccarat_bet02_101_all_pairs_incl_sentinel,round_win = game_pnl > 0 (decisive only),COMPATIBILITY_ONLY_NOT_PRODUCTION,557989.4742,504875.3716,9878.7574,24851,24505,-0.01770420,0.00338982,-0.02772422,-0.01770420,-9878.7574,557989.4742,OK,0.0000,395.1503,4.0000,96.0000,AG03-UNRESOLVED,ALL5_LEVELS_bet23_to_bet27,395.1503,395.1503,395.1503,0.0000,0.0000,4.000000,4.000000,4.000000,0.000000,0.000000,96.000000,96.000000,96.000000,100.000000,100.000000,5.0,1185.4509,1138.6651,8693.3065,8740.0923,PENDING_AG03,FALSE,NOT_FOR_ENFORCEMENT,9483.6071,484680.3568,9878.7574,9483.6071,395.1503,0.01770420,0.01699603,395.1503,9483.6071,0.01699603,395.1503,395.1503,395.1503,0.0000,0.0000,9483.6071,0.01699603,1185.4509,1138.6651,8693.3065,8740.0923,0.01557970,0.01566354,0.00070817,22.4534,20.6030,0.4031,82.3230,2.6463,4649.9123,204.2083,25.9152,21.1137,12.8578,14.5296,26.176,48.8436,54.2173,102.8621,13.088,0.0,3.731508,7.079487,1.545355,30,207,63,6,0.32204186,0.01770420,-0.00338982,0E-8,0.000000,0.904812,0.002133,0.03111404,2026-03-21,2026-08-06,120,3733,1703,139,0.863309,1.227414,1.154177,1.073473,,,,,,,,GLOBAL_BASELINE_NO_ENTITY_RANKING,,,NOT_APPLICABLE_GLOBAL_BASELINE,HF9g-P5,,,,X 全窗基线 · 不参与实体赏罚,15052935,1506,A168_HF9F_20260827_0900,2026-08-27 09:00:00
2026-06-08,127529701,1490,0,24.9440687119,-24.9440687119,-24.9440687119,0E-7,2,2,0.49994810000000000,0.499948100000,-1.4140667746232096,-1.4140667746232096,-1.4140667746232096,0E-17,ELIGIBLE,R03b_20260811_FULL_v1,L1_ELIGIBILITY,v2026-08-11,2026-03-21..2026-08-06,baccarat_bet02_101_all_pairs_incl_sentinel,round_win = game_pnl > 0 (decisive only),COMPATIBILITY_ONLY_NOT_PRODUCTION,557989.4742,504875.3716,9878.7574,24851,24505,-0.01770420,0.00338982,-0.02772422,-0.01770420,-9878.7574,557989.4742,OK,0.0000,395.1503,4.0000,96.0000,AG03-UNRESOLVED,ALL5_LEVELS_bet23_to_bet27,395.1503,395.1503,395.1503,0.0000,0.0000,4.000000,4.000000,4.000000,0.000000,0.000000,96.000000,96.000000,96.000000,100.000000,100.000000,5.0,1185.4509,1138.6651,8693.3065,8740.0923,PENDING_AG03,FALSE,NOT_FOR_ENFORCEMENT,9483.6071,484680.3568,9878.7574,9483.6071,395.1503,0.01770420,0.01699603,395.1503,9483.6071,0.01699603,395.1503,395.1503,395.1503,0.0000,0.0000,9483.6071,0.01699603,1185.4509,1138.6651,8693.3065,8740.0923,0.01557970,0.01566354,0.00070817,22.4534,20.6030,0.4031,82.3230,2.6463,4649.9123,204.2083,25.9152,21.1137,12.8578,14.5296,26.176,48.8436,54.2173,102.8621,13.088,0.0,3.731508,7.079487,1.545355,30,207,63,6,0.32204186,0.01770420,-0.00338982,0E-8,0.000000,0.904812,0.002133,0.03111404,2026-03-21,2026-08-06,120,3733,1703,139,0.863309,1.227414,1.154177,1.073473,,,,,,,,GLOBAL_BASELINE_NO_ENTITY_RANKING,,,NOT_APPLICABLE_GLOBAL_BASELINE,HF9g-P5,,,,X 全窗基线 · 不参与实体赏罚,15052936,1506,A168_HF9F_20260827_0900,2026-08-27 09:00:00
2026-06-08,127529701,1505,0,83.5754879522,-33.4301951808,-33.4301951808,0.2857143,7,7,0.50282064285714286,0.502820642857,-1.1488371386043665,-1.1488371386036085,-1.1488371386043665,1.4286E-13,ELIGIBLE,R03b_20260811_FULL_v1,L1_ELIGIBILITY,v2026-08-11,2026-03-21..2026-08-06,baccarat_bet02_101_all_pairs_incl_sentinel,round_win = game_pnl > 0 (decisive only),COMPATIBILITY_ONLY_NOT_PRODUCTION,557989.4742,504875.3716,9878.7574,24851,24505,-0.01770420,0.00338982,-0.02772422,-0.01770420,-9878.7574,557989.4742,OK,0.0000,395.1503,4.0000,96.0000,AG03-UNRESOLVED,ALL5_LEVELS_bet23_to_bet27,395.1503,395.1503,395.1503,0.0000,0.0000,4.000000,4.000000,4.000000,0.000000,0.000000,96.000000,96.000000,96.000000,100.000000,100.000000,5.0,1185.4509,1138.6651,8693.3065,8740.0923,PENDING_AG03,FALSE,NOT_FOR_ENFORCEMENT,9483.6071,484680.3568,9878.7574,9483.6071,395.1503,0.01770420,0.01699603,395.1503,9483.6071,0.01699603,395.1503,395.1503,395.1503,0.0000,0.0000,9483.6071,0.01699603,1185.4509,1138.6651,8693.3065,8740.0923,0.01557970,0.01566354,0.00070817,22.4534,20.6030,0.4031,82.3230,2.6463,4649.9123,204.2083,25.9152,21.1137,12.8578,14.5296,26.176,48.8436,54.2173,102.8621,13.088,0.0,3.731508,7.079487,1.545355,30,207,63,6,0.32204186,0.01770420,-0.00338982,0E-8,0.000000,0.904812,0.002133,0.03111404,2026-03-21,2026-08-06,120,3733,1703,139,0.863309,1.227414,1.154177,1.073473,,,,,,,,GLOBAL_BASELINE_NO_ENTITY_RANKING,,,NOT_APPLICABLE_GLOBAL_BASELINE,HF9g-P5,,,,X 全窗基线 · 不参与实体赏罚,15052937,1506,A168_HF9F_20260827_0900,2026-08-27 09:00:00
2026-06-08,127529701,1714,0,157.8933833928,-15.0435878312,-15.0435878312,0.4375000,18,18,0.49994810000000000,0.499948100000,-0.49958480269137323,-0.49958480269137323,-0.49958480269137323,0E-17,ELIGIBLE,R03b_20260811_FULL_v1,L1_ELIGIBILITY,v2026-08-11,2026-03-21..2026-08-06,baccarat_bet02_101_all_pairs_incl_sentinel,round_win = game_pnl > 0 (decisive only),COMPATIBILITY_ONLY_NOT_PRODUCTION,557989.4742,504875.3716,9878.7574,24851,24505,-0.01770420,0.00338982,-0.02772422,-0.01770420,-9878.7574,557989.4742,OK,0.0000,395.1503,4.0000,96.0000,AG03-UNRESOLVED,ALL5_LEVELS_bet23_to_bet27,395.1503,395.1503,395.1503,0.0000,0.0000,4.000000,4.000000,4.000000,0.000000,0.000000,96.000000,96.000000,96.000000,100.000000,100.000000,5.0,1185.4509,1138.6651,8693.3065,8740.0923,PENDING_AG03,FALSE,NOT_FOR_ENFORCEMENT,9483.6071,484680.3568,9878.7574,9483.6071,395.1503,0.01770420,0.01699603,395.1503,9483.6071,0.01699603,395.1503,395.1503,395.1503,0.0000,0.0000,9483.6071,0.01699603,1185.4509,1138.6651,8693.3065,8740.0923,0.01557970,0.01566354,0.00070817,22.4534,20.6030,0.4031,82.3230,2.6463,4649.9123,204.2083,25.9152,21.1137,12.8578,14.5296,26.176,48.8436,54.2173,102.8621,13.088,0.0,3.731508,7.079487,1.545355,30,207,63,6,0.32204186,0.01770420,-0.00338982,0E-8,0.000000,0.904812,0.002133,0.03111404,2026-03-21,2026-08-06,120,3733,1703,139,0.863309,1.227414,1.154177,1.073473,,,,,,,,GLOBAL_BASELINE_NO_ENTITY_RANKING,,,NOT_APPLICABLE_GLOBAL_BASELINE,HF9g-P5,,,,X 全窗基线 · 不参与实体赏罚,15052938,1506,A168_HF9F_20260827_0900,2026-08-27 09:00:00
2026-06-08,127529701,2106,0,107.2337799264,84.7069714814,84.7069714814,0.8666667,16,16,0.49827245000000000,0.498272450000,2.8535863646809023,2.8535863646809028,2.8535863646809023,0E-17,ELIGIBLE,R03b_20260811_FULL_v1,L1_ELIGIBILITY,v2026-08-11,2026-03-21..2026-08-06,baccarat_bet02_101_all_pairs_incl_sentinel,round_win = game_pnl > 0 (decisive only),COMPATIBILITY_ONLY_NOT_PRODUCTION,557989.4742,504875.3716,9878.7574,24851,24505,-0.01770420,0.00338982,-0.02772422,-0.01770420,-9878.7574,557989.4742,OK,0.0000,395.1503,4.0000,96.0000,AG03-UNRESOLVED,ALL5_LEVELS_bet23_to_bet27,395.1503,395.1503,395.1503,0.0000,0.0000,4.000000,4.000000,4.000000,0.000000,0.000000,96.000000,96.000000,96.000000,100.000000,100.000000,5.0,1185.4509,1138.6651,8693.3065,8740.0923,PENDING_AG03,FALSE,NOT_FOR_ENFORCEMENT,9483.6071,484680.3568,9878.7574,9483.6071,395.1503,0.01770420,0.01699603,395.1503,9483.6071,0.01699603,395.1503,395.1503,395.1503,0.0000,0.0000,9483.6071,0.01699603,1185.4509,1138.6651,8693.3065,8740.0923,0.01557970,0.01566354,0.00070817,22.4534,20.6030,0.4031,82.3230,2.6463,4649.9123,204.2083,25.9152,21.1137,12.8578,14.5296,26.176,48.8436,54.2173,102.8621,13.088,0.0,3.731508,7.079487,1.545355,30,207,63,6,0.32204186,0.01770420,-0.00338982,0E-8,0.000000,0.904812,0.002133,0.03111404,2026-03-21,2026-08-06,120,3733,1703,139,0.863309,1.227414,1.154177,1.073473,,,,,,,,GLOBAL_BASELINE_NO_ENTITY_RANKING,,,NOT_APPLICABLE_GLOBAL_BASELINE,HF9g-P5,,,,X 全窗基线 · 不参与实体赏罚,15052939,1506,A168_HF9F_20260827_0900,2026-08-27 09:00:00
2026-06-08,127529701,2123,0,503.5101704940,-38.4704399928,-38.4704399928,0.4705882,35,34,0.50047379411764740,0.500539505882,-0.34852266817451877,-0.34928903930767685,-0.34852266817451877,-0.00006571176435260,ELIGIBLE,R03b_20260811_FULL_v1,L1_ELIGIBILITY,v2026-08-11,2026-03-21..2026-08-06,baccarat_bet02_101_all_pairs_incl_sentinel,round_win = game_pnl > 0 (decisive only),COMPATIBILITY_ONLY_NOT_PRODUCTION,557989.4742,504875.3716,9878.7574,24851,24505,-0.01770420,0.00338982,-0.02772422,-0.01770420,-9878.7574,557989.4742,OK,0.0000,395.1503,4.0000,96.0000,AG03-UNRESOLVED,ALL5_LEVELS_bet23_to_bet27,395.1503,395.1503,395.1503,0.0000,0.0000,4.000000,4.000000,4.000000,0.000000,0.000000,96.000000,96.000000,96.000000,100.000000,100.000000,5.0,1185.4509,1138.6651,8693.3065,8740.0923,PENDING_AG03,FALSE,NOT_FOR_ENFORCEMENT,9483.6071,484680.3568,9878.7574,9483.6071,395.1503,0.01770420,0.01699603,395.1503,9483.6071,0.01699603,395.1503,395.1503,395.1503,0.0000,0.0000,9483.6071,0.01699603,1185.4509,1138.6651,8693.3065,8740.0923,0.01557970,0.01566354,0.00070817,22.4534,20.6030,0.4031,82.3230,2.6463,4649.9123,204.2083,25.9152,21.1137,12.8578,14.5296,26.176,48.8436,54.2173,102.8621,13.088,0.0,3.731508,7.079487,1.545355,30,207,63,6,0.32204186,0.01770420,-0.00338982,0E-8,0.000000,0.904812,0.002133,0.03111404,2026-03-21,2026-08-06,120,3733,1703,139,0.863309,1.227414,1.154177,1.073473,,,,,,,,GLOBAL_BASELINE_NO_ENTITY_RANKING,,,NOT_APPLICABLE_GLOBAL_BASELINE,HF9g-P5,,,,X 全窗基线 · 不参与实体赏罚,15052940,1506,A168_HF9F_20260827_0900,2026-08-27 09:00:00
2026-06-08,127529701,2127,0,10.2862139019,4.8859516034,4.8859516034,0.6666667,3,3,0.49771390000000000,0.497713900000,0.5852756695216578,0.5852756695216578,0.5852756695216578,0E-17,ELIGIBLE,R03b_20260811_FULL_v1,L1_ELIGIBILITY,v2026-08-11,2026-03-21..2026-08-06,baccarat_bet02_101_all_pairs_incl_sentinel,round_win = game_pnl > 0 (decisive only),COMPATIBILITY_ONLY_NOT_PRODUCTION,557989.4742,504875.3716,9878.7574,24851,24505,-0.01770420,0.00338982,-0.02772422,-0.01770420,-9878.7574,557989.4742,OK,0.0000,395.1503,4.0000,96.0000,AG03-UNRESOLVED,ALL5_LEVELS_bet23_to_bet27,395.1503,395.1503,395.1503,0.0000,0.0000,4.000000,4.000000,4.000000,0.000000,0.000000,96.000000,96.000000,96.000000,100.000000,100.000000,5.0,1185.4509,1138.6651,8693.3065,8740.0923,PENDING_AG03,FALSE,NOT_FOR_ENFORCEMENT,9483.6071,484680.3568,9878.7574,9483.6071,395.1503,0.01770420,0.01699603,395.1503,9483.6071,0.01699603,395.1503,395.1503,395.1503,0.0000,0.0000,9483.6071,0.01699603,1185.4509,1138.6651,8693.3065,8740.0923,0.01557970,0.01566354,0.00070817,22.4534,20.6030,0.4031,82.3230,2.6463,4649.9123,204.2083,25.9152,21.1137,12.8578,14.5296,26.176,48.8436,54.2173,102.8621,13.088,0.0,3.731508,7.079487,1.545355,30,207,63,6,0.32204186,0.01770420,-0.00338982,0E-8,0.000000,0.904812,0.002133,0.03111404,2026-03-21,2026-08-06,120,3733,1703,139,0.863309,1.227414,1.154177,1.073473,,,,,,,,GLOBAL_BASELINE_NO_ENTITY_RANKING,,,NOT_APPLICABLE_GLOBAL_BASELINE,HF9g-P5,,,,X 全窗基线 · 不参与实体赏罚,15052941,1506,A168_HF9F_20260827_0900,2026-08-27 09:00:00
2026-06-08,127529701,2134,0,63.5173708437,-53.2311569419,-53.2311569419,0.2500000,4,4,0.49324550000000000,0.493245500000,-0.9730707933947887,-0.9730707933947887,-0.9730707933947887,0E-17,ELIGIBLE,R03b_20260811_FULL_v1,L1_ELIGIBILITY,v2026-08-11,2026-03-21..2026-08-06,baccarat_bet02_101_all_pairs_incl_sentinel,round_win = game_pnl > 0 (decisive only),COMPATIBILITY_ONLY_NOT_PRODUCTION,557989.4742,504875.3716,9878.7574,24851,24505,-0.01770420,0.00338982,-0.02772422,-0.01770420,-9878.7574,557989.4742,OK,0.0000,395.1503,4.0000,96.0000,AG03-UNRESOLVED,ALL5_LEVELS_bet23_to_bet27,395.1503,395.1503,395.1503,0.0000,0.0000,4.000000,4.000000,4.000000,0.000000,0.000000,96.000000,96.000000,96.000000,100.000000,100.000000,5.0,1185.4509,1138.6651,8693.3065,8740.0923,PENDING_AG03,FALSE,NOT_FOR_ENFORCEMENT,9483.6071,484680.3568,9878.7574,9483.6071,395.1503,0.01770420,0.01699603,395.1503,9483.6071,0.01699603,395.1503,395.1503,395.1503,0.0000,0.0000,9483.6071,0.01699603,1185.4509,1138.6651,8693.3065,8740.0923,0.01557970,0.01566354,0.00070817,22.4534,20.6030,0.4031,82.3230,2.6463,4649.9123,204.2083,25.9152,21.1137,12.8578,14.5296,26.176,48.8436,54.2173,102.8621,13.088,0.0,3.731508,7.079487,1.545355,30,207,63,6,0.32204186,0.01770420,-0.00338982,0E-8,0.000000,0.904812,0.002133,0.03111404,2026-03-21,2026-08-06,120,3733,1703,139,0.863309,1.227414,1.154177,1.073473,,,,,,,,GLOBAL_BASELINE_NO_ENTITY_RANKING,,,NOT_APPLICABLE_GLOBAL_BASELINE,HF9g-P5,,,,X 全窗基线 · 不参与实体赏罚,15052942,1506,A168_HF9F_20260827_0900,2026-08-27 09:00:00
2026-06-08,127529701,2160,0,76.3751382211,-15.9436315479,-15.9436315479,0.5000000,6,6,0.49994810000000000,0.499948100000,0.00025425703667063243,0.00025425703667063243,0.00025425703667063243,0E-17,ELIGIBLE,R03b_20260811_FULL_v1,L1_ELIGIBILITY,v2026-08-11,2026-03-21..2026-08-06,baccarat_bet02_101_all_pairs_incl_sentinel,round_win = game_pnl > 0 (decisive only),COMPATIBILITY_ONLY_NOT_PRODUCTION,557989.4742,504875.3716,9878.7574,24851,24505,-0.01770420,0.00338982,-0.02772422,-0.01770420,-9878.7574,557989.4742,OK,0.0000,395.1503,4.0000,96.0000,AG03-UNRESOLVED,ALL5_LEVELS_bet23_to_bet27,395.1503,395.1503,395.1503,0.0000,0.0000,4.000000,4.000000,4.000000,0.000000,0.000000,96.000000,96.000000,96.000000,100.000000,100.000000,5.0,1185.4509,1138.6651,8693.3065,8740.0923,PENDING_AG03,FALSE,NOT_FOR_ENFORCEMENT,9483.6071,484680.3568,9878.7574,9483.6071,395.1503,0.01770420,0.01699603,395.1503,9483.6071,0.01699603,395.1503,395.1503,395.1503,0.0000,0.0000,9483.6071,0.01699603,1185.4509,1138.6651,8693.3065,8740.0923,0.01557970,0.01566354,0.00070817,22.4534,20.6030,0.4031,82.3230,2.6463,4649.9123,204.2083,25.9152,21.1137,12.8578,14.5296,26.176,48.8436,54.2173,102.8621,13.088,0.0,3.731508,7.079487,1.545355,30,207,63,6,0.32204186,0.01770420,-0.00338982,0E-8,0.000000,0.904812,0.002133,0.03111404,2026-03-21,2026-08-06,120,3733,1703,139,0.863309,1.227414,1.154177,1.073473,,,,,,,,GLOBAL_BASELINE_NO_ENTITY_RANKING,,,NOT_APPLICABLE_GLOBAL_BASELINE,HF9g-P5,,,,X 全窗基线 · 不参与实体赏罚,15052943,1506,A168_HF9F_20260827_0900,2026-08-27 09:00:00
2026-06-08,127529701,2174,0,12.8577673773,12.8577673773,12.8577673773,1.0000000,1,1,0.49324550000000000,0.493245500000,1.01360149184955,1.01360149184955,1.01360149184955,0E-17,ELIGIBLE,R03b_20260811_FULL_v1,L1_ELIGIBILITY,v2026-08-11,2026-03-21..2026-08-06,baccarat_bet02_101_all_pairs_incl_sentinel,round_win = game_pnl > 0 (decisive only),COMPATIBILITY_ONLY_NOT_PRODUCTION,557989.4742,504875.3716,9878.7574,24851,24505,-0.01770420,0.00338982,-0.02772422,-0.01770420,-9878.7574,557989.4742,OK,0.0000,395.1503,4.0000,96.0000,AG03-UNRESOLVED,ALL5_LEVELS_bet23_to_bet27,395.1503,395.1503,395.1503,0.0000,0.0000,4.000000,4.000000,4.000000,0.000000,0.000000,96.000000,96.000000,96.000000,100.000000,100.000000,5.0,1185.4509,1138.6651,8693.3065,8740.0923,PENDING_AG03,FALSE,NOT_FOR_ENFORCEMENT,9483.6071,484680.3568,9878.7574,9483.6071,395.1503,0.01770420,0.01699603,395.1503,9483.6071,0.01699603,395.1503,395.1503,395.1503,0.0000,0.0000,9483.6071,0.01699603,1185.4509,1138.6651,8693.3065,8740.0923,0.01557970,0.01566354,0.00070817,22.4534,20.6030,0.4031,82.3230,2.6463,4649.9123,204.2083,25.9152,21.1137,12.8578,14.5296,26.176,48.8436,54.2173,102.8621,13.088,0.0,3.731508,7.079487,1.545355,30,207,63,6,0.32204186,0.01770420,-0.00338982,0E-8,0.000000,0.904812,0.002133,0.03111404,2026-03-21,2026-08-06,120,3733,1703,139,0.863309,1.227414,1.154177,1.073473,,,,,,,,GLOBAL_BASELINE_NO_ENTITY_RANKING,,,NOT_APPLICABLE_GLOBAL_BASELINE,HF9g-P5,,,,X 全窗基线 · 不参与实体赏罚,15052944,1506,A168_HF9F_20260827_0900,2026-08-27 09:00:00
2026-06-08,127529701,2241,0,179.2372772390,48.9366626380,48.9366626380,0.5833333,12,12,0.49771390000000000,0.497713900000,0.5931950350016753,0.5931950350016753,0.5931950350016753,0E-17,ELIGIBLE,R03b_20260811_FULL_v1,L1_ELIGIBILITY,v2026-08-11,2026-03-21..2026-08-06,baccarat_bet02_101_all_pairs_incl_sentinel,round_win = game_pnl > 0 (decisive only),COMPATIBILITY_ONLY_NOT_PRODUCTION,557989.4742,504875.3716,9878.7574,24851,24505,-0.01770420,0.00338982,-0.02772422,-0.01770420,-9878.7574,557989.4742,OK,0.0000,395.1503,4.0000,96.0000,AG03-UNRESOLVED,ALL5_LEVELS_bet23_to_bet27,395.1503,395.1503,395.1503,0.0000,0.0000,4.000000,4.000000,4.000000,0.000000,0.000000,96.000000,96.000000,96.000000,100.000000,100.000000,5.0,1185.4509,1138.6651,8693.3065,8740.0923,PENDING_AG03,FALSE,NOT_FOR_ENFORCEMENT,9483.6071,484680.3568,9878.7574,9483.6071,395.1503,0.01770420,0.01699603,395.1503,9483.6071,0.01699603,395.1503,395.1503,395.1503,0.0000,0.0000,9483.6071,0.01699603,1185.4509,1138.6651,8693.3065,8740.0923,0.01557970,0.01566354,0.00070817,22.4534,20.6030,0.4031,82.3230,2.6463,4649.9123,204.2083,25.9152,21.1137,12.8578,14.5296,26.176,48.8436,54.2173,102.8621,13.088,0.0,3.731508,7.079487,1.545355,30,207,63,6,0.32204186,0.01770420,-0.00338982,0E-8,0.000000,0.904812,0.002133,0.03111404,2026-03-21,2026-08-06,120,3733,1703,139,0.863309,1.227414,1.154177,1.073473,,,,,,,,GLOBAL_BASELINE_NO_ENTITY_RANKING,,,NOT_APPLICABLE_GLOBAL_BASELINE,HF9g-P5,,,,X 全窗基线 · 不参与实体赏罚,15052945,1506,A168_HF9F_20260827_0900,2026-08-27 09:00:00
2026-06-08,127529701,2246,0,239.1544732171,-67.5032787307,-67.5032787307,0.5000000,14,14,0.49899058571428571,0.498990585714,0.0069934415664623115,0.006993441568441781,0.0069934415664623115,2.8571E-13,ELIGIBLE,R03b_20260811_FULL_v1,L1_ELIGIBILITY,v2026-08-11,2026-03-21..2026-08-06,baccarat_bet02_101_all_pairs_incl_sentinel,round_win = game_pnl > 0 (decisive only),COMPATIBILITY_ONLY_NOT_PRODUCTION,557989.4742,504875.3716,9878.7574,24851,24505,-0.01770420,0.00338982,-0.02772422,-0.01770420,-9878.7574,557989.4742,OK,0.0000,395.1503,4.0000,96.0000,AG03-UNRESOLVED,ALL5_LEVELS_bet23_to_bet27,395.1503,395.1503,395.1503,0.0000,0.0000,4.000000,4.000000,4.000000,0.000000,0.000000,96.000000,96.000000,96.000000,100.000000,100.000000,5.0,1185.4509,1138.6651,8693.3065,8740.0923,PENDING_AG03,FALSE,NOT_FOR_ENFORCEMENT,9483.6071,484680.3568,9878.7574,9483.6071,395.1503,0.01770420,0.01699603,395.1503,9483.6071,0.01699603,395.1503,395.1503,395.1503,0.0000,0.0000,9483.6071,0.01699603,1185.4509,1138.6651,8693.3065,8740.0923,0.01557970,0.01566354,0.00070817,22.4534,20.6030,0.4031,82.3230,2.6463,4649.9123,204.2083,25.9152,21.1137,12.8578,14.5296,26.176,48.8436,54.2173,102.8621,13.088,0.0,3.731508,7.079487,1.545355,30,207,63,6,0.32204186,0.01770420,-0.00338982,0E-8,0.000000,0.904812,0.002133,0.03111404,2026-03-21,2026-08-06,120,3733,1703,139,0.863309,1.227414,1.154177,1.073473,,,,,,,,GLOBAL_BASELINE_NO_ENTITY_RANKING,,,NOT_APPLICABLE_GLOBAL_BASELINE,HF9g-P5,,,,X 全窗基线 · 不参与实体赏罚,15052946,1506,A168_HF9F_20260827_0900,2026-08-27 09:00:00
2026-06-08,127529701,2256,0,66.8603903619,-51.4310695092,-51.4310695092,0E-7,6,5,0.45809218000000000,0.458092180000,-1.592481358943809,-1.592481358943809,-1.592481358943809,0E-17,ELIGIBLE,R03b_20260811_FULL_v1,L1_ELIGIBILITY,v2026-08-11,2026-03-21..2026-08-06,baccarat_bet02_101_all_pairs_incl_sentinel,round_win = game_pnl > 0 (decisive only),COMPATIBILITY_ONLY_NOT_PRODUCTION,557989.4742,504875.3716,9878.7574,24851,24505,-0.01770420,0.00338982,-0.02772422,-0.01770420,-9878.7574,557989.4742,OK,0.0000,395.1503,4.0000,96.0000,AG03-UNRESOLVED,ALL5_LEVELS_bet23_to_bet27,395.1503,395.1503,395.1503,0.0000,0.0000,4.000000,4.000000,4.000000,0.000000,0.000000,96.000000,96.000000,96.000000,100.000000,100.000000,5.0,1185.4509,1138.6651,8693.3065,8740.0923,PENDING_AG03,FALSE,NOT_FOR_ENFORCEMENT,9483.6071,484680.3568,9878.7574,9483.6071,395.1503,0.01770420,0.01699603,395.1503,9483.6071,0.01699603,395.1503,395.1503,395.1503,0.0000,0.0000,9483.6071,0.01699603,1185.4509,1138.6651,8693.3065,8740.0923,0.01557970,0.01566354,0.00070817,22.4534,20.6030,0.4031,82.3230,2.6463,4649.9123,204.2083,25.9152,21.1137,12.8578,14.5296,26.176,48.8436,54.2173,102.8621,13.088,0.0,3.731508,7.079487,1.545355,30,207,63,6,0.32204186,0.01770420,-0.00338982,0E-8,0.000000,0.904812,0.002133,0.03111404,2026-03-21,2026-08-06,120,3733,1703,139,0.863309,1.227414,1.154177,1.073473,,,,,,,,GLOBAL_BASELINE_NO_ENTITY_RANKING,,,NOT_APPLICABLE_GLOBAL_BASELINE,HF9g-P5,,,,X 全窗基线 · 不参与实体赏罚,15052947,1506,A168_HF9F_20260827_0900,2026-08-27 09:00:00
2026-06-08,127529701,2271,0,51.4310695090,-21.3438938462,-21.3438938462,0.2000000,5,5,0.50665070000000000,0.506650700000,-1.3715049547573244,-1.3715049547573244,-1.3715049547573244,0E-17,ELIGIBLE,R03b_20260811_FULL_v1,L1_ELIGIBILITY,v2026-08-11,2026-03-21..2026-08-06,baccarat_bet02_101_all_pairs_incl_sentinel,round_win = game_pnl > 0 (decisive only),COMPATIBILITY_ONLY_NOT_PRODUCTION,557989.4742,504875.3716,9878.7574,24851,24505,-0.01770420,0.00338982,-0.02772422,-0.01770420,-9878.7574,557989.4742,OK,0.0000,395.1503,4.0000,96.0000,AG03-UNRESOLVED,ALL5_LEVELS_bet23_to_bet27,395.1503,395.1503,395.1503,0.0000,0.0000,4.000000,4.000000,4.000000,0.000000,0.000000,96.000000,96.000000,96.000000,100.000000,100.000000,5.0,1185.4509,1138.6651,8693.3065,8740.0923,PENDING_AG03,FALSE,NOT_FOR_ENFORCEMENT,9483.6071,484680.3568,9878.7574,9483.6071,395.1503,0.01770420,0.01699603,395.1503,9483.6071,0.01699603,395.1503,395.1503,395.1503,0.0000,0.0000,9483.6071,0.01699603,1185.4509,1138.6651,8693.3065,8740.0923,0.01557970,0.01566354,0.00070817,22.4534,20.6030,0.4031,82.3230,2.6463,4649.9123,204.2083,25.9152,21.1137,12.8578,14.5296,26.176,48.8436,54.2173,102.8621,13.088,0.0,3.731508,7.079487,1.545355,30,207,63,6,0.32204186,0.01770420,-0.00338982,0E-8,0.000000,0.904812,0.002133,0.03111404,2026-03-21,2026-08-06,120,3733,1703,139,0.863309,1.227414,1.154177,1.073473,,,,,,,,GLOBAL_BASELINE_NO_ENTITY_RANKING,,,NOT_APPLICABLE_GLOBAL_BASELINE,HF9g-P5,,,,X 全窗基线 · 不参与实体赏罚,15052948,1506,A168_HF9F_20260827_0900,2026-08-27 09:00:00
2026-06-08,127529701,462,0,72.5178080078,8.6147041427,8.6147041427,0.5714286,8,8,0.50162375000000000,0.501623750000,0.36937434338991915,0.36937434338991915,0.36937434338991915,0E-17,ELIGIBLE,R03b_20260811_FULL_v1,L1_ELIGIBILITY,v2026-08-11,2026-03-21..2026-08-06,baccarat_bet02_101_all_pairs_incl_sentinel,round_win = game_pnl > 0 (decisive only),COMPATIBILITY_ONLY_NOT_PRODUCTION,557989.4742,504875.3716,9878.7574,24851,24505,-0.01770420,0.00338982,-0.02772422,-0.01770420,-9878.7574,557989.4742,OK,0.0000,395.1503,4.0000,96.0000,AG03-UNRESOLVED,ALL5_LEVELS_bet23_to_bet27,395.1503,395.1503,395.1503,0.0000,0.0000,4.000000,4.000000,4.000000,0.000000,0.000000,96.000000,96.000000,96.000000,100.000000,100.000000,5.0,1185.4509,1138.6651,8693.3065,8740.0923,PENDING_AG03,FALSE,NOT_FOR_ENFORCEMENT,9483.6071,484680.3568,9878.7574,9483.6071,395.1503,0.01770420,0.01699603,395.1503,9483.6071,0.01699603,395.1503,395.1503,395.1503,0.0000,0.0000,9483.6071,0.01699603,1185.4509,1138.6651,8693.3065,8740.0923,0.01557970,0.01566354,0.00070817,22.4534,20.6030,0.4031,82.3230,2.6463,4649.9123,204.2083,25.9152,21.1137,12.8578,14.5296,26.176,48.8436,54.2173,102.8621,13.088,0.0,3.731508,7.079487,1.545355,30,207,63,6,0.32204186,0.01770420,-0.00338982,0E-8,0.000000,0.904812,0.002133,0.03111404,2026-03-21,2026-08-06,120,3733,1703,139,0.863309,1.227414,1.154177,1.073473,,,,,,,,GLOBAL_BASELINE_NO_ENTITY_RANKING,,,NOT_APPLICABLE_GLOBAL_BASELINE,HF9g-P5,,,,X 全窗基线 · 不参与实体赏罚,15052949,1506,A168_HF9F_20260827_0900,2026-08-27 09:00:00
2026-06-08,127529701,583,0,5.1431069509,-5.1431069509,-5.1431069509,0E-7,1,1,0.50665070000000000,0.506650700000,-1.013391052207602,-1.013391052207602,-1.013391052207602,0E-17,ELIGIBLE,R03b_20260811_FULL_v1,L1_ELIGIBILITY,v2026-08-11,2026-03-21..2026-08-06,baccarat_bet02_101_all_pairs_incl_sentinel,round_win = game_pnl > 0 (decisive only),COMPATIBILITY_ONLY_NOT_PRODUCTION,557989.4742,504875.3716,9878.7574,24851,24505,-0.01770420,0.00338982,-0.02772422,-0.01770420,-9878.7574,557989.4742,OK,0.0000,395.1503,4.0000,96.0000,AG03-UNRESOLVED,ALL5_LEVELS_bet23_to_bet27,395.1503,395.1503,395.1503,0.0000,0.0000,4.000000,4.000000,4.000000,0.000000,0.000000,96.000000,96.000000,96.000000,100.000000,100.000000,5.0,1185.4509,1138.6651,8693.3065,8740.0923,PENDING_AG03,FALSE,NOT_FOR_ENFORCEMENT,9483.6071,484680.3568,9878.7574,9483.6071,395.1503,0.01770420,0.01699603,395.1503,9483.6071,0.01699603,395.1503,395.1503,395.1503,0.0000,0.0000,9483.6071,0.01699603,1185.4509,1138.6651,8693.3065,8740.0923,0.01557970,0.01566354,0.00070817,22.4534,20.6030,0.4031,82.3230,2.6463,4649.9123,204.2083,25.9152,21.1137,12.8578,14.5296,26.176,48.8436,54.2173,102.8621,13.088,0.0,3.731508,7.079487,1.545355,30,207,63,6,0.32204186,0.01770420,-0.00338982,0E-8,0.000000,0.904812,0.002133,0.03111404,2026-03-21,2026-08-06,120,3733,1703,139,0.863309,1.227414,1.154177,1.073473,,,,,,,,GLOBAL_BASELINE_NO_ENTITY_RANKING,,,NOT_APPLICABLE_GLOBAL_BASELINE,HF9g-P5,,,,X 全窗基线 · 不参与实体赏罚,15052950,1506,A168_HF9F_20260827_0900,2026-08-27 09:00:00
2026-06-08,127529701,752,0,74.0607400932,-25.7155347546,-25.7155347546,0.4000000,11,11,0.49933877272727273,0.499338772727,-0.628274112958145,-0.6282741129564205,-0.628274112958145,2.7273E-13,ELIGIBLE,R03b_20260811_FULL_v1,L1_ELIGIBILITY,v2026-08-11,2026-03-21..2026-08-06,baccarat_bet02_101_all_pairs_incl_sentinel,round_win = game_pnl > 0 (decisive only),COMPATIBILITY_ONLY_NOT_PRODUCTION,557989.4742,504875.3716,9878.7574,24851,24505,-0.01770420,0.00338982,-0.02772422,-0.01770420,-9878.7574,557989.4742,OK,0.0000,395.1503,4.0000,96.0000,AG03-UNRESOLVED,ALL5_LEVELS_bet23_to_bet27,395.1503,395.1503,395.1503,0.0000,0.0000,4.000000,4.000000,4.000000,0.000000,0.000000,96.000000,96.000000,96.000000,100.000000,100.000000,5.0,1185.4509,1138.6651,8693.3065,8740.0923,PENDING_AG03,FALSE,NOT_FOR_ENFORCEMENT,9483.6071,484680.3568,9878.7574,9483.6071,395.1503,0.01770420,0.01699603,395.1503,9483.6071,0.01699603,395.1503,395.1503,395.1503,0.0000,0.0000,9483.6071,0.01699603,1185.4509,1138.6651,8693.3065,8740.0923,0.01557970,0.01566354,0.00070817,22.4534,20.6030,0.4031,82.3230,2.6463,4649.9123,204.2083,25.9152,21.1137,12.8578,14.5296,26.176,48.8436,54.2173,102.8621,13.088,0.0,3.731508,7.079487,1.545355,30,207,63,6,0.32204186,0.01770420,-0.00338982,0E-8,0.000000,0.904812,0.002133,0.03111404,2026-03-21,2026-08-06,120,3733,1703,139,0.863309,1.227414,1.154177,1.073473,,,,,,,,GLOBAL_BASELINE_NO_ENTITY_RANKING,,,NOT_APPLICABLE_GLOBAL_BASELINE,HF9g-P5,,,,X 全窗基线 · 不参与实体赏罚,15052951,1506,A168_HF9F_20260827_0900,2026-08-27 09:00:00
2026-06-08,127529701,789,0,88.7185949031,-19.8652505979,-19.8652505979,0.4444444,10,10,0.49860758000000000,0.498607580000,-0.3249800735002549,-0.32498007350025493,-0.3249800735002549,0E-17,ELIGIBLE,R03b_20260811_FULL_v1,L1_ELIGIBILITY,v2026-08-11,2026-03-21..2026-08-06,baccarat_bet02_101_all_pairs_incl_sentinel,round_win = game_pnl > 0 (decisive only),COMPATIBILITY_ONLY_NOT_PRODUCTION,557989.4742,504875.3716,9878.7574,24851,24505,-0.01770420,0.00338982,-0.02772422,-0.01770420,-9878.7574,557989.4742,OK,0.0000,395.1503,4.0000,96.0000,AG03-UNRESOLVED,ALL5_LEVELS_bet23_to_bet27,395.1503,395.1503,395.1503,0.0000,0.0000,4.000000,4.000000,4.000000,0.000000,0.000000,96.000000,96.000000,96.000000,100.000000,100.000000,5.0,1185.4509,1138.6651,8693.3065,8740.0923,PENDING_AG03,FALSE,NOT_FOR_ENFORCEMENT,9483.6071,484680.3568,9878.7574,9483.6071,395.1503,0.01770420,0.01699603,395.1503,9483.6071,0.01699603,395.1503,395.1503,395.1503,0.0000,0.0000,9483.6071,0.01699603,1185.4509,1138.6651,8693.3065,8740.0923,0.01557970,0.01566354,0.00070817,22.4534,20.6030,0.4031,82.3230,2.6463,4649.9123,204.2083,25.9152,21.1137,12.8578,14.5296,26.176,48.8436,54.2173,102.8621,13.088,0.0,3.731508,7.079487,1.545355,30,207,63,6,0.32204186,0.01770420,-0.00338982,0E-8,0.000000,0.904812,0.002133,0.03111404,2026-03-21,2026-08-06,120,3733,1703,139,0.863309,1.227414,1.154177,1.073473,,,,,,,,GLOBAL_BASELINE_NO_ENTITY_RANKING,,,NOT_APPLICABLE_GLOBAL_BASELINE,HF9g-P5,,,,X 全窗基线 · 不参与实体赏罚,15052952,1506,A168_HF9F_20260827_0900,2026-08-27 09:00:00
2026-06-08,127529701,970,0,73.0321187029,-42.1734769975,-42.1734769975,0.1666667,7,7,0.49899058571428571,0.498990585714,-1.6280513796797877,-1.6280513796783902,-1.6280513796797877,2.8571E-13,ELIGIBLE,R03b_20260811_FULL_v1,L1_ELIGIBILITY,v2026-08-11,2026-03-21..2026-08-06,baccarat_bet02_101_all_pairs_incl_sentinel,round_win = game_pnl > 0 (decisive only),COMPATIBILITY_ONLY_NOT_PRODUCTION,557989.4742,504875.3716,9878.7574,24851,24505,-0.01770420,0.00338982,-0.02772422,-0.01770420,-9878.7574,557989.4742,OK,0.0000,395.1503,4.0000,96.0000,AG03-UNRESOLVED,ALL5_LEVELS_bet23_to_bet27,395.1503,395.1503,395.1503,0.0000,0.0000,4.000000,4.000000,4.000000,0.000000,0.000000,96.000000,96.000000,96.000000,100.000000,100.000000,5.0,1185.4509,1138.6651,8693.3065,8740.0923,PENDING_AG03,FALSE,NOT_FOR_ENFORCEMENT,9483.6071,484680.3568,9878.7574,9483.6071,395.1503,0.01770420,0.01699603,395.1503,9483.6071,0.01699603,395.1503,395.1503,395.1503,0.0000,0.0000,9483.6071,0.01699603,1185.4509,1138.6651,8693.3065,8740.0923,0.01557970,0.01566354,0.00070817,22.4534,20.6030,0.4031,82.3230,2.6463,4649.9123,204.2083,25.9152,21.1137,12.8578,14.5296,26.176,48.8436,54.2173,102.8621,13.088,0.0,3.731508,7.079487,1.545355,30,207,63,6,0.32204186,0.01770420,-0.00338982,0E-8,0.000000,0.904812,0.002133,0.03111404,2026-03-21,2026-08-06,120,3733,1703,139,0.863309,1.227414,1.154177,1.073473,,,,,,,,GLOBAL_BASELINE_NO_ENTITY_RANKING,,,NOT_APPLICABLE_GLOBAL_BASELINE,HF9g-P5,,,,X 全窗基线 · 不参与实体赏罚,15052953,1506,A168_HF9F_20260827_0900,2026-08-27 09:00:00
2026-06-08,127529701,987,0,5.1431069509,0E-10,0E-10,,1,1,0.49324550000000000,0.493245500000,,,,0E-17,NO_DECISIVE_ROUND,R03b_20260811_FULL_v1,L1_ELIGIBILITY,v2026-08-11,2026-03-21..2026-08-06,baccarat_bet02_101_all_pairs_incl_sentinel,round_win = game_pnl > 0 (decisive only),COMPATIBILITY_ONLY_NOT_PRODUCTION,557989.4742,504875.3716,9878.7574,24851,24505,-0.01770420,0.00338982,-0.02772422,-0.01770420,-9878.7574,557989.4742,OK,0.0000,395.1503,4.0000,96.0000,AG03-UNRESOLVED,ALL5_LEVELS_bet23_to_bet27,395.1503,395.1503,395.1503,0.0000,0.0000,4.000000,4.000000,4.000000,0.000000,0.000000,96.000000,96.000000,96.000000,100.000000,100.000000,5.0,1185.4509,1138.6651,8693.3065,8740.0923,PENDING_AG03,FALSE,NOT_FOR_ENFORCEMENT,9483.6071,484680.3568,9878.7574,9483.6071,395.1503,0.01770420,0.01699603,395.1503,9483.6071,0.01699603,395.1503,395.1503,395.1503,0.0000,0.0000,9483.6071,0.01699603,1185.4509,1138.6651,8693.3065,8740.0923,0.01557970,0.01566354,0.00070817,22.4534,20.6030,0.4031,82.3230,2.6463,4649.9123,204.2083,25.9152,21.1137,12.8578,14.5296,26.176,48.8436,54.2173,102.8621,13.088,0.0,3.731508,7.079487,1.545355,30,207,63,6,0.32204186,0.01770420,-0.00338982,0E-8,0.000000,0.904812,0.002133,0.03111404,2026-03-21,2026-08-06,120,3733,1703,139,0.863309,1.227414,1.154177,1.073473,,,,,,,,GLOBAL_BASELINE_NO_ENTITY_RANKING,,,NOT_APPLICABLE_GLOBAL_BASELINE,HF9g-P5,,,,X 全窗基线 · 不参与实体赏罚,15052954,1506,A168_HF9F_20260827_0900,2026-08-27 09:00:00
2026-06-10,127529701,1306,0,78.1752256539,92.7559338597,92.7559338597,0.9000000,11,10,0.48068622500000000,0.480686225000,2.6539538715454642,2.6539538715454642,2.6539538715454642,0E-17,ELIGIBLE,R03b_20260811_FULL_v1,L1_ELIGIBILITY,v2026-08-11,2026-03-21..2026-08-06,baccarat_bet02_101_all_pairs_incl_sentinel,round_win = game_pnl > 0 (decisive only),COMPATIBILITY_ONLY_NOT_PRODUCTION,557989.4742,504875.3716,9878.7574,24851,24505,-0.01770420,0.00338982,-0.02772422,-0.01770420,-9878.7574,557989.4742,OK,0.0000,395.1503,4.0000,96.0000,AG03-UNRESOLVED,ALL5_LEVELS_bet23_to_bet27,395.1503,395.1503,395.1503,0.0000,0.0000,4.000000,4.000000,4.000000,0.000000,0.000000,96.000000,96.000000,96.000000,100.000000,100.000000,5.0,1185.4509,1138.6651,8693.3065,8740.0923,PENDING_AG03,FALSE,NOT_FOR_ENFORCEMENT,9483.6071,484680.3568,9878.7574,9483.6071,395.1503,0.01770420,0.01699603,395.1503,9483.6071,0.01699603,395.1503,395.1503,395.1503,0.0000,0.0000,9483.6071,0.01699603,1185.4509,1138.6651,8693.3065,8740.0923,0.01557970,0.01566354,0.00070817,22.4534,20.6030,0.4031,82.3230,2.6463,4649.9123,204.2083,25.9152,21.1137,12.8578,14.5296,26.176,48.8436,54.2173,102.8621,13.088,0.0,3.731508,7.079487,1.545355,30,207,63,6,0.32204186,0.01770420,-0.00338982,0E-8,0.000000,0.904812,0.002133,0.03111404,2026-03-21,2026-08-06,120,3733,1703,139,0.863309,1.227414,1.154177,1.073473,,,,,,,,GLOBAL_BASELINE_NO_ENTITY_RANKING,,,NOT_APPLICABLE_GLOBAL_BASELINE,HF9g-P5,,,,X 全窗基线 · 不参与实体赏罚,15052955,1506,A168_HF9F_20260827_0900,2026-08-27 09:00:00
2026-06-10,127529701,2196,0,60.1743513256,5.1431069509,5.1431069509,0.4285714,7,7,0.50282064285714286,0.502820642857,-0.39289616391791987,-0.3928961639171632,-0.39289616391791987,1.4286E-13,ELIGIBLE,R03b_20260811_FULL_v1,L1_ELIGIBILITY,v2026-08-11,2026-03-21..2026-08-06,baccarat_bet02_101_all_pairs_incl_sentinel,round_win = game_pnl > 0 (decisive only),COMPATIBILITY_ONLY_NOT_PRODUCTION,557989.4742,504875.3716,9878.7574,24851,24505,-0.01770420,0.00338982,-0.02772422,-0.01770420,-9878.7574,557989.4742,OK,0.0000,395.1503,4.0000,96.0000,AG03-UNRESOLVED,ALL5_LEVELS_bet23_to_bet27,395.1503,395.1503,395.1503,0.0000,0.0000,4.000000,4.000000,4.000000,0.000000,0.000000,96.000000,96.000000,96.000000,100.000000,100.000000,5.0,1185.4509,1138.6651,8693.3065,8740.0923,PENDING_AG03,FALSE,NOT_FOR_ENFORCEMENT,9483.6071,484680.3568,9878.7574,9483.6071,395.1503,0.01770420,0.01699603,395.1503,9483.6071,0.01699603,395.1503,395.1503,395.1503,0.0000,0.0000,9483.6071,0.01699603,1185.4509,1138.6651,8693.3065,8740.0923,0.01557970,0.01566354,0.00070817,22.4534,20.6030,0.4031,82.3230,2.6463,4649.9123,204.2083,25.9152,21.1137,12.8578,14.5296,26.176,48.8436,54.2173,102.8621,13.088,0.0,3.731508,7.079487,1.545355,30,207,63,6,0.32204186,0.01770420,-0.00338982,0E-8,0.000000,0.904812,0.002133,0.03111404,2026-03-21,2026-08-06,120,3733,1703,139,0.863309,1.227414,1.154177,1.073473,,,,,,,,GLOBAL_BASELINE_NO_ENTITY_RANKING,,,NOT_APPLICABLE_GLOBAL_BASELINE,HF9g-P5,,,,X 全窗基线 · 不参与实体赏罚,15052956,1506,A168_HF9F_20260827_0900,2026-08-27 09:00:00
2026-06-11,127529701,-1,1,310.6436598348,-70.2034098800,-70.2034098800,0.4285714,15,15,0.49860758000000000,0.498607580000,-0.5241045989748678,-0.5241045989748678,-0.5241045989748678,0E-17,SENTINEL_DEALER,R03b_20260811_FULL_v1,L1_ELIGIBILITY,v2026-08-11,2026-03-21..2026-08-06,baccarat_bet02_101_all_pairs_incl_sentinel,round_win = game_pnl > 0 (decisive only),COMPATIBILITY_ONLY_NOT_PRODUCTION,557989.4742,504875.3716,9878.7574,24851,24505,-0.01770420,0.00338982,-0.02772422,-0.01770420,-9878.7574,557989.4742,OK,0.0000,395.1503,4.0000,96.0000,AG03-UNRESOLVED,ALL5_LEVELS_bet23_to_bet27,395.1503,395.1503,395.1503,0.0000,0.0000,4.000000,4.000000,4.000000,0.000000,0.000000,96.000000,96.000000,96.000000,100.000000,100.000000,5.0,1185.4509,1138.6651,8693.3065,8740.0923,PENDING_AG03,FALSE,NOT_FOR_ENFORCEMENT,9483.6071,484680.3568,9878.7574,9483.6071,395.1503,0.01770420,0.01699603,395.1503,9483.6071,0.01699603,395.1503,395.1503,395.1503,0.0000,0.0000,9483.6071,0.01699603,1185.4509,1138.6651,8693.3065,8740.0923,0.01557970,0.01566354,0.00070817,22.4534,20.6030,0.4031,82.3230,2.6463,4649.9123,204.2083,25.9152,21.1137,12.8578,14.5296,26.176,48.8436,54.2173,102.8621,13.088,0.0,3.731508,7.079487,1.545355,30,207,63,6,0.32204186,0.01770420,-0.00338982,0E-8,0.000000,0.904812,0.002133,0.03111404,2026-03-21,2026-08-06,120,3733,1703,139,0.863309,1.227414,1.154177,1.073473,,,,,,,,GLOBAL_BASELINE_NO_ENTITY_RANKING,,,NOT_APPLICABLE_GLOBAL_BASELINE,HF9g-P5,,,,X 全窗基线 · 不参与实体赏罚,15052957,1506,A168_HF9F_20260827_0900,2026-08-27 09:00:00
2026-06-11,127529701,1221,0,25.7155347546,-25.7155347546,-25.7155347546,0E-7,2,2,0.49994810000000000,0.499948100000,-1.4140667746232096,-1.4140667746232096,-1.4140667746232096,0E-17,ELIGIBLE,R03b_20260811_FULL_v1,L1_ELIGIBILITY,v2026-08-11,2026-03-21..2026-08-06,baccarat_bet02_101_all_pairs_incl_sentinel,round_win = game_pnl > 0 (decisive only),COMPATIBILITY_ONLY_NOT_PRODUCTION,557989.4742,504875.3716,9878.7574,24851,24505,-0.01770420,0.00338982,-0.02772422,-0.01770420,-9878.7574,557989.4742,OK,0.0000,395.1503,4.0000,96.0000,AG03-UNRESOLVED,ALL5_LEVELS_bet23_to_bet27,395.1503,395.1503,395.1503,0.0000,0.0000,4.000000,4.000000,4.000000,0.000000,0.000000,96.000000,96.000000,96.000000,100.000000,100.000000,5.0,1185.4509,1138.6651,8693.3065,8740.0923,PENDING_AG03,FALSE,NOT_FOR_ENFORCEMENT,9483.6071,484680.3568,9878.7574,9483.6071,395.1503,0.01770420,0.01699603,395.1503,9483.6071,0.01699603,395.1503,395.1503,395.1503,0.0000,0.0000,9483.6071,0.01699603,1185.4509,1138.6651,8693.3065,8740.0923,0.01557970,0.01566354,0.00070817,22.4534,20.6030,0.4031,82.3230,2.6463,4649.9123,204.2083,25.9152,21.1137,12.8578,14.5296,26.176,48.8436,54.2173,102.8621,13.088,0.0,3.731508,7.079487,1.545355,30,207,63,6,0.32204186,0.01770420,-0.00338982,0E-8,0.000000,0.904812,0.002133,0.03111404,2026-03-21,2026-08-06,120,3733,1703,139,0.863309,1.227414,1.154177,1.073473,,,,,,,,GLOBAL_BASELINE_NO_ENTITY_RANKING,,,NOT_APPLICABLE_GLOBAL_BASELINE,HF9g-P5,,,,X 全窗基线 · 不参与实体赏罚,15052958,1506,A168_HF9F_20260827_0900,2026-08-27 09:00:00
2026-06-11,127529701,1306,0,12.8577673773,12.2148790084,12.2148790084,1.0000000,1,1,0.50665070000000000,0.506650700000,0.9867858985152569,0.9867858985152569,0.9867858985152569,0E-17,ELIGIBLE,R03b_20260811_FULL_v1,L1_ELIGIBILITY,v2026-08-11,2026-03-21..2026-08-06,baccarat_bet02_101_all_pairs_incl_sentinel,round_win = game_pnl > 0 (decisive only),COMPATIBILITY_ONLY_NOT_PRODUCTION,557989.4742,504875.3716,9878.7574,24851,24505,-0.01770420,0.00338982,-0.02772422,-0.01770420,-9878.7574,557989.4742,OK,0.0000,395.1503,4.0000,96.0000,AG03-UNRESOLVED,ALL5_LEVELS_bet23_to_bet27,395.1503,395.1503,395.1503,0.0000,0.0000,4.000000,4.000000,4.000000,0.000000,0.000000,96.000000,96.000000,96.000000,100.000000,100.000000,5.0,1185.4509,1138.6651,8693.3065,8740.0923,PENDING_AG03,FALSE,NOT_FOR_ENFORCEMENT,9483.6071,484680.3568,9878.7574,9483.6071,395.1503,0.01770420,0.01699603,395.1503,9483.6071,0.01699603,395.1503,395.1503,395.1503,0.0000,0.0000,9483.6071,0.01699603,1185.4509,1138.6651,8693.3065,8740.0923,0.01557970,0.01566354,0.00070817,22.4534,20.6030,0.4031,82.3230,2.6463,4649.9123,204.2083,25.9152,21.1137,12.8578,14.5296,26.176,48.8436,54.2173,102.8621,13.088,0.0,3.731508,7.079487,1.545355,30,207,63,6,0.32204186,0.01770420,-0.00338982,0E-8,0.000000,0.904812,0.002133,0.03111404,2026-03-21,2026-08-06,120,3733,1703,139,0.863309,1.227414,1.154177,1.073473,,,,,,,,GLOBAL_BASELINE_NO_ENTITY_RANKING,,,NOT_APPLICABLE_GLOBAL_BASELINE,HF9g-P5,,,,X 全窗基线 · 不参与实体赏罚,15052959,1506,A168_HF9F_20260827_0900,2026-08-27 09:00:00
2026-06-11,127529701,1323,0,25.7155347545,-15.4293208527,-15.4293208527,0E-7,4,4,0.49994810000000000,0.499948100000,-1.4140667746232096,-1.4140667746232096,-1.4140667746232096,0E-17,ELIGIBLE,R03b_20260811_FULL_v1,L1_ELIGIBILITY,v2026-08-11,2026-03-21..2026-08-06,baccarat_bet02_101_all_pairs_incl_sentinel,round_win = game_pnl > 0 (decisive only),COMPATIBILITY_ONLY_NOT_PRODUCTION,557989.4742,504875.3716,9878.7574,24851,24505,-0.01770420,0.00338982,-0.02772422,-0.01770420,-9878.7574,557989.4742,OK,0.0000,395.1503,4.0000,96.0000,AG03-UNRESOLVED,ALL5_LEVELS_bet23_to_bet27,395.1503,395.1503,395.1503,0.0000,0.0000,4.000000,4.000000,4.000000,0.000000,0.000000,96.000000,96.000000,96.000000,100.000000,100.000000,5.0,1185.4509,1138.6651,8693.3065,8740.0923,PENDING_AG03,FALSE,NOT_FOR_ENFORCEMENT,9483.6071,484680.3568,9878.7574,9483.6071,395.1503,0.01770420,0.01699603,395.1503,9483.6071,0.01699603,395.1503,395.1503,395.1503,0.0000,0.0000,9483.6071,0.01699603,1185.4509,1138.6651,8693.3065,8740.0923,0.01557970,0.01566354,0.00070817,22.4534,20.6030,0.4031,82.3230,2.6463,4649.9123,204.2083,25.9152,21.1137,12.8578,14.5296,26.176,48.8436,54.2173,102.8621,13.088,0.0,3.731508,7.079487,1.545355,30,207,63,6,0.32204186,0.01770420,-0.00338982,0E-8,0.000000,0.904812,0.002133,0.03111404,2026-03-21,2026-08-06,120,3733,1703,139,0.863309,1.227414,1.154177,1.073473,,,,,,,,GLOBAL_BASELINE_NO_ENTITY_RANKING,,,NOT_APPLICABLE_GLOBAL_BASELINE,HF9g-P5,,,,X 全窗基线 · 不参与实体赏罚,15052960,1506,A168_HF9F_20260827_0900,2026-08-27 09:00:00
2026-06-11,127529701,1383,0,34.7159719186,6.1717283411,6.1717283411,0.7500000,4,4,0.49659680000000000,0.496596800000,1.0136362796769356,1.0136362796769358,1.0136362796769356,0E-17,ELIGIBLE,R03b_20260811_FULL_v1,L1_ELIGIBILITY,v2026-08-11,2026-03-21..2026-08-06,baccarat_bet02_101_all_pairs_incl_sentinel,round_win = game_pnl > 0 (decisive only),COMPATIBILITY_ONLY_NOT_PRODUCTION,557989.4742,504875.3716,9878.7574,24851,24505,-0.01770420,0.00338982,-0.02772422,-0.01770420,-9878.7574,557989.4742,OK,0.0000,395.1503,4.0000,96.0000,AG03-UNRESOLVED,ALL5_LEVELS_bet23_to_bet27,395.1503,395.1503,395.1503,0.0000,0.0000,4.000000,4.000000,4.000000,0.000000,0.000000,96.000000,96.000000,96.000000,100.000000,100.000000,5.0,1185.4509,1138.6651,8693.3065,8740.0923,PENDING_AG03,FALSE,NOT_FOR_ENFORCEMENT,9483.6071,484680.3568,9878.7574,9483.6071,395.1503,0.01770420,0.01699603,395.1503,9483.6071,0.01699603,395.1503,395.1503,395.1503,0.0000,0.0000,9483.6071,0.01699603,1185.4509,1138.6651,8693.3065,8740.0923,0.01557970,0.01566354,0.00070817,22.4534,20.6030,0.4031,82.3230,2.6463,4649.9123,204.2083,25.9152,21.1137,12.8578,14.5296,26.176,48.8436,54.2173,102.8621,13.088,0.0,3.731508,7.079487,1.545355,30,207,63,6,0.32204186,0.01770420,-0.00338982,0E-8,0.000000,0.904812,0.002133,0.03111404,2026-03-21,2026-08-06,120,3733,1703,139,0.863309,1.227414,1.154177,1.073473,,,,,,,,GLOBAL_BASELINE_NO_ENTITY_RANKING,,,NOT_APPLICABLE_GLOBAL_BASELINE,HF9g-P5,,,,X 全窗基线 · 不参与实体赏罚,15052961,1506,A168_HF9F_20260827_0900,2026-08-27 09:00:00
2026-06-11,127529701,1384,0,12.8577673773,0E-10,0E-10,,1,1,0.49324550000000000,0.493245500000,,,,0E-17,NO_DECISIVE_ROUND,R03b_20260811_FULL_v1,L1_ELIGIBILITY,v2026-08-11,2026-03-21..2026-08-06,baccarat_bet02_101_all_pairs_incl_sentinel,round_win = game_pnl > 0 (decisive only),COMPATIBILITY_ONLY_NOT_PRODUCTION,557989.4742,504875.3716,9878.7574,24851,24505,-0.01770420,0.00338982,-0.02772422,-0.01770420,-9878.7574,557989.4742,OK,0.0000,395.1503,4.0000,96.0000,AG03-UNRESOLVED,ALL5_LEVELS_bet23_to_bet27,395.1503,395.1503,395.1503,0.0000,0.0000,4.000000,4.000000,4.000000,0.000000,0.000000,96.000000,96.000000,96.000000,100.000000,100.000000,5.0,1185.4509,1138.6651,8693.3065,8740.0923,PENDING_AG03,FALSE,NOT_FOR_ENFORCEMENT,9483.6071,484680.3568,9878.7574,9483.6071,395.1503,0.01770420,0.01699603,395.1503,9483.6071,0.01699603,395.1503,395.1503,395.1503,0.0000,0.0000,9483.6071,0.01699603,1185.4509,1138.6651,8693.3065,8740.0923,0.01557970,0.01566354,0.00070817,22.4534,20.6030,0.4031,82.3230,2.6463,4649.9123,204.2083,25.9152,21.1137,12.8578,14.5296,26.176,48.8436,54.2173,102.8621,13.088,0.0,3.731508,7.079487,1.545355,30,207,63,6,0.32204186,0.01770420,-0.00338982,0E-8,0.000000,0.904812,0.002133,0.03111404,2026-03-21,2026-08-06,120,3733,1703,139,0.863309,1.227414,1.154177,1.073473,,,,,,,,GLOBAL_BASELINE_NO_ENTITY_RANKING,,,NOT_APPLICABLE_GLOBAL_BASELINE,HF9g-P5,,,,X 全窗基线 · 不参与实体赏罚,15052962,1506,A168_HF9F_20260827_0900,2026-08-27 09:00:00
2026-06-11,127529701,1400,0,77.1466042637,-25.7155347545,-25.7155347545,0.4000000,5,5,0.49860758000000000,0.498607580000,-0.440988213962219,-0.440988213962219,-0.440988213962219,0E-17,ELIGIBLE,R03b_20260811_FULL_v1,L1_ELIGIBILITY,v2026-08-11,2026-03-21..2026-08-06,baccarat_bet02_101_all_pairs_incl_sentinel,round_win = game_pnl > 0 (decisive only),COMPATIBILITY_ONLY_NOT_PRODUCTION,557989.4742,504875.3716,9878.7574,24851,24505,-0.01770420,0.00338982,-0.02772422,-0.01770420,-9878.7574,557989.4742,OK,0.0000,395.1503,4.0000,96.0000,AG03-UNRESOLVED,ALL5_LEVELS_bet23_to_bet27,395.1503,395.1503,395.1503,0.0000,0.0000,4.000000,4.000000,4.000000,0.000000,0.000000,96.000000,96.000000,96.000000,100.000000,100.000000,5.0,1185.4509,1138.6651,8693.3065,8740.0923,PENDING_AG03,FALSE,NOT_FOR_ENFORCEMENT,9483.6071,484680.3568,9878.7574,9483.6071,395.1503,0.01770420,0.01699603,395.1503,9483.6071,0.01699603,395.1503,395.1503,395.1503,0.0000,0.0000,9483.6071,0.01699603,1185.4509,1138.6651,8693.3065,8740.0923,0.01557970,0.01566354,0.00070817,22.4534,20.6030,0.4031,82.3230,2.6463,4649.9123,204.2083,25.9152,21.1137,12.8578,14.5296,26.176,48.8436,54.2173,102.8621,13.088,0.0,3.731508,7.079487,1.545355,30,207,63,6,0.32204186,0.01770420,-0.00338982,0E-8,0.000000,0.904812,0.002133,0.03111404,2026-03-21,2026-08-06,120,3733,1703,139,0.863309,1.227414,1.154177,1.073473,,,,,,,,GLOBAL_BASELINE_NO_ENTITY_RANKING,,,NOT_APPLICABLE_GLOBAL_BASELINE,HF9g-P5,,,,X 全窗基线 · 不参与实体赏罚,15052963,1506,A168_HF9F_20260827_0900,2026-08-27 09:00:00
2026-06-11,127529701,1402,0,36.0017486563,-36.0017486563,-36.0017486563,0E-7,4,4,0.50665070000000000,0.506650700000,-2.026782104415204,-2.026782104415204,-2.026782104415204,0E-17,ELIGIBLE,R03b_20260811_FULL_v1,L1_ELIGIBILITY,v2026-08-11,2026-03-21..2026-08-06,baccarat_bet02_101_all_pairs_incl_sentinel,round_win = game_pnl > 0 (decisive only),COMPATIBILITY_ONLY_NOT_PRODUCTION,557989.4742,504875.3716,9878.7574,24851,24505,-0.01770420,0.00338982,-0.02772422,-0.01770420,-9878.7574,557989.4742,OK,0.0000,395.1503,4.0000,96.0000,AG03-UNRESOLVED,ALL5_LEVELS_bet23_to_bet27,395.1503,395.1503,395.1503,0.0000,0.0000,4.000000,4.000000,4.000000,0.000000,0.000000,96.000000,96.000000,96.000000,100.000000,100.000000,5.0,1185.4509,1138.6651,8693.3065,8740.0923,PENDING_AG03,FALSE,NOT_FOR_ENFORCEMENT,9483.6071,484680.3568,9878.7574,9483.6071,395.1503,0.01770420,0.01699603,395.1503,9483.6071,0.01699603,395.1503,395.1503,395.1503,0.0000,0.0000,9483.6071,0.01699603,1185.4509,1138.6651,8693.3065,8740.0923,0.01557970,0.01566354,0.00070817,22.4534,20.6030,0.4031,82.3230,2.6463,4649.9123,204.2083,25.9152,21.1137,12.8578,14.5296,26.176,48.8436,54.2173,102.8621,13.088,0.0,3.731508,7.079487,1.545355,30,207,63,6,0.32204186,0.01770420,-0.00338982,0E-8,0.000000,0.904812,0.002133,0.03111404,2026-03-21,2026-08-06,120,3733,1703,139,0.863309,1.227414,1.154177,1.073473,,,,,,,,GLOBAL_BASELINE_NO_ENTITY_RANKING,,,NOT_APPLICABLE_GLOBAL_BASELINE,HF9g-P5,,,,X 全窗基线 · 不参与实体赏罚,15052964,1506,A168_HF9F_20260827_0900,2026-08-27 09:00:00
2026-06-11,127529701,1714,0,18.0008743282,-18.0008743282,-18.0008743282,0E-7,2,2,0.49324550000000000,0.493245500000,-1.3952362676504506,-1.3952362676504506,-1.3952362676504506,0E-17,ELIGIBLE,R03b_20260811_FULL_v1,L1_ELIGIBILITY,v2026-08-11,2026-03-21..2026-08-06,baccarat_bet02_101_all_pairs_incl_sentinel,round_win = game_pnl > 0 (decisive only),COMPATIBILITY_ONLY_NOT_PRODUCTION,557989.4742,504875.3716,9878.7574,24851,24505,-0.01770420,0.00338982,-0.02772422,-0.01770420,-9878.7574,557989.4742,OK,0.0000,395.1503,4.0000,96.0000,AG03-UNRESOLVED,ALL5_LEVELS_bet23_to_bet27,395.1503,395.1503,395.1503,0.0000,0.0000,4.000000,4.000000,4.000000,0.000000,0.000000,96.000000,96.000000,96.000000,100.000000,100.000000,5.0,1185.4509,1138.6651,8693.3065,8740.0923,PENDING_AG03,FALSE,NOT_FOR_ENFORCEMENT,9483.6071,484680.3568,9878.7574,9483.6071,395.1503,0.01770420,0.01699603,395.1503,9483.6071,0.01699603,395.1503,395.1503,395.1503,0.0000,0.0000,9483.6071,0.01699603,1185.4509,1138.6651,8693.3065,8740.0923,0.01557970,0.01566354,0.00070817,22.4534,20.6030,0.4031,82.3230,2.6463,4649.9123,204.2083,25.9152,21.1137,12.8578,14.5296,26.176,48.8436,54.2173,102.8621,13.088,0.0,3.731508,7.079487,1.545355,30,207,63,6,0.32204186,0.01770420,-0.00338982,0E-8,0.000000,0.904812,0.002133,0.03111404,2026-03-21,2026-08-06,120,3733,1703,139,0.863309,1.227414,1.154177,1.073473,,,,,,,,GLOBAL_BASELINE_NO_ENTITY_RANKING,,,NOT_APPLICABLE_GLOBAL_BASELINE,HF9g-P5,,,,X 全窗基线 · 不参与实体赏罚,15052965,1506,A168_HF9F_20260827_0900,2026-08-27 09:00:00
2026-06-11,127529701,1941,0,77.1466042636,-77.1466042636,-77.1466042636,0E-7,2,2,0.49994810000000000,0.499948100000,-1.4140667746232096,-1.4140667746232096,-1.4140667746232096,0E-17,ELIGIBLE,R03b_20260811_FULL_v1,L1_ELIGIBILITY,v2026-08-11,2026-03-21..2026-08-06,baccarat_bet02_101_all_pairs_incl_sentinel,round_win = game_pnl > 0 (decisive only),COMPATIBILITY_ONLY_NOT_PRODUCTION,557989.4742,504875.3716,9878.7574,24851,24505,-0.01770420,0.00338982,-0.02772422,-0.01770420,-9878.7574,557989.4742,OK,0.0000,395.1503,4.0000,96.0000,AG03-UNRESOLVED,ALL5_LEVELS_bet23_to_bet27,395.1503,395.1503,395.1503,0.0000,0.0000,4.000000,4.000000,4.000000,0.000000,0.000000,96.000000,96.000000,96.000000,100.000000,100.000000,5.0,1185.4509,1138.6651,8693.3065,8740.0923,PENDING_AG03,FALSE,NOT_FOR_ENFORCEMENT,9483.6071,484680.3568,9878.7574,9483.6071,395.1503,0.01770420,0.01699603,395.1503,9483.6071,0.01699603,395.1503,395.1503,395.1503,0.0000,0.0000,9483.6071,0.01699603,1185.4509,1138.6651,8693.3065,8740.0923,0.01557970,0.01566354,0.00070817,22.4534,20.6030,0.4031,82.3230,2.6463,4649.9123,204.2083,25.9152,21.1137,12.8578,14.5296,26.176,48.8436,54.2173,102.8621,13.088,0.0,3.731508,7.079487,1.545355,30,207,63,6,0.32204186,0.01770420,-0.00338982,0E-8,0.000000,0.904812,0.002133,0.03111404,2026-03-21,2026-08-06,120,3733,1703,139,0.863309,1.227414,1.154177,1.073473,,,,,,,,GLOBAL_BASELINE_NO_ENTITY_RANKING,,,NOT_APPLICABLE_GLOBAL_BASELINE,HF9g-P5,,,,X 全窗基线 · 不参与实体赏罚,15052966,1506,A168_HF9F_20260827_0900,2026-08-27 09:00:00
2026-06-11,127529701,1994,0,378.0183608918,-30.7300640318,-30.7300640318,0.4666667,18,18,0.49771390000000000,0.497713900000,-0.24049334906304431,-0.24049334906304431,-0.24049334906304431,0E-17,ELIGIBLE,R03b_20260811_FULL_v1,L1_ELIGIBILITY,v2026-08-11,2026-03-21..2026-08-06,baccarat_bet02_101_all_pairs_incl_sentinel,round_win = game_pnl > 0 (decisive only),COMPATIBILITY_ONLY_NOT_PRODUCTION,557989.4742,504875.3716,9878.7574,24851,24505,-0.01770420,0.00338982,-0.02772422,-0.01770420,-9878.7574,557989.4742,OK,0.0000,395.1503,4.0000,96.0000,AG03-UNRESOLVED,ALL5_LEVELS_bet23_to_bet27,395.1503,395.1503,395.1503,0.0000,0.0000,4.000000,4.000000,4.000000,0.000000,0.000000,96.000000,96.000000,96.000000,100.000000,100.000000,5.0,1185.4509,1138.6651,8693.3065,8740.0923,PENDING_AG03,FALSE,NOT_FOR_ENFORCEMENT,9483.6071,484680.3568,9878.7574,9483.6071,395.1503,0.01770420,0.01699603,395.1503,9483.6071,0.01699603,395.1503,395.1503,395.1503,0.0000,0.0000,9483.6071,0.01699603,1185.4509,1138.6651,8693.3065,8740.0923,0.01557970,0.01566354,0.00070817,22.4534,20.6030,0.4031,82.3230,2.6463,4649.9123,204.2083,25.9152,21.1137,12.8578,14.5296,26.176,48.8436,54.2173,102.8621,13.088,0.0,3.731508,7.079487,1.545355,30,207,63,6,0.32204186,0.01770420,-0.00338982,0E-8,0.000000,0.904812,0.002133,0.03111404,2026-03-21,2026-08-06,120,3733,1703,139,0.863309,1.227414,1.154177,1.073473,,,,,,,,GLOBAL_BASELINE_NO_ENTITY_RANKING,,,NOT_APPLICABLE_GLOBAL_BASELINE,HF9g-P5,,,,X 全窗基线 · 不参与实体赏罚,15052967,1506,A168_HF9F_20260827_0900,2026-08-27 09:00:00
2026-06-11,127529701,2072,0,369.7893897703,-174.2227479621,-174.2227479621,0.1875000,16,16,0.50162375000000000,0.501623750000,-2.5130032514230614,-2.5130032514230614,-2.5130032514230614,0E-17,ELIGIBLE,R03b_20260811_FULL_v1,L1_ELIGIBILITY,v2026-08-11,2026-03-21..2026-08-06,baccarat_bet02_101_all_pairs_incl_sentinel,round_win = game_pnl > 0 (decisive only),COMPATIBILITY_ONLY_NOT_PRODUCTION,557989.4742,504875.3716,9878.7574,24851,24505,-0.01770420,0.00338982,-0.02772422,-0.01770420,-9878.7574,557989.4742,OK,0.0000,395.1503,4.0000,96.0000,AG03-UNRESOLVED,ALL5_LEVELS_bet23_to_bet27,395.1503,395.1503,395.1503,0.0000,0.0000,4.000000,4.000000,4.000000,0.000000,0.000000,96.000000,96.000000,96.000000,100.000000,100.000000,5.0,1185.4509,1138.6651,8693.3065,8740.0923,PENDING_AG03,FALSE,NOT_FOR_ENFORCEMENT,9483.6071,484680.3568,9878.7574,9483.6071,395.1503,0.01770420,0.01699603,395.1503,9483.6071,0.01699603,395.1503,395.1503,395.1503,0.0000,0.0000,9483.6071,0.01699603,1185.4509,1138.6651,8693.3065,8740.0923,0.01557970,0.01566354,0.00070817,22.4534,20.6030,0.4031,82.3230,2.6463,4649.9123,204.2083,25.9152,21.1137,12.8578,14.5296,26.176,48.8436,54.2173,102.8621,13.088,0.0,3.731508,7.079487,1.545355,30,207,63,6,0.32204186,0.01770420,-0.00338982,0E-8,0.000000,0.904812,0.002133,0.03111404,2026-03-21,2026-08-06,120,3733,1703,139,0.863309,1.227414,1.154177,1.073473,,,,,,,,GLOBAL_BASELINE_NO_ENTITY_RANKING,,,NOT_APPLICABLE_GLOBAL_BASELINE,HF9g-P5,,,,X 全窗基线 · 不参与实体赏罚,15052968,1506,A168_HF9F_20260827_0900,2026-08-27 09:00:00
2026-06-11,127529701,2088,0,166.6366652093,-20.6110011057,-20.6110011057,0.4285714,17,17,0.50034237058823529,0.500342370588,-0.5370846766174077,-0.5370846766156467,-0.5370846766174077,2.3529E-13,ELIGIBLE,R03b_20260811_FULL_v1,L1_ELIGIBILITY,v2026-08-11,2026-03-21..2026-08-06,baccarat_bet02_101_all_pairs_incl_sentinel,round_win = game_pnl > 0 (decisive only),COMPATIBILITY_ONLY_NOT_PRODUCTION,557989.4742,504875.3716,9878.7574,24851,24505,-0.01770420,0.00338982,-0.02772422,-0.01770420,-9878.7574,557989.4742,OK,0.0000,395.1503,4.0000,96.0000,AG03-UNRESOLVED,ALL5_LEVELS_bet23_to_bet27,395.1503,395.1503,395.1503,0.0000,0.0000,4.000000,4.000000,4.000000,0.000000,0.000000,96.000000,96.000000,96.000000,100.000000,100.000000,5.0,1185.4509,1138.6651,8693.3065,8740.0923,PENDING_AG03,FALSE,NOT_FOR_ENFORCEMENT,9483.6071,484680.3568,9878.7574,9483.6071,395.1503,0.01770420,0.01699603,395.1503,9483.6071,0.01699603,395.1503,395.1503,395.1503,0.0000,0.0000,9483.6071,0.01699603,1185.4509,1138.6651,8693.3065,8740.0923,0.01557970,0.01566354,0.00070817,22.4534,20.6030,0.4031,82.3230,2.6463,4649.9123,204.2083,25.9152,21.1137,12.8578,14.5296,26.176,48.8436,54.2173,102.8621,13.088,0.0,3.731508,7.079487,1.545355,30,207,63,6,0.32204186,0.01770420,-0.00338982,0E-8,0.000000,0.904812,0.002133,0.03111404,2026-03-21,2026-08-06,120,3733,1703,139,0.863309,1.227414,1.154177,1.073473,,,,,,,,GLOBAL_BASELINE_NO_ENTITY_RANKING,,,NOT_APPLICABLE_GLOBAL_BASELINE,HF9g-P5,,,,X 全窗基线 · 不参与实体赏罚,15052969,1506,A168_HF9F_20260827_0900,2026-08-27 09:00:00
2026-06-11,127529701,2101,0,110.3196440970,22.5910972819,22.5910972819,0.6666667,7,7,0.49516052857142857,0.495160528571,0.8402444109601804,0.840244410962287,0.8402444109601804,4.2857E-13,ELIGIBLE,R03b_20260811_FULL_v1,L1_ELIGIBILITY,v2026-08-11,2026-03-21..2026-08-06,baccarat_bet02_101_all_pairs_incl_sentinel,round_win = game_pnl > 0 (decisive only),COMPATIBILITY_ONLY_NOT_PRODUCTION,557989.4742,504875.3716,9878.7574,24851,24505,-0.01770420,0.00338982,-0.02772422,-0.01770420,-9878.7574,557989.4742,OK,0.0000,395.1503,4.0000,96.0000,AG03-UNRESOLVED,ALL5_LEVELS_bet23_to_bet27,395.1503,395.1503,395.1503,0.0000,0.0000,4.000000,4.000000,4.000000,0.000000,0.000000,96.000000,96.000000,96.000000,100.000000,100.000000,5.0,1185.4509,1138.6651,8693.3065,8740.0923,PENDING_AG03,FALSE,NOT_FOR_ENFORCEMENT,9483.6071,484680.3568,9878.7574,9483.6071,395.1503,0.01770420,0.01699603,395.1503,9483.6071,0.01699603,395.1503,395.1503,395.1503,0.0000,0.0000,9483.6071,0.01699603,1185.4509,1138.6651,8693.3065,8740.0923,0.01557970,0.01566354,0.00070817,22.4534,20.6030,0.4031,82.3230,2.6463,4649.9123,204.2083,25.9152,21.1137,12.8578,14.5296,26.176,48.8436,54.2173,102.8621,13.088,0.0,3.731508,7.079487,1.545355,30,207,63,6,0.32204186,0.01770420,-0.00338982,0E-8,0.000000,0.904812,0.002133,0.03111404,2026-03-21,2026-08-06,120,3733,1703,139,0.863309,1.227414,1.154177,1.073473,,,,,,,,GLOBAL_BASELINE_NO_ENTITY_RANKING,,,NOT_APPLICABLE_GLOBAL_BASELINE,HF9g-P5,,,,X 全窗基线 · 不参与实体赏罚,15052970,1506,A168_HF9F_20260827_0900,2026-08-27 09:00:00
2026-06-11,127529701,2103,0,218.3248900663,-46.1465271171,-46.1465271171,0.4545455,24,24,0.50106520000000000,0.501065200000,-0.436394884758892,-0.436394884758892,-0.436394884758892,0E-17,ELIGIBLE,R03b_20260811_FULL_v1,L1_ELIGIBILITY,v2026-08-11,2026-03-21..2026-08-06,baccarat_bet02_101_all_pairs_incl_sentinel,round_win = game_pnl > 0 (decisive only),COMPATIBILITY_ONLY_NOT_PRODUCTION,557989.4742,504875.3716,9878.7574,24851,24505,-0.01770420,0.00338982,-0.02772422,-0.01770420,-9878.7574,557989.4742,OK,0.0000,395.1503,4.0000,96.0000,AG03-UNRESOLVED,ALL5_LEVELS_bet23_to_bet27,395.1503,395.1503,395.1503,0.0000,0.0000,4.000000,4.000000,4.000000,0.000000,0.000000,96.000000,96.000000,96.000000,100.000000,100.000000,5.0,1185.4509,1138.6651,8693.3065,8740.0923,PENDING_AG03,FALSE,NOT_FOR_ENFORCEMENT,9483.6071,484680.3568,9878.7574,9483.6071,395.1503,0.01770420,0.01699603,395.1503,9483.6071,0.01699603,395.1503,395.1503,395.1503,0.0000,0.0000,9483.6071,0.01699603,1185.4509,1138.6651,8693.3065,8740.0923,0.01557970,0.01566354,0.00070817,22.4534,20.6030,0.4031,82.3230,2.6463,4649.9123,204.2083,25.9152,21.1137,12.8578,14.5296,26.176,48.8436,54.2173,102.8621,13.088,0.0,3.731508,7.079487,1.545355,30,207,63,6,0.32204186,0.01770420,-0.00338982,0E-8,0.000000,0.904812,0.002133,0.03111404,2026-03-21,2026-08-06,120,3733,1703,139,0.863309,1.227414,1.154177,1.073473,,,,,,,,GLOBAL_BASELINE_NO_ENTITY_RANKING,,,NOT_APPLICABLE_GLOBAL_BASELINE,HF9g-P5,,,,X 全窗基线 · 不参与实体赏罚,15052971,1506,A168_HF9F_20260827_0900,2026-08-27 09:00:00
2026-06-11,127529701,2106,0,115.7199063955,12.8577673773,12.8577673773,0.6000000,7,7,0.49707555714285714,0.497075557143,0.4602999749247982,0.46029997492415853,0.4602999749247982,-1.4286E-13,ELIGIBLE,R03b_20260811_FULL_v1,L1_ELIGIBILITY,v2026-08-11,2026-03-21..2026-08-06,baccarat_bet02_101_all_pairs_incl_sentinel,round_win = game_pnl > 0 (decisive only),COMPATIBILITY_ONLY_NOT_PRODUCTION,557989.4742,504875.3716,9878.7574,24851,24505,-0.01770420,0.00338982,-0.02772422,-0.01770420,-9878.7574,557989.4742,OK,0.0000,395.1503,4.0000,96.0000,AG03-UNRESOLVED,ALL5_LEVELS_bet23_to_bet27,395.1503,395.1503,395.1503,0.0000,0.0000,4.000000,4.000000,4.000000,0.000000,0.000000,96.000000,96.000000,96.000000,100.000000,100.000000,5.0,1185.4509,1138.6651,8693.3065,8740.0923,PENDING_AG03,FALSE,NOT_FOR_ENFORCEMENT,9483.6071,484680.3568,9878.7574,9483.6071,395.1503,0.01770420,0.01699603,395.1503,9483.6071,0.01699603,395.1503,395.1503,395.1503,0.0000,0.0000,9483.6071,0.01699603,1185.4509,1138.6651,8693.3065,8740.0923,0.01557970,0.01566354,0.00070817,22.4534,20.6030,0.4031,82.3230,2.6463,4649.9123,204.2083,25.9152,21.1137,12.8578,14.5296,26.176,48.8436,54.2173,102.8621,13.088,0.0,3.731508,7.079487,1.545355,30,207,63,6,0.32204186,0.01770420,-0.00338982,0E-8,0.000000,0.904812,0.002133,0.03111404,2026-03-21,2026-08-06,120,3733,1703,139,0.863309,1.227414,1.154177,1.073473,,,,,,,,GLOBAL_BASELINE_NO_ENTITY_RANKING,,,NOT_APPLICABLE_GLOBAL_BASELINE,HF9g-P5,,,,X 全窗基线 · 不参与实体赏罚,15052972,1506,A168_HF9F_20260827_0900,2026-08-27 09:00:00
2026-06-11,127529701,2141,0,25.7155347545,-25.7155347545,-25.7155347545,0E-7,1,1,0.49324550000000000,0.493245500000,-0.9865810262130424,-0.9865810262130424,-0.9865810262130424,0E-17,ELIGIBLE,R03b_20260811_FULL_v1,L1_ELIGIBILITY,v2026-08-11,2026-03-21..2026-08-06,baccarat_bet02_101_all_pairs_incl_sentinel,round_win = game_pnl > 0 (decisive only),COMPATIBILITY_ONLY_NOT_PRODUCTION,557989.4742,504875.3716,9878.7574,24851,24505,-0.01770420,0.00338982,-0.02772422,-0.01770420,-9878.7574,557989.4742,OK,0.0000,395.1503,4.0000,96.0000,AG03-UNRESOLVED,ALL5_LEVELS_bet23_to_bet27,395.1503,395.1503,395.1503,0.0000,0.0000,4.000000,4.000000,4.000000,0.000000,0.000000,96.000000,96.000000,96.000000,100.000000,100.000000,5.0,1185.4509,1138.6651,8693.3065,8740.0923,PENDING_AG03,FALSE,NOT_FOR_ENFORCEMENT,9483.6071,484680.3568,9878.7574,9483.6071,395.1503,0.01770420,0.01699603,395.1503,9483.6071,0.01699603,395.1503,395.1503,395.1503,0.0000,0.0000,9483.6071,0.01699603,1185.4509,1138.6651,8693.3065,8740.0923,0.01557970,0.01566354,0.00070817,22.4534,20.6030,0.4031,82.3230,2.6463,4649.9123,204.2083,25.9152,21.1137,12.8578,14.5296,26.176,48.8436,54.2173,102.8621,13.088,0.0,3.731508,7.079487,1.545355,30,207,63,6,0.32204186,0.01770420,-0.00338982,0E-8,0.000000,0.904812,0.002133,0.03111404,2026-03-21,2026-08-06,120,3733,1703,139,0.863309,1.227414,1.154177,1.073473,,,,,,,,GLOBAL_BASELINE_NO_ENTITY_RANKING,,,NOT_APPLICABLE_GLOBAL_BASELINE,HF9g-P5,,,,X 全窗基线 · 不参与实体赏罚,15052973,1506,A168_HF9F_20260827_0900,2026-08-27 09:00:00
2026-06-11,127529701,2171,0,86.6613521229,10.1576362280,10.1576362280,0.5555556,10,10,0.49994810000000000,0.499948100000,0.33364473513075094,0.33364473513075094,0.33364473513075094,0E-17,ELIGIBLE,R03b_20260811_FULL_v1,L1_ELIGIBILITY,v2026-08-11,2026-03-21..2026-08-06,baccarat_bet02_101_all_pairs_incl_sentinel,round_win = game_pnl > 0 (decisive only),COMPATIBILITY_ONLY_NOT_PRODUCTION,557989.4742,504875.3716,9878.7574,24851,24505,-0.01770420,0.00338982,-0.02772422,-0.01770420,-9878.7574,557989.4742,OK,0.0000,395.1503,4.0000,96.0000,AG03-UNRESOLVED,ALL5_LEVELS_bet23_to_bet27,395.1503,395.1503,395.1503,0.0000,0.0000,4.000000,4.000000,4.000000,0.000000,0.000000,96.000000,96.000000,96.000000,100.000000,100.000000,5.0,1185.4509,1138.6651,8693.3065,8740.0923,PENDING_AG03,FALSE,NOT_FOR_ENFORCEMENT,9483.6071,484680.3568,9878.7574,9483.6071,395.1503,0.01770420,0.01699603,395.1503,9483.6071,0.01699603,395.1503,395.1503,395.1503,0.0000,0.0000,9483.6071,0.01699603,1185.4509,1138.6651,8693.3065,8740.0923,0.01557970,0.01566354,0.00070817,22.4534,20.6030,0.4031,82.3230,2.6463,4649.9123,204.2083,25.9152,21.1137,12.8578,14.5296,26.176,48.8436,54.2173,102.8621,13.088,0.0,3.731508,7.079487,1.545355,30,207,63,6,0.32204186,0.01770420,-0.00338982,0E-8,0.000000,0.904812,0.002133,0.03111404,2026-03-21,2026-08-06,120,3733,1703,139,0.863309,1.227414,1.154177,1.073473,,,,,,,,GLOBAL_BASELINE_NO_ENTITY_RANKING,,,NOT_APPLICABLE_GLOBAL_BASELINE,HF9g-P5,,,,X 全窗基线 · 不参与实体赏罚,15052974,1506,A168_HF9F_20260827_0900,2026-08-27 09:00:00
2026-06-11,127529701,2176,0,277.7277753488,9.3861701856,9.3861701856,0.5000000,24,23,0.49829673478260870,0.498199595652,0.014452768482973836,0.01527703652018134,0.014452768482973836,0.00009713913060870,ELIGIBLE,R03b_20260811_FULL_v1,L1_ELIGIBILITY,v2026-08-11,2026-03-21..2026-08-06,baccarat_bet02_101_all_pairs_incl_sentinel,round_win = game_pnl > 0 (decisive only),COMPATIBILITY_ONLY_NOT_PRODUCTION,557989.4742,504875.3716,9878.7574,24851,24505,-0.01770420,0.00338982,-0.02772422,-0.01770420,-9878.7574,557989.4742,OK,0.0000,395.1503,4.0000,96.0000,AG03-UNRESOLVED,ALL5_LEVELS_bet23_to_bet27,395.1503,395.1503,395.1503,0.0000,0.0000,4.000000,4.000000,4.000000,0.000000,0.000000,96.000000,96.000000,96.000000,100.000000,100.000000,5.0,1185.4509,1138.6651,8693.3065,8740.0923,PENDING_AG03,FALSE,NOT_FOR_ENFORCEMENT,9483.6071,484680.3568,9878.7574,9483.6071,395.1503,0.01770420,0.01699603,395.1503,9483.6071,0.01699603,395.1503,395.1503,395.1503,0.0000,0.0000,9483.6071,0.01699603,1185.4509,1138.6651,8693.3065,8740.0923,0.01557970,0.01566354,0.00070817,22.4534,20.6030,0.4031,82.3230,2.6463,4649.9123,204.2083,25.9152,21.1137,12.8578,14.5296,26.176,48.8436,54.2173,102.8621,13.088,0.0,3.731508,7.079487,1.545355,30,207,63,6,0.32204186,0.01770420,-0.00338982,0E-8,0.000000,0.904812,0.002133,0.03111404,2026-03-21,2026-08-06,120,3733,1703,139,0.863309,1.227414,1.154177,1.073473,,,,,,,,GLOBAL_BASELINE_NO_ENTITY_RANKING,,,NOT_APPLICABLE_GLOBAL_BASELINE,HF9g-P5,,,,X 全窗基线 · 不参与实体赏罚,15052975,1506,A168_HF9F_20260827_0900,2026-08-27 09:00:00
2026-06-11,127529701,2177,0,95.1474785919,11.0576799444,11.0576799444,0.4000000,7,6,0.46896207500000000,0.468962075000,-0.3090037089567469,-0.3090037089567469,-0.3090037089567469,0E-17,ELIGIBLE,R03b_20260811_FULL_v1,L1_ELIGIBILITY,v2026-08-11,2026-03-21..2026-08-06,baccarat_bet02_101_all_pairs_incl_sentinel,round_win = game_pnl > 0 (decisive only),COMPATIBILITY_ONLY_NOT_PRODUCTION,557989.4742,504875.3716,9878.7574,24851,24505,-0.01770420,0.00338982,-0.02772422,-0.01770420,-9878.7574,557989.4742,OK,0.0000,395.1503,4.0000,96.0000,AG03-UNRESOLVED,ALL5_LEVELS_bet23_to_bet27,395.1503,395.1503,395.1503,0.0000,0.0000,4.000000,4.000000,4.000000,0.000000,0.000000,96.000000,96.000000,96.000000,100.000000,100.000000,5.0,1185.4509,1138.6651,8693.3065,8740.0923,PENDING_AG03,FALSE,NOT_FOR_ENFORCEMENT,9483.6071,484680.3568,9878.7574,9483.6071,395.1503,0.01770420,0.01699603,395.1503,9483.6071,0.01699603,395.1503,395.1503,395.1503,0.0000,0.0000,9483.6071,0.01699603,1185.4509,1138.6651,8693.3065,8740.0923,0.01557970,0.01566354,0.00070817,22.4534,20.6030,0.4031,82.3230,2.6463,4649.9123,204.2083,25.9152,21.1137,12.8578,14.5296,26.176,48.8436,54.2173,102.8621,13.088,0.0,3.731508,7.079487,1.545355,30,207,63,6,0.32204186,0.01770420,-0.00338982,0E-8,0.000000,0.904812,0.002133,0.03111404,2026-03-21,2026-08-06,120,3733,1703,139,0.863309,1.227414,1.154177,1.073473,,,,,,,,GLOBAL_BASELINE_NO_ENTITY_RANKING,,,NOT_APPLICABLE_GLOBAL_BASELINE,HF9g-P5,,,,X 全窗基线 · 不参与实体赏罚,15052976,1506,A168_HF9F_20260827_0900,2026-08-27 09:00:00
2026-06-11,127529701,2218,0,51.4310695091,-51.4310695091,-51.4310695091,0E-7,2,2,0.49324550000000000,0.493245500000,-1.3952362676504506,-1.3952362676504506,-1.3952362676504506,0E-17,ELIGIBLE,R03b_20260811_FULL_v1,L1_ELIGIBILITY,v2026-08-11,2026-03-21..2026-08-06,baccarat_bet02_101_all_pairs_incl_sentinel,round_win = game_pnl > 0 (decisive only),COMPATIBILITY_ONLY_NOT_PRODUCTION,557989.4742,504875.3716,9878.7574,24851,24505,-0.01770420,0.00338982,-0.02772422,-0.01770420,-9878.7574,557989.4742,OK,0.0000,395.1503,4.0000,96.0000,AG03-UNRESOLVED,ALL5_LEVELS_bet23_to_bet27,395.1503,395.1503,395.1503,0.0000,0.0000,4.000000,4.000000,4.000000,0.000000,0.000000,96.000000,96.000000,96.000000,100.000000,100.000000,5.0,1185.4509,1138.6651,8693.3065,8740.0923,PENDING_AG03,FALSE,NOT_FOR_ENFORCEMENT,9483.6071,484680.3568,9878.7574,9483.6071,395.1503,0.01770420,0.01699603,395.1503,9483.6071,0.01699603,395.1503,395.1503,395.1503,0.0000,0.0000,9483.6071,0.01699603,1185.4509,1138.6651,8693.3065,8740.0923,0.01557970,0.01566354,0.00070817,22.4534,20.6030,0.4031,82.3230,2.6463,4649.9123,204.2083,25.9152,21.1137,12.8578,14.5296,26.176,48.8436,54.2173,102.8621,13.088,0.0,3.731508,7.079487,1.545355,30,207,63,6,0.32204186,0.01770420,-0.00338982,0E-8,0.000000,0.904812,0.002133,0.03111404,2026-03-21,2026-08-06,120,3733,1703,139,0.863309,1.227414,1.154177,1.073473,,,,,,,,GLOBAL_BASELINE_NO_ENTITY_RANKING,,,NOT_APPLICABLE_GLOBAL_BASELINE,HF9g-P5,,,,X 全窗基线 · 不参与实体赏罚,15052977,1506,A168_HF9F_20260827_0900,2026-08-27 09:00:00
2026-06-11,127529701,2233,0,48.6023606861,-48.6023606861,-48.6023606861,0E-7,4,4,0.50665070000000000,0.506650700000,-2.026782104415204,-2.026782104415204,-2.026782104415204,0E-17,ELIGIBLE,R03b_20260811_FULL_v1,L1_ELIGIBILITY,v2026-08-11,2026-03-21..2026-08-06,baccarat_bet02_101_all_pairs_incl_sentinel,round_win = game_pnl > 0 (decisive only),COMPATIBILITY_ONLY_NOT_PRODUCTION,557989.4742,504875.3716,9878.7574,24851,24505,-0.01770420,0.00338982,-0.02772422,-0.01770420,-9878.7574,557989.4742,OK,0.0000,395.1503,4.0000,96.0000,AG03-UNRESOLVED,ALL5_LEVELS_bet23_to_bet27,395.1503,395.1503,395.1503,0.0000,0.0000,4.000000,4.000000,4.000000,0.000000,0.000000,96.000000,96.000000,96.000000,100.000000,100.000000,5.0,1185.4509,1138.6651,8693.3065,8740.0923,PENDING_AG03,FALSE,NOT_FOR_ENFORCEMENT,9483.6071,484680.3568,9878.7574,9483.6071,395.1503,0.01770420,0.01699603,395.1503,9483.6071,0.01699603,395.1503,395.1503,395.1503,0.0000,0.0000,9483.6071,0.01699603,1185.4509,1138.6651,8693.3065,8740.0923,0.01557970,0.01566354,0.00070817,22.4534,20.6030,0.4031,82.3230,2.6463,4649.9123,204.2083,25.9152,21.1137,12.8578,14.5296,26.176,48.8436,54.2173,102.8621,13.088,0.0,3.731508,7.079487,1.545355,30,207,63,6,0.32204186,0.01770420,-0.00338982,0E-8,0.000000,0.904812,0.002133,0.03111404,2026-03-21,2026-08-06,120,3733,1703,139,0.863309,1.227414,1.154177,1.073473,,,,,,,,GLOBAL_BASELINE_NO_ENTITY_RANKING,,,NOT_APPLICABLE_GLOBAL_BASELINE,HF9g-P5,,,,X 全窗基线 · 不参与实体赏罚,15052978,1506,A168_HF9F_20260827_0900,2026-08-27 09:00:00
2026-06-11,127529701,2239,0,113.1483529199,-10.2862139017,-10.2862139017,0.2500000,4,4,0.49659680000000000,0.496596800000,-0.9864100490137353,-0.9864100490137354,-0.9864100490137353,0E-17,ELIGIBLE,R03b_20260811_FULL_v1,L1_ELIGIBILITY,v2026-08-11,2026-03-21..2026-08-06,baccarat_bet02_101_all_pairs_incl_sentinel,round_win = game_pnl > 0 (decisive only),COMPATIBILITY_ONLY_NOT_PRODUCTION,557989.4742,504875.3716,9878.7574,24851,24505,-0.01770420,0.00338982,-0.02772422,-0.01770420,-9878.7574,557989.4742,OK,0.0000,395.1503,4.0000,96.0000,AG03-UNRESOLVED,ALL5_LEVELS_bet23_to_bet27,395.1503,395.1503,395.1503,0.0000,0.0000,4.000000,4.000000,4.000000,0.000000,0.000000,96.000000,96.000000,96.000000,100.000000,100.000000,5.0,1185.4509,1138.6651,8693.3065,8740.0923,PENDING_AG03,FALSE,NOT_FOR_ENFORCEMENT,9483.6071,484680.3568,9878.7574,9483.6071,395.1503,0.01770420,0.01699603,395.1503,9483.6071,0.01699603,395.1503,395.1503,395.1503,0.0000,0.0000,9483.6071,0.01699603,1185.4509,1138.6651,8693.3065,8740.0923,0.01557970,0.01566354,0.00070817,22.4534,20.6030,0.4031,82.3230,2.6463,4649.9123,204.2083,25.9152,21.1137,12.8578,14.5296,26.176,48.8436,54.2173,102.8621,13.088,0.0,3.731508,7.079487,1.545355,30,207,63,6,0.32204186,0.01770420,-0.00338982,0E-8,0.000000,0.904812,0.002133,0.03111404,2026-03-21,2026-08-06,120,3733,1703,139,0.863309,1.227414,1.154177,1.073473,,,,,,,,GLOBAL_BASELINE_NO_ENTITY_RANKING,,,NOT_APPLICABLE_GLOBAL_BASELINE,HF9g-P5,,,,X 全窗基线 · 不参与实体赏罚,15052979,1506,A168_HF9F_20260827_0900,2026-08-27 09:00:00
2026-06-11,127529701,2250,0,41.6591663024,-15.9436315478,-15.9436315478,0.3333333,3,3,0.49771390000000000,0.497713900000,-0.5694369385616226,-0.5694369385616226,-0.5694369385616226,0E-17,ELIGIBLE,R03b_20260811_FULL_v1,L1_ELIGIBILITY,v2026-08-11,2026-03-21..2026-08-06,baccarat_bet02_101_all_pairs_incl_sentinel,round_win = game_pnl > 0 (decisive only),COMPATIBILITY_ONLY_NOT_PRODUCTION,557989.4742,504875.3716,9878.7574,24851,24505,-0.01770420,0.00338982,-0.02772422,-0.01770420,-9878.7574,557989.4742,OK,0.0000,395.1503,4.0000,96.0000,AG03-UNRESOLVED,ALL5_LEVELS_bet23_to_bet27,395.1503,395.1503,395.1503,0.0000,0.0000,4.000000,4.000000,4.000000,0.000000,0.000000,96.000000,96.000000,96.000000,100.000000,100.000000,5.0,1185.4509,1138.6651,8693.3065,8740.0923,PENDING_AG03,FALSE,NOT_FOR_ENFORCEMENT,9483.6071,484680.3568,9878.7574,9483.6071,395.1503,0.01770420,0.01699603,395.1503,9483.6071,0.01699603,395.1503,395.1503,395.1503,0.0000,0.0000,9483.6071,0.01699603,1185.4509,1138.6651,8693.3065,8740.0923,0.01557970,0.01566354,0.00070817,22.4534,20.6030,0.4031,82.3230,2.6463,4649.9123,204.2083,25.9152,21.1137,12.8578,14.5296,26.176,48.8436,54.2173,102.8621,13.088,0.0,3.731508,7.079487,1.545355,30,207,63,6,0.32204186,0.01770420,-0.00338982,0E-8,0.000000,0.904812,0.002133,0.03111404,2026-03-21,2026-08-06,120,3733,1703,139,0.863309,1.227414,1.154177,1.073473,,,,,,,,GLOBAL_BASELINE_NO_ENTITY_RANKING,,,NOT_APPLICABLE_GLOBAL_BASELINE,HF9g-P5,,,,X 全窗基线 · 不参与实体赏罚,15052980,1506,A168_HF9F_20260827_0900,2026-08-27 09:00:00
2026-06-11,127529701,2251,0,62.7459048011,-30.1514644997,-30.1514644997,0.2000000,5,5,0.49860758000000000,0.498607580000,-1.3354188732730328,-1.3354188732730328,-1.3354188732730328,0E-17,ELIGIBLE,R03b_20260811_FULL_v1,L1_ELIGIBILITY,v2026-08-11,2026-03-21..2026-08-06,baccarat_bet02_101_all_pairs_incl_sentinel,round_win = game_pnl > 0 (decisive only),COMPATIBILITY_ONLY_NOT_PRODUCTION,557989.4742,504875.3716,9878.7574,24851,24505,-0.01770420,0.00338982,-0.02772422,-0.01770420,-9878.7574,557989.4742,OK,0.0000,395.1503,4.0000,96.0000,AG03-UNRESOLVED,ALL5_LEVELS_bet23_to_bet27,395.1503,395.1503,395.1503,0.0000,0.0000,4.000000,4.000000,4.000000,0.000000,0.000000,96.000000,96.000000,96.000000,100.000000,100.000000,5.0,1185.4509,1138.6651,8693.3065,8740.0923,PENDING_AG03,FALSE,NOT_FOR_ENFORCEMENT,9483.6071,484680.3568,9878.7574,9483.6071,395.1503,0.01770420,0.01699603,395.1503,9483.6071,0.01699603,395.1503,395.1503,395.1503,0.0000,0.0000,9483.6071,0.01699603,1185.4509,1138.6651,8693.3065,8740.0923,0.01557970,0.01566354,0.00070817,22.4534,20.6030,0.4031,82.3230,2.6463,4649.9123,204.2083,25.9152,21.1137,12.8578,14.5296,26.176,48.8436,54.2173,102.8621,13.088,0.0,3.731508,7.079487,1.545355,30,207,63,6,0.32204186,0.01770420,-0.00338982,0E-8,0.000000,0.904812,0.002133,0.03111404,2026-03-21,2026-08-06,120,3733,1703,139,0.863309,1.227414,1.154177,1.073473,,,,,,,,GLOBAL_BASELINE_NO_ENTITY_RANKING,,,NOT_APPLICABLE_GLOBAL_BASELINE,HF9g-P5,,,,X 全窗基线 · 不参与实体赏罚,15052981,1506,A168_HF9F_20260827_0900,2026-08-27 09:00:00
2026-06-11,127529701,2256,0,435.3640033942,98.1690539253,98.1690539253,0.6111111,19,19,0.49888979473684211,0.498889794737,0.9522317929835105,0.9522317929821701,0.9522317929835105,-1.5789E-13,ELIGIBLE,R03b_20260811_FULL_v1,L1_ELIGIBILITY,v2026-08-11,2026-03-21..2026-08-06,baccarat_bet02_101_all_pairs_incl_sentinel,round_win = game_pnl > 0 (decisive only),COMPATIBILITY_ONLY_NOT_PRODUCTION,557989.4742,504875.3716,9878.7574,24851,24505,-0.01770420,0.00338982,-0.02772422,-0.01770420,-9878.7574,557989.4742,OK,0.0000,395.1503,4.0000,96.0000,AG03-UNRESOLVED,ALL5_LEVELS_bet23_to_bet27,395.1503,395.1503,395.1503,0.0000,0.0000,4.000000,4.000000,4.000000,0.000000,0.000000,96.000000,96.000000,96.000000,100.000000,100.000000,5.0,1185.4509,1138.6651,8693.3065,8740.0923,PENDING_AG03,FALSE,NOT_FOR_ENFORCEMENT,9483.6071,484680.3568,9878.7574,9483.6071,395.1503,0.01770420,0.01699603,395.1503,9483.6071,0.01699603,395.1503,395.1503,395.1503,0.0000,0.0000,9483.6071,0.01699603,1185.4509,1138.6651,8693.3065,8740.0923,0.01557970,0.01566354,0.00070817,22.4534,20.6030,0.4031,82.3230,2.6463,4649.9123,204.2083,25.9152,21.1137,12.8578,14.5296,26.176,48.8436,54.2173,102.8621,13.088,0.0,3.731508,7.079487,1.545355,30,207,63,6,0.32204186,0.01770420,-0.00338982,0E-8,0.000000,0.904812,0.002133,0.03111404,2026-03-21,2026-08-06,120,3733,1703,139,0.863309,1.227414,1.154177,1.073473,,,,,,,,GLOBAL_BASELINE_NO_ENTITY_RANKING,,,NOT_APPLICABLE_GLOBAL_BASELINE,HF9g-P5,,,,X 全窗基线 · 不参与实体赏罚,15052982,1506,A168_HF9F_20260827_0900,2026-08-27 09:00:00
2026-06-11,127529701,2281,0,228.6111039682,-61.5887057372,-61.5887057372,0.4000000,20,20,0.49793732000000000,0.497937320000,-0.8759854742693763,-0.8759854742693763,-0.8759854742693763,0E-17,ELIGIBLE,R03b_20260811_FULL_v1,L1_ELIGIBILITY,v2026-08-11,2026-03-21..2026-08-06,baccarat_bet02_101_all_pairs_incl_sentinel,round_win = game_pnl > 0 (decisive only),COMPATIBILITY_ONLY_NOT_PRODUCTION,557989.4742,504875.3716,9878.7574,24851,24505,-0.01770420,0.00338982,-0.02772422,-0.01770420,-9878.7574,557989.4742,OK,0.0000,395.1503,4.0000,96.0000,AG03-UNRESOLVED,ALL5_LEVELS_bet23_to_bet27,395.1503,395.1503,395.1503,0.0000,0.0000,4.000000,4.000000,4.000000,0.000000,0.000000,96.000000,96.000000,96.000000,100.000000,100.000000,5.0,1185.4509,1138.6651,8693.3065,8740.0923,PENDING_AG03,FALSE,NOT_FOR_ENFORCEMENT,9483.6071,484680.3568,9878.7574,9483.6071,395.1503,0.01770420,0.01699603,395.1503,9483.6071,0.01699603,395.1503,395.1503,395.1503,0.0000,0.0000,9483.6071,0.01699603,1185.4509,1138.6651,8693.3065,8740.0923,0.01557970,0.01566354,0.00070817,22.4534,20.6030,0.4031,82.3230,2.6463,4649.9123,204.2083,25.9152,21.1137,12.8578,14.5296,26.176,48.8436,54.2173,102.8621,13.088,0.0,3.731508,7.079487,1.545355,30,207,63,6,0.32204186,0.01770420,-0.00338982,0E-8,0.000000,0.904812,0.002133,0.03111404,2026-03-21,2026-08-06,120,3733,1703,139,0.863309,1.227414,1.154177,1.073473,,,,,,,,GLOBAL_BASELINE_NO_ENTITY_RANKING,,,NOT_APPLICABLE_GLOBAL_BASELINE,HF9g-P5,,,,X 全窗基线 · 不参与实体赏罚,15052983,1506,A168_HF9F_20260827_0900,2026-08-27 09:00:00
2026-06-11,127529701,970,0,286.7282125131,-36.8632190707,-36.8632190707,0.4347826,25,25,0.50021620400000000,0.500216204000,-0.6276170567634359,-0.6276170567634359,-0.6276170567634359,0E-17,ELIGIBLE,R03b_20260811_FULL_v1,L1_ELIGIBILITY,v2026-08-11,2026-03-21..2026-08-06,baccarat_bet02_101_all_pairs_incl_sentinel,round_win = game_pnl > 0 (decisive only),COMPATIBILITY_ONLY_NOT_PRODUCTION,557989.4742,504875.3716,9878.7574,24851,24505,-0.01770420,0.00338982,-0.02772422,-0.01770420,-9878.7574,557989.4742,OK,0.0000,395.1503,4.0000,96.0000,AG03-UNRESOLVED,ALL5_LEVELS_bet23_to_bet27,395.1503,395.1503,395.1503,0.0000,0.0000,4.000000,4.000000,4.000000,0.000000,0.000000,96.000000,96.000000,96.000000,100.000000,100.000000,5.0,1185.4509,1138.6651,8693.3065,8740.0923,PENDING_AG03,FALSE,NOT_FOR_ENFORCEMENT,9483.6071,484680.3568,9878.7574,9483.6071,395.1503,0.01770420,0.01699603,395.1503,9483.6071,0.01699603,395.1503,395.1503,395.1503,0.0000,0.0000,9483.6071,0.01699603,1185.4509,1138.6651,8693.3065,8740.0923,0.01557970,0.01566354,0.00070817,22.4534,20.6030,0.4031,82.3230,2.6463,4649.9123,204.2083,25.9152,21.1137,12.8578,14.5296,26.176,48.8436,54.2173,102.8621,13.088,0.0,3.731508,7.079487,1.545355,30,207,63,6,0.32204186,0.01770420,-0.00338982,0E-8,0.000000,0.904812,0.002133,0.03111404,2026-03-21,2026-08-06,120,3733,1703,139,0.863309,1.227414,1.154177,1.073473,,,,,,,,GLOBAL_BASELINE_NO_ENTITY_RANKING,,,NOT_APPLICABLE_GLOBAL_BASELINE,HF9g-P5,,,,X 全窗基线 · 不参与实体赏罚,15052984,1506,A168_HF9F_20260827_0900,2026-08-27 09:00:00
2026-06-12,127529701,-1,1,165.0937331242,48.2552009669,48.2552009669,0.6428571,16,16,0.50162375000000000,0.501623750000,1.0568995084673667,1.0568995084673667,1.0568995084673667,0E-17,SENTINEL_DEALER,R03b_20260811_FULL_v1,L1_ELIGIBILITY,v2026-08-11,2026-03-21..2026-08-06,baccarat_bet02_101_all_pairs_incl_sentinel,round_win = game_pnl > 0 (decisive only),COMPATIBILITY_ONLY_NOT_PRODUCTION,557989.4742,504875.3716,9878.7574,24851,24505,-0.01770420,0.00338982,-0.02772422,-0.01770420,-9878.7574,557989.4742,OK,0.0000,395.1503,4.0000,96.0000,AG03-UNRESOLVED,ALL5_LEVELS_bet23_to_bet27,395.1503,395.1503,395.1503,0.0000,0.0000,4.000000,4.000000,4.000000,0.000000,0.000000,96.000000,96.000000,96.000000,100.000000,100.000000,5.0,1185.4509,1138.6651,8693.3065,8740.0923,PENDING_AG03,FALSE,NOT_FOR_ENFORCEMENT,9483.6071,484680.3568,9878.7574,9483.6071,395.1503,0.01770420,0.01699603,395.1503,9483.6071,0.01699603,395.1503,395.1503,395.1503,0.0000,0.0000,9483.6071,0.01699603,1185.4509,1138.6651,8693.3065,8740.0923,0.01557970,0.01566354,0.00070817,22.4534,20.6030,0.4031,82.3230,2.6463,4649.9123,204.2083,25.9152,21.1137,12.8578,14.5296,26.176,48.8436,54.2173,102.8621,13.088,0.0,3.731508,7.079487,1.545355,30,207,63,6,0.32204186,0.01770420,-0.00338982,0E-8,0.000000,0.904812,0.002133,0.03111404,2026-03-21,2026-08-06,120,3733,1703,139,0.863309,1.227414,1.154177,1.073473,,,,,,,,GLOBAL_BASELINE_NO_ENTITY_RANKING,,,NOT_APPLICABLE_GLOBAL_BASELINE,HF9g-P5,,,,X 全窗基线 · 不参与实体赏罚,15052985,1506,A168_HF9F_20260827_0900,2026-08-27 09:00:00
2026-06-12,127529701,1221,0,65.5746136241,-65.5746136241,-65.5746136241,0E-7,5,5,0.49860758000000000,0.498607580000,-2.2298495325838465,-2.2298495325838465,-2.2298495325838465,0E-17,ELIGIBLE,R03b_20260811_FULL_v1,L1_ELIGIBILITY,v2026-08-11,2026-03-21..2026-08-06,baccarat_bet02_101_all_pairs_incl_sentinel,round_win = game_pnl > 0 (decisive only),COMPATIBILITY_ONLY_NOT_PRODUCTION,557989.4742,504875.3716,9878.7574,24851,24505,-0.01770420,0.00338982,-0.02772422,-0.01770420,-9878.7574,557989.4742,OK,0.0000,395.1503,4.0000,96.0000,AG03-UNRESOLVED,ALL5_LEVELS_bet23_to_bet27,395.1503,395.1503,395.1503,0.0000,0.0000,4.000000,4.000000,4.000000,0.000000,0.000000,96.000000,96.000000,96.000000,100.000000,100.000000,5.0,1185.4509,1138.6651,8693.3065,8740.0923,PENDING_AG03,FALSE,NOT_FOR_ENFORCEMENT,9483.6071,484680.3568,9878.7574,9483.6071,395.1503,0.01770420,0.01699603,395.1503,9483.6071,0.01699603,395.1503,395.1503,395.1503,0.0000,0.0000,9483.6071,0.01699603,1185.4509,1138.6651,8693.3065,8740.0923,0.01557970,0.01566354,0.00070817,22.4534,20.6030,0.4031,82.3230,2.6463,4649.9123,204.2083,25.9152,21.1137,12.8578,14.5296,26.176,48.8436,54.2173,102.8621,13.088,0.0,3.731508,7.079487,1.545355,30,207,63,6,0.32204186,0.01770420,-0.00338982,0E-8,0.000000,0.904812,0.002133,0.03111404,2026-03-21,2026-08-06,120,3733,1703,139,0.863309,1.227414,1.154177,1.073473,,,,,,,,GLOBAL_BASELINE_NO_ENTITY_RANKING,,,NOT_APPLICABLE_GLOBAL_BASELINE,HF9g-P5,,,,X 全窗基线 · 不参与实体赏罚,15052986,1506,A168_HF9F_20260827_0900,2026-08-27 09:00:00
2026-06-12,127529701,1353,0,96.1760999820,54.3883560059,54.3883560059,0.8000000,6,6,0.49771390000000000,0.497713900000,1.3518786671008958,1.3518786671008955,1.3518786671008958,0E-17,ELIGIBLE,R03b_20260811_FULL_v1,L1_ELIGIBILITY,v2026-08-11,2026-03-21..2026-08-06,baccarat_bet02_101_all_pairs_incl_sentinel,round_win = game_pnl > 0 (decisive only),COMPATIBILITY_ONLY_NOT_PRODUCTION,557989.4742,504875.3716,9878.7574,24851,24505,-0.01770420,0.00338982,-0.02772422,-0.01770420,-9878.7574,557989.4742,OK,0.0000,395.1503,4.0000,96.0000,AG03-UNRESOLVED,ALL5_LEVELS_bet23_to_bet27,395.1503,395.1503,395.1503,0.0000,0.0000,4.000000,4.000000,4.000000,0.000000,0.000000,96.000000,96.000000,96.000000,100.000000,100.000000,5.0,1185.4509,1138.6651,8693.3065,8740.0923,PENDING_AG03,FALSE,NOT_FOR_ENFORCEMENT,9483.6071,484680.3568,9878.7574,9483.6071,395.1503,0.01770420,0.01699603,395.1503,9483.6071,0.01699603,395.1503,395.1503,395.1503,0.0000,0.0000,9483.6071,0.01699603,1185.4509,1138.6651,8693.3065,8740.0923,0.01557970,0.01566354,0.00070817,22.4534,20.6030,0.4031,82.3230,2.6463,4649.9123,204.2083,25.9152,21.1137,12.8578,14.5296,26.176,48.8436,54.2173,102.8621,13.088,0.0,3.731508,7.079487,1.545355,30,207,63,6,0.32204186,0.01770420,-0.00338982,0E-8,0.000000,0.904812,0.002133,0.03111404,2026-03-21,2026-08-06,120,3733,1703,139,0.863309,1.227414,1.154177,1.073473,,,,,,,,GLOBAL_BASELINE_NO_ENTITY_RANKING,,,NOT_APPLICABLE_GLOBAL_BASELINE,HF9g-P5,,,,X 全窗基线 · 不参与实体赏罚,15052987,1506,A168_HF9F_20260827_0900,2026-08-27 09:00:00
2026-06-12,127529701,1384,0,297.0144264151,-128.9634067941,-128.9634067941,0.4000000,10,10,0.50262914000000000,0.502629140000,-0.649092647016965,-0.649092647016965,-0.649092647016965,0E-17,ELIGIBLE,R03b_20260811_FULL_v1,L1_ELIGIBILITY,v2026-08-11,2026-03-21..2026-08-06,baccarat_bet02_101_all_pairs_incl_sentinel,round_win = game_pnl > 0 (decisive only),COMPATIBILITY_ONLY_NOT_PRODUCTION,557989.4742,504875.3716,9878.7574,24851,24505,-0.01770420,0.00338982,-0.02772422,-0.01770420,-9878.7574,557989.4742,OK,0.0000,395.1503,4.0000,96.0000,AG03-UNRESOLVED,ALL5_LEVELS_bet23_to_bet27,395.1503,395.1503,395.1503,0.0000,0.0000,4.000000,4.000000,4.000000,0.000000,0.000000,96.000000,96.000000,96.000000,100.000000,100.000000,5.0,1185.4509,1138.6651,8693.3065,8740.0923,PENDING_AG03,FALSE,NOT_FOR_ENFORCEMENT,9483.6071,484680.3568,9878.7574,9483.6071,395.1503,0.01770420,0.01699603,395.1503,9483.6071,0.01699603,395.1503,395.1503,395.1503,0.0000,0.0000,9483.6071,0.01699603,1185.4509,1138.6651,8693.3065,8740.0923,0.01557970,0.01566354,0.00070817,22.4534,20.6030,0.4031,82.3230,2.6463,4649.9123,204.2083,25.9152,21.1137,12.8578,14.5296,26.176,48.8436,54.2173,102.8621,13.088,0.0,3.731508,7.079487,1.545355,30,207,63,6,0.32204186,0.01770420,-0.00338982,0E-8,0.000000,0.904812,0.002133,0.03111404,2026-03-21,2026-08-06,120,3733,1703,139,0.863309,1.227414,1.154177,1.073473,,,,,,,,GLOBAL_BASELINE_NO_ENTITY_RANKING,,,NOT_APPLICABLE_GLOBAL_BASELINE,HF9g-P5,,,,X 全窗基线 · 不参与实体赏罚,15052988,1506,A168_HF9F_20260827_0900,2026-08-27 09:00:00
2026-06-12,127529701,1400,0,79.2038470440,-23.7868696480,-23.7868696480,0.6000000,5,5,0.49860758000000000,0.498607580000,0.4534424453485946,0.4534424453485946,0.4534424453485946,0E-17,ELIGIBLE,R03b_20260811_FULL_v1,L1_ELIGIBILITY,v2026-08-11,2026-03-21..2026-08-06,baccarat_bet02_101_all_pairs_incl_sentinel,round_win = game_pnl > 0 (decisive only),COMPATIBILITY_ONLY_NOT_PRODUCTION,557989.4742,504875.3716,9878.7574,24851,24505,-0.01770420,0.00338982,-0.02772422,-0.01770420,-9878.7574,557989.4742,OK,0.0000,395.1503,4.0000,96.0000,AG03-UNRESOLVED,ALL5_LEVELS_bet23_to_bet27,395.1503,395.1503,395.1503,0.0000,0.0000,4.000000,4.000000,4.000000,0.000000,0.000000,96.000000,96.000000,96.000000,100.000000,100.000000,5.0,1185.4509,1138.6651,8693.3065,8740.0923,PENDING_AG03,FALSE,NOT_FOR_ENFORCEMENT,9483.6071,484680.3568,9878.7574,9483.6071,395.1503,0.01770420,0.01699603,395.1503,9483.6071,0.01699603,395.1503,395.1503,395.1503,0.0000,0.0000,9483.6071,0.01699603,1185.4509,1138.6651,8693.3065,8740.0923,0.01557970,0.01566354,0.00070817,22.4534,20.6030,0.4031,82.3230,2.6463,4649.9123,204.2083,25.9152,21.1137,12.8578,14.5296,26.176,48.8436,54.2173,102.8621,13.088,0.0,3.731508,7.079487,1.545355,30,207,63,6,0.32204186,0.01770420,-0.00338982,0E-8,0.000000,0.904812,0.002133,0.03111404,2026-03-21,2026-08-06,120,3733,1703,139,0.863309,1.227414,1.154177,1.073473,,,,,,,,GLOBAL_BASELINE_NO_ENTITY_RANKING,,,NOT_APPLICABLE_GLOBAL_BASELINE,HF9g-P5,,,,X 全窗基线 · 不参与实体赏罚,15052989,1506,A168_HF9F_20260827_0900,2026-08-27 09:00:00
2026-06-12,127529701,2063,0,15.4293208527,-5.4002622984,-5.4002622984,0.5000000,2,2,0.49994810000000000,0.499948100000,0.00014679536856514622,0.00014679536856514622,0.00014679536856514622,0E-17,ELIGIBLE,R03b_20260811_FULL_v1,L1_ELIGIBILITY,v2026-08-11,2026-03-21..2026-08-06,baccarat_bet02_101_all_pairs_incl_sentinel,round_win = game_pnl > 0 (decisive only),COMPATIBILITY_ONLY_NOT_PRODUCTION,557989.4742,504875.3716,9878.7574,24851,24505,-0.01770420,0.00338982,-0.02772422,-0.01770420,-9878.7574,557989.4742,OK,0.0000,395.1503,4.0000,96.0000,AG03-UNRESOLVED,ALL5_LEVELS_bet23_to_bet27,395.1503,395.1503,395.1503,0.0000,0.0000,4.000000,4.000000,4.000000,0.000000,0.000000,96.000000,96.000000,96.000000,100.000000,100.000000,5.0,1185.4509,1138.6651,8693.3065,8740.0923,PENDING_AG03,FALSE,NOT_FOR_ENFORCEMENT,9483.6071,484680.3568,9878.7574,9483.6071,395.1503,0.01770420,0.01699603,395.1503,9483.6071,0.01699603,395.1503,395.1503,395.1503,0.0000,0.0000,9483.6071,0.01699603,1185.4509,1138.6651,8693.3065,8740.0923,0.01557970,0.01566354,0.00070817,22.4534,20.6030,0.4031,82.3230,2.6463,4649.9123,204.2083,25.9152,21.1137,12.8578,14.5296,26.176,48.8436,54.2173,102.8621,13.088,0.0,3.731508,7.079487,1.545355,30,207,63,6,0.32204186,0.01770420,-0.00338982,0E-8,0.000000,0.904812,0.002133,0.03111404,2026-03-21,2026-08-06,120,3733,1703,139,0.863309,1.227414,1.154177,1.073473,,,,,,,,GLOBAL_BASELINE_NO_ENTITY_RANKING,,,NOT_APPLICABLE_GLOBAL_BASELINE,HF9g-P5,,,,X 全窗基线 · 不参与实体赏罚,15052990,1506,A168_HF9F_20260827_0900,2026-08-27 09:00:00
2026-06-12,127529701,2101,0,135.7780235039,-58.7342813793,-58.7342813793,0.4000000,6,6,0.50218230000000000,0.502182300000,-0.4569774904649096,-0.4569774904649096,-0.4569774904649096,0E-17,ELIGIBLE,R03b_20260811_FULL_v1,L1_ELIGIBILITY,v2026-08-11,2026-03-21..2026-08-06,baccarat_bet02_101_all_pairs_incl_sentinel,round_win = game_pnl > 0 (decisive only),COMPATIBILITY_ONLY_NOT_PRODUCTION,557989.4742,504875.3716,9878.7574,24851,24505,-0.01770420,0.00338982,-0.02772422,-0.01770420,-9878.7574,557989.4742,OK,0.0000,395.1503,4.0000,96.0000,AG03-UNRESOLVED,ALL5_LEVELS_bet23_to_bet27,395.1503,395.1503,395.1503,0.0000,0.0000,4.000000,4.000000,4.000000,0.000000,0.000000,96.000000,96.000000,96.000000,100.000000,100.000000,5.0,1185.4509,1138.6651,8693.3065,8740.0923,PENDING_AG03,FALSE,NOT_FOR_ENFORCEMENT,9483.6071,484680.3568,9878.7574,9483.6071,395.1503,0.01770420,0.01699603,395.1503,9483.6071,0.01699603,395.1503,395.1503,395.1503,0.0000,0.0000,9483.6071,0.01699603,1185.4509,1138.6651,8693.3065,8740.0923,0.01557970,0.01566354,0.00070817,22.4534,20.6030,0.4031,82.3230,2.6463,4649.9123,204.2083,25.9152,21.1137,12.8578,14.5296,26.176,48.8436,54.2173,102.8621,13.088,0.0,3.731508,7.079487,1.545355,30,207,63,6,0.32204186,0.01770420,-0.00338982,0E-8,0.000000,0.904812,0.002133,0.03111404,2026-03-21,2026-08-06,120,3733,1703,139,0.863309,1.227414,1.154177,1.073473,,,,,,,,GLOBAL_BASELINE_NO_ENTITY_RANKING,,,NOT_APPLICABLE_GLOBAL_BASELINE,HF9g-P5,,,,X 全窗基线 · 不参与实体赏罚,15052991,1506,A168_HF9F_20260827_0900,2026-08-27 09:00:00
2026-06-12,127529701,2103,0,213.4389384626,-98.3619204360,-98.3619204360,0.2500000,11,11,0.49933877272727273,0.499338772727,-1.4104743294454483,-1.4104743294439066,-1.4104743294454483,2.7273E-13,ELIGIBLE,R03b_20260811_FULL_v1,L1_ELIGIBILITY,v2026-08-11,2026-03-21..2026-08-06,baccarat_bet02_101_all_pairs_incl_sentinel,round_win = game_pnl > 0 (decisive only),COMPATIBILITY_ONLY_NOT_PRODUCTION,557989.4742,504875.3716,9878.7574,24851,24505,-0.01770420,0.00338982,-0.02772422,-0.01770420,-9878.7574,557989.4742,OK,0.0000,395.1503,4.0000,96.0000,AG03-UNRESOLVED,ALL5_LEVELS_bet23_to_bet27,395.1503,395.1503,395.1503,0.0000,0.0000,4.000000,4.000000,4.000000,0.000000,0.000000,96.000000,96.000000,96.000000,100.000000,100.000000,5.0,1185.4509,1138.6651,8693.3065,8740.0923,PENDING_AG03,FALSE,NOT_FOR_ENFORCEMENT,9483.6071,484680.3568,9878.7574,9483.6071,395.1503,0.01770420,0.01699603,395.1503,9483.6071,0.01699603,395.1503,395.1503,395.1503,0.0000,0.0000,9483.6071,0.01699603,1185.4509,1138.6651,8693.3065,8740.0923,0.01557970,0.01566354,0.00070817,22.4534,20.6030,0.4031,82.3230,2.6463,4649.9123,204.2083,25.9152,21.1137,12.8578,14.5296,26.176,48.8436,54.2173,102.8621,13.088,0.0,3.731508,7.079487,1.545355,30,207,63,6,0.32204186,0.01770420,-0.00338982,0E-8,0.000000,0.904812,0.002133,0.03111404,2026-03-21,2026-08-06,120,3733,1703,139,0.863309,1.227414,1.154177,1.073473,,,,,,,,GLOBAL_BASELINE_NO_ENTITY_RANKING,,,NOT_APPLICABLE_GLOBAL_BASELINE,HF9g-P5,,,,X 全窗基线 · 不参与实体赏罚,15052992,1506,A168_HF9F_20260827_0900,2026-08-27 09:00:00
2026-06-12,127529701,2106,0,639.0310386501,84.6941137141,84.6941137141,0.6153846,42,42,0.50154395714285714,0.501543957143,1.4218761446755452,1.421876144673762,1.4218761446755452,-1.4286E-13,ELIGIBLE,R03b_20260811_FULL_v1,L1_ELIGIBILITY,v2026-08-11,2026-03-21..2026-08-06,baccarat_bet02_101_all_pairs_incl_sentinel,round_win = game_pnl > 0 (decisive only),COMPATIBILITY_ONLY_NOT_PRODUCTION,557989.4742,504875.3716,9878.7574,24851,24505,-0.01770420,0.00338982,-0.02772422,-0.01770420,-9878.7574,557989.4742,OK,0.0000,395.1503,4.0000,96.0000,AG03-UNRESOLVED,ALL5_LEVELS_bet23_to_bet27,395.1503,395.1503,395.1503,0.0000,0.0000,4.000000,4.000000,4.000000,0.000000,0.000000,96.000000,96.000000,96.000000,100.000000,100.000000,5.0,1185.4509,1138.6651,8693.3065,8740.0923,PENDING_AG03,FALSE,NOT_FOR_ENFORCEMENT,9483.6071,484680.3568,9878.7574,9483.6071,395.1503,0.01770420,0.01699603,395.1503,9483.6071,0.01699603,395.1503,395.1503,395.1503,0.0000,0.0000,9483.6071,0.01699603,1185.4509,1138.6651,8693.3065,8740.0923,0.01557970,0.01566354,0.00070817,22.4534,20.6030,0.4031,82.3230,2.6463,4649.9123,204.2083,25.9152,21.1137,12.8578,14.5296,26.176,48.8436,54.2173,102.8621,13.088,0.0,3.731508,7.079487,1.545355,30,207,63,6,0.32204186,0.01770420,-0.00338982,0E-8,0.000000,0.904812,0.002133,0.03111404,2026-03-21,2026-08-06,120,3733,1703,139,0.863309,1.227414,1.154177,1.073473,,,,,,,,GLOBAL_BASELINE_NO_ENTITY_RANKING,,,NOT_APPLICABLE_GLOBAL_BASELINE,HF9g-P5,,,,X 全窗基线 · 不参与实体赏罚,15052993,1506,A168_HF9F_20260827_0900,2026-08-27 09:00:00
2026-06-12,127529701,2123,0,230.4111914007,-18.0394476304,-18.0394476304,0.5000000,12,12,0.50106520000000000,0.501065200000,-0.0067369316153729885,-0.006736931615372989,-0.0067369316153729885,0E-17,ELIGIBLE,R03b_20260811_FULL_v1,L1_ELIGIBILITY,v2026-08-11,2026-03-21..2026-08-06,baccarat_bet02_101_all_pairs_incl_sentinel,round_win = game_pnl > 0 (decisive only),COMPATIBILITY_ONLY_NOT_PRODUCTION,557989.4742,504875.3716,9878.7574,24851,24505,-0.01770420,0.00338982,-0.02772422,-0.01770420,-9878.7574,557989.4742,OK,0.0000,395.1503,4.0000,96.0000,AG03-UNRESOLVED,ALL5_LEVELS_bet23_to_bet27,395.1503,395.1503,395.1503,0.0000,0.0000,4.000000,4.000000,4.000000,0.000000,0.000000,96.000000,96.000000,96.000000,100.000000,100.000000,5.0,1185.4509,1138.6651,8693.3065,8740.0923,PENDING_AG03,FALSE,NOT_FOR_ENFORCEMENT,9483.6071,484680.3568,9878.7574,9483.6071,395.1503,0.01770420,0.01699603,395.1503,9483.6071,0.01699603,395.1503,395.1503,395.1503,0.0000,0.0000,9483.6071,0.01699603,1185.4509,1138.6651,8693.3065,8740.0923,0.01557970,0.01566354,0.00070817,22.4534,20.6030,0.4031,82.3230,2.6463,4649.9123,204.2083,25.9152,21.1137,12.8578,14.5296,26.176,48.8436,54.2173,102.8621,13.088,0.0,3.731508,7.079487,1.545355,30,207,63,6,0.32204186,0.01770420,-0.00338982,0E-8,0.000000,0.904812,0.002133,0.03111404,2026-03-21,2026-08-06,120,3733,1703,139,0.863309,1.227414,1.154177,1.073473,,,,,,,,GLOBAL_BASELINE_NO_ENTITY_RANKING,,,NOT_APPLICABLE_GLOBAL_BASELINE,HF9g-P5,,,,X 全窗基线 · 不参与实体赏罚,15052994,1506,A168_HF9F_20260827_0900,2026-08-27 09:00:00
2026-06-12,127529701,2129,0,25.7155347545,-25.7155347545,-25.7155347545,0E-7,1,1,0.50665070000000000,0.506650700000,-1.013391052207602,-1.013391052207602,-1.013391052207602,0E-17,ELIGIBLE,R03b_20260811_FULL_v1,L1_ELIGIBILITY,v2026-08-11,2026-03-21..2026-08-06,baccarat_bet02_101_all_pairs_incl_sentinel,round_win = game_pnl > 0 (decisive only),COMPATIBILITY_ONLY_NOT_PRODUCTION,557989.4742,504875.3716,9878.7574,24851,24505,-0.01770420,0.00338982,-0.02772422,-0.01770420,-9878.7574,557989.4742,OK,0.0000,395.1503,4.0000,96.0000,AG03-UNRESOLVED,ALL5_LEVELS_bet23_to_bet27,395.1503,395.1503,395.1503,0.0000,0.0000,4.000000,4.000000,4.000000,0.000000,0.000000,96.000000,96.000000,96.000000,100.000000,100.000000,5.0,1185.4509,1138.6651,8693.3065,8740.0923,PENDING_AG03,FALSE,NOT_FOR_ENFORCEMENT,9483.6071,484680.3568,9878.7574,9483.6071,395.1503,0.01770420,0.01699603,395.1503,9483.6071,0.01699603,395.1503,395.1503,395.1503,0.0000,0.0000,9483.6071,0.01699603,1185.4509,1138.6651,8693.3065,8740.0923,0.01557970,0.01566354,0.00070817,22.4534,20.6030,0.4031,82.3230,2.6463,4649.9123,204.2083,25.9152,21.1137,12.8578,14.5296,26.176,48.8436,54.2173,102.8621,13.088,0.0,3.731508,7.079487,1.545355,30,207,63,6,0.32204186,0.01770420,-0.00338982,0E-8,0.000000,0.904812,0.002133,0.03111404,2026-03-21,2026-08-06,120,3733,1703,139,0.863309,1.227414,1.154177,1.073473,,,,,,,,GLOBAL_BASELINE_NO_ENTITY_RANKING,,,NOT_APPLICABLE_GLOBAL_BASELINE,HF9g-P5,,,,X 全窗基线 · 不参与实体赏罚,15052995,1506,A168_HF9F_20260827_0900,2026-08-27 09:00:00
2026-06-12,127529701,2145,0,411.1914007252,128.7062514465,128.7062514465,0.5909091,26,26,0.49943251538461538,0.499432515385,0.8581268956898266,0.8581268956862177,0.8581268956898266,-3.8462E-13,ELIGIBLE,R03b_20260811_FULL_v1,L1_ELIGIBILITY,v2026-08-11,2026-03-21..2026-08-06,baccarat_bet02_101_all_pairs_incl_sentinel,round_win = game_pnl > 0 (decisive only),COMPATIBILITY_ONLY_NOT_PRODUCTION,557989.4742,504875.3716,9878.7574,24851,24505,-0.01770420,0.00338982,-0.02772422,-0.01770420,-9878.7574,557989.4742,OK,0.0000,395.1503,4.0000,96.0000,AG03-UNRESOLVED,ALL5_LEVELS_bet23_to_bet27,395.1503,395.1503,395.1503,0.0000,0.0000,4.000000,4.000000,4.000000,0.000000,0.000000,96.000000,96.000000,96.000000,100.000000,100.000000,5.0,1185.4509,1138.6651,8693.3065,8740.0923,PENDING_AG03,FALSE,NOT_FOR_ENFORCEMENT,9483.6071,484680.3568,9878.7574,9483.6071,395.1503,0.01770420,0.01699603,395.1503,9483.6071,0.01699603,395.1503,395.1503,395.1503,0.0000,0.0000,9483.6071,0.01699603,1185.4509,1138.6651,8693.3065,8740.0923,0.01557970,0.01566354,0.00070817,22.4534,20.6030,0.4031,82.3230,2.6463,4649.9123,204.2083,25.9152,21.1137,12.8578,14.5296,26.176,48.8436,54.2173,102.8621,13.088,0.0,3.731508,7.079487,1.545355,30,207,63,6,0.32204186,0.01770420,-0.00338982,0E-8,0.000000,0.904812,0.002133,0.03111404,2026-03-21,2026-08-06,120,3733,1703,139,0.863309,1.227414,1.154177,1.073473,,,,,,,,GLOBAL_BASELINE_NO_ENTITY_RANKING,,,NOT_APPLICABLE_GLOBAL_BASELINE,HF9g-P5,,,,X 全窗基线 · 不参与实体赏罚,15052996,1506,A168_HF9F_20260827_0900,2026-08-27 09:00:00
2026-06-12,127529701,2160,0,30.8586417054,30.3443310103,30.3443310103,1.0000000,3,3,0.49771390000000000,0.497713900000,1.739988277604938,1.739988277604938,1.739988277604938,0E-17,ELIGIBLE,R03b_20260811_FULL_v1,L1_ELIGIBILITY,v2026-08-11,2026-03-21..2026-08-06,baccarat_bet02_101_all_pairs_incl_sentinel,round_win = game_pnl > 0 (decisive only),COMPATIBILITY_ONLY_NOT_PRODUCTION,557989.4742,504875.3716,9878.7574,24851,24505,-0.01770420,0.00338982,-0.02772422,-0.01770420,-9878.7574,557989.4742,OK,0.0000,395.1503,4.0000,96.0000,AG03-UNRESOLVED,ALL5_LEVELS_bet23_to_bet27,395.1503,395.1503,395.1503,0.0000,0.0000,4.000000,4.000000,4.000000,0.000000,0.000000,96.000000,96.000000,96.000000,100.000000,100.000000,5.0,1185.4509,1138.6651,8693.3065,8740.0923,PENDING_AG03,FALSE,NOT_FOR_ENFORCEMENT,9483.6071,484680.3568,9878.7574,9483.6071,395.1503,0.01770420,0.01699603,395.1503,9483.6071,0.01699603,395.1503,395.1503,395.1503,0.0000,0.0000,9483.6071,0.01699603,1185.4509,1138.6651,8693.3065,8740.0923,0.01557970,0.01566354,0.00070817,22.4534,20.6030,0.4031,82.3230,2.6463,4649.9123,204.2083,25.9152,21.1137,12.8578,14.5296,26.176,48.8436,54.2173,102.8621,13.088,0.0,3.731508,7.079487,1.545355,30,207,63,6,0.32204186,0.01770420,-0.00338982,0E-8,0.000000,0.904812,0.002133,0.03111404,2026-03-21,2026-08-06,120,3733,1703,139,0.863309,1.227414,1.154177,1.073473,,,,,,,,GLOBAL_BASELINE_NO_ENTITY_RANKING,,,NOT_APPLICABLE_GLOBAL_BASELINE,HF9g-P5,,,,X 全窗基线 · 不参与实体赏罚,15052997,1506,A168_HF9F_20260827_0900,2026-08-27 09:00:00
2026-06-12,127529701,2169,0,229.8968807057,1.2857767378,1.2857767378,0.4444444,11,11,0.49933877272727273,0.499338772727,-0.3293662577091182,-0.32936625770748207,-0.3293662577091182,2.7273E-13,ELIGIBLE,R03b_20260811_FULL_v1,L1_ELIGIBILITY,v2026-08-11,2026-03-21..2026-08-06,baccarat_bet02_101_all_pairs_incl_sentinel,round_win = game_pnl > 0 (decisive only),COMPATIBILITY_ONLY_NOT_PRODUCTION,557989.4742,504875.3716,9878.7574,24851,24505,-0.01770420,0.00338982,-0.02772422,-0.01770420,-9878.7574,557989.4742,OK,0.0000,395.1503,4.0000,96.0000,AG03-UNRESOLVED,ALL5_LEVELS_bet23_to_bet27,395.1503,395.1503,395.1503,0.0000,0.0000,4.000000,4.000000,4.000000,0.000000,0.000000,96.000000,96.000000,96.000000,100.000000,100.000000,5.0,1185.4509,1138.6651,8693.3065,8740.0923,PENDING_AG03,FALSE,NOT_FOR_ENFORCEMENT,9483.6071,484680.3568,9878.7574,9483.6071,395.1503,0.01770420,0.01699603,395.1503,9483.6071,0.01699603,395.1503,395.1503,395.1503,0.0000,0.0000,9483.6071,0.01699603,1185.4509,1138.6651,8693.3065,8740.0923,0.01557970,0.01566354,0.00070817,22.4534,20.6030,0.4031,82.3230,2.6463,4649.9123,204.2083,25.9152,21.1137,12.8578,14.5296,26.176,48.8436,54.2173,102.8621,13.088,0.0,3.731508,7.079487,1.545355,30,207,63,6,0.32204186,0.01770420,-0.00338982,0E-8,0.000000,0.904812,0.002133,0.03111404,2026-03-21,2026-08-06,120,3733,1703,139,0.863309,1.227414,1.154177,1.073473,,,,,,,,GLOBAL_BASELINE_NO_ENTITY_RANKING,,,NOT_APPLICABLE_GLOBAL_BASELINE,HF9g-P5,,,,X 全窗基线 · 不参与实体赏罚,15052998,1506,A168_HF9F_20260827_0900,2026-08-27 09:00:00
2026-06-12,127529701,2177,0,63.5173708437,-38.4447244580,-38.4447244580,0.2500000,4,4,0.49659680000000000,0.496596800000,-0.9864100490137353,-0.9864100490137354,-0.9864100490137353,0E-17,ELIGIBLE,R03b_20260811_FULL_v1,L1_ELIGIBILITY,v2026-08-11,2026-03-21..2026-08-06,baccarat_bet02_101_all_pairs_incl_sentinel,round_win = game_pnl > 0 (decisive only),COMPATIBILITY_ONLY_NOT_PRODUCTION,557989.4742,504875.3716,9878.7574,24851,24505,-0.01770420,0.00338982,-0.02772422,-0.01770420,-9878.7574,557989.4742,OK,0.0000,395.1503,4.0000,96.0000,AG03-UNRESOLVED,ALL5_LEVELS_bet23_to_bet27,395.1503,395.1503,395.1503,0.0000,0.0000,4.000000,4.000000,4.000000,0.000000,0.000000,96.000000,96.000000,96.000000,100.000000,100.000000,5.0,1185.4509,1138.6651,8693.3065,8740.0923,PENDING_AG03,FALSE,NOT_FOR_ENFORCEMENT,9483.6071,484680.3568,9878.7574,9483.6071,395.1503,0.01770420,0.01699603,395.1503,9483.6071,0.01699603,395.1503,395.1503,395.1503,0.0000,0.0000,9483.6071,0.01699603,1185.4509,1138.6651,8693.3065,8740.0923,0.01557970,0.01566354,0.00070817,22.4534,20.6030,0.4031,82.3230,2.6463,4649.9123,204.2083,25.9152,21.1137,12.8578,14.5296,26.176,48.8436,54.2173,102.8621,13.088,0.0,3.731508,7.079487,1.545355,30,207,63,6,0.32204186,0.01770420,-0.00338982,0E-8,0.000000,0.904812,0.002133,0.03111404,2026-03-21,2026-08-06,120,3733,1703,139,0.863309,1.227414,1.154177,1.073473,,,,,,,,GLOBAL_BASELINE_NO_ENTITY_RANKING,,,NOT_APPLICABLE_GLOBAL_BASELINE,HF9g-P5,,,,X 全窗基线 · 不参与实体赏罚,15052999,1506,A168_HF9F_20260827_0900,2026-08-27 09:00:00
2026-06-12,127529701,2235,0,448.9932368145,-93.9517062260,-93.9517062260,0.3461538,30,30,0.49905442000000000,0.499054420000,-1.559288807752048,-1.559288807752048,-1.559288807752048,0E-17,ELIGIBLE,R03b_20260811_FULL_v1,L1_ELIGIBILITY,v2026-08-11,2026-03-21..2026-08-06,baccarat_bet02_101_all_pairs_incl_sentinel,round_win = game_pnl > 0 (decisive only),COMPATIBILITY_ONLY_NOT_PRODUCTION,557989.4742,504875.3716,9878.7574,24851,24505,-0.01770420,0.00338982,-0.02772422,-0.01770420,-9878.7574,557989.4742,OK,0.0000,395.1503,4.0000,96.0000,AG03-UNRESOLVED,ALL5_LEVELS_bet23_to_bet27,395.1503,395.1503,395.1503,0.0000,0.0000,4.000000,4.000000,4.000000,0.000000,0.000000,96.000000,96.000000,96.000000,100.000000,100.000000,5.0,1185.4509,1138.6651,8693.3065,8740.0923,PENDING_AG03,FALSE,NOT_FOR_ENFORCEMENT,9483.6071,484680.3568,9878.7574,9483.6071,395.1503,0.01770420,0.01699603,395.1503,9483.6071,0.01699603,395.1503,395.1503,395.1503,0.0000,0.0000,9483.6071,0.01699603,1185.4509,1138.6651,8693.3065,8740.0923,0.01557970,0.01566354,0.00070817,22.4534,20.6030,0.4031,82.3230,2.6463,4649.9123,204.2083,25.9152,21.1137,12.8578,14.5296,26.176,48.8436,54.2173,102.8621,13.088,0.0,3.731508,7.079487,1.545355,30,207,63,6,0.32204186,0.01770420,-0.00338982,0E-8,0.000000,0.904812,0.002133,0.03111404,2026-03-21,2026-08-06,120,3733,1703,139,0.863309,1.227414,1.154177,1.073473,,,,,,,,GLOBAL_BASELINE_NO_ENTITY_RANKING,,,NOT_APPLICABLE_GLOBAL_BASELINE,HF9g-P5,,,,X 全窗基线 · 不参与实体赏罚,15053000,1506,A168_HF9F_20260827_0900,2026-08-27 09:00:00
2026-06-12,127529701,2244,0,52.7168462467,20.8295831512,20.8295831512,0.6666667,5,5,0.49592654000000000,0.495926540000,0.5914807778519792,0.5914807778519792,0.5914807778519792,0E-17,ELIGIBLE,R03b_20260811_FULL_v1,L1_ELIGIBILITY,v2026-08-11,2026-03-21..2026-08-06,baccarat_bet02_101_all_pairs_incl_sentinel,round_win = game_pnl > 0 (decisive only),COMPATIBILITY_ONLY_NOT_PRODUCTION,557989.4742,504875.3716,9878.7574,24851,24505,-0.01770420,0.00338982,-0.02772422,-0.01770420,-9878.7574,557989.4742,OK,0.0000,395.1503,4.0000,96.0000,AG03-UNRESOLVED,ALL5_LEVELS_bet23_to_bet27,395.1503,395.1503,395.1503,0.0000,0.0000,4.000000,4.000000,4.000000,0.000000,0.000000,96.000000,96.000000,96.000000,100.000000,100.000000,5.0,1185.4509,1138.6651,8693.3065,8740.0923,PENDING_AG03,FALSE,NOT_FOR_ENFORCEMENT,9483.6071,484680.3568,9878.7574,9483.6071,395.1503,0.01770420,0.01699603,395.1503,9483.6071,0.01699603,395.1503,395.1503,395.1503,0.0000,0.0000,9483.6071,0.01699603,1185.4509,1138.6651,8693.3065,8740.0923,0.01557970,0.01566354,0.00070817,22.4534,20.6030,0.4031,82.3230,2.6463,4649.9123,204.2083,25.9152,21.1137,12.8578,14.5296,26.176,48.8436,54.2173,102.8621,13.088,0.0,3.731508,7.079487,1.545355,30,207,63,6,0.32204186,0.01770420,-0.00338982,0E-8,0.000000,0.904812,0.002133,0.03111404,2026-03-21,2026-08-06,120,3733,1703,139,0.863309,1.227414,1.154177,1.073473,,,,,,,,GLOBAL_BASELINE_NO_ENTITY_RANKING,,,NOT_APPLICABLE_GLOBAL_BASELINE,HF9g-P5,,,,X 全窗基线 · 不参与实体赏罚,15053001,1506,A168_HF9F_20260827_0900,2026-08-27 09:00:00
2026-06-12,127529701,2254,0,24.6869133644,12.3434566822,12.3434566822,0.6666667,3,3,0.49771390000000000,0.497713900000,0.5852756695216578,0.5852756695216578,0.5852756695216578,0E-17,ELIGIBLE,R03b_20260811_FULL_v1,L1_ELIGIBILITY,v2026-08-11,2026-03-21..2026-08-06,baccarat_bet02_101_all_pairs_incl_sentinel,round_win = game_pnl > 0 (decisive only),COMPATIBILITY_ONLY_NOT_PRODUCTION,557989.4742,504875.3716,9878.7574,24851,24505,-0.01770420,0.00338982,-0.02772422,-0.01770420,-9878.7574,557989.4742,OK,0.0000,395.1503,4.0000,96.0000,AG03-UNRESOLVED,ALL5_LEVELS_bet23_to_bet27,395.1503,395.1503,395.1503,0.0000,0.0000,4.000000,4.000000,4.000000,0.000000,0.000000,96.000000,96.000000,96.000000,100.000000,100.000000,5.0,1185.4509,1138.6651,8693.3065,8740.0923,PENDING_AG03,FALSE,NOT_FOR_ENFORCEMENT,9483.6071,484680.3568,9878.7574,9483.6071,395.1503,0.01770420,0.01699603,395.1503,9483.6071,0.01699603,395.1503,395.1503,395.1503,0.0000,0.0000,9483.6071,0.01699603,1185.4509,1138.6651,8693.3065,8740.0923,0.01557970,0.01566354,0.00070817,22.4534,20.6030,0.4031,82.3230,2.6463,4649.9123,204.2083,25.9152,21.1137,12.8578,14.5296,26.176,48.8436,54.2173,102.8621,13.088,0.0,3.731508,7.079487,1.545355,30,207,63,6,0.32204186,0.01770420,-0.00338982,0E-8,0.000000,0.904812,0.002133,0.03111404,2026-03-21,2026-08-06,120,3733,1703,139,0.863309,1.227414,1.154177,1.073473,,,,,,,,GLOBAL_BASELINE_NO_ENTITY_RANKING,,,NOT_APPLICABLE_GLOBAL_BASELINE,HF9g-P5,,,,X 全窗基线 · 不参与实体赏罚,15053002,1506,A168_HF9F_20260827_0900,2026-08-27 09:00:00
2026-06-12,127529701,2271,0,30.8586417055,-30.8586417055,-30.8586417055,0E-7,2,2,0.50665070000000000,0.506650700000,-1.4331513700195317,-1.4331513700195317,-1.4331513700195317,0E-17,ELIGIBLE,R03b_20260811_FULL_v1,L1_ELIGIBILITY,v2026-08-11,2026-03-21..2026-08-06,baccarat_bet02_101_all_pairs_incl_sentinel,round_win = game_pnl > 0 (decisive only),COMPATIBILITY_ONLY_NOT_PRODUCTION,557989.4742,504875.3716,9878.7574,24851,24505,-0.01770420,0.00338982,-0.02772422,-0.01770420,-9878.7574,557989.4742,OK,0.0000,395.1503,4.0000,96.0000,AG03-UNRESOLVED,ALL5_LEVELS_bet23_to_bet27,395.1503,395.1503,395.1503,0.0000,0.0000,4.000000,4.000000,4.000000,0.000000,0.000000,96.000000,96.000000,96.000000,100.000000,100.000000,5.0,1185.4509,1138.6651,8693.3065,8740.0923,PENDING_AG03,FALSE,NOT_FOR_ENFORCEMENT,9483.6071,484680.3568,9878.7574,9483.6071,395.1503,0.01770420,0.01699603,395.1503,9483.6071,0.01699603,395.1503,395.1503,395.1503,0.0000,0.0000,9483.6071,0.01699603,1185.4509,1138.6651,8693.3065,8740.0923,0.01557970,0.01566354,0.00070817,22.4534,20.6030,0.4031,82.3230,2.6463,4649.9123,204.2083,25.9152,21.1137,12.8578,14.5296,26.176,48.8436,54.2173,102.8621,13.088,0.0,3.731508,7.079487,1.545355,30,207,63,6,0.32204186,0.01770420,-0.00338982,0E-8,0.000000,0.904812,0.002133,0.03111404,2026-03-21,2026-08-06,120,3733,1703,139,0.863309,1.227414,1.154177,1.073473,,,,,,,,GLOBAL_BASELINE_NO_ENTITY_RANKING,,,NOT_APPLICABLE_GLOBAL_BASELINE,HF9g-P5,,,,X 全窗基线 · 不参与实体赏罚,15053003,1506,A168_HF9F_20260827_0900,2026-08-27 09:00:00
2026-06-12,127529701,948,0,84.3469539949,27.0913158639,27.0913158639,0.6666667,6,6,0.49771390000000000,0.497713900000,0.8277047895645219,0.8277047895645219,0.8277047895645219,0E-17,ELIGIBLE,R03b_20260811_FULL_v1,L1_ELIGIBILITY,v2026-08-11,2026-03-21..2026-08-06,baccarat_bet02_101_all_pairs_incl_sentinel,round_win = game_pnl > 0 (decisive only),COMPATIBILITY_ONLY_NOT_PRODUCTION,557989.4742,504875.3716,9878.7574,24851,24505,-0.01770420,0.00338982,-0.02772422,-0.01770420,-9878.7574,557989.4742,OK,0.0000,395.1503,4.0000,96.0000,AG03-UNRESOLVED,ALL5_LEVELS_bet23_to_bet27,395.1503,395.1503,395.1503,0.0000,0.0000,4.000000,4.000000,4.000000,0.000000,0.000000,96.000000,96.000000,96.000000,100.000000,100.000000,5.0,1185.4509,1138.6651,8693.3065,8740.0923,PENDING_AG03,FALSE,NOT_FOR_ENFORCEMENT,9483.6071,484680.3568,9878.7574,9483.6071,395.1503,0.01770420,0.01699603,395.1503,9483.6071,0.01699603,395.1503,395.1503,395.1503,0.0000,0.0000,9483.6071,0.01699603,1185.4509,1138.6651,8693.3065,8740.0923,0.01557970,0.01566354,0.00070817,22.4534,20.6030,0.4031,82.3230,2.6463,4649.9123,204.2083,25.9152,21.1137,12.8578,14.5296,26.176,48.8436,54.2173,102.8621,13.088,0.0,3.731508,7.079487,1.545355,30,207,63,6,0.32204186,0.01770420,-0.00338982,0E-8,0.000000,0.904812,0.002133,0.03111404,2026-03-21,2026-08-06,120,3733,1703,139,0.863309,1.227414,1.154177,1.073473,,,,,,,,GLOBAL_BASELINE_NO_ENTITY_RANKING,,,NOT_APPLICABLE_GLOBAL_BASELINE,HF9g-P5,,,,X 全窗基线 · 不参与实体赏罚,15053004,1506,A168_HF9F_20260827_0900,2026-08-27 09:00:00
2026-06-12,127529701,970,0,158.4076940878,51.2510607660,51.2510607660,0.6153846,17,16,0.48707160312500000,0.487071603125,0.9255877536090024,0.9255877536090024,0.9255877536090024,0E-17,ELIGIBLE,R03b_20260811_FULL_v1,L1_ELIGIBILITY,v2026-08-11,2026-03-21..2026-08-06,baccarat_bet02_101_all_pairs_incl_sentinel,round_win = game_pnl > 0 (decisive only),COMPATIBILITY_ONLY_NOT_PRODUCTION,557989.4742,504875.3716,9878.7574,24851,24505,-0.01770420,0.00338982,-0.02772422,-0.01770420,-9878.7574,557989.4742,OK,0.0000,395.1503,4.0000,96.0000,AG03-UNRESOLVED,ALL5_LEVELS_bet23_to_bet27,395.1503,395.1503,395.1503,0.0000,0.0000,4.000000,4.000000,4.000000,0.000000,0.000000,96.000000,96.000000,96.000000,100.000000,100.000000,5.0,1185.4509,1138.6651,8693.3065,8740.0923,PENDING_AG03,FALSE,NOT_FOR_ENFORCEMENT,9483.6071,484680.3568,9878.7574,9483.6071,395.1503,0.01770420,0.01699603,395.1503,9483.6071,0.01699603,395.1503,395.1503,395.1503,0.0000,0.0000,9483.6071,0.01699603,1185.4509,1138.6651,8693.3065,8740.0923,0.01557970,0.01566354,0.00070817,22.4534,20.6030,0.4031,82.3230,2.6463,4649.9123,204.2083,25.9152,21.1137,12.8578,14.5296,26.176,48.8436,54.2173,102.8621,13.088,0.0,3.731508,7.079487,1.545355,30,207,63,6,0.32204186,0.01770420,-0.00338982,0E-8,0.000000,0.904812,0.002133,0.03111404,2026-03-21,2026-08-06,120,3733,1703,139,0.863309,1.227414,1.154177,1.073473,,,,,,,,GLOBAL_BASELINE_NO_ENTITY_RANKING,,,NOT_APPLICABLE_GLOBAL_BASELINE,HF9g-P5,,,,X 全窗基线 · 不参与实体赏罚,15053005,1506,A168_HF9F_20260827_0900,2026-08-27 09:00:00
2026-06-13,127529701,-1,1,954.0463393938,57.9756731042,57.9756731042,0.5208333,55,54,0.49766985555556046,0.496629330556,0.32096604856495364,0.33538812150721586,0.32096604856495364,0.00104052499956046,SENTINEL_DEALER,R03b_20260811_FULL_v1,L1_ELIGIBILITY,v2026-08-11,2026-03-21..2026-08-06,baccarat_bet02_101_all_pairs_incl_sentinel,round_win = game_pnl > 0 (decisive only),COMPATIBILITY_ONLY_NOT_PRODUCTION,557989.4742,504875.3716,9878.7574,24851,24505,-0.01770420,0.00338982,-0.02772422,-0.01770420,-9878.7574,557989.4742,OK,0.0000,395.1503,4.0000,96.0000,AG03-UNRESOLVED,ALL5_LEVELS_bet23_to_bet27,395.1503,395.1503,395.1503,0.0000,0.0000,4.000000,4.000000,4.000000,0.000000,0.000000,96.000000,96.000000,96.000000,100.000000,100.000000,5.0,1185.4509,1138.6651,8693.3065,8740.0923,PENDING_AG03,FALSE,NOT_FOR_ENFORCEMENT,9483.6071,484680.3568,9878.7574,9483.6071,395.1503,0.01770420,0.01699603,395.1503,9483.6071,0.01699603,395.1503,395.1503,395.1503,0.0000,0.0000,9483.6071,0.01699603,1185.4509,1138.6651,8693.3065,8740.0923,0.01557970,0.01566354,0.00070817,22.4534,20.6030,0.4031,82.3230,2.6463,4649.9123,204.2083,25.9152,21.1137,12.8578,14.5296,26.176,48.8436,54.2173,102.8621,13.088,0.0,3.731508,7.079487,1.545355,30,207,63,6,0.32204186,0.01770420,-0.00338982,0E-8,0.000000,0.904812,0.002133,0.03111404,2026-03-21,2026-08-06,120,3733,1703,139,0.863309,1.227414,1.154177,1.073473,,,,,,,,GLOBAL_BASELINE_NO_ENTITY_RANKING,,,NOT_APPLICABLE_GLOBAL_BASELINE,HF9g-P5,,,,X 全窗基线 · 不参与实体赏罚,15053006,1506,A168_HF9F_20260827_0900,2026-08-27 09:00:00
2026-06-13,127529701,1109,0,25.7155347546,-0.6428883689,-0.6428883689,0.5000000,2,2,0.49994810000000000,0.499948100000,0.00014679536856514622,0.00014679536856514622,0.00014679536856514622,0E-17,ELIGIBLE,R03b_20260811_FULL_v1,L1_ELIGIBILITY,v2026-08-11,2026-03-21..2026-08-06,baccarat_bet02_101_all_pairs_incl_sentinel,round_win = game_pnl > 0 (decisive only),COMPATIBILITY_ONLY_NOT_PRODUCTION,557989.4742,504875.3716,9878.7574,24851,24505,-0.01770420,0.00338982,-0.02772422,-0.01770420,-9878.7574,557989.4742,OK,0.0000,395.1503,4.0000,96.0000,AG03-UNRESOLVED,ALL5_LEVELS_bet23_to_bet27,395.1503,395.1503,395.1503,0.0000,0.0000,4.000000,4.000000,4.000000,0.000000,0.000000,96.000000,96.000000,96.000000,100.000000,100.000000,5.0,1185.4509,1138.6651,8693.3065,8740.0923,PENDING_AG03,FALSE,NOT_FOR_ENFORCEMENT,9483.6071,484680.3568,9878.7574,9483.6071,395.1503,0.01770420,0.01699603,395.1503,9483.6071,0.01699603,395.1503,395.1503,395.1503,0.0000,0.0000,9483.6071,0.01699603,1185.4509,1138.6651,8693.3065,8740.0923,0.01557970,0.01566354,0.00070817,22.4534,20.6030,0.4031,82.3230,2.6463,4649.9123,204.2083,25.9152,21.1137,12.8578,14.5296,26.176,48.8436,54.2173,102.8621,13.088,0.0,3.731508,7.079487,1.545355,30,207,63,6,0.32204186,0.01770420,-0.00338982,0E-8,0.000000,0.904812,0.002133,0.03111404,2026-03-21,2026-08-06,120,3733,1703,139,0.863309,1.227414,1.154177,1.073473,,,,,,,,GLOBAL_BASELINE_NO_ENTITY_RANKING,,,NOT_APPLICABLE_GLOBAL_BASELINE,HF9g-P5,,,,X 全窗基线 · 不参与实体赏罚,15053007,1506,A168_HF9F_20260827_0900,2026-08-27 09:00:00
2026-06-13,127529701,1210,0,112.8911975725,-56.5741764599,-56.5741764599,0.3333333,7,7,0.49899058571428571,0.498990585714,-0.8115531348621552,-0.8115531348607564,-0.8115531348621552,2.8571E-13,ELIGIBLE,R03b_20260811_FULL_v1,L1_ELIGIBILITY,v2026-08-11,2026-03-21..2026-08-06,baccarat_bet02_101_all_pairs_incl_sentinel,round_win = game_pnl > 0 (decisive only),COMPATIBILITY_ONLY_NOT_PRODUCTION,557989.4742,504875.3716,9878.7574,24851,24505,-0.01770420,0.00338982,-0.02772422,-0.01770420,-9878.7574,557989.4742,OK,0.0000,395.1503,4.0000,96.0000,AG03-UNRESOLVED,ALL5_LEVELS_bet23_to_bet27,395.1503,395.1503,395.1503,0.0000,0.0000,4.000000,4.000000,4.000000,0.000000,0.000000,96.000000,96.000000,96.000000,100.000000,100.000000,5.0,1185.4509,1138.6651,8693.3065,8740.0923,PENDING_AG03,FALSE,NOT_FOR_ENFORCEMENT,9483.6071,484680.3568,9878.7574,9483.6071,395.1503,0.01770420,0.01699603,395.1503,9483.6071,0.01699603,395.1503,395.1503,395.1503,0.0000,0.0000,9483.6071,0.01699603,1185.4509,1138.6651,8693.3065,8740.0923,0.01557970,0.01566354,0.00070817,22.4534,20.6030,0.4031,82.3230,2.6463,4649.9123,204.2083,25.9152,21.1137,12.8578,14.5296,26.176,48.8436,54.2173,102.8621,13.088,0.0,3.731508,7.079487,1.545355,30,207,63,6,0.32204186,0.01770420,-0.00338982,0E-8,0.000000,0.904812,0.002133,0.03111404,2026-03-21,2026-08-06,120,3733,1703,139,0.863309,1.227414,1.154177,1.073473,,,,,,,,GLOBAL_BASELINE_NO_ENTITY_RANKING,,,NOT_APPLICABLE_GLOBAL_BASELINE,HF9g-P5,,,,X 全窗基线 · 不参与实体赏罚,15053008,1506,A168_HF9F_20260827_0900,2026-08-27 09:00:00
2026-06-13,127529701,1221,0,20.5724278036,20.5724278036,20.5724278036,1.0000000,3,3,0.49324550000000000,0.493245500000,1.755609282511032,1.7556092825110319,1.755609282511032,0E-17,ELIGIBLE,R03b_20260811_FULL_v1,L1_ELIGIBILITY,v2026-08-11,2026-03-21..2026-08-06,baccarat_bet02_101_all_pairs_incl_sentinel,round_win = game_pnl > 0 (decisive only),COMPATIBILITY_ONLY_NOT_PRODUCTION,557989.4742,504875.3716,9878.7574,24851,24505,-0.01770420,0.00338982,-0.02772422,-0.01770420,-9878.7574,557989.4742,OK,0.0000,395.1503,4.0000,96.0000,AG03-UNRESOLVED,ALL5_LEVELS_bet23_to_bet27,395.1503,395.1503,395.1503,0.0000,0.0000,4.000000,4.000000,4.000000,0.000000,0.000000,96.000000,96.000000,96.000000,100.000000,100.000000,5.0,1185.4509,1138.6651,8693.3065,8740.0923,PENDING_AG03,FALSE,NOT_FOR_ENFORCEMENT,9483.6071,484680.3568,9878.7574,9483.6071,395.1503,0.01770420,0.01699603,395.1503,9483.6071,0.01699603,395.1503,395.1503,395.1503,0.0000,0.0000,9483.6071,0.01699603,1185.4509,1138.6651,8693.3065,8740.0923,0.01557970,0.01566354,0.00070817,22.4534,20.6030,0.4031,82.3230,2.6463,4649.9123,204.2083,25.9152,21.1137,12.8578,14.5296,26.176,48.8436,54.2173,102.8621,13.088,0.0,3.731508,7.079487,1.545355,30,207,63,6,0.32204186,0.01770420,-0.00338982,0E-8,0.000000,0.904812,0.002133,0.03111404,2026-03-21,2026-08-06,120,3733,1703,139,0.863309,1.227414,1.154177,1.073473,,,,,,,,GLOBAL_BASELINE_NO_ENTITY_RANKING,,,NOT_APPLICABLE_GLOBAL_BASELINE,HF9g-P5,,,,X 全窗基线 · 不参与实体赏罚,15053009,1506,A168_HF9F_20260827_0900,2026-08-27 09:00:00
2026-06-13,127529701,1296,0,77.1466042637,-39.2161905007,-39.2161905007,0.2500000,5,5,0.50128862000000000,0.501288620000,-1.0051578182180947,-1.0051578182180947,-1.0051578182180947,0E-17,ELIGIBLE,R03b_20260811_FULL_v1,L1_ELIGIBILITY,v2026-08-11,2026-03-21..2026-08-06,baccarat_bet02_101_all_pairs_incl_sentinel,round_win = game_pnl > 0 (decisive only),COMPATIBILITY_ONLY_NOT_PRODUCTION,557989.4742,504875.3716,9878.7574,24851,24505,-0.01770420,0.00338982,-0.02772422,-0.01770420,-9878.7574,557989.4742,OK,0.0000,395.1503,4.0000,96.0000,AG03-UNRESOLVED,ALL5_LEVELS_bet23_to_bet27,395.1503,395.1503,395.1503,0.0000,0.0000,4.000000,4.000000,4.000000,0.000000,0.000000,96.000000,96.000000,96.000000,100.000000,100.000000,5.0,1185.4509,1138.6651,8693.3065,8740.0923,PENDING_AG03,FALSE,NOT_FOR_ENFORCEMENT,9483.6071,484680.3568,9878.7574,9483.6071,395.1503,0.01770420,0.01699603,395.1503,9483.6071,0.01699603,395.1503,395.1503,395.1503,0.0000,0.0000,9483.6071,0.01699603,1185.4509,1138.6651,8693.3065,8740.0923,0.01557970,0.01566354,0.00070817,22.4534,20.6030,0.4031,82.3230,2.6463,4649.9123,204.2083,25.9152,21.1137,12.8578,14.5296,26.176,48.8436,54.2173,102.8621,13.088,0.0,3.731508,7.079487,1.545355,30,207,63,6,0.32204186,0.01770420,-0.00338982,0E-8,0.000000,0.904812,0.002133,0.03111404,2026-03-21,2026-08-06,120,3733,1703,139,0.863309,1.227414,1.154177,1.073473,,,,,,,,GLOBAL_BASELINE_NO_ENTITY_RANKING,,,NOT_APPLICABLE_GLOBAL_BASELINE,HF9g-P5,,,,X 全窗基线 · 不参与实体赏罚,15053010,1506,A168_HF9F_20260827_0900,2026-08-27 09:00:00
2026-06-13,127529701,1299,0,435.8783140896,-95.8546557977,-95.8546557977,0.4166667,14,14,0.49994810000000000,0.499948100000,-0.5769906985503502,-0.5769906985503502,-0.5769906985503502,0E-17,ELIGIBLE,R03b_20260811_FULL_v1,L1_ELIGIBILITY,v2026-08-11,2026-03-21..2026-08-06,baccarat_bet02_101_all_pairs_incl_sentinel,round_win = game_pnl > 0 (decisive only),COMPATIBILITY_ONLY_NOT_PRODUCTION,557989.4742,504875.3716,9878.7574,24851,24505,-0.01770420,0.00338982,-0.02772422,-0.01770420,-9878.7574,557989.4742,OK,0.0000,395.1503,4.0000,96.0000,AG03-UNRESOLVED,ALL5_LEVELS_bet23_to_bet27,395.1503,395.1503,395.1503,0.0000,0.0000,4.000000,4.000000,4.000000,0.000000,0.000000,96.000000,96.000000,96.000000,100.000000,100.000000,5.0,1185.4509,1138.6651,8693.3065,8740.0923,PENDING_AG03,FALSE,NOT_FOR_ENFORCEMENT,9483.6071,484680.3568,9878.7574,9483.6071,395.1503,0.01770420,0.01699603,395.1503,9483.6071,0.01699603,395.1503,395.1503,395.1503,0.0000,0.0000,9483.6071,0.01699603,1185.4509,1138.6651,8693.3065,8740.0923,0.01557970,0.01566354,0.00070817,22.4534,20.6030,0.4031,82.3230,2.6463,4649.9123,204.2083,25.9152,21.1137,12.8578,14.5296,26.176,48.8436,54.2173,102.8621,13.088,0.0,3.731508,7.079487,1.545355,30,207,63,6,0.32204186,0.01770420,-0.00338982,0E-8,0.000000,0.904812,0.002133,0.03111404,2026-03-21,2026-08-06,120,3733,1703,139,0.863309,1.227414,1.154177,1.073473,,,,,,,,GLOBAL_BASELINE_NO_ENTITY_RANKING,,,NOT_APPLICABLE_GLOBAL_BASELINE,HF9g-P5,,,,X 全窗基线 · 不参与实体赏罚,15053011,1506,A168_HF9F_20260827_0900,2026-08-27 09:00:00
2026-06-13,127529701,1304,0,477.5374803919,-162.0078689536,-162.0078689536,0.2222222,12,12,0.49659680000000000,0.496596800000,-1.6462856009114921,-1.6462856009114921,-1.6462856009114921,0E-17,ELIGIBLE,R03b_20260811_FULL_v1,L1_ELIGIBILITY,v2026-08-11,2026-03-21..2026-08-06,baccarat_bet02_101_all_pairs_incl_sentinel,round_win = game_pnl > 0 (decisive only),COMPATIBILITY_ONLY_NOT_PRODUCTION,557989.4742,504875.3716,9878.7574,24851,24505,-0.01770420,0.00338982,-0.02772422,-0.01770420,-9878.7574,557989.4742,OK,0.0000,395.1503,4.0000,96.0000,AG03-UNRESOLVED,ALL5_LEVELS_bet23_to_bet27,395.1503,395.1503,395.1503,0.0000,0.0000,4.000000,4.000000,4.000000,0.000000,0.000000,96.000000,96.000000,96.000000,100.000000,100.000000,5.0,1185.4509,1138.6651,8693.3065,8740.0923,PENDING_AG03,FALSE,NOT_FOR_ENFORCEMENT,9483.6071,484680.3568,9878.7574,9483.6071,395.1503,0.01770420,0.01699603,395.1503,9483.6071,0.01699603,395.1503,395.1503,395.1503,0.0000,0.0000,9483.6071,0.01699603,1185.4509,1138.6651,8693.3065,8740.0923,0.01557970,0.01566354,0.00070817,22.4534,20.6030,0.4031,82.3230,2.6463,4649.9123,204.2083,25.9152,21.1137,12.8578,14.5296,26.176,48.8436,54.2173,102.8621,13.088,0.0,3.731508,7.079487,1.545355,30,207,63,6,0.32204186,0.01770420,-0.00338982,0E-8,0.000000,0.904812,0.002133,0.03111404,2026-03-21,2026-08-06,120,3733,1703,139,0.863309,1.227414,1.154177,1.073473,,,,,,,,GLOBAL_BASELINE_NO_ENTITY_RANKING,,,NOT_APPLICABLE_GLOBAL_BASELINE,HF9g-P5,,,,X 全窗基线 · 不参与实体赏罚,15053012,1506,A168_HF9F_20260827_0900,2026-08-27 09:00:00
2026-06-13,127529701,1363,0,51.4310695091,-51.4310695091,-51.4310695091,0E-7,2,2,0.49994810000000000,0.499948100000,-1.4140667746232096,-1.4140667746232096,-1.4140667746232096,0E-17,ELIGIBLE,R03b_20260811_FULL_v1,L1_ELIGIBILITY,v2026-08-11,2026-03-21..2026-08-06,baccarat_bet02_101_all_pairs_incl_sentinel,round_win = game_pnl > 0 (decisive only),COMPATIBILITY_ONLY_NOT_PRODUCTION,557989.4742,504875.3716,9878.7574,24851,24505,-0.01770420,0.00338982,-0.02772422,-0.01770420,-9878.7574,557989.4742,OK,0.0000,395.1503,4.0000,96.0000,AG03-UNRESOLVED,ALL5_LEVELS_bet23_to_bet27,395.1503,395.1503,395.1503,0.0000,0.0000,4.000000,4.000000,4.000000,0.000000,0.000000,96.000000,96.000000,96.000000,100.000000,100.000000,5.0,1185.4509,1138.6651,8693.3065,8740.0923,PENDING_AG03,FALSE,NOT_FOR_ENFORCEMENT,9483.6071,484680.3568,9878.7574,9483.6071,395.1503,0.01770420,0.01699603,395.1503,9483.6071,0.01699603,395.1503,395.1503,395.1503,0.0000,0.0000,9483.6071,0.01699603,1185.4509,1138.6651,8693.3065,8740.0923,0.01557970,0.01566354,0.00070817,22.4534,20.6030,0.4031,82.3230,2.6463,4649.9123,204.2083,25.9152,21.1137,12.8578,14.5296,26.176,48.8436,54.2173,102.8621,13.088,0.0,3.731508,7.079487,1.545355,30,207,63,6,0.32204186,0.01770420,-0.00338982,0E-8,0.000000,0.904812,0.002133,0.03111404,2026-03-21,2026-08-06,120,3733,1703,139,0.863309,1.227414,1.154177,1.073473,,,,,,,,GLOBAL_BASELINE_NO_ENTITY_RANKING,,,NOT_APPLICABLE_GLOBAL_BASELINE,HF9g-P5,,,,X 全窗基线 · 不参与实体赏罚,15053013,1506,A168_HF9F_20260827_0900,2026-08-27 09:00:00
2026-06-13,127529701,1374,0,831.1260832668,250.2507264639,250.2507264639,0.5454545,25,25,0.49967999600000000,0.499679996000,0.4294034242648628,0.4294034242648629,0.4294034242648628,0E-17,ELIGIBLE,R03b_20260811_FULL_v1,L1_ELIGIBILITY,v2026-08-11,2026-03-21..2026-08-06,baccarat_bet02_101_all_pairs_incl_sentinel,round_win = game_pnl > 0 (decisive only),COMPATIBILITY_ONLY_NOT_PRODUCTION,557989.4742,504875.3716,9878.7574,24851,24505,-0.01770420,0.00338982,-0.02772422,-0.01770420,-9878.7574,557989.4742,OK,0.0000,395.1503,4.0000,96.0000,AG03-UNRESOLVED,ALL5_LEVELS_bet23_to_bet27,395.1503,395.1503,395.1503,0.0000,0.0000,4.000000,4.000000,4.000000,0.000000,0.000000,96.000000,96.000000,96.000000,100.000000,100.000000,5.0,1185.4509,1138.6651,8693.3065,8740.0923,PENDING_AG03,FALSE,NOT_FOR_ENFORCEMENT,9483.6071,484680.3568,9878.7574,9483.6071,395.1503,0.01770420,0.01699603,395.1503,9483.6071,0.01699603,395.1503,395.1503,395.1503,0.0000,0.0000,9483.6071,0.01699603,1185.4509,1138.6651,8693.3065,8740.0923,0.01557970,0.01566354,0.00070817,22.4534,20.6030,0.4031,82.3230,2.6463,4649.9123,204.2083,25.9152,21.1137,12.8578,14.5296,26.176,48.8436,54.2173,102.8621,13.088,0.0,3.731508,7.079487,1.545355,30,207,63,6,0.32204186,0.01770420,-0.00338982,0E-8,0.000000,0.904812,0.002133,0.03111404,2026-03-21,2026-08-06,120,3733,1703,139,0.863309,1.227414,1.154177,1.073473,,,,,,,,GLOBAL_BASELINE_NO_ENTITY_RANKING,,,NOT_APPLICABLE_GLOBAL_BASELINE,HF9g-P5,,,,X 全窗基线 · 不参与实体赏罚,15053014,1506,A168_HF9F_20260827_0900,2026-08-27 09:00:00
2026-06-13,127529701,1382,0,25.7155347545,-20.5724278036,-20.5724278036,0E-7,3,3,0.49324550000000000,0.493245500000,-1.3952362676504506,-1.3952362676504506,-1.3952362676504506,0E-17,ELIGIBLE,R03b_20260811_FULL_v1,L1_ELIGIBILITY,v2026-08-11,2026-03-21..2026-08-06,baccarat_bet02_101_all_pairs_incl_sentinel,round_win = game_pnl > 0 (decisive only),COMPATIBILITY_ONLY_NOT_PRODUCTION,557989.4742,504875.3716,9878.7574,24851,24505,-0.01770420,0.00338982,-0.02772422,-0.01770420,-9878.7574,557989.4742,OK,0.0000,395.1503,4.0000,96.0000,AG03-UNRESOLVED,ALL5_LEVELS_bet23_to_bet27,395.1503,395.1503,395.1503,0.0000,0.0000,4.000000,4.000000,4.000000,0.000000,0.000000,96.000000,96.000000,96.000000,100.000000,100.000000,5.0,1185.4509,1138.6651,8693.3065,8740.0923,PENDING_AG03,FALSE,NOT_FOR_ENFORCEMENT,9483.6071,484680.3568,9878.7574,9483.6071,395.1503,0.01770420,0.01699603,395.1503,9483.6071,0.01699603,395.1503,395.1503,395.1503,0.0000,0.0000,9483.6071,0.01699603,1185.4509,1138.6651,8693.3065,8740.0923,0.01557970,0.01566354,0.00070817,22.4534,20.6030,0.4031,82.3230,2.6463,4649.9123,204.2083,25.9152,21.1137,12.8578,14.5296,26.176,48.8436,54.2173,102.8621,13.088,0.0,3.731508,7.079487,1.545355,30,207,63,6,0.32204186,0.01770420,-0.00338982,0E-8,0.000000,0.904812,0.002133,0.03111404,2026-03-21,2026-08-06,120,3733,1703,139,0.863309,1.227414,1.154177,1.073473,,,,,,,,GLOBAL_BASELINE_NO_ENTITY_RANKING,,,NOT_APPLICABLE_GLOBAL_BASELINE,HF9g-P5,,,,X 全窗基线 · 不参与实体赏罚,15053015,1506,A168_HF9F_20260827_0900,2026-08-27 09:00:00
2026-06-13,127529701,1383,0,205.7242780364,-154.2932085274,-154.2932085274,0.1428571,7,7,0.50090561428571429,0.500905614286,-1.8946175331089474,-1.8946175331104613,-1.8946175331089474,-2.8571E-13,ELIGIBLE,R03b_20260811_FULL_v1,L1_ELIGIBILITY,v2026-08-11,2026-03-21..2026-08-06,baccarat_bet02_101_all_pairs_incl_sentinel,round_win = game_pnl > 0 (decisive only),COMPATIBILITY_ONLY_NOT_PRODUCTION,557989.4742,504875.3716,9878.7574,24851,24505,-0.01770420,0.00338982,-0.02772422,-0.01770420,-9878.7574,557989.4742,OK,0.0000,395.1503,4.0000,96.0000,AG03-UNRESOLVED,ALL5_LEVELS_bet23_to_bet27,395.1503,395.1503,395.1503,0.0000,0.0000,4.000000,4.000000,4.000000,0.000000,0.000000,96.000000,96.000000,96.000000,100.000000,100.000000,5.0,1185.4509,1138.6651,8693.3065,8740.0923,PENDING_AG03,FALSE,NOT_FOR_ENFORCEMENT,9483.6071,484680.3568,9878.7574,9483.6071,395.1503,0.01770420,0.01699603,395.1503,9483.6071,0.01699603,395.1503,395.1503,395.1503,0.0000,0.0000,9483.6071,0.01699603,1185.4509,1138.6651,8693.3065,8740.0923,0.01557970,0.01566354,0.00070817,22.4534,20.6030,0.4031,82.3230,2.6463,4649.9123,204.2083,25.9152,21.1137,12.8578,14.5296,26.176,48.8436,54.2173,102.8621,13.088,0.0,3.731508,7.079487,1.545355,30,207,63,6,0.32204186,0.01770420,-0.00338982,0E-8,0.000000,0.904812,0.002133,0.03111404,2026-03-21,2026-08-06,120,3733,1703,139,0.863309,1.227414,1.154177,1.073473,,,,,,,,GLOBAL_BASELINE_NO_ENTITY_RANKING,,,NOT_APPLICABLE_GLOBAL_BASELINE,HF9g-P5,,,,X 全窗基线 · 不参与实体赏罚,15053016,1506,A168_HF9F_20260827_0900,2026-08-27 09:00:00
2026-06-13,127529701,1396,0,81.5182451720,-56.4455987863,-56.4455987863,0.2500000,4,4,0.49994810000000000,0.499948100000,-0.9997924053861017,-0.9997924053861017,-0.9997924053861017,0E-17,ELIGIBLE,R03b_20260811_FULL_v1,L1_ELIGIBILITY,v2026-08-11,2026-03-21..2026-08-06,baccarat_bet02_101_all_pairs_incl_sentinel,round_win = game_pnl > 0 (decisive only),COMPATIBILITY_ONLY_NOT_PRODUCTION,557989.4742,504875.3716,9878.7574,24851,24505,-0.01770420,0.00338982,-0.02772422,-0.01770420,-9878.7574,557989.4742,OK,0.0000,395.1503,4.0000,96.0000,AG03-UNRESOLVED,ALL5_LEVELS_bet23_to_bet27,395.1503,395.1503,395.1503,0.0000,0.0000,4.000000,4.000000,4.000000,0.000000,0.000000,96.000000,96.000000,96.000000,100.000000,100.000000,5.0,1185.4509,1138.6651,8693.3065,8740.0923,PENDING_AG03,FALSE,NOT_FOR_ENFORCEMENT,9483.6071,484680.3568,9878.7574,9483.6071,395.1503,0.01770420,0.01699603,395.1503,9483.6071,0.01699603,395.1503,395.1503,395.1503,0.0000,0.0000,9483.6071,0.01699603,1185.4509,1138.6651,8693.3065,8740.0923,0.01557970,0.01566354,0.00070817,22.4534,20.6030,0.4031,82.3230,2.6463,4649.9123,204.2083,25.9152,21.1137,12.8578,14.5296,26.176,48.8436,54.2173,102.8621,13.088,0.0,3.731508,7.079487,1.545355,30,207,63,6,0.32204186,0.01770420,-0.00338982,0E-8,0.000000,0.904812,0.002133,0.03111404,2026-03-21,2026-08-06,120,3733,1703,139,0.863309,1.227414,1.154177,1.073473,,,,,,,,GLOBAL_BASELINE_NO_ENTITY_RANKING,,,NOT_APPLICABLE_GLOBAL_BASELINE,HF9g-P5,,,,X 全窗基线 · 不参与实体赏罚,15053017,1506,A168_HF9F_20260827_0900,2026-08-27 09:00:00
2026-06-13,127529701,1402,0,491.4238691593,63.8773883305,63.8773883305,0.5416667,26,26,0.49943251538461538,0.499432515385,0.4138087479671723,0.41380874796340344,0.4138087479671723,-3.8462E-13,ELIGIBLE,R03b_20260811_FULL_v1,L1_ELIGIBILITY,v2026-08-11,2026-03-21..2026-08-06,baccarat_bet02_101_all_pairs_incl_sentinel,round_win = game_pnl > 0 (decisive only),COMPATIBILITY_ONLY_NOT_PRODUCTION,557989.4742,504875.3716,9878.7574,24851,24505,-0.01770420,0.00338982,-0.02772422,-0.01770420,-9878.7574,557989.4742,OK,0.0000,395.1503,4.0000,96.0000,AG03-UNRESOLVED,ALL5_LEVELS_bet23_to_bet27,395.1503,395.1503,395.1503,0.0000,0.0000,4.000000,4.000000,4.000000,0.000000,0.000000,96.000000,96.000000,96.000000,100.000000,100.000000,5.0,1185.4509,1138.6651,8693.3065,8740.0923,PENDING_AG03,FALSE,NOT_FOR_ENFORCEMENT,9483.6071,484680.3568,9878.7574,9483.6071,395.1503,0.01770420,0.01699603,395.1503,9483.6071,0.01699603,395.1503,395.1503,395.1503,0.0000,0.0000,9483.6071,0.01699603,1185.4509,1138.6651,8693.3065,8740.0923,0.01557970,0.01566354,0.00070817,22.4534,20.6030,0.4031,82.3230,2.6463,4649.9123,204.2083,25.9152,21.1137,12.8578,14.5296,26.176,48.8436,54.2173,102.8621,13.088,0.0,3.731508,7.079487,1.545355,30,207,63,6,0.32204186,0.01770420,-0.00338982,0E-8,0.000000,0.904812,0.002133,0.03111404,2026-03-21,2026-08-06,120,3733,1703,139,0.863309,1.227414,1.154177,1.073473,,,,,,,,GLOBAL_BASELINE_NO_ENTITY_RANKING,,,NOT_APPLICABLE_GLOBAL_BASELINE,HF9g-P5,,,,X 全窗基线 · 不参与实体赏罚,15053018,1506,A168_HF9F_20260827_0900,2026-08-27 09:00:00
2026-06-13,127529701,1405,0,51.4310695091,-51.4310695091,-51.4310695091,0E-7,3,3,0.50218230000000000,0.502182300000,-1.7396270863184011,-1.7396270863184016,-1.7396270863184011,0E-17,ELIGIBLE,R03b_20260811_FULL_v1,L1_ELIGIBILITY,v2026-08-11,2026-03-21..2026-08-06,baccarat_bet02_101_all_pairs_incl_sentinel,round_win = game_pnl > 0 (decisive only),COMPATIBILITY_ONLY_NOT_PRODUCTION,557989.4742,504875.3716,9878.7574,24851,24505,-0.01770420,0.00338982,-0.02772422,-0.01770420,-9878.7574,557989.4742,OK,0.0000,395.1503,4.0000,96.0000,AG03-UNRESOLVED,ALL5_LEVELS_bet23_to_bet27,395.1503,395.1503,395.1503,0.0000,0.0000,4.000000,4.000000,4.000000,0.000000,0.000000,96.000000,96.000000,96.000000,100.000000,100.000000,5.0,1185.4509,1138.6651,8693.3065,8740.0923,PENDING_AG03,FALSE,NOT_FOR_ENFORCEMENT,9483.6071,484680.3568,9878.7574,9483.6071,395.1503,0.01770420,0.01699603,395.1503,9483.6071,0.01699603,395.1503,395.1503,395.1503,0.0000,0.0000,9483.6071,0.01699603,1185.4509,1138.6651,8693.3065,8740.0923,0.01557970,0.01566354,0.00070817,22.4534,20.6030,0.4031,82.3230,2.6463,4649.9123,204.2083,25.9152,21.1137,12.8578,14.5296,26.176,48.8436,54.2173,102.8621,13.088,0.0,3.731508,7.079487,1.545355,30,207,63,6,0.32204186,0.01770420,-0.00338982,0E-8,0.000000,0.904812,0.002133,0.03111404,2026-03-21,2026-08-06,120,3733,1703,139,0.863309,1.227414,1.154177,1.073473,,,,,,,,GLOBAL_BASELINE_NO_ENTITY_RANKING,,,NOT_APPLICABLE_GLOBAL_BASELINE,HF9g-P5,,,,X 全窗基线 · 不参与实体赏罚,15053019,1506,A168_HF9F_20260827_0900,2026-08-27 09:00:00
2026-06-13,127529701,1490,0,367.2178362950,-128.5133849359,-128.5133849359,0.4375000,17,17,0.49876528823529412,0.498765288235,-0.49012380028498054,-0.49012380028262836,-0.49012380028498054,2.9412E-13,ELIGIBLE,R03b_20260811_FULL_v1,L1_ELIGIBILITY,v2026-08-11,2026-03-21..2026-08-06,baccarat_bet02_101_all_pairs_incl_sentinel,round_win = game_pnl > 0 (decisive only),COMPATIBILITY_ONLY_NOT_PRODUCTION,557989.4742,504875.3716,9878.7574,24851,24505,-0.01770420,0.00338982,-0.02772422,-0.01770420,-9878.7574,557989.4742,OK,0.0000,395.1503,4.0000,96.0000,AG03-UNRESOLVED,ALL5_LEVELS_bet23_to_bet27,395.1503,395.1503,395.1503,0.0000,0.0000,4.000000,4.000000,4.000000,0.000000,0.000000,96.000000,96.000000,96.000000,100.000000,100.000000,5.0,1185.4509,1138.6651,8693.3065,8740.0923,PENDING_AG03,FALSE,NOT_FOR_ENFORCEMENT,9483.6071,484680.3568,9878.7574,9483.6071,395.1503,0.01770420,0.01699603,395.1503,9483.6071,0.01699603,395.1503,395.1503,395.1503,0.0000,0.0000,9483.6071,0.01699603,1185.4509,1138.6651,8693.3065,8740.0923,0.01557970,0.01566354,0.00070817,22.4534,20.6030,0.4031,82.3230,2.6463,4649.9123,204.2083,25.9152,21.1137,12.8578,14.5296,26.176,48.8436,54.2173,102.8621,13.088,0.0,3.731508,7.079487,1.545355,30,207,63,6,0.32204186,0.01770420,-0.00338982,0E-8,0.000000,0.904812,0.002133,0.03111404,2026-03-21,2026-08-06,120,3733,1703,139,0.863309,1.227414,1.154177,1.073473,,,,,,,,GLOBAL_BASELINE_NO_ENTITY_RANKING,,,NOT_APPLICABLE_GLOBAL_BASELINE,HF9g-P5,,,,X 全窗基线 · 不参与实体赏罚,15053020,1506,A168_HF9F_20260827_0900,2026-08-27 09:00:00
2026-06-13,127529701,1645,0,155.5789852650,21.2153161724,21.2153161724,0.5000000,6,6,0.50218230000000000,0.502182300000,-0.01069114476356389,-0.01069114476356389,-0.01069114476356389,0E-17,ELIGIBLE,R03b_20260811_FULL_v1,L1_ELIGIBILITY,v2026-08-11,2026-03-21..2026-08-06,baccarat_bet02_101_all_pairs_incl_sentinel,round_win = game_pnl > 0 (decisive only),COMPATIBILITY_ONLY_NOT_PRODUCTION,557989.4742,504875.3716,9878.7574,24851,24505,-0.01770420,0.00338982,-0.02772422,-0.01770420,-9878.7574,557989.4742,OK,0.0000,395.1503,4.0000,96.0000,AG03-UNRESOLVED,ALL5_LEVELS_bet23_to_bet27,395.1503,395.1503,395.1503,0.0000,0.0000,4.000000,4.000000,4.000000,0.000000,0.000000,96.000000,96.000000,96.000000,100.000000,100.000000,5.0,1185.4509,1138.6651,8693.3065,8740.0923,PENDING_AG03,FALSE,NOT_FOR_ENFORCEMENT,9483.6071,484680.3568,9878.7574,9483.6071,395.1503,0.01770420,0.01699603,395.1503,9483.6071,0.01699603,395.1503,395.1503,395.1503,0.0000,0.0000,9483.6071,0.01699603,1185.4509,1138.6651,8693.3065,8740.0923,0.01557970,0.01566354,0.00070817,22.4534,20.6030,0.4031,82.3230,2.6463,4649.9123,204.2083,25.9152,21.1137,12.8578,14.5296,26.176,48.8436,54.2173,102.8621,13.088,0.0,3.731508,7.079487,1.545355,30,207,63,6,0.32204186,0.01770420,-0.00338982,0E-8,0.000000,0.904812,0.002133,0.03111404,2026-03-21,2026-08-06,120,3733,1703,139,0.863309,1.227414,1.154177,1.073473,,,,,,,,GLOBAL_BASELINE_NO_ENTITY_RANKING,,,NOT_APPLICABLE_GLOBAL_BASELINE,HF9g-P5,,,,X 全窗基线 · 不参与实体赏罚,15053021,1506,A168_HF9F_20260827_0900,2026-08-27 09:00:00
2026-06-13,127529701,1704,0,81.0039344768,-35.4231491244,-35.4231491244,0.2500000,5,5,0.50665070000000000,0.506650700000,-1.0266936290537745,-1.0266936290537745,-1.0266936290537745,0E-17,ELIGIBLE,R03b_20260811_FULL_v1,L1_ELIGIBILITY,v2026-08-11,2026-03-21..2026-08-06,baccarat_bet02_101_all_pairs_incl_sentinel,round_win = game_pnl > 0 (decisive only),COMPATIBILITY_ONLY_NOT_PRODUCTION,557989.4742,504875.3716,9878.7574,24851,24505,-0.01770420,0.00338982,-0.02772422,-0.01770420,-9878.7574,557989.4742,OK,0.0000,395.1503,4.0000,96.0000,AG03-UNRESOLVED,ALL5_LEVELS_bet23_to_bet27,395.1503,395.1503,395.1503,0.0000,0.0000,4.000000,4.000000,4.000000,0.000000,0.000000,96.000000,96.000000,96.000000,100.000000,100.000000,5.0,1185.4509,1138.6651,8693.3065,8740.0923,PENDING_AG03,FALSE,NOT_FOR_ENFORCEMENT,9483.6071,484680.3568,9878.7574,9483.6071,395.1503,0.01770420,0.01699603,395.1503,9483.6071,0.01699603,395.1503,395.1503,395.1503,0.0000,0.0000,9483.6071,0.01699603,1185.4509,1138.6651,8693.3065,8740.0923,0.01557970,0.01566354,0.00070817,22.4534,20.6030,0.4031,82.3230,2.6463,4649.9123,204.2083,25.9152,21.1137,12.8578,14.5296,26.176,48.8436,54.2173,102.8621,13.088,0.0,3.731508,7.079487,1.545355,30,207,63,6,0.32204186,0.01770420,-0.00338982,0E-8,0.000000,0.904812,0.002133,0.03111404,2026-03-21,2026-08-06,120,3733,1703,139,0.863309,1.227414,1.154177,1.073473,,,,,,,,GLOBAL_BASELINE_NO_ENTITY_RANKING,,,NOT_APPLICABLE_GLOBAL_BASELINE,HF9g-P5,,,,X 全窗基线 · 不参与实体赏罚,15053022,1506,A168_HF9F_20260827_0900,2026-08-27 09:00:00
2026-06-13,127529701,1710,0,91.0329930312,12.5491809602,12.5491809602,0.5000000,6,6,0.49771390000000000,0.497713900000,0.011199674067230152,0.011199674067230152,0.011199674067230152,0E-17,ELIGIBLE,R03b_20260811_FULL_v1,L1_ELIGIBILITY,v2026-08-11,2026-03-21..2026-08-06,baccarat_bet02_101_all_pairs_incl_sentinel,round_win = game_pnl > 0 (decisive only),COMPATIBILITY_ONLY_NOT_PRODUCTION,557989.4742,504875.3716,9878.7574,24851,24505,-0.01770420,0.00338982,-0.02772422,-0.01770420,-9878.7574,557989.4742,OK,0.0000,395.1503,4.0000,96.0000,AG03-UNRESOLVED,ALL5_LEVELS_bet23_to_bet27,395.1503,395.1503,395.1503,0.0000,0.0000,4.000000,4.000000,4.000000,0.000000,0.000000,96.000000,96.000000,96.000000,100.000000,100.000000,5.0,1185.4509,1138.6651,8693.3065,8740.0923,PENDING_AG03,FALSE,NOT_FOR_ENFORCEMENT,9483.6071,484680.3568,9878.7574,9483.6071,395.1503,0.01770420,0.01699603,395.1503,9483.6071,0.01699603,395.1503,395.1503,395.1503,0.0000,0.0000,9483.6071,0.01699603,1185.4509,1138.6651,8693.3065,8740.0923,0.01557970,0.01566354,0.00070817,22.4534,20.6030,0.4031,82.3230,2.6463,4649.9123,204.2083,25.9152,21.1137,12.8578,14.5296,26.176,48.8436,54.2173,102.8621,13.088,0.0,3.731508,7.079487,1.545355,30,207,63,6,0.32204186,0.01770420,-0.00338982,0E-8,0.000000,0.904812,0.002133,0.03111404,2026-03-21,2026-08-06,120,3733,1703,139,0.863309,1.227414,1.154177,1.073473,,,,,,,,GLOBAL_BASELINE_NO_ENTITY_RANKING,,,NOT_APPLICABLE_GLOBAL_BASELINE,HF9g-P5,,,,X 全窗基线 · 不参与实体赏罚,15053023,1506,A168_HF9F_20260827_0900,2026-08-27 09:00:00
2026-06-13,127529701,1985,0,93.8617018541,52.0739578779,52.0739578779,0.7500000,5,5,0.49860758000000000,0.498607580000,1.005573579286957,1.005573579286957,1.005573579286957,0E-17,ELIGIBLE,R03b_20260811_FULL_v1,L1_ELIGIBILITY,v2026-08-11,2026-03-21..2026-08-06,baccarat_bet02_101_all_pairs_incl_sentinel,round_win = game_pnl > 0 (decisive only),COMPATIBILITY_ONLY_NOT_PRODUCTION,557989.4742,504875.3716,9878.7574,24851,24505,-0.01770420,0.00338982,-0.02772422,-0.01770420,-9878.7574,557989.4742,OK,0.0000,395.1503,4.0000,96.0000,AG03-UNRESOLVED,ALL5_LEVELS_bet23_to_bet27,395.1503,395.1503,395.1503,0.0000,0.0000,4.000000,4.000000,4.000000,0.000000,0.000000,96.000000,96.000000,96.000000,100.000000,100.000000,5.0,1185.4509,1138.6651,8693.3065,8740.0923,PENDING_AG03,FALSE,NOT_FOR_ENFORCEMENT,9483.6071,484680.3568,9878.7574,9483.6071,395.1503,0.01770420,0.01699603,395.1503,9483.6071,0.01699603,395.1503,395.1503,395.1503,0.0000,0.0000,9483.6071,0.01699603,1185.4509,1138.6651,8693.3065,8740.0923,0.01557970,0.01566354,0.00070817,22.4534,20.6030,0.4031,82.3230,2.6463,4649.9123,204.2083,25.9152,21.1137,12.8578,14.5296,26.176,48.8436,54.2173,102.8621,13.088,0.0,3.731508,7.079487,1.545355,30,207,63,6,0.32204186,0.01770420,-0.00338982,0E-8,0.000000,0.904812,0.002133,0.03111404,2026-03-21,2026-08-06,120,3733,1703,139,0.863309,1.227414,1.154177,1.073473,,,,,,,,GLOBAL_BASELINE_NO_ENTITY_RANKING,,,NOT_APPLICABLE_GLOBAL_BASELINE,HF9g-P5,,,,X 全窗基线 · 不参与实体赏罚,15053024,1506,A168_HF9F_20260827_0900,2026-08-27 09:00:00
2026-06-13,127529701,2088,0,279.5278627819,11.2376886877,11.2376886877,0.4761905,23,23,0.49965668260869565,0.499656682609,-0.2150713850694697,-0.215071385072259,-0.2150713850694697,-3.0435E-13,ELIGIBLE,R03b_20260811_FULL_v1,L1_ELIGIBILITY,v2026-08-11,2026-03-21..2026-08-06,baccarat_bet02_101_all_pairs_incl_sentinel,round_win = game_pnl > 0 (decisive only),COMPATIBILITY_ONLY_NOT_PRODUCTION,557989.4742,504875.3716,9878.7574,24851,24505,-0.01770420,0.00338982,-0.02772422,-0.01770420,-9878.7574,557989.4742,OK,0.0000,395.1503,4.0000,96.0000,AG03-UNRESOLVED,ALL5_LEVELS_bet23_to_bet27,395.1503,395.1503,395.1503,0.0000,0.0000,4.000000,4.000000,4.000000,0.000000,0.000000,96.000000,96.000000,96.000000,100.000000,100.000000,5.0,1185.4509,1138.6651,8693.3065,8740.0923,PENDING_AG03,FALSE,NOT_FOR_ENFORCEMENT,9483.6071,484680.3568,9878.7574,9483.6071,395.1503,0.01770420,0.01699603,395.1503,9483.6071,0.01699603,395.1503,395.1503,395.1503,0.0000,0.0000,9483.6071,0.01699603,1185.4509,1138.6651,8693.3065,8740.0923,0.01557970,0.01566354,0.00070817,22.4534,20.6030,0.4031,82.3230,2.6463,4649.9123,204.2083,25.9152,21.1137,12.8578,14.5296,26.176,48.8436,54.2173,102.8621,13.088,0.0,3.731508,7.079487,1.545355,30,207,63,6,0.32204186,0.01770420,-0.00338982,0E-8,0.000000,0.904812,0.002133,0.03111404,2026-03-21,2026-08-06,120,3733,1703,139,0.863309,1.227414,1.154177,1.073473,,,,,,,,GLOBAL_BASELINE_NO_ENTITY_RANKING,,,NOT_APPLICABLE_GLOBAL_BASELINE,HF9g-P5,,,,X 全窗基线 · 不参与实体赏罚,15053025,1506,A168_HF9F_20260827_0900,2026-08-27 09:00:00
2026-06-13,127529701,2100,0,40.3733895647,10.1576362281,10.1576362281,0.6666667,3,3,0.50218230000000000,0.502182300000,0.5697959874915163,0.5697959874915164,0.5697959874915163,0E-17,ELIGIBLE,R03b_20260811_FULL_v1,L1_ELIGIBILITY,v2026-08-11,2026-03-21..2026-08-06,baccarat_bet02_101_all_pairs_incl_sentinel,round_win = game_pnl > 0 (decisive only),COMPATIBILITY_ONLY_NOT_PRODUCTION,557989.4742,504875.3716,9878.7574,24851,24505,-0.01770420,0.00338982,-0.02772422,-0.01770420,-9878.7574,557989.4742,OK,0.0000,395.1503,4.0000,96.0000,AG03-UNRESOLVED,ALL5_LEVELS_bet23_to_bet27,395.1503,395.1503,395.1503,0.0000,0.0000,4.000000,4.000000,4.000000,0.000000,0.000000,96.000000,96.000000,96.000000,100.000000,100.000000,5.0,1185.4509,1138.6651,8693.3065,8740.0923,PENDING_AG03,FALSE,NOT_FOR_ENFORCEMENT,9483.6071,484680.3568,9878.7574,9483.6071,395.1503,0.01770420,0.01699603,395.1503,9483.6071,0.01699603,395.1503,395.1503,395.1503,0.0000,0.0000,9483.6071,0.01699603,1185.4509,1138.6651,8693.3065,8740.0923,0.01557970,0.01566354,0.00070817,22.4534,20.6030,0.4031,82.3230,2.6463,4649.9123,204.2083,25.9152,21.1137,12.8578,14.5296,26.176,48.8436,54.2173,102.8621,13.088,0.0,3.731508,7.079487,1.545355,30,207,63,6,0.32204186,0.01770420,-0.00338982,0E-8,0.000000,0.904812,0.002133,0.03111404,2026-03-21,2026-08-06,120,3733,1703,139,0.863309,1.227414,1.154177,1.073473,,,,,,,,GLOBAL_BASELINE_NO_ENTITY_RANKING,,,NOT_APPLICABLE_GLOBAL_BASELINE,HF9g-P5,,,,X 全窗基线 · 不参与实体赏罚,15053026,1506,A168_HF9F_20260827_0900,2026-08-27 09:00:00
2026-06-13,127529701,2103,0,142.2069071926,13.6292334200,13.6292334200,0.3333333,3,3,0.49771390000000000,0.497713900000,-0.5694369385616226,-0.5694369385616226,-0.5694369385616226,0E-17,ELIGIBLE,R03b_20260811_FULL_v1,L1_ELIGIBILITY,v2026-08-11,2026-03-21..2026-08-06,baccarat_bet02_101_all_pairs_incl_sentinel,round_win = game_pnl > 0 (decisive only),COMPATIBILITY_ONLY_NOT_PRODUCTION,557989.4742,504875.3716,9878.7574,24851,24505,-0.01770420,0.00338982,-0.02772422,-0.01770420,-9878.7574,557989.4742,OK,0.0000,395.1503,4.0000,96.0000,AG03-UNRESOLVED,ALL5_LEVELS_bet23_to_bet27,395.1503,395.1503,395.1503,0.0000,0.0000,4.000000,4.000000,4.000000,0.000000,0.000000,96.000000,96.000000,96.000000,100.000000,100.000000,5.0,1185.4509,1138.6651,8693.3065,8740.0923,PENDING_AG03,FALSE,NOT_FOR_ENFORCEMENT,9483.6071,484680.3568,9878.7574,9483.6071,395.1503,0.01770420,0.01699603,395.1503,9483.6071,0.01699603,395.1503,395.1503,395.1503,0.0000,0.0000,9483.6071,0.01699603,1185.4509,1138.6651,8693.3065,8740.0923,0.01557970,0.01566354,0.00070817,22.4534,20.6030,0.4031,82.3230,2.6463,4649.9123,204.2083,25.9152,21.1137,12.8578,14.5296,26.176,48.8436,54.2173,102.8621,13.088,0.0,3.731508,7.079487,1.545355,30,207,63,6,0.32204186,0.01770420,-0.00338982,0E-8,0.000000,0.904812,0.002133,0.03111404,2026-03-21,2026-08-06,120,3733,1703,139,0.863309,1.227414,1.154177,1.073473,,,,,,,,GLOBAL_BASELINE_NO_ENTITY_RANKING,,,NOT_APPLICABLE_GLOBAL_BASELINE,HF9g-P5,,,,X 全窗基线 · 不参与实体赏罚,15053027,1506,A168_HF9F_20260827_0900,2026-08-27 09:00:00
2026-06-13,127529701,2115,0,41.1448556073,-41.1448556073,-41.1448556073,0E-7,1,1,0.49324550000000000,0.493245500000,-0.9865810262130424,-0.9865810262130424,-0.9865810262130424,0E-17,ELIGIBLE,R03b_20260811_FULL_v1,L1_ELIGIBILITY,v2026-08-11,2026-03-21..2026-08-06,baccarat_bet02_101_all_pairs_incl_sentinel,round_win = game_pnl > 0 (decisive only),COMPATIBILITY_ONLY_NOT_PRODUCTION,557989.4742,504875.3716,9878.7574,24851,24505,-0.01770420,0.00338982,-0.02772422,-0.01770420,-9878.7574,557989.4742,OK,0.0000,395.1503,4.0000,96.0000,AG03-UNRESOLVED,ALL5_LEVELS_bet23_to_bet27,395.1503,395.1503,395.1503,0.0000,0.0000,4.000000,4.000000,4.000000,0.000000,0.000000,96.000000,96.000000,96.000000,100.000000,100.000000,5.0,1185.4509,1138.6651,8693.3065,8740.0923,PENDING_AG03,FALSE,NOT_FOR_ENFORCEMENT,9483.6071,484680.3568,9878.7574,9483.6071,395.1503,0.01770420,0.01699603,395.1503,9483.6071,0.01699603,395.1503,395.1503,395.1503,0.0000,0.0000,9483.6071,0.01699603,1185.4509,1138.6651,8693.3065,8740.0923,0.01557970,0.01566354,0.00070817,22.4534,20.6030,0.4031,82.3230,2.6463,4649.9123,204.2083,25.9152,21.1137,12.8578,14.5296,26.176,48.8436,54.2173,102.8621,13.088,0.0,3.731508,7.079487,1.545355,30,207,63,6,0.32204186,0.01770420,-0.00338982,0E-8,0.000000,0.904812,0.002133,0.03111404,2026-03-21,2026-08-06,120,3733,1703,139,0.863309,1.227414,1.154177,1.073473,,,,,,,,GLOBAL_BASELINE_NO_ENTITY_RANKING,,,NOT_APPLICABLE_GLOBAL_BASELINE,HF9g-P5,,,,X 全窗基线 · 不参与实体赏罚,15053028,1506,A168_HF9F_20260827_0900,2026-08-27 09:00:00
2026-06-13,127529701,2122,0,39.8590788696,-27.0013114923,-27.0013114923,0E-7,3,3,0.50218230000000000,0.502182300000,-1.4203995680682369,-1.4203995680682369,-1.4203995680682369,0E-17,ELIGIBLE,R03b_20260811_FULL_v1,L1_ELIGIBILITY,v2026-08-11,2026-03-21..2026-08-06,baccarat_bet02_101_all_pairs_incl_sentinel,round_win = game_pnl > 0 (decisive only),COMPATIBILITY_ONLY_NOT_PRODUCTION,557989.4742,504875.3716,9878.7574,24851,24505,-0.01770420,0.00338982,-0.02772422,-0.01770420,-9878.7574,557989.4742,OK,0.0000,395.1503,4.0000,96.0000,AG03-UNRESOLVED,ALL5_LEVELS_bet23_to_bet27,395.1503,395.1503,395.1503,0.0000,0.0000,4.000000,4.000000,4.000000,0.000000,0.000000,96.000000,96.000000,96.000000,100.000000,100.000000,5.0,1185.4509,1138.6651,8693.3065,8740.0923,PENDING_AG03,FALSE,NOT_FOR_ENFORCEMENT,9483.6071,484680.3568,9878.7574,9483.6071,395.1503,0.01770420,0.01699603,395.1503,9483.6071,0.01699603,395.1503,395.1503,395.1503,0.0000,0.0000,9483.6071,0.01699603,1185.4509,1138.6651,8693.3065,8740.0923,0.01557970,0.01566354,0.00070817,22.4534,20.6030,0.4031,82.3230,2.6463,4649.9123,204.2083,25.9152,21.1137,12.8578,14.5296,26.176,48.8436,54.2173,102.8621,13.088,0.0,3.731508,7.079487,1.545355,30,207,63,6,0.32204186,0.01770420,-0.00338982,0E-8,0.000000,0.904812,0.002133,0.03111404,2026-03-21,2026-08-06,120,3733,1703,139,0.863309,1.227414,1.154177,1.073473,,,,,,,,GLOBAL_BASELINE_NO_ENTITY_RANKING,,,NOT_APPLICABLE_GLOBAL_BASELINE,HF9g-P5,,,,X 全窗基线 · 不参与实体赏罚,15053029,1506,A168_HF9F_20260827_0900,2026-08-27 09:00:00
2026-06-13,127529701,2123,0,589.6572119216,-14.6321392755,-14.6321392755,0.4615385,29,29,0.50064147241379310,0.500641472414,-0.39877435916804405,-0.3987743591701542,-0.39877435916804405,-2.0690E-13,ELIGIBLE,R03b_20260811_FULL_v1,L1_ELIGIBILITY,v2026-08-11,2026-03-21..2026-08-06,baccarat_bet02_101_all_pairs_incl_sentinel,round_win = game_pnl > 0 (decisive only),COMPATIBILITY_ONLY_NOT_PRODUCTION,557989.4742,504875.3716,9878.7574,24851,24505,-0.01770420,0.00338982,-0.02772422,-0.01770420,-9878.7574,557989.4742,OK,0.0000,395.1503,4.0000,96.0000,AG03-UNRESOLVED,ALL5_LEVELS_bet23_to_bet27,395.1503,395.1503,395.1503,0.0000,0.0000,4.000000,4.000000,4.000000,0.000000,0.000000,96.000000,96.000000,96.000000,100.000000,100.000000,5.0,1185.4509,1138.6651,8693.3065,8740.0923,PENDING_AG03,FALSE,NOT_FOR_ENFORCEMENT,9483.6071,484680.3568,9878.7574,9483.6071,395.1503,0.01770420,0.01699603,395.1503,9483.6071,0.01699603,395.1503,395.1503,395.1503,0.0000,0.0000,9483.6071,0.01699603,1185.4509,1138.6651,8693.3065,8740.0923,0.01557970,0.01566354,0.00070817,22.4534,20.6030,0.4031,82.3230,2.6463,4649.9123,204.2083,25.9152,21.1137,12.8578,14.5296,26.176,48.8436,54.2173,102.8621,13.088,0.0,3.731508,7.079487,1.545355,30,207,63,6,0.32204186,0.01770420,-0.00338982,0E-8,0.000000,0.904812,0.002133,0.03111404,2026-03-21,2026-08-06,120,3733,1703,139,0.863309,1.227414,1.154177,1.073473,,,,,,,,GLOBAL_BASELINE_NO_ENTITY_RANKING,,,NOT_APPLICABLE_GLOBAL_BASELINE,HF9g-P5,,,,X 全窗基线 · 不参与实体赏罚,15053030,1506,A168_HF9F_20260827_0900,2026-08-27 09:00:00
2026-06-13,127529701,2145,0,563.4273664718,149.7672744105,149.7672744105,0.5600000,26,26,0.48616244230769231,0.486162442308,0.7386585048185602,0.7386585048154696,0.7386585048185602,-3.0769E-13,ELIGIBLE,R03b_20260811_FULL_v1,L1_ELIGIBILITY,v2026-08-11,2026-03-21..2026-08-06,baccarat_bet02_101_all_pairs_incl_sentinel,round_win = game_pnl > 0 (decisive only),COMPATIBILITY_ONLY_NOT_PRODUCTION,557989.4742,504875.3716,9878.7574,24851,24505,-0.01770420,0.00338982,-0.02772422,-0.01770420,-9878.7574,557989.4742,OK,0.0000,395.1503,4.0000,96.0000,AG03-UNRESOLVED,ALL5_LEVELS_bet23_to_bet27,395.1503,395.1503,395.1503,0.0000,0.0000,4.000000,4.000000,4.000000,0.000000,0.000000,96.000000,96.000000,96.000000,100.000000,100.000000,5.0,1185.4509,1138.6651,8693.3065,8740.0923,PENDING_AG03,FALSE,NOT_FOR_ENFORCEMENT,9483.6071,484680.3568,9878.7574,9483.6071,395.1503,0.01770420,0.01699603,395.1503,9483.6071,0.01699603,395.1503,395.1503,395.1503,0.0000,0.0000,9483.6071,0.01699603,1185.4509,1138.6651,8693.3065,8740.0923,0.01557970,0.01566354,0.00070817,22.4534,20.6030,0.4031,82.3230,2.6463,4649.9123,204.2083,25.9152,21.1137,12.8578,14.5296,26.176,48.8436,54.2173,102.8621,13.088,0.0,3.731508,7.079487,1.545355,30,207,63,6,0.32204186,0.01770420,-0.00338982,0E-8,0.000000,0.904812,0.002133,0.03111404,2026-03-21,2026-08-06,120,3733,1703,139,0.863309,1.227414,1.154177,1.073473,,,,,,,,GLOBAL_BASELINE_NO_ENTITY_RANKING,,,NOT_APPLICABLE_GLOBAL_BASELINE,HF9g-P5,,,,X 全窗基线 · 不参与实体赏罚,15053031,1506,A168_HF9F_20260827_0900,2026-08-27 09:00:00
2026-06-13,127529701,2147,0,327.8730681203,-48.2166276646,-48.2166276646,0.5000000,13,13,0.49737017692307692,0.497370176923,0.018220200759036957,0.018220200759569895,0.018220200759036957,7.692E-14,ELIGIBLE,R03b_20260811_FULL_v1,L1_ELIGIBILITY,v2026-08-11,2026-03-21..2026-08-06,baccarat_bet02_101_all_pairs_incl_sentinel,round_win = game_pnl > 0 (decisive only),COMPATIBILITY_ONLY_NOT_PRODUCTION,557989.4742,504875.3716,9878.7574,24851,24505,-0.01770420,0.00338982,-0.02772422,-0.01770420,-9878.7574,557989.4742,OK,0.0000,395.1503,4.0000,96.0000,AG03-UNRESOLVED,ALL5_LEVELS_bet23_to_bet27,395.1503,395.1503,395.1503,0.0000,0.0000,4.000000,4.000000,4.000000,0.000000,0.000000,96.000000,96.000000,96.000000,100.000000,100.000000,5.0,1185.4509,1138.6651,8693.3065,8740.0923,PENDING_AG03,FALSE,NOT_FOR_ENFORCEMENT,9483.6071,484680.3568,9878.7574,9483.6071,395.1503,0.01770420,0.01699603,395.1503,9483.6071,0.01699603,395.1503,395.1503,395.1503,0.0000,0.0000,9483.6071,0.01699603,1185.4509,1138.6651,8693.3065,8740.0923,0.01557970,0.01566354,0.00070817,22.4534,20.6030,0.4031,82.3230,2.6463,4649.9123,204.2083,25.9152,21.1137,12.8578,14.5296,26.176,48.8436,54.2173,102.8621,13.088,0.0,3.731508,7.079487,1.545355,30,207,63,6,0.32204186,0.01770420,-0.00338982,0E-8,0.000000,0.904812,0.002133,0.03111404,2026-03-21,2026-08-06,120,3733,1703,139,0.863309,1.227414,1.154177,1.073473,,,,,,,,GLOBAL_BASELINE_NO_ENTITY_RANKING,,,NOT_APPLICABLE_GLOBAL_BASELINE,HF9g-P5,,,,X 全窗基线 · 不参与实体赏罚,15053032,1506,A168_HF9F_20260827_0900,2026-08-27 09:00:00
2026-06-13,127529701,2170,0,70.7177205750,43.7164090827,43.7164090827,0.7500000,4,4,0.49994810000000000,0.499948100000,1.0002076053883384,1.0002076053883384,1.0002076053883384,0E-17,ELIGIBLE,R03b_20260811_FULL_v1,L1_ELIGIBILITY,v2026-08-11,2026-03-21..2026-08-06,baccarat_bet02_101_all_pairs_incl_sentinel,round_win = game_pnl > 0 (decisive only),COMPATIBILITY_ONLY_NOT_PRODUCTION,557989.4742,504875.3716,9878.7574,24851,24505,-0.01770420,0.00338982,-0.02772422,-0.01770420,-9878.7574,557989.4742,OK,0.0000,395.1503,4.0000,96.0000,AG03-UNRESOLVED,ALL5_LEVELS_bet23_to_bet27,395.1503,395.1503,395.1503,0.0000,0.0000,4.000000,4.000000,4.000000,0.000000,0.000000,96.000000,96.000000,96.000000,100.000000,100.000000,5.0,1185.4509,1138.6651,8693.3065,8740.0923,PENDING_AG03,FALSE,NOT_FOR_ENFORCEMENT,9483.6071,484680.3568,9878.7574,9483.6071,395.1503,0.01770420,0.01699603,395.1503,9483.6071,0.01699603,395.1503,395.1503,395.1503,0.0000,0.0000,9483.6071,0.01699603,1185.4509,1138.6651,8693.3065,8740.0923,0.01557970,0.01566354,0.00070817,22.4534,20.6030,0.4031,82.3230,2.6463,4649.9123,204.2083,25.9152,21.1137,12.8578,14.5296,26.176,48.8436,54.2173,102.8621,13.088,0.0,3.731508,7.079487,1.545355,30,207,63,6,0.32204186,0.01770420,-0.00338982,0E-8,0.000000,0.904812,0.002133,0.03111404,2026-03-21,2026-08-06,120,3733,1703,139,0.863309,1.227414,1.154177,1.073473,,,,,,,,GLOBAL_BASELINE_NO_ENTITY_RANKING,,,NOT_APPLICABLE_GLOBAL_BASELINE,HF9g-P5,,,,X 全窗基线 · 不参与实体赏罚,15053033,1506,A168_HF9F_20260827_0900,2026-08-27 09:00:00
2026-06-13,127529701,2201,0,134.2350914187,72.7749633553,72.7749633553,0.7500000,4,4,0.50329940000000000,0.503299400000,0.9868238854431842,0.9868238854431842,0.9868238854431842,0E-17,ELIGIBLE,R03b_20260811_FULL_v1,L1_ELIGIBILITY,v2026-08-11,2026-03-21..2026-08-06,baccarat_bet02_101_all_pairs_incl_sentinel,round_win = game_pnl > 0 (decisive only),COMPATIBILITY_ONLY_NOT_PRODUCTION,557989.4742,504875.3716,9878.7574,24851,24505,-0.01770420,0.00338982,-0.02772422,-0.01770420,-9878.7574,557989.4742,OK,0.0000,395.1503,4.0000,96.0000,AG03-UNRESOLVED,ALL5_LEVELS_bet23_to_bet27,395.1503,395.1503,395.1503,0.0000,0.0000,4.000000,4.000000,4.000000,0.000000,0.000000,96.000000,96.000000,96.000000,100.000000,100.000000,5.0,1185.4509,1138.6651,8693.3065,8740.0923,PENDING_AG03,FALSE,NOT_FOR_ENFORCEMENT,9483.6071,484680.3568,9878.7574,9483.6071,395.1503,0.01770420,0.01699603,395.1503,9483.6071,0.01699603,395.1503,395.1503,395.1503,0.0000,0.0000,9483.6071,0.01699603,1185.4509,1138.6651,8693.3065,8740.0923,0.01557970,0.01566354,0.00070817,22.4534,20.6030,0.4031,82.3230,2.6463,4649.9123,204.2083,25.9152,21.1137,12.8578,14.5296,26.176,48.8436,54.2173,102.8621,13.088,0.0,3.731508,7.079487,1.545355,30,207,63,6,0.32204186,0.01770420,-0.00338982,0E-8,0.000000,0.904812,0.002133,0.03111404,2026-03-21,2026-08-06,120,3733,1703,139,0.863309,1.227414,1.154177,1.073473,,,,,,,,GLOBAL_BASELINE_NO_ENTITY_RANKING,,,NOT_APPLICABLE_GLOBAL_BASELINE,HF9g-P5,,,,X 全窗基线 · 不参与实体赏罚,15053034,1506,A168_HF9F_20260827_0900,2026-08-27 09:00:00
2026-06-13,127529701,2223,0,217.2962686761,60.0457736518,60.0457736518,0.6428571,16,16,0.49994810000000000,0.499948100000,1.0694333574477175,1.0694333574477175,1.0694333574477175,0E-17,ELIGIBLE,R03b_20260811_FULL_v1,L1_ELIGIBILITY,v2026-08-11,2026-03-21..2026-08-06,baccarat_bet02_101_all_pairs_incl_sentinel,round_win = game_pnl > 0 (decisive only),COMPATIBILITY_ONLY_NOT_PRODUCTION,557989.4742,504875.3716,9878.7574,24851,24505,-0.01770420,0.00338982,-0.02772422,-0.01770420,-9878.7574,557989.4742,OK,0.0000,395.1503,4.0000,96.0000,AG03-UNRESOLVED,ALL5_LEVELS_bet23_to_bet27,395.1503,395.1503,395.1503,0.0000,0.0000,4.000000,4.000000,4.000000,0.000000,0.000000,96.000000,96.000000,96.000000,100.000000,100.000000,5.0,1185.4509,1138.6651,8693.3065,8740.0923,PENDING_AG03,FALSE,NOT_FOR_ENFORCEMENT,9483.6071,484680.3568,9878.7574,9483.6071,395.1503,0.01770420,0.01699603,395.1503,9483.6071,0.01699603,395.1503,395.1503,395.1503,0.0000,0.0000,9483.6071,0.01699603,1185.4509,1138.6651,8693.3065,8740.0923,0.01557970,0.01566354,0.00070817,22.4534,20.6030,0.4031,82.3230,2.6463,4649.9123,204.2083,25.9152,21.1137,12.8578,14.5296,26.176,48.8436,54.2173,102.8621,13.088,0.0,3.731508,7.079487,1.545355,30,207,63,6,0.32204186,0.01770420,-0.00338982,0E-8,0.000000,0.904812,0.002133,0.03111404,2026-03-21,2026-08-06,120,3733,1703,139,0.863309,1.227414,1.154177,1.073473,,,,,,,,GLOBAL_BASELINE_NO_ENTITY_RANKING,,,NOT_APPLICABLE_GLOBAL_BASELINE,HF9g-P5,,,,X 全窗基线 · 不参与实体赏罚,15053035,1506,A168_HF9F_20260827_0900,2026-08-27 09:00:00
2026-06-13,127529701,2224,0,122.6631007792,-46.1593848844,-46.1593848844,0.3333333,4,4,0.49994810000000000,0.499948100000,-0.5771704854251445,-0.5771704854251445,-0.5771704854251445,0E-17,ELIGIBLE,R03b_20260811_FULL_v1,L1_ELIGIBILITY,v2026-08-11,2026-03-21..2026-08-06,baccarat_bet02_101_all_pairs_incl_sentinel,round_win = game_pnl > 0 (decisive only),COMPATIBILITY_ONLY_NOT_PRODUCTION,557989.4742,504875.3716,9878.7574,24851,24505,-0.01770420,0.00338982,-0.02772422,-0.01770420,-9878.7574,557989.4742,OK,0.0000,395.1503,4.0000,96.0000,AG03-UNRESOLVED,ALL5_LEVELS_bet23_to_bet27,395.1503,395.1503,395.1503,0.0000,0.0000,4.000000,4.000000,4.000000,0.000000,0.000000,96.000000,96.000000,96.000000,100.000000,100.000000,5.0,1185.4509,1138.6651,8693.3065,8740.0923,PENDING_AG03,FALSE,NOT_FOR_ENFORCEMENT,9483.6071,484680.3568,9878.7574,9483.6071,395.1503,0.01770420,0.01699603,395.1503,9483.6071,0.01699603,395.1503,395.1503,395.1503,0.0000,0.0000,9483.6071,0.01699603,1185.4509,1138.6651,8693.3065,8740.0923,0.01557970,0.01566354,0.00070817,22.4534,20.6030,0.4031,82.3230,2.6463,4649.9123,204.2083,25.9152,21.1137,12.8578,14.5296,26.176,48.8436,54.2173,102.8621,13.088,0.0,3.731508,7.079487,1.545355,30,207,63,6,0.32204186,0.01770420,-0.00338982,0E-8,0.000000,0.904812,0.002133,0.03111404,2026-03-21,2026-08-06,120,3733,1703,139,0.863309,1.227414,1.154177,1.073473,,,,,,,,GLOBAL_BASELINE_NO_ENTITY_RANKING,,,NOT_APPLICABLE_GLOBAL_BASELINE,HF9g-P5,,,,X 全窗基线 · 不参与实体赏罚,15053036,1506,A168_HF9F_20260827_0900,2026-08-27 09:00:00
2026-06-13,127529701,2246,0,83.3183326047,3.8573302133,3.8573302133,0.5714286,8,8,0.49827245000000000,0.498272450000,0.3871081189643771,0.3871081189643771,0.3871081189643771,0E-17,ELIGIBLE,R03b_20260811_FULL_v1,L1_ELIGIBILITY,v2026-08-11,2026-03-21..2026-08-06,baccarat_bet02_101_all_pairs_incl_sentinel,round_win = game_pnl > 0 (decisive only),COMPATIBILITY_ONLY_NOT_PRODUCTION,557989.4742,504875.3716,9878.7574,24851,24505,-0.01770420,0.00338982,-0.02772422,-0.01770420,-9878.7574,557989.4742,OK,0.0000,395.1503,4.0000,96.0000,AG03-UNRESOLVED,ALL5_LEVELS_bet23_to_bet27,395.1503,395.1503,395.1503,0.0000,0.0000,4.000000,4.000000,4.000000,0.000000,0.000000,96.000000,96.000000,96.000000,100.000000,100.000000,5.0,1185.4509,1138.6651,8693.3065,8740.0923,PENDING_AG03,FALSE,NOT_FOR_ENFORCEMENT,9483.6071,484680.3568,9878.7574,9483.6071,395.1503,0.01770420,0.01699603,395.1503,9483.6071,0.01699603,395.1503,395.1503,395.1503,0.0000,0.0000,9483.6071,0.01699603,1185.4509,1138.6651,8693.3065,8740.0923,0.01557970,0.01566354,0.00070817,22.4534,20.6030,0.4031,82.3230,2.6463,4649.9123,204.2083,25.9152,21.1137,12.8578,14.5296,26.176,48.8436,54.2173,102.8621,13.088,0.0,3.731508,7.079487,1.545355,30,207,63,6,0.32204186,0.01770420,-0.00338982,0E-8,0.000000,0.904812,0.002133,0.03111404,2026-03-21,2026-08-06,120,3733,1703,139,0.863309,1.227414,1.154177,1.073473,,,,,,,,GLOBAL_BASELINE_NO_ENTITY_RANKING,,,NOT_APPLICABLE_GLOBAL_BASELINE,HF9g-P5,,,,X 全窗基线 · 不参与实体赏罚,15053037,1506,A168_HF9F_20260827_0900,2026-08-27 09:00:00
2026-06-13,127529701,2254,0,292.6427855065,14.9150101578,14.9150101578,0.6153846,13,13,0.50149485384615385,0.501494853846,0.8212744203827451,0.8212744203838539,0.8212744203827451,1.5385E-13,ELIGIBLE,R03b_20260811_FULL_v1,L1_ELIGIBILITY,v2026-08-11,2026-03-21..2026-08-06,baccarat_bet02_101_all_pairs_incl_sentinel,round_win = game_pnl > 0 (decisive only),COMPATIBILITY_ONLY_NOT_PRODUCTION,557989.4742,504875.3716,9878.7574,24851,24505,-0.01770420,0.00338982,-0.02772422,-0.01770420,-9878.7574,557989.4742,OK,0.0000,395.1503,4.0000,96.0000,AG03-UNRESOLVED,ALL5_LEVELS_bet23_to_bet27,395.1503,395.1503,395.1503,0.0000,0.0000,4.000000,4.000000,4.000000,0.000000,0.000000,96.000000,96.000000,96.000000,100.000000,100.000000,5.0,1185.4509,1138.6651,8693.3065,8740.0923,PENDING_AG03,FALSE,NOT_FOR_ENFORCEMENT,9483.6071,484680.3568,9878.7574,9483.6071,395.1503,0.01770420,0.01699603,395.1503,9483.6071,0.01699603,395.1503,395.1503,395.1503,0.0000,0.0000,9483.6071,0.01699603,1185.4509,1138.6651,8693.3065,8740.0923,0.01557970,0.01566354,0.00070817,22.4534,20.6030,0.4031,82.3230,2.6463,4649.9123,204.2083,25.9152,21.1137,12.8578,14.5296,26.176,48.8436,54.2173,102.8621,13.088,0.0,3.731508,7.079487,1.545355,30,207,63,6,0.32204186,0.01770420,-0.00338982,0E-8,0.000000,0.904812,0.002133,0.03111404,2026-03-21,2026-08-06,120,3733,1703,139,0.863309,1.227414,1.154177,1.073473,,,,,,,,GLOBAL_BASELINE_NO_ENTITY_RANKING,,,NOT_APPLICABLE_GLOBAL_BASELINE,HF9g-P5,,,,X 全窗基线 · 不参与实体赏罚,15053038,1506,A168_HF9F_20260827_0900,2026-08-27 09:00:00
2026-06-13,127529701,2267,0,101.5763622804,41.7877439761,41.7877439761,0.6000000,5,5,0.50128862000000000,0.501288620000,0.4414521777673877,0.4414521777673877,0.4414521777673877,0E-17,ELIGIBLE,R03b_20260811_FULL_v1,L1_ELIGIBILITY,v2026-08-11,2026-03-21..2026-08-06,baccarat_bet02_101_all_pairs_incl_sentinel,round_win = game_pnl > 0 (decisive only),COMPATIBILITY_ONLY_NOT_PRODUCTION,557989.4742,504875.3716,9878.7574,24851,24505,-0.01770420,0.00338982,-0.02772422,-0.01770420,-9878.7574,557989.4742,OK,0.0000,395.1503,4.0000,96.0000,AG03-UNRESOLVED,ALL5_LEVELS_bet23_to_bet27,395.1503,395.1503,395.1503,0.0000,0.0000,4.000000,4.000000,4.000000,0.000000,0.000000,96.000000,96.000000,96.000000,100.000000,100.000000,5.0,1185.4509,1138.6651,8693.3065,8740.0923,PENDING_AG03,FALSE,NOT_FOR_ENFORCEMENT,9483.6071,484680.3568,9878.7574,9483.6071,395.1503,0.01770420,0.01699603,395.1503,9483.6071,0.01699603,395.1503,395.1503,395.1503,0.0000,0.0000,9483.6071,0.01699603,1185.4509,1138.6651,8693.3065,8740.0923,0.01557970,0.01566354,0.00070817,22.4534,20.6030,0.4031,82.3230,2.6463,4649.9123,204.2083,25.9152,21.1137,12.8578,14.5296,26.176,48.8436,54.2173,102.8621,13.088,0.0,3.731508,7.079487,1.545355,30,207,63,6,0.32204186,0.01770420,-0.00338982,0E-8,0.000000,0.904812,0.002133,0.03111404,2026-03-21,2026-08-06,120,3733,1703,139,0.863309,1.227414,1.154177,1.073473,,,,,,,,GLOBAL_BASELINE_NO_ENTITY_RANKING,,,NOT_APPLICABLE_GLOBAL_BASELINE,HF9g-P5,,,,X 全窗基线 · 不参与实体赏罚,15053039,1506,A168_HF9F_20260827_0900,2026-08-27 09:00:00
2026-06-13,127529701,2287,0,109.2910227068,52.7168462468,52.7168462468,0.6666667,3,3,0.49771390000000000,0.497713900000,0.5852756695216578,0.5852756695216578,0.5852756695216578,0E-17,ELIGIBLE,R03b_20260811_FULL_v1,L1_ELIGIBILITY,v2026-08-11,2026-03-21..2026-08-06,baccarat_bet02_101_all_pairs_incl_sentinel,round_win = game_pnl > 0 (decisive only),COMPATIBILITY_ONLY_NOT_PRODUCTION,557989.4742,504875.3716,9878.7574,24851,24505,-0.01770420,0.00338982,-0.02772422,-0.01770420,-9878.7574,557989.4742,OK,0.0000,395.1503,4.0000,96.0000,AG03-UNRESOLVED,ALL5_LEVELS_bet23_to_bet27,395.1503,395.1503,395.1503,0.0000,0.0000,4.000000,4.000000,4.000000,0.000000,0.000000,96.000000,96.000000,96.000000,100.000000,100.000000,5.0,1185.4509,1138.6651,8693.3065,8740.0923,PENDING_AG03,FALSE,NOT_FOR_ENFORCEMENT,9483.6071,484680.3568,9878.7574,9483.6071,395.1503,0.01770420,0.01699603,395.1503,9483.6071,0.01699603,395.1503,395.1503,395.1503,0.0000,0.0000,9483.6071,0.01699603,1185.4509,1138.6651,8693.3065,8740.0923,0.01557970,0.01566354,0.00070817,22.4534,20.6030,0.4031,82.3230,2.6463,4649.9123,204.2083,25.9152,21.1137,12.8578,14.5296,26.176,48.8436,54.2173,102.8621,13.088,0.0,3.731508,7.079487,1.545355,30,207,63,6,0.32204186,0.01770420,-0.00338982,0E-8,0.000000,0.904812,0.002133,0.03111404,2026-03-21,2026-08-06,120,3733,1703,139,0.863309,1.227414,1.154177,1.073473,,,,,,,,GLOBAL_BASELINE_NO_ENTITY_RANKING,,,NOT_APPLICABLE_GLOBAL_BASELINE,HF9g-P5,,,,X 全窗基线 · 不参与实体赏罚,15053040,1506,A168_HF9F_20260827_0900,2026-08-27 09:00:00
2026-06-13,127529701,529,0,217.2962686759,30.4729086842,30.4729086842,0.5000000,9,9,0.50218230000000000,0.502182300000,-0.01234507061437774,-0.01234507061437774,-0.01234507061437774,0E-17,ELIGIBLE,R03b_20260811_FULL_v1,L1_ELIGIBILITY,v2026-08-11,2026-03-21..2026-08-06,baccarat_bet02_101_all_pairs_incl_sentinel,round_win = game_pnl > 0 (decisive only),COMPATIBILITY_ONLY_NOT_PRODUCTION,557989.4742,504875.3716,9878.7574,24851,24505,-0.01770420,0.00338982,-0.02772422,-0.01770420,-9878.7574,557989.4742,OK,0.0000,395.1503,4.0000,96.0000,AG03-UNRESOLVED,ALL5_LEVELS_bet23_to_bet27,395.1503,395.1503,395.1503,0.0000,0.0000,4.000000,4.000000,4.000000,0.000000,0.000000,96.000000,96.000000,96.000000,100.000000,100.000000,5.0,1185.4509,1138.6651,8693.3065,8740.0923,PENDING_AG03,FALSE,NOT_FOR_ENFORCEMENT,9483.6071,484680.3568,9878.7574,9483.6071,395.1503,0.01770420,0.01699603,395.1503,9483.6071,0.01699603,395.1503,395.1503,395.1503,0.0000,0.0000,9483.6071,0.01699603,1185.4509,1138.6651,8693.3065,8740.0923,0.01557970,0.01566354,0.00070817,22.4534,20.6030,0.4031,82.3230,2.6463,4649.9123,204.2083,25.9152,21.1137,12.8578,14.5296,26.176,48.8436,54.2173,102.8621,13.088,0.0,3.731508,7.079487,1.545355,30,207,63,6,0.32204186,0.01770420,-0.00338982,0E-8,0.000000,0.904812,0.002133,0.03111404,2026-03-21,2026-08-06,120,3733,1703,139,0.863309,1.227414,1.154177,1.073473,,,,,,,,GLOBAL_BASELINE_NO_ENTITY_RANKING,,,NOT_APPLICABLE_GLOBAL_BASELINE,HF9g-P5,,,,X 全窗基线 · 不参与实体赏罚,15053041,1506,A168_HF9F_20260827_0900,2026-08-27 09:00:00
2026-06-13,127529701,772,0,115.7199063954,-90.0043716408,-90.0043716408,0.2500000,4,4,0.50329940000000000,0.503299400000,-1.013219660140378,-1.013219660140378,-1.013219660140378,0E-17,ELIGIBLE,R03b_20260811_FULL_v1,L1_ELIGIBILITY,v2026-08-11,2026-03-21..2026-08-06,baccarat_bet02_101_all_pairs_incl_sentinel,round_win = game_pnl > 0 (decisive only),COMPATIBILITY_ONLY_NOT_PRODUCTION,557989.4742,504875.3716,9878.7574,24851,24505,-0.01770420,0.00338982,-0.02772422,-0.01770420,-9878.7574,557989.4742,OK,0.0000,395.1503,4.0000,96.0000,AG03-UNRESOLVED,ALL5_LEVELS_bet23_to_bet27,395.1503,395.1503,395.1503,0.0000,0.0000,4.000000,4.000000,4.000000,0.000000,0.000000,96.000000,96.000000,96.000000,100.000000,100.000000,5.0,1185.4509,1138.6651,8693.3065,8740.0923,PENDING_AG03,FALSE,NOT_FOR_ENFORCEMENT,9483.6071,484680.3568,9878.7574,9483.6071,395.1503,0.01770420,0.01699603,395.1503,9483.6071,0.01699603,395.1503,395.1503,395.1503,0.0000,0.0000,9483.6071,0.01699603,1185.4509,1138.6651,8693.3065,8740.0923,0.01557970,0.01566354,0.00070817,22.4534,20.6030,0.4031,82.3230,2.6463,4649.9123,204.2083,25.9152,21.1137,12.8578,14.5296,26.176,48.8436,54.2173,102.8621,13.088,0.0,3.731508,7.079487,1.545355,30,207,63,6,0.32204186,0.01770420,-0.00338982,0E-8,0.000000,0.904812,0.002133,0.03111404,2026-03-21,2026-08-06,120,3733,1703,139,0.863309,1.227414,1.154177,1.073473,,,,,,,,GLOBAL_BASELINE_NO_ENTITY_RANKING,,,NOT_APPLICABLE_GLOBAL_BASELINE,HF9g-P5,,,,X 全窗基线 · 不参与实体赏罚,15053042,1506,A168_HF9F_20260827_0900,2026-08-27 09:00:00
2026-06-13,127529701,986,0,630.5449121813,94.3760125494,94.3760125494,0.4583333,27,27,0.50019634444444444,0.500196344444,-0.4101720968999453,-0.41017209689559053,-0.4101720968999453,4.4444E-13,ELIGIBLE,R03b_20260811_FULL_v1,L1_ELIGIBILITY,v2026-08-11,2026-03-21..2026-08-06,baccarat_bet02_101_all_pairs_incl_sentinel,round_win = game_pnl > 0 (decisive only),COMPATIBILITY_ONLY_NOT_PRODUCTION,557989.4742,504875.3716,9878.7574,24851,24505,-0.01770420,0.00338982,-0.02772422,-0.01770420,-9878.7574,557989.4742,OK,0.0000,395.1503,4.0000,96.0000,AG03-UNRESOLVED,ALL5_LEVELS_bet23_to_bet27,395.1503,395.1503,395.1503,0.0000,0.0000,4.000000,4.000000,4.000000,0.000000,0.000000,96.000000,96.000000,96.000000,100.000000,100.000000,5.0,1185.4509,1138.6651,8693.3065,8740.0923,PENDING_AG03,FALSE,NOT_FOR_ENFORCEMENT,9483.6071,484680.3568,9878.7574,9483.6071,395.1503,0.01770420,0.01699603,395.1503,9483.6071,0.01699603,395.1503,395.1503,395.1503,0.0000,0.0000,9483.6071,0.01699603,1185.4509,1138.6651,8693.3065,8740.0923,0.01557970,0.01566354,0.00070817,22.4534,20.6030,0.4031,82.3230,2.6463,4649.9123,204.2083,25.9152,21.1137,12.8578,14.5296,26.176,48.8436,54.2173,102.8621,13.088,0.0,3.731508,7.079487,1.545355,30,207,63,6,0.32204186,0.01770420,-0.00338982,0E-8,0.000000,0.904812,0.002133,0.03111404,2026-03-21,2026-08-06,120,3733,1703,139,0.863309,1.227414,1.154177,1.073473,,,,,,,,GLOBAL_BASELINE_NO_ENTITY_RANKING,,,NOT_APPLICABLE_GLOBAL_BASELINE,HF9g-P5,,,,X 全窗基线 · 不参与实体赏罚,15053043,1506,A168_HF9F_20260827_0900,2026-08-27 09:00:00
2026-06-13,127529701,987,0,102.8621390183,15.9436315478,15.9436315478,0.5000000,7,7,0.49899058571428571,0.498990585714,0.004945109955477372,0.0049451099568770685,0.004945109955477372,2.8571E-13,ELIGIBLE,R03b_20260811_FULL_v1,L1_ELIGIBILITY,v2026-08-11,2026-03-21..2026-08-06,baccarat_bet02_101_all_pairs_incl_sentinel,round_win = game_pnl > 0 (decisive only),COMPATIBILITY_ONLY_NOT_PRODUCTION,557989.4742,504875.3716,9878.7574,24851,24505,-0.01770420,0.00338982,-0.02772422,-0.01770420,-9878.7574,557989.4742,OK,0.0000,395.1503,4.0000,96.0000,AG03-UNRESOLVED,ALL5_LEVELS_bet23_to_bet27,395.1503,395.1503,395.1503,0.0000,0.0000,4.000000,4.000000,4.000000,0.000000,0.000000,96.000000,96.000000,96.000000,100.000000,100.000000,5.0,1185.4509,1138.6651,8693.3065,8740.0923,PENDING_AG03,FALSE,NOT_FOR_ENFORCEMENT,9483.6071,484680.3568,9878.7574,9483.6071,395.1503,0.01770420,0.01699603,395.1503,9483.6071,0.01699603,395.1503,395.1503,395.1503,0.0000,0.0000,9483.6071,0.01699603,1185.4509,1138.6651,8693.3065,8740.0923,0.01557970,0.01566354,0.00070817,22.4534,20.6030,0.4031,82.3230,2.6463,4649.9123,204.2083,25.9152,21.1137,12.8578,14.5296,26.176,48.8436,54.2173,102.8621,13.088,0.0,3.731508,7.079487,1.545355,30,207,63,6,0.32204186,0.01770420,-0.00338982,0E-8,0.000000,0.904812,0.002133,0.03111404,2026-03-21,2026-08-06,120,3733,1703,139,0.863309,1.227414,1.154177,1.073473,,,,,,,,GLOBAL_BASELINE_NO_ENTITY_RANKING,,,NOT_APPLICABLE_GLOBAL_BASELINE,HF9g-P5,,,,X 全窗基线 · 不参与实体赏罚,15053044,1506,A168_HF9F_20260827_0900,2026-08-27 09:00:00
2026-06-14,127529701,-1,1,3736.2100444874,168.7839123614,168.7839123614,0.4935065,88,88,0.49933877272727273,0.499338772727,-0.10235617442401017,-0.10235617441922384,-0.10235617442401017,2.7273E-13,SENTINEL_DEALER,R03b_20260811_FULL_v1,L1_ELIGIBILITY,v2026-08-11,2026-03-21..2026-08-06,baccarat_bet02_101_all_pairs_incl_sentinel,round_win = game_pnl > 0 (decisive only),COMPATIBILITY_ONLY_NOT_PRODUCTION,557989.4742,504875.3716,9878.7574,24851,24505,-0.01770420,0.00338982,-0.02772422,-0.01770420,-9878.7574,557989.4742,OK,0.0000,395.1503,4.0000,96.0000,AG03-UNRESOLVED,ALL5_LEVELS_bet23_to_bet27,395.1503,395.1503,395.1503,0.0000,0.0000,4.000000,4.000000,4.000000,0.000000,0.000000,96.000000,96.000000,96.000000,100.000000,100.000000,5.0,1185.4509,1138.6651,8693.3065,8740.0923,PENDING_AG03,FALSE,NOT_FOR_ENFORCEMENT,9483.6071,484680.3568,9878.7574,9483.6071,395.1503,0.01770420,0.01699603,395.1503,9483.6071,0.01699603,395.1503,395.1503,395.1503,0.0000,0.0000,9483.6071,0.01699603,1185.4509,1138.6651,8693.3065,8740.0923,0.01557970,0.01566354,0.00070817,22.4534,20.6030,0.4031,82.3230,2.6463,4649.9123,204.2083,25.9152,21.1137,12.8578,14.5296,26.176,48.8436,54.2173,102.8621,13.088,0.0,3.731508,7.079487,1.545355,30,207,63,6,0.32204186,0.01770420,-0.00338982,0E-8,0.000000,0.904812,0.002133,0.03111404,2026-03-21,2026-08-06,120,3733,1703,139,0.863309,1.227414,1.154177,1.073473,,,,,,,,GLOBAL_BASELINE_NO_ENTITY_RANKING,,,NOT_APPLICABLE_GLOBAL_BASELINE,HF9g-P5,,,,X 全窗基线 · 不参与实体赏罚,15053045,1506,A168_HF9F_20260827_0900,2026-08-27 09:00:00
2026-06-14,127529701,1115,0,78.9466916965,-78.9466916965,-78.9466916965,0E-7,2,2,0.50665070000000000,0.506650700000,-1.4331513700195317,-1.4331513700195317,-1.4331513700195317,0E-17,ELIGIBLE,R03b_20260811_FULL_v1,L1_ELIGIBILITY,v2026-08-11,2026-03-21..2026-08-06,baccarat_bet02_101_all_pairs_incl_sentinel,round_win = game_pnl > 0 (decisive only),COMPATIBILITY_ONLY_NOT_PRODUCTION,557989.4742,504875.3716,9878.7574,24851,24505,-0.01770420,0.00338982,-0.02772422,-0.01770420,-9878.7574,557989.4742,OK,0.0000,395.1503,4.0000,96.0000,AG03-UNRESOLVED,ALL5_LEVELS_bet23_to_bet27,395.1503,395.1503,395.1503,0.0000,0.0000,4.000000,4.000000,4.000000,0.000000,0.000000,96.000000,96.000000,96.000000,100.000000,100.000000,5.0,1185.4509,1138.6651,8693.3065,8740.0923,PENDING_AG03,FALSE,NOT_FOR_ENFORCEMENT,9483.6071,484680.3568,9878.7574,9483.6071,395.1503,0.01770420,0.01699603,395.1503,9483.6071,0.01699603,395.1503,395.1503,395.1503,0.0000,0.0000,9483.6071,0.01699603,1185.4509,1138.6651,8693.3065,8740.0923,0.01557970,0.01566354,0.00070817,22.4534,20.6030,0.4031,82.3230,2.6463,4649.9123,204.2083,25.9152,21.1137,12.8578,14.5296,26.176,48.8436,54.2173,102.8621,13.088,0.0,3.731508,7.079487,1.545355,30,207,63,6,0.32204186,0.01770420,-0.00338982,0E-8,0.000000,0.904812,0.002133,0.03111404,2026-03-21,2026-08-06,120,3733,1703,139,0.863309,1.227414,1.154177,1.073473,,,,,,,,GLOBAL_BASELINE_NO_ENTITY_RANKING,,,NOT_APPLICABLE_GLOBAL_BASELINE,HF9g-P5,,,,X 全窗基线 · 不参与实体赏罚,15053046,1506,A168_HF9F_20260827_0900,2026-08-27 09:00:00
2026-06-14,127529701,1210,0,424.8206341451,119.8343919561,119.8343919561,0.5000000,15,15,0.50128862000000000,0.501288620000,-0.009643181109347386,-0.009643181109347386,-0.009643181109347386,0E-17,ELIGIBLE,R03b_20260811_FULL_v1,L1_ELIGIBILITY,v2026-08-11,2026-03-21..2026-08-06,baccarat_bet02_101_all_pairs_incl_sentinel,round_win = game_pnl > 0 (decisive only),COMPATIBILITY_ONLY_NOT_PRODUCTION,557989.4742,504875.3716,9878.7574,24851,24505,-0.01770420,0.00338982,-0.02772422,-0.01770420,-9878.7574,557989.4742,OK,0.0000,395.1503,4.0000,96.0000,AG03-UNRESOLVED,ALL5_LEVELS_bet23_to_bet27,395.1503,395.1503,395.1503,0.0000,0.0000,4.000000,4.000000,4.000000,0.000000,0.000000,96.000000,96.000000,96.000000,100.000000,100.000000,5.0,1185.4509,1138.6651,8693.3065,8740.0923,PENDING_AG03,FALSE,NOT_FOR_ENFORCEMENT,9483.6071,484680.3568,9878.7574,9483.6071,395.1503,0.01770420,0.01699603,395.1503,9483.6071,0.01699603,395.1503,395.1503,395.1503,0.0000,0.0000,9483.6071,0.01699603,1185.4509,1138.6651,8693.3065,8740.0923,0.01557970,0.01566354,0.00070817,22.4534,20.6030,0.4031,82.3230,2.6463,4649.9123,204.2083,25.9152,21.1137,12.8578,14.5296,26.176,48.8436,54.2173,102.8621,13.088,0.0,3.731508,7.079487,1.545355,30,207,63,6,0.32204186,0.01770420,-0.00338982,0E-8,0.000000,0.904812,0.002133,0.03111404,2026-03-21,2026-08-06,120,3733,1703,139,0.863309,1.227414,1.154177,1.073473,,,,,,,,GLOBAL_BASELINE_NO_ENTITY_RANKING,,,NOT_APPLICABLE_GLOBAL_BASELINE,HF9g-P5,,,,X 全窗基线 · 不参与实体赏罚,15053047,1506,A168_HF9F_20260827_0900,2026-08-27 09:00:00
2026-06-14,127529701,1306,0,1237.6886877361,53.0382904312,53.0382904312,0.4848485,35,35,0.50052260857142857,0.500522608571,-0.18008206968003154,-0.18008206967510748,-0.18008206968003154,4.2857E-13,ELIGIBLE,R03b_20260811_FULL_v1,L1_ELIGIBILITY,v2026-08-11,2026-03-21..2026-08-06,baccarat_bet02_101_all_pairs_incl_sentinel,round_win = game_pnl > 0 (decisive only),COMPATIBILITY_ONLY_NOT_PRODUCTION,557989.4742,504875.3716,9878.7574,24851,24505,-0.01770420,0.00338982,-0.02772422,-0.01770420,-9878.7574,557989.4742,OK,0.0000,395.1503,4.0000,96.0000,AG03-UNRESOLVED,ALL5_LEVELS_bet23_to_bet27,395.1503,395.1503,395.1503,0.0000,0.0000,4.000000,4.000000,4.000000,0.000000,0.000000,96.000000,96.000000,96.000000,100.000000,100.000000,5.0,1185.4509,1138.6651,8693.3065,8740.0923,PENDING_AG03,FALSE,NOT_FOR_ENFORCEMENT,9483.6071,484680.3568,9878.7574,9483.6071,395.1503,0.01770420,0.01699603,395.1503,9483.6071,0.01699603,395.1503,395.1503,395.1503,0.0000,0.0000,9483.6071,0.01699603,1185.4509,1138.6651,8693.3065,8740.0923,0.01557970,0.01566354,0.00070817,22.4534,20.6030,0.4031,82.3230,2.6463,4649.9123,204.2083,25.9152,21.1137,12.8578,14.5296,26.176,48.8436,54.2173,102.8621,13.088,0.0,3.731508,7.079487,1.545355,30,207,63,6,0.32204186,0.01770420,-0.00338982,0E-8,0.000000,0.904812,0.002133,0.03111404,2026-03-21,2026-08-06,120,3733,1703,139,0.863309,1.227414,1.154177,1.073473,,,,,,,,GLOBAL_BASELINE_NO_ENTITY_RANKING,,,NOT_APPLICABLE_GLOBAL_BASELINE,HF9g-P5,,,,X 全窗基线 · 不参与实体赏罚,15053048,1506,A168_HF9F_20260827_0900,2026-08-27 09:00:00
2026-06-14,127529701,1325,0,608.9438629875,50.5053102581,50.5053102581,0.5384615,15,15,0.50128862000000000,0.501288620000,0.2680586173898356,0.2680586173898356,0.2680586173898356,0E-17,ELIGIBLE,R03b_20260811_FULL_v1,L1_ELIGIBILITY,v2026-08-11,2026-03-21..2026-08-06,baccarat_bet02_101_all_pairs_incl_sentinel,round_win = game_pnl > 0 (decisive only),COMPATIBILITY_ONLY_NOT_PRODUCTION,557989.4742,504875.3716,9878.7574,24851,24505,-0.01770420,0.00338982,-0.02772422,-0.01770420,-9878.7574,557989.4742,OK,0.0000,395.1503,4.0000,96.0000,AG03-UNRESOLVED,ALL5_LEVELS_bet23_to_bet27,395.1503,395.1503,395.1503,0.0000,0.0000,4.000000,4.000000,4.000000,0.000000,0.000000,96.000000,96.000000,96.000000,100.000000,100.000000,5.0,1185.4509,1138.6651,8693.3065,8740.0923,PENDING_AG03,FALSE,NOT_FOR_ENFORCEMENT,9483.6071,484680.3568,9878.7574,9483.6071,395.1503,0.01770420,0.01699603,395.1503,9483.6071,0.01699603,395.1503,395.1503,395.1503,0.0000,0.0000,9483.6071,0.01699603,1185.4509,1138.6651,8693.3065,8740.0923,0.01557970,0.01566354,0.00070817,22.4534,20.6030,0.4031,82.3230,2.6463,4649.9123,204.2083,25.9152,21.1137,12.8578,14.5296,26.176,48.8436,54.2173,102.8621,13.088,0.0,3.731508,7.079487,1.545355,30,207,63,6,0.32204186,0.01770420,-0.00338982,0E-8,0.000000,0.904812,0.002133,0.03111404,2026-03-21,2026-08-06,120,3733,1703,139,0.863309,1.227414,1.154177,1.073473,,,,,,,,GLOBAL_BASELINE_NO_ENTITY_RANKING,,,NOT_APPLICABLE_GLOBAL_BASELINE,HF9g-P5,,,,X 全窗基线 · 不参与实体赏罚,15053049,1506,A168_HF9F_20260827_0900,2026-08-27 09:00:00
2026-06-14,127529701,1374,0,603.5436006892,141.5640188239,141.5640188239,0.5000000,14,14,0.49899058571428571,0.498990585714,0.007553780230284921,0.007553780232422992,0.007553780230284921,2.8571E-13,ELIGIBLE,R03b_20260811_FULL_v1,L1_ELIGIBILITY,v2026-08-11,2026-03-21..2026-08-06,baccarat_bet02_101_all_pairs_incl_sentinel,round_win = game_pnl > 0 (decisive only),COMPATIBILITY_ONLY_NOT_PRODUCTION,557989.4742,504875.3716,9878.7574,24851,24505,-0.01770420,0.00338982,-0.02772422,-0.01770420,-9878.7574,557989.4742,OK,0.0000,395.1503,4.0000,96.0000,AG03-UNRESOLVED,ALL5_LEVELS_bet23_to_bet27,395.1503,395.1503,395.1503,0.0000,0.0000,4.000000,4.000000,4.000000,0.000000,0.000000,96.000000,96.000000,96.000000,100.000000,100.000000,5.0,1185.4509,1138.6651,8693.3065,8740.0923,PENDING_AG03,FALSE,NOT_FOR_ENFORCEMENT,9483.6071,484680.3568,9878.7574,9483.6071,395.1503,0.01770420,0.01699603,395.1503,9483.6071,0.01699603,395.1503,395.1503,395.1503,0.0000,0.0000,9483.6071,0.01699603,1185.4509,1138.6651,8693.3065,8740.0923,0.01557970,0.01566354,0.00070817,22.4534,20.6030,0.4031,82.3230,2.6463,4649.9123,204.2083,25.9152,21.1137,12.8578,14.5296,26.176,48.8436,54.2173,102.8621,13.088,0.0,3.731508,7.079487,1.545355,30,207,63,6,0.32204186,0.01770420,-0.00338982,0E-8,0.000000,0.904812,0.002133,0.03111404,2026-03-21,2026-08-06,120,3733,1703,139,0.863309,1.227414,1.154177,1.073473,,,,,,,,GLOBAL_BASELINE_NO_ENTITY_RANKING,,,NOT_APPLICABLE_GLOBAL_BASELINE,HF9g-P5,,,,X 全窗基线 · 不参与实体赏罚,15053050,1506,A168_HF9F_20260827_0900,2026-08-27 09:00:00
2026-06-14,127529701,1383,0,12.8577673773,12.8577673773,12.8577673773,1.0000000,1,1,0.49324550000000000,0.493245500000,1.01360149184955,1.01360149184955,1.01360149184955,0E-17,ELIGIBLE,R03b_20260811_FULL_v1,L1_ELIGIBILITY,v2026-08-11,2026-03-21..2026-08-06,baccarat_bet02_101_all_pairs_incl_sentinel,round_win = game_pnl > 0 (decisive only),COMPATIBILITY_ONLY_NOT_PRODUCTION,557989.4742,504875.3716,9878.7574,24851,24505,-0.01770420,0.00338982,-0.02772422,-0.01770420,-9878.7574,557989.4742,OK,0.0000,395.1503,4.0000,96.0000,AG03-UNRESOLVED,ALL5_LEVELS_bet23_to_bet27,395.1503,395.1503,395.1503,0.0000,0.0000,4.000000,4.000000,4.000000,0.000000,0.000000,96.000000,96.000000,96.000000,100.000000,100.000000,5.0,1185.4509,1138.6651,8693.3065,8740.0923,PENDING_AG03,FALSE,NOT_FOR_ENFORCEMENT,9483.6071,484680.3568,9878.7574,9483.6071,395.1503,0.01770420,0.01699603,395.1503,9483.6071,0.01699603,395.1503,395.1503,395.1503,0.0000,0.0000,9483.6071,0.01699603,1185.4509,1138.6651,8693.3065,8740.0923,0.01557970,0.01566354,0.00070817,22.4534,20.6030,0.4031,82.3230,2.6463,4649.9123,204.2083,25.9152,21.1137,12.8578,14.5296,26.176,48.8436,54.2173,102.8621,13.088,0.0,3.731508,7.079487,1.545355,30,207,63,6,0.32204186,0.01770420,-0.00338982,0E-8,0.000000,0.904812,0.002133,0.03111404,2026-03-21,2026-08-06,120,3733,1703,139,0.863309,1.227414,1.154177,1.073473,,,,,,,,GLOBAL_BASELINE_NO_ENTITY_RANKING,,,NOT_APPLICABLE_GLOBAL_BASELINE,HF9g-P5,,,,X 全窗基线 · 不参与实体赏罚,15053051,1506,A168_HF9F_20260827_0900,2026-08-27 09:00:00
2026-06-14,127529701,1396,0,187.2090930131,-12.9863450510,-12.9863450510,0.4444444,9,9,0.49771390000000000,0.497713900000,-0.3196200741816709,-0.3196200741816709,-0.3196200741816709,0E-17,ELIGIBLE,R03b_20260811_FULL_v1,L1_ELIGIBILITY,v2026-08-11,2026-03-21..2026-08-06,baccarat_bet02_101_all_pairs_incl_sentinel,round_win = game_pnl > 0 (decisive only),COMPATIBILITY_ONLY_NOT_PRODUCTION,557989.4742,504875.3716,9878.7574,24851,24505,-0.01770420,0.00338982,-0.02772422,-0.01770420,-9878.7574,557989.4742,OK,0.0000,395.1503,4.0000,96.0000,AG03-UNRESOLVED,ALL5_LEVELS_bet23_to_bet27,395.1503,395.1503,395.1503,0.0000,0.0000,4.000000,4.000000,4.000000,0.000000,0.000000,96.000000,96.000000,96.000000,100.000000,100.000000,5.0,1185.4509,1138.6651,8693.3065,8740.0923,PENDING_AG03,FALSE,NOT_FOR_ENFORCEMENT,9483.6071,484680.3568,9878.7574,9483.6071,395.1503,0.01770420,0.01699603,395.1503,9483.6071,0.01699603,395.1503,395.1503,395.1503,0.0000,0.0000,9483.6071,0.01699603,1185.4509,1138.6651,8693.3065,8740.0923,0.01557970,0.01566354,0.00070817,22.4534,20.6030,0.4031,82.3230,2.6463,4649.9123,204.2083,25.9152,21.1137,12.8578,14.5296,26.176,48.8436,54.2173,102.8621,13.088,0.0,3.731508,7.079487,1.545355,30,207,63,6,0.32204186,0.01770420,-0.00338982,0E-8,0.000000,0.904812,0.002133,0.03111404,2026-03-21,2026-08-06,120,3733,1703,139,0.863309,1.227414,1.154177,1.073473,,,,,,,,GLOBAL_BASELINE_NO_ENTITY_RANKING,,,NOT_APPLICABLE_GLOBAL_BASELINE,HF9g-P5,,,,X 全窗基线 · 不参与实体赏罚,15053052,1506,A168_HF9F_20260827_0900,2026-08-27 09:00:00
2026-06-14,127529701,1401,0,639.8025046930,65.9089155759,65.9089155759,0.4615385,15,15,0.50218230000000000,0.502182300000,-0.2930896788628869,-0.29308967886288695,-0.2930896788628869,0E-17,ELIGIBLE,R03b_20260811_FULL_v1,L1_ELIGIBILITY,v2026-08-11,2026-03-21..2026-08-06,baccarat_bet02_101_all_pairs_incl_sentinel,round_win = game_pnl > 0 (decisive only),COMPATIBILITY_ONLY_NOT_PRODUCTION,557989.4742,504875.3716,9878.7574,24851,24505,-0.01770420,0.00338982,-0.02772422,-0.01770420,-9878.7574,557989.4742,OK,0.0000,395.1503,4.0000,96.0000,AG03-UNRESOLVED,ALL5_LEVELS_bet23_to_bet27,395.1503,395.1503,395.1503,0.0000,0.0000,4.000000,4.000000,4.000000,0.000000,0.000000,96.000000,96.000000,96.000000,100.000000,100.000000,5.0,1185.4509,1138.6651,8693.3065,8740.0923,PENDING_AG03,FALSE,NOT_FOR_ENFORCEMENT,9483.6071,484680.3568,9878.7574,9483.6071,395.1503,0.01770420,0.01699603,395.1503,9483.6071,0.01699603,395.1503,395.1503,395.1503,0.0000,0.0000,9483.6071,0.01699603,1185.4509,1138.6651,8693.3065,8740.0923,0.01557970,0.01566354,0.00070817,22.4534,20.6030,0.4031,82.3230,2.6463,4649.9123,204.2083,25.9152,21.1137,12.8578,14.5296,26.176,48.8436,54.2173,102.8621,13.088,0.0,3.731508,7.079487,1.545355,30,207,63,6,0.32204186,0.01770420,-0.00338982,0E-8,0.000000,0.904812,0.002133,0.03111404,2026-03-21,2026-08-06,120,3733,1703,139,0.863309,1.227414,1.154177,1.073473,,,,,,,,GLOBAL_BASELINE_NO_ENTITY_RANKING,,,NOT_APPLICABLE_GLOBAL_BASELINE,HF9g-P5,,,,X 全窗基线 · 不参与实体赏罚,15053053,1506,A168_HF9F_20260827_0900,2026-08-27 09:00:00
2026-06-14,127529701,1402,0,311.1579705300,-150.3073006403,-150.3073006403,0.2500000,9,9,0.50516123333333333,0.505161233333,-1.4434868132908742,-1.4434868132889787,-1.4434868132908742,3.3333E-13,ELIGIBLE,R03b_20260811_FULL_v1,L1_ELIGIBILITY,v2026-08-11,2026-03-21..2026-08-06,baccarat_bet02_101_all_pairs_incl_sentinel,round_win = game_pnl > 0 (decisive only),COMPATIBILITY_ONLY_NOT_PRODUCTION,557989.4742,504875.3716,9878.7574,24851,24505,-0.01770420,0.00338982,-0.02772422,-0.01770420,-9878.7574,557989.4742,OK,0.0000,395.1503,4.0000,96.0000,AG03-UNRESOLVED,ALL5_LEVELS_bet23_to_bet27,395.1503,395.1503,395.1503,0.0000,0.0000,4.000000,4.000000,4.000000,0.000000,0.000000,96.000000,96.000000,96.000000,100.000000,100.000000,5.0,1185.4509,1138.6651,8693.3065,8740.0923,PENDING_AG03,FALSE,NOT_FOR_ENFORCEMENT,9483.6071,484680.3568,9878.7574,9483.6071,395.1503,0.01770420,0.01699603,395.1503,9483.6071,0.01699603,395.1503,395.1503,395.1503,0.0000,0.0000,9483.6071,0.01699603,1185.4509,1138.6651,8693.3065,8740.0923,0.01557970,0.01566354,0.00070817,22.4534,20.6030,0.4031,82.3230,2.6463,4649.9123,204.2083,25.9152,21.1137,12.8578,14.5296,26.176,48.8436,54.2173,102.8621,13.088,0.0,3.731508,7.079487,1.545355,30,207,63,6,0.32204186,0.01770420,-0.00338982,0E-8,0.000000,0.904812,0.002133,0.03111404,2026-03-21,2026-08-06,120,3733,1703,139,0.863309,1.227414,1.154177,1.073473,,,,,,,,GLOBAL_BASELINE_NO_ENTITY_RANKING,,,NOT_APPLICABLE_GLOBAL_BASELINE,HF9g-P5,,,,X 全窗基线 · 不参与实体赏罚,15053054,1506,A168_HF9F_20260827_0900,2026-08-27 09:00:00
2026-06-14,127529701,1405,0,357.4459330882,23.7868696479,23.7868696479,0.4285714,7,7,0.49707555714285714,0.497075557143,-0.3624959764119633,-0.36249597641271863,-0.3624959764119633,-1.4286E-13,ELIGIBLE,R03b_20260811_FULL_v1,L1_ELIGIBILITY,v2026-08-11,2026-03-21..2026-08-06,baccarat_bet02_101_all_pairs_incl_sentinel,round_win = game_pnl > 0 (decisive only),COMPATIBILITY_ONLY_NOT_PRODUCTION,557989.4742,504875.3716,9878.7574,24851,24505,-0.01770420,0.00338982,-0.02772422,-0.01770420,-9878.7574,557989.4742,OK,0.0000,395.1503,4.0000,96.0000,AG03-UNRESOLVED,ALL5_LEVELS_bet23_to_bet27,395.1503,395.1503,395.1503,0.0000,0.0000,4.000000,4.000000,4.000000,0.000000,0.000000,96.000000,96.000000,96.000000,100.000000,100.000000,5.0,1185.4509,1138.6651,8693.3065,8740.0923,PENDING_AG03,FALSE,NOT_FOR_ENFORCEMENT,9483.6071,484680.3568,9878.7574,9483.6071,395.1503,0.01770420,0.01699603,395.1503,9483.6071,0.01699603,395.1503,395.1503,395.1503,0.0000,0.0000,9483.6071,0.01699603,1185.4509,1138.6651,8693.3065,8740.0923,0.01557970,0.01566354,0.00070817,22.4534,20.6030,0.4031,82.3230,2.6463,4649.9123,204.2083,25.9152,21.1137,12.8578,14.5296,26.176,48.8436,54.2173,102.8621,13.088,0.0,3.731508,7.079487,1.545355,30,207,63,6,0.32204186,0.01770420,-0.00338982,0E-8,0.000000,0.904812,0.002133,0.03111404,2026-03-21,2026-08-06,120,3733,1703,139,0.863309,1.227414,1.154177,1.073473,,,,,,,,GLOBAL_BASELINE_NO_ENTITY_RANKING,,,NOT_APPLICABLE_GLOBAL_BASELINE,HF9g-P5,,,,X 全窗基线 · 不参与实体赏罚,15053055,1506,A168_HF9F_20260827_0900,2026-08-27 09:00:00
2026-06-14,127529701,1490,0,486.0236068609,72.9035410292,72.9035410292,0.5454545,13,13,0.50046368461538462,0.500463684615,0.29843573712661897,0.29843573712917004,0.29843573712661897,3.8462E-13,ELIGIBLE,R03b_20260811_FULL_v1,L1_ELIGIBILITY,v2026-08-11,2026-03-21..2026-08-06,baccarat_bet02_101_all_pairs_incl_sentinel,round_win = game_pnl > 0 (decisive only),COMPATIBILITY_ONLY_NOT_PRODUCTION,557989.4742,504875.3716,9878.7574,24851,24505,-0.01770420,0.00338982,-0.02772422,-0.01770420,-9878.7574,557989.4742,OK,0.0000,395.1503,4.0000,96.0000,AG03-UNRESOLVED,ALL5_LEVELS_bet23_to_bet27,395.1503,395.1503,395.1503,0.0000,0.0000,4.000000,4.000000,4.000000,0.000000,0.000000,96.000000,96.000000,96.000000,100.000000,100.000000,5.0,1185.4509,1138.6651,8693.3065,8740.0923,PENDING_AG03,FALSE,NOT_FOR_ENFORCEMENT,9483.6071,484680.3568,9878.7574,9483.6071,395.1503,0.01770420,0.01699603,395.1503,9483.6071,0.01699603,395.1503,395.1503,395.1503,0.0000,0.0000,9483.6071,0.01699603,1185.4509,1138.6651,8693.3065,8740.0923,0.01557970,0.01566354,0.00070817,22.4534,20.6030,0.4031,82.3230,2.6463,4649.9123,204.2083,25.9152,21.1137,12.8578,14.5296,26.176,48.8436,54.2173,102.8621,13.088,0.0,3.731508,7.079487,1.545355,30,207,63,6,0.32204186,0.01770420,-0.00338982,0E-8,0.000000,0.904812,0.002133,0.03111404,2026-03-21,2026-08-06,120,3733,1703,139,0.863309,1.227414,1.154177,1.073473,,,,,,,,GLOBAL_BASELINE_NO_ENTITY_RANKING,,,NOT_APPLICABLE_GLOBAL_BASELINE,HF9g-P5,,,,X 全窗基线 · 不参与实体赏罚,15053056,1506,A168_HF9F_20260827_0900,2026-08-27 09:00:00
2026-06-14,127529701,1645,0,600.4577365186,328.2588011416,328.2588011416,0.7619048,21,21,0.49962892857142857,0.499628928571,2.403798380392588,2.4037983803965175,2.403798380392588,4.2857E-13,ELIGIBLE,R03b_20260811_FULL_v1,L1_ELIGIBILITY,v2026-08-11,2026-03-21..2026-08-06,baccarat_bet02_101_all_pairs_incl_sentinel,round_win = game_pnl > 0 (decisive only),COMPATIBILITY_ONLY_NOT_PRODUCTION,557989.4742,504875.3716,9878.7574,24851,24505,-0.01770420,0.00338982,-0.02772422,-0.01770420,-9878.7574,557989.4742,OK,0.0000,395.1503,4.0000,96.0000,AG03-UNRESOLVED,ALL5_LEVELS_bet23_to_bet27,395.1503,395.1503,395.1503,0.0000,0.0000,4.000000,4.000000,4.000000,0.000000,0.000000,96.000000,96.000000,96.000000,100.000000,100.000000,5.0,1185.4509,1138.6651,8693.3065,8740.0923,PENDING_AG03,FALSE,NOT_FOR_ENFORCEMENT,9483.6071,484680.3568,9878.7574,9483.6071,395.1503,0.01770420,0.01699603,395.1503,9483.6071,0.01699603,395.1503,395.1503,395.1503,0.0000,0.0000,9483.6071,0.01699603,1185.4509,1138.6651,8693.3065,8740.0923,0.01557970,0.01566354,0.00070817,22.4534,20.6030,0.4031,82.3230,2.6463,4649.9123,204.2083,25.9152,21.1137,12.8578,14.5296,26.176,48.8436,54.2173,102.8621,13.088,0.0,3.731508,7.079487,1.545355,30,207,63,6,0.32204186,0.01770420,-0.00338982,0E-8,0.000000,0.904812,0.002133,0.03111404,2026-03-21,2026-08-06,120,3733,1703,139,0.863309,1.227414,1.154177,1.073473,,,,,,,,GLOBAL_BASELINE_NO_ENTITY_RANKING,,,NOT_APPLICABLE_GLOBAL_BASELINE,HF9g-P5,,,,X 全窗基线 · 不参与实体赏罚,15053057,1506,A168_HF9F_20260827_0900,2026-08-27 09:00:00
2026-06-14,127529701,1704,0,149.1501015763,-149.1501015763,-149.1501015763,0E-7,5,5,0.50396966000000000,0.503969660000,-2.2538918723944565,-2.2538918723944565,-2.2538918723944565,0E-17,ELIGIBLE,R03b_20260811_FULL_v1,L1_ELIGIBILITY,v2026-08-11,2026-03-21..2026-08-06,baccarat_bet02_101_all_pairs_incl_sentinel,round_win = game_pnl > 0 (decisive only),COMPATIBILITY_ONLY_NOT_PRODUCTION,557989.4742,504875.3716,9878.7574,24851,24505,-0.01770420,0.00338982,-0.02772422,-0.01770420,-9878.7574,557989.4742,OK,0.0000,395.1503,4.0000,96.0000,AG03-UNRESOLVED,ALL5_LEVELS_bet23_to_bet27,395.1503,395.1503,395.1503,0.0000,0.0000,4.000000,4.000000,4.000000,0.000000,0.000000,96.000000,96.000000,96.000000,100.000000,100.000000,5.0,1185.4509,1138.6651,8693.3065,8740.0923,PENDING_AG03,FALSE,NOT_FOR_ENFORCEMENT,9483.6071,484680.3568,9878.7574,9483.6071,395.1503,0.01770420,0.01699603,395.1503,9483.6071,0.01699603,395.1503,395.1503,395.1503,0.0000,0.0000,9483.6071,0.01699603,1185.4509,1138.6651,8693.3065,8740.0923,0.01557970,0.01566354,0.00070817,22.4534,20.6030,0.4031,82.3230,2.6463,4649.9123,204.2083,25.9152,21.1137,12.8578,14.5296,26.176,48.8436,54.2173,102.8621,13.088,0.0,3.731508,7.079487,1.545355,30,207,63,6,0.32204186,0.01770420,-0.00338982,0E-8,0.000000,0.904812,0.002133,0.03111404,2026-03-21,2026-08-06,120,3733,1703,139,0.863309,1.227414,1.154177,1.073473,,,,,,,,GLOBAL_BASELINE_NO_ENTITY_RANKING,,,NOT_APPLICABLE_GLOBAL_BASELINE,HF9g-P5,,,,X 全窗基线 · 不参与实体赏罚,15053058,1506,A168_HF9F_20260827_0900,2026-08-27 09:00:00
2026-06-14,127529701,1710,0,445.6502172964,134.4922467664,134.4922467664,0.6000000,17,17,0.49718820588235294,0.497188205882,0.7963893257267982,0.7963893257295352,0.7963893257267982,3.5294E-13,ELIGIBLE,R03b_20260811_FULL_v1,L1_ELIGIBILITY,v2026-08-11,2026-03-21..2026-08-06,baccarat_bet02_101_all_pairs_incl_sentinel,round_win = game_pnl > 0 (decisive only),COMPATIBILITY_ONLY_NOT_PRODUCTION,557989.4742,504875.3716,9878.7574,24851,24505,-0.01770420,0.00338982,-0.02772422,-0.01770420,-9878.7574,557989.4742,OK,0.0000,395.1503,4.0000,96.0000,AG03-UNRESOLVED,ALL5_LEVELS_bet23_to_bet27,395.1503,395.1503,395.1503,0.0000,0.0000,4.000000,4.000000,4.000000,0.000000,0.000000,96.000000,96.000000,96.000000,100.000000,100.000000,5.0,1185.4509,1138.6651,8693.3065,8740.0923,PENDING_AG03,FALSE,NOT_FOR_ENFORCEMENT,9483.6071,484680.3568,9878.7574,9483.6071,395.1503,0.01770420,0.01699603,395.1503,9483.6071,0.01699603,395.1503,395.1503,395.1503,0.0000,0.0000,9483.6071,0.01699603,1185.4509,1138.6651,8693.3065,8740.0923,0.01557970,0.01566354,0.00070817,22.4534,20.6030,0.4031,82.3230,2.6463,4649.9123,204.2083,25.9152,21.1137,12.8578,14.5296,26.176,48.8436,54.2173,102.8621,13.088,0.0,3.731508,7.079487,1.545355,30,207,63,6,0.32204186,0.01770420,-0.00338982,0E-8,0.000000,0.904812,0.002133,0.03111404,2026-03-21,2026-08-06,120,3733,1703,139,0.863309,1.227414,1.154177,1.073473,,,,,,,,GLOBAL_BASELINE_NO_ENTITY_RANKING,,,NOT_APPLICABLE_GLOBAL_BASELINE,HF9g-P5,,,,X 全窗基线 · 不参与实体赏罚,15053059,1506,A168_HF9F_20260827_0900,2026-08-27 09:00:00
2026-06-14,127529701,1963,0,132.4350039859,-119.5772366086,-119.5772366086,0E-7,4,4,0.49994810000000000,0.499948100000,-1.7318710300250217,-1.7318710300250217,-1.7318710300250217,0E-17,ELIGIBLE,R03b_20260811_FULL_v1,L1_ELIGIBILITY,v2026-08-11,2026-03-21..2026-08-06,baccarat_bet02_101_all_pairs_incl_sentinel,round_win = game_pnl > 0 (decisive only),COMPATIBILITY_ONLY_NOT_PRODUCTION,557989.4742,504875.3716,9878.7574,24851,24505,-0.01770420,0.00338982,-0.02772422,-0.01770420,-9878.7574,557989.4742,OK,0.0000,395.1503,4.0000,96.0000,AG03-UNRESOLVED,ALL5_LEVELS_bet23_to_bet27,395.1503,395.1503,395.1503,0.0000,0.0000,4.000000,4.000000,4.000000,0.000000,0.000000,96.000000,96.000000,96.000000,100.000000,100.000000,5.0,1185.4509,1138.6651,8693.3065,8740.0923,PENDING_AG03,FALSE,NOT_FOR_ENFORCEMENT,9483.6071,484680.3568,9878.7574,9483.6071,395.1503,0.01770420,0.01699603,395.1503,9483.6071,0.01699603,395.1503,395.1503,395.1503,0.0000,0.0000,9483.6071,0.01699603,1185.4509,1138.6651,8693.3065,8740.0923,0.01557970,0.01566354,0.00070817,22.4534,20.6030,0.4031,82.3230,2.6463,4649.9123,204.2083,25.9152,21.1137,12.8578,14.5296,26.176,48.8436,54.2173,102.8621,13.088,0.0,3.731508,7.079487,1.545355,30,207,63,6,0.32204186,0.01770420,-0.00338982,0E-8,0.000000,0.904812,0.002133,0.03111404,2026-03-21,2026-08-06,120,3733,1703,139,0.863309,1.227414,1.154177,1.073473,,,,,,,,GLOBAL_BASELINE_NO_ENTITY_RANKING,,,NOT_APPLICABLE_GLOBAL_BASELINE,HF9g-P5,,,,X 全窗基线 · 不参与实体赏罚,15053060,1506,A168_HF9F_20260827_0900,2026-08-27 09:00:00
2026-06-14,127529701,1990,0,136.2923341991,39.8590788695,39.8590788695,0.5000000,6,6,0.49994810000000000,0.499948100000,0.00025425703667063243,0.00025425703667063243,0.00025425703667063243,0E-17,ELIGIBLE,R03b_20260811_FULL_v1,L1_ELIGIBILITY,v2026-08-11,2026-03-21..2026-08-06,baccarat_bet02_101_all_pairs_incl_sentinel,round_win = game_pnl > 0 (decisive only),COMPATIBILITY_ONLY_NOT_PRODUCTION,557989.4742,504875.3716,9878.7574,24851,24505,-0.01770420,0.00338982,-0.02772422,-0.01770420,-9878.7574,557989.4742,OK,0.0000,395.1503,4.0000,96.0000,AG03-UNRESOLVED,ALL5_LEVELS_bet23_to_bet27,395.1503,395.1503,395.1503,0.0000,0.0000,4.000000,4.000000,4.000000,0.000000,0.000000,96.000000,96.000000,96.000000,100.000000,100.000000,5.0,1185.4509,1138.6651,8693.3065,8740.0923,PENDING_AG03,FALSE,NOT_FOR_ENFORCEMENT,9483.6071,484680.3568,9878.7574,9483.6071,395.1503,0.01770420,0.01699603,395.1503,9483.6071,0.01699603,395.1503,395.1503,395.1503,0.0000,0.0000,9483.6071,0.01699603,1185.4509,1138.6651,8693.3065,8740.0923,0.01557970,0.01566354,0.00070817,22.4534,20.6030,0.4031,82.3230,2.6463,4649.9123,204.2083,25.9152,21.1137,12.8578,14.5296,26.176,48.8436,54.2173,102.8621,13.088,0.0,3.731508,7.079487,1.545355,30,207,63,6,0.32204186,0.01770420,-0.00338982,0E-8,0.000000,0.904812,0.002133,0.03111404,2026-03-21,2026-08-06,120,3733,1703,139,0.863309,1.227414,1.154177,1.073473,,,,,,,,GLOBAL_BASELINE_NO_ENTITY_RANKING,,,NOT_APPLICABLE_GLOBAL_BASELINE,HF9g-P5,,,,X 全窗基线 · 不参与实体赏罚,15053061,1506,A168_HF9F_20260827_0900,2026-08-27 09:00:00
2026-06-14,127529701,1994,0,527.1684624679,-121.3773240412,-121.3773240412,0.3333333,14,14,0.49899058571428571,0.498990585714,-1.1477094499084612,-1.147709449906483,-1.1477094499084612,2.8571E-13,ELIGIBLE,R03b_20260811_FULL_v1,L1_ELIGIBILITY,v2026-08-11,2026-03-21..2026-08-06,baccarat_bet02_101_all_pairs_incl_sentinel,round_win = game_pnl > 0 (decisive only),COMPATIBILITY_ONLY_NOT_PRODUCTION,557989.4742,504875.3716,9878.7574,24851,24505,-0.01770420,0.00338982,-0.02772422,-0.01770420,-9878.7574,557989.4742,OK,0.0000,395.1503,4.0000,96.0000,AG03-UNRESOLVED,ALL5_LEVELS_bet23_to_bet27,395.1503,395.1503,395.1503,0.0000,0.0000,4.000000,4.000000,4.000000,0.000000,0.000000,96.000000,96.000000,96.000000,100.000000,100.000000,5.0,1185.4509,1138.6651,8693.3065,8740.0923,PENDING_AG03,FALSE,NOT_FOR_ENFORCEMENT,9483.6071,484680.3568,9878.7574,9483.6071,395.1503,0.01770420,0.01699603,395.1503,9483.6071,0.01699603,395.1503,395.1503,395.1503,0.0000,0.0000,9483.6071,0.01699603,1185.4509,1138.6651,8693.3065,8740.0923,0.01557970,0.01566354,0.00070817,22.4534,20.6030,0.4031,82.3230,2.6463,4649.9123,204.2083,25.9152,21.1137,12.8578,14.5296,26.176,48.8436,54.2173,102.8621,13.088,0.0,3.731508,7.079487,1.545355,30,207,63,6,0.32204186,0.01770420,-0.00338982,0E-8,0.000000,0.904812,0.002133,0.03111404,2026-03-21,2026-08-06,120,3733,1703,139,0.863309,1.227414,1.154177,1.073473,,,,,,,,GLOBAL_BASELINE_NO_ENTITY_RANKING,,,NOT_APPLICABLE_GLOBAL_BASELINE,HF9g-P5,,,,X 全窗基线 · 不参与实体赏罚,15053062,1506,A168_HF9F_20260827_0900,2026-08-27 09:00:00
2026-06-14,127529701,2088,0,903.9010466221,88.7185949032,88.7185949032,0.5294118,19,19,0.50100640526315789,0.501006405263,0.23423706912721728,0.23423706912851922,0.23423706912721728,1.5789E-13,ELIGIBLE,R03b_20260811_FULL_v1,L1_ELIGIBILITY,v2026-08-11,2026-03-21..2026-08-06,baccarat_bet02_101_all_pairs_incl_sentinel,round_win = game_pnl > 0 (decisive only),COMPATIBILITY_ONLY_NOT_PRODUCTION,557989.4742,504875.3716,9878.7574,24851,24505,-0.01770420,0.00338982,-0.02772422,-0.01770420,-9878.7574,557989.4742,OK,0.0000,395.1503,4.0000,96.0000,AG03-UNRESOLVED,ALL5_LEVELS_bet23_to_bet27,395.1503,395.1503,395.1503,0.0000,0.0000,4.000000,4.000000,4.000000,0.000000,0.000000,96.000000,96.000000,96.000000,100.000000,100.000000,5.0,1185.4509,1138.6651,8693.3065,8740.0923,PENDING_AG03,FALSE,NOT_FOR_ENFORCEMENT,9483.6071,484680.3568,9878.7574,9483.6071,395.1503,0.01770420,0.01699603,395.1503,9483.6071,0.01699603,395.1503,395.1503,395.1503,0.0000,0.0000,9483.6071,0.01699603,1185.4509,1138.6651,8693.3065,8740.0923,0.01557970,0.01566354,0.00070817,22.4534,20.6030,0.4031,82.3230,2.6463,4649.9123,204.2083,25.9152,21.1137,12.8578,14.5296,26.176,48.8436,54.2173,102.8621,13.088,0.0,3.731508,7.079487,1.545355,30,207,63,6,0.32204186,0.01770420,-0.00338982,0E-8,0.000000,0.904812,0.002133,0.03111404,2026-03-21,2026-08-06,120,3733,1703,139,0.863309,1.227414,1.154177,1.073473,,,,,,,,GLOBAL_BASELINE_NO_ENTITY_RANKING,,,NOT_APPLICABLE_GLOBAL_BASELINE,HF9g-P5,,,,X 全窗基线 · 不参与实体赏罚,15053063,1506,A168_HF9F_20260827_0900,2026-08-27 09:00:00
2026-06-14,127529701,2101,0,432.0209838763,121.7244837608,121.7244837608,0.6363636,11,11,0.50055742727272727,0.500557427273,0.900837039335844,0.9008370393340356,0.900837039335844,-2.7273E-13,ELIGIBLE,R03b_20260811_FULL_v1,L1_ELIGIBILITY,v2026-08-11,2026-03-21..2026-08-06,baccarat_bet02_101_all_pairs_incl_sentinel,round_win = game_pnl > 0 (decisive only),COMPATIBILITY_ONLY_NOT_PRODUCTION,557989.4742,504875.3716,9878.7574,24851,24505,-0.01770420,0.00338982,-0.02772422,-0.01770420,-9878.7574,557989.4742,OK,0.0000,395.1503,4.0000,96.0000,AG03-UNRESOLVED,ALL5_LEVELS_bet23_to_bet27,395.1503,395.1503,395.1503,0.0000,0.0000,4.000000,4.000000,4.000000,0.000000,0.000000,96.000000,96.000000,96.000000,100.000000,100.000000,5.0,1185.4509,1138.6651,8693.3065,8740.0923,PENDING_AG03,FALSE,NOT_FOR_ENFORCEMENT,9483.6071,484680.3568,9878.7574,9483.6071,395.1503,0.01770420,0.01699603,395.1503,9483.6071,0.01699603,395.1503,395.1503,395.1503,0.0000,0.0000,9483.6071,0.01699603,1185.4509,1138.6651,8693.3065,8740.0923,0.01557970,0.01566354,0.00070817,22.4534,20.6030,0.4031,82.3230,2.6463,4649.9123,204.2083,25.9152,21.1137,12.8578,14.5296,26.176,48.8436,54.2173,102.8621,13.088,0.0,3.731508,7.079487,1.545355,30,207,63,6,0.32204186,0.01770420,-0.00338982,0E-8,0.000000,0.904812,0.002133,0.03111404,2026-03-21,2026-08-06,120,3733,1703,139,0.863309,1.227414,1.154177,1.073473,,,,,,,,GLOBAL_BASELINE_NO_ENTITY_RANKING,,,NOT_APPLICABLE_GLOBAL_BASELINE,HF9g-P5,,,,X 全窗基线 · 不参与实体赏罚,15053064,1506,A168_HF9F_20260827_0900,2026-08-27 09:00:00
2026-06-14,127529701,2103,0,587.5999691413,-249.2606783757,-249.2606783757,0.3000000,22,22,0.49994810000000000,0.499948100000,-1.7883901839221543,-1.7883901839221543,-1.7883901839221543,0E-17,ELIGIBLE,R03b_20260811_FULL_v1,L1_ELIGIBILITY,v2026-08-11,2026-03-21..2026-08-06,baccarat_bet02_101_all_pairs_incl_sentinel,round_win = game_pnl > 0 (decisive only),COMPATIBILITY_ONLY_NOT_PRODUCTION,557989.4742,504875.3716,9878.7574,24851,24505,-0.01770420,0.00338982,-0.02772422,-0.01770420,-9878.7574,557989.4742,OK,0.0000,395.1503,4.0000,96.0000,AG03-UNRESOLVED,ALL5_LEVELS_bet23_to_bet27,395.1503,395.1503,395.1503,0.0000,0.0000,4.000000,4.000000,4.000000,0.000000,0.000000,96.000000,96.000000,96.000000,100.000000,100.000000,5.0,1185.4509,1138.6651,8693.3065,8740.0923,PENDING_AG03,FALSE,NOT_FOR_ENFORCEMENT,9483.6071,484680.3568,9878.7574,9483.6071,395.1503,0.01770420,0.01699603,395.1503,9483.6071,0.01699603,395.1503,395.1503,395.1503,0.0000,0.0000,9483.6071,0.01699603,1185.4509,1138.6651,8693.3065,8740.0923,0.01557970,0.01566354,0.00070817,22.4534,20.6030,0.4031,82.3230,2.6463,4649.9123,204.2083,25.9152,21.1137,12.8578,14.5296,26.176,48.8436,54.2173,102.8621,13.088,0.0,3.731508,7.079487,1.545355,30,207,63,6,0.32204186,0.01770420,-0.00338982,0E-8,0.000000,0.904812,0.002133,0.03111404,2026-03-21,2026-08-06,120,3733,1703,139,0.863309,1.227414,1.154177,1.073473,,,,,,,,GLOBAL_BASELINE_NO_ENTITY_RANKING,,,NOT_APPLICABLE_GLOBAL_BASELINE,HF9g-P5,,,,X 全窗基线 · 不参与实体赏罚,15053065,1506,A168_HF9F_20260827_0900,2026-08-27 09:00:00
2026-06-14,127529701,2141,0,1194.2294340010,-390.8761282693,-390.8761282693,0.3846154,29,28,0.50154395714285756,0.501623750000,-1.1924478311648259,-1.1932621689403904,-1.1924478311648259,-0.00007979285714244,ELIGIBLE,R03b_20260811_FULL_v1,L1_ELIGIBILITY,v2026-08-11,2026-03-21..2026-08-06,baccarat_bet02_101_all_pairs_incl_sentinel,round_win = game_pnl > 0 (decisive only),COMPATIBILITY_ONLY_NOT_PRODUCTION,557989.4742,504875.3716,9878.7574,24851,24505,-0.01770420,0.00338982,-0.02772422,-0.01770420,-9878.7574,557989.4742,OK,0.0000,395.1503,4.0000,96.0000,AG03-UNRESOLVED,ALL5_LEVELS_bet23_to_bet27,395.1503,395.1503,395.1503,0.0000,0.0000,4.000000,4.000000,4.000000,0.000000,0.000000,96.000000,96.000000,96.000000,100.000000,100.000000,5.0,1185.4509,1138.6651,8693.3065,8740.0923,PENDING_AG03,FALSE,NOT_FOR_ENFORCEMENT,9483.6071,484680.3568,9878.7574,9483.6071,395.1503,0.01770420,0.01699603,395.1503,9483.6071,0.01699603,395.1503,395.1503,395.1503,0.0000,0.0000,9483.6071,0.01699603,1185.4509,1138.6651,8693.3065,8740.0923,0.01557970,0.01566354,0.00070817,22.4534,20.6030,0.4031,82.3230,2.6463,4649.9123,204.2083,25.9152,21.1137,12.8578,14.5296,26.176,48.8436,54.2173,102.8621,13.088,0.0,3.731508,7.079487,1.545355,30,207,63,6,0.32204186,0.01770420,-0.00338982,0E-8,0.000000,0.904812,0.002133,0.03111404,2026-03-21,2026-08-06,120,3733,1703,139,0.863309,1.227414,1.154177,1.073473,,,,,,,,GLOBAL_BASELINE_NO_ENTITY_RANKING,,,NOT_APPLICABLE_GLOBAL_BASELINE,HF9g-P5,,,,X 全窗基线 · 不参与实体赏罚,15053066,1506,A168_HF9F_20260827_0900,2026-08-27 09:00:00
2026-06-14,127529701,2170,0,657.0319129785,230.1540360532,230.1540360532,0.5625000,17,17,0.49955382941176471,0.499553829412,0.5035695651952898,0.5035695651934073,0.5035695651952898,-2.3529E-13,ELIGIBLE,R03b_20260811_FULL_v1,L1_ELIGIBILITY,v2026-08-11,2026-03-21..2026-08-06,baccarat_bet02_101_all_pairs_incl_sentinel,round_win = game_pnl > 0 (decisive only),COMPATIBILITY_ONLY_NOT_PRODUCTION,557989.4742,504875.3716,9878.7574,24851,24505,-0.01770420,0.00338982,-0.02772422,-0.01770420,-9878.7574,557989.4742,OK,0.0000,395.1503,4.0000,96.0000,AG03-UNRESOLVED,ALL5_LEVELS_bet23_to_bet27,395.1503,395.1503,395.1503,0.0000,0.0000,4.000000,4.000000,4.000000,0.000000,0.000000,96.000000,96.000000,96.000000,100.000000,100.000000,5.0,1185.4509,1138.6651,8693.3065,8740.0923,PENDING_AG03,FALSE,NOT_FOR_ENFORCEMENT,9483.6071,484680.3568,9878.7574,9483.6071,395.1503,0.01770420,0.01699603,395.1503,9483.6071,0.01699603,395.1503,395.1503,395.1503,0.0000,0.0000,9483.6071,0.01699603,1185.4509,1138.6651,8693.3065,8740.0923,0.01557970,0.01566354,0.00070817,22.4534,20.6030,0.4031,82.3230,2.6463,4649.9123,204.2083,25.9152,21.1137,12.8578,14.5296,26.176,48.8436,54.2173,102.8621,13.088,0.0,3.731508,7.079487,1.545355,30,207,63,6,0.32204186,0.01770420,-0.00338982,0E-8,0.000000,0.904812,0.002133,0.03111404,2026-03-21,2026-08-06,120,3733,1703,139,0.863309,1.227414,1.154177,1.073473,,,,,,,,GLOBAL_BASELINE_NO_ENTITY_RANKING,,,NOT_APPLICABLE_GLOBAL_BASELINE,HF9g-P5,,,,X 全窗基线 · 不参与实体赏罚,15053067,1506,A168_HF9F_20260827_0900,2026-08-27 09:00:00
2026-06-14,127529701,2171,0,241.4688713451,69.8948234628,69.8948234628,0.6250000,9,9,0.50069283333333333,0.500692833333,0.70318819908704,0.7031881990889248,0.70318819908704,3.3333E-13,ELIGIBLE,R03b_20260811_FULL_v1,L1_ELIGIBILITY,v2026-08-11,2026-03-21..2026-08-06,baccarat_bet02_101_all_pairs_incl_sentinel,round_win = game_pnl > 0 (decisive only),COMPATIBILITY_ONLY_NOT_PRODUCTION,557989.4742,504875.3716,9878.7574,24851,24505,-0.01770420,0.00338982,-0.02772422,-0.01770420,-9878.7574,557989.4742,OK,0.0000,395.1503,4.0000,96.0000,AG03-UNRESOLVED,ALL5_LEVELS_bet23_to_bet27,395.1503,395.1503,395.1503,0.0000,0.0000,4.000000,4.000000,4.000000,0.000000,0.000000,96.000000,96.000000,96.000000,100.000000,100.000000,5.0,1185.4509,1138.6651,8693.3065,8740.0923,PENDING_AG03,FALSE,NOT_FOR_ENFORCEMENT,9483.6071,484680.3568,9878.7574,9483.6071,395.1503,0.01770420,0.01699603,395.1503,9483.6071,0.01699603,395.1503,395.1503,395.1503,0.0000,0.0000,9483.6071,0.01699603,1185.4509,1138.6651,8693.3065,8740.0923,0.01557970,0.01566354,0.00070817,22.4534,20.6030,0.4031,82.3230,2.6463,4649.9123,204.2083,25.9152,21.1137,12.8578,14.5296,26.176,48.8436,54.2173,102.8621,13.088,0.0,3.731508,7.079487,1.545355,30,207,63,6,0.32204186,0.01770420,-0.00338982,0E-8,0.000000,0.904812,0.002133,0.03111404,2026-03-21,2026-08-06,120,3733,1703,139,0.863309,1.227414,1.154177,1.073473,,,,,,,,GLOBAL_BASELINE_NO_ENTITY_RANKING,,,NOT_APPLICABLE_GLOBAL_BASELINE,HF9g-P5,,,,X 全窗基线 · 不参与实体赏罚,15053068,1506,A168_HF9F_20260827_0900,2026-08-27 09:00:00
2026-06-14,127529701,2174,0,807.4677912924,202.5612672614,202.5612672614,0.6111111,22,22,0.50116675454545455,0.501166754545,0.9329113409472535,0.9329113409511084,0.9329113409472535,4.5455E-13,ELIGIBLE,R03b_20260811_FULL_v1,L1_ELIGIBILITY,v2026-08-11,2026-03-21..2026-08-06,baccarat_bet02_101_all_pairs_incl_sentinel,round_win = game_pnl > 0 (decisive only),COMPATIBILITY_ONLY_NOT_PRODUCTION,557989.4742,504875.3716,9878.7574,24851,24505,-0.01770420,0.00338982,-0.02772422,-0.01770420,-9878.7574,557989.4742,OK,0.0000,395.1503,4.0000,96.0000,AG03-UNRESOLVED,ALL5_LEVELS_bet23_to_bet27,395.1503,395.1503,395.1503,0.0000,0.0000,4.000000,4.000000,4.000000,0.000000,0.000000,96.000000,96.000000,96.000000,100.000000,100.000000,5.0,1185.4509,1138.6651,8693.3065,8740.0923,PENDING_AG03,FALSE,NOT_FOR_ENFORCEMENT,9483.6071,484680.3568,9878.7574,9483.6071,395.1503,0.01770420,0.01699603,395.1503,9483.6071,0.01699603,395.1503,395.1503,395.1503,0.0000,0.0000,9483.6071,0.01699603,1185.4509,1138.6651,8693.3065,8740.0923,0.01557970,0.01566354,0.00070817,22.4534,20.6030,0.4031,82.3230,2.6463,4649.9123,204.2083,25.9152,21.1137,12.8578,14.5296,26.176,48.8436,54.2173,102.8621,13.088,0.0,3.731508,7.079487,1.545355,30,207,63,6,0.32204186,0.01770420,-0.00338982,0E-8,0.000000,0.904812,0.002133,0.03111404,2026-03-21,2026-08-06,120,3733,1703,139,0.863309,1.227414,1.154177,1.073473,,,,,,,,GLOBAL_BASELINE_NO_ENTITY_RANKING,,,NOT_APPLICABLE_GLOBAL_BASELINE,HF9g-P5,,,,X 全窗基线 · 不参与实体赏罚,15053069,1506,A168_HF9F_20260827_0900,2026-08-27 09:00:00
2026-06-14,127529701,2177,0,153.0074317896,-153.0074317896,-153.0074317896,0E-7,3,3,0.49771390000000000,0.497713900000,-1.724149546644903,-1.724149546644903,-1.724149546644903,0E-17,ELIGIBLE,R03b_20260811_FULL_v1,L1_ELIGIBILITY,v2026-08-11,2026-03-21..2026-08-06,baccarat_bet02_101_all_pairs_incl_sentinel,round_win = game_pnl > 0 (decisive only),COMPATIBILITY_ONLY_NOT_PRODUCTION,557989.4742,504875.3716,9878.7574,24851,24505,-0.01770420,0.00338982,-0.02772422,-0.01770420,-9878.7574,557989.4742,OK,0.0000,395.1503,4.0000,96.0000,AG03-UNRESOLVED,ALL5_LEVELS_bet23_to_bet27,395.1503,395.1503,395.1503,0.0000,0.0000,4.000000,4.000000,4.000000,0.000000,0.000000,96.000000,96.000000,96.000000,100.000000,100.000000,5.0,1185.4509,1138.6651,8693.3065,8740.0923,PENDING_AG03,FALSE,NOT_FOR_ENFORCEMENT,9483.6071,484680.3568,9878.7574,9483.6071,395.1503,0.01770420,0.01699603,395.1503,9483.6071,0.01699603,395.1503,395.1503,395.1503,0.0000,0.0000,9483.6071,0.01699603,1185.4509,1138.6651,8693.3065,8740.0923,0.01557970,0.01566354,0.00070817,22.4534,20.6030,0.4031,82.3230,2.6463,4649.9123,204.2083,25.9152,21.1137,12.8578,14.5296,26.176,48.8436,54.2173,102.8621,13.088,0.0,3.731508,7.079487,1.545355,30,207,63,6,0.32204186,0.01770420,-0.00338982,0E-8,0.000000,0.904812,0.002133,0.03111404,2026-03-21,2026-08-06,120,3733,1703,139,0.863309,1.227414,1.154177,1.073473,,,,,,,,GLOBAL_BASELINE_NO_ENTITY_RANKING,,,NOT_APPLICABLE_GLOBAL_BASELINE,HF9g-P5,,,,X 全窗基线 · 不参与实体赏罚,15053070,1506,A168_HF9F_20260827_0900,2026-08-27 09:00:00
2026-06-14,127529701,2178,0,154.2932085272,-26.3584231234,-26.3584231234,0.3333333,5,5,0.50128862000000000,0.501288620000,-0.5818161120757372,-0.5818161120757372,-0.5818161120757372,0E-17,ELIGIBLE,R03b_20260811_FULL_v1,L1_ELIGIBILITY,v2026-08-11,2026-03-21..2026-08-06,baccarat_bet02_101_all_pairs_incl_sentinel,round_win = game_pnl > 0 (decisive only),COMPATIBILITY_ONLY_NOT_PRODUCTION,557989.4742,504875.3716,9878.7574,24851,24505,-0.01770420,0.00338982,-0.02772422,-0.01770420,-9878.7574,557989.4742,OK,0.0000,395.1503,4.0000,96.0000,AG03-UNRESOLVED,ALL5_LEVELS_bet23_to_bet27,395.1503,395.1503,395.1503,0.0000,0.0000,4.000000,4.000000,4.000000,0.000000,0.000000,96.000000,96.000000,96.000000,100.000000,100.000000,5.0,1185.4509,1138.6651,8693.3065,8740.0923,PENDING_AG03,FALSE,NOT_FOR_ENFORCEMENT,9483.6071,484680.3568,9878.7574,9483.6071,395.1503,0.01770420,0.01699603,395.1503,9483.6071,0.01699603,395.1503,395.1503,395.1503,0.0000,0.0000,9483.6071,0.01699603,1185.4509,1138.6651,8693.3065,8740.0923,0.01557970,0.01566354,0.00070817,22.4534,20.6030,0.4031,82.3230,2.6463,4649.9123,204.2083,25.9152,21.1137,12.8578,14.5296,26.176,48.8436,54.2173,102.8621,13.088,0.0,3.731508,7.079487,1.545355,30,207,63,6,0.32204186,0.01770420,-0.00338982,0E-8,0.000000,0.904812,0.002133,0.03111404,2026-03-21,2026-08-06,120,3733,1703,139,0.863309,1.227414,1.154177,1.073473,,,,,,,,GLOBAL_BASELINE_NO_ENTITY_RANKING,,,NOT_APPLICABLE_GLOBAL_BASELINE,HF9g-P5,,,,X 全窗基线 · 不参与实体赏罚,15053071,1506,A168_HF9F_20260827_0900,2026-08-27 09:00:00
2026-06-14,127529701,2209,0,137.0638002418,72.7749633554,72.7749633554,1.0000000,5,5,0.50128862000000000,0.501288620000,1.7275926344336499,1.7275926344336499,1.7275926344336499,0E-17,ELIGIBLE,R03b_20260811_FULL_v1,L1_ELIGIBILITY,v2026-08-11,2026-03-21..2026-08-06,baccarat_bet02_101_all_pairs_incl_sentinel,round_win = game_pnl > 0 (decisive only),COMPATIBILITY_ONLY_NOT_PRODUCTION,557989.4742,504875.3716,9878.7574,24851,24505,-0.01770420,0.00338982,-0.02772422,-0.01770420,-9878.7574,557989.4742,OK,0.0000,395.1503,4.0000,96.0000,AG03-UNRESOLVED,ALL5_LEVELS_bet23_to_bet27,395.1503,395.1503,395.1503,0.0000,0.0000,4.000000,4.000000,4.000000,0.000000,0.000000,96.000000,96.000000,96.000000,100.000000,100.000000,5.0,1185.4509,1138.6651,8693.3065,8740.0923,PENDING_AG03,FALSE,NOT_FOR_ENFORCEMENT,9483.6071,484680.3568,9878.7574,9483.6071,395.1503,0.01770420,0.01699603,395.1503,9483.6071,0.01699603,395.1503,395.1503,395.1503,0.0000,0.0000,9483.6071,0.01699603,1185.4509,1138.6651,8693.3065,8740.0923,0.01557970,0.01566354,0.00070817,22.4534,20.6030,0.4031,82.3230,2.6463,4649.9123,204.2083,25.9152,21.1137,12.8578,14.5296,26.176,48.8436,54.2173,102.8621,13.088,0.0,3.731508,7.079487,1.545355,30,207,63,6,0.32204186,0.01770420,-0.00338982,0E-8,0.000000,0.904812,0.002133,0.03111404,2026-03-21,2026-08-06,120,3733,1703,139,0.863309,1.227414,1.154177,1.073473,,,,,,,,GLOBAL_BASELINE_NO_ENTITY_RANKING,,,NOT_APPLICABLE_GLOBAL_BASELINE,HF9g-P5,,,,X 全窗基线 · 不参与实体赏罚,15053072,1506,A168_HF9F_20260827_0900,2026-08-27 09:00:00
2026-06-14,127529701,2229,0,665.0037287524,53.2054414073,53.2054414073,0.4444444,19,18,0.50236848333333370,0.502554666667,-0.4915072827653799,-0.49308802242211935,-0.4915072827653799,-0.00018618333366630,ELIGIBLE,R03b_20260811_FULL_v1,L1_ELIGIBILITY,v2026-08-11,2026-03-21..2026-08-06,baccarat_bet02_101_all_pairs_incl_sentinel,round_win = game_pnl > 0 (decisive only),COMPATIBILITY_ONLY_NOT_PRODUCTION,557989.4742,504875.3716,9878.7574,24851,24505,-0.01770420,0.00338982,-0.02772422,-0.01770420,-9878.7574,557989.4742,OK,0.0000,395.1503,4.0000,96.0000,AG03-UNRESOLVED,ALL5_LEVELS_bet23_to_bet27,395.1503,395.1503,395.1503,0.0000,0.0000,4.000000,4.000000,4.000000,0.000000,0.000000,96.000000,96.000000,96.000000,100.000000,100.000000,5.0,1185.4509,1138.6651,8693.3065,8740.0923,PENDING_AG03,FALSE,NOT_FOR_ENFORCEMENT,9483.6071,484680.3568,9878.7574,9483.6071,395.1503,0.01770420,0.01699603,395.1503,9483.6071,0.01699603,395.1503,395.1503,395.1503,0.0000,0.0000,9483.6071,0.01699603,1185.4509,1138.6651,8693.3065,8740.0923,0.01557970,0.01566354,0.00070817,22.4534,20.6030,0.4031,82.3230,2.6463,4649.9123,204.2083,25.9152,21.1137,12.8578,14.5296,26.176,48.8436,54.2173,102.8621,13.088,0.0,3.731508,7.079487,1.545355,30,207,63,6,0.32204186,0.01770420,-0.00338982,0E-8,0.000000,0.904812,0.002133,0.03111404,2026-03-21,2026-08-06,120,3733,1703,139,0.863309,1.227414,1.154177,1.073473,,,,,,,,GLOBAL_BASELINE_NO_ENTITY_RANKING,,,NOT_APPLICABLE_GLOBAL_BASELINE,HF9g-P5,,,,X 全窗基线 · 不参与实体赏罚,15053073,1506,A168_HF9F_20260827_0900,2026-08-27 09:00:00
2026-06-14,127529701,2246,0,748.3220613569,-128.1919407515,-128.1919407515,0.4736842,20,20,0.50262914000000000,0.502629140000,-0.25233953356356364,-0.25233953356356364,-0.25233953356356364,0E-17,ELIGIBLE,R03b_20260811_FULL_v1,L1_ELIGIBILITY,v2026-08-11,2026-03-21..2026-08-06,baccarat_bet02_101_all_pairs_incl_sentinel,round_win = game_pnl > 0 (decisive only),COMPATIBILITY_ONLY_NOT_PRODUCTION,557989.4742,504875.3716,9878.7574,24851,24505,-0.01770420,0.00338982,-0.02772422,-0.01770420,-9878.7574,557989.4742,OK,0.0000,395.1503,4.0000,96.0000,AG03-UNRESOLVED,ALL5_LEVELS_bet23_to_bet27,395.1503,395.1503,395.1503,0.0000,0.0000,4.000000,4.000000,4.000000,0.000000,0.000000,96.000000,96.000000,96.000000,100.000000,100.000000,5.0,1185.4509,1138.6651,8693.3065,8740.0923,PENDING_AG03,FALSE,NOT_FOR_ENFORCEMENT,9483.6071,484680.3568,9878.7574,9483.6071,395.1503,0.01770420,0.01699603,395.1503,9483.6071,0.01699603,395.1503,395.1503,395.1503,0.0000,0.0000,9483.6071,0.01699603,1185.4509,1138.6651,8693.3065,8740.0923,0.01557970,0.01566354,0.00070817,22.4534,20.6030,0.4031,82.3230,2.6463,4649.9123,204.2083,25.9152,21.1137,12.8578,14.5296,26.176,48.8436,54.2173,102.8621,13.088,0.0,3.731508,7.079487,1.545355,30,207,63,6,0.32204186,0.01770420,-0.00338982,0E-8,0.000000,0.904812,0.002133,0.03111404,2026-03-21,2026-08-06,120,3733,1703,139,0.863309,1.227414,1.154177,1.073473,,,,,,,,GLOBAL_BASELINE_NO_ENTITY_RANKING,,,NOT_APPLICABLE_GLOBAL_BASELINE,HF9g-P5,,,,X 全窗基线 · 不参与实体赏罚,15053074,1506,A168_HF9F_20260827_0900,2026-08-27 09:00:00
2026-06-14,127529701,2252,0,1099.5962661042,-416.3987965131,-416.3987965131,0.4166667,28,27,0.49978011313128822,0.493438672222,-0.8143422171570761,-0.752273735658087,-0.8143422171570761,0.00634144090928822,ELIGIBLE,R03b_20260811_FULL_v1,L1_ELIGIBILITY,v2026-08-11,2026-03-21..2026-08-06,baccarat_bet02_101_all_pairs_incl_sentinel,round_win = game_pnl > 0 (decisive only),COMPATIBILITY_ONLY_NOT_PRODUCTION,557989.4742,504875.3716,9878.7574,24851,24505,-0.01770420,0.00338982,-0.02772422,-0.01770420,-9878.7574,557989.4742,OK,0.0000,395.1503,4.0000,96.0000,AG03-UNRESOLVED,ALL5_LEVELS_bet23_to_bet27,395.1503,395.1503,395.1503,0.0000,0.0000,4.000000,4.000000,4.000000,0.000000,0.000000,96.000000,96.000000,96.000000,100.000000,100.000000,5.0,1185.4509,1138.6651,8693.3065,8740.0923,PENDING_AG03,FALSE,NOT_FOR_ENFORCEMENT,9483.6071,484680.3568,9878.7574,9483.6071,395.1503,0.01770420,0.01699603,395.1503,9483.6071,0.01699603,395.1503,395.1503,395.1503,0.0000,0.0000,9483.6071,0.01699603,1185.4509,1138.6651,8693.3065,8740.0923,0.01557970,0.01566354,0.00070817,22.4534,20.6030,0.4031,82.3230,2.6463,4649.9123,204.2083,25.9152,21.1137,12.8578,14.5296,26.176,48.8436,54.2173,102.8621,13.088,0.0,3.731508,7.079487,1.545355,30,207,63,6,0.32204186,0.01770420,-0.00338982,0E-8,0.000000,0.904812,0.002133,0.03111404,2026-03-21,2026-08-06,120,3733,1703,139,0.863309,1.227414,1.154177,1.073473,,,,,,,,GLOBAL_BASELINE_NO_ENTITY_RANKING,,,NOT_APPLICABLE_GLOBAL_BASELINE,HF9g-P5,,,,X 全窗基线 · 不参与实体赏罚,15053075,1506,A168_HF9F_20260827_0900,2026-08-27 09:00:00
2026-06-14,127529701,2254,0,77.1466042636,-25.7155347546,-25.7155347546,0.5000000,2,2,0.49324550000000000,0.493245500000,0.01910635448239258,0.01910635448239258,0.01910635448239258,0E-17,ELIGIBLE,R03b_20260811_FULL_v1,L1_ELIGIBILITY,v2026-08-11,2026-03-21..2026-08-06,baccarat_bet02_101_all_pairs_incl_sentinel,round_win = game_pnl > 0 (decisive only),COMPATIBILITY_ONLY_NOT_PRODUCTION,557989.4742,504875.3716,9878.7574,24851,24505,-0.01770420,0.00338982,-0.02772422,-0.01770420,-9878.7574,557989.4742,OK,0.0000,395.1503,4.0000,96.0000,AG03-UNRESOLVED,ALL5_LEVELS_bet23_to_bet27,395.1503,395.1503,395.1503,0.0000,0.0000,4.000000,4.000000,4.000000,0.000000,0.000000,96.000000,96.000000,96.000000,100.000000,100.000000,5.0,1185.4509,1138.6651,8693.3065,8740.0923,PENDING_AG03,FALSE,NOT_FOR_ENFORCEMENT,9483.6071,484680.3568,9878.7574,9483.6071,395.1503,0.01770420,0.01699603,395.1503,9483.6071,0.01699603,395.1503,395.1503,395.1503,0.0000,0.0000,9483.6071,0.01699603,1185.4509,1138.6651,8693.3065,8740.0923,0.01557970,0.01566354,0.00070817,22.4534,20.6030,0.4031,82.3230,2.6463,4649.9123,204.2083,25.9152,21.1137,12.8578,14.5296,26.176,48.8436,54.2173,102.8621,13.088,0.0,3.731508,7.079487,1.545355,30,207,63,6,0.32204186,0.01770420,-0.00338982,0E-8,0.000000,0.904812,0.002133,0.03111404,2026-03-21,2026-08-06,120,3733,1703,139,0.863309,1.227414,1.154177,1.073473,,,,,,,,GLOBAL_BASELINE_NO_ENTITY_RANKING,,,NOT_APPLICABLE_GLOBAL_BASELINE,HF9g-P5,,,,X 全窗基线 · 不参与实体赏罚,15053076,1506,A168_HF9F_20260827_0900,2026-08-27 09:00:00
2026-06-14,127529701,550,0,77.1466042636,-77.1466042636,-77.1466042636,0E-7,2,2,0.49324550000000000,0.493245500000,-1.3952362676504506,-1.3952362676504506,-1.3952362676504506,0E-17,ELIGIBLE,R03b_20260811_FULL_v1,L1_ELIGIBILITY,v2026-08-11,2026-03-21..2026-08-06,baccarat_bet02_101_all_pairs_incl_sentinel,round_win = game_pnl > 0 (decisive only),COMPATIBILITY_ONLY_NOT_PRODUCTION,557989.4742,504875.3716,9878.7574,24851,24505,-0.01770420,0.00338982,-0.02772422,-0.01770420,-9878.7574,557989.4742,OK,0.0000,395.1503,4.0000,96.0000,AG03-UNRESOLVED,ALL5_LEVELS_bet23_to_bet27,395.1503,395.1503,395.1503,0.0000,0.0000,4.000000,4.000000,4.000000,0.000000,0.000000,96.000000,96.000000,96.000000,100.000000,100.000000,5.0,1185.4509,1138.6651,8693.3065,8740.0923,PENDING_AG03,FALSE,NOT_FOR_ENFORCEMENT,9483.6071,484680.3568,9878.7574,9483.6071,395.1503,0.01770420,0.01699603,395.1503,9483.6071,0.01699603,395.1503,395.1503,395.1503,0.0000,0.0000,9483.6071,0.01699603,1185.4509,1138.6651,8693.3065,8740.0923,0.01557970,0.01566354,0.00070817,22.4534,20.6030,0.4031,82.3230,2.6463,4649.9123,204.2083,25.9152,21.1137,12.8578,14.5296,26.176,48.8436,54.2173,102.8621,13.088,0.0,3.731508,7.079487,1.545355,30,207,63,6,0.32204186,0.01770420,-0.00338982,0E-8,0.000000,0.904812,0.002133,0.03111404,2026-03-21,2026-08-06,120,3733,1703,139,0.863309,1.227414,1.154177,1.073473,,,,,,,,GLOBAL_BASELINE_NO_ENTITY_RANKING,,,NOT_APPLICABLE_GLOBAL_BASELINE,HF9g-P5,,,,X 全窗基线 · 不参与实体赏罚,15053077,1506,A168_HF9F_20260827_0900,2026-08-27 09:00:00
2026-06-14,127529701,595,0,12.8577673773,12.2148790084,12.2148790084,1.0000000,1,1,0.50665070000000000,0.506650700000,0.9867858985152569,0.9867858985152569,0.9867858985152569,0E-17,ELIGIBLE,R03b_20260811_FULL_v1,L1_ELIGIBILITY,v2026-08-11,2026-03-21..2026-08-06,baccarat_bet02_101_all_pairs_incl_sentinel,round_win = game_pnl > 0 (decisive only),COMPATIBILITY_ONLY_NOT_PRODUCTION,557989.4742,504875.3716,9878.7574,24851,24505,-0.01770420,0.00338982,-0.02772422,-0.01770420,-9878.7574,557989.4742,OK,0.0000,395.1503,4.0000,96.0000,AG03-UNRESOLVED,ALL5_LEVELS_bet23_to_bet27,395.1503,395.1503,395.1503,0.0000,0.0000,4.000000,4.000000,4.000000,0.000000,0.000000,96.000000,96.000000,96.000000,100.000000,100.000000,5.0,1185.4509,1138.6651,8693.3065,8740.0923,PENDING_AG03,FALSE,NOT_FOR_ENFORCEMENT,9483.6071,484680.3568,9878.7574,9483.6071,395.1503,0.01770420,0.01699603,395.1503,9483.6071,0.01699603,395.1503,395.1503,395.1503,0.0000,0.0000,9483.6071,0.01699603,1185.4509,1138.6651,8693.3065,8740.0923,0.01557970,0.01566354,0.00070817,22.4534,20.6030,0.4031,82.3230,2.6463,4649.9123,204.2083,25.9152,21.1137,12.8578,14.5296,26.176,48.8436,54.2173,102.8621,13.088,0.0,3.731508,7.079487,1.545355,30,207,63,6,0.32204186,0.01770420,-0.00338982,0E-8,0.000000,0.904812,0.002133,0.03111404,2026-03-21,2026-08-06,120,3733,1703,139,0.863309,1.227414,1.154177,1.073473,,,,,,,,GLOBAL_BASELINE_NO_ENTITY_RANKING,,,NOT_APPLICABLE_GLOBAL_BASELINE,HF9g-P5,,,,X 全窗基线 · 不参与实体赏罚,15053078,1506,A168_HF9F_20260827_0900,2026-08-27 09:00:00
2026-06-14,127529701,772,0,41.1448556073,-15.4293208527,-15.4293208527,0.5000000,2,2,0.49994810000000000,0.499948100000,0.00014679536856514622,0.00014679536856514622,0.00014679536856514622,0E-17,ELIGIBLE,R03b_20260811_FULL_v1,L1_ELIGIBILITY,v2026-08-11,2026-03-21..2026-08-06,baccarat_bet02_101_all_pairs_incl_sentinel,round_win = game_pnl > 0 (decisive only),COMPATIBILITY_ONLY_NOT_PRODUCTION,557989.4742,504875.3716,9878.7574,24851,24505,-0.01770420,0.00338982,-0.02772422,-0.01770420,-9878.7574,557989.4742,OK,0.0000,395.1503,4.0000,96.0000,AG03-UNRESOLVED,ALL5_LEVELS_bet23_to_bet27,395.1503,395.1503,395.1503,0.0000,0.0000,4.000000,4.000000,4.000000,0.000000,0.000000,96.000000,96.000000,96.000000,100.000000,100.000000,5.0,1185.4509,1138.6651,8693.3065,8740.0923,PENDING_AG03,FALSE,NOT_FOR_ENFORCEMENT,9483.6071,484680.3568,9878.7574,9483.6071,395.1503,0.01770420,0.01699603,395.1503,9483.6071,0.01699603,395.1503,395.1503,395.1503,0.0000,0.0000,9483.6071,0.01699603,1185.4509,1138.6651,8693.3065,8740.0923,0.01557970,0.01566354,0.00070817,22.4534,20.6030,0.4031,82.3230,2.6463,4649.9123,204.2083,25.9152,21.1137,12.8578,14.5296,26.176,48.8436,54.2173,102.8621,13.088,0.0,3.731508,7.079487,1.545355,30,207,63,6,0.32204186,0.01770420,-0.00338982,0E-8,0.000000,0.904812,0.002133,0.03111404,2026-03-21,2026-08-06,120,3733,1703,139,0.863309,1.227414,1.154177,1.073473,,,,,,,,GLOBAL_BASELINE_NO_ENTITY_RANKING,,,NOT_APPLICABLE_GLOBAL_BASELINE,HF9g-P5,,,,X 全窗基线 · 不参与实体赏罚,15053079,1506,A168_HF9F_20260827_0900,2026-08-27 09:00:00
2026-06-14,127529701,987,0,10.2862139018,0E-10,0E-10,,1,1,0.50665070000000000,0.506650700000,,,,0E-17,NO_DECISIVE_ROUND,R03b_20260811_FULL_v1,L1_ELIGIBILITY,v2026-08-11,2026-03-21..2026-08-06,baccarat_bet02_101_all_pairs_incl_sentinel,round_win = game_pnl > 0 (decisive only),COMPATIBILITY_ONLY_NOT_PRODUCTION,557989.4742,504875.3716,9878.7574,24851,24505,-0.01770420,0.00338982,-0.02772422,-0.01770420,-9878.7574,557989.4742,OK,0.0000,395.1503,4.0000,96.0000,AG03-UNRESOLVED,ALL5_LEVELS_bet23_to_bet27,395.1503,395.1503,395.1503,0.0000,0.0000,4.000000,4.000000,4.000000,0.000000,0.000000,96.000000,96.000000,96.000000,100.000000,100.000000,5.0,1185.4509,1138.6651,8693.3065,8740.0923,PENDING_AG03,FALSE,NOT_FOR_ENFORCEMENT,9483.6071,484680.3568,9878.7574,9483.6071,395.1503,0.01770420,0.01699603,395.1503,9483.6071,0.01699603,395.1503,395.1503,395.1503,0.0000,0.0000,9483.6071,0.01699603,1185.4509,1138.6651,8693.3065,8740.0923,0.01557970,0.01566354,0.00070817,22.4534,20.6030,0.4031,82.3230,2.6463,4649.9123,204.2083,25.9152,21.1137,12.8578,14.5296,26.176,48.8436,54.2173,102.8621,13.088,0.0,3.731508,7.079487,1.545355,30,207,63,6,0.32204186,0.01770420,-0.00338982,0E-8,0.000000,0.904812,0.002133,0.03111404,2026-03-21,2026-08-06,120,3733,1703,139,0.863309,1.227414,1.154177,1.073473,,,,,,,,GLOBAL_BASELINE_NO_ENTITY_RANKING,,,NOT_APPLICABLE_GLOBAL_BASELINE,HF9g-P5,,,,X 全窗基线 · 不参与实体赏罚,15053080,1506,A168_HF9F_20260827_0900,2026-08-27 09:00:00
2026-06-15,127529701,-1,1,7146.3471082871,673.9527348464,673.9527348464,0.5524476,161,161,0.49965668260869565,0.499656682609,1.2625742704076455,1.262574270400366,1.2625742704076455,-3.0435E-13,SENTINEL_DEALER,R03b_20260811_FULL_v1,L1_ELIGIBILITY,v2026-08-11,2026-03-21..2026-08-06,baccarat_bet02_101_all_pairs_incl_sentinel,round_win = game_pnl > 0 (decisive only),COMPATIBILITY_ONLY_NOT_PRODUCTION,557989.4742,504875.3716,9878.7574,24851,24505,-0.01770420,0.00338982,-0.02772422,-0.01770420,-9878.7574,557989.4742,OK,0.0000,395.1503,4.0000,96.0000,AG03-UNRESOLVED,ALL5_LEVELS_bet23_to_bet27,395.1503,395.1503,395.1503,0.0000,0.0000,4.000000,4.000000,4.000000,0.000000,0.000000,96.000000,96.000000,96.000000,100.000000,100.000000,5.0,1185.4509,1138.6651,8693.3065,8740.0923,PENDING_AG03,FALSE,NOT_FOR_ENFORCEMENT,9483.6071,484680.3568,9878.7574,9483.6071,395.1503,0.01770420,0.01699603,395.1503,9483.6071,0.01699603,395.1503,395.1503,395.1503,0.0000,0.0000,9483.6071,0.01699603,1185.4509,1138.6651,8693.3065,8740.0923,0.01557970,0.01566354,0.00070817,22.4534,20.6030,0.4031,82.3230,2.6463,4649.9123,204.2083,25.9152,21.1137,12.8578,14.5296,26.176,48.8436,54.2173,102.8621,13.088,0.0,3.731508,7.079487,1.545355,30,207,63,6,0.32204186,0.01770420,-0.00338982,0E-8,0.000000,0.904812,0.002133,0.03111404,2026-03-21,2026-08-06,120,3733,1703,139,0.863309,1.227414,1.154177,1.073473,,,,,,,,GLOBAL_BASELINE_NO_ENTITY_RANKING,,,NOT_APPLICABLE_GLOBAL_BASELINE,HF9g-P5,,,,X 全窗基线 · 不参与实体赏罚,15053081,1506,A168_HF9F_20260827_0900,2026-08-27 09:00:00
2026-06-15,127529701,1017,0,177.4371898065,57.0884871551,57.0884871551,0.6666667,5,5,0.49592654000000000,0.495926540000,0.5914807778519792,0.5914807778519792,0.5914807778519792,0E-17,ELIGIBLE,R03b_20260811_FULL_v1,L1_ELIGIBILITY,v2026-08-11,2026-03-21..2026-08-06,baccarat_bet02_101_all_pairs_incl_sentinel,round_win = game_pnl > 0 (decisive only),COMPATIBILITY_ONLY_NOT_PRODUCTION,557989.4742,504875.3716,9878.7574,24851,24505,-0.01770420,0.00338982,-0.02772422,-0.01770420,-9878.7574,557989.4742,OK,0.0000,395.1503,4.0000,96.0000,AG03-UNRESOLVED,ALL5_LEVELS_bet23_to_bet27,395.1503,395.1503,395.1503,0.0000,0.0000,4.000000,4.000000,4.000000,0.000000,0.000000,96.000000,96.000000,96.000000,100.000000,100.000000,5.0,1185.4509,1138.6651,8693.3065,8740.0923,PENDING_AG03,FALSE,NOT_FOR_ENFORCEMENT,9483.6071,484680.3568,9878.7574,9483.6071,395.1503,0.01770420,0.01699603,395.1503,9483.6071,0.01699603,395.1503,395.1503,395.1503,0.0000,0.0000,9483.6071,0.01699603,1185.4509,1138.6651,8693.3065,8740.0923,0.01557970,0.01566354,0.00070817,22.4534,20.6030,0.4031,82.3230,2.6463,4649.9123,204.2083,25.9152,21.1137,12.8578,14.5296,26.176,48.8436,54.2173,102.8621,13.088,0.0,3.731508,7.079487,1.545355,30,207,63,6,0.32204186,0.01770420,-0.00338982,0E-8,0.000000,0.904812,0.002133,0.03111404,2026-03-21,2026-08-06,120,3733,1703,139,0.863309,1.227414,1.154177,1.073473,,,,,,,,GLOBAL_BASELINE_NO_ENTITY_RANKING,,,NOT_APPLICABLE_GLOBAL_BASELINE,HF9g-P5,,,,X 全窗基线 · 不参与实体赏罚,15053082,1506,A168_HF9F_20260827_0900,2026-08-27 09:00:00
2026-06-15,127529701,1094,0,407.5912258595,-205.7242780364,-205.7242780364,0.2857143,7,7,0.49707555714285714,0.497075557143,-1.1184378527242427,-1.1184378527249965,-1.1184378527242427,-1.4286E-13,ELIGIBLE,R03b_20260811_FULL_v1,L1_ELIGIBILITY,v2026-08-11,2026-03-21..2026-08-06,baccarat_bet02_101_all_pairs_incl_sentinel,round_win = game_pnl > 0 (decisive only),COMPATIBILITY_ONLY_NOT_PRODUCTION,557989.4742,504875.3716,9878.7574,24851,24505,-0.01770420,0.00338982,-0.02772422,-0.01770420,-9878.7574,557989.4742,OK,0.0000,395.1503,4.0000,96.0000,AG03-UNRESOLVED,ALL5_LEVELS_bet23_to_bet27,395.1503,395.1503,395.1503,0.0000,0.0000,4.000000,4.000000,4.000000,0.000000,0.000000,96.000000,96.000000,96.000000,100.000000,100.000000,5.0,1185.4509,1138.6651,8693.3065,8740.0923,PENDING_AG03,FALSE,NOT_FOR_ENFORCEMENT,9483.6071,484680.3568,9878.7574,9483.6071,395.1503,0.01770420,0.01699603,395.1503,9483.6071,0.01699603,395.1503,395.1503,395.1503,0.0000,0.0000,9483.6071,0.01699603,1185.4509,1138.6651,8693.3065,8740.0923,0.01557970,0.01566354,0.00070817,22.4534,20.6030,0.4031,82.3230,2.6463,4649.9123,204.2083,25.9152,21.1137,12.8578,14.5296,26.176,48.8436,54.2173,102.8621,13.088,0.0,3.731508,7.079487,1.545355,30,207,63,6,0.32204186,0.01770420,-0.00338982,0E-8,0.000000,0.904812,0.002133,0.03111404,2026-03-21,2026-08-06,120,3733,1703,139,0.863309,1.227414,1.154177,1.073473,,,,,,,,GLOBAL_BASELINE_NO_ENTITY_RANKING,,,NOT_APPLICABLE_GLOBAL_BASELINE,HF9g-P5,,,,X 全窗基线 · 不参与实体赏罚,15053083,1506,A168_HF9F_20260827_0900,2026-08-27 09:00:00
2026-06-15,127529701,1210,0,295.2143389822,-12.3434566822,-12.3434566822,0.5000000,4,4,0.49659680000000000,0.496596800000,0.013613115331600182,0.013613115331600183,0.013613115331600182,0E-17,ELIGIBLE,R03b_20260811_FULL_v1,L1_ELIGIBILITY,v2026-08-11,2026-03-21..2026-08-06,baccarat_bet02_101_all_pairs_incl_sentinel,round_win = game_pnl > 0 (decisive only),COMPATIBILITY_ONLY_NOT_PRODUCTION,557989.4742,504875.3716,9878.7574,24851,24505,-0.01770420,0.00338982,-0.02772422,-0.01770420,-9878.7574,557989.4742,OK,0.0000,395.1503,4.0000,96.0000,AG03-UNRESOLVED,ALL5_LEVELS_bet23_to_bet27,395.1503,395.1503,395.1503,0.0000,0.0000,4.000000,4.000000,4.000000,0.000000,0.000000,96.000000,96.000000,96.000000,100.000000,100.000000,5.0,1185.4509,1138.6651,8693.3065,8740.0923,PENDING_AG03,FALSE,NOT_FOR_ENFORCEMENT,9483.6071,484680.3568,9878.7574,9483.6071,395.1503,0.01770420,0.01699603,395.1503,9483.6071,0.01699603,395.1503,395.1503,395.1503,0.0000,0.0000,9483.6071,0.01699603,1185.4509,1138.6651,8693.3065,8740.0923,0.01557970,0.01566354,0.00070817,22.4534,20.6030,0.4031,82.3230,2.6463,4649.9123,204.2083,25.9152,21.1137,12.8578,14.5296,26.176,48.8436,54.2173,102.8621,13.088,0.0,3.731508,7.079487,1.545355,30,207,63,6,0.32204186,0.01770420,-0.00338982,0E-8,0.000000,0.904812,0.002133,0.03111404,2026-03-21,2026-08-06,120,3733,1703,139,0.863309,1.227414,1.154177,1.073473,,,,,,,,GLOBAL_BASELINE_NO_ENTITY_RANKING,,,NOT_APPLICABLE_GLOBAL_BASELINE,HF9g-P5,,,,X 全窗基线 · 不参与实体赏罚,15053084,1506,A168_HF9F_20260827_0900,2026-08-27 09:00:00
2026-06-15,127529701,1299,0,411.4485560727,-91.2901483786,-91.2901483786,0.4285714,8,8,0.49492115000000000,0.494921150000,-0.3511078388389871,-0.3511078388389871,-0.3511078388389871,0E-17,ELIGIBLE,R03b_20260811_FULL_v1,L1_ELIGIBILITY,v2026-08-11,2026-03-21..2026-08-06,baccarat_bet02_101_all_pairs_incl_sentinel,round_win = game_pnl > 0 (decisive only),COMPATIBILITY_ONLY_NOT_PRODUCTION,557989.4742,504875.3716,9878.7574,24851,24505,-0.01770420,0.00338982,-0.02772422,-0.01770420,-9878.7574,557989.4742,OK,0.0000,395.1503,4.0000,96.0000,AG03-UNRESOLVED,ALL5_LEVELS_bet23_to_bet27,395.1503,395.1503,395.1503,0.0000,0.0000,4.000000,4.000000,4.000000,0.000000,0.000000,96.000000,96.000000,96.000000,100.000000,100.000000,5.0,1185.4509,1138.6651,8693.3065,8740.0923,PENDING_AG03,FALSE,NOT_FOR_ENFORCEMENT,9483.6071,484680.3568,9878.7574,9483.6071,395.1503,0.01770420,0.01699603,395.1503,9483.6071,0.01699603,395.1503,395.1503,395.1503,0.0000,0.0000,9483.6071,0.01699603,1185.4509,1138.6651,8693.3065,8740.0923,0.01557970,0.01566354,0.00070817,22.4534,20.6030,0.4031,82.3230,2.6463,4649.9123,204.2083,25.9152,21.1137,12.8578,14.5296,26.176,48.8436,54.2173,102.8621,13.088,0.0,3.731508,7.079487,1.545355,30,207,63,6,0.32204186,0.01770420,-0.00338982,0E-8,0.000000,0.904812,0.002133,0.03111404,2026-03-21,2026-08-06,120,3733,1703,139,0.863309,1.227414,1.154177,1.073473,,,,,,,,GLOBAL_BASELINE_NO_ENTITY_RANKING,,,NOT_APPLICABLE_GLOBAL_BASELINE,HF9g-P5,,,,X 全窗基线 · 不参与实体赏罚,15053085,1506,A168_HF9F_20260827_0900,2026-08-27 09:00:00
2026-06-15,127529701,1318,0,437.6784015224,232.5070074832,232.5070074832,0.8000000,12,11,0.50226354363636364,0.502385409091,1.883069985558681,1.8823013657193686,1.883069985558681,-0.00012186545463636,ELIGIBLE,R03b_20260811_FULL_v1,L1_ELIGIBILITY,v2026-08-11,2026-03-21..2026-08-06,baccarat_bet02_101_all_pairs_incl_sentinel,round_win = game_pnl > 0 (decisive only),COMPATIBILITY_ONLY_NOT_PRODUCTION,557989.4742,504875.3716,9878.7574,24851,24505,-0.01770420,0.00338982,-0.02772422,-0.01770420,-9878.7574,557989.4742,OK,0.0000,395.1503,4.0000,96.0000,AG03-UNRESOLVED,ALL5_LEVELS_bet23_to_bet27,395.1503,395.1503,395.1503,0.0000,0.0000,4.000000,4.000000,4.000000,0.000000,0.000000,96.000000,96.000000,96.000000,100.000000,100.000000,5.0,1185.4509,1138.6651,8693.3065,8740.0923,PENDING_AG03,FALSE,NOT_FOR_ENFORCEMENT,9483.6071,484680.3568,9878.7574,9483.6071,395.1503,0.01770420,0.01699603,395.1503,9483.6071,0.01699603,395.1503,395.1503,395.1503,0.0000,0.0000,9483.6071,0.01699603,1185.4509,1138.6651,8693.3065,8740.0923,0.01557970,0.01566354,0.00070817,22.4534,20.6030,0.4031,82.3230,2.6463,4649.9123,204.2083,25.9152,21.1137,12.8578,14.5296,26.176,48.8436,54.2173,102.8621,13.088,0.0,3.731508,7.079487,1.545355,30,207,63,6,0.32204186,0.01770420,-0.00338982,0E-8,0.000000,0.904812,0.002133,0.03111404,2026-03-21,2026-08-06,120,3733,1703,139,0.863309,1.227414,1.154177,1.073473,,,,,,,,GLOBAL_BASELINE_NO_ENTITY_RANKING,,,NOT_APPLICABLE_GLOBAL_BASELINE,HF9g-P5,,,,X 全窗基线 · 不参与实体赏罚,15053086,1506,A168_HF9F_20260827_0900,2026-08-27 09:00:00
2026-06-15,127529701,1331,0,102.8621390181,-102.8621390181,-102.8621390181,0E-7,2,2,0.49994810000000000,0.499948100000,-1.4140667746232096,-1.4140667746232096,-1.4140667746232096,0E-17,ELIGIBLE,R03b_20260811_FULL_v1,L1_ELIGIBILITY,v2026-08-11,2026-03-21..2026-08-06,baccarat_bet02_101_all_pairs_incl_sentinel,round_win = game_pnl > 0 (decisive only),COMPATIBILITY_ONLY_NOT_PRODUCTION,557989.4742,504875.3716,9878.7574,24851,24505,-0.01770420,0.00338982,-0.02772422,-0.01770420,-9878.7574,557989.4742,OK,0.0000,395.1503,4.0000,96.0000,AG03-UNRESOLVED,ALL5_LEVELS_bet23_to_bet27,395.1503,395.1503,395.1503,0.0000,0.0000,4.000000,4.000000,4.000000,0.000000,0.000000,96.000000,96.000000,96.000000,100.000000,100.000000,5.0,1185.4509,1138.6651,8693.3065,8740.0923,PENDING_AG03,FALSE,NOT_FOR_ENFORCEMENT,9483.6071,484680.3568,9878.7574,9483.6071,395.1503,0.01770420,0.01699603,395.1503,9483.6071,0.01699603,395.1503,395.1503,395.1503,0.0000,0.0000,9483.6071,0.01699603,1185.4509,1138.6651,8693.3065,8740.0923,0.01557970,0.01566354,0.00070817,22.4534,20.6030,0.4031,82.3230,2.6463,4649.9123,204.2083,25.9152,21.1137,12.8578,14.5296,26.176,48.8436,54.2173,102.8621,13.088,0.0,3.731508,7.079487,1.545355,30,207,63,6,0.32204186,0.01770420,-0.00338982,0E-8,0.000000,0.904812,0.002133,0.03111404,2026-03-21,2026-08-06,120,3733,1703,139,0.863309,1.227414,1.154177,1.073473,,,,,,,,GLOBAL_BASELINE_NO_ENTITY_RANKING,,,NOT_APPLICABLE_GLOBAL_BASELINE,HF9g-P5,,,,X 全窗基线 · 不参与实体赏罚,15053087,1506,A168_HF9F_20260827_0900,2026-08-27 09:00:00
2026-06-15,127529701,1374,0,143.2355285827,-128.3205184251,-128.3205184251,0.2000000,5,5,0.49592654000000000,0.495926540000,-1.323467641100715,-1.323467641100715,-1.323467641100715,0E-17,ELIGIBLE,R03b_20260811_FULL_v1,L1_ELIGIBILITY,v2026-08-11,2026-03-21..2026-08-06,baccarat_bet02_101_all_pairs_incl_sentinel,round_win = game_pnl > 0 (decisive only),COMPATIBILITY_ONLY_NOT_PRODUCTION,557989.4742,504875.3716,9878.7574,24851,24505,-0.01770420,0.00338982,-0.02772422,-0.01770420,-9878.7574,557989.4742,OK,0.0000,395.1503,4.0000,96.0000,AG03-UNRESOLVED,ALL5_LEVELS_bet23_to_bet27,395.1503,395.1503,395.1503,0.0000,0.0000,4.000000,4.000000,4.000000,0.000000,0.000000,96.000000,96.000000,96.000000,100.000000,100.000000,5.0,1185.4509,1138.6651,8693.3065,8740.0923,PENDING_AG03,FALSE,NOT_FOR_ENFORCEMENT,9483.6071,484680.3568,9878.7574,9483.6071,395.1503,0.01770420,0.01699603,395.1503,9483.6071,0.01699603,395.1503,395.1503,395.1503,0.0000,0.0000,9483.6071,0.01699603,1185.4509,1138.6651,8693.3065,8740.0923,0.01557970,0.01566354,0.00070817,22.4534,20.6030,0.4031,82.3230,2.6463,4649.9123,204.2083,25.9152,21.1137,12.8578,14.5296,26.176,48.8436,54.2173,102.8621,13.088,0.0,3.731508,7.079487,1.545355,30,207,63,6,0.32204186,0.01770420,-0.00338982,0E-8,0.000000,0.904812,0.002133,0.03111404,2026-03-21,2026-08-06,120,3733,1703,139,0.863309,1.227414,1.154177,1.073473,,,,,,,,GLOBAL_BASELINE_NO_ENTITY_RANKING,,,NOT_APPLICABLE_GLOBAL_BASELINE,HF9g-P5,,,,X 全窗基线 · 不参与实体赏罚,15053088,1506,A168_HF9F_20260827_0900,2026-08-27 09:00:00
2026-06-15,127529701,1385,0,637.7452619128,-321.4441844318,-321.4441844318,0.1666667,8,8,0.49659680000000000,0.496596800000,-1.616358395886944,-1.616358395886944,-1.616358395886944,0E-17,ELIGIBLE,R03b_20260811_FULL_v1,L1_ELIGIBILITY,v2026-08-11,2026-03-21..2026-08-06,baccarat_bet02_101_all_pairs_incl_sentinel,round_win = game_pnl > 0 (decisive only),COMPATIBILITY_ONLY_NOT_PRODUCTION,557989.4742,504875.3716,9878.7574,24851,24505,-0.01770420,0.00338982,-0.02772422,-0.01770420,-9878.7574,557989.4742,OK,0.0000,395.1503,4.0000,96.0000,AG03-UNRESOLVED,ALL5_LEVELS_bet23_to_bet27,395.1503,395.1503,395.1503,0.0000,0.0000,4.000000,4.000000,4.000000,0.000000,0.000000,96.000000,96.000000,96.000000,100.000000,100.000000,5.0,1185.4509,1138.6651,8693.3065,8740.0923,PENDING_AG03,FALSE,NOT_FOR_ENFORCEMENT,9483.6071,484680.3568,9878.7574,9483.6071,395.1503,0.01770420,0.01699603,395.1503,9483.6071,0.01699603,395.1503,395.1503,395.1503,0.0000,0.0000,9483.6071,0.01699603,1185.4509,1138.6651,8693.3065,8740.0923,0.01557970,0.01566354,0.00070817,22.4534,20.6030,0.4031,82.3230,2.6463,4649.9123,204.2083,25.9152,21.1137,12.8578,14.5296,26.176,48.8436,54.2173,102.8621,13.088,0.0,3.731508,7.079487,1.545355,30,207,63,6,0.32204186,0.01770420,-0.00338982,0E-8,0.000000,0.904812,0.002133,0.03111404,2026-03-21,2026-08-06,120,3733,1703,139,0.863309,1.227414,1.154177,1.073473,,,,,,,,GLOBAL_BASELINE_NO_ENTITY_RANKING,,,NOT_APPLICABLE_GLOBAL_BASELINE,HF9g-P5,,,,X 全窗基线 · 不参与实体赏罚,15053089,1506,A168_HF9F_20260827_0900,2026-08-27 09:00:00
2026-06-15,127529701,1396,0,145.2927713632,-37.4803919047,-37.4803919047,0.2500000,4,4,0.50329940000000000,0.503299400000,-1.013219660140378,-1.013219660140378,-1.013219660140378,0E-17,ELIGIBLE,R03b_20260811_FULL_v1,L1_ELIGIBILITY,v2026-08-11,2026-03-21..2026-08-06,baccarat_bet02_101_all_pairs_incl_sentinel,round_win = game_pnl > 0 (decisive only),COMPATIBILITY_ONLY_NOT_PRODUCTION,557989.4742,504875.3716,9878.7574,24851,24505,-0.01770420,0.00338982,-0.02772422,-0.01770420,-9878.7574,557989.4742,OK,0.0000,395.1503,4.0000,96.0000,AG03-UNRESOLVED,ALL5_LEVELS_bet23_to_bet27,395.1503,395.1503,395.1503,0.0000,0.0000,4.000000,4.000000,4.000000,0.000000,0.000000,96.000000,96.000000,96.000000,100.000000,100.000000,5.0,1185.4509,1138.6651,8693.3065,8740.0923,PENDING_AG03,FALSE,NOT_FOR_ENFORCEMENT,9483.6071,484680.3568,9878.7574,9483.6071,395.1503,0.01770420,0.01699603,395.1503,9483.6071,0.01699603,395.1503,395.1503,395.1503,0.0000,0.0000,9483.6071,0.01699603,1185.4509,1138.6651,8693.3065,8740.0923,0.01557970,0.01566354,0.00070817,22.4534,20.6030,0.4031,82.3230,2.6463,4649.9123,204.2083,25.9152,21.1137,12.8578,14.5296,26.176,48.8436,54.2173,102.8621,13.088,0.0,3.731508,7.079487,1.545355,30,207,63,6,0.32204186,0.01770420,-0.00338982,0E-8,0.000000,0.904812,0.002133,0.03111404,2026-03-21,2026-08-06,120,3733,1703,139,0.863309,1.227414,1.154177,1.073473,,,,,,,,GLOBAL_BASELINE_NO_ENTITY_RANKING,,,NOT_APPLICABLE_GLOBAL_BASELINE,HF9g-P5,,,,X 全窗基线 · 不参与实体赏罚,15053090,1506,A168_HF9F_20260827_0900,2026-08-27 09:00:00
2026-06-15,127529701,1401,0,1142.2840537967,76.5037158950,76.5037158950,0.5384615,17,17,0.49876528823529412,0.498765288235,0.28625460406788816,0.2862546040700095,0.28625460406788816,2.9412E-13,ELIGIBLE,R03b_20260811_FULL_v1,L1_ELIGIBILITY,v2026-08-11,2026-03-21..2026-08-06,baccarat_bet02_101_all_pairs_incl_sentinel,round_win = game_pnl > 0 (decisive only),COMPATIBILITY_ONLY_NOT_PRODUCTION,557989.4742,504875.3716,9878.7574,24851,24505,-0.01770420,0.00338982,-0.02772422,-0.01770420,-9878.7574,557989.4742,OK,0.0000,395.1503,4.0000,96.0000,AG03-UNRESOLVED,ALL5_LEVELS_bet23_to_bet27,395.1503,395.1503,395.1503,0.0000,0.0000,4.000000,4.000000,4.000000,0.000000,0.000000,96.000000,96.000000,96.000000,100.000000,100.000000,5.0,1185.4509,1138.6651,8693.3065,8740.0923,PENDING_AG03,FALSE,NOT_FOR_ENFORCEMENT,9483.6071,484680.3568,9878.7574,9483.6071,395.1503,0.01770420,0.01699603,395.1503,9483.6071,0.01699603,395.1503,395.1503,395.1503,0.0000,0.0000,9483.6071,0.01699603,1185.4509,1138.6651,8693.3065,8740.0923,0.01557970,0.01566354,0.00070817,22.4534,20.6030,0.4031,82.3230,2.6463,4649.9123,204.2083,25.9152,21.1137,12.8578,14.5296,26.176,48.8436,54.2173,102.8621,13.088,0.0,3.731508,7.079487,1.545355,30,207,63,6,0.32204186,0.01770420,-0.00338982,0E-8,0.000000,0.904812,0.002133,0.03111404,2026-03-21,2026-08-06,120,3733,1703,139,0.863309,1.227414,1.154177,1.073473,,,,,,,,GLOBAL_BASELINE_NO_ENTITY_RANKING,,,NOT_APPLICABLE_GLOBAL_BASELINE,HF9g-P5,,,,X 全窗基线 · 不参与实体赏罚,15053091,1506,A168_HF9F_20260827_0900,2026-08-27 09:00:00
2026-06-15,127529701,1490,0,102.8621390182,102.8621390182,102.8621390182,1.0000000,1,1,0.49324550000000000,0.493245500000,1.01360149184955,1.01360149184955,1.01360149184955,0E-17,ELIGIBLE,R03b_20260811_FULL_v1,L1_ELIGIBILITY,v2026-08-11,2026-03-21..2026-08-06,baccarat_bet02_101_all_pairs_incl_sentinel,round_win = game_pnl > 0 (decisive only),COMPATIBILITY_ONLY_NOT_PRODUCTION,557989.4742,504875.3716,9878.7574,24851,24505,-0.01770420,0.00338982,-0.02772422,-0.01770420,-9878.7574,557989.4742,OK,0.0000,395.1503,4.0000,96.0000,AG03-UNRESOLVED,ALL5_LEVELS_bet23_to_bet27,395.1503,395.1503,395.1503,0.0000,0.0000,4.000000,4.000000,4.000000,0.000000,0.000000,96.000000,96.000000,96.000000,100.000000,100.000000,5.0,1185.4509,1138.6651,8693.3065,8740.0923,PENDING_AG03,FALSE,NOT_FOR_ENFORCEMENT,9483.6071,484680.3568,9878.7574,9483.6071,395.1503,0.01770420,0.01699603,395.1503,9483.6071,0.01699603,395.1503,395.1503,395.1503,0.0000,0.0000,9483.6071,0.01699603,1185.4509,1138.6651,8693.3065,8740.0923,0.01557970,0.01566354,0.00070817,22.4534,20.6030,0.4031,82.3230,2.6463,4649.9123,204.2083,25.9152,21.1137,12.8578,14.5296,26.176,48.8436,54.2173,102.8621,13.088,0.0,3.731508,7.079487,1.545355,30,207,63,6,0.32204186,0.01770420,-0.00338982,0E-8,0.000000,0.904812,0.002133,0.03111404,2026-03-21,2026-08-06,120,3733,1703,139,0.863309,1.227414,1.154177,1.073473,,,,,,,,GLOBAL_BASELINE_NO_ENTITY_RANKING,,,NOT_APPLICABLE_GLOBAL_BASELINE,HF9g-P5,,,,X 全窗基线 · 不参与实体赏罚,15053092,1506,A168_HF9F_20260827_0900,2026-08-27 09:00:00
2026-06-15,127529701,1505,0,38.5733021319,12.8577673773,12.8577673773,0.6666667,3,3,0.49324550000000000,0.493245500000,0.6008033672792107,0.6008033672792106,0.6008033672792107,0E-17,ELIGIBLE,R03b_20260811_FULL_v1,L1_ELIGIBILITY,v2026-08-11,2026-03-21..2026-08-06,baccarat_bet02_101_all_pairs_incl_sentinel,round_win = game_pnl > 0 (decisive only),COMPATIBILITY_ONLY_NOT_PRODUCTION,557989.4742,504875.3716,9878.7574,24851,24505,-0.01770420,0.00338982,-0.02772422,-0.01770420,-9878.7574,557989.4742,OK,0.0000,395.1503,4.0000,96.0000,AG03-UNRESOLVED,ALL5_LEVELS_bet23_to_bet27,395.1503,395.1503,395.1503,0.0000,0.0000,4.000000,4.000000,4.000000,0.000000,0.000000,96.000000,96.000000,96.000000,100.000000,100.000000,5.0,1185.4509,1138.6651,8693.3065,8740.0923,PENDING_AG03,FALSE,NOT_FOR_ENFORCEMENT,9483.6071,484680.3568,9878.7574,9483.6071,395.1503,0.01770420,0.01699603,395.1503,9483.6071,0.01699603,395.1503,395.1503,395.1503,0.0000,0.0000,9483.6071,0.01699603,1185.4509,1138.6651,8693.3065,8740.0923,0.01557970,0.01566354,0.00070817,22.4534,20.6030,0.4031,82.3230,2.6463,4649.9123,204.2083,25.9152,21.1137,12.8578,14.5296,26.176,48.8436,54.2173,102.8621,13.088,0.0,3.731508,7.079487,1.545355,30,207,63,6,0.32204186,0.01770420,-0.00338982,0E-8,0.000000,0.904812,0.002133,0.03111404,2026-03-21,2026-08-06,120,3733,1703,139,0.863309,1.227414,1.154177,1.073473,,,,,,,,GLOBAL_BASELINE_NO_ENTITY_RANKING,,,NOT_APPLICABLE_GLOBAL_BASELINE,HF9g-P5,,,,X 全窗基线 · 不参与实体赏罚,15053093,1506,A168_HF9F_20260827_0900,2026-08-27 09:00:00
2026-06-15,127529701,1645,0,69.4319438373,67.3747010569,67.3747010569,1.0000000,2,2,0.49994810000000000,0.499948100000,1.4143603653603398,1.4143603653603398,1.4143603653603398,0E-17,ELIGIBLE,R03b_20260811_FULL_v1,L1_ELIGIBILITY,v2026-08-11,2026-03-21..2026-08-06,baccarat_bet02_101_all_pairs_incl_sentinel,round_win = game_pnl > 0 (decisive only),COMPATIBILITY_ONLY_NOT_PRODUCTION,557989.4742,504875.3716,9878.7574,24851,24505,-0.01770420,0.00338982,-0.02772422,-0.01770420,-9878.7574,557989.4742,OK,0.0000,395.1503,4.0000,96.0000,AG03-UNRESOLVED,ALL5_LEVELS_bet23_to_bet27,395.1503,395.1503,395.1503,0.0000,0.0000,4.000000,4.000000,4.000000,0.000000,0.000000,96.000000,96.000000,96.000000,100.000000,100.000000,5.0,1185.4509,1138.6651,8693.3065,8740.0923,PENDING_AG03,FALSE,NOT_FOR_ENFORCEMENT,9483.6071,484680.3568,9878.7574,9483.6071,395.1503,0.01770420,0.01699603,395.1503,9483.6071,0.01699603,395.1503,395.1503,395.1503,0.0000,0.0000,9483.6071,0.01699603,1185.4509,1138.6651,8693.3065,8740.0923,0.01557970,0.01566354,0.00070817,22.4534,20.6030,0.4031,82.3230,2.6463,4649.9123,204.2083,25.9152,21.1137,12.8578,14.5296,26.176,48.8436,54.2173,102.8621,13.088,0.0,3.731508,7.079487,1.545355,30,207,63,6,0.32204186,0.01770420,-0.00338982,0E-8,0.000000,0.904812,0.002133,0.03111404,2026-03-21,2026-08-06,120,3733,1703,139,0.863309,1.227414,1.154177,1.073473,,,,,,,,GLOBAL_BASELINE_NO_ENTITY_RANKING,,,NOT_APPLICABLE_GLOBAL_BASELINE,HF9g-P5,,,,X 全窗基线 · 不参与实体赏罚,15053094,1506,A168_HF9F_20260827_0900,2026-08-27 09:00:00
2026-06-15,127529701,1646,0,102.8621390182,48.8595160336,48.8595160336,1.0000000,2,2,0.50665070000000000,0.506650700000,0.9867858985152569,0.9867858985152569,0.9867858985152569,0E-17,ELIGIBLE,R03b_20260811_FULL_v1,L1_ELIGIBILITY,v2026-08-11,2026-03-21..2026-08-06,baccarat_bet02_101_all_pairs_incl_sentinel,round_win = game_pnl > 0 (decisive only),COMPATIBILITY_ONLY_NOT_PRODUCTION,557989.4742,504875.3716,9878.7574,24851,24505,-0.01770420,0.00338982,-0.02772422,-0.01770420,-9878.7574,557989.4742,OK,0.0000,395.1503,4.0000,96.0000,AG03-UNRESOLVED,ALL5_LEVELS_bet23_to_bet27,395.1503,395.1503,395.1503,0.0000,0.0000,4.000000,4.000000,4.000000,0.000000,0.000000,96.000000,96.000000,96.000000,100.000000,100.000000,5.0,1185.4509,1138.6651,8693.3065,8740.0923,PENDING_AG03,FALSE,NOT_FOR_ENFORCEMENT,9483.6071,484680.3568,9878.7574,9483.6071,395.1503,0.01770420,0.01699603,395.1503,9483.6071,0.01699603,395.1503,395.1503,395.1503,0.0000,0.0000,9483.6071,0.01699603,1185.4509,1138.6651,8693.3065,8740.0923,0.01557970,0.01566354,0.00070817,22.4534,20.6030,0.4031,82.3230,2.6463,4649.9123,204.2083,25.9152,21.1137,12.8578,14.5296,26.176,48.8436,54.2173,102.8621,13.088,0.0,3.731508,7.079487,1.545355,30,207,63,6,0.32204186,0.01770420,-0.00338982,0E-8,0.000000,0.904812,0.002133,0.03111404,2026-03-21,2026-08-06,120,3733,1703,139,0.863309,1.227414,1.154177,1.073473,,,,,,,,GLOBAL_BASELINE_NO_ENTITY_RANKING,,,NOT_APPLICABLE_GLOBAL_BASELINE,HF9g-P5,,,,X 全窗基线 · 不参与实体赏罚,15053095,1506,A168_HF9F_20260827_0900,2026-08-27 09:00:00
2026-06-15,127529701,1680,0,128.5776737726,-77.1466042636,-77.1466042636,0.3333333,3,3,0.49771390000000000,0.497713900000,-0.5694369385616226,-0.5694369385616226,-0.5694369385616226,0E-17,ELIGIBLE,R03b_20260811_FULL_v1,L1_ELIGIBILITY,v2026-08-11,2026-03-21..2026-08-06,baccarat_bet02_101_all_pairs_incl_sentinel,round_win = game_pnl > 0 (decisive only),COMPATIBILITY_ONLY_NOT_PRODUCTION,557989.4742,504875.3716,9878.7574,24851,24505,-0.01770420,0.00338982,-0.02772422,-0.01770420,-9878.7574,557989.4742,OK,0.0000,395.1503,4.0000,96.0000,AG03-UNRESOLVED,ALL5_LEVELS_bet23_to_bet27,395.1503,395.1503,395.1503,0.0000,0.0000,4.000000,4.000000,4.000000,0.000000,0.000000,96.000000,96.000000,96.000000,100.000000,100.000000,5.0,1185.4509,1138.6651,8693.3065,8740.0923,PENDING_AG03,FALSE,NOT_FOR_ENFORCEMENT,9483.6071,484680.3568,9878.7574,9483.6071,395.1503,0.01770420,0.01699603,395.1503,9483.6071,0.01699603,395.1503,395.1503,395.1503,0.0000,0.0000,9483.6071,0.01699603,1185.4509,1138.6651,8693.3065,8740.0923,0.01557970,0.01566354,0.00070817,22.4534,20.6030,0.4031,82.3230,2.6463,4649.9123,204.2083,25.9152,21.1137,12.8578,14.5296,26.176,48.8436,54.2173,102.8621,13.088,0.0,3.731508,7.079487,1.545355,30,207,63,6,0.32204186,0.01770420,-0.00338982,0E-8,0.000000,0.904812,0.002133,0.03111404,2026-03-21,2026-08-06,120,3733,1703,139,0.863309,1.227414,1.154177,1.073473,,,,,,,,GLOBAL_BASELINE_NO_ENTITY_RANKING,,,NOT_APPLICABLE_GLOBAL_BASELINE,HF9g-P5,,,,X 全窗基线 · 不参与实体赏罚,15053096,1506,A168_HF9F_20260827_0900,2026-08-27 09:00:00
2026-06-15,127529701,1985,0,403.7338956464,79.7181577390,79.7181577390,0.4444444,9,9,0.49622443333333333,0.496224433333,-0.3106887911371706,-0.3106887911351721,-0.3106887911371706,3.3333E-13,ELIGIBLE,R03b_20260811_FULL_v1,L1_ELIGIBILITY,v2026-08-11,2026-03-21..2026-08-06,baccarat_bet02_101_all_pairs_incl_sentinel,round_win = game_pnl > 0 (decisive only),COMPATIBILITY_ONLY_NOT_PRODUCTION,557989.4742,504875.3716,9878.7574,24851,24505,-0.01770420,0.00338982,-0.02772422,-0.01770420,-9878.7574,557989.4742,OK,0.0000,395.1503,4.0000,96.0000,AG03-UNRESOLVED,ALL5_LEVELS_bet23_to_bet27,395.1503,395.1503,395.1503,0.0000,0.0000,4.000000,4.000000,4.000000,0.000000,0.000000,96.000000,96.000000,96.000000,100.000000,100.000000,5.0,1185.4509,1138.6651,8693.3065,8740.0923,PENDING_AG03,FALSE,NOT_FOR_ENFORCEMENT,9483.6071,484680.3568,9878.7574,9483.6071,395.1503,0.01770420,0.01699603,395.1503,9483.6071,0.01699603,395.1503,395.1503,395.1503,0.0000,0.0000,9483.6071,0.01699603,1185.4509,1138.6651,8693.3065,8740.0923,0.01557970,0.01566354,0.00070817,22.4534,20.6030,0.4031,82.3230,2.6463,4649.9123,204.2083,25.9152,21.1137,12.8578,14.5296,26.176,48.8436,54.2173,102.8621,13.088,0.0,3.731508,7.079487,1.545355,30,207,63,6,0.32204186,0.01770420,-0.00338982,0E-8,0.000000,0.904812,0.002133,0.03111404,2026-03-21,2026-08-06,120,3733,1703,139,0.863309,1.227414,1.154177,1.073473,,,,,,,,GLOBAL_BASELINE_NO_ENTITY_RANKING,,,NOT_APPLICABLE_GLOBAL_BASELINE,HF9g-P5,,,,X 全窗基线 · 不参与实体赏罚,15053097,1506,A168_HF9F_20260827_0900,2026-08-27 09:00:00
2026-06-15,127529701,1990,0,295.7286496772,-69.4319438372,-69.4319438372,0.3750000,8,8,0.49994810000000000,0.499948100000,-0.7068131942587571,-0.7068131942587571,-0.7068131942587571,0E-17,ELIGIBLE,R03b_20260811_FULL_v1,L1_ELIGIBILITY,v2026-08-11,2026-03-21..2026-08-06,baccarat_bet02_101_all_pairs_incl_sentinel,round_win = game_pnl > 0 (decisive only),COMPATIBILITY_ONLY_NOT_PRODUCTION,557989.4742,504875.3716,9878.7574,24851,24505,-0.01770420,0.00338982,-0.02772422,-0.01770420,-9878.7574,557989.4742,OK,0.0000,395.1503,4.0000,96.0000,AG03-UNRESOLVED,ALL5_LEVELS_bet23_to_bet27,395.1503,395.1503,395.1503,0.0000,0.0000,4.000000,4.000000,4.000000,0.000000,0.000000,96.000000,96.000000,96.000000,100.000000,100.000000,5.0,1185.4509,1138.6651,8693.3065,8740.0923,PENDING_AG03,FALSE,NOT_FOR_ENFORCEMENT,9483.6071,484680.3568,9878.7574,9483.6071,395.1503,0.01770420,0.01699603,395.1503,9483.6071,0.01699603,395.1503,395.1503,395.1503,0.0000,0.0000,9483.6071,0.01699603,1185.4509,1138.6651,8693.3065,8740.0923,0.01557970,0.01566354,0.00070817,22.4534,20.6030,0.4031,82.3230,2.6463,4649.9123,204.2083,25.9152,21.1137,12.8578,14.5296,26.176,48.8436,54.2173,102.8621,13.088,0.0,3.731508,7.079487,1.545355,30,207,63,6,0.32204186,0.01770420,-0.00338982,0E-8,0.000000,0.904812,0.002133,0.03111404,2026-03-21,2026-08-06,120,3733,1703,139,0.863309,1.227414,1.154177,1.073473,,,,,,,,GLOBAL_BASELINE_NO_ENTITY_RANKING,,,NOT_APPLICABLE_GLOBAL_BASELINE,HF9g-P5,,,,X 全窗基线 · 不参与实体赏罚,15053098,1506,A168_HF9F_20260827_0900,2026-08-27 09:00:00
2026-06-15,127529701,2108,0,102.8621390182,-102.8621390182,-102.8621390182,0E-7,1,1,0.49324550000000000,0.493245500000,-0.9865810262130424,-0.9865810262130424,-0.9865810262130424,0E-17,ELIGIBLE,R03b_20260811_FULL_v1,L1_ELIGIBILITY,v2026-08-11,2026-03-21..2026-08-06,baccarat_bet02_101_all_pairs_incl_sentinel,round_win = game_pnl > 0 (decisive only),COMPATIBILITY_ONLY_NOT_PRODUCTION,557989.4742,504875.3716,9878.7574,24851,24505,-0.01770420,0.00338982,-0.02772422,-0.01770420,-9878.7574,557989.4742,OK,0.0000,395.1503,4.0000,96.0000,AG03-UNRESOLVED,ALL5_LEVELS_bet23_to_bet27,395.1503,395.1503,395.1503,0.0000,0.0000,4.000000,4.000000,4.000000,0.000000,0.000000,96.000000,96.000000,96.000000,100.000000,100.000000,5.0,1185.4509,1138.6651,8693.3065,8740.0923,PENDING_AG03,FALSE,NOT_FOR_ENFORCEMENT,9483.6071,484680.3568,9878.7574,9483.6071,395.1503,0.01770420,0.01699603,395.1503,9483.6071,0.01699603,395.1503,395.1503,395.1503,0.0000,0.0000,9483.6071,0.01699603,1185.4509,1138.6651,8693.3065,8740.0923,0.01557970,0.01566354,0.00070817,22.4534,20.6030,0.4031,82.3230,2.6463,4649.9123,204.2083,25.9152,21.1137,12.8578,14.5296,26.176,48.8436,54.2173,102.8621,13.088,0.0,3.731508,7.079487,1.545355,30,207,63,6,0.32204186,0.01770420,-0.00338982,0E-8,0.000000,0.904812,0.002133,0.03111404,2026-03-21,2026-08-06,120,3733,1703,139,0.863309,1.227414,1.154177,1.073473,,,,,,,,GLOBAL_BASELINE_NO_ENTITY_RANKING,,,NOT_APPLICABLE_GLOBAL_BASELINE,HF9g-P5,,,,X 全窗基线 · 不参与实体赏罚,15053099,1506,A168_HF9F_20260827_0900,2026-08-27 09:00:00
2026-06-15,127529701,2115,0,64.2888368864,0E-10,0E-10,,1,1,0.49324550000000000,0.493245500000,,,,0E-17,NO_DECISIVE_ROUND,R03b_20260811_FULL_v1,L1_ELIGIBILITY,v2026-08-11,2026-03-21..2026-08-06,baccarat_bet02_101_all_pairs_incl_sentinel,round_win = game_pnl > 0 (decisive only),COMPATIBILITY_ONLY_NOT_PRODUCTION,557989.4742,504875.3716,9878.7574,24851,24505,-0.01770420,0.00338982,-0.02772422,-0.01770420,-9878.7574,557989.4742,OK,0.0000,395.1503,4.0000,96.0000,AG03-UNRESOLVED,ALL5_LEVELS_bet23_to_bet27,395.1503,395.1503,395.1503,0.0000,0.0000,4.000000,4.000000,4.000000,0.000000,0.000000,96.000000,96.000000,96.000000,100.000000,100.000000,5.0,1185.4509,1138.6651,8693.3065,8740.0923,PENDING_AG03,FALSE,NOT_FOR_ENFORCEMENT,9483.6071,484680.3568,9878.7574,9483.6071,395.1503,0.01770420,0.01699603,395.1503,9483.6071,0.01699603,395.1503,395.1503,395.1503,0.0000,0.0000,9483.6071,0.01699603,1185.4509,1138.6651,8693.3065,8740.0923,0.01557970,0.01566354,0.00070817,22.4534,20.6030,0.4031,82.3230,2.6463,4649.9123,204.2083,25.9152,21.1137,12.8578,14.5296,26.176,48.8436,54.2173,102.8621,13.088,0.0,3.731508,7.079487,1.545355,30,207,63,6,0.32204186,0.01770420,-0.00338982,0E-8,0.000000,0.904812,0.002133,0.03111404,2026-03-21,2026-08-06,120,3733,1703,139,0.863309,1.227414,1.154177,1.073473,,,,,,,,GLOBAL_BASELINE_NO_ENTITY_RANKING,,,NOT_APPLICABLE_GLOBAL_BASELINE,HF9g-P5,,,,X 全窗基线 · 不参与实体赏罚,15053100,1506,A168_HF9F_20260827_0900,2026-08-27 09:00:00
2026-06-15,127529701,2145,0,923.1876976882,76.1822717105,76.1822717105,0.5217391,25,25,0.50021620400000000,0.500216204000,0.20644067743953914,0.20644067743953914,0.20644067743953914,0E-17,ELIGIBLE,R03b_20260811_FULL_v1,L1_ELIGIBILITY,v2026-08-11,2026-03-21..2026-08-06,baccarat_bet02_101_all_pairs_incl_sentinel,round_win = game_pnl > 0 (decisive only),COMPATIBILITY_ONLY_NOT_PRODUCTION,557989.4742,504875.3716,9878.7574,24851,24505,-0.01770420,0.00338982,-0.02772422,-0.01770420,-9878.7574,557989.4742,OK,0.0000,395.1503,4.0000,96.0000,AG03-UNRESOLVED,ALL5_LEVELS_bet23_to_bet27,395.1503,395.1503,395.1503,0.0000,0.0000,4.000000,4.000000,4.000000,0.000000,0.000000,96.000000,96.000000,96.000000,100.000000,100.000000,5.0,1185.4509,1138.6651,8693.3065,8740.0923,PENDING_AG03,FALSE,NOT_FOR_ENFORCEMENT,9483.6071,484680.3568,9878.7574,9483.6071,395.1503,0.01770420,0.01699603,395.1503,9483.6071,0.01699603,395.1503,395.1503,395.1503,0.0000,0.0000,9483.6071,0.01699603,1185.4509,1138.6651,8693.3065,8740.0923,0.01557970,0.01566354,0.00070817,22.4534,20.6030,0.4031,82.3230,2.6463,4649.9123,204.2083,25.9152,21.1137,12.8578,14.5296,26.176,48.8436,54.2173,102.8621,13.088,0.0,3.731508,7.079487,1.545355,30,207,63,6,0.32204186,0.01770420,-0.00338982,0E-8,0.000000,0.904812,0.002133,0.03111404,2026-03-21,2026-08-06,120,3733,1703,139,0.863309,1.227414,1.154177,1.073473,,,,,,,,GLOBAL_BASELINE_NO_ENTITY_RANKING,,,NOT_APPLICABLE_GLOBAL_BASELINE,HF9g-P5,,,,X 全窗基线 · 不参与实体赏罚,15053101,1506,A168_HF9F_20260827_0900,2026-08-27 09:00:00
2026-06-15,127529701,2147,0,25.7155347545,24.4297580168,24.4297580168,1.0000000,1,1,0.50665070000000000,0.506650700000,0.9867858985152569,0.9867858985152569,0.9867858985152569,0E-17,ELIGIBLE,R03b_20260811_FULL_v1,L1_ELIGIBILITY,v2026-08-11,2026-03-21..2026-08-06,baccarat_bet02_101_all_pairs_incl_sentinel,round_win = game_pnl > 0 (decisive only),COMPATIBILITY_ONLY_NOT_PRODUCTION,557989.4742,504875.3716,9878.7574,24851,24505,-0.01770420,0.00338982,-0.02772422,-0.01770420,-9878.7574,557989.4742,OK,0.0000,395.1503,4.0000,96.0000,AG03-UNRESOLVED,ALL5_LEVELS_bet23_to_bet27,395.1503,395.1503,395.1503,0.0000,0.0000,4.000000,4.000000,4.000000,0.000000,0.000000,96.000000,96.000000,96.000000,100.000000,100.000000,5.0,1185.4509,1138.6651,8693.3065,8740.0923,PENDING_AG03,FALSE,NOT_FOR_ENFORCEMENT,9483.6071,484680.3568,9878.7574,9483.6071,395.1503,0.01770420,0.01699603,395.1503,9483.6071,0.01699603,395.1503,395.1503,395.1503,0.0000,0.0000,9483.6071,0.01699603,1185.4509,1138.6651,8693.3065,8740.0923,0.01557970,0.01566354,0.00070817,22.4534,20.6030,0.4031,82.3230,2.6463,4649.9123,204.2083,25.9152,21.1137,12.8578,14.5296,26.176,48.8436,54.2173,102.8621,13.088,0.0,3.731508,7.079487,1.545355,30,207,63,6,0.32204186,0.01770420,-0.00338982,0E-8,0.000000,0.904812,0.002133,0.03111404,2026-03-21,2026-08-06,120,3733,1703,139,0.863309,1.227414,1.154177,1.073473,,,,,,,,GLOBAL_BASELINE_NO_ENTITY_RANKING,,,NOT_APPLICABLE_GLOBAL_BASELINE,HF9g-P5,,,,X 全窗基线 · 不参与实体赏罚,15053102,1506,A168_HF9F_20260827_0900,2026-08-27 09:00:00
2026-06-15,127529701,2177,0,25.7155347545,-25.7155347545,-25.7155347545,0E-7,1,1,0.50665070000000000,0.506650700000,-1.013391052207602,-1.013391052207602,-1.013391052207602,0E-17,ELIGIBLE,R03b_20260811_FULL_v1,L1_ELIGIBILITY,v2026-08-11,2026-03-21..2026-08-06,baccarat_bet02_101_all_pairs_incl_sentinel,round_win = game_pnl > 0 (decisive only),COMPATIBILITY_ONLY_NOT_PRODUCTION,557989.4742,504875.3716,9878.7574,24851,24505,-0.01770420,0.00338982,-0.02772422,-0.01770420,-9878.7574,557989.4742,OK,0.0000,395.1503,4.0000,96.0000,AG03-UNRESOLVED,ALL5_LEVELS_bet23_to_bet27,395.1503,395.1503,395.1503,0.0000,0.0000,4.000000,4.000000,4.000000,0.000000,0.000000,96.000000,96.000000,96.000000,100.000000,100.000000,5.0,1185.4509,1138.6651,8693.3065,8740.0923,PENDING_AG03,FALSE,NOT_FOR_ENFORCEMENT,9483.6071,484680.3568,9878.7574,9483.6071,395.1503,0.01770420,0.01699603,395.1503,9483.6071,0.01699603,395.1503,395.1503,395.1503,0.0000,0.0000,9483.6071,0.01699603,1185.4509,1138.6651,8693.3065,8740.0923,0.01557970,0.01566354,0.00070817,22.4534,20.6030,0.4031,82.3230,2.6463,4649.9123,204.2083,25.9152,21.1137,12.8578,14.5296,26.176,48.8436,54.2173,102.8621,13.088,0.0,3.731508,7.079487,1.545355,30,207,63,6,0.32204186,0.01770420,-0.00338982,0E-8,0.000000,0.904812,0.002133,0.03111404,2026-03-21,2026-08-06,120,3733,1703,139,0.863309,1.227414,1.154177,1.073473,,,,,,,,GLOBAL_BASELINE_NO_ENTITY_RANKING,,,NOT_APPLICABLE_GLOBAL_BASELINE,HF9g-P5,,,,X 全窗基线 · 不参与实体赏罚,15053103,1506,A168_HF9F_20260827_0900,2026-08-27 09:00:00
2026-06-15,127529701,2188,0,714.8918661764,-18.3866073495,-18.3866073495,0.5000000,13,13,0.50149485384615385,0.501494853846,-0.010356697531720794,-0.010356697530654876,-0.010356697531720794,1.5385E-13,ELIGIBLE,R03b_20260811_FULL_v1,L1_ELIGIBILITY,v2026-08-11,2026-03-21..2026-08-06,baccarat_bet02_101_all_pairs_incl_sentinel,round_win = game_pnl > 0 (decisive only),COMPATIBILITY_ONLY_NOT_PRODUCTION,557989.4742,504875.3716,9878.7574,24851,24505,-0.01770420,0.00338982,-0.02772422,-0.01770420,-9878.7574,557989.4742,OK,0.0000,395.1503,4.0000,96.0000,AG03-UNRESOLVED,ALL5_LEVELS_bet23_to_bet27,395.1503,395.1503,395.1503,0.0000,0.0000,4.000000,4.000000,4.000000,0.000000,0.000000,96.000000,96.000000,96.000000,100.000000,100.000000,5.0,1185.4509,1138.6651,8693.3065,8740.0923,PENDING_AG03,FALSE,NOT_FOR_ENFORCEMENT,9483.6071,484680.3568,9878.7574,9483.6071,395.1503,0.01770420,0.01699603,395.1503,9483.6071,0.01699603,395.1503,395.1503,395.1503,0.0000,0.0000,9483.6071,0.01699603,1185.4509,1138.6651,8693.3065,8740.0923,0.01557970,0.01566354,0.00070817,22.4534,20.6030,0.4031,82.3230,2.6463,4649.9123,204.2083,25.9152,21.1137,12.8578,14.5296,26.176,48.8436,54.2173,102.8621,13.088,0.0,3.731508,7.079487,1.545355,30,207,63,6,0.32204186,0.01770420,-0.00338982,0E-8,0.000000,0.904812,0.002133,0.03111404,2026-03-21,2026-08-06,120,3733,1703,139,0.863309,1.227414,1.154177,1.073473,,,,,,,,GLOBAL_BASELINE_NO_ENTITY_RANKING,,,NOT_APPLICABLE_GLOBAL_BASELINE,HF9g-P5,,,,X 全窗基线 · 不参与实体赏罚,15053104,1506,A168_HF9F_20260827_0900,2026-08-27 09:00:00
2026-06-15,127529701,2229,0,490.9095584643,268.6630493479,268.6630493479,0.8333333,14,14,0.49994810000000000,0.499948100000,2.3097606629493437,2.3097606629493437,2.3097606629493437,0E-17,ELIGIBLE,R03b_20260811_FULL_v1,L1_ELIGIBILITY,v2026-08-11,2026-03-21..2026-08-06,baccarat_bet02_101_all_pairs_incl_sentinel,round_win = game_pnl > 0 (decisive only),COMPATIBILITY_ONLY_NOT_PRODUCTION,557989.4742,504875.3716,9878.7574,24851,24505,-0.01770420,0.00338982,-0.02772422,-0.01770420,-9878.7574,557989.4742,OK,0.0000,395.1503,4.0000,96.0000,AG03-UNRESOLVED,ALL5_LEVELS_bet23_to_bet27,395.1503,395.1503,395.1503,0.0000,0.0000,4.000000,4.000000,4.000000,0.000000,0.000000,96.000000,96.000000,96.000000,100.000000,100.000000,5.0,1185.4509,1138.6651,8693.3065,8740.0923,PENDING_AG03,FALSE,NOT_FOR_ENFORCEMENT,9483.6071,484680.3568,9878.7574,9483.6071,395.1503,0.01770420,0.01699603,395.1503,9483.6071,0.01699603,395.1503,395.1503,395.1503,0.0000,0.0000,9483.6071,0.01699603,1185.4509,1138.6651,8693.3065,8740.0923,0.01557970,0.01566354,0.00070817,22.4534,20.6030,0.4031,82.3230,2.6463,4649.9123,204.2083,25.9152,21.1137,12.8578,14.5296,26.176,48.8436,54.2173,102.8621,13.088,0.0,3.731508,7.079487,1.545355,30,207,63,6,0.32204186,0.01770420,-0.00338982,0E-8,0.000000,0.904812,0.002133,0.03111404,2026-03-21,2026-08-06,120,3733,1703,139,0.863309,1.227414,1.154177,1.073473,,,,,,,,GLOBAL_BASELINE_NO_ENTITY_RANKING,,,NOT_APPLICABLE_GLOBAL_BASELINE,HF9g-P5,,,,X 全窗基线 · 不参与实体赏罚,15053105,1506,A168_HF9F_20260827_0900,2026-08-27 09:00:00
2026-06-15,127529701,2233,0,264.8700079718,-64.2888368863,-64.2888368863,0.1666667,6,6,0.49547970000000000,0.495479700000,-1.6109141382103604,-1.6109141382103604,-1.6109141382103604,0E-17,ELIGIBLE,R03b_20260811_FULL_v1,L1_ELIGIBILITY,v2026-08-11,2026-03-21..2026-08-06,baccarat_bet02_101_all_pairs_incl_sentinel,round_win = game_pnl > 0 (decisive only),COMPATIBILITY_ONLY_NOT_PRODUCTION,557989.4742,504875.3716,9878.7574,24851,24505,-0.01770420,0.00338982,-0.02772422,-0.01770420,-9878.7574,557989.4742,OK,0.0000,395.1503,4.0000,96.0000,AG03-UNRESOLVED,ALL5_LEVELS_bet23_to_bet27,395.1503,395.1503,395.1503,0.0000,0.0000,4.000000,4.000000,4.000000,0.000000,0.000000,96.000000,96.000000,96.000000,100.000000,100.000000,5.0,1185.4509,1138.6651,8693.3065,8740.0923,PENDING_AG03,FALSE,NOT_FOR_ENFORCEMENT,9483.6071,484680.3568,9878.7574,9483.6071,395.1503,0.01770420,0.01699603,395.1503,9483.6071,0.01699603,395.1503,395.1503,395.1503,0.0000,0.0000,9483.6071,0.01699603,1185.4509,1138.6651,8693.3065,8740.0923,0.01557970,0.01566354,0.00070817,22.4534,20.6030,0.4031,82.3230,2.6463,4649.9123,204.2083,25.9152,21.1137,12.8578,14.5296,26.176,48.8436,54.2173,102.8621,13.088,0.0,3.731508,7.079487,1.545355,30,207,63,6,0.32204186,0.01770420,-0.00338982,0E-8,0.000000,0.904812,0.002133,0.03111404,2026-03-21,2026-08-06,120,3733,1703,139,0.863309,1.227414,1.154177,1.073473,,,,,,,,GLOBAL_BASELINE_NO_ENTITY_RANKING,,,NOT_APPLICABLE_GLOBAL_BASELINE,HF9g-P5,,,,X 全窗基线 · 不参与实体赏罚,15053106,1506,A168_HF9F_20260827_0900,2026-08-27 09:00:00
2026-06-15,127529701,2235,0,985.1621364466,-32.1444184431,-32.1444184431,0.3888889,21,21,0.48319931428571429,0.483199314286,-0.8007026412001523,-0.8007026412025627,-0.8007026412001523,-2.8571E-13,ELIGIBLE,R03b_20260811_FULL_v1,L1_ELIGIBILITY,v2026-08-11,2026-03-21..2026-08-06,baccarat_bet02_101_all_pairs_incl_sentinel,round_win = game_pnl > 0 (decisive only),COMPATIBILITY_ONLY_NOT_PRODUCTION,557989.4742,504875.3716,9878.7574,24851,24505,-0.01770420,0.00338982,-0.02772422,-0.01770420,-9878.7574,557989.4742,OK,0.0000,395.1503,4.0000,96.0000,AG03-UNRESOLVED,ALL5_LEVELS_bet23_to_bet27,395.1503,395.1503,395.1503,0.0000,0.0000,4.000000,4.000000,4.000000,0.000000,0.000000,96.000000,96.000000,96.000000,100.000000,100.000000,5.0,1185.4509,1138.6651,8693.3065,8740.0923,PENDING_AG03,FALSE,NOT_FOR_ENFORCEMENT,9483.6071,484680.3568,9878.7574,9483.6071,395.1503,0.01770420,0.01699603,395.1503,9483.6071,0.01699603,395.1503,395.1503,395.1503,0.0000,0.0000,9483.6071,0.01699603,1185.4509,1138.6651,8693.3065,8740.0923,0.01557970,0.01566354,0.00070817,22.4534,20.6030,0.4031,82.3230,2.6463,4649.9123,204.2083,25.9152,21.1137,12.8578,14.5296,26.176,48.8436,54.2173,102.8621,13.088,0.0,3.731508,7.079487,1.545355,30,207,63,6,0.32204186,0.01770420,-0.00338982,0E-8,0.000000,0.904812,0.002133,0.03111404,2026-03-21,2026-08-06,120,3733,1703,139,0.863309,1.227414,1.154177,1.073473,,,,,,,,GLOBAL_BASELINE_NO_ENTITY_RANKING,,,NOT_APPLICABLE_GLOBAL_BASELINE,HF9g-P5,,,,X 全窗基线 · 不参与实体赏罚,15053107,1506,A168_HF9F_20260827_0900,2026-08-27 09:00:00
2026-06-15,127529701,2241,0,274.6419111786,152.8531385810,152.8531385810,0.5000000,7,7,0.49899058571428571,0.498990585714,0.004945109955477372,0.0049451099568770685,0.004945109955477372,2.8571E-13,ELIGIBLE,R03b_20260811_FULL_v1,L1_ELIGIBILITY,v2026-08-11,2026-03-21..2026-08-06,baccarat_bet02_101_all_pairs_incl_sentinel,round_win = game_pnl > 0 (decisive only),COMPATIBILITY_ONLY_NOT_PRODUCTION,557989.4742,504875.3716,9878.7574,24851,24505,-0.01770420,0.00338982,-0.02772422,-0.01770420,-9878.7574,557989.4742,OK,0.0000,395.1503,4.0000,96.0000,AG03-UNRESOLVED,ALL5_LEVELS_bet23_to_bet27,395.1503,395.1503,395.1503,0.0000,0.0000,4.000000,4.000000,4.000000,0.000000,0.000000,96.000000,96.000000,96.000000,100.000000,100.000000,5.0,1185.4509,1138.6651,8693.3065,8740.0923,PENDING_AG03,FALSE,NOT_FOR_ENFORCEMENT,9483.6071,484680.3568,9878.7574,9483.6071,395.1503,0.01770420,0.01699603,395.1503,9483.6071,0.01699603,395.1503,395.1503,395.1503,0.0000,0.0000,9483.6071,0.01699603,1185.4509,1138.6651,8693.3065,8740.0923,0.01557970,0.01566354,0.00070817,22.4534,20.6030,0.4031,82.3230,2.6463,4649.9123,204.2083,25.9152,21.1137,12.8578,14.5296,26.176,48.8436,54.2173,102.8621,13.088,0.0,3.731508,7.079487,1.545355,30,207,63,6,0.32204186,0.01770420,-0.00338982,0E-8,0.000000,0.904812,0.002133,0.03111404,2026-03-21,2026-08-06,120,3733,1703,139,0.863309,1.227414,1.154177,1.073473,,,,,,,,GLOBAL_BASELINE_NO_ENTITY_RANKING,,,NOT_APPLICABLE_GLOBAL_BASELINE,HF9g-P5,,,,X 全窗基线 · 不参与实体赏罚,15053108,1506,A168_HF9F_20260827_0900,2026-08-27 09:00:00
2026-06-15,127529701,2252,0,64.2888368864,-64.2888368864,-64.2888368864,0E-7,2,2,0.49994810000000000,0.499948100000,-1.4140667746232096,-1.4140667746232096,-1.4140667746232096,0E-17,ELIGIBLE,R03b_20260811_FULL_v1,L1_ELIGIBILITY,v2026-08-11,2026-03-21..2026-08-06,baccarat_bet02_101_all_pairs_incl_sentinel,round_win = game_pnl > 0 (decisive only),COMPATIBILITY_ONLY_NOT_PRODUCTION,557989.4742,504875.3716,9878.7574,24851,24505,-0.01770420,0.00338982,-0.02772422,-0.01770420,-9878.7574,557989.4742,OK,0.0000,395.1503,4.0000,96.0000,AG03-UNRESOLVED,ALL5_LEVELS_bet23_to_bet27,395.1503,395.1503,395.1503,0.0000,0.0000,4.000000,4.000000,4.000000,0.000000,0.000000,96.000000,96.000000,96.000000,100.000000,100.000000,5.0,1185.4509,1138.6651,8693.3065,8740.0923,PENDING_AG03,FALSE,NOT_FOR_ENFORCEMENT,9483.6071,484680.3568,9878.7574,9483.6071,395.1503,0.01770420,0.01699603,395.1503,9483.6071,0.01699603,395.1503,395.1503,395.1503,0.0000,0.0000,9483.6071,0.01699603,1185.4509,1138.6651,8693.3065,8740.0923,0.01557970,0.01566354,0.00070817,22.4534,20.6030,0.4031,82.3230,2.6463,4649.9123,204.2083,25.9152,21.1137,12.8578,14.5296,26.176,48.8436,54.2173,102.8621,13.088,0.0,3.731508,7.079487,1.545355,30,207,63,6,0.32204186,0.01770420,-0.00338982,0E-8,0.000000,0.904812,0.002133,0.03111404,2026-03-21,2026-08-06,120,3733,1703,139,0.863309,1.227414,1.154177,1.073473,,,,,,,,GLOBAL_BASELINE_NO_ENTITY_RANKING,,,NOT_APPLICABLE_GLOBAL_BASELINE,HF9g-P5,,,,X 全窗基线 · 不参与实体赏罚,15053109,1506,A168_HF9F_20260827_0900,2026-08-27 09:00:00
2026-06-15,127529701,2281,0,218.0677347185,-63.7745261913,-63.7745261913,0.2000000,5,5,0.50128862000000000,0.501288620000,-1.347408145195933,-1.347408145195933,-1.347408145195933,0E-17,ELIGIBLE,R03b_20260811_FULL_v1,L1_ELIGIBILITY,v2026-08-11,2026-03-21..2026-08-06,baccarat_bet02_101_all_pairs_incl_sentinel,round_win = game_pnl > 0 (decisive only),COMPATIBILITY_ONLY_NOT_PRODUCTION,557989.4742,504875.3716,9878.7574,24851,24505,-0.01770420,0.00338982,-0.02772422,-0.01770420,-9878.7574,557989.4742,OK,0.0000,395.1503,4.0000,96.0000,AG03-UNRESOLVED,ALL5_LEVELS_bet23_to_bet27,395.1503,395.1503,395.1503,0.0000,0.0000,4.000000,4.000000,4.000000,0.000000,0.000000,96.000000,96.000000,96.000000,100.000000,100.000000,5.0,1185.4509,1138.6651,8693.3065,8740.0923,PENDING_AG03,FALSE,NOT_FOR_ENFORCEMENT,9483.6071,484680.3568,9878.7574,9483.6071,395.1503,0.01770420,0.01699603,395.1503,9483.6071,0.01699603,395.1503,395.1503,395.1503,0.0000,0.0000,9483.6071,0.01699603,1185.4509,1138.6651,8693.3065,8740.0923,0.01557970,0.01566354,0.00070817,22.4534,20.6030,0.4031,82.3230,2.6463,4649.9123,204.2083,25.9152,21.1137,12.8578,14.5296,26.176,48.8436,54.2173,102.8621,13.088,0.0,3.731508,7.079487,1.545355,30,207,63,6,0.32204186,0.01770420,-0.00338982,0E-8,0.000000,0.904812,0.002133,0.03111404,2026-03-21,2026-08-06,120,3733,1703,139,0.863309,1.227414,1.154177,1.073473,,,,,,,,GLOBAL_BASELINE_NO_ENTITY_RANKING,,,NOT_APPLICABLE_GLOBAL_BASELINE,HF9g-P5,,,,X 全窗基线 · 不参与实体赏罚,15053110,1506,A168_HF9F_20260827_0900,2026-08-27 09:00:00
2026-06-15,127529701,583,0,385.7330213181,-260.3697893898,-260.3697893898,0.2857143,7,7,0.49899058571428571,0.498990585714,-1.1285544004973334,-1.1285544004958228,-1.1285544004973334,2.8571E-13,ELIGIBLE,R03b_20260811_FULL_v1,L1_ELIGIBILITY,v2026-08-11,2026-03-21..2026-08-06,baccarat_bet02_101_all_pairs_incl_sentinel,round_win = game_pnl > 0 (decisive only),COMPATIBILITY_ONLY_NOT_PRODUCTION,557989.4742,504875.3716,9878.7574,24851,24505,-0.01770420,0.00338982,-0.02772422,-0.01770420,-9878.7574,557989.4742,OK,0.0000,395.1503,4.0000,96.0000,AG03-UNRESOLVED,ALL5_LEVELS_bet23_to_bet27,395.1503,395.1503,395.1503,0.0000,0.0000,4.000000,4.000000,4.000000,0.000000,0.000000,96.000000,96.000000,96.000000,100.000000,100.000000,5.0,1185.4509,1138.6651,8693.3065,8740.0923,PENDING_AG03,FALSE,NOT_FOR_ENFORCEMENT,9483.6071,484680.3568,9878.7574,9483.6071,395.1503,0.01770420,0.01699603,395.1503,9483.6071,0.01699603,395.1503,395.1503,395.1503,0.0000,0.0000,9483.6071,0.01699603,1185.4509,1138.6651,8693.3065,8740.0923,0.01557970,0.01566354,0.00070817,22.4534,20.6030,0.4031,82.3230,2.6463,4649.9123,204.2083,25.9152,21.1137,12.8578,14.5296,26.176,48.8436,54.2173,102.8621,13.088,0.0,3.731508,7.079487,1.545355,30,207,63,6,0.32204186,0.01770420,-0.00338982,0E-8,0.000000,0.904812,0.002133,0.03111404,2026-03-21,2026-08-06,120,3733,1703,139,0.863309,1.227414,1.154177,1.073473,,,,,,,,GLOBAL_BASELINE_NO_ENTITY_RANKING,,,NOT_APPLICABLE_GLOBAL_BASELINE,HF9g-P5,,,,X 全窗基线 · 不参与实体赏罚,15053111,1506,A168_HF9F_20260827_0900,2026-08-27 09:00:00
2026-06-15,127529701,595,0,64.2888368863,10.9291022707,10.9291022707,0.5000000,2,2,0.49994810000000000,0.499948100000,0.00014679536856514622,0.00014679536856514622,0.00014679536856514622,0E-17,ELIGIBLE,R03b_20260811_FULL_v1,L1_ELIGIBILITY,v2026-08-11,2026-03-21..2026-08-06,baccarat_bet02_101_all_pairs_incl_sentinel,round_win = game_pnl > 0 (decisive only),COMPATIBILITY_ONLY_NOT_PRODUCTION,557989.4742,504875.3716,9878.7574,24851,24505,-0.01770420,0.00338982,-0.02772422,-0.01770420,-9878.7574,557989.4742,OK,0.0000,395.1503,4.0000,96.0000,AG03-UNRESOLVED,ALL5_LEVELS_bet23_to_bet27,395.1503,395.1503,395.1503,0.0000,0.0000,4.000000,4.000000,4.000000,0.000000,0.000000,96.000000,96.000000,96.000000,100.000000,100.000000,5.0,1185.4509,1138.6651,8693.3065,8740.0923,PENDING_AG03,FALSE,NOT_FOR_ENFORCEMENT,9483.6071,484680.3568,9878.7574,9483.6071,395.1503,0.01770420,0.01699603,395.1503,9483.6071,0.01699603,395.1503,395.1503,395.1503,0.0000,0.0000,9483.6071,0.01699603,1185.4509,1138.6651,8693.3065,8740.0923,0.01557970,0.01566354,0.00070817,22.4534,20.6030,0.4031,82.3230,2.6463,4649.9123,204.2083,25.9152,21.1137,12.8578,14.5296,26.176,48.8436,54.2173,102.8621,13.088,0.0,3.731508,7.079487,1.545355,30,207,63,6,0.32204186,0.01770420,-0.00338982,0E-8,0.000000,0.904812,0.002133,0.03111404,2026-03-21,2026-08-06,120,3733,1703,139,0.863309,1.227414,1.154177,1.073473,,,,,,,,GLOBAL_BASELINE_NO_ENTITY_RANKING,,,NOT_APPLICABLE_GLOBAL_BASELINE,HF9g-P5,,,,X 全窗基线 · 不参与实体赏罚,15053112,1506,A168_HF9F_20260827_0900,2026-08-27 09:00:00
2026-06-16,127529701,-1,1,318.1011649137,16.2007868953,16.2007868953,0.3333333,6,6,0.49547970000000000,0.495479700000,-0.7943841881047936,-0.7943841881047936,-0.7943841881047936,0E-17,SENTINEL_DEALER,R03b_20260811_FULL_v1,L1_ELIGIBILITY,v2026-08-11,2026-03-21..2026-08-06,baccarat_bet02_101_all_pairs_incl_sentinel,round_win = game_pnl > 0 (decisive only),COMPATIBILITY_ONLY_NOT_PRODUCTION,557989.4742,504875.3716,9878.7574,24851,24505,-0.01770420,0.00338982,-0.02772422,-0.01770420,-9878.7574,557989.4742,OK,0.0000,395.1503,4.0000,96.0000,AG03-UNRESOLVED,ALL5_LEVELS_bet23_to_bet27,395.1503,395.1503,395.1503,0.0000,0.0000,4.000000,4.000000,4.000000,0.000000,0.000000,96.000000,96.000000,96.000000,100.000000,100.000000,5.0,1185.4509,1138.6651,8693.3065,8740.0923,PENDING_AG03,FALSE,NOT_FOR_ENFORCEMENT,9483.6071,484680.3568,9878.7574,9483.6071,395.1503,0.01770420,0.01699603,395.1503,9483.6071,0.01699603,395.1503,395.1503,395.1503,0.0000,0.0000,9483.6071,0.01699603,1185.4509,1138.6651,8693.3065,8740.0923,0.01557970,0.01566354,0.00070817,22.4534,20.6030,0.4031,82.3230,2.6463,4649.9123,204.2083,25.9152,21.1137,12.8578,14.5296,26.176,48.8436,54.2173,102.8621,13.088,0.0,3.731508,7.079487,1.545355,30,207,63,6,0.32204186,0.01770420,-0.00338982,0E-8,0.000000,0.904812,0.002133,0.03111404,2026-03-21,2026-08-06,120,3733,1703,139,0.863309,1.227414,1.154177,1.073473,,,,,,,,GLOBAL_BASELINE_NO_ENTITY_RANKING,,,NOT_APPLICABLE_GLOBAL_BASELINE,HF9g-P5,,,,X 全窗基线 · 不参与实体赏罚,15053113,1506,A168_HF9F_20260827_0900,2026-08-27 09:00:00
2026-06-16,127529701,1004,0,156.8647620027,75.8608275259,75.8608275259,0.7500000,4,4,0.49994810000000000,0.499948100000,1.0002076053883384,1.0002076053883384,1.0002076053883384,0E-17,ELIGIBLE,R03b_20260811_FULL_v1,L1_ELIGIBILITY,v2026-08-11,2026-03-21..2026-08-06,baccarat_bet02_101_all_pairs_incl_sentinel,round_win = game_pnl > 0 (decisive only),COMPATIBILITY_ONLY_NOT_PRODUCTION,557989.4742,504875.3716,9878.7574,24851,24505,-0.01770420,0.00338982,-0.02772422,-0.01770420,-9878.7574,557989.4742,OK,0.0000,395.1503,4.0000,96.0000,AG03-UNRESOLVED,ALL5_LEVELS_bet23_to_bet27,395.1503,395.1503,395.1503,0.0000,0.0000,4.000000,4.000000,4.000000,0.000000,0.000000,96.000000,96.000000,96.000000,100.000000,100.000000,5.0,1185.4509,1138.6651,8693.3065,8740.0923,PENDING_AG03,FALSE,NOT_FOR_ENFORCEMENT,9483.6071,484680.3568,9878.7574,9483.6071,395.1503,0.01770420,0.01699603,395.1503,9483.6071,0.01699603,395.1503,395.1503,395.1503,0.0000,0.0000,9483.6071,0.01699603,1185.4509,1138.6651,8693.3065,8740.0923,0.01557970,0.01566354,0.00070817,22.4534,20.6030,0.4031,82.3230,2.6463,4649.9123,204.2083,25.9152,21.1137,12.8578,14.5296,26.176,48.8436,54.2173,102.8621,13.088,0.0,3.731508,7.079487,1.545355,30,207,63,6,0.32204186,0.01770420,-0.00338982,0E-8,0.000000,0.904812,0.002133,0.03111404,2026-03-21,2026-08-06,120,3733,1703,139,0.863309,1.227414,1.154177,1.073473,,,,,,,,GLOBAL_BASELINE_NO_ENTITY_RANKING,,,NOT_APPLICABLE_GLOBAL_BASELINE,HF9g-P5,,,,X 全窗基线 · 不参与实体赏罚,15053114,1506,A168_HF9F_20260827_0900,2026-08-27 09:00:00
2026-06-16,127529701,1267,0,98.4904981099,93.5659732044,93.5659732044,1.0000000,3,3,0.50665070000000000,0.506650700000,1.7091633124209307,1.7091633124209307,1.7091633124209307,0E-17,ELIGIBLE,R03b_20260811_FULL_v1,L1_ELIGIBILITY,v2026-08-11,2026-03-21..2026-08-06,baccarat_bet02_101_all_pairs_incl_sentinel,round_win = game_pnl > 0 (decisive only),COMPATIBILITY_ONLY_NOT_PRODUCTION,557989.4742,504875.3716,9878.7574,24851,24505,-0.01770420,0.00338982,-0.02772422,-0.01770420,-9878.7574,557989.4742,OK,0.0000,395.1503,4.0000,96.0000,AG03-UNRESOLVED,ALL5_LEVELS_bet23_to_bet27,395.1503,395.1503,395.1503,0.0000,0.0000,4.000000,4.000000,4.000000,0.000000,0.000000,96.000000,96.000000,96.000000,100.000000,100.000000,5.0,1185.4509,1138.6651,8693.3065,8740.0923,PENDING_AG03,FALSE,NOT_FOR_ENFORCEMENT,9483.6071,484680.3568,9878.7574,9483.6071,395.1503,0.01770420,0.01699603,395.1503,9483.6071,0.01699603,395.1503,395.1503,395.1503,0.0000,0.0000,9483.6071,0.01699603,1185.4509,1138.6651,8693.3065,8740.0923,0.01557970,0.01566354,0.00070817,22.4534,20.6030,0.4031,82.3230,2.6463,4649.9123,204.2083,25.9152,21.1137,12.8578,14.5296,26.176,48.8436,54.2173,102.8621,13.088,0.0,3.731508,7.079487,1.545355,30,207,63,6,0.32204186,0.01770420,-0.00338982,0E-8,0.000000,0.904812,0.002133,0.03111404,2026-03-21,2026-08-06,120,3733,1703,139,0.863309,1.227414,1.154177,1.073473,,,,,,,,GLOBAL_BASELINE_NO_ENTITY_RANKING,,,NOT_APPLICABLE_GLOBAL_BASELINE,HF9g-P5,,,,X 全窗基线 · 不参与实体赏罚,15053115,1506,A168_HF9F_20260827_0900,2026-08-27 09:00:00
2026-06-16,127529701,1385,0,308.5864170545,-154.2932085273,-154.2932085273,0.2500000,4,4,0.49659680000000000,0.496596800000,-0.9864100490137353,-0.9864100490137354,-0.9864100490137353,0E-17,ELIGIBLE,R03b_20260811_FULL_v1,L1_ELIGIBILITY,v2026-08-11,2026-03-21..2026-08-06,baccarat_bet02_101_all_pairs_incl_sentinel,round_win = game_pnl > 0 (decisive only),COMPATIBILITY_ONLY_NOT_PRODUCTION,557989.4742,504875.3716,9878.7574,24851,24505,-0.01770420,0.00338982,-0.02772422,-0.01770420,-9878.7574,557989.4742,OK,0.0000,395.1503,4.0000,96.0000,AG03-UNRESOLVED,ALL5_LEVELS_bet23_to_bet27,395.1503,395.1503,395.1503,0.0000,0.0000,4.000000,4.000000,4.000000,0.000000,0.000000,96.000000,96.000000,96.000000,100.000000,100.000000,5.0,1185.4509,1138.6651,8693.3065,8740.0923,PENDING_AG03,FALSE,NOT_FOR_ENFORCEMENT,9483.6071,484680.3568,9878.7574,9483.6071,395.1503,0.01770420,0.01699603,395.1503,9483.6071,0.01699603,395.1503,395.1503,395.1503,0.0000,0.0000,9483.6071,0.01699603,1185.4509,1138.6651,8693.3065,8740.0923,0.01557970,0.01566354,0.00070817,22.4534,20.6030,0.4031,82.3230,2.6463,4649.9123,204.2083,25.9152,21.1137,12.8578,14.5296,26.176,48.8436,54.2173,102.8621,13.088,0.0,3.731508,7.079487,1.545355,30,207,63,6,0.32204186,0.01770420,-0.00338982,0E-8,0.000000,0.904812,0.002133,0.03111404,2026-03-21,2026-08-06,120,3733,1703,139,0.863309,1.227414,1.154177,1.073473,,,,,,,,GLOBAL_BASELINE_NO_ENTITY_RANKING,,,NOT_APPLICABLE_GLOBAL_BASELINE,HF9g-P5,,,,X 全窗基线 · 不参与实体赏罚,15053116,1506,A168_HF9F_20260827_0900,2026-08-27 09:00:00
2026-06-16,127529701,1400,0,227.0681718827,89.7729318281,89.7729318281,0.5714286,10,10,0.50128862000000000,0.501288620000,0.37114696951224013,0.37114696951224013,0.37114696951224013,0E-17,ELIGIBLE,R03b_20260811_FULL_v1,L1_ELIGIBILITY,v2026-08-11,2026-03-21..2026-08-06,baccarat_bet02_101_all_pairs_incl_sentinel,round_win = game_pnl > 0 (decisive only),COMPATIBILITY_ONLY_NOT_PRODUCTION,557989.4742,504875.3716,9878.7574,24851,24505,-0.01770420,0.00338982,-0.02772422,-0.01770420,-9878.7574,557989.4742,OK,0.0000,395.1503,4.0000,96.0000,AG03-UNRESOLVED,ALL5_LEVELS_bet23_to_bet27,395.1503,395.1503,395.1503,0.0000,0.0000,4.000000,4.000000,4.000000,0.000000,0.000000,96.000000,96.000000,96.000000,100.000000,100.000000,5.0,1185.4509,1138.6651,8693.3065,8740.0923,PENDING_AG03,FALSE,NOT_FOR_ENFORCEMENT,9483.6071,484680.3568,9878.7574,9483.6071,395.1503,0.01770420,0.01699603,395.1503,9483.6071,0.01699603,395.1503,395.1503,395.1503,0.0000,0.0000,9483.6071,0.01699603,1185.4509,1138.6651,8693.3065,8740.0923,0.01557970,0.01566354,0.00070817,22.4534,20.6030,0.4031,82.3230,2.6463,4649.9123,204.2083,25.9152,21.1137,12.8578,14.5296,26.176,48.8436,54.2173,102.8621,13.088,0.0,3.731508,7.079487,1.545355,30,207,63,6,0.32204186,0.01770420,-0.00338982,0E-8,0.000000,0.904812,0.002133,0.03111404,2026-03-21,2026-08-06,120,3733,1703,139,0.863309,1.227414,1.154177,1.073473,,,,,,,,GLOBAL_BASELINE_NO_ENTITY_RANKING,,,NOT_APPLICABLE_GLOBAL_BASELINE,HF9g-P5,,,,X 全窗基线 · 不参与实体赏罚,15053117,1506,A168_HF9F_20260827_0900,2026-08-27 09:00:00
2026-06-16,127529701,1490,0,25.7155347545,-25.7155347545,-25.7155347545,0E-7,1,1,0.50665070000000000,0.506650700000,-1.013391052207602,-1.013391052207602,-1.013391052207602,0E-17,ELIGIBLE,R03b_20260811_FULL_v1,L1_ELIGIBILITY,v2026-08-11,2026-03-21..2026-08-06,baccarat_bet02_101_all_pairs_incl_sentinel,round_win = game_pnl > 0 (decisive only),COMPATIBILITY_ONLY_NOT_PRODUCTION,557989.4742,504875.3716,9878.7574,24851,24505,-0.01770420,0.00338982,-0.02772422,-0.01770420,-9878.7574,557989.4742,OK,0.0000,395.1503,4.0000,96.0000,AG03-UNRESOLVED,ALL5_LEVELS_bet23_to_bet27,395.1503,395.1503,395.1503,0.0000,0.0000,4.000000,4.000000,4.000000,0.000000,0.000000,96.000000,96.000000,96.000000,100.000000,100.000000,5.0,1185.4509,1138.6651,8693.3065,8740.0923,PENDING_AG03,FALSE,NOT_FOR_ENFORCEMENT,9483.6071,484680.3568,9878.7574,9483.6071,395.1503,0.01770420,0.01699603,395.1503,9483.6071,0.01699603,395.1503,395.1503,395.1503,0.0000,0.0000,9483.6071,0.01699603,1185.4509,1138.6651,8693.3065,8740.0923,0.01557970,0.01566354,0.00070817,22.4534,20.6030,0.4031,82.3230,2.6463,4649.9123,204.2083,25.9152,21.1137,12.8578,14.5296,26.176,48.8436,54.2173,102.8621,13.088,0.0,3.731508,7.079487,1.545355,30,207,63,6,0.32204186,0.01770420,-0.00338982,0E-8,0.000000,0.904812,0.002133,0.03111404,2026-03-21,2026-08-06,120,3733,1703,139,0.863309,1.227414,1.154177,1.073473,,,,,,,,GLOBAL_BASELINE_NO_ENTITY_RANKING,,,NOT_APPLICABLE_GLOBAL_BASELINE,HF9g-P5,,,,X 全窗基线 · 不参与实体赏罚,15053118,1506,A168_HF9F_20260827_0900,2026-08-27 09:00:00
2026-06-16,127529701,1645,0,102.8621390182,0E-10,0E-10,0.5000000,2,2,0.49994810000000000,0.499948100000,0.00014679536856514622,0.00014679536856514622,0.00014679536856514622,0E-17,ELIGIBLE,R03b_20260811_FULL_v1,L1_ELIGIBILITY,v2026-08-11,2026-03-21..2026-08-06,baccarat_bet02_101_all_pairs_incl_sentinel,round_win = game_pnl > 0 (decisive only),COMPATIBILITY_ONLY_NOT_PRODUCTION,557989.4742,504875.3716,9878.7574,24851,24505,-0.01770420,0.00338982,-0.02772422,-0.01770420,-9878.7574,557989.4742,OK,0.0000,395.1503,4.0000,96.0000,AG03-UNRESOLVED,ALL5_LEVELS_bet23_to_bet27,395.1503,395.1503,395.1503,0.0000,0.0000,4.000000,4.000000,4.000000,0.000000,0.000000,96.000000,96.000000,96.000000,100.000000,100.000000,5.0,1185.4509,1138.6651,8693.3065,8740.0923,PENDING_AG03,FALSE,NOT_FOR_ENFORCEMENT,9483.6071,484680.3568,9878.7574,9483.6071,395.1503,0.01770420,0.01699603,395.1503,9483.6071,0.01699603,395.1503,395.1503,395.1503,0.0000,0.0000,9483.6071,0.01699603,1185.4509,1138.6651,8693.3065,8740.0923,0.01557970,0.01566354,0.00070817,22.4534,20.6030,0.4031,82.3230,2.6463,4649.9123,204.2083,25.9152,21.1137,12.8578,14.5296,26.176,48.8436,54.2173,102.8621,13.088,0.0,3.731508,7.079487,1.545355,30,207,63,6,0.32204186,0.01770420,-0.00338982,0E-8,0.000000,0.904812,0.002133,0.03111404,2026-03-21,2026-08-06,120,3733,1703,139,0.863309,1.227414,1.154177,1.073473,,,,,,,,GLOBAL_BASELINE_NO_ENTITY_RANKING,,,NOT_APPLICABLE_GLOBAL_BASELINE,HF9g-P5,,,,X 全窗基线 · 不参与实体赏罚,15053119,1506,A168_HF9F_20260827_0900,2026-08-27 09:00:00
2026-06-16,127529701,2073,0,25.7155347545,-25.7155347545,-25.7155347545,0E-7,1,1,0.49324550000000000,0.493245500000,-0.9865810262130424,-0.9865810262130424,-0.9865810262130424,0E-17,ELIGIBLE,R03b_20260811_FULL_v1,L1_ELIGIBILITY,v2026-08-11,2026-03-21..2026-08-06,baccarat_bet02_101_all_pairs_incl_sentinel,round_win = game_pnl > 0 (decisive only),COMPATIBILITY_ONLY_NOT_PRODUCTION,557989.4742,504875.3716,9878.7574,24851,24505,-0.01770420,0.00338982,-0.02772422,-0.01770420,-9878.7574,557989.4742,OK,0.0000,395.1503,4.0000,96.0000,AG03-UNRESOLVED,ALL5_LEVELS_bet23_to_bet27,395.1503,395.1503,395.1503,0.0000,0.0000,4.000000,4.000000,4.000000,0.000000,0.000000,96.000000,96.000000,96.000000,100.000000,100.000000,5.0,1185.4509,1138.6651,8693.3065,8740.0923,PENDING_AG03,FALSE,NOT_FOR_ENFORCEMENT,9483.6071,484680.3568,9878.7574,9483.6071,395.1503,0.01770420,0.01699603,395.1503,9483.6071,0.01699603,395.1503,395.1503,395.1503,0.0000,0.0000,9483.6071,0.01699603,1185.4509,1138.6651,8693.3065,8740.0923,0.01557970,0.01566354,0.00070817,22.4534,20.6030,0.4031,82.3230,2.6463,4649.9123,204.2083,25.9152,21.1137,12.8578,14.5296,26.176,48.8436,54.2173,102.8621,13.088,0.0,3.731508,7.079487,1.545355,30,207,63,6,0.32204186,0.01770420,-0.00338982,0E-8,0.000000,0.904812,0.002133,0.03111404,2026-03-21,2026-08-06,120,3733,1703,139,0.863309,1.227414,1.154177,1.073473,,,,,,,,GLOBAL_BASELINE_NO_ENTITY_RANKING,,,NOT_APPLICABLE_GLOBAL_BASELINE,HF9g-P5,,,,X 全窗基线 · 不参与实体赏罚,15053120,1506,A168_HF9F_20260827_0900,2026-08-27 09:00:00
2026-06-16,127529701,2080,0,696.8909918482,-154.2932085273,-154.2932085273,0.4666667,15,15,0.49682022000000000,0.496820220000,-0.23357314314220967,-0.23357314314220967,-0.23357314314220967,0E-17,ELIGIBLE,R03b_20260811_FULL_v1,L1_ELIGIBILITY,v2026-08-11,2026-03-21..2026-08-06,baccarat_bet02_101_all_pairs_incl_sentinel,round_win = game_pnl > 0 (decisive only),COMPATIBILITY_ONLY_NOT_PRODUCTION,557989.4742,504875.3716,9878.7574,24851,24505,-0.01770420,0.00338982,-0.02772422,-0.01770420,-9878.7574,557989.4742,OK,0.0000,395.1503,4.0000,96.0000,AG03-UNRESOLVED,ALL5_LEVELS_bet23_to_bet27,395.1503,395.1503,395.1503,0.0000,0.0000,4.000000,4.000000,4.000000,0.000000,0.000000,96.000000,96.000000,96.000000,100.000000,100.000000,5.0,1185.4509,1138.6651,8693.3065,8740.0923,PENDING_AG03,FALSE,NOT_FOR_ENFORCEMENT,9483.6071,484680.3568,9878.7574,9483.6071,395.1503,0.01770420,0.01699603,395.1503,9483.6071,0.01699603,395.1503,395.1503,395.1503,0.0000,0.0000,9483.6071,0.01699603,1185.4509,1138.6651,8693.3065,8740.0923,0.01557970,0.01566354,0.00070817,22.4534,20.6030,0.4031,82.3230,2.6463,4649.9123,204.2083,25.9152,21.1137,12.8578,14.5296,26.176,48.8436,54.2173,102.8621,13.088,0.0,3.731508,7.079487,1.545355,30,207,63,6,0.32204186,0.01770420,-0.00338982,0E-8,0.000000,0.904812,0.002133,0.03111404,2026-03-21,2026-08-06,120,3733,1703,139,0.863309,1.227414,1.154177,1.073473,,,,,,,,GLOBAL_BASELINE_NO_ENTITY_RANKING,,,NOT_APPLICABLE_GLOBAL_BASELINE,HF9g-P5,,,,X 全窗基线 · 不参与实体赏罚,15053121,1506,A168_HF9F_20260827_0900,2026-08-27 09:00:00
2026-06-16,127529701,2101,0,66.8603903618,64.2888368863,64.2888368863,1.0000000,2,2,0.49994810000000000,0.499948100000,1.4143603653603398,1.4143603653603398,1.4143603653603398,0E-17,ELIGIBLE,R03b_20260811_FULL_v1,L1_ELIGIBILITY,v2026-08-11,2026-03-21..2026-08-06,baccarat_bet02_101_all_pairs_incl_sentinel,round_win = game_pnl > 0 (decisive only),COMPATIBILITY_ONLY_NOT_PRODUCTION,557989.4742,504875.3716,9878.7574,24851,24505,-0.01770420,0.00338982,-0.02772422,-0.01770420,-9878.7574,557989.4742,OK,0.0000,395.1503,4.0000,96.0000,AG03-UNRESOLVED,ALL5_LEVELS_bet23_to_bet27,395.1503,395.1503,395.1503,0.0000,0.0000,4.000000,4.000000,4.000000,0.000000,0.000000,96.000000,96.000000,96.000000,100.000000,100.000000,5.0,1185.4509,1138.6651,8693.3065,8740.0923,PENDING_AG03,FALSE,NOT_FOR_ENFORCEMENT,9483.6071,484680.3568,9878.7574,9483.6071,395.1503,0.01770420,0.01699603,395.1503,9483.6071,0.01699603,395.1503,395.1503,395.1503,0.0000,0.0000,9483.6071,0.01699603,1185.4509,1138.6651,8693.3065,8740.0923,0.01557970,0.01566354,0.00070817,22.4534,20.6030,0.4031,82.3230,2.6463,4649.9123,204.2083,25.9152,21.1137,12.8578,14.5296,26.176,48.8436,54.2173,102.8621,13.088,0.0,3.731508,7.079487,1.545355,30,207,63,6,0.32204186,0.01770420,-0.00338982,0E-8,0.000000,0.904812,0.002133,0.03111404,2026-03-21,2026-08-06,120,3733,1703,139,0.863309,1.227414,1.154177,1.073473,,,,,,,,GLOBAL_BASELINE_NO_ENTITY_RANKING,,,NOT_APPLICABLE_GLOBAL_BASELINE,HF9g-P5,,,,X 全窗基线 · 不参与实体赏罚,15053122,1506,A168_HF9F_20260827_0900,2026-08-27 09:00:00
2026-06-16,127529701,2115,0,115.7199063954,59.7886183043,59.7886183043,0.6666667,3,3,0.50665070000000000,0.506650700000,0.5543606114942035,0.5543606114942035,0.5543606114942035,0E-17,ELIGIBLE,R03b_20260811_FULL_v1,L1_ELIGIBILITY,v2026-08-11,2026-03-21..2026-08-06,baccarat_bet02_101_all_pairs_incl_sentinel,round_win = game_pnl > 0 (decisive only),COMPATIBILITY_ONLY_NOT_PRODUCTION,557989.4742,504875.3716,9878.7574,24851,24505,-0.01770420,0.00338982,-0.02772422,-0.01770420,-9878.7574,557989.4742,OK,0.0000,395.1503,4.0000,96.0000,AG03-UNRESOLVED,ALL5_LEVELS_bet23_to_bet27,395.1503,395.1503,395.1503,0.0000,0.0000,4.000000,4.000000,4.000000,0.000000,0.000000,96.000000,96.000000,96.000000,100.000000,100.000000,5.0,1185.4509,1138.6651,8693.3065,8740.0923,PENDING_AG03,FALSE,NOT_FOR_ENFORCEMENT,9483.6071,484680.3568,9878.7574,9483.6071,395.1503,0.01770420,0.01699603,395.1503,9483.6071,0.01699603,395.1503,395.1503,395.1503,0.0000,0.0000,9483.6071,0.01699603,1185.4509,1138.6651,8693.3065,8740.0923,0.01557970,0.01566354,0.00070817,22.4534,20.6030,0.4031,82.3230,2.6463,4649.9123,204.2083,25.9152,21.1137,12.8578,14.5296,26.176,48.8436,54.2173,102.8621,13.088,0.0,3.731508,7.079487,1.545355,30,207,63,6,0.32204186,0.01770420,-0.00338982,0E-8,0.000000,0.904812,0.002133,0.03111404,2026-03-21,2026-08-06,120,3733,1703,139,0.863309,1.227414,1.154177,1.073473,,,,,,,,GLOBAL_BASELINE_NO_ENTITY_RANKING,,,NOT_APPLICABLE_GLOBAL_BASELINE,HF9g-P5,,,,X 全窗基线 · 不参与实体赏罚,15053123,1506,A168_HF9F_20260827_0900,2026-08-27 09:00:00
2026-06-16,127529701,2121,0,51.4310695091,-51.4310695091,-51.4310695091,0E-7,1,1,0.50665070000000000,0.506650700000,-1.013391052207602,-1.013391052207602,-1.013391052207602,0E-17,ELIGIBLE,R03b_20260811_FULL_v1,L1_ELIGIBILITY,v2026-08-11,2026-03-21..2026-08-06,baccarat_bet02_101_all_pairs_incl_sentinel,round_win = game_pnl > 0 (decisive only),COMPATIBILITY_ONLY_NOT_PRODUCTION,557989.4742,504875.3716,9878.7574,24851,24505,-0.01770420,0.00338982,-0.02772422,-0.01770420,-9878.7574,557989.4742,OK,0.0000,395.1503,4.0000,96.0000,AG03-UNRESOLVED,ALL5_LEVELS_bet23_to_bet27,395.1503,395.1503,395.1503,0.0000,0.0000,4.000000,4.000000,4.000000,0.000000,0.000000,96.000000,96.000000,96.000000,100.000000,100.000000,5.0,1185.4509,1138.6651,8693.3065,8740.0923,PENDING_AG03,FALSE,NOT_FOR_ENFORCEMENT,9483.6071,484680.3568,9878.7574,9483.6071,395.1503,0.01770420,0.01699603,395.1503,9483.6071,0.01699603,395.1503,395.1503,395.1503,0.0000,0.0000,9483.6071,0.01699603,1185.4509,1138.6651,8693.3065,8740.0923,0.01557970,0.01566354,0.00070817,22.4534,20.6030,0.4031,82.3230,2.6463,4649.9123,204.2083,25.9152,21.1137,12.8578,14.5296,26.176,48.8436,54.2173,102.8621,13.088,0.0,3.731508,7.079487,1.545355,30,207,63,6,0.32204186,0.01770420,-0.00338982,0E-8,0.000000,0.904812,0.002133,0.03111404,2026-03-21,2026-08-06,120,3733,1703,139,0.863309,1.227414,1.154177,1.073473,,,,,,,,GLOBAL_BASELINE_NO_ENTITY_RANKING,,,NOT_APPLICABLE_GLOBAL_BASELINE,HF9g-P5,,,,X 全窗基线 · 不参与实体赏罚,15053124,1506,A168_HF9F_20260827_0900,2026-08-27 09:00:00
2026-06-16,127529701,2123,0,61.7172834109,38.5733021318,38.5733021318,0.5000000,2,2,0.49994810000000000,0.499948100000,0.00014679536856514622,0.00014679536856514622,0.00014679536856514622,0E-17,ELIGIBLE,R03b_20260811_FULL_v1,L1_ELIGIBILITY,v2026-08-11,2026-03-21..2026-08-06,baccarat_bet02_101_all_pairs_incl_sentinel,round_win = game_pnl > 0 (decisive only),COMPATIBILITY_ONLY_NOT_PRODUCTION,557989.4742,504875.3716,9878.7574,24851,24505,-0.01770420,0.00338982,-0.02772422,-0.01770420,-9878.7574,557989.4742,OK,0.0000,395.1503,4.0000,96.0000,AG03-UNRESOLVED,ALL5_LEVELS_bet23_to_bet27,395.1503,395.1503,395.1503,0.0000,0.0000,4.000000,4.000000,4.000000,0.000000,0.000000,96.000000,96.000000,96.000000,100.000000,100.000000,5.0,1185.4509,1138.6651,8693.3065,8740.0923,PENDING_AG03,FALSE,NOT_FOR_ENFORCEMENT,9483.6071,484680.3568,9878.7574,9483.6071,395.1503,0.01770420,0.01699603,395.1503,9483.6071,0.01699603,395.1503,395.1503,395.1503,0.0000,0.0000,9483.6071,0.01699603,1185.4509,1138.6651,8693.3065,8740.0923,0.01557970,0.01566354,0.00070817,22.4534,20.6030,0.4031,82.3230,2.6463,4649.9123,204.2083,25.9152,21.1137,12.8578,14.5296,26.176,48.8436,54.2173,102.8621,13.088,0.0,3.731508,7.079487,1.545355,30,207,63,6,0.32204186,0.01770420,-0.00338982,0E-8,0.000000,0.904812,0.002133,0.03111404,2026-03-21,2026-08-06,120,3733,1703,139,0.863309,1.227414,1.154177,1.073473,,,,,,,,GLOBAL_BASELINE_NO_ENTITY_RANKING,,,NOT_APPLICABLE_GLOBAL_BASELINE,HF9g-P5,,,,X 全窗基线 · 不参与实体赏罚,15053125,1506,A168_HF9F_20260827_0900,2026-08-27 09:00:00
2026-06-16,127529701,2167,0,828.0402190963,-40.3733895645,-40.3733895645,0.5384615,14,14,0.49899058571428571,0.498990585714,0.284629668071992,0.2846296680740526,0.284629668071992,2.8571E-13,ELIGIBLE,R03b_20260811_FULL_v1,L1_ELIGIBILITY,v2026-08-11,2026-03-21..2026-08-06,baccarat_bet02_101_all_pairs_incl_sentinel,round_win = game_pnl > 0 (decisive only),COMPATIBILITY_ONLY_NOT_PRODUCTION,557989.4742,504875.3716,9878.7574,24851,24505,-0.01770420,0.00338982,-0.02772422,-0.01770420,-9878.7574,557989.4742,OK,0.0000,395.1503,4.0000,96.0000,AG03-UNRESOLVED,ALL5_LEVELS_bet23_to_bet27,395.1503,395.1503,395.1503,0.0000,0.0000,4.000000,4.000000,4.000000,0.000000,0.000000,96.000000,96.000000,96.000000,100.000000,100.000000,5.0,1185.4509,1138.6651,8693.3065,8740.0923,PENDING_AG03,FALSE,NOT_FOR_ENFORCEMENT,9483.6071,484680.3568,9878.7574,9483.6071,395.1503,0.01770420,0.01699603,395.1503,9483.6071,0.01699603,395.1503,395.1503,395.1503,0.0000,0.0000,9483.6071,0.01699603,1185.4509,1138.6651,8693.3065,8740.0923,0.01557970,0.01566354,0.00070817,22.4534,20.6030,0.4031,82.3230,2.6463,4649.9123,204.2083,25.9152,21.1137,12.8578,14.5296,26.176,48.8436,54.2173,102.8621,13.088,0.0,3.731508,7.079487,1.545355,30,207,63,6,0.32204186,0.01770420,-0.00338982,0E-8,0.000000,0.904812,0.002133,0.03111404,2026-03-21,2026-08-06,120,3733,1703,139,0.863309,1.227414,1.154177,1.073473,,,,,,,,GLOBAL_BASELINE_NO_ENTITY_RANKING,,,NOT_APPLICABLE_GLOBAL_BASELINE,HF9g-P5,,,,X 全窗基线 · 不参与实体赏罚,15053126,1506,A168_HF9F_20260827_0900,2026-08-27 09:00:00
2026-06-16,127529701,2177,0,137.3209555892,25.6512459177,25.6512459177,0.6666667,3,3,0.50665070000000000,0.506650700000,0.5543606114942035,0.5543606114942035,0.5543606114942035,0E-17,ELIGIBLE,R03b_20260811_FULL_v1,L1_ELIGIBILITY,v2026-08-11,2026-03-21..2026-08-06,baccarat_bet02_101_all_pairs_incl_sentinel,round_win = game_pnl > 0 (decisive only),COMPATIBILITY_ONLY_NOT_PRODUCTION,557989.4742,504875.3716,9878.7574,24851,24505,-0.01770420,0.00338982,-0.02772422,-0.01770420,-9878.7574,557989.4742,OK,0.0000,395.1503,4.0000,96.0000,AG03-UNRESOLVED,ALL5_LEVELS_bet23_to_bet27,395.1503,395.1503,395.1503,0.0000,0.0000,4.000000,4.000000,4.000000,0.000000,0.000000,96.000000,96.000000,96.000000,100.000000,100.000000,5.0,1185.4509,1138.6651,8693.3065,8740.0923,PENDING_AG03,FALSE,NOT_FOR_ENFORCEMENT,9483.6071,484680.3568,9878.7574,9483.6071,395.1503,0.01770420,0.01699603,395.1503,9483.6071,0.01699603,395.1503,395.1503,395.1503,0.0000,0.0000,9483.6071,0.01699603,1185.4509,1138.6651,8693.3065,8740.0923,0.01557970,0.01566354,0.00070817,22.4534,20.6030,0.4031,82.3230,2.6463,4649.9123,204.2083,25.9152,21.1137,12.8578,14.5296,26.176,48.8436,54.2173,102.8621,13.088,0.0,3.731508,7.079487,1.545355,30,207,63,6,0.32204186,0.01770420,-0.00338982,0E-8,0.000000,0.904812,0.002133,0.03111404,2026-03-21,2026-08-06,120,3733,1703,139,0.863309,1.227414,1.154177,1.073473,,,,,,,,GLOBAL_BASELINE_NO_ENTITY_RANKING,,,NOT_APPLICABLE_GLOBAL_BASELINE,HF9g-P5,,,,X 全窗基线 · 不参与实体赏罚,15053127,1506,A168_HF9F_20260827_0900,2026-08-27 09:00:00
2026-06-16,127529701,2241,0,780.2093244531,-24.8154910382,-24.8154910382,0.5000000,16,16,0.47503293125000000,0.475032931250,0.19998603000381654,0.19998603000381654,0.19998603000381654,0E-17,ELIGIBLE,R03b_20260811_FULL_v1,L1_ELIGIBILITY,v2026-08-11,2026-03-21..2026-08-06,baccarat_bet02_101_all_pairs_incl_sentinel,round_win = game_pnl > 0 (decisive only),COMPATIBILITY_ONLY_NOT_PRODUCTION,557989.4742,504875.3716,9878.7574,24851,24505,-0.01770420,0.00338982,-0.02772422,-0.01770420,-9878.7574,557989.4742,OK,0.0000,395.1503,4.0000,96.0000,AG03-UNRESOLVED,ALL5_LEVELS_bet23_to_bet27,395.1503,395.1503,395.1503,0.0000,0.0000,4.000000,4.000000,4.000000,0.000000,0.000000,96.000000,96.000000,96.000000,100.000000,100.000000,5.0,1185.4509,1138.6651,8693.3065,8740.0923,PENDING_AG03,FALSE,NOT_FOR_ENFORCEMENT,9483.6071,484680.3568,9878.7574,9483.6071,395.1503,0.01770420,0.01699603,395.1503,9483.6071,0.01699603,395.1503,395.1503,395.1503,0.0000,0.0000,9483.6071,0.01699603,1185.4509,1138.6651,8693.3065,8740.0923,0.01557970,0.01566354,0.00070817,22.4534,20.6030,0.4031,82.3230,2.6463,4649.9123,204.2083,25.9152,21.1137,12.8578,14.5296,26.176,48.8436,54.2173,102.8621,13.088,0.0,3.731508,7.079487,1.545355,30,207,63,6,0.32204186,0.01770420,-0.00338982,0E-8,0.000000,0.904812,0.002133,0.03111404,2026-03-21,2026-08-06,120,3733,1703,139,0.863309,1.227414,1.154177,1.073473,,,,,,,,GLOBAL_BASELINE_NO_ENTITY_RANKING,,,NOT_APPLICABLE_GLOBAL_BASELINE,HF9g-P5,,,,X 全窗基线 · 不参与实体赏罚,15053128,1506,A168_HF9F_20260827_0900,2026-08-27 09:00:00
2026-06-16,127529701,2248,0,66.8603903618,0E-10,0E-10,,1,1,0.50665070000000000,0.506650700000,,,,0E-17,NO_DECISIVE_ROUND,R03b_20260811_FULL_v1,L1_ELIGIBILITY,v2026-08-11,2026-03-21..2026-08-06,baccarat_bet02_101_all_pairs_incl_sentinel,round_win = game_pnl > 0 (decisive only),COMPATIBILITY_ONLY_NOT_PRODUCTION,557989.4742,504875.3716,9878.7574,24851,24505,-0.01770420,0.00338982,-0.02772422,-0.01770420,-9878.7574,557989.4742,OK,0.0000,395.1503,4.0000,96.0000,AG03-UNRESOLVED,ALL5_LEVELS_bet23_to_bet27,395.1503,395.1503,395.1503,0.0000,0.0000,4.000000,4.000000,4.000000,0.000000,0.000000,96.000000,96.000000,96.000000,100.000000,100.000000,5.0,1185.4509,1138.6651,8693.3065,8740.0923,PENDING_AG03,FALSE,NOT_FOR_ENFORCEMENT,9483.6071,484680.3568,9878.7574,9483.6071,395.1503,0.01770420,0.01699603,395.1503,9483.6071,0.01699603,395.1503,395.1503,395.1503,0.0000,0.0000,9483.6071,0.01699603,1185.4509,1138.6651,8693.3065,8740.0923,0.01557970,0.01566354,0.00070817,22.4534,20.6030,0.4031,82.3230,2.6463,4649.9123,204.2083,25.9152,21.1137,12.8578,14.5296,26.176,48.8436,54.2173,102.8621,13.088,0.0,3.731508,7.079487,1.545355,30,207,63,6,0.32204186,0.01770420,-0.00338982,0E-8,0.000000,0.904812,0.002133,0.03111404,2026-03-21,2026-08-06,120,3733,1703,139,0.863309,1.227414,1.154177,1.073473,,,,,,,,GLOBAL_BASELINE_NO_ENTITY_RANKING,,,NOT_APPLICABLE_GLOBAL_BASELINE,HF9g-P5,,,,X 全窗基线 · 不参与实体赏罚,15053129,1506,A168_HF9F_20260827_0900,2026-08-27 09:00:00
2026-06-16,127529701,2252,0,150.4358783141,0E-10,0E-10,0.3333333,3,3,0.50218230000000000,0.502182300000,-0.5849155494134425,-0.5849155494134426,-0.5849155494134425,0E-17,ELIGIBLE,R03b_20260811_FULL_v1,L1_ELIGIBILITY,v2026-08-11,2026-03-21..2026-08-06,baccarat_bet02_101_all_pairs_incl_sentinel,round_win = game_pnl > 0 (decisive only),COMPATIBILITY_ONLY_NOT_PRODUCTION,557989.4742,504875.3716,9878.7574,24851,24505,-0.01770420,0.00338982,-0.02772422,-0.01770420,-9878.7574,557989.4742,OK,0.0000,395.1503,4.0000,96.0000,AG03-UNRESOLVED,ALL5_LEVELS_bet23_to_bet27,395.1503,395.1503,395.1503,0.0000,0.0000,4.000000,4.000000,4.000000,0.000000,0.000000,96.000000,96.000000,96.000000,100.000000,100.000000,5.0,1185.4509,1138.6651,8693.3065,8740.0923,PENDING_AG03,FALSE,NOT_FOR_ENFORCEMENT,9483.6071,484680.3568,9878.7574,9483.6071,395.1503,0.01770420,0.01699603,395.1503,9483.6071,0.01699603,395.1503,395.1503,395.1503,0.0000,0.0000,9483.6071,0.01699603,1185.4509,1138.6651,8693.3065,8740.0923,0.01557970,0.01566354,0.00070817,22.4534,20.6030,0.4031,82.3230,2.6463,4649.9123,204.2083,25.9152,21.1137,12.8578,14.5296,26.176,48.8436,54.2173,102.8621,13.088,0.0,3.731508,7.079487,1.545355,30,207,63,6,0.32204186,0.01770420,-0.00338982,0E-8,0.000000,0.904812,0.002133,0.03111404,2026-03-21,2026-08-06,120,3733,1703,139,0.863309,1.227414,1.154177,1.073473,,,,,,,,GLOBAL_BASELINE_NO_ENTITY_RANKING,,,NOT_APPLICABLE_GLOBAL_BASELINE,HF9g-P5,,,,X 全窗基线 · 不参与实体赏罚,15053130,1506,A168_HF9F_20260827_0900,2026-08-27 09:00:00
2026-06-16,127529701,2256,0,376.2182734590,-104.4050711036,-104.4050711036,0.4166667,13,13,0.50458836153846154,0.504588361538,-0.609165020539505,-0.6091650205363021,-0.609165020539505,4.6154E-13,ELIGIBLE,R03b_20260811_FULL_v1,L1_ELIGIBILITY,v2026-08-11,2026-03-21..2026-08-06,baccarat_bet02_101_all_pairs_incl_sentinel,round_win = game_pnl > 0 (decisive only),COMPATIBILITY_ONLY_NOT_PRODUCTION,557989.4742,504875.3716,9878.7574,24851,24505,-0.01770420,0.00338982,-0.02772422,-0.01770420,-9878.7574,557989.4742,OK,0.0000,395.1503,4.0000,96.0000,AG03-UNRESOLVED,ALL5_LEVELS_bet23_to_bet27,395.1503,395.1503,395.1503,0.0000,0.0000,4.000000,4.000000,4.000000,0.000000,0.000000,96.000000,96.000000,96.000000,100.000000,100.000000,5.0,1185.4509,1138.6651,8693.3065,8740.0923,PENDING_AG03,FALSE,NOT_FOR_ENFORCEMENT,9483.6071,484680.3568,9878.7574,9483.6071,395.1503,0.01770420,0.01699603,395.1503,9483.6071,0.01699603,395.1503,395.1503,395.1503,0.0000,0.0000,9483.6071,0.01699603,1185.4509,1138.6651,8693.3065,8740.0923,0.01557970,0.01566354,0.00070817,22.4534,20.6030,0.4031,82.3230,2.6463,4649.9123,204.2083,25.9152,21.1137,12.8578,14.5296,26.176,48.8436,54.2173,102.8621,13.088,0.0,3.731508,7.079487,1.545355,30,207,63,6,0.32204186,0.01770420,-0.00338982,0E-8,0.000000,0.904812,0.002133,0.03111404,2026-03-21,2026-08-06,120,3733,1703,139,0.863309,1.227414,1.154177,1.073473,,,,,,,,GLOBAL_BASELINE_NO_ENTITY_RANKING,,,NOT_APPLICABLE_GLOBAL_BASELINE,HF9g-P5,,,,X 全窗基线 · 不参与实体赏罚,15053131,1506,A168_HF9F_20260827_0900,2026-08-27 09:00:00
2026-06-16,127529701,2266,0,236.0686090467,-52.3311132255,-52.3311132255,0.3333333,5,5,0.49860758000000000,0.498607580000,-0.5725290048997589,-0.5725290048997589,-0.5725290048997589,0E-17,ELIGIBLE,R03b_20260811_FULL_v1,L1_ELIGIBILITY,v2026-08-11,2026-03-21..2026-08-06,baccarat_bet02_101_all_pairs_incl_sentinel,round_win = game_pnl > 0 (decisive only),COMPATIBILITY_ONLY_NOT_PRODUCTION,557989.4742,504875.3716,9878.7574,24851,24505,-0.01770420,0.00338982,-0.02772422,-0.01770420,-9878.7574,557989.4742,OK,0.0000,395.1503,4.0000,96.0000,AG03-UNRESOLVED,ALL5_LEVELS_bet23_to_bet27,395.1503,395.1503,395.1503,0.0000,0.0000,4.000000,4.000000,4.000000,0.000000,0.000000,96.000000,96.000000,96.000000,100.000000,100.000000,5.0,1185.4509,1138.6651,8693.3065,8740.0923,PENDING_AG03,FALSE,NOT_FOR_ENFORCEMENT,9483.6071,484680.3568,9878.7574,9483.6071,395.1503,0.01770420,0.01699603,395.1503,9483.6071,0.01699603,395.1503,395.1503,395.1503,0.0000,0.0000,9483.6071,0.01699603,1185.4509,1138.6651,8693.3065,8740.0923,0.01557970,0.01566354,0.00070817,22.4534,20.6030,0.4031,82.3230,2.6463,4649.9123,204.2083,25.9152,21.1137,12.8578,14.5296,26.176,48.8436,54.2173,102.8621,13.088,0.0,3.731508,7.079487,1.545355,30,207,63,6,0.32204186,0.01770420,-0.00338982,0E-8,0.000000,0.904812,0.002133,0.03111404,2026-03-21,2026-08-06,120,3733,1703,139,0.863309,1.227414,1.154177,1.073473,,,,,,,,GLOBAL_BASELINE_NO_ENTITY_RANKING,,,NOT_APPLICABLE_GLOBAL_BASELINE,HF9g-P5,,,,X 全窗基线 · 不参与实体赏罚,15053132,1506,A168_HF9F_20260827_0900,2026-08-27 09:00:00
2026-06-16,127529701,2271,0,15.4293208528,9.6433255329,9.6433255329,0.5000000,2,2,0.30062675000000000,0.300626750000,0.6149128471998733,0.6149128471998733,0.6149128471998733,0E-17,ELIGIBLE,R03b_20260811_FULL_v1,L1_ELIGIBILITY,v2026-08-11,2026-03-21..2026-08-06,baccarat_bet02_101_all_pairs_incl_sentinel,round_win = game_pnl > 0 (decisive only),COMPATIBILITY_ONLY_NOT_PRODUCTION,557989.4742,504875.3716,9878.7574,24851,24505,-0.01770420,0.00338982,-0.02772422,-0.01770420,-9878.7574,557989.4742,OK,0.0000,395.1503,4.0000,96.0000,AG03-UNRESOLVED,ALL5_LEVELS_bet23_to_bet27,395.1503,395.1503,395.1503,0.0000,0.0000,4.000000,4.000000,4.000000,0.000000,0.000000,96.000000,96.000000,96.000000,100.000000,100.000000,5.0,1185.4509,1138.6651,8693.3065,8740.0923,PENDING_AG03,FALSE,NOT_FOR_ENFORCEMENT,9483.6071,484680.3568,9878.7574,9483.6071,395.1503,0.01770420,0.01699603,395.1503,9483.6071,0.01699603,395.1503,395.1503,395.1503,0.0000,0.0000,9483.6071,0.01699603,1185.4509,1138.6651,8693.3065,8740.0923,0.01557970,0.01566354,0.00070817,22.4534,20.6030,0.4031,82.3230,2.6463,4649.9123,204.2083,25.9152,21.1137,12.8578,14.5296,26.176,48.8436,54.2173,102.8621,13.088,0.0,3.731508,7.079487,1.545355,30,207,63,6,0.32204186,0.01770420,-0.00338982,0E-8,0.000000,0.904812,0.002133,0.03111404,2026-03-21,2026-08-06,120,3733,1703,139,0.863309,1.227414,1.154177,1.073473,,,,,,,,GLOBAL_BASELINE_NO_ENTITY_RANKING,,,NOT_APPLICABLE_GLOBAL_BASELINE,HF9g-P5,,,,X 全窗基线 · 不参与实体赏罚,15053133,1506,A168_HF9F_20260827_0900,2026-08-27 09:00:00
2026-06-16,127529701,2278,0,51.4310695091,-51.4310695091,-51.4310695091,0E-7,1,1,0.50665070000000000,0.506650700000,-1.013391052207602,-1.013391052207602,-1.013391052207602,0E-17,ELIGIBLE,R03b_20260811_FULL_v1,L1_ELIGIBILITY,v2026-08-11,2026-03-21..2026-08-06,baccarat_bet02_101_all_pairs_incl_sentinel,round_win = game_pnl > 0 (decisive only),COMPATIBILITY_ONLY_NOT_PRODUCTION,557989.4742,504875.3716,9878.7574,24851,24505,-0.01770420,0.00338982,-0.02772422,-0.01770420,-9878.7574,557989.4742,OK,0.0000,395.1503,4.0000,96.0000,AG03-UNRESOLVED,ALL5_LEVELS_bet23_to_bet27,395.1503,395.1503,395.1503,0.0000,0.0000,4.000000,4.000000,4.000000,0.000000,0.000000,96.000000,96.000000,96.000000,100.000000,100.000000,5.0,1185.4509,1138.6651,8693.3065,8740.0923,PENDING_AG03,FALSE,NOT_FOR_ENFORCEMENT,9483.6071,484680.3568,9878.7574,9483.6071,395.1503,0.01770420,0.01699603,395.1503,9483.6071,0.01699603,395.1503,395.1503,395.1503,0.0000,0.0000,9483.6071,0.01699603,1185.4509,1138.6651,8693.3065,8740.0923,0.01557970,0.01566354,0.00070817,22.4534,20.6030,0.4031,82.3230,2.6463,4649.9123,204.2083,25.9152,21.1137,12.8578,14.5296,26.176,48.8436,54.2173,102.8621,13.088,0.0,3.731508,7.079487,1.545355,30,207,63,6,0.32204186,0.01770420,-0.00338982,0E-8,0.000000,0.904812,0.002133,0.03111404,2026-03-21,2026-08-06,120,3733,1703,139,0.863309,1.227414,1.154177,1.073473,,,,,,,,GLOBAL_BASELINE_NO_ENTITY_RANKING,,,NOT_APPLICABLE_GLOBAL_BASELINE,HF9g-P5,,,,X 全窗基线 · 不参与实体赏罚,15053134,1506,A168_HF9F_20260827_0900,2026-08-27 09:00:00
2026-06-16,127529701,2280,0,111.6054208347,-111.6054208347,-111.6054208347,0E-7,3,3,0.50218230000000000,0.502182300000,-1.7396270863184011,-1.7396270863184016,-1.7396270863184011,0E-17,ELIGIBLE,R03b_20260811_FULL_v1,L1_ELIGIBILITY,v2026-08-11,2026-03-21..2026-08-06,baccarat_bet02_101_all_pairs_incl_sentinel,round_win = game_pnl > 0 (decisive only),COMPATIBILITY_ONLY_NOT_PRODUCTION,557989.4742,504875.3716,9878.7574,24851,24505,-0.01770420,0.00338982,-0.02772422,-0.01770420,-9878.7574,557989.4742,OK,0.0000,395.1503,4.0000,96.0000,AG03-UNRESOLVED,ALL5_LEVELS_bet23_to_bet27,395.1503,395.1503,395.1503,0.0000,0.0000,4.000000,4.000000,4.000000,0.000000,0.000000,96.000000,96.000000,96.000000,100.000000,100.000000,5.0,1185.4509,1138.6651,8693.3065,8740.0923,PENDING_AG03,FALSE,NOT_FOR_ENFORCEMENT,9483.6071,484680.3568,9878.7574,9483.6071,395.1503,0.01770420,0.01699603,395.1503,9483.6071,0.01699603,395.1503,395.1503,395.1503,0.0000,0.0000,9483.6071,0.01699603,1185.4509,1138.6651,8693.3065,8740.0923,0.01557970,0.01566354,0.00070817,22.4534,20.6030,0.4031,82.3230,2.6463,4649.9123,204.2083,25.9152,21.1137,12.8578,14.5296,26.176,48.8436,54.2173,102.8621,13.088,0.0,3.731508,7.079487,1.545355,30,207,63,6,0.32204186,0.01770420,-0.00338982,0E-8,0.000000,0.904812,0.002133,0.03111404,2026-03-21,2026-08-06,120,3733,1703,139,0.863309,1.227414,1.154177,1.073473,,,,,,,,GLOBAL_BASELINE_NO_ENTITY_RANKING,,,NOT_APPLICABLE_GLOBAL_BASELINE,HF9g-P5,,,,X 全窗基线 · 不参与实体赏罚,15053135,1506,A168_HF9F_20260827_0900,2026-08-27 09:00:00
2026-06-16,127529701,462,0,101.5763622804,-63.0030601486,-63.0030601486,0E-7,2,2,0.49324550000000000,0.493245500000,-0.9865810262130424,-0.9865810262130424,-0.9865810262130424,0E-17,ELIGIBLE,R03b_20260811_FULL_v1,L1_ELIGIBILITY,v2026-08-11,2026-03-21..2026-08-06,baccarat_bet02_101_all_pairs_incl_sentinel,round_win = game_pnl > 0 (decisive only),COMPATIBILITY_ONLY_NOT_PRODUCTION,557989.4742,504875.3716,9878.7574,24851,24505,-0.01770420,0.00338982,-0.02772422,-0.01770420,-9878.7574,557989.4742,OK,0.0000,395.1503,4.0000,96.0000,AG03-UNRESOLVED,ALL5_LEVELS_bet23_to_bet27,395.1503,395.1503,395.1503,0.0000,0.0000,4.000000,4.000000,4.000000,0.000000,0.000000,96.000000,96.000000,96.000000,100.000000,100.000000,5.0,1185.4509,1138.6651,8693.3065,8740.0923,PENDING_AG03,FALSE,NOT_FOR_ENFORCEMENT,9483.6071,484680.3568,9878.7574,9483.6071,395.1503,0.01770420,0.01699603,395.1503,9483.6071,0.01699603,395.1503,395.1503,395.1503,0.0000,0.0000,9483.6071,0.01699603,1185.4509,1138.6651,8693.3065,8740.0923,0.01557970,0.01566354,0.00070817,22.4534,20.6030,0.4031,82.3230,2.6463,4649.9123,204.2083,25.9152,21.1137,12.8578,14.5296,26.176,48.8436,54.2173,102.8621,13.088,0.0,3.731508,7.079487,1.545355,30,207,63,6,0.32204186,0.01770420,-0.00338982,0E-8,0.000000,0.904812,0.002133,0.03111404,2026-03-21,2026-08-06,120,3733,1703,139,0.863309,1.227414,1.154177,1.073473,,,,,,,,GLOBAL_BASELINE_NO_ENTITY_RANKING,,,NOT_APPLICABLE_GLOBAL_BASELINE,HF9g-P5,,,,X 全窗基线 · 不参与实体赏罚,15053136,1506,A168_HF9F_20260827_0900,2026-08-27 09:00:00
2026-06-16,127529701,987,0,77.1466042637,-52.0739578780,-52.0739578780,0.3333333,3,3,0.50665070000000000,0.506650700000,-0.6004420894325239,-0.6004420894325239,-0.6004420894325239,0E-17,ELIGIBLE,R03b_20260811_FULL_v1,L1_ELIGIBILITY,v2026-08-11,2026-03-21..2026-08-06,baccarat_bet02_101_all_pairs_incl_sentinel,round_win = game_pnl > 0 (decisive only),COMPATIBILITY_ONLY_NOT_PRODUCTION,557989.4742,504875.3716,9878.7574,24851,24505,-0.01770420,0.00338982,-0.02772422,-0.01770420,-9878.7574,557989.4742,OK,0.0000,395.1503,4.0000,96.0000,AG03-UNRESOLVED,ALL5_LEVELS_bet23_to_bet27,395.1503,395.1503,395.1503,0.0000,0.0000,4.000000,4.000000,4.000000,0.000000,0.000000,96.000000,96.000000,96.000000,100.000000,100.000000,5.0,1185.4509,1138.6651,8693.3065,8740.0923,PENDING_AG03,FALSE,NOT_FOR_ENFORCEMENT,9483.6071,484680.3568,9878.7574,9483.6071,395.1503,0.01770420,0.01699603,395.1503,9483.6071,0.01699603,395.1503,395.1503,395.1503,0.0000,0.0000,9483.6071,0.01699603,1185.4509,1138.6651,8693.3065,8740.0923,0.01557970,0.01566354,0.00070817,22.4534,20.6030,0.4031,82.3230,2.6463,4649.9123,204.2083,25.9152,21.1137,12.8578,14.5296,26.176,48.8436,54.2173,102.8621,13.088,0.0,3.731508,7.079487,1.545355,30,207,63,6,0.32204186,0.01770420,-0.00338982,0E-8,0.000000,0.904812,0.002133,0.03111404,2026-03-21,2026-08-06,120,3733,1703,139,0.863309,1.227414,1.154177,1.073473,,,,,,,,GLOBAL_BASELINE_NO_ENTITY_RANKING,,,NOT_APPLICABLE_GLOBAL_BASELINE,HF9g-P5,,,,X 全窗基线 · 不参与实体赏罚,15053137,1506,A168_HF9F_20260827_0900,2026-08-27 09:00:00
2026-06-17,127529701,1491,0,105.4336924935,-30.2157533365,-30.2157533365,0.2500000,4,4,0.49994810000000000,0.499948100000,-0.9997924053861017,-0.9997924053861017,-0.9997924053861017,0E-17,ELIGIBLE,R03b_20260811_FULL_v1,L1_ELIGIBILITY,v2026-08-11,2026-03-21..2026-08-06,baccarat_bet02_101_all_pairs_incl_sentinel,round_win = game_pnl > 0 (decisive only),COMPATIBILITY_ONLY_NOT_PRODUCTION,557989.4742,504875.3716,9878.7574,24851,24505,-0.01770420,0.00338982,-0.02772422,-0.01770420,-9878.7574,557989.4742,OK,0.0000,395.1503,4.0000,96.0000,AG03-UNRESOLVED,ALL5_LEVELS_bet23_to_bet27,395.1503,395.1503,395.1503,0.0000,0.0000,4.000000,4.000000,4.000000,0.000000,0.000000,96.000000,96.000000,96.000000,100.000000,100.000000,5.0,1185.4509,1138.6651,8693.3065,8740.0923,PENDING_AG03,FALSE,NOT_FOR_ENFORCEMENT,9483.6071,484680.3568,9878.7574,9483.6071,395.1503,0.01770420,0.01699603,395.1503,9483.6071,0.01699603,395.1503,395.1503,395.1503,0.0000,0.0000,9483.6071,0.01699603,1185.4509,1138.6651,8693.3065,8740.0923,0.01557970,0.01566354,0.00070817,22.4534,20.6030,0.4031,82.3230,2.6463,4649.9123,204.2083,25.9152,21.1137,12.8578,14.5296,26.176,48.8436,54.2173,102.8621,13.088,0.0,3.731508,7.079487,1.545355,30,207,63,6,0.32204186,0.01770420,-0.00338982,0E-8,0.000000,0.904812,0.002133,0.03111404,2026-03-21,2026-08-06,120,3733,1703,139,0.863309,1.227414,1.154177,1.073473,,,,,,,,GLOBAL_BASELINE_NO_ENTITY_RANKING,,,NOT_APPLICABLE_GLOBAL_BASELINE,HF9g-P5,,,,X 全窗基线 · 不参与实体赏罚,15053138,1506,A168_HF9F_20260827_0900,2026-08-27 09:00:00
2026-06-17,127529701,1957,0,286.2139018180,-86.9185074703,-86.9185074703,0.4285714,7,7,0.49899058571428571,0.498990585714,-0.3726239140161595,-0.3726239140146481,-0.3726239140161595,2.8571E-13,ELIGIBLE,R03b_20260811_FULL_v1,L1_ELIGIBILITY,v2026-08-11,2026-03-21..2026-08-06,baccarat_bet02_101_all_pairs_incl_sentinel,round_win = game_pnl > 0 (decisive only),COMPATIBILITY_ONLY_NOT_PRODUCTION,557989.4742,504875.3716,9878.7574,24851,24505,-0.01770420,0.00338982,-0.02772422,-0.01770420,-9878.7574,557989.4742,OK,0.0000,395.1503,4.0000,96.0000,AG03-UNRESOLVED,ALL5_LEVELS_bet23_to_bet27,395.1503,395.1503,395.1503,0.0000,0.0000,4.000000,4.000000,4.000000,0.000000,0.000000,96.000000,96.000000,96.000000,100.000000,100.000000,5.0,1185.4509,1138.6651,8693.3065,8740.0923,PENDING_AG03,FALSE,NOT_FOR_ENFORCEMENT,9483.6071,484680.3568,9878.7574,9483.6071,395.1503,0.01770420,0.01699603,395.1503,9483.6071,0.01699603,395.1503,395.1503,395.1503,0.0000,0.0000,9483.6071,0.01699603,1185.4509,1138.6651,8693.3065,8740.0923,0.01557970,0.01566354,0.00070817,22.4534,20.6030,0.4031,82.3230,2.6463,4649.9123,204.2083,25.9152,21.1137,12.8578,14.5296,26.176,48.8436,54.2173,102.8621,13.088,0.0,3.731508,7.079487,1.545355,30,207,63,6,0.32204186,0.01770420,-0.00338982,0E-8,0.000000,0.904812,0.002133,0.03111404,2026-03-21,2026-08-06,120,3733,1703,139,0.863309,1.227414,1.154177,1.073473,,,,,,,,GLOBAL_BASELINE_NO_ENTITY_RANKING,,,NOT_APPLICABLE_GLOBAL_BASELINE,HF9g-P5,,,,X 全窗基线 · 不参与实体赏罚,15053139,1506,A168_HF9F_20260827_0900,2026-08-27 09:00:00
2026-06-17,127529701,2071,0,283.6423483427,-98.4904981099,-98.4904981099,0.3333333,6,6,0.49771390000000000,0.497713900000,-0.8053054414300617,-0.8053054414300617,-0.8053054414300617,0E-17,ELIGIBLE,R03b_20260811_FULL_v1,L1_ELIGIBILITY,v2026-08-11,2026-03-21..2026-08-06,baccarat_bet02_101_all_pairs_incl_sentinel,round_win = game_pnl > 0 (decisive only),COMPATIBILITY_ONLY_NOT_PRODUCTION,557989.4742,504875.3716,9878.7574,24851,24505,-0.01770420,0.00338982,-0.02772422,-0.01770420,-9878.7574,557989.4742,OK,0.0000,395.1503,4.0000,96.0000,AG03-UNRESOLVED,ALL5_LEVELS_bet23_to_bet27,395.1503,395.1503,395.1503,0.0000,0.0000,4.000000,4.000000,4.000000,0.000000,0.000000,96.000000,96.000000,96.000000,100.000000,100.000000,5.0,1185.4509,1138.6651,8693.3065,8740.0923,PENDING_AG03,FALSE,NOT_FOR_ENFORCEMENT,9483.6071,484680.3568,9878.7574,9483.6071,395.1503,0.01770420,0.01699603,395.1503,9483.6071,0.01699603,395.1503,395.1503,395.1503,0.0000,0.0000,9483.6071,0.01699603,1185.4509,1138.6651,8693.3065,8740.0923,0.01557970,0.01566354,0.00070817,22.4534,20.6030,0.4031,82.3230,2.6463,4649.9123,204.2083,25.9152,21.1137,12.8578,14.5296,26.176,48.8436,54.2173,102.8621,13.088,0.0,3.731508,7.079487,1.545355,30,207,63,6,0.32204186,0.01770420,-0.00338982,0E-8,0.000000,0.904812,0.002133,0.03111404,2026-03-21,2026-08-06,120,3733,1703,139,0.863309,1.227414,1.154177,1.073473,,,,,,,,GLOBAL_BASELINE_NO_ENTITY_RANKING,,,NOT_APPLICABLE_GLOBAL_BASELINE,HF9g-P5,,,,X 全窗基线 · 不参与实体赏罚,15053140,1506,A168_HF9F_20260827_0900,2026-08-27 09:00:00
2026-06-17,127529701,2115,0,51.4310695091,-51.4310695091,-51.4310695091,0E-7,2,2,0.49994810000000000,0.499948100000,-1.4140667746232096,-1.4140667746232096,-1.4140667746232096,0E-17,ELIGIBLE,R03b_20260811_FULL_v1,L1_ELIGIBILITY,v2026-08-11,2026-03-21..2026-08-06,baccarat_bet02_101_all_pairs_incl_sentinel,round_win = game_pnl > 0 (decisive only),COMPATIBILITY_ONLY_NOT_PRODUCTION,557989.4742,504875.3716,9878.7574,24851,24505,-0.01770420,0.00338982,-0.02772422,-0.01770420,-9878.7574,557989.4742,OK,0.0000,395.1503,4.0000,96.0000,AG03-UNRESOLVED,ALL5_LEVELS_bet23_to_bet27,395.1503,395.1503,395.1503,0.0000,0.0000,4.000000,4.000000,4.000000,0.000000,0.000000,96.000000,96.000000,96.000000,100.000000,100.000000,5.0,1185.4509,1138.6651,8693.3065,8740.0923,PENDING_AG03,FALSE,NOT_FOR_ENFORCEMENT,9483.6071,484680.3568,9878.7574,9483.6071,395.1503,0.01770420,0.01699603,395.1503,9483.6071,0.01699603,395.1503,395.1503,395.1503,0.0000,0.0000,9483.6071,0.01699603,1185.4509,1138.6651,8693.3065,8740.0923,0.01557970,0.01566354,0.00070817,22.4534,20.6030,0.4031,82.3230,2.6463,4649.9123,204.2083,25.9152,21.1137,12.8578,14.5296,26.176,48.8436,54.2173,102.8621,13.088,0.0,3.731508,7.079487,1.545355,30,207,63,6,0.32204186,0.01770420,-0.00338982,0E-8,0.000000,0.904812,0.002133,0.03111404,2026-03-21,2026-08-06,120,3733,1703,139,0.863309,1.227414,1.154177,1.073473,,,,,,,,GLOBAL_BASELINE_NO_ENTITY_RANKING,,,NOT_APPLICABLE_GLOBAL_BASELINE,HF9g-P5,,,,X 全窗基线 · 不参与实体赏罚,15053141,1506,A168_HF9F_20260827_0900,2026-08-27 09:00:00
2026-06-17,127529701,2229,0,10.2862139018,9.7719032067,9.7719032067,1.0000000,1,1,0.50665070000000000,0.506650700000,0.9867858985152569,0.9867858985152569,0.9867858985152569,0E-17,ELIGIBLE,R03b_20260811_FULL_v1,L1_ELIGIBILITY,v2026-08-11,2026-03-21..2026-08-06,baccarat_bet02_101_all_pairs_incl_sentinel,round_win = game_pnl > 0 (decisive only),COMPATIBILITY_ONLY_NOT_PRODUCTION,557989.4742,504875.3716,9878.7574,24851,24505,-0.01770420,0.00338982,-0.02772422,-0.01770420,-9878.7574,557989.4742,OK,0.0000,395.1503,4.0000,96.0000,AG03-UNRESOLVED,ALL5_LEVELS_bet23_to_bet27,395.1503,395.1503,395.1503,0.0000,0.0000,4.000000,4.000000,4.000000,0.000000,0.000000,96.000000,96.000000,96.000000,100.000000,100.000000,5.0,1185.4509,1138.6651,8693.3065,8740.0923,PENDING_AG03,FALSE,NOT_FOR_ENFORCEMENT,9483.6071,484680.3568,9878.7574,9483.6071,395.1503,0.01770420,0.01699603,395.1503,9483.6071,0.01699603,395.1503,395.1503,395.1503,0.0000,0.0000,9483.6071,0.01699603,1185.4509,1138.6651,8693.3065,8740.0923,0.01557970,0.01566354,0.00070817,22.4534,20.6030,0.4031,82.3230,2.6463,4649.9123,204.2083,25.9152,21.1137,12.8578,14.5296,26.176,48.8436,54.2173,102.8621,13.088,0.0,3.731508,7.079487,1.545355,30,207,63,6,0.32204186,0.01770420,-0.00338982,0E-8,0.000000,0.904812,0.002133,0.03111404,2026-03-21,2026-08-06,120,3733,1703,139,0.863309,1.227414,1.154177,1.073473,,,,,,,,GLOBAL_BASELINE_NO_ENTITY_RANKING,,,NOT_APPLICABLE_GLOBAL_BASELINE,HF9g-P5,,,,X 全窗基线 · 不参与实体赏罚,15053142,1506,A168_HF9F_20260827_0900,2026-08-27 09:00:00
2026-06-19,127529701,-1,1,2177.3343276670,-25.2783706638,-25.2783706638,0.5555556,51,51,0.50034237058823529,0.500342370588,0.7407627827081064,0.740762782711263,0.7407627827081064,2.3529E-13,SENTINEL_DEALER,R03b_20260811_FULL_v1,L1_ELIGIBILITY,v2026-08-11,2026-03-21..2026-08-06,baccarat_bet02_101_all_pairs_incl_sentinel,round_win = game_pnl > 0 (decisive only),COMPATIBILITY_ONLY_NOT_PRODUCTION,557989.4742,504875.3716,9878.7574,24851,24505,-0.01770420,0.00338982,-0.02772422,-0.01770420,-9878.7574,557989.4742,OK,0.0000,395.1503,4.0000,96.0000,AG03-UNRESOLVED,ALL5_LEVELS_bet23_to_bet27,395.1503,395.1503,395.1503,0.0000,0.0000,4.000000,4.000000,4.000000,0.000000,0.000000,96.000000,96.000000,96.000000,100.000000,100.000000,5.0,1185.4509,1138.6651,8693.3065,8740.0923,PENDING_AG03,FALSE,NOT_FOR_ENFORCEMENT,9483.6071,484680.3568,9878.7574,9483.6071,395.1503,0.01770420,0.01699603,395.1503,9483.6071,0.01699603,395.1503,395.1503,395.1503,0.0000,0.0000,9483.6071,0.01699603,1185.4509,1138.6651,8693.3065,8740.0923,0.01557970,0.01566354,0.00070817,22.4534,20.6030,0.4031,82.3230,2.6463,4649.9123,204.2083,25.9152,21.1137,12.8578,14.5296,26.176,48.8436,54.2173,102.8621,13.088,0.0,3.731508,7.079487,1.545355,30,207,63,6,0.32204186,0.01770420,-0.00338982,0E-8,0.000000,0.904812,0.002133,0.03111404,2026-03-21,2026-08-06,120,3733,1703,139,0.863309,1.227414,1.154177,1.073473,,,,,,,,GLOBAL_BASELINE_NO_ENTITY_RANKING,,,NOT_APPLICABLE_GLOBAL_BASELINE,HF9g-P5,,,,X 全窗基线 · 不参与实体赏罚,15053143,1506,A168_HF9F_20260827_0900,2026-08-27 09:00:00
2026-06-19,127529701,1094,0,77.1466042636,23.1439812791,23.1439812791,0.5000000,2,2,0.50665070000000000,0.506650700000,-0.018812684590367487,-0.018812684590367487,-0.018812684590367487,0E-17,ELIGIBLE,R03b_20260811_FULL_v1,L1_ELIGIBILITY,v2026-08-11,2026-03-21..2026-08-06,baccarat_bet02_101_all_pairs_incl_sentinel,round_win = game_pnl > 0 (decisive only),COMPATIBILITY_ONLY_NOT_PRODUCTION,557989.4742,504875.3716,9878.7574,24851,24505,-0.01770420,0.00338982,-0.02772422,-0.01770420,-9878.7574,557989.4742,OK,0.0000,395.1503,4.0000,96.0000,AG03-UNRESOLVED,ALL5_LEVELS_bet23_to_bet27,395.1503,395.1503,395.1503,0.0000,0.0000,4.000000,4.000000,4.000000,0.000000,0.000000,96.000000,96.000000,96.000000,100.000000,100.000000,5.0,1185.4509,1138.6651,8693.3065,8740.0923,PENDING_AG03,FALSE,NOT_FOR_ENFORCEMENT,9483.6071,484680.3568,9878.7574,9483.6071,395.1503,0.01770420,0.01699603,395.1503,9483.6071,0.01699603,395.1503,395.1503,395.1503,0.0000,0.0000,9483.6071,0.01699603,1185.4509,1138.6651,8693.3065,8740.0923,0.01557970,0.01566354,0.00070817,22.4534,20.6030,0.4031,82.3230,2.6463,4649.9123,204.2083,25.9152,21.1137,12.8578,14.5296,26.176,48.8436,54.2173,102.8621,13.088,0.0,3.731508,7.079487,1.545355,30,207,63,6,0.32204186,0.01770420,-0.00338982,0E-8,0.000000,0.904812,0.002133,0.03111404,2026-03-21,2026-08-06,120,3733,1703,139,0.863309,1.227414,1.154177,1.073473,,,,,,,,GLOBAL_BASELINE_NO_ENTITY_RANKING,,,NOT_APPLICABLE_GLOBAL_BASELINE,HF9g-P5,,,,X 全窗基线 · 不参与实体赏罚,15053144,1506,A168_HF9F_20260827_0900,2026-08-27 09:00:00
2026-06-19,127529701,1205,0,73.2892740504,-48.2166276647,-48.2166276647,0.2500000,4,4,0.49994810000000000,0.499948100000,-0.9997924053861017,-0.9997924053861017,-0.9997924053861017,0E-17,ELIGIBLE,R03b_20260811_FULL_v1,L1_ELIGIBILITY,v2026-08-11,2026-03-21..2026-08-06,baccarat_bet02_101_all_pairs_incl_sentinel,round_win = game_pnl > 0 (decisive only),COMPATIBILITY_ONLY_NOT_PRODUCTION,557989.4742,504875.3716,9878.7574,24851,24505,-0.01770420,0.00338982,-0.02772422,-0.01770420,-9878.7574,557989.4742,OK,0.0000,395.1503,4.0000,96.0000,AG03-UNRESOLVED,ALL5_LEVELS_bet23_to_bet27,395.1503,395.1503,395.1503,0.0000,0.0000,4.000000,4.000000,4.000000,0.000000,0.000000,96.000000,96.000000,96.000000,100.000000,100.000000,5.0,1185.4509,1138.6651,8693.3065,8740.0923,PENDING_AG03,FALSE,NOT_FOR_ENFORCEMENT,9483.6071,484680.3568,9878.7574,9483.6071,395.1503,0.01770420,0.01699603,395.1503,9483.6071,0.01699603,395.1503,395.1503,395.1503,0.0000,0.0000,9483.6071,0.01699603,1185.4509,1138.6651,8693.3065,8740.0923,0.01557970,0.01566354,0.00070817,22.4534,20.6030,0.4031,82.3230,2.6463,4649.9123,204.2083,25.9152,21.1137,12.8578,14.5296,26.176,48.8436,54.2173,102.8621,13.088,0.0,3.731508,7.079487,1.545355,30,207,63,6,0.32204186,0.01770420,-0.00338982,0E-8,0.000000,0.904812,0.002133,0.03111404,2026-03-21,2026-08-06,120,3733,1703,139,0.863309,1.227414,1.154177,1.073473,,,,,,,,GLOBAL_BASELINE_NO_ENTITY_RANKING,,,NOT_APPLICABLE_GLOBAL_BASELINE,HF9g-P5,,,,X 全窗基线 · 不参与实体赏罚,15053145,1506,A168_HF9F_20260827_0900,2026-08-27 09:00:00
2026-06-19,127529701,1299,0,205.7242780363,195.4380641346,195.4380641346,1.0000000,3,3,0.50665070000000000,0.506650700000,1.7091633124209307,1.7091633124209307,1.7091633124209307,0E-17,ELIGIBLE,R03b_20260811_FULL_v1,L1_ELIGIBILITY,v2026-08-11,2026-03-21..2026-08-06,baccarat_bet02_101_all_pairs_incl_sentinel,round_win = game_pnl > 0 (decisive only),COMPATIBILITY_ONLY_NOT_PRODUCTION,557989.4742,504875.3716,9878.7574,24851,24505,-0.01770420,0.00338982,-0.02772422,-0.01770420,-9878.7574,557989.4742,OK,0.0000,395.1503,4.0000,96.0000,AG03-UNRESOLVED,ALL5_LEVELS_bet23_to_bet27,395.1503,395.1503,395.1503,0.0000,0.0000,4.000000,4.000000,4.000000,0.000000,0.000000,96.000000,96.000000,96.000000,100.000000,100.000000,5.0,1185.4509,1138.6651,8693.3065,8740.0923,PENDING_AG03,FALSE,NOT_FOR_ENFORCEMENT,9483.6071,484680.3568,9878.7574,9483.6071,395.1503,0.01770420,0.01699603,395.1503,9483.6071,0.01699603,395.1503,395.1503,395.1503,0.0000,0.0000,9483.6071,0.01699603,1185.4509,1138.6651,8693.3065,8740.0923,0.01557970,0.01566354,0.00070817,22.4534,20.6030,0.4031,82.3230,2.6463,4649.9123,204.2083,25.9152,21.1137,12.8578,14.5296,26.176,48.8436,54.2173,102.8621,13.088,0.0,3.731508,7.079487,1.545355,30,207,63,6,0.32204186,0.01770420,-0.00338982,0E-8,0.000000,0.904812,0.002133,0.03111404,2026-03-21,2026-08-06,120,3733,1703,139,0.863309,1.227414,1.154177,1.073473,,,,,,,,GLOBAL_BASELINE_NO_ENTITY_RANKING,,,NOT_APPLICABLE_GLOBAL_BASELINE,HF9g-P5,,,,X 全窗基线 · 不参与实体赏罚,15053146,1506,A168_HF9F_20260827_0900,2026-08-27 09:00:00
2026-06-19,127529701,1306,0,204.9528119937,171.1625993262,171.1625993262,0.8571429,7,7,0.50473567142857143,0.504735671429,1.8648471934442603,1.8648471934420079,1.8648471934442603,-4.2857E-13,ELIGIBLE,R03b_20260811_FULL_v1,L1_ELIGIBILITY,v2026-08-11,2026-03-21..2026-08-06,baccarat_bet02_101_all_pairs_incl_sentinel,round_win = game_pnl > 0 (decisive only),COMPATIBILITY_ONLY_NOT_PRODUCTION,557989.4742,504875.3716,9878.7574,24851,24505,-0.01770420,0.00338982,-0.02772422,-0.01770420,-9878.7574,557989.4742,OK,0.0000,395.1503,4.0000,96.0000,AG03-UNRESOLVED,ALL5_LEVELS_bet23_to_bet27,395.1503,395.1503,395.1503,0.0000,0.0000,4.000000,4.000000,4.000000,0.000000,0.000000,96.000000,96.000000,96.000000,100.000000,100.000000,5.0,1185.4509,1138.6651,8693.3065,8740.0923,PENDING_AG03,FALSE,NOT_FOR_ENFORCEMENT,9483.6071,484680.3568,9878.7574,9483.6071,395.1503,0.01770420,0.01699603,395.1503,9483.6071,0.01699603,395.1503,395.1503,395.1503,0.0000,0.0000,9483.6071,0.01699603,1185.4509,1138.6651,8693.3065,8740.0923,0.01557970,0.01566354,0.00070817,22.4534,20.6030,0.4031,82.3230,2.6463,4649.9123,204.2083,25.9152,21.1137,12.8578,14.5296,26.176,48.8436,54.2173,102.8621,13.088,0.0,3.731508,7.079487,1.545355,30,207,63,6,0.32204186,0.01770420,-0.00338982,0E-8,0.000000,0.904812,0.002133,0.03111404,2026-03-21,2026-08-06,120,3733,1703,139,0.863309,1.227414,1.154177,1.073473,,,,,,,,GLOBAL_BASELINE_NO_ENTITY_RANKING,,,NOT_APPLICABLE_GLOBAL_BASELINE,HF9g-P5,,,,X 全窗基线 · 不参与实体赏罚,15053147,1506,A168_HF9F_20260827_0900,2026-08-27 09:00:00
2026-06-19,127529701,1307,0,153.0074317895,-153.0074317895,-153.0074317895,0E-7,2,2,0.50665070000000000,0.506650700000,-1.4331513700195317,-1.4331513700195317,-1.4331513700195317,0E-17,ELIGIBLE,R03b_20260811_FULL_v1,L1_ELIGIBILITY,v2026-08-11,2026-03-21..2026-08-06,baccarat_bet02_101_all_pairs_incl_sentinel,round_win = game_pnl > 0 (decisive only),COMPATIBILITY_ONLY_NOT_PRODUCTION,557989.4742,504875.3716,9878.7574,24851,24505,-0.01770420,0.00338982,-0.02772422,-0.01770420,-9878.7574,557989.4742,OK,0.0000,395.1503,4.0000,96.0000,AG03-UNRESOLVED,ALL5_LEVELS_bet23_to_bet27,395.1503,395.1503,395.1503,0.0000,0.0000,4.000000,4.000000,4.000000,0.000000,0.000000,96.000000,96.000000,96.000000,100.000000,100.000000,5.0,1185.4509,1138.6651,8693.3065,8740.0923,PENDING_AG03,FALSE,NOT_FOR_ENFORCEMENT,9483.6071,484680.3568,9878.7574,9483.6071,395.1503,0.01770420,0.01699603,395.1503,9483.6071,0.01699603,395.1503,395.1503,395.1503,0.0000,0.0000,9483.6071,0.01699603,1185.4509,1138.6651,8693.3065,8740.0923,0.01557970,0.01566354,0.00070817,22.4534,20.6030,0.4031,82.3230,2.6463,4649.9123,204.2083,25.9152,21.1137,12.8578,14.5296,26.176,48.8436,54.2173,102.8621,13.088,0.0,3.731508,7.079487,1.545355,30,207,63,6,0.32204186,0.01770420,-0.00338982,0E-8,0.000000,0.904812,0.002133,0.03111404,2026-03-21,2026-08-06,120,3733,1703,139,0.863309,1.227414,1.154177,1.073473,,,,,,,,GLOBAL_BASELINE_NO_ENTITY_RANKING,,,NOT_APPLICABLE_GLOBAL_BASELINE,HF9g-P5,,,,X 全窗基线 · 不参与实体赏罚,15053148,1506,A168_HF9F_20260827_0900,2026-08-27 09:00:00
2026-06-19,127529701,1325,0,275.1562218734,-72.4278036361,-72.4278036361,0.2500000,9,9,0.50218230000000000,0.502182300000,-1.426572103375426,-1.426572103375426,-1.426572103375426,0E-17,ELIGIBLE,R03b_20260811_FULL_v1,L1_ELIGIBILITY,v2026-08-11,2026-03-21..2026-08-06,baccarat_bet02_101_all_pairs_incl_sentinel,round_win = game_pnl > 0 (decisive only),COMPATIBILITY_ONLY_NOT_PRODUCTION,557989.4742,504875.3716,9878.7574,24851,24505,-0.01770420,0.00338982,-0.02772422,-0.01770420,-9878.7574,557989.4742,OK,0.0000,395.1503,4.0000,96.0000,AG03-UNRESOLVED,ALL5_LEVELS_bet23_to_bet27,395.1503,395.1503,395.1503,0.0000,0.0000,4.000000,4.000000,4.000000,0.000000,0.000000,96.000000,96.000000,96.000000,100.000000,100.000000,5.0,1185.4509,1138.6651,8693.3065,8740.0923,PENDING_AG03,FALSE,NOT_FOR_ENFORCEMENT,9483.6071,484680.3568,9878.7574,9483.6071,395.1503,0.01770420,0.01699603,395.1503,9483.6071,0.01699603,395.1503,395.1503,395.1503,0.0000,0.0000,9483.6071,0.01699603,1185.4509,1138.6651,8693.3065,8740.0923,0.01557970,0.01566354,0.00070817,22.4534,20.6030,0.4031,82.3230,2.6463,4649.9123,204.2083,25.9152,21.1137,12.8578,14.5296,26.176,48.8436,54.2173,102.8621,13.088,0.0,3.731508,7.079487,1.545355,30,207,63,6,0.32204186,0.01770420,-0.00338982,0E-8,0.000000,0.904812,0.002133,0.03111404,2026-03-21,2026-08-06,120,3733,1703,139,0.863309,1.227414,1.154177,1.073473,,,,,,,,GLOBAL_BASELINE_NO_ENTITY_RANKING,,,NOT_APPLICABLE_GLOBAL_BASELINE,HF9g-P5,,,,X 全窗基线 · 不参与实体赏罚,15053149,1506,A168_HF9F_20260827_0900,2026-08-27 09:00:00
2026-06-19,127529701,1353,0,90.0043716409,90.0043716409,90.0043716409,1.0000000,2,2,0.49324550000000000,0.493245500000,1.4334489766152358,1.4334489766152358,1.4334489766152358,0E-17,ELIGIBLE,R03b_20260811_FULL_v1,L1_ELIGIBILITY,v2026-08-11,2026-03-21..2026-08-06,baccarat_bet02_101_all_pairs_incl_sentinel,round_win = game_pnl > 0 (decisive only),COMPATIBILITY_ONLY_NOT_PRODUCTION,557989.4742,504875.3716,9878.7574,24851,24505,-0.01770420,0.00338982,-0.02772422,-0.01770420,-9878.7574,557989.4742,OK,0.0000,395.1503,4.0000,96.0000,AG03-UNRESOLVED,ALL5_LEVELS_bet23_to_bet27,395.1503,395.1503,395.1503,0.0000,0.0000,4.000000,4.000000,4.000000,0.000000,0.000000,96.000000,96.000000,96.000000,100.000000,100.000000,5.0,1185.4509,1138.6651,8693.3065,8740.0923,PENDING_AG03,FALSE,NOT_FOR_ENFORCEMENT,9483.6071,484680.3568,9878.7574,9483.6071,395.1503,0.01770420,0.01699603,395.1503,9483.6071,0.01699603,395.1503,395.1503,395.1503,0.0000,0.0000,9483.6071,0.01699603,1185.4509,1138.6651,8693.3065,8740.0923,0.01557970,0.01566354,0.00070817,22.4534,20.6030,0.4031,82.3230,2.6463,4649.9123,204.2083,25.9152,21.1137,12.8578,14.5296,26.176,48.8436,54.2173,102.8621,13.088,0.0,3.731508,7.079487,1.545355,30,207,63,6,0.32204186,0.01770420,-0.00338982,0E-8,0.000000,0.904812,0.002133,0.03111404,2026-03-21,2026-08-06,120,3733,1703,139,0.863309,1.227414,1.154177,1.073473,,,,,,,,GLOBAL_BASELINE_NO_ENTITY_RANKING,,,NOT_APPLICABLE_GLOBAL_BASELINE,HF9g-P5,,,,X 全窗基线 · 不参与实体赏罚,15053150,1506,A168_HF9F_20260827_0900,2026-08-27 09:00:00
2026-06-19,127529701,1399,0,128.5776737727,100.2905855426,100.2905855426,1.0000000,5,4,0.44676646250000000,0.446766462500,1.9274121614217106,1.9274121614217106,1.9274121614217106,0E-17,ELIGIBLE,R03b_20260811_FULL_v1,L1_ELIGIBILITY,v2026-08-11,2026-03-21..2026-08-06,baccarat_bet02_101_all_pairs_incl_sentinel,round_win = game_pnl > 0 (decisive only),COMPATIBILITY_ONLY_NOT_PRODUCTION,557989.4742,504875.3716,9878.7574,24851,24505,-0.01770420,0.00338982,-0.02772422,-0.01770420,-9878.7574,557989.4742,OK,0.0000,395.1503,4.0000,96.0000,AG03-UNRESOLVED,ALL5_LEVELS_bet23_to_bet27,395.1503,395.1503,395.1503,0.0000,0.0000,4.000000,4.000000,4.000000,0.000000,0.000000,96.000000,96.000000,96.000000,100.000000,100.000000,5.0,1185.4509,1138.6651,8693.3065,8740.0923,PENDING_AG03,FALSE,NOT_FOR_ENFORCEMENT,9483.6071,484680.3568,9878.7574,9483.6071,395.1503,0.01770420,0.01699603,395.1503,9483.6071,0.01699603,395.1503,395.1503,395.1503,0.0000,0.0000,9483.6071,0.01699603,1185.4509,1138.6651,8693.3065,8740.0923,0.01557970,0.01566354,0.00070817,22.4534,20.6030,0.4031,82.3230,2.6463,4649.9123,204.2083,25.9152,21.1137,12.8578,14.5296,26.176,48.8436,54.2173,102.8621,13.088,0.0,3.731508,7.079487,1.545355,30,207,63,6,0.32204186,0.01770420,-0.00338982,0E-8,0.000000,0.904812,0.002133,0.03111404,2026-03-21,2026-08-06,120,3733,1703,139,0.863309,1.227414,1.154177,1.073473,,,,,,,,GLOBAL_BASELINE_NO_ENTITY_RANKING,,,NOT_APPLICABLE_GLOBAL_BASELINE,HF9g-P5,,,,X 全窗基线 · 不参与实体赏罚,15053151,1506,A168_HF9F_20260827_0900,2026-08-27 09:00:00
2026-06-19,127529701,1400,0,28.2870882300,28.2870882300,28.2870882300,1.0000000,1,1,0.49324550000000000,0.493245500000,1.01360149184955,1.01360149184955,1.01360149184955,0E-17,ELIGIBLE,R03b_20260811_FULL_v1,L1_ELIGIBILITY,v2026-08-11,2026-03-21..2026-08-06,baccarat_bet02_101_all_pairs_incl_sentinel,round_win = game_pnl > 0 (decisive only),COMPATIBILITY_ONLY_NOT_PRODUCTION,557989.4742,504875.3716,9878.7574,24851,24505,-0.01770420,0.00338982,-0.02772422,-0.01770420,-9878.7574,557989.4742,OK,0.0000,395.1503,4.0000,96.0000,AG03-UNRESOLVED,ALL5_LEVELS_bet23_to_bet27,395.1503,395.1503,395.1503,0.0000,0.0000,4.000000,4.000000,4.000000,0.000000,0.000000,96.000000,96.000000,96.000000,100.000000,100.000000,5.0,1185.4509,1138.6651,8693.3065,8740.0923,PENDING_AG03,FALSE,NOT_FOR_ENFORCEMENT,9483.6071,484680.3568,9878.7574,9483.6071,395.1503,0.01770420,0.01699603,395.1503,9483.6071,0.01699603,395.1503,395.1503,395.1503,0.0000,0.0000,9483.6071,0.01699603,1185.4509,1138.6651,8693.3065,8740.0923,0.01557970,0.01566354,0.00070817,22.4534,20.6030,0.4031,82.3230,2.6463,4649.9123,204.2083,25.9152,21.1137,12.8578,14.5296,26.176,48.8436,54.2173,102.8621,13.088,0.0,3.731508,7.079487,1.545355,30,207,63,6,0.32204186,0.01770420,-0.00338982,0E-8,0.000000,0.904812,0.002133,0.03111404,2026-03-21,2026-08-06,120,3733,1703,139,0.863309,1.227414,1.154177,1.073473,,,,,,,,GLOBAL_BASELINE_NO_ENTITY_RANKING,,,NOT_APPLICABLE_GLOBAL_BASELINE,HF9g-P5,,,,X 全窗基线 · 不参与实体赏罚,15053152,1506,A168_HF9F_20260827_0900,2026-08-27 09:00:00
2026-06-19,127529701,1401,0,178.4658111965,97.4618767197,97.4618767197,0.7142857,10,10,0.49726706000000000,0.497267060000,1.1483719326223867,1.1483719326223867,1.1483719326223867,0E-17,ELIGIBLE,R03b_20260811_FULL_v1,L1_ELIGIBILITY,v2026-08-11,2026-03-21..2026-08-06,baccarat_bet02_101_all_pairs_incl_sentinel,round_win = game_pnl > 0 (decisive only),COMPATIBILITY_ONLY_NOT_PRODUCTION,557989.4742,504875.3716,9878.7574,24851,24505,-0.01770420,0.00338982,-0.02772422,-0.01770420,-9878.7574,557989.4742,OK,0.0000,395.1503,4.0000,96.0000,AG03-UNRESOLVED,ALL5_LEVELS_bet23_to_bet27,395.1503,395.1503,395.1503,0.0000,0.0000,4.000000,4.000000,4.000000,0.000000,0.000000,96.000000,96.000000,96.000000,100.000000,100.000000,5.0,1185.4509,1138.6651,8693.3065,8740.0923,PENDING_AG03,FALSE,NOT_FOR_ENFORCEMENT,9483.6071,484680.3568,9878.7574,9483.6071,395.1503,0.01770420,0.01699603,395.1503,9483.6071,0.01699603,395.1503,395.1503,395.1503,0.0000,0.0000,9483.6071,0.01699603,1185.4509,1138.6651,8693.3065,8740.0923,0.01557970,0.01566354,0.00070817,22.4534,20.6030,0.4031,82.3230,2.6463,4649.9123,204.2083,25.9152,21.1137,12.8578,14.5296,26.176,48.8436,54.2173,102.8621,13.088,0.0,3.731508,7.079487,1.545355,30,207,63,6,0.32204186,0.01770420,-0.00338982,0E-8,0.000000,0.904812,0.002133,0.03111404,2026-03-21,2026-08-06,120,3733,1703,139,0.863309,1.227414,1.154177,1.073473,,,,,,,,GLOBAL_BASELINE_NO_ENTITY_RANKING,,,NOT_APPLICABLE_GLOBAL_BASELINE,HF9g-P5,,,,X 全窗基线 · 不参与实体赏罚,15053153,1506,A168_HF9F_20260827_0900,2026-08-27 09:00:00
2026-06-19,127529701,1405,0,51.4310695091,-51.4310695091,-51.4310695091,0E-7,2,2,0.49994810000000000,0.499948100000,-1.4140667746232096,-1.4140667746232096,-1.4140667746232096,0E-17,ELIGIBLE,R03b_20260811_FULL_v1,L1_ELIGIBILITY,v2026-08-11,2026-03-21..2026-08-06,baccarat_bet02_101_all_pairs_incl_sentinel,round_win = game_pnl > 0 (decisive only),COMPATIBILITY_ONLY_NOT_PRODUCTION,557989.4742,504875.3716,9878.7574,24851,24505,-0.01770420,0.00338982,-0.02772422,-0.01770420,-9878.7574,557989.4742,OK,0.0000,395.1503,4.0000,96.0000,AG03-UNRESOLVED,ALL5_LEVELS_bet23_to_bet27,395.1503,395.1503,395.1503,0.0000,0.0000,4.000000,4.000000,4.000000,0.000000,0.000000,96.000000,96.000000,96.000000,100.000000,100.000000,5.0,1185.4509,1138.6651,8693.3065,8740.0923,PENDING_AG03,FALSE,NOT_FOR_ENFORCEMENT,9483.6071,484680.3568,9878.7574,9483.6071,395.1503,0.01770420,0.01699603,395.1503,9483.6071,0.01699603,395.1503,395.1503,395.1503,0.0000,0.0000,9483.6071,0.01699603,1185.4509,1138.6651,8693.3065,8740.0923,0.01557970,0.01566354,0.00070817,22.4534,20.6030,0.4031,82.3230,2.6463,4649.9123,204.2083,25.9152,21.1137,12.8578,14.5296,26.176,48.8436,54.2173,102.8621,13.088,0.0,3.731508,7.079487,1.545355,30,207,63,6,0.32204186,0.01770420,-0.00338982,0E-8,0.000000,0.904812,0.002133,0.03111404,2026-03-21,2026-08-06,120,3733,1703,139,0.863309,1.227414,1.154177,1.073473,,,,,,,,GLOBAL_BASELINE_NO_ENTITY_RANKING,,,NOT_APPLICABLE_GLOBAL_BASELINE,HF9g-P5,,,,X 全窗基线 · 不参与实体赏罚,15053154,1506,A168_HF9F_20260827_0900,2026-08-27 09:00:00
2026-06-19,127529701,1505,0,1120.4258492553,-79.0752693702,-79.0752693702,0.4444444,19,19,0.50171194210526316,0.501711942105,-0.48593367955509714,-0.48593367955286326,-0.48593367955509714,2.6316E-13,ELIGIBLE,R03b_20260811_FULL_v1,L1_ELIGIBILITY,v2026-08-11,2026-03-21..2026-08-06,baccarat_bet02_101_all_pairs_incl_sentinel,round_win = game_pnl > 0 (decisive only),COMPATIBILITY_ONLY_NOT_PRODUCTION,557989.4742,504875.3716,9878.7574,24851,24505,-0.01770420,0.00338982,-0.02772422,-0.01770420,-9878.7574,557989.4742,OK,0.0000,395.1503,4.0000,96.0000,AG03-UNRESOLVED,ALL5_LEVELS_bet23_to_bet27,395.1503,395.1503,395.1503,0.0000,0.0000,4.000000,4.000000,4.000000,0.000000,0.000000,96.000000,96.000000,96.000000,100.000000,100.000000,5.0,1185.4509,1138.6651,8693.3065,8740.0923,PENDING_AG03,FALSE,NOT_FOR_ENFORCEMENT,9483.6071,484680.3568,9878.7574,9483.6071,395.1503,0.01770420,0.01699603,395.1503,9483.6071,0.01699603,395.1503,395.1503,395.1503,0.0000,0.0000,9483.6071,0.01699603,1185.4509,1138.6651,8693.3065,8740.0923,0.01557970,0.01566354,0.00070817,22.4534,20.6030,0.4031,82.3230,2.6463,4649.9123,204.2083,25.9152,21.1137,12.8578,14.5296,26.176,48.8436,54.2173,102.8621,13.088,0.0,3.731508,7.079487,1.545355,30,207,63,6,0.32204186,0.01770420,-0.00338982,0E-8,0.000000,0.904812,0.002133,0.03111404,2026-03-21,2026-08-06,120,3733,1703,139,0.863309,1.227414,1.154177,1.073473,,,,,,,,GLOBAL_BASELINE_NO_ENTITY_RANKING,,,NOT_APPLICABLE_GLOBAL_BASELINE,HF9g-P5,,,,X 全窗基线 · 不参与实体赏罚,15053155,1506,A168_HF9F_20260827_0900,2026-08-27 09:00:00
2026-06-19,127529701,1985,0,102.8621390182,-102.8621390182,-102.8621390182,0E-7,1,1,0.50665070000000000,0.506650700000,-1.013391052207602,-1.013391052207602,-1.013391052207602,0E-17,ELIGIBLE,R03b_20260811_FULL_v1,L1_ELIGIBILITY,v2026-08-11,2026-03-21..2026-08-06,baccarat_bet02_101_all_pairs_incl_sentinel,round_win = game_pnl > 0 (decisive only),COMPATIBILITY_ONLY_NOT_PRODUCTION,557989.4742,504875.3716,9878.7574,24851,24505,-0.01770420,0.00338982,-0.02772422,-0.01770420,-9878.7574,557989.4742,OK,0.0000,395.1503,4.0000,96.0000,AG03-UNRESOLVED,ALL5_LEVELS_bet23_to_bet27,395.1503,395.1503,395.1503,0.0000,0.0000,4.000000,4.000000,4.000000,0.000000,0.000000,96.000000,96.000000,96.000000,100.000000,100.000000,5.0,1185.4509,1138.6651,8693.3065,8740.0923,PENDING_AG03,FALSE,NOT_FOR_ENFORCEMENT,9483.6071,484680.3568,9878.7574,9483.6071,395.1503,0.01770420,0.01699603,395.1503,9483.6071,0.01699603,395.1503,395.1503,395.1503,0.0000,0.0000,9483.6071,0.01699603,1185.4509,1138.6651,8693.3065,8740.0923,0.01557970,0.01566354,0.00070817,22.4534,20.6030,0.4031,82.3230,2.6463,4649.9123,204.2083,25.9152,21.1137,12.8578,14.5296,26.176,48.8436,54.2173,102.8621,13.088,0.0,3.731508,7.079487,1.545355,30,207,63,6,0.32204186,0.01770420,-0.00338982,0E-8,0.000000,0.904812,0.002133,0.03111404,2026-03-21,2026-08-06,120,3733,1703,139,0.863309,1.227414,1.154177,1.073473,,,,,,,,GLOBAL_BASELINE_NO_ENTITY_RANKING,,,NOT_APPLICABLE_GLOBAL_BASELINE,HF9g-P5,,,,X 全窗基线 · 不参与实体赏罚,15053156,1506,A168_HF9F_20260827_0900,2026-08-27 09:00:00
2026-06-19,127529701,1990,0,46.2879625582,28.9299765988,28.9299765988,0.5000000,2,2,0.50665070000000000,0.506650700000,-0.018812684590367487,-0.018812684590367487,-0.018812684590367487,0E-17,ELIGIBLE,R03b_20260811_FULL_v1,L1_ELIGIBILITY,v2026-08-11,2026-03-21..2026-08-06,baccarat_bet02_101_all_pairs_incl_sentinel,round_win = game_pnl > 0 (decisive only),COMPATIBILITY_ONLY_NOT_PRODUCTION,557989.4742,504875.3716,9878.7574,24851,24505,-0.01770420,0.00338982,-0.02772422,-0.01770420,-9878.7574,557989.4742,OK,0.0000,395.1503,4.0000,96.0000,AG03-UNRESOLVED,ALL5_LEVELS_bet23_to_bet27,395.1503,395.1503,395.1503,0.0000,0.0000,4.000000,4.000000,4.000000,0.000000,0.000000,96.000000,96.000000,96.000000,100.000000,100.000000,5.0,1185.4509,1138.6651,8693.3065,8740.0923,PENDING_AG03,FALSE,NOT_FOR_ENFORCEMENT,9483.6071,484680.3568,9878.7574,9483.6071,395.1503,0.01770420,0.01699603,395.1503,9483.6071,0.01699603,395.1503,395.1503,395.1503,0.0000,0.0000,9483.6071,0.01699603,1185.4509,1138.6651,8693.3065,8740.0923,0.01557970,0.01566354,0.00070817,22.4534,20.6030,0.4031,82.3230,2.6463,4649.9123,204.2083,25.9152,21.1137,12.8578,14.5296,26.176,48.8436,54.2173,102.8621,13.088,0.0,3.731508,7.079487,1.545355,30,207,63,6,0.32204186,0.01770420,-0.00338982,0E-8,0.000000,0.904812,0.002133,0.03111404,2026-03-21,2026-08-06,120,3733,1703,139,0.863309,1.227414,1.154177,1.073473,,,,,,,,GLOBAL_BASELINE_NO_ENTITY_RANKING,,,NOT_APPLICABLE_GLOBAL_BASELINE,HF9g-P5,,,,X 全窗基线 · 不参与实体赏罚,15053157,1506,A168_HF9F_20260827_0900,2026-08-27 09:00:00
2026-06-19,127529701,2093,0,253.5551726796,-89.1043279244,-89.1043279244,0.3333333,9,9,0.50218230000000000,0.502182300000,-1.0131034497211469,-1.0131034497211469,-1.0131034497211469,0E-17,ELIGIBLE,R03b_20260811_FULL_v1,L1_ELIGIBILITY,v2026-08-11,2026-03-21..2026-08-06,baccarat_bet02_101_all_pairs_incl_sentinel,round_win = game_pnl > 0 (decisive only),COMPATIBILITY_ONLY_NOT_PRODUCTION,557989.4742,504875.3716,9878.7574,24851,24505,-0.01770420,0.00338982,-0.02772422,-0.01770420,-9878.7574,557989.4742,OK,0.0000,395.1503,4.0000,96.0000,AG03-UNRESOLVED,ALL5_LEVELS_bet23_to_bet27,395.1503,395.1503,395.1503,0.0000,0.0000,4.000000,4.000000,4.000000,0.000000,0.000000,96.000000,96.000000,96.000000,100.000000,100.000000,5.0,1185.4509,1138.6651,8693.3065,8740.0923,PENDING_AG03,FALSE,NOT_FOR_ENFORCEMENT,9483.6071,484680.3568,9878.7574,9483.6071,395.1503,0.01770420,0.01699603,395.1503,9483.6071,0.01699603,395.1503,395.1503,395.1503,0.0000,0.0000,9483.6071,0.01699603,1185.4509,1138.6651,8693.3065,8740.0923,0.01557970,0.01566354,0.00070817,22.4534,20.6030,0.4031,82.3230,2.6463,4649.9123,204.2083,25.9152,21.1137,12.8578,14.5296,26.176,48.8436,54.2173,102.8621,13.088,0.0,3.731508,7.079487,1.545355,30,207,63,6,0.32204186,0.01770420,-0.00338982,0E-8,0.000000,0.904812,0.002133,0.03111404,2026-03-21,2026-08-06,120,3733,1703,139,0.863309,1.227414,1.154177,1.073473,,,,,,,,GLOBAL_BASELINE_NO_ENTITY_RANKING,,,NOT_APPLICABLE_GLOBAL_BASELINE,HF9g-P5,,,,X 全窗基线 · 不参与实体赏罚,15053158,1506,A168_HF9F_20260827_0900,2026-08-27 09:00:00
2026-06-19,127529701,2101,0,589.1429012265,250.3793041376,250.3793041376,0.6000000,15,15,0.50128862000000000,0.501288620000,0.7646176010050434,0.7646176010050434,0.7646176010050434,0E-17,ELIGIBLE,R03b_20260811_FULL_v1,L1_ELIGIBILITY,v2026-08-11,2026-03-21..2026-08-06,baccarat_bet02_101_all_pairs_incl_sentinel,round_win = game_pnl > 0 (decisive only),COMPATIBILITY_ONLY_NOT_PRODUCTION,557989.4742,504875.3716,9878.7574,24851,24505,-0.01770420,0.00338982,-0.02772422,-0.01770420,-9878.7574,557989.4742,OK,0.0000,395.1503,4.0000,96.0000,AG03-UNRESOLVED,ALL5_LEVELS_bet23_to_bet27,395.1503,395.1503,395.1503,0.0000,0.0000,4.000000,4.000000,4.000000,0.000000,0.000000,96.000000,96.000000,96.000000,100.000000,100.000000,5.0,1185.4509,1138.6651,8693.3065,8740.0923,PENDING_AG03,FALSE,NOT_FOR_ENFORCEMENT,9483.6071,484680.3568,9878.7574,9483.6071,395.1503,0.01770420,0.01699603,395.1503,9483.6071,0.01699603,395.1503,395.1503,395.1503,0.0000,0.0000,9483.6071,0.01699603,1185.4509,1138.6651,8693.3065,8740.0923,0.01557970,0.01566354,0.00070817,22.4534,20.6030,0.4031,82.3230,2.6463,4649.9123,204.2083,25.9152,21.1137,12.8578,14.5296,26.176,48.8436,54.2173,102.8621,13.088,0.0,3.731508,7.079487,1.545355,30,207,63,6,0.32204186,0.01770420,-0.00338982,0E-8,0.000000,0.904812,0.002133,0.03111404,2026-03-21,2026-08-06,120,3733,1703,139,0.863309,1.227414,1.154177,1.073473,,,,,,,,GLOBAL_BASELINE_NO_ENTITY_RANKING,,,NOT_APPLICABLE_GLOBAL_BASELINE,HF9g-P5,,,,X 全窗基线 · 不参与实体赏罚,15053159,1506,A168_HF9F_20260827_0900,2026-08-27 09:00:00
2026-06-19,127529701,2103,0,360.0174865636,9.6433255330,9.6433255330,0.6000000,7,7,0.50473567142857143,0.504735671429,0.4260541393395541,0.4260541393376408,0.4260541393395541,-4.2857E-13,ELIGIBLE,R03b_20260811_FULL_v1,L1_ELIGIBILITY,v2026-08-11,2026-03-21..2026-08-06,baccarat_bet02_101_all_pairs_incl_sentinel,round_win = game_pnl > 0 (decisive only),COMPATIBILITY_ONLY_NOT_PRODUCTION,557989.4742,504875.3716,9878.7574,24851,24505,-0.01770420,0.00338982,-0.02772422,-0.01770420,-9878.7574,557989.4742,OK,0.0000,395.1503,4.0000,96.0000,AG03-UNRESOLVED,ALL5_LEVELS_bet23_to_bet27,395.1503,395.1503,395.1503,0.0000,0.0000,4.000000,4.000000,4.000000,0.000000,0.000000,96.000000,96.000000,96.000000,100.000000,100.000000,5.0,1185.4509,1138.6651,8693.3065,8740.0923,PENDING_AG03,FALSE,NOT_FOR_ENFORCEMENT,9483.6071,484680.3568,9878.7574,9483.6071,395.1503,0.01770420,0.01699603,395.1503,9483.6071,0.01699603,395.1503,395.1503,395.1503,0.0000,0.0000,9483.6071,0.01699603,1185.4509,1138.6651,8693.3065,8740.0923,0.01557970,0.01566354,0.00070817,22.4534,20.6030,0.4031,82.3230,2.6463,4649.9123,204.2083,25.9152,21.1137,12.8578,14.5296,26.176,48.8436,54.2173,102.8621,13.088,0.0,3.731508,7.079487,1.545355,30,207,63,6,0.32204186,0.01770420,-0.00338982,0E-8,0.000000,0.904812,0.002133,0.03111404,2026-03-21,2026-08-06,120,3733,1703,139,0.863309,1.227414,1.154177,1.073473,,,,,,,,GLOBAL_BASELINE_NO_ENTITY_RANKING,,,NOT_APPLICABLE_GLOBAL_BASELINE,HF9g-P5,,,,X 全窗基线 · 不参与实体赏罚,15053160,1506,A168_HF9F_20260827_0900,2026-08-27 09:00:00
2026-06-19,127529701,2123,0,16.7150975905,-16.7150975905,-16.7150975905,0E-7,1,1,0.50665070000000000,0.506650700000,-1.013391052207602,-1.013391052207602,-1.013391052207602,0E-17,ELIGIBLE,R03b_20260811_FULL_v1,L1_ELIGIBILITY,v2026-08-11,2026-03-21..2026-08-06,baccarat_bet02_101_all_pairs_incl_sentinel,round_win = game_pnl > 0 (decisive only),COMPATIBILITY_ONLY_NOT_PRODUCTION,557989.4742,504875.3716,9878.7574,24851,24505,-0.01770420,0.00338982,-0.02772422,-0.01770420,-9878.7574,557989.4742,OK,0.0000,395.1503,4.0000,96.0000,AG03-UNRESOLVED,ALL5_LEVELS_bet23_to_bet27,395.1503,395.1503,395.1503,0.0000,0.0000,4.000000,4.000000,4.000000,0.000000,0.000000,96.000000,96.000000,96.000000,100.000000,100.000000,5.0,1185.4509,1138.6651,8693.3065,8740.0923,PENDING_AG03,FALSE,NOT_FOR_ENFORCEMENT,9483.6071,484680.3568,9878.7574,9483.6071,395.1503,0.01770420,0.01699603,395.1503,9483.6071,0.01699603,395.1503,395.1503,395.1503,0.0000,0.0000,9483.6071,0.01699603,1185.4509,1138.6651,8693.3065,8740.0923,0.01557970,0.01566354,0.00070817,22.4534,20.6030,0.4031,82.3230,2.6463,4649.9123,204.2083,25.9152,21.1137,12.8578,14.5296,26.176,48.8436,54.2173,102.8621,13.088,0.0,3.731508,7.079487,1.545355,30,207,63,6,0.32204186,0.01770420,-0.00338982,0E-8,0.000000,0.904812,0.002133,0.03111404,2026-03-21,2026-08-06,120,3733,1703,139,0.863309,1.227414,1.154177,1.073473,,,,,,,,GLOBAL_BASELINE_NO_ENTITY_RANKING,,,NOT_APPLICABLE_GLOBAL_BASELINE,HF9g-P5,,,,X 全窗基线 · 不参与实体赏罚,15053161,1506,A168_HF9F_20260827_0900,2026-08-27 09:00:00
2026-06-19,127529701,2153,0,205.7242780363,21.8582045414,21.8582045414,0.5000000,3,3,0.50218230000000000,0.502182300000,-0.00617253530718887,-0.00617253530718887,-0.00617253530718887,0E-17,ELIGIBLE,R03b_20260811_FULL_v1,L1_ELIGIBILITY,v2026-08-11,2026-03-21..2026-08-06,baccarat_bet02_101_all_pairs_incl_sentinel,round_win = game_pnl > 0 (decisive only),COMPATIBILITY_ONLY_NOT_PRODUCTION,557989.4742,504875.3716,9878.7574,24851,24505,-0.01770420,0.00338982,-0.02772422,-0.01770420,-9878.7574,557989.4742,OK,0.0000,395.1503,4.0000,96.0000,AG03-UNRESOLVED,ALL5_LEVELS_bet23_to_bet27,395.1503,395.1503,395.1503,0.0000,0.0000,4.000000,4.000000,4.000000,0.000000,0.000000,96.000000,96.000000,96.000000,100.000000,100.000000,5.0,1185.4509,1138.6651,8693.3065,8740.0923,PENDING_AG03,FALSE,NOT_FOR_ENFORCEMENT,9483.6071,484680.3568,9878.7574,9483.6071,395.1503,0.01770420,0.01699603,395.1503,9483.6071,0.01699603,395.1503,395.1503,395.1503,0.0000,0.0000,9483.6071,0.01699603,1185.4509,1138.6651,8693.3065,8740.0923,0.01557970,0.01566354,0.00070817,22.4534,20.6030,0.4031,82.3230,2.6463,4649.9123,204.2083,25.9152,21.1137,12.8578,14.5296,26.176,48.8436,54.2173,102.8621,13.088,0.0,3.731508,7.079487,1.545355,30,207,63,6,0.32204186,0.01770420,-0.00338982,0E-8,0.000000,0.904812,0.002133,0.03111404,2026-03-21,2026-08-06,120,3733,1703,139,0.863309,1.227414,1.154177,1.073473,,,,,,,,GLOBAL_BASELINE_NO_ENTITY_RANKING,,,NOT_APPLICABLE_GLOBAL_BASELINE,HF9g-P5,,,,X 全窗基线 · 不参与实体赏罚,15053162,1506,A168_HF9F_20260827_0900,2026-08-27 09:00:00
2026-06-19,127529701,2169,0,479.8518785198,219.5720935016,219.5720935016,0.7777778,19,19,0.50100640526315789,0.501006405263,2.3484877294644586,2.3484877294657975,2.3484877294644586,1.5789E-13,ELIGIBLE,R03b_20260811_FULL_v1,L1_ELIGIBILITY,v2026-08-11,2026-03-21..2026-08-06,baccarat_bet02_101_all_pairs_incl_sentinel,round_win = game_pnl > 0 (decisive only),COMPATIBILITY_ONLY_NOT_PRODUCTION,557989.4742,504875.3716,9878.7574,24851,24505,-0.01770420,0.00338982,-0.02772422,-0.01770420,-9878.7574,557989.4742,OK,0.0000,395.1503,4.0000,96.0000,AG03-UNRESOLVED,ALL5_LEVELS_bet23_to_bet27,395.1503,395.1503,395.1503,0.0000,0.0000,4.000000,4.000000,4.000000,0.000000,0.000000,96.000000,96.000000,96.000000,100.000000,100.000000,5.0,1185.4509,1138.6651,8693.3065,8740.0923,PENDING_AG03,FALSE,NOT_FOR_ENFORCEMENT,9483.6071,484680.3568,9878.7574,9483.6071,395.1503,0.01770420,0.01699603,395.1503,9483.6071,0.01699603,395.1503,395.1503,395.1503,0.0000,0.0000,9483.6071,0.01699603,1185.4509,1138.6651,8693.3065,8740.0923,0.01557970,0.01566354,0.00070817,22.4534,20.6030,0.4031,82.3230,2.6463,4649.9123,204.2083,25.9152,21.1137,12.8578,14.5296,26.176,48.8436,54.2173,102.8621,13.088,0.0,3.731508,7.079487,1.545355,30,207,63,6,0.32204186,0.01770420,-0.00338982,0E-8,0.000000,0.904812,0.002133,0.03111404,2026-03-21,2026-08-06,120,3733,1703,139,0.863309,1.227414,1.154177,1.073473,,,,,,,,GLOBAL_BASELINE_NO_ENTITY_RANKING,,,NOT_APPLICABLE_GLOBAL_BASELINE,HF9g-P5,,,,X 全窗基线 · 不参与实体赏罚,15053163,1506,A168_HF9F_20260827_0900,2026-08-27 09:00:00
2026-06-19,127529701,2174,0,69.6890991848,43.9735644302,43.9735644302,0.7500000,4,4,0.49659680000000000,0.496596800000,1.0136362796769356,1.0136362796769358,1.0136362796769356,0E-17,ELIGIBLE,R03b_20260811_FULL_v1,L1_ELIGIBILITY,v2026-08-11,2026-03-21..2026-08-06,baccarat_bet02_101_all_pairs_incl_sentinel,round_win = game_pnl > 0 (decisive only),COMPATIBILITY_ONLY_NOT_PRODUCTION,557989.4742,504875.3716,9878.7574,24851,24505,-0.01770420,0.00338982,-0.02772422,-0.01770420,-9878.7574,557989.4742,OK,0.0000,395.1503,4.0000,96.0000,AG03-UNRESOLVED,ALL5_LEVELS_bet23_to_bet27,395.1503,395.1503,395.1503,0.0000,0.0000,4.000000,4.000000,4.000000,0.000000,0.000000,96.000000,96.000000,96.000000,100.000000,100.000000,5.0,1185.4509,1138.6651,8693.3065,8740.0923,PENDING_AG03,FALSE,NOT_FOR_ENFORCEMENT,9483.6071,484680.3568,9878.7574,9483.6071,395.1503,0.01770420,0.01699603,395.1503,9483.6071,0.01699603,395.1503,395.1503,395.1503,0.0000,0.0000,9483.6071,0.01699603,1185.4509,1138.6651,8693.3065,8740.0923,0.01557970,0.01566354,0.00070817,22.4534,20.6030,0.4031,82.3230,2.6463,4649.9123,204.2083,25.9152,21.1137,12.8578,14.5296,26.176,48.8436,54.2173,102.8621,13.088,0.0,3.731508,7.079487,1.545355,30,207,63,6,0.32204186,0.01770420,-0.00338982,0E-8,0.000000,0.904812,0.002133,0.03111404,2026-03-21,2026-08-06,120,3733,1703,139,0.863309,1.227414,1.154177,1.073473,,,,,,,,GLOBAL_BASELINE_NO_ENTITY_RANKING,,,NOT_APPLICABLE_GLOBAL_BASELINE,HF9g-P5,,,,X 全窗基线 · 不参与实体赏罚,15053164,1506,A168_HF9F_20260827_0900,2026-08-27 09:00:00
2026-06-19,127529701,2223,0,438.4498675648,19.2866510660,19.2866510660,0.3333333,9,9,0.50069283333333333,0.500692833333,-1.0041579640283138,-1.0041579640263127,-1.0041579640283138,3.3333E-13,ELIGIBLE,R03b_20260811_FULL_v1,L1_ELIGIBILITY,v2026-08-11,2026-03-21..2026-08-06,baccarat_bet02_101_all_pairs_incl_sentinel,round_win = game_pnl > 0 (decisive only),COMPATIBILITY_ONLY_NOT_PRODUCTION,557989.4742,504875.3716,9878.7574,24851,24505,-0.01770420,0.00338982,-0.02772422,-0.01770420,-9878.7574,557989.4742,OK,0.0000,395.1503,4.0000,96.0000,AG03-UNRESOLVED,ALL5_LEVELS_bet23_to_bet27,395.1503,395.1503,395.1503,0.0000,0.0000,4.000000,4.000000,4.000000,0.000000,0.000000,96.000000,96.000000,96.000000,100.000000,100.000000,5.0,1185.4509,1138.6651,8693.3065,8740.0923,PENDING_AG03,FALSE,NOT_FOR_ENFORCEMENT,9483.6071,484680.3568,9878.7574,9483.6071,395.1503,0.01770420,0.01699603,395.1503,9483.6071,0.01699603,395.1503,395.1503,395.1503,0.0000,0.0000,9483.6071,0.01699603,1185.4509,1138.6651,8693.3065,8740.0923,0.01557970,0.01566354,0.00070817,22.4534,20.6030,0.4031,82.3230,2.6463,4649.9123,204.2083,25.9152,21.1137,12.8578,14.5296,26.176,48.8436,54.2173,102.8621,13.088,0.0,3.731508,7.079487,1.545355,30,207,63,6,0.32204186,0.01770420,-0.00338982,0E-8,0.000000,0.904812,0.002133,0.03111404,2026-03-21,2026-08-06,120,3733,1703,139,0.863309,1.227414,1.154177,1.073473,,,,,,,,GLOBAL_BASELINE_NO_ENTITY_RANKING,,,NOT_APPLICABLE_GLOBAL_BASELINE,HF9g-P5,,,,X 全窗基线 · 不参与实体赏罚,15053165,1506,A168_HF9F_20260827_0900,2026-08-27 09:00:00
2026-06-19,127529701,2233,0,208.0386761643,38.5990176665,38.5990176665,0.6000000,5,5,0.50128862000000000,0.501288620000,0.4414521777673877,0.4414521777673877,0.4414521777673877,0E-17,ELIGIBLE,R03b_20260811_FULL_v1,L1_ELIGIBILITY,v2026-08-11,2026-03-21..2026-08-06,baccarat_bet02_101_all_pairs_incl_sentinel,round_win = game_pnl > 0 (decisive only),COMPATIBILITY_ONLY_NOT_PRODUCTION,557989.4742,504875.3716,9878.7574,24851,24505,-0.01770420,0.00338982,-0.02772422,-0.01770420,-9878.7574,557989.4742,OK,0.0000,395.1503,4.0000,96.0000,AG03-UNRESOLVED,ALL5_LEVELS_bet23_to_bet27,395.1503,395.1503,395.1503,0.0000,0.0000,4.000000,4.000000,4.000000,0.000000,0.000000,96.000000,96.000000,96.000000,100.000000,100.000000,5.0,1185.4509,1138.6651,8693.3065,8740.0923,PENDING_AG03,FALSE,NOT_FOR_ENFORCEMENT,9483.6071,484680.3568,9878.7574,9483.6071,395.1503,0.01770420,0.01699603,395.1503,9483.6071,0.01699603,395.1503,395.1503,395.1503,0.0000,0.0000,9483.6071,0.01699603,1185.4509,1138.6651,8693.3065,8740.0923,0.01557970,0.01566354,0.00070817,22.4534,20.6030,0.4031,82.3230,2.6463,4649.9123,204.2083,25.9152,21.1137,12.8578,14.5296,26.176,48.8436,54.2173,102.8621,13.088,0.0,3.731508,7.079487,1.545355,30,207,63,6,0.32204186,0.01770420,-0.00338982,0E-8,0.000000,0.904812,0.002133,0.03111404,2026-03-21,2026-08-06,120,3733,1703,139,0.863309,1.227414,1.154177,1.073473,,,,,,,,GLOBAL_BASELINE_NO_ENTITY_RANKING,,,NOT_APPLICABLE_GLOBAL_BASELINE,HF9g-P5,,,,X 全窗基线 · 不参与实体赏罚,15053166,1506,A168_HF9F_20260827_0900,2026-08-27 09:00:00
2026-06-19,127529701,2248,0,51.4310695091,-51.4310695091,-51.4310695091,0E-7,1,1,0.50665070000000000,0.506650700000,-1.013391052207602,-1.013391052207602,-1.013391052207602,0E-17,ELIGIBLE,R03b_20260811_FULL_v1,L1_ELIGIBILITY,v2026-08-11,2026-03-21..2026-08-06,baccarat_bet02_101_all_pairs_incl_sentinel,round_win = game_pnl > 0 (decisive only),COMPATIBILITY_ONLY_NOT_PRODUCTION,557989.4742,504875.3716,9878.7574,24851,24505,-0.01770420,0.00338982,-0.02772422,-0.01770420,-9878.7574,557989.4742,OK,0.0000,395.1503,4.0000,96.0000,AG03-UNRESOLVED,ALL5_LEVELS_bet23_to_bet27,395.1503,395.1503,395.1503,0.0000,0.0000,4.000000,4.000000,4.000000,0.000000,0.000000,96.000000,96.000000,96.000000,100.000000,100.000000,5.0,1185.4509,1138.6651,8693.3065,8740.0923,PENDING_AG03,FALSE,NOT_FOR_ENFORCEMENT,9483.6071,484680.3568,9878.7574,9483.6071,395.1503,0.01770420,0.01699603,395.1503,9483.6071,0.01699603,395.1503,395.1503,395.1503,0.0000,0.0000,9483.6071,0.01699603,1185.4509,1138.6651,8693.3065,8740.0923,0.01557970,0.01566354,0.00070817,22.4534,20.6030,0.4031,82.3230,2.6463,4649.9123,204.2083,25.9152,21.1137,12.8578,14.5296,26.176,48.8436,54.2173,102.8621,13.088,0.0,3.731508,7.079487,1.545355,30,207,63,6,0.32204186,0.01770420,-0.00338982,0E-8,0.000000,0.904812,0.002133,0.03111404,2026-03-21,2026-08-06,120,3733,1703,139,0.863309,1.227414,1.154177,1.073473,,,,,,,,GLOBAL_BASELINE_NO_ENTITY_RANKING,,,NOT_APPLICABLE_GLOBAL_BASELINE,HF9g-P5,,,,X 全窗基线 · 不参与实体赏罚,15053167,1506,A168_HF9F_20260827_0900,2026-08-27 09:00:00
2026-06-19,127529701,2254,0,12.8577673773,12.2148790084,12.2148790084,1.0000000,1,1,0.50665070000000000,0.506650700000,0.9867858985152569,0.9867858985152569,0.9867858985152569,0E-17,ELIGIBLE,R03b_20260811_FULL_v1,L1_ELIGIBILITY,v2026-08-11,2026-03-21..2026-08-06,baccarat_bet02_101_all_pairs_incl_sentinel,round_win = game_pnl > 0 (decisive only),COMPATIBILITY_ONLY_NOT_PRODUCTION,557989.4742,504875.3716,9878.7574,24851,24505,-0.01770420,0.00338982,-0.02772422,-0.01770420,-9878.7574,557989.4742,OK,0.0000,395.1503,4.0000,96.0000,AG03-UNRESOLVED,ALL5_LEVELS_bet23_to_bet27,395.1503,395.1503,395.1503,0.0000,0.0000,4.000000,4.000000,4.000000,0.000000,0.000000,96.000000,96.000000,96.000000,100.000000,100.000000,5.0,1185.4509,1138.6651,8693.3065,8740.0923,PENDING_AG03,FALSE,NOT_FOR_ENFORCEMENT,9483.6071,484680.3568,9878.7574,9483.6071,395.1503,0.01770420,0.01699603,395.1503,9483.6071,0.01699603,395.1503,395.1503,395.1503,0.0000,0.0000,9483.6071,0.01699603,1185.4509,1138.6651,8693.3065,8740.0923,0.01557970,0.01566354,0.00070817,22.4534,20.6030,0.4031,82.3230,2.6463,4649.9123,204.2083,25.9152,21.1137,12.8578,14.5296,26.176,48.8436,54.2173,102.8621,13.088,0.0,3.731508,7.079487,1.545355,30,207,63,6,0.32204186,0.01770420,-0.00338982,0E-8,0.000000,0.904812,0.002133,0.03111404,2026-03-21,2026-08-06,120,3733,1703,139,0.863309,1.227414,1.154177,1.073473,,,,,,,,GLOBAL_BASELINE_NO_ENTITY_RANKING,,,NOT_APPLICABLE_GLOBAL_BASELINE,HF9g-P5,,,,X 全窗基线 · 不参与实体赏罚,15053168,1506,A168_HF9F_20260827_0900,2026-08-27 09:00:00
2026-06-19,127529701,2280,0,144.0069946254,140.1496644123,140.1496644123,1.0000000,2,2,0.49994810000000000,0.499948100000,1.4143603653603398,1.4143603653603398,1.4143603653603398,0E-17,ELIGIBLE,R03b_20260811_FULL_v1,L1_ELIGIBILITY,v2026-08-11,2026-03-21..2026-08-06,baccarat_bet02_101_all_pairs_incl_sentinel,round_win = game_pnl > 0 (decisive only),COMPATIBILITY_ONLY_NOT_PRODUCTION,557989.4742,504875.3716,9878.7574,24851,24505,-0.01770420,0.00338982,-0.02772422,-0.01770420,-9878.7574,557989.4742,OK,0.0000,395.1503,4.0000,96.0000,AG03-UNRESOLVED,ALL5_LEVELS_bet23_to_bet27,395.1503,395.1503,395.1503,0.0000,0.0000,4.000000,4.000000,4.000000,0.000000,0.000000,96.000000,96.000000,96.000000,100.000000,100.000000,5.0,1185.4509,1138.6651,8693.3065,8740.0923,PENDING_AG03,FALSE,NOT_FOR_ENFORCEMENT,9483.6071,484680.3568,9878.7574,9483.6071,395.1503,0.01770420,0.01699603,395.1503,9483.6071,0.01699603,395.1503,395.1503,395.1503,0.0000,0.0000,9483.6071,0.01699603,1185.4509,1138.6651,8693.3065,8740.0923,0.01557970,0.01566354,0.00070817,22.4534,20.6030,0.4031,82.3230,2.6463,4649.9123,204.2083,25.9152,21.1137,12.8578,14.5296,26.176,48.8436,54.2173,102.8621,13.088,0.0,3.731508,7.079487,1.545355,30,207,63,6,0.32204186,0.01770420,-0.00338982,0E-8,0.000000,0.904812,0.002133,0.03111404,2026-03-21,2026-08-06,120,3733,1703,139,0.863309,1.227414,1.154177,1.073473,,,,,,,,GLOBAL_BASELINE_NO_ENTITY_RANKING,,,NOT_APPLICABLE_GLOBAL_BASELINE,HF9g-P5,,,,X 全窗基线 · 不参与实体赏罚,15053169,1506,A168_HF9F_20260827_0900,2026-08-27 09:00:00
2026-06-19,127529701,2287,0,102.8621390181,-102.8621390181,-102.8621390181,0E-7,2,2,0.49324550000000000,0.493245500000,-1.3952362676504506,-1.3952362676504506,-1.3952362676504506,0E-17,ELIGIBLE,R03b_20260811_FULL_v1,L1_ELIGIBILITY,v2026-08-11,2026-03-21..2026-08-06,baccarat_bet02_101_all_pairs_incl_sentinel,round_win = game_pnl > 0 (decisive only),COMPATIBILITY_ONLY_NOT_PRODUCTION,557989.4742,504875.3716,9878.7574,24851,24505,-0.01770420,0.00338982,-0.02772422,-0.01770420,-9878.7574,557989.4742,OK,0.0000,395.1503,4.0000,96.0000,AG03-UNRESOLVED,ALL5_LEVELS_bet23_to_bet27,395.1503,395.1503,395.1503,0.0000,0.0000,4.000000,4.000000,4.000000,0.000000,0.000000,96.000000,96.000000,96.000000,100.000000,100.000000,5.0,1185.4509,1138.6651,8693.3065,8740.0923,PENDING_AG03,FALSE,NOT_FOR_ENFORCEMENT,9483.6071,484680.3568,9878.7574,9483.6071,395.1503,0.01770420,0.01699603,395.1503,9483.6071,0.01699603,395.1503,395.1503,395.1503,0.0000,0.0000,9483.6071,0.01699603,1185.4509,1138.6651,8693.3065,8740.0923,0.01557970,0.01566354,0.00070817,22.4534,20.6030,0.4031,82.3230,2.6463,4649.9123,204.2083,25.9152,21.1137,12.8578,14.5296,26.176,48.8436,54.2173,102.8621,13.088,0.0,3.731508,7.079487,1.545355,30,207,63,6,0.32204186,0.01770420,-0.00338982,0E-8,0.000000,0.904812,0.002133,0.03111404,2026-03-21,2026-08-06,120,3733,1703,139,0.863309,1.227414,1.154177,1.073473,,,,,,,,GLOBAL_BASELINE_NO_ENTITY_RANKING,,,NOT_APPLICABLE_GLOBAL_BASELINE,HF9g-P5,,,,X 全窗基线 · 不参与实体赏罚,15053170,1506,A168_HF9F_20260827_0900,2026-08-27 09:00:00
2026-06-19,127529701,919,0,195.9523748297,138.3495769794,138.3495769794,0.8333333,7,7,0.49899058571428571,0.498990585714,1.6379415995907425,1.637941599592144,1.6379415995907425,2.8571E-13,ELIGIBLE,R03b_20260811_FULL_v1,L1_ELIGIBILITY,v2026-08-11,2026-03-21..2026-08-06,baccarat_bet02_101_all_pairs_incl_sentinel,round_win = game_pnl > 0 (decisive only),COMPATIBILITY_ONLY_NOT_PRODUCTION,557989.4742,504875.3716,9878.7574,24851,24505,-0.01770420,0.00338982,-0.02772422,-0.01770420,-9878.7574,557989.4742,OK,0.0000,395.1503,4.0000,96.0000,AG03-UNRESOLVED,ALL5_LEVELS_bet23_to_bet27,395.1503,395.1503,395.1503,0.0000,0.0000,4.000000,4.000000,4.000000,0.000000,0.000000,96.000000,96.000000,96.000000,100.000000,100.000000,5.0,1185.4509,1138.6651,8693.3065,8740.0923,PENDING_AG03,FALSE,NOT_FOR_ENFORCEMENT,9483.6071,484680.3568,9878.7574,9483.6071,395.1503,0.01770420,0.01699603,395.1503,9483.6071,0.01699603,395.1503,395.1503,395.1503,0.0000,0.0000,9483.6071,0.01699603,1185.4509,1138.6651,8693.3065,8740.0923,0.01557970,0.01566354,0.00070817,22.4534,20.6030,0.4031,82.3230,2.6463,4649.9123,204.2083,25.9152,21.1137,12.8578,14.5296,26.176,48.8436,54.2173,102.8621,13.088,0.0,3.731508,7.079487,1.545355,30,207,63,6,0.32204186,0.01770420,-0.00338982,0E-8,0.000000,0.904812,0.002133,0.03111404,2026-03-21,2026-08-06,120,3733,1703,139,0.863309,1.227414,1.154177,1.073473,,,,,,,,GLOBAL_BASELINE_NO_ENTITY_RANKING,,,NOT_APPLICABLE_GLOBAL_BASELINE,HF9g-P5,,,,X 全窗基线 · 不参与实体赏罚,15053171,1506,A168_HF9F_20260827_0900,2026-08-27 09:00:00
2026-06-20,127529701,-1,1,5334.9448401771,285.5452979145,285.5452979145,0.5340909,99,97,0.49802610085910653,0.496587794502,0.6766410524054173,0.7036371841333505,0.6766410524054173,0.00143830635710653,SENTINEL_DEALER,R03b_20260811_FULL_v1,L1_ELIGIBILITY,v2026-08-11,2026-03-21..2026-08-06,baccarat_bet02_101_all_pairs_incl_sentinel,round_win = game_pnl > 0 (decisive only),COMPATIBILITY_ONLY_NOT_PRODUCTION,557989.4742,504875.3716,9878.7574,24851,24505,-0.01770420,0.00338982,-0.02772422,-0.01770420,-9878.7574,557989.4742,OK,0.0000,395.1503,4.0000,96.0000,AG03-UNRESOLVED,ALL5_LEVELS_bet23_to_bet27,395.1503,395.1503,395.1503,0.0000,0.0000,4.000000,4.000000,4.000000,0.000000,0.000000,96.000000,96.000000,96.000000,100.000000,100.000000,5.0,1185.4509,1138.6651,8693.3065,8740.0923,PENDING_AG03,FALSE,NOT_FOR_ENFORCEMENT,9483.6071,484680.3568,9878.7574,9483.6071,395.1503,0.01770420,0.01699603,395.1503,9483.6071,0.01699603,395.1503,395.1503,395.1503,0.0000,0.0000,9483.6071,0.01699603,1185.4509,1138.6651,8693.3065,8740.0923,0.01557970,0.01566354,0.00070817,22.4534,20.6030,0.4031,82.3230,2.6463,4649.9123,204.2083,25.9152,21.1137,12.8578,14.5296,26.176,48.8436,54.2173,102.8621,13.088,0.0,3.731508,7.079487,1.545355,30,207,63,6,0.32204186,0.01770420,-0.00338982,0E-8,0.000000,0.904812,0.002133,0.03111404,2026-03-21,2026-08-06,120,3733,1703,139,0.863309,1.227414,1.154177,1.073473,,,,,,,,GLOBAL_BASELINE_NO_ENTITY_RANKING,,,NOT_APPLICABLE_GLOBAL_BASELINE,HF9g-P5,,,,X 全窗基线 · 不参与实体赏罚,15053172,1506,A168_HF9F_20260827_0900,2026-08-27 09:00:00
2026-06-20,127529701,1094,0,244.2975801681,133.0778923548,133.0778923548,0.5000000,3,3,0.50665070000000000,0.506650700000,-0.018812684590367487,-0.018812684590367487,-0.018812684590367487,0E-17,ELIGIBLE,R03b_20260811_FULL_v1,L1_ELIGIBILITY,v2026-08-11,2026-03-21..2026-08-06,baccarat_bet02_101_all_pairs_incl_sentinel,round_win = game_pnl > 0 (decisive only),COMPATIBILITY_ONLY_NOT_PRODUCTION,557989.4742,504875.3716,9878.7574,24851,24505,-0.01770420,0.00338982,-0.02772422,-0.01770420,-9878.7574,557989.4742,OK,0.0000,395.1503,4.0000,96.0000,AG03-UNRESOLVED,ALL5_LEVELS_bet23_to_bet27,395.1503,395.1503,395.1503,0.0000,0.0000,4.000000,4.000000,4.000000,0.000000,0.000000,96.000000,96.000000,96.000000,100.000000,100.000000,5.0,1185.4509,1138.6651,8693.3065,8740.0923,PENDING_AG03,FALSE,NOT_FOR_ENFORCEMENT,9483.6071,484680.3568,9878.7574,9483.6071,395.1503,0.01770420,0.01699603,395.1503,9483.6071,0.01699603,395.1503,395.1503,395.1503,0.0000,0.0000,9483.6071,0.01699603,1185.4509,1138.6651,8693.3065,8740.0923,0.01557970,0.01566354,0.00070817,22.4534,20.6030,0.4031,82.3230,2.6463,4649.9123,204.2083,25.9152,21.1137,12.8578,14.5296,26.176,48.8436,54.2173,102.8621,13.088,0.0,3.731508,7.079487,1.545355,30,207,63,6,0.32204186,0.01770420,-0.00338982,0E-8,0.000000,0.904812,0.002133,0.03111404,2026-03-21,2026-08-06,120,3733,1703,139,0.863309,1.227414,1.154177,1.073473,,,,,,,,GLOBAL_BASELINE_NO_ENTITY_RANKING,,,NOT_APPLICABLE_GLOBAL_BASELINE,HF9g-P5,,,,X 全窗基线 · 不参与实体赏罚,15053173,1506,A168_HF9F_20260827_0900,2026-08-27 09:00:00
2026-06-20,127529701,1109,0,198.0096176099,-91.9330367475,-91.9330367475,0.4285714,7,7,0.50090561428571429,0.500905614286,-0.38275716120403624,-0.38275716120554854,-0.38275716120403624,-2.8571E-13,ELIGIBLE,R03b_20260811_FULL_v1,L1_ELIGIBILITY,v2026-08-11,2026-03-21..2026-08-06,baccarat_bet02_101_all_pairs_incl_sentinel,round_win = game_pnl > 0 (decisive only),COMPATIBILITY_ONLY_NOT_PRODUCTION,557989.4742,504875.3716,9878.7574,24851,24505,-0.01770420,0.00338982,-0.02772422,-0.01770420,-9878.7574,557989.4742,OK,0.0000,395.1503,4.0000,96.0000,AG03-UNRESOLVED,ALL5_LEVELS_bet23_to_bet27,395.1503,395.1503,395.1503,0.0000,0.0000,4.000000,4.000000,4.000000,0.000000,0.000000,96.000000,96.000000,96.000000,100.000000,100.000000,5.0,1185.4509,1138.6651,8693.3065,8740.0923,PENDING_AG03,FALSE,NOT_FOR_ENFORCEMENT,9483.6071,484680.3568,9878.7574,9483.6071,395.1503,0.01770420,0.01699603,395.1503,9483.6071,0.01699603,395.1503,395.1503,395.1503,0.0000,0.0000,9483.6071,0.01699603,1185.4509,1138.6651,8693.3065,8740.0923,0.01557970,0.01566354,0.00070817,22.4534,20.6030,0.4031,82.3230,2.6463,4649.9123,204.2083,25.9152,21.1137,12.8578,14.5296,26.176,48.8436,54.2173,102.8621,13.088,0.0,3.731508,7.079487,1.545355,30,207,63,6,0.32204186,0.01770420,-0.00338982,0E-8,0.000000,0.904812,0.002133,0.03111404,2026-03-21,2026-08-06,120,3733,1703,139,0.863309,1.227414,1.154177,1.073473,,,,,,,,GLOBAL_BASELINE_NO_ENTITY_RANKING,,,NOT_APPLICABLE_GLOBAL_BASELINE,HF9g-P5,,,,X 全窗基线 · 不参与实体赏罚,15053174,1506,A168_HF9F_20260827_0900,2026-08-27 09:00:00
2026-06-20,127529701,1115,0,25.7155347545,-25.7155347545,-25.7155347545,0E-7,1,1,0.50665070000000000,0.506650700000,-1.013391052207602,-1.013391052207602,-1.013391052207602,0E-17,ELIGIBLE,R03b_20260811_FULL_v1,L1_ELIGIBILITY,v2026-08-11,2026-03-21..2026-08-06,baccarat_bet02_101_all_pairs_incl_sentinel,round_win = game_pnl > 0 (decisive only),COMPATIBILITY_ONLY_NOT_PRODUCTION,557989.4742,504875.3716,9878.7574,24851,24505,-0.01770420,0.00338982,-0.02772422,-0.01770420,-9878.7574,557989.4742,OK,0.0000,395.1503,4.0000,96.0000,AG03-UNRESOLVED,ALL5_LEVELS_bet23_to_bet27,395.1503,395.1503,395.1503,0.0000,0.0000,4.000000,4.000000,4.000000,0.000000,0.000000,96.000000,96.000000,96.000000,100.000000,100.000000,5.0,1185.4509,1138.6651,8693.3065,8740.0923,PENDING_AG03,FALSE,NOT_FOR_ENFORCEMENT,9483.6071,484680.3568,9878.7574,9483.6071,395.1503,0.01770420,0.01699603,395.1503,9483.6071,0.01699603,395.1503,395.1503,395.1503,0.0000,0.0000,9483.6071,0.01699603,1185.4509,1138.6651,8693.3065,8740.0923,0.01557970,0.01566354,0.00070817,22.4534,20.6030,0.4031,82.3230,2.6463,4649.9123,204.2083,25.9152,21.1137,12.8578,14.5296,26.176,48.8436,54.2173,102.8621,13.088,0.0,3.731508,7.079487,1.545355,30,207,63,6,0.32204186,0.01770420,-0.00338982,0E-8,0.000000,0.904812,0.002133,0.03111404,2026-03-21,2026-08-06,120,3733,1703,139,0.863309,1.227414,1.154177,1.073473,,,,,,,,GLOBAL_BASELINE_NO_ENTITY_RANKING,,,NOT_APPLICABLE_GLOBAL_BASELINE,HF9g-P5,,,,X 全窗基线 · 不参与实体赏罚,15053175,1506,A168_HF9F_20260827_0900,2026-08-27 09:00:00
2026-06-20,127529701,1301,0,79.7181577391,75.7322498521,75.7322498521,1.0000000,3,3,0.50665070000000000,0.506650700000,1.7091633124209307,1.7091633124209307,1.7091633124209307,0E-17,ELIGIBLE,R03b_20260811_FULL_v1,L1_ELIGIBILITY,v2026-08-11,2026-03-21..2026-08-06,baccarat_bet02_101_all_pairs_incl_sentinel,round_win = game_pnl > 0 (decisive only),COMPATIBILITY_ONLY_NOT_PRODUCTION,557989.4742,504875.3716,9878.7574,24851,24505,-0.01770420,0.00338982,-0.02772422,-0.01770420,-9878.7574,557989.4742,OK,0.0000,395.1503,4.0000,96.0000,AG03-UNRESOLVED,ALL5_LEVELS_bet23_to_bet27,395.1503,395.1503,395.1503,0.0000,0.0000,4.000000,4.000000,4.000000,0.000000,0.000000,96.000000,96.000000,96.000000,100.000000,100.000000,5.0,1185.4509,1138.6651,8693.3065,8740.0923,PENDING_AG03,FALSE,NOT_FOR_ENFORCEMENT,9483.6071,484680.3568,9878.7574,9483.6071,395.1503,0.01770420,0.01699603,395.1503,9483.6071,0.01699603,395.1503,395.1503,395.1503,0.0000,0.0000,9483.6071,0.01699603,1185.4509,1138.6651,8693.3065,8740.0923,0.01557970,0.01566354,0.00070817,22.4534,20.6030,0.4031,82.3230,2.6463,4649.9123,204.2083,25.9152,21.1137,12.8578,14.5296,26.176,48.8436,54.2173,102.8621,13.088,0.0,3.731508,7.079487,1.545355,30,207,63,6,0.32204186,0.01770420,-0.00338982,0E-8,0.000000,0.904812,0.002133,0.03111404,2026-03-21,2026-08-06,120,3733,1703,139,0.863309,1.227414,1.154177,1.073473,,,,,,,,GLOBAL_BASELINE_NO_ENTITY_RANKING,,,NOT_APPLICABLE_GLOBAL_BASELINE,HF9g-P5,,,,X 全窗基线 · 不参与实体赏罚,15053176,1506,A168_HF9F_20260827_0900,2026-08-27 09:00:00
2026-06-20,127529701,1306,0,231.4398127909,-81.0039344768,-81.0039344768,0.3333333,3,3,0.49771390000000000,0.497713900000,-0.5694369385616226,-0.5694369385616226,-0.5694369385616226,0E-17,ELIGIBLE,R03b_20260811_FULL_v1,L1_ELIGIBILITY,v2026-08-11,2026-03-21..2026-08-06,baccarat_bet02_101_all_pairs_incl_sentinel,round_win = game_pnl > 0 (decisive only),COMPATIBILITY_ONLY_NOT_PRODUCTION,557989.4742,504875.3716,9878.7574,24851,24505,-0.01770420,0.00338982,-0.02772422,-0.01770420,-9878.7574,557989.4742,OK,0.0000,395.1503,4.0000,96.0000,AG03-UNRESOLVED,ALL5_LEVELS_bet23_to_bet27,395.1503,395.1503,395.1503,0.0000,0.0000,4.000000,4.000000,4.000000,0.000000,0.000000,96.000000,96.000000,96.000000,100.000000,100.000000,5.0,1185.4509,1138.6651,8693.3065,8740.0923,PENDING_AG03,FALSE,NOT_FOR_ENFORCEMENT,9483.6071,484680.3568,9878.7574,9483.6071,395.1503,0.01770420,0.01699603,395.1503,9483.6071,0.01699603,395.1503,395.1503,395.1503,0.0000,0.0000,9483.6071,0.01699603,1185.4509,1138.6651,8693.3065,8740.0923,0.01557970,0.01566354,0.00070817,22.4534,20.6030,0.4031,82.3230,2.6463,4649.9123,204.2083,25.9152,21.1137,12.8578,14.5296,26.176,48.8436,54.2173,102.8621,13.088,0.0,3.731508,7.079487,1.545355,30,207,63,6,0.32204186,0.01770420,-0.00338982,0E-8,0.000000,0.904812,0.002133,0.03111404,2026-03-21,2026-08-06,120,3733,1703,139,0.863309,1.227414,1.154177,1.073473,,,,,,,,GLOBAL_BASELINE_NO_ENTITY_RANKING,,,NOT_APPLICABLE_GLOBAL_BASELINE,HF9g-P5,,,,X 全窗基线 · 不参与实体赏罚,15053177,1506,A168_HF9F_20260827_0900,2026-08-27 09:00:00
2026-06-20,127529701,1307,0,543.8835600585,231.3112351172,231.3112351172,0.6666667,13,13,0.49943251538461538,0.499432515385,1.158632933374424,1.1586329333717584,1.158632933374424,-3.8462E-13,ELIGIBLE,R03b_20260811_FULL_v1,L1_ELIGIBILITY,v2026-08-11,2026-03-21..2026-08-06,baccarat_bet02_101_all_pairs_incl_sentinel,round_win = game_pnl > 0 (decisive only),COMPATIBILITY_ONLY_NOT_PRODUCTION,557989.4742,504875.3716,9878.7574,24851,24505,-0.01770420,0.00338982,-0.02772422,-0.01770420,-9878.7574,557989.4742,OK,0.0000,395.1503,4.0000,96.0000,AG03-UNRESOLVED,ALL5_LEVELS_bet23_to_bet27,395.1503,395.1503,395.1503,0.0000,0.0000,4.000000,4.000000,4.000000,0.000000,0.000000,96.000000,96.000000,96.000000,100.000000,100.000000,5.0,1185.4509,1138.6651,8693.3065,8740.0923,PENDING_AG03,FALSE,NOT_FOR_ENFORCEMENT,9483.6071,484680.3568,9878.7574,9483.6071,395.1503,0.01770420,0.01699603,395.1503,9483.6071,0.01699603,395.1503,395.1503,395.1503,0.0000,0.0000,9483.6071,0.01699603,1185.4509,1138.6651,8693.3065,8740.0923,0.01557970,0.01566354,0.00070817,22.4534,20.6030,0.4031,82.3230,2.6463,4649.9123,204.2083,25.9152,21.1137,12.8578,14.5296,26.176,48.8436,54.2173,102.8621,13.088,0.0,3.731508,7.079487,1.545355,30,207,63,6,0.32204186,0.01770420,-0.00338982,0E-8,0.000000,0.904812,0.002133,0.03111404,2026-03-21,2026-08-06,120,3733,1703,139,0.863309,1.227414,1.154177,1.073473,,,,,,,,GLOBAL_BASELINE_NO_ENTITY_RANKING,,,NOT_APPLICABLE_GLOBAL_BASELINE,HF9g-P5,,,,X 全窗基线 · 不参与实体赏罚,15053178,1506,A168_HF9F_20260827_0900,2026-08-27 09:00:00
2026-06-20,127529701,1325,0,128.5776737727,-28.2870882300,-28.2870882300,0.5000000,2,2,0.49994810000000000,0.499948100000,0.00014679536856514622,0.00014679536856514622,0.00014679536856514622,0E-17,ELIGIBLE,R03b_20260811_FULL_v1,L1_ELIGIBILITY,v2026-08-11,2026-03-21..2026-08-06,baccarat_bet02_101_all_pairs_incl_sentinel,round_win = game_pnl > 0 (decisive only),COMPATIBILITY_ONLY_NOT_PRODUCTION,557989.4742,504875.3716,9878.7574,24851,24505,-0.01770420,0.00338982,-0.02772422,-0.01770420,-9878.7574,557989.4742,OK,0.0000,395.1503,4.0000,96.0000,AG03-UNRESOLVED,ALL5_LEVELS_bet23_to_bet27,395.1503,395.1503,395.1503,0.0000,0.0000,4.000000,4.000000,4.000000,0.000000,0.000000,96.000000,96.000000,96.000000,100.000000,100.000000,5.0,1185.4509,1138.6651,8693.3065,8740.0923,PENDING_AG03,FALSE,NOT_FOR_ENFORCEMENT,9483.6071,484680.3568,9878.7574,9483.6071,395.1503,0.01770420,0.01699603,395.1503,9483.6071,0.01699603,395.1503,395.1503,395.1503,0.0000,0.0000,9483.6071,0.01699603,1185.4509,1138.6651,8693.3065,8740.0923,0.01557970,0.01566354,0.00070817,22.4534,20.6030,0.4031,82.3230,2.6463,4649.9123,204.2083,25.9152,21.1137,12.8578,14.5296,26.176,48.8436,54.2173,102.8621,13.088,0.0,3.731508,7.079487,1.545355,30,207,63,6,0.32204186,0.01770420,-0.00338982,0E-8,0.000000,0.904812,0.002133,0.03111404,2026-03-21,2026-08-06,120,3733,1703,139,0.863309,1.227414,1.154177,1.073473,,,,,,,,GLOBAL_BASELINE_NO_ENTITY_RANKING,,,NOT_APPLICABLE_GLOBAL_BASELINE,HF9g-P5,,,,X 全窗基线 · 不参与实体赏罚,15053179,1506,A168_HF9F_20260827_0900,2026-08-27 09:00:00
2026-06-20,127529701,1330,0,612.2868825056,46.9951397640,46.9951397640,0.4615385,13,13,0.50149485384615385,0.501494853846,-0.28813093020660707,-0.28813093020549735,-0.28813093020660707,1.5385E-13,ELIGIBLE,R03b_20260811_FULL_v1,L1_ELIGIBILITY,v2026-08-11,2026-03-21..2026-08-06,baccarat_bet02_101_all_pairs_incl_sentinel,round_win = game_pnl > 0 (decisive only),COMPATIBILITY_ONLY_NOT_PRODUCTION,557989.4742,504875.3716,9878.7574,24851,24505,-0.01770420,0.00338982,-0.02772422,-0.01770420,-9878.7574,557989.4742,OK,0.0000,395.1503,4.0000,96.0000,AG03-UNRESOLVED,ALL5_LEVELS_bet23_to_bet27,395.1503,395.1503,395.1503,0.0000,0.0000,4.000000,4.000000,4.000000,0.000000,0.000000,96.000000,96.000000,96.000000,100.000000,100.000000,5.0,1185.4509,1138.6651,8693.3065,8740.0923,PENDING_AG03,FALSE,NOT_FOR_ENFORCEMENT,9483.6071,484680.3568,9878.7574,9483.6071,395.1503,0.01770420,0.01699603,395.1503,9483.6071,0.01699603,395.1503,395.1503,395.1503,0.0000,0.0000,9483.6071,0.01699603,1185.4509,1138.6651,8693.3065,8740.0923,0.01557970,0.01566354,0.00070817,22.4534,20.6030,0.4031,82.3230,2.6463,4649.9123,204.2083,25.9152,21.1137,12.8578,14.5296,26.176,48.8436,54.2173,102.8621,13.088,0.0,3.731508,7.079487,1.545355,30,207,63,6,0.32204186,0.01770420,-0.00338982,0E-8,0.000000,0.904812,0.002133,0.03111404,2026-03-21,2026-08-06,120,3733,1703,139,0.863309,1.227414,1.154177,1.073473,,,,,,,,GLOBAL_BASELINE_NO_ENTITY_RANKING,,,NOT_APPLICABLE_GLOBAL_BASELINE,HF9g-P5,,,,X 全窗基线 · 不参与实体赏罚,15053180,1506,A168_HF9F_20260827_0900,2026-08-27 09:00:00
2026-06-20,127529701,1331,0,321.4441844318,110.3196440970,110.3196440970,0.6666667,10,10,0.49860758000000000,0.498607580000,1.0083584300857016,1.0083584300857016,1.0083584300857016,0E-17,ELIGIBLE,R03b_20260811_FULL_v1,L1_ELIGIBILITY,v2026-08-11,2026-03-21..2026-08-06,baccarat_bet02_101_all_pairs_incl_sentinel,round_win = game_pnl > 0 (decisive only),COMPATIBILITY_ONLY_NOT_PRODUCTION,557989.4742,504875.3716,9878.7574,24851,24505,-0.01770420,0.00338982,-0.02772422,-0.01770420,-9878.7574,557989.4742,OK,0.0000,395.1503,4.0000,96.0000,AG03-UNRESOLVED,ALL5_LEVELS_bet23_to_bet27,395.1503,395.1503,395.1503,0.0000,0.0000,4.000000,4.000000,4.000000,0.000000,0.000000,96.000000,96.000000,96.000000,100.000000,100.000000,5.0,1185.4509,1138.6651,8693.3065,8740.0923,PENDING_AG03,FALSE,NOT_FOR_ENFORCEMENT,9483.6071,484680.3568,9878.7574,9483.6071,395.1503,0.01770420,0.01699603,395.1503,9483.6071,0.01699603,395.1503,395.1503,395.1503,0.0000,0.0000,9483.6071,0.01699603,1185.4509,1138.6651,8693.3065,8740.0923,0.01557970,0.01566354,0.00070817,22.4534,20.6030,0.4031,82.3230,2.6463,4649.9123,204.2083,25.9152,21.1137,12.8578,14.5296,26.176,48.8436,54.2173,102.8621,13.088,0.0,3.731508,7.079487,1.545355,30,207,63,6,0.32204186,0.01770420,-0.00338982,0E-8,0.000000,0.904812,0.002133,0.03111404,2026-03-21,2026-08-06,120,3733,1703,139,0.863309,1.227414,1.154177,1.073473,,,,,,,,GLOBAL_BASELINE_NO_ENTITY_RANKING,,,NOT_APPLICABLE_GLOBAL_BASELINE,HF9g-P5,,,,X 全窗基线 · 不参与实体赏罚,15053181,1506,A168_HF9F_20260827_0900,2026-08-27 09:00:00
2026-06-20,127529701,1353,0,77.1466042636,73.2892740505,73.2892740505,1.0000000,1,1,0.50665070000000000,0.506650700000,0.9867858985152569,0.9867858985152569,0.9867858985152569,0E-17,ELIGIBLE,R03b_20260811_FULL_v1,L1_ELIGIBILITY,v2026-08-11,2026-03-21..2026-08-06,baccarat_bet02_101_all_pairs_incl_sentinel,round_win = game_pnl > 0 (decisive only),COMPATIBILITY_ONLY_NOT_PRODUCTION,557989.4742,504875.3716,9878.7574,24851,24505,-0.01770420,0.00338982,-0.02772422,-0.01770420,-9878.7574,557989.4742,OK,0.0000,395.1503,4.0000,96.0000,AG03-UNRESOLVED,ALL5_LEVELS_bet23_to_bet27,395.1503,395.1503,395.1503,0.0000,0.0000,4.000000,4.000000,4.000000,0.000000,0.000000,96.000000,96.000000,96.000000,100.000000,100.000000,5.0,1185.4509,1138.6651,8693.3065,8740.0923,PENDING_AG03,FALSE,NOT_FOR_ENFORCEMENT,9483.6071,484680.3568,9878.7574,9483.6071,395.1503,0.01770420,0.01699603,395.1503,9483.6071,0.01699603,395.1503,395.1503,395.1503,0.0000,0.0000,9483.6071,0.01699603,1185.4509,1138.6651,8693.3065,8740.0923,0.01557970,0.01566354,0.00070817,22.4534,20.6030,0.4031,82.3230,2.6463,4649.9123,204.2083,25.9152,21.1137,12.8578,14.5296,26.176,48.8436,54.2173,102.8621,13.088,0.0,3.731508,7.079487,1.545355,30,207,63,6,0.32204186,0.01770420,-0.00338982,0E-8,0.000000,0.904812,0.002133,0.03111404,2026-03-21,2026-08-06,120,3733,1703,139,0.863309,1.227414,1.154177,1.073473,,,,,,,,GLOBAL_BASELINE_NO_ENTITY_RANKING,,,NOT_APPLICABLE_GLOBAL_BASELINE,HF9g-P5,,,,X 全窗基线 · 不参与实体赏罚,15053182,1506,A168_HF9F_20260827_0900,2026-08-27 09:00:00
2026-06-20,127529701,1383,0,336.8735052846,174.3513256359,174.3513256359,0.6000000,10,10,0.49994810000000000,0.499948100000,0.6327837798637467,0.6327837798637467,0.6327837798637467,0E-17,ELIGIBLE,R03b_20260811_FULL_v1,L1_ELIGIBILITY,v2026-08-11,2026-03-21..2026-08-06,baccarat_bet02_101_all_pairs_incl_sentinel,round_win = game_pnl > 0 (decisive only),COMPATIBILITY_ONLY_NOT_PRODUCTION,557989.4742,504875.3716,9878.7574,24851,24505,-0.01770420,0.00338982,-0.02772422,-0.01770420,-9878.7574,557989.4742,OK,0.0000,395.1503,4.0000,96.0000,AG03-UNRESOLVED,ALL5_LEVELS_bet23_to_bet27,395.1503,395.1503,395.1503,0.0000,0.0000,4.000000,4.000000,4.000000,0.000000,0.000000,96.000000,96.000000,96.000000,100.000000,100.000000,5.0,1185.4509,1138.6651,8693.3065,8740.0923,PENDING_AG03,FALSE,NOT_FOR_ENFORCEMENT,9483.6071,484680.3568,9878.7574,9483.6071,395.1503,0.01770420,0.01699603,395.1503,9483.6071,0.01699603,395.1503,395.1503,395.1503,0.0000,0.0000,9483.6071,0.01699603,1185.4509,1138.6651,8693.3065,8740.0923,0.01557970,0.01566354,0.00070817,22.4534,20.6030,0.4031,82.3230,2.6463,4649.9123,204.2083,25.9152,21.1137,12.8578,14.5296,26.176,48.8436,54.2173,102.8621,13.088,0.0,3.731508,7.079487,1.545355,30,207,63,6,0.32204186,0.01770420,-0.00338982,0E-8,0.000000,0.904812,0.002133,0.03111404,2026-03-21,2026-08-06,120,3733,1703,139,0.863309,1.227414,1.154177,1.073473,,,,,,,,GLOBAL_BASELINE_NO_ENTITY_RANKING,,,NOT_APPLICABLE_GLOBAL_BASELINE,HF9g-P5,,,,X 全窗基线 · 不参与实体赏罚,15053183,1506,A168_HF9F_20260827_0900,2026-08-27 09:00:00
2026-06-20,127529701,1384,0,29.5728649677,10.2862139018,10.2862139018,1.0000000,2,2,0.49324550000000000,0.493245500000,1.01360149184955,1.01360149184955,1.01360149184955,0E-17,ELIGIBLE,R03b_20260811_FULL_v1,L1_ELIGIBILITY,v2026-08-11,2026-03-21..2026-08-06,baccarat_bet02_101_all_pairs_incl_sentinel,round_win = game_pnl > 0 (decisive only),COMPATIBILITY_ONLY_NOT_PRODUCTION,557989.4742,504875.3716,9878.7574,24851,24505,-0.01770420,0.00338982,-0.02772422,-0.01770420,-9878.7574,557989.4742,OK,0.0000,395.1503,4.0000,96.0000,AG03-UNRESOLVED,ALL5_LEVELS_bet23_to_bet27,395.1503,395.1503,395.1503,0.0000,0.0000,4.000000,4.000000,4.000000,0.000000,0.000000,96.000000,96.000000,96.000000,100.000000,100.000000,5.0,1185.4509,1138.6651,8693.3065,8740.0923,PENDING_AG03,FALSE,NOT_FOR_ENFORCEMENT,9483.6071,484680.3568,9878.7574,9483.6071,395.1503,0.01770420,0.01699603,395.1503,9483.6071,0.01699603,395.1503,395.1503,395.1503,0.0000,0.0000,9483.6071,0.01699603,1185.4509,1138.6651,8693.3065,8740.0923,0.01557970,0.01566354,0.00070817,22.4534,20.6030,0.4031,82.3230,2.6463,4649.9123,204.2083,25.9152,21.1137,12.8578,14.5296,26.176,48.8436,54.2173,102.8621,13.088,0.0,3.731508,7.079487,1.545355,30,207,63,6,0.32204186,0.01770420,-0.00338982,0E-8,0.000000,0.904812,0.002133,0.03111404,2026-03-21,2026-08-06,120,3733,1703,139,0.863309,1.227414,1.154177,1.073473,,,,,,,,GLOBAL_BASELINE_NO_ENTITY_RANKING,,,NOT_APPLICABLE_GLOBAL_BASELINE,HF9g-P5,,,,X 全窗基线 · 不参与实体赏罚,15053184,1506,A168_HF9F_20260827_0900,2026-08-27 09:00:00
2026-06-20,127529701,1385,0,278.2420860441,133.5664875151,133.5664875151,0.6666667,9,9,0.50069283333333333,0.500692833333,0.8131031852495589,0.8131031852511911,0.8131031852495589,3.3333E-13,ELIGIBLE,R03b_20260811_FULL_v1,L1_ELIGIBILITY,v2026-08-11,2026-03-21..2026-08-06,baccarat_bet02_101_all_pairs_incl_sentinel,round_win = game_pnl > 0 (decisive only),COMPATIBILITY_ONLY_NOT_PRODUCTION,557989.4742,504875.3716,9878.7574,24851,24505,-0.01770420,0.00338982,-0.02772422,-0.01770420,-9878.7574,557989.4742,OK,0.0000,395.1503,4.0000,96.0000,AG03-UNRESOLVED,ALL5_LEVELS_bet23_to_bet27,395.1503,395.1503,395.1503,0.0000,0.0000,4.000000,4.000000,4.000000,0.000000,0.000000,96.000000,96.000000,96.000000,100.000000,100.000000,5.0,1185.4509,1138.6651,8693.3065,8740.0923,PENDING_AG03,FALSE,NOT_FOR_ENFORCEMENT,9483.6071,484680.3568,9878.7574,9483.6071,395.1503,0.01770420,0.01699603,395.1503,9483.6071,0.01699603,395.1503,395.1503,395.1503,0.0000,0.0000,9483.6071,0.01699603,1185.4509,1138.6651,8693.3065,8740.0923,0.01557970,0.01566354,0.00070817,22.4534,20.6030,0.4031,82.3230,2.6463,4649.9123,204.2083,25.9152,21.1137,12.8578,14.5296,26.176,48.8436,54.2173,102.8621,13.088,0.0,3.731508,7.079487,1.545355,30,207,63,6,0.32204186,0.01770420,-0.00338982,0E-8,0.000000,0.904812,0.002133,0.03111404,2026-03-21,2026-08-06,120,3733,1703,139,0.863309,1.227414,1.154177,1.073473,,,,,,,,GLOBAL_BASELINE_NO_ENTITY_RANKING,,,NOT_APPLICABLE_GLOBAL_BASELINE,HF9g-P5,,,,X 全窗基线 · 不参与实体赏罚,15053185,1506,A168_HF9F_20260827_0900,2026-08-27 09:00:00
2026-06-20,127529701,1399,0,21.8582045414,-21.8582045414,-21.8582045414,0E-7,1,1,0.50665070000000000,0.506650700000,-1.013391052207602,-1.013391052207602,-1.013391052207602,0E-17,ELIGIBLE,R03b_20260811_FULL_v1,L1_ELIGIBILITY,v2026-08-11,2026-03-21..2026-08-06,baccarat_bet02_101_all_pairs_incl_sentinel,round_win = game_pnl > 0 (decisive only),COMPATIBILITY_ONLY_NOT_PRODUCTION,557989.4742,504875.3716,9878.7574,24851,24505,-0.01770420,0.00338982,-0.02772422,-0.01770420,-9878.7574,557989.4742,OK,0.0000,395.1503,4.0000,96.0000,AG03-UNRESOLVED,ALL5_LEVELS_bet23_to_bet27,395.1503,395.1503,395.1503,0.0000,0.0000,4.000000,4.000000,4.000000,0.000000,0.000000,96.000000,96.000000,96.000000,100.000000,100.000000,5.0,1185.4509,1138.6651,8693.3065,8740.0923,PENDING_AG03,FALSE,NOT_FOR_ENFORCEMENT,9483.6071,484680.3568,9878.7574,9483.6071,395.1503,0.01770420,0.01699603,395.1503,9483.6071,0.01699603,395.1503,395.1503,395.1503,0.0000,0.0000,9483.6071,0.01699603,1185.4509,1138.6651,8693.3065,8740.0923,0.01557970,0.01566354,0.00070817,22.4534,20.6030,0.4031,82.3230,2.6463,4649.9123,204.2083,25.9152,21.1137,12.8578,14.5296,26.176,48.8436,54.2173,102.8621,13.088,0.0,3.731508,7.079487,1.545355,30,207,63,6,0.32204186,0.01770420,-0.00338982,0E-8,0.000000,0.904812,0.002133,0.03111404,2026-03-21,2026-08-06,120,3733,1703,139,0.863309,1.227414,1.154177,1.073473,,,,,,,,GLOBAL_BASELINE_NO_ENTITY_RANKING,,,NOT_APPLICABLE_GLOBAL_BASELINE,HF9g-P5,,,,X 全窗基线 · 不参与实体赏罚,15053186,1506,A168_HF9F_20260827_0900,2026-08-27 09:00:00
2026-06-20,127529701,1401,0,39.8590788695,-39.8590788695,-39.8590788695,0E-7,1,1,0.50665070000000000,0.506650700000,-1.013391052207602,-1.013391052207602,-1.013391052207602,0E-17,ELIGIBLE,R03b_20260811_FULL_v1,L1_ELIGIBILITY,v2026-08-11,2026-03-21..2026-08-06,baccarat_bet02_101_all_pairs_incl_sentinel,round_win = game_pnl > 0 (decisive only),COMPATIBILITY_ONLY_NOT_PRODUCTION,557989.4742,504875.3716,9878.7574,24851,24505,-0.01770420,0.00338982,-0.02772422,-0.01770420,-9878.7574,557989.4742,OK,0.0000,395.1503,4.0000,96.0000,AG03-UNRESOLVED,ALL5_LEVELS_bet23_to_bet27,395.1503,395.1503,395.1503,0.0000,0.0000,4.000000,4.000000,4.000000,0.000000,0.000000,96.000000,96.000000,96.000000,100.000000,100.000000,5.0,1185.4509,1138.6651,8693.3065,8740.0923,PENDING_AG03,FALSE,NOT_FOR_ENFORCEMENT,9483.6071,484680.3568,9878.7574,9483.6071,395.1503,0.01770420,0.01699603,395.1503,9483.6071,0.01699603,395.1503,395.1503,395.1503,0.0000,0.0000,9483.6071,0.01699603,1185.4509,1138.6651,8693.3065,8740.0923,0.01557970,0.01566354,0.00070817,22.4534,20.6030,0.4031,82.3230,2.6463,4649.9123,204.2083,25.9152,21.1137,12.8578,14.5296,26.176,48.8436,54.2173,102.8621,13.088,0.0,3.731508,7.079487,1.545355,30,207,63,6,0.32204186,0.01770420,-0.00338982,0E-8,0.000000,0.904812,0.002133,0.03111404,2026-03-21,2026-08-06,120,3733,1703,139,0.863309,1.227414,1.154177,1.073473,,,,,,,,GLOBAL_BASELINE_NO_ENTITY_RANKING,,,NOT_APPLICABLE_GLOBAL_BASELINE,HF9g-P5,,,,X 全窗基线 · 不参与实体赏罚,15053187,1506,A168_HF9F_20260827_0900,2026-08-27 09:00:00
2026-06-20,127529701,1402,0,220.8964435415,-141.4354411499,-141.4354411499,0E-7,6,6,0.50218230000000000,0.502182300000,-2.0087483331509866,-2.0087483331509866,-2.0087483331509866,0E-17,ELIGIBLE,R03b_20260811_FULL_v1,L1_ELIGIBILITY,v2026-08-11,2026-03-21..2026-08-06,baccarat_bet02_101_all_pairs_incl_sentinel,round_win = game_pnl > 0 (decisive only),COMPATIBILITY_ONLY_NOT_PRODUCTION,557989.4742,504875.3716,9878.7574,24851,24505,-0.01770420,0.00338982,-0.02772422,-0.01770420,-9878.7574,557989.4742,OK,0.0000,395.1503,4.0000,96.0000,AG03-UNRESOLVED,ALL5_LEVELS_bet23_to_bet27,395.1503,395.1503,395.1503,0.0000,0.0000,4.000000,4.000000,4.000000,0.000000,0.000000,96.000000,96.000000,96.000000,100.000000,100.000000,5.0,1185.4509,1138.6651,8693.3065,8740.0923,PENDING_AG03,FALSE,NOT_FOR_ENFORCEMENT,9483.6071,484680.3568,9878.7574,9483.6071,395.1503,0.01770420,0.01699603,395.1503,9483.6071,0.01699603,395.1503,395.1503,395.1503,0.0000,0.0000,9483.6071,0.01699603,1185.4509,1138.6651,8693.3065,8740.0923,0.01557970,0.01566354,0.00070817,22.4534,20.6030,0.4031,82.3230,2.6463,4649.9123,204.2083,25.9152,21.1137,12.8578,14.5296,26.176,48.8436,54.2173,102.8621,13.088,0.0,3.731508,7.079487,1.545355,30,207,63,6,0.32204186,0.01770420,-0.00338982,0E-8,0.000000,0.904812,0.002133,0.03111404,2026-03-21,2026-08-06,120,3733,1703,139,0.863309,1.227414,1.154177,1.073473,,,,,,,,GLOBAL_BASELINE_NO_ENTITY_RANKING,,,NOT_APPLICABLE_GLOBAL_BASELINE,HF9g-P5,,,,X 全窗基线 · 不参与实体赏罚,15053188,1506,A168_HF9F_20260827_0900,2026-08-27 09:00:00
2026-06-20,127529701,1509,0,115.7199063955,-115.7199063955,-115.7199063955,0E-7,1,1,0.50665070000000000,0.506650700000,-1.013391052207602,-1.013391052207602,-1.013391052207602,0E-17,ELIGIBLE,R03b_20260811_FULL_v1,L1_ELIGIBILITY,v2026-08-11,2026-03-21..2026-08-06,baccarat_bet02_101_all_pairs_incl_sentinel,round_win = game_pnl > 0 (decisive only),COMPATIBILITY_ONLY_NOT_PRODUCTION,557989.4742,504875.3716,9878.7574,24851,24505,-0.01770420,0.00338982,-0.02772422,-0.01770420,-9878.7574,557989.4742,OK,0.0000,395.1503,4.0000,96.0000,AG03-UNRESOLVED,ALL5_LEVELS_bet23_to_bet27,395.1503,395.1503,395.1503,0.0000,0.0000,4.000000,4.000000,4.000000,0.000000,0.000000,96.000000,96.000000,96.000000,100.000000,100.000000,5.0,1185.4509,1138.6651,8693.3065,8740.0923,PENDING_AG03,FALSE,NOT_FOR_ENFORCEMENT,9483.6071,484680.3568,9878.7574,9483.6071,395.1503,0.01770420,0.01699603,395.1503,9483.6071,0.01699603,395.1503,395.1503,395.1503,0.0000,0.0000,9483.6071,0.01699603,1185.4509,1138.6651,8693.3065,8740.0923,0.01557970,0.01566354,0.00070817,22.4534,20.6030,0.4031,82.3230,2.6463,4649.9123,204.2083,25.9152,21.1137,12.8578,14.5296,26.176,48.8436,54.2173,102.8621,13.088,0.0,3.731508,7.079487,1.545355,30,207,63,6,0.32204186,0.01770420,-0.00338982,0E-8,0.000000,0.904812,0.002133,0.03111404,2026-03-21,2026-08-06,120,3733,1703,139,0.863309,1.227414,1.154177,1.073473,,,,,,,,GLOBAL_BASELINE_NO_ENTITY_RANKING,,,NOT_APPLICABLE_GLOBAL_BASELINE,HF9g-P5,,,,X 全窗基线 · 不参与实体赏罚,15053189,1506,A168_HF9F_20260827_0900,2026-08-27 09:00:00
2026-06-20,127529701,1646,0,128.5776737727,-128.5776737727,-128.5776737727,0E-7,2,2,0.49994810000000000,0.499948100000,-1.4140667746232096,-1.4140667746232096,-1.4140667746232096,0E-17,ELIGIBLE,R03b_20260811_FULL_v1,L1_ELIGIBILITY,v2026-08-11,2026-03-21..2026-08-06,baccarat_bet02_101_all_pairs_incl_sentinel,round_win = game_pnl > 0 (decisive only),COMPATIBILITY_ONLY_NOT_PRODUCTION,557989.4742,504875.3716,9878.7574,24851,24505,-0.01770420,0.00338982,-0.02772422,-0.01770420,-9878.7574,557989.4742,OK,0.0000,395.1503,4.0000,96.0000,AG03-UNRESOLVED,ALL5_LEVELS_bet23_to_bet27,395.1503,395.1503,395.1503,0.0000,0.0000,4.000000,4.000000,4.000000,0.000000,0.000000,96.000000,96.000000,96.000000,100.000000,100.000000,5.0,1185.4509,1138.6651,8693.3065,8740.0923,PENDING_AG03,FALSE,NOT_FOR_ENFORCEMENT,9483.6071,484680.3568,9878.7574,9483.6071,395.1503,0.01770420,0.01699603,395.1503,9483.6071,0.01699603,395.1503,395.1503,395.1503,0.0000,0.0000,9483.6071,0.01699603,1185.4509,1138.6651,8693.3065,8740.0923,0.01557970,0.01566354,0.00070817,22.4534,20.6030,0.4031,82.3230,2.6463,4649.9123,204.2083,25.9152,21.1137,12.8578,14.5296,26.176,48.8436,54.2173,102.8621,13.088,0.0,3.731508,7.079487,1.545355,30,207,63,6,0.32204186,0.01770420,-0.00338982,0E-8,0.000000,0.904812,0.002133,0.03111404,2026-03-21,2026-08-06,120,3733,1703,139,0.863309,1.227414,1.154177,1.073473,,,,,,,,GLOBAL_BASELINE_NO_ENTITY_RANKING,,,NOT_APPLICABLE_GLOBAL_BASELINE,HF9g-P5,,,,X 全窗基线 · 不参与实体赏罚,15053190,1506,A168_HF9F_20260827_0900,2026-08-27 09:00:00
2026-06-20,127529701,1714,0,298.3002031527,-298.3002031527,-298.3002031527,0E-7,9,9,0.49771390000000000,0.497713900000,-2.986314614635818,-2.986314614635818,-2.986314614635818,0E-17,ELIGIBLE,R03b_20260811_FULL_v1,L1_ELIGIBILITY,v2026-08-11,2026-03-21..2026-08-06,baccarat_bet02_101_all_pairs_incl_sentinel,round_win = game_pnl > 0 (decisive only),COMPATIBILITY_ONLY_NOT_PRODUCTION,557989.4742,504875.3716,9878.7574,24851,24505,-0.01770420,0.00338982,-0.02772422,-0.01770420,-9878.7574,557989.4742,OK,0.0000,395.1503,4.0000,96.0000,AG03-UNRESOLVED,ALL5_LEVELS_bet23_to_bet27,395.1503,395.1503,395.1503,0.0000,0.0000,4.000000,4.000000,4.000000,0.000000,0.000000,96.000000,96.000000,96.000000,100.000000,100.000000,5.0,1185.4509,1138.6651,8693.3065,8740.0923,PENDING_AG03,FALSE,NOT_FOR_ENFORCEMENT,9483.6071,484680.3568,9878.7574,9483.6071,395.1503,0.01770420,0.01699603,395.1503,9483.6071,0.01699603,395.1503,395.1503,395.1503,0.0000,0.0000,9483.6071,0.01699603,1185.4509,1138.6651,8693.3065,8740.0923,0.01557970,0.01566354,0.00070817,22.4534,20.6030,0.4031,82.3230,2.6463,4649.9123,204.2083,25.9152,21.1137,12.8578,14.5296,26.176,48.8436,54.2173,102.8621,13.088,0.0,3.731508,7.079487,1.545355,30,207,63,6,0.32204186,0.01770420,-0.00338982,0E-8,0.000000,0.904812,0.002133,0.03111404,2026-03-21,2026-08-06,120,3733,1703,139,0.863309,1.227414,1.154177,1.073473,,,,,,,,GLOBAL_BASELINE_NO_ENTITY_RANKING,,,NOT_APPLICABLE_GLOBAL_BASELINE,HF9g-P5,,,,X 全窗基线 · 不参与实体赏罚,15053191,1506,A168_HF9F_20260827_0900,2026-08-27 09:00:00
2026-06-20,127529701,1940,0,12.8577673773,-12.8577673773,-12.8577673773,0E-7,1,1,0.49324550000000000,0.493245500000,-0.9865810262130424,-0.9865810262130424,-0.9865810262130424,0E-17,ELIGIBLE,R03b_20260811_FULL_v1,L1_ELIGIBILITY,v2026-08-11,2026-03-21..2026-08-06,baccarat_bet02_101_all_pairs_incl_sentinel,round_win = game_pnl > 0 (decisive only),COMPATIBILITY_ONLY_NOT_PRODUCTION,557989.4742,504875.3716,9878.7574,24851,24505,-0.01770420,0.00338982,-0.02772422,-0.01770420,-9878.7574,557989.4742,OK,0.0000,395.1503,4.0000,96.0000,AG03-UNRESOLVED,ALL5_LEVELS_bet23_to_bet27,395.1503,395.1503,395.1503,0.0000,0.0000,4.000000,4.000000,4.000000,0.000000,0.000000,96.000000,96.000000,96.000000,100.000000,100.000000,5.0,1185.4509,1138.6651,8693.3065,8740.0923,PENDING_AG03,FALSE,NOT_FOR_ENFORCEMENT,9483.6071,484680.3568,9878.7574,9483.6071,395.1503,0.01770420,0.01699603,395.1503,9483.6071,0.01699603,395.1503,395.1503,395.1503,0.0000,0.0000,9483.6071,0.01699603,1185.4509,1138.6651,8693.3065,8740.0923,0.01557970,0.01566354,0.00070817,22.4534,20.6030,0.4031,82.3230,2.6463,4649.9123,204.2083,25.9152,21.1137,12.8578,14.5296,26.176,48.8436,54.2173,102.8621,13.088,0.0,3.731508,7.079487,1.545355,30,207,63,6,0.32204186,0.01770420,-0.00338982,0E-8,0.000000,0.904812,0.002133,0.03111404,2026-03-21,2026-08-06,120,3733,1703,139,0.863309,1.227414,1.154177,1.073473,,,,,,,,GLOBAL_BASELINE_NO_ENTITY_RANKING,,,NOT_APPLICABLE_GLOBAL_BASELINE,HF9g-P5,,,,X 全窗基线 · 不参与实体赏罚,15053192,1506,A168_HF9F_20260827_0900,2026-08-27 09:00:00
2026-06-20,127529701,1947,0,102.8621390181,-2.5715534754,-2.5715534754,0.3333333,3,3,0.50218230000000000,0.502182300000,-0.5849155494134425,-0.5849155494134426,-0.5849155494134425,0E-17,ELIGIBLE,R03b_20260811_FULL_v1,L1_ELIGIBILITY,v2026-08-11,2026-03-21..2026-08-06,baccarat_bet02_101_all_pairs_incl_sentinel,round_win = game_pnl > 0 (decisive only),COMPATIBILITY_ONLY_NOT_PRODUCTION,557989.4742,504875.3716,9878.7574,24851,24505,-0.01770420,0.00338982,-0.02772422,-0.01770420,-9878.7574,557989.4742,OK,0.0000,395.1503,4.0000,96.0000,AG03-UNRESOLVED,ALL5_LEVELS_bet23_to_bet27,395.1503,395.1503,395.1503,0.0000,0.0000,4.000000,4.000000,4.000000,0.000000,0.000000,96.000000,96.000000,96.000000,100.000000,100.000000,5.0,1185.4509,1138.6651,8693.3065,8740.0923,PENDING_AG03,FALSE,NOT_FOR_ENFORCEMENT,9483.6071,484680.3568,9878.7574,9483.6071,395.1503,0.01770420,0.01699603,395.1503,9483.6071,0.01699603,395.1503,395.1503,395.1503,0.0000,0.0000,9483.6071,0.01699603,1185.4509,1138.6651,8693.3065,8740.0923,0.01557970,0.01566354,0.00070817,22.4534,20.6030,0.4031,82.3230,2.6463,4649.9123,204.2083,25.9152,21.1137,12.8578,14.5296,26.176,48.8436,54.2173,102.8621,13.088,0.0,3.731508,7.079487,1.545355,30,207,63,6,0.32204186,0.01770420,-0.00338982,0E-8,0.000000,0.904812,0.002133,0.03111404,2026-03-21,2026-08-06,120,3733,1703,139,0.863309,1.227414,1.154177,1.073473,,,,,,,,GLOBAL_BASELINE_NO_ENTITY_RANKING,,,NOT_APPLICABLE_GLOBAL_BASELINE,HF9g-P5,,,,X 全窗基线 · 不参与实体赏罚,15053193,1506,A168_HF9F_20260827_0900,2026-08-27 09:00:00
2026-06-20,127529701,1966,0,457.7365186308,-54.6455113533,-54.6455113533,0.3750000,8,8,0.50329940000000000,0.503299400000,-0.7257868081583192,-0.7257868081583192,-0.7257868081583192,0E-17,ELIGIBLE,R03b_20260811_FULL_v1,L1_ELIGIBILITY,v2026-08-11,2026-03-21..2026-08-06,baccarat_bet02_101_all_pairs_incl_sentinel,round_win = game_pnl > 0 (decisive only),COMPATIBILITY_ONLY_NOT_PRODUCTION,557989.4742,504875.3716,9878.7574,24851,24505,-0.01770420,0.00338982,-0.02772422,-0.01770420,-9878.7574,557989.4742,OK,0.0000,395.1503,4.0000,96.0000,AG03-UNRESOLVED,ALL5_LEVELS_bet23_to_bet27,395.1503,395.1503,395.1503,0.0000,0.0000,4.000000,4.000000,4.000000,0.000000,0.000000,96.000000,96.000000,96.000000,100.000000,100.000000,5.0,1185.4509,1138.6651,8693.3065,8740.0923,PENDING_AG03,FALSE,NOT_FOR_ENFORCEMENT,9483.6071,484680.3568,9878.7574,9483.6071,395.1503,0.01770420,0.01699603,395.1503,9483.6071,0.01699603,395.1503,395.1503,395.1503,0.0000,0.0000,9483.6071,0.01699603,1185.4509,1138.6651,8693.3065,8740.0923,0.01557970,0.01566354,0.00070817,22.4534,20.6030,0.4031,82.3230,2.6463,4649.9123,204.2083,25.9152,21.1137,12.8578,14.5296,26.176,48.8436,54.2173,102.8621,13.088,0.0,3.731508,7.079487,1.545355,30,207,63,6,0.32204186,0.01770420,-0.00338982,0E-8,0.000000,0.904812,0.002133,0.03111404,2026-03-21,2026-08-06,120,3733,1703,139,0.863309,1.227414,1.154177,1.073473,,,,,,,,GLOBAL_BASELINE_NO_ENTITY_RANKING,,,NOT_APPLICABLE_GLOBAL_BASELINE,HF9g-P5,,,,X 全窗基线 · 不参与实体赏罚,15053194,1506,A168_HF9F_20260827_0900,2026-08-27 09:00:00
2026-06-20,127529701,2093,0,110.5767994445,-110.5767994445,-110.5767994445,0E-7,2,2,0.49994810000000000,0.499948100000,-1.4140667746232096,-1.4140667746232096,-1.4140667746232096,0E-17,ELIGIBLE,R03b_20260811_FULL_v1,L1_ELIGIBILITY,v2026-08-11,2026-03-21..2026-08-06,baccarat_bet02_101_all_pairs_incl_sentinel,round_win = game_pnl > 0 (decisive only),COMPATIBILITY_ONLY_NOT_PRODUCTION,557989.4742,504875.3716,9878.7574,24851,24505,-0.01770420,0.00338982,-0.02772422,-0.01770420,-9878.7574,557989.4742,OK,0.0000,395.1503,4.0000,96.0000,AG03-UNRESOLVED,ALL5_LEVELS_bet23_to_bet27,395.1503,395.1503,395.1503,0.0000,0.0000,4.000000,4.000000,4.000000,0.000000,0.000000,96.000000,96.000000,96.000000,100.000000,100.000000,5.0,1185.4509,1138.6651,8693.3065,8740.0923,PENDING_AG03,FALSE,NOT_FOR_ENFORCEMENT,9483.6071,484680.3568,9878.7574,9483.6071,395.1503,0.01770420,0.01699603,395.1503,9483.6071,0.01699603,395.1503,395.1503,395.1503,0.0000,0.0000,9483.6071,0.01699603,1185.4509,1138.6651,8693.3065,8740.0923,0.01557970,0.01566354,0.00070817,22.4534,20.6030,0.4031,82.3230,2.6463,4649.9123,204.2083,25.9152,21.1137,12.8578,14.5296,26.176,48.8436,54.2173,102.8621,13.088,0.0,3.731508,7.079487,1.545355,30,207,63,6,0.32204186,0.01770420,-0.00338982,0E-8,0.000000,0.904812,0.002133,0.03111404,2026-03-21,2026-08-06,120,3733,1703,139,0.863309,1.227414,1.154177,1.073473,,,,,,,,GLOBAL_BASELINE_NO_ENTITY_RANKING,,,NOT_APPLICABLE_GLOBAL_BASELINE,HF9g-P5,,,,X 全窗基线 · 不参与实体赏罚,15053195,1506,A168_HF9F_20260827_0900,2026-08-27 09:00:00
2026-06-20,127529701,2103,0,523.0539769075,-155.3218299175,-155.3218299175,0.2857143,9,9,0.49920336666666667,0.499203366667,-1.1296794655012936,-1.1296794655030564,-1.1296794655012936,-3.3333E-13,ELIGIBLE,R03b_20260811_FULL_v1,L1_ELIGIBILITY,v2026-08-11,2026-03-21..2026-08-06,baccarat_bet02_101_all_pairs_incl_sentinel,round_win = game_pnl > 0 (decisive only),COMPATIBILITY_ONLY_NOT_PRODUCTION,557989.4742,504875.3716,9878.7574,24851,24505,-0.01770420,0.00338982,-0.02772422,-0.01770420,-9878.7574,557989.4742,OK,0.0000,395.1503,4.0000,96.0000,AG03-UNRESOLVED,ALL5_LEVELS_bet23_to_bet27,395.1503,395.1503,395.1503,0.0000,0.0000,4.000000,4.000000,4.000000,0.000000,0.000000,96.000000,96.000000,96.000000,100.000000,100.000000,5.0,1185.4509,1138.6651,8693.3065,8740.0923,PENDING_AG03,FALSE,NOT_FOR_ENFORCEMENT,9483.6071,484680.3568,9878.7574,9483.6071,395.1503,0.01770420,0.01699603,395.1503,9483.6071,0.01699603,395.1503,395.1503,395.1503,0.0000,0.0000,9483.6071,0.01699603,1185.4509,1138.6651,8693.3065,8740.0923,0.01557970,0.01566354,0.00070817,22.4534,20.6030,0.4031,82.3230,2.6463,4649.9123,204.2083,25.9152,21.1137,12.8578,14.5296,26.176,48.8436,54.2173,102.8621,13.088,0.0,3.731508,7.079487,1.545355,30,207,63,6,0.32204186,0.01770420,-0.00338982,0E-8,0.000000,0.904812,0.002133,0.03111404,2026-03-21,2026-08-06,120,3733,1703,139,0.863309,1.227414,1.154177,1.073473,,,,,,,,GLOBAL_BASELINE_NO_ENTITY_RANKING,,,NOT_APPLICABLE_GLOBAL_BASELINE,HF9g-P5,,,,X 全窗基线 · 不参与实体赏罚,15053196,1506,A168_HF9F_20260827_0900,2026-08-27 09:00:00
2026-06-20,127529701,2117,0,51.4310695091,-51.4310695091,-51.4310695091,0E-7,1,1,0.50665070000000000,0.506650700000,-1.013391052207602,-1.013391052207602,-1.013391052207602,0E-17,ELIGIBLE,R03b_20260811_FULL_v1,L1_ELIGIBILITY,v2026-08-11,2026-03-21..2026-08-06,baccarat_bet02_101_all_pairs_incl_sentinel,round_win = game_pnl > 0 (decisive only),COMPATIBILITY_ONLY_NOT_PRODUCTION,557989.4742,504875.3716,9878.7574,24851,24505,-0.01770420,0.00338982,-0.02772422,-0.01770420,-9878.7574,557989.4742,OK,0.0000,395.1503,4.0000,96.0000,AG03-UNRESOLVED,ALL5_LEVELS_bet23_to_bet27,395.1503,395.1503,395.1503,0.0000,0.0000,4.000000,4.000000,4.000000,0.000000,0.000000,96.000000,96.000000,96.000000,100.000000,100.000000,5.0,1185.4509,1138.6651,8693.3065,8740.0923,PENDING_AG03,FALSE,NOT_FOR_ENFORCEMENT,9483.6071,484680.3568,9878.7574,9483.6071,395.1503,0.01770420,0.01699603,395.1503,9483.6071,0.01699603,395.1503,395.1503,395.1503,0.0000,0.0000,9483.6071,0.01699603,1185.4509,1138.6651,8693.3065,8740.0923,0.01557970,0.01566354,0.00070817,22.4534,20.6030,0.4031,82.3230,2.6463,4649.9123,204.2083,25.9152,21.1137,12.8578,14.5296,26.176,48.8436,54.2173,102.8621,13.088,0.0,3.731508,7.079487,1.545355,30,207,63,6,0.32204186,0.01770420,-0.00338982,0E-8,0.000000,0.904812,0.002133,0.03111404,2026-03-21,2026-08-06,120,3733,1703,139,0.863309,1.227414,1.154177,1.073473,,,,,,,,GLOBAL_BASELINE_NO_ENTITY_RANKING,,,NOT_APPLICABLE_GLOBAL_BASELINE,HF9g-P5,,,,X 全窗基线 · 不参与实体赏罚,15053197,1506,A168_HF9F_20260827_0900,2026-08-27 09:00:00
2026-06-20,127529701,2160,0,951.4747859181,-26.3584231234,-26.3584231234,0.4000000,19,19,0.49747872105263158,0.497478721053,-0.7550765263666099,-0.7550765263694611,-0.7550765263666099,-3.6842E-13,ELIGIBLE,R03b_20260811_FULL_v1,L1_ELIGIBILITY,v2026-08-11,2026-03-21..2026-08-06,baccarat_bet02_101_all_pairs_incl_sentinel,round_win = game_pnl > 0 (decisive only),COMPATIBILITY_ONLY_NOT_PRODUCTION,557989.4742,504875.3716,9878.7574,24851,24505,-0.01770420,0.00338982,-0.02772422,-0.01770420,-9878.7574,557989.4742,OK,0.0000,395.1503,4.0000,96.0000,AG03-UNRESOLVED,ALL5_LEVELS_bet23_to_bet27,395.1503,395.1503,395.1503,0.0000,0.0000,4.000000,4.000000,4.000000,0.000000,0.000000,96.000000,96.000000,96.000000,100.000000,100.000000,5.0,1185.4509,1138.6651,8693.3065,8740.0923,PENDING_AG03,FALSE,NOT_FOR_ENFORCEMENT,9483.6071,484680.3568,9878.7574,9483.6071,395.1503,0.01770420,0.01699603,395.1503,9483.6071,0.01699603,395.1503,395.1503,395.1503,0.0000,0.0000,9483.6071,0.01699603,1185.4509,1138.6651,8693.3065,8740.0923,0.01557970,0.01566354,0.00070817,22.4534,20.6030,0.4031,82.3230,2.6463,4649.9123,204.2083,25.9152,21.1137,12.8578,14.5296,26.176,48.8436,54.2173,102.8621,13.088,0.0,3.731508,7.079487,1.545355,30,207,63,6,0.32204186,0.01770420,-0.00338982,0E-8,0.000000,0.904812,0.002133,0.03111404,2026-03-21,2026-08-06,120,3733,1703,139,0.863309,1.227414,1.154177,1.073473,,,,,,,,GLOBAL_BASELINE_NO_ENTITY_RANKING,,,NOT_APPLICABLE_GLOBAL_BASELINE,HF9g-P5,,,,X 全窗基线 · 不参与实体赏罚,15053198,1506,A168_HF9F_20260827_0900,2026-08-27 09:00:00
2026-06-20,127529701,2170,0,224.2394630596,164.4508447552,164.4508447552,0.6000000,5,5,0.50128862000000000,0.501288620000,0.4414521777673877,0.4414521777673877,0.4414521777673877,0E-17,ELIGIBLE,R03b_20260811_FULL_v1,L1_ELIGIBILITY,v2026-08-11,2026-03-21..2026-08-06,baccarat_bet02_101_all_pairs_incl_sentinel,round_win = game_pnl > 0 (decisive only),COMPATIBILITY_ONLY_NOT_PRODUCTION,557989.4742,504875.3716,9878.7574,24851,24505,-0.01770420,0.00338982,-0.02772422,-0.01770420,-9878.7574,557989.4742,OK,0.0000,395.1503,4.0000,96.0000,AG03-UNRESOLVED,ALL5_LEVELS_bet23_to_bet27,395.1503,395.1503,395.1503,0.0000,0.0000,4.000000,4.000000,4.000000,0.000000,0.000000,96.000000,96.000000,96.000000,100.000000,100.000000,5.0,1185.4509,1138.6651,8693.3065,8740.0923,PENDING_AG03,FALSE,NOT_FOR_ENFORCEMENT,9483.6071,484680.3568,9878.7574,9483.6071,395.1503,0.01770420,0.01699603,395.1503,9483.6071,0.01699603,395.1503,395.1503,395.1503,0.0000,0.0000,9483.6071,0.01699603,1185.4509,1138.6651,8693.3065,8740.0923,0.01557970,0.01566354,0.00070817,22.4534,20.6030,0.4031,82.3230,2.6463,4649.9123,204.2083,25.9152,21.1137,12.8578,14.5296,26.176,48.8436,54.2173,102.8621,13.088,0.0,3.731508,7.079487,1.545355,30,207,63,6,0.32204186,0.01770420,-0.00338982,0E-8,0.000000,0.904812,0.002133,0.03111404,2026-03-21,2026-08-06,120,3733,1703,139,0.863309,1.227414,1.154177,1.073473,,,,,,,,GLOBAL_BASELINE_NO_ENTITY_RANKING,,,NOT_APPLICABLE_GLOBAL_BASELINE,HF9g-P5,,,,X 全窗基线 · 不参与实体赏罚,15053199,1506,A168_HF9F_20260827_0900,2026-08-27 09:00:00
2026-06-20,127529701,2174,0,96.4332553295,-18.7080515340,-18.7080515340,0.5000000,4,4,0.49994810000000000,0.499948100000,0.00020760000111838688,0.00020760000111838688,0.00020760000111838688,0E-17,ELIGIBLE,R03b_20260811_FULL_v1,L1_ELIGIBILITY,v2026-08-11,2026-03-21..2026-08-06,baccarat_bet02_101_all_pairs_incl_sentinel,round_win = game_pnl > 0 (decisive only),COMPATIBILITY_ONLY_NOT_PRODUCTION,557989.4742,504875.3716,9878.7574,24851,24505,-0.01770420,0.00338982,-0.02772422,-0.01770420,-9878.7574,557989.4742,OK,0.0000,395.1503,4.0000,96.0000,AG03-UNRESOLVED,ALL5_LEVELS_bet23_to_bet27,395.1503,395.1503,395.1503,0.0000,0.0000,4.000000,4.000000,4.000000,0.000000,0.000000,96.000000,96.000000,96.000000,100.000000,100.000000,5.0,1185.4509,1138.6651,8693.3065,8740.0923,PENDING_AG03,FALSE,NOT_FOR_ENFORCEMENT,9483.6071,484680.3568,9878.7574,9483.6071,395.1503,0.01770420,0.01699603,395.1503,9483.6071,0.01699603,395.1503,395.1503,395.1503,0.0000,0.0000,9483.6071,0.01699603,1185.4509,1138.6651,8693.3065,8740.0923,0.01557970,0.01566354,0.00070817,22.4534,20.6030,0.4031,82.3230,2.6463,4649.9123,204.2083,25.9152,21.1137,12.8578,14.5296,26.176,48.8436,54.2173,102.8621,13.088,0.0,3.731508,7.079487,1.545355,30,207,63,6,0.32204186,0.01770420,-0.00338982,0E-8,0.000000,0.904812,0.002133,0.03111404,2026-03-21,2026-08-06,120,3733,1703,139,0.863309,1.227414,1.154177,1.073473,,,,,,,,GLOBAL_BASELINE_NO_ENTITY_RANKING,,,NOT_APPLICABLE_GLOBAL_BASELINE,HF9g-P5,,,,X 全窗基线 · 不参与实体赏罚,15053200,1506,A168_HF9F_20260827_0900,2026-08-27 09:00:00
2026-06-20,127529701,2175,0,334.3019518090,-257.1553475454,-257.1553475454,0E-7,4,4,0.50329940000000000,0.503299400000,-1.743518224870635,-1.743518224870635,-1.743518224870635,0E-17,ELIGIBLE,R03b_20260811_FULL_v1,L1_ELIGIBILITY,v2026-08-11,2026-03-21..2026-08-06,baccarat_bet02_101_all_pairs_incl_sentinel,round_win = game_pnl > 0 (decisive only),COMPATIBILITY_ONLY_NOT_PRODUCTION,557989.4742,504875.3716,9878.7574,24851,24505,-0.01770420,0.00338982,-0.02772422,-0.01770420,-9878.7574,557989.4742,OK,0.0000,395.1503,4.0000,96.0000,AG03-UNRESOLVED,ALL5_LEVELS_bet23_to_bet27,395.1503,395.1503,395.1503,0.0000,0.0000,4.000000,4.000000,4.000000,0.000000,0.000000,96.000000,96.000000,96.000000,100.000000,100.000000,5.0,1185.4509,1138.6651,8693.3065,8740.0923,PENDING_AG03,FALSE,NOT_FOR_ENFORCEMENT,9483.6071,484680.3568,9878.7574,9483.6071,395.1503,0.01770420,0.01699603,395.1503,9483.6071,0.01699603,395.1503,395.1503,395.1503,0.0000,0.0000,9483.6071,0.01699603,1185.4509,1138.6651,8693.3065,8740.0923,0.01557970,0.01566354,0.00070817,22.4534,20.6030,0.4031,82.3230,2.6463,4649.9123,204.2083,25.9152,21.1137,12.8578,14.5296,26.176,48.8436,54.2173,102.8621,13.088,0.0,3.731508,7.079487,1.545355,30,207,63,6,0.32204186,0.01770420,-0.00338982,0E-8,0.000000,0.904812,0.002133,0.03111404,2026-03-21,2026-08-06,120,3733,1703,139,0.863309,1.227414,1.154177,1.073473,,,,,,,,GLOBAL_BASELINE_NO_ENTITY_RANKING,,,NOT_APPLICABLE_GLOBAL_BASELINE,HF9g-P5,,,,X 全窗基线 · 不参与实体赏罚,15053201,1506,A168_HF9F_20260827_0900,2026-08-27 09:00:00
2026-06-20,127529701,2177,0,141.4354411500,38.5733021318,38.5733021318,0.6666667,3,3,0.49771390000000000,0.497713900000,0.5852756695216578,0.5852756695216578,0.5852756695216578,0E-17,ELIGIBLE,R03b_20260811_FULL_v1,L1_ELIGIBILITY,v2026-08-11,2026-03-21..2026-08-06,baccarat_bet02_101_all_pairs_incl_sentinel,round_win = game_pnl > 0 (decisive only),COMPATIBILITY_ONLY_NOT_PRODUCTION,557989.4742,504875.3716,9878.7574,24851,24505,-0.01770420,0.00338982,-0.02772422,-0.01770420,-9878.7574,557989.4742,OK,0.0000,395.1503,4.0000,96.0000,AG03-UNRESOLVED,ALL5_LEVELS_bet23_to_bet27,395.1503,395.1503,395.1503,0.0000,0.0000,4.000000,4.000000,4.000000,0.000000,0.000000,96.000000,96.000000,96.000000,100.000000,100.000000,5.0,1185.4509,1138.6651,8693.3065,8740.0923,PENDING_AG03,FALSE,NOT_FOR_ENFORCEMENT,9483.6071,484680.3568,9878.7574,9483.6071,395.1503,0.01770420,0.01699603,395.1503,9483.6071,0.01699603,395.1503,395.1503,395.1503,0.0000,0.0000,9483.6071,0.01699603,1185.4509,1138.6651,8693.3065,8740.0923,0.01557970,0.01566354,0.00070817,22.4534,20.6030,0.4031,82.3230,2.6463,4649.9123,204.2083,25.9152,21.1137,12.8578,14.5296,26.176,48.8436,54.2173,102.8621,13.088,0.0,3.731508,7.079487,1.545355,30,207,63,6,0.32204186,0.01770420,-0.00338982,0E-8,0.000000,0.904812,0.002133,0.03111404,2026-03-21,2026-08-06,120,3733,1703,139,0.863309,1.227414,1.154177,1.073473,,,,,,,,GLOBAL_BASELINE_NO_ENTITY_RANKING,,,NOT_APPLICABLE_GLOBAL_BASELINE,HF9g-P5,,,,X 全窗基线 · 不参与实体赏罚,15053202,1506,A168_HF9F_20260827_0900,2026-08-27 09:00:00
2026-06-20,127529701,2205,0,141.4354411500,141.4354411500,141.4354411500,1.0000000,1,1,0.49324550000000000,0.493245500000,1.01360149184955,1.01360149184955,1.01360149184955,0E-17,ELIGIBLE,R03b_20260811_FULL_v1,L1_ELIGIBILITY,v2026-08-11,2026-03-21..2026-08-06,baccarat_bet02_101_all_pairs_incl_sentinel,round_win = game_pnl > 0 (decisive only),COMPATIBILITY_ONLY_NOT_PRODUCTION,557989.4742,504875.3716,9878.7574,24851,24505,-0.01770420,0.00338982,-0.02772422,-0.01770420,-9878.7574,557989.4742,OK,0.0000,395.1503,4.0000,96.0000,AG03-UNRESOLVED,ALL5_LEVELS_bet23_to_bet27,395.1503,395.1503,395.1503,0.0000,0.0000,4.000000,4.000000,4.000000,0.000000,0.000000,96.000000,96.000000,96.000000,100.000000,100.000000,5.0,1185.4509,1138.6651,8693.3065,8740.0923,PENDING_AG03,FALSE,NOT_FOR_ENFORCEMENT,9483.6071,484680.3568,9878.7574,9483.6071,395.1503,0.01770420,0.01699603,395.1503,9483.6071,0.01699603,395.1503,395.1503,395.1503,0.0000,0.0000,9483.6071,0.01699603,1185.4509,1138.6651,8693.3065,8740.0923,0.01557970,0.01566354,0.00070817,22.4534,20.6030,0.4031,82.3230,2.6463,4649.9123,204.2083,25.9152,21.1137,12.8578,14.5296,26.176,48.8436,54.2173,102.8621,13.088,0.0,3.731508,7.079487,1.545355,30,207,63,6,0.32204186,0.01770420,-0.00338982,0E-8,0.000000,0.904812,0.002133,0.03111404,2026-03-21,2026-08-06,120,3733,1703,139,0.863309,1.227414,1.154177,1.073473,,,,,,,,GLOBAL_BASELINE_NO_ENTITY_RANKING,,,NOT_APPLICABLE_GLOBAL_BASELINE,HF9g-P5,,,,X 全窗基线 · 不参与实体赏罚,15053203,1506,A168_HF9F_20260827_0900,2026-08-27 09:00:00
2026-06-20,127529701,2209,0,378.0183608916,-144.7784606681,-144.7784606681,0.5714286,7,7,0.49899058571428571,0.498990585714,0.38330657246501415,0.3833065724665265,0.38330657246501415,2.8571E-13,ELIGIBLE,R03b_20260811_FULL_v1,L1_ELIGIBILITY,v2026-08-11,2026-03-21..2026-08-06,baccarat_bet02_101_all_pairs_incl_sentinel,round_win = game_pnl > 0 (decisive only),COMPATIBILITY_ONLY_NOT_PRODUCTION,557989.4742,504875.3716,9878.7574,24851,24505,-0.01770420,0.00338982,-0.02772422,-0.01770420,-9878.7574,557989.4742,OK,0.0000,395.1503,4.0000,96.0000,AG03-UNRESOLVED,ALL5_LEVELS_bet23_to_bet27,395.1503,395.1503,395.1503,0.0000,0.0000,4.000000,4.000000,4.000000,0.000000,0.000000,96.000000,96.000000,96.000000,100.000000,100.000000,5.0,1185.4509,1138.6651,8693.3065,8740.0923,PENDING_AG03,FALSE,NOT_FOR_ENFORCEMENT,9483.6071,484680.3568,9878.7574,9483.6071,395.1503,0.01770420,0.01699603,395.1503,9483.6071,0.01699603,395.1503,395.1503,395.1503,0.0000,0.0000,9483.6071,0.01699603,1185.4509,1138.6651,8693.3065,8740.0923,0.01557970,0.01566354,0.00070817,22.4534,20.6030,0.4031,82.3230,2.6463,4649.9123,204.2083,25.9152,21.1137,12.8578,14.5296,26.176,48.8436,54.2173,102.8621,13.088,0.0,3.731508,7.079487,1.545355,30,207,63,6,0.32204186,0.01770420,-0.00338982,0E-8,0.000000,0.904812,0.002133,0.03111404,2026-03-21,2026-08-06,120,3733,1703,139,0.863309,1.227414,1.154177,1.073473,,,,,,,,GLOBAL_BASELINE_NO_ENTITY_RANKING,,,NOT_APPLICABLE_GLOBAL_BASELINE,HF9g-P5,,,,X 全窗基线 · 不参与实体赏罚,15053204,1506,A168_HF9F_20260827_0900,2026-08-27 09:00:00
2026-06-20,127529701,2216,0,841.4122971686,294.0571399183,294.0571399183,0.6190476,21,21,0.49771390000000000,0.497713900000,1.1120535275798247,1.1120535275798247,1.1120535275798247,0E-17,ELIGIBLE,R03b_20260811_FULL_v1,L1_ELIGIBILITY,v2026-08-11,2026-03-21..2026-08-06,baccarat_bet02_101_all_pairs_incl_sentinel,round_win = game_pnl > 0 (decisive only),COMPATIBILITY_ONLY_NOT_PRODUCTION,557989.4742,504875.3716,9878.7574,24851,24505,-0.01770420,0.00338982,-0.02772422,-0.01770420,-9878.7574,557989.4742,OK,0.0000,395.1503,4.0000,96.0000,AG03-UNRESOLVED,ALL5_LEVELS_bet23_to_bet27,395.1503,395.1503,395.1503,0.0000,0.0000,4.000000,4.000000,4.000000,0.000000,0.000000,96.000000,96.000000,96.000000,100.000000,100.000000,5.0,1185.4509,1138.6651,8693.3065,8740.0923,PENDING_AG03,FALSE,NOT_FOR_ENFORCEMENT,9483.6071,484680.3568,9878.7574,9483.6071,395.1503,0.01770420,0.01699603,395.1503,9483.6071,0.01699603,395.1503,395.1503,395.1503,0.0000,0.0000,9483.6071,0.01699603,1185.4509,1138.6651,8693.3065,8740.0923,0.01557970,0.01566354,0.00070817,22.4534,20.6030,0.4031,82.3230,2.6463,4649.9123,204.2083,25.9152,21.1137,12.8578,14.5296,26.176,48.8436,54.2173,102.8621,13.088,0.0,3.731508,7.079487,1.545355,30,207,63,6,0.32204186,0.01770420,-0.00338982,0E-8,0.000000,0.904812,0.002133,0.03111404,2026-03-21,2026-08-06,120,3733,1703,139,0.863309,1.227414,1.154177,1.073473,,,,,,,,GLOBAL_BASELINE_NO_ENTITY_RANKING,,,NOT_APPLICABLE_GLOBAL_BASELINE,HF9g-P5,,,,X 全窗基线 · 不参与实体赏罚,15053205,1506,A168_HF9F_20260827_0900,2026-08-27 09:00:00
2026-06-20,127529701,2223,0,411.4485560727,1E-10,1E-10,0.6000000,5,5,0.49324550000000000,0.493245500000,0.47746420675292983,0.47746420675292983,0.47746420675292983,0E-17,ELIGIBLE,R03b_20260811_FULL_v1,L1_ELIGIBILITY,v2026-08-11,2026-03-21..2026-08-06,baccarat_bet02_101_all_pairs_incl_sentinel,round_win = game_pnl > 0 (decisive only),COMPATIBILITY_ONLY_NOT_PRODUCTION,557989.4742,504875.3716,9878.7574,24851,24505,-0.01770420,0.00338982,-0.02772422,-0.01770420,-9878.7574,557989.4742,OK,0.0000,395.1503,4.0000,96.0000,AG03-UNRESOLVED,ALL5_LEVELS_bet23_to_bet27,395.1503,395.1503,395.1503,0.0000,0.0000,4.000000,4.000000,4.000000,0.000000,0.000000,96.000000,96.000000,96.000000,100.000000,100.000000,5.0,1185.4509,1138.6651,8693.3065,8740.0923,PENDING_AG03,FALSE,NOT_FOR_ENFORCEMENT,9483.6071,484680.3568,9878.7574,9483.6071,395.1503,0.01770420,0.01699603,395.1503,9483.6071,0.01699603,395.1503,395.1503,395.1503,0.0000,0.0000,9483.6071,0.01699603,1185.4509,1138.6651,8693.3065,8740.0923,0.01557970,0.01566354,0.00070817,22.4534,20.6030,0.4031,82.3230,2.6463,4649.9123,204.2083,25.9152,21.1137,12.8578,14.5296,26.176,48.8436,54.2173,102.8621,13.088,0.0,3.731508,7.079487,1.545355,30,207,63,6,0.32204186,0.01770420,-0.00338982,0E-8,0.000000,0.904812,0.002133,0.03111404,2026-03-21,2026-08-06,120,3733,1703,139,0.863309,1.227414,1.154177,1.073473,,,,,,,,GLOBAL_BASELINE_NO_ENTITY_RANKING,,,NOT_APPLICABLE_GLOBAL_BASELINE,HF9g-P5,,,,X 全窗基线 · 不参与实体赏罚,15053206,1506,A168_HF9F_20260827_0900,2026-08-27 09:00:00
2026-06-20,127529701,2229,0,232.4684341811,124.9774989070,124.9774989070,0.8000000,5,5,0.49592654000000000,0.495926540000,1.359902984124143,1.359902984124143,1.359902984124143,0E-17,ELIGIBLE,R03b_20260811_FULL_v1,L1_ELIGIBILITY,v2026-08-11,2026-03-21..2026-08-06,baccarat_bet02_101_all_pairs_incl_sentinel,round_win = game_pnl > 0 (decisive only),COMPATIBILITY_ONLY_NOT_PRODUCTION,557989.4742,504875.3716,9878.7574,24851,24505,-0.01770420,0.00338982,-0.02772422,-0.01770420,-9878.7574,557989.4742,OK,0.0000,395.1503,4.0000,96.0000,AG03-UNRESOLVED,ALL5_LEVELS_bet23_to_bet27,395.1503,395.1503,395.1503,0.0000,0.0000,4.000000,4.000000,4.000000,0.000000,0.000000,96.000000,96.000000,96.000000,100.000000,100.000000,5.0,1185.4509,1138.6651,8693.3065,8740.0923,PENDING_AG03,FALSE,NOT_FOR_ENFORCEMENT,9483.6071,484680.3568,9878.7574,9483.6071,395.1503,0.01770420,0.01699603,395.1503,9483.6071,0.01699603,395.1503,395.1503,395.1503,0.0000,0.0000,9483.6071,0.01699603,1185.4509,1138.6651,8693.3065,8740.0923,0.01557970,0.01566354,0.00070817,22.4534,20.6030,0.4031,82.3230,2.6463,4649.9123,204.2083,25.9152,21.1137,12.8578,14.5296,26.176,48.8436,54.2173,102.8621,13.088,0.0,3.731508,7.079487,1.545355,30,207,63,6,0.32204186,0.01770420,-0.00338982,0E-8,0.000000,0.904812,0.002133,0.03111404,2026-03-21,2026-08-06,120,3733,1703,139,0.863309,1.227414,1.154177,1.073473,,,,,,,,GLOBAL_BASELINE_NO_ENTITY_RANKING,,,NOT_APPLICABLE_GLOBAL_BASELINE,HF9g-P5,,,,X 全窗基线 · 不参与实体赏罚,15053207,1506,A168_HF9F_20260827_0900,2026-08-27 09:00:00
2026-06-20,127529701,2241,0,25.7155347545,25.7155347545,25.7155347545,1.0000000,1,1,0.49324550000000000,0.493245500000,1.01360149184955,1.01360149184955,1.01360149184955,0E-17,ELIGIBLE,R03b_20260811_FULL_v1,L1_ELIGIBILITY,v2026-08-11,2026-03-21..2026-08-06,baccarat_bet02_101_all_pairs_incl_sentinel,round_win = game_pnl > 0 (decisive only),COMPATIBILITY_ONLY_NOT_PRODUCTION,557989.4742,504875.3716,9878.7574,24851,24505,-0.01770420,0.00338982,-0.02772422,-0.01770420,-9878.7574,557989.4742,OK,0.0000,395.1503,4.0000,96.0000,AG03-UNRESOLVED,ALL5_LEVELS_bet23_to_bet27,395.1503,395.1503,395.1503,0.0000,0.0000,4.000000,4.000000,4.000000,0.000000,0.000000,96.000000,96.000000,96.000000,100.000000,100.000000,5.0,1185.4509,1138.6651,8693.3065,8740.0923,PENDING_AG03,FALSE,NOT_FOR_ENFORCEMENT,9483.6071,484680.3568,9878.7574,9483.6071,395.1503,0.01770420,0.01699603,395.1503,9483.6071,0.01699603,395.1503,395.1503,395.1503,0.0000,0.0000,9483.6071,0.01699603,1185.4509,1138.6651,8693.3065,8740.0923,0.01557970,0.01566354,0.00070817,22.4534,20.6030,0.4031,82.3230,2.6463,4649.9123,204.2083,25.9152,21.1137,12.8578,14.5296,26.176,48.8436,54.2173,102.8621,13.088,0.0,3.731508,7.079487,1.545355,30,207,63,6,0.32204186,0.01770420,-0.00338982,0E-8,0.000000,0.904812,0.002133,0.03111404,2026-03-21,2026-08-06,120,3733,1703,139,0.863309,1.227414,1.154177,1.073473,,,,,,,,GLOBAL_BASELINE_NO_ENTITY_RANKING,,,NOT_APPLICABLE_GLOBAL_BASELINE,HF9g-P5,,,,X 全窗基线 · 不参与实体赏罚,15053208,1506,A168_HF9F_20260827_0900,2026-08-27 09:00:00
2026-06-20,127529701,2252,0,451.3076349421,-73.8035847456,-73.8035847456,0.4545455,14,14,0.49803307142857143,0.498033071429,-0.2884664485072928,-0.28846644851013464,-0.2884664485072928,-4.2857E-13,ELIGIBLE,R03b_20260811_FULL_v1,L1_ELIGIBILITY,v2026-08-11,2026-03-21..2026-08-06,baccarat_bet02_101_all_pairs_incl_sentinel,round_win = game_pnl > 0 (decisive only),COMPATIBILITY_ONLY_NOT_PRODUCTION,557989.4742,504875.3716,9878.7574,24851,24505,-0.01770420,0.00338982,-0.02772422,-0.01770420,-9878.7574,557989.4742,OK,0.0000,395.1503,4.0000,96.0000,AG03-UNRESOLVED,ALL5_LEVELS_bet23_to_bet27,395.1503,395.1503,395.1503,0.0000,0.0000,4.000000,4.000000,4.000000,0.000000,0.000000,96.000000,96.000000,96.000000,100.000000,100.000000,5.0,1185.4509,1138.6651,8693.3065,8740.0923,PENDING_AG03,FALSE,NOT_FOR_ENFORCEMENT,9483.6071,484680.3568,9878.7574,9483.6071,395.1503,0.01770420,0.01699603,395.1503,9483.6071,0.01699603,395.1503,395.1503,395.1503,0.0000,0.0000,9483.6071,0.01699603,1185.4509,1138.6651,8693.3065,8740.0923,0.01557970,0.01566354,0.00070817,22.4534,20.6030,0.4031,82.3230,2.6463,4649.9123,204.2083,25.9152,21.1137,12.8578,14.5296,26.176,48.8436,54.2173,102.8621,13.088,0.0,3.731508,7.079487,1.545355,30,207,63,6,0.32204186,0.01770420,-0.00338982,0E-8,0.000000,0.904812,0.002133,0.03111404,2026-03-21,2026-08-06,120,3733,1703,139,0.863309,1.227414,1.154177,1.073473,,,,,,,,GLOBAL_BASELINE_NO_ENTITY_RANKING,,,NOT_APPLICABLE_GLOBAL_BASELINE,HF9g-P5,,,,X 全窗基线 · 不参与实体赏罚,15053209,1506,A168_HF9F_20260827_0900,2026-08-27 09:00:00
2026-06-20,127529701,2261,0,154.2932085273,-25.7155347545,-25.7155347545,0.4000000,5,5,0.49592654000000000,0.495926540000,-0.42901076602576227,-0.42901076602576227,-0.42901076602576227,0E-17,ELIGIBLE,R03b_20260811_FULL_v1,L1_ELIGIBILITY,v2026-08-11,2026-03-21..2026-08-06,baccarat_bet02_101_all_pairs_incl_sentinel,round_win = game_pnl > 0 (decisive only),COMPATIBILITY_ONLY_NOT_PRODUCTION,557989.4742,504875.3716,9878.7574,24851,24505,-0.01770420,0.00338982,-0.02772422,-0.01770420,-9878.7574,557989.4742,OK,0.0000,395.1503,4.0000,96.0000,AG03-UNRESOLVED,ALL5_LEVELS_bet23_to_bet27,395.1503,395.1503,395.1503,0.0000,0.0000,4.000000,4.000000,4.000000,0.000000,0.000000,96.000000,96.000000,96.000000,100.000000,100.000000,5.0,1185.4509,1138.6651,8693.3065,8740.0923,PENDING_AG03,FALSE,NOT_FOR_ENFORCEMENT,9483.6071,484680.3568,9878.7574,9483.6071,395.1503,0.01770420,0.01699603,395.1503,9483.6071,0.01699603,395.1503,395.1503,395.1503,0.0000,0.0000,9483.6071,0.01699603,1185.4509,1138.6651,8693.3065,8740.0923,0.01557970,0.01566354,0.00070817,22.4534,20.6030,0.4031,82.3230,2.6463,4649.9123,204.2083,25.9152,21.1137,12.8578,14.5296,26.176,48.8436,54.2173,102.8621,13.088,0.0,3.731508,7.079487,1.545355,30,207,63,6,0.32204186,0.01770420,-0.00338982,0E-8,0.000000,0.904812,0.002133,0.03111404,2026-03-21,2026-08-06,120,3733,1703,139,0.863309,1.227414,1.154177,1.073473,,,,,,,,GLOBAL_BASELINE_NO_ENTITY_RANKING,,,NOT_APPLICABLE_GLOBAL_BASELINE,HF9g-P5,,,,X 全窗基线 · 不参与实体赏罚,15053210,1506,A168_HF9F_20260827_0900,2026-08-27 09:00:00
2026-06-20,127529701,2267,0,102.8621390181,50.1452927714,50.1452927714,0.6666667,3,3,0.49771390000000000,0.497713900000,0.5852756695216578,0.5852756695216578,0.5852756695216578,0E-17,ELIGIBLE,R03b_20260811_FULL_v1,L1_ELIGIBILITY,v2026-08-11,2026-03-21..2026-08-06,baccarat_bet02_101_all_pairs_incl_sentinel,round_win = game_pnl > 0 (decisive only),COMPATIBILITY_ONLY_NOT_PRODUCTION,557989.4742,504875.3716,9878.7574,24851,24505,-0.01770420,0.00338982,-0.02772422,-0.01770420,-9878.7574,557989.4742,OK,0.0000,395.1503,4.0000,96.0000,AG03-UNRESOLVED,ALL5_LEVELS_bet23_to_bet27,395.1503,395.1503,395.1503,0.0000,0.0000,4.000000,4.000000,4.000000,0.000000,0.000000,96.000000,96.000000,96.000000,100.000000,100.000000,5.0,1185.4509,1138.6651,8693.3065,8740.0923,PENDING_AG03,FALSE,NOT_FOR_ENFORCEMENT,9483.6071,484680.3568,9878.7574,9483.6071,395.1503,0.01770420,0.01699603,395.1503,9483.6071,0.01699603,395.1503,395.1503,395.1503,0.0000,0.0000,9483.6071,0.01699603,1185.4509,1138.6651,8693.3065,8740.0923,0.01557970,0.01566354,0.00070817,22.4534,20.6030,0.4031,82.3230,2.6463,4649.9123,204.2083,25.9152,21.1137,12.8578,14.5296,26.176,48.8436,54.2173,102.8621,13.088,0.0,3.731508,7.079487,1.545355,30,207,63,6,0.32204186,0.01770420,-0.00338982,0E-8,0.000000,0.904812,0.002133,0.03111404,2026-03-21,2026-08-06,120,3733,1703,139,0.863309,1.227414,1.154177,1.073473,,,,,,,,GLOBAL_BASELINE_NO_ENTITY_RANKING,,,NOT_APPLICABLE_GLOBAL_BASELINE,HF9g-P5,,,,X 全窗基线 · 不参与实体赏罚,15053211,1506,A168_HF9F_20260827_0900,2026-08-27 09:00:00
2026-06-20,127529701,2271,0,183.8660734950,149.0215239026,149.0215239026,0.8333333,6,6,0.49994810000000000,0.499948100000,1.6332474276894162,1.6332474276894162,1.6332474276894162,0E-17,ELIGIBLE,R03b_20260811_FULL_v1,L1_ELIGIBILITY,v2026-08-11,2026-03-21..2026-08-06,baccarat_bet02_101_all_pairs_incl_sentinel,round_win = game_pnl > 0 (decisive only),COMPATIBILITY_ONLY_NOT_PRODUCTION,557989.4742,504875.3716,9878.7574,24851,24505,-0.01770420,0.00338982,-0.02772422,-0.01770420,-9878.7574,557989.4742,OK,0.0000,395.1503,4.0000,96.0000,AG03-UNRESOLVED,ALL5_LEVELS_bet23_to_bet27,395.1503,395.1503,395.1503,0.0000,0.0000,4.000000,4.000000,4.000000,0.000000,0.000000,96.000000,96.000000,96.000000,100.000000,100.000000,5.0,1185.4509,1138.6651,8693.3065,8740.0923,PENDING_AG03,FALSE,NOT_FOR_ENFORCEMENT,9483.6071,484680.3568,9878.7574,9483.6071,395.1503,0.01770420,0.01699603,395.1503,9483.6071,0.01699603,395.1503,395.1503,395.1503,0.0000,0.0000,9483.6071,0.01699603,1185.4509,1138.6651,8693.3065,8740.0923,0.01557970,0.01566354,0.00070817,22.4534,20.6030,0.4031,82.3230,2.6463,4649.9123,204.2083,25.9152,21.1137,12.8578,14.5296,26.176,48.8436,54.2173,102.8621,13.088,0.0,3.731508,7.079487,1.545355,30,207,63,6,0.32204186,0.01770420,-0.00338982,0E-8,0.000000,0.904812,0.002133,0.03111404,2026-03-21,2026-08-06,120,3733,1703,139,0.863309,1.227414,1.154177,1.073473,,,,,,,,GLOBAL_BASELINE_NO_ENTITY_RANKING,,,NOT_APPLICABLE_GLOBAL_BASELINE,HF9g-P5,,,,X 全窗基线 · 不参与实体赏罚,15053212,1506,A168_HF9F_20260827_0900,2026-08-27 09:00:00
2026-06-20,127529701,2276,0,619.2300768894,73.8035847455,73.8035847455,0.5000000,13,13,0.49840134615384615,0.498401346154,0.011075855354156958,0.011075855353091038,0.011075855354156958,-1.5385E-13,ELIGIBLE,R03b_20260811_FULL_v1,L1_ELIGIBILITY,v2026-08-11,2026-03-21..2026-08-06,baccarat_bet02_101_all_pairs_incl_sentinel,round_win = game_pnl > 0 (decisive only),COMPATIBILITY_ONLY_NOT_PRODUCTION,557989.4742,504875.3716,9878.7574,24851,24505,-0.01770420,0.00338982,-0.02772422,-0.01770420,-9878.7574,557989.4742,OK,0.0000,395.1503,4.0000,96.0000,AG03-UNRESOLVED,ALL5_LEVELS_bet23_to_bet27,395.1503,395.1503,395.1503,0.0000,0.0000,4.000000,4.000000,4.000000,0.000000,0.000000,96.000000,96.000000,96.000000,100.000000,100.000000,5.0,1185.4509,1138.6651,8693.3065,8740.0923,PENDING_AG03,FALSE,NOT_FOR_ENFORCEMENT,9483.6071,484680.3568,9878.7574,9483.6071,395.1503,0.01770420,0.01699603,395.1503,9483.6071,0.01699603,395.1503,395.1503,395.1503,0.0000,0.0000,9483.6071,0.01699603,1185.4509,1138.6651,8693.3065,8740.0923,0.01557970,0.01566354,0.00070817,22.4534,20.6030,0.4031,82.3230,2.6463,4649.9123,204.2083,25.9152,21.1137,12.8578,14.5296,26.176,48.8436,54.2173,102.8621,13.088,0.0,3.731508,7.079487,1.545355,30,207,63,6,0.32204186,0.01770420,-0.00338982,0E-8,0.000000,0.904812,0.002133,0.03111404,2026-03-21,2026-08-06,120,3733,1703,139,0.863309,1.227414,1.154177,1.073473,,,,,,,,GLOBAL_BASELINE_NO_ENTITY_RANKING,,,NOT_APPLICABLE_GLOBAL_BASELINE,HF9g-P5,,,,X 全窗基线 · 不参与实体赏罚,15053213,1506,A168_HF9F_20260827_0900,2026-08-27 09:00:00
2026-06-20,127529701,2287,0,26.7441561447,0E-10,0E-10,,1,1,0.50665070000000000,0.506650700000,,,,0E-17,NO_DECISIVE_ROUND,R03b_20260811_FULL_v1,L1_ELIGIBILITY,v2026-08-11,2026-03-21..2026-08-06,baccarat_bet02_101_all_pairs_incl_sentinel,round_win = game_pnl > 0 (decisive only),COMPATIBILITY_ONLY_NOT_PRODUCTION,557989.4742,504875.3716,9878.7574,24851,24505,-0.01770420,0.00338982,-0.02772422,-0.01770420,-9878.7574,557989.4742,OK,0.0000,395.1503,4.0000,96.0000,AG03-UNRESOLVED,ALL5_LEVELS_bet23_to_bet27,395.1503,395.1503,395.1503,0.0000,0.0000,4.000000,4.000000,4.000000,0.000000,0.000000,96.000000,96.000000,96.000000,100.000000,100.000000,5.0,1185.4509,1138.6651,8693.3065,8740.0923,PENDING_AG03,FALSE,NOT_FOR_ENFORCEMENT,9483.6071,484680.3568,9878.7574,9483.6071,395.1503,0.01770420,0.01699603,395.1503,9483.6071,0.01699603,395.1503,395.1503,395.1503,0.0000,0.0000,9483.6071,0.01699603,1185.4509,1138.6651,8693.3065,8740.0923,0.01557970,0.01566354,0.00070817,22.4534,20.6030,0.4031,82.3230,2.6463,4649.9123,204.2083,25.9152,21.1137,12.8578,14.5296,26.176,48.8436,54.2173,102.8621,13.088,0.0,3.731508,7.079487,1.545355,30,207,63,6,0.32204186,0.01770420,-0.00338982,0E-8,0.000000,0.904812,0.002133,0.03111404,2026-03-21,2026-08-06,120,3733,1703,139,0.863309,1.227414,1.154177,1.073473,,,,,,,,GLOBAL_BASELINE_NO_ENTITY_RANKING,,,NOT_APPLICABLE_GLOBAL_BASELINE,HF9g-P5,,,,X 全窗基线 · 不参与实体赏罚,15053214,1506,A168_HF9F_20260827_0900,2026-08-27 09:00:00
2026-06-20,127529701,529,0,282.8708822999,-205.7242780363,-205.7242780363,0E-7,5,5,0.49592654000000000,0.495926540000,-1.7179969428587005,-1.7179969428587005,-1.7179969428587005,0E-17,ELIGIBLE,R03b_20260811_FULL_v1,L1_ELIGIBILITY,v2026-08-11,2026-03-21..2026-08-06,baccarat_bet02_101_all_pairs_incl_sentinel,round_win = game_pnl > 0 (decisive only),COMPATIBILITY_ONLY_NOT_PRODUCTION,557989.4742,504875.3716,9878.7574,24851,24505,-0.01770420,0.00338982,-0.02772422,-0.01770420,-9878.7574,557989.4742,OK,0.0000,395.1503,4.0000,96.0000,AG03-UNRESOLVED,ALL5_LEVELS_bet23_to_bet27,395.1503,395.1503,395.1503,0.0000,0.0000,4.000000,4.000000,4.000000,0.000000,0.000000,96.000000,96.000000,96.000000,100.000000,100.000000,5.0,1185.4509,1138.6651,8693.3065,8740.0923,PENDING_AG03,FALSE,NOT_FOR_ENFORCEMENT,9483.6071,484680.3568,9878.7574,9483.6071,395.1503,0.01770420,0.01699603,395.1503,9483.6071,0.01699603,395.1503,395.1503,395.1503,0.0000,0.0000,9483.6071,0.01699603,1185.4509,1138.6651,8693.3065,8740.0923,0.01557970,0.01566354,0.00070817,22.4534,20.6030,0.4031,82.3230,2.6463,4649.9123,204.2083,25.9152,21.1137,12.8578,14.5296,26.176,48.8436,54.2173,102.8621,13.088,0.0,3.731508,7.079487,1.545355,30,207,63,6,0.32204186,0.01770420,-0.00338982,0E-8,0.000000,0.904812,0.002133,0.03111404,2026-03-21,2026-08-06,120,3733,1703,139,0.863309,1.227414,1.154177,1.073473,,,,,,,,GLOBAL_BASELINE_NO_ENTITY_RANKING,,,NOT_APPLICABLE_GLOBAL_BASELINE,HF9g-P5,,,,X 全窗基线 · 不参与实体赏罚,15053215,1506,A168_HF9F_20260827_0900,2026-08-27 09:00:00
2026-06-20,127529701,948,0,25.7155347545,-25.7155347545,-25.7155347545,0E-7,1,1,0.49324550000000000,0.493245500000,-0.9865810262130424,-0.9865810262130424,-0.9865810262130424,0E-17,ELIGIBLE,R03b_20260811_FULL_v1,L1_ELIGIBILITY,v2026-08-11,2026-03-21..2026-08-06,baccarat_bet02_101_all_pairs_incl_sentinel,round_win = game_pnl > 0 (decisive only),COMPATIBILITY_ONLY_NOT_PRODUCTION,557989.4742,504875.3716,9878.7574,24851,24505,-0.01770420,0.00338982,-0.02772422,-0.01770420,-9878.7574,557989.4742,OK,0.0000,395.1503,4.0000,96.0000,AG03-UNRESOLVED,ALL5_LEVELS_bet23_to_bet27,395.1503,395.1503,395.1503,0.0000,0.0000,4.000000,4.000000,4.000000,0.000000,0.000000,96.000000,96.000000,96.000000,100.000000,100.000000,5.0,1185.4509,1138.6651,8693.3065,8740.0923,PENDING_AG03,FALSE,NOT_FOR_ENFORCEMENT,9483.6071,484680.3568,9878.7574,9483.6071,395.1503,0.01770420,0.01699603,395.1503,9483.6071,0.01699603,395.1503,395.1503,395.1503,0.0000,0.0000,9483.6071,0.01699603,1185.4509,1138.6651,8693.3065,8740.0923,0.01557970,0.01566354,0.00070817,22.4534,20.6030,0.4031,82.3230,2.6463,4649.9123,204.2083,25.9152,21.1137,12.8578,14.5296,26.176,48.8436,54.2173,102.8621,13.088,0.0,3.731508,7.079487,1.545355,30,207,63,6,0.32204186,0.01770420,-0.00338982,0E-8,0.000000,0.904812,0.002133,0.03111404,2026-03-21,2026-08-06,120,3733,1703,139,0.863309,1.227414,1.154177,1.073473,,,,,,,,GLOBAL_BASELINE_NO_ENTITY_RANKING,,,NOT_APPLICABLE_GLOBAL_BASELINE,HF9g-P5,,,,X 全窗基线 · 不参与实体赏罚,15053216,1506,A168_HF9F_20260827_0900,2026-08-27 09:00:00
2026-06-20,127529701,970,0,176.1514130686,-32.5944403014,-32.5944403014,0.2500000,5,5,0.50665070000000000,0.506650700000,-1.0266936290537745,-1.0266936290537745,-1.0266936290537745,0E-17,ELIGIBLE,R03b_20260811_FULL_v1,L1_ELIGIBILITY,v2026-08-11,2026-03-21..2026-08-06,baccarat_bet02_101_all_pairs_incl_sentinel,round_win = game_pnl > 0 (decisive only),COMPATIBILITY_ONLY_NOT_PRODUCTION,557989.4742,504875.3716,9878.7574,24851,24505,-0.01770420,0.00338982,-0.02772422,-0.01770420,-9878.7574,557989.4742,OK,0.0000,395.1503,4.0000,96.0000,AG03-UNRESOLVED,ALL5_LEVELS_bet23_to_bet27,395.1503,395.1503,395.1503,0.0000,0.0000,4.000000,4.000000,4.000000,0.000000,0.000000,96.000000,96.000000,96.000000,100.000000,100.000000,5.0,1185.4509,1138.6651,8693.3065,8740.0923,PENDING_AG03,FALSE,NOT_FOR_ENFORCEMENT,9483.6071,484680.3568,9878.7574,9483.6071,395.1503,0.01770420,0.01699603,395.1503,9483.6071,0.01699603,395.1503,395.1503,395.1503,0.0000,0.0000,9483.6071,0.01699603,1185.4509,1138.6651,8693.3065,8740.0923,0.01557970,0.01566354,0.00070817,22.4534,20.6030,0.4031,82.3230,2.6463,4649.9123,204.2083,25.9152,21.1137,12.8578,14.5296,26.176,48.8436,54.2173,102.8621,13.088,0.0,3.731508,7.079487,1.545355,30,207,63,6,0.32204186,0.01770420,-0.00338982,0E-8,0.000000,0.904812,0.002133,0.03111404,2026-03-21,2026-08-06,120,3733,1703,139,0.863309,1.227414,1.154177,1.073473,,,,,,,,GLOBAL_BASELINE_NO_ENTITY_RANKING,,,NOT_APPLICABLE_GLOBAL_BASELINE,HF9g-P5,,,,X 全窗基线 · 不参与实体赏罚,15053217,1506,A168_HF9F_20260827_0900,2026-08-27 09:00:00
2026-06-21,127529701,-1,1,107.7480906215,-51.3024918353,-51.3024918353,0.4000000,7,7,0.50282064285714286,0.502820642857,-0.45983521081771717,-0.4598352108170775,-0.45983521081771717,1.4286E-13,SENTINEL_DEALER,R03b_20260811_FULL_v1,L1_ELIGIBILITY,v2026-08-11,2026-03-21..2026-08-06,baccarat_bet02_101_all_pairs_incl_sentinel,round_win = game_pnl > 0 (decisive only),COMPATIBILITY_ONLY_NOT_PRODUCTION,557989.4742,504875.3716,9878.7574,24851,24505,-0.01770420,0.00338982,-0.02772422,-0.01770420,-9878.7574,557989.4742,OK,0.0000,395.1503,4.0000,96.0000,AG03-UNRESOLVED,ALL5_LEVELS_bet23_to_bet27,395.1503,395.1503,395.1503,0.0000,0.0000,4.000000,4.000000,4.000000,0.000000,0.000000,96.000000,96.000000,96.000000,100.000000,100.000000,5.0,1185.4509,1138.6651,8693.3065,8740.0923,PENDING_AG03,FALSE,NOT_FOR_ENFORCEMENT,9483.6071,484680.3568,9878.7574,9483.6071,395.1503,0.01770420,0.01699603,395.1503,9483.6071,0.01699603,395.1503,395.1503,395.1503,0.0000,0.0000,9483.6071,0.01699603,1185.4509,1138.6651,8693.3065,8740.0923,0.01557970,0.01566354,0.00070817,22.4534,20.6030,0.4031,82.3230,2.6463,4649.9123,204.2083,25.9152,21.1137,12.8578,14.5296,26.176,48.8436,54.2173,102.8621,13.088,0.0,3.731508,7.079487,1.545355,30,207,63,6,0.32204186,0.01770420,-0.00338982,0E-8,0.000000,0.904812,0.002133,0.03111404,2026-03-21,2026-08-06,120,3733,1703,139,0.863309,1.227414,1.154177,1.073473,,,,,,,,GLOBAL_BASELINE_NO_ENTITY_RANKING,,,NOT_APPLICABLE_GLOBAL_BASELINE,HF9g-P5,,,,X 全窗基线 · 不参与实体赏罚,15053218,1506,A168_HF9F_20260827_0900,2026-08-27 09:00:00
2026-06-21,127529701,1157,0,25.7155347545,0E-10,0E-10,,1,1,0.49324550000000000,0.493245500000,,,,0E-17,NO_DECISIVE_ROUND,R03b_20260811_FULL_v1,L1_ELIGIBILITY,v2026-08-11,2026-03-21..2026-08-06,baccarat_bet02_101_all_pairs_incl_sentinel,round_win = game_pnl > 0 (decisive only),COMPATIBILITY_ONLY_NOT_PRODUCTION,557989.4742,504875.3716,9878.7574,24851,24505,-0.01770420,0.00338982,-0.02772422,-0.01770420,-9878.7574,557989.4742,OK,0.0000,395.1503,4.0000,96.0000,AG03-UNRESOLVED,ALL5_LEVELS_bet23_to_bet27,395.1503,395.1503,395.1503,0.0000,0.0000,4.000000,4.000000,4.000000,0.000000,0.000000,96.000000,96.000000,96.000000,100.000000,100.000000,5.0,1185.4509,1138.6651,8693.3065,8740.0923,PENDING_AG03,FALSE,NOT_FOR_ENFORCEMENT,9483.6071,484680.3568,9878.7574,9483.6071,395.1503,0.01770420,0.01699603,395.1503,9483.6071,0.01699603,395.1503,395.1503,395.1503,0.0000,0.0000,9483.6071,0.01699603,1185.4509,1138.6651,8693.3065,8740.0923,0.01557970,0.01566354,0.00070817,22.4534,20.6030,0.4031,82.3230,2.6463,4649.9123,204.2083,25.9152,21.1137,12.8578,14.5296,26.176,48.8436,54.2173,102.8621,13.088,0.0,3.731508,7.079487,1.545355,30,207,63,6,0.32204186,0.01770420,-0.00338982,0E-8,0.000000,0.904812,0.002133,0.03111404,2026-03-21,2026-08-06,120,3733,1703,139,0.863309,1.227414,1.154177,1.073473,,,,,,,,GLOBAL_BASELINE_NO_ENTITY_RANKING,,,NOT_APPLICABLE_GLOBAL_BASELINE,HF9g-P5,,,,X 全窗基线 · 不参与实体赏罚,15053219,1506,A168_HF9F_20260827_0900,2026-08-27 09:00:00
2026-06-21,127529701,1384,0,154.2932085273,-154.2932085273,-154.2932085273,0E-7,2,2,0.49994810000000000,0.499948100000,-1.4140667746232096,-1.4140667746232096,-1.4140667746232096,0E-17,ELIGIBLE,R03b_20260811_FULL_v1,L1_ELIGIBILITY,v2026-08-11,2026-03-21..2026-08-06,baccarat_bet02_101_all_pairs_incl_sentinel,round_win = game_pnl > 0 (decisive only),COMPATIBILITY_ONLY_NOT_PRODUCTION,557989.4742,504875.3716,9878.7574,24851,24505,-0.01770420,0.00338982,-0.02772422,-0.01770420,-9878.7574,557989.4742,OK,0.0000,395.1503,4.0000,96.0000,AG03-UNRESOLVED,ALL5_LEVELS_bet23_to_bet27,395.1503,395.1503,395.1503,0.0000,0.0000,4.000000,4.000000,4.000000,0.000000,0.000000,96.000000,96.000000,96.000000,100.000000,100.000000,5.0,1185.4509,1138.6651,8693.3065,8740.0923,PENDING_AG03,FALSE,NOT_FOR_ENFORCEMENT,9483.6071,484680.3568,9878.7574,9483.6071,395.1503,0.01770420,0.01699603,395.1503,9483.6071,0.01699603,395.1503,395.1503,395.1503,0.0000,0.0000,9483.6071,0.01699603,1185.4509,1138.6651,8693.3065,8740.0923,0.01557970,0.01566354,0.00070817,22.4534,20.6030,0.4031,82.3230,2.6463,4649.9123,204.2083,25.9152,21.1137,12.8578,14.5296,26.176,48.8436,54.2173,102.8621,13.088,0.0,3.731508,7.079487,1.545355,30,207,63,6,0.32204186,0.01770420,-0.00338982,0E-8,0.000000,0.904812,0.002133,0.03111404,2026-03-21,2026-08-06,120,3733,1703,139,0.863309,1.227414,1.154177,1.073473,,,,,,,,GLOBAL_BASELINE_NO_ENTITY_RANKING,,,NOT_APPLICABLE_GLOBAL_BASELINE,HF9g-P5,,,,X 全窗基线 · 不参与实体赏罚,15053220,1506,A168_HF9F_20260827_0900,2026-08-27 09:00:00
2026-06-21,127529701,1490,0,12.8577673773,-12.8577673773,-12.8577673773,0E-7,1,1,0.49324550000000000,0.493245500000,-0.9865810262130424,-0.9865810262130424,-0.9865810262130424,0E-17,ELIGIBLE,R03b_20260811_FULL_v1,L1_ELIGIBILITY,v2026-08-11,2026-03-21..2026-08-06,baccarat_bet02_101_all_pairs_incl_sentinel,round_win = game_pnl > 0 (decisive only),COMPATIBILITY_ONLY_NOT_PRODUCTION,557989.4742,504875.3716,9878.7574,24851,24505,-0.01770420,0.00338982,-0.02772422,-0.01770420,-9878.7574,557989.4742,OK,0.0000,395.1503,4.0000,96.0000,AG03-UNRESOLVED,ALL5_LEVELS_bet23_to_bet27,395.1503,395.1503,395.1503,0.0000,0.0000,4.000000,4.000000,4.000000,0.000000,0.000000,96.000000,96.000000,96.000000,100.000000,100.000000,5.0,1185.4509,1138.6651,8693.3065,8740.0923,PENDING_AG03,FALSE,NOT_FOR_ENFORCEMENT,9483.6071,484680.3568,9878.7574,9483.6071,395.1503,0.01770420,0.01699603,395.1503,9483.6071,0.01699603,395.1503,395.1503,395.1503,0.0000,0.0000,9483.6071,0.01699603,1185.4509,1138.6651,8693.3065,8740.0923,0.01557970,0.01566354,0.00070817,22.4534,20.6030,0.4031,82.3230,2.6463,4649.9123,204.2083,25.9152,21.1137,12.8578,14.5296,26.176,48.8436,54.2173,102.8621,13.088,0.0,3.731508,7.079487,1.545355,30,207,63,6,0.32204186,0.01770420,-0.00338982,0E-8,0.000000,0.904812,0.002133,0.03111404,2026-03-21,2026-08-06,120,3733,1703,139,0.863309,1.227414,1.154177,1.073473,,,,,,,,GLOBAL_BASELINE_NO_ENTITY_RANKING,,,NOT_APPLICABLE_GLOBAL_BASELINE,HF9g-P5,,,,X 全窗基线 · 不参与实体赏罚,15053221,1506,A168_HF9F_20260827_0900,2026-08-27 09:00:00
2026-06-21,127529701,1646,0,90.0043716409,-14.7864324839,-14.7864324839,0.6666667,3,3,0.50218230000000000,0.502182300000,0.5697959874915163,0.5697959874915164,0.5697959874915163,0E-17,ELIGIBLE,R03b_20260811_FULL_v1,L1_ELIGIBILITY,v2026-08-11,2026-03-21..2026-08-06,baccarat_bet02_101_all_pairs_incl_sentinel,round_win = game_pnl > 0 (decisive only),COMPATIBILITY_ONLY_NOT_PRODUCTION,557989.4742,504875.3716,9878.7574,24851,24505,-0.01770420,0.00338982,-0.02772422,-0.01770420,-9878.7574,557989.4742,OK,0.0000,395.1503,4.0000,96.0000,AG03-UNRESOLVED,ALL5_LEVELS_bet23_to_bet27,395.1503,395.1503,395.1503,0.0000,0.0000,4.000000,4.000000,4.000000,0.000000,0.000000,96.000000,96.000000,96.000000,100.000000,100.000000,5.0,1185.4509,1138.6651,8693.3065,8740.0923,PENDING_AG03,FALSE,NOT_FOR_ENFORCEMENT,9483.6071,484680.3568,9878.7574,9483.6071,395.1503,0.01770420,0.01699603,395.1503,9483.6071,0.01699603,395.1503,395.1503,395.1503,0.0000,0.0000,9483.6071,0.01699603,1185.4509,1138.6651,8693.3065,8740.0923,0.01557970,0.01566354,0.00070817,22.4534,20.6030,0.4031,82.3230,2.6463,4649.9123,204.2083,25.9152,21.1137,12.8578,14.5296,26.176,48.8436,54.2173,102.8621,13.088,0.0,3.731508,7.079487,1.545355,30,207,63,6,0.32204186,0.01770420,-0.00338982,0E-8,0.000000,0.904812,0.002133,0.03111404,2026-03-21,2026-08-06,120,3733,1703,139,0.863309,1.227414,1.154177,1.073473,,,,,,,,GLOBAL_BASELINE_NO_ENTITY_RANKING,,,NOT_APPLICABLE_GLOBAL_BASELINE,HF9g-P5,,,,X 全窗基线 · 不参与实体赏罚,15053222,1506,A168_HF9F_20260827_0900,2026-08-27 09:00:00
2026-06-21,127529701,2034,0,15.4293208527,5.1431069509,5.1431069509,1.0000000,2,2,0.49994810000000000,0.499948100000,1.0001038053877793,1.0001038053877793,1.0001038053877793,0E-17,ELIGIBLE,R03b_20260811_FULL_v1,L1_ELIGIBILITY,v2026-08-11,2026-03-21..2026-08-06,baccarat_bet02_101_all_pairs_incl_sentinel,round_win = game_pnl > 0 (decisive only),COMPATIBILITY_ONLY_NOT_PRODUCTION,557989.4742,504875.3716,9878.7574,24851,24505,-0.01770420,0.00338982,-0.02772422,-0.01770420,-9878.7574,557989.4742,OK,0.0000,395.1503,4.0000,96.0000,AG03-UNRESOLVED,ALL5_LEVELS_bet23_to_bet27,395.1503,395.1503,395.1503,0.0000,0.0000,4.000000,4.000000,4.000000,0.000000,0.000000,96.000000,96.000000,96.000000,100.000000,100.000000,5.0,1185.4509,1138.6651,8693.3065,8740.0923,PENDING_AG03,FALSE,NOT_FOR_ENFORCEMENT,9483.6071,484680.3568,9878.7574,9483.6071,395.1503,0.01770420,0.01699603,395.1503,9483.6071,0.01699603,395.1503,395.1503,395.1503,0.0000,0.0000,9483.6071,0.01699603,1185.4509,1138.6651,8693.3065,8740.0923,0.01557970,0.01566354,0.00070817,22.4534,20.6030,0.4031,82.3230,2.6463,4649.9123,204.2083,25.9152,21.1137,12.8578,14.5296,26.176,48.8436,54.2173,102.8621,13.088,0.0,3.731508,7.079487,1.545355,30,207,63,6,0.32204186,0.01770420,-0.00338982,0E-8,0.000000,0.904812,0.002133,0.03111404,2026-03-21,2026-08-06,120,3733,1703,139,0.863309,1.227414,1.154177,1.073473,,,,,,,,GLOBAL_BASELINE_NO_ENTITY_RANKING,,,NOT_APPLICABLE_GLOBAL_BASELINE,HF9g-P5,,,,X 全窗基线 · 不参与实体赏罚,15053223,1506,A168_HF9F_20260827_0900,2026-08-27 09:00:00
2026-06-21,127529701,2141,0,92.5759251164,-4.0501967239,-4.0501967239,0.5000000,3,3,0.49771390000000000,0.497713900000,0.006466134837551399,0.0064661348375514,0.006466134837551399,0E-17,ELIGIBLE,R03b_20260811_FULL_v1,L1_ELIGIBILITY,v2026-08-11,2026-03-21..2026-08-06,baccarat_bet02_101_all_pairs_incl_sentinel,round_win = game_pnl > 0 (decisive only),COMPATIBILITY_ONLY_NOT_PRODUCTION,557989.4742,504875.3716,9878.7574,24851,24505,-0.01770420,0.00338982,-0.02772422,-0.01770420,-9878.7574,557989.4742,OK,0.0000,395.1503,4.0000,96.0000,AG03-UNRESOLVED,ALL5_LEVELS_bet23_to_bet27,395.1503,395.1503,395.1503,0.0000,0.0000,4.000000,4.000000,4.000000,0.000000,0.000000,96.000000,96.000000,96.000000,100.000000,100.000000,5.0,1185.4509,1138.6651,8693.3065,8740.0923,PENDING_AG03,FALSE,NOT_FOR_ENFORCEMENT,9483.6071,484680.3568,9878.7574,9483.6071,395.1503,0.01770420,0.01699603,395.1503,9483.6071,0.01699603,395.1503,395.1503,395.1503,0.0000,0.0000,9483.6071,0.01699603,1185.4509,1138.6651,8693.3065,8740.0923,0.01557970,0.01566354,0.00070817,22.4534,20.6030,0.4031,82.3230,2.6463,4649.9123,204.2083,25.9152,21.1137,12.8578,14.5296,26.176,48.8436,54.2173,102.8621,13.088,0.0,3.731508,7.079487,1.545355,30,207,63,6,0.32204186,0.01770420,-0.00338982,0E-8,0.000000,0.904812,0.002133,0.03111404,2026-03-21,2026-08-06,120,3733,1703,139,0.863309,1.227414,1.154177,1.073473,,,,,,,,GLOBAL_BASELINE_NO_ENTITY_RANKING,,,NOT_APPLICABLE_GLOBAL_BASELINE,HF9g-P5,,,,X 全窗基线 · 不参与实体赏罚,15053224,1506,A168_HF9F_20260827_0900,2026-08-27 09:00:00
2026-06-21,127529701,2147,0,136.2923341990,-136.2923341990,-136.2923341990,0E-7,3,3,0.49324550000000000,0.493245500000,-1.708808463184432,-1.7088084631844318,-1.708808463184432,0E-17,ELIGIBLE,R03b_20260811_FULL_v1,L1_ELIGIBILITY,v2026-08-11,2026-03-21..2026-08-06,baccarat_bet02_101_all_pairs_incl_sentinel,round_win = game_pnl > 0 (decisive only),COMPATIBILITY_ONLY_NOT_PRODUCTION,557989.4742,504875.3716,9878.7574,24851,24505,-0.01770420,0.00338982,-0.02772422,-0.01770420,-9878.7574,557989.4742,OK,0.0000,395.1503,4.0000,96.0000,AG03-UNRESOLVED,ALL5_LEVELS_bet23_to_bet27,395.1503,395.1503,395.1503,0.0000,0.0000,4.000000,4.000000,4.000000,0.000000,0.000000,96.000000,96.000000,96.000000,100.000000,100.000000,5.0,1185.4509,1138.6651,8693.3065,8740.0923,PENDING_AG03,FALSE,NOT_FOR_ENFORCEMENT,9483.6071,484680.3568,9878.7574,9483.6071,395.1503,0.01770420,0.01699603,395.1503,9483.6071,0.01699603,395.1503,395.1503,395.1503,0.0000,0.0000,9483.6071,0.01699603,1185.4509,1138.6651,8693.3065,8740.0923,0.01557970,0.01566354,0.00070817,22.4534,20.6030,0.4031,82.3230,2.6463,4649.9123,204.2083,25.9152,21.1137,12.8578,14.5296,26.176,48.8436,54.2173,102.8621,13.088,0.0,3.731508,7.079487,1.545355,30,207,63,6,0.32204186,0.01770420,-0.00338982,0E-8,0.000000,0.904812,0.002133,0.03111404,2026-03-21,2026-08-06,120,3733,1703,139,0.863309,1.227414,1.154177,1.073473,,,,,,,,GLOBAL_BASELINE_NO_ENTITY_RANKING,,,NOT_APPLICABLE_GLOBAL_BASELINE,HF9g-P5,,,,X 全窗基线 · 不参与实体赏罚,15053225,1506,A168_HF9F_20260827_0900,2026-08-27 09:00:00
2026-06-21,127529701,2218,0,77.1466042637,-26.3584231234,-26.3584231234,0.6666667,3,3,0.50218230000000000,0.502182300000,0.5697959874915163,0.5697959874915164,0.5697959874915163,0E-17,ELIGIBLE,R03b_20260811_FULL_v1,L1_ELIGIBILITY,v2026-08-11,2026-03-21..2026-08-06,baccarat_bet02_101_all_pairs_incl_sentinel,round_win = game_pnl > 0 (decisive only),COMPATIBILITY_ONLY_NOT_PRODUCTION,557989.4742,504875.3716,9878.7574,24851,24505,-0.01770420,0.00338982,-0.02772422,-0.01770420,-9878.7574,557989.4742,OK,0.0000,395.1503,4.0000,96.0000,AG03-UNRESOLVED,ALL5_LEVELS_bet23_to_bet27,395.1503,395.1503,395.1503,0.0000,0.0000,4.000000,4.000000,4.000000,0.000000,0.000000,96.000000,96.000000,96.000000,100.000000,100.000000,5.0,1185.4509,1138.6651,8693.3065,8740.0923,PENDING_AG03,FALSE,NOT_FOR_ENFORCEMENT,9483.6071,484680.3568,9878.7574,9483.6071,395.1503,0.01770420,0.01699603,395.1503,9483.6071,0.01699603,395.1503,395.1503,395.1503,0.0000,0.0000,9483.6071,0.01699603,1185.4509,1138.6651,8693.3065,8740.0923,0.01557970,0.01566354,0.00070817,22.4534,20.6030,0.4031,82.3230,2.6463,4649.9123,204.2083,25.9152,21.1137,12.8578,14.5296,26.176,48.8436,54.2173,102.8621,13.088,0.0,3.731508,7.079487,1.545355,30,207,63,6,0.32204186,0.01770420,-0.00338982,0E-8,0.000000,0.904812,0.002133,0.03111404,2026-03-21,2026-08-06,120,3733,1703,139,0.863309,1.227414,1.154177,1.073473,,,,,,,,GLOBAL_BASELINE_NO_ENTITY_RANKING,,,NOT_APPLICABLE_GLOBAL_BASELINE,HF9g-P5,,,,X 全窗基线 · 不参与实体赏罚,15053226,1506,A168_HF9F_20260827_0900,2026-08-27 09:00:00
2026-06-21,127529701,2248,0,295.9858050247,62.3215984778,62.3215984778,0.4285714,7,7,0.50282064285714286,0.502820642857,-0.39289616391791987,-0.3928961639171632,-0.39289616391791987,1.4286E-13,ELIGIBLE,R03b_20260811_FULL_v1,L1_ELIGIBILITY,v2026-08-11,2026-03-21..2026-08-06,baccarat_bet02_101_all_pairs_incl_sentinel,round_win = game_pnl > 0 (decisive only),COMPATIBILITY_ONLY_NOT_PRODUCTION,557989.4742,504875.3716,9878.7574,24851,24505,-0.01770420,0.00338982,-0.02772422,-0.01770420,-9878.7574,557989.4742,OK,0.0000,395.1503,4.0000,96.0000,AG03-UNRESOLVED,ALL5_LEVELS_bet23_to_bet27,395.1503,395.1503,395.1503,0.0000,0.0000,4.000000,4.000000,4.000000,0.000000,0.000000,96.000000,96.000000,96.000000,100.000000,100.000000,5.0,1185.4509,1138.6651,8693.3065,8740.0923,PENDING_AG03,FALSE,NOT_FOR_ENFORCEMENT,9483.6071,484680.3568,9878.7574,9483.6071,395.1503,0.01770420,0.01699603,395.1503,9483.6071,0.01699603,395.1503,395.1503,395.1503,0.0000,0.0000,9483.6071,0.01699603,1185.4509,1138.6651,8693.3065,8740.0923,0.01557970,0.01566354,0.00070817,22.4534,20.6030,0.4031,82.3230,2.6463,4649.9123,204.2083,25.9152,21.1137,12.8578,14.5296,26.176,48.8436,54.2173,102.8621,13.088,0.0,3.731508,7.079487,1.545355,30,207,63,6,0.32204186,0.01770420,-0.00338982,0E-8,0.000000,0.904812,0.002133,0.03111404,2026-03-21,2026-08-06,120,3733,1703,139,0.863309,1.227414,1.154177,1.073473,,,,,,,,GLOBAL_BASELINE_NO_ENTITY_RANKING,,,NOT_APPLICABLE_GLOBAL_BASELINE,HF9g-P5,,,,X 全窗基线 · 不参与实体赏罚,15053227,1506,A168_HF9F_20260827_0900,2026-08-27 09:00:00
2026-06-21,127529701,2251,0,102.8621390181,-51.4310695090,-51.4310695090,0E-7,3,3,0.49771390000000000,0.497713900000,-1.4077622098436522,-1.4077622098436524,-1.4077622098436522,0E-17,ELIGIBLE,R03b_20260811_FULL_v1,L1_ELIGIBILITY,v2026-08-11,2026-03-21..2026-08-06,baccarat_bet02_101_all_pairs_incl_sentinel,round_win = game_pnl > 0 (decisive only),COMPATIBILITY_ONLY_NOT_PRODUCTION,557989.4742,504875.3716,9878.7574,24851,24505,-0.01770420,0.00338982,-0.02772422,-0.01770420,-9878.7574,557989.4742,OK,0.0000,395.1503,4.0000,96.0000,AG03-UNRESOLVED,ALL5_LEVELS_bet23_to_bet27,395.1503,395.1503,395.1503,0.0000,0.0000,4.000000,4.000000,4.000000,0.000000,0.000000,96.000000,96.000000,96.000000,100.000000,100.000000,5.0,1185.4509,1138.6651,8693.3065,8740.0923,PENDING_AG03,FALSE,NOT_FOR_ENFORCEMENT,9483.6071,484680.3568,9878.7574,9483.6071,395.1503,0.01770420,0.01699603,395.1503,9483.6071,0.01699603,395.1503,395.1503,395.1503,0.0000,0.0000,9483.6071,0.01699603,1185.4509,1138.6651,8693.3065,8740.0923,0.01557970,0.01566354,0.00070817,22.4534,20.6030,0.4031,82.3230,2.6463,4649.9123,204.2083,25.9152,21.1137,12.8578,14.5296,26.176,48.8436,54.2173,102.8621,13.088,0.0,3.731508,7.079487,1.545355,30,207,63,6,0.32204186,0.01770420,-0.00338982,0E-8,0.000000,0.904812,0.002133,0.03111404,2026-03-21,2026-08-06,120,3733,1703,139,0.863309,1.227414,1.154177,1.073473,,,,,,,,GLOBAL_BASELINE_NO_ENTITY_RANKING,,,NOT_APPLICABLE_GLOBAL_BASELINE,HF9g-P5,,,,X 全窗基线 · 不参与实体赏罚,15053228,1506,A168_HF9F_20260827_0900,2026-08-27 09:00:00
2026-06-21,127529701,2258,0,54.0026229845,14.6578548101,14.6578548101,1.0000000,2,2,0.49994810000000000,0.499948100000,1.0001038053877793,1.0001038053877793,1.0001038053877793,0E-17,ELIGIBLE,R03b_20260811_FULL_v1,L1_ELIGIBILITY,v2026-08-11,2026-03-21..2026-08-06,baccarat_bet02_101_all_pairs_incl_sentinel,round_win = game_pnl > 0 (decisive only),COMPATIBILITY_ONLY_NOT_PRODUCTION,557989.4742,504875.3716,9878.7574,24851,24505,-0.01770420,0.00338982,-0.02772422,-0.01770420,-9878.7574,557989.4742,OK,0.0000,395.1503,4.0000,96.0000,AG03-UNRESOLVED,ALL5_LEVELS_bet23_to_bet27,395.1503,395.1503,395.1503,0.0000,0.0000,4.000000,4.000000,4.000000,0.000000,0.000000,96.000000,96.000000,96.000000,100.000000,100.000000,5.0,1185.4509,1138.6651,8693.3065,8740.0923,PENDING_AG03,FALSE,NOT_FOR_ENFORCEMENT,9483.6071,484680.3568,9878.7574,9483.6071,395.1503,0.01770420,0.01699603,395.1503,9483.6071,0.01699603,395.1503,395.1503,395.1503,0.0000,0.0000,9483.6071,0.01699603,1185.4509,1138.6651,8693.3065,8740.0923,0.01557970,0.01566354,0.00070817,22.4534,20.6030,0.4031,82.3230,2.6463,4649.9123,204.2083,25.9152,21.1137,12.8578,14.5296,26.176,48.8436,54.2173,102.8621,13.088,0.0,3.731508,7.079487,1.545355,30,207,63,6,0.32204186,0.01770420,-0.00338982,0E-8,0.000000,0.904812,0.002133,0.03111404,2026-03-21,2026-08-06,120,3733,1703,139,0.863309,1.227414,1.154177,1.073473,,,,,,,,GLOBAL_BASELINE_NO_ENTITY_RANKING,,,NOT_APPLICABLE_GLOBAL_BASELINE,HF9g-P5,,,,X 全窗基线 · 不参与实体赏罚,15053229,1506,A168_HF9F_20260827_0900,2026-08-27 09:00:00
2026-06-21,127529701,919,0,51.4310695091,-51.4310695091,-51.4310695091,0E-7,1,1,0.50665070000000000,0.506650700000,-1.013391052207602,-1.013391052207602,-1.013391052207602,0E-17,ELIGIBLE,R03b_20260811_FULL_v1,L1_ELIGIBILITY,v2026-08-11,2026-03-21..2026-08-06,baccarat_bet02_101_all_pairs_incl_sentinel,round_win = game_pnl > 0 (decisive only),COMPATIBILITY_ONLY_NOT_PRODUCTION,557989.4742,504875.3716,9878.7574,24851,24505,-0.01770420,0.00338982,-0.02772422,-0.01770420,-9878.7574,557989.4742,OK,0.0000,395.1503,4.0000,96.0000,AG03-UNRESOLVED,ALL5_LEVELS_bet23_to_bet27,395.1503,395.1503,395.1503,0.0000,0.0000,4.000000,4.000000,4.000000,0.000000,0.000000,96.000000,96.000000,96.000000,100.000000,100.000000,5.0,1185.4509,1138.6651,8693.3065,8740.0923,PENDING_AG03,FALSE,NOT_FOR_ENFORCEMENT,9483.6071,484680.3568,9878.7574,9483.6071,395.1503,0.01770420,0.01699603,395.1503,9483.6071,0.01699603,395.1503,395.1503,395.1503,0.0000,0.0000,9483.6071,0.01699603,1185.4509,1138.6651,8693.3065,8740.0923,0.01557970,0.01566354,0.00070817,22.4534,20.6030,0.4031,82.3230,2.6463,4649.9123,204.2083,25.9152,21.1137,12.8578,14.5296,26.176,48.8436,54.2173,102.8621,13.088,0.0,3.731508,7.079487,1.545355,30,207,63,6,0.32204186,0.01770420,-0.00338982,0E-8,0.000000,0.904812,0.002133,0.03111404,2026-03-21,2026-08-06,120,3733,1703,139,0.863309,1.227414,1.154177,1.073473,,,,,,,,GLOBAL_BASELINE_NO_ENTITY_RANKING,,,NOT_APPLICABLE_GLOBAL_BASELINE,HF9g-P5,,,,X 全窗基线 · 不参与实体赏罚,15053230,1506,A168_HF9F_20260827_0900,2026-08-27 09:00:00
2026-06-21,127529701,986,0,540.0262298455,-231.4398127910,-231.4398127910,0.1250000,9,9,0.50218230000000000,0.502182300000,-2.13368561975595,-2.13368561975595,-2.13368561975595,0E-17,ELIGIBLE,R03b_20260811_FULL_v1,L1_ELIGIBILITY,v2026-08-11,2026-03-21..2026-08-06,baccarat_bet02_101_all_pairs_incl_sentinel,round_win = game_pnl > 0 (decisive only),COMPATIBILITY_ONLY_NOT_PRODUCTION,557989.4742,504875.3716,9878.7574,24851,24505,-0.01770420,0.00338982,-0.02772422,-0.01770420,-9878.7574,557989.4742,OK,0.0000,395.1503,4.0000,96.0000,AG03-UNRESOLVED,ALL5_LEVELS_bet23_to_bet27,395.1503,395.1503,395.1503,0.0000,0.0000,4.000000,4.000000,4.000000,0.000000,0.000000,96.000000,96.000000,96.000000,100.000000,100.000000,5.0,1185.4509,1138.6651,8693.3065,8740.0923,PENDING_AG03,FALSE,NOT_FOR_ENFORCEMENT,9483.6071,484680.3568,9878.7574,9483.6071,395.1503,0.01770420,0.01699603,395.1503,9483.6071,0.01699603,395.1503,395.1503,395.1503,0.0000,0.0000,9483.6071,0.01699603,1185.4509,1138.6651,8693.3065,8740.0923,0.01557970,0.01566354,0.00070817,22.4534,20.6030,0.4031,82.3230,2.6463,4649.9123,204.2083,25.9152,21.1137,12.8578,14.5296,26.176,48.8436,54.2173,102.8621,13.088,0.0,3.731508,7.079487,1.545355,30,207,63,6,0.32204186,0.01770420,-0.00338982,0E-8,0.000000,0.904812,0.002133,0.03111404,2026-03-21,2026-08-06,120,3733,1703,139,0.863309,1.227414,1.154177,1.073473,,,,,,,,GLOBAL_BASELINE_NO_ENTITY_RANKING,,,NOT_APPLICABLE_GLOBAL_BASELINE,HF9g-P5,,,,X 全窗基线 · 不参与实体赏罚,15053231,1506,A168_HF9F_20260827_0900,2026-08-27 09:00:00
2026-06-22,127529701,-1,1,38.5733021318,-38.5733021318,-38.5733021318,0E-7,2,2,0.49994810000000000,0.499948100000,-1.4140667746232096,-1.4140667746232096,-1.4140667746232096,0E-17,SENTINEL_DEALER,R03b_20260811_FULL_v1,L1_ELIGIBILITY,v2026-08-11,2026-03-21..2026-08-06,baccarat_bet02_101_all_pairs_incl_sentinel,round_win = game_pnl > 0 (decisive only),COMPATIBILITY_ONLY_NOT_PRODUCTION,557989.4742,504875.3716,9878.7574,24851,24505,-0.01770420,0.00338982,-0.02772422,-0.01770420,-9878.7574,557989.4742,OK,0.0000,395.1503,4.0000,96.0000,AG03-UNRESOLVED,ALL5_LEVELS_bet23_to_bet27,395.1503,395.1503,395.1503,0.0000,0.0000,4.000000,4.000000,4.000000,0.000000,0.000000,96.000000,96.000000,96.000000,100.000000,100.000000,5.0,1185.4509,1138.6651,8693.3065,8740.0923,PENDING_AG03,FALSE,NOT_FOR_ENFORCEMENT,9483.6071,484680.3568,9878.7574,9483.6071,395.1503,0.01770420,0.01699603,395.1503,9483.6071,0.01699603,395.1503,395.1503,395.1503,0.0000,0.0000,9483.6071,0.01699603,1185.4509,1138.6651,8693.3065,8740.0923,0.01557970,0.01566354,0.00070817,22.4534,20.6030,0.4031,82.3230,2.6463,4649.9123,204.2083,25.9152,21.1137,12.8578,14.5296,26.176,48.8436,54.2173,102.8621,13.088,0.0,3.731508,7.079487,1.545355,30,207,63,6,0.32204186,0.01770420,-0.00338982,0E-8,0.000000,0.904812,0.002133,0.03111404,2026-03-21,2026-08-06,120,3733,1703,139,0.863309,1.227414,1.154177,1.073473,,,,,,,,GLOBAL_BASELINE_NO_ENTITY_RANKING,,,NOT_APPLICABLE_GLOBAL_BASELINE,HF9g-P5,,,,X 全窗基线 · 不参与实体赏罚,15053232,1506,A168_HF9F_20260827_0900,2026-08-27 09:00:00
2026-06-22,127529701,1307,0,25.7155347545,-25.7155347545,-25.7155347545,0E-7,1,1,0.49324550000000000,0.493245500000,-0.9865810262130424,-0.9865810262130424,-0.9865810262130424,0E-17,ELIGIBLE,R03b_20260811_FULL_v1,L1_ELIGIBILITY,v2026-08-11,2026-03-21..2026-08-06,baccarat_bet02_101_all_pairs_incl_sentinel,round_win = game_pnl > 0 (decisive only),COMPATIBILITY_ONLY_NOT_PRODUCTION,557989.4742,504875.3716,9878.7574,24851,24505,-0.01770420,0.00338982,-0.02772422,-0.01770420,-9878.7574,557989.4742,OK,0.0000,395.1503,4.0000,96.0000,AG03-UNRESOLVED,ALL5_LEVELS_bet23_to_bet27,395.1503,395.1503,395.1503,0.0000,0.0000,4.000000,4.000000,4.000000,0.000000,0.000000,96.000000,96.000000,96.000000,100.000000,100.000000,5.0,1185.4509,1138.6651,8693.3065,8740.0923,PENDING_AG03,FALSE,NOT_FOR_ENFORCEMENT,9483.6071,484680.3568,9878.7574,9483.6071,395.1503,0.01770420,0.01699603,395.1503,9483.6071,0.01699603,395.1503,395.1503,395.1503,0.0000,0.0000,9483.6071,0.01699603,1185.4509,1138.6651,8693.3065,8740.0923,0.01557970,0.01566354,0.00070817,22.4534,20.6030,0.4031,82.3230,2.6463,4649.9123,204.2083,25.9152,21.1137,12.8578,14.5296,26.176,48.8436,54.2173,102.8621,13.088,0.0,3.731508,7.079487,1.545355,30,207,63,6,0.32204186,0.01770420,-0.00338982,0E-8,0.000000,0.904812,0.002133,0.03111404,2026-03-21,2026-08-06,120,3733,1703,139,0.863309,1.227414,1.154177,1.073473,,,,,,,,GLOBAL_BASELINE_NO_ENTITY_RANKING,,,NOT_APPLICABLE_GLOBAL_BASELINE,HF9g-P5,,,,X 全窗基线 · 不参与实体赏罚,15053233,1506,A168_HF9F_20260827_0900,2026-08-27 09:00:00
2026-06-22,127529701,1325,0,12.8577673773,-12.8577673773,-12.8577673773,0E-7,1,1,0.49324550000000000,0.493245500000,-0.9865810262130424,-0.9865810262130424,-0.9865810262130424,0E-17,ELIGIBLE,R03b_20260811_FULL_v1,L1_ELIGIBILITY,v2026-08-11,2026-03-21..2026-08-06,baccarat_bet02_101_all_pairs_incl_sentinel,round_win = game_pnl > 0 (decisive only),COMPATIBILITY_ONLY_NOT_PRODUCTION,557989.4742,504875.3716,9878.7574,24851,24505,-0.01770420,0.00338982,-0.02772422,-0.01770420,-9878.7574,557989.4742,OK,0.0000,395.1503,4.0000,96.0000,AG03-UNRESOLVED,ALL5_LEVELS_bet23_to_bet27,395.1503,395.1503,395.1503,0.0000,0.0000,4.000000,4.000000,4.000000,0.000000,0.000000,96.000000,96.000000,96.000000,100.000000,100.000000,5.0,1185.4509,1138.6651,8693.3065,8740.0923,PENDING_AG03,FALSE,NOT_FOR_ENFORCEMENT,9483.6071,484680.3568,9878.7574,9483.6071,395.1503,0.01770420,0.01699603,395.1503,9483.6071,0.01699603,395.1503,395.1503,395.1503,0.0000,0.0000,9483.6071,0.01699603,1185.4509,1138.6651,8693.3065,8740.0923,0.01557970,0.01566354,0.00070817,22.4534,20.6030,0.4031,82.3230,2.6463,4649.9123,204.2083,25.9152,21.1137,12.8578,14.5296,26.176,48.8436,54.2173,102.8621,13.088,0.0,3.731508,7.079487,1.545355,30,207,63,6,0.32204186,0.01770420,-0.00338982,0E-8,0.000000,0.904812,0.002133,0.03111404,2026-03-21,2026-08-06,120,3733,1703,139,0.863309,1.227414,1.154177,1.073473,,,,,,,,GLOBAL_BASELINE_NO_ENTITY_RANKING,,,NOT_APPLICABLE_GLOBAL_BASELINE,HF9g-P5,,,,X 全窗基线 · 不参与实体赏罚,15053234,1506,A168_HF9F_20260827_0900,2026-08-27 09:00:00
2026-06-22,127529701,1401,0,194.9237534393,-0.4757373930,-0.4757373930,0.6666667,10,9,0.48692126666666667,0.479290750000,1.078841541891351,1.1252210682343562,1.078841541891351,0.00763051666666667,ELIGIBLE,R03b_20260811_FULL_v1,L1_ELIGIBILITY,v2026-08-11,2026-03-21..2026-08-06,baccarat_bet02_101_all_pairs_incl_sentinel,round_win = game_pnl > 0 (decisive only),COMPATIBILITY_ONLY_NOT_PRODUCTION,557989.4742,504875.3716,9878.7574,24851,24505,-0.01770420,0.00338982,-0.02772422,-0.01770420,-9878.7574,557989.4742,OK,0.0000,395.1503,4.0000,96.0000,AG03-UNRESOLVED,ALL5_LEVELS_bet23_to_bet27,395.1503,395.1503,395.1503,0.0000,0.0000,4.000000,4.000000,4.000000,0.000000,0.000000,96.000000,96.000000,96.000000,100.000000,100.000000,5.0,1185.4509,1138.6651,8693.3065,8740.0923,PENDING_AG03,FALSE,NOT_FOR_ENFORCEMENT,9483.6071,484680.3568,9878.7574,9483.6071,395.1503,0.01770420,0.01699603,395.1503,9483.6071,0.01699603,395.1503,395.1503,395.1503,0.0000,0.0000,9483.6071,0.01699603,1185.4509,1138.6651,8693.3065,8740.0923,0.01557970,0.01566354,0.00070817,22.4534,20.6030,0.4031,82.3230,2.6463,4649.9123,204.2083,25.9152,21.1137,12.8578,14.5296,26.176,48.8436,54.2173,102.8621,13.088,0.0,3.731508,7.079487,1.545355,30,207,63,6,0.32204186,0.01770420,-0.00338982,0E-8,0.000000,0.904812,0.002133,0.03111404,2026-03-21,2026-08-06,120,3733,1703,139,0.863309,1.227414,1.154177,1.073473,,,,,,,,GLOBAL_BASELINE_NO_ENTITY_RANKING,,,NOT_APPLICABLE_GLOBAL_BASELINE,HF9g-P5,,,,X 全窗基线 · 不参与实体赏罚,15053235,1506,A168_HF9F_20260827_0900,2026-08-27 09:00:00
2026-06-22,127529701,2169,0,231.4398127909,-51.4310695091,-51.4310695091,0.4000000,5,5,0.49860758000000000,0.498607580000,-0.440988213962219,-0.440988213962219,-0.440988213962219,0E-17,ELIGIBLE,R03b_20260811_FULL_v1,L1_ELIGIBILITY,v2026-08-11,2026-03-21..2026-08-06,baccarat_bet02_101_all_pairs_incl_sentinel,round_win = game_pnl > 0 (decisive only),COMPATIBILITY_ONLY_NOT_PRODUCTION,557989.4742,504875.3716,9878.7574,24851,24505,-0.01770420,0.00338982,-0.02772422,-0.01770420,-9878.7574,557989.4742,OK,0.0000,395.1503,4.0000,96.0000,AG03-UNRESOLVED,ALL5_LEVELS_bet23_to_bet27,395.1503,395.1503,395.1503,0.0000,0.0000,4.000000,4.000000,4.000000,0.000000,0.000000,96.000000,96.000000,96.000000,100.000000,100.000000,5.0,1185.4509,1138.6651,8693.3065,8740.0923,PENDING_AG03,FALSE,NOT_FOR_ENFORCEMENT,9483.6071,484680.3568,9878.7574,9483.6071,395.1503,0.01770420,0.01699603,395.1503,9483.6071,0.01699603,395.1503,395.1503,395.1503,0.0000,0.0000,9483.6071,0.01699603,1185.4509,1138.6651,8693.3065,8740.0923,0.01557970,0.01566354,0.00070817,22.4534,20.6030,0.4031,82.3230,2.6463,4649.9123,204.2083,25.9152,21.1137,12.8578,14.5296,26.176,48.8436,54.2173,102.8621,13.088,0.0,3.731508,7.079487,1.545355,30,207,63,6,0.32204186,0.01770420,-0.00338982,0E-8,0.000000,0.904812,0.002133,0.03111404,2026-03-21,2026-08-06,120,3733,1703,139,0.863309,1.227414,1.154177,1.073473,,,,,,,,GLOBAL_BASELINE_NO_ENTITY_RANKING,,,NOT_APPLICABLE_GLOBAL_BASELINE,HF9g-P5,,,,X 全窗基线 · 不参与实体赏罚,15053236,1506,A168_HF9F_20260827_0900,2026-08-27 09:00:00
2026-06-22,127529701,2271,0,77.1466042636,-77.1466042636,-77.1466042636,0E-7,2,2,0.49994810000000000,0.499948100000,-1.4140667746232096,-1.4140667746232096,-1.4140667746232096,0E-17,ELIGIBLE,R03b_20260811_FULL_v1,L1_ELIGIBILITY,v2026-08-11,2026-03-21..2026-08-06,baccarat_bet02_101_all_pairs_incl_sentinel,round_win = game_pnl > 0 (decisive only),COMPATIBILITY_ONLY_NOT_PRODUCTION,557989.4742,504875.3716,9878.7574,24851,24505,-0.01770420,0.00338982,-0.02772422,-0.01770420,-9878.7574,557989.4742,OK,0.0000,395.1503,4.0000,96.0000,AG03-UNRESOLVED,ALL5_LEVELS_bet23_to_bet27,395.1503,395.1503,395.1503,0.0000,0.0000,4.000000,4.000000,4.000000,0.000000,0.000000,96.000000,96.000000,96.000000,100.000000,100.000000,5.0,1185.4509,1138.6651,8693.3065,8740.0923,PENDING_AG03,FALSE,NOT_FOR_ENFORCEMENT,9483.6071,484680.3568,9878.7574,9483.6071,395.1503,0.01770420,0.01699603,395.1503,9483.6071,0.01699603,395.1503,395.1503,395.1503,0.0000,0.0000,9483.6071,0.01699603,1185.4509,1138.6651,8693.3065,8740.0923,0.01557970,0.01566354,0.00070817,22.4534,20.6030,0.4031,82.3230,2.6463,4649.9123,204.2083,25.9152,21.1137,12.8578,14.5296,26.176,48.8436,54.2173,102.8621,13.088,0.0,3.731508,7.079487,1.545355,30,207,63,6,0.32204186,0.01770420,-0.00338982,0E-8,0.000000,0.904812,0.002133,0.03111404,2026-03-21,2026-08-06,120,3733,1703,139,0.863309,1.227414,1.154177,1.073473,,,,,,,,GLOBAL_BASELINE_NO_ENTITY_RANKING,,,NOT_APPLICABLE_GLOBAL_BASELINE,HF9g-P5,,,,X 全窗基线 · 不参与实体赏罚,15053237,1506,A168_HF9F_20260827_0900,2026-08-27 09:00:00
2026-06-23,127529701,-1,1,2706.0457222206,-144.8170339704,-144.8170339704,0.5232558,96,96,0.49467847187500000,0.494678471875,0.5300607581750244,0.5300607581750244,0.5300607581750244,0E-17,SENTINEL_DEALER,R03b_20260811_FULL_v1,L1_ELIGIBILITY,v2026-08-11,2026-03-21..2026-08-06,baccarat_bet02_101_all_pairs_incl_sentinel,round_win = game_pnl > 0 (decisive only),COMPATIBILITY_ONLY_NOT_PRODUCTION,557989.4742,504875.3716,9878.7574,24851,24505,-0.01770420,0.00338982,-0.02772422,-0.01770420,-9878.7574,557989.4742,OK,0.0000,395.1503,4.0000,96.0000,AG03-UNRESOLVED,ALL5_LEVELS_bet23_to_bet27,395.1503,395.1503,395.1503,0.0000,0.0000,4.000000,4.000000,4.000000,0.000000,0.000000,96.000000,96.000000,96.000000,100.000000,100.000000,5.0,1185.4509,1138.6651,8693.3065,8740.0923,PENDING_AG03,FALSE,NOT_FOR_ENFORCEMENT,9483.6071,484680.3568,9878.7574,9483.6071,395.1503,0.01770420,0.01699603,395.1503,9483.6071,0.01699603,395.1503,395.1503,395.1503,0.0000,0.0000,9483.6071,0.01699603,1185.4509,1138.6651,8693.3065,8740.0923,0.01557970,0.01566354,0.00070817,22.4534,20.6030,0.4031,82.3230,2.6463,4649.9123,204.2083,25.9152,21.1137,12.8578,14.5296,26.176,48.8436,54.2173,102.8621,13.088,0.0,3.731508,7.079487,1.545355,30,207,63,6,0.32204186,0.01770420,-0.00338982,0E-8,0.000000,0.904812,0.002133,0.03111404,2026-03-21,2026-08-06,120,3733,1703,139,0.863309,1.227414,1.154177,1.073473,,,,,,,,GLOBAL_BASELINE_NO_ENTITY_RANKING,,,NOT_APPLICABLE_GLOBAL_BASELINE,HF9g-P5,,,,X 全窗基线 · 不参与实体赏罚,15053238,1506,A168_HF9F_20260827_0900,2026-08-27 09:00:00
2026-06-23,127529701,1004,0,115.7199063954,111.2196878133,111.2196878133,1.0000000,3,3,0.50218230000000000,0.502182300000,1.724507524396475,1.7245075243964754,1.724507524396475,0E-17,ELIGIBLE,R03b_20260811_FULL_v1,L1_ELIGIBILITY,v2026-08-11,2026-03-21..2026-08-06,baccarat_bet02_101_all_pairs_incl_sentinel,round_win = game_pnl > 0 (decisive only),COMPATIBILITY_ONLY_NOT_PRODUCTION,557989.4742,504875.3716,9878.7574,24851,24505,-0.01770420,0.00338982,-0.02772422,-0.01770420,-9878.7574,557989.4742,OK,0.0000,395.1503,4.0000,96.0000,AG03-UNRESOLVED,ALL5_LEVELS_bet23_to_bet27,395.1503,395.1503,395.1503,0.0000,0.0000,4.000000,4.000000,4.000000,0.000000,0.000000,96.000000,96.000000,96.000000,100.000000,100.000000,5.0,1185.4509,1138.6651,8693.3065,8740.0923,PENDING_AG03,FALSE,NOT_FOR_ENFORCEMENT,9483.6071,484680.3568,9878.7574,9483.6071,395.1503,0.01770420,0.01699603,395.1503,9483.6071,0.01699603,395.1503,395.1503,395.1503,0.0000,0.0000,9483.6071,0.01699603,1185.4509,1138.6651,8693.3065,8740.0923,0.01557970,0.01566354,0.00070817,22.4534,20.6030,0.4031,82.3230,2.6463,4649.9123,204.2083,25.9152,21.1137,12.8578,14.5296,26.176,48.8436,54.2173,102.8621,13.088,0.0,3.731508,7.079487,1.545355,30,207,63,6,0.32204186,0.01770420,-0.00338982,0E-8,0.000000,0.904812,0.002133,0.03111404,2026-03-21,2026-08-06,120,3733,1703,139,0.863309,1.227414,1.154177,1.073473,,,,,,,,GLOBAL_BASELINE_NO_ENTITY_RANKING,,,NOT_APPLICABLE_GLOBAL_BASELINE,HF9g-P5,,,,X 全窗基线 · 不参与实体赏罚,15053239,1506,A168_HF9F_20260827_0900,2026-08-27 09:00:00
2026-06-23,127529701,1094,0,50.1452927713,1.2857767377,1.2857767377,0.3333333,3,3,0.49771390000000000,0.497713900000,-0.5694369385616226,-0.5694369385616226,-0.5694369385616226,0E-17,ELIGIBLE,R03b_20260811_FULL_v1,L1_ELIGIBILITY,v2026-08-11,2026-03-21..2026-08-06,baccarat_bet02_101_all_pairs_incl_sentinel,round_win = game_pnl > 0 (decisive only),COMPATIBILITY_ONLY_NOT_PRODUCTION,557989.4742,504875.3716,9878.7574,24851,24505,-0.01770420,0.00338982,-0.02772422,-0.01770420,-9878.7574,557989.4742,OK,0.0000,395.1503,4.0000,96.0000,AG03-UNRESOLVED,ALL5_LEVELS_bet23_to_bet27,395.1503,395.1503,395.1503,0.0000,0.0000,4.000000,4.000000,4.000000,0.000000,0.000000,96.000000,96.000000,96.000000,100.000000,100.000000,5.0,1185.4509,1138.6651,8693.3065,8740.0923,PENDING_AG03,FALSE,NOT_FOR_ENFORCEMENT,9483.6071,484680.3568,9878.7574,9483.6071,395.1503,0.01770420,0.01699603,395.1503,9483.6071,0.01699603,395.1503,395.1503,395.1503,0.0000,0.0000,9483.6071,0.01699603,1185.4509,1138.6651,8693.3065,8740.0923,0.01557970,0.01566354,0.00070817,22.4534,20.6030,0.4031,82.3230,2.6463,4649.9123,204.2083,25.9152,21.1137,12.8578,14.5296,26.176,48.8436,54.2173,102.8621,13.088,0.0,3.731508,7.079487,1.545355,30,207,63,6,0.32204186,0.01770420,-0.00338982,0E-8,0.000000,0.904812,0.002133,0.03111404,2026-03-21,2026-08-06,120,3733,1703,139,0.863309,1.227414,1.154177,1.073473,,,,,,,,GLOBAL_BASELINE_NO_ENTITY_RANKING,,,NOT_APPLICABLE_GLOBAL_BASELINE,HF9g-P5,,,,X 全窗基线 · 不参与实体赏罚,15053240,1506,A168_HF9F_20260827_0900,2026-08-27 09:00:00
2026-06-23,127529701,1115,0,39.3447681744,-12.7677630056,-12.7677630056,0.5000000,2,2,0.49994810000000000,0.499948100000,0.00014679536856514622,0.00014679536856514622,0.00014679536856514622,0E-17,ELIGIBLE,R03b_20260811_FULL_v1,L1_ELIGIBILITY,v2026-08-11,2026-03-21..2026-08-06,baccarat_bet02_101_all_pairs_incl_sentinel,round_win = game_pnl > 0 (decisive only),COMPATIBILITY_ONLY_NOT_PRODUCTION,557989.4742,504875.3716,9878.7574,24851,24505,-0.01770420,0.00338982,-0.02772422,-0.01770420,-9878.7574,557989.4742,OK,0.0000,395.1503,4.0000,96.0000,AG03-UNRESOLVED,ALL5_LEVELS_bet23_to_bet27,395.1503,395.1503,395.1503,0.0000,0.0000,4.000000,4.000000,4.000000,0.000000,0.000000,96.000000,96.000000,96.000000,100.000000,100.000000,5.0,1185.4509,1138.6651,8693.3065,8740.0923,PENDING_AG03,FALSE,NOT_FOR_ENFORCEMENT,9483.6071,484680.3568,9878.7574,9483.6071,395.1503,0.01770420,0.01699603,395.1503,9483.6071,0.01699603,395.1503,395.1503,395.1503,0.0000,0.0000,9483.6071,0.01699603,1185.4509,1138.6651,8693.3065,8740.0923,0.01557970,0.01566354,0.00070817,22.4534,20.6030,0.4031,82.3230,2.6463,4649.9123,204.2083,25.9152,21.1137,12.8578,14.5296,26.176,48.8436,54.2173,102.8621,13.088,0.0,3.731508,7.079487,1.545355,30,207,63,6,0.32204186,0.01770420,-0.00338982,0E-8,0.000000,0.904812,0.002133,0.03111404,2026-03-21,2026-08-06,120,3733,1703,139,0.863309,1.227414,1.154177,1.073473,,,,,,,,GLOBAL_BASELINE_NO_ENTITY_RANKING,,,NOT_APPLICABLE_GLOBAL_BASELINE,HF9g-P5,,,,X 全窗基线 · 不参与实体赏罚,15053241,1506,A168_HF9F_20260827_0900,2026-08-27 09:00:00
2026-06-23,127529701,1157,0,56.5741764600,54.0026229845,54.0026229845,1.0000000,2,2,0.49994810000000000,0.499948100000,1.4143603653603398,1.4143603653603398,1.4143603653603398,0E-17,ELIGIBLE,R03b_20260811_FULL_v1,L1_ELIGIBILITY,v2026-08-11,2026-03-21..2026-08-06,baccarat_bet02_101_all_pairs_incl_sentinel,round_win = game_pnl > 0 (decisive only),COMPATIBILITY_ONLY_NOT_PRODUCTION,557989.4742,504875.3716,9878.7574,24851,24505,-0.01770420,0.00338982,-0.02772422,-0.01770420,-9878.7574,557989.4742,OK,0.0000,395.1503,4.0000,96.0000,AG03-UNRESOLVED,ALL5_LEVELS_bet23_to_bet27,395.1503,395.1503,395.1503,0.0000,0.0000,4.000000,4.000000,4.000000,0.000000,0.000000,96.000000,96.000000,96.000000,100.000000,100.000000,5.0,1185.4509,1138.6651,8693.3065,8740.0923,PENDING_AG03,FALSE,NOT_FOR_ENFORCEMENT,9483.6071,484680.3568,9878.7574,9483.6071,395.1503,0.01770420,0.01699603,395.1503,9483.6071,0.01699603,395.1503,395.1503,395.1503,0.0000,0.0000,9483.6071,0.01699603,1185.4509,1138.6651,8693.3065,8740.0923,0.01557970,0.01566354,0.00070817,22.4534,20.6030,0.4031,82.3230,2.6463,4649.9123,204.2083,25.9152,21.1137,12.8578,14.5296,26.176,48.8436,54.2173,102.8621,13.088,0.0,3.731508,7.079487,1.545355,30,207,63,6,0.32204186,0.01770420,-0.00338982,0E-8,0.000000,0.904812,0.002133,0.03111404,2026-03-21,2026-08-06,120,3733,1703,139,0.863309,1.227414,1.154177,1.073473,,,,,,,,GLOBAL_BASELINE_NO_ENTITY_RANKING,,,NOT_APPLICABLE_GLOBAL_BASELINE,HF9g-P5,,,,X 全窗基线 · 不参与实体赏罚,15053242,1506,A168_HF9F_20260827_0900,2026-08-27 09:00:00
2026-06-23,127529701,1221,0,66.8603903618,64.8031475815,64.8031475815,1.0000000,4,4,0.49994810000000000,0.499948100000,2.0002076107755586,2.0002076107755586,2.0002076107755586,0E-17,ELIGIBLE,R03b_20260811_FULL_v1,L1_ELIGIBILITY,v2026-08-11,2026-03-21..2026-08-06,baccarat_bet02_101_all_pairs_incl_sentinel,round_win = game_pnl > 0 (decisive only),COMPATIBILITY_ONLY_NOT_PRODUCTION,557989.4742,504875.3716,9878.7574,24851,24505,-0.01770420,0.00338982,-0.02772422,-0.01770420,-9878.7574,557989.4742,OK,0.0000,395.1503,4.0000,96.0000,AG03-UNRESOLVED,ALL5_LEVELS_bet23_to_bet27,395.1503,395.1503,395.1503,0.0000,0.0000,4.000000,4.000000,4.000000,0.000000,0.000000,96.000000,96.000000,96.000000,100.000000,100.000000,5.0,1185.4509,1138.6651,8693.3065,8740.0923,PENDING_AG03,FALSE,NOT_FOR_ENFORCEMENT,9483.6071,484680.3568,9878.7574,9483.6071,395.1503,0.01770420,0.01699603,395.1503,9483.6071,0.01699603,395.1503,395.1503,395.1503,0.0000,0.0000,9483.6071,0.01699603,1185.4509,1138.6651,8693.3065,8740.0923,0.01557970,0.01566354,0.00070817,22.4534,20.6030,0.4031,82.3230,2.6463,4649.9123,204.2083,25.9152,21.1137,12.8578,14.5296,26.176,48.8436,54.2173,102.8621,13.088,0.0,3.731508,7.079487,1.545355,30,207,63,6,0.32204186,0.01770420,-0.00338982,0E-8,0.000000,0.904812,0.002133,0.03111404,2026-03-21,2026-08-06,120,3733,1703,139,0.863309,1.227414,1.154177,1.073473,,,,,,,,GLOBAL_BASELINE_NO_ENTITY_RANKING,,,NOT_APPLICABLE_GLOBAL_BASELINE,HF9g-P5,,,,X 全窗基线 · 不参与实体赏罚,15053243,1506,A168_HF9F_20260827_0900,2026-08-27 09:00:00
2026-06-23,127529701,1299,0,15.4293208527,0E-10,0E-10,,1,1,0.50665070000000000,0.506650700000,,,,0E-17,NO_DECISIVE_ROUND,R03b_20260811_FULL_v1,L1_ELIGIBILITY,v2026-08-11,2026-03-21..2026-08-06,baccarat_bet02_101_all_pairs_incl_sentinel,round_win = game_pnl > 0 (decisive only),COMPATIBILITY_ONLY_NOT_PRODUCTION,557989.4742,504875.3716,9878.7574,24851,24505,-0.01770420,0.00338982,-0.02772422,-0.01770420,-9878.7574,557989.4742,OK,0.0000,395.1503,4.0000,96.0000,AG03-UNRESOLVED,ALL5_LEVELS_bet23_to_bet27,395.1503,395.1503,395.1503,0.0000,0.0000,4.000000,4.000000,4.000000,0.000000,0.000000,96.000000,96.000000,96.000000,100.000000,100.000000,5.0,1185.4509,1138.6651,8693.3065,8740.0923,PENDING_AG03,FALSE,NOT_FOR_ENFORCEMENT,9483.6071,484680.3568,9878.7574,9483.6071,395.1503,0.01770420,0.01699603,395.1503,9483.6071,0.01699603,395.1503,395.1503,395.1503,0.0000,0.0000,9483.6071,0.01699603,1185.4509,1138.6651,8693.3065,8740.0923,0.01557970,0.01566354,0.00070817,22.4534,20.6030,0.4031,82.3230,2.6463,4649.9123,204.2083,25.9152,21.1137,12.8578,14.5296,26.176,48.8436,54.2173,102.8621,13.088,0.0,3.731508,7.079487,1.545355,30,207,63,6,0.32204186,0.01770420,-0.00338982,0E-8,0.000000,0.904812,0.002133,0.03111404,2026-03-21,2026-08-06,120,3733,1703,139,0.863309,1.227414,1.154177,1.073473,,,,,,,,GLOBAL_BASELINE_NO_ENTITY_RANKING,,,NOT_APPLICABLE_GLOBAL_BASELINE,HF9g-P5,,,,X 全窗基线 · 不参与实体赏罚,15053244,1506,A168_HF9F_20260827_0900,2026-08-27 09:00:00
2026-06-23,127529701,1318,0,95.1474785919,25.7155347544,25.7155347544,0.4000000,5,5,0.50128862000000000,0.501288620000,-0.4529779837142727,-0.4529779837142727,-0.4529779837142727,0E-17,ELIGIBLE,R03b_20260811_FULL_v1,L1_ELIGIBILITY,v2026-08-11,2026-03-21..2026-08-06,baccarat_bet02_101_all_pairs_incl_sentinel,round_win = game_pnl > 0 (decisive only),COMPATIBILITY_ONLY_NOT_PRODUCTION,557989.4742,504875.3716,9878.7574,24851,24505,-0.01770420,0.00338982,-0.02772422,-0.01770420,-9878.7574,557989.4742,OK,0.0000,395.1503,4.0000,96.0000,AG03-UNRESOLVED,ALL5_LEVELS_bet23_to_bet27,395.1503,395.1503,395.1503,0.0000,0.0000,4.000000,4.000000,4.000000,0.000000,0.000000,96.000000,96.000000,96.000000,100.000000,100.000000,5.0,1185.4509,1138.6651,8693.3065,8740.0923,PENDING_AG03,FALSE,NOT_FOR_ENFORCEMENT,9483.6071,484680.3568,9878.7574,9483.6071,395.1503,0.01770420,0.01699603,395.1503,9483.6071,0.01699603,395.1503,395.1503,395.1503,0.0000,0.0000,9483.6071,0.01699603,1185.4509,1138.6651,8693.3065,8740.0923,0.01557970,0.01566354,0.00070817,22.4534,20.6030,0.4031,82.3230,2.6463,4649.9123,204.2083,25.9152,21.1137,12.8578,14.5296,26.176,48.8436,54.2173,102.8621,13.088,0.0,3.731508,7.079487,1.545355,30,207,63,6,0.32204186,0.01770420,-0.00338982,0E-8,0.000000,0.904812,0.002133,0.03111404,2026-03-21,2026-08-06,120,3733,1703,139,0.863309,1.227414,1.154177,1.073473,,,,,,,,GLOBAL_BASELINE_NO_ENTITY_RANKING,,,NOT_APPLICABLE_GLOBAL_BASELINE,HF9g-P5,,,,X 全窗基线 · 不参与实体赏罚,15053245,1506,A168_HF9F_20260827_0900,2026-08-27 09:00:00
2026-06-23,127529701,1330,0,529.9971712909,167.5367089259,167.5367089259,0.6000000,25,25,0.49753516400000000,0.497535164000,0.9164844905151315,0.9164844905151316,0.9164844905151315,0E-17,ELIGIBLE,R03b_20260811_FULL_v1,L1_ELIGIBILITY,v2026-08-11,2026-03-21..2026-08-06,baccarat_bet02_101_all_pairs_incl_sentinel,round_win = game_pnl > 0 (decisive only),COMPATIBILITY_ONLY_NOT_PRODUCTION,557989.4742,504875.3716,9878.7574,24851,24505,-0.01770420,0.00338982,-0.02772422,-0.01770420,-9878.7574,557989.4742,OK,0.0000,395.1503,4.0000,96.0000,AG03-UNRESOLVED,ALL5_LEVELS_bet23_to_bet27,395.1503,395.1503,395.1503,0.0000,0.0000,4.000000,4.000000,4.000000,0.000000,0.000000,96.000000,96.000000,96.000000,100.000000,100.000000,5.0,1185.4509,1138.6651,8693.3065,8740.0923,PENDING_AG03,FALSE,NOT_FOR_ENFORCEMENT,9483.6071,484680.3568,9878.7574,9483.6071,395.1503,0.01770420,0.01699603,395.1503,9483.6071,0.01699603,395.1503,395.1503,395.1503,0.0000,0.0000,9483.6071,0.01699603,1185.4509,1138.6651,8693.3065,8740.0923,0.01557970,0.01566354,0.00070817,22.4534,20.6030,0.4031,82.3230,2.6463,4649.9123,204.2083,25.9152,21.1137,12.8578,14.5296,26.176,48.8436,54.2173,102.8621,13.088,0.0,3.731508,7.079487,1.545355,30,207,63,6,0.32204186,0.01770420,-0.00338982,0E-8,0.000000,0.904812,0.002133,0.03111404,2026-03-21,2026-08-06,120,3733,1703,139,0.863309,1.227414,1.154177,1.073473,,,,,,,,GLOBAL_BASELINE_NO_ENTITY_RANKING,,,NOT_APPLICABLE_GLOBAL_BASELINE,HF9g-P5,,,,X 全窗基线 · 不参与实体赏罚,15053246,1506,A168_HF9F_20260827_0900,2026-08-27 09:00:00
2026-06-23,127529701,1363,0,102.8621390181,-102.8621390181,-102.8621390181,0E-7,4,4,0.49994810000000000,0.499948100000,-1.9997924107733216,-1.9997924107733216,-1.9997924107733216,0E-17,ELIGIBLE,R03b_20260811_FULL_v1,L1_ELIGIBILITY,v2026-08-11,2026-03-21..2026-08-06,baccarat_bet02_101_all_pairs_incl_sentinel,round_win = game_pnl > 0 (decisive only),COMPATIBILITY_ONLY_NOT_PRODUCTION,557989.4742,504875.3716,9878.7574,24851,24505,-0.01770420,0.00338982,-0.02772422,-0.01770420,-9878.7574,557989.4742,OK,0.0000,395.1503,4.0000,96.0000,AG03-UNRESOLVED,ALL5_LEVELS_bet23_to_bet27,395.1503,395.1503,395.1503,0.0000,0.0000,4.000000,4.000000,4.000000,0.000000,0.000000,96.000000,96.000000,96.000000,100.000000,100.000000,5.0,1185.4509,1138.6651,8693.3065,8740.0923,PENDING_AG03,FALSE,NOT_FOR_ENFORCEMENT,9483.6071,484680.3568,9878.7574,9483.6071,395.1503,0.01770420,0.01699603,395.1503,9483.6071,0.01699603,395.1503,395.1503,395.1503,0.0000,0.0000,9483.6071,0.01699603,1185.4509,1138.6651,8693.3065,8740.0923,0.01557970,0.01566354,0.00070817,22.4534,20.6030,0.4031,82.3230,2.6463,4649.9123,204.2083,25.9152,21.1137,12.8578,14.5296,26.176,48.8436,54.2173,102.8621,13.088,0.0,3.731508,7.079487,1.545355,30,207,63,6,0.32204186,0.01770420,-0.00338982,0E-8,0.000000,0.904812,0.002133,0.03111404,2026-03-21,2026-08-06,120,3733,1703,139,0.863309,1.227414,1.154177,1.073473,,,,,,,,GLOBAL_BASELINE_NO_ENTITY_RANKING,,,NOT_APPLICABLE_GLOBAL_BASELINE,HF9g-P5,,,,X 全窗基线 · 不参与实体赏罚,15053247,1506,A168_HF9F_20260827_0900,2026-08-27 09:00:00
2026-06-23,127529701,1374,0,465.4511790574,0.0257155349,0.0257155349,0.4347826,24,24,0.49938955000000000,0.499389550000,-0.6196884733174146,-0.6196884733174146,-0.6196884733174146,0E-17,ELIGIBLE,R03b_20260811_FULL_v1,L1_ELIGIBILITY,v2026-08-11,2026-03-21..2026-08-06,baccarat_bet02_101_all_pairs_incl_sentinel,round_win = game_pnl > 0 (decisive only),COMPATIBILITY_ONLY_NOT_PRODUCTION,557989.4742,504875.3716,9878.7574,24851,24505,-0.01770420,0.00338982,-0.02772422,-0.01770420,-9878.7574,557989.4742,OK,0.0000,395.1503,4.0000,96.0000,AG03-UNRESOLVED,ALL5_LEVELS_bet23_to_bet27,395.1503,395.1503,395.1503,0.0000,0.0000,4.000000,4.000000,4.000000,0.000000,0.000000,96.000000,96.000000,96.000000,100.000000,100.000000,5.0,1185.4509,1138.6651,8693.3065,8740.0923,PENDING_AG03,FALSE,NOT_FOR_ENFORCEMENT,9483.6071,484680.3568,9878.7574,9483.6071,395.1503,0.01770420,0.01699603,395.1503,9483.6071,0.01699603,395.1503,395.1503,395.1503,0.0000,0.0000,9483.6071,0.01699603,1185.4509,1138.6651,8693.3065,8740.0923,0.01557970,0.01566354,0.00070817,22.4534,20.6030,0.4031,82.3230,2.6463,4649.9123,204.2083,25.9152,21.1137,12.8578,14.5296,26.176,48.8436,54.2173,102.8621,13.088,0.0,3.731508,7.079487,1.545355,30,207,63,6,0.32204186,0.01770420,-0.00338982,0E-8,0.000000,0.904812,0.002133,0.03111404,2026-03-21,2026-08-06,120,3733,1703,139,0.863309,1.227414,1.154177,1.073473,,,,,,,,GLOBAL_BASELINE_NO_ENTITY_RANKING,,,NOT_APPLICABLE_GLOBAL_BASELINE,HF9g-P5,,,,X 全窗基线 · 不参与实体赏罚,15053248,1506,A168_HF9F_20260827_0900,2026-08-27 09:00:00
2026-06-23,127529701,1383,0,163.2936456913,-66.0889243192,-66.0889243192,0.3333333,6,6,0.49994810000000000,0.499948100000,-0.8162423282897021,-0.8162423282897021,-0.8162423282897021,0E-17,ELIGIBLE,R03b_20260811_FULL_v1,L1_ELIGIBILITY,v2026-08-11,2026-03-21..2026-08-06,baccarat_bet02_101_all_pairs_incl_sentinel,round_win = game_pnl > 0 (decisive only),COMPATIBILITY_ONLY_NOT_PRODUCTION,557989.4742,504875.3716,9878.7574,24851,24505,-0.01770420,0.00338982,-0.02772422,-0.01770420,-9878.7574,557989.4742,OK,0.0000,395.1503,4.0000,96.0000,AG03-UNRESOLVED,ALL5_LEVELS_bet23_to_bet27,395.1503,395.1503,395.1503,0.0000,0.0000,4.000000,4.000000,4.000000,0.000000,0.000000,96.000000,96.000000,96.000000,100.000000,100.000000,5.0,1185.4509,1138.6651,8693.3065,8740.0923,PENDING_AG03,FALSE,NOT_FOR_ENFORCEMENT,9483.6071,484680.3568,9878.7574,9483.6071,395.1503,0.01770420,0.01699603,395.1503,9483.6071,0.01699603,395.1503,395.1503,395.1503,0.0000,0.0000,9483.6071,0.01699603,1185.4509,1138.6651,8693.3065,8740.0923,0.01557970,0.01566354,0.00070817,22.4534,20.6030,0.4031,82.3230,2.6463,4649.9123,204.2083,25.9152,21.1137,12.8578,14.5296,26.176,48.8436,54.2173,102.8621,13.088,0.0,3.731508,7.079487,1.545355,30,207,63,6,0.32204186,0.01770420,-0.00338982,0E-8,0.000000,0.904812,0.002133,0.03111404,2026-03-21,2026-08-06,120,3733,1703,139,0.863309,1.227414,1.154177,1.073473,,,,,,,,GLOBAL_BASELINE_NO_ENTITY_RANKING,,,NOT_APPLICABLE_GLOBAL_BASELINE,HF9g-P5,,,,X 全窗基线 · 不参与实体赏罚,15053249,1506,A168_HF9F_20260827_0900,2026-08-27 09:00:00
2026-06-23,127529701,1384,0,82.2897112145,30.0871756628,30.0871756628,1.0000000,3,3,0.49771390000000000,0.497713900000,1.4206944795187548,1.420694479518755,1.4206944795187548,0E-17,ELIGIBLE,R03b_20260811_FULL_v1,L1_ELIGIBILITY,v2026-08-11,2026-03-21..2026-08-06,baccarat_bet02_101_all_pairs_incl_sentinel,round_win = game_pnl > 0 (decisive only),COMPATIBILITY_ONLY_NOT_PRODUCTION,557989.4742,504875.3716,9878.7574,24851,24505,-0.01770420,0.00338982,-0.02772422,-0.01770420,-9878.7574,557989.4742,OK,0.0000,395.1503,4.0000,96.0000,AG03-UNRESOLVED,ALL5_LEVELS_bet23_to_bet27,395.1503,395.1503,395.1503,0.0000,0.0000,4.000000,4.000000,4.000000,0.000000,0.000000,96.000000,96.000000,96.000000,100.000000,100.000000,5.0,1185.4509,1138.6651,8693.3065,8740.0923,PENDING_AG03,FALSE,NOT_FOR_ENFORCEMENT,9483.6071,484680.3568,9878.7574,9483.6071,395.1503,0.01770420,0.01699603,395.1503,9483.6071,0.01699603,395.1503,395.1503,395.1503,0.0000,0.0000,9483.6071,0.01699603,1185.4509,1138.6651,8693.3065,8740.0923,0.01557970,0.01566354,0.00070817,22.4534,20.6030,0.4031,82.3230,2.6463,4649.9123,204.2083,25.9152,21.1137,12.8578,14.5296,26.176,48.8436,54.2173,102.8621,13.088,0.0,3.731508,7.079487,1.545355,30,207,63,6,0.32204186,0.01770420,-0.00338982,0E-8,0.000000,0.904812,0.002133,0.03111404,2026-03-21,2026-08-06,120,3733,1703,139,0.863309,1.227414,1.154177,1.073473,,,,,,,,GLOBAL_BASELINE_NO_ENTITY_RANKING,,,NOT_APPLICABLE_GLOBAL_BASELINE,HF9g-P5,,,,X 全窗基线 · 不参与实体赏罚,15053250,1506,A168_HF9F_20260827_0900,2026-08-27 09:00:00
2026-06-23,127529701,1396,0,144.7784606681,-144.7784606681,-144.7784606681,0E-7,3,3,0.49324550000000000,0.493245500000,-1.708808463184432,-1.7088084631844318,-1.708808463184432,0E-17,ELIGIBLE,R03b_20260811_FULL_v1,L1_ELIGIBILITY,v2026-08-11,2026-03-21..2026-08-06,baccarat_bet02_101_all_pairs_incl_sentinel,round_win = game_pnl > 0 (decisive only),COMPATIBILITY_ONLY_NOT_PRODUCTION,557989.4742,504875.3716,9878.7574,24851,24505,-0.01770420,0.00338982,-0.02772422,-0.01770420,-9878.7574,557989.4742,OK,0.0000,395.1503,4.0000,96.0000,AG03-UNRESOLVED,ALL5_LEVELS_bet23_to_bet27,395.1503,395.1503,395.1503,0.0000,0.0000,4.000000,4.000000,4.000000,0.000000,0.000000,96.000000,96.000000,96.000000,100.000000,100.000000,5.0,1185.4509,1138.6651,8693.3065,8740.0923,PENDING_AG03,FALSE,NOT_FOR_ENFORCEMENT,9483.6071,484680.3568,9878.7574,9483.6071,395.1503,0.01770420,0.01699603,395.1503,9483.6071,0.01699603,395.1503,395.1503,395.1503,0.0000,0.0000,9483.6071,0.01699603,1185.4509,1138.6651,8693.3065,8740.0923,0.01557970,0.01566354,0.00070817,22.4534,20.6030,0.4031,82.3230,2.6463,4649.9123,204.2083,25.9152,21.1137,12.8578,14.5296,26.176,48.8436,54.2173,102.8621,13.088,0.0,3.731508,7.079487,1.545355,30,207,63,6,0.32204186,0.01770420,-0.00338982,0E-8,0.000000,0.904812,0.002133,0.03111404,2026-03-21,2026-08-06,120,3733,1703,139,0.863309,1.227414,1.154177,1.073473,,,,,,,,GLOBAL_BASELINE_NO_ENTITY_RANKING,,,NOT_APPLICABLE_GLOBAL_BASELINE,HF9g-P5,,,,X 全窗基线 · 不参与实体赏罚,15053251,1506,A168_HF9F_20260827_0900,2026-08-27 09:00:00
2026-06-23,127529701,1505,0,250.2121531615,60.0457736520,60.0457736520,0.5625000,16,16,0.50078592500000000,0.500785925000,0.49371320991205714,0.49371320991205714,0.49371320991205714,0E-17,ELIGIBLE,R03b_20260811_FULL_v1,L1_ELIGIBILITY,v2026-08-11,2026-03-21..2026-08-06,baccarat_bet02_101_all_pairs_incl_sentinel,round_win = game_pnl > 0 (decisive only),COMPATIBILITY_ONLY_NOT_PRODUCTION,557989.4742,504875.3716,9878.7574,24851,24505,-0.01770420,0.00338982,-0.02772422,-0.01770420,-9878.7574,557989.4742,OK,0.0000,395.1503,4.0000,96.0000,AG03-UNRESOLVED,ALL5_LEVELS_bet23_to_bet27,395.1503,395.1503,395.1503,0.0000,0.0000,4.000000,4.000000,4.000000,0.000000,0.000000,96.000000,96.000000,96.000000,100.000000,100.000000,5.0,1185.4509,1138.6651,8693.3065,8740.0923,PENDING_AG03,FALSE,NOT_FOR_ENFORCEMENT,9483.6071,484680.3568,9878.7574,9483.6071,395.1503,0.01770420,0.01699603,395.1503,9483.6071,0.01699603,395.1503,395.1503,395.1503,0.0000,0.0000,9483.6071,0.01699603,1185.4509,1138.6651,8693.3065,8740.0923,0.01557970,0.01566354,0.00070817,22.4534,20.6030,0.4031,82.3230,2.6463,4649.9123,204.2083,25.9152,21.1137,12.8578,14.5296,26.176,48.8436,54.2173,102.8621,13.088,0.0,3.731508,7.079487,1.545355,30,207,63,6,0.32204186,0.01770420,-0.00338982,0E-8,0.000000,0.904812,0.002133,0.03111404,2026-03-21,2026-08-06,120,3733,1703,139,0.863309,1.227414,1.154177,1.073473,,,,,,,,GLOBAL_BASELINE_NO_ENTITY_RANKING,,,NOT_APPLICABLE_GLOBAL_BASELINE,HF9g-P5,,,,X 全窗基线 · 不参与实体赏罚,15053252,1506,A168_HF9F_20260827_0900,2026-08-27 09:00:00
2026-06-23,127529701,1654,0,59.9171959780,15.9436315478,15.9436315478,0.6666667,4,4,0.49994810000000000,0.499948100000,0.5775300591747329,0.5775300591747329,0.5775300591747329,0E-17,ELIGIBLE,R03b_20260811_FULL_v1,L1_ELIGIBILITY,v2026-08-11,2026-03-21..2026-08-06,baccarat_bet02_101_all_pairs_incl_sentinel,round_win = game_pnl > 0 (decisive only),COMPATIBILITY_ONLY_NOT_PRODUCTION,557989.4742,504875.3716,9878.7574,24851,24505,-0.01770420,0.00338982,-0.02772422,-0.01770420,-9878.7574,557989.4742,OK,0.0000,395.1503,4.0000,96.0000,AG03-UNRESOLVED,ALL5_LEVELS_bet23_to_bet27,395.1503,395.1503,395.1503,0.0000,0.0000,4.000000,4.000000,4.000000,0.000000,0.000000,96.000000,96.000000,96.000000,100.000000,100.000000,5.0,1185.4509,1138.6651,8693.3065,8740.0923,PENDING_AG03,FALSE,NOT_FOR_ENFORCEMENT,9483.6071,484680.3568,9878.7574,9483.6071,395.1503,0.01770420,0.01699603,395.1503,9483.6071,0.01699603,395.1503,395.1503,395.1503,0.0000,0.0000,9483.6071,0.01699603,1185.4509,1138.6651,8693.3065,8740.0923,0.01557970,0.01566354,0.00070817,22.4534,20.6030,0.4031,82.3230,2.6463,4649.9123,204.2083,25.9152,21.1137,12.8578,14.5296,26.176,48.8436,54.2173,102.8621,13.088,0.0,3.731508,7.079487,1.545355,30,207,63,6,0.32204186,0.01770420,-0.00338982,0E-8,0.000000,0.904812,0.002133,0.03111404,2026-03-21,2026-08-06,120,3733,1703,139,0.863309,1.227414,1.154177,1.073473,,,,,,,,GLOBAL_BASELINE_NO_ENTITY_RANKING,,,NOT_APPLICABLE_GLOBAL_BASELINE,HF9g-P5,,,,X 全窗基线 · 不参与实体赏罚,15053253,1506,A168_HF9F_20260827_0900,2026-08-27 09:00:00
2026-06-23,127529701,1710,0,186.4376269705,34.0730835496,34.0730835496,0.5000000,11,11,0.49812011818181818,0.498120118182,0.011889500589018717,0.011889500587868761,0.011889500589018717,-1.8182E-13,ELIGIBLE,R03b_20260811_FULL_v1,L1_ELIGIBILITY,v2026-08-11,2026-03-21..2026-08-06,baccarat_bet02_101_all_pairs_incl_sentinel,round_win = game_pnl > 0 (decisive only),COMPATIBILITY_ONLY_NOT_PRODUCTION,557989.4742,504875.3716,9878.7574,24851,24505,-0.01770420,0.00338982,-0.02772422,-0.01770420,-9878.7574,557989.4742,OK,0.0000,395.1503,4.0000,96.0000,AG03-UNRESOLVED,ALL5_LEVELS_bet23_to_bet27,395.1503,395.1503,395.1503,0.0000,0.0000,4.000000,4.000000,4.000000,0.000000,0.000000,96.000000,96.000000,96.000000,100.000000,100.000000,5.0,1185.4509,1138.6651,8693.3065,8740.0923,PENDING_AG03,FALSE,NOT_FOR_ENFORCEMENT,9483.6071,484680.3568,9878.7574,9483.6071,395.1503,0.01770420,0.01699603,395.1503,9483.6071,0.01699603,395.1503,395.1503,395.1503,0.0000,0.0000,9483.6071,0.01699603,1185.4509,1138.6651,8693.3065,8740.0923,0.01557970,0.01566354,0.00070817,22.4534,20.6030,0.4031,82.3230,2.6463,4649.9123,204.2083,25.9152,21.1137,12.8578,14.5296,26.176,48.8436,54.2173,102.8621,13.088,0.0,3.731508,7.079487,1.545355,30,207,63,6,0.32204186,0.01770420,-0.00338982,0E-8,0.000000,0.904812,0.002133,0.03111404,2026-03-21,2026-08-06,120,3733,1703,139,0.863309,1.227414,1.154177,1.073473,,,,,,,,GLOBAL_BASELINE_NO_ENTITY_RANKING,,,NOT_APPLICABLE_GLOBAL_BASELINE,HF9g-P5,,,,X 全窗基线 · 不参与实体赏罚,15053254,1506,A168_HF9F_20260827_0900,2026-08-27 09:00:00
2026-06-23,127529701,1947,0,66.8603903619,15.4293208527,15.4293208527,0.6000000,5,5,0.49592654000000000,0.495926540000,0.46544610904919037,0.46544610904919037,0.46544610904919037,0E-17,ELIGIBLE,R03b_20260811_FULL_v1,L1_ELIGIBILITY,v2026-08-11,2026-03-21..2026-08-06,baccarat_bet02_101_all_pairs_incl_sentinel,round_win = game_pnl > 0 (decisive only),COMPATIBILITY_ONLY_NOT_PRODUCTION,557989.4742,504875.3716,9878.7574,24851,24505,-0.01770420,0.00338982,-0.02772422,-0.01770420,-9878.7574,557989.4742,OK,0.0000,395.1503,4.0000,96.0000,AG03-UNRESOLVED,ALL5_LEVELS_bet23_to_bet27,395.1503,395.1503,395.1503,0.0000,0.0000,4.000000,4.000000,4.000000,0.000000,0.000000,96.000000,96.000000,96.000000,100.000000,100.000000,5.0,1185.4509,1138.6651,8693.3065,8740.0923,PENDING_AG03,FALSE,NOT_FOR_ENFORCEMENT,9483.6071,484680.3568,9878.7574,9483.6071,395.1503,0.01770420,0.01699603,395.1503,9483.6071,0.01699603,395.1503,395.1503,395.1503,0.0000,0.0000,9483.6071,0.01699603,1185.4509,1138.6651,8693.3065,8740.0923,0.01557970,0.01566354,0.00070817,22.4534,20.6030,0.4031,82.3230,2.6463,4649.9123,204.2083,25.9152,21.1137,12.8578,14.5296,26.176,48.8436,54.2173,102.8621,13.088,0.0,3.731508,7.079487,1.545355,30,207,63,6,0.32204186,0.01770420,-0.00338982,0E-8,0.000000,0.904812,0.002133,0.03111404,2026-03-21,2026-08-06,120,3733,1703,139,0.863309,1.227414,1.154177,1.073473,,,,,,,,GLOBAL_BASELINE_NO_ENTITY_RANKING,,,NOT_APPLICABLE_GLOBAL_BASELINE,HF9g-P5,,,,X 全窗基线 · 不参与实体赏罚,15053255,1506,A168_HF9F_20260827_0900,2026-08-27 09:00:00
2026-06-23,127529701,1957,0,694.0622830251,-220.5107105203,-220.5107105203,0.4545455,23,23,0.49849101304347826,0.498491013043,-0.4122477577216372,-0.4122477577171519,-0.4122477577216372,4.7826E-13,ELIGIBLE,R03b_20260811_FULL_v1,L1_ELIGIBILITY,v2026-08-11,2026-03-21..2026-08-06,baccarat_bet02_101_all_pairs_incl_sentinel,round_win = game_pnl > 0 (decisive only),COMPATIBILITY_ONLY_NOT_PRODUCTION,557989.4742,504875.3716,9878.7574,24851,24505,-0.01770420,0.00338982,-0.02772422,-0.01770420,-9878.7574,557989.4742,OK,0.0000,395.1503,4.0000,96.0000,AG03-UNRESOLVED,ALL5_LEVELS_bet23_to_bet27,395.1503,395.1503,395.1503,0.0000,0.0000,4.000000,4.000000,4.000000,0.000000,0.000000,96.000000,96.000000,96.000000,100.000000,100.000000,5.0,1185.4509,1138.6651,8693.3065,8740.0923,PENDING_AG03,FALSE,NOT_FOR_ENFORCEMENT,9483.6071,484680.3568,9878.7574,9483.6071,395.1503,0.01770420,0.01699603,395.1503,9483.6071,0.01699603,395.1503,395.1503,395.1503,0.0000,0.0000,9483.6071,0.01699603,1185.4509,1138.6651,8693.3065,8740.0923,0.01557970,0.01566354,0.00070817,22.4534,20.6030,0.4031,82.3230,2.6463,4649.9123,204.2083,25.9152,21.1137,12.8578,14.5296,26.176,48.8436,54.2173,102.8621,13.088,0.0,3.731508,7.079487,1.545355,30,207,63,6,0.32204186,0.01770420,-0.00338982,0E-8,0.000000,0.904812,0.002133,0.03111404,2026-03-21,2026-08-06,120,3733,1703,139,0.863309,1.227414,1.154177,1.073473,,,,,,,,GLOBAL_BASELINE_NO_ENTITY_RANKING,,,NOT_APPLICABLE_GLOBAL_BASELINE,HF9g-P5,,,,X 全窗基线 · 不参与实体赏罚,15053256,1506,A168_HF9F_20260827_0900,2026-08-27 09:00:00
2026-06-23,127529701,1985,0,349.7312726619,-19.9295394348,-19.9295394348,0.5000000,12,12,0.50218230000000000,0.502182300000,-0.015119561921926148,-0.015119561921926152,-0.015119561921926148,0E-17,ELIGIBLE,R03b_20260811_FULL_v1,L1_ELIGIBILITY,v2026-08-11,2026-03-21..2026-08-06,baccarat_bet02_101_all_pairs_incl_sentinel,round_win = game_pnl > 0 (decisive only),COMPATIBILITY_ONLY_NOT_PRODUCTION,557989.4742,504875.3716,9878.7574,24851,24505,-0.01770420,0.00338982,-0.02772422,-0.01770420,-9878.7574,557989.4742,OK,0.0000,395.1503,4.0000,96.0000,AG03-UNRESOLVED,ALL5_LEVELS_bet23_to_bet27,395.1503,395.1503,395.1503,0.0000,0.0000,4.000000,4.000000,4.000000,0.000000,0.000000,96.000000,96.000000,96.000000,100.000000,100.000000,5.0,1185.4509,1138.6651,8693.3065,8740.0923,PENDING_AG03,FALSE,NOT_FOR_ENFORCEMENT,9483.6071,484680.3568,9878.7574,9483.6071,395.1503,0.01770420,0.01699603,395.1503,9483.6071,0.01699603,395.1503,395.1503,395.1503,0.0000,0.0000,9483.6071,0.01699603,1185.4509,1138.6651,8693.3065,8740.0923,0.01557970,0.01566354,0.00070817,22.4534,20.6030,0.4031,82.3230,2.6463,4649.9123,204.2083,25.9152,21.1137,12.8578,14.5296,26.176,48.8436,54.2173,102.8621,13.088,0.0,3.731508,7.079487,1.545355,30,207,63,6,0.32204186,0.01770420,-0.00338982,0E-8,0.000000,0.904812,0.002133,0.03111404,2026-03-21,2026-08-06,120,3733,1703,139,0.863309,1.227414,1.154177,1.073473,,,,,,,,GLOBAL_BASELINE_NO_ENTITY_RANKING,,,NOT_APPLICABLE_GLOBAL_BASELINE,HF9g-P5,,,,X 全窗基线 · 不参与实体赏罚,15053257,1506,A168_HF9F_20260827_0900,2026-08-27 09:00:00
2026-06-23,127529701,2093,0,27.0013114923,-27.0013114923,-27.0013114923,0E-7,2,2,0.49994810000000000,0.499948100000,-1.4140667746232096,-1.4140667746232096,-1.4140667746232096,0E-17,ELIGIBLE,R03b_20260811_FULL_v1,L1_ELIGIBILITY,v2026-08-11,2026-03-21..2026-08-06,baccarat_bet02_101_all_pairs_incl_sentinel,round_win = game_pnl > 0 (decisive only),COMPATIBILITY_ONLY_NOT_PRODUCTION,557989.4742,504875.3716,9878.7574,24851,24505,-0.01770420,0.00338982,-0.02772422,-0.01770420,-9878.7574,557989.4742,OK,0.0000,395.1503,4.0000,96.0000,AG03-UNRESOLVED,ALL5_LEVELS_bet23_to_bet27,395.1503,395.1503,395.1503,0.0000,0.0000,4.000000,4.000000,4.000000,0.000000,0.000000,96.000000,96.000000,96.000000,100.000000,100.000000,5.0,1185.4509,1138.6651,8693.3065,8740.0923,PENDING_AG03,FALSE,NOT_FOR_ENFORCEMENT,9483.6071,484680.3568,9878.7574,9483.6071,395.1503,0.01770420,0.01699603,395.1503,9483.6071,0.01699603,395.1503,395.1503,395.1503,0.0000,0.0000,9483.6071,0.01699603,1185.4509,1138.6651,8693.3065,8740.0923,0.01557970,0.01566354,0.00070817,22.4534,20.6030,0.4031,82.3230,2.6463,4649.9123,204.2083,25.9152,21.1137,12.8578,14.5296,26.176,48.8436,54.2173,102.8621,13.088,0.0,3.731508,7.079487,1.545355,30,207,63,6,0.32204186,0.01770420,-0.00338982,0E-8,0.000000,0.904812,0.002133,0.03111404,2026-03-21,2026-08-06,120,3733,1703,139,0.863309,1.227414,1.154177,1.073473,,,,,,,,GLOBAL_BASELINE_NO_ENTITY_RANKING,,,NOT_APPLICABLE_GLOBAL_BASELINE,HF9g-P5,,,,X 全窗基线 · 不参与实体赏罚,15053258,1506,A168_HF9F_20260827_0900,2026-08-27 09:00:00
2026-06-23,127529701,2108,0,141.4354411501,-38.5733021318,-38.5733021318,0.4000000,8,8,0.49827245000000000,0.498272450000,-0.4394903802944019,-0.4394903802944019,-0.4394903802944019,0E-17,ELIGIBLE,R03b_20260811_FULL_v1,L1_ELIGIBILITY,v2026-08-11,2026-03-21..2026-08-06,baccarat_bet02_101_all_pairs_incl_sentinel,round_win = game_pnl > 0 (decisive only),COMPATIBILITY_ONLY_NOT_PRODUCTION,557989.4742,504875.3716,9878.7574,24851,24505,-0.01770420,0.00338982,-0.02772422,-0.01770420,-9878.7574,557989.4742,OK,0.0000,395.1503,4.0000,96.0000,AG03-UNRESOLVED,ALL5_LEVELS_bet23_to_bet27,395.1503,395.1503,395.1503,0.0000,0.0000,4.000000,4.000000,4.000000,0.000000,0.000000,96.000000,96.000000,96.000000,100.000000,100.000000,5.0,1185.4509,1138.6651,8693.3065,8740.0923,PENDING_AG03,FALSE,NOT_FOR_ENFORCEMENT,9483.6071,484680.3568,9878.7574,9483.6071,395.1503,0.01770420,0.01699603,395.1503,9483.6071,0.01699603,395.1503,395.1503,395.1503,0.0000,0.0000,9483.6071,0.01699603,1185.4509,1138.6651,8693.3065,8740.0923,0.01557970,0.01566354,0.00070817,22.4534,20.6030,0.4031,82.3230,2.6463,4649.9123,204.2083,25.9152,21.1137,12.8578,14.5296,26.176,48.8436,54.2173,102.8621,13.088,0.0,3.731508,7.079487,1.545355,30,207,63,6,0.32204186,0.01770420,-0.00338982,0E-8,0.000000,0.904812,0.002133,0.03111404,2026-03-21,2026-08-06,120,3733,1703,139,0.863309,1.227414,1.154177,1.073473,,,,,,,,GLOBAL_BASELINE_NO_ENTITY_RANKING,,,NOT_APPLICABLE_GLOBAL_BASELINE,HF9g-P5,,,,X 全窗基线 · 不参与实体赏罚,15053259,1506,A168_HF9F_20260827_0900,2026-08-27 09:00:00
2026-06-23,127529701,2117,0,90.0043716409,38.5733021318,38.5733021318,1.0000000,2,2,0.49324550000000000,0.493245500000,1.01360149184955,1.01360149184955,1.01360149184955,0E-17,ELIGIBLE,R03b_20260811_FULL_v1,L1_ELIGIBILITY,v2026-08-11,2026-03-21..2026-08-06,baccarat_bet02_101_all_pairs_incl_sentinel,round_win = game_pnl > 0 (decisive only),COMPATIBILITY_ONLY_NOT_PRODUCTION,557989.4742,504875.3716,9878.7574,24851,24505,-0.01770420,0.00338982,-0.02772422,-0.01770420,-9878.7574,557989.4742,OK,0.0000,395.1503,4.0000,96.0000,AG03-UNRESOLVED,ALL5_LEVELS_bet23_to_bet27,395.1503,395.1503,395.1503,0.0000,0.0000,4.000000,4.000000,4.000000,0.000000,0.000000,96.000000,96.000000,96.000000,100.000000,100.000000,5.0,1185.4509,1138.6651,8693.3065,8740.0923,PENDING_AG03,FALSE,NOT_FOR_ENFORCEMENT,9483.6071,484680.3568,9878.7574,9483.6071,395.1503,0.01770420,0.01699603,395.1503,9483.6071,0.01699603,395.1503,395.1503,395.1503,0.0000,0.0000,9483.6071,0.01699603,1185.4509,1138.6651,8693.3065,8740.0923,0.01557970,0.01566354,0.00070817,22.4534,20.6030,0.4031,82.3230,2.6463,4649.9123,204.2083,25.9152,21.1137,12.8578,14.5296,26.176,48.8436,54.2173,102.8621,13.088,0.0,3.731508,7.079487,1.545355,30,207,63,6,0.32204186,0.01770420,-0.00338982,0E-8,0.000000,0.904812,0.002133,0.03111404,2026-03-21,2026-08-06,120,3733,1703,139,0.863309,1.227414,1.154177,1.073473,,,,,,,,GLOBAL_BASELINE_NO_ENTITY_RANKING,,,NOT_APPLICABLE_GLOBAL_BASELINE,HF9g-P5,,,,X 全窗基线 · 不参与实体赏罚,15053260,1506,A168_HF9F_20260827_0900,2026-08-27 09:00:00
2026-06-23,127529701,2145,0,177.9515005014,-72.0034973127,-72.0034973127,0E-7,2,2,0.49994810000000000,0.499948100000,-0.9998962053866608,-0.9998962053866608,-0.9998962053866608,0E-17,ELIGIBLE,R03b_20260811_FULL_v1,L1_ELIGIBILITY,v2026-08-11,2026-03-21..2026-08-06,baccarat_bet02_101_all_pairs_incl_sentinel,round_win = game_pnl > 0 (decisive only),COMPATIBILITY_ONLY_NOT_PRODUCTION,557989.4742,504875.3716,9878.7574,24851,24505,-0.01770420,0.00338982,-0.02772422,-0.01770420,-9878.7574,557989.4742,OK,0.0000,395.1503,4.0000,96.0000,AG03-UNRESOLVED,ALL5_LEVELS_bet23_to_bet27,395.1503,395.1503,395.1503,0.0000,0.0000,4.000000,4.000000,4.000000,0.000000,0.000000,96.000000,96.000000,96.000000,100.000000,100.000000,5.0,1185.4509,1138.6651,8693.3065,8740.0923,PENDING_AG03,FALSE,NOT_FOR_ENFORCEMENT,9483.6071,484680.3568,9878.7574,9483.6071,395.1503,0.01770420,0.01699603,395.1503,9483.6071,0.01699603,395.1503,395.1503,395.1503,0.0000,0.0000,9483.6071,0.01699603,1185.4509,1138.6651,8693.3065,8740.0923,0.01557970,0.01566354,0.00070817,22.4534,20.6030,0.4031,82.3230,2.6463,4649.9123,204.2083,25.9152,21.1137,12.8578,14.5296,26.176,48.8436,54.2173,102.8621,13.088,0.0,3.731508,7.079487,1.545355,30,207,63,6,0.32204186,0.01770420,-0.00338982,0E-8,0.000000,0.904812,0.002133,0.03111404,2026-03-21,2026-08-06,120,3733,1703,139,0.863309,1.227414,1.154177,1.073473,,,,,,,,GLOBAL_BASELINE_NO_ENTITY_RANKING,,,NOT_APPLICABLE_GLOBAL_BASELINE,HF9g-P5,,,,X 全窗基线 · 不参与实体赏罚,15053261,1506,A168_HF9F_20260827_0900,2026-08-27 09:00:00
2026-06-23,127529701,2147,0,51.4310695091,-26.3584231234,-26.3584231234,0.3333333,3,3,0.50665070000000000,0.506650700000,-0.6004420894325239,-0.6004420894325239,-0.6004420894325239,0E-17,ELIGIBLE,R03b_20260811_FULL_v1,L1_ELIGIBILITY,v2026-08-11,2026-03-21..2026-08-06,baccarat_bet02_101_all_pairs_incl_sentinel,round_win = game_pnl > 0 (decisive only),COMPATIBILITY_ONLY_NOT_PRODUCTION,557989.4742,504875.3716,9878.7574,24851,24505,-0.01770420,0.00338982,-0.02772422,-0.01770420,-9878.7574,557989.4742,OK,0.0000,395.1503,4.0000,96.0000,AG03-UNRESOLVED,ALL5_LEVELS_bet23_to_bet27,395.1503,395.1503,395.1503,0.0000,0.0000,4.000000,4.000000,4.000000,0.000000,0.000000,96.000000,96.000000,96.000000,100.000000,100.000000,5.0,1185.4509,1138.6651,8693.3065,8740.0923,PENDING_AG03,FALSE,NOT_FOR_ENFORCEMENT,9483.6071,484680.3568,9878.7574,9483.6071,395.1503,0.01770420,0.01699603,395.1503,9483.6071,0.01699603,395.1503,395.1503,395.1503,0.0000,0.0000,9483.6071,0.01699603,1185.4509,1138.6651,8693.3065,8740.0923,0.01557970,0.01566354,0.00070817,22.4534,20.6030,0.4031,82.3230,2.6463,4649.9123,204.2083,25.9152,21.1137,12.8578,14.5296,26.176,48.8436,54.2173,102.8621,13.088,0.0,3.731508,7.079487,1.545355,30,207,63,6,0.32204186,0.01770420,-0.00338982,0E-8,0.000000,0.904812,0.002133,0.03111404,2026-03-21,2026-08-06,120,3733,1703,139,0.863309,1.227414,1.154177,1.073473,,,,,,,,GLOBAL_BASELINE_NO_ENTITY_RANKING,,,NOT_APPLICABLE_GLOBAL_BASELINE,HF9g-P5,,,,X 全窗基线 · 不参与实体赏罚,15053262,1506,A168_HF9F_20260827_0900,2026-08-27 09:00:00
2026-06-23,127529701,2152,0,12.8577673773,-12.8577673773,-12.8577673773,0E-7,1,1,0.09460280000000000,0.094602800000,-0.32324545095860213,-0.32324545095860213,-0.32324545095860213,0E-17,ELIGIBLE,R03b_20260811_FULL_v1,L1_ELIGIBILITY,v2026-08-11,2026-03-21..2026-08-06,baccarat_bet02_101_all_pairs_incl_sentinel,round_win = game_pnl > 0 (decisive only),COMPATIBILITY_ONLY_NOT_PRODUCTION,557989.4742,504875.3716,9878.7574,24851,24505,-0.01770420,0.00338982,-0.02772422,-0.01770420,-9878.7574,557989.4742,OK,0.0000,395.1503,4.0000,96.0000,AG03-UNRESOLVED,ALL5_LEVELS_bet23_to_bet27,395.1503,395.1503,395.1503,0.0000,0.0000,4.000000,4.000000,4.000000,0.000000,0.000000,96.000000,96.000000,96.000000,100.000000,100.000000,5.0,1185.4509,1138.6651,8693.3065,8740.0923,PENDING_AG03,FALSE,NOT_FOR_ENFORCEMENT,9483.6071,484680.3568,9878.7574,9483.6071,395.1503,0.01770420,0.01699603,395.1503,9483.6071,0.01699603,395.1503,395.1503,395.1503,0.0000,0.0000,9483.6071,0.01699603,1185.4509,1138.6651,8693.3065,8740.0923,0.01557970,0.01566354,0.00070817,22.4534,20.6030,0.4031,82.3230,2.6463,4649.9123,204.2083,25.9152,21.1137,12.8578,14.5296,26.176,48.8436,54.2173,102.8621,13.088,0.0,3.731508,7.079487,1.545355,30,207,63,6,0.32204186,0.01770420,-0.00338982,0E-8,0.000000,0.904812,0.002133,0.03111404,2026-03-21,2026-08-06,120,3733,1703,139,0.863309,1.227414,1.154177,1.073473,,,,,,,,GLOBAL_BASELINE_NO_ENTITY_RANKING,,,NOT_APPLICABLE_GLOBAL_BASELINE,HF9g-P5,,,,X 全窗基线 · 不参与实体赏罚,15053263,1506,A168_HF9F_20260827_0900,2026-08-27 09:00:00
2026-06-23,127529701,2155,0,280.2993288246,181.1659423457,181.1659423457,0.8333333,7,7,0.50282064285714286,0.502820642857,1.6192006553726281,1.6192006553733256,1.6192006553726281,1.4286E-13,ELIGIBLE,R03b_20260811_FULL_v1,L1_ELIGIBILITY,v2026-08-11,2026-03-21..2026-08-06,baccarat_bet02_101_all_pairs_incl_sentinel,round_win = game_pnl > 0 (decisive only),COMPATIBILITY_ONLY_NOT_PRODUCTION,557989.4742,504875.3716,9878.7574,24851,24505,-0.01770420,0.00338982,-0.02772422,-0.01770420,-9878.7574,557989.4742,OK,0.0000,395.1503,4.0000,96.0000,AG03-UNRESOLVED,ALL5_LEVELS_bet23_to_bet27,395.1503,395.1503,395.1503,0.0000,0.0000,4.000000,4.000000,4.000000,0.000000,0.000000,96.000000,96.000000,96.000000,100.000000,100.000000,5.0,1185.4509,1138.6651,8693.3065,8740.0923,PENDING_AG03,FALSE,NOT_FOR_ENFORCEMENT,9483.6071,484680.3568,9878.7574,9483.6071,395.1503,0.01770420,0.01699603,395.1503,9483.6071,0.01699603,395.1503,395.1503,395.1503,0.0000,0.0000,9483.6071,0.01699603,1185.4509,1138.6651,8693.3065,8740.0923,0.01557970,0.01566354,0.00070817,22.4534,20.6030,0.4031,82.3230,2.6463,4649.9123,204.2083,25.9152,21.1137,12.8578,14.5296,26.176,48.8436,54.2173,102.8621,13.088,0.0,3.731508,7.079487,1.545355,30,207,63,6,0.32204186,0.01770420,-0.00338982,0E-8,0.000000,0.904812,0.002133,0.03111404,2026-03-21,2026-08-06,120,3733,1703,139,0.863309,1.227414,1.154177,1.073473,,,,,,,,GLOBAL_BASELINE_NO_ENTITY_RANKING,,,NOT_APPLICABLE_GLOBAL_BASELINE,HF9g-P5,,,,X 全窗基线 · 不参与实体赏罚,15053264,1506,A168_HF9F_20260827_0900,2026-08-27 09:00:00
2026-06-23,127529701,2167,0,300.8717566282,104.1479157557,104.1479157557,0.7500000,12,12,0.50106520000000000,0.501065200000,1.724674799300538,1.7246747993005382,1.724674799300538,0E-17,ELIGIBLE,R03b_20260811_FULL_v1,L1_ELIGIBILITY,v2026-08-11,2026-03-21..2026-08-06,baccarat_bet02_101_all_pairs_incl_sentinel,round_win = game_pnl > 0 (decisive only),COMPATIBILITY_ONLY_NOT_PRODUCTION,557989.4742,504875.3716,9878.7574,24851,24505,-0.01770420,0.00338982,-0.02772422,-0.01770420,-9878.7574,557989.4742,OK,0.0000,395.1503,4.0000,96.0000,AG03-UNRESOLVED,ALL5_LEVELS_bet23_to_bet27,395.1503,395.1503,395.1503,0.0000,0.0000,4.000000,4.000000,4.000000,0.000000,0.000000,96.000000,96.000000,96.000000,100.000000,100.000000,5.0,1185.4509,1138.6651,8693.3065,8740.0923,PENDING_AG03,FALSE,NOT_FOR_ENFORCEMENT,9483.6071,484680.3568,9878.7574,9483.6071,395.1503,0.01770420,0.01699603,395.1503,9483.6071,0.01699603,395.1503,395.1503,395.1503,0.0000,0.0000,9483.6071,0.01699603,1185.4509,1138.6651,8693.3065,8740.0923,0.01557970,0.01566354,0.00070817,22.4534,20.6030,0.4031,82.3230,2.6463,4649.9123,204.2083,25.9152,21.1137,12.8578,14.5296,26.176,48.8436,54.2173,102.8621,13.088,0.0,3.731508,7.079487,1.545355,30,207,63,6,0.32204186,0.01770420,-0.00338982,0E-8,0.000000,0.904812,0.002133,0.03111404,2026-03-21,2026-08-06,120,3733,1703,139,0.863309,1.227414,1.154177,1.073473,,,,,,,,GLOBAL_BASELINE_NO_ENTITY_RANKING,,,NOT_APPLICABLE_GLOBAL_BASELINE,HF9g-P5,,,,X 全窗基线 · 不参与实体赏罚,15053265,1506,A168_HF9F_20260827_0900,2026-08-27 09:00:00
2026-06-23,127529701,2170,0,401.4194975183,-82.8040219096,-82.8040219096,0.4375000,18,18,0.49994810000000000,0.499948100000,-0.49958480269137323,-0.49958480269137323,-0.49958480269137323,0E-17,ELIGIBLE,R03b_20260811_FULL_v1,L1_ELIGIBILITY,v2026-08-11,2026-03-21..2026-08-06,baccarat_bet02_101_all_pairs_incl_sentinel,round_win = game_pnl > 0 (decisive only),COMPATIBILITY_ONLY_NOT_PRODUCTION,557989.4742,504875.3716,9878.7574,24851,24505,-0.01770420,0.00338982,-0.02772422,-0.01770420,-9878.7574,557989.4742,OK,0.0000,395.1503,4.0000,96.0000,AG03-UNRESOLVED,ALL5_LEVELS_bet23_to_bet27,395.1503,395.1503,395.1503,0.0000,0.0000,4.000000,4.000000,4.000000,0.000000,0.000000,96.000000,96.000000,96.000000,100.000000,100.000000,5.0,1185.4509,1138.6651,8693.3065,8740.0923,PENDING_AG03,FALSE,NOT_FOR_ENFORCEMENT,9483.6071,484680.3568,9878.7574,9483.6071,395.1503,0.01770420,0.01699603,395.1503,9483.6071,0.01699603,395.1503,395.1503,395.1503,0.0000,0.0000,9483.6071,0.01699603,1185.4509,1138.6651,8693.3065,8740.0923,0.01557970,0.01566354,0.00070817,22.4534,20.6030,0.4031,82.3230,2.6463,4649.9123,204.2083,25.9152,21.1137,12.8578,14.5296,26.176,48.8436,54.2173,102.8621,13.088,0.0,3.731508,7.079487,1.545355,30,207,63,6,0.32204186,0.01770420,-0.00338982,0E-8,0.000000,0.904812,0.002133,0.03111404,2026-03-21,2026-08-06,120,3733,1703,139,0.863309,1.227414,1.154177,1.073473,,,,,,,,GLOBAL_BASELINE_NO_ENTITY_RANKING,,,NOT_APPLICABLE_GLOBAL_BASELINE,HF9g-P5,,,,X 全窗基线 · 不参与实体赏罚,15053266,1506,A168_HF9F_20260827_0900,2026-08-27 09:00:00
2026-06-23,127529701,2174,0,749.8649934425,-108.9695785225,-108.9695785225,0.4642857,31,31,0.49973188709677419,0.499731887097,-0.37512708668000677,-0.37512708668239647,-0.37512708668000677,-2.2581E-13,ELIGIBLE,R03b_20260811_FULL_v1,L1_ELIGIBILITY,v2026-08-11,2026-03-21..2026-08-06,baccarat_bet02_101_all_pairs_incl_sentinel,round_win = game_pnl > 0 (decisive only),COMPATIBILITY_ONLY_NOT_PRODUCTION,557989.4742,504875.3716,9878.7574,24851,24505,-0.01770420,0.00338982,-0.02772422,-0.01770420,-9878.7574,557989.4742,OK,0.0000,395.1503,4.0000,96.0000,AG03-UNRESOLVED,ALL5_LEVELS_bet23_to_bet27,395.1503,395.1503,395.1503,0.0000,0.0000,4.000000,4.000000,4.000000,0.000000,0.000000,96.000000,96.000000,96.000000,100.000000,100.000000,5.0,1185.4509,1138.6651,8693.3065,8740.0923,PENDING_AG03,FALSE,NOT_FOR_ENFORCEMENT,9483.6071,484680.3568,9878.7574,9483.6071,395.1503,0.01770420,0.01699603,395.1503,9483.6071,0.01699603,395.1503,395.1503,395.1503,0.0000,0.0000,9483.6071,0.01699603,1185.4509,1138.6651,8693.3065,8740.0923,0.01557970,0.01566354,0.00070817,22.4534,20.6030,0.4031,82.3230,2.6463,4649.9123,204.2083,25.9152,21.1137,12.8578,14.5296,26.176,48.8436,54.2173,102.8621,13.088,0.0,3.731508,7.079487,1.545355,30,207,63,6,0.32204186,0.01770420,-0.00338982,0E-8,0.000000,0.904812,0.002133,0.03111404,2026-03-21,2026-08-06,120,3733,1703,139,0.863309,1.227414,1.154177,1.073473,,,,,,,,GLOBAL_BASELINE_NO_ENTITY_RANKING,,,NOT_APPLICABLE_GLOBAL_BASELINE,HF9g-P5,,,,X 全窗基线 · 不参与实体赏罚,15053267,1506,A168_HF9F_20260827_0900,2026-08-27 09:00:00
2026-06-23,127529701,2208,0,301.9003780184,-14.3106950911,-14.3106950911,0.6153846,13,13,0.50149485384615385,0.501494853846,0.8212744203827451,0.8212744203838539,0.8212744203827451,1.5385E-13,ELIGIBLE,R03b_20260811_FULL_v1,L1_ELIGIBILITY,v2026-08-11,2026-03-21..2026-08-06,baccarat_bet02_101_all_pairs_incl_sentinel,round_win = game_pnl > 0 (decisive only),COMPATIBILITY_ONLY_NOT_PRODUCTION,557989.4742,504875.3716,9878.7574,24851,24505,-0.01770420,0.00338982,-0.02772422,-0.01770420,-9878.7574,557989.4742,OK,0.0000,395.1503,4.0000,96.0000,AG03-UNRESOLVED,ALL5_LEVELS_bet23_to_bet27,395.1503,395.1503,395.1503,0.0000,0.0000,4.000000,4.000000,4.000000,0.000000,0.000000,96.000000,96.000000,96.000000,100.000000,100.000000,5.0,1185.4509,1138.6651,8693.3065,8740.0923,PENDING_AG03,FALSE,NOT_FOR_ENFORCEMENT,9483.6071,484680.3568,9878.7574,9483.6071,395.1503,0.01770420,0.01699603,395.1503,9483.6071,0.01699603,395.1503,395.1503,395.1503,0.0000,0.0000,9483.6071,0.01699603,1185.4509,1138.6651,8693.3065,8740.0923,0.01557970,0.01566354,0.00070817,22.4534,20.6030,0.4031,82.3230,2.6463,4649.9123,204.2083,25.9152,21.1137,12.8578,14.5296,26.176,48.8436,54.2173,102.8621,13.088,0.0,3.731508,7.079487,1.545355,30,207,63,6,0.32204186,0.01770420,-0.00338982,0E-8,0.000000,0.904812,0.002133,0.03111404,2026-03-21,2026-08-06,120,3733,1703,139,0.863309,1.227414,1.154177,1.073473,,,,,,,,GLOBAL_BASELINE_NO_ENTITY_RANKING,,,NOT_APPLICABLE_GLOBAL_BASELINE,HF9g-P5,,,,X 全窗基线 · 不参与实体赏罚,15053268,1506,A168_HF9F_20260827_0900,2026-08-27 09:00:00
2026-06-23,127529701,2209,0,114.1769743102,12.4720343558,12.4720343558,0.5000000,4,4,0.49994810000000000,0.499948100000,0.00020760000111838688,0.00020760000111838688,0.00020760000111838688,0E-17,ELIGIBLE,R03b_20260811_FULL_v1,L1_ELIGIBILITY,v2026-08-11,2026-03-21..2026-08-06,baccarat_bet02_101_all_pairs_incl_sentinel,round_win = game_pnl > 0 (decisive only),COMPATIBILITY_ONLY_NOT_PRODUCTION,557989.4742,504875.3716,9878.7574,24851,24505,-0.01770420,0.00338982,-0.02772422,-0.01770420,-9878.7574,557989.4742,OK,0.0000,395.1503,4.0000,96.0000,AG03-UNRESOLVED,ALL5_LEVELS_bet23_to_bet27,395.1503,395.1503,395.1503,0.0000,0.0000,4.000000,4.000000,4.000000,0.000000,0.000000,96.000000,96.000000,96.000000,100.000000,100.000000,5.0,1185.4509,1138.6651,8693.3065,8740.0923,PENDING_AG03,FALSE,NOT_FOR_ENFORCEMENT,9483.6071,484680.3568,9878.7574,9483.6071,395.1503,0.01770420,0.01699603,395.1503,9483.6071,0.01699603,395.1503,395.1503,395.1503,0.0000,0.0000,9483.6071,0.01699603,1185.4509,1138.6651,8693.3065,8740.0923,0.01557970,0.01566354,0.00070817,22.4534,20.6030,0.4031,82.3230,2.6463,4649.9123,204.2083,25.9152,21.1137,12.8578,14.5296,26.176,48.8436,54.2173,102.8621,13.088,0.0,3.731508,7.079487,1.545355,30,207,63,6,0.32204186,0.01770420,-0.00338982,0E-8,0.000000,0.904812,0.002133,0.03111404,2026-03-21,2026-08-06,120,3733,1703,139,0.863309,1.227414,1.154177,1.073473,,,,,,,,GLOBAL_BASELINE_NO_ENTITY_RANKING,,,NOT_APPLICABLE_GLOBAL_BASELINE,HF9g-P5,,,,X 全窗基线 · 不参与实体赏罚,15053269,1506,A168_HF9F_20260827_0900,2026-08-27 09:00:00
2026-06-23,127529701,2212,0,455.9364311981,319.9012523465,319.9012523465,0.8125000,16,16,0.49659680000000000,0.496596800000,2.527284141526539,2.5272841415265392,2.527284141526539,0E-17,ELIGIBLE,R03b_20260811_FULL_v1,L1_ELIGIBILITY,v2026-08-11,2026-03-21..2026-08-06,baccarat_bet02_101_all_pairs_incl_sentinel,round_win = game_pnl > 0 (decisive only),COMPATIBILITY_ONLY_NOT_PRODUCTION,557989.4742,504875.3716,9878.7574,24851,24505,-0.01770420,0.00338982,-0.02772422,-0.01770420,-9878.7574,557989.4742,OK,0.0000,395.1503,4.0000,96.0000,AG03-UNRESOLVED,ALL5_LEVELS_bet23_to_bet27,395.1503,395.1503,395.1503,0.0000,0.0000,4.000000,4.000000,4.000000,0.000000,0.000000,96.000000,96.000000,96.000000,100.000000,100.000000,5.0,1185.4509,1138.6651,8693.3065,8740.0923,PENDING_AG03,FALSE,NOT_FOR_ENFORCEMENT,9483.6071,484680.3568,9878.7574,9483.6071,395.1503,0.01770420,0.01699603,395.1503,9483.6071,0.01699603,395.1503,395.1503,395.1503,0.0000,0.0000,9483.6071,0.01699603,1185.4509,1138.6651,8693.3065,8740.0923,0.01557970,0.01566354,0.00070817,22.4534,20.6030,0.4031,82.3230,2.6463,4649.9123,204.2083,25.9152,21.1137,12.8578,14.5296,26.176,48.8436,54.2173,102.8621,13.088,0.0,3.731508,7.079487,1.545355,30,207,63,6,0.32204186,0.01770420,-0.00338982,0E-8,0.000000,0.904812,0.002133,0.03111404,2026-03-21,2026-08-06,120,3733,1703,139,0.863309,1.227414,1.154177,1.073473,,,,,,,,GLOBAL_BASELINE_NO_ENTITY_RANKING,,,NOT_APPLICABLE_GLOBAL_BASELINE,HF9g-P5,,,,X 全窗基线 · 不参与实体赏罚,15053270,1506,A168_HF9F_20260827_0900,2026-08-27 09:00:00
2026-06-23,127529701,2223,0,151.9788103994,31.9772674672,31.9772674672,0.4285714,8,8,0.50497505000000000,0.504975050000,-0.4043099778764335,-0.4043099778764335,-0.4043099778764335,0E-17,ELIGIBLE,R03b_20260811_FULL_v1,L1_ELIGIBILITY,v2026-08-11,2026-03-21..2026-08-06,baccarat_bet02_101_all_pairs_incl_sentinel,round_win = game_pnl > 0 (decisive only),COMPATIBILITY_ONLY_NOT_PRODUCTION,557989.4742,504875.3716,9878.7574,24851,24505,-0.01770420,0.00338982,-0.02772422,-0.01770420,-9878.7574,557989.4742,OK,0.0000,395.1503,4.0000,96.0000,AG03-UNRESOLVED,ALL5_LEVELS_bet23_to_bet27,395.1503,395.1503,395.1503,0.0000,0.0000,4.000000,4.000000,4.000000,0.000000,0.000000,96.000000,96.000000,96.000000,100.000000,100.000000,5.0,1185.4509,1138.6651,8693.3065,8740.0923,PENDING_AG03,FALSE,NOT_FOR_ENFORCEMENT,9483.6071,484680.3568,9878.7574,9483.6071,395.1503,0.01770420,0.01699603,395.1503,9483.6071,0.01699603,395.1503,395.1503,395.1503,0.0000,0.0000,9483.6071,0.01699603,1185.4509,1138.6651,8693.3065,8740.0923,0.01557970,0.01566354,0.00070817,22.4534,20.6030,0.4031,82.3230,2.6463,4649.9123,204.2083,25.9152,21.1137,12.8578,14.5296,26.176,48.8436,54.2173,102.8621,13.088,0.0,3.731508,7.079487,1.545355,30,207,63,6,0.32204186,0.01770420,-0.00338982,0E-8,0.000000,0.904812,0.002133,0.03111404,2026-03-21,2026-08-06,120,3733,1703,139,0.863309,1.227414,1.154177,1.073473,,,,,,,,GLOBAL_BASELINE_NO_ENTITY_RANKING,,,NOT_APPLICABLE_GLOBAL_BASELINE,HF9g-P5,,,,X 全窗基线 · 不参与实体赏罚,15053271,1506,A168_HF9F_20260827_0900,2026-08-27 09:00:00
2026-06-23,127529701,2224,0,602.0006686037,22.0639288194,22.0639288194,0.5294118,22,21,0.49940881034482773,0.499309757143,0.24741087276526616,0.2482277499788001,0.24741087276526616,0.00009905320182773,ELIGIBLE,R03b_20260811_FULL_v1,L1_ELIGIBILITY,v2026-08-11,2026-03-21..2026-08-06,baccarat_bet02_101_all_pairs_incl_sentinel,round_win = game_pnl > 0 (decisive only),COMPATIBILITY_ONLY_NOT_PRODUCTION,557989.4742,504875.3716,9878.7574,24851,24505,-0.01770420,0.00338982,-0.02772422,-0.01770420,-9878.7574,557989.4742,OK,0.0000,395.1503,4.0000,96.0000,AG03-UNRESOLVED,ALL5_LEVELS_bet23_to_bet27,395.1503,395.1503,395.1503,0.0000,0.0000,4.000000,4.000000,4.000000,0.000000,0.000000,96.000000,96.000000,96.000000,100.000000,100.000000,5.0,1185.4509,1138.6651,8693.3065,8740.0923,PENDING_AG03,FALSE,NOT_FOR_ENFORCEMENT,9483.6071,484680.3568,9878.7574,9483.6071,395.1503,0.01770420,0.01699603,395.1503,9483.6071,0.01699603,395.1503,395.1503,395.1503,0.0000,0.0000,9483.6071,0.01699603,1185.4509,1138.6651,8693.3065,8740.0923,0.01557970,0.01566354,0.00070817,22.4534,20.6030,0.4031,82.3230,2.6463,4649.9123,204.2083,25.9152,21.1137,12.8578,14.5296,26.176,48.8436,54.2173,102.8621,13.088,0.0,3.731508,7.079487,1.545355,30,207,63,6,0.32204186,0.01770420,-0.00338982,0E-8,0.000000,0.904812,0.002133,0.03111404,2026-03-21,2026-08-06,120,3733,1703,139,0.863309,1.227414,1.154177,1.073473,,,,,,,,GLOBAL_BASELINE_NO_ENTITY_RANKING,,,NOT_APPLICABLE_GLOBAL_BASELINE,HF9g-P5,,,,X 全窗基线 · 不参与实体赏罚,15053272,1506,A168_HF9F_20260827_0900,2026-08-27 09:00:00
2026-06-23,127529701,2241,0,12.8577673773,-12.8577673773,-12.8577673773,0E-7,1,1,0.50665070000000000,0.506650700000,-1.013391052207602,-1.013391052207602,-1.013391052207602,0E-17,ELIGIBLE,R03b_20260811_FULL_v1,L1_ELIGIBILITY,v2026-08-11,2026-03-21..2026-08-06,baccarat_bet02_101_all_pairs_incl_sentinel,round_win = game_pnl > 0 (decisive only),COMPATIBILITY_ONLY_NOT_PRODUCTION,557989.4742,504875.3716,9878.7574,24851,24505,-0.01770420,0.00338982,-0.02772422,-0.01770420,-9878.7574,557989.4742,OK,0.0000,395.1503,4.0000,96.0000,AG03-UNRESOLVED,ALL5_LEVELS_bet23_to_bet27,395.1503,395.1503,395.1503,0.0000,0.0000,4.000000,4.000000,4.000000,0.000000,0.000000,96.000000,96.000000,96.000000,100.000000,100.000000,5.0,1185.4509,1138.6651,8693.3065,8740.0923,PENDING_AG03,FALSE,NOT_FOR_ENFORCEMENT,9483.6071,484680.3568,9878.7574,9483.6071,395.1503,0.01770420,0.01699603,395.1503,9483.6071,0.01699603,395.1503,395.1503,395.1503,0.0000,0.0000,9483.6071,0.01699603,1185.4509,1138.6651,8693.3065,8740.0923,0.01557970,0.01566354,0.00070817,22.4534,20.6030,0.4031,82.3230,2.6463,4649.9123,204.2083,25.9152,21.1137,12.8578,14.5296,26.176,48.8436,54.2173,102.8621,13.088,0.0,3.731508,7.079487,1.545355,30,207,63,6,0.32204186,0.01770420,-0.00338982,0E-8,0.000000,0.904812,0.002133,0.03111404,2026-03-21,2026-08-06,120,3733,1703,139,0.863309,1.227414,1.154177,1.073473,,,,,,,,GLOBAL_BASELINE_NO_ENTITY_RANKING,,,NOT_APPLICABLE_GLOBAL_BASELINE,HF9g-P5,,,,X 全窗基线 · 不参与实体赏罚,15053273,1506,A168_HF9F_20260827_0900,2026-08-27 09:00:00
2026-06-23,127529701,2251,0,138.3495769794,-41.3762954199,-41.3762954199,0.3333333,10,10,0.50128862000000000,0.501288620000,-1.007735066777365,-1.0077350667773652,-1.007735066777365,0E-17,ELIGIBLE,R03b_20260811_FULL_v1,L1_ELIGIBILITY,v2026-08-11,2026-03-21..2026-08-06,baccarat_bet02_101_all_pairs_incl_sentinel,round_win = game_pnl > 0 (decisive only),COMPATIBILITY_ONLY_NOT_PRODUCTION,557989.4742,504875.3716,9878.7574,24851,24505,-0.01770420,0.00338982,-0.02772422,-0.01770420,-9878.7574,557989.4742,OK,0.0000,395.1503,4.0000,96.0000,AG03-UNRESOLVED,ALL5_LEVELS_bet23_to_bet27,395.1503,395.1503,395.1503,0.0000,0.0000,4.000000,4.000000,4.000000,0.000000,0.000000,96.000000,96.000000,96.000000,100.000000,100.000000,5.0,1185.4509,1138.6651,8693.3065,8740.0923,PENDING_AG03,FALSE,NOT_FOR_ENFORCEMENT,9483.6071,484680.3568,9878.7574,9483.6071,395.1503,0.01770420,0.01699603,395.1503,9483.6071,0.01699603,395.1503,395.1503,395.1503,0.0000,0.0000,9483.6071,0.01699603,1185.4509,1138.6651,8693.3065,8740.0923,0.01557970,0.01566354,0.00070817,22.4534,20.6030,0.4031,82.3230,2.6463,4649.9123,204.2083,25.9152,21.1137,12.8578,14.5296,26.176,48.8436,54.2173,102.8621,13.088,0.0,3.731508,7.079487,1.545355,30,207,63,6,0.32204186,0.01770420,-0.00338982,0E-8,0.000000,0.904812,0.002133,0.03111404,2026-03-21,2026-08-06,120,3733,1703,139,0.863309,1.227414,1.154177,1.073473,,,,,,,,GLOBAL_BASELINE_NO_ENTITY_RANKING,,,NOT_APPLICABLE_GLOBAL_BASELINE,HF9g-P5,,,,X 全窗基线 · 不参与实体赏罚,15053274,1506,A168_HF9F_20260827_0900,2026-08-27 09:00:00
2026-06-23,127529701,2256,0,144.0069946254,51.4310695091,51.4310695091,1.0000000,4,4,0.49659680000000000,0.496596800000,1.0068297220111357,1.0068297220111357,1.0068297220111357,0E-17,ELIGIBLE,R03b_20260811_FULL_v1,L1_ELIGIBILITY,v2026-08-11,2026-03-21..2026-08-06,baccarat_bet02_101_all_pairs_incl_sentinel,round_win = game_pnl > 0 (decisive only),COMPATIBILITY_ONLY_NOT_PRODUCTION,557989.4742,504875.3716,9878.7574,24851,24505,-0.01770420,0.00338982,-0.02772422,-0.01770420,-9878.7574,557989.4742,OK,0.0000,395.1503,4.0000,96.0000,AG03-UNRESOLVED,ALL5_LEVELS_bet23_to_bet27,395.1503,395.1503,395.1503,0.0000,0.0000,4.000000,4.000000,4.000000,0.000000,0.000000,96.000000,96.000000,96.000000,100.000000,100.000000,5.0,1185.4509,1138.6651,8693.3065,8740.0923,PENDING_AG03,FALSE,NOT_FOR_ENFORCEMENT,9483.6071,484680.3568,9878.7574,9483.6071,395.1503,0.01770420,0.01699603,395.1503,9483.6071,0.01699603,395.1503,395.1503,395.1503,0.0000,0.0000,9483.6071,0.01699603,1185.4509,1138.6651,8693.3065,8740.0923,0.01557970,0.01566354,0.00070817,22.4534,20.6030,0.4031,82.3230,2.6463,4649.9123,204.2083,25.9152,21.1137,12.8578,14.5296,26.176,48.8436,54.2173,102.8621,13.088,0.0,3.731508,7.079487,1.545355,30,207,63,6,0.32204186,0.01770420,-0.00338982,0E-8,0.000000,0.904812,0.002133,0.03111404,2026-03-21,2026-08-06,120,3733,1703,139,0.863309,1.227414,1.154177,1.073473,,,,,,,,GLOBAL_BASELINE_NO_ENTITY_RANKING,,,NOT_APPLICABLE_GLOBAL_BASELINE,HF9g-P5,,,,X 全窗基线 · 不参与实体赏罚,15053275,1506,A168_HF9F_20260827_0900,2026-08-27 09:00:00
2026-06-23,127529701,471,0,226.2967058401,-31.7586854219,-31.7586854219,0.5714286,8,8,0.49994810000000000,0.499948100000,0.37823910403297295,0.37823910403297295,0.37823910403297295,0E-17,ELIGIBLE,R03b_20260811_FULL_v1,L1_ELIGIBILITY,v2026-08-11,2026-03-21..2026-08-06,baccarat_bet02_101_all_pairs_incl_sentinel,round_win = game_pnl > 0 (decisive only),COMPATIBILITY_ONLY_NOT_PRODUCTION,557989.4742,504875.3716,9878.7574,24851,24505,-0.01770420,0.00338982,-0.02772422,-0.01770420,-9878.7574,557989.4742,OK,0.0000,395.1503,4.0000,96.0000,AG03-UNRESOLVED,ALL5_LEVELS_bet23_to_bet27,395.1503,395.1503,395.1503,0.0000,0.0000,4.000000,4.000000,4.000000,0.000000,0.000000,96.000000,96.000000,96.000000,100.000000,100.000000,5.0,1185.4509,1138.6651,8693.3065,8740.0923,PENDING_AG03,FALSE,NOT_FOR_ENFORCEMENT,9483.6071,484680.3568,9878.7574,9483.6071,395.1503,0.01770420,0.01699603,395.1503,9483.6071,0.01699603,395.1503,395.1503,395.1503,0.0000,0.0000,9483.6071,0.01699603,1185.4509,1138.6651,8693.3065,8740.0923,0.01557970,0.01566354,0.00070817,22.4534,20.6030,0.4031,82.3230,2.6463,4649.9123,204.2083,25.9152,21.1137,12.8578,14.5296,26.176,48.8436,54.2173,102.8621,13.088,0.0,3.731508,7.079487,1.545355,30,207,63,6,0.32204186,0.01770420,-0.00338982,0E-8,0.000000,0.904812,0.002133,0.03111404,2026-03-21,2026-08-06,120,3733,1703,139,0.863309,1.227414,1.154177,1.073473,,,,,,,,GLOBAL_BASELINE_NO_ENTITY_RANKING,,,NOT_APPLICABLE_GLOBAL_BASELINE,HF9g-P5,,,,X 全窗基线 · 不参与实体赏罚,15053276,1506,A168_HF9F_20260827_0900,2026-08-27 09:00:00
2026-06-23,127529701,550,0,462.8796255820,-79.7181577392,-79.7181577392,0.5263158,21,21,0.49962892857142857,0.499628928571,0.23265072365574674,0.23265072365948303,0.23265072365574674,4.2857E-13,ELIGIBLE,R03b_20260811_FULL_v1,L1_ELIGIBILITY,v2026-08-11,2026-03-21..2026-08-06,baccarat_bet02_101_all_pairs_incl_sentinel,round_win = game_pnl > 0 (decisive only),COMPATIBILITY_ONLY_NOT_PRODUCTION,557989.4742,504875.3716,9878.7574,24851,24505,-0.01770420,0.00338982,-0.02772422,-0.01770420,-9878.7574,557989.4742,OK,0.0000,395.1503,4.0000,96.0000,AG03-UNRESOLVED,ALL5_LEVELS_bet23_to_bet27,395.1503,395.1503,395.1503,0.0000,0.0000,4.000000,4.000000,4.000000,0.000000,0.000000,96.000000,96.000000,96.000000,100.000000,100.000000,5.0,1185.4509,1138.6651,8693.3065,8740.0923,PENDING_AG03,FALSE,NOT_FOR_ENFORCEMENT,9483.6071,484680.3568,9878.7574,9483.6071,395.1503,0.01770420,0.01699603,395.1503,9483.6071,0.01699603,395.1503,395.1503,395.1503,0.0000,0.0000,9483.6071,0.01699603,1185.4509,1138.6651,8693.3065,8740.0923,0.01557970,0.01566354,0.00070817,22.4534,20.6030,0.4031,82.3230,2.6463,4649.9123,204.2083,25.9152,21.1137,12.8578,14.5296,26.176,48.8436,54.2173,102.8621,13.088,0.0,3.731508,7.079487,1.545355,30,207,63,6,0.32204186,0.01770420,-0.00338982,0E-8,0.000000,0.904812,0.002133,0.03111404,2026-03-21,2026-08-06,120,3733,1703,139,0.863309,1.227414,1.154177,1.073473,,,,,,,,GLOBAL_BASELINE_NO_ENTITY_RANKING,,,NOT_APPLICABLE_GLOBAL_BASELINE,HF9g-P5,,,,X 全窗基线 · 不参与实体赏罚,15053277,1506,A168_HF9F_20260827_0900,2026-08-27 09:00:00
2026-06-23,127529701,576,0,91.8044590739,-15.3007431790,-15.3007431790,0.5000000,6,6,0.49771390000000000,0.497713900000,0.011199674067230152,0.011199674067230152,0.011199674067230152,0E-17,ELIGIBLE,R03b_20260811_FULL_v1,L1_ELIGIBILITY,v2026-08-11,2026-03-21..2026-08-06,baccarat_bet02_101_all_pairs_incl_sentinel,round_win = game_pnl > 0 (decisive only),COMPATIBILITY_ONLY_NOT_PRODUCTION,557989.4742,504875.3716,9878.7574,24851,24505,-0.01770420,0.00338982,-0.02772422,-0.01770420,-9878.7574,557989.4742,OK,0.0000,395.1503,4.0000,96.0000,AG03-UNRESOLVED,ALL5_LEVELS_bet23_to_bet27,395.1503,395.1503,395.1503,0.0000,0.0000,4.000000,4.000000,4.000000,0.000000,0.000000,96.000000,96.000000,96.000000,100.000000,100.000000,5.0,1185.4509,1138.6651,8693.3065,8740.0923,PENDING_AG03,FALSE,NOT_FOR_ENFORCEMENT,9483.6071,484680.3568,9878.7574,9483.6071,395.1503,0.01770420,0.01699603,395.1503,9483.6071,0.01699603,395.1503,395.1503,395.1503,0.0000,0.0000,9483.6071,0.01699603,1185.4509,1138.6651,8693.3065,8740.0923,0.01557970,0.01566354,0.00070817,22.4534,20.6030,0.4031,82.3230,2.6463,4649.9123,204.2083,25.9152,21.1137,12.8578,14.5296,26.176,48.8436,54.2173,102.8621,13.088,0.0,3.731508,7.079487,1.545355,30,207,63,6,0.32204186,0.01770420,-0.00338982,0E-8,0.000000,0.904812,0.002133,0.03111404,2026-03-21,2026-08-06,120,3733,1703,139,0.863309,1.227414,1.154177,1.073473,,,,,,,,GLOBAL_BASELINE_NO_ENTITY_RANKING,,,NOT_APPLICABLE_GLOBAL_BASELINE,HF9g-P5,,,,X 全窗基线 · 不参与实体赏罚,15053278,1506,A168_HF9F_20260827_0900,2026-08-27 09:00:00
2026-06-23,127529701,583,0,77.1466042636,-1.2857767377,-1.2857767377,0.6666667,3,3,0.49771390000000000,0.497713900000,0.5852756695216578,0.5852756695216578,0.5852756695216578,0E-17,ELIGIBLE,R03b_20260811_FULL_v1,L1_ELIGIBILITY,v2026-08-11,2026-03-21..2026-08-06,baccarat_bet02_101_all_pairs_incl_sentinel,round_win = game_pnl > 0 (decisive only),COMPATIBILITY_ONLY_NOT_PRODUCTION,557989.4742,504875.3716,9878.7574,24851,24505,-0.01770420,0.00338982,-0.02772422,-0.01770420,-9878.7574,557989.4742,OK,0.0000,395.1503,4.0000,96.0000,AG03-UNRESOLVED,ALL5_LEVELS_bet23_to_bet27,395.1503,395.1503,395.1503,0.0000,0.0000,4.000000,4.000000,4.000000,0.000000,0.000000,96.000000,96.000000,96.000000,100.000000,100.000000,5.0,1185.4509,1138.6651,8693.3065,8740.0923,PENDING_AG03,FALSE,NOT_FOR_ENFORCEMENT,9483.6071,484680.3568,9878.7574,9483.6071,395.1503,0.01770420,0.01699603,395.1503,9483.6071,0.01699603,395.1503,395.1503,395.1503,0.0000,0.0000,9483.6071,0.01699603,1185.4509,1138.6651,8693.3065,8740.0923,0.01557970,0.01566354,0.00070817,22.4534,20.6030,0.4031,82.3230,2.6463,4649.9123,204.2083,25.9152,21.1137,12.8578,14.5296,26.176,48.8436,54.2173,102.8621,13.088,0.0,3.731508,7.079487,1.545355,30,207,63,6,0.32204186,0.01770420,-0.00338982,0E-8,0.000000,0.904812,0.002133,0.03111404,2026-03-21,2026-08-06,120,3733,1703,139,0.863309,1.227414,1.154177,1.073473,,,,,,,,GLOBAL_BASELINE_NO_ENTITY_RANKING,,,NOT_APPLICABLE_GLOBAL_BASELINE,HF9g-P5,,,,X 全窗基线 · 不参与实体赏罚,15053279,1506,A168_HF9F_20260827_0900,2026-08-27 09:00:00
2026-06-23,127529701,595,0,221.1535988891,-100.9334739116,-100.9334739116,0.6000000,6,6,0.50218230000000000,0.502182300000,0.4374582199563857,0.4374582199563857,0.4374582199563857,0E-17,ELIGIBLE,R03b_20260811_FULL_v1,L1_ELIGIBILITY,v2026-08-11,2026-03-21..2026-08-06,baccarat_bet02_101_all_pairs_incl_sentinel,round_win = game_pnl > 0 (decisive only),COMPATIBILITY_ONLY_NOT_PRODUCTION,557989.4742,504875.3716,9878.7574,24851,24505,-0.01770420,0.00338982,-0.02772422,-0.01770420,-9878.7574,557989.4742,OK,0.0000,395.1503,4.0000,96.0000,AG03-UNRESOLVED,ALL5_LEVELS_bet23_to_bet27,395.1503,395.1503,395.1503,0.0000,0.0000,4.000000,4.000000,4.000000,0.000000,0.000000,96.000000,96.000000,96.000000,100.000000,100.000000,5.0,1185.4509,1138.6651,8693.3065,8740.0923,PENDING_AG03,FALSE,NOT_FOR_ENFORCEMENT,9483.6071,484680.3568,9878.7574,9483.6071,395.1503,0.01770420,0.01699603,395.1503,9483.6071,0.01699603,395.1503,395.1503,395.1503,0.0000,0.0000,9483.6071,0.01699603,1185.4509,1138.6651,8693.3065,8740.0923,0.01557970,0.01566354,0.00070817,22.4534,20.6030,0.4031,82.3230,2.6463,4649.9123,204.2083,25.9152,21.1137,12.8578,14.5296,26.176,48.8436,54.2173,102.8621,13.088,0.0,3.731508,7.079487,1.545355,30,207,63,6,0.32204186,0.01770420,-0.00338982,0E-8,0.000000,0.904812,0.002133,0.03111404,2026-03-21,2026-08-06,120,3733,1703,139,0.863309,1.227414,1.154177,1.073473,,,,,,,,GLOBAL_BASELINE_NO_ENTITY_RANKING,,,NOT_APPLICABLE_GLOBAL_BASELINE,HF9g-P5,,,,X 全窗基线 · 不参与实体赏罚,15053280,1506,A168_HF9F_20260827_0900,2026-08-27 09:00:00
2026-06-23,127529701,789,0,126.0061202973,-100.2905855427,-100.2905855427,0.2500000,4,4,0.49324550000000000,0.493245500000,-0.9730707933947887,-0.9730707933947887,-0.9730707933947887,0E-17,ELIGIBLE,R03b_20260811_FULL_v1,L1_ELIGIBILITY,v2026-08-11,2026-03-21..2026-08-06,baccarat_bet02_101_all_pairs_incl_sentinel,round_win = game_pnl > 0 (decisive only),COMPATIBILITY_ONLY_NOT_PRODUCTION,557989.4742,504875.3716,9878.7574,24851,24505,-0.01770420,0.00338982,-0.02772422,-0.01770420,-9878.7574,557989.4742,OK,0.0000,395.1503,4.0000,96.0000,AG03-UNRESOLVED,ALL5_LEVELS_bet23_to_bet27,395.1503,395.1503,395.1503,0.0000,0.0000,4.000000,4.000000,4.000000,0.000000,0.000000,96.000000,96.000000,96.000000,100.000000,100.000000,5.0,1185.4509,1138.6651,8693.3065,8740.0923,PENDING_AG03,FALSE,NOT_FOR_ENFORCEMENT,9483.6071,484680.3568,9878.7574,9483.6071,395.1503,0.01770420,0.01699603,395.1503,9483.6071,0.01699603,395.1503,395.1503,395.1503,0.0000,0.0000,9483.6071,0.01699603,1185.4509,1138.6651,8693.3065,8740.0923,0.01557970,0.01566354,0.00070817,22.4534,20.6030,0.4031,82.3230,2.6463,4649.9123,204.2083,25.9152,21.1137,12.8578,14.5296,26.176,48.8436,54.2173,102.8621,13.088,0.0,3.731508,7.079487,1.545355,30,207,63,6,0.32204186,0.01770420,-0.00338982,0E-8,0.000000,0.904812,0.002133,0.03111404,2026-03-21,2026-08-06,120,3733,1703,139,0.863309,1.227414,1.154177,1.073473,,,,,,,,GLOBAL_BASELINE_NO_ENTITY_RANKING,,,NOT_APPLICABLE_GLOBAL_BASELINE,HF9g-P5,,,,X 全窗基线 · 不参与实体赏罚,15053281,1506,A168_HF9F_20260827_0900,2026-08-27 09:00:00
2026-06-23,127529701,970,0,694.3194383726,-81.6468228456,-81.6468228456,0.3571429,15,15,0.50039494000000000,0.500394940000,-1.0720007624026346,-1.0720007624026346,-1.0720007624026346,0E-17,ELIGIBLE,R03b_20260811_FULL_v1,L1_ELIGIBILITY,v2026-08-11,2026-03-21..2026-08-06,baccarat_bet02_101_all_pairs_incl_sentinel,round_win = game_pnl > 0 (decisive only),COMPATIBILITY_ONLY_NOT_PRODUCTION,557989.4742,504875.3716,9878.7574,24851,24505,-0.01770420,0.00338982,-0.02772422,-0.01770420,-9878.7574,557989.4742,OK,0.0000,395.1503,4.0000,96.0000,AG03-UNRESOLVED,ALL5_LEVELS_bet23_to_bet27,395.1503,395.1503,395.1503,0.0000,0.0000,4.000000,4.000000,4.000000,0.000000,0.000000,96.000000,96.000000,96.000000,100.000000,100.000000,5.0,1185.4509,1138.6651,8693.3065,8740.0923,PENDING_AG03,FALSE,NOT_FOR_ENFORCEMENT,9483.6071,484680.3568,9878.7574,9483.6071,395.1503,0.01770420,0.01699603,395.1503,9483.6071,0.01699603,395.1503,395.1503,395.1503,0.0000,0.0000,9483.6071,0.01699603,1185.4509,1138.6651,8693.3065,8740.0923,0.01557970,0.01566354,0.00070817,22.4534,20.6030,0.4031,82.3230,2.6463,4649.9123,204.2083,25.9152,21.1137,12.8578,14.5296,26.176,48.8436,54.2173,102.8621,13.088,0.0,3.731508,7.079487,1.545355,30,207,63,6,0.32204186,0.01770420,-0.00338982,0E-8,0.000000,0.904812,0.002133,0.03111404,2026-03-21,2026-08-06,120,3733,1703,139,0.863309,1.227414,1.154177,1.073473,,,,,,,,GLOBAL_BASELINE_NO_ENTITY_RANKING,,,NOT_APPLICABLE_GLOBAL_BASELINE,HF9g-P5,,,,X 全窗基线 · 不参与实体赏罚,15053282,1506,A168_HF9F_20260827_0900,2026-08-27 09:00:00
2026-06-23,127529701,986,0,329.1588448581,-16.7150975906,-16.7150975906,0.4285714,9,9,0.50218230000000000,0.502182300000,-0.3895158292854737,-0.3895158292854737,-0.3895158292854737,0E-17,ELIGIBLE,R03b_20260811_FULL_v1,L1_ELIGIBILITY,v2026-08-11,2026-03-21..2026-08-06,baccarat_bet02_101_all_pairs_incl_sentinel,round_win = game_pnl > 0 (decisive only),COMPATIBILITY_ONLY_NOT_PRODUCTION,557989.4742,504875.3716,9878.7574,24851,24505,-0.01770420,0.00338982,-0.02772422,-0.01770420,-9878.7574,557989.4742,OK,0.0000,395.1503,4.0000,96.0000,AG03-UNRESOLVED,ALL5_LEVELS_bet23_to_bet27,395.1503,395.1503,395.1503,0.0000,0.0000,4.000000,4.000000,4.000000,0.000000,0.000000,96.000000,96.000000,96.000000,100.000000,100.000000,5.0,1185.4509,1138.6651,8693.3065,8740.0923,PENDING_AG03,FALSE,NOT_FOR_ENFORCEMENT,9483.6071,484680.3568,9878.7574,9483.6071,395.1503,0.01770420,0.01699603,395.1503,9483.6071,0.01699603,395.1503,395.1503,395.1503,0.0000,0.0000,9483.6071,0.01699603,1185.4509,1138.6651,8693.3065,8740.0923,0.01557970,0.01566354,0.00070817,22.4534,20.6030,0.4031,82.3230,2.6463,4649.9123,204.2083,25.9152,21.1137,12.8578,14.5296,26.176,48.8436,54.2173,102.8621,13.088,0.0,3.731508,7.079487,1.545355,30,207,63,6,0.32204186,0.01770420,-0.00338982,0E-8,0.000000,0.904812,0.002133,0.03111404,2026-03-21,2026-08-06,120,3733,1703,139,0.863309,1.227414,1.154177,1.073473,,,,,,,,GLOBAL_BASELINE_NO_ENTITY_RANKING,,,NOT_APPLICABLE_GLOBAL_BASELINE,HF9g-P5,,,,X 全窗基线 · 不参与实体赏罚,15053283,1506,A168_HF9F_20260827_0900,2026-08-27 09:00:00
2026-06-24,127529701,-1,1,288.0139892509,-81.0167922442,-81.0167922442,0.4500000,23,23,0.50023951739130435,0.500239517391,-0.4493559557327876,-0.4493559557300652,-0.4493559557327876,3.0435E-13,SENTINEL_DEALER,R03b_20260811_FULL_v1,L1_ELIGIBILITY,v2026-08-11,2026-03-21..2026-08-06,baccarat_bet02_101_all_pairs_incl_sentinel,round_win = game_pnl > 0 (decisive only),COMPATIBILITY_ONLY_NOT_PRODUCTION,557989.4742,504875.3716,9878.7574,24851,24505,-0.01770420,0.00338982,-0.02772422,-0.01770420,-9878.7574,557989.4742,OK,0.0000,395.1503,4.0000,96.0000,AG03-UNRESOLVED,ALL5_LEVELS_bet23_to_bet27,395.1503,395.1503,395.1503,0.0000,0.0000,4.000000,4.000000,4.000000,0.000000,0.000000,96.000000,96.000000,96.000000,100.000000,100.000000,5.0,1185.4509,1138.6651,8693.3065,8740.0923,PENDING_AG03,FALSE,NOT_FOR_ENFORCEMENT,9483.6071,484680.3568,9878.7574,9483.6071,395.1503,0.01770420,0.01699603,395.1503,9483.6071,0.01699603,395.1503,395.1503,395.1503,0.0000,0.0000,9483.6071,0.01699603,1185.4509,1138.6651,8693.3065,8740.0923,0.01557970,0.01566354,0.00070817,22.4534,20.6030,0.4031,82.3230,2.6463,4649.9123,204.2083,25.9152,21.1137,12.8578,14.5296,26.176,48.8436,54.2173,102.8621,13.088,0.0,3.731508,7.079487,1.545355,30,207,63,6,0.32204186,0.01770420,-0.00338982,0E-8,0.000000,0.904812,0.002133,0.03111404,2026-03-21,2026-08-06,120,3733,1703,139,0.863309,1.227414,1.154177,1.073473,,,,,,,,GLOBAL_BASELINE_NO_ENTITY_RANKING,,,NOT_APPLICABLE_GLOBAL_BASELINE,HF9g-P5,,,,X 全窗基线 · 不参与实体赏罚,15053284,1506,A168_HF9F_20260827_0900,2026-08-27 09:00:00
2026-06-24,127529701,1017,0,25.7155347545,-25.7155347545,-25.7155347545,0E-7,1,1,0.50665070000000000,0.506650700000,-1.013391052207602,-1.013391052207602,-1.013391052207602,0E-17,ELIGIBLE,R03b_20260811_FULL_v1,L1_ELIGIBILITY,v2026-08-11,2026-03-21..2026-08-06,baccarat_bet02_101_all_pairs_incl_sentinel,round_win = game_pnl > 0 (decisive only),COMPATIBILITY_ONLY_NOT_PRODUCTION,557989.4742,504875.3716,9878.7574,24851,24505,-0.01770420,0.00338982,-0.02772422,-0.01770420,-9878.7574,557989.4742,OK,0.0000,395.1503,4.0000,96.0000,AG03-UNRESOLVED,ALL5_LEVELS_bet23_to_bet27,395.1503,395.1503,395.1503,0.0000,0.0000,4.000000,4.000000,4.000000,0.000000,0.000000,96.000000,96.000000,96.000000,100.000000,100.000000,5.0,1185.4509,1138.6651,8693.3065,8740.0923,PENDING_AG03,FALSE,NOT_FOR_ENFORCEMENT,9483.6071,484680.3568,9878.7574,9483.6071,395.1503,0.01770420,0.01699603,395.1503,9483.6071,0.01699603,395.1503,395.1503,395.1503,0.0000,0.0000,9483.6071,0.01699603,1185.4509,1138.6651,8693.3065,8740.0923,0.01557970,0.01566354,0.00070817,22.4534,20.6030,0.4031,82.3230,2.6463,4649.9123,204.2083,25.9152,21.1137,12.8578,14.5296,26.176,48.8436,54.2173,102.8621,13.088,0.0,3.731508,7.079487,1.545355,30,207,63,6,0.32204186,0.01770420,-0.00338982,0E-8,0.000000,0.904812,0.002133,0.03111404,2026-03-21,2026-08-06,120,3733,1703,139,0.863309,1.227414,1.154177,1.073473,,,,,,,,GLOBAL_BASELINE_NO_ENTITY_RANKING,,,NOT_APPLICABLE_GLOBAL_BASELINE,HF9g-P5,,,,X 全窗基线 · 不参与实体赏罚,15053285,1506,A168_HF9F_20260827_0900,2026-08-27 09:00:00
2026-06-24,127529701,1094,0,55.2883997223,28.2227993930,28.2227993930,0.7500000,4,4,0.49994810000000000,0.499948100000,1.0002076053883384,1.0002076053883384,1.0002076053883384,0E-17,ELIGIBLE,R03b_20260811_FULL_v1,L1_ELIGIBILITY,v2026-08-11,2026-03-21..2026-08-06,baccarat_bet02_101_all_pairs_incl_sentinel,round_win = game_pnl > 0 (decisive only),COMPATIBILITY_ONLY_NOT_PRODUCTION,557989.4742,504875.3716,9878.7574,24851,24505,-0.01770420,0.00338982,-0.02772422,-0.01770420,-9878.7574,557989.4742,OK,0.0000,395.1503,4.0000,96.0000,AG03-UNRESOLVED,ALL5_LEVELS_bet23_to_bet27,395.1503,395.1503,395.1503,0.0000,0.0000,4.000000,4.000000,4.000000,0.000000,0.000000,96.000000,96.000000,96.000000,100.000000,100.000000,5.0,1185.4509,1138.6651,8693.3065,8740.0923,PENDING_AG03,FALSE,NOT_FOR_ENFORCEMENT,9483.6071,484680.3568,9878.7574,9483.6071,395.1503,0.01770420,0.01699603,395.1503,9483.6071,0.01699603,395.1503,395.1503,395.1503,0.0000,0.0000,9483.6071,0.01699603,1185.4509,1138.6651,8693.3065,8740.0923,0.01557970,0.01566354,0.00070817,22.4534,20.6030,0.4031,82.3230,2.6463,4649.9123,204.2083,25.9152,21.1137,12.8578,14.5296,26.176,48.8436,54.2173,102.8621,13.088,0.0,3.731508,7.079487,1.545355,30,207,63,6,0.32204186,0.01770420,-0.00338982,0E-8,0.000000,0.904812,0.002133,0.03111404,2026-03-21,2026-08-06,120,3733,1703,139,0.863309,1.227414,1.154177,1.073473,,,,,,,,GLOBAL_BASELINE_NO_ENTITY_RANKING,,,NOT_APPLICABLE_GLOBAL_BASELINE,HF9g-P5,,,,X 全窗基线 · 不参与实体赏罚,15053286,1506,A168_HF9F_20260827_0900,2026-08-27 09:00:00
2026-06-24,127529701,1485,0,249.4406871191,-38.1875691105,-38.1875691105,0.4285714,7,7,0.50282064285714286,0.502820642857,-0.39289616391791987,-0.3928961639171632,-0.39289616391791987,1.4286E-13,ELIGIBLE,R03b_20260811_FULL_v1,L1_ELIGIBILITY,v2026-08-11,2026-03-21..2026-08-06,baccarat_bet02_101_all_pairs_incl_sentinel,round_win = game_pnl > 0 (decisive only),COMPATIBILITY_ONLY_NOT_PRODUCTION,557989.4742,504875.3716,9878.7574,24851,24505,-0.01770420,0.00338982,-0.02772422,-0.01770420,-9878.7574,557989.4742,OK,0.0000,395.1503,4.0000,96.0000,AG03-UNRESOLVED,ALL5_LEVELS_bet23_to_bet27,395.1503,395.1503,395.1503,0.0000,0.0000,4.000000,4.000000,4.000000,0.000000,0.000000,96.000000,96.000000,96.000000,100.000000,100.000000,5.0,1185.4509,1138.6651,8693.3065,8740.0923,PENDING_AG03,FALSE,NOT_FOR_ENFORCEMENT,9483.6071,484680.3568,9878.7574,9483.6071,395.1503,0.01770420,0.01699603,395.1503,9483.6071,0.01699603,395.1503,395.1503,395.1503,0.0000,0.0000,9483.6071,0.01699603,1185.4509,1138.6651,8693.3065,8740.0923,0.01557970,0.01566354,0.00070817,22.4534,20.6030,0.4031,82.3230,2.6463,4649.9123,204.2083,25.9152,21.1137,12.8578,14.5296,26.176,48.8436,54.2173,102.8621,13.088,0.0,3.731508,7.079487,1.545355,30,207,63,6,0.32204186,0.01770420,-0.00338982,0E-8,0.000000,0.904812,0.002133,0.03111404,2026-03-21,2026-08-06,120,3733,1703,139,0.863309,1.227414,1.154177,1.073473,,,,,,,,GLOBAL_BASELINE_NO_ENTITY_RANKING,,,NOT_APPLICABLE_GLOBAL_BASELINE,HF9g-P5,,,,X 全窗基线 · 不参与实体赏罚,15053287,1506,A168_HF9F_20260827_0900,2026-08-27 09:00:00
2026-06-24,127529701,1654,0,82.2897112145,28.0299328825,28.0299328825,0.6666667,3,3,0.50665070000000000,0.506650700000,0.5543606114942035,0.5543606114942035,0.5543606114942035,0E-17,ELIGIBLE,R03b_20260811_FULL_v1,L1_ELIGIBILITY,v2026-08-11,2026-03-21..2026-08-06,baccarat_bet02_101_all_pairs_incl_sentinel,round_win = game_pnl > 0 (decisive only),COMPATIBILITY_ONLY_NOT_PRODUCTION,557989.4742,504875.3716,9878.7574,24851,24505,-0.01770420,0.00338982,-0.02772422,-0.01770420,-9878.7574,557989.4742,OK,0.0000,395.1503,4.0000,96.0000,AG03-UNRESOLVED,ALL5_LEVELS_bet23_to_bet27,395.1503,395.1503,395.1503,0.0000,0.0000,4.000000,4.000000,4.000000,0.000000,0.000000,96.000000,96.000000,96.000000,100.000000,100.000000,5.0,1185.4509,1138.6651,8693.3065,8740.0923,PENDING_AG03,FALSE,NOT_FOR_ENFORCEMENT,9483.6071,484680.3568,9878.7574,9483.6071,395.1503,0.01770420,0.01699603,395.1503,9483.6071,0.01699603,395.1503,395.1503,395.1503,0.0000,0.0000,9483.6071,0.01699603,1185.4509,1138.6651,8693.3065,8740.0923,0.01557970,0.01566354,0.00070817,22.4534,20.6030,0.4031,82.3230,2.6463,4649.9123,204.2083,25.9152,21.1137,12.8578,14.5296,26.176,48.8436,54.2173,102.8621,13.088,0.0,3.731508,7.079487,1.545355,30,207,63,6,0.32204186,0.01770420,-0.00338982,0E-8,0.000000,0.904812,0.002133,0.03111404,2026-03-21,2026-08-06,120,3733,1703,139,0.863309,1.227414,1.154177,1.073473,,,,,,,,GLOBAL_BASELINE_NO_ENTITY_RANKING,,,NOT_APPLICABLE_GLOBAL_BASELINE,HF9g-P5,,,,X 全窗基线 · 不参与实体赏罚,15053288,1506,A168_HF9F_20260827_0900,2026-08-27 09:00:00
2026-06-24,127529701,1702,0,17.4865636331,-9.9647697174,-9.9647697174,0.2500000,4,4,0.50329940000000000,0.503299400000,-1.013219660140378,-1.013219660140378,-1.013219660140378,0E-17,ELIGIBLE,R03b_20260811_FULL_v1,L1_ELIGIBILITY,v2026-08-11,2026-03-21..2026-08-06,baccarat_bet02_101_all_pairs_incl_sentinel,round_win = game_pnl > 0 (decisive only),COMPATIBILITY_ONLY_NOT_PRODUCTION,557989.4742,504875.3716,9878.7574,24851,24505,-0.01770420,0.00338982,-0.02772422,-0.01770420,-9878.7574,557989.4742,OK,0.0000,395.1503,4.0000,96.0000,AG03-UNRESOLVED,ALL5_LEVELS_bet23_to_bet27,395.1503,395.1503,395.1503,0.0000,0.0000,4.000000,4.000000,4.000000,0.000000,0.000000,96.000000,96.000000,96.000000,100.000000,100.000000,5.0,1185.4509,1138.6651,8693.3065,8740.0923,PENDING_AG03,FALSE,NOT_FOR_ENFORCEMENT,9483.6071,484680.3568,9878.7574,9483.6071,395.1503,0.01770420,0.01699603,395.1503,9483.6071,0.01699603,395.1503,395.1503,395.1503,0.0000,0.0000,9483.6071,0.01699603,1185.4509,1138.6651,8693.3065,8740.0923,0.01557970,0.01566354,0.00070817,22.4534,20.6030,0.4031,82.3230,2.6463,4649.9123,204.2083,25.9152,21.1137,12.8578,14.5296,26.176,48.8436,54.2173,102.8621,13.088,0.0,3.731508,7.079487,1.545355,30,207,63,6,0.32204186,0.01770420,-0.00338982,0E-8,0.000000,0.904812,0.002133,0.03111404,2026-03-21,2026-08-06,120,3733,1703,139,0.863309,1.227414,1.154177,1.073473,,,,,,,,GLOBAL_BASELINE_NO_ENTITY_RANKING,,,NOT_APPLICABLE_GLOBAL_BASELINE,HF9g-P5,,,,X 全窗基线 · 不参与实体赏罚,15053289,1506,A168_HF9F_20260827_0900,2026-08-27 09:00:00
2026-06-24,127529701,1710,0,20.5724278036,-20.5724278036,-20.5724278036,0E-7,2,2,0.49994810000000000,0.499948100000,-1.4140667746232096,-1.4140667746232096,-1.4140667746232096,0E-17,ELIGIBLE,R03b_20260811_FULL_v1,L1_ELIGIBILITY,v2026-08-11,2026-03-21..2026-08-06,baccarat_bet02_101_all_pairs_incl_sentinel,round_win = game_pnl > 0 (decisive only),COMPATIBILITY_ONLY_NOT_PRODUCTION,557989.4742,504875.3716,9878.7574,24851,24505,-0.01770420,0.00338982,-0.02772422,-0.01770420,-9878.7574,557989.4742,OK,0.0000,395.1503,4.0000,96.0000,AG03-UNRESOLVED,ALL5_LEVELS_bet23_to_bet27,395.1503,395.1503,395.1503,0.0000,0.0000,4.000000,4.000000,4.000000,0.000000,0.000000,96.000000,96.000000,96.000000,100.000000,100.000000,5.0,1185.4509,1138.6651,8693.3065,8740.0923,PENDING_AG03,FALSE,NOT_FOR_ENFORCEMENT,9483.6071,484680.3568,9878.7574,9483.6071,395.1503,0.01770420,0.01699603,395.1503,9483.6071,0.01699603,395.1503,395.1503,395.1503,0.0000,0.0000,9483.6071,0.01699603,1185.4509,1138.6651,8693.3065,8740.0923,0.01557970,0.01566354,0.00070817,22.4534,20.6030,0.4031,82.3230,2.6463,4649.9123,204.2083,25.9152,21.1137,12.8578,14.5296,26.176,48.8436,54.2173,102.8621,13.088,0.0,3.731508,7.079487,1.545355,30,207,63,6,0.32204186,0.01770420,-0.00338982,0E-8,0.000000,0.904812,0.002133,0.03111404,2026-03-21,2026-08-06,120,3733,1703,139,0.863309,1.227414,1.154177,1.073473,,,,,,,,GLOBAL_BASELINE_NO_ENTITY_RANKING,,,NOT_APPLICABLE_GLOBAL_BASELINE,HF9g-P5,,,,X 全窗基线 · 不参与实体赏罚,15053290,1506,A168_HF9F_20260827_0900,2026-08-27 09:00:00
2026-06-24,127529701,2093,0,79.7181577391,-79.7181577391,-79.7181577391,0E-7,2,2,0.49324550000000000,0.493245500000,-1.3952362676504506,-1.3952362676504506,-1.3952362676504506,0E-17,ELIGIBLE,R03b_20260811_FULL_v1,L1_ELIGIBILITY,v2026-08-11,2026-03-21..2026-08-06,baccarat_bet02_101_all_pairs_incl_sentinel,round_win = game_pnl > 0 (decisive only),COMPATIBILITY_ONLY_NOT_PRODUCTION,557989.4742,504875.3716,9878.7574,24851,24505,-0.01770420,0.00338982,-0.02772422,-0.01770420,-9878.7574,557989.4742,OK,0.0000,395.1503,4.0000,96.0000,AG03-UNRESOLVED,ALL5_LEVELS_bet23_to_bet27,395.1503,395.1503,395.1503,0.0000,0.0000,4.000000,4.000000,4.000000,0.000000,0.000000,96.000000,96.000000,96.000000,100.000000,100.000000,5.0,1185.4509,1138.6651,8693.3065,8740.0923,PENDING_AG03,FALSE,NOT_FOR_ENFORCEMENT,9483.6071,484680.3568,9878.7574,9483.6071,395.1503,0.01770420,0.01699603,395.1503,9483.6071,0.01699603,395.1503,395.1503,395.1503,0.0000,0.0000,9483.6071,0.01699603,1185.4509,1138.6651,8693.3065,8740.0923,0.01557970,0.01566354,0.00070817,22.4534,20.6030,0.4031,82.3230,2.6463,4649.9123,204.2083,25.9152,21.1137,12.8578,14.5296,26.176,48.8436,54.2173,102.8621,13.088,0.0,3.731508,7.079487,1.545355,30,207,63,6,0.32204186,0.01770420,-0.00338982,0E-8,0.000000,0.904812,0.002133,0.03111404,2026-03-21,2026-08-06,120,3733,1703,139,0.863309,1.227414,1.154177,1.073473,,,,,,,,GLOBAL_BASELINE_NO_ENTITY_RANKING,,,NOT_APPLICABLE_GLOBAL_BASELINE,HF9g-P5,,,,X 全窗基线 · 不参与实体赏罚,15053291,1506,A168_HF9F_20260827_0900,2026-08-27 09:00:00
2026-06-24,127529701,2115,0,104.4050711035,47.3422994830,47.3422994830,0.7272727,13,13,0.49943251538461538,0.499432515385,1.51132196338478,1.5113219633822277,1.51132196338478,-3.8462E-13,ELIGIBLE,R03b_20260811_FULL_v1,L1_ELIGIBILITY,v2026-08-11,2026-03-21..2026-08-06,baccarat_bet02_101_all_pairs_incl_sentinel,round_win = game_pnl > 0 (decisive only),COMPATIBILITY_ONLY_NOT_PRODUCTION,557989.4742,504875.3716,9878.7574,24851,24505,-0.01770420,0.00338982,-0.02772422,-0.01770420,-9878.7574,557989.4742,OK,0.0000,395.1503,4.0000,96.0000,AG03-UNRESOLVED,ALL5_LEVELS_bet23_to_bet27,395.1503,395.1503,395.1503,0.0000,0.0000,4.000000,4.000000,4.000000,0.000000,0.000000,96.000000,96.000000,96.000000,100.000000,100.000000,5.0,1185.4509,1138.6651,8693.3065,8740.0923,PENDING_AG03,FALSE,NOT_FOR_ENFORCEMENT,9483.6071,484680.3568,9878.7574,9483.6071,395.1503,0.01770420,0.01699603,395.1503,9483.6071,0.01699603,395.1503,395.1503,395.1503,0.0000,0.0000,9483.6071,0.01699603,1185.4509,1138.6651,8693.3065,8740.0923,0.01557970,0.01566354,0.00070817,22.4534,20.6030,0.4031,82.3230,2.6463,4649.9123,204.2083,25.9152,21.1137,12.8578,14.5296,26.176,48.8436,54.2173,102.8621,13.088,0.0,3.731508,7.079487,1.545355,30,207,63,6,0.32204186,0.01770420,-0.00338982,0E-8,0.000000,0.904812,0.002133,0.03111404,2026-03-21,2026-08-06,120,3733,1703,139,0.863309,1.227414,1.154177,1.073473,,,,,,,,GLOBAL_BASELINE_NO_ENTITY_RANKING,,,NOT_APPLICABLE_GLOBAL_BASELINE,HF9g-P5,,,,X 全窗基线 · 不参与实体赏罚,15053292,1506,A168_HF9F_20260827_0900,2026-08-27 09:00:00
2026-06-24,127529701,2123,0,222.4393756269,-133.7207807237,-133.7207807237,0.2500000,9,9,0.49920336666666667,0.499203366667,-1.4097089129893778,-1.4097089129912617,-1.4097089129893778,-3.3333E-13,ELIGIBLE,R03b_20260811_FULL_v1,L1_ELIGIBILITY,v2026-08-11,2026-03-21..2026-08-06,baccarat_bet02_101_all_pairs_incl_sentinel,round_win = game_pnl > 0 (decisive only),COMPATIBILITY_ONLY_NOT_PRODUCTION,557989.4742,504875.3716,9878.7574,24851,24505,-0.01770420,0.00338982,-0.02772422,-0.01770420,-9878.7574,557989.4742,OK,0.0000,395.1503,4.0000,96.0000,AG03-UNRESOLVED,ALL5_LEVELS_bet23_to_bet27,395.1503,395.1503,395.1503,0.0000,0.0000,4.000000,4.000000,4.000000,0.000000,0.000000,96.000000,96.000000,96.000000,100.000000,100.000000,5.0,1185.4509,1138.6651,8693.3065,8740.0923,PENDING_AG03,FALSE,NOT_FOR_ENFORCEMENT,9483.6071,484680.3568,9878.7574,9483.6071,395.1503,0.01770420,0.01699603,395.1503,9483.6071,0.01699603,395.1503,395.1503,395.1503,0.0000,0.0000,9483.6071,0.01699603,1185.4509,1138.6651,8693.3065,8740.0923,0.01557970,0.01566354,0.00070817,22.4534,20.6030,0.4031,82.3230,2.6463,4649.9123,204.2083,25.9152,21.1137,12.8578,14.5296,26.176,48.8436,54.2173,102.8621,13.088,0.0,3.731508,7.079487,1.545355,30,207,63,6,0.32204186,0.01770420,-0.00338982,0E-8,0.000000,0.904812,0.002133,0.03111404,2026-03-21,2026-08-06,120,3733,1703,139,0.863309,1.227414,1.154177,1.073473,,,,,,,,GLOBAL_BASELINE_NO_ENTITY_RANKING,,,NOT_APPLICABLE_GLOBAL_BASELINE,HF9g-P5,,,,X 全窗基线 · 不参与实体赏罚,15053293,1506,A168_HF9F_20260827_0900,2026-08-27 09:00:00
2026-06-24,127529701,2141,0,18.0008743282,-18.0008743282,-18.0008743282,0E-7,1,1,0.49324550000000000,0.493245500000,-0.9865810262130424,-0.9865810262130424,-0.9865810262130424,0E-17,ELIGIBLE,R03b_20260811_FULL_v1,L1_ELIGIBILITY,v2026-08-11,2026-03-21..2026-08-06,baccarat_bet02_101_all_pairs_incl_sentinel,round_win = game_pnl > 0 (decisive only),COMPATIBILITY_ONLY_NOT_PRODUCTION,557989.4742,504875.3716,9878.7574,24851,24505,-0.01770420,0.00338982,-0.02772422,-0.01770420,-9878.7574,557989.4742,OK,0.0000,395.1503,4.0000,96.0000,AG03-UNRESOLVED,ALL5_LEVELS_bet23_to_bet27,395.1503,395.1503,395.1503,0.0000,0.0000,4.000000,4.000000,4.000000,0.000000,0.000000,96.000000,96.000000,96.000000,100.000000,100.000000,5.0,1185.4509,1138.6651,8693.3065,8740.0923,PENDING_AG03,FALSE,NOT_FOR_ENFORCEMENT,9483.6071,484680.3568,9878.7574,9483.6071,395.1503,0.01770420,0.01699603,395.1503,9483.6071,0.01699603,395.1503,395.1503,395.1503,0.0000,0.0000,9483.6071,0.01699603,1185.4509,1138.6651,8693.3065,8740.0923,0.01557970,0.01566354,0.00070817,22.4534,20.6030,0.4031,82.3230,2.6463,4649.9123,204.2083,25.9152,21.1137,12.8578,14.5296,26.176,48.8436,54.2173,102.8621,13.088,0.0,3.731508,7.079487,1.545355,30,207,63,6,0.32204186,0.01770420,-0.00338982,0E-8,0.000000,0.904812,0.002133,0.03111404,2026-03-21,2026-08-06,120,3733,1703,139,0.863309,1.227414,1.154177,1.073473,,,,,,,,GLOBAL_BASELINE_NO_ENTITY_RANKING,,,NOT_APPLICABLE_GLOBAL_BASELINE,HF9g-P5,,,,X 全窗基线 · 不参与实体赏罚,15053294,1506,A168_HF9F_20260827_0900,2026-08-27 09:00:00
2026-06-24,127529701,2155,0,257.6696582407,-181.8088307147,-181.8088307147,0.3333333,9,9,0.50069283333333333,0.500692833333,-1.0041579640283138,-1.0041579640263127,-1.0041579640283138,3.3333E-13,ELIGIBLE,R03b_20260811_FULL_v1,L1_ELIGIBILITY,v2026-08-11,2026-03-21..2026-08-06,baccarat_bet02_101_all_pairs_incl_sentinel,round_win = game_pnl > 0 (decisive only),COMPATIBILITY_ONLY_NOT_PRODUCTION,557989.4742,504875.3716,9878.7574,24851,24505,-0.01770420,0.00338982,-0.02772422,-0.01770420,-9878.7574,557989.4742,OK,0.0000,395.1503,4.0000,96.0000,AG03-UNRESOLVED,ALL5_LEVELS_bet23_to_bet27,395.1503,395.1503,395.1503,0.0000,0.0000,4.000000,4.000000,4.000000,0.000000,0.000000,96.000000,96.000000,96.000000,100.000000,100.000000,5.0,1185.4509,1138.6651,8693.3065,8740.0923,PENDING_AG03,FALSE,NOT_FOR_ENFORCEMENT,9483.6071,484680.3568,9878.7574,9483.6071,395.1503,0.01770420,0.01699603,395.1503,9483.6071,0.01699603,395.1503,395.1503,395.1503,0.0000,0.0000,9483.6071,0.01699603,1185.4509,1138.6651,8693.3065,8740.0923,0.01557970,0.01566354,0.00070817,22.4534,20.6030,0.4031,82.3230,2.6463,4649.9123,204.2083,25.9152,21.1137,12.8578,14.5296,26.176,48.8436,54.2173,102.8621,13.088,0.0,3.731508,7.079487,1.545355,30,207,63,6,0.32204186,0.01770420,-0.00338982,0E-8,0.000000,0.904812,0.002133,0.03111404,2026-03-21,2026-08-06,120,3733,1703,139,0.863309,1.227414,1.154177,1.073473,,,,,,,,GLOBAL_BASELINE_NO_ENTITY_RANKING,,,NOT_APPLICABLE_GLOBAL_BASELINE,HF9g-P5,,,,X 全窗基线 · 不参与实体赏罚,15053295,1506,A168_HF9F_20260827_0900,2026-08-27 09:00:00
2026-06-24,127529701,2167,0,77.1466042636,-64.2888368863,-64.2888368863,0E-7,3,3,0.49771390000000000,0.497713900000,-1.4077622098436522,-1.4077622098436524,-1.4077622098436522,0E-17,ELIGIBLE,R03b_20260811_FULL_v1,L1_ELIGIBILITY,v2026-08-11,2026-03-21..2026-08-06,baccarat_bet02_101_all_pairs_incl_sentinel,round_win = game_pnl > 0 (decisive only),COMPATIBILITY_ONLY_NOT_PRODUCTION,557989.4742,504875.3716,9878.7574,24851,24505,-0.01770420,0.00338982,-0.02772422,-0.01770420,-9878.7574,557989.4742,OK,0.0000,395.1503,4.0000,96.0000,AG03-UNRESOLVED,ALL5_LEVELS_bet23_to_bet27,395.1503,395.1503,395.1503,0.0000,0.0000,4.000000,4.000000,4.000000,0.000000,0.000000,96.000000,96.000000,96.000000,100.000000,100.000000,5.0,1185.4509,1138.6651,8693.3065,8740.0923,PENDING_AG03,FALSE,NOT_FOR_ENFORCEMENT,9483.6071,484680.3568,9878.7574,9483.6071,395.1503,0.01770420,0.01699603,395.1503,9483.6071,0.01699603,395.1503,395.1503,395.1503,0.0000,0.0000,9483.6071,0.01699603,1185.4509,1138.6651,8693.3065,8740.0923,0.01557970,0.01566354,0.00070817,22.4534,20.6030,0.4031,82.3230,2.6463,4649.9123,204.2083,25.9152,21.1137,12.8578,14.5296,26.176,48.8436,54.2173,102.8621,13.088,0.0,3.731508,7.079487,1.545355,30,207,63,6,0.32204186,0.01770420,-0.00338982,0E-8,0.000000,0.904812,0.002133,0.03111404,2026-03-21,2026-08-06,120,3733,1703,139,0.863309,1.227414,1.154177,1.073473,,,,,,,,GLOBAL_BASELINE_NO_ENTITY_RANKING,,,NOT_APPLICABLE_GLOBAL_BASELINE,HF9g-P5,,,,X 全窗基线 · 不参与实体赏罚,15053296,1506,A168_HF9F_20260827_0900,2026-08-27 09:00:00
2026-06-24,127529701,2177,0,103.8907604084,-64.2759791190,-64.2759791190,0.4000000,5,5,0.50396966000000000,0.503969660000,-0.4649811094771361,-0.4649811094771361,-0.4649811094771361,0E-17,ELIGIBLE,R03b_20260811_FULL_v1,L1_ELIGIBILITY,v2026-08-11,2026-03-21..2026-08-06,baccarat_bet02_101_all_pairs_incl_sentinel,round_win = game_pnl > 0 (decisive only),COMPATIBILITY_ONLY_NOT_PRODUCTION,557989.4742,504875.3716,9878.7574,24851,24505,-0.01770420,0.00338982,-0.02772422,-0.01770420,-9878.7574,557989.4742,OK,0.0000,395.1503,4.0000,96.0000,AG03-UNRESOLVED,ALL5_LEVELS_bet23_to_bet27,395.1503,395.1503,395.1503,0.0000,0.0000,4.000000,4.000000,4.000000,0.000000,0.000000,96.000000,96.000000,96.000000,100.000000,100.000000,5.0,1185.4509,1138.6651,8693.3065,8740.0923,PENDING_AG03,FALSE,NOT_FOR_ENFORCEMENT,9483.6071,484680.3568,9878.7574,9483.6071,395.1503,0.01770420,0.01699603,395.1503,9483.6071,0.01699603,395.1503,395.1503,395.1503,0.0000,0.0000,9483.6071,0.01699603,1185.4509,1138.6651,8693.3065,8740.0923,0.01557970,0.01566354,0.00070817,22.4534,20.6030,0.4031,82.3230,2.6463,4649.9123,204.2083,25.9152,21.1137,12.8578,14.5296,26.176,48.8436,54.2173,102.8621,13.088,0.0,3.731508,7.079487,1.545355,30,207,63,6,0.32204186,0.01770420,-0.00338982,0E-8,0.000000,0.904812,0.002133,0.03111404,2026-03-21,2026-08-06,120,3733,1703,139,0.863309,1.227414,1.154177,1.073473,,,,,,,,GLOBAL_BASELINE_NO_ENTITY_RANKING,,,NOT_APPLICABLE_GLOBAL_BASELINE,HF9g-P5,,,,X 全窗基线 · 不参与实体赏罚,15053297,1506,A168_HF9F_20260827_0900,2026-08-27 09:00:00
2026-06-24,127529701,2234,0,25.7155347545,-25.7155347545,-25.7155347545,0E-7,1,1,0.49324550000000000,0.493245500000,-0.9865810262130424,-0.9865810262130424,-0.9865810262130424,0E-17,ELIGIBLE,R03b_20260811_FULL_v1,L1_ELIGIBILITY,v2026-08-11,2026-03-21..2026-08-06,baccarat_bet02_101_all_pairs_incl_sentinel,round_win = game_pnl > 0 (decisive only),COMPATIBILITY_ONLY_NOT_PRODUCTION,557989.4742,504875.3716,9878.7574,24851,24505,-0.01770420,0.00338982,-0.02772422,-0.01770420,-9878.7574,557989.4742,OK,0.0000,395.1503,4.0000,96.0000,AG03-UNRESOLVED,ALL5_LEVELS_bet23_to_bet27,395.1503,395.1503,395.1503,0.0000,0.0000,4.000000,4.000000,4.000000,0.000000,0.000000,96.000000,96.000000,96.000000,100.000000,100.000000,5.0,1185.4509,1138.6651,8693.3065,8740.0923,PENDING_AG03,FALSE,NOT_FOR_ENFORCEMENT,9483.6071,484680.3568,9878.7574,9483.6071,395.1503,0.01770420,0.01699603,395.1503,9483.6071,0.01699603,395.1503,395.1503,395.1503,0.0000,0.0000,9483.6071,0.01699603,1185.4509,1138.6651,8693.3065,8740.0923,0.01557970,0.01566354,0.00070817,22.4534,20.6030,0.4031,82.3230,2.6463,4649.9123,204.2083,25.9152,21.1137,12.8578,14.5296,26.176,48.8436,54.2173,102.8621,13.088,0.0,3.731508,7.079487,1.545355,30,207,63,6,0.32204186,0.01770420,-0.00338982,0E-8,0.000000,0.904812,0.002133,0.03111404,2026-03-21,2026-08-06,120,3733,1703,139,0.863309,1.227414,1.154177,1.073473,,,,,,,,GLOBAL_BASELINE_NO_ENTITY_RANKING,,,NOT_APPLICABLE_GLOBAL_BASELINE,HF9g-P5,,,,X 全窗基线 · 不参与实体赏罚,15053298,1506,A168_HF9F_20260827_0900,2026-08-27 09:00:00
2026-06-24,127529701,2235,0,5.1431069509,0E-10,0E-10,,1,1,0.50665070000000000,0.506650700000,,,,0E-17,NO_DECISIVE_ROUND,R03b_20260811_FULL_v1,L1_ELIGIBILITY,v2026-08-11,2026-03-21..2026-08-06,baccarat_bet02_101_all_pairs_incl_sentinel,round_win = game_pnl > 0 (decisive only),COMPATIBILITY_ONLY_NOT_PRODUCTION,557989.4742,504875.3716,9878.7574,24851,24505,-0.01770420,0.00338982,-0.02772422,-0.01770420,-9878.7574,557989.4742,OK,0.0000,395.1503,4.0000,96.0000,AG03-UNRESOLVED,ALL5_LEVELS_bet23_to_bet27,395.1503,395.1503,395.1503,0.0000,0.0000,4.000000,4.000000,4.000000,0.000000,0.000000,96.000000,96.000000,96.000000,100.000000,100.000000,5.0,1185.4509,1138.6651,8693.3065,8740.0923,PENDING_AG03,FALSE,NOT_FOR_ENFORCEMENT,9483.6071,484680.3568,9878.7574,9483.6071,395.1503,0.01770420,0.01699603,395.1503,9483.6071,0.01699603,395.1503,395.1503,395.1503,0.0000,0.0000,9483.6071,0.01699603,1185.4509,1138.6651,8693.3065,8740.0923,0.01557970,0.01566354,0.00070817,22.4534,20.6030,0.4031,82.3230,2.6463,4649.9123,204.2083,25.9152,21.1137,12.8578,14.5296,26.176,48.8436,54.2173,102.8621,13.088,0.0,3.731508,7.079487,1.545355,30,207,63,6,0.32204186,0.01770420,-0.00338982,0E-8,0.000000,0.904812,0.002133,0.03111404,2026-03-21,2026-08-06,120,3733,1703,139,0.863309,1.227414,1.154177,1.073473,,,,,,,,GLOBAL_BASELINE_NO_ENTITY_RANKING,,,NOT_APPLICABLE_GLOBAL_BASELINE,HF9g-P5,,,,X 全窗基线 · 不参与实体赏罚,15053299,1506,A168_HF9F_20260827_0900,2026-08-27 09:00:00
2026-06-24,127529701,2266,0,119.3200812611,-119.3200812611,-119.3200812611,0E-7,3,3,0.50218230000000000,0.502182300000,-1.7396270863184011,-1.7396270863184016,-1.7396270863184011,0E-17,ELIGIBLE,R03b_20260811_FULL_v1,L1_ELIGIBILITY,v2026-08-11,2026-03-21..2026-08-06,baccarat_bet02_101_all_pairs_incl_sentinel,round_win = game_pnl > 0 (decisive only),COMPATIBILITY_ONLY_NOT_PRODUCTION,557989.4742,504875.3716,9878.7574,24851,24505,-0.01770420,0.00338982,-0.02772422,-0.01770420,-9878.7574,557989.4742,OK,0.0000,395.1503,4.0000,96.0000,AG03-UNRESOLVED,ALL5_LEVELS_bet23_to_bet27,395.1503,395.1503,395.1503,0.0000,0.0000,4.000000,4.000000,4.000000,0.000000,0.000000,96.000000,96.000000,96.000000,100.000000,100.000000,5.0,1185.4509,1138.6651,8693.3065,8740.0923,PENDING_AG03,FALSE,NOT_FOR_ENFORCEMENT,9483.6071,484680.3568,9878.7574,9483.6071,395.1503,0.01770420,0.01699603,395.1503,9483.6071,0.01699603,395.1503,395.1503,395.1503,0.0000,0.0000,9483.6071,0.01699603,1185.4509,1138.6651,8693.3065,8740.0923,0.01557970,0.01566354,0.00070817,22.4534,20.6030,0.4031,82.3230,2.6463,4649.9123,204.2083,25.9152,21.1137,12.8578,14.5296,26.176,48.8436,54.2173,102.8621,13.088,0.0,3.731508,7.079487,1.545355,30,207,63,6,0.32204186,0.01770420,-0.00338982,0E-8,0.000000,0.904812,0.002133,0.03111404,2026-03-21,2026-08-06,120,3733,1703,139,0.863309,1.227414,1.154177,1.073473,,,,,,,,GLOBAL_BASELINE_NO_ENTITY_RANKING,,,NOT_APPLICABLE_GLOBAL_BASELINE,HF9g-P5,,,,X 全窗基线 · 不参与实体赏罚,15053300,1506,A168_HF9F_20260827_0900,2026-08-27 09:00:00
2026-06-24,127529701,2271,0,56.5741764601,19.2866510659,19.2866510659,0.7500000,4,4,0.49994810000000000,0.499948100000,1.0002076053883384,1.0002076053883384,1.0002076053883384,0E-17,ELIGIBLE,R03b_20260811_FULL_v1,L1_ELIGIBILITY,v2026-08-11,2026-03-21..2026-08-06,baccarat_bet02_101_all_pairs_incl_sentinel,round_win = game_pnl > 0 (decisive only),COMPATIBILITY_ONLY_NOT_PRODUCTION,557989.4742,504875.3716,9878.7574,24851,24505,-0.01770420,0.00338982,-0.02772422,-0.01770420,-9878.7574,557989.4742,OK,0.0000,395.1503,4.0000,96.0000,AG03-UNRESOLVED,ALL5_LEVELS_bet23_to_bet27,395.1503,395.1503,395.1503,0.0000,0.0000,4.000000,4.000000,4.000000,0.000000,0.000000,96.000000,96.000000,96.000000,100.000000,100.000000,5.0,1185.4509,1138.6651,8693.3065,8740.0923,PENDING_AG03,FALSE,NOT_FOR_ENFORCEMENT,9483.6071,484680.3568,9878.7574,9483.6071,395.1503,0.01770420,0.01699603,395.1503,9483.6071,0.01699603,395.1503,395.1503,395.1503,0.0000,0.0000,9483.6071,0.01699603,1185.4509,1138.6651,8693.3065,8740.0923,0.01557970,0.01566354,0.00070817,22.4534,20.6030,0.4031,82.3230,2.6463,4649.9123,204.2083,25.9152,21.1137,12.8578,14.5296,26.176,48.8436,54.2173,102.8621,13.088,0.0,3.731508,7.079487,1.545355,30,207,63,6,0.32204186,0.01770420,-0.00338982,0E-8,0.000000,0.904812,0.002133,0.03111404,2026-03-21,2026-08-06,120,3733,1703,139,0.863309,1.227414,1.154177,1.073473,,,,,,,,GLOBAL_BASELINE_NO_ENTITY_RANKING,,,NOT_APPLICABLE_GLOBAL_BASELINE,HF9g-P5,,,,X 全窗基线 · 不参与实体赏罚,15053301,1506,A168_HF9F_20260827_0900,2026-08-27 09:00:00
2026-06-24,127529701,529,0,200.5811710855,-25.0726463857,-25.0726463857,0.3333333,3,3,0.50218230000000000,0.502182300000,-0.5849155494134425,-0.5849155494134426,-0.5849155494134425,0E-17,ELIGIBLE,R03b_20260811_FULL_v1,L1_ELIGIBILITY,v2026-08-11,2026-03-21..2026-08-06,baccarat_bet02_101_all_pairs_incl_sentinel,round_win = game_pnl > 0 (decisive only),COMPATIBILITY_ONLY_NOT_PRODUCTION,557989.4742,504875.3716,9878.7574,24851,24505,-0.01770420,0.00338982,-0.02772422,-0.01770420,-9878.7574,557989.4742,OK,0.0000,395.1503,4.0000,96.0000,AG03-UNRESOLVED,ALL5_LEVELS_bet23_to_bet27,395.1503,395.1503,395.1503,0.0000,0.0000,4.000000,4.000000,4.000000,0.000000,0.000000,96.000000,96.000000,96.000000,100.000000,100.000000,5.0,1185.4509,1138.6651,8693.3065,8740.0923,PENDING_AG03,FALSE,NOT_FOR_ENFORCEMENT,9483.6071,484680.3568,9878.7574,9483.6071,395.1503,0.01770420,0.01699603,395.1503,9483.6071,0.01699603,395.1503,395.1503,395.1503,0.0000,0.0000,9483.6071,0.01699603,1185.4509,1138.6651,8693.3065,8740.0923,0.01557970,0.01566354,0.00070817,22.4534,20.6030,0.4031,82.3230,2.6463,4649.9123,204.2083,25.9152,21.1137,12.8578,14.5296,26.176,48.8436,54.2173,102.8621,13.088,0.0,3.731508,7.079487,1.545355,30,207,63,6,0.32204186,0.01770420,-0.00338982,0E-8,0.000000,0.904812,0.002133,0.03111404,2026-03-21,2026-08-06,120,3733,1703,139,0.863309,1.227414,1.154177,1.073473,,,,,,,,GLOBAL_BASELINE_NO_ENTITY_RANKING,,,NOT_APPLICABLE_GLOBAL_BASELINE,HF9g-P5,,,,X 全窗基线 · 不参与实体赏罚,15053302,1506,A168_HF9F_20260827_0900,2026-08-27 09:00:00
2026-06-24,127529701,583,0,90.0043716408,-33.4301951809,-33.4301951809,0.2500000,5,5,0.50128862000000000,0.501288620000,-1.0051578182180947,-1.0051578182180947,-1.0051578182180947,0E-17,ELIGIBLE,R03b_20260811_FULL_v1,L1_ELIGIBILITY,v2026-08-11,2026-03-21..2026-08-06,baccarat_bet02_101_all_pairs_incl_sentinel,round_win = game_pnl > 0 (decisive only),COMPATIBILITY_ONLY_NOT_PRODUCTION,557989.4742,504875.3716,9878.7574,24851,24505,-0.01770420,0.00338982,-0.02772422,-0.01770420,-9878.7574,557989.4742,OK,0.0000,395.1503,4.0000,96.0000,AG03-UNRESOLVED,ALL5_LEVELS_bet23_to_bet27,395.1503,395.1503,395.1503,0.0000,0.0000,4.000000,4.000000,4.000000,0.000000,0.000000,96.000000,96.000000,96.000000,100.000000,100.000000,5.0,1185.4509,1138.6651,8693.3065,8740.0923,PENDING_AG03,FALSE,NOT_FOR_ENFORCEMENT,9483.6071,484680.3568,9878.7574,9483.6071,395.1503,0.01770420,0.01699603,395.1503,9483.6071,0.01699603,395.1503,395.1503,395.1503,0.0000,0.0000,9483.6071,0.01699603,1185.4509,1138.6651,8693.3065,8740.0923,0.01557970,0.01566354,0.00070817,22.4534,20.6030,0.4031,82.3230,2.6463,4649.9123,204.2083,25.9152,21.1137,12.8578,14.5296,26.176,48.8436,54.2173,102.8621,13.088,0.0,3.731508,7.079487,1.545355,30,207,63,6,0.32204186,0.01770420,-0.00338982,0E-8,0.000000,0.904812,0.002133,0.03111404,2026-03-21,2026-08-06,120,3733,1703,139,0.863309,1.227414,1.154177,1.073473,,,,,,,,GLOBAL_BASELINE_NO_ENTITY_RANKING,,,NOT_APPLICABLE_GLOBAL_BASELINE,HF9g-P5,,,,X 全窗基线 · 不参与实体赏罚,15053303,1506,A168_HF9F_20260827_0900,2026-08-27 09:00:00
2026-06-24,127529701,763,0,34.9731272663,-20.4309923625,-20.4309923625,0.5000000,4,4,0.50329940000000000,0.503299400000,-0.01319788734859681,-0.01319788734859681,-0.01319788734859681,0E-17,ELIGIBLE,R03b_20260811_FULL_v1,L1_ELIGIBILITY,v2026-08-11,2026-03-21..2026-08-06,baccarat_bet02_101_all_pairs_incl_sentinel,round_win = game_pnl > 0 (decisive only),COMPATIBILITY_ONLY_NOT_PRODUCTION,557989.4742,504875.3716,9878.7574,24851,24505,-0.01770420,0.00338982,-0.02772422,-0.01770420,-9878.7574,557989.4742,OK,0.0000,395.1503,4.0000,96.0000,AG03-UNRESOLVED,ALL5_LEVELS_bet23_to_bet27,395.1503,395.1503,395.1503,0.0000,0.0000,4.000000,4.000000,4.000000,0.000000,0.000000,96.000000,96.000000,96.000000,100.000000,100.000000,5.0,1185.4509,1138.6651,8693.3065,8740.0923,PENDING_AG03,FALSE,NOT_FOR_ENFORCEMENT,9483.6071,484680.3568,9878.7574,9483.6071,395.1503,0.01770420,0.01699603,395.1503,9483.6071,0.01699603,395.1503,395.1503,395.1503,0.0000,0.0000,9483.6071,0.01699603,1185.4509,1138.6651,8693.3065,8740.0923,0.01557970,0.01566354,0.00070817,22.4534,20.6030,0.4031,82.3230,2.6463,4649.9123,204.2083,25.9152,21.1137,12.8578,14.5296,26.176,48.8436,54.2173,102.8621,13.088,0.0,3.731508,7.079487,1.545355,30,207,63,6,0.32204186,0.01770420,-0.00338982,0E-8,0.000000,0.904812,0.002133,0.03111404,2026-03-21,2026-08-06,120,3733,1703,139,0.863309,1.227414,1.154177,1.073473,,,,,,,,GLOBAL_BASELINE_NO_ENTITY_RANKING,,,NOT_APPLICABLE_GLOBAL_BASELINE,HF9g-P5,,,,X 全窗基线 · 不参与实体赏罚,15053304,1506,A168_HF9F_20260827_0900,2026-08-27 09:00:00
2026-06-25,127529701,-1,1,2012.4977498904,114.9098670504,114.9098670504,0.5333333,118,117,0.49997105605657895,0.498817370513,0.6837232265359705,0.7073687219915411,0.6837232265359705,0.00115368554357895,SENTINEL_DEALER,R03b_20260811_FULL_v1,L1_ELIGIBILITY,v2026-08-11,2026-03-21..2026-08-06,baccarat_bet02_101_all_pairs_incl_sentinel,round_win = game_pnl > 0 (decisive only),COMPATIBILITY_ONLY_NOT_PRODUCTION,557989.4742,504875.3716,9878.7574,24851,24505,-0.01770420,0.00338982,-0.02772422,-0.01770420,-9878.7574,557989.4742,OK,0.0000,395.1503,4.0000,96.0000,AG03-UNRESOLVED,ALL5_LEVELS_bet23_to_bet27,395.1503,395.1503,395.1503,0.0000,0.0000,4.000000,4.000000,4.000000,0.000000,0.000000,96.000000,96.000000,96.000000,100.000000,100.000000,5.0,1185.4509,1138.6651,8693.3065,8740.0923,PENDING_AG03,FALSE,NOT_FOR_ENFORCEMENT,9483.6071,484680.3568,9878.7574,9483.6071,395.1503,0.01770420,0.01699603,395.1503,9483.6071,0.01699603,395.1503,395.1503,395.1503,0.0000,0.0000,9483.6071,0.01699603,1185.4509,1138.6651,8693.3065,8740.0923,0.01557970,0.01566354,0.00070817,22.4534,20.6030,0.4031,82.3230,2.6463,4649.9123,204.2083,25.9152,21.1137,12.8578,14.5296,26.176,48.8436,54.2173,102.8621,13.088,0.0,3.731508,7.079487,1.545355,30,207,63,6,0.32204186,0.01770420,-0.00338982,0E-8,0.000000,0.904812,0.002133,0.03111404,2026-03-21,2026-08-06,120,3733,1703,139,0.863309,1.227414,1.154177,1.073473,,,,,,,,GLOBAL_BASELINE_NO_ENTITY_RANKING,,,NOT_APPLICABLE_GLOBAL_BASELINE,HF9g-P5,,,,X 全窗基线 · 不参与实体赏罚,15053305,1506,A168_HF9F_20260827_0900,2026-08-27 09:00:00
2026-06-25,127529701,1004,0,10.2862139018,-10.2862139018,-10.2862139018,0E-7,1,1,0.49324550000000000,0.493245500000,-0.9865810262130424,-0.9865810262130424,-0.9865810262130424,0E-17,ELIGIBLE,R03b_20260811_FULL_v1,L1_ELIGIBILITY,v2026-08-11,2026-03-21..2026-08-06,baccarat_bet02_101_all_pairs_incl_sentinel,round_win = game_pnl > 0 (decisive only),COMPATIBILITY_ONLY_NOT_PRODUCTION,557989.4742,504875.3716,9878.7574,24851,24505,-0.01770420,0.00338982,-0.02772422,-0.01770420,-9878.7574,557989.4742,OK,0.0000,395.1503,4.0000,96.0000,AG03-UNRESOLVED,ALL5_LEVELS_bet23_to_bet27,395.1503,395.1503,395.1503,0.0000,0.0000,4.000000,4.000000,4.000000,0.000000,0.000000,96.000000,96.000000,96.000000,100.000000,100.000000,5.0,1185.4509,1138.6651,8693.3065,8740.0923,PENDING_AG03,FALSE,NOT_FOR_ENFORCEMENT,9483.6071,484680.3568,9878.7574,9483.6071,395.1503,0.01770420,0.01699603,395.1503,9483.6071,0.01699603,395.1503,395.1503,395.1503,0.0000,0.0000,9483.6071,0.01699603,1185.4509,1138.6651,8693.3065,8740.0923,0.01557970,0.01566354,0.00070817,22.4534,20.6030,0.4031,82.3230,2.6463,4649.9123,204.2083,25.9152,21.1137,12.8578,14.5296,26.176,48.8436,54.2173,102.8621,13.088,0.0,3.731508,7.079487,1.545355,30,207,63,6,0.32204186,0.01770420,-0.00338982,0E-8,0.000000,0.904812,0.002133,0.03111404,2026-03-21,2026-08-06,120,3733,1703,139,0.863309,1.227414,1.154177,1.073473,,,,,,,,GLOBAL_BASELINE_NO_ENTITY_RANKING,,,NOT_APPLICABLE_GLOBAL_BASELINE,HF9g-P5,,,,X 全窗基线 · 不参与实体赏罚,15053306,1506,A168_HF9F_20260827_0900,2026-08-27 09:00:00
2026-06-25,127529701,1151,0,102.8621390182,-77.1466042636,-77.1466042636,0.1666667,6,6,0.49771390000000000,0.497713900000,-1.6218105569273533,-1.6218105569273533,-1.6218105569273533,0E-17,ELIGIBLE,R03b_20260811_FULL_v1,L1_ELIGIBILITY,v2026-08-11,2026-03-21..2026-08-06,baccarat_bet02_101_all_pairs_incl_sentinel,round_win = game_pnl > 0 (decisive only),COMPATIBILITY_ONLY_NOT_PRODUCTION,557989.4742,504875.3716,9878.7574,24851,24505,-0.01770420,0.00338982,-0.02772422,-0.01770420,-9878.7574,557989.4742,OK,0.0000,395.1503,4.0000,96.0000,AG03-UNRESOLVED,ALL5_LEVELS_bet23_to_bet27,395.1503,395.1503,395.1503,0.0000,0.0000,4.000000,4.000000,4.000000,0.000000,0.000000,96.000000,96.000000,96.000000,100.000000,100.000000,5.0,1185.4509,1138.6651,8693.3065,8740.0923,PENDING_AG03,FALSE,NOT_FOR_ENFORCEMENT,9483.6071,484680.3568,9878.7574,9483.6071,395.1503,0.01770420,0.01699603,395.1503,9483.6071,0.01699603,395.1503,395.1503,395.1503,0.0000,0.0000,9483.6071,0.01699603,1185.4509,1138.6651,8693.3065,8740.0923,0.01557970,0.01566354,0.00070817,22.4534,20.6030,0.4031,82.3230,2.6463,4649.9123,204.2083,25.9152,21.1137,12.8578,14.5296,26.176,48.8436,54.2173,102.8621,13.088,0.0,3.731508,7.079487,1.545355,30,207,63,6,0.32204186,0.01770420,-0.00338982,0E-8,0.000000,0.904812,0.002133,0.03111404,2026-03-21,2026-08-06,120,3733,1703,139,0.863309,1.227414,1.154177,1.073473,,,,,,,,GLOBAL_BASELINE_NO_ENTITY_RANKING,,,NOT_APPLICABLE_GLOBAL_BASELINE,HF9g-P5,,,,X 全窗基线 · 不参与实体赏罚,15053307,1506,A168_HF9F_20260827_0900,2026-08-27 09:00:00
2026-06-25,127529701,1221,0,12.8577673773,-12.8577673773,-12.8577673773,0E-7,1,1,0.50665070000000000,0.506650700000,-1.013391052207602,-1.013391052207602,-1.013391052207602,0E-17,ELIGIBLE,R03b_20260811_FULL_v1,L1_ELIGIBILITY,v2026-08-11,2026-03-21..2026-08-06,baccarat_bet02_101_all_pairs_incl_sentinel,round_win = game_pnl > 0 (decisive only),COMPATIBILITY_ONLY_NOT_PRODUCTION,557989.4742,504875.3716,9878.7574,24851,24505,-0.01770420,0.00338982,-0.02772422,-0.01770420,-9878.7574,557989.4742,OK,0.0000,395.1503,4.0000,96.0000,AG03-UNRESOLVED,ALL5_LEVELS_bet23_to_bet27,395.1503,395.1503,395.1503,0.0000,0.0000,4.000000,4.000000,4.000000,0.000000,0.000000,96.000000,96.000000,96.000000,100.000000,100.000000,5.0,1185.4509,1138.6651,8693.3065,8740.0923,PENDING_AG03,FALSE,NOT_FOR_ENFORCEMENT,9483.6071,484680.3568,9878.7574,9483.6071,395.1503,0.01770420,0.01699603,395.1503,9483.6071,0.01699603,395.1503,395.1503,395.1503,0.0000,0.0000,9483.6071,0.01699603,1185.4509,1138.6651,8693.3065,8740.0923,0.01557970,0.01566354,0.00070817,22.4534,20.6030,0.4031,82.3230,2.6463,4649.9123,204.2083,25.9152,21.1137,12.8578,14.5296,26.176,48.8436,54.2173,102.8621,13.088,0.0,3.731508,7.079487,1.545355,30,207,63,6,0.32204186,0.01770420,-0.00338982,0E-8,0.000000,0.904812,0.002133,0.03111404,2026-03-21,2026-08-06,120,3733,1703,139,0.863309,1.227414,1.154177,1.073473,,,,,,,,GLOBAL_BASELINE_NO_ENTITY_RANKING,,,NOT_APPLICABLE_GLOBAL_BASELINE,HF9g-P5,,,,X 全窗基线 · 不参与实体赏罚,15053308,1506,A168_HF9F_20260827_0900,2026-08-27 09:00:00
2026-06-25,127529701,1507,0,5.1431069509,4.8859516034,4.8859516034,1.0000000,1,1,0.50665070000000000,0.506650700000,0.9867858985152569,0.9867858985152569,0.9867858985152569,0E-17,ELIGIBLE,R03b_20260811_FULL_v1,L1_ELIGIBILITY,v2026-08-11,2026-03-21..2026-08-06,baccarat_bet02_101_all_pairs_incl_sentinel,round_win = game_pnl > 0 (decisive only),COMPATIBILITY_ONLY_NOT_PRODUCTION,557989.4742,504875.3716,9878.7574,24851,24505,-0.01770420,0.00338982,-0.02772422,-0.01770420,-9878.7574,557989.4742,OK,0.0000,395.1503,4.0000,96.0000,AG03-UNRESOLVED,ALL5_LEVELS_bet23_to_bet27,395.1503,395.1503,395.1503,0.0000,0.0000,4.000000,4.000000,4.000000,0.000000,0.000000,96.000000,96.000000,96.000000,100.000000,100.000000,5.0,1185.4509,1138.6651,8693.3065,8740.0923,PENDING_AG03,FALSE,NOT_FOR_ENFORCEMENT,9483.6071,484680.3568,9878.7574,9483.6071,395.1503,0.01770420,0.01699603,395.1503,9483.6071,0.01699603,395.1503,395.1503,395.1503,0.0000,0.0000,9483.6071,0.01699603,1185.4509,1138.6651,8693.3065,8740.0923,0.01557970,0.01566354,0.00070817,22.4534,20.6030,0.4031,82.3230,2.6463,4649.9123,204.2083,25.9152,21.1137,12.8578,14.5296,26.176,48.8436,54.2173,102.8621,13.088,0.0,3.731508,7.079487,1.545355,30,207,63,6,0.32204186,0.01770420,-0.00338982,0E-8,0.000000,0.904812,0.002133,0.03111404,2026-03-21,2026-08-06,120,3733,1703,139,0.863309,1.227414,1.154177,1.073473,,,,,,,,GLOBAL_BASELINE_NO_ENTITY_RANKING,,,NOT_APPLICABLE_GLOBAL_BASELINE,HF9g-P5,,,,X 全窗基线 · 不参与实体赏罚,15053309,1506,A168_HF9F_20260827_0900,2026-08-27 09:00:00
2026-06-25,127529701,2101,0,75.0893614833,51.6110782524,51.6110782524,1.0000000,3,3,0.50218230000000000,0.502182300000,1.4080544974538591,1.4080544974538591,1.4080544974538591,0E-17,ELIGIBLE,R03b_20260811_FULL_v1,L1_ELIGIBILITY,v2026-08-11,2026-03-21..2026-08-06,baccarat_bet02_101_all_pairs_incl_sentinel,round_win = game_pnl > 0 (decisive only),COMPATIBILITY_ONLY_NOT_PRODUCTION,557989.4742,504875.3716,9878.7574,24851,24505,-0.01770420,0.00338982,-0.02772422,-0.01770420,-9878.7574,557989.4742,OK,0.0000,395.1503,4.0000,96.0000,AG03-UNRESOLVED,ALL5_LEVELS_bet23_to_bet27,395.1503,395.1503,395.1503,0.0000,0.0000,4.000000,4.000000,4.000000,0.000000,0.000000,96.000000,96.000000,96.000000,100.000000,100.000000,5.0,1185.4509,1138.6651,8693.3065,8740.0923,PENDING_AG03,FALSE,NOT_FOR_ENFORCEMENT,9483.6071,484680.3568,9878.7574,9483.6071,395.1503,0.01770420,0.01699603,395.1503,9483.6071,0.01699603,395.1503,395.1503,395.1503,0.0000,0.0000,9483.6071,0.01699603,1185.4509,1138.6651,8693.3065,8740.0923,0.01557970,0.01566354,0.00070817,22.4534,20.6030,0.4031,82.3230,2.6463,4649.9123,204.2083,25.9152,21.1137,12.8578,14.5296,26.176,48.8436,54.2173,102.8621,13.088,0.0,3.731508,7.079487,1.545355,30,207,63,6,0.32204186,0.01770420,-0.00338982,0E-8,0.000000,0.904812,0.002133,0.03111404,2026-03-21,2026-08-06,120,3733,1703,139,0.863309,1.227414,1.154177,1.073473,,,,,,,,GLOBAL_BASELINE_NO_ENTITY_RANKING,,,NOT_APPLICABLE_GLOBAL_BASELINE,HF9g-P5,,,,X 全窗基线 · 不参与实体赏罚,15053310,1506,A168_HF9F_20260827_0900,2026-08-27 09:00:00
2026-06-25,127529701,2107,0,224.7537737548,20.1095481780,20.1095481780,0.5833333,12,12,0.49883100000000000,0.498831000000,0.5854509388768454,0.5854509388768454,0.5854509388768454,0E-17,ELIGIBLE,R03b_20260811_FULL_v1,L1_ELIGIBILITY,v2026-08-11,2026-03-21..2026-08-06,baccarat_bet02_101_all_pairs_incl_sentinel,round_win = game_pnl > 0 (decisive only),COMPATIBILITY_ONLY_NOT_PRODUCTION,557989.4742,504875.3716,9878.7574,24851,24505,-0.01770420,0.00338982,-0.02772422,-0.01770420,-9878.7574,557989.4742,OK,0.0000,395.1503,4.0000,96.0000,AG03-UNRESOLVED,ALL5_LEVELS_bet23_to_bet27,395.1503,395.1503,395.1503,0.0000,0.0000,4.000000,4.000000,4.000000,0.000000,0.000000,96.000000,96.000000,96.000000,100.000000,100.000000,5.0,1185.4509,1138.6651,8693.3065,8740.0923,PENDING_AG03,FALSE,NOT_FOR_ENFORCEMENT,9483.6071,484680.3568,9878.7574,9483.6071,395.1503,0.01770420,0.01699603,395.1503,9483.6071,0.01699603,395.1503,395.1503,395.1503,0.0000,0.0000,9483.6071,0.01699603,1185.4509,1138.6651,8693.3065,8740.0923,0.01557970,0.01566354,0.00070817,22.4534,20.6030,0.4031,82.3230,2.6463,4649.9123,204.2083,25.9152,21.1137,12.8578,14.5296,26.176,48.8436,54.2173,102.8621,13.088,0.0,3.731508,7.079487,1.545355,30,207,63,6,0.32204186,0.01770420,-0.00338982,0E-8,0.000000,0.904812,0.002133,0.03111404,2026-03-21,2026-08-06,120,3733,1703,139,0.863309,1.227414,1.154177,1.073473,,,,,,,,GLOBAL_BASELINE_NO_ENTITY_RANKING,,,NOT_APPLICABLE_GLOBAL_BASELINE,HF9g-P5,,,,X 全窗基线 · 不参与实体赏罚,15053311,1506,A168_HF9F_20260827_0900,2026-08-27 09:00:00
2026-06-25,127529701,2123,0,85.6327307326,-22.9511147685,-22.9511147685,0.4000000,5,5,0.50396966000000000,0.503969660000,-0.4649811094771361,-0.4649811094771361,-0.4649811094771361,0E-17,ELIGIBLE,R03b_20260811_FULL_v1,L1_ELIGIBILITY,v2026-08-11,2026-03-21..2026-08-06,baccarat_bet02_101_all_pairs_incl_sentinel,round_win = game_pnl > 0 (decisive only),COMPATIBILITY_ONLY_NOT_PRODUCTION,557989.4742,504875.3716,9878.7574,24851,24505,-0.01770420,0.00338982,-0.02772422,-0.01770420,-9878.7574,557989.4742,OK,0.0000,395.1503,4.0000,96.0000,AG03-UNRESOLVED,ALL5_LEVELS_bet23_to_bet27,395.1503,395.1503,395.1503,0.0000,0.0000,4.000000,4.000000,4.000000,0.000000,0.000000,96.000000,96.000000,96.000000,100.000000,100.000000,5.0,1185.4509,1138.6651,8693.3065,8740.0923,PENDING_AG03,FALSE,NOT_FOR_ENFORCEMENT,9483.6071,484680.3568,9878.7574,9483.6071,395.1503,0.01770420,0.01699603,395.1503,9483.6071,0.01699603,395.1503,395.1503,395.1503,0.0000,0.0000,9483.6071,0.01699603,1185.4509,1138.6651,8693.3065,8740.0923,0.01557970,0.01566354,0.00070817,22.4534,20.6030,0.4031,82.3230,2.6463,4649.9123,204.2083,25.9152,21.1137,12.8578,14.5296,26.176,48.8436,54.2173,102.8621,13.088,0.0,3.731508,7.079487,1.545355,30,207,63,6,0.32204186,0.01770420,-0.00338982,0E-8,0.000000,0.904812,0.002133,0.03111404,2026-03-21,2026-08-06,120,3733,1703,139,0.863309,1.227414,1.154177,1.073473,,,,,,,,GLOBAL_BASELINE_NO_ENTITY_RANKING,,,NOT_APPLICABLE_GLOBAL_BASELINE,HF9g-P5,,,,X 全窗基线 · 不参与实体赏罚,15053312,1506,A168_HF9F_20260827_0900,2026-08-27 09:00:00
2026-06-25,127529701,2145,0,185.1518502328,-185.1518502328,-185.1518502328,0E-7,4,4,0.49659680000000000,0.496596800000,-1.9864332133590707,-1.986433213359071,-1.9864332133590707,0E-17,ELIGIBLE,R03b_20260811_FULL_v1,L1_ELIGIBILITY,v2026-08-11,2026-03-21..2026-08-06,baccarat_bet02_101_all_pairs_incl_sentinel,round_win = game_pnl > 0 (decisive only),COMPATIBILITY_ONLY_NOT_PRODUCTION,557989.4742,504875.3716,9878.7574,24851,24505,-0.01770420,0.00338982,-0.02772422,-0.01770420,-9878.7574,557989.4742,OK,0.0000,395.1503,4.0000,96.0000,AG03-UNRESOLVED,ALL5_LEVELS_bet23_to_bet27,395.1503,395.1503,395.1503,0.0000,0.0000,4.000000,4.000000,4.000000,0.000000,0.000000,96.000000,96.000000,96.000000,100.000000,100.000000,5.0,1185.4509,1138.6651,8693.3065,8740.0923,PENDING_AG03,FALSE,NOT_FOR_ENFORCEMENT,9483.6071,484680.3568,9878.7574,9483.6071,395.1503,0.01770420,0.01699603,395.1503,9483.6071,0.01699603,395.1503,395.1503,395.1503,0.0000,0.0000,9483.6071,0.01699603,1185.4509,1138.6651,8693.3065,8740.0923,0.01557970,0.01566354,0.00070817,22.4534,20.6030,0.4031,82.3230,2.6463,4649.9123,204.2083,25.9152,21.1137,12.8578,14.5296,26.176,48.8436,54.2173,102.8621,13.088,0.0,3.731508,7.079487,1.545355,30,207,63,6,0.32204186,0.01770420,-0.00338982,0E-8,0.000000,0.904812,0.002133,0.03111404,2026-03-21,2026-08-06,120,3733,1703,139,0.863309,1.227414,1.154177,1.073473,,,,,,,,GLOBAL_BASELINE_NO_ENTITY_RANKING,,,NOT_APPLICABLE_GLOBAL_BASELINE,HF9g-P5,,,,X 全窗基线 · 不参与实体赏罚,15053313,1506,A168_HF9F_20260827_0900,2026-08-27 09:00:00
2026-06-25,127529701,2175,0,196.2095301771,107.8509527605,107.8509527605,0.7777778,11,11,0.50055742727272727,0.500557427273,1.6633231367033343,1.663323136701699,1.6633231367033343,-2.7273E-13,ELIGIBLE,R03b_20260811_FULL_v1,L1_ELIGIBILITY,v2026-08-11,2026-03-21..2026-08-06,baccarat_bet02_101_all_pairs_incl_sentinel,round_win = game_pnl > 0 (decisive only),COMPATIBILITY_ONLY_NOT_PRODUCTION,557989.4742,504875.3716,9878.7574,24851,24505,-0.01770420,0.00338982,-0.02772422,-0.01770420,-9878.7574,557989.4742,OK,0.0000,395.1503,4.0000,96.0000,AG03-UNRESOLVED,ALL5_LEVELS_bet23_to_bet27,395.1503,395.1503,395.1503,0.0000,0.0000,4.000000,4.000000,4.000000,0.000000,0.000000,96.000000,96.000000,96.000000,100.000000,100.000000,5.0,1185.4509,1138.6651,8693.3065,8740.0923,PENDING_AG03,FALSE,NOT_FOR_ENFORCEMENT,9483.6071,484680.3568,9878.7574,9483.6071,395.1503,0.01770420,0.01699603,395.1503,9483.6071,0.01699603,395.1503,395.1503,395.1503,0.0000,0.0000,9483.6071,0.01699603,1185.4509,1138.6651,8693.3065,8740.0923,0.01557970,0.01566354,0.00070817,22.4534,20.6030,0.4031,82.3230,2.6463,4649.9123,204.2083,25.9152,21.1137,12.8578,14.5296,26.176,48.8436,54.2173,102.8621,13.088,0.0,3.731508,7.079487,1.545355,30,207,63,6,0.32204186,0.01770420,-0.00338982,0E-8,0.000000,0.904812,0.002133,0.03111404,2026-03-21,2026-08-06,120,3733,1703,139,0.863309,1.227414,1.154177,1.073473,,,,,,,,GLOBAL_BASELINE_NO_ENTITY_RANKING,,,NOT_APPLICABLE_GLOBAL_BASELINE,HF9g-P5,,,,X 全窗基线 · 不参与实体赏罚,15053314,1506,A168_HF9F_20260827_0900,2026-08-27 09:00:00
2026-06-25,127529701,2209,0,178.7229665440,72.3249414973,72.3249414973,0.6666667,12,12,0.49994810000000000,0.499948100000,1.1550601183494658,1.1550601183494658,1.1550601183494658,0E-17,ELIGIBLE,R03b_20260811_FULL_v1,L1_ELIGIBILITY,v2026-08-11,2026-03-21..2026-08-06,baccarat_bet02_101_all_pairs_incl_sentinel,round_win = game_pnl > 0 (decisive only),COMPATIBILITY_ONLY_NOT_PRODUCTION,557989.4742,504875.3716,9878.7574,24851,24505,-0.01770420,0.00338982,-0.02772422,-0.01770420,-9878.7574,557989.4742,OK,0.0000,395.1503,4.0000,96.0000,AG03-UNRESOLVED,ALL5_LEVELS_bet23_to_bet27,395.1503,395.1503,395.1503,0.0000,0.0000,4.000000,4.000000,4.000000,0.000000,0.000000,96.000000,96.000000,96.000000,100.000000,100.000000,5.0,1185.4509,1138.6651,8693.3065,8740.0923,PENDING_AG03,FALSE,NOT_FOR_ENFORCEMENT,9483.6071,484680.3568,9878.7574,9483.6071,395.1503,0.01770420,0.01699603,395.1503,9483.6071,0.01699603,395.1503,395.1503,395.1503,0.0000,0.0000,9483.6071,0.01699603,1185.4509,1138.6651,8693.3065,8740.0923,0.01557970,0.01566354,0.00070817,22.4534,20.6030,0.4031,82.3230,2.6463,4649.9123,204.2083,25.9152,21.1137,12.8578,14.5296,26.176,48.8436,54.2173,102.8621,13.088,0.0,3.731508,7.079487,1.545355,30,207,63,6,0.32204186,0.01770420,-0.00338982,0E-8,0.000000,0.904812,0.002133,0.03111404,2026-03-21,2026-08-06,120,3733,1703,139,0.863309,1.227414,1.154177,1.073473,,,,,,,,GLOBAL_BASELINE_NO_ENTITY_RANKING,,,NOT_APPLICABLE_GLOBAL_BASELINE,HF9g-P5,,,,X 全窗基线 · 不参与实体赏罚,15053315,1506,A168_HF9F_20260827_0900,2026-08-27 09:00:00
2026-06-25,127529701,2216,0,33.4301951808,-9.0004371641,-9.0004371641,0.5000000,3,3,0.49771390000000000,0.497713900000,0.006466134837551399,0.0064661348375514,0.006466134837551399,0E-17,ELIGIBLE,R03b_20260811_FULL_v1,L1_ELIGIBILITY,v2026-08-11,2026-03-21..2026-08-06,baccarat_bet02_101_all_pairs_incl_sentinel,round_win = game_pnl > 0 (decisive only),COMPATIBILITY_ONLY_NOT_PRODUCTION,557989.4742,504875.3716,9878.7574,24851,24505,-0.01770420,0.00338982,-0.02772422,-0.01770420,-9878.7574,557989.4742,OK,0.0000,395.1503,4.0000,96.0000,AG03-UNRESOLVED,ALL5_LEVELS_bet23_to_bet27,395.1503,395.1503,395.1503,0.0000,0.0000,4.000000,4.000000,4.000000,0.000000,0.000000,96.000000,96.000000,96.000000,100.000000,100.000000,5.0,1185.4509,1138.6651,8693.3065,8740.0923,PENDING_AG03,FALSE,NOT_FOR_ENFORCEMENT,9483.6071,484680.3568,9878.7574,9483.6071,395.1503,0.01770420,0.01699603,395.1503,9483.6071,0.01699603,395.1503,395.1503,395.1503,0.0000,0.0000,9483.6071,0.01699603,1185.4509,1138.6651,8693.3065,8740.0923,0.01557970,0.01566354,0.00070817,22.4534,20.6030,0.4031,82.3230,2.6463,4649.9123,204.2083,25.9152,21.1137,12.8578,14.5296,26.176,48.8436,54.2173,102.8621,13.088,0.0,3.731508,7.079487,1.545355,30,207,63,6,0.32204186,0.01770420,-0.00338982,0E-8,0.000000,0.904812,0.002133,0.03111404,2026-03-21,2026-08-06,120,3733,1703,139,0.863309,1.227414,1.154177,1.073473,,,,,,,,GLOBAL_BASELINE_NO_ENTITY_RANKING,,,NOT_APPLICABLE_GLOBAL_BASELINE,HF9g-P5,,,,X 全窗基线 · 不参与实体赏罚,15053316,1506,A168_HF9F_20260827_0900,2026-08-27 09:00:00
2026-06-25,127529701,2235,0,36.0017486563,-36.0017486563,-36.0017486563,0E-7,3,3,0.49771390000000000,0.497713900000,-1.724149546644903,-1.724149546644903,-1.724149546644903,0E-17,ELIGIBLE,R03b_20260811_FULL_v1,L1_ELIGIBILITY,v2026-08-11,2026-03-21..2026-08-06,baccarat_bet02_101_all_pairs_incl_sentinel,round_win = game_pnl > 0 (decisive only),COMPATIBILITY_ONLY_NOT_PRODUCTION,557989.4742,504875.3716,9878.7574,24851,24505,-0.01770420,0.00338982,-0.02772422,-0.01770420,-9878.7574,557989.4742,OK,0.0000,395.1503,4.0000,96.0000,AG03-UNRESOLVED,ALL5_LEVELS_bet23_to_bet27,395.1503,395.1503,395.1503,0.0000,0.0000,4.000000,4.000000,4.000000,0.000000,0.000000,96.000000,96.000000,96.000000,100.000000,100.000000,5.0,1185.4509,1138.6651,8693.3065,8740.0923,PENDING_AG03,FALSE,NOT_FOR_ENFORCEMENT,9483.6071,484680.3568,9878.7574,9483.6071,395.1503,0.01770420,0.01699603,395.1503,9483.6071,0.01699603,395.1503,395.1503,395.1503,0.0000,0.0000,9483.6071,0.01699603,1185.4509,1138.6651,8693.3065,8740.0923,0.01557970,0.01566354,0.00070817,22.4534,20.6030,0.4031,82.3230,2.6463,4649.9123,204.2083,25.9152,21.1137,12.8578,14.5296,26.176,48.8436,54.2173,102.8621,13.088,0.0,3.731508,7.079487,1.545355,30,207,63,6,0.32204186,0.01770420,-0.00338982,0E-8,0.000000,0.904812,0.002133,0.03111404,2026-03-21,2026-08-06,120,3733,1703,139,0.863309,1.227414,1.154177,1.073473,,,,,,,,GLOBAL_BASELINE_NO_ENTITY_RANKING,,,NOT_APPLICABLE_GLOBAL_BASELINE,HF9g-P5,,,,X 全窗基线 · 不参与实体赏罚,15053317,1506,A168_HF9F_20260827_0900,2026-08-27 09:00:00
2026-06-25,127529701,2266,0,92.0616144212,33.3144752746,33.3144752746,0.7500000,5,5,0.50396966000000000,0.503969660000,0.9841523774297893,0.9841523774297894,0.9841523774297893,0E-17,ELIGIBLE,R03b_20260811_FULL_v1,L1_ELIGIBILITY,v2026-08-11,2026-03-21..2026-08-06,baccarat_bet02_101_all_pairs_incl_sentinel,round_win = game_pnl > 0 (decisive only),COMPATIBILITY_ONLY_NOT_PRODUCTION,557989.4742,504875.3716,9878.7574,24851,24505,-0.01770420,0.00338982,-0.02772422,-0.01770420,-9878.7574,557989.4742,OK,0.0000,395.1503,4.0000,96.0000,AG03-UNRESOLVED,ALL5_LEVELS_bet23_to_bet27,395.1503,395.1503,395.1503,0.0000,0.0000,4.000000,4.000000,4.000000,0.000000,0.000000,96.000000,96.000000,96.000000,100.000000,100.000000,5.0,1185.4509,1138.6651,8693.3065,8740.0923,PENDING_AG03,FALSE,NOT_FOR_ENFORCEMENT,9483.6071,484680.3568,9878.7574,9483.6071,395.1503,0.01770420,0.01699603,395.1503,9483.6071,0.01699603,395.1503,395.1503,395.1503,0.0000,0.0000,9483.6071,0.01699603,1185.4509,1138.6651,8693.3065,8740.0923,0.01557970,0.01566354,0.00070817,22.4534,20.6030,0.4031,82.3230,2.6463,4649.9123,204.2083,25.9152,21.1137,12.8578,14.5296,26.176,48.8436,54.2173,102.8621,13.088,0.0,3.731508,7.079487,1.545355,30,207,63,6,0.32204186,0.01770420,-0.00338982,0E-8,0.000000,0.904812,0.002133,0.03111404,2026-03-21,2026-08-06,120,3733,1703,139,0.863309,1.227414,1.154177,1.073473,,,,,,,,GLOBAL_BASELINE_NO_ENTITY_RANKING,,,NOT_APPLICABLE_GLOBAL_BASELINE,HF9g-P5,,,,X 全窗基线 · 不参与实体赏罚,15053318,1506,A168_HF9F_20260827_0900,2026-08-27 09:00:00
2026-06-25,127529701,2267,0,15.4293208527,-15.4293208527,-15.4293208527,0E-7,1,1,0.50665070000000000,0.506650700000,-1.013391052207602,-1.013391052207602,-1.013391052207602,0E-17,ELIGIBLE,R03b_20260811_FULL_v1,L1_ELIGIBILITY,v2026-08-11,2026-03-21..2026-08-06,baccarat_bet02_101_all_pairs_incl_sentinel,round_win = game_pnl > 0 (decisive only),COMPATIBILITY_ONLY_NOT_PRODUCTION,557989.4742,504875.3716,9878.7574,24851,24505,-0.01770420,0.00338982,-0.02772422,-0.01770420,-9878.7574,557989.4742,OK,0.0000,395.1503,4.0000,96.0000,AG03-UNRESOLVED,ALL5_LEVELS_bet23_to_bet27,395.1503,395.1503,395.1503,0.0000,0.0000,4.000000,4.000000,4.000000,0.000000,0.000000,96.000000,96.000000,96.000000,100.000000,100.000000,5.0,1185.4509,1138.6651,8693.3065,8740.0923,PENDING_AG03,FALSE,NOT_FOR_ENFORCEMENT,9483.6071,484680.3568,9878.7574,9483.6071,395.1503,0.01770420,0.01699603,395.1503,9483.6071,0.01699603,395.1503,395.1503,395.1503,0.0000,0.0000,9483.6071,0.01699603,1185.4509,1138.6651,8693.3065,8740.0923,0.01557970,0.01566354,0.00070817,22.4534,20.6030,0.4031,82.3230,2.6463,4649.9123,204.2083,25.9152,21.1137,12.8578,14.5296,26.176,48.8436,54.2173,102.8621,13.088,0.0,3.731508,7.079487,1.545355,30,207,63,6,0.32204186,0.01770420,-0.00338982,0E-8,0.000000,0.904812,0.002133,0.03111404,2026-03-21,2026-08-06,120,3733,1703,139,0.863309,1.227414,1.154177,1.073473,,,,,,,,GLOBAL_BASELINE_NO_ENTITY_RANKING,,,NOT_APPLICABLE_GLOBAL_BASELINE,HF9g-P5,,,,X 全窗基线 · 不参与实体赏罚,15053319,1506,A168_HF9F_20260827_0900,2026-08-27 09:00:00
2026-06-25,127529701,2276,0,68.1461670995,-40.5662560753,-40.5662560753,0.5000000,2,2,0.49994810000000000,0.499948100000,0.00014679536856514622,0.00014679536856514622,0.00014679536856514622,0E-17,ELIGIBLE,R03b_20260811_FULL_v1,L1_ELIGIBILITY,v2026-08-11,2026-03-21..2026-08-06,baccarat_bet02_101_all_pairs_incl_sentinel,round_win = game_pnl > 0 (decisive only),COMPATIBILITY_ONLY_NOT_PRODUCTION,557989.4742,504875.3716,9878.7574,24851,24505,-0.01770420,0.00338982,-0.02772422,-0.01770420,-9878.7574,557989.4742,OK,0.0000,395.1503,4.0000,96.0000,AG03-UNRESOLVED,ALL5_LEVELS_bet23_to_bet27,395.1503,395.1503,395.1503,0.0000,0.0000,4.000000,4.000000,4.000000,0.000000,0.000000,96.000000,96.000000,96.000000,100.000000,100.000000,5.0,1185.4509,1138.6651,8693.3065,8740.0923,PENDING_AG03,FALSE,NOT_FOR_ENFORCEMENT,9483.6071,484680.3568,9878.7574,9483.6071,395.1503,0.01770420,0.01699603,395.1503,9483.6071,0.01699603,395.1503,395.1503,395.1503,0.0000,0.0000,9483.6071,0.01699603,1185.4509,1138.6651,8693.3065,8740.0923,0.01557970,0.01566354,0.00070817,22.4534,20.6030,0.4031,82.3230,2.6463,4649.9123,204.2083,25.9152,21.1137,12.8578,14.5296,26.176,48.8436,54.2173,102.8621,13.088,0.0,3.731508,7.079487,1.545355,30,207,63,6,0.32204186,0.01770420,-0.00338982,0E-8,0.000000,0.904812,0.002133,0.03111404,2026-03-21,2026-08-06,120,3733,1703,139,0.863309,1.227414,1.154177,1.073473,,,,,,,,GLOBAL_BASELINE_NO_ENTITY_RANKING,,,NOT_APPLICABLE_GLOBAL_BASELINE,HF9g-P5,,,,X 全窗基线 · 不参与实体赏罚,15053320,1506,A168_HF9F_20260827_0900,2026-08-27 09:00:00
2026-06-25,127529701,2288,0,121.8916347365,-43.3949648983,-43.3949648983,0.4285714,7,7,0.50090561428571429,0.500905614286,-0.38275716120403624,-0.38275716120554854,-0.38275716120403624,-2.8571E-13,ELIGIBLE,R03b_20260811_FULL_v1,L1_ELIGIBILITY,v2026-08-11,2026-03-21..2026-08-06,baccarat_bet02_101_all_pairs_incl_sentinel,round_win = game_pnl > 0 (decisive only),COMPATIBILITY_ONLY_NOT_PRODUCTION,557989.4742,504875.3716,9878.7574,24851,24505,-0.01770420,0.00338982,-0.02772422,-0.01770420,-9878.7574,557989.4742,OK,0.0000,395.1503,4.0000,96.0000,AG03-UNRESOLVED,ALL5_LEVELS_bet23_to_bet27,395.1503,395.1503,395.1503,0.0000,0.0000,4.000000,4.000000,4.000000,0.000000,0.000000,96.000000,96.000000,96.000000,100.000000,100.000000,5.0,1185.4509,1138.6651,8693.3065,8740.0923,PENDING_AG03,FALSE,NOT_FOR_ENFORCEMENT,9483.6071,484680.3568,9878.7574,9483.6071,395.1503,0.01770420,0.01699603,395.1503,9483.6071,0.01699603,395.1503,395.1503,395.1503,0.0000,0.0000,9483.6071,0.01699603,1185.4509,1138.6651,8693.3065,8740.0923,0.01557970,0.01566354,0.00070817,22.4534,20.6030,0.4031,82.3230,2.6463,4649.9123,204.2083,25.9152,21.1137,12.8578,14.5296,26.176,48.8436,54.2173,102.8621,13.088,0.0,3.731508,7.079487,1.545355,30,207,63,6,0.32204186,0.01770420,-0.00338982,0E-8,0.000000,0.904812,0.002133,0.03111404,2026-03-21,2026-08-06,120,3733,1703,139,0.863309,1.227414,1.154177,1.073473,,,,,,,,GLOBAL_BASELINE_NO_ENTITY_RANKING,,,NOT_APPLICABLE_GLOBAL_BASELINE,HF9g-P5,,,,X 全窗基线 · 不参与实体赏罚,15053321,1506,A168_HF9F_20260827_0900,2026-08-27 09:00:00
2026-06-25,127529701,583,0,51.4310695091,-26.3584231234,-26.3584231234,0.3333333,3,3,0.50665070000000000,0.506650700000,-0.6004420894325239,-0.6004420894325239,-0.6004420894325239,0E-17,ELIGIBLE,R03b_20260811_FULL_v1,L1_ELIGIBILITY,v2026-08-11,2026-03-21..2026-08-06,baccarat_bet02_101_all_pairs_incl_sentinel,round_win = game_pnl > 0 (decisive only),COMPATIBILITY_ONLY_NOT_PRODUCTION,557989.4742,504875.3716,9878.7574,24851,24505,-0.01770420,0.00338982,-0.02772422,-0.01770420,-9878.7574,557989.4742,OK,0.0000,395.1503,4.0000,96.0000,AG03-UNRESOLVED,ALL5_LEVELS_bet23_to_bet27,395.1503,395.1503,395.1503,0.0000,0.0000,4.000000,4.000000,4.000000,0.000000,0.000000,96.000000,96.000000,96.000000,100.000000,100.000000,5.0,1185.4509,1138.6651,8693.3065,8740.0923,PENDING_AG03,FALSE,NOT_FOR_ENFORCEMENT,9483.6071,484680.3568,9878.7574,9483.6071,395.1503,0.01770420,0.01699603,395.1503,9483.6071,0.01699603,395.1503,395.1503,395.1503,0.0000,0.0000,9483.6071,0.01699603,1185.4509,1138.6651,8693.3065,8740.0923,0.01557970,0.01566354,0.00070817,22.4534,20.6030,0.4031,82.3230,2.6463,4649.9123,204.2083,25.9152,21.1137,12.8578,14.5296,26.176,48.8436,54.2173,102.8621,13.088,0.0,3.731508,7.079487,1.545355,30,207,63,6,0.32204186,0.01770420,-0.00338982,0E-8,0.000000,0.904812,0.002133,0.03111404,2026-03-21,2026-08-06,120,3733,1703,139,0.863309,1.227414,1.154177,1.073473,,,,,,,,GLOBAL_BASELINE_NO_ENTITY_RANKING,,,NOT_APPLICABLE_GLOBAL_BASELINE,HF9g-P5,,,,X 全窗基线 · 不参与实体赏罚,15053322,1506,A168_HF9F_20260827_0900,2026-08-27 09:00:00
2026-06-25,127529701,970,0,86.4041967752,-15.8150538740,-15.8150538740,0.4285714,8,8,0.49994810000000000,0.499948100000,-0.377689846057837,-0.377689846057837,-0.377689846057837,0E-17,ELIGIBLE,R03b_20260811_FULL_v1,L1_ELIGIBILITY,v2026-08-11,2026-03-21..2026-08-06,baccarat_bet02_101_all_pairs_incl_sentinel,round_win = game_pnl > 0 (decisive only),COMPATIBILITY_ONLY_NOT_PRODUCTION,557989.4742,504875.3716,9878.7574,24851,24505,-0.01770420,0.00338982,-0.02772422,-0.01770420,-9878.7574,557989.4742,OK,0.0000,395.1503,4.0000,96.0000,AG03-UNRESOLVED,ALL5_LEVELS_bet23_to_bet27,395.1503,395.1503,395.1503,0.0000,0.0000,4.000000,4.000000,4.000000,0.000000,0.000000,96.000000,96.000000,96.000000,100.000000,100.000000,5.0,1185.4509,1138.6651,8693.3065,8740.0923,PENDING_AG03,FALSE,NOT_FOR_ENFORCEMENT,9483.6071,484680.3568,9878.7574,9483.6071,395.1503,0.01770420,0.01699603,395.1503,9483.6071,0.01699603,395.1503,395.1503,395.1503,0.0000,0.0000,9483.6071,0.01699603,1185.4509,1138.6651,8693.3065,8740.0923,0.01557970,0.01566354,0.00070817,22.4534,20.6030,0.4031,82.3230,2.6463,4649.9123,204.2083,25.9152,21.1137,12.8578,14.5296,26.176,48.8436,54.2173,102.8621,13.088,0.0,3.731508,7.079487,1.545355,30,207,63,6,0.32204186,0.01770420,-0.00338982,0E-8,0.000000,0.904812,0.002133,0.03111404,2026-03-21,2026-08-06,120,3733,1703,139,0.863309,1.227414,1.154177,1.073473,,,,,,,,GLOBAL_BASELINE_NO_ENTITY_RANKING,,,NOT_APPLICABLE_GLOBAL_BASELINE,HF9g-P5,,,,X 全窗基线 · 不参与实体赏罚,15053323,1506,A168_HF9F_20260827_0900,2026-08-27 09:00:00
2026-06-25,127529701,994,0,141.4354411500,64.2888368864,64.2888368864,0.6000000,5,5,0.49592654000000000,0.495926540000,0.46544610904919037,0.46544610904919037,0.46544610904919037,0E-17,ELIGIBLE,R03b_20260811_FULL_v1,L1_ELIGIBILITY,v2026-08-11,2026-03-21..2026-08-06,baccarat_bet02_101_all_pairs_incl_sentinel,round_win = game_pnl > 0 (decisive only),COMPATIBILITY_ONLY_NOT_PRODUCTION,557989.4742,504875.3716,9878.7574,24851,24505,-0.01770420,0.00338982,-0.02772422,-0.01770420,-9878.7574,557989.4742,OK,0.0000,395.1503,4.0000,96.0000,AG03-UNRESOLVED,ALL5_LEVELS_bet23_to_bet27,395.1503,395.1503,395.1503,0.0000,0.0000,4.000000,4.000000,4.000000,0.000000,0.000000,96.000000,96.000000,96.000000,100.000000,100.000000,5.0,1185.4509,1138.6651,8693.3065,8740.0923,PENDING_AG03,FALSE,NOT_FOR_ENFORCEMENT,9483.6071,484680.3568,9878.7574,9483.6071,395.1503,0.01770420,0.01699603,395.1503,9483.6071,0.01699603,395.1503,395.1503,395.1503,0.0000,0.0000,9483.6071,0.01699603,1185.4509,1138.6651,8693.3065,8740.0923,0.01557970,0.01566354,0.00070817,22.4534,20.6030,0.4031,82.3230,2.6463,4649.9123,204.2083,25.9152,21.1137,12.8578,14.5296,26.176,48.8436,54.2173,102.8621,13.088,0.0,3.731508,7.079487,1.545355,30,207,63,6,0.32204186,0.01770420,-0.00338982,0E-8,0.000000,0.904812,0.002133,0.03111404,2026-03-21,2026-08-06,120,3733,1703,139,0.863309,1.227414,1.154177,1.073473,,,,,,,,GLOBAL_BASELINE_NO_ENTITY_RANKING,,,NOT_APPLICABLE_GLOBAL_BASELINE,HF9g-P5,,,,X 全窗基线 · 不参与实体赏罚,15053324,1506,A168_HF9F_20260827_0900,2026-08-27 09:00:00
2026-06-26,127529701,-1,1,18.0008743282,4.8859516034,4.8859516034,1.0000000,2,2,0.49994810000000000,0.499948100000,1.0001038053877793,1.0001038053877793,1.0001038053877793,0E-17,SENTINEL_DEALER,R03b_20260811_FULL_v1,L1_ELIGIBILITY,v2026-08-11,2026-03-21..2026-08-06,baccarat_bet02_101_all_pairs_incl_sentinel,round_win = game_pnl > 0 (decisive only),COMPATIBILITY_ONLY_NOT_PRODUCTION,557989.4742,504875.3716,9878.7574,24851,24505,-0.01770420,0.00338982,-0.02772422,-0.01770420,-9878.7574,557989.4742,OK,0.0000,395.1503,4.0000,96.0000,AG03-UNRESOLVED,ALL5_LEVELS_bet23_to_bet27,395.1503,395.1503,395.1503,0.0000,0.0000,4.000000,4.000000,4.000000,0.000000,0.000000,96.000000,96.000000,96.000000,100.000000,100.000000,5.0,1185.4509,1138.6651,8693.3065,8740.0923,PENDING_AG03,FALSE,NOT_FOR_ENFORCEMENT,9483.6071,484680.3568,9878.7574,9483.6071,395.1503,0.01770420,0.01699603,395.1503,9483.6071,0.01699603,395.1503,395.1503,395.1503,0.0000,0.0000,9483.6071,0.01699603,1185.4509,1138.6651,8693.3065,8740.0923,0.01557970,0.01566354,0.00070817,22.4534,20.6030,0.4031,82.3230,2.6463,4649.9123,204.2083,25.9152,21.1137,12.8578,14.5296,26.176,48.8436,54.2173,102.8621,13.088,0.0,3.731508,7.079487,1.545355,30,207,63,6,0.32204186,0.01770420,-0.00338982,0E-8,0.000000,0.904812,0.002133,0.03111404,2026-03-21,2026-08-06,120,3733,1703,139,0.863309,1.227414,1.154177,1.073473,,,,,,,,GLOBAL_BASELINE_NO_ENTITY_RANKING,,,NOT_APPLICABLE_GLOBAL_BASELINE,HF9g-P5,,,,X 全窗基线 · 不参与实体赏罚,15053325,1506,A168_HF9F_20260827_0900,2026-08-27 09:00:00
2026-06-26,127529701,1382,0,10.2862139018,-10.2862139018,-10.2862139018,0E-7,2,2,0.49994810000000000,0.499948100000,-1.4140667746232096,-1.4140667746232096,-1.4140667746232096,0E-17,ELIGIBLE,R03b_20260811_FULL_v1,L1_ELIGIBILITY,v2026-08-11,2026-03-21..2026-08-06,baccarat_bet02_101_all_pairs_incl_sentinel,round_win = game_pnl > 0 (decisive only),COMPATIBILITY_ONLY_NOT_PRODUCTION,557989.4742,504875.3716,9878.7574,24851,24505,-0.01770420,0.00338982,-0.02772422,-0.01770420,-9878.7574,557989.4742,OK,0.0000,395.1503,4.0000,96.0000,AG03-UNRESOLVED,ALL5_LEVELS_bet23_to_bet27,395.1503,395.1503,395.1503,0.0000,0.0000,4.000000,4.000000,4.000000,0.000000,0.000000,96.000000,96.000000,96.000000,100.000000,100.000000,5.0,1185.4509,1138.6651,8693.3065,8740.0923,PENDING_AG03,FALSE,NOT_FOR_ENFORCEMENT,9483.6071,484680.3568,9878.7574,9483.6071,395.1503,0.01770420,0.01699603,395.1503,9483.6071,0.01699603,395.1503,395.1503,395.1503,0.0000,0.0000,9483.6071,0.01699603,1185.4509,1138.6651,8693.3065,8740.0923,0.01557970,0.01566354,0.00070817,22.4534,20.6030,0.4031,82.3230,2.6463,4649.9123,204.2083,25.9152,21.1137,12.8578,14.5296,26.176,48.8436,54.2173,102.8621,13.088,0.0,3.731508,7.079487,1.545355,30,207,63,6,0.32204186,0.01770420,-0.00338982,0E-8,0.000000,0.904812,0.002133,0.03111404,2026-03-21,2026-08-06,120,3733,1703,139,0.863309,1.227414,1.154177,1.073473,,,,,,,,GLOBAL_BASELINE_NO_ENTITY_RANKING,,,NOT_APPLICABLE_GLOBAL_BASELINE,HF9g-P5,,,,X 全窗基线 · 不参与实体赏罚,15053326,1506,A168_HF9F_20260827_0900,2026-08-27 09:00:00
2026-06-26,127529701,2093,0,78.4323810014,-56.1370123692,-56.1370123692,0.2500000,8,8,0.49994810000000000,0.499948100000,-1.4139199792546444,-1.4139199792546444,-1.4139199792546444,0E-17,ELIGIBLE,R03b_20260811_FULL_v1,L1_ELIGIBILITY,v2026-08-11,2026-03-21..2026-08-06,baccarat_bet02_101_all_pairs_incl_sentinel,round_win = game_pnl > 0 (decisive only),COMPATIBILITY_ONLY_NOT_PRODUCTION,557989.4742,504875.3716,9878.7574,24851,24505,-0.01770420,0.00338982,-0.02772422,-0.01770420,-9878.7574,557989.4742,OK,0.0000,395.1503,4.0000,96.0000,AG03-UNRESOLVED,ALL5_LEVELS_bet23_to_bet27,395.1503,395.1503,395.1503,0.0000,0.0000,4.000000,4.000000,4.000000,0.000000,0.000000,96.000000,96.000000,96.000000,100.000000,100.000000,5.0,1185.4509,1138.6651,8693.3065,8740.0923,PENDING_AG03,FALSE,NOT_FOR_ENFORCEMENT,9483.6071,484680.3568,9878.7574,9483.6071,395.1503,0.01770420,0.01699603,395.1503,9483.6071,0.01699603,395.1503,395.1503,395.1503,0.0000,0.0000,9483.6071,0.01699603,1185.4509,1138.6651,8693.3065,8740.0923,0.01557970,0.01566354,0.00070817,22.4534,20.6030,0.4031,82.3230,2.6463,4649.9123,204.2083,25.9152,21.1137,12.8578,14.5296,26.176,48.8436,54.2173,102.8621,13.088,0.0,3.731508,7.079487,1.545355,30,207,63,6,0.32204186,0.01770420,-0.00338982,0E-8,0.000000,0.904812,0.002133,0.03111404,2026-03-21,2026-08-06,120,3733,1703,139,0.863309,1.227414,1.154177,1.073473,,,,,,,,GLOBAL_BASELINE_NO_ENTITY_RANKING,,,NOT_APPLICABLE_GLOBAL_BASELINE,HF9g-P5,,,,X 全窗基线 · 不参与实体赏罚,15053327,1506,A168_HF9F_20260827_0900,2026-08-27 09:00:00
2026-06-26,127529701,2130,0,25.2012240594,4.6287962558,4.6287962558,0.5000000,3,3,0.49771390000000000,0.497713900000,0.006466134837551399,0.0064661348375514,0.006466134837551399,0E-17,ELIGIBLE,R03b_20260811_FULL_v1,L1_ELIGIBILITY,v2026-08-11,2026-03-21..2026-08-06,baccarat_bet02_101_all_pairs_incl_sentinel,round_win = game_pnl > 0 (decisive only),COMPATIBILITY_ONLY_NOT_PRODUCTION,557989.4742,504875.3716,9878.7574,24851,24505,-0.01770420,0.00338982,-0.02772422,-0.01770420,-9878.7574,557989.4742,OK,0.0000,395.1503,4.0000,96.0000,AG03-UNRESOLVED,ALL5_LEVELS_bet23_to_bet27,395.1503,395.1503,395.1503,0.0000,0.0000,4.000000,4.000000,4.000000,0.000000,0.000000,96.000000,96.000000,96.000000,100.000000,100.000000,5.0,1185.4509,1138.6651,8693.3065,8740.0923,PENDING_AG03,FALSE,NOT_FOR_ENFORCEMENT,9483.6071,484680.3568,9878.7574,9483.6071,395.1503,0.01770420,0.01699603,395.1503,9483.6071,0.01699603,395.1503,395.1503,395.1503,0.0000,0.0000,9483.6071,0.01699603,1185.4509,1138.6651,8693.3065,8740.0923,0.01557970,0.01566354,0.00070817,22.4534,20.6030,0.4031,82.3230,2.6463,4649.9123,204.2083,25.9152,21.1137,12.8578,14.5296,26.176,48.8436,54.2173,102.8621,13.088,0.0,3.731508,7.079487,1.545355,30,207,63,6,0.32204186,0.01770420,-0.00338982,0E-8,0.000000,0.904812,0.002133,0.03111404,2026-03-21,2026-08-06,120,3733,1703,139,0.863309,1.227414,1.154177,1.073473,,,,,,,,GLOBAL_BASELINE_NO_ENTITY_RANKING,,,NOT_APPLICABLE_GLOBAL_BASELINE,HF9g-P5,,,,X 全窗基线 · 不参与实体赏罚,15053328,1506,A168_HF9F_20260827_0900,2026-08-27 09:00:00
2026-06-26,127529701,2222,0,15.4293208528,-15.4293208528,-15.4293208528,0E-7,2,2,0.49994810000000000,0.499948100000,-1.4140667746232096,-1.4140667746232096,-1.4140667746232096,0E-17,ELIGIBLE,R03b_20260811_FULL_v1,L1_ELIGIBILITY,v2026-08-11,2026-03-21..2026-08-06,baccarat_bet02_101_all_pairs_incl_sentinel,round_win = game_pnl > 0 (decisive only),COMPATIBILITY_ONLY_NOT_PRODUCTION,557989.4742,504875.3716,9878.7574,24851,24505,-0.01770420,0.00338982,-0.02772422,-0.01770420,-9878.7574,557989.4742,OK,0.0000,395.1503,4.0000,96.0000,AG03-UNRESOLVED,ALL5_LEVELS_bet23_to_bet27,395.1503,395.1503,395.1503,0.0000,0.0000,4.000000,4.000000,4.000000,0.000000,0.000000,96.000000,96.000000,96.000000,100.000000,100.000000,5.0,1185.4509,1138.6651,8693.3065,8740.0923,PENDING_AG03,FALSE,NOT_FOR_ENFORCEMENT,9483.6071,484680.3568,9878.7574,9483.6071,395.1503,0.01770420,0.01699603,395.1503,9483.6071,0.01699603,395.1503,395.1503,395.1503,0.0000,0.0000,9483.6071,0.01699603,1185.4509,1138.6651,8693.3065,8740.0923,0.01557970,0.01566354,0.00070817,22.4534,20.6030,0.4031,82.3230,2.6463,4649.9123,204.2083,25.9152,21.1137,12.8578,14.5296,26.176,48.8436,54.2173,102.8621,13.088,0.0,3.731508,7.079487,1.545355,30,207,63,6,0.32204186,0.01770420,-0.00338982,0E-8,0.000000,0.904812,0.002133,0.03111404,2026-03-21,2026-08-06,120,3733,1703,139,0.863309,1.227414,1.154177,1.073473,,,,,,,,GLOBAL_BASELINE_NO_ENTITY_RANKING,,,NOT_APPLICABLE_GLOBAL_BASELINE,HF9g-P5,,,,X 全窗基线 · 不参与实体赏罚,15053329,1506,A168_HF9F_20260827_0900,2026-08-27 09:00:00
2026-06-26,127529701,2266,0,2.5715534755,-2.5715534755,-2.5715534755,0E-7,1,1,0.50665070000000000,0.506650700000,-1.013391052207602,-1.013391052207602,-1.013391052207602,0E-17,ELIGIBLE,R03b_20260811_FULL_v1,L1_ELIGIBILITY,v2026-08-11,2026-03-21..2026-08-06,baccarat_bet02_101_all_pairs_incl_sentinel,round_win = game_pnl > 0 (decisive only),COMPATIBILITY_ONLY_NOT_PRODUCTION,557989.4742,504875.3716,9878.7574,24851,24505,-0.01770420,0.00338982,-0.02772422,-0.01770420,-9878.7574,557989.4742,OK,0.0000,395.1503,4.0000,96.0000,AG03-UNRESOLVED,ALL5_LEVELS_bet23_to_bet27,395.1503,395.1503,395.1503,0.0000,0.0000,4.000000,4.000000,4.000000,0.000000,0.000000,96.000000,96.000000,96.000000,100.000000,100.000000,5.0,1185.4509,1138.6651,8693.3065,8740.0923,PENDING_AG03,FALSE,NOT_FOR_ENFORCEMENT,9483.6071,484680.3568,9878.7574,9483.6071,395.1503,0.01770420,0.01699603,395.1503,9483.6071,0.01699603,395.1503,395.1503,395.1503,0.0000,0.0000,9483.6071,0.01699603,1185.4509,1138.6651,8693.3065,8740.0923,0.01557970,0.01566354,0.00070817,22.4534,20.6030,0.4031,82.3230,2.6463,4649.9123,204.2083,25.9152,21.1137,12.8578,14.5296,26.176,48.8436,54.2173,102.8621,13.088,0.0,3.731508,7.079487,1.545355,30,207,63,6,0.32204186,0.01770420,-0.00338982,0E-8,0.000000,0.904812,0.002133,0.03111404,2026-03-21,2026-08-06,120,3733,1703,139,0.863309,1.227414,1.154177,1.073473,,,,,,,,GLOBAL_BASELINE_NO_ENTITY_RANKING,,,NOT_APPLICABLE_GLOBAL_BASELINE,HF9g-P5,,,,X 全窗基线 · 不参与实体赏罚,15053330,1506,A168_HF9F_20260827_0900,2026-08-27 09:00:00
2026-06-26,127529701,595,0,76.3751382209,-7.2774963355,-7.2774963355,0.5000000,8,8,0.50329940000000000,0.503299400000,-0.016164044843397878,-0.016164044843397878,-0.016164044843397878,0E-17,ELIGIBLE,R03b_20260811_FULL_v1,L1_ELIGIBILITY,v2026-08-11,2026-03-21..2026-08-06,baccarat_bet02_101_all_pairs_incl_sentinel,round_win = game_pnl > 0 (decisive only),COMPATIBILITY_ONLY_NOT_PRODUCTION,557989.4742,504875.3716,9878.7574,24851,24505,-0.01770420,0.00338982,-0.02772422,-0.01770420,-9878.7574,557989.4742,OK,0.0000,395.1503,4.0000,96.0000,AG03-UNRESOLVED,ALL5_LEVELS_bet23_to_bet27,395.1503,395.1503,395.1503,0.0000,0.0000,4.000000,4.000000,4.000000,0.000000,0.000000,96.000000,96.000000,96.000000,100.000000,100.000000,5.0,1185.4509,1138.6651,8693.3065,8740.0923,PENDING_AG03,FALSE,NOT_FOR_ENFORCEMENT,9483.6071,484680.3568,9878.7574,9483.6071,395.1503,0.01770420,0.01699603,395.1503,9483.6071,0.01699603,395.1503,395.1503,395.1503,0.0000,0.0000,9483.6071,0.01699603,1185.4509,1138.6651,8693.3065,8740.0923,0.01557970,0.01566354,0.00070817,22.4534,20.6030,0.4031,82.3230,2.6463,4649.9123,204.2083,25.9152,21.1137,12.8578,14.5296,26.176,48.8436,54.2173,102.8621,13.088,0.0,3.731508,7.079487,1.545355,30,207,63,6,0.32204186,0.01770420,-0.00338982,0E-8,0.000000,0.904812,0.002133,0.03111404,2026-03-21,2026-08-06,120,3733,1703,139,0.863309,1.227414,1.154177,1.073473,,,,,,,,GLOBAL_BASELINE_NO_ENTITY_RANKING,,,NOT_APPLICABLE_GLOBAL_BASELINE,HF9g-P5,,,,X 全窗基线 · 不参与实体赏罚,15053331,1506,A168_HF9F_20260827_0900,2026-08-27 09:00:00
2026-06-27,127529701,-1,1,6687.5819682663,7.9975313078,7.9975313078,0.5066079,248,244,0.49794909682687557,0.496455411749,0.2609191324083314,0.305933894838697,0.2609191324083314,0.00149368507787557,SENTINEL_DEALER,R03b_20260811_FULL_v1,L1_ELIGIBILITY,v2026-08-11,2026-03-21..2026-08-06,baccarat_bet02_101_all_pairs_incl_sentinel,round_win = game_pnl > 0 (decisive only),COMPATIBILITY_ONLY_NOT_PRODUCTION,557989.4742,504875.3716,9878.7574,24851,24505,-0.01770420,0.00338982,-0.02772422,-0.01770420,-9878.7574,557989.4742,OK,0.0000,395.1503,4.0000,96.0000,AG03-UNRESOLVED,ALL5_LEVELS_bet23_to_bet27,395.1503,395.1503,395.1503,0.0000,0.0000,4.000000,4.000000,4.000000,0.000000,0.000000,96.000000,96.000000,96.000000,100.000000,100.000000,5.0,1185.4509,1138.6651,8693.3065,8740.0923,PENDING_AG03,FALSE,NOT_FOR_ENFORCEMENT,9483.6071,484680.3568,9878.7574,9483.6071,395.1503,0.01770420,0.01699603,395.1503,9483.6071,0.01699603,395.1503,395.1503,395.1503,0.0000,0.0000,9483.6071,0.01699603,1185.4509,1138.6651,8693.3065,8740.0923,0.01557970,0.01566354,0.00070817,22.4534,20.6030,0.4031,82.3230,2.6463,4649.9123,204.2083,25.9152,21.1137,12.8578,14.5296,26.176,48.8436,54.2173,102.8621,13.088,0.0,3.731508,7.079487,1.545355,30,207,63,6,0.32204186,0.01770420,-0.00338982,0E-8,0.000000,0.904812,0.002133,0.03111404,2026-03-21,2026-08-06,120,3733,1703,139,0.863309,1.227414,1.154177,1.073473,,,,,,,,GLOBAL_BASELINE_NO_ENTITY_RANKING,,,NOT_APPLICABLE_GLOBAL_BASELINE,HF9g-P5,,,,X 全窗基线 · 不参与实体赏罚,15053332,1506,A168_HF9F_20260827_0900,2026-08-27 09:00:00
2026-06-27,127529701,1110,0,316.5582328284,-88.6414482989,-88.6414482989,0.3750000,9,9,0.50069283333333333,0.500692833333,-0.7110267209840203,-0.7110267209821342,-0.7110267209840203,3.3333E-13,ELIGIBLE,R03b_20260811_FULL_v1,L1_ELIGIBILITY,v2026-08-11,2026-03-21..2026-08-06,baccarat_bet02_101_all_pairs_incl_sentinel,round_win = game_pnl > 0 (decisive only),COMPATIBILITY_ONLY_NOT_PRODUCTION,557989.4742,504875.3716,9878.7574,24851,24505,-0.01770420,0.00338982,-0.02772422,-0.01770420,-9878.7574,557989.4742,OK,0.0000,395.1503,4.0000,96.0000,AG03-UNRESOLVED,ALL5_LEVELS_bet23_to_bet27,395.1503,395.1503,395.1503,0.0000,0.0000,4.000000,4.000000,4.000000,0.000000,0.000000,96.000000,96.000000,96.000000,100.000000,100.000000,5.0,1185.4509,1138.6651,8693.3065,8740.0923,PENDING_AG03,FALSE,NOT_FOR_ENFORCEMENT,9483.6071,484680.3568,9878.7574,9483.6071,395.1503,0.01770420,0.01699603,395.1503,9483.6071,0.01699603,395.1503,395.1503,395.1503,0.0000,0.0000,9483.6071,0.01699603,1185.4509,1138.6651,8693.3065,8740.0923,0.01557970,0.01566354,0.00070817,22.4534,20.6030,0.4031,82.3230,2.6463,4649.9123,204.2083,25.9152,21.1137,12.8578,14.5296,26.176,48.8436,54.2173,102.8621,13.088,0.0,3.731508,7.079487,1.545355,30,207,63,6,0.32204186,0.01770420,-0.00338982,0E-8,0.000000,0.904812,0.002133,0.03111404,2026-03-21,2026-08-06,120,3733,1703,139,0.863309,1.227414,1.154177,1.073473,,,,,,,,GLOBAL_BASELINE_NO_ENTITY_RANKING,,,NOT_APPLICABLE_GLOBAL_BASELINE,HF9g-P5,,,,X 全窗基线 · 不参与实体赏罚,15053333,1506,A168_HF9F_20260827_0900,2026-08-27 09:00:00
2026-06-27,127529701,1205,0,158.1505387404,-23.7868696478,-23.7868696478,0.5714286,7,7,0.49899058571428571,0.498990585714,0.38330657246501415,0.3833065724665265,0.38330657246501415,2.8571E-13,ELIGIBLE,R03b_20260811_FULL_v1,L1_ELIGIBILITY,v2026-08-11,2026-03-21..2026-08-06,baccarat_bet02_101_all_pairs_incl_sentinel,round_win = game_pnl > 0 (decisive only),COMPATIBILITY_ONLY_NOT_PRODUCTION,557989.4742,504875.3716,9878.7574,24851,24505,-0.01770420,0.00338982,-0.02772422,-0.01770420,-9878.7574,557989.4742,OK,0.0000,395.1503,4.0000,96.0000,AG03-UNRESOLVED,ALL5_LEVELS_bet23_to_bet27,395.1503,395.1503,395.1503,0.0000,0.0000,4.000000,4.000000,4.000000,0.000000,0.000000,96.000000,96.000000,96.000000,100.000000,100.000000,5.0,1185.4509,1138.6651,8693.3065,8740.0923,PENDING_AG03,FALSE,NOT_FOR_ENFORCEMENT,9483.6071,484680.3568,9878.7574,9483.6071,395.1503,0.01770420,0.01699603,395.1503,9483.6071,0.01699603,395.1503,395.1503,395.1503,0.0000,0.0000,9483.6071,0.01699603,1185.4509,1138.6651,8693.3065,8740.0923,0.01557970,0.01566354,0.00070817,22.4534,20.6030,0.4031,82.3230,2.6463,4649.9123,204.2083,25.9152,21.1137,12.8578,14.5296,26.176,48.8436,54.2173,102.8621,13.088,0.0,3.731508,7.079487,1.545355,30,207,63,6,0.32204186,0.01770420,-0.00338982,0E-8,0.000000,0.904812,0.002133,0.03111404,2026-03-21,2026-08-06,120,3733,1703,139,0.863309,1.227414,1.154177,1.073473,,,,,,,,GLOBAL_BASELINE_NO_ENTITY_RANKING,,,NOT_APPLICABLE_GLOBAL_BASELINE,HF9g-P5,,,,X 全窗基线 · 不参与实体赏罚,15053334,1506,A168_HF9F_20260827_0900,2026-08-27 09:00:00
2026-06-27,127529701,1210,0,582.1997068432,101.9235219994,101.9235219994,0.6250000,17,17,0.50270799411764706,0.502707994118,0.9783503961051893,0.9783503961023694,0.9783503961051893,-3.5294E-13,ELIGIBLE,R03b_20260811_FULL_v1,L1_ELIGIBILITY,v2026-08-11,2026-03-21..2026-08-06,baccarat_bet02_101_all_pairs_incl_sentinel,round_win = game_pnl > 0 (decisive only),COMPATIBILITY_ONLY_NOT_PRODUCTION,557989.4742,504875.3716,9878.7574,24851,24505,-0.01770420,0.00338982,-0.02772422,-0.01770420,-9878.7574,557989.4742,OK,0.0000,395.1503,4.0000,96.0000,AG03-UNRESOLVED,ALL5_LEVELS_bet23_to_bet27,395.1503,395.1503,395.1503,0.0000,0.0000,4.000000,4.000000,4.000000,0.000000,0.000000,96.000000,96.000000,96.000000,100.000000,100.000000,5.0,1185.4509,1138.6651,8693.3065,8740.0923,PENDING_AG03,FALSE,NOT_FOR_ENFORCEMENT,9483.6071,484680.3568,9878.7574,9483.6071,395.1503,0.01770420,0.01699603,395.1503,9483.6071,0.01699603,395.1503,395.1503,395.1503,0.0000,0.0000,9483.6071,0.01699603,1185.4509,1138.6651,8693.3065,8740.0923,0.01557970,0.01566354,0.00070817,22.4534,20.6030,0.4031,82.3230,2.6463,4649.9123,204.2083,25.9152,21.1137,12.8578,14.5296,26.176,48.8436,54.2173,102.8621,13.088,0.0,3.731508,7.079487,1.545355,30,207,63,6,0.32204186,0.01770420,-0.00338982,0E-8,0.000000,0.904812,0.002133,0.03111404,2026-03-21,2026-08-06,120,3733,1703,139,0.863309,1.227414,1.154177,1.073473,,,,,,,,GLOBAL_BASELINE_NO_ENTITY_RANKING,,,NOT_APPLICABLE_GLOBAL_BASELINE,HF9g-P5,,,,X 全窗基线 · 不参与实体赏罚,15053335,1506,A168_HF9F_20260827_0900,2026-08-27 09:00:00
2026-06-27,127529701,1307,0,271.2988916603,-102.6049836705,-102.6049836705,0.5000000,8,8,0.49994810000000000,0.499948100000,0.00025425703667063243,0.00025425703667063243,0.00025425703667063243,0E-17,ELIGIBLE,R03b_20260811_FULL_v1,L1_ELIGIBILITY,v2026-08-11,2026-03-21..2026-08-06,baccarat_bet02_101_all_pairs_incl_sentinel,round_win = game_pnl > 0 (decisive only),COMPATIBILITY_ONLY_NOT_PRODUCTION,557989.4742,504875.3716,9878.7574,24851,24505,-0.01770420,0.00338982,-0.02772422,-0.01770420,-9878.7574,557989.4742,OK,0.0000,395.1503,4.0000,96.0000,AG03-UNRESOLVED,ALL5_LEVELS_bet23_to_bet27,395.1503,395.1503,395.1503,0.0000,0.0000,4.000000,4.000000,4.000000,0.000000,0.000000,96.000000,96.000000,96.000000,100.000000,100.000000,5.0,1185.4509,1138.6651,8693.3065,8740.0923,PENDING_AG03,FALSE,NOT_FOR_ENFORCEMENT,9483.6071,484680.3568,9878.7574,9483.6071,395.1503,0.01770420,0.01699603,395.1503,9483.6071,0.01699603,395.1503,395.1503,395.1503,0.0000,0.0000,9483.6071,0.01699603,1185.4509,1138.6651,8693.3065,8740.0923,0.01557970,0.01566354,0.00070817,22.4534,20.6030,0.4031,82.3230,2.6463,4649.9123,204.2083,25.9152,21.1137,12.8578,14.5296,26.176,48.8436,54.2173,102.8621,13.088,0.0,3.731508,7.079487,1.545355,30,207,63,6,0.32204186,0.01770420,-0.00338982,0E-8,0.000000,0.904812,0.002133,0.03111404,2026-03-21,2026-08-06,120,3733,1703,139,0.863309,1.227414,1.154177,1.073473,,,,,,,,GLOBAL_BASELINE_NO_ENTITY_RANKING,,,NOT_APPLICABLE_GLOBAL_BASELINE,HF9g-P5,,,,X 全窗基线 · 不参与实体赏罚,15053336,1506,A168_HF9F_20260827_0900,2026-08-27 09:00:00
2026-06-27,127529701,1318,0,321.7013397792,-95.5975004499,-95.5975004499,0.4545455,14,14,0.49994810000000000,0.499948100000,-0.3011670805469781,-0.3011670805469781,-0.3011670805469781,0E-17,ELIGIBLE,R03b_20260811_FULL_v1,L1_ELIGIBILITY,v2026-08-11,2026-03-21..2026-08-06,baccarat_bet02_101_all_pairs_incl_sentinel,round_win = game_pnl > 0 (decisive only),COMPATIBILITY_ONLY_NOT_PRODUCTION,557989.4742,504875.3716,9878.7574,24851,24505,-0.01770420,0.00338982,-0.02772422,-0.01770420,-9878.7574,557989.4742,OK,0.0000,395.1503,4.0000,96.0000,AG03-UNRESOLVED,ALL5_LEVELS_bet23_to_bet27,395.1503,395.1503,395.1503,0.0000,0.0000,4.000000,4.000000,4.000000,0.000000,0.000000,96.000000,96.000000,96.000000,100.000000,100.000000,5.0,1185.4509,1138.6651,8693.3065,8740.0923,PENDING_AG03,FALSE,NOT_FOR_ENFORCEMENT,9483.6071,484680.3568,9878.7574,9483.6071,395.1503,0.01770420,0.01699603,395.1503,9483.6071,0.01699603,395.1503,395.1503,395.1503,0.0000,0.0000,9483.6071,0.01699603,1185.4509,1138.6651,8693.3065,8740.0923,0.01557970,0.01566354,0.00070817,22.4534,20.6030,0.4031,82.3230,2.6463,4649.9123,204.2083,25.9152,21.1137,12.8578,14.5296,26.176,48.8436,54.2173,102.8621,13.088,0.0,3.731508,7.079487,1.545355,30,207,63,6,0.32204186,0.01770420,-0.00338982,0E-8,0.000000,0.904812,0.002133,0.03111404,2026-03-21,2026-08-06,120,3733,1703,139,0.863309,1.227414,1.154177,1.073473,,,,,,,,GLOBAL_BASELINE_NO_ENTITY_RANKING,,,NOT_APPLICABLE_GLOBAL_BASELINE,HF9g-P5,,,,X 全窗基线 · 不参与实体赏罚,15053337,1506,A168_HF9F_20260827_0900,2026-08-27 09:00:00
2026-06-27,127529701,1323,0,54.0026229846,0E-10,0E-10,,2,2,0.49994810000000000,0.499948100000,,,,0E-17,NO_DECISIVE_ROUND,R03b_20260811_FULL_v1,L1_ELIGIBILITY,v2026-08-11,2026-03-21..2026-08-06,baccarat_bet02_101_all_pairs_incl_sentinel,round_win = game_pnl > 0 (decisive only),COMPATIBILITY_ONLY_NOT_PRODUCTION,557989.4742,504875.3716,9878.7574,24851,24505,-0.01770420,0.00338982,-0.02772422,-0.01770420,-9878.7574,557989.4742,OK,0.0000,395.1503,4.0000,96.0000,AG03-UNRESOLVED,ALL5_LEVELS_bet23_to_bet27,395.1503,395.1503,395.1503,0.0000,0.0000,4.000000,4.000000,4.000000,0.000000,0.000000,96.000000,96.000000,96.000000,100.000000,100.000000,5.0,1185.4509,1138.6651,8693.3065,8740.0923,PENDING_AG03,FALSE,NOT_FOR_ENFORCEMENT,9483.6071,484680.3568,9878.7574,9483.6071,395.1503,0.01770420,0.01699603,395.1503,9483.6071,0.01699603,395.1503,395.1503,395.1503,0.0000,0.0000,9483.6071,0.01699603,1185.4509,1138.6651,8693.3065,8740.0923,0.01557970,0.01566354,0.00070817,22.4534,20.6030,0.4031,82.3230,2.6463,4649.9123,204.2083,25.9152,21.1137,12.8578,14.5296,26.176,48.8436,54.2173,102.8621,13.088,0.0,3.731508,7.079487,1.545355,30,207,63,6,0.32204186,0.01770420,-0.00338982,0E-8,0.000000,0.904812,0.002133,0.03111404,2026-03-21,2026-08-06,120,3733,1703,139,0.863309,1.227414,1.154177,1.073473,,,,,,,,GLOBAL_BASELINE_NO_ENTITY_RANKING,,,NOT_APPLICABLE_GLOBAL_BASELINE,HF9g-P5,,,,X 全窗基线 · 不参与实体赏罚,15053338,1506,A168_HF9F_20260827_0900,2026-08-27 09:00:00
2026-06-27,127529701,1331,0,154.0360531797,136.0094633168,136.0094633168,0.8000000,5,5,0.50128862000000000,0.501288620000,1.335882339249048,1.335882339249048,1.335882339249048,0E-17,ELIGIBLE,R03b_20260811_FULL_v1,L1_ELIGIBILITY,v2026-08-11,2026-03-21..2026-08-06,baccarat_bet02_101_all_pairs_incl_sentinel,round_win = game_pnl > 0 (decisive only),COMPATIBILITY_ONLY_NOT_PRODUCTION,557989.4742,504875.3716,9878.7574,24851,24505,-0.01770420,0.00338982,-0.02772422,-0.01770420,-9878.7574,557989.4742,OK,0.0000,395.1503,4.0000,96.0000,AG03-UNRESOLVED,ALL5_LEVELS_bet23_to_bet27,395.1503,395.1503,395.1503,0.0000,0.0000,4.000000,4.000000,4.000000,0.000000,0.000000,96.000000,96.000000,96.000000,100.000000,100.000000,5.0,1185.4509,1138.6651,8693.3065,8740.0923,PENDING_AG03,FALSE,NOT_FOR_ENFORCEMENT,9483.6071,484680.3568,9878.7574,9483.6071,395.1503,0.01770420,0.01699603,395.1503,9483.6071,0.01699603,395.1503,395.1503,395.1503,0.0000,0.0000,9483.6071,0.01699603,1185.4509,1138.6651,8693.3065,8740.0923,0.01557970,0.01566354,0.00070817,22.4534,20.6030,0.4031,82.3230,2.6463,4649.9123,204.2083,25.9152,21.1137,12.8578,14.5296,26.176,48.8436,54.2173,102.8621,13.088,0.0,3.731508,7.079487,1.545355,30,207,63,6,0.32204186,0.01770420,-0.00338982,0E-8,0.000000,0.904812,0.002133,0.03111404,2026-03-21,2026-08-06,120,3733,1703,139,0.863309,1.227414,1.154177,1.073473,,,,,,,,GLOBAL_BASELINE_NO_ENTITY_RANKING,,,NOT_APPLICABLE_GLOBAL_BASELINE,HF9g-P5,,,,X 全窗基线 · 不参与实体赏罚,15053339,1506,A168_HF9F_20260827_0900,2026-08-27 09:00:00
2026-06-27,127529701,1383,0,604.3150667317,-356.1601563504,-356.1601563504,0.4000000,10,10,0.50128862000000000,0.501288620000,-0.6406076080251435,-0.6406076080251435,-0.6406076080251435,0E-17,ELIGIBLE,R03b_20260811_FULL_v1,L1_ELIGIBILITY,v2026-08-11,2026-03-21..2026-08-06,baccarat_bet02_101_all_pairs_incl_sentinel,round_win = game_pnl > 0 (decisive only),COMPATIBILITY_ONLY_NOT_PRODUCTION,557989.4742,504875.3716,9878.7574,24851,24505,-0.01770420,0.00338982,-0.02772422,-0.01770420,-9878.7574,557989.4742,OK,0.0000,395.1503,4.0000,96.0000,AG03-UNRESOLVED,ALL5_LEVELS_bet23_to_bet27,395.1503,395.1503,395.1503,0.0000,0.0000,4.000000,4.000000,4.000000,0.000000,0.000000,96.000000,96.000000,96.000000,100.000000,100.000000,5.0,1185.4509,1138.6651,8693.3065,8740.0923,PENDING_AG03,FALSE,NOT_FOR_ENFORCEMENT,9483.6071,484680.3568,9878.7574,9483.6071,395.1503,0.01770420,0.01699603,395.1503,9483.6071,0.01699603,395.1503,395.1503,395.1503,0.0000,0.0000,9483.6071,0.01699603,1185.4509,1138.6651,8693.3065,8740.0923,0.01557970,0.01566354,0.00070817,22.4534,20.6030,0.4031,82.3230,2.6463,4649.9123,204.2083,25.9152,21.1137,12.8578,14.5296,26.176,48.8436,54.2173,102.8621,13.088,0.0,3.731508,7.079487,1.545355,30,207,63,6,0.32204186,0.01770420,-0.00338982,0E-8,0.000000,0.904812,0.002133,0.03111404,2026-03-21,2026-08-06,120,3733,1703,139,0.863309,1.227414,1.154177,1.073473,,,,,,,,GLOBAL_BASELINE_NO_ENTITY_RANKING,,,NOT_APPLICABLE_GLOBAL_BASELINE,HF9g-P5,,,,X 全窗基线 · 不参与实体赏罚,15053340,1506,A168_HF9F_20260827_0900,2026-08-27 09:00:00
2026-06-27,127529701,1384,0,131.9206932909,-33.8159282022,-33.8159282022,0.3750000,8,8,0.49659680000000000,0.496596800000,-0.6878713085241178,-0.6878713085241179,-0.6878713085241178,0E-17,ELIGIBLE,R03b_20260811_FULL_v1,L1_ELIGIBILITY,v2026-08-11,2026-03-21..2026-08-06,baccarat_bet02_101_all_pairs_incl_sentinel,round_win = game_pnl > 0 (decisive only),COMPATIBILITY_ONLY_NOT_PRODUCTION,557989.4742,504875.3716,9878.7574,24851,24505,-0.01770420,0.00338982,-0.02772422,-0.01770420,-9878.7574,557989.4742,OK,0.0000,395.1503,4.0000,96.0000,AG03-UNRESOLVED,ALL5_LEVELS_bet23_to_bet27,395.1503,395.1503,395.1503,0.0000,0.0000,4.000000,4.000000,4.000000,0.000000,0.000000,96.000000,96.000000,96.000000,100.000000,100.000000,5.0,1185.4509,1138.6651,8693.3065,8740.0923,PENDING_AG03,FALSE,NOT_FOR_ENFORCEMENT,9483.6071,484680.3568,9878.7574,9483.6071,395.1503,0.01770420,0.01699603,395.1503,9483.6071,0.01699603,395.1503,395.1503,395.1503,0.0000,0.0000,9483.6071,0.01699603,1185.4509,1138.6651,8693.3065,8740.0923,0.01557970,0.01566354,0.00070817,22.4534,20.6030,0.4031,82.3230,2.6463,4649.9123,204.2083,25.9152,21.1137,12.8578,14.5296,26.176,48.8436,54.2173,102.8621,13.088,0.0,3.731508,7.079487,1.545355,30,207,63,6,0.32204186,0.01770420,-0.00338982,0E-8,0.000000,0.904812,0.002133,0.03111404,2026-03-21,2026-08-06,120,3733,1703,139,0.863309,1.227414,1.154177,1.073473,,,,,,,,GLOBAL_BASELINE_NO_ENTITY_RANKING,,,NOT_APPLICABLE_GLOBAL_BASELINE,HF9g-P5,,,,X 全窗基线 · 不参与实体赏罚,15053341,1506,A168_HF9F_20260827_0900,2026-08-27 09:00:00
2026-06-27,127529701,1396,0,77.1466042637,53.8740453108,53.8740453108,0.7500000,4,4,0.49994810000000000,0.499948100000,1.0002076053883384,1.0002076053883384,1.0002076053883384,0E-17,ELIGIBLE,R03b_20260811_FULL_v1,L1_ELIGIBILITY,v2026-08-11,2026-03-21..2026-08-06,baccarat_bet02_101_all_pairs_incl_sentinel,round_win = game_pnl > 0 (decisive only),COMPATIBILITY_ONLY_NOT_PRODUCTION,557989.4742,504875.3716,9878.7574,24851,24505,-0.01770420,0.00338982,-0.02772422,-0.01770420,-9878.7574,557989.4742,OK,0.0000,395.1503,4.0000,96.0000,AG03-UNRESOLVED,ALL5_LEVELS_bet23_to_bet27,395.1503,395.1503,395.1503,0.0000,0.0000,4.000000,4.000000,4.000000,0.000000,0.000000,96.000000,96.000000,96.000000,100.000000,100.000000,5.0,1185.4509,1138.6651,8693.3065,8740.0923,PENDING_AG03,FALSE,NOT_FOR_ENFORCEMENT,9483.6071,484680.3568,9878.7574,9483.6071,395.1503,0.01770420,0.01699603,395.1503,9483.6071,0.01699603,395.1503,395.1503,395.1503,0.0000,0.0000,9483.6071,0.01699603,1185.4509,1138.6651,8693.3065,8740.0923,0.01557970,0.01566354,0.00070817,22.4534,20.6030,0.4031,82.3230,2.6463,4649.9123,204.2083,25.9152,21.1137,12.8578,14.5296,26.176,48.8436,54.2173,102.8621,13.088,0.0,3.731508,7.079487,1.545355,30,207,63,6,0.32204186,0.01770420,-0.00338982,0E-8,0.000000,0.904812,0.002133,0.03111404,2026-03-21,2026-08-06,120,3733,1703,139,0.863309,1.227414,1.154177,1.073473,,,,,,,,GLOBAL_BASELINE_NO_ENTITY_RANKING,,,NOT_APPLICABLE_GLOBAL_BASELINE,HF9g-P5,,,,X 全窗基线 · 不参与实体赏罚,15053342,1506,A168_HF9F_20260827_0900,2026-08-27 09:00:00
2026-06-27,127529701,1401,0,207.2672101217,146.1285262427,146.1285262427,0.7777778,9,9,0.50069283333333333,0.500692833333,1.662511262738188,1.6625112627401863,1.662511262738188,3.3333E-13,ELIGIBLE,R03b_20260811_FULL_v1,L1_ELIGIBILITY,v2026-08-11,2026-03-21..2026-08-06,baccarat_bet02_101_all_pairs_incl_sentinel,round_win = game_pnl > 0 (decisive only),COMPATIBILITY_ONLY_NOT_PRODUCTION,557989.4742,504875.3716,9878.7574,24851,24505,-0.01770420,0.00338982,-0.02772422,-0.01770420,-9878.7574,557989.4742,OK,0.0000,395.1503,4.0000,96.0000,AG03-UNRESOLVED,ALL5_LEVELS_bet23_to_bet27,395.1503,395.1503,395.1503,0.0000,0.0000,4.000000,4.000000,4.000000,0.000000,0.000000,96.000000,96.000000,96.000000,100.000000,100.000000,5.0,1185.4509,1138.6651,8693.3065,8740.0923,PENDING_AG03,FALSE,NOT_FOR_ENFORCEMENT,9483.6071,484680.3568,9878.7574,9483.6071,395.1503,0.01770420,0.01699603,395.1503,9483.6071,0.01699603,395.1503,395.1503,395.1503,0.0000,0.0000,9483.6071,0.01699603,1185.4509,1138.6651,8693.3065,8740.0923,0.01557970,0.01566354,0.00070817,22.4534,20.6030,0.4031,82.3230,2.6463,4649.9123,204.2083,25.9152,21.1137,12.8578,14.5296,26.176,48.8436,54.2173,102.8621,13.088,0.0,3.731508,7.079487,1.545355,30,207,63,6,0.32204186,0.01770420,-0.00338982,0E-8,0.000000,0.904812,0.002133,0.03111404,2026-03-21,2026-08-06,120,3733,1703,139,0.863309,1.227414,1.154177,1.073473,,,,,,,,GLOBAL_BASELINE_NO_ENTITY_RANKING,,,NOT_APPLICABLE_GLOBAL_BASELINE,HF9g-P5,,,,X 全窗基线 · 不参与实体赏罚,15053343,1506,A168_HF9F_20260827_0900,2026-08-27 09:00:00
2026-06-27,127529701,1505,0,160.2077815209,-33.5587728547,-33.5587728547,0.5000000,7,7,0.49899058571428571,0.498990585714,0.004945109955477372,0.0049451099568770685,0.004945109955477372,2.8571E-13,ELIGIBLE,R03b_20260811_FULL_v1,L1_ELIGIBILITY,v2026-08-11,2026-03-21..2026-08-06,baccarat_bet02_101_all_pairs_incl_sentinel,round_win = game_pnl > 0 (decisive only),COMPATIBILITY_ONLY_NOT_PRODUCTION,557989.4742,504875.3716,9878.7574,24851,24505,-0.01770420,0.00338982,-0.02772422,-0.01770420,-9878.7574,557989.4742,OK,0.0000,395.1503,4.0000,96.0000,AG03-UNRESOLVED,ALL5_LEVELS_bet23_to_bet27,395.1503,395.1503,395.1503,0.0000,0.0000,4.000000,4.000000,4.000000,0.000000,0.000000,96.000000,96.000000,96.000000,100.000000,100.000000,5.0,1185.4509,1138.6651,8693.3065,8740.0923,PENDING_AG03,FALSE,NOT_FOR_ENFORCEMENT,9483.6071,484680.3568,9878.7574,9483.6071,395.1503,0.01770420,0.01699603,395.1503,9483.6071,0.01699603,395.1503,395.1503,395.1503,0.0000,0.0000,9483.6071,0.01699603,1185.4509,1138.6651,8693.3065,8740.0923,0.01557970,0.01566354,0.00070817,22.4534,20.6030,0.4031,82.3230,2.6463,4649.9123,204.2083,25.9152,21.1137,12.8578,14.5296,26.176,48.8436,54.2173,102.8621,13.088,0.0,3.731508,7.079487,1.545355,30,207,63,6,0.32204186,0.01770420,-0.00338982,0E-8,0.000000,0.904812,0.002133,0.03111404,2026-03-21,2026-08-06,120,3733,1703,139,0.863309,1.227414,1.154177,1.073473,,,,,,,,GLOBAL_BASELINE_NO_ENTITY_RANKING,,,NOT_APPLICABLE_GLOBAL_BASELINE,HF9g-P5,,,,X 全窗基线 · 不参与实体赏罚,15053344,1506,A168_HF9F_20260827_0900,2026-08-27 09:00:00
2026-06-27,127529701,1507,0,25.7155347545,0E-10,0E-10,,1,1,0.50665070000000000,0.506650700000,,,,0E-17,NO_DECISIVE_ROUND,R03b_20260811_FULL_v1,L1_ELIGIBILITY,v2026-08-11,2026-03-21..2026-08-06,baccarat_bet02_101_all_pairs_incl_sentinel,round_win = game_pnl > 0 (decisive only),COMPATIBILITY_ONLY_NOT_PRODUCTION,557989.4742,504875.3716,9878.7574,24851,24505,-0.01770420,0.00338982,-0.02772422,-0.01770420,-9878.7574,557989.4742,OK,0.0000,395.1503,4.0000,96.0000,AG03-UNRESOLVED,ALL5_LEVELS_bet23_to_bet27,395.1503,395.1503,395.1503,0.0000,0.0000,4.000000,4.000000,4.000000,0.000000,0.000000,96.000000,96.000000,96.000000,100.000000,100.000000,5.0,1185.4509,1138.6651,8693.3065,8740.0923,PENDING_AG03,FALSE,NOT_FOR_ENFORCEMENT,9483.6071,484680.3568,9878.7574,9483.6071,395.1503,0.01770420,0.01699603,395.1503,9483.6071,0.01699603,395.1503,395.1503,395.1503,0.0000,0.0000,9483.6071,0.01699603,1185.4509,1138.6651,8693.3065,8740.0923,0.01557970,0.01566354,0.00070817,22.4534,20.6030,0.4031,82.3230,2.6463,4649.9123,204.2083,25.9152,21.1137,12.8578,14.5296,26.176,48.8436,54.2173,102.8621,13.088,0.0,3.731508,7.079487,1.545355,30,207,63,6,0.32204186,0.01770420,-0.00338982,0E-8,0.000000,0.904812,0.002133,0.03111404,2026-03-21,2026-08-06,120,3733,1703,139,0.863309,1.227414,1.154177,1.073473,,,,,,,,GLOBAL_BASELINE_NO_ENTITY_RANKING,,,NOT_APPLICABLE_GLOBAL_BASELINE,HF9g-P5,,,,X 全窗基线 · 不参与实体赏罚,15053345,1506,A168_HF9F_20260827_0900,2026-08-27 09:00:00
2026-06-27,127529701,1645,0,31.8872630957,4.8602360686,4.8602360686,0.6666667,3,3,0.49771390000000000,0.497713900000,0.5852756695216578,0.5852756695216578,0.5852756695216578,0E-17,ELIGIBLE,R03b_20260811_FULL_v1,L1_ELIGIBILITY,v2026-08-11,2026-03-21..2026-08-06,baccarat_bet02_101_all_pairs_incl_sentinel,round_win = game_pnl > 0 (decisive only),COMPATIBILITY_ONLY_NOT_PRODUCTION,557989.4742,504875.3716,9878.7574,24851,24505,-0.01770420,0.00338982,-0.02772422,-0.01770420,-9878.7574,557989.4742,OK,0.0000,395.1503,4.0000,96.0000,AG03-UNRESOLVED,ALL5_LEVELS_bet23_to_bet27,395.1503,395.1503,395.1503,0.0000,0.0000,4.000000,4.000000,4.000000,0.000000,0.000000,96.000000,96.000000,96.000000,100.000000,100.000000,5.0,1185.4509,1138.6651,8693.3065,8740.0923,PENDING_AG03,FALSE,NOT_FOR_ENFORCEMENT,9483.6071,484680.3568,9878.7574,9483.6071,395.1503,0.01770420,0.01699603,395.1503,9483.6071,0.01699603,395.1503,395.1503,395.1503,0.0000,0.0000,9483.6071,0.01699603,1185.4509,1138.6651,8693.3065,8740.0923,0.01557970,0.01566354,0.00070817,22.4534,20.6030,0.4031,82.3230,2.6463,4649.9123,204.2083,25.9152,21.1137,12.8578,14.5296,26.176,48.8436,54.2173,102.8621,13.088,0.0,3.731508,7.079487,1.545355,30,207,63,6,0.32204186,0.01770420,-0.00338982,0E-8,0.000000,0.904812,0.002133,0.03111404,2026-03-21,2026-08-06,120,3733,1703,139,0.863309,1.227414,1.154177,1.073473,,,,,,,,GLOBAL_BASELINE_NO_ENTITY_RANKING,,,NOT_APPLICABLE_GLOBAL_BASELINE,HF9g-P5,,,,X 全窗基线 · 不参与实体赏罚,15053346,1506,A168_HF9F_20260827_0900,2026-08-27 09:00:00
2026-06-27,127529701,1646,0,160.2077815208,54.5169336796,54.5169336796,0.5000000,6,6,0.50441650000000000,0.504416500000,-0.01766668920767576,-0.017666689207675765,-0.01766668920767576,0E-17,ELIGIBLE,R03b_20260811_FULL_v1,L1_ELIGIBILITY,v2026-08-11,2026-03-21..2026-08-06,baccarat_bet02_101_all_pairs_incl_sentinel,round_win = game_pnl > 0 (decisive only),COMPATIBILITY_ONLY_NOT_PRODUCTION,557989.4742,504875.3716,9878.7574,24851,24505,-0.01770420,0.00338982,-0.02772422,-0.01770420,-9878.7574,557989.4742,OK,0.0000,395.1503,4.0000,96.0000,AG03-UNRESOLVED,ALL5_LEVELS_bet23_to_bet27,395.1503,395.1503,395.1503,0.0000,0.0000,4.000000,4.000000,4.000000,0.000000,0.000000,96.000000,96.000000,96.000000,100.000000,100.000000,5.0,1185.4509,1138.6651,8693.3065,8740.0923,PENDING_AG03,FALSE,NOT_FOR_ENFORCEMENT,9483.6071,484680.3568,9878.7574,9483.6071,395.1503,0.01770420,0.01699603,395.1503,9483.6071,0.01699603,395.1503,395.1503,395.1503,0.0000,0.0000,9483.6071,0.01699603,1185.4509,1138.6651,8693.3065,8740.0923,0.01557970,0.01566354,0.00070817,22.4534,20.6030,0.4031,82.3230,2.6463,4649.9123,204.2083,25.9152,21.1137,12.8578,14.5296,26.176,48.8436,54.2173,102.8621,13.088,0.0,3.731508,7.079487,1.545355,30,207,63,6,0.32204186,0.01770420,-0.00338982,0E-8,0.000000,0.904812,0.002133,0.03111404,2026-03-21,2026-08-06,120,3733,1703,139,0.863309,1.227414,1.154177,1.073473,,,,,,,,GLOBAL_BASELINE_NO_ENTITY_RANKING,,,NOT_APPLICABLE_GLOBAL_BASELINE,HF9g-P5,,,,X 全窗基线 · 不参与实体赏罚,15053347,1506,A168_HF9F_20260827_0900,2026-08-27 09:00:00
2026-06-27,127529701,1654,0,64.2888368864,23.7868696479,23.7868696479,0.6666667,4,4,0.49994810000000000,0.499948100000,0.5775300591747329,0.5775300591747329,0.5775300591747329,0E-17,ELIGIBLE,R03b_20260811_FULL_v1,L1_ELIGIBILITY,v2026-08-11,2026-03-21..2026-08-06,baccarat_bet02_101_all_pairs_incl_sentinel,round_win = game_pnl > 0 (decisive only),COMPATIBILITY_ONLY_NOT_PRODUCTION,557989.4742,504875.3716,9878.7574,24851,24505,-0.01770420,0.00338982,-0.02772422,-0.01770420,-9878.7574,557989.4742,OK,0.0000,395.1503,4.0000,96.0000,AG03-UNRESOLVED,ALL5_LEVELS_bet23_to_bet27,395.1503,395.1503,395.1503,0.0000,0.0000,4.000000,4.000000,4.000000,0.000000,0.000000,96.000000,96.000000,96.000000,100.000000,100.000000,5.0,1185.4509,1138.6651,8693.3065,8740.0923,PENDING_AG03,FALSE,NOT_FOR_ENFORCEMENT,9483.6071,484680.3568,9878.7574,9483.6071,395.1503,0.01770420,0.01699603,395.1503,9483.6071,0.01699603,395.1503,395.1503,395.1503,0.0000,0.0000,9483.6071,0.01699603,1185.4509,1138.6651,8693.3065,8740.0923,0.01557970,0.01566354,0.00070817,22.4534,20.6030,0.4031,82.3230,2.6463,4649.9123,204.2083,25.9152,21.1137,12.8578,14.5296,26.176,48.8436,54.2173,102.8621,13.088,0.0,3.731508,7.079487,1.545355,30,207,63,6,0.32204186,0.01770420,-0.00338982,0E-8,0.000000,0.904812,0.002133,0.03111404,2026-03-21,2026-08-06,120,3733,1703,139,0.863309,1.227414,1.154177,1.073473,,,,,,,,GLOBAL_BASELINE_NO_ENTITY_RANKING,,,NOT_APPLICABLE_GLOBAL_BASELINE,HF9g-P5,,,,X 全窗基线 · 不参与实体赏罚,15053348,1506,A168_HF9F_20260827_0900,2026-08-27 09:00:00
2026-06-27,127529701,1710,0,486.0236068611,66.0889243190,66.0889243190,0.6153846,15,15,0.50039494000000000,0.500394940000,0.8292026001704895,0.8292026001704895,0.8292026001704895,0E-17,ELIGIBLE,R03b_20260811_FULL_v1,L1_ELIGIBILITY,v2026-08-11,2026-03-21..2026-08-06,baccarat_bet02_101_all_pairs_incl_sentinel,round_win = game_pnl > 0 (decisive only),COMPATIBILITY_ONLY_NOT_PRODUCTION,557989.4742,504875.3716,9878.7574,24851,24505,-0.01770420,0.00338982,-0.02772422,-0.01770420,-9878.7574,557989.4742,OK,0.0000,395.1503,4.0000,96.0000,AG03-UNRESOLVED,ALL5_LEVELS_bet23_to_bet27,395.1503,395.1503,395.1503,0.0000,0.0000,4.000000,4.000000,4.000000,0.000000,0.000000,96.000000,96.000000,96.000000,100.000000,100.000000,5.0,1185.4509,1138.6651,8693.3065,8740.0923,PENDING_AG03,FALSE,NOT_FOR_ENFORCEMENT,9483.6071,484680.3568,9878.7574,9483.6071,395.1503,0.01770420,0.01699603,395.1503,9483.6071,0.01699603,395.1503,395.1503,395.1503,0.0000,0.0000,9483.6071,0.01699603,1185.4509,1138.6651,8693.3065,8740.0923,0.01557970,0.01566354,0.00070817,22.4534,20.6030,0.4031,82.3230,2.6463,4649.9123,204.2083,25.9152,21.1137,12.8578,14.5296,26.176,48.8436,54.2173,102.8621,13.088,0.0,3.731508,7.079487,1.545355,30,207,63,6,0.32204186,0.01770420,-0.00338982,0E-8,0.000000,0.904812,0.002133,0.03111404,2026-03-21,2026-08-06,120,3733,1703,139,0.863309,1.227414,1.154177,1.073473,,,,,,,,GLOBAL_BASELINE_NO_ENTITY_RANKING,,,NOT_APPLICABLE_GLOBAL_BASELINE,HF9g-P5,,,,X 全窗基线 · 不参与实体赏罚,15053349,1506,A168_HF9F_20260827_0900,2026-08-27 09:00:00
2026-06-27,127529701,1750,0,90.0043716409,-38.5733021317,-38.5733021317,0.5000000,4,4,0.49659680000000000,0.496596800000,0.013613115331600182,0.013613115331600183,0.013613115331600182,0E-17,ELIGIBLE,R03b_20260811_FULL_v1,L1_ELIGIBILITY,v2026-08-11,2026-03-21..2026-08-06,baccarat_bet02_101_all_pairs_incl_sentinel,round_win = game_pnl > 0 (decisive only),COMPATIBILITY_ONLY_NOT_PRODUCTION,557989.4742,504875.3716,9878.7574,24851,24505,-0.01770420,0.00338982,-0.02772422,-0.01770420,-9878.7574,557989.4742,OK,0.0000,395.1503,4.0000,96.0000,AG03-UNRESOLVED,ALL5_LEVELS_bet23_to_bet27,395.1503,395.1503,395.1503,0.0000,0.0000,4.000000,4.000000,4.000000,0.000000,0.000000,96.000000,96.000000,96.000000,100.000000,100.000000,5.0,1185.4509,1138.6651,8693.3065,8740.0923,PENDING_AG03,FALSE,NOT_FOR_ENFORCEMENT,9483.6071,484680.3568,9878.7574,9483.6071,395.1503,0.01770420,0.01699603,395.1503,9483.6071,0.01699603,395.1503,395.1503,395.1503,0.0000,0.0000,9483.6071,0.01699603,1185.4509,1138.6651,8693.3065,8740.0923,0.01557970,0.01566354,0.00070817,22.4534,20.6030,0.4031,82.3230,2.6463,4649.9123,204.2083,25.9152,21.1137,12.8578,14.5296,26.176,48.8436,54.2173,102.8621,13.088,0.0,3.731508,7.079487,1.545355,30,207,63,6,0.32204186,0.01770420,-0.00338982,0E-8,0.000000,0.904812,0.002133,0.03111404,2026-03-21,2026-08-06,120,3733,1703,139,0.863309,1.227414,1.154177,1.073473,,,,,,,,GLOBAL_BASELINE_NO_ENTITY_RANKING,,,NOT_APPLICABLE_GLOBAL_BASELINE,HF9g-P5,,,,X 全窗基线 · 不参与实体赏罚,15053350,1506,A168_HF9F_20260827_0900,2026-08-27 09:00:00
2026-06-27,127529701,1935,0,160.2077815208,-72.1320749866,-72.1320749866,0.4285714,7,7,0.50090561428571429,0.500905614286,-0.38275716120403624,-0.38275716120554854,-0.38275716120403624,-2.8571E-13,ELIGIBLE,R03b_20260811_FULL_v1,L1_ELIGIBILITY,v2026-08-11,2026-03-21..2026-08-06,baccarat_bet02_101_all_pairs_incl_sentinel,round_win = game_pnl > 0 (decisive only),COMPATIBILITY_ONLY_NOT_PRODUCTION,557989.4742,504875.3716,9878.7574,24851,24505,-0.01770420,0.00338982,-0.02772422,-0.01770420,-9878.7574,557989.4742,OK,0.0000,395.1503,4.0000,96.0000,AG03-UNRESOLVED,ALL5_LEVELS_bet23_to_bet27,395.1503,395.1503,395.1503,0.0000,0.0000,4.000000,4.000000,4.000000,0.000000,0.000000,96.000000,96.000000,96.000000,100.000000,100.000000,5.0,1185.4509,1138.6651,8693.3065,8740.0923,PENDING_AG03,FALSE,NOT_FOR_ENFORCEMENT,9483.6071,484680.3568,9878.7574,9483.6071,395.1503,0.01770420,0.01699603,395.1503,9483.6071,0.01699603,395.1503,395.1503,395.1503,0.0000,0.0000,9483.6071,0.01699603,1185.4509,1138.6651,8693.3065,8740.0923,0.01557970,0.01566354,0.00070817,22.4534,20.6030,0.4031,82.3230,2.6463,4649.9123,204.2083,25.9152,21.1137,12.8578,14.5296,26.176,48.8436,54.2173,102.8621,13.088,0.0,3.731508,7.079487,1.545355,30,207,63,6,0.32204186,0.01770420,-0.00338982,0E-8,0.000000,0.904812,0.002133,0.03111404,2026-03-21,2026-08-06,120,3733,1703,139,0.863309,1.227414,1.154177,1.073473,,,,,,,,GLOBAL_BASELINE_NO_ENTITY_RANKING,,,NOT_APPLICABLE_GLOBAL_BASELINE,HF9g-P5,,,,X 全窗基线 · 不参与实体赏罚,15053351,1506,A168_HF9F_20260827_0900,2026-08-27 09:00:00
2026-06-27,127529701,1990,0,102.8621390182,-102.8621390182,-102.8621390182,0E-7,2,2,0.49994810000000000,0.499948100000,-1.4140667746232096,-1.4140667746232096,-1.4140667746232096,0E-17,ELIGIBLE,R03b_20260811_FULL_v1,L1_ELIGIBILITY,v2026-08-11,2026-03-21..2026-08-06,baccarat_bet02_101_all_pairs_incl_sentinel,round_win = game_pnl > 0 (decisive only),COMPATIBILITY_ONLY_NOT_PRODUCTION,557989.4742,504875.3716,9878.7574,24851,24505,-0.01770420,0.00338982,-0.02772422,-0.01770420,-9878.7574,557989.4742,OK,0.0000,395.1503,4.0000,96.0000,AG03-UNRESOLVED,ALL5_LEVELS_bet23_to_bet27,395.1503,395.1503,395.1503,0.0000,0.0000,4.000000,4.000000,4.000000,0.000000,0.000000,96.000000,96.000000,96.000000,100.000000,100.000000,5.0,1185.4509,1138.6651,8693.3065,8740.0923,PENDING_AG03,FALSE,NOT_FOR_ENFORCEMENT,9483.6071,484680.3568,9878.7574,9483.6071,395.1503,0.01770420,0.01699603,395.1503,9483.6071,0.01699603,395.1503,395.1503,395.1503,0.0000,0.0000,9483.6071,0.01699603,1185.4509,1138.6651,8693.3065,8740.0923,0.01557970,0.01566354,0.00070817,22.4534,20.6030,0.4031,82.3230,2.6463,4649.9123,204.2083,25.9152,21.1137,12.8578,14.5296,26.176,48.8436,54.2173,102.8621,13.088,0.0,3.731508,7.079487,1.545355,30,207,63,6,0.32204186,0.01770420,-0.00338982,0E-8,0.000000,0.904812,0.002133,0.03111404,2026-03-21,2026-08-06,120,3733,1703,139,0.863309,1.227414,1.154177,1.073473,,,,,,,,GLOBAL_BASELINE_NO_ENTITY_RANKING,,,NOT_APPLICABLE_GLOBAL_BASELINE,HF9g-P5,,,,X 全窗基线 · 不参与实体赏罚,15053352,1506,A168_HF9F_20260827_0900,2026-08-27 09:00:00
2026-06-27,127529701,2034,0,154.2932085273,46.2879625582,46.2879625582,1.0000000,2,1,0.50218230000000000,0.499948100000,0.99564488342984,1.0001038053877793,0.99564488342984,0.00223420000000000,ELIGIBLE,R03b_20260811_FULL_v1,L1_ELIGIBILITY,v2026-08-11,2026-03-21..2026-08-06,baccarat_bet02_101_all_pairs_incl_sentinel,round_win = game_pnl > 0 (decisive only),COMPATIBILITY_ONLY_NOT_PRODUCTION,557989.4742,504875.3716,9878.7574,24851,24505,-0.01770420,0.00338982,-0.02772422,-0.01770420,-9878.7574,557989.4742,OK,0.0000,395.1503,4.0000,96.0000,AG03-UNRESOLVED,ALL5_LEVELS_bet23_to_bet27,395.1503,395.1503,395.1503,0.0000,0.0000,4.000000,4.000000,4.000000,0.000000,0.000000,96.000000,96.000000,96.000000,100.000000,100.000000,5.0,1185.4509,1138.6651,8693.3065,8740.0923,PENDING_AG03,FALSE,NOT_FOR_ENFORCEMENT,9483.6071,484680.3568,9878.7574,9483.6071,395.1503,0.01770420,0.01699603,395.1503,9483.6071,0.01699603,395.1503,395.1503,395.1503,0.0000,0.0000,9483.6071,0.01699603,1185.4509,1138.6651,8693.3065,8740.0923,0.01557970,0.01566354,0.00070817,22.4534,20.6030,0.4031,82.3230,2.6463,4649.9123,204.2083,25.9152,21.1137,12.8578,14.5296,26.176,48.8436,54.2173,102.8621,13.088,0.0,3.731508,7.079487,1.545355,30,207,63,6,0.32204186,0.01770420,-0.00338982,0E-8,0.000000,0.904812,0.002133,0.03111404,2026-03-21,2026-08-06,120,3733,1703,139,0.863309,1.227414,1.154177,1.073473,,,,,,,,GLOBAL_BASELINE_NO_ENTITY_RANKING,,,NOT_APPLICABLE_GLOBAL_BASELINE,HF9g-P5,,,,X 全窗基线 · 不参与实体赏罚,15053353,1506,A168_HF9F_20260827_0900,2026-08-27 09:00:00
2026-06-27,127529701,2065,0,75.8608275259,-25.7155347545,-25.7155347545,0.5000000,4,4,0.50329940000000000,0.503299400000,-0.01319788734859681,-0.01319788734859681,-0.01319788734859681,0E-17,ELIGIBLE,R03b_20260811_FULL_v1,L1_ELIGIBILITY,v2026-08-11,2026-03-21..2026-08-06,baccarat_bet02_101_all_pairs_incl_sentinel,round_win = game_pnl > 0 (decisive only),COMPATIBILITY_ONLY_NOT_PRODUCTION,557989.4742,504875.3716,9878.7574,24851,24505,-0.01770420,0.00338982,-0.02772422,-0.01770420,-9878.7574,557989.4742,OK,0.0000,395.1503,4.0000,96.0000,AG03-UNRESOLVED,ALL5_LEVELS_bet23_to_bet27,395.1503,395.1503,395.1503,0.0000,0.0000,4.000000,4.000000,4.000000,0.000000,0.000000,96.000000,96.000000,96.000000,100.000000,100.000000,5.0,1185.4509,1138.6651,8693.3065,8740.0923,PENDING_AG03,FALSE,NOT_FOR_ENFORCEMENT,9483.6071,484680.3568,9878.7574,9483.6071,395.1503,0.01770420,0.01699603,395.1503,9483.6071,0.01699603,395.1503,395.1503,395.1503,0.0000,0.0000,9483.6071,0.01699603,1185.4509,1138.6651,8693.3065,8740.0923,0.01557970,0.01566354,0.00070817,22.4534,20.6030,0.4031,82.3230,2.6463,4649.9123,204.2083,25.9152,21.1137,12.8578,14.5296,26.176,48.8436,54.2173,102.8621,13.088,0.0,3.731508,7.079487,1.545355,30,207,63,6,0.32204186,0.01770420,-0.00338982,0E-8,0.000000,0.904812,0.002133,0.03111404,2026-03-21,2026-08-06,120,3733,1703,139,0.863309,1.227414,1.154177,1.073473,,,,,,,,GLOBAL_BASELINE_NO_ENTITY_RANKING,,,NOT_APPLICABLE_GLOBAL_BASELINE,HF9g-P5,,,,X 全窗基线 · 不参与实体赏罚,15053354,1506,A168_HF9F_20260827_0900,2026-08-27 09:00:00
2026-06-27,127529701,2101,0,360.2746419113,35.6803044719,35.6803044719,0.4705882,21,19,0.44811829509980579,0.436651747368,0.18629750604826717,0.2821209119504358,0.18629750604826717,0.01146654773180579,ELIGIBLE,R03b_20260811_FULL_v1,L1_ELIGIBILITY,v2026-08-11,2026-03-21..2026-08-06,baccarat_bet02_101_all_pairs_incl_sentinel,round_win = game_pnl > 0 (decisive only),COMPATIBILITY_ONLY_NOT_PRODUCTION,557989.4742,504875.3716,9878.7574,24851,24505,-0.01770420,0.00338982,-0.02772422,-0.01770420,-9878.7574,557989.4742,OK,0.0000,395.1503,4.0000,96.0000,AG03-UNRESOLVED,ALL5_LEVELS_bet23_to_bet27,395.1503,395.1503,395.1503,0.0000,0.0000,4.000000,4.000000,4.000000,0.000000,0.000000,96.000000,96.000000,96.000000,100.000000,100.000000,5.0,1185.4509,1138.6651,8693.3065,8740.0923,PENDING_AG03,FALSE,NOT_FOR_ENFORCEMENT,9483.6071,484680.3568,9878.7574,9483.6071,395.1503,0.01770420,0.01699603,395.1503,9483.6071,0.01699603,395.1503,395.1503,395.1503,0.0000,0.0000,9483.6071,0.01699603,1185.4509,1138.6651,8693.3065,8740.0923,0.01557970,0.01566354,0.00070817,22.4534,20.6030,0.4031,82.3230,2.6463,4649.9123,204.2083,25.9152,21.1137,12.8578,14.5296,26.176,48.8436,54.2173,102.8621,13.088,0.0,3.731508,7.079487,1.545355,30,207,63,6,0.32204186,0.01770420,-0.00338982,0E-8,0.000000,0.904812,0.002133,0.03111404,2026-03-21,2026-08-06,120,3733,1703,139,0.863309,1.227414,1.154177,1.073473,,,,,,,,GLOBAL_BASELINE_NO_ENTITY_RANKING,,,NOT_APPLICABLE_GLOBAL_BASELINE,HF9g-P5,,,,X 全窗基线 · 不参与实体赏罚,15053355,1506,A168_HF9F_20260827_0900,2026-08-27 09:00:00
2026-06-27,127529701,2103,0,248.1549103815,44.6164527992,44.6164527992,0.5555556,9,9,0.49771390000000000,0.497713900000,0.34705356093186585,0.34705356093186585,0.34705356093186585,0E-17,ELIGIBLE,R03b_20260811_FULL_v1,L1_ELIGIBILITY,v2026-08-11,2026-03-21..2026-08-06,baccarat_bet02_101_all_pairs_incl_sentinel,round_win = game_pnl > 0 (decisive only),COMPATIBILITY_ONLY_NOT_PRODUCTION,557989.4742,504875.3716,9878.7574,24851,24505,-0.01770420,0.00338982,-0.02772422,-0.01770420,-9878.7574,557989.4742,OK,0.0000,395.1503,4.0000,96.0000,AG03-UNRESOLVED,ALL5_LEVELS_bet23_to_bet27,395.1503,395.1503,395.1503,0.0000,0.0000,4.000000,4.000000,4.000000,0.000000,0.000000,96.000000,96.000000,96.000000,100.000000,100.000000,5.0,1185.4509,1138.6651,8693.3065,8740.0923,PENDING_AG03,FALSE,NOT_FOR_ENFORCEMENT,9483.6071,484680.3568,9878.7574,9483.6071,395.1503,0.01770420,0.01699603,395.1503,9483.6071,0.01699603,395.1503,395.1503,395.1503,0.0000,0.0000,9483.6071,0.01699603,1185.4509,1138.6651,8693.3065,8740.0923,0.01557970,0.01566354,0.00070817,22.4534,20.6030,0.4031,82.3230,2.6463,4649.9123,204.2083,25.9152,21.1137,12.8578,14.5296,26.176,48.8436,54.2173,102.8621,13.088,0.0,3.731508,7.079487,1.545355,30,207,63,6,0.32204186,0.01770420,-0.00338982,0E-8,0.000000,0.904812,0.002133,0.03111404,2026-03-21,2026-08-06,120,3733,1703,139,0.863309,1.227414,1.154177,1.073473,,,,,,,,GLOBAL_BASELINE_NO_ENTITY_RANKING,,,NOT_APPLICABLE_GLOBAL_BASELINE,HF9g-P5,,,,X 全窗基线 · 不参与实体赏罚,15053356,1506,A168_HF9F_20260827_0900,2026-08-27 09:00:00
2026-06-27,127529701,2106,0,128.5776737727,-77.1466042636,-77.1466042636,0E-7,3,3,0.50218230000000000,0.502182300000,-1.4203995680682369,-1.4203995680682369,-1.4203995680682369,0E-17,ELIGIBLE,R03b_20260811_FULL_v1,L1_ELIGIBILITY,v2026-08-11,2026-03-21..2026-08-06,baccarat_bet02_101_all_pairs_incl_sentinel,round_win = game_pnl > 0 (decisive only),COMPATIBILITY_ONLY_NOT_PRODUCTION,557989.4742,504875.3716,9878.7574,24851,24505,-0.01770420,0.00338982,-0.02772422,-0.01770420,-9878.7574,557989.4742,OK,0.0000,395.1503,4.0000,96.0000,AG03-UNRESOLVED,ALL5_LEVELS_bet23_to_bet27,395.1503,395.1503,395.1503,0.0000,0.0000,4.000000,4.000000,4.000000,0.000000,0.000000,96.000000,96.000000,96.000000,100.000000,100.000000,5.0,1185.4509,1138.6651,8693.3065,8740.0923,PENDING_AG03,FALSE,NOT_FOR_ENFORCEMENT,9483.6071,484680.3568,9878.7574,9483.6071,395.1503,0.01770420,0.01699603,395.1503,9483.6071,0.01699603,395.1503,395.1503,395.1503,0.0000,0.0000,9483.6071,0.01699603,1185.4509,1138.6651,8693.3065,8740.0923,0.01557970,0.01566354,0.00070817,22.4534,20.6030,0.4031,82.3230,2.6463,4649.9123,204.2083,25.9152,21.1137,12.8578,14.5296,26.176,48.8436,54.2173,102.8621,13.088,0.0,3.731508,7.079487,1.545355,30,207,63,6,0.32204186,0.01770420,-0.00338982,0E-8,0.000000,0.904812,0.002133,0.03111404,2026-03-21,2026-08-06,120,3733,1703,139,0.863309,1.227414,1.154177,1.073473,,,,,,,,GLOBAL_BASELINE_NO_ENTITY_RANKING,,,NOT_APPLICABLE_GLOBAL_BASELINE,HF9g-P5,,,,X 全窗基线 · 不参与实体赏罚,15053357,1506,A168_HF9F_20260827_0900,2026-08-27 09:00:00
2026-06-27,127529701,2108,0,228.8682593154,-25.4583794070,-25.4583794070,0.4285714,8,8,0.50329940000000000,0.503299400000,-0.395431866228915,-0.39543186622891513,-0.395431866228915,0E-17,ELIGIBLE,R03b_20260811_FULL_v1,L1_ELIGIBILITY,v2026-08-11,2026-03-21..2026-08-06,baccarat_bet02_101_all_pairs_incl_sentinel,round_win = game_pnl > 0 (decisive only),COMPATIBILITY_ONLY_NOT_PRODUCTION,557989.4742,504875.3716,9878.7574,24851,24505,-0.01770420,0.00338982,-0.02772422,-0.01770420,-9878.7574,557989.4742,OK,0.0000,395.1503,4.0000,96.0000,AG03-UNRESOLVED,ALL5_LEVELS_bet23_to_bet27,395.1503,395.1503,395.1503,0.0000,0.0000,4.000000,4.000000,4.000000,0.000000,0.000000,96.000000,96.000000,96.000000,100.000000,100.000000,5.0,1185.4509,1138.6651,8693.3065,8740.0923,PENDING_AG03,FALSE,NOT_FOR_ENFORCEMENT,9483.6071,484680.3568,9878.7574,9483.6071,395.1503,0.01770420,0.01699603,395.1503,9483.6071,0.01699603,395.1503,395.1503,395.1503,0.0000,0.0000,9483.6071,0.01699603,1185.4509,1138.6651,8693.3065,8740.0923,0.01557970,0.01566354,0.00070817,22.4534,20.6030,0.4031,82.3230,2.6463,4649.9123,204.2083,25.9152,21.1137,12.8578,14.5296,26.176,48.8436,54.2173,102.8621,13.088,0.0,3.731508,7.079487,1.545355,30,207,63,6,0.32204186,0.01770420,-0.00338982,0E-8,0.000000,0.904812,0.002133,0.03111404,2026-03-21,2026-08-06,120,3733,1703,139,0.863309,1.227414,1.154177,1.073473,,,,,,,,GLOBAL_BASELINE_NO_ENTITY_RANKING,,,NOT_APPLICABLE_GLOBAL_BASELINE,HF9g-P5,,,,X 全窗基线 · 不参与实体赏罚,15053358,1506,A168_HF9F_20260827_0900,2026-08-27 09:00:00
2026-06-27,127529701,2121,0,102.8621390182,-77.1466042636,-77.1466042636,0.3333333,3,3,0.50218230000000000,0.502182300000,-0.5849155494134425,-0.5849155494134426,-0.5849155494134425,0E-17,ELIGIBLE,R03b_20260811_FULL_v1,L1_ELIGIBILITY,v2026-08-11,2026-03-21..2026-08-06,baccarat_bet02_101_all_pairs_incl_sentinel,round_win = game_pnl > 0 (decisive only),COMPATIBILITY_ONLY_NOT_PRODUCTION,557989.4742,504875.3716,9878.7574,24851,24505,-0.01770420,0.00338982,-0.02772422,-0.01770420,-9878.7574,557989.4742,OK,0.0000,395.1503,4.0000,96.0000,AG03-UNRESOLVED,ALL5_LEVELS_bet23_to_bet27,395.1503,395.1503,395.1503,0.0000,0.0000,4.000000,4.000000,4.000000,0.000000,0.000000,96.000000,96.000000,96.000000,100.000000,100.000000,5.0,1185.4509,1138.6651,8693.3065,8740.0923,PENDING_AG03,FALSE,NOT_FOR_ENFORCEMENT,9483.6071,484680.3568,9878.7574,9483.6071,395.1503,0.01770420,0.01699603,395.1503,9483.6071,0.01699603,395.1503,395.1503,395.1503,0.0000,0.0000,9483.6071,0.01699603,1185.4509,1138.6651,8693.3065,8740.0923,0.01557970,0.01566354,0.00070817,22.4534,20.6030,0.4031,82.3230,2.6463,4649.9123,204.2083,25.9152,21.1137,12.8578,14.5296,26.176,48.8436,54.2173,102.8621,13.088,0.0,3.731508,7.079487,1.545355,30,207,63,6,0.32204186,0.01770420,-0.00338982,0E-8,0.000000,0.904812,0.002133,0.03111404,2026-03-21,2026-08-06,120,3733,1703,139,0.863309,1.227414,1.154177,1.073473,,,,,,,,GLOBAL_BASELINE_NO_ENTITY_RANKING,,,NOT_APPLICABLE_GLOBAL_BASELINE,HF9g-P5,,,,X 全窗基线 · 不参与实体赏罚,15053359,1506,A168_HF9F_20260827_0900,2026-08-27 09:00:00
2026-06-27,127529701,2130,0,12.8577673773,-12.8577673773,-12.8577673773,0E-7,1,1,0.50665070000000000,0.506650700000,-1.013391052207602,-1.013391052207602,-1.013391052207602,0E-17,ELIGIBLE,R03b_20260811_FULL_v1,L1_ELIGIBILITY,v2026-08-11,2026-03-21..2026-08-06,baccarat_bet02_101_all_pairs_incl_sentinel,round_win = game_pnl > 0 (decisive only),COMPATIBILITY_ONLY_NOT_PRODUCTION,557989.4742,504875.3716,9878.7574,24851,24505,-0.01770420,0.00338982,-0.02772422,-0.01770420,-9878.7574,557989.4742,OK,0.0000,395.1503,4.0000,96.0000,AG03-UNRESOLVED,ALL5_LEVELS_bet23_to_bet27,395.1503,395.1503,395.1503,0.0000,0.0000,4.000000,4.000000,4.000000,0.000000,0.000000,96.000000,96.000000,96.000000,100.000000,100.000000,5.0,1185.4509,1138.6651,8693.3065,8740.0923,PENDING_AG03,FALSE,NOT_FOR_ENFORCEMENT,9483.6071,484680.3568,9878.7574,9483.6071,395.1503,0.01770420,0.01699603,395.1503,9483.6071,0.01699603,395.1503,395.1503,395.1503,0.0000,0.0000,9483.6071,0.01699603,1185.4509,1138.6651,8693.3065,8740.0923,0.01557970,0.01566354,0.00070817,22.4534,20.6030,0.4031,82.3230,2.6463,4649.9123,204.2083,25.9152,21.1137,12.8578,14.5296,26.176,48.8436,54.2173,102.8621,13.088,0.0,3.731508,7.079487,1.545355,30,207,63,6,0.32204186,0.01770420,-0.00338982,0E-8,0.000000,0.904812,0.002133,0.03111404,2026-03-21,2026-08-06,120,3733,1703,139,0.863309,1.227414,1.154177,1.073473,,,,,,,,GLOBAL_BASELINE_NO_ENTITY_RANKING,,,NOT_APPLICABLE_GLOBAL_BASELINE,HF9g-P5,,,,X 全窗基线 · 不参与实体赏罚,15053360,1506,A168_HF9F_20260827_0900,2026-08-27 09:00:00
2026-06-27,127529701,2142,0,198.5239283051,158.5619872966,158.5619872966,0.8750000,9,9,0.49920336666666667,0.499203366667,2.1258294804259643,2.1258294804240765,2.1258294804259643,-3.3333E-13,ELIGIBLE,R03b_20260811_FULL_v1,L1_ELIGIBILITY,v2026-08-11,2026-03-21..2026-08-06,baccarat_bet02_101_all_pairs_incl_sentinel,round_win = game_pnl > 0 (decisive only),COMPATIBILITY_ONLY_NOT_PRODUCTION,557989.4742,504875.3716,9878.7574,24851,24505,-0.01770420,0.00338982,-0.02772422,-0.01770420,-9878.7574,557989.4742,OK,0.0000,395.1503,4.0000,96.0000,AG03-UNRESOLVED,ALL5_LEVELS_bet23_to_bet27,395.1503,395.1503,395.1503,0.0000,0.0000,4.000000,4.000000,4.000000,0.000000,0.000000,96.000000,96.000000,96.000000,100.000000,100.000000,5.0,1185.4509,1138.6651,8693.3065,8740.0923,PENDING_AG03,FALSE,NOT_FOR_ENFORCEMENT,9483.6071,484680.3568,9878.7574,9483.6071,395.1503,0.01770420,0.01699603,395.1503,9483.6071,0.01699603,395.1503,395.1503,395.1503,0.0000,0.0000,9483.6071,0.01699603,1185.4509,1138.6651,8693.3065,8740.0923,0.01557970,0.01566354,0.00070817,22.4534,20.6030,0.4031,82.3230,2.6463,4649.9123,204.2083,25.9152,21.1137,12.8578,14.5296,26.176,48.8436,54.2173,102.8621,13.088,0.0,3.731508,7.079487,1.545355,30,207,63,6,0.32204186,0.01770420,-0.00338982,0E-8,0.000000,0.904812,0.002133,0.03111404,2026-03-21,2026-08-06,120,3733,1703,139,0.863309,1.227414,1.154177,1.073473,,,,,,,,GLOBAL_BASELINE_NO_ENTITY_RANKING,,,NOT_APPLICABLE_GLOBAL_BASELINE,HF9g-P5,,,,X 全窗基线 · 不参与实体赏罚,15053361,1506,A168_HF9F_20260827_0900,2026-08-27 09:00:00
2026-06-27,127529701,2147,0,132.4350039859,97.7190320672,97.7190320672,0.7500000,4,4,0.49994810000000000,0.499948100000,1.0002076053883384,1.0002076053883384,1.0002076053883384,0E-17,ELIGIBLE,R03b_20260811_FULL_v1,L1_ELIGIBILITY,v2026-08-11,2026-03-21..2026-08-06,baccarat_bet02_101_all_pairs_incl_sentinel,round_win = game_pnl > 0 (decisive only),COMPATIBILITY_ONLY_NOT_PRODUCTION,557989.4742,504875.3716,9878.7574,24851,24505,-0.01770420,0.00338982,-0.02772422,-0.01770420,-9878.7574,557989.4742,OK,0.0000,395.1503,4.0000,96.0000,AG03-UNRESOLVED,ALL5_LEVELS_bet23_to_bet27,395.1503,395.1503,395.1503,0.0000,0.0000,4.000000,4.000000,4.000000,0.000000,0.000000,96.000000,96.000000,96.000000,100.000000,100.000000,5.0,1185.4509,1138.6651,8693.3065,8740.0923,PENDING_AG03,FALSE,NOT_FOR_ENFORCEMENT,9483.6071,484680.3568,9878.7574,9483.6071,395.1503,0.01770420,0.01699603,395.1503,9483.6071,0.01699603,395.1503,395.1503,395.1503,0.0000,0.0000,9483.6071,0.01699603,1185.4509,1138.6651,8693.3065,8740.0923,0.01557970,0.01566354,0.00070817,22.4534,20.6030,0.4031,82.3230,2.6463,4649.9123,204.2083,25.9152,21.1137,12.8578,14.5296,26.176,48.8436,54.2173,102.8621,13.088,0.0,3.731508,7.079487,1.545355,30,207,63,6,0.32204186,0.01770420,-0.00338982,0E-8,0.000000,0.904812,0.002133,0.03111404,2026-03-21,2026-08-06,120,3733,1703,139,0.863309,1.227414,1.154177,1.073473,,,,,,,,GLOBAL_BASELINE_NO_ENTITY_RANKING,,,NOT_APPLICABLE_GLOBAL_BASELINE,HF9g-P5,,,,X 全窗基线 · 不参与实体赏罚,15053362,1506,A168_HF9F_20260827_0900,2026-08-27 09:00:00
2026-06-27,127529701,2149,0,60.4315066733,-35.3588602876,-35.3588602876,0.2500000,4,4,0.49994810000000000,0.499948100000,-0.9997924053861017,-0.9997924053861017,-0.9997924053861017,0E-17,ELIGIBLE,R03b_20260811_FULL_v1,L1_ELIGIBILITY,v2026-08-11,2026-03-21..2026-08-06,baccarat_bet02_101_all_pairs_incl_sentinel,round_win = game_pnl > 0 (decisive only),COMPATIBILITY_ONLY_NOT_PRODUCTION,557989.4742,504875.3716,9878.7574,24851,24505,-0.01770420,0.00338982,-0.02772422,-0.01770420,-9878.7574,557989.4742,OK,0.0000,395.1503,4.0000,96.0000,AG03-UNRESOLVED,ALL5_LEVELS_bet23_to_bet27,395.1503,395.1503,395.1503,0.0000,0.0000,4.000000,4.000000,4.000000,0.000000,0.000000,96.000000,96.000000,96.000000,100.000000,100.000000,5.0,1185.4509,1138.6651,8693.3065,8740.0923,PENDING_AG03,FALSE,NOT_FOR_ENFORCEMENT,9483.6071,484680.3568,9878.7574,9483.6071,395.1503,0.01770420,0.01699603,395.1503,9483.6071,0.01699603,395.1503,395.1503,395.1503,0.0000,0.0000,9483.6071,0.01699603,1185.4509,1138.6651,8693.3065,8740.0923,0.01557970,0.01566354,0.00070817,22.4534,20.6030,0.4031,82.3230,2.6463,4649.9123,204.2083,25.9152,21.1137,12.8578,14.5296,26.176,48.8436,54.2173,102.8621,13.088,0.0,3.731508,7.079487,1.545355,30,207,63,6,0.32204186,0.01770420,-0.00338982,0E-8,0.000000,0.904812,0.002133,0.03111404,2026-03-21,2026-08-06,120,3733,1703,139,0.863309,1.227414,1.154177,1.073473,,,,,,,,GLOBAL_BASELINE_NO_ENTITY_RANKING,,,NOT_APPLICABLE_GLOBAL_BASELINE,HF9g-P5,,,,X 全窗基线 · 不参与实体赏罚,15053363,1506,A168_HF9F_20260827_0900,2026-08-27 09:00:00
2026-06-27,127529701,2160,0,409.6484686398,78.3038033275,78.3038033275,0.5625000,19,19,0.49888979473684211,0.498889794737,0.5088828965598656,0.5088828965586022,0.5088828965598656,-1.5789E-13,ELIGIBLE,R03b_20260811_FULL_v1,L1_ELIGIBILITY,v2026-08-11,2026-03-21..2026-08-06,baccarat_bet02_101_all_pairs_incl_sentinel,round_win = game_pnl > 0 (decisive only),COMPATIBILITY_ONLY_NOT_PRODUCTION,557989.4742,504875.3716,9878.7574,24851,24505,-0.01770420,0.00338982,-0.02772422,-0.01770420,-9878.7574,557989.4742,OK,0.0000,395.1503,4.0000,96.0000,AG03-UNRESOLVED,ALL5_LEVELS_bet23_to_bet27,395.1503,395.1503,395.1503,0.0000,0.0000,4.000000,4.000000,4.000000,0.000000,0.000000,96.000000,96.000000,96.000000,100.000000,100.000000,5.0,1185.4509,1138.6651,8693.3065,8740.0923,PENDING_AG03,FALSE,NOT_FOR_ENFORCEMENT,9483.6071,484680.3568,9878.7574,9483.6071,395.1503,0.01770420,0.01699603,395.1503,9483.6071,0.01699603,395.1503,395.1503,395.1503,0.0000,0.0000,9483.6071,0.01699603,1185.4509,1138.6651,8693.3065,8740.0923,0.01557970,0.01566354,0.00070817,22.4534,20.6030,0.4031,82.3230,2.6463,4649.9123,204.2083,25.9152,21.1137,12.8578,14.5296,26.176,48.8436,54.2173,102.8621,13.088,0.0,3.731508,7.079487,1.545355,30,207,63,6,0.32204186,0.01770420,-0.00338982,0E-8,0.000000,0.904812,0.002133,0.03111404,2026-03-21,2026-08-06,120,3733,1703,139,0.863309,1.227414,1.154177,1.073473,,,,,,,,GLOBAL_BASELINE_NO_ENTITY_RANKING,,,NOT_APPLICABLE_GLOBAL_BASELINE,HF9g-P5,,,,X 全窗基线 · 不参与实体赏罚,15053364,1506,A168_HF9F_20260827_0900,2026-08-27 09:00:00
2026-06-27,127529701,2188,0,25.7155347545,25.7155347545,25.7155347545,1.0000000,1,1,0.49324550000000000,0.493245500000,1.01360149184955,1.01360149184955,1.01360149184955,0E-17,ELIGIBLE,R03b_20260811_FULL_v1,L1_ELIGIBILITY,v2026-08-11,2026-03-21..2026-08-06,baccarat_bet02_101_all_pairs_incl_sentinel,round_win = game_pnl > 0 (decisive only),COMPATIBILITY_ONLY_NOT_PRODUCTION,557989.4742,504875.3716,9878.7574,24851,24505,-0.01770420,0.00338982,-0.02772422,-0.01770420,-9878.7574,557989.4742,OK,0.0000,395.1503,4.0000,96.0000,AG03-UNRESOLVED,ALL5_LEVELS_bet23_to_bet27,395.1503,395.1503,395.1503,0.0000,0.0000,4.000000,4.000000,4.000000,0.000000,0.000000,96.000000,96.000000,96.000000,100.000000,100.000000,5.0,1185.4509,1138.6651,8693.3065,8740.0923,PENDING_AG03,FALSE,NOT_FOR_ENFORCEMENT,9483.6071,484680.3568,9878.7574,9483.6071,395.1503,0.01770420,0.01699603,395.1503,9483.6071,0.01699603,395.1503,395.1503,395.1503,0.0000,0.0000,9483.6071,0.01699603,1185.4509,1138.6651,8693.3065,8740.0923,0.01557970,0.01566354,0.00070817,22.4534,20.6030,0.4031,82.3230,2.6463,4649.9123,204.2083,25.9152,21.1137,12.8578,14.5296,26.176,48.8436,54.2173,102.8621,13.088,0.0,3.731508,7.079487,1.545355,30,207,63,6,0.32204186,0.01770420,-0.00338982,0E-8,0.000000,0.904812,0.002133,0.03111404,2026-03-21,2026-08-06,120,3733,1703,139,0.863309,1.227414,1.154177,1.073473,,,,,,,,GLOBAL_BASELINE_NO_ENTITY_RANKING,,,NOT_APPLICABLE_GLOBAL_BASELINE,HF9g-P5,,,,X 全窗基线 · 不参与实体赏罚,15053365,1506,A168_HF9F_20260827_0900,2026-08-27 09:00:00
2026-06-27,127529701,2220,0,90.0043716409,-64.2888368864,-64.2888368864,0E-7,2,2,0.49324550000000000,0.493245500000,-0.9865810262130424,-0.9865810262130424,-0.9865810262130424,0E-17,ELIGIBLE,R03b_20260811_FULL_v1,L1_ELIGIBILITY,v2026-08-11,2026-03-21..2026-08-06,baccarat_bet02_101_all_pairs_incl_sentinel,round_win = game_pnl > 0 (decisive only),COMPATIBILITY_ONLY_NOT_PRODUCTION,557989.4742,504875.3716,9878.7574,24851,24505,-0.01770420,0.00338982,-0.02772422,-0.01770420,-9878.7574,557989.4742,OK,0.0000,395.1503,4.0000,96.0000,AG03-UNRESOLVED,ALL5_LEVELS_bet23_to_bet27,395.1503,395.1503,395.1503,0.0000,0.0000,4.000000,4.000000,4.000000,0.000000,0.000000,96.000000,96.000000,96.000000,100.000000,100.000000,5.0,1185.4509,1138.6651,8693.3065,8740.0923,PENDING_AG03,FALSE,NOT_FOR_ENFORCEMENT,9483.6071,484680.3568,9878.7574,9483.6071,395.1503,0.01770420,0.01699603,395.1503,9483.6071,0.01699603,395.1503,395.1503,395.1503,0.0000,0.0000,9483.6071,0.01699603,1185.4509,1138.6651,8693.3065,8740.0923,0.01557970,0.01566354,0.00070817,22.4534,20.6030,0.4031,82.3230,2.6463,4649.9123,204.2083,25.9152,21.1137,12.8578,14.5296,26.176,48.8436,54.2173,102.8621,13.088,0.0,3.731508,7.079487,1.545355,30,207,63,6,0.32204186,0.01770420,-0.00338982,0E-8,0.000000,0.904812,0.002133,0.03111404,2026-03-21,2026-08-06,120,3733,1703,139,0.863309,1.227414,1.154177,1.073473,,,,,,,,GLOBAL_BASELINE_NO_ENTITY_RANKING,,,NOT_APPLICABLE_GLOBAL_BASELINE,HF9g-P5,,,,X 全窗基线 · 不参与实体赏罚,15053366,1506,A168_HF9F_20260827_0900,2026-08-27 09:00:00
2026-06-27,127529701,2222,0,301.3860673234,179.9444544450,179.9444544450,0.8000000,7,7,0.50090561428571429,0.500905614286,1.3375929503127353,1.337592950311459,1.3375929503127353,-2.8571E-13,ELIGIBLE,R03b_20260811_FULL_v1,L1_ELIGIBILITY,v2026-08-11,2026-03-21..2026-08-06,baccarat_bet02_101_all_pairs_incl_sentinel,round_win = game_pnl > 0 (decisive only),COMPATIBILITY_ONLY_NOT_PRODUCTION,557989.4742,504875.3716,9878.7574,24851,24505,-0.01770420,0.00338982,-0.02772422,-0.01770420,-9878.7574,557989.4742,OK,0.0000,395.1503,4.0000,96.0000,AG03-UNRESOLVED,ALL5_LEVELS_bet23_to_bet27,395.1503,395.1503,395.1503,0.0000,0.0000,4.000000,4.000000,4.000000,0.000000,0.000000,96.000000,96.000000,96.000000,100.000000,100.000000,5.0,1185.4509,1138.6651,8693.3065,8740.0923,PENDING_AG03,FALSE,NOT_FOR_ENFORCEMENT,9483.6071,484680.3568,9878.7574,9483.6071,395.1503,0.01770420,0.01699603,395.1503,9483.6071,0.01699603,395.1503,395.1503,395.1503,0.0000,0.0000,9483.6071,0.01699603,1185.4509,1138.6651,8693.3065,8740.0923,0.01557970,0.01566354,0.00070817,22.4534,20.6030,0.4031,82.3230,2.6463,4649.9123,204.2083,25.9152,21.1137,12.8578,14.5296,26.176,48.8436,54.2173,102.8621,13.088,0.0,3.731508,7.079487,1.545355,30,207,63,6,0.32204186,0.01770420,-0.00338982,0E-8,0.000000,0.904812,0.002133,0.03111404,2026-03-21,2026-08-06,120,3733,1703,139,0.863309,1.227414,1.154177,1.073473,,,,,,,,GLOBAL_BASELINE_NO_ENTITY_RANKING,,,NOT_APPLICABLE_GLOBAL_BASELINE,HF9g-P5,,,,X 全窗基线 · 不参与实体赏罚,15053367,1506,A168_HF9F_20260827_0900,2026-08-27 09:00:00
2026-06-27,127529701,2233,0,113.9198189626,65.7674801347,65.7674801347,0.6666667,5,5,0.49860758000000000,0.498607580000,0.5821760110496081,0.5821760110496081,0.5821760110496081,0E-17,ELIGIBLE,R03b_20260811_FULL_v1,L1_ELIGIBILITY,v2026-08-11,2026-03-21..2026-08-06,baccarat_bet02_101_all_pairs_incl_sentinel,round_win = game_pnl > 0 (decisive only),COMPATIBILITY_ONLY_NOT_PRODUCTION,557989.4742,504875.3716,9878.7574,24851,24505,-0.01770420,0.00338982,-0.02772422,-0.01770420,-9878.7574,557989.4742,OK,0.0000,395.1503,4.0000,96.0000,AG03-UNRESOLVED,ALL5_LEVELS_bet23_to_bet27,395.1503,395.1503,395.1503,0.0000,0.0000,4.000000,4.000000,4.000000,0.000000,0.000000,96.000000,96.000000,96.000000,100.000000,100.000000,5.0,1185.4509,1138.6651,8693.3065,8740.0923,PENDING_AG03,FALSE,NOT_FOR_ENFORCEMENT,9483.6071,484680.3568,9878.7574,9483.6071,395.1503,0.01770420,0.01699603,395.1503,9483.6071,0.01699603,395.1503,395.1503,395.1503,0.0000,0.0000,9483.6071,0.01699603,1185.4509,1138.6651,8693.3065,8740.0923,0.01557970,0.01566354,0.00070817,22.4534,20.6030,0.4031,82.3230,2.6463,4649.9123,204.2083,25.9152,21.1137,12.8578,14.5296,26.176,48.8436,54.2173,102.8621,13.088,0.0,3.731508,7.079487,1.545355,30,207,63,6,0.32204186,0.01770420,-0.00338982,0E-8,0.000000,0.904812,0.002133,0.03111404,2026-03-21,2026-08-06,120,3733,1703,139,0.863309,1.227414,1.154177,1.073473,,,,,,,,GLOBAL_BASELINE_NO_ENTITY_RANKING,,,NOT_APPLICABLE_GLOBAL_BASELINE,HF9g-P5,,,,X 全窗基线 · 不参与实体赏罚,15053368,1506,A168_HF9F_20260827_0900,2026-08-27 09:00:00
2026-06-27,127529701,2234,0,51.4310695091,-51.4310695091,-51.4310695091,0E-7,1,1,0.49324550000000000,0.493245500000,-0.9865810262130424,-0.9865810262130424,-0.9865810262130424,0E-17,ELIGIBLE,R03b_20260811_FULL_v1,L1_ELIGIBILITY,v2026-08-11,2026-03-21..2026-08-06,baccarat_bet02_101_all_pairs_incl_sentinel,round_win = game_pnl > 0 (decisive only),COMPATIBILITY_ONLY_NOT_PRODUCTION,557989.4742,504875.3716,9878.7574,24851,24505,-0.01770420,0.00338982,-0.02772422,-0.01770420,-9878.7574,557989.4742,OK,0.0000,395.1503,4.0000,96.0000,AG03-UNRESOLVED,ALL5_LEVELS_bet23_to_bet27,395.1503,395.1503,395.1503,0.0000,0.0000,4.000000,4.000000,4.000000,0.000000,0.000000,96.000000,96.000000,96.000000,100.000000,100.000000,5.0,1185.4509,1138.6651,8693.3065,8740.0923,PENDING_AG03,FALSE,NOT_FOR_ENFORCEMENT,9483.6071,484680.3568,9878.7574,9483.6071,395.1503,0.01770420,0.01699603,395.1503,9483.6071,0.01699603,395.1503,395.1503,395.1503,0.0000,0.0000,9483.6071,0.01699603,1185.4509,1138.6651,8693.3065,8740.0923,0.01557970,0.01566354,0.00070817,22.4534,20.6030,0.4031,82.3230,2.6463,4649.9123,204.2083,25.9152,21.1137,12.8578,14.5296,26.176,48.8436,54.2173,102.8621,13.088,0.0,3.731508,7.079487,1.545355,30,207,63,6,0.32204186,0.01770420,-0.00338982,0E-8,0.000000,0.904812,0.002133,0.03111404,2026-03-21,2026-08-06,120,3733,1703,139,0.863309,1.227414,1.154177,1.073473,,,,,,,,GLOBAL_BASELINE_NO_ENTITY_RANKING,,,NOT_APPLICABLE_GLOBAL_BASELINE,HF9g-P5,,,,X 全窗基线 · 不参与实体赏罚,15053369,1506,A168_HF9F_20260827_0900,2026-08-27 09:00:00
2026-06-27,127529701,2241,0,256.3838815028,25.2012240595,25.2012240595,0.4285714,7,7,0.49707555714285714,0.497075557143,-0.3624959764119633,-0.36249597641271863,-0.3624959764119633,-1.4286E-13,ELIGIBLE,R03b_20260811_FULL_v1,L1_ELIGIBILITY,v2026-08-11,2026-03-21..2026-08-06,baccarat_bet02_101_all_pairs_incl_sentinel,round_win = game_pnl > 0 (decisive only),COMPATIBILITY_ONLY_NOT_PRODUCTION,557989.4742,504875.3716,9878.7574,24851,24505,-0.01770420,0.00338982,-0.02772422,-0.01770420,-9878.7574,557989.4742,OK,0.0000,395.1503,4.0000,96.0000,AG03-UNRESOLVED,ALL5_LEVELS_bet23_to_bet27,395.1503,395.1503,395.1503,0.0000,0.0000,4.000000,4.000000,4.000000,0.000000,0.000000,96.000000,96.000000,96.000000,100.000000,100.000000,5.0,1185.4509,1138.6651,8693.3065,8740.0923,PENDING_AG03,FALSE,NOT_FOR_ENFORCEMENT,9483.6071,484680.3568,9878.7574,9483.6071,395.1503,0.01770420,0.01699603,395.1503,9483.6071,0.01699603,395.1503,395.1503,395.1503,0.0000,0.0000,9483.6071,0.01699603,1185.4509,1138.6651,8693.3065,8740.0923,0.01557970,0.01566354,0.00070817,22.4534,20.6030,0.4031,82.3230,2.6463,4649.9123,204.2083,25.9152,21.1137,12.8578,14.5296,26.176,48.8436,54.2173,102.8621,13.088,0.0,3.731508,7.079487,1.545355,30,207,63,6,0.32204186,0.01770420,-0.00338982,0E-8,0.000000,0.904812,0.002133,0.03111404,2026-03-21,2026-08-06,120,3733,1703,139,0.863309,1.227414,1.154177,1.073473,,,,,,,,GLOBAL_BASELINE_NO_ENTITY_RANKING,,,NOT_APPLICABLE_GLOBAL_BASELINE,HF9g-P5,,,,X 全窗基线 · 不参与实体赏罚,15053370,1506,A168_HF9F_20260827_0900,2026-08-27 09:00:00
2026-06-27,127529701,2256,0,12.8577673773,-12.8577673773,-12.8577673773,0E-7,1,1,0.50665070000000000,0.506650700000,-1.013391052207602,-1.013391052207602,-1.013391052207602,0E-17,ELIGIBLE,R03b_20260811_FULL_v1,L1_ELIGIBILITY,v2026-08-11,2026-03-21..2026-08-06,baccarat_bet02_101_all_pairs_incl_sentinel,round_win = game_pnl > 0 (decisive only),COMPATIBILITY_ONLY_NOT_PRODUCTION,557989.4742,504875.3716,9878.7574,24851,24505,-0.01770420,0.00338982,-0.02772422,-0.01770420,-9878.7574,557989.4742,OK,0.0000,395.1503,4.0000,96.0000,AG03-UNRESOLVED,ALL5_LEVELS_bet23_to_bet27,395.1503,395.1503,395.1503,0.0000,0.0000,4.000000,4.000000,4.000000,0.000000,0.000000,96.000000,96.000000,96.000000,100.000000,100.000000,5.0,1185.4509,1138.6651,8693.3065,8740.0923,PENDING_AG03,FALSE,NOT_FOR_ENFORCEMENT,9483.6071,484680.3568,9878.7574,9483.6071,395.1503,0.01770420,0.01699603,395.1503,9483.6071,0.01699603,395.1503,395.1503,395.1503,0.0000,0.0000,9483.6071,0.01699603,1185.4509,1138.6651,8693.3065,8740.0923,0.01557970,0.01566354,0.00070817,22.4534,20.6030,0.4031,82.3230,2.6463,4649.9123,204.2083,25.9152,21.1137,12.8578,14.5296,26.176,48.8436,54.2173,102.8621,13.088,0.0,3.731508,7.079487,1.545355,30,207,63,6,0.32204186,0.01770420,-0.00338982,0E-8,0.000000,0.904812,0.002133,0.03111404,2026-03-21,2026-08-06,120,3733,1703,139,0.863309,1.227414,1.154177,1.073473,,,,,,,,GLOBAL_BASELINE_NO_ENTITY_RANKING,,,NOT_APPLICABLE_GLOBAL_BASELINE,HF9g-P5,,,,X 全窗基线 · 不参与实体赏罚,15053371,1506,A168_HF9F_20260827_0900,2026-08-27 09:00:00
2026-06-27,127529701,2267,0,169.7225293799,-43.0735207138,-43.0735207138,0.2000000,6,6,0.50441650000000000,0.504416500000,-1.3614450872398682,-1.3614450872398682,-1.3614450872398682,0E-17,ELIGIBLE,R03b_20260811_FULL_v1,L1_ELIGIBILITY,v2026-08-11,2026-03-21..2026-08-06,baccarat_bet02_101_all_pairs_incl_sentinel,round_win = game_pnl > 0 (decisive only),COMPATIBILITY_ONLY_NOT_PRODUCTION,557989.4742,504875.3716,9878.7574,24851,24505,-0.01770420,0.00338982,-0.02772422,-0.01770420,-9878.7574,557989.4742,OK,0.0000,395.1503,4.0000,96.0000,AG03-UNRESOLVED,ALL5_LEVELS_bet23_to_bet27,395.1503,395.1503,395.1503,0.0000,0.0000,4.000000,4.000000,4.000000,0.000000,0.000000,96.000000,96.000000,96.000000,100.000000,100.000000,5.0,1185.4509,1138.6651,8693.3065,8740.0923,PENDING_AG03,FALSE,NOT_FOR_ENFORCEMENT,9483.6071,484680.3568,9878.7574,9483.6071,395.1503,0.01770420,0.01699603,395.1503,9483.6071,0.01699603,395.1503,395.1503,395.1503,0.0000,0.0000,9483.6071,0.01699603,1185.4509,1138.6651,8693.3065,8740.0923,0.01557970,0.01566354,0.00070817,22.4534,20.6030,0.4031,82.3230,2.6463,4649.9123,204.2083,25.9152,21.1137,12.8578,14.5296,26.176,48.8436,54.2173,102.8621,13.088,0.0,3.731508,7.079487,1.545355,30,207,63,6,0.32204186,0.01770420,-0.00338982,0E-8,0.000000,0.904812,0.002133,0.03111404,2026-03-21,2026-08-06,120,3733,1703,139,0.863309,1.227414,1.154177,1.073473,,,,,,,,GLOBAL_BASELINE_NO_ENTITY_RANKING,,,NOT_APPLICABLE_GLOBAL_BASELINE,HF9g-P5,,,,X 全窗基线 · 不参与实体赏罚,15053372,1506,A168_HF9F_20260827_0900,2026-08-27 09:00:00
2026-06-27,127529701,2271,0,25.7155347545,0E-10,0E-10,,1,1,0.50665070000000000,0.506650700000,,,,0E-17,NO_DECISIVE_ROUND,R03b_20260811_FULL_v1,L1_ELIGIBILITY,v2026-08-11,2026-03-21..2026-08-06,baccarat_bet02_101_all_pairs_incl_sentinel,round_win = game_pnl > 0 (decisive only),COMPATIBILITY_ONLY_NOT_PRODUCTION,557989.4742,504875.3716,9878.7574,24851,24505,-0.01770420,0.00338982,-0.02772422,-0.01770420,-9878.7574,557989.4742,OK,0.0000,395.1503,4.0000,96.0000,AG03-UNRESOLVED,ALL5_LEVELS_bet23_to_bet27,395.1503,395.1503,395.1503,0.0000,0.0000,4.000000,4.000000,4.000000,0.000000,0.000000,96.000000,96.000000,96.000000,100.000000,100.000000,5.0,1185.4509,1138.6651,8693.3065,8740.0923,PENDING_AG03,FALSE,NOT_FOR_ENFORCEMENT,9483.6071,484680.3568,9878.7574,9483.6071,395.1503,0.01770420,0.01699603,395.1503,9483.6071,0.01699603,395.1503,395.1503,395.1503,0.0000,0.0000,9483.6071,0.01699603,1185.4509,1138.6651,8693.3065,8740.0923,0.01557970,0.01566354,0.00070817,22.4534,20.6030,0.4031,82.3230,2.6463,4649.9123,204.2083,25.9152,21.1137,12.8578,14.5296,26.176,48.8436,54.2173,102.8621,13.088,0.0,3.731508,7.079487,1.545355,30,207,63,6,0.32204186,0.01770420,-0.00338982,0E-8,0.000000,0.904812,0.002133,0.03111404,2026-03-21,2026-08-06,120,3733,1703,139,0.863309,1.227414,1.154177,1.073473,,,,,,,,GLOBAL_BASELINE_NO_ENTITY_RANKING,,,NOT_APPLICABLE_GLOBAL_BASELINE,HF9g-P5,,,,X 全窗基线 · 不参与实体赏罚,15053373,1506,A168_HF9F_20260827_0900,2026-08-27 09:00:00
2026-06-27,127529701,2276,0,81.7754005194,30.5629130558,30.5629130558,0.5000000,4,4,0.49994810000000000,0.499948100000,0.00020760000111838688,0.00020760000111838688,0.00020760000111838688,0E-17,ELIGIBLE,R03b_20260811_FULL_v1,L1_ELIGIBILITY,v2026-08-11,2026-03-21..2026-08-06,baccarat_bet02_101_all_pairs_incl_sentinel,round_win = game_pnl > 0 (decisive only),COMPATIBILITY_ONLY_NOT_PRODUCTION,557989.4742,504875.3716,9878.7574,24851,24505,-0.01770420,0.00338982,-0.02772422,-0.01770420,-9878.7574,557989.4742,OK,0.0000,395.1503,4.0000,96.0000,AG03-UNRESOLVED,ALL5_LEVELS_bet23_to_bet27,395.1503,395.1503,395.1503,0.0000,0.0000,4.000000,4.000000,4.000000,0.000000,0.000000,96.000000,96.000000,96.000000,100.000000,100.000000,5.0,1185.4509,1138.6651,8693.3065,8740.0923,PENDING_AG03,FALSE,NOT_FOR_ENFORCEMENT,9483.6071,484680.3568,9878.7574,9483.6071,395.1503,0.01770420,0.01699603,395.1503,9483.6071,0.01699603,395.1503,395.1503,395.1503,0.0000,0.0000,9483.6071,0.01699603,1185.4509,1138.6651,8693.3065,8740.0923,0.01557970,0.01566354,0.00070817,22.4534,20.6030,0.4031,82.3230,2.6463,4649.9123,204.2083,25.9152,21.1137,12.8578,14.5296,26.176,48.8436,54.2173,102.8621,13.088,0.0,3.731508,7.079487,1.545355,30,207,63,6,0.32204186,0.01770420,-0.00338982,0E-8,0.000000,0.904812,0.002133,0.03111404,2026-03-21,2026-08-06,120,3733,1703,139,0.863309,1.227414,1.154177,1.073473,,,,,,,,GLOBAL_BASELINE_NO_ENTITY_RANKING,,,NOT_APPLICABLE_GLOBAL_BASELINE,HF9g-P5,,,,X 全窗基线 · 不参与实体赏罚,15053374,1506,A168_HF9F_20260827_0900,2026-08-27 09:00:00
2026-06-27,127529701,2287,0,133.7207807237,-69.4319438373,-69.4319438373,0E-7,3,3,0.50218230000000000,0.502182300000,-1.4203995680682369,-1.4203995680682369,-1.4203995680682369,0E-17,ELIGIBLE,R03b_20260811_FULL_v1,L1_ELIGIBILITY,v2026-08-11,2026-03-21..2026-08-06,baccarat_bet02_101_all_pairs_incl_sentinel,round_win = game_pnl > 0 (decisive only),COMPATIBILITY_ONLY_NOT_PRODUCTION,557989.4742,504875.3716,9878.7574,24851,24505,-0.01770420,0.00338982,-0.02772422,-0.01770420,-9878.7574,557989.4742,OK,0.0000,395.1503,4.0000,96.0000,AG03-UNRESOLVED,ALL5_LEVELS_bet23_to_bet27,395.1503,395.1503,395.1503,0.0000,0.0000,4.000000,4.000000,4.000000,0.000000,0.000000,96.000000,96.000000,96.000000,100.000000,100.000000,5.0,1185.4509,1138.6651,8693.3065,8740.0923,PENDING_AG03,FALSE,NOT_FOR_ENFORCEMENT,9483.6071,484680.3568,9878.7574,9483.6071,395.1503,0.01770420,0.01699603,395.1503,9483.6071,0.01699603,395.1503,395.1503,395.1503,0.0000,0.0000,9483.6071,0.01699603,1185.4509,1138.6651,8693.3065,8740.0923,0.01557970,0.01566354,0.00070817,22.4534,20.6030,0.4031,82.3230,2.6463,4649.9123,204.2083,25.9152,21.1137,12.8578,14.5296,26.176,48.8436,54.2173,102.8621,13.088,0.0,3.731508,7.079487,1.545355,30,207,63,6,0.32204186,0.01770420,-0.00338982,0E-8,0.000000,0.904812,0.002133,0.03111404,2026-03-21,2026-08-06,120,3733,1703,139,0.863309,1.227414,1.154177,1.073473,,,,,,,,GLOBAL_BASELINE_NO_ENTITY_RANKING,,,NOT_APPLICABLE_GLOBAL_BASELINE,HF9g-P5,,,,X 全窗基线 · 不参与实体赏罚,15053375,1506,A168_HF9F_20260827_0900,2026-08-27 09:00:00
2026-06-27,127529701,2288,0,188.7520250984,44.6164527991,44.6164527991,0.5000000,9,9,0.50218230000000000,0.502182300000,-0.01234507061437774,-0.01234507061437774,-0.01234507061437774,0E-17,ELIGIBLE,R03b_20260811_FULL_v1,L1_ELIGIBILITY,v2026-08-11,2026-03-21..2026-08-06,baccarat_bet02_101_all_pairs_incl_sentinel,round_win = game_pnl > 0 (decisive only),COMPATIBILITY_ONLY_NOT_PRODUCTION,557989.4742,504875.3716,9878.7574,24851,24505,-0.01770420,0.00338982,-0.02772422,-0.01770420,-9878.7574,557989.4742,OK,0.0000,395.1503,4.0000,96.0000,AG03-UNRESOLVED,ALL5_LEVELS_bet23_to_bet27,395.1503,395.1503,395.1503,0.0000,0.0000,4.000000,4.000000,4.000000,0.000000,0.000000,96.000000,96.000000,96.000000,100.000000,100.000000,5.0,1185.4509,1138.6651,8693.3065,8740.0923,PENDING_AG03,FALSE,NOT_FOR_ENFORCEMENT,9483.6071,484680.3568,9878.7574,9483.6071,395.1503,0.01770420,0.01699603,395.1503,9483.6071,0.01699603,395.1503,395.1503,395.1503,0.0000,0.0000,9483.6071,0.01699603,1185.4509,1138.6651,8693.3065,8740.0923,0.01557970,0.01566354,0.00070817,22.4534,20.6030,0.4031,82.3230,2.6463,4649.9123,204.2083,25.9152,21.1137,12.8578,14.5296,26.176,48.8436,54.2173,102.8621,13.088,0.0,3.731508,7.079487,1.545355,30,207,63,6,0.32204186,0.01770420,-0.00338982,0E-8,0.000000,0.904812,0.002133,0.03111404,2026-03-21,2026-08-06,120,3733,1703,139,0.863309,1.227414,1.154177,1.073473,,,,,,,,GLOBAL_BASELINE_NO_ENTITY_RANKING,,,NOT_APPLICABLE_GLOBAL_BASELINE,HF9g-P5,,,,X 全窗基线 · 不参与实体赏罚,15053376,1506,A168_HF9F_20260827_0900,2026-08-27 09:00:00
2026-06-27,127529701,462,0,38.5733021318,-38.5733021318,-38.5733021318,0E-7,1,1,0.49324550000000000,0.493245500000,-0.9865810262130424,-0.9865810262130424,-0.9865810262130424,0E-17,ELIGIBLE,R03b_20260811_FULL_v1,L1_ELIGIBILITY,v2026-08-11,2026-03-21..2026-08-06,baccarat_bet02_101_all_pairs_incl_sentinel,round_win = game_pnl > 0 (decisive only),COMPATIBILITY_ONLY_NOT_PRODUCTION,557989.4742,504875.3716,9878.7574,24851,24505,-0.01770420,0.00338982,-0.02772422,-0.01770420,-9878.7574,557989.4742,OK,0.0000,395.1503,4.0000,96.0000,AG03-UNRESOLVED,ALL5_LEVELS_bet23_to_bet27,395.1503,395.1503,395.1503,0.0000,0.0000,4.000000,4.000000,4.000000,0.000000,0.000000,96.000000,96.000000,96.000000,100.000000,100.000000,5.0,1185.4509,1138.6651,8693.3065,8740.0923,PENDING_AG03,FALSE,NOT_FOR_ENFORCEMENT,9483.6071,484680.3568,9878.7574,9483.6071,395.1503,0.01770420,0.01699603,395.1503,9483.6071,0.01699603,395.1503,395.1503,395.1503,0.0000,0.0000,9483.6071,0.01699603,1185.4509,1138.6651,8693.3065,8740.0923,0.01557970,0.01566354,0.00070817,22.4534,20.6030,0.4031,82.3230,2.6463,4649.9123,204.2083,25.9152,21.1137,12.8578,14.5296,26.176,48.8436,54.2173,102.8621,13.088,0.0,3.731508,7.079487,1.545355,30,207,63,6,0.32204186,0.01770420,-0.00338982,0E-8,0.000000,0.904812,0.002133,0.03111404,2026-03-21,2026-08-06,120,3733,1703,139,0.863309,1.227414,1.154177,1.073473,,,,,,,,GLOBAL_BASELINE_NO_ENTITY_RANKING,,,NOT_APPLICABLE_GLOBAL_BASELINE,HF9g-P5,,,,X 全窗基线 · 不参与实体赏罚,15053377,1506,A168_HF9F_20260827_0900,2026-08-27 09:00:00
2026-06-27,127529701,529,0,218.5820454137,12.8577673772,12.8577673772,0.5000000,4,4,0.49994810000000000,0.499948100000,0.00014679536856514622,0.00014679536856514622,0.00014679536856514622,0E-17,ELIGIBLE,R03b_20260811_FULL_v1,L1_ELIGIBILITY,v2026-08-11,2026-03-21..2026-08-06,baccarat_bet02_101_all_pairs_incl_sentinel,round_win = game_pnl > 0 (decisive only),COMPATIBILITY_ONLY_NOT_PRODUCTION,557989.4742,504875.3716,9878.7574,24851,24505,-0.01770420,0.00338982,-0.02772422,-0.01770420,-9878.7574,557989.4742,OK,0.0000,395.1503,4.0000,96.0000,AG03-UNRESOLVED,ALL5_LEVELS_bet23_to_bet27,395.1503,395.1503,395.1503,0.0000,0.0000,4.000000,4.000000,4.000000,0.000000,0.000000,96.000000,96.000000,96.000000,100.000000,100.000000,5.0,1185.4509,1138.6651,8693.3065,8740.0923,PENDING_AG03,FALSE,NOT_FOR_ENFORCEMENT,9483.6071,484680.3568,9878.7574,9483.6071,395.1503,0.01770420,0.01699603,395.1503,9483.6071,0.01699603,395.1503,395.1503,395.1503,0.0000,0.0000,9483.6071,0.01699603,1185.4509,1138.6651,8693.3065,8740.0923,0.01557970,0.01566354,0.00070817,22.4534,20.6030,0.4031,82.3230,2.6463,4649.9123,204.2083,25.9152,21.1137,12.8578,14.5296,26.176,48.8436,54.2173,102.8621,13.088,0.0,3.731508,7.079487,1.545355,30,207,63,6,0.32204186,0.01770420,-0.00338982,0E-8,0.000000,0.904812,0.002133,0.03111404,2026-03-21,2026-08-06,120,3733,1703,139,0.863309,1.227414,1.154177,1.073473,,,,,,,,GLOBAL_BASELINE_NO_ENTITY_RANKING,,,NOT_APPLICABLE_GLOBAL_BASELINE,HF9g-P5,,,,X 全窗基线 · 不参与实体赏罚,15053378,1506,A168_HF9F_20260827_0900,2026-08-27 09:00:00
2026-06-27,127529701,595,0,25.7155347545,24.4297580168,24.4297580168,1.0000000,1,1,0.50665070000000000,0.506650700000,0.9867858985152569,0.9867858985152569,0.9867858985152569,0E-17,ELIGIBLE,R03b_20260811_FULL_v1,L1_ELIGIBILITY,v2026-08-11,2026-03-21..2026-08-06,baccarat_bet02_101_all_pairs_incl_sentinel,round_win = game_pnl > 0 (decisive only),COMPATIBILITY_ONLY_NOT_PRODUCTION,557989.4742,504875.3716,9878.7574,24851,24505,-0.01770420,0.00338982,-0.02772422,-0.01770420,-9878.7574,557989.4742,OK,0.0000,395.1503,4.0000,96.0000,AG03-UNRESOLVED,ALL5_LEVELS_bet23_to_bet27,395.1503,395.1503,395.1503,0.0000,0.0000,4.000000,4.000000,4.000000,0.000000,0.000000,96.000000,96.000000,96.000000,100.000000,100.000000,5.0,1185.4509,1138.6651,8693.3065,8740.0923,PENDING_AG03,FALSE,NOT_FOR_ENFORCEMENT,9483.6071,484680.3568,9878.7574,9483.6071,395.1503,0.01770420,0.01699603,395.1503,9483.6071,0.01699603,395.1503,395.1503,395.1503,0.0000,0.0000,9483.6071,0.01699603,1185.4509,1138.6651,8693.3065,8740.0923,0.01557970,0.01566354,0.00070817,22.4534,20.6030,0.4031,82.3230,2.6463,4649.9123,204.2083,25.9152,21.1137,12.8578,14.5296,26.176,48.8436,54.2173,102.8621,13.088,0.0,3.731508,7.079487,1.545355,30,207,63,6,0.32204186,0.01770420,-0.00338982,0E-8,0.000000,0.904812,0.002133,0.03111404,2026-03-21,2026-08-06,120,3733,1703,139,0.863309,1.227414,1.154177,1.073473,,,,,,,,GLOBAL_BASELINE_NO_ENTITY_RANKING,,,NOT_APPLICABLE_GLOBAL_BASELINE,HF9g-P5,,,,X 全窗基线 · 不参与实体赏罚,15053379,1506,A168_HF9F_20260827_0900,2026-08-27 09:00:00
2026-06-27,127529701,752,0,51.4310695091,23.7868696479,23.7868696479,0.5000000,2,2,0.49994810000000000,0.499948100000,0.00014679536856514622,0.00014679536856514622,0.00014679536856514622,0E-17,ELIGIBLE,R03b_20260811_FULL_v1,L1_ELIGIBILITY,v2026-08-11,2026-03-21..2026-08-06,baccarat_bet02_101_all_pairs_incl_sentinel,round_win = game_pnl > 0 (decisive only),COMPATIBILITY_ONLY_NOT_PRODUCTION,557989.4742,504875.3716,9878.7574,24851,24505,-0.01770420,0.00338982,-0.02772422,-0.01770420,-9878.7574,557989.4742,OK,0.0000,395.1503,4.0000,96.0000,AG03-UNRESOLVED,ALL5_LEVELS_bet23_to_bet27,395.1503,395.1503,395.1503,0.0000,0.0000,4.000000,4.000000,4.000000,0.000000,0.000000,96.000000,96.000000,96.000000,100.000000,100.000000,5.0,1185.4509,1138.6651,8693.3065,8740.0923,PENDING_AG03,FALSE,NOT_FOR_ENFORCEMENT,9483.6071,484680.3568,9878.7574,9483.6071,395.1503,0.01770420,0.01699603,395.1503,9483.6071,0.01699603,395.1503,395.1503,395.1503,0.0000,0.0000,9483.6071,0.01699603,1185.4509,1138.6651,8693.3065,8740.0923,0.01557970,0.01566354,0.00070817,22.4534,20.6030,0.4031,82.3230,2.6463,4649.9123,204.2083,25.9152,21.1137,12.8578,14.5296,26.176,48.8436,54.2173,102.8621,13.088,0.0,3.731508,7.079487,1.545355,30,207,63,6,0.32204186,0.01770420,-0.00338982,0E-8,0.000000,0.904812,0.002133,0.03111404,2026-03-21,2026-08-06,120,3733,1703,139,0.863309,1.227414,1.154177,1.073473,,,,,,,,GLOBAL_BASELINE_NO_ENTITY_RANKING,,,NOT_APPLICABLE_GLOBAL_BASELINE,HF9g-P5,,,,X 全窗基线 · 不参与实体赏罚,15053380,1506,A168_HF9F_20260827_0900,2026-08-27 09:00:00
2026-06-27,127529701,763,0,87.4328181656,-36.6446370253,-36.6446370253,0.4000000,5,5,0.50128862000000000,0.501288620000,-0.4529779837142727,-0.4529779837142727,-0.4529779837142727,0E-17,ELIGIBLE,R03b_20260811_FULL_v1,L1_ELIGIBILITY,v2026-08-11,2026-03-21..2026-08-06,baccarat_bet02_101_all_pairs_incl_sentinel,round_win = game_pnl > 0 (decisive only),COMPATIBILITY_ONLY_NOT_PRODUCTION,557989.4742,504875.3716,9878.7574,24851,24505,-0.01770420,0.00338982,-0.02772422,-0.01770420,-9878.7574,557989.4742,OK,0.0000,395.1503,4.0000,96.0000,AG03-UNRESOLVED,ALL5_LEVELS_bet23_to_bet27,395.1503,395.1503,395.1503,0.0000,0.0000,4.000000,4.000000,4.000000,0.000000,0.000000,96.000000,96.000000,96.000000,100.000000,100.000000,5.0,1185.4509,1138.6651,8693.3065,8740.0923,PENDING_AG03,FALSE,NOT_FOR_ENFORCEMENT,9483.6071,484680.3568,9878.7574,9483.6071,395.1503,0.01770420,0.01699603,395.1503,9483.6071,0.01699603,395.1503,395.1503,395.1503,0.0000,0.0000,9483.6071,0.01699603,1185.4509,1138.6651,8693.3065,8740.0923,0.01557970,0.01566354,0.00070817,22.4534,20.6030,0.4031,82.3230,2.6463,4649.9123,204.2083,25.9152,21.1137,12.8578,14.5296,26.176,48.8436,54.2173,102.8621,13.088,0.0,3.731508,7.079487,1.545355,30,207,63,6,0.32204186,0.01770420,-0.00338982,0E-8,0.000000,0.904812,0.002133,0.03111404,2026-03-21,2026-08-06,120,3733,1703,139,0.863309,1.227414,1.154177,1.073473,,,,,,,,GLOBAL_BASELINE_NO_ENTITY_RANKING,,,NOT_APPLICABLE_GLOBAL_BASELINE,HF9g-P5,,,,X 全窗基线 · 不参与实体赏罚,15053381,1506,A168_HF9F_20260827_0900,2026-08-27 09:00:00
2026-06-27,127529701,772,0,244.2975801682,45.0021858204,45.0021858204,0.4000000,6,6,0.49994810000000000,0.499948100000,-0.4469814940518811,-0.4469814940518811,-0.4469814940518811,0E-17,ELIGIBLE,R03b_20260811_FULL_v1,L1_ELIGIBILITY,v2026-08-11,2026-03-21..2026-08-06,baccarat_bet02_101_all_pairs_incl_sentinel,round_win = game_pnl > 0 (decisive only),COMPATIBILITY_ONLY_NOT_PRODUCTION,557989.4742,504875.3716,9878.7574,24851,24505,-0.01770420,0.00338982,-0.02772422,-0.01770420,-9878.7574,557989.4742,OK,0.0000,395.1503,4.0000,96.0000,AG03-UNRESOLVED,ALL5_LEVELS_bet23_to_bet27,395.1503,395.1503,395.1503,0.0000,0.0000,4.000000,4.000000,4.000000,0.000000,0.000000,96.000000,96.000000,96.000000,100.000000,100.000000,5.0,1185.4509,1138.6651,8693.3065,8740.0923,PENDING_AG03,FALSE,NOT_FOR_ENFORCEMENT,9483.6071,484680.3568,9878.7574,9483.6071,395.1503,0.01770420,0.01699603,395.1503,9483.6071,0.01699603,395.1503,395.1503,395.1503,0.0000,0.0000,9483.6071,0.01699603,1185.4509,1138.6651,8693.3065,8740.0923,0.01557970,0.01566354,0.00070817,22.4534,20.6030,0.4031,82.3230,2.6463,4649.9123,204.2083,25.9152,21.1137,12.8578,14.5296,26.176,48.8436,54.2173,102.8621,13.088,0.0,3.731508,7.079487,1.545355,30,207,63,6,0.32204186,0.01770420,-0.00338982,0E-8,0.000000,0.904812,0.002133,0.03111404,2026-03-21,2026-08-06,120,3733,1703,139,0.863309,1.227414,1.154177,1.073473,,,,,,,,GLOBAL_BASELINE_NO_ENTITY_RANKING,,,NOT_APPLICABLE_GLOBAL_BASELINE,HF9g-P5,,,,X 全窗基线 · 不参与实体赏罚,15053382,1506,A168_HF9F_20260827_0900,2026-08-27 09:00:00
2026-06-27,127529701,789,0,38.5733021318,36.6446370252,36.6446370252,1.0000000,2,2,0.50665070000000000,0.506650700000,1.3955260008387969,1.3955260008387969,1.3955260008387969,0E-17,ELIGIBLE,R03b_20260811_FULL_v1,L1_ELIGIBILITY,v2026-08-11,2026-03-21..2026-08-06,baccarat_bet02_101_all_pairs_incl_sentinel,round_win = game_pnl > 0 (decisive only),COMPATIBILITY_ONLY_NOT_PRODUCTION,557989.4742,504875.3716,9878.7574,24851,24505,-0.01770420,0.00338982,-0.02772422,-0.01770420,-9878.7574,557989.4742,OK,0.0000,395.1503,4.0000,96.0000,AG03-UNRESOLVED,ALL5_LEVELS_bet23_to_bet27,395.1503,395.1503,395.1503,0.0000,0.0000,4.000000,4.000000,4.000000,0.000000,0.000000,96.000000,96.000000,96.000000,100.000000,100.000000,5.0,1185.4509,1138.6651,8693.3065,8740.0923,PENDING_AG03,FALSE,NOT_FOR_ENFORCEMENT,9483.6071,484680.3568,9878.7574,9483.6071,395.1503,0.01770420,0.01699603,395.1503,9483.6071,0.01699603,395.1503,395.1503,395.1503,0.0000,0.0000,9483.6071,0.01699603,1185.4509,1138.6651,8693.3065,8740.0923,0.01557970,0.01566354,0.00070817,22.4534,20.6030,0.4031,82.3230,2.6463,4649.9123,204.2083,25.9152,21.1137,12.8578,14.5296,26.176,48.8436,54.2173,102.8621,13.088,0.0,3.731508,7.079487,1.545355,30,207,63,6,0.32204186,0.01770420,-0.00338982,0E-8,0.000000,0.904812,0.002133,0.03111404,2026-03-21,2026-08-06,120,3733,1703,139,0.863309,1.227414,1.154177,1.073473,,,,,,,,GLOBAL_BASELINE_NO_ENTITY_RANKING,,,NOT_APPLICABLE_GLOBAL_BASELINE,HF9g-P5,,,,X 全窗基线 · 不参与实体赏罚,15053383,1506,A168_HF9F_20260827_0900,2026-08-27 09:00:00
2026-06-27,127529701,925,0,316.3010774809,-52.0739578779,-52.0739578779,0.3750000,9,9,0.49920336666666667,0.499203366667,-0.7026012343063094,-0.7026012343081942,-0.7026012343063094,-3.3333E-13,ELIGIBLE,R03b_20260811_FULL_v1,L1_ELIGIBILITY,v2026-08-11,2026-03-21..2026-08-06,baccarat_bet02_101_all_pairs_incl_sentinel,round_win = game_pnl > 0 (decisive only),COMPATIBILITY_ONLY_NOT_PRODUCTION,557989.4742,504875.3716,9878.7574,24851,24505,-0.01770420,0.00338982,-0.02772422,-0.01770420,-9878.7574,557989.4742,OK,0.0000,395.1503,4.0000,96.0000,AG03-UNRESOLVED,ALL5_LEVELS_bet23_to_bet27,395.1503,395.1503,395.1503,0.0000,0.0000,4.000000,4.000000,4.000000,0.000000,0.000000,96.000000,96.000000,96.000000,100.000000,100.000000,5.0,1185.4509,1138.6651,8693.3065,8740.0923,PENDING_AG03,FALSE,NOT_FOR_ENFORCEMENT,9483.6071,484680.3568,9878.7574,9483.6071,395.1503,0.01770420,0.01699603,395.1503,9483.6071,0.01699603,395.1503,395.1503,395.1503,0.0000,0.0000,9483.6071,0.01699603,1185.4509,1138.6651,8693.3065,8740.0923,0.01557970,0.01566354,0.00070817,22.4534,20.6030,0.4031,82.3230,2.6463,4649.9123,204.2083,25.9152,21.1137,12.8578,14.5296,26.176,48.8436,54.2173,102.8621,13.088,0.0,3.731508,7.079487,1.545355,30,207,63,6,0.32204186,0.01770420,-0.00338982,0E-8,0.000000,0.904812,0.002133,0.03111404,2026-03-21,2026-08-06,120,3733,1703,139,0.863309,1.227414,1.154177,1.073473,,,,,,,,GLOBAL_BASELINE_NO_ENTITY_RANKING,,,NOT_APPLICABLE_GLOBAL_BASELINE,HF9g-P5,,,,X 全窗基线 · 不参与实体赏罚,15053384,1506,A168_HF9F_20260827_0900,2026-08-27 09:00:00
2026-06-27,127529701,970,0,277.7277753492,127.8190654975,127.8190654975,0.6666667,9,9,0.49920336666666667,0.499203366667,1.0047810753185216,1.0047810753165205,1.0047810753185216,-3.3333E-13,ELIGIBLE,R03b_20260811_FULL_v1,L1_ELIGIBILITY,v2026-08-11,2026-03-21..2026-08-06,baccarat_bet02_101_all_pairs_incl_sentinel,round_win = game_pnl > 0 (decisive only),COMPATIBILITY_ONLY_NOT_PRODUCTION,557989.4742,504875.3716,9878.7574,24851,24505,-0.01770420,0.00338982,-0.02772422,-0.01770420,-9878.7574,557989.4742,OK,0.0000,395.1503,4.0000,96.0000,AG03-UNRESOLVED,ALL5_LEVELS_bet23_to_bet27,395.1503,395.1503,395.1503,0.0000,0.0000,4.000000,4.000000,4.000000,0.000000,0.000000,96.000000,96.000000,96.000000,100.000000,100.000000,5.0,1185.4509,1138.6651,8693.3065,8740.0923,PENDING_AG03,FALSE,NOT_FOR_ENFORCEMENT,9483.6071,484680.3568,9878.7574,9483.6071,395.1503,0.01770420,0.01699603,395.1503,9483.6071,0.01699603,395.1503,395.1503,395.1503,0.0000,0.0000,9483.6071,0.01699603,1185.4509,1138.6651,8693.3065,8740.0923,0.01557970,0.01566354,0.00070817,22.4534,20.6030,0.4031,82.3230,2.6463,4649.9123,204.2083,25.9152,21.1137,12.8578,14.5296,26.176,48.8436,54.2173,102.8621,13.088,0.0,3.731508,7.079487,1.545355,30,207,63,6,0.32204186,0.01770420,-0.00338982,0E-8,0.000000,0.904812,0.002133,0.03111404,2026-03-21,2026-08-06,120,3733,1703,139,0.863309,1.227414,1.154177,1.073473,,,,,,,,GLOBAL_BASELINE_NO_ENTITY_RANKING,,,NOT_APPLICABLE_GLOBAL_BASELINE,HF9g-P5,,,,X 全窗基线 · 不参与实体赏罚,15053385,1506,A168_HF9F_20260827_0900,2026-08-27 09:00:00
2026-06-28,127529701,-1,1,1343.6366909250,163.2936456911,163.2936456911,0.5454545,36,36,0.50106520000000000,0.501065200000,0.509995908940999,0.509995908940999,0.509995908940999,0E-17,SENTINEL_DEALER,R03b_20260811_FULL_v1,L1_ELIGIBILITY,v2026-08-11,2026-03-21..2026-08-06,baccarat_bet02_101_all_pairs_incl_sentinel,round_win = game_pnl > 0 (decisive only),COMPATIBILITY_ONLY_NOT_PRODUCTION,557989.4742,504875.3716,9878.7574,24851,24505,-0.01770420,0.00338982,-0.02772422,-0.01770420,-9878.7574,557989.4742,OK,0.0000,395.1503,4.0000,96.0000,AG03-UNRESOLVED,ALL5_LEVELS_bet23_to_bet27,395.1503,395.1503,395.1503,0.0000,0.0000,4.000000,4.000000,4.000000,0.000000,0.000000,96.000000,96.000000,96.000000,100.000000,100.000000,5.0,1185.4509,1138.6651,8693.3065,8740.0923,PENDING_AG03,FALSE,NOT_FOR_ENFORCEMENT,9483.6071,484680.3568,9878.7574,9483.6071,395.1503,0.01770420,0.01699603,395.1503,9483.6071,0.01699603,395.1503,395.1503,395.1503,0.0000,0.0000,9483.6071,0.01699603,1185.4509,1138.6651,8693.3065,8740.0923,0.01557970,0.01566354,0.00070817,22.4534,20.6030,0.4031,82.3230,2.6463,4649.9123,204.2083,25.9152,21.1137,12.8578,14.5296,26.176,48.8436,54.2173,102.8621,13.088,0.0,3.731508,7.079487,1.545355,30,207,63,6,0.32204186,0.01770420,-0.00338982,0E-8,0.000000,0.904812,0.002133,0.03111404,2026-03-21,2026-08-06,120,3733,1703,139,0.863309,1.227414,1.154177,1.073473,,,,,,,,GLOBAL_BASELINE_NO_ENTITY_RANKING,,,NOT_APPLICABLE_GLOBAL_BASELINE,HF9g-P5,,,,X 全窗基线 · 不参与实体赏罚,15053386,1506,A168_HF9F_20260827_0900,2026-08-27 09:00:00
2026-06-28,127529701,1299,0,232.7255895286,39.0876128268,39.0876128268,0.8000000,8,8,0.50329940000000000,0.503299400000,1.3269143111299395,1.3269143111299397,1.3269143111299395,0E-17,ELIGIBLE,R03b_20260811_FULL_v1,L1_ELIGIBILITY,v2026-08-11,2026-03-21..2026-08-06,baccarat_bet02_101_all_pairs_incl_sentinel,round_win = game_pnl > 0 (decisive only),COMPATIBILITY_ONLY_NOT_PRODUCTION,557989.4742,504875.3716,9878.7574,24851,24505,-0.01770420,0.00338982,-0.02772422,-0.01770420,-9878.7574,557989.4742,OK,0.0000,395.1503,4.0000,96.0000,AG03-UNRESOLVED,ALL5_LEVELS_bet23_to_bet27,395.1503,395.1503,395.1503,0.0000,0.0000,4.000000,4.000000,4.000000,0.000000,0.000000,96.000000,96.000000,96.000000,100.000000,100.000000,5.0,1185.4509,1138.6651,8693.3065,8740.0923,PENDING_AG03,FALSE,NOT_FOR_ENFORCEMENT,9483.6071,484680.3568,9878.7574,9483.6071,395.1503,0.01770420,0.01699603,395.1503,9483.6071,0.01699603,395.1503,395.1503,395.1503,0.0000,0.0000,9483.6071,0.01699603,1185.4509,1138.6651,8693.3065,8740.0923,0.01557970,0.01566354,0.00070817,22.4534,20.6030,0.4031,82.3230,2.6463,4649.9123,204.2083,25.9152,21.1137,12.8578,14.5296,26.176,48.8436,54.2173,102.8621,13.088,0.0,3.731508,7.079487,1.545355,30,207,63,6,0.32204186,0.01770420,-0.00338982,0E-8,0.000000,0.904812,0.002133,0.03111404,2026-03-21,2026-08-06,120,3733,1703,139,0.863309,1.227414,1.154177,1.073473,,,,,,,,GLOBAL_BASELINE_NO_ENTITY_RANKING,,,NOT_APPLICABLE_GLOBAL_BASELINE,HF9g-P5,,,,X 全窗基线 · 不参与实体赏罚,15053387,1506,A168_HF9F_20260827_0900,2026-08-27 09:00:00
2026-06-28,127529701,1304,0,68.9176331422,24.1083138323,24.1083138323,0.3333333,4,4,0.49994810000000000,0.499948100000,-0.5771704854251445,-0.5771704854251445,-0.5771704854251445,0E-17,ELIGIBLE,R03b_20260811_FULL_v1,L1_ELIGIBILITY,v2026-08-11,2026-03-21..2026-08-06,baccarat_bet02_101_all_pairs_incl_sentinel,round_win = game_pnl > 0 (decisive only),COMPATIBILITY_ONLY_NOT_PRODUCTION,557989.4742,504875.3716,9878.7574,24851,24505,-0.01770420,0.00338982,-0.02772422,-0.01770420,-9878.7574,557989.4742,OK,0.0000,395.1503,4.0000,96.0000,AG03-UNRESOLVED,ALL5_LEVELS_bet23_to_bet27,395.1503,395.1503,395.1503,0.0000,0.0000,4.000000,4.000000,4.000000,0.000000,0.000000,96.000000,96.000000,96.000000,100.000000,100.000000,5.0,1185.4509,1138.6651,8693.3065,8740.0923,PENDING_AG03,FALSE,NOT_FOR_ENFORCEMENT,9483.6071,484680.3568,9878.7574,9483.6071,395.1503,0.01770420,0.01699603,395.1503,9483.6071,0.01699603,395.1503,395.1503,395.1503,0.0000,0.0000,9483.6071,0.01699603,1185.4509,1138.6651,8693.3065,8740.0923,0.01557970,0.01566354,0.00070817,22.4534,20.6030,0.4031,82.3230,2.6463,4649.9123,204.2083,25.9152,21.1137,12.8578,14.5296,26.176,48.8436,54.2173,102.8621,13.088,0.0,3.731508,7.079487,1.545355,30,207,63,6,0.32204186,0.01770420,-0.00338982,0E-8,0.000000,0.904812,0.002133,0.03111404,2026-03-21,2026-08-06,120,3733,1703,139,0.863309,1.227414,1.154177,1.073473,,,,,,,,GLOBAL_BASELINE_NO_ENTITY_RANKING,,,NOT_APPLICABLE_GLOBAL_BASELINE,HF9g-P5,,,,X 全窗基线 · 不参与实体赏罚,15053388,1506,A168_HF9F_20260827_0900,2026-08-27 09:00:00
2026-06-28,127529701,1330,0,93.8617018541,91.2258595417,91.2258595417,1.0000000,4,4,0.49994810000000000,0.499948100000,2.0002076107755586,2.0002076107755586,2.0002076107755586,0E-17,ELIGIBLE,R03b_20260811_FULL_v1,L1_ELIGIBILITY,v2026-08-11,2026-03-21..2026-08-06,baccarat_bet02_101_all_pairs_incl_sentinel,round_win = game_pnl > 0 (decisive only),COMPATIBILITY_ONLY_NOT_PRODUCTION,557989.4742,504875.3716,9878.7574,24851,24505,-0.01770420,0.00338982,-0.02772422,-0.01770420,-9878.7574,557989.4742,OK,0.0000,395.1503,4.0000,96.0000,AG03-UNRESOLVED,ALL5_LEVELS_bet23_to_bet27,395.1503,395.1503,395.1503,0.0000,0.0000,4.000000,4.000000,4.000000,0.000000,0.000000,96.000000,96.000000,96.000000,100.000000,100.000000,5.0,1185.4509,1138.6651,8693.3065,8740.0923,PENDING_AG03,FALSE,NOT_FOR_ENFORCEMENT,9483.6071,484680.3568,9878.7574,9483.6071,395.1503,0.01770420,0.01699603,395.1503,9483.6071,0.01699603,395.1503,395.1503,395.1503,0.0000,0.0000,9483.6071,0.01699603,1185.4509,1138.6651,8693.3065,8740.0923,0.01557970,0.01566354,0.00070817,22.4534,20.6030,0.4031,82.3230,2.6463,4649.9123,204.2083,25.9152,21.1137,12.8578,14.5296,26.176,48.8436,54.2173,102.8621,13.088,0.0,3.731508,7.079487,1.545355,30,207,63,6,0.32204186,0.01770420,-0.00338982,0E-8,0.000000,0.904812,0.002133,0.03111404,2026-03-21,2026-08-06,120,3733,1703,139,0.863309,1.227414,1.154177,1.073473,,,,,,,,GLOBAL_BASELINE_NO_ENTITY_RANKING,,,NOT_APPLICABLE_GLOBAL_BASELINE,HF9g-P5,,,,X 全窗基线 · 不参与实体赏罚,15053389,1506,A168_HF9F_20260827_0900,2026-08-27 09:00:00
2026-06-28,127529701,1405,0,322.2156504746,-128.3590917274,-128.3590917274,0.3333333,9,9,0.50218230000000000,0.502182300000,-1.0131034497211469,-1.0131034497211469,-1.0131034497211469,0E-17,ELIGIBLE,R03b_20260811_FULL_v1,L1_ELIGIBILITY,v2026-08-11,2026-03-21..2026-08-06,baccarat_bet02_101_all_pairs_incl_sentinel,round_win = game_pnl > 0 (decisive only),COMPATIBILITY_ONLY_NOT_PRODUCTION,557989.4742,504875.3716,9878.7574,24851,24505,-0.01770420,0.00338982,-0.02772422,-0.01770420,-9878.7574,557989.4742,OK,0.0000,395.1503,4.0000,96.0000,AG03-UNRESOLVED,ALL5_LEVELS_bet23_to_bet27,395.1503,395.1503,395.1503,0.0000,0.0000,4.000000,4.000000,4.000000,0.000000,0.000000,96.000000,96.000000,96.000000,100.000000,100.000000,5.0,1185.4509,1138.6651,8693.3065,8740.0923,PENDING_AG03,FALSE,NOT_FOR_ENFORCEMENT,9483.6071,484680.3568,9878.7574,9483.6071,395.1503,0.01770420,0.01699603,395.1503,9483.6071,0.01699603,395.1503,395.1503,395.1503,0.0000,0.0000,9483.6071,0.01699603,1185.4509,1138.6651,8693.3065,8740.0923,0.01557970,0.01566354,0.00070817,22.4534,20.6030,0.4031,82.3230,2.6463,4649.9123,204.2083,25.9152,21.1137,12.8578,14.5296,26.176,48.8436,54.2173,102.8621,13.088,0.0,3.731508,7.079487,1.545355,30,207,63,6,0.32204186,0.01770420,-0.00338982,0E-8,0.000000,0.904812,0.002133,0.03111404,2026-03-21,2026-08-06,120,3733,1703,139,0.863309,1.227414,1.154177,1.073473,,,,,,,,GLOBAL_BASELINE_NO_ENTITY_RANKING,,,NOT_APPLICABLE_GLOBAL_BASELINE,HF9g-P5,,,,X 全窗基线 · 不参与实体赏罚,15053390,1506,A168_HF9F_20260827_0900,2026-08-27 09:00:00
2026-06-28,127529701,1490,0,12.8577673773,-12.8577673773,-12.8577673773,0E-7,1,1,0.49324550000000000,0.493245500000,-0.9865810262130424,-0.9865810262130424,-0.9865810262130424,0E-17,ELIGIBLE,R03b_20260811_FULL_v1,L1_ELIGIBILITY,v2026-08-11,2026-03-21..2026-08-06,baccarat_bet02_101_all_pairs_incl_sentinel,round_win = game_pnl > 0 (decisive only),COMPATIBILITY_ONLY_NOT_PRODUCTION,557989.4742,504875.3716,9878.7574,24851,24505,-0.01770420,0.00338982,-0.02772422,-0.01770420,-9878.7574,557989.4742,OK,0.0000,395.1503,4.0000,96.0000,AG03-UNRESOLVED,ALL5_LEVELS_bet23_to_bet27,395.1503,395.1503,395.1503,0.0000,0.0000,4.000000,4.000000,4.000000,0.000000,0.000000,96.000000,96.000000,96.000000,100.000000,100.000000,5.0,1185.4509,1138.6651,8693.3065,8740.0923,PENDING_AG03,FALSE,NOT_FOR_ENFORCEMENT,9483.6071,484680.3568,9878.7574,9483.6071,395.1503,0.01770420,0.01699603,395.1503,9483.6071,0.01699603,395.1503,395.1503,395.1503,0.0000,0.0000,9483.6071,0.01699603,1185.4509,1138.6651,8693.3065,8740.0923,0.01557970,0.01566354,0.00070817,22.4534,20.6030,0.4031,82.3230,2.6463,4649.9123,204.2083,25.9152,21.1137,12.8578,14.5296,26.176,48.8436,54.2173,102.8621,13.088,0.0,3.731508,7.079487,1.545355,30,207,63,6,0.32204186,0.01770420,-0.00338982,0E-8,0.000000,0.904812,0.002133,0.03111404,2026-03-21,2026-08-06,120,3733,1703,139,0.863309,1.227414,1.154177,1.073473,,,,,,,,GLOBAL_BASELINE_NO_ENTITY_RANKING,,,NOT_APPLICABLE_GLOBAL_BASELINE,HF9g-P5,,,,X 全窗基线 · 不参与实体赏罚,15053391,1506,A168_HF9F_20260827_0900,2026-08-27 09:00:00
2026-06-28,127529701,1623,0,186.4376269705,102.7978501813,102.7978501813,0.7142857,7,7,0.50090561428571429,0.500905614286,1.129103210700875,1.1291032106993646,1.129103210700875,-2.8571E-13,ELIGIBLE,R03b_20260811_FULL_v1,L1_ELIGIBILITY,v2026-08-11,2026-03-21..2026-08-06,baccarat_bet02_101_all_pairs_incl_sentinel,round_win = game_pnl > 0 (decisive only),COMPATIBILITY_ONLY_NOT_PRODUCTION,557989.4742,504875.3716,9878.7574,24851,24505,-0.01770420,0.00338982,-0.02772422,-0.01770420,-9878.7574,557989.4742,OK,0.0000,395.1503,4.0000,96.0000,AG03-UNRESOLVED,ALL5_LEVELS_bet23_to_bet27,395.1503,395.1503,395.1503,0.0000,0.0000,4.000000,4.000000,4.000000,0.000000,0.000000,96.000000,96.000000,96.000000,100.000000,100.000000,5.0,1185.4509,1138.6651,8693.3065,8740.0923,PENDING_AG03,FALSE,NOT_FOR_ENFORCEMENT,9483.6071,484680.3568,9878.7574,9483.6071,395.1503,0.01770420,0.01699603,395.1503,9483.6071,0.01699603,395.1503,395.1503,395.1503,0.0000,0.0000,9483.6071,0.01699603,1185.4509,1138.6651,8693.3065,8740.0923,0.01557970,0.01566354,0.00070817,22.4534,20.6030,0.4031,82.3230,2.6463,4649.9123,204.2083,25.9152,21.1137,12.8578,14.5296,26.176,48.8436,54.2173,102.8621,13.088,0.0,3.731508,7.079487,1.545355,30,207,63,6,0.32204186,0.01770420,-0.00338982,0E-8,0.000000,0.904812,0.002133,0.03111404,2026-03-21,2026-08-06,120,3733,1703,139,0.863309,1.227414,1.154177,1.073473,,,,,,,,GLOBAL_BASELINE_NO_ENTITY_RANKING,,,NOT_APPLICABLE_GLOBAL_BASELINE,HF9g-P5,,,,X 全窗基线 · 不参与实体赏罚,15053392,1506,A168_HF9F_20260827_0900,2026-08-27 09:00:00
2026-06-28,127529701,1750,0,270.0131149226,-3.8573302132,-3.8573302132,0.3750000,9,9,0.50069283333333333,0.500692833333,-0.7110267209840203,-0.7110267209821342,-0.7110267209840203,3.3333E-13,ELIGIBLE,R03b_20260811_FULL_v1,L1_ELIGIBILITY,v2026-08-11,2026-03-21..2026-08-06,baccarat_bet02_101_all_pairs_incl_sentinel,round_win = game_pnl > 0 (decisive only),COMPATIBILITY_ONLY_NOT_PRODUCTION,557989.4742,504875.3716,9878.7574,24851,24505,-0.01770420,0.00338982,-0.02772422,-0.01770420,-9878.7574,557989.4742,OK,0.0000,395.1503,4.0000,96.0000,AG03-UNRESOLVED,ALL5_LEVELS_bet23_to_bet27,395.1503,395.1503,395.1503,0.0000,0.0000,4.000000,4.000000,4.000000,0.000000,0.000000,96.000000,96.000000,96.000000,100.000000,100.000000,5.0,1185.4509,1138.6651,8693.3065,8740.0923,PENDING_AG03,FALSE,NOT_FOR_ENFORCEMENT,9483.6071,484680.3568,9878.7574,9483.6071,395.1503,0.01770420,0.01699603,395.1503,9483.6071,0.01699603,395.1503,395.1503,395.1503,0.0000,0.0000,9483.6071,0.01699603,1185.4509,1138.6651,8693.3065,8740.0923,0.01557970,0.01566354,0.00070817,22.4534,20.6030,0.4031,82.3230,2.6463,4649.9123,204.2083,25.9152,21.1137,12.8578,14.5296,26.176,48.8436,54.2173,102.8621,13.088,0.0,3.731508,7.079487,1.545355,30,207,63,6,0.32204186,0.01770420,-0.00338982,0E-8,0.000000,0.904812,0.002133,0.03111404,2026-03-21,2026-08-06,120,3733,1703,139,0.863309,1.227414,1.154177,1.073473,,,,,,,,GLOBAL_BASELINE_NO_ENTITY_RANKING,,,NOT_APPLICABLE_GLOBAL_BASELINE,HF9g-P5,,,,X 全窗基线 · 不参与实体赏罚,15053393,1506,A168_HF9F_20260827_0900,2026-08-27 09:00:00
2026-06-28,127529701,1947,0,416.5916630235,227.0681718827,227.0681718827,0.7777778,10,10,0.50262914000000000,0.502629140000,1.65091465031381,1.6509146503138101,1.65091465031381,0E-17,ELIGIBLE,R03b_20260811_FULL_v1,L1_ELIGIBILITY,v2026-08-11,2026-03-21..2026-08-06,baccarat_bet02_101_all_pairs_incl_sentinel,round_win = game_pnl > 0 (decisive only),COMPATIBILITY_ONLY_NOT_PRODUCTION,557989.4742,504875.3716,9878.7574,24851,24505,-0.01770420,0.00338982,-0.02772422,-0.01770420,-9878.7574,557989.4742,OK,0.0000,395.1503,4.0000,96.0000,AG03-UNRESOLVED,ALL5_LEVELS_bet23_to_bet27,395.1503,395.1503,395.1503,0.0000,0.0000,4.000000,4.000000,4.000000,0.000000,0.000000,96.000000,96.000000,96.000000,100.000000,100.000000,5.0,1185.4509,1138.6651,8693.3065,8740.0923,PENDING_AG03,FALSE,NOT_FOR_ENFORCEMENT,9483.6071,484680.3568,9878.7574,9483.6071,395.1503,0.01770420,0.01699603,395.1503,9483.6071,0.01699603,395.1503,395.1503,395.1503,0.0000,0.0000,9483.6071,0.01699603,1185.4509,1138.6651,8693.3065,8740.0923,0.01557970,0.01566354,0.00070817,22.4534,20.6030,0.4031,82.3230,2.6463,4649.9123,204.2083,25.9152,21.1137,12.8578,14.5296,26.176,48.8436,54.2173,102.8621,13.088,0.0,3.731508,7.079487,1.545355,30,207,63,6,0.32204186,0.01770420,-0.00338982,0E-8,0.000000,0.904812,0.002133,0.03111404,2026-03-21,2026-08-06,120,3733,1703,139,0.863309,1.227414,1.154177,1.073473,,,,,,,,GLOBAL_BASELINE_NO_ENTITY_RANKING,,,NOT_APPLICABLE_GLOBAL_BASELINE,HF9g-P5,,,,X 全窗基线 · 不参与实体赏罚,15053394,1506,A168_HF9F_20260827_0900,2026-08-27 09:00:00
2026-06-28,127529701,1957,0,2.5715534755,-2.5715534755,-2.5715534755,0E-7,1,1,0.49324550000000000,0.493245500000,-0.9865810262130424,-0.9865810262130424,-0.9865810262130424,0E-17,ELIGIBLE,R03b_20260811_FULL_v1,L1_ELIGIBILITY,v2026-08-11,2026-03-21..2026-08-06,baccarat_bet02_101_all_pairs_incl_sentinel,round_win = game_pnl > 0 (decisive only),COMPATIBILITY_ONLY_NOT_PRODUCTION,557989.4742,504875.3716,9878.7574,24851,24505,-0.01770420,0.00338982,-0.02772422,-0.01770420,-9878.7574,557989.4742,OK,0.0000,395.1503,4.0000,96.0000,AG03-UNRESOLVED,ALL5_LEVELS_bet23_to_bet27,395.1503,395.1503,395.1503,0.0000,0.0000,4.000000,4.000000,4.000000,0.000000,0.000000,96.000000,96.000000,96.000000,100.000000,100.000000,5.0,1185.4509,1138.6651,8693.3065,8740.0923,PENDING_AG03,FALSE,NOT_FOR_ENFORCEMENT,9483.6071,484680.3568,9878.7574,9483.6071,395.1503,0.01770420,0.01699603,395.1503,9483.6071,0.01699603,395.1503,395.1503,395.1503,0.0000,0.0000,9483.6071,0.01699603,1185.4509,1138.6651,8693.3065,8740.0923,0.01557970,0.01566354,0.00070817,22.4534,20.6030,0.4031,82.3230,2.6463,4649.9123,204.2083,25.9152,21.1137,12.8578,14.5296,26.176,48.8436,54.2173,102.8621,13.088,0.0,3.731508,7.079487,1.545355,30,207,63,6,0.32204186,0.01770420,-0.00338982,0E-8,0.000000,0.904812,0.002133,0.03111404,2026-03-21,2026-08-06,120,3733,1703,139,0.863309,1.227414,1.154177,1.073473,,,,,,,,GLOBAL_BASELINE_NO_ENTITY_RANKING,,,NOT_APPLICABLE_GLOBAL_BASELINE,HF9g-P5,,,,X 全窗基线 · 不参与实体赏罚,15053395,1506,A168_HF9F_20260827_0900,2026-08-27 09:00:00
2026-06-28,127529701,2093,0,25.7155347545,-25.7155347545,-25.7155347545,0E-7,1,1,0.50665070000000000,0.506650700000,-1.013391052207602,-1.013391052207602,-1.013391052207602,0E-17,ELIGIBLE,R03b_20260811_FULL_v1,L1_ELIGIBILITY,v2026-08-11,2026-03-21..2026-08-06,baccarat_bet02_101_all_pairs_incl_sentinel,round_win = game_pnl > 0 (decisive only),COMPATIBILITY_ONLY_NOT_PRODUCTION,557989.4742,504875.3716,9878.7574,24851,24505,-0.01770420,0.00338982,-0.02772422,-0.01770420,-9878.7574,557989.4742,OK,0.0000,395.1503,4.0000,96.0000,AG03-UNRESOLVED,ALL5_LEVELS_bet23_to_bet27,395.1503,395.1503,395.1503,0.0000,0.0000,4.000000,4.000000,4.000000,0.000000,0.000000,96.000000,96.000000,96.000000,100.000000,100.000000,5.0,1185.4509,1138.6651,8693.3065,8740.0923,PENDING_AG03,FALSE,NOT_FOR_ENFORCEMENT,9483.6071,484680.3568,9878.7574,9483.6071,395.1503,0.01770420,0.01699603,395.1503,9483.6071,0.01699603,395.1503,395.1503,395.1503,0.0000,0.0000,9483.6071,0.01699603,1185.4509,1138.6651,8693.3065,8740.0923,0.01557970,0.01566354,0.00070817,22.4534,20.6030,0.4031,82.3230,2.6463,4649.9123,204.2083,25.9152,21.1137,12.8578,14.5296,26.176,48.8436,54.2173,102.8621,13.088,0.0,3.731508,7.079487,1.545355,30,207,63,6,0.32204186,0.01770420,-0.00338982,0E-8,0.000000,0.904812,0.002133,0.03111404,2026-03-21,2026-08-06,120,3733,1703,139,0.863309,1.227414,1.154177,1.073473,,,,,,,,GLOBAL_BASELINE_NO_ENTITY_RANKING,,,NOT_APPLICABLE_GLOBAL_BASELINE,HF9g-P5,,,,X 全窗基线 · 不参与实体赏罚,15053396,1506,A168_HF9F_20260827_0900,2026-08-27 09:00:00
2026-06-28,127529701,2103,0,239.1544732173,-84.8612646899,-84.8612646899,0.2000000,7,7,0.50090561428571429,0.500905614286,-1.3456930240160987,-1.3456930240173777,-1.3456930240160987,-2.8571E-13,ELIGIBLE,R03b_20260811_FULL_v1,L1_ELIGIBILITY,v2026-08-11,2026-03-21..2026-08-06,baccarat_bet02_101_all_pairs_incl_sentinel,round_win = game_pnl > 0 (decisive only),COMPATIBILITY_ONLY_NOT_PRODUCTION,557989.4742,504875.3716,9878.7574,24851,24505,-0.01770420,0.00338982,-0.02772422,-0.01770420,-9878.7574,557989.4742,OK,0.0000,395.1503,4.0000,96.0000,AG03-UNRESOLVED,ALL5_LEVELS_bet23_to_bet27,395.1503,395.1503,395.1503,0.0000,0.0000,4.000000,4.000000,4.000000,0.000000,0.000000,96.000000,96.000000,96.000000,100.000000,100.000000,5.0,1185.4509,1138.6651,8693.3065,8740.0923,PENDING_AG03,FALSE,NOT_FOR_ENFORCEMENT,9483.6071,484680.3568,9878.7574,9483.6071,395.1503,0.01770420,0.01699603,395.1503,9483.6071,0.01699603,395.1503,395.1503,395.1503,0.0000,0.0000,9483.6071,0.01699603,1185.4509,1138.6651,8693.3065,8740.0923,0.01557970,0.01566354,0.00070817,22.4534,20.6030,0.4031,82.3230,2.6463,4649.9123,204.2083,25.9152,21.1137,12.8578,14.5296,26.176,48.8436,54.2173,102.8621,13.088,0.0,3.731508,7.079487,1.545355,30,207,63,6,0.32204186,0.01770420,-0.00338982,0E-8,0.000000,0.904812,0.002133,0.03111404,2026-03-21,2026-08-06,120,3733,1703,139,0.863309,1.227414,1.154177,1.073473,,,,,,,,GLOBAL_BASELINE_NO_ENTITY_RANKING,,,NOT_APPLICABLE_GLOBAL_BASELINE,HF9g-P5,,,,X 全窗基线 · 不参与实体赏罚,15053397,1506,A168_HF9F_20260827_0900,2026-08-27 09:00:00
2026-06-28,127529701,2106,0,311.6722812250,-168.1795972947,-168.1795972947,0.3333333,12,12,0.49994810000000000,0.499948100000,-1.154340970850289,-1.154340970850289,-1.154340970850289,0E-17,ELIGIBLE,R03b_20260811_FULL_v1,L1_ELIGIBILITY,v2026-08-11,2026-03-21..2026-08-06,baccarat_bet02_101_all_pairs_incl_sentinel,round_win = game_pnl > 0 (decisive only),COMPATIBILITY_ONLY_NOT_PRODUCTION,557989.4742,504875.3716,9878.7574,24851,24505,-0.01770420,0.00338982,-0.02772422,-0.01770420,-9878.7574,557989.4742,OK,0.0000,395.1503,4.0000,96.0000,AG03-UNRESOLVED,ALL5_LEVELS_bet23_to_bet27,395.1503,395.1503,395.1503,0.0000,0.0000,4.000000,4.000000,4.000000,0.000000,0.000000,96.000000,96.000000,96.000000,100.000000,100.000000,5.0,1185.4509,1138.6651,8693.3065,8740.0923,PENDING_AG03,FALSE,NOT_FOR_ENFORCEMENT,9483.6071,484680.3568,9878.7574,9483.6071,395.1503,0.01770420,0.01699603,395.1503,9483.6071,0.01699603,395.1503,395.1503,395.1503,0.0000,0.0000,9483.6071,0.01699603,1185.4509,1138.6651,8693.3065,8740.0923,0.01557970,0.01566354,0.00070817,22.4534,20.6030,0.4031,82.3230,2.6463,4649.9123,204.2083,25.9152,21.1137,12.8578,14.5296,26.176,48.8436,54.2173,102.8621,13.088,0.0,3.731508,7.079487,1.545355,30,207,63,6,0.32204186,0.01770420,-0.00338982,0E-8,0.000000,0.904812,0.002133,0.03111404,2026-03-21,2026-08-06,120,3733,1703,139,0.863309,1.227414,1.154177,1.073473,,,,,,,,GLOBAL_BASELINE_NO_ENTITY_RANKING,,,NOT_APPLICABLE_GLOBAL_BASELINE,HF9g-P5,,,,X 全窗基线 · 不参与实体赏罚,15053398,1506,A168_HF9F_20260827_0900,2026-08-27 09:00:00
2026-06-28,127529701,2108,0,108.0052459691,-108.0052459691,-108.0052459691,0E-7,4,4,0.50329940000000000,0.503299400000,-2.013241432932159,-2.013241432932159,-2.013241432932159,0E-17,ELIGIBLE,R03b_20260811_FULL_v1,L1_ELIGIBILITY,v2026-08-11,2026-03-21..2026-08-06,baccarat_bet02_101_all_pairs_incl_sentinel,round_win = game_pnl > 0 (decisive only),COMPATIBILITY_ONLY_NOT_PRODUCTION,557989.4742,504875.3716,9878.7574,24851,24505,-0.01770420,0.00338982,-0.02772422,-0.01770420,-9878.7574,557989.4742,OK,0.0000,395.1503,4.0000,96.0000,AG03-UNRESOLVED,ALL5_LEVELS_bet23_to_bet27,395.1503,395.1503,395.1503,0.0000,0.0000,4.000000,4.000000,4.000000,0.000000,0.000000,96.000000,96.000000,96.000000,100.000000,100.000000,5.0,1185.4509,1138.6651,8693.3065,8740.0923,PENDING_AG03,FALSE,NOT_FOR_ENFORCEMENT,9483.6071,484680.3568,9878.7574,9483.6071,395.1503,0.01770420,0.01699603,395.1503,9483.6071,0.01699603,395.1503,395.1503,395.1503,0.0000,0.0000,9483.6071,0.01699603,1185.4509,1138.6651,8693.3065,8740.0923,0.01557970,0.01566354,0.00070817,22.4534,20.6030,0.4031,82.3230,2.6463,4649.9123,204.2083,25.9152,21.1137,12.8578,14.5296,26.176,48.8436,54.2173,102.8621,13.088,0.0,3.731508,7.079487,1.545355,30,207,63,6,0.32204186,0.01770420,-0.00338982,0E-8,0.000000,0.904812,0.002133,0.03111404,2026-03-21,2026-08-06,120,3733,1703,139,0.863309,1.227414,1.154177,1.073473,,,,,,,,GLOBAL_BASELINE_NO_ENTITY_RANKING,,,NOT_APPLICABLE_GLOBAL_BASELINE,HF9g-P5,,,,X 全窗基线 · 不参与实体赏罚,15053399,1506,A168_HF9F_20260827_0900,2026-08-27 09:00:00
2026-06-28,127529701,2141,0,10.2862139018,-10.2862139018,-10.2862139018,0E-7,1,1,0.49324550000000000,0.493245500000,-0.9865810262130424,-0.9865810262130424,-0.9865810262130424,0E-17,ELIGIBLE,R03b_20260811_FULL_v1,L1_ELIGIBILITY,v2026-08-11,2026-03-21..2026-08-06,baccarat_bet02_101_all_pairs_incl_sentinel,round_win = game_pnl > 0 (decisive only),COMPATIBILITY_ONLY_NOT_PRODUCTION,557989.4742,504875.3716,9878.7574,24851,24505,-0.01770420,0.00338982,-0.02772422,-0.01770420,-9878.7574,557989.4742,OK,0.0000,395.1503,4.0000,96.0000,AG03-UNRESOLVED,ALL5_LEVELS_bet23_to_bet27,395.1503,395.1503,395.1503,0.0000,0.0000,4.000000,4.000000,4.000000,0.000000,0.000000,96.000000,96.000000,96.000000,100.000000,100.000000,5.0,1185.4509,1138.6651,8693.3065,8740.0923,PENDING_AG03,FALSE,NOT_FOR_ENFORCEMENT,9483.6071,484680.3568,9878.7574,9483.6071,395.1503,0.01770420,0.01699603,395.1503,9483.6071,0.01699603,395.1503,395.1503,395.1503,0.0000,0.0000,9483.6071,0.01699603,1185.4509,1138.6651,8693.3065,8740.0923,0.01557970,0.01566354,0.00070817,22.4534,20.6030,0.4031,82.3230,2.6463,4649.9123,204.2083,25.9152,21.1137,12.8578,14.5296,26.176,48.8436,54.2173,102.8621,13.088,0.0,3.731508,7.079487,1.545355,30,207,63,6,0.32204186,0.01770420,-0.00338982,0E-8,0.000000,0.904812,0.002133,0.03111404,2026-03-21,2026-08-06,120,3733,1703,139,0.863309,1.227414,1.154177,1.073473,,,,,,,,GLOBAL_BASELINE_NO_ENTITY_RANKING,,,NOT_APPLICABLE_GLOBAL_BASELINE,HF9g-P5,,,,X 全窗基线 · 不参与实体赏罚,15053400,1506,A168_HF9F_20260827_0900,2026-08-27 09:00:00
2026-06-28,127529701,2152,0,25.7155347545,24.4297580168,24.4297580168,1.0000000,1,1,0.50665070000000000,0.506650700000,0.9867858985152569,0.9867858985152569,0.9867858985152569,0E-17,ELIGIBLE,R03b_20260811_FULL_v1,L1_ELIGIBILITY,v2026-08-11,2026-03-21..2026-08-06,baccarat_bet02_101_all_pairs_incl_sentinel,round_win = game_pnl > 0 (decisive only),COMPATIBILITY_ONLY_NOT_PRODUCTION,557989.4742,504875.3716,9878.7574,24851,24505,-0.01770420,0.00338982,-0.02772422,-0.01770420,-9878.7574,557989.4742,OK,0.0000,395.1503,4.0000,96.0000,AG03-UNRESOLVED,ALL5_LEVELS_bet23_to_bet27,395.1503,395.1503,395.1503,0.0000,0.0000,4.000000,4.000000,4.000000,0.000000,0.000000,96.000000,96.000000,96.000000,100.000000,100.000000,5.0,1185.4509,1138.6651,8693.3065,8740.0923,PENDING_AG03,FALSE,NOT_FOR_ENFORCEMENT,9483.6071,484680.3568,9878.7574,9483.6071,395.1503,0.01770420,0.01699603,395.1503,9483.6071,0.01699603,395.1503,395.1503,395.1503,0.0000,0.0000,9483.6071,0.01699603,1185.4509,1138.6651,8693.3065,8740.0923,0.01557970,0.01566354,0.00070817,22.4534,20.6030,0.4031,82.3230,2.6463,4649.9123,204.2083,25.9152,21.1137,12.8578,14.5296,26.176,48.8436,54.2173,102.8621,13.088,0.0,3.731508,7.079487,1.545355,30,207,63,6,0.32204186,0.01770420,-0.00338982,0E-8,0.000000,0.904812,0.002133,0.03111404,2026-03-21,2026-08-06,120,3733,1703,139,0.863309,1.227414,1.154177,1.073473,,,,,,,,GLOBAL_BASELINE_NO_ENTITY_RANKING,,,NOT_APPLICABLE_GLOBAL_BASELINE,HF9g-P5,,,,X 全窗基线 · 不参与实体赏罚,15053401,1506,A168_HF9F_20260827_0900,2026-08-27 09:00:00
2026-06-28,127529701,2160,0,28.2870882300,10.2862139018,10.2862139018,1.0000000,2,2,0.49994810000000000,0.499948100000,1.0001038053877793,1.0001038053877793,1.0001038053877793,0E-17,ELIGIBLE,R03b_20260811_FULL_v1,L1_ELIGIBILITY,v2026-08-11,2026-03-21..2026-08-06,baccarat_bet02_101_all_pairs_incl_sentinel,round_win = game_pnl > 0 (decisive only),COMPATIBILITY_ONLY_NOT_PRODUCTION,557989.4742,504875.3716,9878.7574,24851,24505,-0.01770420,0.00338982,-0.02772422,-0.01770420,-9878.7574,557989.4742,OK,0.0000,395.1503,4.0000,96.0000,AG03-UNRESOLVED,ALL5_LEVELS_bet23_to_bet27,395.1503,395.1503,395.1503,0.0000,0.0000,4.000000,4.000000,4.000000,0.000000,0.000000,96.000000,96.000000,96.000000,100.000000,100.000000,5.0,1185.4509,1138.6651,8693.3065,8740.0923,PENDING_AG03,FALSE,NOT_FOR_ENFORCEMENT,9483.6071,484680.3568,9878.7574,9483.6071,395.1503,0.01770420,0.01699603,395.1503,9483.6071,0.01699603,395.1503,395.1503,395.1503,0.0000,0.0000,9483.6071,0.01699603,1185.4509,1138.6651,8693.3065,8740.0923,0.01557970,0.01566354,0.00070817,22.4534,20.6030,0.4031,82.3230,2.6463,4649.9123,204.2083,25.9152,21.1137,12.8578,14.5296,26.176,48.8436,54.2173,102.8621,13.088,0.0,3.731508,7.079487,1.545355,30,207,63,6,0.32204186,0.01770420,-0.00338982,0E-8,0.000000,0.904812,0.002133,0.03111404,2026-03-21,2026-08-06,120,3733,1703,139,0.863309,1.227414,1.154177,1.073473,,,,,,,,GLOBAL_BASELINE_NO_ENTITY_RANKING,,,NOT_APPLICABLE_GLOBAL_BASELINE,HF9g-P5,,,,X 全窗基线 · 不参与实体赏罚,15053402,1506,A168_HF9F_20260827_0900,2026-08-27 09:00:00
2026-06-28,127529701,2167,0,115.7199063955,12.8577673773,12.8577673773,0.5000000,6,6,0.49771390000000000,0.497713900000,0.009144495583398339,0.009144495583398339,0.009144495583398339,0E-17,ELIGIBLE,R03b_20260811_FULL_v1,L1_ELIGIBILITY,v2026-08-11,2026-03-21..2026-08-06,baccarat_bet02_101_all_pairs_incl_sentinel,round_win = game_pnl > 0 (decisive only),COMPATIBILITY_ONLY_NOT_PRODUCTION,557989.4742,504875.3716,9878.7574,24851,24505,-0.01770420,0.00338982,-0.02772422,-0.01770420,-9878.7574,557989.4742,OK,0.0000,395.1503,4.0000,96.0000,AG03-UNRESOLVED,ALL5_LEVELS_bet23_to_bet27,395.1503,395.1503,395.1503,0.0000,0.0000,4.000000,4.000000,4.000000,0.000000,0.000000,96.000000,96.000000,96.000000,100.000000,100.000000,5.0,1185.4509,1138.6651,8693.3065,8740.0923,PENDING_AG03,FALSE,NOT_FOR_ENFORCEMENT,9483.6071,484680.3568,9878.7574,9483.6071,395.1503,0.01770420,0.01699603,395.1503,9483.6071,0.01699603,395.1503,395.1503,395.1503,0.0000,0.0000,9483.6071,0.01699603,1185.4509,1138.6651,8693.3065,8740.0923,0.01557970,0.01566354,0.00070817,22.4534,20.6030,0.4031,82.3230,2.6463,4649.9123,204.2083,25.9152,21.1137,12.8578,14.5296,26.176,48.8436,54.2173,102.8621,13.088,0.0,3.731508,7.079487,1.545355,30,207,63,6,0.32204186,0.01770420,-0.00338982,0E-8,0.000000,0.904812,0.002133,0.03111404,2026-03-21,2026-08-06,120,3733,1703,139,0.863309,1.227414,1.154177,1.073473,,,,,,,,GLOBAL_BASELINE_NO_ENTITY_RANKING,,,NOT_APPLICABLE_GLOBAL_BASELINE,HF9g-P5,,,,X 全窗基线 · 不参与实体赏罚,15053403,1506,A168_HF9F_20260827_0900,2026-08-27 09:00:00
2026-06-28,127529701,2174,0,72.0034973128,-27.0013114923,-27.0013114923,0E-7,3,3,0.50665070000000000,0.506650700000,-1.013391052207602,-1.013391052207602,-1.013391052207602,0E-17,ELIGIBLE,R03b_20260811_FULL_v1,L1_ELIGIBILITY,v2026-08-11,2026-03-21..2026-08-06,baccarat_bet02_101_all_pairs_incl_sentinel,round_win = game_pnl > 0 (decisive only),COMPATIBILITY_ONLY_NOT_PRODUCTION,557989.4742,504875.3716,9878.7574,24851,24505,-0.01770420,0.00338982,-0.02772422,-0.01770420,-9878.7574,557989.4742,OK,0.0000,395.1503,4.0000,96.0000,AG03-UNRESOLVED,ALL5_LEVELS_bet23_to_bet27,395.1503,395.1503,395.1503,0.0000,0.0000,4.000000,4.000000,4.000000,0.000000,0.000000,96.000000,96.000000,96.000000,100.000000,100.000000,5.0,1185.4509,1138.6651,8693.3065,8740.0923,PENDING_AG03,FALSE,NOT_FOR_ENFORCEMENT,9483.6071,484680.3568,9878.7574,9483.6071,395.1503,0.01770420,0.01699603,395.1503,9483.6071,0.01699603,395.1503,395.1503,395.1503,0.0000,0.0000,9483.6071,0.01699603,1185.4509,1138.6651,8693.3065,8740.0923,0.01557970,0.01566354,0.00070817,22.4534,20.6030,0.4031,82.3230,2.6463,4649.9123,204.2083,25.9152,21.1137,12.8578,14.5296,26.176,48.8436,54.2173,102.8621,13.088,0.0,3.731508,7.079487,1.545355,30,207,63,6,0.32204186,0.01770420,-0.00338982,0E-8,0.000000,0.904812,0.002133,0.03111404,2026-03-21,2026-08-06,120,3733,1703,139,0.863309,1.227414,1.154177,1.073473,,,,,,,,GLOBAL_BASELINE_NO_ENTITY_RANKING,,,NOT_APPLICABLE_GLOBAL_BASELINE,HF9g-P5,,,,X 全窗基线 · 不参与实体赏罚,15053404,1506,A168_HF9F_20260827_0900,2026-08-27 09:00:00
2026-06-28,127529701,2196,0,14.1435441150,13.4363669092,13.4363669092,1.0000000,1,1,0.50665070000000000,0.506650700000,0.9867858985152569,0.9867858985152569,0.9867858985152569,0E-17,ELIGIBLE,R03b_20260811_FULL_v1,L1_ELIGIBILITY,v2026-08-11,2026-03-21..2026-08-06,baccarat_bet02_101_all_pairs_incl_sentinel,round_win = game_pnl > 0 (decisive only),COMPATIBILITY_ONLY_NOT_PRODUCTION,557989.4742,504875.3716,9878.7574,24851,24505,-0.01770420,0.00338982,-0.02772422,-0.01770420,-9878.7574,557989.4742,OK,0.0000,395.1503,4.0000,96.0000,AG03-UNRESOLVED,ALL5_LEVELS_bet23_to_bet27,395.1503,395.1503,395.1503,0.0000,0.0000,4.000000,4.000000,4.000000,0.000000,0.000000,96.000000,96.000000,96.000000,100.000000,100.000000,5.0,1185.4509,1138.6651,8693.3065,8740.0923,PENDING_AG03,FALSE,NOT_FOR_ENFORCEMENT,9483.6071,484680.3568,9878.7574,9483.6071,395.1503,0.01770420,0.01699603,395.1503,9483.6071,0.01699603,395.1503,395.1503,395.1503,0.0000,0.0000,9483.6071,0.01699603,1185.4509,1138.6651,8693.3065,8740.0923,0.01557970,0.01566354,0.00070817,22.4534,20.6030,0.4031,82.3230,2.6463,4649.9123,204.2083,25.9152,21.1137,12.8578,14.5296,26.176,48.8436,54.2173,102.8621,13.088,0.0,3.731508,7.079487,1.545355,30,207,63,6,0.32204186,0.01770420,-0.00338982,0E-8,0.000000,0.904812,0.002133,0.03111404,2026-03-21,2026-08-06,120,3733,1703,139,0.863309,1.227414,1.154177,1.073473,,,,,,,,GLOBAL_BASELINE_NO_ENTITY_RANKING,,,NOT_APPLICABLE_GLOBAL_BASELINE,HF9g-P5,,,,X 全窗基线 · 不参与实体赏罚,15053405,1506,A168_HF9F_20260827_0900,2026-08-27 09:00:00
2026-06-28,127529701,2212,0,511.7391416155,-51.4310695092,-51.4310695092,0.3076923,13,13,0.50149485384615385,0.501494853846,-1.3975362807959593,-1.3975362807948484,-1.3975362807959593,1.5385E-13,ELIGIBLE,R03b_20260811_FULL_v1,L1_ELIGIBILITY,v2026-08-11,2026-03-21..2026-08-06,baccarat_bet02_101_all_pairs_incl_sentinel,round_win = game_pnl > 0 (decisive only),COMPATIBILITY_ONLY_NOT_PRODUCTION,557989.4742,504875.3716,9878.7574,24851,24505,-0.01770420,0.00338982,-0.02772422,-0.01770420,-9878.7574,557989.4742,OK,0.0000,395.1503,4.0000,96.0000,AG03-UNRESOLVED,ALL5_LEVELS_bet23_to_bet27,395.1503,395.1503,395.1503,0.0000,0.0000,4.000000,4.000000,4.000000,0.000000,0.000000,96.000000,96.000000,96.000000,100.000000,100.000000,5.0,1185.4509,1138.6651,8693.3065,8740.0923,PENDING_AG03,FALSE,NOT_FOR_ENFORCEMENT,9483.6071,484680.3568,9878.7574,9483.6071,395.1503,0.01770420,0.01699603,395.1503,9483.6071,0.01699603,395.1503,395.1503,395.1503,0.0000,0.0000,9483.6071,0.01699603,1185.4509,1138.6651,8693.3065,8740.0923,0.01557970,0.01566354,0.00070817,22.4534,20.6030,0.4031,82.3230,2.6463,4649.9123,204.2083,25.9152,21.1137,12.8578,14.5296,26.176,48.8436,54.2173,102.8621,13.088,0.0,3.731508,7.079487,1.545355,30,207,63,6,0.32204186,0.01770420,-0.00338982,0E-8,0.000000,0.904812,0.002133,0.03111404,2026-03-21,2026-08-06,120,3733,1703,139,0.863309,1.227414,1.154177,1.073473,,,,,,,,GLOBAL_BASELINE_NO_ENTITY_RANKING,,,NOT_APPLICABLE_GLOBAL_BASELINE,HF9g-P5,,,,X 全窗基线 · 不参与实体赏罚,15053406,1506,A168_HF9F_20260827_0900,2026-08-27 09:00:00
2026-06-28,127529701,2218,0,489.8809370742,103.0421477614,103.0421477614,0.6363636,12,12,0.49994810000000000,0.499948100000,0.9048783042613083,0.9048783042613083,0.9048783042613083,0E-17,ELIGIBLE,R03b_20260811_FULL_v1,L1_ELIGIBILITY,v2026-08-11,2026-03-21..2026-08-06,baccarat_bet02_101_all_pairs_incl_sentinel,round_win = game_pnl > 0 (decisive only),COMPATIBILITY_ONLY_NOT_PRODUCTION,557989.4742,504875.3716,9878.7574,24851,24505,-0.01770420,0.00338982,-0.02772422,-0.01770420,-9878.7574,557989.4742,OK,0.0000,395.1503,4.0000,96.0000,AG03-UNRESOLVED,ALL5_LEVELS_bet23_to_bet27,395.1503,395.1503,395.1503,0.0000,0.0000,4.000000,4.000000,4.000000,0.000000,0.000000,96.000000,96.000000,96.000000,100.000000,100.000000,5.0,1185.4509,1138.6651,8693.3065,8740.0923,PENDING_AG03,FALSE,NOT_FOR_ENFORCEMENT,9483.6071,484680.3568,9878.7574,9483.6071,395.1503,0.01770420,0.01699603,395.1503,9483.6071,0.01699603,395.1503,395.1503,395.1503,0.0000,0.0000,9483.6071,0.01699603,1185.4509,1138.6651,8693.3065,8740.0923,0.01557970,0.01566354,0.00070817,22.4534,20.6030,0.4031,82.3230,2.6463,4649.9123,204.2083,25.9152,21.1137,12.8578,14.5296,26.176,48.8436,54.2173,102.8621,13.088,0.0,3.731508,7.079487,1.545355,30,207,63,6,0.32204186,0.01770420,-0.00338982,0E-8,0.000000,0.904812,0.002133,0.03111404,2026-03-21,2026-08-06,120,3733,1703,139,0.863309,1.227414,1.154177,1.073473,,,,,,,,GLOBAL_BASELINE_NO_ENTITY_RANKING,,,NOT_APPLICABLE_GLOBAL_BASELINE,HF9g-P5,,,,X 全窗基线 · 不参与实体赏罚,15053407,1506,A168_HF9F_20260827_0900,2026-08-27 09:00:00
2026-06-28,127529701,2220,0,624.6303391879,207.0100547741,207.0100547741,0.6111111,18,18,0.49845863333333333,0.498458633333,0.9558925135006746,0.9558925135035051,0.9558925135006746,3.3333E-13,ELIGIBLE,R03b_20260811_FULL_v1,L1_ELIGIBILITY,v2026-08-11,2026-03-21..2026-08-06,baccarat_bet02_101_all_pairs_incl_sentinel,round_win = game_pnl > 0 (decisive only),COMPATIBILITY_ONLY_NOT_PRODUCTION,557989.4742,504875.3716,9878.7574,24851,24505,-0.01770420,0.00338982,-0.02772422,-0.01770420,-9878.7574,557989.4742,OK,0.0000,395.1503,4.0000,96.0000,AG03-UNRESOLVED,ALL5_LEVELS_bet23_to_bet27,395.1503,395.1503,395.1503,0.0000,0.0000,4.000000,4.000000,4.000000,0.000000,0.000000,96.000000,96.000000,96.000000,100.000000,100.000000,5.0,1185.4509,1138.6651,8693.3065,8740.0923,PENDING_AG03,FALSE,NOT_FOR_ENFORCEMENT,9483.6071,484680.3568,9878.7574,9483.6071,395.1503,0.01770420,0.01699603,395.1503,9483.6071,0.01699603,395.1503,395.1503,395.1503,0.0000,0.0000,9483.6071,0.01699603,1185.4509,1138.6651,8693.3065,8740.0923,0.01557970,0.01566354,0.00070817,22.4534,20.6030,0.4031,82.3230,2.6463,4649.9123,204.2083,25.9152,21.1137,12.8578,14.5296,26.176,48.8436,54.2173,102.8621,13.088,0.0,3.731508,7.079487,1.545355,30,207,63,6,0.32204186,0.01770420,-0.00338982,0E-8,0.000000,0.904812,0.002133,0.03111404,2026-03-21,2026-08-06,120,3733,1703,139,0.863309,1.227414,1.154177,1.073473,,,,,,,,GLOBAL_BASELINE_NO_ENTITY_RANKING,,,NOT_APPLICABLE_GLOBAL_BASELINE,HF9g-P5,,,,X 全窗基线 · 不参与实体赏罚,15053408,1506,A168_HF9F_20260827_0900,2026-08-27 09:00:00
2026-06-28,127529701,2223,0,264.8700079718,-59.1457299355,-59.1457299355,0.5000000,5,5,0.49592654000000000,0.495926540000,0.016294380756781617,0.016294380756781617,0.016294380756781617,0E-17,ELIGIBLE,R03b_20260811_FULL_v1,L1_ELIGIBILITY,v2026-08-11,2026-03-21..2026-08-06,baccarat_bet02_101_all_pairs_incl_sentinel,round_win = game_pnl > 0 (decisive only),COMPATIBILITY_ONLY_NOT_PRODUCTION,557989.4742,504875.3716,9878.7574,24851,24505,-0.01770420,0.00338982,-0.02772422,-0.01770420,-9878.7574,557989.4742,OK,0.0000,395.1503,4.0000,96.0000,AG03-UNRESOLVED,ALL5_LEVELS_bet23_to_bet27,395.1503,395.1503,395.1503,0.0000,0.0000,4.000000,4.000000,4.000000,0.000000,0.000000,96.000000,96.000000,96.000000,100.000000,100.000000,5.0,1185.4509,1138.6651,8693.3065,8740.0923,PENDING_AG03,FALSE,NOT_FOR_ENFORCEMENT,9483.6071,484680.3568,9878.7574,9483.6071,395.1503,0.01770420,0.01699603,395.1503,9483.6071,0.01699603,395.1503,395.1503,395.1503,0.0000,0.0000,9483.6071,0.01699603,1185.4509,1138.6651,8693.3065,8740.0923,0.01557970,0.01566354,0.00070817,22.4534,20.6030,0.4031,82.3230,2.6463,4649.9123,204.2083,25.9152,21.1137,12.8578,14.5296,26.176,48.8436,54.2173,102.8621,13.088,0.0,3.731508,7.079487,1.545355,30,207,63,6,0.32204186,0.01770420,-0.00338982,0E-8,0.000000,0.904812,0.002133,0.03111404,2026-03-21,2026-08-06,120,3733,1703,139,0.863309,1.227414,1.154177,1.073473,,,,,,,,GLOBAL_BASELINE_NO_ENTITY_RANKING,,,NOT_APPLICABLE_GLOBAL_BASELINE,HF9g-P5,,,,X 全窗基线 · 不参与实体赏罚,15053409,1506,A168_HF9F_20260827_0900,2026-08-27 09:00:00
2026-06-28,127529701,2233,0,154.2932085272,-141.4354411499,-141.4354411499,0E-7,4,4,0.50329940000000000,0.503299400000,-1.743518224870635,-1.743518224870635,-1.743518224870635,0E-17,ELIGIBLE,R03b_20260811_FULL_v1,L1_ELIGIBILITY,v2026-08-11,2026-03-21..2026-08-06,baccarat_bet02_101_all_pairs_incl_sentinel,round_win = game_pnl > 0 (decisive only),COMPATIBILITY_ONLY_NOT_PRODUCTION,557989.4742,504875.3716,9878.7574,24851,24505,-0.01770420,0.00338982,-0.02772422,-0.01770420,-9878.7574,557989.4742,OK,0.0000,395.1503,4.0000,96.0000,AG03-UNRESOLVED,ALL5_LEVELS_bet23_to_bet27,395.1503,395.1503,395.1503,0.0000,0.0000,4.000000,4.000000,4.000000,0.000000,0.000000,96.000000,96.000000,96.000000,100.000000,100.000000,5.0,1185.4509,1138.6651,8693.3065,8740.0923,PENDING_AG03,FALSE,NOT_FOR_ENFORCEMENT,9483.6071,484680.3568,9878.7574,9483.6071,395.1503,0.01770420,0.01699603,395.1503,9483.6071,0.01699603,395.1503,395.1503,395.1503,0.0000,0.0000,9483.6071,0.01699603,1185.4509,1138.6651,8693.3065,8740.0923,0.01557970,0.01566354,0.00070817,22.4534,20.6030,0.4031,82.3230,2.6463,4649.9123,204.2083,25.9152,21.1137,12.8578,14.5296,26.176,48.8436,54.2173,102.8621,13.088,0.0,3.731508,7.079487,1.545355,30,207,63,6,0.32204186,0.01770420,-0.00338982,0E-8,0.000000,0.904812,0.002133,0.03111404,2026-03-21,2026-08-06,120,3733,1703,139,0.863309,1.227414,1.154177,1.073473,,,,,,,,GLOBAL_BASELINE_NO_ENTITY_RANKING,,,NOT_APPLICABLE_GLOBAL_BASELINE,HF9g-P5,,,,X 全窗基线 · 不参与实体赏罚,15053410,1506,A168_HF9F_20260827_0900,2026-08-27 09:00:00
2026-06-28,127529701,2281,0,308.5864170546,178.7229665441,178.7229665441,0.6000000,5,5,0.49860758000000000,0.498607580000,0.4534424453485946,0.4534424453485946,0.4534424453485946,0E-17,ELIGIBLE,R03b_20260811_FULL_v1,L1_ELIGIBILITY,v2026-08-11,2026-03-21..2026-08-06,baccarat_bet02_101_all_pairs_incl_sentinel,round_win = game_pnl > 0 (decisive only),COMPATIBILITY_ONLY_NOT_PRODUCTION,557989.4742,504875.3716,9878.7574,24851,24505,-0.01770420,0.00338982,-0.02772422,-0.01770420,-9878.7574,557989.4742,OK,0.0000,395.1503,4.0000,96.0000,AG03-UNRESOLVED,ALL5_LEVELS_bet23_to_bet27,395.1503,395.1503,395.1503,0.0000,0.0000,4.000000,4.000000,4.000000,0.000000,0.000000,96.000000,96.000000,96.000000,100.000000,100.000000,5.0,1185.4509,1138.6651,8693.3065,8740.0923,PENDING_AG03,FALSE,NOT_FOR_ENFORCEMENT,9483.6071,484680.3568,9878.7574,9483.6071,395.1503,0.01770420,0.01699603,395.1503,9483.6071,0.01699603,395.1503,395.1503,395.1503,0.0000,0.0000,9483.6071,0.01699603,1185.4509,1138.6651,8693.3065,8740.0923,0.01557970,0.01566354,0.00070817,22.4534,20.6030,0.4031,82.3230,2.6463,4649.9123,204.2083,25.9152,21.1137,12.8578,14.5296,26.176,48.8436,54.2173,102.8621,13.088,0.0,3.731508,7.079487,1.545355,30,207,63,6,0.32204186,0.01770420,-0.00338982,0E-8,0.000000,0.904812,0.002133,0.03111404,2026-03-21,2026-08-06,120,3733,1703,139,0.863309,1.227414,1.154177,1.073473,,,,,,,,GLOBAL_BASELINE_NO_ENTITY_RANKING,,,NOT_APPLICABLE_GLOBAL_BASELINE,HF9g-P5,,,,X 全窗基线 · 不参与实体赏罚,15053411,1506,A168_HF9F_20260827_0900,2026-08-27 09:00:00
2026-06-28,127529701,462,0,38.5733021318,12.8577673772,12.8577673772,0.5000000,2,2,0.49324550000000000,0.493245500000,0.01910635448239258,0.01910635448239258,0.01910635448239258,0E-17,ELIGIBLE,R03b_20260811_FULL_v1,L1_ELIGIBILITY,v2026-08-11,2026-03-21..2026-08-06,baccarat_bet02_101_all_pairs_incl_sentinel,round_win = game_pnl > 0 (decisive only),COMPATIBILITY_ONLY_NOT_PRODUCTION,557989.4742,504875.3716,9878.7574,24851,24505,-0.01770420,0.00338982,-0.02772422,-0.01770420,-9878.7574,557989.4742,OK,0.0000,395.1503,4.0000,96.0000,AG03-UNRESOLVED,ALL5_LEVELS_bet23_to_bet27,395.1503,395.1503,395.1503,0.0000,0.0000,4.000000,4.000000,4.000000,0.000000,0.000000,96.000000,96.000000,96.000000,100.000000,100.000000,5.0,1185.4509,1138.6651,8693.3065,8740.0923,PENDING_AG03,FALSE,NOT_FOR_ENFORCEMENT,9483.6071,484680.3568,9878.7574,9483.6071,395.1503,0.01770420,0.01699603,395.1503,9483.6071,0.01699603,395.1503,395.1503,395.1503,0.0000,0.0000,9483.6071,0.01699603,1185.4509,1138.6651,8693.3065,8740.0923,0.01557970,0.01566354,0.00070817,22.4534,20.6030,0.4031,82.3230,2.6463,4649.9123,204.2083,25.9152,21.1137,12.8578,14.5296,26.176,48.8436,54.2173,102.8621,13.088,0.0,3.731508,7.079487,1.545355,30,207,63,6,0.32204186,0.01770420,-0.00338982,0E-8,0.000000,0.904812,0.002133,0.03111404,2026-03-21,2026-08-06,120,3733,1703,139,0.863309,1.227414,1.154177,1.073473,,,,,,,,GLOBAL_BASELINE_NO_ENTITY_RANKING,,,NOT_APPLICABLE_GLOBAL_BASELINE,HF9g-P5,,,,X 全窗基线 · 不参与实体赏罚,15053412,1506,A168_HF9F_20260827_0900,2026-08-27 09:00:00
2026-06-28,127529701,772,0,102.8621390182,48.2166276648,48.2166276648,0.6666667,3,3,0.50218230000000000,0.502182300000,0.5697959874915163,0.5697959874915164,0.5697959874915163,0E-17,ELIGIBLE,R03b_20260811_FULL_v1,L1_ELIGIBILITY,v2026-08-11,2026-03-21..2026-08-06,baccarat_bet02_101_all_pairs_incl_sentinel,round_win = game_pnl > 0 (decisive only),COMPATIBILITY_ONLY_NOT_PRODUCTION,557989.4742,504875.3716,9878.7574,24851,24505,-0.01770420,0.00338982,-0.02772422,-0.01770420,-9878.7574,557989.4742,OK,0.0000,395.1503,4.0000,96.0000,AG03-UNRESOLVED,ALL5_LEVELS_bet23_to_bet27,395.1503,395.1503,395.1503,0.0000,0.0000,4.000000,4.000000,4.000000,0.000000,0.000000,96.000000,96.000000,96.000000,100.000000,100.000000,5.0,1185.4509,1138.6651,8693.3065,8740.0923,PENDING_AG03,FALSE,NOT_FOR_ENFORCEMENT,9483.6071,484680.3568,9878.7574,9483.6071,395.1503,0.01770420,0.01699603,395.1503,9483.6071,0.01699603,395.1503,395.1503,395.1503,0.0000,0.0000,9483.6071,0.01699603,1185.4509,1138.6651,8693.3065,8740.0923,0.01557970,0.01566354,0.00070817,22.4534,20.6030,0.4031,82.3230,2.6463,4649.9123,204.2083,25.9152,21.1137,12.8578,14.5296,26.176,48.8436,54.2173,102.8621,13.088,0.0,3.731508,7.079487,1.545355,30,207,63,6,0.32204186,0.01770420,-0.00338982,0E-8,0.000000,0.904812,0.002133,0.03111404,2026-03-21,2026-08-06,120,3733,1703,139,0.863309,1.227414,1.154177,1.073473,,,,,,,,GLOBAL_BASELINE_NO_ENTITY_RANKING,,,NOT_APPLICABLE_GLOBAL_BASELINE,HF9g-P5,,,,X 全窗基线 · 不参与实体赏罚,15053413,1506,A168_HF9F_20260827_0900,2026-08-27 09:00:00
2026-06-28,127529701,970,0,100.2905855427,-60.1743513256,-60.1743513256,0.3333333,3,3,0.50665070000000000,0.506650700000,-0.6004420894325239,-0.6004420894325239,-0.6004420894325239,0E-17,ELIGIBLE,R03b_20260811_FULL_v1,L1_ELIGIBILITY,v2026-08-11,2026-03-21..2026-08-06,baccarat_bet02_101_all_pairs_incl_sentinel,round_win = game_pnl > 0 (decisive only),COMPATIBILITY_ONLY_NOT_PRODUCTION,557989.4742,504875.3716,9878.7574,24851,24505,-0.01770420,0.00338982,-0.02772422,-0.01770420,-9878.7574,557989.4742,OK,0.0000,395.1503,4.0000,96.0000,AG03-UNRESOLVED,ALL5_LEVELS_bet23_to_bet27,395.1503,395.1503,395.1503,0.0000,0.0000,4.000000,4.000000,4.000000,0.000000,0.000000,96.000000,96.000000,96.000000,100.000000,100.000000,5.0,1185.4509,1138.6651,8693.3065,8740.0923,PENDING_AG03,FALSE,NOT_FOR_ENFORCEMENT,9483.6071,484680.3568,9878.7574,9483.6071,395.1503,0.01770420,0.01699603,395.1503,9483.6071,0.01699603,395.1503,395.1503,395.1503,0.0000,0.0000,9483.6071,0.01699603,1185.4509,1138.6651,8693.3065,8740.0923,0.01557970,0.01566354,0.00070817,22.4534,20.6030,0.4031,82.3230,2.6463,4649.9123,204.2083,25.9152,21.1137,12.8578,14.5296,26.176,48.8436,54.2173,102.8621,13.088,0.0,3.731508,7.079487,1.545355,30,207,63,6,0.32204186,0.01770420,-0.00338982,0E-8,0.000000,0.904812,0.002133,0.03111404,2026-03-21,2026-08-06,120,3733,1703,139,0.863309,1.227414,1.154177,1.073473,,,,,,,,GLOBAL_BASELINE_NO_ENTITY_RANKING,,,NOT_APPLICABLE_GLOBAL_BASELINE,HF9g-P5,,,,X 全窗基线 · 不参与实体赏罚,15053414,1506,A168_HF9F_20260827_0900,2026-08-27 09:00:00
2026-06-28,127529701,986,0,290.5855427263,-114.8841515157,-114.8841515157,0.6000000,15,15,0.50128862000000000,0.501288620000,0.7646176010050434,0.7646176010050434,0.7646176010050434,0E-17,ELIGIBLE,R03b_20260811_FULL_v1,L1_ELIGIBILITY,v2026-08-11,2026-03-21..2026-08-06,baccarat_bet02_101_all_pairs_incl_sentinel,round_win = game_pnl > 0 (decisive only),COMPATIBILITY_ONLY_NOT_PRODUCTION,557989.4742,504875.3716,9878.7574,24851,24505,-0.01770420,0.00338982,-0.02772422,-0.01770420,-9878.7574,557989.4742,OK,0.0000,395.1503,4.0000,96.0000,AG03-UNRESOLVED,ALL5_LEVELS_bet23_to_bet27,395.1503,395.1503,395.1503,0.0000,0.0000,4.000000,4.000000,4.000000,0.000000,0.000000,96.000000,96.000000,96.000000,100.000000,100.000000,5.0,1185.4509,1138.6651,8693.3065,8740.0923,PENDING_AG03,FALSE,NOT_FOR_ENFORCEMENT,9483.6071,484680.3568,9878.7574,9483.6071,395.1503,0.01770420,0.01699603,395.1503,9483.6071,0.01699603,395.1503,395.1503,395.1503,0.0000,0.0000,9483.6071,0.01699603,1185.4509,1138.6651,8693.3065,8740.0923,0.01557970,0.01566354,0.00070817,22.4534,20.6030,0.4031,82.3230,2.6463,4649.9123,204.2083,25.9152,21.1137,12.8578,14.5296,26.176,48.8436,54.2173,102.8621,13.088,0.0,3.731508,7.079487,1.545355,30,207,63,6,0.32204186,0.01770420,-0.00338982,0E-8,0.000000,0.904812,0.002133,0.03111404,2026-03-21,2026-08-06,120,3733,1703,139,0.863309,1.227414,1.154177,1.073473,,,,,,,,GLOBAL_BASELINE_NO_ENTITY_RANKING,,,NOT_APPLICABLE_GLOBAL_BASELINE,HF9g-P5,,,,X 全窗基线 · 不参与实体赏罚,15053415,1506,A168_HF9F_20260827_0900,2026-08-27 09:00:00
2026-06-28,127529701,987,0,466.7369557949,131.0206495743,131.0206495743,0.5833333,14,14,0.50282064285714286,0.502820642857,0.5578171583217061,0.5578171583226949,0.5578171583217061,1.4286E-13,ELIGIBLE,R03b_20260811_FULL_v1,L1_ELIGIBILITY,v2026-08-11,2026-03-21..2026-08-06,baccarat_bet02_101_all_pairs_incl_sentinel,round_win = game_pnl > 0 (decisive only),COMPATIBILITY_ONLY_NOT_PRODUCTION,557989.4742,504875.3716,9878.7574,24851,24505,-0.01770420,0.00338982,-0.02772422,-0.01770420,-9878.7574,557989.4742,OK,0.0000,395.1503,4.0000,96.0000,AG03-UNRESOLVED,ALL5_LEVELS_bet23_to_bet27,395.1503,395.1503,395.1503,0.0000,0.0000,4.000000,4.000000,4.000000,0.000000,0.000000,96.000000,96.000000,96.000000,100.000000,100.000000,5.0,1185.4509,1138.6651,8693.3065,8740.0923,PENDING_AG03,FALSE,NOT_FOR_ENFORCEMENT,9483.6071,484680.3568,9878.7574,9483.6071,395.1503,0.01770420,0.01699603,395.1503,9483.6071,0.01699603,395.1503,395.1503,395.1503,0.0000,0.0000,9483.6071,0.01699603,1185.4509,1138.6651,8693.3065,8740.0923,0.01557970,0.01566354,0.00070817,22.4534,20.6030,0.4031,82.3230,2.6463,4649.9123,204.2083,25.9152,21.1137,12.8578,14.5296,26.176,48.8436,54.2173,102.8621,13.088,0.0,3.731508,7.079487,1.545355,30,207,63,6,0.32204186,0.01770420,-0.00338982,0E-8,0.000000,0.904812,0.002133,0.03111404,2026-03-21,2026-08-06,120,3733,1703,139,0.863309,1.227414,1.154177,1.073473,,,,,,,,GLOBAL_BASELINE_NO_ENTITY_RANKING,,,NOT_APPLICABLE_GLOBAL_BASELINE,HF9g-P5,,,,X 全窗基线 · 不参与实体赏罚,15053416,1506,A168_HF9F_20260827_0900,2026-08-27 09:00:00
2026-06-29,127529701,-1,1,4468.5884742971,-177.7200606887,-177.7200606887,0.5217391,101,100,0.49971350900000007,0.499747022000,0.4225247477491415,0.42188184158164865,0.4225247477491415,-0.00003351299999993,SENTINEL_DEALER,R03b_20260811_FULL_v1,L1_ELIGIBILITY,v2026-08-11,2026-03-21..2026-08-06,baccarat_bet02_101_all_pairs_incl_sentinel,round_win = game_pnl > 0 (decisive only),COMPATIBILITY_ONLY_NOT_PRODUCTION,557989.4742,504875.3716,9878.7574,24851,24505,-0.01770420,0.00338982,-0.02772422,-0.01770420,-9878.7574,557989.4742,OK,0.0000,395.1503,4.0000,96.0000,AG03-UNRESOLVED,ALL5_LEVELS_bet23_to_bet27,395.1503,395.1503,395.1503,0.0000,0.0000,4.000000,4.000000,4.000000,0.000000,0.000000,96.000000,96.000000,96.000000,100.000000,100.000000,5.0,1185.4509,1138.6651,8693.3065,8740.0923,PENDING_AG03,FALSE,NOT_FOR_ENFORCEMENT,9483.6071,484680.3568,9878.7574,9483.6071,395.1503,0.01770420,0.01699603,395.1503,9483.6071,0.01699603,395.1503,395.1503,395.1503,0.0000,0.0000,9483.6071,0.01699603,1185.4509,1138.6651,8693.3065,8740.0923,0.01557970,0.01566354,0.00070817,22.4534,20.6030,0.4031,82.3230,2.6463,4649.9123,204.2083,25.9152,21.1137,12.8578,14.5296,26.176,48.8436,54.2173,102.8621,13.088,0.0,3.731508,7.079487,1.545355,30,207,63,6,0.32204186,0.01770420,-0.00338982,0E-8,0.000000,0.904812,0.002133,0.03111404,2026-03-21,2026-08-06,120,3733,1703,139,0.863309,1.227414,1.154177,1.073473,,,,,,,,GLOBAL_BASELINE_NO_ENTITY_RANKING,,,NOT_APPLICABLE_GLOBAL_BASELINE,HF9g-P5,,,,X 全窗基线 · 不参与实体赏罚,15053417,1506,A168_HF9F_20260827_0900,2026-08-27 09:00:00
2026-06-29,127529701,1094,0,87.4328181655,12.8577673772,12.8577673772,0.5000000,2,2,0.50665070000000000,0.506650700000,-0.018812684590367487,-0.018812684590367487,-0.018812684590367487,0E-17,ELIGIBLE,R03b_20260811_FULL_v1,L1_ELIGIBILITY,v2026-08-11,2026-03-21..2026-08-06,baccarat_bet02_101_all_pairs_incl_sentinel,round_win = game_pnl > 0 (decisive only),COMPATIBILITY_ONLY_NOT_PRODUCTION,557989.4742,504875.3716,9878.7574,24851,24505,-0.01770420,0.00338982,-0.02772422,-0.01770420,-9878.7574,557989.4742,OK,0.0000,395.1503,4.0000,96.0000,AG03-UNRESOLVED,ALL5_LEVELS_bet23_to_bet27,395.1503,395.1503,395.1503,0.0000,0.0000,4.000000,4.000000,4.000000,0.000000,0.000000,96.000000,96.000000,96.000000,100.000000,100.000000,5.0,1185.4509,1138.6651,8693.3065,8740.0923,PENDING_AG03,FALSE,NOT_FOR_ENFORCEMENT,9483.6071,484680.3568,9878.7574,9483.6071,395.1503,0.01770420,0.01699603,395.1503,9483.6071,0.01699603,395.1503,395.1503,395.1503,0.0000,0.0000,9483.6071,0.01699603,1185.4509,1138.6651,8693.3065,8740.0923,0.01557970,0.01566354,0.00070817,22.4534,20.6030,0.4031,82.3230,2.6463,4649.9123,204.2083,25.9152,21.1137,12.8578,14.5296,26.176,48.8436,54.2173,102.8621,13.088,0.0,3.731508,7.079487,1.545355,30,207,63,6,0.32204186,0.01770420,-0.00338982,0E-8,0.000000,0.904812,0.002133,0.03111404,2026-03-21,2026-08-06,120,3733,1703,139,0.863309,1.227414,1.154177,1.073473,,,,,,,,GLOBAL_BASELINE_NO_ENTITY_RANKING,,,NOT_APPLICABLE_GLOBAL_BASELINE,HF9g-P5,,,,X 全窗基线 · 不参与实体赏罚,15053418,1506,A168_HF9F_20260827_0900,2026-08-27 09:00:00
2026-06-29,127529701,1109,0,25.7155347545,-25.7155347545,-25.7155347545,0E-7,1,1,0.50665070000000000,0.506650700000,-1.013391052207602,-1.013391052207602,-1.013391052207602,0E-17,ELIGIBLE,R03b_20260811_FULL_v1,L1_ELIGIBILITY,v2026-08-11,2026-03-21..2026-08-06,baccarat_bet02_101_all_pairs_incl_sentinel,round_win = game_pnl > 0 (decisive only),COMPATIBILITY_ONLY_NOT_PRODUCTION,557989.4742,504875.3716,9878.7574,24851,24505,-0.01770420,0.00338982,-0.02772422,-0.01770420,-9878.7574,557989.4742,OK,0.0000,395.1503,4.0000,96.0000,AG03-UNRESOLVED,ALL5_LEVELS_bet23_to_bet27,395.1503,395.1503,395.1503,0.0000,0.0000,4.000000,4.000000,4.000000,0.000000,0.000000,96.000000,96.000000,96.000000,100.000000,100.000000,5.0,1185.4509,1138.6651,8693.3065,8740.0923,PENDING_AG03,FALSE,NOT_FOR_ENFORCEMENT,9483.6071,484680.3568,9878.7574,9483.6071,395.1503,0.01770420,0.01699603,395.1503,9483.6071,0.01699603,395.1503,395.1503,395.1503,0.0000,0.0000,9483.6071,0.01699603,1185.4509,1138.6651,8693.3065,8740.0923,0.01557970,0.01566354,0.00070817,22.4534,20.6030,0.4031,82.3230,2.6463,4649.9123,204.2083,25.9152,21.1137,12.8578,14.5296,26.176,48.8436,54.2173,102.8621,13.088,0.0,3.731508,7.079487,1.545355,30,207,63,6,0.32204186,0.01770420,-0.00338982,0E-8,0.000000,0.904812,0.002133,0.03111404,2026-03-21,2026-08-06,120,3733,1703,139,0.863309,1.227414,1.154177,1.073473,,,,,,,,GLOBAL_BASELINE_NO_ENTITY_RANKING,,,NOT_APPLICABLE_GLOBAL_BASELINE,HF9g-P5,,,,X 全窗基线 · 不参与实体赏罚,15053419,1506,A168_HF9F_20260827_0900,2026-08-27 09:00:00
2026-06-29,127529701,1323,0,793.3242471776,-150.4358783140,-150.4358783140,0.3636364,12,12,0.49994810000000000,0.499948100000,-0.9041897729511212,-0.9041897729511212,-0.9041897729511212,0E-17,ELIGIBLE,R03b_20260811_FULL_v1,L1_ELIGIBILITY,v2026-08-11,2026-03-21..2026-08-06,baccarat_bet02_101_all_pairs_incl_sentinel,round_win = game_pnl > 0 (decisive only),COMPATIBILITY_ONLY_NOT_PRODUCTION,557989.4742,504875.3716,9878.7574,24851,24505,-0.01770420,0.00338982,-0.02772422,-0.01770420,-9878.7574,557989.4742,OK,0.0000,395.1503,4.0000,96.0000,AG03-UNRESOLVED,ALL5_LEVELS_bet23_to_bet27,395.1503,395.1503,395.1503,0.0000,0.0000,4.000000,4.000000,4.000000,0.000000,0.000000,96.000000,96.000000,96.000000,100.000000,100.000000,5.0,1185.4509,1138.6651,8693.3065,8740.0923,PENDING_AG03,FALSE,NOT_FOR_ENFORCEMENT,9483.6071,484680.3568,9878.7574,9483.6071,395.1503,0.01770420,0.01699603,395.1503,9483.6071,0.01699603,395.1503,395.1503,395.1503,0.0000,0.0000,9483.6071,0.01699603,1185.4509,1138.6651,8693.3065,8740.0923,0.01557970,0.01566354,0.00070817,22.4534,20.6030,0.4031,82.3230,2.6463,4649.9123,204.2083,25.9152,21.1137,12.8578,14.5296,26.176,48.8436,54.2173,102.8621,13.088,0.0,3.731508,7.079487,1.545355,30,207,63,6,0.32204186,0.01770420,-0.00338982,0E-8,0.000000,0.904812,0.002133,0.03111404,2026-03-21,2026-08-06,120,3733,1703,139,0.863309,1.227414,1.154177,1.073473,,,,,,,,GLOBAL_BASELINE_NO_ENTITY_RANKING,,,NOT_APPLICABLE_GLOBAL_BASELINE,HF9g-P5,,,,X 全窗基线 · 不参与实体赏罚,15053420,1506,A168_HF9F_20260827_0900,2026-08-27 09:00:00
2026-06-29,127529701,1330,0,252.7837066372,128.7062514466,128.7062514466,0.7500000,7,7,0.50090561428571429,0.500905614286,0.996379177193809,0.9963791771926672,0.996379177193809,-2.8571E-13,ELIGIBLE,R03b_20260811_FULL_v1,L1_ELIGIBILITY,v2026-08-11,2026-03-21..2026-08-06,baccarat_bet02_101_all_pairs_incl_sentinel,round_win = game_pnl > 0 (decisive only),COMPATIBILITY_ONLY_NOT_PRODUCTION,557989.4742,504875.3716,9878.7574,24851,24505,-0.01770420,0.00338982,-0.02772422,-0.01770420,-9878.7574,557989.4742,OK,0.0000,395.1503,4.0000,96.0000,AG03-UNRESOLVED,ALL5_LEVELS_bet23_to_bet27,395.1503,395.1503,395.1503,0.0000,0.0000,4.000000,4.000000,4.000000,0.000000,0.000000,96.000000,96.000000,96.000000,100.000000,100.000000,5.0,1185.4509,1138.6651,8693.3065,8740.0923,PENDING_AG03,FALSE,NOT_FOR_ENFORCEMENT,9483.6071,484680.3568,9878.7574,9483.6071,395.1503,0.01770420,0.01699603,395.1503,9483.6071,0.01699603,395.1503,395.1503,395.1503,0.0000,0.0000,9483.6071,0.01699603,1185.4509,1138.6651,8693.3065,8740.0923,0.01557970,0.01566354,0.00070817,22.4534,20.6030,0.4031,82.3230,2.6463,4649.9123,204.2083,25.9152,21.1137,12.8578,14.5296,26.176,48.8436,54.2173,102.8621,13.088,0.0,3.731508,7.079487,1.545355,30,207,63,6,0.32204186,0.01770420,-0.00338982,0E-8,0.000000,0.904812,0.002133,0.03111404,2026-03-21,2026-08-06,120,3733,1703,139,0.863309,1.227414,1.154177,1.073473,,,,,,,,GLOBAL_BASELINE_NO_ENTITY_RANKING,,,NOT_APPLICABLE_GLOBAL_BASELINE,HF9g-P5,,,,X 全窗基线 · 不参与实体赏罚,15053421,1506,A168_HF9F_20260827_0900,2026-08-27 09:00:00
2026-06-29,127529701,1331,0,28.2870882300,28.2870882300,28.2870882300,1.0000000,1,1,0.49324550000000000,0.493245500000,1.01360149184955,1.01360149184955,1.01360149184955,0E-17,ELIGIBLE,R03b_20260811_FULL_v1,L1_ELIGIBILITY,v2026-08-11,2026-03-21..2026-08-06,baccarat_bet02_101_all_pairs_incl_sentinel,round_win = game_pnl > 0 (decisive only),COMPATIBILITY_ONLY_NOT_PRODUCTION,557989.4742,504875.3716,9878.7574,24851,24505,-0.01770420,0.00338982,-0.02772422,-0.01770420,-9878.7574,557989.4742,OK,0.0000,395.1503,4.0000,96.0000,AG03-UNRESOLVED,ALL5_LEVELS_bet23_to_bet27,395.1503,395.1503,395.1503,0.0000,0.0000,4.000000,4.000000,4.000000,0.000000,0.000000,96.000000,96.000000,96.000000,100.000000,100.000000,5.0,1185.4509,1138.6651,8693.3065,8740.0923,PENDING_AG03,FALSE,NOT_FOR_ENFORCEMENT,9483.6071,484680.3568,9878.7574,9483.6071,395.1503,0.01770420,0.01699603,395.1503,9483.6071,0.01699603,395.1503,395.1503,395.1503,0.0000,0.0000,9483.6071,0.01699603,1185.4509,1138.6651,8693.3065,8740.0923,0.01557970,0.01566354,0.00070817,22.4534,20.6030,0.4031,82.3230,2.6463,4649.9123,204.2083,25.9152,21.1137,12.8578,14.5296,26.176,48.8436,54.2173,102.8621,13.088,0.0,3.731508,7.079487,1.545355,30,207,63,6,0.32204186,0.01770420,-0.00338982,0E-8,0.000000,0.904812,0.002133,0.03111404,2026-03-21,2026-08-06,120,3733,1703,139,0.863309,1.227414,1.154177,1.073473,,,,,,,,GLOBAL_BASELINE_NO_ENTITY_RANKING,,,NOT_APPLICABLE_GLOBAL_BASELINE,HF9g-P5,,,,X 全窗基线 · 不参与实体赏罚,15053422,1506,A168_HF9F_20260827_0900,2026-08-27 09:00:00
2026-06-29,127529701,1346,0,51.4310695091,-51.4310695091,-51.4310695091,0E-7,2,2,0.49324550000000000,0.493245500000,-1.3952362676504506,-1.3952362676504506,-1.3952362676504506,0E-17,ELIGIBLE,R03b_20260811_FULL_v1,L1_ELIGIBILITY,v2026-08-11,2026-03-21..2026-08-06,baccarat_bet02_101_all_pairs_incl_sentinel,round_win = game_pnl > 0 (decisive only),COMPATIBILITY_ONLY_NOT_PRODUCTION,557989.4742,504875.3716,9878.7574,24851,24505,-0.01770420,0.00338982,-0.02772422,-0.01770420,-9878.7574,557989.4742,OK,0.0000,395.1503,4.0000,96.0000,AG03-UNRESOLVED,ALL5_LEVELS_bet23_to_bet27,395.1503,395.1503,395.1503,0.0000,0.0000,4.000000,4.000000,4.000000,0.000000,0.000000,96.000000,96.000000,96.000000,100.000000,100.000000,5.0,1185.4509,1138.6651,8693.3065,8740.0923,PENDING_AG03,FALSE,NOT_FOR_ENFORCEMENT,9483.6071,484680.3568,9878.7574,9483.6071,395.1503,0.01770420,0.01699603,395.1503,9483.6071,0.01699603,395.1503,395.1503,395.1503,0.0000,0.0000,9483.6071,0.01699603,1185.4509,1138.6651,8693.3065,8740.0923,0.01557970,0.01566354,0.00070817,22.4534,20.6030,0.4031,82.3230,2.6463,4649.9123,204.2083,25.9152,21.1137,12.8578,14.5296,26.176,48.8436,54.2173,102.8621,13.088,0.0,3.731508,7.079487,1.545355,30,207,63,6,0.32204186,0.01770420,-0.00338982,0E-8,0.000000,0.904812,0.002133,0.03111404,2026-03-21,2026-08-06,120,3733,1703,139,0.863309,1.227414,1.154177,1.073473,,,,,,,,GLOBAL_BASELINE_NO_ENTITY_RANKING,,,NOT_APPLICABLE_GLOBAL_BASELINE,HF9g-P5,,,,X 全窗基线 · 不参与实体赏罚,15053423,1506,A168_HF9F_20260827_0900,2026-08-27 09:00:00
2026-06-29,127529701,1363,0,77.1466042636,-52.0739578779,-52.0739578779,0.3333333,3,3,0.50218230000000000,0.502182300000,-0.5849155494134425,-0.5849155494134426,-0.5849155494134425,0E-17,ELIGIBLE,R03b_20260811_FULL_v1,L1_ELIGIBILITY,v2026-08-11,2026-03-21..2026-08-06,baccarat_bet02_101_all_pairs_incl_sentinel,round_win = game_pnl > 0 (decisive only),COMPATIBILITY_ONLY_NOT_PRODUCTION,557989.4742,504875.3716,9878.7574,24851,24505,-0.01770420,0.00338982,-0.02772422,-0.01770420,-9878.7574,557989.4742,OK,0.0000,395.1503,4.0000,96.0000,AG03-UNRESOLVED,ALL5_LEVELS_bet23_to_bet27,395.1503,395.1503,395.1503,0.0000,0.0000,4.000000,4.000000,4.000000,0.000000,0.000000,96.000000,96.000000,96.000000,100.000000,100.000000,5.0,1185.4509,1138.6651,8693.3065,8740.0923,PENDING_AG03,FALSE,NOT_FOR_ENFORCEMENT,9483.6071,484680.3568,9878.7574,9483.6071,395.1503,0.01770420,0.01699603,395.1503,9483.6071,0.01699603,395.1503,395.1503,395.1503,0.0000,0.0000,9483.6071,0.01699603,1185.4509,1138.6651,8693.3065,8740.0923,0.01557970,0.01566354,0.00070817,22.4534,20.6030,0.4031,82.3230,2.6463,4649.9123,204.2083,25.9152,21.1137,12.8578,14.5296,26.176,48.8436,54.2173,102.8621,13.088,0.0,3.731508,7.079487,1.545355,30,207,63,6,0.32204186,0.01770420,-0.00338982,0E-8,0.000000,0.904812,0.002133,0.03111404,2026-03-21,2026-08-06,120,3733,1703,139,0.863309,1.227414,1.154177,1.073473,,,,,,,,GLOBAL_BASELINE_NO_ENTITY_RANKING,,,NOT_APPLICABLE_GLOBAL_BASELINE,HF9g-P5,,,,X 全窗基线 · 不参与实体赏罚,15053424,1506,A168_HF9F_20260827_0900,2026-08-27 09:00:00
2026-06-29,127529701,1505,0,290.5855427264,-210.8673849873,-210.8673849873,0.2500000,9,9,0.49771390000000000,0.497713900000,-1.4012960750061008,-1.401296075006101,-1.4012960750061008,0E-17,ELIGIBLE,R03b_20260811_FULL_v1,L1_ELIGIBILITY,v2026-08-11,2026-03-21..2026-08-06,baccarat_bet02_101_all_pairs_incl_sentinel,round_win = game_pnl > 0 (decisive only),COMPATIBILITY_ONLY_NOT_PRODUCTION,557989.4742,504875.3716,9878.7574,24851,24505,-0.01770420,0.00338982,-0.02772422,-0.01770420,-9878.7574,557989.4742,OK,0.0000,395.1503,4.0000,96.0000,AG03-UNRESOLVED,ALL5_LEVELS_bet23_to_bet27,395.1503,395.1503,395.1503,0.0000,0.0000,4.000000,4.000000,4.000000,0.000000,0.000000,96.000000,96.000000,96.000000,100.000000,100.000000,5.0,1185.4509,1138.6651,8693.3065,8740.0923,PENDING_AG03,FALSE,NOT_FOR_ENFORCEMENT,9483.6071,484680.3568,9878.7574,9483.6071,395.1503,0.01770420,0.01699603,395.1503,9483.6071,0.01699603,395.1503,395.1503,395.1503,0.0000,0.0000,9483.6071,0.01699603,1185.4509,1138.6651,8693.3065,8740.0923,0.01557970,0.01566354,0.00070817,22.4534,20.6030,0.4031,82.3230,2.6463,4649.9123,204.2083,25.9152,21.1137,12.8578,14.5296,26.176,48.8436,54.2173,102.8621,13.088,0.0,3.731508,7.079487,1.545355,30,207,63,6,0.32204186,0.01770420,-0.00338982,0E-8,0.000000,0.904812,0.002133,0.03111404,2026-03-21,2026-08-06,120,3733,1703,139,0.863309,1.227414,1.154177,1.073473,,,,,,,,GLOBAL_BASELINE_NO_ENTITY_RANKING,,,NOT_APPLICABLE_GLOBAL_BASELINE,HF9g-P5,,,,X 全窗基线 · 不参与实体赏罚,15053425,1506,A168_HF9F_20260827_0900,2026-08-27 09:00:00
2026-06-29,127529701,1509,0,18.0008743282,-18.0008743282,-18.0008743282,0E-7,2,2,0.49994810000000000,0.499948100000,-1.4140667746232096,-1.4140667746232096,-1.4140667746232096,0E-17,ELIGIBLE,R03b_20260811_FULL_v1,L1_ELIGIBILITY,v2026-08-11,2026-03-21..2026-08-06,baccarat_bet02_101_all_pairs_incl_sentinel,round_win = game_pnl > 0 (decisive only),COMPATIBILITY_ONLY_NOT_PRODUCTION,557989.4742,504875.3716,9878.7574,24851,24505,-0.01770420,0.00338982,-0.02772422,-0.01770420,-9878.7574,557989.4742,OK,0.0000,395.1503,4.0000,96.0000,AG03-UNRESOLVED,ALL5_LEVELS_bet23_to_bet27,395.1503,395.1503,395.1503,0.0000,0.0000,4.000000,4.000000,4.000000,0.000000,0.000000,96.000000,96.000000,96.000000,100.000000,100.000000,5.0,1185.4509,1138.6651,8693.3065,8740.0923,PENDING_AG03,FALSE,NOT_FOR_ENFORCEMENT,9483.6071,484680.3568,9878.7574,9483.6071,395.1503,0.01770420,0.01699603,395.1503,9483.6071,0.01699603,395.1503,395.1503,395.1503,0.0000,0.0000,9483.6071,0.01699603,1185.4509,1138.6651,8693.3065,8740.0923,0.01557970,0.01566354,0.00070817,22.4534,20.6030,0.4031,82.3230,2.6463,4649.9123,204.2083,25.9152,21.1137,12.8578,14.5296,26.176,48.8436,54.2173,102.8621,13.088,0.0,3.731508,7.079487,1.545355,30,207,63,6,0.32204186,0.01770420,-0.00338982,0E-8,0.000000,0.904812,0.002133,0.03111404,2026-03-21,2026-08-06,120,3733,1703,139,0.863309,1.227414,1.154177,1.073473,,,,,,,,GLOBAL_BASELINE_NO_ENTITY_RANKING,,,NOT_APPLICABLE_GLOBAL_BASELINE,HF9g-P5,,,,X 全窗基线 · 不参与实体赏罚,15053426,1506,A168_HF9F_20260827_0900,2026-08-27 09:00:00
2026-06-29,127529701,1645,0,259.4697456732,-56.8313318075,-56.8313318075,0.3636364,11,11,0.50055742727272727,0.500557427273,-0.9082321523777308,-0.9082321523795404,-0.9082321523777308,-2.7273E-13,ELIGIBLE,R03b_20260811_FULL_v1,L1_ELIGIBILITY,v2026-08-11,2026-03-21..2026-08-06,baccarat_bet02_101_all_pairs_incl_sentinel,round_win = game_pnl > 0 (decisive only),COMPATIBILITY_ONLY_NOT_PRODUCTION,557989.4742,504875.3716,9878.7574,24851,24505,-0.01770420,0.00338982,-0.02772422,-0.01770420,-9878.7574,557989.4742,OK,0.0000,395.1503,4.0000,96.0000,AG03-UNRESOLVED,ALL5_LEVELS_bet23_to_bet27,395.1503,395.1503,395.1503,0.0000,0.0000,4.000000,4.000000,4.000000,0.000000,0.000000,96.000000,96.000000,96.000000,100.000000,100.000000,5.0,1185.4509,1138.6651,8693.3065,8740.0923,PENDING_AG03,FALSE,NOT_FOR_ENFORCEMENT,9483.6071,484680.3568,9878.7574,9483.6071,395.1503,0.01770420,0.01699603,395.1503,9483.6071,0.01699603,395.1503,395.1503,395.1503,0.0000,0.0000,9483.6071,0.01699603,1185.4509,1138.6651,8693.3065,8740.0923,0.01557970,0.01566354,0.00070817,22.4534,20.6030,0.4031,82.3230,2.6463,4649.9123,204.2083,25.9152,21.1137,12.8578,14.5296,26.176,48.8436,54.2173,102.8621,13.088,0.0,3.731508,7.079487,1.545355,30,207,63,6,0.32204186,0.01770420,-0.00338982,0E-8,0.000000,0.904812,0.002133,0.03111404,2026-03-21,2026-08-06,120,3733,1703,139,0.863309,1.227414,1.154177,1.073473,,,,,,,,GLOBAL_BASELINE_NO_ENTITY_RANKING,,,NOT_APPLICABLE_GLOBAL_BASELINE,HF9g-P5,,,,X 全窗基线 · 不参与实体赏罚,15053427,1506,A168_HF9F_20260827_0900,2026-08-27 09:00:00
2026-06-29,127529701,1714,0,115.7199063955,102.8621390182,102.8621390182,1.0000000,4,4,0.49659680000000000,0.496596800000,1.7438802330937357,1.7438802330937355,1.7438802330937357,0E-17,ELIGIBLE,R03b_20260811_FULL_v1,L1_ELIGIBILITY,v2026-08-11,2026-03-21..2026-08-06,baccarat_bet02_101_all_pairs_incl_sentinel,round_win = game_pnl > 0 (decisive only),COMPATIBILITY_ONLY_NOT_PRODUCTION,557989.4742,504875.3716,9878.7574,24851,24505,-0.01770420,0.00338982,-0.02772422,-0.01770420,-9878.7574,557989.4742,OK,0.0000,395.1503,4.0000,96.0000,AG03-UNRESOLVED,ALL5_LEVELS_bet23_to_bet27,395.1503,395.1503,395.1503,0.0000,0.0000,4.000000,4.000000,4.000000,0.000000,0.000000,96.000000,96.000000,96.000000,100.000000,100.000000,5.0,1185.4509,1138.6651,8693.3065,8740.0923,PENDING_AG03,FALSE,NOT_FOR_ENFORCEMENT,9483.6071,484680.3568,9878.7574,9483.6071,395.1503,0.01770420,0.01699603,395.1503,9483.6071,0.01699603,395.1503,395.1503,395.1503,0.0000,0.0000,9483.6071,0.01699603,1185.4509,1138.6651,8693.3065,8740.0923,0.01557970,0.01566354,0.00070817,22.4534,20.6030,0.4031,82.3230,2.6463,4649.9123,204.2083,25.9152,21.1137,12.8578,14.5296,26.176,48.8436,54.2173,102.8621,13.088,0.0,3.731508,7.079487,1.545355,30,207,63,6,0.32204186,0.01770420,-0.00338982,0E-8,0.000000,0.904812,0.002133,0.03111404,2026-03-21,2026-08-06,120,3733,1703,139,0.863309,1.227414,1.154177,1.073473,,,,,,,,GLOBAL_BASELINE_NO_ENTITY_RANKING,,,NOT_APPLICABLE_GLOBAL_BASELINE,HF9g-P5,,,,X 全窗基线 · 不参与实体赏罚,15053428,1506,A168_HF9F_20260827_0900,2026-08-27 09:00:00
2026-06-29,127529701,1941,0,90.0043716409,38.5733021319,38.5733021319,0.5000000,2,2,0.49324550000000000,0.493245500000,0.01910635448239258,0.01910635448239258,0.01910635448239258,0E-17,ELIGIBLE,R03b_20260811_FULL_v1,L1_ELIGIBILITY,v2026-08-11,2026-03-21..2026-08-06,baccarat_bet02_101_all_pairs_incl_sentinel,round_win = game_pnl > 0 (decisive only),COMPATIBILITY_ONLY_NOT_PRODUCTION,557989.4742,504875.3716,9878.7574,24851,24505,-0.01770420,0.00338982,-0.02772422,-0.01770420,-9878.7574,557989.4742,OK,0.0000,395.1503,4.0000,96.0000,AG03-UNRESOLVED,ALL5_LEVELS_bet23_to_bet27,395.1503,395.1503,395.1503,0.0000,0.0000,4.000000,4.000000,4.000000,0.000000,0.000000,96.000000,96.000000,96.000000,100.000000,100.000000,5.0,1185.4509,1138.6651,8693.3065,8740.0923,PENDING_AG03,FALSE,NOT_FOR_ENFORCEMENT,9483.6071,484680.3568,9878.7574,9483.6071,395.1503,0.01770420,0.01699603,395.1503,9483.6071,0.01699603,395.1503,395.1503,395.1503,0.0000,0.0000,9483.6071,0.01699603,1185.4509,1138.6651,8693.3065,8740.0923,0.01557970,0.01566354,0.00070817,22.4534,20.6030,0.4031,82.3230,2.6463,4649.9123,204.2083,25.9152,21.1137,12.8578,14.5296,26.176,48.8436,54.2173,102.8621,13.088,0.0,3.731508,7.079487,1.545355,30,207,63,6,0.32204186,0.01770420,-0.00338982,0E-8,0.000000,0.904812,0.002133,0.03111404,2026-03-21,2026-08-06,120,3733,1703,139,0.863309,1.227414,1.154177,1.073473,,,,,,,,GLOBAL_BASELINE_NO_ENTITY_RANKING,,,NOT_APPLICABLE_GLOBAL_BASELINE,HF9g-P5,,,,X 全窗基线 · 不参与实体赏罚,15053429,1506,A168_HF9F_20260827_0900,2026-08-27 09:00:00
2026-06-29,127529701,1942,0,12.8577673773,-12.8577673773,-12.8577673773,0E-7,1,1,0.49324550000000000,0.493245500000,-0.9865810262130424,-0.9865810262130424,-0.9865810262130424,0E-17,ELIGIBLE,R03b_20260811_FULL_v1,L1_ELIGIBILITY,v2026-08-11,2026-03-21..2026-08-06,baccarat_bet02_101_all_pairs_incl_sentinel,round_win = game_pnl > 0 (decisive only),COMPATIBILITY_ONLY_NOT_PRODUCTION,557989.4742,504875.3716,9878.7574,24851,24505,-0.01770420,0.00338982,-0.02772422,-0.01770420,-9878.7574,557989.4742,OK,0.0000,395.1503,4.0000,96.0000,AG03-UNRESOLVED,ALL5_LEVELS_bet23_to_bet27,395.1503,395.1503,395.1503,0.0000,0.0000,4.000000,4.000000,4.000000,0.000000,0.000000,96.000000,96.000000,96.000000,100.000000,100.000000,5.0,1185.4509,1138.6651,8693.3065,8740.0923,PENDING_AG03,FALSE,NOT_FOR_ENFORCEMENT,9483.6071,484680.3568,9878.7574,9483.6071,395.1503,0.01770420,0.01699603,395.1503,9483.6071,0.01699603,395.1503,395.1503,395.1503,0.0000,0.0000,9483.6071,0.01699603,1185.4509,1138.6651,8693.3065,8740.0923,0.01557970,0.01566354,0.00070817,22.4534,20.6030,0.4031,82.3230,2.6463,4649.9123,204.2083,25.9152,21.1137,12.8578,14.5296,26.176,48.8436,54.2173,102.8621,13.088,0.0,3.731508,7.079487,1.545355,30,207,63,6,0.32204186,0.01770420,-0.00338982,0E-8,0.000000,0.904812,0.002133,0.03111404,2026-03-21,2026-08-06,120,3733,1703,139,0.863309,1.227414,1.154177,1.073473,,,,,,,,GLOBAL_BASELINE_NO_ENTITY_RANKING,,,NOT_APPLICABLE_GLOBAL_BASELINE,HF9g-P5,,,,X 全窗基线 · 不参与实体赏罚,15053430,1506,A168_HF9F_20260827_0900,2026-08-27 09:00:00
2026-06-29,127529701,2103,0,295.2143389822,-91.6758814001,-91.6758814001,0.4444444,9,9,0.49920336666666667,0.499203366667,-0.3285539503504811,-0.3285539503524808,-0.3285539503504811,-3.3333E-13,ELIGIBLE,R03b_20260811_FULL_v1,L1_ELIGIBILITY,v2026-08-11,2026-03-21..2026-08-06,baccarat_bet02_101_all_pairs_incl_sentinel,round_win = game_pnl > 0 (decisive only),COMPATIBILITY_ONLY_NOT_PRODUCTION,557989.4742,504875.3716,9878.7574,24851,24505,-0.01770420,0.00338982,-0.02772422,-0.01770420,-9878.7574,557989.4742,OK,0.0000,395.1503,4.0000,96.0000,AG03-UNRESOLVED,ALL5_LEVELS_bet23_to_bet27,395.1503,395.1503,395.1503,0.0000,0.0000,4.000000,4.000000,4.000000,0.000000,0.000000,96.000000,96.000000,96.000000,100.000000,100.000000,5.0,1185.4509,1138.6651,8693.3065,8740.0923,PENDING_AG03,FALSE,NOT_FOR_ENFORCEMENT,9483.6071,484680.3568,9878.7574,9483.6071,395.1503,0.01770420,0.01699603,395.1503,9483.6071,0.01699603,395.1503,395.1503,395.1503,0.0000,0.0000,9483.6071,0.01699603,1185.4509,1138.6651,8693.3065,8740.0923,0.01557970,0.01566354,0.00070817,22.4534,20.6030,0.4031,82.3230,2.6463,4649.9123,204.2083,25.9152,21.1137,12.8578,14.5296,26.176,48.8436,54.2173,102.8621,13.088,0.0,3.731508,7.079487,1.545355,30,207,63,6,0.32204186,0.01770420,-0.00338982,0E-8,0.000000,0.904812,0.002133,0.03111404,2026-03-21,2026-08-06,120,3733,1703,139,0.863309,1.227414,1.154177,1.073473,,,,,,,,GLOBAL_BASELINE_NO_ENTITY_RANKING,,,NOT_APPLICABLE_GLOBAL_BASELINE,HF9g-P5,,,,X 全窗基线 · 不参与实体赏罚,15053431,1506,A168_HF9F_20260827_0900,2026-08-27 09:00:00
2026-06-29,127529701,2108,0,122.1487900841,104.7908041248,104.7908041248,0.8571429,7,7,0.50090561428571429,0.500905614286,1.8850333966533306,1.8850333966518211,1.8850333966533306,-2.8571E-13,ELIGIBLE,R03b_20260811_FULL_v1,L1_ELIGIBILITY,v2026-08-11,2026-03-21..2026-08-06,baccarat_bet02_101_all_pairs_incl_sentinel,round_win = game_pnl > 0 (decisive only),COMPATIBILITY_ONLY_NOT_PRODUCTION,557989.4742,504875.3716,9878.7574,24851,24505,-0.01770420,0.00338982,-0.02772422,-0.01770420,-9878.7574,557989.4742,OK,0.0000,395.1503,4.0000,96.0000,AG03-UNRESOLVED,ALL5_LEVELS_bet23_to_bet27,395.1503,395.1503,395.1503,0.0000,0.0000,4.000000,4.000000,4.000000,0.000000,0.000000,96.000000,96.000000,96.000000,100.000000,100.000000,5.0,1185.4509,1138.6651,8693.3065,8740.0923,PENDING_AG03,FALSE,NOT_FOR_ENFORCEMENT,9483.6071,484680.3568,9878.7574,9483.6071,395.1503,0.01770420,0.01699603,395.1503,9483.6071,0.01699603,395.1503,395.1503,395.1503,0.0000,0.0000,9483.6071,0.01699603,1185.4509,1138.6651,8693.3065,8740.0923,0.01557970,0.01566354,0.00070817,22.4534,20.6030,0.4031,82.3230,2.6463,4649.9123,204.2083,25.9152,21.1137,12.8578,14.5296,26.176,48.8436,54.2173,102.8621,13.088,0.0,3.731508,7.079487,1.545355,30,207,63,6,0.32204186,0.01770420,-0.00338982,0E-8,0.000000,0.904812,0.002133,0.03111404,2026-03-21,2026-08-06,120,3733,1703,139,0.863309,1.227414,1.154177,1.073473,,,,,,,,GLOBAL_BASELINE_NO_ENTITY_RANKING,,,NOT_APPLICABLE_GLOBAL_BASELINE,HF9g-P5,,,,X 全窗基线 · 不参与实体赏罚,15053432,1506,A168_HF9F_20260827_0900,2026-08-27 09:00:00
2026-06-29,127529701,2117,0,175.6371023735,1.9286651066,1.9286651066,0.6666667,5,5,0.49592654000000000,0.495926540000,0.5914807778519792,0.5914807778519792,0.5914807778519792,0E-17,ELIGIBLE,R03b_20260811_FULL_v1,L1_ELIGIBILITY,v2026-08-11,2026-03-21..2026-08-06,baccarat_bet02_101_all_pairs_incl_sentinel,round_win = game_pnl > 0 (decisive only),COMPATIBILITY_ONLY_NOT_PRODUCTION,557989.4742,504875.3716,9878.7574,24851,24505,-0.01770420,0.00338982,-0.02772422,-0.01770420,-9878.7574,557989.4742,OK,0.0000,395.1503,4.0000,96.0000,AG03-UNRESOLVED,ALL5_LEVELS_bet23_to_bet27,395.1503,395.1503,395.1503,0.0000,0.0000,4.000000,4.000000,4.000000,0.000000,0.000000,96.000000,96.000000,96.000000,100.000000,100.000000,5.0,1185.4509,1138.6651,8693.3065,8740.0923,PENDING_AG03,FALSE,NOT_FOR_ENFORCEMENT,9483.6071,484680.3568,9878.7574,9483.6071,395.1503,0.01770420,0.01699603,395.1503,9483.6071,0.01699603,395.1503,395.1503,395.1503,0.0000,0.0000,9483.6071,0.01699603,1185.4509,1138.6651,8693.3065,8740.0923,0.01557970,0.01566354,0.00070817,22.4534,20.6030,0.4031,82.3230,2.6463,4649.9123,204.2083,25.9152,21.1137,12.8578,14.5296,26.176,48.8436,54.2173,102.8621,13.088,0.0,3.731508,7.079487,1.545355,30,207,63,6,0.32204186,0.01770420,-0.00338982,0E-8,0.000000,0.904812,0.002133,0.03111404,2026-03-21,2026-08-06,120,3733,1703,139,0.863309,1.227414,1.154177,1.073473,,,,,,,,GLOBAL_BASELINE_NO_ENTITY_RANKING,,,NOT_APPLICABLE_GLOBAL_BASELINE,HF9g-P5,,,,X 全窗基线 · 不参与实体赏罚,15053433,1506,A168_HF9F_20260827_0900,2026-08-27 09:00:00
2026-06-29,127529701,2130,0,77.1466042636,-77.1466042636,-77.1466042636,0E-7,1,1,0.50665070000000000,0.506650700000,-1.013391052207602,-1.013391052207602,-1.013391052207602,0E-17,ELIGIBLE,R03b_20260811_FULL_v1,L1_ELIGIBILITY,v2026-08-11,2026-03-21..2026-08-06,baccarat_bet02_101_all_pairs_incl_sentinel,round_win = game_pnl > 0 (decisive only),COMPATIBILITY_ONLY_NOT_PRODUCTION,557989.4742,504875.3716,9878.7574,24851,24505,-0.01770420,0.00338982,-0.02772422,-0.01770420,-9878.7574,557989.4742,OK,0.0000,395.1503,4.0000,96.0000,AG03-UNRESOLVED,ALL5_LEVELS_bet23_to_bet27,395.1503,395.1503,395.1503,0.0000,0.0000,4.000000,4.000000,4.000000,0.000000,0.000000,96.000000,96.000000,96.000000,100.000000,100.000000,5.0,1185.4509,1138.6651,8693.3065,8740.0923,PENDING_AG03,FALSE,NOT_FOR_ENFORCEMENT,9483.6071,484680.3568,9878.7574,9483.6071,395.1503,0.01770420,0.01699603,395.1503,9483.6071,0.01699603,395.1503,395.1503,395.1503,0.0000,0.0000,9483.6071,0.01699603,1185.4509,1138.6651,8693.3065,8740.0923,0.01557970,0.01566354,0.00070817,22.4534,20.6030,0.4031,82.3230,2.6463,4649.9123,204.2083,25.9152,21.1137,12.8578,14.5296,26.176,48.8436,54.2173,102.8621,13.088,0.0,3.731508,7.079487,1.545355,30,207,63,6,0.32204186,0.01770420,-0.00338982,0E-8,0.000000,0.904812,0.002133,0.03111404,2026-03-21,2026-08-06,120,3733,1703,139,0.863309,1.227414,1.154177,1.073473,,,,,,,,GLOBAL_BASELINE_NO_ENTITY_RANKING,,,NOT_APPLICABLE_GLOBAL_BASELINE,HF9g-P5,,,,X 全窗基线 · 不参与实体赏罚,15053434,1506,A168_HF9F_20260827_0900,2026-08-27 09:00:00
2026-06-29,127529701,2152,0,460.3080721064,50.9424743487,50.9424743487,0.4166667,12,12,0.50218230000000000,0.502182300000,-0.5924753303744056,-0.5924753303744057,-0.5924753303744056,0E-17,ELIGIBLE,R03b_20260811_FULL_v1,L1_ELIGIBILITY,v2026-08-11,2026-03-21..2026-08-06,baccarat_bet02_101_all_pairs_incl_sentinel,round_win = game_pnl > 0 (decisive only),COMPATIBILITY_ONLY_NOT_PRODUCTION,557989.4742,504875.3716,9878.7574,24851,24505,-0.01770420,0.00338982,-0.02772422,-0.01770420,-9878.7574,557989.4742,OK,0.0000,395.1503,4.0000,96.0000,AG03-UNRESOLVED,ALL5_LEVELS_bet23_to_bet27,395.1503,395.1503,395.1503,0.0000,0.0000,4.000000,4.000000,4.000000,0.000000,0.000000,96.000000,96.000000,96.000000,100.000000,100.000000,5.0,1185.4509,1138.6651,8693.3065,8740.0923,PENDING_AG03,FALSE,NOT_FOR_ENFORCEMENT,9483.6071,484680.3568,9878.7574,9483.6071,395.1503,0.01770420,0.01699603,395.1503,9483.6071,0.01699603,395.1503,395.1503,395.1503,0.0000,0.0000,9483.6071,0.01699603,1185.4509,1138.6651,8693.3065,8740.0923,0.01557970,0.01566354,0.00070817,22.4534,20.6030,0.4031,82.3230,2.6463,4649.9123,204.2083,25.9152,21.1137,12.8578,14.5296,26.176,48.8436,54.2173,102.8621,13.088,0.0,3.731508,7.079487,1.545355,30,207,63,6,0.32204186,0.01770420,-0.00338982,0E-8,0.000000,0.904812,0.002133,0.03111404,2026-03-21,2026-08-06,120,3733,1703,139,0.863309,1.227414,1.154177,1.073473,,,,,,,,GLOBAL_BASELINE_NO_ENTITY_RANKING,,,NOT_APPLICABLE_GLOBAL_BASELINE,HF9g-P5,,,,X 全窗基线 · 不参与实体赏罚,15053435,1506,A168_HF9F_20260827_0900,2026-08-27 09:00:00
2026-06-29,127529701,2155,0,34.7159719187,-9.6433255330,-9.6433255330,0.5000000,2,2,0.49994810000000000,0.499948100000,0.00014679536856514622,0.00014679536856514622,0.00014679536856514622,0E-17,ELIGIBLE,R03b_20260811_FULL_v1,L1_ELIGIBILITY,v2026-08-11,2026-03-21..2026-08-06,baccarat_bet02_101_all_pairs_incl_sentinel,round_win = game_pnl > 0 (decisive only),COMPATIBILITY_ONLY_NOT_PRODUCTION,557989.4742,504875.3716,9878.7574,24851,24505,-0.01770420,0.00338982,-0.02772422,-0.01770420,-9878.7574,557989.4742,OK,0.0000,395.1503,4.0000,96.0000,AG03-UNRESOLVED,ALL5_LEVELS_bet23_to_bet27,395.1503,395.1503,395.1503,0.0000,0.0000,4.000000,4.000000,4.000000,0.000000,0.000000,96.000000,96.000000,96.000000,100.000000,100.000000,5.0,1185.4509,1138.6651,8693.3065,8740.0923,PENDING_AG03,FALSE,NOT_FOR_ENFORCEMENT,9483.6071,484680.3568,9878.7574,9483.6071,395.1503,0.01770420,0.01699603,395.1503,9483.6071,0.01699603,395.1503,395.1503,395.1503,0.0000,0.0000,9483.6071,0.01699603,1185.4509,1138.6651,8693.3065,8740.0923,0.01557970,0.01566354,0.00070817,22.4534,20.6030,0.4031,82.3230,2.6463,4649.9123,204.2083,25.9152,21.1137,12.8578,14.5296,26.176,48.8436,54.2173,102.8621,13.088,0.0,3.731508,7.079487,1.545355,30,207,63,6,0.32204186,0.01770420,-0.00338982,0E-8,0.000000,0.904812,0.002133,0.03111404,2026-03-21,2026-08-06,120,3733,1703,139,0.863309,1.227414,1.154177,1.073473,,,,,,,,GLOBAL_BASELINE_NO_ENTITY_RANKING,,,NOT_APPLICABLE_GLOBAL_BASELINE,HF9g-P5,,,,X 全窗基线 · 不参与实体赏罚,15053436,1506,A168_HF9F_20260827_0900,2026-08-27 09:00:00
2026-06-29,127529701,2174,0,187.2090930131,115.5913287217,115.5913287217,0.8000000,5,5,0.49860758000000000,0.498607580000,1.3478731046594083,1.3478731046594083,1.3478731046594083,0E-17,ELIGIBLE,R03b_20260811_FULL_v1,L1_ELIGIBILITY,v2026-08-11,2026-03-21..2026-08-06,baccarat_bet02_101_all_pairs_incl_sentinel,round_win = game_pnl > 0 (decisive only),COMPATIBILITY_ONLY_NOT_PRODUCTION,557989.4742,504875.3716,9878.7574,24851,24505,-0.01770420,0.00338982,-0.02772422,-0.01770420,-9878.7574,557989.4742,OK,0.0000,395.1503,4.0000,96.0000,AG03-UNRESOLVED,ALL5_LEVELS_bet23_to_bet27,395.1503,395.1503,395.1503,0.0000,0.0000,4.000000,4.000000,4.000000,0.000000,0.000000,96.000000,96.000000,96.000000,100.000000,100.000000,5.0,1185.4509,1138.6651,8693.3065,8740.0923,PENDING_AG03,FALSE,NOT_FOR_ENFORCEMENT,9483.6071,484680.3568,9878.7574,9483.6071,395.1503,0.01770420,0.01699603,395.1503,9483.6071,0.01699603,395.1503,395.1503,395.1503,0.0000,0.0000,9483.6071,0.01699603,1185.4509,1138.6651,8693.3065,8740.0923,0.01557970,0.01566354,0.00070817,22.4534,20.6030,0.4031,82.3230,2.6463,4649.9123,204.2083,25.9152,21.1137,12.8578,14.5296,26.176,48.8436,54.2173,102.8621,13.088,0.0,3.731508,7.079487,1.545355,30,207,63,6,0.32204186,0.01770420,-0.00338982,0E-8,0.000000,0.904812,0.002133,0.03111404,2026-03-21,2026-08-06,120,3733,1703,139,0.863309,1.227414,1.154177,1.073473,,,,,,,,GLOBAL_BASELINE_NO_ENTITY_RANKING,,,NOT_APPLICABLE_GLOBAL_BASELINE,HF9g-P5,,,,X 全窗基线 · 不参与实体赏罚,15053437,1506,A168_HF9F_20260827_0900,2026-08-27 09:00:00
2026-06-29,127529701,2188,0,98.4904981099,-5.2073957878,-5.2073957878,0.5000000,5,5,0.50665070000000000,0.506650700000,-0.02660515369234503,-0.02660515369234503,-0.02660515369234503,0E-17,ELIGIBLE,R03b_20260811_FULL_v1,L1_ELIGIBILITY,v2026-08-11,2026-03-21..2026-08-06,baccarat_bet02_101_all_pairs_incl_sentinel,round_win = game_pnl > 0 (decisive only),COMPATIBILITY_ONLY_NOT_PRODUCTION,557989.4742,504875.3716,9878.7574,24851,24505,-0.01770420,0.00338982,-0.02772422,-0.01770420,-9878.7574,557989.4742,OK,0.0000,395.1503,4.0000,96.0000,AG03-UNRESOLVED,ALL5_LEVELS_bet23_to_bet27,395.1503,395.1503,395.1503,0.0000,0.0000,4.000000,4.000000,4.000000,0.000000,0.000000,96.000000,96.000000,96.000000,100.000000,100.000000,5.0,1185.4509,1138.6651,8693.3065,8740.0923,PENDING_AG03,FALSE,NOT_FOR_ENFORCEMENT,9483.6071,484680.3568,9878.7574,9483.6071,395.1503,0.01770420,0.01699603,395.1503,9483.6071,0.01699603,395.1503,395.1503,395.1503,0.0000,0.0000,9483.6071,0.01699603,1185.4509,1138.6651,8693.3065,8740.0923,0.01557970,0.01566354,0.00070817,22.4534,20.6030,0.4031,82.3230,2.6463,4649.9123,204.2083,25.9152,21.1137,12.8578,14.5296,26.176,48.8436,54.2173,102.8621,13.088,0.0,3.731508,7.079487,1.545355,30,207,63,6,0.32204186,0.01770420,-0.00338982,0E-8,0.000000,0.904812,0.002133,0.03111404,2026-03-21,2026-08-06,120,3733,1703,139,0.863309,1.227414,1.154177,1.073473,,,,,,,,GLOBAL_BASELINE_NO_ENTITY_RANKING,,,NOT_APPLICABLE_GLOBAL_BASELINE,HF9g-P5,,,,X 全窗基线 · 不参与实体赏罚,15053438,1506,A168_HF9F_20260827_0900,2026-08-27 09:00:00
2026-06-29,127529701,2201,0,64.2888368864,38.5733021318,38.5733021318,0.5000000,2,2,0.49324550000000000,0.493245500000,0.01910635448239258,0.01910635448239258,0.01910635448239258,0E-17,ELIGIBLE,R03b_20260811_FULL_v1,L1_ELIGIBILITY,v2026-08-11,2026-03-21..2026-08-06,baccarat_bet02_101_all_pairs_incl_sentinel,round_win = game_pnl > 0 (decisive only),COMPATIBILITY_ONLY_NOT_PRODUCTION,557989.4742,504875.3716,9878.7574,24851,24505,-0.01770420,0.00338982,-0.02772422,-0.01770420,-9878.7574,557989.4742,OK,0.0000,395.1503,4.0000,96.0000,AG03-UNRESOLVED,ALL5_LEVELS_bet23_to_bet27,395.1503,395.1503,395.1503,0.0000,0.0000,4.000000,4.000000,4.000000,0.000000,0.000000,96.000000,96.000000,96.000000,100.000000,100.000000,5.0,1185.4509,1138.6651,8693.3065,8740.0923,PENDING_AG03,FALSE,NOT_FOR_ENFORCEMENT,9483.6071,484680.3568,9878.7574,9483.6071,395.1503,0.01770420,0.01699603,395.1503,9483.6071,0.01699603,395.1503,395.1503,395.1503,0.0000,0.0000,9483.6071,0.01699603,1185.4509,1138.6651,8693.3065,8740.0923,0.01557970,0.01566354,0.00070817,22.4534,20.6030,0.4031,82.3230,2.6463,4649.9123,204.2083,25.9152,21.1137,12.8578,14.5296,26.176,48.8436,54.2173,102.8621,13.088,0.0,3.731508,7.079487,1.545355,30,207,63,6,0.32204186,0.01770420,-0.00338982,0E-8,0.000000,0.904812,0.002133,0.03111404,2026-03-21,2026-08-06,120,3733,1703,139,0.863309,1.227414,1.154177,1.073473,,,,,,,,GLOBAL_BASELINE_NO_ENTITY_RANKING,,,NOT_APPLICABLE_GLOBAL_BASELINE,HF9g-P5,,,,X 全窗基线 · 不参与实体赏罚,15053439,1506,A168_HF9F_20260827_0900,2026-08-27 09:00:00
2026-06-29,127529701,2210,0,41.1448556073,-41.1448556073,-41.1448556073,0E-7,2,2,0.49994810000000000,0.499948100000,-1.4140667746232096,-1.4140667746232096,-1.4140667746232096,0E-17,ELIGIBLE,R03b_20260811_FULL_v1,L1_ELIGIBILITY,v2026-08-11,2026-03-21..2026-08-06,baccarat_bet02_101_all_pairs_incl_sentinel,round_win = game_pnl > 0 (decisive only),COMPATIBILITY_ONLY_NOT_PRODUCTION,557989.4742,504875.3716,9878.7574,24851,24505,-0.01770420,0.00338982,-0.02772422,-0.01770420,-9878.7574,557989.4742,OK,0.0000,395.1503,4.0000,96.0000,AG03-UNRESOLVED,ALL5_LEVELS_bet23_to_bet27,395.1503,395.1503,395.1503,0.0000,0.0000,4.000000,4.000000,4.000000,0.000000,0.000000,96.000000,96.000000,96.000000,100.000000,100.000000,5.0,1185.4509,1138.6651,8693.3065,8740.0923,PENDING_AG03,FALSE,NOT_FOR_ENFORCEMENT,9483.6071,484680.3568,9878.7574,9483.6071,395.1503,0.01770420,0.01699603,395.1503,9483.6071,0.01699603,395.1503,395.1503,395.1503,0.0000,0.0000,9483.6071,0.01699603,1185.4509,1138.6651,8693.3065,8740.0923,0.01557970,0.01566354,0.00070817,22.4534,20.6030,0.4031,82.3230,2.6463,4649.9123,204.2083,25.9152,21.1137,12.8578,14.5296,26.176,48.8436,54.2173,102.8621,13.088,0.0,3.731508,7.079487,1.545355,30,207,63,6,0.32204186,0.01770420,-0.00338982,0E-8,0.000000,0.904812,0.002133,0.03111404,2026-03-21,2026-08-06,120,3733,1703,139,0.863309,1.227414,1.154177,1.073473,,,,,,,,GLOBAL_BASELINE_NO_ENTITY_RANKING,,,NOT_APPLICABLE_GLOBAL_BASELINE,HF9g-P5,,,,X 全窗基线 · 不参与实体赏罚,15053440,1506,A168_HF9F_20260827_0900,2026-08-27 09:00:00
2026-06-29,127529701,2216,0,12.8577673773,-12.8577673773,-12.8577673773,0E-7,1,1,0.50665070000000000,0.506650700000,-1.013391052207602,-1.013391052207602,-1.013391052207602,0E-17,ELIGIBLE,R03b_20260811_FULL_v1,L1_ELIGIBILITY,v2026-08-11,2026-03-21..2026-08-06,baccarat_bet02_101_all_pairs_incl_sentinel,round_win = game_pnl > 0 (decisive only),COMPATIBILITY_ONLY_NOT_PRODUCTION,557989.4742,504875.3716,9878.7574,24851,24505,-0.01770420,0.00338982,-0.02772422,-0.01770420,-9878.7574,557989.4742,OK,0.0000,395.1503,4.0000,96.0000,AG03-UNRESOLVED,ALL5_LEVELS_bet23_to_bet27,395.1503,395.1503,395.1503,0.0000,0.0000,4.000000,4.000000,4.000000,0.000000,0.000000,96.000000,96.000000,96.000000,100.000000,100.000000,5.0,1185.4509,1138.6651,8693.3065,8740.0923,PENDING_AG03,FALSE,NOT_FOR_ENFORCEMENT,9483.6071,484680.3568,9878.7574,9483.6071,395.1503,0.01770420,0.01699603,395.1503,9483.6071,0.01699603,395.1503,395.1503,395.1503,0.0000,0.0000,9483.6071,0.01699603,1185.4509,1138.6651,8693.3065,8740.0923,0.01557970,0.01566354,0.00070817,22.4534,20.6030,0.4031,82.3230,2.6463,4649.9123,204.2083,25.9152,21.1137,12.8578,14.5296,26.176,48.8436,54.2173,102.8621,13.088,0.0,3.731508,7.079487,1.545355,30,207,63,6,0.32204186,0.01770420,-0.00338982,0E-8,0.000000,0.904812,0.002133,0.03111404,2026-03-21,2026-08-06,120,3733,1703,139,0.863309,1.227414,1.154177,1.073473,,,,,,,,GLOBAL_BASELINE_NO_ENTITY_RANKING,,,NOT_APPLICABLE_GLOBAL_BASELINE,HF9g-P5,,,,X 全窗基线 · 不参与实体赏罚,15053441,1506,A168_HF9F_20260827_0900,2026-08-27 09:00:00
2026-06-29,127529701,2218,0,418.1345951089,41.6848818371,41.6848818371,0.5454545,11,11,0.49933877272727273,0.499338772727,0.30589769759755747,0.30589769759936675,0.30589769759755747,2.7273E-13,ELIGIBLE,R03b_20260811_FULL_v1,L1_ELIGIBILITY,v2026-08-11,2026-03-21..2026-08-06,baccarat_bet02_101_all_pairs_incl_sentinel,round_win = game_pnl > 0 (decisive only),COMPATIBILITY_ONLY_NOT_PRODUCTION,557989.4742,504875.3716,9878.7574,24851,24505,-0.01770420,0.00338982,-0.02772422,-0.01770420,-9878.7574,557989.4742,OK,0.0000,395.1503,4.0000,96.0000,AG03-UNRESOLVED,ALL5_LEVELS_bet23_to_bet27,395.1503,395.1503,395.1503,0.0000,0.0000,4.000000,4.000000,4.000000,0.000000,0.000000,96.000000,96.000000,96.000000,100.000000,100.000000,5.0,1185.4509,1138.6651,8693.3065,8740.0923,PENDING_AG03,FALSE,NOT_FOR_ENFORCEMENT,9483.6071,484680.3568,9878.7574,9483.6071,395.1503,0.01770420,0.01699603,395.1503,9483.6071,0.01699603,395.1503,395.1503,395.1503,0.0000,0.0000,9483.6071,0.01699603,1185.4509,1138.6651,8693.3065,8740.0923,0.01557970,0.01566354,0.00070817,22.4534,20.6030,0.4031,82.3230,2.6463,4649.9123,204.2083,25.9152,21.1137,12.8578,14.5296,26.176,48.8436,54.2173,102.8621,13.088,0.0,3.731508,7.079487,1.545355,30,207,63,6,0.32204186,0.01770420,-0.00338982,0E-8,0.000000,0.904812,0.002133,0.03111404,2026-03-21,2026-08-06,120,3733,1703,139,0.863309,1.227414,1.154177,1.073473,,,,,,,,GLOBAL_BASELINE_NO_ENTITY_RANKING,,,NOT_APPLICABLE_GLOBAL_BASELINE,HF9g-P5,,,,X 全窗基线 · 不参与实体赏罚,15053442,1506,A168_HF9F_20260827_0900,2026-08-27 09:00:00
2026-06-29,127529701,2233,0,90.0043716409,36.0017486564,36.0017486564,0.6666667,3,3,0.49771390000000000,0.497713900000,0.5852756695216578,0.5852756695216578,0.5852756695216578,0E-17,ELIGIBLE,R03b_20260811_FULL_v1,L1_ELIGIBILITY,v2026-08-11,2026-03-21..2026-08-06,baccarat_bet02_101_all_pairs_incl_sentinel,round_win = game_pnl > 0 (decisive only),COMPATIBILITY_ONLY_NOT_PRODUCTION,557989.4742,504875.3716,9878.7574,24851,24505,-0.01770420,0.00338982,-0.02772422,-0.01770420,-9878.7574,557989.4742,OK,0.0000,395.1503,4.0000,96.0000,AG03-UNRESOLVED,ALL5_LEVELS_bet23_to_bet27,395.1503,395.1503,395.1503,0.0000,0.0000,4.000000,4.000000,4.000000,0.000000,0.000000,96.000000,96.000000,96.000000,100.000000,100.000000,5.0,1185.4509,1138.6651,8693.3065,8740.0923,PENDING_AG03,FALSE,NOT_FOR_ENFORCEMENT,9483.6071,484680.3568,9878.7574,9483.6071,395.1503,0.01770420,0.01699603,395.1503,9483.6071,0.01699603,395.1503,395.1503,395.1503,0.0000,0.0000,9483.6071,0.01699603,1185.4509,1138.6651,8693.3065,8740.0923,0.01557970,0.01566354,0.00070817,22.4534,20.6030,0.4031,82.3230,2.6463,4649.9123,204.2083,25.9152,21.1137,12.8578,14.5296,26.176,48.8436,54.2173,102.8621,13.088,0.0,3.731508,7.079487,1.545355,30,207,63,6,0.32204186,0.01770420,-0.00338982,0E-8,0.000000,0.904812,0.002133,0.03111404,2026-03-21,2026-08-06,120,3733,1703,139,0.863309,1.227414,1.154177,1.073473,,,,,,,,GLOBAL_BASELINE_NO_ENTITY_RANKING,,,NOT_APPLICABLE_GLOBAL_BASELINE,HF9g-P5,,,,X 全窗基线 · 不参与实体赏罚,15053443,1506,A168_HF9F_20260827_0900,2026-08-27 09:00:00
2026-06-29,127529701,2240,0,38.5733021318,-38.5733021318,-38.5733021318,0E-7,1,1,0.50665070000000000,0.506650700000,-1.013391052207602,-1.013391052207602,-1.013391052207602,0E-17,ELIGIBLE,R03b_20260811_FULL_v1,L1_ELIGIBILITY,v2026-08-11,2026-03-21..2026-08-06,baccarat_bet02_101_all_pairs_incl_sentinel,round_win = game_pnl > 0 (decisive only),COMPATIBILITY_ONLY_NOT_PRODUCTION,557989.4742,504875.3716,9878.7574,24851,24505,-0.01770420,0.00338982,-0.02772422,-0.01770420,-9878.7574,557989.4742,OK,0.0000,395.1503,4.0000,96.0000,AG03-UNRESOLVED,ALL5_LEVELS_bet23_to_bet27,395.1503,395.1503,395.1503,0.0000,0.0000,4.000000,4.000000,4.000000,0.000000,0.000000,96.000000,96.000000,96.000000,100.000000,100.000000,5.0,1185.4509,1138.6651,8693.3065,8740.0923,PENDING_AG03,FALSE,NOT_FOR_ENFORCEMENT,9483.6071,484680.3568,9878.7574,9483.6071,395.1503,0.01770420,0.01699603,395.1503,9483.6071,0.01699603,395.1503,395.1503,395.1503,0.0000,0.0000,9483.6071,0.01699603,1185.4509,1138.6651,8693.3065,8740.0923,0.01557970,0.01566354,0.00070817,22.4534,20.6030,0.4031,82.3230,2.6463,4649.9123,204.2083,25.9152,21.1137,12.8578,14.5296,26.176,48.8436,54.2173,102.8621,13.088,0.0,3.731508,7.079487,1.545355,30,207,63,6,0.32204186,0.01770420,-0.00338982,0E-8,0.000000,0.904812,0.002133,0.03111404,2026-03-21,2026-08-06,120,3733,1703,139,0.863309,1.227414,1.154177,1.073473,,,,,,,,GLOBAL_BASELINE_NO_ENTITY_RANKING,,,NOT_APPLICABLE_GLOBAL_BASELINE,HF9g-P5,,,,X 全窗基线 · 不参与实体赏罚,15053444,1506,A168_HF9F_20260827_0900,2026-08-27 09:00:00
2026-06-29,127529701,2246,0,360.0174865637,163.9365340602,163.9365340602,0.6000000,6,6,0.50218230000000000,0.502182300000,0.4374582199563857,0.4374582199563857,0.4374582199563857,0E-17,ELIGIBLE,R03b_20260811_FULL_v1,L1_ELIGIBILITY,v2026-08-11,2026-03-21..2026-08-06,baccarat_bet02_101_all_pairs_incl_sentinel,round_win = game_pnl > 0 (decisive only),COMPATIBILITY_ONLY_NOT_PRODUCTION,557989.4742,504875.3716,9878.7574,24851,24505,-0.01770420,0.00338982,-0.02772422,-0.01770420,-9878.7574,557989.4742,OK,0.0000,395.1503,4.0000,96.0000,AG03-UNRESOLVED,ALL5_LEVELS_bet23_to_bet27,395.1503,395.1503,395.1503,0.0000,0.0000,4.000000,4.000000,4.000000,0.000000,0.000000,96.000000,96.000000,96.000000,100.000000,100.000000,5.0,1185.4509,1138.6651,8693.3065,8740.0923,PENDING_AG03,FALSE,NOT_FOR_ENFORCEMENT,9483.6071,484680.3568,9878.7574,9483.6071,395.1503,0.01770420,0.01699603,395.1503,9483.6071,0.01699603,395.1503,395.1503,395.1503,0.0000,0.0000,9483.6071,0.01699603,1185.4509,1138.6651,8693.3065,8740.0923,0.01557970,0.01566354,0.00070817,22.4534,20.6030,0.4031,82.3230,2.6463,4649.9123,204.2083,25.9152,21.1137,12.8578,14.5296,26.176,48.8436,54.2173,102.8621,13.088,0.0,3.731508,7.079487,1.545355,30,207,63,6,0.32204186,0.01770420,-0.00338982,0E-8,0.000000,0.904812,0.002133,0.03111404,2026-03-21,2026-08-06,120,3733,1703,139,0.863309,1.227414,1.154177,1.073473,,,,,,,,GLOBAL_BASELINE_NO_ENTITY_RANKING,,,NOT_APPLICABLE_GLOBAL_BASELINE,HF9g-P5,,,,X 全窗基线 · 不参与实体赏罚,15053445,1506,A168_HF9F_20260827_0900,2026-08-27 09:00:00
2026-06-29,127529701,2288,0,14.1435441150,0E-10,0E-10,,1,1,0.50665070000000000,0.506650700000,,,,0E-17,NO_DECISIVE_ROUND,R03b_20260811_FULL_v1,L1_ELIGIBILITY,v2026-08-11,2026-03-21..2026-08-06,baccarat_bet02_101_all_pairs_incl_sentinel,round_win = game_pnl > 0 (decisive only),COMPATIBILITY_ONLY_NOT_PRODUCTION,557989.4742,504875.3716,9878.7574,24851,24505,-0.01770420,0.00338982,-0.02772422,-0.01770420,-9878.7574,557989.4742,OK,0.0000,395.1503,4.0000,96.0000,AG03-UNRESOLVED,ALL5_LEVELS_bet23_to_bet27,395.1503,395.1503,395.1503,0.0000,0.0000,4.000000,4.000000,4.000000,0.000000,0.000000,96.000000,96.000000,96.000000,100.000000,100.000000,5.0,1185.4509,1138.6651,8693.3065,8740.0923,PENDING_AG03,FALSE,NOT_FOR_ENFORCEMENT,9483.6071,484680.3568,9878.7574,9483.6071,395.1503,0.01770420,0.01699603,395.1503,9483.6071,0.01699603,395.1503,395.1503,395.1503,0.0000,0.0000,9483.6071,0.01699603,1185.4509,1138.6651,8693.3065,8740.0923,0.01557970,0.01566354,0.00070817,22.4534,20.6030,0.4031,82.3230,2.6463,4649.9123,204.2083,25.9152,21.1137,12.8578,14.5296,26.176,48.8436,54.2173,102.8621,13.088,0.0,3.731508,7.079487,1.545355,30,207,63,6,0.32204186,0.01770420,-0.00338982,0E-8,0.000000,0.904812,0.002133,0.03111404,2026-03-21,2026-08-06,120,3733,1703,139,0.863309,1.227414,1.154177,1.073473,,,,,,,,GLOBAL_BASELINE_NO_ENTITY_RANKING,,,NOT_APPLICABLE_GLOBAL_BASELINE,HF9g-P5,,,,X 全窗基线 · 不参与实体赏罚,15053446,1506,A168_HF9F_20260827_0900,2026-08-27 09:00:00
2026-06-29,127529701,595,0,43.7164090827,-43.7164090827,-43.7164090827,0E-7,1,1,0.49324550000000000,0.493245500000,-0.9865810262130424,-0.9865810262130424,-0.9865810262130424,0E-17,ELIGIBLE,R03b_20260811_FULL_v1,L1_ELIGIBILITY,v2026-08-11,2026-03-21..2026-08-06,baccarat_bet02_101_all_pairs_incl_sentinel,round_win = game_pnl > 0 (decisive only),COMPATIBILITY_ONLY_NOT_PRODUCTION,557989.4742,504875.3716,9878.7574,24851,24505,-0.01770420,0.00338982,-0.02772422,-0.01770420,-9878.7574,557989.4742,OK,0.0000,395.1503,4.0000,96.0000,AG03-UNRESOLVED,ALL5_LEVELS_bet23_to_bet27,395.1503,395.1503,395.1503,0.0000,0.0000,4.000000,4.000000,4.000000,0.000000,0.000000,96.000000,96.000000,96.000000,100.000000,100.000000,5.0,1185.4509,1138.6651,8693.3065,8740.0923,PENDING_AG03,FALSE,NOT_FOR_ENFORCEMENT,9483.6071,484680.3568,9878.7574,9483.6071,395.1503,0.01770420,0.01699603,395.1503,9483.6071,0.01699603,395.1503,395.1503,395.1503,0.0000,0.0000,9483.6071,0.01699603,1185.4509,1138.6651,8693.3065,8740.0923,0.01557970,0.01566354,0.00070817,22.4534,20.6030,0.4031,82.3230,2.6463,4649.9123,204.2083,25.9152,21.1137,12.8578,14.5296,26.176,48.8436,54.2173,102.8621,13.088,0.0,3.731508,7.079487,1.545355,30,207,63,6,0.32204186,0.01770420,-0.00338982,0E-8,0.000000,0.904812,0.002133,0.03111404,2026-03-21,2026-08-06,120,3733,1703,139,0.863309,1.227414,1.154177,1.073473,,,,,,,,GLOBAL_BASELINE_NO_ENTITY_RANKING,,,NOT_APPLICABLE_GLOBAL_BASELINE,HF9g-P5,,,,X 全窗基线 · 不参与实体赏罚,15053447,1506,A168_HF9F_20260827_0900,2026-08-27 09:00:00
2026-06-29,127529701,789,0,77.1466042636,-77.1466042636,-77.1466042636,0E-7,1,1,0.49324550000000000,0.493245500000,-0.9865810262130424,-0.9865810262130424,-0.9865810262130424,0E-17,ELIGIBLE,R03b_20260811_FULL_v1,L1_ELIGIBILITY,v2026-08-11,2026-03-21..2026-08-06,baccarat_bet02_101_all_pairs_incl_sentinel,round_win = game_pnl > 0 (decisive only),COMPATIBILITY_ONLY_NOT_PRODUCTION,557989.4742,504875.3716,9878.7574,24851,24505,-0.01770420,0.00338982,-0.02772422,-0.01770420,-9878.7574,557989.4742,OK,0.0000,395.1503,4.0000,96.0000,AG03-UNRESOLVED,ALL5_LEVELS_bet23_to_bet27,395.1503,395.1503,395.1503,0.0000,0.0000,4.000000,4.000000,4.000000,0.000000,0.000000,96.000000,96.000000,96.000000,100.000000,100.000000,5.0,1185.4509,1138.6651,8693.3065,8740.0923,PENDING_AG03,FALSE,NOT_FOR_ENFORCEMENT,9483.6071,484680.3568,9878.7574,9483.6071,395.1503,0.01770420,0.01699603,395.1503,9483.6071,0.01699603,395.1503,395.1503,395.1503,0.0000,0.0000,9483.6071,0.01699603,1185.4509,1138.6651,8693.3065,8740.0923,0.01557970,0.01566354,0.00070817,22.4534,20.6030,0.4031,82.3230,2.6463,4649.9123,204.2083,25.9152,21.1137,12.8578,14.5296,26.176,48.8436,54.2173,102.8621,13.088,0.0,3.731508,7.079487,1.545355,30,207,63,6,0.32204186,0.01770420,-0.00338982,0E-8,0.000000,0.904812,0.002133,0.03111404,2026-03-21,2026-08-06,120,3733,1703,139,0.863309,1.227414,1.154177,1.073473,,,,,,,,GLOBAL_BASELINE_NO_ENTITY_RANKING,,,NOT_APPLICABLE_GLOBAL_BASELINE,HF9g-P5,,,,X 全窗基线 · 不参与实体赏罚,15053448,1506,A168_HF9F_20260827_0900,2026-08-27 09:00:00
2026-06-29,127529701,986,0,662.6893306246,154.4217862008,154.4217862008,0.4285714,17,17,0.50034237058823529,0.500342370588,-0.5370846766174077,-0.5370846766156467,-0.5370846766174077,2.3529E-13,ELIGIBLE,R03b_20260811_FULL_v1,L1_ELIGIBILITY,v2026-08-11,2026-03-21..2026-08-06,baccarat_bet02_101_all_pairs_incl_sentinel,round_win = game_pnl > 0 (decisive only),COMPATIBILITY_ONLY_NOT_PRODUCTION,557989.4742,504875.3716,9878.7574,24851,24505,-0.01770420,0.00338982,-0.02772422,-0.01770420,-9878.7574,557989.4742,OK,0.0000,395.1503,4.0000,96.0000,AG03-UNRESOLVED,ALL5_LEVELS_bet23_to_bet27,395.1503,395.1503,395.1503,0.0000,0.0000,4.000000,4.000000,4.000000,0.000000,0.000000,96.000000,96.000000,96.000000,100.000000,100.000000,5.0,1185.4509,1138.6651,8693.3065,8740.0923,PENDING_AG03,FALSE,NOT_FOR_ENFORCEMENT,9483.6071,484680.3568,9878.7574,9483.6071,395.1503,0.01770420,0.01699603,395.1503,9483.6071,0.01699603,395.1503,395.1503,395.1503,0.0000,0.0000,9483.6071,0.01699603,1185.4509,1138.6651,8693.3065,8740.0923,0.01557970,0.01566354,0.00070817,22.4534,20.6030,0.4031,82.3230,2.6463,4649.9123,204.2083,25.9152,21.1137,12.8578,14.5296,26.176,48.8436,54.2173,102.8621,13.088,0.0,3.731508,7.079487,1.545355,30,207,63,6,0.32204186,0.01770420,-0.00338982,0E-8,0.000000,0.904812,0.002133,0.03111404,2026-03-21,2026-08-06,120,3733,1703,139,0.863309,1.227414,1.154177,1.073473,,,,,,,,GLOBAL_BASELINE_NO_ENTITY_RANKING,,,NOT_APPLICABLE_GLOBAL_BASELINE,HF9g-P5,,,,X 全窗基线 · 不参与实体赏罚,15053449,1506,A168_HF9F_20260827_0900,2026-08-27 09:00:00
2026-06-30,127529701,-1,1,575.7364521209,-115.4441948728,-115.4441948728,0.5882353,17,17,0.50034237058823529,0.500342370588,0.7247837848270811,0.7247837848290212,0.7247837848270811,2.3529E-13,SENTINEL_DEALER,R03b_20260811_FULL_v1,L1_ELIGIBILITY,v2026-08-11,2026-03-21..2026-08-06,baccarat_bet02_101_all_pairs_incl_sentinel,round_win = game_pnl > 0 (decisive only),COMPATIBILITY_ONLY_NOT_PRODUCTION,557989.4742,504875.3716,9878.7574,24851,24505,-0.01770420,0.00338982,-0.02772422,-0.01770420,-9878.7574,557989.4742,OK,0.0000,395.1503,4.0000,96.0000,AG03-UNRESOLVED,ALL5_LEVELS_bet23_to_bet27,395.1503,395.1503,395.1503,0.0000,0.0000,4.000000,4.000000,4.000000,0.000000,0.000000,96.000000,96.000000,96.000000,100.000000,100.000000,5.0,1185.4509,1138.6651,8693.3065,8740.0923,PENDING_AG03,FALSE,NOT_FOR_ENFORCEMENT,9483.6071,484680.3568,9878.7574,9483.6071,395.1503,0.01770420,0.01699603,395.1503,9483.6071,0.01699603,395.1503,395.1503,395.1503,0.0000,0.0000,9483.6071,0.01699603,1185.4509,1138.6651,8693.3065,8740.0923,0.01557970,0.01566354,0.00070817,22.4534,20.6030,0.4031,82.3230,2.6463,4649.9123,204.2083,25.9152,21.1137,12.8578,14.5296,26.176,48.8436,54.2173,102.8621,13.088,0.0,3.731508,7.079487,1.545355,30,207,63,6,0.32204186,0.01770420,-0.00338982,0E-8,0.000000,0.904812,0.002133,0.03111404,2026-03-21,2026-08-06,120,3733,1703,139,0.863309,1.227414,1.154177,1.073473,,,,,,,,GLOBAL_BASELINE_NO_ENTITY_RANKING,,,NOT_APPLICABLE_GLOBAL_BASELINE,HF9g-P5,,,,X 全窗基线 · 不参与实体赏罚,15053450,1506,A168_HF9F_20260827_0900,2026-08-27 09:00:00
2026-06-30,127529701,1094,0,54.2173340562,-54.2173340562,-54.2173340562,0E-7,1,1,0.50665070000000000,0.506650700000,-1.013391052207602,-1.013391052207602,-1.013391052207602,0E-17,ELIGIBLE,R03b_20260811_FULL_v1,L1_ELIGIBILITY,v2026-08-11,2026-03-21..2026-08-06,baccarat_bet02_101_all_pairs_incl_sentinel,round_win = game_pnl > 0 (decisive only),COMPATIBILITY_ONLY_NOT_PRODUCTION,557989.4742,504875.3716,9878.7574,24851,24505,-0.01770420,0.00338982,-0.02772422,-0.01770420,-9878.7574,557989.4742,OK,0.0000,395.1503,4.0000,96.0000,AG03-UNRESOLVED,ALL5_LEVELS_bet23_to_bet27,395.1503,395.1503,395.1503,0.0000,0.0000,4.000000,4.000000,4.000000,0.000000,0.000000,96.000000,96.000000,96.000000,100.000000,100.000000,5.0,1185.4509,1138.6651,8693.3065,8740.0923,PENDING_AG03,FALSE,NOT_FOR_ENFORCEMENT,9483.6071,484680.3568,9878.7574,9483.6071,395.1503,0.01770420,0.01699603,395.1503,9483.6071,0.01699603,395.1503,395.1503,395.1503,0.0000,0.0000,9483.6071,0.01699603,1185.4509,1138.6651,8693.3065,8740.0923,0.01557970,0.01566354,0.00070817,22.4534,20.6030,0.4031,82.3230,2.6463,4649.9123,204.2083,25.9152,21.1137,12.8578,14.5296,26.176,48.8436,54.2173,102.8621,13.088,0.0,3.731508,7.079487,1.545355,30,207,63,6,0.32204186,0.01770420,-0.00338982,0E-8,0.000000,0.904812,0.002133,0.03111404,2026-03-21,2026-08-06,120,3733,1703,139,0.863309,1.227414,1.154177,1.073473,,,,,,,,GLOBAL_BASELINE_NO_ENTITY_RANKING,,,NOT_APPLICABLE_GLOBAL_BASELINE,HF9g-P5,,,,X 全窗基线 · 不参与实体赏罚,15053451,1506,A168_HF9F_20260827_0900,2026-08-27 09:00:00
2026-06-30,127529701,1157,0,282.8708823000,-257.7982359143,-257.7982359143,0.1666667,6,6,0.49994810000000000,0.499948100000,-1.6327389136160748,-1.6327389136160748,-1.6327389136160748,0E-17,ELIGIBLE,R03b_20260811_FULL_v1,L1_ELIGIBILITY,v2026-08-11,2026-03-21..2026-08-06,baccarat_bet02_101_all_pairs_incl_sentinel,round_win = game_pnl > 0 (decisive only),COMPATIBILITY_ONLY_NOT_PRODUCTION,557989.4742,504875.3716,9878.7574,24851,24505,-0.01770420,0.00338982,-0.02772422,-0.01770420,-9878.7574,557989.4742,OK,0.0000,395.1503,4.0000,96.0000,AG03-UNRESOLVED,ALL5_LEVELS_bet23_to_bet27,395.1503,395.1503,395.1503,0.0000,0.0000,4.000000,4.000000,4.000000,0.000000,0.000000,96.000000,96.000000,96.000000,100.000000,100.000000,5.0,1185.4509,1138.6651,8693.3065,8740.0923,PENDING_AG03,FALSE,NOT_FOR_ENFORCEMENT,9483.6071,484680.3568,9878.7574,9483.6071,395.1503,0.01770420,0.01699603,395.1503,9483.6071,0.01699603,395.1503,395.1503,395.1503,0.0000,0.0000,9483.6071,0.01699603,1185.4509,1138.6651,8693.3065,8740.0923,0.01557970,0.01566354,0.00070817,22.4534,20.6030,0.4031,82.3230,2.6463,4649.9123,204.2083,25.9152,21.1137,12.8578,14.5296,26.176,48.8436,54.2173,102.8621,13.088,0.0,3.731508,7.079487,1.545355,30,207,63,6,0.32204186,0.01770420,-0.00338982,0E-8,0.000000,0.904812,0.002133,0.03111404,2026-03-21,2026-08-06,120,3733,1703,139,0.863309,1.227414,1.154177,1.073473,,,,,,,,GLOBAL_BASELINE_NO_ENTITY_RANKING,,,NOT_APPLICABLE_GLOBAL_BASELINE,HF9g-P5,,,,X 全窗基线 · 不参与实体赏罚,15053452,1506,A168_HF9F_20260827_0900,2026-08-27 09:00:00
2026-06-30,127529701,1210,0,38.7266671830,38.7266671830,38.7266671830,1.0000000,3,3,0.49324550000000000,0.493245500000,1.755609282511032,1.7556092825110319,1.755609282511032,0E-17,ELIGIBLE,R03b_20260811_FULL_v1,L1_ELIGIBILITY,v2026-08-11,2026-03-21..2026-08-06,baccarat_bet02_101_all_pairs_incl_sentinel,round_win = game_pnl > 0 (decisive only),COMPATIBILITY_ONLY_NOT_PRODUCTION,557989.4742,504875.3716,9878.7574,24851,24505,-0.01770420,0.00338982,-0.02772422,-0.01770420,-9878.7574,557989.4742,OK,0.0000,395.1503,4.0000,96.0000,AG03-UNRESOLVED,ALL5_LEVELS_bet23_to_bet27,395.1503,395.1503,395.1503,0.0000,0.0000,4.000000,4.000000,4.000000,0.000000,0.000000,96.000000,96.000000,96.000000,100.000000,100.000000,5.0,1185.4509,1138.6651,8693.3065,8740.0923,PENDING_AG03,FALSE,NOT_FOR_ENFORCEMENT,9483.6071,484680.3568,9878.7574,9483.6071,395.1503,0.01770420,0.01699603,395.1503,9483.6071,0.01699603,395.1503,395.1503,395.1503,0.0000,0.0000,9483.6071,0.01699603,1185.4509,1138.6651,8693.3065,8740.0923,0.01557970,0.01566354,0.00070817,22.4534,20.6030,0.4031,82.3230,2.6463,4649.9123,204.2083,25.9152,21.1137,12.8578,14.5296,26.176,48.8436,54.2173,102.8621,13.088,0.0,3.731508,7.079487,1.545355,30,207,63,6,0.32204186,0.01770420,-0.00338982,0E-8,0.000000,0.904812,0.002133,0.03111404,2026-03-21,2026-08-06,120,3733,1703,139,0.863309,1.227414,1.154177,1.073473,,,,,,,,GLOBAL_BASELINE_NO_ENTITY_RANKING,,,NOT_APPLICABLE_GLOBAL_BASELINE,HF9g-P5,,,,X 全窗基线 · 不参与实体赏罚,15053453,1506,A168_HF9F_20260827_0900,2026-08-27 09:00:00
2026-06-30,127529701,1302,0,508.1389667499,77.9823591431,77.9823591431,0.5714286,15,15,0.49771390000000000,0.497713900000,0.551635855736115,0.551635855736115,0.551635855736115,0E-17,ELIGIBLE,R03b_20260811_FULL_v1,L1_ELIGIBILITY,v2026-08-11,2026-03-21..2026-08-06,baccarat_bet02_101_all_pairs_incl_sentinel,round_win = game_pnl > 0 (decisive only),COMPATIBILITY_ONLY_NOT_PRODUCTION,557989.4742,504875.3716,9878.7574,24851,24505,-0.01770420,0.00338982,-0.02772422,-0.01770420,-9878.7574,557989.4742,OK,0.0000,395.1503,4.0000,96.0000,AG03-UNRESOLVED,ALL5_LEVELS_bet23_to_bet27,395.1503,395.1503,395.1503,0.0000,0.0000,4.000000,4.000000,4.000000,0.000000,0.000000,96.000000,96.000000,96.000000,100.000000,100.000000,5.0,1185.4509,1138.6651,8693.3065,8740.0923,PENDING_AG03,FALSE,NOT_FOR_ENFORCEMENT,9483.6071,484680.3568,9878.7574,9483.6071,395.1503,0.01770420,0.01699603,395.1503,9483.6071,0.01699603,395.1503,395.1503,395.1503,0.0000,0.0000,9483.6071,0.01699603,1185.4509,1138.6651,8693.3065,8740.0923,0.01557970,0.01566354,0.00070817,22.4534,20.6030,0.4031,82.3230,2.6463,4649.9123,204.2083,25.9152,21.1137,12.8578,14.5296,26.176,48.8436,54.2173,102.8621,13.088,0.0,3.731508,7.079487,1.545355,30,207,63,6,0.32204186,0.01770420,-0.00338982,0E-8,0.000000,0.904812,0.002133,0.03111404,2026-03-21,2026-08-06,120,3733,1703,139,0.863309,1.227414,1.154177,1.073473,,,,,,,,GLOBAL_BASELINE_NO_ENTITY_RANKING,,,NOT_APPLICABLE_GLOBAL_BASELINE,HF9g-P5,,,,X 全窗基线 · 不参与实体赏罚,15053454,1506,A168_HF9F_20260827_0900,2026-08-27 09:00:00
2026-06-30,127529701,1323,0,43.7164090827,-43.7164090827,-43.7164090827,0E-7,1,1,0.49324550000000000,0.493245500000,-0.9865810262130424,-0.9865810262130424,-0.9865810262130424,0E-17,ELIGIBLE,R03b_20260811_FULL_v1,L1_ELIGIBILITY,v2026-08-11,2026-03-21..2026-08-06,baccarat_bet02_101_all_pairs_incl_sentinel,round_win = game_pnl > 0 (decisive only),COMPATIBILITY_ONLY_NOT_PRODUCTION,557989.4742,504875.3716,9878.7574,24851,24505,-0.01770420,0.00338982,-0.02772422,-0.01770420,-9878.7574,557989.4742,OK,0.0000,395.1503,4.0000,96.0000,AG03-UNRESOLVED,ALL5_LEVELS_bet23_to_bet27,395.1503,395.1503,395.1503,0.0000,0.0000,4.000000,4.000000,4.000000,0.000000,0.000000,96.000000,96.000000,96.000000,100.000000,100.000000,5.0,1185.4509,1138.6651,8693.3065,8740.0923,PENDING_AG03,FALSE,NOT_FOR_ENFORCEMENT,9483.6071,484680.3568,9878.7574,9483.6071,395.1503,0.01770420,0.01699603,395.1503,9483.6071,0.01699603,395.1503,395.1503,395.1503,0.0000,0.0000,9483.6071,0.01699603,1185.4509,1138.6651,8693.3065,8740.0923,0.01557970,0.01566354,0.00070817,22.4534,20.6030,0.4031,82.3230,2.6463,4649.9123,204.2083,25.9152,21.1137,12.8578,14.5296,26.176,48.8436,54.2173,102.8621,13.088,0.0,3.731508,7.079487,1.545355,30,207,63,6,0.32204186,0.01770420,-0.00338982,0E-8,0.000000,0.904812,0.002133,0.03111404,2026-03-21,2026-08-06,120,3733,1703,139,0.863309,1.227414,1.154177,1.073473,,,,,,,,GLOBAL_BASELINE_NO_ENTITY_RANKING,,,NOT_APPLICABLE_GLOBAL_BASELINE,HF9g-P5,,,,X 全窗基线 · 不参与实体赏罚,15053455,1506,A168_HF9F_20260827_0900,2026-08-27 09:00:00
2026-06-30,127529701,1353,0,180.0087432818,-180.0087432818,-180.0087432818,0E-7,3,3,0.49771390000000000,0.497713900000,-1.724149546644903,-1.724149546644903,-1.724149546644903,0E-17,ELIGIBLE,R03b_20260811_FULL_v1,L1_ELIGIBILITY,v2026-08-11,2026-03-21..2026-08-06,baccarat_bet02_101_all_pairs_incl_sentinel,round_win = game_pnl > 0 (decisive only),COMPATIBILITY_ONLY_NOT_PRODUCTION,557989.4742,504875.3716,9878.7574,24851,24505,-0.01770420,0.00338982,-0.02772422,-0.01770420,-9878.7574,557989.4742,OK,0.0000,395.1503,4.0000,96.0000,AG03-UNRESOLVED,ALL5_LEVELS_bet23_to_bet27,395.1503,395.1503,395.1503,0.0000,0.0000,4.000000,4.000000,4.000000,0.000000,0.000000,96.000000,96.000000,96.000000,100.000000,100.000000,5.0,1185.4509,1138.6651,8693.3065,8740.0923,PENDING_AG03,FALSE,NOT_FOR_ENFORCEMENT,9483.6071,484680.3568,9878.7574,9483.6071,395.1503,0.01770420,0.01699603,395.1503,9483.6071,0.01699603,395.1503,395.1503,395.1503,0.0000,0.0000,9483.6071,0.01699603,1185.4509,1138.6651,8693.3065,8740.0923,0.01557970,0.01566354,0.00070817,22.4534,20.6030,0.4031,82.3230,2.6463,4649.9123,204.2083,25.9152,21.1137,12.8578,14.5296,26.176,48.8436,54.2173,102.8621,13.088,0.0,3.731508,7.079487,1.545355,30,207,63,6,0.32204186,0.01770420,-0.00338982,0E-8,0.000000,0.904812,0.002133,0.03111404,2026-03-21,2026-08-06,120,3733,1703,139,0.863309,1.227414,1.154177,1.073473,,,,,,,,GLOBAL_BASELINE_NO_ENTITY_RANKING,,,NOT_APPLICABLE_GLOBAL_BASELINE,HF9g-P5,,,,X 全窗基线 · 不参与实体赏罚,15053456,1506,A168_HF9F_20260827_0900,2026-08-27 09:00:00
2026-06-30,127529701,1396,0,469.3085092704,65.7674801347,65.7674801347,0.7142857,7,7,0.50090561428571429,0.500905614286,1.129103210700875,1.1291032106993646,1.129103210700875,-2.8571E-13,ELIGIBLE,R03b_20260811_FULL_v1,L1_ELIGIBILITY,v2026-08-11,2026-03-21..2026-08-06,baccarat_bet02_101_all_pairs_incl_sentinel,round_win = game_pnl > 0 (decisive only),COMPATIBILITY_ONLY_NOT_PRODUCTION,557989.4742,504875.3716,9878.7574,24851,24505,-0.01770420,0.00338982,-0.02772422,-0.01770420,-9878.7574,557989.4742,OK,0.0000,395.1503,4.0000,96.0000,AG03-UNRESOLVED,ALL5_LEVELS_bet23_to_bet27,395.1503,395.1503,395.1503,0.0000,0.0000,4.000000,4.000000,4.000000,0.000000,0.000000,96.000000,96.000000,96.000000,100.000000,100.000000,5.0,1185.4509,1138.6651,8693.3065,8740.0923,PENDING_AG03,FALSE,NOT_FOR_ENFORCEMENT,9483.6071,484680.3568,9878.7574,9483.6071,395.1503,0.01770420,0.01699603,395.1503,9483.6071,0.01699603,395.1503,395.1503,395.1503,0.0000,0.0000,9483.6071,0.01699603,1185.4509,1138.6651,8693.3065,8740.0923,0.01557970,0.01566354,0.00070817,22.4534,20.6030,0.4031,82.3230,2.6463,4649.9123,204.2083,25.9152,21.1137,12.8578,14.5296,26.176,48.8436,54.2173,102.8621,13.088,0.0,3.731508,7.079487,1.545355,30,207,63,6,0.32204186,0.01770420,-0.00338982,0E-8,0.000000,0.904812,0.002133,0.03111404,2026-03-21,2026-08-06,120,3733,1703,139,0.863309,1.227414,1.154177,1.073473,,,,,,,,GLOBAL_BASELINE_NO_ENTITY_RANKING,,,NOT_APPLICABLE_GLOBAL_BASELINE,HF9g-P5,,,,X 全窗基线 · 不参与实体赏罚,15053457,1506,A168_HF9F_20260827_0900,2026-08-27 09:00:00
2026-06-30,127529701,1400,0,550.8267544424,39.0104662226,39.0104662226,0.3333333,12,12,0.49994810000000000,0.499948100000,-1.154340970850289,-1.154340970850289,-1.154340970850289,0E-17,ELIGIBLE,R03b_20260811_FULL_v1,L1_ELIGIBILITY,v2026-08-11,2026-03-21..2026-08-06,baccarat_bet02_101_all_pairs_incl_sentinel,round_win = game_pnl > 0 (decisive only),COMPATIBILITY_ONLY_NOT_PRODUCTION,557989.4742,504875.3716,9878.7574,24851,24505,-0.01770420,0.00338982,-0.02772422,-0.01770420,-9878.7574,557989.4742,OK,0.0000,395.1503,4.0000,96.0000,AG03-UNRESOLVED,ALL5_LEVELS_bet23_to_bet27,395.1503,395.1503,395.1503,0.0000,0.0000,4.000000,4.000000,4.000000,0.000000,0.000000,96.000000,96.000000,96.000000,100.000000,100.000000,5.0,1185.4509,1138.6651,8693.3065,8740.0923,PENDING_AG03,FALSE,NOT_FOR_ENFORCEMENT,9483.6071,484680.3568,9878.7574,9483.6071,395.1503,0.01770420,0.01699603,395.1503,9483.6071,0.01699603,395.1503,395.1503,395.1503,0.0000,0.0000,9483.6071,0.01699603,1185.4509,1138.6651,8693.3065,8740.0923,0.01557970,0.01566354,0.00070817,22.4534,20.6030,0.4031,82.3230,2.6463,4649.9123,204.2083,25.9152,21.1137,12.8578,14.5296,26.176,48.8436,54.2173,102.8621,13.088,0.0,3.731508,7.079487,1.545355,30,207,63,6,0.32204186,0.01770420,-0.00338982,0E-8,0.000000,0.904812,0.002133,0.03111404,2026-03-21,2026-08-06,120,3733,1703,139,0.863309,1.227414,1.154177,1.073473,,,,,,,,GLOBAL_BASELINE_NO_ENTITY_RANKING,,,NOT_APPLICABLE_GLOBAL_BASELINE,HF9g-P5,,,,X 全窗基线 · 不参与实体赏罚,15053458,1506,A168_HF9F_20260827_0900,2026-08-27 09:00:00
2026-06-30,127529701,1405,0,363.8748167769,47.6380281328,47.6380281328,0.6666667,6,6,0.50441650000000000,0.504416500000,0.7948912480929629,0.7948912480929629,0.7948912480929629,0E-17,ELIGIBLE,R03b_20260811_FULL_v1,L1_ELIGIBILITY,v2026-08-11,2026-03-21..2026-08-06,baccarat_bet02_101_all_pairs_incl_sentinel,round_win = game_pnl > 0 (decisive only),COMPATIBILITY_ONLY_NOT_PRODUCTION,557989.4742,504875.3716,9878.7574,24851,24505,-0.01770420,0.00338982,-0.02772422,-0.01770420,-9878.7574,557989.4742,OK,0.0000,395.1503,4.0000,96.0000,AG03-UNRESOLVED,ALL5_LEVELS_bet23_to_bet27,395.1503,395.1503,395.1503,0.0000,0.0000,4.000000,4.000000,4.000000,0.000000,0.000000,96.000000,96.000000,96.000000,100.000000,100.000000,5.0,1185.4509,1138.6651,8693.3065,8740.0923,PENDING_AG03,FALSE,NOT_FOR_ENFORCEMENT,9483.6071,484680.3568,9878.7574,9483.6071,395.1503,0.01770420,0.01699603,395.1503,9483.6071,0.01699603,395.1503,395.1503,395.1503,0.0000,0.0000,9483.6071,0.01699603,1185.4509,1138.6651,8693.3065,8740.0923,0.01557970,0.01566354,0.00070817,22.4534,20.6030,0.4031,82.3230,2.6463,4649.9123,204.2083,25.9152,21.1137,12.8578,14.5296,26.176,48.8436,54.2173,102.8621,13.088,0.0,3.731508,7.079487,1.545355,30,207,63,6,0.32204186,0.01770420,-0.00338982,0E-8,0.000000,0.904812,0.002133,0.03111404,2026-03-21,2026-08-06,120,3733,1703,139,0.863309,1.227414,1.154177,1.073473,,,,,,,,GLOBAL_BASELINE_NO_ENTITY_RANKING,,,NOT_APPLICABLE_GLOBAL_BASELINE,HF9g-P5,,,,X 全窗基线 · 不参与实体赏罚,15053459,1506,A168_HF9F_20260827_0900,2026-08-27 09:00:00
2026-06-30,127529701,1509,0,12.8577673773,-12.8577673773,-12.8577673773,0E-7,1,1,0.50665070000000000,0.506650700000,-1.013391052207602,-1.013391052207602,-1.013391052207602,0E-17,ELIGIBLE,R03b_20260811_FULL_v1,L1_ELIGIBILITY,v2026-08-11,2026-03-21..2026-08-06,baccarat_bet02_101_all_pairs_incl_sentinel,round_win = game_pnl > 0 (decisive only),COMPATIBILITY_ONLY_NOT_PRODUCTION,557989.4742,504875.3716,9878.7574,24851,24505,-0.01770420,0.00338982,-0.02772422,-0.01770420,-9878.7574,557989.4742,OK,0.0000,395.1503,4.0000,96.0000,AG03-UNRESOLVED,ALL5_LEVELS_bet23_to_bet27,395.1503,395.1503,395.1503,0.0000,0.0000,4.000000,4.000000,4.000000,0.000000,0.000000,96.000000,96.000000,96.000000,100.000000,100.000000,5.0,1185.4509,1138.6651,8693.3065,8740.0923,PENDING_AG03,FALSE,NOT_FOR_ENFORCEMENT,9483.6071,484680.3568,9878.7574,9483.6071,395.1503,0.01770420,0.01699603,395.1503,9483.6071,0.01699603,395.1503,395.1503,395.1503,0.0000,0.0000,9483.6071,0.01699603,1185.4509,1138.6651,8693.3065,8740.0923,0.01557970,0.01566354,0.00070817,22.4534,20.6030,0.4031,82.3230,2.6463,4649.9123,204.2083,25.9152,21.1137,12.8578,14.5296,26.176,48.8436,54.2173,102.8621,13.088,0.0,3.731508,7.079487,1.545355,30,207,63,6,0.32204186,0.01770420,-0.00338982,0E-8,0.000000,0.904812,0.002133,0.03111404,2026-03-21,2026-08-06,120,3733,1703,139,0.863309,1.227414,1.154177,1.073473,,,,,,,,GLOBAL_BASELINE_NO_ENTITY_RANKING,,,NOT_APPLICABLE_GLOBAL_BASELINE,HF9g-P5,,,,X 全窗基线 · 不参与实体赏罚,15053460,1506,A168_HF9F_20260827_0900,2026-08-27 09:00:00
2026-06-30,127529701,1710,0,141.4354411500,-116.3627947643,-116.3627947643,0.2500000,4,4,0.50329940000000000,0.503299400000,-1.013219660140378,-1.013219660140378,-1.013219660140378,0E-17,ELIGIBLE,R03b_20260811_FULL_v1,L1_ELIGIBILITY,v2026-08-11,2026-03-21..2026-08-06,baccarat_bet02_101_all_pairs_incl_sentinel,round_win = game_pnl > 0 (decisive only),COMPATIBILITY_ONLY_NOT_PRODUCTION,557989.4742,504875.3716,9878.7574,24851,24505,-0.01770420,0.00338982,-0.02772422,-0.01770420,-9878.7574,557989.4742,OK,0.0000,395.1503,4.0000,96.0000,AG03-UNRESOLVED,ALL5_LEVELS_bet23_to_bet27,395.1503,395.1503,395.1503,0.0000,0.0000,4.000000,4.000000,4.000000,0.000000,0.000000,96.000000,96.000000,96.000000,100.000000,100.000000,5.0,1185.4509,1138.6651,8693.3065,8740.0923,PENDING_AG03,FALSE,NOT_FOR_ENFORCEMENT,9483.6071,484680.3568,9878.7574,9483.6071,395.1503,0.01770420,0.01699603,395.1503,9483.6071,0.01699603,395.1503,395.1503,395.1503,0.0000,0.0000,9483.6071,0.01699603,1185.4509,1138.6651,8693.3065,8740.0923,0.01557970,0.01566354,0.00070817,22.4534,20.6030,0.4031,82.3230,2.6463,4649.9123,204.2083,25.9152,21.1137,12.8578,14.5296,26.176,48.8436,54.2173,102.8621,13.088,0.0,3.731508,7.079487,1.545355,30,207,63,6,0.32204186,0.01770420,-0.00338982,0E-8,0.000000,0.904812,0.002133,0.03111404,2026-03-21,2026-08-06,120,3733,1703,139,0.863309,1.227414,1.154177,1.073473,,,,,,,,GLOBAL_BASELINE_NO_ENTITY_RANKING,,,NOT_APPLICABLE_GLOBAL_BASELINE,HF9g-P5,,,,X 全窗基线 · 不参与实体赏罚,15053461,1506,A168_HF9F_20260827_0900,2026-08-27 09:00:00
2026-06-30,127529701,1941,0,496.3098207627,277.2134646540,277.2134646540,0.8000000,12,12,0.49883100000000000,0.498831000000,1.9047652072333086,1.9047652072333086,1.9047652072333086,0E-17,ELIGIBLE,R03b_20260811_FULL_v1,L1_ELIGIBILITY,v2026-08-11,2026-03-21..2026-08-06,baccarat_bet02_101_all_pairs_incl_sentinel,round_win = game_pnl > 0 (decisive only),COMPATIBILITY_ONLY_NOT_PRODUCTION,557989.4742,504875.3716,9878.7574,24851,24505,-0.01770420,0.00338982,-0.02772422,-0.01770420,-9878.7574,557989.4742,OK,0.0000,395.1503,4.0000,96.0000,AG03-UNRESOLVED,ALL5_LEVELS_bet23_to_bet27,395.1503,395.1503,395.1503,0.0000,0.0000,4.000000,4.000000,4.000000,0.000000,0.000000,96.000000,96.000000,96.000000,100.000000,100.000000,5.0,1185.4509,1138.6651,8693.3065,8740.0923,PENDING_AG03,FALSE,NOT_FOR_ENFORCEMENT,9483.6071,484680.3568,9878.7574,9483.6071,395.1503,0.01770420,0.01699603,395.1503,9483.6071,0.01699603,395.1503,395.1503,395.1503,0.0000,0.0000,9483.6071,0.01699603,1185.4509,1138.6651,8693.3065,8740.0923,0.01557970,0.01566354,0.00070817,22.4534,20.6030,0.4031,82.3230,2.6463,4649.9123,204.2083,25.9152,21.1137,12.8578,14.5296,26.176,48.8436,54.2173,102.8621,13.088,0.0,3.731508,7.079487,1.545355,30,207,63,6,0.32204186,0.01770420,-0.00338982,0E-8,0.000000,0.904812,0.002133,0.03111404,2026-03-21,2026-08-06,120,3733,1703,139,0.863309,1.227414,1.154177,1.073473,,,,,,,,GLOBAL_BASELINE_NO_ENTITY_RANKING,,,NOT_APPLICABLE_GLOBAL_BASELINE,HF9g-P5,,,,X 全窗基线 · 不参与实体赏罚,15053462,1506,A168_HF9F_20260827_0900,2026-08-27 09:00:00
2026-06-30,127529701,2088,0,129.0888906100,-129.0888906100,-129.0888906100,0E-7,2,2,0.49994810000000000,0.499948100000,-1.4140667746232096,-1.4140667746232096,-1.4140667746232096,0E-17,ELIGIBLE,R03b_20260811_FULL_v1,L1_ELIGIBILITY,v2026-08-11,2026-03-21..2026-08-06,baccarat_bet02_101_all_pairs_incl_sentinel,round_win = game_pnl > 0 (decisive only),COMPATIBILITY_ONLY_NOT_PRODUCTION,557989.4742,504875.3716,9878.7574,24851,24505,-0.01770420,0.00338982,-0.02772422,-0.01770420,-9878.7574,557989.4742,OK,0.0000,395.1503,4.0000,96.0000,AG03-UNRESOLVED,ALL5_LEVELS_bet23_to_bet27,395.1503,395.1503,395.1503,0.0000,0.0000,4.000000,4.000000,4.000000,0.000000,0.000000,96.000000,96.000000,96.000000,100.000000,100.000000,5.0,1185.4509,1138.6651,8693.3065,8740.0923,PENDING_AG03,FALSE,NOT_FOR_ENFORCEMENT,9483.6071,484680.3568,9878.7574,9483.6071,395.1503,0.01770420,0.01699603,395.1503,9483.6071,0.01699603,395.1503,395.1503,395.1503,0.0000,0.0000,9483.6071,0.01699603,1185.4509,1138.6651,8693.3065,8740.0923,0.01557970,0.01566354,0.00070817,22.4534,20.6030,0.4031,82.3230,2.6463,4649.9123,204.2083,25.9152,21.1137,12.8578,14.5296,26.176,48.8436,54.2173,102.8621,13.088,0.0,3.731508,7.079487,1.545355,30,207,63,6,0.32204186,0.01770420,-0.00338982,0E-8,0.000000,0.904812,0.002133,0.03111404,2026-03-21,2026-08-06,120,3733,1703,139,0.863309,1.227414,1.154177,1.073473,,,,,,,,GLOBAL_BASELINE_NO_ENTITY_RANKING,,,NOT_APPLICABLE_GLOBAL_BASELINE,HF9g-P5,,,,X 全窗基线 · 不参与实体赏罚,15053463,1506,A168_HF9F_20260827_0900,2026-08-27 09:00:00
2026-06-30,127529701,2115,0,193.6333359150,-129.0888906100,-129.0888906100,0E-7,4,4,0.49994810000000000,0.499948100000,-1.4140667746232096,-1.4140667746232096,-1.4140667746232096,0E-17,ELIGIBLE,R03b_20260811_FULL_v1,L1_ELIGIBILITY,v2026-08-11,2026-03-21..2026-08-06,baccarat_bet02_101_all_pairs_incl_sentinel,round_win = game_pnl > 0 (decisive only),COMPATIBILITY_ONLY_NOT_PRODUCTION,557989.4742,504875.3716,9878.7574,24851,24505,-0.01770420,0.00338982,-0.02772422,-0.01770420,-9878.7574,557989.4742,OK,0.0000,395.1503,4.0000,96.0000,AG03-UNRESOLVED,ALL5_LEVELS_bet23_to_bet27,395.1503,395.1503,395.1503,0.0000,0.0000,4.000000,4.000000,4.000000,0.000000,0.000000,96.000000,96.000000,96.000000,100.000000,100.000000,5.0,1185.4509,1138.6651,8693.3065,8740.0923,PENDING_AG03,FALSE,NOT_FOR_ENFORCEMENT,9483.6071,484680.3568,9878.7574,9483.6071,395.1503,0.01770420,0.01699603,395.1503,9483.6071,0.01699603,395.1503,395.1503,395.1503,0.0000,0.0000,9483.6071,0.01699603,1185.4509,1138.6651,8693.3065,8740.0923,0.01557970,0.01566354,0.00070817,22.4534,20.6030,0.4031,82.3230,2.6463,4649.9123,204.2083,25.9152,21.1137,12.8578,14.5296,26.176,48.8436,54.2173,102.8621,13.088,0.0,3.731508,7.079487,1.545355,30,207,63,6,0.32204186,0.01770420,-0.00338982,0E-8,0.000000,0.904812,0.002133,0.03111404,2026-03-21,2026-08-06,120,3733,1703,139,0.863309,1.227414,1.154177,1.073473,,,,,,,,GLOBAL_BASELINE_NO_ENTITY_RANKING,,,NOT_APPLICABLE_GLOBAL_BASELINE,HF9g-P5,,,,X 全窗基线 · 不参与实体赏罚,15053464,1506,A168_HF9F_20260827_0900,2026-08-27 09:00:00
2026-06-30,127529701,2121,0,316.3010774809,-115.7199063955,-115.7199063955,0.4000000,5,5,0.49860758000000000,0.498607580000,-0.440988213962219,-0.440988213962219,-0.440988213962219,0E-17,ELIGIBLE,R03b_20260811_FULL_v1,L1_ELIGIBILITY,v2026-08-11,2026-03-21..2026-08-06,baccarat_bet02_101_all_pairs_incl_sentinel,round_win = game_pnl > 0 (decisive only),COMPATIBILITY_ONLY_NOT_PRODUCTION,557989.4742,504875.3716,9878.7574,24851,24505,-0.01770420,0.00338982,-0.02772422,-0.01770420,-9878.7574,557989.4742,OK,0.0000,395.1503,4.0000,96.0000,AG03-UNRESOLVED,ALL5_LEVELS_bet23_to_bet27,395.1503,395.1503,395.1503,0.0000,0.0000,4.000000,4.000000,4.000000,0.000000,0.000000,96.000000,96.000000,96.000000,100.000000,100.000000,5.0,1185.4509,1138.6651,8693.3065,8740.0923,PENDING_AG03,FALSE,NOT_FOR_ENFORCEMENT,9483.6071,484680.3568,9878.7574,9483.6071,395.1503,0.01770420,0.01699603,395.1503,9483.6071,0.01699603,395.1503,395.1503,395.1503,0.0000,0.0000,9483.6071,0.01699603,1185.4509,1138.6651,8693.3065,8740.0923,0.01557970,0.01566354,0.00070817,22.4534,20.6030,0.4031,82.3230,2.6463,4649.9123,204.2083,25.9152,21.1137,12.8578,14.5296,26.176,48.8436,54.2173,102.8621,13.088,0.0,3.731508,7.079487,1.545355,30,207,63,6,0.32204186,0.01770420,-0.00338982,0E-8,0.000000,0.904812,0.002133,0.03111404,2026-03-21,2026-08-06,120,3733,1703,139,0.863309,1.227414,1.154177,1.073473,,,,,,,,GLOBAL_BASELINE_NO_ENTITY_RANKING,,,NOT_APPLICABLE_GLOBAL_BASELINE,HF9g-P5,,,,X 全窗基线 · 不参与实体赏罚,15053465,1506,A168_HF9F_20260827_0900,2026-08-27 09:00:00
2026-06-30,127529701,2130,0,129.8634505104,-78.4323810013,-78.4323810013,0E-7,3,3,0.50218230000000000,0.502182300000,-1.4203995680682369,-1.4203995680682369,-1.4203995680682369,0E-17,ELIGIBLE,R03b_20260811_FULL_v1,L1_ELIGIBILITY,v2026-08-11,2026-03-21..2026-08-06,baccarat_bet02_101_all_pairs_incl_sentinel,round_win = game_pnl > 0 (decisive only),COMPATIBILITY_ONLY_NOT_PRODUCTION,557989.4742,504875.3716,9878.7574,24851,24505,-0.01770420,0.00338982,-0.02772422,-0.01770420,-9878.7574,557989.4742,OK,0.0000,395.1503,4.0000,96.0000,AG03-UNRESOLVED,ALL5_LEVELS_bet23_to_bet27,395.1503,395.1503,395.1503,0.0000,0.0000,4.000000,4.000000,4.000000,0.000000,0.000000,96.000000,96.000000,96.000000,100.000000,100.000000,5.0,1185.4509,1138.6651,8693.3065,8740.0923,PENDING_AG03,FALSE,NOT_FOR_ENFORCEMENT,9483.6071,484680.3568,9878.7574,9483.6071,395.1503,0.01770420,0.01699603,395.1503,9483.6071,0.01699603,395.1503,395.1503,395.1503,0.0000,0.0000,9483.6071,0.01699603,1185.4509,1138.6651,8693.3065,8740.0923,0.01557970,0.01566354,0.00070817,22.4534,20.6030,0.4031,82.3230,2.6463,4649.9123,204.2083,25.9152,21.1137,12.8578,14.5296,26.176,48.8436,54.2173,102.8621,13.088,0.0,3.731508,7.079487,1.545355,30,207,63,6,0.32204186,0.01770420,-0.00338982,0E-8,0.000000,0.904812,0.002133,0.03111404,2026-03-21,2026-08-06,120,3733,1703,139,0.863309,1.227414,1.154177,1.073473,,,,,,,,GLOBAL_BASELINE_NO_ENTITY_RANKING,,,NOT_APPLICABLE_GLOBAL_BASELINE,HF9g-P5,,,,X 全窗基线 · 不参与实体赏罚,15053466,1506,A168_HF9F_20260827_0900,2026-08-27 09:00:00
2026-06-30,127529701,2147,0,51.6355562440,-1.2908889061,-1.2908889061,0.5000000,2,2,0.49994810000000000,0.499948100000,0.00014679536856514622,0.00014679536856514622,0.00014679536856514622,0E-17,ELIGIBLE,R03b_20260811_FULL_v1,L1_ELIGIBILITY,v2026-08-11,2026-03-21..2026-08-06,baccarat_bet02_101_all_pairs_incl_sentinel,round_win = game_pnl > 0 (decisive only),COMPATIBILITY_ONLY_NOT_PRODUCTION,557989.4742,504875.3716,9878.7574,24851,24505,-0.01770420,0.00338982,-0.02772422,-0.01770420,-9878.7574,557989.4742,OK,0.0000,395.1503,4.0000,96.0000,AG03-UNRESOLVED,ALL5_LEVELS_bet23_to_bet27,395.1503,395.1503,395.1503,0.0000,0.0000,4.000000,4.000000,4.000000,0.000000,0.000000,96.000000,96.000000,96.000000,100.000000,100.000000,5.0,1185.4509,1138.6651,8693.3065,8740.0923,PENDING_AG03,FALSE,NOT_FOR_ENFORCEMENT,9483.6071,484680.3568,9878.7574,9483.6071,395.1503,0.01770420,0.01699603,395.1503,9483.6071,0.01699603,395.1503,395.1503,395.1503,0.0000,0.0000,9483.6071,0.01699603,1185.4509,1138.6651,8693.3065,8740.0923,0.01557970,0.01566354,0.00070817,22.4534,20.6030,0.4031,82.3230,2.6463,4649.9123,204.2083,25.9152,21.1137,12.8578,14.5296,26.176,48.8436,54.2173,102.8621,13.088,0.0,3.731508,7.079487,1.545355,30,207,63,6,0.32204186,0.01770420,-0.00338982,0E-8,0.000000,0.904812,0.002133,0.03111404,2026-03-21,2026-08-06,120,3733,1703,139,0.863309,1.227414,1.154177,1.073473,,,,,,,,GLOBAL_BASELINE_NO_ENTITY_RANKING,,,NOT_APPLICABLE_GLOBAL_BASELINE,HF9g-P5,,,,X 全窗基线 · 不参与实体赏罚,15053467,1506,A168_HF9F_20260827_0900,2026-08-27 09:00:00
2026-06-30,127529701,2155,0,162.0078689536,-36.6446370252,-36.6446370252,0.2500000,4,4,0.50329940000000000,0.503299400000,-1.013219660140378,-1.013219660140378,-1.013219660140378,0E-17,ELIGIBLE,R03b_20260811_FULL_v1,L1_ELIGIBILITY,v2026-08-11,2026-03-21..2026-08-06,baccarat_bet02_101_all_pairs_incl_sentinel,round_win = game_pnl > 0 (decisive only),COMPATIBILITY_ONLY_NOT_PRODUCTION,557989.4742,504875.3716,9878.7574,24851,24505,-0.01770420,0.00338982,-0.02772422,-0.01770420,-9878.7574,557989.4742,OK,0.0000,395.1503,4.0000,96.0000,AG03-UNRESOLVED,ALL5_LEVELS_bet23_to_bet27,395.1503,395.1503,395.1503,0.0000,0.0000,4.000000,4.000000,4.000000,0.000000,0.000000,96.000000,96.000000,96.000000,100.000000,100.000000,5.0,1185.4509,1138.6651,8693.3065,8740.0923,PENDING_AG03,FALSE,NOT_FOR_ENFORCEMENT,9483.6071,484680.3568,9878.7574,9483.6071,395.1503,0.01770420,0.01699603,395.1503,9483.6071,0.01699603,395.1503,395.1503,395.1503,0.0000,0.0000,9483.6071,0.01699603,1185.4509,1138.6651,8693.3065,8740.0923,0.01557970,0.01566354,0.00070817,22.4534,20.6030,0.4031,82.3230,2.6463,4649.9123,204.2083,25.9152,21.1137,12.8578,14.5296,26.176,48.8436,54.2173,102.8621,13.088,0.0,3.731508,7.079487,1.545355,30,207,63,6,0.32204186,0.01770420,-0.00338982,0E-8,0.000000,0.904812,0.002133,0.03111404,2026-03-21,2026-08-06,120,3733,1703,139,0.863309,1.227414,1.154177,1.073473,,,,,,,,GLOBAL_BASELINE_NO_ENTITY_RANKING,,,NOT_APPLICABLE_GLOBAL_BASELINE,HF9g-P5,,,,X 全窗基线 · 不参与实体赏罚,15053468,1506,A168_HF9F_20260827_0900,2026-08-27 09:00:00
2026-06-30,127529701,2177,0,233.4970555711,12.2148790085,12.2148790085,0.5000000,12,12,0.50106520000000000,0.501065200000,-0.0067369316153729885,-0.006736931615372989,-0.0067369316153729885,0E-17,ELIGIBLE,R03b_20260811_FULL_v1,L1_ELIGIBILITY,v2026-08-11,2026-03-21..2026-08-06,baccarat_bet02_101_all_pairs_incl_sentinel,round_win = game_pnl > 0 (decisive only),COMPATIBILITY_ONLY_NOT_PRODUCTION,557989.4742,504875.3716,9878.7574,24851,24505,-0.01770420,0.00338982,-0.02772422,-0.01770420,-9878.7574,557989.4742,OK,0.0000,395.1503,4.0000,96.0000,AG03-UNRESOLVED,ALL5_LEVELS_bet23_to_bet27,395.1503,395.1503,395.1503,0.0000,0.0000,4.000000,4.000000,4.000000,0.000000,0.000000,96.000000,96.000000,96.000000,100.000000,100.000000,5.0,1185.4509,1138.6651,8693.3065,8740.0923,PENDING_AG03,FALSE,NOT_FOR_ENFORCEMENT,9483.6071,484680.3568,9878.7574,9483.6071,395.1503,0.01770420,0.01699603,395.1503,9483.6071,0.01699603,395.1503,395.1503,395.1503,0.0000,0.0000,9483.6071,0.01699603,1185.4509,1138.6651,8693.3065,8740.0923,0.01557970,0.01566354,0.00070817,22.4534,20.6030,0.4031,82.3230,2.6463,4649.9123,204.2083,25.9152,21.1137,12.8578,14.5296,26.176,48.8436,54.2173,102.8621,13.088,0.0,3.731508,7.079487,1.545355,30,207,63,6,0.32204186,0.01770420,-0.00338982,0E-8,0.000000,0.904812,0.002133,0.03111404,2026-03-21,2026-08-06,120,3733,1703,139,0.863309,1.227414,1.154177,1.073473,,,,,,,,GLOBAL_BASELINE_NO_ENTITY_RANKING,,,NOT_APPLICABLE_GLOBAL_BASELINE,HF9g-P5,,,,X 全窗基线 · 不参与实体赏罚,15053469,1506,A168_HF9F_20260827_0900,2026-08-27 09:00:00
2026-06-30,127529701,2196,0,331.2420933053,125.7325794542,125.7325794542,0.5555556,9,9,0.50367176666666667,0.503671766667,0.3113111275590903,0.3113111275570917,0.3113111275590903,-3.3333E-13,ELIGIBLE,R03b_20260811_FULL_v1,L1_ELIGIBILITY,v2026-08-11,2026-03-21..2026-08-06,baccarat_bet02_101_all_pairs_incl_sentinel,round_win = game_pnl > 0 (decisive only),COMPATIBILITY_ONLY_NOT_PRODUCTION,557989.4742,504875.3716,9878.7574,24851,24505,-0.01770420,0.00338982,-0.02772422,-0.01770420,-9878.7574,557989.4742,OK,0.0000,395.1503,4.0000,96.0000,AG03-UNRESOLVED,ALL5_LEVELS_bet23_to_bet27,395.1503,395.1503,395.1503,0.0000,0.0000,4.000000,4.000000,4.000000,0.000000,0.000000,96.000000,96.000000,96.000000,100.000000,100.000000,5.0,1185.4509,1138.6651,8693.3065,8740.0923,PENDING_AG03,FALSE,NOT_FOR_ENFORCEMENT,9483.6071,484680.3568,9878.7574,9483.6071,395.1503,0.01770420,0.01699603,395.1503,9483.6071,0.01699603,395.1503,395.1503,395.1503,0.0000,0.0000,9483.6071,0.01699603,1185.4509,1138.6651,8693.3065,8740.0923,0.01557970,0.01566354,0.00070817,22.4534,20.6030,0.4031,82.3230,2.6463,4649.9123,204.2083,25.9152,21.1137,12.8578,14.5296,26.176,48.8436,54.2173,102.8621,13.088,0.0,3.731508,7.079487,1.545355,30,207,63,6,0.32204186,0.01770420,-0.00338982,0E-8,0.000000,0.904812,0.002133,0.03111404,2026-03-21,2026-08-06,120,3733,1703,139,0.863309,1.227414,1.154177,1.073473,,,,,,,,GLOBAL_BASELINE_NO_ENTITY_RANKING,,,NOT_APPLICABLE_GLOBAL_BASELINE,HF9g-P5,,,,X 全窗基线 · 不参与实体赏罚,15053470,1506,A168_HF9F_20260827_0900,2026-08-27 09:00:00
2026-06-30,127529701,2201,0,25.8177781220,-25.8177781220,-25.8177781220,0E-7,1,1,0.49324550000000000,0.493245500000,-0.9865810262130424,-0.9865810262130424,-0.9865810262130424,0E-17,ELIGIBLE,R03b_20260811_FULL_v1,L1_ELIGIBILITY,v2026-08-11,2026-03-21..2026-08-06,baccarat_bet02_101_all_pairs_incl_sentinel,round_win = game_pnl > 0 (decisive only),COMPATIBILITY_ONLY_NOT_PRODUCTION,557989.4742,504875.3716,9878.7574,24851,24505,-0.01770420,0.00338982,-0.02772422,-0.01770420,-9878.7574,557989.4742,OK,0.0000,395.1503,4.0000,96.0000,AG03-UNRESOLVED,ALL5_LEVELS_bet23_to_bet27,395.1503,395.1503,395.1503,0.0000,0.0000,4.000000,4.000000,4.000000,0.000000,0.000000,96.000000,96.000000,96.000000,100.000000,100.000000,5.0,1185.4509,1138.6651,8693.3065,8740.0923,PENDING_AG03,FALSE,NOT_FOR_ENFORCEMENT,9483.6071,484680.3568,9878.7574,9483.6071,395.1503,0.01770420,0.01699603,395.1503,9483.6071,0.01699603,395.1503,395.1503,395.1503,0.0000,0.0000,9483.6071,0.01699603,1185.4509,1138.6651,8693.3065,8740.0923,0.01557970,0.01566354,0.00070817,22.4534,20.6030,0.4031,82.3230,2.6463,4649.9123,204.2083,25.9152,21.1137,12.8578,14.5296,26.176,48.8436,54.2173,102.8621,13.088,0.0,3.731508,7.079487,1.545355,30,207,63,6,0.32204186,0.01770420,-0.00338982,0E-8,0.000000,0.904812,0.002133,0.03111404,2026-03-21,2026-08-06,120,3733,1703,139,0.863309,1.227414,1.154177,1.073473,,,,,,,,GLOBAL_BASELINE_NO_ENTITY_RANKING,,,NOT_APPLICABLE_GLOBAL_BASELINE,HF9g-P5,,,,X 全窗基线 · 不参与实体赏罚,15053471,1506,A168_HF9F_20260827_0900,2026-08-27 09:00:00
2026-06-30,127529701,2235,0,115.7199063955,-90.6472600098,-90.6472600098,0.2000000,5,5,0.49860758000000000,0.498607580000,-1.3354188732730328,-1.3354188732730328,-1.3354188732730328,0E-17,ELIGIBLE,R03b_20260811_FULL_v1,L1_ELIGIBILITY,v2026-08-11,2026-03-21..2026-08-06,baccarat_bet02_101_all_pairs_incl_sentinel,round_win = game_pnl > 0 (decisive only),COMPATIBILITY_ONLY_NOT_PRODUCTION,557989.4742,504875.3716,9878.7574,24851,24505,-0.01770420,0.00338982,-0.02772422,-0.01770420,-9878.7574,557989.4742,OK,0.0000,395.1503,4.0000,96.0000,AG03-UNRESOLVED,ALL5_LEVELS_bet23_to_bet27,395.1503,395.1503,395.1503,0.0000,0.0000,4.000000,4.000000,4.000000,0.000000,0.000000,96.000000,96.000000,96.000000,100.000000,100.000000,5.0,1185.4509,1138.6651,8693.3065,8740.0923,PENDING_AG03,FALSE,NOT_FOR_ENFORCEMENT,9483.6071,484680.3568,9878.7574,9483.6071,395.1503,0.01770420,0.01699603,395.1503,9483.6071,0.01699603,395.1503,395.1503,395.1503,0.0000,0.0000,9483.6071,0.01699603,1185.4509,1138.6651,8693.3065,8740.0923,0.01557970,0.01566354,0.00070817,22.4534,20.6030,0.4031,82.3230,2.6463,4649.9123,204.2083,25.9152,21.1137,12.8578,14.5296,26.176,48.8436,54.2173,102.8621,13.088,0.0,3.731508,7.079487,1.545355,30,207,63,6,0.32204186,0.01770420,-0.00338982,0E-8,0.000000,0.904812,0.002133,0.03111404,2026-03-21,2026-08-06,120,3733,1703,139,0.863309,1.227414,1.154177,1.073473,,,,,,,,GLOBAL_BASELINE_NO_ENTITY_RANKING,,,NOT_APPLICABLE_GLOBAL_BASELINE,HF9g-P5,,,,X 全窗基线 · 不参与实体赏罚,15053472,1506,A168_HF9F_20260827_0900,2026-08-27 09:00:00
2026-06-30,127529701,2241,0,64.2888368864,10.9291022706,10.9291022706,0.5000000,4,4,0.49994810000000000,0.499948100000,0.00020760000111838688,0.00020760000111838688,0.00020760000111838688,0E-17,ELIGIBLE,R03b_20260811_FULL_v1,L1_ELIGIBILITY,v2026-08-11,2026-03-21..2026-08-06,baccarat_bet02_101_all_pairs_incl_sentinel,round_win = game_pnl > 0 (decisive only),COMPATIBILITY_ONLY_NOT_PRODUCTION,557989.4742,504875.3716,9878.7574,24851,24505,-0.01770420,0.00338982,-0.02772422,-0.01770420,-9878.7574,557989.4742,OK,0.0000,395.1503,4.0000,96.0000,AG03-UNRESOLVED,ALL5_LEVELS_bet23_to_bet27,395.1503,395.1503,395.1503,0.0000,0.0000,4.000000,4.000000,4.000000,0.000000,0.000000,96.000000,96.000000,96.000000,100.000000,100.000000,5.0,1185.4509,1138.6651,8693.3065,8740.0923,PENDING_AG03,FALSE,NOT_FOR_ENFORCEMENT,9483.6071,484680.3568,9878.7574,9483.6071,395.1503,0.01770420,0.01699603,395.1503,9483.6071,0.01699603,395.1503,395.1503,395.1503,0.0000,0.0000,9483.6071,0.01699603,1185.4509,1138.6651,8693.3065,8740.0923,0.01557970,0.01566354,0.00070817,22.4534,20.6030,0.4031,82.3230,2.6463,4649.9123,204.2083,25.9152,21.1137,12.8578,14.5296,26.176,48.8436,54.2173,102.8621,13.088,0.0,3.731508,7.079487,1.545355,30,207,63,6,0.32204186,0.01770420,-0.00338982,0E-8,0.000000,0.904812,0.002133,0.03111404,2026-03-21,2026-08-06,120,3733,1703,139,0.863309,1.227414,1.154177,1.073473,,,,,,,,GLOBAL_BASELINE_NO_ENTITY_RANKING,,,NOT_APPLICABLE_GLOBAL_BASELINE,HF9g-P5,,,,X 全窗基线 · 不参与实体赏罚,15053473,1506,A168_HF9F_20260827_0900,2026-08-27 09:00:00
2026-06-30,127529701,2243,0,232.3600030980,-232.3600030980,-232.3600030980,0E-7,5,5,0.49860758000000000,0.498607580000,-2.2298495325838465,-2.2298495325838465,-2.2298495325838465,0E-17,ELIGIBLE,R03b_20260811_FULL_v1,L1_ELIGIBILITY,v2026-08-11,2026-03-21..2026-08-06,baccarat_bet02_101_all_pairs_incl_sentinel,round_win = game_pnl > 0 (decisive only),COMPATIBILITY_ONLY_NOT_PRODUCTION,557989.4742,504875.3716,9878.7574,24851,24505,-0.01770420,0.00338982,-0.02772422,-0.01770420,-9878.7574,557989.4742,OK,0.0000,395.1503,4.0000,96.0000,AG03-UNRESOLVED,ALL5_LEVELS_bet23_to_bet27,395.1503,395.1503,395.1503,0.0000,0.0000,4.000000,4.000000,4.000000,0.000000,0.000000,96.000000,96.000000,96.000000,100.000000,100.000000,5.0,1185.4509,1138.6651,8693.3065,8740.0923,PENDING_AG03,FALSE,NOT_FOR_ENFORCEMENT,9483.6071,484680.3568,9878.7574,9483.6071,395.1503,0.01770420,0.01699603,395.1503,9483.6071,0.01699603,395.1503,395.1503,395.1503,0.0000,0.0000,9483.6071,0.01699603,1185.4509,1138.6651,8693.3065,8740.0923,0.01557970,0.01566354,0.00070817,22.4534,20.6030,0.4031,82.3230,2.6463,4649.9123,204.2083,25.9152,21.1137,12.8578,14.5296,26.176,48.8436,54.2173,102.8621,13.088,0.0,3.731508,7.079487,1.545355,30,207,63,6,0.32204186,0.01770420,-0.00338982,0E-8,0.000000,0.904812,0.002133,0.03111404,2026-03-21,2026-08-06,120,3733,1703,139,0.863309,1.227414,1.154177,1.073473,,,,,,,,GLOBAL_BASELINE_NO_ENTITY_RANKING,,,NOT_APPLICABLE_GLOBAL_BASELINE,HF9g-P5,,,,X 全窗基线 · 不参与实体赏罚,15053474,1506,A168_HF9F_20260827_0900,2026-08-27 09:00:00
2026-06-30,127529701,2251,0,576.7994445443,12.0863013347,12.0863013347,0.3333333,10,10,0.50128862000000000,0.501288620000,-1.007735066777365,-1.0077350667773652,-1.007735066777365,0E-17,ELIGIBLE,R03b_20260811_FULL_v1,L1_ELIGIBILITY,v2026-08-11,2026-03-21..2026-08-06,baccarat_bet02_101_all_pairs_incl_sentinel,round_win = game_pnl > 0 (decisive only),COMPATIBILITY_ONLY_NOT_PRODUCTION,557989.4742,504875.3716,9878.7574,24851,24505,-0.01770420,0.00338982,-0.02772422,-0.01770420,-9878.7574,557989.4742,OK,0.0000,395.1503,4.0000,96.0000,AG03-UNRESOLVED,ALL5_LEVELS_bet23_to_bet27,395.1503,395.1503,395.1503,0.0000,0.0000,4.000000,4.000000,4.000000,0.000000,0.000000,96.000000,96.000000,96.000000,100.000000,100.000000,5.0,1185.4509,1138.6651,8693.3065,8740.0923,PENDING_AG03,FALSE,NOT_FOR_ENFORCEMENT,9483.6071,484680.3568,9878.7574,9483.6071,395.1503,0.01770420,0.01699603,395.1503,9483.6071,0.01699603,395.1503,395.1503,395.1503,0.0000,0.0000,9483.6071,0.01699603,1185.4509,1138.6651,8693.3065,8740.0923,0.01557970,0.01566354,0.00070817,22.4534,20.6030,0.4031,82.3230,2.6463,4649.9123,204.2083,25.9152,21.1137,12.8578,14.5296,26.176,48.8436,54.2173,102.8621,13.088,0.0,3.731508,7.079487,1.545355,30,207,63,6,0.32204186,0.01770420,-0.00338982,0E-8,0.000000,0.904812,0.002133,0.03111404,2026-03-21,2026-08-06,120,3733,1703,139,0.863309,1.227414,1.154177,1.073473,,,,,,,,GLOBAL_BASELINE_NO_ENTITY_RANKING,,,NOT_APPLICABLE_GLOBAL_BASELINE,HF9g-P5,,,,X 全窗基线 · 不参与实体赏罚,15053475,1506,A168_HF9F_20260827_0900,2026-08-27 09:00:00
2026-06-30,127529701,2258,0,41.1448556073,39.0876128269,39.0876128269,1.0000000,1,1,0.50665070000000000,0.506650700000,0.9867858985152569,0.9867858985152569,0.9867858985152569,0E-17,ELIGIBLE,R03b_20260811_FULL_v1,L1_ELIGIBILITY,v2026-08-11,2026-03-21..2026-08-06,baccarat_bet02_101_all_pairs_incl_sentinel,round_win = game_pnl > 0 (decisive only),COMPATIBILITY_ONLY_NOT_PRODUCTION,557989.4742,504875.3716,9878.7574,24851,24505,-0.01770420,0.00338982,-0.02772422,-0.01770420,-9878.7574,557989.4742,OK,0.0000,395.1503,4.0000,96.0000,AG03-UNRESOLVED,ALL5_LEVELS_bet23_to_bet27,395.1503,395.1503,395.1503,0.0000,0.0000,4.000000,4.000000,4.000000,0.000000,0.000000,96.000000,96.000000,96.000000,100.000000,100.000000,5.0,1185.4509,1138.6651,8693.3065,8740.0923,PENDING_AG03,FALSE,NOT_FOR_ENFORCEMENT,9483.6071,484680.3568,9878.7574,9483.6071,395.1503,0.01770420,0.01699603,395.1503,9483.6071,0.01699603,395.1503,395.1503,395.1503,0.0000,0.0000,9483.6071,0.01699603,1185.4509,1138.6651,8693.3065,8740.0923,0.01557970,0.01566354,0.00070817,22.4534,20.6030,0.4031,82.3230,2.6463,4649.9123,204.2083,25.9152,21.1137,12.8578,14.5296,26.176,48.8436,54.2173,102.8621,13.088,0.0,3.731508,7.079487,1.545355,30,207,63,6,0.32204186,0.01770420,-0.00338982,0E-8,0.000000,0.904812,0.002133,0.03111404,2026-03-21,2026-08-06,120,3733,1703,139,0.863309,1.227414,1.154177,1.073473,,,,,,,,GLOBAL_BASELINE_NO_ENTITY_RANKING,,,NOT_APPLICABLE_GLOBAL_BASELINE,HF9g-P5,,,,X 全窗基线 · 不参与实体赏罚,15053476,1506,A168_HF9F_20260827_0900,2026-08-27 09:00:00
2026-06-30,127529701,2281,0,115.6636459866,-25.0432447783,-25.0432447783,0.4000000,6,6,0.49771390000000000,0.497713900000,-0.4369944132040151,-0.436994413204015,-0.4369944132040151,0E-17,ELIGIBLE,R03b_20260811_FULL_v1,L1_ELIGIBILITY,v2026-08-11,2026-03-21..2026-08-06,baccarat_bet02_101_all_pairs_incl_sentinel,round_win = game_pnl > 0 (decisive only),COMPATIBILITY_ONLY_NOT_PRODUCTION,557989.4742,504875.3716,9878.7574,24851,24505,-0.01770420,0.00338982,-0.02772422,-0.01770420,-9878.7574,557989.4742,OK,0.0000,395.1503,4.0000,96.0000,AG03-UNRESOLVED,ALL5_LEVELS_bet23_to_bet27,395.1503,395.1503,395.1503,0.0000,0.0000,4.000000,4.000000,4.000000,0.000000,0.000000,96.000000,96.000000,96.000000,100.000000,100.000000,5.0,1185.4509,1138.6651,8693.3065,8740.0923,PENDING_AG03,FALSE,NOT_FOR_ENFORCEMENT,9483.6071,484680.3568,9878.7574,9483.6071,395.1503,0.01770420,0.01699603,395.1503,9483.6071,0.01699603,395.1503,395.1503,395.1503,0.0000,0.0000,9483.6071,0.01699603,1185.4509,1138.6651,8693.3065,8740.0923,0.01557970,0.01566354,0.00070817,22.4534,20.6030,0.4031,82.3230,2.6463,4649.9123,204.2083,25.9152,21.1137,12.8578,14.5296,26.176,48.8436,54.2173,102.8621,13.088,0.0,3.731508,7.079487,1.545355,30,207,63,6,0.32204186,0.01770420,-0.00338982,0E-8,0.000000,0.904812,0.002133,0.03111404,2026-03-21,2026-08-06,120,3733,1703,139,0.863309,1.227414,1.154177,1.073473,,,,,,,,GLOBAL_BASELINE_NO_ENTITY_RANKING,,,NOT_APPLICABLE_GLOBAL_BASELINE,HF9g-P5,,,,X 全窗基线 · 不参与实体赏罚,15053477,1506,A168_HF9F_20260827_0900,2026-08-27 09:00:00
2026-06-30,127529701,462,0,250.4324477834,132.3161128753,132.3161128753,0.5000000,7,7,0.50090561428571429,0.500905614286,-0.00443659308478647,-0.004436593086186165,-0.00443659308478647,-2.8571E-13,ELIGIBLE,R03b_20260811_FULL_v1,L1_ELIGIBILITY,v2026-08-11,2026-03-21..2026-08-06,baccarat_bet02_101_all_pairs_incl_sentinel,round_win = game_pnl > 0 (decisive only),COMPATIBILITY_ONLY_NOT_PRODUCTION,557989.4742,504875.3716,9878.7574,24851,24505,-0.01770420,0.00338982,-0.02772422,-0.01770420,-9878.7574,557989.4742,OK,0.0000,395.1503,4.0000,96.0000,AG03-UNRESOLVED,ALL5_LEVELS_bet23_to_bet27,395.1503,395.1503,395.1503,0.0000,0.0000,4.000000,4.000000,4.000000,0.000000,0.000000,96.000000,96.000000,96.000000,100.000000,100.000000,5.0,1185.4509,1138.6651,8693.3065,8740.0923,PENDING_AG03,FALSE,NOT_FOR_ENFORCEMENT,9483.6071,484680.3568,9878.7574,9483.6071,395.1503,0.01770420,0.01699603,395.1503,9483.6071,0.01699603,395.1503,395.1503,395.1503,0.0000,0.0000,9483.6071,0.01699603,1185.4509,1138.6651,8693.3065,8740.0923,0.01557970,0.01566354,0.00070817,22.4534,20.6030,0.4031,82.3230,2.6463,4649.9123,204.2083,25.9152,21.1137,12.8578,14.5296,26.176,48.8436,54.2173,102.8621,13.088,0.0,3.731508,7.079487,1.545355,30,207,63,6,0.32204186,0.01770420,-0.00338982,0E-8,0.000000,0.904812,0.002133,0.03111404,2026-03-21,2026-08-06,120,3733,1703,139,0.863309,1.227414,1.154177,1.073473,,,,,,,,GLOBAL_BASELINE_NO_ENTITY_RANKING,,,NOT_APPLICABLE_GLOBAL_BASELINE,HF9g-P5,,,,X 全窗基线 · 不参与实体赏罚,15053478,1506,A168_HF9F_20260827_0900,2026-08-27 09:00:00
2026-06-30,127529701,550,0,115.7199063954,-15.4293208527,-15.4293208527,0.3333333,3,3,0.50218230000000000,0.502182300000,-0.5849155494134425,-0.5849155494134426,-0.5849155494134425,0E-17,ELIGIBLE,R03b_20260811_FULL_v1,L1_ELIGIBILITY,v2026-08-11,2026-03-21..2026-08-06,baccarat_bet02_101_all_pairs_incl_sentinel,round_win = game_pnl > 0 (decisive only),COMPATIBILITY_ONLY_NOT_PRODUCTION,557989.4742,504875.3716,9878.7574,24851,24505,-0.01770420,0.00338982,-0.02772422,-0.01770420,-9878.7574,557989.4742,OK,0.0000,395.1503,4.0000,96.0000,AG03-UNRESOLVED,ALL5_LEVELS_bet23_to_bet27,395.1503,395.1503,395.1503,0.0000,0.0000,4.000000,4.000000,4.000000,0.000000,0.000000,96.000000,96.000000,96.000000,100.000000,100.000000,5.0,1185.4509,1138.6651,8693.3065,8740.0923,PENDING_AG03,FALSE,NOT_FOR_ENFORCEMENT,9483.6071,484680.3568,9878.7574,9483.6071,395.1503,0.01770420,0.01699603,395.1503,9483.6071,0.01699603,395.1503,395.1503,395.1503,0.0000,0.0000,9483.6071,0.01699603,1185.4509,1138.6651,8693.3065,8740.0923,0.01557970,0.01566354,0.00070817,22.4534,20.6030,0.4031,82.3230,2.6463,4649.9123,204.2083,25.9152,21.1137,12.8578,14.5296,26.176,48.8436,54.2173,102.8621,13.088,0.0,3.731508,7.079487,1.545355,30,207,63,6,0.32204186,0.01770420,-0.00338982,0E-8,0.000000,0.904812,0.002133,0.03111404,2026-03-21,2026-08-06,120,3733,1703,139,0.863309,1.227414,1.154177,1.073473,,,,,,,,GLOBAL_BASELINE_NO_ENTITY_RANKING,,,NOT_APPLICABLE_GLOBAL_BASELINE,HF9g-P5,,,,X 全窗基线 · 不参与实体赏罚,15053479,1506,A168_HF9F_20260827_0900,2026-08-27 09:00:00
2026-06-30,127529701,583,0,77.1466042636,-77.1466042636,-77.1466042636,0E-7,2,2,0.49994810000000000,0.499948100000,-1.4140667746232096,-1.4140667746232096,-1.4140667746232096,0E-17,ELIGIBLE,R03b_20260811_FULL_v1,L1_ELIGIBILITY,v2026-08-11,2026-03-21..2026-08-06,baccarat_bet02_101_all_pairs_incl_sentinel,round_win = game_pnl > 0 (decisive only),COMPATIBILITY_ONLY_NOT_PRODUCTION,557989.4742,504875.3716,9878.7574,24851,24505,-0.01770420,0.00338982,-0.02772422,-0.01770420,-9878.7574,557989.4742,OK,0.0000,395.1503,4.0000,96.0000,AG03-UNRESOLVED,ALL5_LEVELS_bet23_to_bet27,395.1503,395.1503,395.1503,0.0000,0.0000,4.000000,4.000000,4.000000,0.000000,0.000000,96.000000,96.000000,96.000000,100.000000,100.000000,5.0,1185.4509,1138.6651,8693.3065,8740.0923,PENDING_AG03,FALSE,NOT_FOR_ENFORCEMENT,9483.6071,484680.3568,9878.7574,9483.6071,395.1503,0.01770420,0.01699603,395.1503,9483.6071,0.01699603,395.1503,395.1503,395.1503,0.0000,0.0000,9483.6071,0.01699603,1185.4509,1138.6651,8693.3065,8740.0923,0.01557970,0.01566354,0.00070817,22.4534,20.6030,0.4031,82.3230,2.6463,4649.9123,204.2083,25.9152,21.1137,12.8578,14.5296,26.176,48.8436,54.2173,102.8621,13.088,0.0,3.731508,7.079487,1.545355,30,207,63,6,0.32204186,0.01770420,-0.00338982,0E-8,0.000000,0.904812,0.002133,0.03111404,2026-03-21,2026-08-06,120,3733,1703,139,0.863309,1.227414,1.154177,1.073473,,,,,,,,GLOBAL_BASELINE_NO_ENTITY_RANKING,,,NOT_APPLICABLE_GLOBAL_BASELINE,HF9g-P5,,,,X 全窗基线 · 不参与实体赏罚,15053480,1506,A168_HF9F_20260827_0900,2026-08-27 09:00:00
2026-06-30,127529701,772,0,640.3168153883,-85.3755753852,-85.3755753852,0.4375000,18,18,0.49845863333333333,0.498458633333,-0.48767138390244463,-0.487671383899779,-0.48767138390244463,3.3333E-13,ELIGIBLE,R03b_20260811_FULL_v1,L1_ELIGIBILITY,v2026-08-11,2026-03-21..2026-08-06,baccarat_bet02_101_all_pairs_incl_sentinel,round_win = game_pnl > 0 (decisive only),COMPATIBILITY_ONLY_NOT_PRODUCTION,557989.4742,504875.3716,9878.7574,24851,24505,-0.01770420,0.00338982,-0.02772422,-0.01770420,-9878.7574,557989.4742,OK,0.0000,395.1503,4.0000,96.0000,AG03-UNRESOLVED,ALL5_LEVELS_bet23_to_bet27,395.1503,395.1503,395.1503,0.0000,0.0000,4.000000,4.000000,4.000000,0.000000,0.000000,96.000000,96.000000,96.000000,100.000000,100.000000,5.0,1185.4509,1138.6651,8693.3065,8740.0923,PENDING_AG03,FALSE,NOT_FOR_ENFORCEMENT,9483.6071,484680.3568,9878.7574,9483.6071,395.1503,0.01770420,0.01699603,395.1503,9483.6071,0.01699603,395.1503,395.1503,395.1503,0.0000,0.0000,9483.6071,0.01699603,1185.4509,1138.6651,8693.3065,8740.0923,0.01557970,0.01566354,0.00070817,22.4534,20.6030,0.4031,82.3230,2.6463,4649.9123,204.2083,25.9152,21.1137,12.8578,14.5296,26.176,48.8436,54.2173,102.8621,13.088,0.0,3.731508,7.079487,1.545355,30,207,63,6,0.32204186,0.01770420,-0.00338982,0E-8,0.000000,0.904812,0.002133,0.03111404,2026-03-21,2026-08-06,120,3733,1703,139,0.863309,1.227414,1.154177,1.073473,,,,,,,,GLOBAL_BASELINE_NO_ENTITY_RANKING,,,NOT_APPLICABLE_GLOBAL_BASELINE,HF9g-P5,,,,X 全窗基线 · 不参与实体赏罚,15053481,1506,A168_HF9F_20260827_0900,2026-08-27 09:00:00
2026-06-30,127529701,919,0,141.9977796710,-141.9977796710,-141.9977796710,0E-7,2,2,0.50665070000000000,0.506650700000,-1.4331513700195317,-1.4331513700195317,-1.4331513700195317,0E-17,ELIGIBLE,R03b_20260811_FULL_v1,L1_ELIGIBILITY,v2026-08-11,2026-03-21..2026-08-06,baccarat_bet02_101_all_pairs_incl_sentinel,round_win = game_pnl > 0 (decisive only),COMPATIBILITY_ONLY_NOT_PRODUCTION,557989.4742,504875.3716,9878.7574,24851,24505,-0.01770420,0.00338982,-0.02772422,-0.01770420,-9878.7574,557989.4742,OK,0.0000,395.1503,4.0000,96.0000,AG03-UNRESOLVED,ALL5_LEVELS_bet23_to_bet27,395.1503,395.1503,395.1503,0.0000,0.0000,4.000000,4.000000,4.000000,0.000000,0.000000,96.000000,96.000000,96.000000,100.000000,100.000000,5.0,1185.4509,1138.6651,8693.3065,8740.0923,PENDING_AG03,FALSE,NOT_FOR_ENFORCEMENT,9483.6071,484680.3568,9878.7574,9483.6071,395.1503,0.01770420,0.01699603,395.1503,9483.6071,0.01699603,395.1503,395.1503,395.1503,0.0000,0.0000,9483.6071,0.01699603,1185.4509,1138.6651,8693.3065,8740.0923,0.01557970,0.01566354,0.00070817,22.4534,20.6030,0.4031,82.3230,2.6463,4649.9123,204.2083,25.9152,21.1137,12.8578,14.5296,26.176,48.8436,54.2173,102.8621,13.088,0.0,3.731508,7.079487,1.545355,30,207,63,6,0.32204186,0.01770420,-0.00338982,0E-8,0.000000,0.904812,0.002133,0.03111404,2026-03-21,2026-08-06,120,3733,1703,139,0.863309,1.227414,1.154177,1.073473,,,,,,,,GLOBAL_BASELINE_NO_ENTITY_RANKING,,,NOT_APPLICABLE_GLOBAL_BASELINE,HF9g-P5,,,,X 全窗基线 · 不参与实体赏罚,15053482,1506,A168_HF9F_20260827_0900,2026-08-27 09:00:00
2026-06-30,127529701,948,0,25.8177781220,-25.8177781220,-25.8177781220,0E-7,1,1,0.50665070000000000,0.506650700000,-1.013391052207602,-1.013391052207602,-1.013391052207602,0E-17,ELIGIBLE,R03b_20260811_FULL_v1,L1_ELIGIBILITY,v2026-08-11,2026-03-21..2026-08-06,baccarat_bet02_101_all_pairs_incl_sentinel,round_win = game_pnl > 0 (decisive only),COMPATIBILITY_ONLY_NOT_PRODUCTION,557989.4742,504875.3716,9878.7574,24851,24505,-0.01770420,0.00338982,-0.02772422,-0.01770420,-9878.7574,557989.4742,OK,0.0000,395.1503,4.0000,96.0000,AG03-UNRESOLVED,ALL5_LEVELS_bet23_to_bet27,395.1503,395.1503,395.1503,0.0000,0.0000,4.000000,4.000000,4.000000,0.000000,0.000000,96.000000,96.000000,96.000000,100.000000,100.000000,5.0,1185.4509,1138.6651,8693.3065,8740.0923,PENDING_AG03,FALSE,NOT_FOR_ENFORCEMENT,9483.6071,484680.3568,9878.7574,9483.6071,395.1503,0.01770420,0.01699603,395.1503,9483.6071,0.01699603,395.1503,395.1503,395.1503,0.0000,0.0000,9483.6071,0.01699603,1185.4509,1138.6651,8693.3065,8740.0923,0.01557970,0.01566354,0.00070817,22.4534,20.6030,0.4031,82.3230,2.6463,4649.9123,204.2083,25.9152,21.1137,12.8578,14.5296,26.176,48.8436,54.2173,102.8621,13.088,0.0,3.731508,7.079487,1.545355,30,207,63,6,0.32204186,0.01770420,-0.00338982,0E-8,0.000000,0.904812,0.002133,0.03111404,2026-03-21,2026-08-06,120,3733,1703,139,0.863309,1.227414,1.154177,1.073473,,,,,,,,GLOBAL_BASELINE_NO_ENTITY_RANKING,,,NOT_APPLICABLE_GLOBAL_BASELINE,HF9g-P5,,,,X 全窗基线 · 不参与实体赏罚,15053483,1506,A168_HF9F_20260827_0900,2026-08-27 09:00:00
2026-06-30,127529701,986,0,191.0515581028,-191.0515581028,-191.0515581028,0E-7,5,5,0.50128862000000000,0.501288620000,-2.241838306677593,-2.241838306677593,-2.241838306677593,0E-17,ELIGIBLE,R03b_20260811_FULL_v1,L1_ELIGIBILITY,v2026-08-11,2026-03-21..2026-08-06,baccarat_bet02_101_all_pairs_incl_sentinel,round_win = game_pnl > 0 (decisive only),COMPATIBILITY_ONLY_NOT_PRODUCTION,557989.4742,504875.3716,9878.7574,24851,24505,-0.01770420,0.00338982,-0.02772422,-0.01770420,-9878.7574,557989.4742,OK,0.0000,395.1503,4.0000,96.0000,AG03-UNRESOLVED,ALL5_LEVELS_bet23_to_bet27,395.1503,395.1503,395.1503,0.0000,0.0000,4.000000,4.000000,4.000000,0.000000,0.000000,96.000000,96.000000,96.000000,100.000000,100.000000,5.0,1185.4509,1138.6651,8693.3065,8740.0923,PENDING_AG03,FALSE,NOT_FOR_ENFORCEMENT,9483.6071,484680.3568,9878.7574,9483.6071,395.1503,0.01770420,0.01699603,395.1503,9483.6071,0.01699603,395.1503,395.1503,395.1503,0.0000,0.0000,9483.6071,0.01699603,1185.4509,1138.6651,8693.3065,8740.0923,0.01557970,0.01566354,0.00070817,22.4534,20.6030,0.4031,82.3230,2.6463,4649.9123,204.2083,25.9152,21.1137,12.8578,14.5296,26.176,48.8436,54.2173,102.8621,13.088,0.0,3.731508,7.079487,1.545355,30,207,63,6,0.32204186,0.01770420,-0.00338982,0E-8,0.000000,0.904812,0.002133,0.03111404,2026-03-21,2026-08-06,120,3733,1703,139,0.863309,1.227414,1.154177,1.073473,,,,,,,,GLOBAL_BASELINE_NO_ENTITY_RANKING,,,NOT_APPLICABLE_GLOBAL_BASELINE,HF9g-P5,,,,X 全窗基线 · 不参与实体赏罚,15053484,1506,A168_HF9F_20260827_0900,2026-08-27 09:00:00
2026-06-30,127529701,994,0,767.3515570755,13.8478154653,13.8478154653,0.5000000,15,15,0.50218230000000000,0.502182300000,-0.01633099338158743,-0.01633099338158743,-0.01633099338158743,0E-17,ELIGIBLE,R03b_20260811_FULL_v1,L1_ELIGIBILITY,v2026-08-11,2026-03-21..2026-08-06,baccarat_bet02_101_all_pairs_incl_sentinel,round_win = game_pnl > 0 (decisive only),COMPATIBILITY_ONLY_NOT_PRODUCTION,557989.4742,504875.3716,9878.7574,24851,24505,-0.01770420,0.00338982,-0.02772422,-0.01770420,-9878.7574,557989.4742,OK,0.0000,395.1503,4.0000,96.0000,AG03-UNRESOLVED,ALL5_LEVELS_bet23_to_bet27,395.1503,395.1503,395.1503,0.0000,0.0000,4.000000,4.000000,4.000000,0.000000,0.000000,96.000000,96.000000,96.000000,100.000000,100.000000,5.0,1185.4509,1138.6651,8693.3065,8740.0923,PENDING_AG03,FALSE,NOT_FOR_ENFORCEMENT,9483.6071,484680.3568,9878.7574,9483.6071,395.1503,0.01770420,0.01699603,395.1503,9483.6071,0.01699603,395.1503,395.1503,395.1503,0.0000,0.0000,9483.6071,0.01699603,1185.4509,1138.6651,8693.3065,8740.0923,0.01557970,0.01566354,0.00070817,22.4534,20.6030,0.4031,82.3230,2.6463,4649.9123,204.2083,25.9152,21.1137,12.8578,14.5296,26.176,48.8436,54.2173,102.8621,13.088,0.0,3.731508,7.079487,1.545355,30,207,63,6,0.32204186,0.01770420,-0.00338982,0E-8,0.000000,0.904812,0.002133,0.03111404,2026-03-21,2026-08-06,120,3733,1703,139,0.863309,1.227414,1.154177,1.073473,,,,,,,,GLOBAL_BASELINE_NO_ENTITY_RANKING,,,NOT_APPLICABLE_GLOBAL_BASELINE,HF9g-P5,,,,X 全窗基线 · 不参与实体赏罚,15053485,1506,A168_HF9F_20260827_0900,2026-08-27 09:00:00
2026-07-01,127529701,-1,1,1366.5349959977,-138.5511062914,-138.5511062914,0.4166667,42,42,0.49962892857142857,0.499628928571,-0.995547417019003,-0.9955474170138605,-0.995547417019003,4.2857E-13,SENTINEL_DEALER,R03b_20260811_FULL_v1,L1_ELIGIBILITY,v2026-08-11,2026-03-21..2026-08-06,baccarat_bet02_101_all_pairs_incl_sentinel,round_win = game_pnl > 0 (decisive only),COMPATIBILITY_ONLY_NOT_PRODUCTION,557989.4742,504875.3716,9878.7574,24851,24505,-0.01770420,0.00338982,-0.02772422,-0.01770420,-9878.7574,557989.4742,OK,0.0000,395.1503,4.0000,96.0000,AG03-UNRESOLVED,ALL5_LEVELS_bet23_to_bet27,395.1503,395.1503,395.1503,0.0000,0.0000,4.000000,4.000000,4.000000,0.000000,0.000000,96.000000,96.000000,96.000000,100.000000,100.000000,5.0,1185.4509,1138.6651,8693.3065,8740.0923,PENDING_AG03,FALSE,NOT_FOR_ENFORCEMENT,9483.6071,484680.3568,9878.7574,9483.6071,395.1503,0.01770420,0.01699603,395.1503,9483.6071,0.01699603,395.1503,395.1503,395.1503,0.0000,0.0000,9483.6071,0.01699603,1185.4509,1138.6651,8693.3065,8740.0923,0.01557970,0.01566354,0.00070817,22.4534,20.6030,0.4031,82.3230,2.6463,4649.9123,204.2083,25.9152,21.1137,12.8578,14.5296,26.176,48.8436,54.2173,102.8621,13.088,0.0,3.731508,7.079487,1.545355,30,207,63,6,0.32204186,0.01770420,-0.00338982,0E-8,0.000000,0.904812,0.002133,0.03111404,2026-03-21,2026-08-06,120,3733,1703,139,0.863309,1.227414,1.154177,1.073473,,,,,,,,GLOBAL_BASELINE_NO_ENTITY_RANKING,,,NOT_APPLICABLE_GLOBAL_BASELINE,HF9g-P5,,,,X 全窗基线 · 不参与实体赏罚,15053486,1506,A168_HF9F_20260827_0900,2026-08-27 09:00:00
2026-07-01,127529701,1094,0,51.6355562440,0E-10,0E-10,0.5000000,2,2,0.49994810000000000,0.499948100000,0.00014679536856514622,0.00014679536856514622,0.00014679536856514622,0E-17,ELIGIBLE,R03b_20260811_FULL_v1,L1_ELIGIBILITY,v2026-08-11,2026-03-21..2026-08-06,baccarat_bet02_101_all_pairs_incl_sentinel,round_win = game_pnl > 0 (decisive only),COMPATIBILITY_ONLY_NOT_PRODUCTION,557989.4742,504875.3716,9878.7574,24851,24505,-0.01770420,0.00338982,-0.02772422,-0.01770420,-9878.7574,557989.4742,OK,0.0000,395.1503,4.0000,96.0000,AG03-UNRESOLVED,ALL5_LEVELS_bet23_to_bet27,395.1503,395.1503,395.1503,0.0000,0.0000,4.000000,4.000000,4.000000,0.000000,0.000000,96.000000,96.000000,96.000000,100.000000,100.000000,5.0,1185.4509,1138.6651,8693.3065,8740.0923,PENDING_AG03,FALSE,NOT_FOR_ENFORCEMENT,9483.6071,484680.3568,9878.7574,9483.6071,395.1503,0.01770420,0.01699603,395.1503,9483.6071,0.01699603,395.1503,395.1503,395.1503,0.0000,0.0000,9483.6071,0.01699603,1185.4509,1138.6651,8693.3065,8740.0923,0.01557970,0.01566354,0.00070817,22.4534,20.6030,0.4031,82.3230,2.6463,4649.9123,204.2083,25.9152,21.1137,12.8578,14.5296,26.176,48.8436,54.2173,102.8621,13.088,0.0,3.731508,7.079487,1.545355,30,207,63,6,0.32204186,0.01770420,-0.00338982,0E-8,0.000000,0.904812,0.002133,0.03111404,2026-03-21,2026-08-06,120,3733,1703,139,0.863309,1.227414,1.154177,1.073473,,,,,,,,GLOBAL_BASELINE_NO_ENTITY_RANKING,,,NOT_APPLICABLE_GLOBAL_BASELINE,HF9g-P5,,,,X 全窗基线 · 不参与实体赏罚,15053487,1506,A168_HF9F_20260827_0900,2026-08-27 09:00:00
2026-07-01,127529701,1157,0,25.8177781220,-25.8177781220,-25.8177781220,0E-7,1,1,0.49324550000000000,0.493245500000,-0.9865810262130424,-0.9865810262130424,-0.9865810262130424,0E-17,ELIGIBLE,R03b_20260811_FULL_v1,L1_ELIGIBILITY,v2026-08-11,2026-03-21..2026-08-06,baccarat_bet02_101_all_pairs_incl_sentinel,round_win = game_pnl > 0 (decisive only),COMPATIBILITY_ONLY_NOT_PRODUCTION,557989.4742,504875.3716,9878.7574,24851,24505,-0.01770420,0.00338982,-0.02772422,-0.01770420,-9878.7574,557989.4742,OK,0.0000,395.1503,4.0000,96.0000,AG03-UNRESOLVED,ALL5_LEVELS_bet23_to_bet27,395.1503,395.1503,395.1503,0.0000,0.0000,4.000000,4.000000,4.000000,0.000000,0.000000,96.000000,96.000000,96.000000,100.000000,100.000000,5.0,1185.4509,1138.6651,8693.3065,8740.0923,PENDING_AG03,FALSE,NOT_FOR_ENFORCEMENT,9483.6071,484680.3568,9878.7574,9483.6071,395.1503,0.01770420,0.01699603,395.1503,9483.6071,0.01699603,395.1503,395.1503,395.1503,0.0000,0.0000,9483.6071,0.01699603,1185.4509,1138.6651,8693.3065,8740.0923,0.01557970,0.01566354,0.00070817,22.4534,20.6030,0.4031,82.3230,2.6463,4649.9123,204.2083,25.9152,21.1137,12.8578,14.5296,26.176,48.8436,54.2173,102.8621,13.088,0.0,3.731508,7.079487,1.545355,30,207,63,6,0.32204186,0.01770420,-0.00338982,0E-8,0.000000,0.904812,0.002133,0.03111404,2026-03-21,2026-08-06,120,3733,1703,139,0.863309,1.227414,1.154177,1.073473,,,,,,,,GLOBAL_BASELINE_NO_ENTITY_RANKING,,,NOT_APPLICABLE_GLOBAL_BASELINE,HF9g-P5,,,,X 全窗基线 · 不参与实体赏罚,15053488,1506,A168_HF9F_20260827_0900,2026-08-27 09:00:00
2026-07-01,127529701,1221,0,134.2524462344,-21.5578447319,-21.5578447319,0.2500000,6,6,0.50218230000000000,0.502182300000,-1.0087388081483202,-1.0087388081483202,-1.0087388081483202,0E-17,ELIGIBLE,R03b_20260811_FULL_v1,L1_ELIGIBILITY,v2026-08-11,2026-03-21..2026-08-06,baccarat_bet02_101_all_pairs_incl_sentinel,round_win = game_pnl > 0 (decisive only),COMPATIBILITY_ONLY_NOT_PRODUCTION,557989.4742,504875.3716,9878.7574,24851,24505,-0.01770420,0.00338982,-0.02772422,-0.01770420,-9878.7574,557989.4742,OK,0.0000,395.1503,4.0000,96.0000,AG03-UNRESOLVED,ALL5_LEVELS_bet23_to_bet27,395.1503,395.1503,395.1503,0.0000,0.0000,4.000000,4.000000,4.000000,0.000000,0.000000,96.000000,96.000000,96.000000,100.000000,100.000000,5.0,1185.4509,1138.6651,8693.3065,8740.0923,PENDING_AG03,FALSE,NOT_FOR_ENFORCEMENT,9483.6071,484680.3568,9878.7574,9483.6071,395.1503,0.01770420,0.01699603,395.1503,9483.6071,0.01699603,395.1503,395.1503,395.1503,0.0000,0.0000,9483.6071,0.01699603,1185.4509,1138.6651,8693.3065,8740.0923,0.01557970,0.01566354,0.00070817,22.4534,20.6030,0.4031,82.3230,2.6463,4649.9123,204.2083,25.9152,21.1137,12.8578,14.5296,26.176,48.8436,54.2173,102.8621,13.088,0.0,3.731508,7.079487,1.545355,30,207,63,6,0.32204186,0.01770420,-0.00338982,0E-8,0.000000,0.904812,0.002133,0.03111404,2026-03-21,2026-08-06,120,3733,1703,139,0.863309,1.227414,1.154177,1.073473,,,,,,,,GLOBAL_BASELINE_NO_ENTITY_RANKING,,,NOT_APPLICABLE_GLOBAL_BASELINE,HF9g-P5,,,,X 全窗基线 · 不参与实体赏罚,15053489,1506,A168_HF9F_20260827_0900,2026-08-27 09:00:00
2026-07-01,127529701,1299,0,105.8528903002,50.2155784473,50.2155784473,0.6666667,3,3,0.50218230000000000,0.502182300000,0.5697959874915163,0.5697959874915164,0.5697959874915163,0E-17,ELIGIBLE,R03b_20260811_FULL_v1,L1_ELIGIBILITY,v2026-08-11,2026-03-21..2026-08-06,baccarat_bet02_101_all_pairs_incl_sentinel,round_win = game_pnl > 0 (decisive only),COMPATIBILITY_ONLY_NOT_PRODUCTION,557989.4742,504875.3716,9878.7574,24851,24505,-0.01770420,0.00338982,-0.02772422,-0.01770420,-9878.7574,557989.4742,OK,0.0000,395.1503,4.0000,96.0000,AG03-UNRESOLVED,ALL5_LEVELS_bet23_to_bet27,395.1503,395.1503,395.1503,0.0000,0.0000,4.000000,4.000000,4.000000,0.000000,0.000000,96.000000,96.000000,96.000000,100.000000,100.000000,5.0,1185.4509,1138.6651,8693.3065,8740.0923,PENDING_AG03,FALSE,NOT_FOR_ENFORCEMENT,9483.6071,484680.3568,9878.7574,9483.6071,395.1503,0.01770420,0.01699603,395.1503,9483.6071,0.01699603,395.1503,395.1503,395.1503,0.0000,0.0000,9483.6071,0.01699603,1185.4509,1138.6651,8693.3065,8740.0923,0.01557970,0.01566354,0.00070817,22.4534,20.6030,0.4031,82.3230,2.6463,4649.9123,204.2083,25.9152,21.1137,12.8578,14.5296,26.176,48.8436,54.2173,102.8621,13.088,0.0,3.731508,7.079487,1.545355,30,207,63,6,0.32204186,0.01770420,-0.00338982,0E-8,0.000000,0.904812,0.002133,0.03111404,2026-03-21,2026-08-06,120,3733,1703,139,0.863309,1.227414,1.154177,1.073473,,,,,,,,GLOBAL_BASELINE_NO_ENTITY_RANKING,,,NOT_APPLICABLE_GLOBAL_BASELINE,HF9g-P5,,,,X 全窗基线 · 不参与实体赏罚,15053490,1506,A168_HF9F_20260827_0900,2026-08-27 09:00:00
2026-07-01,127529701,1302,0,102.4965791444,-25.6886892314,-25.6886892314,0.5000000,6,6,0.49771390000000000,0.497713900000,0.011199674067230152,0.011199674067230152,0.011199674067230152,0E-17,ELIGIBLE,R03b_20260811_FULL_v1,L1_ELIGIBILITY,v2026-08-11,2026-03-21..2026-08-06,baccarat_bet02_101_all_pairs_incl_sentinel,round_win = game_pnl > 0 (decisive only),COMPATIBILITY_ONLY_NOT_PRODUCTION,557989.4742,504875.3716,9878.7574,24851,24505,-0.01770420,0.00338982,-0.02772422,-0.01770420,-9878.7574,557989.4742,OK,0.0000,395.1503,4.0000,96.0000,AG03-UNRESOLVED,ALL5_LEVELS_bet23_to_bet27,395.1503,395.1503,395.1503,0.0000,0.0000,4.000000,4.000000,4.000000,0.000000,0.000000,96.000000,96.000000,96.000000,100.000000,100.000000,5.0,1185.4509,1138.6651,8693.3065,8740.0923,PENDING_AG03,FALSE,NOT_FOR_ENFORCEMENT,9483.6071,484680.3568,9878.7574,9483.6071,395.1503,0.01770420,0.01699603,395.1503,9483.6071,0.01699603,395.1503,395.1503,395.1503,0.0000,0.0000,9483.6071,0.01699603,1185.4509,1138.6651,8693.3065,8740.0923,0.01557970,0.01566354,0.00070817,22.4534,20.6030,0.4031,82.3230,2.6463,4649.9123,204.2083,25.9152,21.1137,12.8578,14.5296,26.176,48.8436,54.2173,102.8621,13.088,0.0,3.731508,7.079487,1.545355,30,207,63,6,0.32204186,0.01770420,-0.00338982,0E-8,0.000000,0.904812,0.002133,0.03111404,2026-03-21,2026-08-06,120,3733,1703,139,0.863309,1.227414,1.154177,1.073473,,,,,,,,GLOBAL_BASELINE_NO_ENTITY_RANKING,,,NOT_APPLICABLE_GLOBAL_BASELINE,HF9g-P5,,,,X 全窗基线 · 不参与实体赏罚,15053491,1506,A168_HF9F_20260827_0900,2026-08-27 09:00:00
2026-07-01,127529701,1307,0,286.5773371542,-107.1437792063,-107.1437792063,0.3333333,6,6,0.49771390000000000,0.497713900000,-0.8053054414300617,-0.8053054414300617,-0.8053054414300617,0E-17,ELIGIBLE,R03b_20260811_FULL_v1,L1_ELIGIBILITY,v2026-08-11,2026-03-21..2026-08-06,baccarat_bet02_101_all_pairs_incl_sentinel,round_win = game_pnl > 0 (decisive only),COMPATIBILITY_ONLY_NOT_PRODUCTION,557989.4742,504875.3716,9878.7574,24851,24505,-0.01770420,0.00338982,-0.02772422,-0.01770420,-9878.7574,557989.4742,OK,0.0000,395.1503,4.0000,96.0000,AG03-UNRESOLVED,ALL5_LEVELS_bet23_to_bet27,395.1503,395.1503,395.1503,0.0000,0.0000,4.000000,4.000000,4.000000,0.000000,0.000000,96.000000,96.000000,96.000000,100.000000,100.000000,5.0,1185.4509,1138.6651,8693.3065,8740.0923,PENDING_AG03,FALSE,NOT_FOR_ENFORCEMENT,9483.6071,484680.3568,9878.7574,9483.6071,395.1503,0.01770420,0.01699603,395.1503,9483.6071,0.01699603,395.1503,395.1503,395.1503,0.0000,0.0000,9483.6071,0.01699603,1185.4509,1138.6651,8693.3065,8740.0923,0.01557970,0.01566354,0.00070817,22.4534,20.6030,0.4031,82.3230,2.6463,4649.9123,204.2083,25.9152,21.1137,12.8578,14.5296,26.176,48.8436,54.2173,102.8621,13.088,0.0,3.731508,7.079487,1.545355,30,207,63,6,0.32204186,0.01770420,-0.00338982,0E-8,0.000000,0.904812,0.002133,0.03111404,2026-03-21,2026-08-06,120,3733,1703,139,0.863309,1.227414,1.154177,1.073473,,,,,,,,GLOBAL_BASELINE_NO_ENTITY_RANKING,,,NOT_APPLICABLE_GLOBAL_BASELINE,HF9g-P5,,,,X 全窗基线 · 不参与实体赏罚,15053492,1506,A168_HF9F_20260827_0900,2026-08-27 09:00:00
2026-07-01,127529701,1318,0,154.9066687320,-51.6355562440,-51.6355562440,0.5000000,4,4,0.49994810000000000,0.499948100000,0.00020760000111838688,0.00020760000111838688,0.00020760000111838688,0E-17,ELIGIBLE,R03b_20260811_FULL_v1,L1_ELIGIBILITY,v2026-08-11,2026-03-21..2026-08-06,baccarat_bet02_101_all_pairs_incl_sentinel,round_win = game_pnl > 0 (decisive only),COMPATIBILITY_ONLY_NOT_PRODUCTION,557989.4742,504875.3716,9878.7574,24851,24505,-0.01770420,0.00338982,-0.02772422,-0.01770420,-9878.7574,557989.4742,OK,0.0000,395.1503,4.0000,96.0000,AG03-UNRESOLVED,ALL5_LEVELS_bet23_to_bet27,395.1503,395.1503,395.1503,0.0000,0.0000,4.000000,4.000000,4.000000,0.000000,0.000000,96.000000,96.000000,96.000000,100.000000,100.000000,5.0,1185.4509,1138.6651,8693.3065,8740.0923,PENDING_AG03,FALSE,NOT_FOR_ENFORCEMENT,9483.6071,484680.3568,9878.7574,9483.6071,395.1503,0.01770420,0.01699603,395.1503,9483.6071,0.01699603,395.1503,395.1503,395.1503,0.0000,0.0000,9483.6071,0.01699603,1185.4509,1138.6651,8693.3065,8740.0923,0.01557970,0.01566354,0.00070817,22.4534,20.6030,0.4031,82.3230,2.6463,4649.9123,204.2083,25.9152,21.1137,12.8578,14.5296,26.176,48.8436,54.2173,102.8621,13.088,0.0,3.731508,7.079487,1.545355,30,207,63,6,0.32204186,0.01770420,-0.00338982,0E-8,0.000000,0.904812,0.002133,0.03111404,2026-03-21,2026-08-06,120,3733,1703,139,0.863309,1.227414,1.154177,1.073473,,,,,,,,GLOBAL_BASELINE_NO_ENTITY_RANKING,,,NOT_APPLICABLE_GLOBAL_BASELINE,HF9g-P5,,,,X 全窗基线 · 不参与实体赏罚,15053493,1506,A168_HF9F_20260827_0900,2026-08-27 09:00:00
2026-07-01,127529701,1331,0,339.5037823043,174.3990912142,174.3990912142,0.6666667,10,10,0.49860758000000000,0.498607580000,1.0083584300857016,1.0083584300857016,1.0083584300857016,0E-17,ELIGIBLE,R03b_20260811_FULL_v1,L1_ELIGIBILITY,v2026-08-11,2026-03-21..2026-08-06,baccarat_bet02_101_all_pairs_incl_sentinel,round_win = game_pnl > 0 (decisive only),COMPATIBILITY_ONLY_NOT_PRODUCTION,557989.4742,504875.3716,9878.7574,24851,24505,-0.01770420,0.00338982,-0.02772422,-0.01770420,-9878.7574,557989.4742,OK,0.0000,395.1503,4.0000,96.0000,AG03-UNRESOLVED,ALL5_LEVELS_bet23_to_bet27,395.1503,395.1503,395.1503,0.0000,0.0000,4.000000,4.000000,4.000000,0.000000,0.000000,96.000000,96.000000,96.000000,100.000000,100.000000,5.0,1185.4509,1138.6651,8693.3065,8740.0923,PENDING_AG03,FALSE,NOT_FOR_ENFORCEMENT,9483.6071,484680.3568,9878.7574,9483.6071,395.1503,0.01770420,0.01699603,395.1503,9483.6071,0.01699603,395.1503,395.1503,395.1503,0.0000,0.0000,9483.6071,0.01699603,1185.4509,1138.6651,8693.3065,8740.0923,0.01557970,0.01566354,0.00070817,22.4534,20.6030,0.4031,82.3230,2.6463,4649.9123,204.2083,25.9152,21.1137,12.8578,14.5296,26.176,48.8436,54.2173,102.8621,13.088,0.0,3.731508,7.079487,1.545355,30,207,63,6,0.32204186,0.01770420,-0.00338982,0E-8,0.000000,0.904812,0.002133,0.03111404,2026-03-21,2026-08-06,120,3733,1703,139,0.863309,1.227414,1.154177,1.073473,,,,,,,,GLOBAL_BASELINE_NO_ENTITY_RANKING,,,NOT_APPLICABLE_GLOBAL_BASELINE,HF9g-P5,,,,X 全窗基线 · 不参与实体赏罚,15053494,1506,A168_HF9F_20260827_0900,2026-08-27 09:00:00
2026-07-01,127529701,1363,0,116.1800015490,112.3073348307,112.3073348307,1.0000000,2,2,0.49994810000000000,0.499948100000,1.4143603653603398,1.4143603653603398,1.4143603653603398,0E-17,ELIGIBLE,R03b_20260811_FULL_v1,L1_ELIGIBILITY,v2026-08-11,2026-03-21..2026-08-06,baccarat_bet02_101_all_pairs_incl_sentinel,round_win = game_pnl > 0 (decisive only),COMPATIBILITY_ONLY_NOT_PRODUCTION,557989.4742,504875.3716,9878.7574,24851,24505,-0.01770420,0.00338982,-0.02772422,-0.01770420,-9878.7574,557989.4742,OK,0.0000,395.1503,4.0000,96.0000,AG03-UNRESOLVED,ALL5_LEVELS_bet23_to_bet27,395.1503,395.1503,395.1503,0.0000,0.0000,4.000000,4.000000,4.000000,0.000000,0.000000,96.000000,96.000000,96.000000,100.000000,100.000000,5.0,1185.4509,1138.6651,8693.3065,8740.0923,PENDING_AG03,FALSE,NOT_FOR_ENFORCEMENT,9483.6071,484680.3568,9878.7574,9483.6071,395.1503,0.01770420,0.01699603,395.1503,9483.6071,0.01699603,395.1503,395.1503,395.1503,0.0000,0.0000,9483.6071,0.01699603,1185.4509,1138.6651,8693.3065,8740.0923,0.01557970,0.01566354,0.00070817,22.4534,20.6030,0.4031,82.3230,2.6463,4649.9123,204.2083,25.9152,21.1137,12.8578,14.5296,26.176,48.8436,54.2173,102.8621,13.088,0.0,3.731508,7.079487,1.545355,30,207,63,6,0.32204186,0.01770420,-0.00338982,0E-8,0.000000,0.904812,0.002133,0.03111404,2026-03-21,2026-08-06,120,3733,1703,139,0.863309,1.227414,1.154177,1.073473,,,,,,,,GLOBAL_BASELINE_NO_ENTITY_RANKING,,,NOT_APPLICABLE_GLOBAL_BASELINE,HF9g-P5,,,,X 全窗基线 · 不参与实体赏罚,15053495,1506,A168_HF9F_20260827_0900,2026-08-27 09:00:00
2026-07-01,127529701,1396,0,1014.6386801949,-8.3649601117,-8.3649601117,0.5185185,31,31,0.50059673870967742,0.500596738710,0.1862487317911581,0.18624873178780593,0.1862487317911581,-3.2258E-13,ELIGIBLE,R03b_20260811_FULL_v1,L1_ELIGIBILITY,v2026-08-11,2026-03-21..2026-08-06,baccarat_bet02_101_all_pairs_incl_sentinel,round_win = game_pnl > 0 (decisive only),COMPATIBILITY_ONLY_NOT_PRODUCTION,557989.4742,504875.3716,9878.7574,24851,24505,-0.01770420,0.00338982,-0.02772422,-0.01770420,-9878.7574,557989.4742,OK,0.0000,395.1503,4.0000,96.0000,AG03-UNRESOLVED,ALL5_LEVELS_bet23_to_bet27,395.1503,395.1503,395.1503,0.0000,0.0000,4.000000,4.000000,4.000000,0.000000,0.000000,96.000000,96.000000,96.000000,100.000000,100.000000,5.0,1185.4509,1138.6651,8693.3065,8740.0923,PENDING_AG03,FALSE,NOT_FOR_ENFORCEMENT,9483.6071,484680.3568,9878.7574,9483.6071,395.1503,0.01770420,0.01699603,395.1503,9483.6071,0.01699603,395.1503,395.1503,395.1503,0.0000,0.0000,9483.6071,0.01699603,1185.4509,1138.6651,8693.3065,8740.0923,0.01557970,0.01566354,0.00070817,22.4534,20.6030,0.4031,82.3230,2.6463,4649.9123,204.2083,25.9152,21.1137,12.8578,14.5296,26.176,48.8436,54.2173,102.8621,13.088,0.0,3.731508,7.079487,1.545355,30,207,63,6,0.32204186,0.01770420,-0.00338982,0E-8,0.000000,0.904812,0.002133,0.03111404,2026-03-21,2026-08-06,120,3733,1703,139,0.863309,1.227414,1.154177,1.073473,,,,,,,,GLOBAL_BASELINE_NO_ENTITY_RANKING,,,NOT_APPLICABLE_GLOBAL_BASELINE,HF9g-P5,,,,X 全窗基线 · 不参与实体赏罚,15053496,1506,A168_HF9F_20260827_0900,2026-08-27 09:00:00
2026-07-01,127529701,1399,0,68.9334675858,-18.5888002479,-18.5888002479,0.5000000,2,2,0.50665070000000000,0.506650700000,-0.018812684590367487,-0.018812684590367487,-0.018812684590367487,0E-17,ELIGIBLE,R03b_20260811_FULL_v1,L1_ELIGIBILITY,v2026-08-11,2026-03-21..2026-08-06,baccarat_bet02_101_all_pairs_incl_sentinel,round_win = game_pnl > 0 (decisive only),COMPATIBILITY_ONLY_NOT_PRODUCTION,557989.4742,504875.3716,9878.7574,24851,24505,-0.01770420,0.00338982,-0.02772422,-0.01770420,-9878.7574,557989.4742,OK,0.0000,395.1503,4.0000,96.0000,AG03-UNRESOLVED,ALL5_LEVELS_bet23_to_bet27,395.1503,395.1503,395.1503,0.0000,0.0000,4.000000,4.000000,4.000000,0.000000,0.000000,96.000000,96.000000,96.000000,100.000000,100.000000,5.0,1185.4509,1138.6651,8693.3065,8740.0923,PENDING_AG03,FALSE,NOT_FOR_ENFORCEMENT,9483.6071,484680.3568,9878.7574,9483.6071,395.1503,0.01770420,0.01699603,395.1503,9483.6071,0.01699603,395.1503,395.1503,395.1503,0.0000,0.0000,9483.6071,0.01699603,1185.4509,1138.6651,8693.3065,8740.0923,0.01557970,0.01566354,0.00070817,22.4534,20.6030,0.4031,82.3230,2.6463,4649.9123,204.2083,25.9152,21.1137,12.8578,14.5296,26.176,48.8436,54.2173,102.8621,13.088,0.0,3.731508,7.079487,1.545355,30,207,63,6,0.32204186,0.01770420,-0.00338982,0E-8,0.000000,0.904812,0.002133,0.03111404,2026-03-21,2026-08-06,120,3733,1703,139,0.863309,1.227414,1.154177,1.073473,,,,,,,,GLOBAL_BASELINE_NO_ENTITY_RANKING,,,NOT_APPLICABLE_GLOBAL_BASELINE,HF9g-P5,,,,X 全窗基线 · 不参与实体赏罚,15053497,1506,A168_HF9F_20260827_0900,2026-08-27 09:00:00
2026-07-01,127529701,1505,0,495.7013399425,22.2678336303,22.2678336303,0.4705882,19,18,0.50087901666666667,0.501065200000,-0.24978456816555583,-0.2513200595829299,-0.24978456816555583,-0.00018618333333333,ELIGIBLE,R03b_20260811_FULL_v1,L1_ELIGIBILITY,v2026-08-11,2026-03-21..2026-08-06,baccarat_bet02_101_all_pairs_incl_sentinel,round_win = game_pnl > 0 (decisive only),COMPATIBILITY_ONLY_NOT_PRODUCTION,557989.4742,504875.3716,9878.7574,24851,24505,-0.01770420,0.00338982,-0.02772422,-0.01770420,-9878.7574,557989.4742,OK,0.0000,395.1503,4.0000,96.0000,AG03-UNRESOLVED,ALL5_LEVELS_bet23_to_bet27,395.1503,395.1503,395.1503,0.0000,0.0000,4.000000,4.000000,4.000000,0.000000,0.000000,96.000000,96.000000,96.000000,100.000000,100.000000,5.0,1185.4509,1138.6651,8693.3065,8740.0923,PENDING_AG03,FALSE,NOT_FOR_ENFORCEMENT,9483.6071,484680.3568,9878.7574,9483.6071,395.1503,0.01770420,0.01699603,395.1503,9483.6071,0.01699603,395.1503,395.1503,395.1503,0.0000,0.0000,9483.6071,0.01699603,1185.4509,1138.6651,8693.3065,8740.0923,0.01557970,0.01566354,0.00070817,22.4534,20.6030,0.4031,82.3230,2.6463,4649.9123,204.2083,25.9152,21.1137,12.8578,14.5296,26.176,48.8436,54.2173,102.8621,13.088,0.0,3.731508,7.079487,1.545355,30,207,63,6,0.32204186,0.01770420,-0.00338982,0E-8,0.000000,0.904812,0.002133,0.03111404,2026-03-21,2026-08-06,120,3733,1703,139,0.863309,1.227414,1.154177,1.073473,,,,,,,,GLOBAL_BASELINE_NO_ENTITY_RANKING,,,NOT_APPLICABLE_GLOBAL_BASELINE,HF9g-P5,,,,X 全窗基线 · 不参与实体赏罚,15053498,1506,A168_HF9F_20260827_0900,2026-08-27 09:00:00
2026-07-01,127529701,1710,0,25.8177781220,-25.8177781220,-25.8177781220,0E-7,1,1,0.49324550000000000,0.493245500000,-0.9865810262130424,-0.9865810262130424,-0.9865810262130424,0E-17,ELIGIBLE,R03b_20260811_FULL_v1,L1_ELIGIBILITY,v2026-08-11,2026-03-21..2026-08-06,baccarat_bet02_101_all_pairs_incl_sentinel,round_win = game_pnl > 0 (decisive only),COMPATIBILITY_ONLY_NOT_PRODUCTION,557989.4742,504875.3716,9878.7574,24851,24505,-0.01770420,0.00338982,-0.02772422,-0.01770420,-9878.7574,557989.4742,OK,0.0000,395.1503,4.0000,96.0000,AG03-UNRESOLVED,ALL5_LEVELS_bet23_to_bet27,395.1503,395.1503,395.1503,0.0000,0.0000,4.000000,4.000000,4.000000,0.000000,0.000000,96.000000,96.000000,96.000000,100.000000,100.000000,5.0,1185.4509,1138.6651,8693.3065,8740.0923,PENDING_AG03,FALSE,NOT_FOR_ENFORCEMENT,9483.6071,484680.3568,9878.7574,9483.6071,395.1503,0.01770420,0.01699603,395.1503,9483.6071,0.01699603,395.1503,395.1503,395.1503,0.0000,0.0000,9483.6071,0.01699603,1185.4509,1138.6651,8693.3065,8740.0923,0.01557970,0.01566354,0.00070817,22.4534,20.6030,0.4031,82.3230,2.6463,4649.9123,204.2083,25.9152,21.1137,12.8578,14.5296,26.176,48.8436,54.2173,102.8621,13.088,0.0,3.731508,7.079487,1.545355,30,207,63,6,0.32204186,0.01770420,-0.00338982,0E-8,0.000000,0.904812,0.002133,0.03111404,2026-03-21,2026-08-06,120,3733,1703,139,0.863309,1.227414,1.154177,1.073473,,,,,,,,GLOBAL_BASELINE_NO_ENTITY_RANKING,,,NOT_APPLICABLE_GLOBAL_BASELINE,HF9g-P5,,,,X 全窗基线 · 不参与实体赏罚,15053499,1506,A168_HF9F_20260827_0900,2026-08-27 09:00:00
2026-07-01,127529701,1947,0,129.0888906100,-51.6355562440,-51.6355562440,0E-7,3,3,0.50665070000000000,0.506650700000,-1.4331513700195317,-1.4331513700195317,-1.4331513700195317,0E-17,ELIGIBLE,R03b_20260811_FULL_v1,L1_ELIGIBILITY,v2026-08-11,2026-03-21..2026-08-06,baccarat_bet02_101_all_pairs_incl_sentinel,round_win = game_pnl > 0 (decisive only),COMPATIBILITY_ONLY_NOT_PRODUCTION,557989.4742,504875.3716,9878.7574,24851,24505,-0.01770420,0.00338982,-0.02772422,-0.01770420,-9878.7574,557989.4742,OK,0.0000,395.1503,4.0000,96.0000,AG03-UNRESOLVED,ALL5_LEVELS_bet23_to_bet27,395.1503,395.1503,395.1503,0.0000,0.0000,4.000000,4.000000,4.000000,0.000000,0.000000,96.000000,96.000000,96.000000,100.000000,100.000000,5.0,1185.4509,1138.6651,8693.3065,8740.0923,PENDING_AG03,FALSE,NOT_FOR_ENFORCEMENT,9483.6071,484680.3568,9878.7574,9483.6071,395.1503,0.01770420,0.01699603,395.1503,9483.6071,0.01699603,395.1503,395.1503,395.1503,0.0000,0.0000,9483.6071,0.01699603,1185.4509,1138.6651,8693.3065,8740.0923,0.01557970,0.01566354,0.00070817,22.4534,20.6030,0.4031,82.3230,2.6463,4649.9123,204.2083,25.9152,21.1137,12.8578,14.5296,26.176,48.8436,54.2173,102.8621,13.088,0.0,3.731508,7.079487,1.545355,30,207,63,6,0.32204186,0.01770420,-0.00338982,0E-8,0.000000,0.904812,0.002133,0.03111404,2026-03-21,2026-08-06,120,3733,1703,139,0.863309,1.227414,1.154177,1.073473,,,,,,,,GLOBAL_BASELINE_NO_ENTITY_RANKING,,,NOT_APPLICABLE_GLOBAL_BASELINE,HF9g-P5,,,,X 全窗基线 · 不参与实体赏罚,15053500,1506,A168_HF9F_20260827_0900,2026-08-27 09:00:00
2026-07-01,127529701,1951,0,152.3248909198,146.6449797330,146.6449797330,1.0000000,3,3,0.50218230000000000,0.502182300000,1.724507524396475,1.7245075243964754,1.724507524396475,0E-17,ELIGIBLE,R03b_20260811_FULL_v1,L1_ELIGIBILITY,v2026-08-11,2026-03-21..2026-08-06,baccarat_bet02_101_all_pairs_incl_sentinel,round_win = game_pnl > 0 (decisive only),COMPATIBILITY_ONLY_NOT_PRODUCTION,557989.4742,504875.3716,9878.7574,24851,24505,-0.01770420,0.00338982,-0.02772422,-0.01770420,-9878.7574,557989.4742,OK,0.0000,395.1503,4.0000,96.0000,AG03-UNRESOLVED,ALL5_LEVELS_bet23_to_bet27,395.1503,395.1503,395.1503,0.0000,0.0000,4.000000,4.000000,4.000000,0.000000,0.000000,96.000000,96.000000,96.000000,100.000000,100.000000,5.0,1185.4509,1138.6651,8693.3065,8740.0923,PENDING_AG03,FALSE,NOT_FOR_ENFORCEMENT,9483.6071,484680.3568,9878.7574,9483.6071,395.1503,0.01770420,0.01699603,395.1503,9483.6071,0.01699603,395.1503,395.1503,395.1503,0.0000,0.0000,9483.6071,0.01699603,1185.4509,1138.6651,8693.3065,8740.0923,0.01557970,0.01566354,0.00070817,22.4534,20.6030,0.4031,82.3230,2.6463,4649.9123,204.2083,25.9152,21.1137,12.8578,14.5296,26.176,48.8436,54.2173,102.8621,13.088,0.0,3.731508,7.079487,1.545355,30,207,63,6,0.32204186,0.01770420,-0.00338982,0E-8,0.000000,0.904812,0.002133,0.03111404,2026-03-21,2026-08-06,120,3733,1703,139,0.863309,1.227414,1.154177,1.073473,,,,,,,,GLOBAL_BASELINE_NO_ENTITY_RANKING,,,NOT_APPLICABLE_GLOBAL_BASELINE,HF9g-P5,,,,X 全窗基线 · 不参与实体赏罚,15053501,1506,A168_HF9F_20260827_0900,2026-08-27 09:00:00
2026-07-01,127529701,1985,0,229.7782252859,147.1613352955,147.1613352955,0.7500000,6,6,0.49994810000000000,0.499948100000,1.0002076053883384,1.0002076053883384,1.0002076053883384,0E-17,ELIGIBLE,R03b_20260811_FULL_v1,L1_ELIGIBILITY,v2026-08-11,2026-03-21..2026-08-06,baccarat_bet02_101_all_pairs_incl_sentinel,round_win = game_pnl > 0 (decisive only),COMPATIBILITY_ONLY_NOT_PRODUCTION,557989.4742,504875.3716,9878.7574,24851,24505,-0.01770420,0.00338982,-0.02772422,-0.01770420,-9878.7574,557989.4742,OK,0.0000,395.1503,4.0000,96.0000,AG03-UNRESOLVED,ALL5_LEVELS_bet23_to_bet27,395.1503,395.1503,395.1503,0.0000,0.0000,4.000000,4.000000,4.000000,0.000000,0.000000,96.000000,96.000000,96.000000,100.000000,100.000000,5.0,1185.4509,1138.6651,8693.3065,8740.0923,PENDING_AG03,FALSE,NOT_FOR_ENFORCEMENT,9483.6071,484680.3568,9878.7574,9483.6071,395.1503,0.01770420,0.01699603,395.1503,9483.6071,0.01699603,395.1503,395.1503,395.1503,0.0000,0.0000,9483.6071,0.01699603,1185.4509,1138.6651,8693.3065,8740.0923,0.01557970,0.01566354,0.00070817,22.4534,20.6030,0.4031,82.3230,2.6463,4649.9123,204.2083,25.9152,21.1137,12.8578,14.5296,26.176,48.8436,54.2173,102.8621,13.088,0.0,3.731508,7.079487,1.545355,30,207,63,6,0.32204186,0.01770420,-0.00338982,0E-8,0.000000,0.904812,0.002133,0.03111404,2026-03-21,2026-08-06,120,3733,1703,139,0.863309,1.227414,1.154177,1.073473,,,,,,,,GLOBAL_BASELINE_NO_ENTITY_RANKING,,,NOT_APPLICABLE_GLOBAL_BASELINE,HF9g-P5,,,,X 全窗基线 · 不参与实体赏罚,15053502,1506,A168_HF9F_20260827_0900,2026-08-27 09:00:00
2026-07-01,127529701,2101,0,263.5995146257,-212.6094028347,-212.6094028347,0.1428571,9,9,0.50069283333333333,0.500692833333,-1.8934903122660114,-1.8934903122642452,-1.8934903122660114,3.3333E-13,ELIGIBLE,R03b_20260811_FULL_v1,L1_ELIGIBILITY,v2026-08-11,2026-03-21..2026-08-06,baccarat_bet02_101_all_pairs_incl_sentinel,round_win = game_pnl > 0 (decisive only),COMPATIBILITY_ONLY_NOT_PRODUCTION,557989.4742,504875.3716,9878.7574,24851,24505,-0.01770420,0.00338982,-0.02772422,-0.01770420,-9878.7574,557989.4742,OK,0.0000,395.1503,4.0000,96.0000,AG03-UNRESOLVED,ALL5_LEVELS_bet23_to_bet27,395.1503,395.1503,395.1503,0.0000,0.0000,4.000000,4.000000,4.000000,0.000000,0.000000,96.000000,96.000000,96.000000,100.000000,100.000000,5.0,1185.4509,1138.6651,8693.3065,8740.0923,PENDING_AG03,FALSE,NOT_FOR_ENFORCEMENT,9483.6071,484680.3568,9878.7574,9483.6071,395.1503,0.01770420,0.01699603,395.1503,9483.6071,0.01699603,395.1503,395.1503,395.1503,0.0000,0.0000,9483.6071,0.01699603,1185.4509,1138.6651,8693.3065,8740.0923,0.01557970,0.01566354,0.00070817,22.4534,20.6030,0.4031,82.3230,2.6463,4649.9123,204.2083,25.9152,21.1137,12.8578,14.5296,26.176,48.8436,54.2173,102.8621,13.088,0.0,3.731508,7.079487,1.545355,30,207,63,6,0.32204186,0.01770420,-0.00338982,0E-8,0.000000,0.904812,0.002133,0.03111404,2026-03-21,2026-08-06,120,3733,1703,139,0.863309,1.227414,1.154177,1.073473,,,,,,,,GLOBAL_BASELINE_NO_ENTITY_RANKING,,,NOT_APPLICABLE_GLOBAL_BASELINE,HF9g-P5,,,,X 全窗基线 · 不参与实体赏罚,15053503,1506,A168_HF9F_20260827_0900,2026-08-27 09:00:00
2026-07-01,127529701,2115,0,188.4697802906,-64.5444453050,-64.5444453050,0E-7,3,3,0.50218230000000000,0.502182300000,-1.0043741665754933,-1.0043741665754933,-1.0043741665754933,0E-17,ELIGIBLE,R03b_20260811_FULL_v1,L1_ELIGIBILITY,v2026-08-11,2026-03-21..2026-08-06,baccarat_bet02_101_all_pairs_incl_sentinel,round_win = game_pnl > 0 (decisive only),COMPATIBILITY_ONLY_NOT_PRODUCTION,557989.4742,504875.3716,9878.7574,24851,24505,-0.01770420,0.00338982,-0.02772422,-0.01770420,-9878.7574,557989.4742,OK,0.0000,395.1503,4.0000,96.0000,AG03-UNRESOLVED,ALL5_LEVELS_bet23_to_bet27,395.1503,395.1503,395.1503,0.0000,0.0000,4.000000,4.000000,4.000000,0.000000,0.000000,96.000000,96.000000,96.000000,100.000000,100.000000,5.0,1185.4509,1138.6651,8693.3065,8740.0923,PENDING_AG03,FALSE,NOT_FOR_ENFORCEMENT,9483.6071,484680.3568,9878.7574,9483.6071,395.1503,0.01770420,0.01699603,395.1503,9483.6071,0.01699603,395.1503,395.1503,395.1503,0.0000,0.0000,9483.6071,0.01699603,1185.4509,1138.6651,8693.3065,8740.0923,0.01557970,0.01566354,0.00070817,22.4534,20.6030,0.4031,82.3230,2.6463,4649.9123,204.2083,25.9152,21.1137,12.8578,14.5296,26.176,48.8436,54.2173,102.8621,13.088,0.0,3.731508,7.079487,1.545355,30,207,63,6,0.32204186,0.01770420,-0.00338982,0E-8,0.000000,0.904812,0.002133,0.03111404,2026-03-21,2026-08-06,120,3733,1703,139,0.863309,1.227414,1.154177,1.073473,,,,,,,,GLOBAL_BASELINE_NO_ENTITY_RANKING,,,NOT_APPLICABLE_GLOBAL_BASELINE,HF9g-P5,,,,X 全窗基线 · 不参与实体赏罚,15053504,1506,A168_HF9F_20260827_0900,2026-08-27 09:00:00
2026-07-01,127529701,2123,0,768.8534324733,330.0802932900,330.0802932900,0.5833333,25,25,0.49860758000000000,0.498607580000,0.8301426739813317,0.8301426739813317,0.8301426739813317,0E-17,ELIGIBLE,R03b_20260811_FULL_v1,L1_ELIGIBILITY,v2026-08-11,2026-03-21..2026-08-06,baccarat_bet02_101_all_pairs_incl_sentinel,round_win = game_pnl > 0 (decisive only),COMPATIBILITY_ONLY_NOT_PRODUCTION,557989.4742,504875.3716,9878.7574,24851,24505,-0.01770420,0.00338982,-0.02772422,-0.01770420,-9878.7574,557989.4742,OK,0.0000,395.1503,4.0000,96.0000,AG03-UNRESOLVED,ALL5_LEVELS_bet23_to_bet27,395.1503,395.1503,395.1503,0.0000,0.0000,4.000000,4.000000,4.000000,0.000000,0.000000,96.000000,96.000000,96.000000,100.000000,100.000000,5.0,1185.4509,1138.6651,8693.3065,8740.0923,PENDING_AG03,FALSE,NOT_FOR_ENFORCEMENT,9483.6071,484680.3568,9878.7574,9483.6071,395.1503,0.01770420,0.01699603,395.1503,9483.6071,0.01699603,395.1503,395.1503,395.1503,0.0000,0.0000,9483.6071,0.01699603,1185.4509,1138.6651,8693.3065,8740.0923,0.01557970,0.01566354,0.00070817,22.4534,20.6030,0.4031,82.3230,2.6463,4649.9123,204.2083,25.9152,21.1137,12.8578,14.5296,26.176,48.8436,54.2173,102.8621,13.088,0.0,3.731508,7.079487,1.545355,30,207,63,6,0.32204186,0.01770420,-0.00338982,0E-8,0.000000,0.904812,0.002133,0.03111404,2026-03-21,2026-08-06,120,3733,1703,139,0.863309,1.227414,1.154177,1.073473,,,,,,,,GLOBAL_BASELINE_NO_ENTITY_RANKING,,,NOT_APPLICABLE_GLOBAL_BASELINE,HF9g-P5,,,,X 全窗基线 · 不参与实体赏罚,15053505,1506,A168_HF9F_20260827_0900,2026-08-27 09:00:00
2026-07-01,127529701,2127,0,12.9088890610,0E-10,0E-10,,1,1,0.49324550000000000,0.493245500000,,,,0E-17,NO_DECISIVE_ROUND,R03b_20260811_FULL_v1,L1_ELIGIBILITY,v2026-08-11,2026-03-21..2026-08-06,baccarat_bet02_101_all_pairs_incl_sentinel,round_win = game_pnl > 0 (decisive only),COMPATIBILITY_ONLY_NOT_PRODUCTION,557989.4742,504875.3716,9878.7574,24851,24505,-0.01770420,0.00338982,-0.02772422,-0.01770420,-9878.7574,557989.4742,OK,0.0000,395.1503,4.0000,96.0000,AG03-UNRESOLVED,ALL5_LEVELS_bet23_to_bet27,395.1503,395.1503,395.1503,0.0000,0.0000,4.000000,4.000000,4.000000,0.000000,0.000000,96.000000,96.000000,96.000000,100.000000,100.000000,5.0,1185.4509,1138.6651,8693.3065,8740.0923,PENDING_AG03,FALSE,NOT_FOR_ENFORCEMENT,9483.6071,484680.3568,9878.7574,9483.6071,395.1503,0.01770420,0.01699603,395.1503,9483.6071,0.01699603,395.1503,395.1503,395.1503,0.0000,0.0000,9483.6071,0.01699603,1185.4509,1138.6651,8693.3065,8740.0923,0.01557970,0.01566354,0.00070817,22.4534,20.6030,0.4031,82.3230,2.6463,4649.9123,204.2083,25.9152,21.1137,12.8578,14.5296,26.176,48.8436,54.2173,102.8621,13.088,0.0,3.731508,7.079487,1.545355,30,207,63,6,0.32204186,0.01770420,-0.00338982,0E-8,0.000000,0.904812,0.002133,0.03111404,2026-03-21,2026-08-06,120,3733,1703,139,0.863309,1.227414,1.154177,1.073473,,,,,,,,GLOBAL_BASELINE_NO_ENTITY_RANKING,,,NOT_APPLICABLE_GLOBAL_BASELINE,HF9g-P5,,,,X 全窗基线 · 不参与实体赏罚,15053506,1506,A168_HF9F_20260827_0900,2026-08-27 09:00:00
2026-07-01,127529701,2149,0,170.3973356052,32.2722226526,32.2722226526,0.5000000,7,7,0.49899058571428571,0.498990585714,0.004945109955477372,0.0049451099568770685,0.004945109955477372,2.8571E-13,ELIGIBLE,R03b_20260811_FULL_v1,L1_ELIGIBILITY,v2026-08-11,2026-03-21..2026-08-06,baccarat_bet02_101_all_pairs_incl_sentinel,round_win = game_pnl > 0 (decisive only),COMPATIBILITY_ONLY_NOT_PRODUCTION,557989.4742,504875.3716,9878.7574,24851,24505,-0.01770420,0.00338982,-0.02772422,-0.01770420,-9878.7574,557989.4742,OK,0.0000,395.1503,4.0000,96.0000,AG03-UNRESOLVED,ALL5_LEVELS_bet23_to_bet27,395.1503,395.1503,395.1503,0.0000,0.0000,4.000000,4.000000,4.000000,0.000000,0.000000,96.000000,96.000000,96.000000,100.000000,100.000000,5.0,1185.4509,1138.6651,8693.3065,8740.0923,PENDING_AG03,FALSE,NOT_FOR_ENFORCEMENT,9483.6071,484680.3568,9878.7574,9483.6071,395.1503,0.01770420,0.01699603,395.1503,9483.6071,0.01699603,395.1503,395.1503,395.1503,0.0000,0.0000,9483.6071,0.01699603,1185.4509,1138.6651,8693.3065,8740.0923,0.01557970,0.01566354,0.00070817,22.4534,20.6030,0.4031,82.3230,2.6463,4649.9123,204.2083,25.9152,21.1137,12.8578,14.5296,26.176,48.8436,54.2173,102.8621,13.088,0.0,3.731508,7.079487,1.545355,30,207,63,6,0.32204186,0.01770420,-0.00338982,0E-8,0.000000,0.904812,0.002133,0.03111404,2026-03-21,2026-08-06,120,3733,1703,139,0.863309,1.227414,1.154177,1.073473,,,,,,,,GLOBAL_BASELINE_NO_ENTITY_RANKING,,,NOT_APPLICABLE_GLOBAL_BASELINE,HF9g-P5,,,,X 全窗基线 · 不参与实体赏罚,15053507,1506,A168_HF9F_20260827_0900,2026-08-27 09:00:00
2026-07-01,127529701,2167,0,129.0888906100,125.8616683448,125.8616683448,1.0000000,2,2,0.49994810000000000,0.499948100000,1.4143603653603398,1.4143603653603398,1.4143603653603398,0E-17,ELIGIBLE,R03b_20260811_FULL_v1,L1_ELIGIBILITY,v2026-08-11,2026-03-21..2026-08-06,baccarat_bet02_101_all_pairs_incl_sentinel,round_win = game_pnl > 0 (decisive only),COMPATIBILITY_ONLY_NOT_PRODUCTION,557989.4742,504875.3716,9878.7574,24851,24505,-0.01770420,0.00338982,-0.02772422,-0.01770420,-9878.7574,557989.4742,OK,0.0000,395.1503,4.0000,96.0000,AG03-UNRESOLVED,ALL5_LEVELS_bet23_to_bet27,395.1503,395.1503,395.1503,0.0000,0.0000,4.000000,4.000000,4.000000,0.000000,0.000000,96.000000,96.000000,96.000000,100.000000,100.000000,5.0,1185.4509,1138.6651,8693.3065,8740.0923,PENDING_AG03,FALSE,NOT_FOR_ENFORCEMENT,9483.6071,484680.3568,9878.7574,9483.6071,395.1503,0.01770420,0.01699603,395.1503,9483.6071,0.01699603,395.1503,395.1503,395.1503,0.0000,0.0000,9483.6071,0.01699603,1185.4509,1138.6651,8693.3065,8740.0923,0.01557970,0.01566354,0.00070817,22.4534,20.6030,0.4031,82.3230,2.6463,4649.9123,204.2083,25.9152,21.1137,12.8578,14.5296,26.176,48.8436,54.2173,102.8621,13.088,0.0,3.731508,7.079487,1.545355,30,207,63,6,0.32204186,0.01770420,-0.00338982,0E-8,0.000000,0.904812,0.002133,0.03111404,2026-03-21,2026-08-06,120,3733,1703,139,0.863309,1.227414,1.154177,1.073473,,,,,,,,GLOBAL_BASELINE_NO_ENTITY_RANKING,,,NOT_APPLICABLE_GLOBAL_BASELINE,HF9g-P5,,,,X 全窗基线 · 不参与实体赏罚,15053508,1506,A168_HF9F_20260827_0900,2026-08-27 09:00:00
2026-07-01,127529701,2196,0,366.6124493325,-14.1997779670,-14.1997779670,0.2000000,5,5,0.50396966000000000,0.503969660000,-1.3594364909357963,-1.3594364909357963,-1.3594364909357963,0E-17,ELIGIBLE,R03b_20260811_FULL_v1,L1_ELIGIBILITY,v2026-08-11,2026-03-21..2026-08-06,baccarat_bet02_101_all_pairs_incl_sentinel,round_win = game_pnl > 0 (decisive only),COMPATIBILITY_ONLY_NOT_PRODUCTION,557989.4742,504875.3716,9878.7574,24851,24505,-0.01770420,0.00338982,-0.02772422,-0.01770420,-9878.7574,557989.4742,OK,0.0000,395.1503,4.0000,96.0000,AG03-UNRESOLVED,ALL5_LEVELS_bet23_to_bet27,395.1503,395.1503,395.1503,0.0000,0.0000,4.000000,4.000000,4.000000,0.000000,0.000000,96.000000,96.000000,96.000000,100.000000,100.000000,5.0,1185.4509,1138.6651,8693.3065,8740.0923,PENDING_AG03,FALSE,NOT_FOR_ENFORCEMENT,9483.6071,484680.3568,9878.7574,9483.6071,395.1503,0.01770420,0.01699603,395.1503,9483.6071,0.01699603,395.1503,395.1503,395.1503,0.0000,0.0000,9483.6071,0.01699603,1185.4509,1138.6651,8693.3065,8740.0923,0.01557970,0.01566354,0.00070817,22.4534,20.6030,0.4031,82.3230,2.6463,4649.9123,204.2083,25.9152,21.1137,12.8578,14.5296,26.176,48.8436,54.2173,102.8621,13.088,0.0,3.731508,7.079487,1.545355,30,207,63,6,0.32204186,0.01770420,-0.00338982,0E-8,0.000000,0.904812,0.002133,0.03111404,2026-03-21,2026-08-06,120,3733,1703,139,0.863309,1.227414,1.154177,1.073473,,,,,,,,GLOBAL_BASELINE_NO_ENTITY_RANKING,,,NOT_APPLICABLE_GLOBAL_BASELINE,HF9g-P5,,,,X 全窗基线 · 不参与实体赏罚,15053509,1506,A168_HF9F_20260827_0900,2026-08-27 09:00:00
2026-07-01,127529701,2205,0,234.9417809102,-206.5422249760,-206.5422249760,0E-7,4,4,0.49994810000000000,0.499948100000,-1.7318710300250217,-1.7318710300250217,-1.7318710300250217,0E-17,ELIGIBLE,R03b_20260811_FULL_v1,L1_ELIGIBILITY,v2026-08-11,2026-03-21..2026-08-06,baccarat_bet02_101_all_pairs_incl_sentinel,round_win = game_pnl > 0 (decisive only),COMPATIBILITY_ONLY_NOT_PRODUCTION,557989.4742,504875.3716,9878.7574,24851,24505,-0.01770420,0.00338982,-0.02772422,-0.01770420,-9878.7574,557989.4742,OK,0.0000,395.1503,4.0000,96.0000,AG03-UNRESOLVED,ALL5_LEVELS_bet23_to_bet27,395.1503,395.1503,395.1503,0.0000,0.0000,4.000000,4.000000,4.000000,0.000000,0.000000,96.000000,96.000000,96.000000,100.000000,100.000000,5.0,1185.4509,1138.6651,8693.3065,8740.0923,PENDING_AG03,FALSE,NOT_FOR_ENFORCEMENT,9483.6071,484680.3568,9878.7574,9483.6071,395.1503,0.01770420,0.01699603,395.1503,9483.6071,0.01699603,395.1503,395.1503,395.1503,0.0000,0.0000,9483.6071,0.01699603,1185.4509,1138.6651,8693.3065,8740.0923,0.01557970,0.01566354,0.00070817,22.4534,20.6030,0.4031,82.3230,2.6463,4649.9123,204.2083,25.9152,21.1137,12.8578,14.5296,26.176,48.8436,54.2173,102.8621,13.088,0.0,3.731508,7.079487,1.545355,30,207,63,6,0.32204186,0.01770420,-0.00338982,0E-8,0.000000,0.904812,0.002133,0.03111404,2026-03-21,2026-08-06,120,3733,1703,139,0.863309,1.227414,1.154177,1.073473,,,,,,,,GLOBAL_BASELINE_NO_ENTITY_RANKING,,,NOT_APPLICABLE_GLOBAL_BASELINE,HF9g-P5,,,,X 全窗基线 · 不参与实体赏罚,15053510,1506,A168_HF9F_20260827_0900,2026-08-27 09:00:00
2026-07-01,127529701,2218,0,219.4511140370,-129.0888906100,-129.0888906100,0.2857143,8,8,0.49827245000000000,0.498272450000,-1.1247587972184092,-1.1247587972184092,-1.1247587972184092,0E-17,ELIGIBLE,R03b_20260811_FULL_v1,L1_ELIGIBILITY,v2026-08-11,2026-03-21..2026-08-06,baccarat_bet02_101_all_pairs_incl_sentinel,round_win = game_pnl > 0 (decisive only),COMPATIBILITY_ONLY_NOT_PRODUCTION,557989.4742,504875.3716,9878.7574,24851,24505,-0.01770420,0.00338982,-0.02772422,-0.01770420,-9878.7574,557989.4742,OK,0.0000,395.1503,4.0000,96.0000,AG03-UNRESOLVED,ALL5_LEVELS_bet23_to_bet27,395.1503,395.1503,395.1503,0.0000,0.0000,4.000000,4.000000,4.000000,0.000000,0.000000,96.000000,96.000000,96.000000,100.000000,100.000000,5.0,1185.4509,1138.6651,8693.3065,8740.0923,PENDING_AG03,FALSE,NOT_FOR_ENFORCEMENT,9483.6071,484680.3568,9878.7574,9483.6071,395.1503,0.01770420,0.01699603,395.1503,9483.6071,0.01699603,395.1503,395.1503,395.1503,0.0000,0.0000,9483.6071,0.01699603,1185.4509,1138.6651,8693.3065,8740.0923,0.01557970,0.01566354,0.00070817,22.4534,20.6030,0.4031,82.3230,2.6463,4649.9123,204.2083,25.9152,21.1137,12.8578,14.5296,26.176,48.8436,54.2173,102.8621,13.088,0.0,3.731508,7.079487,1.545355,30,207,63,6,0.32204186,0.01770420,-0.00338982,0E-8,0.000000,0.904812,0.002133,0.03111404,2026-03-21,2026-08-06,120,3733,1703,139,0.863309,1.227414,1.154177,1.073473,,,,,,,,GLOBAL_BASELINE_NO_ENTITY_RANKING,,,NOT_APPLICABLE_GLOBAL_BASELINE,HF9g-P5,,,,X 全窗基线 · 不参与实体赏罚,15053511,1506,A168_HF9F_20260827_0900,2026-08-27 09:00:00
2026-07-01,127529701,2224,0,579.6091188391,-25.1723336689,-25.1723336689,0.4000000,11,11,0.50177608181818182,0.501776081818,-0.6436925207721684,-0.6436925207710176,-0.6436925207721684,1.8182E-13,ELIGIBLE,R03b_20260811_FULL_v1,L1_ELIGIBILITY,v2026-08-11,2026-03-21..2026-08-06,baccarat_bet02_101_all_pairs_incl_sentinel,round_win = game_pnl > 0 (decisive only),COMPATIBILITY_ONLY_NOT_PRODUCTION,557989.4742,504875.3716,9878.7574,24851,24505,-0.01770420,0.00338982,-0.02772422,-0.01770420,-9878.7574,557989.4742,OK,0.0000,395.1503,4.0000,96.0000,AG03-UNRESOLVED,ALL5_LEVELS_bet23_to_bet27,395.1503,395.1503,395.1503,0.0000,0.0000,4.000000,4.000000,4.000000,0.000000,0.000000,96.000000,96.000000,96.000000,100.000000,100.000000,5.0,1185.4509,1138.6651,8693.3065,8740.0923,PENDING_AG03,FALSE,NOT_FOR_ENFORCEMENT,9483.6071,484680.3568,9878.7574,9483.6071,395.1503,0.01770420,0.01699603,395.1503,9483.6071,0.01699603,395.1503,395.1503,395.1503,0.0000,0.0000,9483.6071,0.01699603,1185.4509,1138.6651,8693.3065,8740.0923,0.01557970,0.01566354,0.00070817,22.4534,20.6030,0.4031,82.3230,2.6463,4649.9123,204.2083,25.9152,21.1137,12.8578,14.5296,26.176,48.8436,54.2173,102.8621,13.088,0.0,3.731508,7.079487,1.545355,30,207,63,6,0.32204186,0.01770420,-0.00338982,0E-8,0.000000,0.904812,0.002133,0.03111404,2026-03-21,2026-08-06,120,3733,1703,139,0.863309,1.227414,1.154177,1.073473,,,,,,,,GLOBAL_BASELINE_NO_ENTITY_RANKING,,,NOT_APPLICABLE_GLOBAL_BASELINE,HF9g-P5,,,,X 全窗基线 · 不参与实体赏罚,15053512,1506,A168_HF9F_20260827_0900,2026-08-27 09:00:00
2026-07-01,127529701,2241,0,77.4533343660,23.2360003098,23.2360003098,0.5000000,2,2,0.50665070000000000,0.506650700000,-0.018812684590367487,-0.018812684590367487,-0.018812684590367487,0E-17,ELIGIBLE,R03b_20260811_FULL_v1,L1_ELIGIBILITY,v2026-08-11,2026-03-21..2026-08-06,baccarat_bet02_101_all_pairs_incl_sentinel,round_win = game_pnl > 0 (decisive only),COMPATIBILITY_ONLY_NOT_PRODUCTION,557989.4742,504875.3716,9878.7574,24851,24505,-0.01770420,0.00338982,-0.02772422,-0.01770420,-9878.7574,557989.4742,OK,0.0000,395.1503,4.0000,96.0000,AG03-UNRESOLVED,ALL5_LEVELS_bet23_to_bet27,395.1503,395.1503,395.1503,0.0000,0.0000,4.000000,4.000000,4.000000,0.000000,0.000000,96.000000,96.000000,96.000000,100.000000,100.000000,5.0,1185.4509,1138.6651,8693.3065,8740.0923,PENDING_AG03,FALSE,NOT_FOR_ENFORCEMENT,9483.6071,484680.3568,9878.7574,9483.6071,395.1503,0.01770420,0.01699603,395.1503,9483.6071,0.01699603,395.1503,395.1503,395.1503,0.0000,0.0000,9483.6071,0.01699603,1185.4509,1138.6651,8693.3065,8740.0923,0.01557970,0.01566354,0.00070817,22.4534,20.6030,0.4031,82.3230,2.6463,4649.9123,204.2083,25.9152,21.1137,12.8578,14.5296,26.176,48.8436,54.2173,102.8621,13.088,0.0,3.731508,7.079487,1.545355,30,207,63,6,0.32204186,0.01770420,-0.00338982,0E-8,0.000000,0.904812,0.002133,0.03111404,2026-03-21,2026-08-06,120,3733,1703,139,0.863309,1.227414,1.154177,1.073473,,,,,,,,GLOBAL_BASELINE_NO_ENTITY_RANKING,,,NOT_APPLICABLE_GLOBAL_BASELINE,HF9g-P5,,,,X 全窗基线 · 不参与实体赏罚,15053513,1506,A168_HF9F_20260827_0900,2026-08-27 09:00:00
2026-07-01,127529701,2281,0,603.1032969301,122.0019105155,122.0019105155,0.7333333,15,15,0.50128862000000000,0.501288620000,1.7974165900105576,1.7974165900105576,1.7974165900105576,0E-17,ELIGIBLE,R03b_20260811_FULL_v1,L1_ELIGIBILITY,v2026-08-11,2026-03-21..2026-08-06,baccarat_bet02_101_all_pairs_incl_sentinel,round_win = game_pnl > 0 (decisive only),COMPATIBILITY_ONLY_NOT_PRODUCTION,557989.4742,504875.3716,9878.7574,24851,24505,-0.01770420,0.00338982,-0.02772422,-0.01770420,-9878.7574,557989.4742,OK,0.0000,395.1503,4.0000,96.0000,AG03-UNRESOLVED,ALL5_LEVELS_bet23_to_bet27,395.1503,395.1503,395.1503,0.0000,0.0000,4.000000,4.000000,4.000000,0.000000,0.000000,96.000000,96.000000,96.000000,100.000000,100.000000,5.0,1185.4509,1138.6651,8693.3065,8740.0923,PENDING_AG03,FALSE,NOT_FOR_ENFORCEMENT,9483.6071,484680.3568,9878.7574,9483.6071,395.1503,0.01770420,0.01699603,395.1503,9483.6071,0.01699603,395.1503,395.1503,395.1503,0.0000,0.0000,9483.6071,0.01699603,1185.4509,1138.6651,8693.3065,8740.0923,0.01557970,0.01566354,0.00070817,22.4534,20.6030,0.4031,82.3230,2.6463,4649.9123,204.2083,25.9152,21.1137,12.8578,14.5296,26.176,48.8436,54.2173,102.8621,13.088,0.0,3.731508,7.079487,1.545355,30,207,63,6,0.32204186,0.01770420,-0.00338982,0E-8,0.000000,0.904812,0.002133,0.03111404,2026-03-21,2026-08-06,120,3733,1703,139,0.863309,1.227414,1.154177,1.073473,,,,,,,,GLOBAL_BASELINE_NO_ENTITY_RANKING,,,NOT_APPLICABLE_GLOBAL_BASELINE,HF9g-P5,,,,X 全窗基线 · 不参与实体赏罚,15053514,1506,A168_HF9F_20260827_0900,2026-08-27 09:00:00
2026-07-01,127529701,2287,0,180.7244468541,-77.4533343661,-77.4533343661,0.4000000,5,5,0.49860758000000000,0.498607580000,-0.440988213962219,-0.440988213962219,-0.440988213962219,0E-17,ELIGIBLE,R03b_20260811_FULL_v1,L1_ELIGIBILITY,v2026-08-11,2026-03-21..2026-08-06,baccarat_bet02_101_all_pairs_incl_sentinel,round_win = game_pnl > 0 (decisive only),COMPATIBILITY_ONLY_NOT_PRODUCTION,557989.4742,504875.3716,9878.7574,24851,24505,-0.01770420,0.00338982,-0.02772422,-0.01770420,-9878.7574,557989.4742,OK,0.0000,395.1503,4.0000,96.0000,AG03-UNRESOLVED,ALL5_LEVELS_bet23_to_bet27,395.1503,395.1503,395.1503,0.0000,0.0000,4.000000,4.000000,4.000000,0.000000,0.000000,96.000000,96.000000,96.000000,100.000000,100.000000,5.0,1185.4509,1138.6651,8693.3065,8740.0923,PENDING_AG03,FALSE,NOT_FOR_ENFORCEMENT,9483.6071,484680.3568,9878.7574,9483.6071,395.1503,0.01770420,0.01699603,395.1503,9483.6071,0.01699603,395.1503,395.1503,395.1503,0.0000,0.0000,9483.6071,0.01699603,1185.4509,1138.6651,8693.3065,8740.0923,0.01557970,0.01566354,0.00070817,22.4534,20.6030,0.4031,82.3230,2.6463,4649.9123,204.2083,25.9152,21.1137,12.8578,14.5296,26.176,48.8436,54.2173,102.8621,13.088,0.0,3.731508,7.079487,1.545355,30,207,63,6,0.32204186,0.01770420,-0.00338982,0E-8,0.000000,0.904812,0.002133,0.03111404,2026-03-21,2026-08-06,120,3733,1703,139,0.863309,1.227414,1.154177,1.073473,,,,,,,,GLOBAL_BASELINE_NO_ENTITY_RANKING,,,NOT_APPLICABLE_GLOBAL_BASELINE,HF9g-P5,,,,X 全窗基线 · 不参与实体赏罚,15053515,1506,A168_HF9F_20260827_0900,2026-08-27 09:00:00
2026-07-01,127529701,772,0,180.7244468540,74.8715565538,74.8715565538,0.6666667,6,6,0.49547970000000000,0.495479700000,0.83867571210634,0.83867571210634,0.83867571210634,0E-17,ELIGIBLE,R03b_20260811_FULL_v1,L1_ELIGIBILITY,v2026-08-11,2026-03-21..2026-08-06,baccarat_bet02_101_all_pairs_incl_sentinel,round_win = game_pnl > 0 (decisive only),COMPATIBILITY_ONLY_NOT_PRODUCTION,557989.4742,504875.3716,9878.7574,24851,24505,-0.01770420,0.00338982,-0.02772422,-0.01770420,-9878.7574,557989.4742,OK,0.0000,395.1503,4.0000,96.0000,AG03-UNRESOLVED,ALL5_LEVELS_bet23_to_bet27,395.1503,395.1503,395.1503,0.0000,0.0000,4.000000,4.000000,4.000000,0.000000,0.000000,96.000000,96.000000,96.000000,100.000000,100.000000,5.0,1185.4509,1138.6651,8693.3065,8740.0923,PENDING_AG03,FALSE,NOT_FOR_ENFORCEMENT,9483.6071,484680.3568,9878.7574,9483.6071,395.1503,0.01770420,0.01699603,395.1503,9483.6071,0.01699603,395.1503,395.1503,395.1503,0.0000,0.0000,9483.6071,0.01699603,1185.4509,1138.6651,8693.3065,8740.0923,0.01557970,0.01566354,0.00070817,22.4534,20.6030,0.4031,82.3230,2.6463,4649.9123,204.2083,25.9152,21.1137,12.8578,14.5296,26.176,48.8436,54.2173,102.8621,13.088,0.0,3.731508,7.079487,1.545355,30,207,63,6,0.32204186,0.01770420,-0.00338982,0E-8,0.000000,0.904812,0.002133,0.03111404,2026-03-21,2026-08-06,120,3733,1703,139,0.863309,1.227414,1.154177,1.073473,,,,,,,,GLOBAL_BASELINE_NO_ENTITY_RANKING,,,NOT_APPLICABLE_GLOBAL_BASELINE,HF9g-P5,,,,X 全窗基线 · 不参与实体赏罚,15053516,1506,A168_HF9F_20260827_0900,2026-08-27 09:00:00
2026-07-01,127529701,919,0,260.7595590322,-15.4906668732,-15.4906668732,0.3333333,5,5,0.49860758000000000,0.498607580000,-0.5725290048997589,-0.5725290048997589,-0.5725290048997589,0E-17,ELIGIBLE,R03b_20260811_FULL_v1,L1_ELIGIBILITY,v2026-08-11,2026-03-21..2026-08-06,baccarat_bet02_101_all_pairs_incl_sentinel,round_win = game_pnl > 0 (decisive only),COMPATIBILITY_ONLY_NOT_PRODUCTION,557989.4742,504875.3716,9878.7574,24851,24505,-0.01770420,0.00338982,-0.02772422,-0.01770420,-9878.7574,557989.4742,OK,0.0000,395.1503,4.0000,96.0000,AG03-UNRESOLVED,ALL5_LEVELS_bet23_to_bet27,395.1503,395.1503,395.1503,0.0000,0.0000,4.000000,4.000000,4.000000,0.000000,0.000000,96.000000,96.000000,96.000000,100.000000,100.000000,5.0,1185.4509,1138.6651,8693.3065,8740.0923,PENDING_AG03,FALSE,NOT_FOR_ENFORCEMENT,9483.6071,484680.3568,9878.7574,9483.6071,395.1503,0.01770420,0.01699603,395.1503,9483.6071,0.01699603,395.1503,395.1503,395.1503,0.0000,0.0000,9483.6071,0.01699603,1185.4509,1138.6651,8693.3065,8740.0923,0.01557970,0.01566354,0.00070817,22.4534,20.6030,0.4031,82.3230,2.6463,4649.9123,204.2083,25.9152,21.1137,12.8578,14.5296,26.176,48.8436,54.2173,102.8621,13.088,0.0,3.731508,7.079487,1.545355,30,207,63,6,0.32204186,0.01770420,-0.00338982,0E-8,0.000000,0.904812,0.002133,0.03111404,2026-03-21,2026-08-06,120,3733,1703,139,0.863309,1.227414,1.154177,1.073473,,,,,,,,GLOBAL_BASELINE_NO_ENTITY_RANKING,,,NOT_APPLICABLE_GLOBAL_BASELINE,HF9g-P5,,,,X 全窗基线 · 不参与实体赏罚,15053517,1506,A168_HF9F_20260827_0900,2026-08-27 09:00:00
2026-07-01,127529701,948,0,170.3973356052,-12.3925334986,-12.3925334986,0.5000000,5,5,0.50396966000000000,0.503969660000,-0.0158791404612453,-0.0158791404612453,-0.0158791404612453,0E-17,ELIGIBLE,R03b_20260811_FULL_v1,L1_ELIGIBILITY,v2026-08-11,2026-03-21..2026-08-06,baccarat_bet02_101_all_pairs_incl_sentinel,round_win = game_pnl > 0 (decisive only),COMPATIBILITY_ONLY_NOT_PRODUCTION,557989.4742,504875.3716,9878.7574,24851,24505,-0.01770420,0.00338982,-0.02772422,-0.01770420,-9878.7574,557989.4742,OK,0.0000,395.1503,4.0000,96.0000,AG03-UNRESOLVED,ALL5_LEVELS_bet23_to_bet27,395.1503,395.1503,395.1503,0.0000,0.0000,4.000000,4.000000,4.000000,0.000000,0.000000,96.000000,96.000000,96.000000,100.000000,100.000000,5.0,1185.4509,1138.6651,8693.3065,8740.0923,PENDING_AG03,FALSE,NOT_FOR_ENFORCEMENT,9483.6071,484680.3568,9878.7574,9483.6071,395.1503,0.01770420,0.01699603,395.1503,9483.6071,0.01699603,395.1503,395.1503,395.1503,0.0000,0.0000,9483.6071,0.01699603,1185.4509,1138.6651,8693.3065,8740.0923,0.01557970,0.01566354,0.00070817,22.4534,20.6030,0.4031,82.3230,2.6463,4649.9123,204.2083,25.9152,21.1137,12.8578,14.5296,26.176,48.8436,54.2173,102.8621,13.088,0.0,3.731508,7.079487,1.545355,30,207,63,6,0.32204186,0.01770420,-0.00338982,0E-8,0.000000,0.904812,0.002133,0.03111404,2026-03-21,2026-08-06,120,3733,1703,139,0.863309,1.227414,1.154177,1.073473,,,,,,,,GLOBAL_BASELINE_NO_ENTITY_RANKING,,,NOT_APPLICABLE_GLOBAL_BASELINE,HF9g-P5,,,,X 全窗基线 · 不参与实体赏罚,15053518,1506,A168_HF9F_20260827_0900,2026-08-27 09:00:00
2026-07-02,127529701,-1,1,605.9432525235,-116.6963571113,-116.6963571113,0.2941176,19,19,0.50382855263157895,0.503828552632,-1.7293711273889192,-1.7293711273924026,-1.7293711273889192,-4.2105E-13,SENTINEL_DEALER,R03b_20260811_FULL_v1,L1_ELIGIBILITY,v2026-08-11,2026-03-21..2026-08-06,baccarat_bet02_101_all_pairs_incl_sentinel,round_win = game_pnl > 0 (decisive only),COMPATIBILITY_ONLY_NOT_PRODUCTION,557989.4742,504875.3716,9878.7574,24851,24505,-0.01770420,0.00338982,-0.02772422,-0.01770420,-9878.7574,557989.4742,OK,0.0000,395.1503,4.0000,96.0000,AG03-UNRESOLVED,ALL5_LEVELS_bet23_to_bet27,395.1503,395.1503,395.1503,0.0000,0.0000,4.000000,4.000000,4.000000,0.000000,0.000000,96.000000,96.000000,96.000000,100.000000,100.000000,5.0,1185.4509,1138.6651,8693.3065,8740.0923,PENDING_AG03,FALSE,NOT_FOR_ENFORCEMENT,9483.6071,484680.3568,9878.7574,9483.6071,395.1503,0.01770420,0.01699603,395.1503,9483.6071,0.01699603,395.1503,395.1503,395.1503,0.0000,0.0000,9483.6071,0.01699603,1185.4509,1138.6651,8693.3065,8740.0923,0.01557970,0.01566354,0.00070817,22.4534,20.6030,0.4031,82.3230,2.6463,4649.9123,204.2083,25.9152,21.1137,12.8578,14.5296,26.176,48.8436,54.2173,102.8621,13.088,0.0,3.731508,7.079487,1.545355,30,207,63,6,0.32204186,0.01770420,-0.00338982,0E-8,0.000000,0.904812,0.002133,0.03111404,2026-03-21,2026-08-06,120,3733,1703,139,0.863309,1.227414,1.154177,1.073473,,,,,,,,GLOBAL_BASELINE_NO_ENTITY_RANKING,,,NOT_APPLICABLE_GLOBAL_BASELINE,HF9g-P5,,,,X 全窗基线 · 不参与实体赏罚,15053519,1506,A168_HF9F_20260827_0900,2026-08-27 09:00:00
2026-07-02,127529701,1004,0,100.6893346758,-80.5514677406,-80.5514677406,0.3333333,3,3,0.50218230000000000,0.502182300000,-0.5849155494134425,-0.5849155494134426,-0.5849155494134425,0E-17,ELIGIBLE,R03b_20260811_FULL_v1,L1_ELIGIBILITY,v2026-08-11,2026-03-21..2026-08-06,baccarat_bet02_101_all_pairs_incl_sentinel,round_win = game_pnl > 0 (decisive only),COMPATIBILITY_ONLY_NOT_PRODUCTION,557989.4742,504875.3716,9878.7574,24851,24505,-0.01770420,0.00338982,-0.02772422,-0.01770420,-9878.7574,557989.4742,OK,0.0000,395.1503,4.0000,96.0000,AG03-UNRESOLVED,ALL5_LEVELS_bet23_to_bet27,395.1503,395.1503,395.1503,0.0000,0.0000,4.000000,4.000000,4.000000,0.000000,0.000000,96.000000,96.000000,96.000000,100.000000,100.000000,5.0,1185.4509,1138.6651,8693.3065,8740.0923,PENDING_AG03,FALSE,NOT_FOR_ENFORCEMENT,9483.6071,484680.3568,9878.7574,9483.6071,395.1503,0.01770420,0.01699603,395.1503,9483.6071,0.01699603,395.1503,395.1503,395.1503,0.0000,0.0000,9483.6071,0.01699603,1185.4509,1138.6651,8693.3065,8740.0923,0.01557970,0.01566354,0.00070817,22.4534,20.6030,0.4031,82.3230,2.6463,4649.9123,204.2083,25.9152,21.1137,12.8578,14.5296,26.176,48.8436,54.2173,102.8621,13.088,0.0,3.731508,7.079487,1.545355,30,207,63,6,0.32204186,0.01770420,-0.00338982,0E-8,0.000000,0.904812,0.002133,0.03111404,2026-03-21,2026-08-06,120,3733,1703,139,0.863309,1.227414,1.154177,1.073473,,,,,,,,GLOBAL_BASELINE_NO_ENTITY_RANKING,,,NOT_APPLICABLE_GLOBAL_BASELINE,HF9g-P5,,,,X 全窗基线 · 不参与实体赏罚,15053520,1506,A168_HF9F_20260827_0900,2026-08-27 09:00:00
2026-07-02,127529701,1157,0,57.8318229933,29.4322670591,29.4322670591,0.6666667,4,4,0.49659680000000000,0.496596800000,0.5891529468324541,0.589152946832454,0.5891529468324541,0E-17,ELIGIBLE,R03b_20260811_FULL_v1,L1_ELIGIBILITY,v2026-08-11,2026-03-21..2026-08-06,baccarat_bet02_101_all_pairs_incl_sentinel,round_win = game_pnl > 0 (decisive only),COMPATIBILITY_ONLY_NOT_PRODUCTION,557989.4742,504875.3716,9878.7574,24851,24505,-0.01770420,0.00338982,-0.02772422,-0.01770420,-9878.7574,557989.4742,OK,0.0000,395.1503,4.0000,96.0000,AG03-UNRESOLVED,ALL5_LEVELS_bet23_to_bet27,395.1503,395.1503,395.1503,0.0000,0.0000,4.000000,4.000000,4.000000,0.000000,0.000000,96.000000,96.000000,96.000000,100.000000,100.000000,5.0,1185.4509,1138.6651,8693.3065,8740.0923,PENDING_AG03,FALSE,NOT_FOR_ENFORCEMENT,9483.6071,484680.3568,9878.7574,9483.6071,395.1503,0.01770420,0.01699603,395.1503,9483.6071,0.01699603,395.1503,395.1503,395.1503,0.0000,0.0000,9483.6071,0.01699603,1185.4509,1138.6651,8693.3065,8740.0923,0.01557970,0.01566354,0.00070817,22.4534,20.6030,0.4031,82.3230,2.6463,4649.9123,204.2083,25.9152,21.1137,12.8578,14.5296,26.176,48.8436,54.2173,102.8621,13.088,0.0,3.731508,7.079487,1.545355,30,207,63,6,0.32204186,0.01770420,-0.00338982,0E-8,0.000000,0.904812,0.002133,0.03111404,2026-03-21,2026-08-06,120,3733,1703,139,0.863309,1.227414,1.154177,1.073473,,,,,,,,GLOBAL_BASELINE_NO_ENTITY_RANKING,,,NOT_APPLICABLE_GLOBAL_BASELINE,HF9g-P5,,,,X 全窗基线 · 不参与实体赏罚,15053521,1506,A168_HF9F_20260827_0900,2026-08-27 09:00:00
2026-07-02,127529701,1304,0,20.6542224976,20.3960447164,20.3960447164,1.0000000,2,2,0.49994810000000000,0.499948100000,1.4143603653603398,1.4143603653603398,1.4143603653603398,0E-17,ELIGIBLE,R03b_20260811_FULL_v1,L1_ELIGIBILITY,v2026-08-11,2026-03-21..2026-08-06,baccarat_bet02_101_all_pairs_incl_sentinel,round_win = game_pnl > 0 (decisive only),COMPATIBILITY_ONLY_NOT_PRODUCTION,557989.4742,504875.3716,9878.7574,24851,24505,-0.01770420,0.00338982,-0.02772422,-0.01770420,-9878.7574,557989.4742,OK,0.0000,395.1503,4.0000,96.0000,AG03-UNRESOLVED,ALL5_LEVELS_bet23_to_bet27,395.1503,395.1503,395.1503,0.0000,0.0000,4.000000,4.000000,4.000000,0.000000,0.000000,96.000000,96.000000,96.000000,100.000000,100.000000,5.0,1185.4509,1138.6651,8693.3065,8740.0923,PENDING_AG03,FALSE,NOT_FOR_ENFORCEMENT,9483.6071,484680.3568,9878.7574,9483.6071,395.1503,0.01770420,0.01699603,395.1503,9483.6071,0.01699603,395.1503,395.1503,395.1503,0.0000,0.0000,9483.6071,0.01699603,1185.4509,1138.6651,8693.3065,8740.0923,0.01557970,0.01566354,0.00070817,22.4534,20.6030,0.4031,82.3230,2.6463,4649.9123,204.2083,25.9152,21.1137,12.8578,14.5296,26.176,48.8436,54.2173,102.8621,13.088,0.0,3.731508,7.079487,1.545355,30,207,63,6,0.32204186,0.01770420,-0.00338982,0E-8,0.000000,0.904812,0.002133,0.03111404,2026-03-21,2026-08-06,120,3733,1703,139,0.863309,1.227414,1.154177,1.073473,,,,,,,,GLOBAL_BASELINE_NO_ENTITY_RANKING,,,NOT_APPLICABLE_GLOBAL_BASELINE,HF9g-P5,,,,X 全窗基线 · 不参与实体赏罚,15053522,1506,A168_HF9F_20260827_0900,2026-08-27 09:00:00
2026-07-02,127529701,1318,0,129.0888906100,-77.4533343660,-77.4533343660,0.3333333,3,3,0.49771390000000000,0.497713900000,-0.5694369385616226,-0.5694369385616226,-0.5694369385616226,0E-17,ELIGIBLE,R03b_20260811_FULL_v1,L1_ELIGIBILITY,v2026-08-11,2026-03-21..2026-08-06,baccarat_bet02_101_all_pairs_incl_sentinel,round_win = game_pnl > 0 (decisive only),COMPATIBILITY_ONLY_NOT_PRODUCTION,557989.4742,504875.3716,9878.7574,24851,24505,-0.01770420,0.00338982,-0.02772422,-0.01770420,-9878.7574,557989.4742,OK,0.0000,395.1503,4.0000,96.0000,AG03-UNRESOLVED,ALL5_LEVELS_bet23_to_bet27,395.1503,395.1503,395.1503,0.0000,0.0000,4.000000,4.000000,4.000000,0.000000,0.000000,96.000000,96.000000,96.000000,100.000000,100.000000,5.0,1185.4509,1138.6651,8693.3065,8740.0923,PENDING_AG03,FALSE,NOT_FOR_ENFORCEMENT,9483.6071,484680.3568,9878.7574,9483.6071,395.1503,0.01770420,0.01699603,395.1503,9483.6071,0.01699603,395.1503,395.1503,395.1503,0.0000,0.0000,9483.6071,0.01699603,1185.4509,1138.6651,8693.3065,8740.0923,0.01557970,0.01566354,0.00070817,22.4534,20.6030,0.4031,82.3230,2.6463,4649.9123,204.2083,25.9152,21.1137,12.8578,14.5296,26.176,48.8436,54.2173,102.8621,13.088,0.0,3.731508,7.079487,1.545355,30,207,63,6,0.32204186,0.01770420,-0.00338982,0E-8,0.000000,0.904812,0.002133,0.03111404,2026-03-21,2026-08-06,120,3733,1703,139,0.863309,1.227414,1.154177,1.073473,,,,,,,,GLOBAL_BASELINE_NO_ENTITY_RANKING,,,NOT_APPLICABLE_GLOBAL_BASELINE,HF9g-P5,,,,X 全窗基线 · 不参与实体赏罚,15053523,1506,A168_HF9F_20260827_0900,2026-08-27 09:00:00
2026-07-02,127529701,1485,0,219.4511140372,-193.6333359152,-193.6333359152,0.2500000,4,4,0.49659680000000000,0.496596800000,-0.9864100490137353,-0.9864100490137354,-0.9864100490137353,0E-17,ELIGIBLE,R03b_20260811_FULL_v1,L1_ELIGIBILITY,v2026-08-11,2026-03-21..2026-08-06,baccarat_bet02_101_all_pairs_incl_sentinel,round_win = game_pnl > 0 (decisive only),COMPATIBILITY_ONLY_NOT_PRODUCTION,557989.4742,504875.3716,9878.7574,24851,24505,-0.01770420,0.00338982,-0.02772422,-0.01770420,-9878.7574,557989.4742,OK,0.0000,395.1503,4.0000,96.0000,AG03-UNRESOLVED,ALL5_LEVELS_bet23_to_bet27,395.1503,395.1503,395.1503,0.0000,0.0000,4.000000,4.000000,4.000000,0.000000,0.000000,96.000000,96.000000,96.000000,100.000000,100.000000,5.0,1185.4509,1138.6651,8693.3065,8740.0923,PENDING_AG03,FALSE,NOT_FOR_ENFORCEMENT,9483.6071,484680.3568,9878.7574,9483.6071,395.1503,0.01770420,0.01699603,395.1503,9483.6071,0.01699603,395.1503,395.1503,395.1503,0.0000,0.0000,9483.6071,0.01699603,1185.4509,1138.6651,8693.3065,8740.0923,0.01557970,0.01566354,0.00070817,22.4534,20.6030,0.4031,82.3230,2.6463,4649.9123,204.2083,25.9152,21.1137,12.8578,14.5296,26.176,48.8436,54.2173,102.8621,13.088,0.0,3.731508,7.079487,1.545355,30,207,63,6,0.32204186,0.01770420,-0.00338982,0E-8,0.000000,0.904812,0.002133,0.03111404,2026-03-21,2026-08-06,120,3733,1703,139,0.863309,1.227414,1.154177,1.073473,,,,,,,,GLOBAL_BASELINE_NO_ENTITY_RANKING,,,NOT_APPLICABLE_GLOBAL_BASELINE,HF9g-P5,,,,X 全窗基线 · 不参与实体赏罚,15053524,1506,A168_HF9F_20260827_0900,2026-08-27 09:00:00
2026-07-02,127529701,1623,0,145.8704463893,45.7620117214,45.7620117214,0.5555556,10,10,0.49994810000000000,0.499948100000,0.33364473513075094,0.33364473513075094,0.33364473513075094,0E-17,ELIGIBLE,R03b_20260811_FULL_v1,L1_ELIGIBILITY,v2026-08-11,2026-03-21..2026-08-06,baccarat_bet02_101_all_pairs_incl_sentinel,round_win = game_pnl > 0 (decisive only),COMPATIBILITY_ONLY_NOT_PRODUCTION,557989.4742,504875.3716,9878.7574,24851,24505,-0.01770420,0.00338982,-0.02772422,-0.01770420,-9878.7574,557989.4742,OK,0.0000,395.1503,4.0000,96.0000,AG03-UNRESOLVED,ALL5_LEVELS_bet23_to_bet27,395.1503,395.1503,395.1503,0.0000,0.0000,4.000000,4.000000,4.000000,0.000000,0.000000,96.000000,96.000000,96.000000,100.000000,100.000000,5.0,1185.4509,1138.6651,8693.3065,8740.0923,PENDING_AG03,FALSE,NOT_FOR_ENFORCEMENT,9483.6071,484680.3568,9878.7574,9483.6071,395.1503,0.01770420,0.01699603,395.1503,9483.6071,0.01699603,395.1503,395.1503,395.1503,0.0000,0.0000,9483.6071,0.01699603,1185.4509,1138.6651,8693.3065,8740.0923,0.01557970,0.01566354,0.00070817,22.4534,20.6030,0.4031,82.3230,2.6463,4649.9123,204.2083,25.9152,21.1137,12.8578,14.5296,26.176,48.8436,54.2173,102.8621,13.088,0.0,3.731508,7.079487,1.545355,30,207,63,6,0.32204186,0.01770420,-0.00338982,0E-8,0.000000,0.904812,0.002133,0.03111404,2026-03-21,2026-08-06,120,3733,1703,139,0.863309,1.227414,1.154177,1.073473,,,,,,,,GLOBAL_BASELINE_NO_ENTITY_RANKING,,,NOT_APPLICABLE_GLOBAL_BASELINE,HF9g-P5,,,,X 全窗基线 · 不参与实体赏罚,15053525,1506,A168_HF9F_20260827_0900,2026-08-27 09:00:00
2026-07-02,127529701,1994,0,139.9323574212,2.0654222498,2.0654222498,0.5000000,5,5,0.50128862000000000,0.501288620000,-0.0051544971185412255,-0.0051544971185412255,-0.0051544971185412255,0E-17,ELIGIBLE,R03b_20260811_FULL_v1,L1_ELIGIBILITY,v2026-08-11,2026-03-21..2026-08-06,baccarat_bet02_101_all_pairs_incl_sentinel,round_win = game_pnl > 0 (decisive only),COMPATIBILITY_ONLY_NOT_PRODUCTION,557989.4742,504875.3716,9878.7574,24851,24505,-0.01770420,0.00338982,-0.02772422,-0.01770420,-9878.7574,557989.4742,OK,0.0000,395.1503,4.0000,96.0000,AG03-UNRESOLVED,ALL5_LEVELS_bet23_to_bet27,395.1503,395.1503,395.1503,0.0000,0.0000,4.000000,4.000000,4.000000,0.000000,0.000000,96.000000,96.000000,96.000000,100.000000,100.000000,5.0,1185.4509,1138.6651,8693.3065,8740.0923,PENDING_AG03,FALSE,NOT_FOR_ENFORCEMENT,9483.6071,484680.3568,9878.7574,9483.6071,395.1503,0.01770420,0.01699603,395.1503,9483.6071,0.01699603,395.1503,395.1503,395.1503,0.0000,0.0000,9483.6071,0.01699603,1185.4509,1138.6651,8693.3065,8740.0923,0.01557970,0.01566354,0.00070817,22.4534,20.6030,0.4031,82.3230,2.6463,4649.9123,204.2083,25.9152,21.1137,12.8578,14.5296,26.176,48.8436,54.2173,102.8621,13.088,0.0,3.731508,7.079487,1.545355,30,207,63,6,0.32204186,0.01770420,-0.00338982,0E-8,0.000000,0.904812,0.002133,0.03111404,2026-03-21,2026-08-06,120,3733,1703,139,0.863309,1.227414,1.154177,1.073473,,,,,,,,GLOBAL_BASELINE_NO_ENTITY_RANKING,,,NOT_APPLICABLE_GLOBAL_BASELINE,HF9g-P5,,,,X 全窗基线 · 不参与实体赏罚,15053526,1506,A168_HF9F_20260827_0900,2026-08-27 09:00:00
2026-07-02,127529701,2093,0,45.1811117135,21.9451114037,21.9451114037,0.5000000,2,2,0.49324550000000000,0.493245500000,0.01910635448239258,0.01910635448239258,0.01910635448239258,0E-17,ELIGIBLE,R03b_20260811_FULL_v1,L1_ELIGIBILITY,v2026-08-11,2026-03-21..2026-08-06,baccarat_bet02_101_all_pairs_incl_sentinel,round_win = game_pnl > 0 (decisive only),COMPATIBILITY_ONLY_NOT_PRODUCTION,557989.4742,504875.3716,9878.7574,24851,24505,-0.01770420,0.00338982,-0.02772422,-0.01770420,-9878.7574,557989.4742,OK,0.0000,395.1503,4.0000,96.0000,AG03-UNRESOLVED,ALL5_LEVELS_bet23_to_bet27,395.1503,395.1503,395.1503,0.0000,0.0000,4.000000,4.000000,4.000000,0.000000,0.000000,96.000000,96.000000,96.000000,100.000000,100.000000,5.0,1185.4509,1138.6651,8693.3065,8740.0923,PENDING_AG03,FALSE,NOT_FOR_ENFORCEMENT,9483.6071,484680.3568,9878.7574,9483.6071,395.1503,0.01770420,0.01699603,395.1503,9483.6071,0.01699603,395.1503,395.1503,395.1503,0.0000,0.0000,9483.6071,0.01699603,1185.4509,1138.6651,8693.3065,8740.0923,0.01557970,0.01566354,0.00070817,22.4534,20.6030,0.4031,82.3230,2.6463,4649.9123,204.2083,25.9152,21.1137,12.8578,14.5296,26.176,48.8436,54.2173,102.8621,13.088,0.0,3.731508,7.079487,1.545355,30,207,63,6,0.32204186,0.01770420,-0.00338982,0E-8,0.000000,0.904812,0.002133,0.03111404,2026-03-21,2026-08-06,120,3733,1703,139,0.863309,1.227414,1.154177,1.073473,,,,,,,,GLOBAL_BASELINE_NO_ENTITY_RANKING,,,NOT_APPLICABLE_GLOBAL_BASELINE,HF9g-P5,,,,X 全窗基线 · 不参与实体赏罚,15053527,1506,A168_HF9F_20260827_0900,2026-08-27 09:00:00
2026-07-02,127529701,2123,0,157.7466243255,-17.2850024525,-17.2850024525,0.5000000,9,9,0.50516123333333333,0.505161233333,-0.02919790032230849,-0.029197900320422594,-0.02919790032230849,3.3333E-13,ELIGIBLE,R03b_20260811_FULL_v1,L1_ELIGIBILITY,v2026-08-11,2026-03-21..2026-08-06,baccarat_bet02_101_all_pairs_incl_sentinel,round_win = game_pnl > 0 (decisive only),COMPATIBILITY_ONLY_NOT_PRODUCTION,557989.4742,504875.3716,9878.7574,24851,24505,-0.01770420,0.00338982,-0.02772422,-0.01770420,-9878.7574,557989.4742,OK,0.0000,395.1503,4.0000,96.0000,AG03-UNRESOLVED,ALL5_LEVELS_bet23_to_bet27,395.1503,395.1503,395.1503,0.0000,0.0000,4.000000,4.000000,4.000000,0.000000,0.000000,96.000000,96.000000,96.000000,100.000000,100.000000,5.0,1185.4509,1138.6651,8693.3065,8740.0923,PENDING_AG03,FALSE,NOT_FOR_ENFORCEMENT,9483.6071,484680.3568,9878.7574,9483.6071,395.1503,0.01770420,0.01699603,395.1503,9483.6071,0.01699603,395.1503,395.1503,395.1503,0.0000,0.0000,9483.6071,0.01699603,1185.4509,1138.6651,8693.3065,8740.0923,0.01557970,0.01566354,0.00070817,22.4534,20.6030,0.4031,82.3230,2.6463,4649.9123,204.2083,25.9152,21.1137,12.8578,14.5296,26.176,48.8436,54.2173,102.8621,13.088,0.0,3.731508,7.079487,1.545355,30,207,63,6,0.32204186,0.01770420,-0.00338982,0E-8,0.000000,0.904812,0.002133,0.03111404,2026-03-21,2026-08-06,120,3733,1703,139,0.863309,1.227414,1.154177,1.073473,,,,,,,,GLOBAL_BASELINE_NO_ENTITY_RANKING,,,NOT_APPLICABLE_GLOBAL_BASELINE,HF9g-P5,,,,X 全窗基线 · 不参与实体赏罚,15053528,1506,A168_HF9F_20260827_0900,2026-08-27 09:00:00
2026-07-02,127529701,2160,0,38.7266671830,-38.7266671830,-38.7266671830,0E-7,3,3,0.49771390000000000,0.497713900000,-1.724149546644903,-1.724149546644903,-1.724149546644903,0E-17,ELIGIBLE,R03b_20260811_FULL_v1,L1_ELIGIBILITY,v2026-08-11,2026-03-21..2026-08-06,baccarat_bet02_101_all_pairs_incl_sentinel,round_win = game_pnl > 0 (decisive only),COMPATIBILITY_ONLY_NOT_PRODUCTION,557989.4742,504875.3716,9878.7574,24851,24505,-0.01770420,0.00338982,-0.02772422,-0.01770420,-9878.7574,557989.4742,OK,0.0000,395.1503,4.0000,96.0000,AG03-UNRESOLVED,ALL5_LEVELS_bet23_to_bet27,395.1503,395.1503,395.1503,0.0000,0.0000,4.000000,4.000000,4.000000,0.000000,0.000000,96.000000,96.000000,96.000000,100.000000,100.000000,5.0,1185.4509,1138.6651,8693.3065,8740.0923,PENDING_AG03,FALSE,NOT_FOR_ENFORCEMENT,9483.6071,484680.3568,9878.7574,9483.6071,395.1503,0.01770420,0.01699603,395.1503,9483.6071,0.01699603,395.1503,395.1503,395.1503,0.0000,0.0000,9483.6071,0.01699603,1185.4509,1138.6651,8693.3065,8740.0923,0.01557970,0.01566354,0.00070817,22.4534,20.6030,0.4031,82.3230,2.6463,4649.9123,204.2083,25.9152,21.1137,12.8578,14.5296,26.176,48.8436,54.2173,102.8621,13.088,0.0,3.731508,7.079487,1.545355,30,207,63,6,0.32204186,0.01770420,-0.00338982,0E-8,0.000000,0.904812,0.002133,0.03111404,2026-03-21,2026-08-06,120,3733,1703,139,0.863309,1.227414,1.154177,1.073473,,,,,,,,GLOBAL_BASELINE_NO_ENTITY_RANKING,,,NOT_APPLICABLE_GLOBAL_BASELINE,HF9g-P5,,,,X 全窗基线 · 不参与实体赏罚,15053529,1506,A168_HF9F_20260827_0900,2026-08-27 09:00:00
2026-07-02,127529701,2174,0,154.9066687321,-103.2711124881,-103.2711124881,0.3333333,3,3,0.50218230000000000,0.502182300000,-0.5849155494134425,-0.5849155494134426,-0.5849155494134425,0E-17,ELIGIBLE,R03b_20260811_FULL_v1,L1_ELIGIBILITY,v2026-08-11,2026-03-21..2026-08-06,baccarat_bet02_101_all_pairs_incl_sentinel,round_win = game_pnl > 0 (decisive only),COMPATIBILITY_ONLY_NOT_PRODUCTION,557989.4742,504875.3716,9878.7574,24851,24505,-0.01770420,0.00338982,-0.02772422,-0.01770420,-9878.7574,557989.4742,OK,0.0000,395.1503,4.0000,96.0000,AG03-UNRESOLVED,ALL5_LEVELS_bet23_to_bet27,395.1503,395.1503,395.1503,0.0000,0.0000,4.000000,4.000000,4.000000,0.000000,0.000000,96.000000,96.000000,96.000000,100.000000,100.000000,5.0,1185.4509,1138.6651,8693.3065,8740.0923,PENDING_AG03,FALSE,NOT_FOR_ENFORCEMENT,9483.6071,484680.3568,9878.7574,9483.6071,395.1503,0.01770420,0.01699603,395.1503,9483.6071,0.01699603,395.1503,395.1503,395.1503,0.0000,0.0000,9483.6071,0.01699603,1185.4509,1138.6651,8693.3065,8740.0923,0.01557970,0.01566354,0.00070817,22.4534,20.6030,0.4031,82.3230,2.6463,4649.9123,204.2083,25.9152,21.1137,12.8578,14.5296,26.176,48.8436,54.2173,102.8621,13.088,0.0,3.731508,7.079487,1.545355,30,207,63,6,0.32204186,0.01770420,-0.00338982,0E-8,0.000000,0.904812,0.002133,0.03111404,2026-03-21,2026-08-06,120,3733,1703,139,0.863309,1.227414,1.154177,1.073473,,,,,,,,GLOBAL_BASELINE_NO_ENTITY_RANKING,,,NOT_APPLICABLE_GLOBAL_BASELINE,HF9g-P5,,,,X 全窗基线 · 不参与实体赏罚,15053530,1506,A168_HF9F_20260827_0900,2026-08-27 09:00:00
2026-07-02,127529701,2222,0,129.0888906100,-129.0888906100,-129.0888906100,0E-7,2,2,0.49994810000000000,0.499948100000,-1.4140667746232096,-1.4140667746232096,-1.4140667746232096,0E-17,ELIGIBLE,R03b_20260811_FULL_v1,L1_ELIGIBILITY,v2026-08-11,2026-03-21..2026-08-06,baccarat_bet02_101_all_pairs_incl_sentinel,round_win = game_pnl > 0 (decisive only),COMPATIBILITY_ONLY_NOT_PRODUCTION,557989.4742,504875.3716,9878.7574,24851,24505,-0.01770420,0.00338982,-0.02772422,-0.01770420,-9878.7574,557989.4742,OK,0.0000,395.1503,4.0000,96.0000,AG03-UNRESOLVED,ALL5_LEVELS_bet23_to_bet27,395.1503,395.1503,395.1503,0.0000,0.0000,4.000000,4.000000,4.000000,0.000000,0.000000,96.000000,96.000000,96.000000,100.000000,100.000000,5.0,1185.4509,1138.6651,8693.3065,8740.0923,PENDING_AG03,FALSE,NOT_FOR_ENFORCEMENT,9483.6071,484680.3568,9878.7574,9483.6071,395.1503,0.01770420,0.01699603,395.1503,9483.6071,0.01699603,395.1503,395.1503,395.1503,0.0000,0.0000,9483.6071,0.01699603,1185.4509,1138.6651,8693.3065,8740.0923,0.01557970,0.01566354,0.00070817,22.4534,20.6030,0.4031,82.3230,2.6463,4649.9123,204.2083,25.9152,21.1137,12.8578,14.5296,26.176,48.8436,54.2173,102.8621,13.088,0.0,3.731508,7.079487,1.545355,30,207,63,6,0.32204186,0.01770420,-0.00338982,0E-8,0.000000,0.904812,0.002133,0.03111404,2026-03-21,2026-08-06,120,3733,1703,139,0.863309,1.227414,1.154177,1.073473,,,,,,,,GLOBAL_BASELINE_NO_ENTITY_RANKING,,,NOT_APPLICABLE_GLOBAL_BASELINE,HF9g-P5,,,,X 全窗基线 · 不参与实体赏罚,15053531,1506,A168_HF9F_20260827_0900,2026-08-27 09:00:00
2026-07-02,127529701,2235,0,372.8087160819,-129.2954328351,-129.2954328351,0.4000000,10,10,0.50396966000000000,0.503969660000,-0.6575825912698547,-0.6575825912698547,-0.6575825912698547,0E-17,ELIGIBLE,R03b_20260811_FULL_v1,L1_ELIGIBILITY,v2026-08-11,2026-03-21..2026-08-06,baccarat_bet02_101_all_pairs_incl_sentinel,round_win = game_pnl > 0 (decisive only),COMPATIBILITY_ONLY_NOT_PRODUCTION,557989.4742,504875.3716,9878.7574,24851,24505,-0.01770420,0.00338982,-0.02772422,-0.01770420,-9878.7574,557989.4742,OK,0.0000,395.1503,4.0000,96.0000,AG03-UNRESOLVED,ALL5_LEVELS_bet23_to_bet27,395.1503,395.1503,395.1503,0.0000,0.0000,4.000000,4.000000,4.000000,0.000000,0.000000,96.000000,96.000000,96.000000,100.000000,100.000000,5.0,1185.4509,1138.6651,8693.3065,8740.0923,PENDING_AG03,FALSE,NOT_FOR_ENFORCEMENT,9483.6071,484680.3568,9878.7574,9483.6071,395.1503,0.01770420,0.01699603,395.1503,9483.6071,0.01699603,395.1503,395.1503,395.1503,0.0000,0.0000,9483.6071,0.01699603,1185.4509,1138.6651,8693.3065,8740.0923,0.01557970,0.01566354,0.00070817,22.4534,20.6030,0.4031,82.3230,2.6463,4649.9123,204.2083,25.9152,21.1137,12.8578,14.5296,26.176,48.8436,54.2173,102.8621,13.088,0.0,3.731508,7.079487,1.545355,30,207,63,6,0.32204186,0.01770420,-0.00338982,0E-8,0.000000,0.904812,0.002133,0.03111404,2026-03-21,2026-08-06,120,3733,1703,139,0.863309,1.227414,1.154177,1.073473,,,,,,,,GLOBAL_BASELINE_NO_ENTITY_RANKING,,,NOT_APPLICABLE_GLOBAL_BASELINE,HF9g-P5,,,,X 全窗基线 · 不参与实体赏罚,15053532,1506,A168_HF9F_20260827_0900,2026-08-27 09:00:00
2026-07-02,127529701,2252,0,251.9815144708,85.2115766918,85.2115766918,0.6000000,11,11,0.50055742727272727,0.500557427273,0.6289304432594,0.6289304432576754,0.6289304432594,-2.7273E-13,ELIGIBLE,R03b_20260811_FULL_v1,L1_ELIGIBILITY,v2026-08-11,2026-03-21..2026-08-06,baccarat_bet02_101_all_pairs_incl_sentinel,round_win = game_pnl > 0 (decisive only),COMPATIBILITY_ONLY_NOT_PRODUCTION,557989.4742,504875.3716,9878.7574,24851,24505,-0.01770420,0.00338982,-0.02772422,-0.01770420,-9878.7574,557989.4742,OK,0.0000,395.1503,4.0000,96.0000,AG03-UNRESOLVED,ALL5_LEVELS_bet23_to_bet27,395.1503,395.1503,395.1503,0.0000,0.0000,4.000000,4.000000,4.000000,0.000000,0.000000,96.000000,96.000000,96.000000,100.000000,100.000000,5.0,1185.4509,1138.6651,8693.3065,8740.0923,PENDING_AG03,FALSE,NOT_FOR_ENFORCEMENT,9483.6071,484680.3568,9878.7574,9483.6071,395.1503,0.01770420,0.01699603,395.1503,9483.6071,0.01699603,395.1503,395.1503,395.1503,0.0000,0.0000,9483.6071,0.01699603,1185.4509,1138.6651,8693.3065,8740.0923,0.01557970,0.01566354,0.00070817,22.4534,20.6030,0.4031,82.3230,2.6463,4649.9123,204.2083,25.9152,21.1137,12.8578,14.5296,26.176,48.8436,54.2173,102.8621,13.088,0.0,3.731508,7.079487,1.545355,30,207,63,6,0.32204186,0.01770420,-0.00338982,0E-8,0.000000,0.904812,0.002133,0.03111404,2026-03-21,2026-08-06,120,3733,1703,139,0.863309,1.227414,1.154177,1.073473,,,,,,,,GLOBAL_BASELINE_NO_ENTITY_RANKING,,,NOT_APPLICABLE_GLOBAL_BASELINE,HF9g-P5,,,,X 全窗基线 · 不参与实体赏罚,15053533,1506,A168_HF9F_20260827_0900,2026-08-27 09:00:00
2026-07-02,127529701,986,0,77.4533343660,-51.6355562440,-51.6355562440,0.3333333,3,3,0.49771390000000000,0.497713900000,-0.5694369385616226,-0.5694369385616226,-0.5694369385616226,0E-17,ELIGIBLE,R03b_20260811_FULL_v1,L1_ELIGIBILITY,v2026-08-11,2026-03-21..2026-08-06,baccarat_bet02_101_all_pairs_incl_sentinel,round_win = game_pnl > 0 (decisive only),COMPATIBILITY_ONLY_NOT_PRODUCTION,557989.4742,504875.3716,9878.7574,24851,24505,-0.01770420,0.00338982,-0.02772422,-0.01770420,-9878.7574,557989.4742,OK,0.0000,395.1503,4.0000,96.0000,AG03-UNRESOLVED,ALL5_LEVELS_bet23_to_bet27,395.1503,395.1503,395.1503,0.0000,0.0000,4.000000,4.000000,4.000000,0.000000,0.000000,96.000000,96.000000,96.000000,100.000000,100.000000,5.0,1185.4509,1138.6651,8693.3065,8740.0923,PENDING_AG03,FALSE,NOT_FOR_ENFORCEMENT,9483.6071,484680.3568,9878.7574,9483.6071,395.1503,0.01770420,0.01699603,395.1503,9483.6071,0.01699603,395.1503,395.1503,395.1503,0.0000,0.0000,9483.6071,0.01699603,1185.4509,1138.6651,8693.3065,8740.0923,0.01557970,0.01566354,0.00070817,22.4534,20.6030,0.4031,82.3230,2.6463,4649.9123,204.2083,25.9152,21.1137,12.8578,14.5296,26.176,48.8436,54.2173,102.8621,13.088,0.0,3.731508,7.079487,1.545355,30,207,63,6,0.32204186,0.01770420,-0.00338982,0E-8,0.000000,0.904812,0.002133,0.03111404,2026-03-21,2026-08-06,120,3733,1703,139,0.863309,1.227414,1.154177,1.073473,,,,,,,,GLOBAL_BASELINE_NO_ENTITY_RANKING,,,NOT_APPLICABLE_GLOBAL_BASELINE,HF9g-P5,,,,X 全窗基线 · 不参与实体赏罚,15053534,1506,A168_HF9F_20260827_0900,2026-08-27 09:00:00
2026-07-02,127529701,987,0,54.7336896187,-54.7336896187,-54.7336896187,0E-7,2,2,0.50665070000000000,0.506650700000,-1.4331513700195317,-1.4331513700195317,-1.4331513700195317,0E-17,ELIGIBLE,R03b_20260811_FULL_v1,L1_ELIGIBILITY,v2026-08-11,2026-03-21..2026-08-06,baccarat_bet02_101_all_pairs_incl_sentinel,round_win = game_pnl > 0 (decisive only),COMPATIBILITY_ONLY_NOT_PRODUCTION,557989.4742,504875.3716,9878.7574,24851,24505,-0.01770420,0.00338982,-0.02772422,-0.01770420,-9878.7574,557989.4742,OK,0.0000,395.1503,4.0000,96.0000,AG03-UNRESOLVED,ALL5_LEVELS_bet23_to_bet27,395.1503,395.1503,395.1503,0.0000,0.0000,4.000000,4.000000,4.000000,0.000000,0.000000,96.000000,96.000000,96.000000,100.000000,100.000000,5.0,1185.4509,1138.6651,8693.3065,8740.0923,PENDING_AG03,FALSE,NOT_FOR_ENFORCEMENT,9483.6071,484680.3568,9878.7574,9483.6071,395.1503,0.01770420,0.01699603,395.1503,9483.6071,0.01699603,395.1503,395.1503,395.1503,0.0000,0.0000,9483.6071,0.01699603,1185.4509,1138.6651,8693.3065,8740.0923,0.01557970,0.01566354,0.00070817,22.4534,20.6030,0.4031,82.3230,2.6463,4649.9123,204.2083,25.9152,21.1137,12.8578,14.5296,26.176,48.8436,54.2173,102.8621,13.088,0.0,3.731508,7.079487,1.545355,30,207,63,6,0.32204186,0.01770420,-0.00338982,0E-8,0.000000,0.904812,0.002133,0.03111404,2026-03-21,2026-08-06,120,3733,1703,139,0.863309,1.227414,1.154177,1.073473,,,,,,,,GLOBAL_BASELINE_NO_ENTITY_RANKING,,,NOT_APPLICABLE_GLOBAL_BASELINE,HF9g-P5,,,,X 全窗基线 · 不参与实体赏罚,15053535,1506,A168_HF9F_20260827_0900,2026-08-27 09:00:00
2026-07-03,127529701,-1,1,597.1652079619,197.5060026335,197.5060026335,0.6923077,27,27,0.50069283333333333,0.500692833333,1.9540976860143071,1.9540976860177048,1.9540976860143071,3.3333E-13,SENTINEL_DEALER,R03b_20260811_FULL_v1,L1_ELIGIBILITY,v2026-08-11,2026-03-21..2026-08-06,baccarat_bet02_101_all_pairs_incl_sentinel,round_win = game_pnl > 0 (decisive only),COMPATIBILITY_ONLY_NOT_PRODUCTION,557989.4742,504875.3716,9878.7574,24851,24505,-0.01770420,0.00338982,-0.02772422,-0.01770420,-9878.7574,557989.4742,OK,0.0000,395.1503,4.0000,96.0000,AG03-UNRESOLVED,ALL5_LEVELS_bet23_to_bet27,395.1503,395.1503,395.1503,0.0000,0.0000,4.000000,4.000000,4.000000,0.000000,0.000000,96.000000,96.000000,96.000000,100.000000,100.000000,5.0,1185.4509,1138.6651,8693.3065,8740.0923,PENDING_AG03,FALSE,NOT_FOR_ENFORCEMENT,9483.6071,484680.3568,9878.7574,9483.6071,395.1503,0.01770420,0.01699603,395.1503,9483.6071,0.01699603,395.1503,395.1503,395.1503,0.0000,0.0000,9483.6071,0.01699603,1185.4509,1138.6651,8693.3065,8740.0923,0.01557970,0.01566354,0.00070817,22.4534,20.6030,0.4031,82.3230,2.6463,4649.9123,204.2083,25.9152,21.1137,12.8578,14.5296,26.176,48.8436,54.2173,102.8621,13.088,0.0,3.731508,7.079487,1.545355,30,207,63,6,0.32204186,0.01770420,-0.00338982,0E-8,0.000000,0.904812,0.002133,0.03111404,2026-03-21,2026-08-06,120,3733,1703,139,0.863309,1.227414,1.154177,1.073473,,,,,,,,GLOBAL_BASELINE_NO_ENTITY_RANKING,,,NOT_APPLICABLE_GLOBAL_BASELINE,HF9g-P5,,,,X 全窗基线 · 不参与实体赏罚,15053536,1506,A168_HF9F_20260827_0900,2026-08-27 09:00:00
2026-07-03,127529701,1017,0,12.9088890610,12.9088890610,12.9088890610,1.0000000,1,1,0.49324550000000000,0.493245500000,1.01360149184955,1.01360149184955,1.01360149184955,0E-17,ELIGIBLE,R03b_20260811_FULL_v1,L1_ELIGIBILITY,v2026-08-11,2026-03-21..2026-08-06,baccarat_bet02_101_all_pairs_incl_sentinel,round_win = game_pnl > 0 (decisive only),COMPATIBILITY_ONLY_NOT_PRODUCTION,557989.4742,504875.3716,9878.7574,24851,24505,-0.01770420,0.00338982,-0.02772422,-0.01770420,-9878.7574,557989.4742,OK,0.0000,395.1503,4.0000,96.0000,AG03-UNRESOLVED,ALL5_LEVELS_bet23_to_bet27,395.1503,395.1503,395.1503,0.0000,0.0000,4.000000,4.000000,4.000000,0.000000,0.000000,96.000000,96.000000,96.000000,100.000000,100.000000,5.0,1185.4509,1138.6651,8693.3065,8740.0923,PENDING_AG03,FALSE,NOT_FOR_ENFORCEMENT,9483.6071,484680.3568,9878.7574,9483.6071,395.1503,0.01770420,0.01699603,395.1503,9483.6071,0.01699603,395.1503,395.1503,395.1503,0.0000,0.0000,9483.6071,0.01699603,1185.4509,1138.6651,8693.3065,8740.0923,0.01557970,0.01566354,0.00070817,22.4534,20.6030,0.4031,82.3230,2.6463,4649.9123,204.2083,25.9152,21.1137,12.8578,14.5296,26.176,48.8436,54.2173,102.8621,13.088,0.0,3.731508,7.079487,1.545355,30,207,63,6,0.32204186,0.01770420,-0.00338982,0E-8,0.000000,0.904812,0.002133,0.03111404,2026-03-21,2026-08-06,120,3733,1703,139,0.863309,1.227414,1.154177,1.073473,,,,,,,,GLOBAL_BASELINE_NO_ENTITY_RANKING,,,NOT_APPLICABLE_GLOBAL_BASELINE,HF9g-P5,,,,X 全窗基线 · 不参与实体赏罚,15053537,1506,A168_HF9F_20260827_0900,2026-08-27 09:00:00
2026-07-03,127529701,1094,0,208.6076472258,91.0334856582,91.0334856582,0.7777778,11,11,0.49690146363636364,0.496901463636,1.6852902458584436,1.685290245860633,1.6852902458584436,3.6364E-13,ELIGIBLE,R03b_20260811_FULL_v1,L1_ELIGIBILITY,v2026-08-11,2026-03-21..2026-08-06,baccarat_bet02_101_all_pairs_incl_sentinel,round_win = game_pnl > 0 (decisive only),COMPATIBILITY_ONLY_NOT_PRODUCTION,557989.4742,504875.3716,9878.7574,24851,24505,-0.01770420,0.00338982,-0.02772422,-0.01770420,-9878.7574,557989.4742,OK,0.0000,395.1503,4.0000,96.0000,AG03-UNRESOLVED,ALL5_LEVELS_bet23_to_bet27,395.1503,395.1503,395.1503,0.0000,0.0000,4.000000,4.000000,4.000000,0.000000,0.000000,96.000000,96.000000,96.000000,100.000000,100.000000,5.0,1185.4509,1138.6651,8693.3065,8740.0923,PENDING_AG03,FALSE,NOT_FOR_ENFORCEMENT,9483.6071,484680.3568,9878.7574,9483.6071,395.1503,0.01770420,0.01699603,395.1503,9483.6071,0.01699603,395.1503,395.1503,395.1503,0.0000,0.0000,9483.6071,0.01699603,1185.4509,1138.6651,8693.3065,8740.0923,0.01557970,0.01566354,0.00070817,22.4534,20.6030,0.4031,82.3230,2.6463,4649.9123,204.2083,25.9152,21.1137,12.8578,14.5296,26.176,48.8436,54.2173,102.8621,13.088,0.0,3.731508,7.079487,1.545355,30,207,63,6,0.32204186,0.01770420,-0.00338982,0E-8,0.000000,0.904812,0.002133,0.03111404,2026-03-21,2026-08-06,120,3733,1703,139,0.863309,1.227414,1.154177,1.073473,,,,,,,,GLOBAL_BASELINE_NO_ENTITY_RANKING,,,NOT_APPLICABLE_GLOBAL_BASELINE,HF9g-P5,,,,X 全窗基线 · 不参与实体赏罚,15053538,1506,A168_HF9F_20260827_0900,2026-08-27 09:00:00
2026-07-03,127529701,1210,0,127.7980017039,46.2138228384,46.2138228384,0.6666667,4,4,0.49994810000000000,0.499948100000,0.5775300591747329,0.5775300591747329,0.5775300591747329,0E-17,ELIGIBLE,R03b_20260811_FULL_v1,L1_ELIGIBILITY,v2026-08-11,2026-03-21..2026-08-06,baccarat_bet02_101_all_pairs_incl_sentinel,round_win = game_pnl > 0 (decisive only),COMPATIBILITY_ONLY_NOT_PRODUCTION,557989.4742,504875.3716,9878.7574,24851,24505,-0.01770420,0.00338982,-0.02772422,-0.01770420,-9878.7574,557989.4742,OK,0.0000,395.1503,4.0000,96.0000,AG03-UNRESOLVED,ALL5_LEVELS_bet23_to_bet27,395.1503,395.1503,395.1503,0.0000,0.0000,4.000000,4.000000,4.000000,0.000000,0.000000,96.000000,96.000000,96.000000,100.000000,100.000000,5.0,1185.4509,1138.6651,8693.3065,8740.0923,PENDING_AG03,FALSE,NOT_FOR_ENFORCEMENT,9483.6071,484680.3568,9878.7574,9483.6071,395.1503,0.01770420,0.01699603,395.1503,9483.6071,0.01699603,395.1503,395.1503,395.1503,0.0000,0.0000,9483.6071,0.01699603,1185.4509,1138.6651,8693.3065,8740.0923,0.01557970,0.01566354,0.00070817,22.4534,20.6030,0.4031,82.3230,2.6463,4649.9123,204.2083,25.9152,21.1137,12.8578,14.5296,26.176,48.8436,54.2173,102.8621,13.088,0.0,3.731508,7.079487,1.545355,30,207,63,6,0.32204186,0.01770420,-0.00338982,0E-8,0.000000,0.904812,0.002133,0.03111404,2026-03-21,2026-08-06,120,3733,1703,139,0.863309,1.227414,1.154177,1.073473,,,,,,,,GLOBAL_BASELINE_NO_ENTITY_RANKING,,,NOT_APPLICABLE_GLOBAL_BASELINE,HF9g-P5,,,,X 全窗基线 · 不参与实体赏罚,15053539,1506,A168_HF9F_20260827_0900,2026-08-27 09:00:00
2026-07-03,127529701,1325,0,91.6531123331,-79.5703921720,-79.5703921720,0.2000000,5,5,0.50128862000000000,0.501288620000,-1.347408145195933,-1.347408145195933,-1.347408145195933,0E-17,ELIGIBLE,R03b_20260811_FULL_v1,L1_ELIGIBILITY,v2026-08-11,2026-03-21..2026-08-06,baccarat_bet02_101_all_pairs_incl_sentinel,round_win = game_pnl > 0 (decisive only),COMPATIBILITY_ONLY_NOT_PRODUCTION,557989.4742,504875.3716,9878.7574,24851,24505,-0.01770420,0.00338982,-0.02772422,-0.01770420,-9878.7574,557989.4742,OK,0.0000,395.1503,4.0000,96.0000,AG03-UNRESOLVED,ALL5_LEVELS_bet23_to_bet27,395.1503,395.1503,395.1503,0.0000,0.0000,4.000000,4.000000,4.000000,0.000000,0.000000,96.000000,96.000000,96.000000,100.000000,100.000000,5.0,1185.4509,1138.6651,8693.3065,8740.0923,PENDING_AG03,FALSE,NOT_FOR_ENFORCEMENT,9483.6071,484680.3568,9878.7574,9483.6071,395.1503,0.01770420,0.01699603,395.1503,9483.6071,0.01699603,395.1503,395.1503,395.1503,0.0000,0.0000,9483.6071,0.01699603,1185.4509,1138.6651,8693.3065,8740.0923,0.01557970,0.01566354,0.00070817,22.4534,20.6030,0.4031,82.3230,2.6463,4649.9123,204.2083,25.9152,21.1137,12.8578,14.5296,26.176,48.8436,54.2173,102.8621,13.088,0.0,3.731508,7.079487,1.545355,30,207,63,6,0.32204186,0.01770420,-0.00338982,0E-8,0.000000,0.904812,0.002133,0.03111404,2026-03-21,2026-08-06,120,3733,1703,139,0.863309,1.227414,1.154177,1.073473,,,,,,,,GLOBAL_BASELINE_NO_ENTITY_RANKING,,,NOT_APPLICABLE_GLOBAL_BASELINE,HF9g-P5,,,,X 全窗基线 · 不参与实体赏罚,15053540,1506,A168_HF9F_20260827_0900,2026-08-27 09:00:00
2026-07-03,127529701,1330,0,325.3040043372,97.4621124106,97.4621124106,0.6666667,11,11,0.49812011818181818,0.498120118182,1.0112864386171982,1.011286438616106,1.0112864386171982,-1.8182E-13,ELIGIBLE,R03b_20260811_FULL_v1,L1_ELIGIBILITY,v2026-08-11,2026-03-21..2026-08-06,baccarat_bet02_101_all_pairs_incl_sentinel,round_win = game_pnl > 0 (decisive only),COMPATIBILITY_ONLY_NOT_PRODUCTION,557989.4742,504875.3716,9878.7574,24851,24505,-0.01770420,0.00338982,-0.02772422,-0.01770420,-9878.7574,557989.4742,OK,0.0000,395.1503,4.0000,96.0000,AG03-UNRESOLVED,ALL5_LEVELS_bet23_to_bet27,395.1503,395.1503,395.1503,0.0000,0.0000,4.000000,4.000000,4.000000,0.000000,0.000000,96.000000,96.000000,96.000000,100.000000,100.000000,5.0,1185.4509,1138.6651,8693.3065,8740.0923,PENDING_AG03,FALSE,NOT_FOR_ENFORCEMENT,9483.6071,484680.3568,9878.7574,9483.6071,395.1503,0.01770420,0.01699603,395.1503,9483.6071,0.01699603,395.1503,395.1503,395.1503,0.0000,0.0000,9483.6071,0.01699603,1185.4509,1138.6651,8693.3065,8740.0923,0.01557970,0.01566354,0.00070817,22.4534,20.6030,0.4031,82.3230,2.6463,4649.9123,204.2083,25.9152,21.1137,12.8578,14.5296,26.176,48.8436,54.2173,102.8621,13.088,0.0,3.731508,7.079487,1.545355,30,207,63,6,0.32204186,0.01770420,-0.00338982,0E-8,0.000000,0.904812,0.002133,0.03111404,2026-03-21,2026-08-06,120,3733,1703,139,0.863309,1.227414,1.154177,1.073473,,,,,,,,GLOBAL_BASELINE_NO_ENTITY_RANKING,,,NOT_APPLICABLE_GLOBAL_BASELINE,HF9g-P5,,,,X 全窗基线 · 不参与实体赏罚,15053541,1506,A168_HF9F_20260827_0900,2026-08-27 09:00:00
2026-07-03,127529701,1353,0,194.9242248211,95.0094234891,95.0094234891,0.7000000,11,11,0.49933877272727273,0.499338772727,1.2690941422840207,1.2690941422857465,1.2690941422840207,2.7273E-13,ELIGIBLE,R03b_20260811_FULL_v1,L1_ELIGIBILITY,v2026-08-11,2026-03-21..2026-08-06,baccarat_bet02_101_all_pairs_incl_sentinel,round_win = game_pnl > 0 (decisive only),COMPATIBILITY_ONLY_NOT_PRODUCTION,557989.4742,504875.3716,9878.7574,24851,24505,-0.01770420,0.00338982,-0.02772422,-0.01770420,-9878.7574,557989.4742,OK,0.0000,395.1503,4.0000,96.0000,AG03-UNRESOLVED,ALL5_LEVELS_bet23_to_bet27,395.1503,395.1503,395.1503,0.0000,0.0000,4.000000,4.000000,4.000000,0.000000,0.000000,96.000000,96.000000,96.000000,100.000000,100.000000,5.0,1185.4509,1138.6651,8693.3065,8740.0923,PENDING_AG03,FALSE,NOT_FOR_ENFORCEMENT,9483.6071,484680.3568,9878.7574,9483.6071,395.1503,0.01770420,0.01699603,395.1503,9483.6071,0.01699603,395.1503,395.1503,395.1503,0.0000,0.0000,9483.6071,0.01699603,1185.4509,1138.6651,8693.3065,8740.0923,0.01557970,0.01566354,0.00070817,22.4534,20.6030,0.4031,82.3230,2.6463,4649.9123,204.2083,25.9152,21.1137,12.8578,14.5296,26.176,48.8436,54.2173,102.8621,13.088,0.0,3.731508,7.079487,1.545355,30,207,63,6,0.32204186,0.01770420,-0.00338982,0E-8,0.000000,0.904812,0.002133,0.03111404,2026-03-21,2026-08-06,120,3733,1703,139,0.863309,1.227414,1.154177,1.073473,,,,,,,,GLOBAL_BASELINE_NO_ENTITY_RANKING,,,NOT_APPLICABLE_GLOBAL_BASELINE,HF9g-P5,,,,X 全窗基线 · 不参与实体赏罚,15053542,1506,A168_HF9F_20260827_0900,2026-08-27 09:00:00
2026-07-03,127529701,1490,0,158.5211576691,115.0956548681,115.0956548681,1.0000000,11,11,0.50299473636363636,0.502994736364,2.8115367683044687,2.8115367683024237,2.8115367683044687,-3.6364E-13,ELIGIBLE,R03b_20260811_FULL_v1,L1_ELIGIBILITY,v2026-08-11,2026-03-21..2026-08-06,baccarat_bet02_101_all_pairs_incl_sentinel,round_win = game_pnl > 0 (decisive only),COMPATIBILITY_ONLY_NOT_PRODUCTION,557989.4742,504875.3716,9878.7574,24851,24505,-0.01770420,0.00338982,-0.02772422,-0.01770420,-9878.7574,557989.4742,OK,0.0000,395.1503,4.0000,96.0000,AG03-UNRESOLVED,ALL5_LEVELS_bet23_to_bet27,395.1503,395.1503,395.1503,0.0000,0.0000,4.000000,4.000000,4.000000,0.000000,0.000000,96.000000,96.000000,96.000000,100.000000,100.000000,5.0,1185.4509,1138.6651,8693.3065,8740.0923,PENDING_AG03,FALSE,NOT_FOR_ENFORCEMENT,9483.6071,484680.3568,9878.7574,9483.6071,395.1503,0.01770420,0.01699603,395.1503,9483.6071,0.01699603,395.1503,395.1503,395.1503,0.0000,0.0000,9483.6071,0.01699603,1185.4509,1138.6651,8693.3065,8740.0923,0.01557970,0.01566354,0.00070817,22.4534,20.6030,0.4031,82.3230,2.6463,4649.9123,204.2083,25.9152,21.1137,12.8578,14.5296,26.176,48.8436,54.2173,102.8621,13.088,0.0,3.731508,7.079487,1.545355,30,207,63,6,0.32204186,0.01770420,-0.00338982,0E-8,0.000000,0.904812,0.002133,0.03111404,2026-03-21,2026-08-06,120,3733,1703,139,0.863309,1.227414,1.154177,1.073473,,,,,,,,GLOBAL_BASELINE_NO_ENTITY_RANKING,,,NOT_APPLICABLE_GLOBAL_BASELINE,HF9g-P5,,,,X 全窗基线 · 不参与实体赏罚,15053543,1506,A168_HF9F_20260827_0900,2026-08-27 09:00:00
2026-07-03,127529701,1710,0,129.0888906100,89.7167789740,89.7167789740,0.8750000,9,9,0.49473496666666667,0.494734966667,2.1512231393404004,2.1512231393384997,2.1512231393404004,-3.3333E-13,ELIGIBLE,R03b_20260811_FULL_v1,L1_ELIGIBILITY,v2026-08-11,2026-03-21..2026-08-06,baccarat_bet02_101_all_pairs_incl_sentinel,round_win = game_pnl > 0 (decisive only),COMPATIBILITY_ONLY_NOT_PRODUCTION,557989.4742,504875.3716,9878.7574,24851,24505,-0.01770420,0.00338982,-0.02772422,-0.01770420,-9878.7574,557989.4742,OK,0.0000,395.1503,4.0000,96.0000,AG03-UNRESOLVED,ALL5_LEVELS_bet23_to_bet27,395.1503,395.1503,395.1503,0.0000,0.0000,4.000000,4.000000,4.000000,0.000000,0.000000,96.000000,96.000000,96.000000,100.000000,100.000000,5.0,1185.4509,1138.6651,8693.3065,8740.0923,PENDING_AG03,FALSE,NOT_FOR_ENFORCEMENT,9483.6071,484680.3568,9878.7574,9483.6071,395.1503,0.01770420,0.01699603,395.1503,9483.6071,0.01699603,395.1503,395.1503,395.1503,0.0000,0.0000,9483.6071,0.01699603,1185.4509,1138.6651,8693.3065,8740.0923,0.01557970,0.01566354,0.00070817,22.4534,20.6030,0.4031,82.3230,2.6463,4649.9123,204.2083,25.9152,21.1137,12.8578,14.5296,26.176,48.8436,54.2173,102.8621,13.088,0.0,3.731508,7.079487,1.545355,30,207,63,6,0.32204186,0.01770420,-0.00338982,0E-8,0.000000,0.904812,0.002133,0.03111404,2026-03-21,2026-08-06,120,3733,1703,139,0.863309,1.227414,1.154177,1.073473,,,,,,,,GLOBAL_BASELINE_NO_ENTITY_RANKING,,,NOT_APPLICABLE_GLOBAL_BASELINE,HF9g-P5,,,,X 全窗基线 · 不参与实体赏罚,15053544,1506,A168_HF9F_20260827_0900,2026-08-27 09:00:00
2026-07-03,127529701,1985,0,400.1755608912,-322.7222265252,-322.7222265252,0.3333333,6,6,0.49771390000000000,0.497713900000,-0.8053054414300617,-0.8053054414300617,-0.8053054414300617,0E-17,ELIGIBLE,R03b_20260811_FULL_v1,L1_ELIGIBILITY,v2026-08-11,2026-03-21..2026-08-06,baccarat_bet02_101_all_pairs_incl_sentinel,round_win = game_pnl > 0 (decisive only),COMPATIBILITY_ONLY_NOT_PRODUCTION,557989.4742,504875.3716,9878.7574,24851,24505,-0.01770420,0.00338982,-0.02772422,-0.01770420,-9878.7574,557989.4742,OK,0.0000,395.1503,4.0000,96.0000,AG03-UNRESOLVED,ALL5_LEVELS_bet23_to_bet27,395.1503,395.1503,395.1503,0.0000,0.0000,4.000000,4.000000,4.000000,0.000000,0.000000,96.000000,96.000000,96.000000,100.000000,100.000000,5.0,1185.4509,1138.6651,8693.3065,8740.0923,PENDING_AG03,FALSE,NOT_FOR_ENFORCEMENT,9483.6071,484680.3568,9878.7574,9483.6071,395.1503,0.01770420,0.01699603,395.1503,9483.6071,0.01699603,395.1503,395.1503,395.1503,0.0000,0.0000,9483.6071,0.01699603,1185.4509,1138.6651,8693.3065,8740.0923,0.01557970,0.01566354,0.00070817,22.4534,20.6030,0.4031,82.3230,2.6463,4649.9123,204.2083,25.9152,21.1137,12.8578,14.5296,26.176,48.8436,54.2173,102.8621,13.088,0.0,3.731508,7.079487,1.545355,30,207,63,6,0.32204186,0.01770420,-0.00338982,0E-8,0.000000,0.904812,0.002133,0.03111404,2026-03-21,2026-08-06,120,3733,1703,139,0.863309,1.227414,1.154177,1.073473,,,,,,,,GLOBAL_BASELINE_NO_ENTITY_RANKING,,,NOT_APPLICABLE_GLOBAL_BASELINE,HF9g-P5,,,,X 全窗基线 · 不参与实体赏罚,15053545,1506,A168_HF9F_20260827_0900,2026-08-27 09:00:00
2026-07-03,127529701,1994,0,56.2827563060,-45.9556450572,-45.9556450572,0E-7,2,2,0.49324550000000000,0.493245500000,-0.9865810262130424,-0.9865810262130424,-0.9865810262130424,0E-17,ELIGIBLE,R03b_20260811_FULL_v1,L1_ELIGIBILITY,v2026-08-11,2026-03-21..2026-08-06,baccarat_bet02_101_all_pairs_incl_sentinel,round_win = game_pnl > 0 (decisive only),COMPATIBILITY_ONLY_NOT_PRODUCTION,557989.4742,504875.3716,9878.7574,24851,24505,-0.01770420,0.00338982,-0.02772422,-0.01770420,-9878.7574,557989.4742,OK,0.0000,395.1503,4.0000,96.0000,AG03-UNRESOLVED,ALL5_LEVELS_bet23_to_bet27,395.1503,395.1503,395.1503,0.0000,0.0000,4.000000,4.000000,4.000000,0.000000,0.000000,96.000000,96.000000,96.000000,100.000000,100.000000,5.0,1185.4509,1138.6651,8693.3065,8740.0923,PENDING_AG03,FALSE,NOT_FOR_ENFORCEMENT,9483.6071,484680.3568,9878.7574,9483.6071,395.1503,0.01770420,0.01699603,395.1503,9483.6071,0.01699603,395.1503,395.1503,395.1503,0.0000,0.0000,9483.6071,0.01699603,1185.4509,1138.6651,8693.3065,8740.0923,0.01557970,0.01566354,0.00070817,22.4534,20.6030,0.4031,82.3230,2.6463,4649.9123,204.2083,25.9152,21.1137,12.8578,14.5296,26.176,48.8436,54.2173,102.8621,13.088,0.0,3.731508,7.079487,1.545355,30,207,63,6,0.32204186,0.01770420,-0.00338982,0E-8,0.000000,0.904812,0.002133,0.03111404,2026-03-21,2026-08-06,120,3733,1703,139,0.863309,1.227414,1.154177,1.073473,,,,,,,,GLOBAL_BASELINE_NO_ENTITY_RANKING,,,NOT_APPLICABLE_GLOBAL_BASELINE,HF9g-P5,,,,X 全窗基线 · 不参与实体赏罚,15053546,1506,A168_HF9F_20260827_0900,2026-08-27 09:00:00
2026-07-03,127529701,2093,0,12.9088890610,-12.9088890610,-12.9088890610,0E-7,1,1,0.49324550000000000,0.493245500000,-0.9865810262130424,-0.9865810262130424,-0.9865810262130424,0E-17,ELIGIBLE,R03b_20260811_FULL_v1,L1_ELIGIBILITY,v2026-08-11,2026-03-21..2026-08-06,baccarat_bet02_101_all_pairs_incl_sentinel,round_win = game_pnl > 0 (decisive only),COMPATIBILITY_ONLY_NOT_PRODUCTION,557989.4742,504875.3716,9878.7574,24851,24505,-0.01770420,0.00338982,-0.02772422,-0.01770420,-9878.7574,557989.4742,OK,0.0000,395.1503,4.0000,96.0000,AG03-UNRESOLVED,ALL5_LEVELS_bet23_to_bet27,395.1503,395.1503,395.1503,0.0000,0.0000,4.000000,4.000000,4.000000,0.000000,0.000000,96.000000,96.000000,96.000000,100.000000,100.000000,5.0,1185.4509,1138.6651,8693.3065,8740.0923,PENDING_AG03,FALSE,NOT_FOR_ENFORCEMENT,9483.6071,484680.3568,9878.7574,9483.6071,395.1503,0.01770420,0.01699603,395.1503,9483.6071,0.01699603,395.1503,395.1503,395.1503,0.0000,0.0000,9483.6071,0.01699603,1185.4509,1138.6651,8693.3065,8740.0923,0.01557970,0.01566354,0.00070817,22.4534,20.6030,0.4031,82.3230,2.6463,4649.9123,204.2083,25.9152,21.1137,12.8578,14.5296,26.176,48.8436,54.2173,102.8621,13.088,0.0,3.731508,7.079487,1.545355,30,207,63,6,0.32204186,0.01770420,-0.00338982,0E-8,0.000000,0.904812,0.002133,0.03111404,2026-03-21,2026-08-06,120,3733,1703,139,0.863309,1.227414,1.154177,1.073473,,,,,,,,GLOBAL_BASELINE_NO_ENTITY_RANKING,,,NOT_APPLICABLE_GLOBAL_BASELINE,HF9g-P5,,,,X 全窗基线 · 不参与实体赏罚,15053547,1506,A168_HF9F_20260827_0900,2026-08-27 09:00:00
2026-07-03,127529701,2123,0,92.4276456768,-63.2277386208,-63.2277386208,0.3333333,3,3,0.50665070000000000,0.506650700000,-0.6004420894325239,-0.6004420894325239,-0.6004420894325239,0E-17,ELIGIBLE,R03b_20260811_FULL_v1,L1_ELIGIBILITY,v2026-08-11,2026-03-21..2026-08-06,baccarat_bet02_101_all_pairs_incl_sentinel,round_win = game_pnl > 0 (decisive only),COMPATIBILITY_ONLY_NOT_PRODUCTION,557989.4742,504875.3716,9878.7574,24851,24505,-0.01770420,0.00338982,-0.02772422,-0.01770420,-9878.7574,557989.4742,OK,0.0000,395.1503,4.0000,96.0000,AG03-UNRESOLVED,ALL5_LEVELS_bet23_to_bet27,395.1503,395.1503,395.1503,0.0000,0.0000,4.000000,4.000000,4.000000,0.000000,0.000000,96.000000,96.000000,96.000000,100.000000,100.000000,5.0,1185.4509,1138.6651,8693.3065,8740.0923,PENDING_AG03,FALSE,NOT_FOR_ENFORCEMENT,9483.6071,484680.3568,9878.7574,9483.6071,395.1503,0.01770420,0.01699603,395.1503,9483.6071,0.01699603,395.1503,395.1503,395.1503,0.0000,0.0000,9483.6071,0.01699603,1185.4509,1138.6651,8693.3065,8740.0923,0.01557970,0.01566354,0.00070817,22.4534,20.6030,0.4031,82.3230,2.6463,4649.9123,204.2083,25.9152,21.1137,12.8578,14.5296,26.176,48.8436,54.2173,102.8621,13.088,0.0,3.731508,7.079487,1.545355,30,207,63,6,0.32204186,0.01770420,-0.00338982,0E-8,0.000000,0.904812,0.002133,0.03111404,2026-03-21,2026-08-06,120,3733,1703,139,0.863309,1.227414,1.154177,1.073473,,,,,,,,GLOBAL_BASELINE_NO_ENTITY_RANKING,,,NOT_APPLICABLE_GLOBAL_BASELINE,HF9g-P5,,,,X 全窗基线 · 不参与实体赏罚,15053548,1506,A168_HF9F_20260827_0900,2026-08-27 09:00:00
2026-07-03,127529701,2127,0,229.7782252858,92.6858234580,92.6858234580,0.3750000,8,8,0.49827245000000000,0.498272450000,-0.6973384449544185,-0.6973384449544185,-0.6973384449544185,0E-17,ELIGIBLE,R03b_20260811_FULL_v1,L1_ELIGIBILITY,v2026-08-11,2026-03-21..2026-08-06,baccarat_bet02_101_all_pairs_incl_sentinel,round_win = game_pnl > 0 (decisive only),COMPATIBILITY_ONLY_NOT_PRODUCTION,557989.4742,504875.3716,9878.7574,24851,24505,-0.01770420,0.00338982,-0.02772422,-0.01770420,-9878.7574,557989.4742,OK,0.0000,395.1503,4.0000,96.0000,AG03-UNRESOLVED,ALL5_LEVELS_bet23_to_bet27,395.1503,395.1503,395.1503,0.0000,0.0000,4.000000,4.000000,4.000000,0.000000,0.000000,96.000000,96.000000,96.000000,100.000000,100.000000,5.0,1185.4509,1138.6651,8693.3065,8740.0923,PENDING_AG03,FALSE,NOT_FOR_ENFORCEMENT,9483.6071,484680.3568,9878.7574,9483.6071,395.1503,0.01770420,0.01699603,395.1503,9483.6071,0.01699603,395.1503,395.1503,395.1503,0.0000,0.0000,9483.6071,0.01699603,1185.4509,1138.6651,8693.3065,8740.0923,0.01557970,0.01566354,0.00070817,22.4534,20.6030,0.4031,82.3230,2.6463,4649.9123,204.2083,25.9152,21.1137,12.8578,14.5296,26.176,48.8436,54.2173,102.8621,13.088,0.0,3.731508,7.079487,1.545355,30,207,63,6,0.32204186,0.01770420,-0.00338982,0E-8,0.000000,0.904812,0.002133,0.03111404,2026-03-21,2026-08-06,120,3733,1703,139,0.863309,1.227414,1.154177,1.073473,,,,,,,,GLOBAL_BASELINE_NO_ENTITY_RANKING,,,NOT_APPLICABLE_GLOBAL_BASELINE,HF9g-P5,,,,X 全窗基线 · 不参与实体赏罚,15053549,1506,A168_HF9F_20260827_0900,2026-08-27 09:00:00
2026-07-03,127529701,2153,0,699.6617871062,-77.5178788111,-77.5178788111,0.4347826,25,25,0.50075241200000000,0.500752412000,-0.6327608409898334,-0.6327608409898334,-0.6327608409898334,0E-17,ELIGIBLE,R03b_20260811_FULL_v1,L1_ELIGIBILITY,v2026-08-11,2026-03-21..2026-08-06,baccarat_bet02_101_all_pairs_incl_sentinel,round_win = game_pnl > 0 (decisive only),COMPATIBILITY_ONLY_NOT_PRODUCTION,557989.4742,504875.3716,9878.7574,24851,24505,-0.01770420,0.00338982,-0.02772422,-0.01770420,-9878.7574,557989.4742,OK,0.0000,395.1503,4.0000,96.0000,AG03-UNRESOLVED,ALL5_LEVELS_bet23_to_bet27,395.1503,395.1503,395.1503,0.0000,0.0000,4.000000,4.000000,4.000000,0.000000,0.000000,96.000000,96.000000,96.000000,100.000000,100.000000,5.0,1185.4509,1138.6651,8693.3065,8740.0923,PENDING_AG03,FALSE,NOT_FOR_ENFORCEMENT,9483.6071,484680.3568,9878.7574,9483.6071,395.1503,0.01770420,0.01699603,395.1503,9483.6071,0.01699603,395.1503,395.1503,395.1503,0.0000,0.0000,9483.6071,0.01699603,1185.4509,1138.6651,8693.3065,8740.0923,0.01557970,0.01566354,0.00070817,22.4534,20.6030,0.4031,82.3230,2.6463,4649.9123,204.2083,25.9152,21.1137,12.8578,14.5296,26.176,48.8436,54.2173,102.8621,13.088,0.0,3.731508,7.079487,1.545355,30,207,63,6,0.32204186,0.01770420,-0.00338982,0E-8,0.000000,0.904812,0.002133,0.03111404,2026-03-21,2026-08-06,120,3733,1703,139,0.863309,1.227414,1.154177,1.073473,,,,,,,,GLOBAL_BASELINE_NO_ENTITY_RANKING,,,NOT_APPLICABLE_GLOBAL_BASELINE,HF9g-P5,,,,X 全窗基线 · 不参与实体赏罚,15053550,1506,A168_HF9F_20260827_0900,2026-08-27 09:00:00
2026-07-03,127529701,2170,0,42.0829783389,-29.1740892779,-29.1740892779,0E-7,2,2,0.50665070000000000,0.506650700000,-1.013391052207602,-1.013391052207602,-1.013391052207602,0E-17,ELIGIBLE,R03b_20260811_FULL_v1,L1_ELIGIBILITY,v2026-08-11,2026-03-21..2026-08-06,baccarat_bet02_101_all_pairs_incl_sentinel,round_win = game_pnl > 0 (decisive only),COMPATIBILITY_ONLY_NOT_PRODUCTION,557989.4742,504875.3716,9878.7574,24851,24505,-0.01770420,0.00338982,-0.02772422,-0.01770420,-9878.7574,557989.4742,OK,0.0000,395.1503,4.0000,96.0000,AG03-UNRESOLVED,ALL5_LEVELS_bet23_to_bet27,395.1503,395.1503,395.1503,0.0000,0.0000,4.000000,4.000000,4.000000,0.000000,0.000000,96.000000,96.000000,96.000000,100.000000,100.000000,5.0,1185.4509,1138.6651,8693.3065,8740.0923,PENDING_AG03,FALSE,NOT_FOR_ENFORCEMENT,9483.6071,484680.3568,9878.7574,9483.6071,395.1503,0.01770420,0.01699603,395.1503,9483.6071,0.01699603,395.1503,395.1503,395.1503,0.0000,0.0000,9483.6071,0.01699603,1185.4509,1138.6651,8693.3065,8740.0923,0.01557970,0.01566354,0.00070817,22.4534,20.6030,0.4031,82.3230,2.6463,4649.9123,204.2083,25.9152,21.1137,12.8578,14.5296,26.176,48.8436,54.2173,102.8621,13.088,0.0,3.731508,7.079487,1.545355,30,207,63,6,0.32204186,0.01770420,-0.00338982,0E-8,0.000000,0.904812,0.002133,0.03111404,2026-03-21,2026-08-06,120,3733,1703,139,0.863309,1.227414,1.154177,1.073473,,,,,,,,GLOBAL_BASELINE_NO_ENTITY_RANKING,,,NOT_APPLICABLE_GLOBAL_BASELINE,HF9g-P5,,,,X 全窗基线 · 不参与实体赏罚,15053551,1506,A168_HF9F_20260827_0900,2026-08-27 09:00:00
2026-07-03,127529701,2196,0,36.1448893708,-36.1448893708,-36.1448893708,0E-7,2,2,0.49994810000000000,0.499948100000,-1.4140667746232096,-1.4140667746232096,-1.4140667746232096,0E-17,ELIGIBLE,R03b_20260811_FULL_v1,L1_ELIGIBILITY,v2026-08-11,2026-03-21..2026-08-06,baccarat_bet02_101_all_pairs_incl_sentinel,round_win = game_pnl > 0 (decisive only),COMPATIBILITY_ONLY_NOT_PRODUCTION,557989.4742,504875.3716,9878.7574,24851,24505,-0.01770420,0.00338982,-0.02772422,-0.01770420,-9878.7574,557989.4742,OK,0.0000,395.1503,4.0000,96.0000,AG03-UNRESOLVED,ALL5_LEVELS_bet23_to_bet27,395.1503,395.1503,395.1503,0.0000,0.0000,4.000000,4.000000,4.000000,0.000000,0.000000,96.000000,96.000000,96.000000,100.000000,100.000000,5.0,1185.4509,1138.6651,8693.3065,8740.0923,PENDING_AG03,FALSE,NOT_FOR_ENFORCEMENT,9483.6071,484680.3568,9878.7574,9483.6071,395.1503,0.01770420,0.01699603,395.1503,9483.6071,0.01699603,395.1503,395.1503,395.1503,0.0000,0.0000,9483.6071,0.01699603,1185.4509,1138.6651,8693.3065,8740.0923,0.01557970,0.01566354,0.00070817,22.4534,20.6030,0.4031,82.3230,2.6463,4649.9123,204.2083,25.9152,21.1137,12.8578,14.5296,26.176,48.8436,54.2173,102.8621,13.088,0.0,3.731508,7.079487,1.545355,30,207,63,6,0.32204186,0.01770420,-0.00338982,0E-8,0.000000,0.904812,0.002133,0.03111404,2026-03-21,2026-08-06,120,3733,1703,139,0.863309,1.227414,1.154177,1.073473,,,,,,,,GLOBAL_BASELINE_NO_ENTITY_RANKING,,,NOT_APPLICABLE_GLOBAL_BASELINE,HF9g-P5,,,,X 全窗基线 · 不参与实体赏罚,15053552,1506,A168_HF9F_20260827_0900,2026-08-27 09:00:00
2026-07-03,127529701,2246,0,51.8937340252,-51.8937340252,-51.8937340252,0E-7,1,1,0.50665070000000000,0.506650700000,-1.013391052207602,-1.013391052207602,-1.013391052207602,0E-17,ELIGIBLE,R03b_20260811_FULL_v1,L1_ELIGIBILITY,v2026-08-11,2026-03-21..2026-08-06,baccarat_bet02_101_all_pairs_incl_sentinel,round_win = game_pnl > 0 (decisive only),COMPATIBILITY_ONLY_NOT_PRODUCTION,557989.4742,504875.3716,9878.7574,24851,24505,-0.01770420,0.00338982,-0.02772422,-0.01770420,-9878.7574,557989.4742,OK,0.0000,395.1503,4.0000,96.0000,AG03-UNRESOLVED,ALL5_LEVELS_bet23_to_bet27,395.1503,395.1503,395.1503,0.0000,0.0000,4.000000,4.000000,4.000000,0.000000,0.000000,96.000000,96.000000,96.000000,100.000000,100.000000,5.0,1185.4509,1138.6651,8693.3065,8740.0923,PENDING_AG03,FALSE,NOT_FOR_ENFORCEMENT,9483.6071,484680.3568,9878.7574,9483.6071,395.1503,0.01770420,0.01699603,395.1503,9483.6071,0.01699603,395.1503,395.1503,395.1503,0.0000,0.0000,9483.6071,0.01699603,1185.4509,1138.6651,8693.3065,8740.0923,0.01557970,0.01566354,0.00070817,22.4534,20.6030,0.4031,82.3230,2.6463,4649.9123,204.2083,25.9152,21.1137,12.8578,14.5296,26.176,48.8436,54.2173,102.8621,13.088,0.0,3.731508,7.079487,1.545355,30,207,63,6,0.32204186,0.01770420,-0.00338982,0E-8,0.000000,0.904812,0.002133,0.03111404,2026-03-21,2026-08-06,120,3733,1703,139,0.863309,1.227414,1.154177,1.073473,,,,,,,,GLOBAL_BASELINE_NO_ENTITY_RANKING,,,NOT_APPLICABLE_GLOBAL_BASELINE,HF9g-P5,,,,X 全窗基线 · 不参与实体赏罚,15053553,1506,A168_HF9F_20260827_0900,2026-08-27 09:00:00
2026-07-03,127529701,2267,0,428.5751168252,39.7593783081,39.7593783081,0.5000000,21,21,0.49962892857142857,0.499628928571,0.003318964669177902,0.0033189646730111527,0.003318964669177902,4.2857E-13,ELIGIBLE,R03b_20260811_FULL_v1,L1_ELIGIBILITY,v2026-08-11,2026-03-21..2026-08-06,baccarat_bet02_101_all_pairs_incl_sentinel,round_win = game_pnl > 0 (decisive only),COMPATIBILITY_ONLY_NOT_PRODUCTION,557989.4742,504875.3716,9878.7574,24851,24505,-0.01770420,0.00338982,-0.02772422,-0.01770420,-9878.7574,557989.4742,OK,0.0000,395.1503,4.0000,96.0000,AG03-UNRESOLVED,ALL5_LEVELS_bet23_to_bet27,395.1503,395.1503,395.1503,0.0000,0.0000,4.000000,4.000000,4.000000,0.000000,0.000000,96.000000,96.000000,96.000000,100.000000,100.000000,5.0,1185.4509,1138.6651,8693.3065,8740.0923,PENDING_AG03,FALSE,NOT_FOR_ENFORCEMENT,9483.6071,484680.3568,9878.7574,9483.6071,395.1503,0.01770420,0.01699603,395.1503,9483.6071,0.01699603,395.1503,395.1503,395.1503,0.0000,0.0000,9483.6071,0.01699603,1185.4509,1138.6651,8693.3065,8740.0923,0.01557970,0.01566354,0.00070817,22.4534,20.6030,0.4031,82.3230,2.6463,4649.9123,204.2083,25.9152,21.1137,12.8578,14.5296,26.176,48.8436,54.2173,102.8621,13.088,0.0,3.731508,7.079487,1.545355,30,207,63,6,0.32204186,0.01770420,-0.00338982,0E-8,0.000000,0.904812,0.002133,0.03111404,2026-03-21,2026-08-06,120,3733,1703,139,0.863309,1.227414,1.154177,1.073473,,,,,,,,GLOBAL_BASELINE_NO_ENTITY_RANKING,,,NOT_APPLICABLE_GLOBAL_BASELINE,HF9g-P5,,,,X 全窗基线 · 不参与实体赏罚,15053554,1506,A168_HF9F_20260827_0900,2026-08-27 09:00:00
2026-07-03,127529701,2271,0,51.6355562440,-51.6355562440,-51.6355562440,0E-7,2,2,0.50665070000000000,0.506650700000,-1.4331513700195317,-1.4331513700195317,-1.4331513700195317,0E-17,ELIGIBLE,R03b_20260811_FULL_v1,L1_ELIGIBILITY,v2026-08-11,2026-03-21..2026-08-06,baccarat_bet02_101_all_pairs_incl_sentinel,round_win = game_pnl > 0 (decisive only),COMPATIBILITY_ONLY_NOT_PRODUCTION,557989.4742,504875.3716,9878.7574,24851,24505,-0.01770420,0.00338982,-0.02772422,-0.01770420,-9878.7574,557989.4742,OK,0.0000,395.1503,4.0000,96.0000,AG03-UNRESOLVED,ALL5_LEVELS_bet23_to_bet27,395.1503,395.1503,395.1503,0.0000,0.0000,4.000000,4.000000,4.000000,0.000000,0.000000,96.000000,96.000000,96.000000,100.000000,100.000000,5.0,1185.4509,1138.6651,8693.3065,8740.0923,PENDING_AG03,FALSE,NOT_FOR_ENFORCEMENT,9483.6071,484680.3568,9878.7574,9483.6071,395.1503,0.01770420,0.01699603,395.1503,9483.6071,0.01699603,395.1503,395.1503,395.1503,0.0000,0.0000,9483.6071,0.01699603,1185.4509,1138.6651,8693.3065,8740.0923,0.01557970,0.01566354,0.00070817,22.4534,20.6030,0.4031,82.3230,2.6463,4649.9123,204.2083,25.9152,21.1137,12.8578,14.5296,26.176,48.8436,54.2173,102.8621,13.088,0.0,3.731508,7.079487,1.545355,30,207,63,6,0.32204186,0.01770420,-0.00338982,0E-8,0.000000,0.904812,0.002133,0.03111404,2026-03-21,2026-08-06,120,3733,1703,139,0.863309,1.227414,1.154177,1.073473,,,,,,,,GLOBAL_BASELINE_NO_ENTITY_RANKING,,,NOT_APPLICABLE_GLOBAL_BASELINE,HF9g-P5,,,,X 全窗基线 · 不参与实体赏罚,15053555,1506,A168_HF9F_20260827_0900,2026-08-27 09:00:00
2026-07-03,127529701,2281,0,16.7815557793,0E-10,0E-10,,2,2,0.49994810000000000,0.499948100000,,,,0E-17,NO_DECISIVE_ROUND,R03b_20260811_FULL_v1,L1_ELIGIBILITY,v2026-08-11,2026-03-21..2026-08-06,baccarat_bet02_101_all_pairs_incl_sentinel,round_win = game_pnl > 0 (decisive only),COMPATIBILITY_ONLY_NOT_PRODUCTION,557989.4742,504875.3716,9878.7574,24851,24505,-0.01770420,0.00338982,-0.02772422,-0.01770420,-9878.7574,557989.4742,OK,0.0000,395.1503,4.0000,96.0000,AG03-UNRESOLVED,ALL5_LEVELS_bet23_to_bet27,395.1503,395.1503,395.1503,0.0000,0.0000,4.000000,4.000000,4.000000,0.000000,0.000000,96.000000,96.000000,96.000000,100.000000,100.000000,5.0,1185.4509,1138.6651,8693.3065,8740.0923,PENDING_AG03,FALSE,NOT_FOR_ENFORCEMENT,9483.6071,484680.3568,9878.7574,9483.6071,395.1503,0.01770420,0.01699603,395.1503,9483.6071,0.01699603,395.1503,395.1503,395.1503,0.0000,0.0000,9483.6071,0.01699603,1185.4509,1138.6651,8693.3065,8740.0923,0.01557970,0.01566354,0.00070817,22.4534,20.6030,0.4031,82.3230,2.6463,4649.9123,204.2083,25.9152,21.1137,12.8578,14.5296,26.176,48.8436,54.2173,102.8621,13.088,0.0,3.731508,7.079487,1.545355,30,207,63,6,0.32204186,0.01770420,-0.00338982,0E-8,0.000000,0.904812,0.002133,0.03111404,2026-03-21,2026-08-06,120,3733,1703,139,0.863309,1.227414,1.154177,1.073473,,,,,,,,GLOBAL_BASELINE_NO_ENTITY_RANKING,,,NOT_APPLICABLE_GLOBAL_BASELINE,HF9g-P5,,,,X 全窗基线 · 不参与实体赏罚,15053556,1506,A168_HF9F_20260827_0900,2026-08-27 09:00:00
2026-07-03,127529701,763,0,367.9033382385,90.2073167584,90.2073167584,0.5833333,12,12,0.49994810000000000,0.499948100000,0.577709846049527,0.577709846049527,0.577709846049527,0E-17,ELIGIBLE,R03b_20260811_FULL_v1,L1_ELIGIBILITY,v2026-08-11,2026-03-21..2026-08-06,baccarat_bet02_101_all_pairs_incl_sentinel,round_win = game_pnl > 0 (decisive only),COMPATIBILITY_ONLY_NOT_PRODUCTION,557989.4742,504875.3716,9878.7574,24851,24505,-0.01770420,0.00338982,-0.02772422,-0.01770420,-9878.7574,557989.4742,OK,0.0000,395.1503,4.0000,96.0000,AG03-UNRESOLVED,ALL5_LEVELS_bet23_to_bet27,395.1503,395.1503,395.1503,0.0000,0.0000,4.000000,4.000000,4.000000,0.000000,0.000000,96.000000,96.000000,96.000000,100.000000,100.000000,5.0,1185.4509,1138.6651,8693.3065,8740.0923,PENDING_AG03,FALSE,NOT_FOR_ENFORCEMENT,9483.6071,484680.3568,9878.7574,9483.6071,395.1503,0.01770420,0.01699603,395.1503,9483.6071,0.01699603,395.1503,395.1503,395.1503,0.0000,0.0000,9483.6071,0.01699603,1185.4509,1138.6651,8693.3065,8740.0923,0.01557970,0.01566354,0.00070817,22.4534,20.6030,0.4031,82.3230,2.6463,4649.9123,204.2083,25.9152,21.1137,12.8578,14.5296,26.176,48.8436,54.2173,102.8621,13.088,0.0,3.731508,7.079487,1.545355,30,207,63,6,0.32204186,0.01770420,-0.00338982,0E-8,0.000000,0.904812,0.002133,0.03111404,2026-03-21,2026-08-06,120,3733,1703,139,0.863309,1.227414,1.154177,1.073473,,,,,,,,GLOBAL_BASELINE_NO_ENTITY_RANKING,,,NOT_APPLICABLE_GLOBAL_BASELINE,HF9g-P5,,,,X 全窗基线 · 不参与实体赏罚,15053557,1506,A168_HF9F_20260827_0900,2026-08-27 09:00:00
2026-07-03,127529701,919,0,80.0351121782,-80.0351121782,-80.0351121782,0E-7,2,2,0.50665070000000000,0.506650700000,-1.4331513700195317,-1.4331513700195317,-1.4331513700195317,0E-17,ELIGIBLE,R03b_20260811_FULL_v1,L1_ELIGIBILITY,v2026-08-11,2026-03-21..2026-08-06,baccarat_bet02_101_all_pairs_incl_sentinel,round_win = game_pnl > 0 (decisive only),COMPATIBILITY_ONLY_NOT_PRODUCTION,557989.4742,504875.3716,9878.7574,24851,24505,-0.01770420,0.00338982,-0.02772422,-0.01770420,-9878.7574,557989.4742,OK,0.0000,395.1503,4.0000,96.0000,AG03-UNRESOLVED,ALL5_LEVELS_bet23_to_bet27,395.1503,395.1503,395.1503,0.0000,0.0000,4.000000,4.000000,4.000000,0.000000,0.000000,96.000000,96.000000,96.000000,100.000000,100.000000,5.0,1185.4509,1138.6651,8693.3065,8740.0923,PENDING_AG03,FALSE,NOT_FOR_ENFORCEMENT,9483.6071,484680.3568,9878.7574,9483.6071,395.1503,0.01770420,0.01699603,395.1503,9483.6071,0.01699603,395.1503,395.1503,395.1503,0.0000,0.0000,9483.6071,0.01699603,1185.4509,1138.6651,8693.3065,8740.0923,0.01557970,0.01566354,0.00070817,22.4534,20.6030,0.4031,82.3230,2.6463,4649.9123,204.2083,25.9152,21.1137,12.8578,14.5296,26.176,48.8436,54.2173,102.8621,13.088,0.0,3.731508,7.079487,1.545355,30,207,63,6,0.32204186,0.01770420,-0.00338982,0E-8,0.000000,0.904812,0.002133,0.03111404,2026-03-21,2026-08-06,120,3733,1703,139,0.863309,1.227414,1.154177,1.073473,,,,,,,,GLOBAL_BASELINE_NO_ENTITY_RANKING,,,NOT_APPLICABLE_GLOBAL_BASELINE,HF9g-P5,,,,X 全窗基线 · 不参与实体赏罚,15053558,1506,A168_HF9F_20260827_0900,2026-08-27 09:00:00
2026-07-03,127529701,987,0,77.4533343660,-13.5543335140,-13.5543335140,0.5000000,5,5,0.50128862000000000,0.501288620000,-0.0051544971185412255,-0.0051544971185412255,-0.0051544971185412255,0E-17,ELIGIBLE,R03b_20260811_FULL_v1,L1_ELIGIBILITY,v2026-08-11,2026-03-21..2026-08-06,baccarat_bet02_101_all_pairs_incl_sentinel,round_win = game_pnl > 0 (decisive only),COMPATIBILITY_ONLY_NOT_PRODUCTION,557989.4742,504875.3716,9878.7574,24851,24505,-0.01770420,0.00338982,-0.02772422,-0.01770420,-9878.7574,557989.4742,OK,0.0000,395.1503,4.0000,96.0000,AG03-UNRESOLVED,ALL5_LEVELS_bet23_to_bet27,395.1503,395.1503,395.1503,0.0000,0.0000,4.000000,4.000000,4.000000,0.000000,0.000000,96.000000,96.000000,96.000000,100.000000,100.000000,5.0,1185.4509,1138.6651,8693.3065,8740.0923,PENDING_AG03,FALSE,NOT_FOR_ENFORCEMENT,9483.6071,484680.3568,9878.7574,9483.6071,395.1503,0.01770420,0.01699603,395.1503,9483.6071,0.01699603,395.1503,395.1503,395.1503,0.0000,0.0000,9483.6071,0.01699603,1185.4509,1138.6651,8693.3065,8740.0923,0.01557970,0.01566354,0.00070817,22.4534,20.6030,0.4031,82.3230,2.6463,4649.9123,204.2083,25.9152,21.1137,12.8578,14.5296,26.176,48.8436,54.2173,102.8621,13.088,0.0,3.731508,7.079487,1.545355,30,207,63,6,0.32204186,0.01770420,-0.00338982,0E-8,0.000000,0.904812,0.002133,0.03111404,2026-03-21,2026-08-06,120,3733,1703,139,0.863309,1.227414,1.154177,1.073473,,,,,,,,GLOBAL_BASELINE_NO_ENTITY_RANKING,,,NOT_APPLICABLE_GLOBAL_BASELINE,HF9g-P5,,,,X 全窗基线 · 不参与实体赏罚,15053559,1506,A168_HF9F_20260827_0900,2026-08-27 09:00:00
2026-07-04,127529701,-1,1,3076.4464410180,364.8955670877,364.8955670877,0.6145833,104,104,0.50020589230769231,0.500205892308,2.2413311388121886,2.2413311388061596,2.2413311388121886,-3.0769E-13,SENTINEL_DEALER,R03b_20260811_FULL_v1,L1_ELIGIBILITY,v2026-08-11,2026-03-21..2026-08-06,baccarat_bet02_101_all_pairs_incl_sentinel,round_win = game_pnl > 0 (decisive only),COMPATIBILITY_ONLY_NOT_PRODUCTION,557989.4742,504875.3716,9878.7574,24851,24505,-0.01770420,0.00338982,-0.02772422,-0.01770420,-9878.7574,557989.4742,OK,0.0000,395.1503,4.0000,96.0000,AG03-UNRESOLVED,ALL5_LEVELS_bet23_to_bet27,395.1503,395.1503,395.1503,0.0000,0.0000,4.000000,4.000000,4.000000,0.000000,0.000000,96.000000,96.000000,96.000000,100.000000,100.000000,5.0,1185.4509,1138.6651,8693.3065,8740.0923,PENDING_AG03,FALSE,NOT_FOR_ENFORCEMENT,9483.6071,484680.3568,9878.7574,9483.6071,395.1503,0.01770420,0.01699603,395.1503,9483.6071,0.01699603,395.1503,395.1503,395.1503,0.0000,0.0000,9483.6071,0.01699603,1185.4509,1138.6651,8693.3065,8740.0923,0.01557970,0.01566354,0.00070817,22.4534,20.6030,0.4031,82.3230,2.6463,4649.9123,204.2083,25.9152,21.1137,12.8578,14.5296,26.176,48.8436,54.2173,102.8621,13.088,0.0,3.731508,7.079487,1.545355,30,207,63,6,0.32204186,0.01770420,-0.00338982,0E-8,0.000000,0.904812,0.002133,0.03111404,2026-03-21,2026-08-06,120,3733,1703,139,0.863309,1.227414,1.154177,1.073473,,,,,,,,GLOBAL_BASELINE_NO_ENTITY_RANKING,,,NOT_APPLICABLE_GLOBAL_BASELINE,HF9g-P5,,,,X 全窗基线 · 不参与实体赏罚,15053560,1506,A168_HF9F_20260827_0900,2026-08-27 09:00:00
2026-07-04,127529701,1109,0,80.0351121782,41.6957116671,41.6957116671,1.0000000,2,2,0.49994810000000000,0.499948100000,1.0001038053877793,1.0001038053877793,1.0001038053877793,0E-17,ELIGIBLE,R03b_20260811_FULL_v1,L1_ELIGIBILITY,v2026-08-11,2026-03-21..2026-08-06,baccarat_bet02_101_all_pairs_incl_sentinel,round_win = game_pnl > 0 (decisive only),COMPATIBILITY_ONLY_NOT_PRODUCTION,557989.4742,504875.3716,9878.7574,24851,24505,-0.01770420,0.00338982,-0.02772422,-0.01770420,-9878.7574,557989.4742,OK,0.0000,395.1503,4.0000,96.0000,AG03-UNRESOLVED,ALL5_LEVELS_bet23_to_bet27,395.1503,395.1503,395.1503,0.0000,0.0000,4.000000,4.000000,4.000000,0.000000,0.000000,96.000000,96.000000,96.000000,100.000000,100.000000,5.0,1185.4509,1138.6651,8693.3065,8740.0923,PENDING_AG03,FALSE,NOT_FOR_ENFORCEMENT,9483.6071,484680.3568,9878.7574,9483.6071,395.1503,0.01770420,0.01699603,395.1503,9483.6071,0.01699603,395.1503,395.1503,395.1503,0.0000,0.0000,9483.6071,0.01699603,1185.4509,1138.6651,8693.3065,8740.0923,0.01557970,0.01566354,0.00070817,22.4534,20.6030,0.4031,82.3230,2.6463,4649.9123,204.2083,25.9152,21.1137,12.8578,14.5296,26.176,48.8436,54.2173,102.8621,13.088,0.0,3.731508,7.079487,1.545355,30,207,63,6,0.32204186,0.01770420,-0.00338982,0E-8,0.000000,0.904812,0.002133,0.03111404,2026-03-21,2026-08-06,120,3733,1703,139,0.863309,1.227414,1.154177,1.073473,,,,,,,,GLOBAL_BASELINE_NO_ENTITY_RANKING,,,NOT_APPLICABLE_GLOBAL_BASELINE,HF9g-P5,,,,X 全窗基线 · 不参与实体赏罚,15053561,1506,A168_HF9F_20260827_0900,2026-08-27 09:00:00
2026-07-04,127529701,1115,0,117.2127126739,42.7284227919,42.7284227919,0.7500000,5,5,0.49860758000000000,0.498607580000,1.005573579286957,1.005573579286957,1.005573579286957,0E-17,ELIGIBLE,R03b_20260811_FULL_v1,L1_ELIGIBILITY,v2026-08-11,2026-03-21..2026-08-06,baccarat_bet02_101_all_pairs_incl_sentinel,round_win = game_pnl > 0 (decisive only),COMPATIBILITY_ONLY_NOT_PRODUCTION,557989.4742,504875.3716,9878.7574,24851,24505,-0.01770420,0.00338982,-0.02772422,-0.01770420,-9878.7574,557989.4742,OK,0.0000,395.1503,4.0000,96.0000,AG03-UNRESOLVED,ALL5_LEVELS_bet23_to_bet27,395.1503,395.1503,395.1503,0.0000,0.0000,4.000000,4.000000,4.000000,0.000000,0.000000,96.000000,96.000000,96.000000,100.000000,100.000000,5.0,1185.4509,1138.6651,8693.3065,8740.0923,PENDING_AG03,FALSE,NOT_FOR_ENFORCEMENT,9483.6071,484680.3568,9878.7574,9483.6071,395.1503,0.01770420,0.01699603,395.1503,9483.6071,0.01699603,395.1503,395.1503,395.1503,0.0000,0.0000,9483.6071,0.01699603,1185.4509,1138.6651,8693.3065,8740.0923,0.01557970,0.01566354,0.00070817,22.4534,20.6030,0.4031,82.3230,2.6463,4649.9123,204.2083,25.9152,21.1137,12.8578,14.5296,26.176,48.8436,54.2173,102.8621,13.088,0.0,3.731508,7.079487,1.545355,30,207,63,6,0.32204186,0.01770420,-0.00338982,0E-8,0.000000,0.904812,0.002133,0.03111404,2026-03-21,2026-08-06,120,3733,1703,139,0.863309,1.227414,1.154177,1.073473,,,,,,,,GLOBAL_BASELINE_NO_ENTITY_RANKING,,,NOT_APPLICABLE_GLOBAL_BASELINE,HF9g-P5,,,,X 全窗基线 · 不参与实体赏罚,15053562,1506,A168_HF9F_20260827_0900,2026-08-27 09:00:00
2026-07-04,127529701,1157,0,466.2690728833,14.5095913046,14.5095913046,0.4285714,16,16,0.49994810000000000,0.499948100000,-0.5341341026655996,-0.5341341026655996,-0.5341341026655996,0E-17,ELIGIBLE,R03b_20260811_FULL_v1,L1_ELIGIBILITY,v2026-08-11,2026-03-21..2026-08-06,baccarat_bet02_101_all_pairs_incl_sentinel,round_win = game_pnl > 0 (decisive only),COMPATIBILITY_ONLY_NOT_PRODUCTION,557989.4742,504875.3716,9878.7574,24851,24505,-0.01770420,0.00338982,-0.02772422,-0.01770420,-9878.7574,557989.4742,OK,0.0000,395.1503,4.0000,96.0000,AG03-UNRESOLVED,ALL5_LEVELS_bet23_to_bet27,395.1503,395.1503,395.1503,0.0000,0.0000,4.000000,4.000000,4.000000,0.000000,0.000000,96.000000,96.000000,96.000000,100.000000,100.000000,5.0,1185.4509,1138.6651,8693.3065,8740.0923,PENDING_AG03,FALSE,NOT_FOR_ENFORCEMENT,9483.6071,484680.3568,9878.7574,9483.6071,395.1503,0.01770420,0.01699603,395.1503,9483.6071,0.01699603,395.1503,395.1503,395.1503,0.0000,0.0000,9483.6071,0.01699603,1185.4509,1138.6651,8693.3065,8740.0923,0.01557970,0.01566354,0.00070817,22.4534,20.6030,0.4031,82.3230,2.6463,4649.9123,204.2083,25.9152,21.1137,12.8578,14.5296,26.176,48.8436,54.2173,102.8621,13.088,0.0,3.731508,7.079487,1.545355,30,207,63,6,0.32204186,0.01770420,-0.00338982,0E-8,0.000000,0.904812,0.002133,0.03111404,2026-03-21,2026-08-06,120,3733,1703,139,0.863309,1.227414,1.154177,1.073473,,,,,,,,GLOBAL_BASELINE_NO_ENTITY_RANKING,,,NOT_APPLICABLE_GLOBAL_BASELINE,HF9g-P5,,,,X 全窗基线 · 不参与实体赏罚,15053563,1506,A168_HF9F_20260827_0900,2026-08-27 09:00:00
2026-07-04,127529701,1210,0,281.4137815299,-124.4416905481,-124.4416905481,0.3750000,9,9,0.50069283333333333,0.500692833333,-0.7110267209840203,-0.7110267209821342,-0.7110267209840203,3.3333E-13,ELIGIBLE,R03b_20260811_FULL_v1,L1_ELIGIBILITY,v2026-08-11,2026-03-21..2026-08-06,baccarat_bet02_101_all_pairs_incl_sentinel,round_win = game_pnl > 0 (decisive only),COMPATIBILITY_ONLY_NOT_PRODUCTION,557989.4742,504875.3716,9878.7574,24851,24505,-0.01770420,0.00338982,-0.02772422,-0.01770420,-9878.7574,557989.4742,OK,0.0000,395.1503,4.0000,96.0000,AG03-UNRESOLVED,ALL5_LEVELS_bet23_to_bet27,395.1503,395.1503,395.1503,0.0000,0.0000,4.000000,4.000000,4.000000,0.000000,0.000000,96.000000,96.000000,96.000000,100.000000,100.000000,5.0,1185.4509,1138.6651,8693.3065,8740.0923,PENDING_AG03,FALSE,NOT_FOR_ENFORCEMENT,9483.6071,484680.3568,9878.7574,9483.6071,395.1503,0.01770420,0.01699603,395.1503,9483.6071,0.01699603,395.1503,395.1503,395.1503,0.0000,0.0000,9483.6071,0.01699603,1185.4509,1138.6651,8693.3065,8740.0923,0.01557970,0.01566354,0.00070817,22.4534,20.6030,0.4031,82.3230,2.6463,4649.9123,204.2083,25.9152,21.1137,12.8578,14.5296,26.176,48.8436,54.2173,102.8621,13.088,0.0,3.731508,7.079487,1.545355,30,207,63,6,0.32204186,0.01770420,-0.00338982,0E-8,0.000000,0.904812,0.002133,0.03111404,2026-03-21,2026-08-06,120,3733,1703,139,0.863309,1.227414,1.154177,1.073473,,,,,,,,GLOBAL_BASELINE_NO_ENTITY_RANKING,,,NOT_APPLICABLE_GLOBAL_BASELINE,HF9g-P5,,,,X 全窗基线 · 不参与实体赏罚,15053564,1506,A168_HF9F_20260827_0900,2026-08-27 09:00:00
2026-07-04,127529701,1307,0,1004.3115689460,49.9832184443,49.9832184443,0.5588235,38,38,0.49853702631578947,0.498537026316,0.7030584084291643,0.7030584084267081,0.7030584084291643,-2.1053E-13,ELIGIBLE,R03b_20260811_FULL_v1,L1_ELIGIBILITY,v2026-08-11,2026-03-21..2026-08-06,baccarat_bet02_101_all_pairs_incl_sentinel,round_win = game_pnl > 0 (decisive only),COMPATIBILITY_ONLY_NOT_PRODUCTION,557989.4742,504875.3716,9878.7574,24851,24505,-0.01770420,0.00338982,-0.02772422,-0.01770420,-9878.7574,557989.4742,OK,0.0000,395.1503,4.0000,96.0000,AG03-UNRESOLVED,ALL5_LEVELS_bet23_to_bet27,395.1503,395.1503,395.1503,0.0000,0.0000,4.000000,4.000000,4.000000,0.000000,0.000000,96.000000,96.000000,96.000000,100.000000,100.000000,5.0,1185.4509,1138.6651,8693.3065,8740.0923,PENDING_AG03,FALSE,NOT_FOR_ENFORCEMENT,9483.6071,484680.3568,9878.7574,9483.6071,395.1503,0.01770420,0.01699603,395.1503,9483.6071,0.01699603,395.1503,395.1503,395.1503,0.0000,0.0000,9483.6071,0.01699603,1185.4509,1138.6651,8693.3065,8740.0923,0.01557970,0.01566354,0.00070817,22.4534,20.6030,0.4031,82.3230,2.6463,4649.9123,204.2083,25.9152,21.1137,12.8578,14.5296,26.176,48.8436,54.2173,102.8621,13.088,0.0,3.731508,7.079487,1.545355,30,207,63,6,0.32204186,0.01770420,-0.00338982,0E-8,0.000000,0.904812,0.002133,0.03111404,2026-03-21,2026-08-06,120,3733,1703,139,0.863309,1.227414,1.154177,1.073473,,,,,,,,GLOBAL_BASELINE_NO_ENTITY_RANKING,,,NOT_APPLICABLE_GLOBAL_BASELINE,HF9g-P5,,,,X 全窗基线 · 不参与实体赏罚,15053565,1506,A168_HF9F_20260827_0900,2026-08-27 09:00:00
2026-07-04,127529701,1331,0,566.9584075591,-53.0684429295,-53.0684429295,0.4736842,21,21,0.50026727142857143,0.500267271429,-0.23174578527490586,-0.23174578527864215,-0.23174578527490586,-4.2857E-13,ELIGIBLE,R03b_20260811_FULL_v1,L1_ELIGIBILITY,v2026-08-11,2026-03-21..2026-08-06,baccarat_bet02_101_all_pairs_incl_sentinel,round_win = game_pnl > 0 (decisive only),COMPATIBILITY_ONLY_NOT_PRODUCTION,557989.4742,504875.3716,9878.7574,24851,24505,-0.01770420,0.00338982,-0.02772422,-0.01770420,-9878.7574,557989.4742,OK,0.0000,395.1503,4.0000,96.0000,AG03-UNRESOLVED,ALL5_LEVELS_bet23_to_bet27,395.1503,395.1503,395.1503,0.0000,0.0000,4.000000,4.000000,4.000000,0.000000,0.000000,96.000000,96.000000,96.000000,100.000000,100.000000,5.0,1185.4509,1138.6651,8693.3065,8740.0923,PENDING_AG03,FALSE,NOT_FOR_ENFORCEMENT,9483.6071,484680.3568,9878.7574,9483.6071,395.1503,0.01770420,0.01699603,395.1503,9483.6071,0.01699603,395.1503,395.1503,395.1503,0.0000,0.0000,9483.6071,0.01699603,1185.4509,1138.6651,8693.3065,8740.0923,0.01557970,0.01566354,0.00070817,22.4534,20.6030,0.4031,82.3230,2.6463,4649.9123,204.2083,25.9152,21.1137,12.8578,14.5296,26.176,48.8436,54.2173,102.8621,13.088,0.0,3.731508,7.079487,1.545355,30,207,63,6,0.32204186,0.01770420,-0.00338982,0E-8,0.000000,0.904812,0.002133,0.03111404,2026-03-21,2026-08-06,120,3733,1703,139,0.863309,1.227414,1.154177,1.073473,,,,,,,,GLOBAL_BASELINE_NO_ENTITY_RANKING,,,NOT_APPLICABLE_GLOBAL_BASELINE,HF9g-P5,,,,X 全窗基线 · 不参与实体赏罚,15053566,1506,A168_HF9F_20260827_0900,2026-08-27 09:00:00
2026-07-04,127529701,1353,0,258.1777812200,-47.3756228538,-47.3756228538,0.6666667,10,10,0.49994810000000000,0.499948100000,1.0003114053888977,1.0003114053888977,1.0003114053888977,0E-17,ELIGIBLE,R03b_20260811_FULL_v1,L1_ELIGIBILITY,v2026-08-11,2026-03-21..2026-08-06,baccarat_bet02_101_all_pairs_incl_sentinel,round_win = game_pnl > 0 (decisive only),COMPATIBILITY_ONLY_NOT_PRODUCTION,557989.4742,504875.3716,9878.7574,24851,24505,-0.01770420,0.00338982,-0.02772422,-0.01770420,-9878.7574,557989.4742,OK,0.0000,395.1503,4.0000,96.0000,AG03-UNRESOLVED,ALL5_LEVELS_bet23_to_bet27,395.1503,395.1503,395.1503,0.0000,0.0000,4.000000,4.000000,4.000000,0.000000,0.000000,96.000000,96.000000,96.000000,100.000000,100.000000,5.0,1185.4509,1138.6651,8693.3065,8740.0923,PENDING_AG03,FALSE,NOT_FOR_ENFORCEMENT,9483.6071,484680.3568,9878.7574,9483.6071,395.1503,0.01770420,0.01699603,395.1503,9483.6071,0.01699603,395.1503,395.1503,395.1503,0.0000,0.0000,9483.6071,0.01699603,1185.4509,1138.6651,8693.3065,8740.0923,0.01557970,0.01566354,0.00070817,22.4534,20.6030,0.4031,82.3230,2.6463,4649.9123,204.2083,25.9152,21.1137,12.8578,14.5296,26.176,48.8436,54.2173,102.8621,13.088,0.0,3.731508,7.079487,1.545355,30,207,63,6,0.32204186,0.01770420,-0.00338982,0E-8,0.000000,0.904812,0.002133,0.03111404,2026-03-21,2026-08-06,120,3733,1703,139,0.863309,1.227414,1.154177,1.073473,,,,,,,,GLOBAL_BASELINE_NO_ENTITY_RANKING,,,NOT_APPLICABLE_GLOBAL_BASELINE,HF9g-P5,,,,X 全窗基线 · 不参与实体赏罚,15053567,1506,A168_HF9F_20260827_0900,2026-08-27 09:00:00
2026-07-04,127529701,1384,0,12.9088890610,12.2634446080,12.2634446080,1.0000000,1,1,0.50665070000000000,0.506650700000,0.9867858985152569,0.9867858985152569,0.9867858985152569,0E-17,ELIGIBLE,R03b_20260811_FULL_v1,L1_ELIGIBILITY,v2026-08-11,2026-03-21..2026-08-06,baccarat_bet02_101_all_pairs_incl_sentinel,round_win = game_pnl > 0 (decisive only),COMPATIBILITY_ONLY_NOT_PRODUCTION,557989.4742,504875.3716,9878.7574,24851,24505,-0.01770420,0.00338982,-0.02772422,-0.01770420,-9878.7574,557989.4742,OK,0.0000,395.1503,4.0000,96.0000,AG03-UNRESOLVED,ALL5_LEVELS_bet23_to_bet27,395.1503,395.1503,395.1503,0.0000,0.0000,4.000000,4.000000,4.000000,0.000000,0.000000,96.000000,96.000000,96.000000,100.000000,100.000000,5.0,1185.4509,1138.6651,8693.3065,8740.0923,PENDING_AG03,FALSE,NOT_FOR_ENFORCEMENT,9483.6071,484680.3568,9878.7574,9483.6071,395.1503,0.01770420,0.01699603,395.1503,9483.6071,0.01699603,395.1503,395.1503,395.1503,0.0000,0.0000,9483.6071,0.01699603,1185.4509,1138.6651,8693.3065,8740.0923,0.01557970,0.01566354,0.00070817,22.4534,20.6030,0.4031,82.3230,2.6463,4649.9123,204.2083,25.9152,21.1137,12.8578,14.5296,26.176,48.8436,54.2173,102.8621,13.088,0.0,3.731508,7.079487,1.545355,30,207,63,6,0.32204186,0.01770420,-0.00338982,0E-8,0.000000,0.904812,0.002133,0.03111404,2026-03-21,2026-08-06,120,3733,1703,139,0.863309,1.227414,1.154177,1.073473,,,,,,,,GLOBAL_BASELINE_NO_ENTITY_RANKING,,,NOT_APPLICABLE_GLOBAL_BASELINE,HF9g-P5,,,,X 全窗基线 · 不参与实体赏罚,15053568,1506,A168_HF9F_20260827_0900,2026-08-27 09:00:00
2026-07-04,127529701,1505,0,264.8904035319,-71.2312498385,-71.2312498385,0.5555556,9,9,0.49920336666666667,0.499203366667,0.33811356248402014,0.33811356248201985,0.33811356248402014,-3.3333E-13,ELIGIBLE,R03b_20260811_FULL_v1,L1_ELIGIBILITY,v2026-08-11,2026-03-21..2026-08-06,baccarat_bet02_101_all_pairs_incl_sentinel,round_win = game_pnl > 0 (decisive only),COMPATIBILITY_ONLY_NOT_PRODUCTION,557989.4742,504875.3716,9878.7574,24851,24505,-0.01770420,0.00338982,-0.02772422,-0.01770420,-9878.7574,557989.4742,OK,0.0000,395.1503,4.0000,96.0000,AG03-UNRESOLVED,ALL5_LEVELS_bet23_to_bet27,395.1503,395.1503,395.1503,0.0000,0.0000,4.000000,4.000000,4.000000,0.000000,0.000000,96.000000,96.000000,96.000000,100.000000,100.000000,5.0,1185.4509,1138.6651,8693.3065,8740.0923,PENDING_AG03,FALSE,NOT_FOR_ENFORCEMENT,9483.6071,484680.3568,9878.7574,9483.6071,395.1503,0.01770420,0.01699603,395.1503,9483.6071,0.01699603,395.1503,395.1503,395.1503,0.0000,0.0000,9483.6071,0.01699603,1185.4509,1138.6651,8693.3065,8740.0923,0.01557970,0.01566354,0.00070817,22.4534,20.6030,0.4031,82.3230,2.6463,4649.9123,204.2083,25.9152,21.1137,12.8578,14.5296,26.176,48.8436,54.2173,102.8621,13.088,0.0,3.731508,7.079487,1.545355,30,207,63,6,0.32204186,0.01770420,-0.00338982,0E-8,0.000000,0.904812,0.002133,0.03111404,2026-03-21,2026-08-06,120,3733,1703,139,0.863309,1.227414,1.154177,1.073473,,,,,,,,GLOBAL_BASELINE_NO_ENTITY_RANKING,,,NOT_APPLICABLE_GLOBAL_BASELINE,HF9g-P5,,,,X 全窗基线 · 不参与实体赏罚,15053569,1506,A168_HF9F_20260827_0900,2026-08-27 09:00:00
2026-07-04,127529701,1507,0,141.4814241086,-116.3090904396,-116.3090904396,0.2500000,4,4,0.50329940000000000,0.503299400000,-1.013219660140378,-1.013219660140378,-1.013219660140378,0E-17,ELIGIBLE,R03b_20260811_FULL_v1,L1_ELIGIBILITY,v2026-08-11,2026-03-21..2026-08-06,baccarat_bet02_101_all_pairs_incl_sentinel,round_win = game_pnl > 0 (decisive only),COMPATIBILITY_ONLY_NOT_PRODUCTION,557989.4742,504875.3716,9878.7574,24851,24505,-0.01770420,0.00338982,-0.02772422,-0.01770420,-9878.7574,557989.4742,OK,0.0000,395.1503,4.0000,96.0000,AG03-UNRESOLVED,ALL5_LEVELS_bet23_to_bet27,395.1503,395.1503,395.1503,0.0000,0.0000,4.000000,4.000000,4.000000,0.000000,0.000000,96.000000,96.000000,96.000000,100.000000,100.000000,5.0,1185.4509,1138.6651,8693.3065,8740.0923,PENDING_AG03,FALSE,NOT_FOR_ENFORCEMENT,9483.6071,484680.3568,9878.7574,9483.6071,395.1503,0.01770420,0.01699603,395.1503,9483.6071,0.01699603,395.1503,395.1503,395.1503,0.0000,0.0000,9483.6071,0.01699603,1185.4509,1138.6651,8693.3065,8740.0923,0.01557970,0.01566354,0.00070817,22.4534,20.6030,0.4031,82.3230,2.6463,4649.9123,204.2083,25.9152,21.1137,12.8578,14.5296,26.176,48.8436,54.2173,102.8621,13.088,0.0,3.731508,7.079487,1.545355,30,207,63,6,0.32204186,0.01770420,-0.00338982,0E-8,0.000000,0.904812,0.002133,0.03111404,2026-03-21,2026-08-06,120,3733,1703,139,0.863309,1.227414,1.154177,1.073473,,,,,,,,GLOBAL_BASELINE_NO_ENTITY_RANKING,,,NOT_APPLICABLE_GLOBAL_BASELINE,HF9g-P5,,,,X 全窗基线 · 不参与实体赏罚,15053570,1506,A168_HF9F_20260827_0900,2026-08-27 09:00:00
2026-07-04,127529701,1623,0,25.8177781220,-25.8177781220,-25.8177781220,0E-7,1,1,0.50665070000000000,0.506650700000,-1.013391052207602,-1.013391052207602,-1.013391052207602,0E-17,ELIGIBLE,R03b_20260811_FULL_v1,L1_ELIGIBILITY,v2026-08-11,2026-03-21..2026-08-06,baccarat_bet02_101_all_pairs_incl_sentinel,round_win = game_pnl > 0 (decisive only),COMPATIBILITY_ONLY_NOT_PRODUCTION,557989.4742,504875.3716,9878.7574,24851,24505,-0.01770420,0.00338982,-0.02772422,-0.01770420,-9878.7574,557989.4742,OK,0.0000,395.1503,4.0000,96.0000,AG03-UNRESOLVED,ALL5_LEVELS_bet23_to_bet27,395.1503,395.1503,395.1503,0.0000,0.0000,4.000000,4.000000,4.000000,0.000000,0.000000,96.000000,96.000000,96.000000,100.000000,100.000000,5.0,1185.4509,1138.6651,8693.3065,8740.0923,PENDING_AG03,FALSE,NOT_FOR_ENFORCEMENT,9483.6071,484680.3568,9878.7574,9483.6071,395.1503,0.01770420,0.01699603,395.1503,9483.6071,0.01699603,395.1503,395.1503,395.1503,0.0000,0.0000,9483.6071,0.01699603,1185.4509,1138.6651,8693.3065,8740.0923,0.01557970,0.01566354,0.00070817,22.4534,20.6030,0.4031,82.3230,2.6463,4649.9123,204.2083,25.9152,21.1137,12.8578,14.5296,26.176,48.8436,54.2173,102.8621,13.088,0.0,3.731508,7.079487,1.545355,30,207,63,6,0.32204186,0.01770420,-0.00338982,0E-8,0.000000,0.904812,0.002133,0.03111404,2026-03-21,2026-08-06,120,3733,1703,139,0.863309,1.227414,1.154177,1.073473,,,,,,,,GLOBAL_BASELINE_NO_ENTITY_RANKING,,,NOT_APPLICABLE_GLOBAL_BASELINE,HF9g-P5,,,,X 全窗基线 · 不参与实体赏罚,15053571,1506,A168_HF9F_20260827_0900,2026-08-27 09:00:00
2026-07-04,127529701,1710,0,314.9768930884,-39.3721116360,-39.3721116360,0.5555556,11,11,0.49933877272727273,0.499338772727,0.33730099192032137,0.337300991921958,0.33730099192032137,2.7273E-13,ELIGIBLE,R03b_20260811_FULL_v1,L1_ELIGIBILITY,v2026-08-11,2026-03-21..2026-08-06,baccarat_bet02_101_all_pairs_incl_sentinel,round_win = game_pnl > 0 (decisive only),COMPATIBILITY_ONLY_NOT_PRODUCTION,557989.4742,504875.3716,9878.7574,24851,24505,-0.01770420,0.00338982,-0.02772422,-0.01770420,-9878.7574,557989.4742,OK,0.0000,395.1503,4.0000,96.0000,AG03-UNRESOLVED,ALL5_LEVELS_bet23_to_bet27,395.1503,395.1503,395.1503,0.0000,0.0000,4.000000,4.000000,4.000000,0.000000,0.000000,96.000000,96.000000,96.000000,100.000000,100.000000,5.0,1185.4509,1138.6651,8693.3065,8740.0923,PENDING_AG03,FALSE,NOT_FOR_ENFORCEMENT,9483.6071,484680.3568,9878.7574,9483.6071,395.1503,0.01770420,0.01699603,395.1503,9483.6071,0.01699603,395.1503,395.1503,395.1503,0.0000,0.0000,9483.6071,0.01699603,1185.4509,1138.6651,8693.3065,8740.0923,0.01557970,0.01566354,0.00070817,22.4534,20.6030,0.4031,82.3230,2.6463,4649.9123,204.2083,25.9152,21.1137,12.8578,14.5296,26.176,48.8436,54.2173,102.8621,13.088,0.0,3.731508,7.079487,1.545355,30,207,63,6,0.32204186,0.01770420,-0.00338982,0E-8,0.000000,0.904812,0.002133,0.03111404,2026-03-21,2026-08-06,120,3733,1703,139,0.863309,1.227414,1.154177,1.073473,,,,,,,,GLOBAL_BASELINE_NO_ENTITY_RANKING,,,NOT_APPLICABLE_GLOBAL_BASELINE,HF9g-P5,,,,X 全窗基线 · 不参与实体赏罚,15053572,1506,A168_HF9F_20260827_0900,2026-08-27 09:00:00
2026-07-04,127529701,1942,0,129.0888906100,100.6893346758,100.6893346758,1.0000000,4,4,0.49994810000000000,0.499948100000,1.4143603653603398,1.4143603653603398,1.4143603653603398,0E-17,ELIGIBLE,R03b_20260811_FULL_v1,L1_ELIGIBILITY,v2026-08-11,2026-03-21..2026-08-06,baccarat_bet02_101_all_pairs_incl_sentinel,round_win = game_pnl > 0 (decisive only),COMPATIBILITY_ONLY_NOT_PRODUCTION,557989.4742,504875.3716,9878.7574,24851,24505,-0.01770420,0.00338982,-0.02772422,-0.01770420,-9878.7574,557989.4742,OK,0.0000,395.1503,4.0000,96.0000,AG03-UNRESOLVED,ALL5_LEVELS_bet23_to_bet27,395.1503,395.1503,395.1503,0.0000,0.0000,4.000000,4.000000,4.000000,0.000000,0.000000,96.000000,96.000000,96.000000,100.000000,100.000000,5.0,1185.4509,1138.6651,8693.3065,8740.0923,PENDING_AG03,FALSE,NOT_FOR_ENFORCEMENT,9483.6071,484680.3568,9878.7574,9483.6071,395.1503,0.01770420,0.01699603,395.1503,9483.6071,0.01699603,395.1503,395.1503,395.1503,0.0000,0.0000,9483.6071,0.01699603,1185.4509,1138.6651,8693.3065,8740.0923,0.01557970,0.01566354,0.00070817,22.4534,20.6030,0.4031,82.3230,2.6463,4649.9123,204.2083,25.9152,21.1137,12.8578,14.5296,26.176,48.8436,54.2173,102.8621,13.088,0.0,3.731508,7.079487,1.545355,30,207,63,6,0.32204186,0.01770420,-0.00338982,0E-8,0.000000,0.904812,0.002133,0.03111404,2026-03-21,2026-08-06,120,3733,1703,139,0.863309,1.227414,1.154177,1.073473,,,,,,,,GLOBAL_BASELINE_NO_ENTITY_RANKING,,,NOT_APPLICABLE_GLOBAL_BASELINE,HF9g-P5,,,,X 全窗基线 · 不参与实体赏罚,15053573,1506,A168_HF9F_20260827_0900,2026-08-27 09:00:00
2026-07-04,127529701,1951,0,30.9813337464,-20.9124002788,-20.9124002788,0.3333333,3,3,0.50218230000000000,0.502182300000,-0.5849155494134425,-0.5849155494134426,-0.5849155494134425,0E-17,ELIGIBLE,R03b_20260811_FULL_v1,L1_ELIGIBILITY,v2026-08-11,2026-03-21..2026-08-06,baccarat_bet02_101_all_pairs_incl_sentinel,round_win = game_pnl > 0 (decisive only),COMPATIBILITY_ONLY_NOT_PRODUCTION,557989.4742,504875.3716,9878.7574,24851,24505,-0.01770420,0.00338982,-0.02772422,-0.01770420,-9878.7574,557989.4742,OK,0.0000,395.1503,4.0000,96.0000,AG03-UNRESOLVED,ALL5_LEVELS_bet23_to_bet27,395.1503,395.1503,395.1503,0.0000,0.0000,4.000000,4.000000,4.000000,0.000000,0.000000,96.000000,96.000000,96.000000,100.000000,100.000000,5.0,1185.4509,1138.6651,8693.3065,8740.0923,PENDING_AG03,FALSE,NOT_FOR_ENFORCEMENT,9483.6071,484680.3568,9878.7574,9483.6071,395.1503,0.01770420,0.01699603,395.1503,9483.6071,0.01699603,395.1503,395.1503,395.1503,0.0000,0.0000,9483.6071,0.01699603,1185.4509,1138.6651,8693.3065,8740.0923,0.01557970,0.01566354,0.00070817,22.4534,20.6030,0.4031,82.3230,2.6463,4649.9123,204.2083,25.9152,21.1137,12.8578,14.5296,26.176,48.8436,54.2173,102.8621,13.088,0.0,3.731508,7.079487,1.545355,30,207,63,6,0.32204186,0.01770420,-0.00338982,0E-8,0.000000,0.904812,0.002133,0.03111404,2026-03-21,2026-08-06,120,3733,1703,139,0.863309,1.227414,1.154177,1.073473,,,,,,,,GLOBAL_BASELINE_NO_ENTITY_RANKING,,,NOT_APPLICABLE_GLOBAL_BASELINE,HF9g-P5,,,,X 全窗基线 · 不参与实体赏罚,15053574,1506,A168_HF9F_20260827_0900,2026-08-27 09:00:00
2026-07-04,127529701,1963,0,361.4488937081,151.0340020136,151.0340020136,0.6666667,6,6,0.42903925000000000,0.429039250000,1.1760357727808153,1.1760357727808153,1.1760357727808153,0E-17,ELIGIBLE,R03b_20260811_FULL_v1,L1_ELIGIBILITY,v2026-08-11,2026-03-21..2026-08-06,baccarat_bet02_101_all_pairs_incl_sentinel,round_win = game_pnl > 0 (decisive only),COMPATIBILITY_ONLY_NOT_PRODUCTION,557989.4742,504875.3716,9878.7574,24851,24505,-0.01770420,0.00338982,-0.02772422,-0.01770420,-9878.7574,557989.4742,OK,0.0000,395.1503,4.0000,96.0000,AG03-UNRESOLVED,ALL5_LEVELS_bet23_to_bet27,395.1503,395.1503,395.1503,0.0000,0.0000,4.000000,4.000000,4.000000,0.000000,0.000000,96.000000,96.000000,96.000000,100.000000,100.000000,5.0,1185.4509,1138.6651,8693.3065,8740.0923,PENDING_AG03,FALSE,NOT_FOR_ENFORCEMENT,9483.6071,484680.3568,9878.7574,9483.6071,395.1503,0.01770420,0.01699603,395.1503,9483.6071,0.01699603,395.1503,395.1503,395.1503,0.0000,0.0000,9483.6071,0.01699603,1185.4509,1138.6651,8693.3065,8740.0923,0.01557970,0.01566354,0.00070817,22.4534,20.6030,0.4031,82.3230,2.6463,4649.9123,204.2083,25.9152,21.1137,12.8578,14.5296,26.176,48.8436,54.2173,102.8621,13.088,0.0,3.731508,7.079487,1.545355,30,207,63,6,0.32204186,0.01770420,-0.00338982,0E-8,0.000000,0.904812,0.002133,0.03111404,2026-03-21,2026-08-06,120,3733,1703,139,0.863309,1.227414,1.154177,1.073473,,,,,,,,GLOBAL_BASELINE_NO_ENTITY_RANKING,,,NOT_APPLICABLE_GLOBAL_BASELINE,HF9g-P5,,,,X 全窗基线 · 不参与实体赏罚,15053575,1506,A168_HF9F_20260827_0900,2026-08-27 09:00:00
2026-07-04,127529701,1985,0,98.1075568636,27.7541114812,27.7541114812,0.6666667,3,3,0.50218230000000000,0.502182300000,0.5697959874915163,0.5697959874915164,0.5697959874915163,0E-17,ELIGIBLE,R03b_20260811_FULL_v1,L1_ELIGIBILITY,v2026-08-11,2026-03-21..2026-08-06,baccarat_bet02_101_all_pairs_incl_sentinel,round_win = game_pnl > 0 (decisive only),COMPATIBILITY_ONLY_NOT_PRODUCTION,557989.4742,504875.3716,9878.7574,24851,24505,-0.01770420,0.00338982,-0.02772422,-0.01770420,-9878.7574,557989.4742,OK,0.0000,395.1503,4.0000,96.0000,AG03-UNRESOLVED,ALL5_LEVELS_bet23_to_bet27,395.1503,395.1503,395.1503,0.0000,0.0000,4.000000,4.000000,4.000000,0.000000,0.000000,96.000000,96.000000,96.000000,100.000000,100.000000,5.0,1185.4509,1138.6651,8693.3065,8740.0923,PENDING_AG03,FALSE,NOT_FOR_ENFORCEMENT,9483.6071,484680.3568,9878.7574,9483.6071,395.1503,0.01770420,0.01699603,395.1503,9483.6071,0.01699603,395.1503,395.1503,395.1503,0.0000,0.0000,9483.6071,0.01699603,1185.4509,1138.6651,8693.3065,8740.0923,0.01557970,0.01566354,0.00070817,22.4534,20.6030,0.4031,82.3230,2.6463,4649.9123,204.2083,25.9152,21.1137,12.8578,14.5296,26.176,48.8436,54.2173,102.8621,13.088,0.0,3.731508,7.079487,1.545355,30,207,63,6,0.32204186,0.01770420,-0.00338982,0E-8,0.000000,0.904812,0.002133,0.03111404,2026-03-21,2026-08-06,120,3733,1703,139,0.863309,1.227414,1.154177,1.073473,,,,,,,,GLOBAL_BASELINE_NO_ENTITY_RANKING,,,NOT_APPLICABLE_GLOBAL_BASELINE,HF9g-P5,,,,X 全窗基线 · 不参与实体赏罚,15053576,1506,A168_HF9F_20260827_0900,2026-08-27 09:00:00
2026-07-04,127529701,1990,0,76.1624454599,47.1819895180,47.1819895180,0.6666667,3,3,0.50665070000000000,0.506650700000,0.5543606114942035,0.5543606114942035,0.5543606114942035,0E-17,ELIGIBLE,R03b_20260811_FULL_v1,L1_ELIGIBILITY,v2026-08-11,2026-03-21..2026-08-06,baccarat_bet02_101_all_pairs_incl_sentinel,round_win = game_pnl > 0 (decisive only),COMPATIBILITY_ONLY_NOT_PRODUCTION,557989.4742,504875.3716,9878.7574,24851,24505,-0.01770420,0.00338982,-0.02772422,-0.01770420,-9878.7574,557989.4742,OK,0.0000,395.1503,4.0000,96.0000,AG03-UNRESOLVED,ALL5_LEVELS_bet23_to_bet27,395.1503,395.1503,395.1503,0.0000,0.0000,4.000000,4.000000,4.000000,0.000000,0.000000,96.000000,96.000000,96.000000,100.000000,100.000000,5.0,1185.4509,1138.6651,8693.3065,8740.0923,PENDING_AG03,FALSE,NOT_FOR_ENFORCEMENT,9483.6071,484680.3568,9878.7574,9483.6071,395.1503,0.01770420,0.01699603,395.1503,9483.6071,0.01699603,395.1503,395.1503,395.1503,0.0000,0.0000,9483.6071,0.01699603,1185.4509,1138.6651,8693.3065,8740.0923,0.01557970,0.01566354,0.00070817,22.4534,20.6030,0.4031,82.3230,2.6463,4649.9123,204.2083,25.9152,21.1137,12.8578,14.5296,26.176,48.8436,54.2173,102.8621,13.088,0.0,3.731508,7.079487,1.545355,30,207,63,6,0.32204186,0.01770420,-0.00338982,0E-8,0.000000,0.904812,0.002133,0.03111404,2026-03-21,2026-08-06,120,3733,1703,139,0.863309,1.227414,1.154177,1.073473,,,,,,,,GLOBAL_BASELINE_NO_ENTITY_RANKING,,,NOT_APPLICABLE_GLOBAL_BASELINE,HF9g-P5,,,,X 全窗基线 · 不参与实体赏罚,15053577,1506,A168_HF9F_20260827_0900,2026-08-27 09:00:00
2026-07-04,127529701,1994,0,466.5272506645,46.6010895103,46.6010895103,0.4545455,14,14,0.49707555714285714,0.497075557143,-0.28211761080921793,-0.28211761081016506,-0.28211761080921793,-1.4286E-13,ELIGIBLE,R03b_20260811_FULL_v1,L1_ELIGIBILITY,v2026-08-11,2026-03-21..2026-08-06,baccarat_bet02_101_all_pairs_incl_sentinel,round_win = game_pnl > 0 (decisive only),COMPATIBILITY_ONLY_NOT_PRODUCTION,557989.4742,504875.3716,9878.7574,24851,24505,-0.01770420,0.00338982,-0.02772422,-0.01770420,-9878.7574,557989.4742,OK,0.0000,395.1503,4.0000,96.0000,AG03-UNRESOLVED,ALL5_LEVELS_bet23_to_bet27,395.1503,395.1503,395.1503,0.0000,0.0000,4.000000,4.000000,4.000000,0.000000,0.000000,96.000000,96.000000,96.000000,100.000000,100.000000,5.0,1185.4509,1138.6651,8693.3065,8740.0923,PENDING_AG03,FALSE,NOT_FOR_ENFORCEMENT,9483.6071,484680.3568,9878.7574,9483.6071,395.1503,0.01770420,0.01699603,395.1503,9483.6071,0.01699603,395.1503,395.1503,395.1503,0.0000,0.0000,9483.6071,0.01699603,1185.4509,1138.6651,8693.3065,8740.0923,0.01557970,0.01566354,0.00070817,22.4534,20.6030,0.4031,82.3230,2.6463,4649.9123,204.2083,25.9152,21.1137,12.8578,14.5296,26.176,48.8436,54.2173,102.8621,13.088,0.0,3.731508,7.079487,1.545355,30,207,63,6,0.32204186,0.01770420,-0.00338982,0E-8,0.000000,0.904812,0.002133,0.03111404,2026-03-21,2026-08-06,120,3733,1703,139,0.863309,1.227414,1.154177,1.073473,,,,,,,,GLOBAL_BASELINE_NO_ENTITY_RANKING,,,NOT_APPLICABLE_GLOBAL_BASELINE,HF9g-P5,,,,X 全窗基线 · 不参与实体赏罚,15053578,1506,A168_HF9F_20260827_0900,2026-08-27 09:00:00
2026-07-04,127529701,2088,0,129.0888906100,-129.0888906100,-129.0888906100,0E-7,2,2,0.49994810000000000,0.499948100000,-1.4140667746232096,-1.4140667746232096,-1.4140667746232096,0E-17,ELIGIBLE,R03b_20260811_FULL_v1,L1_ELIGIBILITY,v2026-08-11,2026-03-21..2026-08-06,baccarat_bet02_101_all_pairs_incl_sentinel,round_win = game_pnl > 0 (decisive only),COMPATIBILITY_ONLY_NOT_PRODUCTION,557989.4742,504875.3716,9878.7574,24851,24505,-0.01770420,0.00338982,-0.02772422,-0.01770420,-9878.7574,557989.4742,OK,0.0000,395.1503,4.0000,96.0000,AG03-UNRESOLVED,ALL5_LEVELS_bet23_to_bet27,395.1503,395.1503,395.1503,0.0000,0.0000,4.000000,4.000000,4.000000,0.000000,0.000000,96.000000,96.000000,96.000000,100.000000,100.000000,5.0,1185.4509,1138.6651,8693.3065,8740.0923,PENDING_AG03,FALSE,NOT_FOR_ENFORCEMENT,9483.6071,484680.3568,9878.7574,9483.6071,395.1503,0.01770420,0.01699603,395.1503,9483.6071,0.01699603,395.1503,395.1503,395.1503,0.0000,0.0000,9483.6071,0.01699603,1185.4509,1138.6651,8693.3065,8740.0923,0.01557970,0.01566354,0.00070817,22.4534,20.6030,0.4031,82.3230,2.6463,4649.9123,204.2083,25.9152,21.1137,12.8578,14.5296,26.176,48.8436,54.2173,102.8621,13.088,0.0,3.731508,7.079487,1.545355,30,207,63,6,0.32204186,0.01770420,-0.00338982,0E-8,0.000000,0.904812,0.002133,0.03111404,2026-03-21,2026-08-06,120,3733,1703,139,0.863309,1.227414,1.154177,1.073473,,,,,,,,GLOBAL_BASELINE_NO_ENTITY_RANKING,,,NOT_APPLICABLE_GLOBAL_BASELINE,HF9g-P5,,,,X 全窗基线 · 不参与实体赏罚,15053579,1506,A168_HF9F_20260827_0900,2026-08-27 09:00:00
2026-07-04,127529701,2093,0,115.6636459866,-22.5260114115,-22.5260114115,0.2000000,5,5,0.50396966000000000,0.503969660000,-1.3594364909357963,-1.3594364909357963,-1.3594364909357963,0E-17,ELIGIBLE,R03b_20260811_FULL_v1,L1_ELIGIBILITY,v2026-08-11,2026-03-21..2026-08-06,baccarat_bet02_101_all_pairs_incl_sentinel,round_win = game_pnl > 0 (decisive only),COMPATIBILITY_ONLY_NOT_PRODUCTION,557989.4742,504875.3716,9878.7574,24851,24505,-0.01770420,0.00338982,-0.02772422,-0.01770420,-9878.7574,557989.4742,OK,0.0000,395.1503,4.0000,96.0000,AG03-UNRESOLVED,ALL5_LEVELS_bet23_to_bet27,395.1503,395.1503,395.1503,0.0000,0.0000,4.000000,4.000000,4.000000,0.000000,0.000000,96.000000,96.000000,96.000000,100.000000,100.000000,5.0,1185.4509,1138.6651,8693.3065,8740.0923,PENDING_AG03,FALSE,NOT_FOR_ENFORCEMENT,9483.6071,484680.3568,9878.7574,9483.6071,395.1503,0.01770420,0.01699603,395.1503,9483.6071,0.01699603,395.1503,395.1503,395.1503,0.0000,0.0000,9483.6071,0.01699603,1185.4509,1138.6651,8693.3065,8740.0923,0.01557970,0.01566354,0.00070817,22.4534,20.6030,0.4031,82.3230,2.6463,4649.9123,204.2083,25.9152,21.1137,12.8578,14.5296,26.176,48.8436,54.2173,102.8621,13.088,0.0,3.731508,7.079487,1.545355,30,207,63,6,0.32204186,0.01770420,-0.00338982,0E-8,0.000000,0.904812,0.002133,0.03111404,2026-03-21,2026-08-06,120,3733,1703,139,0.863309,1.227414,1.154177,1.073473,,,,,,,,GLOBAL_BASELINE_NO_ENTITY_RANKING,,,NOT_APPLICABLE_GLOBAL_BASELINE,HF9g-P5,,,,X 全窗基线 · 不参与实体赏罚,15053580,1506,A168_HF9F_20260827_0900,2026-08-27 09:00:00
2026-07-04,127529701,2115,0,180.7244468540,-180.7244468540,-180.7244468540,0E-7,4,4,0.49994810000000000,0.499948100000,-1.9997924107733216,-1.9997924107733216,-1.9997924107733216,0E-17,ELIGIBLE,R03b_20260811_FULL_v1,L1_ELIGIBILITY,v2026-08-11,2026-03-21..2026-08-06,baccarat_bet02_101_all_pairs_incl_sentinel,round_win = game_pnl > 0 (decisive only),COMPATIBILITY_ONLY_NOT_PRODUCTION,557989.4742,504875.3716,9878.7574,24851,24505,-0.01770420,0.00338982,-0.02772422,-0.01770420,-9878.7574,557989.4742,OK,0.0000,395.1503,4.0000,96.0000,AG03-UNRESOLVED,ALL5_LEVELS_bet23_to_bet27,395.1503,395.1503,395.1503,0.0000,0.0000,4.000000,4.000000,4.000000,0.000000,0.000000,96.000000,96.000000,96.000000,100.000000,100.000000,5.0,1185.4509,1138.6651,8693.3065,8740.0923,PENDING_AG03,FALSE,NOT_FOR_ENFORCEMENT,9483.6071,484680.3568,9878.7574,9483.6071,395.1503,0.01770420,0.01699603,395.1503,9483.6071,0.01699603,395.1503,395.1503,395.1503,0.0000,0.0000,9483.6071,0.01699603,1185.4509,1138.6651,8693.3065,8740.0923,0.01557970,0.01566354,0.00070817,22.4534,20.6030,0.4031,82.3230,2.6463,4649.9123,204.2083,25.9152,21.1137,12.8578,14.5296,26.176,48.8436,54.2173,102.8621,13.088,0.0,3.731508,7.079487,1.545355,30,207,63,6,0.32204186,0.01770420,-0.00338982,0E-8,0.000000,0.904812,0.002133,0.03111404,2026-03-21,2026-08-06,120,3733,1703,139,0.863309,1.227414,1.154177,1.073473,,,,,,,,GLOBAL_BASELINE_NO_ENTITY_RANKING,,,NOT_APPLICABLE_GLOBAL_BASELINE,HF9g-P5,,,,X 全窗基线 · 不参与实体赏罚,15053581,1506,A168_HF9F_20260827_0900,2026-08-27 09:00:00
2026-07-04,127529701,2127,0,471.4326285077,124.6998683294,124.6998683294,0.6923077,15,15,0.49950126000000000,0.499501260000,1.3903476475240568,1.390347647524057,1.3903476475240568,0E-17,ELIGIBLE,R03b_20260811_FULL_v1,L1_ELIGIBILITY,v2026-08-11,2026-03-21..2026-08-06,baccarat_bet02_101_all_pairs_incl_sentinel,round_win = game_pnl > 0 (decisive only),COMPATIBILITY_ONLY_NOT_PRODUCTION,557989.4742,504875.3716,9878.7574,24851,24505,-0.01770420,0.00338982,-0.02772422,-0.01770420,-9878.7574,557989.4742,OK,0.0000,395.1503,4.0000,96.0000,AG03-UNRESOLVED,ALL5_LEVELS_bet23_to_bet27,395.1503,395.1503,395.1503,0.0000,0.0000,4.000000,4.000000,4.000000,0.000000,0.000000,96.000000,96.000000,96.000000,100.000000,100.000000,5.0,1185.4509,1138.6651,8693.3065,8740.0923,PENDING_AG03,FALSE,NOT_FOR_ENFORCEMENT,9483.6071,484680.3568,9878.7574,9483.6071,395.1503,0.01770420,0.01699603,395.1503,9483.6071,0.01699603,395.1503,395.1503,395.1503,0.0000,0.0000,9483.6071,0.01699603,1185.4509,1138.6651,8693.3065,8740.0923,0.01557970,0.01566354,0.00070817,22.4534,20.6030,0.4031,82.3230,2.6463,4649.9123,204.2083,25.9152,21.1137,12.8578,14.5296,26.176,48.8436,54.2173,102.8621,13.088,0.0,3.731508,7.079487,1.545355,30,207,63,6,0.32204186,0.01770420,-0.00338982,0E-8,0.000000,0.904812,0.002133,0.03111404,2026-03-21,2026-08-06,120,3733,1703,139,0.863309,1.227414,1.154177,1.073473,,,,,,,,GLOBAL_BASELINE_NO_ENTITY_RANKING,,,NOT_APPLICABLE_GLOBAL_BASELINE,HF9g-P5,,,,X 全窗基线 · 不参与实体赏罚,15053582,1506,A168_HF9F_20260827_0900,2026-08-27 09:00:00
2026-07-04,127529701,2130,0,15.4906668732,-15.4906668732,-15.4906668732,0E-7,1,1,0.50665070000000000,0.506650700000,-1.013391052207602,-1.013391052207602,-1.013391052207602,0E-17,ELIGIBLE,R03b_20260811_FULL_v1,L1_ELIGIBILITY,v2026-08-11,2026-03-21..2026-08-06,baccarat_bet02_101_all_pairs_incl_sentinel,round_win = game_pnl > 0 (decisive only),COMPATIBILITY_ONLY_NOT_PRODUCTION,557989.4742,504875.3716,9878.7574,24851,24505,-0.01770420,0.00338982,-0.02772422,-0.01770420,-9878.7574,557989.4742,OK,0.0000,395.1503,4.0000,96.0000,AG03-UNRESOLVED,ALL5_LEVELS_bet23_to_bet27,395.1503,395.1503,395.1503,0.0000,0.0000,4.000000,4.000000,4.000000,0.000000,0.000000,96.000000,96.000000,96.000000,100.000000,100.000000,5.0,1185.4509,1138.6651,8693.3065,8740.0923,PENDING_AG03,FALSE,NOT_FOR_ENFORCEMENT,9483.6071,484680.3568,9878.7574,9483.6071,395.1503,0.01770420,0.01699603,395.1503,9483.6071,0.01699603,395.1503,395.1503,395.1503,0.0000,0.0000,9483.6071,0.01699603,1185.4509,1138.6651,8693.3065,8740.0923,0.01557970,0.01566354,0.00070817,22.4534,20.6030,0.4031,82.3230,2.6463,4649.9123,204.2083,25.9152,21.1137,12.8578,14.5296,26.176,48.8436,54.2173,102.8621,13.088,0.0,3.731508,7.079487,1.545355,30,207,63,6,0.32204186,0.01770420,-0.00338982,0E-8,0.000000,0.904812,0.002133,0.03111404,2026-03-21,2026-08-06,120,3733,1703,139,0.863309,1.227414,1.154177,1.073473,,,,,,,,GLOBAL_BASELINE_NO_ENTITY_RANKING,,,NOT_APPLICABLE_GLOBAL_BASELINE,HF9g-P5,,,,X 全窗基线 · 不参与实体赏罚,15053583,1506,A168_HF9F_20260827_0900,2026-08-27 09:00:00
2026-07-04,127529701,2134,0,41.3084449952,41.3084449952,41.3084449952,1.0000000,1,1,0.49324550000000000,0.493245500000,1.01360149184955,1.01360149184955,1.01360149184955,0E-17,ELIGIBLE,R03b_20260811_FULL_v1,L1_ELIGIBILITY,v2026-08-11,2026-03-21..2026-08-06,baccarat_bet02_101_all_pairs_incl_sentinel,round_win = game_pnl > 0 (decisive only),COMPATIBILITY_ONLY_NOT_PRODUCTION,557989.4742,504875.3716,9878.7574,24851,24505,-0.01770420,0.00338982,-0.02772422,-0.01770420,-9878.7574,557989.4742,OK,0.0000,395.1503,4.0000,96.0000,AG03-UNRESOLVED,ALL5_LEVELS_bet23_to_bet27,395.1503,395.1503,395.1503,0.0000,0.0000,4.000000,4.000000,4.000000,0.000000,0.000000,96.000000,96.000000,96.000000,100.000000,100.000000,5.0,1185.4509,1138.6651,8693.3065,8740.0923,PENDING_AG03,FALSE,NOT_FOR_ENFORCEMENT,9483.6071,484680.3568,9878.7574,9483.6071,395.1503,0.01770420,0.01699603,395.1503,9483.6071,0.01699603,395.1503,395.1503,395.1503,0.0000,0.0000,9483.6071,0.01699603,1185.4509,1138.6651,8693.3065,8740.0923,0.01557970,0.01566354,0.00070817,22.4534,20.6030,0.4031,82.3230,2.6463,4649.9123,204.2083,25.9152,21.1137,12.8578,14.5296,26.176,48.8436,54.2173,102.8621,13.088,0.0,3.731508,7.079487,1.545355,30,207,63,6,0.32204186,0.01770420,-0.00338982,0E-8,0.000000,0.904812,0.002133,0.03111404,2026-03-21,2026-08-06,120,3733,1703,139,0.863309,1.227414,1.154177,1.073473,,,,,,,,GLOBAL_BASELINE_NO_ENTITY_RANKING,,,NOT_APPLICABLE_GLOBAL_BASELINE,HF9g-P5,,,,X 全窗基线 · 不参与实体赏罚,15053584,1506,A168_HF9F_20260827_0900,2026-08-27 09:00:00
2026-07-04,127529701,2142,0,141.9977796710,-103.2711124880,-103.2711124880,0E-7,6,6,0.49994810000000000,0.499948100000,-1.9997924107733216,-1.9997924107733216,-1.9997924107733216,0E-17,ELIGIBLE,R03b_20260811_FULL_v1,L1_ELIGIBILITY,v2026-08-11,2026-03-21..2026-08-06,baccarat_bet02_101_all_pairs_incl_sentinel,round_win = game_pnl > 0 (decisive only),COMPATIBILITY_ONLY_NOT_PRODUCTION,557989.4742,504875.3716,9878.7574,24851,24505,-0.01770420,0.00338982,-0.02772422,-0.01770420,-9878.7574,557989.4742,OK,0.0000,395.1503,4.0000,96.0000,AG03-UNRESOLVED,ALL5_LEVELS_bet23_to_bet27,395.1503,395.1503,395.1503,0.0000,0.0000,4.000000,4.000000,4.000000,0.000000,0.000000,96.000000,96.000000,96.000000,100.000000,100.000000,5.0,1185.4509,1138.6651,8693.3065,8740.0923,PENDING_AG03,FALSE,NOT_FOR_ENFORCEMENT,9483.6071,484680.3568,9878.7574,9483.6071,395.1503,0.01770420,0.01699603,395.1503,9483.6071,0.01699603,395.1503,395.1503,395.1503,0.0000,0.0000,9483.6071,0.01699603,1185.4509,1138.6651,8693.3065,8740.0923,0.01557970,0.01566354,0.00070817,22.4534,20.6030,0.4031,82.3230,2.6463,4649.9123,204.2083,25.9152,21.1137,12.8578,14.5296,26.176,48.8436,54.2173,102.8621,13.088,0.0,3.731508,7.079487,1.545355,30,207,63,6,0.32204186,0.01770420,-0.00338982,0E-8,0.000000,0.904812,0.002133,0.03111404,2026-03-21,2026-08-06,120,3733,1703,139,0.863309,1.227414,1.154177,1.073473,,,,,,,,GLOBAL_BASELINE_NO_ENTITY_RANKING,,,NOT_APPLICABLE_GLOBAL_BASELINE,HF9g-P5,,,,X 全窗基线 · 不参与实体赏罚,15053585,1506,A168_HF9F_20260827_0900,2026-08-27 09:00:00
2026-07-04,127529701,2145,0,811.7109441558,-87.2640900525,-87.2640900525,0.5294118,19,19,0.50171194210526316,0.501711942105,0.22841992767184677,0.22841992767401645,0.22841992767184677,2.6316E-13,ELIGIBLE,R03b_20260811_FULL_v1,L1_ELIGIBILITY,v2026-08-11,2026-03-21..2026-08-06,baccarat_bet02_101_all_pairs_incl_sentinel,round_win = game_pnl > 0 (decisive only),COMPATIBILITY_ONLY_NOT_PRODUCTION,557989.4742,504875.3716,9878.7574,24851,24505,-0.01770420,0.00338982,-0.02772422,-0.01770420,-9878.7574,557989.4742,OK,0.0000,395.1503,4.0000,96.0000,AG03-UNRESOLVED,ALL5_LEVELS_bet23_to_bet27,395.1503,395.1503,395.1503,0.0000,0.0000,4.000000,4.000000,4.000000,0.000000,0.000000,96.000000,96.000000,96.000000,100.000000,100.000000,5.0,1185.4509,1138.6651,8693.3065,8740.0923,PENDING_AG03,FALSE,NOT_FOR_ENFORCEMENT,9483.6071,484680.3568,9878.7574,9483.6071,395.1503,0.01770420,0.01699603,395.1503,9483.6071,0.01699603,395.1503,395.1503,395.1503,0.0000,0.0000,9483.6071,0.01699603,1185.4509,1138.6651,8693.3065,8740.0923,0.01557970,0.01566354,0.00070817,22.4534,20.6030,0.4031,82.3230,2.6463,4649.9123,204.2083,25.9152,21.1137,12.8578,14.5296,26.176,48.8436,54.2173,102.8621,13.088,0.0,3.731508,7.079487,1.545355,30,207,63,6,0.32204186,0.01770420,-0.00338982,0E-8,0.000000,0.904812,0.002133,0.03111404,2026-03-21,2026-08-06,120,3733,1703,139,0.863309,1.227414,1.154177,1.073473,,,,,,,,GLOBAL_BASELINE_NO_ENTITY_RANKING,,,NOT_APPLICABLE_GLOBAL_BASELINE,HF9g-P5,,,,X 全窗基线 · 不参与实体赏罚,15053586,1506,A168_HF9F_20260827_0900,2026-08-27 09:00:00
2026-07-04,127529701,2169,0,675.6512534529,-200.0877804455,-200.0877804455,0.3571429,17,17,0.50034237058823529,0.500342370588,-1.071607285753207,-1.0716072857514458,-1.071607285753207,2.3529E-13,ELIGIBLE,R03b_20260811_FULL_v1,L1_ELIGIBILITY,v2026-08-11,2026-03-21..2026-08-06,baccarat_bet02_101_all_pairs_incl_sentinel,round_win = game_pnl > 0 (decisive only),COMPATIBILITY_ONLY_NOT_PRODUCTION,557989.4742,504875.3716,9878.7574,24851,24505,-0.01770420,0.00338982,-0.02772422,-0.01770420,-9878.7574,557989.4742,OK,0.0000,395.1503,4.0000,96.0000,AG03-UNRESOLVED,ALL5_LEVELS_bet23_to_bet27,395.1503,395.1503,395.1503,0.0000,0.0000,4.000000,4.000000,4.000000,0.000000,0.000000,96.000000,96.000000,96.000000,100.000000,100.000000,5.0,1185.4509,1138.6651,8693.3065,8740.0923,PENDING_AG03,FALSE,NOT_FOR_ENFORCEMENT,9483.6071,484680.3568,9878.7574,9483.6071,395.1503,0.01770420,0.01699603,395.1503,9483.6071,0.01699603,395.1503,395.1503,395.1503,0.0000,0.0000,9483.6071,0.01699603,1185.4509,1138.6651,8693.3065,8740.0923,0.01557970,0.01566354,0.00070817,22.4534,20.6030,0.4031,82.3230,2.6463,4649.9123,204.2083,25.9152,21.1137,12.8578,14.5296,26.176,48.8436,54.2173,102.8621,13.088,0.0,3.731508,7.079487,1.545355,30,207,63,6,0.32204186,0.01770420,-0.00338982,0E-8,0.000000,0.904812,0.002133,0.03111404,2026-03-21,2026-08-06,120,3733,1703,139,0.863309,1.227414,1.154177,1.073473,,,,,,,,GLOBAL_BASELINE_NO_ENTITY_RANKING,,,NOT_APPLICABLE_GLOBAL_BASELINE,HF9g-P5,,,,X 全窗基线 · 不参与实体赏罚,15053587,1506,A168_HF9F_20260827_0900,2026-08-27 09:00:00
2026-07-04,127529701,2170,0,753.6209433813,381.4576717527,381.4576717527,0.7200000,29,29,0.50156596896551724,0.501565968966,2.1843510235591435,2.184351023554322,2.1843510235591435,-4.8276E-13,ELIGIBLE,R03b_20260811_FULL_v1,L1_ELIGIBILITY,v2026-08-11,2026-03-21..2026-08-06,baccarat_bet02_101_all_pairs_incl_sentinel,round_win = game_pnl > 0 (decisive only),COMPATIBILITY_ONLY_NOT_PRODUCTION,557989.4742,504875.3716,9878.7574,24851,24505,-0.01770420,0.00338982,-0.02772422,-0.01770420,-9878.7574,557989.4742,OK,0.0000,395.1503,4.0000,96.0000,AG03-UNRESOLVED,ALL5_LEVELS_bet23_to_bet27,395.1503,395.1503,395.1503,0.0000,0.0000,4.000000,4.000000,4.000000,0.000000,0.000000,96.000000,96.000000,96.000000,100.000000,100.000000,5.0,1185.4509,1138.6651,8693.3065,8740.0923,PENDING_AG03,FALSE,NOT_FOR_ENFORCEMENT,9483.6071,484680.3568,9878.7574,9483.6071,395.1503,0.01770420,0.01699603,395.1503,9483.6071,0.01699603,395.1503,395.1503,395.1503,0.0000,0.0000,9483.6071,0.01699603,1185.4509,1138.6651,8693.3065,8740.0923,0.01557970,0.01566354,0.00070817,22.4534,20.6030,0.4031,82.3230,2.6463,4649.9123,204.2083,25.9152,21.1137,12.8578,14.5296,26.176,48.8436,54.2173,102.8621,13.088,0.0,3.731508,7.079487,1.545355,30,207,63,6,0.32204186,0.01770420,-0.00338982,0E-8,0.000000,0.904812,0.002133,0.03111404,2026-03-21,2026-08-06,120,3733,1703,139,0.863309,1.227414,1.154177,1.073473,,,,,,,,GLOBAL_BASELINE_NO_ENTITY_RANKING,,,NOT_APPLICABLE_GLOBAL_BASELINE,HF9g-P5,,,,X 全窗基线 · 不参与实体赏罚,15053588,1506,A168_HF9F_20260827_0900,2026-08-27 09:00:00
2026-07-04,127529701,2174,0,83.6496011153,31.2911470839,31.2911470839,0.6666667,4,4,0.49994810000000000,0.499948100000,0.5775300591747329,0.5775300591747329,0.5775300591747329,0E-17,ELIGIBLE,R03b_20260811_FULL_v1,L1_ELIGIBILITY,v2026-08-11,2026-03-21..2026-08-06,baccarat_bet02_101_all_pairs_incl_sentinel,round_win = game_pnl > 0 (decisive only),COMPATIBILITY_ONLY_NOT_PRODUCTION,557989.4742,504875.3716,9878.7574,24851,24505,-0.01770420,0.00338982,-0.02772422,-0.01770420,-9878.7574,557989.4742,OK,0.0000,395.1503,4.0000,96.0000,AG03-UNRESOLVED,ALL5_LEVELS_bet23_to_bet27,395.1503,395.1503,395.1503,0.0000,0.0000,4.000000,4.000000,4.000000,0.000000,0.000000,96.000000,96.000000,96.000000,100.000000,100.000000,5.0,1185.4509,1138.6651,8693.3065,8740.0923,PENDING_AG03,FALSE,NOT_FOR_ENFORCEMENT,9483.6071,484680.3568,9878.7574,9483.6071,395.1503,0.01770420,0.01699603,395.1503,9483.6071,0.01699603,395.1503,395.1503,395.1503,0.0000,0.0000,9483.6071,0.01699603,1185.4509,1138.6651,8693.3065,8740.0923,0.01557970,0.01566354,0.00070817,22.4534,20.6030,0.4031,82.3230,2.6463,4649.9123,204.2083,25.9152,21.1137,12.8578,14.5296,26.176,48.8436,54.2173,102.8621,13.088,0.0,3.731508,7.079487,1.545355,30,207,63,6,0.32204186,0.01770420,-0.00338982,0E-8,0.000000,0.904812,0.002133,0.03111404,2026-03-21,2026-08-06,120,3733,1703,139,0.863309,1.227414,1.154177,1.073473,,,,,,,,GLOBAL_BASELINE_NO_ENTITY_RANKING,,,NOT_APPLICABLE_GLOBAL_BASELINE,HF9g-P5,,,,X 全窗基线 · 不参与实体赏罚,15053589,1506,A168_HF9F_20260827_0900,2026-08-27 09:00:00
2026-07-04,127529701,2178,0,114.8891126429,-114.8891126429,-114.8891126429,0E-7,3,3,0.49771390000000000,0.497713900000,-1.724149546644903,-1.724149546644903,-1.724149546644903,0E-17,ELIGIBLE,R03b_20260811_FULL_v1,L1_ELIGIBILITY,v2026-08-11,2026-03-21..2026-08-06,baccarat_bet02_101_all_pairs_incl_sentinel,round_win = game_pnl > 0 (decisive only),COMPATIBILITY_ONLY_NOT_PRODUCTION,557989.4742,504875.3716,9878.7574,24851,24505,-0.01770420,0.00338982,-0.02772422,-0.01770420,-9878.7574,557989.4742,OK,0.0000,395.1503,4.0000,96.0000,AG03-UNRESOLVED,ALL5_LEVELS_bet23_to_bet27,395.1503,395.1503,395.1503,0.0000,0.0000,4.000000,4.000000,4.000000,0.000000,0.000000,96.000000,96.000000,96.000000,100.000000,100.000000,5.0,1185.4509,1138.6651,8693.3065,8740.0923,PENDING_AG03,FALSE,NOT_FOR_ENFORCEMENT,9483.6071,484680.3568,9878.7574,9483.6071,395.1503,0.01770420,0.01699603,395.1503,9483.6071,0.01699603,395.1503,395.1503,395.1503,0.0000,0.0000,9483.6071,0.01699603,1185.4509,1138.6651,8693.3065,8740.0923,0.01557970,0.01566354,0.00070817,22.4534,20.6030,0.4031,82.3230,2.6463,4649.9123,204.2083,25.9152,21.1137,12.8578,14.5296,26.176,48.8436,54.2173,102.8621,13.088,0.0,3.731508,7.079487,1.545355,30,207,63,6,0.32204186,0.01770420,-0.00338982,0E-8,0.000000,0.904812,0.002133,0.03111404,2026-03-21,2026-08-06,120,3733,1703,139,0.863309,1.227414,1.154177,1.073473,,,,,,,,GLOBAL_BASELINE_NO_ENTITY_RANKING,,,NOT_APPLICABLE_GLOBAL_BASELINE,HF9g-P5,,,,X 全窗基线 · 不参与实体赏罚,15053590,1506,A168_HF9F_20260827_0900,2026-08-27 09:00:00
2026-07-04,127529701,2224,0,39.2430227455,-39.2430227455,-39.2430227455,0E-7,1,1,0.50665070000000000,0.506650700000,-1.013391052207602,-1.013391052207602,-1.013391052207602,0E-17,ELIGIBLE,R03b_20260811_FULL_v1,L1_ELIGIBILITY,v2026-08-11,2026-03-21..2026-08-06,baccarat_bet02_101_all_pairs_incl_sentinel,round_win = game_pnl > 0 (decisive only),COMPATIBILITY_ONLY_NOT_PRODUCTION,557989.4742,504875.3716,9878.7574,24851,24505,-0.01770420,0.00338982,-0.02772422,-0.01770420,-9878.7574,557989.4742,OK,0.0000,395.1503,4.0000,96.0000,AG03-UNRESOLVED,ALL5_LEVELS_bet23_to_bet27,395.1503,395.1503,395.1503,0.0000,0.0000,4.000000,4.000000,4.000000,0.000000,0.000000,96.000000,96.000000,96.000000,100.000000,100.000000,5.0,1185.4509,1138.6651,8693.3065,8740.0923,PENDING_AG03,FALSE,NOT_FOR_ENFORCEMENT,9483.6071,484680.3568,9878.7574,9483.6071,395.1503,0.01770420,0.01699603,395.1503,9483.6071,0.01699603,395.1503,395.1503,395.1503,0.0000,0.0000,9483.6071,0.01699603,1185.4509,1138.6651,8693.3065,8740.0923,0.01557970,0.01566354,0.00070817,22.4534,20.6030,0.4031,82.3230,2.6463,4649.9123,204.2083,25.9152,21.1137,12.8578,14.5296,26.176,48.8436,54.2173,102.8621,13.088,0.0,3.731508,7.079487,1.545355,30,207,63,6,0.32204186,0.01770420,-0.00338982,0E-8,0.000000,0.904812,0.002133,0.03111404,2026-03-21,2026-08-06,120,3733,1703,139,0.863309,1.227414,1.154177,1.073473,,,,,,,,GLOBAL_BASELINE_NO_ENTITY_RANKING,,,NOT_APPLICABLE_GLOBAL_BASELINE,HF9g-P5,,,,X 全窗基线 · 不参与实体赏罚,15053591,1506,A168_HF9F_20260827_0900,2026-08-27 09:00:00
2026-07-04,127529701,2235,0,198.5387137582,145.2895463816,145.2895463816,0.8571429,7,7,0.49707555714285714,0.497075557143,1.9053296525248744,1.9053296525241152,1.9053296525248744,-1.4286E-13,ELIGIBLE,R03b_20260811_FULL_v1,L1_ELIGIBILITY,v2026-08-11,2026-03-21..2026-08-06,baccarat_bet02_101_all_pairs_incl_sentinel,round_win = game_pnl > 0 (decisive only),COMPATIBILITY_ONLY_NOT_PRODUCTION,557989.4742,504875.3716,9878.7574,24851,24505,-0.01770420,0.00338982,-0.02772422,-0.01770420,-9878.7574,557989.4742,OK,0.0000,395.1503,4.0000,96.0000,AG03-UNRESOLVED,ALL5_LEVELS_bet23_to_bet27,395.1503,395.1503,395.1503,0.0000,0.0000,4.000000,4.000000,4.000000,0.000000,0.000000,96.000000,96.000000,96.000000,100.000000,100.000000,5.0,1185.4509,1138.6651,8693.3065,8740.0923,PENDING_AG03,FALSE,NOT_FOR_ENFORCEMENT,9483.6071,484680.3568,9878.7574,9483.6071,395.1503,0.01770420,0.01699603,395.1503,9483.6071,0.01699603,395.1503,395.1503,395.1503,0.0000,0.0000,9483.6071,0.01699603,1185.4509,1138.6651,8693.3065,8740.0923,0.01557970,0.01566354,0.00070817,22.4534,20.6030,0.4031,82.3230,2.6463,4649.9123,204.2083,25.9152,21.1137,12.8578,14.5296,26.176,48.8436,54.2173,102.8621,13.088,0.0,3.731508,7.079487,1.545355,30,207,63,6,0.32204186,0.01770420,-0.00338982,0E-8,0.000000,0.904812,0.002133,0.03111404,2026-03-21,2026-08-06,120,3733,1703,139,0.863309,1.227414,1.154177,1.073473,,,,,,,,GLOBAL_BASELINE_NO_ENTITY_RANKING,,,NOT_APPLICABLE_GLOBAL_BASELINE,HF9g-P5,,,,X 全窗基线 · 不参与实体赏罚,15053592,1506,A168_HF9F_20260827_0900,2026-08-27 09:00:00
2026-07-04,127529701,2246,0,137.3505796090,87.7546278368,87.7546278368,0.8000000,5,5,0.50396966000000000,0.503969660000,1.3239296534401845,1.3239296534401845,1.3239296534401845,0E-17,ELIGIBLE,R03b_20260811_FULL_v1,L1_ELIGIBILITY,v2026-08-11,2026-03-21..2026-08-06,baccarat_bet02_101_all_pairs_incl_sentinel,round_win = game_pnl > 0 (decisive only),COMPATIBILITY_ONLY_NOT_PRODUCTION,557989.4742,504875.3716,9878.7574,24851,24505,-0.01770420,0.00338982,-0.02772422,-0.01770420,-9878.7574,557989.4742,OK,0.0000,395.1503,4.0000,96.0000,AG03-UNRESOLVED,ALL5_LEVELS_bet23_to_bet27,395.1503,395.1503,395.1503,0.0000,0.0000,4.000000,4.000000,4.000000,0.000000,0.000000,96.000000,96.000000,96.000000,100.000000,100.000000,5.0,1185.4509,1138.6651,8693.3065,8740.0923,PENDING_AG03,FALSE,NOT_FOR_ENFORCEMENT,9483.6071,484680.3568,9878.7574,9483.6071,395.1503,0.01770420,0.01699603,395.1503,9483.6071,0.01699603,395.1503,395.1503,395.1503,0.0000,0.0000,9483.6071,0.01699603,1185.4509,1138.6651,8693.3065,8740.0923,0.01557970,0.01566354,0.00070817,22.4534,20.6030,0.4031,82.3230,2.6463,4649.9123,204.2083,25.9152,21.1137,12.8578,14.5296,26.176,48.8436,54.2173,102.8621,13.088,0.0,3.731508,7.079487,1.545355,30,207,63,6,0.32204186,0.01770420,-0.00338982,0E-8,0.000000,0.904812,0.002133,0.03111404,2026-03-21,2026-08-06,120,3733,1703,139,0.863309,1.227414,1.154177,1.073473,,,,,,,,GLOBAL_BASELINE_NO_ENTITY_RANKING,,,NOT_APPLICABLE_GLOBAL_BASELINE,HF9g-P5,,,,X 全窗基线 · 不参与实体赏罚,15053593,1506,A168_HF9F_20260827_0900,2026-08-27 09:00:00
2026-07-04,127529701,2267,0,185.8880024784,43.2447783544,43.2447783544,0.6250000,8,8,0.49827245000000000,0.498272450000,0.7168835587341966,0.7168835587341966,0.7168835587341966,0E-17,ELIGIBLE,R03b_20260811_FULL_v1,L1_ELIGIBILITY,v2026-08-11,2026-03-21..2026-08-06,baccarat_bet02_101_all_pairs_incl_sentinel,round_win = game_pnl > 0 (decisive only),COMPATIBILITY_ONLY_NOT_PRODUCTION,557989.4742,504875.3716,9878.7574,24851,24505,-0.01770420,0.00338982,-0.02772422,-0.01770420,-9878.7574,557989.4742,OK,0.0000,395.1503,4.0000,96.0000,AG03-UNRESOLVED,ALL5_LEVELS_bet23_to_bet27,395.1503,395.1503,395.1503,0.0000,0.0000,4.000000,4.000000,4.000000,0.000000,0.000000,96.000000,96.000000,96.000000,100.000000,100.000000,5.0,1185.4509,1138.6651,8693.3065,8740.0923,PENDING_AG03,FALSE,NOT_FOR_ENFORCEMENT,9483.6071,484680.3568,9878.7574,9483.6071,395.1503,0.01770420,0.01699603,395.1503,9483.6071,0.01699603,395.1503,395.1503,395.1503,0.0000,0.0000,9483.6071,0.01699603,1185.4509,1138.6651,8693.3065,8740.0923,0.01557970,0.01566354,0.00070817,22.4534,20.6030,0.4031,82.3230,2.6463,4649.9123,204.2083,25.9152,21.1137,12.8578,14.5296,26.176,48.8436,54.2173,102.8621,13.088,0.0,3.731508,7.079487,1.545355,30,207,63,6,0.32204186,0.01770420,-0.00338982,0E-8,0.000000,0.904812,0.002133,0.03111404,2026-03-21,2026-08-06,120,3733,1703,139,0.863309,1.227414,1.154177,1.073473,,,,,,,,GLOBAL_BASELINE_NO_ENTITY_RANKING,,,NOT_APPLICABLE_GLOBAL_BASELINE,HF9g-P5,,,,X 全窗基线 · 不参与实体赏罚,15053594,1506,A168_HF9F_20260827_0900,2026-08-27 09:00:00
2026-07-04,127529701,2271,0,61.9626674928,33.6922004492,33.6922004492,0.5000000,2,2,0.50665070000000000,0.506650700000,-0.018812684590367487,-0.018812684590367487,-0.018812684590367487,0E-17,ELIGIBLE,R03b_20260811_FULL_v1,L1_ELIGIBILITY,v2026-08-11,2026-03-21..2026-08-06,baccarat_bet02_101_all_pairs_incl_sentinel,round_win = game_pnl > 0 (decisive only),COMPATIBILITY_ONLY_NOT_PRODUCTION,557989.4742,504875.3716,9878.7574,24851,24505,-0.01770420,0.00338982,-0.02772422,-0.01770420,-9878.7574,557989.4742,OK,0.0000,395.1503,4.0000,96.0000,AG03-UNRESOLVED,ALL5_LEVELS_bet23_to_bet27,395.1503,395.1503,395.1503,0.0000,0.0000,4.000000,4.000000,4.000000,0.000000,0.000000,96.000000,96.000000,96.000000,100.000000,100.000000,5.0,1185.4509,1138.6651,8693.3065,8740.0923,PENDING_AG03,FALSE,NOT_FOR_ENFORCEMENT,9483.6071,484680.3568,9878.7574,9483.6071,395.1503,0.01770420,0.01699603,395.1503,9483.6071,0.01699603,395.1503,395.1503,395.1503,0.0000,0.0000,9483.6071,0.01699603,1185.4509,1138.6651,8693.3065,8740.0923,0.01557970,0.01566354,0.00070817,22.4534,20.6030,0.4031,82.3230,2.6463,4649.9123,204.2083,25.9152,21.1137,12.8578,14.5296,26.176,48.8436,54.2173,102.8621,13.088,0.0,3.731508,7.079487,1.545355,30,207,63,6,0.32204186,0.01770420,-0.00338982,0E-8,0.000000,0.904812,0.002133,0.03111404,2026-03-21,2026-08-06,120,3733,1703,139,0.863309,1.227414,1.154177,1.073473,,,,,,,,GLOBAL_BASELINE_NO_ENTITY_RANKING,,,NOT_APPLICABLE_GLOBAL_BASELINE,HF9g-P5,,,,X 全窗基线 · 不参与实体赏罚,15053595,1506,A168_HF9F_20260827_0900,2026-08-27 09:00:00
2026-07-04,127529701,462,0,298.4535150903,-7.8873312162,-7.8873312162,0.4545455,13,13,0.49737017692307692,0.497370176923,-0.2840710010353052,-0.2840710010347952,-0.2840710010353052,7.692E-14,ELIGIBLE,R03b_20260811_FULL_v1,L1_ELIGIBILITY,v2026-08-11,2026-03-21..2026-08-06,baccarat_bet02_101_all_pairs_incl_sentinel,round_win = game_pnl > 0 (decisive only),COMPATIBILITY_ONLY_NOT_PRODUCTION,557989.4742,504875.3716,9878.7574,24851,24505,-0.01770420,0.00338982,-0.02772422,-0.01770420,-9878.7574,557989.4742,OK,0.0000,395.1503,4.0000,96.0000,AG03-UNRESOLVED,ALL5_LEVELS_bet23_to_bet27,395.1503,395.1503,395.1503,0.0000,0.0000,4.000000,4.000000,4.000000,0.000000,0.000000,96.000000,96.000000,96.000000,100.000000,100.000000,5.0,1185.4509,1138.6651,8693.3065,8740.0923,PENDING_AG03,FALSE,NOT_FOR_ENFORCEMENT,9483.6071,484680.3568,9878.7574,9483.6071,395.1503,0.01770420,0.01699603,395.1503,9483.6071,0.01699603,395.1503,395.1503,395.1503,0.0000,0.0000,9483.6071,0.01699603,1185.4509,1138.6651,8693.3065,8740.0923,0.01557970,0.01566354,0.00070817,22.4534,20.6030,0.4031,82.3230,2.6463,4649.9123,204.2083,25.9152,21.1137,12.8578,14.5296,26.176,48.8436,54.2173,102.8621,13.088,0.0,3.731508,7.079487,1.545355,30,207,63,6,0.32204186,0.01770420,-0.00338982,0E-8,0.000000,0.904812,0.002133,0.03111404,2026-03-21,2026-08-06,120,3733,1703,139,0.863309,1.227414,1.154177,1.073473,,,,,,,,GLOBAL_BASELINE_NO_ENTITY_RANKING,,,NOT_APPLICABLE_GLOBAL_BASELINE,HF9g-P5,,,,X 全窗基线 · 不参与实体赏罚,15053596,1506,A168_HF9F_20260827_0900,2026-08-27 09:00:00
2026-07-04,127529701,550,0,39.7593783079,-39.7593783079,-39.7593783079,0E-7,2,2,0.49994810000000000,0.499948100000,-1.4140667746232096,-1.4140667746232096,-1.4140667746232096,0E-17,ELIGIBLE,R03b_20260811_FULL_v1,L1_ELIGIBILITY,v2026-08-11,2026-03-21..2026-08-06,baccarat_bet02_101_all_pairs_incl_sentinel,round_win = game_pnl > 0 (decisive only),COMPATIBILITY_ONLY_NOT_PRODUCTION,557989.4742,504875.3716,9878.7574,24851,24505,-0.01770420,0.00338982,-0.02772422,-0.01770420,-9878.7574,557989.4742,OK,0.0000,395.1503,4.0000,96.0000,AG03-UNRESOLVED,ALL5_LEVELS_bet23_to_bet27,395.1503,395.1503,395.1503,0.0000,0.0000,4.000000,4.000000,4.000000,0.000000,0.000000,96.000000,96.000000,96.000000,100.000000,100.000000,5.0,1185.4509,1138.6651,8693.3065,8740.0923,PENDING_AG03,FALSE,NOT_FOR_ENFORCEMENT,9483.6071,484680.3568,9878.7574,9483.6071,395.1503,0.01770420,0.01699603,395.1503,9483.6071,0.01699603,395.1503,395.1503,395.1503,0.0000,0.0000,9483.6071,0.01699603,1185.4509,1138.6651,8693.3065,8740.0923,0.01557970,0.01566354,0.00070817,22.4534,20.6030,0.4031,82.3230,2.6463,4649.9123,204.2083,25.9152,21.1137,12.8578,14.5296,26.176,48.8436,54.2173,102.8621,13.088,0.0,3.731508,7.079487,1.545355,30,207,63,6,0.32204186,0.01770420,-0.00338982,0E-8,0.000000,0.904812,0.002133,0.03111404,2026-03-21,2026-08-06,120,3733,1703,139,0.863309,1.227414,1.154177,1.073473,,,,,,,,GLOBAL_BASELINE_NO_ENTITY_RANKING,,,NOT_APPLICABLE_GLOBAL_BASELINE,HF9g-P5,,,,X 全窗基线 · 不参与实体赏罚,15053597,1506,A168_HF9F_20260827_0900,2026-08-27 09:00:00
2026-07-04,127529701,583,0,24.5268892159,-14.1997779671,-14.1997779671,0E-7,2,2,0.49994810000000000,0.499948100000,-0.9998962053866608,-0.9998962053866608,-0.9998962053866608,0E-17,ELIGIBLE,R03b_20260811_FULL_v1,L1_ELIGIBILITY,v2026-08-11,2026-03-21..2026-08-06,baccarat_bet02_101_all_pairs_incl_sentinel,round_win = game_pnl > 0 (decisive only),COMPATIBILITY_ONLY_NOT_PRODUCTION,557989.4742,504875.3716,9878.7574,24851,24505,-0.01770420,0.00338982,-0.02772422,-0.01770420,-9878.7574,557989.4742,OK,0.0000,395.1503,4.0000,96.0000,AG03-UNRESOLVED,ALL5_LEVELS_bet23_to_bet27,395.1503,395.1503,395.1503,0.0000,0.0000,4.000000,4.000000,4.000000,0.000000,0.000000,96.000000,96.000000,96.000000,100.000000,100.000000,5.0,1185.4509,1138.6651,8693.3065,8740.0923,PENDING_AG03,FALSE,NOT_FOR_ENFORCEMENT,9483.6071,484680.3568,9878.7574,9483.6071,395.1503,0.01770420,0.01699603,395.1503,9483.6071,0.01699603,395.1503,395.1503,395.1503,0.0000,0.0000,9483.6071,0.01699603,1185.4509,1138.6651,8693.3065,8740.0923,0.01557970,0.01566354,0.00070817,22.4534,20.6030,0.4031,82.3230,2.6463,4649.9123,204.2083,25.9152,21.1137,12.8578,14.5296,26.176,48.8436,54.2173,102.8621,13.088,0.0,3.731508,7.079487,1.545355,30,207,63,6,0.32204186,0.01770420,-0.00338982,0E-8,0.000000,0.904812,0.002133,0.03111404,2026-03-21,2026-08-06,120,3733,1703,139,0.863309,1.227414,1.154177,1.073473,,,,,,,,GLOBAL_BASELINE_NO_ENTITY_RANKING,,,NOT_APPLICABLE_GLOBAL_BASELINE,HF9g-P5,,,,X 全窗基线 · 不参与实体赏罚,15053598,1506,A168_HF9F_20260827_0900,2026-08-27 09:00:00
2026-07-04,127529701,595,0,38.7266671830,-38.7266671830,-38.7266671830,0E-7,1,1,0.49324550000000000,0.493245500000,-0.9865810262130424,-0.9865810262130424,-0.9865810262130424,0E-17,ELIGIBLE,R03b_20260811_FULL_v1,L1_ELIGIBILITY,v2026-08-11,2026-03-21..2026-08-06,baccarat_bet02_101_all_pairs_incl_sentinel,round_win = game_pnl > 0 (decisive only),COMPATIBILITY_ONLY_NOT_PRODUCTION,557989.4742,504875.3716,9878.7574,24851,24505,-0.01770420,0.00338982,-0.02772422,-0.01770420,-9878.7574,557989.4742,OK,0.0000,395.1503,4.0000,96.0000,AG03-UNRESOLVED,ALL5_LEVELS_bet23_to_bet27,395.1503,395.1503,395.1503,0.0000,0.0000,4.000000,4.000000,4.000000,0.000000,0.000000,96.000000,96.000000,96.000000,100.000000,100.000000,5.0,1185.4509,1138.6651,8693.3065,8740.0923,PENDING_AG03,FALSE,NOT_FOR_ENFORCEMENT,9483.6071,484680.3568,9878.7574,9483.6071,395.1503,0.01770420,0.01699603,395.1503,9483.6071,0.01699603,395.1503,395.1503,395.1503,0.0000,0.0000,9483.6071,0.01699603,1185.4509,1138.6651,8693.3065,8740.0923,0.01557970,0.01566354,0.00070817,22.4534,20.6030,0.4031,82.3230,2.6463,4649.9123,204.2083,25.9152,21.1137,12.8578,14.5296,26.176,48.8436,54.2173,102.8621,13.088,0.0,3.731508,7.079487,1.545355,30,207,63,6,0.32204186,0.01770420,-0.00338982,0E-8,0.000000,0.904812,0.002133,0.03111404,2026-03-21,2026-08-06,120,3733,1703,139,0.863309,1.227414,1.154177,1.073473,,,,,,,,GLOBAL_BASELINE_NO_ENTITY_RANKING,,,NOT_APPLICABLE_GLOBAL_BASELINE,HF9g-P5,,,,X 全窗基线 · 不参与实体赏罚,15053599,1506,A168_HF9F_20260827_0900,2026-08-27 09:00:00
2026-07-04,127529701,752,0,393.7211163605,-207.3813027649,-207.3813027649,0.2727273,12,12,0.49994810000000000,0.499948100000,-1.5072124653552643,-1.5072124653552643,-1.5072124653552643,0E-17,ELIGIBLE,R03b_20260811_FULL_v1,L1_ELIGIBILITY,v2026-08-11,2026-03-21..2026-08-06,baccarat_bet02_101_all_pairs_incl_sentinel,round_win = game_pnl > 0 (decisive only),COMPATIBILITY_ONLY_NOT_PRODUCTION,557989.4742,504875.3716,9878.7574,24851,24505,-0.01770420,0.00338982,-0.02772422,-0.01770420,-9878.7574,557989.4742,OK,0.0000,395.1503,4.0000,96.0000,AG03-UNRESOLVED,ALL5_LEVELS_bet23_to_bet27,395.1503,395.1503,395.1503,0.0000,0.0000,4.000000,4.000000,4.000000,0.000000,0.000000,96.000000,96.000000,96.000000,100.000000,100.000000,5.0,1185.4509,1138.6651,8693.3065,8740.0923,PENDING_AG03,FALSE,NOT_FOR_ENFORCEMENT,9483.6071,484680.3568,9878.7574,9483.6071,395.1503,0.01770420,0.01699603,395.1503,9483.6071,0.01699603,395.1503,395.1503,395.1503,0.0000,0.0000,9483.6071,0.01699603,1185.4509,1138.6651,8693.3065,8740.0923,0.01557970,0.01566354,0.00070817,22.4534,20.6030,0.4031,82.3230,2.6463,4649.9123,204.2083,25.9152,21.1137,12.8578,14.5296,26.176,48.8436,54.2173,102.8621,13.088,0.0,3.731508,7.079487,1.545355,30,207,63,6,0.32204186,0.01770420,-0.00338982,0E-8,0.000000,0.904812,0.002133,0.03111404,2026-03-21,2026-08-06,120,3733,1703,139,0.863309,1.227414,1.154177,1.073473,,,,,,,,GLOBAL_BASELINE_NO_ENTITY_RANKING,,,NOT_APPLICABLE_GLOBAL_BASELINE,HF9g-P5,,,,X 全窗基线 · 不参与实体赏罚,15053600,1506,A168_HF9F_20260827_0900,2026-08-27 09:00:00
2026-07-04,127529701,763,0,170.9136911676,-109.2092014560,-109.2092014560,0.1666667,7,7,0.50473567142857143,0.504735671429,-1.6562674095404992,-1.6562674095426126,-1.6562674095404992,-4.2857E-13,ELIGIBLE,R03b_20260811_FULL_v1,L1_ELIGIBILITY,v2026-08-11,2026-03-21..2026-08-06,baccarat_bet02_101_all_pairs_incl_sentinel,round_win = game_pnl > 0 (decisive only),COMPATIBILITY_ONLY_NOT_PRODUCTION,557989.4742,504875.3716,9878.7574,24851,24505,-0.01770420,0.00338982,-0.02772422,-0.01770420,-9878.7574,557989.4742,OK,0.0000,395.1503,4.0000,96.0000,AG03-UNRESOLVED,ALL5_LEVELS_bet23_to_bet27,395.1503,395.1503,395.1503,0.0000,0.0000,4.000000,4.000000,4.000000,0.000000,0.000000,96.000000,96.000000,96.000000,100.000000,100.000000,5.0,1185.4509,1138.6651,8693.3065,8740.0923,PENDING_AG03,FALSE,NOT_FOR_ENFORCEMENT,9483.6071,484680.3568,9878.7574,9483.6071,395.1503,0.01770420,0.01699603,395.1503,9483.6071,0.01699603,395.1503,395.1503,395.1503,0.0000,0.0000,9483.6071,0.01699603,1185.4509,1138.6651,8693.3065,8740.0923,0.01557970,0.01566354,0.00070817,22.4534,20.6030,0.4031,82.3230,2.6463,4649.9123,204.2083,25.9152,21.1137,12.8578,14.5296,26.176,48.8436,54.2173,102.8621,13.088,0.0,3.731508,7.079487,1.545355,30,207,63,6,0.32204186,0.01770420,-0.00338982,0E-8,0.000000,0.904812,0.002133,0.03111404,2026-03-21,2026-08-06,120,3733,1703,139,0.863309,1.227414,1.154177,1.073473,,,,,,,,GLOBAL_BASELINE_NO_ENTITY_RANKING,,,NOT_APPLICABLE_GLOBAL_BASELINE,HF9g-P5,,,,X 全窗基线 · 不参与实体赏罚,15053601,1506,A168_HF9F_20260827_0900,2026-08-27 09:00:00
2026-07-04,127529701,948,0,233.6508920041,-29.7549892856,-29.7549892856,0.5000000,6,6,0.49994810000000000,0.499948100000,0.00025425703667063243,0.00025425703667063243,0.00025425703667063243,0E-17,ELIGIBLE,R03b_20260811_FULL_v1,L1_ELIGIBILITY,v2026-08-11,2026-03-21..2026-08-06,baccarat_bet02_101_all_pairs_incl_sentinel,round_win = game_pnl > 0 (decisive only),COMPATIBILITY_ONLY_NOT_PRODUCTION,557989.4742,504875.3716,9878.7574,24851,24505,-0.01770420,0.00338982,-0.02772422,-0.01770420,-9878.7574,557989.4742,OK,0.0000,395.1503,4.0000,96.0000,AG03-UNRESOLVED,ALL5_LEVELS_bet23_to_bet27,395.1503,395.1503,395.1503,0.0000,0.0000,4.000000,4.000000,4.000000,0.000000,0.000000,96.000000,96.000000,96.000000,100.000000,100.000000,5.0,1185.4509,1138.6651,8693.3065,8740.0923,PENDING_AG03,FALSE,NOT_FOR_ENFORCEMENT,9483.6071,484680.3568,9878.7574,9483.6071,395.1503,0.01770420,0.01699603,395.1503,9483.6071,0.01699603,395.1503,395.1503,395.1503,0.0000,0.0000,9483.6071,0.01699603,1185.4509,1138.6651,8693.3065,8740.0923,0.01557970,0.01566354,0.00070817,22.4534,20.6030,0.4031,82.3230,2.6463,4649.9123,204.2083,25.9152,21.1137,12.8578,14.5296,26.176,48.8436,54.2173,102.8621,13.088,0.0,3.731508,7.079487,1.545355,30,207,63,6,0.32204186,0.01770420,-0.00338982,0E-8,0.000000,0.904812,0.002133,0.03111404,2026-03-21,2026-08-06,120,3733,1703,139,0.863309,1.227414,1.154177,1.073473,,,,,,,,GLOBAL_BASELINE_NO_ENTITY_RANKING,,,NOT_APPLICABLE_GLOBAL_BASELINE,HF9g-P5,,,,X 全窗基线 · 不参与实体赏罚,15053602,1506,A168_HF9F_20260827_0900,2026-08-27 09:00:00
2026-07-05,127529701,-1,1,790.5403660959,99.6566235509,99.6566235509,0.5000000,28,28,0.50042685714285714,0.500426857143,-0.004353107388223782,-0.004353107389680675,-0.004353107388223782,-1.4286E-13,SENTINEL_DEALER,R03b_20260811_FULL_v1,L1_ELIGIBILITY,v2026-08-11,2026-03-21..2026-08-06,baccarat_bet02_101_all_pairs_incl_sentinel,round_win = game_pnl > 0 (decisive only),COMPATIBILITY_ONLY_NOT_PRODUCTION,557989.4742,504875.3716,9878.7574,24851,24505,-0.01770420,0.00338982,-0.02772422,-0.01770420,-9878.7574,557989.4742,OK,0.0000,395.1503,4.0000,96.0000,AG03-UNRESOLVED,ALL5_LEVELS_bet23_to_bet27,395.1503,395.1503,395.1503,0.0000,0.0000,4.000000,4.000000,4.000000,0.000000,0.000000,96.000000,96.000000,96.000000,100.000000,100.000000,5.0,1185.4509,1138.6651,8693.3065,8740.0923,PENDING_AG03,FALSE,NOT_FOR_ENFORCEMENT,9483.6071,484680.3568,9878.7574,9483.6071,395.1503,0.01770420,0.01699603,395.1503,9483.6071,0.01699603,395.1503,395.1503,395.1503,0.0000,0.0000,9483.6071,0.01699603,1185.4509,1138.6651,8693.3065,8740.0923,0.01557970,0.01566354,0.00070817,22.4534,20.6030,0.4031,82.3230,2.6463,4649.9123,204.2083,25.9152,21.1137,12.8578,14.5296,26.176,48.8436,54.2173,102.8621,13.088,0.0,3.731508,7.079487,1.545355,30,207,63,6,0.32204186,0.01770420,-0.00338982,0E-8,0.000000,0.904812,0.002133,0.03111404,2026-03-21,2026-08-06,120,3733,1703,139,0.863309,1.227414,1.154177,1.073473,,,,,,,,GLOBAL_BASELINE_NO_ENTITY_RANKING,,,NOT_APPLICABLE_GLOBAL_BASELINE,HF9g-P5,,,,X 全窗基线 · 不参与实体赏罚,15053603,1506,A168_HF9F_20260827_0900,2026-08-27 09:00:00
2026-07-05,127529701,1109,0,466.0108951022,-129.0888906101,-129.0888906101,0.5454545,13,13,0.49737017692307692,0.497370176923,0.3189600292662344,0.3189600292667449,0.3189600292662344,7.692E-14,ELIGIBLE,R03b_20260811_FULL_v1,L1_ELIGIBILITY,v2026-08-11,2026-03-21..2026-08-06,baccarat_bet02_101_all_pairs_incl_sentinel,round_win = game_pnl > 0 (decisive only),COMPATIBILITY_ONLY_NOT_PRODUCTION,557989.4742,504875.3716,9878.7574,24851,24505,-0.01770420,0.00338982,-0.02772422,-0.01770420,-9878.7574,557989.4742,OK,0.0000,395.1503,4.0000,96.0000,AG03-UNRESOLVED,ALL5_LEVELS_bet23_to_bet27,395.1503,395.1503,395.1503,0.0000,0.0000,4.000000,4.000000,4.000000,0.000000,0.000000,96.000000,96.000000,96.000000,100.000000,100.000000,5.0,1185.4509,1138.6651,8693.3065,8740.0923,PENDING_AG03,FALSE,NOT_FOR_ENFORCEMENT,9483.6071,484680.3568,9878.7574,9483.6071,395.1503,0.01770420,0.01699603,395.1503,9483.6071,0.01699603,395.1503,395.1503,395.1503,0.0000,0.0000,9483.6071,0.01699603,1185.4509,1138.6651,8693.3065,8740.0923,0.01557970,0.01566354,0.00070817,22.4534,20.6030,0.4031,82.3230,2.6463,4649.9123,204.2083,25.9152,21.1137,12.8578,14.5296,26.176,48.8436,54.2173,102.8621,13.088,0.0,3.731508,7.079487,1.545355,30,207,63,6,0.32204186,0.01770420,-0.00338982,0E-8,0.000000,0.904812,0.002133,0.03111404,2026-03-21,2026-08-06,120,3733,1703,139,0.863309,1.227414,1.154177,1.073473,,,,,,,,GLOBAL_BASELINE_NO_ENTITY_RANKING,,,NOT_APPLICABLE_GLOBAL_BASELINE,HF9g-P5,,,,X 全窗基线 · 不参与实体赏罚,15053604,1506,A168_HF9F_20260827_0900,2026-08-27 09:00:00
2026-07-05,127529701,1205,0,87.7804456148,33.0467559962,33.0467559962,0.5000000,4,4,0.50665070000000000,0.506650700000,-0.02660515369234503,-0.02660515369234503,-0.02660515369234503,0E-17,ELIGIBLE,R03b_20260811_FULL_v1,L1_ELIGIBILITY,v2026-08-11,2026-03-21..2026-08-06,baccarat_bet02_101_all_pairs_incl_sentinel,round_win = game_pnl > 0 (decisive only),COMPATIBILITY_ONLY_NOT_PRODUCTION,557989.4742,504875.3716,9878.7574,24851,24505,-0.01770420,0.00338982,-0.02772422,-0.01770420,-9878.7574,557989.4742,OK,0.0000,395.1503,4.0000,96.0000,AG03-UNRESOLVED,ALL5_LEVELS_bet23_to_bet27,395.1503,395.1503,395.1503,0.0000,0.0000,4.000000,4.000000,4.000000,0.000000,0.000000,96.000000,96.000000,96.000000,100.000000,100.000000,5.0,1185.4509,1138.6651,8693.3065,8740.0923,PENDING_AG03,FALSE,NOT_FOR_ENFORCEMENT,9483.6071,484680.3568,9878.7574,9483.6071,395.1503,0.01770420,0.01699603,395.1503,9483.6071,0.01699603,395.1503,395.1503,395.1503,0.0000,0.0000,9483.6071,0.01699603,1185.4509,1138.6651,8693.3065,8740.0923,0.01557970,0.01566354,0.00070817,22.4534,20.6030,0.4031,82.3230,2.6463,4649.9123,204.2083,25.9152,21.1137,12.8578,14.5296,26.176,48.8436,54.2173,102.8621,13.088,0.0,3.731508,7.079487,1.545355,30,207,63,6,0.32204186,0.01770420,-0.00338982,0E-8,0.000000,0.904812,0.002133,0.03111404,2026-03-21,2026-08-06,120,3733,1703,139,0.863309,1.227414,1.154177,1.073473,,,,,,,,GLOBAL_BASELINE_NO_ENTITY_RANKING,,,NOT_APPLICABLE_GLOBAL_BASELINE,HF9g-P5,,,,X 全窗基线 · 不参与实体赏罚,15053605,1506,A168_HF9F_20260827_0900,2026-08-27 09:00:00
2026-07-05,127529701,1382,0,387.7830273925,-27.1086670281,-27.1086670281,0.5714286,8,8,0.49827245000000000,0.498272450000,0.3871081189643771,0.3871081189643771,0.3871081189643771,0E-17,ELIGIBLE,R03b_20260811_FULL_v1,L1_ELIGIBILITY,v2026-08-11,2026-03-21..2026-08-06,baccarat_bet02_101_all_pairs_incl_sentinel,round_win = game_pnl > 0 (decisive only),COMPATIBILITY_ONLY_NOT_PRODUCTION,557989.4742,504875.3716,9878.7574,24851,24505,-0.01770420,0.00338982,-0.02772422,-0.01770420,-9878.7574,557989.4742,OK,0.0000,395.1503,4.0000,96.0000,AG03-UNRESOLVED,ALL5_LEVELS_bet23_to_bet27,395.1503,395.1503,395.1503,0.0000,0.0000,4.000000,4.000000,4.000000,0.000000,0.000000,96.000000,96.000000,96.000000,100.000000,100.000000,5.0,1185.4509,1138.6651,8693.3065,8740.0923,PENDING_AG03,FALSE,NOT_FOR_ENFORCEMENT,9483.6071,484680.3568,9878.7574,9483.6071,395.1503,0.01770420,0.01699603,395.1503,9483.6071,0.01699603,395.1503,395.1503,395.1503,0.0000,0.0000,9483.6071,0.01699603,1185.4509,1138.6651,8693.3065,8740.0923,0.01557970,0.01566354,0.00070817,22.4534,20.6030,0.4031,82.3230,2.6463,4649.9123,204.2083,25.9152,21.1137,12.8578,14.5296,26.176,48.8436,54.2173,102.8621,13.088,0.0,3.731508,7.079487,1.545355,30,207,63,6,0.32204186,0.01770420,-0.00338982,0E-8,0.000000,0.904812,0.002133,0.03111404,2026-03-21,2026-08-06,120,3733,1703,139,0.863309,1.227414,1.154177,1.073473,,,,,,,,GLOBAL_BASELINE_NO_ENTITY_RANKING,,,NOT_APPLICABLE_GLOBAL_BASELINE,HF9g-P5,,,,X 全窗基线 · 不参与实体赏罚,15053606,1506,A168_HF9F_20260827_0900,2026-08-27 09:00:00
2026-07-05,127529701,1383,0,134.2524462344,-58.7354452275,-58.7354452275,0.2500000,4,4,0.49994810000000000,0.499948100000,-0.9997924053861017,-0.9997924053861017,-0.9997924053861017,0E-17,ELIGIBLE,R03b_20260811_FULL_v1,L1_ELIGIBILITY,v2026-08-11,2026-03-21..2026-08-06,baccarat_bet02_101_all_pairs_incl_sentinel,round_win = game_pnl > 0 (decisive only),COMPATIBILITY_ONLY_NOT_PRODUCTION,557989.4742,504875.3716,9878.7574,24851,24505,-0.01770420,0.00338982,-0.02772422,-0.01770420,-9878.7574,557989.4742,OK,0.0000,395.1503,4.0000,96.0000,AG03-UNRESOLVED,ALL5_LEVELS_bet23_to_bet27,395.1503,395.1503,395.1503,0.0000,0.0000,4.000000,4.000000,4.000000,0.000000,0.000000,96.000000,96.000000,96.000000,100.000000,100.000000,5.0,1185.4509,1138.6651,8693.3065,8740.0923,PENDING_AG03,FALSE,NOT_FOR_ENFORCEMENT,9483.6071,484680.3568,9878.7574,9483.6071,395.1503,0.01770420,0.01699603,395.1503,9483.6071,0.01699603,395.1503,395.1503,395.1503,0.0000,0.0000,9483.6071,0.01699603,1185.4509,1138.6651,8693.3065,8740.0923,0.01557970,0.01566354,0.00070817,22.4534,20.6030,0.4031,82.3230,2.6463,4649.9123,204.2083,25.9152,21.1137,12.8578,14.5296,26.176,48.8436,54.2173,102.8621,13.088,0.0,3.731508,7.079487,1.545355,30,207,63,6,0.32204186,0.01770420,-0.00338982,0E-8,0.000000,0.904812,0.002133,0.03111404,2026-03-21,2026-08-06,120,3733,1703,139,0.863309,1.227414,1.154177,1.073473,,,,,,,,GLOBAL_BASELINE_NO_ENTITY_RANKING,,,NOT_APPLICABLE_GLOBAL_BASELINE,HF9g-P5,,,,X 全窗基线 · 不参与实体赏罚,15053607,1506,A168_HF9F_20260827_0900,2026-08-27 09:00:00
2026-07-05,127529701,1384,0,399.6592053286,69.9274520436,69.9274520436,0.5714286,16,16,0.50078592500000000,0.500785925000,0.5286418127227984,0.5286418127227984,0.5286418127227984,0E-17,ELIGIBLE,R03b_20260811_FULL_v1,L1_ELIGIBILITY,v2026-08-11,2026-03-21..2026-08-06,baccarat_bet02_101_all_pairs_incl_sentinel,round_win = game_pnl > 0 (decisive only),COMPATIBILITY_ONLY_NOT_PRODUCTION,557989.4742,504875.3716,9878.7574,24851,24505,-0.01770420,0.00338982,-0.02772422,-0.01770420,-9878.7574,557989.4742,OK,0.0000,395.1503,4.0000,96.0000,AG03-UNRESOLVED,ALL5_LEVELS_bet23_to_bet27,395.1503,395.1503,395.1503,0.0000,0.0000,4.000000,4.000000,4.000000,0.000000,0.000000,96.000000,96.000000,96.000000,100.000000,100.000000,5.0,1185.4509,1138.6651,8693.3065,8740.0923,PENDING_AG03,FALSE,NOT_FOR_ENFORCEMENT,9483.6071,484680.3568,9878.7574,9483.6071,395.1503,0.01770420,0.01699603,395.1503,9483.6071,0.01699603,395.1503,395.1503,395.1503,0.0000,0.0000,9483.6071,0.01699603,1185.4509,1138.6651,8693.3065,8740.0923,0.01557970,0.01566354,0.00070817,22.4534,20.6030,0.4031,82.3230,2.6463,4649.9123,204.2083,25.9152,21.1137,12.8578,14.5296,26.176,48.8436,54.2173,102.8621,13.088,0.0,3.731508,7.079487,1.545355,30,207,63,6,0.32204186,0.01770420,-0.00338982,0E-8,0.000000,0.904812,0.002133,0.03111404,2026-03-21,2026-08-06,120,3733,1703,139,0.863309,1.227414,1.154177,1.073473,,,,,,,,GLOBAL_BASELINE_NO_ENTITY_RANKING,,,NOT_APPLICABLE_GLOBAL_BASELINE,HF9g-P5,,,,X 全窗基线 · 不参与实体赏罚,15053608,1506,A168_HF9F_20260827_0900,2026-08-27 09:00:00
2026-07-05,127529701,1401,0,42.5993339013,-9.8753001317,-9.8753001317,0.5000000,2,2,0.50665070000000000,0.506650700000,-0.018812684590367487,-0.018812684590367487,-0.018812684590367487,0E-17,ELIGIBLE,R03b_20260811_FULL_v1,L1_ELIGIBILITY,v2026-08-11,2026-03-21..2026-08-06,baccarat_bet02_101_all_pairs_incl_sentinel,round_win = game_pnl > 0 (decisive only),COMPATIBILITY_ONLY_NOT_PRODUCTION,557989.4742,504875.3716,9878.7574,24851,24505,-0.01770420,0.00338982,-0.02772422,-0.01770420,-9878.7574,557989.4742,OK,0.0000,395.1503,4.0000,96.0000,AG03-UNRESOLVED,ALL5_LEVELS_bet23_to_bet27,395.1503,395.1503,395.1503,0.0000,0.0000,4.000000,4.000000,4.000000,0.000000,0.000000,96.000000,96.000000,96.000000,100.000000,100.000000,5.0,1185.4509,1138.6651,8693.3065,8740.0923,PENDING_AG03,FALSE,NOT_FOR_ENFORCEMENT,9483.6071,484680.3568,9878.7574,9483.6071,395.1503,0.01770420,0.01699603,395.1503,9483.6071,0.01699603,395.1503,395.1503,395.1503,0.0000,0.0000,9483.6071,0.01699603,1185.4509,1138.6651,8693.3065,8740.0923,0.01557970,0.01566354,0.00070817,22.4534,20.6030,0.4031,82.3230,2.6463,4649.9123,204.2083,25.9152,21.1137,12.8578,14.5296,26.176,48.8436,54.2173,102.8621,13.088,0.0,3.731508,7.079487,1.545355,30,207,63,6,0.32204186,0.01770420,-0.00338982,0E-8,0.000000,0.904812,0.002133,0.03111404,2026-03-21,2026-08-06,120,3733,1703,139,0.863309,1.227414,1.154177,1.073473,,,,,,,,GLOBAL_BASELINE_NO_ENTITY_RANKING,,,NOT_APPLICABLE_GLOBAL_BASELINE,HF9g-P5,,,,X 全窗基线 · 不参与实体赏罚,15053609,1506,A168_HF9F_20260827_0900,2026-08-27 09:00:00
2026-07-05,127529701,1623,0,94.2348901453,19.3633335915,19.3633335915,0.5000000,2,2,0.49994810000000000,0.499948100000,0.00014679536856514622,0.00014679536856514622,0.00014679536856514622,0E-17,ELIGIBLE,R03b_20260811_FULL_v1,L1_ELIGIBILITY,v2026-08-11,2026-03-21..2026-08-06,baccarat_bet02_101_all_pairs_incl_sentinel,round_win = game_pnl > 0 (decisive only),COMPATIBILITY_ONLY_NOT_PRODUCTION,557989.4742,504875.3716,9878.7574,24851,24505,-0.01770420,0.00338982,-0.02772422,-0.01770420,-9878.7574,557989.4742,OK,0.0000,395.1503,4.0000,96.0000,AG03-UNRESOLVED,ALL5_LEVELS_bet23_to_bet27,395.1503,395.1503,395.1503,0.0000,0.0000,4.000000,4.000000,4.000000,0.000000,0.000000,96.000000,96.000000,96.000000,100.000000,100.000000,5.0,1185.4509,1138.6651,8693.3065,8740.0923,PENDING_AG03,FALSE,NOT_FOR_ENFORCEMENT,9483.6071,484680.3568,9878.7574,9483.6071,395.1503,0.01770420,0.01699603,395.1503,9483.6071,0.01699603,395.1503,395.1503,395.1503,0.0000,0.0000,9483.6071,0.01699603,1185.4509,1138.6651,8693.3065,8740.0923,0.01557970,0.01566354,0.00070817,22.4534,20.6030,0.4031,82.3230,2.6463,4649.9123,204.2083,25.9152,21.1137,12.8578,14.5296,26.176,48.8436,54.2173,102.8621,13.088,0.0,3.731508,7.079487,1.545355,30,207,63,6,0.32204186,0.01770420,-0.00338982,0E-8,0.000000,0.904812,0.002133,0.03111404,2026-03-21,2026-08-06,120,3733,1703,139,0.863309,1.227414,1.154177,1.073473,,,,,,,,GLOBAL_BASELINE_NO_ENTITY_RANKING,,,NOT_APPLICABLE_GLOBAL_BASELINE,HF9g-P5,,,,X 全窗基线 · 不参与实体赏罚,15053610,1506,A168_HF9F_20260827_0900,2026-08-27 09:00:00
2026-07-05,127529701,1994,0,79.0024010534,-25.8177781220,-25.8177781220,0E-7,2,2,0.49324550000000000,0.493245500000,-0.9865810262130424,-0.9865810262130424,-0.9865810262130424,0E-17,ELIGIBLE,R03b_20260811_FULL_v1,L1_ELIGIBILITY,v2026-08-11,2026-03-21..2026-08-06,baccarat_bet02_101_all_pairs_incl_sentinel,round_win = game_pnl > 0 (decisive only),COMPATIBILITY_ONLY_NOT_PRODUCTION,557989.4742,504875.3716,9878.7574,24851,24505,-0.01770420,0.00338982,-0.02772422,-0.01770420,-9878.7574,557989.4742,OK,0.0000,395.1503,4.0000,96.0000,AG03-UNRESOLVED,ALL5_LEVELS_bet23_to_bet27,395.1503,395.1503,395.1503,0.0000,0.0000,4.000000,4.000000,4.000000,0.000000,0.000000,96.000000,96.000000,96.000000,100.000000,100.000000,5.0,1185.4509,1138.6651,8693.3065,8740.0923,PENDING_AG03,FALSE,NOT_FOR_ENFORCEMENT,9483.6071,484680.3568,9878.7574,9483.6071,395.1503,0.01770420,0.01699603,395.1503,9483.6071,0.01699603,395.1503,395.1503,395.1503,0.0000,0.0000,9483.6071,0.01699603,1185.4509,1138.6651,8693.3065,8740.0923,0.01557970,0.01566354,0.00070817,22.4534,20.6030,0.4031,82.3230,2.6463,4649.9123,204.2083,25.9152,21.1137,12.8578,14.5296,26.176,48.8436,54.2173,102.8621,13.088,0.0,3.731508,7.079487,1.545355,30,207,63,6,0.32204186,0.01770420,-0.00338982,0E-8,0.000000,0.904812,0.002133,0.03111404,2026-03-21,2026-08-06,120,3733,1703,139,0.863309,1.227414,1.154177,1.073473,,,,,,,,GLOBAL_BASELINE_NO_ENTITY_RANKING,,,NOT_APPLICABLE_GLOBAL_BASELINE,HF9g-P5,,,,X 全窗基线 · 不参与实体赏罚,15053611,1506,A168_HF9F_20260827_0900,2026-08-27 09:00:00
2026-07-05,127529701,2081,0,25.8177781220,-25.8177781220,-25.8177781220,0E-7,1,1,0.49324550000000000,0.493245500000,-0.9865810262130424,-0.9865810262130424,-0.9865810262130424,0E-17,ELIGIBLE,R03b_20260811_FULL_v1,L1_ELIGIBILITY,v2026-08-11,2026-03-21..2026-08-06,baccarat_bet02_101_all_pairs_incl_sentinel,round_win = game_pnl > 0 (decisive only),COMPATIBILITY_ONLY_NOT_PRODUCTION,557989.4742,504875.3716,9878.7574,24851,24505,-0.01770420,0.00338982,-0.02772422,-0.01770420,-9878.7574,557989.4742,OK,0.0000,395.1503,4.0000,96.0000,AG03-UNRESOLVED,ALL5_LEVELS_bet23_to_bet27,395.1503,395.1503,395.1503,0.0000,0.0000,4.000000,4.000000,4.000000,0.000000,0.000000,96.000000,96.000000,96.000000,100.000000,100.000000,5.0,1185.4509,1138.6651,8693.3065,8740.0923,PENDING_AG03,FALSE,NOT_FOR_ENFORCEMENT,9483.6071,484680.3568,9878.7574,9483.6071,395.1503,0.01770420,0.01699603,395.1503,9483.6071,0.01699603,395.1503,395.1503,395.1503,0.0000,0.0000,9483.6071,0.01699603,1185.4509,1138.6651,8693.3065,8740.0923,0.01557970,0.01566354,0.00070817,22.4534,20.6030,0.4031,82.3230,2.6463,4649.9123,204.2083,25.9152,21.1137,12.8578,14.5296,26.176,48.8436,54.2173,102.8621,13.088,0.0,3.731508,7.079487,1.545355,30,207,63,6,0.32204186,0.01770420,-0.00338982,0E-8,0.000000,0.904812,0.002133,0.03111404,2026-03-21,2026-08-06,120,3733,1703,139,0.863309,1.227414,1.154177,1.073473,,,,,,,,GLOBAL_BASELINE_NO_ENTITY_RANKING,,,NOT_APPLICABLE_GLOBAL_BASELINE,HF9g-P5,,,,X 全窗基线 · 不参与实体赏罚,15053612,1506,A168_HF9F_20260827_0900,2026-08-27 09:00:00
2026-07-05,127529701,2160,0,152.3248909198,-51.6355562440,-51.6355562440,0.2500000,4,4,0.50329940000000000,0.503299400000,-1.013219660140378,-1.013219660140378,-1.013219660140378,0E-17,ELIGIBLE,R03b_20260811_FULL_v1,L1_ELIGIBILITY,v2026-08-11,2026-03-21..2026-08-06,baccarat_bet02_101_all_pairs_incl_sentinel,round_win = game_pnl > 0 (decisive only),COMPATIBILITY_ONLY_NOT_PRODUCTION,557989.4742,504875.3716,9878.7574,24851,24505,-0.01770420,0.00338982,-0.02772422,-0.01770420,-9878.7574,557989.4742,OK,0.0000,395.1503,4.0000,96.0000,AG03-UNRESOLVED,ALL5_LEVELS_bet23_to_bet27,395.1503,395.1503,395.1503,0.0000,0.0000,4.000000,4.000000,4.000000,0.000000,0.000000,96.000000,96.000000,96.000000,100.000000,100.000000,5.0,1185.4509,1138.6651,8693.3065,8740.0923,PENDING_AG03,FALSE,NOT_FOR_ENFORCEMENT,9483.6071,484680.3568,9878.7574,9483.6071,395.1503,0.01770420,0.01699603,395.1503,9483.6071,0.01699603,395.1503,395.1503,395.1503,0.0000,0.0000,9483.6071,0.01699603,1185.4509,1138.6651,8693.3065,8740.0923,0.01557970,0.01566354,0.00070817,22.4534,20.6030,0.4031,82.3230,2.6463,4649.9123,204.2083,25.9152,21.1137,12.8578,14.5296,26.176,48.8436,54.2173,102.8621,13.088,0.0,3.731508,7.079487,1.545355,30,207,63,6,0.32204186,0.01770420,-0.00338982,0E-8,0.000000,0.904812,0.002133,0.03111404,2026-03-21,2026-08-06,120,3733,1703,139,0.863309,1.227414,1.154177,1.073473,,,,,,,,GLOBAL_BASELINE_NO_ENTITY_RANKING,,,NOT_APPLICABLE_GLOBAL_BASELINE,HF9g-P5,,,,X 全窗基线 · 不参与实体赏罚,15053613,1506,A168_HF9F_20260827_0900,2026-08-27 09:00:00
2026-07-05,127529701,2171,0,38.7266671830,36.7903338239,36.7903338239,1.0000000,1,1,0.50665070000000000,0.506650700000,0.9867858985152569,0.9867858985152569,0.9867858985152569,0E-17,ELIGIBLE,R03b_20260811_FULL_v1,L1_ELIGIBILITY,v2026-08-11,2026-03-21..2026-08-06,baccarat_bet02_101_all_pairs_incl_sentinel,round_win = game_pnl > 0 (decisive only),COMPATIBILITY_ONLY_NOT_PRODUCTION,557989.4742,504875.3716,9878.7574,24851,24505,-0.01770420,0.00338982,-0.02772422,-0.01770420,-9878.7574,557989.4742,OK,0.0000,395.1503,4.0000,96.0000,AG03-UNRESOLVED,ALL5_LEVELS_bet23_to_bet27,395.1503,395.1503,395.1503,0.0000,0.0000,4.000000,4.000000,4.000000,0.000000,0.000000,96.000000,96.000000,96.000000,100.000000,100.000000,5.0,1185.4509,1138.6651,8693.3065,8740.0923,PENDING_AG03,FALSE,NOT_FOR_ENFORCEMENT,9483.6071,484680.3568,9878.7574,9483.6071,395.1503,0.01770420,0.01699603,395.1503,9483.6071,0.01699603,395.1503,395.1503,395.1503,0.0000,0.0000,9483.6071,0.01699603,1185.4509,1138.6651,8693.3065,8740.0923,0.01557970,0.01566354,0.00070817,22.4534,20.6030,0.4031,82.3230,2.6463,4649.9123,204.2083,25.9152,21.1137,12.8578,14.5296,26.176,48.8436,54.2173,102.8621,13.088,0.0,3.731508,7.079487,1.545355,30,207,63,6,0.32204186,0.01770420,-0.00338982,0E-8,0.000000,0.904812,0.002133,0.03111404,2026-03-21,2026-08-06,120,3733,1703,139,0.863309,1.227414,1.154177,1.073473,,,,,,,,GLOBAL_BASELINE_NO_ENTITY_RANKING,,,NOT_APPLICABLE_GLOBAL_BASELINE,HF9g-P5,,,,X 全窗基线 · 不参与实体赏罚,15053614,1506,A168_HF9F_20260827_0900,2026-08-27 09:00:00
2026-07-05,127529701,2196,0,301.8098262462,-64.6089897502,-64.6089897502,0.4000000,13,12,0.50357867500000000,0.503857950000,-0.655105840028883,-0.656874904083567,-0.655105840028883,-0.00027927500000000,ELIGIBLE,R03b_20260811_FULL_v1,L1_ELIGIBILITY,v2026-08-11,2026-03-21..2026-08-06,baccarat_bet02_101_all_pairs_incl_sentinel,round_win = game_pnl > 0 (decisive only),COMPATIBILITY_ONLY_NOT_PRODUCTION,557989.4742,504875.3716,9878.7574,24851,24505,-0.01770420,0.00338982,-0.02772422,-0.01770420,-9878.7574,557989.4742,OK,0.0000,395.1503,4.0000,96.0000,AG03-UNRESOLVED,ALL5_LEVELS_bet23_to_bet27,395.1503,395.1503,395.1503,0.0000,0.0000,4.000000,4.000000,4.000000,0.000000,0.000000,96.000000,96.000000,96.000000,100.000000,100.000000,5.0,1185.4509,1138.6651,8693.3065,8740.0923,PENDING_AG03,FALSE,NOT_FOR_ENFORCEMENT,9483.6071,484680.3568,9878.7574,9483.6071,395.1503,0.01770420,0.01699603,395.1503,9483.6071,0.01699603,395.1503,395.1503,395.1503,0.0000,0.0000,9483.6071,0.01699603,1185.4509,1138.6651,8693.3065,8740.0923,0.01557970,0.01566354,0.00070817,22.4534,20.6030,0.4031,82.3230,2.6463,4649.9123,204.2083,25.9152,21.1137,12.8578,14.5296,26.176,48.8436,54.2173,102.8621,13.088,0.0,3.731508,7.079487,1.545355,30,207,63,6,0.32204186,0.01770420,-0.00338982,0E-8,0.000000,0.904812,0.002133,0.03111404,2026-03-21,2026-08-06,120,3733,1703,139,0.863309,1.227414,1.154177,1.073473,,,,,,,,GLOBAL_BASELINE_NO_ENTITY_RANKING,,,NOT_APPLICABLE_GLOBAL_BASELINE,HF9g-P5,,,,X 全窗基线 · 不参与实体赏罚,15053615,1506,A168_HF9F_20260827_0900,2026-08-27 09:00:00
2026-07-05,127529701,529,0,12.9088890610,-12.9088890610,-12.9088890610,0E-7,1,1,0.50665070000000000,0.506650700000,-1.013391052207602,-1.013391052207602,-1.013391052207602,0E-17,ELIGIBLE,R03b_20260811_FULL_v1,L1_ELIGIBILITY,v2026-08-11,2026-03-21..2026-08-06,baccarat_bet02_101_all_pairs_incl_sentinel,round_win = game_pnl > 0 (decisive only),COMPATIBILITY_ONLY_NOT_PRODUCTION,557989.4742,504875.3716,9878.7574,24851,24505,-0.01770420,0.00338982,-0.02772422,-0.01770420,-9878.7574,557989.4742,OK,0.0000,395.1503,4.0000,96.0000,AG03-UNRESOLVED,ALL5_LEVELS_bet23_to_bet27,395.1503,395.1503,395.1503,0.0000,0.0000,4.000000,4.000000,4.000000,0.000000,0.000000,96.000000,96.000000,96.000000,100.000000,100.000000,5.0,1185.4509,1138.6651,8693.3065,8740.0923,PENDING_AG03,FALSE,NOT_FOR_ENFORCEMENT,9483.6071,484680.3568,9878.7574,9483.6071,395.1503,0.01770420,0.01699603,395.1503,9483.6071,0.01699603,395.1503,395.1503,395.1503,0.0000,0.0000,9483.6071,0.01699603,1185.4509,1138.6651,8693.3065,8740.0923,0.01557970,0.01566354,0.00070817,22.4534,20.6030,0.4031,82.3230,2.6463,4649.9123,204.2083,25.9152,21.1137,12.8578,14.5296,26.176,48.8436,54.2173,102.8621,13.088,0.0,3.731508,7.079487,1.545355,30,207,63,6,0.32204186,0.01770420,-0.00338982,0E-8,0.000000,0.904812,0.002133,0.03111404,2026-03-21,2026-08-06,120,3733,1703,139,0.863309,1.227414,1.154177,1.073473,,,,,,,,GLOBAL_BASELINE_NO_ENTITY_RANKING,,,NOT_APPLICABLE_GLOBAL_BASELINE,HF9g-P5,,,,X 全窗基线 · 不参与实体赏罚,15053616,1506,A168_HF9F_20260827_0900,2026-08-27 09:00:00
2026-07-05,127529701,970,0,342.0855601166,-216.2238917718,-216.2238917718,0.4285714,7,7,0.49707555714285714,0.497075557143,-0.3624959764119633,-0.36249597641271863,-0.3624959764119633,-1.4286E-13,ELIGIBLE,R03b_20260811_FULL_v1,L1_ELIGIBILITY,v2026-08-11,2026-03-21..2026-08-06,baccarat_bet02_101_all_pairs_incl_sentinel,round_win = game_pnl > 0 (decisive only),COMPATIBILITY_ONLY_NOT_PRODUCTION,557989.4742,504875.3716,9878.7574,24851,24505,-0.01770420,0.00338982,-0.02772422,-0.01770420,-9878.7574,557989.4742,OK,0.0000,395.1503,4.0000,96.0000,AG03-UNRESOLVED,ALL5_LEVELS_bet23_to_bet27,395.1503,395.1503,395.1503,0.0000,0.0000,4.000000,4.000000,4.000000,0.000000,0.000000,96.000000,96.000000,96.000000,100.000000,100.000000,5.0,1185.4509,1138.6651,8693.3065,8740.0923,PENDING_AG03,FALSE,NOT_FOR_ENFORCEMENT,9483.6071,484680.3568,9878.7574,9483.6071,395.1503,0.01770420,0.01699603,395.1503,9483.6071,0.01699603,395.1503,395.1503,395.1503,0.0000,0.0000,9483.6071,0.01699603,1185.4509,1138.6651,8693.3065,8740.0923,0.01557970,0.01566354,0.00070817,22.4534,20.6030,0.4031,82.3230,2.6463,4649.9123,204.2083,25.9152,21.1137,12.8578,14.5296,26.176,48.8436,54.2173,102.8621,13.088,0.0,3.731508,7.079487,1.545355,30,207,63,6,0.32204186,0.01770420,-0.00338982,0E-8,0.000000,0.904812,0.002133,0.03111404,2026-03-21,2026-08-06,120,3733,1703,139,0.863309,1.227414,1.154177,1.073473,,,,,,,,GLOBAL_BASELINE_NO_ENTITY_RANKING,,,NOT_APPLICABLE_GLOBAL_BASELINE,HF9g-P5,,,,X 全窗基线 · 不参与实体赏罚,15053617,1506,A168_HF9F_20260827_0900,2026-08-27 09:00:00
2026-07-06,127529701,1710,0,10.0689334676,-5.0344667338,-5.0344667338,0.5000000,2,2,0.49994810000000000,0.499948100000,0.00014679536856514622,0.00014679536856514622,0.00014679536856514622,0E-17,ELIGIBLE,R03b_20260811_FULL_v1,L1_ELIGIBILITY,v2026-08-11,2026-03-21..2026-08-06,baccarat_bet02_101_all_pairs_incl_sentinel,round_win = game_pnl > 0 (decisive only),COMPATIBILITY_ONLY_NOT_PRODUCTION,557989.4742,504875.3716,9878.7574,24851,24505,-0.01770420,0.00338982,-0.02772422,-0.01770420,-9878.7574,557989.4742,OK,0.0000,395.1503,4.0000,96.0000,AG03-UNRESOLVED,ALL5_LEVELS_bet23_to_bet27,395.1503,395.1503,395.1503,0.0000,0.0000,4.000000,4.000000,4.000000,0.000000,0.000000,96.000000,96.000000,96.000000,100.000000,100.000000,5.0,1185.4509,1138.6651,8693.3065,8740.0923,PENDING_AG03,FALSE,NOT_FOR_ENFORCEMENT,9483.6071,484680.3568,9878.7574,9483.6071,395.1503,0.01770420,0.01699603,395.1503,9483.6071,0.01699603,395.1503,395.1503,395.1503,0.0000,0.0000,9483.6071,0.01699603,1185.4509,1138.6651,8693.3065,8740.0923,0.01557970,0.01566354,0.00070817,22.4534,20.6030,0.4031,82.3230,2.6463,4649.9123,204.2083,25.9152,21.1137,12.8578,14.5296,26.176,48.8436,54.2173,102.8621,13.088,0.0,3.731508,7.079487,1.545355,30,207,63,6,0.32204186,0.01770420,-0.00338982,0E-8,0.000000,0.904812,0.002133,0.03111404,2026-03-21,2026-08-06,120,3733,1703,139,0.863309,1.227414,1.154177,1.073473,,,,,,,,GLOBAL_BASELINE_NO_ENTITY_RANKING,,,NOT_APPLICABLE_GLOBAL_BASELINE,HF9g-P5,,,,X 全窗基线 · 不参与实体赏罚,15053618,1506,A168_HF9F_20260827_0900,2026-08-27 09:00:00
2026-07-06,127529701,1985,0,25.8177781220,-0.6454444530,-0.6454444530,0.5000000,2,2,0.49994810000000000,0.499948100000,0.00014679536856514622,0.00014679536856514622,0.00014679536856514622,0E-17,ELIGIBLE,R03b_20260811_FULL_v1,L1_ELIGIBILITY,v2026-08-11,2026-03-21..2026-08-06,baccarat_bet02_101_all_pairs_incl_sentinel,round_win = game_pnl > 0 (decisive only),COMPATIBILITY_ONLY_NOT_PRODUCTION,557989.4742,504875.3716,9878.7574,24851,24505,-0.01770420,0.00338982,-0.02772422,-0.01770420,-9878.7574,557989.4742,OK,0.0000,395.1503,4.0000,96.0000,AG03-UNRESOLVED,ALL5_LEVELS_bet23_to_bet27,395.1503,395.1503,395.1503,0.0000,0.0000,4.000000,4.000000,4.000000,0.000000,0.000000,96.000000,96.000000,96.000000,100.000000,100.000000,5.0,1185.4509,1138.6651,8693.3065,8740.0923,PENDING_AG03,FALSE,NOT_FOR_ENFORCEMENT,9483.6071,484680.3568,9878.7574,9483.6071,395.1503,0.01770420,0.01699603,395.1503,9483.6071,0.01699603,395.1503,395.1503,395.1503,0.0000,0.0000,9483.6071,0.01699603,1185.4509,1138.6651,8693.3065,8740.0923,0.01557970,0.01566354,0.00070817,22.4534,20.6030,0.4031,82.3230,2.6463,4649.9123,204.2083,25.9152,21.1137,12.8578,14.5296,26.176,48.8436,54.2173,102.8621,13.088,0.0,3.731508,7.079487,1.545355,30,207,63,6,0.32204186,0.01770420,-0.00338982,0E-8,0.000000,0.904812,0.002133,0.03111404,2026-03-21,2026-08-06,120,3733,1703,139,0.863309,1.227414,1.154177,1.073473,,,,,,,,GLOBAL_BASELINE_NO_ENTITY_RANKING,,,NOT_APPLICABLE_GLOBAL_BASELINE,HF9g-P5,,,,X 全窗基线 · 不参与实体赏罚,15053619,1506,A168_HF9F_20260827_0900,2026-08-27 09:00:00
2026-07-06,127529701,2088,0,196.7314692896,-123.4089794232,-123.4089794232,0.1428571,8,8,0.49324550000000000,0.493245500000,-1.8542501122128092,-1.8542501122128097,-1.8542501122128092,0E-17,ELIGIBLE,R03b_20260811_FULL_v1,L1_ELIGIBILITY,v2026-08-11,2026-03-21..2026-08-06,baccarat_bet02_101_all_pairs_incl_sentinel,round_win = game_pnl > 0 (decisive only),COMPATIBILITY_ONLY_NOT_PRODUCTION,557989.4742,504875.3716,9878.7574,24851,24505,-0.01770420,0.00338982,-0.02772422,-0.01770420,-9878.7574,557989.4742,OK,0.0000,395.1503,4.0000,96.0000,AG03-UNRESOLVED,ALL5_LEVELS_bet23_to_bet27,395.1503,395.1503,395.1503,0.0000,0.0000,4.000000,4.000000,4.000000,0.000000,0.000000,96.000000,96.000000,96.000000,100.000000,100.000000,5.0,1185.4509,1138.6651,8693.3065,8740.0923,PENDING_AG03,FALSE,NOT_FOR_ENFORCEMENT,9483.6071,484680.3568,9878.7574,9483.6071,395.1503,0.01770420,0.01699603,395.1503,9483.6071,0.01699603,395.1503,395.1503,395.1503,0.0000,0.0000,9483.6071,0.01699603,1185.4509,1138.6651,8693.3065,8740.0923,0.01557970,0.01566354,0.00070817,22.4534,20.6030,0.4031,82.3230,2.6463,4649.9123,204.2083,25.9152,21.1137,12.8578,14.5296,26.176,48.8436,54.2173,102.8621,13.088,0.0,3.731508,7.079487,1.545355,30,207,63,6,0.32204186,0.01770420,-0.00338982,0E-8,0.000000,0.904812,0.002133,0.03111404,2026-03-21,2026-08-06,120,3733,1703,139,0.863309,1.227414,1.154177,1.073473,,,,,,,,GLOBAL_BASELINE_NO_ENTITY_RANKING,,,NOT_APPLICABLE_GLOBAL_BASELINE,HF9g-P5,,,,X 全窗基线 · 不参与实体赏罚,15053620,1506,A168_HF9F_20260827_0900,2026-08-27 09:00:00
2026-07-08,127529701,-1,1,1020.3185913815,-38.5975782922,-38.5975782922,0.5000000,38,37,0.49952541351351351,0.499585797297,0.005695040403252933,0.004970434141494217,0.005695040403252933,-0.00006038378348649,SENTINEL_DEALER,R03b_20260811_FULL_v1,L1_ELIGIBILITY,v2026-08-11,2026-03-21..2026-08-06,baccarat_bet02_101_all_pairs_incl_sentinel,round_win = game_pnl > 0 (decisive only),COMPATIBILITY_ONLY_NOT_PRODUCTION,557989.4742,504875.3716,9878.7574,24851,24505,-0.01770420,0.00338982,-0.02772422,-0.01770420,-9878.7574,557989.4742,OK,0.0000,395.1503,4.0000,96.0000,AG03-UNRESOLVED,ALL5_LEVELS_bet23_to_bet27,395.1503,395.1503,395.1503,0.0000,0.0000,4.000000,4.000000,4.000000,0.000000,0.000000,96.000000,96.000000,96.000000,100.000000,100.000000,5.0,1185.4509,1138.6651,8693.3065,8740.0923,PENDING_AG03,FALSE,NOT_FOR_ENFORCEMENT,9483.6071,484680.3568,9878.7574,9483.6071,395.1503,0.01770420,0.01699603,395.1503,9483.6071,0.01699603,395.1503,395.1503,395.1503,0.0000,0.0000,9483.6071,0.01699603,1185.4509,1138.6651,8693.3065,8740.0923,0.01557970,0.01566354,0.00070817,22.4534,20.6030,0.4031,82.3230,2.6463,4649.9123,204.2083,25.9152,21.1137,12.8578,14.5296,26.176,48.8436,54.2173,102.8621,13.088,0.0,3.731508,7.079487,1.545355,30,207,63,6,0.32204186,0.01770420,-0.00338982,0E-8,0.000000,0.904812,0.002133,0.03111404,2026-03-21,2026-08-06,120,3733,1703,139,0.863309,1.227414,1.154177,1.073473,,,,,,,,GLOBAL_BASELINE_NO_ENTITY_RANKING,,,NOT_APPLICABLE_GLOBAL_BASELINE,HF9g-P5,,,,X 全窗基线 · 不参与实体赏罚,15053621,1506,A168_HF9F_20260827_0900,2026-08-27 09:00:00
2026-07-08,127529701,1115,0,72.2897787416,48.8085095397,48.8085095397,1.0000000,3,3,0.50665070000000000,0.506650700000,1.3955260008387969,1.3955260008387969,1.3955260008387969,0E-17,ELIGIBLE,R03b_20260811_FULL_v1,L1_ELIGIBILITY,v2026-08-11,2026-03-21..2026-08-06,baccarat_bet02_101_all_pairs_incl_sentinel,round_win = game_pnl > 0 (decisive only),COMPATIBILITY_ONLY_NOT_PRODUCTION,557989.4742,504875.3716,9878.7574,24851,24505,-0.01770420,0.00338982,-0.02772422,-0.01770420,-9878.7574,557989.4742,OK,0.0000,395.1503,4.0000,96.0000,AG03-UNRESOLVED,ALL5_LEVELS_bet23_to_bet27,395.1503,395.1503,395.1503,0.0000,0.0000,4.000000,4.000000,4.000000,0.000000,0.000000,96.000000,96.000000,96.000000,100.000000,100.000000,5.0,1185.4509,1138.6651,8693.3065,8740.0923,PENDING_AG03,FALSE,NOT_FOR_ENFORCEMENT,9483.6071,484680.3568,9878.7574,9483.6071,395.1503,0.01770420,0.01699603,395.1503,9483.6071,0.01699603,395.1503,395.1503,395.1503,0.0000,0.0000,9483.6071,0.01699603,1185.4509,1138.6651,8693.3065,8740.0923,0.01557970,0.01566354,0.00070817,22.4534,20.6030,0.4031,82.3230,2.6463,4649.9123,204.2083,25.9152,21.1137,12.8578,14.5296,26.176,48.8436,54.2173,102.8621,13.088,0.0,3.731508,7.079487,1.545355,30,207,63,6,0.32204186,0.01770420,-0.00338982,0E-8,0.000000,0.904812,0.002133,0.03111404,2026-03-21,2026-08-06,120,3733,1703,139,0.863309,1.227414,1.154177,1.073473,,,,,,,,GLOBAL_BASELINE_NO_ENTITY_RANKING,,,NOT_APPLICABLE_GLOBAL_BASELINE,HF9g-P5,,,,X 全窗基线 · 不参与实体赏罚,15053622,1506,A168_HF9F_20260827_0900,2026-08-27 09:00:00
2026-07-08,127529701,1210,0,257.4032478764,85.0695789121,85.0695789121,0.5000000,14,13,0.49535288076923077,0.485131273077,0.03219757715566242,0.10305914040840852,0.03219757715566242,0.01022160769223077,ELIGIBLE,R03b_20260811_FULL_v1,L1_ELIGIBILITY,v2026-08-11,2026-03-21..2026-08-06,baccarat_bet02_101_all_pairs_incl_sentinel,round_win = game_pnl > 0 (decisive only),COMPATIBILITY_ONLY_NOT_PRODUCTION,557989.4742,504875.3716,9878.7574,24851,24505,-0.01770420,0.00338982,-0.02772422,-0.01770420,-9878.7574,557989.4742,OK,0.0000,395.1503,4.0000,96.0000,AG03-UNRESOLVED,ALL5_LEVELS_bet23_to_bet27,395.1503,395.1503,395.1503,0.0000,0.0000,4.000000,4.000000,4.000000,0.000000,0.000000,96.000000,96.000000,96.000000,100.000000,100.000000,5.0,1185.4509,1138.6651,8693.3065,8740.0923,PENDING_AG03,FALSE,NOT_FOR_ENFORCEMENT,9483.6071,484680.3568,9878.7574,9483.6071,395.1503,0.01770420,0.01699603,395.1503,9483.6071,0.01699603,395.1503,395.1503,395.1503,0.0000,0.0000,9483.6071,0.01699603,1185.4509,1138.6651,8693.3065,8740.0923,0.01557970,0.01566354,0.00070817,22.4534,20.6030,0.4031,82.3230,2.6463,4649.9123,204.2083,25.9152,21.1137,12.8578,14.5296,26.176,48.8436,54.2173,102.8621,13.088,0.0,3.731508,7.079487,1.545355,30,207,63,6,0.32204186,0.01770420,-0.00338982,0E-8,0.000000,0.904812,0.002133,0.03111404,2026-03-21,2026-08-06,120,3733,1703,139,0.863309,1.227414,1.154177,1.073473,,,,,,,,GLOBAL_BASELINE_NO_ENTITY_RANKING,,,NOT_APPLICABLE_GLOBAL_BASELINE,HF9g-P5,,,,X 全窗基线 · 不参与实体赏罚,15053623,1506,A168_HF9F_20260827_0900,2026-08-27 09:00:00
2026-07-08,127529701,1221,0,37.9521338393,-37.9521338393,-37.9521338393,0E-7,2,2,0.49324550000000000,0.493245500000,-1.3952362676504506,-1.3952362676504506,-1.3952362676504506,0E-17,ELIGIBLE,R03b_20260811_FULL_v1,L1_ELIGIBILITY,v2026-08-11,2026-03-21..2026-08-06,baccarat_bet02_101_all_pairs_incl_sentinel,round_win = game_pnl > 0 (decisive only),COMPATIBILITY_ONLY_NOT_PRODUCTION,557989.4742,504875.3716,9878.7574,24851,24505,-0.01770420,0.00338982,-0.02772422,-0.01770420,-9878.7574,557989.4742,OK,0.0000,395.1503,4.0000,96.0000,AG03-UNRESOLVED,ALL5_LEVELS_bet23_to_bet27,395.1503,395.1503,395.1503,0.0000,0.0000,4.000000,4.000000,4.000000,0.000000,0.000000,96.000000,96.000000,96.000000,100.000000,100.000000,5.0,1185.4509,1138.6651,8693.3065,8740.0923,PENDING_AG03,FALSE,NOT_FOR_ENFORCEMENT,9483.6071,484680.3568,9878.7574,9483.6071,395.1503,0.01770420,0.01699603,395.1503,9483.6071,0.01699603,395.1503,395.1503,395.1503,0.0000,0.0000,9483.6071,0.01699603,1185.4509,1138.6651,8693.3065,8740.0923,0.01557970,0.01566354,0.00070817,22.4534,20.6030,0.4031,82.3230,2.6463,4649.9123,204.2083,25.9152,21.1137,12.8578,14.5296,26.176,48.8436,54.2173,102.8621,13.088,0.0,3.731508,7.079487,1.545355,30,207,63,6,0.32204186,0.01770420,-0.00338982,0E-8,0.000000,0.904812,0.002133,0.03111404,2026-03-21,2026-08-06,120,3733,1703,139,0.863309,1.227414,1.154177,1.073473,,,,,,,,GLOBAL_BASELINE_NO_ENTITY_RANKING,,,NOT_APPLICABLE_GLOBAL_BASELINE,HF9g-P5,,,,X 全窗基线 · 不参与实体赏罚,15053624,1506,A168_HF9F_20260827_0900,2026-08-27 09:00:00
2026-07-08,127529701,1299,0,12.9088890610,-12.9088890610,-12.9088890610,0E-7,1,1,0.50665070000000000,0.506650700000,-1.013391052207602,-1.013391052207602,-1.013391052207602,0E-17,ELIGIBLE,R03b_20260811_FULL_v1,L1_ELIGIBILITY,v2026-08-11,2026-03-21..2026-08-06,baccarat_bet02_101_all_pairs_incl_sentinel,round_win = game_pnl > 0 (decisive only),COMPATIBILITY_ONLY_NOT_PRODUCTION,557989.4742,504875.3716,9878.7574,24851,24505,-0.01770420,0.00338982,-0.02772422,-0.01770420,-9878.7574,557989.4742,OK,0.0000,395.1503,4.0000,96.0000,AG03-UNRESOLVED,ALL5_LEVELS_bet23_to_bet27,395.1503,395.1503,395.1503,0.0000,0.0000,4.000000,4.000000,4.000000,0.000000,0.000000,96.000000,96.000000,96.000000,100.000000,100.000000,5.0,1185.4509,1138.6651,8693.3065,8740.0923,PENDING_AG03,FALSE,NOT_FOR_ENFORCEMENT,9483.6071,484680.3568,9878.7574,9483.6071,395.1503,0.01770420,0.01699603,395.1503,9483.6071,0.01699603,395.1503,395.1503,395.1503,0.0000,0.0000,9483.6071,0.01699603,1185.4509,1138.6651,8693.3065,8740.0923,0.01557970,0.01566354,0.00070817,22.4534,20.6030,0.4031,82.3230,2.6463,4649.9123,204.2083,25.9152,21.1137,12.8578,14.5296,26.176,48.8436,54.2173,102.8621,13.088,0.0,3.731508,7.079487,1.545355,30,207,63,6,0.32204186,0.01770420,-0.00338982,0E-8,0.000000,0.904812,0.002133,0.03111404,2026-03-21,2026-08-06,120,3733,1703,139,0.863309,1.227414,1.154177,1.073473,,,,,,,,GLOBAL_BASELINE_NO_ENTITY_RANKING,,,NOT_APPLICABLE_GLOBAL_BASELINE,HF9g-P5,,,,X 全窗基线 · 不参与实体赏罚,15053625,1506,A168_HF9F_20260827_0900,2026-08-27 09:00:00
2026-07-08,127529701,1307,0,64.5444453050,-38.7266671830,-38.7266671830,0E-7,3,3,0.49771390000000000,0.497713900000,-1.4077622098436522,-1.4077622098436524,-1.4077622098436522,0E-17,ELIGIBLE,R03b_20260811_FULL_v1,L1_ELIGIBILITY,v2026-08-11,2026-03-21..2026-08-06,baccarat_bet02_101_all_pairs_incl_sentinel,round_win = game_pnl > 0 (decisive only),COMPATIBILITY_ONLY_NOT_PRODUCTION,557989.4742,504875.3716,9878.7574,24851,24505,-0.01770420,0.00338982,-0.02772422,-0.01770420,-9878.7574,557989.4742,OK,0.0000,395.1503,4.0000,96.0000,AG03-UNRESOLVED,ALL5_LEVELS_bet23_to_bet27,395.1503,395.1503,395.1503,0.0000,0.0000,4.000000,4.000000,4.000000,0.000000,0.000000,96.000000,96.000000,96.000000,100.000000,100.000000,5.0,1185.4509,1138.6651,8693.3065,8740.0923,PENDING_AG03,FALSE,NOT_FOR_ENFORCEMENT,9483.6071,484680.3568,9878.7574,9483.6071,395.1503,0.01770420,0.01699603,395.1503,9483.6071,0.01699603,395.1503,395.1503,395.1503,0.0000,0.0000,9483.6071,0.01699603,1185.4509,1138.6651,8693.3065,8740.0923,0.01557970,0.01566354,0.00070817,22.4534,20.6030,0.4031,82.3230,2.6463,4649.9123,204.2083,25.9152,21.1137,12.8578,14.5296,26.176,48.8436,54.2173,102.8621,13.088,0.0,3.731508,7.079487,1.545355,30,207,63,6,0.32204186,0.01770420,-0.00338982,0E-8,0.000000,0.904812,0.002133,0.03111404,2026-03-21,2026-08-06,120,3733,1703,139,0.863309,1.227414,1.154177,1.073473,,,,,,,,GLOBAL_BASELINE_NO_ENTITY_RANKING,,,NOT_APPLICABLE_GLOBAL_BASELINE,HF9g-P5,,,,X 全窗基线 · 不参与实体赏罚,15053626,1506,A168_HF9F_20260827_0900,2026-08-27 09:00:00
2026-07-08,127529701,1325,0,342.6019156790,-20.6542224975,-20.6542224975,0.5000000,12,12,0.50106520000000000,0.501065200000,-0.007379938828219007,-0.007379938828219008,-0.007379938828219007,0E-17,ELIGIBLE,R03b_20260811_FULL_v1,L1_ELIGIBILITY,v2026-08-11,2026-03-21..2026-08-06,baccarat_bet02_101_all_pairs_incl_sentinel,round_win = game_pnl > 0 (decisive only),COMPATIBILITY_ONLY_NOT_PRODUCTION,557989.4742,504875.3716,9878.7574,24851,24505,-0.01770420,0.00338982,-0.02772422,-0.01770420,-9878.7574,557989.4742,OK,0.0000,395.1503,4.0000,96.0000,AG03-UNRESOLVED,ALL5_LEVELS_bet23_to_bet27,395.1503,395.1503,395.1503,0.0000,0.0000,4.000000,4.000000,4.000000,0.000000,0.000000,96.000000,96.000000,96.000000,100.000000,100.000000,5.0,1185.4509,1138.6651,8693.3065,8740.0923,PENDING_AG03,FALSE,NOT_FOR_ENFORCEMENT,9483.6071,484680.3568,9878.7574,9483.6071,395.1503,0.01770420,0.01699603,395.1503,9483.6071,0.01699603,395.1503,395.1503,395.1503,0.0000,0.0000,9483.6071,0.01699603,1185.4509,1138.6651,8693.3065,8740.0923,0.01557970,0.01566354,0.00070817,22.4534,20.6030,0.4031,82.3230,2.6463,4649.9123,204.2083,25.9152,21.1137,12.8578,14.5296,26.176,48.8436,54.2173,102.8621,13.088,0.0,3.731508,7.079487,1.545355,30,207,63,6,0.32204186,0.01770420,-0.00338982,0E-8,0.000000,0.904812,0.002133,0.03111404,2026-03-21,2026-08-06,120,3733,1703,139,0.863309,1.227414,1.154177,1.073473,,,,,,,,GLOBAL_BASELINE_NO_ENTITY_RANKING,,,NOT_APPLICABLE_GLOBAL_BASELINE,HF9g-P5,,,,X 全窗基线 · 不参与实体赏罚,15053627,1506,A168_HF9F_20260827_0900,2026-08-27 09:00:00
2026-07-08,127529701,1331,0,107.1437792063,-21.2996669506,-21.2996669506,0.3333333,6,6,0.49994810000000000,0.499948100000,-0.8162423282897021,-0.8162423282897021,-0.8162423282897021,0E-17,ELIGIBLE,R03b_20260811_FULL_v1,L1_ELIGIBILITY,v2026-08-11,2026-03-21..2026-08-06,baccarat_bet02_101_all_pairs_incl_sentinel,round_win = game_pnl > 0 (decisive only),COMPATIBILITY_ONLY_NOT_PRODUCTION,557989.4742,504875.3716,9878.7574,24851,24505,-0.01770420,0.00338982,-0.02772422,-0.01770420,-9878.7574,557989.4742,OK,0.0000,395.1503,4.0000,96.0000,AG03-UNRESOLVED,ALL5_LEVELS_bet23_to_bet27,395.1503,395.1503,395.1503,0.0000,0.0000,4.000000,4.000000,4.000000,0.000000,0.000000,96.000000,96.000000,96.000000,100.000000,100.000000,5.0,1185.4509,1138.6651,8693.3065,8740.0923,PENDING_AG03,FALSE,NOT_FOR_ENFORCEMENT,9483.6071,484680.3568,9878.7574,9483.6071,395.1503,0.01770420,0.01699603,395.1503,9483.6071,0.01699603,395.1503,395.1503,395.1503,0.0000,0.0000,9483.6071,0.01699603,1185.4509,1138.6651,8693.3065,8740.0923,0.01557970,0.01566354,0.00070817,22.4534,20.6030,0.4031,82.3230,2.6463,4649.9123,204.2083,25.9152,21.1137,12.8578,14.5296,26.176,48.8436,54.2173,102.8621,13.088,0.0,3.731508,7.079487,1.545355,30,207,63,6,0.32204186,0.01770420,-0.00338982,0E-8,0.000000,0.904812,0.002133,0.03111404,2026-03-21,2026-08-06,120,3733,1703,139,0.863309,1.227414,1.154177,1.073473,,,,,,,,GLOBAL_BASELINE_NO_ENTITY_RANKING,,,NOT_APPLICABLE_GLOBAL_BASELINE,HF9g-P5,,,,X 全窗基线 · 不参与实体赏罚,15053628,1506,A168_HF9F_20260827_0900,2026-08-27 09:00:00
2026-07-08,127529701,1353,0,118.7617793612,23.6232669816,23.6232669816,0.5000000,6,6,0.49994810000000000,0.499948100000,0.00025425703667063243,0.00025425703667063243,0.00025425703667063243,0E-17,ELIGIBLE,R03b_20260811_FULL_v1,L1_ELIGIBILITY,v2026-08-11,2026-03-21..2026-08-06,baccarat_bet02_101_all_pairs_incl_sentinel,round_win = game_pnl > 0 (decisive only),COMPATIBILITY_ONLY_NOT_PRODUCTION,557989.4742,504875.3716,9878.7574,24851,24505,-0.01770420,0.00338982,-0.02772422,-0.01770420,-9878.7574,557989.4742,OK,0.0000,395.1503,4.0000,96.0000,AG03-UNRESOLVED,ALL5_LEVELS_bet23_to_bet27,395.1503,395.1503,395.1503,0.0000,0.0000,4.000000,4.000000,4.000000,0.000000,0.000000,96.000000,96.000000,96.000000,100.000000,100.000000,5.0,1185.4509,1138.6651,8693.3065,8740.0923,PENDING_AG03,FALSE,NOT_FOR_ENFORCEMENT,9483.6071,484680.3568,9878.7574,9483.6071,395.1503,0.01770420,0.01699603,395.1503,9483.6071,0.01699603,395.1503,395.1503,395.1503,0.0000,0.0000,9483.6071,0.01699603,1185.4509,1138.6651,8693.3065,8740.0923,0.01557970,0.01566354,0.00070817,22.4534,20.6030,0.4031,82.3230,2.6463,4649.9123,204.2083,25.9152,21.1137,12.8578,14.5296,26.176,48.8436,54.2173,102.8621,13.088,0.0,3.731508,7.079487,1.545355,30,207,63,6,0.32204186,0.01770420,-0.00338982,0E-8,0.000000,0.904812,0.002133,0.03111404,2026-03-21,2026-08-06,120,3733,1703,139,0.863309,1.227414,1.154177,1.073473,,,,,,,,GLOBAL_BASELINE_NO_ENTITY_RANKING,,,NOT_APPLICABLE_GLOBAL_BASELINE,HF9g-P5,,,,X 全窗基线 · 不参与实体赏罚,15053629,1506,A168_HF9F_20260827_0900,2026-08-27 09:00:00
2026-07-08,127529701,1363,0,175.0445356672,44.0193116982,44.0193116982,0.6363636,11,11,0.49690146363636364,0.496901463636,0.9251051626741229,0.9251051626765394,0.9251051626741229,3.6364E-13,ELIGIBLE,R03b_20260811_FULL_v1,L1_ELIGIBILITY,v2026-08-11,2026-03-21..2026-08-06,baccarat_bet02_101_all_pairs_incl_sentinel,round_win = game_pnl > 0 (decisive only),COMPATIBILITY_ONLY_NOT_PRODUCTION,557989.4742,504875.3716,9878.7574,24851,24505,-0.01770420,0.00338982,-0.02772422,-0.01770420,-9878.7574,557989.4742,OK,0.0000,395.1503,4.0000,96.0000,AG03-UNRESOLVED,ALL5_LEVELS_bet23_to_bet27,395.1503,395.1503,395.1503,0.0000,0.0000,4.000000,4.000000,4.000000,0.000000,0.000000,96.000000,96.000000,96.000000,100.000000,100.000000,5.0,1185.4509,1138.6651,8693.3065,8740.0923,PENDING_AG03,FALSE,NOT_FOR_ENFORCEMENT,9483.6071,484680.3568,9878.7574,9483.6071,395.1503,0.01770420,0.01699603,395.1503,9483.6071,0.01699603,395.1503,395.1503,395.1503,0.0000,0.0000,9483.6071,0.01699603,1185.4509,1138.6651,8693.3065,8740.0923,0.01557970,0.01566354,0.00070817,22.4534,20.6030,0.4031,82.3230,2.6463,4649.9123,204.2083,25.9152,21.1137,12.8578,14.5296,26.176,48.8436,54.2173,102.8621,13.088,0.0,3.731508,7.079487,1.545355,30,207,63,6,0.32204186,0.01770420,-0.00338982,0E-8,0.000000,0.904812,0.002133,0.03111404,2026-03-21,2026-08-06,120,3733,1703,139,0.863309,1.227414,1.154177,1.073473,,,,,,,,GLOBAL_BASELINE_NO_ENTITY_RANKING,,,NOT_APPLICABLE_GLOBAL_BASELINE,HF9g-P5,,,,X 全窗基线 · 不参与实体赏罚,15053630,1506,A168_HF9F_20260827_0900,2026-08-27 09:00:00
2026-07-08,127529701,1374,0,313.4278264012,149.1493042108,149.1493042108,0.7000000,11,11,0.50177608181818182,0.501776081818,1.2536860458013457,1.253686045802494,1.2536860458013457,1.8182E-13,ELIGIBLE,R03b_20260811_FULL_v1,L1_ELIGIBILITY,v2026-08-11,2026-03-21..2026-08-06,baccarat_bet02_101_all_pairs_incl_sentinel,round_win = game_pnl > 0 (decisive only),COMPATIBILITY_ONLY_NOT_PRODUCTION,557989.4742,504875.3716,9878.7574,24851,24505,-0.01770420,0.00338982,-0.02772422,-0.01770420,-9878.7574,557989.4742,OK,0.0000,395.1503,4.0000,96.0000,AG03-UNRESOLVED,ALL5_LEVELS_bet23_to_bet27,395.1503,395.1503,395.1503,0.0000,0.0000,4.000000,4.000000,4.000000,0.000000,0.000000,96.000000,96.000000,96.000000,100.000000,100.000000,5.0,1185.4509,1138.6651,8693.3065,8740.0923,PENDING_AG03,FALSE,NOT_FOR_ENFORCEMENT,9483.6071,484680.3568,9878.7574,9483.6071,395.1503,0.01770420,0.01699603,395.1503,9483.6071,0.01699603,395.1503,395.1503,395.1503,0.0000,0.0000,9483.6071,0.01699603,1185.4509,1138.6651,8693.3065,8740.0923,0.01557970,0.01566354,0.00070817,22.4534,20.6030,0.4031,82.3230,2.6463,4649.9123,204.2083,25.9152,21.1137,12.8578,14.5296,26.176,48.8436,54.2173,102.8621,13.088,0.0,3.731508,7.079487,1.545355,30,207,63,6,0.32204186,0.01770420,-0.00338982,0E-8,0.000000,0.904812,0.002133,0.03111404,2026-03-21,2026-08-06,120,3733,1703,139,0.863309,1.227414,1.154177,1.073473,,,,,,,,GLOBAL_BASELINE_NO_ENTITY_RANKING,,,NOT_APPLICABLE_GLOBAL_BASELINE,HF9g-P5,,,,X 全窗基线 · 不参与实体赏罚,15053631,1506,A168_HF9F_20260827_0900,2026-08-27 09:00:00
2026-07-08,127529701,1382,0,28.3995559342,-28.3995559342,-28.3995559342,0E-7,1,1,0.50665070000000000,0.506650700000,-1.013391052207602,-1.013391052207602,-1.013391052207602,0E-17,ELIGIBLE,R03b_20260811_FULL_v1,L1_ELIGIBILITY,v2026-08-11,2026-03-21..2026-08-06,baccarat_bet02_101_all_pairs_incl_sentinel,round_win = game_pnl > 0 (decisive only),COMPATIBILITY_ONLY_NOT_PRODUCTION,557989.4742,504875.3716,9878.7574,24851,24505,-0.01770420,0.00338982,-0.02772422,-0.01770420,-9878.7574,557989.4742,OK,0.0000,395.1503,4.0000,96.0000,AG03-UNRESOLVED,ALL5_LEVELS_bet23_to_bet27,395.1503,395.1503,395.1503,0.0000,0.0000,4.000000,4.000000,4.000000,0.000000,0.000000,96.000000,96.000000,96.000000,100.000000,100.000000,5.0,1185.4509,1138.6651,8693.3065,8740.0923,PENDING_AG03,FALSE,NOT_FOR_ENFORCEMENT,9483.6071,484680.3568,9878.7574,9483.6071,395.1503,0.01770420,0.01699603,395.1503,9483.6071,0.01699603,395.1503,395.1503,395.1503,0.0000,0.0000,9483.6071,0.01699603,1185.4509,1138.6651,8693.3065,8740.0923,0.01557970,0.01566354,0.00070817,22.4534,20.6030,0.4031,82.3230,2.6463,4649.9123,204.2083,25.9152,21.1137,12.8578,14.5296,26.176,48.8436,54.2173,102.8621,13.088,0.0,3.731508,7.079487,1.545355,30,207,63,6,0.32204186,0.01770420,-0.00338982,0E-8,0.000000,0.904812,0.002133,0.03111404,2026-03-21,2026-08-06,120,3733,1703,139,0.863309,1.227414,1.154177,1.073473,,,,,,,,GLOBAL_BASELINE_NO_ENTITY_RANKING,,,NOT_APPLICABLE_GLOBAL_BASELINE,HF9g-P5,,,,X 全窗基线 · 不参与实体赏罚,15053632,1506,A168_HF9F_20260827_0900,2026-08-27 09:00:00
2026-07-08,127529701,1396,0,53.4428007125,1.0714377921,1.0714377921,0.5000000,4,4,0.49994810000000000,0.499948100000,0.00020760000111838688,0.00020760000111838688,0.00020760000111838688,0E-17,ELIGIBLE,R03b_20260811_FULL_v1,L1_ELIGIBILITY,v2026-08-11,2026-03-21..2026-08-06,baccarat_bet02_101_all_pairs_incl_sentinel,round_win = game_pnl > 0 (decisive only),COMPATIBILITY_ONLY_NOT_PRODUCTION,557989.4742,504875.3716,9878.7574,24851,24505,-0.01770420,0.00338982,-0.02772422,-0.01770420,-9878.7574,557989.4742,OK,0.0000,395.1503,4.0000,96.0000,AG03-UNRESOLVED,ALL5_LEVELS_bet23_to_bet27,395.1503,395.1503,395.1503,0.0000,0.0000,4.000000,4.000000,4.000000,0.000000,0.000000,96.000000,96.000000,96.000000,100.000000,100.000000,5.0,1185.4509,1138.6651,8693.3065,8740.0923,PENDING_AG03,FALSE,NOT_FOR_ENFORCEMENT,9483.6071,484680.3568,9878.7574,9483.6071,395.1503,0.01770420,0.01699603,395.1503,9483.6071,0.01699603,395.1503,395.1503,395.1503,0.0000,0.0000,9483.6071,0.01699603,1185.4509,1138.6651,8693.3065,8740.0923,0.01557970,0.01566354,0.00070817,22.4534,20.6030,0.4031,82.3230,2.6463,4649.9123,204.2083,25.9152,21.1137,12.8578,14.5296,26.176,48.8436,54.2173,102.8621,13.088,0.0,3.731508,7.079487,1.545355,30,207,63,6,0.32204186,0.01770420,-0.00338982,0E-8,0.000000,0.904812,0.002133,0.03111404,2026-03-21,2026-08-06,120,3733,1703,139,0.863309,1.227414,1.154177,1.073473,,,,,,,,GLOBAL_BASELINE_NO_ENTITY_RANKING,,,NOT_APPLICABLE_GLOBAL_BASELINE,HF9g-P5,,,,X 全窗基线 · 不参与实体赏罚,15053633,1506,A168_HF9F_20260827_0900,2026-08-27 09:00:00
2026-07-08,127529701,1399,0,52.6682673688,26.4632225751,26.4632225751,0.5000000,4,4,0.49994810000000000,0.499948100000,0.00020760000111838688,0.00020760000111838688,0.00020760000111838688,0E-17,ELIGIBLE,R03b_20260811_FULL_v1,L1_ELIGIBILITY,v2026-08-11,2026-03-21..2026-08-06,baccarat_bet02_101_all_pairs_incl_sentinel,round_win = game_pnl > 0 (decisive only),COMPATIBILITY_ONLY_NOT_PRODUCTION,557989.4742,504875.3716,9878.7574,24851,24505,-0.01770420,0.00338982,-0.02772422,-0.01770420,-9878.7574,557989.4742,OK,0.0000,395.1503,4.0000,96.0000,AG03-UNRESOLVED,ALL5_LEVELS_bet23_to_bet27,395.1503,395.1503,395.1503,0.0000,0.0000,4.000000,4.000000,4.000000,0.000000,0.000000,96.000000,96.000000,96.000000,100.000000,100.000000,5.0,1185.4509,1138.6651,8693.3065,8740.0923,PENDING_AG03,FALSE,NOT_FOR_ENFORCEMENT,9483.6071,484680.3568,9878.7574,9483.6071,395.1503,0.01770420,0.01699603,395.1503,9483.6071,0.01699603,395.1503,395.1503,395.1503,0.0000,0.0000,9483.6071,0.01699603,1185.4509,1138.6651,8693.3065,8740.0923,0.01557970,0.01566354,0.00070817,22.4534,20.6030,0.4031,82.3230,2.6463,4649.9123,204.2083,25.9152,21.1137,12.8578,14.5296,26.176,48.8436,54.2173,102.8621,13.088,0.0,3.731508,7.079487,1.545355,30,207,63,6,0.32204186,0.01770420,-0.00338982,0E-8,0.000000,0.904812,0.002133,0.03111404,2026-03-21,2026-08-06,120,3733,1703,139,0.863309,1.227414,1.154177,1.073473,,,,,,,,GLOBAL_BASELINE_NO_ENTITY_RANKING,,,NOT_APPLICABLE_GLOBAL_BASELINE,HF9g-P5,,,,X 全窗基线 · 不参与实体赏罚,15053634,1506,A168_HF9F_20260827_0900,2026-08-27 09:00:00
2026-07-08,127529701,1401,0,40.0175560891,38.0166782848,38.0166782848,1.0000000,3,3,0.50665070000000000,0.506650700000,1.7091633124209307,1.7091633124209307,1.7091633124209307,0E-17,ELIGIBLE,R03b_20260811_FULL_v1,L1_ELIGIBILITY,v2026-08-11,2026-03-21..2026-08-06,baccarat_bet02_101_all_pairs_incl_sentinel,round_win = game_pnl > 0 (decisive only),COMPATIBILITY_ONLY_NOT_PRODUCTION,557989.4742,504875.3716,9878.7574,24851,24505,-0.01770420,0.00338982,-0.02772422,-0.01770420,-9878.7574,557989.4742,OK,0.0000,395.1503,4.0000,96.0000,AG03-UNRESOLVED,ALL5_LEVELS_bet23_to_bet27,395.1503,395.1503,395.1503,0.0000,0.0000,4.000000,4.000000,4.000000,0.000000,0.000000,96.000000,96.000000,96.000000,100.000000,100.000000,5.0,1185.4509,1138.6651,8693.3065,8740.0923,PENDING_AG03,FALSE,NOT_FOR_ENFORCEMENT,9483.6071,484680.3568,9878.7574,9483.6071,395.1503,0.01770420,0.01699603,395.1503,9483.6071,0.01699603,395.1503,395.1503,395.1503,0.0000,0.0000,9483.6071,0.01699603,1185.4509,1138.6651,8693.3065,8740.0923,0.01557970,0.01566354,0.00070817,22.4534,20.6030,0.4031,82.3230,2.6463,4649.9123,204.2083,25.9152,21.1137,12.8578,14.5296,26.176,48.8436,54.2173,102.8621,13.088,0.0,3.731508,7.079487,1.545355,30,207,63,6,0.32204186,0.01770420,-0.00338982,0E-8,0.000000,0.904812,0.002133,0.03111404,2026-03-21,2026-08-06,120,3733,1703,139,0.863309,1.227414,1.154177,1.073473,,,,,,,,GLOBAL_BASELINE_NO_ENTITY_RANKING,,,NOT_APPLICABLE_GLOBAL_BASELINE,HF9g-P5,,,,X 全窗基线 · 不参与实体赏罚,15053635,1506,A168_HF9F_20260827_0900,2026-08-27 09:00:00
2026-07-08,127529701,1485,0,278.8320037176,116.0380037695,116.0380037695,0.7500000,15,15,0.49771390000000000,0.497713900000,1.7479076430849556,1.7479076430849556,1.7479076430849556,0E-17,ELIGIBLE,R03b_20260811_FULL_v1,L1_ELIGIBILITY,v2026-08-11,2026-03-21..2026-08-06,baccarat_bet02_101_all_pairs_incl_sentinel,round_win = game_pnl > 0 (decisive only),COMPATIBILITY_ONLY_NOT_PRODUCTION,557989.4742,504875.3716,9878.7574,24851,24505,-0.01770420,0.00338982,-0.02772422,-0.01770420,-9878.7574,557989.4742,OK,0.0000,395.1503,4.0000,96.0000,AG03-UNRESOLVED,ALL5_LEVELS_bet23_to_bet27,395.1503,395.1503,395.1503,0.0000,0.0000,4.000000,4.000000,4.000000,0.000000,0.000000,96.000000,96.000000,96.000000,100.000000,100.000000,5.0,1185.4509,1138.6651,8693.3065,8740.0923,PENDING_AG03,FALSE,NOT_FOR_ENFORCEMENT,9483.6071,484680.3568,9878.7574,9483.6071,395.1503,0.01770420,0.01699603,395.1503,9483.6071,0.01699603,395.1503,395.1503,395.1503,0.0000,0.0000,9483.6071,0.01699603,1185.4509,1138.6651,8693.3065,8740.0923,0.01557970,0.01566354,0.00070817,22.4534,20.6030,0.4031,82.3230,2.6463,4649.9123,204.2083,25.9152,21.1137,12.8578,14.5296,26.176,48.8436,54.2173,102.8621,13.088,0.0,3.731508,7.079487,1.545355,30,207,63,6,0.32204186,0.01770420,-0.00338982,0E-8,0.000000,0.904812,0.002133,0.03111404,2026-03-21,2026-08-06,120,3733,1703,139,0.863309,1.227414,1.154177,1.073473,,,,,,,,GLOBAL_BASELINE_NO_ENTITY_RANKING,,,NOT_APPLICABLE_GLOBAL_BASELINE,HF9g-P5,,,,X 全窗基线 · 不参与实体赏罚,15053636,1506,A168_HF9F_20260827_0900,2026-08-27 09:00:00
2026-07-08,127529701,1490,0,5.1635556244,5.1635556244,5.1635556244,1.0000000,1,1,0.49324550000000000,0.493245500000,1.01360149184955,1.01360149184955,1.01360149184955,0E-17,ELIGIBLE,R03b_20260811_FULL_v1,L1_ELIGIBILITY,v2026-08-11,2026-03-21..2026-08-06,baccarat_bet02_101_all_pairs_incl_sentinel,round_win = game_pnl > 0 (decisive only),COMPATIBILITY_ONLY_NOT_PRODUCTION,557989.4742,504875.3716,9878.7574,24851,24505,-0.01770420,0.00338982,-0.02772422,-0.01770420,-9878.7574,557989.4742,OK,0.0000,395.1503,4.0000,96.0000,AG03-UNRESOLVED,ALL5_LEVELS_bet23_to_bet27,395.1503,395.1503,395.1503,0.0000,0.0000,4.000000,4.000000,4.000000,0.000000,0.000000,96.000000,96.000000,96.000000,100.000000,100.000000,5.0,1185.4509,1138.6651,8693.3065,8740.0923,PENDING_AG03,FALSE,NOT_FOR_ENFORCEMENT,9483.6071,484680.3568,9878.7574,9483.6071,395.1503,0.01770420,0.01699603,395.1503,9483.6071,0.01699603,395.1503,395.1503,395.1503,0.0000,0.0000,9483.6071,0.01699603,1185.4509,1138.6651,8693.3065,8740.0923,0.01557970,0.01566354,0.00070817,22.4534,20.6030,0.4031,82.3230,2.6463,4649.9123,204.2083,25.9152,21.1137,12.8578,14.5296,26.176,48.8436,54.2173,102.8621,13.088,0.0,3.731508,7.079487,1.545355,30,207,63,6,0.32204186,0.01770420,-0.00338982,0E-8,0.000000,0.904812,0.002133,0.03111404,2026-03-21,2026-08-06,120,3733,1703,139,0.863309,1.227414,1.154177,1.073473,,,,,,,,GLOBAL_BASELINE_NO_ENTITY_RANKING,,,NOT_APPLICABLE_GLOBAL_BASELINE,HF9g-P5,,,,X 全窗基线 · 不参与实体赏罚,15053637,1506,A168_HF9F_20260827_0900,2026-08-27 09:00:00
2026-07-08,127529701,1507,0,167.8155577930,-28.7868226060,-28.7868226060,0.3333333,7,7,0.50090561428571429,0.500905614286,-0.8209345132943034,-0.820934513295704,-0.8209345132943034,-2.8571E-13,ELIGIBLE,R03b_20260811_FULL_v1,L1_ELIGIBILITY,v2026-08-11,2026-03-21..2026-08-06,baccarat_bet02_101_all_pairs_incl_sentinel,round_win = game_pnl > 0 (decisive only),COMPATIBILITY_ONLY_NOT_PRODUCTION,557989.4742,504875.3716,9878.7574,24851,24505,-0.01770420,0.00338982,-0.02772422,-0.01770420,-9878.7574,557989.4742,OK,0.0000,395.1503,4.0000,96.0000,AG03-UNRESOLVED,ALL5_LEVELS_bet23_to_bet27,395.1503,395.1503,395.1503,0.0000,0.0000,4.000000,4.000000,4.000000,0.000000,0.000000,96.000000,96.000000,96.000000,100.000000,100.000000,5.0,1185.4509,1138.6651,8693.3065,8740.0923,PENDING_AG03,FALSE,NOT_FOR_ENFORCEMENT,9483.6071,484680.3568,9878.7574,9483.6071,395.1503,0.01770420,0.01699603,395.1503,9483.6071,0.01699603,395.1503,395.1503,395.1503,0.0000,0.0000,9483.6071,0.01699603,1185.4509,1138.6651,8693.3065,8740.0923,0.01557970,0.01566354,0.00070817,22.4534,20.6030,0.4031,82.3230,2.6463,4649.9123,204.2083,25.9152,21.1137,12.8578,14.5296,26.176,48.8436,54.2173,102.8621,13.088,0.0,3.731508,7.079487,1.545355,30,207,63,6,0.32204186,0.01770420,-0.00338982,0E-8,0.000000,0.904812,0.002133,0.03111404,2026-03-21,2026-08-06,120,3733,1703,139,0.863309,1.227414,1.154177,1.073473,,,,,,,,GLOBAL_BASELINE_NO_ENTITY_RANKING,,,NOT_APPLICABLE_GLOBAL_BASELINE,HF9g-P5,,,,X 全窗基线 · 不参与实体赏罚,15053638,1506,A168_HF9F_20260827_0900,2026-08-27 09:00:00
2026-07-08,127529701,1645,0,136.8342240466,44.0193116981,44.0193116981,0.8000000,6,6,0.49994810000000000,0.499948100000,1.3418728975849028,1.3418728975849028,1.3418728975849028,0E-17,ELIGIBLE,R03b_20260811_FULL_v1,L1_ELIGIBILITY,v2026-08-11,2026-03-21..2026-08-06,baccarat_bet02_101_all_pairs_incl_sentinel,round_win = game_pnl > 0 (decisive only),COMPATIBILITY_ONLY_NOT_PRODUCTION,557989.4742,504875.3716,9878.7574,24851,24505,-0.01770420,0.00338982,-0.02772422,-0.01770420,-9878.7574,557989.4742,OK,0.0000,395.1503,4.0000,96.0000,AG03-UNRESOLVED,ALL5_LEVELS_bet23_to_bet27,395.1503,395.1503,395.1503,0.0000,0.0000,4.000000,4.000000,4.000000,0.000000,0.000000,96.000000,96.000000,96.000000,100.000000,100.000000,5.0,1185.4509,1138.6651,8693.3065,8740.0923,PENDING_AG03,FALSE,NOT_FOR_ENFORCEMENT,9483.6071,484680.3568,9878.7574,9483.6071,395.1503,0.01770420,0.01699603,395.1503,9483.6071,0.01699603,395.1503,395.1503,395.1503,0.0000,0.0000,9483.6071,0.01699603,1185.4509,1138.6651,8693.3065,8740.0923,0.01557970,0.01566354,0.00070817,22.4534,20.6030,0.4031,82.3230,2.6463,4649.9123,204.2083,25.9152,21.1137,12.8578,14.5296,26.176,48.8436,54.2173,102.8621,13.088,0.0,3.731508,7.079487,1.545355,30,207,63,6,0.32204186,0.01770420,-0.00338982,0E-8,0.000000,0.904812,0.002133,0.03111404,2026-03-21,2026-08-06,120,3733,1703,139,0.863309,1.227414,1.154177,1.073473,,,,,,,,GLOBAL_BASELINE_NO_ENTITY_RANKING,,,NOT_APPLICABLE_GLOBAL_BASELINE,HF9g-P5,,,,X 全窗基线 · 不参与实体赏罚,15053639,1506,A168_HF9F_20260827_0900,2026-08-27 09:00:00
2026-07-08,127529701,1940,0,51.6355562440,45.1811117135,45.1811117135,0.6666667,3,3,0.50218230000000000,0.502182300000,0.5697959874915163,0.5697959874915164,0.5697959874915163,0E-17,ELIGIBLE,R03b_20260811_FULL_v1,L1_ELIGIBILITY,v2026-08-11,2026-03-21..2026-08-06,baccarat_bet02_101_all_pairs_incl_sentinel,round_win = game_pnl > 0 (decisive only),COMPATIBILITY_ONLY_NOT_PRODUCTION,557989.4742,504875.3716,9878.7574,24851,24505,-0.01770420,0.00338982,-0.02772422,-0.01770420,-9878.7574,557989.4742,OK,0.0000,395.1503,4.0000,96.0000,AG03-UNRESOLVED,ALL5_LEVELS_bet23_to_bet27,395.1503,395.1503,395.1503,0.0000,0.0000,4.000000,4.000000,4.000000,0.000000,0.000000,96.000000,96.000000,96.000000,100.000000,100.000000,5.0,1185.4509,1138.6651,8693.3065,8740.0923,PENDING_AG03,FALSE,NOT_FOR_ENFORCEMENT,9483.6071,484680.3568,9878.7574,9483.6071,395.1503,0.01770420,0.01699603,395.1503,9483.6071,0.01699603,395.1503,395.1503,395.1503,0.0000,0.0000,9483.6071,0.01699603,1185.4509,1138.6651,8693.3065,8740.0923,0.01557970,0.01566354,0.00070817,22.4534,20.6030,0.4031,82.3230,2.6463,4649.9123,204.2083,25.9152,21.1137,12.8578,14.5296,26.176,48.8436,54.2173,102.8621,13.088,0.0,3.731508,7.079487,1.545355,30,207,63,6,0.32204186,0.01770420,-0.00338982,0E-8,0.000000,0.904812,0.002133,0.03111404,2026-03-21,2026-08-06,120,3733,1703,139,0.863309,1.227414,1.154177,1.073473,,,,,,,,GLOBAL_BASELINE_NO_ENTITY_RANKING,,,NOT_APPLICABLE_GLOBAL_BASELINE,HF9g-P5,,,,X 全窗基线 · 不参与实体赏罚,15053640,1506,A168_HF9F_20260827_0900,2026-08-27 09:00:00
2026-07-08,127529701,1951,0,95.5257790514,94.2348901453,94.2348901453,1.0000000,4,4,0.49659680000000000,0.496596800000,2.0136594440222715,2.0136594440222715,2.0136594440222715,0E-17,ELIGIBLE,R03b_20260811_FULL_v1,L1_ELIGIBILITY,v2026-08-11,2026-03-21..2026-08-06,baccarat_bet02_101_all_pairs_incl_sentinel,round_win = game_pnl > 0 (decisive only),COMPATIBILITY_ONLY_NOT_PRODUCTION,557989.4742,504875.3716,9878.7574,24851,24505,-0.01770420,0.00338982,-0.02772422,-0.01770420,-9878.7574,557989.4742,OK,0.0000,395.1503,4.0000,96.0000,AG03-UNRESOLVED,ALL5_LEVELS_bet23_to_bet27,395.1503,395.1503,395.1503,0.0000,0.0000,4.000000,4.000000,4.000000,0.000000,0.000000,96.000000,96.000000,96.000000,100.000000,100.000000,5.0,1185.4509,1138.6651,8693.3065,8740.0923,PENDING_AG03,FALSE,NOT_FOR_ENFORCEMENT,9483.6071,484680.3568,9878.7574,9483.6071,395.1503,0.01770420,0.01699603,395.1503,9483.6071,0.01699603,395.1503,395.1503,395.1503,0.0000,0.0000,9483.6071,0.01699603,1185.4509,1138.6651,8693.3065,8740.0923,0.01557970,0.01566354,0.00070817,22.4534,20.6030,0.4031,82.3230,2.6463,4649.9123,204.2083,25.9152,21.1137,12.8578,14.5296,26.176,48.8436,54.2173,102.8621,13.088,0.0,3.731508,7.079487,1.545355,30,207,63,6,0.32204186,0.01770420,-0.00338982,0E-8,0.000000,0.904812,0.002133,0.03111404,2026-03-21,2026-08-06,120,3733,1703,139,0.863309,1.227414,1.154177,1.073473,,,,,,,,GLOBAL_BASELINE_NO_ENTITY_RANKING,,,NOT_APPLICABLE_GLOBAL_BASELINE,HF9g-P5,,,,X 全窗基线 · 不参与实体赏罚,15053641,1506,A168_HF9F_20260827_0900,2026-08-27 09:00:00
2026-07-08,127529701,1985,0,121.3435571734,-57.4445563214,-57.4445563214,0.4000000,6,6,0.50441650000000000,0.504416500000,-0.466983001748531,-0.466983001748531,-0.466983001748531,0E-17,ELIGIBLE,R03b_20260811_FULL_v1,L1_ELIGIBILITY,v2026-08-11,2026-03-21..2026-08-06,baccarat_bet02_101_all_pairs_incl_sentinel,round_win = game_pnl > 0 (decisive only),COMPATIBILITY_ONLY_NOT_PRODUCTION,557989.4742,504875.3716,9878.7574,24851,24505,-0.01770420,0.00338982,-0.02772422,-0.01770420,-9878.7574,557989.4742,OK,0.0000,395.1503,4.0000,96.0000,AG03-UNRESOLVED,ALL5_LEVELS_bet23_to_bet27,395.1503,395.1503,395.1503,0.0000,0.0000,4.000000,4.000000,4.000000,0.000000,0.000000,96.000000,96.000000,96.000000,100.000000,100.000000,5.0,1185.4509,1138.6651,8693.3065,8740.0923,PENDING_AG03,FALSE,NOT_FOR_ENFORCEMENT,9483.6071,484680.3568,9878.7574,9483.6071,395.1503,0.01770420,0.01699603,395.1503,9483.6071,0.01699603,395.1503,395.1503,395.1503,0.0000,0.0000,9483.6071,0.01699603,1185.4509,1138.6651,8693.3065,8740.0923,0.01557970,0.01566354,0.00070817,22.4534,20.6030,0.4031,82.3230,2.6463,4649.9123,204.2083,25.9152,21.1137,12.8578,14.5296,26.176,48.8436,54.2173,102.8621,13.088,0.0,3.731508,7.079487,1.545355,30,207,63,6,0.32204186,0.01770420,-0.00338982,0E-8,0.000000,0.904812,0.002133,0.03111404,2026-03-21,2026-08-06,120,3733,1703,139,0.863309,1.227414,1.154177,1.073473,,,,,,,,GLOBAL_BASELINE_NO_ENTITY_RANKING,,,NOT_APPLICABLE_GLOBAL_BASELINE,HF9g-P5,,,,X 全窗基线 · 不参与实体赏罚,15053642,1506,A168_HF9F_20260827_0900,2026-08-27 09:00:00
2026-07-08,127529701,1990,0,283.9955593420,-25.8177781220,-25.8177781220,0.3333333,7,7,0.49899058571428571,0.498990585714,-0.8115531348621552,-0.8115531348607564,-0.8115531348621552,2.8571E-13,ELIGIBLE,R03b_20260811_FULL_v1,L1_ELIGIBILITY,v2026-08-11,2026-03-21..2026-08-06,baccarat_bet02_101_all_pairs_incl_sentinel,round_win = game_pnl > 0 (decisive only),COMPATIBILITY_ONLY_NOT_PRODUCTION,557989.4742,504875.3716,9878.7574,24851,24505,-0.01770420,0.00338982,-0.02772422,-0.01770420,-9878.7574,557989.4742,OK,0.0000,395.1503,4.0000,96.0000,AG03-UNRESOLVED,ALL5_LEVELS_bet23_to_bet27,395.1503,395.1503,395.1503,0.0000,0.0000,4.000000,4.000000,4.000000,0.000000,0.000000,96.000000,96.000000,96.000000,100.000000,100.000000,5.0,1185.4509,1138.6651,8693.3065,8740.0923,PENDING_AG03,FALSE,NOT_FOR_ENFORCEMENT,9483.6071,484680.3568,9878.7574,9483.6071,395.1503,0.01770420,0.01699603,395.1503,9483.6071,0.01699603,395.1503,395.1503,395.1503,0.0000,0.0000,9483.6071,0.01699603,1185.4509,1138.6651,8693.3065,8740.0923,0.01557970,0.01566354,0.00070817,22.4534,20.6030,0.4031,82.3230,2.6463,4649.9123,204.2083,25.9152,21.1137,12.8578,14.5296,26.176,48.8436,54.2173,102.8621,13.088,0.0,3.731508,7.079487,1.545355,30,207,63,6,0.32204186,0.01770420,-0.00338982,0E-8,0.000000,0.904812,0.002133,0.03111404,2026-03-21,2026-08-06,120,3733,1703,139,0.863309,1.227414,1.154177,1.073473,,,,,,,,GLOBAL_BASELINE_NO_ENTITY_RANKING,,,NOT_APPLICABLE_GLOBAL_BASELINE,HF9g-P5,,,,X 全窗基线 · 不参与实体赏罚,15053643,1506,A168_HF9F_20260827_0900,2026-08-27 09:00:00
2026-07-08,127529701,2115,0,28.3995559342,26.9795781375,26.9795781375,1.0000000,1,1,0.50665070000000000,0.506650700000,0.9867858985152569,0.9867858985152569,0.9867858985152569,0E-17,ELIGIBLE,R03b_20260811_FULL_v1,L1_ELIGIBILITY,v2026-08-11,2026-03-21..2026-08-06,baccarat_bet02_101_all_pairs_incl_sentinel,round_win = game_pnl > 0 (decisive only),COMPATIBILITY_ONLY_NOT_PRODUCTION,557989.4742,504875.3716,9878.7574,24851,24505,-0.01770420,0.00338982,-0.02772422,-0.01770420,-9878.7574,557989.4742,OK,0.0000,395.1503,4.0000,96.0000,AG03-UNRESOLVED,ALL5_LEVELS_bet23_to_bet27,395.1503,395.1503,395.1503,0.0000,0.0000,4.000000,4.000000,4.000000,0.000000,0.000000,96.000000,96.000000,96.000000,100.000000,100.000000,5.0,1185.4509,1138.6651,8693.3065,8740.0923,PENDING_AG03,FALSE,NOT_FOR_ENFORCEMENT,9483.6071,484680.3568,9878.7574,9483.6071,395.1503,0.01770420,0.01699603,395.1503,9483.6071,0.01699603,395.1503,395.1503,395.1503,0.0000,0.0000,9483.6071,0.01699603,1185.4509,1138.6651,8693.3065,8740.0923,0.01557970,0.01566354,0.00070817,22.4534,20.6030,0.4031,82.3230,2.6463,4649.9123,204.2083,25.9152,21.1137,12.8578,14.5296,26.176,48.8436,54.2173,102.8621,13.088,0.0,3.731508,7.079487,1.545355,30,207,63,6,0.32204186,0.01770420,-0.00338982,0E-8,0.000000,0.904812,0.002133,0.03111404,2026-03-21,2026-08-06,120,3733,1703,139,0.863309,1.227414,1.154177,1.073473,,,,,,,,GLOBAL_BASELINE_NO_ENTITY_RANKING,,,NOT_APPLICABLE_GLOBAL_BASELINE,HF9g-P5,,,,X 全窗基线 · 不参与实体赏罚,15053644,1506,A168_HF9F_20260827_0900,2026-08-27 09:00:00
2026-07-08,127529701,2134,0,38.7266671830,38.0812227300,38.0812227300,1.0000000,3,3,0.49771390000000000,0.497713900000,1.739988277604938,1.739988277604938,1.739988277604938,0E-17,ELIGIBLE,R03b_20260811_FULL_v1,L1_ELIGIBILITY,v2026-08-11,2026-03-21..2026-08-06,baccarat_bet02_101_all_pairs_incl_sentinel,round_win = game_pnl > 0 (decisive only),COMPATIBILITY_ONLY_NOT_PRODUCTION,557989.4742,504875.3716,9878.7574,24851,24505,-0.01770420,0.00338982,-0.02772422,-0.01770420,-9878.7574,557989.4742,OK,0.0000,395.1503,4.0000,96.0000,AG03-UNRESOLVED,ALL5_LEVELS_bet23_to_bet27,395.1503,395.1503,395.1503,0.0000,0.0000,4.000000,4.000000,4.000000,0.000000,0.000000,96.000000,96.000000,96.000000,100.000000,100.000000,5.0,1185.4509,1138.6651,8693.3065,8740.0923,PENDING_AG03,FALSE,NOT_FOR_ENFORCEMENT,9483.6071,484680.3568,9878.7574,9483.6071,395.1503,0.01770420,0.01699603,395.1503,9483.6071,0.01699603,395.1503,395.1503,395.1503,0.0000,0.0000,9483.6071,0.01699603,1185.4509,1138.6651,8693.3065,8740.0923,0.01557970,0.01566354,0.00070817,22.4534,20.6030,0.4031,82.3230,2.6463,4649.9123,204.2083,25.9152,21.1137,12.8578,14.5296,26.176,48.8436,54.2173,102.8621,13.088,0.0,3.731508,7.079487,1.545355,30,207,63,6,0.32204186,0.01770420,-0.00338982,0E-8,0.000000,0.904812,0.002133,0.03111404,2026-03-21,2026-08-06,120,3733,1703,139,0.863309,1.227414,1.154177,1.073473,,,,,,,,GLOBAL_BASELINE_NO_ENTITY_RANKING,,,NOT_APPLICABLE_GLOBAL_BASELINE,HF9g-P5,,,,X 全窗基线 · 不参与实体赏罚,15053645,1506,A168_HF9F_20260827_0900,2026-08-27 09:00:00
2026-07-08,127529701,2141,0,51.6355562440,-51.6355562440,-51.6355562440,0E-7,2,2,0.50665070000000000,0.506650700000,-1.4331513700195317,-1.4331513700195317,-1.4331513700195317,0E-17,ELIGIBLE,R03b_20260811_FULL_v1,L1_ELIGIBILITY,v2026-08-11,2026-03-21..2026-08-06,baccarat_bet02_101_all_pairs_incl_sentinel,round_win = game_pnl > 0 (decisive only),COMPATIBILITY_ONLY_NOT_PRODUCTION,557989.4742,504875.3716,9878.7574,24851,24505,-0.01770420,0.00338982,-0.02772422,-0.01770420,-9878.7574,557989.4742,OK,0.0000,395.1503,4.0000,96.0000,AG03-UNRESOLVED,ALL5_LEVELS_bet23_to_bet27,395.1503,395.1503,395.1503,0.0000,0.0000,4.000000,4.000000,4.000000,0.000000,0.000000,96.000000,96.000000,96.000000,100.000000,100.000000,5.0,1185.4509,1138.6651,8693.3065,8740.0923,PENDING_AG03,FALSE,NOT_FOR_ENFORCEMENT,9483.6071,484680.3568,9878.7574,9483.6071,395.1503,0.01770420,0.01699603,395.1503,9483.6071,0.01699603,395.1503,395.1503,395.1503,0.0000,0.0000,9483.6071,0.01699603,1185.4509,1138.6651,8693.3065,8740.0923,0.01557970,0.01566354,0.00070817,22.4534,20.6030,0.4031,82.3230,2.6463,4649.9123,204.2083,25.9152,21.1137,12.8578,14.5296,26.176,48.8436,54.2173,102.8621,13.088,0.0,3.731508,7.079487,1.545355,30,207,63,6,0.32204186,0.01770420,-0.00338982,0E-8,0.000000,0.904812,0.002133,0.03111404,2026-03-21,2026-08-06,120,3733,1703,139,0.863309,1.227414,1.154177,1.073473,,,,,,,,GLOBAL_BASELINE_NO_ENTITY_RANKING,,,NOT_APPLICABLE_GLOBAL_BASELINE,HF9g-P5,,,,X 全窗基线 · 不参与实体赏罚,15053646,1506,A168_HF9F_20260827_0900,2026-08-27 09:00:00
2026-07-08,127529701,2142,0,221.5165362868,-143.1595796864,-143.1595796864,0.2500000,9,9,0.49771390000000000,0.497713900000,-1.4012960750061008,-1.401296075006101,-1.4012960750061008,0E-17,ELIGIBLE,R03b_20260811_FULL_v1,L1_ELIGIBILITY,v2026-08-11,2026-03-21..2026-08-06,baccarat_bet02_101_all_pairs_incl_sentinel,round_win = game_pnl > 0 (decisive only),COMPATIBILITY_ONLY_NOT_PRODUCTION,557989.4742,504875.3716,9878.7574,24851,24505,-0.01770420,0.00338982,-0.02772422,-0.01770420,-9878.7574,557989.4742,OK,0.0000,395.1503,4.0000,96.0000,AG03-UNRESOLVED,ALL5_LEVELS_bet23_to_bet27,395.1503,395.1503,395.1503,0.0000,0.0000,4.000000,4.000000,4.000000,0.000000,0.000000,96.000000,96.000000,96.000000,100.000000,100.000000,5.0,1185.4509,1138.6651,8693.3065,8740.0923,PENDING_AG03,FALSE,NOT_FOR_ENFORCEMENT,9483.6071,484680.3568,9878.7574,9483.6071,395.1503,0.01770420,0.01699603,395.1503,9483.6071,0.01699603,395.1503,395.1503,395.1503,0.0000,0.0000,9483.6071,0.01699603,1185.4509,1138.6651,8693.3065,8740.0923,0.01557970,0.01566354,0.00070817,22.4534,20.6030,0.4031,82.3230,2.6463,4649.9123,204.2083,25.9152,21.1137,12.8578,14.5296,26.176,48.8436,54.2173,102.8621,13.088,0.0,3.731508,7.079487,1.545355,30,207,63,6,0.32204186,0.01770420,-0.00338982,0E-8,0.000000,0.904812,0.002133,0.03111404,2026-03-21,2026-08-06,120,3733,1703,139,0.863309,1.227414,1.154177,1.073473,,,,,,,,GLOBAL_BASELINE_NO_ENTITY_RANKING,,,NOT_APPLICABLE_GLOBAL_BASELINE,HF9g-P5,,,,X 全窗基线 · 不参与实体赏罚,15053647,1506,A168_HF9F_20260827_0900,2026-08-27 09:00:00
2026-07-08,127529701,2155,0,25.8177781220,0E-10,0E-10,0.5000000,2,2,0.49994810000000000,0.499948100000,0.00014679536856514622,0.00014679536856514622,0.00014679536856514622,0E-17,ELIGIBLE,R03b_20260811_FULL_v1,L1_ELIGIBILITY,v2026-08-11,2026-03-21..2026-08-06,baccarat_bet02_101_all_pairs_incl_sentinel,round_win = game_pnl > 0 (decisive only),COMPATIBILITY_ONLY_NOT_PRODUCTION,557989.4742,504875.3716,9878.7574,24851,24505,-0.01770420,0.00338982,-0.02772422,-0.01770420,-9878.7574,557989.4742,OK,0.0000,395.1503,4.0000,96.0000,AG03-UNRESOLVED,ALL5_LEVELS_bet23_to_bet27,395.1503,395.1503,395.1503,0.0000,0.0000,4.000000,4.000000,4.000000,0.000000,0.000000,96.000000,96.000000,96.000000,100.000000,100.000000,5.0,1185.4509,1138.6651,8693.3065,8740.0923,PENDING_AG03,FALSE,NOT_FOR_ENFORCEMENT,9483.6071,484680.3568,9878.7574,9483.6071,395.1503,0.01770420,0.01699603,395.1503,9483.6071,0.01699603,395.1503,395.1503,395.1503,0.0000,0.0000,9483.6071,0.01699603,1185.4509,1138.6651,8693.3065,8740.0923,0.01557970,0.01566354,0.00070817,22.4534,20.6030,0.4031,82.3230,2.6463,4649.9123,204.2083,25.9152,21.1137,12.8578,14.5296,26.176,48.8436,54.2173,102.8621,13.088,0.0,3.731508,7.079487,1.545355,30,207,63,6,0.32204186,0.01770420,-0.00338982,0E-8,0.000000,0.904812,0.002133,0.03111404,2026-03-21,2026-08-06,120,3733,1703,139,0.863309,1.227414,1.154177,1.073473,,,,,,,,GLOBAL_BASELINE_NO_ENTITY_RANKING,,,NOT_APPLICABLE_GLOBAL_BASELINE,HF9g-P5,,,,X 全窗基线 · 不参与实体赏罚,15053648,1506,A168_HF9F_20260827_0900,2026-08-27 09:00:00
2026-07-08,127529701,2167,0,12.9088890610,-12.9088890610,-12.9088890610,0E-7,1,1,0.50665070000000000,0.506650700000,-1.013391052207602,-1.013391052207602,-1.013391052207602,0E-17,ELIGIBLE,R03b_20260811_FULL_v1,L1_ELIGIBILITY,v2026-08-11,2026-03-21..2026-08-06,baccarat_bet02_101_all_pairs_incl_sentinel,round_win = game_pnl > 0 (decisive only),COMPATIBILITY_ONLY_NOT_PRODUCTION,557989.4742,504875.3716,9878.7574,24851,24505,-0.01770420,0.00338982,-0.02772422,-0.01770420,-9878.7574,557989.4742,OK,0.0000,395.1503,4.0000,96.0000,AG03-UNRESOLVED,ALL5_LEVELS_bet23_to_bet27,395.1503,395.1503,395.1503,0.0000,0.0000,4.000000,4.000000,4.000000,0.000000,0.000000,96.000000,96.000000,96.000000,100.000000,100.000000,5.0,1185.4509,1138.6651,8693.3065,8740.0923,PENDING_AG03,FALSE,NOT_FOR_ENFORCEMENT,9483.6071,484680.3568,9878.7574,9483.6071,395.1503,0.01770420,0.01699603,395.1503,9483.6071,0.01699603,395.1503,395.1503,395.1503,0.0000,0.0000,9483.6071,0.01699603,1185.4509,1138.6651,8693.3065,8740.0923,0.01557970,0.01566354,0.00070817,22.4534,20.6030,0.4031,82.3230,2.6463,4649.9123,204.2083,25.9152,21.1137,12.8578,14.5296,26.176,48.8436,54.2173,102.8621,13.088,0.0,3.731508,7.079487,1.545355,30,207,63,6,0.32204186,0.01770420,-0.00338982,0E-8,0.000000,0.904812,0.002133,0.03111404,2026-03-21,2026-08-06,120,3733,1703,139,0.863309,1.227414,1.154177,1.073473,,,,,,,,GLOBAL_BASELINE_NO_ENTITY_RANKING,,,NOT_APPLICABLE_GLOBAL_BASELINE,HF9g-P5,,,,X 全窗基线 · 不参与实体赏罚,15053649,1506,A168_HF9F_20260827_0900,2026-08-27 09:00:00
2026-07-08,127529701,2169,0,6.4544445305,-6.4544445305,-6.4544445305,0E-7,1,1,0.50665070000000000,0.506650700000,-1.013391052207602,-1.013391052207602,-1.013391052207602,0E-17,ELIGIBLE,R03b_20260811_FULL_v1,L1_ELIGIBILITY,v2026-08-11,2026-03-21..2026-08-06,baccarat_bet02_101_all_pairs_incl_sentinel,round_win = game_pnl > 0 (decisive only),COMPATIBILITY_ONLY_NOT_PRODUCTION,557989.4742,504875.3716,9878.7574,24851,24505,-0.01770420,0.00338982,-0.02772422,-0.01770420,-9878.7574,557989.4742,OK,0.0000,395.1503,4.0000,96.0000,AG03-UNRESOLVED,ALL5_LEVELS_bet23_to_bet27,395.1503,395.1503,395.1503,0.0000,0.0000,4.000000,4.000000,4.000000,0.000000,0.000000,96.000000,96.000000,96.000000,100.000000,100.000000,5.0,1185.4509,1138.6651,8693.3065,8740.0923,PENDING_AG03,FALSE,NOT_FOR_ENFORCEMENT,9483.6071,484680.3568,9878.7574,9483.6071,395.1503,0.01770420,0.01699603,395.1503,9483.6071,0.01699603,395.1503,395.1503,395.1503,0.0000,0.0000,9483.6071,0.01699603,1185.4509,1138.6651,8693.3065,8740.0923,0.01557970,0.01566354,0.00070817,22.4534,20.6030,0.4031,82.3230,2.6463,4649.9123,204.2083,25.9152,21.1137,12.8578,14.5296,26.176,48.8436,54.2173,102.8621,13.088,0.0,3.731508,7.079487,1.545355,30,207,63,6,0.32204186,0.01770420,-0.00338982,0E-8,0.000000,0.904812,0.002133,0.03111404,2026-03-21,2026-08-06,120,3733,1703,139,0.863309,1.227414,1.154177,1.073473,,,,,,,,GLOBAL_BASELINE_NO_ENTITY_RANKING,,,NOT_APPLICABLE_GLOBAL_BASELINE,HF9g-P5,,,,X 全窗基线 · 不参与实体赏罚,15053650,1506,A168_HF9F_20260827_0900,2026-08-27 09:00:00
2026-07-08,127529701,2174,0,218.4184029122,-157.1011798724,-157.1011798724,0.2500000,9,9,0.49920336666666667,0.499203366667,-1.4097089129893778,-1.4097089129912617,-1.4097089129893778,-3.3333E-13,ELIGIBLE,R03b_20260811_FULL_v1,L1_ELIGIBILITY,v2026-08-11,2026-03-21..2026-08-06,baccarat_bet02_101_all_pairs_incl_sentinel,round_win = game_pnl > 0 (decisive only),COMPATIBILITY_ONLY_NOT_PRODUCTION,557989.4742,504875.3716,9878.7574,24851,24505,-0.01770420,0.00338982,-0.02772422,-0.01770420,-9878.7574,557989.4742,OK,0.0000,395.1503,4.0000,96.0000,AG03-UNRESOLVED,ALL5_LEVELS_bet23_to_bet27,395.1503,395.1503,395.1503,0.0000,0.0000,4.000000,4.000000,4.000000,0.000000,0.000000,96.000000,96.000000,96.000000,100.000000,100.000000,5.0,1185.4509,1138.6651,8693.3065,8740.0923,PENDING_AG03,FALSE,NOT_FOR_ENFORCEMENT,9483.6071,484680.3568,9878.7574,9483.6071,395.1503,0.01770420,0.01699603,395.1503,9483.6071,0.01699603,395.1503,395.1503,395.1503,0.0000,0.0000,9483.6071,0.01699603,1185.4509,1138.6651,8693.3065,8740.0923,0.01557970,0.01566354,0.00070817,22.4534,20.6030,0.4031,82.3230,2.6463,4649.9123,204.2083,25.9152,21.1137,12.8578,14.5296,26.176,48.8436,54.2173,102.8621,13.088,0.0,3.731508,7.079487,1.545355,30,207,63,6,0.32204186,0.01770420,-0.00338982,0E-8,0.000000,0.904812,0.002133,0.03111404,2026-03-21,2026-08-06,120,3733,1703,139,0.863309,1.227414,1.154177,1.073473,,,,,,,,GLOBAL_BASELINE_NO_ENTITY_RANKING,,,NOT_APPLICABLE_GLOBAL_BASELINE,HF9g-P5,,,,X 全窗基线 · 不参与实体赏罚,15053651,1506,A168_HF9F_20260827_0900,2026-08-27 09:00:00
2026-07-08,127529701,2196,0,200.8623137892,-45.9556450572,-45.9556450572,0.2500000,4,4,0.49659680000000000,0.496596800000,-0.9864100490137353,-0.9864100490137354,-0.9864100490137353,0E-17,ELIGIBLE,R03b_20260811_FULL_v1,L1_ELIGIBILITY,v2026-08-11,2026-03-21..2026-08-06,baccarat_bet02_101_all_pairs_incl_sentinel,round_win = game_pnl > 0 (decisive only),COMPATIBILITY_ONLY_NOT_PRODUCTION,557989.4742,504875.3716,9878.7574,24851,24505,-0.01770420,0.00338982,-0.02772422,-0.01770420,-9878.7574,557989.4742,OK,0.0000,395.1503,4.0000,96.0000,AG03-UNRESOLVED,ALL5_LEVELS_bet23_to_bet27,395.1503,395.1503,395.1503,0.0000,0.0000,4.000000,4.000000,4.000000,0.000000,0.000000,96.000000,96.000000,96.000000,100.000000,100.000000,5.0,1185.4509,1138.6651,8693.3065,8740.0923,PENDING_AG03,FALSE,NOT_FOR_ENFORCEMENT,9483.6071,484680.3568,9878.7574,9483.6071,395.1503,0.01770420,0.01699603,395.1503,9483.6071,0.01699603,395.1503,395.1503,395.1503,0.0000,0.0000,9483.6071,0.01699603,1185.4509,1138.6651,8693.3065,8740.0923,0.01557970,0.01566354,0.00070817,22.4534,20.6030,0.4031,82.3230,2.6463,4649.9123,204.2083,25.9152,21.1137,12.8578,14.5296,26.176,48.8436,54.2173,102.8621,13.088,0.0,3.731508,7.079487,1.545355,30,207,63,6,0.32204186,0.01770420,-0.00338982,0E-8,0.000000,0.904812,0.002133,0.03111404,2026-03-21,2026-08-06,120,3733,1703,139,0.863309,1.227414,1.154177,1.073473,,,,,,,,GLOBAL_BASELINE_NO_ENTITY_RANKING,,,NOT_APPLICABLE_GLOBAL_BASELINE,HF9g-P5,,,,X 全窗基线 · 不参与实体赏罚,15053652,1506,A168_HF9F_20260827_0900,2026-08-27 09:00:00
2026-07-08,127529701,2201,0,285.8028038106,-157.3593576536,-157.3593576536,0.2857143,7,7,0.50090561428571429,0.500905614286,-1.138687347156492,-1.138687347158005,-1.138687347156492,-2.8571E-13,ELIGIBLE,R03b_20260811_FULL_v1,L1_ELIGIBILITY,v2026-08-11,2026-03-21..2026-08-06,baccarat_bet02_101_all_pairs_incl_sentinel,round_win = game_pnl > 0 (decisive only),COMPATIBILITY_ONLY_NOT_PRODUCTION,557989.4742,504875.3716,9878.7574,24851,24505,-0.01770420,0.00338982,-0.02772422,-0.01770420,-9878.7574,557989.4742,OK,0.0000,395.1503,4.0000,96.0000,AG03-UNRESOLVED,ALL5_LEVELS_bet23_to_bet27,395.1503,395.1503,395.1503,0.0000,0.0000,4.000000,4.000000,4.000000,0.000000,0.000000,96.000000,96.000000,96.000000,100.000000,100.000000,5.0,1185.4509,1138.6651,8693.3065,8740.0923,PENDING_AG03,FALSE,NOT_FOR_ENFORCEMENT,9483.6071,484680.3568,9878.7574,9483.6071,395.1503,0.01770420,0.01699603,395.1503,9483.6071,0.01699603,395.1503,395.1503,395.1503,0.0000,0.0000,9483.6071,0.01699603,1185.4509,1138.6651,8693.3065,8740.0923,0.01557970,0.01566354,0.00070817,22.4534,20.6030,0.4031,82.3230,2.6463,4649.9123,204.2083,25.9152,21.1137,12.8578,14.5296,26.176,48.8436,54.2173,102.8621,13.088,0.0,3.731508,7.079487,1.545355,30,207,63,6,0.32204186,0.01770420,-0.00338982,0E-8,0.000000,0.904812,0.002133,0.03111404,2026-03-21,2026-08-06,120,3733,1703,139,0.863309,1.227414,1.154177,1.073473,,,,,,,,GLOBAL_BASELINE_NO_ENTITY_RANKING,,,NOT_APPLICABLE_GLOBAL_BASELINE,HF9g-P5,,,,X 全窗基线 · 不参与实体赏罚,15053653,1506,A168_HF9F_20260827_0900,2026-08-27 09:00:00
2026-07-08,127529701,2216,0,25.8177781220,-25.8177781220,-25.8177781220,0E-7,1,1,0.50665070000000000,0.506650700000,-1.013391052207602,-1.013391052207602,-1.013391052207602,0E-17,ELIGIBLE,R03b_20260811_FULL_v1,L1_ELIGIBILITY,v2026-08-11,2026-03-21..2026-08-06,baccarat_bet02_101_all_pairs_incl_sentinel,round_win = game_pnl > 0 (decisive only),COMPATIBILITY_ONLY_NOT_PRODUCTION,557989.4742,504875.3716,9878.7574,24851,24505,-0.01770420,0.00338982,-0.02772422,-0.01770420,-9878.7574,557989.4742,OK,0.0000,395.1503,4.0000,96.0000,AG03-UNRESOLVED,ALL5_LEVELS_bet23_to_bet27,395.1503,395.1503,395.1503,0.0000,0.0000,4.000000,4.000000,4.000000,0.000000,0.000000,96.000000,96.000000,96.000000,100.000000,100.000000,5.0,1185.4509,1138.6651,8693.3065,8740.0923,PENDING_AG03,FALSE,NOT_FOR_ENFORCEMENT,9483.6071,484680.3568,9878.7574,9483.6071,395.1503,0.01770420,0.01699603,395.1503,9483.6071,0.01699603,395.1503,395.1503,395.1503,0.0000,0.0000,9483.6071,0.01699603,1185.4509,1138.6651,8693.3065,8740.0923,0.01557970,0.01566354,0.00070817,22.4534,20.6030,0.4031,82.3230,2.6463,4649.9123,204.2083,25.9152,21.1137,12.8578,14.5296,26.176,48.8436,54.2173,102.8621,13.088,0.0,3.731508,7.079487,1.545355,30,207,63,6,0.32204186,0.01770420,-0.00338982,0E-8,0.000000,0.904812,0.002133,0.03111404,2026-03-21,2026-08-06,120,3733,1703,139,0.863309,1.227414,1.154177,1.073473,,,,,,,,GLOBAL_BASELINE_NO_ENTITY_RANKING,,,NOT_APPLICABLE_GLOBAL_BASELINE,HF9g-P5,,,,X 全窗基线 · 不参与实体赏罚,15053654,1506,A168_HF9F_20260827_0900,2026-08-27 09:00:00
2026-07-08,127529701,2234,0,153.6157798259,-78.0987788190,-78.0987788190,0.3333333,6,6,0.49994810000000000,0.499948100000,-0.8162423282897021,-0.8162423282897021,-0.8162423282897021,0E-17,ELIGIBLE,R03b_20260811_FULL_v1,L1_ELIGIBILITY,v2026-08-11,2026-03-21..2026-08-06,baccarat_bet02_101_all_pairs_incl_sentinel,round_win = game_pnl > 0 (decisive only),COMPATIBILITY_ONLY_NOT_PRODUCTION,557989.4742,504875.3716,9878.7574,24851,24505,-0.01770420,0.00338982,-0.02772422,-0.01770420,-9878.7574,557989.4742,OK,0.0000,395.1503,4.0000,96.0000,AG03-UNRESOLVED,ALL5_LEVELS_bet23_to_bet27,395.1503,395.1503,395.1503,0.0000,0.0000,4.000000,4.000000,4.000000,0.000000,0.000000,96.000000,96.000000,96.000000,100.000000,100.000000,5.0,1185.4509,1138.6651,8693.3065,8740.0923,PENDING_AG03,FALSE,NOT_FOR_ENFORCEMENT,9483.6071,484680.3568,9878.7574,9483.6071,395.1503,0.01770420,0.01699603,395.1503,9483.6071,0.01699603,395.1503,395.1503,395.1503,0.0000,0.0000,9483.6071,0.01699603,1185.4509,1138.6651,8693.3065,8740.0923,0.01557970,0.01566354,0.00070817,22.4534,20.6030,0.4031,82.3230,2.6463,4649.9123,204.2083,25.9152,21.1137,12.8578,14.5296,26.176,48.8436,54.2173,102.8621,13.088,0.0,3.731508,7.079487,1.545355,30,207,63,6,0.32204186,0.01770420,-0.00338982,0E-8,0.000000,0.904812,0.002133,0.03111404,2026-03-21,2026-08-06,120,3733,1703,139,0.863309,1.227414,1.154177,1.073473,,,,,,,,GLOBAL_BASELINE_NO_ENTITY_RANKING,,,NOT_APPLICABLE_GLOBAL_BASELINE,HF9g-P5,,,,X 全窗基线 · 不参与实体赏罚,15053655,1506,A168_HF9F_20260827_0900,2026-08-27 09:00:00
2026-07-08,127529701,2239,0,36.9194227145,1.1618000155,1.1618000155,0.5000000,3,3,0.50218230000000000,0.502182300000,-0.00617253530718887,-0.00617253530718887,-0.00617253530718887,0E-17,ELIGIBLE,R03b_20260811_FULL_v1,L1_ELIGIBILITY,v2026-08-11,2026-03-21..2026-08-06,baccarat_bet02_101_all_pairs_incl_sentinel,round_win = game_pnl > 0 (decisive only),COMPATIBILITY_ONLY_NOT_PRODUCTION,557989.4742,504875.3716,9878.7574,24851,24505,-0.01770420,0.00338982,-0.02772422,-0.01770420,-9878.7574,557989.4742,OK,0.0000,395.1503,4.0000,96.0000,AG03-UNRESOLVED,ALL5_LEVELS_bet23_to_bet27,395.1503,395.1503,395.1503,0.0000,0.0000,4.000000,4.000000,4.000000,0.000000,0.000000,96.000000,96.000000,96.000000,100.000000,100.000000,5.0,1185.4509,1138.6651,8693.3065,8740.0923,PENDING_AG03,FALSE,NOT_FOR_ENFORCEMENT,9483.6071,484680.3568,9878.7574,9483.6071,395.1503,0.01770420,0.01699603,395.1503,9483.6071,0.01699603,395.1503,395.1503,395.1503,0.0000,0.0000,9483.6071,0.01699603,1185.4509,1138.6651,8693.3065,8740.0923,0.01557970,0.01566354,0.00070817,22.4534,20.6030,0.4031,82.3230,2.6463,4649.9123,204.2083,25.9152,21.1137,12.8578,14.5296,26.176,48.8436,54.2173,102.8621,13.088,0.0,3.731508,7.079487,1.545355,30,207,63,6,0.32204186,0.01770420,-0.00338982,0E-8,0.000000,0.904812,0.002133,0.03111404,2026-03-21,2026-08-06,120,3733,1703,139,0.863309,1.227414,1.154177,1.073473,,,,,,,,GLOBAL_BASELINE_NO_ENTITY_RANKING,,,NOT_APPLICABLE_GLOBAL_BASELINE,HF9g-P5,,,,X 全窗基线 · 不参与实体赏罚,15053656,1506,A168_HF9F_20260827_0900,2026-08-27 09:00:00
2026-07-08,127529701,2241,0,224.6146696614,28.4641003796,28.4641003796,0.6666667,7,7,0.49899058571428571,0.498990585714,0.8214433547731099,0.8214433547745106,0.8214433547731099,2.8571E-13,ELIGIBLE,R03b_20260811_FULL_v1,L1_ELIGIBILITY,v2026-08-11,2026-03-21..2026-08-06,baccarat_bet02_101_all_pairs_incl_sentinel,round_win = game_pnl > 0 (decisive only),COMPATIBILITY_ONLY_NOT_PRODUCTION,557989.4742,504875.3716,9878.7574,24851,24505,-0.01770420,0.00338982,-0.02772422,-0.01770420,-9878.7574,557989.4742,OK,0.0000,395.1503,4.0000,96.0000,AG03-UNRESOLVED,ALL5_LEVELS_bet23_to_bet27,395.1503,395.1503,395.1503,0.0000,0.0000,4.000000,4.000000,4.000000,0.000000,0.000000,96.000000,96.000000,96.000000,100.000000,100.000000,5.0,1185.4509,1138.6651,8693.3065,8740.0923,PENDING_AG03,FALSE,NOT_FOR_ENFORCEMENT,9483.6071,484680.3568,9878.7574,9483.6071,395.1503,0.01770420,0.01699603,395.1503,9483.6071,0.01699603,395.1503,395.1503,395.1503,0.0000,0.0000,9483.6071,0.01699603,1185.4509,1138.6651,8693.3065,8740.0923,0.01557970,0.01566354,0.00070817,22.4534,20.6030,0.4031,82.3230,2.6463,4649.9123,204.2083,25.9152,21.1137,12.8578,14.5296,26.176,48.8436,54.2173,102.8621,13.088,0.0,3.731508,7.079487,1.545355,30,207,63,6,0.32204186,0.01770420,-0.00338982,0E-8,0.000000,0.904812,0.002133,0.03111404,2026-03-21,2026-08-06,120,3733,1703,139,0.863309,1.227414,1.154177,1.073473,,,,,,,,GLOBAL_BASELINE_NO_ENTITY_RANKING,,,NOT_APPLICABLE_GLOBAL_BASELINE,HF9g-P5,,,,X 全窗基线 · 不参与实体赏罚,15053657,1506,A168_HF9F_20260827_0900,2026-08-27 09:00:00
2026-07-08,127529701,2261,0,12.9088890610,-12.9088890610,-12.9088890610,0E-7,1,1,0.49324550000000000,0.493245500000,-0.9865810262130424,-0.9865810262130424,-0.9865810262130424,0E-17,ELIGIBLE,R03b_20260811_FULL_v1,L1_ELIGIBILITY,v2026-08-11,2026-03-21..2026-08-06,baccarat_bet02_101_all_pairs_incl_sentinel,round_win = game_pnl > 0 (decisive only),COMPATIBILITY_ONLY_NOT_PRODUCTION,557989.4742,504875.3716,9878.7574,24851,24505,-0.01770420,0.00338982,-0.02772422,-0.01770420,-9878.7574,557989.4742,OK,0.0000,395.1503,4.0000,96.0000,AG03-UNRESOLVED,ALL5_LEVELS_bet23_to_bet27,395.1503,395.1503,395.1503,0.0000,0.0000,4.000000,4.000000,4.000000,0.000000,0.000000,96.000000,96.000000,96.000000,100.000000,100.000000,5.0,1185.4509,1138.6651,8693.3065,8740.0923,PENDING_AG03,FALSE,NOT_FOR_ENFORCEMENT,9483.6071,484680.3568,9878.7574,9483.6071,395.1503,0.01770420,0.01699603,395.1503,9483.6071,0.01699603,395.1503,395.1503,395.1503,0.0000,0.0000,9483.6071,0.01699603,1185.4509,1138.6651,8693.3065,8740.0923,0.01557970,0.01566354,0.00070817,22.4534,20.6030,0.4031,82.3230,2.6463,4649.9123,204.2083,25.9152,21.1137,12.8578,14.5296,26.176,48.8436,54.2173,102.8621,13.088,0.0,3.731508,7.079487,1.545355,30,207,63,6,0.32204186,0.01770420,-0.00338982,0E-8,0.000000,0.904812,0.002133,0.03111404,2026-03-21,2026-08-06,120,3733,1703,139,0.863309,1.227414,1.154177,1.073473,,,,,,,,GLOBAL_BASELINE_NO_ENTITY_RANKING,,,NOT_APPLICABLE_GLOBAL_BASELINE,HF9g-P5,,,,X 全窗基线 · 不参与实体赏罚,15053658,1506,A168_HF9F_20260827_0900,2026-08-27 09:00:00
2026-07-08,127529701,2267,0,98.1075568636,-5.8090000774,-5.8090000774,0.4285714,7,7,0.50090561428571429,0.500905614286,-0.38275716120403624,-0.38275716120554854,-0.38275716120403624,-2.8571E-13,ELIGIBLE,R03b_20260811_FULL_v1,L1_ELIGIBILITY,v2026-08-11,2026-03-21..2026-08-06,baccarat_bet02_101_all_pairs_incl_sentinel,round_win = game_pnl > 0 (decisive only),COMPATIBILITY_ONLY_NOT_PRODUCTION,557989.4742,504875.3716,9878.7574,24851,24505,-0.01770420,0.00338982,-0.02772422,-0.01770420,-9878.7574,557989.4742,OK,0.0000,395.1503,4.0000,96.0000,AG03-UNRESOLVED,ALL5_LEVELS_bet23_to_bet27,395.1503,395.1503,395.1503,0.0000,0.0000,4.000000,4.000000,4.000000,0.000000,0.000000,96.000000,96.000000,96.000000,100.000000,100.000000,5.0,1185.4509,1138.6651,8693.3065,8740.0923,PENDING_AG03,FALSE,NOT_FOR_ENFORCEMENT,9483.6071,484680.3568,9878.7574,9483.6071,395.1503,0.01770420,0.01699603,395.1503,9483.6071,0.01699603,395.1503,395.1503,395.1503,0.0000,0.0000,9483.6071,0.01699603,1185.4509,1138.6651,8693.3065,8740.0923,0.01557970,0.01566354,0.00070817,22.4534,20.6030,0.4031,82.3230,2.6463,4649.9123,204.2083,25.9152,21.1137,12.8578,14.5296,26.176,48.8436,54.2173,102.8621,13.088,0.0,3.731508,7.079487,1.545355,30,207,63,6,0.32204186,0.01770420,-0.00338982,0E-8,0.000000,0.904812,0.002133,0.03111404,2026-03-21,2026-08-06,120,3733,1703,139,0.863309,1.227414,1.154177,1.073473,,,,,,,,GLOBAL_BASELINE_NO_ENTITY_RANKING,,,NOT_APPLICABLE_GLOBAL_BASELINE,HF9g-P5,,,,X 全窗基线 · 不参与实体赏罚,15053659,1506,A168_HF9F_20260827_0900,2026-08-27 09:00:00
2026-07-08,127529701,2271,0,19.6215113727,19.3633335915,19.3633335915,1.0000000,2,2,0.49994810000000000,0.499948100000,1.4143603653603398,1.4143603653603398,1.4143603653603398,0E-17,ELIGIBLE,R03b_20260811_FULL_v1,L1_ELIGIBILITY,v2026-08-11,2026-03-21..2026-08-06,baccarat_bet02_101_all_pairs_incl_sentinel,round_win = game_pnl > 0 (decisive only),COMPATIBILITY_ONLY_NOT_PRODUCTION,557989.4742,504875.3716,9878.7574,24851,24505,-0.01770420,0.00338982,-0.02772422,-0.01770420,-9878.7574,557989.4742,OK,0.0000,395.1503,4.0000,96.0000,AG03-UNRESOLVED,ALL5_LEVELS_bet23_to_bet27,395.1503,395.1503,395.1503,0.0000,0.0000,4.000000,4.000000,4.000000,0.000000,0.000000,96.000000,96.000000,96.000000,100.000000,100.000000,5.0,1185.4509,1138.6651,8693.3065,8740.0923,PENDING_AG03,FALSE,NOT_FOR_ENFORCEMENT,9483.6071,484680.3568,9878.7574,9483.6071,395.1503,0.01770420,0.01699603,395.1503,9483.6071,0.01699603,395.1503,395.1503,395.1503,0.0000,0.0000,9483.6071,0.01699603,1185.4509,1138.6651,8693.3065,8740.0923,0.01557970,0.01566354,0.00070817,22.4534,20.6030,0.4031,82.3230,2.6463,4649.9123,204.2083,25.9152,21.1137,12.8578,14.5296,26.176,48.8436,54.2173,102.8621,13.088,0.0,3.731508,7.079487,1.545355,30,207,63,6,0.32204186,0.01770420,-0.00338982,0E-8,0.000000,0.904812,0.002133,0.03111404,2026-03-21,2026-08-06,120,3733,1703,139,0.863309,1.227414,1.154177,1.073473,,,,,,,,GLOBAL_BASELINE_NO_ENTITY_RANKING,,,NOT_APPLICABLE_GLOBAL_BASELINE,HF9g-P5,,,,X 全窗基线 · 不参与实体赏罚,15053660,1506,A168_HF9F_20260827_0900,2026-08-27 09:00:00
2026-07-08,127529701,2288,0,18.0724446854,-18.0724446854,-18.0724446854,0E-7,1,1,0.49324550000000000,0.493245500000,-0.9865810262130424,-0.9865810262130424,-0.9865810262130424,0E-17,ELIGIBLE,R03b_20260811_FULL_v1,L1_ELIGIBILITY,v2026-08-11,2026-03-21..2026-08-06,baccarat_bet02_101_all_pairs_incl_sentinel,round_win = game_pnl > 0 (decisive only),COMPATIBILITY_ONLY_NOT_PRODUCTION,557989.4742,504875.3716,9878.7574,24851,24505,-0.01770420,0.00338982,-0.02772422,-0.01770420,-9878.7574,557989.4742,OK,0.0000,395.1503,4.0000,96.0000,AG03-UNRESOLVED,ALL5_LEVELS_bet23_to_bet27,395.1503,395.1503,395.1503,0.0000,0.0000,4.000000,4.000000,4.000000,0.000000,0.000000,96.000000,96.000000,96.000000,100.000000,100.000000,5.0,1185.4509,1138.6651,8693.3065,8740.0923,PENDING_AG03,FALSE,NOT_FOR_ENFORCEMENT,9483.6071,484680.3568,9878.7574,9483.6071,395.1503,0.01770420,0.01699603,395.1503,9483.6071,0.01699603,395.1503,395.1503,395.1503,0.0000,0.0000,9483.6071,0.01699603,1185.4509,1138.6651,8693.3065,8740.0923,0.01557970,0.01566354,0.00070817,22.4534,20.6030,0.4031,82.3230,2.6463,4649.9123,204.2083,25.9152,21.1137,12.8578,14.5296,26.176,48.8436,54.2173,102.8621,13.088,0.0,3.731508,7.079487,1.545355,30,207,63,6,0.32204186,0.01770420,-0.00338982,0E-8,0.000000,0.904812,0.002133,0.03111404,2026-03-21,2026-08-06,120,3733,1703,139,0.863309,1.227414,1.154177,1.073473,,,,,,,,GLOBAL_BASELINE_NO_ENTITY_RANKING,,,NOT_APPLICABLE_GLOBAL_BASELINE,HF9g-P5,,,,X 全窗基线 · 不参与实体赏罚,15053661,1506,A168_HF9F_20260827_0900,2026-08-27 09:00:00
2026-07-08,127529701,471,0,15.4906668732,15.4906668732,15.4906668732,1.0000000,1,1,0.49324550000000000,0.493245500000,1.01360149184955,1.01360149184955,1.01360149184955,0E-17,ELIGIBLE,R03b_20260811_FULL_v1,L1_ELIGIBILITY,v2026-08-11,2026-03-21..2026-08-06,baccarat_bet02_101_all_pairs_incl_sentinel,round_win = game_pnl > 0 (decisive only),COMPATIBILITY_ONLY_NOT_PRODUCTION,557989.4742,504875.3716,9878.7574,24851,24505,-0.01770420,0.00338982,-0.02772422,-0.01770420,-9878.7574,557989.4742,OK,0.0000,395.1503,4.0000,96.0000,AG03-UNRESOLVED,ALL5_LEVELS_bet23_to_bet27,395.1503,395.1503,395.1503,0.0000,0.0000,4.000000,4.000000,4.000000,0.000000,0.000000,96.000000,96.000000,96.000000,100.000000,100.000000,5.0,1185.4509,1138.6651,8693.3065,8740.0923,PENDING_AG03,FALSE,NOT_FOR_ENFORCEMENT,9483.6071,484680.3568,9878.7574,9483.6071,395.1503,0.01770420,0.01699603,395.1503,9483.6071,0.01699603,395.1503,395.1503,395.1503,0.0000,0.0000,9483.6071,0.01699603,1185.4509,1138.6651,8693.3065,8740.0923,0.01557970,0.01566354,0.00070817,22.4534,20.6030,0.4031,82.3230,2.6463,4649.9123,204.2083,25.9152,21.1137,12.8578,14.5296,26.176,48.8436,54.2173,102.8621,13.088,0.0,3.731508,7.079487,1.545355,30,207,63,6,0.32204186,0.01770420,-0.00338982,0E-8,0.000000,0.904812,0.002133,0.03111404,2026-03-21,2026-08-06,120,3733,1703,139,0.863309,1.227414,1.154177,1.073473,,,,,,,,GLOBAL_BASELINE_NO_ENTITY_RANKING,,,NOT_APPLICABLE_GLOBAL_BASELINE,HF9g-P5,,,,X 全窗基线 · 不参与实体赏罚,15053662,1506,A168_HF9F_20260827_0900,2026-08-27 09:00:00
2026-07-08,127529701,526,0,100.6893346758,2.5817778122,2.5817778122,0.3333333,3,3,0.49771390000000000,0.497713900000,-0.5694369385616226,-0.5694369385616226,-0.5694369385616226,0E-17,ELIGIBLE,R03b_20260811_FULL_v1,L1_ELIGIBILITY,v2026-08-11,2026-03-21..2026-08-06,baccarat_bet02_101_all_pairs_incl_sentinel,round_win = game_pnl > 0 (decisive only),COMPATIBILITY_ONLY_NOT_PRODUCTION,557989.4742,504875.3716,9878.7574,24851,24505,-0.01770420,0.00338982,-0.02772422,-0.01770420,-9878.7574,557989.4742,OK,0.0000,395.1503,4.0000,96.0000,AG03-UNRESOLVED,ALL5_LEVELS_bet23_to_bet27,395.1503,395.1503,395.1503,0.0000,0.0000,4.000000,4.000000,4.000000,0.000000,0.000000,96.000000,96.000000,96.000000,100.000000,100.000000,5.0,1185.4509,1138.6651,8693.3065,8740.0923,PENDING_AG03,FALSE,NOT_FOR_ENFORCEMENT,9483.6071,484680.3568,9878.7574,9483.6071,395.1503,0.01770420,0.01699603,395.1503,9483.6071,0.01699603,395.1503,395.1503,395.1503,0.0000,0.0000,9483.6071,0.01699603,1185.4509,1138.6651,8693.3065,8740.0923,0.01557970,0.01566354,0.00070817,22.4534,20.6030,0.4031,82.3230,2.6463,4649.9123,204.2083,25.9152,21.1137,12.8578,14.5296,26.176,48.8436,54.2173,102.8621,13.088,0.0,3.731508,7.079487,1.545355,30,207,63,6,0.32204186,0.01770420,-0.00338982,0E-8,0.000000,0.904812,0.002133,0.03111404,2026-03-21,2026-08-06,120,3733,1703,139,0.863309,1.227414,1.154177,1.073473,,,,,,,,GLOBAL_BASELINE_NO_ENTITY_RANKING,,,NOT_APPLICABLE_GLOBAL_BASELINE,HF9g-P5,,,,X 全窗基线 · 不参与实体赏罚,15053663,1506,A168_HF9F_20260827_0900,2026-08-27 09:00:00
2026-07-08,127529701,987,0,103.2711124880,0E-10,0E-10,0.5000000,4,4,0.49659680000000000,0.496596800000,0.013613115331600182,0.013613115331600183,0.013613115331600182,0E-17,ELIGIBLE,R03b_20260811_FULL_v1,L1_ELIGIBILITY,v2026-08-11,2026-03-21..2026-08-06,baccarat_bet02_101_all_pairs_incl_sentinel,round_win = game_pnl > 0 (decisive only),COMPATIBILITY_ONLY_NOT_PRODUCTION,557989.4742,504875.3716,9878.7574,24851,24505,-0.01770420,0.00338982,-0.02772422,-0.01770420,-9878.7574,557989.4742,OK,0.0000,395.1503,4.0000,96.0000,AG03-UNRESOLVED,ALL5_LEVELS_bet23_to_bet27,395.1503,395.1503,395.1503,0.0000,0.0000,4.000000,4.000000,4.000000,0.000000,0.000000,96.000000,96.000000,96.000000,100.000000,100.000000,5.0,1185.4509,1138.6651,8693.3065,8740.0923,PENDING_AG03,FALSE,NOT_FOR_ENFORCEMENT,9483.6071,484680.3568,9878.7574,9483.6071,395.1503,0.01770420,0.01699603,395.1503,9483.6071,0.01699603,395.1503,395.1503,395.1503,0.0000,0.0000,9483.6071,0.01699603,1185.4509,1138.6651,8693.3065,8740.0923,0.01557970,0.01566354,0.00070817,22.4534,20.6030,0.4031,82.3230,2.6463,4649.9123,204.2083,25.9152,21.1137,12.8578,14.5296,26.176,48.8436,54.2173,102.8621,13.088,0.0,3.731508,7.079487,1.545355,30,207,63,6,0.32204186,0.01770420,-0.00338982,0E-8,0.000000,0.904812,0.002133,0.03111404,2026-03-21,2026-08-06,120,3733,1703,139,0.863309,1.227414,1.154177,1.073473,,,,,,,,GLOBAL_BASELINE_NO_ENTITY_RANKING,,,NOT_APPLICABLE_GLOBAL_BASELINE,HF9g-P5,,,,X 全窗基线 · 不参与实体赏罚,15053664,1506,A168_HF9F_20260827_0900,2026-08-27 09:00:00
2026-07-08,127529701,994,0,7.7453334366,-7.7453334366,-7.7453334366,0E-7,1,1,0.50665070000000000,0.506650700000,-1.013391052207602,-1.013391052207602,-1.013391052207602,0E-17,ELIGIBLE,R03b_20260811_FULL_v1,L1_ELIGIBILITY,v2026-08-11,2026-03-21..2026-08-06,baccarat_bet02_101_all_pairs_incl_sentinel,round_win = game_pnl > 0 (decisive only),COMPATIBILITY_ONLY_NOT_PRODUCTION,557989.4742,504875.3716,9878.7574,24851,24505,-0.01770420,0.00338982,-0.02772422,-0.01770420,-9878.7574,557989.4742,OK,0.0000,395.1503,4.0000,96.0000,AG03-UNRESOLVED,ALL5_LEVELS_bet23_to_bet27,395.1503,395.1503,395.1503,0.0000,0.0000,4.000000,4.000000,4.000000,0.000000,0.000000,96.000000,96.000000,96.000000,100.000000,100.000000,5.0,1185.4509,1138.6651,8693.3065,8740.0923,PENDING_AG03,FALSE,NOT_FOR_ENFORCEMENT,9483.6071,484680.3568,9878.7574,9483.6071,395.1503,0.01770420,0.01699603,395.1503,9483.6071,0.01699603,395.1503,395.1503,395.1503,0.0000,0.0000,9483.6071,0.01699603,1185.4509,1138.6651,8693.3065,8740.0923,0.01557970,0.01566354,0.00070817,22.4534,20.6030,0.4031,82.3230,2.6463,4649.9123,204.2083,25.9152,21.1137,12.8578,14.5296,26.176,48.8436,54.2173,102.8621,13.088,0.0,3.731508,7.079487,1.545355,30,207,63,6,0.32204186,0.01770420,-0.00338982,0E-8,0.000000,0.904812,0.002133,0.03111404,2026-03-21,2026-08-06,120,3733,1703,139,0.863309,1.227414,1.154177,1.073473,,,,,,,,GLOBAL_BASELINE_NO_ENTITY_RANKING,,,NOT_APPLICABLE_GLOBAL_BASELINE,HF9g-P5,,,,X 全窗基线 · 不参与实体赏罚,15053665,1506,A168_HF9F_20260827_0900,2026-08-27 09:00:00
2026-07-10,127529701,-1,1,2307.0766529820,62.8791986170,62.8791986170,0.5090909,119,119,0.49755567563025210,0.497555675630,0.2419679897849464,0.24196798979023515,0.2419679897849464,2.5210E-13,SENTINEL_DEALER,R03b_20260811_FULL_v1,L1_ELIGIBILITY,v2026-08-11,2026-03-21..2026-08-06,baccarat_bet02_101_all_pairs_incl_sentinel,round_win = game_pnl > 0 (decisive only),COMPATIBILITY_ONLY_NOT_PRODUCTION,557989.4742,504875.3716,9878.7574,24851,24505,-0.01770420,0.00338982,-0.02772422,-0.01770420,-9878.7574,557989.4742,OK,0.0000,395.1503,4.0000,96.0000,AG03-UNRESOLVED,ALL5_LEVELS_bet23_to_bet27,395.1503,395.1503,395.1503,0.0000,0.0000,4.000000,4.000000,4.000000,0.000000,0.000000,96.000000,96.000000,96.000000,100.000000,100.000000,5.0,1185.4509,1138.6651,8693.3065,8740.0923,PENDING_AG03,FALSE,NOT_FOR_ENFORCEMENT,9483.6071,484680.3568,9878.7574,9483.6071,395.1503,0.01770420,0.01699603,395.1503,9483.6071,0.01699603,395.1503,395.1503,395.1503,0.0000,0.0000,9483.6071,0.01699603,1185.4509,1138.6651,8693.3065,8740.0923,0.01557970,0.01566354,0.00070817,22.4534,20.6030,0.4031,82.3230,2.6463,4649.9123,204.2083,25.9152,21.1137,12.8578,14.5296,26.176,48.8436,54.2173,102.8621,13.088,0.0,3.731508,7.079487,1.545355,30,207,63,6,0.32204186,0.01770420,-0.00338982,0E-8,0.000000,0.904812,0.002133,0.03111404,2026-03-21,2026-08-06,120,3733,1703,139,0.863309,1.227414,1.154177,1.073473,,,,,,,,GLOBAL_BASELINE_NO_ENTITY_RANKING,,,NOT_APPLICABLE_GLOBAL_BASELINE,HF9g-P5,,,,X 全窗基线 · 不参与实体赏罚,15053666,1506,A168_HF9F_20260827_0900,2026-08-27 09:00:00
2026-07-10,127529701,1151,0,25.8177781220,24.5268892160,24.5268892160,1.0000000,2,2,0.50665070000000000,0.506650700000,1.3955260008387969,1.3955260008387969,1.3955260008387969,0E-17,ELIGIBLE,R03b_20260811_FULL_v1,L1_ELIGIBILITY,v2026-08-11,2026-03-21..2026-08-06,baccarat_bet02_101_all_pairs_incl_sentinel,round_win = game_pnl > 0 (decisive only),COMPATIBILITY_ONLY_NOT_PRODUCTION,557989.4742,504875.3716,9878.7574,24851,24505,-0.01770420,0.00338982,-0.02772422,-0.01770420,-9878.7574,557989.4742,OK,0.0000,395.1503,4.0000,96.0000,AG03-UNRESOLVED,ALL5_LEVELS_bet23_to_bet27,395.1503,395.1503,395.1503,0.0000,0.0000,4.000000,4.000000,4.000000,0.000000,0.000000,96.000000,96.000000,96.000000,100.000000,100.000000,5.0,1185.4509,1138.6651,8693.3065,8740.0923,PENDING_AG03,FALSE,NOT_FOR_ENFORCEMENT,9483.6071,484680.3568,9878.7574,9483.6071,395.1503,0.01770420,0.01699603,395.1503,9483.6071,0.01699603,395.1503,395.1503,395.1503,0.0000,0.0000,9483.6071,0.01699603,1185.4509,1138.6651,8693.3065,8740.0923,0.01557970,0.01566354,0.00070817,22.4534,20.6030,0.4031,82.3230,2.6463,4649.9123,204.2083,25.9152,21.1137,12.8578,14.5296,26.176,48.8436,54.2173,102.8621,13.088,0.0,3.731508,7.079487,1.545355,30,207,63,6,0.32204186,0.01770420,-0.00338982,0E-8,0.000000,0.904812,0.002133,0.03111404,2026-03-21,2026-08-06,120,3733,1703,139,0.863309,1.227414,1.154177,1.073473,,,,,,,,GLOBAL_BASELINE_NO_ENTITY_RANKING,,,NOT_APPLICABLE_GLOBAL_BASELINE,HF9g-P5,,,,X 全窗基线 · 不参与实体赏罚,15053667,1506,A168_HF9F_20260827_0900,2026-08-27 09:00:00
2026-07-10,127529701,1210,0,411.7935610459,-35.9125293675,-35.9125293675,0.5263158,20,20,0.49927784000000000,0.499277840000,0.2357116246471514,0.2357116246471514,0.2357116246471514,0E-17,ELIGIBLE,R03b_20260811_FULL_v1,L1_ELIGIBILITY,v2026-08-11,2026-03-21..2026-08-06,baccarat_bet02_101_all_pairs_incl_sentinel,round_win = game_pnl > 0 (decisive only),COMPATIBILITY_ONLY_NOT_PRODUCTION,557989.4742,504875.3716,9878.7574,24851,24505,-0.01770420,0.00338982,-0.02772422,-0.01770420,-9878.7574,557989.4742,OK,0.0000,395.1503,4.0000,96.0000,AG03-UNRESOLVED,ALL5_LEVELS_bet23_to_bet27,395.1503,395.1503,395.1503,0.0000,0.0000,4.000000,4.000000,4.000000,0.000000,0.000000,96.000000,96.000000,96.000000,100.000000,100.000000,5.0,1185.4509,1138.6651,8693.3065,8740.0923,PENDING_AG03,FALSE,NOT_FOR_ENFORCEMENT,9483.6071,484680.3568,9878.7574,9483.6071,395.1503,0.01770420,0.01699603,395.1503,9483.6071,0.01699603,395.1503,395.1503,395.1503,0.0000,0.0000,9483.6071,0.01699603,1185.4509,1138.6651,8693.3065,8740.0923,0.01557970,0.01566354,0.00070817,22.4534,20.6030,0.4031,82.3230,2.6463,4649.9123,204.2083,25.9152,21.1137,12.8578,14.5296,26.176,48.8436,54.2173,102.8621,13.088,0.0,3.731508,7.079487,1.545355,30,207,63,6,0.32204186,0.01770420,-0.00338982,0E-8,0.000000,0.904812,0.002133,0.03111404,2026-03-21,2026-08-06,120,3733,1703,139,0.863309,1.227414,1.154177,1.073473,,,,,,,,GLOBAL_BASELINE_NO_ENTITY_RANKING,,,NOT_APPLICABLE_GLOBAL_BASELINE,HF9g-P5,,,,X 全窗基线 · 不参与实体赏罚,15053668,1506,A168_HF9F_20260827_0900,2026-08-27 09:00:00
2026-07-10,127529701,1318,0,42.3411561201,-6.1962667493,-6.1962667493,0.3333333,3,3,0.50218230000000000,0.502182300000,-0.5849155494134425,-0.5849155494134426,-0.5849155494134425,0E-17,ELIGIBLE,R03b_20260811_FULL_v1,L1_ELIGIBILITY,v2026-08-11,2026-03-21..2026-08-06,baccarat_bet02_101_all_pairs_incl_sentinel,round_win = game_pnl > 0 (decisive only),COMPATIBILITY_ONLY_NOT_PRODUCTION,557989.4742,504875.3716,9878.7574,24851,24505,-0.01770420,0.00338982,-0.02772422,-0.01770420,-9878.7574,557989.4742,OK,0.0000,395.1503,4.0000,96.0000,AG03-UNRESOLVED,ALL5_LEVELS_bet23_to_bet27,395.1503,395.1503,395.1503,0.0000,0.0000,4.000000,4.000000,4.000000,0.000000,0.000000,96.000000,96.000000,96.000000,100.000000,100.000000,5.0,1185.4509,1138.6651,8693.3065,8740.0923,PENDING_AG03,FALSE,NOT_FOR_ENFORCEMENT,9483.6071,484680.3568,9878.7574,9483.6071,395.1503,0.01770420,0.01699603,395.1503,9483.6071,0.01699603,395.1503,395.1503,395.1503,0.0000,0.0000,9483.6071,0.01699603,1185.4509,1138.6651,8693.3065,8740.0923,0.01557970,0.01566354,0.00070817,22.4534,20.6030,0.4031,82.3230,2.6463,4649.9123,204.2083,25.9152,21.1137,12.8578,14.5296,26.176,48.8436,54.2173,102.8621,13.088,0.0,3.731508,7.079487,1.545355,30,207,63,6,0.32204186,0.01770420,-0.00338982,0E-8,0.000000,0.904812,0.002133,0.03111404,2026-03-21,2026-08-06,120,3733,1703,139,0.863309,1.227414,1.154177,1.073473,,,,,,,,GLOBAL_BASELINE_NO_ENTITY_RANKING,,,NOT_APPLICABLE_GLOBAL_BASELINE,HF9g-P5,,,,X 全窗基线 · 不参与实体赏罚,15053669,1506,A168_HF9F_20260827_0900,2026-08-27 09:00:00
2026-07-10,127529701,1384,0,427.2842279191,-38.7266671830,-38.7266671830,0.4615385,14,14,0.49803307142857143,0.498033071429,-0.26316841077767955,-0.2631684107807692,-0.26316841077767955,-4.2857E-13,ELIGIBLE,R03b_20260811_FULL_v1,L1_ELIGIBILITY,v2026-08-11,2026-03-21..2026-08-06,baccarat_bet02_101_all_pairs_incl_sentinel,round_win = game_pnl > 0 (decisive only),COMPATIBILITY_ONLY_NOT_PRODUCTION,557989.4742,504875.3716,9878.7574,24851,24505,-0.01770420,0.00338982,-0.02772422,-0.01770420,-9878.7574,557989.4742,OK,0.0000,395.1503,4.0000,96.0000,AG03-UNRESOLVED,ALL5_LEVELS_bet23_to_bet27,395.1503,395.1503,395.1503,0.0000,0.0000,4.000000,4.000000,4.000000,0.000000,0.000000,96.000000,96.000000,96.000000,100.000000,100.000000,5.0,1185.4509,1138.6651,8693.3065,8740.0923,PENDING_AG03,FALSE,NOT_FOR_ENFORCEMENT,9483.6071,484680.3568,9878.7574,9483.6071,395.1503,0.01770420,0.01699603,395.1503,9483.6071,0.01699603,395.1503,395.1503,395.1503,0.0000,0.0000,9483.6071,0.01699603,1185.4509,1138.6651,8693.3065,8740.0923,0.01557970,0.01566354,0.00070817,22.4534,20.6030,0.4031,82.3230,2.6463,4649.9123,204.2083,25.9152,21.1137,12.8578,14.5296,26.176,48.8436,54.2173,102.8621,13.088,0.0,3.731508,7.079487,1.545355,30,207,63,6,0.32204186,0.01770420,-0.00338982,0E-8,0.000000,0.904812,0.002133,0.03111404,2026-03-21,2026-08-06,120,3733,1703,139,0.863309,1.227414,1.154177,1.073473,,,,,,,,GLOBAL_BASELINE_NO_ENTITY_RANKING,,,NOT_APPLICABLE_GLOBAL_BASELINE,HF9g-P5,,,,X 全窗基线 · 不参与实体赏罚,15053670,1506,A168_HF9F_20260827_0900,2026-08-27 09:00:00
2026-07-10,127529701,1405,0,12.9088890610,12.2634446080,12.2634446080,1.0000000,1,1,0.50665070000000000,0.506650700000,0.9867858985152569,0.9867858985152569,0.9867858985152569,0E-17,ELIGIBLE,R03b_20260811_FULL_v1,L1_ELIGIBILITY,v2026-08-11,2026-03-21..2026-08-06,baccarat_bet02_101_all_pairs_incl_sentinel,round_win = game_pnl > 0 (decisive only),COMPATIBILITY_ONLY_NOT_PRODUCTION,557989.4742,504875.3716,9878.7574,24851,24505,-0.01770420,0.00338982,-0.02772422,-0.01770420,-9878.7574,557989.4742,OK,0.0000,395.1503,4.0000,96.0000,AG03-UNRESOLVED,ALL5_LEVELS_bet23_to_bet27,395.1503,395.1503,395.1503,0.0000,0.0000,4.000000,4.000000,4.000000,0.000000,0.000000,96.000000,96.000000,96.000000,100.000000,100.000000,5.0,1185.4509,1138.6651,8693.3065,8740.0923,PENDING_AG03,FALSE,NOT_FOR_ENFORCEMENT,9483.6071,484680.3568,9878.7574,9483.6071,395.1503,0.01770420,0.01699603,395.1503,9483.6071,0.01699603,395.1503,395.1503,395.1503,0.0000,0.0000,9483.6071,0.01699603,1185.4509,1138.6651,8693.3065,8740.0923,0.01557970,0.01566354,0.00070817,22.4534,20.6030,0.4031,82.3230,2.6463,4649.9123,204.2083,25.9152,21.1137,12.8578,14.5296,26.176,48.8436,54.2173,102.8621,13.088,0.0,3.731508,7.079487,1.545355,30,207,63,6,0.32204186,0.01770420,-0.00338982,0E-8,0.000000,0.904812,0.002133,0.03111404,2026-03-21,2026-08-06,120,3733,1703,139,0.863309,1.227414,1.154177,1.073473,,,,,,,,GLOBAL_BASELINE_NO_ENTITY_RANKING,,,NOT_APPLICABLE_GLOBAL_BASELINE,HF9g-P5,,,,X 全窗基线 · 不参与实体赏罚,15053671,1506,A168_HF9F_20260827_0900,2026-08-27 09:00:00
2026-07-10,127529701,1490,0,47.7628895257,46.3429117290,46.3429117290,1.0000000,3,3,0.50218230000000000,0.502182300000,1.724507524396475,1.7245075243964754,1.724507524396475,0E-17,ELIGIBLE,R03b_20260811_FULL_v1,L1_ELIGIBILITY,v2026-08-11,2026-03-21..2026-08-06,baccarat_bet02_101_all_pairs_incl_sentinel,round_win = game_pnl > 0 (decisive only),COMPATIBILITY_ONLY_NOT_PRODUCTION,557989.4742,504875.3716,9878.7574,24851,24505,-0.01770420,0.00338982,-0.02772422,-0.01770420,-9878.7574,557989.4742,OK,0.0000,395.1503,4.0000,96.0000,AG03-UNRESOLVED,ALL5_LEVELS_bet23_to_bet27,395.1503,395.1503,395.1503,0.0000,0.0000,4.000000,4.000000,4.000000,0.000000,0.000000,96.000000,96.000000,96.000000,100.000000,100.000000,5.0,1185.4509,1138.6651,8693.3065,8740.0923,PENDING_AG03,FALSE,NOT_FOR_ENFORCEMENT,9483.6071,484680.3568,9878.7574,9483.6071,395.1503,0.01770420,0.01699603,395.1503,9483.6071,0.01699603,395.1503,395.1503,395.1503,0.0000,0.0000,9483.6071,0.01699603,1185.4509,1138.6651,8693.3065,8740.0923,0.01557970,0.01566354,0.00070817,22.4534,20.6030,0.4031,82.3230,2.6463,4649.9123,204.2083,25.9152,21.1137,12.8578,14.5296,26.176,48.8436,54.2173,102.8621,13.088,0.0,3.731508,7.079487,1.545355,30,207,63,6,0.32204186,0.01770420,-0.00338982,0E-8,0.000000,0.904812,0.002133,0.03111404,2026-03-21,2026-08-06,120,3733,1703,139,0.863309,1.227414,1.154177,1.073473,,,,,,,,GLOBAL_BASELINE_NO_ENTITY_RANKING,,,NOT_APPLICABLE_GLOBAL_BASELINE,HF9g-P5,,,,X 全窗基线 · 不参与实体赏罚,15053672,1506,A168_HF9F_20260827_0900,2026-08-27 09:00:00
2026-07-10,127529701,1509,0,112.3073348307,13.5543335141,13.5543335141,0.3333333,3,3,0.50665070000000000,0.506650700000,-0.6004420894325239,-0.6004420894325239,-0.6004420894325239,0E-17,ELIGIBLE,R03b_20260811_FULL_v1,L1_ELIGIBILITY,v2026-08-11,2026-03-21..2026-08-06,baccarat_bet02_101_all_pairs_incl_sentinel,round_win = game_pnl > 0 (decisive only),COMPATIBILITY_ONLY_NOT_PRODUCTION,557989.4742,504875.3716,9878.7574,24851,24505,-0.01770420,0.00338982,-0.02772422,-0.01770420,-9878.7574,557989.4742,OK,0.0000,395.1503,4.0000,96.0000,AG03-UNRESOLVED,ALL5_LEVELS_bet23_to_bet27,395.1503,395.1503,395.1503,0.0000,0.0000,4.000000,4.000000,4.000000,0.000000,0.000000,96.000000,96.000000,96.000000,100.000000,100.000000,5.0,1185.4509,1138.6651,8693.3065,8740.0923,PENDING_AG03,FALSE,NOT_FOR_ENFORCEMENT,9483.6071,484680.3568,9878.7574,9483.6071,395.1503,0.01770420,0.01699603,395.1503,9483.6071,0.01699603,395.1503,395.1503,395.1503,0.0000,0.0000,9483.6071,0.01699603,1185.4509,1138.6651,8693.3065,8740.0923,0.01557970,0.01566354,0.00070817,22.4534,20.6030,0.4031,82.3230,2.6463,4649.9123,204.2083,25.9152,21.1137,12.8578,14.5296,26.176,48.8436,54.2173,102.8621,13.088,0.0,3.731508,7.079487,1.545355,30,207,63,6,0.32204186,0.01770420,-0.00338982,0E-8,0.000000,0.904812,0.002133,0.03111404,2026-03-21,2026-08-06,120,3733,1703,139,0.863309,1.227414,1.154177,1.073473,,,,,,,,GLOBAL_BASELINE_NO_ENTITY_RANKING,,,NOT_APPLICABLE_GLOBAL_BASELINE,HF9g-P5,,,,X 全窗基线 · 不参与实体赏罚,15053673,1506,A168_HF9F_20260827_0900,2026-08-27 09:00:00
2026-07-10,127529701,1710,0,43.8902228074,-2.8399555934,-2.8399555934,0.3333333,4,4,0.50665070000000000,0.506650700000,-0.6004420894325239,-0.6004420894325239,-0.6004420894325239,0E-17,ELIGIBLE,R03b_20260811_FULL_v1,L1_ELIGIBILITY,v2026-08-11,2026-03-21..2026-08-06,baccarat_bet02_101_all_pairs_incl_sentinel,round_win = game_pnl > 0 (decisive only),COMPATIBILITY_ONLY_NOT_PRODUCTION,557989.4742,504875.3716,9878.7574,24851,24505,-0.01770420,0.00338982,-0.02772422,-0.01770420,-9878.7574,557989.4742,OK,0.0000,395.1503,4.0000,96.0000,AG03-UNRESOLVED,ALL5_LEVELS_bet23_to_bet27,395.1503,395.1503,395.1503,0.0000,0.0000,4.000000,4.000000,4.000000,0.000000,0.000000,96.000000,96.000000,96.000000,100.000000,100.000000,5.0,1185.4509,1138.6651,8693.3065,8740.0923,PENDING_AG03,FALSE,NOT_FOR_ENFORCEMENT,9483.6071,484680.3568,9878.7574,9483.6071,395.1503,0.01770420,0.01699603,395.1503,9483.6071,0.01699603,395.1503,395.1503,395.1503,0.0000,0.0000,9483.6071,0.01699603,1185.4509,1138.6651,8693.3065,8740.0923,0.01557970,0.01566354,0.00070817,22.4534,20.6030,0.4031,82.3230,2.6463,4649.9123,204.2083,25.9152,21.1137,12.8578,14.5296,26.176,48.8436,54.2173,102.8621,13.088,0.0,3.731508,7.079487,1.545355,30,207,63,6,0.32204186,0.01770420,-0.00338982,0E-8,0.000000,0.904812,0.002133,0.03111404,2026-03-21,2026-08-06,120,3733,1703,139,0.863309,1.227414,1.154177,1.073473,,,,,,,,GLOBAL_BASELINE_NO_ENTITY_RANKING,,,NOT_APPLICABLE_GLOBAL_BASELINE,HF9g-P5,,,,X 全窗基线 · 不参与实体赏罚,15053674,1506,A168_HF9F_20260827_0900,2026-08-27 09:00:00
2026-07-10,127529701,1941,0,2.5817778122,-2.5817778122,-2.5817778122,0E-7,1,1,0.49324550000000000,0.493245500000,-0.9865810262130424,-0.9865810262130424,-0.9865810262130424,0E-17,ELIGIBLE,R03b_20260811_FULL_v1,L1_ELIGIBILITY,v2026-08-11,2026-03-21..2026-08-06,baccarat_bet02_101_all_pairs_incl_sentinel,round_win = game_pnl > 0 (decisive only),COMPATIBILITY_ONLY_NOT_PRODUCTION,557989.4742,504875.3716,9878.7574,24851,24505,-0.01770420,0.00338982,-0.02772422,-0.01770420,-9878.7574,557989.4742,OK,0.0000,395.1503,4.0000,96.0000,AG03-UNRESOLVED,ALL5_LEVELS_bet23_to_bet27,395.1503,395.1503,395.1503,0.0000,0.0000,4.000000,4.000000,4.000000,0.000000,0.000000,96.000000,96.000000,96.000000,100.000000,100.000000,5.0,1185.4509,1138.6651,8693.3065,8740.0923,PENDING_AG03,FALSE,NOT_FOR_ENFORCEMENT,9483.6071,484680.3568,9878.7574,9483.6071,395.1503,0.01770420,0.01699603,395.1503,9483.6071,0.01699603,395.1503,395.1503,395.1503,0.0000,0.0000,9483.6071,0.01699603,1185.4509,1138.6651,8693.3065,8740.0923,0.01557970,0.01566354,0.00070817,22.4534,20.6030,0.4031,82.3230,2.6463,4649.9123,204.2083,25.9152,21.1137,12.8578,14.5296,26.176,48.8436,54.2173,102.8621,13.088,0.0,3.731508,7.079487,1.545355,30,207,63,6,0.32204186,0.01770420,-0.00338982,0E-8,0.000000,0.904812,0.002133,0.03111404,2026-03-21,2026-08-06,120,3733,1703,139,0.863309,1.227414,1.154177,1.073473,,,,,,,,GLOBAL_BASELINE_NO_ENTITY_RANKING,,,NOT_APPLICABLE_GLOBAL_BASELINE,HF9g-P5,,,,X 全窗基线 · 不参与实体赏罚,15053675,1506,A168_HF9F_20260827_0900,2026-08-27 09:00:00
2026-07-10,127529701,1994,0,314.9768930884,-155.7457465210,-155.7457465210,0.3076923,13,13,0.49840134615384615,0.498401346154,-1.3752294630846913,-1.3752294630857993,-1.3752294630846913,-1.5385E-13,ELIGIBLE,R03b_20260811_FULL_v1,L1_ELIGIBILITY,v2026-08-11,2026-03-21..2026-08-06,baccarat_bet02_101_all_pairs_incl_sentinel,round_win = game_pnl > 0 (decisive only),COMPATIBILITY_ONLY_NOT_PRODUCTION,557989.4742,504875.3716,9878.7574,24851,24505,-0.01770420,0.00338982,-0.02772422,-0.01770420,-9878.7574,557989.4742,OK,0.0000,395.1503,4.0000,96.0000,AG03-UNRESOLVED,ALL5_LEVELS_bet23_to_bet27,395.1503,395.1503,395.1503,0.0000,0.0000,4.000000,4.000000,4.000000,0.000000,0.000000,96.000000,96.000000,96.000000,100.000000,100.000000,5.0,1185.4509,1138.6651,8693.3065,8740.0923,PENDING_AG03,FALSE,NOT_FOR_ENFORCEMENT,9483.6071,484680.3568,9878.7574,9483.6071,395.1503,0.01770420,0.01699603,395.1503,9483.6071,0.01699603,395.1503,395.1503,395.1503,0.0000,0.0000,9483.6071,0.01699603,1185.4509,1138.6651,8693.3065,8740.0923,0.01557970,0.01566354,0.00070817,22.4534,20.6030,0.4031,82.3230,2.6463,4649.9123,204.2083,25.9152,21.1137,12.8578,14.5296,26.176,48.8436,54.2173,102.8621,13.088,0.0,3.731508,7.079487,1.545355,30,207,63,6,0.32204186,0.01770420,-0.00338982,0E-8,0.000000,0.904812,0.002133,0.03111404,2026-03-21,2026-08-06,120,3733,1703,139,0.863309,1.227414,1.154177,1.073473,,,,,,,,GLOBAL_BASELINE_NO_ENTITY_RANKING,,,NOT_APPLICABLE_GLOBAL_BASELINE,HF9g-P5,,,,X 全窗基线 · 不参与实体赏罚,15053676,1506,A168_HF9F_20260827_0900,2026-08-27 09:00:00
2026-07-10,127529701,2063,0,12.9088890610,-12.9088890610,-12.9088890610,0E-7,1,1,0.50665070000000000,0.506650700000,-1.013391052207602,-1.013391052207602,-1.013391052207602,0E-17,ELIGIBLE,R03b_20260811_FULL_v1,L1_ELIGIBILITY,v2026-08-11,2026-03-21..2026-08-06,baccarat_bet02_101_all_pairs_incl_sentinel,round_win = game_pnl > 0 (decisive only),COMPATIBILITY_ONLY_NOT_PRODUCTION,557989.4742,504875.3716,9878.7574,24851,24505,-0.01770420,0.00338982,-0.02772422,-0.01770420,-9878.7574,557989.4742,OK,0.0000,395.1503,4.0000,96.0000,AG03-UNRESOLVED,ALL5_LEVELS_bet23_to_bet27,395.1503,395.1503,395.1503,0.0000,0.0000,4.000000,4.000000,4.000000,0.000000,0.000000,96.000000,96.000000,96.000000,100.000000,100.000000,5.0,1185.4509,1138.6651,8693.3065,8740.0923,PENDING_AG03,FALSE,NOT_FOR_ENFORCEMENT,9483.6071,484680.3568,9878.7574,9483.6071,395.1503,0.01770420,0.01699603,395.1503,9483.6071,0.01699603,395.1503,395.1503,395.1503,0.0000,0.0000,9483.6071,0.01699603,1185.4509,1138.6651,8693.3065,8740.0923,0.01557970,0.01566354,0.00070817,22.4534,20.6030,0.4031,82.3230,2.6463,4649.9123,204.2083,25.9152,21.1137,12.8578,14.5296,26.176,48.8436,54.2173,102.8621,13.088,0.0,3.731508,7.079487,1.545355,30,207,63,6,0.32204186,0.01770420,-0.00338982,0E-8,0.000000,0.904812,0.002133,0.03111404,2026-03-21,2026-08-06,120,3733,1703,139,0.863309,1.227414,1.154177,1.073473,,,,,,,,GLOBAL_BASELINE_NO_ENTITY_RANKING,,,NOT_APPLICABLE_GLOBAL_BASELINE,HF9g-P5,,,,X 全窗基线 · 不参与实体赏罚,15053677,1506,A168_HF9F_20260827_0900,2026-08-27 09:00:00
2026-07-10,127529701,2103,0,160.0702243564,58.7354452276,58.7354452276,0.5714286,8,8,0.49827245000000000,0.498272450000,0.3871081189643771,0.3871081189643771,0.3871081189643771,0E-17,ELIGIBLE,R03b_20260811_FULL_v1,L1_ELIGIBILITY,v2026-08-11,2026-03-21..2026-08-06,baccarat_bet02_101_all_pairs_incl_sentinel,round_win = game_pnl > 0 (decisive only),COMPATIBILITY_ONLY_NOT_PRODUCTION,557989.4742,504875.3716,9878.7574,24851,24505,-0.01770420,0.00338982,-0.02772422,-0.01770420,-9878.7574,557989.4742,OK,0.0000,395.1503,4.0000,96.0000,AG03-UNRESOLVED,ALL5_LEVELS_bet23_to_bet27,395.1503,395.1503,395.1503,0.0000,0.0000,4.000000,4.000000,4.000000,0.000000,0.000000,96.000000,96.000000,96.000000,100.000000,100.000000,5.0,1185.4509,1138.6651,8693.3065,8740.0923,PENDING_AG03,FALSE,NOT_FOR_ENFORCEMENT,9483.6071,484680.3568,9878.7574,9483.6071,395.1503,0.01770420,0.01699603,395.1503,9483.6071,0.01699603,395.1503,395.1503,395.1503,0.0000,0.0000,9483.6071,0.01699603,1185.4509,1138.6651,8693.3065,8740.0923,0.01557970,0.01566354,0.00070817,22.4534,20.6030,0.4031,82.3230,2.6463,4649.9123,204.2083,25.9152,21.1137,12.8578,14.5296,26.176,48.8436,54.2173,102.8621,13.088,0.0,3.731508,7.079487,1.545355,30,207,63,6,0.32204186,0.01770420,-0.00338982,0E-8,0.000000,0.904812,0.002133,0.03111404,2026-03-21,2026-08-06,120,3733,1703,139,0.863309,1.227414,1.154177,1.073473,,,,,,,,GLOBAL_BASELINE_NO_ENTITY_RANKING,,,NOT_APPLICABLE_GLOBAL_BASELINE,HF9g-P5,,,,X 全窗基线 · 不参与实体赏罚,15053678,1506,A168_HF9F_20260827_0900,2026-08-27 09:00:00
2026-07-10,127529701,2115,0,64.5444453050,38.7266671830,38.7266671830,1.0000000,5,5,0.49592654000000000,0.495926540000,1.746219638207319,1.746219638207319,1.746219638207319,0E-17,ELIGIBLE,R03b_20260811_FULL_v1,L1_ELIGIBILITY,v2026-08-11,2026-03-21..2026-08-06,baccarat_bet02_101_all_pairs_incl_sentinel,round_win = game_pnl > 0 (decisive only),COMPATIBILITY_ONLY_NOT_PRODUCTION,557989.4742,504875.3716,9878.7574,24851,24505,-0.01770420,0.00338982,-0.02772422,-0.01770420,-9878.7574,557989.4742,OK,0.0000,395.1503,4.0000,96.0000,AG03-UNRESOLVED,ALL5_LEVELS_bet23_to_bet27,395.1503,395.1503,395.1503,0.0000,0.0000,4.000000,4.000000,4.000000,0.000000,0.000000,96.000000,96.000000,96.000000,100.000000,100.000000,5.0,1185.4509,1138.6651,8693.3065,8740.0923,PENDING_AG03,FALSE,NOT_FOR_ENFORCEMENT,9483.6071,484680.3568,9878.7574,9483.6071,395.1503,0.01770420,0.01699603,395.1503,9483.6071,0.01699603,395.1503,395.1503,395.1503,0.0000,0.0000,9483.6071,0.01699603,1185.4509,1138.6651,8693.3065,8740.0923,0.01557970,0.01566354,0.00070817,22.4534,20.6030,0.4031,82.3230,2.6463,4649.9123,204.2083,25.9152,21.1137,12.8578,14.5296,26.176,48.8436,54.2173,102.8621,13.088,0.0,3.731508,7.079487,1.545355,30,207,63,6,0.32204186,0.01770420,-0.00338982,0E-8,0.000000,0.904812,0.002133,0.03111404,2026-03-21,2026-08-06,120,3733,1703,139,0.863309,1.227414,1.154177,1.073473,,,,,,,,GLOBAL_BASELINE_NO_ENTITY_RANKING,,,NOT_APPLICABLE_GLOBAL_BASELINE,HF9g-P5,,,,X 全窗基线 · 不参与实体赏罚,15053679,1506,A168_HF9F_20260827_0900,2026-08-27 09:00:00
2026-07-10,127529701,2121,0,12.9088890610,12.2634446080,12.2634446080,1.0000000,1,1,0.50665070000000000,0.506650700000,0.9867858985152569,0.9867858985152569,0.9867858985152569,0E-17,ELIGIBLE,R03b_20260811_FULL_v1,L1_ELIGIBILITY,v2026-08-11,2026-03-21..2026-08-06,baccarat_bet02_101_all_pairs_incl_sentinel,round_win = game_pnl > 0 (decisive only),COMPATIBILITY_ONLY_NOT_PRODUCTION,557989.4742,504875.3716,9878.7574,24851,24505,-0.01770420,0.00338982,-0.02772422,-0.01770420,-9878.7574,557989.4742,OK,0.0000,395.1503,4.0000,96.0000,AG03-UNRESOLVED,ALL5_LEVELS_bet23_to_bet27,395.1503,395.1503,395.1503,0.0000,0.0000,4.000000,4.000000,4.000000,0.000000,0.000000,96.000000,96.000000,96.000000,100.000000,100.000000,5.0,1185.4509,1138.6651,8693.3065,8740.0923,PENDING_AG03,FALSE,NOT_FOR_ENFORCEMENT,9483.6071,484680.3568,9878.7574,9483.6071,395.1503,0.01770420,0.01699603,395.1503,9483.6071,0.01699603,395.1503,395.1503,395.1503,0.0000,0.0000,9483.6071,0.01699603,1185.4509,1138.6651,8693.3065,8740.0923,0.01557970,0.01566354,0.00070817,22.4534,20.6030,0.4031,82.3230,2.6463,4649.9123,204.2083,25.9152,21.1137,12.8578,14.5296,26.176,48.8436,54.2173,102.8621,13.088,0.0,3.731508,7.079487,1.545355,30,207,63,6,0.32204186,0.01770420,-0.00338982,0E-8,0.000000,0.904812,0.002133,0.03111404,2026-03-21,2026-08-06,120,3733,1703,139,0.863309,1.227414,1.154177,1.073473,,,,,,,,GLOBAL_BASELINE_NO_ENTITY_RANKING,,,NOT_APPLICABLE_GLOBAL_BASELINE,HF9g-P5,,,,X 全窗基线 · 不参与实体赏罚,15053680,1506,A168_HF9F_20260827_0900,2026-08-27 09:00:00
2026-07-10,127529701,2123,0,137.3505796090,-3.3563111558,-3.3563111558,0.6250000,8,8,0.49827245000000000,0.498272450000,0.7168835587341966,0.7168835587341966,0.7168835587341966,0E-17,ELIGIBLE,R03b_20260811_FULL_v1,L1_ELIGIBILITY,v2026-08-11,2026-03-21..2026-08-06,baccarat_bet02_101_all_pairs_incl_sentinel,round_win = game_pnl > 0 (decisive only),COMPATIBILITY_ONLY_NOT_PRODUCTION,557989.4742,504875.3716,9878.7574,24851,24505,-0.01770420,0.00338982,-0.02772422,-0.01770420,-9878.7574,557989.4742,OK,0.0000,395.1503,4.0000,96.0000,AG03-UNRESOLVED,ALL5_LEVELS_bet23_to_bet27,395.1503,395.1503,395.1503,0.0000,0.0000,4.000000,4.000000,4.000000,0.000000,0.000000,96.000000,96.000000,96.000000,100.000000,100.000000,5.0,1185.4509,1138.6651,8693.3065,8740.0923,PENDING_AG03,FALSE,NOT_FOR_ENFORCEMENT,9483.6071,484680.3568,9878.7574,9483.6071,395.1503,0.01770420,0.01699603,395.1503,9483.6071,0.01699603,395.1503,395.1503,395.1503,0.0000,0.0000,9483.6071,0.01699603,1185.4509,1138.6651,8693.3065,8740.0923,0.01557970,0.01566354,0.00070817,22.4534,20.6030,0.4031,82.3230,2.6463,4649.9123,204.2083,25.9152,21.1137,12.8578,14.5296,26.176,48.8436,54.2173,102.8621,13.088,0.0,3.731508,7.079487,1.545355,30,207,63,6,0.32204186,0.01770420,-0.00338982,0E-8,0.000000,0.904812,0.002133,0.03111404,2026-03-21,2026-08-06,120,3733,1703,139,0.863309,1.227414,1.154177,1.073473,,,,,,,,GLOBAL_BASELINE_NO_ENTITY_RANKING,,,NOT_APPLICABLE_GLOBAL_BASELINE,HF9g-P5,,,,X 全窗基线 · 不参与实体赏罚,15053681,1506,A168_HF9F_20260827_0900,2026-08-27 09:00:00
2026-07-10,127529701,2129,0,304.6497818396,1.9363333592,1.9363333592,0.4285714,11,11,0.50055742727272727,0.500557427273,-0.3809143376039238,-0.38091433760536714,-0.3809143376039238,-2.7273E-13,ELIGIBLE,R03b_20260811_FULL_v1,L1_ELIGIBILITY,v2026-08-11,2026-03-21..2026-08-06,baccarat_bet02_101_all_pairs_incl_sentinel,round_win = game_pnl > 0 (decisive only),COMPATIBILITY_ONLY_NOT_PRODUCTION,557989.4742,504875.3716,9878.7574,24851,24505,-0.01770420,0.00338982,-0.02772422,-0.01770420,-9878.7574,557989.4742,OK,0.0000,395.1503,4.0000,96.0000,AG03-UNRESOLVED,ALL5_LEVELS_bet23_to_bet27,395.1503,395.1503,395.1503,0.0000,0.0000,4.000000,4.000000,4.000000,0.000000,0.000000,96.000000,96.000000,96.000000,100.000000,100.000000,5.0,1185.4509,1138.6651,8693.3065,8740.0923,PENDING_AG03,FALSE,NOT_FOR_ENFORCEMENT,9483.6071,484680.3568,9878.7574,9483.6071,395.1503,0.01770420,0.01699603,395.1503,9483.6071,0.01699603,395.1503,395.1503,395.1503,0.0000,0.0000,9483.6071,0.01699603,1185.4509,1138.6651,8693.3065,8740.0923,0.01557970,0.01566354,0.00070817,22.4534,20.6030,0.4031,82.3230,2.6463,4649.9123,204.2083,25.9152,21.1137,12.8578,14.5296,26.176,48.8436,54.2173,102.8621,13.088,0.0,3.731508,7.079487,1.545355,30,207,63,6,0.32204186,0.01770420,-0.00338982,0E-8,0.000000,0.904812,0.002133,0.03111404,2026-03-21,2026-08-06,120,3733,1703,139,0.863309,1.227414,1.154177,1.073473,,,,,,,,GLOBAL_BASELINE_NO_ENTITY_RANKING,,,NOT_APPLICABLE_GLOBAL_BASELINE,HF9g-P5,,,,X 全窗基线 · 不参与实体赏罚,15053682,1506,A168_HF9F_20260827_0900,2026-08-27 09:00:00
2026-07-10,127529701,2141,0,14.1997779671,-14.1997779671,-14.1997779671,0E-7,1,1,0.49324550000000000,0.493245500000,-0.9865810262130424,-0.9865810262130424,-0.9865810262130424,0E-17,ELIGIBLE,R03b_20260811_FULL_v1,L1_ELIGIBILITY,v2026-08-11,2026-03-21..2026-08-06,baccarat_bet02_101_all_pairs_incl_sentinel,round_win = game_pnl > 0 (decisive only),COMPATIBILITY_ONLY_NOT_PRODUCTION,557989.4742,504875.3716,9878.7574,24851,24505,-0.01770420,0.00338982,-0.02772422,-0.01770420,-9878.7574,557989.4742,OK,0.0000,395.1503,4.0000,96.0000,AG03-UNRESOLVED,ALL5_LEVELS_bet23_to_bet27,395.1503,395.1503,395.1503,0.0000,0.0000,4.000000,4.000000,4.000000,0.000000,0.000000,96.000000,96.000000,96.000000,100.000000,100.000000,5.0,1185.4509,1138.6651,8693.3065,8740.0923,PENDING_AG03,FALSE,NOT_FOR_ENFORCEMENT,9483.6071,484680.3568,9878.7574,9483.6071,395.1503,0.01770420,0.01699603,395.1503,9483.6071,0.01699603,395.1503,395.1503,395.1503,0.0000,0.0000,9483.6071,0.01699603,1185.4509,1138.6651,8693.3065,8740.0923,0.01557970,0.01566354,0.00070817,22.4534,20.6030,0.4031,82.3230,2.6463,4649.9123,204.2083,25.9152,21.1137,12.8578,14.5296,26.176,48.8436,54.2173,102.8621,13.088,0.0,3.731508,7.079487,1.545355,30,207,63,6,0.32204186,0.01770420,-0.00338982,0E-8,0.000000,0.904812,0.002133,0.03111404,2026-03-21,2026-08-06,120,3733,1703,139,0.863309,1.227414,1.154177,1.073473,,,,,,,,GLOBAL_BASELINE_NO_ENTITY_RANKING,,,NOT_APPLICABLE_GLOBAL_BASELINE,HF9g-P5,,,,X 全窗基线 · 不参与实体赏罚,15053683,1506,A168_HF9F_20260827_0900,2026-08-27 09:00:00
2026-07-10,127529701,2142,0,198.2805359770,72.3155965198,72.3155965198,0.6153846,14,14,0.49899058571428571,0.498990585714,0.8393309946878182,0.8393309946898795,0.8393309946878182,2.8571E-13,ELIGIBLE,R03b_20260811_FULL_v1,L1_ELIGIBILITY,v2026-08-11,2026-03-21..2026-08-06,baccarat_bet02_101_all_pairs_incl_sentinel,round_win = game_pnl > 0 (decisive only),COMPATIBILITY_ONLY_NOT_PRODUCTION,557989.4742,504875.3716,9878.7574,24851,24505,-0.01770420,0.00338982,-0.02772422,-0.01770420,-9878.7574,557989.4742,OK,0.0000,395.1503,4.0000,96.0000,AG03-UNRESOLVED,ALL5_LEVELS_bet23_to_bet27,395.1503,395.1503,395.1503,0.0000,0.0000,4.000000,4.000000,4.000000,0.000000,0.000000,96.000000,96.000000,96.000000,100.000000,100.000000,5.0,1185.4509,1138.6651,8693.3065,8740.0923,PENDING_AG03,FALSE,NOT_FOR_ENFORCEMENT,9483.6071,484680.3568,9878.7574,9483.6071,395.1503,0.01770420,0.01699603,395.1503,9483.6071,0.01699603,395.1503,395.1503,395.1503,0.0000,0.0000,9483.6071,0.01699603,1185.4509,1138.6651,8693.3065,8740.0923,0.01557970,0.01566354,0.00070817,22.4534,20.6030,0.4031,82.3230,2.6463,4649.9123,204.2083,25.9152,21.1137,12.8578,14.5296,26.176,48.8436,54.2173,102.8621,13.088,0.0,3.731508,7.079487,1.545355,30,207,63,6,0.32204186,0.01770420,-0.00338982,0E-8,0.000000,0.904812,0.002133,0.03111404,2026-03-21,2026-08-06,120,3733,1703,139,0.863309,1.227414,1.154177,1.073473,,,,,,,,GLOBAL_BASELINE_NO_ENTITY_RANKING,,,NOT_APPLICABLE_GLOBAL_BASELINE,HF9g-P5,,,,X 全窗基线 · 不参与实体赏罚,15053684,1506,A168_HF9F_20260827_0900,2026-08-27 09:00:00
2026-07-10,127529701,2174,0,77.4533343660,-51.6355562440,-51.6355562440,0.2000000,5,5,0.49860758000000000,0.498607580000,-1.3354188732730328,-1.3354188732730328,-1.3354188732730328,0E-17,ELIGIBLE,R03b_20260811_FULL_v1,L1_ELIGIBILITY,v2026-08-11,2026-03-21..2026-08-06,baccarat_bet02_101_all_pairs_incl_sentinel,round_win = game_pnl > 0 (decisive only),COMPATIBILITY_ONLY_NOT_PRODUCTION,557989.4742,504875.3716,9878.7574,24851,24505,-0.01770420,0.00338982,-0.02772422,-0.01770420,-9878.7574,557989.4742,OK,0.0000,395.1503,4.0000,96.0000,AG03-UNRESOLVED,ALL5_LEVELS_bet23_to_bet27,395.1503,395.1503,395.1503,0.0000,0.0000,4.000000,4.000000,4.000000,0.000000,0.000000,96.000000,96.000000,96.000000,100.000000,100.000000,5.0,1185.4509,1138.6651,8693.3065,8740.0923,PENDING_AG03,FALSE,NOT_FOR_ENFORCEMENT,9483.6071,484680.3568,9878.7574,9483.6071,395.1503,0.01770420,0.01699603,395.1503,9483.6071,0.01699603,395.1503,395.1503,395.1503,0.0000,0.0000,9483.6071,0.01699603,1185.4509,1138.6651,8693.3065,8740.0923,0.01557970,0.01566354,0.00070817,22.4534,20.6030,0.4031,82.3230,2.6463,4649.9123,204.2083,25.9152,21.1137,12.8578,14.5296,26.176,48.8436,54.2173,102.8621,13.088,0.0,3.731508,7.079487,1.545355,30,207,63,6,0.32204186,0.01770420,-0.00338982,0E-8,0.000000,0.904812,0.002133,0.03111404,2026-03-21,2026-08-06,120,3733,1703,139,0.863309,1.227414,1.154177,1.073473,,,,,,,,GLOBAL_BASELINE_NO_ENTITY_RANKING,,,NOT_APPLICABLE_GLOBAL_BASELINE,HF9g-P5,,,,X 全窗基线 · 不参与实体赏罚,15053685,1506,A168_HF9F_20260827_0900,2026-08-27 09:00:00
2026-07-10,127529701,2220,0,90.3622234270,64.5444453050,64.5444453050,1.0000000,3,3,0.49324550000000000,0.493245500000,1.4334489766152358,1.4334489766152358,1.4334489766152358,0E-17,ELIGIBLE,R03b_20260811_FULL_v1,L1_ELIGIBILITY,v2026-08-11,2026-03-21..2026-08-06,baccarat_bet02_101_all_pairs_incl_sentinel,round_win = game_pnl > 0 (decisive only),COMPATIBILITY_ONLY_NOT_PRODUCTION,557989.4742,504875.3716,9878.7574,24851,24505,-0.01770420,0.00338982,-0.02772422,-0.01770420,-9878.7574,557989.4742,OK,0.0000,395.1503,4.0000,96.0000,AG03-UNRESOLVED,ALL5_LEVELS_bet23_to_bet27,395.1503,395.1503,395.1503,0.0000,0.0000,4.000000,4.000000,4.000000,0.000000,0.000000,96.000000,96.000000,96.000000,100.000000,100.000000,5.0,1185.4509,1138.6651,8693.3065,8740.0923,PENDING_AG03,FALSE,NOT_FOR_ENFORCEMENT,9483.6071,484680.3568,9878.7574,9483.6071,395.1503,0.01770420,0.01699603,395.1503,9483.6071,0.01699603,395.1503,395.1503,395.1503,0.0000,0.0000,9483.6071,0.01699603,1185.4509,1138.6651,8693.3065,8740.0923,0.01557970,0.01566354,0.00070817,22.4534,20.6030,0.4031,82.3230,2.6463,4649.9123,204.2083,25.9152,21.1137,12.8578,14.5296,26.176,48.8436,54.2173,102.8621,13.088,0.0,3.731508,7.079487,1.545355,30,207,63,6,0.32204186,0.01770420,-0.00338982,0E-8,0.000000,0.904812,0.002133,0.03111404,2026-03-21,2026-08-06,120,3733,1703,139,0.863309,1.227414,1.154177,1.073473,,,,,,,,GLOBAL_BASELINE_NO_ENTITY_RANKING,,,NOT_APPLICABLE_GLOBAL_BASELINE,HF9g-P5,,,,X 全窗基线 · 不参与实体赏罚,15053686,1506,A168_HF9F_20260827_0900,2026-08-27 09:00:00
2026-07-10,127529701,2234,0,58.3481785557,-33.1758448867,-33.1758448867,0.3333333,3,3,0.49771390000000000,0.497713900000,-0.5694369385616226,-0.5694369385616226,-0.5694369385616226,0E-17,ELIGIBLE,R03b_20260811_FULL_v1,L1_ELIGIBILITY,v2026-08-11,2026-03-21..2026-08-06,baccarat_bet02_101_all_pairs_incl_sentinel,round_win = game_pnl > 0 (decisive only),COMPATIBILITY_ONLY_NOT_PRODUCTION,557989.4742,504875.3716,9878.7574,24851,24505,-0.01770420,0.00338982,-0.02772422,-0.01770420,-9878.7574,557989.4742,OK,0.0000,395.1503,4.0000,96.0000,AG03-UNRESOLVED,ALL5_LEVELS_bet23_to_bet27,395.1503,395.1503,395.1503,0.0000,0.0000,4.000000,4.000000,4.000000,0.000000,0.000000,96.000000,96.000000,96.000000,100.000000,100.000000,5.0,1185.4509,1138.6651,8693.3065,8740.0923,PENDING_AG03,FALSE,NOT_FOR_ENFORCEMENT,9483.6071,484680.3568,9878.7574,9483.6071,395.1503,0.01770420,0.01699603,395.1503,9483.6071,0.01699603,395.1503,395.1503,395.1503,0.0000,0.0000,9483.6071,0.01699603,1185.4509,1138.6651,8693.3065,8740.0923,0.01557970,0.01566354,0.00070817,22.4534,20.6030,0.4031,82.3230,2.6463,4649.9123,204.2083,25.9152,21.1137,12.8578,14.5296,26.176,48.8436,54.2173,102.8621,13.088,0.0,3.731508,7.079487,1.545355,30,207,63,6,0.32204186,0.01770420,-0.00338982,0E-8,0.000000,0.904812,0.002133,0.03111404,2026-03-21,2026-08-06,120,3733,1703,139,0.863309,1.227414,1.154177,1.073473,,,,,,,,GLOBAL_BASELINE_NO_ENTITY_RANKING,,,NOT_APPLICABLE_GLOBAL_BASELINE,HF9g-P5,,,,X 全窗基线 · 不参与实体赏罚,15053687,1506,A168_HF9F_20260827_0900,2026-08-27 09:00:00
2026-07-10,127529701,2235,0,104.5620013941,6.1317223040,6.1317223040,0.6000000,6,6,0.49547970000000000,0.495479700000,0.4674480948863271,0.4674480948863271,0.4674480948863271,0E-17,ELIGIBLE,R03b_20260811_FULL_v1,L1_ELIGIBILITY,v2026-08-11,2026-03-21..2026-08-06,baccarat_bet02_101_all_pairs_incl_sentinel,round_win = game_pnl > 0 (decisive only),COMPATIBILITY_ONLY_NOT_PRODUCTION,557989.4742,504875.3716,9878.7574,24851,24505,-0.01770420,0.00338982,-0.02772422,-0.01770420,-9878.7574,557989.4742,OK,0.0000,395.1503,4.0000,96.0000,AG03-UNRESOLVED,ALL5_LEVELS_bet23_to_bet27,395.1503,395.1503,395.1503,0.0000,0.0000,4.000000,4.000000,4.000000,0.000000,0.000000,96.000000,96.000000,96.000000,100.000000,100.000000,5.0,1185.4509,1138.6651,8693.3065,8740.0923,PENDING_AG03,FALSE,NOT_FOR_ENFORCEMENT,9483.6071,484680.3568,9878.7574,9483.6071,395.1503,0.01770420,0.01699603,395.1503,9483.6071,0.01699603,395.1503,395.1503,395.1503,0.0000,0.0000,9483.6071,0.01699603,1185.4509,1138.6651,8693.3065,8740.0923,0.01557970,0.01566354,0.00070817,22.4534,20.6030,0.4031,82.3230,2.6463,4649.9123,204.2083,25.9152,21.1137,12.8578,14.5296,26.176,48.8436,54.2173,102.8621,13.088,0.0,3.731508,7.079487,1.545355,30,207,63,6,0.32204186,0.01770420,-0.00338982,0E-8,0.000000,0.904812,0.002133,0.03111404,2026-03-21,2026-08-06,120,3733,1703,139,0.863309,1.227414,1.154177,1.073473,,,,,,,,GLOBAL_BASELINE_NO_ENTITY_RANKING,,,NOT_APPLICABLE_GLOBAL_BASELINE,HF9g-P5,,,,X 全窗基线 · 不参与实体赏罚,15053688,1506,A168_HF9F_20260827_0900,2026-08-27 09:00:00
2026-07-10,127529701,2239,0,364.5470270827,20.4993158290,20.4993158290,0.5000000,20,20,0.50329940000000000,0.503299400000,-0.027996946924586843,-0.027996946924586843,-0.027996946924586843,0E-17,ELIGIBLE,R03b_20260811_FULL_v1,L1_ELIGIBILITY,v2026-08-11,2026-03-21..2026-08-06,baccarat_bet02_101_all_pairs_incl_sentinel,round_win = game_pnl > 0 (decisive only),COMPATIBILITY_ONLY_NOT_PRODUCTION,557989.4742,504875.3716,9878.7574,24851,24505,-0.01770420,0.00338982,-0.02772422,-0.01770420,-9878.7574,557989.4742,OK,0.0000,395.1503,4.0000,96.0000,AG03-UNRESOLVED,ALL5_LEVELS_bet23_to_bet27,395.1503,395.1503,395.1503,0.0000,0.0000,4.000000,4.000000,4.000000,0.000000,0.000000,96.000000,96.000000,96.000000,100.000000,100.000000,5.0,1185.4509,1138.6651,8693.3065,8740.0923,PENDING_AG03,FALSE,NOT_FOR_ENFORCEMENT,9483.6071,484680.3568,9878.7574,9483.6071,395.1503,0.01770420,0.01699603,395.1503,9483.6071,0.01699603,395.1503,395.1503,395.1503,0.0000,0.0000,9483.6071,0.01699603,1185.4509,1138.6651,8693.3065,8740.0923,0.01557970,0.01566354,0.00070817,22.4534,20.6030,0.4031,82.3230,2.6463,4649.9123,204.2083,25.9152,21.1137,12.8578,14.5296,26.176,48.8436,54.2173,102.8621,13.088,0.0,3.731508,7.079487,1.545355,30,207,63,6,0.32204186,0.01770420,-0.00338982,0E-8,0.000000,0.904812,0.002133,0.03111404,2026-03-21,2026-08-06,120,3733,1703,139,0.863309,1.227414,1.154177,1.073473,,,,,,,,GLOBAL_BASELINE_NO_ENTITY_RANKING,,,NOT_APPLICABLE_GLOBAL_BASELINE,HF9g-P5,,,,X 全窗基线 · 不参与实体赏罚,15053689,1506,A168_HF9F_20260827_0900,2026-08-27 09:00:00
2026-07-10,127529701,2266,0,167.8155577931,48.9763250975,48.9763250975,0.5454545,13,13,0.49737017692307692,0.497370176923,0.3189600292662344,0.3189600292667449,0.3189600292662344,7.692E-14,ELIGIBLE,R03b_20260811_FULL_v1,L1_ELIGIBILITY,v2026-08-11,2026-03-21..2026-08-06,baccarat_bet02_101_all_pairs_incl_sentinel,round_win = game_pnl > 0 (decisive only),COMPATIBILITY_ONLY_NOT_PRODUCTION,557989.4742,504875.3716,9878.7574,24851,24505,-0.01770420,0.00338982,-0.02772422,-0.01770420,-9878.7574,557989.4742,OK,0.0000,395.1503,4.0000,96.0000,AG03-UNRESOLVED,ALL5_LEVELS_bet23_to_bet27,395.1503,395.1503,395.1503,0.0000,0.0000,4.000000,4.000000,4.000000,0.000000,0.000000,96.000000,96.000000,96.000000,100.000000,100.000000,5.0,1185.4509,1138.6651,8693.3065,8740.0923,PENDING_AG03,FALSE,NOT_FOR_ENFORCEMENT,9483.6071,484680.3568,9878.7574,9483.6071,395.1503,0.01770420,0.01699603,395.1503,9483.6071,0.01699603,395.1503,395.1503,395.1503,0.0000,0.0000,9483.6071,0.01699603,1185.4509,1138.6651,8693.3065,8740.0923,0.01557970,0.01566354,0.00070817,22.4534,20.6030,0.4031,82.3230,2.6463,4649.9123,204.2083,25.9152,21.1137,12.8578,14.5296,26.176,48.8436,54.2173,102.8621,13.088,0.0,3.731508,7.079487,1.545355,30,207,63,6,0.32204186,0.01770420,-0.00338982,0E-8,0.000000,0.904812,0.002133,0.03111404,2026-03-21,2026-08-06,120,3733,1703,139,0.863309,1.227414,1.154177,1.073473,,,,,,,,GLOBAL_BASELINE_NO_ENTITY_RANKING,,,NOT_APPLICABLE_GLOBAL_BASELINE,HF9g-P5,,,,X 全窗基线 · 不参与实体赏罚,15053690,1506,A168_HF9F_20260827_0900,2026-08-27 09:00:00
2026-07-10,127529701,471,0,25.8177781220,-25.8177781220,-25.8177781220,0E-7,2,2,0.50665070000000000,0.506650700000,-1.4331513700195317,-1.4331513700195317,-1.4331513700195317,0E-17,ELIGIBLE,R03b_20260811_FULL_v1,L1_ELIGIBILITY,v2026-08-11,2026-03-21..2026-08-06,baccarat_bet02_101_all_pairs_incl_sentinel,round_win = game_pnl > 0 (decisive only),COMPATIBILITY_ONLY_NOT_PRODUCTION,557989.4742,504875.3716,9878.7574,24851,24505,-0.01770420,0.00338982,-0.02772422,-0.01770420,-9878.7574,557989.4742,OK,0.0000,395.1503,4.0000,96.0000,AG03-UNRESOLVED,ALL5_LEVELS_bet23_to_bet27,395.1503,395.1503,395.1503,0.0000,0.0000,4.000000,4.000000,4.000000,0.000000,0.000000,96.000000,96.000000,96.000000,100.000000,100.000000,5.0,1185.4509,1138.6651,8693.3065,8740.0923,PENDING_AG03,FALSE,NOT_FOR_ENFORCEMENT,9483.6071,484680.3568,9878.7574,9483.6071,395.1503,0.01770420,0.01699603,395.1503,9483.6071,0.01699603,395.1503,395.1503,395.1503,0.0000,0.0000,9483.6071,0.01699603,1185.4509,1138.6651,8693.3065,8740.0923,0.01557970,0.01566354,0.00070817,22.4534,20.6030,0.4031,82.3230,2.6463,4649.9123,204.2083,25.9152,21.1137,12.8578,14.5296,26.176,48.8436,54.2173,102.8621,13.088,0.0,3.731508,7.079487,1.545355,30,207,63,6,0.32204186,0.01770420,-0.00338982,0E-8,0.000000,0.904812,0.002133,0.03111404,2026-03-21,2026-08-06,120,3733,1703,139,0.863309,1.227414,1.154177,1.073473,,,,,,,,GLOBAL_BASELINE_NO_ENTITY_RANKING,,,NOT_APPLICABLE_GLOBAL_BASELINE,HF9g-P5,,,,X 全窗基线 · 不参与实体赏罚,15053691,1506,A168_HF9F_20260827_0900,2026-08-27 09:00:00
2026-07-11,127529701,-1,1,143.5468463583,-103.2711124880,-103.2711124880,0.1111111,9,9,0.49920336666666667,0.499203366667,-2.328556488853985,-2.3285564888559827,-2.328556488853985,-3.3333E-13,SENTINEL_DEALER,R03b_20260811_FULL_v1,L1_ELIGIBILITY,v2026-08-11,2026-03-21..2026-08-06,baccarat_bet02_101_all_pairs_incl_sentinel,round_win = game_pnl > 0 (decisive only),COMPATIBILITY_ONLY_NOT_PRODUCTION,557989.4742,504875.3716,9878.7574,24851,24505,-0.01770420,0.00338982,-0.02772422,-0.01770420,-9878.7574,557989.4742,OK,0.0000,395.1503,4.0000,96.0000,AG03-UNRESOLVED,ALL5_LEVELS_bet23_to_bet27,395.1503,395.1503,395.1503,0.0000,0.0000,4.000000,4.000000,4.000000,0.000000,0.000000,96.000000,96.000000,96.000000,100.000000,100.000000,5.0,1185.4509,1138.6651,8693.3065,8740.0923,PENDING_AG03,FALSE,NOT_FOR_ENFORCEMENT,9483.6071,484680.3568,9878.7574,9483.6071,395.1503,0.01770420,0.01699603,395.1503,9483.6071,0.01699603,395.1503,395.1503,395.1503,0.0000,0.0000,9483.6071,0.01699603,1185.4509,1138.6651,8693.3065,8740.0923,0.01557970,0.01566354,0.00070817,22.4534,20.6030,0.4031,82.3230,2.6463,4649.9123,204.2083,25.9152,21.1137,12.8578,14.5296,26.176,48.8436,54.2173,102.8621,13.088,0.0,3.731508,7.079487,1.545355,30,207,63,6,0.32204186,0.01770420,-0.00338982,0E-8,0.000000,0.904812,0.002133,0.03111404,2026-03-21,2026-08-06,120,3733,1703,139,0.863309,1.227414,1.154177,1.073473,,,,,,,,GLOBAL_BASELINE_NO_ENTITY_RANKING,,,NOT_APPLICABLE_GLOBAL_BASELINE,HF9g-P5,,,,X 全窗基线 · 不参与实体赏罚,15053692,1506,A168_HF9F_20260827_0900,2026-08-27 09:00:00
2026-07-11,127529701,1109,0,12.9088890610,-12.9088890610,-12.9088890610,0E-7,2,2,0.50665070000000000,0.506650700000,-1.4331513700195317,-1.4331513700195317,-1.4331513700195317,0E-17,ELIGIBLE,R03b_20260811_FULL_v1,L1_ELIGIBILITY,v2026-08-11,2026-03-21..2026-08-06,baccarat_bet02_101_all_pairs_incl_sentinel,round_win = game_pnl > 0 (decisive only),COMPATIBILITY_ONLY_NOT_PRODUCTION,557989.4742,504875.3716,9878.7574,24851,24505,-0.01770420,0.00338982,-0.02772422,-0.01770420,-9878.7574,557989.4742,OK,0.0000,395.1503,4.0000,96.0000,AG03-UNRESOLVED,ALL5_LEVELS_bet23_to_bet27,395.1503,395.1503,395.1503,0.0000,0.0000,4.000000,4.000000,4.000000,0.000000,0.000000,96.000000,96.000000,96.000000,100.000000,100.000000,5.0,1185.4509,1138.6651,8693.3065,8740.0923,PENDING_AG03,FALSE,NOT_FOR_ENFORCEMENT,9483.6071,484680.3568,9878.7574,9483.6071,395.1503,0.01770420,0.01699603,395.1503,9483.6071,0.01699603,395.1503,395.1503,395.1503,0.0000,0.0000,9483.6071,0.01699603,1185.4509,1138.6651,8693.3065,8740.0923,0.01557970,0.01566354,0.00070817,22.4534,20.6030,0.4031,82.3230,2.6463,4649.9123,204.2083,25.9152,21.1137,12.8578,14.5296,26.176,48.8436,54.2173,102.8621,13.088,0.0,3.731508,7.079487,1.545355,30,207,63,6,0.32204186,0.01770420,-0.00338982,0E-8,0.000000,0.904812,0.002133,0.03111404,2026-03-21,2026-08-06,120,3733,1703,139,0.863309,1.227414,1.154177,1.073473,,,,,,,,GLOBAL_BASELINE_NO_ENTITY_RANKING,,,NOT_APPLICABLE_GLOBAL_BASELINE,HF9g-P5,,,,X 全窗基线 · 不参与实体赏罚,15053693,1506,A168_HF9F_20260827_0900,2026-08-27 09:00:00
2026-07-11,127529701,1115,0,141.9977796711,-70.7407120544,-70.7407120544,0.2857143,9,9,0.49771390000000000,0.497713900000,-1.1218082406523517,-1.1218082406523517,-1.1218082406523517,0E-17,ELIGIBLE,R03b_20260811_FULL_v1,L1_ELIGIBILITY,v2026-08-11,2026-03-21..2026-08-06,baccarat_bet02_101_all_pairs_incl_sentinel,round_win = game_pnl > 0 (decisive only),COMPATIBILITY_ONLY_NOT_PRODUCTION,557989.4742,504875.3716,9878.7574,24851,24505,-0.01770420,0.00338982,-0.02772422,-0.01770420,-9878.7574,557989.4742,OK,0.0000,395.1503,4.0000,96.0000,AG03-UNRESOLVED,ALL5_LEVELS_bet23_to_bet27,395.1503,395.1503,395.1503,0.0000,0.0000,4.000000,4.000000,4.000000,0.000000,0.000000,96.000000,96.000000,96.000000,100.000000,100.000000,5.0,1185.4509,1138.6651,8693.3065,8740.0923,PENDING_AG03,FALSE,NOT_FOR_ENFORCEMENT,9483.6071,484680.3568,9878.7574,9483.6071,395.1503,0.01770420,0.01699603,395.1503,9483.6071,0.01699603,395.1503,395.1503,395.1503,0.0000,0.0000,9483.6071,0.01699603,1185.4509,1138.6651,8693.3065,8740.0923,0.01557970,0.01566354,0.00070817,22.4534,20.6030,0.4031,82.3230,2.6463,4649.9123,204.2083,25.9152,21.1137,12.8578,14.5296,26.176,48.8436,54.2173,102.8621,13.088,0.0,3.731508,7.079487,1.545355,30,207,63,6,0.32204186,0.01770420,-0.00338982,0E-8,0.000000,0.904812,0.002133,0.03111404,2026-03-21,2026-08-06,120,3733,1703,139,0.863309,1.227414,1.154177,1.073473,,,,,,,,GLOBAL_BASELINE_NO_ENTITY_RANKING,,,NOT_APPLICABLE_GLOBAL_BASELINE,HF9g-P5,,,,X 全窗基线 · 不参与实体赏罚,15053694,1506,A168_HF9F_20260827_0900,2026-08-27 09:00:00
2026-07-11,127529701,1385,0,169.1064466991,-25.5596003407,-25.5596003407,0.5000000,12,12,0.49547970000000000,0.495479700000,0.03131883697058014,0.03131883697058014,0.03131883697058014,0E-17,ELIGIBLE,R03b_20260811_FULL_v1,L1_ELIGIBILITY,v2026-08-11,2026-03-21..2026-08-06,baccarat_bet02_101_all_pairs_incl_sentinel,round_win = game_pnl > 0 (decisive only),COMPATIBILITY_ONLY_NOT_PRODUCTION,557989.4742,504875.3716,9878.7574,24851,24505,-0.01770420,0.00338982,-0.02772422,-0.01770420,-9878.7574,557989.4742,OK,0.0000,395.1503,4.0000,96.0000,AG03-UNRESOLVED,ALL5_LEVELS_bet23_to_bet27,395.1503,395.1503,395.1503,0.0000,0.0000,4.000000,4.000000,4.000000,0.000000,0.000000,96.000000,96.000000,96.000000,100.000000,100.000000,5.0,1185.4509,1138.6651,8693.3065,8740.0923,PENDING_AG03,FALSE,NOT_FOR_ENFORCEMENT,9483.6071,484680.3568,9878.7574,9483.6071,395.1503,0.01770420,0.01699603,395.1503,9483.6071,0.01699603,395.1503,395.1503,395.1503,0.0000,0.0000,9483.6071,0.01699603,1185.4509,1138.6651,8693.3065,8740.0923,0.01557970,0.01566354,0.00070817,22.4534,20.6030,0.4031,82.3230,2.6463,4649.9123,204.2083,25.9152,21.1137,12.8578,14.5296,26.176,48.8436,54.2173,102.8621,13.088,0.0,3.731508,7.079487,1.545355,30,207,63,6,0.32204186,0.01770420,-0.00338982,0E-8,0.000000,0.904812,0.002133,0.03111404,2026-03-21,2026-08-06,120,3733,1703,139,0.863309,1.227414,1.154177,1.073473,,,,,,,,GLOBAL_BASELINE_NO_ENTITY_RANKING,,,NOT_APPLICABLE_GLOBAL_BASELINE,HF9g-P5,,,,X 全窗基线 · 不参与实体赏罚,15053695,1506,A168_HF9F_20260827_0900,2026-08-27 09:00:00
2026-07-11,127529701,2127,0,98.1075568636,-6.3253556399,-6.3253556399,0.5000000,6,6,0.50218230000000000,0.502182300000,-0.01069114476356389,-0.01069114476356389,-0.01069114476356389,0E-17,ELIGIBLE,R03b_20260811_FULL_v1,L1_ELIGIBILITY,v2026-08-11,2026-03-21..2026-08-06,baccarat_bet02_101_all_pairs_incl_sentinel,round_win = game_pnl > 0 (decisive only),COMPATIBILITY_ONLY_NOT_PRODUCTION,557989.4742,504875.3716,9878.7574,24851,24505,-0.01770420,0.00338982,-0.02772422,-0.01770420,-9878.7574,557989.4742,OK,0.0000,395.1503,4.0000,96.0000,AG03-UNRESOLVED,ALL5_LEVELS_bet23_to_bet27,395.1503,395.1503,395.1503,0.0000,0.0000,4.000000,4.000000,4.000000,0.000000,0.000000,96.000000,96.000000,96.000000,100.000000,100.000000,5.0,1185.4509,1138.6651,8693.3065,8740.0923,PENDING_AG03,FALSE,NOT_FOR_ENFORCEMENT,9483.6071,484680.3568,9878.7574,9483.6071,395.1503,0.01770420,0.01699603,395.1503,9483.6071,0.01699603,395.1503,395.1503,395.1503,0.0000,0.0000,9483.6071,0.01699603,1185.4509,1138.6651,8693.3065,8740.0923,0.01557970,0.01566354,0.00070817,22.4534,20.6030,0.4031,82.3230,2.6463,4649.9123,204.2083,25.9152,21.1137,12.8578,14.5296,26.176,48.8436,54.2173,102.8621,13.088,0.0,3.731508,7.079487,1.545355,30,207,63,6,0.32204186,0.01770420,-0.00338982,0E-8,0.000000,0.904812,0.002133,0.03111404,2026-03-21,2026-08-06,120,3733,1703,139,0.863309,1.227414,1.154177,1.073473,,,,,,,,GLOBAL_BASELINE_NO_ENTITY_RANKING,,,NOT_APPLICABLE_GLOBAL_BASELINE,HF9g-P5,,,,X 全窗基线 · 不参与实体赏罚,15053696,1506,A168_HF9F_20260827_0900,2026-08-27 09:00:00
2026-07-11,127529701,2134,0,10.3271112488,10.3271112488,10.3271112488,1.0000000,1,1,0.49324550000000000,0.493245500000,1.01360149184955,1.01360149184955,1.01360149184955,0E-17,ELIGIBLE,R03b_20260811_FULL_v1,L1_ELIGIBILITY,v2026-08-11,2026-03-21..2026-08-06,baccarat_bet02_101_all_pairs_incl_sentinel,round_win = game_pnl > 0 (decisive only),COMPATIBILITY_ONLY_NOT_PRODUCTION,557989.4742,504875.3716,9878.7574,24851,24505,-0.01770420,0.00338982,-0.02772422,-0.01770420,-9878.7574,557989.4742,OK,0.0000,395.1503,4.0000,96.0000,AG03-UNRESOLVED,ALL5_LEVELS_bet23_to_bet27,395.1503,395.1503,395.1503,0.0000,0.0000,4.000000,4.000000,4.000000,0.000000,0.000000,96.000000,96.000000,96.000000,100.000000,100.000000,5.0,1185.4509,1138.6651,8693.3065,8740.0923,PENDING_AG03,FALSE,NOT_FOR_ENFORCEMENT,9483.6071,484680.3568,9878.7574,9483.6071,395.1503,0.01770420,0.01699603,395.1503,9483.6071,0.01699603,395.1503,395.1503,395.1503,0.0000,0.0000,9483.6071,0.01699603,1185.4509,1138.6651,8693.3065,8740.0923,0.01557970,0.01566354,0.00070817,22.4534,20.6030,0.4031,82.3230,2.6463,4649.9123,204.2083,25.9152,21.1137,12.8578,14.5296,26.176,48.8436,54.2173,102.8621,13.088,0.0,3.731508,7.079487,1.545355,30,207,63,6,0.32204186,0.01770420,-0.00338982,0E-8,0.000000,0.904812,0.002133,0.03111404,2026-03-21,2026-08-06,120,3733,1703,139,0.863309,1.227414,1.154177,1.073473,,,,,,,,GLOBAL_BASELINE_NO_ENTITY_RANKING,,,NOT_APPLICABLE_GLOBAL_BASELINE,HF9g-P5,,,,X 全窗基线 · 不参与实体赏罚,15053697,1506,A168_HF9F_20260827_0900,2026-08-27 09:00:00
2026-07-11,127529701,2147,0,149.7431131076,-32.5304004337,-32.5304004337,0.5714286,7,7,0.50090561428571429,0.500905614286,0.3731730247484194,0.373173024746908,0.3731730247484194,-2.8571E-13,ELIGIBLE,R03b_20260811_FULL_v1,L1_ELIGIBILITY,v2026-08-11,2026-03-21..2026-08-06,baccarat_bet02_101_all_pairs_incl_sentinel,round_win = game_pnl > 0 (decisive only),COMPATIBILITY_ONLY_NOT_PRODUCTION,557989.4742,504875.3716,9878.7574,24851,24505,-0.01770420,0.00338982,-0.02772422,-0.01770420,-9878.7574,557989.4742,OK,0.0000,395.1503,4.0000,96.0000,AG03-UNRESOLVED,ALL5_LEVELS_bet23_to_bet27,395.1503,395.1503,395.1503,0.0000,0.0000,4.000000,4.000000,4.000000,0.000000,0.000000,96.000000,96.000000,96.000000,100.000000,100.000000,5.0,1185.4509,1138.6651,8693.3065,8740.0923,PENDING_AG03,FALSE,NOT_FOR_ENFORCEMENT,9483.6071,484680.3568,9878.7574,9483.6071,395.1503,0.01770420,0.01699603,395.1503,9483.6071,0.01699603,395.1503,395.1503,395.1503,0.0000,0.0000,9483.6071,0.01699603,1185.4509,1138.6651,8693.3065,8740.0923,0.01557970,0.01566354,0.00070817,22.4534,20.6030,0.4031,82.3230,2.6463,4649.9123,204.2083,25.9152,21.1137,12.8578,14.5296,26.176,48.8436,54.2173,102.8621,13.088,0.0,3.731508,7.079487,1.545355,30,207,63,6,0.32204186,0.01770420,-0.00338982,0E-8,0.000000,0.904812,0.002133,0.03111404,2026-03-21,2026-08-06,120,3733,1703,139,0.863309,1.227414,1.154177,1.073473,,,,,,,,GLOBAL_BASELINE_NO_ENTITY_RANKING,,,NOT_APPLICABLE_GLOBAL_BASELINE,HF9g-P5,,,,X 全窗基线 · 不参与实体赏罚,15053698,1506,A168_HF9F_20260827_0900,2026-08-27 09:00:00
2026-07-11,127529701,2170,0,51.1192006816,-51.1192006816,-51.1192006816,0E-7,3,3,0.49771390000000000,0.497713900000,-1.724149546644903,-1.724149546644903,-1.724149546644903,0E-17,ELIGIBLE,R03b_20260811_FULL_v1,L1_ELIGIBILITY,v2026-08-11,2026-03-21..2026-08-06,baccarat_bet02_101_all_pairs_incl_sentinel,round_win = game_pnl > 0 (decisive only),COMPATIBILITY_ONLY_NOT_PRODUCTION,557989.4742,504875.3716,9878.7574,24851,24505,-0.01770420,0.00338982,-0.02772422,-0.01770420,-9878.7574,557989.4742,OK,0.0000,395.1503,4.0000,96.0000,AG03-UNRESOLVED,ALL5_LEVELS_bet23_to_bet27,395.1503,395.1503,395.1503,0.0000,0.0000,4.000000,4.000000,4.000000,0.000000,0.000000,96.000000,96.000000,96.000000,100.000000,100.000000,5.0,1185.4509,1138.6651,8693.3065,8740.0923,PENDING_AG03,FALSE,NOT_FOR_ENFORCEMENT,9483.6071,484680.3568,9878.7574,9483.6071,395.1503,0.01770420,0.01699603,395.1503,9483.6071,0.01699603,395.1503,395.1503,395.1503,0.0000,0.0000,9483.6071,0.01699603,1185.4509,1138.6651,8693.3065,8740.0923,0.01557970,0.01566354,0.00070817,22.4534,20.6030,0.4031,82.3230,2.6463,4649.9123,204.2083,25.9152,21.1137,12.8578,14.5296,26.176,48.8436,54.2173,102.8621,13.088,0.0,3.731508,7.079487,1.545355,30,207,63,6,0.32204186,0.01770420,-0.00338982,0E-8,0.000000,0.904812,0.002133,0.03111404,2026-03-21,2026-08-06,120,3733,1703,139,0.863309,1.227414,1.154177,1.073473,,,,,,,,GLOBAL_BASELINE_NO_ENTITY_RANKING,,,NOT_APPLICABLE_GLOBAL_BASELINE,HF9g-P5,,,,X 全窗基线 · 不参与实体赏罚,15053699,1506,A168_HF9F_20260827_0900,2026-08-27 09:00:00
2026-07-11,127529701,2177,0,133.4779128907,-40.9211783233,-40.9211783233,0.4285714,8,8,0.49994810000000000,0.499948100000,-0.377689846057837,-0.377689846057837,-0.377689846057837,0E-17,ELIGIBLE,R03b_20260811_FULL_v1,L1_ELIGIBILITY,v2026-08-11,2026-03-21..2026-08-06,baccarat_bet02_101_all_pairs_incl_sentinel,round_win = game_pnl > 0 (decisive only),COMPATIBILITY_ONLY_NOT_PRODUCTION,557989.4742,504875.3716,9878.7574,24851,24505,-0.01770420,0.00338982,-0.02772422,-0.01770420,-9878.7574,557989.4742,OK,0.0000,395.1503,4.0000,96.0000,AG03-UNRESOLVED,ALL5_LEVELS_bet23_to_bet27,395.1503,395.1503,395.1503,0.0000,0.0000,4.000000,4.000000,4.000000,0.000000,0.000000,96.000000,96.000000,96.000000,100.000000,100.000000,5.0,1185.4509,1138.6651,8693.3065,8740.0923,PENDING_AG03,FALSE,NOT_FOR_ENFORCEMENT,9483.6071,484680.3568,9878.7574,9483.6071,395.1503,0.01770420,0.01699603,395.1503,9483.6071,0.01699603,395.1503,395.1503,395.1503,0.0000,0.0000,9483.6071,0.01699603,1185.4509,1138.6651,8693.3065,8740.0923,0.01557970,0.01566354,0.00070817,22.4534,20.6030,0.4031,82.3230,2.6463,4649.9123,204.2083,25.9152,21.1137,12.8578,14.5296,26.176,48.8436,54.2173,102.8621,13.088,0.0,3.731508,7.079487,1.545355,30,207,63,6,0.32204186,0.01770420,-0.00338982,0E-8,0.000000,0.904812,0.002133,0.03111404,2026-03-21,2026-08-06,120,3733,1703,139,0.863309,1.227414,1.154177,1.073473,,,,,,,,GLOBAL_BASELINE_NO_ENTITY_RANKING,,,NOT_APPLICABLE_GLOBAL_BASELINE,HF9g-P5,,,,X 全窗基线 · 不参与实体赏罚,15053700,1506,A168_HF9F_20260827_0900,2026-08-27 09:00:00
2026-07-11,127529701,2261,0,10.3271112488,10.3271112488,10.3271112488,1.0000000,1,1,0.49324550000000000,0.493245500000,1.01360149184955,1.01360149184955,1.01360149184955,0E-17,ELIGIBLE,R03b_20260811_FULL_v1,L1_ELIGIBILITY,v2026-08-11,2026-03-21..2026-08-06,baccarat_bet02_101_all_pairs_incl_sentinel,round_win = game_pnl > 0 (decisive only),COMPATIBILITY_ONLY_NOT_PRODUCTION,557989.4742,504875.3716,9878.7574,24851,24505,-0.01770420,0.00338982,-0.02772422,-0.01770420,-9878.7574,557989.4742,OK,0.0000,395.1503,4.0000,96.0000,AG03-UNRESOLVED,ALL5_LEVELS_bet23_to_bet27,395.1503,395.1503,395.1503,0.0000,0.0000,4.000000,4.000000,4.000000,0.000000,0.000000,96.000000,96.000000,96.000000,100.000000,100.000000,5.0,1185.4509,1138.6651,8693.3065,8740.0923,PENDING_AG03,FALSE,NOT_FOR_ENFORCEMENT,9483.6071,484680.3568,9878.7574,9483.6071,395.1503,0.01770420,0.01699603,395.1503,9483.6071,0.01699603,395.1503,395.1503,395.1503,0.0000,0.0000,9483.6071,0.01699603,1185.4509,1138.6651,8693.3065,8740.0923,0.01557970,0.01566354,0.00070817,22.4534,20.6030,0.4031,82.3230,2.6463,4649.9123,204.2083,25.9152,21.1137,12.8578,14.5296,26.176,48.8436,54.2173,102.8621,13.088,0.0,3.731508,7.079487,1.545355,30,207,63,6,0.32204186,0.01770420,-0.00338982,0E-8,0.000000,0.904812,0.002133,0.03111404,2026-03-21,2026-08-06,120,3733,1703,139,0.863309,1.227414,1.154177,1.073473,,,,,,,,GLOBAL_BASELINE_NO_ENTITY_RANKING,,,NOT_APPLICABLE_GLOBAL_BASELINE,HF9g-P5,,,,X 全窗基线 · 不参与实体赏罚,15053701,1506,A168_HF9F_20260827_0900,2026-08-27 09:00:00
2026-07-11,127529701,595,0,122.6344460795,25.8177781221,25.8177781221,0.5000000,9,9,0.49920336666666667,0.499203366667,0.004506444376759088,0.004506444374873482,0.004506444376759088,-3.3333E-13,ELIGIBLE,R03b_20260811_FULL_v1,L1_ELIGIBILITY,v2026-08-11,2026-03-21..2026-08-06,baccarat_bet02_101_all_pairs_incl_sentinel,round_win = game_pnl > 0 (decisive only),COMPATIBILITY_ONLY_NOT_PRODUCTION,557989.4742,504875.3716,9878.7574,24851,24505,-0.01770420,0.00338982,-0.02772422,-0.01770420,-9878.7574,557989.4742,OK,0.0000,395.1503,4.0000,96.0000,AG03-UNRESOLVED,ALL5_LEVELS_bet23_to_bet27,395.1503,395.1503,395.1503,0.0000,0.0000,4.000000,4.000000,4.000000,0.000000,0.000000,96.000000,96.000000,96.000000,100.000000,100.000000,5.0,1185.4509,1138.6651,8693.3065,8740.0923,PENDING_AG03,FALSE,NOT_FOR_ENFORCEMENT,9483.6071,484680.3568,9878.7574,9483.6071,395.1503,0.01770420,0.01699603,395.1503,9483.6071,0.01699603,395.1503,395.1503,395.1503,0.0000,0.0000,9483.6071,0.01699603,1185.4509,1138.6651,8693.3065,8740.0923,0.01557970,0.01566354,0.00070817,22.4534,20.6030,0.4031,82.3230,2.6463,4649.9123,204.2083,25.9152,21.1137,12.8578,14.5296,26.176,48.8436,54.2173,102.8621,13.088,0.0,3.731508,7.079487,1.545355,30,207,63,6,0.32204186,0.01770420,-0.00338982,0E-8,0.000000,0.904812,0.002133,0.03111404,2026-03-21,2026-08-06,120,3733,1703,139,0.863309,1.227414,1.154177,1.073473,,,,,,,,GLOBAL_BASELINE_NO_ENTITY_RANKING,,,NOT_APPLICABLE_GLOBAL_BASELINE,HF9g-P5,,,,X 全窗基线 · 不参与实体赏罚,15053702,1506,A168_HF9F_20260827_0900,2026-08-27 09:00:00
2026-07-12,127529701,1331,0,69.1916453670,-43.6320450262,-43.6320450262,0.2857143,7,7,0.50090561428571429,0.500905614286,-1.138687347156492,-1.138687347158005,-1.138687347156492,-2.8571E-13,ELIGIBLE,R03b_20260811_FULL_v1,L1_ELIGIBILITY,v2026-08-11,2026-03-21..2026-08-06,baccarat_bet02_101_all_pairs_incl_sentinel,round_win = game_pnl > 0 (decisive only),COMPATIBILITY_ONLY_NOT_PRODUCTION,557989.4742,504875.3716,9878.7574,24851,24505,-0.01770420,0.00338982,-0.02772422,-0.01770420,-9878.7574,557989.4742,OK,0.0000,395.1503,4.0000,96.0000,AG03-UNRESOLVED,ALL5_LEVELS_bet23_to_bet27,395.1503,395.1503,395.1503,0.0000,0.0000,4.000000,4.000000,4.000000,0.000000,0.000000,96.000000,96.000000,96.000000,100.000000,100.000000,5.0,1185.4509,1138.6651,8693.3065,8740.0923,PENDING_AG03,FALSE,NOT_FOR_ENFORCEMENT,9483.6071,484680.3568,9878.7574,9483.6071,395.1503,0.01770420,0.01699603,395.1503,9483.6071,0.01699603,395.1503,395.1503,395.1503,0.0000,0.0000,9483.6071,0.01699603,1185.4509,1138.6651,8693.3065,8740.0923,0.01557970,0.01566354,0.00070817,22.4534,20.6030,0.4031,82.3230,2.6463,4649.9123,204.2083,25.9152,21.1137,12.8578,14.5296,26.176,48.8436,54.2173,102.8621,13.088,0.0,3.731508,7.079487,1.545355,30,207,63,6,0.32204186,0.01770420,-0.00338982,0E-8,0.000000,0.904812,0.002133,0.03111404,2026-03-21,2026-08-06,120,3733,1703,139,0.863309,1.227414,1.154177,1.073473,,,,,,,,GLOBAL_BASELINE_NO_ENTITY_RANKING,,,NOT_APPLICABLE_GLOBAL_BASELINE,HF9g-P5,,,,X 全窗基线 · 不参与实体赏罚,15053703,1506,A168_HF9F_20260827_0900,2026-08-27 09:00:00
2026-07-12,127529701,1396,0,12.9088890610,12.3925334986,12.3925334986,1.0000000,3,3,0.50218230000000000,0.502182300000,1.724507524396475,1.7245075243964754,1.724507524396475,0E-17,ELIGIBLE,R03b_20260811_FULL_v1,L1_ELIGIBILITY,v2026-08-11,2026-03-21..2026-08-06,baccarat_bet02_101_all_pairs_incl_sentinel,round_win = game_pnl > 0 (decisive only),COMPATIBILITY_ONLY_NOT_PRODUCTION,557989.4742,504875.3716,9878.7574,24851,24505,-0.01770420,0.00338982,-0.02772422,-0.01770420,-9878.7574,557989.4742,OK,0.0000,395.1503,4.0000,96.0000,AG03-UNRESOLVED,ALL5_LEVELS_bet23_to_bet27,395.1503,395.1503,395.1503,0.0000,0.0000,4.000000,4.000000,4.000000,0.000000,0.000000,96.000000,96.000000,96.000000,100.000000,100.000000,5.0,1185.4509,1138.6651,8693.3065,8740.0923,PENDING_AG03,FALSE,NOT_FOR_ENFORCEMENT,9483.6071,484680.3568,9878.7574,9483.6071,395.1503,0.01770420,0.01699603,395.1503,9483.6071,0.01699603,395.1503,395.1503,395.1503,0.0000,0.0000,9483.6071,0.01699603,1185.4509,1138.6651,8693.3065,8740.0923,0.01557970,0.01566354,0.00070817,22.4534,20.6030,0.4031,82.3230,2.6463,4649.9123,204.2083,25.9152,21.1137,12.8578,14.5296,26.176,48.8436,54.2173,102.8621,13.088,0.0,3.731508,7.079487,1.545355,30,207,63,6,0.32204186,0.01770420,-0.00338982,0E-8,0.000000,0.904812,0.002133,0.03111404,2026-03-21,2026-08-06,120,3733,1703,139,0.863309,1.227414,1.154177,1.073473,,,,,,,,GLOBAL_BASELINE_NO_ENTITY_RANKING,,,NOT_APPLICABLE_GLOBAL_BASELINE,HF9g-P5,,,,X 全窗基线 · 不参与实体赏罚,15053704,1506,A168_HF9F_20260827_0900,2026-08-27 09:00:00
2026-07-12,127529701,2251,0,39.7593783079,-15.2970335372,-15.2970335372,0.4000000,5,5,0.49592654000000000,0.495926540000,-0.42901076602576227,-0.42901076602576227,-0.42901076602576227,0E-17,ELIGIBLE,R03b_20260811_FULL_v1,L1_ELIGIBILITY,v2026-08-11,2026-03-21..2026-08-06,baccarat_bet02_101_all_pairs_incl_sentinel,round_win = game_pnl > 0 (decisive only),COMPATIBILITY_ONLY_NOT_PRODUCTION,557989.4742,504875.3716,9878.7574,24851,24505,-0.01770420,0.00338982,-0.02772422,-0.01770420,-9878.7574,557989.4742,OK,0.0000,395.1503,4.0000,96.0000,AG03-UNRESOLVED,ALL5_LEVELS_bet23_to_bet27,395.1503,395.1503,395.1503,0.0000,0.0000,4.000000,4.000000,4.000000,0.000000,0.000000,96.000000,96.000000,96.000000,100.000000,100.000000,5.0,1185.4509,1138.6651,8693.3065,8740.0923,PENDING_AG03,FALSE,NOT_FOR_ENFORCEMENT,9483.6071,484680.3568,9878.7574,9483.6071,395.1503,0.01770420,0.01699603,395.1503,9483.6071,0.01699603,395.1503,395.1503,395.1503,0.0000,0.0000,9483.6071,0.01699603,1185.4509,1138.6651,8693.3065,8740.0923,0.01557970,0.01566354,0.00070817,22.4534,20.6030,0.4031,82.3230,2.6463,4649.9123,204.2083,25.9152,21.1137,12.8578,14.5296,26.176,48.8436,54.2173,102.8621,13.088,0.0,3.731508,7.079487,1.545355,30,207,63,6,0.32204186,0.01770420,-0.00338982,0E-8,0.000000,0.904812,0.002133,0.03111404,2026-03-21,2026-08-06,120,3733,1703,139,0.863309,1.227414,1.154177,1.073473,,,,,,,,GLOBAL_BASELINE_NO_ENTITY_RANKING,,,NOT_APPLICABLE_GLOBAL_BASELINE,HF9g-P5,,,,X 全窗基线 · 不参与实体赏罚,15053705,1506,A168_HF9F_20260827_0900,2026-08-27 09:00:00
2026-07-12,127529701,986,0,72.2897787416,-30.9813337464,-30.9813337464,0.2000000,6,6,0.49547970000000000,0.495479700000,-1.3214793953192199,-1.3214793953192199,-1.3214793953192199,0E-17,ELIGIBLE,R03b_20260811_FULL_v1,L1_ELIGIBILITY,v2026-08-11,2026-03-21..2026-08-06,baccarat_bet02_101_all_pairs_incl_sentinel,round_win = game_pnl > 0 (decisive only),COMPATIBILITY_ONLY_NOT_PRODUCTION,557989.4742,504875.3716,9878.7574,24851,24505,-0.01770420,0.00338982,-0.02772422,-0.01770420,-9878.7574,557989.4742,OK,0.0000,395.1503,4.0000,96.0000,AG03-UNRESOLVED,ALL5_LEVELS_bet23_to_bet27,395.1503,395.1503,395.1503,0.0000,0.0000,4.000000,4.000000,4.000000,0.000000,0.000000,96.000000,96.000000,96.000000,100.000000,100.000000,5.0,1185.4509,1138.6651,8693.3065,8740.0923,PENDING_AG03,FALSE,NOT_FOR_ENFORCEMENT,9483.6071,484680.3568,9878.7574,9483.6071,395.1503,0.01770420,0.01699603,395.1503,9483.6071,0.01699603,395.1503,395.1503,395.1503,0.0000,0.0000,9483.6071,0.01699603,1185.4509,1138.6651,8693.3065,8740.0923,0.01557970,0.01566354,0.00070817,22.4534,20.6030,0.4031,82.3230,2.6463,4649.9123,204.2083,25.9152,21.1137,12.8578,14.5296,26.176,48.8436,54.2173,102.8621,13.088,0.0,3.731508,7.079487,1.545355,30,207,63,6,0.32204186,0.01770420,-0.00338982,0E-8,0.000000,0.904812,0.002133,0.03111404,2026-03-21,2026-08-06,120,3733,1703,139,0.863309,1.227414,1.154177,1.073473,,,,,,,,GLOBAL_BASELINE_NO_ENTITY_RANKING,,,NOT_APPLICABLE_GLOBAL_BASELINE,HF9g-P5,,,,X 全窗基线 · 不参与实体赏罚,15053706,1506,A168_HF9F_20260827_0900,2026-08-27 09:00:00
2026-07-13,127529701,-1,1,1617.2256215623,284.3311904582,284.3311904582,0.5753425,80,79,0.49919933670886076,0.498358318354,1.3011360276919324,1.3155127783666187,1.3011360276919324,0.00084101835486076,SENTINEL_DEALER,R03b_20260811_FULL_v1,L1_ELIGIBILITY,v2026-08-11,2026-03-21..2026-08-06,baccarat_bet02_101_all_pairs_incl_sentinel,round_win = game_pnl > 0 (decisive only),COMPATIBILITY_ONLY_NOT_PRODUCTION,557989.4742,504875.3716,9878.7574,24851,24505,-0.01770420,0.00338982,-0.02772422,-0.01770420,-9878.7574,557989.4742,OK,0.0000,395.1503,4.0000,96.0000,AG03-UNRESOLVED,ALL5_LEVELS_bet23_to_bet27,395.1503,395.1503,395.1503,0.0000,0.0000,4.000000,4.000000,4.000000,0.000000,0.000000,96.000000,96.000000,96.000000,100.000000,100.000000,5.0,1185.4509,1138.6651,8693.3065,8740.0923,PENDING_AG03,FALSE,NOT_FOR_ENFORCEMENT,9483.6071,484680.3568,9878.7574,9483.6071,395.1503,0.01770420,0.01699603,395.1503,9483.6071,0.01699603,395.1503,395.1503,395.1503,0.0000,0.0000,9483.6071,0.01699603,1185.4509,1138.6651,8693.3065,8740.0923,0.01557970,0.01566354,0.00070817,22.4534,20.6030,0.4031,82.3230,2.6463,4649.9123,204.2083,25.9152,21.1137,12.8578,14.5296,26.176,48.8436,54.2173,102.8621,13.088,0.0,3.731508,7.079487,1.545355,30,207,63,6,0.32204186,0.01770420,-0.00338982,0E-8,0.000000,0.904812,0.002133,0.03111404,2026-03-21,2026-08-06,120,3733,1703,139,0.863309,1.227414,1.154177,1.073473,,,,,,,,GLOBAL_BASELINE_NO_ENTITY_RANKING,,,NOT_APPLICABLE_GLOBAL_BASELINE,HF9g-P5,,,,X 全窗基线 · 不参与实体赏罚,15053707,1506,A168_HF9F_20260827_0900,2026-08-27 09:00:00
2026-07-13,127529701,1017,0,76.6788010223,0.4905377844,0.4905377844,0.5000000,6,6,0.49994810000000000,0.499948100000,0.00025425703667063243,0.00025425703667063243,0.00025425703667063243,0E-17,ELIGIBLE,R03b_20260811_FULL_v1,L1_ELIGIBILITY,v2026-08-11,2026-03-21..2026-08-06,baccarat_bet02_101_all_pairs_incl_sentinel,round_win = game_pnl > 0 (decisive only),COMPATIBILITY_ONLY_NOT_PRODUCTION,557989.4742,504875.3716,9878.7574,24851,24505,-0.01770420,0.00338982,-0.02772422,-0.01770420,-9878.7574,557989.4742,OK,0.0000,395.1503,4.0000,96.0000,AG03-UNRESOLVED,ALL5_LEVELS_bet23_to_bet27,395.1503,395.1503,395.1503,0.0000,0.0000,4.000000,4.000000,4.000000,0.000000,0.000000,96.000000,96.000000,96.000000,100.000000,100.000000,5.0,1185.4509,1138.6651,8693.3065,8740.0923,PENDING_AG03,FALSE,NOT_FOR_ENFORCEMENT,9483.6071,484680.3568,9878.7574,9483.6071,395.1503,0.01770420,0.01699603,395.1503,9483.6071,0.01699603,395.1503,395.1503,395.1503,0.0000,0.0000,9483.6071,0.01699603,1185.4509,1138.6651,8693.3065,8740.0923,0.01557970,0.01566354,0.00070817,22.4534,20.6030,0.4031,82.3230,2.6463,4649.9123,204.2083,25.9152,21.1137,12.8578,14.5296,26.176,48.8436,54.2173,102.8621,13.088,0.0,3.731508,7.079487,1.545355,30,207,63,6,0.32204186,0.01770420,-0.00338982,0E-8,0.000000,0.904812,0.002133,0.03111404,2026-03-21,2026-08-06,120,3733,1703,139,0.863309,1.227414,1.154177,1.073473,,,,,,,,GLOBAL_BASELINE_NO_ENTITY_RANKING,,,NOT_APPLICABLE_GLOBAL_BASELINE,HF9g-P5,,,,X 全窗基线 · 不参与实体赏罚,15053708,1506,A168_HF9F_20260827_0900,2026-08-27 09:00:00
2026-07-13,127529701,1109,0,198.7968915394,68.4171120234,68.4171120234,0.6250000,10,10,0.49726706000000000,0.497267060000,0.7225774183249517,0.7225774183249517,0.7225774183249517,0E-17,ELIGIBLE,R03b_20260811_FULL_v1,L1_ELIGIBILITY,v2026-08-11,2026-03-21..2026-08-06,baccarat_bet02_101_all_pairs_incl_sentinel,round_win = game_pnl > 0 (decisive only),COMPATIBILITY_ONLY_NOT_PRODUCTION,557989.4742,504875.3716,9878.7574,24851,24505,-0.01770420,0.00338982,-0.02772422,-0.01770420,-9878.7574,557989.4742,OK,0.0000,395.1503,4.0000,96.0000,AG03-UNRESOLVED,ALL5_LEVELS_bet23_to_bet27,395.1503,395.1503,395.1503,0.0000,0.0000,4.000000,4.000000,4.000000,0.000000,0.000000,96.000000,96.000000,96.000000,100.000000,100.000000,5.0,1185.4509,1138.6651,8693.3065,8740.0923,PENDING_AG03,FALSE,NOT_FOR_ENFORCEMENT,9483.6071,484680.3568,9878.7574,9483.6071,395.1503,0.01770420,0.01699603,395.1503,9483.6071,0.01699603,395.1503,395.1503,395.1503,0.0000,0.0000,9483.6071,0.01699603,1185.4509,1138.6651,8693.3065,8740.0923,0.01557970,0.01566354,0.00070817,22.4534,20.6030,0.4031,82.3230,2.6463,4649.9123,204.2083,25.9152,21.1137,12.8578,14.5296,26.176,48.8436,54.2173,102.8621,13.088,0.0,3.731508,7.079487,1.545355,30,207,63,6,0.32204186,0.01770420,-0.00338982,0E-8,0.000000,0.904812,0.002133,0.03111404,2026-03-21,2026-08-06,120,3733,1703,139,0.863309,1.227414,1.154177,1.073473,,,,,,,,GLOBAL_BASELINE_NO_ENTITY_RANKING,,,NOT_APPLICABLE_GLOBAL_BASELINE,HF9g-P5,,,,X 全窗基线 · 不参与实体赏罚,15053709,1506,A168_HF9F_20260827_0900,2026-08-27 09:00:00
2026-07-13,127529701,1205,0,14.1997779671,13.4897890688,13.4897890688,1.0000000,1,1,0.50665070000000000,0.506650700000,0.9867858985152569,0.9867858985152569,0.9867858985152569,0E-17,ELIGIBLE,R03b_20260811_FULL_v1,L1_ELIGIBILITY,v2026-08-11,2026-03-21..2026-08-06,baccarat_bet02_101_all_pairs_incl_sentinel,round_win = game_pnl > 0 (decisive only),COMPATIBILITY_ONLY_NOT_PRODUCTION,557989.4742,504875.3716,9878.7574,24851,24505,-0.01770420,0.00338982,-0.02772422,-0.01770420,-9878.7574,557989.4742,OK,0.0000,395.1503,4.0000,96.0000,AG03-UNRESOLVED,ALL5_LEVELS_bet23_to_bet27,395.1503,395.1503,395.1503,0.0000,0.0000,4.000000,4.000000,4.000000,0.000000,0.000000,96.000000,96.000000,96.000000,100.000000,100.000000,5.0,1185.4509,1138.6651,8693.3065,8740.0923,PENDING_AG03,FALSE,NOT_FOR_ENFORCEMENT,9483.6071,484680.3568,9878.7574,9483.6071,395.1503,0.01770420,0.01699603,395.1503,9483.6071,0.01699603,395.1503,395.1503,395.1503,0.0000,0.0000,9483.6071,0.01699603,1185.4509,1138.6651,8693.3065,8740.0923,0.01557970,0.01566354,0.00070817,22.4534,20.6030,0.4031,82.3230,2.6463,4649.9123,204.2083,25.9152,21.1137,12.8578,14.5296,26.176,48.8436,54.2173,102.8621,13.088,0.0,3.731508,7.079487,1.545355,30,207,63,6,0.32204186,0.01770420,-0.00338982,0E-8,0.000000,0.904812,0.002133,0.03111404,2026-03-21,2026-08-06,120,3733,1703,139,0.863309,1.227414,1.154177,1.073473,,,,,,,,GLOBAL_BASELINE_NO_ENTITY_RANKING,,,NOT_APPLICABLE_GLOBAL_BASELINE,HF9g-P5,,,,X 全窗基线 · 不参与实体赏罚,15053710,1506,A168_HF9F_20260827_0900,2026-08-27 09:00:00
2026-07-13,127529701,1299,0,110.5000903622,-10.8434668113,-10.8434668113,0.5714286,9,9,0.49771390000000000,0.497713900000,0.3900654543366509,0.3900654543366509,0.3900654543366509,0E-17,ELIGIBLE,R03b_20260811_FULL_v1,L1_ELIGIBILITY,v2026-08-11,2026-03-21..2026-08-06,baccarat_bet02_101_all_pairs_incl_sentinel,round_win = game_pnl > 0 (decisive only),COMPATIBILITY_ONLY_NOT_PRODUCTION,557989.4742,504875.3716,9878.7574,24851,24505,-0.01770420,0.00338982,-0.02772422,-0.01770420,-9878.7574,557989.4742,OK,0.0000,395.1503,4.0000,96.0000,AG03-UNRESOLVED,ALL5_LEVELS_bet23_to_bet27,395.1503,395.1503,395.1503,0.0000,0.0000,4.000000,4.000000,4.000000,0.000000,0.000000,96.000000,96.000000,96.000000,100.000000,100.000000,5.0,1185.4509,1138.6651,8693.3065,8740.0923,PENDING_AG03,FALSE,NOT_FOR_ENFORCEMENT,9483.6071,484680.3568,9878.7574,9483.6071,395.1503,0.01770420,0.01699603,395.1503,9483.6071,0.01699603,395.1503,395.1503,395.1503,0.0000,0.0000,9483.6071,0.01699603,1185.4509,1138.6651,8693.3065,8740.0923,0.01557970,0.01566354,0.00070817,22.4534,20.6030,0.4031,82.3230,2.6463,4649.9123,204.2083,25.9152,21.1137,12.8578,14.5296,26.176,48.8436,54.2173,102.8621,13.088,0.0,3.731508,7.079487,1.545355,30,207,63,6,0.32204186,0.01770420,-0.00338982,0E-8,0.000000,0.904812,0.002133,0.03111404,2026-03-21,2026-08-06,120,3733,1703,139,0.863309,1.227414,1.154177,1.073473,,,,,,,,GLOBAL_BASELINE_NO_ENTITY_RANKING,,,NOT_APPLICABLE_GLOBAL_BASELINE,HF9g-P5,,,,X 全窗基线 · 不参与实体赏罚,15053711,1506,A168_HF9F_20260827_0900,2026-08-27 09:00:00
2026-07-13,127529701,1304,0,302.0680040274,80.0351121783,80.0351121783,0.6666667,9,9,0.50069283333333333,0.500692833333,0.9958439560465624,0.9958439560485615,0.9958439560465624,3.3333E-13,ELIGIBLE,R03b_20260811_FULL_v1,L1_ELIGIBILITY,v2026-08-11,2026-03-21..2026-08-06,baccarat_bet02_101_all_pairs_incl_sentinel,round_win = game_pnl > 0 (decisive only),COMPATIBILITY_ONLY_NOT_PRODUCTION,557989.4742,504875.3716,9878.7574,24851,24505,-0.01770420,0.00338982,-0.02772422,-0.01770420,-9878.7574,557989.4742,OK,0.0000,395.1503,4.0000,96.0000,AG03-UNRESOLVED,ALL5_LEVELS_bet23_to_bet27,395.1503,395.1503,395.1503,0.0000,0.0000,4.000000,4.000000,4.000000,0.000000,0.000000,96.000000,96.000000,96.000000,100.000000,100.000000,5.0,1185.4509,1138.6651,8693.3065,8740.0923,PENDING_AG03,FALSE,NOT_FOR_ENFORCEMENT,9483.6071,484680.3568,9878.7574,9483.6071,395.1503,0.01770420,0.01699603,395.1503,9483.6071,0.01699603,395.1503,395.1503,395.1503,0.0000,0.0000,9483.6071,0.01699603,1185.4509,1138.6651,8693.3065,8740.0923,0.01557970,0.01566354,0.00070817,22.4534,20.6030,0.4031,82.3230,2.6463,4649.9123,204.2083,25.9152,21.1137,12.8578,14.5296,26.176,48.8436,54.2173,102.8621,13.088,0.0,3.731508,7.079487,1.545355,30,207,63,6,0.32204186,0.01770420,-0.00338982,0E-8,0.000000,0.904812,0.002133,0.03111404,2026-03-21,2026-08-06,120,3733,1703,139,0.863309,1.227414,1.154177,1.073473,,,,,,,,GLOBAL_BASELINE_NO_ENTITY_RANKING,,,NOT_APPLICABLE_GLOBAL_BASELINE,HF9g-P5,,,,X 全窗基线 · 不参与实体赏罚,15053712,1506,A168_HF9F_20260827_0900,2026-08-27 09:00:00
2026-07-13,127529701,1325,0,82.3587122092,16.1361113264,16.1361113264,0.6000000,5,5,0.49860758000000000,0.498607580000,0.4534424453485946,0.4534424453485946,0.4534424453485946,0E-17,ELIGIBLE,R03b_20260811_FULL_v1,L1_ELIGIBILITY,v2026-08-11,2026-03-21..2026-08-06,baccarat_bet02_101_all_pairs_incl_sentinel,round_win = game_pnl > 0 (decisive only),COMPATIBILITY_ONLY_NOT_PRODUCTION,557989.4742,504875.3716,9878.7574,24851,24505,-0.01770420,0.00338982,-0.02772422,-0.01770420,-9878.7574,557989.4742,OK,0.0000,395.1503,4.0000,96.0000,AG03-UNRESOLVED,ALL5_LEVELS_bet23_to_bet27,395.1503,395.1503,395.1503,0.0000,0.0000,4.000000,4.000000,4.000000,0.000000,0.000000,96.000000,96.000000,96.000000,100.000000,100.000000,5.0,1185.4509,1138.6651,8693.3065,8740.0923,PENDING_AG03,FALSE,NOT_FOR_ENFORCEMENT,9483.6071,484680.3568,9878.7574,9483.6071,395.1503,0.01770420,0.01699603,395.1503,9483.6071,0.01699603,395.1503,395.1503,395.1503,0.0000,0.0000,9483.6071,0.01699603,1185.4509,1138.6651,8693.3065,8740.0923,0.01557970,0.01566354,0.00070817,22.4534,20.6030,0.4031,82.3230,2.6463,4649.9123,204.2083,25.9152,21.1137,12.8578,14.5296,26.176,48.8436,54.2173,102.8621,13.088,0.0,3.731508,7.079487,1.545355,30,207,63,6,0.32204186,0.01770420,-0.00338982,0E-8,0.000000,0.904812,0.002133,0.03111404,2026-03-21,2026-08-06,120,3733,1703,139,0.863309,1.227414,1.154177,1.073473,,,,,,,,GLOBAL_BASELINE_NO_ENTITY_RANKING,,,NOT_APPLICABLE_GLOBAL_BASELINE,HF9g-P5,,,,X 全窗基线 · 不参与实体赏罚,15053713,1506,A168_HF9F_20260827_0900,2026-08-27 09:00:00
2026-07-13,127529701,1374,0,112.5655126119,-46.4720006196,-46.4720006196,0.2000000,7,7,0.50473567142857143,0.504735671429,-1.3628804838446171,-1.3628804838465447,-1.3628804838446171,-4.2857E-13,ELIGIBLE,R03b_20260811_FULL_v1,L1_ELIGIBILITY,v2026-08-11,2026-03-21..2026-08-06,baccarat_bet02_101_all_pairs_incl_sentinel,round_win = game_pnl > 0 (decisive only),COMPATIBILITY_ONLY_NOT_PRODUCTION,557989.4742,504875.3716,9878.7574,24851,24505,-0.01770420,0.00338982,-0.02772422,-0.01770420,-9878.7574,557989.4742,OK,0.0000,395.1503,4.0000,96.0000,AG03-UNRESOLVED,ALL5_LEVELS_bet23_to_bet27,395.1503,395.1503,395.1503,0.0000,0.0000,4.000000,4.000000,4.000000,0.000000,0.000000,96.000000,96.000000,96.000000,100.000000,100.000000,5.0,1185.4509,1138.6651,8693.3065,8740.0923,PENDING_AG03,FALSE,NOT_FOR_ENFORCEMENT,9483.6071,484680.3568,9878.7574,9483.6071,395.1503,0.01770420,0.01699603,395.1503,9483.6071,0.01699603,395.1503,395.1503,395.1503,0.0000,0.0000,9483.6071,0.01699603,1185.4509,1138.6651,8693.3065,8740.0923,0.01557970,0.01566354,0.00070817,22.4534,20.6030,0.4031,82.3230,2.6463,4649.9123,204.2083,25.9152,21.1137,12.8578,14.5296,26.176,48.8436,54.2173,102.8621,13.088,0.0,3.731508,7.079487,1.545355,30,207,63,6,0.32204186,0.01770420,-0.00338982,0E-8,0.000000,0.904812,0.002133,0.03111404,2026-03-21,2026-08-06,120,3733,1703,139,0.863309,1.227414,1.154177,1.073473,,,,,,,,GLOBAL_BASELINE_NO_ENTITY_RANKING,,,NOT_APPLICABLE_GLOBAL_BASELINE,HF9g-P5,,,,X 全窗基线 · 不参与实体赏罚,15053714,1506,A168_HF9F_20260827_0900,2026-08-27 09:00:00
2026-07-13,127529701,1396,0,288.6427594039,17.1688224512,17.1688224512,0.4545455,11,11,0.49568280909090909,0.495682809091,-0.27288451209781617,-0.2728845120984188,-0.27288451209781617,-9.091E-14,ELIGIBLE,R03b_20260811_FULL_v1,L1_ELIGIBILITY,v2026-08-11,2026-03-21..2026-08-06,baccarat_bet02_101_all_pairs_incl_sentinel,round_win = game_pnl > 0 (decisive only),COMPATIBILITY_ONLY_NOT_PRODUCTION,557989.4742,504875.3716,9878.7574,24851,24505,-0.01770420,0.00338982,-0.02772422,-0.01770420,-9878.7574,557989.4742,OK,0.0000,395.1503,4.0000,96.0000,AG03-UNRESOLVED,ALL5_LEVELS_bet23_to_bet27,395.1503,395.1503,395.1503,0.0000,0.0000,4.000000,4.000000,4.000000,0.000000,0.000000,96.000000,96.000000,96.000000,100.000000,100.000000,5.0,1185.4509,1138.6651,8693.3065,8740.0923,PENDING_AG03,FALSE,NOT_FOR_ENFORCEMENT,9483.6071,484680.3568,9878.7574,9483.6071,395.1503,0.01770420,0.01699603,395.1503,9483.6071,0.01699603,395.1503,395.1503,395.1503,0.0000,0.0000,9483.6071,0.01699603,1185.4509,1138.6651,8693.3065,8740.0923,0.01557970,0.01566354,0.00070817,22.4534,20.6030,0.4031,82.3230,2.6463,4649.9123,204.2083,25.9152,21.1137,12.8578,14.5296,26.176,48.8436,54.2173,102.8621,13.088,0.0,3.731508,7.079487,1.545355,30,207,63,6,0.32204186,0.01770420,-0.00338982,0E-8,0.000000,0.904812,0.002133,0.03111404,2026-03-21,2026-08-06,120,3733,1703,139,0.863309,1.227414,1.154177,1.073473,,,,,,,,GLOBAL_BASELINE_NO_ENTITY_RANKING,,,NOT_APPLICABLE_GLOBAL_BASELINE,HF9g-P5,,,,X 全窗基线 · 不参与实体赏罚,15053715,1506,A168_HF9F_20260827_0900,2026-08-27 09:00:00
2026-07-13,127529701,1400,0,255.5960034078,-27.2377559186,-27.2377559186,0.5000000,11,11,0.50299473636363636,0.502994736364,-0.0189407155422541,-0.018940715544554086,-0.0189407155422541,-3.6364E-13,ELIGIBLE,R03b_20260811_FULL_v1,L1_ELIGIBILITY,v2026-08-11,2026-03-21..2026-08-06,baccarat_bet02_101_all_pairs_incl_sentinel,round_win = game_pnl > 0 (decisive only),COMPATIBILITY_ONLY_NOT_PRODUCTION,557989.4742,504875.3716,9878.7574,24851,24505,-0.01770420,0.00338982,-0.02772422,-0.01770420,-9878.7574,557989.4742,OK,0.0000,395.1503,4.0000,96.0000,AG03-UNRESOLVED,ALL5_LEVELS_bet23_to_bet27,395.1503,395.1503,395.1503,0.0000,0.0000,4.000000,4.000000,4.000000,0.000000,0.000000,96.000000,96.000000,96.000000,100.000000,100.000000,5.0,1185.4509,1138.6651,8693.3065,8740.0923,PENDING_AG03,FALSE,NOT_FOR_ENFORCEMENT,9483.6071,484680.3568,9878.7574,9483.6071,395.1503,0.01770420,0.01699603,395.1503,9483.6071,0.01699603,395.1503,395.1503,395.1503,0.0000,0.0000,9483.6071,0.01699603,1185.4509,1138.6651,8693.3065,8740.0923,0.01557970,0.01566354,0.00070817,22.4534,20.6030,0.4031,82.3230,2.6463,4649.9123,204.2083,25.9152,21.1137,12.8578,14.5296,26.176,48.8436,54.2173,102.8621,13.088,0.0,3.731508,7.079487,1.545355,30,207,63,6,0.32204186,0.01770420,-0.00338982,0E-8,0.000000,0.904812,0.002133,0.03111404,2026-03-21,2026-08-06,120,3733,1703,139,0.863309,1.227414,1.154177,1.073473,,,,,,,,GLOBAL_BASELINE_NO_ENTITY_RANKING,,,NOT_APPLICABLE_GLOBAL_BASELINE,HF9g-P5,,,,X 全窗基线 · 不参与实体赏罚,15053716,1506,A168_HF9F_20260827_0900,2026-08-27 09:00:00
2026-07-13,127529701,1402,0,19.8796891539,5.2926445151,5.2926445151,0.5000000,2,2,0.50665070000000000,0.506650700000,-0.018812684590367487,-0.018812684590367487,-0.018812684590367487,0E-17,ELIGIBLE,R03b_20260811_FULL_v1,L1_ELIGIBILITY,v2026-08-11,2026-03-21..2026-08-06,baccarat_bet02_101_all_pairs_incl_sentinel,round_win = game_pnl > 0 (decisive only),COMPATIBILITY_ONLY_NOT_PRODUCTION,557989.4742,504875.3716,9878.7574,24851,24505,-0.01770420,0.00338982,-0.02772422,-0.01770420,-9878.7574,557989.4742,OK,0.0000,395.1503,4.0000,96.0000,AG03-UNRESOLVED,ALL5_LEVELS_bet23_to_bet27,395.1503,395.1503,395.1503,0.0000,0.0000,4.000000,4.000000,4.000000,0.000000,0.000000,96.000000,96.000000,96.000000,100.000000,100.000000,5.0,1185.4509,1138.6651,8693.3065,8740.0923,PENDING_AG03,FALSE,NOT_FOR_ENFORCEMENT,9483.6071,484680.3568,9878.7574,9483.6071,395.1503,0.01770420,0.01699603,395.1503,9483.6071,0.01699603,395.1503,395.1503,395.1503,0.0000,0.0000,9483.6071,0.01699603,1185.4509,1138.6651,8693.3065,8740.0923,0.01557970,0.01566354,0.00070817,22.4534,20.6030,0.4031,82.3230,2.6463,4649.9123,204.2083,25.9152,21.1137,12.8578,14.5296,26.176,48.8436,54.2173,102.8621,13.088,0.0,3.731508,7.079487,1.545355,30,207,63,6,0.32204186,0.01770420,-0.00338982,0E-8,0.000000,0.904812,0.002133,0.03111404,2026-03-21,2026-08-06,120,3733,1703,139,0.863309,1.227414,1.154177,1.073473,,,,,,,,GLOBAL_BASELINE_NO_ENTITY_RANKING,,,NOT_APPLICABLE_GLOBAL_BASELINE,HF9g-P5,,,,X 全窗基线 · 不参与实体赏罚,15053717,1506,A168_HF9F_20260827_0900,2026-08-27 09:00:00
2026-07-13,127529701,1405,0,85.7150233650,1.9363333592,1.9363333592,0.5000000,6,6,0.49994810000000000,0.499948100000,0.00025425703667063243,0.00025425703667063243,0.00025425703667063243,0E-17,ELIGIBLE,R03b_20260811_FULL_v1,L1_ELIGIBILITY,v2026-08-11,2026-03-21..2026-08-06,baccarat_bet02_101_all_pairs_incl_sentinel,round_win = game_pnl > 0 (decisive only),COMPATIBILITY_ONLY_NOT_PRODUCTION,557989.4742,504875.3716,9878.7574,24851,24505,-0.01770420,0.00338982,-0.02772422,-0.01770420,-9878.7574,557989.4742,OK,0.0000,395.1503,4.0000,96.0000,AG03-UNRESOLVED,ALL5_LEVELS_bet23_to_bet27,395.1503,395.1503,395.1503,0.0000,0.0000,4.000000,4.000000,4.000000,0.000000,0.000000,96.000000,96.000000,96.000000,100.000000,100.000000,5.0,1185.4509,1138.6651,8693.3065,8740.0923,PENDING_AG03,FALSE,NOT_FOR_ENFORCEMENT,9483.6071,484680.3568,9878.7574,9483.6071,395.1503,0.01770420,0.01699603,395.1503,9483.6071,0.01699603,395.1503,395.1503,395.1503,0.0000,0.0000,9483.6071,0.01699603,1185.4509,1138.6651,8693.3065,8740.0923,0.01557970,0.01566354,0.00070817,22.4534,20.6030,0.4031,82.3230,2.6463,4649.9123,204.2083,25.9152,21.1137,12.8578,14.5296,26.176,48.8436,54.2173,102.8621,13.088,0.0,3.731508,7.079487,1.545355,30,207,63,6,0.32204186,0.01770420,-0.00338982,0E-8,0.000000,0.904812,0.002133,0.03111404,2026-03-21,2026-08-06,120,3733,1703,139,0.863309,1.227414,1.154177,1.073473,,,,,,,,GLOBAL_BASELINE_NO_ENTITY_RANKING,,,NOT_APPLICABLE_GLOBAL_BASELINE,HF9g-P5,,,,X 全窗基线 · 不参与实体赏罚,15053718,1506,A168_HF9F_20260827_0900,2026-08-27 09:00:00
2026-07-13,127529701,1485,0,129.0888906100,-129.0888906100,-129.0888906100,0E-7,5,5,0.49860758000000000,0.498607580000,-2.2298495325838465,-2.2298495325838465,-2.2298495325838465,0E-17,ELIGIBLE,R03b_20260811_FULL_v1,L1_ELIGIBILITY,v2026-08-11,2026-03-21..2026-08-06,baccarat_bet02_101_all_pairs_incl_sentinel,round_win = game_pnl > 0 (decisive only),COMPATIBILITY_ONLY_NOT_PRODUCTION,557989.4742,504875.3716,9878.7574,24851,24505,-0.01770420,0.00338982,-0.02772422,-0.01770420,-9878.7574,557989.4742,OK,0.0000,395.1503,4.0000,96.0000,AG03-UNRESOLVED,ALL5_LEVELS_bet23_to_bet27,395.1503,395.1503,395.1503,0.0000,0.0000,4.000000,4.000000,4.000000,0.000000,0.000000,96.000000,96.000000,96.000000,100.000000,100.000000,5.0,1185.4509,1138.6651,8693.3065,8740.0923,PENDING_AG03,FALSE,NOT_FOR_ENFORCEMENT,9483.6071,484680.3568,9878.7574,9483.6071,395.1503,0.01770420,0.01699603,395.1503,9483.6071,0.01699603,395.1503,395.1503,395.1503,0.0000,0.0000,9483.6071,0.01699603,1185.4509,1138.6651,8693.3065,8740.0923,0.01557970,0.01566354,0.00070817,22.4534,20.6030,0.4031,82.3230,2.6463,4649.9123,204.2083,25.9152,21.1137,12.8578,14.5296,26.176,48.8436,54.2173,102.8621,13.088,0.0,3.731508,7.079487,1.545355,30,207,63,6,0.32204186,0.01770420,-0.00338982,0E-8,0.000000,0.904812,0.002133,0.03111404,2026-03-21,2026-08-06,120,3733,1703,139,0.863309,1.227414,1.154177,1.073473,,,,,,,,GLOBAL_BASELINE_NO_ENTITY_RANKING,,,NOT_APPLICABLE_GLOBAL_BASELINE,HF9g-P5,,,,X 全窗基线 · 不参与实体赏罚,15053719,1506,A168_HF9F_20260827_0900,2026-08-27 09:00:00
2026-07-13,127529701,1490,0,41.3084449952,-36.2739782614,-36.2739782614,0.3333333,3,3,0.50218230000000000,0.502182300000,-0.5849155494134425,-0.5849155494134426,-0.5849155494134425,0E-17,ELIGIBLE,R03b_20260811_FULL_v1,L1_ELIGIBILITY,v2026-08-11,2026-03-21..2026-08-06,baccarat_bet02_101_all_pairs_incl_sentinel,round_win = game_pnl > 0 (decisive only),COMPATIBILITY_ONLY_NOT_PRODUCTION,557989.4742,504875.3716,9878.7574,24851,24505,-0.01770420,0.00338982,-0.02772422,-0.01770420,-9878.7574,557989.4742,OK,0.0000,395.1503,4.0000,96.0000,AG03-UNRESOLVED,ALL5_LEVELS_bet23_to_bet27,395.1503,395.1503,395.1503,0.0000,0.0000,4.000000,4.000000,4.000000,0.000000,0.000000,96.000000,96.000000,96.000000,100.000000,100.000000,5.0,1185.4509,1138.6651,8693.3065,8740.0923,PENDING_AG03,FALSE,NOT_FOR_ENFORCEMENT,9483.6071,484680.3568,9878.7574,9483.6071,395.1503,0.01770420,0.01699603,395.1503,9483.6071,0.01699603,395.1503,395.1503,395.1503,0.0000,0.0000,9483.6071,0.01699603,1185.4509,1138.6651,8693.3065,8740.0923,0.01557970,0.01566354,0.00070817,22.4534,20.6030,0.4031,82.3230,2.6463,4649.9123,204.2083,25.9152,21.1137,12.8578,14.5296,26.176,48.8436,54.2173,102.8621,13.088,0.0,3.731508,7.079487,1.545355,30,207,63,6,0.32204186,0.01770420,-0.00338982,0E-8,0.000000,0.904812,0.002133,0.03111404,2026-03-21,2026-08-06,120,3733,1703,139,0.863309,1.227414,1.154177,1.073473,,,,,,,,GLOBAL_BASELINE_NO_ENTITY_RANKING,,,NOT_APPLICABLE_GLOBAL_BASELINE,HF9g-P5,,,,X 全窗基线 · 不参与实体赏罚,15053720,1506,A168_HF9F_20260827_0900,2026-08-27 09:00:00
2026-07-13,127529701,1505,0,39.5012005267,-39.5012005267,-39.5012005267,0E-7,2,2,0.49324550000000000,0.493245500000,-1.3952362676504506,-1.3952362676504506,-1.3952362676504506,0E-17,ELIGIBLE,R03b_20260811_FULL_v1,L1_ELIGIBILITY,v2026-08-11,2026-03-21..2026-08-06,baccarat_bet02_101_all_pairs_incl_sentinel,round_win = game_pnl > 0 (decisive only),COMPATIBILITY_ONLY_NOT_PRODUCTION,557989.4742,504875.3716,9878.7574,24851,24505,-0.01770420,0.00338982,-0.02772422,-0.01770420,-9878.7574,557989.4742,OK,0.0000,395.1503,4.0000,96.0000,AG03-UNRESOLVED,ALL5_LEVELS_bet23_to_bet27,395.1503,395.1503,395.1503,0.0000,0.0000,4.000000,4.000000,4.000000,0.000000,0.000000,96.000000,96.000000,96.000000,100.000000,100.000000,5.0,1185.4509,1138.6651,8693.3065,8740.0923,PENDING_AG03,FALSE,NOT_FOR_ENFORCEMENT,9483.6071,484680.3568,9878.7574,9483.6071,395.1503,0.01770420,0.01699603,395.1503,9483.6071,0.01699603,395.1503,395.1503,395.1503,0.0000,0.0000,9483.6071,0.01699603,1185.4509,1138.6651,8693.3065,8740.0923,0.01557970,0.01566354,0.00070817,22.4534,20.6030,0.4031,82.3230,2.6463,4649.9123,204.2083,25.9152,21.1137,12.8578,14.5296,26.176,48.8436,54.2173,102.8621,13.088,0.0,3.731508,7.079487,1.545355,30,207,63,6,0.32204186,0.01770420,-0.00338982,0E-8,0.000000,0.904812,0.002133,0.03111404,2026-03-21,2026-08-06,120,3733,1703,139,0.863309,1.227414,1.154177,1.073473,,,,,,,,GLOBAL_BASELINE_NO_ENTITY_RANKING,,,NOT_APPLICABLE_GLOBAL_BASELINE,HF9g-P5,,,,X 全窗基线 · 不参与实体赏罚,15053721,1506,A168_HF9F_20260827_0900,2026-08-27 09:00:00
2026-07-13,127529701,1507,0,57.5736452121,-7.2289778742,-7.2289778742,0.5000000,2,2,0.50665070000000000,0.506650700000,-0.018812684590367487,-0.018812684590367487,-0.018812684590367487,0E-17,ELIGIBLE,R03b_20260811_FULL_v1,L1_ELIGIBILITY,v2026-08-11,2026-03-21..2026-08-06,baccarat_bet02_101_all_pairs_incl_sentinel,round_win = game_pnl > 0 (decisive only),COMPATIBILITY_ONLY_NOT_PRODUCTION,557989.4742,504875.3716,9878.7574,24851,24505,-0.01770420,0.00338982,-0.02772422,-0.01770420,-9878.7574,557989.4742,OK,0.0000,395.1503,4.0000,96.0000,AG03-UNRESOLVED,ALL5_LEVELS_bet23_to_bet27,395.1503,395.1503,395.1503,0.0000,0.0000,4.000000,4.000000,4.000000,0.000000,0.000000,96.000000,96.000000,96.000000,100.000000,100.000000,5.0,1185.4509,1138.6651,8693.3065,8740.0923,PENDING_AG03,FALSE,NOT_FOR_ENFORCEMENT,9483.6071,484680.3568,9878.7574,9483.6071,395.1503,0.01770420,0.01699603,395.1503,9483.6071,0.01699603,395.1503,395.1503,395.1503,0.0000,0.0000,9483.6071,0.01699603,1185.4509,1138.6651,8693.3065,8740.0923,0.01557970,0.01566354,0.00070817,22.4534,20.6030,0.4031,82.3230,2.6463,4649.9123,204.2083,25.9152,21.1137,12.8578,14.5296,26.176,48.8436,54.2173,102.8621,13.088,0.0,3.731508,7.079487,1.545355,30,207,63,6,0.32204186,0.01770420,-0.00338982,0E-8,0.000000,0.904812,0.002133,0.03111404,2026-03-21,2026-08-06,120,3733,1703,139,0.863309,1.227414,1.154177,1.073473,,,,,,,,GLOBAL_BASELINE_NO_ENTITY_RANKING,,,NOT_APPLICABLE_GLOBAL_BASELINE,HF9g-P5,,,,X 全窗基线 · 不参与实体赏罚,15053722,1506,A168_HF9F_20260827_0900,2026-08-27 09:00:00
2026-07-13,127529701,1623,0,38.7266671830,-38.7266671830,-38.7266671830,0E-7,1,1,0.49324550000000000,0.493245500000,-0.9865810262130424,-0.9865810262130424,-0.9865810262130424,0E-17,ELIGIBLE,R03b_20260811_FULL_v1,L1_ELIGIBILITY,v2026-08-11,2026-03-21..2026-08-06,baccarat_bet02_101_all_pairs_incl_sentinel,round_win = game_pnl > 0 (decisive only),COMPATIBILITY_ONLY_NOT_PRODUCTION,557989.4742,504875.3716,9878.7574,24851,24505,-0.01770420,0.00338982,-0.02772422,-0.01770420,-9878.7574,557989.4742,OK,0.0000,395.1503,4.0000,96.0000,AG03-UNRESOLVED,ALL5_LEVELS_bet23_to_bet27,395.1503,395.1503,395.1503,0.0000,0.0000,4.000000,4.000000,4.000000,0.000000,0.000000,96.000000,96.000000,96.000000,100.000000,100.000000,5.0,1185.4509,1138.6651,8693.3065,8740.0923,PENDING_AG03,FALSE,NOT_FOR_ENFORCEMENT,9483.6071,484680.3568,9878.7574,9483.6071,395.1503,0.01770420,0.01699603,395.1503,9483.6071,0.01699603,395.1503,395.1503,395.1503,0.0000,0.0000,9483.6071,0.01699603,1185.4509,1138.6651,8693.3065,8740.0923,0.01557970,0.01566354,0.00070817,22.4534,20.6030,0.4031,82.3230,2.6463,4649.9123,204.2083,25.9152,21.1137,12.8578,14.5296,26.176,48.8436,54.2173,102.8621,13.088,0.0,3.731508,7.079487,1.545355,30,207,63,6,0.32204186,0.01770420,-0.00338982,0E-8,0.000000,0.904812,0.002133,0.03111404,2026-03-21,2026-08-06,120,3733,1703,139,0.863309,1.227414,1.154177,1.073473,,,,,,,,GLOBAL_BASELINE_NO_ENTITY_RANKING,,,NOT_APPLICABLE_GLOBAL_BASELINE,HF9g-P5,,,,X 全窗基线 · 不参与实体赏罚,15053723,1506,A168_HF9F_20260827_0900,2026-08-27 09:00:00
2026-07-13,127529701,1646,0,137.8669351715,175.2381690032,175.2381690032,0.7142857,7,7,0.44012660000000000,0.440126600000,1.461227990622764,1.461227990622764,1.461227990622764,0E-17,ELIGIBLE,R03b_20260811_FULL_v1,L1_ELIGIBILITY,v2026-08-11,2026-03-21..2026-08-06,baccarat_bet02_101_all_pairs_incl_sentinel,round_win = game_pnl > 0 (decisive only),COMPATIBILITY_ONLY_NOT_PRODUCTION,557989.4742,504875.3716,9878.7574,24851,24505,-0.01770420,0.00338982,-0.02772422,-0.01770420,-9878.7574,557989.4742,OK,0.0000,395.1503,4.0000,96.0000,AG03-UNRESOLVED,ALL5_LEVELS_bet23_to_bet27,395.1503,395.1503,395.1503,0.0000,0.0000,4.000000,4.000000,4.000000,0.000000,0.000000,96.000000,96.000000,96.000000,100.000000,100.000000,5.0,1185.4509,1138.6651,8693.3065,8740.0923,PENDING_AG03,FALSE,NOT_FOR_ENFORCEMENT,9483.6071,484680.3568,9878.7574,9483.6071,395.1503,0.01770420,0.01699603,395.1503,9483.6071,0.01699603,395.1503,395.1503,395.1503,0.0000,0.0000,9483.6071,0.01699603,1185.4509,1138.6651,8693.3065,8740.0923,0.01557970,0.01566354,0.00070817,22.4534,20.6030,0.4031,82.3230,2.6463,4649.9123,204.2083,25.9152,21.1137,12.8578,14.5296,26.176,48.8436,54.2173,102.8621,13.088,0.0,3.731508,7.079487,1.545355,30,207,63,6,0.32204186,0.01770420,-0.00338982,0E-8,0.000000,0.904812,0.002133,0.03111404,2026-03-21,2026-08-06,120,3733,1703,139,0.863309,1.227414,1.154177,1.073473,,,,,,,,GLOBAL_BASELINE_NO_ENTITY_RANKING,,,NOT_APPLICABLE_GLOBAL_BASELINE,HF9g-P5,,,,X 全窗基线 · 不参与实体赏罚,15053724,1506,A168_HF9F_20260827_0900,2026-08-27 09:00:00
2026-07-13,127529701,1714,0,203.9604471638,-101.3347791288,-101.3347791288,0.3333333,11,11,0.50177608181818182,0.501776081818,-1.0106628671337714,-1.010662867132679,-1.0106628671337714,1.8182E-13,ELIGIBLE,R03b_20260811_FULL_v1,L1_ELIGIBILITY,v2026-08-11,2026-03-21..2026-08-06,baccarat_bet02_101_all_pairs_incl_sentinel,round_win = game_pnl > 0 (decisive only),COMPATIBILITY_ONLY_NOT_PRODUCTION,557989.4742,504875.3716,9878.7574,24851,24505,-0.01770420,0.00338982,-0.02772422,-0.01770420,-9878.7574,557989.4742,OK,0.0000,395.1503,4.0000,96.0000,AG03-UNRESOLVED,ALL5_LEVELS_bet23_to_bet27,395.1503,395.1503,395.1503,0.0000,0.0000,4.000000,4.000000,4.000000,0.000000,0.000000,96.000000,96.000000,96.000000,100.000000,100.000000,5.0,1185.4509,1138.6651,8693.3065,8740.0923,PENDING_AG03,FALSE,NOT_FOR_ENFORCEMENT,9483.6071,484680.3568,9878.7574,9483.6071,395.1503,0.01770420,0.01699603,395.1503,9483.6071,0.01699603,395.1503,395.1503,395.1503,0.0000,0.0000,9483.6071,0.01699603,1185.4509,1138.6651,8693.3065,8740.0923,0.01557970,0.01566354,0.00070817,22.4534,20.6030,0.4031,82.3230,2.6463,4649.9123,204.2083,25.9152,21.1137,12.8578,14.5296,26.176,48.8436,54.2173,102.8621,13.088,0.0,3.731508,7.079487,1.545355,30,207,63,6,0.32204186,0.01770420,-0.00338982,0E-8,0.000000,0.904812,0.002133,0.03111404,2026-03-21,2026-08-06,120,3733,1703,139,0.863309,1.227414,1.154177,1.073473,,,,,,,,GLOBAL_BASELINE_NO_ENTITY_RANKING,,,NOT_APPLICABLE_GLOBAL_BASELINE,HF9g-P5,,,,X 全窗基线 · 不参与实体赏罚,15053725,1506,A168_HF9F_20260827_0900,2026-08-27 09:00:00
2026-07-13,127529701,1750,0,12.9088890610,-12.9088890610,-12.9088890610,0E-7,1,1,0.49324550000000000,0.493245500000,-0.9865810262130424,-0.9865810262130424,-0.9865810262130424,0E-17,ELIGIBLE,R03b_20260811_FULL_v1,L1_ELIGIBILITY,v2026-08-11,2026-03-21..2026-08-06,baccarat_bet02_101_all_pairs_incl_sentinel,round_win = game_pnl > 0 (decisive only),COMPATIBILITY_ONLY_NOT_PRODUCTION,557989.4742,504875.3716,9878.7574,24851,24505,-0.01770420,0.00338982,-0.02772422,-0.01770420,-9878.7574,557989.4742,OK,0.0000,395.1503,4.0000,96.0000,AG03-UNRESOLVED,ALL5_LEVELS_bet23_to_bet27,395.1503,395.1503,395.1503,0.0000,0.0000,4.000000,4.000000,4.000000,0.000000,0.000000,96.000000,96.000000,96.000000,100.000000,100.000000,5.0,1185.4509,1138.6651,8693.3065,8740.0923,PENDING_AG03,FALSE,NOT_FOR_ENFORCEMENT,9483.6071,484680.3568,9878.7574,9483.6071,395.1503,0.01770420,0.01699603,395.1503,9483.6071,0.01699603,395.1503,395.1503,395.1503,0.0000,0.0000,9483.6071,0.01699603,1185.4509,1138.6651,8693.3065,8740.0923,0.01557970,0.01566354,0.00070817,22.4534,20.6030,0.4031,82.3230,2.6463,4649.9123,204.2083,25.9152,21.1137,12.8578,14.5296,26.176,48.8436,54.2173,102.8621,13.088,0.0,3.731508,7.079487,1.545355,30,207,63,6,0.32204186,0.01770420,-0.00338982,0E-8,0.000000,0.904812,0.002133,0.03111404,2026-03-21,2026-08-06,120,3733,1703,139,0.863309,1.227414,1.154177,1.073473,,,,,,,,GLOBAL_BASELINE_NO_ENTITY_RANKING,,,NOT_APPLICABLE_GLOBAL_BASELINE,HF9g-P5,,,,X 全窗基线 · 不参与实体赏罚,15053726,1506,A168_HF9F_20260827_0900,2026-08-27 09:00:00
2026-07-13,127529701,1940,0,129.0888906100,-54.4755118374,-54.4755118374,0.3750000,9,9,0.50218230000000000,0.502182300000,-0.7194585869949017,-0.7194585869949017,-0.7194585869949017,0E-17,ELIGIBLE,R03b_20260811_FULL_v1,L1_ELIGIBILITY,v2026-08-11,2026-03-21..2026-08-06,baccarat_bet02_101_all_pairs_incl_sentinel,round_win = game_pnl > 0 (decisive only),COMPATIBILITY_ONLY_NOT_PRODUCTION,557989.4742,504875.3716,9878.7574,24851,24505,-0.01770420,0.00338982,-0.02772422,-0.01770420,-9878.7574,557989.4742,OK,0.0000,395.1503,4.0000,96.0000,AG03-UNRESOLVED,ALL5_LEVELS_bet23_to_bet27,395.1503,395.1503,395.1503,0.0000,0.0000,4.000000,4.000000,4.000000,0.000000,0.000000,96.000000,96.000000,96.000000,100.000000,100.000000,5.0,1185.4509,1138.6651,8693.3065,8740.0923,PENDING_AG03,FALSE,NOT_FOR_ENFORCEMENT,9483.6071,484680.3568,9878.7574,9483.6071,395.1503,0.01770420,0.01699603,395.1503,9483.6071,0.01699603,395.1503,395.1503,395.1503,0.0000,0.0000,9483.6071,0.01699603,1185.4509,1138.6651,8693.3065,8740.0923,0.01557970,0.01566354,0.00070817,22.4534,20.6030,0.4031,82.3230,2.6463,4649.9123,204.2083,25.9152,21.1137,12.8578,14.5296,26.176,48.8436,54.2173,102.8621,13.088,0.0,3.731508,7.079487,1.545355,30,207,63,6,0.32204186,0.01770420,-0.00338982,0E-8,0.000000,0.904812,0.002133,0.03111404,2026-03-21,2026-08-06,120,3733,1703,139,0.863309,1.227414,1.154177,1.073473,,,,,,,,GLOBAL_BASELINE_NO_ENTITY_RANKING,,,NOT_APPLICABLE_GLOBAL_BASELINE,HF9g-P5,,,,X 全窗基线 · 不参与实体赏罚,15053727,1506,A168_HF9F_20260827_0900,2026-08-27 09:00:00
2026-07-13,127529701,1942,0,131.6706684222,-50.4737562285,-50.4737562285,0.5000000,6,6,0.50441650000000000,0.504416500000,-0.02163718700157003,-0.02163718700157003,-0.02163718700157003,0E-17,ELIGIBLE,R03b_20260811_FULL_v1,L1_ELIGIBILITY,v2026-08-11,2026-03-21..2026-08-06,baccarat_bet02_101_all_pairs_incl_sentinel,round_win = game_pnl > 0 (decisive only),COMPATIBILITY_ONLY_NOT_PRODUCTION,557989.4742,504875.3716,9878.7574,24851,24505,-0.01770420,0.00338982,-0.02772422,-0.01770420,-9878.7574,557989.4742,OK,0.0000,395.1503,4.0000,96.0000,AG03-UNRESOLVED,ALL5_LEVELS_bet23_to_bet27,395.1503,395.1503,395.1503,0.0000,0.0000,4.000000,4.000000,4.000000,0.000000,0.000000,96.000000,96.000000,96.000000,100.000000,100.000000,5.0,1185.4509,1138.6651,8693.3065,8740.0923,PENDING_AG03,FALSE,NOT_FOR_ENFORCEMENT,9483.6071,484680.3568,9878.7574,9483.6071,395.1503,0.01770420,0.01699603,395.1503,9483.6071,0.01699603,395.1503,395.1503,395.1503,0.0000,0.0000,9483.6071,0.01699603,1185.4509,1138.6651,8693.3065,8740.0923,0.01557970,0.01566354,0.00070817,22.4534,20.6030,0.4031,82.3230,2.6463,4649.9123,204.2083,25.9152,21.1137,12.8578,14.5296,26.176,48.8436,54.2173,102.8621,13.088,0.0,3.731508,7.079487,1.545355,30,207,63,6,0.32204186,0.01770420,-0.00338982,0E-8,0.000000,0.904812,0.002133,0.03111404,2026-03-21,2026-08-06,120,3733,1703,139,0.863309,1.227414,1.154177,1.073473,,,,,,,,GLOBAL_BASELINE_NO_ENTITY_RANKING,,,NOT_APPLICABLE_GLOBAL_BASELINE,HF9g-P5,,,,X 全窗基线 · 不参与实体赏罚,15053728,1506,A168_HF9F_20260827_0900,2026-08-27 09:00:00
2026-07-13,127529701,1947,0,35.8867115896,-25.5596003408,-25.5596003408,0.2500000,4,4,0.49324550000000000,0.493245500000,-0.9730707933947887,-0.9730707933947887,-0.9730707933947887,0E-17,ELIGIBLE,R03b_20260811_FULL_v1,L1_ELIGIBILITY,v2026-08-11,2026-03-21..2026-08-06,baccarat_bet02_101_all_pairs_incl_sentinel,round_win = game_pnl > 0 (decisive only),COMPATIBILITY_ONLY_NOT_PRODUCTION,557989.4742,504875.3716,9878.7574,24851,24505,-0.01770420,0.00338982,-0.02772422,-0.01770420,-9878.7574,557989.4742,OK,0.0000,395.1503,4.0000,96.0000,AG03-UNRESOLVED,ALL5_LEVELS_bet23_to_bet27,395.1503,395.1503,395.1503,0.0000,0.0000,4.000000,4.000000,4.000000,0.000000,0.000000,96.000000,96.000000,96.000000,100.000000,100.000000,5.0,1185.4509,1138.6651,8693.3065,8740.0923,PENDING_AG03,FALSE,NOT_FOR_ENFORCEMENT,9483.6071,484680.3568,9878.7574,9483.6071,395.1503,0.01770420,0.01699603,395.1503,9483.6071,0.01699603,395.1503,395.1503,395.1503,0.0000,0.0000,9483.6071,0.01699603,1185.4509,1138.6651,8693.3065,8740.0923,0.01557970,0.01566354,0.00070817,22.4534,20.6030,0.4031,82.3230,2.6463,4649.9123,204.2083,25.9152,21.1137,12.8578,14.5296,26.176,48.8436,54.2173,102.8621,13.088,0.0,3.731508,7.079487,1.545355,30,207,63,6,0.32204186,0.01770420,-0.00338982,0E-8,0.000000,0.904812,0.002133,0.03111404,2026-03-21,2026-08-06,120,3733,1703,139,0.863309,1.227414,1.154177,1.073473,,,,,,,,GLOBAL_BASELINE_NO_ENTITY_RANKING,,,NOT_APPLICABLE_GLOBAL_BASELINE,HF9g-P5,,,,X 全窗基线 · 不参与实体赏罚,15053729,1506,A168_HF9F_20260827_0900,2026-08-27 09:00:00
2026-07-13,127529701,1957,0,246.8179588464,-104.0456458317,-104.0456458317,0.1666667,8,8,0.49994810000000000,0.499948100000,-1.6327389136160748,-1.6327389136160748,-1.6327389136160748,0E-17,ELIGIBLE,R03b_20260811_FULL_v1,L1_ELIGIBILITY,v2026-08-11,2026-03-21..2026-08-06,baccarat_bet02_101_all_pairs_incl_sentinel,round_win = game_pnl > 0 (decisive only),COMPATIBILITY_ONLY_NOT_PRODUCTION,557989.4742,504875.3716,9878.7574,24851,24505,-0.01770420,0.00338982,-0.02772422,-0.01770420,-9878.7574,557989.4742,OK,0.0000,395.1503,4.0000,96.0000,AG03-UNRESOLVED,ALL5_LEVELS_bet23_to_bet27,395.1503,395.1503,395.1503,0.0000,0.0000,4.000000,4.000000,4.000000,0.000000,0.000000,96.000000,96.000000,96.000000,100.000000,100.000000,5.0,1185.4509,1138.6651,8693.3065,8740.0923,PENDING_AG03,FALSE,NOT_FOR_ENFORCEMENT,9483.6071,484680.3568,9878.7574,9483.6071,395.1503,0.01770420,0.01699603,395.1503,9483.6071,0.01699603,395.1503,395.1503,395.1503,0.0000,0.0000,9483.6071,0.01699603,1185.4509,1138.6651,8693.3065,8740.0923,0.01557970,0.01566354,0.00070817,22.4534,20.6030,0.4031,82.3230,2.6463,4649.9123,204.2083,25.9152,21.1137,12.8578,14.5296,26.176,48.8436,54.2173,102.8621,13.088,0.0,3.731508,7.079487,1.545355,30,207,63,6,0.32204186,0.01770420,-0.00338982,0E-8,0.000000,0.904812,0.002133,0.03111404,2026-03-21,2026-08-06,120,3733,1703,139,0.863309,1.227414,1.154177,1.073473,,,,,,,,GLOBAL_BASELINE_NO_ENTITY_RANKING,,,NOT_APPLICABLE_GLOBAL_BASELINE,HF9g-P5,,,,X 全窗基线 · 不参与实体赏罚,15053730,1506,A168_HF9F_20260827_0900,2026-08-27 09:00:00
2026-07-13,127529701,1985,0,77.4533343660,-25.8177781220,-25.8177781220,0.2500000,6,6,0.49324550000000000,0.493245500000,-0.9730707933947887,-0.9730707933947887,-0.9730707933947887,0E-17,ELIGIBLE,R03b_20260811_FULL_v1,L1_ELIGIBILITY,v2026-08-11,2026-03-21..2026-08-06,baccarat_bet02_101_all_pairs_incl_sentinel,round_win = game_pnl > 0 (decisive only),COMPATIBILITY_ONLY_NOT_PRODUCTION,557989.4742,504875.3716,9878.7574,24851,24505,-0.01770420,0.00338982,-0.02772422,-0.01770420,-9878.7574,557989.4742,OK,0.0000,395.1503,4.0000,96.0000,AG03-UNRESOLVED,ALL5_LEVELS_bet23_to_bet27,395.1503,395.1503,395.1503,0.0000,0.0000,4.000000,4.000000,4.000000,0.000000,0.000000,96.000000,96.000000,96.000000,100.000000,100.000000,5.0,1185.4509,1138.6651,8693.3065,8740.0923,PENDING_AG03,FALSE,NOT_FOR_ENFORCEMENT,9483.6071,484680.3568,9878.7574,9483.6071,395.1503,0.01770420,0.01699603,395.1503,9483.6071,0.01699603,395.1503,395.1503,395.1503,0.0000,0.0000,9483.6071,0.01699603,1185.4509,1138.6651,8693.3065,8740.0923,0.01557970,0.01566354,0.00070817,22.4534,20.6030,0.4031,82.3230,2.6463,4649.9123,204.2083,25.9152,21.1137,12.8578,14.5296,26.176,48.8436,54.2173,102.8621,13.088,0.0,3.731508,7.079487,1.545355,30,207,63,6,0.32204186,0.01770420,-0.00338982,0E-8,0.000000,0.904812,0.002133,0.03111404,2026-03-21,2026-08-06,120,3733,1703,139,0.863309,1.227414,1.154177,1.073473,,,,,,,,GLOBAL_BASELINE_NO_ENTITY_RANKING,,,NOT_APPLICABLE_GLOBAL_BASELINE,HF9g-P5,,,,X 全窗基线 · 不参与实体赏罚,15053731,1506,A168_HF9F_20260827_0900,2026-08-27 09:00:00
2026-07-13,127529701,1994,0,548.1114295301,-6.4544445304,-6.4544445304,0.5714286,23,23,0.49907384782608696,0.499073847826,0.6631431332254173,0.6631431332262143,0.6631431332254173,8.696E-14,ELIGIBLE,R03b_20260811_FULL_v1,L1_ELIGIBILITY,v2026-08-11,2026-03-21..2026-08-06,baccarat_bet02_101_all_pairs_incl_sentinel,round_win = game_pnl > 0 (decisive only),COMPATIBILITY_ONLY_NOT_PRODUCTION,557989.4742,504875.3716,9878.7574,24851,24505,-0.01770420,0.00338982,-0.02772422,-0.01770420,-9878.7574,557989.4742,OK,0.0000,395.1503,4.0000,96.0000,AG03-UNRESOLVED,ALL5_LEVELS_bet23_to_bet27,395.1503,395.1503,395.1503,0.0000,0.0000,4.000000,4.000000,4.000000,0.000000,0.000000,96.000000,96.000000,96.000000,100.000000,100.000000,5.0,1185.4509,1138.6651,8693.3065,8740.0923,PENDING_AG03,FALSE,NOT_FOR_ENFORCEMENT,9483.6071,484680.3568,9878.7574,9483.6071,395.1503,0.01770420,0.01699603,395.1503,9483.6071,0.01699603,395.1503,395.1503,395.1503,0.0000,0.0000,9483.6071,0.01699603,1185.4509,1138.6651,8693.3065,8740.0923,0.01557970,0.01566354,0.00070817,22.4534,20.6030,0.4031,82.3230,2.6463,4649.9123,204.2083,25.9152,21.1137,12.8578,14.5296,26.176,48.8436,54.2173,102.8621,13.088,0.0,3.731508,7.079487,1.545355,30,207,63,6,0.32204186,0.01770420,-0.00338982,0E-8,0.000000,0.904812,0.002133,0.03111404,2026-03-21,2026-08-06,120,3733,1703,139,0.863309,1.227414,1.154177,1.073473,,,,,,,,GLOBAL_BASELINE_NO_ENTITY_RANKING,,,NOT_APPLICABLE_GLOBAL_BASELINE,HF9g-P5,,,,X 全窗基线 · 不参与实体赏罚,15053732,1506,A168_HF9F_20260827_0900,2026-08-27 09:00:00
2026-07-13,127529701,2103,0,470.9162729452,66.7389564456,66.7389564456,0.4761905,21,21,0.49899058571428571,0.498990585714,-0.20896688133261457,-0.20896688132999625,-0.20896688133261457,2.8571E-13,ELIGIBLE,R03b_20260811_FULL_v1,L1_ELIGIBILITY,v2026-08-11,2026-03-21..2026-08-06,baccarat_bet02_101_all_pairs_incl_sentinel,round_win = game_pnl > 0 (decisive only),COMPATIBILITY_ONLY_NOT_PRODUCTION,557989.4742,504875.3716,9878.7574,24851,24505,-0.01770420,0.00338982,-0.02772422,-0.01770420,-9878.7574,557989.4742,OK,0.0000,395.1503,4.0000,96.0000,AG03-UNRESOLVED,ALL5_LEVELS_bet23_to_bet27,395.1503,395.1503,395.1503,0.0000,0.0000,4.000000,4.000000,4.000000,0.000000,0.000000,96.000000,96.000000,96.000000,100.000000,100.000000,5.0,1185.4509,1138.6651,8693.3065,8740.0923,PENDING_AG03,FALSE,NOT_FOR_ENFORCEMENT,9483.6071,484680.3568,9878.7574,9483.6071,395.1503,0.01770420,0.01699603,395.1503,9483.6071,0.01699603,395.1503,395.1503,395.1503,0.0000,0.0000,9483.6071,0.01699603,1185.4509,1138.6651,8693.3065,8740.0923,0.01557970,0.01566354,0.00070817,22.4534,20.6030,0.4031,82.3230,2.6463,4649.9123,204.2083,25.9152,21.1137,12.8578,14.5296,26.176,48.8436,54.2173,102.8621,13.088,0.0,3.731508,7.079487,1.545355,30,207,63,6,0.32204186,0.01770420,-0.00338982,0E-8,0.000000,0.904812,0.002133,0.03111404,2026-03-21,2026-08-06,120,3733,1703,139,0.863309,1.227414,1.154177,1.073473,,,,,,,,GLOBAL_BASELINE_NO_ENTITY_RANKING,,,NOT_APPLICABLE_GLOBAL_BASELINE,HF9g-P5,,,,X 全窗基线 · 不参与实体赏罚,15053733,1506,A168_HF9F_20260827_0900,2026-08-27 09:00:00
2026-07-13,127529701,2106,0,12.9088890610,2.1945111404,2.1945111404,0.5000000,2,2,0.49994810000000000,0.499948100000,0.00014679536856514622,0.00014679536856514622,0.00014679536856514622,0E-17,ELIGIBLE,R03b_20260811_FULL_v1,L1_ELIGIBILITY,v2026-08-11,2026-03-21..2026-08-06,baccarat_bet02_101_all_pairs_incl_sentinel,round_win = game_pnl > 0 (decisive only),COMPATIBILITY_ONLY_NOT_PRODUCTION,557989.4742,504875.3716,9878.7574,24851,24505,-0.01770420,0.00338982,-0.02772422,-0.01770420,-9878.7574,557989.4742,OK,0.0000,395.1503,4.0000,96.0000,AG03-UNRESOLVED,ALL5_LEVELS_bet23_to_bet27,395.1503,395.1503,395.1503,0.0000,0.0000,4.000000,4.000000,4.000000,0.000000,0.000000,96.000000,96.000000,96.000000,100.000000,100.000000,5.0,1185.4509,1138.6651,8693.3065,8740.0923,PENDING_AG03,FALSE,NOT_FOR_ENFORCEMENT,9483.6071,484680.3568,9878.7574,9483.6071,395.1503,0.01770420,0.01699603,395.1503,9483.6071,0.01699603,395.1503,395.1503,395.1503,0.0000,0.0000,9483.6071,0.01699603,1185.4509,1138.6651,8693.3065,8740.0923,0.01557970,0.01566354,0.00070817,22.4534,20.6030,0.4031,82.3230,2.6463,4649.9123,204.2083,25.9152,21.1137,12.8578,14.5296,26.176,48.8436,54.2173,102.8621,13.088,0.0,3.731508,7.079487,1.545355,30,207,63,6,0.32204186,0.01770420,-0.00338982,0E-8,0.000000,0.904812,0.002133,0.03111404,2026-03-21,2026-08-06,120,3733,1703,139,0.863309,1.227414,1.154177,1.073473,,,,,,,,GLOBAL_BASELINE_NO_ENTITY_RANKING,,,NOT_APPLICABLE_GLOBAL_BASELINE,HF9g-P5,,,,X 全窗基线 · 不参与实体赏罚,15053734,1506,A168_HF9F_20260827_0900,2026-08-27 09:00:00
2026-07-13,127529701,2130,0,49.0537784318,-2.5817778122,-2.5817778122,0.5000000,5,5,0.49592654000000000,0.495926540000,0.011521867128355871,0.011521867128355871,0.011521867128355871,0E-17,ELIGIBLE,R03b_20260811_FULL_v1,L1_ELIGIBILITY,v2026-08-11,2026-03-21..2026-08-06,baccarat_bet02_101_all_pairs_incl_sentinel,round_win = game_pnl > 0 (decisive only),COMPATIBILITY_ONLY_NOT_PRODUCTION,557989.4742,504875.3716,9878.7574,24851,24505,-0.01770420,0.00338982,-0.02772422,-0.01770420,-9878.7574,557989.4742,OK,0.0000,395.1503,4.0000,96.0000,AG03-UNRESOLVED,ALL5_LEVELS_bet23_to_bet27,395.1503,395.1503,395.1503,0.0000,0.0000,4.000000,4.000000,4.000000,0.000000,0.000000,96.000000,96.000000,96.000000,100.000000,100.000000,5.0,1185.4509,1138.6651,8693.3065,8740.0923,PENDING_AG03,FALSE,NOT_FOR_ENFORCEMENT,9483.6071,484680.3568,9878.7574,9483.6071,395.1503,0.01770420,0.01699603,395.1503,9483.6071,0.01699603,395.1503,395.1503,395.1503,0.0000,0.0000,9483.6071,0.01699603,1185.4509,1138.6651,8693.3065,8740.0923,0.01557970,0.01566354,0.00070817,22.4534,20.6030,0.4031,82.3230,2.6463,4649.9123,204.2083,25.9152,21.1137,12.8578,14.5296,26.176,48.8436,54.2173,102.8621,13.088,0.0,3.731508,7.079487,1.545355,30,207,63,6,0.32204186,0.01770420,-0.00338982,0E-8,0.000000,0.904812,0.002133,0.03111404,2026-03-21,2026-08-06,120,3733,1703,139,0.863309,1.227414,1.154177,1.073473,,,,,,,,GLOBAL_BASELINE_NO_ENTITY_RANKING,,,NOT_APPLICABLE_GLOBAL_BASELINE,HF9g-P5,,,,X 全窗基线 · 不参与实体赏罚,15053735,1506,A168_HF9F_20260827_0900,2026-08-27 09:00:00
2026-07-13,127529701,2141,0,177.1099579169,-61.8206697130,-61.8206697130,0.4285714,7,7,0.50090561428571429,0.500905614286,-0.38275716120403624,-0.38275716120554854,-0.38275716120403624,-2.8571E-13,ELIGIBLE,R03b_20260811_FULL_v1,L1_ELIGIBILITY,v2026-08-11,2026-03-21..2026-08-06,baccarat_bet02_101_all_pairs_incl_sentinel,round_win = game_pnl > 0 (decisive only),COMPATIBILITY_ONLY_NOT_PRODUCTION,557989.4742,504875.3716,9878.7574,24851,24505,-0.01770420,0.00338982,-0.02772422,-0.01770420,-9878.7574,557989.4742,OK,0.0000,395.1503,4.0000,96.0000,AG03-UNRESOLVED,ALL5_LEVELS_bet23_to_bet27,395.1503,395.1503,395.1503,0.0000,0.0000,4.000000,4.000000,4.000000,0.000000,0.000000,96.000000,96.000000,96.000000,100.000000,100.000000,5.0,1185.4509,1138.6651,8693.3065,8740.0923,PENDING_AG03,FALSE,NOT_FOR_ENFORCEMENT,9483.6071,484680.3568,9878.7574,9483.6071,395.1503,0.01770420,0.01699603,395.1503,9483.6071,0.01699603,395.1503,395.1503,395.1503,0.0000,0.0000,9483.6071,0.01699603,1185.4509,1138.6651,8693.3065,8740.0923,0.01557970,0.01566354,0.00070817,22.4534,20.6030,0.4031,82.3230,2.6463,4649.9123,204.2083,25.9152,21.1137,12.8578,14.5296,26.176,48.8436,54.2173,102.8621,13.088,0.0,3.731508,7.079487,1.545355,30,207,63,6,0.32204186,0.01770420,-0.00338982,0E-8,0.000000,0.904812,0.002133,0.03111404,2026-03-21,2026-08-06,120,3733,1703,139,0.863309,1.227414,1.154177,1.073473,,,,,,,,GLOBAL_BASELINE_NO_ENTITY_RANKING,,,NOT_APPLICABLE_GLOBAL_BASELINE,HF9g-P5,,,,X 全窗基线 · 不参与实体赏罚,15053736,1506,A168_HF9F_20260827_0900,2026-08-27 09:00:00
2026-07-13,127529701,2142,0,256.3705367515,-60.7234141429,-60.7234141429,0.3333333,13,13,0.50149485384615385,0.501494853846,-1.1650623965055502,-1.1650623965044835,-1.1650623965055502,1.5385E-13,ELIGIBLE,R03b_20260811_FULL_v1,L1_ELIGIBILITY,v2026-08-11,2026-03-21..2026-08-06,baccarat_bet02_101_all_pairs_incl_sentinel,round_win = game_pnl > 0 (decisive only),COMPATIBILITY_ONLY_NOT_PRODUCTION,557989.4742,504875.3716,9878.7574,24851,24505,-0.01770420,0.00338982,-0.02772422,-0.01770420,-9878.7574,557989.4742,OK,0.0000,395.1503,4.0000,96.0000,AG03-UNRESOLVED,ALL5_LEVELS_bet23_to_bet27,395.1503,395.1503,395.1503,0.0000,0.0000,4.000000,4.000000,4.000000,0.000000,0.000000,96.000000,96.000000,96.000000,100.000000,100.000000,5.0,1185.4509,1138.6651,8693.3065,8740.0923,PENDING_AG03,FALSE,NOT_FOR_ENFORCEMENT,9483.6071,484680.3568,9878.7574,9483.6071,395.1503,0.01770420,0.01699603,395.1503,9483.6071,0.01699603,395.1503,395.1503,395.1503,0.0000,0.0000,9483.6071,0.01699603,1185.4509,1138.6651,8693.3065,8740.0923,0.01557970,0.01566354,0.00070817,22.4534,20.6030,0.4031,82.3230,2.6463,4649.9123,204.2083,25.9152,21.1137,12.8578,14.5296,26.176,48.8436,54.2173,102.8621,13.088,0.0,3.731508,7.079487,1.545355,30,207,63,6,0.32204186,0.01770420,-0.00338982,0E-8,0.000000,0.904812,0.002133,0.03111404,2026-03-21,2026-08-06,120,3733,1703,139,0.863309,1.227414,1.154177,1.073473,,,,,,,,GLOBAL_BASELINE_NO_ENTITY_RANKING,,,NOT_APPLICABLE_GLOBAL_BASELINE,HF9g-P5,,,,X 全窗基线 · 不参与实体赏罚,15053737,1506,A168_HF9F_20260827_0900,2026-08-27 09:00:00
2026-07-13,127529701,2155,0,54.2173340562,27.1086670281,27.1086670281,0.6666667,3,3,0.50218230000000000,0.502182300000,0.5697959874915163,0.5697959874915164,0.5697959874915163,0E-17,ELIGIBLE,R03b_20260811_FULL_v1,L1_ELIGIBILITY,v2026-08-11,2026-03-21..2026-08-06,baccarat_bet02_101_all_pairs_incl_sentinel,round_win = game_pnl > 0 (decisive only),COMPATIBILITY_ONLY_NOT_PRODUCTION,557989.4742,504875.3716,9878.7574,24851,24505,-0.01770420,0.00338982,-0.02772422,-0.01770420,-9878.7574,557989.4742,OK,0.0000,395.1503,4.0000,96.0000,AG03-UNRESOLVED,ALL5_LEVELS_bet23_to_bet27,395.1503,395.1503,395.1503,0.0000,0.0000,4.000000,4.000000,4.000000,0.000000,0.000000,96.000000,96.000000,96.000000,100.000000,100.000000,5.0,1185.4509,1138.6651,8693.3065,8740.0923,PENDING_AG03,FALSE,NOT_FOR_ENFORCEMENT,9483.6071,484680.3568,9878.7574,9483.6071,395.1503,0.01770420,0.01699603,395.1503,9483.6071,0.01699603,395.1503,395.1503,395.1503,0.0000,0.0000,9483.6071,0.01699603,1185.4509,1138.6651,8693.3065,8740.0923,0.01557970,0.01566354,0.00070817,22.4534,20.6030,0.4031,82.3230,2.6463,4649.9123,204.2083,25.9152,21.1137,12.8578,14.5296,26.176,48.8436,54.2173,102.8621,13.088,0.0,3.731508,7.079487,1.545355,30,207,63,6,0.32204186,0.01770420,-0.00338982,0E-8,0.000000,0.904812,0.002133,0.03111404,2026-03-21,2026-08-06,120,3733,1703,139,0.863309,1.227414,1.154177,1.073473,,,,,,,,GLOBAL_BASELINE_NO_ENTITY_RANKING,,,NOT_APPLICABLE_GLOBAL_BASELINE,HF9g-P5,,,,X 全窗基线 · 不参与实体赏罚,15053738,1506,A168_HF9F_20260827_0900,2026-08-27 09:00:00
2026-07-13,127529701,2160,0,69.7080009294,17.5560891230,17.5560891230,0.6000000,5,5,0.50128862000000000,0.501288620000,0.4414521777673877,0.4414521777673877,0.4414521777673877,0E-17,ELIGIBLE,R03b_20260811_FULL_v1,L1_ELIGIBILITY,v2026-08-11,2026-03-21..2026-08-06,baccarat_bet02_101_all_pairs_incl_sentinel,round_win = game_pnl > 0 (decisive only),COMPATIBILITY_ONLY_NOT_PRODUCTION,557989.4742,504875.3716,9878.7574,24851,24505,-0.01770420,0.00338982,-0.02772422,-0.01770420,-9878.7574,557989.4742,OK,0.0000,395.1503,4.0000,96.0000,AG03-UNRESOLVED,ALL5_LEVELS_bet23_to_bet27,395.1503,395.1503,395.1503,0.0000,0.0000,4.000000,4.000000,4.000000,0.000000,0.000000,96.000000,96.000000,96.000000,100.000000,100.000000,5.0,1185.4509,1138.6651,8693.3065,8740.0923,PENDING_AG03,FALSE,NOT_FOR_ENFORCEMENT,9483.6071,484680.3568,9878.7574,9483.6071,395.1503,0.01770420,0.01699603,395.1503,9483.6071,0.01699603,395.1503,395.1503,395.1503,0.0000,0.0000,9483.6071,0.01699603,1185.4509,1138.6651,8693.3065,8740.0923,0.01557970,0.01566354,0.00070817,22.4534,20.6030,0.4031,82.3230,2.6463,4649.9123,204.2083,25.9152,21.1137,12.8578,14.5296,26.176,48.8436,54.2173,102.8621,13.088,0.0,3.731508,7.079487,1.545355,30,207,63,6,0.32204186,0.01770420,-0.00338982,0E-8,0.000000,0.904812,0.002133,0.03111404,2026-03-21,2026-08-06,120,3733,1703,139,0.863309,1.227414,1.154177,1.073473,,,,,,,,GLOBAL_BASELINE_NO_ENTITY_RANKING,,,NOT_APPLICABLE_GLOBAL_BASELINE,HF9g-P5,,,,X 全窗基线 · 不参与实体赏罚,15053739,1506,A168_HF9F_20260827_0900,2026-08-27 09:00:00
2026-07-13,127529701,2188,0,286.0609815917,-38.5846694032,-38.5846694032,0.5333333,17,17,0.49955382941176471,0.499553829412,0.26165501643717065,0.26165501643534794,0.26165501643717065,-2.3529E-13,ELIGIBLE,R03b_20260811_FULL_v1,L1_ELIGIBILITY,v2026-08-11,2026-03-21..2026-08-06,baccarat_bet02_101_all_pairs_incl_sentinel,round_win = game_pnl > 0 (decisive only),COMPATIBILITY_ONLY_NOT_PRODUCTION,557989.4742,504875.3716,9878.7574,24851,24505,-0.01770420,0.00338982,-0.02772422,-0.01770420,-9878.7574,557989.4742,OK,0.0000,395.1503,4.0000,96.0000,AG03-UNRESOLVED,ALL5_LEVELS_bet23_to_bet27,395.1503,395.1503,395.1503,0.0000,0.0000,4.000000,4.000000,4.000000,0.000000,0.000000,96.000000,96.000000,96.000000,100.000000,100.000000,5.0,1185.4509,1138.6651,8693.3065,8740.0923,PENDING_AG03,FALSE,NOT_FOR_ENFORCEMENT,9483.6071,484680.3568,9878.7574,9483.6071,395.1503,0.01770420,0.01699603,395.1503,9483.6071,0.01699603,395.1503,395.1503,395.1503,0.0000,0.0000,9483.6071,0.01699603,1185.4509,1138.6651,8693.3065,8740.0923,0.01557970,0.01566354,0.00070817,22.4534,20.6030,0.4031,82.3230,2.6463,4649.9123,204.2083,25.9152,21.1137,12.8578,14.5296,26.176,48.8436,54.2173,102.8621,13.088,0.0,3.731508,7.079487,1.545355,30,207,63,6,0.32204186,0.01770420,-0.00338982,0E-8,0.000000,0.904812,0.002133,0.03111404,2026-03-21,2026-08-06,120,3733,1703,139,0.863309,1.227414,1.154177,1.073473,,,,,,,,GLOBAL_BASELINE_NO_ENTITY_RANKING,,,NOT_APPLICABLE_GLOBAL_BASELINE,HF9g-P5,,,,X 全窗基线 · 不参与实体赏罚,15053740,1506,A168_HF9F_20260827_0900,2026-08-27 09:00:00
2026-07-13,127529701,2216,0,67.1262231172,33.5631115587,33.5631115587,0.6666667,3,3,0.50665070000000000,0.506650700000,0.5543606114942035,0.5543606114942035,0.5543606114942035,0E-17,ELIGIBLE,R03b_20260811_FULL_v1,L1_ELIGIBILITY,v2026-08-11,2026-03-21..2026-08-06,baccarat_bet02_101_all_pairs_incl_sentinel,round_win = game_pnl > 0 (decisive only),COMPATIBILITY_ONLY_NOT_PRODUCTION,557989.4742,504875.3716,9878.7574,24851,24505,-0.01770420,0.00338982,-0.02772422,-0.01770420,-9878.7574,557989.4742,OK,0.0000,395.1503,4.0000,96.0000,AG03-UNRESOLVED,ALL5_LEVELS_bet23_to_bet27,395.1503,395.1503,395.1503,0.0000,0.0000,4.000000,4.000000,4.000000,0.000000,0.000000,96.000000,96.000000,96.000000,100.000000,100.000000,5.0,1185.4509,1138.6651,8693.3065,8740.0923,PENDING_AG03,FALSE,NOT_FOR_ENFORCEMENT,9483.6071,484680.3568,9878.7574,9483.6071,395.1503,0.01770420,0.01699603,395.1503,9483.6071,0.01699603,395.1503,395.1503,395.1503,0.0000,0.0000,9483.6071,0.01699603,1185.4509,1138.6651,8693.3065,8740.0923,0.01557970,0.01566354,0.00070817,22.4534,20.6030,0.4031,82.3230,2.6463,4649.9123,204.2083,25.9152,21.1137,12.8578,14.5296,26.176,48.8436,54.2173,102.8621,13.088,0.0,3.731508,7.079487,1.545355,30,207,63,6,0.32204186,0.01770420,-0.00338982,0E-8,0.000000,0.904812,0.002133,0.03111404,2026-03-21,2026-08-06,120,3733,1703,139,0.863309,1.227414,1.154177,1.073473,,,,,,,,GLOBAL_BASELINE_NO_ENTITY_RANKING,,,NOT_APPLICABLE_GLOBAL_BASELINE,HF9g-P5,,,,X 全窗基线 · 不参与实体赏罚,15053741,1506,A168_HF9F_20260827_0900,2026-08-27 09:00:00
2026-07-13,127529701,2223,0,332.5329822115,30.3746159605,30.3746159605,0.5000000,19,19,0.49959533157894737,0.499595331579,0.0032373484286951104,0.00323734842827407,0.0032373484286951104,-5.263E-14,ELIGIBLE,R03b_20260811_FULL_v1,L1_ELIGIBILITY,v2026-08-11,2026-03-21..2026-08-06,baccarat_bet02_101_all_pairs_incl_sentinel,round_win = game_pnl > 0 (decisive only),COMPATIBILITY_ONLY_NOT_PRODUCTION,557989.4742,504875.3716,9878.7574,24851,24505,-0.01770420,0.00338982,-0.02772422,-0.01770420,-9878.7574,557989.4742,OK,0.0000,395.1503,4.0000,96.0000,AG03-UNRESOLVED,ALL5_LEVELS_bet23_to_bet27,395.1503,395.1503,395.1503,0.0000,0.0000,4.000000,4.000000,4.000000,0.000000,0.000000,96.000000,96.000000,96.000000,100.000000,100.000000,5.0,1185.4509,1138.6651,8693.3065,8740.0923,PENDING_AG03,FALSE,NOT_FOR_ENFORCEMENT,9483.6071,484680.3568,9878.7574,9483.6071,395.1503,0.01770420,0.01699603,395.1503,9483.6071,0.01699603,395.1503,395.1503,395.1503,0.0000,0.0000,9483.6071,0.01699603,1185.4509,1138.6651,8693.3065,8740.0923,0.01557970,0.01566354,0.00070817,22.4534,20.6030,0.4031,82.3230,2.6463,4649.9123,204.2083,25.9152,21.1137,12.8578,14.5296,26.176,48.8436,54.2173,102.8621,13.088,0.0,3.731508,7.079487,1.545355,30,207,63,6,0.32204186,0.01770420,-0.00338982,0E-8,0.000000,0.904812,0.002133,0.03111404,2026-03-21,2026-08-06,120,3733,1703,139,0.863309,1.227414,1.154177,1.073473,,,,,,,,GLOBAL_BASELINE_NO_ENTITY_RANKING,,,NOT_APPLICABLE_GLOBAL_BASELINE,HF9g-P5,,,,X 全窗基线 · 不参与实体赏罚,15053742,1506,A168_HF9F_20260827_0900,2026-08-27 09:00:00
2026-07-13,127529701,2252,0,249.9160922210,-14.1352335217,-14.1352335217,0.3636364,12,12,0.49994810000000000,0.499948100000,-0.9041897729511212,-0.9041897729511212,-0.9041897729511212,0E-17,ELIGIBLE,R03b_20260811_FULL_v1,L1_ELIGIBILITY,v2026-08-11,2026-03-21..2026-08-06,baccarat_bet02_101_all_pairs_incl_sentinel,round_win = game_pnl > 0 (decisive only),COMPATIBILITY_ONLY_NOT_PRODUCTION,557989.4742,504875.3716,9878.7574,24851,24505,-0.01770420,0.00338982,-0.02772422,-0.01770420,-9878.7574,557989.4742,OK,0.0000,395.1503,4.0000,96.0000,AG03-UNRESOLVED,ALL5_LEVELS_bet23_to_bet27,395.1503,395.1503,395.1503,0.0000,0.0000,4.000000,4.000000,4.000000,0.000000,0.000000,96.000000,96.000000,96.000000,100.000000,100.000000,5.0,1185.4509,1138.6651,8693.3065,8740.0923,PENDING_AG03,FALSE,NOT_FOR_ENFORCEMENT,9483.6071,484680.3568,9878.7574,9483.6071,395.1503,0.01770420,0.01699603,395.1503,9483.6071,0.01699603,395.1503,395.1503,395.1503,0.0000,0.0000,9483.6071,0.01699603,1185.4509,1138.6651,8693.3065,8740.0923,0.01557970,0.01566354,0.00070817,22.4534,20.6030,0.4031,82.3230,2.6463,4649.9123,204.2083,25.9152,21.1137,12.8578,14.5296,26.176,48.8436,54.2173,102.8621,13.088,0.0,3.731508,7.079487,1.545355,30,207,63,6,0.32204186,0.01770420,-0.00338982,0E-8,0.000000,0.904812,0.002133,0.03111404,2026-03-21,2026-08-06,120,3733,1703,139,0.863309,1.227414,1.154177,1.073473,,,,,,,,GLOBAL_BASELINE_NO_ENTITY_RANKING,,,NOT_APPLICABLE_GLOBAL_BASELINE,HF9g-P5,,,,X 全窗基线 · 不参与实体赏罚,15053743,1506,A168_HF9F_20260827_0900,2026-08-27 09:00:00
2026-07-13,127529701,2258,0,341.5692045540,26.6310381330,26.6310381330,0.4666667,17,17,0.50270799411764706,0.502707994118,-0.27917901658481253,-0.2791790165875475,-0.27917901658481253,-3.5294E-13,ELIGIBLE,R03b_20260811_FULL_v1,L1_ELIGIBILITY,v2026-08-11,2026-03-21..2026-08-06,baccarat_bet02_101_all_pairs_incl_sentinel,round_win = game_pnl > 0 (decisive only),COMPATIBILITY_ONLY_NOT_PRODUCTION,557989.4742,504875.3716,9878.7574,24851,24505,-0.01770420,0.00338982,-0.02772422,-0.01770420,-9878.7574,557989.4742,OK,0.0000,395.1503,4.0000,96.0000,AG03-UNRESOLVED,ALL5_LEVELS_bet23_to_bet27,395.1503,395.1503,395.1503,0.0000,0.0000,4.000000,4.000000,4.000000,0.000000,0.000000,96.000000,96.000000,96.000000,100.000000,100.000000,5.0,1185.4509,1138.6651,8693.3065,8740.0923,PENDING_AG03,FALSE,NOT_FOR_ENFORCEMENT,9483.6071,484680.3568,9878.7574,9483.6071,395.1503,0.01770420,0.01699603,395.1503,9483.6071,0.01699603,395.1503,395.1503,395.1503,0.0000,0.0000,9483.6071,0.01699603,1185.4509,1138.6651,8693.3065,8740.0923,0.01557970,0.01566354,0.00070817,22.4534,20.6030,0.4031,82.3230,2.6463,4649.9123,204.2083,25.9152,21.1137,12.8578,14.5296,26.176,48.8436,54.2173,102.8621,13.088,0.0,3.731508,7.079487,1.545355,30,207,63,6,0.32204186,0.01770420,-0.00338982,0E-8,0.000000,0.904812,0.002133,0.03111404,2026-03-21,2026-08-06,120,3733,1703,139,0.863309,1.227414,1.154177,1.073473,,,,,,,,GLOBAL_BASELINE_NO_ENTITY_RANKING,,,NOT_APPLICABLE_GLOBAL_BASELINE,HF9g-P5,,,,X 全窗基线 · 不参与实体赏罚,15053744,1506,A168_HF9F_20260827_0900,2026-08-27 09:00:00
2026-07-13,127529701,2287,0,186.1461802597,63.7699119614,63.7699119614,0.7000000,10,10,0.49994810000000000,0.499948100000,1.2652393153045998,1.2652393153045998,1.2652393153045998,0E-17,ELIGIBLE,R03b_20260811_FULL_v1,L1_ELIGIBILITY,v2026-08-11,2026-03-21..2026-08-06,baccarat_bet02_101_all_pairs_incl_sentinel,round_win = game_pnl > 0 (decisive only),COMPATIBILITY_ONLY_NOT_PRODUCTION,557989.4742,504875.3716,9878.7574,24851,24505,-0.01770420,0.00338982,-0.02772422,-0.01770420,-9878.7574,557989.4742,OK,0.0000,395.1503,4.0000,96.0000,AG03-UNRESOLVED,ALL5_LEVELS_bet23_to_bet27,395.1503,395.1503,395.1503,0.0000,0.0000,4.000000,4.000000,4.000000,0.000000,0.000000,96.000000,96.000000,96.000000,100.000000,100.000000,5.0,1185.4509,1138.6651,8693.3065,8740.0923,PENDING_AG03,FALSE,NOT_FOR_ENFORCEMENT,9483.6071,484680.3568,9878.7574,9483.6071,395.1503,0.01770420,0.01699603,395.1503,9483.6071,0.01699603,395.1503,395.1503,395.1503,0.0000,0.0000,9483.6071,0.01699603,1185.4509,1138.6651,8693.3065,8740.0923,0.01557970,0.01566354,0.00070817,22.4534,20.6030,0.4031,82.3230,2.6463,4649.9123,204.2083,25.9152,21.1137,12.8578,14.5296,26.176,48.8436,54.2173,102.8621,13.088,0.0,3.731508,7.079487,1.545355,30,207,63,6,0.32204186,0.01770420,-0.00338982,0E-8,0.000000,0.904812,0.002133,0.03111404,2026-03-21,2026-08-06,120,3733,1703,139,0.863309,1.227414,1.154177,1.073473,,,,,,,,GLOBAL_BASELINE_NO_ENTITY_RANKING,,,NOT_APPLICABLE_GLOBAL_BASELINE,HF9g-P5,,,,X 全窗基线 · 不参与实体赏罚,15053745,1506,A168_HF9F_20260827_0900,2026-08-27 09:00:00
2026-07-13,127529701,526,0,203.1859138202,-10.8692845892,-10.8692845892,0.3846154,13,13,0.50149485384615385,0.501494853846,-0.8428336055012832,-0.8428336055001728,-0.8428336055012832,1.5385E-13,ELIGIBLE,R03b_20260811_FULL_v1,L1_ELIGIBILITY,v2026-08-11,2026-03-21..2026-08-06,baccarat_bet02_101_all_pairs_incl_sentinel,round_win = game_pnl > 0 (decisive only),COMPATIBILITY_ONLY_NOT_PRODUCTION,557989.4742,504875.3716,9878.7574,24851,24505,-0.01770420,0.00338982,-0.02772422,-0.01770420,-9878.7574,557989.4742,OK,0.0000,395.1503,4.0000,96.0000,AG03-UNRESOLVED,ALL5_LEVELS_bet23_to_bet27,395.1503,395.1503,395.1503,0.0000,0.0000,4.000000,4.000000,4.000000,0.000000,0.000000,96.000000,96.000000,96.000000,100.000000,100.000000,5.0,1185.4509,1138.6651,8693.3065,8740.0923,PENDING_AG03,FALSE,NOT_FOR_ENFORCEMENT,9483.6071,484680.3568,9878.7574,9483.6071,395.1503,0.01770420,0.01699603,395.1503,9483.6071,0.01699603,395.1503,395.1503,395.1503,0.0000,0.0000,9483.6071,0.01699603,1185.4509,1138.6651,8693.3065,8740.0923,0.01557970,0.01566354,0.00070817,22.4534,20.6030,0.4031,82.3230,2.6463,4649.9123,204.2083,25.9152,21.1137,12.8578,14.5296,26.176,48.8436,54.2173,102.8621,13.088,0.0,3.731508,7.079487,1.545355,30,207,63,6,0.32204186,0.01770420,-0.00338982,0E-8,0.000000,0.904812,0.002133,0.03111404,2026-03-21,2026-08-06,120,3733,1703,139,0.863309,1.227414,1.154177,1.073473,,,,,,,,GLOBAL_BASELINE_NO_ENTITY_RANKING,,,NOT_APPLICABLE_GLOBAL_BASELINE,HF9g-P5,,,,X 全窗基线 · 不参与实体赏罚,15053746,1506,A168_HF9F_20260827_0900,2026-08-27 09:00:00
2026-07-13,127529701,529,0,330.7257377429,191.4259158857,191.4259158857,0.7500000,20,20,0.49994810000000000,0.499948100000,2.2365321972606096,2.2365321972606096,2.2365321972606096,0E-17,ELIGIBLE,R03b_20260811_FULL_v1,L1_ELIGIBILITY,v2026-08-11,2026-03-21..2026-08-06,baccarat_bet02_101_all_pairs_incl_sentinel,round_win = game_pnl > 0 (decisive only),COMPATIBILITY_ONLY_NOT_PRODUCTION,557989.4742,504875.3716,9878.7574,24851,24505,-0.01770420,0.00338982,-0.02772422,-0.01770420,-9878.7574,557989.4742,OK,0.0000,395.1503,4.0000,96.0000,AG03-UNRESOLVED,ALL5_LEVELS_bet23_to_bet27,395.1503,395.1503,395.1503,0.0000,0.0000,4.000000,4.000000,4.000000,0.000000,0.000000,96.000000,96.000000,96.000000,100.000000,100.000000,5.0,1185.4509,1138.6651,8693.3065,8740.0923,PENDING_AG03,FALSE,NOT_FOR_ENFORCEMENT,9483.6071,484680.3568,9878.7574,9483.6071,395.1503,0.01770420,0.01699603,395.1503,9483.6071,0.01699603,395.1503,395.1503,395.1503,0.0000,0.0000,9483.6071,0.01699603,1185.4509,1138.6651,8693.3065,8740.0923,0.01557970,0.01566354,0.00070817,22.4534,20.6030,0.4031,82.3230,2.6463,4649.9123,204.2083,25.9152,21.1137,12.8578,14.5296,26.176,48.8436,54.2173,102.8621,13.088,0.0,3.731508,7.079487,1.545355,30,207,63,6,0.32204186,0.01770420,-0.00338982,0E-8,0.000000,0.904812,0.002133,0.03111404,2026-03-21,2026-08-06,120,3733,1703,139,0.863309,1.227414,1.154177,1.073473,,,,,,,,GLOBAL_BASELINE_NO_ENTITY_RANKING,,,NOT_APPLICABLE_GLOBAL_BASELINE,HF9g-P5,,,,X 全窗基线 · 不参与实体赏罚,15053747,1506,A168_HF9F_20260827_0900,2026-08-27 09:00:00
2026-07-13,127529701,550,0,25.8177781220,0E-10,0E-10,0.5000000,2,2,0.49994810000000000,0.499948100000,0.00014679536856514622,0.00014679536856514622,0.00014679536856514622,0E-17,ELIGIBLE,R03b_20260811_FULL_v1,L1_ELIGIBILITY,v2026-08-11,2026-03-21..2026-08-06,baccarat_bet02_101_all_pairs_incl_sentinel,round_win = game_pnl > 0 (decisive only),COMPATIBILITY_ONLY_NOT_PRODUCTION,557989.4742,504875.3716,9878.7574,24851,24505,-0.01770420,0.00338982,-0.02772422,-0.01770420,-9878.7574,557989.4742,OK,0.0000,395.1503,4.0000,96.0000,AG03-UNRESOLVED,ALL5_LEVELS_bet23_to_bet27,395.1503,395.1503,395.1503,0.0000,0.0000,4.000000,4.000000,4.000000,0.000000,0.000000,96.000000,96.000000,96.000000,100.000000,100.000000,5.0,1185.4509,1138.6651,8693.3065,8740.0923,PENDING_AG03,FALSE,NOT_FOR_ENFORCEMENT,9483.6071,484680.3568,9878.7574,9483.6071,395.1503,0.01770420,0.01699603,395.1503,9483.6071,0.01699603,395.1503,395.1503,395.1503,0.0000,0.0000,9483.6071,0.01699603,1185.4509,1138.6651,8693.3065,8740.0923,0.01557970,0.01566354,0.00070817,22.4534,20.6030,0.4031,82.3230,2.6463,4649.9123,204.2083,25.9152,21.1137,12.8578,14.5296,26.176,48.8436,54.2173,102.8621,13.088,0.0,3.731508,7.079487,1.545355,30,207,63,6,0.32204186,0.01770420,-0.00338982,0E-8,0.000000,0.904812,0.002133,0.03111404,2026-03-21,2026-08-06,120,3733,1703,139,0.863309,1.227414,1.154177,1.073473,,,,,,,,GLOBAL_BASELINE_NO_ENTITY_RANKING,,,NOT_APPLICABLE_GLOBAL_BASELINE,HF9g-P5,,,,X 全窗基线 · 不参与实体赏罚,15053748,1506,A168_HF9F_20260827_0900,2026-08-27 09:00:00
2026-07-13,127529701,583,0,160.8447577001,62.4790230553,62.4790230553,0.6250000,9,9,0.49771390000000000,0.497713900000,0.7200464420157047,0.7200464420157048,0.7200464420157047,0E-17,ELIGIBLE,R03b_20260811_FULL_v1,L1_ELIGIBILITY,v2026-08-11,2026-03-21..2026-08-06,baccarat_bet02_101_all_pairs_incl_sentinel,round_win = game_pnl > 0 (decisive only),COMPATIBILITY_ONLY_NOT_PRODUCTION,557989.4742,504875.3716,9878.7574,24851,24505,-0.01770420,0.00338982,-0.02772422,-0.01770420,-9878.7574,557989.4742,OK,0.0000,395.1503,4.0000,96.0000,AG03-UNRESOLVED,ALL5_LEVELS_bet23_to_bet27,395.1503,395.1503,395.1503,0.0000,0.0000,4.000000,4.000000,4.000000,0.000000,0.000000,96.000000,96.000000,96.000000,100.000000,100.000000,5.0,1185.4509,1138.6651,8693.3065,8740.0923,PENDING_AG03,FALSE,NOT_FOR_ENFORCEMENT,9483.6071,484680.3568,9878.7574,9483.6071,395.1503,0.01770420,0.01699603,395.1503,9483.6071,0.01699603,395.1503,395.1503,395.1503,0.0000,0.0000,9483.6071,0.01699603,1185.4509,1138.6651,8693.3065,8740.0923,0.01557970,0.01566354,0.00070817,22.4534,20.6030,0.4031,82.3230,2.6463,4649.9123,204.2083,25.9152,21.1137,12.8578,14.5296,26.176,48.8436,54.2173,102.8621,13.088,0.0,3.731508,7.079487,1.545355,30,207,63,6,0.32204186,0.01770420,-0.00338982,0E-8,0.000000,0.904812,0.002133,0.03111404,2026-03-21,2026-08-06,120,3733,1703,139,0.863309,1.227414,1.154177,1.073473,,,,,,,,GLOBAL_BASELINE_NO_ENTITY_RANKING,,,NOT_APPLICABLE_GLOBAL_BASELINE,HF9g-P5,,,,X 全窗基线 · 不参与实体赏罚,15053749,1506,A168_HF9F_20260827_0900,2026-08-27 09:00:00
2026-07-13,127529701,789,0,5.1635556244,4.9053778432,4.9053778432,1.0000000,1,1,0.50665070000000000,0.506650700000,0.9867858985152569,0.9867858985152569,0.9867858985152569,0E-17,ELIGIBLE,R03b_20260811_FULL_v1,L1_ELIGIBILITY,v2026-08-11,2026-03-21..2026-08-06,baccarat_bet02_101_all_pairs_incl_sentinel,round_win = game_pnl > 0 (decisive only),COMPATIBILITY_ONLY_NOT_PRODUCTION,557989.4742,504875.3716,9878.7574,24851,24505,-0.01770420,0.00338982,-0.02772422,-0.01770420,-9878.7574,557989.4742,OK,0.0000,395.1503,4.0000,96.0000,AG03-UNRESOLVED,ALL5_LEVELS_bet23_to_bet27,395.1503,395.1503,395.1503,0.0000,0.0000,4.000000,4.000000,4.000000,0.000000,0.000000,96.000000,96.000000,96.000000,100.000000,100.000000,5.0,1185.4509,1138.6651,8693.3065,8740.0923,PENDING_AG03,FALSE,NOT_FOR_ENFORCEMENT,9483.6071,484680.3568,9878.7574,9483.6071,395.1503,0.01770420,0.01699603,395.1503,9483.6071,0.01699603,395.1503,395.1503,395.1503,0.0000,0.0000,9483.6071,0.01699603,1185.4509,1138.6651,8693.3065,8740.0923,0.01557970,0.01566354,0.00070817,22.4534,20.6030,0.4031,82.3230,2.6463,4649.9123,204.2083,25.9152,21.1137,12.8578,14.5296,26.176,48.8436,54.2173,102.8621,13.088,0.0,3.731508,7.079487,1.545355,30,207,63,6,0.32204186,0.01770420,-0.00338982,0E-8,0.000000,0.904812,0.002133,0.03111404,2026-03-21,2026-08-06,120,3733,1703,139,0.863309,1.227414,1.154177,1.073473,,,,,,,,GLOBAL_BASELINE_NO_ENTITY_RANKING,,,NOT_APPLICABLE_GLOBAL_BASELINE,HF9g-P5,,,,X 全窗基线 · 不参与实体赏罚,15053750,1506,A168_HF9F_20260827_0900,2026-08-27 09:00:00
2026-07-13,127529701,925,0,38.7266671830,0E-10,0E-10,,1,1,0.49324550000000000,0.493245500000,,,,0E-17,NO_DECISIVE_ROUND,R03b_20260811_FULL_v1,L1_ELIGIBILITY,v2026-08-11,2026-03-21..2026-08-06,baccarat_bet02_101_all_pairs_incl_sentinel,round_win = game_pnl > 0 (decisive only),COMPATIBILITY_ONLY_NOT_PRODUCTION,557989.4742,504875.3716,9878.7574,24851,24505,-0.01770420,0.00338982,-0.02772422,-0.01770420,-9878.7574,557989.4742,OK,0.0000,395.1503,4.0000,96.0000,AG03-UNRESOLVED,ALL5_LEVELS_bet23_to_bet27,395.1503,395.1503,395.1503,0.0000,0.0000,4.000000,4.000000,4.000000,0.000000,0.000000,96.000000,96.000000,96.000000,100.000000,100.000000,5.0,1185.4509,1138.6651,8693.3065,8740.0923,PENDING_AG03,FALSE,NOT_FOR_ENFORCEMENT,9483.6071,484680.3568,9878.7574,9483.6071,395.1503,0.01770420,0.01699603,395.1503,9483.6071,0.01699603,395.1503,395.1503,395.1503,0.0000,0.0000,9483.6071,0.01699603,1185.4509,1138.6651,8693.3065,8740.0923,0.01557970,0.01566354,0.00070817,22.4534,20.6030,0.4031,82.3230,2.6463,4649.9123,204.2083,25.9152,21.1137,12.8578,14.5296,26.176,48.8436,54.2173,102.8621,13.088,0.0,3.731508,7.079487,1.545355,30,207,63,6,0.32204186,0.01770420,-0.00338982,0E-8,0.000000,0.904812,0.002133,0.03111404,2026-03-21,2026-08-06,120,3733,1703,139,0.863309,1.227414,1.154177,1.073473,,,,,,,,GLOBAL_BASELINE_NO_ENTITY_RANKING,,,NOT_APPLICABLE_GLOBAL_BASELINE,HF9g-P5,,,,X 全窗基线 · 不参与实体赏罚,15053751,1506,A168_HF9F_20260827_0900,2026-08-27 09:00:00
2026-07-13,127529701,970,0,108.4346681124,-83.2623344434,-83.2623344434,0.1666667,6,6,0.50441650000000000,0.504416500000,-1.6546940571906357,-1.6546940571906357,-1.6546940571906357,0E-17,ELIGIBLE,R03b_20260811_FULL_v1,L1_ELIGIBILITY,v2026-08-11,2026-03-21..2026-08-06,baccarat_bet02_101_all_pairs_incl_sentinel,round_win = game_pnl > 0 (decisive only),COMPATIBILITY_ONLY_NOT_PRODUCTION,557989.4742,504875.3716,9878.7574,24851,24505,-0.01770420,0.00338982,-0.02772422,-0.01770420,-9878.7574,557989.4742,OK,0.0000,395.1503,4.0000,96.0000,AG03-UNRESOLVED,ALL5_LEVELS_bet23_to_bet27,395.1503,395.1503,395.1503,0.0000,0.0000,4.000000,4.000000,4.000000,0.000000,0.000000,96.000000,96.000000,96.000000,100.000000,100.000000,5.0,1185.4509,1138.6651,8693.3065,8740.0923,PENDING_AG03,FALSE,NOT_FOR_ENFORCEMENT,9483.6071,484680.3568,9878.7574,9483.6071,395.1503,0.01770420,0.01699603,395.1503,9483.6071,0.01699603,395.1503,395.1503,395.1503,0.0000,0.0000,9483.6071,0.01699603,1185.4509,1138.6651,8693.3065,8740.0923,0.01557970,0.01566354,0.00070817,22.4534,20.6030,0.4031,82.3230,2.6463,4649.9123,204.2083,25.9152,21.1137,12.8578,14.5296,26.176,48.8436,54.2173,102.8621,13.088,0.0,3.731508,7.079487,1.545355,30,207,63,6,0.32204186,0.01770420,-0.00338982,0E-8,0.000000,0.904812,0.002133,0.03111404,2026-03-21,2026-08-06,120,3733,1703,139,0.863309,1.227414,1.154177,1.073473,,,,,,,,GLOBAL_BASELINE_NO_ENTITY_RANKING,,,NOT_APPLICABLE_GLOBAL_BASELINE,HF9g-P5,,,,X 全窗基线 · 不参与实体赏罚,15053752,1506,A168_HF9F_20260827_0900,2026-08-27 09:00:00
2026-07-14,127529701,-1,1,2464.3069217451,-388.0799318409,-388.0799318409,0.4848485,79,79,0.49833608227848101,0.498336082278,-0.2191487324985607,-0.21914873249074582,-0.2191487324985607,4.8101E-13,SENTINEL_DEALER,R03b_20260811_FULL_v1,L1_ELIGIBILITY,v2026-08-11,2026-03-21..2026-08-06,baccarat_bet02_101_all_pairs_incl_sentinel,round_win = game_pnl > 0 (decisive only),COMPATIBILITY_ONLY_NOT_PRODUCTION,557989.4742,504875.3716,9878.7574,24851,24505,-0.01770420,0.00338982,-0.02772422,-0.01770420,-9878.7574,557989.4742,OK,0.0000,395.1503,4.0000,96.0000,AG03-UNRESOLVED,ALL5_LEVELS_bet23_to_bet27,395.1503,395.1503,395.1503,0.0000,0.0000,4.000000,4.000000,4.000000,0.000000,0.000000,96.000000,96.000000,96.000000,100.000000,100.000000,5.0,1185.4509,1138.6651,8693.3065,8740.0923,PENDING_AG03,FALSE,NOT_FOR_ENFORCEMENT,9483.6071,484680.3568,9878.7574,9483.6071,395.1503,0.01770420,0.01699603,395.1503,9483.6071,0.01699603,395.1503,395.1503,395.1503,0.0000,0.0000,9483.6071,0.01699603,1185.4509,1138.6651,8693.3065,8740.0923,0.01557970,0.01566354,0.00070817,22.4534,20.6030,0.4031,82.3230,2.6463,4649.9123,204.2083,25.9152,21.1137,12.8578,14.5296,26.176,48.8436,54.2173,102.8621,13.088,0.0,3.731508,7.079487,1.545355,30,207,63,6,0.32204186,0.01770420,-0.00338982,0E-8,0.000000,0.904812,0.002133,0.03111404,2026-03-21,2026-08-06,120,3733,1703,139,0.863309,1.227414,1.154177,1.073473,,,,,,,,GLOBAL_BASELINE_NO_ENTITY_RANKING,,,NOT_APPLICABLE_GLOBAL_BASELINE,HF9g-P5,,,,X 全窗基线 · 不参与实体赏罚,15053753,1506,A168_HF9F_20260827_0900,2026-08-27 09:00:00
2026-07-14,127529701,1017,0,318.8495598067,-52.2810006970,-52.2810006970,0.5000000,11,11,0.49933877272727273,0.499338772727,0.00418197212257692,0.0041819721243018205,0.00418197212257692,2.7273E-13,ELIGIBLE,R03b_20260811_FULL_v1,L1_ELIGIBILITY,v2026-08-11,2026-03-21..2026-08-06,baccarat_bet02_101_all_pairs_incl_sentinel,round_win = game_pnl > 0 (decisive only),COMPATIBILITY_ONLY_NOT_PRODUCTION,557989.4742,504875.3716,9878.7574,24851,24505,-0.01770420,0.00338982,-0.02772422,-0.01770420,-9878.7574,557989.4742,OK,0.0000,395.1503,4.0000,96.0000,AG03-UNRESOLVED,ALL5_LEVELS_bet23_to_bet27,395.1503,395.1503,395.1503,0.0000,0.0000,4.000000,4.000000,4.000000,0.000000,0.000000,96.000000,96.000000,96.000000,100.000000,100.000000,5.0,1185.4509,1138.6651,8693.3065,8740.0923,PENDING_AG03,FALSE,NOT_FOR_ENFORCEMENT,9483.6071,484680.3568,9878.7574,9483.6071,395.1503,0.01770420,0.01699603,395.1503,9483.6071,0.01699603,395.1503,395.1503,395.1503,0.0000,0.0000,9483.6071,0.01699603,1185.4509,1138.6651,8693.3065,8740.0923,0.01557970,0.01566354,0.00070817,22.4534,20.6030,0.4031,82.3230,2.6463,4649.9123,204.2083,25.9152,21.1137,12.8578,14.5296,26.176,48.8436,54.2173,102.8621,13.088,0.0,3.731508,7.079487,1.545355,30,207,63,6,0.32204186,0.01770420,-0.00338982,0E-8,0.000000,0.904812,0.002133,0.03111404,2026-03-21,2026-08-06,120,3733,1703,139,0.863309,1.227414,1.154177,1.073473,,,,,,,,GLOBAL_BASELINE_NO_ENTITY_RANKING,,,NOT_APPLICABLE_GLOBAL_BASELINE,HF9g-P5,,,,X 全窗基线 · 不参与实体赏罚,15053754,1506,A168_HF9F_20260827_0900,2026-08-27 09:00:00
2026-07-14,127529701,1094,0,72.2897787416,-6.8417112023,-6.8417112023,0.5000000,2,2,0.49994810000000000,0.499948100000,0.00014679536856514622,0.00014679536856514622,0.00014679536856514622,0E-17,ELIGIBLE,R03b_20260811_FULL_v1,L1_ELIGIBILITY,v2026-08-11,2026-03-21..2026-08-06,baccarat_bet02_101_all_pairs_incl_sentinel,round_win = game_pnl > 0 (decisive only),COMPATIBILITY_ONLY_NOT_PRODUCTION,557989.4742,504875.3716,9878.7574,24851,24505,-0.01770420,0.00338982,-0.02772422,-0.01770420,-9878.7574,557989.4742,OK,0.0000,395.1503,4.0000,96.0000,AG03-UNRESOLVED,ALL5_LEVELS_bet23_to_bet27,395.1503,395.1503,395.1503,0.0000,0.0000,4.000000,4.000000,4.000000,0.000000,0.000000,96.000000,96.000000,96.000000,100.000000,100.000000,5.0,1185.4509,1138.6651,8693.3065,8740.0923,PENDING_AG03,FALSE,NOT_FOR_ENFORCEMENT,9483.6071,484680.3568,9878.7574,9483.6071,395.1503,0.01770420,0.01699603,395.1503,9483.6071,0.01699603,395.1503,395.1503,395.1503,0.0000,0.0000,9483.6071,0.01699603,1185.4509,1138.6651,8693.3065,8740.0923,0.01557970,0.01566354,0.00070817,22.4534,20.6030,0.4031,82.3230,2.6463,4649.9123,204.2083,25.9152,21.1137,12.8578,14.5296,26.176,48.8436,54.2173,102.8621,13.088,0.0,3.731508,7.079487,1.545355,30,207,63,6,0.32204186,0.01770420,-0.00338982,0E-8,0.000000,0.904812,0.002133,0.03111404,2026-03-21,2026-08-06,120,3733,1703,139,0.863309,1.227414,1.154177,1.073473,,,,,,,,GLOBAL_BASELINE_NO_ENTITY_RANKING,,,NOT_APPLICABLE_GLOBAL_BASELINE,HF9g-P5,,,,X 全窗基线 · 不参与实体赏罚,15053755,1506,A168_HF9F_20260827_0900,2026-08-27 09:00:00
2026-07-14,127529701,1115,0,221.5165362868,12.9088890610,12.9088890610,0.5000000,7,7,0.50090561428571429,0.500905614286,-0.00443659308478647,-0.004436593086186165,-0.00443659308478647,-2.8571E-13,ELIGIBLE,R03b_20260811_FULL_v1,L1_ELIGIBILITY,v2026-08-11,2026-03-21..2026-08-06,baccarat_bet02_101_all_pairs_incl_sentinel,round_win = game_pnl > 0 (decisive only),COMPATIBILITY_ONLY_NOT_PRODUCTION,557989.4742,504875.3716,9878.7574,24851,24505,-0.01770420,0.00338982,-0.02772422,-0.01770420,-9878.7574,557989.4742,OK,0.0000,395.1503,4.0000,96.0000,AG03-UNRESOLVED,ALL5_LEVELS_bet23_to_bet27,395.1503,395.1503,395.1503,0.0000,0.0000,4.000000,4.000000,4.000000,0.000000,0.000000,96.000000,96.000000,96.000000,100.000000,100.000000,5.0,1185.4509,1138.6651,8693.3065,8740.0923,PENDING_AG03,FALSE,NOT_FOR_ENFORCEMENT,9483.6071,484680.3568,9878.7574,9483.6071,395.1503,0.01770420,0.01699603,395.1503,9483.6071,0.01699603,395.1503,395.1503,395.1503,0.0000,0.0000,9483.6071,0.01699603,1185.4509,1138.6651,8693.3065,8740.0923,0.01557970,0.01566354,0.00070817,22.4534,20.6030,0.4031,82.3230,2.6463,4649.9123,204.2083,25.9152,21.1137,12.8578,14.5296,26.176,48.8436,54.2173,102.8621,13.088,0.0,3.731508,7.079487,1.545355,30,207,63,6,0.32204186,0.01770420,-0.00338982,0E-8,0.000000,0.904812,0.002133,0.03111404,2026-03-21,2026-08-06,120,3733,1703,139,0.863309,1.227414,1.154177,1.073473,,,,,,,,GLOBAL_BASELINE_NO_ENTITY_RANKING,,,NOT_APPLICABLE_GLOBAL_BASELINE,HF9g-P5,,,,X 全窗基线 · 不参与实体赏罚,15053756,1506,A168_HF9F_20260827_0900,2026-08-27 09:00:00
2026-07-14,127529701,1299,0,50.3446673379,-25.1723336689,-25.1723336689,0.5000000,2,2,0.49994810000000000,0.499948100000,0.00014679536856514622,0.00014679536856514622,0.00014679536856514622,0E-17,ELIGIBLE,R03b_20260811_FULL_v1,L1_ELIGIBILITY,v2026-08-11,2026-03-21..2026-08-06,baccarat_bet02_101_all_pairs_incl_sentinel,round_win = game_pnl > 0 (decisive only),COMPATIBILITY_ONLY_NOT_PRODUCTION,557989.4742,504875.3716,9878.7574,24851,24505,-0.01770420,0.00338982,-0.02772422,-0.01770420,-9878.7574,557989.4742,OK,0.0000,395.1503,4.0000,96.0000,AG03-UNRESOLVED,ALL5_LEVELS_bet23_to_bet27,395.1503,395.1503,395.1503,0.0000,0.0000,4.000000,4.000000,4.000000,0.000000,0.000000,96.000000,96.000000,96.000000,100.000000,100.000000,5.0,1185.4509,1138.6651,8693.3065,8740.0923,PENDING_AG03,FALSE,NOT_FOR_ENFORCEMENT,9483.6071,484680.3568,9878.7574,9483.6071,395.1503,0.01770420,0.01699603,395.1503,9483.6071,0.01699603,395.1503,395.1503,395.1503,0.0000,0.0000,9483.6071,0.01699603,1185.4509,1138.6651,8693.3065,8740.0923,0.01557970,0.01566354,0.00070817,22.4534,20.6030,0.4031,82.3230,2.6463,4649.9123,204.2083,25.9152,21.1137,12.8578,14.5296,26.176,48.8436,54.2173,102.8621,13.088,0.0,3.731508,7.079487,1.545355,30,207,63,6,0.32204186,0.01770420,-0.00338982,0E-8,0.000000,0.904812,0.002133,0.03111404,2026-03-21,2026-08-06,120,3733,1703,139,0.863309,1.227414,1.154177,1.073473,,,,,,,,GLOBAL_BASELINE_NO_ENTITY_RANKING,,,NOT_APPLICABLE_GLOBAL_BASELINE,HF9g-P5,,,,X 全窗基线 · 不参与实体赏罚,15053757,1506,A168_HF9F_20260827_0900,2026-08-27 09:00:00
2026-07-14,127529701,1306,0,68.1589342421,2.5817778122,2.5817778122,0.5000000,3,3,0.49771390000000000,0.497713900000,0.006466134837551399,0.0064661348375514,0.006466134837551399,0E-17,ELIGIBLE,R03b_20260811_FULL_v1,L1_ELIGIBILITY,v2026-08-11,2026-03-21..2026-08-06,baccarat_bet02_101_all_pairs_incl_sentinel,round_win = game_pnl > 0 (decisive only),COMPATIBILITY_ONLY_NOT_PRODUCTION,557989.4742,504875.3716,9878.7574,24851,24505,-0.01770420,0.00338982,-0.02772422,-0.01770420,-9878.7574,557989.4742,OK,0.0000,395.1503,4.0000,96.0000,AG03-UNRESOLVED,ALL5_LEVELS_bet23_to_bet27,395.1503,395.1503,395.1503,0.0000,0.0000,4.000000,4.000000,4.000000,0.000000,0.000000,96.000000,96.000000,96.000000,100.000000,100.000000,5.0,1185.4509,1138.6651,8693.3065,8740.0923,PENDING_AG03,FALSE,NOT_FOR_ENFORCEMENT,9483.6071,484680.3568,9878.7574,9483.6071,395.1503,0.01770420,0.01699603,395.1503,9483.6071,0.01699603,395.1503,395.1503,395.1503,0.0000,0.0000,9483.6071,0.01699603,1185.4509,1138.6651,8693.3065,8740.0923,0.01557970,0.01566354,0.00070817,22.4534,20.6030,0.4031,82.3230,2.6463,4649.9123,204.2083,25.9152,21.1137,12.8578,14.5296,26.176,48.8436,54.2173,102.8621,13.088,0.0,3.731508,7.079487,1.545355,30,207,63,6,0.32204186,0.01770420,-0.00338982,0E-8,0.000000,0.904812,0.002133,0.03111404,2026-03-21,2026-08-06,120,3733,1703,139,0.863309,1.227414,1.154177,1.073473,,,,,,,,GLOBAL_BASELINE_NO_ENTITY_RANKING,,,NOT_APPLICABLE_GLOBAL_BASELINE,HF9g-P5,,,,X 全窗基线 · 不参与实体赏罚,15053758,1506,A168_HF9F_20260827_0900,2026-08-27 09:00:00
2026-07-14,127529701,1374,0,338.2128933982,150.2594686701,150.2594686701,0.7500000,9,9,0.49771390000000000,0.497713900000,1.4271606143563065,1.4271606143563067,1.4271606143563065,0E-17,ELIGIBLE,R03b_20260811_FULL_v1,L1_ELIGIBILITY,v2026-08-11,2026-03-21..2026-08-06,baccarat_bet02_101_all_pairs_incl_sentinel,round_win = game_pnl > 0 (decisive only),COMPATIBILITY_ONLY_NOT_PRODUCTION,557989.4742,504875.3716,9878.7574,24851,24505,-0.01770420,0.00338982,-0.02772422,-0.01770420,-9878.7574,557989.4742,OK,0.0000,395.1503,4.0000,96.0000,AG03-UNRESOLVED,ALL5_LEVELS_bet23_to_bet27,395.1503,395.1503,395.1503,0.0000,0.0000,4.000000,4.000000,4.000000,0.000000,0.000000,96.000000,96.000000,96.000000,100.000000,100.000000,5.0,1185.4509,1138.6651,8693.3065,8740.0923,PENDING_AG03,FALSE,NOT_FOR_ENFORCEMENT,9483.6071,484680.3568,9878.7574,9483.6071,395.1503,0.01770420,0.01699603,395.1503,9483.6071,0.01699603,395.1503,395.1503,395.1503,0.0000,0.0000,9483.6071,0.01699603,1185.4509,1138.6651,8693.3065,8740.0923,0.01557970,0.01566354,0.00070817,22.4534,20.6030,0.4031,82.3230,2.6463,4649.9123,204.2083,25.9152,21.1137,12.8578,14.5296,26.176,48.8436,54.2173,102.8621,13.088,0.0,3.731508,7.079487,1.545355,30,207,63,6,0.32204186,0.01770420,-0.00338982,0E-8,0.000000,0.904812,0.002133,0.03111404,2026-03-21,2026-08-06,120,3733,1703,139,0.863309,1.227414,1.154177,1.073473,,,,,,,,GLOBAL_BASELINE_NO_ENTITY_RANKING,,,NOT_APPLICABLE_GLOBAL_BASELINE,HF9g-P5,,,,X 全窗基线 · 不参与实体赏罚,15053759,1506,A168_HF9F_20260827_0900,2026-08-27 09:00:00
2026-07-14,127529701,1385,0,527.1990292513,-66.9971342266,-66.9971342266,0.4166667,14,14,0.49803307142857143,0.498033071429,-0.5637273502299791,-0.5637273502329465,-0.5637273502299791,-4.2857E-13,ELIGIBLE,R03b_20260811_FULL_v1,L1_ELIGIBILITY,v2026-08-11,2026-03-21..2026-08-06,baccarat_bet02_101_all_pairs_incl_sentinel,round_win = game_pnl > 0 (decisive only),COMPATIBILITY_ONLY_NOT_PRODUCTION,557989.4742,504875.3716,9878.7574,24851,24505,-0.01770420,0.00338982,-0.02772422,-0.01770420,-9878.7574,557989.4742,OK,0.0000,395.1503,4.0000,96.0000,AG03-UNRESOLVED,ALL5_LEVELS_bet23_to_bet27,395.1503,395.1503,395.1503,0.0000,0.0000,4.000000,4.000000,4.000000,0.000000,0.000000,96.000000,96.000000,96.000000,100.000000,100.000000,5.0,1185.4509,1138.6651,8693.3065,8740.0923,PENDING_AG03,FALSE,NOT_FOR_ENFORCEMENT,9483.6071,484680.3568,9878.7574,9483.6071,395.1503,0.01770420,0.01699603,395.1503,9483.6071,0.01699603,395.1503,395.1503,395.1503,0.0000,0.0000,9483.6071,0.01699603,1185.4509,1138.6651,8693.3065,8740.0923,0.01557970,0.01566354,0.00070817,22.4534,20.6030,0.4031,82.3230,2.6463,4649.9123,204.2083,25.9152,21.1137,12.8578,14.5296,26.176,48.8436,54.2173,102.8621,13.088,0.0,3.731508,7.079487,1.545355,30,207,63,6,0.32204186,0.01770420,-0.00338982,0E-8,0.000000,0.904812,0.002133,0.03111404,2026-03-21,2026-08-06,120,3733,1703,139,0.863309,1.227414,1.154177,1.073473,,,,,,,,GLOBAL_BASELINE_NO_ENTITY_RANKING,,,NOT_APPLICABLE_GLOBAL_BASELINE,HF9g-P5,,,,X 全窗基线 · 不参与实体赏罚,15053760,1506,A168_HF9F_20260827_0900,2026-08-27 09:00:00
2026-07-14,127529701,1405,0,64.5444453050,-64.5444453050,-64.5444453050,0E-7,2,2,0.49994810000000000,0.499948100000,-1.4140667746232096,-1.4140667746232096,-1.4140667746232096,0E-17,ELIGIBLE,R03b_20260811_FULL_v1,L1_ELIGIBILITY,v2026-08-11,2026-03-21..2026-08-06,baccarat_bet02_101_all_pairs_incl_sentinel,round_win = game_pnl > 0 (decisive only),COMPATIBILITY_ONLY_NOT_PRODUCTION,557989.4742,504875.3716,9878.7574,24851,24505,-0.01770420,0.00338982,-0.02772422,-0.01770420,-9878.7574,557989.4742,OK,0.0000,395.1503,4.0000,96.0000,AG03-UNRESOLVED,ALL5_LEVELS_bet23_to_bet27,395.1503,395.1503,395.1503,0.0000,0.0000,4.000000,4.000000,4.000000,0.000000,0.000000,96.000000,96.000000,96.000000,100.000000,100.000000,5.0,1185.4509,1138.6651,8693.3065,8740.0923,PENDING_AG03,FALSE,NOT_FOR_ENFORCEMENT,9483.6071,484680.3568,9878.7574,9483.6071,395.1503,0.01770420,0.01699603,395.1503,9483.6071,0.01699603,395.1503,395.1503,395.1503,0.0000,0.0000,9483.6071,0.01699603,1185.4509,1138.6651,8693.3065,8740.0923,0.01557970,0.01566354,0.00070817,22.4534,20.6030,0.4031,82.3230,2.6463,4649.9123,204.2083,25.9152,21.1137,12.8578,14.5296,26.176,48.8436,54.2173,102.8621,13.088,0.0,3.731508,7.079487,1.545355,30,207,63,6,0.32204186,0.01770420,-0.00338982,0E-8,0.000000,0.904812,0.002133,0.03111404,2026-03-21,2026-08-06,120,3733,1703,139,0.863309,1.227414,1.154177,1.073473,,,,,,,,GLOBAL_BASELINE_NO_ENTITY_RANKING,,,NOT_APPLICABLE_GLOBAL_BASELINE,HF9g-P5,,,,X 全窗基线 · 不参与实体赏罚,15053761,1506,A168_HF9F_20260827_0900,2026-08-27 09:00:00
2026-07-14,127529701,1490,0,12.9088890610,-12.9088890610,-12.9088890610,0E-7,1,1,0.50665070000000000,0.506650700000,-1.013391052207602,-1.013391052207602,-1.013391052207602,0E-17,ELIGIBLE,R03b_20260811_FULL_v1,L1_ELIGIBILITY,v2026-08-11,2026-03-21..2026-08-06,baccarat_bet02_101_all_pairs_incl_sentinel,round_win = game_pnl > 0 (decisive only),COMPATIBILITY_ONLY_NOT_PRODUCTION,557989.4742,504875.3716,9878.7574,24851,24505,-0.01770420,0.00338982,-0.02772422,-0.01770420,-9878.7574,557989.4742,OK,0.0000,395.1503,4.0000,96.0000,AG03-UNRESOLVED,ALL5_LEVELS_bet23_to_bet27,395.1503,395.1503,395.1503,0.0000,0.0000,4.000000,4.000000,4.000000,0.000000,0.000000,96.000000,96.000000,96.000000,100.000000,100.000000,5.0,1185.4509,1138.6651,8693.3065,8740.0923,PENDING_AG03,FALSE,NOT_FOR_ENFORCEMENT,9483.6071,484680.3568,9878.7574,9483.6071,395.1503,0.01770420,0.01699603,395.1503,9483.6071,0.01699603,395.1503,395.1503,395.1503,0.0000,0.0000,9483.6071,0.01699603,1185.4509,1138.6651,8693.3065,8740.0923,0.01557970,0.01566354,0.00070817,22.4534,20.6030,0.4031,82.3230,2.6463,4649.9123,204.2083,25.9152,21.1137,12.8578,14.5296,26.176,48.8436,54.2173,102.8621,13.088,0.0,3.731508,7.079487,1.545355,30,207,63,6,0.32204186,0.01770420,-0.00338982,0E-8,0.000000,0.904812,0.002133,0.03111404,2026-03-21,2026-08-06,120,3733,1703,139,0.863309,1.227414,1.154177,1.073473,,,,,,,,GLOBAL_BASELINE_NO_ENTITY_RANKING,,,NOT_APPLICABLE_GLOBAL_BASELINE,HF9g-P5,,,,X 全窗基线 · 不参与实体赏罚,15053762,1506,A168_HF9F_20260827_0900,2026-08-27 09:00:00
2026-07-14,127529701,1646,0,43.8902228074,18.0724446854,18.0724446854,0.6666667,3,3,0.49324550000000000,0.493245500000,0.6008033672792107,0.6008033672792106,0.6008033672792107,0E-17,ELIGIBLE,R03b_20260811_FULL_v1,L1_ELIGIBILITY,v2026-08-11,2026-03-21..2026-08-06,baccarat_bet02_101_all_pairs_incl_sentinel,round_win = game_pnl > 0 (decisive only),COMPATIBILITY_ONLY_NOT_PRODUCTION,557989.4742,504875.3716,9878.7574,24851,24505,-0.01770420,0.00338982,-0.02772422,-0.01770420,-9878.7574,557989.4742,OK,0.0000,395.1503,4.0000,96.0000,AG03-UNRESOLVED,ALL5_LEVELS_bet23_to_bet27,395.1503,395.1503,395.1503,0.0000,0.0000,4.000000,4.000000,4.000000,0.000000,0.000000,96.000000,96.000000,96.000000,100.000000,100.000000,5.0,1185.4509,1138.6651,8693.3065,8740.0923,PENDING_AG03,FALSE,NOT_FOR_ENFORCEMENT,9483.6071,484680.3568,9878.7574,9483.6071,395.1503,0.01770420,0.01699603,395.1503,9483.6071,0.01699603,395.1503,395.1503,395.1503,0.0000,0.0000,9483.6071,0.01699603,1185.4509,1138.6651,8693.3065,8740.0923,0.01557970,0.01566354,0.00070817,22.4534,20.6030,0.4031,82.3230,2.6463,4649.9123,204.2083,25.9152,21.1137,12.8578,14.5296,26.176,48.8436,54.2173,102.8621,13.088,0.0,3.731508,7.079487,1.545355,30,207,63,6,0.32204186,0.01770420,-0.00338982,0E-8,0.000000,0.904812,0.002133,0.03111404,2026-03-21,2026-08-06,120,3733,1703,139,0.863309,1.227414,1.154177,1.073473,,,,,,,,GLOBAL_BASELINE_NO_ENTITY_RANKING,,,NOT_APPLICABLE_GLOBAL_BASELINE,HF9g-P5,,,,X 全窗基线 · 不参与实体赏罚,15053763,1506,A168_HF9F_20260827_0900,2026-08-27 09:00:00
2026-07-14,127529701,1940,0,12.9088890610,12.9088890610,12.9088890610,1.0000000,1,1,0.49324550000000000,0.493245500000,1.01360149184955,1.01360149184955,1.01360149184955,0E-17,ELIGIBLE,R03b_20260811_FULL_v1,L1_ELIGIBILITY,v2026-08-11,2026-03-21..2026-08-06,baccarat_bet02_101_all_pairs_incl_sentinel,round_win = game_pnl > 0 (decisive only),COMPATIBILITY_ONLY_NOT_PRODUCTION,557989.4742,504875.3716,9878.7574,24851,24505,-0.01770420,0.00338982,-0.02772422,-0.01770420,-9878.7574,557989.4742,OK,0.0000,395.1503,4.0000,96.0000,AG03-UNRESOLVED,ALL5_LEVELS_bet23_to_bet27,395.1503,395.1503,395.1503,0.0000,0.0000,4.000000,4.000000,4.000000,0.000000,0.000000,96.000000,96.000000,96.000000,100.000000,100.000000,5.0,1185.4509,1138.6651,8693.3065,8740.0923,PENDING_AG03,FALSE,NOT_FOR_ENFORCEMENT,9483.6071,484680.3568,9878.7574,9483.6071,395.1503,0.01770420,0.01699603,395.1503,9483.6071,0.01699603,395.1503,395.1503,395.1503,0.0000,0.0000,9483.6071,0.01699603,1185.4509,1138.6651,8693.3065,8740.0923,0.01557970,0.01566354,0.00070817,22.4534,20.6030,0.4031,82.3230,2.6463,4649.9123,204.2083,25.9152,21.1137,12.8578,14.5296,26.176,48.8436,54.2173,102.8621,13.088,0.0,3.731508,7.079487,1.545355,30,207,63,6,0.32204186,0.01770420,-0.00338982,0E-8,0.000000,0.904812,0.002133,0.03111404,2026-03-21,2026-08-06,120,3733,1703,139,0.863309,1.227414,1.154177,1.073473,,,,,,,,GLOBAL_BASELINE_NO_ENTITY_RANKING,,,NOT_APPLICABLE_GLOBAL_BASELINE,HF9g-P5,,,,X 全窗基线 · 不参与实体赏罚,15053764,1506,A168_HF9F_20260827_0900,2026-08-27 09:00:00
2026-07-14,127529701,1957,0,12.9088890610,12.2634446080,12.2634446080,1.0000000,1,1,0.50665070000000000,0.506650700000,0.9867858985152569,0.9867858985152569,0.9867858985152569,0E-17,ELIGIBLE,R03b_20260811_FULL_v1,L1_ELIGIBILITY,v2026-08-11,2026-03-21..2026-08-06,baccarat_bet02_101_all_pairs_incl_sentinel,round_win = game_pnl > 0 (decisive only),COMPATIBILITY_ONLY_NOT_PRODUCTION,557989.4742,504875.3716,9878.7574,24851,24505,-0.01770420,0.00338982,-0.02772422,-0.01770420,-9878.7574,557989.4742,OK,0.0000,395.1503,4.0000,96.0000,AG03-UNRESOLVED,ALL5_LEVELS_bet23_to_bet27,395.1503,395.1503,395.1503,0.0000,0.0000,4.000000,4.000000,4.000000,0.000000,0.000000,96.000000,96.000000,96.000000,100.000000,100.000000,5.0,1185.4509,1138.6651,8693.3065,8740.0923,PENDING_AG03,FALSE,NOT_FOR_ENFORCEMENT,9483.6071,484680.3568,9878.7574,9483.6071,395.1503,0.01770420,0.01699603,395.1503,9483.6071,0.01699603,395.1503,395.1503,395.1503,0.0000,0.0000,9483.6071,0.01699603,1185.4509,1138.6651,8693.3065,8740.0923,0.01557970,0.01566354,0.00070817,22.4534,20.6030,0.4031,82.3230,2.6463,4649.9123,204.2083,25.9152,21.1137,12.8578,14.5296,26.176,48.8436,54.2173,102.8621,13.088,0.0,3.731508,7.079487,1.545355,30,207,63,6,0.32204186,0.01770420,-0.00338982,0E-8,0.000000,0.904812,0.002133,0.03111404,2026-03-21,2026-08-06,120,3733,1703,139,0.863309,1.227414,1.154177,1.073473,,,,,,,,GLOBAL_BASELINE_NO_ENTITY_RANKING,,,NOT_APPLICABLE_GLOBAL_BASELINE,HF9g-P5,,,,X 全窗基线 · 不参与实体赏罚,15053765,1506,A168_HF9F_20260827_0900,2026-08-27 09:00:00
2026-07-14,127529701,1985,0,90.3622234270,87.7804456148,87.7804456148,1.0000000,3,3,0.50218230000000000,0.502182300000,1.724507524396475,1.7245075243964754,1.724507524396475,0E-17,ELIGIBLE,R03b_20260811_FULL_v1,L1_ELIGIBILITY,v2026-08-11,2026-03-21..2026-08-06,baccarat_bet02_101_all_pairs_incl_sentinel,round_win = game_pnl > 0 (decisive only),COMPATIBILITY_ONLY_NOT_PRODUCTION,557989.4742,504875.3716,9878.7574,24851,24505,-0.01770420,0.00338982,-0.02772422,-0.01770420,-9878.7574,557989.4742,OK,0.0000,395.1503,4.0000,96.0000,AG03-UNRESOLVED,ALL5_LEVELS_bet23_to_bet27,395.1503,395.1503,395.1503,0.0000,0.0000,4.000000,4.000000,4.000000,0.000000,0.000000,96.000000,96.000000,96.000000,100.000000,100.000000,5.0,1185.4509,1138.6651,8693.3065,8740.0923,PENDING_AG03,FALSE,NOT_FOR_ENFORCEMENT,9483.6071,484680.3568,9878.7574,9483.6071,395.1503,0.01770420,0.01699603,395.1503,9483.6071,0.01699603,395.1503,395.1503,395.1503,0.0000,0.0000,9483.6071,0.01699603,1185.4509,1138.6651,8693.3065,8740.0923,0.01557970,0.01566354,0.00070817,22.4534,20.6030,0.4031,82.3230,2.6463,4649.9123,204.2083,25.9152,21.1137,12.8578,14.5296,26.176,48.8436,54.2173,102.8621,13.088,0.0,3.731508,7.079487,1.545355,30,207,63,6,0.32204186,0.01770420,-0.00338982,0E-8,0.000000,0.904812,0.002133,0.03111404,2026-03-21,2026-08-06,120,3733,1703,139,0.863309,1.227414,1.154177,1.073473,,,,,,,,GLOBAL_BASELINE_NO_ENTITY_RANKING,,,NOT_APPLICABLE_GLOBAL_BASELINE,HF9g-P5,,,,X 全窗基线 · 不参与实体赏罚,15053766,1506,A168_HF9F_20260827_0900,2026-08-27 09:00:00
2026-07-14,127529701,2127,0,358.8671158958,-25.4305114501,-25.4305114501,0.6153846,15,15,0.49950126000000000,0.499501260000,0.835647175344607,0.8356471753446071,0.835647175344607,0E-17,ELIGIBLE,R03b_20260811_FULL_v1,L1_ELIGIBILITY,v2026-08-11,2026-03-21..2026-08-06,baccarat_bet02_101_all_pairs_incl_sentinel,round_win = game_pnl > 0 (decisive only),COMPATIBILITY_ONLY_NOT_PRODUCTION,557989.4742,504875.3716,9878.7574,24851,24505,-0.01770420,0.00338982,-0.02772422,-0.01770420,-9878.7574,557989.4742,OK,0.0000,395.1503,4.0000,96.0000,AG03-UNRESOLVED,ALL5_LEVELS_bet23_to_bet27,395.1503,395.1503,395.1503,0.0000,0.0000,4.000000,4.000000,4.000000,0.000000,0.000000,96.000000,96.000000,96.000000,100.000000,100.000000,5.0,1185.4509,1138.6651,8693.3065,8740.0923,PENDING_AG03,FALSE,NOT_FOR_ENFORCEMENT,9483.6071,484680.3568,9878.7574,9483.6071,395.1503,0.01770420,0.01699603,395.1503,9483.6071,0.01699603,395.1503,395.1503,395.1503,0.0000,0.0000,9483.6071,0.01699603,1185.4509,1138.6651,8693.3065,8740.0923,0.01557970,0.01566354,0.00070817,22.4534,20.6030,0.4031,82.3230,2.6463,4649.9123,204.2083,25.9152,21.1137,12.8578,14.5296,26.176,48.8436,54.2173,102.8621,13.088,0.0,3.731508,7.079487,1.545355,30,207,63,6,0.32204186,0.01770420,-0.00338982,0E-8,0.000000,0.904812,0.002133,0.03111404,2026-03-21,2026-08-06,120,3733,1703,139,0.863309,1.227414,1.154177,1.073473,,,,,,,,GLOBAL_BASELINE_NO_ENTITY_RANKING,,,NOT_APPLICABLE_GLOBAL_BASELINE,HF9g-P5,,,,X 全窗基线 · 不参与实体赏罚,15053767,1506,A168_HF9F_20260827_0900,2026-08-27 09:00:00
2026-07-14,127529701,2169,0,67.1262231172,-67.1262231172,-67.1262231172,0E-7,3,3,0.49771390000000000,0.497713900000,-1.724149546644903,-1.724149546644903,-1.724149546644903,0E-17,ELIGIBLE,R03b_20260811_FULL_v1,L1_ELIGIBILITY,v2026-08-11,2026-03-21..2026-08-06,baccarat_bet02_101_all_pairs_incl_sentinel,round_win = game_pnl > 0 (decisive only),COMPATIBILITY_ONLY_NOT_PRODUCTION,557989.4742,504875.3716,9878.7574,24851,24505,-0.01770420,0.00338982,-0.02772422,-0.01770420,-9878.7574,557989.4742,OK,0.0000,395.1503,4.0000,96.0000,AG03-UNRESOLVED,ALL5_LEVELS_bet23_to_bet27,395.1503,395.1503,395.1503,0.0000,0.0000,4.000000,4.000000,4.000000,0.000000,0.000000,96.000000,96.000000,96.000000,100.000000,100.000000,5.0,1185.4509,1138.6651,8693.3065,8740.0923,PENDING_AG03,FALSE,NOT_FOR_ENFORCEMENT,9483.6071,484680.3568,9878.7574,9483.6071,395.1503,0.01770420,0.01699603,395.1503,9483.6071,0.01699603,395.1503,395.1503,395.1503,0.0000,0.0000,9483.6071,0.01699603,1185.4509,1138.6651,8693.3065,8740.0923,0.01557970,0.01566354,0.00070817,22.4534,20.6030,0.4031,82.3230,2.6463,4649.9123,204.2083,25.9152,21.1137,12.8578,14.5296,26.176,48.8436,54.2173,102.8621,13.088,0.0,3.731508,7.079487,1.545355,30,207,63,6,0.32204186,0.01770420,-0.00338982,0E-8,0.000000,0.904812,0.002133,0.03111404,2026-03-21,2026-08-06,120,3733,1703,139,0.863309,1.227414,1.154177,1.073473,,,,,,,,GLOBAL_BASELINE_NO_ENTITY_RANKING,,,NOT_APPLICABLE_GLOBAL_BASELINE,HF9g-P5,,,,X 全窗基线 · 不参与实体赏罚,15053768,1506,A168_HF9F_20260827_0900,2026-08-27 09:00:00
2026-07-14,127529701,2177,0,10.3271112488,10.3271112488,10.3271112488,1.0000000,1,1,0.49324550000000000,0.493245500000,1.01360149184955,1.01360149184955,1.01360149184955,0E-17,ELIGIBLE,R03b_20260811_FULL_v1,L1_ELIGIBILITY,v2026-08-11,2026-03-21..2026-08-06,baccarat_bet02_101_all_pairs_incl_sentinel,round_win = game_pnl > 0 (decisive only),COMPATIBILITY_ONLY_NOT_PRODUCTION,557989.4742,504875.3716,9878.7574,24851,24505,-0.01770420,0.00338982,-0.02772422,-0.01770420,-9878.7574,557989.4742,OK,0.0000,395.1503,4.0000,96.0000,AG03-UNRESOLVED,ALL5_LEVELS_bet23_to_bet27,395.1503,395.1503,395.1503,0.0000,0.0000,4.000000,4.000000,4.000000,0.000000,0.000000,96.000000,96.000000,96.000000,100.000000,100.000000,5.0,1185.4509,1138.6651,8693.3065,8740.0923,PENDING_AG03,FALSE,NOT_FOR_ENFORCEMENT,9483.6071,484680.3568,9878.7574,9483.6071,395.1503,0.01770420,0.01699603,395.1503,9483.6071,0.01699603,395.1503,395.1503,395.1503,0.0000,0.0000,9483.6071,0.01699603,1185.4509,1138.6651,8693.3065,8740.0923,0.01557970,0.01566354,0.00070817,22.4534,20.6030,0.4031,82.3230,2.6463,4649.9123,204.2083,25.9152,21.1137,12.8578,14.5296,26.176,48.8436,54.2173,102.8621,13.088,0.0,3.731508,7.079487,1.545355,30,207,63,6,0.32204186,0.01770420,-0.00338982,0E-8,0.000000,0.904812,0.002133,0.03111404,2026-03-21,2026-08-06,120,3733,1703,139,0.863309,1.227414,1.154177,1.073473,,,,,,,,GLOBAL_BASELINE_NO_ENTITY_RANKING,,,NOT_APPLICABLE_GLOBAL_BASELINE,HF9g-P5,,,,X 全窗基线 · 不参与实体赏罚,15053769,1506,A168_HF9F_20260827_0900,2026-08-27 09:00:00
2026-07-14,127529701,2261,0,38.7266671830,36.7903338239,36.7903338239,1.0000000,2,2,0.50665070000000000,0.506650700000,1.3955260008387969,1.3955260008387969,1.3955260008387969,0E-17,ELIGIBLE,R03b_20260811_FULL_v1,L1_ELIGIBILITY,v2026-08-11,2026-03-21..2026-08-06,baccarat_bet02_101_all_pairs_incl_sentinel,round_win = game_pnl > 0 (decisive only),COMPATIBILITY_ONLY_NOT_PRODUCTION,557989.4742,504875.3716,9878.7574,24851,24505,-0.01770420,0.00338982,-0.02772422,-0.01770420,-9878.7574,557989.4742,OK,0.0000,395.1503,4.0000,96.0000,AG03-UNRESOLVED,ALL5_LEVELS_bet23_to_bet27,395.1503,395.1503,395.1503,0.0000,0.0000,4.000000,4.000000,4.000000,0.000000,0.000000,96.000000,96.000000,96.000000,100.000000,100.000000,5.0,1185.4509,1138.6651,8693.3065,8740.0923,PENDING_AG03,FALSE,NOT_FOR_ENFORCEMENT,9483.6071,484680.3568,9878.7574,9483.6071,395.1503,0.01770420,0.01699603,395.1503,9483.6071,0.01699603,395.1503,395.1503,395.1503,0.0000,0.0000,9483.6071,0.01699603,1185.4509,1138.6651,8693.3065,8740.0923,0.01557970,0.01566354,0.00070817,22.4534,20.6030,0.4031,82.3230,2.6463,4649.9123,204.2083,25.9152,21.1137,12.8578,14.5296,26.176,48.8436,54.2173,102.8621,13.088,0.0,3.731508,7.079487,1.545355,30,207,63,6,0.32204186,0.01770420,-0.00338982,0E-8,0.000000,0.904812,0.002133,0.03111404,2026-03-21,2026-08-06,120,3733,1703,139,0.863309,1.227414,1.154177,1.073473,,,,,,,,GLOBAL_BASELINE_NO_ENTITY_RANKING,,,NOT_APPLICABLE_GLOBAL_BASELINE,HF9g-P5,,,,X 全窗基线 · 不参与实体赏罚,15053770,1506,A168_HF9F_20260827_0900,2026-08-27 09:00:00
2026-07-14,127529701,2278,0,64.5444453050,36.1448893708,36.1448893708,0.5000000,2,2,0.49994810000000000,0.499948100000,0.00014679536856514622,0.00014679536856514622,0.00014679536856514622,0E-17,ELIGIBLE,R03b_20260811_FULL_v1,L1_ELIGIBILITY,v2026-08-11,2026-03-21..2026-08-06,baccarat_bet02_101_all_pairs_incl_sentinel,round_win = game_pnl > 0 (decisive only),COMPATIBILITY_ONLY_NOT_PRODUCTION,557989.4742,504875.3716,9878.7574,24851,24505,-0.01770420,0.00338982,-0.02772422,-0.01770420,-9878.7574,557989.4742,OK,0.0000,395.1503,4.0000,96.0000,AG03-UNRESOLVED,ALL5_LEVELS_bet23_to_bet27,395.1503,395.1503,395.1503,0.0000,0.0000,4.000000,4.000000,4.000000,0.000000,0.000000,96.000000,96.000000,96.000000,100.000000,100.000000,5.0,1185.4509,1138.6651,8693.3065,8740.0923,PENDING_AG03,FALSE,NOT_FOR_ENFORCEMENT,9483.6071,484680.3568,9878.7574,9483.6071,395.1503,0.01770420,0.01699603,395.1503,9483.6071,0.01699603,395.1503,395.1503,395.1503,0.0000,0.0000,9483.6071,0.01699603,1185.4509,1138.6651,8693.3065,8740.0923,0.01557970,0.01566354,0.00070817,22.4534,20.6030,0.4031,82.3230,2.6463,4649.9123,204.2083,25.9152,21.1137,12.8578,14.5296,26.176,48.8436,54.2173,102.8621,13.088,0.0,3.731508,7.079487,1.545355,30,207,63,6,0.32204186,0.01770420,-0.00338982,0E-8,0.000000,0.904812,0.002133,0.03111404,2026-03-21,2026-08-06,120,3733,1703,139,0.863309,1.227414,1.154177,1.073473,,,,,,,,GLOBAL_BASELINE_NO_ENTITY_RANKING,,,NOT_APPLICABLE_GLOBAL_BASELINE,HF9g-P5,,,,X 全窗基线 · 不参与实体赏罚,15053771,1506,A168_HF9F_20260827_0900,2026-08-27 09:00:00
2026-07-14,127529701,2280,0,64.5444453050,36.1448893708,36.1448893708,0.5000000,2,2,0.30062675000000000,0.300626750000,0.6149128471998733,0.6149128471998733,0.6149128471998733,0E-17,ELIGIBLE,R03b_20260811_FULL_v1,L1_ELIGIBILITY,v2026-08-11,2026-03-21..2026-08-06,baccarat_bet02_101_all_pairs_incl_sentinel,round_win = game_pnl > 0 (decisive only),COMPATIBILITY_ONLY_NOT_PRODUCTION,557989.4742,504875.3716,9878.7574,24851,24505,-0.01770420,0.00338982,-0.02772422,-0.01770420,-9878.7574,557989.4742,OK,0.0000,395.1503,4.0000,96.0000,AG03-UNRESOLVED,ALL5_LEVELS_bet23_to_bet27,395.1503,395.1503,395.1503,0.0000,0.0000,4.000000,4.000000,4.000000,0.000000,0.000000,96.000000,96.000000,96.000000,100.000000,100.000000,5.0,1185.4509,1138.6651,8693.3065,8740.0923,PENDING_AG03,FALSE,NOT_FOR_ENFORCEMENT,9483.6071,484680.3568,9878.7574,9483.6071,395.1503,0.01770420,0.01699603,395.1503,9483.6071,0.01699603,395.1503,395.1503,395.1503,0.0000,0.0000,9483.6071,0.01699603,1185.4509,1138.6651,8693.3065,8740.0923,0.01557970,0.01566354,0.00070817,22.4534,20.6030,0.4031,82.3230,2.6463,4649.9123,204.2083,25.9152,21.1137,12.8578,14.5296,26.176,48.8436,54.2173,102.8621,13.088,0.0,3.731508,7.079487,1.545355,30,207,63,6,0.32204186,0.01770420,-0.00338982,0E-8,0.000000,0.904812,0.002133,0.03111404,2026-03-21,2026-08-06,120,3733,1703,139,0.863309,1.227414,1.154177,1.073473,,,,,,,,GLOBAL_BASELINE_NO_ENTITY_RANKING,,,NOT_APPLICABLE_GLOBAL_BASELINE,HF9g-P5,,,,X 全窗基线 · 不参与实体赏罚,15053772,1506,A168_HF9F_20260827_0900,2026-08-27 09:00:00
2026-07-14,127529701,2287,0,51.6355562440,-51.6355562440,-51.6355562440,0E-7,1,1,0.49324550000000000,0.493245500000,-0.9865810262130424,-0.9865810262130424,-0.9865810262130424,0E-17,ELIGIBLE,R03b_20260811_FULL_v1,L1_ELIGIBILITY,v2026-08-11,2026-03-21..2026-08-06,baccarat_bet02_101_all_pairs_incl_sentinel,round_win = game_pnl > 0 (decisive only),COMPATIBILITY_ONLY_NOT_PRODUCTION,557989.4742,504875.3716,9878.7574,24851,24505,-0.01770420,0.00338982,-0.02772422,-0.01770420,-9878.7574,557989.4742,OK,0.0000,395.1503,4.0000,96.0000,AG03-UNRESOLVED,ALL5_LEVELS_bet23_to_bet27,395.1503,395.1503,395.1503,0.0000,0.0000,4.000000,4.000000,4.000000,0.000000,0.000000,96.000000,96.000000,96.000000,100.000000,100.000000,5.0,1185.4509,1138.6651,8693.3065,8740.0923,PENDING_AG03,FALSE,NOT_FOR_ENFORCEMENT,9483.6071,484680.3568,9878.7574,9483.6071,395.1503,0.01770420,0.01699603,395.1503,9483.6071,0.01699603,395.1503,395.1503,395.1503,0.0000,0.0000,9483.6071,0.01699603,1185.4509,1138.6651,8693.3065,8740.0923,0.01557970,0.01566354,0.00070817,22.4534,20.6030,0.4031,82.3230,2.6463,4649.9123,204.2083,25.9152,21.1137,12.8578,14.5296,26.176,48.8436,54.2173,102.8621,13.088,0.0,3.731508,7.079487,1.545355,30,207,63,6,0.32204186,0.01770420,-0.00338982,0E-8,0.000000,0.904812,0.002133,0.03111404,2026-03-21,2026-08-06,120,3733,1703,139,0.863309,1.227414,1.154177,1.073473,,,,,,,,GLOBAL_BASELINE_NO_ENTITY_RANKING,,,NOT_APPLICABLE_GLOBAL_BASELINE,HF9g-P5,,,,X 全窗基线 · 不参与实体赏罚,15053773,1506,A168_HF9F_20260827_0900,2026-08-27 09:00:00
2026-07-14,127529701,2289,0,359.6416492396,91.0334856582,91.0334856582,0.5384615,14,14,0.49899058571428571,0.498990585714,0.284629668071992,0.2846296680740526,0.284629668071992,2.8571E-13,ELIGIBLE,R03b_20260811_FULL_v1,L1_ELIGIBILITY,v2026-08-11,2026-03-21..2026-08-06,baccarat_bet02_101_all_pairs_incl_sentinel,round_win = game_pnl > 0 (decisive only),COMPATIBILITY_ONLY_NOT_PRODUCTION,557989.4742,504875.3716,9878.7574,24851,24505,-0.01770420,0.00338982,-0.02772422,-0.01770420,-9878.7574,557989.4742,OK,0.0000,395.1503,4.0000,96.0000,AG03-UNRESOLVED,ALL5_LEVELS_bet23_to_bet27,395.1503,395.1503,395.1503,0.0000,0.0000,4.000000,4.000000,4.000000,0.000000,0.000000,96.000000,96.000000,96.000000,100.000000,100.000000,5.0,1185.4509,1138.6651,8693.3065,8740.0923,PENDING_AG03,FALSE,NOT_FOR_ENFORCEMENT,9483.6071,484680.3568,9878.7574,9483.6071,395.1503,0.01770420,0.01699603,395.1503,9483.6071,0.01699603,395.1503,395.1503,395.1503,0.0000,0.0000,9483.6071,0.01699603,1185.4509,1138.6651,8693.3065,8740.0923,0.01557970,0.01566354,0.00070817,22.4534,20.6030,0.4031,82.3230,2.6463,4649.9123,204.2083,25.9152,21.1137,12.8578,14.5296,26.176,48.8436,54.2173,102.8621,13.088,0.0,3.731508,7.079487,1.545355,30,207,63,6,0.32204186,0.01770420,-0.00338982,0E-8,0.000000,0.904812,0.002133,0.03111404,2026-03-21,2026-08-06,120,3733,1703,139,0.863309,1.227414,1.154177,1.073473,,,,,,,,GLOBAL_BASELINE_NO_ENTITY_RANKING,,,NOT_APPLICABLE_GLOBAL_BASELINE,HF9g-P5,,,,X 全窗基线 · 不参与实体赏罚,15053774,1506,A168_HF9F_20260827_0900,2026-08-27 09:00:00
2026-07-14,127529701,471,0,89.0713345209,-61.3817674850,-61.3817674850,0.2000000,5,5,0.49592654000000000,0.495926540000,-1.323467641100715,-1.323467641100715,-1.323467641100715,0E-17,ELIGIBLE,R03b_20260811_FULL_v1,L1_ELIGIBILITY,v2026-08-11,2026-03-21..2026-08-06,baccarat_bet02_101_all_pairs_incl_sentinel,round_win = game_pnl > 0 (decisive only),COMPATIBILITY_ONLY_NOT_PRODUCTION,557989.4742,504875.3716,9878.7574,24851,24505,-0.01770420,0.00338982,-0.02772422,-0.01770420,-9878.7574,557989.4742,OK,0.0000,395.1503,4.0000,96.0000,AG03-UNRESOLVED,ALL5_LEVELS_bet23_to_bet27,395.1503,395.1503,395.1503,0.0000,0.0000,4.000000,4.000000,4.000000,0.000000,0.000000,96.000000,96.000000,96.000000,100.000000,100.000000,5.0,1185.4509,1138.6651,8693.3065,8740.0923,PENDING_AG03,FALSE,NOT_FOR_ENFORCEMENT,9483.6071,484680.3568,9878.7574,9483.6071,395.1503,0.01770420,0.01699603,395.1503,9483.6071,0.01699603,395.1503,395.1503,395.1503,0.0000,0.0000,9483.6071,0.01699603,1185.4509,1138.6651,8693.3065,8740.0923,0.01557970,0.01566354,0.00070817,22.4534,20.6030,0.4031,82.3230,2.6463,4649.9123,204.2083,25.9152,21.1137,12.8578,14.5296,26.176,48.8436,54.2173,102.8621,13.088,0.0,3.731508,7.079487,1.545355,30,207,63,6,0.32204186,0.01770420,-0.00338982,0E-8,0.000000,0.904812,0.002133,0.03111404,2026-03-21,2026-08-06,120,3733,1703,139,0.863309,1.227414,1.154177,1.073473,,,,,,,,GLOBAL_BASELINE_NO_ENTITY_RANKING,,,NOT_APPLICABLE_GLOBAL_BASELINE,HF9g-P5,,,,X 全窗基线 · 不参与实体赏罚,15053775,1506,A168_HF9F_20260827_0900,2026-08-27 09:00:00
2026-07-14,127529701,595,0,38.7266671830,-38.7266671830,-38.7266671830,0E-7,1,1,0.50665070000000000,0.506650700000,-1.013391052207602,-1.013391052207602,-1.013391052207602,0E-17,ELIGIBLE,R03b_20260811_FULL_v1,L1_ELIGIBILITY,v2026-08-11,2026-03-21..2026-08-06,baccarat_bet02_101_all_pairs_incl_sentinel,round_win = game_pnl > 0 (decisive only),COMPATIBILITY_ONLY_NOT_PRODUCTION,557989.4742,504875.3716,9878.7574,24851,24505,-0.01770420,0.00338982,-0.02772422,-0.01770420,-9878.7574,557989.4742,OK,0.0000,395.1503,4.0000,96.0000,AG03-UNRESOLVED,ALL5_LEVELS_bet23_to_bet27,395.1503,395.1503,395.1503,0.0000,0.0000,4.000000,4.000000,4.000000,0.000000,0.000000,96.000000,96.000000,96.000000,100.000000,100.000000,5.0,1185.4509,1138.6651,8693.3065,8740.0923,PENDING_AG03,FALSE,NOT_FOR_ENFORCEMENT,9483.6071,484680.3568,9878.7574,9483.6071,395.1503,0.01770420,0.01699603,395.1503,9483.6071,0.01699603,395.1503,395.1503,395.1503,0.0000,0.0000,9483.6071,0.01699603,1185.4509,1138.6651,8693.3065,8740.0923,0.01557970,0.01566354,0.00070817,22.4534,20.6030,0.4031,82.3230,2.6463,4649.9123,204.2083,25.9152,21.1137,12.8578,14.5296,26.176,48.8436,54.2173,102.8621,13.088,0.0,3.731508,7.079487,1.545355,30,207,63,6,0.32204186,0.01770420,-0.00338982,0E-8,0.000000,0.904812,0.002133,0.03111404,2026-03-21,2026-08-06,120,3733,1703,139,0.863309,1.227414,1.154177,1.073473,,,,,,,,GLOBAL_BASELINE_NO_ENTITY_RANKING,,,NOT_APPLICABLE_GLOBAL_BASELINE,HF9g-P5,,,,X 全窗基线 · 不参与实体赏罚,15053776,1506,A168_HF9F_20260827_0900,2026-08-27 09:00:00
2026-07-14,127529701,969,0,128.8307128288,77.4533343660,77.4533343660,0.8000000,6,6,0.49994810000000000,0.499948100000,1.3418728975849028,1.3418728975849028,1.3418728975849028,0E-17,ELIGIBLE,R03b_20260811_FULL_v1,L1_ELIGIBILITY,v2026-08-11,2026-03-21..2026-08-06,baccarat_bet02_101_all_pairs_incl_sentinel,round_win = game_pnl > 0 (decisive only),COMPATIBILITY_ONLY_NOT_PRODUCTION,557989.4742,504875.3716,9878.7574,24851,24505,-0.01770420,0.00338982,-0.02772422,-0.01770420,-9878.7574,557989.4742,OK,0.0000,395.1503,4.0000,96.0000,AG03-UNRESOLVED,ALL5_LEVELS_bet23_to_bet27,395.1503,395.1503,395.1503,0.0000,0.0000,4.000000,4.000000,4.000000,0.000000,0.000000,96.000000,96.000000,96.000000,100.000000,100.000000,5.0,1185.4509,1138.6651,8693.3065,8740.0923,PENDING_AG03,FALSE,NOT_FOR_ENFORCEMENT,9483.6071,484680.3568,9878.7574,9483.6071,395.1503,0.01770420,0.01699603,395.1503,9483.6071,0.01699603,395.1503,395.1503,395.1503,0.0000,0.0000,9483.6071,0.01699603,1185.4509,1138.6651,8693.3065,8740.0923,0.01557970,0.01566354,0.00070817,22.4534,20.6030,0.4031,82.3230,2.6463,4649.9123,204.2083,25.9152,21.1137,12.8578,14.5296,26.176,48.8436,54.2173,102.8621,13.088,0.0,3.731508,7.079487,1.545355,30,207,63,6,0.32204186,0.01770420,-0.00338982,0E-8,0.000000,0.904812,0.002133,0.03111404,2026-03-21,2026-08-06,120,3733,1703,139,0.863309,1.227414,1.154177,1.073473,,,,,,,,GLOBAL_BASELINE_NO_ENTITY_RANKING,,,NOT_APPLICABLE_GLOBAL_BASELINE,HF9g-P5,,,,X 全窗基线 · 不参与实体赏罚,15053777,1506,A168_HF9F_20260827_0900,2026-08-27 09:00:00
2026-07-15,127529701,-1,1,1512.9217979495,134.8075284643,134.8075284643,0.5614035,64,64,0.50015755625000000,0.500157556250,0.9247936486561507,0.9247936486561507,0.9247936486561507,0E-17,SENTINEL_DEALER,R03b_20260811_FULL_v1,L1_ELIGIBILITY,v2026-08-11,2026-03-21..2026-08-06,baccarat_bet02_101_all_pairs_incl_sentinel,round_win = game_pnl > 0 (decisive only),COMPATIBILITY_ONLY_NOT_PRODUCTION,557989.4742,504875.3716,9878.7574,24851,24505,-0.01770420,0.00338982,-0.02772422,-0.01770420,-9878.7574,557989.4742,OK,0.0000,395.1503,4.0000,96.0000,AG03-UNRESOLVED,ALL5_LEVELS_bet23_to_bet27,395.1503,395.1503,395.1503,0.0000,0.0000,4.000000,4.000000,4.000000,0.000000,0.000000,96.000000,96.000000,96.000000,100.000000,100.000000,5.0,1185.4509,1138.6651,8693.3065,8740.0923,PENDING_AG03,FALSE,NOT_FOR_ENFORCEMENT,9483.6071,484680.3568,9878.7574,9483.6071,395.1503,0.01770420,0.01699603,395.1503,9483.6071,0.01699603,395.1503,395.1503,395.1503,0.0000,0.0000,9483.6071,0.01699603,1185.4509,1138.6651,8693.3065,8740.0923,0.01557970,0.01566354,0.00070817,22.4534,20.6030,0.4031,82.3230,2.6463,4649.9123,204.2083,25.9152,21.1137,12.8578,14.5296,26.176,48.8436,54.2173,102.8621,13.088,0.0,3.731508,7.079487,1.545355,30,207,63,6,0.32204186,0.01770420,-0.00338982,0E-8,0.000000,0.904812,0.002133,0.03111404,2026-03-21,2026-08-06,120,3733,1703,139,0.863309,1.227414,1.154177,1.073473,,,,,,,,GLOBAL_BASELINE_NO_ENTITY_RANKING,,,NOT_APPLICABLE_GLOBAL_BASELINE,HF9g-P5,,,,X 全窗基线 · 不参与实体赏罚,15053778,1506,A168_HF9F_20260827_0900,2026-08-27 09:00:00
2026-07-15,127529701,1318,0,105.0783569565,-29.4322670591,-29.4322670591,0.2000000,9,8,0.50078592500000000,0.500785925000,-1.3451572116996497,-1.3451572116996497,-1.3451572116996497,0E-17,ELIGIBLE,R03b_20260811_FULL_v1,L1_ELIGIBILITY,v2026-08-11,2026-03-21..2026-08-06,baccarat_bet02_101_all_pairs_incl_sentinel,round_win = game_pnl > 0 (decisive only),COMPATIBILITY_ONLY_NOT_PRODUCTION,557989.4742,504875.3716,9878.7574,24851,24505,-0.01770420,0.00338982,-0.02772422,-0.01770420,-9878.7574,557989.4742,OK,0.0000,395.1503,4.0000,96.0000,AG03-UNRESOLVED,ALL5_LEVELS_bet23_to_bet27,395.1503,395.1503,395.1503,0.0000,0.0000,4.000000,4.000000,4.000000,0.000000,0.000000,96.000000,96.000000,96.000000,100.000000,100.000000,5.0,1185.4509,1138.6651,8693.3065,8740.0923,PENDING_AG03,FALSE,NOT_FOR_ENFORCEMENT,9483.6071,484680.3568,9878.7574,9483.6071,395.1503,0.01770420,0.01699603,395.1503,9483.6071,0.01699603,395.1503,395.1503,395.1503,0.0000,0.0000,9483.6071,0.01699603,1185.4509,1138.6651,8693.3065,8740.0923,0.01557970,0.01566354,0.00070817,22.4534,20.6030,0.4031,82.3230,2.6463,4649.9123,204.2083,25.9152,21.1137,12.8578,14.5296,26.176,48.8436,54.2173,102.8621,13.088,0.0,3.731508,7.079487,1.545355,30,207,63,6,0.32204186,0.01770420,-0.00338982,0E-8,0.000000,0.904812,0.002133,0.03111404,2026-03-21,2026-08-06,120,3733,1703,139,0.863309,1.227414,1.154177,1.073473,,,,,,,,GLOBAL_BASELINE_NO_ENTITY_RANKING,,,NOT_APPLICABLE_GLOBAL_BASELINE,HF9g-P5,,,,X 全窗基线 · 不参与实体赏罚,15053779,1506,A168_HF9F_20260827_0900,2026-08-27 09:00:00
2026-07-15,127529701,1396,0,19.1051558102,-14.7161335295,-14.7161335295,0E-7,2,2,0.49324550000000000,0.493245500000,-0.9865810262130424,-0.9865810262130424,-0.9865810262130424,0E-17,ELIGIBLE,R03b_20260811_FULL_v1,L1_ELIGIBILITY,v2026-08-11,2026-03-21..2026-08-06,baccarat_bet02_101_all_pairs_incl_sentinel,round_win = game_pnl > 0 (decisive only),COMPATIBILITY_ONLY_NOT_PRODUCTION,557989.4742,504875.3716,9878.7574,24851,24505,-0.01770420,0.00338982,-0.02772422,-0.01770420,-9878.7574,557989.4742,OK,0.0000,395.1503,4.0000,96.0000,AG03-UNRESOLVED,ALL5_LEVELS_bet23_to_bet27,395.1503,395.1503,395.1503,0.0000,0.0000,4.000000,4.000000,4.000000,0.000000,0.000000,96.000000,96.000000,96.000000,100.000000,100.000000,5.0,1185.4509,1138.6651,8693.3065,8740.0923,PENDING_AG03,FALSE,NOT_FOR_ENFORCEMENT,9483.6071,484680.3568,9878.7574,9483.6071,395.1503,0.01770420,0.01699603,395.1503,9483.6071,0.01699603,395.1503,395.1503,395.1503,0.0000,0.0000,9483.6071,0.01699603,1185.4509,1138.6651,8693.3065,8740.0923,0.01557970,0.01566354,0.00070817,22.4534,20.6030,0.4031,82.3230,2.6463,4649.9123,204.2083,25.9152,21.1137,12.8578,14.5296,26.176,48.8436,54.2173,102.8621,13.088,0.0,3.731508,7.079487,1.545355,30,207,63,6,0.32204186,0.01770420,-0.00338982,0E-8,0.000000,0.904812,0.002133,0.03111404,2026-03-21,2026-08-06,120,3733,1703,139,0.863309,1.227414,1.154177,1.073473,,,,,,,,GLOBAL_BASELINE_NO_ENTITY_RANKING,,,NOT_APPLICABLE_GLOBAL_BASELINE,HF9g-P5,,,,X 全窗基线 · 不参与实体赏罚,15053780,1506,A168_HF9F_20260827_0900,2026-08-27 09:00:00
2026-07-15,127529701,1402,0,50.8610229003,5.1635556244,5.1635556244,0.5000000,5,5,0.50128862000000000,0.501288620000,-0.0051544971185412255,-0.0051544971185412255,-0.0051544971185412255,0E-17,ELIGIBLE,R03b_20260811_FULL_v1,L1_ELIGIBILITY,v2026-08-11,2026-03-21..2026-08-06,baccarat_bet02_101_all_pairs_incl_sentinel,round_win = game_pnl > 0 (decisive only),COMPATIBILITY_ONLY_NOT_PRODUCTION,557989.4742,504875.3716,9878.7574,24851,24505,-0.01770420,0.00338982,-0.02772422,-0.01770420,-9878.7574,557989.4742,OK,0.0000,395.1503,4.0000,96.0000,AG03-UNRESOLVED,ALL5_LEVELS_bet23_to_bet27,395.1503,395.1503,395.1503,0.0000,0.0000,4.000000,4.000000,4.000000,0.000000,0.000000,96.000000,96.000000,96.000000,100.000000,100.000000,5.0,1185.4509,1138.6651,8693.3065,8740.0923,PENDING_AG03,FALSE,NOT_FOR_ENFORCEMENT,9483.6071,484680.3568,9878.7574,9483.6071,395.1503,0.01770420,0.01699603,395.1503,9483.6071,0.01699603,395.1503,395.1503,395.1503,0.0000,0.0000,9483.6071,0.01699603,1185.4509,1138.6651,8693.3065,8740.0923,0.01557970,0.01566354,0.00070817,22.4534,20.6030,0.4031,82.3230,2.6463,4649.9123,204.2083,25.9152,21.1137,12.8578,14.5296,26.176,48.8436,54.2173,102.8621,13.088,0.0,3.731508,7.079487,1.545355,30,207,63,6,0.32204186,0.01770420,-0.00338982,0E-8,0.000000,0.904812,0.002133,0.03111404,2026-03-21,2026-08-06,120,3733,1703,139,0.863309,1.227414,1.154177,1.073473,,,,,,,,GLOBAL_BASELINE_NO_ENTITY_RANKING,,,NOT_APPLICABLE_GLOBAL_BASELINE,HF9g-P5,,,,X 全窗基线 · 不参与实体赏罚,15053781,1506,A168_HF9F_20260827_0900,2026-08-27 09:00:00
2026-07-15,127529701,2223,0,387.7830273925,-119.2910438127,-119.2910438127,0.3888889,19,19,0.49818425789473684,0.498184257895,-0.9274080741153437,-0.927408074117575,-0.9274080741153437,-2.6316E-13,ELIGIBLE,R03b_20260811_FULL_v1,L1_ELIGIBILITY,v2026-08-11,2026-03-21..2026-08-06,baccarat_bet02_101_all_pairs_incl_sentinel,round_win = game_pnl > 0 (decisive only),COMPATIBILITY_ONLY_NOT_PRODUCTION,557989.4742,504875.3716,9878.7574,24851,24505,-0.01770420,0.00338982,-0.02772422,-0.01770420,-9878.7574,557989.4742,OK,0.0000,395.1503,4.0000,96.0000,AG03-UNRESOLVED,ALL5_LEVELS_bet23_to_bet27,395.1503,395.1503,395.1503,0.0000,0.0000,4.000000,4.000000,4.000000,0.000000,0.000000,96.000000,96.000000,96.000000,100.000000,100.000000,5.0,1185.4509,1138.6651,8693.3065,8740.0923,PENDING_AG03,FALSE,NOT_FOR_ENFORCEMENT,9483.6071,484680.3568,9878.7574,9483.6071,395.1503,0.01770420,0.01699603,395.1503,9483.6071,0.01699603,395.1503,395.1503,395.1503,0.0000,0.0000,9483.6071,0.01699603,1185.4509,1138.6651,8693.3065,8740.0923,0.01557970,0.01566354,0.00070817,22.4534,20.6030,0.4031,82.3230,2.6463,4649.9123,204.2083,25.9152,21.1137,12.8578,14.5296,26.176,48.8436,54.2173,102.8621,13.088,0.0,3.731508,7.079487,1.545355,30,207,63,6,0.32204186,0.01770420,-0.00338982,0E-8,0.000000,0.904812,0.002133,0.03111404,2026-03-21,2026-08-06,120,3733,1703,139,0.863309,1.227414,1.154177,1.073473,,,,,,,,GLOBAL_BASELINE_NO_ENTITY_RANKING,,,NOT_APPLICABLE_GLOBAL_BASELINE,HF9g-P5,,,,X 全窗基线 · 不参与实体赏罚,15053782,1506,A168_HF9F_20260827_0900,2026-08-27 09:00:00
2026-07-15,127529701,925,0,25.8177781220,-25.8177781220,-25.8177781220,0E-7,3,3,0.49771390000000000,0.497713900000,-1.724149546644903,-1.724149546644903,-1.724149546644903,0E-17,ELIGIBLE,R03b_20260811_FULL_v1,L1_ELIGIBILITY,v2026-08-11,2026-03-21..2026-08-06,baccarat_bet02_101_all_pairs_incl_sentinel,round_win = game_pnl > 0 (decisive only),COMPATIBILITY_ONLY_NOT_PRODUCTION,557989.4742,504875.3716,9878.7574,24851,24505,-0.01770420,0.00338982,-0.02772422,-0.01770420,-9878.7574,557989.4742,OK,0.0000,395.1503,4.0000,96.0000,AG03-UNRESOLVED,ALL5_LEVELS_bet23_to_bet27,395.1503,395.1503,395.1503,0.0000,0.0000,4.000000,4.000000,4.000000,0.000000,0.000000,96.000000,96.000000,96.000000,100.000000,100.000000,5.0,1185.4509,1138.6651,8693.3065,8740.0923,PENDING_AG03,FALSE,NOT_FOR_ENFORCEMENT,9483.6071,484680.3568,9878.7574,9483.6071,395.1503,0.01770420,0.01699603,395.1503,9483.6071,0.01699603,395.1503,395.1503,395.1503,0.0000,0.0000,9483.6071,0.01699603,1185.4509,1138.6651,8693.3065,8740.0923,0.01557970,0.01566354,0.00070817,22.4534,20.6030,0.4031,82.3230,2.6463,4649.9123,204.2083,25.9152,21.1137,12.8578,14.5296,26.176,48.8436,54.2173,102.8621,13.088,0.0,3.731508,7.079487,1.545355,30,207,63,6,0.32204186,0.01770420,-0.00338982,0E-8,0.000000,0.904812,0.002133,0.03111404,2026-03-21,2026-08-06,120,3733,1703,139,0.863309,1.227414,1.154177,1.073473,,,,,,,,GLOBAL_BASELINE_NO_ENTITY_RANKING,,,NOT_APPLICABLE_GLOBAL_BASELINE,HF9g-P5,,,,X 全窗基线 · 不参与实体赏罚,15053783,1506,A168_HF9F_20260827_0900,2026-08-27 09:00:00
2026-07-15,127529701,994,0,76.9369788036,21.5449358428,21.5449358428,0.7500000,4,4,0.49994810000000000,0.499948100000,1.0002076053883384,1.0002076053883384,1.0002076053883384,0E-17,ELIGIBLE,R03b_20260811_FULL_v1,L1_ELIGIBILITY,v2026-08-11,2026-03-21..2026-08-06,baccarat_bet02_101_all_pairs_incl_sentinel,round_win = game_pnl > 0 (decisive only),COMPATIBILITY_ONLY_NOT_PRODUCTION,557989.4742,504875.3716,9878.7574,24851,24505,-0.01770420,0.00338982,-0.02772422,-0.01770420,-9878.7574,557989.4742,OK,0.0000,395.1503,4.0000,96.0000,AG03-UNRESOLVED,ALL5_LEVELS_bet23_to_bet27,395.1503,395.1503,395.1503,0.0000,0.0000,4.000000,4.000000,4.000000,0.000000,0.000000,96.000000,96.000000,96.000000,100.000000,100.000000,5.0,1185.4509,1138.6651,8693.3065,8740.0923,PENDING_AG03,FALSE,NOT_FOR_ENFORCEMENT,9483.6071,484680.3568,9878.7574,9483.6071,395.1503,0.01770420,0.01699603,395.1503,9483.6071,0.01699603,395.1503,395.1503,395.1503,0.0000,0.0000,9483.6071,0.01699603,1185.4509,1138.6651,8693.3065,8740.0923,0.01557970,0.01566354,0.00070817,22.4534,20.6030,0.4031,82.3230,2.6463,4649.9123,204.2083,25.9152,21.1137,12.8578,14.5296,26.176,48.8436,54.2173,102.8621,13.088,0.0,3.731508,7.079487,1.545355,30,207,63,6,0.32204186,0.01770420,-0.00338982,0E-8,0.000000,0.904812,0.002133,0.03111404,2026-03-21,2026-08-06,120,3733,1703,139,0.863309,1.227414,1.154177,1.073473,,,,,,,,GLOBAL_BASELINE_NO_ENTITY_RANKING,,,NOT_APPLICABLE_GLOBAL_BASELINE,HF9g-P5,,,,X 全窗基线 · 不参与实体赏罚,15053784,1506,A168_HF9F_20260827_0900,2026-08-27 09:00:00
2026-07-16,127529701,-1,1,131.6706684223,8.4165956677,8.4165956677,0.4285714,17,17,0.49876528823529412,0.498765288235,-0.5252843486431791,-0.5252843486409787,-0.5252843486431791,2.9412E-13,SENTINEL_DEALER,R03b_20260811_FULL_v1,L1_ELIGIBILITY,v2026-08-11,2026-03-21..2026-08-06,baccarat_bet02_101_all_pairs_incl_sentinel,round_win = game_pnl > 0 (decisive only),COMPATIBILITY_ONLY_NOT_PRODUCTION,557989.4742,504875.3716,9878.7574,24851,24505,-0.01770420,0.00338982,-0.02772422,-0.01770420,-9878.7574,557989.4742,OK,0.0000,395.1503,4.0000,96.0000,AG03-UNRESOLVED,ALL5_LEVELS_bet23_to_bet27,395.1503,395.1503,395.1503,0.0000,0.0000,4.000000,4.000000,4.000000,0.000000,0.000000,96.000000,96.000000,96.000000,100.000000,100.000000,5.0,1185.4509,1138.6651,8693.3065,8740.0923,PENDING_AG03,FALSE,NOT_FOR_ENFORCEMENT,9483.6071,484680.3568,9878.7574,9483.6071,395.1503,0.01770420,0.01699603,395.1503,9483.6071,0.01699603,395.1503,395.1503,395.1503,0.0000,0.0000,9483.6071,0.01699603,1185.4509,1138.6651,8693.3065,8740.0923,0.01557970,0.01566354,0.00070817,22.4534,20.6030,0.4031,82.3230,2.6463,4649.9123,204.2083,25.9152,21.1137,12.8578,14.5296,26.176,48.8436,54.2173,102.8621,13.088,0.0,3.731508,7.079487,1.545355,30,207,63,6,0.32204186,0.01770420,-0.00338982,0E-8,0.000000,0.904812,0.002133,0.03111404,2026-03-21,2026-08-06,120,3733,1703,139,0.863309,1.227414,1.154177,1.073473,,,,,,,,GLOBAL_BASELINE_NO_ENTITY_RANKING,,,NOT_APPLICABLE_GLOBAL_BASELINE,HF9g-P5,,,,X 全窗基线 · 不参与实体赏罚,15053785,1506,A168_HF9F_20260827_0900,2026-08-27 09:00:00
2026-07-16,127529701,1094,0,5.1635556244,-5.1635556244,-5.1635556244,0E-7,1,1,0.50665070000000000,0.506650700000,-1.013391052207602,-1.013391052207602,-1.013391052207602,0E-17,ELIGIBLE,R03b_20260811_FULL_v1,L1_ELIGIBILITY,v2026-08-11,2026-03-21..2026-08-06,baccarat_bet02_101_all_pairs_incl_sentinel,round_win = game_pnl > 0 (decisive only),COMPATIBILITY_ONLY_NOT_PRODUCTION,557989.4742,504875.3716,9878.7574,24851,24505,-0.01770420,0.00338982,-0.02772422,-0.01770420,-9878.7574,557989.4742,OK,0.0000,395.1503,4.0000,96.0000,AG03-UNRESOLVED,ALL5_LEVELS_bet23_to_bet27,395.1503,395.1503,395.1503,0.0000,0.0000,4.000000,4.000000,4.000000,0.000000,0.000000,96.000000,96.000000,96.000000,100.000000,100.000000,5.0,1185.4509,1138.6651,8693.3065,8740.0923,PENDING_AG03,FALSE,NOT_FOR_ENFORCEMENT,9483.6071,484680.3568,9878.7574,9483.6071,395.1503,0.01770420,0.01699603,395.1503,9483.6071,0.01699603,395.1503,395.1503,395.1503,0.0000,0.0000,9483.6071,0.01699603,1185.4509,1138.6651,8693.3065,8740.0923,0.01557970,0.01566354,0.00070817,22.4534,20.6030,0.4031,82.3230,2.6463,4649.9123,204.2083,25.9152,21.1137,12.8578,14.5296,26.176,48.8436,54.2173,102.8621,13.088,0.0,3.731508,7.079487,1.545355,30,207,63,6,0.32204186,0.01770420,-0.00338982,0E-8,0.000000,0.904812,0.002133,0.03111404,2026-03-21,2026-08-06,120,3733,1703,139,0.863309,1.227414,1.154177,1.073473,,,,,,,,GLOBAL_BASELINE_NO_ENTITY_RANKING,,,NOT_APPLICABLE_GLOBAL_BASELINE,HF9g-P5,,,,X 全窗基线 · 不参与实体赏罚,15053786,1506,A168_HF9F_20260827_0900,2026-08-27 09:00:00
2026-07-16,127529701,1148,0,12.9088890610,-12.9088890610,-12.9088890610,0E-7,1,1,0.50665070000000000,0.506650700000,-1.013391052207602,-1.013391052207602,-1.013391052207602,0E-17,ELIGIBLE,R03b_20260811_FULL_v1,L1_ELIGIBILITY,v2026-08-11,2026-03-21..2026-08-06,baccarat_bet02_101_all_pairs_incl_sentinel,round_win = game_pnl > 0 (decisive only),COMPATIBILITY_ONLY_NOT_PRODUCTION,557989.4742,504875.3716,9878.7574,24851,24505,-0.01770420,0.00338982,-0.02772422,-0.01770420,-9878.7574,557989.4742,OK,0.0000,395.1503,4.0000,96.0000,AG03-UNRESOLVED,ALL5_LEVELS_bet23_to_bet27,395.1503,395.1503,395.1503,0.0000,0.0000,4.000000,4.000000,4.000000,0.000000,0.000000,96.000000,96.000000,96.000000,100.000000,100.000000,5.0,1185.4509,1138.6651,8693.3065,8740.0923,PENDING_AG03,FALSE,NOT_FOR_ENFORCEMENT,9483.6071,484680.3568,9878.7574,9483.6071,395.1503,0.01770420,0.01699603,395.1503,9483.6071,0.01699603,395.1503,395.1503,395.1503,0.0000,0.0000,9483.6071,0.01699603,1185.4509,1138.6651,8693.3065,8740.0923,0.01557970,0.01566354,0.00070817,22.4534,20.6030,0.4031,82.3230,2.6463,4649.9123,204.2083,25.9152,21.1137,12.8578,14.5296,26.176,48.8436,54.2173,102.8621,13.088,0.0,3.731508,7.079487,1.545355,30,207,63,6,0.32204186,0.01770420,-0.00338982,0E-8,0.000000,0.904812,0.002133,0.03111404,2026-03-21,2026-08-06,120,3733,1703,139,0.863309,1.227414,1.154177,1.073473,,,,,,,,GLOBAL_BASELINE_NO_ENTITY_RANKING,,,NOT_APPLICABLE_GLOBAL_BASELINE,HF9g-P5,,,,X 全窗基线 · 不参与实体赏罚,15053787,1506,A168_HF9F_20260827_0900,2026-08-27 09:00:00
2026-07-16,127529701,1304,0,54.2173340562,-54.2173340562,-54.2173340562,0E-7,3,3,0.50218230000000000,0.502182300000,-1.7396270863184011,-1.7396270863184016,-1.7396270863184011,0E-17,ELIGIBLE,R03b_20260811_FULL_v1,L1_ELIGIBILITY,v2026-08-11,2026-03-21..2026-08-06,baccarat_bet02_101_all_pairs_incl_sentinel,round_win = game_pnl > 0 (decisive only),COMPATIBILITY_ONLY_NOT_PRODUCTION,557989.4742,504875.3716,9878.7574,24851,24505,-0.01770420,0.00338982,-0.02772422,-0.01770420,-9878.7574,557989.4742,OK,0.0000,395.1503,4.0000,96.0000,AG03-UNRESOLVED,ALL5_LEVELS_bet23_to_bet27,395.1503,395.1503,395.1503,0.0000,0.0000,4.000000,4.000000,4.000000,0.000000,0.000000,96.000000,96.000000,96.000000,100.000000,100.000000,5.0,1185.4509,1138.6651,8693.3065,8740.0923,PENDING_AG03,FALSE,NOT_FOR_ENFORCEMENT,9483.6071,484680.3568,9878.7574,9483.6071,395.1503,0.01770420,0.01699603,395.1503,9483.6071,0.01699603,395.1503,395.1503,395.1503,0.0000,0.0000,9483.6071,0.01699603,1185.4509,1138.6651,8693.3065,8740.0923,0.01557970,0.01566354,0.00070817,22.4534,20.6030,0.4031,82.3230,2.6463,4649.9123,204.2083,25.9152,21.1137,12.8578,14.5296,26.176,48.8436,54.2173,102.8621,13.088,0.0,3.731508,7.079487,1.545355,30,207,63,6,0.32204186,0.01770420,-0.00338982,0E-8,0.000000,0.904812,0.002133,0.03111404,2026-03-21,2026-08-06,120,3733,1703,139,0.863309,1.227414,1.154177,1.073473,,,,,,,,GLOBAL_BASELINE_NO_ENTITY_RANKING,,,NOT_APPLICABLE_GLOBAL_BASELINE,HF9g-P5,,,,X 全窗基线 · 不参与实体赏罚,15053788,1506,A168_HF9F_20260827_0900,2026-08-27 09:00:00
2026-07-16,127529701,1318,0,27.1086670281,-7.4742467663,-7.4742467663,0.3333333,3,3,0.49771390000000000,0.497713900000,-0.5694369385616226,-0.5694369385616226,-0.5694369385616226,0E-17,ELIGIBLE,R03b_20260811_FULL_v1,L1_ELIGIBILITY,v2026-08-11,2026-03-21..2026-08-06,baccarat_bet02_101_all_pairs_incl_sentinel,round_win = game_pnl > 0 (decisive only),COMPATIBILITY_ONLY_NOT_PRODUCTION,557989.4742,504875.3716,9878.7574,24851,24505,-0.01770420,0.00338982,-0.02772422,-0.01770420,-9878.7574,557989.4742,OK,0.0000,395.1503,4.0000,96.0000,AG03-UNRESOLVED,ALL5_LEVELS_bet23_to_bet27,395.1503,395.1503,395.1503,0.0000,0.0000,4.000000,4.000000,4.000000,0.000000,0.000000,96.000000,96.000000,96.000000,100.000000,100.000000,5.0,1185.4509,1138.6651,8693.3065,8740.0923,PENDING_AG03,FALSE,NOT_FOR_ENFORCEMENT,9483.6071,484680.3568,9878.7574,9483.6071,395.1503,0.01770420,0.01699603,395.1503,9483.6071,0.01699603,395.1503,395.1503,395.1503,0.0000,0.0000,9483.6071,0.01699603,1185.4509,1138.6651,8693.3065,8740.0923,0.01557970,0.01566354,0.00070817,22.4534,20.6030,0.4031,82.3230,2.6463,4649.9123,204.2083,25.9152,21.1137,12.8578,14.5296,26.176,48.8436,54.2173,102.8621,13.088,0.0,3.731508,7.079487,1.545355,30,207,63,6,0.32204186,0.01770420,-0.00338982,0E-8,0.000000,0.904812,0.002133,0.03111404,2026-03-21,2026-08-06,120,3733,1703,139,0.863309,1.227414,1.154177,1.073473,,,,,,,,GLOBAL_BASELINE_NO_ENTITY_RANKING,,,NOT_APPLICABLE_GLOBAL_BASELINE,HF9g-P5,,,,X 全窗基线 · 不参与实体赏罚,15053789,1506,A168_HF9F_20260827_0900,2026-08-27 09:00:00
2026-07-16,127529701,1374,0,81.3260010843,33.9245604524,33.9245604524,0.7000000,10,10,0.50262914000000000,0.502629140000,1.2483001802549918,1.2483001802549918,1.2483001802549918,0E-17,ELIGIBLE,R03b_20260811_FULL_v1,L1_ELIGIBILITY,v2026-08-11,2026-03-21..2026-08-06,baccarat_bet02_101_all_pairs_incl_sentinel,round_win = game_pnl > 0 (decisive only),COMPATIBILITY_ONLY_NOT_PRODUCTION,557989.4742,504875.3716,9878.7574,24851,24505,-0.01770420,0.00338982,-0.02772422,-0.01770420,-9878.7574,557989.4742,OK,0.0000,395.1503,4.0000,96.0000,AG03-UNRESOLVED,ALL5_LEVELS_bet23_to_bet27,395.1503,395.1503,395.1503,0.0000,0.0000,4.000000,4.000000,4.000000,0.000000,0.000000,96.000000,96.000000,96.000000,100.000000,100.000000,5.0,1185.4509,1138.6651,8693.3065,8740.0923,PENDING_AG03,FALSE,NOT_FOR_ENFORCEMENT,9483.6071,484680.3568,9878.7574,9483.6071,395.1503,0.01770420,0.01699603,395.1503,9483.6071,0.01699603,395.1503,395.1503,395.1503,0.0000,0.0000,9483.6071,0.01699603,1185.4509,1138.6651,8693.3065,8740.0923,0.01557970,0.01566354,0.00070817,22.4534,20.6030,0.4031,82.3230,2.6463,4649.9123,204.2083,25.9152,21.1137,12.8578,14.5296,26.176,48.8436,54.2173,102.8621,13.088,0.0,3.731508,7.079487,1.545355,30,207,63,6,0.32204186,0.01770420,-0.00338982,0E-8,0.000000,0.904812,0.002133,0.03111404,2026-03-21,2026-08-06,120,3733,1703,139,0.863309,1.227414,1.154177,1.073473,,,,,,,,GLOBAL_BASELINE_NO_ENTITY_RANKING,,,NOT_APPLICABLE_GLOBAL_BASELINE,HF9g-P5,,,,X 全窗基线 · 不参与实体赏罚,15053790,1506,A168_HF9F_20260827_0900,2026-08-27 09:00:00
2026-07-16,127529701,1384,0,67.3844008984,-17.8142669042,-17.8142669042,0.2500000,5,5,0.50396966000000000,0.503969660000,-1.01591065835228,-1.0159106583522801,-1.01591065835228,0E-17,ELIGIBLE,R03b_20260811_FULL_v1,L1_ELIGIBILITY,v2026-08-11,2026-03-21..2026-08-06,baccarat_bet02_101_all_pairs_incl_sentinel,round_win = game_pnl > 0 (decisive only),COMPATIBILITY_ONLY_NOT_PRODUCTION,557989.4742,504875.3716,9878.7574,24851,24505,-0.01770420,0.00338982,-0.02772422,-0.01770420,-9878.7574,557989.4742,OK,0.0000,395.1503,4.0000,96.0000,AG03-UNRESOLVED,ALL5_LEVELS_bet23_to_bet27,395.1503,395.1503,395.1503,0.0000,0.0000,4.000000,4.000000,4.000000,0.000000,0.000000,96.000000,96.000000,96.000000,100.000000,100.000000,5.0,1185.4509,1138.6651,8693.3065,8740.0923,PENDING_AG03,FALSE,NOT_FOR_ENFORCEMENT,9483.6071,484680.3568,9878.7574,9483.6071,395.1503,0.01770420,0.01699603,395.1503,9483.6071,0.01699603,395.1503,395.1503,395.1503,0.0000,0.0000,9483.6071,0.01699603,1185.4509,1138.6651,8693.3065,8740.0923,0.01557970,0.01566354,0.00070817,22.4534,20.6030,0.4031,82.3230,2.6463,4649.9123,204.2083,25.9152,21.1137,12.8578,14.5296,26.176,48.8436,54.2173,102.8621,13.088,0.0,3.731508,7.079487,1.545355,30,207,63,6,0.32204186,0.01770420,-0.00338982,0E-8,0.000000,0.904812,0.002133,0.03111404,2026-03-21,2026-08-06,120,3733,1703,139,0.863309,1.227414,1.154177,1.073473,,,,,,,,GLOBAL_BASELINE_NO_ENTITY_RANKING,,,NOT_APPLICABLE_GLOBAL_BASELINE,HF9g-P5,,,,X 全窗基线 · 不参与实体赏罚,15053791,1506,A168_HF9F_20260827_0900,2026-08-27 09:00:00
2026-07-16,127529701,1385,0,93.4603568016,-12.9088890609,-12.9088890609,0.4285714,7,7,0.50473567142857143,0.504735671429,-0.403041368878626,-0.40304136888089725,-0.403041368878626,-4.2857E-13,ELIGIBLE,R03b_20260811_FULL_v1,L1_ELIGIBILITY,v2026-08-11,2026-03-21..2026-08-06,baccarat_bet02_101_all_pairs_incl_sentinel,round_win = game_pnl > 0 (decisive only),COMPATIBILITY_ONLY_NOT_PRODUCTION,557989.4742,504875.3716,9878.7574,24851,24505,-0.01770420,0.00338982,-0.02772422,-0.01770420,-9878.7574,557989.4742,OK,0.0000,395.1503,4.0000,96.0000,AG03-UNRESOLVED,ALL5_LEVELS_bet23_to_bet27,395.1503,395.1503,395.1503,0.0000,0.0000,4.000000,4.000000,4.000000,0.000000,0.000000,96.000000,96.000000,96.000000,100.000000,100.000000,5.0,1185.4509,1138.6651,8693.3065,8740.0923,PENDING_AG03,FALSE,NOT_FOR_ENFORCEMENT,9483.6071,484680.3568,9878.7574,9483.6071,395.1503,0.01770420,0.01699603,395.1503,9483.6071,0.01699603,395.1503,395.1503,395.1503,0.0000,0.0000,9483.6071,0.01699603,1185.4509,1138.6651,8693.3065,8740.0923,0.01557970,0.01566354,0.00070817,22.4534,20.6030,0.4031,82.3230,2.6463,4649.9123,204.2083,25.9152,21.1137,12.8578,14.5296,26.176,48.8436,54.2173,102.8621,13.088,0.0,3.731508,7.079487,1.545355,30,207,63,6,0.32204186,0.01770420,-0.00338982,0E-8,0.000000,0.904812,0.002133,0.03111404,2026-03-21,2026-08-06,120,3733,1703,139,0.863309,1.227414,1.154177,1.073473,,,,,,,,GLOBAL_BASELINE_NO_ENTITY_RANKING,,,NOT_APPLICABLE_GLOBAL_BASELINE,HF9g-P5,,,,X 全窗基线 · 不参与实体赏罚,15053792,1506,A168_HF9F_20260827_0900,2026-08-27 09:00:00
2026-07-16,127529701,1485,0,27.3668448093,0.9036222343,0.9036222343,0.6666667,4,4,0.49659680000000000,0.496596800000,0.5891529468324541,0.589152946832454,0.5891529468324541,0E-17,ELIGIBLE,R03b_20260811_FULL_v1,L1_ELIGIBILITY,v2026-08-11,2026-03-21..2026-08-06,baccarat_bet02_101_all_pairs_incl_sentinel,round_win = game_pnl > 0 (decisive only),COMPATIBILITY_ONLY_NOT_PRODUCTION,557989.4742,504875.3716,9878.7574,24851,24505,-0.01770420,0.00338982,-0.02772422,-0.01770420,-9878.7574,557989.4742,OK,0.0000,395.1503,4.0000,96.0000,AG03-UNRESOLVED,ALL5_LEVELS_bet23_to_bet27,395.1503,395.1503,395.1503,0.0000,0.0000,4.000000,4.000000,4.000000,0.000000,0.000000,96.000000,96.000000,96.000000,100.000000,100.000000,5.0,1185.4509,1138.6651,8693.3065,8740.0923,PENDING_AG03,FALSE,NOT_FOR_ENFORCEMENT,9483.6071,484680.3568,9878.7574,9483.6071,395.1503,0.01770420,0.01699603,395.1503,9483.6071,0.01699603,395.1503,395.1503,395.1503,0.0000,0.0000,9483.6071,0.01699603,1185.4509,1138.6651,8693.3065,8740.0923,0.01557970,0.01566354,0.00070817,22.4534,20.6030,0.4031,82.3230,2.6463,4649.9123,204.2083,25.9152,21.1137,12.8578,14.5296,26.176,48.8436,54.2173,102.8621,13.088,0.0,3.731508,7.079487,1.545355,30,207,63,6,0.32204186,0.01770420,-0.00338982,0E-8,0.000000,0.904812,0.002133,0.03111404,2026-03-21,2026-08-06,120,3733,1703,139,0.863309,1.227414,1.154177,1.073473,,,,,,,,GLOBAL_BASELINE_NO_ENTITY_RANKING,,,NOT_APPLICABLE_GLOBAL_BASELINE,HF9g-P5,,,,X 全窗基线 · 不参与实体赏罚,15053793,1506,A168_HF9F_20260827_0900,2026-08-27 09:00:00
2026-07-16,127529701,1942,0,15.2324890920,-3.1497689309,-3.1497689309,0.3333333,3,3,0.50218230000000000,0.502182300000,-0.5849155494134425,-0.5849155494134426,-0.5849155494134425,0E-17,ELIGIBLE,R03b_20260811_FULL_v1,L1_ELIGIBILITY,v2026-08-11,2026-03-21..2026-08-06,baccarat_bet02_101_all_pairs_incl_sentinel,round_win = game_pnl > 0 (decisive only),COMPATIBILITY_ONLY_NOT_PRODUCTION,557989.4742,504875.3716,9878.7574,24851,24505,-0.01770420,0.00338982,-0.02772422,-0.01770420,-9878.7574,557989.4742,OK,0.0000,395.1503,4.0000,96.0000,AG03-UNRESOLVED,ALL5_LEVELS_bet23_to_bet27,395.1503,395.1503,395.1503,0.0000,0.0000,4.000000,4.000000,4.000000,0.000000,0.000000,96.000000,96.000000,96.000000,100.000000,100.000000,5.0,1185.4509,1138.6651,8693.3065,8740.0923,PENDING_AG03,FALSE,NOT_FOR_ENFORCEMENT,9483.6071,484680.3568,9878.7574,9483.6071,395.1503,0.01770420,0.01699603,395.1503,9483.6071,0.01699603,395.1503,395.1503,395.1503,0.0000,0.0000,9483.6071,0.01699603,1185.4509,1138.6651,8693.3065,8740.0923,0.01557970,0.01566354,0.00070817,22.4534,20.6030,0.4031,82.3230,2.6463,4649.9123,204.2083,25.9152,21.1137,12.8578,14.5296,26.176,48.8436,54.2173,102.8621,13.088,0.0,3.731508,7.079487,1.545355,30,207,63,6,0.32204186,0.01770420,-0.00338982,0E-8,0.000000,0.904812,0.002133,0.03111404,2026-03-21,2026-08-06,120,3733,1703,139,0.863309,1.227414,1.154177,1.073473,,,,,,,,GLOBAL_BASELINE_NO_ENTITY_RANKING,,,NOT_APPLICABLE_GLOBAL_BASELINE,HF9g-P5,,,,X 全窗基线 · 不参与实体赏罚,15053794,1506,A168_HF9F_20260827_0900,2026-08-27 09:00:00
2026-07-16,127529701,1994,0,36.1448893708,-36.1448893708,-36.1448893708,0E-7,3,3,0.49324550000000000,0.493245500000,-1.708808463184432,-1.7088084631844318,-1.708808463184432,0E-17,ELIGIBLE,R03b_20260811_FULL_v1,L1_ELIGIBILITY,v2026-08-11,2026-03-21..2026-08-06,baccarat_bet02_101_all_pairs_incl_sentinel,round_win = game_pnl > 0 (decisive only),COMPATIBILITY_ONLY_NOT_PRODUCTION,557989.4742,504875.3716,9878.7574,24851,24505,-0.01770420,0.00338982,-0.02772422,-0.01770420,-9878.7574,557989.4742,OK,0.0000,395.1503,4.0000,96.0000,AG03-UNRESOLVED,ALL5_LEVELS_bet23_to_bet27,395.1503,395.1503,395.1503,0.0000,0.0000,4.000000,4.000000,4.000000,0.000000,0.000000,96.000000,96.000000,96.000000,100.000000,100.000000,5.0,1185.4509,1138.6651,8693.3065,8740.0923,PENDING_AG03,FALSE,NOT_FOR_ENFORCEMENT,9483.6071,484680.3568,9878.7574,9483.6071,395.1503,0.01770420,0.01699603,395.1503,9483.6071,0.01699603,395.1503,395.1503,395.1503,0.0000,0.0000,9483.6071,0.01699603,1185.4509,1138.6651,8693.3065,8740.0923,0.01557970,0.01566354,0.00070817,22.4534,20.6030,0.4031,82.3230,2.6463,4649.9123,204.2083,25.9152,21.1137,12.8578,14.5296,26.176,48.8436,54.2173,102.8621,13.088,0.0,3.731508,7.079487,1.545355,30,207,63,6,0.32204186,0.01770420,-0.00338982,0E-8,0.000000,0.904812,0.002133,0.03111404,2026-03-21,2026-08-06,120,3733,1703,139,0.863309,1.227414,1.154177,1.073473,,,,,,,,GLOBAL_BASELINE_NO_ENTITY_RANKING,,,NOT_APPLICABLE_GLOBAL_BASELINE,HF9g-P5,,,,X 全窗基线 · 不参与实体赏罚,15053795,1506,A168_HF9F_20260827_0900,2026-08-27 09:00:00
2026-07-16,127529701,2065,0,156.7139132006,10.8434668113,10.8434668113,0.4545455,11,11,0.50299473636363636,0.502994736364,-0.32138194295102357,-0.3213819429534371,-0.32138194295102357,-3.6364E-13,ELIGIBLE,R03b_20260811_FULL_v1,L1_ELIGIBILITY,v2026-08-11,2026-03-21..2026-08-06,baccarat_bet02_101_all_pairs_incl_sentinel,round_win = game_pnl > 0 (decisive only),COMPATIBILITY_ONLY_NOT_PRODUCTION,557989.4742,504875.3716,9878.7574,24851,24505,-0.01770420,0.00338982,-0.02772422,-0.01770420,-9878.7574,557989.4742,OK,0.0000,395.1503,4.0000,96.0000,AG03-UNRESOLVED,ALL5_LEVELS_bet23_to_bet27,395.1503,395.1503,395.1503,0.0000,0.0000,4.000000,4.000000,4.000000,0.000000,0.000000,96.000000,96.000000,96.000000,100.000000,100.000000,5.0,1185.4509,1138.6651,8693.3065,8740.0923,PENDING_AG03,FALSE,NOT_FOR_ENFORCEMENT,9483.6071,484680.3568,9878.7574,9483.6071,395.1503,0.01770420,0.01699603,395.1503,9483.6071,0.01699603,395.1503,395.1503,395.1503,0.0000,0.0000,9483.6071,0.01699603,1185.4509,1138.6651,8693.3065,8740.0923,0.01557970,0.01566354,0.00070817,22.4534,20.6030,0.4031,82.3230,2.6463,4649.9123,204.2083,25.9152,21.1137,12.8578,14.5296,26.176,48.8436,54.2173,102.8621,13.088,0.0,3.731508,7.079487,1.545355,30,207,63,6,0.32204186,0.01770420,-0.00338982,0E-8,0.000000,0.904812,0.002133,0.03111404,2026-03-21,2026-08-06,120,3733,1703,139,0.863309,1.227414,1.154177,1.073473,,,,,,,,GLOBAL_BASELINE_NO_ENTITY_RANKING,,,NOT_APPLICABLE_GLOBAL_BASELINE,HF9g-P5,,,,X 全窗基线 · 不参与实体赏罚,15053796,1506,A168_HF9F_20260827_0900,2026-08-27 09:00:00
2026-07-16,127529701,2121,0,7.7453334366,7.3580667648,7.3580667648,1.0000000,1,1,0.50665070000000000,0.506650700000,0.9867858985152569,0.9867858985152569,0.9867858985152569,0E-17,ELIGIBLE,R03b_20260811_FULL_v1,L1_ELIGIBILITY,v2026-08-11,2026-03-21..2026-08-06,baccarat_bet02_101_all_pairs_incl_sentinel,round_win = game_pnl > 0 (decisive only),COMPATIBILITY_ONLY_NOT_PRODUCTION,557989.4742,504875.3716,9878.7574,24851,24505,-0.01770420,0.00338982,-0.02772422,-0.01770420,-9878.7574,557989.4742,OK,0.0000,395.1503,4.0000,96.0000,AG03-UNRESOLVED,ALL5_LEVELS_bet23_to_bet27,395.1503,395.1503,395.1503,0.0000,0.0000,4.000000,4.000000,4.000000,0.000000,0.000000,96.000000,96.000000,96.000000,100.000000,100.000000,5.0,1185.4509,1138.6651,8693.3065,8740.0923,PENDING_AG03,FALSE,NOT_FOR_ENFORCEMENT,9483.6071,484680.3568,9878.7574,9483.6071,395.1503,0.01770420,0.01699603,395.1503,9483.6071,0.01699603,395.1503,395.1503,395.1503,0.0000,0.0000,9483.6071,0.01699603,1185.4509,1138.6651,8693.3065,8740.0923,0.01557970,0.01566354,0.00070817,22.4534,20.6030,0.4031,82.3230,2.6463,4649.9123,204.2083,25.9152,21.1137,12.8578,14.5296,26.176,48.8436,54.2173,102.8621,13.088,0.0,3.731508,7.079487,1.545355,30,207,63,6,0.32204186,0.01770420,-0.00338982,0E-8,0.000000,0.904812,0.002133,0.03111404,2026-03-21,2026-08-06,120,3733,1703,139,0.863309,1.227414,1.154177,1.073473,,,,,,,,GLOBAL_BASELINE_NO_ENTITY_RANKING,,,NOT_APPLICABLE_GLOBAL_BASELINE,HF9g-P5,,,,X 全窗基线 · 不参与实体赏罚,15053797,1506,A168_HF9F_20260827_0900,2026-08-27 09:00:00
2026-07-16,127529701,2145,0,46.2138228384,35.2541760256,35.2541760256,0.8333333,7,7,0.50090561428571429,0.500905614286,1.6285592473342474,1.6285592473328494,1.6285592473342474,-2.8571E-13,ELIGIBLE,R03b_20260811_FULL_v1,L1_ELIGIBILITY,v2026-08-11,2026-03-21..2026-08-06,baccarat_bet02_101_all_pairs_incl_sentinel,round_win = game_pnl > 0 (decisive only),COMPATIBILITY_ONLY_NOT_PRODUCTION,557989.4742,504875.3716,9878.7574,24851,24505,-0.01770420,0.00338982,-0.02772422,-0.01770420,-9878.7574,557989.4742,OK,0.0000,395.1503,4.0000,96.0000,AG03-UNRESOLVED,ALL5_LEVELS_bet23_to_bet27,395.1503,395.1503,395.1503,0.0000,0.0000,4.000000,4.000000,4.000000,0.000000,0.000000,96.000000,96.000000,96.000000,100.000000,100.000000,5.0,1185.4509,1138.6651,8693.3065,8740.0923,PENDING_AG03,FALSE,NOT_FOR_ENFORCEMENT,9483.6071,484680.3568,9878.7574,9483.6071,395.1503,0.01770420,0.01699603,395.1503,9483.6071,0.01699603,395.1503,395.1503,395.1503,0.0000,0.0000,9483.6071,0.01699603,1185.4509,1138.6651,8693.3065,8740.0923,0.01557970,0.01566354,0.00070817,22.4534,20.6030,0.4031,82.3230,2.6463,4649.9123,204.2083,25.9152,21.1137,12.8578,14.5296,26.176,48.8436,54.2173,102.8621,13.088,0.0,3.731508,7.079487,1.545355,30,207,63,6,0.32204186,0.01770420,-0.00338982,0E-8,0.000000,0.904812,0.002133,0.03111404,2026-03-21,2026-08-06,120,3733,1703,139,0.863309,1.227414,1.154177,1.073473,,,,,,,,GLOBAL_BASELINE_NO_ENTITY_RANKING,,,NOT_APPLICABLE_GLOBAL_BASELINE,HF9g-P5,,,,X 全窗基线 · 不参与实体赏罚,15053798,1506,A168_HF9F_20260827_0900,2026-08-27 09:00:00
2026-07-16,127529701,2153,0,11.6180001549,-1.5490666873,-1.5490666873,0.5000000,2,2,0.50665070000000000,0.506650700000,-0.018812684590367487,-0.018812684590367487,-0.018812684590367487,0E-17,ELIGIBLE,R03b_20260811_FULL_v1,L1_ELIGIBILITY,v2026-08-11,2026-03-21..2026-08-06,baccarat_bet02_101_all_pairs_incl_sentinel,round_win = game_pnl > 0 (decisive only),COMPATIBILITY_ONLY_NOT_PRODUCTION,557989.4742,504875.3716,9878.7574,24851,24505,-0.01770420,0.00338982,-0.02772422,-0.01770420,-9878.7574,557989.4742,OK,0.0000,395.1503,4.0000,96.0000,AG03-UNRESOLVED,ALL5_LEVELS_bet23_to_bet27,395.1503,395.1503,395.1503,0.0000,0.0000,4.000000,4.000000,4.000000,0.000000,0.000000,96.000000,96.000000,96.000000,100.000000,100.000000,5.0,1185.4509,1138.6651,8693.3065,8740.0923,PENDING_AG03,FALSE,NOT_FOR_ENFORCEMENT,9483.6071,484680.3568,9878.7574,9483.6071,395.1503,0.01770420,0.01699603,395.1503,9483.6071,0.01699603,395.1503,395.1503,395.1503,0.0000,0.0000,9483.6071,0.01699603,1185.4509,1138.6651,8693.3065,8740.0923,0.01557970,0.01566354,0.00070817,22.4534,20.6030,0.4031,82.3230,2.6463,4649.9123,204.2083,25.9152,21.1137,12.8578,14.5296,26.176,48.8436,54.2173,102.8621,13.088,0.0,3.731508,7.079487,1.545355,30,207,63,6,0.32204186,0.01770420,-0.00338982,0E-8,0.000000,0.904812,0.002133,0.03111404,2026-03-21,2026-08-06,120,3733,1703,139,0.863309,1.227414,1.154177,1.073473,,,,,,,,GLOBAL_BASELINE_NO_ENTITY_RANKING,,,NOT_APPLICABLE_GLOBAL_BASELINE,HF9g-P5,,,,X 全窗基线 · 不参与实体赏罚,15053799,1506,A168_HF9F_20260827_0900,2026-08-27 09:00:00
2026-07-16,127529701,2239,0,5.1635556244,5.1635556244,5.1635556244,1.0000000,1,1,0.50665070000000000,0.506650700000,0.9867858985152569,0.9867858985152569,0.9867858985152569,0E-17,ELIGIBLE,R03b_20260811_FULL_v1,L1_ELIGIBILITY,v2026-08-11,2026-03-21..2026-08-06,baccarat_bet02_101_all_pairs_incl_sentinel,round_win = game_pnl > 0 (decisive only),COMPATIBILITY_ONLY_NOT_PRODUCTION,557989.4742,504875.3716,9878.7574,24851,24505,-0.01770420,0.00338982,-0.02772422,-0.01770420,-9878.7574,557989.4742,OK,0.0000,395.1503,4.0000,96.0000,AG03-UNRESOLVED,ALL5_LEVELS_bet23_to_bet27,395.1503,395.1503,395.1503,0.0000,0.0000,4.000000,4.000000,4.000000,0.000000,0.000000,96.000000,96.000000,96.000000,100.000000,100.000000,5.0,1185.4509,1138.6651,8693.3065,8740.0923,PENDING_AG03,FALSE,NOT_FOR_ENFORCEMENT,9483.6071,484680.3568,9878.7574,9483.6071,395.1503,0.01770420,0.01699603,395.1503,9483.6071,0.01699603,395.1503,395.1503,395.1503,0.0000,0.0000,9483.6071,0.01699603,1185.4509,1138.6651,8693.3065,8740.0923,0.01557970,0.01566354,0.00070817,22.4534,20.6030,0.4031,82.3230,2.6463,4649.9123,204.2083,25.9152,21.1137,12.8578,14.5296,26.176,48.8436,54.2173,102.8621,13.088,0.0,3.731508,7.079487,1.545355,30,207,63,6,0.32204186,0.01770420,-0.00338982,0E-8,0.000000,0.904812,0.002133,0.03111404,2026-03-21,2026-08-06,120,3733,1703,139,0.863309,1.227414,1.154177,1.073473,,,,,,,,GLOBAL_BASELINE_NO_ENTITY_RANKING,,,NOT_APPLICABLE_GLOBAL_BASELINE,HF9g-P5,,,,X 全窗基线 · 不参与实体赏罚,15053800,1506,A168_HF9F_20260827_0900,2026-08-27 09:00:00
2026-07-16,127529701,2246,0,183.3062246662,-28.4511914903,-28.4511914903,0.5714286,14,14,0.47338865000000000,0.473388650000,0.7347049134383027,0.7347049134383028,0.7347049134383027,0E-17,ELIGIBLE,R03b_20260811_FULL_v1,L1_ELIGIBILITY,v2026-08-11,2026-03-21..2026-08-06,baccarat_bet02_101_all_pairs_incl_sentinel,round_win = game_pnl > 0 (decisive only),COMPATIBILITY_ONLY_NOT_PRODUCTION,557989.4742,504875.3716,9878.7574,24851,24505,-0.01770420,0.00338982,-0.02772422,-0.01770420,-9878.7574,557989.4742,OK,0.0000,395.1503,4.0000,96.0000,AG03-UNRESOLVED,ALL5_LEVELS_bet23_to_bet27,395.1503,395.1503,395.1503,0.0000,0.0000,4.000000,4.000000,4.000000,0.000000,0.000000,96.000000,96.000000,96.000000,100.000000,100.000000,5.0,1185.4509,1138.6651,8693.3065,8740.0923,PENDING_AG03,FALSE,NOT_FOR_ENFORCEMENT,9483.6071,484680.3568,9878.7574,9483.6071,395.1503,0.01770420,0.01699603,395.1503,9483.6071,0.01699603,395.1503,395.1503,395.1503,0.0000,0.0000,9483.6071,0.01699603,1185.4509,1138.6651,8693.3065,8740.0923,0.01557970,0.01566354,0.00070817,22.4534,20.6030,0.4031,82.3230,2.6463,4649.9123,204.2083,25.9152,21.1137,12.8578,14.5296,26.176,48.8436,54.2173,102.8621,13.088,0.0,3.731508,7.079487,1.545355,30,207,63,6,0.32204186,0.01770420,-0.00338982,0E-8,0.000000,0.904812,0.002133,0.03111404,2026-03-21,2026-08-06,120,3733,1703,139,0.863309,1.227414,1.154177,1.073473,,,,,,,,GLOBAL_BASELINE_NO_ENTITY_RANKING,,,NOT_APPLICABLE_GLOBAL_BASELINE,HF9g-P5,,,,X 全窗基线 · 不参与实体赏罚,15053801,1506,A168_HF9F_20260827_0900,2026-08-27 09:00:00
2026-07-16,127529701,2251,0,20.6542224976,-20.6542224976,-20.6542224976,0E-7,2,2,0.49324550000000000,0.493245500000,-1.3952362676504506,-1.3952362676504506,-1.3952362676504506,0E-17,ELIGIBLE,R03b_20260811_FULL_v1,L1_ELIGIBILITY,v2026-08-11,2026-03-21..2026-08-06,baccarat_bet02_101_all_pairs_incl_sentinel,round_win = game_pnl > 0 (decisive only),COMPATIBILITY_ONLY_NOT_PRODUCTION,557989.4742,504875.3716,9878.7574,24851,24505,-0.01770420,0.00338982,-0.02772422,-0.01770420,-9878.7574,557989.4742,OK,0.0000,395.1503,4.0000,96.0000,AG03-UNRESOLVED,ALL5_LEVELS_bet23_to_bet27,395.1503,395.1503,395.1503,0.0000,0.0000,4.000000,4.000000,4.000000,0.000000,0.000000,96.000000,96.000000,96.000000,100.000000,100.000000,5.0,1185.4509,1138.6651,8693.3065,8740.0923,PENDING_AG03,FALSE,NOT_FOR_ENFORCEMENT,9483.6071,484680.3568,9878.7574,9483.6071,395.1503,0.01770420,0.01699603,395.1503,9483.6071,0.01699603,395.1503,395.1503,395.1503,0.0000,0.0000,9483.6071,0.01699603,1185.4509,1138.6651,8693.3065,8740.0923,0.01557970,0.01566354,0.00070817,22.4534,20.6030,0.4031,82.3230,2.6463,4649.9123,204.2083,25.9152,21.1137,12.8578,14.5296,26.176,48.8436,54.2173,102.8621,13.088,0.0,3.731508,7.079487,1.545355,30,207,63,6,0.32204186,0.01770420,-0.00338982,0E-8,0.000000,0.904812,0.002133,0.03111404,2026-03-21,2026-08-06,120,3733,1703,139,0.863309,1.227414,1.154177,1.073473,,,,,,,,GLOBAL_BASELINE_NO_ENTITY_RANKING,,,NOT_APPLICABLE_GLOBAL_BASELINE,HF9g-P5,,,,X 全窗基线 · 不参与实体赏罚,15053802,1506,A168_HF9F_20260827_0900,2026-08-27 09:00:00
2026-07-16,127529701,462,0,44.9229339323,33.1242093306,33.1242093306,1.0000000,8,8,0.50162375000000000,0.501623750000,2.4415478994723316,2.441547899472332,2.4415478994723316,0E-17,ELIGIBLE,R03b_20260811_FULL_v1,L1_ELIGIBILITY,v2026-08-11,2026-03-21..2026-08-06,baccarat_bet02_101_all_pairs_incl_sentinel,round_win = game_pnl > 0 (decisive only),COMPATIBILITY_ONLY_NOT_PRODUCTION,557989.4742,504875.3716,9878.7574,24851,24505,-0.01770420,0.00338982,-0.02772422,-0.01770420,-9878.7574,557989.4742,OK,0.0000,395.1503,4.0000,96.0000,AG03-UNRESOLVED,ALL5_LEVELS_bet23_to_bet27,395.1503,395.1503,395.1503,0.0000,0.0000,4.000000,4.000000,4.000000,0.000000,0.000000,96.000000,96.000000,96.000000,100.000000,100.000000,5.0,1185.4509,1138.6651,8693.3065,8740.0923,PENDING_AG03,FALSE,NOT_FOR_ENFORCEMENT,9483.6071,484680.3568,9878.7574,9483.6071,395.1503,0.01770420,0.01699603,395.1503,9483.6071,0.01699603,395.1503,395.1503,395.1503,0.0000,0.0000,9483.6071,0.01699603,1185.4509,1138.6651,8693.3065,8740.0923,0.01557970,0.01566354,0.00070817,22.4534,20.6030,0.4031,82.3230,2.6463,4649.9123,204.2083,25.9152,21.1137,12.8578,14.5296,26.176,48.8436,54.2173,102.8621,13.088,0.0,3.731508,7.079487,1.545355,30,207,63,6,0.32204186,0.01770420,-0.00338982,0E-8,0.000000,0.904812,0.002133,0.03111404,2026-03-21,2026-08-06,120,3733,1703,139,0.863309,1.227414,1.154177,1.073473,,,,,,,,GLOBAL_BASELINE_NO_ENTITY_RANKING,,,NOT_APPLICABLE_GLOBAL_BASELINE,HF9g-P5,,,,X 全窗基线 · 不参与实体赏罚,15053803,1506,A168_HF9F_20260827_0900,2026-08-27 09:00:00
2026-07-16,127529701,471,0,18.0724446854,-8.0035112178,-8.0035112178,0.5000000,2,2,0.49994810000000000,0.499948100000,0.00014679536856514622,0.00014679536856514622,0.00014679536856514622,0E-17,ELIGIBLE,R03b_20260811_FULL_v1,L1_ELIGIBILITY,v2026-08-11,2026-03-21..2026-08-06,baccarat_bet02_101_all_pairs_incl_sentinel,round_win = game_pnl > 0 (decisive only),COMPATIBILITY_ONLY_NOT_PRODUCTION,557989.4742,504875.3716,9878.7574,24851,24505,-0.01770420,0.00338982,-0.02772422,-0.01770420,-9878.7574,557989.4742,OK,0.0000,395.1503,4.0000,96.0000,AG03-UNRESOLVED,ALL5_LEVELS_bet23_to_bet27,395.1503,395.1503,395.1503,0.0000,0.0000,4.000000,4.000000,4.000000,0.000000,0.000000,96.000000,96.000000,96.000000,100.000000,100.000000,5.0,1185.4509,1138.6651,8693.3065,8740.0923,PENDING_AG03,FALSE,NOT_FOR_ENFORCEMENT,9483.6071,484680.3568,9878.7574,9483.6071,395.1503,0.01770420,0.01699603,395.1503,9483.6071,0.01699603,395.1503,395.1503,395.1503,0.0000,0.0000,9483.6071,0.01699603,1185.4509,1138.6651,8693.3065,8740.0923,0.01557970,0.01566354,0.00070817,22.4534,20.6030,0.4031,82.3230,2.6463,4649.9123,204.2083,25.9152,21.1137,12.8578,14.5296,26.176,48.8436,54.2173,102.8621,13.088,0.0,3.731508,7.079487,1.545355,30,207,63,6,0.32204186,0.01770420,-0.00338982,0E-8,0.000000,0.904812,0.002133,0.03111404,2026-03-21,2026-08-06,120,3733,1703,139,0.863309,1.227414,1.154177,1.073473,,,,,,,,GLOBAL_BASELINE_NO_ENTITY_RANKING,,,NOT_APPLICABLE_GLOBAL_BASELINE,HF9g-P5,,,,X 全窗基线 · 不参与实体赏罚,15053804,1506,A168_HF9F_20260827_0900,2026-08-27 09:00:00
2026-07-16,127529701,789,0,49.0537784318,22.0742002944,22.0742002944,0.6000000,5,5,0.50128862000000000,0.501288620000,0.4414521777673877,0.4414521777673877,0.4414521777673877,0E-17,ELIGIBLE,R03b_20260811_FULL_v1,L1_ELIGIBILITY,v2026-08-11,2026-03-21..2026-08-06,baccarat_bet02_101_all_pairs_incl_sentinel,round_win = game_pnl > 0 (decisive only),COMPATIBILITY_ONLY_NOT_PRODUCTION,557989.4742,504875.3716,9878.7574,24851,24505,-0.01770420,0.00338982,-0.02772422,-0.01770420,-9878.7574,557989.4742,OK,0.0000,395.1503,4.0000,96.0000,AG03-UNRESOLVED,ALL5_LEVELS_bet23_to_bet27,395.1503,395.1503,395.1503,0.0000,0.0000,4.000000,4.000000,4.000000,0.000000,0.000000,96.000000,96.000000,96.000000,100.000000,100.000000,5.0,1185.4509,1138.6651,8693.3065,8740.0923,PENDING_AG03,FALSE,NOT_FOR_ENFORCEMENT,9483.6071,484680.3568,9878.7574,9483.6071,395.1503,0.01770420,0.01699603,395.1503,9483.6071,0.01699603,395.1503,395.1503,395.1503,0.0000,0.0000,9483.6071,0.01699603,1185.4509,1138.6651,8693.3065,8740.0923,0.01557970,0.01566354,0.00070817,22.4534,20.6030,0.4031,82.3230,2.6463,4649.9123,204.2083,25.9152,21.1137,12.8578,14.5296,26.176,48.8436,54.2173,102.8621,13.088,0.0,3.731508,7.079487,1.545355,30,207,63,6,0.32204186,0.01770420,-0.00338982,0E-8,0.000000,0.904812,0.002133,0.03111404,2026-03-21,2026-08-06,120,3733,1703,139,0.863309,1.227414,1.154177,1.073473,,,,,,,,GLOBAL_BASELINE_NO_ENTITY_RANKING,,,NOT_APPLICABLE_GLOBAL_BASELINE,HF9g-P5,,,,X 全窗基线 · 不参与实体赏罚,15053805,1506,A168_HF9F_20260827_0900,2026-08-27 09:00:00
2026-07-16,127529701,987,0,56.7991118684,-38.7266671830,-38.7266671830,0E-7,4,4,0.49994810000000000,0.499948100000,-1.4140667746232096,-1.4140667746232096,-1.4140667746232096,0E-17,ELIGIBLE,R03b_20260811_FULL_v1,L1_ELIGIBILITY,v2026-08-11,2026-03-21..2026-08-06,baccarat_bet02_101_all_pairs_incl_sentinel,round_win = game_pnl > 0 (decisive only),COMPATIBILITY_ONLY_NOT_PRODUCTION,557989.4742,504875.3716,9878.7574,24851,24505,-0.01770420,0.00338982,-0.02772422,-0.01770420,-9878.7574,557989.4742,OK,0.0000,395.1503,4.0000,96.0000,AG03-UNRESOLVED,ALL5_LEVELS_bet23_to_bet27,395.1503,395.1503,395.1503,0.0000,0.0000,4.000000,4.000000,4.000000,0.000000,0.000000,96.000000,96.000000,96.000000,100.000000,100.000000,5.0,1185.4509,1138.6651,8693.3065,8740.0923,PENDING_AG03,FALSE,NOT_FOR_ENFORCEMENT,9483.6071,484680.3568,9878.7574,9483.6071,395.1503,0.01770420,0.01699603,395.1503,9483.6071,0.01699603,395.1503,395.1503,395.1503,0.0000,0.0000,9483.6071,0.01699603,1185.4509,1138.6651,8693.3065,8740.0923,0.01557970,0.01566354,0.00070817,22.4534,20.6030,0.4031,82.3230,2.6463,4649.9123,204.2083,25.9152,21.1137,12.8578,14.5296,26.176,48.8436,54.2173,102.8621,13.088,0.0,3.731508,7.079487,1.545355,30,207,63,6,0.32204186,0.01770420,-0.00338982,0E-8,0.000000,0.904812,0.002133,0.03111404,2026-03-21,2026-08-06,120,3733,1703,139,0.863309,1.227414,1.154177,1.073473,,,,,,,,GLOBAL_BASELINE_NO_ENTITY_RANKING,,,NOT_APPLICABLE_GLOBAL_BASELINE,HF9g-P5,,,,X 全窗基线 · 不参与实体赏罚,15053806,1506,A168_HF9F_20260827_0900,2026-08-27 09:00:00
2026-07-16,127529701,994,0,2.5817778122,2.4526889216,2.4526889216,1.0000000,1,1,0.50665070000000000,0.506650700000,0.9867858985152569,0.9867858985152569,0.9867858985152569,0E-17,ELIGIBLE,R03b_20260811_FULL_v1,L1_ELIGIBILITY,v2026-08-11,2026-03-21..2026-08-06,baccarat_bet02_101_all_pairs_incl_sentinel,round_win = game_pnl > 0 (decisive only),COMPATIBILITY_ONLY_NOT_PRODUCTION,557989.4742,504875.3716,9878.7574,24851,24505,-0.01770420,0.00338982,-0.02772422,-0.01770420,-9878.7574,557989.4742,OK,0.0000,395.1503,4.0000,96.0000,AG03-UNRESOLVED,ALL5_LEVELS_bet23_to_bet27,395.1503,395.1503,395.1503,0.0000,0.0000,4.000000,4.000000,4.000000,0.000000,0.000000,96.000000,96.000000,96.000000,100.000000,100.000000,5.0,1185.4509,1138.6651,8693.3065,8740.0923,PENDING_AG03,FALSE,NOT_FOR_ENFORCEMENT,9483.6071,484680.3568,9878.7574,9483.6071,395.1503,0.01770420,0.01699603,395.1503,9483.6071,0.01699603,395.1503,395.1503,395.1503,0.0000,0.0000,9483.6071,0.01699603,1185.4509,1138.6651,8693.3065,8740.0923,0.01557970,0.01566354,0.00070817,22.4534,20.6030,0.4031,82.3230,2.6463,4649.9123,204.2083,25.9152,21.1137,12.8578,14.5296,26.176,48.8436,54.2173,102.8621,13.088,0.0,3.731508,7.079487,1.545355,30,207,63,6,0.32204186,0.01770420,-0.00338982,0E-8,0.000000,0.904812,0.002133,0.03111404,2026-03-21,2026-08-06,120,3733,1703,139,0.863309,1.227414,1.154177,1.073473,,,,,,,,GLOBAL_BASELINE_NO_ENTITY_RANKING,,,NOT_APPLICABLE_GLOBAL_BASELINE,HF9g-P5,,,,X 全窗基线 · 不参与实体赏罚,15053807,1506,A168_HF9F_20260827_0900,2026-08-27 09:00:00
2026-07-17,127529701,-1,1,973.8465907620,83.9852322312,83.9852322312,0.5555556,30,30,0.50084178000000000,0.500841780000,0.5686030406343399,0.56860304063434,0.5686030406343399,0E-17,SENTINEL_DEALER,R03b_20260811_FULL_v1,L1_ELIGIBILITY,v2026-08-11,2026-03-21..2026-08-06,baccarat_bet02_101_all_pairs_incl_sentinel,round_win = game_pnl > 0 (decisive only),COMPATIBILITY_ONLY_NOT_PRODUCTION,557989.4742,504875.3716,9878.7574,24851,24505,-0.01770420,0.00338982,-0.02772422,-0.01770420,-9878.7574,557989.4742,OK,0.0000,395.1503,4.0000,96.0000,AG03-UNRESOLVED,ALL5_LEVELS_bet23_to_bet27,395.1503,395.1503,395.1503,0.0000,0.0000,4.000000,4.000000,4.000000,0.000000,0.000000,96.000000,96.000000,96.000000,100.000000,100.000000,5.0,1185.4509,1138.6651,8693.3065,8740.0923,PENDING_AG03,FALSE,NOT_FOR_ENFORCEMENT,9483.6071,484680.3568,9878.7574,9483.6071,395.1503,0.01770420,0.01699603,395.1503,9483.6071,0.01699603,395.1503,395.1503,395.1503,0.0000,0.0000,9483.6071,0.01699603,1185.4509,1138.6651,8693.3065,8740.0923,0.01557970,0.01566354,0.00070817,22.4534,20.6030,0.4031,82.3230,2.6463,4649.9123,204.2083,25.9152,21.1137,12.8578,14.5296,26.176,48.8436,54.2173,102.8621,13.088,0.0,3.731508,7.079487,1.545355,30,207,63,6,0.32204186,0.01770420,-0.00338982,0E-8,0.000000,0.904812,0.002133,0.03111404,2026-03-21,2026-08-06,120,3733,1703,139,0.863309,1.227414,1.154177,1.073473,,,,,,,,GLOBAL_BASELINE_NO_ENTITY_RANKING,,,NOT_APPLICABLE_GLOBAL_BASELINE,HF9g-P5,,,,X 全窗基线 · 不参与实体赏罚,15053808,1506,A168_HF9F_20260827_0900,2026-08-27 09:00:00
2026-07-17,127529701,1115,0,628.9210750520,231.1852941936,231.1852941936,0.6250000,17,17,0.50270799411764706,0.502707994118,0.9783503961051893,0.9783503961023694,0.9783503961051893,-3.5294E-13,ELIGIBLE,R03b_20260811_FULL_v1,L1_ELIGIBILITY,v2026-08-11,2026-03-21..2026-08-06,baccarat_bet02_101_all_pairs_incl_sentinel,round_win = game_pnl > 0 (decisive only),COMPATIBILITY_ONLY_NOT_PRODUCTION,557989.4742,504875.3716,9878.7574,24851,24505,-0.01770420,0.00338982,-0.02772422,-0.01770420,-9878.7574,557989.4742,OK,0.0000,395.1503,4.0000,96.0000,AG03-UNRESOLVED,ALL5_LEVELS_bet23_to_bet27,395.1503,395.1503,395.1503,0.0000,0.0000,4.000000,4.000000,4.000000,0.000000,0.000000,96.000000,96.000000,96.000000,100.000000,100.000000,5.0,1185.4509,1138.6651,8693.3065,8740.0923,PENDING_AG03,FALSE,NOT_FOR_ENFORCEMENT,9483.6071,484680.3568,9878.7574,9483.6071,395.1503,0.01770420,0.01699603,395.1503,9483.6071,0.01699603,395.1503,395.1503,395.1503,0.0000,0.0000,9483.6071,0.01699603,1185.4509,1138.6651,8693.3065,8740.0923,0.01557970,0.01566354,0.00070817,22.4534,20.6030,0.4031,82.3230,2.6463,4649.9123,204.2083,25.9152,21.1137,12.8578,14.5296,26.176,48.8436,54.2173,102.8621,13.088,0.0,3.731508,7.079487,1.545355,30,207,63,6,0.32204186,0.01770420,-0.00338982,0E-8,0.000000,0.904812,0.002133,0.03111404,2026-03-21,2026-08-06,120,3733,1703,139,0.863309,1.227414,1.154177,1.073473,,,,,,,,GLOBAL_BASELINE_NO_ENTITY_RANKING,,,NOT_APPLICABLE_GLOBAL_BASELINE,HF9g-P5,,,,X 全窗基线 · 不参与实体赏罚,15053809,1506,A168_HF9F_20260827_0900,2026-08-27 09:00:00
2026-07-17,127529701,1402,0,109.4673792373,90.8785789895,90.8785789895,1.0000000,6,6,0.49771390000000000,0.497713900000,2.2463152072533514,2.246315207253351,2.2463152072533514,0E-17,ELIGIBLE,R03b_20260811_FULL_v1,L1_ELIGIBILITY,v2026-08-11,2026-03-21..2026-08-06,baccarat_bet02_101_all_pairs_incl_sentinel,round_win = game_pnl > 0 (decisive only),COMPATIBILITY_ONLY_NOT_PRODUCTION,557989.4742,504875.3716,9878.7574,24851,24505,-0.01770420,0.00338982,-0.02772422,-0.01770420,-9878.7574,557989.4742,OK,0.0000,395.1503,4.0000,96.0000,AG03-UNRESOLVED,ALL5_LEVELS_bet23_to_bet27,395.1503,395.1503,395.1503,0.0000,0.0000,4.000000,4.000000,4.000000,0.000000,0.000000,96.000000,96.000000,96.000000,100.000000,100.000000,5.0,1185.4509,1138.6651,8693.3065,8740.0923,PENDING_AG03,FALSE,NOT_FOR_ENFORCEMENT,9483.6071,484680.3568,9878.7574,9483.6071,395.1503,0.01770420,0.01699603,395.1503,9483.6071,0.01699603,395.1503,395.1503,395.1503,0.0000,0.0000,9483.6071,0.01699603,1185.4509,1138.6651,8693.3065,8740.0923,0.01557970,0.01566354,0.00070817,22.4534,20.6030,0.4031,82.3230,2.6463,4649.9123,204.2083,25.9152,21.1137,12.8578,14.5296,26.176,48.8436,54.2173,102.8621,13.088,0.0,3.731508,7.079487,1.545355,30,207,63,6,0.32204186,0.01770420,-0.00338982,0E-8,0.000000,0.904812,0.002133,0.03111404,2026-03-21,2026-08-06,120,3733,1703,139,0.863309,1.227414,1.154177,1.073473,,,,,,,,GLOBAL_BASELINE_NO_ENTITY_RANKING,,,NOT_APPLICABLE_GLOBAL_BASELINE,HF9g-P5,,,,X 全窗基线 · 不参与实体赏罚,15053810,1506,A168_HF9F_20260827_0900,2026-08-27 09:00:00
2026-07-17,127529701,1507,0,305.1661374021,62.8662897272,62.8662897272,0.6666667,6,6,0.50218230000000000,0.502182300000,0.8058132132962729,0.8058132132962729,0.8058132132962729,0E-17,ELIGIBLE,R03b_20260811_FULL_v1,L1_ELIGIBILITY,v2026-08-11,2026-03-21..2026-08-06,baccarat_bet02_101_all_pairs_incl_sentinel,round_win = game_pnl > 0 (decisive only),COMPATIBILITY_ONLY_NOT_PRODUCTION,557989.4742,504875.3716,9878.7574,24851,24505,-0.01770420,0.00338982,-0.02772422,-0.01770420,-9878.7574,557989.4742,OK,0.0000,395.1503,4.0000,96.0000,AG03-UNRESOLVED,ALL5_LEVELS_bet23_to_bet27,395.1503,395.1503,395.1503,0.0000,0.0000,4.000000,4.000000,4.000000,0.000000,0.000000,96.000000,96.000000,96.000000,100.000000,100.000000,5.0,1185.4509,1138.6651,8693.3065,8740.0923,PENDING_AG03,FALSE,NOT_FOR_ENFORCEMENT,9483.6071,484680.3568,9878.7574,9483.6071,395.1503,0.01770420,0.01699603,395.1503,9483.6071,0.01699603,395.1503,395.1503,395.1503,0.0000,0.0000,9483.6071,0.01699603,1185.4509,1138.6651,8693.3065,8740.0923,0.01557970,0.01566354,0.00070817,22.4534,20.6030,0.4031,82.3230,2.6463,4649.9123,204.2083,25.9152,21.1137,12.8578,14.5296,26.176,48.8436,54.2173,102.8621,13.088,0.0,3.731508,7.079487,1.545355,30,207,63,6,0.32204186,0.01770420,-0.00338982,0E-8,0.000000,0.904812,0.002133,0.03111404,2026-03-21,2026-08-06,120,3733,1703,139,0.863309,1.227414,1.154177,1.073473,,,,,,,,GLOBAL_BASELINE_NO_ENTITY_RANKING,,,NOT_APPLICABLE_GLOBAL_BASELINE,HF9g-P5,,,,X 全窗基线 · 不参与实体赏罚,15053811,1506,A168_HF9F_20260827_0900,2026-08-27 09:00:00
2026-07-17,127529701,2093,0,85.1986678026,-7.7453334366,-7.7453334366,0.3333333,3,3,0.49771390000000000,0.497713900000,-0.5694369385616226,-0.5694369385616226,-0.5694369385616226,0E-17,ELIGIBLE,R03b_20260811_FULL_v1,L1_ELIGIBILITY,v2026-08-11,2026-03-21..2026-08-06,baccarat_bet02_101_all_pairs_incl_sentinel,round_win = game_pnl > 0 (decisive only),COMPATIBILITY_ONLY_NOT_PRODUCTION,557989.4742,504875.3716,9878.7574,24851,24505,-0.01770420,0.00338982,-0.02772422,-0.01770420,-9878.7574,557989.4742,OK,0.0000,395.1503,4.0000,96.0000,AG03-UNRESOLVED,ALL5_LEVELS_bet23_to_bet27,395.1503,395.1503,395.1503,0.0000,0.0000,4.000000,4.000000,4.000000,0.000000,0.000000,96.000000,96.000000,96.000000,100.000000,100.000000,5.0,1185.4509,1138.6651,8693.3065,8740.0923,PENDING_AG03,FALSE,NOT_FOR_ENFORCEMENT,9483.6071,484680.3568,9878.7574,9483.6071,395.1503,0.01770420,0.01699603,395.1503,9483.6071,0.01699603,395.1503,395.1503,395.1503,0.0000,0.0000,9483.6071,0.01699603,1185.4509,1138.6651,8693.3065,8740.0923,0.01557970,0.01566354,0.00070817,22.4534,20.6030,0.4031,82.3230,2.6463,4649.9123,204.2083,25.9152,21.1137,12.8578,14.5296,26.176,48.8436,54.2173,102.8621,13.088,0.0,3.731508,7.079487,1.545355,30,207,63,6,0.32204186,0.01770420,-0.00338982,0E-8,0.000000,0.904812,0.002133,0.03111404,2026-03-21,2026-08-06,120,3733,1703,139,0.863309,1.227414,1.154177,1.073473,,,,,,,,GLOBAL_BASELINE_NO_ENTITY_RANKING,,,NOT_APPLICABLE_GLOBAL_BASELINE,HF9g-P5,,,,X 全窗基线 · 不参与实体赏罚,15053812,1506,A168_HF9F_20260827_0900,2026-08-27 09:00:00
2026-07-17,127529701,2103,0,45.6974672759,-29.6904448403,-29.6904448403,0E-7,3,3,0.50665070000000000,0.506650700000,-1.4331513700195317,-1.4331513700195317,-1.4331513700195317,0E-17,ELIGIBLE,R03b_20260811_FULL_v1,L1_ELIGIBILITY,v2026-08-11,2026-03-21..2026-08-06,baccarat_bet02_101_all_pairs_incl_sentinel,round_win = game_pnl > 0 (decisive only),COMPATIBILITY_ONLY_NOT_PRODUCTION,557989.4742,504875.3716,9878.7574,24851,24505,-0.01770420,0.00338982,-0.02772422,-0.01770420,-9878.7574,557989.4742,OK,0.0000,395.1503,4.0000,96.0000,AG03-UNRESOLVED,ALL5_LEVELS_bet23_to_bet27,395.1503,395.1503,395.1503,0.0000,0.0000,4.000000,4.000000,4.000000,0.000000,0.000000,96.000000,96.000000,96.000000,100.000000,100.000000,5.0,1185.4509,1138.6651,8693.3065,8740.0923,PENDING_AG03,FALSE,NOT_FOR_ENFORCEMENT,9483.6071,484680.3568,9878.7574,9483.6071,395.1503,0.01770420,0.01699603,395.1503,9483.6071,0.01699603,395.1503,395.1503,395.1503,0.0000,0.0000,9483.6071,0.01699603,1185.4509,1138.6651,8693.3065,8740.0923,0.01557970,0.01566354,0.00070817,22.4534,20.6030,0.4031,82.3230,2.6463,4649.9123,204.2083,25.9152,21.1137,12.8578,14.5296,26.176,48.8436,54.2173,102.8621,13.088,0.0,3.731508,7.079487,1.545355,30,207,63,6,0.32204186,0.01770420,-0.00338982,0E-8,0.000000,0.904812,0.002133,0.03111404,2026-03-21,2026-08-06,120,3733,1703,139,0.863309,1.227414,1.154177,1.073473,,,,,,,,GLOBAL_BASELINE_NO_ENTITY_RANKING,,,NOT_APPLICABLE_GLOBAL_BASELINE,HF9g-P5,,,,X 全窗基线 · 不参与实体赏罚,15053813,1506,A168_HF9F_20260827_0900,2026-08-27 09:00:00
2026-07-17,127529701,2170,0,422.6370278572,20.5638602742,20.5638602742,0.5454545,15,15,0.50039494000000000,0.500394940000,0.29889170222919514,0.29889170222919514,0.29889170222919514,0E-17,ELIGIBLE,R03b_20260811_FULL_v1,L1_ELIGIBILITY,v2026-08-11,2026-03-21..2026-08-06,baccarat_bet02_101_all_pairs_incl_sentinel,round_win = game_pnl > 0 (decisive only),COMPATIBILITY_ONLY_NOT_PRODUCTION,557989.4742,504875.3716,9878.7574,24851,24505,-0.01770420,0.00338982,-0.02772422,-0.01770420,-9878.7574,557989.4742,OK,0.0000,395.1503,4.0000,96.0000,AG03-UNRESOLVED,ALL5_LEVELS_bet23_to_bet27,395.1503,395.1503,395.1503,0.0000,0.0000,4.000000,4.000000,4.000000,0.000000,0.000000,96.000000,96.000000,96.000000,100.000000,100.000000,5.0,1185.4509,1138.6651,8693.3065,8740.0923,PENDING_AG03,FALSE,NOT_FOR_ENFORCEMENT,9483.6071,484680.3568,9878.7574,9483.6071,395.1503,0.01770420,0.01699603,395.1503,9483.6071,0.01699603,395.1503,395.1503,395.1503,0.0000,0.0000,9483.6071,0.01699603,1185.4509,1138.6651,8693.3065,8740.0923,0.01557970,0.01566354,0.00070817,22.4534,20.6030,0.4031,82.3230,2.6463,4649.9123,204.2083,25.9152,21.1137,12.8578,14.5296,26.176,48.8436,54.2173,102.8621,13.088,0.0,3.731508,7.079487,1.545355,30,207,63,6,0.32204186,0.01770420,-0.00338982,0E-8,0.000000,0.904812,0.002133,0.03111404,2026-03-21,2026-08-06,120,3733,1703,139,0.863309,1.227414,1.154177,1.073473,,,,,,,,GLOBAL_BASELINE_NO_ENTITY_RANKING,,,NOT_APPLICABLE_GLOBAL_BASELINE,HF9g-P5,,,,X 全窗基线 · 不参与实体赏罚,15053814,1506,A168_HF9F_20260827_0900,2026-08-27 09:00:00
2026-07-17,127529701,2177,0,12.9088890610,-12.9088890610,-12.9088890610,0E-7,1,1,0.49324550000000000,0.493245500000,-0.9865810262130424,-0.9865810262130424,-0.9865810262130424,0E-17,ELIGIBLE,R03b_20260811_FULL_v1,L1_ELIGIBILITY,v2026-08-11,2026-03-21..2026-08-06,baccarat_bet02_101_all_pairs_incl_sentinel,round_win = game_pnl > 0 (decisive only),COMPATIBILITY_ONLY_NOT_PRODUCTION,557989.4742,504875.3716,9878.7574,24851,24505,-0.01770420,0.00338982,-0.02772422,-0.01770420,-9878.7574,557989.4742,OK,0.0000,395.1503,4.0000,96.0000,AG03-UNRESOLVED,ALL5_LEVELS_bet23_to_bet27,395.1503,395.1503,395.1503,0.0000,0.0000,4.000000,4.000000,4.000000,0.000000,0.000000,96.000000,96.000000,96.000000,100.000000,100.000000,5.0,1185.4509,1138.6651,8693.3065,8740.0923,PENDING_AG03,FALSE,NOT_FOR_ENFORCEMENT,9483.6071,484680.3568,9878.7574,9483.6071,395.1503,0.01770420,0.01699603,395.1503,9483.6071,0.01699603,395.1503,395.1503,395.1503,0.0000,0.0000,9483.6071,0.01699603,1185.4509,1138.6651,8693.3065,8740.0923,0.01557970,0.01566354,0.00070817,22.4534,20.6030,0.4031,82.3230,2.6463,4649.9123,204.2083,25.9152,21.1137,12.8578,14.5296,26.176,48.8436,54.2173,102.8621,13.088,0.0,3.731508,7.079487,1.545355,30,207,63,6,0.32204186,0.01770420,-0.00338982,0E-8,0.000000,0.904812,0.002133,0.03111404,2026-03-21,2026-08-06,120,3733,1703,139,0.863309,1.227414,1.154177,1.073473,,,,,,,,GLOBAL_BASELINE_NO_ENTITY_RANKING,,,NOT_APPLICABLE_GLOBAL_BASELINE,HF9g-P5,,,,X 全窗基线 · 不参与实体赏罚,15053815,1506,A168_HF9F_20260827_0900,2026-08-27 09:00:00
2026-07-17,127529701,2196,0,348.5400046470,-30.9813337464,-30.9813337464,0.3333333,10,10,0.50128862000000000,0.501288620000,-1.007735066777365,-1.0077350667773652,-1.007735066777365,0E-17,ELIGIBLE,R03b_20260811_FULL_v1,L1_ELIGIBILITY,v2026-08-11,2026-03-21..2026-08-06,baccarat_bet02_101_all_pairs_incl_sentinel,round_win = game_pnl > 0 (decisive only),COMPATIBILITY_ONLY_NOT_PRODUCTION,557989.4742,504875.3716,9878.7574,24851,24505,-0.01770420,0.00338982,-0.02772422,-0.01770420,-9878.7574,557989.4742,OK,0.0000,395.1503,4.0000,96.0000,AG03-UNRESOLVED,ALL5_LEVELS_bet23_to_bet27,395.1503,395.1503,395.1503,0.0000,0.0000,4.000000,4.000000,4.000000,0.000000,0.000000,96.000000,96.000000,96.000000,100.000000,100.000000,5.0,1185.4509,1138.6651,8693.3065,8740.0923,PENDING_AG03,FALSE,NOT_FOR_ENFORCEMENT,9483.6071,484680.3568,9878.7574,9483.6071,395.1503,0.01770420,0.01699603,395.1503,9483.6071,0.01699603,395.1503,395.1503,395.1503,0.0000,0.0000,9483.6071,0.01699603,1185.4509,1138.6651,8693.3065,8740.0923,0.01557970,0.01566354,0.00070817,22.4534,20.6030,0.4031,82.3230,2.6463,4649.9123,204.2083,25.9152,21.1137,12.8578,14.5296,26.176,48.8436,54.2173,102.8621,13.088,0.0,3.731508,7.079487,1.545355,30,207,63,6,0.32204186,0.01770420,-0.00338982,0E-8,0.000000,0.904812,0.002133,0.03111404,2026-03-21,2026-08-06,120,3733,1703,139,0.863309,1.227414,1.154177,1.073473,,,,,,,,GLOBAL_BASELINE_NO_ENTITY_RANKING,,,NOT_APPLICABLE_GLOBAL_BASELINE,HF9g-P5,,,,X 全窗基线 · 不参与实体赏罚,15053816,1506,A168_HF9F_20260827_0900,2026-08-27 09:00:00
2026-07-17,127529701,2246,0,304.1334262772,17.2075491184,17.2075491184,0.4545455,11,11,0.49812011818181818,0.498120118182,-0.28904366223770966,-0.2890436622389153,-0.28904366223770966,-1.8182E-13,ELIGIBLE,R03b_20260811_FULL_v1,L1_ELIGIBILITY,v2026-08-11,2026-03-21..2026-08-06,baccarat_bet02_101_all_pairs_incl_sentinel,round_win = game_pnl > 0 (decisive only),COMPATIBILITY_ONLY_NOT_PRODUCTION,557989.4742,504875.3716,9878.7574,24851,24505,-0.01770420,0.00338982,-0.02772422,-0.01770420,-9878.7574,557989.4742,OK,0.0000,395.1503,4.0000,96.0000,AG03-UNRESOLVED,ALL5_LEVELS_bet23_to_bet27,395.1503,395.1503,395.1503,0.0000,0.0000,4.000000,4.000000,4.000000,0.000000,0.000000,96.000000,96.000000,96.000000,100.000000,100.000000,5.0,1185.4509,1138.6651,8693.3065,8740.0923,PENDING_AG03,FALSE,NOT_FOR_ENFORCEMENT,9483.6071,484680.3568,9878.7574,9483.6071,395.1503,0.01770420,0.01699603,395.1503,9483.6071,0.01699603,395.1503,395.1503,395.1503,0.0000,0.0000,9483.6071,0.01699603,1185.4509,1138.6651,8693.3065,8740.0923,0.01557970,0.01566354,0.00070817,22.4534,20.6030,0.4031,82.3230,2.6463,4649.9123,204.2083,25.9152,21.1137,12.8578,14.5296,26.176,48.8436,54.2173,102.8621,13.088,0.0,3.731508,7.079487,1.545355,30,207,63,6,0.32204186,0.01770420,-0.00338982,0E-8,0.000000,0.904812,0.002133,0.03111404,2026-03-21,2026-08-06,120,3733,1703,139,0.863309,1.227414,1.154177,1.073473,,,,,,,,GLOBAL_BASELINE_NO_ENTITY_RANKING,,,NOT_APPLICABLE_GLOBAL_BASELINE,HF9g-P5,,,,X 全窗基线 · 不参与实体赏罚,15053817,1506,A168_HF9F_20260827_0900,2026-08-27 09:00:00
2026-07-17,127529701,2256,0,241.3962254408,-76.1624454600,-76.1624454600,0.6000000,6,6,0.50218230000000000,0.502182300000,0.4374582199563857,0.4374582199563857,0.4374582199563857,0E-17,ELIGIBLE,R03b_20260811_FULL_v1,L1_ELIGIBILITY,v2026-08-11,2026-03-21..2026-08-06,baccarat_bet02_101_all_pairs_incl_sentinel,round_win = game_pnl > 0 (decisive only),COMPATIBILITY_ONLY_NOT_PRODUCTION,557989.4742,504875.3716,9878.7574,24851,24505,-0.01770420,0.00338982,-0.02772422,-0.01770420,-9878.7574,557989.4742,OK,0.0000,395.1503,4.0000,96.0000,AG03-UNRESOLVED,ALL5_LEVELS_bet23_to_bet27,395.1503,395.1503,395.1503,0.0000,0.0000,4.000000,4.000000,4.000000,0.000000,0.000000,96.000000,96.000000,96.000000,100.000000,100.000000,5.0,1185.4509,1138.6651,8693.3065,8740.0923,PENDING_AG03,FALSE,NOT_FOR_ENFORCEMENT,9483.6071,484680.3568,9878.7574,9483.6071,395.1503,0.01770420,0.01699603,395.1503,9483.6071,0.01699603,395.1503,395.1503,395.1503,0.0000,0.0000,9483.6071,0.01699603,1185.4509,1138.6651,8693.3065,8740.0923,0.01557970,0.01566354,0.00070817,22.4534,20.6030,0.4031,82.3230,2.6463,4649.9123,204.2083,25.9152,21.1137,12.8578,14.5296,26.176,48.8436,54.2173,102.8621,13.088,0.0,3.731508,7.079487,1.545355,30,207,63,6,0.32204186,0.01770420,-0.00338982,0E-8,0.000000,0.904812,0.002133,0.03111404,2026-03-21,2026-08-06,120,3733,1703,139,0.863309,1.227414,1.154177,1.073473,,,,,,,,GLOBAL_BASELINE_NO_ENTITY_RANKING,,,NOT_APPLICABLE_GLOBAL_BASELINE,HF9g-P5,,,,X 全窗基线 · 不参与实体赏罚,15053818,1506,A168_HF9F_20260827_0900,2026-08-27 09:00:00
2026-07-17,127529701,2280,0,582.9654299950,-129.9925128443,-129.9925128443,0.4000000,11,11,0.49933877272727273,0.499338772727,-0.628274112958145,-0.6282741129564205,-0.628274112958145,2.7273E-13,ELIGIBLE,R03b_20260811_FULL_v1,L1_ELIGIBILITY,v2026-08-11,2026-03-21..2026-08-06,baccarat_bet02_101_all_pairs_incl_sentinel,round_win = game_pnl > 0 (decisive only),COMPATIBILITY_ONLY_NOT_PRODUCTION,557989.4742,504875.3716,9878.7574,24851,24505,-0.01770420,0.00338982,-0.02772422,-0.01770420,-9878.7574,557989.4742,OK,0.0000,395.1503,4.0000,96.0000,AG03-UNRESOLVED,ALL5_LEVELS_bet23_to_bet27,395.1503,395.1503,395.1503,0.0000,0.0000,4.000000,4.000000,4.000000,0.000000,0.000000,96.000000,96.000000,96.000000,100.000000,100.000000,5.0,1185.4509,1138.6651,8693.3065,8740.0923,PENDING_AG03,FALSE,NOT_FOR_ENFORCEMENT,9483.6071,484680.3568,9878.7574,9483.6071,395.1503,0.01770420,0.01699603,395.1503,9483.6071,0.01699603,395.1503,395.1503,395.1503,0.0000,0.0000,9483.6071,0.01699603,1185.4509,1138.6651,8693.3065,8740.0923,0.01557970,0.01566354,0.00070817,22.4534,20.6030,0.4031,82.3230,2.6463,4649.9123,204.2083,25.9152,21.1137,12.8578,14.5296,26.176,48.8436,54.2173,102.8621,13.088,0.0,3.731508,7.079487,1.545355,30,207,63,6,0.32204186,0.01770420,-0.00338982,0E-8,0.000000,0.904812,0.002133,0.03111404,2026-03-21,2026-08-06,120,3733,1703,139,0.863309,1.227414,1.154177,1.073473,,,,,,,,GLOBAL_BASELINE_NO_ENTITY_RANKING,,,NOT_APPLICABLE_GLOBAL_BASELINE,HF9g-P5,,,,X 全窗基线 · 不参与实体赏罚,15053819,1506,A168_HF9F_20260827_0900,2026-08-27 09:00:00
2026-07-17,127529701,994,0,97.5912013013,38.9848449643,38.9848449643,0.6666667,4,4,0.49324550000000000,0.493245500000,0.6008033672792107,0.6008033672792106,0.6008033672792107,0E-17,ELIGIBLE,R03b_20260811_FULL_v1,L1_ELIGIBILITY,v2026-08-11,2026-03-21..2026-08-06,baccarat_bet02_101_all_pairs_incl_sentinel,round_win = game_pnl > 0 (decisive only),COMPATIBILITY_ONLY_NOT_PRODUCTION,557989.4742,504875.3716,9878.7574,24851,24505,-0.01770420,0.00338982,-0.02772422,-0.01770420,-9878.7574,557989.4742,OK,0.0000,395.1503,4.0000,96.0000,AG03-UNRESOLVED,ALL5_LEVELS_bet23_to_bet27,395.1503,395.1503,395.1503,0.0000,0.0000,4.000000,4.000000,4.000000,0.000000,0.000000,96.000000,96.000000,96.000000,100.000000,100.000000,5.0,1185.4509,1138.6651,8693.3065,8740.0923,PENDING_AG03,FALSE,NOT_FOR_ENFORCEMENT,9483.6071,484680.3568,9878.7574,9483.6071,395.1503,0.01770420,0.01699603,395.1503,9483.6071,0.01699603,395.1503,395.1503,395.1503,0.0000,0.0000,9483.6071,0.01699603,1185.4509,1138.6651,8693.3065,8740.0923,0.01557970,0.01566354,0.00070817,22.4534,20.6030,0.4031,82.3230,2.6463,4649.9123,204.2083,25.9152,21.1137,12.8578,14.5296,26.176,48.8436,54.2173,102.8621,13.088,0.0,3.731508,7.079487,1.545355,30,207,63,6,0.32204186,0.01770420,-0.00338982,0E-8,0.000000,0.904812,0.002133,0.03111404,2026-03-21,2026-08-06,120,3733,1703,139,0.863309,1.227414,1.154177,1.073473,,,,,,,,GLOBAL_BASELINE_NO_ENTITY_RANKING,,,NOT_APPLICABLE_GLOBAL_BASELINE,HF9g-P5,,,,X 全窗基线 · 不参与实体赏罚,15053820,1506,A168_HF9F_20260827_0900,2026-08-27 09:00:00
2026-07-18,127529701,-1,1,10237.0072031569,-137.2214907175,-137.2214907175,0.4687500,246,245,0.49731353755102041,0.497042352041,-0.8550121116328919,-0.8468971209294148,-0.8550121116328919,0.00027118551002041,SENTINEL_DEALER,R03b_20260811_FULL_v1,L1_ELIGIBILITY,v2026-08-11,2026-03-21..2026-08-06,baccarat_bet02_101_all_pairs_incl_sentinel,round_win = game_pnl > 0 (decisive only),COMPATIBILITY_ONLY_NOT_PRODUCTION,557989.4742,504875.3716,9878.7574,24851,24505,-0.01770420,0.00338982,-0.02772422,-0.01770420,-9878.7574,557989.4742,OK,0.0000,395.1503,4.0000,96.0000,AG03-UNRESOLVED,ALL5_LEVELS_bet23_to_bet27,395.1503,395.1503,395.1503,0.0000,0.0000,4.000000,4.000000,4.000000,0.000000,0.000000,96.000000,96.000000,96.000000,100.000000,100.000000,5.0,1185.4509,1138.6651,8693.3065,8740.0923,PENDING_AG03,FALSE,NOT_FOR_ENFORCEMENT,9483.6071,484680.3568,9878.7574,9483.6071,395.1503,0.01770420,0.01699603,395.1503,9483.6071,0.01699603,395.1503,395.1503,395.1503,0.0000,0.0000,9483.6071,0.01699603,1185.4509,1138.6651,8693.3065,8740.0923,0.01557970,0.01566354,0.00070817,22.4534,20.6030,0.4031,82.3230,2.6463,4649.9123,204.2083,25.9152,21.1137,12.8578,14.5296,26.176,48.8436,54.2173,102.8621,13.088,0.0,3.731508,7.079487,1.545355,30,207,63,6,0.32204186,0.01770420,-0.00338982,0E-8,0.000000,0.904812,0.002133,0.03111404,2026-03-21,2026-08-06,120,3733,1703,139,0.863309,1.227414,1.154177,1.073473,,,,,,,,GLOBAL_BASELINE_NO_ENTITY_RANKING,,,NOT_APPLICABLE_GLOBAL_BASELINE,HF9g-P5,,,,X 全窗基线 · 不参与实体赏罚,15053821,1506,A168_HF9F_20260827_0900,2026-08-27 09:00:00
2026-07-18,127529701,1151,0,206.5422249760,23.2360003098,23.2360003098,0.5000000,5,5,0.50128862000000000,0.501288620000,-0.0051544971185412255,-0.0051544971185412255,-0.0051544971185412255,0E-17,ELIGIBLE,R03b_20260811_FULL_v1,L1_ELIGIBILITY,v2026-08-11,2026-03-21..2026-08-06,baccarat_bet02_101_all_pairs_incl_sentinel,round_win = game_pnl > 0 (decisive only),COMPATIBILITY_ONLY_NOT_PRODUCTION,557989.4742,504875.3716,9878.7574,24851,24505,-0.01770420,0.00338982,-0.02772422,-0.01770420,-9878.7574,557989.4742,OK,0.0000,395.1503,4.0000,96.0000,AG03-UNRESOLVED,ALL5_LEVELS_bet23_to_bet27,395.1503,395.1503,395.1503,0.0000,0.0000,4.000000,4.000000,4.000000,0.000000,0.000000,96.000000,96.000000,96.000000,100.000000,100.000000,5.0,1185.4509,1138.6651,8693.3065,8740.0923,PENDING_AG03,FALSE,NOT_FOR_ENFORCEMENT,9483.6071,484680.3568,9878.7574,9483.6071,395.1503,0.01770420,0.01699603,395.1503,9483.6071,0.01699603,395.1503,395.1503,395.1503,0.0000,0.0000,9483.6071,0.01699603,1185.4509,1138.6651,8693.3065,8740.0923,0.01557970,0.01566354,0.00070817,22.4534,20.6030,0.4031,82.3230,2.6463,4649.9123,204.2083,25.9152,21.1137,12.8578,14.5296,26.176,48.8436,54.2173,102.8621,13.088,0.0,3.731508,7.079487,1.545355,30,207,63,6,0.32204186,0.01770420,-0.00338982,0E-8,0.000000,0.904812,0.002133,0.03111404,2026-03-21,2026-08-06,120,3733,1703,139,0.863309,1.227414,1.154177,1.073473,,,,,,,,GLOBAL_BASELINE_NO_ENTITY_RANKING,,,NOT_APPLICABLE_GLOBAL_BASELINE,HF9g-P5,,,,X 全窗基线 · 不参与实体赏罚,15053822,1506,A168_HF9F_20260827_0900,2026-08-27 09:00:00
2026-07-18,127529701,1205,0,38.7266671830,36.7903338239,36.7903338239,1.0000000,1,1,0.50665070000000000,0.506650700000,0.9867858985152569,0.9867858985152569,0.9867858985152569,0E-17,ELIGIBLE,R03b_20260811_FULL_v1,L1_ELIGIBILITY,v2026-08-11,2026-03-21..2026-08-06,baccarat_bet02_101_all_pairs_incl_sentinel,round_win = game_pnl > 0 (decisive only),COMPATIBILITY_ONLY_NOT_PRODUCTION,557989.4742,504875.3716,9878.7574,24851,24505,-0.01770420,0.00338982,-0.02772422,-0.01770420,-9878.7574,557989.4742,OK,0.0000,395.1503,4.0000,96.0000,AG03-UNRESOLVED,ALL5_LEVELS_bet23_to_bet27,395.1503,395.1503,395.1503,0.0000,0.0000,4.000000,4.000000,4.000000,0.000000,0.000000,96.000000,96.000000,96.000000,100.000000,100.000000,5.0,1185.4509,1138.6651,8693.3065,8740.0923,PENDING_AG03,FALSE,NOT_FOR_ENFORCEMENT,9483.6071,484680.3568,9878.7574,9483.6071,395.1503,0.01770420,0.01699603,395.1503,9483.6071,0.01699603,395.1503,395.1503,395.1503,0.0000,0.0000,9483.6071,0.01699603,1185.4509,1138.6651,8693.3065,8740.0923,0.01557970,0.01566354,0.00070817,22.4534,20.6030,0.4031,82.3230,2.6463,4649.9123,204.2083,25.9152,21.1137,12.8578,14.5296,26.176,48.8436,54.2173,102.8621,13.088,0.0,3.731508,7.079487,1.545355,30,207,63,6,0.32204186,0.01770420,-0.00338982,0E-8,0.000000,0.904812,0.002133,0.03111404,2026-03-21,2026-08-06,120,3733,1703,139,0.863309,1.227414,1.154177,1.073473,,,,,,,,GLOBAL_BASELINE_NO_ENTITY_RANKING,,,NOT_APPLICABLE_GLOBAL_BASELINE,HF9g-P5,,,,X 全窗基线 · 不参与实体赏罚,15053823,1506,A168_HF9F_20260827_0900,2026-08-27 09:00:00
2026-07-18,127529701,1210,0,103.2711124880,25.8177781220,25.8177781220,0.5000000,3,3,0.49771390000000000,0.497713900000,0.006466134837551399,0.0064661348375514,0.006466134837551399,0E-17,ELIGIBLE,R03b_20260811_FULL_v1,L1_ELIGIBILITY,v2026-08-11,2026-03-21..2026-08-06,baccarat_bet02_101_all_pairs_incl_sentinel,round_win = game_pnl > 0 (decisive only),COMPATIBILITY_ONLY_NOT_PRODUCTION,557989.4742,504875.3716,9878.7574,24851,24505,-0.01770420,0.00338982,-0.02772422,-0.01770420,-9878.7574,557989.4742,OK,0.0000,395.1503,4.0000,96.0000,AG03-UNRESOLVED,ALL5_LEVELS_bet23_to_bet27,395.1503,395.1503,395.1503,0.0000,0.0000,4.000000,4.000000,4.000000,0.000000,0.000000,96.000000,96.000000,96.000000,100.000000,100.000000,5.0,1185.4509,1138.6651,8693.3065,8740.0923,PENDING_AG03,FALSE,NOT_FOR_ENFORCEMENT,9483.6071,484680.3568,9878.7574,9483.6071,395.1503,0.01770420,0.01699603,395.1503,9483.6071,0.01699603,395.1503,395.1503,395.1503,0.0000,0.0000,9483.6071,0.01699603,1185.4509,1138.6651,8693.3065,8740.0923,0.01557970,0.01566354,0.00070817,22.4534,20.6030,0.4031,82.3230,2.6463,4649.9123,204.2083,25.9152,21.1137,12.8578,14.5296,26.176,48.8436,54.2173,102.8621,13.088,0.0,3.731508,7.079487,1.545355,30,207,63,6,0.32204186,0.01770420,-0.00338982,0E-8,0.000000,0.904812,0.002133,0.03111404,2026-03-21,2026-08-06,120,3733,1703,139,0.863309,1.227414,1.154177,1.073473,,,,,,,,GLOBAL_BASELINE_NO_ENTITY_RANKING,,,NOT_APPLICABLE_GLOBAL_BASELINE,HF9g-P5,,,,X 全窗基线 · 不参与实体赏罚,15053824,1506,A168_HF9F_20260827_0900,2026-08-27 09:00:00
2026-07-18,127529701,1221,0,278.8320037176,40.0175560891,40.0175560891,0.6000000,7,7,0.49707555714285714,0.497075557143,0.4602999749247982,0.46029997492415853,0.4602999749247982,-1.4286E-13,ELIGIBLE,R03b_20260811_FULL_v1,L1_ELIGIBILITY,v2026-08-11,2026-03-21..2026-08-06,baccarat_bet02_101_all_pairs_incl_sentinel,round_win = game_pnl > 0 (decisive only),COMPATIBILITY_ONLY_NOT_PRODUCTION,557989.4742,504875.3716,9878.7574,24851,24505,-0.01770420,0.00338982,-0.02772422,-0.01770420,-9878.7574,557989.4742,OK,0.0000,395.1503,4.0000,96.0000,AG03-UNRESOLVED,ALL5_LEVELS_bet23_to_bet27,395.1503,395.1503,395.1503,0.0000,0.0000,4.000000,4.000000,4.000000,0.000000,0.000000,96.000000,96.000000,96.000000,100.000000,100.000000,5.0,1185.4509,1138.6651,8693.3065,8740.0923,PENDING_AG03,FALSE,NOT_FOR_ENFORCEMENT,9483.6071,484680.3568,9878.7574,9483.6071,395.1503,0.01770420,0.01699603,395.1503,9483.6071,0.01699603,395.1503,395.1503,395.1503,0.0000,0.0000,9483.6071,0.01699603,1185.4509,1138.6651,8693.3065,8740.0923,0.01557970,0.01566354,0.00070817,22.4534,20.6030,0.4031,82.3230,2.6463,4649.9123,204.2083,25.9152,21.1137,12.8578,14.5296,26.176,48.8436,54.2173,102.8621,13.088,0.0,3.731508,7.079487,1.545355,30,207,63,6,0.32204186,0.01770420,-0.00338982,0E-8,0.000000,0.904812,0.002133,0.03111404,2026-03-21,2026-08-06,120,3733,1703,139,0.863309,1.227414,1.154177,1.073473,,,,,,,,GLOBAL_BASELINE_NO_ENTITY_RANKING,,,NOT_APPLICABLE_GLOBAL_BASELINE,HF9g-P5,,,,X 全窗基线 · 不参与实体赏罚,15053825,1506,A168_HF9F_20260827_0900,2026-08-27 09:00:00
2026-07-18,127529701,1302,0,505.2539178476,13.2961557328,13.2961557328,0.4000000,10,10,0.49860758000000000,0.498607580000,-0.6236515130320585,-0.6236515130320585,-0.6236515130320585,0E-17,ELIGIBLE,R03b_20260811_FULL_v1,L1_ELIGIBILITY,v2026-08-11,2026-03-21..2026-08-06,baccarat_bet02_101_all_pairs_incl_sentinel,round_win = game_pnl > 0 (decisive only),COMPATIBILITY_ONLY_NOT_PRODUCTION,557989.4742,504875.3716,9878.7574,24851,24505,-0.01770420,0.00338982,-0.02772422,-0.01770420,-9878.7574,557989.4742,OK,0.0000,395.1503,4.0000,96.0000,AG03-UNRESOLVED,ALL5_LEVELS_bet23_to_bet27,395.1503,395.1503,395.1503,0.0000,0.0000,4.000000,4.000000,4.000000,0.000000,0.000000,96.000000,96.000000,96.000000,100.000000,100.000000,5.0,1185.4509,1138.6651,8693.3065,8740.0923,PENDING_AG03,FALSE,NOT_FOR_ENFORCEMENT,9483.6071,484680.3568,9878.7574,9483.6071,395.1503,0.01770420,0.01699603,395.1503,9483.6071,0.01699603,395.1503,395.1503,395.1503,0.0000,0.0000,9483.6071,0.01699603,1185.4509,1138.6651,8693.3065,8740.0923,0.01557970,0.01566354,0.00070817,22.4534,20.6030,0.4031,82.3230,2.6463,4649.9123,204.2083,25.9152,21.1137,12.8578,14.5296,26.176,48.8436,54.2173,102.8621,13.088,0.0,3.731508,7.079487,1.545355,30,207,63,6,0.32204186,0.01770420,-0.00338982,0E-8,0.000000,0.904812,0.002133,0.03111404,2026-03-21,2026-08-06,120,3733,1703,139,0.863309,1.227414,1.154177,1.073473,,,,,,,,GLOBAL_BASELINE_NO_ENTITY_RANKING,,,NOT_APPLICABLE_GLOBAL_BASELINE,HF9g-P5,,,,X 全窗基线 · 不参与实体赏罚,15053826,1506,A168_HF9F_20260827_0900,2026-08-27 09:00:00
2026-07-18,127529701,1306,0,2299.0731417647,65.6417008754,65.6417008754,0.4878049,47,45,0.49122530777777778,0.489748853333,-0.04380961978280844,-0.02490026440754792,-0.04380961978280844,0.00147645444477778,ELIGIBLE,R03b_20260811_FULL_v1,L1_ELIGIBILITY,v2026-08-11,2026-03-21..2026-08-06,baccarat_bet02_101_all_pairs_incl_sentinel,round_win = game_pnl > 0 (decisive only),COMPATIBILITY_ONLY_NOT_PRODUCTION,557989.4742,504875.3716,9878.7574,24851,24505,-0.01770420,0.00338982,-0.02772422,-0.01770420,-9878.7574,557989.4742,OK,0.0000,395.1503,4.0000,96.0000,AG03-UNRESOLVED,ALL5_LEVELS_bet23_to_bet27,395.1503,395.1503,395.1503,0.0000,0.0000,4.000000,4.000000,4.000000,0.000000,0.000000,96.000000,96.000000,96.000000,100.000000,100.000000,5.0,1185.4509,1138.6651,8693.3065,8740.0923,PENDING_AG03,FALSE,NOT_FOR_ENFORCEMENT,9483.6071,484680.3568,9878.7574,9483.6071,395.1503,0.01770420,0.01699603,395.1503,9483.6071,0.01699603,395.1503,395.1503,395.1503,0.0000,0.0000,9483.6071,0.01699603,1185.4509,1138.6651,8693.3065,8740.0923,0.01557970,0.01566354,0.00070817,22.4534,20.6030,0.4031,82.3230,2.6463,4649.9123,204.2083,25.9152,21.1137,12.8578,14.5296,26.176,48.8436,54.2173,102.8621,13.088,0.0,3.731508,7.079487,1.545355,30,207,63,6,0.32204186,0.01770420,-0.00338982,0E-8,0.000000,0.904812,0.002133,0.03111404,2026-03-21,2026-08-06,120,3733,1703,139,0.863309,1.227414,1.154177,1.073473,,,,,,,,GLOBAL_BASELINE_NO_ENTITY_RANKING,,,NOT_APPLICABLE_GLOBAL_BASELINE,HF9g-P5,,,,X 全窗基线 · 不参与实体赏罚,15053827,1506,A168_HF9F_20260827_0900,2026-08-27 09:00:00
2026-07-18,127529701,1307,0,1024.9657914437,154.9970309555,154.9970309555,0.5172414,29,29,0.49925472758620690,0.499254727586,0.1937223829249674,0.1937223829271959,0.1937223829249674,2.0690E-13,ELIGIBLE,R03b_20260811_FULL_v1,L1_ELIGIBILITY,v2026-08-11,2026-03-21..2026-08-06,baccarat_bet02_101_all_pairs_incl_sentinel,round_win = game_pnl > 0 (decisive only),COMPATIBILITY_ONLY_NOT_PRODUCTION,557989.4742,504875.3716,9878.7574,24851,24505,-0.01770420,0.00338982,-0.02772422,-0.01770420,-9878.7574,557989.4742,OK,0.0000,395.1503,4.0000,96.0000,AG03-UNRESOLVED,ALL5_LEVELS_bet23_to_bet27,395.1503,395.1503,395.1503,0.0000,0.0000,4.000000,4.000000,4.000000,0.000000,0.000000,96.000000,96.000000,96.000000,100.000000,100.000000,5.0,1185.4509,1138.6651,8693.3065,8740.0923,PENDING_AG03,FALSE,NOT_FOR_ENFORCEMENT,9483.6071,484680.3568,9878.7574,9483.6071,395.1503,0.01770420,0.01699603,395.1503,9483.6071,0.01699603,395.1503,395.1503,395.1503,0.0000,0.0000,9483.6071,0.01699603,1185.4509,1138.6651,8693.3065,8740.0923,0.01557970,0.01566354,0.00070817,22.4534,20.6030,0.4031,82.3230,2.6463,4649.9123,204.2083,25.9152,21.1137,12.8578,14.5296,26.176,48.8436,54.2173,102.8621,13.088,0.0,3.731508,7.079487,1.545355,30,207,63,6,0.32204186,0.01770420,-0.00338982,0E-8,0.000000,0.904812,0.002133,0.03111404,2026-03-21,2026-08-06,120,3733,1703,139,0.863309,1.227414,1.154177,1.073473,,,,,,,,GLOBAL_BASELINE_NO_ENTITY_RANKING,,,NOT_APPLICABLE_GLOBAL_BASELINE,HF9g-P5,,,,X 全窗基线 · 不参与实体赏罚,15053828,1506,A168_HF9F_20260827_0900,2026-08-27 09:00:00
2026-07-18,127529701,1374,0,498.0249399735,41.1793561046,41.1793561046,0.5000000,12,12,0.49771390000000000,0.497713900000,0.015838730960035123,0.015838730960035123,0.015838730960035123,0E-17,ELIGIBLE,R03b_20260811_FULL_v1,L1_ELIGIBILITY,v2026-08-11,2026-03-21..2026-08-06,baccarat_bet02_101_all_pairs_incl_sentinel,round_win = game_pnl > 0 (decisive only),COMPATIBILITY_ONLY_NOT_PRODUCTION,557989.4742,504875.3716,9878.7574,24851,24505,-0.01770420,0.00338982,-0.02772422,-0.01770420,-9878.7574,557989.4742,OK,0.0000,395.1503,4.0000,96.0000,AG03-UNRESOLVED,ALL5_LEVELS_bet23_to_bet27,395.1503,395.1503,395.1503,0.0000,0.0000,4.000000,4.000000,4.000000,0.000000,0.000000,96.000000,96.000000,96.000000,100.000000,100.000000,5.0,1185.4509,1138.6651,8693.3065,8740.0923,PENDING_AG03,FALSE,NOT_FOR_ENFORCEMENT,9483.6071,484680.3568,9878.7574,9483.6071,395.1503,0.01770420,0.01699603,395.1503,9483.6071,0.01699603,395.1503,395.1503,395.1503,0.0000,0.0000,9483.6071,0.01699603,1185.4509,1138.6651,8693.3065,8740.0923,0.01557970,0.01566354,0.00070817,22.4534,20.6030,0.4031,82.3230,2.6463,4649.9123,204.2083,25.9152,21.1137,12.8578,14.5296,26.176,48.8436,54.2173,102.8621,13.088,0.0,3.731508,7.079487,1.545355,30,207,63,6,0.32204186,0.01770420,-0.00338982,0E-8,0.000000,0.904812,0.002133,0.03111404,2026-03-21,2026-08-06,120,3733,1703,139,0.863309,1.227414,1.154177,1.073473,,,,,,,,GLOBAL_BASELINE_NO_ENTITY_RANKING,,,NOT_APPLICABLE_GLOBAL_BASELINE,HF9g-P5,,,,X 全窗基线 · 不参与实体赏罚,15053829,1506,A168_HF9F_20260827_0900,2026-08-27 09:00:00
2026-07-18,127529701,1383,0,43.8902228074,-43.8902228074,-43.8902228074,0E-7,3,3,0.50665070000000000,0.506650700000,-1.7552447903592512,-1.7552447903592512,-1.7552447903592512,0E-17,ELIGIBLE,R03b_20260811_FULL_v1,L1_ELIGIBILITY,v2026-08-11,2026-03-21..2026-08-06,baccarat_bet02_101_all_pairs_incl_sentinel,round_win = game_pnl > 0 (decisive only),COMPATIBILITY_ONLY_NOT_PRODUCTION,557989.4742,504875.3716,9878.7574,24851,24505,-0.01770420,0.00338982,-0.02772422,-0.01770420,-9878.7574,557989.4742,OK,0.0000,395.1503,4.0000,96.0000,AG03-UNRESOLVED,ALL5_LEVELS_bet23_to_bet27,395.1503,395.1503,395.1503,0.0000,0.0000,4.000000,4.000000,4.000000,0.000000,0.000000,96.000000,96.000000,96.000000,100.000000,100.000000,5.0,1185.4509,1138.6651,8693.3065,8740.0923,PENDING_AG03,FALSE,NOT_FOR_ENFORCEMENT,9483.6071,484680.3568,9878.7574,9483.6071,395.1503,0.01770420,0.01699603,395.1503,9483.6071,0.01699603,395.1503,395.1503,395.1503,0.0000,0.0000,9483.6071,0.01699603,1185.4509,1138.6651,8693.3065,8740.0923,0.01557970,0.01566354,0.00070817,22.4534,20.6030,0.4031,82.3230,2.6463,4649.9123,204.2083,25.9152,21.1137,12.8578,14.5296,26.176,48.8436,54.2173,102.8621,13.088,0.0,3.731508,7.079487,1.545355,30,207,63,6,0.32204186,0.01770420,-0.00338982,0E-8,0.000000,0.904812,0.002133,0.03111404,2026-03-21,2026-08-06,120,3733,1703,139,0.863309,1.227414,1.154177,1.073473,,,,,,,,GLOBAL_BASELINE_NO_ENTITY_RANKING,,,NOT_APPLICABLE_GLOBAL_BASELINE,HF9g-P5,,,,X 全窗基线 · 不参与实体赏罚,15053830,1506,A168_HF9F_20260827_0900,2026-08-27 09:00:00
2026-07-18,127529701,1384,0,759.8172101306,69.7080009295,69.7080009295,0.5238095,26,24,0.49417234916666667,0.491228618750,0.2716476441283743,0.2986548861261084,0.2716476441283743,0.00294373041666667,ELIGIBLE,R03b_20260811_FULL_v1,L1_ELIGIBILITY,v2026-08-11,2026-03-21..2026-08-06,baccarat_bet02_101_all_pairs_incl_sentinel,round_win = game_pnl > 0 (decisive only),COMPATIBILITY_ONLY_NOT_PRODUCTION,557989.4742,504875.3716,9878.7574,24851,24505,-0.01770420,0.00338982,-0.02772422,-0.01770420,-9878.7574,557989.4742,OK,0.0000,395.1503,4.0000,96.0000,AG03-UNRESOLVED,ALL5_LEVELS_bet23_to_bet27,395.1503,395.1503,395.1503,0.0000,0.0000,4.000000,4.000000,4.000000,0.000000,0.000000,96.000000,96.000000,96.000000,100.000000,100.000000,5.0,1185.4509,1138.6651,8693.3065,8740.0923,PENDING_AG03,FALSE,NOT_FOR_ENFORCEMENT,9483.6071,484680.3568,9878.7574,9483.6071,395.1503,0.01770420,0.01699603,395.1503,9483.6071,0.01699603,395.1503,395.1503,395.1503,0.0000,0.0000,9483.6071,0.01699603,1185.4509,1138.6651,8693.3065,8740.0923,0.01557970,0.01566354,0.00070817,22.4534,20.6030,0.4031,82.3230,2.6463,4649.9123,204.2083,25.9152,21.1137,12.8578,14.5296,26.176,48.8436,54.2173,102.8621,13.088,0.0,3.731508,7.079487,1.545355,30,207,63,6,0.32204186,0.01770420,-0.00338982,0E-8,0.000000,0.904812,0.002133,0.03111404,2026-03-21,2026-08-06,120,3733,1703,139,0.863309,1.227414,1.154177,1.073473,,,,,,,,GLOBAL_BASELINE_NO_ENTITY_RANKING,,,NOT_APPLICABLE_GLOBAL_BASELINE,HF9g-P5,,,,X 全窗基线 · 不参与实体赏罚,15053831,1506,A168_HF9F_20260827_0900,2026-08-27 09:00:00
2026-07-18,127529701,1385,0,103.2711124880,49.0537784318,49.0537784318,0.6666667,3,3,0.49771390000000000,0.497713900000,0.5852756695216578,0.5852756695216578,0.5852756695216578,0E-17,ELIGIBLE,R03b_20260811_FULL_v1,L1_ELIGIBILITY,v2026-08-11,2026-03-21..2026-08-06,baccarat_bet02_101_all_pairs_incl_sentinel,round_win = game_pnl > 0 (decisive only),COMPATIBILITY_ONLY_NOT_PRODUCTION,557989.4742,504875.3716,9878.7574,24851,24505,-0.01770420,0.00338982,-0.02772422,-0.01770420,-9878.7574,557989.4742,OK,0.0000,395.1503,4.0000,96.0000,AG03-UNRESOLVED,ALL5_LEVELS_bet23_to_bet27,395.1503,395.1503,395.1503,0.0000,0.0000,4.000000,4.000000,4.000000,0.000000,0.000000,96.000000,96.000000,96.000000,100.000000,100.000000,5.0,1185.4509,1138.6651,8693.3065,8740.0923,PENDING_AG03,FALSE,NOT_FOR_ENFORCEMENT,9483.6071,484680.3568,9878.7574,9483.6071,395.1503,0.01770420,0.01699603,395.1503,9483.6071,0.01699603,395.1503,395.1503,395.1503,0.0000,0.0000,9483.6071,0.01699603,1185.4509,1138.6651,8693.3065,8740.0923,0.01557970,0.01566354,0.00070817,22.4534,20.6030,0.4031,82.3230,2.6463,4649.9123,204.2083,25.9152,21.1137,12.8578,14.5296,26.176,48.8436,54.2173,102.8621,13.088,0.0,3.731508,7.079487,1.545355,30,207,63,6,0.32204186,0.01770420,-0.00338982,0E-8,0.000000,0.904812,0.002133,0.03111404,2026-03-21,2026-08-06,120,3733,1703,139,0.863309,1.227414,1.154177,1.073473,,,,,,,,GLOBAL_BASELINE_NO_ENTITY_RANKING,,,NOT_APPLICABLE_GLOBAL_BASELINE,HF9g-P5,,,,X 全窗基线 · 不参与实体赏罚,15053832,1506,A168_HF9F_20260827_0900,2026-08-27 09:00:00
2026-07-18,127529701,1396,0,78.7442232721,-27.1086670281,-27.1086670281,0E-7,2,2,0.49994810000000000,0.499948100000,-0.9998962053866608,-0.9998962053866608,-0.9998962053866608,0E-17,ELIGIBLE,R03b_20260811_FULL_v1,L1_ELIGIBILITY,v2026-08-11,2026-03-21..2026-08-06,baccarat_bet02_101_all_pairs_incl_sentinel,round_win = game_pnl > 0 (decisive only),COMPATIBILITY_ONLY_NOT_PRODUCTION,557989.4742,504875.3716,9878.7574,24851,24505,-0.01770420,0.00338982,-0.02772422,-0.01770420,-9878.7574,557989.4742,OK,0.0000,395.1503,4.0000,96.0000,AG03-UNRESOLVED,ALL5_LEVELS_bet23_to_bet27,395.1503,395.1503,395.1503,0.0000,0.0000,4.000000,4.000000,4.000000,0.000000,0.000000,96.000000,96.000000,96.000000,100.000000,100.000000,5.0,1185.4509,1138.6651,8693.3065,8740.0923,PENDING_AG03,FALSE,NOT_FOR_ENFORCEMENT,9483.6071,484680.3568,9878.7574,9483.6071,395.1503,0.01770420,0.01699603,395.1503,9483.6071,0.01699603,395.1503,395.1503,395.1503,0.0000,0.0000,9483.6071,0.01699603,1185.4509,1138.6651,8693.3065,8740.0923,0.01557970,0.01566354,0.00070817,22.4534,20.6030,0.4031,82.3230,2.6463,4649.9123,204.2083,25.9152,21.1137,12.8578,14.5296,26.176,48.8436,54.2173,102.8621,13.088,0.0,3.731508,7.079487,1.545355,30,207,63,6,0.32204186,0.01770420,-0.00338982,0E-8,0.000000,0.904812,0.002133,0.03111404,2026-03-21,2026-08-06,120,3733,1703,139,0.863309,1.227414,1.154177,1.073473,,,,,,,,GLOBAL_BASELINE_NO_ENTITY_RANKING,,,NOT_APPLICABLE_GLOBAL_BASELINE,HF9g-P5,,,,X 全窗基线 · 不参与实体赏罚,15053833,1506,A168_HF9F_20260827_0900,2026-08-27 09:00:00
2026-07-18,127529701,1399,0,12.9088890610,-12.9088890610,-12.9088890610,0E-7,1,1,0.50665070000000000,0.506650700000,-1.013391052207602,-1.013391052207602,-1.013391052207602,0E-17,ELIGIBLE,R03b_20260811_FULL_v1,L1_ELIGIBILITY,v2026-08-11,2026-03-21..2026-08-06,baccarat_bet02_101_all_pairs_incl_sentinel,round_win = game_pnl > 0 (decisive only),COMPATIBILITY_ONLY_NOT_PRODUCTION,557989.4742,504875.3716,9878.7574,24851,24505,-0.01770420,0.00338982,-0.02772422,-0.01770420,-9878.7574,557989.4742,OK,0.0000,395.1503,4.0000,96.0000,AG03-UNRESOLVED,ALL5_LEVELS_bet23_to_bet27,395.1503,395.1503,395.1503,0.0000,0.0000,4.000000,4.000000,4.000000,0.000000,0.000000,96.000000,96.000000,96.000000,100.000000,100.000000,5.0,1185.4509,1138.6651,8693.3065,8740.0923,PENDING_AG03,FALSE,NOT_FOR_ENFORCEMENT,9483.6071,484680.3568,9878.7574,9483.6071,395.1503,0.01770420,0.01699603,395.1503,9483.6071,0.01699603,395.1503,395.1503,395.1503,0.0000,0.0000,9483.6071,0.01699603,1185.4509,1138.6651,8693.3065,8740.0923,0.01557970,0.01566354,0.00070817,22.4534,20.6030,0.4031,82.3230,2.6463,4649.9123,204.2083,25.9152,21.1137,12.8578,14.5296,26.176,48.8436,54.2173,102.8621,13.088,0.0,3.731508,7.079487,1.545355,30,207,63,6,0.32204186,0.01770420,-0.00338982,0E-8,0.000000,0.904812,0.002133,0.03111404,2026-03-21,2026-08-06,120,3733,1703,139,0.863309,1.227414,1.154177,1.073473,,,,,,,,GLOBAL_BASELINE_NO_ENTITY_RANKING,,,NOT_APPLICABLE_GLOBAL_BASELINE,HF9g-P5,,,,X 全窗基线 · 不参与实体赏罚,15053834,1506,A168_HF9F_20260827_0900,2026-08-27 09:00:00
2026-07-18,127529701,1402,0,1154.0546820537,594.7125190406,594.7125190406,0.6923077,30,30,0.49860758000000000,0.498607580000,1.9753689647218002,1.9753689647218002,1.9753689647218002,0E-17,ELIGIBLE,R03b_20260811_FULL_v1,L1_ELIGIBILITY,v2026-08-11,2026-03-21..2026-08-06,baccarat_bet02_101_all_pairs_incl_sentinel,round_win = game_pnl > 0 (decisive only),COMPATIBILITY_ONLY_NOT_PRODUCTION,557989.4742,504875.3716,9878.7574,24851,24505,-0.01770420,0.00338982,-0.02772422,-0.01770420,-9878.7574,557989.4742,OK,0.0000,395.1503,4.0000,96.0000,AG03-UNRESOLVED,ALL5_LEVELS_bet23_to_bet27,395.1503,395.1503,395.1503,0.0000,0.0000,4.000000,4.000000,4.000000,0.000000,0.000000,96.000000,96.000000,96.000000,100.000000,100.000000,5.0,1185.4509,1138.6651,8693.3065,8740.0923,PENDING_AG03,FALSE,NOT_FOR_ENFORCEMENT,9483.6071,484680.3568,9878.7574,9483.6071,395.1503,0.01770420,0.01699603,395.1503,9483.6071,0.01699603,395.1503,395.1503,395.1503,0.0000,0.0000,9483.6071,0.01699603,1185.4509,1138.6651,8693.3065,8740.0923,0.01557970,0.01566354,0.00070817,22.4534,20.6030,0.4031,82.3230,2.6463,4649.9123,204.2083,25.9152,21.1137,12.8578,14.5296,26.176,48.8436,54.2173,102.8621,13.088,0.0,3.731508,7.079487,1.545355,30,207,63,6,0.32204186,0.01770420,-0.00338982,0E-8,0.000000,0.904812,0.002133,0.03111404,2026-03-21,2026-08-06,120,3733,1703,139,0.863309,1.227414,1.154177,1.073473,,,,,,,,GLOBAL_BASELINE_NO_ENTITY_RANKING,,,NOT_APPLICABLE_GLOBAL_BASELINE,HF9g-P5,,,,X 全窗基线 · 不参与实体赏罚,15053835,1506,A168_HF9F_20260827_0900,2026-08-27 09:00:00
2026-07-18,127529701,1405,0,136.8342240466,43.2447783544,43.2447783544,0.6250000,8,8,0.49827245000000000,0.498272450000,0.7168835587341966,0.7168835587341966,0.7168835587341966,0E-17,ELIGIBLE,R03b_20260811_FULL_v1,L1_ELIGIBILITY,v2026-08-11,2026-03-21..2026-08-06,baccarat_bet02_101_all_pairs_incl_sentinel,round_win = game_pnl > 0 (decisive only),COMPATIBILITY_ONLY_NOT_PRODUCTION,557989.4742,504875.3716,9878.7574,24851,24505,-0.01770420,0.00338982,-0.02772422,-0.01770420,-9878.7574,557989.4742,OK,0.0000,395.1503,4.0000,96.0000,AG03-UNRESOLVED,ALL5_LEVELS_bet23_to_bet27,395.1503,395.1503,395.1503,0.0000,0.0000,4.000000,4.000000,4.000000,0.000000,0.000000,96.000000,96.000000,96.000000,100.000000,100.000000,5.0,1185.4509,1138.6651,8693.3065,8740.0923,PENDING_AG03,FALSE,NOT_FOR_ENFORCEMENT,9483.6071,484680.3568,9878.7574,9483.6071,395.1503,0.01770420,0.01699603,395.1503,9483.6071,0.01699603,395.1503,395.1503,395.1503,0.0000,0.0000,9483.6071,0.01699603,1185.4509,1138.6651,8693.3065,8740.0923,0.01557970,0.01566354,0.00070817,22.4534,20.6030,0.4031,82.3230,2.6463,4649.9123,204.2083,25.9152,21.1137,12.8578,14.5296,26.176,48.8436,54.2173,102.8621,13.088,0.0,3.731508,7.079487,1.545355,30,207,63,6,0.32204186,0.01770420,-0.00338982,0E-8,0.000000,0.904812,0.002133,0.03111404,2026-03-21,2026-08-06,120,3733,1703,139,0.863309,1.227414,1.154177,1.073473,,,,,,,,GLOBAL_BASELINE_NO_ENTITY_RANKING,,,NOT_APPLICABLE_GLOBAL_BASELINE,HF9g-P5,,,,X 全窗基线 · 不参与实体赏罚,15053836,1506,A168_HF9F_20260827_0900,2026-08-27 09:00:00
2026-07-18,127529701,1485,0,141.9977796710,36.1448893708,36.1448893708,0.8000000,5,5,0.50128862000000000,0.501288620000,1.335882339249048,1.335882339249048,1.335882339249048,0E-17,ELIGIBLE,R03b_20260811_FULL_v1,L1_ELIGIBILITY,v2026-08-11,2026-03-21..2026-08-06,baccarat_bet02_101_all_pairs_incl_sentinel,round_win = game_pnl > 0 (decisive only),COMPATIBILITY_ONLY_NOT_PRODUCTION,557989.4742,504875.3716,9878.7574,24851,24505,-0.01770420,0.00338982,-0.02772422,-0.01770420,-9878.7574,557989.4742,OK,0.0000,395.1503,4.0000,96.0000,AG03-UNRESOLVED,ALL5_LEVELS_bet23_to_bet27,395.1503,395.1503,395.1503,0.0000,0.0000,4.000000,4.000000,4.000000,0.000000,0.000000,96.000000,96.000000,96.000000,100.000000,100.000000,5.0,1185.4509,1138.6651,8693.3065,8740.0923,PENDING_AG03,FALSE,NOT_FOR_ENFORCEMENT,9483.6071,484680.3568,9878.7574,9483.6071,395.1503,0.01770420,0.01699603,395.1503,9483.6071,0.01699603,395.1503,395.1503,395.1503,0.0000,0.0000,9483.6071,0.01699603,1185.4509,1138.6651,8693.3065,8740.0923,0.01557970,0.01566354,0.00070817,22.4534,20.6030,0.4031,82.3230,2.6463,4649.9123,204.2083,25.9152,21.1137,12.8578,14.5296,26.176,48.8436,54.2173,102.8621,13.088,0.0,3.731508,7.079487,1.545355,30,207,63,6,0.32204186,0.01770420,-0.00338982,0E-8,0.000000,0.904812,0.002133,0.03111404,2026-03-21,2026-08-06,120,3733,1703,139,0.863309,1.227414,1.154177,1.073473,,,,,,,,GLOBAL_BASELINE_NO_ENTITY_RANKING,,,NOT_APPLICABLE_GLOBAL_BASELINE,HF9g-P5,,,,X 全窗基线 · 不参与实体赏罚,15053837,1506,A168_HF9F_20260827_0900,2026-08-27 09:00:00
2026-07-18,127529701,1505,0,912.6584566130,-33.6276560040,-33.6276560040,0.5714286,17,17,0.49955382941176471,0.499553829412,0.5378615329216029,0.537861532919842,0.5378615329216029,-2.3529E-13,ELIGIBLE,R03b_20260811_FULL_v1,L1_ELIGIBILITY,v2026-08-11,2026-03-21..2026-08-06,baccarat_bet02_101_all_pairs_incl_sentinel,round_win = game_pnl > 0 (decisive only),COMPATIBILITY_ONLY_NOT_PRODUCTION,557989.4742,504875.3716,9878.7574,24851,24505,-0.01770420,0.00338982,-0.02772422,-0.01770420,-9878.7574,557989.4742,OK,0.0000,395.1503,4.0000,96.0000,AG03-UNRESOLVED,ALL5_LEVELS_bet23_to_bet27,395.1503,395.1503,395.1503,0.0000,0.0000,4.000000,4.000000,4.000000,0.000000,0.000000,96.000000,96.000000,96.000000,100.000000,100.000000,5.0,1185.4509,1138.6651,8693.3065,8740.0923,PENDING_AG03,FALSE,NOT_FOR_ENFORCEMENT,9483.6071,484680.3568,9878.7574,9483.6071,395.1503,0.01770420,0.01699603,395.1503,9483.6071,0.01699603,395.1503,395.1503,395.1503,0.0000,0.0000,9483.6071,0.01699603,1185.4509,1138.6651,8693.3065,8740.0923,0.01557970,0.01566354,0.00070817,22.4534,20.6030,0.4031,82.3230,2.6463,4649.9123,204.2083,25.9152,21.1137,12.8578,14.5296,26.176,48.8436,54.2173,102.8621,13.088,0.0,3.731508,7.079487,1.545355,30,207,63,6,0.32204186,0.01770420,-0.00338982,0E-8,0.000000,0.904812,0.002133,0.03111404,2026-03-21,2026-08-06,120,3733,1703,139,0.863309,1.227414,1.154177,1.073473,,,,,,,,GLOBAL_BASELINE_NO_ENTITY_RANKING,,,NOT_APPLICABLE_GLOBAL_BASELINE,HF9g-P5,,,,X 全窗基线 · 不参与实体赏罚,15053838,1506,A168_HF9F_20260827_0900,2026-08-27 09:00:00
2026-07-18,127529701,1750,0,493.1195621302,-160.0702243563,-160.0702243563,0.4444444,13,13,0.50149485384615385,0.501494853846,-0.34230398623044955,-0.3423039862295261,-0.34230398623044955,1.5385E-13,ELIGIBLE,R03b_20260811_FULL_v1,L1_ELIGIBILITY,v2026-08-11,2026-03-21..2026-08-06,baccarat_bet02_101_all_pairs_incl_sentinel,round_win = game_pnl > 0 (decisive only),COMPATIBILITY_ONLY_NOT_PRODUCTION,557989.4742,504875.3716,9878.7574,24851,24505,-0.01770420,0.00338982,-0.02772422,-0.01770420,-9878.7574,557989.4742,OK,0.0000,395.1503,4.0000,96.0000,AG03-UNRESOLVED,ALL5_LEVELS_bet23_to_bet27,395.1503,395.1503,395.1503,0.0000,0.0000,4.000000,4.000000,4.000000,0.000000,0.000000,96.000000,96.000000,96.000000,100.000000,100.000000,5.0,1185.4509,1138.6651,8693.3065,8740.0923,PENDING_AG03,FALSE,NOT_FOR_ENFORCEMENT,9483.6071,484680.3568,9878.7574,9483.6071,395.1503,0.01770420,0.01699603,395.1503,9483.6071,0.01699603,395.1503,395.1503,395.1503,0.0000,0.0000,9483.6071,0.01699603,1185.4509,1138.6651,8693.3065,8740.0923,0.01557970,0.01566354,0.00070817,22.4534,20.6030,0.4031,82.3230,2.6463,4649.9123,204.2083,25.9152,21.1137,12.8578,14.5296,26.176,48.8436,54.2173,102.8621,13.088,0.0,3.731508,7.079487,1.545355,30,207,63,6,0.32204186,0.01770420,-0.00338982,0E-8,0.000000,0.904812,0.002133,0.03111404,2026-03-21,2026-08-06,120,3733,1703,139,0.863309,1.227414,1.154177,1.073473,,,,,,,,GLOBAL_BASELINE_NO_ENTITY_RANKING,,,NOT_APPLICABLE_GLOBAL_BASELINE,HF9g-P5,,,,X 全窗基线 · 不参与实体赏罚,15053839,1506,A168_HF9F_20260827_0900,2026-08-27 09:00:00
2026-07-18,127529701,1985,0,185.6298246972,-111.9200681588,-111.9200681588,0.3750000,8,8,0.49994810000000000,0.499948100000,-0.7068131942587571,-0.7068131942587571,-0.7068131942587571,0E-17,ELIGIBLE,R03b_20260811_FULL_v1,L1_ELIGIBILITY,v2026-08-11,2026-03-21..2026-08-06,baccarat_bet02_101_all_pairs_incl_sentinel,round_win = game_pnl > 0 (decisive only),COMPATIBILITY_ONLY_NOT_PRODUCTION,557989.4742,504875.3716,9878.7574,24851,24505,-0.01770420,0.00338982,-0.02772422,-0.01770420,-9878.7574,557989.4742,OK,0.0000,395.1503,4.0000,96.0000,AG03-UNRESOLVED,ALL5_LEVELS_bet23_to_bet27,395.1503,395.1503,395.1503,0.0000,0.0000,4.000000,4.000000,4.000000,0.000000,0.000000,96.000000,96.000000,96.000000,100.000000,100.000000,5.0,1185.4509,1138.6651,8693.3065,8740.0923,PENDING_AG03,FALSE,NOT_FOR_ENFORCEMENT,9483.6071,484680.3568,9878.7574,9483.6071,395.1503,0.01770420,0.01699603,395.1503,9483.6071,0.01699603,395.1503,395.1503,395.1503,0.0000,0.0000,9483.6071,0.01699603,1185.4509,1138.6651,8693.3065,8740.0923,0.01557970,0.01566354,0.00070817,22.4534,20.6030,0.4031,82.3230,2.6463,4649.9123,204.2083,25.9152,21.1137,12.8578,14.5296,26.176,48.8436,54.2173,102.8621,13.088,0.0,3.731508,7.079487,1.545355,30,207,63,6,0.32204186,0.01770420,-0.00338982,0E-8,0.000000,0.904812,0.002133,0.03111404,2026-03-21,2026-08-06,120,3733,1703,139,0.863309,1.227414,1.154177,1.073473,,,,,,,,GLOBAL_BASELINE_NO_ENTITY_RANKING,,,NOT_APPLICABLE_GLOBAL_BASELINE,HF9g-P5,,,,X 全窗基线 · 不参与实体赏罚,15053840,1506,A168_HF9F_20260827_0900,2026-08-27 09:00:00
2026-07-18,127529701,2073,0,61.9626674928,36.1448893708,36.1448893708,0.6666667,3,3,0.49771390000000000,0.497713900000,0.5852756695216578,0.5852756695216578,0.5852756695216578,0E-17,ELIGIBLE,R03b_20260811_FULL_v1,L1_ELIGIBILITY,v2026-08-11,2026-03-21..2026-08-06,baccarat_bet02_101_all_pairs_incl_sentinel,round_win = game_pnl > 0 (decisive only),COMPATIBILITY_ONLY_NOT_PRODUCTION,557989.4742,504875.3716,9878.7574,24851,24505,-0.01770420,0.00338982,-0.02772422,-0.01770420,-9878.7574,557989.4742,OK,0.0000,395.1503,4.0000,96.0000,AG03-UNRESOLVED,ALL5_LEVELS_bet23_to_bet27,395.1503,395.1503,395.1503,0.0000,0.0000,4.000000,4.000000,4.000000,0.000000,0.000000,96.000000,96.000000,96.000000,100.000000,100.000000,5.0,1185.4509,1138.6651,8693.3065,8740.0923,PENDING_AG03,FALSE,NOT_FOR_ENFORCEMENT,9483.6071,484680.3568,9878.7574,9483.6071,395.1503,0.01770420,0.01699603,395.1503,9483.6071,0.01699603,395.1503,395.1503,395.1503,0.0000,0.0000,9483.6071,0.01699603,1185.4509,1138.6651,8693.3065,8740.0923,0.01557970,0.01566354,0.00070817,22.4534,20.6030,0.4031,82.3230,2.6463,4649.9123,204.2083,25.9152,21.1137,12.8578,14.5296,26.176,48.8436,54.2173,102.8621,13.088,0.0,3.731508,7.079487,1.545355,30,207,63,6,0.32204186,0.01770420,-0.00338982,0E-8,0.000000,0.904812,0.002133,0.03111404,2026-03-21,2026-08-06,120,3733,1703,139,0.863309,1.227414,1.154177,1.073473,,,,,,,,GLOBAL_BASELINE_NO_ENTITY_RANKING,,,NOT_APPLICABLE_GLOBAL_BASELINE,HF9g-P5,,,,X 全窗基线 · 不参与实体赏罚,15053841,1506,A168_HF9F_20260827_0900,2026-08-27 09:00:00
2026-07-18,127529701,2093,0,129.8634239537,-129.8634239537,-129.8634239537,0E-7,4,4,0.50665070000000000,0.506650700000,-2.026782104415204,-2.026782104415204,-2.026782104415204,0E-17,ELIGIBLE,R03b_20260811_FULL_v1,L1_ELIGIBILITY,v2026-08-11,2026-03-21..2026-08-06,baccarat_bet02_101_all_pairs_incl_sentinel,round_win = game_pnl > 0 (decisive only),COMPATIBILITY_ONLY_NOT_PRODUCTION,557989.4742,504875.3716,9878.7574,24851,24505,-0.01770420,0.00338982,-0.02772422,-0.01770420,-9878.7574,557989.4742,OK,0.0000,395.1503,4.0000,96.0000,AG03-UNRESOLVED,ALL5_LEVELS_bet23_to_bet27,395.1503,395.1503,395.1503,0.0000,0.0000,4.000000,4.000000,4.000000,0.000000,0.000000,96.000000,96.000000,96.000000,100.000000,100.000000,5.0,1185.4509,1138.6651,8693.3065,8740.0923,PENDING_AG03,FALSE,NOT_FOR_ENFORCEMENT,9483.6071,484680.3568,9878.7574,9483.6071,395.1503,0.01770420,0.01699603,395.1503,9483.6071,0.01699603,395.1503,395.1503,395.1503,0.0000,0.0000,9483.6071,0.01699603,1185.4509,1138.6651,8693.3065,8740.0923,0.01557970,0.01566354,0.00070817,22.4534,20.6030,0.4031,82.3230,2.6463,4649.9123,204.2083,25.9152,21.1137,12.8578,14.5296,26.176,48.8436,54.2173,102.8621,13.088,0.0,3.731508,7.079487,1.545355,30,207,63,6,0.32204186,0.01770420,-0.00338982,0E-8,0.000000,0.904812,0.002133,0.03111404,2026-03-21,2026-08-06,120,3733,1703,139,0.863309,1.227414,1.154177,1.073473,,,,,,,,GLOBAL_BASELINE_NO_ENTITY_RANKING,,,NOT_APPLICABLE_GLOBAL_BASELINE,HF9g-P5,,,,X 全窗基线 · 不参与实体赏罚,15053842,1506,A168_HF9F_20260827_0900,2026-08-27 09:00:00
2026-07-18,127529701,2101,0,516.8719180024,-126.5071127978,-126.5071127978,0.4615385,15,15,0.50039494000000000,0.500394940000,-0.28019813836336,-0.28019813836336,-0.28019813836336,0E-17,ELIGIBLE,R03b_20260811_FULL_v1,L1_ELIGIBILITY,v2026-08-11,2026-03-21..2026-08-06,baccarat_bet02_101_all_pairs_incl_sentinel,round_win = game_pnl > 0 (decisive only),COMPATIBILITY_ONLY_NOT_PRODUCTION,557989.4742,504875.3716,9878.7574,24851,24505,-0.01770420,0.00338982,-0.02772422,-0.01770420,-9878.7574,557989.4742,OK,0.0000,395.1503,4.0000,96.0000,AG03-UNRESOLVED,ALL5_LEVELS_bet23_to_bet27,395.1503,395.1503,395.1503,0.0000,0.0000,4.000000,4.000000,4.000000,0.000000,0.000000,96.000000,96.000000,96.000000,100.000000,100.000000,5.0,1185.4509,1138.6651,8693.3065,8740.0923,PENDING_AG03,FALSE,NOT_FOR_ENFORCEMENT,9483.6071,484680.3568,9878.7574,9483.6071,395.1503,0.01770420,0.01699603,395.1503,9483.6071,0.01699603,395.1503,395.1503,395.1503,0.0000,0.0000,9483.6071,0.01699603,1185.4509,1138.6651,8693.3065,8740.0923,0.01557970,0.01566354,0.00070817,22.4534,20.6030,0.4031,82.3230,2.6463,4649.9123,204.2083,25.9152,21.1137,12.8578,14.5296,26.176,48.8436,54.2173,102.8621,13.088,0.0,3.731508,7.079487,1.545355,30,207,63,6,0.32204186,0.01770420,-0.00338982,0E-8,0.000000,0.904812,0.002133,0.03111404,2026-03-21,2026-08-06,120,3733,1703,139,0.863309,1.227414,1.154177,1.073473,,,,,,,,GLOBAL_BASELINE_NO_ENTITY_RANKING,,,NOT_APPLICABLE_GLOBAL_BASELINE,HF9g-P5,,,,X 全窗基线 · 不参与实体赏罚,15053843,1506,A168_HF9F_20260827_0900,2026-08-27 09:00:00
2026-07-18,127529701,2106,0,64.5444453050,12.9088890610,12.9088890610,0.5000000,2,2,0.49324550000000000,0.493245500000,0.01910635448239258,0.01910635448239258,0.01910635448239258,0E-17,ELIGIBLE,R03b_20260811_FULL_v1,L1_ELIGIBILITY,v2026-08-11,2026-03-21..2026-08-06,baccarat_bet02_101_all_pairs_incl_sentinel,round_win = game_pnl > 0 (decisive only),COMPATIBILITY_ONLY_NOT_PRODUCTION,557989.4742,504875.3716,9878.7574,24851,24505,-0.01770420,0.00338982,-0.02772422,-0.01770420,-9878.7574,557989.4742,OK,0.0000,395.1503,4.0000,96.0000,AG03-UNRESOLVED,ALL5_LEVELS_bet23_to_bet27,395.1503,395.1503,395.1503,0.0000,0.0000,4.000000,4.000000,4.000000,0.000000,0.000000,96.000000,96.000000,96.000000,100.000000,100.000000,5.0,1185.4509,1138.6651,8693.3065,8740.0923,PENDING_AG03,FALSE,NOT_FOR_ENFORCEMENT,9483.6071,484680.3568,9878.7574,9483.6071,395.1503,0.01770420,0.01699603,395.1503,9483.6071,0.01699603,395.1503,395.1503,395.1503,0.0000,0.0000,9483.6071,0.01699603,1185.4509,1138.6651,8693.3065,8740.0923,0.01557970,0.01566354,0.00070817,22.4534,20.6030,0.4031,82.3230,2.6463,4649.9123,204.2083,25.9152,21.1137,12.8578,14.5296,26.176,48.8436,54.2173,102.8621,13.088,0.0,3.731508,7.079487,1.545355,30,207,63,6,0.32204186,0.01770420,-0.00338982,0E-8,0.000000,0.904812,0.002133,0.03111404,2026-03-21,2026-08-06,120,3733,1703,139,0.863309,1.227414,1.154177,1.073473,,,,,,,,GLOBAL_BASELINE_NO_ENTITY_RANKING,,,NOT_APPLICABLE_GLOBAL_BASELINE,HF9g-P5,,,,X 全窗基线 · 不参与实体赏罚,15053844,1506,A168_HF9F_20260827_0900,2026-08-27 09:00:00
2026-07-18,127529701,2115,0,78.7442232721,47.1174450727,47.1174450727,0.5000000,2,2,0.49994810000000000,0.499948100000,0.00014679536856514622,0.00014679536856514622,0.00014679536856514622,0E-17,ELIGIBLE,R03b_20260811_FULL_v1,L1_ELIGIBILITY,v2026-08-11,2026-03-21..2026-08-06,baccarat_bet02_101_all_pairs_incl_sentinel,round_win = game_pnl > 0 (decisive only),COMPATIBILITY_ONLY_NOT_PRODUCTION,557989.4742,504875.3716,9878.7574,24851,24505,-0.01770420,0.00338982,-0.02772422,-0.01770420,-9878.7574,557989.4742,OK,0.0000,395.1503,4.0000,96.0000,AG03-UNRESOLVED,ALL5_LEVELS_bet23_to_bet27,395.1503,395.1503,395.1503,0.0000,0.0000,4.000000,4.000000,4.000000,0.000000,0.000000,96.000000,96.000000,96.000000,100.000000,100.000000,5.0,1185.4509,1138.6651,8693.3065,8740.0923,PENDING_AG03,FALSE,NOT_FOR_ENFORCEMENT,9483.6071,484680.3568,9878.7574,9483.6071,395.1503,0.01770420,0.01699603,395.1503,9483.6071,0.01699603,395.1503,395.1503,395.1503,0.0000,0.0000,9483.6071,0.01699603,1185.4509,1138.6651,8693.3065,8740.0923,0.01557970,0.01566354,0.00070817,22.4534,20.6030,0.4031,82.3230,2.6463,4649.9123,204.2083,25.9152,21.1137,12.8578,14.5296,26.176,48.8436,54.2173,102.8621,13.088,0.0,3.731508,7.079487,1.545355,30,207,63,6,0.32204186,0.01770420,-0.00338982,0E-8,0.000000,0.904812,0.002133,0.03111404,2026-03-21,2026-08-06,120,3733,1703,139,0.863309,1.227414,1.154177,1.073473,,,,,,,,GLOBAL_BASELINE_NO_ENTITY_RANKING,,,NOT_APPLICABLE_GLOBAL_BASELINE,HF9g-P5,,,,X 全窗基线 · 不参与实体赏罚,15053845,1506,A168_HF9F_20260827_0900,2026-08-27 09:00:00
2026-07-18,127529701,2117,0,470.6580951642,-103.4002013785,-103.4002013785,0.3846154,14,14,0.50186312857142857,0.501863128571,-0.845491375372971,-0.8454913753698777,-0.845491375372971,4.2857E-13,ELIGIBLE,R03b_20260811_FULL_v1,L1_ELIGIBILITY,v2026-08-11,2026-03-21..2026-08-06,baccarat_bet02_101_all_pairs_incl_sentinel,round_win = game_pnl > 0 (decisive only),COMPATIBILITY_ONLY_NOT_PRODUCTION,557989.4742,504875.3716,9878.7574,24851,24505,-0.01770420,0.00338982,-0.02772422,-0.01770420,-9878.7574,557989.4742,OK,0.0000,395.1503,4.0000,96.0000,AG03-UNRESOLVED,ALL5_LEVELS_bet23_to_bet27,395.1503,395.1503,395.1503,0.0000,0.0000,4.000000,4.000000,4.000000,0.000000,0.000000,96.000000,96.000000,96.000000,100.000000,100.000000,5.0,1185.4509,1138.6651,8693.3065,8740.0923,PENDING_AG03,FALSE,NOT_FOR_ENFORCEMENT,9483.6071,484680.3568,9878.7574,9483.6071,395.1503,0.01770420,0.01699603,395.1503,9483.6071,0.01699603,395.1503,395.1503,395.1503,0.0000,0.0000,9483.6071,0.01699603,1185.4509,1138.6651,8693.3065,8740.0923,0.01557970,0.01566354,0.00070817,22.4534,20.6030,0.4031,82.3230,2.6463,4649.9123,204.2083,25.9152,21.1137,12.8578,14.5296,26.176,48.8436,54.2173,102.8621,13.088,0.0,3.731508,7.079487,1.545355,30,207,63,6,0.32204186,0.01770420,-0.00338982,0E-8,0.000000,0.904812,0.002133,0.03111404,2026-03-21,2026-08-06,120,3733,1703,139,0.863309,1.227414,1.154177,1.073473,,,,,,,,GLOBAL_BASELINE_NO_ENTITY_RANKING,,,NOT_APPLICABLE_GLOBAL_BASELINE,HF9g-P5,,,,X 全窗基线 · 不参与实体赏罚,15053846,1506,A168_HF9F_20260827_0900,2026-08-27 09:00:00
2026-07-18,127529701,2123,0,25.8177781220,25.8177781220,25.8177781220,1.0000000,1,1,0.49324550000000000,0.493245500000,1.01360149184955,1.01360149184955,1.01360149184955,0E-17,ELIGIBLE,R03b_20260811_FULL_v1,L1_ELIGIBILITY,v2026-08-11,2026-03-21..2026-08-06,baccarat_bet02_101_all_pairs_incl_sentinel,round_win = game_pnl > 0 (decisive only),COMPATIBILITY_ONLY_NOT_PRODUCTION,557989.4742,504875.3716,9878.7574,24851,24505,-0.01770420,0.00338982,-0.02772422,-0.01770420,-9878.7574,557989.4742,OK,0.0000,395.1503,4.0000,96.0000,AG03-UNRESOLVED,ALL5_LEVELS_bet23_to_bet27,395.1503,395.1503,395.1503,0.0000,0.0000,4.000000,4.000000,4.000000,0.000000,0.000000,96.000000,96.000000,96.000000,100.000000,100.000000,5.0,1185.4509,1138.6651,8693.3065,8740.0923,PENDING_AG03,FALSE,NOT_FOR_ENFORCEMENT,9483.6071,484680.3568,9878.7574,9483.6071,395.1503,0.01770420,0.01699603,395.1503,9483.6071,0.01699603,395.1503,395.1503,395.1503,0.0000,0.0000,9483.6071,0.01699603,1185.4509,1138.6651,8693.3065,8740.0923,0.01557970,0.01566354,0.00070817,22.4534,20.6030,0.4031,82.3230,2.6463,4649.9123,204.2083,25.9152,21.1137,12.8578,14.5296,26.176,48.8436,54.2173,102.8621,13.088,0.0,3.731508,7.079487,1.545355,30,207,63,6,0.32204186,0.01770420,-0.00338982,0E-8,0.000000,0.904812,0.002133,0.03111404,2026-03-21,2026-08-06,120,3733,1703,139,0.863309,1.227414,1.154177,1.073473,,,,,,,,GLOBAL_BASELINE_NO_ENTITY_RANKING,,,NOT_APPLICABLE_GLOBAL_BASELINE,HF9g-P5,,,,X 全窗基线 · 不参与实体赏罚,15053847,1506,A168_HF9F_20260827_0900,2026-08-27 09:00:00
2026-07-18,127529701,2130,0,493.1195621304,-225.9055585676,-225.9055585676,0.3333333,10,10,0.49994810000000000,0.499948100000,-0.9996886053855424,-0.9996886053855424,-0.9996886053855424,0E-17,ELIGIBLE,R03b_20260811_FULL_v1,L1_ELIGIBILITY,v2026-08-11,2026-03-21..2026-08-06,baccarat_bet02_101_all_pairs_incl_sentinel,round_win = game_pnl > 0 (decisive only),COMPATIBILITY_ONLY_NOT_PRODUCTION,557989.4742,504875.3716,9878.7574,24851,24505,-0.01770420,0.00338982,-0.02772422,-0.01770420,-9878.7574,557989.4742,OK,0.0000,395.1503,4.0000,96.0000,AG03-UNRESOLVED,ALL5_LEVELS_bet23_to_bet27,395.1503,395.1503,395.1503,0.0000,0.0000,4.000000,4.000000,4.000000,0.000000,0.000000,96.000000,96.000000,96.000000,100.000000,100.000000,5.0,1185.4509,1138.6651,8693.3065,8740.0923,PENDING_AG03,FALSE,NOT_FOR_ENFORCEMENT,9483.6071,484680.3568,9878.7574,9483.6071,395.1503,0.01770420,0.01699603,395.1503,9483.6071,0.01699603,395.1503,395.1503,395.1503,0.0000,0.0000,9483.6071,0.01699603,1185.4509,1138.6651,8693.3065,8740.0923,0.01557970,0.01566354,0.00070817,22.4534,20.6030,0.4031,82.3230,2.6463,4649.9123,204.2083,25.9152,21.1137,12.8578,14.5296,26.176,48.8436,54.2173,102.8621,13.088,0.0,3.731508,7.079487,1.545355,30,207,63,6,0.32204186,0.01770420,-0.00338982,0E-8,0.000000,0.904812,0.002133,0.03111404,2026-03-21,2026-08-06,120,3733,1703,139,0.863309,1.227414,1.154177,1.073473,,,,,,,,GLOBAL_BASELINE_NO_ENTITY_RANKING,,,NOT_APPLICABLE_GLOBAL_BASELINE,HF9g-P5,,,,X 全窗基线 · 不参与实体赏罚,15053848,1506,A168_HF9F_20260827_0900,2026-08-27 09:00:00
2026-07-18,127529701,2134,0,103.2711124881,-103.2711124881,-103.2711124881,0E-7,1,1,0.49324550000000000,0.493245500000,-0.9865810262130424,-0.9865810262130424,-0.9865810262130424,0E-17,ELIGIBLE,R03b_20260811_FULL_v1,L1_ELIGIBILITY,v2026-08-11,2026-03-21..2026-08-06,baccarat_bet02_101_all_pairs_incl_sentinel,round_win = game_pnl > 0 (decisive only),COMPATIBILITY_ONLY_NOT_PRODUCTION,557989.4742,504875.3716,9878.7574,24851,24505,-0.01770420,0.00338982,-0.02772422,-0.01770420,-9878.7574,557989.4742,OK,0.0000,395.1503,4.0000,96.0000,AG03-UNRESOLVED,ALL5_LEVELS_bet23_to_bet27,395.1503,395.1503,395.1503,0.0000,0.0000,4.000000,4.000000,4.000000,0.000000,0.000000,96.000000,96.000000,96.000000,100.000000,100.000000,5.0,1185.4509,1138.6651,8693.3065,8740.0923,PENDING_AG03,FALSE,NOT_FOR_ENFORCEMENT,9483.6071,484680.3568,9878.7574,9483.6071,395.1503,0.01770420,0.01699603,395.1503,9483.6071,0.01699603,395.1503,395.1503,395.1503,0.0000,0.0000,9483.6071,0.01699603,1185.4509,1138.6651,8693.3065,8740.0923,0.01557970,0.01566354,0.00070817,22.4534,20.6030,0.4031,82.3230,2.6463,4649.9123,204.2083,25.9152,21.1137,12.8578,14.5296,26.176,48.8436,54.2173,102.8621,13.088,0.0,3.731508,7.079487,1.545355,30,207,63,6,0.32204186,0.01770420,-0.00338982,0E-8,0.000000,0.904812,0.002133,0.03111404,2026-03-21,2026-08-06,120,3733,1703,139,0.863309,1.227414,1.154177,1.073473,,,,,,,,GLOBAL_BASELINE_NO_ENTITY_RANKING,,,NOT_APPLICABLE_GLOBAL_BASELINE,HF9g-P5,,,,X 全窗基线 · 不参与实体赏罚,15053849,1506,A168_HF9F_20260827_0900,2026-08-27 09:00:00
2026-07-18,127529701,2142,0,695.5309426068,31.5751426433,31.5751426433,0.5714286,15,15,0.50128862000000000,0.501288620000,0.5248810779178836,0.5248810779178836,0.5248810779178836,0E-17,ELIGIBLE,R03b_20260811_FULL_v1,L1_ELIGIBILITY,v2026-08-11,2026-03-21..2026-08-06,baccarat_bet02_101_all_pairs_incl_sentinel,round_win = game_pnl > 0 (decisive only),COMPATIBILITY_ONLY_NOT_PRODUCTION,557989.4742,504875.3716,9878.7574,24851,24505,-0.01770420,0.00338982,-0.02772422,-0.01770420,-9878.7574,557989.4742,OK,0.0000,395.1503,4.0000,96.0000,AG03-UNRESOLVED,ALL5_LEVELS_bet23_to_bet27,395.1503,395.1503,395.1503,0.0000,0.0000,4.000000,4.000000,4.000000,0.000000,0.000000,96.000000,96.000000,96.000000,100.000000,100.000000,5.0,1185.4509,1138.6651,8693.3065,8740.0923,PENDING_AG03,FALSE,NOT_FOR_ENFORCEMENT,9483.6071,484680.3568,9878.7574,9483.6071,395.1503,0.01770420,0.01699603,395.1503,9483.6071,0.01699603,395.1503,395.1503,395.1503,0.0000,0.0000,9483.6071,0.01699603,1185.4509,1138.6651,8693.3065,8740.0923,0.01557970,0.01566354,0.00070817,22.4534,20.6030,0.4031,82.3230,2.6463,4649.9123,204.2083,25.9152,21.1137,12.8578,14.5296,26.176,48.8436,54.2173,102.8621,13.088,0.0,3.731508,7.079487,1.545355,30,207,63,6,0.32204186,0.01770420,-0.00338982,0E-8,0.000000,0.904812,0.002133,0.03111404,2026-03-21,2026-08-06,120,3733,1703,139,0.863309,1.227414,1.154177,1.073473,,,,,,,,GLOBAL_BASELINE_NO_ENTITY_RANKING,,,NOT_APPLICABLE_GLOBAL_BASELINE,HF9g-P5,,,,X 全窗基线 · 不参与实体赏罚,15053850,1506,A168_HF9F_20260827_0900,2026-08-27 09:00:00
2026-07-18,127529701,2152,0,12.9088890610,-12.9088890610,-12.9088890610,0E-7,1,1,0.50665070000000000,0.506650700000,-1.013391052207602,-1.013391052207602,-1.013391052207602,0E-17,ELIGIBLE,R03b_20260811_FULL_v1,L1_ELIGIBILITY,v2026-08-11,2026-03-21..2026-08-06,baccarat_bet02_101_all_pairs_incl_sentinel,round_win = game_pnl > 0 (decisive only),COMPATIBILITY_ONLY_NOT_PRODUCTION,557989.4742,504875.3716,9878.7574,24851,24505,-0.01770420,0.00338982,-0.02772422,-0.01770420,-9878.7574,557989.4742,OK,0.0000,395.1503,4.0000,96.0000,AG03-UNRESOLVED,ALL5_LEVELS_bet23_to_bet27,395.1503,395.1503,395.1503,0.0000,0.0000,4.000000,4.000000,4.000000,0.000000,0.000000,96.000000,96.000000,96.000000,100.000000,100.000000,5.0,1185.4509,1138.6651,8693.3065,8740.0923,PENDING_AG03,FALSE,NOT_FOR_ENFORCEMENT,9483.6071,484680.3568,9878.7574,9483.6071,395.1503,0.01770420,0.01699603,395.1503,9483.6071,0.01699603,395.1503,395.1503,395.1503,0.0000,0.0000,9483.6071,0.01699603,1185.4509,1138.6651,8693.3065,8740.0923,0.01557970,0.01566354,0.00070817,22.4534,20.6030,0.4031,82.3230,2.6463,4649.9123,204.2083,25.9152,21.1137,12.8578,14.5296,26.176,48.8436,54.2173,102.8621,13.088,0.0,3.731508,7.079487,1.545355,30,207,63,6,0.32204186,0.01770420,-0.00338982,0E-8,0.000000,0.904812,0.002133,0.03111404,2026-03-21,2026-08-06,120,3733,1703,139,0.863309,1.227414,1.154177,1.073473,,,,,,,,GLOBAL_BASELINE_NO_ENTITY_RANKING,,,NOT_APPLICABLE_GLOBAL_BASELINE,HF9g-P5,,,,X 全窗基线 · 不参与实体赏罚,15053851,1506,A168_HF9F_20260827_0900,2026-08-27 09:00:00
2026-07-18,127529701,2153,0,823.5871220919,-117.9872460175,-117.9872460175,0.3888889,22,22,0.48365595909090909,0.483655959091,-0.804555208481016,-0.8045552084817831,-0.804555208481016,-9.091E-14,ELIGIBLE,R03b_20260811_FULL_v1,L1_ELIGIBILITY,v2026-08-11,2026-03-21..2026-08-06,baccarat_bet02_101_all_pairs_incl_sentinel,round_win = game_pnl > 0 (decisive only),COMPATIBILITY_ONLY_NOT_PRODUCTION,557989.4742,504875.3716,9878.7574,24851,24505,-0.01770420,0.00338982,-0.02772422,-0.01770420,-9878.7574,557989.4742,OK,0.0000,395.1503,4.0000,96.0000,AG03-UNRESOLVED,ALL5_LEVELS_bet23_to_bet27,395.1503,395.1503,395.1503,0.0000,0.0000,4.000000,4.000000,4.000000,0.000000,0.000000,96.000000,96.000000,96.000000,100.000000,100.000000,5.0,1185.4509,1138.6651,8693.3065,8740.0923,PENDING_AG03,FALSE,NOT_FOR_ENFORCEMENT,9483.6071,484680.3568,9878.7574,9483.6071,395.1503,0.01770420,0.01699603,395.1503,9483.6071,0.01699603,395.1503,395.1503,395.1503,0.0000,0.0000,9483.6071,0.01699603,1185.4509,1138.6651,8693.3065,8740.0923,0.01557970,0.01566354,0.00070817,22.4534,20.6030,0.4031,82.3230,2.6463,4649.9123,204.2083,25.9152,21.1137,12.8578,14.5296,26.176,48.8436,54.2173,102.8621,13.088,0.0,3.731508,7.079487,1.545355,30,207,63,6,0.32204186,0.01770420,-0.00338982,0E-8,0.000000,0.904812,0.002133,0.03111404,2026-03-21,2026-08-06,120,3733,1703,139,0.863309,1.227414,1.154177,1.073473,,,,,,,,GLOBAL_BASELINE_NO_ENTITY_RANKING,,,NOT_APPLICABLE_GLOBAL_BASELINE,HF9g-P5,,,,X 全窗基线 · 不参与实体赏罚,15053852,1506,A168_HF9F_20260827_0900,2026-08-27 09:00:00
2026-07-18,127529701,2156,0,78.7442232721,24.4623447706,24.4623447706,0.6666667,3,3,0.50665070000000000,0.506650700000,0.5543606114942035,0.5543606114942035,0.5543606114942035,0E-17,ELIGIBLE,R03b_20260811_FULL_v1,L1_ELIGIBILITY,v2026-08-11,2026-03-21..2026-08-06,baccarat_bet02_101_all_pairs_incl_sentinel,round_win = game_pnl > 0 (decisive only),COMPATIBILITY_ONLY_NOT_PRODUCTION,557989.4742,504875.3716,9878.7574,24851,24505,-0.01770420,0.00338982,-0.02772422,-0.01770420,-9878.7574,557989.4742,OK,0.0000,395.1503,4.0000,96.0000,AG03-UNRESOLVED,ALL5_LEVELS_bet23_to_bet27,395.1503,395.1503,395.1503,0.0000,0.0000,4.000000,4.000000,4.000000,0.000000,0.000000,96.000000,96.000000,96.000000,100.000000,100.000000,5.0,1185.4509,1138.6651,8693.3065,8740.0923,PENDING_AG03,FALSE,NOT_FOR_ENFORCEMENT,9483.6071,484680.3568,9878.7574,9483.6071,395.1503,0.01770420,0.01699603,395.1503,9483.6071,0.01699603,395.1503,395.1503,395.1503,0.0000,0.0000,9483.6071,0.01699603,1185.4509,1138.6651,8693.3065,8740.0923,0.01557970,0.01566354,0.00070817,22.4534,20.6030,0.4031,82.3230,2.6463,4649.9123,204.2083,25.9152,21.1137,12.8578,14.5296,26.176,48.8436,54.2173,102.8621,13.088,0.0,3.731508,7.079487,1.545355,30,207,63,6,0.32204186,0.01770420,-0.00338982,0E-8,0.000000,0.904812,0.002133,0.03111404,2026-03-21,2026-08-06,120,3733,1703,139,0.863309,1.227414,1.154177,1.073473,,,,,,,,GLOBAL_BASELINE_NO_ENTITY_RANKING,,,NOT_APPLICABLE_GLOBAL_BASELINE,HF9g-P5,,,,X 全窗基线 · 不参与实体赏罚,15053853,1506,A168_HF9F_20260827_0900,2026-08-27 09:00:00
2026-07-18,127529701,2174,0,916.2729455500,143.8050241397,143.8050241397,0.4545455,25,24,0.49590086250000000,0.493039418750,-0.38796115243374596,-0.3611403887025088,-0.38796115243374596,0.00286144375000000,ELIGIBLE,R03b_20260811_FULL_v1,L1_ELIGIBILITY,v2026-08-11,2026-03-21..2026-08-06,baccarat_bet02_101_all_pairs_incl_sentinel,round_win = game_pnl > 0 (decisive only),COMPATIBILITY_ONLY_NOT_PRODUCTION,557989.4742,504875.3716,9878.7574,24851,24505,-0.01770420,0.00338982,-0.02772422,-0.01770420,-9878.7574,557989.4742,OK,0.0000,395.1503,4.0000,96.0000,AG03-UNRESOLVED,ALL5_LEVELS_bet23_to_bet27,395.1503,395.1503,395.1503,0.0000,0.0000,4.000000,4.000000,4.000000,0.000000,0.000000,96.000000,96.000000,96.000000,100.000000,100.000000,5.0,1185.4509,1138.6651,8693.3065,8740.0923,PENDING_AG03,FALSE,NOT_FOR_ENFORCEMENT,9483.6071,484680.3568,9878.7574,9483.6071,395.1503,0.01770420,0.01699603,395.1503,9483.6071,0.01699603,395.1503,395.1503,395.1503,0.0000,0.0000,9483.6071,0.01699603,1185.4509,1138.6651,8693.3065,8740.0923,0.01557970,0.01566354,0.00070817,22.4534,20.6030,0.4031,82.3230,2.6463,4649.9123,204.2083,25.9152,21.1137,12.8578,14.5296,26.176,48.8436,54.2173,102.8621,13.088,0.0,3.731508,7.079487,1.545355,30,207,63,6,0.32204186,0.01770420,-0.00338982,0E-8,0.000000,0.904812,0.002133,0.03111404,2026-03-21,2026-08-06,120,3733,1703,139,0.863309,1.227414,1.154177,1.073473,,,,,,,,GLOBAL_BASELINE_NO_ENTITY_RANKING,,,NOT_APPLICABLE_GLOBAL_BASELINE,HF9g-P5,,,,X 全窗基线 · 不参与实体赏罚,15053854,1506,A168_HF9F_20260827_0900,2026-08-27 09:00:00
2026-07-18,127529701,2177,0,77.4533343660,-77.4533343660,-77.4533343660,0E-7,1,1,0.50665070000000000,0.506650700000,-1.013391052207602,-1.013391052207602,-1.013391052207602,0E-17,ELIGIBLE,R03b_20260811_FULL_v1,L1_ELIGIBILITY,v2026-08-11,2026-03-21..2026-08-06,baccarat_bet02_101_all_pairs_incl_sentinel,round_win = game_pnl > 0 (decisive only),COMPATIBILITY_ONLY_NOT_PRODUCTION,557989.4742,504875.3716,9878.7574,24851,24505,-0.01770420,0.00338982,-0.02772422,-0.01770420,-9878.7574,557989.4742,OK,0.0000,395.1503,4.0000,96.0000,AG03-UNRESOLVED,ALL5_LEVELS_bet23_to_bet27,395.1503,395.1503,395.1503,0.0000,0.0000,4.000000,4.000000,4.000000,0.000000,0.000000,96.000000,96.000000,96.000000,100.000000,100.000000,5.0,1185.4509,1138.6651,8693.3065,8740.0923,PENDING_AG03,FALSE,NOT_FOR_ENFORCEMENT,9483.6071,484680.3568,9878.7574,9483.6071,395.1503,0.01770420,0.01699603,395.1503,9483.6071,0.01699603,395.1503,395.1503,395.1503,0.0000,0.0000,9483.6071,0.01699603,1185.4509,1138.6651,8693.3065,8740.0923,0.01557970,0.01566354,0.00070817,22.4534,20.6030,0.4031,82.3230,2.6463,4649.9123,204.2083,25.9152,21.1137,12.8578,14.5296,26.176,48.8436,54.2173,102.8621,13.088,0.0,3.731508,7.079487,1.545355,30,207,63,6,0.32204186,0.01770420,-0.00338982,0E-8,0.000000,0.904812,0.002133,0.03111404,2026-03-21,2026-08-06,120,3733,1703,139,0.863309,1.227414,1.154177,1.073473,,,,,,,,GLOBAL_BASELINE_NO_ENTITY_RANKING,,,NOT_APPLICABLE_GLOBAL_BASELINE,HF9g-P5,,,,X 全窗基线 · 不参与实体赏罚,15053855,1506,A168_HF9F_20260827_0900,2026-08-27 09:00:00
2026-07-18,127529701,2188,0,178.6590246043,89.7167789739,89.7167789739,0.8571429,7,7,0.50090561428571429,0.500905614286,1.8850333966533306,1.8850333966518211,1.8850333966533306,-2.8571E-13,ELIGIBLE,R03b_20260811_FULL_v1,L1_ELIGIBILITY,v2026-08-11,2026-03-21..2026-08-06,baccarat_bet02_101_all_pairs_incl_sentinel,round_win = game_pnl > 0 (decisive only),COMPATIBILITY_ONLY_NOT_PRODUCTION,557989.4742,504875.3716,9878.7574,24851,24505,-0.01770420,0.00338982,-0.02772422,-0.01770420,-9878.7574,557989.4742,OK,0.0000,395.1503,4.0000,96.0000,AG03-UNRESOLVED,ALL5_LEVELS_bet23_to_bet27,395.1503,395.1503,395.1503,0.0000,0.0000,4.000000,4.000000,4.000000,0.000000,0.000000,96.000000,96.000000,96.000000,100.000000,100.000000,5.0,1185.4509,1138.6651,8693.3065,8740.0923,PENDING_AG03,FALSE,NOT_FOR_ENFORCEMENT,9483.6071,484680.3568,9878.7574,9483.6071,395.1503,0.01770420,0.01699603,395.1503,9483.6071,0.01699603,395.1503,395.1503,395.1503,0.0000,0.0000,9483.6071,0.01699603,1185.4509,1138.6651,8693.3065,8740.0923,0.01557970,0.01566354,0.00070817,22.4534,20.6030,0.4031,82.3230,2.6463,4649.9123,204.2083,25.9152,21.1137,12.8578,14.5296,26.176,48.8436,54.2173,102.8621,13.088,0.0,3.731508,7.079487,1.545355,30,207,63,6,0.32204186,0.01770420,-0.00338982,0E-8,0.000000,0.904812,0.002133,0.03111404,2026-03-21,2026-08-06,120,3733,1703,139,0.863309,1.227414,1.154177,1.073473,,,,,,,,GLOBAL_BASELINE_NO_ENTITY_RANKING,,,NOT_APPLICABLE_GLOBAL_BASELINE,HF9g-P5,,,,X 全窗基线 · 不参与实体赏罚,15053856,1506,A168_HF9F_20260827_0900,2026-08-27 09:00:00
2026-07-18,127529701,2223,0,407.9208943277,-214.2875584127,-214.2875584127,0.3333333,8,8,0.49827245000000000,0.498272450000,-0.8080381719969413,-0.8080381719969413,-0.8080381719969413,0E-17,ELIGIBLE,R03b_20260811_FULL_v1,L1_ELIGIBILITY,v2026-08-11,2026-03-21..2026-08-06,baccarat_bet02_101_all_pairs_incl_sentinel,round_win = game_pnl > 0 (decisive only),COMPATIBILITY_ONLY_NOT_PRODUCTION,557989.4742,504875.3716,9878.7574,24851,24505,-0.01770420,0.00338982,-0.02772422,-0.01770420,-9878.7574,557989.4742,OK,0.0000,395.1503,4.0000,96.0000,AG03-UNRESOLVED,ALL5_LEVELS_bet23_to_bet27,395.1503,395.1503,395.1503,0.0000,0.0000,4.000000,4.000000,4.000000,0.000000,0.000000,96.000000,96.000000,96.000000,100.000000,100.000000,5.0,1185.4509,1138.6651,8693.3065,8740.0923,PENDING_AG03,FALSE,NOT_FOR_ENFORCEMENT,9483.6071,484680.3568,9878.7574,9483.6071,395.1503,0.01770420,0.01699603,395.1503,9483.6071,0.01699603,395.1503,395.1503,395.1503,0.0000,0.0000,9483.6071,0.01699603,1185.4509,1138.6651,8693.3065,8740.0923,0.01557970,0.01566354,0.00070817,22.4534,20.6030,0.4031,82.3230,2.6463,4649.9123,204.2083,25.9152,21.1137,12.8578,14.5296,26.176,48.8436,54.2173,102.8621,13.088,0.0,3.731508,7.079487,1.545355,30,207,63,6,0.32204186,0.01770420,-0.00338982,0E-8,0.000000,0.904812,0.002133,0.03111404,2026-03-21,2026-08-06,120,3733,1703,139,0.863309,1.227414,1.154177,1.073473,,,,,,,,GLOBAL_BASELINE_NO_ENTITY_RANKING,,,NOT_APPLICABLE_GLOBAL_BASELINE,HF9g-P5,,,,X 全窗基线 · 不参与实体赏罚,15053857,1506,A168_HF9F_20260827_0900,2026-08-27 09:00:00
2026-07-18,127529701,2235,0,313.1696486200,-28.9159114966,-28.9159114966,0.3333333,7,7,0.49707555714285714,0.497075557143,-0.8021835166153284,-0.8021835166160269,-0.8021835166153284,-1.4286E-13,ELIGIBLE,R03b_20260811_FULL_v1,L1_ELIGIBILITY,v2026-08-11,2026-03-21..2026-08-06,baccarat_bet02_101_all_pairs_incl_sentinel,round_win = game_pnl > 0 (decisive only),COMPATIBILITY_ONLY_NOT_PRODUCTION,557989.4742,504875.3716,9878.7574,24851,24505,-0.01770420,0.00338982,-0.02772422,-0.01770420,-9878.7574,557989.4742,OK,0.0000,395.1503,4.0000,96.0000,AG03-UNRESOLVED,ALL5_LEVELS_bet23_to_bet27,395.1503,395.1503,395.1503,0.0000,0.0000,4.000000,4.000000,4.000000,0.000000,0.000000,96.000000,96.000000,96.000000,100.000000,100.000000,5.0,1185.4509,1138.6651,8693.3065,8740.0923,PENDING_AG03,FALSE,NOT_FOR_ENFORCEMENT,9483.6071,484680.3568,9878.7574,9483.6071,395.1503,0.01770420,0.01699603,395.1503,9483.6071,0.01699603,395.1503,395.1503,395.1503,0.0000,0.0000,9483.6071,0.01699603,1185.4509,1138.6651,8693.3065,8740.0923,0.01557970,0.01566354,0.00070817,22.4534,20.6030,0.4031,82.3230,2.6463,4649.9123,204.2083,25.9152,21.1137,12.8578,14.5296,26.176,48.8436,54.2173,102.8621,13.088,0.0,3.731508,7.079487,1.545355,30,207,63,6,0.32204186,0.01770420,-0.00338982,0E-8,0.000000,0.904812,0.002133,0.03111404,2026-03-21,2026-08-06,120,3733,1703,139,0.863309,1.227414,1.154177,1.073473,,,,,,,,GLOBAL_BASELINE_NO_ENTITY_RANKING,,,NOT_APPLICABLE_GLOBAL_BASELINE,HF9g-P5,,,,X 全窗基线 · 不参与实体赏罚,15053858,1506,A168_HF9F_20260827_0900,2026-08-27 09:00:00
2026-07-18,127529701,2246,0,51.6355562440,-26.4632225750,-26.4632225750,0.3333333,3,3,0.50665070000000000,0.506650700000,-0.6004420894325239,-0.6004420894325239,-0.6004420894325239,0E-17,ELIGIBLE,R03b_20260811_FULL_v1,L1_ELIGIBILITY,v2026-08-11,2026-03-21..2026-08-06,baccarat_bet02_101_all_pairs_incl_sentinel,round_win = game_pnl > 0 (decisive only),COMPATIBILITY_ONLY_NOT_PRODUCTION,557989.4742,504875.3716,9878.7574,24851,24505,-0.01770420,0.00338982,-0.02772422,-0.01770420,-9878.7574,557989.4742,OK,0.0000,395.1503,4.0000,96.0000,AG03-UNRESOLVED,ALL5_LEVELS_bet23_to_bet27,395.1503,395.1503,395.1503,0.0000,0.0000,4.000000,4.000000,4.000000,0.000000,0.000000,96.000000,96.000000,96.000000,100.000000,100.000000,5.0,1185.4509,1138.6651,8693.3065,8740.0923,PENDING_AG03,FALSE,NOT_FOR_ENFORCEMENT,9483.6071,484680.3568,9878.7574,9483.6071,395.1503,0.01770420,0.01699603,395.1503,9483.6071,0.01699603,395.1503,395.1503,395.1503,0.0000,0.0000,9483.6071,0.01699603,1185.4509,1138.6651,8693.3065,8740.0923,0.01557970,0.01566354,0.00070817,22.4534,20.6030,0.4031,82.3230,2.6463,4649.9123,204.2083,25.9152,21.1137,12.8578,14.5296,26.176,48.8436,54.2173,102.8621,13.088,0.0,3.731508,7.079487,1.545355,30,207,63,6,0.32204186,0.01770420,-0.00338982,0E-8,0.000000,0.904812,0.002133,0.03111404,2026-03-21,2026-08-06,120,3733,1703,139,0.863309,1.227414,1.154177,1.073473,,,,,,,,GLOBAL_BASELINE_NO_ENTITY_RANKING,,,NOT_APPLICABLE_GLOBAL_BASELINE,HF9g-P5,,,,X 全窗基线 · 不参与实体赏罚,15053859,1506,A168_HF9F_20260827_0900,2026-08-27 09:00:00
2026-07-18,127529701,2250,0,206.5422249761,-129.7343350631,-129.7343350631,0.2500000,5,5,0.50128862000000000,0.501288620000,-1.0051578182180947,-1.0051578182180947,-1.0051578182180947,0E-17,ELIGIBLE,R03b_20260811_FULL_v1,L1_ELIGIBILITY,v2026-08-11,2026-03-21..2026-08-06,baccarat_bet02_101_all_pairs_incl_sentinel,round_win = game_pnl > 0 (decisive only),COMPATIBILITY_ONLY_NOT_PRODUCTION,557989.4742,504875.3716,9878.7574,24851,24505,-0.01770420,0.00338982,-0.02772422,-0.01770420,-9878.7574,557989.4742,OK,0.0000,395.1503,4.0000,96.0000,AG03-UNRESOLVED,ALL5_LEVELS_bet23_to_bet27,395.1503,395.1503,395.1503,0.0000,0.0000,4.000000,4.000000,4.000000,0.000000,0.000000,96.000000,96.000000,96.000000,100.000000,100.000000,5.0,1185.4509,1138.6651,8693.3065,8740.0923,PENDING_AG03,FALSE,NOT_FOR_ENFORCEMENT,9483.6071,484680.3568,9878.7574,9483.6071,395.1503,0.01770420,0.01699603,395.1503,9483.6071,0.01699603,395.1503,395.1503,395.1503,0.0000,0.0000,9483.6071,0.01699603,1185.4509,1138.6651,8693.3065,8740.0923,0.01557970,0.01566354,0.00070817,22.4534,20.6030,0.4031,82.3230,2.6463,4649.9123,204.2083,25.9152,21.1137,12.8578,14.5296,26.176,48.8436,54.2173,102.8621,13.088,0.0,3.731508,7.079487,1.545355,30,207,63,6,0.32204186,0.01770420,-0.00338982,0E-8,0.000000,0.904812,0.002133,0.03111404,2026-03-21,2026-08-06,120,3733,1703,139,0.863309,1.227414,1.154177,1.073473,,,,,,,,GLOBAL_BASELINE_NO_ENTITY_RANKING,,,NOT_APPLICABLE_GLOBAL_BASELINE,HF9g-P5,,,,X 全窗基线 · 不参与实体赏罚,15053860,1506,A168_HF9F_20260827_0900,2026-08-27 09:00:00
2026-07-18,127529701,2251,0,685.7201869204,157.6175354349,157.6175354349,0.6470588,17,17,0.50034237058823529,0.500342370588,1.2098551486175817,1.2098551486195217,1.2098551486175817,2.3529E-13,ELIGIBLE,R03b_20260811_FULL_v1,L1_ELIGIBILITY,v2026-08-11,2026-03-21..2026-08-06,baccarat_bet02_101_all_pairs_incl_sentinel,round_win = game_pnl > 0 (decisive only),COMPATIBILITY_ONLY_NOT_PRODUCTION,557989.4742,504875.3716,9878.7574,24851,24505,-0.01770420,0.00338982,-0.02772422,-0.01770420,-9878.7574,557989.4742,OK,0.0000,395.1503,4.0000,96.0000,AG03-UNRESOLVED,ALL5_LEVELS_bet23_to_bet27,395.1503,395.1503,395.1503,0.0000,0.0000,4.000000,4.000000,4.000000,0.000000,0.000000,96.000000,96.000000,96.000000,100.000000,100.000000,5.0,1185.4509,1138.6651,8693.3065,8740.0923,PENDING_AG03,FALSE,NOT_FOR_ENFORCEMENT,9483.6071,484680.3568,9878.7574,9483.6071,395.1503,0.01770420,0.01699603,395.1503,9483.6071,0.01699603,395.1503,395.1503,395.1503,0.0000,0.0000,9483.6071,0.01699603,1185.4509,1138.6651,8693.3065,8740.0923,0.01557970,0.01566354,0.00070817,22.4534,20.6030,0.4031,82.3230,2.6463,4649.9123,204.2083,25.9152,21.1137,12.8578,14.5296,26.176,48.8436,54.2173,102.8621,13.088,0.0,3.731508,7.079487,1.545355,30,207,63,6,0.32204186,0.01770420,-0.00338982,0E-8,0.000000,0.904812,0.002133,0.03111404,2026-03-21,2026-08-06,120,3733,1703,139,0.863309,1.227414,1.154177,1.073473,,,,,,,,GLOBAL_BASELINE_NO_ENTITY_RANKING,,,NOT_APPLICABLE_GLOBAL_BASELINE,HF9g-P5,,,,X 全窗基线 · 不参与实体赏罚,15053861,1506,A168_HF9F_20260827_0900,2026-08-27 09:00:00
2026-07-18,127529701,2267,0,38.7266671830,-13.5543335140,-13.5543335140,0.3333333,3,3,0.50218230000000000,0.502182300000,-0.5849155494134425,-0.5849155494134426,-0.5849155494134425,0E-17,ELIGIBLE,R03b_20260811_FULL_v1,L1_ELIGIBILITY,v2026-08-11,2026-03-21..2026-08-06,baccarat_bet02_101_all_pairs_incl_sentinel,round_win = game_pnl > 0 (decisive only),COMPATIBILITY_ONLY_NOT_PRODUCTION,557989.4742,504875.3716,9878.7574,24851,24505,-0.01770420,0.00338982,-0.02772422,-0.01770420,-9878.7574,557989.4742,OK,0.0000,395.1503,4.0000,96.0000,AG03-UNRESOLVED,ALL5_LEVELS_bet23_to_bet27,395.1503,395.1503,395.1503,0.0000,0.0000,4.000000,4.000000,4.000000,0.000000,0.000000,96.000000,96.000000,96.000000,100.000000,100.000000,5.0,1185.4509,1138.6651,8693.3065,8740.0923,PENDING_AG03,FALSE,NOT_FOR_ENFORCEMENT,9483.6071,484680.3568,9878.7574,9483.6071,395.1503,0.01770420,0.01699603,395.1503,9483.6071,0.01699603,395.1503,395.1503,395.1503,0.0000,0.0000,9483.6071,0.01699603,1185.4509,1138.6651,8693.3065,8740.0923,0.01557970,0.01566354,0.00070817,22.4534,20.6030,0.4031,82.3230,2.6463,4649.9123,204.2083,25.9152,21.1137,12.8578,14.5296,26.176,48.8436,54.2173,102.8621,13.088,0.0,3.731508,7.079487,1.545355,30,207,63,6,0.32204186,0.01770420,-0.00338982,0E-8,0.000000,0.904812,0.002133,0.03111404,2026-03-21,2026-08-06,120,3733,1703,139,0.863309,1.227414,1.154177,1.073473,,,,,,,,GLOBAL_BASELINE_NO_ENTITY_RANKING,,,NOT_APPLICABLE_GLOBAL_BASELINE,HF9g-P5,,,,X 全窗基线 · 不参与实体赏罚,15053862,1506,A168_HF9F_20260827_0900,2026-08-27 09:00:00
2026-07-18,127529701,2271,0,12.9088890610,0E-10,0E-10,,1,1,0.50665070000000000,0.506650700000,,,,0E-17,NO_DECISIVE_ROUND,R03b_20260811_FULL_v1,L1_ELIGIBILITY,v2026-08-11,2026-03-21..2026-08-06,baccarat_bet02_101_all_pairs_incl_sentinel,round_win = game_pnl > 0 (decisive only),COMPATIBILITY_ONLY_NOT_PRODUCTION,557989.4742,504875.3716,9878.7574,24851,24505,-0.01770420,0.00338982,-0.02772422,-0.01770420,-9878.7574,557989.4742,OK,0.0000,395.1503,4.0000,96.0000,AG03-UNRESOLVED,ALL5_LEVELS_bet23_to_bet27,395.1503,395.1503,395.1503,0.0000,0.0000,4.000000,4.000000,4.000000,0.000000,0.000000,96.000000,96.000000,96.000000,100.000000,100.000000,5.0,1185.4509,1138.6651,8693.3065,8740.0923,PENDING_AG03,FALSE,NOT_FOR_ENFORCEMENT,9483.6071,484680.3568,9878.7574,9483.6071,395.1503,0.01770420,0.01699603,395.1503,9483.6071,0.01699603,395.1503,395.1503,395.1503,0.0000,0.0000,9483.6071,0.01699603,1185.4509,1138.6651,8693.3065,8740.0923,0.01557970,0.01566354,0.00070817,22.4534,20.6030,0.4031,82.3230,2.6463,4649.9123,204.2083,25.9152,21.1137,12.8578,14.5296,26.176,48.8436,54.2173,102.8621,13.088,0.0,3.731508,7.079487,1.545355,30,207,63,6,0.32204186,0.01770420,-0.00338982,0E-8,0.000000,0.904812,0.002133,0.03111404,2026-03-21,2026-08-06,120,3733,1703,139,0.863309,1.227414,1.154177,1.073473,,,,,,,,GLOBAL_BASELINE_NO_ENTITY_RANKING,,,NOT_APPLICABLE_GLOBAL_BASELINE,HF9g-P5,,,,X 全窗基线 · 不参与实体赏罚,15053863,1506,A168_HF9F_20260827_0900,2026-08-27 09:00:00
2026-07-18,127529701,2276,0,38.7266671830,36.7903338240,36.7903338240,1.0000000,3,3,0.50665070000000000,0.506650700000,1.7091633124209307,1.7091633124209307,1.7091633124209307,0E-17,ELIGIBLE,R03b_20260811_FULL_v1,L1_ELIGIBILITY,v2026-08-11,2026-03-21..2026-08-06,baccarat_bet02_101_all_pairs_incl_sentinel,round_win = game_pnl > 0 (decisive only),COMPATIBILITY_ONLY_NOT_PRODUCTION,557989.4742,504875.3716,9878.7574,24851,24505,-0.01770420,0.00338982,-0.02772422,-0.01770420,-9878.7574,557989.4742,OK,0.0000,395.1503,4.0000,96.0000,AG03-UNRESOLVED,ALL5_LEVELS_bet23_to_bet27,395.1503,395.1503,395.1503,0.0000,0.0000,4.000000,4.000000,4.000000,0.000000,0.000000,96.000000,96.000000,96.000000,100.000000,100.000000,5.0,1185.4509,1138.6651,8693.3065,8740.0923,PENDING_AG03,FALSE,NOT_FOR_ENFORCEMENT,9483.6071,484680.3568,9878.7574,9483.6071,395.1503,0.01770420,0.01699603,395.1503,9483.6071,0.01699603,395.1503,395.1503,395.1503,0.0000,0.0000,9483.6071,0.01699603,1185.4509,1138.6651,8693.3065,8740.0923,0.01557970,0.01566354,0.00070817,22.4534,20.6030,0.4031,82.3230,2.6463,4649.9123,204.2083,25.9152,21.1137,12.8578,14.5296,26.176,48.8436,54.2173,102.8621,13.088,0.0,3.731508,7.079487,1.545355,30,207,63,6,0.32204186,0.01770420,-0.00338982,0E-8,0.000000,0.904812,0.002133,0.03111404,2026-03-21,2026-08-06,120,3733,1703,139,0.863309,1.227414,1.154177,1.073473,,,,,,,,GLOBAL_BASELINE_NO_ENTITY_RANKING,,,NOT_APPLICABLE_GLOBAL_BASELINE,HF9g-P5,,,,X 全窗基线 · 不参与实体赏罚,15053864,1506,A168_HF9F_20260827_0900,2026-08-27 09:00:00
2026-07-18,127529701,2280,0,206.5422249760,-156.1975576381,-156.1975576381,0.2500000,4,4,0.50329940000000000,0.503299400000,-1.013219660140378,-1.013219660140378,-1.013219660140378,0E-17,ELIGIBLE,R03b_20260811_FULL_v1,L1_ELIGIBILITY,v2026-08-11,2026-03-21..2026-08-06,baccarat_bet02_101_all_pairs_incl_sentinel,round_win = game_pnl > 0 (decisive only),COMPATIBILITY_ONLY_NOT_PRODUCTION,557989.4742,504875.3716,9878.7574,24851,24505,-0.01770420,0.00338982,-0.02772422,-0.01770420,-9878.7574,557989.4742,OK,0.0000,395.1503,4.0000,96.0000,AG03-UNRESOLVED,ALL5_LEVELS_bet23_to_bet27,395.1503,395.1503,395.1503,0.0000,0.0000,4.000000,4.000000,4.000000,0.000000,0.000000,96.000000,96.000000,96.000000,100.000000,100.000000,5.0,1185.4509,1138.6651,8693.3065,8740.0923,PENDING_AG03,FALSE,NOT_FOR_ENFORCEMENT,9483.6071,484680.3568,9878.7574,9483.6071,395.1503,0.01770420,0.01699603,395.1503,9483.6071,0.01699603,395.1503,395.1503,395.1503,0.0000,0.0000,9483.6071,0.01699603,1185.4509,1138.6651,8693.3065,8740.0923,0.01557970,0.01566354,0.00070817,22.4534,20.6030,0.4031,82.3230,2.6463,4649.9123,204.2083,25.9152,21.1137,12.8578,14.5296,26.176,48.8436,54.2173,102.8621,13.088,0.0,3.731508,7.079487,1.545355,30,207,63,6,0.32204186,0.01770420,-0.00338982,0E-8,0.000000,0.904812,0.002133,0.03111404,2026-03-21,2026-08-06,120,3733,1703,139,0.863309,1.227414,1.154177,1.073473,,,,,,,,GLOBAL_BASELINE_NO_ENTITY_RANKING,,,NOT_APPLICABLE_GLOBAL_BASELINE,HF9g-P5,,,,X 全窗基线 · 不参与实体赏罚,15053865,1506,A168_HF9F_20260827_0900,2026-08-27 09:00:00
2026-07-18,127529701,462,0,51.6355562440,-51.6355562440,-51.6355562440,0E-7,1,1,0.50665070000000000,0.506650700000,-1.013391052207602,-1.013391052207602,-1.013391052207602,0E-17,ELIGIBLE,R03b_20260811_FULL_v1,L1_ELIGIBILITY,v2026-08-11,2026-03-21..2026-08-06,baccarat_bet02_101_all_pairs_incl_sentinel,round_win = game_pnl > 0 (decisive only),COMPATIBILITY_ONLY_NOT_PRODUCTION,557989.4742,504875.3716,9878.7574,24851,24505,-0.01770420,0.00338982,-0.02772422,-0.01770420,-9878.7574,557989.4742,OK,0.0000,395.1503,4.0000,96.0000,AG03-UNRESOLVED,ALL5_LEVELS_bet23_to_bet27,395.1503,395.1503,395.1503,0.0000,0.0000,4.000000,4.000000,4.000000,0.000000,0.000000,96.000000,96.000000,96.000000,100.000000,100.000000,5.0,1185.4509,1138.6651,8693.3065,8740.0923,PENDING_AG03,FALSE,NOT_FOR_ENFORCEMENT,9483.6071,484680.3568,9878.7574,9483.6071,395.1503,0.01770420,0.01699603,395.1503,9483.6071,0.01699603,395.1503,395.1503,395.1503,0.0000,0.0000,9483.6071,0.01699603,1185.4509,1138.6651,8693.3065,8740.0923,0.01557970,0.01566354,0.00070817,22.4534,20.6030,0.4031,82.3230,2.6463,4649.9123,204.2083,25.9152,21.1137,12.8578,14.5296,26.176,48.8436,54.2173,102.8621,13.088,0.0,3.731508,7.079487,1.545355,30,207,63,6,0.32204186,0.01770420,-0.00338982,0E-8,0.000000,0.904812,0.002133,0.03111404,2026-03-21,2026-08-06,120,3733,1703,139,0.863309,1.227414,1.154177,1.073473,,,,,,,,GLOBAL_BASELINE_NO_ENTITY_RANKING,,,NOT_APPLICABLE_GLOBAL_BASELINE,HF9g-P5,,,,X 全窗基线 · 不参与实体赏罚,15053866,1506,A168_HF9F_20260827_0900,2026-08-27 09:00:00
2026-07-18,127529701,471,0,80.0351121782,23.2360003098,23.2360003098,0.5000000,2,2,0.49994810000000000,0.499948100000,0.00014679536856514622,0.00014679536856514622,0.00014679536856514622,0E-17,ELIGIBLE,R03b_20260811_FULL_v1,L1_ELIGIBILITY,v2026-08-11,2026-03-21..2026-08-06,baccarat_bet02_101_all_pairs_incl_sentinel,round_win = game_pnl > 0 (decisive only),COMPATIBILITY_ONLY_NOT_PRODUCTION,557989.4742,504875.3716,9878.7574,24851,24505,-0.01770420,0.00338982,-0.02772422,-0.01770420,-9878.7574,557989.4742,OK,0.0000,395.1503,4.0000,96.0000,AG03-UNRESOLVED,ALL5_LEVELS_bet23_to_bet27,395.1503,395.1503,395.1503,0.0000,0.0000,4.000000,4.000000,4.000000,0.000000,0.000000,96.000000,96.000000,96.000000,100.000000,100.000000,5.0,1185.4509,1138.6651,8693.3065,8740.0923,PENDING_AG03,FALSE,NOT_FOR_ENFORCEMENT,9483.6071,484680.3568,9878.7574,9483.6071,395.1503,0.01770420,0.01699603,395.1503,9483.6071,0.01699603,395.1503,395.1503,395.1503,0.0000,0.0000,9483.6071,0.01699603,1185.4509,1138.6651,8693.3065,8740.0923,0.01557970,0.01566354,0.00070817,22.4534,20.6030,0.4031,82.3230,2.6463,4649.9123,204.2083,25.9152,21.1137,12.8578,14.5296,26.176,48.8436,54.2173,102.8621,13.088,0.0,3.731508,7.079487,1.545355,30,207,63,6,0.32204186,0.01770420,-0.00338982,0E-8,0.000000,0.904812,0.002133,0.03111404,2026-03-21,2026-08-06,120,3733,1703,139,0.863309,1.227414,1.154177,1.073473,,,,,,,,GLOBAL_BASELINE_NO_ENTITY_RANKING,,,NOT_APPLICABLE_GLOBAL_BASELINE,HF9g-P5,,,,X 全窗基线 · 不参与实体赏罚,15053867,1506,A168_HF9F_20260827_0900,2026-08-27 09:00:00
2026-07-18,127529701,583,0,30.9813337464,15.4906668732,15.4906668732,1.0000000,2,2,0.49324550000000000,0.493245500000,1.01360149184955,1.01360149184955,1.01360149184955,0E-17,ELIGIBLE,R03b_20260811_FULL_v1,L1_ELIGIBILITY,v2026-08-11,2026-03-21..2026-08-06,baccarat_bet02_101_all_pairs_incl_sentinel,round_win = game_pnl > 0 (decisive only),COMPATIBILITY_ONLY_NOT_PRODUCTION,557989.4742,504875.3716,9878.7574,24851,24505,-0.01770420,0.00338982,-0.02772422,-0.01770420,-9878.7574,557989.4742,OK,0.0000,395.1503,4.0000,96.0000,AG03-UNRESOLVED,ALL5_LEVELS_bet23_to_bet27,395.1503,395.1503,395.1503,0.0000,0.0000,4.000000,4.000000,4.000000,0.000000,0.000000,96.000000,96.000000,96.000000,100.000000,100.000000,5.0,1185.4509,1138.6651,8693.3065,8740.0923,PENDING_AG03,FALSE,NOT_FOR_ENFORCEMENT,9483.6071,484680.3568,9878.7574,9483.6071,395.1503,0.01770420,0.01699603,395.1503,9483.6071,0.01699603,395.1503,395.1503,395.1503,0.0000,0.0000,9483.6071,0.01699603,1185.4509,1138.6651,8693.3065,8740.0923,0.01557970,0.01566354,0.00070817,22.4534,20.6030,0.4031,82.3230,2.6463,4649.9123,204.2083,25.9152,21.1137,12.8578,14.5296,26.176,48.8436,54.2173,102.8621,13.088,0.0,3.731508,7.079487,1.545355,30,207,63,6,0.32204186,0.01770420,-0.00338982,0E-8,0.000000,0.904812,0.002133,0.03111404,2026-03-21,2026-08-06,120,3733,1703,139,0.863309,1.227414,1.154177,1.073473,,,,,,,,GLOBAL_BASELINE_NO_ENTITY_RANKING,,,NOT_APPLICABLE_GLOBAL_BASELINE,HF9g-P5,,,,X 全窗基线 · 不参与实体赏罚,15053868,1506,A168_HF9F_20260827_0900,2026-08-27 09:00:00
2026-07-18,127529701,752,0,64.5444453050,61.3172230398,61.3172230398,1.0000000,2,2,0.50665070000000000,0.506650700000,1.3955260008387969,1.3955260008387969,1.3955260008387969,0E-17,ELIGIBLE,R03b_20260811_FULL_v1,L1_ELIGIBILITY,v2026-08-11,2026-03-21..2026-08-06,baccarat_bet02_101_all_pairs_incl_sentinel,round_win = game_pnl > 0 (decisive only),COMPATIBILITY_ONLY_NOT_PRODUCTION,557989.4742,504875.3716,9878.7574,24851,24505,-0.01770420,0.00338982,-0.02772422,-0.01770420,-9878.7574,557989.4742,OK,0.0000,395.1503,4.0000,96.0000,AG03-UNRESOLVED,ALL5_LEVELS_bet23_to_bet27,395.1503,395.1503,395.1503,0.0000,0.0000,4.000000,4.000000,4.000000,0.000000,0.000000,96.000000,96.000000,96.000000,100.000000,100.000000,5.0,1185.4509,1138.6651,8693.3065,8740.0923,PENDING_AG03,FALSE,NOT_FOR_ENFORCEMENT,9483.6071,484680.3568,9878.7574,9483.6071,395.1503,0.01770420,0.01699603,395.1503,9483.6071,0.01699603,395.1503,395.1503,395.1503,0.0000,0.0000,9483.6071,0.01699603,1185.4509,1138.6651,8693.3065,8740.0923,0.01557970,0.01566354,0.00070817,22.4534,20.6030,0.4031,82.3230,2.6463,4649.9123,204.2083,25.9152,21.1137,12.8578,14.5296,26.176,48.8436,54.2173,102.8621,13.088,0.0,3.731508,7.079487,1.545355,30,207,63,6,0.32204186,0.01770420,-0.00338982,0E-8,0.000000,0.904812,0.002133,0.03111404,2026-03-21,2026-08-06,120,3733,1703,139,0.863309,1.227414,1.154177,1.073473,,,,,,,,GLOBAL_BASELINE_NO_ENTITY_RANKING,,,NOT_APPLICABLE_GLOBAL_BASELINE,HF9g-P5,,,,X 全窗基线 · 不参与实体赏罚,15053869,1506,A168_HF9F_20260827_0900,2026-08-27 09:00:00
2026-07-18,127529701,763,0,147.1613352954,-35.7576226989,-35.7576226989,0.2500000,5,5,0.50396966000000000,0.503969660000,-1.01591065835228,-1.0159106583522801,-1.01591065835228,0E-17,ELIGIBLE,R03b_20260811_FULL_v1,L1_ELIGIBILITY,v2026-08-11,2026-03-21..2026-08-06,baccarat_bet02_101_all_pairs_incl_sentinel,round_win = game_pnl > 0 (decisive only),COMPATIBILITY_ONLY_NOT_PRODUCTION,557989.4742,504875.3716,9878.7574,24851,24505,-0.01770420,0.00338982,-0.02772422,-0.01770420,-9878.7574,557989.4742,OK,0.0000,395.1503,4.0000,96.0000,AG03-UNRESOLVED,ALL5_LEVELS_bet23_to_bet27,395.1503,395.1503,395.1503,0.0000,0.0000,4.000000,4.000000,4.000000,0.000000,0.000000,96.000000,96.000000,96.000000,100.000000,100.000000,5.0,1185.4509,1138.6651,8693.3065,8740.0923,PENDING_AG03,FALSE,NOT_FOR_ENFORCEMENT,9483.6071,484680.3568,9878.7574,9483.6071,395.1503,0.01770420,0.01699603,395.1503,9483.6071,0.01699603,395.1503,395.1503,395.1503,0.0000,0.0000,9483.6071,0.01699603,1185.4509,1138.6651,8693.3065,8740.0923,0.01557970,0.01566354,0.00070817,22.4534,20.6030,0.4031,82.3230,2.6463,4649.9123,204.2083,25.9152,21.1137,12.8578,14.5296,26.176,48.8436,54.2173,102.8621,13.088,0.0,3.731508,7.079487,1.545355,30,207,63,6,0.32204186,0.01770420,-0.00338982,0E-8,0.000000,0.904812,0.002133,0.03111404,2026-03-21,2026-08-06,120,3733,1703,139,0.863309,1.227414,1.154177,1.073473,,,,,,,,GLOBAL_BASELINE_NO_ENTITY_RANKING,,,NOT_APPLICABLE_GLOBAL_BASELINE,HF9g-P5,,,,X 全窗基线 · 不参与实体赏罚,15053870,1506,A168_HF9F_20260827_0900,2026-08-27 09:00:00
2026-07-18,127529701,948,0,309.8133374640,-154.9066687320,-154.9066687320,0E-7,8,8,0.50497505000000000,0.504975050000,-2.2584288775495787,-2.2584288775495787,-2.2584288775495787,0E-17,ELIGIBLE,R03b_20260811_FULL_v1,L1_ELIGIBILITY,v2026-08-11,2026-03-21..2026-08-06,baccarat_bet02_101_all_pairs_incl_sentinel,round_win = game_pnl > 0 (decisive only),COMPATIBILITY_ONLY_NOT_PRODUCTION,557989.4742,504875.3716,9878.7574,24851,24505,-0.01770420,0.00338982,-0.02772422,-0.01770420,-9878.7574,557989.4742,OK,0.0000,395.1503,4.0000,96.0000,AG03-UNRESOLVED,ALL5_LEVELS_bet23_to_bet27,395.1503,395.1503,395.1503,0.0000,0.0000,4.000000,4.000000,4.000000,0.000000,0.000000,96.000000,96.000000,96.000000,100.000000,100.000000,5.0,1185.4509,1138.6651,8693.3065,8740.0923,PENDING_AG03,FALSE,NOT_FOR_ENFORCEMENT,9483.6071,484680.3568,9878.7574,9483.6071,395.1503,0.01770420,0.01699603,395.1503,9483.6071,0.01699603,395.1503,395.1503,395.1503,0.0000,0.0000,9483.6071,0.01699603,1185.4509,1138.6651,8693.3065,8740.0923,0.01557970,0.01566354,0.00070817,22.4534,20.6030,0.4031,82.3230,2.6463,4649.9123,204.2083,25.9152,21.1137,12.8578,14.5296,26.176,48.8436,54.2173,102.8621,13.088,0.0,3.731508,7.079487,1.545355,30,207,63,6,0.32204186,0.01770420,-0.00338982,0E-8,0.000000,0.904812,0.002133,0.03111404,2026-03-21,2026-08-06,120,3733,1703,139,0.863309,1.227414,1.154177,1.073473,,,,,,,,GLOBAL_BASELINE_NO_ENTITY_RANKING,,,NOT_APPLICABLE_GLOBAL_BASELINE,HF9g-P5,,,,X 全窗基线 · 不参与实体赏罚,15053871,1506,A168_HF9F_20260827_0900,2026-08-27 09:00:00
2026-07-19,127529701,-1,1,2003.9759378301,37.4357782774,37.4357782774,0.4814815,59,59,0.50119773728813559,0.501197737288,-0.28976942957985746,-0.28976942957786456,-0.28976942957985746,1.3559E-13,SENTINEL_DEALER,R03b_20260811_FULL_v1,L1_ELIGIBILITY,v2026-08-11,2026-03-21..2026-08-06,baccarat_bet02_101_all_pairs_incl_sentinel,round_win = game_pnl > 0 (decisive only),COMPATIBILITY_ONLY_NOT_PRODUCTION,557989.4742,504875.3716,9878.7574,24851,24505,-0.01770420,0.00338982,-0.02772422,-0.01770420,-9878.7574,557989.4742,OK,0.0000,395.1503,4.0000,96.0000,AG03-UNRESOLVED,ALL5_LEVELS_bet23_to_bet27,395.1503,395.1503,395.1503,0.0000,0.0000,4.000000,4.000000,4.000000,0.000000,0.000000,96.000000,96.000000,96.000000,100.000000,100.000000,5.0,1185.4509,1138.6651,8693.3065,8740.0923,PENDING_AG03,FALSE,NOT_FOR_ENFORCEMENT,9483.6071,484680.3568,9878.7574,9483.6071,395.1503,0.01770420,0.01699603,395.1503,9483.6071,0.01699603,395.1503,395.1503,395.1503,0.0000,0.0000,9483.6071,0.01699603,1185.4509,1138.6651,8693.3065,8740.0923,0.01557970,0.01566354,0.00070817,22.4534,20.6030,0.4031,82.3230,2.6463,4649.9123,204.2083,25.9152,21.1137,12.8578,14.5296,26.176,48.8436,54.2173,102.8621,13.088,0.0,3.731508,7.079487,1.545355,30,207,63,6,0.32204186,0.01770420,-0.00338982,0E-8,0.000000,0.904812,0.002133,0.03111404,2026-03-21,2026-08-06,120,3733,1703,139,0.863309,1.227414,1.154177,1.073473,,,,,,,,GLOBAL_BASELINE_NO_ENTITY_RANKING,,,NOT_APPLICABLE_GLOBAL_BASELINE,HF9g-P5,,,,X 全窗基线 · 不参与实体赏罚,15053872,1506,A168_HF9F_20260827_0900,2026-08-27 09:00:00
2026-07-19,127529701,1221,0,260.7595590322,-196.2151137272,-196.2151137272,0E-7,4,4,0.50329940000000000,0.503299400000,-1.743518224870635,-1.743518224870635,-1.743518224870635,0E-17,ELIGIBLE,R03b_20260811_FULL_v1,L1_ELIGIBILITY,v2026-08-11,2026-03-21..2026-08-06,baccarat_bet02_101_all_pairs_incl_sentinel,round_win = game_pnl > 0 (decisive only),COMPATIBILITY_ONLY_NOT_PRODUCTION,557989.4742,504875.3716,9878.7574,24851,24505,-0.01770420,0.00338982,-0.02772422,-0.01770420,-9878.7574,557989.4742,OK,0.0000,395.1503,4.0000,96.0000,AG03-UNRESOLVED,ALL5_LEVELS_bet23_to_bet27,395.1503,395.1503,395.1503,0.0000,0.0000,4.000000,4.000000,4.000000,0.000000,0.000000,96.000000,96.000000,96.000000,100.000000,100.000000,5.0,1185.4509,1138.6651,8693.3065,8740.0923,PENDING_AG03,FALSE,NOT_FOR_ENFORCEMENT,9483.6071,484680.3568,9878.7574,9483.6071,395.1503,0.01770420,0.01699603,395.1503,9483.6071,0.01699603,395.1503,395.1503,395.1503,0.0000,0.0000,9483.6071,0.01699603,1185.4509,1138.6651,8693.3065,8740.0923,0.01557970,0.01566354,0.00070817,22.4534,20.6030,0.4031,82.3230,2.6463,4649.9123,204.2083,25.9152,21.1137,12.8578,14.5296,26.176,48.8436,54.2173,102.8621,13.088,0.0,3.731508,7.079487,1.545355,30,207,63,6,0.32204186,0.01770420,-0.00338982,0E-8,0.000000,0.904812,0.002133,0.03111404,2026-03-21,2026-08-06,120,3733,1703,139,0.863309,1.227414,1.154177,1.073473,,,,,,,,GLOBAL_BASELINE_NO_ENTITY_RANKING,,,NOT_APPLICABLE_GLOBAL_BASELINE,HF9g-P5,,,,X 全窗基线 · 不参与实体赏罚,15053873,1506,A168_HF9F_20260827_0900,2026-08-27 09:00:00
2026-07-19,127529701,1299,0,25.8177781220,-25.8177781220,-25.8177781220,0E-7,1,1,0.49324550000000000,0.493245500000,-0.9865810262130424,-0.9865810262130424,-0.9865810262130424,0E-17,ELIGIBLE,R03b_20260811_FULL_v1,L1_ELIGIBILITY,v2026-08-11,2026-03-21..2026-08-06,baccarat_bet02_101_all_pairs_incl_sentinel,round_win = game_pnl > 0 (decisive only),COMPATIBILITY_ONLY_NOT_PRODUCTION,557989.4742,504875.3716,9878.7574,24851,24505,-0.01770420,0.00338982,-0.02772422,-0.01770420,-9878.7574,557989.4742,OK,0.0000,395.1503,4.0000,96.0000,AG03-UNRESOLVED,ALL5_LEVELS_bet23_to_bet27,395.1503,395.1503,395.1503,0.0000,0.0000,4.000000,4.000000,4.000000,0.000000,0.000000,96.000000,96.000000,96.000000,100.000000,100.000000,5.0,1185.4509,1138.6651,8693.3065,8740.0923,PENDING_AG03,FALSE,NOT_FOR_ENFORCEMENT,9483.6071,484680.3568,9878.7574,9483.6071,395.1503,0.01770420,0.01699603,395.1503,9483.6071,0.01699603,395.1503,395.1503,395.1503,0.0000,0.0000,9483.6071,0.01699603,1185.4509,1138.6651,8693.3065,8740.0923,0.01557970,0.01566354,0.00070817,22.4534,20.6030,0.4031,82.3230,2.6463,4649.9123,204.2083,25.9152,21.1137,12.8578,14.5296,26.176,48.8436,54.2173,102.8621,13.088,0.0,3.731508,7.079487,1.545355,30,207,63,6,0.32204186,0.01770420,-0.00338982,0E-8,0.000000,0.904812,0.002133,0.03111404,2026-03-21,2026-08-06,120,3733,1703,139,0.863309,1.227414,1.154177,1.073473,,,,,,,,GLOBAL_BASELINE_NO_ENTITY_RANKING,,,NOT_APPLICABLE_GLOBAL_BASELINE,HF9g-P5,,,,X 全窗基线 · 不参与实体赏罚,15053874,1506,A168_HF9F_20260827_0900,2026-08-27 09:00:00
2026-07-19,127529701,1307,0,69.7080009294,-69.7080009294,-69.7080009294,0E-7,2,2,0.49324550000000000,0.493245500000,-1.3952362676504506,-1.3952362676504506,-1.3952362676504506,0E-17,ELIGIBLE,R03b_20260811_FULL_v1,L1_ELIGIBILITY,v2026-08-11,2026-03-21..2026-08-06,baccarat_bet02_101_all_pairs_incl_sentinel,round_win = game_pnl > 0 (decisive only),COMPATIBILITY_ONLY_NOT_PRODUCTION,557989.4742,504875.3716,9878.7574,24851,24505,-0.01770420,0.00338982,-0.02772422,-0.01770420,-9878.7574,557989.4742,OK,0.0000,395.1503,4.0000,96.0000,AG03-UNRESOLVED,ALL5_LEVELS_bet23_to_bet27,395.1503,395.1503,395.1503,0.0000,0.0000,4.000000,4.000000,4.000000,0.000000,0.000000,96.000000,96.000000,96.000000,100.000000,100.000000,5.0,1185.4509,1138.6651,8693.3065,8740.0923,PENDING_AG03,FALSE,NOT_FOR_ENFORCEMENT,9483.6071,484680.3568,9878.7574,9483.6071,395.1503,0.01770420,0.01699603,395.1503,9483.6071,0.01699603,395.1503,395.1503,395.1503,0.0000,0.0000,9483.6071,0.01699603,1185.4509,1138.6651,8693.3065,8740.0923,0.01557970,0.01566354,0.00070817,22.4534,20.6030,0.4031,82.3230,2.6463,4649.9123,204.2083,25.9152,21.1137,12.8578,14.5296,26.176,48.8436,54.2173,102.8621,13.088,0.0,3.731508,7.079487,1.545355,30,207,63,6,0.32204186,0.01770420,-0.00338982,0E-8,0.000000,0.904812,0.002133,0.03111404,2026-03-21,2026-08-06,120,3733,1703,139,0.863309,1.227414,1.154177,1.073473,,,,,,,,GLOBAL_BASELINE_NO_ENTITY_RANKING,,,NOT_APPLICABLE_GLOBAL_BASELINE,HF9g-P5,,,,X 全窗基线 · 不参与实体赏罚,15053875,1506,A168_HF9F_20260827_0900,2026-08-27 09:00:00
2026-07-19,127529701,1323,0,77.4533343660,23.2360003098,23.2360003098,0.5000000,2,2,0.49994810000000000,0.499948100000,0.00014679536856514622,0.00014679536856514622,0.00014679536856514622,0E-17,ELIGIBLE,R03b_20260811_FULL_v1,L1_ELIGIBILITY,v2026-08-11,2026-03-21..2026-08-06,baccarat_bet02_101_all_pairs_incl_sentinel,round_win = game_pnl > 0 (decisive only),COMPATIBILITY_ONLY_NOT_PRODUCTION,557989.4742,504875.3716,9878.7574,24851,24505,-0.01770420,0.00338982,-0.02772422,-0.01770420,-9878.7574,557989.4742,OK,0.0000,395.1503,4.0000,96.0000,AG03-UNRESOLVED,ALL5_LEVELS_bet23_to_bet27,395.1503,395.1503,395.1503,0.0000,0.0000,4.000000,4.000000,4.000000,0.000000,0.000000,96.000000,96.000000,96.000000,100.000000,100.000000,5.0,1185.4509,1138.6651,8693.3065,8740.0923,PENDING_AG03,FALSE,NOT_FOR_ENFORCEMENT,9483.6071,484680.3568,9878.7574,9483.6071,395.1503,0.01770420,0.01699603,395.1503,9483.6071,0.01699603,395.1503,395.1503,395.1503,0.0000,0.0000,9483.6071,0.01699603,1185.4509,1138.6651,8693.3065,8740.0923,0.01557970,0.01566354,0.00070817,22.4534,20.6030,0.4031,82.3230,2.6463,4649.9123,204.2083,25.9152,21.1137,12.8578,14.5296,26.176,48.8436,54.2173,102.8621,13.088,0.0,3.731508,7.079487,1.545355,30,207,63,6,0.32204186,0.01770420,-0.00338982,0E-8,0.000000,0.904812,0.002133,0.03111404,2026-03-21,2026-08-06,120,3733,1703,139,0.863309,1.227414,1.154177,1.073473,,,,,,,,GLOBAL_BASELINE_NO_ENTITY_RANKING,,,NOT_APPLICABLE_GLOBAL_BASELINE,HF9g-P5,,,,X 全窗基线 · 不参与实体赏罚,15053876,1506,A168_HF9F_20260827_0900,2026-08-27 09:00:00
2026-07-19,127529701,1374,0,33.5631115586,0E-10,0E-10,,1,1,0.50665070000000000,0.506650700000,,,,0E-17,NO_DECISIVE_ROUND,R03b_20260811_FULL_v1,L1_ELIGIBILITY,v2026-08-11,2026-03-21..2026-08-06,baccarat_bet02_101_all_pairs_incl_sentinel,round_win = game_pnl > 0 (decisive only),COMPATIBILITY_ONLY_NOT_PRODUCTION,557989.4742,504875.3716,9878.7574,24851,24505,-0.01770420,0.00338982,-0.02772422,-0.01770420,-9878.7574,557989.4742,OK,0.0000,395.1503,4.0000,96.0000,AG03-UNRESOLVED,ALL5_LEVELS_bet23_to_bet27,395.1503,395.1503,395.1503,0.0000,0.0000,4.000000,4.000000,4.000000,0.000000,0.000000,96.000000,96.000000,96.000000,100.000000,100.000000,5.0,1185.4509,1138.6651,8693.3065,8740.0923,PENDING_AG03,FALSE,NOT_FOR_ENFORCEMENT,9483.6071,484680.3568,9878.7574,9483.6071,395.1503,0.01770420,0.01699603,395.1503,9483.6071,0.01699603,395.1503,395.1503,395.1503,0.0000,0.0000,9483.6071,0.01699603,1185.4509,1138.6651,8693.3065,8740.0923,0.01557970,0.01566354,0.00070817,22.4534,20.6030,0.4031,82.3230,2.6463,4649.9123,204.2083,25.9152,21.1137,12.8578,14.5296,26.176,48.8436,54.2173,102.8621,13.088,0.0,3.731508,7.079487,1.545355,30,207,63,6,0.32204186,0.01770420,-0.00338982,0E-8,0.000000,0.904812,0.002133,0.03111404,2026-03-21,2026-08-06,120,3733,1703,139,0.863309,1.227414,1.154177,1.073473,,,,,,,,GLOBAL_BASELINE_NO_ENTITY_RANKING,,,NOT_APPLICABLE_GLOBAL_BASELINE,HF9g-P5,,,,X 全窗基线 · 不参与实体赏罚,15053877,1506,A168_HF9F_20260827_0900,2026-08-27 09:00:00
2026-07-19,127529701,1396,0,12.9088890610,-12.9088890610,-12.9088890610,0E-7,1,1,0.49324550000000000,0.493245500000,-0.9865810262130424,-0.9865810262130424,-0.9865810262130424,0E-17,ELIGIBLE,R03b_20260811_FULL_v1,L1_ELIGIBILITY,v2026-08-11,2026-03-21..2026-08-06,baccarat_bet02_101_all_pairs_incl_sentinel,round_win = game_pnl > 0 (decisive only),COMPATIBILITY_ONLY_NOT_PRODUCTION,557989.4742,504875.3716,9878.7574,24851,24505,-0.01770420,0.00338982,-0.02772422,-0.01770420,-9878.7574,557989.4742,OK,0.0000,395.1503,4.0000,96.0000,AG03-UNRESOLVED,ALL5_LEVELS_bet23_to_bet27,395.1503,395.1503,395.1503,0.0000,0.0000,4.000000,4.000000,4.000000,0.000000,0.000000,96.000000,96.000000,96.000000,100.000000,100.000000,5.0,1185.4509,1138.6651,8693.3065,8740.0923,PENDING_AG03,FALSE,NOT_FOR_ENFORCEMENT,9483.6071,484680.3568,9878.7574,9483.6071,395.1503,0.01770420,0.01699603,395.1503,9483.6071,0.01699603,395.1503,395.1503,395.1503,0.0000,0.0000,9483.6071,0.01699603,1185.4509,1138.6651,8693.3065,8740.0923,0.01557970,0.01566354,0.00070817,22.4534,20.6030,0.4031,82.3230,2.6463,4649.9123,204.2083,25.9152,21.1137,12.8578,14.5296,26.176,48.8436,54.2173,102.8621,13.088,0.0,3.731508,7.079487,1.545355,30,207,63,6,0.32204186,0.01770420,-0.00338982,0E-8,0.000000,0.904812,0.002133,0.03111404,2026-03-21,2026-08-06,120,3733,1703,139,0.863309,1.227414,1.154177,1.073473,,,,,,,,GLOBAL_BASELINE_NO_ENTITY_RANKING,,,NOT_APPLICABLE_GLOBAL_BASELINE,HF9g-P5,,,,X 全窗基线 · 不参与实体赏罚,15053878,1506,A168_HF9F_20260827_0900,2026-08-27 09:00:00
2026-07-19,127529701,1399,0,25.8177781220,0E-10,0E-10,,1,1,0.50665070000000000,0.506650700000,,,,0E-17,NO_DECISIVE_ROUND,R03b_20260811_FULL_v1,L1_ELIGIBILITY,v2026-08-11,2026-03-21..2026-08-06,baccarat_bet02_101_all_pairs_incl_sentinel,round_win = game_pnl > 0 (decisive only),COMPATIBILITY_ONLY_NOT_PRODUCTION,557989.4742,504875.3716,9878.7574,24851,24505,-0.01770420,0.00338982,-0.02772422,-0.01770420,-9878.7574,557989.4742,OK,0.0000,395.1503,4.0000,96.0000,AG03-UNRESOLVED,ALL5_LEVELS_bet23_to_bet27,395.1503,395.1503,395.1503,0.0000,0.0000,4.000000,4.000000,4.000000,0.000000,0.000000,96.000000,96.000000,96.000000,100.000000,100.000000,5.0,1185.4509,1138.6651,8693.3065,8740.0923,PENDING_AG03,FALSE,NOT_FOR_ENFORCEMENT,9483.6071,484680.3568,9878.7574,9483.6071,395.1503,0.01770420,0.01699603,395.1503,9483.6071,0.01699603,395.1503,395.1503,395.1503,0.0000,0.0000,9483.6071,0.01699603,1185.4509,1138.6651,8693.3065,8740.0923,0.01557970,0.01566354,0.00070817,22.4534,20.6030,0.4031,82.3230,2.6463,4649.9123,204.2083,25.9152,21.1137,12.8578,14.5296,26.176,48.8436,54.2173,102.8621,13.088,0.0,3.731508,7.079487,1.545355,30,207,63,6,0.32204186,0.01770420,-0.00338982,0E-8,0.000000,0.904812,0.002133,0.03111404,2026-03-21,2026-08-06,120,3733,1703,139,0.863309,1.227414,1.154177,1.073473,,,,,,,,GLOBAL_BASELINE_NO_ENTITY_RANKING,,,NOT_APPLICABLE_GLOBAL_BASELINE,HF9g-P5,,,,X 全窗基线 · 不参与实体赏罚,15053879,1506,A168_HF9F_20260827_0900,2026-08-27 09:00:00
2026-07-19,127529701,1490,0,378.4886272685,136.4469573749,136.4469573749,0.6875000,18,18,0.49994810000000000,0.499948100000,1.5004152080830668,1.5004152080830668,1.5004152080830668,0E-17,ELIGIBLE,R03b_20260811_FULL_v1,L1_ELIGIBILITY,v2026-08-11,2026-03-21..2026-08-06,baccarat_bet02_101_all_pairs_incl_sentinel,round_win = game_pnl > 0 (decisive only),COMPATIBILITY_ONLY_NOT_PRODUCTION,557989.4742,504875.3716,9878.7574,24851,24505,-0.01770420,0.00338982,-0.02772422,-0.01770420,-9878.7574,557989.4742,OK,0.0000,395.1503,4.0000,96.0000,AG03-UNRESOLVED,ALL5_LEVELS_bet23_to_bet27,395.1503,395.1503,395.1503,0.0000,0.0000,4.000000,4.000000,4.000000,0.000000,0.000000,96.000000,96.000000,96.000000,100.000000,100.000000,5.0,1185.4509,1138.6651,8693.3065,8740.0923,PENDING_AG03,FALSE,NOT_FOR_ENFORCEMENT,9483.6071,484680.3568,9878.7574,9483.6071,395.1503,0.01770420,0.01699603,395.1503,9483.6071,0.01699603,395.1503,395.1503,395.1503,0.0000,0.0000,9483.6071,0.01699603,1185.4509,1138.6651,8693.3065,8740.0923,0.01557970,0.01566354,0.00070817,22.4534,20.6030,0.4031,82.3230,2.6463,4649.9123,204.2083,25.9152,21.1137,12.8578,14.5296,26.176,48.8436,54.2173,102.8621,13.088,0.0,3.731508,7.079487,1.545355,30,207,63,6,0.32204186,0.01770420,-0.00338982,0E-8,0.000000,0.904812,0.002133,0.03111404,2026-03-21,2026-08-06,120,3733,1703,139,0.863309,1.227414,1.154177,1.073473,,,,,,,,GLOBAL_BASELINE_NO_ENTITY_RANKING,,,NOT_APPLICABLE_GLOBAL_BASELINE,HF9g-P5,,,,X 全窗基线 · 不参与实体赏罚,15053880,1506,A168_HF9F_20260827_0900,2026-08-27 09:00:00
2026-07-19,127529701,1505,0,317.8168486819,147.8842330829,147.8842330829,0.6250000,8,8,0.50162375000000000,0.501623750000,0.6979251443573454,0.6979251443573454,0.6979251443573454,0E-17,ELIGIBLE,R03b_20260811_FULL_v1,L1_ELIGIBILITY,v2026-08-11,2026-03-21..2026-08-06,baccarat_bet02_101_all_pairs_incl_sentinel,round_win = game_pnl > 0 (decisive only),COMPATIBILITY_ONLY_NOT_PRODUCTION,557989.4742,504875.3716,9878.7574,24851,24505,-0.01770420,0.00338982,-0.02772422,-0.01770420,-9878.7574,557989.4742,OK,0.0000,395.1503,4.0000,96.0000,AG03-UNRESOLVED,ALL5_LEVELS_bet23_to_bet27,395.1503,395.1503,395.1503,0.0000,0.0000,4.000000,4.000000,4.000000,0.000000,0.000000,96.000000,96.000000,96.000000,100.000000,100.000000,5.0,1185.4509,1138.6651,8693.3065,8740.0923,PENDING_AG03,FALSE,NOT_FOR_ENFORCEMENT,9483.6071,484680.3568,9878.7574,9483.6071,395.1503,0.01770420,0.01699603,395.1503,9483.6071,0.01699603,395.1503,395.1503,395.1503,0.0000,0.0000,9483.6071,0.01699603,1185.4509,1138.6651,8693.3065,8740.0923,0.01557970,0.01566354,0.00070817,22.4534,20.6030,0.4031,82.3230,2.6463,4649.9123,204.2083,25.9152,21.1137,12.8578,14.5296,26.176,48.8436,54.2173,102.8621,13.088,0.0,3.731508,7.079487,1.545355,30,207,63,6,0.32204186,0.01770420,-0.00338982,0E-8,0.000000,0.904812,0.002133,0.03111404,2026-03-21,2026-08-06,120,3733,1703,139,0.863309,1.227414,1.154177,1.073473,,,,,,,,GLOBAL_BASELINE_NO_ENTITY_RANKING,,,NOT_APPLICABLE_GLOBAL_BASELINE,HF9g-P5,,,,X 全窗基线 · 不参与实体赏罚,15053881,1506,A168_HF9F_20260827_0900,2026-08-27 09:00:00
2026-07-19,127529701,1646,0,12.9088890610,-12.9088890610,-12.9088890610,0E-7,1,1,0.50665070000000000,0.506650700000,-1.013391052207602,-1.013391052207602,-1.013391052207602,0E-17,ELIGIBLE,R03b_20260811_FULL_v1,L1_ELIGIBILITY,v2026-08-11,2026-03-21..2026-08-06,baccarat_bet02_101_all_pairs_incl_sentinel,round_win = game_pnl > 0 (decisive only),COMPATIBILITY_ONLY_NOT_PRODUCTION,557989.4742,504875.3716,9878.7574,24851,24505,-0.01770420,0.00338982,-0.02772422,-0.01770420,-9878.7574,557989.4742,OK,0.0000,395.1503,4.0000,96.0000,AG03-UNRESOLVED,ALL5_LEVELS_bet23_to_bet27,395.1503,395.1503,395.1503,0.0000,0.0000,4.000000,4.000000,4.000000,0.000000,0.000000,96.000000,96.000000,96.000000,100.000000,100.000000,5.0,1185.4509,1138.6651,8693.3065,8740.0923,PENDING_AG03,FALSE,NOT_FOR_ENFORCEMENT,9483.6071,484680.3568,9878.7574,9483.6071,395.1503,0.01770420,0.01699603,395.1503,9483.6071,0.01699603,395.1503,395.1503,395.1503,0.0000,0.0000,9483.6071,0.01699603,1185.4509,1138.6651,8693.3065,8740.0923,0.01557970,0.01566354,0.00070817,22.4534,20.6030,0.4031,82.3230,2.6463,4649.9123,204.2083,25.9152,21.1137,12.8578,14.5296,26.176,48.8436,54.2173,102.8621,13.088,0.0,3.731508,7.079487,1.545355,30,207,63,6,0.32204186,0.01770420,-0.00338982,0E-8,0.000000,0.904812,0.002133,0.03111404,2026-03-21,2026-08-06,120,3733,1703,139,0.863309,1.227414,1.154177,1.073473,,,,,,,,GLOBAL_BASELINE_NO_ENTITY_RANKING,,,NOT_APPLICABLE_GLOBAL_BASELINE,HF9g-P5,,,,X 全窗基线 · 不参与实体赏罚,15053882,1506,A168_HF9F_20260827_0900,2026-08-27 09:00:00
2026-07-19,127529701,1710,0,224.6146696614,-66.4807786641,-66.4807786641,0.3333333,9,9,0.49622443333333333,0.496224433333,-0.9773744651548909,-0.9773744651528957,-0.9773744651548909,3.3333E-13,ELIGIBLE,R03b_20260811_FULL_v1,L1_ELIGIBILITY,v2026-08-11,2026-03-21..2026-08-06,baccarat_bet02_101_all_pairs_incl_sentinel,round_win = game_pnl > 0 (decisive only),COMPATIBILITY_ONLY_NOT_PRODUCTION,557989.4742,504875.3716,9878.7574,24851,24505,-0.01770420,0.00338982,-0.02772422,-0.01770420,-9878.7574,557989.4742,OK,0.0000,395.1503,4.0000,96.0000,AG03-UNRESOLVED,ALL5_LEVELS_bet23_to_bet27,395.1503,395.1503,395.1503,0.0000,0.0000,4.000000,4.000000,4.000000,0.000000,0.000000,96.000000,96.000000,96.000000,100.000000,100.000000,5.0,1185.4509,1138.6651,8693.3065,8740.0923,PENDING_AG03,FALSE,NOT_FOR_ENFORCEMENT,9483.6071,484680.3568,9878.7574,9483.6071,395.1503,0.01770420,0.01699603,395.1503,9483.6071,0.01699603,395.1503,395.1503,395.1503,0.0000,0.0000,9483.6071,0.01699603,1185.4509,1138.6651,8693.3065,8740.0923,0.01557970,0.01566354,0.00070817,22.4534,20.6030,0.4031,82.3230,2.6463,4649.9123,204.2083,25.9152,21.1137,12.8578,14.5296,26.176,48.8436,54.2173,102.8621,13.088,0.0,3.731508,7.079487,1.545355,30,207,63,6,0.32204186,0.01770420,-0.00338982,0E-8,0.000000,0.904812,0.002133,0.03111404,2026-03-21,2026-08-06,120,3733,1703,139,0.863309,1.227414,1.154177,1.073473,,,,,,,,GLOBAL_BASELINE_NO_ENTITY_RANKING,,,NOT_APPLICABLE_GLOBAL_BASELINE,HF9g-P5,,,,X 全窗基线 · 不参与实体赏罚,15053883,1506,A168_HF9F_20260827_0900,2026-08-27 09:00:00
2026-07-19,127529701,1750,0,121.3435571734,98.3011901995,98.3011901995,1.0000000,7,7,0.50090561428571429,0.500905614286,2.4450571675437645,2.4450571675423673,2.4450571675437645,-2.8571E-13,ELIGIBLE,R03b_20260811_FULL_v1,L1_ELIGIBILITY,v2026-08-11,2026-03-21..2026-08-06,baccarat_bet02_101_all_pairs_incl_sentinel,round_win = game_pnl > 0 (decisive only),COMPATIBILITY_ONLY_NOT_PRODUCTION,557989.4742,504875.3716,9878.7574,24851,24505,-0.01770420,0.00338982,-0.02772422,-0.01770420,-9878.7574,557989.4742,OK,0.0000,395.1503,4.0000,96.0000,AG03-UNRESOLVED,ALL5_LEVELS_bet23_to_bet27,395.1503,395.1503,395.1503,0.0000,0.0000,4.000000,4.000000,4.000000,0.000000,0.000000,96.000000,96.000000,96.000000,100.000000,100.000000,5.0,1185.4509,1138.6651,8693.3065,8740.0923,PENDING_AG03,FALSE,NOT_FOR_ENFORCEMENT,9483.6071,484680.3568,9878.7574,9483.6071,395.1503,0.01770420,0.01699603,395.1503,9483.6071,0.01699603,395.1503,395.1503,395.1503,0.0000,0.0000,9483.6071,0.01699603,1185.4509,1138.6651,8693.3065,8740.0923,0.01557970,0.01566354,0.00070817,22.4534,20.6030,0.4031,82.3230,2.6463,4649.9123,204.2083,25.9152,21.1137,12.8578,14.5296,26.176,48.8436,54.2173,102.8621,13.088,0.0,3.731508,7.079487,1.545355,30,207,63,6,0.32204186,0.01770420,-0.00338982,0E-8,0.000000,0.904812,0.002133,0.03111404,2026-03-21,2026-08-06,120,3733,1703,139,0.863309,1.227414,1.154177,1.073473,,,,,,,,GLOBAL_BASELINE_NO_ENTITY_RANKING,,,NOT_APPLICABLE_GLOBAL_BASELINE,HF9g-P5,,,,X 全窗基线 · 不参与实体赏罚,15053884,1506,A168_HF9F_20260827_0900,2026-08-27 09:00:00
2026-07-19,127529701,1941,0,12.9088890610,12.9088890610,12.9088890610,1.0000000,1,1,0.49324550000000000,0.493245500000,1.01360149184955,1.01360149184955,1.01360149184955,0E-17,ELIGIBLE,R03b_20260811_FULL_v1,L1_ELIGIBILITY,v2026-08-11,2026-03-21..2026-08-06,baccarat_bet02_101_all_pairs_incl_sentinel,round_win = game_pnl > 0 (decisive only),COMPATIBILITY_ONLY_NOT_PRODUCTION,557989.4742,504875.3716,9878.7574,24851,24505,-0.01770420,0.00338982,-0.02772422,-0.01770420,-9878.7574,557989.4742,OK,0.0000,395.1503,4.0000,96.0000,AG03-UNRESOLVED,ALL5_LEVELS_bet23_to_bet27,395.1503,395.1503,395.1503,0.0000,0.0000,4.000000,4.000000,4.000000,0.000000,0.000000,96.000000,96.000000,96.000000,100.000000,100.000000,5.0,1185.4509,1138.6651,8693.3065,8740.0923,PENDING_AG03,FALSE,NOT_FOR_ENFORCEMENT,9483.6071,484680.3568,9878.7574,9483.6071,395.1503,0.01770420,0.01699603,395.1503,9483.6071,0.01699603,395.1503,395.1503,395.1503,0.0000,0.0000,9483.6071,0.01699603,1185.4509,1138.6651,8693.3065,8740.0923,0.01557970,0.01566354,0.00070817,22.4534,20.6030,0.4031,82.3230,2.6463,4649.9123,204.2083,25.9152,21.1137,12.8578,14.5296,26.176,48.8436,54.2173,102.8621,13.088,0.0,3.731508,7.079487,1.545355,30,207,63,6,0.32204186,0.01770420,-0.00338982,0E-8,0.000000,0.904812,0.002133,0.03111404,2026-03-21,2026-08-06,120,3733,1703,139,0.863309,1.227414,1.154177,1.073473,,,,,,,,GLOBAL_BASELINE_NO_ENTITY_RANKING,,,NOT_APPLICABLE_GLOBAL_BASELINE,HF9g-P5,,,,X 全窗基线 · 不参与实体赏罚,15053885,1506,A168_HF9F_20260827_0900,2026-08-27 09:00:00
2026-07-19,127529701,1951,0,51.6355562440,51.6355562440,51.6355562440,1.0000000,1,1,0.49324550000000000,0.493245500000,1.01360149184955,1.01360149184955,1.01360149184955,0E-17,ELIGIBLE,R03b_20260811_FULL_v1,L1_ELIGIBILITY,v2026-08-11,2026-03-21..2026-08-06,baccarat_bet02_101_all_pairs_incl_sentinel,round_win = game_pnl > 0 (decisive only),COMPATIBILITY_ONLY_NOT_PRODUCTION,557989.4742,504875.3716,9878.7574,24851,24505,-0.01770420,0.00338982,-0.02772422,-0.01770420,-9878.7574,557989.4742,OK,0.0000,395.1503,4.0000,96.0000,AG03-UNRESOLVED,ALL5_LEVELS_bet23_to_bet27,395.1503,395.1503,395.1503,0.0000,0.0000,4.000000,4.000000,4.000000,0.000000,0.000000,96.000000,96.000000,96.000000,100.000000,100.000000,5.0,1185.4509,1138.6651,8693.3065,8740.0923,PENDING_AG03,FALSE,NOT_FOR_ENFORCEMENT,9483.6071,484680.3568,9878.7574,9483.6071,395.1503,0.01770420,0.01699603,395.1503,9483.6071,0.01699603,395.1503,395.1503,395.1503,0.0000,0.0000,9483.6071,0.01699603,1185.4509,1138.6651,8693.3065,8740.0923,0.01557970,0.01566354,0.00070817,22.4534,20.6030,0.4031,82.3230,2.6463,4649.9123,204.2083,25.9152,21.1137,12.8578,14.5296,26.176,48.8436,54.2173,102.8621,13.088,0.0,3.731508,7.079487,1.545355,30,207,63,6,0.32204186,0.01770420,-0.00338982,0E-8,0.000000,0.904812,0.002133,0.03111404,2026-03-21,2026-08-06,120,3733,1703,139,0.863309,1.227414,1.154177,1.073473,,,,,,,,GLOBAL_BASELINE_NO_ENTITY_RANKING,,,NOT_APPLICABLE_GLOBAL_BASELINE,HF9g-P5,,,,X 全窗基线 · 不参与实体赏罚,15053886,1506,A168_HF9F_20260827_0900,2026-08-27 09:00:00
2026-07-19,127529701,1963,0,118.7617793612,84.5532233496,84.5532233496,0.6666667,3,3,0.49771390000000000,0.497713900000,0.5852756695216578,0.5852756695216578,0.5852756695216578,0E-17,ELIGIBLE,R03b_20260811_FULL_v1,L1_ELIGIBILITY,v2026-08-11,2026-03-21..2026-08-06,baccarat_bet02_101_all_pairs_incl_sentinel,round_win = game_pnl > 0 (decisive only),COMPATIBILITY_ONLY_NOT_PRODUCTION,557989.4742,504875.3716,9878.7574,24851,24505,-0.01770420,0.00338982,-0.02772422,-0.01770420,-9878.7574,557989.4742,OK,0.0000,395.1503,4.0000,96.0000,AG03-UNRESOLVED,ALL5_LEVELS_bet23_to_bet27,395.1503,395.1503,395.1503,0.0000,0.0000,4.000000,4.000000,4.000000,0.000000,0.000000,96.000000,96.000000,96.000000,100.000000,100.000000,5.0,1185.4509,1138.6651,8693.3065,8740.0923,PENDING_AG03,FALSE,NOT_FOR_ENFORCEMENT,9483.6071,484680.3568,9878.7574,9483.6071,395.1503,0.01770420,0.01699603,395.1503,9483.6071,0.01699603,395.1503,395.1503,395.1503,0.0000,0.0000,9483.6071,0.01699603,1185.4509,1138.6651,8693.3065,8740.0923,0.01557970,0.01566354,0.00070817,22.4534,20.6030,0.4031,82.3230,2.6463,4649.9123,204.2083,25.9152,21.1137,12.8578,14.5296,26.176,48.8436,54.2173,102.8621,13.088,0.0,3.731508,7.079487,1.545355,30,207,63,6,0.32204186,0.01770420,-0.00338982,0E-8,0.000000,0.904812,0.002133,0.03111404,2026-03-21,2026-08-06,120,3733,1703,139,0.863309,1.227414,1.154177,1.073473,,,,,,,,GLOBAL_BASELINE_NO_ENTITY_RANKING,,,NOT_APPLICABLE_GLOBAL_BASELINE,HF9g-P5,,,,X 全窗基线 · 不参与实体赏罚,15053887,1506,A168_HF9F_20260827_0900,2026-08-27 09:00:00
2026-07-19,127529701,1985,0,77.4533343660,-77.4533343660,-77.4533343660,0E-7,3,3,0.49771390000000000,0.497713900000,-1.724149546644903,-1.724149546644903,-1.724149546644903,0E-17,ELIGIBLE,R03b_20260811_FULL_v1,L1_ELIGIBILITY,v2026-08-11,2026-03-21..2026-08-06,baccarat_bet02_101_all_pairs_incl_sentinel,round_win = game_pnl > 0 (decisive only),COMPATIBILITY_ONLY_NOT_PRODUCTION,557989.4742,504875.3716,9878.7574,24851,24505,-0.01770420,0.00338982,-0.02772422,-0.01770420,-9878.7574,557989.4742,OK,0.0000,395.1503,4.0000,96.0000,AG03-UNRESOLVED,ALL5_LEVELS_bet23_to_bet27,395.1503,395.1503,395.1503,0.0000,0.0000,4.000000,4.000000,4.000000,0.000000,0.000000,96.000000,96.000000,96.000000,100.000000,100.000000,5.0,1185.4509,1138.6651,8693.3065,8740.0923,PENDING_AG03,FALSE,NOT_FOR_ENFORCEMENT,9483.6071,484680.3568,9878.7574,9483.6071,395.1503,0.01770420,0.01699603,395.1503,9483.6071,0.01699603,395.1503,395.1503,395.1503,0.0000,0.0000,9483.6071,0.01699603,1185.4509,1138.6651,8693.3065,8740.0923,0.01557970,0.01566354,0.00070817,22.4534,20.6030,0.4031,82.3230,2.6463,4649.9123,204.2083,25.9152,21.1137,12.8578,14.5296,26.176,48.8436,54.2173,102.8621,13.088,0.0,3.731508,7.079487,1.545355,30,207,63,6,0.32204186,0.01770420,-0.00338982,0E-8,0.000000,0.904812,0.002133,0.03111404,2026-03-21,2026-08-06,120,3733,1703,139,0.863309,1.227414,1.154177,1.073473,,,,,,,,GLOBAL_BASELINE_NO_ENTITY_RANKING,,,NOT_APPLICABLE_GLOBAL_BASELINE,HF9g-P5,,,,X 全窗基线 · 不参与实体赏罚,15053888,1506,A168_HF9F_20260827_0900,2026-08-27 09:00:00
2026-07-19,127529701,2101,0,335.6311155860,-113.5982237368,-113.5982237368,0.3333333,8,8,0.49492115000000000,0.494921150000,-0.7916562411189088,-0.7916562411189088,-0.7916562411189088,0E-17,ELIGIBLE,R03b_20260811_FULL_v1,L1_ELIGIBILITY,v2026-08-11,2026-03-21..2026-08-06,baccarat_bet02_101_all_pairs_incl_sentinel,round_win = game_pnl > 0 (decisive only),COMPATIBILITY_ONLY_NOT_PRODUCTION,557989.4742,504875.3716,9878.7574,24851,24505,-0.01770420,0.00338982,-0.02772422,-0.01770420,-9878.7574,557989.4742,OK,0.0000,395.1503,4.0000,96.0000,AG03-UNRESOLVED,ALL5_LEVELS_bet23_to_bet27,395.1503,395.1503,395.1503,0.0000,0.0000,4.000000,4.000000,4.000000,0.000000,0.000000,96.000000,96.000000,96.000000,100.000000,100.000000,5.0,1185.4509,1138.6651,8693.3065,8740.0923,PENDING_AG03,FALSE,NOT_FOR_ENFORCEMENT,9483.6071,484680.3568,9878.7574,9483.6071,395.1503,0.01770420,0.01699603,395.1503,9483.6071,0.01699603,395.1503,395.1503,395.1503,0.0000,0.0000,9483.6071,0.01699603,1185.4509,1138.6651,8693.3065,8740.0923,0.01557970,0.01566354,0.00070817,22.4534,20.6030,0.4031,82.3230,2.6463,4649.9123,204.2083,25.9152,21.1137,12.8578,14.5296,26.176,48.8436,54.2173,102.8621,13.088,0.0,3.731508,7.079487,1.545355,30,207,63,6,0.32204186,0.01770420,-0.00338982,0E-8,0.000000,0.904812,0.002133,0.03111404,2026-03-21,2026-08-06,120,3733,1703,139,0.863309,1.227414,1.154177,1.073473,,,,,,,,GLOBAL_BASELINE_NO_ENTITY_RANKING,,,NOT_APPLICABLE_GLOBAL_BASELINE,HF9g-P5,,,,X 全窗基线 · 不参与实体赏罚,15053889,1506,A168_HF9F_20260827_0900,2026-08-27 09:00:00
2026-07-19,127529701,2115,0,15.4906668732,-15.4906668732,-15.4906668732,0E-7,1,1,0.49324550000000000,0.493245500000,-0.9865810262130424,-0.9865810262130424,-0.9865810262130424,0E-17,ELIGIBLE,R03b_20260811_FULL_v1,L1_ELIGIBILITY,v2026-08-11,2026-03-21..2026-08-06,baccarat_bet02_101_all_pairs_incl_sentinel,round_win = game_pnl > 0 (decisive only),COMPATIBILITY_ONLY_NOT_PRODUCTION,557989.4742,504875.3716,9878.7574,24851,24505,-0.01770420,0.00338982,-0.02772422,-0.01770420,-9878.7574,557989.4742,OK,0.0000,395.1503,4.0000,96.0000,AG03-UNRESOLVED,ALL5_LEVELS_bet23_to_bet27,395.1503,395.1503,395.1503,0.0000,0.0000,4.000000,4.000000,4.000000,0.000000,0.000000,96.000000,96.000000,96.000000,100.000000,100.000000,5.0,1185.4509,1138.6651,8693.3065,8740.0923,PENDING_AG03,FALSE,NOT_FOR_ENFORCEMENT,9483.6071,484680.3568,9878.7574,9483.6071,395.1503,0.01770420,0.01699603,395.1503,9483.6071,0.01699603,395.1503,395.1503,395.1503,0.0000,0.0000,9483.6071,0.01699603,1185.4509,1138.6651,8693.3065,8740.0923,0.01557970,0.01566354,0.00070817,22.4534,20.6030,0.4031,82.3230,2.6463,4649.9123,204.2083,25.9152,21.1137,12.8578,14.5296,26.176,48.8436,54.2173,102.8621,13.088,0.0,3.731508,7.079487,1.545355,30,207,63,6,0.32204186,0.01770420,-0.00338982,0E-8,0.000000,0.904812,0.002133,0.03111404,2026-03-21,2026-08-06,120,3733,1703,139,0.863309,1.227414,1.154177,1.073473,,,,,,,,GLOBAL_BASELINE_NO_ENTITY_RANKING,,,NOT_APPLICABLE_GLOBAL_BASELINE,HF9g-P5,,,,X 全窗基线 · 不参与实体赏罚,15053890,1506,A168_HF9F_20260827_0900,2026-08-27 09:00:00
2026-07-19,127529701,2123,0,340.2783156480,-7.8744223271,-7.8744223271,0.4545455,14,14,0.49994810000000000,0.499948100000,-0.3011670805469781,-0.3011670805469781,-0.3011670805469781,0E-17,ELIGIBLE,R03b_20260811_FULL_v1,L1_ELIGIBILITY,v2026-08-11,2026-03-21..2026-08-06,baccarat_bet02_101_all_pairs_incl_sentinel,round_win = game_pnl > 0 (decisive only),COMPATIBILITY_ONLY_NOT_PRODUCTION,557989.4742,504875.3716,9878.7574,24851,24505,-0.01770420,0.00338982,-0.02772422,-0.01770420,-9878.7574,557989.4742,OK,0.0000,395.1503,4.0000,96.0000,AG03-UNRESOLVED,ALL5_LEVELS_bet23_to_bet27,395.1503,395.1503,395.1503,0.0000,0.0000,4.000000,4.000000,4.000000,0.000000,0.000000,96.000000,96.000000,96.000000,100.000000,100.000000,5.0,1185.4509,1138.6651,8693.3065,8740.0923,PENDING_AG03,FALSE,NOT_FOR_ENFORCEMENT,9483.6071,484680.3568,9878.7574,9483.6071,395.1503,0.01770420,0.01699603,395.1503,9483.6071,0.01699603,395.1503,395.1503,395.1503,0.0000,0.0000,9483.6071,0.01699603,1185.4509,1138.6651,8693.3065,8740.0923,0.01557970,0.01566354,0.00070817,22.4534,20.6030,0.4031,82.3230,2.6463,4649.9123,204.2083,25.9152,21.1137,12.8578,14.5296,26.176,48.8436,54.2173,102.8621,13.088,0.0,3.731508,7.079487,1.545355,30,207,63,6,0.32204186,0.01770420,-0.00338982,0E-8,0.000000,0.904812,0.002133,0.03111404,2026-03-21,2026-08-06,120,3733,1703,139,0.863309,1.227414,1.154177,1.073473,,,,,,,,GLOBAL_BASELINE_NO_ENTITY_RANKING,,,NOT_APPLICABLE_GLOBAL_BASELINE,HF9g-P5,,,,X 全窗基线 · 不参与实体赏罚,15053891,1506,A168_HF9F_20260827_0900,2026-08-27 09:00:00
2026-07-19,127529701,2129,0,178.1426690418,-75.5170010068,-75.5170010068,0.4000000,6,6,0.49771390000000000,0.497713900000,-0.4369944132040151,-0.436994413204015,-0.4369944132040151,0E-17,ELIGIBLE,R03b_20260811_FULL_v1,L1_ELIGIBILITY,v2026-08-11,2026-03-21..2026-08-06,baccarat_bet02_101_all_pairs_incl_sentinel,round_win = game_pnl > 0 (decisive only),COMPATIBILITY_ONLY_NOT_PRODUCTION,557989.4742,504875.3716,9878.7574,24851,24505,-0.01770420,0.00338982,-0.02772422,-0.01770420,-9878.7574,557989.4742,OK,0.0000,395.1503,4.0000,96.0000,AG03-UNRESOLVED,ALL5_LEVELS_bet23_to_bet27,395.1503,395.1503,395.1503,0.0000,0.0000,4.000000,4.000000,4.000000,0.000000,0.000000,96.000000,96.000000,96.000000,100.000000,100.000000,5.0,1185.4509,1138.6651,8693.3065,8740.0923,PENDING_AG03,FALSE,NOT_FOR_ENFORCEMENT,9483.6071,484680.3568,9878.7574,9483.6071,395.1503,0.01770420,0.01699603,395.1503,9483.6071,0.01699603,395.1503,395.1503,395.1503,0.0000,0.0000,9483.6071,0.01699603,1185.4509,1138.6651,8693.3065,8740.0923,0.01557970,0.01566354,0.00070817,22.4534,20.6030,0.4031,82.3230,2.6463,4649.9123,204.2083,25.9152,21.1137,12.8578,14.5296,26.176,48.8436,54.2173,102.8621,13.088,0.0,3.731508,7.079487,1.545355,30,207,63,6,0.32204186,0.01770420,-0.00338982,0E-8,0.000000,0.904812,0.002133,0.03111404,2026-03-21,2026-08-06,120,3733,1703,139,0.863309,1.227414,1.154177,1.073473,,,,,,,,GLOBAL_BASELINE_NO_ENTITY_RANKING,,,NOT_APPLICABLE_GLOBAL_BASELINE,HF9g-P5,,,,X 全窗基线 · 不参与实体赏罚,15053892,1506,A168_HF9F_20260827_0900,2026-08-27 09:00:00
2026-07-19,127529701,2169,0,473.4980507576,-55.4307696278,-55.4307696278,0.4000000,11,11,0.49933877272727273,0.499338772727,-0.628274112958145,-0.6282741129564205,-0.628274112958145,2.7273E-13,ELIGIBLE,R03b_20260811_FULL_v1,L1_ELIGIBILITY,v2026-08-11,2026-03-21..2026-08-06,baccarat_bet02_101_all_pairs_incl_sentinel,round_win = game_pnl > 0 (decisive only),COMPATIBILITY_ONLY_NOT_PRODUCTION,557989.4742,504875.3716,9878.7574,24851,24505,-0.01770420,0.00338982,-0.02772422,-0.01770420,-9878.7574,557989.4742,OK,0.0000,395.1503,4.0000,96.0000,AG03-UNRESOLVED,ALL5_LEVELS_bet23_to_bet27,395.1503,395.1503,395.1503,0.0000,0.0000,4.000000,4.000000,4.000000,0.000000,0.000000,96.000000,96.000000,96.000000,100.000000,100.000000,5.0,1185.4509,1138.6651,8693.3065,8740.0923,PENDING_AG03,FALSE,NOT_FOR_ENFORCEMENT,9483.6071,484680.3568,9878.7574,9483.6071,395.1503,0.01770420,0.01699603,395.1503,9483.6071,0.01699603,395.1503,395.1503,395.1503,0.0000,0.0000,9483.6071,0.01699603,1185.4509,1138.6651,8693.3065,8740.0923,0.01557970,0.01566354,0.00070817,22.4534,20.6030,0.4031,82.3230,2.6463,4649.9123,204.2083,25.9152,21.1137,12.8578,14.5296,26.176,48.8436,54.2173,102.8621,13.088,0.0,3.731508,7.079487,1.545355,30,207,63,6,0.32204186,0.01770420,-0.00338982,0E-8,0.000000,0.904812,0.002133,0.03111404,2026-03-21,2026-08-06,120,3733,1703,139,0.863309,1.227414,1.154177,1.073473,,,,,,,,GLOBAL_BASELINE_NO_ENTITY_RANKING,,,NOT_APPLICABLE_GLOBAL_BASELINE,HF9g-P5,,,,X 全窗基线 · 不参与实体赏罚,15053893,1506,A168_HF9F_20260827_0900,2026-08-27 09:00:00
2026-07-19,127529701,2212,0,160.0702243565,-160.0702243565,-160.0702243565,0E-7,2,2,0.49324550000000000,0.493245500000,-1.3952362676504506,-1.3952362676504506,-1.3952362676504506,0E-17,ELIGIBLE,R03b_20260811_FULL_v1,L1_ELIGIBILITY,v2026-08-11,2026-03-21..2026-08-06,baccarat_bet02_101_all_pairs_incl_sentinel,round_win = game_pnl > 0 (decisive only),COMPATIBILITY_ONLY_NOT_PRODUCTION,557989.4742,504875.3716,9878.7574,24851,24505,-0.01770420,0.00338982,-0.02772422,-0.01770420,-9878.7574,557989.4742,OK,0.0000,395.1503,4.0000,96.0000,AG03-UNRESOLVED,ALL5_LEVELS_bet23_to_bet27,395.1503,395.1503,395.1503,0.0000,0.0000,4.000000,4.000000,4.000000,0.000000,0.000000,96.000000,96.000000,96.000000,100.000000,100.000000,5.0,1185.4509,1138.6651,8693.3065,8740.0923,PENDING_AG03,FALSE,NOT_FOR_ENFORCEMENT,9483.6071,484680.3568,9878.7574,9483.6071,395.1503,0.01770420,0.01699603,395.1503,9483.6071,0.01699603,395.1503,395.1503,395.1503,0.0000,0.0000,9483.6071,0.01699603,1185.4509,1138.6651,8693.3065,8740.0923,0.01557970,0.01566354,0.00070817,22.4534,20.6030,0.4031,82.3230,2.6463,4649.9123,204.2083,25.9152,21.1137,12.8578,14.5296,26.176,48.8436,54.2173,102.8621,13.088,0.0,3.731508,7.079487,1.545355,30,207,63,6,0.32204186,0.01770420,-0.00338982,0E-8,0.000000,0.904812,0.002133,0.03111404,2026-03-21,2026-08-06,120,3733,1703,139,0.863309,1.227414,1.154177,1.073473,,,,,,,,GLOBAL_BASELINE_NO_ENTITY_RANKING,,,NOT_APPLICABLE_GLOBAL_BASELINE,HF9g-P5,,,,X 全窗基线 · 不参与实体赏罚,15053894,1506,A168_HF9F_20260827_0900,2026-08-27 09:00:00
2026-07-19,127529701,2222,0,64.5444453050,-64.5444453050,-64.5444453050,0E-7,3,3,0.49771390000000000,0.497713900000,-1.724149546644903,-1.724149546644903,-1.724149546644903,0E-17,ELIGIBLE,R03b_20260811_FULL_v1,L1_ELIGIBILITY,v2026-08-11,2026-03-21..2026-08-06,baccarat_bet02_101_all_pairs_incl_sentinel,round_win = game_pnl > 0 (decisive only),COMPATIBILITY_ONLY_NOT_PRODUCTION,557989.4742,504875.3716,9878.7574,24851,24505,-0.01770420,0.00338982,-0.02772422,-0.01770420,-9878.7574,557989.4742,OK,0.0000,395.1503,4.0000,96.0000,AG03-UNRESOLVED,ALL5_LEVELS_bet23_to_bet27,395.1503,395.1503,395.1503,0.0000,0.0000,4.000000,4.000000,4.000000,0.000000,0.000000,96.000000,96.000000,96.000000,100.000000,100.000000,5.0,1185.4509,1138.6651,8693.3065,8740.0923,PENDING_AG03,FALSE,NOT_FOR_ENFORCEMENT,9483.6071,484680.3568,9878.7574,9483.6071,395.1503,0.01770420,0.01699603,395.1503,9483.6071,0.01699603,395.1503,395.1503,395.1503,0.0000,0.0000,9483.6071,0.01699603,1185.4509,1138.6651,8693.3065,8740.0923,0.01557970,0.01566354,0.00070817,22.4534,20.6030,0.4031,82.3230,2.6463,4649.9123,204.2083,25.9152,21.1137,12.8578,14.5296,26.176,48.8436,54.2173,102.8621,13.088,0.0,3.731508,7.079487,1.545355,30,207,63,6,0.32204186,0.01770420,-0.00338982,0E-8,0.000000,0.904812,0.002133,0.03111404,2026-03-21,2026-08-06,120,3733,1703,139,0.863309,1.227414,1.154177,1.073473,,,,,,,,GLOBAL_BASELINE_NO_ENTITY_RANKING,,,NOT_APPLICABLE_GLOBAL_BASELINE,HF9g-P5,,,,X 全窗基线 · 不参与实体赏罚,15053895,1506,A168_HF9F_20260827_0900,2026-08-27 09:00:00
2026-07-19,127529701,2235,0,277.0247592491,199.7521493299,199.7521493299,0.8000000,11,11,0.49812011818181818,0.498120118182,1.9092695072510295,1.909269507249877,1.9092695072510295,-1.8182E-13,ELIGIBLE,R03b_20260811_FULL_v1,L1_ELIGIBILITY,v2026-08-11,2026-03-21..2026-08-06,baccarat_bet02_101_all_pairs_incl_sentinel,round_win = game_pnl > 0 (decisive only),COMPATIBILITY_ONLY_NOT_PRODUCTION,557989.4742,504875.3716,9878.7574,24851,24505,-0.01770420,0.00338982,-0.02772422,-0.01770420,-9878.7574,557989.4742,OK,0.0000,395.1503,4.0000,96.0000,AG03-UNRESOLVED,ALL5_LEVELS_bet23_to_bet27,395.1503,395.1503,395.1503,0.0000,0.0000,4.000000,4.000000,4.000000,0.000000,0.000000,96.000000,96.000000,96.000000,100.000000,100.000000,5.0,1185.4509,1138.6651,8693.3065,8740.0923,PENDING_AG03,FALSE,NOT_FOR_ENFORCEMENT,9483.6071,484680.3568,9878.7574,9483.6071,395.1503,0.01770420,0.01699603,395.1503,9483.6071,0.01699603,395.1503,395.1503,395.1503,0.0000,0.0000,9483.6071,0.01699603,1185.4509,1138.6651,8693.3065,8740.0923,0.01557970,0.01566354,0.00070817,22.4534,20.6030,0.4031,82.3230,2.6463,4649.9123,204.2083,25.9152,21.1137,12.8578,14.5296,26.176,48.8436,54.2173,102.8621,13.088,0.0,3.731508,7.079487,1.545355,30,207,63,6,0.32204186,0.01770420,-0.00338982,0E-8,0.000000,0.904812,0.002133,0.03111404,2026-03-21,2026-08-06,120,3733,1703,139,0.863309,1.227414,1.154177,1.073473,,,,,,,,GLOBAL_BASELINE_NO_ENTITY_RANKING,,,NOT_APPLICABLE_GLOBAL_BASELINE,HF9g-P5,,,,X 全窗基线 · 不参与实体赏罚,15053896,1506,A168_HF9F_20260827_0900,2026-08-27 09:00:00
2026-07-19,127529701,2242,0,90.3622234270,-90.3622234270,-90.3622234270,0E-7,3,3,0.49771390000000000,0.497713900000,-1.724149546644903,-1.724149546644903,-1.724149546644903,0E-17,ELIGIBLE,R03b_20260811_FULL_v1,L1_ELIGIBILITY,v2026-08-11,2026-03-21..2026-08-06,baccarat_bet02_101_all_pairs_incl_sentinel,round_win = game_pnl > 0 (decisive only),COMPATIBILITY_ONLY_NOT_PRODUCTION,557989.4742,504875.3716,9878.7574,24851,24505,-0.01770420,0.00338982,-0.02772422,-0.01770420,-9878.7574,557989.4742,OK,0.0000,395.1503,4.0000,96.0000,AG03-UNRESOLVED,ALL5_LEVELS_bet23_to_bet27,395.1503,395.1503,395.1503,0.0000,0.0000,4.000000,4.000000,4.000000,0.000000,0.000000,96.000000,96.000000,96.000000,100.000000,100.000000,5.0,1185.4509,1138.6651,8693.3065,8740.0923,PENDING_AG03,FALSE,NOT_FOR_ENFORCEMENT,9483.6071,484680.3568,9878.7574,9483.6071,395.1503,0.01770420,0.01699603,395.1503,9483.6071,0.01699603,395.1503,395.1503,395.1503,0.0000,0.0000,9483.6071,0.01699603,1185.4509,1138.6651,8693.3065,8740.0923,0.01557970,0.01566354,0.00070817,22.4534,20.6030,0.4031,82.3230,2.6463,4649.9123,204.2083,25.9152,21.1137,12.8578,14.5296,26.176,48.8436,54.2173,102.8621,13.088,0.0,3.731508,7.079487,1.545355,30,207,63,6,0.32204186,0.01770420,-0.00338982,0E-8,0.000000,0.904812,0.002133,0.03111404,2026-03-21,2026-08-06,120,3733,1703,139,0.863309,1.227414,1.154177,1.073473,,,,,,,,GLOBAL_BASELINE_NO_ENTITY_RANKING,,,NOT_APPLICABLE_GLOBAL_BASELINE,HF9g-P5,,,,X 全窗基线 · 不参与实体赏罚,15053897,1506,A168_HF9F_20260827_0900,2026-08-27 09:00:00
2026-07-19,127529701,919,0,113.5982237368,-62.6081119458,-62.6081119458,0.2000000,6,6,0.50218230000000000,0.502182300000,-1.351413200886205,-1.351413200886205,-1.351413200886205,0E-17,ELIGIBLE,R03b_20260811_FULL_v1,L1_ELIGIBILITY,v2026-08-11,2026-03-21..2026-08-06,baccarat_bet02_101_all_pairs_incl_sentinel,round_win = game_pnl > 0 (decisive only),COMPATIBILITY_ONLY_NOT_PRODUCTION,557989.4742,504875.3716,9878.7574,24851,24505,-0.01770420,0.00338982,-0.02772422,-0.01770420,-9878.7574,557989.4742,OK,0.0000,395.1503,4.0000,96.0000,AG03-UNRESOLVED,ALL5_LEVELS_bet23_to_bet27,395.1503,395.1503,395.1503,0.0000,0.0000,4.000000,4.000000,4.000000,0.000000,0.000000,96.000000,96.000000,96.000000,100.000000,100.000000,5.0,1185.4509,1138.6651,8693.3065,8740.0923,PENDING_AG03,FALSE,NOT_FOR_ENFORCEMENT,9483.6071,484680.3568,9878.7574,9483.6071,395.1503,0.01770420,0.01699603,395.1503,9483.6071,0.01699603,395.1503,395.1503,395.1503,0.0000,0.0000,9483.6071,0.01699603,1185.4509,1138.6651,8693.3065,8740.0923,0.01557970,0.01566354,0.00070817,22.4534,20.6030,0.4031,82.3230,2.6463,4649.9123,204.2083,25.9152,21.1137,12.8578,14.5296,26.176,48.8436,54.2173,102.8621,13.088,0.0,3.731508,7.079487,1.545355,30,207,63,6,0.32204186,0.01770420,-0.00338982,0E-8,0.000000,0.904812,0.002133,0.03111404,2026-03-21,2026-08-06,120,3733,1703,139,0.863309,1.227414,1.154177,1.073473,,,,,,,,GLOBAL_BASELINE_NO_ENTITY_RANKING,,,NOT_APPLICABLE_GLOBAL_BASELINE,HF9g-P5,,,,X 全窗基线 · 不参与实体赏罚,15053898,1506,A168_HF9F_20260827_0900,2026-08-27 09:00:00
2026-07-19,127529701,994,0,382.6194717682,-0.6454444528,-0.6454444528,0.5714286,14,14,0.50090561428571429,0.500905614286,0.5277463527110055,0.5277463527088678,0.5277463527110055,-2.8571E-13,ELIGIBLE,R03b_20260811_FULL_v1,L1_ELIGIBILITY,v2026-08-11,2026-03-21..2026-08-06,baccarat_bet02_101_all_pairs_incl_sentinel,round_win = game_pnl > 0 (decisive only),COMPATIBILITY_ONLY_NOT_PRODUCTION,557989.4742,504875.3716,9878.7574,24851,24505,-0.01770420,0.00338982,-0.02772422,-0.01770420,-9878.7574,557989.4742,OK,0.0000,395.1503,4.0000,96.0000,AG03-UNRESOLVED,ALL5_LEVELS_bet23_to_bet27,395.1503,395.1503,395.1503,0.0000,0.0000,4.000000,4.000000,4.000000,0.000000,0.000000,96.000000,96.000000,96.000000,100.000000,100.000000,5.0,1185.4509,1138.6651,8693.3065,8740.0923,PENDING_AG03,FALSE,NOT_FOR_ENFORCEMENT,9483.6071,484680.3568,9878.7574,9483.6071,395.1503,0.01770420,0.01699603,395.1503,9483.6071,0.01699603,395.1503,395.1503,395.1503,0.0000,0.0000,9483.6071,0.01699603,1185.4509,1138.6651,8693.3065,8740.0923,0.01557970,0.01566354,0.00070817,22.4534,20.6030,0.4031,82.3230,2.6463,4649.9123,204.2083,25.9152,21.1137,12.8578,14.5296,26.176,48.8436,54.2173,102.8621,13.088,0.0,3.731508,7.079487,1.545355,30,207,63,6,0.32204186,0.01770420,-0.00338982,0E-8,0.000000,0.904812,0.002133,0.03111404,2026-03-21,2026-08-06,120,3733,1703,139,0.863309,1.227414,1.154177,1.073473,,,,,,,,GLOBAL_BASELINE_NO_ENTITY_RANKING,,,NOT_APPLICABLE_GLOBAL_BASELINE,HF9g-P5,,,,X 全窗基线 · 不参与实体赏罚,15053899,1506,A168_HF9F_20260827_0900,2026-08-27 09:00:00
2026-07-20,127529701,-1,1,389.8484496423,129.5923372835,129.5923372835,0.6842105,21,21,0.49899058571428571,0.498990585714,1.6147132973427791,1.6147132973452716,1.6147132973427791,2.8571E-13,SENTINEL_DEALER,R03b_20260811_FULL_v1,L1_ELIGIBILITY,v2026-08-11,2026-03-21..2026-08-06,baccarat_bet02_101_all_pairs_incl_sentinel,round_win = game_pnl > 0 (decisive only),COMPATIBILITY_ONLY_NOT_PRODUCTION,557989.4742,504875.3716,9878.7574,24851,24505,-0.01770420,0.00338982,-0.02772422,-0.01770420,-9878.7574,557989.4742,OK,0.0000,395.1503,4.0000,96.0000,AG03-UNRESOLVED,ALL5_LEVELS_bet23_to_bet27,395.1503,395.1503,395.1503,0.0000,0.0000,4.000000,4.000000,4.000000,0.000000,0.000000,96.000000,96.000000,96.000000,100.000000,100.000000,5.0,1185.4509,1138.6651,8693.3065,8740.0923,PENDING_AG03,FALSE,NOT_FOR_ENFORCEMENT,9483.6071,484680.3568,9878.7574,9483.6071,395.1503,0.01770420,0.01699603,395.1503,9483.6071,0.01699603,395.1503,395.1503,395.1503,0.0000,0.0000,9483.6071,0.01699603,1185.4509,1138.6651,8693.3065,8740.0923,0.01557970,0.01566354,0.00070817,22.4534,20.6030,0.4031,82.3230,2.6463,4649.9123,204.2083,25.9152,21.1137,12.8578,14.5296,26.176,48.8436,54.2173,102.8621,13.088,0.0,3.731508,7.079487,1.545355,30,207,63,6,0.32204186,0.01770420,-0.00338982,0E-8,0.000000,0.904812,0.002133,0.03111404,2026-03-21,2026-08-06,120,3733,1703,139,0.863309,1.227414,1.154177,1.073473,,,,,,,,GLOBAL_BASELINE_NO_ENTITY_RANKING,,,NOT_APPLICABLE_GLOBAL_BASELINE,HF9g-P5,,,,X 全窗基线 · 不参与实体赏罚,15053900,1506,A168_HF9F_20260827_0900,2026-08-27 09:00:00
2026-07-20,127529701,1963,0,34.8540004647,-24.5268892159,-24.5268892159,0.3333333,3,3,0.50218230000000000,0.502182300000,-0.5849155494134425,-0.5849155494134426,-0.5849155494134425,0E-17,ELIGIBLE,R03b_20260811_FULL_v1,L1_ELIGIBILITY,v2026-08-11,2026-03-21..2026-08-06,baccarat_bet02_101_all_pairs_incl_sentinel,round_win = game_pnl > 0 (decisive only),COMPATIBILITY_ONLY_NOT_PRODUCTION,557989.4742,504875.3716,9878.7574,24851,24505,-0.01770420,0.00338982,-0.02772422,-0.01770420,-9878.7574,557989.4742,OK,0.0000,395.1503,4.0000,96.0000,AG03-UNRESOLVED,ALL5_LEVELS_bet23_to_bet27,395.1503,395.1503,395.1503,0.0000,0.0000,4.000000,4.000000,4.000000,0.000000,0.000000,96.000000,96.000000,96.000000,100.000000,100.000000,5.0,1185.4509,1138.6651,8693.3065,8740.0923,PENDING_AG03,FALSE,NOT_FOR_ENFORCEMENT,9483.6071,484680.3568,9878.7574,9483.6071,395.1503,0.01770420,0.01699603,395.1503,9483.6071,0.01699603,395.1503,395.1503,395.1503,0.0000,0.0000,9483.6071,0.01699603,1185.4509,1138.6651,8693.3065,8740.0923,0.01557970,0.01566354,0.00070817,22.4534,20.6030,0.4031,82.3230,2.6463,4649.9123,204.2083,25.9152,21.1137,12.8578,14.5296,26.176,48.8436,54.2173,102.8621,13.088,0.0,3.731508,7.079487,1.545355,30,207,63,6,0.32204186,0.01770420,-0.00338982,0E-8,0.000000,0.904812,0.002133,0.03111404,2026-03-21,2026-08-06,120,3733,1703,139,0.863309,1.227414,1.154177,1.073473,,,,,,,,GLOBAL_BASELINE_NO_ENTITY_RANKING,,,NOT_APPLICABLE_GLOBAL_BASELINE,HF9g-P5,,,,X 全窗基线 · 不参与实体赏罚,15053901,1506,A168_HF9F_20260827_0900,2026-08-27 09:00:00
2026-07-20,127529701,2242,0,193.6333359150,-143.2886685771,-143.2886685771,0.2500000,4,4,0.49994810000000000,0.499948100000,-0.9997924053861017,-0.9997924053861017,-0.9997924053861017,0E-17,ELIGIBLE,R03b_20260811_FULL_v1,L1_ELIGIBILITY,v2026-08-11,2026-03-21..2026-08-06,baccarat_bet02_101_all_pairs_incl_sentinel,round_win = game_pnl > 0 (decisive only),COMPATIBILITY_ONLY_NOT_PRODUCTION,557989.4742,504875.3716,9878.7574,24851,24505,-0.01770420,0.00338982,-0.02772422,-0.01770420,-9878.7574,557989.4742,OK,0.0000,395.1503,4.0000,96.0000,AG03-UNRESOLVED,ALL5_LEVELS_bet23_to_bet27,395.1503,395.1503,395.1503,0.0000,0.0000,4.000000,4.000000,4.000000,0.000000,0.000000,96.000000,96.000000,96.000000,100.000000,100.000000,5.0,1185.4509,1138.6651,8693.3065,8740.0923,PENDING_AG03,FALSE,NOT_FOR_ENFORCEMENT,9483.6071,484680.3568,9878.7574,9483.6071,395.1503,0.01770420,0.01699603,395.1503,9483.6071,0.01699603,395.1503,395.1503,395.1503,0.0000,0.0000,9483.6071,0.01699603,1185.4509,1138.6651,8693.3065,8740.0923,0.01557970,0.01566354,0.00070817,22.4534,20.6030,0.4031,82.3230,2.6463,4649.9123,204.2083,25.9152,21.1137,12.8578,14.5296,26.176,48.8436,54.2173,102.8621,13.088,0.0,3.731508,7.079487,1.545355,30,207,63,6,0.32204186,0.01770420,-0.00338982,0E-8,0.000000,0.904812,0.002133,0.03111404,2026-03-21,2026-08-06,120,3733,1703,139,0.863309,1.227414,1.154177,1.073473,,,,,,,,GLOBAL_BASELINE_NO_ENTITY_RANKING,,,NOT_APPLICABLE_GLOBAL_BASELINE,HF9g-P5,,,,X 全窗基线 · 不参与实体赏罚,15053902,1506,A168_HF9F_20260827_0900,2026-08-27 09:00:00
2026-07-21,127529701,-1,1,1233.3152608881,90.8269434335,90.8269434335,0.5277778,74,74,0.49383643108108108,0.493836431081,0.5760475231559724,0.5760475231573496,0.5760475231559724,8.108E-14,SENTINEL_DEALER,R03b_20260811_FULL_v1,L1_ELIGIBILITY,v2026-08-11,2026-03-21..2026-08-06,baccarat_bet02_101_all_pairs_incl_sentinel,round_win = game_pnl > 0 (decisive only),COMPATIBILITY_ONLY_NOT_PRODUCTION,557989.4742,504875.3716,9878.7574,24851,24505,-0.01770420,0.00338982,-0.02772422,-0.01770420,-9878.7574,557989.4742,OK,0.0000,395.1503,4.0000,96.0000,AG03-UNRESOLVED,ALL5_LEVELS_bet23_to_bet27,395.1503,395.1503,395.1503,0.0000,0.0000,4.000000,4.000000,4.000000,0.000000,0.000000,96.000000,96.000000,96.000000,100.000000,100.000000,5.0,1185.4509,1138.6651,8693.3065,8740.0923,PENDING_AG03,FALSE,NOT_FOR_ENFORCEMENT,9483.6071,484680.3568,9878.7574,9483.6071,395.1503,0.01770420,0.01699603,395.1503,9483.6071,0.01699603,395.1503,395.1503,395.1503,0.0000,0.0000,9483.6071,0.01699603,1185.4509,1138.6651,8693.3065,8740.0923,0.01557970,0.01566354,0.00070817,22.4534,20.6030,0.4031,82.3230,2.6463,4649.9123,204.2083,25.9152,21.1137,12.8578,14.5296,26.176,48.8436,54.2173,102.8621,13.088,0.0,3.731508,7.079487,1.545355,30,207,63,6,0.32204186,0.01770420,-0.00338982,0E-8,0.000000,0.904812,0.002133,0.03111404,2026-03-21,2026-08-06,120,3733,1703,139,0.863309,1.227414,1.154177,1.073473,,,,,,,,GLOBAL_BASELINE_NO_ENTITY_RANKING,,,NOT_APPLICABLE_GLOBAL_BASELINE,HF9g-P5,,,,X 全窗基线 · 不参与实体赏罚,15053903,1506,A168_HF9F_20260827_0900,2026-08-27 09:00:00
2026-07-21,127529701,1109,0,98.1075568636,-88.0386233960,-88.0386233960,0.2500000,4,4,0.50665070000000000,0.506650700000,-1.0266936290537745,-1.0266936290537745,-1.0266936290537745,0E-17,ELIGIBLE,R03b_20260811_FULL_v1,L1_ELIGIBILITY,v2026-08-11,2026-03-21..2026-08-06,baccarat_bet02_101_all_pairs_incl_sentinel,round_win = game_pnl > 0 (decisive only),COMPATIBILITY_ONLY_NOT_PRODUCTION,557989.4742,504875.3716,9878.7574,24851,24505,-0.01770420,0.00338982,-0.02772422,-0.01770420,-9878.7574,557989.4742,OK,0.0000,395.1503,4.0000,96.0000,AG03-UNRESOLVED,ALL5_LEVELS_bet23_to_bet27,395.1503,395.1503,395.1503,0.0000,0.0000,4.000000,4.000000,4.000000,0.000000,0.000000,96.000000,96.000000,96.000000,100.000000,100.000000,5.0,1185.4509,1138.6651,8693.3065,8740.0923,PENDING_AG03,FALSE,NOT_FOR_ENFORCEMENT,9483.6071,484680.3568,9878.7574,9483.6071,395.1503,0.01770420,0.01699603,395.1503,9483.6071,0.01699603,395.1503,395.1503,395.1503,0.0000,0.0000,9483.6071,0.01699603,1185.4509,1138.6651,8693.3065,8740.0923,0.01557970,0.01566354,0.00070817,22.4534,20.6030,0.4031,82.3230,2.6463,4649.9123,204.2083,25.9152,21.1137,12.8578,14.5296,26.176,48.8436,54.2173,102.8621,13.088,0.0,3.731508,7.079487,1.545355,30,207,63,6,0.32204186,0.01770420,-0.00338982,0E-8,0.000000,0.904812,0.002133,0.03111404,2026-03-21,2026-08-06,120,3733,1703,139,0.863309,1.227414,1.154177,1.073473,,,,,,,,GLOBAL_BASELINE_NO_ENTITY_RANKING,,,NOT_APPLICABLE_GLOBAL_BASELINE,HF9g-P5,,,,X 全窗基线 · 不参与实体赏罚,15053904,1506,A168_HF9F_20260827_0900,2026-08-27 09:00:00
2026-07-21,127529701,1374,0,26.3341336844,0.5163555624,0.5163555624,0.5000000,2,2,0.49324550000000000,0.493245500000,0.01910635448239258,0.01910635448239258,0.01910635448239258,0E-17,ELIGIBLE,R03b_20260811_FULL_v1,L1_ELIGIBILITY,v2026-08-11,2026-03-21..2026-08-06,baccarat_bet02_101_all_pairs_incl_sentinel,round_win = game_pnl > 0 (decisive only),COMPATIBILITY_ONLY_NOT_PRODUCTION,557989.4742,504875.3716,9878.7574,24851,24505,-0.01770420,0.00338982,-0.02772422,-0.01770420,-9878.7574,557989.4742,OK,0.0000,395.1503,4.0000,96.0000,AG03-UNRESOLVED,ALL5_LEVELS_bet23_to_bet27,395.1503,395.1503,395.1503,0.0000,0.0000,4.000000,4.000000,4.000000,0.000000,0.000000,96.000000,96.000000,96.000000,100.000000,100.000000,5.0,1185.4509,1138.6651,8693.3065,8740.0923,PENDING_AG03,FALSE,NOT_FOR_ENFORCEMENT,9483.6071,484680.3568,9878.7574,9483.6071,395.1503,0.01770420,0.01699603,395.1503,9483.6071,0.01699603,395.1503,395.1503,395.1503,0.0000,0.0000,9483.6071,0.01699603,1185.4509,1138.6651,8693.3065,8740.0923,0.01557970,0.01566354,0.00070817,22.4534,20.6030,0.4031,82.3230,2.6463,4649.9123,204.2083,25.9152,21.1137,12.8578,14.5296,26.176,48.8436,54.2173,102.8621,13.088,0.0,3.731508,7.079487,1.545355,30,207,63,6,0.32204186,0.01770420,-0.00338982,0E-8,0.000000,0.904812,0.002133,0.03111404,2026-03-21,2026-08-06,120,3733,1703,139,0.863309,1.227414,1.154177,1.073473,,,,,,,,GLOBAL_BASELINE_NO_ENTITY_RANKING,,,NOT_APPLICABLE_GLOBAL_BASELINE,HF9g-P5,,,,X 全窗基线 · 不参与实体赏罚,15053905,1506,A168_HF9F_20260827_0900,2026-08-27 09:00:00
2026-07-21,127529701,1383,0,43.8902228074,7.7453334366,7.7453334366,0.3333333,3,3,0.49771390000000000,0.497713900000,-0.5694369385616226,-0.5694369385616226,-0.5694369385616226,0E-17,ELIGIBLE,R03b_20260811_FULL_v1,L1_ELIGIBILITY,v2026-08-11,2026-03-21..2026-08-06,baccarat_bet02_101_all_pairs_incl_sentinel,round_win = game_pnl > 0 (decisive only),COMPATIBILITY_ONLY_NOT_PRODUCTION,557989.4742,504875.3716,9878.7574,24851,24505,-0.01770420,0.00338982,-0.02772422,-0.01770420,-9878.7574,557989.4742,OK,0.0000,395.1503,4.0000,96.0000,AG03-UNRESOLVED,ALL5_LEVELS_bet23_to_bet27,395.1503,395.1503,395.1503,0.0000,0.0000,4.000000,4.000000,4.000000,0.000000,0.000000,96.000000,96.000000,96.000000,100.000000,100.000000,5.0,1185.4509,1138.6651,8693.3065,8740.0923,PENDING_AG03,FALSE,NOT_FOR_ENFORCEMENT,9483.6071,484680.3568,9878.7574,9483.6071,395.1503,0.01770420,0.01699603,395.1503,9483.6071,0.01699603,395.1503,395.1503,395.1503,0.0000,0.0000,9483.6071,0.01699603,1185.4509,1138.6651,8693.3065,8740.0923,0.01557970,0.01566354,0.00070817,22.4534,20.6030,0.4031,82.3230,2.6463,4649.9123,204.2083,25.9152,21.1137,12.8578,14.5296,26.176,48.8436,54.2173,102.8621,13.088,0.0,3.731508,7.079487,1.545355,30,207,63,6,0.32204186,0.01770420,-0.00338982,0E-8,0.000000,0.904812,0.002133,0.03111404,2026-03-21,2026-08-06,120,3733,1703,139,0.863309,1.227414,1.154177,1.073473,,,,,,,,GLOBAL_BASELINE_NO_ENTITY_RANKING,,,NOT_APPLICABLE_GLOBAL_BASELINE,HF9g-P5,,,,X 全窗基线 · 不参与实体赏罚,15053906,1506,A168_HF9F_20260827_0900,2026-08-27 09:00:00
2026-07-21,127529701,1384,0,158.5211576690,31.1233315262,31.1233315262,0.5833333,12,12,0.49994810000000000,0.499948100000,0.577709846049527,0.577709846049527,0.577709846049527,0E-17,ELIGIBLE,R03b_20260811_FULL_v1,L1_ELIGIBILITY,v2026-08-11,2026-03-21..2026-08-06,baccarat_bet02_101_all_pairs_incl_sentinel,round_win = game_pnl > 0 (decisive only),COMPATIBILITY_ONLY_NOT_PRODUCTION,557989.4742,504875.3716,9878.7574,24851,24505,-0.01770420,0.00338982,-0.02772422,-0.01770420,-9878.7574,557989.4742,OK,0.0000,395.1503,4.0000,96.0000,AG03-UNRESOLVED,ALL5_LEVELS_bet23_to_bet27,395.1503,395.1503,395.1503,0.0000,0.0000,4.000000,4.000000,4.000000,0.000000,0.000000,96.000000,96.000000,96.000000,100.000000,100.000000,5.0,1185.4509,1138.6651,8693.3065,8740.0923,PENDING_AG03,FALSE,NOT_FOR_ENFORCEMENT,9483.6071,484680.3568,9878.7574,9483.6071,395.1503,0.01770420,0.01699603,395.1503,9483.6071,0.01699603,395.1503,395.1503,395.1503,0.0000,0.0000,9483.6071,0.01699603,1185.4509,1138.6651,8693.3065,8740.0923,0.01557970,0.01566354,0.00070817,22.4534,20.6030,0.4031,82.3230,2.6463,4649.9123,204.2083,25.9152,21.1137,12.8578,14.5296,26.176,48.8436,54.2173,102.8621,13.088,0.0,3.731508,7.079487,1.545355,30,207,63,6,0.32204186,0.01770420,-0.00338982,0E-8,0.000000,0.904812,0.002133,0.03111404,2026-03-21,2026-08-06,120,3733,1703,139,0.863309,1.227414,1.154177,1.073473,,,,,,,,GLOBAL_BASELINE_NO_ENTITY_RANKING,,,NOT_APPLICABLE_GLOBAL_BASELINE,HF9g-P5,,,,X 全窗基线 · 不参与实体赏罚,15053907,1506,A168_HF9F_20260827_0900,2026-08-27 09:00:00
2026-07-21,127529701,1385,0,28.3995559342,-3.2272222652,-3.2272222652,0.5000000,2,2,0.49994810000000000,0.499948100000,0.00014679536856514622,0.00014679536856514622,0.00014679536856514622,0E-17,ELIGIBLE,R03b_20260811_FULL_v1,L1_ELIGIBILITY,v2026-08-11,2026-03-21..2026-08-06,baccarat_bet02_101_all_pairs_incl_sentinel,round_win = game_pnl > 0 (decisive only),COMPATIBILITY_ONLY_NOT_PRODUCTION,557989.4742,504875.3716,9878.7574,24851,24505,-0.01770420,0.00338982,-0.02772422,-0.01770420,-9878.7574,557989.4742,OK,0.0000,395.1503,4.0000,96.0000,AG03-UNRESOLVED,ALL5_LEVELS_bet23_to_bet27,395.1503,395.1503,395.1503,0.0000,0.0000,4.000000,4.000000,4.000000,0.000000,0.000000,96.000000,96.000000,96.000000,100.000000,100.000000,5.0,1185.4509,1138.6651,8693.3065,8740.0923,PENDING_AG03,FALSE,NOT_FOR_ENFORCEMENT,9483.6071,484680.3568,9878.7574,9483.6071,395.1503,0.01770420,0.01699603,395.1503,9483.6071,0.01699603,395.1503,395.1503,395.1503,0.0000,0.0000,9483.6071,0.01699603,1185.4509,1138.6651,8693.3065,8740.0923,0.01557970,0.01566354,0.00070817,22.4534,20.6030,0.4031,82.3230,2.6463,4649.9123,204.2083,25.9152,21.1137,12.8578,14.5296,26.176,48.8436,54.2173,102.8621,13.088,0.0,3.731508,7.079487,1.545355,30,207,63,6,0.32204186,0.01770420,-0.00338982,0E-8,0.000000,0.904812,0.002133,0.03111404,2026-03-21,2026-08-06,120,3733,1703,139,0.863309,1.227414,1.154177,1.073473,,,,,,,,GLOBAL_BASELINE_NO_ENTITY_RANKING,,,NOT_APPLICABLE_GLOBAL_BASELINE,HF9g-P5,,,,X 全窗基线 · 不参与实体赏罚,15053908,1506,A168_HF9F_20260827_0900,2026-08-27 09:00:00
2026-07-21,127529701,1396,0,251.7233366895,141.2748818837,141.2748818837,0.6875000,16,16,0.49827245000000000,0.498272450000,1.5138294358599134,1.5138294358599134,1.5138294358599134,0E-17,ELIGIBLE,R03b_20260811_FULL_v1,L1_ELIGIBILITY,v2026-08-11,2026-03-21..2026-08-06,baccarat_bet02_101_all_pairs_incl_sentinel,round_win = game_pnl > 0 (decisive only),COMPATIBILITY_ONLY_NOT_PRODUCTION,557989.4742,504875.3716,9878.7574,24851,24505,-0.01770420,0.00338982,-0.02772422,-0.01770420,-9878.7574,557989.4742,OK,0.0000,395.1503,4.0000,96.0000,AG03-UNRESOLVED,ALL5_LEVELS_bet23_to_bet27,395.1503,395.1503,395.1503,0.0000,0.0000,4.000000,4.000000,4.000000,0.000000,0.000000,96.000000,96.000000,96.000000,100.000000,100.000000,5.0,1185.4509,1138.6651,8693.3065,8740.0923,PENDING_AG03,FALSE,NOT_FOR_ENFORCEMENT,9483.6071,484680.3568,9878.7574,9483.6071,395.1503,0.01770420,0.01699603,395.1503,9483.6071,0.01699603,395.1503,395.1503,395.1503,0.0000,0.0000,9483.6071,0.01699603,1185.4509,1138.6651,8693.3065,8740.0923,0.01557970,0.01566354,0.00070817,22.4534,20.6030,0.4031,82.3230,2.6463,4649.9123,204.2083,25.9152,21.1137,12.8578,14.5296,26.176,48.8436,54.2173,102.8621,13.088,0.0,3.731508,7.079487,1.545355,30,207,63,6,0.32204186,0.01770420,-0.00338982,0E-8,0.000000,0.904812,0.002133,0.03111404,2026-03-21,2026-08-06,120,3733,1703,139,0.863309,1.227414,1.154177,1.073473,,,,,,,,GLOBAL_BASELINE_NO_ENTITY_RANKING,,,NOT_APPLICABLE_GLOBAL_BASELINE,HF9g-P5,,,,X 全窗基线 · 不参与实体赏罚,15053909,1506,A168_HF9F_20260827_0900,2026-08-27 09:00:00
2026-07-21,127529701,1400,0,155.1648465133,41.3471716626,41.3471716626,0.6666667,9,9,0.50069283333333333,0.500692833333,0.9958439560465624,0.9958439560485615,0.9958439560465624,3.3333E-13,ELIGIBLE,R03b_20260811_FULL_v1,L1_ELIGIBILITY,v2026-08-11,2026-03-21..2026-08-06,baccarat_bet02_101_all_pairs_incl_sentinel,round_win = game_pnl > 0 (decisive only),COMPATIBILITY_ONLY_NOT_PRODUCTION,557989.4742,504875.3716,9878.7574,24851,24505,-0.01770420,0.00338982,-0.02772422,-0.01770420,-9878.7574,557989.4742,OK,0.0000,395.1503,4.0000,96.0000,AG03-UNRESOLVED,ALL5_LEVELS_bet23_to_bet27,395.1503,395.1503,395.1503,0.0000,0.0000,4.000000,4.000000,4.000000,0.000000,0.000000,96.000000,96.000000,96.000000,100.000000,100.000000,5.0,1185.4509,1138.6651,8693.3065,8740.0923,PENDING_AG03,FALSE,NOT_FOR_ENFORCEMENT,9483.6071,484680.3568,9878.7574,9483.6071,395.1503,0.01770420,0.01699603,395.1503,9483.6071,0.01699603,395.1503,395.1503,395.1503,0.0000,0.0000,9483.6071,0.01699603,1185.4509,1138.6651,8693.3065,8740.0923,0.01557970,0.01566354,0.00070817,22.4534,20.6030,0.4031,82.3230,2.6463,4649.9123,204.2083,25.9152,21.1137,12.8578,14.5296,26.176,48.8436,54.2173,102.8621,13.088,0.0,3.731508,7.079487,1.545355,30,207,63,6,0.32204186,0.01770420,-0.00338982,0E-8,0.000000,0.904812,0.002133,0.03111404,2026-03-21,2026-08-06,120,3733,1703,139,0.863309,1.227414,1.154177,1.073473,,,,,,,,GLOBAL_BASELINE_NO_ENTITY_RANKING,,,NOT_APPLICABLE_GLOBAL_BASELINE,HF9g-P5,,,,X 全窗基线 · 不参与实体赏罚,15053910,1506,A168_HF9F_20260827_0900,2026-08-27 09:00:00
2026-07-21,127529701,1623,0,77.4533343660,20.0087780446,20.0087780446,0.5000000,6,6,0.49771390000000000,0.497713900000,0.011199674067230152,0.011199674067230152,0.011199674067230152,0E-17,ELIGIBLE,R03b_20260811_FULL_v1,L1_ELIGIBILITY,v2026-08-11,2026-03-21..2026-08-06,baccarat_bet02_101_all_pairs_incl_sentinel,round_win = game_pnl > 0 (decisive only),COMPATIBILITY_ONLY_NOT_PRODUCTION,557989.4742,504875.3716,9878.7574,24851,24505,-0.01770420,0.00338982,-0.02772422,-0.01770420,-9878.7574,557989.4742,OK,0.0000,395.1503,4.0000,96.0000,AG03-UNRESOLVED,ALL5_LEVELS_bet23_to_bet27,395.1503,395.1503,395.1503,0.0000,0.0000,4.000000,4.000000,4.000000,0.000000,0.000000,96.000000,96.000000,96.000000,100.000000,100.000000,5.0,1185.4509,1138.6651,8693.3065,8740.0923,PENDING_AG03,FALSE,NOT_FOR_ENFORCEMENT,9483.6071,484680.3568,9878.7574,9483.6071,395.1503,0.01770420,0.01699603,395.1503,9483.6071,0.01699603,395.1503,395.1503,395.1503,0.0000,0.0000,9483.6071,0.01699603,1185.4509,1138.6651,8693.3065,8740.0923,0.01557970,0.01566354,0.00070817,22.4534,20.6030,0.4031,82.3230,2.6463,4649.9123,204.2083,25.9152,21.1137,12.8578,14.5296,26.176,48.8436,54.2173,102.8621,13.088,0.0,3.731508,7.079487,1.545355,30,207,63,6,0.32204186,0.01770420,-0.00338982,0E-8,0.000000,0.904812,0.002133,0.03111404,2026-03-21,2026-08-06,120,3733,1703,139,0.863309,1.227414,1.154177,1.073473,,,,,,,,GLOBAL_BASELINE_NO_ENTITY_RANKING,,,NOT_APPLICABLE_GLOBAL_BASELINE,HF9g-P5,,,,X 全窗基线 · 不参与实体赏罚,15053911,1506,A168_HF9F_20260827_0900,2026-08-27 09:00:00
2026-07-21,127529701,1654,0,5.1635556244,0E-10,0E-10,,1,1,0.50665070000000000,0.506650700000,,,,0E-17,NO_DECISIVE_ROUND,R03b_20260811_FULL_v1,L1_ELIGIBILITY,v2026-08-11,2026-03-21..2026-08-06,baccarat_bet02_101_all_pairs_incl_sentinel,round_win = game_pnl > 0 (decisive only),COMPATIBILITY_ONLY_NOT_PRODUCTION,557989.4742,504875.3716,9878.7574,24851,24505,-0.01770420,0.00338982,-0.02772422,-0.01770420,-9878.7574,557989.4742,OK,0.0000,395.1503,4.0000,96.0000,AG03-UNRESOLVED,ALL5_LEVELS_bet23_to_bet27,395.1503,395.1503,395.1503,0.0000,0.0000,4.000000,4.000000,4.000000,0.000000,0.000000,96.000000,96.000000,96.000000,100.000000,100.000000,5.0,1185.4509,1138.6651,8693.3065,8740.0923,PENDING_AG03,FALSE,NOT_FOR_ENFORCEMENT,9483.6071,484680.3568,9878.7574,9483.6071,395.1503,0.01770420,0.01699603,395.1503,9483.6071,0.01699603,395.1503,395.1503,395.1503,0.0000,0.0000,9483.6071,0.01699603,1185.4509,1138.6651,8693.3065,8740.0923,0.01557970,0.01566354,0.00070817,22.4534,20.6030,0.4031,82.3230,2.6463,4649.9123,204.2083,25.9152,21.1137,12.8578,14.5296,26.176,48.8436,54.2173,102.8621,13.088,0.0,3.731508,7.079487,1.545355,30,207,63,6,0.32204186,0.01770420,-0.00338982,0E-8,0.000000,0.904812,0.002133,0.03111404,2026-03-21,2026-08-06,120,3733,1703,139,0.863309,1.227414,1.154177,1.073473,,,,,,,,GLOBAL_BASELINE_NO_ENTITY_RANKING,,,NOT_APPLICABLE_GLOBAL_BASELINE,HF9g-P5,,,,X 全窗基线 · 不参与实体赏罚,15053912,1506,A168_HF9F_20260827_0900,2026-08-27 09:00:00
2026-07-21,127529701,2093,0,12.9088890610,12.9088890610,12.9088890610,1.0000000,1,1,0.49324550000000000,0.493245500000,1.01360149184955,1.01360149184955,1.01360149184955,0E-17,ELIGIBLE,R03b_20260811_FULL_v1,L1_ELIGIBILITY,v2026-08-11,2026-03-21..2026-08-06,baccarat_bet02_101_all_pairs_incl_sentinel,round_win = game_pnl > 0 (decisive only),COMPATIBILITY_ONLY_NOT_PRODUCTION,557989.4742,504875.3716,9878.7574,24851,24505,-0.01770420,0.00338982,-0.02772422,-0.01770420,-9878.7574,557989.4742,OK,0.0000,395.1503,4.0000,96.0000,AG03-UNRESOLVED,ALL5_LEVELS_bet23_to_bet27,395.1503,395.1503,395.1503,0.0000,0.0000,4.000000,4.000000,4.000000,0.000000,0.000000,96.000000,96.000000,96.000000,100.000000,100.000000,5.0,1185.4509,1138.6651,8693.3065,8740.0923,PENDING_AG03,FALSE,NOT_FOR_ENFORCEMENT,9483.6071,484680.3568,9878.7574,9483.6071,395.1503,0.01770420,0.01699603,395.1503,9483.6071,0.01699603,395.1503,395.1503,395.1503,0.0000,0.0000,9483.6071,0.01699603,1185.4509,1138.6651,8693.3065,8740.0923,0.01557970,0.01566354,0.00070817,22.4534,20.6030,0.4031,82.3230,2.6463,4649.9123,204.2083,25.9152,21.1137,12.8578,14.5296,26.176,48.8436,54.2173,102.8621,13.088,0.0,3.731508,7.079487,1.545355,30,207,63,6,0.32204186,0.01770420,-0.00338982,0E-8,0.000000,0.904812,0.002133,0.03111404,2026-03-21,2026-08-06,120,3733,1703,139,0.863309,1.227414,1.154177,1.073473,,,,,,,,GLOBAL_BASELINE_NO_ENTITY_RANKING,,,NOT_APPLICABLE_GLOBAL_BASELINE,HF9g-P5,,,,X 全窗基线 · 不参与实体赏罚,15053913,1506,A168_HF9F_20260827_0900,2026-08-27 09:00:00
2026-07-21,127529701,2108,0,67.1262231172,46.2138228384,46.2138228384,1.0000000,6,6,0.49547970000000000,0.495479700000,2.0181636764145168,2.0181636764145168,2.0181636764145168,0E-17,ELIGIBLE,R03b_20260811_FULL_v1,L1_ELIGIBILITY,v2026-08-11,2026-03-21..2026-08-06,baccarat_bet02_101_all_pairs_incl_sentinel,round_win = game_pnl > 0 (decisive only),COMPATIBILITY_ONLY_NOT_PRODUCTION,557989.4742,504875.3716,9878.7574,24851,24505,-0.01770420,0.00338982,-0.02772422,-0.01770420,-9878.7574,557989.4742,OK,0.0000,395.1503,4.0000,96.0000,AG03-UNRESOLVED,ALL5_LEVELS_bet23_to_bet27,395.1503,395.1503,395.1503,0.0000,0.0000,4.000000,4.000000,4.000000,0.000000,0.000000,96.000000,96.000000,96.000000,100.000000,100.000000,5.0,1185.4509,1138.6651,8693.3065,8740.0923,PENDING_AG03,FALSE,NOT_FOR_ENFORCEMENT,9483.6071,484680.3568,9878.7574,9483.6071,395.1503,0.01770420,0.01699603,395.1503,9483.6071,0.01699603,395.1503,395.1503,395.1503,0.0000,0.0000,9483.6071,0.01699603,1185.4509,1138.6651,8693.3065,8740.0923,0.01557970,0.01566354,0.00070817,22.4534,20.6030,0.4031,82.3230,2.6463,4649.9123,204.2083,25.9152,21.1137,12.8578,14.5296,26.176,48.8436,54.2173,102.8621,13.088,0.0,3.731508,7.079487,1.545355,30,207,63,6,0.32204186,0.01770420,-0.00338982,0E-8,0.000000,0.904812,0.002133,0.03111404,2026-03-21,2026-08-06,120,3733,1703,139,0.863309,1.227414,1.154177,1.073473,,,,,,,,GLOBAL_BASELINE_NO_ENTITY_RANKING,,,NOT_APPLICABLE_GLOBAL_BASELINE,HF9g-P5,,,,X 全窗基线 · 不参与实体赏罚,15053914,1506,A168_HF9F_20260827_0900,2026-08-27 09:00:00
2026-07-21,127529701,2121,0,135.5433351405,8.2616889991,8.2616889991,0.6250000,10,10,0.49994810000000000,0.499948100000,0.7074003757330176,0.7074003757330176,0.7074003757330176,0E-17,ELIGIBLE,R03b_20260811_FULL_v1,L1_ELIGIBILITY,v2026-08-11,2026-03-21..2026-08-06,baccarat_bet02_101_all_pairs_incl_sentinel,round_win = game_pnl > 0 (decisive only),COMPATIBILITY_ONLY_NOT_PRODUCTION,557989.4742,504875.3716,9878.7574,24851,24505,-0.01770420,0.00338982,-0.02772422,-0.01770420,-9878.7574,557989.4742,OK,0.0000,395.1503,4.0000,96.0000,AG03-UNRESOLVED,ALL5_LEVELS_bet23_to_bet27,395.1503,395.1503,395.1503,0.0000,0.0000,4.000000,4.000000,4.000000,0.000000,0.000000,96.000000,96.000000,96.000000,100.000000,100.000000,5.0,1185.4509,1138.6651,8693.3065,8740.0923,PENDING_AG03,FALSE,NOT_FOR_ENFORCEMENT,9483.6071,484680.3568,9878.7574,9483.6071,395.1503,0.01770420,0.01699603,395.1503,9483.6071,0.01699603,395.1503,395.1503,395.1503,0.0000,0.0000,9483.6071,0.01699603,1185.4509,1138.6651,8693.3065,8740.0923,0.01557970,0.01566354,0.00070817,22.4534,20.6030,0.4031,82.3230,2.6463,4649.9123,204.2083,25.9152,21.1137,12.8578,14.5296,26.176,48.8436,54.2173,102.8621,13.088,0.0,3.731508,7.079487,1.545355,30,207,63,6,0.32204186,0.01770420,-0.00338982,0E-8,0.000000,0.904812,0.002133,0.03111404,2026-03-21,2026-08-06,120,3733,1703,139,0.863309,1.227414,1.154177,1.073473,,,,,,,,GLOBAL_BASELINE_NO_ENTITY_RANKING,,,NOT_APPLICABLE_GLOBAL_BASELINE,HF9g-P5,,,,X 全窗基线 · 不参与实体赏罚,15053915,1506,A168_HF9F_20260827_0900,2026-08-27 09:00:00
2026-07-21,127529701,2134,0,154.9066687320,-25.8177781220,-25.8177781220,0.3333333,7,7,0.49707555714285714,0.497075557143,-0.8021835166153284,-0.8021835166160269,-0.8021835166153284,-1.4286E-13,ELIGIBLE,R03b_20260811_FULL_v1,L1_ELIGIBILITY,v2026-08-11,2026-03-21..2026-08-06,baccarat_bet02_101_all_pairs_incl_sentinel,round_win = game_pnl > 0 (decisive only),COMPATIBILITY_ONLY_NOT_PRODUCTION,557989.4742,504875.3716,9878.7574,24851,24505,-0.01770420,0.00338982,-0.02772422,-0.01770420,-9878.7574,557989.4742,OK,0.0000,395.1503,4.0000,96.0000,AG03-UNRESOLVED,ALL5_LEVELS_bet23_to_bet27,395.1503,395.1503,395.1503,0.0000,0.0000,4.000000,4.000000,4.000000,0.000000,0.000000,96.000000,96.000000,96.000000,100.000000,100.000000,5.0,1185.4509,1138.6651,8693.3065,8740.0923,PENDING_AG03,FALSE,NOT_FOR_ENFORCEMENT,9483.6071,484680.3568,9878.7574,9483.6071,395.1503,0.01770420,0.01699603,395.1503,9483.6071,0.01699603,395.1503,395.1503,395.1503,0.0000,0.0000,9483.6071,0.01699603,1185.4509,1138.6651,8693.3065,8740.0923,0.01557970,0.01566354,0.00070817,22.4534,20.6030,0.4031,82.3230,2.6463,4649.9123,204.2083,25.9152,21.1137,12.8578,14.5296,26.176,48.8436,54.2173,102.8621,13.088,0.0,3.731508,7.079487,1.545355,30,207,63,6,0.32204186,0.01770420,-0.00338982,0E-8,0.000000,0.904812,0.002133,0.03111404,2026-03-21,2026-08-06,120,3733,1703,139,0.863309,1.227414,1.154177,1.073473,,,,,,,,GLOBAL_BASELINE_NO_ENTITY_RANKING,,,NOT_APPLICABLE_GLOBAL_BASELINE,HF9g-P5,,,,X 全窗基线 · 不参与实体赏罚,15053916,1506,A168_HF9F_20260827_0900,2026-08-27 09:00:00
2026-07-21,127529701,2145,0,91.1367567707,-39.5012005267,-39.5012005267,0.3333333,3,3,0.49771390000000000,0.497713900000,-0.5694369385616226,-0.5694369385616226,-0.5694369385616226,0E-17,ELIGIBLE,R03b_20260811_FULL_v1,L1_ELIGIBILITY,v2026-08-11,2026-03-21..2026-08-06,baccarat_bet02_101_all_pairs_incl_sentinel,round_win = game_pnl > 0 (decisive only),COMPATIBILITY_ONLY_NOT_PRODUCTION,557989.4742,504875.3716,9878.7574,24851,24505,-0.01770420,0.00338982,-0.02772422,-0.01770420,-9878.7574,557989.4742,OK,0.0000,395.1503,4.0000,96.0000,AG03-UNRESOLVED,ALL5_LEVELS_bet23_to_bet27,395.1503,395.1503,395.1503,0.0000,0.0000,4.000000,4.000000,4.000000,0.000000,0.000000,96.000000,96.000000,96.000000,100.000000,100.000000,5.0,1185.4509,1138.6651,8693.3065,8740.0923,PENDING_AG03,FALSE,NOT_FOR_ENFORCEMENT,9483.6071,484680.3568,9878.7574,9483.6071,395.1503,0.01770420,0.01699603,395.1503,9483.6071,0.01699603,395.1503,395.1503,395.1503,0.0000,0.0000,9483.6071,0.01699603,1185.4509,1138.6651,8693.3065,8740.0923,0.01557970,0.01566354,0.00070817,22.4534,20.6030,0.4031,82.3230,2.6463,4649.9123,204.2083,25.9152,21.1137,12.8578,14.5296,26.176,48.8436,54.2173,102.8621,13.088,0.0,3.731508,7.079487,1.545355,30,207,63,6,0.32204186,0.01770420,-0.00338982,0E-8,0.000000,0.904812,0.002133,0.03111404,2026-03-21,2026-08-06,120,3733,1703,139,0.863309,1.227414,1.154177,1.073473,,,,,,,,GLOBAL_BASELINE_NO_ENTITY_RANKING,,,NOT_APPLICABLE_GLOBAL_BASELINE,HF9g-P5,,,,X 全窗基线 · 不参与实体赏罚,15053917,1506,A168_HF9F_20260827_0900,2026-08-27 09:00:00
2026-07-21,127529701,2160,0,59.3808896806,-34.2085560116,-34.2085560116,0.2000000,5,5,0.50128862000000000,0.501288620000,-1.347408145195933,-1.347408145195933,-1.347408145195933,0E-17,ELIGIBLE,R03b_20260811_FULL_v1,L1_ELIGIBILITY,v2026-08-11,2026-03-21..2026-08-06,baccarat_bet02_101_all_pairs_incl_sentinel,round_win = game_pnl > 0 (decisive only),COMPATIBILITY_ONLY_NOT_PRODUCTION,557989.4742,504875.3716,9878.7574,24851,24505,-0.01770420,0.00338982,-0.02772422,-0.01770420,-9878.7574,557989.4742,OK,0.0000,395.1503,4.0000,96.0000,AG03-UNRESOLVED,ALL5_LEVELS_bet23_to_bet27,395.1503,395.1503,395.1503,0.0000,0.0000,4.000000,4.000000,4.000000,0.000000,0.000000,96.000000,96.000000,96.000000,100.000000,100.000000,5.0,1185.4509,1138.6651,8693.3065,8740.0923,PENDING_AG03,FALSE,NOT_FOR_ENFORCEMENT,9483.6071,484680.3568,9878.7574,9483.6071,395.1503,0.01770420,0.01699603,395.1503,9483.6071,0.01699603,395.1503,395.1503,395.1503,0.0000,0.0000,9483.6071,0.01699603,1185.4509,1138.6651,8693.3065,8740.0923,0.01557970,0.01566354,0.00070817,22.4534,20.6030,0.4031,82.3230,2.6463,4649.9123,204.2083,25.9152,21.1137,12.8578,14.5296,26.176,48.8436,54.2173,102.8621,13.088,0.0,3.731508,7.079487,1.545355,30,207,63,6,0.32204186,0.01770420,-0.00338982,0E-8,0.000000,0.904812,0.002133,0.03111404,2026-03-21,2026-08-06,120,3733,1703,139,0.863309,1.227414,1.154177,1.073473,,,,,,,,GLOBAL_BASELINE_NO_ENTITY_RANKING,,,NOT_APPLICABLE_GLOBAL_BASELINE,HF9g-P5,,,,X 全窗基线 · 不参与实体赏罚,15053918,1506,A168_HF9F_20260827_0900,2026-08-27 09:00:00
2026-07-21,127529701,2167,0,55.7664007435,55.7664007435,55.7664007435,1.0000000,4,4,0.49324550000000000,0.493245500000,2.0272029836991,2.0272029836991,2.0272029836991,0E-17,ELIGIBLE,R03b_20260811_FULL_v1,L1_ELIGIBILITY,v2026-08-11,2026-03-21..2026-08-06,baccarat_bet02_101_all_pairs_incl_sentinel,round_win = game_pnl > 0 (decisive only),COMPATIBILITY_ONLY_NOT_PRODUCTION,557989.4742,504875.3716,9878.7574,24851,24505,-0.01770420,0.00338982,-0.02772422,-0.01770420,-9878.7574,557989.4742,OK,0.0000,395.1503,4.0000,96.0000,AG03-UNRESOLVED,ALL5_LEVELS_bet23_to_bet27,395.1503,395.1503,395.1503,0.0000,0.0000,4.000000,4.000000,4.000000,0.000000,0.000000,96.000000,96.000000,96.000000,100.000000,100.000000,5.0,1185.4509,1138.6651,8693.3065,8740.0923,PENDING_AG03,FALSE,NOT_FOR_ENFORCEMENT,9483.6071,484680.3568,9878.7574,9483.6071,395.1503,0.01770420,0.01699603,395.1503,9483.6071,0.01699603,395.1503,395.1503,395.1503,0.0000,0.0000,9483.6071,0.01699603,1185.4509,1138.6651,8693.3065,8740.0923,0.01557970,0.01566354,0.00070817,22.4534,20.6030,0.4031,82.3230,2.6463,4649.9123,204.2083,25.9152,21.1137,12.8578,14.5296,26.176,48.8436,54.2173,102.8621,13.088,0.0,3.731508,7.079487,1.545355,30,207,63,6,0.32204186,0.01770420,-0.00338982,0E-8,0.000000,0.904812,0.002133,0.03111404,2026-03-21,2026-08-06,120,3733,1703,139,0.863309,1.227414,1.154177,1.073473,,,,,,,,GLOBAL_BASELINE_NO_ENTITY_RANKING,,,NOT_APPLICABLE_GLOBAL_BASELINE,HF9g-P5,,,,X 全窗基线 · 不参与实体赏罚,15053919,1506,A168_HF9F_20260827_0900,2026-08-27 09:00:00
2026-07-21,127529701,2169,0,41.3084449952,-20.6542224976,-20.6542224976,0.2500000,4,4,0.49659680000000000,0.496596800000,-0.9864100490137353,-0.9864100490137354,-0.9864100490137353,0E-17,ELIGIBLE,R03b_20260811_FULL_v1,L1_ELIGIBILITY,v2026-08-11,2026-03-21..2026-08-06,baccarat_bet02_101_all_pairs_incl_sentinel,round_win = game_pnl > 0 (decisive only),COMPATIBILITY_ONLY_NOT_PRODUCTION,557989.4742,504875.3716,9878.7574,24851,24505,-0.01770420,0.00338982,-0.02772422,-0.01770420,-9878.7574,557989.4742,OK,0.0000,395.1503,4.0000,96.0000,AG03-UNRESOLVED,ALL5_LEVELS_bet23_to_bet27,395.1503,395.1503,395.1503,0.0000,0.0000,4.000000,4.000000,4.000000,0.000000,0.000000,96.000000,96.000000,96.000000,100.000000,100.000000,5.0,1185.4509,1138.6651,8693.3065,8740.0923,PENDING_AG03,FALSE,NOT_FOR_ENFORCEMENT,9483.6071,484680.3568,9878.7574,9483.6071,395.1503,0.01770420,0.01699603,395.1503,9483.6071,0.01699603,395.1503,395.1503,395.1503,0.0000,0.0000,9483.6071,0.01699603,1185.4509,1138.6651,8693.3065,8740.0923,0.01557970,0.01566354,0.00070817,22.4534,20.6030,0.4031,82.3230,2.6463,4649.9123,204.2083,25.9152,21.1137,12.8578,14.5296,26.176,48.8436,54.2173,102.8621,13.088,0.0,3.731508,7.079487,1.545355,30,207,63,6,0.32204186,0.01770420,-0.00338982,0E-8,0.000000,0.904812,0.002133,0.03111404,2026-03-21,2026-08-06,120,3733,1703,139,0.863309,1.227414,1.154177,1.073473,,,,,,,,GLOBAL_BASELINE_NO_ENTITY_RANKING,,,NOT_APPLICABLE_GLOBAL_BASELINE,HF9g-P5,,,,X 全窗基线 · 不参与实体赏罚,15053920,1506,A168_HF9F_20260827_0900,2026-08-27 09:00:00
2026-07-21,127529701,2175,0,18.0724446854,7.0998889836,7.0998889836,0.5000000,2,2,0.49994810000000000,0.499948100000,0.00014679536856514622,0.00014679536856514622,0.00014679536856514622,0E-17,ELIGIBLE,R03b_20260811_FULL_v1,L1_ELIGIBILITY,v2026-08-11,2026-03-21..2026-08-06,baccarat_bet02_101_all_pairs_incl_sentinel,round_win = game_pnl > 0 (decisive only),COMPATIBILITY_ONLY_NOT_PRODUCTION,557989.4742,504875.3716,9878.7574,24851,24505,-0.01770420,0.00338982,-0.02772422,-0.01770420,-9878.7574,557989.4742,OK,0.0000,395.1503,4.0000,96.0000,AG03-UNRESOLVED,ALL5_LEVELS_bet23_to_bet27,395.1503,395.1503,395.1503,0.0000,0.0000,4.000000,4.000000,4.000000,0.000000,0.000000,96.000000,96.000000,96.000000,100.000000,100.000000,5.0,1185.4509,1138.6651,8693.3065,8740.0923,PENDING_AG03,FALSE,NOT_FOR_ENFORCEMENT,9483.6071,484680.3568,9878.7574,9483.6071,395.1503,0.01770420,0.01699603,395.1503,9483.6071,0.01699603,395.1503,395.1503,395.1503,0.0000,0.0000,9483.6071,0.01699603,1185.4509,1138.6651,8693.3065,8740.0923,0.01557970,0.01566354,0.00070817,22.4534,20.6030,0.4031,82.3230,2.6463,4649.9123,204.2083,25.9152,21.1137,12.8578,14.5296,26.176,48.8436,54.2173,102.8621,13.088,0.0,3.731508,7.079487,1.545355,30,207,63,6,0.32204186,0.01770420,-0.00338982,0E-8,0.000000,0.904812,0.002133,0.03111404,2026-03-21,2026-08-06,120,3733,1703,139,0.863309,1.227414,1.154177,1.073473,,,,,,,,GLOBAL_BASELINE_NO_ENTITY_RANKING,,,NOT_APPLICABLE_GLOBAL_BASELINE,HF9g-P5,,,,X 全窗基线 · 不参与实体赏罚,15053921,1506,A168_HF9F_20260827_0900,2026-08-27 09:00:00
2026-07-21,127529701,2177,0,96.5584901763,-24.2687114347,-24.2687114347,0.2857143,7,7,0.49516052857142857,0.495160528571,-1.108337260079107,-1.1083372600768482,-1.108337260079107,4.2857E-13,ELIGIBLE,R03b_20260811_FULL_v1,L1_ELIGIBILITY,v2026-08-11,2026-03-21..2026-08-06,baccarat_bet02_101_all_pairs_incl_sentinel,round_win = game_pnl > 0 (decisive only),COMPATIBILITY_ONLY_NOT_PRODUCTION,557989.4742,504875.3716,9878.7574,24851,24505,-0.01770420,0.00338982,-0.02772422,-0.01770420,-9878.7574,557989.4742,OK,0.0000,395.1503,4.0000,96.0000,AG03-UNRESOLVED,ALL5_LEVELS_bet23_to_bet27,395.1503,395.1503,395.1503,0.0000,0.0000,4.000000,4.000000,4.000000,0.000000,0.000000,96.000000,96.000000,96.000000,100.000000,100.000000,5.0,1185.4509,1138.6651,8693.3065,8740.0923,PENDING_AG03,FALSE,NOT_FOR_ENFORCEMENT,9483.6071,484680.3568,9878.7574,9483.6071,395.1503,0.01770420,0.01699603,395.1503,9483.6071,0.01699603,395.1503,395.1503,395.1503,0.0000,0.0000,9483.6071,0.01699603,1185.4509,1138.6651,8693.3065,8740.0923,0.01557970,0.01566354,0.00070817,22.4534,20.6030,0.4031,82.3230,2.6463,4649.9123,204.2083,25.9152,21.1137,12.8578,14.5296,26.176,48.8436,54.2173,102.8621,13.088,0.0,3.731508,7.079487,1.545355,30,207,63,6,0.32204186,0.01770420,-0.00338982,0E-8,0.000000,0.904812,0.002133,0.03111404,2026-03-21,2026-08-06,120,3733,1703,139,0.863309,1.227414,1.154177,1.073473,,,,,,,,GLOBAL_BASELINE_NO_ENTITY_RANKING,,,NOT_APPLICABLE_GLOBAL_BASELINE,HF9g-P5,,,,X 全窗基线 · 不参与实体赏罚,15053922,1506,A168_HF9F_20260827_0900,2026-08-27 09:00:00
2026-07-21,127529701,2196,0,28.3995559342,-28.3995559342,-28.3995559342,0E-7,2,2,0.49994810000000000,0.499948100000,-1.4140667746232096,-1.4140667746232096,-1.4140667746232096,0E-17,ELIGIBLE,R03b_20260811_FULL_v1,L1_ELIGIBILITY,v2026-08-11,2026-03-21..2026-08-06,baccarat_bet02_101_all_pairs_incl_sentinel,round_win = game_pnl > 0 (decisive only),COMPATIBILITY_ONLY_NOT_PRODUCTION,557989.4742,504875.3716,9878.7574,24851,24505,-0.01770420,0.00338982,-0.02772422,-0.01770420,-9878.7574,557989.4742,OK,0.0000,395.1503,4.0000,96.0000,AG03-UNRESOLVED,ALL5_LEVELS_bet23_to_bet27,395.1503,395.1503,395.1503,0.0000,0.0000,4.000000,4.000000,4.000000,0.000000,0.000000,96.000000,96.000000,96.000000,100.000000,100.000000,5.0,1185.4509,1138.6651,8693.3065,8740.0923,PENDING_AG03,FALSE,NOT_FOR_ENFORCEMENT,9483.6071,484680.3568,9878.7574,9483.6071,395.1503,0.01770420,0.01699603,395.1503,9483.6071,0.01699603,395.1503,395.1503,395.1503,0.0000,0.0000,9483.6071,0.01699603,1185.4509,1138.6651,8693.3065,8740.0923,0.01557970,0.01566354,0.00070817,22.4534,20.6030,0.4031,82.3230,2.6463,4649.9123,204.2083,25.9152,21.1137,12.8578,14.5296,26.176,48.8436,54.2173,102.8621,13.088,0.0,3.731508,7.079487,1.545355,30,207,63,6,0.32204186,0.01770420,-0.00338982,0E-8,0.000000,0.904812,0.002133,0.03111404,2026-03-21,2026-08-06,120,3733,1703,139,0.863309,1.227414,1.154177,1.073473,,,,,,,,GLOBAL_BASELINE_NO_ENTITY_RANKING,,,NOT_APPLICABLE_GLOBAL_BASELINE,HF9g-P5,,,,X 全窗基线 · 不参与实体赏罚,15053923,1506,A168_HF9F_20260827_0900,2026-08-27 09:00:00
2026-07-21,127529701,2223,0,39.5012005267,38.4426716236,38.4426716236,1.0000000,2,2,0.49994810000000000,0.499948100000,1.4143603653603398,1.4143603653603398,1.4143603653603398,0E-17,ELIGIBLE,R03b_20260811_FULL_v1,L1_ELIGIBILITY,v2026-08-11,2026-03-21..2026-08-06,baccarat_bet02_101_all_pairs_incl_sentinel,round_win = game_pnl > 0 (decisive only),COMPATIBILITY_ONLY_NOT_PRODUCTION,557989.4742,504875.3716,9878.7574,24851,24505,-0.01770420,0.00338982,-0.02772422,-0.01770420,-9878.7574,557989.4742,OK,0.0000,395.1503,4.0000,96.0000,AG03-UNRESOLVED,ALL5_LEVELS_bet23_to_bet27,395.1503,395.1503,395.1503,0.0000,0.0000,4.000000,4.000000,4.000000,0.000000,0.000000,96.000000,96.000000,96.000000,100.000000,100.000000,5.0,1185.4509,1138.6651,8693.3065,8740.0923,PENDING_AG03,FALSE,NOT_FOR_ENFORCEMENT,9483.6071,484680.3568,9878.7574,9483.6071,395.1503,0.01770420,0.01699603,395.1503,9483.6071,0.01699603,395.1503,395.1503,395.1503,0.0000,0.0000,9483.6071,0.01699603,1185.4509,1138.6651,8693.3065,8740.0923,0.01557970,0.01566354,0.00070817,22.4534,20.6030,0.4031,82.3230,2.6463,4649.9123,204.2083,25.9152,21.1137,12.8578,14.5296,26.176,48.8436,54.2173,102.8621,13.088,0.0,3.731508,7.079487,1.545355,30,207,63,6,0.32204186,0.01770420,-0.00338982,0E-8,0.000000,0.904812,0.002133,0.03111404,2026-03-21,2026-08-06,120,3733,1703,139,0.863309,1.227414,1.154177,1.073473,,,,,,,,GLOBAL_BASELINE_NO_ENTITY_RANKING,,,NOT_APPLICABLE_GLOBAL_BASELINE,HF9g-P5,,,,X 全窗基线 · 不参与实体赏罚,15053924,1506,A168_HF9F_20260827_0900,2026-08-27 09:00:00
2026-07-21,127529701,2235,0,66.8680453359,-15.0646735341,-15.0646735341,0.4000000,6,6,0.49994810000000000,0.499948100000,-0.4469814940518811,-0.4469814940518811,-0.4469814940518811,0E-17,ELIGIBLE,R03b_20260811_FULL_v1,L1_ELIGIBILITY,v2026-08-11,2026-03-21..2026-08-06,baccarat_bet02_101_all_pairs_incl_sentinel,round_win = game_pnl > 0 (decisive only),COMPATIBILITY_ONLY_NOT_PRODUCTION,557989.4742,504875.3716,9878.7574,24851,24505,-0.01770420,0.00338982,-0.02772422,-0.01770420,-9878.7574,557989.4742,OK,0.0000,395.1503,4.0000,96.0000,AG03-UNRESOLVED,ALL5_LEVELS_bet23_to_bet27,395.1503,395.1503,395.1503,0.0000,0.0000,4.000000,4.000000,4.000000,0.000000,0.000000,96.000000,96.000000,96.000000,100.000000,100.000000,5.0,1185.4509,1138.6651,8693.3065,8740.0923,PENDING_AG03,FALSE,NOT_FOR_ENFORCEMENT,9483.6071,484680.3568,9878.7574,9483.6071,395.1503,0.01770420,0.01699603,395.1503,9483.6071,0.01699603,395.1503,395.1503,395.1503,0.0000,0.0000,9483.6071,0.01699603,1185.4509,1138.6651,8693.3065,8740.0923,0.01557970,0.01566354,0.00070817,22.4534,20.6030,0.4031,82.3230,2.6463,4649.9123,204.2083,25.9152,21.1137,12.8578,14.5296,26.176,48.8436,54.2173,102.8621,13.088,0.0,3.731508,7.079487,1.545355,30,207,63,6,0.32204186,0.01770420,-0.00338982,0E-8,0.000000,0.904812,0.002133,0.03111404,2026-03-21,2026-08-06,120,3733,1703,139,0.863309,1.227414,1.154177,1.073473,,,,,,,,GLOBAL_BASELINE_NO_ENTITY_RANKING,,,NOT_APPLICABLE_GLOBAL_BASELINE,HF9g-P5,,,,X 全窗基线 · 不参与实体赏罚,15053925,1506,A168_HF9F_20260827_0900,2026-08-27 09:00:00
2026-07-21,127529701,2267,0,38.7266671830,17.1688224511,17.1688224511,1.0000000,2,2,0.50665070000000000,0.506650700000,0.9867858985152569,0.9867858985152569,0.9867858985152569,0E-17,ELIGIBLE,R03b_20260811_FULL_v1,L1_ELIGIBILITY,v2026-08-11,2026-03-21..2026-08-06,baccarat_bet02_101_all_pairs_incl_sentinel,round_win = game_pnl > 0 (decisive only),COMPATIBILITY_ONLY_NOT_PRODUCTION,557989.4742,504875.3716,9878.7574,24851,24505,-0.01770420,0.00338982,-0.02772422,-0.01770420,-9878.7574,557989.4742,OK,0.0000,395.1503,4.0000,96.0000,AG03-UNRESOLVED,ALL5_LEVELS_bet23_to_bet27,395.1503,395.1503,395.1503,0.0000,0.0000,4.000000,4.000000,4.000000,0.000000,0.000000,96.000000,96.000000,96.000000,100.000000,100.000000,5.0,1185.4509,1138.6651,8693.3065,8740.0923,PENDING_AG03,FALSE,NOT_FOR_ENFORCEMENT,9483.6071,484680.3568,9878.7574,9483.6071,395.1503,0.01770420,0.01699603,395.1503,9483.6071,0.01699603,395.1503,395.1503,395.1503,0.0000,0.0000,9483.6071,0.01699603,1185.4509,1138.6651,8693.3065,8740.0923,0.01557970,0.01566354,0.00070817,22.4534,20.6030,0.4031,82.3230,2.6463,4649.9123,204.2083,25.9152,21.1137,12.8578,14.5296,26.176,48.8436,54.2173,102.8621,13.088,0.0,3.731508,7.079487,1.545355,30,207,63,6,0.32204186,0.01770420,-0.00338982,0E-8,0.000000,0.904812,0.002133,0.03111404,2026-03-21,2026-08-06,120,3733,1703,139,0.863309,1.227414,1.154177,1.073473,,,,,,,,GLOBAL_BASELINE_NO_ENTITY_RANKING,,,NOT_APPLICABLE_GLOBAL_BASELINE,HF9g-P5,,,,X 全窗基线 · 不参与实体赏罚,15053926,1506,A168_HF9F_20260827_0900,2026-08-27 09:00:00
2026-07-21,127529701,526,0,25.8177781220,24.5268892159,24.5268892159,1.0000000,1,1,0.50665070000000000,0.506650700000,0.9867858985152569,0.9867858985152569,0.9867858985152569,0E-17,ELIGIBLE,R03b_20260811_FULL_v1,L1_ELIGIBILITY,v2026-08-11,2026-03-21..2026-08-06,baccarat_bet02_101_all_pairs_incl_sentinel,round_win = game_pnl > 0 (decisive only),COMPATIBILITY_ONLY_NOT_PRODUCTION,557989.4742,504875.3716,9878.7574,24851,24505,-0.01770420,0.00338982,-0.02772422,-0.01770420,-9878.7574,557989.4742,OK,0.0000,395.1503,4.0000,96.0000,AG03-UNRESOLVED,ALL5_LEVELS_bet23_to_bet27,395.1503,395.1503,395.1503,0.0000,0.0000,4.000000,4.000000,4.000000,0.000000,0.000000,96.000000,96.000000,96.000000,100.000000,100.000000,5.0,1185.4509,1138.6651,8693.3065,8740.0923,PENDING_AG03,FALSE,NOT_FOR_ENFORCEMENT,9483.6071,484680.3568,9878.7574,9483.6071,395.1503,0.01770420,0.01699603,395.1503,9483.6071,0.01699603,395.1503,395.1503,395.1503,0.0000,0.0000,9483.6071,0.01699603,1185.4509,1138.6651,8693.3065,8740.0923,0.01557970,0.01566354,0.00070817,22.4534,20.6030,0.4031,82.3230,2.6463,4649.9123,204.2083,25.9152,21.1137,12.8578,14.5296,26.176,48.8436,54.2173,102.8621,13.088,0.0,3.731508,7.079487,1.545355,30,207,63,6,0.32204186,0.01770420,-0.00338982,0E-8,0.000000,0.904812,0.002133,0.03111404,2026-03-21,2026-08-06,120,3733,1703,139,0.863309,1.227414,1.154177,1.073473,,,,,,,,GLOBAL_BASELINE_NO_ENTITY_RANKING,,,NOT_APPLICABLE_GLOBAL_BASELINE,HF9g-P5,,,,X 全窗基线 · 不参与实体赏罚,15053927,1506,A168_HF9F_20260827_0900,2026-08-27 09:00:00
2026-07-21,127529701,948,0,25.8177781220,-0.6454444530,-0.6454444530,0.5000000,2,2,0.49994810000000000,0.499948100000,0.00014679536856514622,0.00014679536856514622,0.00014679536856514622,0E-17,ELIGIBLE,R03b_20260811_FULL_v1,L1_ELIGIBILITY,v2026-08-11,2026-03-21..2026-08-06,baccarat_bet02_101_all_pairs_incl_sentinel,round_win = game_pnl > 0 (decisive only),COMPATIBILITY_ONLY_NOT_PRODUCTION,557989.4742,504875.3716,9878.7574,24851,24505,-0.01770420,0.00338982,-0.02772422,-0.01770420,-9878.7574,557989.4742,OK,0.0000,395.1503,4.0000,96.0000,AG03-UNRESOLVED,ALL5_LEVELS_bet23_to_bet27,395.1503,395.1503,395.1503,0.0000,0.0000,4.000000,4.000000,4.000000,0.000000,0.000000,96.000000,96.000000,96.000000,100.000000,100.000000,5.0,1185.4509,1138.6651,8693.3065,8740.0923,PENDING_AG03,FALSE,NOT_FOR_ENFORCEMENT,9483.6071,484680.3568,9878.7574,9483.6071,395.1503,0.01770420,0.01699603,395.1503,9483.6071,0.01699603,395.1503,395.1503,395.1503,0.0000,0.0000,9483.6071,0.01699603,1185.4509,1138.6651,8693.3065,8740.0923,0.01557970,0.01566354,0.00070817,22.4534,20.6030,0.4031,82.3230,2.6463,4649.9123,204.2083,25.9152,21.1137,12.8578,14.5296,26.176,48.8436,54.2173,102.8621,13.088,0.0,3.731508,7.079487,1.545355,30,207,63,6,0.32204186,0.01770420,-0.00338982,0E-8,0.000000,0.904812,0.002133,0.03111404,2026-03-21,2026-08-06,120,3733,1703,139,0.863309,1.227414,1.154177,1.073473,,,,,,,,GLOBAL_BASELINE_NO_ENTITY_RANKING,,,NOT_APPLICABLE_GLOBAL_BASELINE,HF9g-P5,,,,X 全窗基线 · 不参与实体赏罚,15053928,1506,A168_HF9F_20260827_0900,2026-08-27 09:00:00
2026-07-22,127529701,-1,1,1268.1692613525,-205.7289649650,-205.7289649650,0.4705882,58,56,0.49139562976190476,0.491395629762,-0.29723305142040013,-0.29723305142175965,-0.29723305142040013,-9.524E-14,SENTINEL_DEALER,R03b_20260811_FULL_v1,L1_ELIGIBILITY,v2026-08-11,2026-03-21..2026-08-06,baccarat_bet02_101_all_pairs_incl_sentinel,round_win = game_pnl > 0 (decisive only),COMPATIBILITY_ONLY_NOT_PRODUCTION,557989.4742,504875.3716,9878.7574,24851,24505,-0.01770420,0.00338982,-0.02772422,-0.01770420,-9878.7574,557989.4742,OK,0.0000,395.1503,4.0000,96.0000,AG03-UNRESOLVED,ALL5_LEVELS_bet23_to_bet27,395.1503,395.1503,395.1503,0.0000,0.0000,4.000000,4.000000,4.000000,0.000000,0.000000,96.000000,96.000000,96.000000,100.000000,100.000000,5.0,1185.4509,1138.6651,8693.3065,8740.0923,PENDING_AG03,FALSE,NOT_FOR_ENFORCEMENT,9483.6071,484680.3568,9878.7574,9483.6071,395.1503,0.01770420,0.01699603,395.1503,9483.6071,0.01699603,395.1503,395.1503,395.1503,0.0000,0.0000,9483.6071,0.01699603,1185.4509,1138.6651,8693.3065,8740.0923,0.01557970,0.01566354,0.00070817,22.4534,20.6030,0.4031,82.3230,2.6463,4649.9123,204.2083,25.9152,21.1137,12.8578,14.5296,26.176,48.8436,54.2173,102.8621,13.088,0.0,3.731508,7.079487,1.545355,30,207,63,6,0.32204186,0.01770420,-0.00338982,0E-8,0.000000,0.904812,0.002133,0.03111404,2026-03-21,2026-08-06,120,3733,1703,139,0.863309,1.227414,1.154177,1.073473,,,,,,,,GLOBAL_BASELINE_NO_ENTITY_RANKING,,,NOT_APPLICABLE_GLOBAL_BASELINE,HF9g-P5,,,,X 全窗基线 · 不参与实体赏罚,15053929,1506,A168_HF9F_20260827_0900,2026-08-27 09:00:00
2026-07-22,127529701,1094,0,77.4533343660,-77.4533343660,-77.4533343660,0E-7,2,2,0.50665070000000000,0.506650700000,-1.4331513700195317,-1.4331513700195317,-1.4331513700195317,0E-17,ELIGIBLE,R03b_20260811_FULL_v1,L1_ELIGIBILITY,v2026-08-11,2026-03-21..2026-08-06,baccarat_bet02_101_all_pairs_incl_sentinel,round_win = game_pnl > 0 (decisive only),COMPATIBILITY_ONLY_NOT_PRODUCTION,557989.4742,504875.3716,9878.7574,24851,24505,-0.01770420,0.00338982,-0.02772422,-0.01770420,-9878.7574,557989.4742,OK,0.0000,395.1503,4.0000,96.0000,AG03-UNRESOLVED,ALL5_LEVELS_bet23_to_bet27,395.1503,395.1503,395.1503,0.0000,0.0000,4.000000,4.000000,4.000000,0.000000,0.000000,96.000000,96.000000,96.000000,100.000000,100.000000,5.0,1185.4509,1138.6651,8693.3065,8740.0923,PENDING_AG03,FALSE,NOT_FOR_ENFORCEMENT,9483.6071,484680.3568,9878.7574,9483.6071,395.1503,0.01770420,0.01699603,395.1503,9483.6071,0.01699603,395.1503,395.1503,395.1503,0.0000,0.0000,9483.6071,0.01699603,1185.4509,1138.6651,8693.3065,8740.0923,0.01557970,0.01566354,0.00070817,22.4534,20.6030,0.4031,82.3230,2.6463,4649.9123,204.2083,25.9152,21.1137,12.8578,14.5296,26.176,48.8436,54.2173,102.8621,13.088,0.0,3.731508,7.079487,1.545355,30,207,63,6,0.32204186,0.01770420,-0.00338982,0E-8,0.000000,0.904812,0.002133,0.03111404,2026-03-21,2026-08-06,120,3733,1703,139,0.863309,1.227414,1.154177,1.073473,,,,,,,,GLOBAL_BASELINE_NO_ENTITY_RANKING,,,NOT_APPLICABLE_GLOBAL_BASELINE,HF9g-P5,,,,X 全窗基线 · 不参与实体赏罚,15053930,1506,A168_HF9F_20260827_0900,2026-08-27 09:00:00
2026-07-22,127529701,1221,0,25.8177781220,-25.8177781220,-25.8177781220,0E-7,1,1,0.50665070000000000,0.506650700000,-1.013391052207602,-1.013391052207602,-1.013391052207602,0E-17,ELIGIBLE,R03b_20260811_FULL_v1,L1_ELIGIBILITY,v2026-08-11,2026-03-21..2026-08-06,baccarat_bet02_101_all_pairs_incl_sentinel,round_win = game_pnl > 0 (decisive only),COMPATIBILITY_ONLY_NOT_PRODUCTION,557989.4742,504875.3716,9878.7574,24851,24505,-0.01770420,0.00338982,-0.02772422,-0.01770420,-9878.7574,557989.4742,OK,0.0000,395.1503,4.0000,96.0000,AG03-UNRESOLVED,ALL5_LEVELS_bet23_to_bet27,395.1503,395.1503,395.1503,0.0000,0.0000,4.000000,4.000000,4.000000,0.000000,0.000000,96.000000,96.000000,96.000000,100.000000,100.000000,5.0,1185.4509,1138.6651,8693.3065,8740.0923,PENDING_AG03,FALSE,NOT_FOR_ENFORCEMENT,9483.6071,484680.3568,9878.7574,9483.6071,395.1503,0.01770420,0.01699603,395.1503,9483.6071,0.01699603,395.1503,395.1503,395.1503,0.0000,0.0000,9483.6071,0.01699603,1185.4509,1138.6651,8693.3065,8740.0923,0.01557970,0.01566354,0.00070817,22.4534,20.6030,0.4031,82.3230,2.6463,4649.9123,204.2083,25.9152,21.1137,12.8578,14.5296,26.176,48.8436,54.2173,102.8621,13.088,0.0,3.731508,7.079487,1.545355,30,207,63,6,0.32204186,0.01770420,-0.00338982,0E-8,0.000000,0.904812,0.002133,0.03111404,2026-03-21,2026-08-06,120,3733,1703,139,0.863309,1.227414,1.154177,1.073473,,,,,,,,GLOBAL_BASELINE_NO_ENTITY_RANKING,,,NOT_APPLICABLE_GLOBAL_BASELINE,HF9g-P5,,,,X 全窗基线 · 不参与实体赏罚,15053931,1506,A168_HF9F_20260827_0900,2026-08-27 09:00:00
2026-07-22,127529701,1306,0,630.2119639581,87.1091833838,87.1091833838,0.6521739,28,27,0.49567275657895504,0.493062316667,1.5011625789131868,1.526291751596599,1.5011625789131868,0.00261043991195504,ELIGIBLE,R03b_20260811_FULL_v1,L1_ELIGIBILITY,v2026-08-11,2026-03-21..2026-08-06,baccarat_bet02_101_all_pairs_incl_sentinel,round_win = game_pnl > 0 (decisive only),COMPATIBILITY_ONLY_NOT_PRODUCTION,557989.4742,504875.3716,9878.7574,24851,24505,-0.01770420,0.00338982,-0.02772422,-0.01770420,-9878.7574,557989.4742,OK,0.0000,395.1503,4.0000,96.0000,AG03-UNRESOLVED,ALL5_LEVELS_bet23_to_bet27,395.1503,395.1503,395.1503,0.0000,0.0000,4.000000,4.000000,4.000000,0.000000,0.000000,96.000000,96.000000,96.000000,100.000000,100.000000,5.0,1185.4509,1138.6651,8693.3065,8740.0923,PENDING_AG03,FALSE,NOT_FOR_ENFORCEMENT,9483.6071,484680.3568,9878.7574,9483.6071,395.1503,0.01770420,0.01699603,395.1503,9483.6071,0.01699603,395.1503,395.1503,395.1503,0.0000,0.0000,9483.6071,0.01699603,1185.4509,1138.6651,8693.3065,8740.0923,0.01557970,0.01566354,0.00070817,22.4534,20.6030,0.4031,82.3230,2.6463,4649.9123,204.2083,25.9152,21.1137,12.8578,14.5296,26.176,48.8436,54.2173,102.8621,13.088,0.0,3.731508,7.079487,1.545355,30,207,63,6,0.32204186,0.01770420,-0.00338982,0E-8,0.000000,0.904812,0.002133,0.03111404,2026-03-21,2026-08-06,120,3733,1703,139,0.863309,1.227414,1.154177,1.073473,,,,,,,,GLOBAL_BASELINE_NO_ENTITY_RANKING,,,NOT_APPLICABLE_GLOBAL_BASELINE,HF9g-P5,,,,X 全窗基线 · 不参与实体赏罚,15053932,1506,A168_HF9F_20260827_0900,2026-08-27 09:00:00
2026-07-22,127529701,1330,0,461.1055172590,-219.8125629307,-219.8125629307,0.3000000,20,20,0.50128862000000000,0.501288620000,-1.8003861289102059,-1.8003861289102059,-1.8003861289102059,0E-17,ELIGIBLE,R03b_20260811_FULL_v1,L1_ELIGIBILITY,v2026-08-11,2026-03-21..2026-08-06,baccarat_bet02_101_all_pairs_incl_sentinel,round_win = game_pnl > 0 (decisive only),COMPATIBILITY_ONLY_NOT_PRODUCTION,557989.4742,504875.3716,9878.7574,24851,24505,-0.01770420,0.00338982,-0.02772422,-0.01770420,-9878.7574,557989.4742,OK,0.0000,395.1503,4.0000,96.0000,AG03-UNRESOLVED,ALL5_LEVELS_bet23_to_bet27,395.1503,395.1503,395.1503,0.0000,0.0000,4.000000,4.000000,4.000000,0.000000,0.000000,96.000000,96.000000,96.000000,100.000000,100.000000,5.0,1185.4509,1138.6651,8693.3065,8740.0923,PENDING_AG03,FALSE,NOT_FOR_ENFORCEMENT,9483.6071,484680.3568,9878.7574,9483.6071,395.1503,0.01770420,0.01699603,395.1503,9483.6071,0.01699603,395.1503,395.1503,395.1503,0.0000,0.0000,9483.6071,0.01699603,1185.4509,1138.6651,8693.3065,8740.0923,0.01557970,0.01566354,0.00070817,22.4534,20.6030,0.4031,82.3230,2.6463,4649.9123,204.2083,25.9152,21.1137,12.8578,14.5296,26.176,48.8436,54.2173,102.8621,13.088,0.0,3.731508,7.079487,1.545355,30,207,63,6,0.32204186,0.01770420,-0.00338982,0E-8,0.000000,0.904812,0.002133,0.03111404,2026-03-21,2026-08-06,120,3733,1703,139,0.863309,1.227414,1.154177,1.073473,,,,,,,,GLOBAL_BASELINE_NO_ENTITY_RANKING,,,NOT_APPLICABLE_GLOBAL_BASELINE,HF9g-P5,,,,X 全窗基线 · 不参与实体赏罚,15053933,1506,A168_HF9F_20260827_0900,2026-08-27 09:00:00
2026-07-22,127529701,1331,0,528.2317403762,77.5307877003,77.5307877003,0.5263158,19,19,0.50171194210526316,0.501711942105,0.21449262585289025,0.21449262585518405,0.21449262585289025,2.6316E-13,ELIGIBLE,R03b_20260811_FULL_v1,L1_ELIGIBILITY,v2026-08-11,2026-03-21..2026-08-06,baccarat_bet02_101_all_pairs_incl_sentinel,round_win = game_pnl > 0 (decisive only),COMPATIBILITY_ONLY_NOT_PRODUCTION,557989.4742,504875.3716,9878.7574,24851,24505,-0.01770420,0.00338982,-0.02772422,-0.01770420,-9878.7574,557989.4742,OK,0.0000,395.1503,4.0000,96.0000,AG03-UNRESOLVED,ALL5_LEVELS_bet23_to_bet27,395.1503,395.1503,395.1503,0.0000,0.0000,4.000000,4.000000,4.000000,0.000000,0.000000,96.000000,96.000000,96.000000,100.000000,100.000000,5.0,1185.4509,1138.6651,8693.3065,8740.0923,PENDING_AG03,FALSE,NOT_FOR_ENFORCEMENT,9483.6071,484680.3568,9878.7574,9483.6071,395.1503,0.01770420,0.01699603,395.1503,9483.6071,0.01699603,395.1503,395.1503,395.1503,0.0000,0.0000,9483.6071,0.01699603,1185.4509,1138.6651,8693.3065,8740.0923,0.01557970,0.01566354,0.00070817,22.4534,20.6030,0.4031,82.3230,2.6463,4649.9123,204.2083,25.9152,21.1137,12.8578,14.5296,26.176,48.8436,54.2173,102.8621,13.088,0.0,3.731508,7.079487,1.545355,30,207,63,6,0.32204186,0.01770420,-0.00338982,0E-8,0.000000,0.904812,0.002133,0.03111404,2026-03-21,2026-08-06,120,3733,1703,139,0.863309,1.227414,1.154177,1.073473,,,,,,,,GLOBAL_BASELINE_NO_ENTITY_RANKING,,,NOT_APPLICABLE_GLOBAL_BASELINE,HF9g-P5,,,,X 全窗基线 · 不参与实体赏罚,15053934,1506,A168_HF9F_20260827_0900,2026-08-27 09:00:00
2026-07-22,127529701,1353,0,165.2337799808,-62.6081119458,-62.6081119458,0.2857143,7,7,0.50282064285714286,0.502820642857,-1.1488371386043665,-1.1488371386036085,-1.1488371386043665,1.4286E-13,ELIGIBLE,R03b_20260811_FULL_v1,L1_ELIGIBILITY,v2026-08-11,2026-03-21..2026-08-06,baccarat_bet02_101_all_pairs_incl_sentinel,round_win = game_pnl > 0 (decisive only),COMPATIBILITY_ONLY_NOT_PRODUCTION,557989.4742,504875.3716,9878.7574,24851,24505,-0.01770420,0.00338982,-0.02772422,-0.01770420,-9878.7574,557989.4742,OK,0.0000,395.1503,4.0000,96.0000,AG03-UNRESOLVED,ALL5_LEVELS_bet23_to_bet27,395.1503,395.1503,395.1503,0.0000,0.0000,4.000000,4.000000,4.000000,0.000000,0.000000,96.000000,96.000000,96.000000,100.000000,100.000000,5.0,1185.4509,1138.6651,8693.3065,8740.0923,PENDING_AG03,FALSE,NOT_FOR_ENFORCEMENT,9483.6071,484680.3568,9878.7574,9483.6071,395.1503,0.01770420,0.01699603,395.1503,9483.6071,0.01699603,395.1503,395.1503,395.1503,0.0000,0.0000,9483.6071,0.01699603,1185.4509,1138.6651,8693.3065,8740.0923,0.01557970,0.01566354,0.00070817,22.4534,20.6030,0.4031,82.3230,2.6463,4649.9123,204.2083,25.9152,21.1137,12.8578,14.5296,26.176,48.8436,54.2173,102.8621,13.088,0.0,3.731508,7.079487,1.545355,30,207,63,6,0.32204186,0.01770420,-0.00338982,0E-8,0.000000,0.904812,0.002133,0.03111404,2026-03-21,2026-08-06,120,3733,1703,139,0.863309,1.227414,1.154177,1.073473,,,,,,,,GLOBAL_BASELINE_NO_ENTITY_RANKING,,,NOT_APPLICABLE_GLOBAL_BASELINE,HF9g-P5,,,,X 全窗基线 · 不参与实体赏罚,15053935,1506,A168_HF9F_20260827_0900,2026-08-27 09:00:00
2026-07-22,127529701,1374,0,221.2583585056,-77.3242454753,-77.3242454753,0.3333333,6,6,0.49994810000000000,0.499948100000,-0.8162423282897021,-0.8162423282897021,-0.8162423282897021,0E-17,ELIGIBLE,R03b_20260811_FULL_v1,L1_ELIGIBILITY,v2026-08-11,2026-03-21..2026-08-06,baccarat_bet02_101_all_pairs_incl_sentinel,round_win = game_pnl > 0 (decisive only),COMPATIBILITY_ONLY_NOT_PRODUCTION,557989.4742,504875.3716,9878.7574,24851,24505,-0.01770420,0.00338982,-0.02772422,-0.01770420,-9878.7574,557989.4742,OK,0.0000,395.1503,4.0000,96.0000,AG03-UNRESOLVED,ALL5_LEVELS_bet23_to_bet27,395.1503,395.1503,395.1503,0.0000,0.0000,4.000000,4.000000,4.000000,0.000000,0.000000,96.000000,96.000000,96.000000,100.000000,100.000000,5.0,1185.4509,1138.6651,8693.3065,8740.0923,PENDING_AG03,FALSE,NOT_FOR_ENFORCEMENT,9483.6071,484680.3568,9878.7574,9483.6071,395.1503,0.01770420,0.01699603,395.1503,9483.6071,0.01699603,395.1503,395.1503,395.1503,0.0000,0.0000,9483.6071,0.01699603,1185.4509,1138.6651,8693.3065,8740.0923,0.01557970,0.01566354,0.00070817,22.4534,20.6030,0.4031,82.3230,2.6463,4649.9123,204.2083,25.9152,21.1137,12.8578,14.5296,26.176,48.8436,54.2173,102.8621,13.088,0.0,3.731508,7.079487,1.545355,30,207,63,6,0.32204186,0.01770420,-0.00338982,0E-8,0.000000,0.904812,0.002133,0.03111404,2026-03-21,2026-08-06,120,3733,1703,139,0.863309,1.227414,1.154177,1.073473,,,,,,,,GLOBAL_BASELINE_NO_ENTITY_RANKING,,,NOT_APPLICABLE_GLOBAL_BASELINE,HF9g-P5,,,,X 全窗基线 · 不参与实体赏罚,15053936,1506,A168_HF9F_20260827_0900,2026-08-27 09:00:00
2026-07-22,127529701,1382,0,25.8177781220,0E-10,0E-10,0.5000000,2,2,0.49994810000000000,0.499948100000,0.00014679536856514622,0.00014679536856514622,0.00014679536856514622,0E-17,ELIGIBLE,R03b_20260811_FULL_v1,L1_ELIGIBILITY,v2026-08-11,2026-03-21..2026-08-06,baccarat_bet02_101_all_pairs_incl_sentinel,round_win = game_pnl > 0 (decisive only),COMPATIBILITY_ONLY_NOT_PRODUCTION,557989.4742,504875.3716,9878.7574,24851,24505,-0.01770420,0.00338982,-0.02772422,-0.01770420,-9878.7574,557989.4742,OK,0.0000,395.1503,4.0000,96.0000,AG03-UNRESOLVED,ALL5_LEVELS_bet23_to_bet27,395.1503,395.1503,395.1503,0.0000,0.0000,4.000000,4.000000,4.000000,0.000000,0.000000,96.000000,96.000000,96.000000,100.000000,100.000000,5.0,1185.4509,1138.6651,8693.3065,8740.0923,PENDING_AG03,FALSE,NOT_FOR_ENFORCEMENT,9483.6071,484680.3568,9878.7574,9483.6071,395.1503,0.01770420,0.01699603,395.1503,9483.6071,0.01699603,395.1503,395.1503,395.1503,0.0000,0.0000,9483.6071,0.01699603,1185.4509,1138.6651,8693.3065,8740.0923,0.01557970,0.01566354,0.00070817,22.4534,20.6030,0.4031,82.3230,2.6463,4649.9123,204.2083,25.9152,21.1137,12.8578,14.5296,26.176,48.8436,54.2173,102.8621,13.088,0.0,3.731508,7.079487,1.545355,30,207,63,6,0.32204186,0.01770420,-0.00338982,0E-8,0.000000,0.904812,0.002133,0.03111404,2026-03-21,2026-08-06,120,3733,1703,139,0.863309,1.227414,1.154177,1.073473,,,,,,,,GLOBAL_BASELINE_NO_ENTITY_RANKING,,,NOT_APPLICABLE_GLOBAL_BASELINE,HF9g-P5,,,,X 全窗基线 · 不参与实体赏罚,15053937,1506,A168_HF9F_20260827_0900,2026-08-27 09:00:00
2026-07-22,127529701,1398,0,12.9088890610,-12.9088890610,-12.9088890610,0E-7,1,1,0.49324550000000000,0.493245500000,-0.9865810262130424,-0.9865810262130424,-0.9865810262130424,0E-17,ELIGIBLE,R03b_20260811_FULL_v1,L1_ELIGIBILITY,v2026-08-11,2026-03-21..2026-08-06,baccarat_bet02_101_all_pairs_incl_sentinel,round_win = game_pnl > 0 (decisive only),COMPATIBILITY_ONLY_NOT_PRODUCTION,557989.4742,504875.3716,9878.7574,24851,24505,-0.01770420,0.00338982,-0.02772422,-0.01770420,-9878.7574,557989.4742,OK,0.0000,395.1503,4.0000,96.0000,AG03-UNRESOLVED,ALL5_LEVELS_bet23_to_bet27,395.1503,395.1503,395.1503,0.0000,0.0000,4.000000,4.000000,4.000000,0.000000,0.000000,96.000000,96.000000,96.000000,100.000000,100.000000,5.0,1185.4509,1138.6651,8693.3065,8740.0923,PENDING_AG03,FALSE,NOT_FOR_ENFORCEMENT,9483.6071,484680.3568,9878.7574,9483.6071,395.1503,0.01770420,0.01699603,395.1503,9483.6071,0.01699603,395.1503,395.1503,395.1503,0.0000,0.0000,9483.6071,0.01699603,1185.4509,1138.6651,8693.3065,8740.0923,0.01557970,0.01566354,0.00070817,22.4534,20.6030,0.4031,82.3230,2.6463,4649.9123,204.2083,25.9152,21.1137,12.8578,14.5296,26.176,48.8436,54.2173,102.8621,13.088,0.0,3.731508,7.079487,1.545355,30,207,63,6,0.32204186,0.01770420,-0.00338982,0E-8,0.000000,0.904812,0.002133,0.03111404,2026-03-21,2026-08-06,120,3733,1703,139,0.863309,1.227414,1.154177,1.073473,,,,,,,,GLOBAL_BASELINE_NO_ENTITY_RANKING,,,NOT_APPLICABLE_GLOBAL_BASELINE,HF9g-P5,,,,X 全窗基线 · 不参与实体赏罚,15053938,1506,A168_HF9F_20260827_0900,2026-08-27 09:00:00
2026-07-22,127529701,1405,0,12.9088890610,12.2634446080,12.2634446080,1.0000000,1,1,0.50665070000000000,0.506650700000,0.9867858985152569,0.9867858985152569,0.9867858985152569,0E-17,ELIGIBLE,R03b_20260811_FULL_v1,L1_ELIGIBILITY,v2026-08-11,2026-03-21..2026-08-06,baccarat_bet02_101_all_pairs_incl_sentinel,round_win = game_pnl > 0 (decisive only),COMPATIBILITY_ONLY_NOT_PRODUCTION,557989.4742,504875.3716,9878.7574,24851,24505,-0.01770420,0.00338982,-0.02772422,-0.01770420,-9878.7574,557989.4742,OK,0.0000,395.1503,4.0000,96.0000,AG03-UNRESOLVED,ALL5_LEVELS_bet23_to_bet27,395.1503,395.1503,395.1503,0.0000,0.0000,4.000000,4.000000,4.000000,0.000000,0.000000,96.000000,96.000000,96.000000,100.000000,100.000000,5.0,1185.4509,1138.6651,8693.3065,8740.0923,PENDING_AG03,FALSE,NOT_FOR_ENFORCEMENT,9483.6071,484680.3568,9878.7574,9483.6071,395.1503,0.01770420,0.01699603,395.1503,9483.6071,0.01699603,395.1503,395.1503,395.1503,0.0000,0.0000,9483.6071,0.01699603,1185.4509,1138.6651,8693.3065,8740.0923,0.01557970,0.01566354,0.00070817,22.4534,20.6030,0.4031,82.3230,2.6463,4649.9123,204.2083,25.9152,21.1137,12.8578,14.5296,26.176,48.8436,54.2173,102.8621,13.088,0.0,3.731508,7.079487,1.545355,30,207,63,6,0.32204186,0.01770420,-0.00338982,0E-8,0.000000,0.904812,0.002133,0.03111404,2026-03-21,2026-08-06,120,3733,1703,139,0.863309,1.227414,1.154177,1.073473,,,,,,,,GLOBAL_BASELINE_NO_ENTITY_RANKING,,,NOT_APPLICABLE_GLOBAL_BASELINE,HF9g-P5,,,,X 全窗基线 · 不参与实体赏罚,15053939,1506,A168_HF9F_20260827_0900,2026-08-27 09:00:00
2026-07-22,127529701,1490,0,12.9088890610,-12.9088890610,-12.9088890610,0E-7,1,1,0.50665070000000000,0.506650700000,-1.013391052207602,-1.013391052207602,-1.013391052207602,0E-17,ELIGIBLE,R03b_20260811_FULL_v1,L1_ELIGIBILITY,v2026-08-11,2026-03-21..2026-08-06,baccarat_bet02_101_all_pairs_incl_sentinel,round_win = game_pnl > 0 (decisive only),COMPATIBILITY_ONLY_NOT_PRODUCTION,557989.4742,504875.3716,9878.7574,24851,24505,-0.01770420,0.00338982,-0.02772422,-0.01770420,-9878.7574,557989.4742,OK,0.0000,395.1503,4.0000,96.0000,AG03-UNRESOLVED,ALL5_LEVELS_bet23_to_bet27,395.1503,395.1503,395.1503,0.0000,0.0000,4.000000,4.000000,4.000000,0.000000,0.000000,96.000000,96.000000,96.000000,100.000000,100.000000,5.0,1185.4509,1138.6651,8693.3065,8740.0923,PENDING_AG03,FALSE,NOT_FOR_ENFORCEMENT,9483.6071,484680.3568,9878.7574,9483.6071,395.1503,0.01770420,0.01699603,395.1503,9483.6071,0.01699603,395.1503,395.1503,395.1503,0.0000,0.0000,9483.6071,0.01699603,1185.4509,1138.6651,8693.3065,8740.0923,0.01557970,0.01566354,0.00070817,22.4534,20.6030,0.4031,82.3230,2.6463,4649.9123,204.2083,25.9152,21.1137,12.8578,14.5296,26.176,48.8436,54.2173,102.8621,13.088,0.0,3.731508,7.079487,1.545355,30,207,63,6,0.32204186,0.01770420,-0.00338982,0E-8,0.000000,0.904812,0.002133,0.03111404,2026-03-21,2026-08-06,120,3733,1703,139,0.863309,1.227414,1.154177,1.073473,,,,,,,,GLOBAL_BASELINE_NO_ENTITY_RANKING,,,NOT_APPLICABLE_GLOBAL_BASELINE,HF9g-P5,,,,X 全窗基线 · 不参与实体赏罚,15053940,1506,A168_HF9F_20260827_0900,2026-08-27 09:00:00
2026-07-22,127529701,1704,0,38.7266671830,-38.7266671830,-38.7266671830,0E-7,1,1,0.49324550000000000,0.493245500000,-0.9865810262130424,-0.9865810262130424,-0.9865810262130424,0E-17,ELIGIBLE,R03b_20260811_FULL_v1,L1_ELIGIBILITY,v2026-08-11,2026-03-21..2026-08-06,baccarat_bet02_101_all_pairs_incl_sentinel,round_win = game_pnl > 0 (decisive only),COMPATIBILITY_ONLY_NOT_PRODUCTION,557989.4742,504875.3716,9878.7574,24851,24505,-0.01770420,0.00338982,-0.02772422,-0.01770420,-9878.7574,557989.4742,OK,0.0000,395.1503,4.0000,96.0000,AG03-UNRESOLVED,ALL5_LEVELS_bet23_to_bet27,395.1503,395.1503,395.1503,0.0000,0.0000,4.000000,4.000000,4.000000,0.000000,0.000000,96.000000,96.000000,96.000000,100.000000,100.000000,5.0,1185.4509,1138.6651,8693.3065,8740.0923,PENDING_AG03,FALSE,NOT_FOR_ENFORCEMENT,9483.6071,484680.3568,9878.7574,9483.6071,395.1503,0.01770420,0.01699603,395.1503,9483.6071,0.01699603,395.1503,395.1503,395.1503,0.0000,0.0000,9483.6071,0.01699603,1185.4509,1138.6651,8693.3065,8740.0923,0.01557970,0.01566354,0.00070817,22.4534,20.6030,0.4031,82.3230,2.6463,4649.9123,204.2083,25.9152,21.1137,12.8578,14.5296,26.176,48.8436,54.2173,102.8621,13.088,0.0,3.731508,7.079487,1.545355,30,207,63,6,0.32204186,0.01770420,-0.00338982,0E-8,0.000000,0.904812,0.002133,0.03111404,2026-03-21,2026-08-06,120,3733,1703,139,0.863309,1.227414,1.154177,1.073473,,,,,,,,GLOBAL_BASELINE_NO_ENTITY_RANKING,,,NOT_APPLICABLE_GLOBAL_BASELINE,HF9g-P5,,,,X 全窗基线 · 不参与实体赏罚,15053941,1506,A168_HF9F_20260827_0900,2026-08-27 09:00:00
2026-07-22,127529701,1710,0,116.1800015490,36.1448893708,36.1448893708,0.5000000,6,6,0.49994810000000000,0.499948100000,0.00025425703667063243,0.00025425703667063243,0.00025425703667063243,0E-17,ELIGIBLE,R03b_20260811_FULL_v1,L1_ELIGIBILITY,v2026-08-11,2026-03-21..2026-08-06,baccarat_bet02_101_all_pairs_incl_sentinel,round_win = game_pnl > 0 (decisive only),COMPATIBILITY_ONLY_NOT_PRODUCTION,557989.4742,504875.3716,9878.7574,24851,24505,-0.01770420,0.00338982,-0.02772422,-0.01770420,-9878.7574,557989.4742,OK,0.0000,395.1503,4.0000,96.0000,AG03-UNRESOLVED,ALL5_LEVELS_bet23_to_bet27,395.1503,395.1503,395.1503,0.0000,0.0000,4.000000,4.000000,4.000000,0.000000,0.000000,96.000000,96.000000,96.000000,100.000000,100.000000,5.0,1185.4509,1138.6651,8693.3065,8740.0923,PENDING_AG03,FALSE,NOT_FOR_ENFORCEMENT,9483.6071,484680.3568,9878.7574,9483.6071,395.1503,0.01770420,0.01699603,395.1503,9483.6071,0.01699603,395.1503,395.1503,395.1503,0.0000,0.0000,9483.6071,0.01699603,1185.4509,1138.6651,8693.3065,8740.0923,0.01557970,0.01566354,0.00070817,22.4534,20.6030,0.4031,82.3230,2.6463,4649.9123,204.2083,25.9152,21.1137,12.8578,14.5296,26.176,48.8436,54.2173,102.8621,13.088,0.0,3.731508,7.079487,1.545355,30,207,63,6,0.32204186,0.01770420,-0.00338982,0E-8,0.000000,0.904812,0.002133,0.03111404,2026-03-21,2026-08-06,120,3733,1703,139,0.863309,1.227414,1.154177,1.073473,,,,,,,,GLOBAL_BASELINE_NO_ENTITY_RANKING,,,NOT_APPLICABLE_GLOBAL_BASELINE,HF9g-P5,,,,X 全窗基线 · 不参与实体赏罚,15053942,1506,A168_HF9F_20260827_0900,2026-08-27 09:00:00
2026-07-22,127529701,1750,0,144.5795574832,13.4252446235,13.4252446235,0.7142857,7,7,0.50090561428571429,0.500905614286,1.129103210700875,1.1291032106993646,1.129103210700875,-2.8571E-13,ELIGIBLE,R03b_20260811_FULL_v1,L1_ELIGIBILITY,v2026-08-11,2026-03-21..2026-08-06,baccarat_bet02_101_all_pairs_incl_sentinel,round_win = game_pnl > 0 (decisive only),COMPATIBILITY_ONLY_NOT_PRODUCTION,557989.4742,504875.3716,9878.7574,24851,24505,-0.01770420,0.00338982,-0.02772422,-0.01770420,-9878.7574,557989.4742,OK,0.0000,395.1503,4.0000,96.0000,AG03-UNRESOLVED,ALL5_LEVELS_bet23_to_bet27,395.1503,395.1503,395.1503,0.0000,0.0000,4.000000,4.000000,4.000000,0.000000,0.000000,96.000000,96.000000,96.000000,100.000000,100.000000,5.0,1185.4509,1138.6651,8693.3065,8740.0923,PENDING_AG03,FALSE,NOT_FOR_ENFORCEMENT,9483.6071,484680.3568,9878.7574,9483.6071,395.1503,0.01770420,0.01699603,395.1503,9483.6071,0.01699603,395.1503,395.1503,395.1503,0.0000,0.0000,9483.6071,0.01699603,1185.4509,1138.6651,8693.3065,8740.0923,0.01557970,0.01566354,0.00070817,22.4534,20.6030,0.4031,82.3230,2.6463,4649.9123,204.2083,25.9152,21.1137,12.8578,14.5296,26.176,48.8436,54.2173,102.8621,13.088,0.0,3.731508,7.079487,1.545355,30,207,63,6,0.32204186,0.01770420,-0.00338982,0E-8,0.000000,0.904812,0.002133,0.03111404,2026-03-21,2026-08-06,120,3733,1703,139,0.863309,1.227414,1.154177,1.073473,,,,,,,,GLOBAL_BASELINE_NO_ENTITY_RANKING,,,NOT_APPLICABLE_GLOBAL_BASELINE,HF9g-P5,,,,X 全窗基线 · 不参与实体赏罚,15053943,1506,A168_HF9F_20260827_0900,2026-08-27 09:00:00
2026-07-22,127529701,1940,0,12.9088890610,12.2634446080,12.2634446080,1.0000000,1,1,0.50665070000000000,0.506650700000,0.9867858985152569,0.9867858985152569,0.9867858985152569,0E-17,ELIGIBLE,R03b_20260811_FULL_v1,L1_ELIGIBILITY,v2026-08-11,2026-03-21..2026-08-06,baccarat_bet02_101_all_pairs_incl_sentinel,round_win = game_pnl > 0 (decisive only),COMPATIBILITY_ONLY_NOT_PRODUCTION,557989.4742,504875.3716,9878.7574,24851,24505,-0.01770420,0.00338982,-0.02772422,-0.01770420,-9878.7574,557989.4742,OK,0.0000,395.1503,4.0000,96.0000,AG03-UNRESOLVED,ALL5_LEVELS_bet23_to_bet27,395.1503,395.1503,395.1503,0.0000,0.0000,4.000000,4.000000,4.000000,0.000000,0.000000,96.000000,96.000000,96.000000,100.000000,100.000000,5.0,1185.4509,1138.6651,8693.3065,8740.0923,PENDING_AG03,FALSE,NOT_FOR_ENFORCEMENT,9483.6071,484680.3568,9878.7574,9483.6071,395.1503,0.01770420,0.01699603,395.1503,9483.6071,0.01699603,395.1503,395.1503,395.1503,0.0000,0.0000,9483.6071,0.01699603,1185.4509,1138.6651,8693.3065,8740.0923,0.01557970,0.01566354,0.00070817,22.4534,20.6030,0.4031,82.3230,2.6463,4649.9123,204.2083,25.9152,21.1137,12.8578,14.5296,26.176,48.8436,54.2173,102.8621,13.088,0.0,3.731508,7.079487,1.545355,30,207,63,6,0.32204186,0.01770420,-0.00338982,0E-8,0.000000,0.904812,0.002133,0.03111404,2026-03-21,2026-08-06,120,3733,1703,139,0.863309,1.227414,1.154177,1.073473,,,,,,,,GLOBAL_BASELINE_NO_ENTITY_RANKING,,,NOT_APPLICABLE_GLOBAL_BASELINE,HF9g-P5,,,,X 全窗基线 · 不参与实体赏罚,15053944,1506,A168_HF9F_20260827_0900,2026-08-27 09:00:00
2026-07-22,127529701,1985,0,12.9088890610,12.9088890610,12.9088890610,1.0000000,1,1,0.49324550000000000,0.493245500000,1.01360149184955,1.01360149184955,1.01360149184955,0E-17,ELIGIBLE,R03b_20260811_FULL_v1,L1_ELIGIBILITY,v2026-08-11,2026-03-21..2026-08-06,baccarat_bet02_101_all_pairs_incl_sentinel,round_win = game_pnl > 0 (decisive only),COMPATIBILITY_ONLY_NOT_PRODUCTION,557989.4742,504875.3716,9878.7574,24851,24505,-0.01770420,0.00338982,-0.02772422,-0.01770420,-9878.7574,557989.4742,OK,0.0000,395.1503,4.0000,96.0000,AG03-UNRESOLVED,ALL5_LEVELS_bet23_to_bet27,395.1503,395.1503,395.1503,0.0000,0.0000,4.000000,4.000000,4.000000,0.000000,0.000000,96.000000,96.000000,96.000000,100.000000,100.000000,5.0,1185.4509,1138.6651,8693.3065,8740.0923,PENDING_AG03,FALSE,NOT_FOR_ENFORCEMENT,9483.6071,484680.3568,9878.7574,9483.6071,395.1503,0.01770420,0.01699603,395.1503,9483.6071,0.01699603,395.1503,395.1503,395.1503,0.0000,0.0000,9483.6071,0.01699603,1185.4509,1138.6651,8693.3065,8740.0923,0.01557970,0.01566354,0.00070817,22.4534,20.6030,0.4031,82.3230,2.6463,4649.9123,204.2083,25.9152,21.1137,12.8578,14.5296,26.176,48.8436,54.2173,102.8621,13.088,0.0,3.731508,7.079487,1.545355,30,207,63,6,0.32204186,0.01770420,-0.00338982,0E-8,0.000000,0.904812,0.002133,0.03111404,2026-03-21,2026-08-06,120,3733,1703,139,0.863309,1.227414,1.154177,1.073473,,,,,,,,GLOBAL_BASELINE_NO_ENTITY_RANKING,,,NOT_APPLICABLE_GLOBAL_BASELINE,HF9g-P5,,,,X 全窗基线 · 不参与实体赏罚,15053945,1506,A168_HF9F_20260827_0900,2026-08-27 09:00:00
2026-07-22,127529701,1990,0,183.3062246662,-90.6204012082,-90.6204012082,0.4285714,7,7,0.50282064285714286,0.502820642857,-0.39289616391791987,-0.3928961639171632,-0.39289616391791987,1.4286E-13,ELIGIBLE,R03b_20260811_FULL_v1,L1_ELIGIBILITY,v2026-08-11,2026-03-21..2026-08-06,baccarat_bet02_101_all_pairs_incl_sentinel,round_win = game_pnl > 0 (decisive only),COMPATIBILITY_ONLY_NOT_PRODUCTION,557989.4742,504875.3716,9878.7574,24851,24505,-0.01770420,0.00338982,-0.02772422,-0.01770420,-9878.7574,557989.4742,OK,0.0000,395.1503,4.0000,96.0000,AG03-UNRESOLVED,ALL5_LEVELS_bet23_to_bet27,395.1503,395.1503,395.1503,0.0000,0.0000,4.000000,4.000000,4.000000,0.000000,0.000000,96.000000,96.000000,96.000000,100.000000,100.000000,5.0,1185.4509,1138.6651,8693.3065,8740.0923,PENDING_AG03,FALSE,NOT_FOR_ENFORCEMENT,9483.6071,484680.3568,9878.7574,9483.6071,395.1503,0.01770420,0.01699603,395.1503,9483.6071,0.01699603,395.1503,395.1503,395.1503,0.0000,0.0000,9483.6071,0.01699603,1185.4509,1138.6651,8693.3065,8740.0923,0.01557970,0.01566354,0.00070817,22.4534,20.6030,0.4031,82.3230,2.6463,4649.9123,204.2083,25.9152,21.1137,12.8578,14.5296,26.176,48.8436,54.2173,102.8621,13.088,0.0,3.731508,7.079487,1.545355,30,207,63,6,0.32204186,0.01770420,-0.00338982,0E-8,0.000000,0.904812,0.002133,0.03111404,2026-03-21,2026-08-06,120,3733,1703,139,0.863309,1.227414,1.154177,1.073473,,,,,,,,GLOBAL_BASELINE_NO_ENTITY_RANKING,,,NOT_APPLICABLE_GLOBAL_BASELINE,HF9g-P5,,,,X 全窗基线 · 不参与实体赏罚,15053946,1506,A168_HF9F_20260827_0900,2026-08-27 09:00:00
2026-07-22,127529701,2103,0,274.7011592181,28.5286448249,28.5286448249,0.6000000,11,11,0.49933877272727273,0.499338772727,0.6366380572032987,0.6366380572050242,0.6366380572032987,2.7273E-13,ELIGIBLE,R03b_20260811_FULL_v1,L1_ELIGIBILITY,v2026-08-11,2026-03-21..2026-08-06,baccarat_bet02_101_all_pairs_incl_sentinel,round_win = game_pnl > 0 (decisive only),COMPATIBILITY_ONLY_NOT_PRODUCTION,557989.4742,504875.3716,9878.7574,24851,24505,-0.01770420,0.00338982,-0.02772422,-0.01770420,-9878.7574,557989.4742,OK,0.0000,395.1503,4.0000,96.0000,AG03-UNRESOLVED,ALL5_LEVELS_bet23_to_bet27,395.1503,395.1503,395.1503,0.0000,0.0000,4.000000,4.000000,4.000000,0.000000,0.000000,96.000000,96.000000,96.000000,100.000000,100.000000,5.0,1185.4509,1138.6651,8693.3065,8740.0923,PENDING_AG03,FALSE,NOT_FOR_ENFORCEMENT,9483.6071,484680.3568,9878.7574,9483.6071,395.1503,0.01770420,0.01699603,395.1503,9483.6071,0.01699603,395.1503,395.1503,395.1503,0.0000,0.0000,9483.6071,0.01699603,1185.4509,1138.6651,8693.3065,8740.0923,0.01557970,0.01566354,0.00070817,22.4534,20.6030,0.4031,82.3230,2.6463,4649.9123,204.2083,25.9152,21.1137,12.8578,14.5296,26.176,48.8436,54.2173,102.8621,13.088,0.0,3.731508,7.079487,1.545355,30,207,63,6,0.32204186,0.01770420,-0.00338982,0E-8,0.000000,0.904812,0.002133,0.03111404,2026-03-21,2026-08-06,120,3733,1703,139,0.863309,1.227414,1.154177,1.073473,,,,,,,,GLOBAL_BASELINE_NO_ENTITY_RANKING,,,NOT_APPLICABLE_GLOBAL_BASELINE,HF9g-P5,,,,X 全窗基线 · 不参与实体赏罚,15053947,1506,A168_HF9F_20260827_0900,2026-08-27 09:00:00
2026-07-22,127529701,2127,0,123.9253349856,43.5029561356,43.5029561356,0.5000000,6,6,0.50218230000000000,0.502182300000,-0.01069114476356389,-0.01069114476356389,-0.01069114476356389,0E-17,ELIGIBLE,R03b_20260811_FULL_v1,L1_ELIGIBILITY,v2026-08-11,2026-03-21..2026-08-06,baccarat_bet02_101_all_pairs_incl_sentinel,round_win = game_pnl > 0 (decisive only),COMPATIBILITY_ONLY_NOT_PRODUCTION,557989.4742,504875.3716,9878.7574,24851,24505,-0.01770420,0.00338982,-0.02772422,-0.01770420,-9878.7574,557989.4742,OK,0.0000,395.1503,4.0000,96.0000,AG03-UNRESOLVED,ALL5_LEVELS_bet23_to_bet27,395.1503,395.1503,395.1503,0.0000,0.0000,4.000000,4.000000,4.000000,0.000000,0.000000,96.000000,96.000000,96.000000,100.000000,100.000000,5.0,1185.4509,1138.6651,8693.3065,8740.0923,PENDING_AG03,FALSE,NOT_FOR_ENFORCEMENT,9483.6071,484680.3568,9878.7574,9483.6071,395.1503,0.01770420,0.01699603,395.1503,9483.6071,0.01699603,395.1503,395.1503,395.1503,0.0000,0.0000,9483.6071,0.01699603,1185.4509,1138.6651,8693.3065,8740.0923,0.01557970,0.01566354,0.00070817,22.4534,20.6030,0.4031,82.3230,2.6463,4649.9123,204.2083,25.9152,21.1137,12.8578,14.5296,26.176,48.8436,54.2173,102.8621,13.088,0.0,3.731508,7.079487,1.545355,30,207,63,6,0.32204186,0.01770420,-0.00338982,0E-8,0.000000,0.904812,0.002133,0.03111404,2026-03-21,2026-08-06,120,3733,1703,139,0.863309,1.227414,1.154177,1.073473,,,,,,,,GLOBAL_BASELINE_NO_ENTITY_RANKING,,,NOT_APPLICABLE_GLOBAL_BASELINE,HF9g-P5,,,,X 全窗基线 · 不参与实体赏罚,15053948,1506,A168_HF9F_20260827_0900,2026-08-27 09:00:00
2026-07-22,127529701,2134,0,38.2103116206,-7.8744223272,-7.8744223272,0.5000000,3,3,0.50665070000000000,0.506650700000,-0.018812684590367487,-0.018812684590367487,-0.018812684590367487,0E-17,ELIGIBLE,R03b_20260811_FULL_v1,L1_ELIGIBILITY,v2026-08-11,2026-03-21..2026-08-06,baccarat_bet02_101_all_pairs_incl_sentinel,round_win = game_pnl > 0 (decisive only),COMPATIBILITY_ONLY_NOT_PRODUCTION,557989.4742,504875.3716,9878.7574,24851,24505,-0.01770420,0.00338982,-0.02772422,-0.01770420,-9878.7574,557989.4742,OK,0.0000,395.1503,4.0000,96.0000,AG03-UNRESOLVED,ALL5_LEVELS_bet23_to_bet27,395.1503,395.1503,395.1503,0.0000,0.0000,4.000000,4.000000,4.000000,0.000000,0.000000,96.000000,96.000000,96.000000,100.000000,100.000000,5.0,1185.4509,1138.6651,8693.3065,8740.0923,PENDING_AG03,FALSE,NOT_FOR_ENFORCEMENT,9483.6071,484680.3568,9878.7574,9483.6071,395.1503,0.01770420,0.01699603,395.1503,9483.6071,0.01699603,395.1503,395.1503,395.1503,0.0000,0.0000,9483.6071,0.01699603,1185.4509,1138.6651,8693.3065,8740.0923,0.01557970,0.01566354,0.00070817,22.4534,20.6030,0.4031,82.3230,2.6463,4649.9123,204.2083,25.9152,21.1137,12.8578,14.5296,26.176,48.8436,54.2173,102.8621,13.088,0.0,3.731508,7.079487,1.545355,30,207,63,6,0.32204186,0.01770420,-0.00338982,0E-8,0.000000,0.904812,0.002133,0.03111404,2026-03-21,2026-08-06,120,3733,1703,139,0.863309,1.227414,1.154177,1.073473,,,,,,,,GLOBAL_BASELINE_NO_ENTITY_RANKING,,,NOT_APPLICABLE_GLOBAL_BASELINE,HF9g-P5,,,,X 全窗基线 · 不参与实体赏罚,15053949,1506,A168_HF9F_20260827_0900,2026-08-27 09:00:00
2026-07-22,127529701,2145,0,193.8915136962,-25.4563292282,-25.4563292282,0.4444444,10,10,0.49994810000000000,0.499948100000,-0.33302193512739575,-0.33302193512739575,-0.33302193512739575,0E-17,ELIGIBLE,R03b_20260811_FULL_v1,L1_ELIGIBILITY,v2026-08-11,2026-03-21..2026-08-06,baccarat_bet02_101_all_pairs_incl_sentinel,round_win = game_pnl > 0 (decisive only),COMPATIBILITY_ONLY_NOT_PRODUCTION,557989.4742,504875.3716,9878.7574,24851,24505,-0.01770420,0.00338982,-0.02772422,-0.01770420,-9878.7574,557989.4742,OK,0.0000,395.1503,4.0000,96.0000,AG03-UNRESOLVED,ALL5_LEVELS_bet23_to_bet27,395.1503,395.1503,395.1503,0.0000,0.0000,4.000000,4.000000,4.000000,0.000000,0.000000,96.000000,96.000000,96.000000,100.000000,100.000000,5.0,1185.4509,1138.6651,8693.3065,8740.0923,PENDING_AG03,FALSE,NOT_FOR_ENFORCEMENT,9483.6071,484680.3568,9878.7574,9483.6071,395.1503,0.01770420,0.01699603,395.1503,9483.6071,0.01699603,395.1503,395.1503,395.1503,0.0000,0.0000,9483.6071,0.01699603,1185.4509,1138.6651,8693.3065,8740.0923,0.01557970,0.01566354,0.00070817,22.4534,20.6030,0.4031,82.3230,2.6463,4649.9123,204.2083,25.9152,21.1137,12.8578,14.5296,26.176,48.8436,54.2173,102.8621,13.088,0.0,3.731508,7.079487,1.545355,30,207,63,6,0.32204186,0.01770420,-0.00338982,0E-8,0.000000,0.904812,0.002133,0.03111404,2026-03-21,2026-08-06,120,3733,1703,139,0.863309,1.227414,1.154177,1.073473,,,,,,,,GLOBAL_BASELINE_NO_ENTITY_RANKING,,,NOT_APPLICABLE_GLOBAL_BASELINE,HF9g-P5,,,,X 全窗基线 · 不参与实体赏罚,15053950,1506,A168_HF9F_20260827_0900,2026-08-27 09:00:00
2026-07-22,127529701,2169,0,112.0491570496,35.5898071412,35.5898071412,0.6000000,7,7,0.50090561428571429,0.500905614286,0.44316429220312403,0.4431642922018467,0.44316429220312403,-2.8571E-13,ELIGIBLE,R03b_20260811_FULL_v1,L1_ELIGIBILITY,v2026-08-11,2026-03-21..2026-08-06,baccarat_bet02_101_all_pairs_incl_sentinel,round_win = game_pnl > 0 (decisive only),COMPATIBILITY_ONLY_NOT_PRODUCTION,557989.4742,504875.3716,9878.7574,24851,24505,-0.01770420,0.00338982,-0.02772422,-0.01770420,-9878.7574,557989.4742,OK,0.0000,395.1503,4.0000,96.0000,AG03-UNRESOLVED,ALL5_LEVELS_bet23_to_bet27,395.1503,395.1503,395.1503,0.0000,0.0000,4.000000,4.000000,4.000000,0.000000,0.000000,96.000000,96.000000,96.000000,100.000000,100.000000,5.0,1185.4509,1138.6651,8693.3065,8740.0923,PENDING_AG03,FALSE,NOT_FOR_ENFORCEMENT,9483.6071,484680.3568,9878.7574,9483.6071,395.1503,0.01770420,0.01699603,395.1503,9483.6071,0.01699603,395.1503,395.1503,395.1503,0.0000,0.0000,9483.6071,0.01699603,1185.4509,1138.6651,8693.3065,8740.0923,0.01557970,0.01566354,0.00070817,22.4534,20.6030,0.4031,82.3230,2.6463,4649.9123,204.2083,25.9152,21.1137,12.8578,14.5296,26.176,48.8436,54.2173,102.8621,13.088,0.0,3.731508,7.079487,1.545355,30,207,63,6,0.32204186,0.01770420,-0.00338982,0E-8,0.000000,0.904812,0.002133,0.03111404,2026-03-21,2026-08-06,120,3733,1703,139,0.863309,1.227414,1.154177,1.073473,,,,,,,,GLOBAL_BASELINE_NO_ENTITY_RANKING,,,NOT_APPLICABLE_GLOBAL_BASELINE,HF9g-P5,,,,X 全窗基线 · 不参与实体赏罚,15053951,1506,A168_HF9F_20260827_0900,2026-08-27 09:00:00
2026-07-22,127529701,2196,0,180.7244468540,38.0812227300,38.0812227300,0.6000000,6,6,0.49994810000000000,0.499948100000,0.44744570176651083,0.44744570176651083,0.44744570176651083,0E-17,ELIGIBLE,R03b_20260811_FULL_v1,L1_ELIGIBILITY,v2026-08-11,2026-03-21..2026-08-06,baccarat_bet02_101_all_pairs_incl_sentinel,round_win = game_pnl > 0 (decisive only),COMPATIBILITY_ONLY_NOT_PRODUCTION,557989.4742,504875.3716,9878.7574,24851,24505,-0.01770420,0.00338982,-0.02772422,-0.01770420,-9878.7574,557989.4742,OK,0.0000,395.1503,4.0000,96.0000,AG03-UNRESOLVED,ALL5_LEVELS_bet23_to_bet27,395.1503,395.1503,395.1503,0.0000,0.0000,4.000000,4.000000,4.000000,0.000000,0.000000,96.000000,96.000000,96.000000,100.000000,100.000000,5.0,1185.4509,1138.6651,8693.3065,8740.0923,PENDING_AG03,FALSE,NOT_FOR_ENFORCEMENT,9483.6071,484680.3568,9878.7574,9483.6071,395.1503,0.01770420,0.01699603,395.1503,9483.6071,0.01699603,395.1503,395.1503,395.1503,0.0000,0.0000,9483.6071,0.01699603,1185.4509,1138.6651,8693.3065,8740.0923,0.01557970,0.01566354,0.00070817,22.4534,20.6030,0.4031,82.3230,2.6463,4649.9123,204.2083,25.9152,21.1137,12.8578,14.5296,26.176,48.8436,54.2173,102.8621,13.088,0.0,3.731508,7.079487,1.545355,30,207,63,6,0.32204186,0.01770420,-0.00338982,0E-8,0.000000,0.904812,0.002133,0.03111404,2026-03-21,2026-08-06,120,3733,1703,139,0.863309,1.227414,1.154177,1.073473,,,,,,,,GLOBAL_BASELINE_NO_ENTITY_RANKING,,,NOT_APPLICABLE_GLOBAL_BASELINE,HF9g-P5,,,,X 全窗基线 · 不参与实体赏罚,15053952,1506,A168_HF9F_20260827_0900,2026-08-27 09:00:00
2026-07-22,127529701,2223,0,123.9253349856,-44.5356672604,-44.5356672604,0.3333333,7,7,0.49899058571428571,0.498990585714,-0.8115531348621552,-0.8115531348607564,-0.8115531348621552,2.8571E-13,ELIGIBLE,R03b_20260811_FULL_v1,L1_ELIGIBILITY,v2026-08-11,2026-03-21..2026-08-06,baccarat_bet02_101_all_pairs_incl_sentinel,round_win = game_pnl > 0 (decisive only),COMPATIBILITY_ONLY_NOT_PRODUCTION,557989.4742,504875.3716,9878.7574,24851,24505,-0.01770420,0.00338982,-0.02772422,-0.01770420,-9878.7574,557989.4742,OK,0.0000,395.1503,4.0000,96.0000,AG03-UNRESOLVED,ALL5_LEVELS_bet23_to_bet27,395.1503,395.1503,395.1503,0.0000,0.0000,4.000000,4.000000,4.000000,0.000000,0.000000,96.000000,96.000000,96.000000,100.000000,100.000000,5.0,1185.4509,1138.6651,8693.3065,8740.0923,PENDING_AG03,FALSE,NOT_FOR_ENFORCEMENT,9483.6071,484680.3568,9878.7574,9483.6071,395.1503,0.01770420,0.01699603,395.1503,9483.6071,0.01699603,395.1503,395.1503,395.1503,0.0000,0.0000,9483.6071,0.01699603,1185.4509,1138.6651,8693.3065,8740.0923,0.01557970,0.01566354,0.00070817,22.4534,20.6030,0.4031,82.3230,2.6463,4649.9123,204.2083,25.9152,21.1137,12.8578,14.5296,26.176,48.8436,54.2173,102.8621,13.088,0.0,3.731508,7.079487,1.545355,30,207,63,6,0.32204186,0.01770420,-0.00338982,0E-8,0.000000,0.904812,0.002133,0.03111404,2026-03-21,2026-08-06,120,3733,1703,139,0.863309,1.227414,1.154177,1.073473,,,,,,,,GLOBAL_BASELINE_NO_ENTITY_RANKING,,,NOT_APPLICABLE_GLOBAL_BASELINE,HF9g-P5,,,,X 全窗基线 · 不参与实体赏罚,15053953,1506,A168_HF9F_20260827_0900,2026-08-27 09:00:00
2026-07-22,127529701,2233,0,330.9839155241,101.3347791289,101.3347791289,0.5555556,13,13,0.50149485384615385,0.501494853846,0.32436565990688593,0.3243656599078088,0.32436565990688593,1.5385E-13,ELIGIBLE,R03b_20260811_FULL_v1,L1_ELIGIBILITY,v2026-08-11,2026-03-21..2026-08-06,baccarat_bet02_101_all_pairs_incl_sentinel,round_win = game_pnl > 0 (decisive only),COMPATIBILITY_ONLY_NOT_PRODUCTION,557989.4742,504875.3716,9878.7574,24851,24505,-0.01770420,0.00338982,-0.02772422,-0.01770420,-9878.7574,557989.4742,OK,0.0000,395.1503,4.0000,96.0000,AG03-UNRESOLVED,ALL5_LEVELS_bet23_to_bet27,395.1503,395.1503,395.1503,0.0000,0.0000,4.000000,4.000000,4.000000,0.000000,0.000000,96.000000,96.000000,96.000000,100.000000,100.000000,5.0,1185.4509,1138.6651,8693.3065,8740.0923,PENDING_AG03,FALSE,NOT_FOR_ENFORCEMENT,9483.6071,484680.3568,9878.7574,9483.6071,395.1503,0.01770420,0.01699603,395.1503,9483.6071,0.01699603,395.1503,395.1503,395.1503,0.0000,0.0000,9483.6071,0.01699603,1185.4509,1138.6651,8693.3065,8740.0923,0.01557970,0.01566354,0.00070817,22.4534,20.6030,0.4031,82.3230,2.6463,4649.9123,204.2083,25.9152,21.1137,12.8578,14.5296,26.176,48.8436,54.2173,102.8621,13.088,0.0,3.731508,7.079487,1.545355,30,207,63,6,0.32204186,0.01770420,-0.00338982,0E-8,0.000000,0.904812,0.002133,0.03111404,2026-03-21,2026-08-06,120,3733,1703,139,0.863309,1.227414,1.154177,1.073473,,,,,,,,GLOBAL_BASELINE_NO_ENTITY_RANKING,,,NOT_APPLICABLE_GLOBAL_BASELINE,HF9g-P5,,,,X 全窗基线 · 不参与实体赏罚,15053954,1506,A168_HF9F_20260827_0900,2026-08-27 09:00:00
2026-07-22,127529701,2251,0,527.9735625950,-159.6829576845,-159.6829576845,0.3888889,18,18,0.49994810000000000,0.499948100000,-0.9423686605554877,-0.9423686605554875,-0.9423686605554877,0E-17,ELIGIBLE,R03b_20260811_FULL_v1,L1_ELIGIBILITY,v2026-08-11,2026-03-21..2026-08-06,baccarat_bet02_101_all_pairs_incl_sentinel,round_win = game_pnl > 0 (decisive only),COMPATIBILITY_ONLY_NOT_PRODUCTION,557989.4742,504875.3716,9878.7574,24851,24505,-0.01770420,0.00338982,-0.02772422,-0.01770420,-9878.7574,557989.4742,OK,0.0000,395.1503,4.0000,96.0000,AG03-UNRESOLVED,ALL5_LEVELS_bet23_to_bet27,395.1503,395.1503,395.1503,0.0000,0.0000,4.000000,4.000000,4.000000,0.000000,0.000000,96.000000,96.000000,96.000000,100.000000,100.000000,5.0,1185.4509,1138.6651,8693.3065,8740.0923,PENDING_AG03,FALSE,NOT_FOR_ENFORCEMENT,9483.6071,484680.3568,9878.7574,9483.6071,395.1503,0.01770420,0.01699603,395.1503,9483.6071,0.01699603,395.1503,395.1503,395.1503,0.0000,0.0000,9483.6071,0.01699603,1185.4509,1138.6651,8693.3065,8740.0923,0.01557970,0.01566354,0.00070817,22.4534,20.6030,0.4031,82.3230,2.6463,4649.9123,204.2083,25.9152,21.1137,12.8578,14.5296,26.176,48.8436,54.2173,102.8621,13.088,0.0,3.731508,7.079487,1.545355,30,207,63,6,0.32204186,0.01770420,-0.00338982,0E-8,0.000000,0.904812,0.002133,0.03111404,2026-03-21,2026-08-06,120,3733,1703,139,0.863309,1.227414,1.154177,1.073473,,,,,,,,GLOBAL_BASELINE_NO_ENTITY_RANKING,,,NOT_APPLICABLE_GLOBAL_BASELINE,HF9g-P5,,,,X 全窗基线 · 不参与实体赏罚,15053955,1506,A168_HF9F_20260827_0900,2026-08-27 09:00:00
2026-07-22,127529701,2252,0,59.3808896806,-33.5631115586,-33.5631115586,0.2500000,5,5,0.49592654000000000,0.495926540000,-0.983738807048034,-0.983738807048034,-0.983738807048034,0E-17,ELIGIBLE,R03b_20260811_FULL_v1,L1_ELIGIBILITY,v2026-08-11,2026-03-21..2026-08-06,baccarat_bet02_101_all_pairs_incl_sentinel,round_win = game_pnl > 0 (decisive only),COMPATIBILITY_ONLY_NOT_PRODUCTION,557989.4742,504875.3716,9878.7574,24851,24505,-0.01770420,0.00338982,-0.02772422,-0.01770420,-9878.7574,557989.4742,OK,0.0000,395.1503,4.0000,96.0000,AG03-UNRESOLVED,ALL5_LEVELS_bet23_to_bet27,395.1503,395.1503,395.1503,0.0000,0.0000,4.000000,4.000000,4.000000,0.000000,0.000000,96.000000,96.000000,96.000000,100.000000,100.000000,5.0,1185.4509,1138.6651,8693.3065,8740.0923,PENDING_AG03,FALSE,NOT_FOR_ENFORCEMENT,9483.6071,484680.3568,9878.7574,9483.6071,395.1503,0.01770420,0.01699603,395.1503,9483.6071,0.01699603,395.1503,395.1503,395.1503,0.0000,0.0000,9483.6071,0.01699603,1185.4509,1138.6651,8693.3065,8740.0923,0.01557970,0.01566354,0.00070817,22.4534,20.6030,0.4031,82.3230,2.6463,4649.9123,204.2083,25.9152,21.1137,12.8578,14.5296,26.176,48.8436,54.2173,102.8621,13.088,0.0,3.731508,7.079487,1.545355,30,207,63,6,0.32204186,0.01770420,-0.00338982,0E-8,0.000000,0.904812,0.002133,0.03111404,2026-03-21,2026-08-06,120,3733,1703,139,0.863309,1.227414,1.154177,1.073473,,,,,,,,GLOBAL_BASELINE_NO_ENTITY_RANKING,,,NOT_APPLICABLE_GLOBAL_BASELINE,HF9g-P5,,,,X 全窗基线 · 不参与实体赏罚,15053956,1506,A168_HF9F_20260827_0900,2026-08-27 09:00:00
2026-07-22,127529701,2267,0,209.1240027882,151.8730798027,151.8730798027,1.0000000,6,6,0.50218230000000000,0.502182300000,1.99128976685968,1.99128976685968,1.99128976685968,0E-17,ELIGIBLE,R03b_20260811_FULL_v1,L1_ELIGIBILITY,v2026-08-11,2026-03-21..2026-08-06,baccarat_bet02_101_all_pairs_incl_sentinel,round_win = game_pnl > 0 (decisive only),COMPATIBILITY_ONLY_NOT_PRODUCTION,557989.4742,504875.3716,9878.7574,24851,24505,-0.01770420,0.00338982,-0.02772422,-0.01770420,-9878.7574,557989.4742,OK,0.0000,395.1503,4.0000,96.0000,AG03-UNRESOLVED,ALL5_LEVELS_bet23_to_bet27,395.1503,395.1503,395.1503,0.0000,0.0000,4.000000,4.000000,4.000000,0.000000,0.000000,96.000000,96.000000,96.000000,100.000000,100.000000,5.0,1185.4509,1138.6651,8693.3065,8740.0923,PENDING_AG03,FALSE,NOT_FOR_ENFORCEMENT,9483.6071,484680.3568,9878.7574,9483.6071,395.1503,0.01770420,0.01699603,395.1503,9483.6071,0.01699603,395.1503,395.1503,395.1503,0.0000,0.0000,9483.6071,0.01699603,1185.4509,1138.6651,8693.3065,8740.0923,0.01557970,0.01566354,0.00070817,22.4534,20.6030,0.4031,82.3230,2.6463,4649.9123,204.2083,25.9152,21.1137,12.8578,14.5296,26.176,48.8436,54.2173,102.8621,13.088,0.0,3.731508,7.079487,1.545355,30,207,63,6,0.32204186,0.01770420,-0.00338982,0E-8,0.000000,0.904812,0.002133,0.03111404,2026-03-21,2026-08-06,120,3733,1703,139,0.863309,1.227414,1.154177,1.073473,,,,,,,,GLOBAL_BASELINE_NO_ENTITY_RANKING,,,NOT_APPLICABLE_GLOBAL_BASELINE,HF9g-P5,,,,X 全窗基线 · 不参与实体赏罚,15053957,1506,A168_HF9F_20260827_0900,2026-08-27 09:00:00
2026-07-22,127529701,2280,0,46.2138228384,-46.2138228384,-46.2138228384,0E-7,3,3,0.49771390000000000,0.497713900000,-1.724149546644903,-1.724149546644903,-1.724149546644903,0E-17,ELIGIBLE,R03b_20260811_FULL_v1,L1_ELIGIBILITY,v2026-08-11,2026-03-21..2026-08-06,baccarat_bet02_101_all_pairs_incl_sentinel,round_win = game_pnl > 0 (decisive only),COMPATIBILITY_ONLY_NOT_PRODUCTION,557989.4742,504875.3716,9878.7574,24851,24505,-0.01770420,0.00338982,-0.02772422,-0.01770420,-9878.7574,557989.4742,OK,0.0000,395.1503,4.0000,96.0000,AG03-UNRESOLVED,ALL5_LEVELS_bet23_to_bet27,395.1503,395.1503,395.1503,0.0000,0.0000,4.000000,4.000000,4.000000,0.000000,0.000000,96.000000,96.000000,96.000000,100.000000,100.000000,5.0,1185.4509,1138.6651,8693.3065,8740.0923,PENDING_AG03,FALSE,NOT_FOR_ENFORCEMENT,9483.6071,484680.3568,9878.7574,9483.6071,395.1503,0.01770420,0.01699603,395.1503,9483.6071,0.01699603,395.1503,395.1503,395.1503,0.0000,0.0000,9483.6071,0.01699603,1185.4509,1138.6651,8693.3065,8740.0923,0.01557970,0.01566354,0.00070817,22.4534,20.6030,0.4031,82.3230,2.6463,4649.9123,204.2083,25.9152,21.1137,12.8578,14.5296,26.176,48.8436,54.2173,102.8621,13.088,0.0,3.731508,7.079487,1.545355,30,207,63,6,0.32204186,0.01770420,-0.00338982,0E-8,0.000000,0.904812,0.002133,0.03111404,2026-03-21,2026-08-06,120,3733,1703,139,0.863309,1.227414,1.154177,1.073473,,,,,,,,GLOBAL_BASELINE_NO_ENTITY_RANKING,,,NOT_APPLICABLE_GLOBAL_BASELINE,HF9g-P5,,,,X 全窗基线 · 不参与实体赏罚,15053958,1506,A168_HF9F_20260827_0900,2026-08-27 09:00:00
2026-07-22,127529701,550,0,59.3808896806,-59.3808896806,-59.3808896806,0E-7,1,1,0.50665070000000000,0.506650700000,-1.013391052207602,-1.013391052207602,-1.013391052207602,0E-17,ELIGIBLE,R03b_20260811_FULL_v1,L1_ELIGIBILITY,v2026-08-11,2026-03-21..2026-08-06,baccarat_bet02_101_all_pairs_incl_sentinel,round_win = game_pnl > 0 (decisive only),COMPATIBILITY_ONLY_NOT_PRODUCTION,557989.4742,504875.3716,9878.7574,24851,24505,-0.01770420,0.00338982,-0.02772422,-0.01770420,-9878.7574,557989.4742,OK,0.0000,395.1503,4.0000,96.0000,AG03-UNRESOLVED,ALL5_LEVELS_bet23_to_bet27,395.1503,395.1503,395.1503,0.0000,0.0000,4.000000,4.000000,4.000000,0.000000,0.000000,96.000000,96.000000,96.000000,100.000000,100.000000,5.0,1185.4509,1138.6651,8693.3065,8740.0923,PENDING_AG03,FALSE,NOT_FOR_ENFORCEMENT,9483.6071,484680.3568,9878.7574,9483.6071,395.1503,0.01770420,0.01699603,395.1503,9483.6071,0.01699603,395.1503,395.1503,395.1503,0.0000,0.0000,9483.6071,0.01699603,1185.4509,1138.6651,8693.3065,8740.0923,0.01557970,0.01566354,0.00070817,22.4534,20.6030,0.4031,82.3230,2.6463,4649.9123,204.2083,25.9152,21.1137,12.8578,14.5296,26.176,48.8436,54.2173,102.8621,13.088,0.0,3.731508,7.079487,1.545355,30,207,63,6,0.32204186,0.01770420,-0.00338982,0E-8,0.000000,0.904812,0.002133,0.03111404,2026-03-21,2026-08-06,120,3733,1703,139,0.863309,1.227414,1.154177,1.073473,,,,,,,,GLOBAL_BASELINE_NO_ENTITY_RANKING,,,NOT_APPLICABLE_GLOBAL_BASELINE,HF9g-P5,,,,X 全窗基线 · 不参与实体赏罚,15053959,1506,A168_HF9F_20260827_0900,2026-08-27 09:00:00
2026-07-22,127529701,987,0,12.9088890610,0E-10,0E-10,,1,1,0.50665070000000000,0.506650700000,,,,0E-17,NO_DECISIVE_ROUND,R03b_20260811_FULL_v1,L1_ELIGIBILITY,v2026-08-11,2026-03-21..2026-08-06,baccarat_bet02_101_all_pairs_incl_sentinel,round_win = game_pnl > 0 (decisive only),COMPATIBILITY_ONLY_NOT_PRODUCTION,557989.4742,504875.3716,9878.7574,24851,24505,-0.01770420,0.00338982,-0.02772422,-0.01770420,-9878.7574,557989.4742,OK,0.0000,395.1503,4.0000,96.0000,AG03-UNRESOLVED,ALL5_LEVELS_bet23_to_bet27,395.1503,395.1503,395.1503,0.0000,0.0000,4.000000,4.000000,4.000000,0.000000,0.000000,96.000000,96.000000,96.000000,100.000000,100.000000,5.0,1185.4509,1138.6651,8693.3065,8740.0923,PENDING_AG03,FALSE,NOT_FOR_ENFORCEMENT,9483.6071,484680.3568,9878.7574,9483.6071,395.1503,0.01770420,0.01699603,395.1503,9483.6071,0.01699603,395.1503,395.1503,395.1503,0.0000,0.0000,9483.6071,0.01699603,1185.4509,1138.6651,8693.3065,8740.0923,0.01557970,0.01566354,0.00070817,22.4534,20.6030,0.4031,82.3230,2.6463,4649.9123,204.2083,25.9152,21.1137,12.8578,14.5296,26.176,48.8436,54.2173,102.8621,13.088,0.0,3.731508,7.079487,1.545355,30,207,63,6,0.32204186,0.01770420,-0.00338982,0E-8,0.000000,0.904812,0.002133,0.03111404,2026-03-21,2026-08-06,120,3733,1703,139,0.863309,1.227414,1.154177,1.073473,,,,,,,,GLOBAL_BASELINE_NO_ENTITY_RANKING,,,NOT_APPLICABLE_GLOBAL_BASELINE,HF9g-P5,,,,X 全窗基线 · 不参与实体赏罚,15053960,1506,A168_HF9F_20260827_0900,2026-08-27 09:00:00
2026-07-24,127529701,-1,1,1185.2941935812,29.9486226215,29.9486226215,0.4042553,52,52,0.50097926923076923,0.500979269231,-1.3262145302925903,-1.3262145302957558,-1.3262145302925903,-2.3077E-13,SENTINEL_DEALER,R03b_20260811_FULL_v1,L1_ELIGIBILITY,v2026-08-11,2026-03-21..2026-08-06,baccarat_bet02_101_all_pairs_incl_sentinel,round_win = game_pnl > 0 (decisive only),COMPATIBILITY_ONLY_NOT_PRODUCTION,557989.4742,504875.3716,9878.7574,24851,24505,-0.01770420,0.00338982,-0.02772422,-0.01770420,-9878.7574,557989.4742,OK,0.0000,395.1503,4.0000,96.0000,AG03-UNRESOLVED,ALL5_LEVELS_bet23_to_bet27,395.1503,395.1503,395.1503,0.0000,0.0000,4.000000,4.000000,4.000000,0.000000,0.000000,96.000000,96.000000,96.000000,100.000000,100.000000,5.0,1185.4509,1138.6651,8693.3065,8740.0923,PENDING_AG03,FALSE,NOT_FOR_ENFORCEMENT,9483.6071,484680.3568,9878.7574,9483.6071,395.1503,0.01770420,0.01699603,395.1503,9483.6071,0.01699603,395.1503,395.1503,395.1503,0.0000,0.0000,9483.6071,0.01699603,1185.4509,1138.6651,8693.3065,8740.0923,0.01557970,0.01566354,0.00070817,22.4534,20.6030,0.4031,82.3230,2.6463,4649.9123,204.2083,25.9152,21.1137,12.8578,14.5296,26.176,48.8436,54.2173,102.8621,13.088,0.0,3.731508,7.079487,1.545355,30,207,63,6,0.32204186,0.01770420,-0.00338982,0E-8,0.000000,0.904812,0.002133,0.03111404,2026-03-21,2026-08-06,120,3733,1703,139,0.863309,1.227414,1.154177,1.073473,,,,,,,,GLOBAL_BASELINE_NO_ENTITY_RANKING,,,NOT_APPLICABLE_GLOBAL_BASELINE,HF9g-P5,,,,X 全窗基线 · 不参与实体赏罚,15053961,1506,A168_HF9F_20260827_0900,2026-08-27 09:00:00
2026-07-24,127529701,1318,0,416.4407611080,-153.7061420494,-153.7061420494,0.3333333,18,18,0.49696916666666667,0.496969166667,-1.267541002037759,-1.2675410020403362,-1.267541002037759,-3.3333E-13,ELIGIBLE,R03b_20260811_FULL_v1,L1_ELIGIBILITY,v2026-08-11,2026-03-21..2026-08-06,baccarat_bet02_101_all_pairs_incl_sentinel,round_win = game_pnl > 0 (decisive only),COMPATIBILITY_ONLY_NOT_PRODUCTION,557989.4742,504875.3716,9878.7574,24851,24505,-0.01770420,0.00338982,-0.02772422,-0.01770420,-9878.7574,557989.4742,OK,0.0000,395.1503,4.0000,96.0000,AG03-UNRESOLVED,ALL5_LEVELS_bet23_to_bet27,395.1503,395.1503,395.1503,0.0000,0.0000,4.000000,4.000000,4.000000,0.000000,0.000000,96.000000,96.000000,96.000000,100.000000,100.000000,5.0,1185.4509,1138.6651,8693.3065,8740.0923,PENDING_AG03,FALSE,NOT_FOR_ENFORCEMENT,9483.6071,484680.3568,9878.7574,9483.6071,395.1503,0.01770420,0.01699603,395.1503,9483.6071,0.01699603,395.1503,395.1503,395.1503,0.0000,0.0000,9483.6071,0.01699603,1185.4509,1138.6651,8693.3065,8740.0923,0.01557970,0.01566354,0.00070817,22.4534,20.6030,0.4031,82.3230,2.6463,4649.9123,204.2083,25.9152,21.1137,12.8578,14.5296,26.176,48.8436,54.2173,102.8621,13.088,0.0,3.731508,7.079487,1.545355,30,207,63,6,0.32204186,0.01770420,-0.00338982,0E-8,0.000000,0.904812,0.002133,0.03111404,2026-03-21,2026-08-06,120,3733,1703,139,0.863309,1.227414,1.154177,1.073473,,,,,,,,GLOBAL_BASELINE_NO_ENTITY_RANKING,,,NOT_APPLICABLE_GLOBAL_BASELINE,HF9g-P5,,,,X 全窗基线 · 不参与实体赏罚,15053962,1506,A168_HF9F_20260827_0900,2026-08-27 09:00:00
2026-07-24,127529701,1714,0,12.9088890610,-12.9088890610,-12.9088890610,0E-7,1,1,0.50665070000000000,0.506650700000,-1.013391052207602,-1.013391052207602,-1.013391052207602,0E-17,ELIGIBLE,R03b_20260811_FULL_v1,L1_ELIGIBILITY,v2026-08-11,2026-03-21..2026-08-06,baccarat_bet02_101_all_pairs_incl_sentinel,round_win = game_pnl > 0 (decisive only),COMPATIBILITY_ONLY_NOT_PRODUCTION,557989.4742,504875.3716,9878.7574,24851,24505,-0.01770420,0.00338982,-0.02772422,-0.01770420,-9878.7574,557989.4742,OK,0.0000,395.1503,4.0000,96.0000,AG03-UNRESOLVED,ALL5_LEVELS_bet23_to_bet27,395.1503,395.1503,395.1503,0.0000,0.0000,4.000000,4.000000,4.000000,0.000000,0.000000,96.000000,96.000000,96.000000,100.000000,100.000000,5.0,1185.4509,1138.6651,8693.3065,8740.0923,PENDING_AG03,FALSE,NOT_FOR_ENFORCEMENT,9483.6071,484680.3568,9878.7574,9483.6071,395.1503,0.01770420,0.01699603,395.1503,9483.6071,0.01699603,395.1503,395.1503,395.1503,0.0000,0.0000,9483.6071,0.01699603,1185.4509,1138.6651,8693.3065,8740.0923,0.01557970,0.01566354,0.00070817,22.4534,20.6030,0.4031,82.3230,2.6463,4649.9123,204.2083,25.9152,21.1137,12.8578,14.5296,26.176,48.8436,54.2173,102.8621,13.088,0.0,3.731508,7.079487,1.545355,30,207,63,6,0.32204186,0.01770420,-0.00338982,0E-8,0.000000,0.904812,0.002133,0.03111404,2026-03-21,2026-08-06,120,3733,1703,139,0.863309,1.227414,1.154177,1.073473,,,,,,,,GLOBAL_BASELINE_NO_ENTITY_RANKING,,,NOT_APPLICABLE_GLOBAL_BASELINE,HF9g-P5,,,,X 全窗基线 · 不参与实体赏罚,15053963,1506,A168_HF9F_20260827_0900,2026-08-27 09:00:00
2026-07-24,127529701,2123,0,391.3975163295,-63.0728319519,-63.0728319519,0.4444444,21,21,0.48064594285714286,0.480645942857,-0.30741028573024354,-0.30741028572903384,-0.30741028573024354,1.4286E-13,ELIGIBLE,R03b_20260811_FULL_v1,L1_ELIGIBILITY,v2026-08-11,2026-03-21..2026-08-06,baccarat_bet02_101_all_pairs_incl_sentinel,round_win = game_pnl > 0 (decisive only),COMPATIBILITY_ONLY_NOT_PRODUCTION,557989.4742,504875.3716,9878.7574,24851,24505,-0.01770420,0.00338982,-0.02772422,-0.01770420,-9878.7574,557989.4742,OK,0.0000,395.1503,4.0000,96.0000,AG03-UNRESOLVED,ALL5_LEVELS_bet23_to_bet27,395.1503,395.1503,395.1503,0.0000,0.0000,4.000000,4.000000,4.000000,0.000000,0.000000,96.000000,96.000000,96.000000,100.000000,100.000000,5.0,1185.4509,1138.6651,8693.3065,8740.0923,PENDING_AG03,FALSE,NOT_FOR_ENFORCEMENT,9483.6071,484680.3568,9878.7574,9483.6071,395.1503,0.01770420,0.01699603,395.1503,9483.6071,0.01699603,395.1503,395.1503,395.1503,0.0000,0.0000,9483.6071,0.01699603,1185.4509,1138.6651,8693.3065,8740.0923,0.01557970,0.01566354,0.00070817,22.4534,20.6030,0.4031,82.3230,2.6463,4649.9123,204.2083,25.9152,21.1137,12.8578,14.5296,26.176,48.8436,54.2173,102.8621,13.088,0.0,3.731508,7.079487,1.545355,30,207,63,6,0.32204186,0.01770420,-0.00338982,0E-8,0.000000,0.904812,0.002133,0.03111404,2026-03-21,2026-08-06,120,3733,1703,139,0.863309,1.227414,1.154177,1.073473,,,,,,,,GLOBAL_BASELINE_NO_ENTITY_RANKING,,,NOT_APPLICABLE_GLOBAL_BASELINE,HF9g-P5,,,,X 全窗基线 · 不参与实体赏罚,15053964,1506,A168_HF9F_20260827_0900,2026-08-27 09:00:00
2026-07-24,127529701,2130,0,51.6355562440,-51.6355562440,-51.6355562440,0E-7,2,2,0.49994810000000000,0.499948100000,-1.4140667746232096,-1.4140667746232096,-1.4140667746232096,0E-17,ELIGIBLE,R03b_20260811_FULL_v1,L1_ELIGIBILITY,v2026-08-11,2026-03-21..2026-08-06,baccarat_bet02_101_all_pairs_incl_sentinel,round_win = game_pnl > 0 (decisive only),COMPATIBILITY_ONLY_NOT_PRODUCTION,557989.4742,504875.3716,9878.7574,24851,24505,-0.01770420,0.00338982,-0.02772422,-0.01770420,-9878.7574,557989.4742,OK,0.0000,395.1503,4.0000,96.0000,AG03-UNRESOLVED,ALL5_LEVELS_bet23_to_bet27,395.1503,395.1503,395.1503,0.0000,0.0000,4.000000,4.000000,4.000000,0.000000,0.000000,96.000000,96.000000,96.000000,100.000000,100.000000,5.0,1185.4509,1138.6651,8693.3065,8740.0923,PENDING_AG03,FALSE,NOT_FOR_ENFORCEMENT,9483.6071,484680.3568,9878.7574,9483.6071,395.1503,0.01770420,0.01699603,395.1503,9483.6071,0.01699603,395.1503,395.1503,395.1503,0.0000,0.0000,9483.6071,0.01699603,1185.4509,1138.6651,8693.3065,8740.0923,0.01557970,0.01566354,0.00070817,22.4534,20.6030,0.4031,82.3230,2.6463,4649.9123,204.2083,25.9152,21.1137,12.8578,14.5296,26.176,48.8436,54.2173,102.8621,13.088,0.0,3.731508,7.079487,1.545355,30,207,63,6,0.32204186,0.01770420,-0.00338982,0E-8,0.000000,0.904812,0.002133,0.03111404,2026-03-21,2026-08-06,120,3733,1703,139,0.863309,1.227414,1.154177,1.073473,,,,,,,,GLOBAL_BASELINE_NO_ENTITY_RANKING,,,NOT_APPLICABLE_GLOBAL_BASELINE,HF9g-P5,,,,X 全窗基线 · 不参与实体赏罚,15053965,1506,A168_HF9F_20260827_0900,2026-08-27 09:00:00
2026-07-24,127529701,2174,0,12.9088890610,-12.9088890610,-12.9088890610,0E-7,1,1,0.49324550000000000,0.493245500000,-0.9865810262130424,-0.9865810262130424,-0.9865810262130424,0E-17,ELIGIBLE,R03b_20260811_FULL_v1,L1_ELIGIBILITY,v2026-08-11,2026-03-21..2026-08-06,baccarat_bet02_101_all_pairs_incl_sentinel,round_win = game_pnl > 0 (decisive only),COMPATIBILITY_ONLY_NOT_PRODUCTION,557989.4742,504875.3716,9878.7574,24851,24505,-0.01770420,0.00338982,-0.02772422,-0.01770420,-9878.7574,557989.4742,OK,0.0000,395.1503,4.0000,96.0000,AG03-UNRESOLVED,ALL5_LEVELS_bet23_to_bet27,395.1503,395.1503,395.1503,0.0000,0.0000,4.000000,4.000000,4.000000,0.000000,0.000000,96.000000,96.000000,96.000000,100.000000,100.000000,5.0,1185.4509,1138.6651,8693.3065,8740.0923,PENDING_AG03,FALSE,NOT_FOR_ENFORCEMENT,9483.6071,484680.3568,9878.7574,9483.6071,395.1503,0.01770420,0.01699603,395.1503,9483.6071,0.01699603,395.1503,395.1503,395.1503,0.0000,0.0000,9483.6071,0.01699603,1185.4509,1138.6651,8693.3065,8740.0923,0.01557970,0.01566354,0.00070817,22.4534,20.6030,0.4031,82.3230,2.6463,4649.9123,204.2083,25.9152,21.1137,12.8578,14.5296,26.176,48.8436,54.2173,102.8621,13.088,0.0,3.731508,7.079487,1.545355,30,207,63,6,0.32204186,0.01770420,-0.00338982,0E-8,0.000000,0.904812,0.002133,0.03111404,2026-03-21,2026-08-06,120,3733,1703,139,0.863309,1.227414,1.154177,1.073473,,,,,,,,GLOBAL_BASELINE_NO_ENTITY_RANKING,,,NOT_APPLICABLE_GLOBAL_BASELINE,HF9g-P5,,,,X 全窗基线 · 不参与实体赏罚,15053966,1506,A168_HF9F_20260827_0900,2026-08-27 09:00:00
2026-07-24,127529701,2177,0,386.2339607052,-16.3942891074,-16.3942891074,0.5294118,19,19,0.49888979473684211,0.498889794737,0.2516912326162711,0.25169123261496884,0.2516912326162711,-1.5789E-13,ELIGIBLE,R03b_20260811_FULL_v1,L1_ELIGIBILITY,v2026-08-11,2026-03-21..2026-08-06,baccarat_bet02_101_all_pairs_incl_sentinel,round_win = game_pnl > 0 (decisive only),COMPATIBILITY_ONLY_NOT_PRODUCTION,557989.4742,504875.3716,9878.7574,24851,24505,-0.01770420,0.00338982,-0.02772422,-0.01770420,-9878.7574,557989.4742,OK,0.0000,395.1503,4.0000,96.0000,AG03-UNRESOLVED,ALL5_LEVELS_bet23_to_bet27,395.1503,395.1503,395.1503,0.0000,0.0000,4.000000,4.000000,4.000000,0.000000,0.000000,96.000000,96.000000,96.000000,100.000000,100.000000,5.0,1185.4509,1138.6651,8693.3065,8740.0923,PENDING_AG03,FALSE,NOT_FOR_ENFORCEMENT,9483.6071,484680.3568,9878.7574,9483.6071,395.1503,0.01770420,0.01699603,395.1503,9483.6071,0.01699603,395.1503,395.1503,395.1503,0.0000,0.0000,9483.6071,0.01699603,1185.4509,1138.6651,8693.3065,8740.0923,0.01557970,0.01566354,0.00070817,22.4534,20.6030,0.4031,82.3230,2.6463,4649.9123,204.2083,25.9152,21.1137,12.8578,14.5296,26.176,48.8436,54.2173,102.8621,13.088,0.0,3.731508,7.079487,1.545355,30,207,63,6,0.32204186,0.01770420,-0.00338982,0E-8,0.000000,0.904812,0.002133,0.03111404,2026-03-21,2026-08-06,120,3733,1703,139,0.863309,1.227414,1.154177,1.073473,,,,,,,,GLOBAL_BASELINE_NO_ENTITY_RANKING,,,NOT_APPLICABLE_GLOBAL_BASELINE,HF9g-P5,,,,X 全窗基线 · 不参与实体赏罚,15053967,1506,A168_HF9F_20260827_0900,2026-08-27 09:00:00
2026-07-24,127529701,2235,0,384.1685384554,211.8477783804,211.8477783804,0.7894737,20,20,0.49927784000000000,0.499277840000,2.5298713562317428,2.5298713562317428,2.5298713562317428,0E-17,ELIGIBLE,R03b_20260811_FULL_v1,L1_ELIGIBILITY,v2026-08-11,2026-03-21..2026-08-06,baccarat_bet02_101_all_pairs_incl_sentinel,round_win = game_pnl > 0 (decisive only),COMPATIBILITY_ONLY_NOT_PRODUCTION,557989.4742,504875.3716,9878.7574,24851,24505,-0.01770420,0.00338982,-0.02772422,-0.01770420,-9878.7574,557989.4742,OK,0.0000,395.1503,4.0000,96.0000,AG03-UNRESOLVED,ALL5_LEVELS_bet23_to_bet27,395.1503,395.1503,395.1503,0.0000,0.0000,4.000000,4.000000,4.000000,0.000000,0.000000,96.000000,96.000000,96.000000,100.000000,100.000000,5.0,1185.4509,1138.6651,8693.3065,8740.0923,PENDING_AG03,FALSE,NOT_FOR_ENFORCEMENT,9483.6071,484680.3568,9878.7574,9483.6071,395.1503,0.01770420,0.01699603,395.1503,9483.6071,0.01699603,395.1503,395.1503,395.1503,0.0000,0.0000,9483.6071,0.01699603,1185.4509,1138.6651,8693.3065,8740.0923,0.01557970,0.01566354,0.00070817,22.4534,20.6030,0.4031,82.3230,2.6463,4649.9123,204.2083,25.9152,21.1137,12.8578,14.5296,26.176,48.8436,54.2173,102.8621,13.088,0.0,3.731508,7.079487,1.545355,30,207,63,6,0.32204186,0.01770420,-0.00338982,0E-8,0.000000,0.904812,0.002133,0.03111404,2026-03-21,2026-08-06,120,3733,1703,139,0.863309,1.227414,1.154177,1.073473,,,,,,,,GLOBAL_BASELINE_NO_ENTITY_RANKING,,,NOT_APPLICABLE_GLOBAL_BASELINE,HF9g-P5,,,,X 全窗基线 · 不参与实体赏罚,15053968,1506,A168_HF9F_20260827_0900,2026-08-27 09:00:00
2026-07-24,127529701,919,0,90.3622234270,23.8814447629,23.8814447629,0.6666667,4,4,0.50329940000000000,0.503299400000,0.5659331339966515,0.5659331339966515,0.5659331339966515,0E-17,ELIGIBLE,R03b_20260811_FULL_v1,L1_ELIGIBILITY,v2026-08-11,2026-03-21..2026-08-06,baccarat_bet02_101_all_pairs_incl_sentinel,round_win = game_pnl > 0 (decisive only),COMPATIBILITY_ONLY_NOT_PRODUCTION,557989.4742,504875.3716,9878.7574,24851,24505,-0.01770420,0.00338982,-0.02772422,-0.01770420,-9878.7574,557989.4742,OK,0.0000,395.1503,4.0000,96.0000,AG03-UNRESOLVED,ALL5_LEVELS_bet23_to_bet27,395.1503,395.1503,395.1503,0.0000,0.0000,4.000000,4.000000,4.000000,0.000000,0.000000,96.000000,96.000000,96.000000,100.000000,100.000000,5.0,1185.4509,1138.6651,8693.3065,8740.0923,PENDING_AG03,FALSE,NOT_FOR_ENFORCEMENT,9483.6071,484680.3568,9878.7574,9483.6071,395.1503,0.01770420,0.01699603,395.1503,9483.6071,0.01699603,395.1503,395.1503,395.1503,0.0000,0.0000,9483.6071,0.01699603,1185.4509,1138.6651,8693.3065,8740.0923,0.01557970,0.01566354,0.00070817,22.4534,20.6030,0.4031,82.3230,2.6463,4649.9123,204.2083,25.9152,21.1137,12.8578,14.5296,26.176,48.8436,54.2173,102.8621,13.088,0.0,3.731508,7.079487,1.545355,30,207,63,6,0.32204186,0.01770420,-0.00338982,0E-8,0.000000,0.904812,0.002133,0.03111404,2026-03-21,2026-08-06,120,3733,1703,139,0.863309,1.227414,1.154177,1.073473,,,,,,,,GLOBAL_BASELINE_NO_ENTITY_RANKING,,,NOT_APPLICABLE_GLOBAL_BASELINE,HF9g-P5,,,,X 全窗基线 · 不参与实体赏罚,15053969,1506,A168_HF9F_20260827_0900,2026-08-27 09:00:00
2026-07-24,127529701,948,0,11.1016445925,-11.1016445925,-11.1016445925,0E-7,1,1,0.50665070000000000,0.506650700000,-1.013391052207602,-1.013391052207602,-1.013391052207602,0E-17,ELIGIBLE,R03b_20260811_FULL_v1,L1_ELIGIBILITY,v2026-08-11,2026-03-21..2026-08-06,baccarat_bet02_101_all_pairs_incl_sentinel,round_win = game_pnl > 0 (decisive only),COMPATIBILITY_ONLY_NOT_PRODUCTION,557989.4742,504875.3716,9878.7574,24851,24505,-0.01770420,0.00338982,-0.02772422,-0.01770420,-9878.7574,557989.4742,OK,0.0000,395.1503,4.0000,96.0000,AG03-UNRESOLVED,ALL5_LEVELS_bet23_to_bet27,395.1503,395.1503,395.1503,0.0000,0.0000,4.000000,4.000000,4.000000,0.000000,0.000000,96.000000,96.000000,96.000000,100.000000,100.000000,5.0,1185.4509,1138.6651,8693.3065,8740.0923,PENDING_AG03,FALSE,NOT_FOR_ENFORCEMENT,9483.6071,484680.3568,9878.7574,9483.6071,395.1503,0.01770420,0.01699603,395.1503,9483.6071,0.01699603,395.1503,395.1503,395.1503,0.0000,0.0000,9483.6071,0.01699603,1185.4509,1138.6651,8693.3065,8740.0923,0.01557970,0.01566354,0.00070817,22.4534,20.6030,0.4031,82.3230,2.6463,4649.9123,204.2083,25.9152,21.1137,12.8578,14.5296,26.176,48.8436,54.2173,102.8621,13.088,0.0,3.731508,7.079487,1.545355,30,207,63,6,0.32204186,0.01770420,-0.00338982,0E-8,0.000000,0.904812,0.002133,0.03111404,2026-03-21,2026-08-06,120,3733,1703,139,0.863309,1.227414,1.154177,1.073473,,,,,,,,GLOBAL_BASELINE_NO_ENTITY_RANKING,,,NOT_APPLICABLE_GLOBAL_BASELINE,HF9g-P5,,,,X 全窗基线 · 不参与实体赏罚,15053970,1506,A168_HF9F_20260827_0900,2026-08-27 09:00:00
2026-07-24,127529701,986,0,177.6263134794,-47.1819895179,-47.1819895179,0.3636364,11,11,0.49690146363636364,0.496901463636,-0.8839976432560931,-0.8839976432536849,-0.8839976432560931,3.6364E-13,ELIGIBLE,R03b_20260811_FULL_v1,L1_ELIGIBILITY,v2026-08-11,2026-03-21..2026-08-06,baccarat_bet02_101_all_pairs_incl_sentinel,round_win = game_pnl > 0 (decisive only),COMPATIBILITY_ONLY_NOT_PRODUCTION,557989.4742,504875.3716,9878.7574,24851,24505,-0.01770420,0.00338982,-0.02772422,-0.01770420,-9878.7574,557989.4742,OK,0.0000,395.1503,4.0000,96.0000,AG03-UNRESOLVED,ALL5_LEVELS_bet23_to_bet27,395.1503,395.1503,395.1503,0.0000,0.0000,4.000000,4.000000,4.000000,0.000000,0.000000,96.000000,96.000000,96.000000,100.000000,100.000000,5.0,1185.4509,1138.6651,8693.3065,8740.0923,PENDING_AG03,FALSE,NOT_FOR_ENFORCEMENT,9483.6071,484680.3568,9878.7574,9483.6071,395.1503,0.01770420,0.01699603,395.1503,9483.6071,0.01699603,395.1503,395.1503,395.1503,0.0000,0.0000,9483.6071,0.01699603,1185.4509,1138.6651,8693.3065,8740.0923,0.01557970,0.01566354,0.00070817,22.4534,20.6030,0.4031,82.3230,2.6463,4649.9123,204.2083,25.9152,21.1137,12.8578,14.5296,26.176,48.8436,54.2173,102.8621,13.088,0.0,3.731508,7.079487,1.545355,30,207,63,6,0.32204186,0.01770420,-0.00338982,0E-8,0.000000,0.904812,0.002133,0.03111404,2026-03-21,2026-08-06,120,3733,1703,139,0.863309,1.227414,1.154177,1.073473,,,,,,,,GLOBAL_BASELINE_NO_ENTITY_RANKING,,,NOT_APPLICABLE_GLOBAL_BASELINE,HF9g-P5,,,,X 全窗基线 · 不参与实体赏罚,15053971,1506,A168_HF9F_20260827_0900,2026-08-27 09:00:00
2026-07-25,127529701,-1,1,222.0328918492,36.0803449256,36.0803449256,0.6000000,11,11,0.49933877272727273,0.499338772727,0.6366380572032987,0.6366380572050242,0.6366380572032987,2.7273E-13,SENTINEL_DEALER,R03b_20260811_FULL_v1,L1_ELIGIBILITY,v2026-08-11,2026-03-21..2026-08-06,baccarat_bet02_101_all_pairs_incl_sentinel,round_win = game_pnl > 0 (decisive only),COMPATIBILITY_ONLY_NOT_PRODUCTION,557989.4742,504875.3716,9878.7574,24851,24505,-0.01770420,0.00338982,-0.02772422,-0.01770420,-9878.7574,557989.4742,OK,0.0000,395.1503,4.0000,96.0000,AG03-UNRESOLVED,ALL5_LEVELS_bet23_to_bet27,395.1503,395.1503,395.1503,0.0000,0.0000,4.000000,4.000000,4.000000,0.000000,0.000000,96.000000,96.000000,96.000000,100.000000,100.000000,5.0,1185.4509,1138.6651,8693.3065,8740.0923,PENDING_AG03,FALSE,NOT_FOR_ENFORCEMENT,9483.6071,484680.3568,9878.7574,9483.6071,395.1503,0.01770420,0.01699603,395.1503,9483.6071,0.01699603,395.1503,395.1503,395.1503,0.0000,0.0000,9483.6071,0.01699603,1185.4509,1138.6651,8693.3065,8740.0923,0.01557970,0.01566354,0.00070817,22.4534,20.6030,0.4031,82.3230,2.6463,4649.9123,204.2083,25.9152,21.1137,12.8578,14.5296,26.176,48.8436,54.2173,102.8621,13.088,0.0,3.731508,7.079487,1.545355,30,207,63,6,0.32204186,0.01770420,-0.00338982,0E-8,0.000000,0.904812,0.002133,0.03111404,2026-03-21,2026-08-06,120,3733,1703,139,0.863309,1.227414,1.154177,1.073473,,,,,,,,GLOBAL_BASELINE_NO_ENTITY_RANKING,,,NOT_APPLICABLE_GLOBAL_BASELINE,HF9g-P5,,,,X 全窗基线 · 不参与实体赏罚,15053972,1506,A168_HF9F_20260827_0900,2026-08-27 09:00:00
2026-07-25,127529701,1109,0,477.6288952571,-249.1415588773,-249.1415588773,0.4166667,13,13,0.50149485384615385,0.501494853846,-0.5877095470186355,-0.5877095470175692,-0.5877095470186355,1.5385E-13,ELIGIBLE,R03b_20260811_FULL_v1,L1_ELIGIBILITY,v2026-08-11,2026-03-21..2026-08-06,baccarat_bet02_101_all_pairs_incl_sentinel,round_win = game_pnl > 0 (decisive only),COMPATIBILITY_ONLY_NOT_PRODUCTION,557989.4742,504875.3716,9878.7574,24851,24505,-0.01770420,0.00338982,-0.02772422,-0.01770420,-9878.7574,557989.4742,OK,0.0000,395.1503,4.0000,96.0000,AG03-UNRESOLVED,ALL5_LEVELS_bet23_to_bet27,395.1503,395.1503,395.1503,0.0000,0.0000,4.000000,4.000000,4.000000,0.000000,0.000000,96.000000,96.000000,96.000000,100.000000,100.000000,5.0,1185.4509,1138.6651,8693.3065,8740.0923,PENDING_AG03,FALSE,NOT_FOR_ENFORCEMENT,9483.6071,484680.3568,9878.7574,9483.6071,395.1503,0.01770420,0.01699603,395.1503,9483.6071,0.01699603,395.1503,395.1503,395.1503,0.0000,0.0000,9483.6071,0.01699603,1185.4509,1138.6651,8693.3065,8740.0923,0.01557970,0.01566354,0.00070817,22.4534,20.6030,0.4031,82.3230,2.6463,4649.9123,204.2083,25.9152,21.1137,12.8578,14.5296,26.176,48.8436,54.2173,102.8621,13.088,0.0,3.731508,7.079487,1.545355,30,207,63,6,0.32204186,0.01770420,-0.00338982,0E-8,0.000000,0.904812,0.002133,0.03111404,2026-03-21,2026-08-06,120,3733,1703,139,0.863309,1.227414,1.154177,1.073473,,,,,,,,GLOBAL_BASELINE_NO_ENTITY_RANKING,,,NOT_APPLICABLE_GLOBAL_BASELINE,HF9g-P5,,,,X 全窗基线 · 不参与实体赏罚,15053973,1506,A168_HF9F_20260827_0900,2026-08-27 09:00:00
2026-07-25,127529701,1205,0,632.5355639890,-94.2348901453,-94.2348901453,0.4375000,20,20,0.49994810000000000,0.499948100000,-0.49958480269137323,-0.49958480269137323,-0.49958480269137323,0E-17,ELIGIBLE,R03b_20260811_FULL_v1,L1_ELIGIBILITY,v2026-08-11,2026-03-21..2026-08-06,baccarat_bet02_101_all_pairs_incl_sentinel,round_win = game_pnl > 0 (decisive only),COMPATIBILITY_ONLY_NOT_PRODUCTION,557989.4742,504875.3716,9878.7574,24851,24505,-0.01770420,0.00338982,-0.02772422,-0.01770420,-9878.7574,557989.4742,OK,0.0000,395.1503,4.0000,96.0000,AG03-UNRESOLVED,ALL5_LEVELS_bet23_to_bet27,395.1503,395.1503,395.1503,0.0000,0.0000,4.000000,4.000000,4.000000,0.000000,0.000000,96.000000,96.000000,96.000000,100.000000,100.000000,5.0,1185.4509,1138.6651,8693.3065,8740.0923,PENDING_AG03,FALSE,NOT_FOR_ENFORCEMENT,9483.6071,484680.3568,9878.7574,9483.6071,395.1503,0.01770420,0.01699603,395.1503,9483.6071,0.01699603,395.1503,395.1503,395.1503,0.0000,0.0000,9483.6071,0.01699603,1185.4509,1138.6651,8693.3065,8740.0923,0.01557970,0.01566354,0.00070817,22.4534,20.6030,0.4031,82.3230,2.6463,4649.9123,204.2083,25.9152,21.1137,12.8578,14.5296,26.176,48.8436,54.2173,102.8621,13.088,0.0,3.731508,7.079487,1.545355,30,207,63,6,0.32204186,0.01770420,-0.00338982,0E-8,0.000000,0.904812,0.002133,0.03111404,2026-03-21,2026-08-06,120,3733,1703,139,0.863309,1.227414,1.154177,1.073473,,,,,,,,GLOBAL_BASELINE_NO_ENTITY_RANKING,,,NOT_APPLICABLE_GLOBAL_BASELINE,HF9g-P5,,,,X 全窗基线 · 不参与实体赏罚,15053974,1506,A168_HF9F_20260827_0900,2026-08-27 09:00:00
2026-07-25,127529701,1306,0,22.4614669661,-6.9708000929,-6.9708000929,0E-7,2,2,0.49994810000000000,0.499948100000,-0.9998962053866608,-0.9998962053866608,-0.9998962053866608,0E-17,ELIGIBLE,R03b_20260811_FULL_v1,L1_ELIGIBILITY,v2026-08-11,2026-03-21..2026-08-06,baccarat_bet02_101_all_pairs_incl_sentinel,round_win = game_pnl > 0 (decisive only),COMPATIBILITY_ONLY_NOT_PRODUCTION,557989.4742,504875.3716,9878.7574,24851,24505,-0.01770420,0.00338982,-0.02772422,-0.01770420,-9878.7574,557989.4742,OK,0.0000,395.1503,4.0000,96.0000,AG03-UNRESOLVED,ALL5_LEVELS_bet23_to_bet27,395.1503,395.1503,395.1503,0.0000,0.0000,4.000000,4.000000,4.000000,0.000000,0.000000,96.000000,96.000000,96.000000,100.000000,100.000000,5.0,1185.4509,1138.6651,8693.3065,8740.0923,PENDING_AG03,FALSE,NOT_FOR_ENFORCEMENT,9483.6071,484680.3568,9878.7574,9483.6071,395.1503,0.01770420,0.01699603,395.1503,9483.6071,0.01699603,395.1503,395.1503,395.1503,0.0000,0.0000,9483.6071,0.01699603,1185.4509,1138.6651,8693.3065,8740.0923,0.01557970,0.01566354,0.00070817,22.4534,20.6030,0.4031,82.3230,2.6463,4649.9123,204.2083,25.9152,21.1137,12.8578,14.5296,26.176,48.8436,54.2173,102.8621,13.088,0.0,3.731508,7.079487,1.545355,30,207,63,6,0.32204186,0.01770420,-0.00338982,0E-8,0.000000,0.904812,0.002133,0.03111404,2026-03-21,2026-08-06,120,3733,1703,139,0.863309,1.227414,1.154177,1.073473,,,,,,,,GLOBAL_BASELINE_NO_ENTITY_RANKING,,,NOT_APPLICABLE_GLOBAL_BASELINE,HF9g-P5,,,,X 全窗基线 · 不参与实体赏罚,15053975,1506,A168_HF9F_20260827_0900,2026-08-27 09:00:00
2026-07-25,127529701,1318,0,113.5982237368,100.6893346759,100.6893346759,0.8000000,5,5,0.41619800000000000,0.416198000000,1.7410428180415862,1.7410428180415862,1.7410428180415862,0E-17,ELIGIBLE,R03b_20260811_FULL_v1,L1_ELIGIBILITY,v2026-08-11,2026-03-21..2026-08-06,baccarat_bet02_101_all_pairs_incl_sentinel,round_win = game_pnl > 0 (decisive only),COMPATIBILITY_ONLY_NOT_PRODUCTION,557989.4742,504875.3716,9878.7574,24851,24505,-0.01770420,0.00338982,-0.02772422,-0.01770420,-9878.7574,557989.4742,OK,0.0000,395.1503,4.0000,96.0000,AG03-UNRESOLVED,ALL5_LEVELS_bet23_to_bet27,395.1503,395.1503,395.1503,0.0000,0.0000,4.000000,4.000000,4.000000,0.000000,0.000000,96.000000,96.000000,96.000000,100.000000,100.000000,5.0,1185.4509,1138.6651,8693.3065,8740.0923,PENDING_AG03,FALSE,NOT_FOR_ENFORCEMENT,9483.6071,484680.3568,9878.7574,9483.6071,395.1503,0.01770420,0.01699603,395.1503,9483.6071,0.01699603,395.1503,395.1503,395.1503,0.0000,0.0000,9483.6071,0.01699603,1185.4509,1138.6651,8693.3065,8740.0923,0.01557970,0.01566354,0.00070817,22.4534,20.6030,0.4031,82.3230,2.6463,4649.9123,204.2083,25.9152,21.1137,12.8578,14.5296,26.176,48.8436,54.2173,102.8621,13.088,0.0,3.731508,7.079487,1.545355,30,207,63,6,0.32204186,0.01770420,-0.00338982,0E-8,0.000000,0.904812,0.002133,0.03111404,2026-03-21,2026-08-06,120,3733,1703,139,0.863309,1.227414,1.154177,1.073473,,,,,,,,GLOBAL_BASELINE_NO_ENTITY_RANKING,,,NOT_APPLICABLE_GLOBAL_BASELINE,HF9g-P5,,,,X 全窗基线 · 不参与实体赏罚,15053976,1506,A168_HF9F_20260827_0900,2026-08-27 09:00:00
2026-07-25,127529701,1323,0,371.0014716131,83.3268788889,83.3268788889,0.7333333,17,17,0.50270799411764706,0.502707994118,1.7864423969773255,1.7864423969745986,1.7864423969773255,-3.5294E-13,ELIGIBLE,R03b_20260811_FULL_v1,L1_ELIGIBILITY,v2026-08-11,2026-03-21..2026-08-06,baccarat_bet02_101_all_pairs_incl_sentinel,round_win = game_pnl > 0 (decisive only),COMPATIBILITY_ONLY_NOT_PRODUCTION,557989.4742,504875.3716,9878.7574,24851,24505,-0.01770420,0.00338982,-0.02772422,-0.01770420,-9878.7574,557989.4742,OK,0.0000,395.1503,4.0000,96.0000,AG03-UNRESOLVED,ALL5_LEVELS_bet23_to_bet27,395.1503,395.1503,395.1503,0.0000,0.0000,4.000000,4.000000,4.000000,0.000000,0.000000,96.000000,96.000000,96.000000,100.000000,100.000000,5.0,1185.4509,1138.6651,8693.3065,8740.0923,PENDING_AG03,FALSE,NOT_FOR_ENFORCEMENT,9483.6071,484680.3568,9878.7574,9483.6071,395.1503,0.01770420,0.01699603,395.1503,9483.6071,0.01699603,395.1503,395.1503,395.1503,0.0000,0.0000,9483.6071,0.01699603,1185.4509,1138.6651,8693.3065,8740.0923,0.01557970,0.01566354,0.00070817,22.4534,20.6030,0.4031,82.3230,2.6463,4649.9123,204.2083,25.9152,21.1137,12.8578,14.5296,26.176,48.8436,54.2173,102.8621,13.088,0.0,3.731508,7.079487,1.545355,30,207,63,6,0.32204186,0.01770420,-0.00338982,0E-8,0.000000,0.904812,0.002133,0.03111404,2026-03-21,2026-08-06,120,3733,1703,139,0.863309,1.227414,1.154177,1.073473,,,,,,,,GLOBAL_BASELINE_NO_ENTITY_RANKING,,,NOT_APPLICABLE_GLOBAL_BASELINE,HF9g-P5,,,,X 全窗基线 · 不参与实体赏罚,15053977,1506,A168_HF9F_20260827_0900,2026-08-27 09:00:00
2026-07-25,127529701,1330,0,436.8368058243,-43.0124183513,-43.0124183513,0.5000000,18,18,0.50218230000000000,0.502182300000,-0.018517605921566614,-0.018517605921566614,-0.018517605921566614,0E-17,ELIGIBLE,R03b_20260811_FULL_v1,L1_ELIGIBILITY,v2026-08-11,2026-03-21..2026-08-06,baccarat_bet02_101_all_pairs_incl_sentinel,round_win = game_pnl > 0 (decisive only),COMPATIBILITY_ONLY_NOT_PRODUCTION,557989.4742,504875.3716,9878.7574,24851,24505,-0.01770420,0.00338982,-0.02772422,-0.01770420,-9878.7574,557989.4742,OK,0.0000,395.1503,4.0000,96.0000,AG03-UNRESOLVED,ALL5_LEVELS_bet23_to_bet27,395.1503,395.1503,395.1503,0.0000,0.0000,4.000000,4.000000,4.000000,0.000000,0.000000,96.000000,96.000000,96.000000,100.000000,100.000000,5.0,1185.4509,1138.6651,8693.3065,8740.0923,PENDING_AG03,FALSE,NOT_FOR_ENFORCEMENT,9483.6071,484680.3568,9878.7574,9483.6071,395.1503,0.01770420,0.01699603,395.1503,9483.6071,0.01699603,395.1503,395.1503,395.1503,0.0000,0.0000,9483.6071,0.01699603,1185.4509,1138.6651,8693.3065,8740.0923,0.01557970,0.01566354,0.00070817,22.4534,20.6030,0.4031,82.3230,2.6463,4649.9123,204.2083,25.9152,21.1137,12.8578,14.5296,26.176,48.8436,54.2173,102.8621,13.088,0.0,3.731508,7.079487,1.545355,30,207,63,6,0.32204186,0.01770420,-0.00338982,0E-8,0.000000,0.904812,0.002133,0.03111404,2026-03-21,2026-08-06,120,3733,1703,139,0.863309,1.227414,1.154177,1.073473,,,,,,,,GLOBAL_BASELINE_NO_ENTITY_RANKING,,,NOT_APPLICABLE_GLOBAL_BASELINE,HF9g-P5,,,,X 全窗基线 · 不参与实体赏罚,15053978,1506,A168_HF9F_20260827_0900,2026-08-27 09:00:00
2026-07-25,127529701,1363,0,10.3271112488,10.3271112488,10.3271112488,1.0000000,1,1,0.49324550000000000,0.493245500000,1.01360149184955,1.01360149184955,1.01360149184955,0E-17,ELIGIBLE,R03b_20260811_FULL_v1,L1_ELIGIBILITY,v2026-08-11,2026-03-21..2026-08-06,baccarat_bet02_101_all_pairs_incl_sentinel,round_win = game_pnl > 0 (decisive only),COMPATIBILITY_ONLY_NOT_PRODUCTION,557989.4742,504875.3716,9878.7574,24851,24505,-0.01770420,0.00338982,-0.02772422,-0.01770420,-9878.7574,557989.4742,OK,0.0000,395.1503,4.0000,96.0000,AG03-UNRESOLVED,ALL5_LEVELS_bet23_to_bet27,395.1503,395.1503,395.1503,0.0000,0.0000,4.000000,4.000000,4.000000,0.000000,0.000000,96.000000,96.000000,96.000000,100.000000,100.000000,5.0,1185.4509,1138.6651,8693.3065,8740.0923,PENDING_AG03,FALSE,NOT_FOR_ENFORCEMENT,9483.6071,484680.3568,9878.7574,9483.6071,395.1503,0.01770420,0.01699603,395.1503,9483.6071,0.01699603,395.1503,395.1503,395.1503,0.0000,0.0000,9483.6071,0.01699603,1185.4509,1138.6651,8693.3065,8740.0923,0.01557970,0.01566354,0.00070817,22.4534,20.6030,0.4031,82.3230,2.6463,4649.9123,204.2083,25.9152,21.1137,12.8578,14.5296,26.176,48.8436,54.2173,102.8621,13.088,0.0,3.731508,7.079487,1.545355,30,207,63,6,0.32204186,0.01770420,-0.00338982,0E-8,0.000000,0.904812,0.002133,0.03111404,2026-03-21,2026-08-06,120,3733,1703,139,0.863309,1.227414,1.154177,1.073473,,,,,,,,GLOBAL_BASELINE_NO_ENTITY_RANKING,,,NOT_APPLICABLE_GLOBAL_BASELINE,HF9g-P5,,,,X 全窗基线 · 不参与实体赏罚,15053979,1506,A168_HF9F_20260827_0900,2026-08-27 09:00:00
2026-07-25,127529701,1374,0,541.3988072184,8.0035112179,8.0035112179,0.5454545,13,13,0.49943251538461538,0.499432515385,0.30527580828618983,0.3052758082836383,0.30527580828618983,-3.8462E-13,ELIGIBLE,R03b_20260811_FULL_v1,L1_ELIGIBILITY,v2026-08-11,2026-03-21..2026-08-06,baccarat_bet02_101_all_pairs_incl_sentinel,round_win = game_pnl > 0 (decisive only),COMPATIBILITY_ONLY_NOT_PRODUCTION,557989.4742,504875.3716,9878.7574,24851,24505,-0.01770420,0.00338982,-0.02772422,-0.01770420,-9878.7574,557989.4742,OK,0.0000,395.1503,4.0000,96.0000,AG03-UNRESOLVED,ALL5_LEVELS_bet23_to_bet27,395.1503,395.1503,395.1503,0.0000,0.0000,4.000000,4.000000,4.000000,0.000000,0.000000,96.000000,96.000000,96.000000,100.000000,100.000000,5.0,1185.4509,1138.6651,8693.3065,8740.0923,PENDING_AG03,FALSE,NOT_FOR_ENFORCEMENT,9483.6071,484680.3568,9878.7574,9483.6071,395.1503,0.01770420,0.01699603,395.1503,9483.6071,0.01699603,395.1503,395.1503,395.1503,0.0000,0.0000,9483.6071,0.01699603,1185.4509,1138.6651,8693.3065,8740.0923,0.01557970,0.01566354,0.00070817,22.4534,20.6030,0.4031,82.3230,2.6463,4649.9123,204.2083,25.9152,21.1137,12.8578,14.5296,26.176,48.8436,54.2173,102.8621,13.088,0.0,3.731508,7.079487,1.545355,30,207,63,6,0.32204186,0.01770420,-0.00338982,0E-8,0.000000,0.904812,0.002133,0.03111404,2026-03-21,2026-08-06,120,3733,1703,139,0.863309,1.227414,1.154177,1.073473,,,,,,,,GLOBAL_BASELINE_NO_ENTITY_RANKING,,,NOT_APPLICABLE_GLOBAL_BASELINE,HF9g-P5,,,,X 全窗基线 · 不参与实体赏罚,15053980,1506,A168_HF9F_20260827_0900,2026-08-27 09:00:00
2026-07-25,127529701,1383,0,957.8395683262,45.6974672760,45.6974672760,0.5833333,27,27,0.50118932222222222,0.501189322222,0.8048459274829205,0.8048459274850969,0.8048459274829205,2.2222E-13,ELIGIBLE,R03b_20260811_FULL_v1,L1_ELIGIBILITY,v2026-08-11,2026-03-21..2026-08-06,baccarat_bet02_101_all_pairs_incl_sentinel,round_win = game_pnl > 0 (decisive only),COMPATIBILITY_ONLY_NOT_PRODUCTION,557989.4742,504875.3716,9878.7574,24851,24505,-0.01770420,0.00338982,-0.02772422,-0.01770420,-9878.7574,557989.4742,OK,0.0000,395.1503,4.0000,96.0000,AG03-UNRESOLVED,ALL5_LEVELS_bet23_to_bet27,395.1503,395.1503,395.1503,0.0000,0.0000,4.000000,4.000000,4.000000,0.000000,0.000000,96.000000,96.000000,96.000000,100.000000,100.000000,5.0,1185.4509,1138.6651,8693.3065,8740.0923,PENDING_AG03,FALSE,NOT_FOR_ENFORCEMENT,9483.6071,484680.3568,9878.7574,9483.6071,395.1503,0.01770420,0.01699603,395.1503,9483.6071,0.01699603,395.1503,395.1503,395.1503,0.0000,0.0000,9483.6071,0.01699603,1185.4509,1138.6651,8693.3065,8740.0923,0.01557970,0.01566354,0.00070817,22.4534,20.6030,0.4031,82.3230,2.6463,4649.9123,204.2083,25.9152,21.1137,12.8578,14.5296,26.176,48.8436,54.2173,102.8621,13.088,0.0,3.731508,7.079487,1.545355,30,207,63,6,0.32204186,0.01770420,-0.00338982,0E-8,0.000000,0.904812,0.002133,0.03111404,2026-03-21,2026-08-06,120,3733,1703,139,0.863309,1.227414,1.154177,1.073473,,,,,,,,GLOBAL_BASELINE_NO_ENTITY_RANKING,,,NOT_APPLICABLE_GLOBAL_BASELINE,HF9g-P5,,,,X 全窗基线 · 不参与实体赏罚,15053981,1506,A168_HF9F_20260827_0900,2026-08-27 09:00:00
2026-07-25,127529701,1384,0,200.8623137893,-123.3315260889,-123.3315260889,0.4000000,5,5,0.50128862000000000,0.501288620000,-0.4529779837142727,-0.4529779837142727,-0.4529779837142727,0E-17,ELIGIBLE,R03b_20260811_FULL_v1,L1_ELIGIBILITY,v2026-08-11,2026-03-21..2026-08-06,baccarat_bet02_101_all_pairs_incl_sentinel,round_win = game_pnl > 0 (decisive only),COMPATIBILITY_ONLY_NOT_PRODUCTION,557989.4742,504875.3716,9878.7574,24851,24505,-0.01770420,0.00338982,-0.02772422,-0.01770420,-9878.7574,557989.4742,OK,0.0000,395.1503,4.0000,96.0000,AG03-UNRESOLVED,ALL5_LEVELS_bet23_to_bet27,395.1503,395.1503,395.1503,0.0000,0.0000,4.000000,4.000000,4.000000,0.000000,0.000000,96.000000,96.000000,96.000000,100.000000,100.000000,5.0,1185.4509,1138.6651,8693.3065,8740.0923,PENDING_AG03,FALSE,NOT_FOR_ENFORCEMENT,9483.6071,484680.3568,9878.7574,9483.6071,395.1503,0.01770420,0.01699603,395.1503,9483.6071,0.01699603,395.1503,395.1503,395.1503,0.0000,0.0000,9483.6071,0.01699603,1185.4509,1138.6651,8693.3065,8740.0923,0.01557970,0.01566354,0.00070817,22.4534,20.6030,0.4031,82.3230,2.6463,4649.9123,204.2083,25.9152,21.1137,12.8578,14.5296,26.176,48.8436,54.2173,102.8621,13.088,0.0,3.731508,7.079487,1.545355,30,207,63,6,0.32204186,0.01770420,-0.00338982,0E-8,0.000000,0.904812,0.002133,0.03111404,2026-03-21,2026-08-06,120,3733,1703,139,0.863309,1.227414,1.154177,1.073473,,,,,,,,GLOBAL_BASELINE_NO_ENTITY_RANKING,,,NOT_APPLICABLE_GLOBAL_BASELINE,HF9g-P5,,,,X 全窗基线 · 不参与实体赏罚,15053982,1506,A168_HF9F_20260827_0900,2026-08-27 09:00:00
2026-07-25,127529701,1485,0,1214.7264606401,242.9452921282,242.9452921282,0.6190476,44,44,0.50055742727272727,0.500557427273,1.5358093708249219,1.535809370821388,1.5358093708249219,-2.7273E-13,ELIGIBLE,R03b_20260811_FULL_v1,L1_ELIGIBILITY,v2026-08-11,2026-03-21..2026-08-06,baccarat_bet02_101_all_pairs_incl_sentinel,round_win = game_pnl > 0 (decisive only),COMPATIBILITY_ONLY_NOT_PRODUCTION,557989.4742,504875.3716,9878.7574,24851,24505,-0.01770420,0.00338982,-0.02772422,-0.01770420,-9878.7574,557989.4742,OK,0.0000,395.1503,4.0000,96.0000,AG03-UNRESOLVED,ALL5_LEVELS_bet23_to_bet27,395.1503,395.1503,395.1503,0.0000,0.0000,4.000000,4.000000,4.000000,0.000000,0.000000,96.000000,96.000000,96.000000,100.000000,100.000000,5.0,1185.4509,1138.6651,8693.3065,8740.0923,PENDING_AG03,FALSE,NOT_FOR_ENFORCEMENT,9483.6071,484680.3568,9878.7574,9483.6071,395.1503,0.01770420,0.01699603,395.1503,9483.6071,0.01699603,395.1503,395.1503,395.1503,0.0000,0.0000,9483.6071,0.01699603,1185.4509,1138.6651,8693.3065,8740.0923,0.01557970,0.01566354,0.00070817,22.4534,20.6030,0.4031,82.3230,2.6463,4649.9123,204.2083,25.9152,21.1137,12.8578,14.5296,26.176,48.8436,54.2173,102.8621,13.088,0.0,3.731508,7.079487,1.545355,30,207,63,6,0.32204186,0.01770420,-0.00338982,0E-8,0.000000,0.904812,0.002133,0.03111404,2026-03-21,2026-08-06,120,3733,1703,139,0.863309,1.227414,1.154177,1.073473,,,,,,,,GLOBAL_BASELINE_NO_ENTITY_RANKING,,,NOT_APPLICABLE_GLOBAL_BASELINE,HF9g-P5,,,,X 全窗基线 · 不参与实体赏罚,15053983,1506,A168_HF9F_20260827_0900,2026-08-27 09:00:00
2026-07-25,127529701,1646,0,524.1008958766,-22.3323780754,-22.3323780754,0.5333333,16,16,0.50162375000000000,0.501623750000,0.24562267153358483,0.24562267153358483,0.24562267153358483,0E-17,ELIGIBLE,R03b_20260811_FULL_v1,L1_ELIGIBILITY,v2026-08-11,2026-03-21..2026-08-06,baccarat_bet02_101_all_pairs_incl_sentinel,round_win = game_pnl > 0 (decisive only),COMPATIBILITY_ONLY_NOT_PRODUCTION,557989.4742,504875.3716,9878.7574,24851,24505,-0.01770420,0.00338982,-0.02772422,-0.01770420,-9878.7574,557989.4742,OK,0.0000,395.1503,4.0000,96.0000,AG03-UNRESOLVED,ALL5_LEVELS_bet23_to_bet27,395.1503,395.1503,395.1503,0.0000,0.0000,4.000000,4.000000,4.000000,0.000000,0.000000,96.000000,96.000000,96.000000,100.000000,100.000000,5.0,1185.4509,1138.6651,8693.3065,8740.0923,PENDING_AG03,FALSE,NOT_FOR_ENFORCEMENT,9483.6071,484680.3568,9878.7574,9483.6071,395.1503,0.01770420,0.01699603,395.1503,9483.6071,0.01699603,395.1503,395.1503,395.1503,0.0000,0.0000,9483.6071,0.01699603,1185.4509,1138.6651,8693.3065,8740.0923,0.01557970,0.01566354,0.00070817,22.4534,20.6030,0.4031,82.3230,2.6463,4649.9123,204.2083,25.9152,21.1137,12.8578,14.5296,26.176,48.8436,54.2173,102.8621,13.088,0.0,3.731508,7.079487,1.545355,30,207,63,6,0.32204186,0.01770420,-0.00338982,0E-8,0.000000,0.904812,0.002133,0.03111404,2026-03-21,2026-08-06,120,3733,1703,139,0.863309,1.227414,1.154177,1.073473,,,,,,,,GLOBAL_BASELINE_NO_ENTITY_RANKING,,,NOT_APPLICABLE_GLOBAL_BASELINE,HF9g-P5,,,,X 全窗基线 · 不参与实体赏罚,15053984,1506,A168_HF9F_20260827_0900,2026-08-27 09:00:00
2026-07-25,127529701,1710,0,1245.4496166054,86.1022900371,86.1022900371,0.5000000,42,42,0.49930975714285714,0.499309757143,0.00828292217826948,0.008282922176555154,0.00828292217826948,-1.4286E-13,ELIGIBLE,R03b_20260811_FULL_v1,L1_ELIGIBILITY,v2026-08-11,2026-03-21..2026-08-06,baccarat_bet02_101_all_pairs_incl_sentinel,round_win = game_pnl > 0 (decisive only),COMPATIBILITY_ONLY_NOT_PRODUCTION,557989.4742,504875.3716,9878.7574,24851,24505,-0.01770420,0.00338982,-0.02772422,-0.01770420,-9878.7574,557989.4742,OK,0.0000,395.1503,4.0000,96.0000,AG03-UNRESOLVED,ALL5_LEVELS_bet23_to_bet27,395.1503,395.1503,395.1503,0.0000,0.0000,4.000000,4.000000,4.000000,0.000000,0.000000,96.000000,96.000000,96.000000,100.000000,100.000000,5.0,1185.4509,1138.6651,8693.3065,8740.0923,PENDING_AG03,FALSE,NOT_FOR_ENFORCEMENT,9483.6071,484680.3568,9878.7574,9483.6071,395.1503,0.01770420,0.01699603,395.1503,9483.6071,0.01699603,395.1503,395.1503,395.1503,0.0000,0.0000,9483.6071,0.01699603,1185.4509,1138.6651,8693.3065,8740.0923,0.01557970,0.01566354,0.00070817,22.4534,20.6030,0.4031,82.3230,2.6463,4649.9123,204.2083,25.9152,21.1137,12.8578,14.5296,26.176,48.8436,54.2173,102.8621,13.088,0.0,3.731508,7.079487,1.545355,30,207,63,6,0.32204186,0.01770420,-0.00338982,0E-8,0.000000,0.904812,0.002133,0.03111404,2026-03-21,2026-08-06,120,3733,1703,139,0.863309,1.227414,1.154177,1.073473,,,,,,,,GLOBAL_BASELINE_NO_ENTITY_RANKING,,,NOT_APPLICABLE_GLOBAL_BASELINE,HF9g-P5,,,,X 全窗基线 · 不参与实体赏罚,15053985,1506,A168_HF9F_20260827_0900,2026-08-27 09:00:00
2026-07-25,127529701,1947,0,167.8155577930,-8.6489556709,-8.6489556709,0.5000000,7,7,0.49707555714285714,0.497075557143,0.011697971520951105,0.011697971520379635,0.011697971520951105,-1.4286E-13,ELIGIBLE,R03b_20260811_FULL_v1,L1_ELIGIBILITY,v2026-08-11,2026-03-21..2026-08-06,baccarat_bet02_101_all_pairs_incl_sentinel,round_win = game_pnl > 0 (decisive only),COMPATIBILITY_ONLY_NOT_PRODUCTION,557989.4742,504875.3716,9878.7574,24851,24505,-0.01770420,0.00338982,-0.02772422,-0.01770420,-9878.7574,557989.4742,OK,0.0000,395.1503,4.0000,96.0000,AG03-UNRESOLVED,ALL5_LEVELS_bet23_to_bet27,395.1503,395.1503,395.1503,0.0000,0.0000,4.000000,4.000000,4.000000,0.000000,0.000000,96.000000,96.000000,96.000000,100.000000,100.000000,5.0,1185.4509,1138.6651,8693.3065,8740.0923,PENDING_AG03,FALSE,NOT_FOR_ENFORCEMENT,9483.6071,484680.3568,9878.7574,9483.6071,395.1503,0.01770420,0.01699603,395.1503,9483.6071,0.01699603,395.1503,395.1503,395.1503,0.0000,0.0000,9483.6071,0.01699603,1185.4509,1138.6651,8693.3065,8740.0923,0.01557970,0.01566354,0.00070817,22.4534,20.6030,0.4031,82.3230,2.6463,4649.9123,204.2083,25.9152,21.1137,12.8578,14.5296,26.176,48.8436,54.2173,102.8621,13.088,0.0,3.731508,7.079487,1.545355,30,207,63,6,0.32204186,0.01770420,-0.00338982,0E-8,0.000000,0.904812,0.002133,0.03111404,2026-03-21,2026-08-06,120,3733,1703,139,0.863309,1.227414,1.154177,1.073473,,,,,,,,GLOBAL_BASELINE_NO_ENTITY_RANKING,,,NOT_APPLICABLE_GLOBAL_BASELINE,HF9g-P5,,,,X 全窗基线 · 不参与实体赏罚,15053986,1506,A168_HF9F_20260827_0900,2026-08-27 09:00:00
2026-07-25,127529701,2093,0,129.6052461725,25.7145070096,25.7145070096,0.7142857,8,8,0.49827245000000000,0.498272450000,1.14304157705577,1.14304157705577,1.14304157705577,0E-17,ELIGIBLE,R03b_20260811_FULL_v1,L1_ELIGIBILITY,v2026-08-11,2026-03-21..2026-08-06,baccarat_bet02_101_all_pairs_incl_sentinel,round_win = game_pnl > 0 (decisive only),COMPATIBILITY_ONLY_NOT_PRODUCTION,557989.4742,504875.3716,9878.7574,24851,24505,-0.01770420,0.00338982,-0.02772422,-0.01770420,-9878.7574,557989.4742,OK,0.0000,395.1503,4.0000,96.0000,AG03-UNRESOLVED,ALL5_LEVELS_bet23_to_bet27,395.1503,395.1503,395.1503,0.0000,0.0000,4.000000,4.000000,4.000000,0.000000,0.000000,96.000000,96.000000,96.000000,100.000000,100.000000,5.0,1185.4509,1138.6651,8693.3065,8740.0923,PENDING_AG03,FALSE,NOT_FOR_ENFORCEMENT,9483.6071,484680.3568,9878.7574,9483.6071,395.1503,0.01770420,0.01699603,395.1503,9483.6071,0.01699603,395.1503,395.1503,395.1503,0.0000,0.0000,9483.6071,0.01699603,1185.4509,1138.6651,8693.3065,8740.0923,0.01557970,0.01566354,0.00070817,22.4534,20.6030,0.4031,82.3230,2.6463,4649.9123,204.2083,25.9152,21.1137,12.8578,14.5296,26.176,48.8436,54.2173,102.8621,13.088,0.0,3.731508,7.079487,1.545355,30,207,63,6,0.32204186,0.01770420,-0.00338982,0E-8,0.000000,0.904812,0.002133,0.03111404,2026-03-21,2026-08-06,120,3733,1703,139,0.863309,1.227414,1.154177,1.073473,,,,,,,,GLOBAL_BASELINE_NO_ENTITY_RANKING,,,NOT_APPLICABLE_GLOBAL_BASELINE,HF9g-P5,,,,X 全窗基线 · 不参与实体赏罚,15053987,1506,A168_HF9F_20260827_0900,2026-08-27 09:00:00
2026-07-25,127529701,2129,0,64.5444453050,-39.3721116360,-39.3721116360,0.3333333,3,3,0.49771390000000000,0.497713900000,-0.5694369385616226,-0.5694369385616226,-0.5694369385616226,0E-17,ELIGIBLE,R03b_20260811_FULL_v1,L1_ELIGIBILITY,v2026-08-11,2026-03-21..2026-08-06,baccarat_bet02_101_all_pairs_incl_sentinel,round_win = game_pnl > 0 (decisive only),COMPATIBILITY_ONLY_NOT_PRODUCTION,557989.4742,504875.3716,9878.7574,24851,24505,-0.01770420,0.00338982,-0.02772422,-0.01770420,-9878.7574,557989.4742,OK,0.0000,395.1503,4.0000,96.0000,AG03-UNRESOLVED,ALL5_LEVELS_bet23_to_bet27,395.1503,395.1503,395.1503,0.0000,0.0000,4.000000,4.000000,4.000000,0.000000,0.000000,96.000000,96.000000,96.000000,100.000000,100.000000,5.0,1185.4509,1138.6651,8693.3065,8740.0923,PENDING_AG03,FALSE,NOT_FOR_ENFORCEMENT,9483.6071,484680.3568,9878.7574,9483.6071,395.1503,0.01770420,0.01699603,395.1503,9483.6071,0.01699603,395.1503,395.1503,395.1503,0.0000,0.0000,9483.6071,0.01699603,1185.4509,1138.6651,8693.3065,8740.0923,0.01557970,0.01566354,0.00070817,22.4534,20.6030,0.4031,82.3230,2.6463,4649.9123,204.2083,25.9152,21.1137,12.8578,14.5296,26.176,48.8436,54.2173,102.8621,13.088,0.0,3.731508,7.079487,1.545355,30,207,63,6,0.32204186,0.01770420,-0.00338982,0E-8,0.000000,0.904812,0.002133,0.03111404,2026-03-21,2026-08-06,120,3733,1703,139,0.863309,1.227414,1.154177,1.073473,,,,,,,,GLOBAL_BASELINE_NO_ENTITY_RANKING,,,NOT_APPLICABLE_GLOBAL_BASELINE,HF9g-P5,,,,X 全窗基线 · 不参与实体赏罚,15053988,1506,A168_HF9F_20260827_0900,2026-08-27 09:00:00
2026-07-25,127529701,2130,0,260.7595590322,23.8169003176,23.8169003176,0.6000000,10,10,0.49726706000000000,0.497267060000,0.6497498682362389,0.649749868236239,0.6497498682362389,0E-17,ELIGIBLE,R03b_20260811_FULL_v1,L1_ELIGIBILITY,v2026-08-11,2026-03-21..2026-08-06,baccarat_bet02_101_all_pairs_incl_sentinel,round_win = game_pnl > 0 (decisive only),COMPATIBILITY_ONLY_NOT_PRODUCTION,557989.4742,504875.3716,9878.7574,24851,24505,-0.01770420,0.00338982,-0.02772422,-0.01770420,-9878.7574,557989.4742,OK,0.0000,395.1503,4.0000,96.0000,AG03-UNRESOLVED,ALL5_LEVELS_bet23_to_bet27,395.1503,395.1503,395.1503,0.0000,0.0000,4.000000,4.000000,4.000000,0.000000,0.000000,96.000000,96.000000,96.000000,100.000000,100.000000,5.0,1185.4509,1138.6651,8693.3065,8740.0923,PENDING_AG03,FALSE,NOT_FOR_ENFORCEMENT,9483.6071,484680.3568,9878.7574,9483.6071,395.1503,0.01770420,0.01699603,395.1503,9483.6071,0.01699603,395.1503,395.1503,395.1503,0.0000,0.0000,9483.6071,0.01699603,1185.4509,1138.6651,8693.3065,8740.0923,0.01557970,0.01566354,0.00070817,22.4534,20.6030,0.4031,82.3230,2.6463,4649.9123,204.2083,25.9152,21.1137,12.8578,14.5296,26.176,48.8436,54.2173,102.8621,13.088,0.0,3.731508,7.079487,1.545355,30,207,63,6,0.32204186,0.01770420,-0.00338982,0E-8,0.000000,0.904812,0.002133,0.03111404,2026-03-21,2026-08-06,120,3733,1703,139,0.863309,1.227414,1.154177,1.073473,,,,,,,,GLOBAL_BASELINE_NO_ENTITY_RANKING,,,NOT_APPLICABLE_GLOBAL_BASELINE,HF9g-P5,,,,X 全窗基线 · 不参与实体赏罚,15053989,1506,A168_HF9F_20260827_0900,2026-08-27 09:00:00
2026-07-25,127529701,2141,0,25.8177781220,-25.8177781220,-25.8177781220,0E-7,1,1,0.49324550000000000,0.493245500000,-0.9865810262130424,-0.9865810262130424,-0.9865810262130424,0E-17,ELIGIBLE,R03b_20260811_FULL_v1,L1_ELIGIBILITY,v2026-08-11,2026-03-21..2026-08-06,baccarat_bet02_101_all_pairs_incl_sentinel,round_win = game_pnl > 0 (decisive only),COMPATIBILITY_ONLY_NOT_PRODUCTION,557989.4742,504875.3716,9878.7574,24851,24505,-0.01770420,0.00338982,-0.02772422,-0.01770420,-9878.7574,557989.4742,OK,0.0000,395.1503,4.0000,96.0000,AG03-UNRESOLVED,ALL5_LEVELS_bet23_to_bet27,395.1503,395.1503,395.1503,0.0000,0.0000,4.000000,4.000000,4.000000,0.000000,0.000000,96.000000,96.000000,96.000000,100.000000,100.000000,5.0,1185.4509,1138.6651,8693.3065,8740.0923,PENDING_AG03,FALSE,NOT_FOR_ENFORCEMENT,9483.6071,484680.3568,9878.7574,9483.6071,395.1503,0.01770420,0.01699603,395.1503,9483.6071,0.01699603,395.1503,395.1503,395.1503,0.0000,0.0000,9483.6071,0.01699603,1185.4509,1138.6651,8693.3065,8740.0923,0.01557970,0.01566354,0.00070817,22.4534,20.6030,0.4031,82.3230,2.6463,4649.9123,204.2083,25.9152,21.1137,12.8578,14.5296,26.176,48.8436,54.2173,102.8621,13.088,0.0,3.731508,7.079487,1.545355,30,207,63,6,0.32204186,0.01770420,-0.00338982,0E-8,0.000000,0.904812,0.002133,0.03111404,2026-03-21,2026-08-06,120,3733,1703,139,0.863309,1.227414,1.154177,1.073473,,,,,,,,GLOBAL_BASELINE_NO_ENTITY_RANKING,,,NOT_APPLICABLE_GLOBAL_BASELINE,HF9g-P5,,,,X 全窗基线 · 不参与实体赏罚,15053990,1506,A168_HF9F_20260827_0900,2026-08-27 09:00:00
2026-07-25,127529701,2147,0,245.2688921590,113.5982237369,113.5982237369,0.6000000,10,10,0.49860758000000000,0.498607580000,0.6412644559676035,0.6412644559676035,0.6412644559676035,0E-17,ELIGIBLE,R03b_20260811_FULL_v1,L1_ELIGIBILITY,v2026-08-11,2026-03-21..2026-08-06,baccarat_bet02_101_all_pairs_incl_sentinel,round_win = game_pnl > 0 (decisive only),COMPATIBILITY_ONLY_NOT_PRODUCTION,557989.4742,504875.3716,9878.7574,24851,24505,-0.01770420,0.00338982,-0.02772422,-0.01770420,-9878.7574,557989.4742,OK,0.0000,395.1503,4.0000,96.0000,AG03-UNRESOLVED,ALL5_LEVELS_bet23_to_bet27,395.1503,395.1503,395.1503,0.0000,0.0000,4.000000,4.000000,4.000000,0.000000,0.000000,96.000000,96.000000,96.000000,100.000000,100.000000,5.0,1185.4509,1138.6651,8693.3065,8740.0923,PENDING_AG03,FALSE,NOT_FOR_ENFORCEMENT,9483.6071,484680.3568,9878.7574,9483.6071,395.1503,0.01770420,0.01699603,395.1503,9483.6071,0.01699603,395.1503,395.1503,395.1503,0.0000,0.0000,9483.6071,0.01699603,1185.4509,1138.6651,8693.3065,8740.0923,0.01557970,0.01566354,0.00070817,22.4534,20.6030,0.4031,82.3230,2.6463,4649.9123,204.2083,25.9152,21.1137,12.8578,14.5296,26.176,48.8436,54.2173,102.8621,13.088,0.0,3.731508,7.079487,1.545355,30,207,63,6,0.32204186,0.01770420,-0.00338982,0E-8,0.000000,0.904812,0.002133,0.03111404,2026-03-21,2026-08-06,120,3733,1703,139,0.863309,1.227414,1.154177,1.073473,,,,,,,,GLOBAL_BASELINE_NO_ENTITY_RANKING,,,NOT_APPLICABLE_GLOBAL_BASELINE,HF9g-P5,,,,X 全窗基线 · 不参与实体赏罚,15053991,1506,A168_HF9F_20260827_0900,2026-08-27 09:00:00
2026-07-25,127529701,2153,0,41.3084449952,-41.3084449952,-41.3084449952,0E-7,3,3,0.50218230000000000,0.502182300000,-1.7396270863184011,-1.7396270863184016,-1.7396270863184011,0E-17,ELIGIBLE,R03b_20260811_FULL_v1,L1_ELIGIBILITY,v2026-08-11,2026-03-21..2026-08-06,baccarat_bet02_101_all_pairs_incl_sentinel,round_win = game_pnl > 0 (decisive only),COMPATIBILITY_ONLY_NOT_PRODUCTION,557989.4742,504875.3716,9878.7574,24851,24505,-0.01770420,0.00338982,-0.02772422,-0.01770420,-9878.7574,557989.4742,OK,0.0000,395.1503,4.0000,96.0000,AG03-UNRESOLVED,ALL5_LEVELS_bet23_to_bet27,395.1503,395.1503,395.1503,0.0000,0.0000,4.000000,4.000000,4.000000,0.000000,0.000000,96.000000,96.000000,96.000000,100.000000,100.000000,5.0,1185.4509,1138.6651,8693.3065,8740.0923,PENDING_AG03,FALSE,NOT_FOR_ENFORCEMENT,9483.6071,484680.3568,9878.7574,9483.6071,395.1503,0.01770420,0.01699603,395.1503,9483.6071,0.01699603,395.1503,395.1503,395.1503,0.0000,0.0000,9483.6071,0.01699603,1185.4509,1138.6651,8693.3065,8740.0923,0.01557970,0.01566354,0.00070817,22.4534,20.6030,0.4031,82.3230,2.6463,4649.9123,204.2083,25.9152,21.1137,12.8578,14.5296,26.176,48.8436,54.2173,102.8621,13.088,0.0,3.731508,7.079487,1.545355,30,207,63,6,0.32204186,0.01770420,-0.00338982,0E-8,0.000000,0.904812,0.002133,0.03111404,2026-03-21,2026-08-06,120,3733,1703,139,0.863309,1.227414,1.154177,1.073473,,,,,,,,GLOBAL_BASELINE_NO_ENTITY_RANKING,,,NOT_APPLICABLE_GLOBAL_BASELINE,HF9g-P5,,,,X 全窗基线 · 不参与实体赏罚,15053992,1506,A168_HF9F_20260827_0900,2026-08-27 09:00:00
2026-07-25,127529701,2156,0,18.3306224666,-12.9088890610,-12.9088890610,0E-7,2,2,0.49994810000000000,0.499948100000,-0.9998962053866608,-0.9998962053866608,-0.9998962053866608,0E-17,ELIGIBLE,R03b_20260811_FULL_v1,L1_ELIGIBILITY,v2026-08-11,2026-03-21..2026-08-06,baccarat_bet02_101_all_pairs_incl_sentinel,round_win = game_pnl > 0 (decisive only),COMPATIBILITY_ONLY_NOT_PRODUCTION,557989.4742,504875.3716,9878.7574,24851,24505,-0.01770420,0.00338982,-0.02772422,-0.01770420,-9878.7574,557989.4742,OK,0.0000,395.1503,4.0000,96.0000,AG03-UNRESOLVED,ALL5_LEVELS_bet23_to_bet27,395.1503,395.1503,395.1503,0.0000,0.0000,4.000000,4.000000,4.000000,0.000000,0.000000,96.000000,96.000000,96.000000,100.000000,100.000000,5.0,1185.4509,1138.6651,8693.3065,8740.0923,PENDING_AG03,FALSE,NOT_FOR_ENFORCEMENT,9483.6071,484680.3568,9878.7574,9483.6071,395.1503,0.01770420,0.01699603,395.1503,9483.6071,0.01699603,395.1503,395.1503,395.1503,0.0000,0.0000,9483.6071,0.01699603,1185.4509,1138.6651,8693.3065,8740.0923,0.01557970,0.01566354,0.00070817,22.4534,20.6030,0.4031,82.3230,2.6463,4649.9123,204.2083,25.9152,21.1137,12.8578,14.5296,26.176,48.8436,54.2173,102.8621,13.088,0.0,3.731508,7.079487,1.545355,30,207,63,6,0.32204186,0.01770420,-0.00338982,0E-8,0.000000,0.904812,0.002133,0.03111404,2026-03-21,2026-08-06,120,3733,1703,139,0.863309,1.227414,1.154177,1.073473,,,,,,,,GLOBAL_BASELINE_NO_ENTITY_RANKING,,,NOT_APPLICABLE_GLOBAL_BASELINE,HF9g-P5,,,,X 全窗基线 · 不参与实体赏罚,15053993,1506,A168_HF9F_20260827_0900,2026-08-27 09:00:00
2026-07-25,127529701,2160,0,500.8648955668,123.9253349857,123.9253349857,0.5333333,16,16,0.50078592500000000,0.500785925000,0.25211145232206594,0.25211145232206594,0.25211145232206594,0E-17,ELIGIBLE,R03b_20260811_FULL_v1,L1_ELIGIBILITY,v2026-08-11,2026-03-21..2026-08-06,baccarat_bet02_101_all_pairs_incl_sentinel,round_win = game_pnl > 0 (decisive only),COMPATIBILITY_ONLY_NOT_PRODUCTION,557989.4742,504875.3716,9878.7574,24851,24505,-0.01770420,0.00338982,-0.02772422,-0.01770420,-9878.7574,557989.4742,OK,0.0000,395.1503,4.0000,96.0000,AG03-UNRESOLVED,ALL5_LEVELS_bet23_to_bet27,395.1503,395.1503,395.1503,0.0000,0.0000,4.000000,4.000000,4.000000,0.000000,0.000000,96.000000,96.000000,96.000000,100.000000,100.000000,5.0,1185.4509,1138.6651,8693.3065,8740.0923,PENDING_AG03,FALSE,NOT_FOR_ENFORCEMENT,9483.6071,484680.3568,9878.7574,9483.6071,395.1503,0.01770420,0.01699603,395.1503,9483.6071,0.01699603,395.1503,395.1503,395.1503,0.0000,0.0000,9483.6071,0.01699603,1185.4509,1138.6651,8693.3065,8740.0923,0.01557970,0.01566354,0.00070817,22.4534,20.6030,0.4031,82.3230,2.6463,4649.9123,204.2083,25.9152,21.1137,12.8578,14.5296,26.176,48.8436,54.2173,102.8621,13.088,0.0,3.731508,7.079487,1.545355,30,207,63,6,0.32204186,0.01770420,-0.00338982,0E-8,0.000000,0.904812,0.002133,0.03111404,2026-03-21,2026-08-06,120,3733,1703,139,0.863309,1.227414,1.154177,1.073473,,,,,,,,GLOBAL_BASELINE_NO_ENTITY_RANKING,,,NOT_APPLICABLE_GLOBAL_BASELINE,HF9g-P5,,,,X 全窗基线 · 不参与实体赏罚,15053994,1506,A168_HF9F_20260827_0900,2026-08-27 09:00:00
2026-07-25,127529701,2174,0,1079.6994810622,9.2556734567,9.2556734567,0.6000000,33,33,0.49933877272727273,0.499338772727,1.1026894611080547,1.1026894611110432,1.1026894611080547,2.7273E-13,ELIGIBLE,R03b_20260811_FULL_v1,L1_ELIGIBILITY,v2026-08-11,2026-03-21..2026-08-06,baccarat_bet02_101_all_pairs_incl_sentinel,round_win = game_pnl > 0 (decisive only),COMPATIBILITY_ONLY_NOT_PRODUCTION,557989.4742,504875.3716,9878.7574,24851,24505,-0.01770420,0.00338982,-0.02772422,-0.01770420,-9878.7574,557989.4742,OK,0.0000,395.1503,4.0000,96.0000,AG03-UNRESOLVED,ALL5_LEVELS_bet23_to_bet27,395.1503,395.1503,395.1503,0.0000,0.0000,4.000000,4.000000,4.000000,0.000000,0.000000,96.000000,96.000000,96.000000,100.000000,100.000000,5.0,1185.4509,1138.6651,8693.3065,8740.0923,PENDING_AG03,FALSE,NOT_FOR_ENFORCEMENT,9483.6071,484680.3568,9878.7574,9483.6071,395.1503,0.01770420,0.01699603,395.1503,9483.6071,0.01699603,395.1503,395.1503,395.1503,0.0000,0.0000,9483.6071,0.01699603,1185.4509,1138.6651,8693.3065,8740.0923,0.01557970,0.01566354,0.00070817,22.4534,20.6030,0.4031,82.3230,2.6463,4649.9123,204.2083,25.9152,21.1137,12.8578,14.5296,26.176,48.8436,54.2173,102.8621,13.088,0.0,3.731508,7.079487,1.545355,30,207,63,6,0.32204186,0.01770420,-0.00338982,0E-8,0.000000,0.904812,0.002133,0.03111404,2026-03-21,2026-08-06,120,3733,1703,139,0.863309,1.227414,1.154177,1.073473,,,,,,,,GLOBAL_BASELINE_NO_ENTITY_RANKING,,,NOT_APPLICABLE_GLOBAL_BASELINE,HF9g-P5,,,,X 全窗基线 · 不参与实体赏罚,15053995,1506,A168_HF9F_20260827_0900,2026-08-27 09:00:00
2026-07-25,127529701,2224,0,33.5631115586,-10.3271112488,-10.3271112488,0E-7,2,2,0.49994810000000000,0.499948100000,-0.9998962053866608,-0.9998962053866608,-0.9998962053866608,0E-17,ELIGIBLE,R03b_20260811_FULL_v1,L1_ELIGIBILITY,v2026-08-11,2026-03-21..2026-08-06,baccarat_bet02_101_all_pairs_incl_sentinel,round_win = game_pnl > 0 (decisive only),COMPATIBILITY_ONLY_NOT_PRODUCTION,557989.4742,504875.3716,9878.7574,24851,24505,-0.01770420,0.00338982,-0.02772422,-0.01770420,-9878.7574,557989.4742,OK,0.0000,395.1503,4.0000,96.0000,AG03-UNRESOLVED,ALL5_LEVELS_bet23_to_bet27,395.1503,395.1503,395.1503,0.0000,0.0000,4.000000,4.000000,4.000000,0.000000,0.000000,96.000000,96.000000,96.000000,100.000000,100.000000,5.0,1185.4509,1138.6651,8693.3065,8740.0923,PENDING_AG03,FALSE,NOT_FOR_ENFORCEMENT,9483.6071,484680.3568,9878.7574,9483.6071,395.1503,0.01770420,0.01699603,395.1503,9483.6071,0.01699603,395.1503,395.1503,395.1503,0.0000,0.0000,9483.6071,0.01699603,1185.4509,1138.6651,8693.3065,8740.0923,0.01557970,0.01566354,0.00070817,22.4534,20.6030,0.4031,82.3230,2.6463,4649.9123,204.2083,25.9152,21.1137,12.8578,14.5296,26.176,48.8436,54.2173,102.8621,13.088,0.0,3.731508,7.079487,1.545355,30,207,63,6,0.32204186,0.01770420,-0.00338982,0E-8,0.000000,0.904812,0.002133,0.03111404,2026-03-21,2026-08-06,120,3733,1703,139,0.863309,1.227414,1.154177,1.073473,,,,,,,,GLOBAL_BASELINE_NO_ENTITY_RANKING,,,NOT_APPLICABLE_GLOBAL_BASELINE,HF9g-P5,,,,X 全窗基线 · 不参与实体赏罚,15053996,1506,A168_HF9F_20260827_0900,2026-08-27 09:00:00
2026-07-25,127529701,2241,0,87.7804456148,-23.8814447628,-23.8814447628,0.5000000,5,5,0.50128862000000000,0.501288620000,-0.0051544971185412255,-0.0051544971185412255,-0.0051544971185412255,0E-17,ELIGIBLE,R03b_20260811_FULL_v1,L1_ELIGIBILITY,v2026-08-11,2026-03-21..2026-08-06,baccarat_bet02_101_all_pairs_incl_sentinel,round_win = game_pnl > 0 (decisive only),COMPATIBILITY_ONLY_NOT_PRODUCTION,557989.4742,504875.3716,9878.7574,24851,24505,-0.01770420,0.00338982,-0.02772422,-0.01770420,-9878.7574,557989.4742,OK,0.0000,395.1503,4.0000,96.0000,AG03-UNRESOLVED,ALL5_LEVELS_bet23_to_bet27,395.1503,395.1503,395.1503,0.0000,0.0000,4.000000,4.000000,4.000000,0.000000,0.000000,96.000000,96.000000,96.000000,100.000000,100.000000,5.0,1185.4509,1138.6651,8693.3065,8740.0923,PENDING_AG03,FALSE,NOT_FOR_ENFORCEMENT,9483.6071,484680.3568,9878.7574,9483.6071,395.1503,0.01770420,0.01699603,395.1503,9483.6071,0.01699603,395.1503,395.1503,395.1503,0.0000,0.0000,9483.6071,0.01699603,1185.4509,1138.6651,8693.3065,8740.0923,0.01557970,0.01566354,0.00070817,22.4534,20.6030,0.4031,82.3230,2.6463,4649.9123,204.2083,25.9152,21.1137,12.8578,14.5296,26.176,48.8436,54.2173,102.8621,13.088,0.0,3.731508,7.079487,1.545355,30,207,63,6,0.32204186,0.01770420,-0.00338982,0E-8,0.000000,0.904812,0.002133,0.03111404,2026-03-21,2026-08-06,120,3733,1703,139,0.863309,1.227414,1.154177,1.073473,,,,,,,,GLOBAL_BASELINE_NO_ENTITY_RANKING,,,NOT_APPLICABLE_GLOBAL_BASELINE,HF9g-P5,,,,X 全窗基线 · 不参与实体赏罚,15053997,1506,A168_HF9F_20260827_0900,2026-08-27 09:00:00
2026-07-25,127529701,2246,0,381.3285828619,98.8175457620,98.8175457620,0.6315789,20,20,0.49927784000000000,0.499277840000,1.1533755172809879,1.1533755172809879,1.1533755172809879,0E-17,ELIGIBLE,R03b_20260811_FULL_v1,L1_ELIGIBILITY,v2026-08-11,2026-03-21..2026-08-06,baccarat_bet02_101_all_pairs_incl_sentinel,round_win = game_pnl > 0 (decisive only),COMPATIBILITY_ONLY_NOT_PRODUCTION,557989.4742,504875.3716,9878.7574,24851,24505,-0.01770420,0.00338982,-0.02772422,-0.01770420,-9878.7574,557989.4742,OK,0.0000,395.1503,4.0000,96.0000,AG03-UNRESOLVED,ALL5_LEVELS_bet23_to_bet27,395.1503,395.1503,395.1503,0.0000,0.0000,4.000000,4.000000,4.000000,0.000000,0.000000,96.000000,96.000000,96.000000,100.000000,100.000000,5.0,1185.4509,1138.6651,8693.3065,8740.0923,PENDING_AG03,FALSE,NOT_FOR_ENFORCEMENT,9483.6071,484680.3568,9878.7574,9483.6071,395.1503,0.01770420,0.01699603,395.1503,9483.6071,0.01699603,395.1503,395.1503,395.1503,0.0000,0.0000,9483.6071,0.01699603,1185.4509,1138.6651,8693.3065,8740.0923,0.01557970,0.01566354,0.00070817,22.4534,20.6030,0.4031,82.3230,2.6463,4649.9123,204.2083,25.9152,21.1137,12.8578,14.5296,26.176,48.8436,54.2173,102.8621,13.088,0.0,3.731508,7.079487,1.545355,30,207,63,6,0.32204186,0.01770420,-0.00338982,0E-8,0.000000,0.904812,0.002133,0.03111404,2026-03-21,2026-08-06,120,3733,1703,139,0.863309,1.227414,1.154177,1.073473,,,,,,,,GLOBAL_BASELINE_NO_ENTITY_RANKING,,,NOT_APPLICABLE_GLOBAL_BASELINE,HF9g-P5,,,,X 全窗基线 · 不参与实体赏罚,15053998,1506,A168_HF9F_20260827_0900,2026-08-27 09:00:00
2026-07-25,127529701,2250,0,46.4720006196,15.4906668732,15.4906668732,0.5000000,4,4,0.49994810000000000,0.499948100000,0.00020760000111838688,0.00020760000111838688,0.00020760000111838688,0E-17,ELIGIBLE,R03b_20260811_FULL_v1,L1_ELIGIBILITY,v2026-08-11,2026-03-21..2026-08-06,baccarat_bet02_101_all_pairs_incl_sentinel,round_win = game_pnl > 0 (decisive only),COMPATIBILITY_ONLY_NOT_PRODUCTION,557989.4742,504875.3716,9878.7574,24851,24505,-0.01770420,0.00338982,-0.02772422,-0.01770420,-9878.7574,557989.4742,OK,0.0000,395.1503,4.0000,96.0000,AG03-UNRESOLVED,ALL5_LEVELS_bet23_to_bet27,395.1503,395.1503,395.1503,0.0000,0.0000,4.000000,4.000000,4.000000,0.000000,0.000000,96.000000,96.000000,96.000000,100.000000,100.000000,5.0,1185.4509,1138.6651,8693.3065,8740.0923,PENDING_AG03,FALSE,NOT_FOR_ENFORCEMENT,9483.6071,484680.3568,9878.7574,9483.6071,395.1503,0.01770420,0.01699603,395.1503,9483.6071,0.01699603,395.1503,395.1503,395.1503,0.0000,0.0000,9483.6071,0.01699603,1185.4509,1138.6651,8693.3065,8740.0923,0.01557970,0.01566354,0.00070817,22.4534,20.6030,0.4031,82.3230,2.6463,4649.9123,204.2083,25.9152,21.1137,12.8578,14.5296,26.176,48.8436,54.2173,102.8621,13.088,0.0,3.731508,7.079487,1.545355,30,207,63,6,0.32204186,0.01770420,-0.00338982,0E-8,0.000000,0.904812,0.002133,0.03111404,2026-03-21,2026-08-06,120,3733,1703,139,0.863309,1.227414,1.154177,1.073473,,,,,,,,GLOBAL_BASELINE_NO_ENTITY_RANKING,,,NOT_APPLICABLE_GLOBAL_BASELINE,HF9g-P5,,,,X 全窗基线 · 不参与实体赏罚,15053999,1506,A168_HF9F_20260827_0900,2026-08-27 09:00:00
2026-07-25,127529701,2251,0,38.7266671830,38.0812227300,38.0812227300,1.0000000,2,2,0.49994810000000000,0.499948100000,1.4143603653603398,1.4143603653603398,1.4143603653603398,0E-17,ELIGIBLE,R03b_20260811_FULL_v1,L1_ELIGIBILITY,v2026-08-11,2026-03-21..2026-08-06,baccarat_bet02_101_all_pairs_incl_sentinel,round_win = game_pnl > 0 (decisive only),COMPATIBILITY_ONLY_NOT_PRODUCTION,557989.4742,504875.3716,9878.7574,24851,24505,-0.01770420,0.00338982,-0.02772422,-0.01770420,-9878.7574,557989.4742,OK,0.0000,395.1503,4.0000,96.0000,AG03-UNRESOLVED,ALL5_LEVELS_bet23_to_bet27,395.1503,395.1503,395.1503,0.0000,0.0000,4.000000,4.000000,4.000000,0.000000,0.000000,96.000000,96.000000,96.000000,100.000000,100.000000,5.0,1185.4509,1138.6651,8693.3065,8740.0923,PENDING_AG03,FALSE,NOT_FOR_ENFORCEMENT,9483.6071,484680.3568,9878.7574,9483.6071,395.1503,0.01770420,0.01699603,395.1503,9483.6071,0.01699603,395.1503,395.1503,395.1503,0.0000,0.0000,9483.6071,0.01699603,1185.4509,1138.6651,8693.3065,8740.0923,0.01557970,0.01566354,0.00070817,22.4534,20.6030,0.4031,82.3230,2.6463,4649.9123,204.2083,25.9152,21.1137,12.8578,14.5296,26.176,48.8436,54.2173,102.8621,13.088,0.0,3.731508,7.079487,1.545355,30,207,63,6,0.32204186,0.01770420,-0.00338982,0E-8,0.000000,0.904812,0.002133,0.03111404,2026-03-21,2026-08-06,120,3733,1703,139,0.863309,1.227414,1.154177,1.073473,,,,,,,,GLOBAL_BASELINE_NO_ENTITY_RANKING,,,NOT_APPLICABLE_GLOBAL_BASELINE,HF9g-P5,,,,X 全窗基线 · 不参与实体赏罚,15054000,1506,A168_HF9F_20260827_0900,2026-08-27 09:00:00
2026-07-25,127529701,2252,0,448.4548059792,-12.7410735031,-12.7410735031,0.5238095,22,22,0.49690146363636364,0.496901463636,0.2466211807255329,0.24662118072886688,0.2466211807255329,3.6364E-13,ELIGIBLE,R03b_20260811_FULL_v1,L1_ELIGIBILITY,v2026-08-11,2026-03-21..2026-08-06,baccarat_bet02_101_all_pairs_incl_sentinel,round_win = game_pnl > 0 (decisive only),COMPATIBILITY_ONLY_NOT_PRODUCTION,557989.4742,504875.3716,9878.7574,24851,24505,-0.01770420,0.00338982,-0.02772422,-0.01770420,-9878.7574,557989.4742,OK,0.0000,395.1503,4.0000,96.0000,AG03-UNRESOLVED,ALL5_LEVELS_bet23_to_bet27,395.1503,395.1503,395.1503,0.0000,0.0000,4.000000,4.000000,4.000000,0.000000,0.000000,96.000000,96.000000,96.000000,100.000000,100.000000,5.0,1185.4509,1138.6651,8693.3065,8740.0923,PENDING_AG03,FALSE,NOT_FOR_ENFORCEMENT,9483.6071,484680.3568,9878.7574,9483.6071,395.1503,0.01770420,0.01699603,395.1503,9483.6071,0.01699603,395.1503,395.1503,395.1503,0.0000,0.0000,9483.6071,0.01699603,1185.4509,1138.6651,8693.3065,8740.0923,0.01557970,0.01566354,0.00070817,22.4534,20.6030,0.4031,82.3230,2.6463,4649.9123,204.2083,25.9152,21.1137,12.8578,14.5296,26.176,48.8436,54.2173,102.8621,13.088,0.0,3.731508,7.079487,1.545355,30,207,63,6,0.32204186,0.01770420,-0.00338982,0E-8,0.000000,0.904812,0.002133,0.03111404,2026-03-21,2026-08-06,120,3733,1703,139,0.863309,1.227414,1.154177,1.073473,,,,,,,,GLOBAL_BASELINE_NO_ENTITY_RANKING,,,NOT_APPLICABLE_GLOBAL_BASELINE,HF9g-P5,,,,X 全窗基线 · 不参与实体赏罚,15054001,1506,A168_HF9F_20260827_0900,2026-08-27 09:00:00
2026-07-25,127529701,2280,0,25.5596003408,24.4236181034,24.4236181034,1.0000000,3,3,0.50218230000000000,0.502182300000,1.724507524396475,1.7245075243964754,1.724507524396475,0E-17,ELIGIBLE,R03b_20260811_FULL_v1,L1_ELIGIBILITY,v2026-08-11,2026-03-21..2026-08-06,baccarat_bet02_101_all_pairs_incl_sentinel,round_win = game_pnl > 0 (decisive only),COMPATIBILITY_ONLY_NOT_PRODUCTION,557989.4742,504875.3716,9878.7574,24851,24505,-0.01770420,0.00338982,-0.02772422,-0.01770420,-9878.7574,557989.4742,OK,0.0000,395.1503,4.0000,96.0000,AG03-UNRESOLVED,ALL5_LEVELS_bet23_to_bet27,395.1503,395.1503,395.1503,0.0000,0.0000,4.000000,4.000000,4.000000,0.000000,0.000000,96.000000,96.000000,96.000000,100.000000,100.000000,5.0,1185.4509,1138.6651,8693.3065,8740.0923,PENDING_AG03,FALSE,NOT_FOR_ENFORCEMENT,9483.6071,484680.3568,9878.7574,9483.6071,395.1503,0.01770420,0.01699603,395.1503,9483.6071,0.01699603,395.1503,395.1503,395.1503,0.0000,0.0000,9483.6071,0.01699603,1185.4509,1138.6651,8693.3065,8740.0923,0.01557970,0.01566354,0.00070817,22.4534,20.6030,0.4031,82.3230,2.6463,4649.9123,204.2083,25.9152,21.1137,12.8578,14.5296,26.176,48.8436,54.2173,102.8621,13.088,0.0,3.731508,7.079487,1.545355,30,207,63,6,0.32204186,0.01770420,-0.00338982,0E-8,0.000000,0.904812,0.002133,0.03111404,2026-03-21,2026-08-06,120,3733,1703,139,0.863309,1.227414,1.154177,1.073473,,,,,,,,GLOBAL_BASELINE_NO_ENTITY_RANKING,,,NOT_APPLICABLE_GLOBAL_BASELINE,HF9g-P5,,,,X 全窗基线 · 不参与实体赏罚,15054002,1506,A168_HF9F_20260827_0900,2026-08-27 09:00:00
2026-07-25,127529701,2287,0,12.9088890610,-12.9088890610,-12.9088890610,0E-7,1,1,0.49324550000000000,0.493245500000,-0.9865810262130424,-0.9865810262130424,-0.9865810262130424,0E-17,ELIGIBLE,R03b_20260811_FULL_v1,L1_ELIGIBILITY,v2026-08-11,2026-03-21..2026-08-06,baccarat_bet02_101_all_pairs_incl_sentinel,round_win = game_pnl > 0 (decisive only),COMPATIBILITY_ONLY_NOT_PRODUCTION,557989.4742,504875.3716,9878.7574,24851,24505,-0.01770420,0.00338982,-0.02772422,-0.01770420,-9878.7574,557989.4742,OK,0.0000,395.1503,4.0000,96.0000,AG03-UNRESOLVED,ALL5_LEVELS_bet23_to_bet27,395.1503,395.1503,395.1503,0.0000,0.0000,4.000000,4.000000,4.000000,0.000000,0.000000,96.000000,96.000000,96.000000,100.000000,100.000000,5.0,1185.4509,1138.6651,8693.3065,8740.0923,PENDING_AG03,FALSE,NOT_FOR_ENFORCEMENT,9483.6071,484680.3568,9878.7574,9483.6071,395.1503,0.01770420,0.01699603,395.1503,9483.6071,0.01699603,395.1503,395.1503,395.1503,0.0000,0.0000,9483.6071,0.01699603,1185.4509,1138.6651,8693.3065,8740.0923,0.01557970,0.01566354,0.00070817,22.4534,20.6030,0.4031,82.3230,2.6463,4649.9123,204.2083,25.9152,21.1137,12.8578,14.5296,26.176,48.8436,54.2173,102.8621,13.088,0.0,3.731508,7.079487,1.545355,30,207,63,6,0.32204186,0.01770420,-0.00338982,0E-8,0.000000,0.904812,0.002133,0.03111404,2026-03-21,2026-08-06,120,3733,1703,139,0.863309,1.227414,1.154177,1.073473,,,,,,,,GLOBAL_BASELINE_NO_ENTITY_RANKING,,,NOT_APPLICABLE_GLOBAL_BASELINE,HF9g-P5,,,,X 全窗基线 · 不参与实体赏罚,15054003,1506,A168_HF9F_20260827_0900,2026-08-27 09:00:00
2026-07-25,127529701,462,0,320.1404487128,-36.7903338236,-36.7903338236,0.5625000,17,17,0.50113091176470588,0.501130911765,0.4909539617063107,0.4909539617039584,0.4909539617063107,-2.9412E-13,ELIGIBLE,R03b_20260811_FULL_v1,L1_ELIGIBILITY,v2026-08-11,2026-03-21..2026-08-06,baccarat_bet02_101_all_pairs_incl_sentinel,round_win = game_pnl > 0 (decisive only),COMPATIBILITY_ONLY_NOT_PRODUCTION,557989.4742,504875.3716,9878.7574,24851,24505,-0.01770420,0.00338982,-0.02772422,-0.01770420,-9878.7574,557989.4742,OK,0.0000,395.1503,4.0000,96.0000,AG03-UNRESOLVED,ALL5_LEVELS_bet23_to_bet27,395.1503,395.1503,395.1503,0.0000,0.0000,4.000000,4.000000,4.000000,0.000000,0.000000,96.000000,96.000000,96.000000,100.000000,100.000000,5.0,1185.4509,1138.6651,8693.3065,8740.0923,PENDING_AG03,FALSE,NOT_FOR_ENFORCEMENT,9483.6071,484680.3568,9878.7574,9483.6071,395.1503,0.01770420,0.01699603,395.1503,9483.6071,0.01699603,395.1503,395.1503,395.1503,0.0000,0.0000,9483.6071,0.01699603,1185.4509,1138.6651,8693.3065,8740.0923,0.01557970,0.01566354,0.00070817,22.4534,20.6030,0.4031,82.3230,2.6463,4649.9123,204.2083,25.9152,21.1137,12.8578,14.5296,26.176,48.8436,54.2173,102.8621,13.088,0.0,3.731508,7.079487,1.545355,30,207,63,6,0.32204186,0.01770420,-0.00338982,0E-8,0.000000,0.904812,0.002133,0.03111404,2026-03-21,2026-08-06,120,3733,1703,139,0.863309,1.227414,1.154177,1.073473,,,,,,,,GLOBAL_BASELINE_NO_ENTITY_RANKING,,,NOT_APPLICABLE_GLOBAL_BASELINE,HF9g-P5,,,,X 全窗基线 · 不参与实体赏罚,15054004,1506,A168_HF9F_20260827_0900,2026-08-27 09:00:00
2026-07-25,127529701,471,0,116.1800015490,36.7903338239,36.7903338239,0.5000000,4,4,0.49994810000000000,0.499948100000,0.00020760000111838688,0.00020760000111838688,0.00020760000111838688,0E-17,ELIGIBLE,R03b_20260811_FULL_v1,L1_ELIGIBILITY,v2026-08-11,2026-03-21..2026-08-06,baccarat_bet02_101_all_pairs_incl_sentinel,round_win = game_pnl > 0 (decisive only),COMPATIBILITY_ONLY_NOT_PRODUCTION,557989.4742,504875.3716,9878.7574,24851,24505,-0.01770420,0.00338982,-0.02772422,-0.01770420,-9878.7574,557989.4742,OK,0.0000,395.1503,4.0000,96.0000,AG03-UNRESOLVED,ALL5_LEVELS_bet23_to_bet27,395.1503,395.1503,395.1503,0.0000,0.0000,4.000000,4.000000,4.000000,0.000000,0.000000,96.000000,96.000000,96.000000,100.000000,100.000000,5.0,1185.4509,1138.6651,8693.3065,8740.0923,PENDING_AG03,FALSE,NOT_FOR_ENFORCEMENT,9483.6071,484680.3568,9878.7574,9483.6071,395.1503,0.01770420,0.01699603,395.1503,9483.6071,0.01699603,395.1503,395.1503,395.1503,0.0000,0.0000,9483.6071,0.01699603,1185.4509,1138.6651,8693.3065,8740.0923,0.01557970,0.01566354,0.00070817,22.4534,20.6030,0.4031,82.3230,2.6463,4649.9123,204.2083,25.9152,21.1137,12.8578,14.5296,26.176,48.8436,54.2173,102.8621,13.088,0.0,3.731508,7.079487,1.545355,30,207,63,6,0.32204186,0.01770420,-0.00338982,0E-8,0.000000,0.904812,0.002133,0.03111404,2026-03-21,2026-08-06,120,3733,1703,139,0.863309,1.227414,1.154177,1.073473,,,,,,,,GLOBAL_BASELINE_NO_ENTITY_RANKING,,,NOT_APPLICABLE_GLOBAL_BASELINE,HF9g-P5,,,,X 全窗基线 · 不参与实体赏罚,15054005,1506,A168_HF9F_20260827_0900,2026-08-27 09:00:00
2026-07-25,127529701,526,0,841.6595667772,-135.1560684686,-135.1560684686,0.3333333,30,30,0.50039494000000000,0.500394940000,-1.7361556860474159,-1.7361556860474159,-1.7361556860474159,0E-17,ELIGIBLE,R03b_20260811_FULL_v1,L1_ELIGIBILITY,v2026-08-11,2026-03-21..2026-08-06,baccarat_bet02_101_all_pairs_incl_sentinel,round_win = game_pnl > 0 (decisive only),COMPATIBILITY_ONLY_NOT_PRODUCTION,557989.4742,504875.3716,9878.7574,24851,24505,-0.01770420,0.00338982,-0.02772422,-0.01770420,-9878.7574,557989.4742,OK,0.0000,395.1503,4.0000,96.0000,AG03-UNRESOLVED,ALL5_LEVELS_bet23_to_bet27,395.1503,395.1503,395.1503,0.0000,0.0000,4.000000,4.000000,4.000000,0.000000,0.000000,96.000000,96.000000,96.000000,100.000000,100.000000,5.0,1185.4509,1138.6651,8693.3065,8740.0923,PENDING_AG03,FALSE,NOT_FOR_ENFORCEMENT,9483.6071,484680.3568,9878.7574,9483.6071,395.1503,0.01770420,0.01699603,395.1503,9483.6071,0.01699603,395.1503,395.1503,395.1503,0.0000,0.0000,9483.6071,0.01699603,1185.4509,1138.6651,8693.3065,8740.0923,0.01557970,0.01566354,0.00070817,22.4534,20.6030,0.4031,82.3230,2.6463,4649.9123,204.2083,25.9152,21.1137,12.8578,14.5296,26.176,48.8436,54.2173,102.8621,13.088,0.0,3.731508,7.079487,1.545355,30,207,63,6,0.32204186,0.01770420,-0.00338982,0E-8,0.000000,0.904812,0.002133,0.03111404,2026-03-21,2026-08-06,120,3733,1703,139,0.863309,1.227414,1.154177,1.073473,,,,,,,,GLOBAL_BASELINE_NO_ENTITY_RANKING,,,NOT_APPLICABLE_GLOBAL_BASELINE,HF9g-P5,,,,X 全窗基线 · 不参与实体赏罚,15054006,1506,A168_HF9F_20260827_0900,2026-08-27 09:00:00
2026-07-25,127529701,529,0,477.6288952570,323.8840265406,323.8840265406,0.8461538,14,14,0.49899058571428571,0.498990585714,2.5034349745352973,2.50343497453736,2.5034349745352973,2.8571E-13,ELIGIBLE,R03b_20260811_FULL_v1,L1_ELIGIBILITY,v2026-08-11,2026-03-21..2026-08-06,baccarat_bet02_101_all_pairs_incl_sentinel,round_win = game_pnl > 0 (decisive only),COMPATIBILITY_ONLY_NOT_PRODUCTION,557989.4742,504875.3716,9878.7574,24851,24505,-0.01770420,0.00338982,-0.02772422,-0.01770420,-9878.7574,557989.4742,OK,0.0000,395.1503,4.0000,96.0000,AG03-UNRESOLVED,ALL5_LEVELS_bet23_to_bet27,395.1503,395.1503,395.1503,0.0000,0.0000,4.000000,4.000000,4.000000,0.000000,0.000000,96.000000,96.000000,96.000000,100.000000,100.000000,5.0,1185.4509,1138.6651,8693.3065,8740.0923,PENDING_AG03,FALSE,NOT_FOR_ENFORCEMENT,9483.6071,484680.3568,9878.7574,9483.6071,395.1503,0.01770420,0.01699603,395.1503,9483.6071,0.01699603,395.1503,395.1503,395.1503,0.0000,0.0000,9483.6071,0.01699603,1185.4509,1138.6651,8693.3065,8740.0923,0.01557970,0.01566354,0.00070817,22.4534,20.6030,0.4031,82.3230,2.6463,4649.9123,204.2083,25.9152,21.1137,12.8578,14.5296,26.176,48.8436,54.2173,102.8621,13.088,0.0,3.731508,7.079487,1.545355,30,207,63,6,0.32204186,0.01770420,-0.00338982,0E-8,0.000000,0.904812,0.002133,0.03111404,2026-03-21,2026-08-06,120,3733,1703,139,0.863309,1.227414,1.154177,1.073473,,,,,,,,GLOBAL_BASELINE_NO_ENTITY_RANKING,,,NOT_APPLICABLE_GLOBAL_BASELINE,HF9g-P5,,,,X 全窗基线 · 不参与实体赏罚,15054007,1506,A168_HF9F_20260827_0900,2026-08-27 09:00:00
2026-07-25,127529701,919,0,325.3040043372,-47.2465339632,-47.2465339632,0.3333333,14,14,0.49803307142857143,0.498033071429,-1.1410820867861415,-1.141082086789107,-1.1410820867861415,-4.2857E-13,ELIGIBLE,R03b_20260811_FULL_v1,L1_ELIGIBILITY,v2026-08-11,2026-03-21..2026-08-06,baccarat_bet02_101_all_pairs_incl_sentinel,round_win = game_pnl > 0 (decisive only),COMPATIBILITY_ONLY_NOT_PRODUCTION,557989.4742,504875.3716,9878.7574,24851,24505,-0.01770420,0.00338982,-0.02772422,-0.01770420,-9878.7574,557989.4742,OK,0.0000,395.1503,4.0000,96.0000,AG03-UNRESOLVED,ALL5_LEVELS_bet23_to_bet27,395.1503,395.1503,395.1503,0.0000,0.0000,4.000000,4.000000,4.000000,0.000000,0.000000,96.000000,96.000000,96.000000,100.000000,100.000000,5.0,1185.4509,1138.6651,8693.3065,8740.0923,PENDING_AG03,FALSE,NOT_FOR_ENFORCEMENT,9483.6071,484680.3568,9878.7574,9483.6071,395.1503,0.01770420,0.01699603,395.1503,9483.6071,0.01699603,395.1503,395.1503,395.1503,0.0000,0.0000,9483.6071,0.01699603,1185.4509,1138.6651,8693.3065,8740.0923,0.01557970,0.01566354,0.00070817,22.4534,20.6030,0.4031,82.3230,2.6463,4649.9123,204.2083,25.9152,21.1137,12.8578,14.5296,26.176,48.8436,54.2173,102.8621,13.088,0.0,3.731508,7.079487,1.545355,30,207,63,6,0.32204186,0.01770420,-0.00338982,0E-8,0.000000,0.904812,0.002133,0.03111404,2026-03-21,2026-08-06,120,3733,1703,139,0.863309,1.227414,1.154177,1.073473,,,,,,,,GLOBAL_BASELINE_NO_ENTITY_RANKING,,,NOT_APPLICABLE_GLOBAL_BASELINE,HF9g-P5,,,,X 全窗基线 · 不参与实体赏罚,15054008,1506,A168_HF9F_20260827_0900,2026-08-27 09:00:00
2026-07-25,127529701,925,0,113.5982237368,-10.3271112488,-10.3271112488,0.3333333,4,4,0.49994810000000000,0.499948100000,-0.5771704854251445,-0.5771704854251445,-0.5771704854251445,0E-17,ELIGIBLE,R03b_20260811_FULL_v1,L1_ELIGIBILITY,v2026-08-11,2026-03-21..2026-08-06,baccarat_bet02_101_all_pairs_incl_sentinel,round_win = game_pnl > 0 (decisive only),COMPATIBILITY_ONLY_NOT_PRODUCTION,557989.4742,504875.3716,9878.7574,24851,24505,-0.01770420,0.00338982,-0.02772422,-0.01770420,-9878.7574,557989.4742,OK,0.0000,395.1503,4.0000,96.0000,AG03-UNRESOLVED,ALL5_LEVELS_bet23_to_bet27,395.1503,395.1503,395.1503,0.0000,0.0000,4.000000,4.000000,4.000000,0.000000,0.000000,96.000000,96.000000,96.000000,100.000000,100.000000,5.0,1185.4509,1138.6651,8693.3065,8740.0923,PENDING_AG03,FALSE,NOT_FOR_ENFORCEMENT,9483.6071,484680.3568,9878.7574,9483.6071,395.1503,0.01770420,0.01699603,395.1503,9483.6071,0.01699603,395.1503,395.1503,395.1503,0.0000,0.0000,9483.6071,0.01699603,1185.4509,1138.6651,8693.3065,8740.0923,0.01557970,0.01566354,0.00070817,22.4534,20.6030,0.4031,82.3230,2.6463,4649.9123,204.2083,25.9152,21.1137,12.8578,14.5296,26.176,48.8436,54.2173,102.8621,13.088,0.0,3.731508,7.079487,1.545355,30,207,63,6,0.32204186,0.01770420,-0.00338982,0E-8,0.000000,0.904812,0.002133,0.03111404,2026-03-21,2026-08-06,120,3733,1703,139,0.863309,1.227414,1.154177,1.073473,,,,,,,,GLOBAL_BASELINE_NO_ENTITY_RANKING,,,NOT_APPLICABLE_GLOBAL_BASELINE,HF9g-P5,,,,X 全窗基线 · 不参与实体赏罚,15054009,1506,A168_HF9F_20260827_0900,2026-08-27 09:00:00
2026-07-26,127529701,-1,1,2993.3131954652,-373.0668938628,-373.0668938628,0.4141414,110,109,0.49977436880733945,0.499164823394,-1.7040744554052727,-1.6919468416609973,-1.7040744554052727,0.00060954541333945,SENTINEL_DEALER,R03b_20260811_FULL_v1,L1_ELIGIBILITY,v2026-08-11,2026-03-21..2026-08-06,baccarat_bet02_101_all_pairs_incl_sentinel,round_win = game_pnl > 0 (decisive only),COMPATIBILITY_ONLY_NOT_PRODUCTION,557989.4742,504875.3716,9878.7574,24851,24505,-0.01770420,0.00338982,-0.02772422,-0.01770420,-9878.7574,557989.4742,OK,0.0000,395.1503,4.0000,96.0000,AG03-UNRESOLVED,ALL5_LEVELS_bet23_to_bet27,395.1503,395.1503,395.1503,0.0000,0.0000,4.000000,4.000000,4.000000,0.000000,0.000000,96.000000,96.000000,96.000000,100.000000,100.000000,5.0,1185.4509,1138.6651,8693.3065,8740.0923,PENDING_AG03,FALSE,NOT_FOR_ENFORCEMENT,9483.6071,484680.3568,9878.7574,9483.6071,395.1503,0.01770420,0.01699603,395.1503,9483.6071,0.01699603,395.1503,395.1503,395.1503,0.0000,0.0000,9483.6071,0.01699603,1185.4509,1138.6651,8693.3065,8740.0923,0.01557970,0.01566354,0.00070817,22.4534,20.6030,0.4031,82.3230,2.6463,4649.9123,204.2083,25.9152,21.1137,12.8578,14.5296,26.176,48.8436,54.2173,102.8621,13.088,0.0,3.731508,7.079487,1.545355,30,207,63,6,0.32204186,0.01770420,-0.00338982,0E-8,0.000000,0.904812,0.002133,0.03111404,2026-03-21,2026-08-06,120,3733,1703,139,0.863309,1.227414,1.154177,1.073473,,,,,,,,GLOBAL_BASELINE_NO_ENTITY_RANKING,,,NOT_APPLICABLE_GLOBAL_BASELINE,HF9g-P5,,,,X 全窗基线 · 不参与实体赏罚,15054010,1506,A168_HF9F_20260827_0900,2026-08-27 09:00:00
2026-07-26,127529701,1017,0,25.8177781220,25.8177781220,25.8177781220,1.0000000,1,1,0.49324550000000000,0.493245500000,1.01360149184955,1.01360149184955,1.01360149184955,0E-17,ELIGIBLE,R03b_20260811_FULL_v1,L1_ELIGIBILITY,v2026-08-11,2026-03-21..2026-08-06,baccarat_bet02_101_all_pairs_incl_sentinel,round_win = game_pnl > 0 (decisive only),COMPATIBILITY_ONLY_NOT_PRODUCTION,557989.4742,504875.3716,9878.7574,24851,24505,-0.01770420,0.00338982,-0.02772422,-0.01770420,-9878.7574,557989.4742,OK,0.0000,395.1503,4.0000,96.0000,AG03-UNRESOLVED,ALL5_LEVELS_bet23_to_bet27,395.1503,395.1503,395.1503,0.0000,0.0000,4.000000,4.000000,4.000000,0.000000,0.000000,96.000000,96.000000,96.000000,100.000000,100.000000,5.0,1185.4509,1138.6651,8693.3065,8740.0923,PENDING_AG03,FALSE,NOT_FOR_ENFORCEMENT,9483.6071,484680.3568,9878.7574,9483.6071,395.1503,0.01770420,0.01699603,395.1503,9483.6071,0.01699603,395.1503,395.1503,395.1503,0.0000,0.0000,9483.6071,0.01699603,1185.4509,1138.6651,8693.3065,8740.0923,0.01557970,0.01566354,0.00070817,22.4534,20.6030,0.4031,82.3230,2.6463,4649.9123,204.2083,25.9152,21.1137,12.8578,14.5296,26.176,48.8436,54.2173,102.8621,13.088,0.0,3.731508,7.079487,1.545355,30,207,63,6,0.32204186,0.01770420,-0.00338982,0E-8,0.000000,0.904812,0.002133,0.03111404,2026-03-21,2026-08-06,120,3733,1703,139,0.863309,1.227414,1.154177,1.073473,,,,,,,,GLOBAL_BASELINE_NO_ENTITY_RANKING,,,NOT_APPLICABLE_GLOBAL_BASELINE,HF9g-P5,,,,X 全窗基线 · 不参与实体赏罚,15054011,1506,A168_HF9F_20260827_0900,2026-08-27 09:00:00
2026-07-26,127529701,1109,0,126.5071127978,-126.5071127978,-126.5071127978,0E-7,4,4,0.50665070000000000,0.506650700000,-2.026782104415204,-2.026782104415204,-2.026782104415204,0E-17,ELIGIBLE,R03b_20260811_FULL_v1,L1_ELIGIBILITY,v2026-08-11,2026-03-21..2026-08-06,baccarat_bet02_101_all_pairs_incl_sentinel,round_win = game_pnl > 0 (decisive only),COMPATIBILITY_ONLY_NOT_PRODUCTION,557989.4742,504875.3716,9878.7574,24851,24505,-0.01770420,0.00338982,-0.02772422,-0.01770420,-9878.7574,557989.4742,OK,0.0000,395.1503,4.0000,96.0000,AG03-UNRESOLVED,ALL5_LEVELS_bet23_to_bet27,395.1503,395.1503,395.1503,0.0000,0.0000,4.000000,4.000000,4.000000,0.000000,0.000000,96.000000,96.000000,96.000000,100.000000,100.000000,5.0,1185.4509,1138.6651,8693.3065,8740.0923,PENDING_AG03,FALSE,NOT_FOR_ENFORCEMENT,9483.6071,484680.3568,9878.7574,9483.6071,395.1503,0.01770420,0.01699603,395.1503,9483.6071,0.01699603,395.1503,395.1503,395.1503,0.0000,0.0000,9483.6071,0.01699603,1185.4509,1138.6651,8693.3065,8740.0923,0.01557970,0.01566354,0.00070817,22.4534,20.6030,0.4031,82.3230,2.6463,4649.9123,204.2083,25.9152,21.1137,12.8578,14.5296,26.176,48.8436,54.2173,102.8621,13.088,0.0,3.731508,7.079487,1.545355,30,207,63,6,0.32204186,0.01770420,-0.00338982,0E-8,0.000000,0.904812,0.002133,0.03111404,2026-03-21,2026-08-06,120,3733,1703,139,0.863309,1.227414,1.154177,1.073473,,,,,,,,GLOBAL_BASELINE_NO_ENTITY_RANKING,,,NOT_APPLICABLE_GLOBAL_BASELINE,HF9g-P5,,,,X 全窗基线 · 不参与实体赏罚,15054012,1506,A168_HF9F_20260827_0900,2026-08-27 09:00:00
2026-07-26,127529701,1205,0,565.4093408718,-49.6992228847,-49.6992228847,0.4705882,17,17,0.50034237058823529,0.500342370588,-0.2453589427539201,-0.24535894275197978,-0.2453589427539201,2.3529E-13,ELIGIBLE,R03b_20260811_FULL_v1,L1_ELIGIBILITY,v2026-08-11,2026-03-21..2026-08-06,baccarat_bet02_101_all_pairs_incl_sentinel,round_win = game_pnl > 0 (decisive only),COMPATIBILITY_ONLY_NOT_PRODUCTION,557989.4742,504875.3716,9878.7574,24851,24505,-0.01770420,0.00338982,-0.02772422,-0.01770420,-9878.7574,557989.4742,OK,0.0000,395.1503,4.0000,96.0000,AG03-UNRESOLVED,ALL5_LEVELS_bet23_to_bet27,395.1503,395.1503,395.1503,0.0000,0.0000,4.000000,4.000000,4.000000,0.000000,0.000000,96.000000,96.000000,96.000000,100.000000,100.000000,5.0,1185.4509,1138.6651,8693.3065,8740.0923,PENDING_AG03,FALSE,NOT_FOR_ENFORCEMENT,9483.6071,484680.3568,9878.7574,9483.6071,395.1503,0.01770420,0.01699603,395.1503,9483.6071,0.01699603,395.1503,395.1503,395.1503,0.0000,0.0000,9483.6071,0.01699603,1185.4509,1138.6651,8693.3065,8740.0923,0.01557970,0.01566354,0.00070817,22.4534,20.6030,0.4031,82.3230,2.6463,4649.9123,204.2083,25.9152,21.1137,12.8578,14.5296,26.176,48.8436,54.2173,102.8621,13.088,0.0,3.731508,7.079487,1.545355,30,207,63,6,0.32204186,0.01770420,-0.00338982,0E-8,0.000000,0.904812,0.002133,0.03111404,2026-03-21,2026-08-06,120,3733,1703,139,0.863309,1.227414,1.154177,1.073473,,,,,,,,GLOBAL_BASELINE_NO_ENTITY_RANKING,,,NOT_APPLICABLE_GLOBAL_BASELINE,HF9g-P5,,,,X 全窗基线 · 不参与实体赏罚,15054013,1506,A168_HF9F_20260827_0900,2026-08-27 09:00:00
2026-07-26,127529701,1304,0,250.4324477834,-51.0546562362,-51.0546562362,0.4285714,9,9,0.50069283333333333,0.500692833333,-0.3816309687889249,-0.38163096878716063,-0.3816309687889249,3.3333E-13,ELIGIBLE,R03b_20260811_FULL_v1,L1_ELIGIBILITY,v2026-08-11,2026-03-21..2026-08-06,baccarat_bet02_101_all_pairs_incl_sentinel,round_win = game_pnl > 0 (decisive only),COMPATIBILITY_ONLY_NOT_PRODUCTION,557989.4742,504875.3716,9878.7574,24851,24505,-0.01770420,0.00338982,-0.02772422,-0.01770420,-9878.7574,557989.4742,OK,0.0000,395.1503,4.0000,96.0000,AG03-UNRESOLVED,ALL5_LEVELS_bet23_to_bet27,395.1503,395.1503,395.1503,0.0000,0.0000,4.000000,4.000000,4.000000,0.000000,0.000000,96.000000,96.000000,96.000000,100.000000,100.000000,5.0,1185.4509,1138.6651,8693.3065,8740.0923,PENDING_AG03,FALSE,NOT_FOR_ENFORCEMENT,9483.6071,484680.3568,9878.7574,9483.6071,395.1503,0.01770420,0.01699603,395.1503,9483.6071,0.01699603,395.1503,395.1503,395.1503,0.0000,0.0000,9483.6071,0.01699603,1185.4509,1138.6651,8693.3065,8740.0923,0.01557970,0.01566354,0.00070817,22.4534,20.6030,0.4031,82.3230,2.6463,4649.9123,204.2083,25.9152,21.1137,12.8578,14.5296,26.176,48.8436,54.2173,102.8621,13.088,0.0,3.731508,7.079487,1.545355,30,207,63,6,0.32204186,0.01770420,-0.00338982,0E-8,0.000000,0.904812,0.002133,0.03111404,2026-03-21,2026-08-06,120,3733,1703,139,0.863309,1.227414,1.154177,1.073473,,,,,,,,GLOBAL_BASELINE_NO_ENTITY_RANKING,,,NOT_APPLICABLE_GLOBAL_BASELINE,HF9g-P5,,,,X 全窗基线 · 不参与实体赏罚,15054014,1506,A168_HF9F_20260827_0900,2026-08-27 09:00:00
2026-07-26,127529701,1307,0,758.5263212244,-19.4924224821,-19.4924224821,0.5263158,21,20,0.47136114000000000,0.468039117500,0.4798713396288932,0.5090853717815608,0.4798713396288932,0.00332202250000000,ELIGIBLE,R03b_20260811_FULL_v1,L1_ELIGIBILITY,v2026-08-11,2026-03-21..2026-08-06,baccarat_bet02_101_all_pairs_incl_sentinel,round_win = game_pnl > 0 (decisive only),COMPATIBILITY_ONLY_NOT_PRODUCTION,557989.4742,504875.3716,9878.7574,24851,24505,-0.01770420,0.00338982,-0.02772422,-0.01770420,-9878.7574,557989.4742,OK,0.0000,395.1503,4.0000,96.0000,AG03-UNRESOLVED,ALL5_LEVELS_bet23_to_bet27,395.1503,395.1503,395.1503,0.0000,0.0000,4.000000,4.000000,4.000000,0.000000,0.000000,96.000000,96.000000,96.000000,100.000000,100.000000,5.0,1185.4509,1138.6651,8693.3065,8740.0923,PENDING_AG03,FALSE,NOT_FOR_ENFORCEMENT,9483.6071,484680.3568,9878.7574,9483.6071,395.1503,0.01770420,0.01699603,395.1503,9483.6071,0.01699603,395.1503,395.1503,395.1503,0.0000,0.0000,9483.6071,0.01699603,1185.4509,1138.6651,8693.3065,8740.0923,0.01557970,0.01566354,0.00070817,22.4534,20.6030,0.4031,82.3230,2.6463,4649.9123,204.2083,25.9152,21.1137,12.8578,14.5296,26.176,48.8436,54.2173,102.8621,13.088,0.0,3.731508,7.079487,1.545355,30,207,63,6,0.32204186,0.01770420,-0.00338982,0E-8,0.000000,0.904812,0.002133,0.03111404,2026-03-21,2026-08-06,120,3733,1703,139,0.863309,1.227414,1.154177,1.073473,,,,,,,,GLOBAL_BASELINE_NO_ENTITY_RANKING,,,NOT_APPLICABLE_GLOBAL_BASELINE,HF9g-P5,,,,X 全窗基线 · 不参与实体赏罚,15054015,1506,A168_HF9F_20260827_0900,2026-08-27 09:00:00
2026-07-26,127529701,1325,0,337.9547156170,-126.8943794696,-126.8943794696,0.3000000,10,10,0.49994810000000000,0.499948100000,-1.2645828264588121,-1.2645828264588121,-1.2645828264588121,0E-17,ELIGIBLE,R03b_20260811_FULL_v1,L1_ELIGIBILITY,v2026-08-11,2026-03-21..2026-08-06,baccarat_bet02_101_all_pairs_incl_sentinel,round_win = game_pnl > 0 (decisive only),COMPATIBILITY_ONLY_NOT_PRODUCTION,557989.4742,504875.3716,9878.7574,24851,24505,-0.01770420,0.00338982,-0.02772422,-0.01770420,-9878.7574,557989.4742,OK,0.0000,395.1503,4.0000,96.0000,AG03-UNRESOLVED,ALL5_LEVELS_bet23_to_bet27,395.1503,395.1503,395.1503,0.0000,0.0000,4.000000,4.000000,4.000000,0.000000,0.000000,96.000000,96.000000,96.000000,100.000000,100.000000,5.0,1185.4509,1138.6651,8693.3065,8740.0923,PENDING_AG03,FALSE,NOT_FOR_ENFORCEMENT,9483.6071,484680.3568,9878.7574,9483.6071,395.1503,0.01770420,0.01699603,395.1503,9483.6071,0.01699603,395.1503,395.1503,395.1503,0.0000,0.0000,9483.6071,0.01699603,1185.4509,1138.6651,8693.3065,8740.0923,0.01557970,0.01566354,0.00070817,22.4534,20.6030,0.4031,82.3230,2.6463,4649.9123,204.2083,25.9152,21.1137,12.8578,14.5296,26.176,48.8436,54.2173,102.8621,13.088,0.0,3.731508,7.079487,1.545355,30,207,63,6,0.32204186,0.01770420,-0.00338982,0E-8,0.000000,0.904812,0.002133,0.03111404,2026-03-21,2026-08-06,120,3733,1703,139,0.863309,1.227414,1.154177,1.073473,,,,,,,,GLOBAL_BASELINE_NO_ENTITY_RANKING,,,NOT_APPLICABLE_GLOBAL_BASELINE,HF9g-P5,,,,X 全窗基线 · 不参与实体赏罚,15054016,1506,A168_HF9F_20260827_0900,2026-08-27 09:00:00
2026-07-26,127529701,1331,0,118.7617793612,77.4533343660,77.4533343660,1.0000000,2,2,0.49994810000000000,0.499948100000,1.0001038053877793,1.0001038053877793,1.0001038053877793,0E-17,ELIGIBLE,R03b_20260811_FULL_v1,L1_ELIGIBILITY,v2026-08-11,2026-03-21..2026-08-06,baccarat_bet02_101_all_pairs_incl_sentinel,round_win = game_pnl > 0 (decisive only),COMPATIBILITY_ONLY_NOT_PRODUCTION,557989.4742,504875.3716,9878.7574,24851,24505,-0.01770420,0.00338982,-0.02772422,-0.01770420,-9878.7574,557989.4742,OK,0.0000,395.1503,4.0000,96.0000,AG03-UNRESOLVED,ALL5_LEVELS_bet23_to_bet27,395.1503,395.1503,395.1503,0.0000,0.0000,4.000000,4.000000,4.000000,0.000000,0.000000,96.000000,96.000000,96.000000,100.000000,100.000000,5.0,1185.4509,1138.6651,8693.3065,8740.0923,PENDING_AG03,FALSE,NOT_FOR_ENFORCEMENT,9483.6071,484680.3568,9878.7574,9483.6071,395.1503,0.01770420,0.01699603,395.1503,9483.6071,0.01699603,395.1503,395.1503,395.1503,0.0000,0.0000,9483.6071,0.01699603,1185.4509,1138.6651,8693.3065,8740.0923,0.01557970,0.01566354,0.00070817,22.4534,20.6030,0.4031,82.3230,2.6463,4649.9123,204.2083,25.9152,21.1137,12.8578,14.5296,26.176,48.8436,54.2173,102.8621,13.088,0.0,3.731508,7.079487,1.545355,30,207,63,6,0.32204186,0.01770420,-0.00338982,0E-8,0.000000,0.904812,0.002133,0.03111404,2026-03-21,2026-08-06,120,3733,1703,139,0.863309,1.227414,1.154177,1.073473,,,,,,,,GLOBAL_BASELINE_NO_ENTITY_RANKING,,,NOT_APPLICABLE_GLOBAL_BASELINE,HF9g-P5,,,,X 全窗基线 · 不参与实体赏罚,15054017,1506,A168_HF9F_20260827_0900,2026-08-27 09:00:00
2026-07-26,127529701,1353,0,188.4697802906,11.1016445925,11.1016445925,0.6000000,5,5,0.49860758000000000,0.498607580000,0.4534424453485946,0.4534424453485946,0.4534424453485946,0E-17,ELIGIBLE,R03b_20260811_FULL_v1,L1_ELIGIBILITY,v2026-08-11,2026-03-21..2026-08-06,baccarat_bet02_101_all_pairs_incl_sentinel,round_win = game_pnl > 0 (decisive only),COMPATIBILITY_ONLY_NOT_PRODUCTION,557989.4742,504875.3716,9878.7574,24851,24505,-0.01770420,0.00338982,-0.02772422,-0.01770420,-9878.7574,557989.4742,OK,0.0000,395.1503,4.0000,96.0000,AG03-UNRESOLVED,ALL5_LEVELS_bet23_to_bet27,395.1503,395.1503,395.1503,0.0000,0.0000,4.000000,4.000000,4.000000,0.000000,0.000000,96.000000,96.000000,96.000000,100.000000,100.000000,5.0,1185.4509,1138.6651,8693.3065,8740.0923,PENDING_AG03,FALSE,NOT_FOR_ENFORCEMENT,9483.6071,484680.3568,9878.7574,9483.6071,395.1503,0.01770420,0.01699603,395.1503,9483.6071,0.01699603,395.1503,395.1503,395.1503,0.0000,0.0000,9483.6071,0.01699603,1185.4509,1138.6651,8693.3065,8740.0923,0.01557970,0.01566354,0.00070817,22.4534,20.6030,0.4031,82.3230,2.6463,4649.9123,204.2083,25.9152,21.1137,12.8578,14.5296,26.176,48.8436,54.2173,102.8621,13.088,0.0,3.731508,7.079487,1.545355,30,207,63,6,0.32204186,0.01770420,-0.00338982,0E-8,0.000000,0.904812,0.002133,0.03111404,2026-03-21,2026-08-06,120,3733,1703,139,0.863309,1.227414,1.154177,1.073473,,,,,,,,GLOBAL_BASELINE_NO_ENTITY_RANKING,,,NOT_APPLICABLE_GLOBAL_BASELINE,HF9g-P5,,,,X 全窗基线 · 不参与实体赏罚,15054018,1506,A168_HF9F_20260827_0900,2026-08-27 09:00:00
2026-07-26,127529701,1374,0,238.0399142848,19.4924224822,19.4924224822,0.6000000,12,11,0.48360272727272727,0.477562686364,0.7365571741200118,0.7751424212882144,0.7365571741200118,0.00604004090872727,ELIGIBLE,R03b_20260811_FULL_v1,L1_ELIGIBILITY,v2026-08-11,2026-03-21..2026-08-06,baccarat_bet02_101_all_pairs_incl_sentinel,round_win = game_pnl > 0 (decisive only),COMPATIBILITY_ONLY_NOT_PRODUCTION,557989.4742,504875.3716,9878.7574,24851,24505,-0.01770420,0.00338982,-0.02772422,-0.01770420,-9878.7574,557989.4742,OK,0.0000,395.1503,4.0000,96.0000,AG03-UNRESOLVED,ALL5_LEVELS_bet23_to_bet27,395.1503,395.1503,395.1503,0.0000,0.0000,4.000000,4.000000,4.000000,0.000000,0.000000,96.000000,96.000000,96.000000,100.000000,100.000000,5.0,1185.4509,1138.6651,8693.3065,8740.0923,PENDING_AG03,FALSE,NOT_FOR_ENFORCEMENT,9483.6071,484680.3568,9878.7574,9483.6071,395.1503,0.01770420,0.01699603,395.1503,9483.6071,0.01699603,395.1503,395.1503,395.1503,0.0000,0.0000,9483.6071,0.01699603,1185.4509,1138.6651,8693.3065,8740.0923,0.01557970,0.01566354,0.00070817,22.4534,20.6030,0.4031,82.3230,2.6463,4649.9123,204.2083,25.9152,21.1137,12.8578,14.5296,26.176,48.8436,54.2173,102.8621,13.088,0.0,3.731508,7.079487,1.545355,30,207,63,6,0.32204186,0.01770420,-0.00338982,0E-8,0.000000,0.904812,0.002133,0.03111404,2026-03-21,2026-08-06,120,3733,1703,139,0.863309,1.227414,1.154177,1.073473,,,,,,,,GLOBAL_BASELINE_NO_ENTITY_RANKING,,,NOT_APPLICABLE_GLOBAL_BASELINE,HF9g-P5,,,,X 全窗基线 · 不参与实体赏罚,15054019,1506,A168_HF9F_20260827_0900,2026-08-27 09:00:00
2026-07-26,127529701,1383,0,283.9955593420,-2.5817778122,-2.5817778122,0.4000000,12,12,0.50106520000000000,0.501065200000,-0.6391938988865886,-0.6391938988865887,-0.6391938988865886,0E-17,ELIGIBLE,R03b_20260811_FULL_v1,L1_ELIGIBILITY,v2026-08-11,2026-03-21..2026-08-06,baccarat_bet02_101_all_pairs_incl_sentinel,round_win = game_pnl > 0 (decisive only),COMPATIBILITY_ONLY_NOT_PRODUCTION,557989.4742,504875.3716,9878.7574,24851,24505,-0.01770420,0.00338982,-0.02772422,-0.01770420,-9878.7574,557989.4742,OK,0.0000,395.1503,4.0000,96.0000,AG03-UNRESOLVED,ALL5_LEVELS_bet23_to_bet27,395.1503,395.1503,395.1503,0.0000,0.0000,4.000000,4.000000,4.000000,0.000000,0.000000,96.000000,96.000000,96.000000,100.000000,100.000000,5.0,1185.4509,1138.6651,8693.3065,8740.0923,PENDING_AG03,FALSE,NOT_FOR_ENFORCEMENT,9483.6071,484680.3568,9878.7574,9483.6071,395.1503,0.01770420,0.01699603,395.1503,9483.6071,0.01699603,395.1503,395.1503,395.1503,0.0000,0.0000,9483.6071,0.01699603,1185.4509,1138.6651,8693.3065,8740.0923,0.01557970,0.01566354,0.00070817,22.4534,20.6030,0.4031,82.3230,2.6463,4649.9123,204.2083,25.9152,21.1137,12.8578,14.5296,26.176,48.8436,54.2173,102.8621,13.088,0.0,3.731508,7.079487,1.545355,30,207,63,6,0.32204186,0.01770420,-0.00338982,0E-8,0.000000,0.904812,0.002133,0.03111404,2026-03-21,2026-08-06,120,3733,1703,139,0.863309,1.227414,1.154177,1.073473,,,,,,,,GLOBAL_BASELINE_NO_ENTITY_RANKING,,,NOT_APPLICABLE_GLOBAL_BASELINE,HF9g-P5,,,,X 全窗基线 · 不参与实体赏罚,15054020,1506,A168_HF9F_20260827_0900,2026-08-27 09:00:00
2026-07-26,127529701,1384,0,249.1415588773,-162.0065577155,-162.0065577155,0.2500000,8,8,0.50329940000000000,0.503299400000,-1.4329089850335803,-1.4329089850335803,-1.4329089850335803,0E-17,ELIGIBLE,R03b_20260811_FULL_v1,L1_ELIGIBILITY,v2026-08-11,2026-03-21..2026-08-06,baccarat_bet02_101_all_pairs_incl_sentinel,round_win = game_pnl > 0 (decisive only),COMPATIBILITY_ONLY_NOT_PRODUCTION,557989.4742,504875.3716,9878.7574,24851,24505,-0.01770420,0.00338982,-0.02772422,-0.01770420,-9878.7574,557989.4742,OK,0.0000,395.1503,4.0000,96.0000,AG03-UNRESOLVED,ALL5_LEVELS_bet23_to_bet27,395.1503,395.1503,395.1503,0.0000,0.0000,4.000000,4.000000,4.000000,0.000000,0.000000,96.000000,96.000000,96.000000,100.000000,100.000000,5.0,1185.4509,1138.6651,8693.3065,8740.0923,PENDING_AG03,FALSE,NOT_FOR_ENFORCEMENT,9483.6071,484680.3568,9878.7574,9483.6071,395.1503,0.01770420,0.01699603,395.1503,9483.6071,0.01699603,395.1503,395.1503,395.1503,0.0000,0.0000,9483.6071,0.01699603,1185.4509,1138.6651,8693.3065,8740.0923,0.01557970,0.01566354,0.00070817,22.4534,20.6030,0.4031,82.3230,2.6463,4649.9123,204.2083,25.9152,21.1137,12.8578,14.5296,26.176,48.8436,54.2173,102.8621,13.088,0.0,3.731508,7.079487,1.545355,30,207,63,6,0.32204186,0.01770420,-0.00338982,0E-8,0.000000,0.904812,0.002133,0.03111404,2026-03-21,2026-08-06,120,3733,1703,139,0.863309,1.227414,1.154177,1.073473,,,,,,,,GLOBAL_BASELINE_NO_ENTITY_RANKING,,,NOT_APPLICABLE_GLOBAL_BASELINE,HF9g-P5,,,,X 全窗基线 · 不参与实体赏罚,15054021,1506,A168_HF9F_20260827_0900,2026-08-27 09:00:00
2026-07-26,127529701,1385,0,219.4511140370,62.6081119459,62.6081119459,0.5714286,7,7,0.49707555714285714,0.497075557143,0.39344589990031587,0.3934458998995593,0.39344589990031587,-1.4286E-13,ELIGIBLE,R03b_20260811_FULL_v1,L1_ELIGIBILITY,v2026-08-11,2026-03-21..2026-08-06,baccarat_bet02_101_all_pairs_incl_sentinel,round_win = game_pnl > 0 (decisive only),COMPATIBILITY_ONLY_NOT_PRODUCTION,557989.4742,504875.3716,9878.7574,24851,24505,-0.01770420,0.00338982,-0.02772422,-0.01770420,-9878.7574,557989.4742,OK,0.0000,395.1503,4.0000,96.0000,AG03-UNRESOLVED,ALL5_LEVELS_bet23_to_bet27,395.1503,395.1503,395.1503,0.0000,0.0000,4.000000,4.000000,4.000000,0.000000,0.000000,96.000000,96.000000,96.000000,100.000000,100.000000,5.0,1185.4509,1138.6651,8693.3065,8740.0923,PENDING_AG03,FALSE,NOT_FOR_ENFORCEMENT,9483.6071,484680.3568,9878.7574,9483.6071,395.1503,0.01770420,0.01699603,395.1503,9483.6071,0.01699603,395.1503,395.1503,395.1503,0.0000,0.0000,9483.6071,0.01699603,1185.4509,1138.6651,8693.3065,8740.0923,0.01557970,0.01566354,0.00070817,22.4534,20.6030,0.4031,82.3230,2.6463,4649.9123,204.2083,25.9152,21.1137,12.8578,14.5296,26.176,48.8436,54.2173,102.8621,13.088,0.0,3.731508,7.079487,1.545355,30,207,63,6,0.32204186,0.01770420,-0.00338982,0E-8,0.000000,0.904812,0.002133,0.03111404,2026-03-21,2026-08-06,120,3733,1703,139,0.863309,1.227414,1.154177,1.073473,,,,,,,,GLOBAL_BASELINE_NO_ENTITY_RANKING,,,NOT_APPLICABLE_GLOBAL_BASELINE,HF9g-P5,,,,X 全窗基线 · 不参与实体赏罚,15054022,1506,A168_HF9F_20260827_0900,2026-08-27 09:00:00
2026-07-26,127529701,1400,0,269.7957813750,136.6147729327,136.6147729327,0.7272727,13,13,0.50149485384615385,0.501494853846,1.4976476775066716,1.4976476775076908,1.4976476775066716,1.5385E-13,ELIGIBLE,R03b_20260811_FULL_v1,L1_ELIGIBILITY,v2026-08-11,2026-03-21..2026-08-06,baccarat_bet02_101_all_pairs_incl_sentinel,round_win = game_pnl > 0 (decisive only),COMPATIBILITY_ONLY_NOT_PRODUCTION,557989.4742,504875.3716,9878.7574,24851,24505,-0.01770420,0.00338982,-0.02772422,-0.01770420,-9878.7574,557989.4742,OK,0.0000,395.1503,4.0000,96.0000,AG03-UNRESOLVED,ALL5_LEVELS_bet23_to_bet27,395.1503,395.1503,395.1503,0.0000,0.0000,4.000000,4.000000,4.000000,0.000000,0.000000,96.000000,96.000000,96.000000,100.000000,100.000000,5.0,1185.4509,1138.6651,8693.3065,8740.0923,PENDING_AG03,FALSE,NOT_FOR_ENFORCEMENT,9483.6071,484680.3568,9878.7574,9483.6071,395.1503,0.01770420,0.01699603,395.1503,9483.6071,0.01699603,395.1503,395.1503,395.1503,0.0000,0.0000,9483.6071,0.01699603,1185.4509,1138.6651,8693.3065,8740.0923,0.01557970,0.01566354,0.00070817,22.4534,20.6030,0.4031,82.3230,2.6463,4649.9123,204.2083,25.9152,21.1137,12.8578,14.5296,26.176,48.8436,54.2173,102.8621,13.088,0.0,3.731508,7.079487,1.545355,30,207,63,6,0.32204186,0.01770420,-0.00338982,0E-8,0.000000,0.904812,0.002133,0.03111404,2026-03-21,2026-08-06,120,3733,1703,139,0.863309,1.227414,1.154177,1.073473,,,,,,,,GLOBAL_BASELINE_NO_ENTITY_RANKING,,,NOT_APPLICABLE_GLOBAL_BASELINE,HF9g-P5,,,,X 全窗基线 · 不参与实体赏罚,15054023,1506,A168_HF9F_20260827_0900,2026-08-27 09:00:00
2026-07-26,127529701,1402,0,290.1918260913,-100.0438902228,-100.0438902228,0.3333333,10,10,0.49860758000000000,0.498607580000,-0.9916493252932331,-0.9916493252932332,-0.9916493252932331,0E-17,ELIGIBLE,R03b_20260811_FULL_v1,L1_ELIGIBILITY,v2026-08-11,2026-03-21..2026-08-06,baccarat_bet02_101_all_pairs_incl_sentinel,round_win = game_pnl > 0 (decisive only),COMPATIBILITY_ONLY_NOT_PRODUCTION,557989.4742,504875.3716,9878.7574,24851,24505,-0.01770420,0.00338982,-0.02772422,-0.01770420,-9878.7574,557989.4742,OK,0.0000,395.1503,4.0000,96.0000,AG03-UNRESOLVED,ALL5_LEVELS_bet23_to_bet27,395.1503,395.1503,395.1503,0.0000,0.0000,4.000000,4.000000,4.000000,0.000000,0.000000,96.000000,96.000000,96.000000,100.000000,100.000000,5.0,1185.4509,1138.6651,8693.3065,8740.0923,PENDING_AG03,FALSE,NOT_FOR_ENFORCEMENT,9483.6071,484680.3568,9878.7574,9483.6071,395.1503,0.01770420,0.01699603,395.1503,9483.6071,0.01699603,395.1503,395.1503,395.1503,0.0000,0.0000,9483.6071,0.01699603,1185.4509,1138.6651,8693.3065,8740.0923,0.01557970,0.01566354,0.00070817,22.4534,20.6030,0.4031,82.3230,2.6463,4649.9123,204.2083,25.9152,21.1137,12.8578,14.5296,26.176,48.8436,54.2173,102.8621,13.088,0.0,3.731508,7.079487,1.545355,30,207,63,6,0.32204186,0.01770420,-0.00338982,0E-8,0.000000,0.904812,0.002133,0.03111404,2026-03-21,2026-08-06,120,3733,1703,139,0.863309,1.227414,1.154177,1.073473,,,,,,,,GLOBAL_BASELINE_NO_ENTITY_RANKING,,,NOT_APPLICABLE_GLOBAL_BASELINE,HF9g-P5,,,,X 全窗基线 · 不参与实体赏罚,15054024,1506,A168_HF9F_20260827_0900,2026-08-27 09:00:00
2026-07-26,127529701,1654,0,90.3622234270,12.9088890610,12.9088890610,0.5000000,2,2,0.49994810000000000,0.499948100000,0.00014679536856514622,0.00014679536856514622,0.00014679536856514622,0E-17,ELIGIBLE,R03b_20260811_FULL_v1,L1_ELIGIBILITY,v2026-08-11,2026-03-21..2026-08-06,baccarat_bet02_101_all_pairs_incl_sentinel,round_win = game_pnl > 0 (decisive only),COMPATIBILITY_ONLY_NOT_PRODUCTION,557989.4742,504875.3716,9878.7574,24851,24505,-0.01770420,0.00338982,-0.02772422,-0.01770420,-9878.7574,557989.4742,OK,0.0000,395.1503,4.0000,96.0000,AG03-UNRESOLVED,ALL5_LEVELS_bet23_to_bet27,395.1503,395.1503,395.1503,0.0000,0.0000,4.000000,4.000000,4.000000,0.000000,0.000000,96.000000,96.000000,96.000000,100.000000,100.000000,5.0,1185.4509,1138.6651,8693.3065,8740.0923,PENDING_AG03,FALSE,NOT_FOR_ENFORCEMENT,9483.6071,484680.3568,9878.7574,9483.6071,395.1503,0.01770420,0.01699603,395.1503,9483.6071,0.01699603,395.1503,395.1503,395.1503,0.0000,0.0000,9483.6071,0.01699603,1185.4509,1138.6651,8693.3065,8740.0923,0.01557970,0.01566354,0.00070817,22.4534,20.6030,0.4031,82.3230,2.6463,4649.9123,204.2083,25.9152,21.1137,12.8578,14.5296,26.176,48.8436,54.2173,102.8621,13.088,0.0,3.731508,7.079487,1.545355,30,207,63,6,0.32204186,0.01770420,-0.00338982,0E-8,0.000000,0.904812,0.002133,0.03111404,2026-03-21,2026-08-06,120,3733,1703,139,0.863309,1.227414,1.154177,1.073473,,,,,,,,GLOBAL_BASELINE_NO_ENTITY_RANKING,,,NOT_APPLICABLE_GLOBAL_BASELINE,HF9g-P5,,,,X 全窗基线 · 不参与实体赏罚,15054025,1506,A168_HF9F_20260827_0900,2026-08-27 09:00:00
2026-07-26,127529701,1957,0,293.0317816847,236.4263031522,236.4263031522,0.8750000,8,8,0.49827245000000000,0.498272450000,2.131105562422812,2.131105562422812,2.131105562422812,0E-17,ELIGIBLE,R03b_20260811_FULL_v1,L1_ELIGIBILITY,v2026-08-11,2026-03-21..2026-08-06,baccarat_bet02_101_all_pairs_incl_sentinel,round_win = game_pnl > 0 (decisive only),COMPATIBILITY_ONLY_NOT_PRODUCTION,557989.4742,504875.3716,9878.7574,24851,24505,-0.01770420,0.00338982,-0.02772422,-0.01770420,-9878.7574,557989.4742,OK,0.0000,395.1503,4.0000,96.0000,AG03-UNRESOLVED,ALL5_LEVELS_bet23_to_bet27,395.1503,395.1503,395.1503,0.0000,0.0000,4.000000,4.000000,4.000000,0.000000,0.000000,96.000000,96.000000,96.000000,100.000000,100.000000,5.0,1185.4509,1138.6651,8693.3065,8740.0923,PENDING_AG03,FALSE,NOT_FOR_ENFORCEMENT,9483.6071,484680.3568,9878.7574,9483.6071,395.1503,0.01770420,0.01699603,395.1503,9483.6071,0.01699603,395.1503,395.1503,395.1503,0.0000,0.0000,9483.6071,0.01699603,1185.4509,1138.6651,8693.3065,8740.0923,0.01557970,0.01566354,0.00070817,22.4534,20.6030,0.4031,82.3230,2.6463,4649.9123,204.2083,25.9152,21.1137,12.8578,14.5296,26.176,48.8436,54.2173,102.8621,13.088,0.0,3.731508,7.079487,1.545355,30,207,63,6,0.32204186,0.01770420,-0.00338982,0E-8,0.000000,0.904812,0.002133,0.03111404,2026-03-21,2026-08-06,120,3733,1703,139,0.863309,1.227414,1.154177,1.073473,,,,,,,,GLOBAL_BASELINE_NO_ENTITY_RANKING,,,NOT_APPLICABLE_GLOBAL_BASELINE,HF9g-P5,,,,X 全窗基线 · 不参与实体赏罚,15054026,1506,A168_HF9F_20260827_0900,2026-08-27 09:00:00
2026-07-26,127529701,1990,0,437.6113391679,123.9253349856,123.9253349856,0.5833333,12,12,0.50106520000000000,0.501065200000,0.5699716405480333,0.5699716405480334,0.5699716405480333,0E-17,ELIGIBLE,R03b_20260811_FULL_v1,L1_ELIGIBILITY,v2026-08-11,2026-03-21..2026-08-06,baccarat_bet02_101_all_pairs_incl_sentinel,round_win = game_pnl > 0 (decisive only),COMPATIBILITY_ONLY_NOT_PRODUCTION,557989.4742,504875.3716,9878.7574,24851,24505,-0.01770420,0.00338982,-0.02772422,-0.01770420,-9878.7574,557989.4742,OK,0.0000,395.1503,4.0000,96.0000,AG03-UNRESOLVED,ALL5_LEVELS_bet23_to_bet27,395.1503,395.1503,395.1503,0.0000,0.0000,4.000000,4.000000,4.000000,0.000000,0.000000,96.000000,96.000000,96.000000,100.000000,100.000000,5.0,1185.4509,1138.6651,8693.3065,8740.0923,PENDING_AG03,FALSE,NOT_FOR_ENFORCEMENT,9483.6071,484680.3568,9878.7574,9483.6071,395.1503,0.01770420,0.01699603,395.1503,9483.6071,0.01699603,395.1503,395.1503,395.1503,0.0000,0.0000,9483.6071,0.01699603,1185.4509,1138.6651,8693.3065,8740.0923,0.01557970,0.01566354,0.00070817,22.4534,20.6030,0.4031,82.3230,2.6463,4649.9123,204.2083,25.9152,21.1137,12.8578,14.5296,26.176,48.8436,54.2173,102.8621,13.088,0.0,3.731508,7.079487,1.545355,30,207,63,6,0.32204186,0.01770420,-0.00338982,0E-8,0.000000,0.904812,0.002133,0.03111404,2026-03-21,2026-08-06,120,3733,1703,139,0.863309,1.227414,1.154177,1.073473,,,,,,,,GLOBAL_BASELINE_NO_ENTITY_RANKING,,,NOT_APPLICABLE_GLOBAL_BASELINE,HF9g-P5,,,,X 全窗基线 · 不参与实体赏罚,15054027,1506,A168_HF9F_20260827_0900,2026-08-27 09:00:00
2026-07-26,127529701,1994,0,275.7338703429,-80.2932899595,-80.2932899595,0.5000000,8,8,0.49994810000000000,0.499948100000,0.00025425703667063243,0.00025425703667063243,0.00025425703667063243,0E-17,ELIGIBLE,R03b_20260811_FULL_v1,L1_ELIGIBILITY,v2026-08-11,2026-03-21..2026-08-06,baccarat_bet02_101_all_pairs_incl_sentinel,round_win = game_pnl > 0 (decisive only),COMPATIBILITY_ONLY_NOT_PRODUCTION,557989.4742,504875.3716,9878.7574,24851,24505,-0.01770420,0.00338982,-0.02772422,-0.01770420,-9878.7574,557989.4742,OK,0.0000,395.1503,4.0000,96.0000,AG03-UNRESOLVED,ALL5_LEVELS_bet23_to_bet27,395.1503,395.1503,395.1503,0.0000,0.0000,4.000000,4.000000,4.000000,0.000000,0.000000,96.000000,96.000000,96.000000,100.000000,100.000000,5.0,1185.4509,1138.6651,8693.3065,8740.0923,PENDING_AG03,FALSE,NOT_FOR_ENFORCEMENT,9483.6071,484680.3568,9878.7574,9483.6071,395.1503,0.01770420,0.01699603,395.1503,9483.6071,0.01699603,395.1503,395.1503,395.1503,0.0000,0.0000,9483.6071,0.01699603,1185.4509,1138.6651,8693.3065,8740.0923,0.01557970,0.01566354,0.00070817,22.4534,20.6030,0.4031,82.3230,2.6463,4649.9123,204.2083,25.9152,21.1137,12.8578,14.5296,26.176,48.8436,54.2173,102.8621,13.088,0.0,3.731508,7.079487,1.545355,30,207,63,6,0.32204186,0.01770420,-0.00338982,0E-8,0.000000,0.904812,0.002133,0.03111404,2026-03-21,2026-08-06,120,3733,1703,139,0.863309,1.227414,1.154177,1.073473,,,,,,,,GLOBAL_BASELINE_NO_ENTITY_RANKING,,,NOT_APPLICABLE_GLOBAL_BASELINE,HF9g-P5,,,,X 全窗基线 · 不参与实体赏罚,15054028,1506,A168_HF9F_20260827_0900,2026-08-27 09:00:00
2026-07-26,127529701,2088,0,116.1800015490,-64.5444453050,-64.5444453050,0.2500000,4,4,0.49659680000000000,0.496596800000,-0.9864100490137353,-0.9864100490137354,-0.9864100490137353,0E-17,ELIGIBLE,R03b_20260811_FULL_v1,L1_ELIGIBILITY,v2026-08-11,2026-03-21..2026-08-06,baccarat_bet02_101_all_pairs_incl_sentinel,round_win = game_pnl > 0 (decisive only),COMPATIBILITY_ONLY_NOT_PRODUCTION,557989.4742,504875.3716,9878.7574,24851,24505,-0.01770420,0.00338982,-0.02772422,-0.01770420,-9878.7574,557989.4742,OK,0.0000,395.1503,4.0000,96.0000,AG03-UNRESOLVED,ALL5_LEVELS_bet23_to_bet27,395.1503,395.1503,395.1503,0.0000,0.0000,4.000000,4.000000,4.000000,0.000000,0.000000,96.000000,96.000000,96.000000,100.000000,100.000000,5.0,1185.4509,1138.6651,8693.3065,8740.0923,PENDING_AG03,FALSE,NOT_FOR_ENFORCEMENT,9483.6071,484680.3568,9878.7574,9483.6071,395.1503,0.01770420,0.01699603,395.1503,9483.6071,0.01699603,395.1503,395.1503,395.1503,0.0000,0.0000,9483.6071,0.01699603,1185.4509,1138.6651,8693.3065,8740.0923,0.01557970,0.01566354,0.00070817,22.4534,20.6030,0.4031,82.3230,2.6463,4649.9123,204.2083,25.9152,21.1137,12.8578,14.5296,26.176,48.8436,54.2173,102.8621,13.088,0.0,3.731508,7.079487,1.545355,30,207,63,6,0.32204186,0.01770420,-0.00338982,0E-8,0.000000,0.904812,0.002133,0.03111404,2026-03-21,2026-08-06,120,3733,1703,139,0.863309,1.227414,1.154177,1.073473,,,,,,,,GLOBAL_BASELINE_NO_ENTITY_RANKING,,,NOT_APPLICABLE_GLOBAL_BASELINE,HF9g-P5,,,,X 全窗基线 · 不参与实体赏罚,15054029,1506,A168_HF9F_20260827_0900,2026-08-27 09:00:00
2026-07-26,127529701,2101,0,246.0434255027,-151.1114553481,-151.1114553481,0.2500000,8,8,0.49994810000000000,0.499948100000,-1.4139199792546444,-1.4139199792546444,-1.4139199792546444,0E-17,ELIGIBLE,R03b_20260811_FULL_v1,L1_ELIGIBILITY,v2026-08-11,2026-03-21..2026-08-06,baccarat_bet02_101_all_pairs_incl_sentinel,round_win = game_pnl > 0 (decisive only),COMPATIBILITY_ONLY_NOT_PRODUCTION,557989.4742,504875.3716,9878.7574,24851,24505,-0.01770420,0.00338982,-0.02772422,-0.01770420,-9878.7574,557989.4742,OK,0.0000,395.1503,4.0000,96.0000,AG03-UNRESOLVED,ALL5_LEVELS_bet23_to_bet27,395.1503,395.1503,395.1503,0.0000,0.0000,4.000000,4.000000,4.000000,0.000000,0.000000,96.000000,96.000000,96.000000,100.000000,100.000000,5.0,1185.4509,1138.6651,8693.3065,8740.0923,PENDING_AG03,FALSE,NOT_FOR_ENFORCEMENT,9483.6071,484680.3568,9878.7574,9483.6071,395.1503,0.01770420,0.01699603,395.1503,9483.6071,0.01699603,395.1503,395.1503,395.1503,0.0000,0.0000,9483.6071,0.01699603,1185.4509,1138.6651,8693.3065,8740.0923,0.01557970,0.01566354,0.00070817,22.4534,20.6030,0.4031,82.3230,2.6463,4649.9123,204.2083,25.9152,21.1137,12.8578,14.5296,26.176,48.8436,54.2173,102.8621,13.088,0.0,3.731508,7.079487,1.545355,30,207,63,6,0.32204186,0.01770420,-0.00338982,0E-8,0.000000,0.904812,0.002133,0.03111404,2026-03-21,2026-08-06,120,3733,1703,139,0.863309,1.227414,1.154177,1.073473,,,,,,,,GLOBAL_BASELINE_NO_ENTITY_RANKING,,,NOT_APPLICABLE_GLOBAL_BASELINE,HF9g-P5,,,,X 全窗基线 · 不参与实体赏罚,15054030,1506,A168_HF9F_20260827_0900,2026-08-27 09:00:00
2026-07-26,127529701,2103,0,226.6800919112,116.3090904396,116.3090904396,0.6666667,10,10,0.49860758000000000,0.498607580000,1.0083584300857016,1.0083584300857016,1.0083584300857016,0E-17,ELIGIBLE,R03b_20260811_FULL_v1,L1_ELIGIBILITY,v2026-08-11,2026-03-21..2026-08-06,baccarat_bet02_101_all_pairs_incl_sentinel,round_win = game_pnl > 0 (decisive only),COMPATIBILITY_ONLY_NOT_PRODUCTION,557989.4742,504875.3716,9878.7574,24851,24505,-0.01770420,0.00338982,-0.02772422,-0.01770420,-9878.7574,557989.4742,OK,0.0000,395.1503,4.0000,96.0000,AG03-UNRESOLVED,ALL5_LEVELS_bet23_to_bet27,395.1503,395.1503,395.1503,0.0000,0.0000,4.000000,4.000000,4.000000,0.000000,0.000000,96.000000,96.000000,96.000000,100.000000,100.000000,5.0,1185.4509,1138.6651,8693.3065,8740.0923,PENDING_AG03,FALSE,NOT_FOR_ENFORCEMENT,9483.6071,484680.3568,9878.7574,9483.6071,395.1503,0.01770420,0.01699603,395.1503,9483.6071,0.01699603,395.1503,395.1503,395.1503,0.0000,0.0000,9483.6071,0.01699603,1185.4509,1138.6651,8693.3065,8740.0923,0.01557970,0.01566354,0.00070817,22.4534,20.6030,0.4031,82.3230,2.6463,4649.9123,204.2083,25.9152,21.1137,12.8578,14.5296,26.176,48.8436,54.2173,102.8621,13.088,0.0,3.731508,7.079487,1.545355,30,207,63,6,0.32204186,0.01770420,-0.00338982,0E-8,0.000000,0.904812,0.002133,0.03111404,2026-03-21,2026-08-06,120,3733,1703,139,0.863309,1.227414,1.154177,1.073473,,,,,,,,GLOBAL_BASELINE_NO_ENTITY_RANKING,,,NOT_APPLICABLE_GLOBAL_BASELINE,HF9g-P5,,,,X 全窗基线 · 不参与实体赏罚,15054031,1506,A168_HF9F_20260827_0900,2026-08-27 09:00:00
2026-07-26,127529701,2108,0,108.4346681124,105.5947125190,105.5947125190,1.0000000,4,4,0.49994810000000000,0.499948100000,2.0002076107755586,2.0002076107755586,2.0002076107755586,0E-17,ELIGIBLE,R03b_20260811_FULL_v1,L1_ELIGIBILITY,v2026-08-11,2026-03-21..2026-08-06,baccarat_bet02_101_all_pairs_incl_sentinel,round_win = game_pnl > 0 (decisive only),COMPATIBILITY_ONLY_NOT_PRODUCTION,557989.4742,504875.3716,9878.7574,24851,24505,-0.01770420,0.00338982,-0.02772422,-0.01770420,-9878.7574,557989.4742,OK,0.0000,395.1503,4.0000,96.0000,AG03-UNRESOLVED,ALL5_LEVELS_bet23_to_bet27,395.1503,395.1503,395.1503,0.0000,0.0000,4.000000,4.000000,4.000000,0.000000,0.000000,96.000000,96.000000,96.000000,100.000000,100.000000,5.0,1185.4509,1138.6651,8693.3065,8740.0923,PENDING_AG03,FALSE,NOT_FOR_ENFORCEMENT,9483.6071,484680.3568,9878.7574,9483.6071,395.1503,0.01770420,0.01699603,395.1503,9483.6071,0.01699603,395.1503,395.1503,395.1503,0.0000,0.0000,9483.6071,0.01699603,1185.4509,1138.6651,8693.3065,8740.0923,0.01557970,0.01566354,0.00070817,22.4534,20.6030,0.4031,82.3230,2.6463,4649.9123,204.2083,25.9152,21.1137,12.8578,14.5296,26.176,48.8436,54.2173,102.8621,13.088,0.0,3.731508,7.079487,1.545355,30,207,63,6,0.32204186,0.01770420,-0.00338982,0E-8,0.000000,0.904812,0.002133,0.03111404,2026-03-21,2026-08-06,120,3733,1703,139,0.863309,1.227414,1.154177,1.073473,,,,,,,,GLOBAL_BASELINE_NO_ENTITY_RANKING,,,NOT_APPLICABLE_GLOBAL_BASELINE,HF9g-P5,,,,X 全窗基线 · 不参与实体赏罚,15054032,1506,A168_HF9F_20260827_0900,2026-08-27 09:00:00
2026-07-26,127529701,2129,0,25.8177781220,-25.8177781220,-25.8177781220,0E-7,1,1,0.49324550000000000,0.493245500000,-0.9865810262130424,-0.9865810262130424,-0.9865810262130424,0E-17,ELIGIBLE,R03b_20260811_FULL_v1,L1_ELIGIBILITY,v2026-08-11,2026-03-21..2026-08-06,baccarat_bet02_101_all_pairs_incl_sentinel,round_win = game_pnl > 0 (decisive only),COMPATIBILITY_ONLY_NOT_PRODUCTION,557989.4742,504875.3716,9878.7574,24851,24505,-0.01770420,0.00338982,-0.02772422,-0.01770420,-9878.7574,557989.4742,OK,0.0000,395.1503,4.0000,96.0000,AG03-UNRESOLVED,ALL5_LEVELS_bet23_to_bet27,395.1503,395.1503,395.1503,0.0000,0.0000,4.000000,4.000000,4.000000,0.000000,0.000000,96.000000,96.000000,96.000000,100.000000,100.000000,5.0,1185.4509,1138.6651,8693.3065,8740.0923,PENDING_AG03,FALSE,NOT_FOR_ENFORCEMENT,9483.6071,484680.3568,9878.7574,9483.6071,395.1503,0.01770420,0.01699603,395.1503,9483.6071,0.01699603,395.1503,395.1503,395.1503,0.0000,0.0000,9483.6071,0.01699603,1185.4509,1138.6651,8693.3065,8740.0923,0.01557970,0.01566354,0.00070817,22.4534,20.6030,0.4031,82.3230,2.6463,4649.9123,204.2083,25.9152,21.1137,12.8578,14.5296,26.176,48.8436,54.2173,102.8621,13.088,0.0,3.731508,7.079487,1.545355,30,207,63,6,0.32204186,0.01770420,-0.00338982,0E-8,0.000000,0.904812,0.002133,0.03111404,2026-03-21,2026-08-06,120,3733,1703,139,0.863309,1.227414,1.154177,1.073473,,,,,,,,GLOBAL_BASELINE_NO_ENTITY_RANKING,,,NOT_APPLICABLE_GLOBAL_BASELINE,HF9g-P5,,,,X 全窗基线 · 不参与实体赏罚,15054033,1506,A168_HF9F_20260827_0900,2026-08-27 09:00:00
2026-07-26,127529701,2134,0,191.0515581028,-88.4258900678,-88.4258900678,0.3000000,10,10,0.49860758000000000,0.498607580000,-1.2561094975318896,-1.2561094975318896,-1.2561094975318896,0E-17,ELIGIBLE,R03b_20260811_FULL_v1,L1_ELIGIBILITY,v2026-08-11,2026-03-21..2026-08-06,baccarat_bet02_101_all_pairs_incl_sentinel,round_win = game_pnl > 0 (decisive only),COMPATIBILITY_ONLY_NOT_PRODUCTION,557989.4742,504875.3716,9878.7574,24851,24505,-0.01770420,0.00338982,-0.02772422,-0.01770420,-9878.7574,557989.4742,OK,0.0000,395.1503,4.0000,96.0000,AG03-UNRESOLVED,ALL5_LEVELS_bet23_to_bet27,395.1503,395.1503,395.1503,0.0000,0.0000,4.000000,4.000000,4.000000,0.000000,0.000000,96.000000,96.000000,96.000000,100.000000,100.000000,5.0,1185.4509,1138.6651,8693.3065,8740.0923,PENDING_AG03,FALSE,NOT_FOR_ENFORCEMENT,9483.6071,484680.3568,9878.7574,9483.6071,395.1503,0.01770420,0.01699603,395.1503,9483.6071,0.01699603,395.1503,395.1503,395.1503,0.0000,0.0000,9483.6071,0.01699603,1185.4509,1138.6651,8693.3065,8740.0923,0.01557970,0.01566354,0.00070817,22.4534,20.6030,0.4031,82.3230,2.6463,4649.9123,204.2083,25.9152,21.1137,12.8578,14.5296,26.176,48.8436,54.2173,102.8621,13.088,0.0,3.731508,7.079487,1.545355,30,207,63,6,0.32204186,0.01770420,-0.00338982,0E-8,0.000000,0.904812,0.002133,0.03111404,2026-03-21,2026-08-06,120,3733,1703,139,0.863309,1.227414,1.154177,1.073473,,,,,,,,GLOBAL_BASELINE_NO_ENTITY_RANKING,,,NOT_APPLICABLE_GLOBAL_BASELINE,HF9g-P5,,,,X 全窗基线 · 不参与实体赏罚,15054034,1506,A168_HF9F_20260827_0900,2026-08-27 09:00:00
2026-07-26,127529701,2142,0,836.4960111528,152.2345286964,152.2345286964,0.5666667,32,32,0.49911027500000000,0.499110275000,0.7400443640445645,0.7400443640445646,0.7400443640445645,0E-17,ELIGIBLE,R03b_20260811_FULL_v1,L1_ELIGIBILITY,v2026-08-11,2026-03-21..2026-08-06,baccarat_bet02_101_all_pairs_incl_sentinel,round_win = game_pnl > 0 (decisive only),COMPATIBILITY_ONLY_NOT_PRODUCTION,557989.4742,504875.3716,9878.7574,24851,24505,-0.01770420,0.00338982,-0.02772422,-0.01770420,-9878.7574,557989.4742,OK,0.0000,395.1503,4.0000,96.0000,AG03-UNRESOLVED,ALL5_LEVELS_bet23_to_bet27,395.1503,395.1503,395.1503,0.0000,0.0000,4.000000,4.000000,4.000000,0.000000,0.000000,96.000000,96.000000,96.000000,100.000000,100.000000,5.0,1185.4509,1138.6651,8693.3065,8740.0923,PENDING_AG03,FALSE,NOT_FOR_ENFORCEMENT,9483.6071,484680.3568,9878.7574,9483.6071,395.1503,0.01770420,0.01699603,395.1503,9483.6071,0.01699603,395.1503,395.1503,395.1503,0.0000,0.0000,9483.6071,0.01699603,1185.4509,1138.6651,8693.3065,8740.0923,0.01557970,0.01566354,0.00070817,22.4534,20.6030,0.4031,82.3230,2.6463,4649.9123,204.2083,25.9152,21.1137,12.8578,14.5296,26.176,48.8436,54.2173,102.8621,13.088,0.0,3.731508,7.079487,1.545355,30,207,63,6,0.32204186,0.01770420,-0.00338982,0E-8,0.000000,0.904812,0.002133,0.03111404,2026-03-21,2026-08-06,120,3733,1703,139,0.863309,1.227414,1.154177,1.073473,,,,,,,,GLOBAL_BASELINE_NO_ENTITY_RANKING,,,NOT_APPLICABLE_GLOBAL_BASELINE,HF9g-P5,,,,X 全窗基线 · 不参与实体赏罚,15054035,1506,A168_HF9F_20260827_0900,2026-08-27 09:00:00
2026-07-26,127529701,2145,0,341.8273823353,24.5268892160,24.5268892160,0.6470588,17,17,0.49797674705882353,0.497976747059,1.2293723613910095,1.2293723613895524,1.2293723613910095,-1.7647E-13,ELIGIBLE,R03b_20260811_FULL_v1,L1_ELIGIBILITY,v2026-08-11,2026-03-21..2026-08-06,baccarat_bet02_101_all_pairs_incl_sentinel,round_win = game_pnl > 0 (decisive only),COMPATIBILITY_ONLY_NOT_PRODUCTION,557989.4742,504875.3716,9878.7574,24851,24505,-0.01770420,0.00338982,-0.02772422,-0.01770420,-9878.7574,557989.4742,OK,0.0000,395.1503,4.0000,96.0000,AG03-UNRESOLVED,ALL5_LEVELS_bet23_to_bet27,395.1503,395.1503,395.1503,0.0000,0.0000,4.000000,4.000000,4.000000,0.000000,0.000000,96.000000,96.000000,96.000000,100.000000,100.000000,5.0,1185.4509,1138.6651,8693.3065,8740.0923,PENDING_AG03,FALSE,NOT_FOR_ENFORCEMENT,9483.6071,484680.3568,9878.7574,9483.6071,395.1503,0.01770420,0.01699603,395.1503,9483.6071,0.01699603,395.1503,395.1503,395.1503,0.0000,0.0000,9483.6071,0.01699603,1185.4509,1138.6651,8693.3065,8740.0923,0.01557970,0.01566354,0.00070817,22.4534,20.6030,0.4031,82.3230,2.6463,4649.9123,204.2083,25.9152,21.1137,12.8578,14.5296,26.176,48.8436,54.2173,102.8621,13.088,0.0,3.731508,7.079487,1.545355,30,207,63,6,0.32204186,0.01770420,-0.00338982,0E-8,0.000000,0.904812,0.002133,0.03111404,2026-03-21,2026-08-06,120,3733,1703,139,0.863309,1.227414,1.154177,1.073473,,,,,,,,GLOBAL_BASELINE_NO_ENTITY_RANKING,,,NOT_APPLICABLE_GLOBAL_BASELINE,HF9g-P5,,,,X 全窗基线 · 不参与实体赏罚,15054036,1506,A168_HF9F_20260827_0900,2026-08-27 09:00:00
2026-07-26,127529701,2153,0,245.2688921590,-28.3995559342,-28.3995559342,0.4000000,6,6,0.49547970000000000,0.495479700000,-0.42701565021644644,-0.42701565021644644,-0.42701565021644644,0E-17,ELIGIBLE,R03b_20260811_FULL_v1,L1_ELIGIBILITY,v2026-08-11,2026-03-21..2026-08-06,baccarat_bet02_101_all_pairs_incl_sentinel,round_win = game_pnl > 0 (decisive only),COMPATIBILITY_ONLY_NOT_PRODUCTION,557989.4742,504875.3716,9878.7574,24851,24505,-0.01770420,0.00338982,-0.02772422,-0.01770420,-9878.7574,557989.4742,OK,0.0000,395.1503,4.0000,96.0000,AG03-UNRESOLVED,ALL5_LEVELS_bet23_to_bet27,395.1503,395.1503,395.1503,0.0000,0.0000,4.000000,4.000000,4.000000,0.000000,0.000000,96.000000,96.000000,96.000000,100.000000,100.000000,5.0,1185.4509,1138.6651,8693.3065,8740.0923,PENDING_AG03,FALSE,NOT_FOR_ENFORCEMENT,9483.6071,484680.3568,9878.7574,9483.6071,395.1503,0.01770420,0.01699603,395.1503,9483.6071,0.01699603,395.1503,395.1503,395.1503,0.0000,0.0000,9483.6071,0.01699603,1185.4509,1138.6651,8693.3065,8740.0923,0.01557970,0.01566354,0.00070817,22.4534,20.6030,0.4031,82.3230,2.6463,4649.9123,204.2083,25.9152,21.1137,12.8578,14.5296,26.176,48.8436,54.2173,102.8621,13.088,0.0,3.731508,7.079487,1.545355,30,207,63,6,0.32204186,0.01770420,-0.00338982,0E-8,0.000000,0.904812,0.002133,0.03111404,2026-03-21,2026-08-06,120,3733,1703,139,0.863309,1.227414,1.154177,1.073473,,,,,,,,GLOBAL_BASELINE_NO_ENTITY_RANKING,,,NOT_APPLICABLE_GLOBAL_BASELINE,HF9g-P5,,,,X 全窗基线 · 不参与实体赏罚,15054037,1506,A168_HF9F_20260827_0900,2026-08-27 09:00:00
2026-07-26,127529701,2155,0,214.2875584126,116.1800015490,116.1800015490,0.6666667,10,10,0.49726706000000000,0.497267060000,1.016412823208965,1.016412823208965,1.016412823208965,0E-17,ELIGIBLE,R03b_20260811_FULL_v1,L1_ELIGIBILITY,v2026-08-11,2026-03-21..2026-08-06,baccarat_bet02_101_all_pairs_incl_sentinel,round_win = game_pnl > 0 (decisive only),COMPATIBILITY_ONLY_NOT_PRODUCTION,557989.4742,504875.3716,9878.7574,24851,24505,-0.01770420,0.00338982,-0.02772422,-0.01770420,-9878.7574,557989.4742,OK,0.0000,395.1503,4.0000,96.0000,AG03-UNRESOLVED,ALL5_LEVELS_bet23_to_bet27,395.1503,395.1503,395.1503,0.0000,0.0000,4.000000,4.000000,4.000000,0.000000,0.000000,96.000000,96.000000,96.000000,100.000000,100.000000,5.0,1185.4509,1138.6651,8693.3065,8740.0923,PENDING_AG03,FALSE,NOT_FOR_ENFORCEMENT,9483.6071,484680.3568,9878.7574,9483.6071,395.1503,0.01770420,0.01699603,395.1503,9483.6071,0.01699603,395.1503,395.1503,395.1503,0.0000,0.0000,9483.6071,0.01699603,1185.4509,1138.6651,8693.3065,8740.0923,0.01557970,0.01566354,0.00070817,22.4534,20.6030,0.4031,82.3230,2.6463,4649.9123,204.2083,25.9152,21.1137,12.8578,14.5296,26.176,48.8436,54.2173,102.8621,13.088,0.0,3.731508,7.079487,1.545355,30,207,63,6,0.32204186,0.01770420,-0.00338982,0E-8,0.000000,0.904812,0.002133,0.03111404,2026-03-21,2026-08-06,120,3733,1703,139,0.863309,1.227414,1.154177,1.073473,,,,,,,,GLOBAL_BASELINE_NO_ENTITY_RANKING,,,NOT_APPLICABLE_GLOBAL_BASELINE,HF9g-P5,,,,X 全窗基线 · 不参与实体赏罚,15054038,1506,A168_HF9F_20260827_0900,2026-08-27 09:00:00
2026-07-26,127529701,2167,0,249.3997366585,218.3409495778,218.3409495778,0.9000000,10,10,0.49860758000000000,0.498607580000,2.5386384094670964,2.5386384094670964,2.5386384094670964,0E-17,ELIGIBLE,R03b_20260811_FULL_v1,L1_ELIGIBILITY,v2026-08-11,2026-03-21..2026-08-06,baccarat_bet02_101_all_pairs_incl_sentinel,round_win = game_pnl > 0 (decisive only),COMPATIBILITY_ONLY_NOT_PRODUCTION,557989.4742,504875.3716,9878.7574,24851,24505,-0.01770420,0.00338982,-0.02772422,-0.01770420,-9878.7574,557989.4742,OK,0.0000,395.1503,4.0000,96.0000,AG03-UNRESOLVED,ALL5_LEVELS_bet23_to_bet27,395.1503,395.1503,395.1503,0.0000,0.0000,4.000000,4.000000,4.000000,0.000000,0.000000,96.000000,96.000000,96.000000,100.000000,100.000000,5.0,1185.4509,1138.6651,8693.3065,8740.0923,PENDING_AG03,FALSE,NOT_FOR_ENFORCEMENT,9483.6071,484680.3568,9878.7574,9483.6071,395.1503,0.01770420,0.01699603,395.1503,9483.6071,0.01699603,395.1503,395.1503,395.1503,0.0000,0.0000,9483.6071,0.01699603,1185.4509,1138.6651,8693.3065,8740.0923,0.01557970,0.01566354,0.00070817,22.4534,20.6030,0.4031,82.3230,2.6463,4649.9123,204.2083,25.9152,21.1137,12.8578,14.5296,26.176,48.8436,54.2173,102.8621,13.088,0.0,3.731508,7.079487,1.545355,30,207,63,6,0.32204186,0.01770420,-0.00338982,0E-8,0.000000,0.904812,0.002133,0.03111404,2026-03-21,2026-08-06,120,3733,1703,139,0.863309,1.227414,1.154177,1.073473,,,,,,,,GLOBAL_BASELINE_NO_ENTITY_RANKING,,,NOT_APPLICABLE_GLOBAL_BASELINE,HF9g-P5,,,,X 全窗基线 · 不参与实体赏罚,15054039,1506,A168_HF9F_20260827_0900,2026-08-27 09:00:00
2026-07-26,127529701,2171,0,749.2319211005,174.7605401080,174.7605401080,0.6086957,25,25,0.49807137200000000,0.498071372000,1.0610787138224433,1.0610787138224433,1.0610787138224433,0E-17,ELIGIBLE,R03b_20260811_FULL_v1,L1_ELIGIBILITY,v2026-08-11,2026-03-21..2026-08-06,baccarat_bet02_101_all_pairs_incl_sentinel,round_win = game_pnl > 0 (decisive only),COMPATIBILITY_ONLY_NOT_PRODUCTION,557989.4742,504875.3716,9878.7574,24851,24505,-0.01770420,0.00338982,-0.02772422,-0.01770420,-9878.7574,557989.4742,OK,0.0000,395.1503,4.0000,96.0000,AG03-UNRESOLVED,ALL5_LEVELS_bet23_to_bet27,395.1503,395.1503,395.1503,0.0000,0.0000,4.000000,4.000000,4.000000,0.000000,0.000000,96.000000,96.000000,96.000000,100.000000,100.000000,5.0,1185.4509,1138.6651,8693.3065,8740.0923,PENDING_AG03,FALSE,NOT_FOR_ENFORCEMENT,9483.6071,484680.3568,9878.7574,9483.6071,395.1503,0.01770420,0.01699603,395.1503,9483.6071,0.01699603,395.1503,395.1503,395.1503,0.0000,0.0000,9483.6071,0.01699603,1185.4509,1138.6651,8693.3065,8740.0923,0.01557970,0.01566354,0.00070817,22.4534,20.6030,0.4031,82.3230,2.6463,4649.9123,204.2083,25.9152,21.1137,12.8578,14.5296,26.176,48.8436,54.2173,102.8621,13.088,0.0,3.731508,7.079487,1.545355,30,207,63,6,0.32204186,0.01770420,-0.00338982,0E-8,0.000000,0.904812,0.002133,0.03111404,2026-03-21,2026-08-06,120,3733,1703,139,0.863309,1.227414,1.154177,1.073473,,,,,,,,GLOBAL_BASELINE_NO_ENTITY_RANKING,,,NOT_APPLICABLE_GLOBAL_BASELINE,HF9g-P5,,,,X 全窗基线 · 不参与实体赏罚,15054040,1506,A168_HF9F_20260827_0900,2026-08-27 09:00:00
2026-07-26,127529701,2196,0,146.9031575142,13.0379779516,13.0379779516,0.7500000,5,5,0.50128862000000000,0.501288620000,0.9948488239810122,0.9948488239810122,0.9948488239810122,0E-17,ELIGIBLE,R03b_20260811_FULL_v1,L1_ELIGIBILITY,v2026-08-11,2026-03-21..2026-08-06,baccarat_bet02_101_all_pairs_incl_sentinel,round_win = game_pnl > 0 (decisive only),COMPATIBILITY_ONLY_NOT_PRODUCTION,557989.4742,504875.3716,9878.7574,24851,24505,-0.01770420,0.00338982,-0.02772422,-0.01770420,-9878.7574,557989.4742,OK,0.0000,395.1503,4.0000,96.0000,AG03-UNRESOLVED,ALL5_LEVELS_bet23_to_bet27,395.1503,395.1503,395.1503,0.0000,0.0000,4.000000,4.000000,4.000000,0.000000,0.000000,96.000000,96.000000,96.000000,100.000000,100.000000,5.0,1185.4509,1138.6651,8693.3065,8740.0923,PENDING_AG03,FALSE,NOT_FOR_ENFORCEMENT,9483.6071,484680.3568,9878.7574,9483.6071,395.1503,0.01770420,0.01699603,395.1503,9483.6071,0.01699603,395.1503,395.1503,395.1503,0.0000,0.0000,9483.6071,0.01699603,1185.4509,1138.6651,8693.3065,8740.0923,0.01557970,0.01566354,0.00070817,22.4534,20.6030,0.4031,82.3230,2.6463,4649.9123,204.2083,25.9152,21.1137,12.8578,14.5296,26.176,48.8436,54.2173,102.8621,13.088,0.0,3.731508,7.079487,1.545355,30,207,63,6,0.32204186,0.01770420,-0.00338982,0E-8,0.000000,0.904812,0.002133,0.03111404,2026-03-21,2026-08-06,120,3733,1703,139,0.863309,1.227414,1.154177,1.073473,,,,,,,,GLOBAL_BASELINE_NO_ENTITY_RANKING,,,NOT_APPLICABLE_GLOBAL_BASELINE,HF9g-P5,,,,X 全窗基线 · 不参与实体赏罚,15054041,1506,A168_HF9F_20260827_0900,2026-08-27 09:00:00
2026-07-26,127529701,2201,0,38.7266671830,-38.7266671830,-38.7266671830,0E-7,1,1,0.49324550000000000,0.493245500000,-0.9865810262130424,-0.9865810262130424,-0.9865810262130424,0E-17,ELIGIBLE,R03b_20260811_FULL_v1,L1_ELIGIBILITY,v2026-08-11,2026-03-21..2026-08-06,baccarat_bet02_101_all_pairs_incl_sentinel,round_win = game_pnl > 0 (decisive only),COMPATIBILITY_ONLY_NOT_PRODUCTION,557989.4742,504875.3716,9878.7574,24851,24505,-0.01770420,0.00338982,-0.02772422,-0.01770420,-9878.7574,557989.4742,OK,0.0000,395.1503,4.0000,96.0000,AG03-UNRESOLVED,ALL5_LEVELS_bet23_to_bet27,395.1503,395.1503,395.1503,0.0000,0.0000,4.000000,4.000000,4.000000,0.000000,0.000000,96.000000,96.000000,96.000000,100.000000,100.000000,5.0,1185.4509,1138.6651,8693.3065,8740.0923,PENDING_AG03,FALSE,NOT_FOR_ENFORCEMENT,9483.6071,484680.3568,9878.7574,9483.6071,395.1503,0.01770420,0.01699603,395.1503,9483.6071,0.01699603,395.1503,395.1503,395.1503,0.0000,0.0000,9483.6071,0.01699603,1185.4509,1138.6651,8693.3065,8740.0923,0.01557970,0.01566354,0.00070817,22.4534,20.6030,0.4031,82.3230,2.6463,4649.9123,204.2083,25.9152,21.1137,12.8578,14.5296,26.176,48.8436,54.2173,102.8621,13.088,0.0,3.731508,7.079487,1.545355,30,207,63,6,0.32204186,0.01770420,-0.00338982,0E-8,0.000000,0.904812,0.002133,0.03111404,2026-03-21,2026-08-06,120,3733,1703,139,0.863309,1.227414,1.154177,1.073473,,,,,,,,GLOBAL_BASELINE_NO_ENTITY_RANKING,,,NOT_APPLICABLE_GLOBAL_BASELINE,HF9g-P5,,,,X 全窗基线 · 不参与实体赏罚,15054042,1506,A168_HF9F_20260827_0900,2026-08-27 09:00:00
2026-07-26,127529701,2213,0,310.5878708078,-167.0410244494,-167.0410244494,0.3333333,8,8,0.50162375000000000,0.501623750000,-0.8244556463391333,-0.8244556463391335,-0.8244556463391333,0E-17,ELIGIBLE,R03b_20260811_FULL_v1,L1_ELIGIBILITY,v2026-08-11,2026-03-21..2026-08-06,baccarat_bet02_101_all_pairs_incl_sentinel,round_win = game_pnl > 0 (decisive only),COMPATIBILITY_ONLY_NOT_PRODUCTION,557989.4742,504875.3716,9878.7574,24851,24505,-0.01770420,0.00338982,-0.02772422,-0.01770420,-9878.7574,557989.4742,OK,0.0000,395.1503,4.0000,96.0000,AG03-UNRESOLVED,ALL5_LEVELS_bet23_to_bet27,395.1503,395.1503,395.1503,0.0000,0.0000,4.000000,4.000000,4.000000,0.000000,0.000000,96.000000,96.000000,96.000000,100.000000,100.000000,5.0,1185.4509,1138.6651,8693.3065,8740.0923,PENDING_AG03,FALSE,NOT_FOR_ENFORCEMENT,9483.6071,484680.3568,9878.7574,9483.6071,395.1503,0.01770420,0.01699603,395.1503,9483.6071,0.01699603,395.1503,395.1503,395.1503,0.0000,0.0000,9483.6071,0.01699603,1185.4509,1138.6651,8693.3065,8740.0923,0.01557970,0.01566354,0.00070817,22.4534,20.6030,0.4031,82.3230,2.6463,4649.9123,204.2083,25.9152,21.1137,12.8578,14.5296,26.176,48.8436,54.2173,102.8621,13.088,0.0,3.731508,7.079487,1.545355,30,207,63,6,0.32204186,0.01770420,-0.00338982,0E-8,0.000000,0.904812,0.002133,0.03111404,2026-03-21,2026-08-06,120,3733,1703,139,0.863309,1.227414,1.154177,1.073473,,,,,,,,GLOBAL_BASELINE_NO_ENTITY_RANKING,,,NOT_APPLICABLE_GLOBAL_BASELINE,HF9g-P5,,,,X 全窗基线 · 不参与实体赏罚,15054043,1506,A168_HF9F_20260827_0900,2026-08-27 09:00:00
2026-07-26,127529701,2216,0,38.7266671830,-12.9088890610,-12.9088890610,0E-7,2,2,0.50665070000000000,0.506650700000,-1.013391052207602,-1.013391052207602,-1.013391052207602,0E-17,ELIGIBLE,R03b_20260811_FULL_v1,L1_ELIGIBILITY,v2026-08-11,2026-03-21..2026-08-06,baccarat_bet02_101_all_pairs_incl_sentinel,round_win = game_pnl > 0 (decisive only),COMPATIBILITY_ONLY_NOT_PRODUCTION,557989.4742,504875.3716,9878.7574,24851,24505,-0.01770420,0.00338982,-0.02772422,-0.01770420,-9878.7574,557989.4742,OK,0.0000,395.1503,4.0000,96.0000,AG03-UNRESOLVED,ALL5_LEVELS_bet23_to_bet27,395.1503,395.1503,395.1503,0.0000,0.0000,4.000000,4.000000,4.000000,0.000000,0.000000,96.000000,96.000000,96.000000,100.000000,100.000000,5.0,1185.4509,1138.6651,8693.3065,8740.0923,PENDING_AG03,FALSE,NOT_FOR_ENFORCEMENT,9483.6071,484680.3568,9878.7574,9483.6071,395.1503,0.01770420,0.01699603,395.1503,9483.6071,0.01699603,395.1503,395.1503,395.1503,0.0000,0.0000,9483.6071,0.01699603,1185.4509,1138.6651,8693.3065,8740.0923,0.01557970,0.01566354,0.00070817,22.4534,20.6030,0.4031,82.3230,2.6463,4649.9123,204.2083,25.9152,21.1137,12.8578,14.5296,26.176,48.8436,54.2173,102.8621,13.088,0.0,3.731508,7.079487,1.545355,30,207,63,6,0.32204186,0.01770420,-0.00338982,0E-8,0.000000,0.904812,0.002133,0.03111404,2026-03-21,2026-08-06,120,3733,1703,139,0.863309,1.227414,1.154177,1.073473,,,,,,,,GLOBAL_BASELINE_NO_ENTITY_RANKING,,,NOT_APPLICABLE_GLOBAL_BASELINE,HF9g-P5,,,,X 全窗基线 · 不参与实体赏罚,15054044,1506,A168_HF9F_20260827_0900,2026-08-27 09:00:00
2026-07-26,127529701,2221,0,374.8741383315,136.7051351559,136.7051351559,0.6666667,16,16,0.49827245000000000,0.498272450000,1.3043837792000847,1.304383779200085,1.3043837792000847,0E-17,ELIGIBLE,R03b_20260811_FULL_v1,L1_ELIGIBILITY,v2026-08-11,2026-03-21..2026-08-06,baccarat_bet02_101_all_pairs_incl_sentinel,round_win = game_pnl > 0 (decisive only),COMPATIBILITY_ONLY_NOT_PRODUCTION,557989.4742,504875.3716,9878.7574,24851,24505,-0.01770420,0.00338982,-0.02772422,-0.01770420,-9878.7574,557989.4742,OK,0.0000,395.1503,4.0000,96.0000,AG03-UNRESOLVED,ALL5_LEVELS_bet23_to_bet27,395.1503,395.1503,395.1503,0.0000,0.0000,4.000000,4.000000,4.000000,0.000000,0.000000,96.000000,96.000000,96.000000,100.000000,100.000000,5.0,1185.4509,1138.6651,8693.3065,8740.0923,PENDING_AG03,FALSE,NOT_FOR_ENFORCEMENT,9483.6071,484680.3568,9878.7574,9483.6071,395.1503,0.01770420,0.01699603,395.1503,9483.6071,0.01699603,395.1503,395.1503,395.1503,0.0000,0.0000,9483.6071,0.01699603,1185.4509,1138.6651,8693.3065,8740.0923,0.01557970,0.01566354,0.00070817,22.4534,20.6030,0.4031,82.3230,2.6463,4649.9123,204.2083,25.9152,21.1137,12.8578,14.5296,26.176,48.8436,54.2173,102.8621,13.088,0.0,3.731508,7.079487,1.545355,30,207,63,6,0.32204186,0.01770420,-0.00338982,0E-8,0.000000,0.904812,0.002133,0.03111404,2026-03-21,2026-08-06,120,3733,1703,139,0.863309,1.227414,1.154177,1.073473,,,,,,,,GLOBAL_BASELINE_NO_ENTITY_RANKING,,,NOT_APPLICABLE_GLOBAL_BASELINE,HF9g-P5,,,,X 全窗基线 · 不参与实体赏罚,15054045,1506,A168_HF9F_20260827_0900,2026-08-27 09:00:00
2026-07-26,127529701,2239,0,309.8133374641,-64.5444453049,-64.5444453049,0.1666667,7,7,0.49707555714285714,0.497075557143,-1.6186940638566263,-1.6186940638573235,-1.6186940638566263,-1.4286E-13,ELIGIBLE,R03b_20260811_FULL_v1,L1_ELIGIBILITY,v2026-08-11,2026-03-21..2026-08-06,baccarat_bet02_101_all_pairs_incl_sentinel,round_win = game_pnl > 0 (decisive only),COMPATIBILITY_ONLY_NOT_PRODUCTION,557989.4742,504875.3716,9878.7574,24851,24505,-0.01770420,0.00338982,-0.02772422,-0.01770420,-9878.7574,557989.4742,OK,0.0000,395.1503,4.0000,96.0000,AG03-UNRESOLVED,ALL5_LEVELS_bet23_to_bet27,395.1503,395.1503,395.1503,0.0000,0.0000,4.000000,4.000000,4.000000,0.000000,0.000000,96.000000,96.000000,96.000000,100.000000,100.000000,5.0,1185.4509,1138.6651,8693.3065,8740.0923,PENDING_AG03,FALSE,NOT_FOR_ENFORCEMENT,9483.6071,484680.3568,9878.7574,9483.6071,395.1503,0.01770420,0.01699603,395.1503,9483.6071,0.01699603,395.1503,395.1503,395.1503,0.0000,0.0000,9483.6071,0.01699603,1185.4509,1138.6651,8693.3065,8740.0923,0.01557970,0.01566354,0.00070817,22.4534,20.6030,0.4031,82.3230,2.6463,4649.9123,204.2083,25.9152,21.1137,12.8578,14.5296,26.176,48.8436,54.2173,102.8621,13.088,0.0,3.731508,7.079487,1.545355,30,207,63,6,0.32204186,0.01770420,-0.00338982,0E-8,0.000000,0.904812,0.002133,0.03111404,2026-03-21,2026-08-06,120,3733,1703,139,0.863309,1.227414,1.154177,1.073473,,,,,,,,GLOBAL_BASELINE_NO_ENTITY_RANKING,,,NOT_APPLICABLE_GLOBAL_BASELINE,HF9g-P5,,,,X 全窗基线 · 不参与实体赏罚,15054046,1506,A168_HF9F_20260827_0900,2026-08-27 09:00:00
2026-07-26,127529701,2241,0,12.9088890610,12.2634446080,12.2634446080,1.0000000,1,1,0.50665070000000000,0.506650700000,0.9867858985152569,0.9867858985152569,0.9867858985152569,0E-17,ELIGIBLE,R03b_20260811_FULL_v1,L1_ELIGIBILITY,v2026-08-11,2026-03-21..2026-08-06,baccarat_bet02_101_all_pairs_incl_sentinel,round_win = game_pnl > 0 (decisive only),COMPATIBILITY_ONLY_NOT_PRODUCTION,557989.4742,504875.3716,9878.7574,24851,24505,-0.01770420,0.00338982,-0.02772422,-0.01770420,-9878.7574,557989.4742,OK,0.0000,395.1503,4.0000,96.0000,AG03-UNRESOLVED,ALL5_LEVELS_bet23_to_bet27,395.1503,395.1503,395.1503,0.0000,0.0000,4.000000,4.000000,4.000000,0.000000,0.000000,96.000000,96.000000,96.000000,100.000000,100.000000,5.0,1185.4509,1138.6651,8693.3065,8740.0923,PENDING_AG03,FALSE,NOT_FOR_ENFORCEMENT,9483.6071,484680.3568,9878.7574,9483.6071,395.1503,0.01770420,0.01699603,395.1503,9483.6071,0.01699603,395.1503,395.1503,395.1503,0.0000,0.0000,9483.6071,0.01699603,1185.4509,1138.6651,8693.3065,8740.0923,0.01557970,0.01566354,0.00070817,22.4534,20.6030,0.4031,82.3230,2.6463,4649.9123,204.2083,25.9152,21.1137,12.8578,14.5296,26.176,48.8436,54.2173,102.8621,13.088,0.0,3.731508,7.079487,1.545355,30,207,63,6,0.32204186,0.01770420,-0.00338982,0E-8,0.000000,0.904812,0.002133,0.03111404,2026-03-21,2026-08-06,120,3733,1703,139,0.863309,1.227414,1.154177,1.073473,,,,,,,,GLOBAL_BASELINE_NO_ENTITY_RANKING,,,NOT_APPLICABLE_GLOBAL_BASELINE,HF9g-P5,,,,X 全窗基线 · 不参与实体赏罚,15054047,1506,A168_HF9F_20260827_0900,2026-08-27 09:00:00
2026-07-26,127529701,2243,0,129.0888906100,50.3446673379,50.3446673379,0.7500000,4,4,0.49994810000000000,0.499948100000,1.0002076053883384,1.0002076053883384,1.0002076053883384,0E-17,ELIGIBLE,R03b_20260811_FULL_v1,L1_ELIGIBILITY,v2026-08-11,2026-03-21..2026-08-06,baccarat_bet02_101_all_pairs_incl_sentinel,round_win = game_pnl > 0 (decisive only),COMPATIBILITY_ONLY_NOT_PRODUCTION,557989.4742,504875.3716,9878.7574,24851,24505,-0.01770420,0.00338982,-0.02772422,-0.01770420,-9878.7574,557989.4742,OK,0.0000,395.1503,4.0000,96.0000,AG03-UNRESOLVED,ALL5_LEVELS_bet23_to_bet27,395.1503,395.1503,395.1503,0.0000,0.0000,4.000000,4.000000,4.000000,0.000000,0.000000,96.000000,96.000000,96.000000,100.000000,100.000000,5.0,1185.4509,1138.6651,8693.3065,8740.0923,PENDING_AG03,FALSE,NOT_FOR_ENFORCEMENT,9483.6071,484680.3568,9878.7574,9483.6071,395.1503,0.01770420,0.01699603,395.1503,9483.6071,0.01699603,395.1503,395.1503,395.1503,0.0000,0.0000,9483.6071,0.01699603,1185.4509,1138.6651,8693.3065,8740.0923,0.01557970,0.01566354,0.00070817,22.4534,20.6030,0.4031,82.3230,2.6463,4649.9123,204.2083,25.9152,21.1137,12.8578,14.5296,26.176,48.8436,54.2173,102.8621,13.088,0.0,3.731508,7.079487,1.545355,30,207,63,6,0.32204186,0.01770420,-0.00338982,0E-8,0.000000,0.904812,0.002133,0.03111404,2026-03-21,2026-08-06,120,3733,1703,139,0.863309,1.227414,1.154177,1.073473,,,,,,,,GLOBAL_BASELINE_NO_ENTITY_RANKING,,,NOT_APPLICABLE_GLOBAL_BASELINE,HF9g-P5,,,,X 全窗基线 · 不参与实体赏罚,15054048,1506,A168_HF9F_20260827_0900,2026-08-27 09:00:00
2026-07-26,127529701,2246,0,149.7431131076,-23.8814447628,-23.8814447628,0.2500000,4,4,0.49994810000000000,0.499948100000,-0.9997924053861017,-0.9997924053861017,-0.9997924053861017,0E-17,ELIGIBLE,R03b_20260811_FULL_v1,L1_ELIGIBILITY,v2026-08-11,2026-03-21..2026-08-06,baccarat_bet02_101_all_pairs_incl_sentinel,round_win = game_pnl > 0 (decisive only),COMPATIBILITY_ONLY_NOT_PRODUCTION,557989.4742,504875.3716,9878.7574,24851,24505,-0.01770420,0.00338982,-0.02772422,-0.01770420,-9878.7574,557989.4742,OK,0.0000,395.1503,4.0000,96.0000,AG03-UNRESOLVED,ALL5_LEVELS_bet23_to_bet27,395.1503,395.1503,395.1503,0.0000,0.0000,4.000000,4.000000,4.000000,0.000000,0.000000,96.000000,96.000000,96.000000,100.000000,100.000000,5.0,1185.4509,1138.6651,8693.3065,8740.0923,PENDING_AG03,FALSE,NOT_FOR_ENFORCEMENT,9483.6071,484680.3568,9878.7574,9483.6071,395.1503,0.01770420,0.01699603,395.1503,9483.6071,0.01699603,395.1503,395.1503,395.1503,0.0000,0.0000,9483.6071,0.01699603,1185.4509,1138.6651,8693.3065,8740.0923,0.01557970,0.01566354,0.00070817,22.4534,20.6030,0.4031,82.3230,2.6463,4649.9123,204.2083,25.9152,21.1137,12.8578,14.5296,26.176,48.8436,54.2173,102.8621,13.088,0.0,3.731508,7.079487,1.545355,30,207,63,6,0.32204186,0.01770420,-0.00338982,0E-8,0.000000,0.904812,0.002133,0.03111404,2026-03-21,2026-08-06,120,3733,1703,139,0.863309,1.227414,1.154177,1.073473,,,,,,,,GLOBAL_BASELINE_NO_ENTITY_RANKING,,,NOT_APPLICABLE_GLOBAL_BASELINE,HF9g-P5,,,,X 全窗基线 · 不参与实体赏罚,15054049,1506,A168_HF9F_20260827_0900,2026-08-27 09:00:00
2026-07-26,127529701,2261,0,78.7442232721,40.5984560969,40.5984560969,0.7500000,5,5,0.50128862000000000,0.501288620000,0.9948488239810122,0.9948488239810122,0.9948488239810122,0E-17,ELIGIBLE,R03b_20260811_FULL_v1,L1_ELIGIBILITY,v2026-08-11,2026-03-21..2026-08-06,baccarat_bet02_101_all_pairs_incl_sentinel,round_win = game_pnl > 0 (decisive only),COMPATIBILITY_ONLY_NOT_PRODUCTION,557989.4742,504875.3716,9878.7574,24851,24505,-0.01770420,0.00338982,-0.02772422,-0.01770420,-9878.7574,557989.4742,OK,0.0000,395.1503,4.0000,96.0000,AG03-UNRESOLVED,ALL5_LEVELS_bet23_to_bet27,395.1503,395.1503,395.1503,0.0000,0.0000,4.000000,4.000000,4.000000,0.000000,0.000000,96.000000,96.000000,96.000000,100.000000,100.000000,5.0,1185.4509,1138.6651,8693.3065,8740.0923,PENDING_AG03,FALSE,NOT_FOR_ENFORCEMENT,9483.6071,484680.3568,9878.7574,9483.6071,395.1503,0.01770420,0.01699603,395.1503,9483.6071,0.01699603,395.1503,395.1503,395.1503,0.0000,0.0000,9483.6071,0.01699603,1185.4509,1138.6651,8693.3065,8740.0923,0.01557970,0.01566354,0.00070817,22.4534,20.6030,0.4031,82.3230,2.6463,4649.9123,204.2083,25.9152,21.1137,12.8578,14.5296,26.176,48.8436,54.2173,102.8621,13.088,0.0,3.731508,7.079487,1.545355,30,207,63,6,0.32204186,0.01770420,-0.00338982,0E-8,0.000000,0.904812,0.002133,0.03111404,2026-03-21,2026-08-06,120,3733,1703,139,0.863309,1.227414,1.154177,1.073473,,,,,,,,GLOBAL_BASELINE_NO_ENTITY_RANKING,,,NOT_APPLICABLE_GLOBAL_BASELINE,HF9g-P5,,,,X 全窗基线 · 不参与实体赏罚,15054050,1506,A168_HF9F_20260827_0900,2026-08-27 09:00:00
2026-07-26,127529701,2262,0,247.5924921900,116.1800015492,116.1800015492,0.6250000,9,9,0.50069283333333333,0.500692833333,0.70318819908704,0.7031881990889248,0.70318819908704,3.3333E-13,ELIGIBLE,R03b_20260811_FULL_v1,L1_ELIGIBILITY,v2026-08-11,2026-03-21..2026-08-06,baccarat_bet02_101_all_pairs_incl_sentinel,round_win = game_pnl > 0 (decisive only),COMPATIBILITY_ONLY_NOT_PRODUCTION,557989.4742,504875.3716,9878.7574,24851,24505,-0.01770420,0.00338982,-0.02772422,-0.01770420,-9878.7574,557989.4742,OK,0.0000,395.1503,4.0000,96.0000,AG03-UNRESOLVED,ALL5_LEVELS_bet23_to_bet27,395.1503,395.1503,395.1503,0.0000,0.0000,4.000000,4.000000,4.000000,0.000000,0.000000,96.000000,96.000000,96.000000,100.000000,100.000000,5.0,1185.4509,1138.6651,8693.3065,8740.0923,PENDING_AG03,FALSE,NOT_FOR_ENFORCEMENT,9483.6071,484680.3568,9878.7574,9483.6071,395.1503,0.01770420,0.01699603,395.1503,9483.6071,0.01699603,395.1503,395.1503,395.1503,0.0000,0.0000,9483.6071,0.01699603,1185.4509,1138.6651,8693.3065,8740.0923,0.01557970,0.01566354,0.00070817,22.4534,20.6030,0.4031,82.3230,2.6463,4649.9123,204.2083,25.9152,21.1137,12.8578,14.5296,26.176,48.8436,54.2173,102.8621,13.088,0.0,3.731508,7.079487,1.545355,30,207,63,6,0.32204186,0.01770420,-0.00338982,0E-8,0.000000,0.904812,0.002133,0.03111404,2026-03-21,2026-08-06,120,3733,1703,139,0.863309,1.227414,1.154177,1.073473,,,,,,,,GLOBAL_BASELINE_NO_ENTITY_RANKING,,,NOT_APPLICABLE_GLOBAL_BASELINE,HF9g-P5,,,,X 全窗基线 · 不参与实体赏罚,15054051,1506,A168_HF9F_20260827_0900,2026-08-27 09:00:00
2026-07-26,127529701,2280,0,116.1800015490,-116.1800015490,-116.1800015490,0E-7,2,2,0.49324550000000000,0.493245500000,-1.3952362676504506,-1.3952362676504506,-1.3952362676504506,0E-17,ELIGIBLE,R03b_20260811_FULL_v1,L1_ELIGIBILITY,v2026-08-11,2026-03-21..2026-08-06,baccarat_bet02_101_all_pairs_incl_sentinel,round_win = game_pnl > 0 (decisive only),COMPATIBILITY_ONLY_NOT_PRODUCTION,557989.4742,504875.3716,9878.7574,24851,24505,-0.01770420,0.00338982,-0.02772422,-0.01770420,-9878.7574,557989.4742,OK,0.0000,395.1503,4.0000,96.0000,AG03-UNRESOLVED,ALL5_LEVELS_bet23_to_bet27,395.1503,395.1503,395.1503,0.0000,0.0000,4.000000,4.000000,4.000000,0.000000,0.000000,96.000000,96.000000,96.000000,100.000000,100.000000,5.0,1185.4509,1138.6651,8693.3065,8740.0923,PENDING_AG03,FALSE,NOT_FOR_ENFORCEMENT,9483.6071,484680.3568,9878.7574,9483.6071,395.1503,0.01770420,0.01699603,395.1503,9483.6071,0.01699603,395.1503,395.1503,395.1503,0.0000,0.0000,9483.6071,0.01699603,1185.4509,1138.6651,8693.3065,8740.0923,0.01557970,0.01566354,0.00070817,22.4534,20.6030,0.4031,82.3230,2.6463,4649.9123,204.2083,25.9152,21.1137,12.8578,14.5296,26.176,48.8436,54.2173,102.8621,13.088,0.0,3.731508,7.079487,1.545355,30,207,63,6,0.32204186,0.01770420,-0.00338982,0E-8,0.000000,0.904812,0.002133,0.03111404,2026-03-21,2026-08-06,120,3733,1703,139,0.863309,1.227414,1.154177,1.073473,,,,,,,,GLOBAL_BASELINE_NO_ENTITY_RANKING,,,NOT_APPLICABLE_GLOBAL_BASELINE,HF9g-P5,,,,X 全窗基线 · 不参与实体赏罚,15054052,1506,A168_HF9F_20260827_0900,2026-08-27 09:00:00
2026-07-26,127529701,2281,0,277.0247592491,51.5064673534,51.5064673534,0.5555556,10,9,0.50032046666666667,0.499948100000,0.3314106014043384,0.33364473513075094,0.3314106014043384,0.00037236666666667,ELIGIBLE,R03b_20260811_FULL_v1,L1_ELIGIBILITY,v2026-08-11,2026-03-21..2026-08-06,baccarat_bet02_101_all_pairs_incl_sentinel,round_win = game_pnl > 0 (decisive only),COMPATIBILITY_ONLY_NOT_PRODUCTION,557989.4742,504875.3716,9878.7574,24851,24505,-0.01770420,0.00338982,-0.02772422,-0.01770420,-9878.7574,557989.4742,OK,0.0000,395.1503,4.0000,96.0000,AG03-UNRESOLVED,ALL5_LEVELS_bet23_to_bet27,395.1503,395.1503,395.1503,0.0000,0.0000,4.000000,4.000000,4.000000,0.000000,0.000000,96.000000,96.000000,96.000000,100.000000,100.000000,5.0,1185.4509,1138.6651,8693.3065,8740.0923,PENDING_AG03,FALSE,NOT_FOR_ENFORCEMENT,9483.6071,484680.3568,9878.7574,9483.6071,395.1503,0.01770420,0.01699603,395.1503,9483.6071,0.01699603,395.1503,395.1503,395.1503,0.0000,0.0000,9483.6071,0.01699603,1185.4509,1138.6651,8693.3065,8740.0923,0.01557970,0.01566354,0.00070817,22.4534,20.6030,0.4031,82.3230,2.6463,4649.9123,204.2083,25.9152,21.1137,12.8578,14.5296,26.176,48.8436,54.2173,102.8621,13.088,0.0,3.731508,7.079487,1.545355,30,207,63,6,0.32204186,0.01770420,-0.00338982,0E-8,0.000000,0.904812,0.002133,0.03111404,2026-03-21,2026-08-06,120,3733,1703,139,0.863309,1.227414,1.154177,1.073473,,,,,,,,GLOBAL_BASELINE_NO_ENTITY_RANKING,,,NOT_APPLICABLE_GLOBAL_BASELINE,HF9g-P5,,,,X 全窗基线 · 不参与实体赏罚,15054053,1506,A168_HF9F_20260827_0900,2026-08-27 09:00:00
2026-07-26,127529701,2287,0,87.7804456148,84.6823122402,84.6823122402,1.0000000,4,4,0.49994810000000000,0.499948100000,2.0002076107755586,2.0002076107755586,2.0002076107755586,0E-17,ELIGIBLE,R03b_20260811_FULL_v1,L1_ELIGIBILITY,v2026-08-11,2026-03-21..2026-08-06,baccarat_bet02_101_all_pairs_incl_sentinel,round_win = game_pnl > 0 (decisive only),COMPATIBILITY_ONLY_NOT_PRODUCTION,557989.4742,504875.3716,9878.7574,24851,24505,-0.01770420,0.00338982,-0.02772422,-0.01770420,-9878.7574,557989.4742,OK,0.0000,395.1503,4.0000,96.0000,AG03-UNRESOLVED,ALL5_LEVELS_bet23_to_bet27,395.1503,395.1503,395.1503,0.0000,0.0000,4.000000,4.000000,4.000000,0.000000,0.000000,96.000000,96.000000,96.000000,100.000000,100.000000,5.0,1185.4509,1138.6651,8693.3065,8740.0923,PENDING_AG03,FALSE,NOT_FOR_ENFORCEMENT,9483.6071,484680.3568,9878.7574,9483.6071,395.1503,0.01770420,0.01699603,395.1503,9483.6071,0.01699603,395.1503,395.1503,395.1503,0.0000,0.0000,9483.6071,0.01699603,1185.4509,1138.6651,8693.3065,8740.0923,0.01557970,0.01566354,0.00070817,22.4534,20.6030,0.4031,82.3230,2.6463,4649.9123,204.2083,25.9152,21.1137,12.8578,14.5296,26.176,48.8436,54.2173,102.8621,13.088,0.0,3.731508,7.079487,1.545355,30,207,63,6,0.32204186,0.01770420,-0.00338982,0E-8,0.000000,0.904812,0.002133,0.03111404,2026-03-21,2026-08-06,120,3733,1703,139,0.863309,1.227414,1.154177,1.073473,,,,,,,,GLOBAL_BASELINE_NO_ENTITY_RANKING,,,NOT_APPLICABLE_GLOBAL_BASELINE,HF9g-P5,,,,X 全窗基线 · 不参与实体赏罚,15054054,1506,A168_HF9F_20260827_0900,2026-08-27 09:00:00
2026-07-26,127529701,462,0,260.7595590322,-78.0987788190,-78.0987788190,0.3333333,10,10,0.50396966000000000,0.503969660000,-1.0238502285829028,-1.0238502285829025,-1.0238502285829028,0E-17,ELIGIBLE,R03b_20260811_FULL_v1,L1_ELIGIBILITY,v2026-08-11,2026-03-21..2026-08-06,baccarat_bet02_101_all_pairs_incl_sentinel,round_win = game_pnl > 0 (decisive only),COMPATIBILITY_ONLY_NOT_PRODUCTION,557989.4742,504875.3716,9878.7574,24851,24505,-0.01770420,0.00338982,-0.02772422,-0.01770420,-9878.7574,557989.4742,OK,0.0000,395.1503,4.0000,96.0000,AG03-UNRESOLVED,ALL5_LEVELS_bet23_to_bet27,395.1503,395.1503,395.1503,0.0000,0.0000,4.000000,4.000000,4.000000,0.000000,0.000000,96.000000,96.000000,96.000000,100.000000,100.000000,5.0,1185.4509,1138.6651,8693.3065,8740.0923,PENDING_AG03,FALSE,NOT_FOR_ENFORCEMENT,9483.6071,484680.3568,9878.7574,9483.6071,395.1503,0.01770420,0.01699603,395.1503,9483.6071,0.01699603,395.1503,395.1503,395.1503,0.0000,0.0000,9483.6071,0.01699603,1185.4509,1138.6651,8693.3065,8740.0923,0.01557970,0.01566354,0.00070817,22.4534,20.6030,0.4031,82.3230,2.6463,4649.9123,204.2083,25.9152,21.1137,12.8578,14.5296,26.176,48.8436,54.2173,102.8621,13.088,0.0,3.731508,7.079487,1.545355,30,207,63,6,0.32204186,0.01770420,-0.00338982,0E-8,0.000000,0.904812,0.002133,0.03111404,2026-03-21,2026-08-06,120,3733,1703,139,0.863309,1.227414,1.154177,1.073473,,,,,,,,GLOBAL_BASELINE_NO_ENTITY_RANKING,,,NOT_APPLICABLE_GLOBAL_BASELINE,HF9g-P5,,,,X 全窗基线 · 不参与实体赏罚,15054055,1506,A168_HF9F_20260827_0900,2026-08-27 09:00:00
2026-07-26,127529701,471,0,38.7266671830,38.0812227300,38.0812227300,1.0000000,3,3,0.49771390000000000,0.497713900000,1.739988277604938,1.739988277604938,1.739988277604938,0E-17,ELIGIBLE,R03b_20260811_FULL_v1,L1_ELIGIBILITY,v2026-08-11,2026-03-21..2026-08-06,baccarat_bet02_101_all_pairs_incl_sentinel,round_win = game_pnl > 0 (decisive only),COMPATIBILITY_ONLY_NOT_PRODUCTION,557989.4742,504875.3716,9878.7574,24851,24505,-0.01770420,0.00338982,-0.02772422,-0.01770420,-9878.7574,557989.4742,OK,0.0000,395.1503,4.0000,96.0000,AG03-UNRESOLVED,ALL5_LEVELS_bet23_to_bet27,395.1503,395.1503,395.1503,0.0000,0.0000,4.000000,4.000000,4.000000,0.000000,0.000000,96.000000,96.000000,96.000000,100.000000,100.000000,5.0,1185.4509,1138.6651,8693.3065,8740.0923,PENDING_AG03,FALSE,NOT_FOR_ENFORCEMENT,9483.6071,484680.3568,9878.7574,9483.6071,395.1503,0.01770420,0.01699603,395.1503,9483.6071,0.01699603,395.1503,395.1503,395.1503,0.0000,0.0000,9483.6071,0.01699603,1185.4509,1138.6651,8693.3065,8740.0923,0.01557970,0.01566354,0.00070817,22.4534,20.6030,0.4031,82.3230,2.6463,4649.9123,204.2083,25.9152,21.1137,12.8578,14.5296,26.176,48.8436,54.2173,102.8621,13.088,0.0,3.731508,7.079487,1.545355,30,207,63,6,0.32204186,0.01770420,-0.00338982,0E-8,0.000000,0.904812,0.002133,0.03111404,2026-03-21,2026-08-06,120,3733,1703,139,0.863309,1.227414,1.154177,1.073473,,,,,,,,GLOBAL_BASELINE_NO_ENTITY_RANKING,,,NOT_APPLICABLE_GLOBAL_BASELINE,HF9g-P5,,,,X 全窗基线 · 不参与实体赏罚,15054056,1506,A168_HF9F_20260827_0900,2026-08-27 09:00:00
2026-07-26,127529701,526,0,619.6266749280,47.2465339633,47.2465339633,0.5000000,18,17,0.49331438823529412,0.489406126471,0.05348967603078596,0.08477001787265831,0.05348967603078596,0.00390826176429412,ELIGIBLE,R03b_20260811_FULL_v1,L1_ELIGIBILITY,v2026-08-11,2026-03-21..2026-08-06,baccarat_bet02_101_all_pairs_incl_sentinel,round_win = game_pnl > 0 (decisive only),COMPATIBILITY_ONLY_NOT_PRODUCTION,557989.4742,504875.3716,9878.7574,24851,24505,-0.01770420,0.00338982,-0.02772422,-0.01770420,-9878.7574,557989.4742,OK,0.0000,395.1503,4.0000,96.0000,AG03-UNRESOLVED,ALL5_LEVELS_bet23_to_bet27,395.1503,395.1503,395.1503,0.0000,0.0000,4.000000,4.000000,4.000000,0.000000,0.000000,96.000000,96.000000,96.000000,100.000000,100.000000,5.0,1185.4509,1138.6651,8693.3065,8740.0923,PENDING_AG03,FALSE,NOT_FOR_ENFORCEMENT,9483.6071,484680.3568,9878.7574,9483.6071,395.1503,0.01770420,0.01699603,395.1503,9483.6071,0.01699603,395.1503,395.1503,395.1503,0.0000,0.0000,9483.6071,0.01699603,1185.4509,1138.6651,8693.3065,8740.0923,0.01557970,0.01566354,0.00070817,22.4534,20.6030,0.4031,82.3230,2.6463,4649.9123,204.2083,25.9152,21.1137,12.8578,14.5296,26.176,48.8436,54.2173,102.8621,13.088,0.0,3.731508,7.079487,1.545355,30,207,63,6,0.32204186,0.01770420,-0.00338982,0E-8,0.000000,0.904812,0.002133,0.03111404,2026-03-21,2026-08-06,120,3733,1703,139,0.863309,1.227414,1.154177,1.073473,,,,,,,,GLOBAL_BASELINE_NO_ENTITY_RANKING,,,NOT_APPLICABLE_GLOBAL_BASELINE,HF9g-P5,,,,X 全窗基线 · 不参与实体赏罚,15054057,1506,A168_HF9F_20260827_0900,2026-08-27 09:00:00
2026-07-26,127529701,529,0,77.4533343660,-25.8177781220,-25.8177781220,0.5000000,2,2,0.49324550000000000,0.493245500000,0.01910635448239258,0.01910635448239258,0.01910635448239258,0E-17,ELIGIBLE,R03b_20260811_FULL_v1,L1_ELIGIBILITY,v2026-08-11,2026-03-21..2026-08-06,baccarat_bet02_101_all_pairs_incl_sentinel,round_win = game_pnl > 0 (decisive only),COMPATIBILITY_ONLY_NOT_PRODUCTION,557989.4742,504875.3716,9878.7574,24851,24505,-0.01770420,0.00338982,-0.02772422,-0.01770420,-9878.7574,557989.4742,OK,0.0000,395.1503,4.0000,96.0000,AG03-UNRESOLVED,ALL5_LEVELS_bet23_to_bet27,395.1503,395.1503,395.1503,0.0000,0.0000,4.000000,4.000000,4.000000,0.000000,0.000000,96.000000,96.000000,96.000000,100.000000,100.000000,5.0,1185.4509,1138.6651,8693.3065,8740.0923,PENDING_AG03,FALSE,NOT_FOR_ENFORCEMENT,9483.6071,484680.3568,9878.7574,9483.6071,395.1503,0.01770420,0.01699603,395.1503,9483.6071,0.01699603,395.1503,395.1503,395.1503,0.0000,0.0000,9483.6071,0.01699603,1185.4509,1138.6651,8693.3065,8740.0923,0.01557970,0.01566354,0.00070817,22.4534,20.6030,0.4031,82.3230,2.6463,4649.9123,204.2083,25.9152,21.1137,12.8578,14.5296,26.176,48.8436,54.2173,102.8621,13.088,0.0,3.731508,7.079487,1.545355,30,207,63,6,0.32204186,0.01770420,-0.00338982,0E-8,0.000000,0.904812,0.002133,0.03111404,2026-03-21,2026-08-06,120,3733,1703,139,0.863309,1.227414,1.154177,1.073473,,,,,,,,GLOBAL_BASELINE_NO_ENTITY_RANKING,,,NOT_APPLICABLE_GLOBAL_BASELINE,HF9g-P5,,,,X 全窗基线 · 不参与实体赏罚,15054058,1506,A168_HF9F_20260827_0900,2026-08-27 09:00:00
2026-07-26,127529701,752,0,117.2127126739,61.5754008210,61.5754008210,0.7500000,4,4,0.50329940000000000,0.503299400000,0.9868238854431842,0.9868238854431842,0.9868238854431842,0E-17,ELIGIBLE,R03b_20260811_FULL_v1,L1_ELIGIBILITY,v2026-08-11,2026-03-21..2026-08-06,baccarat_bet02_101_all_pairs_incl_sentinel,round_win = game_pnl > 0 (decisive only),COMPATIBILITY_ONLY_NOT_PRODUCTION,557989.4742,504875.3716,9878.7574,24851,24505,-0.01770420,0.00338982,-0.02772422,-0.01770420,-9878.7574,557989.4742,OK,0.0000,395.1503,4.0000,96.0000,AG03-UNRESOLVED,ALL5_LEVELS_bet23_to_bet27,395.1503,395.1503,395.1503,0.0000,0.0000,4.000000,4.000000,4.000000,0.000000,0.000000,96.000000,96.000000,96.000000,100.000000,100.000000,5.0,1185.4509,1138.6651,8693.3065,8740.0923,PENDING_AG03,FALSE,NOT_FOR_ENFORCEMENT,9483.6071,484680.3568,9878.7574,9483.6071,395.1503,0.01770420,0.01699603,395.1503,9483.6071,0.01699603,395.1503,395.1503,395.1503,0.0000,0.0000,9483.6071,0.01699603,1185.4509,1138.6651,8693.3065,8740.0923,0.01557970,0.01566354,0.00070817,22.4534,20.6030,0.4031,82.3230,2.6463,4649.9123,204.2083,25.9152,21.1137,12.8578,14.5296,26.176,48.8436,54.2173,102.8621,13.088,0.0,3.731508,7.079487,1.545355,30,207,63,6,0.32204186,0.01770420,-0.00338982,0E-8,0.000000,0.904812,0.002133,0.03111404,2026-03-21,2026-08-06,120,3733,1703,139,0.863309,1.227414,1.154177,1.073473,,,,,,,,GLOBAL_BASELINE_NO_ENTITY_RANKING,,,NOT_APPLICABLE_GLOBAL_BASELINE,HF9g-P5,,,,X 全窗基线 · 不参与实体赏罚,15054059,1506,A168_HF9F_20260827_0900,2026-08-27 09:00:00
2026-07-26,127529701,759,0,525.1336070016,78.4860454908,78.4860454908,0.5625000,18,18,0.50069283333333333,0.500692833333,0.4944578080308849,0.4944578080335511,0.4944578080308849,3.3333E-13,ELIGIBLE,R03b_20260811_FULL_v1,L1_ELIGIBILITY,v2026-08-11,2026-03-21..2026-08-06,baccarat_bet02_101_all_pairs_incl_sentinel,round_win = game_pnl > 0 (decisive only),COMPATIBILITY_ONLY_NOT_PRODUCTION,557989.4742,504875.3716,9878.7574,24851,24505,-0.01770420,0.00338982,-0.02772422,-0.01770420,-9878.7574,557989.4742,OK,0.0000,395.1503,4.0000,96.0000,AG03-UNRESOLVED,ALL5_LEVELS_bet23_to_bet27,395.1503,395.1503,395.1503,0.0000,0.0000,4.000000,4.000000,4.000000,0.000000,0.000000,96.000000,96.000000,96.000000,100.000000,100.000000,5.0,1185.4509,1138.6651,8693.3065,8740.0923,PENDING_AG03,FALSE,NOT_FOR_ENFORCEMENT,9483.6071,484680.3568,9878.7574,9483.6071,395.1503,0.01770420,0.01699603,395.1503,9483.6071,0.01699603,395.1503,395.1503,395.1503,0.0000,0.0000,9483.6071,0.01699603,1185.4509,1138.6651,8693.3065,8740.0923,0.01557970,0.01566354,0.00070817,22.4534,20.6030,0.4031,82.3230,2.6463,4649.9123,204.2083,25.9152,21.1137,12.8578,14.5296,26.176,48.8436,54.2173,102.8621,13.088,0.0,3.731508,7.079487,1.545355,30,207,63,6,0.32204186,0.01770420,-0.00338982,0E-8,0.000000,0.904812,0.002133,0.03111404,2026-03-21,2026-08-06,120,3733,1703,139,0.863309,1.227414,1.154177,1.073473,,,,,,,,GLOBAL_BASELINE_NO_ENTITY_RANKING,,,NOT_APPLICABLE_GLOBAL_BASELINE,HF9g-P5,,,,X 全窗基线 · 不参与实体赏罚,15054060,1506,A168_HF9F_20260827_0900,2026-08-27 09:00:00
2026-07-26,127529701,789,0,77.4533343660,24.5268892159,24.5268892159,0.6666667,4,4,0.49994810000000000,0.499948100000,0.5775300591747329,0.5775300591747329,0.5775300591747329,0E-17,ELIGIBLE,R03b_20260811_FULL_v1,L1_ELIGIBILITY,v2026-08-11,2026-03-21..2026-08-06,baccarat_bet02_101_all_pairs_incl_sentinel,round_win = game_pnl > 0 (decisive only),COMPATIBILITY_ONLY_NOT_PRODUCTION,557989.4742,504875.3716,9878.7574,24851,24505,-0.01770420,0.00338982,-0.02772422,-0.01770420,-9878.7574,557989.4742,OK,0.0000,395.1503,4.0000,96.0000,AG03-UNRESOLVED,ALL5_LEVELS_bet23_to_bet27,395.1503,395.1503,395.1503,0.0000,0.0000,4.000000,4.000000,4.000000,0.000000,0.000000,96.000000,96.000000,96.000000,100.000000,100.000000,5.0,1185.4509,1138.6651,8693.3065,8740.0923,PENDING_AG03,FALSE,NOT_FOR_ENFORCEMENT,9483.6071,484680.3568,9878.7574,9483.6071,395.1503,0.01770420,0.01699603,395.1503,9483.6071,0.01699603,395.1503,395.1503,395.1503,0.0000,0.0000,9483.6071,0.01699603,1185.4509,1138.6651,8693.3065,8740.0923,0.01557970,0.01566354,0.00070817,22.4534,20.6030,0.4031,82.3230,2.6463,4649.9123,204.2083,25.9152,21.1137,12.8578,14.5296,26.176,48.8436,54.2173,102.8621,13.088,0.0,3.731508,7.079487,1.545355,30,207,63,6,0.32204186,0.01770420,-0.00338982,0E-8,0.000000,0.904812,0.002133,0.03111404,2026-03-21,2026-08-06,120,3733,1703,139,0.863309,1.227414,1.154177,1.073473,,,,,,,,GLOBAL_BASELINE_NO_ENTITY_RANKING,,,NOT_APPLICABLE_GLOBAL_BASELINE,HF9g-P5,,,,X 全窗基线 · 不参与实体赏罚,15054061,1506,A168_HF9F_20260827_0900,2026-08-27 09:00:00
2026-07-26,127529701,925,0,256.1123589702,40.9211783235,40.9211783235,0.6250000,8,8,0.50162375000000000,0.501623750000,0.6979251443573454,0.6979251443573454,0.6979251443573454,0E-17,ELIGIBLE,R03b_20260811_FULL_v1,L1_ELIGIBILITY,v2026-08-11,2026-03-21..2026-08-06,baccarat_bet02_101_all_pairs_incl_sentinel,round_win = game_pnl > 0 (decisive only),COMPATIBILITY_ONLY_NOT_PRODUCTION,557989.4742,504875.3716,9878.7574,24851,24505,-0.01770420,0.00338982,-0.02772422,-0.01770420,-9878.7574,557989.4742,OK,0.0000,395.1503,4.0000,96.0000,AG03-UNRESOLVED,ALL5_LEVELS_bet23_to_bet27,395.1503,395.1503,395.1503,0.0000,0.0000,4.000000,4.000000,4.000000,0.000000,0.000000,96.000000,96.000000,96.000000,100.000000,100.000000,5.0,1185.4509,1138.6651,8693.3065,8740.0923,PENDING_AG03,FALSE,NOT_FOR_ENFORCEMENT,9483.6071,484680.3568,9878.7574,9483.6071,395.1503,0.01770420,0.01699603,395.1503,9483.6071,0.01699603,395.1503,395.1503,395.1503,0.0000,0.0000,9483.6071,0.01699603,1185.4509,1138.6651,8693.3065,8740.0923,0.01557970,0.01566354,0.00070817,22.4534,20.6030,0.4031,82.3230,2.6463,4649.9123,204.2083,25.9152,21.1137,12.8578,14.5296,26.176,48.8436,54.2173,102.8621,13.088,0.0,3.731508,7.079487,1.545355,30,207,63,6,0.32204186,0.01770420,-0.00338982,0E-8,0.000000,0.904812,0.002133,0.03111404,2026-03-21,2026-08-06,120,3733,1703,139,0.863309,1.227414,1.154177,1.073473,,,,,,,,GLOBAL_BASELINE_NO_ENTITY_RANKING,,,NOT_APPLICABLE_GLOBAL_BASELINE,HF9g-P5,,,,X 全窗基线 · 不参与实体赏罚,15054062,1506,A168_HF9F_20260827_0900,2026-08-27 09:00:00
2026-07-26,127529701,948,0,12.9088890610,12.2634446080,12.2634446080,1.0000000,1,1,0.50665070000000000,0.506650700000,0.9867858985152569,0.9867858985152569,0.9867858985152569,0E-17,ELIGIBLE,R03b_20260811_FULL_v1,L1_ELIGIBILITY,v2026-08-11,2026-03-21..2026-08-06,baccarat_bet02_101_all_pairs_incl_sentinel,round_win = game_pnl > 0 (decisive only),COMPATIBILITY_ONLY_NOT_PRODUCTION,557989.4742,504875.3716,9878.7574,24851,24505,-0.01770420,0.00338982,-0.02772422,-0.01770420,-9878.7574,557989.4742,OK,0.0000,395.1503,4.0000,96.0000,AG03-UNRESOLVED,ALL5_LEVELS_bet23_to_bet27,395.1503,395.1503,395.1503,0.0000,0.0000,4.000000,4.000000,4.000000,0.000000,0.000000,96.000000,96.000000,96.000000,100.000000,100.000000,5.0,1185.4509,1138.6651,8693.3065,8740.0923,PENDING_AG03,FALSE,NOT_FOR_ENFORCEMENT,9483.6071,484680.3568,9878.7574,9483.6071,395.1503,0.01770420,0.01699603,395.1503,9483.6071,0.01699603,395.1503,395.1503,395.1503,0.0000,0.0000,9483.6071,0.01699603,1185.4509,1138.6651,8693.3065,8740.0923,0.01557970,0.01566354,0.00070817,22.4534,20.6030,0.4031,82.3230,2.6463,4649.9123,204.2083,25.9152,21.1137,12.8578,14.5296,26.176,48.8436,54.2173,102.8621,13.088,0.0,3.731508,7.079487,1.545355,30,207,63,6,0.32204186,0.01770420,-0.00338982,0E-8,0.000000,0.904812,0.002133,0.03111404,2026-03-21,2026-08-06,120,3733,1703,139,0.863309,1.227414,1.154177,1.073473,,,,,,,,GLOBAL_BASELINE_NO_ENTITY_RANKING,,,NOT_APPLICABLE_GLOBAL_BASELINE,HF9g-P5,,,,X 全窗基线 · 不参与实体赏罚,15054063,1506,A168_HF9F_20260827_0900,2026-08-27 09:00:00
2026-07-26,127529701,987,0,77.4533343660,-64.5444453050,-64.5444453050,0E-7,3,3,0.49771390000000000,0.497713900000,-1.4077622098436522,-1.4077622098436524,-1.4077622098436522,0E-17,ELIGIBLE,R03b_20260811_FULL_v1,L1_ELIGIBILITY,v2026-08-11,2026-03-21..2026-08-06,baccarat_bet02_101_all_pairs_incl_sentinel,round_win = game_pnl > 0 (decisive only),COMPATIBILITY_ONLY_NOT_PRODUCTION,557989.4742,504875.3716,9878.7574,24851,24505,-0.01770420,0.00338982,-0.02772422,-0.01770420,-9878.7574,557989.4742,OK,0.0000,395.1503,4.0000,96.0000,AG03-UNRESOLVED,ALL5_LEVELS_bet23_to_bet27,395.1503,395.1503,395.1503,0.0000,0.0000,4.000000,4.000000,4.000000,0.000000,0.000000,96.000000,96.000000,96.000000,100.000000,100.000000,5.0,1185.4509,1138.6651,8693.3065,8740.0923,PENDING_AG03,FALSE,NOT_FOR_ENFORCEMENT,9483.6071,484680.3568,9878.7574,9483.6071,395.1503,0.01770420,0.01699603,395.1503,9483.6071,0.01699603,395.1503,395.1503,395.1503,0.0000,0.0000,9483.6071,0.01699603,1185.4509,1138.6651,8693.3065,8740.0923,0.01557970,0.01566354,0.00070817,22.4534,20.6030,0.4031,82.3230,2.6463,4649.9123,204.2083,25.9152,21.1137,12.8578,14.5296,26.176,48.8436,54.2173,102.8621,13.088,0.0,3.731508,7.079487,1.545355,30,207,63,6,0.32204186,0.01770420,-0.00338982,0E-8,0.000000,0.904812,0.002133,0.03111404,2026-03-21,2026-08-06,120,3733,1703,139,0.863309,1.227414,1.154177,1.073473,,,,,,,,GLOBAL_BASELINE_NO_ENTITY_RANKING,,,NOT_APPLICABLE_GLOBAL_BASELINE,HF9g-P5,,,,X 全窗基线 · 不参与实体赏罚,15054064,1506,A168_HF9F_20260827_0900,2026-08-27 09:00:00
2026-07-27,127529701,-1,1,2366.9738982254,69.6434564846,69.6434564846,0.5326087,105,103,0.49648423155339806,0.495817487379,0.6930045069040239,0.7058024398864943,0.6930045069040239,0.00066674417439806,SENTINEL_DEALER,R03b_20260811_FULL_v1,L1_ELIGIBILITY,v2026-08-11,2026-03-21..2026-08-06,baccarat_bet02_101_all_pairs_incl_sentinel,round_win = game_pnl > 0 (decisive only),COMPATIBILITY_ONLY_NOT_PRODUCTION,557989.4742,504875.3716,9878.7574,24851,24505,-0.01770420,0.00338982,-0.02772422,-0.01770420,-9878.7574,557989.4742,OK,0.0000,395.1503,4.0000,96.0000,AG03-UNRESOLVED,ALL5_LEVELS_bet23_to_bet27,395.1503,395.1503,395.1503,0.0000,0.0000,4.000000,4.000000,4.000000,0.000000,0.000000,96.000000,96.000000,96.000000,100.000000,100.000000,5.0,1185.4509,1138.6651,8693.3065,8740.0923,PENDING_AG03,FALSE,NOT_FOR_ENFORCEMENT,9483.6071,484680.3568,9878.7574,9483.6071,395.1503,0.01770420,0.01699603,395.1503,9483.6071,0.01699603,395.1503,395.1503,395.1503,0.0000,0.0000,9483.6071,0.01699603,1185.4509,1138.6651,8693.3065,8740.0923,0.01557970,0.01566354,0.00070817,22.4534,20.6030,0.4031,82.3230,2.6463,4649.9123,204.2083,25.9152,21.1137,12.8578,14.5296,26.176,48.8436,54.2173,102.8621,13.088,0.0,3.731508,7.079487,1.545355,30,207,63,6,0.32204186,0.01770420,-0.00338982,0E-8,0.000000,0.904812,0.002133,0.03111404,2026-03-21,2026-08-06,120,3733,1703,139,0.863309,1.227414,1.154177,1.073473,,,,,,,,GLOBAL_BASELINE_NO_ENTITY_RANKING,,,NOT_APPLICABLE_GLOBAL_BASELINE,HF9g-P5,,,,X 全窗基线 · 不参与实体赏罚,15054065,1506,A168_HF9F_20260827_0900,2026-08-27 09:00:00
2026-07-27,127529701,1004,0,77.4533343660,51.6355562440,51.6355562440,0.7500000,4,4,0.49324550000000000,0.493245500000,1.0271117246678039,1.0271117246678039,1.0271117246678039,0E-17,ELIGIBLE,R03b_20260811_FULL_v1,L1_ELIGIBILITY,v2026-08-11,2026-03-21..2026-08-06,baccarat_bet02_101_all_pairs_incl_sentinel,round_win = game_pnl > 0 (decisive only),COMPATIBILITY_ONLY_NOT_PRODUCTION,557989.4742,504875.3716,9878.7574,24851,24505,-0.01770420,0.00338982,-0.02772422,-0.01770420,-9878.7574,557989.4742,OK,0.0000,395.1503,4.0000,96.0000,AG03-UNRESOLVED,ALL5_LEVELS_bet23_to_bet27,395.1503,395.1503,395.1503,0.0000,0.0000,4.000000,4.000000,4.000000,0.000000,0.000000,96.000000,96.000000,96.000000,100.000000,100.000000,5.0,1185.4509,1138.6651,8693.3065,8740.0923,PENDING_AG03,FALSE,NOT_FOR_ENFORCEMENT,9483.6071,484680.3568,9878.7574,9483.6071,395.1503,0.01770420,0.01699603,395.1503,9483.6071,0.01699603,395.1503,395.1503,395.1503,0.0000,0.0000,9483.6071,0.01699603,1185.4509,1138.6651,8693.3065,8740.0923,0.01557970,0.01566354,0.00070817,22.4534,20.6030,0.4031,82.3230,2.6463,4649.9123,204.2083,25.9152,21.1137,12.8578,14.5296,26.176,48.8436,54.2173,102.8621,13.088,0.0,3.731508,7.079487,1.545355,30,207,63,6,0.32204186,0.01770420,-0.00338982,0E-8,0.000000,0.904812,0.002133,0.03111404,2026-03-21,2026-08-06,120,3733,1703,139,0.863309,1.227414,1.154177,1.073473,,,,,,,,GLOBAL_BASELINE_NO_ENTITY_RANKING,,,NOT_APPLICABLE_GLOBAL_BASELINE,HF9g-P5,,,,X 全窗基线 · 不参与实体赏罚,15054066,1506,A168_HF9F_20260827_0900,2026-08-27 09:00:00
2026-07-27,127529701,1115,0,35.3703560271,-5.1635556244,-5.1635556244,0.3333333,3,3,0.49771390000000000,0.497713900000,-0.5694369385616226,-0.5694369385616226,-0.5694369385616226,0E-17,ELIGIBLE,R03b_20260811_FULL_v1,L1_ELIGIBILITY,v2026-08-11,2026-03-21..2026-08-06,baccarat_bet02_101_all_pairs_incl_sentinel,round_win = game_pnl > 0 (decisive only),COMPATIBILITY_ONLY_NOT_PRODUCTION,557989.4742,504875.3716,9878.7574,24851,24505,-0.01770420,0.00338982,-0.02772422,-0.01770420,-9878.7574,557989.4742,OK,0.0000,395.1503,4.0000,96.0000,AG03-UNRESOLVED,ALL5_LEVELS_bet23_to_bet27,395.1503,395.1503,395.1503,0.0000,0.0000,4.000000,4.000000,4.000000,0.000000,0.000000,96.000000,96.000000,96.000000,100.000000,100.000000,5.0,1185.4509,1138.6651,8693.3065,8740.0923,PENDING_AG03,FALSE,NOT_FOR_ENFORCEMENT,9483.6071,484680.3568,9878.7574,9483.6071,395.1503,0.01770420,0.01699603,395.1503,9483.6071,0.01699603,395.1503,395.1503,395.1503,0.0000,0.0000,9483.6071,0.01699603,1185.4509,1138.6651,8693.3065,8740.0923,0.01557970,0.01566354,0.00070817,22.4534,20.6030,0.4031,82.3230,2.6463,4649.9123,204.2083,25.9152,21.1137,12.8578,14.5296,26.176,48.8436,54.2173,102.8621,13.088,0.0,3.731508,7.079487,1.545355,30,207,63,6,0.32204186,0.01770420,-0.00338982,0E-8,0.000000,0.904812,0.002133,0.03111404,2026-03-21,2026-08-06,120,3733,1703,139,0.863309,1.227414,1.154177,1.073473,,,,,,,,GLOBAL_BASELINE_NO_ENTITY_RANKING,,,NOT_APPLICABLE_GLOBAL_BASELINE,HF9g-P5,,,,X 全窗基线 · 不参与实体赏罚,15054067,1506,A168_HF9F_20260827_0900,2026-08-27 09:00:00
2026-07-27,127529701,1151,0,152.3248909198,-64.5444453050,-64.5444453050,0.2500000,6,6,0.49547970000000000,0.495479700000,-0.9819589297737525,-0.9819589297737525,-0.9819589297737525,0E-17,ELIGIBLE,R03b_20260811_FULL_v1,L1_ELIGIBILITY,v2026-08-11,2026-03-21..2026-08-06,baccarat_bet02_101_all_pairs_incl_sentinel,round_win = game_pnl > 0 (decisive only),COMPATIBILITY_ONLY_NOT_PRODUCTION,557989.4742,504875.3716,9878.7574,24851,24505,-0.01770420,0.00338982,-0.02772422,-0.01770420,-9878.7574,557989.4742,OK,0.0000,395.1503,4.0000,96.0000,AG03-UNRESOLVED,ALL5_LEVELS_bet23_to_bet27,395.1503,395.1503,395.1503,0.0000,0.0000,4.000000,4.000000,4.000000,0.000000,0.000000,96.000000,96.000000,96.000000,100.000000,100.000000,5.0,1185.4509,1138.6651,8693.3065,8740.0923,PENDING_AG03,FALSE,NOT_FOR_ENFORCEMENT,9483.6071,484680.3568,9878.7574,9483.6071,395.1503,0.01770420,0.01699603,395.1503,9483.6071,0.01699603,395.1503,395.1503,395.1503,0.0000,0.0000,9483.6071,0.01699603,1185.4509,1138.6651,8693.3065,8740.0923,0.01557970,0.01566354,0.00070817,22.4534,20.6030,0.4031,82.3230,2.6463,4649.9123,204.2083,25.9152,21.1137,12.8578,14.5296,26.176,48.8436,54.2173,102.8621,13.088,0.0,3.731508,7.079487,1.545355,30,207,63,6,0.32204186,0.01770420,-0.00338982,0E-8,0.000000,0.904812,0.002133,0.03111404,2026-03-21,2026-08-06,120,3733,1703,139,0.863309,1.227414,1.154177,1.073473,,,,,,,,GLOBAL_BASELINE_NO_ENTITY_RANKING,,,NOT_APPLICABLE_GLOBAL_BASELINE,HF9g-P5,,,,X 全窗基线 · 不参与实体赏罚,15054068,1506,A168_HF9F_20260827_0900,2026-08-27 09:00:00
2026-07-27,127529701,1157,0,77.4533343660,-77.4533343660,-77.4533343660,0E-7,2,2,0.49994810000000000,0.499948100000,-1.4140667746232096,-1.4140667746232096,-1.4140667746232096,0E-17,ELIGIBLE,R03b_20260811_FULL_v1,L1_ELIGIBILITY,v2026-08-11,2026-03-21..2026-08-06,baccarat_bet02_101_all_pairs_incl_sentinel,round_win = game_pnl > 0 (decisive only),COMPATIBILITY_ONLY_NOT_PRODUCTION,557989.4742,504875.3716,9878.7574,24851,24505,-0.01770420,0.00338982,-0.02772422,-0.01770420,-9878.7574,557989.4742,OK,0.0000,395.1503,4.0000,96.0000,AG03-UNRESOLVED,ALL5_LEVELS_bet23_to_bet27,395.1503,395.1503,395.1503,0.0000,0.0000,4.000000,4.000000,4.000000,0.000000,0.000000,96.000000,96.000000,96.000000,100.000000,100.000000,5.0,1185.4509,1138.6651,8693.3065,8740.0923,PENDING_AG03,FALSE,NOT_FOR_ENFORCEMENT,9483.6071,484680.3568,9878.7574,9483.6071,395.1503,0.01770420,0.01699603,395.1503,9483.6071,0.01699603,395.1503,395.1503,395.1503,0.0000,0.0000,9483.6071,0.01699603,1185.4509,1138.6651,8693.3065,8740.0923,0.01557970,0.01566354,0.00070817,22.4534,20.6030,0.4031,82.3230,2.6463,4649.9123,204.2083,25.9152,21.1137,12.8578,14.5296,26.176,48.8436,54.2173,102.8621,13.088,0.0,3.731508,7.079487,1.545355,30,207,63,6,0.32204186,0.01770420,-0.00338982,0E-8,0.000000,0.904812,0.002133,0.03111404,2026-03-21,2026-08-06,120,3733,1703,139,0.863309,1.227414,1.154177,1.073473,,,,,,,,GLOBAL_BASELINE_NO_ENTITY_RANKING,,,NOT_APPLICABLE_GLOBAL_BASELINE,HF9g-P5,,,,X 全窗基线 · 不参与实体赏罚,15054069,1506,A168_HF9F_20260827_0900,2026-08-27 09:00:00
2026-07-27,127529701,1304,0,469.8835618204,128.5725350477,128.5725350477,0.5294118,17,17,0.49955382941176471,0.499553829412,0.2462149399881554,0.246214939986215,0.2462149399881554,-2.3529E-13,ELIGIBLE,R03b_20260811_FULL_v1,L1_ELIGIBILITY,v2026-08-11,2026-03-21..2026-08-06,baccarat_bet02_101_all_pairs_incl_sentinel,round_win = game_pnl > 0 (decisive only),COMPATIBILITY_ONLY_NOT_PRODUCTION,557989.4742,504875.3716,9878.7574,24851,24505,-0.01770420,0.00338982,-0.02772422,-0.01770420,-9878.7574,557989.4742,OK,0.0000,395.1503,4.0000,96.0000,AG03-UNRESOLVED,ALL5_LEVELS_bet23_to_bet27,395.1503,395.1503,395.1503,0.0000,0.0000,4.000000,4.000000,4.000000,0.000000,0.000000,96.000000,96.000000,96.000000,100.000000,100.000000,5.0,1185.4509,1138.6651,8693.3065,8740.0923,PENDING_AG03,FALSE,NOT_FOR_ENFORCEMENT,9483.6071,484680.3568,9878.7574,9483.6071,395.1503,0.01770420,0.01699603,395.1503,9483.6071,0.01699603,395.1503,395.1503,395.1503,0.0000,0.0000,9483.6071,0.01699603,1185.4509,1138.6651,8693.3065,8740.0923,0.01557970,0.01566354,0.00070817,22.4534,20.6030,0.4031,82.3230,2.6463,4649.9123,204.2083,25.9152,21.1137,12.8578,14.5296,26.176,48.8436,54.2173,102.8621,13.088,0.0,3.731508,7.079487,1.545355,30,207,63,6,0.32204186,0.01770420,-0.00338982,0E-8,0.000000,0.904812,0.002133,0.03111404,2026-03-21,2026-08-06,120,3733,1703,139,0.863309,1.227414,1.154177,1.073473,,,,,,,,GLOBAL_BASELINE_NO_ENTITY_RANKING,,,NOT_APPLICABLE_GLOBAL_BASELINE,HF9g-P5,,,,X 全窗基线 · 不参与实体赏罚,15054070,1506,A168_HF9F_20260827_0900,2026-08-27 09:00:00
2026-07-27,127529701,1306,0,771.4352102854,-54.0107918311,-54.0107918311,0.4761905,25,25,0.50075241200000000,0.500752412000,-0.22511411500864734,-0.22511411500864734,-0.22511411500864734,0E-17,ELIGIBLE,R03b_20260811_FULL_v1,L1_ELIGIBILITY,v2026-08-11,2026-03-21..2026-08-06,baccarat_bet02_101_all_pairs_incl_sentinel,round_win = game_pnl > 0 (decisive only),COMPATIBILITY_ONLY_NOT_PRODUCTION,557989.4742,504875.3716,9878.7574,24851,24505,-0.01770420,0.00338982,-0.02772422,-0.01770420,-9878.7574,557989.4742,OK,0.0000,395.1503,4.0000,96.0000,AG03-UNRESOLVED,ALL5_LEVELS_bet23_to_bet27,395.1503,395.1503,395.1503,0.0000,0.0000,4.000000,4.000000,4.000000,0.000000,0.000000,96.000000,96.000000,96.000000,100.000000,100.000000,5.0,1185.4509,1138.6651,8693.3065,8740.0923,PENDING_AG03,FALSE,NOT_FOR_ENFORCEMENT,9483.6071,484680.3568,9878.7574,9483.6071,395.1503,0.01770420,0.01699603,395.1503,9483.6071,0.01699603,395.1503,395.1503,395.1503,0.0000,0.0000,9483.6071,0.01699603,1185.4509,1138.6651,8693.3065,8740.0923,0.01557970,0.01566354,0.00070817,22.4534,20.6030,0.4031,82.3230,2.6463,4649.9123,204.2083,25.9152,21.1137,12.8578,14.5296,26.176,48.8436,54.2173,102.8621,13.088,0.0,3.731508,7.079487,1.545355,30,207,63,6,0.32204186,0.01770420,-0.00338982,0E-8,0.000000,0.904812,0.002133,0.03111404,2026-03-21,2026-08-06,120,3733,1703,139,0.863309,1.227414,1.154177,1.073473,,,,,,,,GLOBAL_BASELINE_NO_ENTITY_RANKING,,,NOT_APPLICABLE_GLOBAL_BASELINE,HF9g-P5,,,,X 全窗基线 · 不参与实体赏罚,15054071,1506,A168_HF9F_20260827_0900,2026-08-27 09:00:00
2026-07-27,127529701,1323,0,168.5900911367,-14.1094157436,-14.1094157436,0.5000000,8,8,0.50329940000000000,0.503299400000,-0.018664631283057894,-0.018664631283057894,-0.018664631283057894,0E-17,ELIGIBLE,R03b_20260811_FULL_v1,L1_ELIGIBILITY,v2026-08-11,2026-03-21..2026-08-06,baccarat_bet02_101_all_pairs_incl_sentinel,round_win = game_pnl > 0 (decisive only),COMPATIBILITY_ONLY_NOT_PRODUCTION,557989.4742,504875.3716,9878.7574,24851,24505,-0.01770420,0.00338982,-0.02772422,-0.01770420,-9878.7574,557989.4742,OK,0.0000,395.1503,4.0000,96.0000,AG03-UNRESOLVED,ALL5_LEVELS_bet23_to_bet27,395.1503,395.1503,395.1503,0.0000,0.0000,4.000000,4.000000,4.000000,0.000000,0.000000,96.000000,96.000000,96.000000,100.000000,100.000000,5.0,1185.4509,1138.6651,8693.3065,8740.0923,PENDING_AG03,FALSE,NOT_FOR_ENFORCEMENT,9483.6071,484680.3568,9878.7574,9483.6071,395.1503,0.01770420,0.01699603,395.1503,9483.6071,0.01699603,395.1503,395.1503,395.1503,0.0000,0.0000,9483.6071,0.01699603,1185.4509,1138.6651,8693.3065,8740.0923,0.01557970,0.01566354,0.00070817,22.4534,20.6030,0.4031,82.3230,2.6463,4649.9123,204.2083,25.9152,21.1137,12.8578,14.5296,26.176,48.8436,54.2173,102.8621,13.088,0.0,3.731508,7.079487,1.545355,30,207,63,6,0.32204186,0.01770420,-0.00338982,0E-8,0.000000,0.904812,0.002133,0.03111404,2026-03-21,2026-08-06,120,3733,1703,139,0.863309,1.227414,1.154177,1.073473,,,,,,,,GLOBAL_BASELINE_NO_ENTITY_RANKING,,,NOT_APPLICABLE_GLOBAL_BASELINE,HF9g-P5,,,,X 全窗基线 · 不参与实体赏罚,15054072,1506,A168_HF9F_20260827_0900,2026-08-27 09:00:00
2026-07-27,127529701,1330,0,422.6370278572,-169.6228022615,-169.6228022615,0.4285714,14,14,0.50090561428571429,0.500905614286,-0.5413003684701732,-0.5413003684723118,-0.5413003684701732,-2.8571E-13,ELIGIBLE,R03b_20260811_FULL_v1,L1_ELIGIBILITY,v2026-08-11,2026-03-21..2026-08-06,baccarat_bet02_101_all_pairs_incl_sentinel,round_win = game_pnl > 0 (decisive only),COMPATIBILITY_ONLY_NOT_PRODUCTION,557989.4742,504875.3716,9878.7574,24851,24505,-0.01770420,0.00338982,-0.02772422,-0.01770420,-9878.7574,557989.4742,OK,0.0000,395.1503,4.0000,96.0000,AG03-UNRESOLVED,ALL5_LEVELS_bet23_to_bet27,395.1503,395.1503,395.1503,0.0000,0.0000,4.000000,4.000000,4.000000,0.000000,0.000000,96.000000,96.000000,96.000000,100.000000,100.000000,5.0,1185.4509,1138.6651,8693.3065,8740.0923,PENDING_AG03,FALSE,NOT_FOR_ENFORCEMENT,9483.6071,484680.3568,9878.7574,9483.6071,395.1503,0.01770420,0.01699603,395.1503,9483.6071,0.01699603,395.1503,395.1503,395.1503,0.0000,0.0000,9483.6071,0.01699603,1185.4509,1138.6651,8693.3065,8740.0923,0.01557970,0.01566354,0.00070817,22.4534,20.6030,0.4031,82.3230,2.6463,4649.9123,204.2083,25.9152,21.1137,12.8578,14.5296,26.176,48.8436,54.2173,102.8621,13.088,0.0,3.731508,7.079487,1.545355,30,207,63,6,0.32204186,0.01770420,-0.00338982,0E-8,0.000000,0.904812,0.002133,0.03111404,2026-03-21,2026-08-06,120,3733,1703,139,0.863309,1.227414,1.154177,1.073473,,,,,,,,GLOBAL_BASELINE_NO_ENTITY_RANKING,,,NOT_APPLICABLE_GLOBAL_BASELINE,HF9g-P5,,,,X 全窗基线 · 不参与实体赏罚,15054073,1506,A168_HF9F_20260827_0900,2026-08-27 09:00:00
2026-07-27,127529701,1331,0,234.9417809102,38.5975782925,38.5975782925,0.4545455,12,12,0.50106520000000000,0.501065200000,-0.3085777822881345,-0.3085777822881345,-0.3085777822881345,0E-17,ELIGIBLE,R03b_20260811_FULL_v1,L1_ELIGIBILITY,v2026-08-11,2026-03-21..2026-08-06,baccarat_bet02_101_all_pairs_incl_sentinel,round_win = game_pnl > 0 (decisive only),COMPATIBILITY_ONLY_NOT_PRODUCTION,557989.4742,504875.3716,9878.7574,24851,24505,-0.01770420,0.00338982,-0.02772422,-0.01770420,-9878.7574,557989.4742,OK,0.0000,395.1503,4.0000,96.0000,AG03-UNRESOLVED,ALL5_LEVELS_bet23_to_bet27,395.1503,395.1503,395.1503,0.0000,0.0000,4.000000,4.000000,4.000000,0.000000,0.000000,96.000000,96.000000,96.000000,100.000000,100.000000,5.0,1185.4509,1138.6651,8693.3065,8740.0923,PENDING_AG03,FALSE,NOT_FOR_ENFORCEMENT,9483.6071,484680.3568,9878.7574,9483.6071,395.1503,0.01770420,0.01699603,395.1503,9483.6071,0.01699603,395.1503,395.1503,395.1503,0.0000,0.0000,9483.6071,0.01699603,1185.4509,1138.6651,8693.3065,8740.0923,0.01557970,0.01566354,0.00070817,22.4534,20.6030,0.4031,82.3230,2.6463,4649.9123,204.2083,25.9152,21.1137,12.8578,14.5296,26.176,48.8436,54.2173,102.8621,13.088,0.0,3.731508,7.079487,1.545355,30,207,63,6,0.32204186,0.01770420,-0.00338982,0E-8,0.000000,0.904812,0.002133,0.03111404,2026-03-21,2026-08-06,120,3733,1703,139,0.863309,1.227414,1.154177,1.073473,,,,,,,,GLOBAL_BASELINE_NO_ENTITY_RANKING,,,NOT_APPLICABLE_GLOBAL_BASELINE,HF9g-P5,,,,X 全窗基线 · 不参与实体赏罚,15054074,1506,A168_HF9F_20260827_0900,2026-08-27 09:00:00
2026-07-27,127529701,1353,0,67.1262231172,-16.7815557792,-16.7815557792,0.6666667,3,3,0.50218230000000000,0.502182300000,0.5697959874915163,0.5697959874915164,0.5697959874915163,0E-17,ELIGIBLE,R03b_20260811_FULL_v1,L1_ELIGIBILITY,v2026-08-11,2026-03-21..2026-08-06,baccarat_bet02_101_all_pairs_incl_sentinel,round_win = game_pnl > 0 (decisive only),COMPATIBILITY_ONLY_NOT_PRODUCTION,557989.4742,504875.3716,9878.7574,24851,24505,-0.01770420,0.00338982,-0.02772422,-0.01770420,-9878.7574,557989.4742,OK,0.0000,395.1503,4.0000,96.0000,AG03-UNRESOLVED,ALL5_LEVELS_bet23_to_bet27,395.1503,395.1503,395.1503,0.0000,0.0000,4.000000,4.000000,4.000000,0.000000,0.000000,96.000000,96.000000,96.000000,100.000000,100.000000,5.0,1185.4509,1138.6651,8693.3065,8740.0923,PENDING_AG03,FALSE,NOT_FOR_ENFORCEMENT,9483.6071,484680.3568,9878.7574,9483.6071,395.1503,0.01770420,0.01699603,395.1503,9483.6071,0.01699603,395.1503,395.1503,395.1503,0.0000,0.0000,9483.6071,0.01699603,1185.4509,1138.6651,8693.3065,8740.0923,0.01557970,0.01566354,0.00070817,22.4534,20.6030,0.4031,82.3230,2.6463,4649.9123,204.2083,25.9152,21.1137,12.8578,14.5296,26.176,48.8436,54.2173,102.8621,13.088,0.0,3.731508,7.079487,1.545355,30,207,63,6,0.32204186,0.01770420,-0.00338982,0E-8,0.000000,0.904812,0.002133,0.03111404,2026-03-21,2026-08-06,120,3733,1703,139,0.863309,1.227414,1.154177,1.073473,,,,,,,,GLOBAL_BASELINE_NO_ENTITY_RANKING,,,NOT_APPLICABLE_GLOBAL_BASELINE,HF9g-P5,,,,X 全窗基线 · 不参与实体赏罚,15054075,1506,A168_HF9F_20260827_0900,2026-08-27 09:00:00
2026-07-27,127529701,1384,0,118.7617793612,-82.6168899904,-82.6168899904,0.2500000,4,4,0.49324550000000000,0.493245500000,-0.9730707933947887,-0.9730707933947887,-0.9730707933947887,0E-17,ELIGIBLE,R03b_20260811_FULL_v1,L1_ELIGIBILITY,v2026-08-11,2026-03-21..2026-08-06,baccarat_bet02_101_all_pairs_incl_sentinel,round_win = game_pnl > 0 (decisive only),COMPATIBILITY_ONLY_NOT_PRODUCTION,557989.4742,504875.3716,9878.7574,24851,24505,-0.01770420,0.00338982,-0.02772422,-0.01770420,-9878.7574,557989.4742,OK,0.0000,395.1503,4.0000,96.0000,AG03-UNRESOLVED,ALL5_LEVELS_bet23_to_bet27,395.1503,395.1503,395.1503,0.0000,0.0000,4.000000,4.000000,4.000000,0.000000,0.000000,96.000000,96.000000,96.000000,100.000000,100.000000,5.0,1185.4509,1138.6651,8693.3065,8740.0923,PENDING_AG03,FALSE,NOT_FOR_ENFORCEMENT,9483.6071,484680.3568,9878.7574,9483.6071,395.1503,0.01770420,0.01699603,395.1503,9483.6071,0.01699603,395.1503,395.1503,395.1503,0.0000,0.0000,9483.6071,0.01699603,1185.4509,1138.6651,8693.3065,8740.0923,0.01557970,0.01566354,0.00070817,22.4534,20.6030,0.4031,82.3230,2.6463,4649.9123,204.2083,25.9152,21.1137,12.8578,14.5296,26.176,48.8436,54.2173,102.8621,13.088,0.0,3.731508,7.079487,1.545355,30,207,63,6,0.32204186,0.01770420,-0.00338982,0E-8,0.000000,0.904812,0.002133,0.03111404,2026-03-21,2026-08-06,120,3733,1703,139,0.863309,1.227414,1.154177,1.073473,,,,,,,,GLOBAL_BASELINE_NO_ENTITY_RANKING,,,NOT_APPLICABLE_GLOBAL_BASELINE,HF9g-P5,,,,X 全窗基线 · 不参与实体赏罚,15054076,1506,A168_HF9F_20260827_0900,2026-08-27 09:00:00
2026-07-27,127529701,1402,0,399.9173831099,-127.4107350321,-127.4107350321,0.4444444,10,10,0.49994810000000000,0.499948100000,-0.33302193512739575,-0.33302193512739575,-0.33302193512739575,0E-17,ELIGIBLE,R03b_20260811_FULL_v1,L1_ELIGIBILITY,v2026-08-11,2026-03-21..2026-08-06,baccarat_bet02_101_all_pairs_incl_sentinel,round_win = game_pnl > 0 (decisive only),COMPATIBILITY_ONLY_NOT_PRODUCTION,557989.4742,504875.3716,9878.7574,24851,24505,-0.01770420,0.00338982,-0.02772422,-0.01770420,-9878.7574,557989.4742,OK,0.0000,395.1503,4.0000,96.0000,AG03-UNRESOLVED,ALL5_LEVELS_bet23_to_bet27,395.1503,395.1503,395.1503,0.0000,0.0000,4.000000,4.000000,4.000000,0.000000,0.000000,96.000000,96.000000,96.000000,100.000000,100.000000,5.0,1185.4509,1138.6651,8693.3065,8740.0923,PENDING_AG03,FALSE,NOT_FOR_ENFORCEMENT,9483.6071,484680.3568,9878.7574,9483.6071,395.1503,0.01770420,0.01699603,395.1503,9483.6071,0.01699603,395.1503,395.1503,395.1503,0.0000,0.0000,9483.6071,0.01699603,1185.4509,1138.6651,8693.3065,8740.0923,0.01557970,0.01566354,0.00070817,22.4534,20.6030,0.4031,82.3230,2.6463,4649.9123,204.2083,25.9152,21.1137,12.8578,14.5296,26.176,48.8436,54.2173,102.8621,13.088,0.0,3.731508,7.079487,1.545355,30,207,63,6,0.32204186,0.01770420,-0.00338982,0E-8,0.000000,0.904812,0.002133,0.03111404,2026-03-21,2026-08-06,120,3733,1703,139,0.863309,1.227414,1.154177,1.073473,,,,,,,,GLOBAL_BASELINE_NO_ENTITY_RANKING,,,NOT_APPLICABLE_GLOBAL_BASELINE,HF9g-P5,,,,X 全窗基线 · 不参与实体赏罚,15054077,1506,A168_HF9F_20260827_0900,2026-08-27 09:00:00
2026-07-27,127529701,1485,0,139.4160018588,136.3178684842,136.3178684842,1.0000000,5,5,0.49860758000000000,0.498607580000,2.242303763970222,2.242303763970222,2.242303763970222,0E-17,ELIGIBLE,R03b_20260811_FULL_v1,L1_ELIGIBILITY,v2026-08-11,2026-03-21..2026-08-06,baccarat_bet02_101_all_pairs_incl_sentinel,round_win = game_pnl > 0 (decisive only),COMPATIBILITY_ONLY_NOT_PRODUCTION,557989.4742,504875.3716,9878.7574,24851,24505,-0.01770420,0.00338982,-0.02772422,-0.01770420,-9878.7574,557989.4742,OK,0.0000,395.1503,4.0000,96.0000,AG03-UNRESOLVED,ALL5_LEVELS_bet23_to_bet27,395.1503,395.1503,395.1503,0.0000,0.0000,4.000000,4.000000,4.000000,0.000000,0.000000,96.000000,96.000000,96.000000,100.000000,100.000000,5.0,1185.4509,1138.6651,8693.3065,8740.0923,PENDING_AG03,FALSE,NOT_FOR_ENFORCEMENT,9483.6071,484680.3568,9878.7574,9483.6071,395.1503,0.01770420,0.01699603,395.1503,9483.6071,0.01699603,395.1503,395.1503,395.1503,0.0000,0.0000,9483.6071,0.01699603,1185.4509,1138.6651,8693.3065,8740.0923,0.01557970,0.01566354,0.00070817,22.4534,20.6030,0.4031,82.3230,2.6463,4649.9123,204.2083,25.9152,21.1137,12.8578,14.5296,26.176,48.8436,54.2173,102.8621,13.088,0.0,3.731508,7.079487,1.545355,30,207,63,6,0.32204186,0.01770420,-0.00338982,0E-8,0.000000,0.904812,0.002133,0.03111404,2026-03-21,2026-08-06,120,3733,1703,139,0.863309,1.227414,1.154177,1.073473,,,,,,,,GLOBAL_BASELINE_NO_ENTITY_RANKING,,,NOT_APPLICABLE_GLOBAL_BASELINE,HF9g-P5,,,,X 全窗基线 · 不参与实体赏罚,15054078,1506,A168_HF9F_20260827_0900,2026-08-27 09:00:00
2026-07-27,127529701,1505,0,311.1042263701,55.8309451889,55.8309451889,0.7272727,11,11,0.49812011818181818,0.498120118182,1.5200371916970705,1.5200371916958626,1.5200371916970705,-1.8182E-13,ELIGIBLE,R03b_20260811_FULL_v1,L1_ELIGIBILITY,v2026-08-11,2026-03-21..2026-08-06,baccarat_bet02_101_all_pairs_incl_sentinel,round_win = game_pnl > 0 (decisive only),COMPATIBILITY_ONLY_NOT_PRODUCTION,557989.4742,504875.3716,9878.7574,24851,24505,-0.01770420,0.00338982,-0.02772422,-0.01770420,-9878.7574,557989.4742,OK,0.0000,395.1503,4.0000,96.0000,AG03-UNRESOLVED,ALL5_LEVELS_bet23_to_bet27,395.1503,395.1503,395.1503,0.0000,0.0000,4.000000,4.000000,4.000000,0.000000,0.000000,96.000000,96.000000,96.000000,100.000000,100.000000,5.0,1185.4509,1138.6651,8693.3065,8740.0923,PENDING_AG03,FALSE,NOT_FOR_ENFORCEMENT,9483.6071,484680.3568,9878.7574,9483.6071,395.1503,0.01770420,0.01699603,395.1503,9483.6071,0.01699603,395.1503,395.1503,395.1503,0.0000,0.0000,9483.6071,0.01699603,1185.4509,1138.6651,8693.3065,8740.0923,0.01557970,0.01566354,0.00070817,22.4534,20.6030,0.4031,82.3230,2.6463,4649.9123,204.2083,25.9152,21.1137,12.8578,14.5296,26.176,48.8436,54.2173,102.8621,13.088,0.0,3.731508,7.079487,1.545355,30,207,63,6,0.32204186,0.01770420,-0.00338982,0E-8,0.000000,0.904812,0.002133,0.03111404,2026-03-21,2026-08-06,120,3733,1703,139,0.863309,1.227414,1.154177,1.073473,,,,,,,,GLOBAL_BASELINE_NO_ENTITY_RANKING,,,NOT_APPLICABLE_GLOBAL_BASELINE,HF9g-P5,,,,X 全窗基线 · 不参与实体赏罚,15054079,1506,A168_HF9F_20260827_0900,2026-08-27 09:00:00
2026-07-27,127529701,1623,0,51.6355562440,49.0537784318,49.0537784318,1.0000000,1,1,0.50665070000000000,0.506650700000,0.9867858985152569,0.9867858985152569,0.9867858985152569,0E-17,ELIGIBLE,R03b_20260811_FULL_v1,L1_ELIGIBILITY,v2026-08-11,2026-03-21..2026-08-06,baccarat_bet02_101_all_pairs_incl_sentinel,round_win = game_pnl > 0 (decisive only),COMPATIBILITY_ONLY_NOT_PRODUCTION,557989.4742,504875.3716,9878.7574,24851,24505,-0.01770420,0.00338982,-0.02772422,-0.01770420,-9878.7574,557989.4742,OK,0.0000,395.1503,4.0000,96.0000,AG03-UNRESOLVED,ALL5_LEVELS_bet23_to_bet27,395.1503,395.1503,395.1503,0.0000,0.0000,4.000000,4.000000,4.000000,0.000000,0.000000,96.000000,96.000000,96.000000,100.000000,100.000000,5.0,1185.4509,1138.6651,8693.3065,8740.0923,PENDING_AG03,FALSE,NOT_FOR_ENFORCEMENT,9483.6071,484680.3568,9878.7574,9483.6071,395.1503,0.01770420,0.01699603,395.1503,9483.6071,0.01699603,395.1503,395.1503,395.1503,0.0000,0.0000,9483.6071,0.01699603,1185.4509,1138.6651,8693.3065,8740.0923,0.01557970,0.01566354,0.00070817,22.4534,20.6030,0.4031,82.3230,2.6463,4649.9123,204.2083,25.9152,21.1137,12.8578,14.5296,26.176,48.8436,54.2173,102.8621,13.088,0.0,3.731508,7.079487,1.545355,30,207,63,6,0.32204186,0.01770420,-0.00338982,0E-8,0.000000,0.904812,0.002133,0.03111404,2026-03-21,2026-08-06,120,3733,1703,139,0.863309,1.227414,1.154177,1.073473,,,,,,,,GLOBAL_BASELINE_NO_ENTITY_RANKING,,,NOT_APPLICABLE_GLOBAL_BASELINE,HF9g-P5,,,,X 全窗基线 · 不参与实体赏罚,15054080,1506,A168_HF9F_20260827_0900,2026-08-27 09:00:00
2026-07-27,127529701,1645,0,28.3995559342,-3.2272222652,-3.2272222652,0.5000000,2,2,0.50665070000000000,0.506650700000,-0.018812684590367487,-0.018812684590367487,-0.018812684590367487,0E-17,ELIGIBLE,R03b_20260811_FULL_v1,L1_ELIGIBILITY,v2026-08-11,2026-03-21..2026-08-06,baccarat_bet02_101_all_pairs_incl_sentinel,round_win = game_pnl > 0 (decisive only),COMPATIBILITY_ONLY_NOT_PRODUCTION,557989.4742,504875.3716,9878.7574,24851,24505,-0.01770420,0.00338982,-0.02772422,-0.01770420,-9878.7574,557989.4742,OK,0.0000,395.1503,4.0000,96.0000,AG03-UNRESOLVED,ALL5_LEVELS_bet23_to_bet27,395.1503,395.1503,395.1503,0.0000,0.0000,4.000000,4.000000,4.000000,0.000000,0.000000,96.000000,96.000000,96.000000,100.000000,100.000000,5.0,1185.4509,1138.6651,8693.3065,8740.0923,PENDING_AG03,FALSE,NOT_FOR_ENFORCEMENT,9483.6071,484680.3568,9878.7574,9483.6071,395.1503,0.01770420,0.01699603,395.1503,9483.6071,0.01699603,395.1503,395.1503,395.1503,0.0000,0.0000,9483.6071,0.01699603,1185.4509,1138.6651,8693.3065,8740.0923,0.01557970,0.01566354,0.00070817,22.4534,20.6030,0.4031,82.3230,2.6463,4649.9123,204.2083,25.9152,21.1137,12.8578,14.5296,26.176,48.8436,54.2173,102.8621,13.088,0.0,3.731508,7.079487,1.545355,30,207,63,6,0.32204186,0.01770420,-0.00338982,0E-8,0.000000,0.904812,0.002133,0.03111404,2026-03-21,2026-08-06,120,3733,1703,139,0.863309,1.227414,1.154177,1.073473,,,,,,,,GLOBAL_BASELINE_NO_ENTITY_RANKING,,,NOT_APPLICABLE_GLOBAL_BASELINE,HF9g-P5,,,,X 全窗基线 · 不参与实体赏罚,15054081,1506,A168_HF9F_20260827_0900,2026-08-27 09:00:00
2026-07-27,127529701,1646,0,67.1262231172,50.9901117910,50.9901117910,1.0000000,3,3,0.49771390000000000,0.497713900000,1.4206944795187548,1.420694479518755,1.4206944795187548,0E-17,ELIGIBLE,R03b_20260811_FULL_v1,L1_ELIGIBILITY,v2026-08-11,2026-03-21..2026-08-06,baccarat_bet02_101_all_pairs_incl_sentinel,round_win = game_pnl > 0 (decisive only),COMPATIBILITY_ONLY_NOT_PRODUCTION,557989.4742,504875.3716,9878.7574,24851,24505,-0.01770420,0.00338982,-0.02772422,-0.01770420,-9878.7574,557989.4742,OK,0.0000,395.1503,4.0000,96.0000,AG03-UNRESOLVED,ALL5_LEVELS_bet23_to_bet27,395.1503,395.1503,395.1503,0.0000,0.0000,4.000000,4.000000,4.000000,0.000000,0.000000,96.000000,96.000000,96.000000,100.000000,100.000000,5.0,1185.4509,1138.6651,8693.3065,8740.0923,PENDING_AG03,FALSE,NOT_FOR_ENFORCEMENT,9483.6071,484680.3568,9878.7574,9483.6071,395.1503,0.01770420,0.01699603,395.1503,9483.6071,0.01699603,395.1503,395.1503,395.1503,0.0000,0.0000,9483.6071,0.01699603,1185.4509,1138.6651,8693.3065,8740.0923,0.01557970,0.01566354,0.00070817,22.4534,20.6030,0.4031,82.3230,2.6463,4649.9123,204.2083,25.9152,21.1137,12.8578,14.5296,26.176,48.8436,54.2173,102.8621,13.088,0.0,3.731508,7.079487,1.545355,30,207,63,6,0.32204186,0.01770420,-0.00338982,0E-8,0.000000,0.904812,0.002133,0.03111404,2026-03-21,2026-08-06,120,3733,1703,139,0.863309,1.227414,1.154177,1.073473,,,,,,,,GLOBAL_BASELINE_NO_ENTITY_RANKING,,,NOT_APPLICABLE_GLOBAL_BASELINE,HF9g-P5,,,,X 全窗基线 · 不参与实体赏罚,15054082,1506,A168_HF9F_20260827_0900,2026-08-27 09:00:00
2026-07-27,127529701,1710,0,134.2524462344,16.7815557794,16.7815557794,0.5000000,6,6,0.49994810000000000,0.499948100000,0.00025425703667063243,0.00025425703667063243,0.00025425703667063243,0E-17,ELIGIBLE,R03b_20260811_FULL_v1,L1_ELIGIBILITY,v2026-08-11,2026-03-21..2026-08-06,baccarat_bet02_101_all_pairs_incl_sentinel,round_win = game_pnl > 0 (decisive only),COMPATIBILITY_ONLY_NOT_PRODUCTION,557989.4742,504875.3716,9878.7574,24851,24505,-0.01770420,0.00338982,-0.02772422,-0.01770420,-9878.7574,557989.4742,OK,0.0000,395.1503,4.0000,96.0000,AG03-UNRESOLVED,ALL5_LEVELS_bet23_to_bet27,395.1503,395.1503,395.1503,0.0000,0.0000,4.000000,4.000000,4.000000,0.000000,0.000000,96.000000,96.000000,96.000000,100.000000,100.000000,5.0,1185.4509,1138.6651,8693.3065,8740.0923,PENDING_AG03,FALSE,NOT_FOR_ENFORCEMENT,9483.6071,484680.3568,9878.7574,9483.6071,395.1503,0.01770420,0.01699603,395.1503,9483.6071,0.01699603,395.1503,395.1503,395.1503,0.0000,0.0000,9483.6071,0.01699603,1185.4509,1138.6651,8693.3065,8740.0923,0.01557970,0.01566354,0.00070817,22.4534,20.6030,0.4031,82.3230,2.6463,4649.9123,204.2083,25.9152,21.1137,12.8578,14.5296,26.176,48.8436,54.2173,102.8621,13.088,0.0,3.731508,7.079487,1.545355,30,207,63,6,0.32204186,0.01770420,-0.00338982,0E-8,0.000000,0.904812,0.002133,0.03111404,2026-03-21,2026-08-06,120,3733,1703,139,0.863309,1.227414,1.154177,1.073473,,,,,,,,GLOBAL_BASELINE_NO_ENTITY_RANKING,,,NOT_APPLICABLE_GLOBAL_BASELINE,HF9g-P5,,,,X 全窗基线 · 不参与实体赏罚,15054083,1506,A168_HF9F_20260827_0900,2026-08-27 09:00:00
2026-07-27,127529701,1942,0,157.4884465442,89.7167789740,89.7167789740,0.6666667,7,7,0.49899058571428571,0.498990585714,0.8214433547731099,0.8214433547745106,0.8214433547731099,2.8571E-13,ELIGIBLE,R03b_20260811_FULL_v1,L1_ELIGIBILITY,v2026-08-11,2026-03-21..2026-08-06,baccarat_bet02_101_all_pairs_incl_sentinel,round_win = game_pnl > 0 (decisive only),COMPATIBILITY_ONLY_NOT_PRODUCTION,557989.4742,504875.3716,9878.7574,24851,24505,-0.01770420,0.00338982,-0.02772422,-0.01770420,-9878.7574,557989.4742,OK,0.0000,395.1503,4.0000,96.0000,AG03-UNRESOLVED,ALL5_LEVELS_bet23_to_bet27,395.1503,395.1503,395.1503,0.0000,0.0000,4.000000,4.000000,4.000000,0.000000,0.000000,96.000000,96.000000,96.000000,100.000000,100.000000,5.0,1185.4509,1138.6651,8693.3065,8740.0923,PENDING_AG03,FALSE,NOT_FOR_ENFORCEMENT,9483.6071,484680.3568,9878.7574,9483.6071,395.1503,0.01770420,0.01699603,395.1503,9483.6071,0.01699603,395.1503,395.1503,395.1503,0.0000,0.0000,9483.6071,0.01699603,1185.4509,1138.6651,8693.3065,8740.0923,0.01557970,0.01566354,0.00070817,22.4534,20.6030,0.4031,82.3230,2.6463,4649.9123,204.2083,25.9152,21.1137,12.8578,14.5296,26.176,48.8436,54.2173,102.8621,13.088,0.0,3.731508,7.079487,1.545355,30,207,63,6,0.32204186,0.01770420,-0.00338982,0E-8,0.000000,0.904812,0.002133,0.03111404,2026-03-21,2026-08-06,120,3733,1703,139,0.863309,1.227414,1.154177,1.073473,,,,,,,,GLOBAL_BASELINE_NO_ENTITY_RANKING,,,NOT_APPLICABLE_GLOBAL_BASELINE,HF9g-P5,,,,X 全窗基线 · 不参与实体赏罚,15054084,1506,A168_HF9F_20260827_0900,2026-08-27 09:00:00
2026-07-27,127529701,2088,0,302.8425373711,-82.8750677716,-82.8750677716,0.4285714,8,8,0.49994810000000000,0.499948100000,-0.377689846057837,-0.377689846057837,-0.377689846057837,0E-17,ELIGIBLE,R03b_20260811_FULL_v1,L1_ELIGIBILITY,v2026-08-11,2026-03-21..2026-08-06,baccarat_bet02_101_all_pairs_incl_sentinel,round_win = game_pnl > 0 (decisive only),COMPATIBILITY_ONLY_NOT_PRODUCTION,557989.4742,504875.3716,9878.7574,24851,24505,-0.01770420,0.00338982,-0.02772422,-0.01770420,-9878.7574,557989.4742,OK,0.0000,395.1503,4.0000,96.0000,AG03-UNRESOLVED,ALL5_LEVELS_bet23_to_bet27,395.1503,395.1503,395.1503,0.0000,0.0000,4.000000,4.000000,4.000000,0.000000,0.000000,96.000000,96.000000,96.000000,100.000000,100.000000,5.0,1185.4509,1138.6651,8693.3065,8740.0923,PENDING_AG03,FALSE,NOT_FOR_ENFORCEMENT,9483.6071,484680.3568,9878.7574,9483.6071,395.1503,0.01770420,0.01699603,395.1503,9483.6071,0.01699603,395.1503,395.1503,395.1503,0.0000,0.0000,9483.6071,0.01699603,1185.4509,1138.6651,8693.3065,8740.0923,0.01557970,0.01566354,0.00070817,22.4534,20.6030,0.4031,82.3230,2.6463,4649.9123,204.2083,25.9152,21.1137,12.8578,14.5296,26.176,48.8436,54.2173,102.8621,13.088,0.0,3.731508,7.079487,1.545355,30,207,63,6,0.32204186,0.01770420,-0.00338982,0E-8,0.000000,0.904812,0.002133,0.03111404,2026-03-21,2026-08-06,120,3733,1703,139,0.863309,1.227414,1.154177,1.073473,,,,,,,,GLOBAL_BASELINE_NO_ENTITY_RANKING,,,NOT_APPLICABLE_GLOBAL_BASELINE,HF9g-P5,,,,X 全窗基线 · 不参与实体赏罚,15054085,1506,A168_HF9F_20260827_0900,2026-08-27 09:00:00
2026-07-27,127529701,2093,0,576.5109854644,44.0451294765,44.0451294765,0.5517241,32,32,0.50120483750000000,0.501204837500,0.5441110972265025,0.5441110972265025,0.5441110972265025,0E-17,ELIGIBLE,R03b_20260811_FULL_v1,L1_ELIGIBILITY,v2026-08-11,2026-03-21..2026-08-06,baccarat_bet02_101_all_pairs_incl_sentinel,round_win = game_pnl > 0 (decisive only),COMPATIBILITY_ONLY_NOT_PRODUCTION,557989.4742,504875.3716,9878.7574,24851,24505,-0.01770420,0.00338982,-0.02772422,-0.01770420,-9878.7574,557989.4742,OK,0.0000,395.1503,4.0000,96.0000,AG03-UNRESOLVED,ALL5_LEVELS_bet23_to_bet27,395.1503,395.1503,395.1503,0.0000,0.0000,4.000000,4.000000,4.000000,0.000000,0.000000,96.000000,96.000000,96.000000,100.000000,100.000000,5.0,1185.4509,1138.6651,8693.3065,8740.0923,PENDING_AG03,FALSE,NOT_FOR_ENFORCEMENT,9483.6071,484680.3568,9878.7574,9483.6071,395.1503,0.01770420,0.01699603,395.1503,9483.6071,0.01699603,395.1503,395.1503,395.1503,0.0000,0.0000,9483.6071,0.01699603,1185.4509,1138.6651,8693.3065,8740.0923,0.01557970,0.01566354,0.00070817,22.4534,20.6030,0.4031,82.3230,2.6463,4649.9123,204.2083,25.9152,21.1137,12.8578,14.5296,26.176,48.8436,54.2173,102.8621,13.088,0.0,3.731508,7.079487,1.545355,30,207,63,6,0.32204186,0.01770420,-0.00338982,0E-8,0.000000,0.904812,0.002133,0.03111404,2026-03-21,2026-08-06,120,3733,1703,139,0.863309,1.227414,1.154177,1.073473,,,,,,,,GLOBAL_BASELINE_NO_ENTITY_RANKING,,,NOT_APPLICABLE_GLOBAL_BASELINE,HF9g-P5,,,,X 全窗基线 · 不参与实体赏罚,15054086,1506,A168_HF9F_20260827_0900,2026-08-27 09:00:00
2026-07-27,127529701,2103,0,112.5655126120,58.2707252214,58.2707252214,0.7500000,5,5,0.49860758000000000,0.498607580000,1.005573579286957,1.005573579286957,1.005573579286957,0E-17,ELIGIBLE,R03b_20260811_FULL_v1,L1_ELIGIBILITY,v2026-08-11,2026-03-21..2026-08-06,baccarat_bet02_101_all_pairs_incl_sentinel,round_win = game_pnl > 0 (decisive only),COMPATIBILITY_ONLY_NOT_PRODUCTION,557989.4742,504875.3716,9878.7574,24851,24505,-0.01770420,0.00338982,-0.02772422,-0.01770420,-9878.7574,557989.4742,OK,0.0000,395.1503,4.0000,96.0000,AG03-UNRESOLVED,ALL5_LEVELS_bet23_to_bet27,395.1503,395.1503,395.1503,0.0000,0.0000,4.000000,4.000000,4.000000,0.000000,0.000000,96.000000,96.000000,96.000000,100.000000,100.000000,5.0,1185.4509,1138.6651,8693.3065,8740.0923,PENDING_AG03,FALSE,NOT_FOR_ENFORCEMENT,9483.6071,484680.3568,9878.7574,9483.6071,395.1503,0.01770420,0.01699603,395.1503,9483.6071,0.01699603,395.1503,395.1503,395.1503,0.0000,0.0000,9483.6071,0.01699603,1185.4509,1138.6651,8693.3065,8740.0923,0.01557970,0.01566354,0.00070817,22.4534,20.6030,0.4031,82.3230,2.6463,4649.9123,204.2083,25.9152,21.1137,12.8578,14.5296,26.176,48.8436,54.2173,102.8621,13.088,0.0,3.731508,7.079487,1.545355,30,207,63,6,0.32204186,0.01770420,-0.00338982,0E-8,0.000000,0.904812,0.002133,0.03111404,2026-03-21,2026-08-06,120,3733,1703,139,0.863309,1.227414,1.154177,1.073473,,,,,,,,GLOBAL_BASELINE_NO_ENTITY_RANKING,,,NOT_APPLICABLE_GLOBAL_BASELINE,HF9g-P5,,,,X 全窗基线 · 不参与实体赏罚,15054087,1506,A168_HF9F_20260827_0900,2026-08-27 09:00:00
2026-07-27,127529701,2106,0,38.7266671830,38.0812227300,38.0812227300,1.0000000,2,2,0.49994810000000000,0.499948100000,1.4143603653603398,1.4143603653603398,1.4143603653603398,0E-17,ELIGIBLE,R03b_20260811_FULL_v1,L1_ELIGIBILITY,v2026-08-11,2026-03-21..2026-08-06,baccarat_bet02_101_all_pairs_incl_sentinel,round_win = game_pnl > 0 (decisive only),COMPATIBILITY_ONLY_NOT_PRODUCTION,557989.4742,504875.3716,9878.7574,24851,24505,-0.01770420,0.00338982,-0.02772422,-0.01770420,-9878.7574,557989.4742,OK,0.0000,395.1503,4.0000,96.0000,AG03-UNRESOLVED,ALL5_LEVELS_bet23_to_bet27,395.1503,395.1503,395.1503,0.0000,0.0000,4.000000,4.000000,4.000000,0.000000,0.000000,96.000000,96.000000,96.000000,100.000000,100.000000,5.0,1185.4509,1138.6651,8693.3065,8740.0923,PENDING_AG03,FALSE,NOT_FOR_ENFORCEMENT,9483.6071,484680.3568,9878.7574,9483.6071,395.1503,0.01770420,0.01699603,395.1503,9483.6071,0.01699603,395.1503,395.1503,395.1503,0.0000,0.0000,9483.6071,0.01699603,1185.4509,1138.6651,8693.3065,8740.0923,0.01557970,0.01566354,0.00070817,22.4534,20.6030,0.4031,82.3230,2.6463,4649.9123,204.2083,25.9152,21.1137,12.8578,14.5296,26.176,48.8436,54.2173,102.8621,13.088,0.0,3.731508,7.079487,1.545355,30,207,63,6,0.32204186,0.01770420,-0.00338982,0E-8,0.000000,0.904812,0.002133,0.03111404,2026-03-21,2026-08-06,120,3733,1703,139,0.863309,1.227414,1.154177,1.073473,,,,,,,,GLOBAL_BASELINE_NO_ENTITY_RANKING,,,NOT_APPLICABLE_GLOBAL_BASELINE,HF9g-P5,,,,X 全窗基线 · 不参与实体赏罚,15054088,1506,A168_HF9F_20260827_0900,2026-08-27 09:00:00
2026-07-27,127529701,2108,0,152.3248909198,79.3896677252,79.3896677252,0.7500000,6,6,0.49771390000000000,0.497713900000,1.0091549482537034,1.0091549482537037,1.0091549482537034,0E-17,ELIGIBLE,R03b_20260811_FULL_v1,L1_ELIGIBILITY,v2026-08-11,2026-03-21..2026-08-06,baccarat_bet02_101_all_pairs_incl_sentinel,round_win = game_pnl > 0 (decisive only),COMPATIBILITY_ONLY_NOT_PRODUCTION,557989.4742,504875.3716,9878.7574,24851,24505,-0.01770420,0.00338982,-0.02772422,-0.01770420,-9878.7574,557989.4742,OK,0.0000,395.1503,4.0000,96.0000,AG03-UNRESOLVED,ALL5_LEVELS_bet23_to_bet27,395.1503,395.1503,395.1503,0.0000,0.0000,4.000000,4.000000,4.000000,0.000000,0.000000,96.000000,96.000000,96.000000,100.000000,100.000000,5.0,1185.4509,1138.6651,8693.3065,8740.0923,PENDING_AG03,FALSE,NOT_FOR_ENFORCEMENT,9483.6071,484680.3568,9878.7574,9483.6071,395.1503,0.01770420,0.01699603,395.1503,9483.6071,0.01699603,395.1503,395.1503,395.1503,0.0000,0.0000,9483.6071,0.01699603,1185.4509,1138.6651,8693.3065,8740.0923,0.01557970,0.01566354,0.00070817,22.4534,20.6030,0.4031,82.3230,2.6463,4649.9123,204.2083,25.9152,21.1137,12.8578,14.5296,26.176,48.8436,54.2173,102.8621,13.088,0.0,3.731508,7.079487,1.545355,30,207,63,6,0.32204186,0.01770420,-0.00338982,0E-8,0.000000,0.904812,0.002133,0.03111404,2026-03-21,2026-08-06,120,3733,1703,139,0.863309,1.227414,1.154177,1.073473,,,,,,,,GLOBAL_BASELINE_NO_ENTITY_RANKING,,,NOT_APPLICABLE_GLOBAL_BASELINE,HF9g-P5,,,,X 全窗基线 · 不参与实体赏罚,15054089,1506,A168_HF9F_20260827_0900,2026-08-27 09:00:00
2026-07-27,127529701,2115,0,180.7244468540,-1.9363333591,-1.9363333591,0.5000000,4,4,0.50329940000000000,0.503299400000,-0.01319788734859681,-0.01319788734859681,-0.01319788734859681,0E-17,ELIGIBLE,R03b_20260811_FULL_v1,L1_ELIGIBILITY,v2026-08-11,2026-03-21..2026-08-06,baccarat_bet02_101_all_pairs_incl_sentinel,round_win = game_pnl > 0 (decisive only),COMPATIBILITY_ONLY_NOT_PRODUCTION,557989.4742,504875.3716,9878.7574,24851,24505,-0.01770420,0.00338982,-0.02772422,-0.01770420,-9878.7574,557989.4742,OK,0.0000,395.1503,4.0000,96.0000,AG03-UNRESOLVED,ALL5_LEVELS_bet23_to_bet27,395.1503,395.1503,395.1503,0.0000,0.0000,4.000000,4.000000,4.000000,0.000000,0.000000,96.000000,96.000000,96.000000,100.000000,100.000000,5.0,1185.4509,1138.6651,8693.3065,8740.0923,PENDING_AG03,FALSE,NOT_FOR_ENFORCEMENT,9483.6071,484680.3568,9878.7574,9483.6071,395.1503,0.01770420,0.01699603,395.1503,9483.6071,0.01699603,395.1503,395.1503,395.1503,0.0000,0.0000,9483.6071,0.01699603,1185.4509,1138.6651,8693.3065,8740.0923,0.01557970,0.01566354,0.00070817,22.4534,20.6030,0.4031,82.3230,2.6463,4649.9123,204.2083,25.9152,21.1137,12.8578,14.5296,26.176,48.8436,54.2173,102.8621,13.088,0.0,3.731508,7.079487,1.545355,30,207,63,6,0.32204186,0.01770420,-0.00338982,0E-8,0.000000,0.904812,0.002133,0.03111404,2026-03-21,2026-08-06,120,3733,1703,139,0.863309,1.227414,1.154177,1.073473,,,,,,,,GLOBAL_BASELINE_NO_ENTITY_RANKING,,,NOT_APPLICABLE_GLOBAL_BASELINE,HF9g-P5,,,,X 全窗基线 · 不参与实体赏罚,15054090,1506,A168_HF9F_20260827_0900,2026-08-27 09:00:00
2026-07-27,127529701,2123,0,134.2524462344,14.8452224202,14.8452224202,0.3333333,6,6,0.49994810000000000,0.499948100000,-0.8162423282897021,-0.8162423282897021,-0.8162423282897021,0E-17,ELIGIBLE,R03b_20260811_FULL_v1,L1_ELIGIBILITY,v2026-08-11,2026-03-21..2026-08-06,baccarat_bet02_101_all_pairs_incl_sentinel,round_win = game_pnl > 0 (decisive only),COMPATIBILITY_ONLY_NOT_PRODUCTION,557989.4742,504875.3716,9878.7574,24851,24505,-0.01770420,0.00338982,-0.02772422,-0.01770420,-9878.7574,557989.4742,OK,0.0000,395.1503,4.0000,96.0000,AG03-UNRESOLVED,ALL5_LEVELS_bet23_to_bet27,395.1503,395.1503,395.1503,0.0000,0.0000,4.000000,4.000000,4.000000,0.000000,0.000000,96.000000,96.000000,96.000000,100.000000,100.000000,5.0,1185.4509,1138.6651,8693.3065,8740.0923,PENDING_AG03,FALSE,NOT_FOR_ENFORCEMENT,9483.6071,484680.3568,9878.7574,9483.6071,395.1503,0.01770420,0.01699603,395.1503,9483.6071,0.01699603,395.1503,395.1503,395.1503,0.0000,0.0000,9483.6071,0.01699603,1185.4509,1138.6651,8693.3065,8740.0923,0.01557970,0.01566354,0.00070817,22.4534,20.6030,0.4031,82.3230,2.6463,4649.9123,204.2083,25.9152,21.1137,12.8578,14.5296,26.176,48.8436,54.2173,102.8621,13.088,0.0,3.731508,7.079487,1.545355,30,207,63,6,0.32204186,0.01770420,-0.00338982,0E-8,0.000000,0.904812,0.002133,0.03111404,2026-03-21,2026-08-06,120,3733,1703,139,0.863309,1.227414,1.154177,1.073473,,,,,,,,GLOBAL_BASELINE_NO_ENTITY_RANKING,,,NOT_APPLICABLE_GLOBAL_BASELINE,HF9g-P5,,,,X 全窗基线 · 不参与实体赏罚,15054091,1506,A168_HF9F_20260827_0900,2026-08-27 09:00:00
2026-07-27,127529701,2127,0,51.6355562440,-25.8177781220,-25.8177781220,0E-7,2,2,0.49994810000000000,0.499948100000,-0.9998962053866608,-0.9998962053866608,-0.9998962053866608,0E-17,ELIGIBLE,R03b_20260811_FULL_v1,L1_ELIGIBILITY,v2026-08-11,2026-03-21..2026-08-06,baccarat_bet02_101_all_pairs_incl_sentinel,round_win = game_pnl > 0 (decisive only),COMPATIBILITY_ONLY_NOT_PRODUCTION,557989.4742,504875.3716,9878.7574,24851,24505,-0.01770420,0.00338982,-0.02772422,-0.01770420,-9878.7574,557989.4742,OK,0.0000,395.1503,4.0000,96.0000,AG03-UNRESOLVED,ALL5_LEVELS_bet23_to_bet27,395.1503,395.1503,395.1503,0.0000,0.0000,4.000000,4.000000,4.000000,0.000000,0.000000,96.000000,96.000000,96.000000,100.000000,100.000000,5.0,1185.4509,1138.6651,8693.3065,8740.0923,PENDING_AG03,FALSE,NOT_FOR_ENFORCEMENT,9483.6071,484680.3568,9878.7574,9483.6071,395.1503,0.01770420,0.01699603,395.1503,9483.6071,0.01699603,395.1503,395.1503,395.1503,0.0000,0.0000,9483.6071,0.01699603,1185.4509,1138.6651,8693.3065,8740.0923,0.01557970,0.01566354,0.00070817,22.4534,20.6030,0.4031,82.3230,2.6463,4649.9123,204.2083,25.9152,21.1137,12.8578,14.5296,26.176,48.8436,54.2173,102.8621,13.088,0.0,3.731508,7.079487,1.545355,30,207,63,6,0.32204186,0.01770420,-0.00338982,0E-8,0.000000,0.904812,0.002133,0.03111404,2026-03-21,2026-08-06,120,3733,1703,139,0.863309,1.227414,1.154177,1.073473,,,,,,,,GLOBAL_BASELINE_NO_ENTITY_RANKING,,,NOT_APPLICABLE_GLOBAL_BASELINE,HF9g-P5,,,,X 全窗基线 · 不参与实体赏罚,15054092,1506,A168_HF9F_20260827_0900,2026-08-27 09:00:00
2026-07-27,127529701,2129,0,64.5444453050,-13.5543335140,-13.5543335140,0.5000000,4,4,0.49659680000000000,0.496596800000,0.013613115331600182,0.013613115331600183,0.013613115331600182,0E-17,ELIGIBLE,R03b_20260811_FULL_v1,L1_ELIGIBILITY,v2026-08-11,2026-03-21..2026-08-06,baccarat_bet02_101_all_pairs_incl_sentinel,round_win = game_pnl > 0 (decisive only),COMPATIBILITY_ONLY_NOT_PRODUCTION,557989.4742,504875.3716,9878.7574,24851,24505,-0.01770420,0.00338982,-0.02772422,-0.01770420,-9878.7574,557989.4742,OK,0.0000,395.1503,4.0000,96.0000,AG03-UNRESOLVED,ALL5_LEVELS_bet23_to_bet27,395.1503,395.1503,395.1503,0.0000,0.0000,4.000000,4.000000,4.000000,0.000000,0.000000,96.000000,96.000000,96.000000,100.000000,100.000000,5.0,1185.4509,1138.6651,8693.3065,8740.0923,PENDING_AG03,FALSE,NOT_FOR_ENFORCEMENT,9483.6071,484680.3568,9878.7574,9483.6071,395.1503,0.01770420,0.01699603,395.1503,9483.6071,0.01699603,395.1503,395.1503,395.1503,0.0000,0.0000,9483.6071,0.01699603,1185.4509,1138.6651,8693.3065,8740.0923,0.01557970,0.01566354,0.00070817,22.4534,20.6030,0.4031,82.3230,2.6463,4649.9123,204.2083,25.9152,21.1137,12.8578,14.5296,26.176,48.8436,54.2173,102.8621,13.088,0.0,3.731508,7.079487,1.545355,30,207,63,6,0.32204186,0.01770420,-0.00338982,0E-8,0.000000,0.904812,0.002133,0.03111404,2026-03-21,2026-08-06,120,3733,1703,139,0.863309,1.227414,1.154177,1.073473,,,,,,,,GLOBAL_BASELINE_NO_ENTITY_RANKING,,,NOT_APPLICABLE_GLOBAL_BASELINE,HF9g-P5,,,,X 全窗基线 · 不参与实体赏罚,15054093,1506,A168_HF9F_20260827_0900,2026-08-27 09:00:00
2026-07-27,127529701,2142,0,154.9066687320,-79.3896677251,-79.3896677251,0.4000000,5,5,0.50128862000000000,0.501288620000,-0.4529779837142727,-0.4529779837142727,-0.4529779837142727,0E-17,ELIGIBLE,R03b_20260811_FULL_v1,L1_ELIGIBILITY,v2026-08-11,2026-03-21..2026-08-06,baccarat_bet02_101_all_pairs_incl_sentinel,round_win = game_pnl > 0 (decisive only),COMPATIBILITY_ONLY_NOT_PRODUCTION,557989.4742,504875.3716,9878.7574,24851,24505,-0.01770420,0.00338982,-0.02772422,-0.01770420,-9878.7574,557989.4742,OK,0.0000,395.1503,4.0000,96.0000,AG03-UNRESOLVED,ALL5_LEVELS_bet23_to_bet27,395.1503,395.1503,395.1503,0.0000,0.0000,4.000000,4.000000,4.000000,0.000000,0.000000,96.000000,96.000000,96.000000,100.000000,100.000000,5.0,1185.4509,1138.6651,8693.3065,8740.0923,PENDING_AG03,FALSE,NOT_FOR_ENFORCEMENT,9483.6071,484680.3568,9878.7574,9483.6071,395.1503,0.01770420,0.01699603,395.1503,9483.6071,0.01699603,395.1503,395.1503,395.1503,0.0000,0.0000,9483.6071,0.01699603,1185.4509,1138.6651,8693.3065,8740.0923,0.01557970,0.01566354,0.00070817,22.4534,20.6030,0.4031,82.3230,2.6463,4649.9123,204.2083,25.9152,21.1137,12.8578,14.5296,26.176,48.8436,54.2173,102.8621,13.088,0.0,3.731508,7.079487,1.545355,30,207,63,6,0.32204186,0.01770420,-0.00338982,0E-8,0.000000,0.904812,0.002133,0.03111404,2026-03-21,2026-08-06,120,3733,1703,139,0.863309,1.227414,1.154177,1.073473,,,,,,,,GLOBAL_BASELINE_NO_ENTITY_RANKING,,,NOT_APPLICABLE_GLOBAL_BASELINE,HF9g-P5,,,,X 全窗基线 · 不参与实体赏罚,15054094,1506,A168_HF9F_20260827_0900,2026-08-27 09:00:00
2026-07-27,127529701,2147,0,335.6311155860,130.2506906257,130.2506906257,0.6666667,15,15,0.49950126000000000,0.499501260000,1.2948583163343674,1.2948583163343674,1.2948583163343674,0E-17,ELIGIBLE,R03b_20260811_FULL_v1,L1_ELIGIBILITY,v2026-08-11,2026-03-21..2026-08-06,baccarat_bet02_101_all_pairs_incl_sentinel,round_win = game_pnl > 0 (decisive only),COMPATIBILITY_ONLY_NOT_PRODUCTION,557989.4742,504875.3716,9878.7574,24851,24505,-0.01770420,0.00338982,-0.02772422,-0.01770420,-9878.7574,557989.4742,OK,0.0000,395.1503,4.0000,96.0000,AG03-UNRESOLVED,ALL5_LEVELS_bet23_to_bet27,395.1503,395.1503,395.1503,0.0000,0.0000,4.000000,4.000000,4.000000,0.000000,0.000000,96.000000,96.000000,96.000000,100.000000,100.000000,5.0,1185.4509,1138.6651,8693.3065,8740.0923,PENDING_AG03,FALSE,NOT_FOR_ENFORCEMENT,9483.6071,484680.3568,9878.7574,9483.6071,395.1503,0.01770420,0.01699603,395.1503,9483.6071,0.01699603,395.1503,395.1503,395.1503,0.0000,0.0000,9483.6071,0.01699603,1185.4509,1138.6651,8693.3065,8740.0923,0.01557970,0.01566354,0.00070817,22.4534,20.6030,0.4031,82.3230,2.6463,4649.9123,204.2083,25.9152,21.1137,12.8578,14.5296,26.176,48.8436,54.2173,102.8621,13.088,0.0,3.731508,7.079487,1.545355,30,207,63,6,0.32204186,0.01770420,-0.00338982,0E-8,0.000000,0.904812,0.002133,0.03111404,2026-03-21,2026-08-06,120,3733,1703,139,0.863309,1.227414,1.154177,1.073473,,,,,,,,GLOBAL_BASELINE_NO_ENTITY_RANKING,,,NOT_APPLICABLE_GLOBAL_BASELINE,HF9g-P5,,,,X 全窗基线 · 不参与实体赏罚,15054095,1506,A168_HF9F_20260827_0900,2026-08-27 09:00:00
2026-07-27,127529701,2169,0,38.7266671830,-25.8177781220,-25.8177781220,0E-7,2,2,0.49994810000000000,0.499948100000,-0.9998962053866608,-0.9998962053866608,-0.9998962053866608,0E-17,ELIGIBLE,R03b_20260811_FULL_v1,L1_ELIGIBILITY,v2026-08-11,2026-03-21..2026-08-06,baccarat_bet02_101_all_pairs_incl_sentinel,round_win = game_pnl > 0 (decisive only),COMPATIBILITY_ONLY_NOT_PRODUCTION,557989.4742,504875.3716,9878.7574,24851,24505,-0.01770420,0.00338982,-0.02772422,-0.01770420,-9878.7574,557989.4742,OK,0.0000,395.1503,4.0000,96.0000,AG03-UNRESOLVED,ALL5_LEVELS_bet23_to_bet27,395.1503,395.1503,395.1503,0.0000,0.0000,4.000000,4.000000,4.000000,0.000000,0.000000,96.000000,96.000000,96.000000,100.000000,100.000000,5.0,1185.4509,1138.6651,8693.3065,8740.0923,PENDING_AG03,FALSE,NOT_FOR_ENFORCEMENT,9483.6071,484680.3568,9878.7574,9483.6071,395.1503,0.01770420,0.01699603,395.1503,9483.6071,0.01699603,395.1503,395.1503,395.1503,0.0000,0.0000,9483.6071,0.01699603,1185.4509,1138.6651,8693.3065,8740.0923,0.01557970,0.01566354,0.00070817,22.4534,20.6030,0.4031,82.3230,2.6463,4649.9123,204.2083,25.9152,21.1137,12.8578,14.5296,26.176,48.8436,54.2173,102.8621,13.088,0.0,3.731508,7.079487,1.545355,30,207,63,6,0.32204186,0.01770420,-0.00338982,0E-8,0.000000,0.904812,0.002133,0.03111404,2026-03-21,2026-08-06,120,3733,1703,139,0.863309,1.227414,1.154177,1.073473,,,,,,,,GLOBAL_BASELINE_NO_ENTITY_RANKING,,,NOT_APPLICABLE_GLOBAL_BASELINE,HF9g-P5,,,,X 全窗基线 · 不参与实体赏罚,15054096,1506,A168_HF9F_20260827_0900,2026-08-27 09:00:00
2026-07-27,127529701,2205,0,64.5444453050,-64.5444453050,-64.5444453050,0E-7,2,2,0.49324550000000000,0.493245500000,-1.3952362676504506,-1.3952362676504506,-1.3952362676504506,0E-17,ELIGIBLE,R03b_20260811_FULL_v1,L1_ELIGIBILITY,v2026-08-11,2026-03-21..2026-08-06,baccarat_bet02_101_all_pairs_incl_sentinel,round_win = game_pnl > 0 (decisive only),COMPATIBILITY_ONLY_NOT_PRODUCTION,557989.4742,504875.3716,9878.7574,24851,24505,-0.01770420,0.00338982,-0.02772422,-0.01770420,-9878.7574,557989.4742,OK,0.0000,395.1503,4.0000,96.0000,AG03-UNRESOLVED,ALL5_LEVELS_bet23_to_bet27,395.1503,395.1503,395.1503,0.0000,0.0000,4.000000,4.000000,4.000000,0.000000,0.000000,96.000000,96.000000,96.000000,100.000000,100.000000,5.0,1185.4509,1138.6651,8693.3065,8740.0923,PENDING_AG03,FALSE,NOT_FOR_ENFORCEMENT,9483.6071,484680.3568,9878.7574,9483.6071,395.1503,0.01770420,0.01699603,395.1503,9483.6071,0.01699603,395.1503,395.1503,395.1503,0.0000,0.0000,9483.6071,0.01699603,1185.4509,1138.6651,8693.3065,8740.0923,0.01557970,0.01566354,0.00070817,22.4534,20.6030,0.4031,82.3230,2.6463,4649.9123,204.2083,25.9152,21.1137,12.8578,14.5296,26.176,48.8436,54.2173,102.8621,13.088,0.0,3.731508,7.079487,1.545355,30,207,63,6,0.32204186,0.01770420,-0.00338982,0E-8,0.000000,0.904812,0.002133,0.03111404,2026-03-21,2026-08-06,120,3733,1703,139,0.863309,1.227414,1.154177,1.073473,,,,,,,,GLOBAL_BASELINE_NO_ENTITY_RANKING,,,NOT_APPLICABLE_GLOBAL_BASELINE,HF9g-P5,,,,X 全窗基线 · 不参与实体赏罚,15054097,1506,A168_HF9F_20260827_0900,2026-08-27 09:00:00
2026-07-27,127529701,2242,0,27.6250225906,-27.6250225906,-27.6250225906,0E-7,1,1,0.50665070000000000,0.506650700000,-1.013391052207602,-1.013391052207602,-1.013391052207602,0E-17,ELIGIBLE,R03b_20260811_FULL_v1,L1_ELIGIBILITY,v2026-08-11,2026-03-21..2026-08-06,baccarat_bet02_101_all_pairs_incl_sentinel,round_win = game_pnl > 0 (decisive only),COMPATIBILITY_ONLY_NOT_PRODUCTION,557989.4742,504875.3716,9878.7574,24851,24505,-0.01770420,0.00338982,-0.02772422,-0.01770420,-9878.7574,557989.4742,OK,0.0000,395.1503,4.0000,96.0000,AG03-UNRESOLVED,ALL5_LEVELS_bet23_to_bet27,395.1503,395.1503,395.1503,0.0000,0.0000,4.000000,4.000000,4.000000,0.000000,0.000000,96.000000,96.000000,96.000000,100.000000,100.000000,5.0,1185.4509,1138.6651,8693.3065,8740.0923,PENDING_AG03,FALSE,NOT_FOR_ENFORCEMENT,9483.6071,484680.3568,9878.7574,9483.6071,395.1503,0.01770420,0.01699603,395.1503,9483.6071,0.01699603,395.1503,395.1503,395.1503,0.0000,0.0000,9483.6071,0.01699603,1185.4509,1138.6651,8693.3065,8740.0923,0.01557970,0.01566354,0.00070817,22.4534,20.6030,0.4031,82.3230,2.6463,4649.9123,204.2083,25.9152,21.1137,12.8578,14.5296,26.176,48.8436,54.2173,102.8621,13.088,0.0,3.731508,7.079487,1.545355,30,207,63,6,0.32204186,0.01770420,-0.00338982,0E-8,0.000000,0.904812,0.002133,0.03111404,2026-03-21,2026-08-06,120,3733,1703,139,0.863309,1.227414,1.154177,1.073473,,,,,,,,GLOBAL_BASELINE_NO_ENTITY_RANKING,,,NOT_APPLICABLE_GLOBAL_BASELINE,HF9g-P5,,,,X 全窗基线 · 不参与实体赏罚,15054098,1506,A168_HF9F_20260827_0900,2026-08-27 09:00:00
2026-07-27,127529701,2246,0,883.2261895537,-57.4187385431,-57.4187385431,0.5151515,36,36,0.50143756666666667,0.501437566667,0.1575619236408483,0.1575619236370189,0.1575619236408483,-3.3333E-13,ELIGIBLE,R03b_20260811_FULL_v1,L1_ELIGIBILITY,v2026-08-11,2026-03-21..2026-08-06,baccarat_bet02_101_all_pairs_incl_sentinel,round_win = game_pnl > 0 (decisive only),COMPATIBILITY_ONLY_NOT_PRODUCTION,557989.4742,504875.3716,9878.7574,24851,24505,-0.01770420,0.00338982,-0.02772422,-0.01770420,-9878.7574,557989.4742,OK,0.0000,395.1503,4.0000,96.0000,AG03-UNRESOLVED,ALL5_LEVELS_bet23_to_bet27,395.1503,395.1503,395.1503,0.0000,0.0000,4.000000,4.000000,4.000000,0.000000,0.000000,96.000000,96.000000,96.000000,100.000000,100.000000,5.0,1185.4509,1138.6651,8693.3065,8740.0923,PENDING_AG03,FALSE,NOT_FOR_ENFORCEMENT,9483.6071,484680.3568,9878.7574,9483.6071,395.1503,0.01770420,0.01699603,395.1503,9483.6071,0.01699603,395.1503,395.1503,395.1503,0.0000,0.0000,9483.6071,0.01699603,1185.4509,1138.6651,8693.3065,8740.0923,0.01557970,0.01566354,0.00070817,22.4534,20.6030,0.4031,82.3230,2.6463,4649.9123,204.2083,25.9152,21.1137,12.8578,14.5296,26.176,48.8436,54.2173,102.8621,13.088,0.0,3.731508,7.079487,1.545355,30,207,63,6,0.32204186,0.01770420,-0.00338982,0E-8,0.000000,0.904812,0.002133,0.03111404,2026-03-21,2026-08-06,120,3733,1703,139,0.863309,1.227414,1.154177,1.073473,,,,,,,,GLOBAL_BASELINE_NO_ENTITY_RANKING,,,NOT_APPLICABLE_GLOBAL_BASELINE,HF9g-P5,,,,X 全窗基线 · 不参与实体赏罚,15054099,1506,A168_HF9F_20260827_0900,2026-08-27 09:00:00
2026-07-27,127529701,2250,0,290.9663594349,-25.6886892313,-25.6886892313,0.4545455,12,12,0.50329940000000000,0.503299400000,-0.3234041295018258,-0.3234041295018258,-0.3234041295018258,0E-17,ELIGIBLE,R03b_20260811_FULL_v1,L1_ELIGIBILITY,v2026-08-11,2026-03-21..2026-08-06,baccarat_bet02_101_all_pairs_incl_sentinel,round_win = game_pnl > 0 (decisive only),COMPATIBILITY_ONLY_NOT_PRODUCTION,557989.4742,504875.3716,9878.7574,24851,24505,-0.01770420,0.00338982,-0.02772422,-0.01770420,-9878.7574,557989.4742,OK,0.0000,395.1503,4.0000,96.0000,AG03-UNRESOLVED,ALL5_LEVELS_bet23_to_bet27,395.1503,395.1503,395.1503,0.0000,0.0000,4.000000,4.000000,4.000000,0.000000,0.000000,96.000000,96.000000,96.000000,100.000000,100.000000,5.0,1185.4509,1138.6651,8693.3065,8740.0923,PENDING_AG03,FALSE,NOT_FOR_ENFORCEMENT,9483.6071,484680.3568,9878.7574,9483.6071,395.1503,0.01770420,0.01699603,395.1503,9483.6071,0.01699603,395.1503,395.1503,395.1503,0.0000,0.0000,9483.6071,0.01699603,1185.4509,1138.6651,8693.3065,8740.0923,0.01557970,0.01566354,0.00070817,22.4534,20.6030,0.4031,82.3230,2.6463,4649.9123,204.2083,25.9152,21.1137,12.8578,14.5296,26.176,48.8436,54.2173,102.8621,13.088,0.0,3.731508,7.079487,1.545355,30,207,63,6,0.32204186,0.01770420,-0.00338982,0E-8,0.000000,0.904812,0.002133,0.03111404,2026-03-21,2026-08-06,120,3733,1703,139,0.863309,1.227414,1.154177,1.073473,,,,,,,,GLOBAL_BASELINE_NO_ENTITY_RANKING,,,NOT_APPLICABLE_GLOBAL_BASELINE,HF9g-P5,,,,X 全窗基线 · 不参与实体赏罚,15054100,1506,A168_HF9F_20260827_0900,2026-08-27 09:00:00
2026-07-27,127529701,2256,0,65.3189786487,-39.5012005267,-39.5012005267,0E-7,2,2,0.49324550000000000,0.493245500000,-0.9865810262130424,-0.9865810262130424,-0.9865810262130424,0E-17,ELIGIBLE,R03b_20260811_FULL_v1,L1_ELIGIBILITY,v2026-08-11,2026-03-21..2026-08-06,baccarat_bet02_101_all_pairs_incl_sentinel,round_win = game_pnl > 0 (decisive only),COMPATIBILITY_ONLY_NOT_PRODUCTION,557989.4742,504875.3716,9878.7574,24851,24505,-0.01770420,0.00338982,-0.02772422,-0.01770420,-9878.7574,557989.4742,OK,0.0000,395.1503,4.0000,96.0000,AG03-UNRESOLVED,ALL5_LEVELS_bet23_to_bet27,395.1503,395.1503,395.1503,0.0000,0.0000,4.000000,4.000000,4.000000,0.000000,0.000000,96.000000,96.000000,96.000000,100.000000,100.000000,5.0,1185.4509,1138.6651,8693.3065,8740.0923,PENDING_AG03,FALSE,NOT_FOR_ENFORCEMENT,9483.6071,484680.3568,9878.7574,9483.6071,395.1503,0.01770420,0.01699603,395.1503,9483.6071,0.01699603,395.1503,395.1503,395.1503,0.0000,0.0000,9483.6071,0.01699603,1185.4509,1138.6651,8693.3065,8740.0923,0.01557970,0.01566354,0.00070817,22.4534,20.6030,0.4031,82.3230,2.6463,4649.9123,204.2083,25.9152,21.1137,12.8578,14.5296,26.176,48.8436,54.2173,102.8621,13.088,0.0,3.731508,7.079487,1.545355,30,207,63,6,0.32204186,0.01770420,-0.00338982,0E-8,0.000000,0.904812,0.002133,0.03111404,2026-03-21,2026-08-06,120,3733,1703,139,0.863309,1.227414,1.154177,1.073473,,,,,,,,GLOBAL_BASELINE_NO_ENTITY_RANKING,,,NOT_APPLICABLE_GLOBAL_BASELINE,HF9g-P5,,,,X 全窗基线 · 不参与实体赏罚,15054101,1506,A168_HF9F_20260827_0900,2026-08-27 09:00:00
2026-07-27,127529701,2261,0,204.4768027263,-25.2368781143,-25.2368781143,0.6000000,11,11,0.50055742727272727,0.500557427273,0.6289304432594,0.6289304432576754,0.6289304432594,-2.7273E-13,ELIGIBLE,R03b_20260811_FULL_v1,L1_ELIGIBILITY,v2026-08-11,2026-03-21..2026-08-06,baccarat_bet02_101_all_pairs_incl_sentinel,round_win = game_pnl > 0 (decisive only),COMPATIBILITY_ONLY_NOT_PRODUCTION,557989.4742,504875.3716,9878.7574,24851,24505,-0.01770420,0.00338982,-0.02772422,-0.01770420,-9878.7574,557989.4742,OK,0.0000,395.1503,4.0000,96.0000,AG03-UNRESOLVED,ALL5_LEVELS_bet23_to_bet27,395.1503,395.1503,395.1503,0.0000,0.0000,4.000000,4.000000,4.000000,0.000000,0.000000,96.000000,96.000000,96.000000,100.000000,100.000000,5.0,1185.4509,1138.6651,8693.3065,8740.0923,PENDING_AG03,FALSE,NOT_FOR_ENFORCEMENT,9483.6071,484680.3568,9878.7574,9483.6071,395.1503,0.01770420,0.01699603,395.1503,9483.6071,0.01699603,395.1503,395.1503,395.1503,0.0000,0.0000,9483.6071,0.01699603,1185.4509,1138.6651,8693.3065,8740.0923,0.01557970,0.01566354,0.00070817,22.4534,20.6030,0.4031,82.3230,2.6463,4649.9123,204.2083,25.9152,21.1137,12.8578,14.5296,26.176,48.8436,54.2173,102.8621,13.088,0.0,3.731508,7.079487,1.545355,30,207,63,6,0.32204186,0.01770420,-0.00338982,0E-8,0.000000,0.904812,0.002133,0.03111404,2026-03-21,2026-08-06,120,3733,1703,139,0.863309,1.227414,1.154177,1.073473,,,,,,,,GLOBAL_BASELINE_NO_ENTITY_RANKING,,,NOT_APPLICABLE_GLOBAL_BASELINE,HF9g-P5,,,,X 全窗基线 · 不参与实体赏罚,15054102,1506,A168_HF9F_20260827_0900,2026-08-27 09:00:00
2026-07-27,127529701,2271,0,64.5444453050,-38.7266671830,-38.7266671830,0E-7,3,3,0.49771390000000000,0.497713900000,-1.4077622098436522,-1.4077622098436524,-1.4077622098436522,0E-17,ELIGIBLE,R03b_20260811_FULL_v1,L1_ELIGIBILITY,v2026-08-11,2026-03-21..2026-08-06,baccarat_bet02_101_all_pairs_incl_sentinel,round_win = game_pnl > 0 (decisive only),COMPATIBILITY_ONLY_NOT_PRODUCTION,557989.4742,504875.3716,9878.7574,24851,24505,-0.01770420,0.00338982,-0.02772422,-0.01770420,-9878.7574,557989.4742,OK,0.0000,395.1503,4.0000,96.0000,AG03-UNRESOLVED,ALL5_LEVELS_bet23_to_bet27,395.1503,395.1503,395.1503,0.0000,0.0000,4.000000,4.000000,4.000000,0.000000,0.000000,96.000000,96.000000,96.000000,100.000000,100.000000,5.0,1185.4509,1138.6651,8693.3065,8740.0923,PENDING_AG03,FALSE,NOT_FOR_ENFORCEMENT,9483.6071,484680.3568,9878.7574,9483.6071,395.1503,0.01770420,0.01699603,395.1503,9483.6071,0.01699603,395.1503,395.1503,395.1503,0.0000,0.0000,9483.6071,0.01699603,1185.4509,1138.6651,8693.3065,8740.0923,0.01557970,0.01566354,0.00070817,22.4534,20.6030,0.4031,82.3230,2.6463,4649.9123,204.2083,25.9152,21.1137,12.8578,14.5296,26.176,48.8436,54.2173,102.8621,13.088,0.0,3.731508,7.079487,1.545355,30,207,63,6,0.32204186,0.01770420,-0.00338982,0E-8,0.000000,0.904812,0.002133,0.03111404,2026-03-21,2026-08-06,120,3733,1703,139,0.863309,1.227414,1.154177,1.073473,,,,,,,,GLOBAL_BASELINE_NO_ENTITY_RANKING,,,NOT_APPLICABLE_GLOBAL_BASELINE,HF9g-P5,,,,X 全窗基线 · 不参与实体赏罚,15054103,1506,A168_HF9F_20260827_0900,2026-08-27 09:00:00
2026-07-27,127529701,462,0,116.1800015490,-2.5817778121,-2.5817778121,0.4000000,6,6,0.49771390000000000,0.497713900000,-0.4369944132040151,-0.436994413204015,-0.4369944132040151,0E-17,ELIGIBLE,R03b_20260811_FULL_v1,L1_ELIGIBILITY,v2026-08-11,2026-03-21..2026-08-06,baccarat_bet02_101_all_pairs_incl_sentinel,round_win = game_pnl > 0 (decisive only),COMPATIBILITY_ONLY_NOT_PRODUCTION,557989.4742,504875.3716,9878.7574,24851,24505,-0.01770420,0.00338982,-0.02772422,-0.01770420,-9878.7574,557989.4742,OK,0.0000,395.1503,4.0000,96.0000,AG03-UNRESOLVED,ALL5_LEVELS_bet23_to_bet27,395.1503,395.1503,395.1503,0.0000,0.0000,4.000000,4.000000,4.000000,0.000000,0.000000,96.000000,96.000000,96.000000,100.000000,100.000000,5.0,1185.4509,1138.6651,8693.3065,8740.0923,PENDING_AG03,FALSE,NOT_FOR_ENFORCEMENT,9483.6071,484680.3568,9878.7574,9483.6071,395.1503,0.01770420,0.01699603,395.1503,9483.6071,0.01699603,395.1503,395.1503,395.1503,0.0000,0.0000,9483.6071,0.01699603,1185.4509,1138.6651,8693.3065,8740.0923,0.01557970,0.01566354,0.00070817,22.4534,20.6030,0.4031,82.3230,2.6463,4649.9123,204.2083,25.9152,21.1137,12.8578,14.5296,26.176,48.8436,54.2173,102.8621,13.088,0.0,3.731508,7.079487,1.545355,30,207,63,6,0.32204186,0.01770420,-0.00338982,0E-8,0.000000,0.904812,0.002133,0.03111404,2026-03-21,2026-08-06,120,3733,1703,139,0.863309,1.227414,1.154177,1.073473,,,,,,,,GLOBAL_BASELINE_NO_ENTITY_RANKING,,,NOT_APPLICABLE_GLOBAL_BASELINE,HF9g-P5,,,,X 全窗基线 · 不参与实体赏罚,15054104,1506,A168_HF9F_20260827_0900,2026-08-27 09:00:00
2026-07-27,127529701,526,0,258.1777812200,140.9650685463,140.9650685463,0.6666667,13,13,0.50046368461538462,0.500463684615,1.1514885322771722,1.151488532279836,1.1514885322771722,3.8462E-13,ELIGIBLE,R03b_20260811_FULL_v1,L1_ELIGIBILITY,v2026-08-11,2026-03-21..2026-08-06,baccarat_bet02_101_all_pairs_incl_sentinel,round_win = game_pnl > 0 (decisive only),COMPATIBILITY_ONLY_NOT_PRODUCTION,557989.4742,504875.3716,9878.7574,24851,24505,-0.01770420,0.00338982,-0.02772422,-0.01770420,-9878.7574,557989.4742,OK,0.0000,395.1503,4.0000,96.0000,AG03-UNRESOLVED,ALL5_LEVELS_bet23_to_bet27,395.1503,395.1503,395.1503,0.0000,0.0000,4.000000,4.000000,4.000000,0.000000,0.000000,96.000000,96.000000,96.000000,100.000000,100.000000,5.0,1185.4509,1138.6651,8693.3065,8740.0923,PENDING_AG03,FALSE,NOT_FOR_ENFORCEMENT,9483.6071,484680.3568,9878.7574,9483.6071,395.1503,0.01770420,0.01699603,395.1503,9483.6071,0.01699603,395.1503,395.1503,395.1503,0.0000,0.0000,9483.6071,0.01699603,1185.4509,1138.6651,8693.3065,8740.0923,0.01557970,0.01566354,0.00070817,22.4534,20.6030,0.4031,82.3230,2.6463,4649.9123,204.2083,25.9152,21.1137,12.8578,14.5296,26.176,48.8436,54.2173,102.8621,13.088,0.0,3.731508,7.079487,1.545355,30,207,63,6,0.32204186,0.01770420,-0.00338982,0E-8,0.000000,0.904812,0.002133,0.03111404,2026-03-21,2026-08-06,120,3733,1703,139,0.863309,1.227414,1.154177,1.073473,,,,,,,,GLOBAL_BASELINE_NO_ENTITY_RANKING,,,NOT_APPLICABLE_GLOBAL_BASELINE,HF9g-P5,,,,X 全窗基线 · 不参与实体赏罚,15054105,1506,A168_HF9F_20260827_0900,2026-08-27 09:00:00
2026-07-27,127529701,529,0,549.9186739987,81.9714455375,81.9714455375,0.5333333,15,15,0.49771390000000000,0.497713900000,0.27590982816701337,0.27590982816701337,0.27590982816701337,0E-17,ELIGIBLE,R03b_20260811_FULL_v1,L1_ELIGIBILITY,v2026-08-11,2026-03-21..2026-08-06,baccarat_bet02_101_all_pairs_incl_sentinel,round_win = game_pnl > 0 (decisive only),COMPATIBILITY_ONLY_NOT_PRODUCTION,557989.4742,504875.3716,9878.7574,24851,24505,-0.01770420,0.00338982,-0.02772422,-0.01770420,-9878.7574,557989.4742,OK,0.0000,395.1503,4.0000,96.0000,AG03-UNRESOLVED,ALL5_LEVELS_bet23_to_bet27,395.1503,395.1503,395.1503,0.0000,0.0000,4.000000,4.000000,4.000000,0.000000,0.000000,96.000000,96.000000,96.000000,100.000000,100.000000,5.0,1185.4509,1138.6651,8693.3065,8740.0923,PENDING_AG03,FALSE,NOT_FOR_ENFORCEMENT,9483.6071,484680.3568,9878.7574,9483.6071,395.1503,0.01770420,0.01699603,395.1503,9483.6071,0.01699603,395.1503,395.1503,395.1503,0.0000,0.0000,9483.6071,0.01699603,1185.4509,1138.6651,8693.3065,8740.0923,0.01557970,0.01566354,0.00070817,22.4534,20.6030,0.4031,82.3230,2.6463,4649.9123,204.2083,25.9152,21.1137,12.8578,14.5296,26.176,48.8436,54.2173,102.8621,13.088,0.0,3.731508,7.079487,1.545355,30,207,63,6,0.32204186,0.01770420,-0.00338982,0E-8,0.000000,0.904812,0.002133,0.03111404,2026-03-21,2026-08-06,120,3733,1703,139,0.863309,1.227414,1.154177,1.073473,,,,,,,,GLOBAL_BASELINE_NO_ENTITY_RANKING,,,NOT_APPLICABLE_GLOBAL_BASELINE,HF9g-P5,,,,X 全窗基线 · 不参与实体赏罚,15054106,1506,A168_HF9F_20260827_0900,2026-08-27 09:00:00
2026-07-27,127529701,595,0,12.9088890610,12.9088890610,12.9088890610,1.0000000,1,1,0.49324550000000000,0.493245500000,1.01360149184955,1.01360149184955,1.01360149184955,0E-17,ELIGIBLE,R03b_20260811_FULL_v1,L1_ELIGIBILITY,v2026-08-11,2026-03-21..2026-08-06,baccarat_bet02_101_all_pairs_incl_sentinel,round_win = game_pnl > 0 (decisive only),COMPATIBILITY_ONLY_NOT_PRODUCTION,557989.4742,504875.3716,9878.7574,24851,24505,-0.01770420,0.00338982,-0.02772422,-0.01770420,-9878.7574,557989.4742,OK,0.0000,395.1503,4.0000,96.0000,AG03-UNRESOLVED,ALL5_LEVELS_bet23_to_bet27,395.1503,395.1503,395.1503,0.0000,0.0000,4.000000,4.000000,4.000000,0.000000,0.000000,96.000000,96.000000,96.000000,100.000000,100.000000,5.0,1185.4509,1138.6651,8693.3065,8740.0923,PENDING_AG03,FALSE,NOT_FOR_ENFORCEMENT,9483.6071,484680.3568,9878.7574,9483.6071,395.1503,0.01770420,0.01699603,395.1503,9483.6071,0.01699603,395.1503,395.1503,395.1503,0.0000,0.0000,9483.6071,0.01699603,1185.4509,1138.6651,8693.3065,8740.0923,0.01557970,0.01566354,0.00070817,22.4534,20.6030,0.4031,82.3230,2.6463,4649.9123,204.2083,25.9152,21.1137,12.8578,14.5296,26.176,48.8436,54.2173,102.8621,13.088,0.0,3.731508,7.079487,1.545355,30,207,63,6,0.32204186,0.01770420,-0.00338982,0E-8,0.000000,0.904812,0.002133,0.03111404,2026-03-21,2026-08-06,120,3733,1703,139,0.863309,1.227414,1.154177,1.073473,,,,,,,,GLOBAL_BASELINE_NO_ENTITY_RANKING,,,NOT_APPLICABLE_GLOBAL_BASELINE,HF9g-P5,,,,X 全窗基线 · 不参与实体赏罚,15054107,1506,A168_HF9F_20260827_0900,2026-08-27 09:00:00
2026-07-27,127529701,948,0,467.3017840082,-284.1246482326,-284.1246482326,0.2500000,16,16,0.47670858125000000,0.476708581250,-1.8156396532220054,-1.8156396532220056,-1.8156396532220054,0E-17,ELIGIBLE,R03b_20260811_FULL_v1,L1_ELIGIBILITY,v2026-08-11,2026-03-21..2026-08-06,baccarat_bet02_101_all_pairs_incl_sentinel,round_win = game_pnl > 0 (decisive only),COMPATIBILITY_ONLY_NOT_PRODUCTION,557989.4742,504875.3716,9878.7574,24851,24505,-0.01770420,0.00338982,-0.02772422,-0.01770420,-9878.7574,557989.4742,OK,0.0000,395.1503,4.0000,96.0000,AG03-UNRESOLVED,ALL5_LEVELS_bet23_to_bet27,395.1503,395.1503,395.1503,0.0000,0.0000,4.000000,4.000000,4.000000,0.000000,0.000000,96.000000,96.000000,96.000000,100.000000,100.000000,5.0,1185.4509,1138.6651,8693.3065,8740.0923,PENDING_AG03,FALSE,NOT_FOR_ENFORCEMENT,9483.6071,484680.3568,9878.7574,9483.6071,395.1503,0.01770420,0.01699603,395.1503,9483.6071,0.01699603,395.1503,395.1503,395.1503,0.0000,0.0000,9483.6071,0.01699603,1185.4509,1138.6651,8693.3065,8740.0923,0.01557970,0.01566354,0.00070817,22.4534,20.6030,0.4031,82.3230,2.6463,4649.9123,204.2083,25.9152,21.1137,12.8578,14.5296,26.176,48.8436,54.2173,102.8621,13.088,0.0,3.731508,7.079487,1.545355,30,207,63,6,0.32204186,0.01770420,-0.00338982,0E-8,0.000000,0.904812,0.002133,0.03111404,2026-03-21,2026-08-06,120,3733,1703,139,0.863309,1.227414,1.154177,1.073473,,,,,,,,GLOBAL_BASELINE_NO_ENTITY_RANKING,,,NOT_APPLICABLE_GLOBAL_BASELINE,HF9g-P5,,,,X 全窗基线 · 不参与实体赏罚,15054108,1506,A168_HF9F_20260827_0900,2026-08-27 09:00:00
2026-07-27,127529701,970,0,344.1509823663,-148.1940464202,-148.1940464202,0.3333333,13,13,0.50252602307692308,0.502526023077,-1.1722162990541325,-1.1722162990546665,-1.1722162990541325,-7.692E-14,ELIGIBLE,R03b_20260811_FULL_v1,L1_ELIGIBILITY,v2026-08-11,2026-03-21..2026-08-06,baccarat_bet02_101_all_pairs_incl_sentinel,round_win = game_pnl > 0 (decisive only),COMPATIBILITY_ONLY_NOT_PRODUCTION,557989.4742,504875.3716,9878.7574,24851,24505,-0.01770420,0.00338982,-0.02772422,-0.01770420,-9878.7574,557989.4742,OK,0.0000,395.1503,4.0000,96.0000,AG03-UNRESOLVED,ALL5_LEVELS_bet23_to_bet27,395.1503,395.1503,395.1503,0.0000,0.0000,4.000000,4.000000,4.000000,0.000000,0.000000,96.000000,96.000000,96.000000,100.000000,100.000000,5.0,1185.4509,1138.6651,8693.3065,8740.0923,PENDING_AG03,FALSE,NOT_FOR_ENFORCEMENT,9483.6071,484680.3568,9878.7574,9483.6071,395.1503,0.01770420,0.01699603,395.1503,9483.6071,0.01699603,395.1503,395.1503,395.1503,0.0000,0.0000,9483.6071,0.01699603,1185.4509,1138.6651,8693.3065,8740.0923,0.01557970,0.01566354,0.00070817,22.4534,20.6030,0.4031,82.3230,2.6463,4649.9123,204.2083,25.9152,21.1137,12.8578,14.5296,26.176,48.8436,54.2173,102.8621,13.088,0.0,3.731508,7.079487,1.545355,30,207,63,6,0.32204186,0.01770420,-0.00338982,0E-8,0.000000,0.904812,0.002133,0.03111404,2026-03-21,2026-08-06,120,3733,1703,139,0.863309,1.227414,1.154177,1.073473,,,,,,,,GLOBAL_BASELINE_NO_ENTITY_RANKING,,,NOT_APPLICABLE_GLOBAL_BASELINE,HF9g-P5,,,,X 全窗基线 · 不参与实体赏罚,15054109,1506,A168_HF9F_20260827_0900,2026-08-27 09:00:00
2026-07-27,127529701,986,0,110.7582681434,-110.7582681434,-110.7582681434,0E-7,4,4,0.49994810000000000,0.499948100000,-1.9997924107733216,-1.9997924107733216,-1.9997924107733216,0E-17,ELIGIBLE,R03b_20260811_FULL_v1,L1_ELIGIBILITY,v2026-08-11,2026-03-21..2026-08-06,baccarat_bet02_101_all_pairs_incl_sentinel,round_win = game_pnl > 0 (decisive only),COMPATIBILITY_ONLY_NOT_PRODUCTION,557989.4742,504875.3716,9878.7574,24851,24505,-0.01770420,0.00338982,-0.02772422,-0.01770420,-9878.7574,557989.4742,OK,0.0000,395.1503,4.0000,96.0000,AG03-UNRESOLVED,ALL5_LEVELS_bet23_to_bet27,395.1503,395.1503,395.1503,0.0000,0.0000,4.000000,4.000000,4.000000,0.000000,0.000000,96.000000,96.000000,96.000000,100.000000,100.000000,5.0,1185.4509,1138.6651,8693.3065,8740.0923,PENDING_AG03,FALSE,NOT_FOR_ENFORCEMENT,9483.6071,484680.3568,9878.7574,9483.6071,395.1503,0.01770420,0.01699603,395.1503,9483.6071,0.01699603,395.1503,395.1503,395.1503,0.0000,0.0000,9483.6071,0.01699603,1185.4509,1138.6651,8693.3065,8740.0923,0.01557970,0.01566354,0.00070817,22.4534,20.6030,0.4031,82.3230,2.6463,4649.9123,204.2083,25.9152,21.1137,12.8578,14.5296,26.176,48.8436,54.2173,102.8621,13.088,0.0,3.731508,7.079487,1.545355,30,207,63,6,0.32204186,0.01770420,-0.00338982,0E-8,0.000000,0.904812,0.002133,0.03111404,2026-03-21,2026-08-06,120,3733,1703,139,0.863309,1.227414,1.154177,1.073473,,,,,,,,GLOBAL_BASELINE_NO_ENTITY_RANKING,,,NOT_APPLICABLE_GLOBAL_BASELINE,HF9g-P5,,,,X 全窗基线 · 不参与实体赏罚,15054110,1506,A168_HF9F_20260827_0900,2026-08-27 09:00:00
2026-07-28,127529701,-1,1,304.6497818396,-167.8930111273,-167.8930111273,0.4285714,15,15,0.49860758000000000,0.498607580000,-0.5241045989748678,-0.5241045989748678,-0.5241045989748678,0E-17,SENTINEL_DEALER,R03b_20260811_FULL_v1,L1_ELIGIBILITY,v2026-08-11,2026-03-21..2026-08-06,baccarat_bet02_101_all_pairs_incl_sentinel,round_win = game_pnl > 0 (decisive only),COMPATIBILITY_ONLY_NOT_PRODUCTION,557989.4742,504875.3716,9878.7574,24851,24505,-0.01770420,0.00338982,-0.02772422,-0.01770420,-9878.7574,557989.4742,OK,0.0000,395.1503,4.0000,96.0000,AG03-UNRESOLVED,ALL5_LEVELS_bet23_to_bet27,395.1503,395.1503,395.1503,0.0000,0.0000,4.000000,4.000000,4.000000,0.000000,0.000000,96.000000,96.000000,96.000000,100.000000,100.000000,5.0,1185.4509,1138.6651,8693.3065,8740.0923,PENDING_AG03,FALSE,NOT_FOR_ENFORCEMENT,9483.6071,484680.3568,9878.7574,9483.6071,395.1503,0.01770420,0.01699603,395.1503,9483.6071,0.01699603,395.1503,395.1503,395.1503,0.0000,0.0000,9483.6071,0.01699603,1185.4509,1138.6651,8693.3065,8740.0923,0.01557970,0.01566354,0.00070817,22.4534,20.6030,0.4031,82.3230,2.6463,4649.9123,204.2083,25.9152,21.1137,12.8578,14.5296,26.176,48.8436,54.2173,102.8621,13.088,0.0,3.731508,7.079487,1.545355,30,207,63,6,0.32204186,0.01770420,-0.00338982,0E-8,0.000000,0.904812,0.002133,0.03111404,2026-03-21,2026-08-06,120,3733,1703,139,0.863309,1.227414,1.154177,1.073473,,,,,,,,GLOBAL_BASELINE_NO_ENTITY_RANKING,,,NOT_APPLICABLE_GLOBAL_BASELINE,HF9g-P5,,,,X 全窗基线 · 不参与实体赏罚,15054111,1506,A168_HF9F_20260827_0900,2026-08-27 09:00:00
2026-07-28,127529701,1210,0,14.4579557483,-14.4579557483,-14.4579557483,0E-7,1,1,0.50665070000000000,0.506650700000,-1.013391052207602,-1.013391052207602,-1.013391052207602,0E-17,ELIGIBLE,R03b_20260811_FULL_v1,L1_ELIGIBILITY,v2026-08-11,2026-03-21..2026-08-06,baccarat_bet02_101_all_pairs_incl_sentinel,round_win = game_pnl > 0 (decisive only),COMPATIBILITY_ONLY_NOT_PRODUCTION,557989.4742,504875.3716,9878.7574,24851,24505,-0.01770420,0.00338982,-0.02772422,-0.01770420,-9878.7574,557989.4742,OK,0.0000,395.1503,4.0000,96.0000,AG03-UNRESOLVED,ALL5_LEVELS_bet23_to_bet27,395.1503,395.1503,395.1503,0.0000,0.0000,4.000000,4.000000,4.000000,0.000000,0.000000,96.000000,96.000000,96.000000,100.000000,100.000000,5.0,1185.4509,1138.6651,8693.3065,8740.0923,PENDING_AG03,FALSE,NOT_FOR_ENFORCEMENT,9483.6071,484680.3568,9878.7574,9483.6071,395.1503,0.01770420,0.01699603,395.1503,9483.6071,0.01699603,395.1503,395.1503,395.1503,0.0000,0.0000,9483.6071,0.01699603,1185.4509,1138.6651,8693.3065,8740.0923,0.01557970,0.01566354,0.00070817,22.4534,20.6030,0.4031,82.3230,2.6463,4649.9123,204.2083,25.9152,21.1137,12.8578,14.5296,26.176,48.8436,54.2173,102.8621,13.088,0.0,3.731508,7.079487,1.545355,30,207,63,6,0.32204186,0.01770420,-0.00338982,0E-8,0.000000,0.904812,0.002133,0.03111404,2026-03-21,2026-08-06,120,3733,1703,139,0.863309,1.227414,1.154177,1.073473,,,,,,,,GLOBAL_BASELINE_NO_ENTITY_RANKING,,,NOT_APPLICABLE_GLOBAL_BASELINE,HF9g-P5,,,,X 全窗基线 · 不参与实体赏罚,15054112,1506,A168_HF9F_20260827_0900,2026-08-27 09:00:00
2026-07-28,127529701,1299,0,68.4171120233,0.1290888907,0.1290888907,0.6000000,5,5,0.50396966000000000,0.503969660000,0.4294742719815242,0.4294742719815242,0.4294742719815242,0E-17,ELIGIBLE,R03b_20260811_FULL_v1,L1_ELIGIBILITY,v2026-08-11,2026-03-21..2026-08-06,baccarat_bet02_101_all_pairs_incl_sentinel,round_win = game_pnl > 0 (decisive only),COMPATIBILITY_ONLY_NOT_PRODUCTION,557989.4742,504875.3716,9878.7574,24851,24505,-0.01770420,0.00338982,-0.02772422,-0.01770420,-9878.7574,557989.4742,OK,0.0000,395.1503,4.0000,96.0000,AG03-UNRESOLVED,ALL5_LEVELS_bet23_to_bet27,395.1503,395.1503,395.1503,0.0000,0.0000,4.000000,4.000000,4.000000,0.000000,0.000000,96.000000,96.000000,96.000000,100.000000,100.000000,5.0,1185.4509,1138.6651,8693.3065,8740.0923,PENDING_AG03,FALSE,NOT_FOR_ENFORCEMENT,9483.6071,484680.3568,9878.7574,9483.6071,395.1503,0.01770420,0.01699603,395.1503,9483.6071,0.01699603,395.1503,395.1503,395.1503,0.0000,0.0000,9483.6071,0.01699603,1185.4509,1138.6651,8693.3065,8740.0923,0.01557970,0.01566354,0.00070817,22.4534,20.6030,0.4031,82.3230,2.6463,4649.9123,204.2083,25.9152,21.1137,12.8578,14.5296,26.176,48.8436,54.2173,102.8621,13.088,0.0,3.731508,7.079487,1.545355,30,207,63,6,0.32204186,0.01770420,-0.00338982,0E-8,0.000000,0.904812,0.002133,0.03111404,2026-03-21,2026-08-06,120,3733,1703,139,0.863309,1.227414,1.154177,1.073473,,,,,,,,GLOBAL_BASELINE_NO_ENTITY_RANKING,,,NOT_APPLICABLE_GLOBAL_BASELINE,HF9g-P5,,,,X 全窗基线 · 不参与实体赏罚,15054113,1506,A168_HF9F_20260827_0900,2026-08-27 09:00:00
2026-07-28,127529701,1304,0,54.2173340562,7.7453334366,7.7453334366,0.3333333,3,3,0.49324550000000000,0.493245500000,-0.5540025479526107,-0.5540025479526106,-0.5540025479526107,0E-17,ELIGIBLE,R03b_20260811_FULL_v1,L1_ELIGIBILITY,v2026-08-11,2026-03-21..2026-08-06,baccarat_bet02_101_all_pairs_incl_sentinel,round_win = game_pnl > 0 (decisive only),COMPATIBILITY_ONLY_NOT_PRODUCTION,557989.4742,504875.3716,9878.7574,24851,24505,-0.01770420,0.00338982,-0.02772422,-0.01770420,-9878.7574,557989.4742,OK,0.0000,395.1503,4.0000,96.0000,AG03-UNRESOLVED,ALL5_LEVELS_bet23_to_bet27,395.1503,395.1503,395.1503,0.0000,0.0000,4.000000,4.000000,4.000000,0.000000,0.000000,96.000000,96.000000,96.000000,100.000000,100.000000,5.0,1185.4509,1138.6651,8693.3065,8740.0923,PENDING_AG03,FALSE,NOT_FOR_ENFORCEMENT,9483.6071,484680.3568,9878.7574,9483.6071,395.1503,0.01770420,0.01699603,395.1503,9483.6071,0.01699603,395.1503,395.1503,395.1503,0.0000,0.0000,9483.6071,0.01699603,1185.4509,1138.6651,8693.3065,8740.0923,0.01557970,0.01566354,0.00070817,22.4534,20.6030,0.4031,82.3230,2.6463,4649.9123,204.2083,25.9152,21.1137,12.8578,14.5296,26.176,48.8436,54.2173,102.8621,13.088,0.0,3.731508,7.079487,1.545355,30,207,63,6,0.32204186,0.01770420,-0.00338982,0E-8,0.000000,0.904812,0.002133,0.03111404,2026-03-21,2026-08-06,120,3733,1703,139,0.863309,1.227414,1.154177,1.073473,,,,,,,,GLOBAL_BASELINE_NO_ENTITY_RANKING,,,NOT_APPLICABLE_GLOBAL_BASELINE,HF9g-P5,,,,X 全窗基线 · 不参与实体赏罚,15054114,1506,A168_HF9F_20260827_0900,2026-08-27 09:00:00
2026-07-28,127529701,1323,0,41.3084449952,-41.3084449952,-41.3084449952,0E-7,2,2,0.49324550000000000,0.493245500000,-1.3952362676504506,-1.3952362676504506,-1.3952362676504506,0E-17,ELIGIBLE,R03b_20260811_FULL_v1,L1_ELIGIBILITY,v2026-08-11,2026-03-21..2026-08-06,baccarat_bet02_101_all_pairs_incl_sentinel,round_win = game_pnl > 0 (decisive only),COMPATIBILITY_ONLY_NOT_PRODUCTION,557989.4742,504875.3716,9878.7574,24851,24505,-0.01770420,0.00338982,-0.02772422,-0.01770420,-9878.7574,557989.4742,OK,0.0000,395.1503,4.0000,96.0000,AG03-UNRESOLVED,ALL5_LEVELS_bet23_to_bet27,395.1503,395.1503,395.1503,0.0000,0.0000,4.000000,4.000000,4.000000,0.000000,0.000000,96.000000,96.000000,96.000000,100.000000,100.000000,5.0,1185.4509,1138.6651,8693.3065,8740.0923,PENDING_AG03,FALSE,NOT_FOR_ENFORCEMENT,9483.6071,484680.3568,9878.7574,9483.6071,395.1503,0.01770420,0.01699603,395.1503,9483.6071,0.01699603,395.1503,395.1503,395.1503,0.0000,0.0000,9483.6071,0.01699603,1185.4509,1138.6651,8693.3065,8740.0923,0.01557970,0.01566354,0.00070817,22.4534,20.6030,0.4031,82.3230,2.6463,4649.9123,204.2083,25.9152,21.1137,12.8578,14.5296,26.176,48.8436,54.2173,102.8621,13.088,0.0,3.731508,7.079487,1.545355,30,207,63,6,0.32204186,0.01770420,-0.00338982,0E-8,0.000000,0.904812,0.002133,0.03111404,2026-03-21,2026-08-06,120,3733,1703,139,0.863309,1.227414,1.154177,1.073473,,,,,,,,GLOBAL_BASELINE_NO_ENTITY_RANKING,,,NOT_APPLICABLE_GLOBAL_BASELINE,HF9g-P5,,,,X 全窗基线 · 不参与实体赏罚,15054115,1506,A168_HF9F_20260827_0900,2026-08-27 09:00:00
2026-07-28,127529701,1383,0,101.9802235819,-25.8177781220,-25.8177781220,0.4000000,5,5,0.50128862000000000,0.501288620000,-0.4529779837142727,-0.4529779837142727,-0.4529779837142727,0E-17,ELIGIBLE,R03b_20260811_FULL_v1,L1_ELIGIBILITY,v2026-08-11,2026-03-21..2026-08-06,baccarat_bet02_101_all_pairs_incl_sentinel,round_win = game_pnl > 0 (decisive only),COMPATIBILITY_ONLY_NOT_PRODUCTION,557989.4742,504875.3716,9878.7574,24851,24505,-0.01770420,0.00338982,-0.02772422,-0.01770420,-9878.7574,557989.4742,OK,0.0000,395.1503,4.0000,96.0000,AG03-UNRESOLVED,ALL5_LEVELS_bet23_to_bet27,395.1503,395.1503,395.1503,0.0000,0.0000,4.000000,4.000000,4.000000,0.000000,0.000000,96.000000,96.000000,96.000000,100.000000,100.000000,5.0,1185.4509,1138.6651,8693.3065,8740.0923,PENDING_AG03,FALSE,NOT_FOR_ENFORCEMENT,9483.6071,484680.3568,9878.7574,9483.6071,395.1503,0.01770420,0.01699603,395.1503,9483.6071,0.01699603,395.1503,395.1503,395.1503,0.0000,0.0000,9483.6071,0.01699603,1185.4509,1138.6651,8693.3065,8740.0923,0.01557970,0.01566354,0.00070817,22.4534,20.6030,0.4031,82.3230,2.6463,4649.9123,204.2083,25.9152,21.1137,12.8578,14.5296,26.176,48.8436,54.2173,102.8621,13.088,0.0,3.731508,7.079487,1.545355,30,207,63,6,0.32204186,0.01770420,-0.00338982,0E-8,0.000000,0.904812,0.002133,0.03111404,2026-03-21,2026-08-06,120,3733,1703,139,0.863309,1.227414,1.154177,1.073473,,,,,,,,GLOBAL_BASELINE_NO_ENTITY_RANKING,,,NOT_APPLICABLE_GLOBAL_BASELINE,HF9g-P5,,,,X 全窗基线 · 不参与实体赏罚,15054116,1506,A168_HF9F_20260827_0900,2026-08-27 09:00:00
2026-07-28,127529701,1396,0,20.3960447164,5.2926445150,5.2926445150,0.7500000,4,4,0.49994810000000000,0.499948100000,1.0002076053883384,1.0002076053883384,1.0002076053883384,0E-17,ELIGIBLE,R03b_20260811_FULL_v1,L1_ELIGIBILITY,v2026-08-11,2026-03-21..2026-08-06,baccarat_bet02_101_all_pairs_incl_sentinel,round_win = game_pnl > 0 (decisive only),COMPATIBILITY_ONLY_NOT_PRODUCTION,557989.4742,504875.3716,9878.7574,24851,24505,-0.01770420,0.00338982,-0.02772422,-0.01770420,-9878.7574,557989.4742,OK,0.0000,395.1503,4.0000,96.0000,AG03-UNRESOLVED,ALL5_LEVELS_bet23_to_bet27,395.1503,395.1503,395.1503,0.0000,0.0000,4.000000,4.000000,4.000000,0.000000,0.000000,96.000000,96.000000,96.000000,100.000000,100.000000,5.0,1185.4509,1138.6651,8693.3065,8740.0923,PENDING_AG03,FALSE,NOT_FOR_ENFORCEMENT,9483.6071,484680.3568,9878.7574,9483.6071,395.1503,0.01770420,0.01699603,395.1503,9483.6071,0.01699603,395.1503,395.1503,395.1503,0.0000,0.0000,9483.6071,0.01699603,1185.4509,1138.6651,8693.3065,8740.0923,0.01557970,0.01566354,0.00070817,22.4534,20.6030,0.4031,82.3230,2.6463,4649.9123,204.2083,25.9152,21.1137,12.8578,14.5296,26.176,48.8436,54.2173,102.8621,13.088,0.0,3.731508,7.079487,1.545355,30,207,63,6,0.32204186,0.01770420,-0.00338982,0E-8,0.000000,0.904812,0.002133,0.03111404,2026-03-21,2026-08-06,120,3733,1703,139,0.863309,1.227414,1.154177,1.073473,,,,,,,,GLOBAL_BASELINE_NO_ENTITY_RANKING,,,NOT_APPLICABLE_GLOBAL_BASELINE,HF9g-P5,,,,X 全窗基线 · 不参与实体赏罚,15054117,1506,A168_HF9F_20260827_0900,2026-08-27 09:00:00
2026-07-28,127529701,1957,0,12.9088890610,-12.9088890610,-12.9088890610,0E-7,1,1,0.50665070000000000,0.506650700000,-1.013391052207602,-1.013391052207602,-1.013391052207602,0E-17,ELIGIBLE,R03b_20260811_FULL_v1,L1_ELIGIBILITY,v2026-08-11,2026-03-21..2026-08-06,baccarat_bet02_101_all_pairs_incl_sentinel,round_win = game_pnl > 0 (decisive only),COMPATIBILITY_ONLY_NOT_PRODUCTION,557989.4742,504875.3716,9878.7574,24851,24505,-0.01770420,0.00338982,-0.02772422,-0.01770420,-9878.7574,557989.4742,OK,0.0000,395.1503,4.0000,96.0000,AG03-UNRESOLVED,ALL5_LEVELS_bet23_to_bet27,395.1503,395.1503,395.1503,0.0000,0.0000,4.000000,4.000000,4.000000,0.000000,0.000000,96.000000,96.000000,96.000000,100.000000,100.000000,5.0,1185.4509,1138.6651,8693.3065,8740.0923,PENDING_AG03,FALSE,NOT_FOR_ENFORCEMENT,9483.6071,484680.3568,9878.7574,9483.6071,395.1503,0.01770420,0.01699603,395.1503,9483.6071,0.01699603,395.1503,395.1503,395.1503,0.0000,0.0000,9483.6071,0.01699603,1185.4509,1138.6651,8693.3065,8740.0923,0.01557970,0.01566354,0.00070817,22.4534,20.6030,0.4031,82.3230,2.6463,4649.9123,204.2083,25.9152,21.1137,12.8578,14.5296,26.176,48.8436,54.2173,102.8621,13.088,0.0,3.731508,7.079487,1.545355,30,207,63,6,0.32204186,0.01770420,-0.00338982,0E-8,0.000000,0.904812,0.002133,0.03111404,2026-03-21,2026-08-06,120,3733,1703,139,0.863309,1.227414,1.154177,1.073473,,,,,,,,GLOBAL_BASELINE_NO_ENTITY_RANKING,,,NOT_APPLICABLE_GLOBAL_BASELINE,HF9g-P5,,,,X 全窗基线 · 不参与实体赏罚,15054118,1506,A168_HF9F_20260827_0900,2026-08-27 09:00:00
2026-07-28,127529701,1994,0,138.6414685152,10.9209201456,10.9209201456,0.5000000,8,8,0.50162375000000000,0.501623750000,-0.009185365523350236,-0.009185365523350236,-0.009185365523350236,0E-17,ELIGIBLE,R03b_20260811_FULL_v1,L1_ELIGIBILITY,v2026-08-11,2026-03-21..2026-08-06,baccarat_bet02_101_all_pairs_incl_sentinel,round_win = game_pnl > 0 (decisive only),COMPATIBILITY_ONLY_NOT_PRODUCTION,557989.4742,504875.3716,9878.7574,24851,24505,-0.01770420,0.00338982,-0.02772422,-0.01770420,-9878.7574,557989.4742,OK,0.0000,395.1503,4.0000,96.0000,AG03-UNRESOLVED,ALL5_LEVELS_bet23_to_bet27,395.1503,395.1503,395.1503,0.0000,0.0000,4.000000,4.000000,4.000000,0.000000,0.000000,96.000000,96.000000,96.000000,100.000000,100.000000,5.0,1185.4509,1138.6651,8693.3065,8740.0923,PENDING_AG03,FALSE,NOT_FOR_ENFORCEMENT,9483.6071,484680.3568,9878.7574,9483.6071,395.1503,0.01770420,0.01699603,395.1503,9483.6071,0.01699603,395.1503,395.1503,395.1503,0.0000,0.0000,9483.6071,0.01699603,1185.4509,1138.6651,8693.3065,8740.0923,0.01557970,0.01566354,0.00070817,22.4534,20.6030,0.4031,82.3230,2.6463,4649.9123,204.2083,25.9152,21.1137,12.8578,14.5296,26.176,48.8436,54.2173,102.8621,13.088,0.0,3.731508,7.079487,1.545355,30,207,63,6,0.32204186,0.01770420,-0.00338982,0E-8,0.000000,0.904812,0.002133,0.03111404,2026-03-21,2026-08-06,120,3733,1703,139,0.863309,1.227414,1.154177,1.073473,,,,,,,,GLOBAL_BASELINE_NO_ENTITY_RANKING,,,NOT_APPLICABLE_GLOBAL_BASELINE,HF9g-P5,,,,X 全窗基线 · 不参与实体赏罚,15054119,1506,A168_HF9F_20260827_0900,2026-08-27 09:00:00
2026-07-28,127529701,2093,0,87.7804456148,33.5631115586,33.5631115586,0.7500000,5,5,0.49592654000000000,0.495926540000,1.0163275685615971,1.0163275685615971,1.0163275685615971,0E-17,ELIGIBLE,R03b_20260811_FULL_v1,L1_ELIGIBILITY,v2026-08-11,2026-03-21..2026-08-06,baccarat_bet02_101_all_pairs_incl_sentinel,round_win = game_pnl > 0 (decisive only),COMPATIBILITY_ONLY_NOT_PRODUCTION,557989.4742,504875.3716,9878.7574,24851,24505,-0.01770420,0.00338982,-0.02772422,-0.01770420,-9878.7574,557989.4742,OK,0.0000,395.1503,4.0000,96.0000,AG03-UNRESOLVED,ALL5_LEVELS_bet23_to_bet27,395.1503,395.1503,395.1503,0.0000,0.0000,4.000000,4.000000,4.000000,0.000000,0.000000,96.000000,96.000000,96.000000,100.000000,100.000000,5.0,1185.4509,1138.6651,8693.3065,8740.0923,PENDING_AG03,FALSE,NOT_FOR_ENFORCEMENT,9483.6071,484680.3568,9878.7574,9483.6071,395.1503,0.01770420,0.01699603,395.1503,9483.6071,0.01699603,395.1503,395.1503,395.1503,0.0000,0.0000,9483.6071,0.01699603,1185.4509,1138.6651,8693.3065,8740.0923,0.01557970,0.01566354,0.00070817,22.4534,20.6030,0.4031,82.3230,2.6463,4649.9123,204.2083,25.9152,21.1137,12.8578,14.5296,26.176,48.8436,54.2173,102.8621,13.088,0.0,3.731508,7.079487,1.545355,30,207,63,6,0.32204186,0.01770420,-0.00338982,0E-8,0.000000,0.904812,0.002133,0.03111404,2026-03-21,2026-08-06,120,3733,1703,139,0.863309,1.227414,1.154177,1.073473,,,,,,,,GLOBAL_BASELINE_NO_ENTITY_RANKING,,,NOT_APPLICABLE_GLOBAL_BASELINE,HF9g-P5,,,,X 全窗基线 · 不参与实体赏罚,15054120,1506,A168_HF9F_20260827_0900,2026-08-27 09:00:00
2026-07-28,127529701,2103,0,10.3271112488,10.0689334676,10.0689334676,1.0000000,2,2,0.49994810000000000,0.499948100000,1.4143603653603398,1.4143603653603398,1.4143603653603398,0E-17,ELIGIBLE,R03b_20260811_FULL_v1,L1_ELIGIBILITY,v2026-08-11,2026-03-21..2026-08-06,baccarat_bet02_101_all_pairs_incl_sentinel,round_win = game_pnl > 0 (decisive only),COMPATIBILITY_ONLY_NOT_PRODUCTION,557989.4742,504875.3716,9878.7574,24851,24505,-0.01770420,0.00338982,-0.02772422,-0.01770420,-9878.7574,557989.4742,OK,0.0000,395.1503,4.0000,96.0000,AG03-UNRESOLVED,ALL5_LEVELS_bet23_to_bet27,395.1503,395.1503,395.1503,0.0000,0.0000,4.000000,4.000000,4.000000,0.000000,0.000000,96.000000,96.000000,96.000000,100.000000,100.000000,5.0,1185.4509,1138.6651,8693.3065,8740.0923,PENDING_AG03,FALSE,NOT_FOR_ENFORCEMENT,9483.6071,484680.3568,9878.7574,9483.6071,395.1503,0.01770420,0.01699603,395.1503,9483.6071,0.01699603,395.1503,395.1503,395.1503,0.0000,0.0000,9483.6071,0.01699603,1185.4509,1138.6651,8693.3065,8740.0923,0.01557970,0.01566354,0.00070817,22.4534,20.6030,0.4031,82.3230,2.6463,4649.9123,204.2083,25.9152,21.1137,12.8578,14.5296,26.176,48.8436,54.2173,102.8621,13.088,0.0,3.731508,7.079487,1.545355,30,207,63,6,0.32204186,0.01770420,-0.00338982,0E-8,0.000000,0.904812,0.002133,0.03111404,2026-03-21,2026-08-06,120,3733,1703,139,0.863309,1.227414,1.154177,1.073473,,,,,,,,GLOBAL_BASELINE_NO_ENTITY_RANKING,,,NOT_APPLICABLE_GLOBAL_BASELINE,HF9g-P5,,,,X 全窗基线 · 不参与实体赏罚,15054121,1506,A168_HF9F_20260827_0900,2026-08-27 09:00:00
2026-07-28,127529701,2115,0,58.6063563369,-30.4649781839,-30.4649781839,0.1666667,7,7,0.50090561428571429,0.500905614286,-1.6374324335038204,-1.6374324335052217,-1.6374324335038204,-2.8571E-13,ELIGIBLE,R03b_20260811_FULL_v1,L1_ELIGIBILITY,v2026-08-11,2026-03-21..2026-08-06,baccarat_bet02_101_all_pairs_incl_sentinel,round_win = game_pnl > 0 (decisive only),COMPATIBILITY_ONLY_NOT_PRODUCTION,557989.4742,504875.3716,9878.7574,24851,24505,-0.01770420,0.00338982,-0.02772422,-0.01770420,-9878.7574,557989.4742,OK,0.0000,395.1503,4.0000,96.0000,AG03-UNRESOLVED,ALL5_LEVELS_bet23_to_bet27,395.1503,395.1503,395.1503,0.0000,0.0000,4.000000,4.000000,4.000000,0.000000,0.000000,96.000000,96.000000,96.000000,100.000000,100.000000,5.0,1185.4509,1138.6651,8693.3065,8740.0923,PENDING_AG03,FALSE,NOT_FOR_ENFORCEMENT,9483.6071,484680.3568,9878.7574,9483.6071,395.1503,0.01770420,0.01699603,395.1503,9483.6071,0.01699603,395.1503,395.1503,395.1503,0.0000,0.0000,9483.6071,0.01699603,1185.4509,1138.6651,8693.3065,8740.0923,0.01557970,0.01566354,0.00070817,22.4534,20.6030,0.4031,82.3230,2.6463,4649.9123,204.2083,25.9152,21.1137,12.8578,14.5296,26.176,48.8436,54.2173,102.8621,13.088,0.0,3.731508,7.079487,1.545355,30,207,63,6,0.32204186,0.01770420,-0.00338982,0E-8,0.000000,0.904812,0.002133,0.03111404,2026-03-21,2026-08-06,120,3733,1703,139,0.863309,1.227414,1.154177,1.073473,,,,,,,,GLOBAL_BASELINE_NO_ENTITY_RANKING,,,NOT_APPLICABLE_GLOBAL_BASELINE,HF9g-P5,,,,X 全窗基线 · 不参与实体赏罚,15054122,1506,A168_HF9F_20260827_0900,2026-08-27 09:00:00
2026-07-28,127529701,2130,0,117.4708904551,20.6542224976,20.6542224976,0.5714286,7,7,0.49707555714285714,0.497075557143,0.39344589990031587,0.3934458998995593,0.39344589990031587,-1.4286E-13,ELIGIBLE,R03b_20260811_FULL_v1,L1_ELIGIBILITY,v2026-08-11,2026-03-21..2026-08-06,baccarat_bet02_101_all_pairs_incl_sentinel,round_win = game_pnl > 0 (decisive only),COMPATIBILITY_ONLY_NOT_PRODUCTION,557989.4742,504875.3716,9878.7574,24851,24505,-0.01770420,0.00338982,-0.02772422,-0.01770420,-9878.7574,557989.4742,OK,0.0000,395.1503,4.0000,96.0000,AG03-UNRESOLVED,ALL5_LEVELS_bet23_to_bet27,395.1503,395.1503,395.1503,0.0000,0.0000,4.000000,4.000000,4.000000,0.000000,0.000000,96.000000,96.000000,96.000000,100.000000,100.000000,5.0,1185.4509,1138.6651,8693.3065,8740.0923,PENDING_AG03,FALSE,NOT_FOR_ENFORCEMENT,9483.6071,484680.3568,9878.7574,9483.6071,395.1503,0.01770420,0.01699603,395.1503,9483.6071,0.01699603,395.1503,395.1503,395.1503,0.0000,0.0000,9483.6071,0.01699603,1185.4509,1138.6651,8693.3065,8740.0923,0.01557970,0.01566354,0.00070817,22.4534,20.6030,0.4031,82.3230,2.6463,4649.9123,204.2083,25.9152,21.1137,12.8578,14.5296,26.176,48.8436,54.2173,102.8621,13.088,0.0,3.731508,7.079487,1.545355,30,207,63,6,0.32204186,0.01770420,-0.00338982,0E-8,0.000000,0.904812,0.002133,0.03111404,2026-03-21,2026-08-06,120,3733,1703,139,0.863309,1.227414,1.154177,1.073473,,,,,,,,GLOBAL_BASELINE_NO_ENTITY_RANKING,,,NOT_APPLICABLE_GLOBAL_BASELINE,HF9g-P5,,,,X 全窗基线 · 不参与实体赏罚,15054123,1506,A168_HF9F_20260827_0900,2026-08-27 09:00:00
2026-07-28,127529701,2170,0,25.3014225596,4.6472000620,4.6472000620,0.5000000,2,2,0.49324550000000000,0.493245500000,0.01910635448239258,0.01910635448239258,0.01910635448239258,0E-17,ELIGIBLE,R03b_20260811_FULL_v1,L1_ELIGIBILITY,v2026-08-11,2026-03-21..2026-08-06,baccarat_bet02_101_all_pairs_incl_sentinel,round_win = game_pnl > 0 (decisive only),COMPATIBILITY_ONLY_NOT_PRODUCTION,557989.4742,504875.3716,9878.7574,24851,24505,-0.01770420,0.00338982,-0.02772422,-0.01770420,-9878.7574,557989.4742,OK,0.0000,395.1503,4.0000,96.0000,AG03-UNRESOLVED,ALL5_LEVELS_bet23_to_bet27,395.1503,395.1503,395.1503,0.0000,0.0000,4.000000,4.000000,4.000000,0.000000,0.000000,96.000000,96.000000,96.000000,100.000000,100.000000,5.0,1185.4509,1138.6651,8693.3065,8740.0923,PENDING_AG03,FALSE,NOT_FOR_ENFORCEMENT,9483.6071,484680.3568,9878.7574,9483.6071,395.1503,0.01770420,0.01699603,395.1503,9483.6071,0.01699603,395.1503,395.1503,395.1503,0.0000,0.0000,9483.6071,0.01699603,1185.4509,1138.6651,8693.3065,8740.0923,0.01557970,0.01566354,0.00070817,22.4534,20.6030,0.4031,82.3230,2.6463,4649.9123,204.2083,25.9152,21.1137,12.8578,14.5296,26.176,48.8436,54.2173,102.8621,13.088,0.0,3.731508,7.079487,1.545355,30,207,63,6,0.32204186,0.01770420,-0.00338982,0E-8,0.000000,0.904812,0.002133,0.03111404,2026-03-21,2026-08-06,120,3733,1703,139,0.863309,1.227414,1.154177,1.073473,,,,,,,,GLOBAL_BASELINE_NO_ENTITY_RANKING,,,NOT_APPLICABLE_GLOBAL_BASELINE,HF9g-P5,,,,X 全窗基线 · 不参与实体赏罚,15054124,1506,A168_HF9F_20260827_0900,2026-08-27 09:00:00
2026-07-28,127529701,2171,0,34.8540004647,33.8858337851,33.8858337851,1.0000000,2,2,0.49994810000000000,0.499948100000,1.4143603653603398,1.4143603653603398,1.4143603653603398,0E-17,ELIGIBLE,R03b_20260811_FULL_v1,L1_ELIGIBILITY,v2026-08-11,2026-03-21..2026-08-06,baccarat_bet02_101_all_pairs_incl_sentinel,round_win = game_pnl > 0 (decisive only),COMPATIBILITY_ONLY_NOT_PRODUCTION,557989.4742,504875.3716,9878.7574,24851,24505,-0.01770420,0.00338982,-0.02772422,-0.01770420,-9878.7574,557989.4742,OK,0.0000,395.1503,4.0000,96.0000,AG03-UNRESOLVED,ALL5_LEVELS_bet23_to_bet27,395.1503,395.1503,395.1503,0.0000,0.0000,4.000000,4.000000,4.000000,0.000000,0.000000,96.000000,96.000000,96.000000,100.000000,100.000000,5.0,1185.4509,1138.6651,8693.3065,8740.0923,PENDING_AG03,FALSE,NOT_FOR_ENFORCEMENT,9483.6071,484680.3568,9878.7574,9483.6071,395.1503,0.01770420,0.01699603,395.1503,9483.6071,0.01699603,395.1503,395.1503,395.1503,0.0000,0.0000,9483.6071,0.01699603,1185.4509,1138.6651,8693.3065,8740.0923,0.01557970,0.01566354,0.00070817,22.4534,20.6030,0.4031,82.3230,2.6463,4649.9123,204.2083,25.9152,21.1137,12.8578,14.5296,26.176,48.8436,54.2173,102.8621,13.088,0.0,3.731508,7.079487,1.545355,30,207,63,6,0.32204186,0.01770420,-0.00338982,0E-8,0.000000,0.904812,0.002133,0.03111404,2026-03-21,2026-08-06,120,3733,1703,139,0.863309,1.227414,1.154177,1.073473,,,,,,,,GLOBAL_BASELINE_NO_ENTITY_RANKING,,,NOT_APPLICABLE_GLOBAL_BASELINE,HF9g-P5,,,,X 全窗基线 · 不参与实体赏罚,15054125,1506,A168_HF9F_20260827_0900,2026-08-27 09:00:00
2026-07-28,127529701,2224,0,60.4136008055,22.5905558569,22.5905558569,0.6000000,5,5,0.49860758000000000,0.498607580000,0.4534424453485946,0.4534424453485946,0.4534424453485946,0E-17,ELIGIBLE,R03b_20260811_FULL_v1,L1_ELIGIBILITY,v2026-08-11,2026-03-21..2026-08-06,baccarat_bet02_101_all_pairs_incl_sentinel,round_win = game_pnl > 0 (decisive only),COMPATIBILITY_ONLY_NOT_PRODUCTION,557989.4742,504875.3716,9878.7574,24851,24505,-0.01770420,0.00338982,-0.02772422,-0.01770420,-9878.7574,557989.4742,OK,0.0000,395.1503,4.0000,96.0000,AG03-UNRESOLVED,ALL5_LEVELS_bet23_to_bet27,395.1503,395.1503,395.1503,0.0000,0.0000,4.000000,4.000000,4.000000,0.000000,0.000000,96.000000,96.000000,96.000000,100.000000,100.000000,5.0,1185.4509,1138.6651,8693.3065,8740.0923,PENDING_AG03,FALSE,NOT_FOR_ENFORCEMENT,9483.6071,484680.3568,9878.7574,9483.6071,395.1503,0.01770420,0.01699603,395.1503,9483.6071,0.01699603,395.1503,395.1503,395.1503,0.0000,0.0000,9483.6071,0.01699603,1185.4509,1138.6651,8693.3065,8740.0923,0.01557970,0.01566354,0.00070817,22.4534,20.6030,0.4031,82.3230,2.6463,4649.9123,204.2083,25.9152,21.1137,12.8578,14.5296,26.176,48.8436,54.2173,102.8621,13.088,0.0,3.731508,7.079487,1.545355,30,207,63,6,0.32204186,0.01770420,-0.00338982,0E-8,0.000000,0.904812,0.002133,0.03111404,2026-03-21,2026-08-06,120,3733,1703,139,0.863309,1.227414,1.154177,1.073473,,,,,,,,GLOBAL_BASELINE_NO_ENTITY_RANKING,,,NOT_APPLICABLE_GLOBAL_BASELINE,HF9g-P5,,,,X 全窗基线 · 不参与实体赏罚,15054126,1506,A168_HF9F_20260827_0900,2026-08-27 09:00:00
2026-07-28,127529701,2251,0,305.6824929645,30.7618826325,30.7618826325,0.5333333,16,16,0.49827245000000000,0.498272450000,0.2715820555462065,0.2715820555462065,0.2715820555462065,0E-17,ELIGIBLE,R03b_20260811_FULL_v1,L1_ELIGIBILITY,v2026-08-11,2026-03-21..2026-08-06,baccarat_bet02_101_all_pairs_incl_sentinel,round_win = game_pnl > 0 (decisive only),COMPATIBILITY_ONLY_NOT_PRODUCTION,557989.4742,504875.3716,9878.7574,24851,24505,-0.01770420,0.00338982,-0.02772422,-0.01770420,-9878.7574,557989.4742,OK,0.0000,395.1503,4.0000,96.0000,AG03-UNRESOLVED,ALL5_LEVELS_bet23_to_bet27,395.1503,395.1503,395.1503,0.0000,0.0000,4.000000,4.000000,4.000000,0.000000,0.000000,96.000000,96.000000,96.000000,100.000000,100.000000,5.0,1185.4509,1138.6651,8693.3065,8740.0923,PENDING_AG03,FALSE,NOT_FOR_ENFORCEMENT,9483.6071,484680.3568,9878.7574,9483.6071,395.1503,0.01770420,0.01699603,395.1503,9483.6071,0.01699603,395.1503,395.1503,395.1503,0.0000,0.0000,9483.6071,0.01699603,1185.4509,1138.6651,8693.3065,8740.0923,0.01557970,0.01566354,0.00070817,22.4534,20.6030,0.4031,82.3230,2.6463,4649.9123,204.2083,25.9152,21.1137,12.8578,14.5296,26.176,48.8436,54.2173,102.8621,13.088,0.0,3.731508,7.079487,1.545355,30,207,63,6,0.32204186,0.01770420,-0.00338982,0E-8,0.000000,0.904812,0.002133,0.03111404,2026-03-21,2026-08-06,120,3733,1703,139,0.863309,1.227414,1.154177,1.073473,,,,,,,,GLOBAL_BASELINE_NO_ENTITY_RANKING,,,NOT_APPLICABLE_GLOBAL_BASELINE,HF9g-P5,,,,X 全窗基线 · 不参与实体赏罚,15054127,1506,A168_HF9F_20260827_0900,2026-08-27 09:00:00
2026-07-28,127529701,2288,0,211.7057806005,25.3917847830,25.3917847830,0.5625000,17,17,0.50191945294117647,0.501919452941,0.4846479476602186,0.4846479476616297,0.4846479476602186,1.7647E-13,ELIGIBLE,R03b_20260811_FULL_v1,L1_ELIGIBILITY,v2026-08-11,2026-03-21..2026-08-06,baccarat_bet02_101_all_pairs_incl_sentinel,round_win = game_pnl > 0 (decisive only),COMPATIBILITY_ONLY_NOT_PRODUCTION,557989.4742,504875.3716,9878.7574,24851,24505,-0.01770420,0.00338982,-0.02772422,-0.01770420,-9878.7574,557989.4742,OK,0.0000,395.1503,4.0000,96.0000,AG03-UNRESOLVED,ALL5_LEVELS_bet23_to_bet27,395.1503,395.1503,395.1503,0.0000,0.0000,4.000000,4.000000,4.000000,0.000000,0.000000,96.000000,96.000000,96.000000,100.000000,100.000000,5.0,1185.4509,1138.6651,8693.3065,8740.0923,PENDING_AG03,FALSE,NOT_FOR_ENFORCEMENT,9483.6071,484680.3568,9878.7574,9483.6071,395.1503,0.01770420,0.01699603,395.1503,9483.6071,0.01699603,395.1503,395.1503,395.1503,0.0000,0.0000,9483.6071,0.01699603,1185.4509,1138.6651,8693.3065,8740.0923,0.01557970,0.01566354,0.00070817,22.4534,20.6030,0.4031,82.3230,2.6463,4649.9123,204.2083,25.9152,21.1137,12.8578,14.5296,26.176,48.8436,54.2173,102.8621,13.088,0.0,3.731508,7.079487,1.545355,30,207,63,6,0.32204186,0.01770420,-0.00338982,0E-8,0.000000,0.904812,0.002133,0.03111404,2026-03-21,2026-08-06,120,3733,1703,139,0.863309,1.227414,1.154177,1.073473,,,,,,,,GLOBAL_BASELINE_NO_ENTITY_RANKING,,,NOT_APPLICABLE_GLOBAL_BASELINE,HF9g-P5,,,,X 全窗基线 · 不参与实体赏罚,15054128,1506,A168_HF9F_20260827_0900,2026-08-27 09:00:00
2026-07-28,127529701,550,0,62.7372008365,0.1290888907,0.1290888907,0.6000000,5,5,0.49592654000000000,0.495926540000,0.46544610904919037,0.46544610904919037,0.46544610904919037,0E-17,ELIGIBLE,R03b_20260811_FULL_v1,L1_ELIGIBILITY,v2026-08-11,2026-03-21..2026-08-06,baccarat_bet02_101_all_pairs_incl_sentinel,round_win = game_pnl > 0 (decisive only),COMPATIBILITY_ONLY_NOT_PRODUCTION,557989.4742,504875.3716,9878.7574,24851,24505,-0.01770420,0.00338982,-0.02772422,-0.01770420,-9878.7574,557989.4742,OK,0.0000,395.1503,4.0000,96.0000,AG03-UNRESOLVED,ALL5_LEVELS_bet23_to_bet27,395.1503,395.1503,395.1503,0.0000,0.0000,4.000000,4.000000,4.000000,0.000000,0.000000,96.000000,96.000000,96.000000,100.000000,100.000000,5.0,1185.4509,1138.6651,8693.3065,8740.0923,PENDING_AG03,FALSE,NOT_FOR_ENFORCEMENT,9483.6071,484680.3568,9878.7574,9483.6071,395.1503,0.01770420,0.01699603,395.1503,9483.6071,0.01699603,395.1503,395.1503,395.1503,0.0000,0.0000,9483.6071,0.01699603,1185.4509,1138.6651,8693.3065,8740.0923,0.01557970,0.01566354,0.00070817,22.4534,20.6030,0.4031,82.3230,2.6463,4649.9123,204.2083,25.9152,21.1137,12.8578,14.5296,26.176,48.8436,54.2173,102.8621,13.088,0.0,3.731508,7.079487,1.545355,30,207,63,6,0.32204186,0.01770420,-0.00338982,0E-8,0.000000,0.904812,0.002133,0.03111404,2026-03-21,2026-08-06,120,3733,1703,139,0.863309,1.227414,1.154177,1.073473,,,,,,,,GLOBAL_BASELINE_NO_ENTITY_RANKING,,,NOT_APPLICABLE_GLOBAL_BASELINE,HF9g-P5,,,,X 全窗基线 · 不参与实体赏罚,15054129,1506,A168_HF9F_20260827_0900,2026-08-27 09:00:00
2026-07-28,127529701,752,0,18.0724446854,-18.0724446854,-18.0724446854,0E-7,1,1,0.49324550000000000,0.493245500000,-0.9865810262130424,-0.9865810262130424,-0.9865810262130424,0E-17,ELIGIBLE,R03b_20260811_FULL_v1,L1_ELIGIBILITY,v2026-08-11,2026-03-21..2026-08-06,baccarat_bet02_101_all_pairs_incl_sentinel,round_win = game_pnl > 0 (decisive only),COMPATIBILITY_ONLY_NOT_PRODUCTION,557989.4742,504875.3716,9878.7574,24851,24505,-0.01770420,0.00338982,-0.02772422,-0.01770420,-9878.7574,557989.4742,OK,0.0000,395.1503,4.0000,96.0000,AG03-UNRESOLVED,ALL5_LEVELS_bet23_to_bet27,395.1503,395.1503,395.1503,0.0000,0.0000,4.000000,4.000000,4.000000,0.000000,0.000000,96.000000,96.000000,96.000000,100.000000,100.000000,5.0,1185.4509,1138.6651,8693.3065,8740.0923,PENDING_AG03,FALSE,NOT_FOR_ENFORCEMENT,9483.6071,484680.3568,9878.7574,9483.6071,395.1503,0.01770420,0.01699603,395.1503,9483.6071,0.01699603,395.1503,395.1503,395.1503,0.0000,0.0000,9483.6071,0.01699603,1185.4509,1138.6651,8693.3065,8740.0923,0.01557970,0.01566354,0.00070817,22.4534,20.6030,0.4031,82.3230,2.6463,4649.9123,204.2083,25.9152,21.1137,12.8578,14.5296,26.176,48.8436,54.2173,102.8621,13.088,0.0,3.731508,7.079487,1.545355,30,207,63,6,0.32204186,0.01770420,-0.00338982,0E-8,0.000000,0.904812,0.002133,0.03111404,2026-03-21,2026-08-06,120,3733,1703,139,0.863309,1.227414,1.154177,1.073473,,,,,,,,GLOBAL_BASELINE_NO_ENTITY_RANKING,,,NOT_APPLICABLE_GLOBAL_BASELINE,HF9g-P5,,,,X 全窗基线 · 不参与实体赏罚,15054130,1506,A168_HF9F_20260827_0900,2026-08-27 09:00:00
2026-07-28,127529701,987,0,28.3995559342,-15.4906668732,-15.4906668732,0E-7,2,2,0.50665070000000000,0.506650700000,-1.013391052207602,-1.013391052207602,-1.013391052207602,0E-17,ELIGIBLE,R03b_20260811_FULL_v1,L1_ELIGIBILITY,v2026-08-11,2026-03-21..2026-08-06,baccarat_bet02_101_all_pairs_incl_sentinel,round_win = game_pnl > 0 (decisive only),COMPATIBILITY_ONLY_NOT_PRODUCTION,557989.4742,504875.3716,9878.7574,24851,24505,-0.01770420,0.00338982,-0.02772422,-0.01770420,-9878.7574,557989.4742,OK,0.0000,395.1503,4.0000,96.0000,AG03-UNRESOLVED,ALL5_LEVELS_bet23_to_bet27,395.1503,395.1503,395.1503,0.0000,0.0000,4.000000,4.000000,4.000000,0.000000,0.000000,96.000000,96.000000,96.000000,100.000000,100.000000,5.0,1185.4509,1138.6651,8693.3065,8740.0923,PENDING_AG03,FALSE,NOT_FOR_ENFORCEMENT,9483.6071,484680.3568,9878.7574,9483.6071,395.1503,0.01770420,0.01699603,395.1503,9483.6071,0.01699603,395.1503,395.1503,395.1503,0.0000,0.0000,9483.6071,0.01699603,1185.4509,1138.6651,8693.3065,8740.0923,0.01557970,0.01566354,0.00070817,22.4534,20.6030,0.4031,82.3230,2.6463,4649.9123,204.2083,25.9152,21.1137,12.8578,14.5296,26.176,48.8436,54.2173,102.8621,13.088,0.0,3.731508,7.079487,1.545355,30,207,63,6,0.32204186,0.01770420,-0.00338982,0E-8,0.000000,0.904812,0.002133,0.03111404,2026-03-21,2026-08-06,120,3733,1703,139,0.863309,1.227414,1.154177,1.073473,,,,,,,,GLOBAL_BASELINE_NO_ENTITY_RANKING,,,NOT_APPLICABLE_GLOBAL_BASELINE,HF9g-P5,,,,X 全窗基线 · 不参与实体赏罚,15054131,1506,A168_HF9F_20260827_0900,2026-08-27 09:00:00
2026-07-28,127529701,994,0,69.7080009294,42.9866005732,42.9866005732,0.7500000,4,4,0.49994810000000000,0.499948100000,1.0002076053883384,1.0002076053883384,1.0002076053883384,0E-17,ELIGIBLE,R03b_20260811_FULL_v1,L1_ELIGIBILITY,v2026-08-11,2026-03-21..2026-08-06,baccarat_bet02_101_all_pairs_incl_sentinel,round_win = game_pnl > 0 (decisive only),COMPATIBILITY_ONLY_NOT_PRODUCTION,557989.4742,504875.3716,9878.7574,24851,24505,-0.01770420,0.00338982,-0.02772422,-0.01770420,-9878.7574,557989.4742,OK,0.0000,395.1503,4.0000,96.0000,AG03-UNRESOLVED,ALL5_LEVELS_bet23_to_bet27,395.1503,395.1503,395.1503,0.0000,0.0000,4.000000,4.000000,4.000000,0.000000,0.000000,96.000000,96.000000,96.000000,100.000000,100.000000,5.0,1185.4509,1138.6651,8693.3065,8740.0923,PENDING_AG03,FALSE,NOT_FOR_ENFORCEMENT,9483.6071,484680.3568,9878.7574,9483.6071,395.1503,0.01770420,0.01699603,395.1503,9483.6071,0.01699603,395.1503,395.1503,395.1503,0.0000,0.0000,9483.6071,0.01699603,1185.4509,1138.6651,8693.3065,8740.0923,0.01557970,0.01566354,0.00070817,22.4534,20.6030,0.4031,82.3230,2.6463,4649.9123,204.2083,25.9152,21.1137,12.8578,14.5296,26.176,48.8436,54.2173,102.8621,13.088,0.0,3.731508,7.079487,1.545355,30,207,63,6,0.32204186,0.01770420,-0.00338982,0E-8,0.000000,0.904812,0.002133,0.03111404,2026-03-21,2026-08-06,120,3733,1703,139,0.863309,1.227414,1.154177,1.073473,,,,,,,,GLOBAL_BASELINE_NO_ENTITY_RANKING,,,NOT_APPLICABLE_GLOBAL_BASELINE,HF9g-P5,,,,X 全窗基线 · 不参与实体赏罚,15054132,1506,A168_HF9F_20260827_0900,2026-08-27 09:00:00
2026-07-30,127529701,-1,1,843.7249890270,138.6027418481,138.6027418481,0.6363636,51,51,0.49331438823529412,0.493314388235,1.8979324032262401,1.8979324032301572,1.8979324032262401,2.9412E-13,SENTINEL_DEALER,R03b_20260811_FULL_v1,L1_ELIGIBILITY,v2026-08-11,2026-03-21..2026-08-06,baccarat_bet02_101_all_pairs_incl_sentinel,round_win = game_pnl > 0 (decisive only),COMPATIBILITY_ONLY_NOT_PRODUCTION,557989.4742,504875.3716,9878.7574,24851,24505,-0.01770420,0.00338982,-0.02772422,-0.01770420,-9878.7574,557989.4742,OK,0.0000,395.1503,4.0000,96.0000,AG03-UNRESOLVED,ALL5_LEVELS_bet23_to_bet27,395.1503,395.1503,395.1503,0.0000,0.0000,4.000000,4.000000,4.000000,0.000000,0.000000,96.000000,96.000000,96.000000,100.000000,100.000000,5.0,1185.4509,1138.6651,8693.3065,8740.0923,PENDING_AG03,FALSE,NOT_FOR_ENFORCEMENT,9483.6071,484680.3568,9878.7574,9483.6071,395.1503,0.01770420,0.01699603,395.1503,9483.6071,0.01699603,395.1503,395.1503,395.1503,0.0000,0.0000,9483.6071,0.01699603,1185.4509,1138.6651,8693.3065,8740.0923,0.01557970,0.01566354,0.00070817,22.4534,20.6030,0.4031,82.3230,2.6463,4649.9123,204.2083,25.9152,21.1137,12.8578,14.5296,26.176,48.8436,54.2173,102.8621,13.088,0.0,3.731508,7.079487,1.545355,30,207,63,6,0.32204186,0.01770420,-0.00338982,0E-8,0.000000,0.904812,0.002133,0.03111404,2026-03-21,2026-08-06,120,3733,1703,139,0.863309,1.227414,1.154177,1.073473,,,,,,,,GLOBAL_BASELINE_NO_ENTITY_RANKING,,,NOT_APPLICABLE_GLOBAL_BASELINE,HF9g-P5,,,,X 全窗基线 · 不参与实体赏罚,15054133,1506,A168_HF9F_20260827_0900,2026-08-27 09:00:00
2026-07-30,127529701,1205,0,25.8177781220,-25.8177781220,-25.8177781220,0E-7,1,1,0.50665070000000000,0.506650700000,-1.013391052207602,-1.013391052207602,-1.013391052207602,0E-17,ELIGIBLE,R03b_20260811_FULL_v1,L1_ELIGIBILITY,v2026-08-11,2026-03-21..2026-08-06,baccarat_bet02_101_all_pairs_incl_sentinel,round_win = game_pnl > 0 (decisive only),COMPATIBILITY_ONLY_NOT_PRODUCTION,557989.4742,504875.3716,9878.7574,24851,24505,-0.01770420,0.00338982,-0.02772422,-0.01770420,-9878.7574,557989.4742,OK,0.0000,395.1503,4.0000,96.0000,AG03-UNRESOLVED,ALL5_LEVELS_bet23_to_bet27,395.1503,395.1503,395.1503,0.0000,0.0000,4.000000,4.000000,4.000000,0.000000,0.000000,96.000000,96.000000,96.000000,100.000000,100.000000,5.0,1185.4509,1138.6651,8693.3065,8740.0923,PENDING_AG03,FALSE,NOT_FOR_ENFORCEMENT,9483.6071,484680.3568,9878.7574,9483.6071,395.1503,0.01770420,0.01699603,395.1503,9483.6071,0.01699603,395.1503,395.1503,395.1503,0.0000,0.0000,9483.6071,0.01699603,1185.4509,1138.6651,8693.3065,8740.0923,0.01557970,0.01566354,0.00070817,22.4534,20.6030,0.4031,82.3230,2.6463,4649.9123,204.2083,25.9152,21.1137,12.8578,14.5296,26.176,48.8436,54.2173,102.8621,13.088,0.0,3.731508,7.079487,1.545355,30,207,63,6,0.32204186,0.01770420,-0.00338982,0E-8,0.000000,0.904812,0.002133,0.03111404,2026-03-21,2026-08-06,120,3733,1703,139,0.863309,1.227414,1.154177,1.073473,,,,,,,,GLOBAL_BASELINE_NO_ENTITY_RANKING,,,NOT_APPLICABLE_GLOBAL_BASELINE,HF9g-P5,,,,X 全窗基线 · 不参与实体赏罚,15054134,1506,A168_HF9F_20260827_0900,2026-08-27 09:00:00
2026-07-30,127529701,1210,0,41.3084449952,12.9088890610,12.9088890610,1.0000000,2,2,0.49994810000000000,0.499948100000,1.0001038053877793,1.0001038053877793,1.0001038053877793,0E-17,ELIGIBLE,R03b_20260811_FULL_v1,L1_ELIGIBILITY,v2026-08-11,2026-03-21..2026-08-06,baccarat_bet02_101_all_pairs_incl_sentinel,round_win = game_pnl > 0 (decisive only),COMPATIBILITY_ONLY_NOT_PRODUCTION,557989.4742,504875.3716,9878.7574,24851,24505,-0.01770420,0.00338982,-0.02772422,-0.01770420,-9878.7574,557989.4742,OK,0.0000,395.1503,4.0000,96.0000,AG03-UNRESOLVED,ALL5_LEVELS_bet23_to_bet27,395.1503,395.1503,395.1503,0.0000,0.0000,4.000000,4.000000,4.000000,0.000000,0.000000,96.000000,96.000000,96.000000,100.000000,100.000000,5.0,1185.4509,1138.6651,8693.3065,8740.0923,PENDING_AG03,FALSE,NOT_FOR_ENFORCEMENT,9483.6071,484680.3568,9878.7574,9483.6071,395.1503,0.01770420,0.01699603,395.1503,9483.6071,0.01699603,395.1503,395.1503,395.1503,0.0000,0.0000,9483.6071,0.01699603,1185.4509,1138.6651,8693.3065,8740.0923,0.01557970,0.01566354,0.00070817,22.4534,20.6030,0.4031,82.3230,2.6463,4649.9123,204.2083,25.9152,21.1137,12.8578,14.5296,26.176,48.8436,54.2173,102.8621,13.088,0.0,3.731508,7.079487,1.545355,30,207,63,6,0.32204186,0.01770420,-0.00338982,0E-8,0.000000,0.904812,0.002133,0.03111404,2026-03-21,2026-08-06,120,3733,1703,139,0.863309,1.227414,1.154177,1.073473,,,,,,,,GLOBAL_BASELINE_NO_ENTITY_RANKING,,,NOT_APPLICABLE_GLOBAL_BASELINE,HF9g-P5,,,,X 全窗基线 · 不参与实体赏罚,15054135,1506,A168_HF9F_20260827_0900,2026-08-27 09:00:00
2026-07-30,127529701,1318,0,12.9088890610,-12.9088890610,-12.9088890610,0E-7,1,1,0.50665070000000000,0.506650700000,-1.013391052207602,-1.013391052207602,-1.013391052207602,0E-17,ELIGIBLE,R03b_20260811_FULL_v1,L1_ELIGIBILITY,v2026-08-11,2026-03-21..2026-08-06,baccarat_bet02_101_all_pairs_incl_sentinel,round_win = game_pnl > 0 (decisive only),COMPATIBILITY_ONLY_NOT_PRODUCTION,557989.4742,504875.3716,9878.7574,24851,24505,-0.01770420,0.00338982,-0.02772422,-0.01770420,-9878.7574,557989.4742,OK,0.0000,395.1503,4.0000,96.0000,AG03-UNRESOLVED,ALL5_LEVELS_bet23_to_bet27,395.1503,395.1503,395.1503,0.0000,0.0000,4.000000,4.000000,4.000000,0.000000,0.000000,96.000000,96.000000,96.000000,100.000000,100.000000,5.0,1185.4509,1138.6651,8693.3065,8740.0923,PENDING_AG03,FALSE,NOT_FOR_ENFORCEMENT,9483.6071,484680.3568,9878.7574,9483.6071,395.1503,0.01770420,0.01699603,395.1503,9483.6071,0.01699603,395.1503,395.1503,395.1503,0.0000,0.0000,9483.6071,0.01699603,1185.4509,1138.6651,8693.3065,8740.0923,0.01557970,0.01566354,0.00070817,22.4534,20.6030,0.4031,82.3230,2.6463,4649.9123,204.2083,25.9152,21.1137,12.8578,14.5296,26.176,48.8436,54.2173,102.8621,13.088,0.0,3.731508,7.079487,1.545355,30,207,63,6,0.32204186,0.01770420,-0.00338982,0E-8,0.000000,0.904812,0.002133,0.03111404,2026-03-21,2026-08-06,120,3733,1703,139,0.863309,1.227414,1.154177,1.073473,,,,,,,,GLOBAL_BASELINE_NO_ENTITY_RANKING,,,NOT_APPLICABLE_GLOBAL_BASELINE,HF9g-P5,,,,X 全窗基线 · 不参与实体赏罚,15054136,1506,A168_HF9F_20260827_0900,2026-08-27 09:00:00
2026-07-30,127529701,1400,0,7.2289778742,-7.2289778742,-7.2289778742,0E-7,1,1,0.49324550000000000,0.493245500000,-0.9865810262130424,-0.9865810262130424,-0.9865810262130424,0E-17,ELIGIBLE,R03b_20260811_FULL_v1,L1_ELIGIBILITY,v2026-08-11,2026-03-21..2026-08-06,baccarat_bet02_101_all_pairs_incl_sentinel,round_win = game_pnl > 0 (decisive only),COMPATIBILITY_ONLY_NOT_PRODUCTION,557989.4742,504875.3716,9878.7574,24851,24505,-0.01770420,0.00338982,-0.02772422,-0.01770420,-9878.7574,557989.4742,OK,0.0000,395.1503,4.0000,96.0000,AG03-UNRESOLVED,ALL5_LEVELS_bet23_to_bet27,395.1503,395.1503,395.1503,0.0000,0.0000,4.000000,4.000000,4.000000,0.000000,0.000000,96.000000,96.000000,96.000000,100.000000,100.000000,5.0,1185.4509,1138.6651,8693.3065,8740.0923,PENDING_AG03,FALSE,NOT_FOR_ENFORCEMENT,9483.6071,484680.3568,9878.7574,9483.6071,395.1503,0.01770420,0.01699603,395.1503,9483.6071,0.01699603,395.1503,395.1503,395.1503,0.0000,0.0000,9483.6071,0.01699603,1185.4509,1138.6651,8693.3065,8740.0923,0.01557970,0.01566354,0.00070817,22.4534,20.6030,0.4031,82.3230,2.6463,4649.9123,204.2083,25.9152,21.1137,12.8578,14.5296,26.176,48.8436,54.2173,102.8621,13.088,0.0,3.731508,7.079487,1.545355,30,207,63,6,0.32204186,0.01770420,-0.00338982,0E-8,0.000000,0.904812,0.002133,0.03111404,2026-03-21,2026-08-06,120,3733,1703,139,0.863309,1.227414,1.154177,1.073473,,,,,,,,GLOBAL_BASELINE_NO_ENTITY_RANKING,,,NOT_APPLICABLE_GLOBAL_BASELINE,HF9g-P5,,,,X 全窗基线 · 不参与实体赏罚,15054137,1506,A168_HF9F_20260827_0900,2026-08-27 09:00:00
2026-07-30,127529701,1505,0,172.9791134174,44.9874783776,44.9874783776,0.7272727,11,11,0.49933877272727273,0.499338772727,1.511944130527949,1.5119441305297592,1.511944130527949,2.7273E-13,ELIGIBLE,R03b_20260811_FULL_v1,L1_ELIGIBILITY,v2026-08-11,2026-03-21..2026-08-06,baccarat_bet02_101_all_pairs_incl_sentinel,round_win = game_pnl > 0 (decisive only),COMPATIBILITY_ONLY_NOT_PRODUCTION,557989.4742,504875.3716,9878.7574,24851,24505,-0.01770420,0.00338982,-0.02772422,-0.01770420,-9878.7574,557989.4742,OK,0.0000,395.1503,4.0000,96.0000,AG03-UNRESOLVED,ALL5_LEVELS_bet23_to_bet27,395.1503,395.1503,395.1503,0.0000,0.0000,4.000000,4.000000,4.000000,0.000000,0.000000,96.000000,96.000000,96.000000,100.000000,100.000000,5.0,1185.4509,1138.6651,8693.3065,8740.0923,PENDING_AG03,FALSE,NOT_FOR_ENFORCEMENT,9483.6071,484680.3568,9878.7574,9483.6071,395.1503,0.01770420,0.01699603,395.1503,9483.6071,0.01699603,395.1503,395.1503,395.1503,0.0000,0.0000,9483.6071,0.01699603,1185.4509,1138.6651,8693.3065,8740.0923,0.01557970,0.01566354,0.00070817,22.4534,20.6030,0.4031,82.3230,2.6463,4649.9123,204.2083,25.9152,21.1137,12.8578,14.5296,26.176,48.8436,54.2173,102.8621,13.088,0.0,3.731508,7.079487,1.545355,30,207,63,6,0.32204186,0.01770420,-0.00338982,0E-8,0.000000,0.904812,0.002133,0.03111404,2026-03-21,2026-08-06,120,3733,1703,139,0.863309,1.227414,1.154177,1.073473,,,,,,,,GLOBAL_BASELINE_NO_ENTITY_RANKING,,,NOT_APPLICABLE_GLOBAL_BASELINE,HF9g-P5,,,,X 全窗基线 · 不参与实体赏罚,15054138,1506,A168_HF9F_20260827_0900,2026-08-27 09:00:00
2026-07-30,127529701,1645,0,95.5257790514,59.3808896806,59.3808896806,0.7500000,4,4,0.49324550000000000,0.493245500000,1.0271117246678039,1.0271117246678039,1.0271117246678039,0E-17,ELIGIBLE,R03b_20260811_FULL_v1,L1_ELIGIBILITY,v2026-08-11,2026-03-21..2026-08-06,baccarat_bet02_101_all_pairs_incl_sentinel,round_win = game_pnl > 0 (decisive only),COMPATIBILITY_ONLY_NOT_PRODUCTION,557989.4742,504875.3716,9878.7574,24851,24505,-0.01770420,0.00338982,-0.02772422,-0.01770420,-9878.7574,557989.4742,OK,0.0000,395.1503,4.0000,96.0000,AG03-UNRESOLVED,ALL5_LEVELS_bet23_to_bet27,395.1503,395.1503,395.1503,0.0000,0.0000,4.000000,4.000000,4.000000,0.000000,0.000000,96.000000,96.000000,96.000000,100.000000,100.000000,5.0,1185.4509,1138.6651,8693.3065,8740.0923,PENDING_AG03,FALSE,NOT_FOR_ENFORCEMENT,9483.6071,484680.3568,9878.7574,9483.6071,395.1503,0.01770420,0.01699603,395.1503,9483.6071,0.01699603,395.1503,395.1503,395.1503,0.0000,0.0000,9483.6071,0.01699603,1185.4509,1138.6651,8693.3065,8740.0923,0.01557970,0.01566354,0.00070817,22.4534,20.6030,0.4031,82.3230,2.6463,4649.9123,204.2083,25.9152,21.1137,12.8578,14.5296,26.176,48.8436,54.2173,102.8621,13.088,0.0,3.731508,7.079487,1.545355,30,207,63,6,0.32204186,0.01770420,-0.00338982,0E-8,0.000000,0.904812,0.002133,0.03111404,2026-03-21,2026-08-06,120,3733,1703,139,0.863309,1.227414,1.154177,1.073473,,,,,,,,GLOBAL_BASELINE_NO_ENTITY_RANKING,,,NOT_APPLICABLE_GLOBAL_BASELINE,HF9g-P5,,,,X 全窗基线 · 不参与实体赏罚,15054139,1506,A168_HF9F_20260827_0900,2026-08-27 09:00:00
2026-07-30,127529701,1646,0,17.8142669042,-17.8142669042,-17.8142669042,0E-7,1,1,0.49324550000000000,0.493245500000,-0.9865810262130424,-0.9865810262130424,-0.9865810262130424,0E-17,ELIGIBLE,R03b_20260811_FULL_v1,L1_ELIGIBILITY,v2026-08-11,2026-03-21..2026-08-06,baccarat_bet02_101_all_pairs_incl_sentinel,round_win = game_pnl > 0 (decisive only),COMPATIBILITY_ONLY_NOT_PRODUCTION,557989.4742,504875.3716,9878.7574,24851,24505,-0.01770420,0.00338982,-0.02772422,-0.01770420,-9878.7574,557989.4742,OK,0.0000,395.1503,4.0000,96.0000,AG03-UNRESOLVED,ALL5_LEVELS_bet23_to_bet27,395.1503,395.1503,395.1503,0.0000,0.0000,4.000000,4.000000,4.000000,0.000000,0.000000,96.000000,96.000000,96.000000,100.000000,100.000000,5.0,1185.4509,1138.6651,8693.3065,8740.0923,PENDING_AG03,FALSE,NOT_FOR_ENFORCEMENT,9483.6071,484680.3568,9878.7574,9483.6071,395.1503,0.01770420,0.01699603,395.1503,9483.6071,0.01699603,395.1503,395.1503,395.1503,0.0000,0.0000,9483.6071,0.01699603,1185.4509,1138.6651,8693.3065,8740.0923,0.01557970,0.01566354,0.00070817,22.4534,20.6030,0.4031,82.3230,2.6463,4649.9123,204.2083,25.9152,21.1137,12.8578,14.5296,26.176,48.8436,54.2173,102.8621,13.088,0.0,3.731508,7.079487,1.545355,30,207,63,6,0.32204186,0.01770420,-0.00338982,0E-8,0.000000,0.904812,0.002133,0.03111404,2026-03-21,2026-08-06,120,3733,1703,139,0.863309,1.227414,1.154177,1.073473,,,,,,,,GLOBAL_BASELINE_NO_ENTITY_RANKING,,,NOT_APPLICABLE_GLOBAL_BASELINE,HF9g-P5,,,,X 全窗基线 · 不参与实体赏罚,15054140,1506,A168_HF9F_20260827_0900,2026-08-27 09:00:00
2026-07-30,127529701,1951,0,134.2524462344,-53.7009784937,-53.7009784937,0.2500000,8,8,0.49994810000000000,0.499948100000,-1.4139199792546444,-1.4139199792546444,-1.4139199792546444,0E-17,ELIGIBLE,R03b_20260811_FULL_v1,L1_ELIGIBILITY,v2026-08-11,2026-03-21..2026-08-06,baccarat_bet02_101_all_pairs_incl_sentinel,round_win = game_pnl > 0 (decisive only),COMPATIBILITY_ONLY_NOT_PRODUCTION,557989.4742,504875.3716,9878.7574,24851,24505,-0.01770420,0.00338982,-0.02772422,-0.01770420,-9878.7574,557989.4742,OK,0.0000,395.1503,4.0000,96.0000,AG03-UNRESOLVED,ALL5_LEVELS_bet23_to_bet27,395.1503,395.1503,395.1503,0.0000,0.0000,4.000000,4.000000,4.000000,0.000000,0.000000,96.000000,96.000000,96.000000,100.000000,100.000000,5.0,1185.4509,1138.6651,8693.3065,8740.0923,PENDING_AG03,FALSE,NOT_FOR_ENFORCEMENT,9483.6071,484680.3568,9878.7574,9483.6071,395.1503,0.01770420,0.01699603,395.1503,9483.6071,0.01699603,395.1503,395.1503,395.1503,0.0000,0.0000,9483.6071,0.01699603,1185.4509,1138.6651,8693.3065,8740.0923,0.01557970,0.01566354,0.00070817,22.4534,20.6030,0.4031,82.3230,2.6463,4649.9123,204.2083,25.9152,21.1137,12.8578,14.5296,26.176,48.8436,54.2173,102.8621,13.088,0.0,3.731508,7.079487,1.545355,30,207,63,6,0.32204186,0.01770420,-0.00338982,0E-8,0.000000,0.904812,0.002133,0.03111404,2026-03-21,2026-08-06,120,3733,1703,139,0.863309,1.227414,1.154177,1.073473,,,,,,,,GLOBAL_BASELINE_NO_ENTITY_RANKING,,,NOT_APPLICABLE_GLOBAL_BASELINE,HF9g-P5,,,,X 全窗基线 · 不参与实体赏罚,15054141,1506,A168_HF9F_20260827_0900,2026-08-27 09:00:00
2026-07-30,127529701,1990,0,98.1075568636,21.6869336225,21.6869336225,0.6250000,8,8,0.49994810000000000,0.499948100000,0.7074003757330176,0.7074003757330176,0.7074003757330176,0E-17,ELIGIBLE,R03b_20260811_FULL_v1,L1_ELIGIBILITY,v2026-08-11,2026-03-21..2026-08-06,baccarat_bet02_101_all_pairs_incl_sentinel,round_win = game_pnl > 0 (decisive only),COMPATIBILITY_ONLY_NOT_PRODUCTION,557989.4742,504875.3716,9878.7574,24851,24505,-0.01770420,0.00338982,-0.02772422,-0.01770420,-9878.7574,557989.4742,OK,0.0000,395.1503,4.0000,96.0000,AG03-UNRESOLVED,ALL5_LEVELS_bet23_to_bet27,395.1503,395.1503,395.1503,0.0000,0.0000,4.000000,4.000000,4.000000,0.000000,0.000000,96.000000,96.000000,96.000000,100.000000,100.000000,5.0,1185.4509,1138.6651,8693.3065,8740.0923,PENDING_AG03,FALSE,NOT_FOR_ENFORCEMENT,9483.6071,484680.3568,9878.7574,9483.6071,395.1503,0.01770420,0.01699603,395.1503,9483.6071,0.01699603,395.1503,395.1503,395.1503,0.0000,0.0000,9483.6071,0.01699603,1185.4509,1138.6651,8693.3065,8740.0923,0.01557970,0.01566354,0.00070817,22.4534,20.6030,0.4031,82.3230,2.6463,4649.9123,204.2083,25.9152,21.1137,12.8578,14.5296,26.176,48.8436,54.2173,102.8621,13.088,0.0,3.731508,7.079487,1.545355,30,207,63,6,0.32204186,0.01770420,-0.00338982,0E-8,0.000000,0.904812,0.002133,0.03111404,2026-03-21,2026-08-06,120,3733,1703,139,0.863309,1.227414,1.154177,1.073473,,,,,,,,GLOBAL_BASELINE_NO_ENTITY_RANKING,,,NOT_APPLICABLE_GLOBAL_BASELINE,HF9g-P5,,,,X 全窗基线 · 不参与实体赏罚,15054142,1506,A168_HF9F_20260827_0900,2026-08-27 09:00:00
2026-07-30,127529701,2124,0,64.5444453050,-13.5543335140,-13.5543335140,0.5000000,4,4,0.49659680000000000,0.496596800000,0.013613115331600182,0.013613115331600183,0.013613115331600182,0E-17,ELIGIBLE,R03b_20260811_FULL_v1,L1_ELIGIBILITY,v2026-08-11,2026-03-21..2026-08-06,baccarat_bet02_101_all_pairs_incl_sentinel,round_win = game_pnl > 0 (decisive only),COMPATIBILITY_ONLY_NOT_PRODUCTION,557989.4742,504875.3716,9878.7574,24851,24505,-0.01770420,0.00338982,-0.02772422,-0.01770420,-9878.7574,557989.4742,OK,0.0000,395.1503,4.0000,96.0000,AG03-UNRESOLVED,ALL5_LEVELS_bet23_to_bet27,395.1503,395.1503,395.1503,0.0000,0.0000,4.000000,4.000000,4.000000,0.000000,0.000000,96.000000,96.000000,96.000000,100.000000,100.000000,5.0,1185.4509,1138.6651,8693.3065,8740.0923,PENDING_AG03,FALSE,NOT_FOR_ENFORCEMENT,9483.6071,484680.3568,9878.7574,9483.6071,395.1503,0.01770420,0.01699603,395.1503,9483.6071,0.01699603,395.1503,395.1503,395.1503,0.0000,0.0000,9483.6071,0.01699603,1185.4509,1138.6651,8693.3065,8740.0923,0.01557970,0.01566354,0.00070817,22.4534,20.6030,0.4031,82.3230,2.6463,4649.9123,204.2083,25.9152,21.1137,12.8578,14.5296,26.176,48.8436,54.2173,102.8621,13.088,0.0,3.731508,7.079487,1.545355,30,207,63,6,0.32204186,0.01770420,-0.00338982,0E-8,0.000000,0.904812,0.002133,0.03111404,2026-03-21,2026-08-06,120,3733,1703,139,0.863309,1.227414,1.154177,1.073473,,,,,,,,GLOBAL_BASELINE_NO_ENTITY_RANKING,,,NOT_APPLICABLE_GLOBAL_BASELINE,HF9g-P5,,,,X 全窗基线 · 不参与实体赏罚,15054143,1506,A168_HF9F_20260827_0900,2026-08-27 09:00:00
2026-07-30,127529701,2145,0,77.4533343660,-77.4533343660,-77.4533343660,0E-7,3,3,0.50218230000000000,0.502182300000,-1.7396270863184011,-1.7396270863184016,-1.7396270863184011,0E-17,ELIGIBLE,R03b_20260811_FULL_v1,L1_ELIGIBILITY,v2026-08-11,2026-03-21..2026-08-06,baccarat_bet02_101_all_pairs_incl_sentinel,round_win = game_pnl > 0 (decisive only),COMPATIBILITY_ONLY_NOT_PRODUCTION,557989.4742,504875.3716,9878.7574,24851,24505,-0.01770420,0.00338982,-0.02772422,-0.01770420,-9878.7574,557989.4742,OK,0.0000,395.1503,4.0000,96.0000,AG03-UNRESOLVED,ALL5_LEVELS_bet23_to_bet27,395.1503,395.1503,395.1503,0.0000,0.0000,4.000000,4.000000,4.000000,0.000000,0.000000,96.000000,96.000000,96.000000,100.000000,100.000000,5.0,1185.4509,1138.6651,8693.3065,8740.0923,PENDING_AG03,FALSE,NOT_FOR_ENFORCEMENT,9483.6071,484680.3568,9878.7574,9483.6071,395.1503,0.01770420,0.01699603,395.1503,9483.6071,0.01699603,395.1503,395.1503,395.1503,0.0000,0.0000,9483.6071,0.01699603,1185.4509,1138.6651,8693.3065,8740.0923,0.01557970,0.01566354,0.00070817,22.4534,20.6030,0.4031,82.3230,2.6463,4649.9123,204.2083,25.9152,21.1137,12.8578,14.5296,26.176,48.8436,54.2173,102.8621,13.088,0.0,3.731508,7.079487,1.545355,30,207,63,6,0.32204186,0.01770420,-0.00338982,0E-8,0.000000,0.904812,0.002133,0.03111404,2026-03-21,2026-08-06,120,3733,1703,139,0.863309,1.227414,1.154177,1.073473,,,,,,,,GLOBAL_BASELINE_NO_ENTITY_RANKING,,,NOT_APPLICABLE_GLOBAL_BASELINE,HF9g-P5,,,,X 全窗基线 · 不参与实体赏罚,15054144,1506,A168_HF9F_20260827_0900,2026-08-27 09:00:00
2026-07-30,127529701,2167,0,94.2348901453,39.1784783002,39.1784783002,0.5000000,4,4,0.50329940000000000,0.503299400000,-0.01319788734859681,-0.01319788734859681,-0.01319788734859681,0E-17,ELIGIBLE,R03b_20260811_FULL_v1,L1_ELIGIBILITY,v2026-08-11,2026-03-21..2026-08-06,baccarat_bet02_101_all_pairs_incl_sentinel,round_win = game_pnl > 0 (decisive only),COMPATIBILITY_ONLY_NOT_PRODUCTION,557989.4742,504875.3716,9878.7574,24851,24505,-0.01770420,0.00338982,-0.02772422,-0.01770420,-9878.7574,557989.4742,OK,0.0000,395.1503,4.0000,96.0000,AG03-UNRESOLVED,ALL5_LEVELS_bet23_to_bet27,395.1503,395.1503,395.1503,0.0000,0.0000,4.000000,4.000000,4.000000,0.000000,0.000000,96.000000,96.000000,96.000000,100.000000,100.000000,5.0,1185.4509,1138.6651,8693.3065,8740.0923,PENDING_AG03,FALSE,NOT_FOR_ENFORCEMENT,9483.6071,484680.3568,9878.7574,9483.6071,395.1503,0.01770420,0.01699603,395.1503,9483.6071,0.01699603,395.1503,395.1503,395.1503,0.0000,0.0000,9483.6071,0.01699603,1185.4509,1138.6651,8693.3065,8740.0923,0.01557970,0.01566354,0.00070817,22.4534,20.6030,0.4031,82.3230,2.6463,4649.9123,204.2083,25.9152,21.1137,12.8578,14.5296,26.176,48.8436,54.2173,102.8621,13.088,0.0,3.731508,7.079487,1.545355,30,207,63,6,0.32204186,0.01770420,-0.00338982,0E-8,0.000000,0.904812,0.002133,0.03111404,2026-03-21,2026-08-06,120,3733,1703,139,0.863309,1.227414,1.154177,1.073473,,,,,,,,GLOBAL_BASELINE_NO_ENTITY_RANKING,,,NOT_APPLICABLE_GLOBAL_BASELINE,HF9g-P5,,,,X 全窗基线 · 不参与实体赏罚,15054145,1506,A168_HF9F_20260827_0900,2026-08-27 09:00:00
2026-07-30,127529701,2170,0,91.1367567707,47.4143495211,47.4143495211,0.6666667,6,6,0.50441650000000000,0.504416500000,0.7948912480929629,0.7948912480929629,0.7948912480929629,0E-17,ELIGIBLE,R03b_20260811_FULL_v1,L1_ELIGIBILITY,v2026-08-11,2026-03-21..2026-08-06,baccarat_bet02_101_all_pairs_incl_sentinel,round_win = game_pnl > 0 (decisive only),COMPATIBILITY_ONLY_NOT_PRODUCTION,557989.4742,504875.3716,9878.7574,24851,24505,-0.01770420,0.00338982,-0.02772422,-0.01770420,-9878.7574,557989.4742,OK,0.0000,395.1503,4.0000,96.0000,AG03-UNRESOLVED,ALL5_LEVELS_bet23_to_bet27,395.1503,395.1503,395.1503,0.0000,0.0000,4.000000,4.000000,4.000000,0.000000,0.000000,96.000000,96.000000,96.000000,100.000000,100.000000,5.0,1185.4509,1138.6651,8693.3065,8740.0923,PENDING_AG03,FALSE,NOT_FOR_ENFORCEMENT,9483.6071,484680.3568,9878.7574,9483.6071,395.1503,0.01770420,0.01699603,395.1503,9483.6071,0.01699603,395.1503,395.1503,395.1503,0.0000,0.0000,9483.6071,0.01699603,1185.4509,1138.6651,8693.3065,8740.0923,0.01557970,0.01566354,0.00070817,22.4534,20.6030,0.4031,82.3230,2.6463,4649.9123,204.2083,25.9152,21.1137,12.8578,14.5296,26.176,48.8436,54.2173,102.8621,13.088,0.0,3.731508,7.079487,1.545355,30,207,63,6,0.32204186,0.01770420,-0.00338982,0E-8,0.000000,0.904812,0.002133,0.03111404,2026-03-21,2026-08-06,120,3733,1703,139,0.863309,1.227414,1.154177,1.073473,,,,,,,,GLOBAL_BASELINE_NO_ENTITY_RANKING,,,NOT_APPLICABLE_GLOBAL_BASELINE,HF9g-P5,,,,X 全窗基线 · 不参与实体赏罚,15054146,1506,A168_HF9F_20260827_0900,2026-08-27 09:00:00
2026-07-30,127529701,2174,0,378.4886272686,-19.2471535899,-19.2471535899,0.4705882,17,17,0.50270799411764706,0.502707994118,-0.2648702013353884,-0.2648702013382999,-0.2648702013353884,-3.5294E-13,ELIGIBLE,R03b_20260811_FULL_v1,L1_ELIGIBILITY,v2026-08-11,2026-03-21..2026-08-06,baccarat_bet02_101_all_pairs_incl_sentinel,round_win = game_pnl > 0 (decisive only),COMPATIBILITY_ONLY_NOT_PRODUCTION,557989.4742,504875.3716,9878.7574,24851,24505,-0.01770420,0.00338982,-0.02772422,-0.01770420,-9878.7574,557989.4742,OK,0.0000,395.1503,4.0000,96.0000,AG03-UNRESOLVED,ALL5_LEVELS_bet23_to_bet27,395.1503,395.1503,395.1503,0.0000,0.0000,4.000000,4.000000,4.000000,0.000000,0.000000,96.000000,96.000000,96.000000,100.000000,100.000000,5.0,1185.4509,1138.6651,8693.3065,8740.0923,PENDING_AG03,FALSE,NOT_FOR_ENFORCEMENT,9483.6071,484680.3568,9878.7574,9483.6071,395.1503,0.01770420,0.01699603,395.1503,9483.6071,0.01699603,395.1503,395.1503,395.1503,0.0000,0.0000,9483.6071,0.01699603,1185.4509,1138.6651,8693.3065,8740.0923,0.01557970,0.01566354,0.00070817,22.4534,20.6030,0.4031,82.3230,2.6463,4649.9123,204.2083,25.9152,21.1137,12.8578,14.5296,26.176,48.8436,54.2173,102.8621,13.088,0.0,3.731508,7.079487,1.545355,30,207,63,6,0.32204186,0.01770420,-0.00338982,0E-8,0.000000,0.904812,0.002133,0.03111404,2026-03-21,2026-08-06,120,3733,1703,139,0.863309,1.227414,1.154177,1.073473,,,,,,,,GLOBAL_BASELINE_NO_ENTITY_RANKING,,,NOT_APPLICABLE_GLOBAL_BASELINE,HF9g-P5,,,,X 全窗基线 · 不参与实体赏罚,15054147,1506,A168_HF9F_20260827_0900,2026-08-27 09:00:00
2026-07-30,127529701,2196,0,289.1591149664,-90.4913123176,-90.4913123176,0.3846154,15,15,0.49950126000000000,0.499501260000,-0.8284542411937427,-0.8284542411937428,-0.8284542411937427,0E-17,ELIGIBLE,R03b_20260811_FULL_v1,L1_ELIGIBILITY,v2026-08-11,2026-03-21..2026-08-06,baccarat_bet02_101_all_pairs_incl_sentinel,round_win = game_pnl > 0 (decisive only),COMPATIBILITY_ONLY_NOT_PRODUCTION,557989.4742,504875.3716,9878.7574,24851,24505,-0.01770420,0.00338982,-0.02772422,-0.01770420,-9878.7574,557989.4742,OK,0.0000,395.1503,4.0000,96.0000,AG03-UNRESOLVED,ALL5_LEVELS_bet23_to_bet27,395.1503,395.1503,395.1503,0.0000,0.0000,4.000000,4.000000,4.000000,0.000000,0.000000,96.000000,96.000000,96.000000,100.000000,100.000000,5.0,1185.4509,1138.6651,8693.3065,8740.0923,PENDING_AG03,FALSE,NOT_FOR_ENFORCEMENT,9483.6071,484680.3568,9878.7574,9483.6071,395.1503,0.01770420,0.01699603,395.1503,9483.6071,0.01699603,395.1503,395.1503,395.1503,0.0000,0.0000,9483.6071,0.01699603,1185.4509,1138.6651,8693.3065,8740.0923,0.01557970,0.01566354,0.00070817,22.4534,20.6030,0.4031,82.3230,2.6463,4649.9123,204.2083,25.9152,21.1137,12.8578,14.5296,26.176,48.8436,54.2173,102.8621,13.088,0.0,3.731508,7.079487,1.545355,30,207,63,6,0.32204186,0.01770420,-0.00338982,0E-8,0.000000,0.904812,0.002133,0.03111404,2026-03-21,2026-08-06,120,3733,1703,139,0.863309,1.227414,1.154177,1.073473,,,,,,,,GLOBAL_BASELINE_NO_ENTITY_RANKING,,,NOT_APPLICABLE_GLOBAL_BASELINE,HF9g-P5,,,,X 全窗基线 · 不参与实体赏罚,15054148,1506,A168_HF9F_20260827_0900,2026-08-27 09:00:00
2026-07-30,127529701,2241,0,406.3718276403,53.2620762658,53.2620762658,0.5333333,19,15,0.46568524833333333,0.445455220000,0.5252382114333672,0.6847878038516857,0.5252382114333672,0.02023002833333333,ELIGIBLE,R03b_20260811_FULL_v1,L1_ELIGIBILITY,v2026-08-11,2026-03-21..2026-08-06,baccarat_bet02_101_all_pairs_incl_sentinel,round_win = game_pnl > 0 (decisive only),COMPATIBILITY_ONLY_NOT_PRODUCTION,557989.4742,504875.3716,9878.7574,24851,24505,-0.01770420,0.00338982,-0.02772422,-0.01770420,-9878.7574,557989.4742,OK,0.0000,395.1503,4.0000,96.0000,AG03-UNRESOLVED,ALL5_LEVELS_bet23_to_bet27,395.1503,395.1503,395.1503,0.0000,0.0000,4.000000,4.000000,4.000000,0.000000,0.000000,96.000000,96.000000,96.000000,100.000000,100.000000,5.0,1185.4509,1138.6651,8693.3065,8740.0923,PENDING_AG03,FALSE,NOT_FOR_ENFORCEMENT,9483.6071,484680.3568,9878.7574,9483.6071,395.1503,0.01770420,0.01699603,395.1503,9483.6071,0.01699603,395.1503,395.1503,395.1503,0.0000,0.0000,9483.6071,0.01699603,1185.4509,1138.6651,8693.3065,8740.0923,0.01557970,0.01566354,0.00070817,22.4534,20.6030,0.4031,82.3230,2.6463,4649.9123,204.2083,25.9152,21.1137,12.8578,14.5296,26.176,48.8436,54.2173,102.8621,13.088,0.0,3.731508,7.079487,1.545355,30,207,63,6,0.32204186,0.01770420,-0.00338982,0E-8,0.000000,0.904812,0.002133,0.03111404,2026-03-21,2026-08-06,120,3733,1703,139,0.863309,1.227414,1.154177,1.073473,,,,,,,,GLOBAL_BASELINE_NO_ENTITY_RANKING,,,NOT_APPLICABLE_GLOBAL_BASELINE,HF9g-P5,,,,X 全窗基线 · 不参与实体赏罚,15054149,1506,A168_HF9F_20260827_0900,2026-08-27 09:00:00
2026-07-30,127529701,2242,0,374.3577827691,-20.6542224976,-20.6542224976,0.5000000,15,15,0.50218230000000000,0.502182300000,-0.015119561921926148,-0.015119561921926152,-0.015119561921926148,0E-17,ELIGIBLE,R03b_20260811_FULL_v1,L1_ELIGIBILITY,v2026-08-11,2026-03-21..2026-08-06,baccarat_bet02_101_all_pairs_incl_sentinel,round_win = game_pnl > 0 (decisive only),COMPATIBILITY_ONLY_NOT_PRODUCTION,557989.4742,504875.3716,9878.7574,24851,24505,-0.01770420,0.00338982,-0.02772422,-0.01770420,-9878.7574,557989.4742,OK,0.0000,395.1503,4.0000,96.0000,AG03-UNRESOLVED,ALL5_LEVELS_bet23_to_bet27,395.1503,395.1503,395.1503,0.0000,0.0000,4.000000,4.000000,4.000000,0.000000,0.000000,96.000000,96.000000,96.000000,100.000000,100.000000,5.0,1185.4509,1138.6651,8693.3065,8740.0923,PENDING_AG03,FALSE,NOT_FOR_ENFORCEMENT,9483.6071,484680.3568,9878.7574,9483.6071,395.1503,0.01770420,0.01699603,395.1503,9483.6071,0.01699603,395.1503,395.1503,395.1503,0.0000,0.0000,9483.6071,0.01699603,1185.4509,1138.6651,8693.3065,8740.0923,0.01557970,0.01566354,0.00070817,22.4534,20.6030,0.4031,82.3230,2.6463,4649.9123,204.2083,25.9152,21.1137,12.8578,14.5296,26.176,48.8436,54.2173,102.8621,13.088,0.0,3.731508,7.079487,1.545355,30,207,63,6,0.32204186,0.01770420,-0.00338982,0E-8,0.000000,0.904812,0.002133,0.03111404,2026-03-21,2026-08-06,120,3733,1703,139,0.863309,1.227414,1.154177,1.073473,,,,,,,,GLOBAL_BASELINE_NO_ENTITY_RANKING,,,NOT_APPLICABLE_GLOBAL_BASELINE,HF9g-P5,,,,X 全窗基线 · 不参与实体赏罚,15054150,1506,A168_HF9F_20260827_0900,2026-08-27 09:00:00
2026-07-30,127529701,2250,0,201.6368471328,-112.5655126119,-112.5655126119,0.2857143,8,8,0.49659680000000000,0.496596800000,-1.1159112260582862,-1.1159112260582862,-1.1159112260582862,0E-17,ELIGIBLE,R03b_20260811_FULL_v1,L1_ELIGIBILITY,v2026-08-11,2026-03-21..2026-08-06,baccarat_bet02_101_all_pairs_incl_sentinel,round_win = game_pnl > 0 (decisive only),COMPATIBILITY_ONLY_NOT_PRODUCTION,557989.4742,504875.3716,9878.7574,24851,24505,-0.01770420,0.00338982,-0.02772422,-0.01770420,-9878.7574,557989.4742,OK,0.0000,395.1503,4.0000,96.0000,AG03-UNRESOLVED,ALL5_LEVELS_bet23_to_bet27,395.1503,395.1503,395.1503,0.0000,0.0000,4.000000,4.000000,4.000000,0.000000,0.000000,96.000000,96.000000,96.000000,100.000000,100.000000,5.0,1185.4509,1138.6651,8693.3065,8740.0923,PENDING_AG03,FALSE,NOT_FOR_ENFORCEMENT,9483.6071,484680.3568,9878.7574,9483.6071,395.1503,0.01770420,0.01699603,395.1503,9483.6071,0.01699603,395.1503,395.1503,395.1503,0.0000,0.0000,9483.6071,0.01699603,1185.4509,1138.6651,8693.3065,8740.0923,0.01557970,0.01566354,0.00070817,22.4534,20.6030,0.4031,82.3230,2.6463,4649.9123,204.2083,25.9152,21.1137,12.8578,14.5296,26.176,48.8436,54.2173,102.8621,13.088,0.0,3.731508,7.079487,1.545355,30,207,63,6,0.32204186,0.01770420,-0.00338982,0E-8,0.000000,0.904812,0.002133,0.03111404,2026-03-21,2026-08-06,120,3733,1703,139,0.863309,1.227414,1.154177,1.073473,,,,,,,,GLOBAL_BASELINE_NO_ENTITY_RANKING,,,NOT_APPLICABLE_GLOBAL_BASELINE,HF9g-P5,,,,X 全窗基线 · 不参与实体赏罚,15054151,1506,A168_HF9F_20260827_0900,2026-08-27 09:00:00
2026-07-30,127529701,462,0,91.6531123331,61.7044897116,61.7044897116,0.8333333,6,6,0.49771390000000000,0.497713900000,1.6442099050618135,1.6442099050618135,1.6442099050618135,0E-17,ELIGIBLE,R03b_20260811_FULL_v1,L1_ELIGIBILITY,v2026-08-11,2026-03-21..2026-08-06,baccarat_bet02_101_all_pairs_incl_sentinel,round_win = game_pnl > 0 (decisive only),COMPATIBILITY_ONLY_NOT_PRODUCTION,557989.4742,504875.3716,9878.7574,24851,24505,-0.01770420,0.00338982,-0.02772422,-0.01770420,-9878.7574,557989.4742,OK,0.0000,395.1503,4.0000,96.0000,AG03-UNRESOLVED,ALL5_LEVELS_bet23_to_bet27,395.1503,395.1503,395.1503,0.0000,0.0000,4.000000,4.000000,4.000000,0.000000,0.000000,96.000000,96.000000,96.000000,100.000000,100.000000,5.0,1185.4509,1138.6651,8693.3065,8740.0923,PENDING_AG03,FALSE,NOT_FOR_ENFORCEMENT,9483.6071,484680.3568,9878.7574,9483.6071,395.1503,0.01770420,0.01699603,395.1503,9483.6071,0.01699603,395.1503,395.1503,395.1503,0.0000,0.0000,9483.6071,0.01699603,1185.4509,1138.6651,8693.3065,8740.0923,0.01557970,0.01566354,0.00070817,22.4534,20.6030,0.4031,82.3230,2.6463,4649.9123,204.2083,25.9152,21.1137,12.8578,14.5296,26.176,48.8436,54.2173,102.8621,13.088,0.0,3.731508,7.079487,1.545355,30,207,63,6,0.32204186,0.01770420,-0.00338982,0E-8,0.000000,0.904812,0.002133,0.03111404,2026-03-21,2026-08-06,120,3733,1703,139,0.863309,1.227414,1.154177,1.073473,,,,,,,,GLOBAL_BASELINE_NO_ENTITY_RANKING,,,NOT_APPLICABLE_GLOBAL_BASELINE,HF9g-P5,,,,X 全窗基线 · 不参与实体赏罚,15054152,1506,A168_HF9F_20260827_0900,2026-08-27 09:00:00
2026-07-30,127529701,529,0,38.7266671830,12.9088890610,12.9088890610,1.0000000,2,2,0.49994810000000000,0.499948100000,1.0001038053877793,1.0001038053877793,1.0001038053877793,0E-17,ELIGIBLE,R03b_20260811_FULL_v1,L1_ELIGIBILITY,v2026-08-11,2026-03-21..2026-08-06,baccarat_bet02_101_all_pairs_incl_sentinel,round_win = game_pnl > 0 (decisive only),COMPATIBILITY_ONLY_NOT_PRODUCTION,557989.4742,504875.3716,9878.7574,24851,24505,-0.01770420,0.00338982,-0.02772422,-0.01770420,-9878.7574,557989.4742,OK,0.0000,395.1503,4.0000,96.0000,AG03-UNRESOLVED,ALL5_LEVELS_bet23_to_bet27,395.1503,395.1503,395.1503,0.0000,0.0000,4.000000,4.000000,4.000000,0.000000,0.000000,96.000000,96.000000,96.000000,100.000000,100.000000,5.0,1185.4509,1138.6651,8693.3065,8740.0923,PENDING_AG03,FALSE,NOT_FOR_ENFORCEMENT,9483.6071,484680.3568,9878.7574,9483.6071,395.1503,0.01770420,0.01699603,395.1503,9483.6071,0.01699603,395.1503,395.1503,395.1503,0.0000,0.0000,9483.6071,0.01699603,1185.4509,1138.6651,8693.3065,8740.0923,0.01557970,0.01566354,0.00070817,22.4534,20.6030,0.4031,82.3230,2.6463,4649.9123,204.2083,25.9152,21.1137,12.8578,14.5296,26.176,48.8436,54.2173,102.8621,13.088,0.0,3.731508,7.079487,1.545355,30,207,63,6,0.32204186,0.01770420,-0.00338982,0E-8,0.000000,0.904812,0.002133,0.03111404,2026-03-21,2026-08-06,120,3733,1703,139,0.863309,1.227414,1.154177,1.073473,,,,,,,,GLOBAL_BASELINE_NO_ENTITY_RANKING,,,NOT_APPLICABLE_GLOBAL_BASELINE,HF9g-P5,,,,X 全窗基线 · 不参与实体赏罚,15054153,1506,A168_HF9F_20260827_0900,2026-08-27 09:00:00
2026-07-30,127529701,550,0,38.7266671830,-38.7266671830,-38.7266671830,0E-7,2,2,0.49324550000000000,0.493245500000,-1.3952362676504506,-1.3952362676504506,-1.3952362676504506,0E-17,ELIGIBLE,R03b_20260811_FULL_v1,L1_ELIGIBILITY,v2026-08-11,2026-03-21..2026-08-06,baccarat_bet02_101_all_pairs_incl_sentinel,round_win = game_pnl > 0 (decisive only),COMPATIBILITY_ONLY_NOT_PRODUCTION,557989.4742,504875.3716,9878.7574,24851,24505,-0.01770420,0.00338982,-0.02772422,-0.01770420,-9878.7574,557989.4742,OK,0.0000,395.1503,4.0000,96.0000,AG03-UNRESOLVED,ALL5_LEVELS_bet23_to_bet27,395.1503,395.1503,395.1503,0.0000,0.0000,4.000000,4.000000,4.000000,0.000000,0.000000,96.000000,96.000000,96.000000,100.000000,100.000000,5.0,1185.4509,1138.6651,8693.3065,8740.0923,PENDING_AG03,FALSE,NOT_FOR_ENFORCEMENT,9483.6071,484680.3568,9878.7574,9483.6071,395.1503,0.01770420,0.01699603,395.1503,9483.6071,0.01699603,395.1503,395.1503,395.1503,0.0000,0.0000,9483.6071,0.01699603,1185.4509,1138.6651,8693.3065,8740.0923,0.01557970,0.01566354,0.00070817,22.4534,20.6030,0.4031,82.3230,2.6463,4649.9123,204.2083,25.9152,21.1137,12.8578,14.5296,26.176,48.8436,54.2173,102.8621,13.088,0.0,3.731508,7.079487,1.545355,30,207,63,6,0.32204186,0.01770420,-0.00338982,0E-8,0.000000,0.904812,0.002133,0.03111404,2026-03-21,2026-08-06,120,3733,1703,139,0.863309,1.227414,1.154177,1.073473,,,,,,,,GLOBAL_BASELINE_NO_ENTITY_RANKING,,,NOT_APPLICABLE_GLOBAL_BASELINE,HF9g-P5,,,,X 全窗基线 · 不参与实体赏罚,15054154,1506,A168_HF9F_20260827_0900,2026-08-27 09:00:00
2026-07-30,127529701,919,0,530.8135181883,24.6430692177,24.6430692177,0.5500000,22,22,0.50177608181818182,0.501776081818,0.43133055802801723,0.431330558029643,0.43133055802801723,1.8182E-13,ELIGIBLE,R03b_20260811_FULL_v1,L1_ELIGIBILITY,v2026-08-11,2026-03-21..2026-08-06,baccarat_bet02_101_all_pairs_incl_sentinel,round_win = game_pnl > 0 (decisive only),COMPATIBILITY_ONLY_NOT_PRODUCTION,557989.4742,504875.3716,9878.7574,24851,24505,-0.01770420,0.00338982,-0.02772422,-0.01770420,-9878.7574,557989.4742,OK,0.0000,395.1503,4.0000,96.0000,AG03-UNRESOLVED,ALL5_LEVELS_bet23_to_bet27,395.1503,395.1503,395.1503,0.0000,0.0000,4.000000,4.000000,4.000000,0.000000,0.000000,96.000000,96.000000,96.000000,100.000000,100.000000,5.0,1185.4509,1138.6651,8693.3065,8740.0923,PENDING_AG03,FALSE,NOT_FOR_ENFORCEMENT,9483.6071,484680.3568,9878.7574,9483.6071,395.1503,0.01770420,0.01699603,395.1503,9483.6071,0.01699603,395.1503,395.1503,395.1503,0.0000,0.0000,9483.6071,0.01699603,1185.4509,1138.6651,8693.3065,8740.0923,0.01557970,0.01566354,0.00070817,22.4534,20.6030,0.4031,82.3230,2.6463,4649.9123,204.2083,25.9152,21.1137,12.8578,14.5296,26.176,48.8436,54.2173,102.8621,13.088,0.0,3.731508,7.079487,1.545355,30,207,63,6,0.32204186,0.01770420,-0.00338982,0E-8,0.000000,0.904812,0.002133,0.03111404,2026-03-21,2026-08-06,120,3733,1703,139,0.863309,1.227414,1.154177,1.073473,,,,,,,,GLOBAL_BASELINE_NO_ENTITY_RANKING,,,NOT_APPLICABLE_GLOBAL_BASELINE,HF9g-P5,,,,X 全窗基线 · 不参与实体赏罚,15054155,1506,A168_HF9F_20260827_0900,2026-08-27 09:00:00
2026-07-30,127529701,948,0,68.9334675858,5.3313711822,5.3313711822,0.3333333,4,4,0.50329940000000000,0.503299400000,-0.5887925454369916,-0.5887925454369916,-0.5887925454369916,0E-17,ELIGIBLE,R03b_20260811_FULL_v1,L1_ELIGIBILITY,v2026-08-11,2026-03-21..2026-08-06,baccarat_bet02_101_all_pairs_incl_sentinel,round_win = game_pnl > 0 (decisive only),COMPATIBILITY_ONLY_NOT_PRODUCTION,557989.4742,504875.3716,9878.7574,24851,24505,-0.01770420,0.00338982,-0.02772422,-0.01770420,-9878.7574,557989.4742,OK,0.0000,395.1503,4.0000,96.0000,AG03-UNRESOLVED,ALL5_LEVELS_bet23_to_bet27,395.1503,395.1503,395.1503,0.0000,0.0000,4.000000,4.000000,4.000000,0.000000,0.000000,96.000000,96.000000,96.000000,100.000000,100.000000,5.0,1185.4509,1138.6651,8693.3065,8740.0923,PENDING_AG03,FALSE,NOT_FOR_ENFORCEMENT,9483.6071,484680.3568,9878.7574,9483.6071,395.1503,0.01770420,0.01699603,395.1503,9483.6071,0.01699603,395.1503,395.1503,395.1503,0.0000,0.0000,9483.6071,0.01699603,1185.4509,1138.6651,8693.3065,8740.0923,0.01557970,0.01566354,0.00070817,22.4534,20.6030,0.4031,82.3230,2.6463,4649.9123,204.2083,25.9152,21.1137,12.8578,14.5296,26.176,48.8436,54.2173,102.8621,13.088,0.0,3.731508,7.079487,1.545355,30,207,63,6,0.32204186,0.01770420,-0.00338982,0E-8,0.000000,0.904812,0.002133,0.03111404,2026-03-21,2026-08-06,120,3733,1703,139,0.863309,1.227414,1.154177,1.073473,,,,,,,,GLOBAL_BASELINE_NO_ENTITY_RANKING,,,NOT_APPLICABLE_GLOBAL_BASELINE,HF9g-P5,,,,X 全窗基线 · 不参与实体赏罚,15054156,1506,A168_HF9F_20260827_0900,2026-08-27 09:00:00
2026-07-31,127529701,-1,1,1383.5747295581,-25.9726847907,-25.9726847907,0.4561404,62,60,0.49388032333333333,0.491628405000,-0.5699037751669465,-0.5359329916095454,-0.5699037751669465,0.00225191833333333,SENTINEL_DEALER,R03b_20260811_FULL_v1,L1_ELIGIBILITY,v2026-08-11,2026-03-21..2026-08-06,baccarat_bet02_101_all_pairs_incl_sentinel,round_win = game_pnl > 0 (decisive only),COMPATIBILITY_ONLY_NOT_PRODUCTION,557989.4742,504875.3716,9878.7574,24851,24505,-0.01770420,0.00338982,-0.02772422,-0.01770420,-9878.7574,557989.4742,OK,0.0000,395.1503,4.0000,96.0000,AG03-UNRESOLVED,ALL5_LEVELS_bet23_to_bet27,395.1503,395.1503,395.1503,0.0000,0.0000,4.000000,4.000000,4.000000,0.000000,0.000000,96.000000,96.000000,96.000000,100.000000,100.000000,5.0,1185.4509,1138.6651,8693.3065,8740.0923,PENDING_AG03,FALSE,NOT_FOR_ENFORCEMENT,9483.6071,484680.3568,9878.7574,9483.6071,395.1503,0.01770420,0.01699603,395.1503,9483.6071,0.01699603,395.1503,395.1503,395.1503,0.0000,0.0000,9483.6071,0.01699603,1185.4509,1138.6651,8693.3065,8740.0923,0.01557970,0.01566354,0.00070817,22.4534,20.6030,0.4031,82.3230,2.6463,4649.9123,204.2083,25.9152,21.1137,12.8578,14.5296,26.176,48.8436,54.2173,102.8621,13.088,0.0,3.731508,7.079487,1.545355,30,207,63,6,0.32204186,0.01770420,-0.00338982,0E-8,0.000000,0.904812,0.002133,0.03111404,2026-03-21,2026-08-06,120,3733,1703,139,0.863309,1.227414,1.154177,1.073473,,,,,,,,GLOBAL_BASELINE_NO_ENTITY_RANKING,,,NOT_APPLICABLE_GLOBAL_BASELINE,HF9g-P5,,,,X 全窗基线 · 不参与实体赏罚,15054157,1506,A168_HF9F_20260827_0900,2026-08-27 09:00:00
2026-07-31,127529701,1157,0,41.3084449952,40.6630005422,40.6630005422,1.0000000,3,3,0.49771390000000000,0.497713900000,1.739988277604938,1.739988277604938,1.739988277604938,0E-17,ELIGIBLE,R03b_20260811_FULL_v1,L1_ELIGIBILITY,v2026-08-11,2026-03-21..2026-08-06,baccarat_bet02_101_all_pairs_incl_sentinel,round_win = game_pnl > 0 (decisive only),COMPATIBILITY_ONLY_NOT_PRODUCTION,557989.4742,504875.3716,9878.7574,24851,24505,-0.01770420,0.00338982,-0.02772422,-0.01770420,-9878.7574,557989.4742,OK,0.0000,395.1503,4.0000,96.0000,AG03-UNRESOLVED,ALL5_LEVELS_bet23_to_bet27,395.1503,395.1503,395.1503,0.0000,0.0000,4.000000,4.000000,4.000000,0.000000,0.000000,96.000000,96.000000,96.000000,100.000000,100.000000,5.0,1185.4509,1138.6651,8693.3065,8740.0923,PENDING_AG03,FALSE,NOT_FOR_ENFORCEMENT,9483.6071,484680.3568,9878.7574,9483.6071,395.1503,0.01770420,0.01699603,395.1503,9483.6071,0.01699603,395.1503,395.1503,395.1503,0.0000,0.0000,9483.6071,0.01699603,1185.4509,1138.6651,8693.3065,8740.0923,0.01557970,0.01566354,0.00070817,22.4534,20.6030,0.4031,82.3230,2.6463,4649.9123,204.2083,25.9152,21.1137,12.8578,14.5296,26.176,48.8436,54.2173,102.8621,13.088,0.0,3.731508,7.079487,1.545355,30,207,63,6,0.32204186,0.01770420,-0.00338982,0E-8,0.000000,0.904812,0.002133,0.03111404,2026-03-21,2026-08-06,120,3733,1703,139,0.863309,1.227414,1.154177,1.073473,,,,,,,,GLOBAL_BASELINE_NO_ENTITY_RANKING,,,NOT_APPLICABLE_GLOBAL_BASELINE,HF9g-P5,,,,X 全窗基线 · 不参与实体赏罚,15054158,1506,A168_HF9F_20260827_0900,2026-08-27 09:00:00
2026-07-31,127529701,1304,0,61.9626674928,33.8212893398,33.8212893398,0.6000000,6,6,0.50218230000000000,0.502182300000,0.4374582199563857,0.4374582199563857,0.4374582199563857,0E-17,ELIGIBLE,R03b_20260811_FULL_v1,L1_ELIGIBILITY,v2026-08-11,2026-03-21..2026-08-06,baccarat_bet02_101_all_pairs_incl_sentinel,round_win = game_pnl > 0 (decisive only),COMPATIBILITY_ONLY_NOT_PRODUCTION,557989.4742,504875.3716,9878.7574,24851,24505,-0.01770420,0.00338982,-0.02772422,-0.01770420,-9878.7574,557989.4742,OK,0.0000,395.1503,4.0000,96.0000,AG03-UNRESOLVED,ALL5_LEVELS_bet23_to_bet27,395.1503,395.1503,395.1503,0.0000,0.0000,4.000000,4.000000,4.000000,0.000000,0.000000,96.000000,96.000000,96.000000,100.000000,100.000000,5.0,1185.4509,1138.6651,8693.3065,8740.0923,PENDING_AG03,FALSE,NOT_FOR_ENFORCEMENT,9483.6071,484680.3568,9878.7574,9483.6071,395.1503,0.01770420,0.01699603,395.1503,9483.6071,0.01699603,395.1503,395.1503,395.1503,0.0000,0.0000,9483.6071,0.01699603,1185.4509,1138.6651,8693.3065,8740.0923,0.01557970,0.01566354,0.00070817,22.4534,20.6030,0.4031,82.3230,2.6463,4649.9123,204.2083,25.9152,21.1137,12.8578,14.5296,26.176,48.8436,54.2173,102.8621,13.088,0.0,3.731508,7.079487,1.545355,30,207,63,6,0.32204186,0.01770420,-0.00338982,0E-8,0.000000,0.904812,0.002133,0.03111404,2026-03-21,2026-08-06,120,3733,1703,139,0.863309,1.227414,1.154177,1.073473,,,,,,,,GLOBAL_BASELINE_NO_ENTITY_RANKING,,,NOT_APPLICABLE_GLOBAL_BASELINE,HF9g-P5,,,,X 全窗基线 · 不参与实体赏罚,15054159,1506,A168_HF9F_20260827_0900,2026-08-27 09:00:00
2026-07-31,127529701,1306,0,139.6741796399,1.1618000155,1.1618000155,0.4444444,10,10,0.49860758000000000,0.498607580000,-0.3249800735002549,-0.32498007350025493,-0.3249800735002549,0E-17,ELIGIBLE,R03b_20260811_FULL_v1,L1_ELIGIBILITY,v2026-08-11,2026-03-21..2026-08-06,baccarat_bet02_101_all_pairs_incl_sentinel,round_win = game_pnl > 0 (decisive only),COMPATIBILITY_ONLY_NOT_PRODUCTION,557989.4742,504875.3716,9878.7574,24851,24505,-0.01770420,0.00338982,-0.02772422,-0.01770420,-9878.7574,557989.4742,OK,0.0000,395.1503,4.0000,96.0000,AG03-UNRESOLVED,ALL5_LEVELS_bet23_to_bet27,395.1503,395.1503,395.1503,0.0000,0.0000,4.000000,4.000000,4.000000,0.000000,0.000000,96.000000,96.000000,96.000000,100.000000,100.000000,5.0,1185.4509,1138.6651,8693.3065,8740.0923,PENDING_AG03,FALSE,NOT_FOR_ENFORCEMENT,9483.6071,484680.3568,9878.7574,9483.6071,395.1503,0.01770420,0.01699603,395.1503,9483.6071,0.01699603,395.1503,395.1503,395.1503,0.0000,0.0000,9483.6071,0.01699603,1185.4509,1138.6651,8693.3065,8740.0923,0.01557970,0.01566354,0.00070817,22.4534,20.6030,0.4031,82.3230,2.6463,4649.9123,204.2083,25.9152,21.1137,12.8578,14.5296,26.176,48.8436,54.2173,102.8621,13.088,0.0,3.731508,7.079487,1.545355,30,207,63,6,0.32204186,0.01770420,-0.00338982,0E-8,0.000000,0.904812,0.002133,0.03111404,2026-03-21,2026-08-06,120,3733,1703,139,0.863309,1.227414,1.154177,1.073473,,,,,,,,GLOBAL_BASELINE_NO_ENTITY_RANKING,,,NOT_APPLICABLE_GLOBAL_BASELINE,HF9g-P5,,,,X 全窗基线 · 不参与实体赏罚,15054160,1506,A168_HF9F_20260827_0900,2026-08-27 09:00:00
2026-07-31,127529701,1331,0,480.4688508504,19.0922469214,19.0922469214,0.5517241,31,31,0.49886703548387097,0.498867035484,0.5692898773037709,0.5692898773023808,0.5692898773037709,-1.2903E-13,ELIGIBLE,R03b_20260811_FULL_v1,L1_ELIGIBILITY,v2026-08-11,2026-03-21..2026-08-06,baccarat_bet02_101_all_pairs_incl_sentinel,round_win = game_pnl > 0 (decisive only),COMPATIBILITY_ONLY_NOT_PRODUCTION,557989.4742,504875.3716,9878.7574,24851,24505,-0.01770420,0.00338982,-0.02772422,-0.01770420,-9878.7574,557989.4742,OK,0.0000,395.1503,4.0000,96.0000,AG03-UNRESOLVED,ALL5_LEVELS_bet23_to_bet27,395.1503,395.1503,395.1503,0.0000,0.0000,4.000000,4.000000,4.000000,0.000000,0.000000,96.000000,96.000000,96.000000,100.000000,100.000000,5.0,1185.4509,1138.6651,8693.3065,8740.0923,PENDING_AG03,FALSE,NOT_FOR_ENFORCEMENT,9483.6071,484680.3568,9878.7574,9483.6071,395.1503,0.01770420,0.01699603,395.1503,9483.6071,0.01699603,395.1503,395.1503,395.1503,0.0000,0.0000,9483.6071,0.01699603,1185.4509,1138.6651,8693.3065,8740.0923,0.01557970,0.01566354,0.00070817,22.4534,20.6030,0.4031,82.3230,2.6463,4649.9123,204.2083,25.9152,21.1137,12.8578,14.5296,26.176,48.8436,54.2173,102.8621,13.088,0.0,3.731508,7.079487,1.545355,30,207,63,6,0.32204186,0.01770420,-0.00338982,0E-8,0.000000,0.904812,0.002133,0.03111404,2026-03-21,2026-08-06,120,3733,1703,139,0.863309,1.227414,1.154177,1.073473,,,,,,,,GLOBAL_BASELINE_NO_ENTITY_RANKING,,,NOT_APPLICABLE_GLOBAL_BASELINE,HF9g-P5,,,,X 全窗基线 · 不参与实体赏罚,15054161,1506,A168_HF9F_20260827_0900,2026-08-27 09:00:00
2026-07-31,127529701,1384,0,273.1520925308,-63.4471897347,-63.4471897347,0.3846154,15,15,0.50128862000000000,0.501288620000,-0.8413454594897704,-0.8413454594897705,-0.8413454594897704,0E-17,ELIGIBLE,R03b_20260811_FULL_v1,L1_ELIGIBILITY,v2026-08-11,2026-03-21..2026-08-06,baccarat_bet02_101_all_pairs_incl_sentinel,round_win = game_pnl > 0 (decisive only),COMPATIBILITY_ONLY_NOT_PRODUCTION,557989.4742,504875.3716,9878.7574,24851,24505,-0.01770420,0.00338982,-0.02772422,-0.01770420,-9878.7574,557989.4742,OK,0.0000,395.1503,4.0000,96.0000,AG03-UNRESOLVED,ALL5_LEVELS_bet23_to_bet27,395.1503,395.1503,395.1503,0.0000,0.0000,4.000000,4.000000,4.000000,0.000000,0.000000,96.000000,96.000000,96.000000,100.000000,100.000000,5.0,1185.4509,1138.6651,8693.3065,8740.0923,PENDING_AG03,FALSE,NOT_FOR_ENFORCEMENT,9483.6071,484680.3568,9878.7574,9483.6071,395.1503,0.01770420,0.01699603,395.1503,9483.6071,0.01699603,395.1503,395.1503,395.1503,0.0000,0.0000,9483.6071,0.01699603,1185.4509,1138.6651,8693.3065,8740.0923,0.01557970,0.01566354,0.00070817,22.4534,20.6030,0.4031,82.3230,2.6463,4649.9123,204.2083,25.9152,21.1137,12.8578,14.5296,26.176,48.8436,54.2173,102.8621,13.088,0.0,3.731508,7.079487,1.545355,30,207,63,6,0.32204186,0.01770420,-0.00338982,0E-8,0.000000,0.904812,0.002133,0.03111404,2026-03-21,2026-08-06,120,3733,1703,139,0.863309,1.227414,1.154177,1.073473,,,,,,,,GLOBAL_BASELINE_NO_ENTITY_RANKING,,,NOT_APPLICABLE_GLOBAL_BASELINE,HF9g-P5,,,,X 全窗基线 · 不参与实体赏罚,15054162,1506,A168_HF9F_20260827_0900,2026-08-27 09:00:00
2026-07-31,127529701,1509,0,12.9088890610,12.2634446080,12.2634446080,1.0000000,1,1,0.50665070000000000,0.506650700000,0.9867858985152569,0.9867858985152569,0.9867858985152569,0E-17,ELIGIBLE,R03b_20260811_FULL_v1,L1_ELIGIBILITY,v2026-08-11,2026-03-21..2026-08-06,baccarat_bet02_101_all_pairs_incl_sentinel,round_win = game_pnl > 0 (decisive only),COMPATIBILITY_ONLY_NOT_PRODUCTION,557989.4742,504875.3716,9878.7574,24851,24505,-0.01770420,0.00338982,-0.02772422,-0.01770420,-9878.7574,557989.4742,OK,0.0000,395.1503,4.0000,96.0000,AG03-UNRESOLVED,ALL5_LEVELS_bet23_to_bet27,395.1503,395.1503,395.1503,0.0000,0.0000,4.000000,4.000000,4.000000,0.000000,0.000000,96.000000,96.000000,96.000000,100.000000,100.000000,5.0,1185.4509,1138.6651,8693.3065,8740.0923,PENDING_AG03,FALSE,NOT_FOR_ENFORCEMENT,9483.6071,484680.3568,9878.7574,9483.6071,395.1503,0.01770420,0.01699603,395.1503,9483.6071,0.01699603,395.1503,395.1503,395.1503,0.0000,0.0000,9483.6071,0.01699603,1185.4509,1138.6651,8693.3065,8740.0923,0.01557970,0.01566354,0.00070817,22.4534,20.6030,0.4031,82.3230,2.6463,4649.9123,204.2083,25.9152,21.1137,12.8578,14.5296,26.176,48.8436,54.2173,102.8621,13.088,0.0,3.731508,7.079487,1.545355,30,207,63,6,0.32204186,0.01770420,-0.00338982,0E-8,0.000000,0.904812,0.002133,0.03111404,2026-03-21,2026-08-06,120,3733,1703,139,0.863309,1.227414,1.154177,1.073473,,,,,,,,GLOBAL_BASELINE_NO_ENTITY_RANKING,,,NOT_APPLICABLE_GLOBAL_BASELINE,HF9g-P5,,,,X 全窗基线 · 不参与实体赏罚,15054163,1506,A168_HF9F_20260827_0900,2026-08-27 09:00:00
2026-07-31,127529701,1941,0,36.1448893708,-36.1448893708,-36.1448893708,0E-7,2,2,0.50665070000000000,0.506650700000,-1.4331513700195317,-1.4331513700195317,-1.4331513700195317,0E-17,ELIGIBLE,R03b_20260811_FULL_v1,L1_ELIGIBILITY,v2026-08-11,2026-03-21..2026-08-06,baccarat_bet02_101_all_pairs_incl_sentinel,round_win = game_pnl > 0 (decisive only),COMPATIBILITY_ONLY_NOT_PRODUCTION,557989.4742,504875.3716,9878.7574,24851,24505,-0.01770420,0.00338982,-0.02772422,-0.01770420,-9878.7574,557989.4742,OK,0.0000,395.1503,4.0000,96.0000,AG03-UNRESOLVED,ALL5_LEVELS_bet23_to_bet27,395.1503,395.1503,395.1503,0.0000,0.0000,4.000000,4.000000,4.000000,0.000000,0.000000,96.000000,96.000000,96.000000,100.000000,100.000000,5.0,1185.4509,1138.6651,8693.3065,8740.0923,PENDING_AG03,FALSE,NOT_FOR_ENFORCEMENT,9483.6071,484680.3568,9878.7574,9483.6071,395.1503,0.01770420,0.01699603,395.1503,9483.6071,0.01699603,395.1503,395.1503,395.1503,0.0000,0.0000,9483.6071,0.01699603,1185.4509,1138.6651,8693.3065,8740.0923,0.01557970,0.01566354,0.00070817,22.4534,20.6030,0.4031,82.3230,2.6463,4649.9123,204.2083,25.9152,21.1137,12.8578,14.5296,26.176,48.8436,54.2173,102.8621,13.088,0.0,3.731508,7.079487,1.545355,30,207,63,6,0.32204186,0.01770420,-0.00338982,0E-8,0.000000,0.904812,0.002133,0.03111404,2026-03-21,2026-08-06,120,3733,1703,139,0.863309,1.227414,1.154177,1.073473,,,,,,,,GLOBAL_BASELINE_NO_ENTITY_RANKING,,,NOT_APPLICABLE_GLOBAL_BASELINE,HF9g-P5,,,,X 全窗基线 · 不参与实体赏罚,15054164,1506,A168_HF9F_20260827_0900,2026-08-27 09:00:00
2026-07-31,127529701,1942,0,90.3622234270,-40.0175560891,-40.0175560891,0.3333333,3,3,0.50218230000000000,0.502182300000,-0.5849155494134425,-0.5849155494134426,-0.5849155494134425,0E-17,ELIGIBLE,R03b_20260811_FULL_v1,L1_ELIGIBILITY,v2026-08-11,2026-03-21..2026-08-06,baccarat_bet02_101_all_pairs_incl_sentinel,round_win = game_pnl > 0 (decisive only),COMPATIBILITY_ONLY_NOT_PRODUCTION,557989.4742,504875.3716,9878.7574,24851,24505,-0.01770420,0.00338982,-0.02772422,-0.01770420,-9878.7574,557989.4742,OK,0.0000,395.1503,4.0000,96.0000,AG03-UNRESOLVED,ALL5_LEVELS_bet23_to_bet27,395.1503,395.1503,395.1503,0.0000,0.0000,4.000000,4.000000,4.000000,0.000000,0.000000,96.000000,96.000000,96.000000,100.000000,100.000000,5.0,1185.4509,1138.6651,8693.3065,8740.0923,PENDING_AG03,FALSE,NOT_FOR_ENFORCEMENT,9483.6071,484680.3568,9878.7574,9483.6071,395.1503,0.01770420,0.01699603,395.1503,9483.6071,0.01699603,395.1503,395.1503,395.1503,0.0000,0.0000,9483.6071,0.01699603,1185.4509,1138.6651,8693.3065,8740.0923,0.01557970,0.01566354,0.00070817,22.4534,20.6030,0.4031,82.3230,2.6463,4649.9123,204.2083,25.9152,21.1137,12.8578,14.5296,26.176,48.8436,54.2173,102.8621,13.088,0.0,3.731508,7.079487,1.545355,30,207,63,6,0.32204186,0.01770420,-0.00338982,0E-8,0.000000,0.904812,0.002133,0.03111404,2026-03-21,2026-08-06,120,3733,1703,139,0.863309,1.227414,1.154177,1.073473,,,,,,,,GLOBAL_BASELINE_NO_ENTITY_RANKING,,,NOT_APPLICABLE_GLOBAL_BASELINE,HF9g-P5,,,,X 全窗基线 · 不参与实体赏罚,15054165,1506,A168_HF9F_20260827_0900,2026-08-27 09:00:00
2026-07-31,127529701,1994,0,253.0142255956,-40.6630005421,-40.6630005421,0.4444444,11,11,0.49690146363636364,0.496901463636,-0.31474815895811264,-0.31474815895593217,-0.31474815895811264,3.6364E-13,ELIGIBLE,R03b_20260811_FULL_v1,L1_ELIGIBILITY,v2026-08-11,2026-03-21..2026-08-06,baccarat_bet02_101_all_pairs_incl_sentinel,round_win = game_pnl > 0 (decisive only),COMPATIBILITY_ONLY_NOT_PRODUCTION,557989.4742,504875.3716,9878.7574,24851,24505,-0.01770420,0.00338982,-0.02772422,-0.01770420,-9878.7574,557989.4742,OK,0.0000,395.1503,4.0000,96.0000,AG03-UNRESOLVED,ALL5_LEVELS_bet23_to_bet27,395.1503,395.1503,395.1503,0.0000,0.0000,4.000000,4.000000,4.000000,0.000000,0.000000,96.000000,96.000000,96.000000,100.000000,100.000000,5.0,1185.4509,1138.6651,8693.3065,8740.0923,PENDING_AG03,FALSE,NOT_FOR_ENFORCEMENT,9483.6071,484680.3568,9878.7574,9483.6071,395.1503,0.01770420,0.01699603,395.1503,9483.6071,0.01699603,395.1503,395.1503,395.1503,0.0000,0.0000,9483.6071,0.01699603,1185.4509,1138.6651,8693.3065,8740.0923,0.01557970,0.01566354,0.00070817,22.4534,20.6030,0.4031,82.3230,2.6463,4649.9123,204.2083,25.9152,21.1137,12.8578,14.5296,26.176,48.8436,54.2173,102.8621,13.088,0.0,3.731508,7.079487,1.545355,30,207,63,6,0.32204186,0.01770420,-0.00338982,0E-8,0.000000,0.904812,0.002133,0.03111404,2026-03-21,2026-08-06,120,3733,1703,139,0.863309,1.227414,1.154177,1.073473,,,,,,,,GLOBAL_BASELINE_NO_ENTITY_RANKING,,,NOT_APPLICABLE_GLOBAL_BASELINE,HF9g-P5,,,,X 全窗基线 · 不参与实体赏罚,15054166,1506,A168_HF9F_20260827_0900,2026-08-27 09:00:00
2026-07-31,127529701,2156,0,49.8283117754,12.5861668345,12.5861668345,0.6666667,4,4,0.49659680000000000,0.496596800000,0.5891529468324541,0.589152946832454,0.5891529468324541,0E-17,ELIGIBLE,R03b_20260811_FULL_v1,L1_ELIGIBILITY,v2026-08-11,2026-03-21..2026-08-06,baccarat_bet02_101_all_pairs_incl_sentinel,round_win = game_pnl > 0 (decisive only),COMPATIBILITY_ONLY_NOT_PRODUCTION,557989.4742,504875.3716,9878.7574,24851,24505,-0.01770420,0.00338982,-0.02772422,-0.01770420,-9878.7574,557989.4742,OK,0.0000,395.1503,4.0000,96.0000,AG03-UNRESOLVED,ALL5_LEVELS_bet23_to_bet27,395.1503,395.1503,395.1503,0.0000,0.0000,4.000000,4.000000,4.000000,0.000000,0.000000,96.000000,96.000000,96.000000,100.000000,100.000000,5.0,1185.4509,1138.6651,8693.3065,8740.0923,PENDING_AG03,FALSE,NOT_FOR_ENFORCEMENT,9483.6071,484680.3568,9878.7574,9483.6071,395.1503,0.01770420,0.01699603,395.1503,9483.6071,0.01699603,395.1503,395.1503,395.1503,0.0000,0.0000,9483.6071,0.01699603,1185.4509,1138.6651,8693.3065,8740.0923,0.01557970,0.01566354,0.00070817,22.4534,20.6030,0.4031,82.3230,2.6463,4649.9123,204.2083,25.9152,21.1137,12.8578,14.5296,26.176,48.8436,54.2173,102.8621,13.088,0.0,3.731508,7.079487,1.545355,30,207,63,6,0.32204186,0.01770420,-0.00338982,0E-8,0.000000,0.904812,0.002133,0.03111404,2026-03-21,2026-08-06,120,3733,1703,139,0.863309,1.227414,1.154177,1.073473,,,,,,,,GLOBAL_BASELINE_NO_ENTITY_RANKING,,,NOT_APPLICABLE_GLOBAL_BASELINE,HF9g-P5,,,,X 全窗基线 · 不参与实体赏罚,15054167,1506,A168_HF9F_20260827_0900,2026-08-27 09:00:00
2026-07-31,127529701,2280,0,20.6542224976,20.6542224976,20.6542224976,1.0000000,1,1,0.49324550000000000,0.493245500000,1.01360149184955,1.01360149184955,1.01360149184955,0E-17,ELIGIBLE,R03b_20260811_FULL_v1,L1_ELIGIBILITY,v2026-08-11,2026-03-21..2026-08-06,baccarat_bet02_101_all_pairs_incl_sentinel,round_win = game_pnl > 0 (decisive only),COMPATIBILITY_ONLY_NOT_PRODUCTION,557989.4742,504875.3716,9878.7574,24851,24505,-0.01770420,0.00338982,-0.02772422,-0.01770420,-9878.7574,557989.4742,OK,0.0000,395.1503,4.0000,96.0000,AG03-UNRESOLVED,ALL5_LEVELS_bet23_to_bet27,395.1503,395.1503,395.1503,0.0000,0.0000,4.000000,4.000000,4.000000,0.000000,0.000000,96.000000,96.000000,96.000000,100.000000,100.000000,5.0,1185.4509,1138.6651,8693.3065,8740.0923,PENDING_AG03,FALSE,NOT_FOR_ENFORCEMENT,9483.6071,484680.3568,9878.7574,9483.6071,395.1503,0.01770420,0.01699603,395.1503,9483.6071,0.01699603,395.1503,395.1503,395.1503,0.0000,0.0000,9483.6071,0.01699603,1185.4509,1138.6651,8693.3065,8740.0923,0.01557970,0.01566354,0.00070817,22.4534,20.6030,0.4031,82.3230,2.6463,4649.9123,204.2083,25.9152,21.1137,12.8578,14.5296,26.176,48.8436,54.2173,102.8621,13.088,0.0,3.731508,7.079487,1.545355,30,207,63,6,0.32204186,0.01770420,-0.00338982,0E-8,0.000000,0.904812,0.002133,0.03111404,2026-03-21,2026-08-06,120,3733,1703,139,0.863309,1.227414,1.154177,1.073473,,,,,,,,GLOBAL_BASELINE_NO_ENTITY_RANKING,,,NOT_APPLICABLE_GLOBAL_BASELINE,HF9g-P5,,,,X 全窗基线 · 不参与实体赏罚,15054168,1506,A168_HF9F_20260827_0900,2026-08-27 09:00:00
2026-07-31,127529701,550,0,194.9242248211,-39.3721116360,-39.3721116360,0.4545455,11,11,0.49812011818181818,0.498120118182,-0.28904366223770966,-0.2890436622389153,-0.28904366223770966,-1.8182E-13,ELIGIBLE,R03b_20260811_FULL_v1,L1_ELIGIBILITY,v2026-08-11,2026-03-21..2026-08-06,baccarat_bet02_101_all_pairs_incl_sentinel,round_win = game_pnl > 0 (decisive only),COMPATIBILITY_ONLY_NOT_PRODUCTION,557989.4742,504875.3716,9878.7574,24851,24505,-0.01770420,0.00338982,-0.02772422,-0.01770420,-9878.7574,557989.4742,OK,0.0000,395.1503,4.0000,96.0000,AG03-UNRESOLVED,ALL5_LEVELS_bet23_to_bet27,395.1503,395.1503,395.1503,0.0000,0.0000,4.000000,4.000000,4.000000,0.000000,0.000000,96.000000,96.000000,96.000000,100.000000,100.000000,5.0,1185.4509,1138.6651,8693.3065,8740.0923,PENDING_AG03,FALSE,NOT_FOR_ENFORCEMENT,9483.6071,484680.3568,9878.7574,9483.6071,395.1503,0.01770420,0.01699603,395.1503,9483.6071,0.01699603,395.1503,395.1503,395.1503,0.0000,0.0000,9483.6071,0.01699603,1185.4509,1138.6651,8693.3065,8740.0923,0.01557970,0.01566354,0.00070817,22.4534,20.6030,0.4031,82.3230,2.6463,4649.9123,204.2083,25.9152,21.1137,12.8578,14.5296,26.176,48.8436,54.2173,102.8621,13.088,0.0,3.731508,7.079487,1.545355,30,207,63,6,0.32204186,0.01770420,-0.00338982,0E-8,0.000000,0.904812,0.002133,0.03111404,2026-03-21,2026-08-06,120,3733,1703,139,0.863309,1.227414,1.154177,1.073473,,,,,,,,GLOBAL_BASELINE_NO_ENTITY_RANKING,,,NOT_APPLICABLE_GLOBAL_BASELINE,HF9g-P5,,,,X 全窗基线 · 不参与实体赏罚,15054169,1506,A168_HF9F_20260827_0900,2026-08-27 09:00:00
2026-07-31,127529701,752,0,183.8225802287,25.9855936798,25.9855936798,0.5454545,12,12,0.49883100000000000,0.498831000000,0.30926645860173146,0.30926645860173146,0.30926645860173146,0E-17,ELIGIBLE,R03b_20260811_FULL_v1,L1_ELIGIBILITY,v2026-08-11,2026-03-21..2026-08-06,baccarat_bet02_101_all_pairs_incl_sentinel,round_win = game_pnl > 0 (decisive only),COMPATIBILITY_ONLY_NOT_PRODUCTION,557989.4742,504875.3716,9878.7574,24851,24505,-0.01770420,0.00338982,-0.02772422,-0.01770420,-9878.7574,557989.4742,OK,0.0000,395.1503,4.0000,96.0000,AG03-UNRESOLVED,ALL5_LEVELS_bet23_to_bet27,395.1503,395.1503,395.1503,0.0000,0.0000,4.000000,4.000000,4.000000,0.000000,0.000000,96.000000,96.000000,96.000000,100.000000,100.000000,5.0,1185.4509,1138.6651,8693.3065,8740.0923,PENDING_AG03,FALSE,NOT_FOR_ENFORCEMENT,9483.6071,484680.3568,9878.7574,9483.6071,395.1503,0.01770420,0.01699603,395.1503,9483.6071,0.01699603,395.1503,395.1503,395.1503,0.0000,0.0000,9483.6071,0.01699603,1185.4509,1138.6651,8693.3065,8740.0923,0.01557970,0.01566354,0.00070817,22.4534,20.6030,0.4031,82.3230,2.6463,4649.9123,204.2083,25.9152,21.1137,12.8578,14.5296,26.176,48.8436,54.2173,102.8621,13.088,0.0,3.731508,7.079487,1.545355,30,207,63,6,0.32204186,0.01770420,-0.00338982,0E-8,0.000000,0.904812,0.002133,0.03111404,2026-03-21,2026-08-06,120,3733,1703,139,0.863309,1.227414,1.154177,1.073473,,,,,,,,GLOBAL_BASELINE_NO_ENTITY_RANKING,,,NOT_APPLICABLE_GLOBAL_BASELINE,HF9g-P5,,,,X 全窗基线 · 不参与实体赏罚,15054170,1506,A168_HF9F_20260827_0900,2026-08-27 09:00:00
2026-07-31,127529701,925,0,100.6893346758,-23.2360003098,-23.2360003098,0.5000000,4,4,0.49659680000000000,0.496596800000,0.013613115331600182,0.013613115331600183,0.013613115331600182,0E-17,ELIGIBLE,R03b_20260811_FULL_v1,L1_ELIGIBILITY,v2026-08-11,2026-03-21..2026-08-06,baccarat_bet02_101_all_pairs_incl_sentinel,round_win = game_pnl > 0 (decisive only),COMPATIBILITY_ONLY_NOT_PRODUCTION,557989.4742,504875.3716,9878.7574,24851,24505,-0.01770420,0.00338982,-0.02772422,-0.01770420,-9878.7574,557989.4742,OK,0.0000,395.1503,4.0000,96.0000,AG03-UNRESOLVED,ALL5_LEVELS_bet23_to_bet27,395.1503,395.1503,395.1503,0.0000,0.0000,4.000000,4.000000,4.000000,0.000000,0.000000,96.000000,96.000000,96.000000,100.000000,100.000000,5.0,1185.4509,1138.6651,8693.3065,8740.0923,PENDING_AG03,FALSE,NOT_FOR_ENFORCEMENT,9483.6071,484680.3568,9878.7574,9483.6071,395.1503,0.01770420,0.01699603,395.1503,9483.6071,0.01699603,395.1503,395.1503,395.1503,0.0000,0.0000,9483.6071,0.01699603,1185.4509,1138.6651,8693.3065,8740.0923,0.01557970,0.01566354,0.00070817,22.4534,20.6030,0.4031,82.3230,2.6463,4649.9123,204.2083,25.9152,21.1137,12.8578,14.5296,26.176,48.8436,54.2173,102.8621,13.088,0.0,3.731508,7.079487,1.545355,30,207,63,6,0.32204186,0.01770420,-0.00338982,0E-8,0.000000,0.904812,0.002133,0.03111404,2026-03-21,2026-08-06,120,3733,1703,139,0.863309,1.227414,1.154177,1.073473,,,,,,,,GLOBAL_BASELINE_NO_ENTITY_RANKING,,,NOT_APPLICABLE_GLOBAL_BASELINE,HF9g-P5,,,,X 全窗基线 · 不参与实体赏罚,15054171,1506,A168_HF9F_20260827_0900,2026-08-27 09:00:00
2026-07-31,127529701,970,0,22.2032891849,15.6197557639,15.6197557639,0.7500000,4,4,0.49994810000000000,0.499948100000,1.0002076053883384,1.0002076053883384,1.0002076053883384,0E-17,ELIGIBLE,R03b_20260811_FULL_v1,L1_ELIGIBILITY,v2026-08-11,2026-03-21..2026-08-06,baccarat_bet02_101_all_pairs_incl_sentinel,round_win = game_pnl > 0 (decisive only),COMPATIBILITY_ONLY_NOT_PRODUCTION,557989.4742,504875.3716,9878.7574,24851,24505,-0.01770420,0.00338982,-0.02772422,-0.01770420,-9878.7574,557989.4742,OK,0.0000,395.1503,4.0000,96.0000,AG03-UNRESOLVED,ALL5_LEVELS_bet23_to_bet27,395.1503,395.1503,395.1503,0.0000,0.0000,4.000000,4.000000,4.000000,0.000000,0.000000,96.000000,96.000000,96.000000,100.000000,100.000000,5.0,1185.4509,1138.6651,8693.3065,8740.0923,PENDING_AG03,FALSE,NOT_FOR_ENFORCEMENT,9483.6071,484680.3568,9878.7574,9483.6071,395.1503,0.01770420,0.01699603,395.1503,9483.6071,0.01699603,395.1503,395.1503,395.1503,0.0000,0.0000,9483.6071,0.01699603,1185.4509,1138.6651,8693.3065,8740.0923,0.01557970,0.01566354,0.00070817,22.4534,20.6030,0.4031,82.3230,2.6463,4649.9123,204.2083,25.9152,21.1137,12.8578,14.5296,26.176,48.8436,54.2173,102.8621,13.088,0.0,3.731508,7.079487,1.545355,30,207,63,6,0.32204186,0.01770420,-0.00338982,0E-8,0.000000,0.904812,0.002133,0.03111404,2026-03-21,2026-08-06,120,3733,1703,139,0.863309,1.227414,1.154177,1.073473,,,,,,,,GLOBAL_BASELINE_NO_ENTITY_RANKING,,,NOT_APPLICABLE_GLOBAL_BASELINE,HF9g-P5,,,,X 全窗基线 · 不参与实体赏罚,15054172,1506,A168_HF9F_20260827_0900,2026-08-27 09:00:00
2026-07-31,127529701,987,0,25.3014225596,14.9743113108,14.9743113108,1.0000000,3,3,0.49771390000000000,0.497713900000,1.4206944795187548,1.420694479518755,1.4206944795187548,0E-17,ELIGIBLE,R03b_20260811_FULL_v1,L1_ELIGIBILITY,v2026-08-11,2026-03-21..2026-08-06,baccarat_bet02_101_all_pairs_incl_sentinel,round_win = game_pnl > 0 (decisive only),COMPATIBILITY_ONLY_NOT_PRODUCTION,557989.4742,504875.3716,9878.7574,24851,24505,-0.01770420,0.00338982,-0.02772422,-0.01770420,-9878.7574,557989.4742,OK,0.0000,395.1503,4.0000,96.0000,AG03-UNRESOLVED,ALL5_LEVELS_bet23_to_bet27,395.1503,395.1503,395.1503,0.0000,0.0000,4.000000,4.000000,4.000000,0.000000,0.000000,96.000000,96.000000,96.000000,100.000000,100.000000,5.0,1185.4509,1138.6651,8693.3065,8740.0923,PENDING_AG03,FALSE,NOT_FOR_ENFORCEMENT,9483.6071,484680.3568,9878.7574,9483.6071,395.1503,0.01770420,0.01699603,395.1503,9483.6071,0.01699603,395.1503,395.1503,395.1503,0.0000,0.0000,9483.6071,0.01699603,1185.4509,1138.6651,8693.3065,8740.0923,0.01557970,0.01566354,0.00070817,22.4534,20.6030,0.4031,82.3230,2.6463,4649.9123,204.2083,25.9152,21.1137,12.8578,14.5296,26.176,48.8436,54.2173,102.8621,13.088,0.0,3.731508,7.079487,1.545355,30,207,63,6,0.32204186,0.01770420,-0.00338982,0E-8,0.000000,0.904812,0.002133,0.03111404,2026-03-21,2026-08-06,120,3733,1703,139,0.863309,1.227414,1.154177,1.073473,,,,,,,,GLOBAL_BASELINE_NO_ENTITY_RANKING,,,NOT_APPLICABLE_GLOBAL_BASELINE,HF9g-P5,,,,X 全窗基线 · 不参与实体赏罚,15054173,1506,A168_HF9F_20260827_0900,2026-08-27 09:00:00
2026-07-31,127529701,994,0,104.3038236129,-31.3040559729,-31.3040559729,0.4000000,5,5,0.50396966000000000,0.503969660000,-0.4649811094771361,-0.4649811094771361,-0.4649811094771361,0E-17,ELIGIBLE,R03b_20260811_FULL_v1,L1_ELIGIBILITY,v2026-08-11,2026-03-21..2026-08-06,baccarat_bet02_101_all_pairs_incl_sentinel,round_win = game_pnl > 0 (decisive only),COMPATIBILITY_ONLY_NOT_PRODUCTION,557989.4742,504875.3716,9878.7574,24851,24505,-0.01770420,0.00338982,-0.02772422,-0.01770420,-9878.7574,557989.4742,OK,0.0000,395.1503,4.0000,96.0000,AG03-UNRESOLVED,ALL5_LEVELS_bet23_to_bet27,395.1503,395.1503,395.1503,0.0000,0.0000,4.000000,4.000000,4.000000,0.000000,0.000000,96.000000,96.000000,96.000000,100.000000,100.000000,5.0,1185.4509,1138.6651,8693.3065,8740.0923,PENDING_AG03,FALSE,NOT_FOR_ENFORCEMENT,9483.6071,484680.3568,9878.7574,9483.6071,395.1503,0.01770420,0.01699603,395.1503,9483.6071,0.01699603,395.1503,395.1503,395.1503,0.0000,0.0000,9483.6071,0.01699603,1185.4509,1138.6651,8693.3065,8740.0923,0.01557970,0.01566354,0.00070817,22.4534,20.6030,0.4031,82.3230,2.6463,4649.9123,204.2083,25.9152,21.1137,12.8578,14.5296,26.176,48.8436,54.2173,102.8621,13.088,0.0,3.731508,7.079487,1.545355,30,207,63,6,0.32204186,0.01770420,-0.00338982,0E-8,0.000000,0.904812,0.002133,0.03111404,2026-03-21,2026-08-06,120,3733,1703,139,0.863309,1.227414,1.154177,1.073473,,,,,,,,GLOBAL_BASELINE_NO_ENTITY_RANKING,,,NOT_APPLICABLE_GLOBAL_BASELINE,HF9g-P5,,,,X 全窗基线 · 不参与实体赏罚,15054174,1506,A168_HF9F_20260827_0900,2026-08-27 09:00:00
2026-08-01,127529701,-1,1,2121.8503583092,-169.5091567569,-169.5091567569,0.4835165,101,101,0.49895266435643564,0.498952664356,-0.2945042065589056,-0.2945042065505946,-0.2945042065589056,4.3564E-13,SENTINEL_DEALER,R03b_20260811_FULL_v1,L1_ELIGIBILITY,v2026-08-11,2026-03-21..2026-08-06,baccarat_bet02_101_all_pairs_incl_sentinel,round_win = game_pnl > 0 (decisive only),COMPATIBILITY_ONLY_NOT_PRODUCTION,557989.4742,504875.3716,9878.7574,24851,24505,-0.01770420,0.00338982,-0.02772422,-0.01770420,-9878.7574,557989.4742,OK,0.0000,395.1503,4.0000,96.0000,AG03-UNRESOLVED,ALL5_LEVELS_bet23_to_bet27,395.1503,395.1503,395.1503,0.0000,0.0000,4.000000,4.000000,4.000000,0.000000,0.000000,96.000000,96.000000,96.000000,100.000000,100.000000,5.0,1185.4509,1138.6651,8693.3065,8740.0923,PENDING_AG03,FALSE,NOT_FOR_ENFORCEMENT,9483.6071,484680.3568,9878.7574,9483.6071,395.1503,0.01770420,0.01699603,395.1503,9483.6071,0.01699603,395.1503,395.1503,395.1503,0.0000,0.0000,9483.6071,0.01699603,1185.4509,1138.6651,8693.3065,8740.0923,0.01557970,0.01566354,0.00070817,22.4534,20.6030,0.4031,82.3230,2.6463,4649.9123,204.2083,25.9152,21.1137,12.8578,14.5296,26.176,48.8436,54.2173,102.8621,13.088,0.0,3.731508,7.079487,1.545355,30,207,63,6,0.32204186,0.01770420,-0.00338982,0E-8,0.000000,0.904812,0.002133,0.03111404,2026-03-21,2026-08-06,120,3733,1703,139,0.863309,1.227414,1.154177,1.073473,,,,,,,,GLOBAL_BASELINE_NO_ENTITY_RANKING,,,NOT_APPLICABLE_GLOBAL_BASELINE,HF9g-P5,,,,X 全窗基线 · 不参与实体赏罚,15054175,1506,A168_HF9F_20260827_0900,2026-08-27 09:00:00
2026-08-01,127529701,1299,0,25.6851514140,-25.6851514140,-25.6851514140,0E-7,1,1,0.50665070000000000,0.506650700000,-1.013391052207602,-1.013391052207602,-1.013391052207602,0E-17,ELIGIBLE,R03b_20260811_FULL_v1,L1_ELIGIBILITY,v2026-08-11,2026-03-21..2026-08-06,baccarat_bet02_101_all_pairs_incl_sentinel,round_win = game_pnl > 0 (decisive only),COMPATIBILITY_ONLY_NOT_PRODUCTION,557989.4742,504875.3716,9878.7574,24851,24505,-0.01770420,0.00338982,-0.02772422,-0.01770420,-9878.7574,557989.4742,OK,0.0000,395.1503,4.0000,96.0000,AG03-UNRESOLVED,ALL5_LEVELS_bet23_to_bet27,395.1503,395.1503,395.1503,0.0000,0.0000,4.000000,4.000000,4.000000,0.000000,0.000000,96.000000,96.000000,96.000000,100.000000,100.000000,5.0,1185.4509,1138.6651,8693.3065,8740.0923,PENDING_AG03,FALSE,NOT_FOR_ENFORCEMENT,9483.6071,484680.3568,9878.7574,9483.6071,395.1503,0.01770420,0.01699603,395.1503,9483.6071,0.01699603,395.1503,395.1503,395.1503,0.0000,0.0000,9483.6071,0.01699603,1185.4509,1138.6651,8693.3065,8740.0923,0.01557970,0.01566354,0.00070817,22.4534,20.6030,0.4031,82.3230,2.6463,4649.9123,204.2083,25.9152,21.1137,12.8578,14.5296,26.176,48.8436,54.2173,102.8621,13.088,0.0,3.731508,7.079487,1.545355,30,207,63,6,0.32204186,0.01770420,-0.00338982,0E-8,0.000000,0.904812,0.002133,0.03111404,2026-03-21,2026-08-06,120,3733,1703,139,0.863309,1.227414,1.154177,1.073473,,,,,,,,GLOBAL_BASELINE_NO_ENTITY_RANKING,,,NOT_APPLICABLE_GLOBAL_BASELINE,HF9g-P5,,,,X 全窗基线 · 不参与实体赏罚,15054176,1506,A168_HF9F_20260827_0900,2026-08-27 09:00:00
2026-08-01,127529701,1307,0,158.4773842243,88.9219941952,88.9219941952,0.8333333,10,10,0.49994810000000000,0.499948100000,1.6332474276894162,1.6332474276894162,1.6332474276894162,0E-17,ELIGIBLE,R03b_20260811_FULL_v1,L1_ELIGIBILITY,v2026-08-11,2026-03-21..2026-08-06,baccarat_bet02_101_all_pairs_incl_sentinel,round_win = game_pnl > 0 (decisive only),COMPATIBILITY_ONLY_NOT_PRODUCTION,557989.4742,504875.3716,9878.7574,24851,24505,-0.01770420,0.00338982,-0.02772422,-0.01770420,-9878.7574,557989.4742,OK,0.0000,395.1503,4.0000,96.0000,AG03-UNRESOLVED,ALL5_LEVELS_bet23_to_bet27,395.1503,395.1503,395.1503,0.0000,0.0000,4.000000,4.000000,4.000000,0.000000,0.000000,96.000000,96.000000,96.000000,100.000000,100.000000,5.0,1185.4509,1138.6651,8693.3065,8740.0923,PENDING_AG03,FALSE,NOT_FOR_ENFORCEMENT,9483.6071,484680.3568,9878.7574,9483.6071,395.1503,0.01770420,0.01699603,395.1503,9483.6071,0.01699603,395.1503,395.1503,395.1503,0.0000,0.0000,9483.6071,0.01699603,1185.4509,1138.6651,8693.3065,8740.0923,0.01557970,0.01566354,0.00070817,22.4534,20.6030,0.4031,82.3230,2.6463,4649.9123,204.2083,25.9152,21.1137,12.8578,14.5296,26.176,48.8436,54.2173,102.8621,13.088,0.0,3.731508,7.079487,1.545355,30,207,63,6,0.32204186,0.01770420,-0.00338982,0E-8,0.000000,0.904812,0.002133,0.03111404,2026-03-21,2026-08-06,120,3733,1703,139,0.863309,1.227414,1.154177,1.073473,,,,,,,,GLOBAL_BASELINE_NO_ENTITY_RANKING,,,NOT_APPLICABLE_GLOBAL_BASELINE,HF9g-P5,,,,X 全窗基线 · 不参与实体赏罚,15054177,1506,A168_HF9F_20260827_0900,2026-08-27 09:00:00
2026-08-01,127529701,1318,0,309.5060745387,52.5646623688,52.5646623688,0.5000000,18,18,0.49920336666666667,0.499203366667,0.006373074755692672,0.006373074753026023,0.006373074755692672,-3.3333E-13,ELIGIBLE,R03b_20260811_FULL_v1,L1_ELIGIBILITY,v2026-08-11,2026-03-21..2026-08-06,baccarat_bet02_101_all_pairs_incl_sentinel,round_win = game_pnl > 0 (decisive only),COMPATIBILITY_ONLY_NOT_PRODUCTION,557989.4742,504875.3716,9878.7574,24851,24505,-0.01770420,0.00338982,-0.02772422,-0.01770420,-9878.7574,557989.4742,OK,0.0000,395.1503,4.0000,96.0000,AG03-UNRESOLVED,ALL5_LEVELS_bet23_to_bet27,395.1503,395.1503,395.1503,0.0000,0.0000,4.000000,4.000000,4.000000,0.000000,0.000000,96.000000,96.000000,96.000000,100.000000,100.000000,5.0,1185.4509,1138.6651,8693.3065,8740.0923,PENDING_AG03,FALSE,NOT_FOR_ENFORCEMENT,9483.6071,484680.3568,9878.7574,9483.6071,395.1503,0.01770420,0.01699603,395.1503,9483.6071,0.01699603,395.1503,395.1503,395.1503,0.0000,0.0000,9483.6071,0.01699603,1185.4509,1138.6651,8693.3065,8740.0923,0.01557970,0.01566354,0.00070817,22.4534,20.6030,0.4031,82.3230,2.6463,4649.9123,204.2083,25.9152,21.1137,12.8578,14.5296,26.176,48.8436,54.2173,102.8621,13.088,0.0,3.731508,7.079487,1.545355,30,207,63,6,0.32204186,0.01770420,-0.00338982,0E-8,0.000000,0.904812,0.002133,0.03111404,2026-03-21,2026-08-06,120,3733,1703,139,0.863309,1.227414,1.154177,1.073473,,,,,,,,GLOBAL_BASELINE_NO_ENTITY_RANKING,,,NOT_APPLICABLE_GLOBAL_BASELINE,HF9g-P5,,,,X 全窗基线 · 不参与实体赏罚,15054178,1506,A168_HF9F_20260827_0900,2026-08-27 09:00:00
2026-08-01,127529701,1323,0,87.8432178359,3.4674954409,3.4674954409,0.6250000,8,8,0.49994810000000000,0.499948100000,0.7074003757330176,0.7074003757330176,0.7074003757330176,0E-17,ELIGIBLE,R03b_20260811_FULL_v1,L1_ELIGIBILITY,v2026-08-11,2026-03-21..2026-08-06,baccarat_bet02_101_all_pairs_incl_sentinel,round_win = game_pnl > 0 (decisive only),COMPATIBILITY_ONLY_NOT_PRODUCTION,557989.4742,504875.3716,9878.7574,24851,24505,-0.01770420,0.00338982,-0.02772422,-0.01770420,-9878.7574,557989.4742,OK,0.0000,395.1503,4.0000,96.0000,AG03-UNRESOLVED,ALL5_LEVELS_bet23_to_bet27,395.1503,395.1503,395.1503,0.0000,0.0000,4.000000,4.000000,4.000000,0.000000,0.000000,96.000000,96.000000,96.000000,100.000000,100.000000,5.0,1185.4509,1138.6651,8693.3065,8740.0923,PENDING_AG03,FALSE,NOT_FOR_ENFORCEMENT,9483.6071,484680.3568,9878.7574,9483.6071,395.1503,0.01770420,0.01699603,395.1503,9483.6071,0.01699603,395.1503,395.1503,395.1503,0.0000,0.0000,9483.6071,0.01699603,1185.4509,1138.6651,8693.3065,8740.0923,0.01557970,0.01566354,0.00070817,22.4534,20.6030,0.4031,82.3230,2.6463,4649.9123,204.2083,25.9152,21.1137,12.8578,14.5296,26.176,48.8436,54.2173,102.8621,13.088,0.0,3.731508,7.079487,1.545355,30,207,63,6,0.32204186,0.01770420,-0.00338982,0E-8,0.000000,0.904812,0.002133,0.03111404,2026-03-21,2026-08-06,120,3733,1703,139,0.863309,1.227414,1.154177,1.073473,,,,,,,,GLOBAL_BASELINE_NO_ENTITY_RANKING,,,NOT_APPLICABLE_GLOBAL_BASELINE,HF9g-P5,,,,X 全窗基线 · 不参与实体赏罚,15054179,1506,A168_HF9F_20260827_0900,2026-08-27 09:00:00
2026-08-01,127529701,1353,0,143.8368479184,-10.9161893510,-10.9161893510,0.6000000,5,5,0.49592654000000000,0.495926540000,0.46544610904919037,0.46544610904919037,0.46544610904919037,0E-17,ELIGIBLE,R03b_20260811_FULL_v1,L1_ELIGIBILITY,v2026-08-11,2026-03-21..2026-08-06,baccarat_bet02_101_all_pairs_incl_sentinel,round_win = game_pnl > 0 (decisive only),COMPATIBILITY_ONLY_NOT_PRODUCTION,557989.4742,504875.3716,9878.7574,24851,24505,-0.01770420,0.00338982,-0.02772422,-0.01770420,-9878.7574,557989.4742,OK,0.0000,395.1503,4.0000,96.0000,AG03-UNRESOLVED,ALL5_LEVELS_bet23_to_bet27,395.1503,395.1503,395.1503,0.0000,0.0000,4.000000,4.000000,4.000000,0.000000,0.000000,96.000000,96.000000,96.000000,100.000000,100.000000,5.0,1185.4509,1138.6651,8693.3065,8740.0923,PENDING_AG03,FALSE,NOT_FOR_ENFORCEMENT,9483.6071,484680.3568,9878.7574,9483.6071,395.1503,0.01770420,0.01699603,395.1503,9483.6071,0.01699603,395.1503,395.1503,395.1503,0.0000,0.0000,9483.6071,0.01699603,1185.4509,1138.6651,8693.3065,8740.0923,0.01557970,0.01566354,0.00070817,22.4534,20.6030,0.4031,82.3230,2.6463,4649.9123,204.2083,25.9152,21.1137,12.8578,14.5296,26.176,48.8436,54.2173,102.8621,13.088,0.0,3.731508,7.079487,1.545355,30,207,63,6,0.32204186,0.01770420,-0.00338982,0E-8,0.000000,0.904812,0.002133,0.03111404,2026-03-21,2026-08-06,120,3733,1703,139,0.863309,1.227414,1.154177,1.073473,,,,,,,,GLOBAL_BASELINE_NO_ENTITY_RANKING,,,NOT_APPLICABLE_GLOBAL_BASELINE,HF9g-P5,,,,X 全窗基线 · 不参与实体赏罚,15054180,1506,A168_HF9F_20260827_0900,2026-08-27 09:00:00
2026-08-01,127529701,1382,0,74.4869391006,27.6115377700,27.6115377700,0.7500000,4,4,0.49994810000000000,0.499948100000,1.0002076053883384,1.0002076053883384,1.0002076053883384,0E-17,ELIGIBLE,R03b_20260811_FULL_v1,L1_ELIGIBILITY,v2026-08-11,2026-03-21..2026-08-06,baccarat_bet02_101_all_pairs_incl_sentinel,round_win = game_pnl > 0 (decisive only),COMPATIBILITY_ONLY_NOT_PRODUCTION,557989.4742,504875.3716,9878.7574,24851,24505,-0.01770420,0.00338982,-0.02772422,-0.01770420,-9878.7574,557989.4742,OK,0.0000,395.1503,4.0000,96.0000,AG03-UNRESOLVED,ALL5_LEVELS_bet23_to_bet27,395.1503,395.1503,395.1503,0.0000,0.0000,4.000000,4.000000,4.000000,0.000000,0.000000,96.000000,96.000000,96.000000,100.000000,100.000000,5.0,1185.4509,1138.6651,8693.3065,8740.0923,PENDING_AG03,FALSE,NOT_FOR_ENFORCEMENT,9483.6071,484680.3568,9878.7574,9483.6071,395.1503,0.01770420,0.01699603,395.1503,9483.6071,0.01699603,395.1503,395.1503,395.1503,0.0000,0.0000,9483.6071,0.01699603,1185.4509,1138.6651,8693.3065,8740.0923,0.01557970,0.01566354,0.00070817,22.4534,20.6030,0.4031,82.3230,2.6463,4649.9123,204.2083,25.9152,21.1137,12.8578,14.5296,26.176,48.8436,54.2173,102.8621,13.088,0.0,3.731508,7.079487,1.545355,30,207,63,6,0.32204186,0.01770420,-0.00338982,0E-8,0.000000,0.904812,0.002133,0.03111404,2026-03-21,2026-08-06,120,3733,1703,139,0.863309,1.227414,1.154177,1.073473,,,,,,,,GLOBAL_BASELINE_NO_ENTITY_RANKING,,,NOT_APPLICABLE_GLOBAL_BASELINE,HF9g-P5,,,,X 全窗基线 · 不参与实体赏罚,15054181,1506,A168_HF9F_20260827_0900,2026-08-27 09:00:00
2026-08-01,127529701,1383,0,186.7310507797,78.1599157528,78.1599157528,0.7777778,20,20,0.49927784000000000,0.499277840000,2.363152799593238,2.363152799593238,2.363152799593238,0E-17,ELIGIBLE,R03b_20260811_FULL_v1,L1_ELIGIBILITY,v2026-08-11,2026-03-21..2026-08-06,baccarat_bet02_101_all_pairs_incl_sentinel,round_win = game_pnl > 0 (decisive only),COMPATIBILITY_ONLY_NOT_PRODUCTION,557989.4742,504875.3716,9878.7574,24851,24505,-0.01770420,0.00338982,-0.02772422,-0.01770420,-9878.7574,557989.4742,OK,0.0000,395.1503,4.0000,96.0000,AG03-UNRESOLVED,ALL5_LEVELS_bet23_to_bet27,395.1503,395.1503,395.1503,0.0000,0.0000,4.000000,4.000000,4.000000,0.000000,0.000000,96.000000,96.000000,96.000000,100.000000,100.000000,5.0,1185.4509,1138.6651,8693.3065,8740.0923,PENDING_AG03,FALSE,NOT_FOR_ENFORCEMENT,9483.6071,484680.3568,9878.7574,9483.6071,395.1503,0.01770420,0.01699603,395.1503,9483.6071,0.01699603,395.1503,395.1503,395.1503,0.0000,0.0000,9483.6071,0.01699603,1185.4509,1138.6651,8693.3065,8740.0923,0.01557970,0.01566354,0.00070817,22.4534,20.6030,0.4031,82.3230,2.6463,4649.9123,204.2083,25.9152,21.1137,12.8578,14.5296,26.176,48.8436,54.2173,102.8621,13.088,0.0,3.731508,7.079487,1.545355,30,207,63,6,0.32204186,0.01770420,-0.00338982,0E-8,0.000000,0.904812,0.002133,0.03111404,2026-03-21,2026-08-06,120,3733,1703,139,0.863309,1.227414,1.154177,1.073473,,,,,,,,GLOBAL_BASELINE_NO_ENTITY_RANKING,,,NOT_APPLICABLE_GLOBAL_BASELINE,HF9g-P5,,,,X 全窗基线 · 不参与实体赏罚,15054182,1506,A168_HF9F_20260827_0900,2026-08-27 09:00:00
2026-08-01,127529701,1396,0,106.3365268539,-15.7963681196,-15.7963681196,0.4000000,6,6,0.49771390000000000,0.497713900000,-0.4369944132040151,-0.436994413204015,-0.4369944132040151,0E-17,ELIGIBLE,R03b_20260811_FULL_v1,L1_ELIGIBILITY,v2026-08-11,2026-03-21..2026-08-06,baccarat_bet02_101_all_pairs_incl_sentinel,round_win = game_pnl > 0 (decisive only),COMPATIBILITY_ONLY_NOT_PRODUCTION,557989.4742,504875.3716,9878.7574,24851,24505,-0.01770420,0.00338982,-0.02772422,-0.01770420,-9878.7574,557989.4742,OK,0.0000,395.1503,4.0000,96.0000,AG03-UNRESOLVED,ALL5_LEVELS_bet23_to_bet27,395.1503,395.1503,395.1503,0.0000,0.0000,4.000000,4.000000,4.000000,0.000000,0.000000,96.000000,96.000000,96.000000,100.000000,100.000000,5.0,1185.4509,1138.6651,8693.3065,8740.0923,PENDING_AG03,FALSE,NOT_FOR_ENFORCEMENT,9483.6071,484680.3568,9878.7574,9483.6071,395.1503,0.01770420,0.01699603,395.1503,9483.6071,0.01699603,395.1503,395.1503,395.1503,0.0000,0.0000,9483.6071,0.01699603,1185.4509,1138.6651,8693.3065,8740.0923,0.01557970,0.01566354,0.00070817,22.4534,20.6030,0.4031,82.3230,2.6463,4649.9123,204.2083,25.9152,21.1137,12.8578,14.5296,26.176,48.8436,54.2173,102.8621,13.088,0.0,3.731508,7.079487,1.545355,30,207,63,6,0.32204186,0.01770420,-0.00338982,0E-8,0.000000,0.904812,0.002133,0.03111404,2026-03-21,2026-08-06,120,3733,1703,139,0.863309,1.227414,1.154177,1.073473,,,,,,,,GLOBAL_BASELINE_NO_ENTITY_RANKING,,,NOT_APPLICABLE_GLOBAL_BASELINE,HF9g-P5,,,,X 全窗基线 · 不参与实体赏罚,15054183,1506,A168_HF9F_20260827_0900,2026-08-27 09:00:00
2026-08-01,127529701,1400,0,391.6985590631,72.1752754730,72.1752754730,0.5384615,14,14,0.50090561428571429,0.500905614286,0.2708200648463458,0.2708200648442858,0.2708200648463458,-2.8571E-13,ELIGIBLE,R03b_20260811_FULL_v1,L1_ELIGIBILITY,v2026-08-11,2026-03-21..2026-08-06,baccarat_bet02_101_all_pairs_incl_sentinel,round_win = game_pnl > 0 (decisive only),COMPATIBILITY_ONLY_NOT_PRODUCTION,557989.4742,504875.3716,9878.7574,24851,24505,-0.01770420,0.00338982,-0.02772422,-0.01770420,-9878.7574,557989.4742,OK,0.0000,395.1503,4.0000,96.0000,AG03-UNRESOLVED,ALL5_LEVELS_bet23_to_bet27,395.1503,395.1503,395.1503,0.0000,0.0000,4.000000,4.000000,4.000000,0.000000,0.000000,96.000000,96.000000,96.000000,100.000000,100.000000,5.0,1185.4509,1138.6651,8693.3065,8740.0923,PENDING_AG03,FALSE,NOT_FOR_ENFORCEMENT,9483.6071,484680.3568,9878.7574,9483.6071,395.1503,0.01770420,0.01699603,395.1503,9483.6071,0.01699603,395.1503,395.1503,395.1503,0.0000,0.0000,9483.6071,0.01699603,1185.4509,1138.6651,8693.3065,8740.0923,0.01557970,0.01566354,0.00070817,22.4534,20.6030,0.4031,82.3230,2.6463,4649.9123,204.2083,25.9152,21.1137,12.8578,14.5296,26.176,48.8436,54.2173,102.8621,13.088,0.0,3.731508,7.079487,1.545355,30,207,63,6,0.32204186,0.01770420,-0.00338982,0E-8,0.000000,0.904812,0.002133,0.03111404,2026-03-21,2026-08-06,120,3733,1703,139,0.863309,1.227414,1.154177,1.073473,,,,,,,,GLOBAL_BASELINE_NO_ENTITY_RANKING,,,NOT_APPLICABLE_GLOBAL_BASELINE,HF9g-P5,,,,X 全窗基线 · 不参与实体赏罚,15054184,1506,A168_HF9F_20260827_0900,2026-08-27 09:00:00
2026-08-01,127529701,1401,0,164.3849690495,-37.8855983356,-37.8855983356,0.4000000,5,5,0.49860758000000000,0.498607580000,-0.440988213962219,-0.440988213962219,-0.440988213962219,0E-17,ELIGIBLE,R03b_20260811_FULL_v1,L1_ELIGIBILITY,v2026-08-11,2026-03-21..2026-08-06,baccarat_bet02_101_all_pairs_incl_sentinel,round_win = game_pnl > 0 (decisive only),COMPATIBILITY_ONLY_NOT_PRODUCTION,557989.4742,504875.3716,9878.7574,24851,24505,-0.01770420,0.00338982,-0.02772422,-0.01770420,-9878.7574,557989.4742,OK,0.0000,395.1503,4.0000,96.0000,AG03-UNRESOLVED,ALL5_LEVELS_bet23_to_bet27,395.1503,395.1503,395.1503,0.0000,0.0000,4.000000,4.000000,4.000000,0.000000,0.000000,96.000000,96.000000,96.000000,100.000000,100.000000,5.0,1185.4509,1138.6651,8693.3065,8740.0923,PENDING_AG03,FALSE,NOT_FOR_ENFORCEMENT,9483.6071,484680.3568,9878.7574,9483.6071,395.1503,0.01770420,0.01699603,395.1503,9483.6071,0.01699603,395.1503,395.1503,395.1503,0.0000,0.0000,9483.6071,0.01699603,1185.4509,1138.6651,8693.3065,8740.0923,0.01557970,0.01566354,0.00070817,22.4534,20.6030,0.4031,82.3230,2.6463,4649.9123,204.2083,25.9152,21.1137,12.8578,14.5296,26.176,48.8436,54.2173,102.8621,13.088,0.0,3.731508,7.079487,1.545355,30,207,63,6,0.32204186,0.01770420,-0.00338982,0E-8,0.000000,0.904812,0.002133,0.03111404,2026-03-21,2026-08-06,120,3733,1703,139,0.863309,1.227414,1.154177,1.073473,,,,,,,,GLOBAL_BASELINE_NO_ENTITY_RANKING,,,NOT_APPLICABLE_GLOBAL_BASELINE,HF9g-P5,,,,X 全窗基线 · 不参与实体赏罚,15054185,1506,A168_HF9F_20260827_0900,2026-08-27 09:00:00
2026-08-01,127529701,1490,0,178.5118023273,-26.9694089848,-26.9694089848,0.5000000,10,10,0.49860758000000000,0.498607580000,0.008806471467772546,0.008806471467772546,0.008806471467772546,0E-17,ELIGIBLE,R03b_20260811_FULL_v1,L1_ELIGIBILITY,v2026-08-11,2026-03-21..2026-08-06,baccarat_bet02_101_all_pairs_incl_sentinel,round_win = game_pnl > 0 (decisive only),COMPATIBILITY_ONLY_NOT_PRODUCTION,557989.4742,504875.3716,9878.7574,24851,24505,-0.01770420,0.00338982,-0.02772422,-0.01770420,-9878.7574,557989.4742,OK,0.0000,395.1503,4.0000,96.0000,AG03-UNRESOLVED,ALL5_LEVELS_bet23_to_bet27,395.1503,395.1503,395.1503,0.0000,0.0000,4.000000,4.000000,4.000000,0.000000,0.000000,96.000000,96.000000,96.000000,100.000000,100.000000,5.0,1185.4509,1138.6651,8693.3065,8740.0923,PENDING_AG03,FALSE,NOT_FOR_ENFORCEMENT,9483.6071,484680.3568,9878.7574,9483.6071,395.1503,0.01770420,0.01699603,395.1503,9483.6071,0.01699603,395.1503,395.1503,395.1503,0.0000,0.0000,9483.6071,0.01699603,1185.4509,1138.6651,8693.3065,8740.0923,0.01557970,0.01566354,0.00070817,22.4534,20.6030,0.4031,82.3230,2.6463,4649.9123,204.2083,25.9152,21.1137,12.8578,14.5296,26.176,48.8436,54.2173,102.8621,13.088,0.0,3.731508,7.079487,1.545355,30,207,63,6,0.32204186,0.01770420,-0.00338982,0E-8,0.000000,0.904812,0.002133,0.03111404,2026-03-21,2026-08-06,120,3733,1703,139,0.863309,1.227414,1.154177,1.073473,,,,,,,,GLOBAL_BASELINE_NO_ENTITY_RANKING,,,NOT_APPLICABLE_GLOBAL_BASELINE,HF9g-P5,,,,X 全窗基线 · 不参与实体赏罚,15054186,1506,A168_HF9F_20260827_0900,2026-08-27 09:00:00
2026-08-01,127529701,1505,0,211.3887961371,-30.8221816967,-30.8221816967,0.5714286,8,8,0.50162375000000000,0.501623750000,0.36937434338991915,0.36937434338991915,0.36937434338991915,0E-17,ELIGIBLE,R03b_20260811_FULL_v1,L1_ELIGIBILITY,v2026-08-11,2026-03-21..2026-08-06,baccarat_bet02_101_all_pairs_incl_sentinel,round_win = game_pnl > 0 (decisive only),COMPATIBILITY_ONLY_NOT_PRODUCTION,557989.4742,504875.3716,9878.7574,24851,24505,-0.01770420,0.00338982,-0.02772422,-0.01770420,-9878.7574,557989.4742,OK,0.0000,395.1503,4.0000,96.0000,AG03-UNRESOLVED,ALL5_LEVELS_bet23_to_bet27,395.1503,395.1503,395.1503,0.0000,0.0000,4.000000,4.000000,4.000000,0.000000,0.000000,96.000000,96.000000,96.000000,100.000000,100.000000,5.0,1185.4509,1138.6651,8693.3065,8740.0923,PENDING_AG03,FALSE,NOT_FOR_ENFORCEMENT,9483.6071,484680.3568,9878.7574,9483.6071,395.1503,0.01770420,0.01699603,395.1503,9483.6071,0.01699603,395.1503,395.1503,395.1503,0.0000,0.0000,9483.6071,0.01699603,1185.4509,1138.6651,8693.3065,8740.0923,0.01557970,0.01566354,0.00070817,22.4534,20.6030,0.4031,82.3230,2.6463,4649.9123,204.2083,25.9152,21.1137,12.8578,14.5296,26.176,48.8436,54.2173,102.8621,13.088,0.0,3.731508,7.079487,1.545355,30,207,63,6,0.32204186,0.01770420,-0.00338982,0E-8,0.000000,0.904812,0.002133,0.03111404,2026-03-21,2026-08-06,120,3733,1703,139,0.863309,1.227414,1.154177,1.073473,,,,,,,,GLOBAL_BASELINE_NO_ENTITY_RANKING,,,NOT_APPLICABLE_GLOBAL_BASELINE,HF9g-P5,,,,X 全窗基线 · 不参与实体赏罚,15054187,1506,A168_HF9F_20260827_0900,2026-08-27 09:00:00
2026-08-01,127529701,1645,0,12.8425757070,12.8425757070,12.8425757070,1.0000000,1,1,0.49324550000000000,0.493245500000,1.01360149184955,1.01360149184955,1.01360149184955,0E-17,ELIGIBLE,R03b_20260811_FULL_v1,L1_ELIGIBILITY,v2026-08-11,2026-03-21..2026-08-06,baccarat_bet02_101_all_pairs_incl_sentinel,round_win = game_pnl > 0 (decisive only),COMPATIBILITY_ONLY_NOT_PRODUCTION,557989.4742,504875.3716,9878.7574,24851,24505,-0.01770420,0.00338982,-0.02772422,-0.01770420,-9878.7574,557989.4742,OK,0.0000,395.1503,4.0000,96.0000,AG03-UNRESOLVED,ALL5_LEVELS_bet23_to_bet27,395.1503,395.1503,395.1503,0.0000,0.0000,4.000000,4.000000,4.000000,0.000000,0.000000,96.000000,96.000000,96.000000,100.000000,100.000000,5.0,1185.4509,1138.6651,8693.3065,8740.0923,PENDING_AG03,FALSE,NOT_FOR_ENFORCEMENT,9483.6071,484680.3568,9878.7574,9483.6071,395.1503,0.01770420,0.01699603,395.1503,9483.6071,0.01699603,395.1503,395.1503,395.1503,0.0000,0.0000,9483.6071,0.01699603,1185.4509,1138.6651,8693.3065,8740.0923,0.01557970,0.01566354,0.00070817,22.4534,20.6030,0.4031,82.3230,2.6463,4649.9123,204.2083,25.9152,21.1137,12.8578,14.5296,26.176,48.8436,54.2173,102.8621,13.088,0.0,3.731508,7.079487,1.545355,30,207,63,6,0.32204186,0.01770420,-0.00338982,0E-8,0.000000,0.904812,0.002133,0.03111404,2026-03-21,2026-08-06,120,3733,1703,139,0.863309,1.227414,1.154177,1.073473,,,,,,,,GLOBAL_BASELINE_NO_ENTITY_RANKING,,,NOT_APPLICABLE_GLOBAL_BASELINE,HF9g-P5,,,,X 全窗基线 · 不参与实体赏罚,15054188,1506,A168_HF9F_20260827_0900,2026-08-27 09:00:00
2026-08-01,127529701,1646,0,15.4110908484,14.6405363060,14.6405363060,1.0000000,2,2,0.50665070000000000,0.506650700000,1.3955260008387969,1.3955260008387969,1.3955260008387969,0E-17,ELIGIBLE,R03b_20260811_FULL_v1,L1_ELIGIBILITY,v2026-08-11,2026-03-21..2026-08-06,baccarat_bet02_101_all_pairs_incl_sentinel,round_win = game_pnl > 0 (decisive only),COMPATIBILITY_ONLY_NOT_PRODUCTION,557989.4742,504875.3716,9878.7574,24851,24505,-0.01770420,0.00338982,-0.02772422,-0.01770420,-9878.7574,557989.4742,OK,0.0000,395.1503,4.0000,96.0000,AG03-UNRESOLVED,ALL5_LEVELS_bet23_to_bet27,395.1503,395.1503,395.1503,0.0000,0.0000,4.000000,4.000000,4.000000,0.000000,0.000000,96.000000,96.000000,96.000000,100.000000,100.000000,5.0,1185.4509,1138.6651,8693.3065,8740.0923,PENDING_AG03,FALSE,NOT_FOR_ENFORCEMENT,9483.6071,484680.3568,9878.7574,9483.6071,395.1503,0.01770420,0.01699603,395.1503,9483.6071,0.01699603,395.1503,395.1503,395.1503,0.0000,0.0000,9483.6071,0.01699603,1185.4509,1138.6651,8693.3065,8740.0923,0.01557970,0.01566354,0.00070817,22.4534,20.6030,0.4031,82.3230,2.6463,4649.9123,204.2083,25.9152,21.1137,12.8578,14.5296,26.176,48.8436,54.2173,102.8621,13.088,0.0,3.731508,7.079487,1.545355,30,207,63,6,0.32204186,0.01770420,-0.00338982,0E-8,0.000000,0.904812,0.002133,0.03111404,2026-03-21,2026-08-06,120,3733,1703,139,0.863309,1.227414,1.154177,1.073473,,,,,,,,GLOBAL_BASELINE_NO_ENTITY_RANKING,,,NOT_APPLICABLE_GLOBAL_BASELINE,HF9g-P5,,,,X 全窗基线 · 不参与实体赏罚,15054189,1506,A168_HF9F_20260827_0900,2026-08-27 09:00:00
2026-08-01,127529701,1654,0,118.6653995327,-0.8989802995,-0.8989802995,0.6000000,5,5,0.49860758000000000,0.498607580000,0.4534424453485946,0.4534424453485946,0.4534424453485946,0E-17,ELIGIBLE,R03b_20260811_FULL_v1,L1_ELIGIBILITY,v2026-08-11,2026-03-21..2026-08-06,baccarat_bet02_101_all_pairs_incl_sentinel,round_win = game_pnl > 0 (decisive only),COMPATIBILITY_ONLY_NOT_PRODUCTION,557989.4742,504875.3716,9878.7574,24851,24505,-0.01770420,0.00338982,-0.02772422,-0.01770420,-9878.7574,557989.4742,OK,0.0000,395.1503,4.0000,96.0000,AG03-UNRESOLVED,ALL5_LEVELS_bet23_to_bet27,395.1503,395.1503,395.1503,0.0000,0.0000,4.000000,4.000000,4.000000,0.000000,0.000000,96.000000,96.000000,96.000000,100.000000,100.000000,5.0,1185.4509,1138.6651,8693.3065,8740.0923,PENDING_AG03,FALSE,NOT_FOR_ENFORCEMENT,9483.6071,484680.3568,9878.7574,9483.6071,395.1503,0.01770420,0.01699603,395.1503,9483.6071,0.01699603,395.1503,395.1503,395.1503,0.0000,0.0000,9483.6071,0.01699603,1185.4509,1138.6651,8693.3065,8740.0923,0.01557970,0.01566354,0.00070817,22.4534,20.6030,0.4031,82.3230,2.6463,4649.9123,204.2083,25.9152,21.1137,12.8578,14.5296,26.176,48.8436,54.2173,102.8621,13.088,0.0,3.731508,7.079487,1.545355,30,207,63,6,0.32204186,0.01770420,-0.00338982,0E-8,0.000000,0.904812,0.002133,0.03111404,2026-03-21,2026-08-06,120,3733,1703,139,0.863309,1.227414,1.154177,1.073473,,,,,,,,GLOBAL_BASELINE_NO_ENTITY_RANKING,,,NOT_APPLICABLE_GLOBAL_BASELINE,HF9g-P5,,,,X 全窗基线 · 不参与实体赏罚,15054190,1506,A168_HF9F_20260827_0900,2026-08-27 09:00:00
2026-08-01,127529701,1942,0,38.5277271210,36.6013407649,36.6013407649,1.0000000,1,1,0.50665070000000000,0.506650700000,0.9867858985152569,0.9867858985152569,0.9867858985152569,0E-17,ELIGIBLE,R03b_20260811_FULL_v1,L1_ELIGIBILITY,v2026-08-11,2026-03-21..2026-08-06,baccarat_bet02_101_all_pairs_incl_sentinel,round_win = game_pnl > 0 (decisive only),COMPATIBILITY_ONLY_NOT_PRODUCTION,557989.4742,504875.3716,9878.7574,24851,24505,-0.01770420,0.00338982,-0.02772422,-0.01770420,-9878.7574,557989.4742,OK,0.0000,395.1503,4.0000,96.0000,AG03-UNRESOLVED,ALL5_LEVELS_bet23_to_bet27,395.1503,395.1503,395.1503,0.0000,0.0000,4.000000,4.000000,4.000000,0.000000,0.000000,96.000000,96.000000,96.000000,100.000000,100.000000,5.0,1185.4509,1138.6651,8693.3065,8740.0923,PENDING_AG03,FALSE,NOT_FOR_ENFORCEMENT,9483.6071,484680.3568,9878.7574,9483.6071,395.1503,0.01770420,0.01699603,395.1503,9483.6071,0.01699603,395.1503,395.1503,395.1503,0.0000,0.0000,9483.6071,0.01699603,1185.4509,1138.6651,8693.3065,8740.0923,0.01557970,0.01566354,0.00070817,22.4534,20.6030,0.4031,82.3230,2.6463,4649.9123,204.2083,25.9152,21.1137,12.8578,14.5296,26.176,48.8436,54.2173,102.8621,13.088,0.0,3.731508,7.079487,1.545355,30,207,63,6,0.32204186,0.01770420,-0.00338982,0E-8,0.000000,0.904812,0.002133,0.03111404,2026-03-21,2026-08-06,120,3733,1703,139,0.863309,1.227414,1.154177,1.073473,,,,,,,,GLOBAL_BASELINE_NO_ENTITY_RANKING,,,NOT_APPLICABLE_GLOBAL_BASELINE,HF9g-P5,,,,X 全窗基线 · 不参与实体赏罚,15054191,1506,A168_HF9F_20260827_0900,2026-08-27 09:00:00
2026-08-01,127529701,1985,0,440.2434952357,-81.6145686179,-81.6145686179,0.4375000,18,18,0.50069283333333333,0.500692833333,-0.5055431520065531,-0.5055431520038861,-0.5055431520065531,3.3333E-13,ELIGIBLE,R03b_20260811_FULL_v1,L1_ELIGIBILITY,v2026-08-11,2026-03-21..2026-08-06,baccarat_bet02_101_all_pairs_incl_sentinel,round_win = game_pnl > 0 (decisive only),COMPATIBILITY_ONLY_NOT_PRODUCTION,557989.4742,504875.3716,9878.7574,24851,24505,-0.01770420,0.00338982,-0.02772422,-0.01770420,-9878.7574,557989.4742,OK,0.0000,395.1503,4.0000,96.0000,AG03-UNRESOLVED,ALL5_LEVELS_bet23_to_bet27,395.1503,395.1503,395.1503,0.0000,0.0000,4.000000,4.000000,4.000000,0.000000,0.000000,96.000000,96.000000,96.000000,100.000000,100.000000,5.0,1185.4509,1138.6651,8693.3065,8740.0923,PENDING_AG03,FALSE,NOT_FOR_ENFORCEMENT,9483.6071,484680.3568,9878.7574,9483.6071,395.1503,0.01770420,0.01699603,395.1503,9483.6071,0.01699603,395.1503,395.1503,395.1503,0.0000,0.0000,9483.6071,0.01699603,1185.4509,1138.6651,8693.3065,8740.0923,0.01557970,0.01566354,0.00070817,22.4534,20.6030,0.4031,82.3230,2.6463,4649.9123,204.2083,25.9152,21.1137,12.8578,14.5296,26.176,48.8436,54.2173,102.8621,13.088,0.0,3.731508,7.079487,1.545355,30,207,63,6,0.32204186,0.01770420,-0.00338982,0E-8,0.000000,0.904812,0.002133,0.03111404,2026-03-21,2026-08-06,120,3733,1703,139,0.863309,1.227414,1.154177,1.073473,,,,,,,,GLOBAL_BASELINE_NO_ENTITY_RANKING,,,NOT_APPLICABLE_GLOBAL_BASELINE,HF9g-P5,,,,X 全窗基线 · 不参与实体赏罚,15054192,1506,A168_HF9F_20260827_0900,2026-08-27 09:00:00
2026-08-01,127529701,1994,0,20.5481211312,-5.1370302828,-5.1370302828,0E-7,2,2,0.49994810000000000,0.499948100000,-0.9998962053866608,-0.9998962053866608,-0.9998962053866608,0E-17,ELIGIBLE,R03b_20260811_FULL_v1,L1_ELIGIBILITY,v2026-08-11,2026-03-21..2026-08-06,baccarat_bet02_101_all_pairs_incl_sentinel,round_win = game_pnl > 0 (decisive only),COMPATIBILITY_ONLY_NOT_PRODUCTION,557989.4742,504875.3716,9878.7574,24851,24505,-0.01770420,0.00338982,-0.02772422,-0.01770420,-9878.7574,557989.4742,OK,0.0000,395.1503,4.0000,96.0000,AG03-UNRESOLVED,ALL5_LEVELS_bet23_to_bet27,395.1503,395.1503,395.1503,0.0000,0.0000,4.000000,4.000000,4.000000,0.000000,0.000000,96.000000,96.000000,96.000000,100.000000,100.000000,5.0,1185.4509,1138.6651,8693.3065,8740.0923,PENDING_AG03,FALSE,NOT_FOR_ENFORCEMENT,9483.6071,484680.3568,9878.7574,9483.6071,395.1503,0.01770420,0.01699603,395.1503,9483.6071,0.01699603,395.1503,395.1503,395.1503,0.0000,0.0000,9483.6071,0.01699603,1185.4509,1138.6651,8693.3065,8740.0923,0.01557970,0.01566354,0.00070817,22.4534,20.6030,0.4031,82.3230,2.6463,4649.9123,204.2083,25.9152,21.1137,12.8578,14.5296,26.176,48.8436,54.2173,102.8621,13.088,0.0,3.731508,7.079487,1.545355,30,207,63,6,0.32204186,0.01770420,-0.00338982,0E-8,0.000000,0.904812,0.002133,0.03111404,2026-03-21,2026-08-06,120,3733,1703,139,0.863309,1.227414,1.154177,1.073473,,,,,,,,GLOBAL_BASELINE_NO_ENTITY_RANKING,,,NOT_APPLICABLE_GLOBAL_BASELINE,HF9g-P5,,,,X 全窗基线 · 不参与实体赏罚,15054193,1506,A168_HF9F_20260827_0900,2026-08-27 09:00:00
2026-08-01,127529701,2093,0,465.4149436215,-103.3827344415,-103.3827344415,0.3500000,22,22,0.50299473636363636,0.502994736364,-1.3684510688138618,-1.3684510688171205,-1.3684510688138618,-3.6364E-13,ELIGIBLE,R03b_20260811_FULL_v1,L1_ELIGIBILITY,v2026-08-11,2026-03-21..2026-08-06,baccarat_bet02_101_all_pairs_incl_sentinel,round_win = game_pnl > 0 (decisive only),COMPATIBILITY_ONLY_NOT_PRODUCTION,557989.4742,504875.3716,9878.7574,24851,24505,-0.01770420,0.00338982,-0.02772422,-0.01770420,-9878.7574,557989.4742,OK,0.0000,395.1503,4.0000,96.0000,AG03-UNRESOLVED,ALL5_LEVELS_bet23_to_bet27,395.1503,395.1503,395.1503,0.0000,0.0000,4.000000,4.000000,4.000000,0.000000,0.000000,96.000000,96.000000,96.000000,100.000000,100.000000,5.0,1185.4509,1138.6651,8693.3065,8740.0923,PENDING_AG03,FALSE,NOT_FOR_ENFORCEMENT,9483.6071,484680.3568,9878.7574,9483.6071,395.1503,0.01770420,0.01699603,395.1503,9483.6071,0.01699603,395.1503,395.1503,395.1503,0.0000,0.0000,9483.6071,0.01699603,1185.4509,1138.6651,8693.3065,8740.0923,0.01557970,0.01566354,0.00070817,22.4534,20.6030,0.4031,82.3230,2.6463,4649.9123,204.2083,25.9152,21.1137,12.8578,14.5296,26.176,48.8436,54.2173,102.8621,13.088,0.0,3.731508,7.079487,1.545355,30,207,63,6,0.32204186,0.01770420,-0.00338982,0E-8,0.000000,0.904812,0.002133,0.03111404,2026-03-21,2026-08-06,120,3733,1703,139,0.863309,1.227414,1.154177,1.073473,,,,,,,,GLOBAL_BASELINE_NO_ENTITY_RANKING,,,NOT_APPLICABLE_GLOBAL_BASELINE,HF9g-P5,,,,X 全窗基线 · 不参与实体赏罚,15054194,1506,A168_HF9F_20260827_0900,2026-08-27 09:00:00
2026-08-01,127529701,2106,0,147.1759176022,31.7468471476,31.7468471476,0.6000000,11,11,0.50177608181818182,0.501776081818,0.6212265236101743,0.6212265236113235,0.6212265236101743,1.8182E-13,ELIGIBLE,R03b_20260811_FULL_v1,L1_ELIGIBILITY,v2026-08-11,2026-03-21..2026-08-06,baccarat_bet02_101_all_pairs_incl_sentinel,round_win = game_pnl > 0 (decisive only),COMPATIBILITY_ONLY_NOT_PRODUCTION,557989.4742,504875.3716,9878.7574,24851,24505,-0.01770420,0.00338982,-0.02772422,-0.01770420,-9878.7574,557989.4742,OK,0.0000,395.1503,4.0000,96.0000,AG03-UNRESOLVED,ALL5_LEVELS_bet23_to_bet27,395.1503,395.1503,395.1503,0.0000,0.0000,4.000000,4.000000,4.000000,0.000000,0.000000,96.000000,96.000000,96.000000,100.000000,100.000000,5.0,1185.4509,1138.6651,8693.3065,8740.0923,PENDING_AG03,FALSE,NOT_FOR_ENFORCEMENT,9483.6071,484680.3568,9878.7574,9483.6071,395.1503,0.01770420,0.01699603,395.1503,9483.6071,0.01699603,395.1503,395.1503,395.1503,0.0000,0.0000,9483.6071,0.01699603,1185.4509,1138.6651,8693.3065,8740.0923,0.01557970,0.01566354,0.00070817,22.4534,20.6030,0.4031,82.3230,2.6463,4649.9123,204.2083,25.9152,21.1137,12.8578,14.5296,26.176,48.8436,54.2173,102.8621,13.088,0.0,3.731508,7.079487,1.545355,30,207,63,6,0.32204186,0.01770420,-0.00338982,0E-8,0.000000,0.904812,0.002133,0.03111404,2026-03-21,2026-08-06,120,3733,1703,139,0.863309,1.227414,1.154177,1.073473,,,,,,,,GLOBAL_BASELINE_NO_ENTITY_RANKING,,,NOT_APPLICABLE_GLOBAL_BASELINE,HF9g-P5,,,,X 全窗基线 · 不参与实体赏罚,15054195,1506,A168_HF9F_20260827_0900,2026-08-27 09:00:00
2026-08-01,127529701,2108,0,128.4257570699,27.4831120129,27.4831120129,0.6000000,5,5,0.49860758000000000,0.498607580000,0.4534424453485946,0.4534424453485946,0.4534424453485946,0E-17,ELIGIBLE,R03b_20260811_FULL_v1,L1_ELIGIBILITY,v2026-08-11,2026-03-21..2026-08-06,baccarat_bet02_101_all_pairs_incl_sentinel,round_win = game_pnl > 0 (decisive only),COMPATIBILITY_ONLY_NOT_PRODUCTION,557989.4742,504875.3716,9878.7574,24851,24505,-0.01770420,0.00338982,-0.02772422,-0.01770420,-9878.7574,557989.4742,OK,0.0000,395.1503,4.0000,96.0000,AG03-UNRESOLVED,ALL5_LEVELS_bet23_to_bet27,395.1503,395.1503,395.1503,0.0000,0.0000,4.000000,4.000000,4.000000,0.000000,0.000000,96.000000,96.000000,96.000000,100.000000,100.000000,5.0,1185.4509,1138.6651,8693.3065,8740.0923,PENDING_AG03,FALSE,NOT_FOR_ENFORCEMENT,9483.6071,484680.3568,9878.7574,9483.6071,395.1503,0.01770420,0.01699603,395.1503,9483.6071,0.01699603,395.1503,395.1503,395.1503,0.0000,0.0000,9483.6071,0.01699603,1185.4509,1138.6651,8693.3065,8740.0923,0.01557970,0.01566354,0.00070817,22.4534,20.6030,0.4031,82.3230,2.6463,4649.9123,204.2083,25.9152,21.1137,12.8578,14.5296,26.176,48.8436,54.2173,102.8621,13.088,0.0,3.731508,7.079487,1.545355,30,207,63,6,0.32204186,0.01770420,-0.00338982,0E-8,0.000000,0.904812,0.002133,0.03111404,2026-03-21,2026-08-06,120,3733,1703,139,0.863309,1.227414,1.154177,1.073473,,,,,,,,GLOBAL_BASELINE_NO_ENTITY_RANKING,,,NOT_APPLICABLE_GLOBAL_BASELINE,HF9g-P5,,,,X 全窗基线 · 不参与实体赏罚,15054196,1506,A168_HF9F_20260827_0900,2026-08-27 09:00:00
2026-08-01,127529701,2121,0,61.6443633935,61.6443633935,61.6443633935,1.0000000,1,1,0.49324550000000000,0.493245500000,1.01360149184955,1.01360149184955,1.01360149184955,0E-17,ELIGIBLE,R03b_20260811_FULL_v1,L1_ELIGIBILITY,v2026-08-11,2026-03-21..2026-08-06,baccarat_bet02_101_all_pairs_incl_sentinel,round_win = game_pnl > 0 (decisive only),COMPATIBILITY_ONLY_NOT_PRODUCTION,557989.4742,504875.3716,9878.7574,24851,24505,-0.01770420,0.00338982,-0.02772422,-0.01770420,-9878.7574,557989.4742,OK,0.0000,395.1503,4.0000,96.0000,AG03-UNRESOLVED,ALL5_LEVELS_bet23_to_bet27,395.1503,395.1503,395.1503,0.0000,0.0000,4.000000,4.000000,4.000000,0.000000,0.000000,96.000000,96.000000,96.000000,100.000000,100.000000,5.0,1185.4509,1138.6651,8693.3065,8740.0923,PENDING_AG03,FALSE,NOT_FOR_ENFORCEMENT,9483.6071,484680.3568,9878.7574,9483.6071,395.1503,0.01770420,0.01699603,395.1503,9483.6071,0.01699603,395.1503,395.1503,395.1503,0.0000,0.0000,9483.6071,0.01699603,1185.4509,1138.6651,8693.3065,8740.0923,0.01557970,0.01566354,0.00070817,22.4534,20.6030,0.4031,82.3230,2.6463,4649.9123,204.2083,25.9152,21.1137,12.8578,14.5296,26.176,48.8436,54.2173,102.8621,13.088,0.0,3.731508,7.079487,1.545355,30,207,63,6,0.32204186,0.01770420,-0.00338982,0E-8,0.000000,0.904812,0.002133,0.03111404,2026-03-21,2026-08-06,120,3733,1703,139,0.863309,1.227414,1.154177,1.073473,,,,,,,,GLOBAL_BASELINE_NO_ENTITY_RANKING,,,NOT_APPLICABLE_GLOBAL_BASELINE,HF9g-P5,,,,X 全窗基线 · 不参与实体赏罚,15054197,1506,A168_HF9F_20260827_0900,2026-08-27 09:00:00
2026-08-01,127529701,2123,0,23.1166362726,1.9263863560,1.9263863560,0.5000000,2,2,0.49994810000000000,0.499948100000,0.00014679536856514622,0.00014679536856514622,0.00014679536856514622,0E-17,ELIGIBLE,R03b_20260811_FULL_v1,L1_ELIGIBILITY,v2026-08-11,2026-03-21..2026-08-06,baccarat_bet02_101_all_pairs_incl_sentinel,round_win = game_pnl > 0 (decisive only),COMPATIBILITY_ONLY_NOT_PRODUCTION,557989.4742,504875.3716,9878.7574,24851,24505,-0.01770420,0.00338982,-0.02772422,-0.01770420,-9878.7574,557989.4742,OK,0.0000,395.1503,4.0000,96.0000,AG03-UNRESOLVED,ALL5_LEVELS_bet23_to_bet27,395.1503,395.1503,395.1503,0.0000,0.0000,4.000000,4.000000,4.000000,0.000000,0.000000,96.000000,96.000000,96.000000,100.000000,100.000000,5.0,1185.4509,1138.6651,8693.3065,8740.0923,PENDING_AG03,FALSE,NOT_FOR_ENFORCEMENT,9483.6071,484680.3568,9878.7574,9483.6071,395.1503,0.01770420,0.01699603,395.1503,9483.6071,0.01699603,395.1503,395.1503,395.1503,0.0000,0.0000,9483.6071,0.01699603,1185.4509,1138.6651,8693.3065,8740.0923,0.01557970,0.01566354,0.00070817,22.4534,20.6030,0.4031,82.3230,2.6463,4649.9123,204.2083,25.9152,21.1137,12.8578,14.5296,26.176,48.8436,54.2173,102.8621,13.088,0.0,3.731508,7.079487,1.545355,30,207,63,6,0.32204186,0.01770420,-0.00338982,0E-8,0.000000,0.904812,0.002133,0.03111404,2026-03-21,2026-08-06,120,3733,1703,139,0.863309,1.227414,1.154177,1.073473,,,,,,,,GLOBAL_BASELINE_NO_ENTITY_RANKING,,,NOT_APPLICABLE_GLOBAL_BASELINE,HF9g-P5,,,,X 全窗基线 · 不参与实体赏罚,15054198,1506,A168_HF9F_20260827_0900,2026-08-27 09:00:00
2026-08-01,127529701,2141,0,129.4531631265,-25.6851514140,-25.6851514140,0.2500000,9,9,0.49920336666666667,0.499203366667,-1.4097089129893778,-1.4097089129912617,-1.4097089129893778,-3.3333E-13,ELIGIBLE,R03b_20260811_FULL_v1,L1_ELIGIBILITY,v2026-08-11,2026-03-21..2026-08-06,baccarat_bet02_101_all_pairs_incl_sentinel,round_win = game_pnl > 0 (decisive only),COMPATIBILITY_ONLY_NOT_PRODUCTION,557989.4742,504875.3716,9878.7574,24851,24505,-0.01770420,0.00338982,-0.02772422,-0.01770420,-9878.7574,557989.4742,OK,0.0000,395.1503,4.0000,96.0000,AG03-UNRESOLVED,ALL5_LEVELS_bet23_to_bet27,395.1503,395.1503,395.1503,0.0000,0.0000,4.000000,4.000000,4.000000,0.000000,0.000000,96.000000,96.000000,96.000000,100.000000,100.000000,5.0,1185.4509,1138.6651,8693.3065,8740.0923,PENDING_AG03,FALSE,NOT_FOR_ENFORCEMENT,9483.6071,484680.3568,9878.7574,9483.6071,395.1503,0.01770420,0.01699603,395.1503,9483.6071,0.01699603,395.1503,395.1503,395.1503,0.0000,0.0000,9483.6071,0.01699603,1185.4509,1138.6651,8693.3065,8740.0923,0.01557970,0.01566354,0.00070817,22.4534,20.6030,0.4031,82.3230,2.6463,4649.9123,204.2083,25.9152,21.1137,12.8578,14.5296,26.176,48.8436,54.2173,102.8621,13.088,0.0,3.731508,7.079487,1.545355,30,207,63,6,0.32204186,0.01770420,-0.00338982,0E-8,0.000000,0.904812,0.002133,0.03111404,2026-03-21,2026-08-06,120,3733,1703,139,0.863309,1.227414,1.154177,1.073473,,,,,,,,GLOBAL_BASELINE_NO_ENTITY_RANKING,,,NOT_APPLICABLE_GLOBAL_BASELINE,HF9g-P5,,,,X 全窗基线 · 不参与实体赏罚,15054199,1506,A168_HF9F_20260827_0900,2026-08-27 09:00:00
2026-08-01,127529701,2147,0,333.3932653535,162.2659440576,162.2659440576,0.6666667,12,12,0.50218230000000000,0.502182300000,1.1395919749830326,1.1395919749830328,1.1395919749830326,0E-17,ELIGIBLE,R03b_20260811_FULL_v1,L1_ELIGIBILITY,v2026-08-11,2026-03-21..2026-08-06,baccarat_bet02_101_all_pairs_incl_sentinel,round_win = game_pnl > 0 (decisive only),COMPATIBILITY_ONLY_NOT_PRODUCTION,557989.4742,504875.3716,9878.7574,24851,24505,-0.01770420,0.00338982,-0.02772422,-0.01770420,-9878.7574,557989.4742,OK,0.0000,395.1503,4.0000,96.0000,AG03-UNRESOLVED,ALL5_LEVELS_bet23_to_bet27,395.1503,395.1503,395.1503,0.0000,0.0000,4.000000,4.000000,4.000000,0.000000,0.000000,96.000000,96.000000,96.000000,100.000000,100.000000,5.0,1185.4509,1138.6651,8693.3065,8740.0923,PENDING_AG03,FALSE,NOT_FOR_ENFORCEMENT,9483.6071,484680.3568,9878.7574,9483.6071,395.1503,0.01770420,0.01699603,395.1503,9483.6071,0.01699603,395.1503,395.1503,395.1503,0.0000,0.0000,9483.6071,0.01699603,1185.4509,1138.6651,8693.3065,8740.0923,0.01557970,0.01566354,0.00070817,22.4534,20.6030,0.4031,82.3230,2.6463,4649.9123,204.2083,25.9152,21.1137,12.8578,14.5296,26.176,48.8436,54.2173,102.8621,13.088,0.0,3.731508,7.079487,1.545355,30,207,63,6,0.32204186,0.01770420,-0.00338982,0E-8,0.000000,0.904812,0.002133,0.03111404,2026-03-21,2026-08-06,120,3733,1703,139,0.863309,1.227414,1.154177,1.073473,,,,,,,,GLOBAL_BASELINE_NO_ENTITY_RANKING,,,NOT_APPLICABLE_GLOBAL_BASELINE,HF9g-P5,,,,X 全窗基线 · 不参与实体赏罚,15054200,1506,A168_HF9F_20260827_0900,2026-08-27 09:00:00
2026-08-01,127529701,2153,0,86.0452572369,72.5605527445,72.5605527445,1.0000000,5,5,0.49860758000000000,0.498607580000,2.005577456976424,2.005577456976424,2.005577456976424,0E-17,ELIGIBLE,R03b_20260811_FULL_v1,L1_ELIGIBILITY,v2026-08-11,2026-03-21..2026-08-06,baccarat_bet02_101_all_pairs_incl_sentinel,round_win = game_pnl > 0 (decisive only),COMPATIBILITY_ONLY_NOT_PRODUCTION,557989.4742,504875.3716,9878.7574,24851,24505,-0.01770420,0.00338982,-0.02772422,-0.01770420,-9878.7574,557989.4742,OK,0.0000,395.1503,4.0000,96.0000,AG03-UNRESOLVED,ALL5_LEVELS_bet23_to_bet27,395.1503,395.1503,395.1503,0.0000,0.0000,4.000000,4.000000,4.000000,0.000000,0.000000,96.000000,96.000000,96.000000,100.000000,100.000000,5.0,1185.4509,1138.6651,8693.3065,8740.0923,PENDING_AG03,FALSE,NOT_FOR_ENFORCEMENT,9483.6071,484680.3568,9878.7574,9483.6071,395.1503,0.01770420,0.01699603,395.1503,9483.6071,0.01699603,395.1503,395.1503,395.1503,0.0000,0.0000,9483.6071,0.01699603,1185.4509,1138.6651,8693.3065,8740.0923,0.01557970,0.01566354,0.00070817,22.4534,20.6030,0.4031,82.3230,2.6463,4649.9123,204.2083,25.9152,21.1137,12.8578,14.5296,26.176,48.8436,54.2173,102.8621,13.088,0.0,3.731508,7.079487,1.545355,30,207,63,6,0.32204186,0.01770420,-0.00338982,0E-8,0.000000,0.904812,0.002133,0.03111404,2026-03-21,2026-08-06,120,3733,1703,139,0.863309,1.227414,1.154177,1.073473,,,,,,,,GLOBAL_BASELINE_NO_ENTITY_RANKING,,,NOT_APPLICABLE_GLOBAL_BASELINE,HF9g-P5,,,,X 全窗基线 · 不参与实体赏罚,15054201,1506,A168_HF9F_20260827_0900,2026-08-27 09:00:00
2026-08-01,127529701,2160,0,339.0439986648,-4.4949014976,-4.4949014976,0.4666667,15,15,0.49950126000000000,0.499501260000,-0.2543357928467954,-0.2543357928467954,-0.2543357928467954,0E-17,ELIGIBLE,R03b_20260811_FULL_v1,L1_ELIGIBILITY,v2026-08-11,2026-03-21..2026-08-06,baccarat_bet02_101_all_pairs_incl_sentinel,round_win = game_pnl > 0 (decisive only),COMPATIBILITY_ONLY_NOT_PRODUCTION,557989.4742,504875.3716,9878.7574,24851,24505,-0.01770420,0.00338982,-0.02772422,-0.01770420,-9878.7574,557989.4742,OK,0.0000,395.1503,4.0000,96.0000,AG03-UNRESOLVED,ALL5_LEVELS_bet23_to_bet27,395.1503,395.1503,395.1503,0.0000,0.0000,4.000000,4.000000,4.000000,0.000000,0.000000,96.000000,96.000000,96.000000,100.000000,100.000000,5.0,1185.4509,1138.6651,8693.3065,8740.0923,PENDING_AG03,FALSE,NOT_FOR_ENFORCEMENT,9483.6071,484680.3568,9878.7574,9483.6071,395.1503,0.01770420,0.01699603,395.1503,9483.6071,0.01699603,395.1503,395.1503,395.1503,0.0000,0.0000,9483.6071,0.01699603,1185.4509,1138.6651,8693.3065,8740.0923,0.01557970,0.01566354,0.00070817,22.4534,20.6030,0.4031,82.3230,2.6463,4649.9123,204.2083,25.9152,21.1137,12.8578,14.5296,26.176,48.8436,54.2173,102.8621,13.088,0.0,3.731508,7.079487,1.545355,30,207,63,6,0.32204186,0.01770420,-0.00338982,0E-8,0.000000,0.904812,0.002133,0.03111404,2026-03-21,2026-08-06,120,3733,1703,139,0.863309,1.227414,1.154177,1.073473,,,,,,,,GLOBAL_BASELINE_NO_ENTITY_RANKING,,,NOT_APPLICABLE_GLOBAL_BASELINE,HF9g-P5,,,,X 全窗基线 · 不参与实体赏罚,15054202,1506,A168_HF9F_20260827_0900,2026-08-27 09:00:00
2026-08-01,127529701,2201,0,89.8980299490,10.9161893509,10.9161893509,0.5000000,4,4,0.49994810000000000,0.499948100000,0.00020760000111838688,0.00020760000111838688,0.00020760000111838688,0E-17,ELIGIBLE,R03b_20260811_FULL_v1,L1_ELIGIBILITY,v2026-08-11,2026-03-21..2026-08-06,baccarat_bet02_101_all_pairs_incl_sentinel,round_win = game_pnl > 0 (decisive only),COMPATIBILITY_ONLY_NOT_PRODUCTION,557989.4742,504875.3716,9878.7574,24851,24505,-0.01770420,0.00338982,-0.02772422,-0.01770420,-9878.7574,557989.4742,OK,0.0000,395.1503,4.0000,96.0000,AG03-UNRESOLVED,ALL5_LEVELS_bet23_to_bet27,395.1503,395.1503,395.1503,0.0000,0.0000,4.000000,4.000000,4.000000,0.000000,0.000000,96.000000,96.000000,96.000000,100.000000,100.000000,5.0,1185.4509,1138.6651,8693.3065,8740.0923,PENDING_AG03,FALSE,NOT_FOR_ENFORCEMENT,9483.6071,484680.3568,9878.7574,9483.6071,395.1503,0.01770420,0.01699603,395.1503,9483.6071,0.01699603,395.1503,395.1503,395.1503,0.0000,0.0000,9483.6071,0.01699603,1185.4509,1138.6651,8693.3065,8740.0923,0.01557970,0.01566354,0.00070817,22.4534,20.6030,0.4031,82.3230,2.6463,4649.9123,204.2083,25.9152,21.1137,12.8578,14.5296,26.176,48.8436,54.2173,102.8621,13.088,0.0,3.731508,7.079487,1.545355,30,207,63,6,0.32204186,0.01770420,-0.00338982,0E-8,0.000000,0.904812,0.002133,0.03111404,2026-03-21,2026-08-06,120,3733,1703,139,0.863309,1.227414,1.154177,1.073473,,,,,,,,GLOBAL_BASELINE_NO_ENTITY_RANKING,,,NOT_APPLICABLE_GLOBAL_BASELINE,HF9g-P5,,,,X 全窗基线 · 不参与实体赏罚,15054203,1506,A168_HF9F_20260827_0900,2026-08-27 09:00:00
2026-08-01,127529701,2220,0,30.0516271544,15.9247938767,15.9247938767,0.8000000,5,5,0.49592654000000000,0.495926540000,1.359902984124143,1.359902984124143,1.359902984124143,0E-17,ELIGIBLE,R03b_20260811_FULL_v1,L1_ELIGIBILITY,v2026-08-11,2026-03-21..2026-08-06,baccarat_bet02_101_all_pairs_incl_sentinel,round_win = game_pnl > 0 (decisive only),COMPATIBILITY_ONLY_NOT_PRODUCTION,557989.4742,504875.3716,9878.7574,24851,24505,-0.01770420,0.00338982,-0.02772422,-0.01770420,-9878.7574,557989.4742,OK,0.0000,395.1503,4.0000,96.0000,AG03-UNRESOLVED,ALL5_LEVELS_bet23_to_bet27,395.1503,395.1503,395.1503,0.0000,0.0000,4.000000,4.000000,4.000000,0.000000,0.000000,96.000000,96.000000,96.000000,100.000000,100.000000,5.0,1185.4509,1138.6651,8693.3065,8740.0923,PENDING_AG03,FALSE,NOT_FOR_ENFORCEMENT,9483.6071,484680.3568,9878.7574,9483.6071,395.1503,0.01770420,0.01699603,395.1503,9483.6071,0.01699603,395.1503,395.1503,395.1503,0.0000,0.0000,9483.6071,0.01699603,1185.4509,1138.6651,8693.3065,8740.0923,0.01557970,0.01566354,0.00070817,22.4534,20.6030,0.4031,82.3230,2.6463,4649.9123,204.2083,25.9152,21.1137,12.8578,14.5296,26.176,48.8436,54.2173,102.8621,13.088,0.0,3.731508,7.079487,1.545355,30,207,63,6,0.32204186,0.01770420,-0.00338982,0E-8,0.000000,0.904812,0.002133,0.03111404,2026-03-21,2026-08-06,120,3733,1703,139,0.863309,1.227414,1.154177,1.073473,,,,,,,,GLOBAL_BASELINE_NO_ENTITY_RANKING,,,NOT_APPLICABLE_GLOBAL_BASELINE,HF9g-P5,,,,X 全窗基线 · 不参与实体赏罚,15054204,1506,A168_HF9F_20260827_0900,2026-08-27 09:00:00
2026-08-01,127529701,2223,0,242.9815323762,-61.5159376364,-61.5159376364,0.4000000,12,12,0.50106520000000000,0.501065200000,-0.6391938988865886,-0.6391938988865887,-0.6391938988865886,0E-17,ELIGIBLE,R03b_20260811_FULL_v1,L1_ELIGIBILITY,v2026-08-11,2026-03-21..2026-08-06,baccarat_bet02_101_all_pairs_incl_sentinel,round_win = game_pnl > 0 (decisive only),COMPATIBILITY_ONLY_NOT_PRODUCTION,557989.4742,504875.3716,9878.7574,24851,24505,-0.01770420,0.00338982,-0.02772422,-0.01770420,-9878.7574,557989.4742,OK,0.0000,395.1503,4.0000,96.0000,AG03-UNRESOLVED,ALL5_LEVELS_bet23_to_bet27,395.1503,395.1503,395.1503,0.0000,0.0000,4.000000,4.000000,4.000000,0.000000,0.000000,96.000000,96.000000,96.000000,100.000000,100.000000,5.0,1185.4509,1138.6651,8693.3065,8740.0923,PENDING_AG03,FALSE,NOT_FOR_ENFORCEMENT,9483.6071,484680.3568,9878.7574,9483.6071,395.1503,0.01770420,0.01699603,395.1503,9483.6071,0.01699603,395.1503,395.1503,395.1503,0.0000,0.0000,9483.6071,0.01699603,1185.4509,1138.6651,8693.3065,8740.0923,0.01557970,0.01566354,0.00070817,22.4534,20.6030,0.4031,82.3230,2.6463,4649.9123,204.2083,25.9152,21.1137,12.8578,14.5296,26.176,48.8436,54.2173,102.8621,13.088,0.0,3.731508,7.079487,1.545355,30,207,63,6,0.32204186,0.01770420,-0.00338982,0E-8,0.000000,0.904812,0.002133,0.03111404,2026-03-21,2026-08-06,120,3733,1703,139,0.863309,1.227414,1.154177,1.073473,,,,,,,,GLOBAL_BASELINE_NO_ENTITY_RANKING,,,NOT_APPLICABLE_GLOBAL_BASELINE,HF9g-P5,,,,X 全窗基线 · 不参与实体赏罚,15054205,1506,A168_HF9F_20260827_0900,2026-08-27 09:00:00
2026-08-01,127529701,2252,0,519.0969100764,-87.2010890507,-87.2010890507,0.3000000,22,22,0.49933877272727273,0.499338772727,-1.7829417445598836,-1.7829417445574456,-1.7829417445598836,2.7273E-13,ELIGIBLE,R03b_20260811_FULL_v1,L1_ELIGIBILITY,v2026-08-11,2026-03-21..2026-08-06,baccarat_bet02_101_all_pairs_incl_sentinel,round_win = game_pnl > 0 (decisive only),COMPATIBILITY_ONLY_NOT_PRODUCTION,557989.4742,504875.3716,9878.7574,24851,24505,-0.01770420,0.00338982,-0.02772422,-0.01770420,-9878.7574,557989.4742,OK,0.0000,395.1503,4.0000,96.0000,AG03-UNRESOLVED,ALL5_LEVELS_bet23_to_bet27,395.1503,395.1503,395.1503,0.0000,0.0000,4.000000,4.000000,4.000000,0.000000,0.000000,96.000000,96.000000,96.000000,100.000000,100.000000,5.0,1185.4509,1138.6651,8693.3065,8740.0923,PENDING_AG03,FALSE,NOT_FOR_ENFORCEMENT,9483.6071,484680.3568,9878.7574,9483.6071,395.1503,0.01770420,0.01699603,395.1503,9483.6071,0.01699603,395.1503,395.1503,395.1503,0.0000,0.0000,9483.6071,0.01699603,1185.4509,1138.6651,8693.3065,8740.0923,0.01557970,0.01566354,0.00070817,22.4534,20.6030,0.4031,82.3230,2.6463,4649.9123,204.2083,25.9152,21.1137,12.8578,14.5296,26.176,48.8436,54.2173,102.8621,13.088,0.0,3.731508,7.079487,1.545355,30,207,63,6,0.32204186,0.01770420,-0.00338982,0E-8,0.000000,0.904812,0.002133,0.03111404,2026-03-21,2026-08-06,120,3733,1703,139,0.863309,1.227414,1.154177,1.073473,,,,,,,,GLOBAL_BASELINE_NO_ENTITY_RANKING,,,NOT_APPLICABLE_GLOBAL_BASELINE,HF9g-P5,,,,X 全窗基线 · 不参与实体赏罚,15054206,1506,A168_HF9F_20260827_0900,2026-08-27 09:00:00
2026-08-01,127529701,529,0,320.2938381326,44.5637377032,44.5637377032,0.5882353,19,19,0.50030086842105263,0.500300868421,0.7251259818296133,0.7251259818300471,0.7251259818296133,5.263E-14,ELIGIBLE,R03b_20260811_FULL_v1,L1_ELIGIBILITY,v2026-08-11,2026-03-21..2026-08-06,baccarat_bet02_101_all_pairs_incl_sentinel,round_win = game_pnl > 0 (decisive only),COMPATIBILITY_ONLY_NOT_PRODUCTION,557989.4742,504875.3716,9878.7574,24851,24505,-0.01770420,0.00338982,-0.02772422,-0.01770420,-9878.7574,557989.4742,OK,0.0000,395.1503,4.0000,96.0000,AG03-UNRESOLVED,ALL5_LEVELS_bet23_to_bet27,395.1503,395.1503,395.1503,0.0000,0.0000,4.000000,4.000000,4.000000,0.000000,0.000000,96.000000,96.000000,96.000000,100.000000,100.000000,5.0,1185.4509,1138.6651,8693.3065,8740.0923,PENDING_AG03,FALSE,NOT_FOR_ENFORCEMENT,9483.6071,484680.3568,9878.7574,9483.6071,395.1503,0.01770420,0.01699603,395.1503,9483.6071,0.01699603,395.1503,395.1503,395.1503,0.0000,0.0000,9483.6071,0.01699603,1185.4509,1138.6651,8693.3065,8740.0923,0.01557970,0.01566354,0.00070817,22.4534,20.6030,0.4031,82.3230,2.6463,4649.9123,204.2083,25.9152,21.1137,12.8578,14.5296,26.176,48.8436,54.2173,102.8621,13.088,0.0,3.731508,7.079487,1.545355,30,207,63,6,0.32204186,0.01770420,-0.00338982,0E-8,0.000000,0.904812,0.002133,0.03111404,2026-03-21,2026-08-06,120,3733,1703,139,0.863309,1.227414,1.154177,1.073473,,,,,,,,GLOBAL_BASELINE_NO_ENTITY_RANKING,,,NOT_APPLICABLE_GLOBAL_BASELINE,HF9g-P5,,,,X 全窗基线 · 不参与实体赏罚,15054207,1506,A168_HF9F_20260827_0900,2026-08-27 09:00:00
2026-08-01,127529701,583,0,305.6533018263,-24.4008938433,-24.4008938433,0.5000000,10,10,0.49994810000000000,0.499948100000,0.00029359073713029245,0.00029359073713029245,0.00029359073713029245,0E-17,ELIGIBLE,R03b_20260811_FULL_v1,L1_ELIGIBILITY,v2026-08-11,2026-03-21..2026-08-06,baccarat_bet02_101_all_pairs_incl_sentinel,round_win = game_pnl > 0 (decisive only),COMPATIBILITY_ONLY_NOT_PRODUCTION,557989.4742,504875.3716,9878.7574,24851,24505,-0.01770420,0.00338982,-0.02772422,-0.01770420,-9878.7574,557989.4742,OK,0.0000,395.1503,4.0000,96.0000,AG03-UNRESOLVED,ALL5_LEVELS_bet23_to_bet27,395.1503,395.1503,395.1503,0.0000,0.0000,4.000000,4.000000,4.000000,0.000000,0.000000,96.000000,96.000000,96.000000,100.000000,100.000000,5.0,1185.4509,1138.6651,8693.3065,8740.0923,PENDING_AG03,FALSE,NOT_FOR_ENFORCEMENT,9483.6071,484680.3568,9878.7574,9483.6071,395.1503,0.01770420,0.01699603,395.1503,9483.6071,0.01699603,395.1503,395.1503,395.1503,0.0000,0.0000,9483.6071,0.01699603,1185.4509,1138.6651,8693.3065,8740.0923,0.01557970,0.01566354,0.00070817,22.4534,20.6030,0.4031,82.3230,2.6463,4649.9123,204.2083,25.9152,21.1137,12.8578,14.5296,26.176,48.8436,54.2173,102.8621,13.088,0.0,3.731508,7.079487,1.545355,30,207,63,6,0.32204186,0.01770420,-0.00338982,0E-8,0.000000,0.904812,0.002133,0.03111404,2026-03-21,2026-08-06,120,3733,1703,139,0.863309,1.227414,1.154177,1.073473,,,,,,,,GLOBAL_BASELINE_NO_ENTITY_RANKING,,,NOT_APPLICABLE_GLOBAL_BASELINE,HF9g-P5,,,,X 全窗基线 · 不参与实体赏罚,15054208,1506,A168_HF9F_20260827_0900,2026-08-27 09:00:00
2026-08-01,127529701,752,0,48.8017876866,34.1612513806,34.1612513806,1.0000000,3,3,0.50665070000000000,0.506650700000,1.3955260008387969,1.3955260008387969,1.3955260008387969,0E-17,ELIGIBLE,R03b_20260811_FULL_v1,L1_ELIGIBILITY,v2026-08-11,2026-03-21..2026-08-06,baccarat_bet02_101_all_pairs_incl_sentinel,round_win = game_pnl > 0 (decisive only),COMPATIBILITY_ONLY_NOT_PRODUCTION,557989.4742,504875.3716,9878.7574,24851,24505,-0.01770420,0.00338982,-0.02772422,-0.01770420,-9878.7574,557989.4742,OK,0.0000,395.1503,4.0000,96.0000,AG03-UNRESOLVED,ALL5_LEVELS_bet23_to_bet27,395.1503,395.1503,395.1503,0.0000,0.0000,4.000000,4.000000,4.000000,0.000000,0.000000,96.000000,96.000000,96.000000,100.000000,100.000000,5.0,1185.4509,1138.6651,8693.3065,8740.0923,PENDING_AG03,FALSE,NOT_FOR_ENFORCEMENT,9483.6071,484680.3568,9878.7574,9483.6071,395.1503,0.01770420,0.01699603,395.1503,9483.6071,0.01699603,395.1503,395.1503,395.1503,0.0000,0.0000,9483.6071,0.01699603,1185.4509,1138.6651,8693.3065,8740.0923,0.01557970,0.01566354,0.00070817,22.4534,20.6030,0.4031,82.3230,2.6463,4649.9123,204.2083,25.9152,21.1137,12.8578,14.5296,26.176,48.8436,54.2173,102.8621,13.088,0.0,3.731508,7.079487,1.545355,30,207,63,6,0.32204186,0.01770420,-0.00338982,0E-8,0.000000,0.904812,0.002133,0.03111404,2026-03-21,2026-08-06,120,3733,1703,139,0.863309,1.227414,1.154177,1.073473,,,,,,,,GLOBAL_BASELINE_NO_ENTITY_RANKING,,,NOT_APPLICABLE_GLOBAL_BASELINE,HF9g-P5,,,,X 全窗基线 · 不参与实体赏罚,15054209,1506,A168_HF9F_20260827_0900,2026-08-27 09:00:00
2026-08-01,127529701,763,0,690.4168700079,-186.8594765368,-186.8594765368,0.4230769,31,31,0.49929946129032258,0.499299461290,-0.7773211823994772,-0.7773211823961881,-0.7773211823994772,3.2258E-13,ELIGIBLE,R03b_20260811_FULL_v1,L1_ELIGIBILITY,v2026-08-11,2026-03-21..2026-08-06,baccarat_bet02_101_all_pairs_incl_sentinel,round_win = game_pnl > 0 (decisive only),COMPATIBILITY_ONLY_NOT_PRODUCTION,557989.4742,504875.3716,9878.7574,24851,24505,-0.01770420,0.00338982,-0.02772422,-0.01770420,-9878.7574,557989.4742,OK,0.0000,395.1503,4.0000,96.0000,AG03-UNRESOLVED,ALL5_LEVELS_bet23_to_bet27,395.1503,395.1503,395.1503,0.0000,0.0000,4.000000,4.000000,4.000000,0.000000,0.000000,96.000000,96.000000,96.000000,100.000000,100.000000,5.0,1185.4509,1138.6651,8693.3065,8740.0923,PENDING_AG03,FALSE,NOT_FOR_ENFORCEMENT,9483.6071,484680.3568,9878.7574,9483.6071,395.1503,0.01770420,0.01699603,395.1503,9483.6071,0.01699603,395.1503,395.1503,395.1503,0.0000,0.0000,9483.6071,0.01699603,1185.4509,1138.6651,8693.3065,8740.0923,0.01557970,0.01566354,0.00070817,22.4534,20.6030,0.4031,82.3230,2.6463,4649.9123,204.2083,25.9152,21.1137,12.8578,14.5296,26.176,48.8436,54.2173,102.8621,13.088,0.0,3.731508,7.079487,1.545355,30,207,63,6,0.32204186,0.01770420,-0.00338982,0E-8,0.000000,0.904812,0.002133,0.03111404,2026-03-21,2026-08-06,120,3733,1703,139,0.863309,1.227414,1.154177,1.073473,,,,,,,,GLOBAL_BASELINE_NO_ENTITY_RANKING,,,NOT_APPLICABLE_GLOBAL_BASELINE,HF9g-P5,,,,X 全窗基线 · 不参与实体赏罚,15054210,1506,A168_HF9F_20260827_0900,2026-08-27 09:00:00
2026-08-01,127529701,919,0,314.1294017931,91.7730460020,91.7730460020,0.6666667,15,15,0.50039494000000000,0.500394940000,1.287935658428601,1.2879356584286012,1.287935658428601,0E-17,ELIGIBLE,R03b_20260811_FULL_v1,L1_ELIGIBILITY,v2026-08-11,2026-03-21..2026-08-06,baccarat_bet02_101_all_pairs_incl_sentinel,round_win = game_pnl > 0 (decisive only),COMPATIBILITY_ONLY_NOT_PRODUCTION,557989.4742,504875.3716,9878.7574,24851,24505,-0.01770420,0.00338982,-0.02772422,-0.01770420,-9878.7574,557989.4742,OK,0.0000,395.1503,4.0000,96.0000,AG03-UNRESOLVED,ALL5_LEVELS_bet23_to_bet27,395.1503,395.1503,395.1503,0.0000,0.0000,4.000000,4.000000,4.000000,0.000000,0.000000,96.000000,96.000000,96.000000,100.000000,100.000000,5.0,1185.4509,1138.6651,8693.3065,8740.0923,PENDING_AG03,FALSE,NOT_FOR_ENFORCEMENT,9483.6071,484680.3568,9878.7574,9483.6071,395.1503,0.01770420,0.01699603,395.1503,9483.6071,0.01699603,395.1503,395.1503,395.1503,0.0000,0.0000,9483.6071,0.01699603,1185.4509,1138.6651,8693.3065,8740.0923,0.01557970,0.01566354,0.00070817,22.4534,20.6030,0.4031,82.3230,2.6463,4649.9123,204.2083,25.9152,21.1137,12.8578,14.5296,26.176,48.8436,54.2173,102.8621,13.088,0.0,3.731508,7.079487,1.545355,30,207,63,6,0.32204186,0.01770420,-0.00338982,0E-8,0.000000,0.904812,0.002133,0.03111404,2026-03-21,2026-08-06,120,3733,1703,139,0.863309,1.227414,1.154177,1.073473,,,,,,,,GLOBAL_BASELINE_NO_ENTITY_RANKING,,,NOT_APPLICABLE_GLOBAL_BASELINE,HF9g-P5,,,,X 全窗基线 · 不参与实体赏罚,15054211,1506,A168_HF9F_20260827_0900,2026-08-27 09:00:00
2026-08-02,127529701,-1,1,789.3047029515,-28.1252407981,-28.1252407981,0.5333333,34,34,0.49915955882352941,0.499159558824,0.3743554723281819,0.3743554723230263,0.3743554723281819,-4.7059E-13,SENTINEL_DEALER,R03b_20260811_FULL_v1,L1_ELIGIBILITY,v2026-08-11,2026-03-21..2026-08-06,baccarat_bet02_101_all_pairs_incl_sentinel,round_win = game_pnl > 0 (decisive only),COMPATIBILITY_ONLY_NOT_PRODUCTION,557989.4742,504875.3716,9878.7574,24851,24505,-0.01770420,0.00338982,-0.02772422,-0.01770420,-9878.7574,557989.4742,OK,0.0000,395.1503,4.0000,96.0000,AG03-UNRESOLVED,ALL5_LEVELS_bet23_to_bet27,395.1503,395.1503,395.1503,0.0000,0.0000,4.000000,4.000000,4.000000,0.000000,0.000000,96.000000,96.000000,96.000000,100.000000,100.000000,5.0,1185.4509,1138.6651,8693.3065,8740.0923,PENDING_AG03,FALSE,NOT_FOR_ENFORCEMENT,9483.6071,484680.3568,9878.7574,9483.6071,395.1503,0.01770420,0.01699603,395.1503,9483.6071,0.01699603,395.1503,395.1503,395.1503,0.0000,0.0000,9483.6071,0.01699603,1185.4509,1138.6651,8693.3065,8740.0923,0.01557970,0.01566354,0.00070817,22.4534,20.6030,0.4031,82.3230,2.6463,4649.9123,204.2083,25.9152,21.1137,12.8578,14.5296,26.176,48.8436,54.2173,102.8621,13.088,0.0,3.731508,7.079487,1.545355,30,207,63,6,0.32204186,0.01770420,-0.00338982,0E-8,0.000000,0.904812,0.002133,0.03111404,2026-03-21,2026-08-06,120,3733,1703,139,0.863309,1.227414,1.154177,1.073473,,,,,,,,GLOBAL_BASELINE_NO_ENTITY_RANKING,,,NOT_APPLICABLE_GLOBAL_BASELINE,HF9g-P5,,,,X 全窗基线 · 不参与实体赏罚,15054212,1506,A168_HF9F_20260827_0900,2026-08-27 09:00:00
2026-08-02,127529701,1094,0,92.4665450904,91.0538617626,91.0538617626,1.0000000,5,5,0.49860758000000000,0.498607580000,2.242303763970222,2.242303763970222,2.242303763970222,0E-17,ELIGIBLE,R03b_20260811_FULL_v1,L1_ELIGIBILITY,v2026-08-11,2026-03-21..2026-08-06,baccarat_bet02_101_all_pairs_incl_sentinel,round_win = game_pnl > 0 (decisive only),COMPATIBILITY_ONLY_NOT_PRODUCTION,557989.4742,504875.3716,9878.7574,24851,24505,-0.01770420,0.00338982,-0.02772422,-0.01770420,-9878.7574,557989.4742,OK,0.0000,395.1503,4.0000,96.0000,AG03-UNRESOLVED,ALL5_LEVELS_bet23_to_bet27,395.1503,395.1503,395.1503,0.0000,0.0000,4.000000,4.000000,4.000000,0.000000,0.000000,96.000000,96.000000,96.000000,100.000000,100.000000,5.0,1185.4509,1138.6651,8693.3065,8740.0923,PENDING_AG03,FALSE,NOT_FOR_ENFORCEMENT,9483.6071,484680.3568,9878.7574,9483.6071,395.1503,0.01770420,0.01699603,395.1503,9483.6071,0.01699603,395.1503,395.1503,395.1503,0.0000,0.0000,9483.6071,0.01699603,1185.4509,1138.6651,8693.3065,8740.0923,0.01557970,0.01566354,0.00070817,22.4534,20.6030,0.4031,82.3230,2.6463,4649.9123,204.2083,25.9152,21.1137,12.8578,14.5296,26.176,48.8436,54.2173,102.8621,13.088,0.0,3.731508,7.079487,1.545355,30,207,63,6,0.32204186,0.01770420,-0.00338982,0E-8,0.000000,0.904812,0.002133,0.03111404,2026-03-21,2026-08-06,120,3733,1703,139,0.863309,1.227414,1.154177,1.073473,,,,,,,,GLOBAL_BASELINE_NO_ENTITY_RANKING,,,NOT_APPLICABLE_GLOBAL_BASELINE,HF9g-P5,,,,X 全窗基线 · 不参与实体赏罚,15054213,1506,A168_HF9F_20260827_0900,2026-08-27 09:00:00
2026-08-02,127529701,1210,0,212.1593506794,-20.4967508284,-20.4967508284,0.4285714,7,7,0.49899058571428571,0.498990585714,-0.3726239140161595,-0.3726239140146481,-0.3726239140161595,2.8571E-13,ELIGIBLE,R03b_20260811_FULL_v1,L1_ELIGIBILITY,v2026-08-11,2026-03-21..2026-08-06,baccarat_bet02_101_all_pairs_incl_sentinel,round_win = game_pnl > 0 (decisive only),COMPATIBILITY_ONLY_NOT_PRODUCTION,557989.4742,504875.3716,9878.7574,24851,24505,-0.01770420,0.00338982,-0.02772422,-0.01770420,-9878.7574,557989.4742,OK,0.0000,395.1503,4.0000,96.0000,AG03-UNRESOLVED,ALL5_LEVELS_bet23_to_bet27,395.1503,395.1503,395.1503,0.0000,0.0000,4.000000,4.000000,4.000000,0.000000,0.000000,96.000000,96.000000,96.000000,100.000000,100.000000,5.0,1185.4509,1138.6651,8693.3065,8740.0923,PENDING_AG03,FALSE,NOT_FOR_ENFORCEMENT,9483.6071,484680.3568,9878.7574,9483.6071,395.1503,0.01770420,0.01699603,395.1503,9483.6071,0.01699603,395.1503,395.1503,395.1503,0.0000,0.0000,9483.6071,0.01699603,1185.4509,1138.6651,8693.3065,8740.0923,0.01557970,0.01566354,0.00070817,22.4534,20.6030,0.4031,82.3230,2.6463,4649.9123,204.2083,25.9152,21.1137,12.8578,14.5296,26.176,48.8436,54.2173,102.8621,13.088,0.0,3.731508,7.079487,1.545355,30,207,63,6,0.32204186,0.01770420,-0.00338982,0E-8,0.000000,0.904812,0.002133,0.03111404,2026-03-21,2026-08-06,120,3733,1703,139,0.863309,1.227414,1.154177,1.073473,,,,,,,,GLOBAL_BASELINE_NO_ENTITY_RANKING,,,NOT_APPLICABLE_GLOBAL_BASELINE,HF9g-P5,,,,X 全窗基线 · 不参与实体赏罚,15054214,1506,A168_HF9F_20260827_0900,2026-08-27 09:00:00
2026-08-02,127529701,1304,0,238.8719081500,-10.2740605657,-10.2740605657,0.4000000,6,6,0.50218230000000000,0.502182300000,-0.4569774904649096,-0.4569774904649096,-0.4569774904649096,0E-17,ELIGIBLE,R03b_20260811_FULL_v1,L1_ELIGIBILITY,v2026-08-11,2026-03-21..2026-08-06,baccarat_bet02_101_all_pairs_incl_sentinel,round_win = game_pnl > 0 (decisive only),COMPATIBILITY_ONLY_NOT_PRODUCTION,557989.4742,504875.3716,9878.7574,24851,24505,-0.01770420,0.00338982,-0.02772422,-0.01770420,-9878.7574,557989.4742,OK,0.0000,395.1503,4.0000,96.0000,AG03-UNRESOLVED,ALL5_LEVELS_bet23_to_bet27,395.1503,395.1503,395.1503,0.0000,0.0000,4.000000,4.000000,4.000000,0.000000,0.000000,96.000000,96.000000,96.000000,100.000000,100.000000,5.0,1185.4509,1138.6651,8693.3065,8740.0923,PENDING_AG03,FALSE,NOT_FOR_ENFORCEMENT,9483.6071,484680.3568,9878.7574,9483.6071,395.1503,0.01770420,0.01699603,395.1503,9483.6071,0.01699603,395.1503,395.1503,395.1503,0.0000,0.0000,9483.6071,0.01699603,1185.4509,1138.6651,8693.3065,8740.0923,0.01557970,0.01566354,0.00070817,22.4534,20.6030,0.4031,82.3230,2.6463,4649.9123,204.2083,25.9152,21.1137,12.8578,14.5296,26.176,48.8436,54.2173,102.8621,13.088,0.0,3.731508,7.079487,1.545355,30,207,63,6,0.32204186,0.01770420,-0.00338982,0E-8,0.000000,0.904812,0.002133,0.03111404,2026-03-21,2026-08-06,120,3733,1703,139,0.863309,1.227414,1.154177,1.073473,,,,,,,,GLOBAL_BASELINE_NO_ENTITY_RANKING,,,NOT_APPLICABLE_GLOBAL_BASELINE,HF9g-P5,,,,X 全窗基线 · 不参与实体赏罚,15054215,1506,A168_HF9F_20260827_0900,2026-08-27 09:00:00
2026-08-02,127529701,1306,0,181.0803174685,-26.9694089847,-26.9694089847,0.3333333,3,3,0.49771390000000000,0.497713900000,-0.5694369385616226,-0.5694369385616226,-0.5694369385616226,0E-17,ELIGIBLE,R03b_20260811_FULL_v1,L1_ELIGIBILITY,v2026-08-11,2026-03-21..2026-08-06,baccarat_bet02_101_all_pairs_incl_sentinel,round_win = game_pnl > 0 (decisive only),COMPATIBILITY_ONLY_NOT_PRODUCTION,557989.4742,504875.3716,9878.7574,24851,24505,-0.01770420,0.00338982,-0.02772422,-0.01770420,-9878.7574,557989.4742,OK,0.0000,395.1503,4.0000,96.0000,AG03-UNRESOLVED,ALL5_LEVELS_bet23_to_bet27,395.1503,395.1503,395.1503,0.0000,0.0000,4.000000,4.000000,4.000000,0.000000,0.000000,96.000000,96.000000,96.000000,100.000000,100.000000,5.0,1185.4509,1138.6651,8693.3065,8740.0923,PENDING_AG03,FALSE,NOT_FOR_ENFORCEMENT,9483.6071,484680.3568,9878.7574,9483.6071,395.1503,0.01770420,0.01699603,395.1503,9483.6071,0.01699603,395.1503,395.1503,395.1503,0.0000,0.0000,9483.6071,0.01699603,1185.4509,1138.6651,8693.3065,8740.0923,0.01557970,0.01566354,0.00070817,22.4534,20.6030,0.4031,82.3230,2.6463,4649.9123,204.2083,25.9152,21.1137,12.8578,14.5296,26.176,48.8436,54.2173,102.8621,13.088,0.0,3.731508,7.079487,1.545355,30,207,63,6,0.32204186,0.01770420,-0.00338982,0E-8,0.000000,0.904812,0.002133,0.03111404,2026-03-21,2026-08-06,120,3733,1703,139,0.863309,1.227414,1.154177,1.073473,,,,,,,,GLOBAL_BASELINE_NO_ENTITY_RANKING,,,NOT_APPLICABLE_GLOBAL_BASELINE,HF9g-P5,,,,X 全窗基线 · 不参与实体赏罚,15054216,1506,A168_HF9F_20260827_0900,2026-08-27 09:00:00
2026-08-02,127529701,1325,0,192.6386356048,51.3703028279,51.3703028279,0.4000000,7,7,0.49324550000000000,0.493245500000,-0.4170446088060018,-0.4170446088060018,-0.4170446088060018,0E-17,ELIGIBLE,R03b_20260811_FULL_v1,L1_ELIGIBILITY,v2026-08-11,2026-03-21..2026-08-06,baccarat_bet02_101_all_pairs_incl_sentinel,round_win = game_pnl > 0 (decisive only),COMPATIBILITY_ONLY_NOT_PRODUCTION,557989.4742,504875.3716,9878.7574,24851,24505,-0.01770420,0.00338982,-0.02772422,-0.01770420,-9878.7574,557989.4742,OK,0.0000,395.1503,4.0000,96.0000,AG03-UNRESOLVED,ALL5_LEVELS_bet23_to_bet27,395.1503,395.1503,395.1503,0.0000,0.0000,4.000000,4.000000,4.000000,0.000000,0.000000,96.000000,96.000000,96.000000,100.000000,100.000000,5.0,1185.4509,1138.6651,8693.3065,8740.0923,PENDING_AG03,FALSE,NOT_FOR_ENFORCEMENT,9483.6071,484680.3568,9878.7574,9483.6071,395.1503,0.01770420,0.01699603,395.1503,9483.6071,0.01699603,395.1503,395.1503,395.1503,0.0000,0.0000,9483.6071,0.01699603,1185.4509,1138.6651,8693.3065,8740.0923,0.01557970,0.01566354,0.00070817,22.4534,20.6030,0.4031,82.3230,2.6463,4649.9123,204.2083,25.9152,21.1137,12.8578,14.5296,26.176,48.8436,54.2173,102.8621,13.088,0.0,3.731508,7.079487,1.545355,30,207,63,6,0.32204186,0.01770420,-0.00338982,0E-8,0.000000,0.904812,0.002133,0.03111404,2026-03-21,2026-08-06,120,3733,1703,139,0.863309,1.227414,1.154177,1.073473,,,,,,,,GLOBAL_BASELINE_NO_ENTITY_RANKING,,,NOT_APPLICABLE_GLOBAL_BASELINE,HF9g-P5,,,,X 全窗基线 · 不参与实体赏罚,15054217,1506,A168_HF9F_20260827_0900,2026-08-27 09:00:00
2026-08-02,127529701,1383,0,381.6813500116,-19.3409190148,-19.3409190148,0.5454545,12,12,0.49994810000000000,0.499948100000,0.30185561185716514,0.30185561185716514,0.30185561185716514,0E-17,ELIGIBLE,R03b_20260811_FULL_v1,L1_ELIGIBILITY,v2026-08-11,2026-03-21..2026-08-06,baccarat_bet02_101_all_pairs_incl_sentinel,round_win = game_pnl > 0 (decisive only),COMPATIBILITY_ONLY_NOT_PRODUCTION,557989.4742,504875.3716,9878.7574,24851,24505,-0.01770420,0.00338982,-0.02772422,-0.01770420,-9878.7574,557989.4742,OK,0.0000,395.1503,4.0000,96.0000,AG03-UNRESOLVED,ALL5_LEVELS_bet23_to_bet27,395.1503,395.1503,395.1503,0.0000,0.0000,4.000000,4.000000,4.000000,0.000000,0.000000,96.000000,96.000000,96.000000,100.000000,100.000000,5.0,1185.4509,1138.6651,8693.3065,8740.0923,PENDING_AG03,FALSE,NOT_FOR_ENFORCEMENT,9483.6071,484680.3568,9878.7574,9483.6071,395.1503,0.01770420,0.01699603,395.1503,9483.6071,0.01699603,395.1503,395.1503,395.1503,0.0000,0.0000,9483.6071,0.01699603,1185.4509,1138.6651,8693.3065,8740.0923,0.01557970,0.01566354,0.00070817,22.4534,20.6030,0.4031,82.3230,2.6463,4649.9123,204.2083,25.9152,21.1137,12.8578,14.5296,26.176,48.8436,54.2173,102.8621,13.088,0.0,3.731508,7.079487,1.545355,30,207,63,6,0.32204186,0.01770420,-0.00338982,0E-8,0.000000,0.904812,0.002133,0.03111404,2026-03-21,2026-08-06,120,3733,1703,139,0.863309,1.227414,1.154177,1.073473,,,,,,,,GLOBAL_BASELINE_NO_ENTITY_RANKING,,,NOT_APPLICABLE_GLOBAL_BASELINE,HF9g-P5,,,,X 全窗基线 · 不参与实体赏罚,15054218,1506,A168_HF9F_20260827_0900,2026-08-27 09:00:00
2026-08-02,127529701,1396,0,200.3441810289,-200.3441810289,-200.3441810289,0E-7,2,2,0.50665070000000000,0.506650700000,-1.4331513700195317,-1.4331513700195317,-1.4331513700195317,0E-17,ELIGIBLE,R03b_20260811_FULL_v1,L1_ELIGIBILITY,v2026-08-11,2026-03-21..2026-08-06,baccarat_bet02_101_all_pairs_incl_sentinel,round_win = game_pnl > 0 (decisive only),COMPATIBILITY_ONLY_NOT_PRODUCTION,557989.4742,504875.3716,9878.7574,24851,24505,-0.01770420,0.00338982,-0.02772422,-0.01770420,-9878.7574,557989.4742,OK,0.0000,395.1503,4.0000,96.0000,AG03-UNRESOLVED,ALL5_LEVELS_bet23_to_bet27,395.1503,395.1503,395.1503,0.0000,0.0000,4.000000,4.000000,4.000000,0.000000,0.000000,96.000000,96.000000,96.000000,100.000000,100.000000,5.0,1185.4509,1138.6651,8693.3065,8740.0923,PENDING_AG03,FALSE,NOT_FOR_ENFORCEMENT,9483.6071,484680.3568,9878.7574,9483.6071,395.1503,0.01770420,0.01699603,395.1503,9483.6071,0.01699603,395.1503,395.1503,395.1503,0.0000,0.0000,9483.6071,0.01699603,1185.4509,1138.6651,8693.3065,8740.0923,0.01557970,0.01566354,0.00070817,22.4534,20.6030,0.4031,82.3230,2.6463,4649.9123,204.2083,25.9152,21.1137,12.8578,14.5296,26.176,48.8436,54.2173,102.8621,13.088,0.0,3.731508,7.079487,1.545355,30,207,63,6,0.32204186,0.01770420,-0.00338982,0E-8,0.000000,0.904812,0.002133,0.03111404,2026-03-21,2026-08-06,120,3733,1703,139,0.863309,1.227414,1.154177,1.073473,,,,,,,,GLOBAL_BASELINE_NO_ENTITY_RANKING,,,NOT_APPLICABLE_GLOBAL_BASELINE,HF9g-P5,,,,X 全窗基线 · 不参与实体赏罚,15054219,1506,A168_HF9F_20260827_0900,2026-08-27 09:00:00
2026-08-02,127529701,1400,0,277.3996352708,-101.4563480851,-101.4563480851,0.2500000,5,5,0.50396966000000000,0.503969660000,-1.01591065835228,-1.0159106583522801,-1.01591065835228,0E-17,ELIGIBLE,R03b_20260811_FULL_v1,L1_ELIGIBILITY,v2026-08-11,2026-03-21..2026-08-06,baccarat_bet02_101_all_pairs_incl_sentinel,round_win = game_pnl > 0 (decisive only),COMPATIBILITY_ONLY_NOT_PRODUCTION,557989.4742,504875.3716,9878.7574,24851,24505,-0.01770420,0.00338982,-0.02772422,-0.01770420,-9878.7574,557989.4742,OK,0.0000,395.1503,4.0000,96.0000,AG03-UNRESOLVED,ALL5_LEVELS_bet23_to_bet27,395.1503,395.1503,395.1503,0.0000,0.0000,4.000000,4.000000,4.000000,0.000000,0.000000,96.000000,96.000000,96.000000,100.000000,100.000000,5.0,1185.4509,1138.6651,8693.3065,8740.0923,PENDING_AG03,FALSE,NOT_FOR_ENFORCEMENT,9483.6071,484680.3568,9878.7574,9483.6071,395.1503,0.01770420,0.01699603,395.1503,9483.6071,0.01699603,395.1503,395.1503,395.1503,0.0000,0.0000,9483.6071,0.01699603,1185.4509,1138.6651,8693.3065,8740.0923,0.01557970,0.01566354,0.00070817,22.4534,20.6030,0.4031,82.3230,2.6463,4649.9123,204.2083,25.9152,21.1137,12.8578,14.5296,26.176,48.8436,54.2173,102.8621,13.088,0.0,3.731508,7.079487,1.545355,30,207,63,6,0.32204186,0.01770420,-0.00338982,0E-8,0.000000,0.904812,0.002133,0.03111404,2026-03-21,2026-08-06,120,3733,1703,139,0.863309,1.227414,1.154177,1.073473,,,,,,,,GLOBAL_BASELINE_NO_ENTITY_RANKING,,,NOT_APPLICABLE_GLOBAL_BASELINE,HF9g-P5,,,,X 全窗基线 · 不参与实体赏罚,15054220,1506,A168_HF9F_20260827_0900,2026-08-27 09:00:00
2026-08-02,127529701,1485,0,128.4257570700,-0.6421287854,-0.6421287854,0.6000000,6,6,0.49771390000000000,0.497713900000,0.4574421269484404,0.45744212694844033,0.4574421269484404,0E-17,ELIGIBLE,R03b_20260811_FULL_v1,L1_ELIGIBILITY,v2026-08-11,2026-03-21..2026-08-06,baccarat_bet02_101_all_pairs_incl_sentinel,round_win = game_pnl > 0 (decisive only),COMPATIBILITY_ONLY_NOT_PRODUCTION,557989.4742,504875.3716,9878.7574,24851,24505,-0.01770420,0.00338982,-0.02772422,-0.01770420,-9878.7574,557989.4742,OK,0.0000,395.1503,4.0000,96.0000,AG03-UNRESOLVED,ALL5_LEVELS_bet23_to_bet27,395.1503,395.1503,395.1503,0.0000,0.0000,4.000000,4.000000,4.000000,0.000000,0.000000,96.000000,96.000000,96.000000,100.000000,100.000000,5.0,1185.4509,1138.6651,8693.3065,8740.0923,PENDING_AG03,FALSE,NOT_FOR_ENFORCEMENT,9483.6071,484680.3568,9878.7574,9483.6071,395.1503,0.01770420,0.01699603,395.1503,9483.6071,0.01699603,395.1503,395.1503,395.1503,0.0000,0.0000,9483.6071,0.01699603,1185.4509,1138.6651,8693.3065,8740.0923,0.01557970,0.01566354,0.00070817,22.4534,20.6030,0.4031,82.3230,2.6463,4649.9123,204.2083,25.9152,21.1137,12.8578,14.5296,26.176,48.8436,54.2173,102.8621,13.088,0.0,3.731508,7.079487,1.545355,30,207,63,6,0.32204186,0.01770420,-0.00338982,0E-8,0.000000,0.904812,0.002133,0.03111404,2026-03-21,2026-08-06,120,3733,1703,139,0.863309,1.227414,1.154177,1.073473,,,,,,,,GLOBAL_BASELINE_NO_ENTITY_RANKING,,,NOT_APPLICABLE_GLOBAL_BASELINE,HF9g-P5,,,,X 全窗基线 · 不参与实体赏罚,15054221,1506,A168_HF9F_20260827_0900,2026-08-27 09:00:00
2026-08-02,127529701,1505,0,155.3951660545,-5.1370302828,-5.1370302828,0.6666667,3,3,0.50218230000000000,0.502182300000,0.5697959874915163,0.5697959874915164,0.5697959874915163,0E-17,ELIGIBLE,R03b_20260811_FULL_v1,L1_ELIGIBILITY,v2026-08-11,2026-03-21..2026-08-06,baccarat_bet02_101_all_pairs_incl_sentinel,round_win = game_pnl > 0 (decisive only),COMPATIBILITY_ONLY_NOT_PRODUCTION,557989.4742,504875.3716,9878.7574,24851,24505,-0.01770420,0.00338982,-0.02772422,-0.01770420,-9878.7574,557989.4742,OK,0.0000,395.1503,4.0000,96.0000,AG03-UNRESOLVED,ALL5_LEVELS_bet23_to_bet27,395.1503,395.1503,395.1503,0.0000,0.0000,4.000000,4.000000,4.000000,0.000000,0.000000,96.000000,96.000000,96.000000,100.000000,100.000000,5.0,1185.4509,1138.6651,8693.3065,8740.0923,PENDING_AG03,FALSE,NOT_FOR_ENFORCEMENT,9483.6071,484680.3568,9878.7574,9483.6071,395.1503,0.01770420,0.01699603,395.1503,9483.6071,0.01699603,395.1503,395.1503,395.1503,0.0000,0.0000,9483.6071,0.01699603,1185.4509,1138.6651,8693.3065,8740.0923,0.01557970,0.01566354,0.00070817,22.4534,20.6030,0.4031,82.3230,2.6463,4649.9123,204.2083,25.9152,21.1137,12.8578,14.5296,26.176,48.8436,54.2173,102.8621,13.088,0.0,3.731508,7.079487,1.545355,30,207,63,6,0.32204186,0.01770420,-0.00338982,0E-8,0.000000,0.904812,0.002133,0.03111404,2026-03-21,2026-08-06,120,3733,1703,139,0.863309,1.227414,1.154177,1.073473,,,,,,,,GLOBAL_BASELINE_NO_ENTITY_RANKING,,,NOT_APPLICABLE_GLOBAL_BASELINE,HF9g-P5,,,,X 全窗基线 · 不参与实体赏罚,15054222,1506,A168_HF9F_20260827_0900,2026-08-27 09:00:00
2026-08-02,127529701,1623,0,2.5685151414,2.4400893843,2.4400893843,1.0000000,1,1,0.50665070000000000,0.506650700000,0.9867858985152569,0.9867858985152569,0.9867858985152569,0E-17,ELIGIBLE,R03b_20260811_FULL_v1,L1_ELIGIBILITY,v2026-08-11,2026-03-21..2026-08-06,baccarat_bet02_101_all_pairs_incl_sentinel,round_win = game_pnl > 0 (decisive only),COMPATIBILITY_ONLY_NOT_PRODUCTION,557989.4742,504875.3716,9878.7574,24851,24505,-0.01770420,0.00338982,-0.02772422,-0.01770420,-9878.7574,557989.4742,OK,0.0000,395.1503,4.0000,96.0000,AG03-UNRESOLVED,ALL5_LEVELS_bet23_to_bet27,395.1503,395.1503,395.1503,0.0000,0.0000,4.000000,4.000000,4.000000,0.000000,0.000000,96.000000,96.000000,96.000000,100.000000,100.000000,5.0,1185.4509,1138.6651,8693.3065,8740.0923,PENDING_AG03,FALSE,NOT_FOR_ENFORCEMENT,9483.6071,484680.3568,9878.7574,9483.6071,395.1503,0.01770420,0.01699603,395.1503,9483.6071,0.01699603,395.1503,395.1503,395.1503,0.0000,0.0000,9483.6071,0.01699603,1185.4509,1138.6651,8693.3065,8740.0923,0.01557970,0.01566354,0.00070817,22.4534,20.6030,0.4031,82.3230,2.6463,4649.9123,204.2083,25.9152,21.1137,12.8578,14.5296,26.176,48.8436,54.2173,102.8621,13.088,0.0,3.731508,7.079487,1.545355,30,207,63,6,0.32204186,0.01770420,-0.00338982,0E-8,0.000000,0.904812,0.002133,0.03111404,2026-03-21,2026-08-06,120,3733,1703,139,0.863309,1.227414,1.154177,1.073473,,,,,,,,GLOBAL_BASELINE_NO_ENTITY_RANKING,,,NOT_APPLICABLE_GLOBAL_BASELINE,HF9g-P5,,,,X 全窗基线 · 不参与实体赏罚,15054223,1506,A168_HF9F_20260827_0900,2026-08-27 09:00:00
2026-08-02,127529701,1957,0,141.2683327769,-64.2128785349,-64.2128785349,0.3333333,4,4,0.49994810000000000,0.499948100000,-0.5771704854251445,-0.5771704854251445,-0.5771704854251445,0E-17,ELIGIBLE,R03b_20260811_FULL_v1,L1_ELIGIBILITY,v2026-08-11,2026-03-21..2026-08-06,baccarat_bet02_101_all_pairs_incl_sentinel,round_win = game_pnl > 0 (decisive only),COMPATIBILITY_ONLY_NOT_PRODUCTION,557989.4742,504875.3716,9878.7574,24851,24505,-0.01770420,0.00338982,-0.02772422,-0.01770420,-9878.7574,557989.4742,OK,0.0000,395.1503,4.0000,96.0000,AG03-UNRESOLVED,ALL5_LEVELS_bet23_to_bet27,395.1503,395.1503,395.1503,0.0000,0.0000,4.000000,4.000000,4.000000,0.000000,0.000000,96.000000,96.000000,96.000000,100.000000,100.000000,5.0,1185.4509,1138.6651,8693.3065,8740.0923,PENDING_AG03,FALSE,NOT_FOR_ENFORCEMENT,9483.6071,484680.3568,9878.7574,9483.6071,395.1503,0.01770420,0.01699603,395.1503,9483.6071,0.01699603,395.1503,395.1503,395.1503,0.0000,0.0000,9483.6071,0.01699603,1185.4509,1138.6651,8693.3065,8740.0923,0.01557970,0.01566354,0.00070817,22.4534,20.6030,0.4031,82.3230,2.6463,4649.9123,204.2083,25.9152,21.1137,12.8578,14.5296,26.176,48.8436,54.2173,102.8621,13.088,0.0,3.731508,7.079487,1.545355,30,207,63,6,0.32204186,0.01770420,-0.00338982,0E-8,0.000000,0.904812,0.002133,0.03111404,2026-03-21,2026-08-06,120,3733,1703,139,0.863309,1.227414,1.154177,1.073473,,,,,,,,GLOBAL_BASELINE_NO_ENTITY_RANKING,,,NOT_APPLICABLE_GLOBAL_BASELINE,HF9g-P5,,,,X 全窗基线 · 不参与实体赏罚,15054224,1506,A168_HF9F_20260827_0900,2026-08-27 09:00:00
2026-08-02,127529701,1990,0,249.1459687156,-137.0302827935,-137.0302827935,0.4000000,10,10,0.49860758000000000,0.498607580000,-0.6236515130320585,-0.6236515130320585,-0.6236515130320585,0E-17,ELIGIBLE,R03b_20260811_FULL_v1,L1_ELIGIBILITY,v2026-08-11,2026-03-21..2026-08-06,baccarat_bet02_101_all_pairs_incl_sentinel,round_win = game_pnl > 0 (decisive only),COMPATIBILITY_ONLY_NOT_PRODUCTION,557989.4742,504875.3716,9878.7574,24851,24505,-0.01770420,0.00338982,-0.02772422,-0.01770420,-9878.7574,557989.4742,OK,0.0000,395.1503,4.0000,96.0000,AG03-UNRESOLVED,ALL5_LEVELS_bet23_to_bet27,395.1503,395.1503,395.1503,0.0000,0.0000,4.000000,4.000000,4.000000,0.000000,0.000000,96.000000,96.000000,96.000000,100.000000,100.000000,5.0,1185.4509,1138.6651,8693.3065,8740.0923,PENDING_AG03,FALSE,NOT_FOR_ENFORCEMENT,9483.6071,484680.3568,9878.7574,9483.6071,395.1503,0.01770420,0.01699603,395.1503,9483.6071,0.01699603,395.1503,395.1503,395.1503,0.0000,0.0000,9483.6071,0.01699603,1185.4509,1138.6651,8693.3065,8740.0923,0.01557970,0.01566354,0.00070817,22.4534,20.6030,0.4031,82.3230,2.6463,4649.9123,204.2083,25.9152,21.1137,12.8578,14.5296,26.176,48.8436,54.2173,102.8621,13.088,0.0,3.731508,7.079487,1.545355,30,207,63,6,0.32204186,0.01770420,-0.00338982,0E-8,0.000000,0.904812,0.002133,0.03111404,2026-03-21,2026-08-06,120,3733,1703,139,0.863309,1.227414,1.154177,1.073473,,,,,,,,GLOBAL_BASELINE_NO_ENTITY_RANKING,,,NOT_APPLICABLE_GLOBAL_BASELINE,HF9g-P5,,,,X 全窗基线 · 不参与实体赏罚,15054225,1506,A168_HF9F_20260827_0900,2026-08-27 09:00:00
2026-08-02,127529701,2093,0,162.8438599646,-18.8529011379,-18.8529011379,0.6000000,6,6,0.49771390000000000,0.497713900000,0.4574421269484404,0.45744212694844033,0.4574421269484404,0E-17,ELIGIBLE,R03b_20260811_FULL_v1,L1_ELIGIBILITY,v2026-08-11,2026-03-21..2026-08-06,baccarat_bet02_101_all_pairs_incl_sentinel,round_win = game_pnl > 0 (decisive only),COMPATIBILITY_ONLY_NOT_PRODUCTION,557989.4742,504875.3716,9878.7574,24851,24505,-0.01770420,0.00338982,-0.02772422,-0.01770420,-9878.7574,557989.4742,OK,0.0000,395.1503,4.0000,96.0000,AG03-UNRESOLVED,ALL5_LEVELS_bet23_to_bet27,395.1503,395.1503,395.1503,0.0000,0.0000,4.000000,4.000000,4.000000,0.000000,0.000000,96.000000,96.000000,96.000000,100.000000,100.000000,5.0,1185.4509,1138.6651,8693.3065,8740.0923,PENDING_AG03,FALSE,NOT_FOR_ENFORCEMENT,9483.6071,484680.3568,9878.7574,9483.6071,395.1503,0.01770420,0.01699603,395.1503,9483.6071,0.01699603,395.1503,395.1503,395.1503,0.0000,0.0000,9483.6071,0.01699603,1185.4509,1138.6651,8693.3065,8740.0923,0.01557970,0.01566354,0.00070817,22.4534,20.6030,0.4031,82.3230,2.6463,4649.9123,204.2083,25.9152,21.1137,12.8578,14.5296,26.176,48.8436,54.2173,102.8621,13.088,0.0,3.731508,7.079487,1.545355,30,207,63,6,0.32204186,0.01770420,-0.00338982,0E-8,0.000000,0.904812,0.002133,0.03111404,2026-03-21,2026-08-06,120,3733,1703,139,0.863309,1.227414,1.154177,1.073473,,,,,,,,GLOBAL_BASELINE_NO_ENTITY_RANKING,,,NOT_APPLICABLE_GLOBAL_BASELINE,HF9g-P5,,,,X 全窗基线 · 不参与实体赏罚,15054226,1506,A168_HF9F_20260827_0900,2026-08-27 09:00:00
2026-08-02,127529701,2101,0,229.6252536410,60.6940127913,60.6940127913,0.6428571,15,14,0.49045660714285714,0.485710860714,1.1406689752615675,1.1764556091408342,1.1406689752615675,0.00474574642885714,ELIGIBLE,R03b_20260811_FULL_v1,L1_ELIGIBILITY,v2026-08-11,2026-03-21..2026-08-06,baccarat_bet02_101_all_pairs_incl_sentinel,round_win = game_pnl > 0 (decisive only),COMPATIBILITY_ONLY_NOT_PRODUCTION,557989.4742,504875.3716,9878.7574,24851,24505,-0.01770420,0.00338982,-0.02772422,-0.01770420,-9878.7574,557989.4742,OK,0.0000,395.1503,4.0000,96.0000,AG03-UNRESOLVED,ALL5_LEVELS_bet23_to_bet27,395.1503,395.1503,395.1503,0.0000,0.0000,4.000000,4.000000,4.000000,0.000000,0.000000,96.000000,96.000000,96.000000,100.000000,100.000000,5.0,1185.4509,1138.6651,8693.3065,8740.0923,PENDING_AG03,FALSE,NOT_FOR_ENFORCEMENT,9483.6071,484680.3568,9878.7574,9483.6071,395.1503,0.01770420,0.01699603,395.1503,9483.6071,0.01699603,395.1503,395.1503,395.1503,0.0000,0.0000,9483.6071,0.01699603,1185.4509,1138.6651,8693.3065,8740.0923,0.01557970,0.01566354,0.00070817,22.4534,20.6030,0.4031,82.3230,2.6463,4649.9123,204.2083,25.9152,21.1137,12.8578,14.5296,26.176,48.8436,54.2173,102.8621,13.088,0.0,3.731508,7.079487,1.545355,30,207,63,6,0.32204186,0.01770420,-0.00338982,0E-8,0.000000,0.904812,0.002133,0.03111404,2026-03-21,2026-08-06,120,3733,1703,139,0.863309,1.227414,1.154177,1.073473,,,,,,,,GLOBAL_BASELINE_NO_ENTITY_RANKING,,,NOT_APPLICABLE_GLOBAL_BASELINE,HF9g-P5,,,,X 全窗基线 · 不参与实体赏罚,15054227,1506,A168_HF9F_20260827_0900,2026-08-27 09:00:00
2026-08-02,127529701,2106,0,128.4257570698,-128.4257570698,-128.4257570698,0E-7,2,2,0.50665070000000000,0.506650700000,-1.4331513700195317,-1.4331513700195317,-1.4331513700195317,0E-17,ELIGIBLE,R03b_20260811_FULL_v1,L1_ELIGIBILITY,v2026-08-11,2026-03-21..2026-08-06,baccarat_bet02_101_all_pairs_incl_sentinel,round_win = game_pnl > 0 (decisive only),COMPATIBILITY_ONLY_NOT_PRODUCTION,557989.4742,504875.3716,9878.7574,24851,24505,-0.01770420,0.00338982,-0.02772422,-0.01770420,-9878.7574,557989.4742,OK,0.0000,395.1503,4.0000,96.0000,AG03-UNRESOLVED,ALL5_LEVELS_bet23_to_bet27,395.1503,395.1503,395.1503,0.0000,0.0000,4.000000,4.000000,4.000000,0.000000,0.000000,96.000000,96.000000,96.000000,100.000000,100.000000,5.0,1185.4509,1138.6651,8693.3065,8740.0923,PENDING_AG03,FALSE,NOT_FOR_ENFORCEMENT,9483.6071,484680.3568,9878.7574,9483.6071,395.1503,0.01770420,0.01699603,395.1503,9483.6071,0.01699603,395.1503,395.1503,395.1503,0.0000,0.0000,9483.6071,0.01699603,1185.4509,1138.6651,8693.3065,8740.0923,0.01557970,0.01566354,0.00070817,22.4534,20.6030,0.4031,82.3230,2.6463,4649.9123,204.2083,25.9152,21.1137,12.8578,14.5296,26.176,48.8436,54.2173,102.8621,13.088,0.0,3.731508,7.079487,1.545355,30,207,63,6,0.32204186,0.01770420,-0.00338982,0E-8,0.000000,0.904812,0.002133,0.03111404,2026-03-21,2026-08-06,120,3733,1703,139,0.863309,1.227414,1.154177,1.073473,,,,,,,,GLOBAL_BASELINE_NO_ENTITY_RANKING,,,NOT_APPLICABLE_GLOBAL_BASELINE,HF9g-P5,,,,X 全窗基线 · 不参与实体赏罚,15054228,1506,A168_HF9F_20260827_0900,2026-08-27 09:00:00
2026-08-02,127529701,2110,0,120.4633601315,11.8151696504,11.8151696504,0.6666667,3,3,0.50218230000000000,0.502182300000,0.5697959874915163,0.5697959874915164,0.5697959874915163,0E-17,ELIGIBLE,R03b_20260811_FULL_v1,L1_ELIGIBILITY,v2026-08-11,2026-03-21..2026-08-06,baccarat_bet02_101_all_pairs_incl_sentinel,round_win = game_pnl > 0 (decisive only),COMPATIBILITY_ONLY_NOT_PRODUCTION,557989.4742,504875.3716,9878.7574,24851,24505,-0.01770420,0.00338982,-0.02772422,-0.01770420,-9878.7574,557989.4742,OK,0.0000,395.1503,4.0000,96.0000,AG03-UNRESOLVED,ALL5_LEVELS_bet23_to_bet27,395.1503,395.1503,395.1503,0.0000,0.0000,4.000000,4.000000,4.000000,0.000000,0.000000,96.000000,96.000000,96.000000,100.000000,100.000000,5.0,1185.4509,1138.6651,8693.3065,8740.0923,PENDING_AG03,FALSE,NOT_FOR_ENFORCEMENT,9483.6071,484680.3568,9878.7574,9483.6071,395.1503,0.01770420,0.01699603,395.1503,9483.6071,0.01699603,395.1503,395.1503,395.1503,0.0000,0.0000,9483.6071,0.01699603,1185.4509,1138.6651,8693.3065,8740.0923,0.01557970,0.01566354,0.00070817,22.4534,20.6030,0.4031,82.3230,2.6463,4649.9123,204.2083,25.9152,21.1137,12.8578,14.5296,26.176,48.8436,54.2173,102.8621,13.088,0.0,3.731508,7.079487,1.545355,30,207,63,6,0.32204186,0.01770420,-0.00338982,0E-8,0.000000,0.904812,0.002133,0.03111404,2026-03-21,2026-08-06,120,3733,1703,139,0.863309,1.227414,1.154177,1.073473,,,,,,,,GLOBAL_BASELINE_NO_ENTITY_RANKING,,,NOT_APPLICABLE_GLOBAL_BASELINE,HF9g-P5,,,,X 全窗基线 · 不参与实体赏罚,15054229,1506,A168_HF9F_20260827_0900,2026-08-27 09:00:00
2026-08-02,127529701,2121,0,74.4869391006,-24.4008938434,-24.4008938434,0.3333333,6,6,0.50441650000000000,0.504416500000,-0.838165622096103,-0.838165622096103,-0.838165622096103,0E-17,ELIGIBLE,R03b_20260811_FULL_v1,L1_ELIGIBILITY,v2026-08-11,2026-03-21..2026-08-06,baccarat_bet02_101_all_pairs_incl_sentinel,round_win = game_pnl > 0 (decisive only),COMPATIBILITY_ONLY_NOT_PRODUCTION,557989.4742,504875.3716,9878.7574,24851,24505,-0.01770420,0.00338982,-0.02772422,-0.01770420,-9878.7574,557989.4742,OK,0.0000,395.1503,4.0000,96.0000,AG03-UNRESOLVED,ALL5_LEVELS_bet23_to_bet27,395.1503,395.1503,395.1503,0.0000,0.0000,4.000000,4.000000,4.000000,0.000000,0.000000,96.000000,96.000000,96.000000,100.000000,100.000000,5.0,1185.4509,1138.6651,8693.3065,8740.0923,PENDING_AG03,FALSE,NOT_FOR_ENFORCEMENT,9483.6071,484680.3568,9878.7574,9483.6071,395.1503,0.01770420,0.01699603,395.1503,9483.6071,0.01699603,395.1503,395.1503,395.1503,0.0000,0.0000,9483.6071,0.01699603,1185.4509,1138.6651,8693.3065,8740.0923,0.01557970,0.01566354,0.00070817,22.4534,20.6030,0.4031,82.3230,2.6463,4649.9123,204.2083,25.9152,21.1137,12.8578,14.5296,26.176,48.8436,54.2173,102.8621,13.088,0.0,3.731508,7.079487,1.545355,30,207,63,6,0.32204186,0.01770420,-0.00338982,0E-8,0.000000,0.904812,0.002133,0.03111404,2026-03-21,2026-08-06,120,3733,1703,139,0.863309,1.227414,1.154177,1.073473,,,,,,,,GLOBAL_BASELINE_NO_ENTITY_RANKING,,,NOT_APPLICABLE_GLOBAL_BASELINE,HF9g-P5,,,,X 全窗基线 · 不参与实体赏罚,15054230,1506,A168_HF9F_20260827_0900,2026-08-27 09:00:00
2026-08-02,127529701,2127,0,481.0828859841,225.3229907790,225.3229907790,0.7142857,19,18,0.50274085000000000,0.502554666667,1.5830805933781413,1.5844707583309092,1.5830805933781413,0.00018618333300000,ELIGIBLE,R03b_20260811_FULL_v1,L1_ELIGIBILITY,v2026-08-11,2026-03-21..2026-08-06,baccarat_bet02_101_all_pairs_incl_sentinel,round_win = game_pnl > 0 (decisive only),COMPATIBILITY_ONLY_NOT_PRODUCTION,557989.4742,504875.3716,9878.7574,24851,24505,-0.01770420,0.00338982,-0.02772422,-0.01770420,-9878.7574,557989.4742,OK,0.0000,395.1503,4.0000,96.0000,AG03-UNRESOLVED,ALL5_LEVELS_bet23_to_bet27,395.1503,395.1503,395.1503,0.0000,0.0000,4.000000,4.000000,4.000000,0.000000,0.000000,96.000000,96.000000,96.000000,100.000000,100.000000,5.0,1185.4509,1138.6651,8693.3065,8740.0923,PENDING_AG03,FALSE,NOT_FOR_ENFORCEMENT,9483.6071,484680.3568,9878.7574,9483.6071,395.1503,0.01770420,0.01699603,395.1503,9483.6071,0.01699603,395.1503,395.1503,395.1503,0.0000,0.0000,9483.6071,0.01699603,1185.4509,1138.6651,8693.3065,8740.0923,0.01557970,0.01566354,0.00070817,22.4534,20.6030,0.4031,82.3230,2.6463,4649.9123,204.2083,25.9152,21.1137,12.8578,14.5296,26.176,48.8436,54.2173,102.8621,13.088,0.0,3.731508,7.079487,1.545355,30,207,63,6,0.32204186,0.01770420,-0.00338982,0E-8,0.000000,0.904812,0.002133,0.03111404,2026-03-21,2026-08-06,120,3733,1703,139,0.863309,1.227414,1.154177,1.073473,,,,,,,,GLOBAL_BASELINE_NO_ENTITY_RANKING,,,NOT_APPLICABLE_GLOBAL_BASELINE,HF9g-P5,,,,X 全窗基线 · 不参与实体赏罚,15054231,1506,A168_HF9F_20260827_0900,2026-08-27 09:00:00
2026-08-02,127529701,2141,0,105.3091207974,-15.1542393344,-15.1542393344,0.5000000,6,6,0.50441650000000000,0.504416500000,-0.02163718700157003,-0.02163718700157003,-0.02163718700157003,0E-17,ELIGIBLE,R03b_20260811_FULL_v1,L1_ELIGIBILITY,v2026-08-11,2026-03-21..2026-08-06,baccarat_bet02_101_all_pairs_incl_sentinel,round_win = game_pnl > 0 (decisive only),COMPATIBILITY_ONLY_NOT_PRODUCTION,557989.4742,504875.3716,9878.7574,24851,24505,-0.01770420,0.00338982,-0.02772422,-0.01770420,-9878.7574,557989.4742,OK,0.0000,395.1503,4.0000,96.0000,AG03-UNRESOLVED,ALL5_LEVELS_bet23_to_bet27,395.1503,395.1503,395.1503,0.0000,0.0000,4.000000,4.000000,4.000000,0.000000,0.000000,96.000000,96.000000,96.000000,100.000000,100.000000,5.0,1185.4509,1138.6651,8693.3065,8740.0923,PENDING_AG03,FALSE,NOT_FOR_ENFORCEMENT,9483.6071,484680.3568,9878.7574,9483.6071,395.1503,0.01770420,0.01699603,395.1503,9483.6071,0.01699603,395.1503,395.1503,395.1503,0.0000,0.0000,9483.6071,0.01699603,1185.4509,1138.6651,8693.3065,8740.0923,0.01557970,0.01566354,0.00070817,22.4534,20.6030,0.4031,82.3230,2.6463,4649.9123,204.2083,25.9152,21.1137,12.8578,14.5296,26.176,48.8436,54.2173,102.8621,13.088,0.0,3.731508,7.079487,1.545355,30,207,63,6,0.32204186,0.01770420,-0.00338982,0E-8,0.000000,0.904812,0.002133,0.03111404,2026-03-21,2026-08-06,120,3733,1703,139,0.863309,1.227414,1.154177,1.073473,,,,,,,,GLOBAL_BASELINE_NO_ENTITY_RANKING,,,NOT_APPLICABLE_GLOBAL_BASELINE,HF9g-P5,,,,X 全窗基线 · 不参与实体赏罚,15054232,1506,A168_HF9F_20260827_0900,2026-08-27 09:00:00
2026-08-02,127529701,2169,0,46.2332725452,0E-10,0E-10,0.3333333,4,4,0.49659680000000000,0.496596800000,-0.5655743394288276,-0.5655743394288276,-0.5655743394288276,0E-17,ELIGIBLE,R03b_20260811_FULL_v1,L1_ELIGIBILITY,v2026-08-11,2026-03-21..2026-08-06,baccarat_bet02_101_all_pairs_incl_sentinel,round_win = game_pnl > 0 (decisive only),COMPATIBILITY_ONLY_NOT_PRODUCTION,557989.4742,504875.3716,9878.7574,24851,24505,-0.01770420,0.00338982,-0.02772422,-0.01770420,-9878.7574,557989.4742,OK,0.0000,395.1503,4.0000,96.0000,AG03-UNRESOLVED,ALL5_LEVELS_bet23_to_bet27,395.1503,395.1503,395.1503,0.0000,0.0000,4.000000,4.000000,4.000000,0.000000,0.000000,96.000000,96.000000,96.000000,100.000000,100.000000,5.0,1185.4509,1138.6651,8693.3065,8740.0923,PENDING_AG03,FALSE,NOT_FOR_ENFORCEMENT,9483.6071,484680.3568,9878.7574,9483.6071,395.1503,0.01770420,0.01699603,395.1503,9483.6071,0.01699603,395.1503,395.1503,395.1503,0.0000,0.0000,9483.6071,0.01699603,1185.4509,1138.6651,8693.3065,8740.0923,0.01557970,0.01566354,0.00070817,22.4534,20.6030,0.4031,82.3230,2.6463,4649.9123,204.2083,25.9152,21.1137,12.8578,14.5296,26.176,48.8436,54.2173,102.8621,13.088,0.0,3.731508,7.079487,1.545355,30,207,63,6,0.32204186,0.01770420,-0.00338982,0E-8,0.000000,0.904812,0.002133,0.03111404,2026-03-21,2026-08-06,120,3733,1703,139,0.863309,1.227414,1.154177,1.073473,,,,,,,,GLOBAL_BASELINE_NO_ENTITY_RANKING,,,NOT_APPLICABLE_GLOBAL_BASELINE,HF9g-P5,,,,X 全窗基线 · 不参与实体赏罚,15054233,1506,A168_HF9F_20260827_0900,2026-08-27 09:00:00
2026-08-02,127529701,2196,0,527.8298615571,227.3135900134,227.3135900134,0.6250000,17,16,0.46820668249999198,0.460480784375,1.2568900804410947,1.3202841419743605,1.2568900804410947,0.00772589812499198,ELIGIBLE,R03b_20260811_FULL_v1,L1_ELIGIBILITY,v2026-08-11,2026-03-21..2026-08-06,baccarat_bet02_101_all_pairs_incl_sentinel,round_win = game_pnl > 0 (decisive only),COMPATIBILITY_ONLY_NOT_PRODUCTION,557989.4742,504875.3716,9878.7574,24851,24505,-0.01770420,0.00338982,-0.02772422,-0.01770420,-9878.7574,557989.4742,OK,0.0000,395.1503,4.0000,96.0000,AG03-UNRESOLVED,ALL5_LEVELS_bet23_to_bet27,395.1503,395.1503,395.1503,0.0000,0.0000,4.000000,4.000000,4.000000,0.000000,0.000000,96.000000,96.000000,96.000000,100.000000,100.000000,5.0,1185.4509,1138.6651,8693.3065,8740.0923,PENDING_AG03,FALSE,NOT_FOR_ENFORCEMENT,9483.6071,484680.3568,9878.7574,9483.6071,395.1503,0.01770420,0.01699603,395.1503,9483.6071,0.01699603,395.1503,395.1503,395.1503,0.0000,0.0000,9483.6071,0.01699603,1185.4509,1138.6651,8693.3065,8740.0923,0.01557970,0.01566354,0.00070817,22.4534,20.6030,0.4031,82.3230,2.6463,4649.9123,204.2083,25.9152,21.1137,12.8578,14.5296,26.176,48.8436,54.2173,102.8621,13.088,0.0,3.731508,7.079487,1.545355,30,207,63,6,0.32204186,0.01770420,-0.00338982,0E-8,0.000000,0.904812,0.002133,0.03111404,2026-03-21,2026-08-06,120,3733,1703,139,0.863309,1.227414,1.154177,1.073473,,,,,,,,GLOBAL_BASELINE_NO_ENTITY_RANKING,,,NOT_APPLICABLE_GLOBAL_BASELINE,HF9g-P5,,,,X 全窗基线 · 不参与实体赏罚,15054234,1506,A168_HF9F_20260827_0900,2026-08-27 09:00:00
2026-08-02,127529701,2233,0,16.6953484191,-6.4212878535,-6.4212878535,0E-7,2,2,0.50665070000000000,0.506650700000,-1.013391052207602,-1.013391052207602,-1.013391052207602,0E-17,ELIGIBLE,R03b_20260811_FULL_v1,L1_ELIGIBILITY,v2026-08-11,2026-03-21..2026-08-06,baccarat_bet02_101_all_pairs_incl_sentinel,round_win = game_pnl > 0 (decisive only),COMPATIBILITY_ONLY_NOT_PRODUCTION,557989.4742,504875.3716,9878.7574,24851,24505,-0.01770420,0.00338982,-0.02772422,-0.01770420,-9878.7574,557989.4742,OK,0.0000,395.1503,4.0000,96.0000,AG03-UNRESOLVED,ALL5_LEVELS_bet23_to_bet27,395.1503,395.1503,395.1503,0.0000,0.0000,4.000000,4.000000,4.000000,0.000000,0.000000,96.000000,96.000000,96.000000,100.000000,100.000000,5.0,1185.4509,1138.6651,8693.3065,8740.0923,PENDING_AG03,FALSE,NOT_FOR_ENFORCEMENT,9483.6071,484680.3568,9878.7574,9483.6071,395.1503,0.01770420,0.01699603,395.1503,9483.6071,0.01699603,395.1503,395.1503,395.1503,0.0000,0.0000,9483.6071,0.01699603,1185.4509,1138.6651,8693.3065,8740.0923,0.01557970,0.01566354,0.00070817,22.4534,20.6030,0.4031,82.3230,2.6463,4649.9123,204.2083,25.9152,21.1137,12.8578,14.5296,26.176,48.8436,54.2173,102.8621,13.088,0.0,3.731508,7.079487,1.545355,30,207,63,6,0.32204186,0.01770420,-0.00338982,0E-8,0.000000,0.904812,0.002133,0.03111404,2026-03-21,2026-08-06,120,3733,1703,139,0.863309,1.227414,1.154177,1.073473,,,,,,,,GLOBAL_BASELINE_NO_ENTITY_RANKING,,,NOT_APPLICABLE_GLOBAL_BASELINE,HF9g-P5,,,,X 全窗基线 · 不参与实体赏罚,15054235,1506,A168_HF9F_20260827_0900,2026-08-27 09:00:00
2026-08-02,127529701,2251,0,87.5863663217,-34.4951583491,-34.4951583491,0.4000000,5,5,0.50128862000000000,0.501288620000,-0.4529779837142727,-0.4529779837142727,-0.4529779837142727,0E-17,ELIGIBLE,R03b_20260811_FULL_v1,L1_ELIGIBILITY,v2026-08-11,2026-03-21..2026-08-06,baccarat_bet02_101_all_pairs_incl_sentinel,round_win = game_pnl > 0 (decisive only),COMPATIBILITY_ONLY_NOT_PRODUCTION,557989.4742,504875.3716,9878.7574,24851,24505,-0.01770420,0.00338982,-0.02772422,-0.01770420,-9878.7574,557989.4742,OK,0.0000,395.1503,4.0000,96.0000,AG03-UNRESOLVED,ALL5_LEVELS_bet23_to_bet27,395.1503,395.1503,395.1503,0.0000,0.0000,4.000000,4.000000,4.000000,0.000000,0.000000,96.000000,96.000000,96.000000,100.000000,100.000000,5.0,1185.4509,1138.6651,8693.3065,8740.0923,PENDING_AG03,FALSE,NOT_FOR_ENFORCEMENT,9483.6071,484680.3568,9878.7574,9483.6071,395.1503,0.01770420,0.01699603,395.1503,9483.6071,0.01699603,395.1503,395.1503,395.1503,0.0000,0.0000,9483.6071,0.01699603,1185.4509,1138.6651,8693.3065,8740.0923,0.01557970,0.01566354,0.00070817,22.4534,20.6030,0.4031,82.3230,2.6463,4649.9123,204.2083,25.9152,21.1137,12.8578,14.5296,26.176,48.8436,54.2173,102.8621,13.088,0.0,3.731508,7.079487,1.545355,30,207,63,6,0.32204186,0.01770420,-0.00338982,0E-8,0.000000,0.904812,0.002133,0.03111404,2026-03-21,2026-08-06,120,3733,1703,139,0.863309,1.227414,1.154177,1.073473,,,,,,,,GLOBAL_BASELINE_NO_ENTITY_RANKING,,,NOT_APPLICABLE_GLOBAL_BASELINE,HF9g-P5,,,,X 全窗基线 · 不参与实体赏罚,15054236,1506,A168_HF9F_20260827_0900,2026-08-27 09:00:00
2026-08-02,127529701,2261,0,38.5277271210,-38.5277271210,-38.5277271210,0E-7,2,2,0.49994810000000000,0.499948100000,-1.4140667746232096,-1.4140667746232096,-1.4140667746232096,0E-17,ELIGIBLE,R03b_20260811_FULL_v1,L1_ELIGIBILITY,v2026-08-11,2026-03-21..2026-08-06,baccarat_bet02_101_all_pairs_incl_sentinel,round_win = game_pnl > 0 (decisive only),COMPATIBILITY_ONLY_NOT_PRODUCTION,557989.4742,504875.3716,9878.7574,24851,24505,-0.01770420,0.00338982,-0.02772422,-0.01770420,-9878.7574,557989.4742,OK,0.0000,395.1503,4.0000,96.0000,AG03-UNRESOLVED,ALL5_LEVELS_bet23_to_bet27,395.1503,395.1503,395.1503,0.0000,0.0000,4.000000,4.000000,4.000000,0.000000,0.000000,96.000000,96.000000,96.000000,100.000000,100.000000,5.0,1185.4509,1138.6651,8693.3065,8740.0923,PENDING_AG03,FALSE,NOT_FOR_ENFORCEMENT,9483.6071,484680.3568,9878.7574,9483.6071,395.1503,0.01770420,0.01699603,395.1503,9483.6071,0.01699603,395.1503,395.1503,395.1503,0.0000,0.0000,9483.6071,0.01699603,1185.4509,1138.6651,8693.3065,8740.0923,0.01557970,0.01566354,0.00070817,22.4534,20.6030,0.4031,82.3230,2.6463,4649.9123,204.2083,25.9152,21.1137,12.8578,14.5296,26.176,48.8436,54.2173,102.8621,13.088,0.0,3.731508,7.079487,1.545355,30,207,63,6,0.32204186,0.01770420,-0.00338982,0E-8,0.000000,0.904812,0.002133,0.03111404,2026-03-21,2026-08-06,120,3733,1703,139,0.863309,1.227414,1.154177,1.073473,,,,,,,,GLOBAL_BASELINE_NO_ENTITY_RANKING,,,NOT_APPLICABLE_GLOBAL_BASELINE,HF9g-P5,,,,X 全窗基线 · 不参与实体赏罚,15054237,1506,A168_HF9F_20260827_0900,2026-08-27 09:00:00
2026-08-02,127529701,2287,0,53.9388179693,-53.9388179693,-53.9388179693,0E-7,1,1,0.49324550000000000,0.493245500000,-0.9865810262130424,-0.9865810262130424,-0.9865810262130424,0E-17,ELIGIBLE,R03b_20260811_FULL_v1,L1_ELIGIBILITY,v2026-08-11,2026-03-21..2026-08-06,baccarat_bet02_101_all_pairs_incl_sentinel,round_win = game_pnl > 0 (decisive only),COMPATIBILITY_ONLY_NOT_PRODUCTION,557989.4742,504875.3716,9878.7574,24851,24505,-0.01770420,0.00338982,-0.02772422,-0.01770420,-9878.7574,557989.4742,OK,0.0000,395.1503,4.0000,96.0000,AG03-UNRESOLVED,ALL5_LEVELS_bet23_to_bet27,395.1503,395.1503,395.1503,0.0000,0.0000,4.000000,4.000000,4.000000,0.000000,0.000000,96.000000,96.000000,96.000000,100.000000,100.000000,5.0,1185.4509,1138.6651,8693.3065,8740.0923,PENDING_AG03,FALSE,NOT_FOR_ENFORCEMENT,9483.6071,484680.3568,9878.7574,9483.6071,395.1503,0.01770420,0.01699603,395.1503,9483.6071,0.01699603,395.1503,395.1503,395.1503,0.0000,0.0000,9483.6071,0.01699603,1185.4509,1138.6651,8693.3065,8740.0923,0.01557970,0.01566354,0.00070817,22.4534,20.6030,0.4031,82.3230,2.6463,4649.9123,204.2083,25.9152,21.1137,12.8578,14.5296,26.176,48.8436,54.2173,102.8621,13.088,0.0,3.731508,7.079487,1.545355,30,207,63,6,0.32204186,0.01770420,-0.00338982,0E-8,0.000000,0.904812,0.002133,0.03111404,2026-03-21,2026-08-06,120,3733,1703,139,0.863309,1.227414,1.154177,1.073473,,,,,,,,GLOBAL_BASELINE_NO_ENTITY_RANKING,,,NOT_APPLICABLE_GLOBAL_BASELINE,HF9g-P5,,,,X 全窗基线 · 不参与实体赏罚,15054238,1506,A168_HF9F_20260827_0900,2026-08-27 09:00:00
2026-08-02,127529701,2288,0,309.7629260526,64.0844527777,64.0844527777,0.5000000,12,10,0.45875686666666667,0.458756866667,0.23410417394465496,0.23410417394274996,0.23410417394465496,-3.3333E-13,ELIGIBLE,R03b_20260811_FULL_v1,L1_ELIGIBILITY,v2026-08-11,2026-03-21..2026-08-06,baccarat_bet02_101_all_pairs_incl_sentinel,round_win = game_pnl > 0 (decisive only),COMPATIBILITY_ONLY_NOT_PRODUCTION,557989.4742,504875.3716,9878.7574,24851,24505,-0.01770420,0.00338982,-0.02772422,-0.01770420,-9878.7574,557989.4742,OK,0.0000,395.1503,4.0000,96.0000,AG03-UNRESOLVED,ALL5_LEVELS_bet23_to_bet27,395.1503,395.1503,395.1503,0.0000,0.0000,4.000000,4.000000,4.000000,0.000000,0.000000,96.000000,96.000000,96.000000,100.000000,100.000000,5.0,1185.4509,1138.6651,8693.3065,8740.0923,PENDING_AG03,FALSE,NOT_FOR_ENFORCEMENT,9483.6071,484680.3568,9878.7574,9483.6071,395.1503,0.01770420,0.01699603,395.1503,9483.6071,0.01699603,395.1503,395.1503,395.1503,0.0000,0.0000,9483.6071,0.01699603,1185.4509,1138.6651,8693.3065,8740.0923,0.01557970,0.01566354,0.00070817,22.4534,20.6030,0.4031,82.3230,2.6463,4649.9123,204.2083,25.9152,21.1137,12.8578,14.5296,26.176,48.8436,54.2173,102.8621,13.088,0.0,3.731508,7.079487,1.545355,30,207,63,6,0.32204186,0.01770420,-0.00338982,0E-8,0.000000,0.904812,0.002133,0.03111404,2026-03-21,2026-08-06,120,3733,1703,139,0.863309,1.227414,1.154177,1.073473,,,,,,,,GLOBAL_BASELINE_NO_ENTITY_RANKING,,,NOT_APPLICABLE_GLOBAL_BASELINE,HF9g-P5,,,,X 全窗基线 · 不参与实体赏罚,15054239,1506,A168_HF9F_20260827_0900,2026-08-27 09:00:00
2026-08-02,127529701,526,0,89.8980299489,-77.0554542419,-77.0554542419,0E-7,3,3,0.49771390000000000,0.497713900000,-1.4077622098436522,-1.4077622098436524,-1.4077622098436522,0E-17,ELIGIBLE,R03b_20260811_FULL_v1,L1_ELIGIBILITY,v2026-08-11,2026-03-21..2026-08-06,baccarat_bet02_101_all_pairs_incl_sentinel,round_win = game_pnl > 0 (decisive only),COMPATIBILITY_ONLY_NOT_PRODUCTION,557989.4742,504875.3716,9878.7574,24851,24505,-0.01770420,0.00338982,-0.02772422,-0.01770420,-9878.7574,557989.4742,OK,0.0000,395.1503,4.0000,96.0000,AG03-UNRESOLVED,ALL5_LEVELS_bet23_to_bet27,395.1503,395.1503,395.1503,0.0000,0.0000,4.000000,4.000000,4.000000,0.000000,0.000000,96.000000,96.000000,96.000000,100.000000,100.000000,5.0,1185.4509,1138.6651,8693.3065,8740.0923,PENDING_AG03,FALSE,NOT_FOR_ENFORCEMENT,9483.6071,484680.3568,9878.7574,9483.6071,395.1503,0.01770420,0.01699603,395.1503,9483.6071,0.01699603,395.1503,395.1503,395.1503,0.0000,0.0000,9483.6071,0.01699603,1185.4509,1138.6651,8693.3065,8740.0923,0.01557970,0.01566354,0.00070817,22.4534,20.6030,0.4031,82.3230,2.6463,4649.9123,204.2083,25.9152,21.1137,12.8578,14.5296,26.176,48.8436,54.2173,102.8621,13.088,0.0,3.731508,7.079487,1.545355,30,207,63,6,0.32204186,0.01770420,-0.00338982,0E-8,0.000000,0.904812,0.002133,0.03111404,2026-03-21,2026-08-06,120,3733,1703,139,0.863309,1.227414,1.154177,1.073473,,,,,,,,GLOBAL_BASELINE_NO_ENTITY_RANKING,,,NOT_APPLICABLE_GLOBAL_BASELINE,HF9g-P5,,,,X 全窗基线 · 不参与实体赏罚,15054240,1506,A168_HF9F_20260827_0900,2026-08-27 09:00:00
2026-08-02,127529701,583,0,473.8910435879,141.2041198983,141.2041198983,0.6363636,12,12,0.50106520000000000,0.501065200000,0.8974703329135217,0.8974703329135217,0.8974703329135217,0E-17,ELIGIBLE,R03b_20260811_FULL_v1,L1_ELIGIBILITY,v2026-08-11,2026-03-21..2026-08-06,baccarat_bet02_101_all_pairs_incl_sentinel,round_win = game_pnl > 0 (decisive only),COMPATIBILITY_ONLY_NOT_PRODUCTION,557989.4742,504875.3716,9878.7574,24851,24505,-0.01770420,0.00338982,-0.02772422,-0.01770420,-9878.7574,557989.4742,OK,0.0000,395.1503,4.0000,96.0000,AG03-UNRESOLVED,ALL5_LEVELS_bet23_to_bet27,395.1503,395.1503,395.1503,0.0000,0.0000,4.000000,4.000000,4.000000,0.000000,0.000000,96.000000,96.000000,96.000000,100.000000,100.000000,5.0,1185.4509,1138.6651,8693.3065,8740.0923,PENDING_AG03,FALSE,NOT_FOR_ENFORCEMENT,9483.6071,484680.3568,9878.7574,9483.6071,395.1503,0.01770420,0.01699603,395.1503,9483.6071,0.01699603,395.1503,395.1503,395.1503,0.0000,0.0000,9483.6071,0.01699603,1185.4509,1138.6651,8693.3065,8740.0923,0.01557970,0.01566354,0.00070817,22.4534,20.6030,0.4031,82.3230,2.6463,4649.9123,204.2083,25.9152,21.1137,12.8578,14.5296,26.176,48.8436,54.2173,102.8621,13.088,0.0,3.731508,7.079487,1.545355,30,207,63,6,0.32204186,0.01770420,-0.00338982,0E-8,0.000000,0.904812,0.002133,0.03111404,2026-03-21,2026-08-06,120,3733,1703,139,0.863309,1.227414,1.154177,1.073473,,,,,,,,GLOBAL_BASELINE_NO_ENTITY_RANKING,,,NOT_APPLICABLE_GLOBAL_BASELINE,HF9g-P5,,,,X 全窗基线 · 不参与实体赏罚,15054241,1506,A168_HF9F_20260827_0900,2026-08-27 09:00:00
2026-08-02,127529701,752,0,12.8425757070,12.8425757070,12.8425757070,1.0000000,1,1,0.49324550000000000,0.493245500000,1.01360149184955,1.01360149184955,1.01360149184955,0E-17,ELIGIBLE,R03b_20260811_FULL_v1,L1_ELIGIBILITY,v2026-08-11,2026-03-21..2026-08-06,baccarat_bet02_101_all_pairs_incl_sentinel,round_win = game_pnl > 0 (decisive only),COMPATIBILITY_ONLY_NOT_PRODUCTION,557989.4742,504875.3716,9878.7574,24851,24505,-0.01770420,0.00338982,-0.02772422,-0.01770420,-9878.7574,557989.4742,OK,0.0000,395.1503,4.0000,96.0000,AG03-UNRESOLVED,ALL5_LEVELS_bet23_to_bet27,395.1503,395.1503,395.1503,0.0000,0.0000,4.000000,4.000000,4.000000,0.000000,0.000000,96.000000,96.000000,96.000000,100.000000,100.000000,5.0,1185.4509,1138.6651,8693.3065,8740.0923,PENDING_AG03,FALSE,NOT_FOR_ENFORCEMENT,9483.6071,484680.3568,9878.7574,9483.6071,395.1503,0.01770420,0.01699603,395.1503,9483.6071,0.01699603,395.1503,395.1503,395.1503,0.0000,0.0000,9483.6071,0.01699603,1185.4509,1138.6651,8693.3065,8740.0923,0.01557970,0.01566354,0.00070817,22.4534,20.6030,0.4031,82.3230,2.6463,4649.9123,204.2083,25.9152,21.1137,12.8578,14.5296,26.176,48.8436,54.2173,102.8621,13.088,0.0,3.731508,7.079487,1.545355,30,207,63,6,0.32204186,0.01770420,-0.00338982,0E-8,0.000000,0.904812,0.002133,0.03111404,2026-03-21,2026-08-06,120,3733,1703,139,0.863309,1.227414,1.154177,1.073473,,,,,,,,GLOBAL_BASELINE_NO_ENTITY_RANKING,,,NOT_APPLICABLE_GLOBAL_BASELINE,HF9g-P5,,,,X 全窗基线 · 不参与实体赏罚,15054242,1506,A168_HF9F_20260827_0900,2026-08-27 09:00:00
2026-08-02,127529701,970,0,607.7106824547,154.5475560578,154.5475560578,0.5500000,21,21,0.49835224285714286,0.498352242857,0.4619540919405642,0.4619540919418424,0.4619540919405642,1.4286E-13,ELIGIBLE,R03b_20260811_FULL_v1,L1_ELIGIBILITY,v2026-08-11,2026-03-21..2026-08-06,baccarat_bet02_101_all_pairs_incl_sentinel,round_win = game_pnl > 0 (decisive only),COMPATIBILITY_ONLY_NOT_PRODUCTION,557989.4742,504875.3716,9878.7574,24851,24505,-0.01770420,0.00338982,-0.02772422,-0.01770420,-9878.7574,557989.4742,OK,0.0000,395.1503,4.0000,96.0000,AG03-UNRESOLVED,ALL5_LEVELS_bet23_to_bet27,395.1503,395.1503,395.1503,0.0000,0.0000,4.000000,4.000000,4.000000,0.000000,0.000000,96.000000,96.000000,96.000000,100.000000,100.000000,5.0,1185.4509,1138.6651,8693.3065,8740.0923,PENDING_AG03,FALSE,NOT_FOR_ENFORCEMENT,9483.6071,484680.3568,9878.7574,9483.6071,395.1503,0.01770420,0.01699603,395.1503,9483.6071,0.01699603,395.1503,395.1503,395.1503,0.0000,0.0000,9483.6071,0.01699603,1185.4509,1138.6651,8693.3065,8740.0923,0.01557970,0.01566354,0.00070817,22.4534,20.6030,0.4031,82.3230,2.6463,4649.9123,204.2083,25.9152,21.1137,12.8578,14.5296,26.176,48.8436,54.2173,102.8621,13.088,0.0,3.731508,7.079487,1.545355,30,207,63,6,0.32204186,0.01770420,-0.00338982,0E-8,0.000000,0.904812,0.002133,0.03111404,2026-03-21,2026-08-06,120,3733,1703,139,0.863309,1.227414,1.154177,1.073473,,,,,,,,GLOBAL_BASELINE_NO_ENTITY_RANKING,,,NOT_APPLICABLE_GLOBAL_BASELINE,HF9g-P5,,,,X 全窗基线 · 不参与实体赏罚,15054243,1506,A168_HF9F_20260827_0900,2026-08-27 09:00:00
2026-08-02,127529701,994,0,50.0860452573,15.0258135771,15.0258135771,0.3333333,3,3,0.50218230000000000,0.502182300000,-0.5849155494134425,-0.5849155494134426,-0.5849155494134425,0E-17,ELIGIBLE,R03b_20260811_FULL_v1,L1_ELIGIBILITY,v2026-08-11,2026-03-21..2026-08-06,baccarat_bet02_101_all_pairs_incl_sentinel,round_win = game_pnl > 0 (decisive only),COMPATIBILITY_ONLY_NOT_PRODUCTION,557989.4742,504875.3716,9878.7574,24851,24505,-0.01770420,0.00338982,-0.02772422,-0.01770420,-9878.7574,557989.4742,OK,0.0000,395.1503,4.0000,96.0000,AG03-UNRESOLVED,ALL5_LEVELS_bet23_to_bet27,395.1503,395.1503,395.1503,0.0000,0.0000,4.000000,4.000000,4.000000,0.000000,0.000000,96.000000,96.000000,96.000000,100.000000,100.000000,5.0,1185.4509,1138.6651,8693.3065,8740.0923,PENDING_AG03,FALSE,NOT_FOR_ENFORCEMENT,9483.6071,484680.3568,9878.7574,9483.6071,395.1503,0.01770420,0.01699603,395.1503,9483.6071,0.01699603,395.1503,395.1503,395.1503,0.0000,0.0000,9483.6071,0.01699603,1185.4509,1138.6651,8693.3065,8740.0923,0.01557970,0.01566354,0.00070817,22.4534,20.6030,0.4031,82.3230,2.6463,4649.9123,204.2083,25.9152,21.1137,12.8578,14.5296,26.176,48.8436,54.2173,102.8621,13.088,0.0,3.731508,7.079487,1.545355,30,207,63,6,0.32204186,0.01770420,-0.00338982,0E-8,0.000000,0.904812,0.002133,0.03111404,2026-03-21,2026-08-06,120,3733,1703,139,0.863309,1.227414,1.154177,1.073473,,,,,,,,GLOBAL_BASELINE_NO_ENTITY_RANKING,,,NOT_APPLICABLE_GLOBAL_BASELINE,HF9g-P5,,,,X 全窗基线 · 不参与实体赏罚,15054244,1506,A168_HF9F_20260827_0900,2026-08-27 09:00:00
2026-08-03,127529701,-1,1,3936.2494541923,254.2444712705,254.2444712705,0.4903846,117,116,0.50037182758620686,0.500352567241,-0.20370001593463388,-0.20330717464869222,-0.20370001593463388,0.00001926034520686,SENTINEL_DEALER,R03b_20260811_FULL_v1,L1_ELIGIBILITY,v2026-08-11,2026-03-21..2026-08-06,baccarat_bet02_101_all_pairs_incl_sentinel,round_win = game_pnl > 0 (decisive only),COMPATIBILITY_ONLY_NOT_PRODUCTION,557989.4742,504875.3716,9878.7574,24851,24505,-0.01770420,0.00338982,-0.02772422,-0.01770420,-9878.7574,557989.4742,OK,0.0000,395.1503,4.0000,96.0000,AG03-UNRESOLVED,ALL5_LEVELS_bet23_to_bet27,395.1503,395.1503,395.1503,0.0000,0.0000,4.000000,4.000000,4.000000,0.000000,0.000000,96.000000,96.000000,96.000000,100.000000,100.000000,5.0,1185.4509,1138.6651,8693.3065,8740.0923,PENDING_AG03,FALSE,NOT_FOR_ENFORCEMENT,9483.6071,484680.3568,9878.7574,9483.6071,395.1503,0.01770420,0.01699603,395.1503,9483.6071,0.01699603,395.1503,395.1503,395.1503,0.0000,0.0000,9483.6071,0.01699603,1185.4509,1138.6651,8693.3065,8740.0923,0.01557970,0.01566354,0.00070817,22.4534,20.6030,0.4031,82.3230,2.6463,4649.9123,204.2083,25.9152,21.1137,12.8578,14.5296,26.176,48.8436,54.2173,102.8621,13.088,0.0,3.731508,7.079487,1.545355,30,207,63,6,0.32204186,0.01770420,-0.00338982,0E-8,0.000000,0.904812,0.002133,0.03111404,2026-03-21,2026-08-06,120,3733,1703,139,0.863309,1.227414,1.154177,1.073473,,,,,,,,GLOBAL_BASELINE_NO_ENTITY_RANKING,,,NOT_APPLICABLE_GLOBAL_BASELINE,HF9g-P5,,,,X 全窗基线 · 不参与实体赏罚,15054245,1506,A168_HF9F_20260827_0900,2026-08-27 09:00:00
2026-08-03,127529701,1205,0,710.1944365966,43.4079058895,43.4079058895,0.5263158,21,21,0.50154395714285714,0.501543957143,0.21595685715276455,0.2159568571515193,0.21595685715276455,-1.4286E-13,ELIGIBLE,R03b_20260811_FULL_v1,L1_ELIGIBILITY,v2026-08-11,2026-03-21..2026-08-06,baccarat_bet02_101_all_pairs_incl_sentinel,round_win = game_pnl > 0 (decisive only),COMPATIBILITY_ONLY_NOT_PRODUCTION,557989.4742,504875.3716,9878.7574,24851,24505,-0.01770420,0.00338982,-0.02772422,-0.01770420,-9878.7574,557989.4742,OK,0.0000,395.1503,4.0000,96.0000,AG03-UNRESOLVED,ALL5_LEVELS_bet23_to_bet27,395.1503,395.1503,395.1503,0.0000,0.0000,4.000000,4.000000,4.000000,0.000000,0.000000,96.000000,96.000000,96.000000,100.000000,100.000000,5.0,1185.4509,1138.6651,8693.3065,8740.0923,PENDING_AG03,FALSE,NOT_FOR_ENFORCEMENT,9483.6071,484680.3568,9878.7574,9483.6071,395.1503,0.01770420,0.01699603,395.1503,9483.6071,0.01699603,395.1503,395.1503,395.1503,0.0000,0.0000,9483.6071,0.01699603,1185.4509,1138.6651,8693.3065,8740.0923,0.01557970,0.01566354,0.00070817,22.4534,20.6030,0.4031,82.3230,2.6463,4649.9123,204.2083,25.9152,21.1137,12.8578,14.5296,26.176,48.8436,54.2173,102.8621,13.088,0.0,3.731508,7.079487,1.545355,30,207,63,6,0.32204186,0.01770420,-0.00338982,0E-8,0.000000,0.904812,0.002133,0.03111404,2026-03-21,2026-08-06,120,3733,1703,139,0.863309,1.227414,1.154177,1.073473,,,,,,,,GLOBAL_BASELINE_NO_ENTITY_RANKING,,,NOT_APPLICABLE_GLOBAL_BASELINE,HF9g-P5,,,,X 全窗基线 · 不参与实体赏罚,15054246,1506,A168_HF9F_20260827_0900,2026-08-27 09:00:00
2026-08-03,127529701,1306,0,261.2179898802,-159.1195130096,-159.1195130096,0.2857143,7,7,0.50090561428571429,0.500905614286,-1.138687347156492,-1.138687347158005,-1.138687347156492,-2.8571E-13,ELIGIBLE,R03b_20260811_FULL_v1,L1_ELIGIBILITY,v2026-08-11,2026-03-21..2026-08-06,baccarat_bet02_101_all_pairs_incl_sentinel,round_win = game_pnl > 0 (decisive only),COMPATIBILITY_ONLY_NOT_PRODUCTION,557989.4742,504875.3716,9878.7574,24851,24505,-0.01770420,0.00338982,-0.02772422,-0.01770420,-9878.7574,557989.4742,OK,0.0000,395.1503,4.0000,96.0000,AG03-UNRESOLVED,ALL5_LEVELS_bet23_to_bet27,395.1503,395.1503,395.1503,0.0000,0.0000,4.000000,4.000000,4.000000,0.000000,0.000000,96.000000,96.000000,96.000000,100.000000,100.000000,5.0,1185.4509,1138.6651,8693.3065,8740.0923,PENDING_AG03,FALSE,NOT_FOR_ENFORCEMENT,9483.6071,484680.3568,9878.7574,9483.6071,395.1503,0.01770420,0.01699603,395.1503,9483.6071,0.01699603,395.1503,395.1503,395.1503,0.0000,0.0000,9483.6071,0.01699603,1185.4509,1138.6651,8693.3065,8740.0923,0.01557970,0.01566354,0.00070817,22.4534,20.6030,0.4031,82.3230,2.6463,4649.9123,204.2083,25.9152,21.1137,12.8578,14.5296,26.176,48.8436,54.2173,102.8621,13.088,0.0,3.731508,7.079487,1.545355,30,207,63,6,0.32204186,0.01770420,-0.00338982,0E-8,0.000000,0.904812,0.002133,0.03111404,2026-03-21,2026-08-06,120,3733,1703,139,0.863309,1.227414,1.154177,1.073473,,,,,,,,GLOBAL_BASELINE_NO_ENTITY_RANKING,,,NOT_APPLICABLE_GLOBAL_BASELINE,HF9g-P5,,,,X 全窗基线 · 不参与实体赏罚,15054247,1506,A168_HF9F_20260827_0900,2026-08-27 09:00:00
2026-08-03,127529701,1323,0,183.1351295816,-53.8103922122,-53.8103922122,0.4285714,7,7,0.49707555714285714,0.497075557143,-0.3624959764119633,-0.36249597641271863,-0.3624959764119633,-1.4286E-13,ELIGIBLE,R03b_20260811_FULL_v1,L1_ELIGIBILITY,v2026-08-11,2026-03-21..2026-08-06,baccarat_bet02_101_all_pairs_incl_sentinel,round_win = game_pnl > 0 (decisive only),COMPATIBILITY_ONLY_NOT_PRODUCTION,557989.4742,504875.3716,9878.7574,24851,24505,-0.01770420,0.00338982,-0.02772422,-0.01770420,-9878.7574,557989.4742,OK,0.0000,395.1503,4.0000,96.0000,AG03-UNRESOLVED,ALL5_LEVELS_bet23_to_bet27,395.1503,395.1503,395.1503,0.0000,0.0000,4.000000,4.000000,4.000000,0.000000,0.000000,96.000000,96.000000,96.000000,100.000000,100.000000,5.0,1185.4509,1138.6651,8693.3065,8740.0923,PENDING_AG03,FALSE,NOT_FOR_ENFORCEMENT,9483.6071,484680.3568,9878.7574,9483.6071,395.1503,0.01770420,0.01699603,395.1503,9483.6071,0.01699603,395.1503,395.1503,395.1503,0.0000,0.0000,9483.6071,0.01699603,1185.4509,1138.6651,8693.3065,8740.0923,0.01557970,0.01566354,0.00070817,22.4534,20.6030,0.4031,82.3230,2.6463,4649.9123,204.2083,25.9152,21.1137,12.8578,14.5296,26.176,48.8436,54.2173,102.8621,13.088,0.0,3.731508,7.079487,1.545355,30,207,63,6,0.32204186,0.01770420,-0.00338982,0E-8,0.000000,0.904812,0.002133,0.03111404,2026-03-21,2026-08-06,120,3733,1703,139,0.863309,1.227414,1.154177,1.073473,,,,,,,,GLOBAL_BASELINE_NO_ENTITY_RANKING,,,NOT_APPLICABLE_GLOBAL_BASELINE,HF9g-P5,,,,X 全窗基线 · 不参与实体赏罚,15054248,1506,A168_HF9F_20260827_0900,2026-08-27 09:00:00
2026-08-03,127529701,1325,0,177.2275447565,-100.1720905145,-100.1720905145,0.2500000,8,8,0.49492115000000000,0.494921150000,-1.385554729997152,-1.385554729997152,-1.385554729997152,0E-17,ELIGIBLE,R03b_20260811_FULL_v1,L1_ELIGIBILITY,v2026-08-11,2026-03-21..2026-08-06,baccarat_bet02_101_all_pairs_incl_sentinel,round_win = game_pnl > 0 (decisive only),COMPATIBILITY_ONLY_NOT_PRODUCTION,557989.4742,504875.3716,9878.7574,24851,24505,-0.01770420,0.00338982,-0.02772422,-0.01770420,-9878.7574,557989.4742,OK,0.0000,395.1503,4.0000,96.0000,AG03-UNRESOLVED,ALL5_LEVELS_bet23_to_bet27,395.1503,395.1503,395.1503,0.0000,0.0000,4.000000,4.000000,4.000000,0.000000,0.000000,96.000000,96.000000,96.000000,100.000000,100.000000,5.0,1185.4509,1138.6651,8693.3065,8740.0923,PENDING_AG03,FALSE,NOT_FOR_ENFORCEMENT,9483.6071,484680.3568,9878.7574,9483.6071,395.1503,0.01770420,0.01699603,395.1503,9483.6071,0.01699603,395.1503,395.1503,395.1503,0.0000,0.0000,9483.6071,0.01699603,1185.4509,1138.6651,8693.3065,8740.0923,0.01557970,0.01566354,0.00070817,22.4534,20.6030,0.4031,82.3230,2.6463,4649.9123,204.2083,25.9152,21.1137,12.8578,14.5296,26.176,48.8436,54.2173,102.8621,13.088,0.0,3.731508,7.079487,1.545355,30,207,63,6,0.32204186,0.01770420,-0.00338982,0E-8,0.000000,0.904812,0.002133,0.03111404,2026-03-21,2026-08-06,120,3733,1703,139,0.863309,1.227414,1.154177,1.073473,,,,,,,,GLOBAL_BASELINE_NO_ENTITY_RANKING,,,NOT_APPLICABLE_GLOBAL_BASELINE,HF9g-P5,,,,X 全窗基线 · 不参与实体赏罚,15054249,1506,A168_HF9F_20260827_0900,2026-08-27 09:00:00
2026-08-03,127529701,1331,0,261.2179898802,85.0820640587,85.0820640587,0.5833333,13,13,0.49943251538461538,0.499432515385,0.5812822923260763,0.5812822923234111,0.5812822923260763,-3.8462E-13,ELIGIBLE,R03b_20260811_FULL_v1,L1_ELIGIBILITY,v2026-08-11,2026-03-21..2026-08-06,baccarat_bet02_101_all_pairs_incl_sentinel,round_win = game_pnl > 0 (decisive only),COMPATIBILITY_ONLY_NOT_PRODUCTION,557989.4742,504875.3716,9878.7574,24851,24505,-0.01770420,0.00338982,-0.02772422,-0.01770420,-9878.7574,557989.4742,OK,0.0000,395.1503,4.0000,96.0000,AG03-UNRESOLVED,ALL5_LEVELS_bet23_to_bet27,395.1503,395.1503,395.1503,0.0000,0.0000,4.000000,4.000000,4.000000,0.000000,0.000000,96.000000,96.000000,96.000000,100.000000,100.000000,5.0,1185.4509,1138.6651,8693.3065,8740.0923,PENDING_AG03,FALSE,NOT_FOR_ENFORCEMENT,9483.6071,484680.3568,9878.7574,9483.6071,395.1503,0.01770420,0.01699603,395.1503,9483.6071,0.01699603,395.1503,395.1503,395.1503,0.0000,0.0000,9483.6071,0.01699603,1185.4509,1138.6651,8693.3065,8740.0923,0.01557970,0.01566354,0.00070817,22.4534,20.6030,0.4031,82.3230,2.6463,4649.9123,204.2083,25.9152,21.1137,12.8578,14.5296,26.176,48.8436,54.2173,102.8621,13.088,0.0,3.731508,7.079487,1.545355,30,207,63,6,0.32204186,0.01770420,-0.00338982,0E-8,0.000000,0.904812,0.002133,0.03111404,2026-03-21,2026-08-06,120,3733,1703,139,0.863309,1.227414,1.154177,1.073473,,,,,,,,GLOBAL_BASELINE_NO_ENTITY_RANKING,,,NOT_APPLICABLE_GLOBAL_BASELINE,HF9g-P5,,,,X 全窗基线 · 不参与实体赏罚,15054250,1506,A168_HF9F_20260827_0900,2026-08-27 09:00:00
2026-08-03,127529701,1382,0,10.2740605656,-10.2740605656,-10.2740605656,0E-7,1,1,0.50665070000000000,0.506650700000,-1.013391052207602,-1.013391052207602,-1.013391052207602,0E-17,ELIGIBLE,R03b_20260811_FULL_v1,L1_ELIGIBILITY,v2026-08-11,2026-03-21..2026-08-06,baccarat_bet02_101_all_pairs_incl_sentinel,round_win = game_pnl > 0 (decisive only),COMPATIBILITY_ONLY_NOT_PRODUCTION,557989.4742,504875.3716,9878.7574,24851,24505,-0.01770420,0.00338982,-0.02772422,-0.01770420,-9878.7574,557989.4742,OK,0.0000,395.1503,4.0000,96.0000,AG03-UNRESOLVED,ALL5_LEVELS_bet23_to_bet27,395.1503,395.1503,395.1503,0.0000,0.0000,4.000000,4.000000,4.000000,0.000000,0.000000,96.000000,96.000000,96.000000,100.000000,100.000000,5.0,1185.4509,1138.6651,8693.3065,8740.0923,PENDING_AG03,FALSE,NOT_FOR_ENFORCEMENT,9483.6071,484680.3568,9878.7574,9483.6071,395.1503,0.01770420,0.01699603,395.1503,9483.6071,0.01699603,395.1503,395.1503,395.1503,0.0000,0.0000,9483.6071,0.01699603,1185.4509,1138.6651,8693.3065,8740.0923,0.01557970,0.01566354,0.00070817,22.4534,20.6030,0.4031,82.3230,2.6463,4649.9123,204.2083,25.9152,21.1137,12.8578,14.5296,26.176,48.8436,54.2173,102.8621,13.088,0.0,3.731508,7.079487,1.545355,30,207,63,6,0.32204186,0.01770420,-0.00338982,0E-8,0.000000,0.904812,0.002133,0.03111404,2026-03-21,2026-08-06,120,3733,1703,139,0.863309,1.227414,1.154177,1.073473,,,,,,,,GLOBAL_BASELINE_NO_ENTITY_RANKING,,,NOT_APPLICABLE_GLOBAL_BASELINE,HF9g-P5,,,,X 全窗基线 · 不参与实体赏罚,15054251,1506,A168_HF9F_20260827_0900,2026-08-27 09:00:00
2026-08-03,127529701,1383,0,333.9069683816,-3.2106439268,-3.2106439268,0.4444444,9,9,0.50069283333333333,0.500692833333,-0.33749065733668826,-0.337490657334688,-0.33749065733668826,3.3333E-13,ELIGIBLE,R03b_20260811_FULL_v1,L1_ELIGIBILITY,v2026-08-11,2026-03-21..2026-08-06,baccarat_bet02_101_all_pairs_incl_sentinel,round_win = game_pnl > 0 (decisive only),COMPATIBILITY_ONLY_NOT_PRODUCTION,557989.4742,504875.3716,9878.7574,24851,24505,-0.01770420,0.00338982,-0.02772422,-0.01770420,-9878.7574,557989.4742,OK,0.0000,395.1503,4.0000,96.0000,AG03-UNRESOLVED,ALL5_LEVELS_bet23_to_bet27,395.1503,395.1503,395.1503,0.0000,0.0000,4.000000,4.000000,4.000000,0.000000,0.000000,96.000000,96.000000,96.000000,100.000000,100.000000,5.0,1185.4509,1138.6651,8693.3065,8740.0923,PENDING_AG03,FALSE,NOT_FOR_ENFORCEMENT,9483.6071,484680.3568,9878.7574,9483.6071,395.1503,0.01770420,0.01699603,395.1503,9483.6071,0.01699603,395.1503,395.1503,395.1503,0.0000,0.0000,9483.6071,0.01699603,1185.4509,1138.6651,8693.3065,8740.0923,0.01557970,0.01566354,0.00070817,22.4534,20.6030,0.4031,82.3230,2.6463,4649.9123,204.2083,25.9152,21.1137,12.8578,14.5296,26.176,48.8436,54.2173,102.8621,13.088,0.0,3.731508,7.079487,1.545355,30,207,63,6,0.32204186,0.01770420,-0.00338982,0E-8,0.000000,0.904812,0.002133,0.03111404,2026-03-21,2026-08-06,120,3733,1703,139,0.863309,1.227414,1.154177,1.073473,,,,,,,,GLOBAL_BASELINE_NO_ENTITY_RANKING,,,NOT_APPLICABLE_GLOBAL_BASELINE,HF9g-P5,,,,X 全窗基线 · 不参与实体赏罚,15054252,1506,A168_HF9F_20260827_0900,2026-08-27 09:00:00
2026-08-03,127529701,1399,0,360.3626743380,-77.1838799990,-77.1838799990,0.3333333,9,9,0.45342026666666667,0.453420266667,-0.7236686897770475,-0.723668689779011,-0.7236686897770475,-3.3333E-13,ELIGIBLE,R03b_20260811_FULL_v1,L1_ELIGIBILITY,v2026-08-11,2026-03-21..2026-08-06,baccarat_bet02_101_all_pairs_incl_sentinel,round_win = game_pnl > 0 (decisive only),COMPATIBILITY_ONLY_NOT_PRODUCTION,557989.4742,504875.3716,9878.7574,24851,24505,-0.01770420,0.00338982,-0.02772422,-0.01770420,-9878.7574,557989.4742,OK,0.0000,395.1503,4.0000,96.0000,AG03-UNRESOLVED,ALL5_LEVELS_bet23_to_bet27,395.1503,395.1503,395.1503,0.0000,0.0000,4.000000,4.000000,4.000000,0.000000,0.000000,96.000000,96.000000,96.000000,100.000000,100.000000,5.0,1185.4509,1138.6651,8693.3065,8740.0923,PENDING_AG03,FALSE,NOT_FOR_ENFORCEMENT,9483.6071,484680.3568,9878.7574,9483.6071,395.1503,0.01770420,0.01699603,395.1503,9483.6071,0.01699603,395.1503,395.1503,395.1503,0.0000,0.0000,9483.6071,0.01699603,1185.4509,1138.6651,8693.3065,8740.0923,0.01557970,0.01566354,0.00070817,22.4534,20.6030,0.4031,82.3230,2.6463,4649.9123,204.2083,25.9152,21.1137,12.8578,14.5296,26.176,48.8436,54.2173,102.8621,13.088,0.0,3.731508,7.079487,1.545355,30,207,63,6,0.32204186,0.01770420,-0.00338982,0E-8,0.000000,0.904812,0.002133,0.03111404,2026-03-21,2026-08-06,120,3733,1703,139,0.863309,1.227414,1.154177,1.073473,,,,,,,,GLOBAL_BASELINE_NO_ENTITY_RANKING,,,NOT_APPLICABLE_GLOBAL_BASELINE,HF9g-P5,,,,X 全窗基线 · 不参与实体赏罚,15054253,1506,A168_HF9F_20260827_0900,2026-08-27 09:00:00
2026-08-03,127529701,1710,0,251.2007808289,141.9361467136,141.9361467136,0.7777778,9,9,0.50069283333333333,0.500692833333,1.662511262738188,1.6625112627401863,1.662511262738188,3.3333E-13,ELIGIBLE,R03b_20260811_FULL_v1,L1_ELIGIBILITY,v2026-08-11,2026-03-21..2026-08-06,baccarat_bet02_101_all_pairs_incl_sentinel,round_win = game_pnl > 0 (decisive only),COMPATIBILITY_ONLY_NOT_PRODUCTION,557989.4742,504875.3716,9878.7574,24851,24505,-0.01770420,0.00338982,-0.02772422,-0.01770420,-9878.7574,557989.4742,OK,0.0000,395.1503,4.0000,96.0000,AG03-UNRESOLVED,ALL5_LEVELS_bet23_to_bet27,395.1503,395.1503,395.1503,0.0000,0.0000,4.000000,4.000000,4.000000,0.000000,0.000000,96.000000,96.000000,96.000000,100.000000,100.000000,5.0,1185.4509,1138.6651,8693.3065,8740.0923,PENDING_AG03,FALSE,NOT_FOR_ENFORCEMENT,9483.6071,484680.3568,9878.7574,9483.6071,395.1503,0.01770420,0.01699603,395.1503,9483.6071,0.01699603,395.1503,395.1503,395.1503,0.0000,0.0000,9483.6071,0.01699603,1185.4509,1138.6651,8693.3065,8740.0923,0.01557970,0.01566354,0.00070817,22.4534,20.6030,0.4031,82.3230,2.6463,4649.9123,204.2083,25.9152,21.1137,12.8578,14.5296,26.176,48.8436,54.2173,102.8621,13.088,0.0,3.731508,7.079487,1.545355,30,207,63,6,0.32204186,0.01770420,-0.00338982,0E-8,0.000000,0.904812,0.002133,0.03111404,2026-03-21,2026-08-06,120,3733,1703,139,0.863309,1.227414,1.154177,1.073473,,,,,,,,GLOBAL_BASELINE_NO_ENTITY_RANKING,,,NOT_APPLICABLE_GLOBAL_BASELINE,HF9g-P5,,,,X 全窗基线 · 不参与实体赏罚,15054254,1506,A168_HF9F_20260827_0900,2026-08-27 09:00:00
2026-08-03,127529701,1947,0,143.8368479182,-100.1720905145,-100.1720905145,0E-7,3,3,0.50218230000000000,0.502182300000,-1.4203995680682369,-1.4203995680682369,-1.4203995680682369,0E-17,ELIGIBLE,R03b_20260811_FULL_v1,L1_ELIGIBILITY,v2026-08-11,2026-03-21..2026-08-06,baccarat_bet02_101_all_pairs_incl_sentinel,round_win = game_pnl > 0 (decisive only),COMPATIBILITY_ONLY_NOT_PRODUCTION,557989.4742,504875.3716,9878.7574,24851,24505,-0.01770420,0.00338982,-0.02772422,-0.01770420,-9878.7574,557989.4742,OK,0.0000,395.1503,4.0000,96.0000,AG03-UNRESOLVED,ALL5_LEVELS_bet23_to_bet27,395.1503,395.1503,395.1503,0.0000,0.0000,4.000000,4.000000,4.000000,0.000000,0.000000,96.000000,96.000000,96.000000,100.000000,100.000000,5.0,1185.4509,1138.6651,8693.3065,8740.0923,PENDING_AG03,FALSE,NOT_FOR_ENFORCEMENT,9483.6071,484680.3568,9878.7574,9483.6071,395.1503,0.01770420,0.01699603,395.1503,9483.6071,0.01699603,395.1503,395.1503,395.1503,0.0000,0.0000,9483.6071,0.01699603,1185.4509,1138.6651,8693.3065,8740.0923,0.01557970,0.01566354,0.00070817,22.4534,20.6030,0.4031,82.3230,2.6463,4649.9123,204.2083,25.9152,21.1137,12.8578,14.5296,26.176,48.8436,54.2173,102.8621,13.088,0.0,3.731508,7.079487,1.545355,30,207,63,6,0.32204186,0.01770420,-0.00338982,0E-8,0.000000,0.904812,0.002133,0.03111404,2026-03-21,2026-08-06,120,3733,1703,139,0.863309,1.227414,1.154177,1.073473,,,,,,,,GLOBAL_BASELINE_NO_ENTITY_RANKING,,,NOT_APPLICABLE_GLOBAL_BASELINE,HF9g-P5,,,,X 全窗基线 · 不参与实体赏罚,15054255,1506,A168_HF9F_20260827_0900,2026-08-27 09:00:00
2026-08-03,127529701,1966,0,237.5876505793,100.3904143013,100.3904143013,0.6923077,13,13,0.49840134615384615,0.498401346154,1.398285694590445,1.3982856945893338,1.398285694590445,-1.5385E-13,ELIGIBLE,R03b_20260811_FULL_v1,L1_ELIGIBILITY,v2026-08-11,2026-03-21..2026-08-06,baccarat_bet02_101_all_pairs_incl_sentinel,round_win = game_pnl > 0 (decisive only),COMPATIBILITY_ONLY_NOT_PRODUCTION,557989.4742,504875.3716,9878.7574,24851,24505,-0.01770420,0.00338982,-0.02772422,-0.01770420,-9878.7574,557989.4742,OK,0.0000,395.1503,4.0000,96.0000,AG03-UNRESOLVED,ALL5_LEVELS_bet23_to_bet27,395.1503,395.1503,395.1503,0.0000,0.0000,4.000000,4.000000,4.000000,0.000000,0.000000,96.000000,96.000000,96.000000,100.000000,100.000000,5.0,1185.4509,1138.6651,8693.3065,8740.0923,PENDING_AG03,FALSE,NOT_FOR_ENFORCEMENT,9483.6071,484680.3568,9878.7574,9483.6071,395.1503,0.01770420,0.01699603,395.1503,9483.6071,0.01699603,395.1503,395.1503,395.1503,0.0000,0.0000,9483.6071,0.01699603,1185.4509,1138.6651,8693.3065,8740.0923,0.01557970,0.01566354,0.00070817,22.4534,20.6030,0.4031,82.3230,2.6463,4649.9123,204.2083,25.9152,21.1137,12.8578,14.5296,26.176,48.8436,54.2173,102.8621,13.088,0.0,3.731508,7.079487,1.545355,30,207,63,6,0.32204186,0.01770420,-0.00338982,0E-8,0.000000,0.904812,0.002133,0.03111404,2026-03-21,2026-08-06,120,3733,1703,139,0.863309,1.227414,1.154177,1.073473,,,,,,,,GLOBAL_BASELINE_NO_ENTITY_RANKING,,,NOT_APPLICABLE_GLOBAL_BASELINE,HF9g-P5,,,,X 全窗基线 · 不参与实体赏罚,15054256,1506,A168_HF9F_20260827_0900,2026-08-27 09:00:00
2026-08-03,127529701,1985,0,321.0643926747,-16.6953484192,-16.6953484192,0.3333333,9,9,0.50218230000000000,0.502182300000,-1.0131034497211469,-1.0131034497211469,-1.0131034497211469,0E-17,ELIGIBLE,R03b_20260811_FULL_v1,L1_ELIGIBILITY,v2026-08-11,2026-03-21..2026-08-06,baccarat_bet02_101_all_pairs_incl_sentinel,round_win = game_pnl > 0 (decisive only),COMPATIBILITY_ONLY_NOT_PRODUCTION,557989.4742,504875.3716,9878.7574,24851,24505,-0.01770420,0.00338982,-0.02772422,-0.01770420,-9878.7574,557989.4742,OK,0.0000,395.1503,4.0000,96.0000,AG03-UNRESOLVED,ALL5_LEVELS_bet23_to_bet27,395.1503,395.1503,395.1503,0.0000,0.0000,4.000000,4.000000,4.000000,0.000000,0.000000,96.000000,96.000000,96.000000,100.000000,100.000000,5.0,1185.4509,1138.6651,8693.3065,8740.0923,PENDING_AG03,FALSE,NOT_FOR_ENFORCEMENT,9483.6071,484680.3568,9878.7574,9483.6071,395.1503,0.01770420,0.01699603,395.1503,9483.6071,0.01699603,395.1503,395.1503,395.1503,0.0000,0.0000,9483.6071,0.01699603,1185.4509,1138.6651,8693.3065,8740.0923,0.01557970,0.01566354,0.00070817,22.4534,20.6030,0.4031,82.3230,2.6463,4649.9123,204.2083,25.9152,21.1137,12.8578,14.5296,26.176,48.8436,54.2173,102.8621,13.088,0.0,3.731508,7.079487,1.545355,30,207,63,6,0.32204186,0.01770420,-0.00338982,0E-8,0.000000,0.904812,0.002133,0.03111404,2026-03-21,2026-08-06,120,3733,1703,139,0.863309,1.227414,1.154177,1.073473,,,,,,,,GLOBAL_BASELINE_NO_ENTITY_RANKING,,,NOT_APPLICABLE_GLOBAL_BASELINE,HF9g-P5,,,,X 全窗基线 · 不参与实体赏罚,15054257,1506,A168_HF9F_20260827_0900,2026-08-27 09:00:00
2026-08-03,127529701,1994,0,25.6851514140,24.4008938433,24.4008938433,1.0000000,1,1,0.50665070000000000,0.506650700000,0.9867858985152569,0.9867858985152569,0.9867858985152569,0E-17,ELIGIBLE,R03b_20260811_FULL_v1,L1_ELIGIBILITY,v2026-08-11,2026-03-21..2026-08-06,baccarat_bet02_101_all_pairs_incl_sentinel,round_win = game_pnl > 0 (decisive only),COMPATIBILITY_ONLY_NOT_PRODUCTION,557989.4742,504875.3716,9878.7574,24851,24505,-0.01770420,0.00338982,-0.02772422,-0.01770420,-9878.7574,557989.4742,OK,0.0000,395.1503,4.0000,96.0000,AG03-UNRESOLVED,ALL5_LEVELS_bet23_to_bet27,395.1503,395.1503,395.1503,0.0000,0.0000,4.000000,4.000000,4.000000,0.000000,0.000000,96.000000,96.000000,96.000000,100.000000,100.000000,5.0,1185.4509,1138.6651,8693.3065,8740.0923,PENDING_AG03,FALSE,NOT_FOR_ENFORCEMENT,9483.6071,484680.3568,9878.7574,9483.6071,395.1503,0.01770420,0.01699603,395.1503,9483.6071,0.01699603,395.1503,395.1503,395.1503,0.0000,0.0000,9483.6071,0.01699603,1185.4509,1138.6651,8693.3065,8740.0923,0.01557970,0.01566354,0.00070817,22.4534,20.6030,0.4031,82.3230,2.6463,4649.9123,204.2083,25.9152,21.1137,12.8578,14.5296,26.176,48.8436,54.2173,102.8621,13.088,0.0,3.731508,7.079487,1.545355,30,207,63,6,0.32204186,0.01770420,-0.00338982,0E-8,0.000000,0.904812,0.002133,0.03111404,2026-03-21,2026-08-06,120,3733,1703,139,0.863309,1.227414,1.154177,1.073473,,,,,,,,GLOBAL_BASELINE_NO_ENTITY_RANKING,,,NOT_APPLICABLE_GLOBAL_BASELINE,HF9g-P5,,,,X 全窗基线 · 不参与实体赏罚,15054258,1506,A168_HF9F_20260827_0900,2026-08-27 09:00:00
2026-08-03,127529701,2068,0,187.7584568363,79.1102663550,79.1102663550,0.6666667,10,10,0.49994810000000000,0.499948100000,1.0003114053888977,1.0003114053888977,1.0003114053888977,0E-17,ELIGIBLE,R03b_20260811_FULL_v1,L1_ELIGIBILITY,v2026-08-11,2026-03-21..2026-08-06,baccarat_bet02_101_all_pairs_incl_sentinel,round_win = game_pnl > 0 (decisive only),COMPATIBILITY_ONLY_NOT_PRODUCTION,557989.4742,504875.3716,9878.7574,24851,24505,-0.01770420,0.00338982,-0.02772422,-0.01770420,-9878.7574,557989.4742,OK,0.0000,395.1503,4.0000,96.0000,AG03-UNRESOLVED,ALL5_LEVELS_bet23_to_bet27,395.1503,395.1503,395.1503,0.0000,0.0000,4.000000,4.000000,4.000000,0.000000,0.000000,96.000000,96.000000,96.000000,100.000000,100.000000,5.0,1185.4509,1138.6651,8693.3065,8740.0923,PENDING_AG03,FALSE,NOT_FOR_ENFORCEMENT,9483.6071,484680.3568,9878.7574,9483.6071,395.1503,0.01770420,0.01699603,395.1503,9483.6071,0.01699603,395.1503,395.1503,395.1503,0.0000,0.0000,9483.6071,0.01699603,1185.4509,1138.6651,8693.3065,8740.0923,0.01557970,0.01566354,0.00070817,22.4534,20.6030,0.4031,82.3230,2.6463,4649.9123,204.2083,25.9152,21.1137,12.8578,14.5296,26.176,48.8436,54.2173,102.8621,13.088,0.0,3.731508,7.079487,1.545355,30,207,63,6,0.32204186,0.01770420,-0.00338982,0E-8,0.000000,0.904812,0.002133,0.03111404,2026-03-21,2026-08-06,120,3733,1703,139,0.863309,1.227414,1.154177,1.073473,,,,,,,,GLOBAL_BASELINE_NO_ENTITY_RANKING,,,NOT_APPLICABLE_GLOBAL_BASELINE,HF9g-P5,,,,X 全窗基线 · 不参与实体赏罚,15054259,1506,A168_HF9F_20260827_0900,2026-08-27 09:00:00
2026-08-03,127529701,2093,0,38.5277271210,-12.8425757070,-12.8425757070,0.5000000,2,2,0.49994810000000000,0.499948100000,0.00014679536856514622,0.00014679536856514622,0.00014679536856514622,0E-17,ELIGIBLE,R03b_20260811_FULL_v1,L1_ELIGIBILITY,v2026-08-11,2026-03-21..2026-08-06,baccarat_bet02_101_all_pairs_incl_sentinel,round_win = game_pnl > 0 (decisive only),COMPATIBILITY_ONLY_NOT_PRODUCTION,557989.4742,504875.3716,9878.7574,24851,24505,-0.01770420,0.00338982,-0.02772422,-0.01770420,-9878.7574,557989.4742,OK,0.0000,395.1503,4.0000,96.0000,AG03-UNRESOLVED,ALL5_LEVELS_bet23_to_bet27,395.1503,395.1503,395.1503,0.0000,0.0000,4.000000,4.000000,4.000000,0.000000,0.000000,96.000000,96.000000,96.000000,100.000000,100.000000,5.0,1185.4509,1138.6651,8693.3065,8740.0923,PENDING_AG03,FALSE,NOT_FOR_ENFORCEMENT,9483.6071,484680.3568,9878.7574,9483.6071,395.1503,0.01770420,0.01699603,395.1503,9483.6071,0.01699603,395.1503,395.1503,395.1503,0.0000,0.0000,9483.6071,0.01699603,1185.4509,1138.6651,8693.3065,8740.0923,0.01557970,0.01566354,0.00070817,22.4534,20.6030,0.4031,82.3230,2.6463,4649.9123,204.2083,25.9152,21.1137,12.8578,14.5296,26.176,48.8436,54.2173,102.8621,13.088,0.0,3.731508,7.079487,1.545355,30,207,63,6,0.32204186,0.01770420,-0.00338982,0E-8,0.000000,0.904812,0.002133,0.03111404,2026-03-21,2026-08-06,120,3733,1703,139,0.863309,1.227414,1.154177,1.073473,,,,,,,,GLOBAL_BASELINE_NO_ENTITY_RANKING,,,NOT_APPLICABLE_GLOBAL_BASELINE,HF9g-P5,,,,X 全窗基线 · 不参与实体赏罚,15054260,1506,A168_HF9F_20260827_0900,2026-08-27 09:00:00
2026-08-03,127529701,2106,0,25.6851514140,-5.6507333111,-5.6507333111,0.3333333,3,3,0.49771390000000000,0.497713900000,-0.5694369385616226,-0.5694369385616226,-0.5694369385616226,0E-17,ELIGIBLE,R03b_20260811_FULL_v1,L1_ELIGIBILITY,v2026-08-11,2026-03-21..2026-08-06,baccarat_bet02_101_all_pairs_incl_sentinel,round_win = game_pnl > 0 (decisive only),COMPATIBILITY_ONLY_NOT_PRODUCTION,557989.4742,504875.3716,9878.7574,24851,24505,-0.01770420,0.00338982,-0.02772422,-0.01770420,-9878.7574,557989.4742,OK,0.0000,395.1503,4.0000,96.0000,AG03-UNRESOLVED,ALL5_LEVELS_bet23_to_bet27,395.1503,395.1503,395.1503,0.0000,0.0000,4.000000,4.000000,4.000000,0.000000,0.000000,96.000000,96.000000,96.000000,100.000000,100.000000,5.0,1185.4509,1138.6651,8693.3065,8740.0923,PENDING_AG03,FALSE,NOT_FOR_ENFORCEMENT,9483.6071,484680.3568,9878.7574,9483.6071,395.1503,0.01770420,0.01699603,395.1503,9483.6071,0.01699603,395.1503,395.1503,395.1503,0.0000,0.0000,9483.6071,0.01699603,1185.4509,1138.6651,8693.3065,8740.0923,0.01557970,0.01566354,0.00070817,22.4534,20.6030,0.4031,82.3230,2.6463,4649.9123,204.2083,25.9152,21.1137,12.8578,14.5296,26.176,48.8436,54.2173,102.8621,13.088,0.0,3.731508,7.079487,1.545355,30,207,63,6,0.32204186,0.01770420,-0.00338982,0E-8,0.000000,0.904812,0.002133,0.03111404,2026-03-21,2026-08-06,120,3733,1703,139,0.863309,1.227414,1.154177,1.073473,,,,,,,,GLOBAL_BASELINE_NO_ENTITY_RANKING,,,NOT_APPLICABLE_GLOBAL_BASELINE,HF9g-P5,,,,X 全窗基线 · 不参与实体赏罚,15054261,1506,A168_HF9F_20260827_0900,2026-08-27 09:00:00
2026-08-03,127529701,2108,0,26.9694089847,5.5865204325,5.5865204325,0.5000000,2,2,0.50665070000000000,0.506650700000,-0.018812684590367487,-0.018812684590367487,-0.018812684590367487,0E-17,ELIGIBLE,R03b_20260811_FULL_v1,L1_ELIGIBILITY,v2026-08-11,2026-03-21..2026-08-06,baccarat_bet02_101_all_pairs_incl_sentinel,round_win = game_pnl > 0 (decisive only),COMPATIBILITY_ONLY_NOT_PRODUCTION,557989.4742,504875.3716,9878.7574,24851,24505,-0.01770420,0.00338982,-0.02772422,-0.01770420,-9878.7574,557989.4742,OK,0.0000,395.1503,4.0000,96.0000,AG03-UNRESOLVED,ALL5_LEVELS_bet23_to_bet27,395.1503,395.1503,395.1503,0.0000,0.0000,4.000000,4.000000,4.000000,0.000000,0.000000,96.000000,96.000000,96.000000,100.000000,100.000000,5.0,1185.4509,1138.6651,8693.3065,8740.0923,PENDING_AG03,FALSE,NOT_FOR_ENFORCEMENT,9483.6071,484680.3568,9878.7574,9483.6071,395.1503,0.01770420,0.01699603,395.1503,9483.6071,0.01699603,395.1503,395.1503,395.1503,0.0000,0.0000,9483.6071,0.01699603,1185.4509,1138.6651,8693.3065,8740.0923,0.01557970,0.01566354,0.00070817,22.4534,20.6030,0.4031,82.3230,2.6463,4649.9123,204.2083,25.9152,21.1137,12.8578,14.5296,26.176,48.8436,54.2173,102.8621,13.088,0.0,3.731508,7.079487,1.545355,30,207,63,6,0.32204186,0.01770420,-0.00338982,0E-8,0.000000,0.904812,0.002133,0.03111404,2026-03-21,2026-08-06,120,3733,1703,139,0.863309,1.227414,1.154177,1.073473,,,,,,,,GLOBAL_BASELINE_NO_ENTITY_RANKING,,,NOT_APPLICABLE_GLOBAL_BASELINE,HF9g-P5,,,,X 全窗基线 · 不参与实体赏罚,15054262,1506,A168_HF9F_20260827_0900,2026-08-27 09:00:00
2026-08-03,127529701,2115,0,412.2466801943,237.9729278504,237.9729278504,0.7500000,14,14,0.49803307142857143,0.498033071429,1.7456915959946704,1.745691595991695,1.7456915959946704,-4.2857E-13,ELIGIBLE,R03b_20260811_FULL_v1,L1_ELIGIBILITY,v2026-08-11,2026-03-21..2026-08-06,baccarat_bet02_101_all_pairs_incl_sentinel,round_win = game_pnl > 0 (decisive only),COMPATIBILITY_ONLY_NOT_PRODUCTION,557989.4742,504875.3716,9878.7574,24851,24505,-0.01770420,0.00338982,-0.02772422,-0.01770420,-9878.7574,557989.4742,OK,0.0000,395.1503,4.0000,96.0000,AG03-UNRESOLVED,ALL5_LEVELS_bet23_to_bet27,395.1503,395.1503,395.1503,0.0000,0.0000,4.000000,4.000000,4.000000,0.000000,0.000000,96.000000,96.000000,96.000000,100.000000,100.000000,5.0,1185.4509,1138.6651,8693.3065,8740.0923,PENDING_AG03,FALSE,NOT_FOR_ENFORCEMENT,9483.6071,484680.3568,9878.7574,9483.6071,395.1503,0.01770420,0.01699603,395.1503,9483.6071,0.01699603,395.1503,395.1503,395.1503,0.0000,0.0000,9483.6071,0.01699603,1185.4509,1138.6651,8693.3065,8740.0923,0.01557970,0.01566354,0.00070817,22.4534,20.6030,0.4031,82.3230,2.6463,4649.9123,204.2083,25.9152,21.1137,12.8578,14.5296,26.176,48.8436,54.2173,102.8621,13.088,0.0,3.731508,7.079487,1.545355,30,207,63,6,0.32204186,0.01770420,-0.00338982,0E-8,0.000000,0.904812,0.002133,0.03111404,2026-03-21,2026-08-06,120,3733,1703,139,0.863309,1.227414,1.154177,1.073473,,,,,,,,GLOBAL_BASELINE_NO_ENTITY_RANKING,,,NOT_APPLICABLE_GLOBAL_BASELINE,HF9g-P5,,,,X 全窗基线 · 不参与实体赏罚,15054263,1506,A168_HF9F_20260827_0900,2026-08-27 09:00:00
2026-08-03,127529701,2121,0,824.2365088741,-294.3518352039,-294.3518352039,0.3888889,20,20,0.49860758000000000,0.498607580000,-0.9309975761964425,-0.9309975761964426,-0.9309975761964425,0E-17,ELIGIBLE,R03b_20260811_FULL_v1,L1_ELIGIBILITY,v2026-08-11,2026-03-21..2026-08-06,baccarat_bet02_101_all_pairs_incl_sentinel,round_win = game_pnl > 0 (decisive only),COMPATIBILITY_ONLY_NOT_PRODUCTION,557989.4742,504875.3716,9878.7574,24851,24505,-0.01770420,0.00338982,-0.02772422,-0.01770420,-9878.7574,557989.4742,OK,0.0000,395.1503,4.0000,96.0000,AG03-UNRESOLVED,ALL5_LEVELS_bet23_to_bet27,395.1503,395.1503,395.1503,0.0000,0.0000,4.000000,4.000000,4.000000,0.000000,0.000000,96.000000,96.000000,96.000000,100.000000,100.000000,5.0,1185.4509,1138.6651,8693.3065,8740.0923,PENDING_AG03,FALSE,NOT_FOR_ENFORCEMENT,9483.6071,484680.3568,9878.7574,9483.6071,395.1503,0.01770420,0.01699603,395.1503,9483.6071,0.01699603,395.1503,395.1503,395.1503,0.0000,0.0000,9483.6071,0.01699603,1185.4509,1138.6651,8693.3065,8740.0923,0.01557970,0.01566354,0.00070817,22.4534,20.6030,0.4031,82.3230,2.6463,4649.9123,204.2083,25.9152,21.1137,12.8578,14.5296,26.176,48.8436,54.2173,102.8621,13.088,0.0,3.731508,7.079487,1.545355,30,207,63,6,0.32204186,0.01770420,-0.00338982,0E-8,0.000000,0.904812,0.002133,0.03111404,2026-03-21,2026-08-06,120,3733,1703,139,0.863309,1.227414,1.154177,1.073473,,,,,,,,GLOBAL_BASELINE_NO_ENTITY_RANKING,,,NOT_APPLICABLE_GLOBAL_BASELINE,HF9g-P5,,,,X 全窗基线 · 不参与实体赏罚,15054264,1506,A168_HF9F_20260827_0900,2026-08-27 09:00:00
2026-08-03,127529701,2130,0,133.5627873528,96.3193178025,96.3193178025,0.8000000,5,5,0.49592654000000000,0.495926540000,1.359902984124143,1.359902984124143,1.359902984124143,0E-17,ELIGIBLE,R03b_20260811_FULL_v1,L1_ELIGIBILITY,v2026-08-11,2026-03-21..2026-08-06,baccarat_bet02_101_all_pairs_incl_sentinel,round_win = game_pnl > 0 (decisive only),COMPATIBILITY_ONLY_NOT_PRODUCTION,557989.4742,504875.3716,9878.7574,24851,24505,-0.01770420,0.00338982,-0.02772422,-0.01770420,-9878.7574,557989.4742,OK,0.0000,395.1503,4.0000,96.0000,AG03-UNRESOLVED,ALL5_LEVELS_bet23_to_bet27,395.1503,395.1503,395.1503,0.0000,0.0000,4.000000,4.000000,4.000000,0.000000,0.000000,96.000000,96.000000,96.000000,100.000000,100.000000,5.0,1185.4509,1138.6651,8693.3065,8740.0923,PENDING_AG03,FALSE,NOT_FOR_ENFORCEMENT,9483.6071,484680.3568,9878.7574,9483.6071,395.1503,0.01770420,0.01699603,395.1503,9483.6071,0.01699603,395.1503,395.1503,395.1503,0.0000,0.0000,9483.6071,0.01699603,1185.4509,1138.6651,8693.3065,8740.0923,0.01557970,0.01566354,0.00070817,22.4534,20.6030,0.4031,82.3230,2.6463,4649.9123,204.2083,25.9152,21.1137,12.8578,14.5296,26.176,48.8436,54.2173,102.8621,13.088,0.0,3.731508,7.079487,1.545355,30,207,63,6,0.32204186,0.01770420,-0.00338982,0E-8,0.000000,0.904812,0.002133,0.03111404,2026-03-21,2026-08-06,120,3733,1703,139,0.863309,1.227414,1.154177,1.073473,,,,,,,,GLOBAL_BASELINE_NO_ENTITY_RANKING,,,NOT_APPLICABLE_GLOBAL_BASELINE,HF9g-P5,,,,X 全窗基线 · 不参与实体赏罚,15054265,1506,A168_HF9F_20260827_0900,2026-08-27 09:00:00
2026-08-03,127529701,2141,0,739.9892122366,-317.9179616265,-317.9179616265,0.3500000,20,20,0.50128862000000000,0.501288620000,-1.3531710481693755,-1.3531710481693755,-1.3531710481693755,0E-17,ELIGIBLE,R03b_20260811_FULL_v1,L1_ELIGIBILITY,v2026-08-11,2026-03-21..2026-08-06,baccarat_bet02_101_all_pairs_incl_sentinel,round_win = game_pnl > 0 (decisive only),COMPATIBILITY_ONLY_NOT_PRODUCTION,557989.4742,504875.3716,9878.7574,24851,24505,-0.01770420,0.00338982,-0.02772422,-0.01770420,-9878.7574,557989.4742,OK,0.0000,395.1503,4.0000,96.0000,AG03-UNRESOLVED,ALL5_LEVELS_bet23_to_bet27,395.1503,395.1503,395.1503,0.0000,0.0000,4.000000,4.000000,4.000000,0.000000,0.000000,96.000000,96.000000,96.000000,100.000000,100.000000,5.0,1185.4509,1138.6651,8693.3065,8740.0923,PENDING_AG03,FALSE,NOT_FOR_ENFORCEMENT,9483.6071,484680.3568,9878.7574,9483.6071,395.1503,0.01770420,0.01699603,395.1503,9483.6071,0.01699603,395.1503,395.1503,395.1503,0.0000,0.0000,9483.6071,0.01699603,1185.4509,1138.6651,8693.3065,8740.0923,0.01557970,0.01566354,0.00070817,22.4534,20.6030,0.4031,82.3230,2.6463,4649.9123,204.2083,25.9152,21.1137,12.8578,14.5296,26.176,48.8436,54.2173,102.8621,13.088,0.0,3.731508,7.079487,1.545355,30,207,63,6,0.32204186,0.01770420,-0.00338982,0E-8,0.000000,0.904812,0.002133,0.03111404,2026-03-21,2026-08-06,120,3733,1703,139,0.863309,1.227414,1.154177,1.073473,,,,,,,,GLOBAL_BASELINE_NO_ENTITY_RANKING,,,NOT_APPLICABLE_GLOBAL_BASELINE,HF9g-P5,,,,X 全窗基线 · 不参与实体赏罚,15054266,1506,A168_HF9F_20260827_0900,2026-08-27 09:00:00
2026-08-03,127529701,2152,0,251.7144838570,78.3397118126,78.3397118126,0.6000000,12,12,0.50329940000000000,0.503299400000,0.6116016101943422,0.6116016101943423,0.6116016101943422,0E-17,ELIGIBLE,R03b_20260811_FULL_v1,L1_ELIGIBILITY,v2026-08-11,2026-03-21..2026-08-06,baccarat_bet02_101_all_pairs_incl_sentinel,round_win = game_pnl > 0 (decisive only),COMPATIBILITY_ONLY_NOT_PRODUCTION,557989.4742,504875.3716,9878.7574,24851,24505,-0.01770420,0.00338982,-0.02772422,-0.01770420,-9878.7574,557989.4742,OK,0.0000,395.1503,4.0000,96.0000,AG03-UNRESOLVED,ALL5_LEVELS_bet23_to_bet27,395.1503,395.1503,395.1503,0.0000,0.0000,4.000000,4.000000,4.000000,0.000000,0.000000,96.000000,96.000000,96.000000,100.000000,100.000000,5.0,1185.4509,1138.6651,8693.3065,8740.0923,PENDING_AG03,FALSE,NOT_FOR_ENFORCEMENT,9483.6071,484680.3568,9878.7574,9483.6071,395.1503,0.01770420,0.01699603,395.1503,9483.6071,0.01699603,395.1503,395.1503,395.1503,0.0000,0.0000,9483.6071,0.01699603,1185.4509,1138.6651,8693.3065,8740.0923,0.01557970,0.01566354,0.00070817,22.4534,20.6030,0.4031,82.3230,2.6463,4649.9123,204.2083,25.9152,21.1137,12.8578,14.5296,26.176,48.8436,54.2173,102.8621,13.088,0.0,3.731508,7.079487,1.545355,30,207,63,6,0.32204186,0.01770420,-0.00338982,0E-8,0.000000,0.904812,0.002133,0.03111404,2026-03-21,2026-08-06,120,3733,1703,139,0.863309,1.227414,1.154177,1.073473,,,,,,,,GLOBAL_BASELINE_NO_ENTITY_RANKING,,,NOT_APPLICABLE_GLOBAL_BASELINE,HF9g-P5,,,,X 全窗基线 · 不参与实体赏罚,15054267,1506,A168_HF9F_20260827_0900,2026-08-27 09:00:00
2026-08-03,127529701,2160,0,64.2128785350,25.0430226286,25.0430226286,0.6666667,4,4,0.50329940000000000,0.503299400000,0.5659331339966515,0.5659331339966515,0.5659331339966515,0E-17,ELIGIBLE,R03b_20260811_FULL_v1,L1_ELIGIBILITY,v2026-08-11,2026-03-21..2026-08-06,baccarat_bet02_101_all_pairs_incl_sentinel,round_win = game_pnl > 0 (decisive only),COMPATIBILITY_ONLY_NOT_PRODUCTION,557989.4742,504875.3716,9878.7574,24851,24505,-0.01770420,0.00338982,-0.02772422,-0.01770420,-9878.7574,557989.4742,OK,0.0000,395.1503,4.0000,96.0000,AG03-UNRESOLVED,ALL5_LEVELS_bet23_to_bet27,395.1503,395.1503,395.1503,0.0000,0.0000,4.000000,4.000000,4.000000,0.000000,0.000000,96.000000,96.000000,96.000000,100.000000,100.000000,5.0,1185.4509,1138.6651,8693.3065,8740.0923,PENDING_AG03,FALSE,NOT_FOR_ENFORCEMENT,9483.6071,484680.3568,9878.7574,9483.6071,395.1503,0.01770420,0.01699603,395.1503,9483.6071,0.01699603,395.1503,395.1503,395.1503,0.0000,0.0000,9483.6071,0.01699603,1185.4509,1138.6651,8693.3065,8740.0923,0.01557970,0.01566354,0.00070817,22.4534,20.6030,0.4031,82.3230,2.6463,4649.9123,204.2083,25.9152,21.1137,12.8578,14.5296,26.176,48.8436,54.2173,102.8621,13.088,0.0,3.731508,7.079487,1.545355,30,207,63,6,0.32204186,0.01770420,-0.00338982,0E-8,0.000000,0.904812,0.002133,0.03111404,2026-03-21,2026-08-06,120,3733,1703,139,0.863309,1.227414,1.154177,1.073473,,,,,,,,GLOBAL_BASELINE_NO_ENTITY_RANKING,,,NOT_APPLICABLE_GLOBAL_BASELINE,HF9g-P5,,,,X 全窗基线 · 不参与实体赏罚,15054268,1506,A168_HF9F_20260827_0900,2026-08-27 09:00:00
2026-08-03,127529701,2170,0,419.9522256185,-148.9738782010,-148.9738782010,0.3846154,14,14,0.49611804285714286,0.496118042857,-0.8040813380018117,-0.8040813380007832,-0.8040813380018117,1.4286E-13,ELIGIBLE,R03b_20260811_FULL_v1,L1_ELIGIBILITY,v2026-08-11,2026-03-21..2026-08-06,baccarat_bet02_101_all_pairs_incl_sentinel,round_win = game_pnl > 0 (decisive only),COMPATIBILITY_ONLY_NOT_PRODUCTION,557989.4742,504875.3716,9878.7574,24851,24505,-0.01770420,0.00338982,-0.02772422,-0.01770420,-9878.7574,557989.4742,OK,0.0000,395.1503,4.0000,96.0000,AG03-UNRESOLVED,ALL5_LEVELS_bet23_to_bet27,395.1503,395.1503,395.1503,0.0000,0.0000,4.000000,4.000000,4.000000,0.000000,0.000000,96.000000,96.000000,96.000000,100.000000,100.000000,5.0,1185.4509,1138.6651,8693.3065,8740.0923,PENDING_AG03,FALSE,NOT_FOR_ENFORCEMENT,9483.6071,484680.3568,9878.7574,9483.6071,395.1503,0.01770420,0.01699603,395.1503,9483.6071,0.01699603,395.1503,395.1503,395.1503,0.0000,0.0000,9483.6071,0.01699603,1185.4509,1138.6651,8693.3065,8740.0923,0.01557970,0.01566354,0.00070817,22.4534,20.6030,0.4031,82.3230,2.6463,4649.9123,204.2083,25.9152,21.1137,12.8578,14.5296,26.176,48.8436,54.2173,102.8621,13.088,0.0,3.731508,7.079487,1.545355,30,207,63,6,0.32204186,0.01770420,-0.00338982,0E-8,0.000000,0.904812,0.002133,0.03111404,2026-03-21,2026-08-06,120,3733,1703,139,0.863309,1.227414,1.154177,1.073473,,,,,,,,GLOBAL_BASELINE_NO_ENTITY_RANKING,,,NOT_APPLICABLE_GLOBAL_BASELINE,HF9g-P5,,,,X 全窗基线 · 不参与实体赏罚,15054269,1506,A168_HF9F_20260827_0900,2026-08-27 09:00:00
2026-08-03,127529701,2196,0,34.6749544089,-21.8323787019,-21.8323787019,0.2500000,4,4,0.49994810000000000,0.499948100000,-0.9997924053861017,-0.9997924053861017,-0.9997924053861017,0E-17,ELIGIBLE,R03b_20260811_FULL_v1,L1_ELIGIBILITY,v2026-08-11,2026-03-21..2026-08-06,baccarat_bet02_101_all_pairs_incl_sentinel,round_win = game_pnl > 0 (decisive only),COMPATIBILITY_ONLY_NOT_PRODUCTION,557989.4742,504875.3716,9878.7574,24851,24505,-0.01770420,0.00338982,-0.02772422,-0.01770420,-9878.7574,557989.4742,OK,0.0000,395.1503,4.0000,96.0000,AG03-UNRESOLVED,ALL5_LEVELS_bet23_to_bet27,395.1503,395.1503,395.1503,0.0000,0.0000,4.000000,4.000000,4.000000,0.000000,0.000000,96.000000,96.000000,96.000000,100.000000,100.000000,5.0,1185.4509,1138.6651,8693.3065,8740.0923,PENDING_AG03,FALSE,NOT_FOR_ENFORCEMENT,9483.6071,484680.3568,9878.7574,9483.6071,395.1503,0.01770420,0.01699603,395.1503,9483.6071,0.01699603,395.1503,395.1503,395.1503,0.0000,0.0000,9483.6071,0.01699603,1185.4509,1138.6651,8693.3065,8740.0923,0.01557970,0.01566354,0.00070817,22.4534,20.6030,0.4031,82.3230,2.6463,4649.9123,204.2083,25.9152,21.1137,12.8578,14.5296,26.176,48.8436,54.2173,102.8621,13.088,0.0,3.731508,7.079487,1.545355,30,207,63,6,0.32204186,0.01770420,-0.00338982,0E-8,0.000000,0.904812,0.002133,0.03111404,2026-03-21,2026-08-06,120,3733,1703,139,0.863309,1.227414,1.154177,1.073473,,,,,,,,GLOBAL_BASELINE_NO_ENTITY_RANKING,,,NOT_APPLICABLE_GLOBAL_BASELINE,HF9g-P5,,,,X 全窗基线 · 不参与实体赏罚,15054270,1506,A168_HF9F_20260827_0900,2026-08-27 09:00:00
2026-08-03,127529701,2210,0,246.5774535740,92.4665450902,92.4665450902,0.6000000,6,6,0.49547970000000000,0.495479700000,0.4674480948863271,0.4674480948863271,0.4674480948863271,0E-17,ELIGIBLE,R03b_20260811_FULL_v1,L1_ELIGIBILITY,v2026-08-11,2026-03-21..2026-08-06,baccarat_bet02_101_all_pairs_incl_sentinel,round_win = game_pnl > 0 (decisive only),COMPATIBILITY_ONLY_NOT_PRODUCTION,557989.4742,504875.3716,9878.7574,24851,24505,-0.01770420,0.00338982,-0.02772422,-0.01770420,-9878.7574,557989.4742,OK,0.0000,395.1503,4.0000,96.0000,AG03-UNRESOLVED,ALL5_LEVELS_bet23_to_bet27,395.1503,395.1503,395.1503,0.0000,0.0000,4.000000,4.000000,4.000000,0.000000,0.000000,96.000000,96.000000,96.000000,100.000000,100.000000,5.0,1185.4509,1138.6651,8693.3065,8740.0923,PENDING_AG03,FALSE,NOT_FOR_ENFORCEMENT,9483.6071,484680.3568,9878.7574,9483.6071,395.1503,0.01770420,0.01699603,395.1503,9483.6071,0.01699603,395.1503,395.1503,395.1503,0.0000,0.0000,9483.6071,0.01699603,1185.4509,1138.6651,8693.3065,8740.0923,0.01557970,0.01566354,0.00070817,22.4534,20.6030,0.4031,82.3230,2.6463,4649.9123,204.2083,25.9152,21.1137,12.8578,14.5296,26.176,48.8436,54.2173,102.8621,13.088,0.0,3.731508,7.079487,1.545355,30,207,63,6,0.32204186,0.01770420,-0.00338982,0E-8,0.000000,0.904812,0.002133,0.03111404,2026-03-21,2026-08-06,120,3733,1703,139,0.863309,1.227414,1.154177,1.073473,,,,,,,,GLOBAL_BASELINE_NO_ENTITY_RANKING,,,NOT_APPLICABLE_GLOBAL_BASELINE,HF9g-P5,,,,X 全窗基线 · 不参与实体赏罚,15054271,1506,A168_HF9F_20260827_0900,2026-08-27 09:00:00
2026-08-03,127529701,2253,0,25.6851514140,0E-10,0E-10,0.5000000,2,2,0.49324550000000000,0.493245500000,0.01910635448239258,0.01910635448239258,0.01910635448239258,0E-17,ELIGIBLE,R03b_20260811_FULL_v1,L1_ELIGIBILITY,v2026-08-11,2026-03-21..2026-08-06,baccarat_bet02_101_all_pairs_incl_sentinel,round_win = game_pnl > 0 (decisive only),COMPATIBILITY_ONLY_NOT_PRODUCTION,557989.4742,504875.3716,9878.7574,24851,24505,-0.01770420,0.00338982,-0.02772422,-0.01770420,-9878.7574,557989.4742,OK,0.0000,395.1503,4.0000,96.0000,AG03-UNRESOLVED,ALL5_LEVELS_bet23_to_bet27,395.1503,395.1503,395.1503,0.0000,0.0000,4.000000,4.000000,4.000000,0.000000,0.000000,96.000000,96.000000,96.000000,100.000000,100.000000,5.0,1185.4509,1138.6651,8693.3065,8740.0923,PENDING_AG03,FALSE,NOT_FOR_ENFORCEMENT,9483.6071,484680.3568,9878.7574,9483.6071,395.1503,0.01770420,0.01699603,395.1503,9483.6071,0.01699603,395.1503,395.1503,395.1503,0.0000,0.0000,9483.6071,0.01699603,1185.4509,1138.6651,8693.3065,8740.0923,0.01557970,0.01566354,0.00070817,22.4534,20.6030,0.4031,82.3230,2.6463,4649.9123,204.2083,25.9152,21.1137,12.8578,14.5296,26.176,48.8436,54.2173,102.8621,13.088,0.0,3.731508,7.079487,1.545355,30,207,63,6,0.32204186,0.01770420,-0.00338982,0E-8,0.000000,0.904812,0.002133,0.03111404,2026-03-21,2026-08-06,120,3733,1703,139,0.863309,1.227414,1.154177,1.073473,,,,,,,,GLOBAL_BASELINE_NO_ENTITY_RANKING,,,NOT_APPLICABLE_GLOBAL_BASELINE,HF9g-P5,,,,X 全窗基线 · 不参与实体赏罚,15054272,1506,A168_HF9F_20260827_0900,2026-08-27 09:00:00
2026-08-03,127529701,2288,0,161.3027508798,-100.5573677857,-100.5573677857,0.4000000,5,5,0.49860758000000000,0.498607580000,-0.440988213962219,-0.440988213962219,-0.440988213962219,0E-17,ELIGIBLE,R03b_20260811_FULL_v1,L1_ELIGIBILITY,v2026-08-11,2026-03-21..2026-08-06,baccarat_bet02_101_all_pairs_incl_sentinel,round_win = game_pnl > 0 (decisive only),COMPATIBILITY_ONLY_NOT_PRODUCTION,557989.4742,504875.3716,9878.7574,24851,24505,-0.01770420,0.00338982,-0.02772422,-0.01770420,-9878.7574,557989.4742,OK,0.0000,395.1503,4.0000,96.0000,AG03-UNRESOLVED,ALL5_LEVELS_bet23_to_bet27,395.1503,395.1503,395.1503,0.0000,0.0000,4.000000,4.000000,4.000000,0.000000,0.000000,96.000000,96.000000,96.000000,100.000000,100.000000,5.0,1185.4509,1138.6651,8693.3065,8740.0923,PENDING_AG03,FALSE,NOT_FOR_ENFORCEMENT,9483.6071,484680.3568,9878.7574,9483.6071,395.1503,0.01770420,0.01699603,395.1503,9483.6071,0.01699603,395.1503,395.1503,395.1503,0.0000,0.0000,9483.6071,0.01699603,1185.4509,1138.6651,8693.3065,8740.0923,0.01557970,0.01566354,0.00070817,22.4534,20.6030,0.4031,82.3230,2.6463,4649.9123,204.2083,25.9152,21.1137,12.8578,14.5296,26.176,48.8436,54.2173,102.8621,13.088,0.0,3.731508,7.079487,1.545355,30,207,63,6,0.32204186,0.01770420,-0.00338982,0E-8,0.000000,0.904812,0.002133,0.03111404,2026-03-21,2026-08-06,120,3733,1703,139,0.863309,1.227414,1.154177,1.073473,,,,,,,,GLOBAL_BASELINE_NO_ENTITY_RANKING,,,NOT_APPLICABLE_GLOBAL_BASELINE,HF9g-P5,,,,X 全窗基线 · 不参与实体赏罚,15054273,1506,A168_HF9F_20260827_0900,2026-08-27 09:00:00
2026-08-03,127529701,526,0,382.1950530399,-164.5133948065,-164.5133948065,0.3333333,10,10,0.49994810000000000,0.499948100000,-0.9996886053855424,-0.9996886053855424,-0.9996886053855424,0E-17,ELIGIBLE,R03b_20260811_FULL_v1,L1_ELIGIBILITY,v2026-08-11,2026-03-21..2026-08-06,baccarat_bet02_101_all_pairs_incl_sentinel,round_win = game_pnl > 0 (decisive only),COMPATIBILITY_ONLY_NOT_PRODUCTION,557989.4742,504875.3716,9878.7574,24851,24505,-0.01770420,0.00338982,-0.02772422,-0.01770420,-9878.7574,557989.4742,OK,0.0000,395.1503,4.0000,96.0000,AG03-UNRESOLVED,ALL5_LEVELS_bet23_to_bet27,395.1503,395.1503,395.1503,0.0000,0.0000,4.000000,4.000000,4.000000,0.000000,0.000000,96.000000,96.000000,96.000000,100.000000,100.000000,5.0,1185.4509,1138.6651,8693.3065,8740.0923,PENDING_AG03,FALSE,NOT_FOR_ENFORCEMENT,9483.6071,484680.3568,9878.7574,9483.6071,395.1503,0.01770420,0.01699603,395.1503,9483.6071,0.01699603,395.1503,395.1503,395.1503,0.0000,0.0000,9483.6071,0.01699603,1185.4509,1138.6651,8693.3065,8740.0923,0.01557970,0.01566354,0.00070817,22.4534,20.6030,0.4031,82.3230,2.6463,4649.9123,204.2083,25.9152,21.1137,12.8578,14.5296,26.176,48.8436,54.2173,102.8621,13.088,0.0,3.731508,7.079487,1.545355,30,207,63,6,0.32204186,0.01770420,-0.00338982,0E-8,0.000000,0.904812,0.002133,0.03111404,2026-03-21,2026-08-06,120,3733,1703,139,0.863309,1.227414,1.154177,1.073473,,,,,,,,GLOBAL_BASELINE_NO_ENTITY_RANKING,,,NOT_APPLICABLE_GLOBAL_BASELINE,HF9g-P5,,,,X 全窗基线 · 不参与实体赏罚,15054274,1506,A168_HF9F_20260827_0900,2026-08-27 09:00:00
2026-08-03,127529701,529,0,103.7680117125,-1.5924793877,-1.5924793877,0.3333333,3,3,0.50218230000000000,0.502182300000,-0.5849155494134425,-0.5849155494134426,-0.5849155494134425,0E-17,ELIGIBLE,R03b_20260811_FULL_v1,L1_ELIGIBILITY,v2026-08-11,2026-03-21..2026-08-06,baccarat_bet02_101_all_pairs_incl_sentinel,round_win = game_pnl > 0 (decisive only),COMPATIBILITY_ONLY_NOT_PRODUCTION,557989.4742,504875.3716,9878.7574,24851,24505,-0.01770420,0.00338982,-0.02772422,-0.01770420,-9878.7574,557989.4742,OK,0.0000,395.1503,4.0000,96.0000,AG03-UNRESOLVED,ALL5_LEVELS_bet23_to_bet27,395.1503,395.1503,395.1503,0.0000,0.0000,4.000000,4.000000,4.000000,0.000000,0.000000,96.000000,96.000000,96.000000,100.000000,100.000000,5.0,1185.4509,1138.6651,8693.3065,8740.0923,PENDING_AG03,FALSE,NOT_FOR_ENFORCEMENT,9483.6071,484680.3568,9878.7574,9483.6071,395.1503,0.01770420,0.01699603,395.1503,9483.6071,0.01699603,395.1503,395.1503,395.1503,0.0000,0.0000,9483.6071,0.01699603,1185.4509,1138.6651,8693.3065,8740.0923,0.01557970,0.01566354,0.00070817,22.4534,20.6030,0.4031,82.3230,2.6463,4649.9123,204.2083,25.9152,21.1137,12.8578,14.5296,26.176,48.8436,54.2173,102.8621,13.088,0.0,3.731508,7.079487,1.545355,30,207,63,6,0.32204186,0.01770420,-0.00338982,0E-8,0.000000,0.904812,0.002133,0.03111404,2026-03-21,2026-08-06,120,3733,1703,139,0.863309,1.227414,1.154177,1.073473,,,,,,,,GLOBAL_BASELINE_NO_ENTITY_RANKING,,,NOT_APPLICABLE_GLOBAL_BASELINE,HF9g-P5,,,,X 全窗基线 · 不参与实体赏罚,15054275,1506,A168_HF9F_20260827_0900,2026-08-27 09:00:00
2026-08-03,127529701,550,0,28.2536665554,-23.1166362726,-23.1166362726,0E-7,2,2,0.49994810000000000,0.499948100000,-0.9998962053866608,-0.9998962053866608,-0.9998962053866608,0E-17,ELIGIBLE,R03b_20260811_FULL_v1,L1_ELIGIBILITY,v2026-08-11,2026-03-21..2026-08-06,baccarat_bet02_101_all_pairs_incl_sentinel,round_win = game_pnl > 0 (decisive only),COMPATIBILITY_ONLY_NOT_PRODUCTION,557989.4742,504875.3716,9878.7574,24851,24505,-0.01770420,0.00338982,-0.02772422,-0.01770420,-9878.7574,557989.4742,OK,0.0000,395.1503,4.0000,96.0000,AG03-UNRESOLVED,ALL5_LEVELS_bet23_to_bet27,395.1503,395.1503,395.1503,0.0000,0.0000,4.000000,4.000000,4.000000,0.000000,0.000000,96.000000,96.000000,96.000000,100.000000,100.000000,5.0,1185.4509,1138.6651,8693.3065,8740.0923,PENDING_AG03,FALSE,NOT_FOR_ENFORCEMENT,9483.6071,484680.3568,9878.7574,9483.6071,395.1503,0.01770420,0.01699603,395.1503,9483.6071,0.01699603,395.1503,395.1503,395.1503,0.0000,0.0000,9483.6071,0.01699603,1185.4509,1138.6651,8693.3065,8740.0923,0.01557970,0.01566354,0.00070817,22.4534,20.6030,0.4031,82.3230,2.6463,4649.9123,204.2083,25.9152,21.1137,12.8578,14.5296,26.176,48.8436,54.2173,102.8621,13.088,0.0,3.731508,7.079487,1.545355,30,207,63,6,0.32204186,0.01770420,-0.00338982,0E-8,0.000000,0.904812,0.002133,0.03111404,2026-03-21,2026-08-06,120,3733,1703,139,0.863309,1.227414,1.154177,1.073473,,,,,,,,GLOBAL_BASELINE_NO_ENTITY_RANKING,,,NOT_APPLICABLE_GLOBAL_BASELINE,HF9g-P5,,,,X 全窗基线 · 不参与实体赏罚,15054276,1506,A168_HF9F_20260827_0900,2026-08-27 09:00:00
2026-08-03,127529701,595,0,130.9942722113,62.1580664218,62.1580664218,0.5000000,5,5,0.50128862000000000,0.501288620000,-0.0051544971185412255,-0.0051544971185412255,-0.0051544971185412255,0E-17,ELIGIBLE,R03b_20260811_FULL_v1,L1_ELIGIBILITY,v2026-08-11,2026-03-21..2026-08-06,baccarat_bet02_101_all_pairs_incl_sentinel,round_win = game_pnl > 0 (decisive only),COMPATIBILITY_ONLY_NOT_PRODUCTION,557989.4742,504875.3716,9878.7574,24851,24505,-0.01770420,0.00338982,-0.02772422,-0.01770420,-9878.7574,557989.4742,OK,0.0000,395.1503,4.0000,96.0000,AG03-UNRESOLVED,ALL5_LEVELS_bet23_to_bet27,395.1503,395.1503,395.1503,0.0000,0.0000,4.000000,4.000000,4.000000,0.000000,0.000000,96.000000,96.000000,96.000000,100.000000,100.000000,5.0,1185.4509,1138.6651,8693.3065,8740.0923,PENDING_AG03,FALSE,NOT_FOR_ENFORCEMENT,9483.6071,484680.3568,9878.7574,9483.6071,395.1503,0.01770420,0.01699603,395.1503,9483.6071,0.01699603,395.1503,395.1503,395.1503,0.0000,0.0000,9483.6071,0.01699603,1185.4509,1138.6651,8693.3065,8740.0923,0.01557970,0.01566354,0.00070817,22.4534,20.6030,0.4031,82.3230,2.6463,4649.9123,204.2083,25.9152,21.1137,12.8578,14.5296,26.176,48.8436,54.2173,102.8621,13.088,0.0,3.731508,7.079487,1.545355,30,207,63,6,0.32204186,0.01770420,-0.00338982,0E-8,0.000000,0.904812,0.002133,0.03111404,2026-03-21,2026-08-06,120,3733,1703,139,0.863309,1.227414,1.154177,1.073473,,,,,,,,GLOBAL_BASELINE_NO_ENTITY_RANKING,,,NOT_APPLICABLE_GLOBAL_BASELINE,HF9g-P5,,,,X 全窗基线 · 不参与实体赏罚,15054277,1506,A168_HF9F_20260827_0900,2026-08-27 09:00:00
2026-08-03,127529701,763,0,362.1606349372,272.0057534739,272.0057534739,0.7500000,13,13,0.49840134615384615,0.498401346154,1.7431355161750413,1.7431355161739734,1.7431355161750413,-1.5385E-13,ELIGIBLE,R03b_20260811_FULL_v1,L1_ELIGIBILITY,v2026-08-11,2026-03-21..2026-08-06,baccarat_bet02_101_all_pairs_incl_sentinel,round_win = game_pnl > 0 (decisive only),COMPATIBILITY_ONLY_NOT_PRODUCTION,557989.4742,504875.3716,9878.7574,24851,24505,-0.01770420,0.00338982,-0.02772422,-0.01770420,-9878.7574,557989.4742,OK,0.0000,395.1503,4.0000,96.0000,AG03-UNRESOLVED,ALL5_LEVELS_bet23_to_bet27,395.1503,395.1503,395.1503,0.0000,0.0000,4.000000,4.000000,4.000000,0.000000,0.000000,96.000000,96.000000,96.000000,100.000000,100.000000,5.0,1185.4509,1138.6651,8693.3065,8740.0923,PENDING_AG03,FALSE,NOT_FOR_ENFORCEMENT,9483.6071,484680.3568,9878.7574,9483.6071,395.1503,0.01770420,0.01699603,395.1503,9483.6071,0.01699603,395.1503,395.1503,395.1503,0.0000,0.0000,9483.6071,0.01699603,1185.4509,1138.6651,8693.3065,8740.0923,0.01557970,0.01566354,0.00070817,22.4534,20.6030,0.4031,82.3230,2.6463,4649.9123,204.2083,25.9152,21.1137,12.8578,14.5296,26.176,48.8436,54.2173,102.8621,13.088,0.0,3.731508,7.079487,1.545355,30,207,63,6,0.32204186,0.01770420,-0.00338982,0E-8,0.000000,0.904812,0.002133,0.03111404,2026-03-21,2026-08-06,120,3733,1703,139,0.863309,1.227414,1.154177,1.073473,,,,,,,,GLOBAL_BASELINE_NO_ENTITY_RANKING,,,NOT_APPLICABLE_GLOBAL_BASELINE,HF9g-P5,,,,X 全窗基线 · 不参与实体赏罚,15054278,1506,A168_HF9F_20260827_0900,2026-08-27 09:00:00
2026-08-03,127529701,948,0,455.9114375981,49.1870649577,49.1870649577,0.5454545,13,13,0.49737017692307692,0.497370176923,0.3189600292662344,0.3189600292667449,0.3189600292662344,7.692E-14,ELIGIBLE,R03b_20260811_FULL_v1,L1_ELIGIBILITY,v2026-08-11,2026-03-21..2026-08-06,baccarat_bet02_101_all_pairs_incl_sentinel,round_win = game_pnl > 0 (decisive only),COMPATIBILITY_ONLY_NOT_PRODUCTION,557989.4742,504875.3716,9878.7574,24851,24505,-0.01770420,0.00338982,-0.02772422,-0.01770420,-9878.7574,557989.4742,OK,0.0000,395.1503,4.0000,96.0000,AG03-UNRESOLVED,ALL5_LEVELS_bet23_to_bet27,395.1503,395.1503,395.1503,0.0000,0.0000,4.000000,4.000000,4.000000,0.000000,0.000000,96.000000,96.000000,96.000000,100.000000,100.000000,5.0,1185.4509,1138.6651,8693.3065,8740.0923,PENDING_AG03,FALSE,NOT_FOR_ENFORCEMENT,9483.6071,484680.3568,9878.7574,9483.6071,395.1503,0.01770420,0.01699603,395.1503,9483.6071,0.01699603,395.1503,395.1503,395.1503,0.0000,0.0000,9483.6071,0.01699603,1185.4509,1138.6651,8693.3065,8740.0923,0.01557970,0.01566354,0.00070817,22.4534,20.6030,0.4031,82.3230,2.6463,4649.9123,204.2083,25.9152,21.1137,12.8578,14.5296,26.176,48.8436,54.2173,102.8621,13.088,0.0,3.731508,7.079487,1.545355,30,207,63,6,0.32204186,0.01770420,-0.00338982,0E-8,0.000000,0.904812,0.002133,0.03111404,2026-03-21,2026-08-06,120,3733,1703,139,0.863309,1.227414,1.154177,1.073473,,,,,,,,GLOBAL_BASELINE_NO_ENTITY_RANKING,,,NOT_APPLICABLE_GLOBAL_BASELINE,HF9g-P5,,,,X 全窗基线 · 不参与实体赏罚,15054279,1506,A168_HF9F_20260827_0900,2026-08-27 09:00:00
2026-08-03,127529701,986,0,19.2638635605,6.4212878535,6.4212878535,0.5000000,2,2,0.49994810000000000,0.499948100000,0.00014679536856514622,0.00014679536856514622,0.00014679536856514622,0E-17,ELIGIBLE,R03b_20260811_FULL_v1,L1_ELIGIBILITY,v2026-08-11,2026-03-21..2026-08-06,baccarat_bet02_101_all_pairs_incl_sentinel,round_win = game_pnl > 0 (decisive only),COMPATIBILITY_ONLY_NOT_PRODUCTION,557989.4742,504875.3716,9878.7574,24851,24505,-0.01770420,0.00338982,-0.02772422,-0.01770420,-9878.7574,557989.4742,OK,0.0000,395.1503,4.0000,96.0000,AG03-UNRESOLVED,ALL5_LEVELS_bet23_to_bet27,395.1503,395.1503,395.1503,0.0000,0.0000,4.000000,4.000000,4.000000,0.000000,0.000000,96.000000,96.000000,96.000000,100.000000,100.000000,5.0,1185.4509,1138.6651,8693.3065,8740.0923,PENDING_AG03,FALSE,NOT_FOR_ENFORCEMENT,9483.6071,484680.3568,9878.7574,9483.6071,395.1503,0.01770420,0.01699603,395.1503,9483.6071,0.01699603,395.1503,395.1503,395.1503,0.0000,0.0000,9483.6071,0.01699603,1185.4509,1138.6651,8693.3065,8740.0923,0.01557970,0.01566354,0.00070817,22.4534,20.6030,0.4031,82.3230,2.6463,4649.9123,204.2083,25.9152,21.1137,12.8578,14.5296,26.176,48.8436,54.2173,102.8621,13.088,0.0,3.731508,7.079487,1.545355,30,207,63,6,0.32204186,0.01770420,-0.00338982,0E-8,0.000000,0.904812,0.002133,0.03111404,2026-03-21,2026-08-06,120,3733,1703,139,0.863309,1.227414,1.154177,1.073473,,,,,,,,GLOBAL_BASELINE_NO_ENTITY_RANKING,,,NOT_APPLICABLE_GLOBAL_BASELINE,HF9g-P5,,,,X 全窗基线 · 不参与实体赏罚,15054280,1506,A168_HF9F_20260827_0900,2026-08-27 09:00:00
2026-08-03,127529701,994,0,709.6807335682,113.0146662214,113.0146662214,0.5238095,24,23,0.49135363478260870,0.488367780435,0.2975076228723817,0.32491688350360964,0.2975076228723817,0.00298585434760870,ELIGIBLE,R03b_20260811_FULL_v1,L1_ELIGIBILITY,v2026-08-11,2026-03-21..2026-08-06,baccarat_bet02_101_all_pairs_incl_sentinel,round_win = game_pnl > 0 (decisive only),COMPATIBILITY_ONLY_NOT_PRODUCTION,557989.4742,504875.3716,9878.7574,24851,24505,-0.01770420,0.00338982,-0.02772422,-0.01770420,-9878.7574,557989.4742,OK,0.0000,395.1503,4.0000,96.0000,AG03-UNRESOLVED,ALL5_LEVELS_bet23_to_bet27,395.1503,395.1503,395.1503,0.0000,0.0000,4.000000,4.000000,4.000000,0.000000,0.000000,96.000000,96.000000,96.000000,100.000000,100.000000,5.0,1185.4509,1138.6651,8693.3065,8740.0923,PENDING_AG03,FALSE,NOT_FOR_ENFORCEMENT,9483.6071,484680.3568,9878.7574,9483.6071,395.1503,0.01770420,0.01699603,395.1503,9483.6071,0.01699603,395.1503,395.1503,395.1503,0.0000,0.0000,9483.6071,0.01699603,1185.4509,1138.6651,8693.3065,8740.0923,0.01557970,0.01566354,0.00070817,22.4534,20.6030,0.4031,82.3230,2.6463,4649.9123,204.2083,25.9152,21.1137,12.8578,14.5296,26.176,48.8436,54.2173,102.8621,13.088,0.0,3.731508,7.079487,1.545355,30,207,63,6,0.32204186,0.01770420,-0.00338982,0E-8,0.000000,0.904812,0.002133,0.03111404,2026-03-21,2026-08-06,120,3733,1703,139,0.863309,1.227414,1.154177,1.073473,,,,,,,,GLOBAL_BASELINE_NO_ENTITY_RANKING,,,NOT_APPLICABLE_GLOBAL_BASELINE,HF9g-P5,,,,X 全窗基线 · 不参与实体赏罚,15054281,1506,A168_HF9F_20260827_0900,2026-08-27 09:00:00
2026-08-04,127529701,-1,1,544.5252099764,-165.7334394987,-165.7334394987,0.3125000,21,21,0.50345898571428571,0.503458985714,-1.5277084429380825,-1.5277084429357906,-1.5277084429380825,2.8571E-13,SENTINEL_DEALER,R03b_20260811_FULL_v1,L1_ELIGIBILITY,v2026-08-11,2026-03-21..2026-08-06,baccarat_bet02_101_all_pairs_incl_sentinel,round_win = game_pnl > 0 (decisive only),COMPATIBILITY_ONLY_NOT_PRODUCTION,557989.4742,504875.3716,9878.7574,24851,24505,-0.01770420,0.00338982,-0.02772422,-0.01770420,-9878.7574,557989.4742,OK,0.0000,395.1503,4.0000,96.0000,AG03-UNRESOLVED,ALL5_LEVELS_bet23_to_bet27,395.1503,395.1503,395.1503,0.0000,0.0000,4.000000,4.000000,4.000000,0.000000,0.000000,96.000000,96.000000,96.000000,100.000000,100.000000,5.0,1185.4509,1138.6651,8693.3065,8740.0923,PENDING_AG03,FALSE,NOT_FOR_ENFORCEMENT,9483.6071,484680.3568,9878.7574,9483.6071,395.1503,0.01770420,0.01699603,395.1503,9483.6071,0.01699603,395.1503,395.1503,395.1503,0.0000,0.0000,9483.6071,0.01699603,1185.4509,1138.6651,8693.3065,8740.0923,0.01557970,0.01566354,0.00070817,22.4534,20.6030,0.4031,82.3230,2.6463,4649.9123,204.2083,25.9152,21.1137,12.8578,14.5296,26.176,48.8436,54.2173,102.8621,13.088,0.0,3.731508,7.079487,1.545355,30,207,63,6,0.32204186,0.01770420,-0.00338982,0E-8,0.000000,0.904812,0.002133,0.03111404,2026-03-21,2026-08-06,120,3733,1703,139,0.863309,1.227414,1.154177,1.073473,,,,,,,,GLOBAL_BASELINE_NO_ENTITY_RANKING,,,NOT_APPLICABLE_GLOBAL_BASELINE,HF9g-P5,,,,X 全窗基线 · 不参与实体赏罚,15054282,1506,A168_HF9F_20260827_0900,2026-08-27 09:00:00
2026-08-04,127529701,1007,0,177.7412477849,-25.5567256570,-25.5567256570,0.4000000,6,5,0.48068622500000000,0.460083830000,-0.36110927180085467,-0.2695634206013008,-0.36110927180085467,0.02060239500000000,ELIGIBLE,R03b_20260811_FULL_v1,L1_ELIGIBILITY,v2026-08-11,2026-03-21..2026-08-06,baccarat_bet02_101_all_pairs_incl_sentinel,round_win = game_pnl > 0 (decisive only),COMPATIBILITY_ONLY_NOT_PRODUCTION,557989.4742,504875.3716,9878.7574,24851,24505,-0.01770420,0.00338982,-0.02772422,-0.01770420,-9878.7574,557989.4742,OK,0.0000,395.1503,4.0000,96.0000,AG03-UNRESOLVED,ALL5_LEVELS_bet23_to_bet27,395.1503,395.1503,395.1503,0.0000,0.0000,4.000000,4.000000,4.000000,0.000000,0.000000,96.000000,96.000000,96.000000,100.000000,100.000000,5.0,1185.4509,1138.6651,8693.3065,8740.0923,PENDING_AG03,FALSE,NOT_FOR_ENFORCEMENT,9483.6071,484680.3568,9878.7574,9483.6071,395.1503,0.01770420,0.01699603,395.1503,9483.6071,0.01699603,395.1503,395.1503,395.1503,0.0000,0.0000,9483.6071,0.01699603,1185.4509,1138.6651,8693.3065,8740.0923,0.01557970,0.01566354,0.00070817,22.4534,20.6030,0.4031,82.3230,2.6463,4649.9123,204.2083,25.9152,21.1137,12.8578,14.5296,26.176,48.8436,54.2173,102.8621,13.088,0.0,3.731508,7.079487,1.545355,30,207,63,6,0.32204186,0.01770420,-0.00338982,0E-8,0.000000,0.904812,0.002133,0.03111404,2026-03-21,2026-08-06,120,3733,1703,139,0.863309,1.227414,1.154177,1.073473,,,,,,,,GLOBAL_BASELINE_NO_ENTITY_RANKING,,,NOT_APPLICABLE_GLOBAL_BASELINE,HF9g-P5,,,,X 全窗基线 · 不参与实体赏罚,15054283,1506,A168_HF9F_20260827_0900,2026-08-27 09:00:00
2026-08-04,127529701,1017,0,281.2524079832,61.0022346080,61.0022346080,0.6000000,17,17,0.49955382941176471,0.499553829412,0.7780530015283622,0.7780530015265392,0.7780530015283622,-2.3529E-13,ELIGIBLE,R03b_20260811_FULL_v1,L1_ELIGIBILITY,v2026-08-11,2026-03-21..2026-08-06,baccarat_bet02_101_all_pairs_incl_sentinel,round_win = game_pnl > 0 (decisive only),COMPATIBILITY_ONLY_NOT_PRODUCTION,557989.4742,504875.3716,9878.7574,24851,24505,-0.01770420,0.00338982,-0.02772422,-0.01770420,-9878.7574,557989.4742,OK,0.0000,395.1503,4.0000,96.0000,AG03-UNRESOLVED,ALL5_LEVELS_bet23_to_bet27,395.1503,395.1503,395.1503,0.0000,0.0000,4.000000,4.000000,4.000000,0.000000,0.000000,96.000000,96.000000,96.000000,100.000000,100.000000,5.0,1185.4509,1138.6651,8693.3065,8740.0923,PENDING_AG03,FALSE,NOT_FOR_ENFORCEMENT,9483.6071,484680.3568,9878.7574,9483.6071,395.1503,0.01770420,0.01699603,395.1503,9483.6071,0.01699603,395.1503,395.1503,395.1503,0.0000,0.0000,9483.6071,0.01699603,1185.4509,1138.6651,8693.3065,8740.0923,0.01557970,0.01566354,0.00070817,22.4534,20.6030,0.4031,82.3230,2.6463,4649.9123,204.2083,25.9152,21.1137,12.8578,14.5296,26.176,48.8436,54.2173,102.8621,13.088,0.0,3.731508,7.079487,1.545355,30,207,63,6,0.32204186,0.01770420,-0.00338982,0E-8,0.000000,0.904812,0.002133,0.03111404,2026-03-21,2026-08-06,120,3733,1703,139,0.863309,1.227414,1.154177,1.073473,,,,,,,,GLOBAL_BASELINE_NO_ENTITY_RANKING,,,NOT_APPLICABLE_GLOBAL_BASELINE,HF9g-P5,,,,X 全窗基线 · 不参与实体赏罚,15054284,1506,A168_HF9F_20260827_0900,2026-08-27 09:00:00
2026-08-04,127529701,1151,0,64.2128785350,12.8425757070,12.8425757070,0.6666667,3,3,0.49771390000000000,0.497713900000,0.5852756695216578,0.5852756695216578,0.5852756695216578,0E-17,ELIGIBLE,R03b_20260811_FULL_v1,L1_ELIGIBILITY,v2026-08-11,2026-03-21..2026-08-06,baccarat_bet02_101_all_pairs_incl_sentinel,round_win = game_pnl > 0 (decisive only),COMPATIBILITY_ONLY_NOT_PRODUCTION,557989.4742,504875.3716,9878.7574,24851,24505,-0.01770420,0.00338982,-0.02772422,-0.01770420,-9878.7574,557989.4742,OK,0.0000,395.1503,4.0000,96.0000,AG03-UNRESOLVED,ALL5_LEVELS_bet23_to_bet27,395.1503,395.1503,395.1503,0.0000,0.0000,4.000000,4.000000,4.000000,0.000000,0.000000,96.000000,96.000000,96.000000,100.000000,100.000000,5.0,1185.4509,1138.6651,8693.3065,8740.0923,PENDING_AG03,FALSE,NOT_FOR_ENFORCEMENT,9483.6071,484680.3568,9878.7574,9483.6071,395.1503,0.01770420,0.01699603,395.1503,9483.6071,0.01699603,395.1503,395.1503,395.1503,0.0000,0.0000,9483.6071,0.01699603,1185.4509,1138.6651,8693.3065,8740.0923,0.01557970,0.01566354,0.00070817,22.4534,20.6030,0.4031,82.3230,2.6463,4649.9123,204.2083,25.9152,21.1137,12.8578,14.5296,26.176,48.8436,54.2173,102.8621,13.088,0.0,3.731508,7.079487,1.545355,30,207,63,6,0.32204186,0.01770420,-0.00338982,0E-8,0.000000,0.904812,0.002133,0.03111404,2026-03-21,2026-08-06,120,3733,1703,139,0.863309,1.227414,1.154177,1.073473,,,,,,,,GLOBAL_BASELINE_NO_ENTITY_RANKING,,,NOT_APPLICABLE_GLOBAL_BASELINE,HF9g-P5,,,,X 全窗基线 · 不参与实体赏罚,15054285,1506,A168_HF9F_20260827_0900,2026-08-27 09:00:00
2026-08-04,127529701,1157,0,61.6443633936,19.7775665888,19.7775665888,0.6666667,3,3,0.50218230000000000,0.502182300000,0.5697959874915163,0.5697959874915164,0.5697959874915163,0E-17,ELIGIBLE,R03b_20260811_FULL_v1,L1_ELIGIBILITY,v2026-08-11,2026-03-21..2026-08-06,baccarat_bet02_101_all_pairs_incl_sentinel,round_win = game_pnl > 0 (decisive only),COMPATIBILITY_ONLY_NOT_PRODUCTION,557989.4742,504875.3716,9878.7574,24851,24505,-0.01770420,0.00338982,-0.02772422,-0.01770420,-9878.7574,557989.4742,OK,0.0000,395.1503,4.0000,96.0000,AG03-UNRESOLVED,ALL5_LEVELS_bet23_to_bet27,395.1503,395.1503,395.1503,0.0000,0.0000,4.000000,4.000000,4.000000,0.000000,0.000000,96.000000,96.000000,96.000000,100.000000,100.000000,5.0,1185.4509,1138.6651,8693.3065,8740.0923,PENDING_AG03,FALSE,NOT_FOR_ENFORCEMENT,9483.6071,484680.3568,9878.7574,9483.6071,395.1503,0.01770420,0.01699603,395.1503,9483.6071,0.01699603,395.1503,395.1503,395.1503,0.0000,0.0000,9483.6071,0.01699603,1185.4509,1138.6651,8693.3065,8740.0923,0.01557970,0.01566354,0.00070817,22.4534,20.6030,0.4031,82.3230,2.6463,4649.9123,204.2083,25.9152,21.1137,12.8578,14.5296,26.176,48.8436,54.2173,102.8621,13.088,0.0,3.731508,7.079487,1.545355,30,207,63,6,0.32204186,0.01770420,-0.00338982,0E-8,0.000000,0.904812,0.002133,0.03111404,2026-03-21,2026-08-06,120,3733,1703,139,0.863309,1.227414,1.154177,1.073473,,,,,,,,GLOBAL_BASELINE_NO_ENTITY_RANKING,,,NOT_APPLICABLE_GLOBAL_BASELINE,HF9g-P5,,,,X 全窗基线 · 不参与实体赏罚,15054286,1506,A168_HF9F_20260827_0900,2026-08-27 09:00:00
2026-08-04,127529701,1307,0,141.5251842911,-51.1134513139,-51.1134513139,0.3750000,8,8,0.50162375000000000,0.501623750000,-0.7162958754040458,-0.7162958754040458,-0.7162958754040458,0E-17,ELIGIBLE,R03b_20260811_FULL_v1,L1_ELIGIBILITY,v2026-08-11,2026-03-21..2026-08-06,baccarat_bet02_101_all_pairs_incl_sentinel,round_win = game_pnl > 0 (decisive only),COMPATIBILITY_ONLY_NOT_PRODUCTION,557989.4742,504875.3716,9878.7574,24851,24505,-0.01770420,0.00338982,-0.02772422,-0.01770420,-9878.7574,557989.4742,OK,0.0000,395.1503,4.0000,96.0000,AG03-UNRESOLVED,ALL5_LEVELS_bet23_to_bet27,395.1503,395.1503,395.1503,0.0000,0.0000,4.000000,4.000000,4.000000,0.000000,0.000000,96.000000,96.000000,96.000000,100.000000,100.000000,5.0,1185.4509,1138.6651,8693.3065,8740.0923,PENDING_AG03,FALSE,NOT_FOR_ENFORCEMENT,9483.6071,484680.3568,9878.7574,9483.6071,395.1503,0.01770420,0.01699603,395.1503,9483.6071,0.01699603,395.1503,395.1503,395.1503,0.0000,0.0000,9483.6071,0.01699603,1185.4509,1138.6651,8693.3065,8740.0923,0.01557970,0.01566354,0.00070817,22.4534,20.6030,0.4031,82.3230,2.6463,4649.9123,204.2083,25.9152,21.1137,12.8578,14.5296,26.176,48.8436,54.2173,102.8621,13.088,0.0,3.731508,7.079487,1.545355,30,207,63,6,0.32204186,0.01770420,-0.00338982,0E-8,0.000000,0.904812,0.002133,0.03111404,2026-03-21,2026-08-06,120,3733,1703,139,0.863309,1.227414,1.154177,1.073473,,,,,,,,GLOBAL_BASELINE_NO_ENTITY_RANKING,,,NOT_APPLICABLE_GLOBAL_BASELINE,HF9g-P5,,,,X 全窗基线 · 不参与实体赏罚,15054287,1506,A168_HF9F_20260827_0900,2026-08-27 09:00:00
2026-08-04,127529701,1323,0,105.0522692832,37.6929597000,37.6929597000,0.8000000,7,7,0.50473567142857143,0.504735671429,1.3205214509316394,1.3205214509297334,1.3205214509316394,-4.2857E-13,ELIGIBLE,R03b_20260811_FULL_v1,L1_ELIGIBILITY,v2026-08-11,2026-03-21..2026-08-06,baccarat_bet02_101_all_pairs_incl_sentinel,round_win = game_pnl > 0 (decisive only),COMPATIBILITY_ONLY_NOT_PRODUCTION,557989.4742,504875.3716,9878.7574,24851,24505,-0.01770420,0.00338982,-0.02772422,-0.01770420,-9878.7574,557989.4742,OK,0.0000,395.1503,4.0000,96.0000,AG03-UNRESOLVED,ALL5_LEVELS_bet23_to_bet27,395.1503,395.1503,395.1503,0.0000,0.0000,4.000000,4.000000,4.000000,0.000000,0.000000,96.000000,96.000000,96.000000,100.000000,100.000000,5.0,1185.4509,1138.6651,8693.3065,8740.0923,PENDING_AG03,FALSE,NOT_FOR_ENFORCEMENT,9483.6071,484680.3568,9878.7574,9483.6071,395.1503,0.01770420,0.01699603,395.1503,9483.6071,0.01699603,395.1503,395.1503,395.1503,0.0000,0.0000,9483.6071,0.01699603,1185.4509,1138.6651,8693.3065,8740.0923,0.01557970,0.01566354,0.00070817,22.4534,20.6030,0.4031,82.3230,2.6463,4649.9123,204.2083,25.9152,21.1137,12.8578,14.5296,26.176,48.8436,54.2173,102.8621,13.088,0.0,3.731508,7.079487,1.545355,30,207,63,6,0.32204186,0.01770420,-0.00338982,0E-8,0.000000,0.904812,0.002133,0.03111404,2026-03-21,2026-08-06,120,3733,1703,139,0.863309,1.227414,1.154177,1.073473,,,,,,,,GLOBAL_BASELINE_NO_ENTITY_RANKING,,,NOT_APPLICABLE_GLOBAL_BASELINE,HF9g-P5,,,,X 全窗基线 · 不参与实体赏罚,15054288,1506,A168_HF9F_20260827_0900,2026-08-27 09:00:00
2026-08-04,127529701,1330,0,51.3703028280,48.8017876865,48.8017876865,1.0000000,2,2,0.50665070000000000,0.506650700000,1.3955260008387969,1.3955260008387969,1.3955260008387969,0E-17,ELIGIBLE,R03b_20260811_FULL_v1,L1_ELIGIBILITY,v2026-08-11,2026-03-21..2026-08-06,baccarat_bet02_101_all_pairs_incl_sentinel,round_win = game_pnl > 0 (decisive only),COMPATIBILITY_ONLY_NOT_PRODUCTION,557989.4742,504875.3716,9878.7574,24851,24505,-0.01770420,0.00338982,-0.02772422,-0.01770420,-9878.7574,557989.4742,OK,0.0000,395.1503,4.0000,96.0000,AG03-UNRESOLVED,ALL5_LEVELS_bet23_to_bet27,395.1503,395.1503,395.1503,0.0000,0.0000,4.000000,4.000000,4.000000,0.000000,0.000000,96.000000,96.000000,96.000000,100.000000,100.000000,5.0,1185.4509,1138.6651,8693.3065,8740.0923,PENDING_AG03,FALSE,NOT_FOR_ENFORCEMENT,9483.6071,484680.3568,9878.7574,9483.6071,395.1503,0.01770420,0.01699603,395.1503,9483.6071,0.01699603,395.1503,395.1503,395.1503,0.0000,0.0000,9483.6071,0.01699603,1185.4509,1138.6651,8693.3065,8740.0923,0.01557970,0.01566354,0.00070817,22.4534,20.6030,0.4031,82.3230,2.6463,4649.9123,204.2083,25.9152,21.1137,12.8578,14.5296,26.176,48.8436,54.2173,102.8621,13.088,0.0,3.731508,7.079487,1.545355,30,207,63,6,0.32204186,0.01770420,-0.00338982,0E-8,0.000000,0.904812,0.002133,0.03111404,2026-03-21,2026-08-06,120,3733,1703,139,0.863309,1.227414,1.154177,1.073473,,,,,,,,GLOBAL_BASELINE_NO_ENTITY_RANKING,,,NOT_APPLICABLE_GLOBAL_BASELINE,HF9g-P5,,,,X 全窗基线 · 不参与实体赏罚,15054289,1506,A168_HF9F_20260827_0900,2026-08-27 09:00:00
2026-08-04,127529701,1363,0,64.2128785350,-25.6851514140,-25.6851514140,0E-7,3,3,0.49771390000000000,0.497713900000,-1.4077622098436522,-1.4077622098436524,-1.4077622098436522,0E-17,ELIGIBLE,R03b_20260811_FULL_v1,L1_ELIGIBILITY,v2026-08-11,2026-03-21..2026-08-06,baccarat_bet02_101_all_pairs_incl_sentinel,round_win = game_pnl > 0 (decisive only),COMPATIBILITY_ONLY_NOT_PRODUCTION,557989.4742,504875.3716,9878.7574,24851,24505,-0.01770420,0.00338982,-0.02772422,-0.01770420,-9878.7574,557989.4742,OK,0.0000,395.1503,4.0000,96.0000,AG03-UNRESOLVED,ALL5_LEVELS_bet23_to_bet27,395.1503,395.1503,395.1503,0.0000,0.0000,4.000000,4.000000,4.000000,0.000000,0.000000,96.000000,96.000000,96.000000,100.000000,100.000000,5.0,1185.4509,1138.6651,8693.3065,8740.0923,PENDING_AG03,FALSE,NOT_FOR_ENFORCEMENT,9483.6071,484680.3568,9878.7574,9483.6071,395.1503,0.01770420,0.01699603,395.1503,9483.6071,0.01699603,395.1503,395.1503,395.1503,0.0000,0.0000,9483.6071,0.01699603,1185.4509,1138.6651,8693.3065,8740.0923,0.01557970,0.01566354,0.00070817,22.4534,20.6030,0.4031,82.3230,2.6463,4649.9123,204.2083,25.9152,21.1137,12.8578,14.5296,26.176,48.8436,54.2173,102.8621,13.088,0.0,3.731508,7.079487,1.545355,30,207,63,6,0.32204186,0.01770420,-0.00338982,0E-8,0.000000,0.904812,0.002133,0.03111404,2026-03-21,2026-08-06,120,3733,1703,139,0.863309,1.227414,1.154177,1.073473,,,,,,,,GLOBAL_BASELINE_NO_ENTITY_RANKING,,,NOT_APPLICABLE_GLOBAL_BASELINE,HF9g-P5,,,,X 全窗基线 · 不参与实体赏罚,15054290,1506,A168_HF9F_20260827_0900,2026-08-27 09:00:00
2026-08-04,127529701,1382,0,33.3906968382,32.3632907816,32.3632907816,1.0000000,2,2,0.49994810000000000,0.499948100000,1.4143603653603398,1.4143603653603398,1.4143603653603398,0E-17,ELIGIBLE,R03b_20260811_FULL_v1,L1_ELIGIBILITY,v2026-08-11,2026-03-21..2026-08-06,baccarat_bet02_101_all_pairs_incl_sentinel,round_win = game_pnl > 0 (decisive only),COMPATIBILITY_ONLY_NOT_PRODUCTION,557989.4742,504875.3716,9878.7574,24851,24505,-0.01770420,0.00338982,-0.02772422,-0.01770420,-9878.7574,557989.4742,OK,0.0000,395.1503,4.0000,96.0000,AG03-UNRESOLVED,ALL5_LEVELS_bet23_to_bet27,395.1503,395.1503,395.1503,0.0000,0.0000,4.000000,4.000000,4.000000,0.000000,0.000000,96.000000,96.000000,96.000000,100.000000,100.000000,5.0,1185.4509,1138.6651,8693.3065,8740.0923,PENDING_AG03,FALSE,NOT_FOR_ENFORCEMENT,9483.6071,484680.3568,9878.7574,9483.6071,395.1503,0.01770420,0.01699603,395.1503,9483.6071,0.01699603,395.1503,395.1503,395.1503,0.0000,0.0000,9483.6071,0.01699603,1185.4509,1138.6651,8693.3065,8740.0923,0.01557970,0.01566354,0.00070817,22.4534,20.6030,0.4031,82.3230,2.6463,4649.9123,204.2083,25.9152,21.1137,12.8578,14.5296,26.176,48.8436,54.2173,102.8621,13.088,0.0,3.731508,7.079487,1.545355,30,207,63,6,0.32204186,0.01770420,-0.00338982,0E-8,0.000000,0.904812,0.002133,0.03111404,2026-03-21,2026-08-06,120,3733,1703,139,0.863309,1.227414,1.154177,1.073473,,,,,,,,GLOBAL_BASELINE_NO_ENTITY_RANKING,,,NOT_APPLICABLE_GLOBAL_BASELINE,HF9g-P5,,,,X 全窗基线 · 不参与实体赏罚,15054291,1506,A168_HF9F_20260827_0900,2026-08-27 09:00:00
2026-08-04,127529701,1384,0,388.1026378651,95.1378008374,95.1378008374,0.6363636,13,13,0.50046368461538462,0.500463684615,0.9014586855861977,0.9014586855887482,0.9014586855861977,3.8462E-13,ELIGIBLE,R03b_20260811_FULL_v1,L1_ELIGIBILITY,v2026-08-11,2026-03-21..2026-08-06,baccarat_bet02_101_all_pairs_incl_sentinel,round_win = game_pnl > 0 (decisive only),COMPATIBILITY_ONLY_NOT_PRODUCTION,557989.4742,504875.3716,9878.7574,24851,24505,-0.01770420,0.00338982,-0.02772422,-0.01770420,-9878.7574,557989.4742,OK,0.0000,395.1503,4.0000,96.0000,AG03-UNRESOLVED,ALL5_LEVELS_bet23_to_bet27,395.1503,395.1503,395.1503,0.0000,0.0000,4.000000,4.000000,4.000000,0.000000,0.000000,96.000000,96.000000,96.000000,100.000000,100.000000,5.0,1185.4509,1138.6651,8693.3065,8740.0923,PENDING_AG03,FALSE,NOT_FOR_ENFORCEMENT,9483.6071,484680.3568,9878.7574,9483.6071,395.1503,0.01770420,0.01699603,395.1503,9483.6071,0.01699603,395.1503,395.1503,395.1503,0.0000,0.0000,9483.6071,0.01699603,1185.4509,1138.6651,8693.3065,8740.0923,0.01557970,0.01566354,0.00070817,22.4534,20.6030,0.4031,82.3230,2.6463,4649.9123,204.2083,25.9152,21.1137,12.8578,14.5296,26.176,48.8436,54.2173,102.8621,13.088,0.0,3.731508,7.079487,1.545355,30,207,63,6,0.32204186,0.01770420,-0.00338982,0E-8,0.000000,0.904812,0.002133,0.03111404,2026-03-21,2026-08-06,120,3733,1703,139,0.863309,1.227414,1.154177,1.073473,,,,,,,,GLOBAL_BASELINE_NO_ENTITY_RANKING,,,NOT_APPLICABLE_GLOBAL_BASELINE,HF9g-P5,,,,X 全窗基线 · 不参与实体赏罚,15054292,1506,A168_HF9F_20260827_0900,2026-08-27 09:00:00
2026-08-04,127529701,1385,0,138.6998176355,-12.8425757071,-12.8425757071,0.3333333,6,6,0.50218230000000000,0.502182300000,-0.8271955028234007,-0.8271955028234007,-0.8271955028234007,0E-17,ELIGIBLE,R03b_20260811_FULL_v1,L1_ELIGIBILITY,v2026-08-11,2026-03-21..2026-08-06,baccarat_bet02_101_all_pairs_incl_sentinel,round_win = game_pnl > 0 (decisive only),COMPATIBILITY_ONLY_NOT_PRODUCTION,557989.4742,504875.3716,9878.7574,24851,24505,-0.01770420,0.00338982,-0.02772422,-0.01770420,-9878.7574,557989.4742,OK,0.0000,395.1503,4.0000,96.0000,AG03-UNRESOLVED,ALL5_LEVELS_bet23_to_bet27,395.1503,395.1503,395.1503,0.0000,0.0000,4.000000,4.000000,4.000000,0.000000,0.000000,96.000000,96.000000,96.000000,100.000000,100.000000,5.0,1185.4509,1138.6651,8693.3065,8740.0923,PENDING_AG03,FALSE,NOT_FOR_ENFORCEMENT,9483.6071,484680.3568,9878.7574,9483.6071,395.1503,0.01770420,0.01699603,395.1503,9483.6071,0.01699603,395.1503,395.1503,395.1503,0.0000,0.0000,9483.6071,0.01699603,1185.4509,1138.6651,8693.3065,8740.0923,0.01557970,0.01566354,0.00070817,22.4534,20.6030,0.4031,82.3230,2.6463,4649.9123,204.2083,25.9152,21.1137,12.8578,14.5296,26.176,48.8436,54.2173,102.8621,13.088,0.0,3.731508,7.079487,1.545355,30,207,63,6,0.32204186,0.01770420,-0.00338982,0E-8,0.000000,0.904812,0.002133,0.03111404,2026-03-21,2026-08-06,120,3733,1703,139,0.863309,1.227414,1.154177,1.073473,,,,,,,,GLOBAL_BASELINE_NO_ENTITY_RANKING,,,NOT_APPLICABLE_GLOBAL_BASELINE,HF9g-P5,,,,X 全窗基线 · 不参与实体赏罚,15054293,1506,A168_HF9F_20260827_0900,2026-08-27 09:00:00
2026-08-04,127529701,1645,0,68.0656512471,14.5763234274,14.5763234274,0.5000000,4,4,0.49994810000000000,0.499948100000,0.00020760000111838688,0.00020760000111838688,0.00020760000111838688,0E-17,ELIGIBLE,R03b_20260811_FULL_v1,L1_ELIGIBILITY,v2026-08-11,2026-03-21..2026-08-06,baccarat_bet02_101_all_pairs_incl_sentinel,round_win = game_pnl > 0 (decisive only),COMPATIBILITY_ONLY_NOT_PRODUCTION,557989.4742,504875.3716,9878.7574,24851,24505,-0.01770420,0.00338982,-0.02772422,-0.01770420,-9878.7574,557989.4742,OK,0.0000,395.1503,4.0000,96.0000,AG03-UNRESOLVED,ALL5_LEVELS_bet23_to_bet27,395.1503,395.1503,395.1503,0.0000,0.0000,4.000000,4.000000,4.000000,0.000000,0.000000,96.000000,96.000000,96.000000,100.000000,100.000000,5.0,1185.4509,1138.6651,8693.3065,8740.0923,PENDING_AG03,FALSE,NOT_FOR_ENFORCEMENT,9483.6071,484680.3568,9878.7574,9483.6071,395.1503,0.01770420,0.01699603,395.1503,9483.6071,0.01699603,395.1503,395.1503,395.1503,0.0000,0.0000,9483.6071,0.01699603,1185.4509,1138.6651,8693.3065,8740.0923,0.01557970,0.01566354,0.00070817,22.4534,20.6030,0.4031,82.3230,2.6463,4649.9123,204.2083,25.9152,21.1137,12.8578,14.5296,26.176,48.8436,54.2173,102.8621,13.088,0.0,3.731508,7.079487,1.545355,30,207,63,6,0.32204186,0.01770420,-0.00338982,0E-8,0.000000,0.904812,0.002133,0.03111404,2026-03-21,2026-08-06,120,3733,1703,139,0.863309,1.227414,1.154177,1.073473,,,,,,,,GLOBAL_BASELINE_NO_ENTITY_RANKING,,,NOT_APPLICABLE_GLOBAL_BASELINE,HF9g-P5,,,,X 全窗基线 · 不参与实体赏罚,15054294,1506,A168_HF9F_20260827_0900,2026-08-27 09:00:00
2026-08-04,127529701,1646,0,167.9808902475,60.6169573371,60.6169573371,0.6666667,7,7,0.50282064285714286,0.502820642857,0.802691081998535,0.8026910819992337,0.802691081998535,1.4286E-13,ELIGIBLE,R03b_20260811_FULL_v1,L1_ELIGIBILITY,v2026-08-11,2026-03-21..2026-08-06,baccarat_bet02_101_all_pairs_incl_sentinel,round_win = game_pnl > 0 (decisive only),COMPATIBILITY_ONLY_NOT_PRODUCTION,557989.4742,504875.3716,9878.7574,24851,24505,-0.01770420,0.00338982,-0.02772422,-0.01770420,-9878.7574,557989.4742,OK,0.0000,395.1503,4.0000,96.0000,AG03-UNRESOLVED,ALL5_LEVELS_bet23_to_bet27,395.1503,395.1503,395.1503,0.0000,0.0000,4.000000,4.000000,4.000000,0.000000,0.000000,96.000000,96.000000,96.000000,100.000000,100.000000,5.0,1185.4509,1138.6651,8693.3065,8740.0923,PENDING_AG03,FALSE,NOT_FOR_ENFORCEMENT,9483.6071,484680.3568,9878.7574,9483.6071,395.1503,0.01770420,0.01699603,395.1503,9483.6071,0.01699603,395.1503,395.1503,395.1503,0.0000,0.0000,9483.6071,0.01699603,1185.4509,1138.6651,8693.3065,8740.0923,0.01557970,0.01566354,0.00070817,22.4534,20.6030,0.4031,82.3230,2.6463,4649.9123,204.2083,25.9152,21.1137,12.8578,14.5296,26.176,48.8436,54.2173,102.8621,13.088,0.0,3.731508,7.079487,1.545355,30,207,63,6,0.32204186,0.01770420,-0.00338982,0E-8,0.000000,0.904812,0.002133,0.03111404,2026-03-21,2026-08-06,120,3733,1703,139,0.863309,1.227414,1.154177,1.073473,,,,,,,,GLOBAL_BASELINE_NO_ENTITY_RANKING,,,NOT_APPLICABLE_GLOBAL_BASELINE,HF9g-P5,,,,X 全窗基线 · 不参与实体赏罚,15054295,1506,A168_HF9F_20260827_0900,2026-08-27 09:00:00
2026-08-04,127529701,1687,0,106.5933783680,28.2536665553,28.2536665553,0.5000000,4,4,0.50329940000000000,0.503299400000,-0.01319788734859681,-0.01319788734859681,-0.01319788734859681,0E-17,ELIGIBLE,R03b_20260811_FULL_v1,L1_ELIGIBILITY,v2026-08-11,2026-03-21..2026-08-06,baccarat_bet02_101_all_pairs_incl_sentinel,round_win = game_pnl > 0 (decisive only),COMPATIBILITY_ONLY_NOT_PRODUCTION,557989.4742,504875.3716,9878.7574,24851,24505,-0.01770420,0.00338982,-0.02772422,-0.01770420,-9878.7574,557989.4742,OK,0.0000,395.1503,4.0000,96.0000,AG03-UNRESOLVED,ALL5_LEVELS_bet23_to_bet27,395.1503,395.1503,395.1503,0.0000,0.0000,4.000000,4.000000,4.000000,0.000000,0.000000,96.000000,96.000000,96.000000,100.000000,100.000000,5.0,1185.4509,1138.6651,8693.3065,8740.0923,PENDING_AG03,FALSE,NOT_FOR_ENFORCEMENT,9483.6071,484680.3568,9878.7574,9483.6071,395.1503,0.01770420,0.01699603,395.1503,9483.6071,0.01699603,395.1503,395.1503,395.1503,0.0000,0.0000,9483.6071,0.01699603,1185.4509,1138.6651,8693.3065,8740.0923,0.01557970,0.01566354,0.00070817,22.4534,20.6030,0.4031,82.3230,2.6463,4649.9123,204.2083,25.9152,21.1137,12.8578,14.5296,26.176,48.8436,54.2173,102.8621,13.088,0.0,3.731508,7.079487,1.545355,30,207,63,6,0.32204186,0.01770420,-0.00338982,0E-8,0.000000,0.904812,0.002133,0.03111404,2026-03-21,2026-08-06,120,3733,1703,139,0.863309,1.227414,1.154177,1.073473,,,,,,,,GLOBAL_BASELINE_NO_ENTITY_RANKING,,,NOT_APPLICABLE_GLOBAL_BASELINE,HF9g-P5,,,,X 全窗基线 · 不参与实体赏罚,15054296,1506,A168_HF9F_20260827_0900,2026-08-27 09:00:00
2026-08-04,127529701,1704,0,61.6443633936,23.1166362726,23.1166362726,0.5000000,3,3,0.49771390000000000,0.497713900000,0.006466134837551399,0.0064661348375514,0.006466134837551399,0E-17,ELIGIBLE,R03b_20260811_FULL_v1,L1_ELIGIBILITY,v2026-08-11,2026-03-21..2026-08-06,baccarat_bet02_101_all_pairs_incl_sentinel,round_win = game_pnl > 0 (decisive only),COMPATIBILITY_ONLY_NOT_PRODUCTION,557989.4742,504875.3716,9878.7574,24851,24505,-0.01770420,0.00338982,-0.02772422,-0.01770420,-9878.7574,557989.4742,OK,0.0000,395.1503,4.0000,96.0000,AG03-UNRESOLVED,ALL5_LEVELS_bet23_to_bet27,395.1503,395.1503,395.1503,0.0000,0.0000,4.000000,4.000000,4.000000,0.000000,0.000000,96.000000,96.000000,96.000000,100.000000,100.000000,5.0,1185.4509,1138.6651,8693.3065,8740.0923,PENDING_AG03,FALSE,NOT_FOR_ENFORCEMENT,9483.6071,484680.3568,9878.7574,9483.6071,395.1503,0.01770420,0.01699603,395.1503,9483.6071,0.01699603,395.1503,395.1503,395.1503,0.0000,0.0000,9483.6071,0.01699603,1185.4509,1138.6651,8693.3065,8740.0923,0.01557970,0.01566354,0.00070817,22.4534,20.6030,0.4031,82.3230,2.6463,4649.9123,204.2083,25.9152,21.1137,12.8578,14.5296,26.176,48.8436,54.2173,102.8621,13.088,0.0,3.731508,7.079487,1.545355,30,207,63,6,0.32204186,0.01770420,-0.00338982,0E-8,0.000000,0.904812,0.002133,0.03111404,2026-03-21,2026-08-06,120,3733,1703,139,0.863309,1.227414,1.154177,1.073473,,,,,,,,GLOBAL_BASELINE_NO_ENTITY_RANKING,,,NOT_APPLICABLE_GLOBAL_BASELINE,HF9g-P5,,,,X 全窗基线 · 不参与实体赏罚,15054297,1506,A168_HF9F_20260827_0900,2026-08-27 09:00:00
2026-08-04,127529701,1956,0,164.3849690495,93.8792284180,93.8792284180,0.7500000,5,5,0.50128862000000000,0.501288620000,0.9948488239810122,0.9948488239810122,0.9948488239810122,0E-17,ELIGIBLE,R03b_20260811_FULL_v1,L1_ELIGIBILITY,v2026-08-11,2026-03-21..2026-08-06,baccarat_bet02_101_all_pairs_incl_sentinel,round_win = game_pnl > 0 (decisive only),COMPATIBILITY_ONLY_NOT_PRODUCTION,557989.4742,504875.3716,9878.7574,24851,24505,-0.01770420,0.00338982,-0.02772422,-0.01770420,-9878.7574,557989.4742,OK,0.0000,395.1503,4.0000,96.0000,AG03-UNRESOLVED,ALL5_LEVELS_bet23_to_bet27,395.1503,395.1503,395.1503,0.0000,0.0000,4.000000,4.000000,4.000000,0.000000,0.000000,96.000000,96.000000,96.000000,100.000000,100.000000,5.0,1185.4509,1138.6651,8693.3065,8740.0923,PENDING_AG03,FALSE,NOT_FOR_ENFORCEMENT,9483.6071,484680.3568,9878.7574,9483.6071,395.1503,0.01770420,0.01699603,395.1503,9483.6071,0.01699603,395.1503,395.1503,395.1503,0.0000,0.0000,9483.6071,0.01699603,1185.4509,1138.6651,8693.3065,8740.0923,0.01557970,0.01566354,0.00070817,22.4534,20.6030,0.4031,82.3230,2.6463,4649.9123,204.2083,25.9152,21.1137,12.8578,14.5296,26.176,48.8436,54.2173,102.8621,13.088,0.0,3.731508,7.079487,1.545355,30,207,63,6,0.32204186,0.01770420,-0.00338982,0E-8,0.000000,0.904812,0.002133,0.03111404,2026-03-21,2026-08-06,120,3733,1703,139,0.863309,1.227414,1.154177,1.073473,,,,,,,,GLOBAL_BASELINE_NO_ENTITY_RANKING,,,NOT_APPLICABLE_GLOBAL_BASELINE,HF9g-P5,,,,X 全窗基线 · 不参与实体赏罚,15054298,1506,A168_HF9F_20260827_0900,2026-08-27 09:00:00
2026-08-04,127529701,2123,0,153.5972054557,47.5432152672,47.5432152672,0.5714286,7,7,0.49899058571428571,0.498990585714,0.38330657246501415,0.3833065724665265,0.38330657246501415,2.8571E-13,ELIGIBLE,R03b_20260811_FULL_v1,L1_ELIGIBILITY,v2026-08-11,2026-03-21..2026-08-06,baccarat_bet02_101_all_pairs_incl_sentinel,round_win = game_pnl > 0 (decisive only),COMPATIBILITY_ONLY_NOT_PRODUCTION,557989.4742,504875.3716,9878.7574,24851,24505,-0.01770420,0.00338982,-0.02772422,-0.01770420,-9878.7574,557989.4742,OK,0.0000,395.1503,4.0000,96.0000,AG03-UNRESOLVED,ALL5_LEVELS_bet23_to_bet27,395.1503,395.1503,395.1503,0.0000,0.0000,4.000000,4.000000,4.000000,0.000000,0.000000,96.000000,96.000000,96.000000,100.000000,100.000000,5.0,1185.4509,1138.6651,8693.3065,8740.0923,PENDING_AG03,FALSE,NOT_FOR_ENFORCEMENT,9483.6071,484680.3568,9878.7574,9483.6071,395.1503,0.01770420,0.01699603,395.1503,9483.6071,0.01699603,395.1503,395.1503,395.1503,0.0000,0.0000,9483.6071,0.01699603,1185.4509,1138.6651,8693.3065,8740.0923,0.01557970,0.01566354,0.00070817,22.4534,20.6030,0.4031,82.3230,2.6463,4649.9123,204.2083,25.9152,21.1137,12.8578,14.5296,26.176,48.8436,54.2173,102.8621,13.088,0.0,3.731508,7.079487,1.545355,30,207,63,6,0.32204186,0.01770420,-0.00338982,0E-8,0.000000,0.904812,0.002133,0.03111404,2026-03-21,2026-08-06,120,3733,1703,139,0.863309,1.227414,1.154177,1.073473,,,,,,,,GLOBAL_BASELINE_NO_ENTITY_RANKING,,,NOT_APPLICABLE_GLOBAL_BASELINE,HF9g-P5,,,,X 全窗基线 · 不参与实体赏罚,15054299,1506,A168_HF9F_20260827_0900,2026-08-27 09:00:00
2026-08-04,127529701,2127,0,339.8145532071,40.9678165052,40.9678165052,0.6153846,14,14,0.49994810000000000,0.499948100000,0.832424555044691,0.832424555044691,0.832424555044691,0E-17,ELIGIBLE,R03b_20260811_FULL_v1,L1_ELIGIBILITY,v2026-08-11,2026-03-21..2026-08-06,baccarat_bet02_101_all_pairs_incl_sentinel,round_win = game_pnl > 0 (decisive only),COMPATIBILITY_ONLY_NOT_PRODUCTION,557989.4742,504875.3716,9878.7574,24851,24505,-0.01770420,0.00338982,-0.02772422,-0.01770420,-9878.7574,557989.4742,OK,0.0000,395.1503,4.0000,96.0000,AG03-UNRESOLVED,ALL5_LEVELS_bet23_to_bet27,395.1503,395.1503,395.1503,0.0000,0.0000,4.000000,4.000000,4.000000,0.000000,0.000000,96.000000,96.000000,96.000000,100.000000,100.000000,5.0,1185.4509,1138.6651,8693.3065,8740.0923,PENDING_AG03,FALSE,NOT_FOR_ENFORCEMENT,9483.6071,484680.3568,9878.7574,9483.6071,395.1503,0.01770420,0.01699603,395.1503,9483.6071,0.01699603,395.1503,395.1503,395.1503,0.0000,0.0000,9483.6071,0.01699603,1185.4509,1138.6651,8693.3065,8740.0923,0.01557970,0.01566354,0.00070817,22.4534,20.6030,0.4031,82.3230,2.6463,4649.9123,204.2083,25.9152,21.1137,12.8578,14.5296,26.176,48.8436,54.2173,102.8621,13.088,0.0,3.731508,7.079487,1.545355,30,207,63,6,0.32204186,0.01770420,-0.00338982,0E-8,0.000000,0.904812,0.002133,0.03111404,2026-03-21,2026-08-06,120,3733,1703,139,0.863309,1.227414,1.154177,1.073473,,,,,,,,GLOBAL_BASELINE_NO_ENTITY_RANKING,,,NOT_APPLICABLE_GLOBAL_BASELINE,HF9g-P5,,,,X 全窗基线 · 不参与实体赏罚,15054300,1506,A168_HF9F_20260827_0900,2026-08-27 09:00:00
2026-08-04,127529701,2155,0,426.8872165003,-8.4760999666,-8.4760999666,0.6000000,17,17,0.49797674705882353,0.497976747059,0.7902751892265485,0.7902751892251805,0.7902751892265485,-1.7647E-13,ELIGIBLE,R03b_20260811_FULL_v1,L1_ELIGIBILITY,v2026-08-11,2026-03-21..2026-08-06,baccarat_bet02_101_all_pairs_incl_sentinel,round_win = game_pnl > 0 (decisive only),COMPATIBILITY_ONLY_NOT_PRODUCTION,557989.4742,504875.3716,9878.7574,24851,24505,-0.01770420,0.00338982,-0.02772422,-0.01770420,-9878.7574,557989.4742,OK,0.0000,395.1503,4.0000,96.0000,AG03-UNRESOLVED,ALL5_LEVELS_bet23_to_bet27,395.1503,395.1503,395.1503,0.0000,0.0000,4.000000,4.000000,4.000000,0.000000,0.000000,96.000000,96.000000,96.000000,100.000000,100.000000,5.0,1185.4509,1138.6651,8693.3065,8740.0923,PENDING_AG03,FALSE,NOT_FOR_ENFORCEMENT,9483.6071,484680.3568,9878.7574,9483.6071,395.1503,0.01770420,0.01699603,395.1503,9483.6071,0.01699603,395.1503,395.1503,395.1503,0.0000,0.0000,9483.6071,0.01699603,1185.4509,1138.6651,8693.3065,8740.0923,0.01557970,0.01566354,0.00070817,22.4534,20.6030,0.4031,82.3230,2.6463,4649.9123,204.2083,25.9152,21.1137,12.8578,14.5296,26.176,48.8436,54.2173,102.8621,13.088,0.0,3.731508,7.079487,1.545355,30,207,63,6,0.32204186,0.01770420,-0.00338982,0E-8,0.000000,0.904812,0.002133,0.03111404,2026-03-21,2026-08-06,120,3733,1703,139,0.863309,1.227414,1.154177,1.073473,,,,,,,,GLOBAL_BASELINE_NO_ENTITY_RANKING,,,NOT_APPLICABLE_GLOBAL_BASELINE,HF9g-P5,,,,X 全窗基线 · 不参与实体赏罚,15054301,1506,A168_HF9F_20260827_0900,2026-08-27 09:00:00
2026-08-04,127529701,2169,0,385.0204196955,10.5309120797,10.5309120797,0.4285714,7,7,0.44395665714285714,0.443956657143,-0.08192724740189584,-0.08192724740265393,-0.08192724740189584,-1.4286E-13,ELIGIBLE,R03b_20260811_FULL_v1,L1_ELIGIBILITY,v2026-08-11,2026-03-21..2026-08-06,baccarat_bet02_101_all_pairs_incl_sentinel,round_win = game_pnl > 0 (decisive only),COMPATIBILITY_ONLY_NOT_PRODUCTION,557989.4742,504875.3716,9878.7574,24851,24505,-0.01770420,0.00338982,-0.02772422,-0.01770420,-9878.7574,557989.4742,OK,0.0000,395.1503,4.0000,96.0000,AG03-UNRESOLVED,ALL5_LEVELS_bet23_to_bet27,395.1503,395.1503,395.1503,0.0000,0.0000,4.000000,4.000000,4.000000,0.000000,0.000000,96.000000,96.000000,96.000000,100.000000,100.000000,5.0,1185.4509,1138.6651,8693.3065,8740.0923,PENDING_AG03,FALSE,NOT_FOR_ENFORCEMENT,9483.6071,484680.3568,9878.7574,9483.6071,395.1503,0.01770420,0.01699603,395.1503,9483.6071,0.01699603,395.1503,395.1503,395.1503,0.0000,0.0000,9483.6071,0.01699603,1185.4509,1138.6651,8693.3065,8740.0923,0.01557970,0.01566354,0.00070817,22.4534,20.6030,0.4031,82.3230,2.6463,4649.9123,204.2083,25.9152,21.1137,12.8578,14.5296,26.176,48.8436,54.2173,102.8621,13.088,0.0,3.731508,7.079487,1.545355,30,207,63,6,0.32204186,0.01770420,-0.00338982,0E-8,0.000000,0.904812,0.002133,0.03111404,2026-03-21,2026-08-06,120,3733,1703,139,0.863309,1.227414,1.154177,1.073473,,,,,,,,GLOBAL_BASELINE_NO_ENTITY_RANKING,,,NOT_APPLICABLE_GLOBAL_BASELINE,HF9g-P5,,,,X 全窗基线 · 不参与实体赏罚,15054302,1506,A168_HF9F_20260827_0900,2026-08-27 09:00:00
2026-08-04,127529701,2170,0,47.2606786017,-21.5755271877,-21.5755271877,0E-7,3,3,0.50218230000000000,0.502182300000,-1.4203995680682369,-1.4203995680682369,-1.4203995680682369,0E-17,ELIGIBLE,R03b_20260811_FULL_v1,L1_ELIGIBILITY,v2026-08-11,2026-03-21..2026-08-06,baccarat_bet02_101_all_pairs_incl_sentinel,round_win = game_pnl > 0 (decisive only),COMPATIBILITY_ONLY_NOT_PRODUCTION,557989.4742,504875.3716,9878.7574,24851,24505,-0.01770420,0.00338982,-0.02772422,-0.01770420,-9878.7574,557989.4742,OK,0.0000,395.1503,4.0000,96.0000,AG03-UNRESOLVED,ALL5_LEVELS_bet23_to_bet27,395.1503,395.1503,395.1503,0.0000,0.0000,4.000000,4.000000,4.000000,0.000000,0.000000,96.000000,96.000000,96.000000,100.000000,100.000000,5.0,1185.4509,1138.6651,8693.3065,8740.0923,PENDING_AG03,FALSE,NOT_FOR_ENFORCEMENT,9483.6071,484680.3568,9878.7574,9483.6071,395.1503,0.01770420,0.01699603,395.1503,9483.6071,0.01699603,395.1503,395.1503,395.1503,0.0000,0.0000,9483.6071,0.01699603,1185.4509,1138.6651,8693.3065,8740.0923,0.01557970,0.01566354,0.00070817,22.4534,20.6030,0.4031,82.3230,2.6463,4649.9123,204.2083,25.9152,21.1137,12.8578,14.5296,26.176,48.8436,54.2173,102.8621,13.088,0.0,3.731508,7.079487,1.545355,30,207,63,6,0.32204186,0.01770420,-0.00338982,0E-8,0.000000,0.904812,0.002133,0.03111404,2026-03-21,2026-08-06,120,3733,1703,139,0.863309,1.227414,1.154177,1.073473,,,,,,,,GLOBAL_BASELINE_NO_ENTITY_RANKING,,,NOT_APPLICABLE_GLOBAL_BASELINE,HF9g-P5,,,,X 全窗基线 · 不参与实体赏罚,15054303,1506,A168_HF9F_20260827_0900,2026-08-27 09:00:00
2026-08-04,127529701,2223,0,151.5423933424,70.1204633601,70.1204633601,0.6666667,4,4,0.50665070000000000,0.506650700000,0.5543606114942035,0.5543606114942035,0.5543606114942035,0E-17,ELIGIBLE,R03b_20260811_FULL_v1,L1_ELIGIBILITY,v2026-08-11,2026-03-21..2026-08-06,baccarat_bet02_101_all_pairs_incl_sentinel,round_win = game_pnl > 0 (decisive only),COMPATIBILITY_ONLY_NOT_PRODUCTION,557989.4742,504875.3716,9878.7574,24851,24505,-0.01770420,0.00338982,-0.02772422,-0.01770420,-9878.7574,557989.4742,OK,0.0000,395.1503,4.0000,96.0000,AG03-UNRESOLVED,ALL5_LEVELS_bet23_to_bet27,395.1503,395.1503,395.1503,0.0000,0.0000,4.000000,4.000000,4.000000,0.000000,0.000000,96.000000,96.000000,96.000000,100.000000,100.000000,5.0,1185.4509,1138.6651,8693.3065,8740.0923,PENDING_AG03,FALSE,NOT_FOR_ENFORCEMENT,9483.6071,484680.3568,9878.7574,9483.6071,395.1503,0.01770420,0.01699603,395.1503,9483.6071,0.01699603,395.1503,395.1503,395.1503,0.0000,0.0000,9483.6071,0.01699603,1185.4509,1138.6651,8693.3065,8740.0923,0.01557970,0.01566354,0.00070817,22.4534,20.6030,0.4031,82.3230,2.6463,4649.9123,204.2083,25.9152,21.1137,12.8578,14.5296,26.176,48.8436,54.2173,102.8621,13.088,0.0,3.731508,7.079487,1.545355,30,207,63,6,0.32204186,0.01770420,-0.00338982,0E-8,0.000000,0.904812,0.002133,0.03111404,2026-03-21,2026-08-06,120,3733,1703,139,0.863309,1.227414,1.154177,1.073473,,,,,,,,GLOBAL_BASELINE_NO_ENTITY_RANKING,,,NOT_APPLICABLE_GLOBAL_BASELINE,HF9g-P5,,,,X 全窗基线 · 不参与实体赏罚,15054304,1506,A168_HF9F_20260827_0900,2026-08-27 09:00:00
2026-08-04,127529701,2261,0,35.9592119796,-35.9592119796,-35.9592119796,0E-7,1,1,0.49324550000000000,0.493245500000,-0.9865810262130424,-0.9865810262130424,-0.9865810262130424,0E-17,ELIGIBLE,R03b_20260811_FULL_v1,L1_ELIGIBILITY,v2026-08-11,2026-03-21..2026-08-06,baccarat_bet02_101_all_pairs_incl_sentinel,round_win = game_pnl > 0 (decisive only),COMPATIBILITY_ONLY_NOT_PRODUCTION,557989.4742,504875.3716,9878.7574,24851,24505,-0.01770420,0.00338982,-0.02772422,-0.01770420,-9878.7574,557989.4742,OK,0.0000,395.1503,4.0000,96.0000,AG03-UNRESOLVED,ALL5_LEVELS_bet23_to_bet27,395.1503,395.1503,395.1503,0.0000,0.0000,4.000000,4.000000,4.000000,0.000000,0.000000,96.000000,96.000000,96.000000,100.000000,100.000000,5.0,1185.4509,1138.6651,8693.3065,8740.0923,PENDING_AG03,FALSE,NOT_FOR_ENFORCEMENT,9483.6071,484680.3568,9878.7574,9483.6071,395.1503,0.01770420,0.01699603,395.1503,9483.6071,0.01699603,395.1503,395.1503,395.1503,0.0000,0.0000,9483.6071,0.01699603,1185.4509,1138.6651,8693.3065,8740.0923,0.01557970,0.01566354,0.00070817,22.4534,20.6030,0.4031,82.3230,2.6463,4649.9123,204.2083,25.9152,21.1137,12.8578,14.5296,26.176,48.8436,54.2173,102.8621,13.088,0.0,3.731508,7.079487,1.545355,30,207,63,6,0.32204186,0.01770420,-0.00338982,0E-8,0.000000,0.904812,0.002133,0.03111404,2026-03-21,2026-08-06,120,3733,1703,139,0.863309,1.227414,1.154177,1.073473,,,,,,,,GLOBAL_BASELINE_NO_ENTITY_RANKING,,,NOT_APPLICABLE_GLOBAL_BASELINE,HF9g-P5,,,,X 全窗基线 · 不参与实体赏罚,15054305,1506,A168_HF9F_20260827_0900,2026-08-27 09:00:00
2026-08-04,127529701,2278,0,28.2536665554,-28.2536665554,-28.2536665554,0E-7,1,1,0.49324550000000000,0.493245500000,-0.9865810262130424,-0.9865810262130424,-0.9865810262130424,0E-17,ELIGIBLE,R03b_20260811_FULL_v1,L1_ELIGIBILITY,v2026-08-11,2026-03-21..2026-08-06,baccarat_bet02_101_all_pairs_incl_sentinel,round_win = game_pnl > 0 (decisive only),COMPATIBILITY_ONLY_NOT_PRODUCTION,557989.4742,504875.3716,9878.7574,24851,24505,-0.01770420,0.00338982,-0.02772422,-0.01770420,-9878.7574,557989.4742,OK,0.0000,395.1503,4.0000,96.0000,AG03-UNRESOLVED,ALL5_LEVELS_bet23_to_bet27,395.1503,395.1503,395.1503,0.0000,0.0000,4.000000,4.000000,4.000000,0.000000,0.000000,96.000000,96.000000,96.000000,100.000000,100.000000,5.0,1185.4509,1138.6651,8693.3065,8740.0923,PENDING_AG03,FALSE,NOT_FOR_ENFORCEMENT,9483.6071,484680.3568,9878.7574,9483.6071,395.1503,0.01770420,0.01699603,395.1503,9483.6071,0.01699603,395.1503,395.1503,395.1503,0.0000,0.0000,9483.6071,0.01699603,1185.4509,1138.6651,8693.3065,8740.0923,0.01557970,0.01566354,0.00070817,22.4534,20.6030,0.4031,82.3230,2.6463,4649.9123,204.2083,25.9152,21.1137,12.8578,14.5296,26.176,48.8436,54.2173,102.8621,13.088,0.0,3.731508,7.079487,1.545355,30,207,63,6,0.32204186,0.01770420,-0.00338982,0E-8,0.000000,0.904812,0.002133,0.03111404,2026-03-21,2026-08-06,120,3733,1703,139,0.863309,1.227414,1.154177,1.073473,,,,,,,,GLOBAL_BASELINE_NO_ENTITY_RANKING,,,NOT_APPLICABLE_GLOBAL_BASELINE,HF9g-P5,,,,X 全窗基线 · 不参与实体赏罚,15054306,1506,A168_HF9F_20260827_0900,2026-08-27 09:00:00
2026-08-04,127529701,462,0,38.5277271210,-13.4847044924,-13.4847044924,0.5000000,2,2,0.49994810000000000,0.499948100000,0.00014679536856514622,0.00014679536856514622,0.00014679536856514622,0E-17,ELIGIBLE,R03b_20260811_FULL_v1,L1_ELIGIBILITY,v2026-08-11,2026-03-21..2026-08-06,baccarat_bet02_101_all_pairs_incl_sentinel,round_win = game_pnl > 0 (decisive only),COMPATIBILITY_ONLY_NOT_PRODUCTION,557989.4742,504875.3716,9878.7574,24851,24505,-0.01770420,0.00338982,-0.02772422,-0.01770420,-9878.7574,557989.4742,OK,0.0000,395.1503,4.0000,96.0000,AG03-UNRESOLVED,ALL5_LEVELS_bet23_to_bet27,395.1503,395.1503,395.1503,0.0000,0.0000,4.000000,4.000000,4.000000,0.000000,0.000000,96.000000,96.000000,96.000000,100.000000,100.000000,5.0,1185.4509,1138.6651,8693.3065,8740.0923,PENDING_AG03,FALSE,NOT_FOR_ENFORCEMENT,9483.6071,484680.3568,9878.7574,9483.6071,395.1503,0.01770420,0.01699603,395.1503,9483.6071,0.01699603,395.1503,395.1503,395.1503,0.0000,0.0000,9483.6071,0.01699603,1185.4509,1138.6651,8693.3065,8740.0923,0.01557970,0.01566354,0.00070817,22.4534,20.6030,0.4031,82.3230,2.6463,4649.9123,204.2083,25.9152,21.1137,12.8578,14.5296,26.176,48.8436,54.2173,102.8621,13.088,0.0,3.731508,7.079487,1.545355,30,207,63,6,0.32204186,0.01770420,-0.00338982,0E-8,0.000000,0.904812,0.002133,0.03111404,2026-03-21,2026-08-06,120,3733,1703,139,0.863309,1.227414,1.154177,1.073473,,,,,,,,GLOBAL_BASELINE_NO_ENTITY_RANKING,,,NOT_APPLICABLE_GLOBAL_BASELINE,HF9g-P5,,,,X 全窗基线 · 不参与实体赏罚,15054307,1506,A168_HF9F_20260827_0900,2026-08-27 09:00:00
2026-08-04,127529701,526,0,401.4589166008,74.0374489508,74.0374489508,0.6000000,18,18,0.49920336666666667,0.499203366667,0.7807683554978961,0.7807683554953133,0.7807683554978961,-3.3333E-13,ELIGIBLE,R03b_20260811_FULL_v1,L1_ELIGIBILITY,v2026-08-11,2026-03-21..2026-08-06,baccarat_bet02_101_all_pairs_incl_sentinel,round_win = game_pnl > 0 (decisive only),COMPATIBILITY_ONLY_NOT_PRODUCTION,557989.4742,504875.3716,9878.7574,24851,24505,-0.01770420,0.00338982,-0.02772422,-0.01770420,-9878.7574,557989.4742,OK,0.0000,395.1503,4.0000,96.0000,AG03-UNRESOLVED,ALL5_LEVELS_bet23_to_bet27,395.1503,395.1503,395.1503,0.0000,0.0000,4.000000,4.000000,4.000000,0.000000,0.000000,96.000000,96.000000,96.000000,100.000000,100.000000,5.0,1185.4509,1138.6651,8693.3065,8740.0923,PENDING_AG03,FALSE,NOT_FOR_ENFORCEMENT,9483.6071,484680.3568,9878.7574,9483.6071,395.1503,0.01770420,0.01699603,395.1503,9483.6071,0.01699603,395.1503,395.1503,395.1503,0.0000,0.0000,9483.6071,0.01699603,1185.4509,1138.6651,8693.3065,8740.0923,0.01557970,0.01566354,0.00070817,22.4534,20.6030,0.4031,82.3230,2.6463,4649.9123,204.2083,25.9152,21.1137,12.8578,14.5296,26.176,48.8436,54.2173,102.8621,13.088,0.0,3.731508,7.079487,1.545355,30,207,63,6,0.32204186,0.01770420,-0.00338982,0E-8,0.000000,0.904812,0.002133,0.03111404,2026-03-21,2026-08-06,120,3733,1703,139,0.863309,1.227414,1.154177,1.073473,,,,,,,,GLOBAL_BASELINE_NO_ENTITY_RANKING,,,NOT_APPLICABLE_GLOBAL_BASELINE,HF9g-P5,,,,X 全窗基线 · 不参与实体赏罚,15054308,1506,A168_HF9F_20260827_0900,2026-08-27 09:00:00
2026-08-04,127529701,550,0,79.6239693834,17.9796059898,17.9796059898,0.3333333,4,4,0.49994810000000000,0.499948100000,-0.5771704854251445,-0.5771704854251445,-0.5771704854251445,0E-17,ELIGIBLE,R03b_20260811_FULL_v1,L1_ELIGIBILITY,v2026-08-11,2026-03-21..2026-08-06,baccarat_bet02_101_all_pairs_incl_sentinel,round_win = game_pnl > 0 (decisive only),COMPATIBILITY_ONLY_NOT_PRODUCTION,557989.4742,504875.3716,9878.7574,24851,24505,-0.01770420,0.00338982,-0.02772422,-0.01770420,-9878.7574,557989.4742,OK,0.0000,395.1503,4.0000,96.0000,AG03-UNRESOLVED,ALL5_LEVELS_bet23_to_bet27,395.1503,395.1503,395.1503,0.0000,0.0000,4.000000,4.000000,4.000000,0.000000,0.000000,96.000000,96.000000,96.000000,100.000000,100.000000,5.0,1185.4509,1138.6651,8693.3065,8740.0923,PENDING_AG03,FALSE,NOT_FOR_ENFORCEMENT,9483.6071,484680.3568,9878.7574,9483.6071,395.1503,0.01770420,0.01699603,395.1503,9483.6071,0.01699603,395.1503,395.1503,395.1503,0.0000,0.0000,9483.6071,0.01699603,1185.4509,1138.6651,8693.3065,8740.0923,0.01557970,0.01566354,0.00070817,22.4534,20.6030,0.4031,82.3230,2.6463,4649.9123,204.2083,25.9152,21.1137,12.8578,14.5296,26.176,48.8436,54.2173,102.8621,13.088,0.0,3.731508,7.079487,1.545355,30,207,63,6,0.32204186,0.01770420,-0.00338982,0E-8,0.000000,0.904812,0.002133,0.03111404,2026-03-21,2026-08-06,120,3733,1703,139,0.863309,1.227414,1.154177,1.073473,,,,,,,,GLOBAL_BASELINE_NO_ENTITY_RANKING,,,NOT_APPLICABLE_GLOBAL_BASELINE,HF9g-P5,,,,X 全窗基线 · 不参与实体赏罚,15054309,1506,A168_HF9F_20260827_0900,2026-08-27 09:00:00
2026-08-04,127529701,948,0,392.4691136058,81.6787814965,81.6787814965,0.6428571,14,14,0.49803307142857143,0.498033071429,1.0837724991346667,1.0837724991314557,1.0837724991346667,-4.2857E-13,ELIGIBLE,R03b_20260811_FULL_v1,L1_ELIGIBILITY,v2026-08-11,2026-03-21..2026-08-06,baccarat_bet02_101_all_pairs_incl_sentinel,round_win = game_pnl > 0 (decisive only),COMPATIBILITY_ONLY_NOT_PRODUCTION,557989.4742,504875.3716,9878.7574,24851,24505,-0.01770420,0.00338982,-0.02772422,-0.01770420,-9878.7574,557989.4742,OK,0.0000,395.1503,4.0000,96.0000,AG03-UNRESOLVED,ALL5_LEVELS_bet23_to_bet27,395.1503,395.1503,395.1503,0.0000,0.0000,4.000000,4.000000,4.000000,0.000000,0.000000,96.000000,96.000000,96.000000,100.000000,100.000000,5.0,1185.4509,1138.6651,8693.3065,8740.0923,PENDING_AG03,FALSE,NOT_FOR_ENFORCEMENT,9483.6071,484680.3568,9878.7574,9483.6071,395.1503,0.01770420,0.01699603,395.1503,9483.6071,0.01699603,395.1503,395.1503,395.1503,0.0000,0.0000,9483.6071,0.01699603,1185.4509,1138.6651,8693.3065,8740.0923,0.01557970,0.01566354,0.00070817,22.4534,20.6030,0.4031,82.3230,2.6463,4649.9123,204.2083,25.9152,21.1137,12.8578,14.5296,26.176,48.8436,54.2173,102.8621,13.088,0.0,3.731508,7.079487,1.545355,30,207,63,6,0.32204186,0.01770420,-0.00338982,0E-8,0.000000,0.904812,0.002133,0.03111404,2026-03-21,2026-08-06,120,3733,1703,139,0.863309,1.227414,1.154177,1.073473,,,,,,,,GLOBAL_BASELINE_NO_ENTITY_RANKING,,,NOT_APPLICABLE_GLOBAL_BASELINE,HF9g-P5,,,,X 全窗基线 · 不参与实体赏罚,15054310,1506,A168_HF9F_20260827_0900,2026-08-27 09:00:00
2026-08-05,127529701,-1,1,236.3033930087,25.8135771710,25.8135771710,0.6923077,14,14,0.50090561428571429,0.500905614286,1.3802222770224208,1.380222277020362,1.3802222770224208,-2.8571E-13,SENTINEL_DEALER,R03b_20260811_FULL_v1,L1_ELIGIBILITY,v2026-08-11,2026-03-21..2026-08-06,baccarat_bet02_101_all_pairs_incl_sentinel,round_win = game_pnl > 0 (decisive only),COMPATIBILITY_ONLY_NOT_PRODUCTION,557989.4742,504875.3716,9878.7574,24851,24505,-0.01770420,0.00338982,-0.02772422,-0.01770420,-9878.7574,557989.4742,OK,0.0000,395.1503,4.0000,96.0000,AG03-UNRESOLVED,ALL5_LEVELS_bet23_to_bet27,395.1503,395.1503,395.1503,0.0000,0.0000,4.000000,4.000000,4.000000,0.000000,0.000000,96.000000,96.000000,96.000000,100.000000,100.000000,5.0,1185.4509,1138.6651,8693.3065,8740.0923,PENDING_AG03,FALSE,NOT_FOR_ENFORCEMENT,9483.6071,484680.3568,9878.7574,9483.6071,395.1503,0.01770420,0.01699603,395.1503,9483.6071,0.01699603,395.1503,395.1503,395.1503,0.0000,0.0000,9483.6071,0.01699603,1185.4509,1138.6651,8693.3065,8740.0923,0.01557970,0.01566354,0.00070817,22.4534,20.6030,0.4031,82.3230,2.6463,4649.9123,204.2083,25.9152,21.1137,12.8578,14.5296,26.176,48.8436,54.2173,102.8621,13.088,0.0,3.731508,7.079487,1.545355,30,207,63,6,0.32204186,0.01770420,-0.00338982,0E-8,0.000000,0.904812,0.002133,0.03111404,2026-03-21,2026-08-06,120,3733,1703,139,0.863309,1.227414,1.154177,1.073473,,,,,,,,GLOBAL_BASELINE_NO_ENTITY_RANKING,,,NOT_APPLICABLE_GLOBAL_BASELINE,HF9g-P5,,,,X 全窗基线 · 不参与实体赏罚,15054311,1506,A168_HF9F_20260827_0900,2026-08-27 09:00:00
2026-08-05,127529701,1017,0,12.8425757070,-12.8425757070,-12.8425757070,0E-7,1,1,0.49324550000000000,0.493245500000,-0.9865810262130424,-0.9865810262130424,-0.9865810262130424,0E-17,ELIGIBLE,R03b_20260811_FULL_v1,L1_ELIGIBILITY,v2026-08-11,2026-03-21..2026-08-06,baccarat_bet02_101_all_pairs_incl_sentinel,round_win = game_pnl > 0 (decisive only),COMPATIBILITY_ONLY_NOT_PRODUCTION,557989.4742,504875.3716,9878.7574,24851,24505,-0.01770420,0.00338982,-0.02772422,-0.01770420,-9878.7574,557989.4742,OK,0.0000,395.1503,4.0000,96.0000,AG03-UNRESOLVED,ALL5_LEVELS_bet23_to_bet27,395.1503,395.1503,395.1503,0.0000,0.0000,4.000000,4.000000,4.000000,0.000000,0.000000,96.000000,96.000000,96.000000,100.000000,100.000000,5.0,1185.4509,1138.6651,8693.3065,8740.0923,PENDING_AG03,FALSE,NOT_FOR_ENFORCEMENT,9483.6071,484680.3568,9878.7574,9483.6071,395.1503,0.01770420,0.01699603,395.1503,9483.6071,0.01699603,395.1503,395.1503,395.1503,0.0000,0.0000,9483.6071,0.01699603,1185.4509,1138.6651,8693.3065,8740.0923,0.01557970,0.01566354,0.00070817,22.4534,20.6030,0.4031,82.3230,2.6463,4649.9123,204.2083,25.9152,21.1137,12.8578,14.5296,26.176,48.8436,54.2173,102.8621,13.088,0.0,3.731508,7.079487,1.545355,30,207,63,6,0.32204186,0.01770420,-0.00338982,0E-8,0.000000,0.904812,0.002133,0.03111404,2026-03-21,2026-08-06,120,3733,1703,139,0.863309,1.227414,1.154177,1.073473,,,,,,,,GLOBAL_BASELINE_NO_ENTITY_RANKING,,,NOT_APPLICABLE_GLOBAL_BASELINE,HF9g-P5,,,,X 全窗基线 · 不参与实体赏罚,15054312,1506,A168_HF9F_20260827_0900,2026-08-27 09:00:00
2026-08-05,127529701,1151,0,259.4200292811,163.7428402640,163.7428402640,0.8333333,9,9,0.50218230000000000,0.502182300000,1.6223175713561095,1.6223175713561095,1.6223175713561095,0E-17,ELIGIBLE,R03b_20260811_FULL_v1,L1_ELIGIBILITY,v2026-08-11,2026-03-21..2026-08-06,baccarat_bet02_101_all_pairs_incl_sentinel,round_win = game_pnl > 0 (decisive only),COMPATIBILITY_ONLY_NOT_PRODUCTION,557989.4742,504875.3716,9878.7574,24851,24505,-0.01770420,0.00338982,-0.02772422,-0.01770420,-9878.7574,557989.4742,OK,0.0000,395.1503,4.0000,96.0000,AG03-UNRESOLVED,ALL5_LEVELS_bet23_to_bet27,395.1503,395.1503,395.1503,0.0000,0.0000,4.000000,4.000000,4.000000,0.000000,0.000000,96.000000,96.000000,96.000000,100.000000,100.000000,5.0,1185.4509,1138.6651,8693.3065,8740.0923,PENDING_AG03,FALSE,NOT_FOR_ENFORCEMENT,9483.6071,484680.3568,9878.7574,9483.6071,395.1503,0.01770420,0.01699603,395.1503,9483.6071,0.01699603,395.1503,395.1503,395.1503,0.0000,0.0000,9483.6071,0.01699603,1185.4509,1138.6651,8693.3065,8740.0923,0.01557970,0.01566354,0.00070817,22.4534,20.6030,0.4031,82.3230,2.6463,4649.9123,204.2083,25.9152,21.1137,12.8578,14.5296,26.176,48.8436,54.2173,102.8621,13.088,0.0,3.731508,7.079487,1.545355,30,207,63,6,0.32204186,0.01770420,-0.00338982,0E-8,0.000000,0.904812,0.002133,0.03111404,2026-03-21,2026-08-06,120,3733,1703,139,0.863309,1.227414,1.154177,1.073473,,,,,,,,GLOBAL_BASELINE_NO_ENTITY_RANKING,,,NOT_APPLICABLE_GLOBAL_BASELINE,HF9g-P5,,,,X 全窗基线 · 不参与实体赏罚,15054313,1506,A168_HF9F_20260827_0900,2026-08-27 09:00:00
2026-08-05,127529701,1299,0,66.7813936764,38.3993013638,38.3993013638,0.6666667,3,3,0.50665070000000000,0.506650700000,0.5543606114942035,0.5543606114942035,0.5543606114942035,0E-17,ELIGIBLE,R03b_20260811_FULL_v1,L1_ELIGIBILITY,v2026-08-11,2026-03-21..2026-08-06,baccarat_bet02_101_all_pairs_incl_sentinel,round_win = game_pnl > 0 (decisive only),COMPATIBILITY_ONLY_NOT_PRODUCTION,557989.4742,504875.3716,9878.7574,24851,24505,-0.01770420,0.00338982,-0.02772422,-0.01770420,-9878.7574,557989.4742,OK,0.0000,395.1503,4.0000,96.0000,AG03-UNRESOLVED,ALL5_LEVELS_bet23_to_bet27,395.1503,395.1503,395.1503,0.0000,0.0000,4.000000,4.000000,4.000000,0.000000,0.000000,96.000000,96.000000,96.000000,100.000000,100.000000,5.0,1185.4509,1138.6651,8693.3065,8740.0923,PENDING_AG03,FALSE,NOT_FOR_ENFORCEMENT,9483.6071,484680.3568,9878.7574,9483.6071,395.1503,0.01770420,0.01699603,395.1503,9483.6071,0.01699603,395.1503,395.1503,395.1503,0.0000,0.0000,9483.6071,0.01699603,1185.4509,1138.6651,8693.3065,8740.0923,0.01557970,0.01566354,0.00070817,22.4534,20.6030,0.4031,82.3230,2.6463,4649.9123,204.2083,25.9152,21.1137,12.8578,14.5296,26.176,48.8436,54.2173,102.8621,13.088,0.0,3.731508,7.079487,1.545355,30,207,63,6,0.32204186,0.01770420,-0.00338982,0E-8,0.000000,0.904812,0.002133,0.03111404,2026-03-21,2026-08-06,120,3733,1703,139,0.863309,1.227414,1.154177,1.073473,,,,,,,,GLOBAL_BASELINE_NO_ENTITY_RANKING,,,NOT_APPLICABLE_GLOBAL_BASELINE,HF9g-P5,,,,X 全窗基线 · 不参与实体赏罚,15054314,1506,A168_HF9F_20260827_0900,2026-08-27 09:00:00
2026-08-05,127529701,1318,0,307.7081139395,23.3734877867,23.3734877867,0.5833333,12,12,0.49883100000000000,0.498831000000,0.5854509388768454,0.5854509388768454,0.5854509388768454,0E-17,ELIGIBLE,R03b_20260811_FULL_v1,L1_ELIGIBILITY,v2026-08-11,2026-03-21..2026-08-06,baccarat_bet02_101_all_pairs_incl_sentinel,round_win = game_pnl > 0 (decisive only),COMPATIBILITY_ONLY_NOT_PRODUCTION,557989.4742,504875.3716,9878.7574,24851,24505,-0.01770420,0.00338982,-0.02772422,-0.01770420,-9878.7574,557989.4742,OK,0.0000,395.1503,4.0000,96.0000,AG03-UNRESOLVED,ALL5_LEVELS_bet23_to_bet27,395.1503,395.1503,395.1503,0.0000,0.0000,4.000000,4.000000,4.000000,0.000000,0.000000,96.000000,96.000000,96.000000,100.000000,100.000000,5.0,1185.4509,1138.6651,8693.3065,8740.0923,PENDING_AG03,FALSE,NOT_FOR_ENFORCEMENT,9483.6071,484680.3568,9878.7574,9483.6071,395.1503,0.01770420,0.01699603,395.1503,9483.6071,0.01699603,395.1503,395.1503,395.1503,0.0000,0.0000,9483.6071,0.01699603,1185.4509,1138.6651,8693.3065,8740.0923,0.01557970,0.01566354,0.00070817,22.4534,20.6030,0.4031,82.3230,2.6463,4649.9123,204.2083,25.9152,21.1137,12.8578,14.5296,26.176,48.8436,54.2173,102.8621,13.088,0.0,3.731508,7.079487,1.545355,30,207,63,6,0.32204186,0.01770420,-0.00338982,0E-8,0.000000,0.904812,0.002133,0.03111404,2026-03-21,2026-08-06,120,3733,1703,139,0.863309,1.227414,1.154177,1.073473,,,,,,,,GLOBAL_BASELINE_NO_ENTITY_RANKING,,,NOT_APPLICABLE_GLOBAL_BASELINE,HF9g-P5,,,,X 全窗基线 · 不参与实体赏罚,15054315,1506,A168_HF9F_20260827_0900,2026-08-27 09:00:00
2026-08-05,127529701,1353,0,333.9069683816,-129.0678858552,-129.0678858552,0.2222222,9,9,0.49920336666666667,0.499203366667,-1.661888976019484,-1.661888976021482,-1.661888976019484,-3.3333E-13,ELIGIBLE,R03b_20260811_FULL_v1,L1_ELIGIBILITY,v2026-08-11,2026-03-21..2026-08-06,baccarat_bet02_101_all_pairs_incl_sentinel,round_win = game_pnl > 0 (decisive only),COMPATIBILITY_ONLY_NOT_PRODUCTION,557989.4742,504875.3716,9878.7574,24851,24505,-0.01770420,0.00338982,-0.02772422,-0.01770420,-9878.7574,557989.4742,OK,0.0000,395.1503,4.0000,96.0000,AG03-UNRESOLVED,ALL5_LEVELS_bet23_to_bet27,395.1503,395.1503,395.1503,0.0000,0.0000,4.000000,4.000000,4.000000,0.000000,0.000000,96.000000,96.000000,96.000000,100.000000,100.000000,5.0,1185.4509,1138.6651,8693.3065,8740.0923,PENDING_AG03,FALSE,NOT_FOR_ENFORCEMENT,9483.6071,484680.3568,9878.7574,9483.6071,395.1503,0.01770420,0.01699603,395.1503,9483.6071,0.01699603,395.1503,395.1503,395.1503,0.0000,0.0000,9483.6071,0.01699603,1185.4509,1138.6651,8693.3065,8740.0923,0.01557970,0.01566354,0.00070817,22.4534,20.6030,0.4031,82.3230,2.6463,4649.9123,204.2083,25.9152,21.1137,12.8578,14.5296,26.176,48.8436,54.2173,102.8621,13.088,0.0,3.731508,7.079487,1.545355,30,207,63,6,0.32204186,0.01770420,-0.00338982,0E-8,0.000000,0.904812,0.002133,0.03111404,2026-03-21,2026-08-06,120,3733,1703,139,0.863309,1.227414,1.154177,1.073473,,,,,,,,GLOBAL_BASELINE_NO_ENTITY_RANKING,,,NOT_APPLICABLE_GLOBAL_BASELINE,HF9g-P5,,,,X 全窗基线 · 不参与实体赏罚,15054316,1506,A168_HF9F_20260827_0900,2026-08-27 09:00:00
2026-08-05,127529701,1382,0,64.2128785350,11.5583181362,11.5583181362,0.6000000,5,5,0.50128862000000000,0.501288620000,0.4414521777673877,0.4414521777673877,0.4414521777673877,0E-17,ELIGIBLE,R03b_20260811_FULL_v1,L1_ELIGIBILITY,v2026-08-11,2026-03-21..2026-08-06,baccarat_bet02_101_all_pairs_incl_sentinel,round_win = game_pnl > 0 (decisive only),COMPATIBILITY_ONLY_NOT_PRODUCTION,557989.4742,504875.3716,9878.7574,24851,24505,-0.01770420,0.00338982,-0.02772422,-0.01770420,-9878.7574,557989.4742,OK,0.0000,395.1503,4.0000,96.0000,AG03-UNRESOLVED,ALL5_LEVELS_bet23_to_bet27,395.1503,395.1503,395.1503,0.0000,0.0000,4.000000,4.000000,4.000000,0.000000,0.000000,96.000000,96.000000,96.000000,100.000000,100.000000,5.0,1185.4509,1138.6651,8693.3065,8740.0923,PENDING_AG03,FALSE,NOT_FOR_ENFORCEMENT,9483.6071,484680.3568,9878.7574,9483.6071,395.1503,0.01770420,0.01699603,395.1503,9483.6071,0.01699603,395.1503,395.1503,395.1503,0.0000,0.0000,9483.6071,0.01699603,1185.4509,1138.6651,8693.3065,8740.0923,0.01557970,0.01566354,0.00070817,22.4534,20.6030,0.4031,82.3230,2.6463,4649.9123,204.2083,25.9152,21.1137,12.8578,14.5296,26.176,48.8436,54.2173,102.8621,13.088,0.0,3.731508,7.079487,1.545355,30,207,63,6,0.32204186,0.01770420,-0.00338982,0E-8,0.000000,0.904812,0.002133,0.03111404,2026-03-21,2026-08-06,120,3733,1703,139,0.863309,1.227414,1.154177,1.073473,,,,,,,,GLOBAL_BASELINE_NO_ENTITY_RANKING,,,NOT_APPLICABLE_GLOBAL_BASELINE,HF9g-P5,,,,X 全窗基线 · 不参与实体赏罚,15054317,1506,A168_HF9F_20260827_0900,2026-08-27 09:00:00
2026-08-05,127529701,1401,0,25.6851514140,24.4008938432,24.4008938432,1.0000000,2,2,0.50665070000000000,0.506650700000,1.3955260008387969,1.3955260008387969,1.3955260008387969,0E-17,ELIGIBLE,R03b_20260811_FULL_v1,L1_ELIGIBILITY,v2026-08-11,2026-03-21..2026-08-06,baccarat_bet02_101_all_pairs_incl_sentinel,round_win = game_pnl > 0 (decisive only),COMPATIBILITY_ONLY_NOT_PRODUCTION,557989.4742,504875.3716,9878.7574,24851,24505,-0.01770420,0.00338982,-0.02772422,-0.01770420,-9878.7574,557989.4742,OK,0.0000,395.1503,4.0000,96.0000,AG03-UNRESOLVED,ALL5_LEVELS_bet23_to_bet27,395.1503,395.1503,395.1503,0.0000,0.0000,4.000000,4.000000,4.000000,0.000000,0.000000,96.000000,96.000000,96.000000,100.000000,100.000000,5.0,1185.4509,1138.6651,8693.3065,8740.0923,PENDING_AG03,FALSE,NOT_FOR_ENFORCEMENT,9483.6071,484680.3568,9878.7574,9483.6071,395.1503,0.01770420,0.01699603,395.1503,9483.6071,0.01699603,395.1503,395.1503,395.1503,0.0000,0.0000,9483.6071,0.01699603,1185.4509,1138.6651,8693.3065,8740.0923,0.01557970,0.01566354,0.00070817,22.4534,20.6030,0.4031,82.3230,2.6463,4649.9123,204.2083,25.9152,21.1137,12.8578,14.5296,26.176,48.8436,54.2173,102.8621,13.088,0.0,3.731508,7.079487,1.545355,30,207,63,6,0.32204186,0.01770420,-0.00338982,0E-8,0.000000,0.904812,0.002133,0.03111404,2026-03-21,2026-08-06,120,3733,1703,139,0.863309,1.227414,1.154177,1.073473,,,,,,,,GLOBAL_BASELINE_NO_ENTITY_RANKING,,,NOT_APPLICABLE_GLOBAL_BASELINE,HF9g-P5,,,,X 全窗基线 · 不参与实体赏罚,15054318,1506,A168_HF9F_20260827_0900,2026-08-27 09:00:00
2026-08-05,127529701,1405,0,318.4958775334,-53.9388179694,-53.9388179694,0.3333333,11,11,0.50177608181818182,0.501776081818,-1.0106628671337714,-1.010662867132679,-1.0106628671337714,1.8182E-13,ELIGIBLE,R03b_20260811_FULL_v1,L1_ELIGIBILITY,v2026-08-11,2026-03-21..2026-08-06,baccarat_bet02_101_all_pairs_incl_sentinel,round_win = game_pnl > 0 (decisive only),COMPATIBILITY_ONLY_NOT_PRODUCTION,557989.4742,504875.3716,9878.7574,24851,24505,-0.01770420,0.00338982,-0.02772422,-0.01770420,-9878.7574,557989.4742,OK,0.0000,395.1503,4.0000,96.0000,AG03-UNRESOLVED,ALL5_LEVELS_bet23_to_bet27,395.1503,395.1503,395.1503,0.0000,0.0000,4.000000,4.000000,4.000000,0.000000,0.000000,96.000000,96.000000,96.000000,100.000000,100.000000,5.0,1185.4509,1138.6651,8693.3065,8740.0923,PENDING_AG03,FALSE,NOT_FOR_ENFORCEMENT,9483.6071,484680.3568,9878.7574,9483.6071,395.1503,0.01770420,0.01699603,395.1503,9483.6071,0.01699603,395.1503,395.1503,395.1503,0.0000,0.0000,9483.6071,0.01699603,1185.4509,1138.6651,8693.3065,8740.0923,0.01557970,0.01566354,0.00070817,22.4534,20.6030,0.4031,82.3230,2.6463,4649.9123,204.2083,25.9152,21.1137,12.8578,14.5296,26.176,48.8436,54.2173,102.8621,13.088,0.0,3.731508,7.079487,1.545355,30,207,63,6,0.32204186,0.01770420,-0.00338982,0E-8,0.000000,0.904812,0.002133,0.03111404,2026-03-21,2026-08-06,120,3733,1703,139,0.863309,1.227414,1.154177,1.073473,,,,,,,,GLOBAL_BASELINE_NO_ENTITY_RANKING,,,NOT_APPLICABLE_GLOBAL_BASELINE,HF9g-P5,,,,X 全窗基线 · 不参与实体赏罚,15054319,1506,A168_HF9F_20260827_0900,2026-08-27 09:00:00
2026-08-05,127529701,1646,0,190.0701204636,109.4187450235,109.4187450235,0.7000000,10,10,0.49726706000000000,0.497267060000,1.282214848053072,1.2822148480530722,1.282214848053072,0E-17,ELIGIBLE,R03b_20260811_FULL_v1,L1_ELIGIBILITY,v2026-08-11,2026-03-21..2026-08-06,baccarat_bet02_101_all_pairs_incl_sentinel,round_win = game_pnl > 0 (decisive only),COMPATIBILITY_ONLY_NOT_PRODUCTION,557989.4742,504875.3716,9878.7574,24851,24505,-0.01770420,0.00338982,-0.02772422,-0.01770420,-9878.7574,557989.4742,OK,0.0000,395.1503,4.0000,96.0000,AG03-UNRESOLVED,ALL5_LEVELS_bet23_to_bet27,395.1503,395.1503,395.1503,0.0000,0.0000,4.000000,4.000000,4.000000,0.000000,0.000000,96.000000,96.000000,96.000000,100.000000,100.000000,5.0,1185.4509,1138.6651,8693.3065,8740.0923,PENDING_AG03,FALSE,NOT_FOR_ENFORCEMENT,9483.6071,484680.3568,9878.7574,9483.6071,395.1503,0.01770420,0.01699603,395.1503,9483.6071,0.01699603,395.1503,395.1503,395.1503,0.0000,0.0000,9483.6071,0.01699603,1185.4509,1138.6651,8693.3065,8740.0923,0.01557970,0.01566354,0.00070817,22.4534,20.6030,0.4031,82.3230,2.6463,4649.9123,204.2083,25.9152,21.1137,12.8578,14.5296,26.176,48.8436,54.2173,102.8621,13.088,0.0,3.731508,7.079487,1.545355,30,207,63,6,0.32204186,0.01770420,-0.00338982,0E-8,0.000000,0.904812,0.002133,0.03111404,2026-03-21,2026-08-06,120,3733,1703,139,0.863309,1.227414,1.154177,1.073473,,,,,,,,GLOBAL_BASELINE_NO_ENTITY_RANKING,,,NOT_APPLICABLE_GLOBAL_BASELINE,HF9g-P5,,,,X 全窗基线 · 不参与实体赏罚,15054320,1506,A168_HF9F_20260827_0900,2026-08-27 09:00:00
2026-08-05,127529701,1654,0,166.9534841908,-89.8980299489,-89.8980299489,0E-7,4,4,0.49994810000000000,0.499948100000,-1.4140667746232096,-1.4140667746232096,-1.4140667746232096,0E-17,ELIGIBLE,R03b_20260811_FULL_v1,L1_ELIGIBILITY,v2026-08-11,2026-03-21..2026-08-06,baccarat_bet02_101_all_pairs_incl_sentinel,round_win = game_pnl > 0 (decisive only),COMPATIBILITY_ONLY_NOT_PRODUCTION,557989.4742,504875.3716,9878.7574,24851,24505,-0.01770420,0.00338982,-0.02772422,-0.01770420,-9878.7574,557989.4742,OK,0.0000,395.1503,4.0000,96.0000,AG03-UNRESOLVED,ALL5_LEVELS_bet23_to_bet27,395.1503,395.1503,395.1503,0.0000,0.0000,4.000000,4.000000,4.000000,0.000000,0.000000,96.000000,96.000000,96.000000,100.000000,100.000000,5.0,1185.4509,1138.6651,8693.3065,8740.0923,PENDING_AG03,FALSE,NOT_FOR_ENFORCEMENT,9483.6071,484680.3568,9878.7574,9483.6071,395.1503,0.01770420,0.01699603,395.1503,9483.6071,0.01699603,395.1503,395.1503,395.1503,0.0000,0.0000,9483.6071,0.01699603,1185.4509,1138.6651,8693.3065,8740.0923,0.01557970,0.01566354,0.00070817,22.4534,20.6030,0.4031,82.3230,2.6463,4649.9123,204.2083,25.9152,21.1137,12.8578,14.5296,26.176,48.8436,54.2173,102.8621,13.088,0.0,3.731508,7.079487,1.545355,30,207,63,6,0.32204186,0.01770420,-0.00338982,0E-8,0.000000,0.904812,0.002133,0.03111404,2026-03-21,2026-08-06,120,3733,1703,139,0.863309,1.227414,1.154177,1.073473,,,,,,,,GLOBAL_BASELINE_NO_ENTITY_RANKING,,,NOT_APPLICABLE_GLOBAL_BASELINE,HF9g-P5,,,,X 全窗基线 · 不参与实体赏罚,15054321,1506,A168_HF9F_20260827_0900,2026-08-27 09:00:00
2026-08-05,127529701,1704,0,51.3703028279,48.8017876865,48.8017876865,1.0000000,1,1,0.50665070000000000,0.506650700000,0.9867858985152569,0.9867858985152569,0.9867858985152569,0E-17,ELIGIBLE,R03b_20260811_FULL_v1,L1_ELIGIBILITY,v2026-08-11,2026-03-21..2026-08-06,baccarat_bet02_101_all_pairs_incl_sentinel,round_win = game_pnl > 0 (decisive only),COMPATIBILITY_ONLY_NOT_PRODUCTION,557989.4742,504875.3716,9878.7574,24851,24505,-0.01770420,0.00338982,-0.02772422,-0.01770420,-9878.7574,557989.4742,OK,0.0000,395.1503,4.0000,96.0000,AG03-UNRESOLVED,ALL5_LEVELS_bet23_to_bet27,395.1503,395.1503,395.1503,0.0000,0.0000,4.000000,4.000000,4.000000,0.000000,0.000000,96.000000,96.000000,96.000000,100.000000,100.000000,5.0,1185.4509,1138.6651,8693.3065,8740.0923,PENDING_AG03,FALSE,NOT_FOR_ENFORCEMENT,9483.6071,484680.3568,9878.7574,9483.6071,395.1503,0.01770420,0.01699603,395.1503,9483.6071,0.01699603,395.1503,395.1503,395.1503,0.0000,0.0000,9483.6071,0.01699603,1185.4509,1138.6651,8693.3065,8740.0923,0.01557970,0.01566354,0.00070817,22.4534,20.6030,0.4031,82.3230,2.6463,4649.9123,204.2083,25.9152,21.1137,12.8578,14.5296,26.176,48.8436,54.2173,102.8621,13.088,0.0,3.731508,7.079487,1.545355,30,207,63,6,0.32204186,0.01770420,-0.00338982,0E-8,0.000000,0.904812,0.002133,0.03111404,2026-03-21,2026-08-06,120,3733,1703,139,0.863309,1.227414,1.154177,1.073473,,,,,,,,GLOBAL_BASELINE_NO_ENTITY_RANKING,,,NOT_APPLICABLE_GLOBAL_BASELINE,HF9g-P5,,,,X 全窗基线 · 不参与实体赏罚,15054322,1506,A168_HF9F_20260827_0900,2026-08-27 09:00:00
2026-08-05,127529701,1940,0,38.5277271210,-38.5277271210,-38.5277271210,0E-7,2,2,0.49324550000000000,0.493245500000,-1.3952362676504506,-1.3952362676504506,-1.3952362676504506,0E-17,ELIGIBLE,R03b_20260811_FULL_v1,L1_ELIGIBILITY,v2026-08-11,2026-03-21..2026-08-06,baccarat_bet02_101_all_pairs_incl_sentinel,round_win = game_pnl > 0 (decisive only),COMPATIBILITY_ONLY_NOT_PRODUCTION,557989.4742,504875.3716,9878.7574,24851,24505,-0.01770420,0.00338982,-0.02772422,-0.01770420,-9878.7574,557989.4742,OK,0.0000,395.1503,4.0000,96.0000,AG03-UNRESOLVED,ALL5_LEVELS_bet23_to_bet27,395.1503,395.1503,395.1503,0.0000,0.0000,4.000000,4.000000,4.000000,0.000000,0.000000,96.000000,96.000000,96.000000,100.000000,100.000000,5.0,1185.4509,1138.6651,8693.3065,8740.0923,PENDING_AG03,FALSE,NOT_FOR_ENFORCEMENT,9483.6071,484680.3568,9878.7574,9483.6071,395.1503,0.01770420,0.01699603,395.1503,9483.6071,0.01699603,395.1503,395.1503,395.1503,0.0000,0.0000,9483.6071,0.01699603,1185.4509,1138.6651,8693.3065,8740.0923,0.01557970,0.01566354,0.00070817,22.4534,20.6030,0.4031,82.3230,2.6463,4649.9123,204.2083,25.9152,21.1137,12.8578,14.5296,26.176,48.8436,54.2173,102.8621,13.088,0.0,3.731508,7.079487,1.545355,30,207,63,6,0.32204186,0.01770420,-0.00338982,0E-8,0.000000,0.904812,0.002133,0.03111404,2026-03-21,2026-08-06,120,3733,1703,139,0.863309,1.227414,1.154177,1.073473,,,,,,,,GLOBAL_BASELINE_NO_ENTITY_RANKING,,,NOT_APPLICABLE_GLOBAL_BASELINE,HF9g-P5,,,,X 全窗基线 · 不参与实体赏罚,15054323,1506,A168_HF9F_20260827_0900,2026-08-27 09:00:00
2026-08-05,127529701,1941,0,10.2740605656,-10.2740605656,-10.2740605656,0E-7,1,1,0.49324550000000000,0.493245500000,-0.9865810262130424,-0.9865810262130424,-0.9865810262130424,0E-17,ELIGIBLE,R03b_20260811_FULL_v1,L1_ELIGIBILITY,v2026-08-11,2026-03-21..2026-08-06,baccarat_bet02_101_all_pairs_incl_sentinel,round_win = game_pnl > 0 (decisive only),COMPATIBILITY_ONLY_NOT_PRODUCTION,557989.4742,504875.3716,9878.7574,24851,24505,-0.01770420,0.00338982,-0.02772422,-0.01770420,-9878.7574,557989.4742,OK,0.0000,395.1503,4.0000,96.0000,AG03-UNRESOLVED,ALL5_LEVELS_bet23_to_bet27,395.1503,395.1503,395.1503,0.0000,0.0000,4.000000,4.000000,4.000000,0.000000,0.000000,96.000000,96.000000,96.000000,100.000000,100.000000,5.0,1185.4509,1138.6651,8693.3065,8740.0923,PENDING_AG03,FALSE,NOT_FOR_ENFORCEMENT,9483.6071,484680.3568,9878.7574,9483.6071,395.1503,0.01770420,0.01699603,395.1503,9483.6071,0.01699603,395.1503,395.1503,395.1503,0.0000,0.0000,9483.6071,0.01699603,1185.4509,1138.6651,8693.3065,8740.0923,0.01557970,0.01566354,0.00070817,22.4534,20.6030,0.4031,82.3230,2.6463,4649.9123,204.2083,25.9152,21.1137,12.8578,14.5296,26.176,48.8436,54.2173,102.8621,13.088,0.0,3.731508,7.079487,1.545355,30,207,63,6,0.32204186,0.01770420,-0.00338982,0E-8,0.000000,0.904812,0.002133,0.03111404,2026-03-21,2026-08-06,120,3733,1703,139,0.863309,1.227414,1.154177,1.073473,,,,,,,,GLOBAL_BASELINE_NO_ENTITY_RANKING,,,NOT_APPLICABLE_GLOBAL_BASELINE,HF9g-P5,,,,X 全窗基线 · 不参与实体赏罚,15054324,1506,A168_HF9F_20260827_0900,2026-08-27 09:00:00
2026-08-05,127529701,1957,0,20.5481211312,-20.5481211312,-20.5481211312,0E-7,1,1,0.50665070000000000,0.506650700000,-1.013391052207602,-1.013391052207602,-1.013391052207602,0E-17,ELIGIBLE,R03b_20260811_FULL_v1,L1_ELIGIBILITY,v2026-08-11,2026-03-21..2026-08-06,baccarat_bet02_101_all_pairs_incl_sentinel,round_win = game_pnl > 0 (decisive only),COMPATIBILITY_ONLY_NOT_PRODUCTION,557989.4742,504875.3716,9878.7574,24851,24505,-0.01770420,0.00338982,-0.02772422,-0.01770420,-9878.7574,557989.4742,OK,0.0000,395.1503,4.0000,96.0000,AG03-UNRESOLVED,ALL5_LEVELS_bet23_to_bet27,395.1503,395.1503,395.1503,0.0000,0.0000,4.000000,4.000000,4.000000,0.000000,0.000000,96.000000,96.000000,96.000000,100.000000,100.000000,5.0,1185.4509,1138.6651,8693.3065,8740.0923,PENDING_AG03,FALSE,NOT_FOR_ENFORCEMENT,9483.6071,484680.3568,9878.7574,9483.6071,395.1503,0.01770420,0.01699603,395.1503,9483.6071,0.01699603,395.1503,395.1503,395.1503,0.0000,0.0000,9483.6071,0.01699603,1185.4509,1138.6651,8693.3065,8740.0923,0.01557970,0.01566354,0.00070817,22.4534,20.6030,0.4031,82.3230,2.6463,4649.9123,204.2083,25.9152,21.1137,12.8578,14.5296,26.176,48.8436,54.2173,102.8621,13.088,0.0,3.731508,7.079487,1.545355,30,207,63,6,0.32204186,0.01770420,-0.00338982,0E-8,0.000000,0.904812,0.002133,0.03111404,2026-03-21,2026-08-06,120,3733,1703,139,0.863309,1.227414,1.154177,1.073473,,,,,,,,GLOBAL_BASELINE_NO_ENTITY_RANKING,,,NOT_APPLICABLE_GLOBAL_BASELINE,HF9g-P5,,,,X 全窗基线 · 不参与实体赏罚,15054325,1506,A168_HF9F_20260827_0900,2026-08-27 09:00:00
2026-08-05,127529701,1985,0,192.6386356049,37.2434695502,37.2434695502,0.5000000,6,6,0.49994810000000000,0.499948100000,0.00025425703667063243,0.00025425703667063243,0.00025425703667063243,0E-17,ELIGIBLE,R03b_20260811_FULL_v1,L1_ELIGIBILITY,v2026-08-11,2026-03-21..2026-08-06,baccarat_bet02_101_all_pairs_incl_sentinel,round_win = game_pnl > 0 (decisive only),COMPATIBILITY_ONLY_NOT_PRODUCTION,557989.4742,504875.3716,9878.7574,24851,24505,-0.01770420,0.00338982,-0.02772422,-0.01770420,-9878.7574,557989.4742,OK,0.0000,395.1503,4.0000,96.0000,AG03-UNRESOLVED,ALL5_LEVELS_bet23_to_bet27,395.1503,395.1503,395.1503,0.0000,0.0000,4.000000,4.000000,4.000000,0.000000,0.000000,96.000000,96.000000,96.000000,100.000000,100.000000,5.0,1185.4509,1138.6651,8693.3065,8740.0923,PENDING_AG03,FALSE,NOT_FOR_ENFORCEMENT,9483.6071,484680.3568,9878.7574,9483.6071,395.1503,0.01770420,0.01699603,395.1503,9483.6071,0.01699603,395.1503,395.1503,395.1503,0.0000,0.0000,9483.6071,0.01699603,1185.4509,1138.6651,8693.3065,8740.0923,0.01557970,0.01566354,0.00070817,22.4534,20.6030,0.4031,82.3230,2.6463,4649.9123,204.2083,25.9152,21.1137,12.8578,14.5296,26.176,48.8436,54.2173,102.8621,13.088,0.0,3.731508,7.079487,1.545355,30,207,63,6,0.32204186,0.01770420,-0.00338982,0E-8,0.000000,0.904812,0.002133,0.03111404,2026-03-21,2026-08-06,120,3733,1703,139,0.863309,1.227414,1.154177,1.073473,,,,,,,,GLOBAL_BASELINE_NO_ENTITY_RANKING,,,NOT_APPLICABLE_GLOBAL_BASELINE,HF9g-P5,,,,X 全窗基线 · 不参与实体赏罚,15054326,1506,A168_HF9F_20260827_0900,2026-08-27 09:00:00
2026-08-05,127529701,2115,0,77.0554542420,76.5417512137,76.5417512137,1.0000000,4,4,0.49659680000000000,0.496596800000,2.0136594440222715,2.0136594440222715,2.0136594440222715,0E-17,ELIGIBLE,R03b_20260811_FULL_v1,L1_ELIGIBILITY,v2026-08-11,2026-03-21..2026-08-06,baccarat_bet02_101_all_pairs_incl_sentinel,round_win = game_pnl > 0 (decisive only),COMPATIBILITY_ONLY_NOT_PRODUCTION,557989.4742,504875.3716,9878.7574,24851,24505,-0.01770420,0.00338982,-0.02772422,-0.01770420,-9878.7574,557989.4742,OK,0.0000,395.1503,4.0000,96.0000,AG03-UNRESOLVED,ALL5_LEVELS_bet23_to_bet27,395.1503,395.1503,395.1503,0.0000,0.0000,4.000000,4.000000,4.000000,0.000000,0.000000,96.000000,96.000000,96.000000,100.000000,100.000000,5.0,1185.4509,1138.6651,8693.3065,8740.0923,PENDING_AG03,FALSE,NOT_FOR_ENFORCEMENT,9483.6071,484680.3568,9878.7574,9483.6071,395.1503,0.01770420,0.01699603,395.1503,9483.6071,0.01699603,395.1503,395.1503,395.1503,0.0000,0.0000,9483.6071,0.01699603,1185.4509,1138.6651,8693.3065,8740.0923,0.01557970,0.01566354,0.00070817,22.4534,20.6030,0.4031,82.3230,2.6463,4649.9123,204.2083,25.9152,21.1137,12.8578,14.5296,26.176,48.8436,54.2173,102.8621,13.088,0.0,3.731508,7.079487,1.545355,30,207,63,6,0.32204186,0.01770420,-0.00338982,0E-8,0.000000,0.904812,0.002133,0.03111404,2026-03-21,2026-08-06,120,3733,1703,139,0.863309,1.227414,1.154177,1.073473,,,,,,,,GLOBAL_BASELINE_NO_ENTITY_RANKING,,,NOT_APPLICABLE_GLOBAL_BASELINE,HF9g-P5,,,,X 全窗基线 · 不参与实体赏罚,15054327,1506,A168_HF9F_20260827_0900,2026-08-27 09:00:00
2026-08-05,127529701,2123,0,184.9330901807,113.0146662215,113.0146662215,0.8333333,7,7,0.50090561428571429,0.500905614286,1.6285592473342474,1.6285592473328494,1.6285592473342474,-2.8571E-13,ELIGIBLE,R03b_20260811_FULL_v1,L1_ELIGIBILITY,v2026-08-11,2026-03-21..2026-08-06,baccarat_bet02_101_all_pairs_incl_sentinel,round_win = game_pnl > 0 (decisive only),COMPATIBILITY_ONLY_NOT_PRODUCTION,557989.4742,504875.3716,9878.7574,24851,24505,-0.01770420,0.00338982,-0.02772422,-0.01770420,-9878.7574,557989.4742,OK,0.0000,395.1503,4.0000,96.0000,AG03-UNRESOLVED,ALL5_LEVELS_bet23_to_bet27,395.1503,395.1503,395.1503,0.0000,0.0000,4.000000,4.000000,4.000000,0.000000,0.000000,96.000000,96.000000,96.000000,100.000000,100.000000,5.0,1185.4509,1138.6651,8693.3065,8740.0923,PENDING_AG03,FALSE,NOT_FOR_ENFORCEMENT,9483.6071,484680.3568,9878.7574,9483.6071,395.1503,0.01770420,0.01699603,395.1503,9483.6071,0.01699603,395.1503,395.1503,395.1503,0.0000,0.0000,9483.6071,0.01699603,1185.4509,1138.6651,8693.3065,8740.0923,0.01557970,0.01566354,0.00070817,22.4534,20.6030,0.4031,82.3230,2.6463,4649.9123,204.2083,25.9152,21.1137,12.8578,14.5296,26.176,48.8436,54.2173,102.8621,13.088,0.0,3.731508,7.079487,1.545355,30,207,63,6,0.32204186,0.01770420,-0.00338982,0E-8,0.000000,0.904812,0.002133,0.03111404,2026-03-21,2026-08-06,120,3733,1703,139,0.863309,1.227414,1.154177,1.073473,,,,,,,,GLOBAL_BASELINE_NO_ENTITY_RANKING,,,NOT_APPLICABLE_GLOBAL_BASELINE,HF9g-P5,,,,X 全窗基线 · 不参与实体赏罚,15054328,1506,A168_HF9F_20260827_0900,2026-08-27 09:00:00
2026-08-05,127529701,2142,0,219.6080445895,32.1064392674,32.1064392674,0.4000000,6,6,0.49994810000000000,0.499948100000,-0.4469814940518811,-0.4469814940518811,-0.4469814940518811,0E-17,ELIGIBLE,R03b_20260811_FULL_v1,L1_ELIGIBILITY,v2026-08-11,2026-03-21..2026-08-06,baccarat_bet02_101_all_pairs_incl_sentinel,round_win = game_pnl > 0 (decisive only),COMPATIBILITY_ONLY_NOT_PRODUCTION,557989.4742,504875.3716,9878.7574,24851,24505,-0.01770420,0.00338982,-0.02772422,-0.01770420,-9878.7574,557989.4742,OK,0.0000,395.1503,4.0000,96.0000,AG03-UNRESOLVED,ALL5_LEVELS_bet23_to_bet27,395.1503,395.1503,395.1503,0.0000,0.0000,4.000000,4.000000,4.000000,0.000000,0.000000,96.000000,96.000000,96.000000,100.000000,100.000000,5.0,1185.4509,1138.6651,8693.3065,8740.0923,PENDING_AG03,FALSE,NOT_FOR_ENFORCEMENT,9483.6071,484680.3568,9878.7574,9483.6071,395.1503,0.01770420,0.01699603,395.1503,9483.6071,0.01699603,395.1503,395.1503,395.1503,0.0000,0.0000,9483.6071,0.01699603,1185.4509,1138.6651,8693.3065,8740.0923,0.01557970,0.01566354,0.00070817,22.4534,20.6030,0.4031,82.3230,2.6463,4649.9123,204.2083,25.9152,21.1137,12.8578,14.5296,26.176,48.8436,54.2173,102.8621,13.088,0.0,3.731508,7.079487,1.545355,30,207,63,6,0.32204186,0.01770420,-0.00338982,0E-8,0.000000,0.904812,0.002133,0.03111404,2026-03-21,2026-08-06,120,3733,1703,139,0.863309,1.227414,1.154177,1.073473,,,,,,,,GLOBAL_BASELINE_NO_ENTITY_RANKING,,,NOT_APPLICABLE_GLOBAL_BASELINE,HF9g-P5,,,,X 全窗基线 · 不参与实体赏罚,15054329,1506,A168_HF9F_20260827_0900,2026-08-27 09:00:00
2026-08-05,127529701,2145,0,37.7571725786,-37.7571725786,-37.7571725786,0E-7,3,3,0.49771390000000000,0.497713900000,-1.724149546644903,-1.724149546644903,-1.724149546644903,0E-17,ELIGIBLE,R03b_20260811_FULL_v1,L1_ELIGIBILITY,v2026-08-11,2026-03-21..2026-08-06,baccarat_bet02_101_all_pairs_incl_sentinel,round_win = game_pnl > 0 (decisive only),COMPATIBILITY_ONLY_NOT_PRODUCTION,557989.4742,504875.3716,9878.7574,24851,24505,-0.01770420,0.00338982,-0.02772422,-0.01770420,-9878.7574,557989.4742,OK,0.0000,395.1503,4.0000,96.0000,AG03-UNRESOLVED,ALL5_LEVELS_bet23_to_bet27,395.1503,395.1503,395.1503,0.0000,0.0000,4.000000,4.000000,4.000000,0.000000,0.000000,96.000000,96.000000,96.000000,100.000000,100.000000,5.0,1185.4509,1138.6651,8693.3065,8740.0923,PENDING_AG03,FALSE,NOT_FOR_ENFORCEMENT,9483.6071,484680.3568,9878.7574,9483.6071,395.1503,0.01770420,0.01699603,395.1503,9483.6071,0.01699603,395.1503,395.1503,395.1503,0.0000,0.0000,9483.6071,0.01699603,1185.4509,1138.6651,8693.3065,8740.0923,0.01557970,0.01566354,0.00070817,22.4534,20.6030,0.4031,82.3230,2.6463,4649.9123,204.2083,25.9152,21.1137,12.8578,14.5296,26.176,48.8436,54.2173,102.8621,13.088,0.0,3.731508,7.079487,1.545355,30,207,63,6,0.32204186,0.01770420,-0.00338982,0E-8,0.000000,0.904812,0.002133,0.03111404,2026-03-21,2026-08-06,120,3733,1703,139,0.863309,1.227414,1.154177,1.073473,,,,,,,,GLOBAL_BASELINE_NO_ENTITY_RANKING,,,NOT_APPLICABLE_GLOBAL_BASELINE,HF9g-P5,,,,X 全窗基线 · 不参与实体赏罚,15054330,1506,A168_HF9F_20260827_0900,2026-08-27 09:00:00
2026-08-05,127529701,2178,0,38.5277271210,-38.5277271210,-38.5277271210,0E-7,1,1,0.49324550000000000,0.493245500000,-0.9865810262130424,-0.9865810262130424,-0.9865810262130424,0E-17,ELIGIBLE,R03b_20260811_FULL_v1,L1_ELIGIBILITY,v2026-08-11,2026-03-21..2026-08-06,baccarat_bet02_101_all_pairs_incl_sentinel,round_win = game_pnl > 0 (decisive only),COMPATIBILITY_ONLY_NOT_PRODUCTION,557989.4742,504875.3716,9878.7574,24851,24505,-0.01770420,0.00338982,-0.02772422,-0.01770420,-9878.7574,557989.4742,OK,0.0000,395.1503,4.0000,96.0000,AG03-UNRESOLVED,ALL5_LEVELS_bet23_to_bet27,395.1503,395.1503,395.1503,0.0000,0.0000,4.000000,4.000000,4.000000,0.000000,0.000000,96.000000,96.000000,96.000000,100.000000,100.000000,5.0,1185.4509,1138.6651,8693.3065,8740.0923,PENDING_AG03,FALSE,NOT_FOR_ENFORCEMENT,9483.6071,484680.3568,9878.7574,9483.6071,395.1503,0.01770420,0.01699603,395.1503,9483.6071,0.01699603,395.1503,395.1503,395.1503,0.0000,0.0000,9483.6071,0.01699603,1185.4509,1138.6651,8693.3065,8740.0923,0.01557970,0.01566354,0.00070817,22.4534,20.6030,0.4031,82.3230,2.6463,4649.9123,204.2083,25.9152,21.1137,12.8578,14.5296,26.176,48.8436,54.2173,102.8621,13.088,0.0,3.731508,7.079487,1.545355,30,207,63,6,0.32204186,0.01770420,-0.00338982,0E-8,0.000000,0.904812,0.002133,0.03111404,2026-03-21,2026-08-06,120,3733,1703,139,0.863309,1.227414,1.154177,1.073473,,,,,,,,GLOBAL_BASELINE_NO_ENTITY_RANKING,,,NOT_APPLICABLE_GLOBAL_BASELINE,HF9g-P5,,,,X 全窗基线 · 不参与实体赏罚,15054331,1506,A168_HF9F_20260827_0900,2026-08-27 09:00:00
2026-08-05,127529701,2201,0,129.9668661548,44.8848020960,44.8848020960,0.5000000,7,7,0.49707555714285714,0.497075557143,0.014327030625969732,0.014327030625269827,0.014327030625969732,-1.4286E-13,ELIGIBLE,R03b_20260811_FULL_v1,L1_ELIGIBILITY,v2026-08-11,2026-03-21..2026-08-06,baccarat_bet02_101_all_pairs_incl_sentinel,round_win = game_pnl > 0 (decisive only),COMPATIBILITY_ONLY_NOT_PRODUCTION,557989.4742,504875.3716,9878.7574,24851,24505,-0.01770420,0.00338982,-0.02772422,-0.01770420,-9878.7574,557989.4742,OK,0.0000,395.1503,4.0000,96.0000,AG03-UNRESOLVED,ALL5_LEVELS_bet23_to_bet27,395.1503,395.1503,395.1503,0.0000,0.0000,4.000000,4.000000,4.000000,0.000000,0.000000,96.000000,96.000000,96.000000,100.000000,100.000000,5.0,1185.4509,1138.6651,8693.3065,8740.0923,PENDING_AG03,FALSE,NOT_FOR_ENFORCEMENT,9483.6071,484680.3568,9878.7574,9483.6071,395.1503,0.01770420,0.01699603,395.1503,9483.6071,0.01699603,395.1503,395.1503,395.1503,0.0000,0.0000,9483.6071,0.01699603,1185.4509,1138.6651,8693.3065,8740.0923,0.01557970,0.01566354,0.00070817,22.4534,20.6030,0.4031,82.3230,2.6463,4649.9123,204.2083,25.9152,21.1137,12.8578,14.5296,26.176,48.8436,54.2173,102.8621,13.088,0.0,3.731508,7.079487,1.545355,30,207,63,6,0.32204186,0.01770420,-0.00338982,0E-8,0.000000,0.904812,0.002133,0.03111404,2026-03-21,2026-08-06,120,3733,1703,139,0.863309,1.227414,1.154177,1.073473,,,,,,,,GLOBAL_BASELINE_NO_ENTITY_RANKING,,,NOT_APPLICABLE_GLOBAL_BASELINE,HF9g-P5,,,,X 全窗基线 · 不参与实体赏罚,15054332,1506,A168_HF9F_20260827_0900,2026-08-27 09:00:00
2026-08-05,127529701,2223,0,43.6647574038,-43.6647574038,-43.6647574038,0E-7,2,2,0.49994810000000000,0.499948100000,-1.4140667746232096,-1.4140667746232096,-1.4140667746232096,0E-17,ELIGIBLE,R03b_20260811_FULL_v1,L1_ELIGIBILITY,v2026-08-11,2026-03-21..2026-08-06,baccarat_bet02_101_all_pairs_incl_sentinel,round_win = game_pnl > 0 (decisive only),COMPATIBILITY_ONLY_NOT_PRODUCTION,557989.4742,504875.3716,9878.7574,24851,24505,-0.01770420,0.00338982,-0.02772422,-0.01770420,-9878.7574,557989.4742,OK,0.0000,395.1503,4.0000,96.0000,AG03-UNRESOLVED,ALL5_LEVELS_bet23_to_bet27,395.1503,395.1503,395.1503,0.0000,0.0000,4.000000,4.000000,4.000000,0.000000,0.000000,96.000000,96.000000,96.000000,100.000000,100.000000,5.0,1185.4509,1138.6651,8693.3065,8740.0923,PENDING_AG03,FALSE,NOT_FOR_ENFORCEMENT,9483.6071,484680.3568,9878.7574,9483.6071,395.1503,0.01770420,0.01699603,395.1503,9483.6071,0.01699603,395.1503,395.1503,395.1503,0.0000,0.0000,9483.6071,0.01699603,1185.4509,1138.6651,8693.3065,8740.0923,0.01557970,0.01566354,0.00070817,22.4534,20.6030,0.4031,82.3230,2.6463,4649.9123,204.2083,25.9152,21.1137,12.8578,14.5296,26.176,48.8436,54.2173,102.8621,13.088,0.0,3.731508,7.079487,1.545355,30,207,63,6,0.32204186,0.01770420,-0.00338982,0E-8,0.000000,0.904812,0.002133,0.03111404,2026-03-21,2026-08-06,120,3733,1703,139,0.863309,1.227414,1.154177,1.073473,,,,,,,,GLOBAL_BASELINE_NO_ENTITY_RANKING,,,NOT_APPLICABLE_GLOBAL_BASELINE,HF9g-P5,,,,X 全窗基线 · 不参与实体赏罚,15054333,1506,A168_HF9F_20260827_0900,2026-08-27 09:00:00
2026-08-05,127529701,2241,0,51.3703028279,51.3703028279,51.3703028279,1.0000000,1,1,0.49324550000000000,0.493245500000,1.01360149184955,1.01360149184955,1.01360149184955,0E-17,ELIGIBLE,R03b_20260811_FULL_v1,L1_ELIGIBILITY,v2026-08-11,2026-03-21..2026-08-06,baccarat_bet02_101_all_pairs_incl_sentinel,round_win = game_pnl > 0 (decisive only),COMPATIBILITY_ONLY_NOT_PRODUCTION,557989.4742,504875.3716,9878.7574,24851,24505,-0.01770420,0.00338982,-0.02772422,-0.01770420,-9878.7574,557989.4742,OK,0.0000,395.1503,4.0000,96.0000,AG03-UNRESOLVED,ALL5_LEVELS_bet23_to_bet27,395.1503,395.1503,395.1503,0.0000,0.0000,4.000000,4.000000,4.000000,0.000000,0.000000,96.000000,96.000000,96.000000,100.000000,100.000000,5.0,1185.4509,1138.6651,8693.3065,8740.0923,PENDING_AG03,FALSE,NOT_FOR_ENFORCEMENT,9483.6071,484680.3568,9878.7574,9483.6071,395.1503,0.01770420,0.01699603,395.1503,9483.6071,0.01699603,395.1503,395.1503,395.1503,0.0000,0.0000,9483.6071,0.01699603,1185.4509,1138.6651,8693.3065,8740.0923,0.01557970,0.01566354,0.00070817,22.4534,20.6030,0.4031,82.3230,2.6463,4649.9123,204.2083,25.9152,21.1137,12.8578,14.5296,26.176,48.8436,54.2173,102.8621,13.088,0.0,3.731508,7.079487,1.545355,30,207,63,6,0.32204186,0.01770420,-0.00338982,0E-8,0.000000,0.904812,0.002133,0.03111404,2026-03-21,2026-08-06,120,3733,1703,139,0.863309,1.227414,1.154177,1.073473,,,,,,,,GLOBAL_BASELINE_NO_ENTITY_RANKING,,,NOT_APPLICABLE_GLOBAL_BASELINE,HF9g-P5,,,,X 全窗基线 · 不参与实体赏罚,15054334,1506,A168_HF9F_20260827_0900,2026-08-27 09:00:00
2026-08-05,127529701,2248,0,97.6035753731,35.9592119795,35.9592119795,0.5000000,4,4,0.49659680000000000,0.496596800000,0.013613115331600182,0.013613115331600183,0.013613115331600182,0E-17,ELIGIBLE,R03b_20260811_FULL_v1,L1_ELIGIBILITY,v2026-08-11,2026-03-21..2026-08-06,baccarat_bet02_101_all_pairs_incl_sentinel,round_win = game_pnl > 0 (decisive only),COMPATIBILITY_ONLY_NOT_PRODUCTION,557989.4742,504875.3716,9878.7574,24851,24505,-0.01770420,0.00338982,-0.02772422,-0.01770420,-9878.7574,557989.4742,OK,0.0000,395.1503,4.0000,96.0000,AG03-UNRESOLVED,ALL5_LEVELS_bet23_to_bet27,395.1503,395.1503,395.1503,0.0000,0.0000,4.000000,4.000000,4.000000,0.000000,0.000000,96.000000,96.000000,96.000000,100.000000,100.000000,5.0,1185.4509,1138.6651,8693.3065,8740.0923,PENDING_AG03,FALSE,NOT_FOR_ENFORCEMENT,9483.6071,484680.3568,9878.7574,9483.6071,395.1503,0.01770420,0.01699603,395.1503,9483.6071,0.01699603,395.1503,395.1503,395.1503,0.0000,0.0000,9483.6071,0.01699603,1185.4509,1138.6651,8693.3065,8740.0923,0.01557970,0.01566354,0.00070817,22.4534,20.6030,0.4031,82.3230,2.6463,4649.9123,204.2083,25.9152,21.1137,12.8578,14.5296,26.176,48.8436,54.2173,102.8621,13.088,0.0,3.731508,7.079487,1.545355,30,207,63,6,0.32204186,0.01770420,-0.00338982,0E-8,0.000000,0.904812,0.002133,0.03111404,2026-03-21,2026-08-06,120,3733,1703,139,0.863309,1.227414,1.154177,1.073473,,,,,,,,GLOBAL_BASELINE_NO_ENTITY_RANKING,,,NOT_APPLICABLE_GLOBAL_BASELINE,HF9g-P5,,,,X 全窗基线 · 不参与实体赏罚,15054335,1506,A168_HF9F_20260827_0900,2026-08-27 09:00:00
2026-08-05,127529701,2250,0,28.2536665554,-15.4110908484,-15.4110908484,0E-7,2,2,0.49324550000000000,0.493245500000,-0.9865810262130424,-0.9865810262130424,-0.9865810262130424,0E-17,ELIGIBLE,R03b_20260811_FULL_v1,L1_ELIGIBILITY,v2026-08-11,2026-03-21..2026-08-06,baccarat_bet02_101_all_pairs_incl_sentinel,round_win = game_pnl > 0 (decisive only),COMPATIBILITY_ONLY_NOT_PRODUCTION,557989.4742,504875.3716,9878.7574,24851,24505,-0.01770420,0.00338982,-0.02772422,-0.01770420,-9878.7574,557989.4742,OK,0.0000,395.1503,4.0000,96.0000,AG03-UNRESOLVED,ALL5_LEVELS_bet23_to_bet27,395.1503,395.1503,395.1503,0.0000,0.0000,4.000000,4.000000,4.000000,0.000000,0.000000,96.000000,96.000000,96.000000,100.000000,100.000000,5.0,1185.4509,1138.6651,8693.3065,8740.0923,PENDING_AG03,FALSE,NOT_FOR_ENFORCEMENT,9483.6071,484680.3568,9878.7574,9483.6071,395.1503,0.01770420,0.01699603,395.1503,9483.6071,0.01699603,395.1503,395.1503,395.1503,0.0000,0.0000,9483.6071,0.01699603,1185.4509,1138.6651,8693.3065,8740.0923,0.01557970,0.01566354,0.00070817,22.4534,20.6030,0.4031,82.3230,2.6463,4649.9123,204.2083,25.9152,21.1137,12.8578,14.5296,26.176,48.8436,54.2173,102.8621,13.088,0.0,3.731508,7.079487,1.545355,30,207,63,6,0.32204186,0.01770420,-0.00338982,0E-8,0.000000,0.904812,0.002133,0.03111404,2026-03-21,2026-08-06,120,3733,1703,139,0.863309,1.227414,1.154177,1.073473,,,,,,,,GLOBAL_BASELINE_NO_ENTITY_RANKING,,,NOT_APPLICABLE_GLOBAL_BASELINE,HF9g-P5,,,,X 全窗基线 · 不参与实体赏罚,15054336,1506,A168_HF9F_20260827_0900,2026-08-27 09:00:00
2026-08-05,127529701,2251,0,345.7221380321,166.8507435851,166.8507435851,0.6666667,12,12,0.50106520000000000,0.501065200000,1.1473232199242855,1.1473232199242858,1.1473232199242855,0E-17,ELIGIBLE,R03b_20260811_FULL_v1,L1_ELIGIBILITY,v2026-08-11,2026-03-21..2026-08-06,baccarat_bet02_101_all_pairs_incl_sentinel,round_win = game_pnl > 0 (decisive only),COMPATIBILITY_ONLY_NOT_PRODUCTION,557989.4742,504875.3716,9878.7574,24851,24505,-0.01770420,0.00338982,-0.02772422,-0.01770420,-9878.7574,557989.4742,OK,0.0000,395.1503,4.0000,96.0000,AG03-UNRESOLVED,ALL5_LEVELS_bet23_to_bet27,395.1503,395.1503,395.1503,0.0000,0.0000,4.000000,4.000000,4.000000,0.000000,0.000000,96.000000,96.000000,96.000000,100.000000,100.000000,5.0,1185.4509,1138.6651,8693.3065,8740.0923,PENDING_AG03,FALSE,NOT_FOR_ENFORCEMENT,9483.6071,484680.3568,9878.7574,9483.6071,395.1503,0.01770420,0.01699603,395.1503,9483.6071,0.01699603,395.1503,395.1503,395.1503,0.0000,0.0000,9483.6071,0.01699603,1185.4509,1138.6651,8693.3065,8740.0923,0.01557970,0.01566354,0.00070817,22.4534,20.6030,0.4031,82.3230,2.6463,4649.9123,204.2083,25.9152,21.1137,12.8578,14.5296,26.176,48.8436,54.2173,102.8621,13.088,0.0,3.731508,7.079487,1.545355,30,207,63,6,0.32204186,0.01770420,-0.00338982,0E-8,0.000000,0.904812,0.002133,0.03111404,2026-03-21,2026-08-06,120,3733,1703,139,0.863309,1.227414,1.154177,1.073473,,,,,,,,GLOBAL_BASELINE_NO_ENTITY_RANKING,,,NOT_APPLICABLE_GLOBAL_BASELINE,HF9g-P5,,,,X 全窗基线 · 不参与实体赏罚,15054337,1506,A168_HF9F_20260827_0900,2026-08-27 09:00:00
2026-08-05,127529701,2252,0,232.9643233249,-26.7125574706,-26.7125574706,0.4444444,9,9,0.49771390000000000,0.497713900000,-0.3196200741816709,-0.3196200741816709,-0.3196200741816709,0E-17,ELIGIBLE,R03b_20260811_FULL_v1,L1_ELIGIBILITY,v2026-08-11,2026-03-21..2026-08-06,baccarat_bet02_101_all_pairs_incl_sentinel,round_win = game_pnl > 0 (decisive only),COMPATIBILITY_ONLY_NOT_PRODUCTION,557989.4742,504875.3716,9878.7574,24851,24505,-0.01770420,0.00338982,-0.02772422,-0.01770420,-9878.7574,557989.4742,OK,0.0000,395.1503,4.0000,96.0000,AG03-UNRESOLVED,ALL5_LEVELS_bet23_to_bet27,395.1503,395.1503,395.1503,0.0000,0.0000,4.000000,4.000000,4.000000,0.000000,0.000000,96.000000,96.000000,96.000000,100.000000,100.000000,5.0,1185.4509,1138.6651,8693.3065,8740.0923,PENDING_AG03,FALSE,NOT_FOR_ENFORCEMENT,9483.6071,484680.3568,9878.7574,9483.6071,395.1503,0.01770420,0.01699603,395.1503,9483.6071,0.01699603,395.1503,395.1503,395.1503,0.0000,0.0000,9483.6071,0.01699603,1185.4509,1138.6651,8693.3065,8740.0923,0.01557970,0.01566354,0.00070817,22.4534,20.6030,0.4031,82.3230,2.6463,4649.9123,204.2083,25.9152,21.1137,12.8578,14.5296,26.176,48.8436,54.2173,102.8621,13.088,0.0,3.731508,7.079487,1.545355,30,207,63,6,0.32204186,0.01770420,-0.00338982,0E-8,0.000000,0.904812,0.002133,0.03111404,2026-03-21,2026-08-06,120,3733,1703,139,0.863309,1.227414,1.154177,1.073473,,,,,,,,GLOBAL_BASELINE_NO_ENTITY_RANKING,,,NOT_APPLICABLE_GLOBAL_BASELINE,HF9g-P5,,,,X 全窗基线 · 不参与实体赏罚,15054338,1506,A168_HF9F_20260827_0900,2026-08-27 09:00:00
2026-08-05,127529701,2261,0,148.9738782011,92.4665450903,92.4665450903,0.7500000,4,4,0.50329940000000000,0.503299400000,0.9868238854431842,0.9868238854431842,0.9868238854431842,0E-17,ELIGIBLE,R03b_20260811_FULL_v1,L1_ELIGIBILITY,v2026-08-11,2026-03-21..2026-08-06,baccarat_bet02_101_all_pairs_incl_sentinel,round_win = game_pnl > 0 (decisive only),COMPATIBILITY_ONLY_NOT_PRODUCTION,557989.4742,504875.3716,9878.7574,24851,24505,-0.01770420,0.00338982,-0.02772422,-0.01770420,-9878.7574,557989.4742,OK,0.0000,395.1503,4.0000,96.0000,AG03-UNRESOLVED,ALL5_LEVELS_bet23_to_bet27,395.1503,395.1503,395.1503,0.0000,0.0000,4.000000,4.000000,4.000000,0.000000,0.000000,96.000000,96.000000,96.000000,100.000000,100.000000,5.0,1185.4509,1138.6651,8693.3065,8740.0923,PENDING_AG03,FALSE,NOT_FOR_ENFORCEMENT,9483.6071,484680.3568,9878.7574,9483.6071,395.1503,0.01770420,0.01699603,395.1503,9483.6071,0.01699603,395.1503,395.1503,395.1503,0.0000,0.0000,9483.6071,0.01699603,1185.4509,1138.6651,8693.3065,8740.0923,0.01557970,0.01566354,0.00070817,22.4534,20.6030,0.4031,82.3230,2.6463,4649.9123,204.2083,25.9152,21.1137,12.8578,14.5296,26.176,48.8436,54.2173,102.8621,13.088,0.0,3.731508,7.079487,1.545355,30,207,63,6,0.32204186,0.01770420,-0.00338982,0E-8,0.000000,0.904812,0.002133,0.03111404,2026-03-21,2026-08-06,120,3733,1703,139,0.863309,1.227414,1.154177,1.073473,,,,,,,,GLOBAL_BASELINE_NO_ENTITY_RANKING,,,NOT_APPLICABLE_GLOBAL_BASELINE,HF9g-P5,,,,X 全窗基线 · 不参与实体赏罚,15054339,1506,A168_HF9F_20260827_0900,2026-08-27 09:00:00
2026-08-05,127529701,2271,0,25.6851514140,25.6851514140,25.6851514140,1.0000000,1,1,0.49324550000000000,0.493245500000,1.01360149184955,1.01360149184955,1.01360149184955,0E-17,ELIGIBLE,R03b_20260811_FULL_v1,L1_ELIGIBILITY,v2026-08-11,2026-03-21..2026-08-06,baccarat_bet02_101_all_pairs_incl_sentinel,round_win = game_pnl > 0 (decisive only),COMPATIBILITY_ONLY_NOT_PRODUCTION,557989.4742,504875.3716,9878.7574,24851,24505,-0.01770420,0.00338982,-0.02772422,-0.01770420,-9878.7574,557989.4742,OK,0.0000,395.1503,4.0000,96.0000,AG03-UNRESOLVED,ALL5_LEVELS_bet23_to_bet27,395.1503,395.1503,395.1503,0.0000,0.0000,4.000000,4.000000,4.000000,0.000000,0.000000,96.000000,96.000000,96.000000,100.000000,100.000000,5.0,1185.4509,1138.6651,8693.3065,8740.0923,PENDING_AG03,FALSE,NOT_FOR_ENFORCEMENT,9483.6071,484680.3568,9878.7574,9483.6071,395.1503,0.01770420,0.01699603,395.1503,9483.6071,0.01699603,395.1503,395.1503,395.1503,0.0000,0.0000,9483.6071,0.01699603,1185.4509,1138.6651,8693.3065,8740.0923,0.01557970,0.01566354,0.00070817,22.4534,20.6030,0.4031,82.3230,2.6463,4649.9123,204.2083,25.9152,21.1137,12.8578,14.5296,26.176,48.8436,54.2173,102.8621,13.088,0.0,3.731508,7.079487,1.545355,30,207,63,6,0.32204186,0.01770420,-0.00338982,0E-8,0.000000,0.904812,0.002133,0.03111404,2026-03-21,2026-08-06,120,3733,1703,139,0.863309,1.227414,1.154177,1.073473,,,,,,,,GLOBAL_BASELINE_NO_ENTITY_RANKING,,,NOT_APPLICABLE_GLOBAL_BASELINE,HF9g-P5,,,,X 全窗基线 · 不参与实体赏罚,15054340,1506,A168_HF9F_20260827_0900,2026-08-27 09:00:00
2026-08-05,127529701,526,0,79.6239693834,66.9098194335,66.9098194335,0.8000000,5,5,0.50396966000000000,0.503969660000,1.3239296534401845,1.3239296534401845,1.3239296534401845,0E-17,ELIGIBLE,R03b_20260811_FULL_v1,L1_ELIGIBILITY,v2026-08-11,2026-03-21..2026-08-06,baccarat_bet02_101_all_pairs_incl_sentinel,round_win = game_pnl > 0 (decisive only),COMPATIBILITY_ONLY_NOT_PRODUCTION,557989.4742,504875.3716,9878.7574,24851,24505,-0.01770420,0.00338982,-0.02772422,-0.01770420,-9878.7574,557989.4742,OK,0.0000,395.1503,4.0000,96.0000,AG03-UNRESOLVED,ALL5_LEVELS_bet23_to_bet27,395.1503,395.1503,395.1503,0.0000,0.0000,4.000000,4.000000,4.000000,0.000000,0.000000,96.000000,96.000000,96.000000,100.000000,100.000000,5.0,1185.4509,1138.6651,8693.3065,8740.0923,PENDING_AG03,FALSE,NOT_FOR_ENFORCEMENT,9483.6071,484680.3568,9878.7574,9483.6071,395.1503,0.01770420,0.01699603,395.1503,9483.6071,0.01699603,395.1503,395.1503,395.1503,0.0000,0.0000,9483.6071,0.01699603,1185.4509,1138.6651,8693.3065,8740.0923,0.01557970,0.01566354,0.00070817,22.4534,20.6030,0.4031,82.3230,2.6463,4649.9123,204.2083,25.9152,21.1137,12.8578,14.5296,26.176,48.8436,54.2173,102.8621,13.088,0.0,3.731508,7.079487,1.545355,30,207,63,6,0.32204186,0.01770420,-0.00338982,0E-8,0.000000,0.904812,0.002133,0.03111404,2026-03-21,2026-08-06,120,3733,1703,139,0.863309,1.227414,1.154177,1.073473,,,,,,,,GLOBAL_BASELINE_NO_ENTITY_RANKING,,,NOT_APPLICABLE_GLOBAL_BASELINE,HF9g-P5,,,,X 全窗基线 · 不参与实体赏罚,15054341,1506,A168_HF9F_20260827_0900,2026-08-27 09:00:00
2026-08-05,127529701,550,0,227.3135900137,70.6341663884,70.6341663884,0.6666667,7,7,0.49899058571428571,0.498990585714,0.8214433547731099,0.8214433547745106,0.8214433547731099,2.8571E-13,ELIGIBLE,R03b_20260811_FULL_v1,L1_ELIGIBILITY,v2026-08-11,2026-03-21..2026-08-06,baccarat_bet02_101_all_pairs_incl_sentinel,round_win = game_pnl > 0 (decisive only),COMPATIBILITY_ONLY_NOT_PRODUCTION,557989.4742,504875.3716,9878.7574,24851,24505,-0.01770420,0.00338982,-0.02772422,-0.01770420,-9878.7574,557989.4742,OK,0.0000,395.1503,4.0000,96.0000,AG03-UNRESOLVED,ALL5_LEVELS_bet23_to_bet27,395.1503,395.1503,395.1503,0.0000,0.0000,4.000000,4.000000,4.000000,0.000000,0.000000,96.000000,96.000000,96.000000,100.000000,100.000000,5.0,1185.4509,1138.6651,8693.3065,8740.0923,PENDING_AG03,FALSE,NOT_FOR_ENFORCEMENT,9483.6071,484680.3568,9878.7574,9483.6071,395.1503,0.01770420,0.01699603,395.1503,9483.6071,0.01699603,395.1503,395.1503,395.1503,0.0000,0.0000,9483.6071,0.01699603,1185.4509,1138.6651,8693.3065,8740.0923,0.01557970,0.01566354,0.00070817,22.4534,20.6030,0.4031,82.3230,2.6463,4649.9123,204.2083,25.9152,21.1137,12.8578,14.5296,26.176,48.8436,54.2173,102.8621,13.088,0.0,3.731508,7.079487,1.545355,30,207,63,6,0.32204186,0.01770420,-0.00338982,0E-8,0.000000,0.904812,0.002133,0.03111404,2026-03-21,2026-08-06,120,3733,1703,139,0.863309,1.227414,1.154177,1.073473,,,,,,,,GLOBAL_BASELINE_NO_ENTITY_RANKING,,,NOT_APPLICABLE_GLOBAL_BASELINE,HF9g-P5,,,,X 全窗基线 · 不参与实体赏罚,15054342,1506,A168_HF9F_20260827_0900,2026-08-27 09:00:00
2026-08-05,127529701,595,0,138.6998176355,-83.6051678525,-83.6051678525,0.2000000,5,5,0.49860758000000000,0.498607580000,-1.3354188732730328,-1.3354188732730328,-1.3354188732730328,0E-17,ELIGIBLE,R03b_20260811_FULL_v1,L1_ELIGIBILITY,v2026-08-11,2026-03-21..2026-08-06,baccarat_bet02_101_all_pairs_incl_sentinel,round_win = game_pnl > 0 (decisive only),COMPATIBILITY_ONLY_NOT_PRODUCTION,557989.4742,504875.3716,9878.7574,24851,24505,-0.01770420,0.00338982,-0.02772422,-0.01770420,-9878.7574,557989.4742,OK,0.0000,395.1503,4.0000,96.0000,AG03-UNRESOLVED,ALL5_LEVELS_bet23_to_bet27,395.1503,395.1503,395.1503,0.0000,0.0000,4.000000,4.000000,4.000000,0.000000,0.000000,96.000000,96.000000,96.000000,100.000000,100.000000,5.0,1185.4509,1138.6651,8693.3065,8740.0923,PENDING_AG03,FALSE,NOT_FOR_ENFORCEMENT,9483.6071,484680.3568,9878.7574,9483.6071,395.1503,0.01770420,0.01699603,395.1503,9483.6071,0.01699603,395.1503,395.1503,395.1503,0.0000,0.0000,9483.6071,0.01699603,1185.4509,1138.6651,8693.3065,8740.0923,0.01557970,0.01566354,0.00070817,22.4534,20.6030,0.4031,82.3230,2.6463,4649.9123,204.2083,25.9152,21.1137,12.8578,14.5296,26.176,48.8436,54.2173,102.8621,13.088,0.0,3.731508,7.079487,1.545355,30,207,63,6,0.32204186,0.01770420,-0.00338982,0E-8,0.000000,0.904812,0.002133,0.03111404,2026-03-21,2026-08-06,120,3733,1703,139,0.863309,1.227414,1.154177,1.073473,,,,,,,,GLOBAL_BASELINE_NO_ENTITY_RANKING,,,NOT_APPLICABLE_GLOBAL_BASELINE,HF9g-P5,,,,X 全窗基线 · 不参与实体赏罚,15054343,1506,A168_HF9F_20260827_0900,2026-08-27 09:00:00
2026-08-05,127529701,919,0,683.2250276119,75.7711966713,75.7711966713,0.6470588,23,20,0.49241263444443851,0.483831127500,1.2753919966766758,1.3467143973509976,1.2753919966766758,0.00858150694443851,ELIGIBLE,R03b_20260811_FULL_v1,L1_ELIGIBILITY,v2026-08-11,2026-03-21..2026-08-06,baccarat_bet02_101_all_pairs_incl_sentinel,round_win = game_pnl > 0 (decisive only),COMPATIBILITY_ONLY_NOT_PRODUCTION,557989.4742,504875.3716,9878.7574,24851,24505,-0.01770420,0.00338982,-0.02772422,-0.01770420,-9878.7574,557989.4742,OK,0.0000,395.1503,4.0000,96.0000,AG03-UNRESOLVED,ALL5_LEVELS_bet23_to_bet27,395.1503,395.1503,395.1503,0.0000,0.0000,4.000000,4.000000,4.000000,0.000000,0.000000,96.000000,96.000000,96.000000,100.000000,100.000000,5.0,1185.4509,1138.6651,8693.3065,8740.0923,PENDING_AG03,FALSE,NOT_FOR_ENFORCEMENT,9483.6071,484680.3568,9878.7574,9483.6071,395.1503,0.01770420,0.01699603,395.1503,9483.6071,0.01699603,395.1503,395.1503,395.1503,0.0000,0.0000,9483.6071,0.01699603,1185.4509,1138.6651,8693.3065,8740.0923,0.01557970,0.01566354,0.00070817,22.4534,20.6030,0.4031,82.3230,2.6463,4649.9123,204.2083,25.9152,21.1137,12.8578,14.5296,26.176,48.8436,54.2173,102.8621,13.088,0.0,3.731508,7.079487,1.545355,30,207,63,6,0.32204186,0.01770420,-0.00338982,0E-8,0.000000,0.904812,0.002133,0.03111404,2026-03-21,2026-08-06,120,3733,1703,139,0.863309,1.227414,1.154177,1.073473,,,,,,,,GLOBAL_BASELINE_NO_ENTITY_RANKING,,,NOT_APPLICABLE_GLOBAL_BASELINE,HF9g-P5,,,,X 全窗基线 · 不参与实体赏罚,15054344,1506,A168_HF9F_20260827_0900,2026-08-27 09:00:00
2026-08-05,127529701,970,0,307.1944109112,80.6642180156,80.6642180156,0.6363636,13,12,0.48850232500000000,0.482779437500,0.981060401467515,1.0193670841868978,0.981060401467515,0.00572288750000000,ELIGIBLE,R03b_20260811_FULL_v1,L1_ELIGIBILITY,v2026-08-11,2026-03-21..2026-08-06,baccarat_bet02_101_all_pairs_incl_sentinel,round_win = game_pnl > 0 (decisive only),COMPATIBILITY_ONLY_NOT_PRODUCTION,557989.4742,504875.3716,9878.7574,24851,24505,-0.01770420,0.00338982,-0.02772422,-0.01770420,-9878.7574,557989.4742,OK,0.0000,395.1503,4.0000,96.0000,AG03-UNRESOLVED,ALL5_LEVELS_bet23_to_bet27,395.1503,395.1503,395.1503,0.0000,0.0000,4.000000,4.000000,4.000000,0.000000,0.000000,96.000000,96.000000,96.000000,100.000000,100.000000,5.0,1185.4509,1138.6651,8693.3065,8740.0923,PENDING_AG03,FALSE,NOT_FOR_ENFORCEMENT,9483.6071,484680.3568,9878.7574,9483.6071,395.1503,0.01770420,0.01699603,395.1503,9483.6071,0.01699603,395.1503,395.1503,395.1503,0.0000,0.0000,9483.6071,0.01699603,1185.4509,1138.6651,8693.3065,8740.0923,0.01557970,0.01566354,0.00070817,22.4534,20.6030,0.4031,82.3230,2.6463,4649.9123,204.2083,25.9152,21.1137,12.8578,14.5296,26.176,48.8436,54.2173,102.8621,13.088,0.0,3.731508,7.079487,1.545355,30,207,63,6,0.32204186,0.01770420,-0.00338982,0E-8,0.000000,0.904812,0.002133,0.03111404,2026-03-21,2026-08-06,120,3733,1703,139,0.863309,1.227414,1.154177,1.073473,,,,,,,,GLOBAL_BASELINE_NO_ENTITY_RANKING,,,NOT_APPLICABLE_GLOBAL_BASELINE,HF9g-P5,,,,X 全窗基线 · 不参与实体赏罚,15054345,1506,A168_HF9F_20260827_0900,2026-08-27 09:00:00
2026-08-06,127529701,-1,1,5664.6032928382,235.7640048287,235.7640048287,0.5323741,159,159,0.50024318301886792,0.500243183019,0.7576359553052802,0.757635955302166,0.7576359553052802,-1.3208E-13,SENTINEL_DEALER,R03b_20260811_FULL_v1,L1_ELIGIBILITY,v2026-08-11,2026-03-21..2026-08-06,baccarat_bet02_101_all_pairs_incl_sentinel,round_win = game_pnl > 0 (decisive only),COMPATIBILITY_ONLY_NOT_PRODUCTION,557989.4742,504875.3716,9878.7574,24851,24505,-0.01770420,0.00338982,-0.02772422,-0.01770420,-9878.7574,557989.4742,OK,0.0000,395.1503,4.0000,96.0000,AG03-UNRESOLVED,ALL5_LEVELS_bet23_to_bet27,395.1503,395.1503,395.1503,0.0000,0.0000,4.000000,4.000000,4.000000,0.000000,0.000000,96.000000,96.000000,96.000000,100.000000,100.000000,5.0,1185.4509,1138.6651,8693.3065,8740.0923,PENDING_AG03,FALSE,NOT_FOR_ENFORCEMENT,9483.6071,484680.3568,9878.7574,9483.6071,395.1503,0.01770420,0.01699603,395.1503,9483.6071,0.01699603,395.1503,395.1503,395.1503,0.0000,0.0000,9483.6071,0.01699603,1185.4509,1138.6651,8693.3065,8740.0923,0.01557970,0.01566354,0.00070817,22.4534,20.6030,0.4031,82.3230,2.6463,4649.9123,204.2083,25.9152,21.1137,12.8578,14.5296,26.176,48.8436,54.2173,102.8621,13.088,0.0,3.731508,7.079487,1.545355,30,207,63,6,0.32204186,0.01770420,-0.00338982,0E-8,0.000000,0.904812,0.002133,0.03111404,2026-03-21,2026-08-06,120,3733,1703,139,0.863309,1.227414,1.154177,1.073473,,,,,,,,GLOBAL_BASELINE_NO_ENTITY_RANKING,,,NOT_APPLICABLE_GLOBAL_BASELINE,HF9g-P5,,,,X 全窗基线 · 不参与实体赏罚,15054346,1506,A168_HF9F_20260827_0900,2026-08-27 09:00:00
2026-08-06,127529701,1017,0,385.2772712095,-231.1663627257,-231.1663627257,0E-7,4,4,0.49994810000000000,0.499948100000,-1.4140667746232096,-1.4140667746232096,-1.4140667746232096,0E-17,ELIGIBLE,R03b_20260811_FULL_v1,L1_ELIGIBILITY,v2026-08-11,2026-03-21..2026-08-06,baccarat_bet02_101_all_pairs_incl_sentinel,round_win = game_pnl > 0 (decisive only),COMPATIBILITY_ONLY_NOT_PRODUCTION,557989.4742,504875.3716,9878.7574,24851,24505,-0.01770420,0.00338982,-0.02772422,-0.01770420,-9878.7574,557989.4742,OK,0.0000,395.1503,4.0000,96.0000,AG03-UNRESOLVED,ALL5_LEVELS_bet23_to_bet27,395.1503,395.1503,395.1503,0.0000,0.0000,4.000000,4.000000,4.000000,0.000000,0.000000,96.000000,96.000000,96.000000,100.000000,100.000000,5.0,1185.4509,1138.6651,8693.3065,8740.0923,PENDING_AG03,FALSE,NOT_FOR_ENFORCEMENT,9483.6071,484680.3568,9878.7574,9483.6071,395.1503,0.01770420,0.01699603,395.1503,9483.6071,0.01699603,395.1503,395.1503,395.1503,0.0000,0.0000,9483.6071,0.01699603,1185.4509,1138.6651,8693.3065,8740.0923,0.01557970,0.01566354,0.00070817,22.4534,20.6030,0.4031,82.3230,2.6463,4649.9123,204.2083,25.9152,21.1137,12.8578,14.5296,26.176,48.8436,54.2173,102.8621,13.088,0.0,3.731508,7.079487,1.545355,30,207,63,6,0.32204186,0.01770420,-0.00338982,0E-8,0.000000,0.904812,0.002133,0.03111404,2026-03-21,2026-08-06,120,3733,1703,139,0.863309,1.227414,1.154177,1.073473,,,,,,,,GLOBAL_BASELINE_NO_ENTITY_RANKING,,,NOT_APPLICABLE_GLOBAL_BASELINE,HF9g-P5,,,,X 全窗基线 · 不参与实体赏罚,15054347,1506,A168_HF9F_20260827_0900,2026-08-27 09:00:00
2026-08-06,127529701,1115,0,119.1791025609,-38.3993013639,-38.3993013639,0.5000000,4,4,0.49994810000000000,0.499948100000,0.00020760000111838688,0.00020760000111838688,0.00020760000111838688,0E-17,ELIGIBLE,R03b_20260811_FULL_v1,L1_ELIGIBILITY,v2026-08-11,2026-03-21..2026-08-06,baccarat_bet02_101_all_pairs_incl_sentinel,round_win = game_pnl > 0 (decisive only),COMPATIBILITY_ONLY_NOT_PRODUCTION,557989.4742,504875.3716,9878.7574,24851,24505,-0.01770420,0.00338982,-0.02772422,-0.01770420,-9878.7574,557989.4742,OK,0.0000,395.1503,4.0000,96.0000,AG03-UNRESOLVED,ALL5_LEVELS_bet23_to_bet27,395.1503,395.1503,395.1503,0.0000,0.0000,4.000000,4.000000,4.000000,0.000000,0.000000,96.000000,96.000000,96.000000,100.000000,100.000000,5.0,1185.4509,1138.6651,8693.3065,8740.0923,PENDING_AG03,FALSE,NOT_FOR_ENFORCEMENT,9483.6071,484680.3568,9878.7574,9483.6071,395.1503,0.01770420,0.01699603,395.1503,9483.6071,0.01699603,395.1503,395.1503,395.1503,0.0000,0.0000,9483.6071,0.01699603,1185.4509,1138.6651,8693.3065,8740.0923,0.01557970,0.01566354,0.00070817,22.4534,20.6030,0.4031,82.3230,2.6463,4649.9123,204.2083,25.9152,21.1137,12.8578,14.5296,26.176,48.8436,54.2173,102.8621,13.088,0.0,3.731508,7.079487,1.545355,30,207,63,6,0.32204186,0.01770420,-0.00338982,0E-8,0.000000,0.904812,0.002133,0.03111404,2026-03-21,2026-08-06,120,3733,1703,139,0.863309,1.227414,1.154177,1.073473,,,,,,,,GLOBAL_BASELINE_NO_ENTITY_RANKING,,,NOT_APPLICABLE_GLOBAL_BASELINE,HF9g-P5,,,,X 全窗基线 · 不参与实体赏罚,15054348,1506,A168_HF9F_20260827_0900,2026-08-27 09:00:00
2026-08-06,127529701,1300,0,157.7068296818,129.4017928236,129.4017928236,0.6666667,3,3,0.50218230000000000,0.502182300000,0.5697959874915163,0.5697959874915164,0.5697959874915163,0E-17,ELIGIBLE,R03b_20260811_FULL_v1,L1_ELIGIBILITY,v2026-08-11,2026-03-21..2026-08-06,baccarat_bet02_101_all_pairs_incl_sentinel,round_win = game_pnl > 0 (decisive only),COMPATIBILITY_ONLY_NOT_PRODUCTION,557989.4742,504875.3716,9878.7574,24851,24505,-0.01770420,0.00338982,-0.02772422,-0.01770420,-9878.7574,557989.4742,OK,0.0000,395.1503,4.0000,96.0000,AG03-UNRESOLVED,ALL5_LEVELS_bet23_to_bet27,395.1503,395.1503,395.1503,0.0000,0.0000,4.000000,4.000000,4.000000,0.000000,0.000000,96.000000,96.000000,96.000000,100.000000,100.000000,5.0,1185.4509,1138.6651,8693.3065,8740.0923,PENDING_AG03,FALSE,NOT_FOR_ENFORCEMENT,9483.6071,484680.3568,9878.7574,9483.6071,395.1503,0.01770420,0.01699603,395.1503,9483.6071,0.01699603,395.1503,395.1503,395.1503,0.0000,0.0000,9483.6071,0.01699603,1185.4509,1138.6651,8693.3065,8740.0923,0.01557970,0.01566354,0.00070817,22.4534,20.6030,0.4031,82.3230,2.6463,4649.9123,204.2083,25.9152,21.1137,12.8578,14.5296,26.176,48.8436,54.2173,102.8621,13.088,0.0,3.731508,7.079487,1.545355,30,207,63,6,0.32204186,0.01770420,-0.00338982,0E-8,0.000000,0.904812,0.002133,0.03111404,2026-03-21,2026-08-06,120,3733,1703,139,0.863309,1.227414,1.154177,1.073473,,,,,,,,GLOBAL_BASELINE_NO_ENTITY_RANKING,,,NOT_APPLICABLE_GLOBAL_BASELINE,HF9g-P5,,,,X 全窗基线 · 不参与实体赏罚,15054349,1506,A168_HF9F_20260827_0900,2026-08-27 09:00:00
2026-08-06,127529701,1323,0,137.9292630930,-100.0436647574,-100.0436647574,0.2500000,5,5,0.49860758000000000,0.498607580000,-0.9944341760919779,-0.9944341760919779,-0.9944341760919779,0E-17,ELIGIBLE,R03b_20260811_FULL_v1,L1_ELIGIBILITY,v2026-08-11,2026-03-21..2026-08-06,baccarat_bet02_101_all_pairs_incl_sentinel,round_win = game_pnl > 0 (decisive only),COMPATIBILITY_ONLY_NOT_PRODUCTION,557989.4742,504875.3716,9878.7574,24851,24505,-0.01770420,0.00338982,-0.02772422,-0.01770420,-9878.7574,557989.4742,OK,0.0000,395.1503,4.0000,96.0000,AG03-UNRESOLVED,ALL5_LEVELS_bet23_to_bet27,395.1503,395.1503,395.1503,0.0000,0.0000,4.000000,4.000000,4.000000,0.000000,0.000000,96.000000,96.000000,96.000000,100.000000,100.000000,5.0,1185.4509,1138.6651,8693.3065,8740.0923,PENDING_AG03,FALSE,NOT_FOR_ENFORCEMENT,9483.6071,484680.3568,9878.7574,9483.6071,395.1503,0.01770420,0.01699603,395.1503,9483.6071,0.01699603,395.1503,395.1503,395.1503,0.0000,0.0000,9483.6071,0.01699603,1185.4509,1138.6651,8693.3065,8740.0923,0.01557970,0.01566354,0.00070817,22.4534,20.6030,0.4031,82.3230,2.6463,4649.9123,204.2083,25.9152,21.1137,12.8578,14.5296,26.176,48.8436,54.2173,102.8621,13.088,0.0,3.731508,7.079487,1.545355,30,207,63,6,0.32204186,0.01770420,-0.00338982,0E-8,0.000000,0.904812,0.002133,0.03111404,2026-03-21,2026-08-06,120,3733,1703,139,0.863309,1.227414,1.154177,1.073473,,,,,,,,GLOBAL_BASELINE_NO_ENTITY_RANKING,,,NOT_APPLICABLE_GLOBAL_BASELINE,HF9g-P5,,,,X 全窗基线 · 不参与实体赏罚,15054350,1506,A168_HF9F_20260827_0900,2026-08-27 09:00:00
2026-08-06,127529701,1330,0,152.3129478850,26.2245395937,26.2245395937,0.6000000,10,10,0.50128862000000000,0.501288620000,0.6243076569377782,0.6243076569377782,0.6243076569377782,0E-17,ELIGIBLE,R03b_20260811_FULL_v1,L1_ELIGIBILITY,v2026-08-11,2026-03-21..2026-08-06,baccarat_bet02_101_all_pairs_incl_sentinel,round_win = game_pnl > 0 (decisive only),COMPATIBILITY_ONLY_NOT_PRODUCTION,557989.4742,504875.3716,9878.7574,24851,24505,-0.01770420,0.00338982,-0.02772422,-0.01770420,-9878.7574,557989.4742,OK,0.0000,395.1503,4.0000,96.0000,AG03-UNRESOLVED,ALL5_LEVELS_bet23_to_bet27,395.1503,395.1503,395.1503,0.0000,0.0000,4.000000,4.000000,4.000000,0.000000,0.000000,96.000000,96.000000,96.000000,100.000000,100.000000,5.0,1185.4509,1138.6651,8693.3065,8740.0923,PENDING_AG03,FALSE,NOT_FOR_ENFORCEMENT,9483.6071,484680.3568,9878.7574,9483.6071,395.1503,0.01770420,0.01699603,395.1503,9483.6071,0.01699603,395.1503,395.1503,395.1503,0.0000,0.0000,9483.6071,0.01699603,1185.4509,1138.6651,8693.3065,8740.0923,0.01557970,0.01566354,0.00070817,22.4534,20.6030,0.4031,82.3230,2.6463,4649.9123,204.2083,25.9152,21.1137,12.8578,14.5296,26.176,48.8436,54.2173,102.8621,13.088,0.0,3.731508,7.079487,1.545355,30,207,63,6,0.32204186,0.01770420,-0.00338982,0E-8,0.000000,0.904812,0.002133,0.03111404,2026-03-21,2026-08-06,120,3733,1703,139,0.863309,1.227414,1.154177,1.073473,,,,,,,,GLOBAL_BASELINE_NO_ENTITY_RANKING,,,NOT_APPLICABLE_GLOBAL_BASELINE,HF9g-P5,,,,X 全窗基线 · 不参与实体赏罚,15054351,1506,A168_HF9F_20260827_0900,2026-08-27 09:00:00
2026-08-06,127529701,1353,0,222.9471142734,33.9043998664,33.9043998664,0.4285714,7,7,0.49707555714285714,0.497075557143,-0.3624959764119633,-0.36249597641271863,-0.3624959764119633,-1.4286E-13,ELIGIBLE,R03b_20260811_FULL_v1,L1_ELIGIBILITY,v2026-08-11,2026-03-21..2026-08-06,baccarat_bet02_101_all_pairs_incl_sentinel,round_win = game_pnl > 0 (decisive only),COMPATIBILITY_ONLY_NOT_PRODUCTION,557989.4742,504875.3716,9878.7574,24851,24505,-0.01770420,0.00338982,-0.02772422,-0.01770420,-9878.7574,557989.4742,OK,0.0000,395.1503,4.0000,96.0000,AG03-UNRESOLVED,ALL5_LEVELS_bet23_to_bet27,395.1503,395.1503,395.1503,0.0000,0.0000,4.000000,4.000000,4.000000,0.000000,0.000000,96.000000,96.000000,96.000000,100.000000,100.000000,5.0,1185.4509,1138.6651,8693.3065,8740.0923,PENDING_AG03,FALSE,NOT_FOR_ENFORCEMENT,9483.6071,484680.3568,9878.7574,9483.6071,395.1503,0.01770420,0.01699603,395.1503,9483.6071,0.01699603,395.1503,395.1503,395.1503,0.0000,0.0000,9483.6071,0.01699603,1185.4509,1138.6651,8693.3065,8740.0923,0.01557970,0.01566354,0.00070817,22.4534,20.6030,0.4031,82.3230,2.6463,4649.9123,204.2083,25.9152,21.1137,12.8578,14.5296,26.176,48.8436,54.2173,102.8621,13.088,0.0,3.731508,7.079487,1.545355,30,207,63,6,0.32204186,0.01770420,-0.00338982,0E-8,0.000000,0.904812,0.002133,0.03111404,2026-03-21,2026-08-06,120,3733,1703,139,0.863309,1.227414,1.154177,1.073473,,,,,,,,GLOBAL_BASELINE_NO_ENTITY_RANKING,,,NOT_APPLICABLE_GLOBAL_BASELINE,HF9g-P5,,,,X 全窗基线 · 不参与实体赏罚,15054352,1506,A168_HF9F_20260827_0900,2026-08-27 09:00:00
2026-08-06,127529701,1374,0,51.3703028280,50.0860452573,50.0860452573,1.0000000,2,2,0.49994810000000000,0.499948100000,1.4143603653603398,1.4143603653603398,1.4143603653603398,0E-17,ELIGIBLE,R03b_20260811_FULL_v1,L1_ELIGIBILITY,v2026-08-11,2026-03-21..2026-08-06,baccarat_bet02_101_all_pairs_incl_sentinel,round_win = game_pnl > 0 (decisive only),COMPATIBILITY_ONLY_NOT_PRODUCTION,557989.4742,504875.3716,9878.7574,24851,24505,-0.01770420,0.00338982,-0.02772422,-0.01770420,-9878.7574,557989.4742,OK,0.0000,395.1503,4.0000,96.0000,AG03-UNRESOLVED,ALL5_LEVELS_bet23_to_bet27,395.1503,395.1503,395.1503,0.0000,0.0000,4.000000,4.000000,4.000000,0.000000,0.000000,96.000000,96.000000,96.000000,100.000000,100.000000,5.0,1185.4509,1138.6651,8693.3065,8740.0923,PENDING_AG03,FALSE,NOT_FOR_ENFORCEMENT,9483.6071,484680.3568,9878.7574,9483.6071,395.1503,0.01770420,0.01699603,395.1503,9483.6071,0.01699603,395.1503,395.1503,395.1503,0.0000,0.0000,9483.6071,0.01699603,1185.4509,1138.6651,8693.3065,8740.0923,0.01557970,0.01566354,0.00070817,22.4534,20.6030,0.4031,82.3230,2.6463,4649.9123,204.2083,25.9152,21.1137,12.8578,14.5296,26.176,48.8436,54.2173,102.8621,13.088,0.0,3.731508,7.079487,1.545355,30,207,63,6,0.32204186,0.01770420,-0.00338982,0E-8,0.000000,0.904812,0.002133,0.03111404,2026-03-21,2026-08-06,120,3733,1703,139,0.863309,1.227414,1.154177,1.073473,,,,,,,,GLOBAL_BASELINE_NO_ENTITY_RANKING,,,NOT_APPLICABLE_GLOBAL_BASELINE,HF9g-P5,,,,X 全窗基线 · 不参与实体赏罚,15054353,1506,A168_HF9F_20260827_0900,2026-08-27 09:00:00
2026-08-06,127529701,1396,0,115.5831813629,12.8425757069,12.8425757069,0.3333333,3,3,0.50218230000000000,0.502182300000,-0.5849155494134425,-0.5849155494134426,-0.5849155494134425,0E-17,ELIGIBLE,R03b_20260811_FULL_v1,L1_ELIGIBILITY,v2026-08-11,2026-03-21..2026-08-06,baccarat_bet02_101_all_pairs_incl_sentinel,round_win = game_pnl > 0 (decisive only),COMPATIBILITY_ONLY_NOT_PRODUCTION,557989.4742,504875.3716,9878.7574,24851,24505,-0.01770420,0.00338982,-0.02772422,-0.01770420,-9878.7574,557989.4742,OK,0.0000,395.1503,4.0000,96.0000,AG03-UNRESOLVED,ALL5_LEVELS_bet23_to_bet27,395.1503,395.1503,395.1503,0.0000,0.0000,4.000000,4.000000,4.000000,0.000000,0.000000,96.000000,96.000000,96.000000,100.000000,100.000000,5.0,1185.4509,1138.6651,8693.3065,8740.0923,PENDING_AG03,FALSE,NOT_FOR_ENFORCEMENT,9483.6071,484680.3568,9878.7574,9483.6071,395.1503,0.01770420,0.01699603,395.1503,9483.6071,0.01699603,395.1503,395.1503,395.1503,0.0000,0.0000,9483.6071,0.01699603,1185.4509,1138.6651,8693.3065,8740.0923,0.01557970,0.01566354,0.00070817,22.4534,20.6030,0.4031,82.3230,2.6463,4649.9123,204.2083,25.9152,21.1137,12.8578,14.5296,26.176,48.8436,54.2173,102.8621,13.088,0.0,3.731508,7.079487,1.545355,30,207,63,6,0.32204186,0.01770420,-0.00338982,0E-8,0.000000,0.904812,0.002133,0.03111404,2026-03-21,2026-08-06,120,3733,1703,139,0.863309,1.227414,1.154177,1.073473,,,,,,,,GLOBAL_BASELINE_NO_ENTITY_RANKING,,,NOT_APPLICABLE_GLOBAL_BASELINE,HF9g-P5,,,,X 全窗基线 · 不参与实体赏罚,15054354,1506,A168_HF9F_20260827_0900,2026-08-27 09:00:00
2026-08-06,127529701,1505,0,183.9056841242,25.2356612642,25.2356612642,0.5000000,12,10,0.47768022250000000,0.470704436667,0.10945323965737874,0.14376534340428246,0.10945323965737874,0.00697578583300000,ELIGIBLE,R03b_20260811_FULL_v1,L1_ELIGIBILITY,v2026-08-11,2026-03-21..2026-08-06,baccarat_bet02_101_all_pairs_incl_sentinel,round_win = game_pnl > 0 (decisive only),COMPATIBILITY_ONLY_NOT_PRODUCTION,557989.4742,504875.3716,9878.7574,24851,24505,-0.01770420,0.00338982,-0.02772422,-0.01770420,-9878.7574,557989.4742,OK,0.0000,395.1503,4.0000,96.0000,AG03-UNRESOLVED,ALL5_LEVELS_bet23_to_bet27,395.1503,395.1503,395.1503,0.0000,0.0000,4.000000,4.000000,4.000000,0.000000,0.000000,96.000000,96.000000,96.000000,100.000000,100.000000,5.0,1185.4509,1138.6651,8693.3065,8740.0923,PENDING_AG03,FALSE,NOT_FOR_ENFORCEMENT,9483.6071,484680.3568,9878.7574,9483.6071,395.1503,0.01770420,0.01699603,395.1503,9483.6071,0.01699603,395.1503,395.1503,395.1503,0.0000,0.0000,9483.6071,0.01699603,1185.4509,1138.6651,8693.3065,8740.0923,0.01557970,0.01566354,0.00070817,22.4534,20.6030,0.4031,82.3230,2.6463,4649.9123,204.2083,25.9152,21.1137,12.8578,14.5296,26.176,48.8436,54.2173,102.8621,13.088,0.0,3.731508,7.079487,1.545355,30,207,63,6,0.32204186,0.01770420,-0.00338982,0E-8,0.000000,0.904812,0.002133,0.03111404,2026-03-21,2026-08-06,120,3733,1703,139,0.863309,1.227414,1.154177,1.073473,,,,,,,,GLOBAL_BASELINE_NO_ENTITY_RANKING,,,NOT_APPLICABLE_GLOBAL_BASELINE,HF9g-P5,,,,X 全窗基线 · 不参与实体赏罚,15054355,1506,A168_HF9F_20260827_0900,2026-08-27 09:00:00
2026-08-06,127529701,1509,0,203.4263991987,36.0876377366,36.0876377366,0.5000000,7,7,0.49516052857142857,0.495160528571,0.023709581855318605,0.023709581857418456,0.023709581855318605,4.2857E-13,ELIGIBLE,R03b_20260811_FULL_v1,L1_ELIGIBILITY,v2026-08-11,2026-03-21..2026-08-06,baccarat_bet02_101_all_pairs_incl_sentinel,round_win = game_pnl > 0 (decisive only),COMPATIBILITY_ONLY_NOT_PRODUCTION,557989.4742,504875.3716,9878.7574,24851,24505,-0.01770420,0.00338982,-0.02772422,-0.01770420,-9878.7574,557989.4742,OK,0.0000,395.1503,4.0000,96.0000,AG03-UNRESOLVED,ALL5_LEVELS_bet23_to_bet27,395.1503,395.1503,395.1503,0.0000,0.0000,4.000000,4.000000,4.000000,0.000000,0.000000,96.000000,96.000000,96.000000,100.000000,100.000000,5.0,1185.4509,1138.6651,8693.3065,8740.0923,PENDING_AG03,FALSE,NOT_FOR_ENFORCEMENT,9483.6071,484680.3568,9878.7574,9483.6071,395.1503,0.01770420,0.01699603,395.1503,9483.6071,0.01699603,395.1503,395.1503,395.1503,0.0000,0.0000,9483.6071,0.01699603,1185.4509,1138.6651,8693.3065,8740.0923,0.01557970,0.01566354,0.00070817,22.4534,20.6030,0.4031,82.3230,2.6463,4649.9123,204.2083,25.9152,21.1137,12.8578,14.5296,26.176,48.8436,54.2173,102.8621,13.088,0.0,3.731508,7.079487,1.545355,30,207,63,6,0.32204186,0.01770420,-0.00338982,0E-8,0.000000,0.904812,0.002133,0.03111404,2026-03-21,2026-08-06,120,3733,1703,139,0.863309,1.227414,1.154177,1.073473,,,,,,,,GLOBAL_BASELINE_NO_ENTITY_RANKING,,,NOT_APPLICABLE_GLOBAL_BASELINE,HF9g-P5,,,,X 全窗基线 · 不参与实体赏罚,15054356,1506,A168_HF9F_20260827_0900,2026-08-27 09:00:00
2026-08-06,127529701,1704,0,218.3237870187,-154.1109084838,-154.1109084838,0E-7,5,5,0.49324550000000000,0.493245500000,-1.708808463184432,-1.7088084631844318,-1.708808463184432,0E-17,ELIGIBLE,R03b_20260811_FULL_v1,L1_ELIGIBILITY,v2026-08-11,2026-03-21..2026-08-06,baccarat_bet02_101_all_pairs_incl_sentinel,round_win = game_pnl > 0 (decisive only),COMPATIBILITY_ONLY_NOT_PRODUCTION,557989.4742,504875.3716,9878.7574,24851,24505,-0.01770420,0.00338982,-0.02772422,-0.01770420,-9878.7574,557989.4742,OK,0.0000,395.1503,4.0000,96.0000,AG03-UNRESOLVED,ALL5_LEVELS_bet23_to_bet27,395.1503,395.1503,395.1503,0.0000,0.0000,4.000000,4.000000,4.000000,0.000000,0.000000,96.000000,96.000000,96.000000,100.000000,100.000000,5.0,1185.4509,1138.6651,8693.3065,8740.0923,PENDING_AG03,FALSE,NOT_FOR_ENFORCEMENT,9483.6071,484680.3568,9878.7574,9483.6071,395.1503,0.01770420,0.01699603,395.1503,9483.6071,0.01699603,395.1503,395.1503,395.1503,0.0000,0.0000,9483.6071,0.01699603,1185.4509,1138.6651,8693.3065,8740.0923,0.01557970,0.01566354,0.00070817,22.4534,20.6030,0.4031,82.3230,2.6463,4649.9123,204.2083,25.9152,21.1137,12.8578,14.5296,26.176,48.8436,54.2173,102.8621,13.088,0.0,3.731508,7.079487,1.545355,30,207,63,6,0.32204186,0.01770420,-0.00338982,0E-8,0.000000,0.904812,0.002133,0.03111404,2026-03-21,2026-08-06,120,3733,1703,139,0.863309,1.227414,1.154177,1.073473,,,,,,,,GLOBAL_BASELINE_NO_ENTITY_RANKING,,,NOT_APPLICABLE_GLOBAL_BASELINE,HF9g-P5,,,,X 全窗基线 · 不参与实体赏罚,15054357,1506,A168_HF9F_20260827_0900,2026-08-27 09:00:00
2026-08-06,127529701,1714,0,61.6443633936,-61.6443633936,-61.6443633936,0E-7,2,2,0.49324550000000000,0.493245500000,-1.3952362676504506,-1.3952362676504506,-1.3952362676504506,0E-17,ELIGIBLE,R03b_20260811_FULL_v1,L1_ELIGIBILITY,v2026-08-11,2026-03-21..2026-08-06,baccarat_bet02_101_all_pairs_incl_sentinel,round_win = game_pnl > 0 (decisive only),COMPATIBILITY_ONLY_NOT_PRODUCTION,557989.4742,504875.3716,9878.7574,24851,24505,-0.01770420,0.00338982,-0.02772422,-0.01770420,-9878.7574,557989.4742,OK,0.0000,395.1503,4.0000,96.0000,AG03-UNRESOLVED,ALL5_LEVELS_bet23_to_bet27,395.1503,395.1503,395.1503,0.0000,0.0000,4.000000,4.000000,4.000000,0.000000,0.000000,96.000000,96.000000,96.000000,100.000000,100.000000,5.0,1185.4509,1138.6651,8693.3065,8740.0923,PENDING_AG03,FALSE,NOT_FOR_ENFORCEMENT,9483.6071,484680.3568,9878.7574,9483.6071,395.1503,0.01770420,0.01699603,395.1503,9483.6071,0.01699603,395.1503,395.1503,395.1503,0.0000,0.0000,9483.6071,0.01699603,1185.4509,1138.6651,8693.3065,8740.0923,0.01557970,0.01566354,0.00070817,22.4534,20.6030,0.4031,82.3230,2.6463,4649.9123,204.2083,25.9152,21.1137,12.8578,14.5296,26.176,48.8436,54.2173,102.8621,13.088,0.0,3.731508,7.079487,1.545355,30,207,63,6,0.32204186,0.01770420,-0.00338982,0E-8,0.000000,0.904812,0.002133,0.03111404,2026-03-21,2026-08-06,120,3733,1703,139,0.863309,1.227414,1.154177,1.073473,,,,,,,,GLOBAL_BASELINE_NO_ENTITY_RANKING,,,NOT_APPLICABLE_GLOBAL_BASELINE,HF9g-P5,,,,X 全窗基线 · 不参与实体赏罚,15054358,1506,A168_HF9F_20260827_0900,2026-08-27 09:00:00
2026-08-06,127529701,2101,0,348.0338016593,171.0631084170,171.0631084170,0.8000000,7,7,0.50090561428571429,0.500905614286,1.3375929503127353,1.337592950311459,1.3375929503127353,-2.8571E-13,ELIGIBLE,R03b_20260811_FULL_v1,L1_ELIGIBILITY,v2026-08-11,2026-03-21..2026-08-06,baccarat_bet02_101_all_pairs_incl_sentinel,round_win = game_pnl > 0 (decisive only),COMPATIBILITY_ONLY_NOT_PRODUCTION,557989.4742,504875.3716,9878.7574,24851,24505,-0.01770420,0.00338982,-0.02772422,-0.01770420,-9878.7574,557989.4742,OK,0.0000,395.1503,4.0000,96.0000,AG03-UNRESOLVED,ALL5_LEVELS_bet23_to_bet27,395.1503,395.1503,395.1503,0.0000,0.0000,4.000000,4.000000,4.000000,0.000000,0.000000,96.000000,96.000000,96.000000,100.000000,100.000000,5.0,1185.4509,1138.6651,8693.3065,8740.0923,PENDING_AG03,FALSE,NOT_FOR_ENFORCEMENT,9483.6071,484680.3568,9878.7574,9483.6071,395.1503,0.01770420,0.01699603,395.1503,9483.6071,0.01699603,395.1503,395.1503,395.1503,0.0000,0.0000,9483.6071,0.01699603,1185.4509,1138.6651,8693.3065,8740.0923,0.01557970,0.01566354,0.00070817,22.4534,20.6030,0.4031,82.3230,2.6463,4649.9123,204.2083,25.9152,21.1137,12.8578,14.5296,26.176,48.8436,54.2173,102.8621,13.088,0.0,3.731508,7.079487,1.545355,30,207,63,6,0.32204186,0.01770420,-0.00338982,0E-8,0.000000,0.904812,0.002133,0.03111404,2026-03-21,2026-08-06,120,3733,1703,139,0.863309,1.227414,1.154177,1.073473,,,,,,,,GLOBAL_BASELINE_NO_ENTITY_RANKING,,,NOT_APPLICABLE_GLOBAL_BASELINE,HF9g-P5,,,,X 全窗基线 · 不参与实体赏罚,15054359,1506,A168_HF9F_20260827_0900,2026-08-27 09:00:00
2026-08-06,127529701,2107,0,12.8425757070,12.8425757070,12.8425757070,1.0000000,1,1,0.49324550000000000,0.493245500000,1.01360149184955,1.01360149184955,1.01360149184955,0E-17,ELIGIBLE,R03b_20260811_FULL_v1,L1_ELIGIBILITY,v2026-08-11,2026-03-21..2026-08-06,baccarat_bet02_101_all_pairs_incl_sentinel,round_win = game_pnl > 0 (decisive only),COMPATIBILITY_ONLY_NOT_PRODUCTION,557989.4742,504875.3716,9878.7574,24851,24505,-0.01770420,0.00338982,-0.02772422,-0.01770420,-9878.7574,557989.4742,OK,0.0000,395.1503,4.0000,96.0000,AG03-UNRESOLVED,ALL5_LEVELS_bet23_to_bet27,395.1503,395.1503,395.1503,0.0000,0.0000,4.000000,4.000000,4.000000,0.000000,0.000000,96.000000,96.000000,96.000000,100.000000,100.000000,5.0,1185.4509,1138.6651,8693.3065,8740.0923,PENDING_AG03,FALSE,NOT_FOR_ENFORCEMENT,9483.6071,484680.3568,9878.7574,9483.6071,395.1503,0.01770420,0.01699603,395.1503,9483.6071,0.01699603,395.1503,395.1503,395.1503,0.0000,0.0000,9483.6071,0.01699603,1185.4509,1138.6651,8693.3065,8740.0923,0.01557970,0.01566354,0.00070817,22.4534,20.6030,0.4031,82.3230,2.6463,4649.9123,204.2083,25.9152,21.1137,12.8578,14.5296,26.176,48.8436,54.2173,102.8621,13.088,0.0,3.731508,7.079487,1.545355,30,207,63,6,0.32204186,0.01770420,-0.00338982,0E-8,0.000000,0.904812,0.002133,0.03111404,2026-03-21,2026-08-06,120,3733,1703,139,0.863309,1.227414,1.154177,1.073473,,,,,,,,GLOBAL_BASELINE_NO_ENTITY_RANKING,,,NOT_APPLICABLE_GLOBAL_BASELINE,HF9g-P5,,,,X 全窗基线 · 不参与实体赏罚,15054360,1506,A168_HF9F_20260827_0900,2026-08-27 09:00:00
2026-08-06,127529701,2117,0,106.0796753396,48.6862045051,48.6862045051,0.7500000,4,4,0.50329940000000000,0.503299400000,0.9868238854431842,0.9868238854431842,0.9868238854431842,0E-17,ELIGIBLE,R03b_20260811_FULL_v1,L1_ELIGIBILITY,v2026-08-11,2026-03-21..2026-08-06,baccarat_bet02_101_all_pairs_incl_sentinel,round_win = game_pnl > 0 (decisive only),COMPATIBILITY_ONLY_NOT_PRODUCTION,557989.4742,504875.3716,9878.7574,24851,24505,-0.01770420,0.00338982,-0.02772422,-0.01770420,-9878.7574,557989.4742,OK,0.0000,395.1503,4.0000,96.0000,AG03-UNRESOLVED,ALL5_LEVELS_bet23_to_bet27,395.1503,395.1503,395.1503,0.0000,0.0000,4.000000,4.000000,4.000000,0.000000,0.000000,96.000000,96.000000,96.000000,100.000000,100.000000,5.0,1185.4509,1138.6651,8693.3065,8740.0923,PENDING_AG03,FALSE,NOT_FOR_ENFORCEMENT,9483.6071,484680.3568,9878.7574,9483.6071,395.1503,0.01770420,0.01699603,395.1503,9483.6071,0.01699603,395.1503,395.1503,395.1503,0.0000,0.0000,9483.6071,0.01699603,1185.4509,1138.6651,8693.3065,8740.0923,0.01557970,0.01566354,0.00070817,22.4534,20.6030,0.4031,82.3230,2.6463,4649.9123,204.2083,25.9152,21.1137,12.8578,14.5296,26.176,48.8436,54.2173,102.8621,13.088,0.0,3.731508,7.079487,1.545355,30,207,63,6,0.32204186,0.01770420,-0.00338982,0E-8,0.000000,0.904812,0.002133,0.03111404,2026-03-21,2026-08-06,120,3733,1703,139,0.863309,1.227414,1.154177,1.073473,,,,,,,,GLOBAL_BASELINE_NO_ENTITY_RANKING,,,NOT_APPLICABLE_GLOBAL_BASELINE,HF9g-P5,,,,X 全窗基线 · 不参与实体赏罚,15054361,1506,A168_HF9F_20260827_0900,2026-08-27 09:00:00
2026-08-06,127529701,2121,0,12.8425757070,0E-10,0E-10,,1,1,0.50665070000000000,0.506650700000,,,,0E-17,NO_DECISIVE_ROUND,R03b_20260811_FULL_v1,L1_ELIGIBILITY,v2026-08-11,2026-03-21..2026-08-06,baccarat_bet02_101_all_pairs_incl_sentinel,round_win = game_pnl > 0 (decisive only),COMPATIBILITY_ONLY_NOT_PRODUCTION,557989.4742,504875.3716,9878.7574,24851,24505,-0.01770420,0.00338982,-0.02772422,-0.01770420,-9878.7574,557989.4742,OK,0.0000,395.1503,4.0000,96.0000,AG03-UNRESOLVED,ALL5_LEVELS_bet23_to_bet27,395.1503,395.1503,395.1503,0.0000,0.0000,4.000000,4.000000,4.000000,0.000000,0.000000,96.000000,96.000000,96.000000,100.000000,100.000000,5.0,1185.4509,1138.6651,8693.3065,8740.0923,PENDING_AG03,FALSE,NOT_FOR_ENFORCEMENT,9483.6071,484680.3568,9878.7574,9483.6071,395.1503,0.01770420,0.01699603,395.1503,9483.6071,0.01699603,395.1503,395.1503,395.1503,0.0000,0.0000,9483.6071,0.01699603,1185.4509,1138.6651,8693.3065,8740.0923,0.01557970,0.01566354,0.00070817,22.4534,20.6030,0.4031,82.3230,2.6463,4649.9123,204.2083,25.9152,21.1137,12.8578,14.5296,26.176,48.8436,54.2173,102.8621,13.088,0.0,3.731508,7.079487,1.545355,30,207,63,6,0.32204186,0.01770420,-0.00338982,0E-8,0.000000,0.904812,0.002133,0.03111404,2026-03-21,2026-08-06,120,3733,1703,139,0.863309,1.227414,1.154177,1.073473,,,,,,,,GLOBAL_BASELINE_NO_ENTITY_RANKING,,,NOT_APPLICABLE_GLOBAL_BASELINE,HF9g-P5,,,,X 全窗基线 · 不参与实体赏罚,15054362,1506,A168_HF9F_20260827_0900,2026-08-27 09:00:00
2026-08-06,127529701,2123,0,144.3505509465,40.8393907482,40.8393907482,0.5000000,6,6,0.49547970000000000,0.495479700000,0.01808193895567044,0.01808193895567044,0.01808193895567044,0E-17,ELIGIBLE,R03b_20260811_FULL_v1,L1_ELIGIBILITY,v2026-08-11,2026-03-21..2026-08-06,baccarat_bet02_101_all_pairs_incl_sentinel,round_win = game_pnl > 0 (decisive only),COMPATIBILITY_ONLY_NOT_PRODUCTION,557989.4742,504875.3716,9878.7574,24851,24505,-0.01770420,0.00338982,-0.02772422,-0.01770420,-9878.7574,557989.4742,OK,0.0000,395.1503,4.0000,96.0000,AG03-UNRESOLVED,ALL5_LEVELS_bet23_to_bet27,395.1503,395.1503,395.1503,0.0000,0.0000,4.000000,4.000000,4.000000,0.000000,0.000000,96.000000,96.000000,96.000000,100.000000,100.000000,5.0,1185.4509,1138.6651,8693.3065,8740.0923,PENDING_AG03,FALSE,NOT_FOR_ENFORCEMENT,9483.6071,484680.3568,9878.7574,9483.6071,395.1503,0.01770420,0.01699603,395.1503,9483.6071,0.01699603,395.1503,395.1503,395.1503,0.0000,0.0000,9483.6071,0.01699603,1185.4509,1138.6651,8693.3065,8740.0923,0.01557970,0.01566354,0.00070817,22.4534,20.6030,0.4031,82.3230,2.6463,4649.9123,204.2083,25.9152,21.1137,12.8578,14.5296,26.176,48.8436,54.2173,102.8621,13.088,0.0,3.731508,7.079487,1.545355,30,207,63,6,0.32204186,0.01770420,-0.00338982,0E-8,0.000000,0.904812,0.002133,0.03111404,2026-03-21,2026-08-06,120,3733,1703,139,0.863309,1.227414,1.154177,1.073473,,,,,,,,GLOBAL_BASELINE_NO_ENTITY_RANKING,,,NOT_APPLICABLE_GLOBAL_BASELINE,HF9g-P5,,,,X 全窗基线 · 不参与实体赏罚,15054363,1506,A168_HF9F_20260827_0900,2026-08-27 09:00:00
2026-08-06,127529701,2127,0,51.3703028279,51.3703028279,51.3703028279,1.0000000,1,1,0.49324550000000000,0.493245500000,1.01360149184955,1.01360149184955,1.01360149184955,0E-17,ELIGIBLE,R03b_20260811_FULL_v1,L1_ELIGIBILITY,v2026-08-11,2026-03-21..2026-08-06,baccarat_bet02_101_all_pairs_incl_sentinel,round_win = game_pnl > 0 (decisive only),COMPATIBILITY_ONLY_NOT_PRODUCTION,557989.4742,504875.3716,9878.7574,24851,24505,-0.01770420,0.00338982,-0.02772422,-0.01770420,-9878.7574,557989.4742,OK,0.0000,395.1503,4.0000,96.0000,AG03-UNRESOLVED,ALL5_LEVELS_bet23_to_bet27,395.1503,395.1503,395.1503,0.0000,0.0000,4.000000,4.000000,4.000000,0.000000,0.000000,96.000000,96.000000,96.000000,100.000000,100.000000,5.0,1185.4509,1138.6651,8693.3065,8740.0923,PENDING_AG03,FALSE,NOT_FOR_ENFORCEMENT,9483.6071,484680.3568,9878.7574,9483.6071,395.1503,0.01770420,0.01699603,395.1503,9483.6071,0.01699603,395.1503,395.1503,395.1503,0.0000,0.0000,9483.6071,0.01699603,1185.4509,1138.6651,8693.3065,8740.0923,0.01557970,0.01566354,0.00070817,22.4534,20.6030,0.4031,82.3230,2.6463,4649.9123,204.2083,25.9152,21.1137,12.8578,14.5296,26.176,48.8436,54.2173,102.8621,13.088,0.0,3.731508,7.079487,1.545355,30,207,63,6,0.32204186,0.01770420,-0.00338982,0E-8,0.000000,0.904812,0.002133,0.03111404,2026-03-21,2026-08-06,120,3733,1703,139,0.863309,1.227414,1.154177,1.073473,,,,,,,,GLOBAL_BASELINE_NO_ENTITY_RANKING,,,NOT_APPLICABLE_GLOBAL_BASELINE,HF9g-P5,,,,X 全窗基线 · 不参与实体赏罚,15054364,1506,A168_HF9F_20260827_0900,2026-08-27 09:00:00
2026-08-06,127529701,2149,0,25.6851514140,25.6851514140,25.6851514140,1.0000000,1,1,0.49324550000000000,0.493245500000,1.01360149184955,1.01360149184955,1.01360149184955,0E-17,ELIGIBLE,R03b_20260811_FULL_v1,L1_ELIGIBILITY,v2026-08-11,2026-03-21..2026-08-06,baccarat_bet02_101_all_pairs_incl_sentinel,round_win = game_pnl > 0 (decisive only),COMPATIBILITY_ONLY_NOT_PRODUCTION,557989.4742,504875.3716,9878.7574,24851,24505,-0.01770420,0.00338982,-0.02772422,-0.01770420,-9878.7574,557989.4742,OK,0.0000,395.1503,4.0000,96.0000,AG03-UNRESOLVED,ALL5_LEVELS_bet23_to_bet27,395.1503,395.1503,395.1503,0.0000,0.0000,4.000000,4.000000,4.000000,0.000000,0.000000,96.000000,96.000000,96.000000,100.000000,100.000000,5.0,1185.4509,1138.6651,8693.3065,8740.0923,PENDING_AG03,FALSE,NOT_FOR_ENFORCEMENT,9483.6071,484680.3568,9878.7574,9483.6071,395.1503,0.01770420,0.01699603,395.1503,9483.6071,0.01699603,395.1503,395.1503,395.1503,0.0000,0.0000,9483.6071,0.01699603,1185.4509,1138.6651,8693.3065,8740.0923,0.01557970,0.01566354,0.00070817,22.4534,20.6030,0.4031,82.3230,2.6463,4649.9123,204.2083,25.9152,21.1137,12.8578,14.5296,26.176,48.8436,54.2173,102.8621,13.088,0.0,3.731508,7.079487,1.545355,30,207,63,6,0.32204186,0.01770420,-0.00338982,0E-8,0.000000,0.904812,0.002133,0.03111404,2026-03-21,2026-08-06,120,3733,1703,139,0.863309,1.227414,1.154177,1.073473,,,,,,,,GLOBAL_BASELINE_NO_ENTITY_RANKING,,,NOT_APPLICABLE_GLOBAL_BASELINE,HF9g-P5,,,,X 全窗基线 · 不参与实体赏罚,15054365,1506,A168_HF9F_20260827_0900,2026-08-27 09:00:00
2026-08-06,127529701,2169,0,113.0146662215,82.3209102817,82.3209102817,0.5000000,2,2,0.50665070000000000,0.506650700000,-0.018812684590367487,-0.018812684590367487,-0.018812684590367487,0E-17,ELIGIBLE,R03b_20260811_FULL_v1,L1_ELIGIBILITY,v2026-08-11,2026-03-21..2026-08-06,baccarat_bet02_101_all_pairs_incl_sentinel,round_win = game_pnl > 0 (decisive only),COMPATIBILITY_ONLY_NOT_PRODUCTION,557989.4742,504875.3716,9878.7574,24851,24505,-0.01770420,0.00338982,-0.02772422,-0.01770420,-9878.7574,557989.4742,OK,0.0000,395.1503,4.0000,96.0000,AG03-UNRESOLVED,ALL5_LEVELS_bet23_to_bet27,395.1503,395.1503,395.1503,0.0000,0.0000,4.000000,4.000000,4.000000,0.000000,0.000000,96.000000,96.000000,96.000000,100.000000,100.000000,5.0,1185.4509,1138.6651,8693.3065,8740.0923,PENDING_AG03,FALSE,NOT_FOR_ENFORCEMENT,9483.6071,484680.3568,9878.7574,9483.6071,395.1503,0.01770420,0.01699603,395.1503,9483.6071,0.01699603,395.1503,395.1503,395.1503,0.0000,0.0000,9483.6071,0.01699603,1185.4509,1138.6651,8693.3065,8740.0923,0.01557970,0.01566354,0.00070817,22.4534,20.6030,0.4031,82.3230,2.6463,4649.9123,204.2083,25.9152,21.1137,12.8578,14.5296,26.176,48.8436,54.2173,102.8621,13.088,0.0,3.731508,7.079487,1.545355,30,207,63,6,0.32204186,0.01770420,-0.00338982,0E-8,0.000000,0.904812,0.002133,0.03111404,2026-03-21,2026-08-06,120,3733,1703,139,0.863309,1.227414,1.154177,1.073473,,,,,,,,GLOBAL_BASELINE_NO_ENTITY_RANKING,,,NOT_APPLICABLE_GLOBAL_BASELINE,HF9g-P5,,,,X 全窗基线 · 不参与实体赏罚,15054366,1506,A168_HF9F_20260827_0900,2026-08-27 09:00:00
2026-08-06,127529701,2171,0,29.0242210978,29.0242210978,29.0242210978,1.0000000,1,1,0.49324550000000000,0.493245500000,1.01360149184955,1.01360149184955,1.01360149184955,0E-17,ELIGIBLE,R03b_20260811_FULL_v1,L1_ELIGIBILITY,v2026-08-11,2026-03-21..2026-08-06,baccarat_bet02_101_all_pairs_incl_sentinel,round_win = game_pnl > 0 (decisive only),COMPATIBILITY_ONLY_NOT_PRODUCTION,557989.4742,504875.3716,9878.7574,24851,24505,-0.01770420,0.00338982,-0.02772422,-0.01770420,-9878.7574,557989.4742,OK,0.0000,395.1503,4.0000,96.0000,AG03-UNRESOLVED,ALL5_LEVELS_bet23_to_bet27,395.1503,395.1503,395.1503,0.0000,0.0000,4.000000,4.000000,4.000000,0.000000,0.000000,96.000000,96.000000,96.000000,100.000000,100.000000,5.0,1185.4509,1138.6651,8693.3065,8740.0923,PENDING_AG03,FALSE,NOT_FOR_ENFORCEMENT,9483.6071,484680.3568,9878.7574,9483.6071,395.1503,0.01770420,0.01699603,395.1503,9483.6071,0.01699603,395.1503,395.1503,395.1503,0.0000,0.0000,9483.6071,0.01699603,1185.4509,1138.6651,8693.3065,8740.0923,0.01557970,0.01566354,0.00070817,22.4534,20.6030,0.4031,82.3230,2.6463,4649.9123,204.2083,25.9152,21.1137,12.8578,14.5296,26.176,48.8436,54.2173,102.8621,13.088,0.0,3.731508,7.079487,1.545355,30,207,63,6,0.32204186,0.01770420,-0.00338982,0E-8,0.000000,0.904812,0.002133,0.03111404,2026-03-21,2026-08-06,120,3733,1703,139,0.863309,1.227414,1.154177,1.073473,,,,,,,,GLOBAL_BASELINE_NO_ENTITY_RANKING,,,NOT_APPLICABLE_GLOBAL_BASELINE,HF9g-P5,,,,X 全窗基线 · 不参与实体赏罚,15054367,1506,A168_HF9F_20260827_0900,2026-08-27 09:00:00
2026-08-06,127529701,2196,0,188.2721598643,-107.6978398787,-107.6978398787,0.2000000,6,6,0.49771390000000000,0.497713900000,-1.3314309533564708,-1.3314309533564703,-1.3314309533564708,0E-17,ELIGIBLE,R03b_20260811_FULL_v1,L1_ELIGIBILITY,v2026-08-11,2026-03-21..2026-08-06,baccarat_bet02_101_all_pairs_incl_sentinel,round_win = game_pnl > 0 (decisive only),COMPATIBILITY_ONLY_NOT_PRODUCTION,557989.4742,504875.3716,9878.7574,24851,24505,-0.01770420,0.00338982,-0.02772422,-0.01770420,-9878.7574,557989.4742,OK,0.0000,395.1503,4.0000,96.0000,AG03-UNRESOLVED,ALL5_LEVELS_bet23_to_bet27,395.1503,395.1503,395.1503,0.0000,0.0000,4.000000,4.000000,4.000000,0.000000,0.000000,96.000000,96.000000,96.000000,100.000000,100.000000,5.0,1185.4509,1138.6651,8693.3065,8740.0923,PENDING_AG03,FALSE,NOT_FOR_ENFORCEMENT,9483.6071,484680.3568,9878.7574,9483.6071,395.1503,0.01770420,0.01699603,395.1503,9483.6071,0.01699603,395.1503,395.1503,395.1503,0.0000,0.0000,9483.6071,0.01699603,1185.4509,1138.6651,8693.3065,8740.0923,0.01557970,0.01566354,0.00070817,22.4534,20.6030,0.4031,82.3230,2.6463,4649.9123,204.2083,25.9152,21.1137,12.8578,14.5296,26.176,48.8436,54.2173,102.8621,13.088,0.0,3.731508,7.079487,1.545355,30,207,63,6,0.32204186,0.01770420,-0.00338982,0E-8,0.000000,0.904812,0.002133,0.03111404,2026-03-21,2026-08-06,120,3733,1703,139,0.863309,1.227414,1.154177,1.073473,,,,,,,,GLOBAL_BASELINE_NO_ENTITY_RANKING,,,NOT_APPLICABLE_GLOBAL_BASELINE,HF9g-P5,,,,X 全窗基线 · 不参与实体赏罚,15054368,1506,A168_HF9F_20260827_0900,2026-08-27 09:00:00
2026-08-06,127529701,2235,0,467.4697557344,63.4423239924,63.4423239924,0.6000000,11,11,0.50055742727272727,0.500557427273,0.6289304432594,0.6289304432576754,0.6289304432594,-2.7273E-13,ELIGIBLE,R03b_20260811_FULL_v1,L1_ELIGIBILITY,v2026-08-11,2026-03-21..2026-08-06,baccarat_bet02_101_all_pairs_incl_sentinel,round_win = game_pnl > 0 (decisive only),COMPATIBILITY_ONLY_NOT_PRODUCTION,557989.4742,504875.3716,9878.7574,24851,24505,-0.01770420,0.00338982,-0.02772422,-0.01770420,-9878.7574,557989.4742,OK,0.0000,395.1503,4.0000,96.0000,AG03-UNRESOLVED,ALL5_LEVELS_bet23_to_bet27,395.1503,395.1503,395.1503,0.0000,0.0000,4.000000,4.000000,4.000000,0.000000,0.000000,96.000000,96.000000,96.000000,100.000000,100.000000,5.0,1185.4509,1138.6651,8693.3065,8740.0923,PENDING_AG03,FALSE,NOT_FOR_ENFORCEMENT,9483.6071,484680.3568,9878.7574,9483.6071,395.1503,0.01770420,0.01699603,395.1503,9483.6071,0.01699603,395.1503,395.1503,395.1503,0.0000,0.0000,9483.6071,0.01699603,1185.4509,1138.6651,8693.3065,8740.0923,0.01557970,0.01566354,0.00070817,22.4534,20.6030,0.4031,82.3230,2.6463,4649.9123,204.2083,25.9152,21.1137,12.8578,14.5296,26.176,48.8436,54.2173,102.8621,13.088,0.0,3.731508,7.079487,1.545355,30,207,63,6,0.32204186,0.01770420,-0.00338982,0E-8,0.000000,0.904812,0.002133,0.03111404,2026-03-21,2026-08-06,120,3733,1703,139,0.863309,1.227414,1.154177,1.073473,,,,,,,,GLOBAL_BASELINE_NO_ENTITY_RANKING,,,NOT_APPLICABLE_GLOBAL_BASELINE,HF9g-P5,,,,X 全窗基线 · 不参与实体赏罚,15054369,1506,A168_HF9F_20260827_0900,2026-08-27 09:00:00
2026-08-06,127529701,2241,0,149.4875812293,126.8846479851,126.8846479851,0.7500000,4,4,0.49324550000000000,0.493245500000,1.0271117246678039,1.0271117246678039,1.0271117246678039,0E-17,ELIGIBLE,R03b_20260811_FULL_v1,L1_ELIGIBILITY,v2026-08-11,2026-03-21..2026-08-06,baccarat_bet02_101_all_pairs_incl_sentinel,round_win = game_pnl > 0 (decisive only),COMPATIBILITY_ONLY_NOT_PRODUCTION,557989.4742,504875.3716,9878.7574,24851,24505,-0.01770420,0.00338982,-0.02772422,-0.01770420,-9878.7574,557989.4742,OK,0.0000,395.1503,4.0000,96.0000,AG03-UNRESOLVED,ALL5_LEVELS_bet23_to_bet27,395.1503,395.1503,395.1503,0.0000,0.0000,4.000000,4.000000,4.000000,0.000000,0.000000,96.000000,96.000000,96.000000,100.000000,100.000000,5.0,1185.4509,1138.6651,8693.3065,8740.0923,PENDING_AG03,FALSE,NOT_FOR_ENFORCEMENT,9483.6071,484680.3568,9878.7574,9483.6071,395.1503,0.01770420,0.01699603,395.1503,9483.6071,0.01699603,395.1503,395.1503,395.1503,0.0000,0.0000,9483.6071,0.01699603,1185.4509,1138.6651,8693.3065,8740.0923,0.01557970,0.01566354,0.00070817,22.4534,20.6030,0.4031,82.3230,2.6463,4649.9123,204.2083,25.9152,21.1137,12.8578,14.5296,26.176,48.8436,54.2173,102.8621,13.088,0.0,3.731508,7.079487,1.545355,30,207,63,6,0.32204186,0.01770420,-0.00338982,0E-8,0.000000,0.904812,0.002133,0.03111404,2026-03-21,2026-08-06,120,3733,1703,139,0.863309,1.227414,1.154177,1.073473,,,,,,,,GLOBAL_BASELINE_NO_ENTITY_RANKING,,,NOT_APPLICABLE_GLOBAL_BASELINE,HF9g-P5,,,,X 全窗基线 · 不参与实体赏罚,15054370,1506,A168_HF9F_20260827_0900,2026-08-27 09:00:00
2026-08-06,127529701,2247,0,205.4812113118,-154.1109084838,-154.1109084838,0.2000000,5,5,0.49860758000000000,0.498607580000,-1.3354188732730328,-1.3354188732730328,-1.3354188732730328,0E-17,ELIGIBLE,R03b_20260811_FULL_v1,L1_ELIGIBILITY,v2026-08-11,2026-03-21..2026-08-06,baccarat_bet02_101_all_pairs_incl_sentinel,round_win = game_pnl > 0 (decisive only),COMPATIBILITY_ONLY_NOT_PRODUCTION,557989.4742,504875.3716,9878.7574,24851,24505,-0.01770420,0.00338982,-0.02772422,-0.01770420,-9878.7574,557989.4742,OK,0.0000,395.1503,4.0000,96.0000,AG03-UNRESOLVED,ALL5_LEVELS_bet23_to_bet27,395.1503,395.1503,395.1503,0.0000,0.0000,4.000000,4.000000,4.000000,0.000000,0.000000,96.000000,96.000000,96.000000,100.000000,100.000000,5.0,1185.4509,1138.6651,8693.3065,8740.0923,PENDING_AG03,FALSE,NOT_FOR_ENFORCEMENT,9483.6071,484680.3568,9878.7574,9483.6071,395.1503,0.01770420,0.01699603,395.1503,9483.6071,0.01699603,395.1503,395.1503,395.1503,0.0000,0.0000,9483.6071,0.01699603,1185.4509,1138.6651,8693.3065,8740.0923,0.01557970,0.01566354,0.00070817,22.4534,20.6030,0.4031,82.3230,2.6463,4649.9123,204.2083,25.9152,21.1137,12.8578,14.5296,26.176,48.8436,54.2173,102.8621,13.088,0.0,3.731508,7.079487,1.545355,30,207,63,6,0.32204186,0.01770420,-0.00338982,0E-8,0.000000,0.904812,0.002133,0.03111404,2026-03-21,2026-08-06,120,3733,1703,139,0.863309,1.227414,1.154177,1.073473,,,,,,,,GLOBAL_BASELINE_NO_ENTITY_RANKING,,,NOT_APPLICABLE_GLOBAL_BASELINE,HF9g-P5,,,,X 全窗基线 · 不参与实体赏罚,15054371,1506,A168_HF9F_20260827_0900,2026-08-27 09:00:00
2026-08-06,127529701,2254,0,61.6443633935,58.5621452238,58.5621452238,1.0000000,1,1,0.50665070000000000,0.506650700000,0.9867858985152569,0.9867858985152569,0.9867858985152569,0E-17,ELIGIBLE,R03b_20260811_FULL_v1,L1_ELIGIBILITY,v2026-08-11,2026-03-21..2026-08-06,baccarat_bet02_101_all_pairs_incl_sentinel,round_win = game_pnl > 0 (decisive only),COMPATIBILITY_ONLY_NOT_PRODUCTION,557989.4742,504875.3716,9878.7574,24851,24505,-0.01770420,0.00338982,-0.02772422,-0.01770420,-9878.7574,557989.4742,OK,0.0000,395.1503,4.0000,96.0000,AG03-UNRESOLVED,ALL5_LEVELS_bet23_to_bet27,395.1503,395.1503,395.1503,0.0000,0.0000,4.000000,4.000000,4.000000,0.000000,0.000000,96.000000,96.000000,96.000000,100.000000,100.000000,5.0,1185.4509,1138.6651,8693.3065,8740.0923,PENDING_AG03,FALSE,NOT_FOR_ENFORCEMENT,9483.6071,484680.3568,9878.7574,9483.6071,395.1503,0.01770420,0.01699603,395.1503,9483.6071,0.01699603,395.1503,395.1503,395.1503,0.0000,0.0000,9483.6071,0.01699603,1185.4509,1138.6651,8693.3065,8740.0923,0.01557970,0.01566354,0.00070817,22.4534,20.6030,0.4031,82.3230,2.6463,4649.9123,204.2083,25.9152,21.1137,12.8578,14.5296,26.176,48.8436,54.2173,102.8621,13.088,0.0,3.731508,7.079487,1.545355,30,207,63,6,0.32204186,0.01770420,-0.00338982,0E-8,0.000000,0.904812,0.002133,0.03111404,2026-03-21,2026-08-06,120,3733,1703,139,0.863309,1.227414,1.154177,1.073473,,,,,,,,GLOBAL_BASELINE_NO_ENTITY_RANKING,,,NOT_APPLICABLE_GLOBAL_BASELINE,HF9g-P5,,,,X 全窗基线 · 不参与实体赏罚,15054372,1506,A168_HF9F_20260827_0900,2026-08-27 09:00:00
2026-08-06,127529701,2261,0,25.6851514140,25.6851514140,25.6851514140,1.0000000,1,1,0.49324550000000000,0.493245500000,1.01360149184955,1.01360149184955,1.01360149184955,0E-17,ELIGIBLE,R03b_20260811_FULL_v1,L1_ELIGIBILITY,v2026-08-11,2026-03-21..2026-08-06,baccarat_bet02_101_all_pairs_incl_sentinel,round_win = game_pnl > 0 (decisive only),COMPATIBILITY_ONLY_NOT_PRODUCTION,557989.4742,504875.3716,9878.7574,24851,24505,-0.01770420,0.00338982,-0.02772422,-0.01770420,-9878.7574,557989.4742,OK,0.0000,395.1503,4.0000,96.0000,AG03-UNRESOLVED,ALL5_LEVELS_bet23_to_bet27,395.1503,395.1503,395.1503,0.0000,0.0000,4.000000,4.000000,4.000000,0.000000,0.000000,96.000000,96.000000,96.000000,100.000000,100.000000,5.0,1185.4509,1138.6651,8693.3065,8740.0923,PENDING_AG03,FALSE,NOT_FOR_ENFORCEMENT,9483.6071,484680.3568,9878.7574,9483.6071,395.1503,0.01770420,0.01699603,395.1503,9483.6071,0.01699603,395.1503,395.1503,395.1503,0.0000,0.0000,9483.6071,0.01699603,1185.4509,1138.6651,8693.3065,8740.0923,0.01557970,0.01566354,0.00070817,22.4534,20.6030,0.4031,82.3230,2.6463,4649.9123,204.2083,25.9152,21.1137,12.8578,14.5296,26.176,48.8436,54.2173,102.8621,13.088,0.0,3.731508,7.079487,1.545355,30,207,63,6,0.32204186,0.01770420,-0.00338982,0E-8,0.000000,0.904812,0.002133,0.03111404,2026-03-21,2026-08-06,120,3733,1703,139,0.863309,1.227414,1.154177,1.073473,,,,,,,,GLOBAL_BASELINE_NO_ENTITY_RANKING,,,NOT_APPLICABLE_GLOBAL_BASELINE,HF9g-P5,,,,X 全窗基线 · 不参与实体赏罚,15054373,1506,A168_HF9F_20260827_0900,2026-08-27 09:00:00
2026-08-06,127529701,2281,0,77.0554542419,-77.0554542419,-77.0554542419,0E-7,2,2,0.50665070000000000,0.506650700000,-1.4331513700195317,-1.4331513700195317,-1.4331513700195317,0E-17,ELIGIBLE,R03b_20260811_FULL_v1,L1_ELIGIBILITY,v2026-08-11,2026-03-21..2026-08-06,baccarat_bet02_101_all_pairs_incl_sentinel,round_win = game_pnl > 0 (decisive only),COMPATIBILITY_ONLY_NOT_PRODUCTION,557989.4742,504875.3716,9878.7574,24851,24505,-0.01770420,0.00338982,-0.02772422,-0.01770420,-9878.7574,557989.4742,OK,0.0000,395.1503,4.0000,96.0000,AG03-UNRESOLVED,ALL5_LEVELS_bet23_to_bet27,395.1503,395.1503,395.1503,0.0000,0.0000,4.000000,4.000000,4.000000,0.000000,0.000000,96.000000,96.000000,96.000000,100.000000,100.000000,5.0,1185.4509,1138.6651,8693.3065,8740.0923,PENDING_AG03,FALSE,NOT_FOR_ENFORCEMENT,9483.6071,484680.3568,9878.7574,9483.6071,395.1503,0.01770420,0.01699603,395.1503,9483.6071,0.01699603,395.1503,395.1503,395.1503,0.0000,0.0000,9483.6071,0.01699603,1185.4509,1138.6651,8693.3065,8740.0923,0.01557970,0.01566354,0.00070817,22.4534,20.6030,0.4031,82.3230,2.6463,4649.9123,204.2083,25.9152,21.1137,12.8578,14.5296,26.176,48.8436,54.2173,102.8621,13.088,0.0,3.731508,7.079487,1.545355,30,207,63,6,0.32204186,0.01770420,-0.00338982,0E-8,0.000000,0.904812,0.002133,0.03111404,2026-03-21,2026-08-06,120,3733,1703,139,0.863309,1.227414,1.154177,1.073473,,,,,,,,GLOBAL_BASELINE_NO_ENTITY_RANKING,,,NOT_APPLICABLE_GLOBAL_BASELINE,HF9g-P5,,,,X 全窗基线 · 不参与实体赏罚,15054374,1506,A168_HF9F_20260827_0900,2026-08-27 09:00:00
2026-08-06,127529701,2288,0,39.0414301492,13.3562787352,13.3562787352,0.5000000,2,2,0.49994810000000000,0.499948100000,0.00014679536856514622,0.00014679536856514622,0.00014679536856514622,0E-17,ELIGIBLE,R03b_20260811_FULL_v1,L1_ELIGIBILITY,v2026-08-11,2026-03-21..2026-08-06,baccarat_bet02_101_all_pairs_incl_sentinel,round_win = game_pnl > 0 (decisive only),COMPATIBILITY_ONLY_NOT_PRODUCTION,557989.4742,504875.3716,9878.7574,24851,24505,-0.01770420,0.00338982,-0.02772422,-0.01770420,-9878.7574,557989.4742,OK,0.0000,395.1503,4.0000,96.0000,AG03-UNRESOLVED,ALL5_LEVELS_bet23_to_bet27,395.1503,395.1503,395.1503,0.0000,0.0000,4.000000,4.000000,4.000000,0.000000,0.000000,96.000000,96.000000,96.000000,100.000000,100.000000,5.0,1185.4509,1138.6651,8693.3065,8740.0923,PENDING_AG03,FALSE,NOT_FOR_ENFORCEMENT,9483.6071,484680.3568,9878.7574,9483.6071,395.1503,0.01770420,0.01699603,395.1503,9483.6071,0.01699603,395.1503,395.1503,395.1503,0.0000,0.0000,9483.6071,0.01699603,1185.4509,1138.6651,8693.3065,8740.0923,0.01557970,0.01566354,0.00070817,22.4534,20.6030,0.4031,82.3230,2.6463,4649.9123,204.2083,25.9152,21.1137,12.8578,14.5296,26.176,48.8436,54.2173,102.8621,13.088,0.0,3.731508,7.079487,1.545355,30,207,63,6,0.32204186,0.01770420,-0.00338982,0E-8,0.000000,0.904812,0.002133,0.03111404,2026-03-21,2026-08-06,120,3733,1703,139,0.863309,1.227414,1.154177,1.073473,,,,,,,,GLOBAL_BASELINE_NO_ENTITY_RANKING,,,NOT_APPLICABLE_GLOBAL_BASELINE,HF9g-P5,,,,X 全窗基线 · 不参与实体赏罚,15054375,1506,A168_HF9F_20260827_0900,2026-08-27 09:00:00
2026-08-06,127529701,462,0,155.1383145403,-52.3977088845,-52.3977088845,0.2500000,4,4,0.49994810000000000,0.499948100000,-0.9997924053861017,-0.9997924053861017,-0.9997924053861017,0E-17,ELIGIBLE,R03b_20260811_FULL_v1,L1_ELIGIBILITY,v2026-08-11,2026-03-21..2026-08-06,baccarat_bet02_101_all_pairs_incl_sentinel,round_win = game_pnl > 0 (decisive only),COMPATIBILITY_ONLY_NOT_PRODUCTION,557989.4742,504875.3716,9878.7574,24851,24505,-0.01770420,0.00338982,-0.02772422,-0.01770420,-9878.7574,557989.4742,OK,0.0000,395.1503,4.0000,96.0000,AG03-UNRESOLVED,ALL5_LEVELS_bet23_to_bet27,395.1503,395.1503,395.1503,0.0000,0.0000,4.000000,4.000000,4.000000,0.000000,0.000000,96.000000,96.000000,96.000000,100.000000,100.000000,5.0,1185.4509,1138.6651,8693.3065,8740.0923,PENDING_AG03,FALSE,NOT_FOR_ENFORCEMENT,9483.6071,484680.3568,9878.7574,9483.6071,395.1503,0.01770420,0.01699603,395.1503,9483.6071,0.01699603,395.1503,395.1503,395.1503,0.0000,0.0000,9483.6071,0.01699603,1185.4509,1138.6651,8693.3065,8740.0923,0.01557970,0.01566354,0.00070817,22.4534,20.6030,0.4031,82.3230,2.6463,4649.9123,204.2083,25.9152,21.1137,12.8578,14.5296,26.176,48.8436,54.2173,102.8621,13.088,0.0,3.731508,7.079487,1.545355,30,207,63,6,0.32204186,0.01770420,-0.00338982,0E-8,0.000000,0.904812,0.002133,0.03111404,2026-03-21,2026-08-06,120,3733,1703,139,0.863309,1.227414,1.154177,1.073473,,,,,,,,GLOBAL_BASELINE_NO_ENTITY_RANKING,,,NOT_APPLICABLE_GLOBAL_BASELINE,HF9g-P5,,,,X 全窗基线 · 不参与实体赏罚,15054376,1506,A168_HF9F_20260827_0900,2026-08-27 09:00:00
2026-08-06,127529701,526,0,51.3703028279,-51.3703028279,-51.3703028279,0E-7,1,1,0.49324550000000000,0.493245500000,-0.9865810262130424,-0.9865810262130424,-0.9865810262130424,0E-17,ELIGIBLE,R03b_20260811_FULL_v1,L1_ELIGIBILITY,v2026-08-11,2026-03-21..2026-08-06,baccarat_bet02_101_all_pairs_incl_sentinel,round_win = game_pnl > 0 (decisive only),COMPATIBILITY_ONLY_NOT_PRODUCTION,557989.4742,504875.3716,9878.7574,24851,24505,-0.01770420,0.00338982,-0.02772422,-0.01770420,-9878.7574,557989.4742,OK,0.0000,395.1503,4.0000,96.0000,AG03-UNRESOLVED,ALL5_LEVELS_bet23_to_bet27,395.1503,395.1503,395.1503,0.0000,0.0000,4.000000,4.000000,4.000000,0.000000,0.000000,96.000000,96.000000,96.000000,100.000000,100.000000,5.0,1185.4509,1138.6651,8693.3065,8740.0923,PENDING_AG03,FALSE,NOT_FOR_ENFORCEMENT,9483.6071,484680.3568,9878.7574,9483.6071,395.1503,0.01770420,0.01699603,395.1503,9483.6071,0.01699603,395.1503,395.1503,395.1503,0.0000,0.0000,9483.6071,0.01699603,1185.4509,1138.6651,8693.3065,8740.0923,0.01557970,0.01566354,0.00070817,22.4534,20.6030,0.4031,82.3230,2.6463,4649.9123,204.2083,25.9152,21.1137,12.8578,14.5296,26.176,48.8436,54.2173,102.8621,13.088,0.0,3.731508,7.079487,1.545355,30,207,63,6,0.32204186,0.01770420,-0.00338982,0E-8,0.000000,0.904812,0.002133,0.03111404,2026-03-21,2026-08-06,120,3733,1703,139,0.863309,1.227414,1.154177,1.073473,,,,,,,,GLOBAL_BASELINE_NO_ENTITY_RANKING,,,NOT_APPLICABLE_GLOBAL_BASELINE,HF9g-P5,,,,X 全窗基线 · 不参与实体赏罚,15054377,1506,A168_HF9F_20260827_0900,2026-08-27 09:00:00
2026-08-06,127529701,583,0,113.0146662216,39.1698559063,39.1698559063,0.5714286,7,7,0.50090561428571429,0.500905614286,0.3731730247484194,0.373173024746908,0.3731730247484194,-2.8571E-13,ELIGIBLE,R03b_20260811_FULL_v1,L1_ELIGIBILITY,v2026-08-11,2026-03-21..2026-08-06,baccarat_bet02_101_all_pairs_incl_sentinel,round_win = game_pnl > 0 (decisive only),COMPATIBILITY_ONLY_NOT_PRODUCTION,557989.4742,504875.3716,9878.7574,24851,24505,-0.01770420,0.00338982,-0.02772422,-0.01770420,-9878.7574,557989.4742,OK,0.0000,395.1503,4.0000,96.0000,AG03-UNRESOLVED,ALL5_LEVELS_bet23_to_bet27,395.1503,395.1503,395.1503,0.0000,0.0000,4.000000,4.000000,4.000000,0.000000,0.000000,96.000000,96.000000,96.000000,100.000000,100.000000,5.0,1185.4509,1138.6651,8693.3065,8740.0923,PENDING_AG03,FALSE,NOT_FOR_ENFORCEMENT,9483.6071,484680.3568,9878.7574,9483.6071,395.1503,0.01770420,0.01699603,395.1503,9483.6071,0.01699603,395.1503,395.1503,395.1503,0.0000,0.0000,9483.6071,0.01699603,1185.4509,1138.6651,8693.3065,8740.0923,0.01557970,0.01566354,0.00070817,22.4534,20.6030,0.4031,82.3230,2.6463,4649.9123,204.2083,25.9152,21.1137,12.8578,14.5296,26.176,48.8436,54.2173,102.8621,13.088,0.0,3.731508,7.079487,1.545355,30,207,63,6,0.32204186,0.01770420,-0.00338982,0E-8,0.000000,0.904812,0.002133,0.03111404,2026-03-21,2026-08-06,120,3733,1703,139,0.863309,1.227414,1.154177,1.073473,,,,,,,,GLOBAL_BASELINE_NO_ENTITY_RANKING,,,NOT_APPLICABLE_GLOBAL_BASELINE,HF9g-P5,,,,X 全窗基线 · 不参与实体赏罚,15054378,1506,A168_HF9F_20260827_0900,2026-08-27 09:00:00
2026-08-06,127529701,987,0,244.0089384328,-118.1516965043,-118.1516965043,0.4285714,7,7,0.50090561428571429,0.500905614286,-0.38275716120403624,-0.38275716120554854,-0.38275716120403624,-2.8571E-13,ELIGIBLE,R03b_20260811_FULL_v1,L1_ELIGIBILITY,v2026-08-11,2026-03-21..2026-08-06,baccarat_bet02_101_all_pairs_incl_sentinel,round_win = game_pnl > 0 (decisive only),COMPATIBILITY_ONLY_NOT_PRODUCTION,557989.4742,504875.3716,9878.7574,24851,24505,-0.01770420,0.00338982,-0.02772422,-0.01770420,-9878.7574,557989.4742,OK,0.0000,395.1503,4.0000,96.0000,AG03-UNRESOLVED,ALL5_LEVELS_bet23_to_bet27,395.1503,395.1503,395.1503,0.0000,0.0000,4.000000,4.000000,4.000000,0.000000,0.000000,96.000000,96.000000,96.000000,100.000000,100.000000,5.0,1185.4509,1138.6651,8693.3065,8740.0923,PENDING_AG03,FALSE,NOT_FOR_ENFORCEMENT,9483.6071,484680.3568,9878.7574,9483.6071,395.1503,0.01770420,0.01699603,395.1503,9483.6071,0.01699603,395.1503,395.1503,395.1503,0.0000,0.0000,9483.6071,0.01699603,1185.4509,1138.6651,8693.3065,8740.0923,0.01557970,0.01566354,0.00070817,22.4534,20.6030,0.4031,82.3230,2.6463,4649.9123,204.2083,25.9152,21.1137,12.8578,14.5296,26.176,48.8436,54.2173,102.8621,13.088,0.0,3.731508,7.079487,1.545355,30,207,63,6,0.32204186,0.01770420,-0.00338982,0E-8,0.000000,0.904812,0.002133,0.03111404,2026-03-21,2026-08-06,120,3733,1703,139,0.863309,1.227414,1.154177,1.073473,,,,,,,,GLOBAL_BASELINE_NO_ENTITY_RANKING,,,NOT_APPLICABLE_GLOBAL_BASELINE,HF9g-P5,,,,X 全窗基线 · 不参与实体赏罚,15054379,1506,A168_HF9F_20260827_0900,2026-08-27 09:00:00
2026-03-31,92755421,-1,1,778.6302926962,272.0740470100,272.0740470100,0.7058824,22,20,0.49835344252100849,0.476227570000,1.7113365154737845,1.895925950669101,1.7113365154737845,0.02212587252100849,SENTINEL_DEALER,R03b_20260811_FULL_v1,L1_ELIGIBILITY,v2026-08-11,2026-03-21..2026-08-06,baccarat_bet02_101_all_pairs_incl_sentinel,round_win = game_pnl > 0 (decisive only),COMPATIBILITY_ONLY_NOT_PRODUCTION,2500103.8841,2280641.3266,9883.8276,11764,10369,-0.00395337,-0.05088190,-0.00239824,-0.00395337,-9883.8276,2500103.8841,OK,0.0000,395.3531,4.0000,96.0000,AG03-UNRESOLVED,ALL5_LEVELS_bet23_to_bet27,395.3531,395.3531,395.3531,395.3531,395.3531,4.000000,4.000000,4.000000,4.000000,4.000000,96.000000,96.000000,96.000000,96.000000,96.000000,5.0,1976.7655,1824.8244,7907.0621,8059.0032,PENDING_AG03,FALSE,NOT_FOR_ENFORCEMENT,9488.4745,2189415.6736,9883.8276,9488.4745,395.3531,0.00395337,0.00379523,395.3531,9488.4745,0.00379523,395.3531,395.3531,395.3531,395.3531,395.3531,9488.4745,0.00379523,1976.7655,1824.8244,7907.0621,8059.0032,0.00316269,0.00322347,0.00015813,212.5216,219.9480,0.9532,119.0823,2.3972,30121.7335,124.9277,49.0469,238.9093,36.5364,75.9244,374.9013,749.8027,789.266,1183.8989,75.8035,-1.1839,10.395423,15.593133,2.799122,29,215,300,5,0.03207536,0.00395337,0.05088190,0E-8,0.000000,0.912219,0.000000,-0.04848366,2026-03-31,2026-08-01,83,4123,1621,124,0.669355,0.205295,0.230786,0.106918,,,,,,,,GLOBAL_BASELINE_NO_ENTITY_RANKING,,,NOT_APPLICABLE_GLOBAL_BASELINE,HF9g-P5,,,,X 全窗基线 · 不参与实体赏罚,15054380,1506,A168_HF9F_20260827_0900,2026-08-27 09:00:00
2026-03-31,92755421,1017,0,156.7003613039,142.8977388058,142.8977388058,1.0000000,7,5,0.48190149991413101,0.405065980000,2.318526321362822,2.709920305320518,2.318526321362822,0.07683551991413101,ELIGIBLE,R03b_20260811_FULL_v1,L1_ELIGIBILITY,v2026-08-11,2026-03-21..2026-08-06,baccarat_bet02_101_all_pairs_incl_sentinel,round_win = game_pnl > 0 (decisive only),COMPATIBILITY_ONLY_NOT_PRODUCTION,2500103.8841,2280641.3266,9883.8276,11764,10369,-0.00395337,-0.05088190,-0.00239824,-0.00395337,-9883.8276,2500103.8841,OK,0.0000,395.3531,4.0000,96.0000,AG03-UNRESOLVED,ALL5_LEVELS_bet23_to_bet27,395.3531,395.3531,395.3531,395.3531,395.3531,4.000000,4.000000,4.000000,4.000000,4.000000,96.000000,96.000000,96.000000,96.000000,96.000000,5.0,1976.7655,1824.8244,7907.0621,8059.0032,PENDING_AG03,FALSE,NOT_FOR_ENFORCEMENT,9488.4745,2189415.6736,9883.8276,9488.4745,395.3531,0.00395337,0.00379523,395.3531,9488.4745,0.00379523,395.3531,395.3531,395.3531,395.3531,395.3531,9488.4745,0.00379523,1976.7655,1824.8244,7907.0621,8059.0032,0.00316269,0.00322347,0.00015813,212.5216,219.9480,0.9532,119.0823,2.3972,30121.7335,124.9277,49.0469,238.9093,36.5364,75.9244,374.9013,749.8027,789.266,1183.8989,75.8035,-1.1839,10.395423,15.593133,2.799122,29,215,300,5,0.03207536,0.00395337,0.05088190,0E-8,0.000000,0.912219,0.000000,-0.04848366,2026-03-31,2026-08-01,83,4123,1621,124,0.669355,0.205295,0.230786,0.106918,,,,,,,,GLOBAL_BASELINE_NO_ENTITY_RANKING,,,NOT_APPLICABLE_GLOBAL_BASELINE,HF9g-P5,,,,X 全窗基线 · 不参与实体赏罚,15054381,1506,A168_HF9F_20260827_0900,2026-08-27 09:00:00
2026-03-31,92755421,1307,0,81.1918970486,-81.1918970486,-81.1918970486,0E-7,2,2,0.49324550000000000,0.493245500000,-1.3952362676504506,-1.3952362676504506,-1.3952362676504506,0E-17,ELIGIBLE,R03b_20260811_FULL_v1,L1_ELIGIBILITY,v2026-08-11,2026-03-21..2026-08-06,baccarat_bet02_101_all_pairs_incl_sentinel,round_win = game_pnl > 0 (decisive only),COMPATIBILITY_ONLY_NOT_PRODUCTION,2500103.8841,2280641.3266,9883.8276,11764,10369,-0.00395337,-0.05088190,-0.00239824,-0.00395337,-9883.8276,2500103.8841,OK,0.0000,395.3531,4.0000,96.0000,AG03-UNRESOLVED,ALL5_LEVELS_bet23_to_bet27,395.3531,395.3531,395.3531,395.3531,395.3531,4.000000,4.000000,4.000000,4.000000,4.000000,96.000000,96.000000,96.000000,96.000000,96.000000,5.0,1976.7655,1824.8244,7907.0621,8059.0032,PENDING_AG03,FALSE,NOT_FOR_ENFORCEMENT,9488.4745,2189415.6736,9883.8276,9488.4745,395.3531,0.00395337,0.00379523,395.3531,9488.4745,0.00379523,395.3531,395.3531,395.3531,395.3531,395.3531,9488.4745,0.00379523,1976.7655,1824.8244,7907.0621,8059.0032,0.00316269,0.00322347,0.00015813,212.5216,219.9480,0.9532,119.0823,2.3972,30121.7335,124.9277,49.0469,238.9093,36.5364,75.9244,374.9013,749.8027,789.266,1183.8989,75.8035,-1.1839,10.395423,15.593133,2.799122,29,215,300,5,0.03207536,0.00395337,0.05088190,0E-8,0.000000,0.912219,0.000000,-0.04848366,2026-03-31,2026-08-01,83,4123,1621,124,0.669355,0.205295,0.230786,0.106918,,,,,,,,GLOBAL_BASELINE_NO_ENTITY_RANKING,,,NOT_APPLICABLE_GLOBAL_BASELINE,HF9g-P5,,,,X 全窗基线 · 不参与实体赏罚,15054382,1506,A168_HF9F_20260827_0900,2026-08-27 09:00:00
2026-03-31,92755421,1331,0,40.5959485243,-40.5959485243,-40.5959485243,0E-7,1,1,0.49324550000000000,0.493245500000,-0.9865810262130424,-0.9865810262130424,-0.9865810262130424,0E-17,ELIGIBLE,R03b_20260811_FULL_v1,L1_ELIGIBILITY,v2026-08-11,2026-03-21..2026-08-06,baccarat_bet02_101_all_pairs_incl_sentinel,round_win = game_pnl > 0 (decisive only),COMPATIBILITY_ONLY_NOT_PRODUCTION,2500103.8841,2280641.3266,9883.8276,11764,10369,-0.00395337,-0.05088190,-0.00239824,-0.00395337,-9883.8276,2500103.8841,OK,0.0000,395.3531,4.0000,96.0000,AG03-UNRESOLVED,ALL5_LEVELS_bet23_to_bet27,395.3531,395.3531,395.3531,395.3531,395.3531,4.000000,4.000000,4.000000,4.000000,4.000000,96.000000,96.000000,96.000000,96.000000,96.000000,5.0,1976.7655,1824.8244,7907.0621,8059.0032,PENDING_AG03,FALSE,NOT_FOR_ENFORCEMENT,9488.4745,2189415.6736,9883.8276,9488.4745,395.3531,0.00395337,0.00379523,395.3531,9488.4745,0.00379523,395.3531,395.3531,395.3531,395.3531,395.3531,9488.4745,0.00379523,1976.7655,1824.8244,7907.0621,8059.0032,0.00316269,0.00322347,0.00015813,212.5216,219.9480,0.9532,119.0823,2.3972,30121.7335,124.9277,49.0469,238.9093,36.5364,75.9244,374.9013,749.8027,789.266,1183.8989,75.8035,-1.1839,10.395423,15.593133,2.799122,29,215,300,5,0.03207536,0.00395337,0.05088190,0E-8,0.000000,0.912219,0.000000,-0.04848366,2026-03-31,2026-08-01,83,4123,1621,124,0.669355,0.205295,0.230786,0.106918,,,,,,,,GLOBAL_BASELINE_NO_ENTITY_RANKING,,,NOT_APPLICABLE_GLOBAL_BASELINE,HF9g-P5,,,,X 全窗基线 · 不参与实体赏罚,15054383,1506,A168_HF9F_20260827_0900,2026-08-27 09:00:00
2026-03-31,92755421,1402,0,81.1918970486,-81.1918970486,-81.1918970486,0E-7,2,2,0.49324550000000000,0.493245500000,-1.3952362676504506,-1.3952362676504506,-1.3952362676504506,0E-17,ELIGIBLE,R03b_20260811_FULL_v1,L1_ELIGIBILITY,v2026-08-11,2026-03-21..2026-08-06,baccarat_bet02_101_all_pairs_incl_sentinel,round_win = game_pnl > 0 (decisive only),COMPATIBILITY_ONLY_NOT_PRODUCTION,2500103.8841,2280641.3266,9883.8276,11764,10369,-0.00395337,-0.05088190,-0.00239824,-0.00395337,-9883.8276,2500103.8841,OK,0.0000,395.3531,4.0000,96.0000,AG03-UNRESOLVED,ALL5_LEVELS_bet23_to_bet27,395.3531,395.3531,395.3531,395.3531,395.3531,4.000000,4.000000,4.000000,4.000000,4.000000,96.000000,96.000000,96.000000,96.000000,96.000000,5.0,1976.7655,1824.8244,7907.0621,8059.0032,PENDING_AG03,FALSE,NOT_FOR_ENFORCEMENT,9488.4745,2189415.6736,9883.8276,9488.4745,395.3531,0.00395337,0.00379523,395.3531,9488.4745,0.00379523,395.3531,395.3531,395.3531,395.3531,395.3531,9488.4745,0.00379523,1976.7655,1824.8244,7907.0621,8059.0032,0.00316269,0.00322347,0.00015813,212.5216,219.9480,0.9532,119.0823,2.3972,30121.7335,124.9277,49.0469,238.9093,36.5364,75.9244,374.9013,749.8027,789.266,1183.8989,75.8035,-1.1839,10.395423,15.593133,2.799122,29,215,300,5,0.03207536,0.00395337,0.05088190,0E-8,0.000000,0.912219,0.000000,-0.04848366,2026-03-31,2026-08-01,83,4123,1621,124,0.669355,0.205295,0.230786,0.106918,,,,,,,,GLOBAL_BASELINE_NO_ENTITY_RANKING,,,NOT_APPLICABLE_GLOBAL_BASELINE,HF9g-P5,,,,X 全窗基线 · 不参与实体赏罚,15054384,1506,A168_HF9F_20260827_0900,2026-08-27 09:00:00
2026-03-31,92755421,1490,0,40.5959485243,0E-10,0E-10,,1,1,0.49324550000000000,0.493245500000,,,,0E-17,NO_DECISIVE_ROUND,R03b_20260811_FULL_v1,L1_ELIGIBILITY,v2026-08-11,2026-03-21..2026-08-06,baccarat_bet02_101_all_pairs_incl_sentinel,round_win = game_pnl > 0 (decisive only),COMPATIBILITY_ONLY_NOT_PRODUCTION,2500103.8841,2280641.3266,9883.8276,11764,10369,-0.00395337,-0.05088190,-0.00239824,-0.00395337,-9883.8276,2500103.8841,OK,0.0000,395.3531,4.0000,96.0000,AG03-UNRESOLVED,ALL5_LEVELS_bet23_to_bet27,395.3531,395.3531,395.3531,395.3531,395.3531,4.000000,4.000000,4.000000,4.000000,4.000000,96.000000,96.000000,96.000000,96.000000,96.000000,5.0,1976.7655,1824.8244,7907.0621,8059.0032,PENDING_AG03,FALSE,NOT_FOR_ENFORCEMENT,9488.4745,2189415.6736,9883.8276,9488.4745,395.3531,0.00395337,0.00379523,395.3531,9488.4745,0.00379523,395.3531,395.3531,395.3531,395.3531,395.3531,9488.4745,0.00379523,1976.7655,1824.8244,7907.0621,8059.0032,0.00316269,0.00322347,0.00015813,212.5216,219.9480,0.9532,119.0823,2.3972,30121.7335,124.9277,49.0469,238.9093,36.5364,75.9244,374.9013,749.8027,789.266,1183.8989,75.8035,-1.1839,10.395423,15.593133,2.799122,29,215,300,5,0.03207536,0.00395337,0.05088190,0E-8,0.000000,0.912219,0.000000,-0.04848366,2026-03-31,2026-08-01,83,4123,1621,124,0.669355,0.205295,0.230786,0.106918,,,,,,,,GLOBAL_BASELINE_NO_ENTITY_RANKING,,,NOT_APPLICABLE_GLOBAL_BASELINE,HF9g-P5,,,,X 全窗基线 · 不参与实体赏罚,15054385,1506,A168_HF9F_20260827_0900,2026-08-27 09:00:00
2026-03-31,92755421,1654,0,83.2216944748,-2.0297974262,-2.0297974262,0.5000000,3,2,0.48865260952388902,0.381345450000,0.03210353559502825,0.3454745057990616,0.03210353559502825,0.10730715952388902,ELIGIBLE,R03b_20260811_FULL_v1,L1_ELIGIBILITY,v2026-08-11,2026-03-21..2026-08-06,baccarat_bet02_101_all_pairs_incl_sentinel,round_win = game_pnl > 0 (decisive only),COMPATIBILITY_ONLY_NOT_PRODUCTION,2500103.8841,2280641.3266,9883.8276,11764,10369,-0.00395337,-0.05088190,-0.00239824,-0.00395337,-9883.8276,2500103.8841,OK,0.0000,395.3531,4.0000,96.0000,AG03-UNRESOLVED,ALL5_LEVELS_bet23_to_bet27,395.3531,395.3531,395.3531,395.3531,395.3531,4.000000,4.000000,4.000000,4.000000,4.000000,96.000000,96.000000,96.000000,96.000000,96.000000,5.0,1976.7655,1824.8244,7907.0621,8059.0032,PENDING_AG03,FALSE,NOT_FOR_ENFORCEMENT,9488.4745,2189415.6736,9883.8276,9488.4745,395.3531,0.00395337,0.00379523,395.3531,9488.4745,0.00379523,395.3531,395.3531,395.3531,395.3531,395.3531,9488.4745,0.00379523,1976.7655,1824.8244,7907.0621,8059.0032,0.00316269,0.00322347,0.00015813,212.5216,219.9480,0.9532,119.0823,2.3972,30121.7335,124.9277,49.0469,238.9093,36.5364,75.9244,374.9013,749.8027,789.266,1183.8989,75.8035,-1.1839,10.395423,15.593133,2.799122,29,215,300,5,0.03207536,0.00395337,0.05088190,0E-8,0.000000,0.912219,0.000000,-0.04848366,2026-03-31,2026-08-01,83,4123,1621,124,0.669355,0.205295,0.230786,0.106918,,,,,,,,GLOBAL_BASELINE_NO_ENTITY_RANKING,,,NOT_APPLICABLE_GLOBAL_BASELINE,HF9g-P5,,,,X 全窗基线 · 不参与实体赏罚,15054386,1506,A168_HF9F_20260827_0900,2026-08-27 09:00:00
2026-03-31,92755421,1951,0,40.5959485243,38.5661510981,38.5661510981,1.0000000,1,1,0.50665070000000000,0.506650700000,0.9867858985152569,0.9867858985152569,0.9867858985152569,0E-17,ELIGIBLE,R03b_20260811_FULL_v1,L1_ELIGIBILITY,v2026-08-11,2026-03-21..2026-08-06,baccarat_bet02_101_all_pairs_incl_sentinel,round_win = game_pnl > 0 (decisive only),COMPATIBILITY_ONLY_NOT_PRODUCTION,2500103.8841,2280641.3266,9883.8276,11764,10369,-0.00395337,-0.05088190,-0.00239824,-0.00395337,-9883.8276,2500103.8841,OK,0.0000,395.3531,4.0000,96.0000,AG03-UNRESOLVED,ALL5_LEVELS_bet23_to_bet27,395.3531,395.3531,395.3531,395.3531,395.3531,4.000000,4.000000,4.000000,4.000000,4.000000,96.000000,96.000000,96.000000,96.000000,96.000000,5.0,1976.7655,1824.8244,7907.0621,8059.0032,PENDING_AG03,FALSE,NOT_FOR_ENFORCEMENT,9488.4745,2189415.6736,9883.8276,9488.4745,395.3531,0.00395337,0.00379523,395.3531,9488.4745,0.00379523,395.3531,395.3531,395.3531,395.3531,395.3531,9488.4745,0.00379523,1976.7655,1824.8244,7907.0621,8059.0032,0.00316269,0.00322347,0.00015813,212.5216,219.9480,0.9532,119.0823,2.3972,30121.7335,124.9277,49.0469,238.9093,36.5364,75.9244,374.9013,749.8027,789.266,1183.8989,75.8035,-1.1839,10.395423,15.593133,2.799122,29,215,300,5,0.03207536,0.00395337,0.05088190,0E-8,0.000000,0.912219,0.000000,-0.04848366,2026-03-31,2026-08-01,83,4123,1621,124,0.669355,0.205295,0.230786,0.106918,,,,,,,,GLOBAL_BASELINE_NO_ENTITY_RANKING,,,NOT_APPLICABLE_GLOBAL_BASELINE,HF9g-P5,,,,X 全窗基线 · 不参与实体赏罚,15054387,1506,A168_HF9F_20260827_0900,2026-08-27 09:00:00
2026-03-31,92755421,1990,0,38.9721105834,-38.9721105834,-38.9721105834,0E-7,1,1,0.49324550000000000,0.493245500000,-0.9865810262130424,-0.9865810262130424,-0.9865810262130424,0E-17,ELIGIBLE,R03b_20260811_FULL_v1,L1_ELIGIBILITY,v2026-08-11,2026-03-21..2026-08-06,baccarat_bet02_101_all_pairs_incl_sentinel,round_win = game_pnl > 0 (decisive only),COMPATIBILITY_ONLY_NOT_PRODUCTION,2500103.8841,2280641.3266,9883.8276,11764,10369,-0.00395337,-0.05088190,-0.00239824,-0.00395337,-9883.8276,2500103.8841,OK,0.0000,395.3531,4.0000,96.0000,AG03-UNRESOLVED,ALL5_LEVELS_bet23_to_bet27,395.3531,395.3531,395.3531,395.3531,395.3531,4.000000,4.000000,4.000000,4.000000,4.000000,96.000000,96.000000,96.000000,96.000000,96.000000,5.0,1976.7655,1824.8244,7907.0621,8059.0032,PENDING_AG03,FALSE,NOT_FOR_ENFORCEMENT,9488.4745,2189415.6736,9883.8276,9488.4745,395.3531,0.00395337,0.00379523,395.3531,9488.4745,0.00379523,395.3531,395.3531,395.3531,395.3531,395.3531,9488.4745,0.00379523,1976.7655,1824.8244,7907.0621,8059.0032,0.00316269,0.00322347,0.00015813,212.5216,219.9480,0.9532,119.0823,2.3972,30121.7335,124.9277,49.0469,238.9093,36.5364,75.9244,374.9013,749.8027,789.266,1183.8989,75.8035,-1.1839,10.395423,15.593133,2.799122,29,215,300,5,0.03207536,0.00395337,0.05088190,0E-8,0.000000,0.912219,0.000000,-0.04848366,2026-03-31,2026-08-01,83,4123,1621,124,0.669355,0.205295,0.230786,0.106918,,,,,,,,GLOBAL_BASELINE_NO_ENTITY_RANKING,,,NOT_APPLICABLE_GLOBAL_BASELINE,HF9g-P5,,,,X 全窗基线 · 不参与实体赏罚,15054388,1506,A168_HF9F_20260827_0900,2026-08-27 09:00:00
2026-03-31,92755421,1994,0,40.5959485243,-40.5959485243,-40.5959485243,0E-7,1,1,0.49324550000000000,0.493245500000,-0.9865810262130424,-0.9865810262130424,-0.9865810262130424,0E-17,ELIGIBLE,R03b_20260811_FULL_v1,L1_ELIGIBILITY,v2026-08-11,2026-03-21..2026-08-06,baccarat_bet02_101_all_pairs_incl_sentinel,round_win = game_pnl > 0 (decisive only),COMPATIBILITY_ONLY_NOT_PRODUCTION,2500103.8841,2280641.3266,9883.8276,11764,10369,-0.00395337,-0.05088190,-0.00239824,-0.00395337,-9883.8276,2500103.8841,OK,0.0000,395.3531,4.0000,96.0000,AG03-UNRESOLVED,ALL5_LEVELS_bet23_to_bet27,395.3531,395.3531,395.3531,395.3531,395.3531,4.000000,4.000000,4.000000,4.000000,4.000000,96.000000,96.000000,96.000000,96.000000,96.000000,5.0,1976.7655,1824.8244,7907.0621,8059.0032,PENDING_AG03,FALSE,NOT_FOR_ENFORCEMENT,9488.4745,2189415.6736,9883.8276,9488.4745,395.3531,0.00395337,0.00379523,395.3531,9488.4745,0.00379523,395.3531,395.3531,395.3531,395.3531,395.3531,9488.4745,0.00379523,1976.7655,1824.8244,7907.0621,8059.0032,0.00316269,0.00322347,0.00015813,212.5216,219.9480,0.9532,119.0823,2.3972,30121.7335,124.9277,49.0469,238.9093,36.5364,75.9244,374.9013,749.8027,789.266,1183.8989,75.8035,-1.1839,10.395423,15.593133,2.799122,29,215,300,5,0.03207536,0.00395337,0.05088190,0E-8,0.000000,0.912219,0.000000,-0.04848366,2026-03-31,2026-08-01,83,4123,1621,124,0.669355,0.205295,0.230786,0.106918,,,,,,,,GLOBAL_BASELINE_NO_ENTITY_RANKING,,,NOT_APPLICABLE_GLOBAL_BASELINE,HF9g-P5,,,,X 全窗基线 · 不参与实体赏罚,15054389,1506,A168_HF9F_20260827_0900,2026-08-27 09:00:00
2026-03-31,92755421,2101,0,40.5959485243,-40.5959485243,-40.5959485243,0E-7,1,1,0.49324550000000000,0.493245500000,-0.9865810262130424,-0.9865810262130424,-0.9865810262130424,0E-17,ELIGIBLE,R03b_20260811_FULL_v1,L1_ELIGIBILITY,v2026-08-11,2026-03-21..2026-08-06,baccarat_bet02_101_all_pairs_incl_sentinel,round_win = game_pnl > 0 (decisive only),COMPATIBILITY_ONLY_NOT_PRODUCTION,2500103.8841,2280641.3266,9883.8276,11764,10369,-0.00395337,-0.05088190,-0.00239824,-0.00395337,-9883.8276,2500103.8841,OK,0.0000,395.3531,4.0000,96.0000,AG03-UNRESOLVED,ALL5_LEVELS_bet23_to_bet27,395.3531,395.3531,395.3531,395.3531,395.3531,4.000000,4.000000,4.000000,4.000000,4.000000,96.000000,96.000000,96.000000,96.000000,96.000000,5.0,1976.7655,1824.8244,7907.0621,8059.0032,PENDING_AG03,FALSE,NOT_FOR_ENFORCEMENT,9488.4745,2189415.6736,9883.8276,9488.4745,395.3531,0.00395337,0.00379523,395.3531,9488.4745,0.00379523,395.3531,395.3531,395.3531,395.3531,395.3531,9488.4745,0.00379523,1976.7655,1824.8244,7907.0621,8059.0032,0.00316269,0.00322347,0.00015813,212.5216,219.9480,0.9532,119.0823,2.3972,30121.7335,124.9277,49.0469,238.9093,36.5364,75.9244,374.9013,749.8027,789.266,1183.8989,75.8035,-1.1839,10.395423,15.593133,2.799122,29,215,300,5,0.03207536,0.00395337,0.05088190,0E-8,0.000000,0.912219,0.000000,-0.04848366,2026-03-31,2026-08-01,83,4123,1621,124,0.669355,0.205295,0.230786,0.106918,,,,,,,,GLOBAL_BASELINE_NO_ENTITY_RANKING,,,NOT_APPLICABLE_GLOBAL_BASELINE,HF9g-P5,,,,X 全窗基线 · 不参与实体赏罚,15054390,1506,A168_HF9F_20260827_0900,2026-08-27 09:00:00
2026-03-31,92755421,2103,0,40.5959485243,-40.5959485243,-40.5959485243,0E-7,1,1,0.50665070000000000,0.506650700000,-1.013391052207602,-1.013391052207602,-1.013391052207602,0E-17,ELIGIBLE,R03b_20260811_FULL_v1,L1_ELIGIBILITY,v2026-08-11,2026-03-21..2026-08-06,baccarat_bet02_101_all_pairs_incl_sentinel,round_win = game_pnl > 0 (decisive only),COMPATIBILITY_ONLY_NOT_PRODUCTION,2500103.8841,2280641.3266,9883.8276,11764,10369,-0.00395337,-0.05088190,-0.00239824,-0.00395337,-9883.8276,2500103.8841,OK,0.0000,395.3531,4.0000,96.0000,AG03-UNRESOLVED,ALL5_LEVELS_bet23_to_bet27,395.3531,395.3531,395.3531,395.3531,395.3531,4.000000,4.000000,4.000000,4.000000,4.000000,96.000000,96.000000,96.000000,96.000000,96.000000,5.0,1976.7655,1824.8244,7907.0621,8059.0032,PENDING_AG03,FALSE,NOT_FOR_ENFORCEMENT,9488.4745,2189415.6736,9883.8276,9488.4745,395.3531,0.00395337,0.00379523,395.3531,9488.4745,0.00379523,395.3531,395.3531,395.3531,395.3531,395.3531,9488.4745,0.00379523,1976.7655,1824.8244,7907.0621,8059.0032,0.00316269,0.00322347,0.00015813,212.5216,219.9480,0.9532,119.0823,2.3972,30121.7335,124.9277,49.0469,238.9093,36.5364,75.9244,374.9013,749.8027,789.266,1183.8989,75.8035,-1.1839,10.395423,15.593133,2.799122,29,215,300,5,0.03207536,0.00395337,0.05088190,0E-8,0.000000,0.912219,0.000000,-0.04848366,2026-03-31,2026-08-01,83,4123,1621,124,0.669355,0.205295,0.230786,0.106918,,,,,,,,GLOBAL_BASELINE_NO_ENTITY_RANKING,,,NOT_APPLICABLE_GLOBAL_BASELINE,HF9g-P5,,,,X 全窗基线 · 不参与实体赏罚,15054391,1506,A168_HF9F_20260827_0900,2026-08-27 09:00:00
2026-03-31,92755421,2106,0,40.5959485243,-40.5959485243,-40.5959485243,0E-7,1,1,0.50665070000000000,0.506650700000,-1.013391052207602,-1.013391052207602,-1.013391052207602,0E-17,ELIGIBLE,R03b_20260811_FULL_v1,L1_ELIGIBILITY,v2026-08-11,2026-03-21..2026-08-06,baccarat_bet02_101_all_pairs_incl_sentinel,round_win = game_pnl > 0 (decisive only),COMPATIBILITY_ONLY_NOT_PRODUCTION,2500103.8841,2280641.3266,9883.8276,11764,10369,-0.00395337,-0.05088190,-0.00239824,-0.00395337,-9883.8276,2500103.8841,OK,0.0000,395.3531,4.0000,96.0000,AG03-UNRESOLVED,ALL5_LEVELS_bet23_to_bet27,395.3531,395.3531,395.3531,395.3531,395.3531,4.000000,4.000000,4.000000,4.000000,4.000000,96.000000,96.000000,96.000000,96.000000,96.000000,5.0,1976.7655,1824.8244,7907.0621,8059.0032,PENDING_AG03,FALSE,NOT_FOR_ENFORCEMENT,9488.4745,2189415.6736,9883.8276,9488.4745,395.3531,0.00395337,0.00379523,395.3531,9488.4745,0.00379523,395.3531,395.3531,395.3531,395.3531,395.3531,9488.4745,0.00379523,1976.7655,1824.8244,7907.0621,8059.0032,0.00316269,0.00322347,0.00015813,212.5216,219.9480,0.9532,119.0823,2.3972,30121.7335,124.9277,49.0469,238.9093,36.5364,75.9244,374.9013,749.8027,789.266,1183.8989,75.8035,-1.1839,10.395423,15.593133,2.799122,29,215,300,5,0.03207536,0.00395337,0.05088190,0E-8,0.000000,0.912219,0.000000,-0.04848366,2026-03-31,2026-08-01,83,4123,1621,124,0.669355,0.205295,0.230786,0.106918,,,,,,,,GLOBAL_BASELINE_NO_ENTITY_RANKING,,,NOT_APPLICABLE_GLOBAL_BASELINE,HF9g-P5,,,,X 全窗基线 · 不参与实体赏罚,15054392,1506,A168_HF9F_20260827_0900,2026-08-27 09:00:00
2026-03-31,92755421,2129,0,40.5959485243,-40.5959485243,-40.5959485243,0E-7,1,1,0.49324550000000000,0.493245500000,-0.9865810262130424,-0.9865810262130424,-0.9865810262130424,0E-17,ELIGIBLE,R03b_20260811_FULL_v1,L1_ELIGIBILITY,v2026-08-11,2026-03-21..2026-08-06,baccarat_bet02_101_all_pairs_incl_sentinel,round_win = game_pnl > 0 (decisive only),COMPATIBILITY_ONLY_NOT_PRODUCTION,2500103.8841,2280641.3266,9883.8276,11764,10369,-0.00395337,-0.05088190,-0.00239824,-0.00395337,-9883.8276,2500103.8841,OK,0.0000,395.3531,4.0000,96.0000,AG03-UNRESOLVED,ALL5_LEVELS_bet23_to_bet27,395.3531,395.3531,395.3531,395.3531,395.3531,4.000000,4.000000,4.000000,4.000000,4.000000,96.000000,96.000000,96.000000,96.000000,96.000000,5.0,1976.7655,1824.8244,7907.0621,8059.0032,PENDING_AG03,FALSE,NOT_FOR_ENFORCEMENT,9488.4745,2189415.6736,9883.8276,9488.4745,395.3531,0.00395337,0.00379523,395.3531,9488.4745,0.00379523,395.3531,395.3531,395.3531,395.3531,395.3531,9488.4745,0.00379523,1976.7655,1824.8244,7907.0621,8059.0032,0.00316269,0.00322347,0.00015813,212.5216,219.9480,0.9532,119.0823,2.3972,30121.7335,124.9277,49.0469,238.9093,36.5364,75.9244,374.9013,749.8027,789.266,1183.8989,75.8035,-1.1839,10.395423,15.593133,2.799122,29,215,300,5,0.03207536,0.00395337,0.05088190,0E-8,0.000000,0.912219,0.000000,-0.04848366,2026-03-31,2026-08-01,83,4123,1621,124,0.669355,0.205295,0.230786,0.106918,,,,,,,,GLOBAL_BASELINE_NO_ENTITY_RANKING,,,NOT_APPLICABLE_GLOBAL_BASELINE,HF9g-P5,,,,X 全窗基线 · 不参与实体赏罚,15054393,1506,A168_HF9F_20260827_0900,2026-08-27 09:00:00
2026-03-31,92755421,2152,0,121.7878455729,-2.0297974262,-2.0297974262,0.5000000,3,3,0.49771390000000000,0.497713900000,0.006466134837551399,0.0064661348375514,0.006466134837551399,0E-17,ELIGIBLE,R03b_20260811_FULL_v1,L1_ELIGIBILITY,v2026-08-11,2026-03-21..2026-08-06,baccarat_bet02_101_all_pairs_incl_sentinel,round_win = game_pnl > 0 (decisive only),COMPATIBILITY_ONLY_NOT_PRODUCTION,2500103.8841,2280641.3266,9883.8276,11764,10369,-0.00395337,-0.05088190,-0.00239824,-0.00395337,-9883.8276,2500103.8841,OK,0.0000,395.3531,4.0000,96.0000,AG03-UNRESOLVED,ALL5_LEVELS_bet23_to_bet27,395.3531,395.3531,395.3531,395.3531,395.3531,4.000000,4.000000,4.000000,4.000000,4.000000,96.000000,96.000000,96.000000,96.000000,96.000000,5.0,1976.7655,1824.8244,7907.0621,8059.0032,PENDING_AG03,FALSE,NOT_FOR_ENFORCEMENT,9488.4745,2189415.6736,9883.8276,9488.4745,395.3531,0.00395337,0.00379523,395.3531,9488.4745,0.00379523,395.3531,395.3531,395.3531,395.3531,395.3531,9488.4745,0.00379523,1976.7655,1824.8244,7907.0621,8059.0032,0.00316269,0.00322347,0.00015813,212.5216,219.9480,0.9532,119.0823,2.3972,30121.7335,124.9277,49.0469,238.9093,36.5364,75.9244,374.9013,749.8027,789.266,1183.8989,75.8035,-1.1839,10.395423,15.593133,2.799122,29,215,300,5,0.03207536,0.00395337,0.05088190,0E-8,0.000000,0.912219,0.000000,-0.04848366,2026-03-31,2026-08-01,83,4123,1621,124,0.669355,0.205295,0.230786,0.106918,,,,,,,,GLOBAL_BASELINE_NO_ENTITY_RANKING,,,NOT_APPLICABLE_GLOBAL_BASELINE,HF9g-P5,,,,X 全窗基线 · 不参与实体赏罚,15054394,1506,A168_HF9F_20260827_0900,2026-08-27 09:00:00
2026-03-31,92755421,2232,0,202.9797426215,-40.5959485243,-40.5959485243,0.4000000,5,5,0.50128862000000000,0.501288620000,-0.4529779837142727,-0.4529779837142727,-0.4529779837142727,0E-17,ELIGIBLE,R03b_20260811_FULL_v1,L1_ELIGIBILITY,v2026-08-11,2026-03-21..2026-08-06,baccarat_bet02_101_all_pairs_incl_sentinel,round_win = game_pnl > 0 (decisive only),COMPATIBILITY_ONLY_NOT_PRODUCTION,2500103.8841,2280641.3266,9883.8276,11764,10369,-0.00395337,-0.05088190,-0.00239824,-0.00395337,-9883.8276,2500103.8841,OK,0.0000,395.3531,4.0000,96.0000,AG03-UNRESOLVED,ALL5_LEVELS_bet23_to_bet27,395.3531,395.3531,395.3531,395.3531,395.3531,4.000000,4.000000,4.000000,4.000000,4.000000,96.000000,96.000000,96.000000,96.000000,96.000000,5.0,1976.7655,1824.8244,7907.0621,8059.0032,PENDING_AG03,FALSE,NOT_FOR_ENFORCEMENT,9488.4745,2189415.6736,9883.8276,9488.4745,395.3531,0.00395337,0.00379523,395.3531,9488.4745,0.00379523,395.3531,395.3531,395.3531,395.3531,395.3531,9488.4745,0.00379523,1976.7655,1824.8244,7907.0621,8059.0032,0.00316269,0.00322347,0.00015813,212.5216,219.9480,0.9532,119.0823,2.3972,30121.7335,124.9277,49.0469,238.9093,36.5364,75.9244,374.9013,749.8027,789.266,1183.8989,75.8035,-1.1839,10.395423,15.593133,2.799122,29,215,300,5,0.03207536,0.00395337,0.05088190,0E-8,0.000000,0.912219,0.000000,-0.04848366,2026-03-31,2026-08-01,83,4123,1621,124,0.669355,0.205295,0.230786,0.106918,,,,,,,,GLOBAL_BASELINE_NO_ENTITY_RANKING,,,NOT_APPLICABLE_GLOBAL_BASELINE,HF9g-P5,,,,X 全窗基线 · 不参与实体赏罚,15054395,1506,A168_HF9F_20260827_0900,2026-08-27 09:00:00
2026-03-31,92755421,2239,0,40.5959485243,-40.5959485243,-40.5959485243,0E-7,1,1,0.49324550000000000,0.493245500000,-0.9865810262130424,-0.9865810262130424,-0.9865810262130424,0E-17,ELIGIBLE,R03b_20260811_FULL_v1,L1_ELIGIBILITY,v2026-08-11,2026-03-21..2026-08-06,baccarat_bet02_101_all_pairs_incl_sentinel,round_win = game_pnl > 0 (decisive only),COMPATIBILITY_ONLY_NOT_PRODUCTION,2500103.8841,2280641.3266,9883.8276,11764,10369,-0.00395337,-0.05088190,-0.00239824,-0.00395337,-9883.8276,2500103.8841,OK,0.0000,395.3531,4.0000,96.0000,AG03-UNRESOLVED,ALL5_LEVELS_bet23_to_bet27,395.3531,395.3531,395.3531,395.3531,395.3531,4.000000,4.000000,4.000000,4.000000,4.000000,96.000000,96.000000,96.000000,96.000000,96.000000,5.0,1976.7655,1824.8244,7907.0621,8059.0032,PENDING_AG03,FALSE,NOT_FOR_ENFORCEMENT,9488.4745,2189415.6736,9883.8276,9488.4745,395.3531,0.00395337,0.00379523,395.3531,9488.4745,0.00379523,395.3531,395.3531,395.3531,395.3531,395.3531,9488.4745,0.00379523,1976.7655,1824.8244,7907.0621,8059.0032,0.00316269,0.00322347,0.00015813,212.5216,219.9480,0.9532,119.0823,2.3972,30121.7335,124.9277,49.0469,238.9093,36.5364,75.9244,374.9013,749.8027,789.266,1183.8989,75.8035,-1.1839,10.395423,15.593133,2.799122,29,215,300,5,0.03207536,0.00395337,0.05088190,0E-8,0.000000,0.912219,0.000000,-0.04848366,2026-03-31,2026-08-01,83,4123,1621,124,0.669355,0.205295,0.230786,0.106918,,,,,,,,GLOBAL_BASELINE_NO_ENTITY_RANKING,,,NOT_APPLICABLE_GLOBAL_BASELINE,HF9g-P5,,,,X 全窗基线 · 不参与实体赏罚,15054396,1506,A168_HF9F_20260827_0900,2026-08-27 09:00:00
2026-03-31,92755421,752,0,119.7580481467,40.5959485243,40.5959485243,0.6666667,3,3,0.49771390000000000,0.497713900000,0.5852756695216578,0.5852756695216578,0.5852756695216578,0E-17,ELIGIBLE,R03b_20260811_FULL_v1,L1_ELIGIBILITY,v2026-08-11,2026-03-21..2026-08-06,baccarat_bet02_101_all_pairs_incl_sentinel,round_win = game_pnl > 0 (decisive only),COMPATIBILITY_ONLY_NOT_PRODUCTION,2500103.8841,2280641.3266,9883.8276,11764,10369,-0.00395337,-0.05088190,-0.00239824,-0.00395337,-9883.8276,2500103.8841,OK,0.0000,395.3531,4.0000,96.0000,AG03-UNRESOLVED,ALL5_LEVELS_bet23_to_bet27,395.3531,395.3531,395.3531,395.3531,395.3531,4.000000,4.000000,4.000000,4.000000,4.000000,96.000000,96.000000,96.000000,96.000000,96.000000,5.0,1976.7655,1824.8244,7907.0621,8059.0032,PENDING_AG03,FALSE,NOT_FOR_ENFORCEMENT,9488.4745,2189415.6736,9883.8276,9488.4745,395.3531,0.00395337,0.00379523,395.3531,9488.4745,0.00379523,395.3531,395.3531,395.3531,395.3531,395.3531,9488.4745,0.00379523,1976.7655,1824.8244,7907.0621,8059.0032,0.00316269,0.00322347,0.00015813,212.5216,219.9480,0.9532,119.0823,2.3972,30121.7335,124.9277,49.0469,238.9093,36.5364,75.9244,374.9013,749.8027,789.266,1183.8989,75.8035,-1.1839,10.395423,15.593133,2.799122,29,215,300,5,0.03207536,0.00395337,0.05088190,0E-8,0.000000,0.912219,0.000000,-0.04848366,2026-03-31,2026-08-01,83,4123,1621,124,0.669355,0.205295,0.230786,0.106918,,,,,,,,GLOBAL_BASELINE_NO_ENTITY_RANKING,,,NOT_APPLICABLE_GLOBAL_BASELINE,HF9g-P5,,,,X 全窗基线 · 不参与实体赏罚,15054397,1506,A168_HF9F_20260827_0900,2026-08-27 09:00:00
2026-03-31,92755421,772,0,198.9201477691,75.2039946413,75.2039946413,0.7500000,5,5,0.49860758000000000,0.498607580000,1.005573579286957,1.005573579286957,1.005573579286957,0E-17,ELIGIBLE,R03b_20260811_FULL_v1,L1_ELIGIBILITY,v2026-08-11,2026-03-21..2026-08-06,baccarat_bet02_101_all_pairs_incl_sentinel,round_win = game_pnl > 0 (decisive only),COMPATIBILITY_ONLY_NOT_PRODUCTION,2500103.8841,2280641.3266,9883.8276,11764,10369,-0.00395337,-0.05088190,-0.00239824,-0.00395337,-9883.8276,2500103.8841,OK,0.0000,395.3531,4.0000,96.0000,AG03-UNRESOLVED,ALL5_LEVELS_bet23_to_bet27,395.3531,395.3531,395.3531,395.3531,395.3531,4.000000,4.000000,4.000000,4.000000,4.000000,96.000000,96.000000,96.000000,96.000000,96.000000,5.0,1976.7655,1824.8244,7907.0621,8059.0032,PENDING_AG03,FALSE,NOT_FOR_ENFORCEMENT,9488.4745,2189415.6736,9883.8276,9488.4745,395.3531,0.00395337,0.00379523,395.3531,9488.4745,0.00379523,395.3531,395.3531,395.3531,395.3531,395.3531,9488.4745,0.00379523,1976.7655,1824.8244,7907.0621,8059.0032,0.00316269,0.00322347,0.00015813,212.5216,219.9480,0.9532,119.0823,2.3972,30121.7335,124.9277,49.0469,238.9093,36.5364,75.9244,374.9013,749.8027,789.266,1183.8989,75.8035,-1.1839,10.395423,15.593133,2.799122,29,215,300,5,0.03207536,0.00395337,0.05088190,0E-8,0.000000,0.912219,0.000000,-0.04848366,2026-03-31,2026-08-01,83,4123,1621,124,0.669355,0.205295,0.230786,0.106918,,,,,,,,GLOBAL_BASELINE_NO_ENTITY_RANKING,,,NOT_APPLICABLE_GLOBAL_BASELINE,HF9g-P5,,,,X 全窗基线 · 不参与实体赏罚,15054398,1506,A168_HF9F_20260827_0900,2026-08-27 09:00:00
2026-04-01,92755421,-1,1,1572.6870458322,-172.9387407137,-172.9387407137,0.4333333,36,30,0.49350422242433679,0.451613360000,-0.659194697160201,-0.20119196339265566,-0.659194697160201,0.04189086242433679,SENTINEL_DEALER,R03b_20260811_FULL_v1,L1_ELIGIBILITY,v2026-08-11,2026-03-21..2026-08-06,baccarat_bet02_101_all_pairs_incl_sentinel,round_win = game_pnl > 0 (decisive only),COMPATIBILITY_ONLY_NOT_PRODUCTION,2500103.8841,2280641.3266,9883.8276,11764,10369,-0.00395337,-0.05088190,-0.00239824,-0.00395337,-9883.8276,2500103.8841,OK,0.0000,395.3531,4.0000,96.0000,AG03-UNRESOLVED,ALL5_LEVELS_bet23_to_bet27,395.3531,395.3531,395.3531,395.3531,395.3531,4.000000,4.000000,4.000000,4.000000,4.000000,96.000000,96.000000,96.000000,96.000000,96.000000,5.0,1976.7655,1824.8244,7907.0621,8059.0032,PENDING_AG03,FALSE,NOT_FOR_ENFORCEMENT,9488.4745,2189415.6736,9883.8276,9488.4745,395.3531,0.00395337,0.00379523,395.3531,9488.4745,0.00379523,395.3531,395.3531,395.3531,395.3531,395.3531,9488.4745,0.00379523,1976.7655,1824.8244,7907.0621,8059.0032,0.00316269,0.00322347,0.00015813,212.5216,219.9480,0.9532,119.0823,2.3972,30121.7335,124.9277,49.0469,238.9093,36.5364,75.9244,374.9013,749.8027,789.266,1183.8989,75.8035,-1.1839,10.395423,15.593133,2.799122,29,215,300,5,0.03207536,0.00395337,0.05088190,0E-8,0.000000,0.912219,0.000000,-0.04848366,2026-03-31,2026-08-01,83,4123,1621,124,0.669355,0.205295,0.230786,0.106918,,,,,,,,GLOBAL_BASELINE_NO_ENTITY_RANKING,,,NOT_APPLICABLE_GLOBAL_BASELINE,HF9g-P5,,,,X 全窗基线 · 不参与实体赏罚,15054399,1506,A168_HF9F_20260827_0900,2026-08-27 09:00:00
2026-04-01,92755421,1017,0,38.5661510981,-38.5661510981,-38.5661510981,0E-7,2,1,0.46827652105282581,0.256040200000,-0.9384438073506126,-0.5866503638730671,-0.9384438073506126,0.21223632105282581,ELIGIBLE,R03b_20260811_FULL_v1,L1_ELIGIBILITY,v2026-08-11,2026-03-21..2026-08-06,baccarat_bet02_101_all_pairs_incl_sentinel,round_win = game_pnl > 0 (decisive only),COMPATIBILITY_ONLY_NOT_PRODUCTION,2500103.8841,2280641.3266,9883.8276,11764,10369,-0.00395337,-0.05088190,-0.00239824,-0.00395337,-9883.8276,2500103.8841,OK,0.0000,395.3531,4.0000,96.0000,AG03-UNRESOLVED,ALL5_LEVELS_bet23_to_bet27,395.3531,395.3531,395.3531,395.3531,395.3531,4.000000,4.000000,4.000000,4.000000,4.000000,96.000000,96.000000,96.000000,96.000000,96.000000,5.0,1976.7655,1824.8244,7907.0621,8059.0032,PENDING_AG03,FALSE,NOT_FOR_ENFORCEMENT,9488.4745,2189415.6736,9883.8276,9488.4745,395.3531,0.00395337,0.00379523,395.3531,9488.4745,0.00379523,395.3531,395.3531,395.3531,395.3531,395.3531,9488.4745,0.00379523,1976.7655,1824.8244,7907.0621,8059.0032,0.00316269,0.00322347,0.00015813,212.5216,219.9480,0.9532,119.0823,2.3972,30121.7335,124.9277,49.0469,238.9093,36.5364,75.9244,374.9013,749.8027,789.266,1183.8989,75.8035,-1.1839,10.395423,15.593133,2.799122,29,215,300,5,0.03207536,0.00395337,0.05088190,0E-8,0.000000,0.912219,0.000000,-0.04848366,2026-03-31,2026-08-01,83,4123,1621,124,0.669355,0.205295,0.230786,0.106918,,,,,,,,GLOBAL_BASELINE_NO_ENTITY_RANKING,,,NOT_APPLICABLE_GLOBAL_BASELINE,HF9g-P5,,,,X 全窗基线 · 不参与实体赏罚,15054400,1506,A168_HF9F_20260827_0900,2026-08-27 09:00:00
2026-04-01,92755421,1109,0,195.2665124019,-40.9004181382,-40.9004181382,0.4000000,5,5,0.50396966000000000,0.503969660000,-0.4649811094771361,-0.4649811094771361,-0.4649811094771361,0E-17,ELIGIBLE,R03b_20260811_FULL_v1,L1_ELIGIBILITY,v2026-08-11,2026-03-21..2026-08-06,baccarat_bet02_101_all_pairs_incl_sentinel,round_win = game_pnl > 0 (decisive only),COMPATIBILITY_ONLY_NOT_PRODUCTION,2500103.8841,2280641.3266,9883.8276,11764,10369,-0.00395337,-0.05088190,-0.00239824,-0.00395337,-9883.8276,2500103.8841,OK,0.0000,395.3531,4.0000,96.0000,AG03-UNRESOLVED,ALL5_LEVELS_bet23_to_bet27,395.3531,395.3531,395.3531,395.3531,395.3531,4.000000,4.000000,4.000000,4.000000,4.000000,96.000000,96.000000,96.000000,96.000000,96.000000,5.0,1976.7655,1824.8244,7907.0621,8059.0032,PENDING_AG03,FALSE,NOT_FOR_ENFORCEMENT,9488.4745,2189415.6736,9883.8276,9488.4745,395.3531,0.00395337,0.00379523,395.3531,9488.4745,0.00379523,395.3531,395.3531,395.3531,395.3531,395.3531,9488.4745,0.00379523,1976.7655,1824.8244,7907.0621,8059.0032,0.00316269,0.00322347,0.00015813,212.5216,219.9480,0.9532,119.0823,2.3972,30121.7335,124.9277,49.0469,238.9093,36.5364,75.9244,374.9013,749.8027,789.266,1183.8989,75.8035,-1.1839,10.395423,15.593133,2.799122,29,215,300,5,0.03207536,0.00395337,0.05088190,0E-8,0.000000,0.912219,0.000000,-0.04848366,2026-03-31,2026-08-01,83,4123,1621,124,0.669355,0.205295,0.230786,0.106918,,,,,,,,GLOBAL_BASELINE_NO_ENTITY_RANKING,,,NOT_APPLICABLE_GLOBAL_BASELINE,HF9g-P5,,,,X 全窗基线 · 不参与实体赏罚,15054401,1506,A168_HF9F_20260827_0900,2026-08-27 09:00:00
2026-04-01,92755421,1151,0,194.8605529167,-40.5959485243,-40.5959485243,0.3333333,3,3,0.49771390000000000,0.497713900000,-0.5694369385616226,-0.5694369385616226,-0.5694369385616226,0E-17,ELIGIBLE,R03b_20260811_FULL_v1,L1_ELIGIBILITY,v2026-08-11,2026-03-21..2026-08-06,baccarat_bet02_101_all_pairs_incl_sentinel,round_win = game_pnl > 0 (decisive only),COMPATIBILITY_ONLY_NOT_PRODUCTION,2500103.8841,2280641.3266,9883.8276,11764,10369,-0.00395337,-0.05088190,-0.00239824,-0.00395337,-9883.8276,2500103.8841,OK,0.0000,395.3531,4.0000,96.0000,AG03-UNRESOLVED,ALL5_LEVELS_bet23_to_bet27,395.3531,395.3531,395.3531,395.3531,395.3531,4.000000,4.000000,4.000000,4.000000,4.000000,96.000000,96.000000,96.000000,96.000000,96.000000,5.0,1976.7655,1824.8244,7907.0621,8059.0032,PENDING_AG03,FALSE,NOT_FOR_ENFORCEMENT,9488.4745,2189415.6736,9883.8276,9488.4745,395.3531,0.00395337,0.00379523,395.3531,9488.4745,0.00379523,395.3531,395.3531,395.3531,395.3531,395.3531,9488.4745,0.00379523,1976.7655,1824.8244,7907.0621,8059.0032,0.00316269,0.00322347,0.00015813,212.5216,219.9480,0.9532,119.0823,2.3972,30121.7335,124.9277,49.0469,238.9093,36.5364,75.9244,374.9013,749.8027,789.266,1183.8989,75.8035,-1.1839,10.395423,15.593133,2.799122,29,215,300,5,0.03207536,0.00395337,0.05088190,0E-8,0.000000,0.912219,0.000000,-0.04848366,2026-03-31,2026-08-01,83,4123,1621,124,0.669355,0.205295,0.230786,0.106918,,,,,,,,GLOBAL_BASELINE_NO_ENTITY_RANKING,,,NOT_APPLICABLE_GLOBAL_BASELINE,HF9g-P5,,,,X 全窗基线 · 不参与实体赏罚,15054402,1506,A168_HF9F_20260827_0900,2026-08-27 09:00:00
2026-04-01,92755421,1210,0,73.0727073438,-73.0727073438,-73.0727073438,0E-7,2,2,0.49324550000000000,0.493245500000,-1.3952362676504506,-1.3952362676504506,-1.3952362676504506,0E-17,ELIGIBLE,R03b_20260811_FULL_v1,L1_ELIGIBILITY,v2026-08-11,2026-03-21..2026-08-06,baccarat_bet02_101_all_pairs_incl_sentinel,round_win = game_pnl > 0 (decisive only),COMPATIBILITY_ONLY_NOT_PRODUCTION,2500103.8841,2280641.3266,9883.8276,11764,10369,-0.00395337,-0.05088190,-0.00239824,-0.00395337,-9883.8276,2500103.8841,OK,0.0000,395.3531,4.0000,96.0000,AG03-UNRESOLVED,ALL5_LEVELS_bet23_to_bet27,395.3531,395.3531,395.3531,395.3531,395.3531,4.000000,4.000000,4.000000,4.000000,4.000000,96.000000,96.000000,96.000000,96.000000,96.000000,5.0,1976.7655,1824.8244,7907.0621,8059.0032,PENDING_AG03,FALSE,NOT_FOR_ENFORCEMENT,9488.4745,2189415.6736,9883.8276,9488.4745,395.3531,0.00395337,0.00379523,395.3531,9488.4745,0.00379523,395.3531,395.3531,395.3531,395.3531,395.3531,9488.4745,0.00379523,1976.7655,1824.8244,7907.0621,8059.0032,0.00316269,0.00322347,0.00015813,212.5216,219.9480,0.9532,119.0823,2.3972,30121.7335,124.9277,49.0469,238.9093,36.5364,75.9244,374.9013,749.8027,789.266,1183.8989,75.8035,-1.1839,10.395423,15.593133,2.799122,29,215,300,5,0.03207536,0.00395337,0.05088190,0E-8,0.000000,0.912219,0.000000,-0.04848366,2026-03-31,2026-08-01,83,4123,1621,124,0.669355,0.205295,0.230786,0.106918,,,,,,,,GLOBAL_BASELINE_NO_ENTITY_RANKING,,,NOT_APPLICABLE_GLOBAL_BASELINE,HF9g-P5,,,,X 全窗基线 · 不参与实体赏罚,15054403,1506,A168_HF9F_20260827_0900,2026-08-27 09:00:00
2026-04-01,92755421,1215,0,160.3539966710,38.5661510981,38.5661510981,0.6666667,4,4,0.49994810000000000,0.499948100000,0.5775300591747329,0.5775300591747329,0.5775300591747329,0E-17,ELIGIBLE,R03b_20260811_FULL_v1,L1_ELIGIBILITY,v2026-08-11,2026-03-21..2026-08-06,baccarat_bet02_101_all_pairs_incl_sentinel,round_win = game_pnl > 0 (decisive only),COMPATIBILITY_ONLY_NOT_PRODUCTION,2500103.8841,2280641.3266,9883.8276,11764,10369,-0.00395337,-0.05088190,-0.00239824,-0.00395337,-9883.8276,2500103.8841,OK,0.0000,395.3531,4.0000,96.0000,AG03-UNRESOLVED,ALL5_LEVELS_bet23_to_bet27,395.3531,395.3531,395.3531,395.3531,395.3531,4.000000,4.000000,4.000000,4.000000,4.000000,96.000000,96.000000,96.000000,96.000000,96.000000,5.0,1976.7655,1824.8244,7907.0621,8059.0032,PENDING_AG03,FALSE,NOT_FOR_ENFORCEMENT,9488.4745,2189415.6736,9883.8276,9488.4745,395.3531,0.00395337,0.00379523,395.3531,9488.4745,0.00379523,395.3531,395.3531,395.3531,395.3531,395.3531,9488.4745,0.00379523,1976.7655,1824.8244,7907.0621,8059.0032,0.00316269,0.00322347,0.00015813,212.5216,219.9480,0.9532,119.0823,2.3972,30121.7335,124.9277,49.0469,238.9093,36.5364,75.9244,374.9013,749.8027,789.266,1183.8989,75.8035,-1.1839,10.395423,15.593133,2.799122,29,215,300,5,0.03207536,0.00395337,0.05088190,0E-8,0.000000,0.912219,0.000000,-0.04848366,2026-03-31,2026-08-01,83,4123,1621,124,0.669355,0.205295,0.230786,0.106918,,,,,,,,GLOBAL_BASELINE_NO_ENTITY_RANKING,,,NOT_APPLICABLE_GLOBAL_BASELINE,HF9g-P5,,,,X 全窗基线 · 不参与实体赏罚,15054404,1506,A168_HF9F_20260827_0900,2026-08-27 09:00:00
2026-04-01,92755421,1331,0,44.6555433767,-4.0595948524,-4.0595948524,0E-7,2,1,0.46230380909120702,0.262742800000,-0.92724661363162,-0.5969746651759844,-0.92724661363162,0.19956100909120702,ELIGIBLE,R03b_20260811_FULL_v1,L1_ELIGIBILITY,v2026-08-11,2026-03-21..2026-08-06,baccarat_bet02_101_all_pairs_incl_sentinel,round_win = game_pnl > 0 (decisive only),COMPATIBILITY_ONLY_NOT_PRODUCTION,2500103.8841,2280641.3266,9883.8276,11764,10369,-0.00395337,-0.05088190,-0.00239824,-0.00395337,-9883.8276,2500103.8841,OK,0.0000,395.3531,4.0000,96.0000,AG03-UNRESOLVED,ALL5_LEVELS_bet23_to_bet27,395.3531,395.3531,395.3531,395.3531,395.3531,4.000000,4.000000,4.000000,4.000000,4.000000,96.000000,96.000000,96.000000,96.000000,96.000000,5.0,1976.7655,1824.8244,7907.0621,8059.0032,PENDING_AG03,FALSE,NOT_FOR_ENFORCEMENT,9488.4745,2189415.6736,9883.8276,9488.4745,395.3531,0.00395337,0.00379523,395.3531,9488.4745,0.00379523,395.3531,395.3531,395.3531,395.3531,395.3531,9488.4745,0.00379523,1976.7655,1824.8244,7907.0621,8059.0032,0.00316269,0.00322347,0.00015813,212.5216,219.9480,0.9532,119.0823,2.3972,30121.7335,124.9277,49.0469,238.9093,36.5364,75.9244,374.9013,749.8027,789.266,1183.8989,75.8035,-1.1839,10.395423,15.593133,2.799122,29,215,300,5,0.03207536,0.00395337,0.05088190,0E-8,0.000000,0.912219,0.000000,-0.04848366,2026-03-31,2026-08-01,83,4123,1621,124,0.669355,0.205295,0.230786,0.106918,,,,,,,,GLOBAL_BASELINE_NO_ENTITY_RANKING,,,NOT_APPLICABLE_GLOBAL_BASELINE,HF9g-P5,,,,X 全窗基线 · 不参与实体赏罚,15054405,1506,A168_HF9F_20260827_0900,2026-08-27 09:00:00
2026-04-01,92755421,1382,0,101.4898713108,-22.3277716884,-22.3277716884,0.3333333,3,3,0.50218230000000000,0.502182300000,-0.5849155494134425,-0.5849155494134426,-0.5849155494134425,0E-17,ELIGIBLE,R03b_20260811_FULL_v1,L1_ELIGIBILITY,v2026-08-11,2026-03-21..2026-08-06,baccarat_bet02_101_all_pairs_incl_sentinel,round_win = game_pnl > 0 (decisive only),COMPATIBILITY_ONLY_NOT_PRODUCTION,2500103.8841,2280641.3266,9883.8276,11764,10369,-0.00395337,-0.05088190,-0.00239824,-0.00395337,-9883.8276,2500103.8841,OK,0.0000,395.3531,4.0000,96.0000,AG03-UNRESOLVED,ALL5_LEVELS_bet23_to_bet27,395.3531,395.3531,395.3531,395.3531,395.3531,4.000000,4.000000,4.000000,4.000000,4.000000,96.000000,96.000000,96.000000,96.000000,96.000000,5.0,1976.7655,1824.8244,7907.0621,8059.0032,PENDING_AG03,FALSE,NOT_FOR_ENFORCEMENT,9488.4745,2189415.6736,9883.8276,9488.4745,395.3531,0.00395337,0.00379523,395.3531,9488.4745,0.00379523,395.3531,395.3531,395.3531,395.3531,395.3531,9488.4745,0.00379523,1976.7655,1824.8244,7907.0621,8059.0032,0.00316269,0.00322347,0.00015813,212.5216,219.9480,0.9532,119.0823,2.3972,30121.7335,124.9277,49.0469,238.9093,36.5364,75.9244,374.9013,749.8027,789.266,1183.8989,75.8035,-1.1839,10.395423,15.593133,2.799122,29,215,300,5,0.03207536,0.00395337,0.05088190,0E-8,0.000000,0.912219,0.000000,-0.04848366,2026-03-31,2026-08-01,83,4123,1621,124,0.669355,0.205295,0.230786,0.106918,,,,,,,,GLOBAL_BASELINE_NO_ENTITY_RANKING,,,NOT_APPLICABLE_GLOBAL_BASELINE,HF9g-P5,,,,X 全窗基线 · 不参与实体赏罚,15054406,1506,A168_HF9F_20260827_0900,2026-08-27 09:00:00
2026-04-01,92755421,1401,0,119.7580481467,-40.5959485243,-40.5959485243,0.3333333,3,3,0.50218230000000000,0.502182300000,-0.5849155494134425,-0.5849155494134426,-0.5849155494134425,0E-17,ELIGIBLE,R03b_20260811_FULL_v1,L1_ELIGIBILITY,v2026-08-11,2026-03-21..2026-08-06,baccarat_bet02_101_all_pairs_incl_sentinel,round_win = game_pnl > 0 (decisive only),COMPATIBILITY_ONLY_NOT_PRODUCTION,2500103.8841,2280641.3266,9883.8276,11764,10369,-0.00395337,-0.05088190,-0.00239824,-0.00395337,-9883.8276,2500103.8841,OK,0.0000,395.3531,4.0000,96.0000,AG03-UNRESOLVED,ALL5_LEVELS_bet23_to_bet27,395.3531,395.3531,395.3531,395.3531,395.3531,4.000000,4.000000,4.000000,4.000000,4.000000,96.000000,96.000000,96.000000,96.000000,96.000000,5.0,1976.7655,1824.8244,7907.0621,8059.0032,PENDING_AG03,FALSE,NOT_FOR_ENFORCEMENT,9488.4745,2189415.6736,9883.8276,9488.4745,395.3531,0.00395337,0.00379523,395.3531,9488.4745,0.00379523,395.3531,395.3531,395.3531,395.3531,395.3531,9488.4745,0.00379523,1976.7655,1824.8244,7907.0621,8059.0032,0.00316269,0.00322347,0.00015813,212.5216,219.9480,0.9532,119.0823,2.3972,30121.7335,124.9277,49.0469,238.9093,36.5364,75.9244,374.9013,749.8027,789.266,1183.8989,75.8035,-1.1839,10.395423,15.593133,2.799122,29,215,300,5,0.03207536,0.00395337,0.05088190,0E-8,0.000000,0.912219,0.000000,-0.04848366,2026-03-31,2026-08-01,83,4123,1621,124,0.669355,0.205295,0.230786,0.106918,,,,,,,,GLOBAL_BASELINE_NO_ENTITY_RANKING,,,NOT_APPLICABLE_GLOBAL_BASELINE,HF9g-P5,,,,X 全窗基线 · 不参与实体赏罚,15054407,1506,A168_HF9F_20260827_0900,2026-08-27 09:00:00
2026-04-01,92755421,1402,0,698.6562741037,450.4120488775,450.4120488775,0.8000000,12,11,0.49786790627328579,0.476556000000,1.9108685138453505,2.0478918389390084,1.9108685138453505,0.02131190627328579,ELIGIBLE,R03b_20260811_FULL_v1,L1_ELIGIBILITY,v2026-08-11,2026-03-21..2026-08-06,baccarat_bet02_101_all_pairs_incl_sentinel,round_win = game_pnl > 0 (decisive only),COMPATIBILITY_ONLY_NOT_PRODUCTION,2500103.8841,2280641.3266,9883.8276,11764,10369,-0.00395337,-0.05088190,-0.00239824,-0.00395337,-9883.8276,2500103.8841,OK,0.0000,395.3531,4.0000,96.0000,AG03-UNRESOLVED,ALL5_LEVELS_bet23_to_bet27,395.3531,395.3531,395.3531,395.3531,395.3531,4.000000,4.000000,4.000000,4.000000,4.000000,96.000000,96.000000,96.000000,96.000000,96.000000,5.0,1976.7655,1824.8244,7907.0621,8059.0032,PENDING_AG03,FALSE,NOT_FOR_ENFORCEMENT,9488.4745,2189415.6736,9883.8276,9488.4745,395.3531,0.00395337,0.00379523,395.3531,9488.4745,0.00379523,395.3531,395.3531,395.3531,395.3531,395.3531,9488.4745,0.00379523,1976.7655,1824.8244,7907.0621,8059.0032,0.00316269,0.00322347,0.00015813,212.5216,219.9480,0.9532,119.0823,2.3972,30121.7335,124.9277,49.0469,238.9093,36.5364,75.9244,374.9013,749.8027,789.266,1183.8989,75.8035,-1.1839,10.395423,15.593133,2.799122,29,215,300,5,0.03207536,0.00395337,0.05088190,0E-8,0.000000,0.912219,0.000000,-0.04848366,2026-03-31,2026-08-01,83,4123,1621,124,0.669355,0.205295,0.230786,0.106918,,,,,,,,GLOBAL_BASELINE_NO_ENTITY_RANKING,,,NOT_APPLICABLE_GLOBAL_BASELINE,HF9g-P5,,,,X 全窗基线 · 不参与实体赏罚,15054408,1506,A168_HF9F_20260827_0900,2026-08-27 09:00:00
2026-04-01,92755421,1490,0,69.0131124914,-69.0131124914,-69.0131124914,0E-7,1,1,0.50665070000000000,0.506650700000,-1.013391052207602,-1.013391052207602,-1.013391052207602,0E-17,ELIGIBLE,R03b_20260811_FULL_v1,L1_ELIGIBILITY,v2026-08-11,2026-03-21..2026-08-06,baccarat_bet02_101_all_pairs_incl_sentinel,round_win = game_pnl > 0 (decisive only),COMPATIBILITY_ONLY_NOT_PRODUCTION,2500103.8841,2280641.3266,9883.8276,11764,10369,-0.00395337,-0.05088190,-0.00239824,-0.00395337,-9883.8276,2500103.8841,OK,0.0000,395.3531,4.0000,96.0000,AG03-UNRESOLVED,ALL5_LEVELS_bet23_to_bet27,395.3531,395.3531,395.3531,395.3531,395.3531,4.000000,4.000000,4.000000,4.000000,4.000000,96.000000,96.000000,96.000000,96.000000,96.000000,5.0,1976.7655,1824.8244,7907.0621,8059.0032,PENDING_AG03,FALSE,NOT_FOR_ENFORCEMENT,9488.4745,2189415.6736,9883.8276,9488.4745,395.3531,0.00395337,0.00379523,395.3531,9488.4745,0.00379523,395.3531,395.3531,395.3531,395.3531,395.3531,9488.4745,0.00379523,1976.7655,1824.8244,7907.0621,8059.0032,0.00316269,0.00322347,0.00015813,212.5216,219.9480,0.9532,119.0823,2.3972,30121.7335,124.9277,49.0469,238.9093,36.5364,75.9244,374.9013,749.8027,789.266,1183.8989,75.8035,-1.1839,10.395423,15.593133,2.799122,29,215,300,5,0.03207536,0.00395337,0.05088190,0E-8,0.000000,0.912219,0.000000,-0.04848366,2026-03-31,2026-08-01,83,4123,1621,124,0.669355,0.205295,0.230786,0.106918,,,,,,,,GLOBAL_BASELINE_NO_ENTITY_RANKING,,,NOT_APPLICABLE_GLOBAL_BASELINE,HF9g-P5,,,,X 全窗基线 · 不参与实体赏罚,15054409,1506,A168_HF9F_20260827_0900,2026-08-27 09:00:00
2026-04-01,92755421,1505,0,81.1918970486,-40.5959485243,-40.5959485243,0E-7,2,2,0.50665070000000000,0.506650700000,-1.013391052207602,-1.013391052207602,-1.013391052207602,0E-17,ELIGIBLE,R03b_20260811_FULL_v1,L1_ELIGIBILITY,v2026-08-11,2026-03-21..2026-08-06,baccarat_bet02_101_all_pairs_incl_sentinel,round_win = game_pnl > 0 (decisive only),COMPATIBILITY_ONLY_NOT_PRODUCTION,2500103.8841,2280641.3266,9883.8276,11764,10369,-0.00395337,-0.05088190,-0.00239824,-0.00395337,-9883.8276,2500103.8841,OK,0.0000,395.3531,4.0000,96.0000,AG03-UNRESOLVED,ALL5_LEVELS_bet23_to_bet27,395.3531,395.3531,395.3531,395.3531,395.3531,4.000000,4.000000,4.000000,4.000000,4.000000,96.000000,96.000000,96.000000,96.000000,96.000000,5.0,1976.7655,1824.8244,7907.0621,8059.0032,PENDING_AG03,FALSE,NOT_FOR_ENFORCEMENT,9488.4745,2189415.6736,9883.8276,9488.4745,395.3531,0.00395337,0.00379523,395.3531,9488.4745,0.00379523,395.3531,395.3531,395.3531,395.3531,395.3531,9488.4745,0.00379523,1976.7655,1824.8244,7907.0621,8059.0032,0.00316269,0.00322347,0.00015813,212.5216,219.9480,0.9532,119.0823,2.3972,30121.7335,124.9277,49.0469,238.9093,36.5364,75.9244,374.9013,749.8027,789.266,1183.8989,75.8035,-1.1839,10.395423,15.593133,2.799122,29,215,300,5,0.03207536,0.00395337,0.05088190,0E-8,0.000000,0.912219,0.000000,-0.04848366,2026-03-31,2026-08-01,83,4123,1621,124,0.669355,0.205295,0.230786,0.106918,,,,,,,,GLOBAL_BASELINE_NO_ENTITY_RANKING,,,NOT_APPLICABLE_GLOBAL_BASELINE,HF9g-P5,,,,X 全窗基线 · 不参与实体赏罚,15054410,1506,A168_HF9F_20260827_0900,2026-08-27 09:00:00
2026-04-01,92755421,1509,0,139.2441034384,-20.5009540047,-20.5009540047,0.5000000,3,2,0.50285938549231831,0.384696750000,-0.008087695739042163,0.3351603871392501,-0.008087695739042163,0.11816263549231831,ELIGIBLE,R03b_20260811_FULL_v1,L1_ELIGIBILITY,v2026-08-11,2026-03-21..2026-08-06,baccarat_bet02_101_all_pairs_incl_sentinel,round_win = game_pnl > 0 (decisive only),COMPATIBILITY_ONLY_NOT_PRODUCTION,2500103.8841,2280641.3266,9883.8276,11764,10369,-0.00395337,-0.05088190,-0.00239824,-0.00395337,-9883.8276,2500103.8841,OK,0.0000,395.3531,4.0000,96.0000,AG03-UNRESOLVED,ALL5_LEVELS_bet23_to_bet27,395.3531,395.3531,395.3531,395.3531,395.3531,4.000000,4.000000,4.000000,4.000000,4.000000,96.000000,96.000000,96.000000,96.000000,96.000000,5.0,1976.7655,1824.8244,7907.0621,8059.0032,PENDING_AG03,FALSE,NOT_FOR_ENFORCEMENT,9488.4745,2189415.6736,9883.8276,9488.4745,395.3531,0.00395337,0.00379523,395.3531,9488.4745,0.00379523,395.3531,395.3531,395.3531,395.3531,395.3531,9488.4745,0.00379523,1976.7655,1824.8244,7907.0621,8059.0032,0.00316269,0.00322347,0.00015813,212.5216,219.9480,0.9532,119.0823,2.3972,30121.7335,124.9277,49.0469,238.9093,36.5364,75.9244,374.9013,749.8027,789.266,1183.8989,75.8035,-1.1839,10.395423,15.593133,2.799122,29,215,300,5,0.03207536,0.00395337,0.05088190,0E-8,0.000000,0.912219,0.000000,-0.04848366,2026-03-31,2026-08-01,83,4123,1621,124,0.669355,0.205295,0.230786,0.106918,,,,,,,,GLOBAL_BASELINE_NO_ENTITY_RANKING,,,NOT_APPLICABLE_GLOBAL_BASELINE,HF9g-P5,,,,X 全窗基线 · 不参与实体赏罚,15054411,1506,A168_HF9F_20260827_0900,2026-08-27 09:00:00
2026-04-01,92755421,1645,0,520.0341005967,243.7786708888,243.7786708888,0.7500000,13,8,0.48890614897133722,0.350856962500,1.4773335467845508,2.3655835975351907,1.4773335467845508,0.13804918647133722,ELIGIBLE,R03b_20260811_FULL_v1,L1_ELIGIBILITY,v2026-08-11,2026-03-21..2026-08-06,baccarat_bet02_101_all_pairs_incl_sentinel,round_win = game_pnl > 0 (decisive only),COMPATIBILITY_ONLY_NOT_PRODUCTION,2500103.8841,2280641.3266,9883.8276,11764,10369,-0.00395337,-0.05088190,-0.00239824,-0.00395337,-9883.8276,2500103.8841,OK,0.0000,395.3531,4.0000,96.0000,AG03-UNRESOLVED,ALL5_LEVELS_bet23_to_bet27,395.3531,395.3531,395.3531,395.3531,395.3531,4.000000,4.000000,4.000000,4.000000,4.000000,96.000000,96.000000,96.000000,96.000000,96.000000,5.0,1976.7655,1824.8244,7907.0621,8059.0032,PENDING_AG03,FALSE,NOT_FOR_ENFORCEMENT,9488.4745,2189415.6736,9883.8276,9488.4745,395.3531,0.00395337,0.00379523,395.3531,9488.4745,0.00379523,395.3531,395.3531,395.3531,395.3531,395.3531,9488.4745,0.00379523,1976.7655,1824.8244,7907.0621,8059.0032,0.00316269,0.00322347,0.00015813,212.5216,219.9480,0.9532,119.0823,2.3972,30121.7335,124.9277,49.0469,238.9093,36.5364,75.9244,374.9013,749.8027,789.266,1183.8989,75.8035,-1.1839,10.395423,15.593133,2.799122,29,215,300,5,0.03207536,0.00395337,0.05088190,0E-8,0.000000,0.912219,0.000000,-0.04848366,2026-03-31,2026-08-01,83,4123,1621,124,0.669355,0.205295,0.230786,0.106918,,,,,,,,GLOBAL_BASELINE_NO_ENTITY_RANKING,,,NOT_APPLICABLE_GLOBAL_BASELINE,HF9g-P5,,,,X 全窗基线 · 不参与实体赏罚,15054412,1506,A168_HF9F_20260827_0900,2026-08-27 09:00:00
2026-04-01,92755421,1654,0,113.6686558681,-38.4646612268,-38.4646612268,0.3333333,4,3,0.48841173137262989,0.418645466667,-0.5373516682356837,-0.29952129269995326,-0.5373516682356837,0.06976626470562989,ELIGIBLE,R03b_20260811_FULL_v1,L1_ELIGIBILITY,v2026-08-11,2026-03-21..2026-08-06,baccarat_bet02_101_all_pairs_incl_sentinel,round_win = game_pnl > 0 (decisive only),COMPATIBILITY_ONLY_NOT_PRODUCTION,2500103.8841,2280641.3266,9883.8276,11764,10369,-0.00395337,-0.05088190,-0.00239824,-0.00395337,-9883.8276,2500103.8841,OK,0.0000,395.3531,4.0000,96.0000,AG03-UNRESOLVED,ALL5_LEVELS_bet23_to_bet27,395.3531,395.3531,395.3531,395.3531,395.3531,4.000000,4.000000,4.000000,4.000000,4.000000,96.000000,96.000000,96.000000,96.000000,96.000000,5.0,1976.7655,1824.8244,7907.0621,8059.0032,PENDING_AG03,FALSE,NOT_FOR_ENFORCEMENT,9488.4745,2189415.6736,9883.8276,9488.4745,395.3531,0.00395337,0.00379523,395.3531,9488.4745,0.00379523,395.3531,395.3531,395.3531,395.3531,395.3531,9488.4745,0.00379523,1976.7655,1824.8244,7907.0621,8059.0032,0.00316269,0.00322347,0.00015813,212.5216,219.9480,0.9532,119.0823,2.3972,30121.7335,124.9277,49.0469,238.9093,36.5364,75.9244,374.9013,749.8027,789.266,1183.8989,75.8035,-1.1839,10.395423,15.593133,2.799122,29,215,300,5,0.03207536,0.00395337,0.05088190,0E-8,0.000000,0.912219,0.000000,-0.04848366,2026-03-31,2026-08-01,83,4123,1621,124,0.669355,0.205295,0.230786,0.106918,,,,,,,,GLOBAL_BASELINE_NO_ENTITY_RANKING,,,NOT_APPLICABLE_GLOBAL_BASELINE,HF9g-P5,,,,X 全窗基线 · 不参与实体赏罚,15054413,1506,A168_HF9F_20260827_0900,2026-08-27 09:00:00
2026-04-01,92755421,1951,0,81.1918970486,0E-10,0E-10,0.5000000,2,2,0.49994810000000000,0.499948100000,0.00014679536856514622,0.00014679536856514622,0.00014679536856514622,0E-17,ELIGIBLE,R03b_20260811_FULL_v1,L1_ELIGIBILITY,v2026-08-11,2026-03-21..2026-08-06,baccarat_bet02_101_all_pairs_incl_sentinel,round_win = game_pnl > 0 (decisive only),COMPATIBILITY_ONLY_NOT_PRODUCTION,2500103.8841,2280641.3266,9883.8276,11764,10369,-0.00395337,-0.05088190,-0.00239824,-0.00395337,-9883.8276,2500103.8841,OK,0.0000,395.3531,4.0000,96.0000,AG03-UNRESOLVED,ALL5_LEVELS_bet23_to_bet27,395.3531,395.3531,395.3531,395.3531,395.3531,4.000000,4.000000,4.000000,4.000000,4.000000,96.000000,96.000000,96.000000,96.000000,96.000000,5.0,1976.7655,1824.8244,7907.0621,8059.0032,PENDING_AG03,FALSE,NOT_FOR_ENFORCEMENT,9488.4745,2189415.6736,9883.8276,9488.4745,395.3531,0.00395337,0.00379523,395.3531,9488.4745,0.00379523,395.3531,395.3531,395.3531,395.3531,395.3531,9488.4745,0.00379523,1976.7655,1824.8244,7907.0621,8059.0032,0.00316269,0.00322347,0.00015813,212.5216,219.9480,0.9532,119.0823,2.3972,30121.7335,124.9277,49.0469,238.9093,36.5364,75.9244,374.9013,749.8027,789.266,1183.8989,75.8035,-1.1839,10.395423,15.593133,2.799122,29,215,300,5,0.03207536,0.00395337,0.05088190,0E-8,0.000000,0.912219,0.000000,-0.04848366,2026-03-31,2026-08-01,83,4123,1621,124,0.669355,0.205295,0.230786,0.106918,,,,,,,,GLOBAL_BASELINE_NO_ENTITY_RANKING,,,NOT_APPLICABLE_GLOBAL_BASELINE,HF9g-P5,,,,X 全窗基线 · 不参与实体赏罚,15054414,1506,A168_HF9F_20260827_0900,2026-08-27 09:00:00
2026-04-01,92755421,1963,0,121.7878455729,0E-10,0E-10,0.5000000,3,3,0.50218230000000000,0.502182300000,-0.00617253530718887,-0.00617253530718887,-0.00617253530718887,0E-17,ELIGIBLE,R03b_20260811_FULL_v1,L1_ELIGIBILITY,v2026-08-11,2026-03-21..2026-08-06,baccarat_bet02_101_all_pairs_incl_sentinel,round_win = game_pnl > 0 (decisive only),COMPATIBILITY_ONLY_NOT_PRODUCTION,2500103.8841,2280641.3266,9883.8276,11764,10369,-0.00395337,-0.05088190,-0.00239824,-0.00395337,-9883.8276,2500103.8841,OK,0.0000,395.3531,4.0000,96.0000,AG03-UNRESOLVED,ALL5_LEVELS_bet23_to_bet27,395.3531,395.3531,395.3531,395.3531,395.3531,4.000000,4.000000,4.000000,4.000000,4.000000,96.000000,96.000000,96.000000,96.000000,96.000000,5.0,1976.7655,1824.8244,7907.0621,8059.0032,PENDING_AG03,FALSE,NOT_FOR_ENFORCEMENT,9488.4745,2189415.6736,9883.8276,9488.4745,395.3531,0.00395337,0.00379523,395.3531,9488.4745,0.00379523,395.3531,395.3531,395.3531,395.3531,395.3531,9488.4745,0.00379523,1976.7655,1824.8244,7907.0621,8059.0032,0.00316269,0.00322347,0.00015813,212.5216,219.9480,0.9532,119.0823,2.3972,30121.7335,124.9277,49.0469,238.9093,36.5364,75.9244,374.9013,749.8027,789.266,1183.8989,75.8035,-1.1839,10.395423,15.593133,2.799122,29,215,300,5,0.03207536,0.00395337,0.05088190,0E-8,0.000000,0.912219,0.000000,-0.04848366,2026-03-31,2026-08-01,83,4123,1621,124,0.669355,0.205295,0.230786,0.106918,,,,,,,,GLOBAL_BASELINE_NO_ENTITY_RANKING,,,NOT_APPLICABLE_GLOBAL_BASELINE,HF9g-P5,,,,X 全窗基线 · 不参与实体赏罚,15054415,1506,A168_HF9F_20260827_0900,2026-08-27 09:00:00
2026-04-01,92755421,2088,0,121.7878455730,-121.7878455730,-121.7878455730,0E-7,2,2,0.49324550000000000,0.493245500000,-1.3952362676504506,-1.3952362676504506,-1.3952362676504506,0E-17,ELIGIBLE,R03b_20260811_FULL_v1,L1_ELIGIBILITY,v2026-08-11,2026-03-21..2026-08-06,baccarat_bet02_101_all_pairs_incl_sentinel,round_win = game_pnl > 0 (decisive only),COMPATIBILITY_ONLY_NOT_PRODUCTION,2500103.8841,2280641.3266,9883.8276,11764,10369,-0.00395337,-0.05088190,-0.00239824,-0.00395337,-9883.8276,2500103.8841,OK,0.0000,395.3531,4.0000,96.0000,AG03-UNRESOLVED,ALL5_LEVELS_bet23_to_bet27,395.3531,395.3531,395.3531,395.3531,395.3531,4.000000,4.000000,4.000000,4.000000,4.000000,96.000000,96.000000,96.000000,96.000000,96.000000,5.0,1976.7655,1824.8244,7907.0621,8059.0032,PENDING_AG03,FALSE,NOT_FOR_ENFORCEMENT,9488.4745,2189415.6736,9883.8276,9488.4745,395.3531,0.00395337,0.00379523,395.3531,9488.4745,0.00379523,395.3531,395.3531,395.3531,395.3531,395.3531,9488.4745,0.00379523,1976.7655,1824.8244,7907.0621,8059.0032,0.00316269,0.00322347,0.00015813,212.5216,219.9480,0.9532,119.0823,2.3972,30121.7335,124.9277,49.0469,238.9093,36.5364,75.9244,374.9013,749.8027,789.266,1183.8989,75.8035,-1.1839,10.395423,15.593133,2.799122,29,215,300,5,0.03207536,0.00395337,0.05088190,0E-8,0.000000,0.912219,0.000000,-0.04848366,2026-03-31,2026-08-01,83,4123,1621,124,0.669355,0.205295,0.230786,0.106918,,,,,,,,GLOBAL_BASELINE_NO_ENTITY_RANKING,,,NOT_APPLICABLE_GLOBAL_BASELINE,HF9g-P5,,,,X 全窗基线 · 不参与实体赏罚,15054416,1506,A168_HF9F_20260827_0900,2026-08-27 09:00:00
2026-04-01,92755421,2090,0,458.7342183249,304.6725936752,304.6725936752,0.8333333,8,6,0.48841173137261641,0.418645466667,1.6902178649620314,2.058985203488273,1.6902178649620314,0.06976626470561641,ELIGIBLE,R03b_20260811_FULL_v1,L1_ELIGIBILITY,v2026-08-11,2026-03-21..2026-08-06,baccarat_bet02_101_all_pairs_incl_sentinel,round_win = game_pnl > 0 (decisive only),COMPATIBILITY_ONLY_NOT_PRODUCTION,2500103.8841,2280641.3266,9883.8276,11764,10369,-0.00395337,-0.05088190,-0.00239824,-0.00395337,-9883.8276,2500103.8841,OK,0.0000,395.3531,4.0000,96.0000,AG03-UNRESOLVED,ALL5_LEVELS_bet23_to_bet27,395.3531,395.3531,395.3531,395.3531,395.3531,4.000000,4.000000,4.000000,4.000000,4.000000,96.000000,96.000000,96.000000,96.000000,96.000000,5.0,1976.7655,1824.8244,7907.0621,8059.0032,PENDING_AG03,FALSE,NOT_FOR_ENFORCEMENT,9488.4745,2189415.6736,9883.8276,9488.4745,395.3531,0.00395337,0.00379523,395.3531,9488.4745,0.00379523,395.3531,395.3531,395.3531,395.3531,395.3531,9488.4745,0.00379523,1976.7655,1824.8244,7907.0621,8059.0032,0.00316269,0.00322347,0.00015813,212.5216,219.9480,0.9532,119.0823,2.3972,30121.7335,124.9277,49.0469,238.9093,36.5364,75.9244,374.9013,749.8027,789.266,1183.8989,75.8035,-1.1839,10.395423,15.593133,2.799122,29,215,300,5,0.03207536,0.00395337,0.05088190,0E-8,0.000000,0.912219,0.000000,-0.04848366,2026-03-31,2026-08-01,83,4123,1621,124,0.669355,0.205295,0.230786,0.106918,,,,,,,,GLOBAL_BASELINE_NO_ENTITY_RANKING,,,NOT_APPLICABLE_GLOBAL_BASELINE,HF9g-P5,,,,X 全窗基线 · 不参与实体赏罚,15054417,1506,A168_HF9F_20260827_0900,2026-08-27 09:00:00
2026-04-01,92755421,2103,0,81.1918970486,-40.5959485243,-40.5959485243,0E-7,2,2,0.49324550000000000,0.493245500000,-0.9865810262130424,-0.9865810262130424,-0.9865810262130424,0E-17,ELIGIBLE,R03b_20260811_FULL_v1,L1_ELIGIBILITY,v2026-08-11,2026-03-21..2026-08-06,baccarat_bet02_101_all_pairs_incl_sentinel,round_win = game_pnl > 0 (decisive only),COMPATIBILITY_ONLY_NOT_PRODUCTION,2500103.8841,2280641.3266,9883.8276,11764,10369,-0.00395337,-0.05088190,-0.00239824,-0.00395337,-9883.8276,2500103.8841,OK,0.0000,395.3531,4.0000,96.0000,AG03-UNRESOLVED,ALL5_LEVELS_bet23_to_bet27,395.3531,395.3531,395.3531,395.3531,395.3531,4.000000,4.000000,4.000000,4.000000,4.000000,96.000000,96.000000,96.000000,96.000000,96.000000,5.0,1976.7655,1824.8244,7907.0621,8059.0032,PENDING_AG03,FALSE,NOT_FOR_ENFORCEMENT,9488.4745,2189415.6736,9883.8276,9488.4745,395.3531,0.00395337,0.00379523,395.3531,9488.4745,0.00379523,395.3531,395.3531,395.3531,395.3531,395.3531,9488.4745,0.00379523,1976.7655,1824.8244,7907.0621,8059.0032,0.00316269,0.00322347,0.00015813,212.5216,219.9480,0.9532,119.0823,2.3972,30121.7335,124.9277,49.0469,238.9093,36.5364,75.9244,374.9013,749.8027,789.266,1183.8989,75.8035,-1.1839,10.395423,15.593133,2.799122,29,215,300,5,0.03207536,0.00395337,0.05088190,0E-8,0.000000,0.912219,0.000000,-0.04848366,2026-03-31,2026-08-01,83,4123,1621,124,0.669355,0.205295,0.230786,0.106918,,,,,,,,GLOBAL_BASELINE_NO_ENTITY_RANKING,,,NOT_APPLICABLE_GLOBAL_BASELINE,HF9g-P5,,,,X 全窗基线 · 不参与实体赏罚,15054418,1506,A168_HF9F_20260827_0900,2026-08-27 09:00:00
2026-04-01,92755421,2106,0,123.4116835139,-3.6536353672,-3.6536353672,0.3333333,5,3,0.48818514334549415,0.339577033333,-0.5365722272202765,-0.022836125246207564,-0.5365722272202765,0.14860811001249415,ELIGIBLE,R03b_20260811_FULL_v1,L1_ELIGIBILITY,v2026-08-11,2026-03-21..2026-08-06,baccarat_bet02_101_all_pairs_incl_sentinel,round_win = game_pnl > 0 (decisive only),COMPATIBILITY_ONLY_NOT_PRODUCTION,2500103.8841,2280641.3266,9883.8276,11764,10369,-0.00395337,-0.05088190,-0.00239824,-0.00395337,-9883.8276,2500103.8841,OK,0.0000,395.3531,4.0000,96.0000,AG03-UNRESOLVED,ALL5_LEVELS_bet23_to_bet27,395.3531,395.3531,395.3531,395.3531,395.3531,4.000000,4.000000,4.000000,4.000000,4.000000,96.000000,96.000000,96.000000,96.000000,96.000000,5.0,1976.7655,1824.8244,7907.0621,8059.0032,PENDING_AG03,FALSE,NOT_FOR_ENFORCEMENT,9488.4745,2189415.6736,9883.8276,9488.4745,395.3531,0.00395337,0.00379523,395.3531,9488.4745,0.00379523,395.3531,395.3531,395.3531,395.3531,395.3531,9488.4745,0.00379523,1976.7655,1824.8244,7907.0621,8059.0032,0.00316269,0.00322347,0.00015813,212.5216,219.9480,0.9532,119.0823,2.3972,30121.7335,124.9277,49.0469,238.9093,36.5364,75.9244,374.9013,749.8027,789.266,1183.8989,75.8035,-1.1839,10.395423,15.593133,2.799122,29,215,300,5,0.03207536,0.00395337,0.05088190,0E-8,0.000000,0.912219,0.000000,-0.04848366,2026-03-31,2026-08-01,83,4123,1621,124,0.669355,0.205295,0.230786,0.106918,,,,,,,,GLOBAL_BASELINE_NO_ENTITY_RANKING,,,NOT_APPLICABLE_GLOBAL_BASELINE,HF9g-P5,,,,X 全窗基线 · 不参与实体赏罚,15054419,1506,A168_HF9F_20260827_0900,2026-08-27 09:00:00
2026-04-01,92755421,2123,0,166.4433889496,-6.0893922786,-6.0893922786,0.5000000,7,4,0.47392475093431431,0.318692825000,0.10444311860100525,0.7781930762383612,0.10444311860100525,0.15523192593431431,ELIGIBLE,R03b_20260811_FULL_v1,L1_ELIGIBILITY,v2026-08-11,2026-03-21..2026-08-06,baccarat_bet02_101_all_pairs_incl_sentinel,round_win = game_pnl > 0 (decisive only),COMPATIBILITY_ONLY_NOT_PRODUCTION,2500103.8841,2280641.3266,9883.8276,11764,10369,-0.00395337,-0.05088190,-0.00239824,-0.00395337,-9883.8276,2500103.8841,OK,0.0000,395.3531,4.0000,96.0000,AG03-UNRESOLVED,ALL5_LEVELS_bet23_to_bet27,395.3531,395.3531,395.3531,395.3531,395.3531,4.000000,4.000000,4.000000,4.000000,4.000000,96.000000,96.000000,96.000000,96.000000,96.000000,5.0,1976.7655,1824.8244,7907.0621,8059.0032,PENDING_AG03,FALSE,NOT_FOR_ENFORCEMENT,9488.4745,2189415.6736,9883.8276,9488.4745,395.3531,0.00395337,0.00379523,395.3531,9488.4745,0.00379523,395.3531,395.3531,395.3531,395.3531,395.3531,9488.4745,0.00379523,1976.7655,1824.8244,7907.0621,8059.0032,0.00316269,0.00322347,0.00015813,212.5216,219.9480,0.9532,119.0823,2.3972,30121.7335,124.9277,49.0469,238.9093,36.5364,75.9244,374.9013,749.8027,789.266,1183.8989,75.8035,-1.1839,10.395423,15.593133,2.799122,29,215,300,5,0.03207536,0.00395337,0.05088190,0E-8,0.000000,0.912219,0.000000,-0.04848366,2026-03-31,2026-08-01,83,4123,1621,124,0.669355,0.205295,0.230786,0.106918,,,,,,,,GLOBAL_BASELINE_NO_ENTITY_RANKING,,,NOT_APPLICABLE_GLOBAL_BASELINE,HF9g-P5,,,,X 全窗基线 · 不参与实体赏罚,15054420,1506,A168_HF9F_20260827_0900,2026-08-27 09:00:00
2026-04-01,92755421,2160,0,200.1380262248,76.0159136118,76.0159136118,0.7500000,6,5,0.49852506310686001,0.453847560000,1.0059041241478803,1.189688789500274,1.0059041241478803,0.04467750310686001,ELIGIBLE,R03b_20260811_FULL_v1,L1_ELIGIBILITY,v2026-08-11,2026-03-21..2026-08-06,baccarat_bet02_101_all_pairs_incl_sentinel,round_win = game_pnl > 0 (decisive only),COMPATIBILITY_ONLY_NOT_PRODUCTION,2500103.8841,2280641.3266,9883.8276,11764,10369,-0.00395337,-0.05088190,-0.00239824,-0.00395337,-9883.8276,2500103.8841,OK,0.0000,395.3531,4.0000,96.0000,AG03-UNRESOLVED,ALL5_LEVELS_bet23_to_bet27,395.3531,395.3531,395.3531,395.3531,395.3531,4.000000,4.000000,4.000000,4.000000,4.000000,96.000000,96.000000,96.000000,96.000000,96.000000,5.0,1976.7655,1824.8244,7907.0621,8059.0032,PENDING_AG03,FALSE,NOT_FOR_ENFORCEMENT,9488.4745,2189415.6736,9883.8276,9488.4745,395.3531,0.00395337,0.00379523,395.3531,9488.4745,0.00379523,395.3531,395.3531,395.3531,395.3531,395.3531,9488.4745,0.00379523,1976.7655,1824.8244,7907.0621,8059.0032,0.00316269,0.00322347,0.00015813,212.5216,219.9480,0.9532,119.0823,2.3972,30121.7335,124.9277,49.0469,238.9093,36.5364,75.9244,374.9013,749.8027,789.266,1183.8989,75.8035,-1.1839,10.395423,15.593133,2.799122,29,215,300,5,0.03207536,0.00395337,0.05088190,0E-8,0.000000,0.912219,0.000000,-0.04848366,2026-03-31,2026-08-01,83,4123,1621,124,0.669355,0.205295,0.230786,0.106918,,,,,,,,GLOBAL_BASELINE_NO_ENTITY_RANKING,,,NOT_APPLICABLE_GLOBAL_BASELINE,HF9g-P5,,,,X 全窗基线 · 不参与实体赏罚,15054421,1506,A168_HF9F_20260827_0900,2026-08-27 09:00:00
2026-04-01,92755421,2196,0,79.1620996224,36.5363536719,36.5363536719,0.5000000,3,2,0.48746361052641291,0.381345450000,0.03546941460785595,0.3454745057990616,0.03546941460785595,0.10611816052641291,ELIGIBLE,R03b_20260811_FULL_v1,L1_ELIGIBILITY,v2026-08-11,2026-03-21..2026-08-06,baccarat_bet02_101_all_pairs_incl_sentinel,round_win = game_pnl > 0 (decisive only),COMPATIBILITY_ONLY_NOT_PRODUCTION,2500103.8841,2280641.3266,9883.8276,11764,10369,-0.00395337,-0.05088190,-0.00239824,-0.00395337,-9883.8276,2500103.8841,OK,0.0000,395.3531,4.0000,96.0000,AG03-UNRESOLVED,ALL5_LEVELS_bet23_to_bet27,395.3531,395.3531,395.3531,395.3531,395.3531,4.000000,4.000000,4.000000,4.000000,4.000000,96.000000,96.000000,96.000000,96.000000,96.000000,5.0,1976.7655,1824.8244,7907.0621,8059.0032,PENDING_AG03,FALSE,NOT_FOR_ENFORCEMENT,9488.4745,2189415.6736,9883.8276,9488.4745,395.3531,0.00395337,0.00379523,395.3531,9488.4745,0.00379523,395.3531,395.3531,395.3531,395.3531,395.3531,9488.4745,0.00379523,1976.7655,1824.8244,7907.0621,8059.0032,0.00316269,0.00322347,0.00015813,212.5216,219.9480,0.9532,119.0823,2.3972,30121.7335,124.9277,49.0469,238.9093,36.5364,75.9244,374.9013,749.8027,789.266,1183.8989,75.8035,-1.1839,10.395423,15.593133,2.799122,29,215,300,5,0.03207536,0.00395337,0.05088190,0E-8,0.000000,0.912219,0.000000,-0.04848366,2026-03-31,2026-08-01,83,4123,1621,124,0.669355,0.205295,0.230786,0.106918,,,,,,,,GLOBAL_BASELINE_NO_ENTITY_RANKING,,,NOT_APPLICABLE_GLOBAL_BASELINE,HF9g-P5,,,,X 全窗基线 · 不参与实体赏罚,15054422,1506,A168_HF9F_20260827_0900,2026-08-27 09:00:00
2026-04-01,92755421,2201,0,162.3837940974,158.3241992449,158.3241992449,1.0000000,2,2,0.49994810000000000,0.499948100000,1.4143603653603398,1.4143603653603398,1.4143603653603398,0E-17,ELIGIBLE,R03b_20260811_FULL_v1,L1_ELIGIBILITY,v2026-08-11,2026-03-21..2026-08-06,baccarat_bet02_101_all_pairs_incl_sentinel,round_win = game_pnl > 0 (decisive only),COMPATIBILITY_ONLY_NOT_PRODUCTION,2500103.8841,2280641.3266,9883.8276,11764,10369,-0.00395337,-0.05088190,-0.00239824,-0.00395337,-9883.8276,2500103.8841,OK,0.0000,395.3531,4.0000,96.0000,AG03-UNRESOLVED,ALL5_LEVELS_bet23_to_bet27,395.3531,395.3531,395.3531,395.3531,395.3531,4.000000,4.000000,4.000000,4.000000,4.000000,96.000000,96.000000,96.000000,96.000000,96.000000,5.0,1976.7655,1824.8244,7907.0621,8059.0032,PENDING_AG03,FALSE,NOT_FOR_ENFORCEMENT,9488.4745,2189415.6736,9883.8276,9488.4745,395.3531,0.00395337,0.00379523,395.3531,9488.4745,0.00379523,395.3531,395.3531,395.3531,395.3531,395.3531,9488.4745,0.00379523,1976.7655,1824.8244,7907.0621,8059.0032,0.00316269,0.00322347,0.00015813,212.5216,219.9480,0.9532,119.0823,2.3972,30121.7335,124.9277,49.0469,238.9093,36.5364,75.9244,374.9013,749.8027,789.266,1183.8989,75.8035,-1.1839,10.395423,15.593133,2.799122,29,215,300,5,0.03207536,0.00395337,0.05088190,0E-8,0.000000,0.912219,0.000000,-0.04848366,2026-03-31,2026-08-01,83,4123,1621,124,0.669355,0.205295,0.230786,0.106918,,,,,,,,GLOBAL_BASELINE_NO_ENTITY_RANKING,,,NOT_APPLICABLE_GLOBAL_BASELINE,HF9g-P5,,,,X 全窗基线 · 不参与实体赏罚,15054423,1506,A168_HF9F_20260827_0900,2026-08-27 09:00:00
2026-04-01,92755421,2218,0,40.5959485243,-40.5959485243,-40.5959485243,0E-7,1,1,0.49324550000000000,0.493245500000,-0.9865810262130424,-0.9865810262130424,-0.9865810262130424,0E-17,ELIGIBLE,R03b_20260811_FULL_v1,L1_ELIGIBILITY,v2026-08-11,2026-03-21..2026-08-06,baccarat_bet02_101_all_pairs_incl_sentinel,round_win = game_pnl > 0 (decisive only),COMPATIBILITY_ONLY_NOT_PRODUCTION,2500103.8841,2280641.3266,9883.8276,11764,10369,-0.00395337,-0.05088190,-0.00239824,-0.00395337,-9883.8276,2500103.8841,OK,0.0000,395.3531,4.0000,96.0000,AG03-UNRESOLVED,ALL5_LEVELS_bet23_to_bet27,395.3531,395.3531,395.3531,395.3531,395.3531,4.000000,4.000000,4.000000,4.000000,4.000000,96.000000,96.000000,96.000000,96.000000,96.000000,5.0,1976.7655,1824.8244,7907.0621,8059.0032,PENDING_AG03,FALSE,NOT_FOR_ENFORCEMENT,9488.4745,2189415.6736,9883.8276,9488.4745,395.3531,0.00395337,0.00379523,395.3531,9488.4745,0.00379523,395.3531,395.3531,395.3531,395.3531,395.3531,9488.4745,0.00379523,1976.7655,1824.8244,7907.0621,8059.0032,0.00316269,0.00322347,0.00015813,212.5216,219.9480,0.9532,119.0823,2.3972,30121.7335,124.9277,49.0469,238.9093,36.5364,75.9244,374.9013,749.8027,789.266,1183.8989,75.8035,-1.1839,10.395423,15.593133,2.799122,29,215,300,5,0.03207536,0.00395337,0.05088190,0E-8,0.000000,0.912219,0.000000,-0.04848366,2026-03-31,2026-08-01,83,4123,1621,124,0.669355,0.205295,0.230786,0.106918,,,,,,,,GLOBAL_BASELINE_NO_ENTITY_RANKING,,,NOT_APPLICABLE_GLOBAL_BASELINE,HF9g-P5,,,,X 全窗基线 · 不参与实体赏罚,15054424,1506,A168_HF9F_20260827_0900,2026-08-27 09:00:00
2026-04-01,92755421,2220,0,77.1323021962,-77.1323021962,-77.1323021962,0E-7,1,1,0.49324550000000000,0.493245500000,-0.9865810262130424,-0.9865810262130424,-0.9865810262130424,0E-17,ELIGIBLE,R03b_20260811_FULL_v1,L1_ELIGIBILITY,v2026-08-11,2026-03-21..2026-08-06,baccarat_bet02_101_all_pairs_incl_sentinel,round_win = game_pnl > 0 (decisive only),COMPATIBILITY_ONLY_NOT_PRODUCTION,2500103.8841,2280641.3266,9883.8276,11764,10369,-0.00395337,-0.05088190,-0.00239824,-0.00395337,-9883.8276,2500103.8841,OK,0.0000,395.3531,4.0000,96.0000,AG03-UNRESOLVED,ALL5_LEVELS_bet23_to_bet27,395.3531,395.3531,395.3531,395.3531,395.3531,4.000000,4.000000,4.000000,4.000000,4.000000,96.000000,96.000000,96.000000,96.000000,96.000000,5.0,1976.7655,1824.8244,7907.0621,8059.0032,PENDING_AG03,FALSE,NOT_FOR_ENFORCEMENT,9488.4745,2189415.6736,9883.8276,9488.4745,395.3531,0.00395337,0.00379523,395.3531,9488.4745,0.00379523,395.3531,395.3531,395.3531,395.3531,395.3531,9488.4745,0.00379523,1976.7655,1824.8244,7907.0621,8059.0032,0.00316269,0.00322347,0.00015813,212.5216,219.9480,0.9532,119.0823,2.3972,30121.7335,124.9277,49.0469,238.9093,36.5364,75.9244,374.9013,749.8027,789.266,1183.8989,75.8035,-1.1839,10.395423,15.593133,2.799122,29,215,300,5,0.03207536,0.00395337,0.05088190,0E-8,0.000000,0.912219,0.000000,-0.04848366,2026-03-31,2026-08-01,83,4123,1621,124,0.669355,0.205295,0.230786,0.106918,,,,,,,,GLOBAL_BASELINE_NO_ENTITY_RANKING,,,NOT_APPLICABLE_GLOBAL_BASELINE,HF9g-P5,,,,X 全窗基线 · 不参与实体赏罚,15054425,1506,A168_HF9F_20260827_0900,2026-08-27 09:00:00
2026-04-01,92755421,2232,0,286.2014370964,73.2756870864,73.2756870864,0.6000000,7,5,0.48803248303413501,0.403725460000,0.5008774517715229,0.8945049914450215,0.5008774517715229,0.08430702303413501,ELIGIBLE,R03b_20260811_FULL_v1,L1_ELIGIBILITY,v2026-08-11,2026-03-21..2026-08-06,baccarat_bet02_101_all_pairs_incl_sentinel,round_win = game_pnl > 0 (decisive only),COMPATIBILITY_ONLY_NOT_PRODUCTION,2500103.8841,2280641.3266,9883.8276,11764,10369,-0.00395337,-0.05088190,-0.00239824,-0.00395337,-9883.8276,2500103.8841,OK,0.0000,395.3531,4.0000,96.0000,AG03-UNRESOLVED,ALL5_LEVELS_bet23_to_bet27,395.3531,395.3531,395.3531,395.3531,395.3531,4.000000,4.000000,4.000000,4.000000,4.000000,96.000000,96.000000,96.000000,96.000000,96.000000,5.0,1976.7655,1824.8244,7907.0621,8059.0032,PENDING_AG03,FALSE,NOT_FOR_ENFORCEMENT,9488.4745,2189415.6736,9883.8276,9488.4745,395.3531,0.00395337,0.00379523,395.3531,9488.4745,0.00379523,395.3531,395.3531,395.3531,395.3531,395.3531,9488.4745,0.00379523,1976.7655,1824.8244,7907.0621,8059.0032,0.00316269,0.00322347,0.00015813,212.5216,219.9480,0.9532,119.0823,2.3972,30121.7335,124.9277,49.0469,238.9093,36.5364,75.9244,374.9013,749.8027,789.266,1183.8989,75.8035,-1.1839,10.395423,15.593133,2.799122,29,215,300,5,0.03207536,0.00395337,0.05088190,0E-8,0.000000,0.912219,0.000000,-0.04848366,2026-03-31,2026-08-01,83,4123,1621,124,0.669355,0.205295,0.230786,0.106918,,,,,,,,GLOBAL_BASELINE_NO_ENTITY_RANKING,,,NOT_APPLICABLE_GLOBAL_BASELINE,HF9g-P5,,,,X 全窗基线 · 不参与实体赏罚,15054426,1506,A168_HF9F_20260827_0900,2026-08-27 09:00:00
2026-04-01,92755421,2233,0,40.5959485243,-40.5959485243,-40.5959485243,0E-7,1,1,0.50665070000000000,0.506650700000,-1.013391052207602,-1.013391052207602,-1.013391052207602,0E-17,ELIGIBLE,R03b_20260811_FULL_v1,L1_ELIGIBILITY,v2026-08-11,2026-03-21..2026-08-06,baccarat_bet02_101_all_pairs_incl_sentinel,round_win = game_pnl > 0 (decisive only),COMPATIBILITY_ONLY_NOT_PRODUCTION,2500103.8841,2280641.3266,9883.8276,11764,10369,-0.00395337,-0.05088190,-0.00239824,-0.00395337,-9883.8276,2500103.8841,OK,0.0000,395.3531,4.0000,96.0000,AG03-UNRESOLVED,ALL5_LEVELS_bet23_to_bet27,395.3531,395.3531,395.3531,395.3531,395.3531,4.000000,4.000000,4.000000,4.000000,4.000000,96.000000,96.000000,96.000000,96.000000,96.000000,5.0,1976.7655,1824.8244,7907.0621,8059.0032,PENDING_AG03,FALSE,NOT_FOR_ENFORCEMENT,9488.4745,2189415.6736,9883.8276,9488.4745,395.3531,0.00395337,0.00379523,395.3531,9488.4745,0.00379523,395.3531,395.3531,395.3531,395.3531,395.3531,9488.4745,0.00379523,1976.7655,1824.8244,7907.0621,8059.0032,0.00316269,0.00322347,0.00015813,212.5216,219.9480,0.9532,119.0823,2.3972,30121.7335,124.9277,49.0469,238.9093,36.5364,75.9244,374.9013,749.8027,789.266,1183.8989,75.8035,-1.1839,10.395423,15.593133,2.799122,29,215,300,5,0.03207536,0.00395337,0.05088190,0E-8,0.000000,0.912219,0.000000,-0.04848366,2026-03-31,2026-08-01,83,4123,1621,124,0.669355,0.205295,0.230786,0.106918,,,,,,,,GLOBAL_BASELINE_NO_ENTITY_RANKING,,,NOT_APPLICABLE_GLOBAL_BASELINE,HF9g-P5,,,,X 全窗基线 · 不参与实体赏罚,15054427,1506,A168_HF9F_20260827_0900,2026-08-27 09:00:00
2026-04-01,92755421,2235,0,73.0727073438,-73.0727073438,-73.0727073438,0E-7,2,1,0.47954982222244475,0.262742800000,-0.9599028620113886,-0.5969746651759844,-0.9599028620113886,0.21680702222244475,ELIGIBLE,R03b_20260811_FULL_v1,L1_ELIGIBILITY,v2026-08-11,2026-03-21..2026-08-06,baccarat_bet02_101_all_pairs_incl_sentinel,round_win = game_pnl > 0 (decisive only),COMPATIBILITY_ONLY_NOT_PRODUCTION,2500103.8841,2280641.3266,9883.8276,11764,10369,-0.00395337,-0.05088190,-0.00239824,-0.00395337,-9883.8276,2500103.8841,OK,0.0000,395.3531,4.0000,96.0000,AG03-UNRESOLVED,ALL5_LEVELS_bet23_to_bet27,395.3531,395.3531,395.3531,395.3531,395.3531,4.000000,4.000000,4.000000,4.000000,4.000000,96.000000,96.000000,96.000000,96.000000,96.000000,5.0,1976.7655,1824.8244,7907.0621,8059.0032,PENDING_AG03,FALSE,NOT_FOR_ENFORCEMENT,9488.4745,2189415.6736,9883.8276,9488.4745,395.3531,0.00395337,0.00379523,395.3531,9488.4745,0.00379523,395.3531,395.3531,395.3531,395.3531,395.3531,9488.4745,0.00379523,1976.7655,1824.8244,7907.0621,8059.0032,0.00316269,0.00322347,0.00015813,212.5216,219.9480,0.9532,119.0823,2.3972,30121.7335,124.9277,49.0469,238.9093,36.5364,75.9244,374.9013,749.8027,789.266,1183.8989,75.8035,-1.1839,10.395423,15.593133,2.799122,29,215,300,5,0.03207536,0.00395337,0.05088190,0E-8,0.000000,0.912219,0.000000,-0.04848366,2026-03-31,2026-08-01,83,4123,1621,124,0.669355,0.205295,0.230786,0.106918,,,,,,,,GLOBAL_BASELINE_NO_ENTITY_RANKING,,,NOT_APPLICABLE_GLOBAL_BASELINE,HF9g-P5,,,,X 全窗基线 · 不参与实体赏罚,15054428,1506,A168_HF9F_20260827_0900,2026-08-27 09:00:00
2026-04-01,92755421,2246,0,124.6295619697,-5.8864125360,-5.8864125360,0.5000000,4,2,0.48896174555641537,0.259391500000,0.031228509159834154,0.7763431887933226,0.031228509159834154,0.22957024555641537,ELIGIBLE,R03b_20260811_FULL_v1,L1_ELIGIBILITY,v2026-08-11,2026-03-21..2026-08-06,baccarat_bet02_101_all_pairs_incl_sentinel,round_win = game_pnl > 0 (decisive only),COMPATIBILITY_ONLY_NOT_PRODUCTION,2500103.8841,2280641.3266,9883.8276,11764,10369,-0.00395337,-0.05088190,-0.00239824,-0.00395337,-9883.8276,2500103.8841,OK,0.0000,395.3531,4.0000,96.0000,AG03-UNRESOLVED,ALL5_LEVELS_bet23_to_bet27,395.3531,395.3531,395.3531,395.3531,395.3531,4.000000,4.000000,4.000000,4.000000,4.000000,96.000000,96.000000,96.000000,96.000000,96.000000,5.0,1976.7655,1824.8244,7907.0621,8059.0032,PENDING_AG03,FALSE,NOT_FOR_ENFORCEMENT,9488.4745,2189415.6736,9883.8276,9488.4745,395.3531,0.00395337,0.00379523,395.3531,9488.4745,0.00379523,395.3531,395.3531,395.3531,395.3531,395.3531,9488.4745,0.00379523,1976.7655,1824.8244,7907.0621,8059.0032,0.00316269,0.00322347,0.00015813,212.5216,219.9480,0.9532,119.0823,2.3972,30121.7335,124.9277,49.0469,238.9093,36.5364,75.9244,374.9013,749.8027,789.266,1183.8989,75.8035,-1.1839,10.395423,15.593133,2.799122,29,215,300,5,0.03207536,0.00395337,0.05088190,0E-8,0.000000,0.912219,0.000000,-0.04848366,2026-03-31,2026-08-01,83,4123,1621,124,0.669355,0.205295,0.230786,0.106918,,,,,,,,GLOBAL_BASELINE_NO_ENTITY_RANKING,,,NOT_APPLICABLE_GLOBAL_BASELINE,HF9g-P5,,,,X 全窗基线 · 不参与实体赏罚,15054429,1506,A168_HF9F_20260827_0900,2026-08-27 09:00:00
2026-04-01,92755421,2264,0,60.8939227865,-60.8939227865,-60.8939227865,0E-7,1,1,0.50665070000000000,0.506650700000,-1.013391052207602,-1.013391052207602,-1.013391052207602,0E-17,ELIGIBLE,R03b_20260811_FULL_v1,L1_ELIGIBILITY,v2026-08-11,2026-03-21..2026-08-06,baccarat_bet02_101_all_pairs_incl_sentinel,round_win = game_pnl > 0 (decisive only),COMPATIBILITY_ONLY_NOT_PRODUCTION,2500103.8841,2280641.3266,9883.8276,11764,10369,-0.00395337,-0.05088190,-0.00239824,-0.00395337,-9883.8276,2500103.8841,OK,0.0000,395.3531,4.0000,96.0000,AG03-UNRESOLVED,ALL5_LEVELS_bet23_to_bet27,395.3531,395.3531,395.3531,395.3531,395.3531,4.000000,4.000000,4.000000,4.000000,4.000000,96.000000,96.000000,96.000000,96.000000,96.000000,5.0,1976.7655,1824.8244,7907.0621,8059.0032,PENDING_AG03,FALSE,NOT_FOR_ENFORCEMENT,9488.4745,2189415.6736,9883.8276,9488.4745,395.3531,0.00395337,0.00379523,395.3531,9488.4745,0.00379523,395.3531,395.3531,395.3531,395.3531,395.3531,9488.4745,0.00379523,1976.7655,1824.8244,7907.0621,8059.0032,0.00316269,0.00322347,0.00015813,212.5216,219.9480,0.9532,119.0823,2.3972,30121.7335,124.9277,49.0469,238.9093,36.5364,75.9244,374.9013,749.8027,789.266,1183.8989,75.8035,-1.1839,10.395423,15.593133,2.799122,29,215,300,5,0.03207536,0.00395337,0.05088190,0E-8,0.000000,0.912219,0.000000,-0.04848366,2026-03-31,2026-08-01,83,4123,1621,124,0.669355,0.205295,0.230786,0.106918,,,,,,,,GLOBAL_BASELINE_NO_ENTITY_RANKING,,,NOT_APPLICABLE_GLOBAL_BASELINE,HF9g-P5,,,,X 全窗基线 · 不参与实体赏罚,15054430,1506,A168_HF9F_20260827_0900,2026-08-27 09:00:00
2026-04-01,92755421,462,0,105.5494661632,-64.9535176388,-64.9535176388,0.3333333,5,3,0.45107566888922216,0.335108633333,-0.4098381024459161,-0.00651424705214083,-0.4098381024459161,0.11596703555622216,ELIGIBLE,R03b_20260811_FULL_v1,L1_ELIGIBILITY,v2026-08-11,2026-03-21..2026-08-06,baccarat_bet02_101_all_pairs_incl_sentinel,round_win = game_pnl > 0 (decisive only),COMPATIBILITY_ONLY_NOT_PRODUCTION,2500103.8841,2280641.3266,9883.8276,11764,10369,-0.00395337,-0.05088190,-0.00239824,-0.00395337,-9883.8276,2500103.8841,OK,0.0000,395.3531,4.0000,96.0000,AG03-UNRESOLVED,ALL5_LEVELS_bet23_to_bet27,395.3531,395.3531,395.3531,395.3531,395.3531,4.000000,4.000000,4.000000,4.000000,4.000000,96.000000,96.000000,96.000000,96.000000,96.000000,5.0,1976.7655,1824.8244,7907.0621,8059.0032,PENDING_AG03,FALSE,NOT_FOR_ENFORCEMENT,9488.4745,2189415.6736,9883.8276,9488.4745,395.3531,0.00395337,0.00379523,395.3531,9488.4745,0.00379523,395.3531,395.3531,395.3531,395.3531,395.3531,9488.4745,0.00379523,1976.7655,1824.8244,7907.0621,8059.0032,0.00316269,0.00322347,0.00015813,212.5216,219.9480,0.9532,119.0823,2.3972,30121.7335,124.9277,49.0469,238.9093,36.5364,75.9244,374.9013,749.8027,789.266,1183.8989,75.8035,-1.1839,10.395423,15.593133,2.799122,29,215,300,5,0.03207536,0.00395337,0.05088190,0E-8,0.000000,0.912219,0.000000,-0.04848366,2026-03-31,2026-08-01,83,4123,1621,124,0.669355,0.205295,0.230786,0.106918,,,,,,,,GLOBAL_BASELINE_NO_ENTITY_RANKING,,,NOT_APPLICABLE_GLOBAL_BASELINE,HF9g-P5,,,,X 全窗基线 · 不参与实体赏罚,15054431,1506,A168_HF9F_20260827_0900,2026-08-27 09:00:00
2026-04-01,92755421,526,0,40.5959485243,-40.5959485243,-40.5959485243,0E-7,1,1,0.49324550000000000,0.493245500000,-0.9865810262130424,-0.9865810262130424,-0.9865810262130424,0E-17,ELIGIBLE,R03b_20260811_FULL_v1,L1_ELIGIBILITY,v2026-08-11,2026-03-21..2026-08-06,baccarat_bet02_101_all_pairs_incl_sentinel,round_win = game_pnl > 0 (decisive only),COMPATIBILITY_ONLY_NOT_PRODUCTION,2500103.8841,2280641.3266,9883.8276,11764,10369,-0.00395337,-0.05088190,-0.00239824,-0.00395337,-9883.8276,2500103.8841,OK,0.0000,395.3531,4.0000,96.0000,AG03-UNRESOLVED,ALL5_LEVELS_bet23_to_bet27,395.3531,395.3531,395.3531,395.3531,395.3531,4.000000,4.000000,4.000000,4.000000,4.000000,96.000000,96.000000,96.000000,96.000000,96.000000,5.0,1976.7655,1824.8244,7907.0621,8059.0032,PENDING_AG03,FALSE,NOT_FOR_ENFORCEMENT,9488.4745,2189415.6736,9883.8276,9488.4745,395.3531,0.00395337,0.00379523,395.3531,9488.4745,0.00379523,395.3531,395.3531,395.3531,395.3531,395.3531,9488.4745,0.00379523,1976.7655,1824.8244,7907.0621,8059.0032,0.00316269,0.00322347,0.00015813,212.5216,219.9480,0.9532,119.0823,2.3972,30121.7335,124.9277,49.0469,238.9093,36.5364,75.9244,374.9013,749.8027,789.266,1183.8989,75.8035,-1.1839,10.395423,15.593133,2.799122,29,215,300,5,0.03207536,0.00395337,0.05088190,0E-8,0.000000,0.912219,0.000000,-0.04848366,2026-03-31,2026-08-01,83,4123,1621,124,0.669355,0.205295,0.230786,0.106918,,,,,,,,GLOBAL_BASELINE_NO_ENTITY_RANKING,,,NOT_APPLICABLE_GLOBAL_BASELINE,HF9g-P5,,,,X 全窗基线 · 不参与实体赏罚,15054432,1506,A168_HF9F_20260827_0900,2026-08-27 09:00:00
2026-04-01,92755421,595,0,40.5959485243,-40.5959485243,-40.5959485243,0E-7,1,1,0.49324550000000000,0.493245500000,-0.9865810262130424,-0.9865810262130424,-0.9865810262130424,0E-17,ELIGIBLE,R03b_20260811_FULL_v1,L1_ELIGIBILITY,v2026-08-11,2026-03-21..2026-08-06,baccarat_bet02_101_all_pairs_incl_sentinel,round_win = game_pnl > 0 (decisive only),COMPATIBILITY_ONLY_NOT_PRODUCTION,2500103.8841,2280641.3266,9883.8276,11764,10369,-0.00395337,-0.05088190,-0.00239824,-0.00395337,-9883.8276,2500103.8841,OK,0.0000,395.3531,4.0000,96.0000,AG03-UNRESOLVED,ALL5_LEVELS_bet23_to_bet27,395.3531,395.3531,395.3531,395.3531,395.3531,4.000000,4.000000,4.000000,4.000000,4.000000,96.000000,96.000000,96.000000,96.000000,96.000000,5.0,1976.7655,1824.8244,7907.0621,8059.0032,PENDING_AG03,FALSE,NOT_FOR_ENFORCEMENT,9488.4745,2189415.6736,9883.8276,9488.4745,395.3531,0.00395337,0.00379523,395.3531,9488.4745,0.00379523,395.3531,395.3531,395.3531,395.3531,395.3531,9488.4745,0.00379523,1976.7655,1824.8244,7907.0621,8059.0032,0.00316269,0.00322347,0.00015813,212.5216,219.9480,0.9532,119.0823,2.3972,30121.7335,124.9277,49.0469,238.9093,36.5364,75.9244,374.9013,749.8027,789.266,1183.8989,75.8035,-1.1839,10.395423,15.593133,2.799122,29,215,300,5,0.03207536,0.00395337,0.05088190,0E-8,0.000000,0.912219,0.000000,-0.04848366,2026-03-31,2026-08-01,83,4123,1621,124,0.669355,0.205295,0.230786,0.106918,,,,,,,,GLOBAL_BASELINE_NO_ENTITY_RANKING,,,NOT_APPLICABLE_GLOBAL_BASELINE,HF9g-P5,,,,X 全窗基线 · 不参与实体赏罚,15054433,1506,A168_HF9F_20260827_0900,2026-08-27 09:00:00
2026-04-02,92755421,-1,1,16312.6699955332,-433.1587707541,-433.1587707541,0.5032680,195,168,0.49827254014299158,0.463317548810,0.12358094263452726,0.9909894871929382,0.12358094263452726,0.03495499133299158,SENTINEL_DEALER,R03b_20260811_FULL_v1,L1_ELIGIBILITY,v2026-08-11,2026-03-21..2026-08-06,baccarat_bet02_101_all_pairs_incl_sentinel,round_win = game_pnl > 0 (decisive only),COMPATIBILITY_ONLY_NOT_PRODUCTION,2500103.8841,2280641.3266,9883.8276,11764,10369,-0.00395337,-0.05088190,-0.00239824,-0.00395337,-9883.8276,2500103.8841,OK,0.0000,395.3531,4.0000,96.0000,AG03-UNRESOLVED,ALL5_LEVELS_bet23_to_bet27,395.3531,395.3531,395.3531,395.3531,395.3531,4.000000,4.000000,4.000000,4.000000,4.000000,96.000000,96.000000,96.000000,96.000000,96.000000,5.0,1976.7655,1824.8244,7907.0621,8059.0032,PENDING_AG03,FALSE,NOT_FOR_ENFORCEMENT,9488.4745,2189415.6736,9883.8276,9488.4745,395.3531,0.00395337,0.00379523,395.3531,9488.4745,0.00379523,395.3531,395.3531,395.3531,395.3531,395.3531,9488.4745,0.00379523,1976.7655,1824.8244,7907.0621,8059.0032,0.00316269,0.00322347,0.00015813,212.5216,219.9480,0.9532,119.0823,2.3972,30121.7335,124.9277,49.0469,238.9093,36.5364,75.9244,374.9013,749.8027,789.266,1183.8989,75.8035,-1.1839,10.395423,15.593133,2.799122,29,215,300,5,0.03207536,0.00395337,0.05088190,0E-8,0.000000,0.912219,0.000000,-0.04848366,2026-03-31,2026-08-01,83,4123,1621,124,0.669355,0.205295,0.230786,0.106918,,,,,,,,GLOBAL_BASELINE_NO_ENTITY_RANKING,,,NOT_APPLICABLE_GLOBAL_BASELINE,HF9g-P5,,,,X 全窗基线 · 不参与实体赏罚,15054434,1506,A168_HF9F_20260827_0900,2026-08-27 09:00:00
2026-04-02,92755421,1004,0,207.8512564445,61.2998822718,61.2998822718,0.6666667,6,3,0.48044211180568162,0.260508600000,0.6455948645992935,1.602795499037948,0.6455948645992935,0.21993351180568162,ELIGIBLE,R03b_20260811_FULL_v1,L1_ELIGIBILITY,v2026-08-11,2026-03-21..2026-08-06,baccarat_bet02_101_all_pairs_incl_sentinel,round_win = game_pnl > 0 (decisive only),COMPATIBILITY_ONLY_NOT_PRODUCTION,2500103.8841,2280641.3266,9883.8276,11764,10369,-0.00395337,-0.05088190,-0.00239824,-0.00395337,-9883.8276,2500103.8841,OK,0.0000,395.3531,4.0000,96.0000,AG03-UNRESOLVED,ALL5_LEVELS_bet23_to_bet27,395.3531,395.3531,395.3531,395.3531,395.3531,4.000000,4.000000,4.000000,4.000000,4.000000,96.000000,96.000000,96.000000,96.000000,96.000000,5.0,1976.7655,1824.8244,7907.0621,8059.0032,PENDING_AG03,FALSE,NOT_FOR_ENFORCEMENT,9488.4745,2189415.6736,9883.8276,9488.4745,395.3531,0.00395337,0.00379523,395.3531,9488.4745,0.00379523,395.3531,395.3531,395.3531,395.3531,395.3531,9488.4745,0.00379523,1976.7655,1824.8244,7907.0621,8059.0032,0.00316269,0.00322347,0.00015813,212.5216,219.9480,0.9532,119.0823,2.3972,30121.7335,124.9277,49.0469,238.9093,36.5364,75.9244,374.9013,749.8027,789.266,1183.8989,75.8035,-1.1839,10.395423,15.593133,2.799122,29,215,300,5,0.03207536,0.00395337,0.05088190,0E-8,0.000000,0.912219,0.000000,-0.04848366,2026-03-31,2026-08-01,83,4123,1621,124,0.669355,0.205295,0.230786,0.106918,,,,,,,,GLOBAL_BASELINE_NO_ENTITY_RANKING,,,NOT_APPLICABLE_GLOBAL_BASELINE,HF9g-P5,,,,X 全窗基线 · 不参与实体赏罚,15054435,1506,A168_HF9F_20260827_0900,2026-08-27 09:00:00
2026-04-02,92755421,1017,0,85.2514919011,-85.2514919011,-85.2514919011,0E-7,2,1,0.47065451904780454,0.256040200000,-0.9429344687669807,-0.5866503638730671,-0.9429344687669807,0.21461431904780454,ELIGIBLE,R03b_20260811_FULL_v1,L1_ELIGIBILITY,v2026-08-11,2026-03-21..2026-08-06,baccarat_bet02_101_all_pairs_incl_sentinel,round_win = game_pnl > 0 (decisive only),COMPATIBILITY_ONLY_NOT_PRODUCTION,2500103.8841,2280641.3266,9883.8276,11764,10369,-0.00395337,-0.05088190,-0.00239824,-0.00395337,-9883.8276,2500103.8841,OK,0.0000,395.3531,4.0000,96.0000,AG03-UNRESOLVED,ALL5_LEVELS_bet23_to_bet27,395.3531,395.3531,395.3531,395.3531,395.3531,4.000000,4.000000,4.000000,4.000000,4.000000,96.000000,96.000000,96.000000,96.000000,96.000000,5.0,1976.7655,1824.8244,7907.0621,8059.0032,PENDING_AG03,FALSE,NOT_FOR_ENFORCEMENT,9488.4745,2189415.6736,9883.8276,9488.4745,395.3531,0.00395337,0.00379523,395.3531,9488.4745,0.00379523,395.3531,395.3531,395.3531,395.3531,395.3531,9488.4745,0.00379523,1976.7655,1824.8244,7907.0621,8059.0032,0.00316269,0.00322347,0.00015813,212.5216,219.9480,0.9532,119.0823,2.3972,30121.7335,124.9277,49.0469,238.9093,36.5364,75.9244,374.9013,749.8027,789.266,1183.8989,75.8035,-1.1839,10.395423,15.593133,2.799122,29,215,300,5,0.03207536,0.00395337,0.05088190,0E-8,0.000000,0.912219,0.000000,-0.04848366,2026-03-31,2026-08-01,83,4123,1621,124,0.669355,0.205295,0.230786,0.106918,,,,,,,,GLOBAL_BASELINE_NO_ENTITY_RANKING,,,NOT_APPLICABLE_GLOBAL_BASELINE,HF9g-P5,,,,X 全窗基线 · 不参与实体赏罚,15054436,1506,A168_HF9F_20260827_0900,2026-08-27 09:00:00
2026-04-02,92755421,1094,0,284.1716396704,-162.3837940974,-162.3837940974,0E-7,3,3,0.50218230000000000,0.502182300000,-1.4203995680682369,-1.4203995680682369,-1.4203995680682369,0E-17,ELIGIBLE,R03b_20260811_FULL_v1,L1_ELIGIBILITY,v2026-08-11,2026-03-21..2026-08-06,baccarat_bet02_101_all_pairs_incl_sentinel,round_win = game_pnl > 0 (decisive only),COMPATIBILITY_ONLY_NOT_PRODUCTION,2500103.8841,2280641.3266,9883.8276,11764,10369,-0.00395337,-0.05088190,-0.00239824,-0.00395337,-9883.8276,2500103.8841,OK,0.0000,395.3531,4.0000,96.0000,AG03-UNRESOLVED,ALL5_LEVELS_bet23_to_bet27,395.3531,395.3531,395.3531,395.3531,395.3531,4.000000,4.000000,4.000000,4.000000,4.000000,96.000000,96.000000,96.000000,96.000000,96.000000,5.0,1976.7655,1824.8244,7907.0621,8059.0032,PENDING_AG03,FALSE,NOT_FOR_ENFORCEMENT,9488.4745,2189415.6736,9883.8276,9488.4745,395.3531,0.00395337,0.00379523,395.3531,9488.4745,0.00379523,395.3531,395.3531,395.3531,395.3531,395.3531,9488.4745,0.00379523,1976.7655,1824.8244,7907.0621,8059.0032,0.00316269,0.00322347,0.00015813,212.5216,219.9480,0.9532,119.0823,2.3972,30121.7335,124.9277,49.0469,238.9093,36.5364,75.9244,374.9013,749.8027,789.266,1183.8989,75.8035,-1.1839,10.395423,15.593133,2.799122,29,215,300,5,0.03207536,0.00395337,0.05088190,0E-8,0.000000,0.912219,0.000000,-0.04848366,2026-03-31,2026-08-01,83,4123,1621,124,0.669355,0.205295,0.230786,0.106918,,,,,,,,GLOBAL_BASELINE_NO_ENTITY_RANKING,,,NOT_APPLICABLE_GLOBAL_BASELINE,HF9g-P5,,,,X 全窗基线 · 不参与实体赏罚,15054437,1506,A168_HF9F_20260827_0900,2026-08-27 09:00:00
2026-04-02,92755421,1115,0,365.3635367190,115.6984532944,115.6984532944,0.6666667,3,3,0.50218230000000000,0.502182300000,0.5697959874915163,0.5697959874915164,0.5697959874915163,0E-17,ELIGIBLE,R03b_20260811_FULL_v1,L1_ELIGIBILITY,v2026-08-11,2026-03-21..2026-08-06,baccarat_bet02_101_all_pairs_incl_sentinel,round_win = game_pnl > 0 (decisive only),COMPATIBILITY_ONLY_NOT_PRODUCTION,2500103.8841,2280641.3266,9883.8276,11764,10369,-0.00395337,-0.05088190,-0.00239824,-0.00395337,-9883.8276,2500103.8841,OK,0.0000,395.3531,4.0000,96.0000,AG03-UNRESOLVED,ALL5_LEVELS_bet23_to_bet27,395.3531,395.3531,395.3531,395.3531,395.3531,4.000000,4.000000,4.000000,4.000000,4.000000,96.000000,96.000000,96.000000,96.000000,96.000000,5.0,1976.7655,1824.8244,7907.0621,8059.0032,PENDING_AG03,FALSE,NOT_FOR_ENFORCEMENT,9488.4745,2189415.6736,9883.8276,9488.4745,395.3531,0.00395337,0.00379523,395.3531,9488.4745,0.00379523,395.3531,395.3531,395.3531,395.3531,395.3531,9488.4745,0.00379523,1976.7655,1824.8244,7907.0621,8059.0032,0.00316269,0.00322347,0.00015813,212.5216,219.9480,0.9532,119.0823,2.3972,30121.7335,124.9277,49.0469,238.9093,36.5364,75.9244,374.9013,749.8027,789.266,1183.8989,75.8035,-1.1839,10.395423,15.593133,2.799122,29,215,300,5,0.03207536,0.00395337,0.05088190,0E-8,0.000000,0.912219,0.000000,-0.04848366,2026-03-31,2026-08-01,83,4123,1621,124,0.669355,0.205295,0.230786,0.106918,,,,,,,,GLOBAL_BASELINE_NO_ENTITY_RANKING,,,NOT_APPLICABLE_GLOBAL_BASELINE,HF9g-P5,,,,X 全窗基线 · 不参与实体赏罚,15054438,1506,A168_HF9F_20260827_0900,2026-08-27 09:00:00
2026-04-02,92755421,1151,0,162.3837940974,-162.3837940974,-162.3837940974,0E-7,2,2,0.49994810000000000,0.499948100000,-1.4140667746232096,-1.4140667746232096,-1.4140667746232096,0E-17,ELIGIBLE,R03b_20260811_FULL_v1,L1_ELIGIBILITY,v2026-08-11,2026-03-21..2026-08-06,baccarat_bet02_101_all_pairs_incl_sentinel,round_win = game_pnl > 0 (decisive only),COMPATIBILITY_ONLY_NOT_PRODUCTION,2500103.8841,2280641.3266,9883.8276,11764,10369,-0.00395337,-0.05088190,-0.00239824,-0.00395337,-9883.8276,2500103.8841,OK,0.0000,395.3531,4.0000,96.0000,AG03-UNRESOLVED,ALL5_LEVELS_bet23_to_bet27,395.3531,395.3531,395.3531,395.3531,395.3531,4.000000,4.000000,4.000000,4.000000,4.000000,96.000000,96.000000,96.000000,96.000000,96.000000,5.0,1976.7655,1824.8244,7907.0621,8059.0032,PENDING_AG03,FALSE,NOT_FOR_ENFORCEMENT,9488.4745,2189415.6736,9883.8276,9488.4745,395.3531,0.00395337,0.00379523,395.3531,9488.4745,0.00379523,395.3531,395.3531,395.3531,395.3531,395.3531,9488.4745,0.00379523,1976.7655,1824.8244,7907.0621,8059.0032,0.00316269,0.00322347,0.00015813,212.5216,219.9480,0.9532,119.0823,2.3972,30121.7335,124.9277,49.0469,238.9093,36.5364,75.9244,374.9013,749.8027,789.266,1183.8989,75.8035,-1.1839,10.395423,15.593133,2.799122,29,215,300,5,0.03207536,0.00395337,0.05088190,0E-8,0.000000,0.912219,0.000000,-0.04848366,2026-03-31,2026-08-01,83,4123,1621,124,0.669355,0.205295,0.230786,0.106918,,,,,,,,GLOBAL_BASELINE_NO_ENTITY_RANKING,,,NOT_APPLICABLE_GLOBAL_BASELINE,HF9g-P5,,,,X 全窗基线 · 不参与实体赏罚,15054439,1506,A168_HF9F_20260827_0900,2026-08-27 09:00:00
2026-04-02,92755421,1157,0,806.6414971786,303.6576949620,303.6576949620,0.7142857,10,8,0.49662834345144893,0.438133300000,1.1517607353814023,1.472577248481392,1.1517607353814023,0.05849504345144893,ELIGIBLE,R03b_20260811_FULL_v1,L1_ELIGIBILITY,v2026-08-11,2026-03-21..2026-08-06,baccarat_bet02_101_all_pairs_incl_sentinel,round_win = game_pnl > 0 (decisive only),COMPATIBILITY_ONLY_NOT_PRODUCTION,2500103.8841,2280641.3266,9883.8276,11764,10369,-0.00395337,-0.05088190,-0.00239824,-0.00395337,-9883.8276,2500103.8841,OK,0.0000,395.3531,4.0000,96.0000,AG03-UNRESOLVED,ALL5_LEVELS_bet23_to_bet27,395.3531,395.3531,395.3531,395.3531,395.3531,4.000000,4.000000,4.000000,4.000000,4.000000,96.000000,96.000000,96.000000,96.000000,96.000000,5.0,1976.7655,1824.8244,7907.0621,8059.0032,PENDING_AG03,FALSE,NOT_FOR_ENFORCEMENT,9488.4745,2189415.6736,9883.8276,9488.4745,395.3531,0.00395337,0.00379523,395.3531,9488.4745,0.00379523,395.3531,395.3531,395.3531,395.3531,395.3531,9488.4745,0.00379523,1976.7655,1824.8244,7907.0621,8059.0032,0.00316269,0.00322347,0.00015813,212.5216,219.9480,0.9532,119.0823,2.3972,30121.7335,124.9277,49.0469,238.9093,36.5364,75.9244,374.9013,749.8027,789.266,1183.8989,75.8035,-1.1839,10.395423,15.593133,2.799122,29,215,300,5,0.03207536,0.00395337,0.05088190,0E-8,0.000000,0.912219,0.000000,-0.04848366,2026-03-31,2026-08-01,83,4123,1621,124,0.669355,0.205295,0.230786,0.106918,,,,,,,,GLOBAL_BASELINE_NO_ENTITY_RANKING,,,NOT_APPLICABLE_GLOBAL_BASELINE,HF9g-P5,,,,X 全窗基线 · 不参与实体赏罚,15054440,1506,A168_HF9F_20260827_0900,2026-08-27 09:00:00
2026-04-02,92755421,1205,0,416.1084723743,-178.6221735069,-178.6221735069,0.2500000,5,4,0.49786735175440215,0.440646775000,-0.9914784259202564,-0.7680174498489967,-0.9914784259202564,0.05722057675440215,ELIGIBLE,R03b_20260811_FULL_v1,L1_ELIGIBILITY,v2026-08-11,2026-03-21..2026-08-06,baccarat_bet02_101_all_pairs_incl_sentinel,round_win = game_pnl > 0 (decisive only),COMPATIBILITY_ONLY_NOT_PRODUCTION,2500103.8841,2280641.3266,9883.8276,11764,10369,-0.00395337,-0.05088190,-0.00239824,-0.00395337,-9883.8276,2500103.8841,OK,0.0000,395.3531,4.0000,96.0000,AG03-UNRESOLVED,ALL5_LEVELS_bet23_to_bet27,395.3531,395.3531,395.3531,395.3531,395.3531,4.000000,4.000000,4.000000,4.000000,4.000000,96.000000,96.000000,96.000000,96.000000,96.000000,5.0,1976.7655,1824.8244,7907.0621,8059.0032,PENDING_AG03,FALSE,NOT_FOR_ENFORCEMENT,9488.4745,2189415.6736,9883.8276,9488.4745,395.3531,0.00395337,0.00379523,395.3531,9488.4745,0.00379523,395.3531,395.3531,395.3531,395.3531,395.3531,9488.4745,0.00379523,1976.7655,1824.8244,7907.0621,8059.0032,0.00316269,0.00322347,0.00015813,212.5216,219.9480,0.9532,119.0823,2.3972,30121.7335,124.9277,49.0469,238.9093,36.5364,75.9244,374.9013,749.8027,789.266,1183.8989,75.8035,-1.1839,10.395423,15.593133,2.799122,29,215,300,5,0.03207536,0.00395337,0.05088190,0E-8,0.000000,0.912219,0.000000,-0.04848366,2026-03-31,2026-08-01,83,4123,1621,124,0.669355,0.205295,0.230786,0.106918,,,,,,,,GLOBAL_BASELINE_NO_ENTITY_RANKING,,,NOT_APPLICABLE_GLOBAL_BASELINE,HF9g-P5,,,,X 全窗基线 · 不参与实体赏罚,15054441,1506,A168_HF9F_20260827_0900,2026-08-27 09:00:00
2026-04-02,92755421,1210,0,474.9725977348,-1E-10,-1E-10,0.5000000,6,6,0.49994810000000000,0.499948100000,0.00025425703667063243,0.00025425703667063243,0.00025425703667063243,0E-17,ELIGIBLE,R03b_20260811_FULL_v1,L1_ELIGIBILITY,v2026-08-11,2026-03-21..2026-08-06,baccarat_bet02_101_all_pairs_incl_sentinel,round_win = game_pnl > 0 (decisive only),COMPATIBILITY_ONLY_NOT_PRODUCTION,2500103.8841,2280641.3266,9883.8276,11764,10369,-0.00395337,-0.05088190,-0.00239824,-0.00395337,-9883.8276,2500103.8841,OK,0.0000,395.3531,4.0000,96.0000,AG03-UNRESOLVED,ALL5_LEVELS_bet23_to_bet27,395.3531,395.3531,395.3531,395.3531,395.3531,4.000000,4.000000,4.000000,4.000000,4.000000,96.000000,96.000000,96.000000,96.000000,96.000000,5.0,1976.7655,1824.8244,7907.0621,8059.0032,PENDING_AG03,FALSE,NOT_FOR_ENFORCEMENT,9488.4745,2189415.6736,9883.8276,9488.4745,395.3531,0.00395337,0.00379523,395.3531,9488.4745,0.00379523,395.3531,395.3531,395.3531,395.3531,395.3531,9488.4745,0.00379523,1976.7655,1824.8244,7907.0621,8059.0032,0.00316269,0.00322347,0.00015813,212.5216,219.9480,0.9532,119.0823,2.3972,30121.7335,124.9277,49.0469,238.9093,36.5364,75.9244,374.9013,749.8027,789.266,1183.8989,75.8035,-1.1839,10.395423,15.593133,2.799122,29,215,300,5,0.03207536,0.00395337,0.05088190,0E-8,0.000000,0.912219,0.000000,-0.04848366,2026-03-31,2026-08-01,83,4123,1621,124,0.669355,0.205295,0.230786,0.106918,,,,,,,,GLOBAL_BASELINE_NO_ENTITY_RANKING,,,NOT_APPLICABLE_GLOBAL_BASELINE,HF9g-P5,,,,X 全窗基线 · 不参与实体赏罚,15054442,1506,A168_HF9F_20260827_0900,2026-08-27 09:00:00
2026-04-02,92755421,1299,0,724.6376811592,1E-10,1E-10,0.4285714,9,7,0.49703630869484352,0.432175157143,-0.3622884570495115,-0.019247042222518135,-0.3622884570495115,0.06486115155184352,ELIGIBLE,R03b_20260811_FULL_v1,L1_ELIGIBILITY,v2026-08-11,2026-03-21..2026-08-06,baccarat_bet02_101_all_pairs_incl_sentinel,round_win = game_pnl > 0 (decisive only),COMPATIBILITY_ONLY_NOT_PRODUCTION,2500103.8841,2280641.3266,9883.8276,11764,10369,-0.00395337,-0.05088190,-0.00239824,-0.00395337,-9883.8276,2500103.8841,OK,0.0000,395.3531,4.0000,96.0000,AG03-UNRESOLVED,ALL5_LEVELS_bet23_to_bet27,395.3531,395.3531,395.3531,395.3531,395.3531,4.000000,4.000000,4.000000,4.000000,4.000000,96.000000,96.000000,96.000000,96.000000,96.000000,5.0,1976.7655,1824.8244,7907.0621,8059.0032,PENDING_AG03,FALSE,NOT_FOR_ENFORCEMENT,9488.4745,2189415.6736,9883.8276,9488.4745,395.3531,0.00395337,0.00379523,395.3531,9488.4745,0.00379523,395.3531,395.3531,395.3531,395.3531,395.3531,9488.4745,0.00379523,1976.7655,1824.8244,7907.0621,8059.0032,0.00316269,0.00322347,0.00015813,212.5216,219.9480,0.9532,119.0823,2.3972,30121.7335,124.9277,49.0469,238.9093,36.5364,75.9244,374.9013,749.8027,789.266,1183.8989,75.8035,-1.1839,10.395423,15.593133,2.799122,29,215,300,5,0.03207536,0.00395337,0.05088190,0E-8,0.000000,0.912219,0.000000,-0.04848366,2026-03-31,2026-08-01,83,4123,1621,124,0.669355,0.205295,0.230786,0.106918,,,,,,,,GLOBAL_BASELINE_NO_ENTITY_RANKING,,,NOT_APPLICABLE_GLOBAL_BASELINE,HF9g-P5,,,,X 全窗基线 · 不参与实体赏罚,15054443,1506,A168_HF9F_20260827_0900,2026-08-27 09:00:00
2026-04-02,92755421,1304,0,893.1108675352,66.9833150653,66.9833150653,0.5000000,12,8,0.49340417902092021,0.380507625000,0.03731484482944198,0.6961222608336307,0.03731484482944198,0.11289655402092021,ELIGIBLE,R03b_20260811_FULL_v1,L1_ELIGIBILITY,v2026-08-11,2026-03-21..2026-08-06,baccarat_bet02_101_all_pairs_incl_sentinel,round_win = game_pnl > 0 (decisive only),COMPATIBILITY_ONLY_NOT_PRODUCTION,2500103.8841,2280641.3266,9883.8276,11764,10369,-0.00395337,-0.05088190,-0.00239824,-0.00395337,-9883.8276,2500103.8841,OK,0.0000,395.3531,4.0000,96.0000,AG03-UNRESOLVED,ALL5_LEVELS_bet23_to_bet27,395.3531,395.3531,395.3531,395.3531,395.3531,4.000000,4.000000,4.000000,4.000000,4.000000,96.000000,96.000000,96.000000,96.000000,96.000000,5.0,1976.7655,1824.8244,7907.0621,8059.0032,PENDING_AG03,FALSE,NOT_FOR_ENFORCEMENT,9488.4745,2189415.6736,9883.8276,9488.4745,395.3531,0.00395337,0.00379523,395.3531,9488.4745,0.00379523,395.3531,395.3531,395.3531,395.3531,395.3531,9488.4745,0.00379523,1976.7655,1824.8244,7907.0621,8059.0032,0.00316269,0.00322347,0.00015813,212.5216,219.9480,0.9532,119.0823,2.3972,30121.7335,124.9277,49.0469,238.9093,36.5364,75.9244,374.9013,749.8027,789.266,1183.8989,75.8035,-1.1839,10.395423,15.593133,2.799122,29,215,300,5,0.03207536,0.00395337,0.05088190,0E-8,0.000000,0.912219,0.000000,-0.04848366,2026-03-31,2026-08-01,83,4123,1621,124,0.669355,0.205295,0.230786,0.106918,,,,,,,,GLOBAL_BASELINE_NO_ENTITY_RANKING,,,NOT_APPLICABLE_GLOBAL_BASELINE,HF9g-P5,,,,X 全窗基线 · 不参与实体赏罚,15054444,1506,A168_HF9F_20260827_0900,2026-08-27 09:00:00
2026-04-02,92755421,1306,0,769.2932245361,-85.0485121584,-85.0485121584,0.5000000,9,8,0.50058337587720108,0.471973087500,-0.0033000745562087193,0.1587938229236814,-0.0033000745562087193,0.02861028837720108,ELIGIBLE,R03b_20260811_FULL_v1,L1_ELIGIBILITY,v2026-08-11,2026-03-21..2026-08-06,baccarat_bet02_101_all_pairs_incl_sentinel,round_win = game_pnl > 0 (decisive only),COMPATIBILITY_ONLY_NOT_PRODUCTION,2500103.8841,2280641.3266,9883.8276,11764,10369,-0.00395337,-0.05088190,-0.00239824,-0.00395337,-9883.8276,2500103.8841,OK,0.0000,395.3531,4.0000,96.0000,AG03-UNRESOLVED,ALL5_LEVELS_bet23_to_bet27,395.3531,395.3531,395.3531,395.3531,395.3531,4.000000,4.000000,4.000000,4.000000,4.000000,96.000000,96.000000,96.000000,96.000000,96.000000,5.0,1976.7655,1824.8244,7907.0621,8059.0032,PENDING_AG03,FALSE,NOT_FOR_ENFORCEMENT,9488.4745,2189415.6736,9883.8276,9488.4745,395.3531,0.00395337,0.00379523,395.3531,9488.4745,0.00379523,395.3531,395.3531,395.3531,395.3531,395.3531,9488.4745,0.00379523,1976.7655,1824.8244,7907.0621,8059.0032,0.00316269,0.00322347,0.00015813,212.5216,219.9480,0.9532,119.0823,2.3972,30121.7335,124.9277,49.0469,238.9093,36.5364,75.9244,374.9013,749.8027,789.266,1183.8989,75.8035,-1.1839,10.395423,15.593133,2.799122,29,215,300,5,0.03207536,0.00395337,0.05088190,0E-8,0.000000,0.912219,0.000000,-0.04848366,2026-03-31,2026-08-01,83,4123,1621,124,0.669355,0.205295,0.230786,0.106918,,,,,,,,GLOBAL_BASELINE_NO_ENTITY_RANKING,,,NOT_APPLICABLE_GLOBAL_BASELINE,HF9g-P5,,,,X 全窗基线 · 不参与实体赏罚,15054445,1506,A168_HF9F_20260827_0900,2026-08-27 09:00:00
2026-04-02,92755421,1318,0,304.4696139325,-304.4696139325,-304.4696139325,0E-7,3,3,0.50218230000000000,0.502182300000,-1.7396270863184011,-1.7396270863184016,-1.7396270863184011,0E-17,ELIGIBLE,R03b_20260811_FULL_v1,L1_ELIGIBILITY,v2026-08-11,2026-03-21..2026-08-06,baccarat_bet02_101_all_pairs_incl_sentinel,round_win = game_pnl > 0 (decisive only),COMPATIBILITY_ONLY_NOT_PRODUCTION,2500103.8841,2280641.3266,9883.8276,11764,10369,-0.00395337,-0.05088190,-0.00239824,-0.00395337,-9883.8276,2500103.8841,OK,0.0000,395.3531,4.0000,96.0000,AG03-UNRESOLVED,ALL5_LEVELS_bet23_to_bet27,395.3531,395.3531,395.3531,395.3531,395.3531,4.000000,4.000000,4.000000,4.000000,4.000000,96.000000,96.000000,96.000000,96.000000,96.000000,5.0,1976.7655,1824.8244,7907.0621,8059.0032,PENDING_AG03,FALSE,NOT_FOR_ENFORCEMENT,9488.4745,2189415.6736,9883.8276,9488.4745,395.3531,0.00395337,0.00379523,395.3531,9488.4745,0.00379523,395.3531,395.3531,395.3531,395.3531,395.3531,9488.4745,0.00379523,1976.7655,1824.8244,7907.0621,8059.0032,0.00316269,0.00322347,0.00015813,212.5216,219.9480,0.9532,119.0823,2.3972,30121.7335,124.9277,49.0469,238.9093,36.5364,75.9244,374.9013,749.8027,789.266,1183.8989,75.8035,-1.1839,10.395423,15.593133,2.799122,29,215,300,5,0.03207536,0.00395337,0.05088190,0E-8,0.000000,0.912219,0.000000,-0.04848366,2026-03-31,2026-08-01,83,4123,1621,124,0.669355,0.205295,0.230786,0.106918,,,,,,,,GLOBAL_BASELINE_NO_ENTITY_RANKING,,,NOT_APPLICABLE_GLOBAL_BASELINE,HF9g-P5,,,,X 全窗基线 · 不参与实体赏罚,15054446,1506,A168_HF9F_20260827_0900,2026-08-27 09:00:00
2026-04-02,92755421,1323,0,702.3099094710,-73.0727073439,-73.0727073439,0.5000000,8,8,0.49994810000000000,0.499948100000,0.00029359073713029245,0.00029359073713029245,0.00029359073713029245,0E-17,ELIGIBLE,R03b_20260811_FULL_v1,L1_ELIGIBILITY,v2026-08-11,2026-03-21..2026-08-06,baccarat_bet02_101_all_pairs_incl_sentinel,round_win = game_pnl > 0 (decisive only),COMPATIBILITY_ONLY_NOT_PRODUCTION,2500103.8841,2280641.3266,9883.8276,11764,10369,-0.00395337,-0.05088190,-0.00239824,-0.00395337,-9883.8276,2500103.8841,OK,0.0000,395.3531,4.0000,96.0000,AG03-UNRESOLVED,ALL5_LEVELS_bet23_to_bet27,395.3531,395.3531,395.3531,395.3531,395.3531,4.000000,4.000000,4.000000,4.000000,4.000000,96.000000,96.000000,96.000000,96.000000,96.000000,5.0,1976.7655,1824.8244,7907.0621,8059.0032,PENDING_AG03,FALSE,NOT_FOR_ENFORCEMENT,9488.4745,2189415.6736,9883.8276,9488.4745,395.3531,0.00395337,0.00379523,395.3531,9488.4745,0.00379523,395.3531,395.3531,395.3531,395.3531,395.3531,9488.4745,0.00379523,1976.7655,1824.8244,7907.0621,8059.0032,0.00316269,0.00322347,0.00015813,212.5216,219.9480,0.9532,119.0823,2.3972,30121.7335,124.9277,49.0469,238.9093,36.5364,75.9244,374.9013,749.8027,789.266,1183.8989,75.8035,-1.1839,10.395423,15.593133,2.799122,29,215,300,5,0.03207536,0.00395337,0.05088190,0E-8,0.000000,0.912219,0.000000,-0.04848366,2026-03-31,2026-08-01,83,4123,1621,124,0.669355,0.205295,0.230786,0.106918,,,,,,,,GLOBAL_BASELINE_NO_ENTITY_RANKING,,,NOT_APPLICABLE_GLOBAL_BASELINE,HF9g-P5,,,,X 全窗基线 · 不参与实体赏罚,15054447,1506,A168_HF9F_20260827_0900,2026-08-27 09:00:00
2026-04-02,92755421,1331,0,608.9392278650,121.7878455730,121.7878455730,0.6666667,5,5,0.49592654000000000,0.495926540000,0.5914807778519792,0.5914807778519792,0.5914807778519792,0E-17,ELIGIBLE,R03b_20260811_FULL_v1,L1_ELIGIBILITY,v2026-08-11,2026-03-21..2026-08-06,baccarat_bet02_101_all_pairs_incl_sentinel,round_win = game_pnl > 0 (decisive only),COMPATIBILITY_ONLY_NOT_PRODUCTION,2500103.8841,2280641.3266,9883.8276,11764,10369,-0.00395337,-0.05088190,-0.00239824,-0.00395337,-9883.8276,2500103.8841,OK,0.0000,395.3531,4.0000,96.0000,AG03-UNRESOLVED,ALL5_LEVELS_bet23_to_bet27,395.3531,395.3531,395.3531,395.3531,395.3531,4.000000,4.000000,4.000000,4.000000,4.000000,96.000000,96.000000,96.000000,96.000000,96.000000,5.0,1976.7655,1824.8244,7907.0621,8059.0032,PENDING_AG03,FALSE,NOT_FOR_ENFORCEMENT,9488.4745,2189415.6736,9883.8276,9488.4745,395.3531,0.00395337,0.00379523,395.3531,9488.4745,0.00379523,395.3531,395.3531,395.3531,395.3531,395.3531,9488.4745,0.00379523,1976.7655,1824.8244,7907.0621,8059.0032,0.00316269,0.00322347,0.00015813,212.5216,219.9480,0.9532,119.0823,2.3972,30121.7335,124.9277,49.0469,238.9093,36.5364,75.9244,374.9013,749.8027,789.266,1183.8989,75.8035,-1.1839,10.395423,15.593133,2.799122,29,215,300,5,0.03207536,0.00395337,0.05088190,0E-8,0.000000,0.912219,0.000000,-0.04848366,2026-03-31,2026-08-01,83,4123,1621,124,0.669355,0.205295,0.230786,0.106918,,,,,,,,GLOBAL_BASELINE_NO_ENTITY_RANKING,,,NOT_APPLICABLE_GLOBAL_BASELINE,HF9g-P5,,,,X 全窗基线 · 不参与实体赏罚,15054448,1506,A168_HF9F_20260827_0900,2026-08-27 09:00:00
2026-04-02,92755421,1382,0,684.0417326350,-4.0595948523,-4.0595948523,0.5000000,8,7,0.49588655814537266,0.463189085714,0.020152349244206138,0.18082663566702695,0.020152349244206138,0.03269747243137266,ELIGIBLE,R03b_20260811_FULL_v1,L1_ELIGIBILITY,v2026-08-11,2026-03-21..2026-08-06,baccarat_bet02_101_all_pairs_incl_sentinel,round_win = game_pnl > 0 (decisive only),COMPATIBILITY_ONLY_NOT_PRODUCTION,2500103.8841,2280641.3266,9883.8276,11764,10369,-0.00395337,-0.05088190,-0.00239824,-0.00395337,-9883.8276,2500103.8841,OK,0.0000,395.3531,4.0000,96.0000,AG03-UNRESOLVED,ALL5_LEVELS_bet23_to_bet27,395.3531,395.3531,395.3531,395.3531,395.3531,4.000000,4.000000,4.000000,4.000000,4.000000,96.000000,96.000000,96.000000,96.000000,96.000000,5.0,1976.7655,1824.8244,7907.0621,8059.0032,PENDING_AG03,FALSE,NOT_FOR_ENFORCEMENT,9488.4745,2189415.6736,9883.8276,9488.4745,395.3531,0.00395337,0.00379523,395.3531,9488.4745,0.00379523,395.3531,395.3531,395.3531,395.3531,395.3531,9488.4745,0.00379523,1976.7655,1824.8244,7907.0621,8059.0032,0.00316269,0.00322347,0.00015813,212.5216,219.9480,0.9532,119.0823,2.3972,30121.7335,124.9277,49.0469,238.9093,36.5364,75.9244,374.9013,749.8027,789.266,1183.8989,75.8035,-1.1839,10.395423,15.593133,2.799122,29,215,300,5,0.03207536,0.00395337,0.05088190,0E-8,0.000000,0.912219,0.000000,-0.04848366,2026-03-31,2026-08-01,83,4123,1621,124,0.669355,0.205295,0.230786,0.106918,,,,,,,,GLOBAL_BASELINE_NO_ENTITY_RANKING,,,NOT_APPLICABLE_GLOBAL_BASELINE,HF9g-P5,,,,X 全窗基线 · 不参与实体赏罚,15054449,1506,A168_HF9F_20260827_0900,2026-08-27 09:00:00
2026-04-02,92755421,1384,0,322.7377907683,6.0893922787,6.0893922787,0.3333333,6,3,0.48664970962135282,0.260508600000,-0.5312929254378023,0.287383569070167,-0.5312929254378023,0.22614110962135282,ELIGIBLE,R03b_20260811_FULL_v1,L1_ELIGIBILITY,v2026-08-11,2026-03-21..2026-08-06,baccarat_bet02_101_all_pairs_incl_sentinel,round_win = game_pnl > 0 (decisive only),COMPATIBILITY_ONLY_NOT_PRODUCTION,2500103.8841,2280641.3266,9883.8276,11764,10369,-0.00395337,-0.05088190,-0.00239824,-0.00395337,-9883.8276,2500103.8841,OK,0.0000,395.3531,4.0000,96.0000,AG03-UNRESOLVED,ALL5_LEVELS_bet23_to_bet27,395.3531,395.3531,395.3531,395.3531,395.3531,4.000000,4.000000,4.000000,4.000000,4.000000,96.000000,96.000000,96.000000,96.000000,96.000000,5.0,1976.7655,1824.8244,7907.0621,8059.0032,PENDING_AG03,FALSE,NOT_FOR_ENFORCEMENT,9488.4745,2189415.6736,9883.8276,9488.4745,395.3531,0.00395337,0.00379523,395.3531,9488.4745,0.00379523,395.3531,395.3531,395.3531,395.3531,395.3531,9488.4745,0.00379523,1976.7655,1824.8244,7907.0621,8059.0032,0.00316269,0.00322347,0.00015813,212.5216,219.9480,0.9532,119.0823,2.3972,30121.7335,124.9277,49.0469,238.9093,36.5364,75.9244,374.9013,749.8027,789.266,1183.8989,75.8035,-1.1839,10.395423,15.593133,2.799122,29,215,300,5,0.03207536,0.00395337,0.05088190,0E-8,0.000000,0.912219,0.000000,-0.04848366,2026-03-31,2026-08-01,83,4123,1621,124,0.669355,0.205295,0.230786,0.106918,,,,,,,,GLOBAL_BASELINE_NO_ENTITY_RANKING,,,NOT_APPLICABLE_GLOBAL_BASELINE,HF9g-P5,,,,X 全窗基线 · 不参与实体赏罚,15054450,1506,A168_HF9F_20260827_0900,2026-08-27 09:00:00
2026-04-02,92755421,1385,0,365.3635367190,-121.7878455730,-121.7878455730,0.3333333,3,3,0.50218230000000000,0.502182300000,-0.5849155494134425,-0.5849155494134426,-0.5849155494134425,0E-17,ELIGIBLE,R03b_20260811_FULL_v1,L1_ELIGIBILITY,v2026-08-11,2026-03-21..2026-08-06,baccarat_bet02_101_all_pairs_incl_sentinel,round_win = game_pnl > 0 (decisive only),COMPATIBILITY_ONLY_NOT_PRODUCTION,2500103.8841,2280641.3266,9883.8276,11764,10369,-0.00395337,-0.05088190,-0.00239824,-0.00395337,-9883.8276,2500103.8841,OK,0.0000,395.3531,4.0000,96.0000,AG03-UNRESOLVED,ALL5_LEVELS_bet23_to_bet27,395.3531,395.3531,395.3531,395.3531,395.3531,4.000000,4.000000,4.000000,4.000000,4.000000,96.000000,96.000000,96.000000,96.000000,96.000000,5.0,1976.7655,1824.8244,7907.0621,8059.0032,PENDING_AG03,FALSE,NOT_FOR_ENFORCEMENT,9488.4745,2189415.6736,9883.8276,9488.4745,395.3531,0.00395337,0.00379523,395.3531,9488.4745,0.00379523,395.3531,395.3531,395.3531,395.3531,395.3531,9488.4745,0.00379523,1976.7655,1824.8244,7907.0621,8059.0032,0.00316269,0.00322347,0.00015813,212.5216,219.9480,0.9532,119.0823,2.3972,30121.7335,124.9277,49.0469,238.9093,36.5364,75.9244,374.9013,749.8027,789.266,1183.8989,75.8035,-1.1839,10.395423,15.593133,2.799122,29,215,300,5,0.03207536,0.00395337,0.05088190,0E-8,0.000000,0.912219,0.000000,-0.04848366,2026-03-31,2026-08-01,83,4123,1621,124,0.669355,0.205295,0.230786,0.106918,,,,,,,,GLOBAL_BASELINE_NO_ENTITY_RANKING,,,NOT_APPLICABLE_GLOBAL_BASELINE,HF9g-P5,,,,X 全窗基线 · 不参与实体赏罚,15054451,1506,A168_HF9F_20260827_0900,2026-08-27 09:00:00
2026-04-02,92755421,1399,0,359.2741444403,349.1251573093,349.1251573093,1.0000000,4,3,0.49493956900586953,0.418645466667,1.749670268022744,2.0410702972324124,1.749670268022744,0.07629410233886953,ELIGIBLE,R03b_20260811_FULL_v1,L1_ELIGIBILITY,v2026-08-11,2026-03-21..2026-08-06,baccarat_bet02_101_all_pairs_incl_sentinel,round_win = game_pnl > 0 (decisive only),COMPATIBILITY_ONLY_NOT_PRODUCTION,2500103.8841,2280641.3266,9883.8276,11764,10369,-0.00395337,-0.05088190,-0.00239824,-0.00395337,-9883.8276,2500103.8841,OK,0.0000,395.3531,4.0000,96.0000,AG03-UNRESOLVED,ALL5_LEVELS_bet23_to_bet27,395.3531,395.3531,395.3531,395.3531,395.3531,4.000000,4.000000,4.000000,4.000000,4.000000,96.000000,96.000000,96.000000,96.000000,96.000000,5.0,1976.7655,1824.8244,7907.0621,8059.0032,PENDING_AG03,FALSE,NOT_FOR_ENFORCEMENT,9488.4745,2189415.6736,9883.8276,9488.4745,395.3531,0.00395337,0.00379523,395.3531,9488.4745,0.00379523,395.3531,395.3531,395.3531,395.3531,395.3531,9488.4745,0.00379523,1976.7655,1824.8244,7907.0621,8059.0032,0.00316269,0.00322347,0.00015813,212.5216,219.9480,0.9532,119.0823,2.3972,30121.7335,124.9277,49.0469,238.9093,36.5364,75.9244,374.9013,749.8027,789.266,1183.8989,75.8035,-1.1839,10.395423,15.593133,2.799122,29,215,300,5,0.03207536,0.00395337,0.05088190,0E-8,0.000000,0.912219,0.000000,-0.04848366,2026-03-31,2026-08-01,83,4123,1621,124,0.669355,0.205295,0.230786,0.106918,,,,,,,,GLOBAL_BASELINE_NO_ENTITY_RANKING,,,NOT_APPLICABLE_GLOBAL_BASELINE,HF9g-P5,,,,X 全窗基线 · 不参与实体赏罚,15054452,1506,A168_HF9F_20260827_0900,2026-08-27 09:00:00
2026-04-02,92755421,1400,0,601.2259976454,-142.0858198352,-142.0858198352,0.4000000,7,5,0.49765369939780178,0.405065980000,-0.43672542869957687,-0.023075503512721692,-0.43672542869957687,0.09258771939780178,ELIGIBLE,R03b_20260811_FULL_v1,L1_ELIGIBILITY,v2026-08-11,2026-03-21..2026-08-06,baccarat_bet02_101_all_pairs_incl_sentinel,round_win = game_pnl > 0 (decisive only),COMPATIBILITY_ONLY_NOT_PRODUCTION,2500103.8841,2280641.3266,9883.8276,11764,10369,-0.00395337,-0.05088190,-0.00239824,-0.00395337,-9883.8276,2500103.8841,OK,0.0000,395.3531,4.0000,96.0000,AG03-UNRESOLVED,ALL5_LEVELS_bet23_to_bet27,395.3531,395.3531,395.3531,395.3531,395.3531,4.000000,4.000000,4.000000,4.000000,4.000000,96.000000,96.000000,96.000000,96.000000,96.000000,5.0,1976.7655,1824.8244,7907.0621,8059.0032,PENDING_AG03,FALSE,NOT_FOR_ENFORCEMENT,9488.4745,2189415.6736,9883.8276,9488.4745,395.3531,0.00395337,0.00379523,395.3531,9488.4745,0.00379523,395.3531,395.3531,395.3531,395.3531,395.3531,9488.4745,0.00379523,1976.7655,1824.8244,7907.0621,8059.0032,0.00316269,0.00322347,0.00015813,212.5216,219.9480,0.9532,119.0823,2.3972,30121.7335,124.9277,49.0469,238.9093,36.5364,75.9244,374.9013,749.8027,789.266,1183.8989,75.8035,-1.1839,10.395423,15.593133,2.799122,29,215,300,5,0.03207536,0.00395337,0.05088190,0E-8,0.000000,0.912219,0.000000,-0.04848366,2026-03-31,2026-08-01,83,4123,1621,124,0.669355,0.205295,0.230786,0.106918,,,,,,,,GLOBAL_BASELINE_NO_ENTITY_RANKING,,,NOT_APPLICABLE_GLOBAL_BASELINE,HF9g-P5,,,,X 全窗基线 · 不参与实体赏罚,15054453,1506,A168_HF9F_20260827_0900,2026-08-27 09:00:00
2026-04-02,92755421,1401,0,81.1918970487,81.1918970487,81.1918970487,1.0000000,1,1,0.49324550000000000,0.493245500000,1.01360149184955,1.01360149184955,1.01360149184955,0E-17,ELIGIBLE,R03b_20260811_FULL_v1,L1_ELIGIBILITY,v2026-08-11,2026-03-21..2026-08-06,baccarat_bet02_101_all_pairs_incl_sentinel,round_win = game_pnl > 0 (decisive only),COMPATIBILITY_ONLY_NOT_PRODUCTION,2500103.8841,2280641.3266,9883.8276,11764,10369,-0.00395337,-0.05088190,-0.00239824,-0.00395337,-9883.8276,2500103.8841,OK,0.0000,395.3531,4.0000,96.0000,AG03-UNRESOLVED,ALL5_LEVELS_bet23_to_bet27,395.3531,395.3531,395.3531,395.3531,395.3531,4.000000,4.000000,4.000000,4.000000,4.000000,96.000000,96.000000,96.000000,96.000000,96.000000,5.0,1976.7655,1824.8244,7907.0621,8059.0032,PENDING_AG03,FALSE,NOT_FOR_ENFORCEMENT,9488.4745,2189415.6736,9883.8276,9488.4745,395.3531,0.00395337,0.00379523,395.3531,9488.4745,0.00379523,395.3531,395.3531,395.3531,395.3531,395.3531,9488.4745,0.00379523,1976.7655,1824.8244,7907.0621,8059.0032,0.00316269,0.00322347,0.00015813,212.5216,219.9480,0.9532,119.0823,2.3972,30121.7335,124.9277,49.0469,238.9093,36.5364,75.9244,374.9013,749.8027,789.266,1183.8989,75.8035,-1.1839,10.395423,15.593133,2.799122,29,215,300,5,0.03207536,0.00395337,0.05088190,0E-8,0.000000,0.912219,0.000000,-0.04848366,2026-03-31,2026-08-01,83,4123,1621,124,0.669355,0.205295,0.230786,0.106918,,,,,,,,GLOBAL_BASELINE_NO_ENTITY_RANKING,,,NOT_APPLICABLE_GLOBAL_BASELINE,HF9g-P5,,,,X 全窗基线 · 不参与实体赏罚,15054454,1506,A168_HF9F_20260827_0900,2026-08-27 09:00:00
2026-04-02,92755421,1402,0,81.5978565339,-81.5978565339,-81.5978565339,0E-7,1,1,0.49324550000000000,0.493245500000,-0.9865810262130424,-0.9865810262130424,-0.9865810262130424,0E-17,ELIGIBLE,R03b_20260811_FULL_v1,L1_ELIGIBILITY,v2026-08-11,2026-03-21..2026-08-06,baccarat_bet02_101_all_pairs_incl_sentinel,round_win = game_pnl > 0 (decisive only),COMPATIBILITY_ONLY_NOT_PRODUCTION,2500103.8841,2280641.3266,9883.8276,11764,10369,-0.00395337,-0.05088190,-0.00239824,-0.00395337,-9883.8276,2500103.8841,OK,0.0000,395.3531,4.0000,96.0000,AG03-UNRESOLVED,ALL5_LEVELS_bet23_to_bet27,395.3531,395.3531,395.3531,395.3531,395.3531,4.000000,4.000000,4.000000,4.000000,4.000000,96.000000,96.000000,96.000000,96.000000,96.000000,5.0,1976.7655,1824.8244,7907.0621,8059.0032,PENDING_AG03,FALSE,NOT_FOR_ENFORCEMENT,9488.4745,2189415.6736,9883.8276,9488.4745,395.3531,0.00395337,0.00379523,395.3531,9488.4745,0.00379523,395.3531,395.3531,395.3531,395.3531,395.3531,9488.4745,0.00379523,1976.7655,1824.8244,7907.0621,8059.0032,0.00316269,0.00322347,0.00015813,212.5216,219.9480,0.9532,119.0823,2.3972,30121.7335,124.9277,49.0469,238.9093,36.5364,75.9244,374.9013,749.8027,789.266,1183.8989,75.8035,-1.1839,10.395423,15.593133,2.799122,29,215,300,5,0.03207536,0.00395337,0.05088190,0E-8,0.000000,0.912219,0.000000,-0.04848366,2026-03-31,2026-08-01,83,4123,1621,124,0.669355,0.205295,0.230786,0.106918,,,,,,,,GLOBAL_BASELINE_NO_ENTITY_RANKING,,,NOT_APPLICABLE_GLOBAL_BASELINE,HF9g-P5,,,,X 全窗基线 · 不参与实体赏罚,15054455,1506,A168_HF9F_20260827_0900,2026-08-27 09:00:00
2026-04-02,92755421,1405,0,1265.3757155031,690.3341046565,690.3341046565,0.7272727,17,11,0.49165664412092844,0.368126081818,1.5631179221660054,2.4697594055361005,1.5631179221660054,0.12353056230292844,ELIGIBLE,R03b_20260811_FULL_v1,L1_ELIGIBILITY,v2026-08-11,2026-03-21..2026-08-06,baccarat_bet02_101_all_pairs_incl_sentinel,round_win = game_pnl > 0 (decisive only),COMPATIBILITY_ONLY_NOT_PRODUCTION,2500103.8841,2280641.3266,9883.8276,11764,10369,-0.00395337,-0.05088190,-0.00239824,-0.00395337,-9883.8276,2500103.8841,OK,0.0000,395.3531,4.0000,96.0000,AG03-UNRESOLVED,ALL5_LEVELS_bet23_to_bet27,395.3531,395.3531,395.3531,395.3531,395.3531,4.000000,4.000000,4.000000,4.000000,4.000000,96.000000,96.000000,96.000000,96.000000,96.000000,5.0,1976.7655,1824.8244,7907.0621,8059.0032,PENDING_AG03,FALSE,NOT_FOR_ENFORCEMENT,9488.4745,2189415.6736,9883.8276,9488.4745,395.3531,0.00395337,0.00379523,395.3531,9488.4745,0.00379523,395.3531,395.3531,395.3531,395.3531,395.3531,9488.4745,0.00379523,1976.7655,1824.8244,7907.0621,8059.0032,0.00316269,0.00322347,0.00015813,212.5216,219.9480,0.9532,119.0823,2.3972,30121.7335,124.9277,49.0469,238.9093,36.5364,75.9244,374.9013,749.8027,789.266,1183.8989,75.8035,-1.1839,10.395423,15.593133,2.799122,29,215,300,5,0.03207536,0.00395337,0.05088190,0E-8,0.000000,0.912219,0.000000,-0.04848366,2026-03-31,2026-08-01,83,4123,1621,124,0.669355,0.205295,0.230786,0.106918,,,,,,,,GLOBAL_BASELINE_NO_ENTITY_RANKING,,,NOT_APPLICABLE_GLOBAL_BASELINE,HF9g-P5,,,,X 全窗基线 · 不参与实体赏罚,15054456,1506,A168_HF9F_20260827_0900,2026-08-27 09:00:00
2026-04-02,92755421,1490,0,1083.9118255996,357.6503064994,357.6503064994,0.6666667,17,13,0.49515537564879538,0.427993023077,1.1883208624645336,1.6709985706079926,1.1883208624645336,0.06716235257179538,ELIGIBLE,R03b_20260811_FULL_v1,L1_ELIGIBILITY,v2026-08-11,2026-03-21..2026-08-06,baccarat_bet02_101_all_pairs_incl_sentinel,round_win = game_pnl > 0 (decisive only),COMPATIBILITY_ONLY_NOT_PRODUCTION,2500103.8841,2280641.3266,9883.8276,11764,10369,-0.00395337,-0.05088190,-0.00239824,-0.00395337,-9883.8276,2500103.8841,OK,0.0000,395.3531,4.0000,96.0000,AG03-UNRESOLVED,ALL5_LEVELS_bet23_to_bet27,395.3531,395.3531,395.3531,395.3531,395.3531,4.000000,4.000000,4.000000,4.000000,4.000000,96.000000,96.000000,96.000000,96.000000,96.000000,5.0,1976.7655,1824.8244,7907.0621,8059.0032,PENDING_AG03,FALSE,NOT_FOR_ENFORCEMENT,9488.4745,2189415.6736,9883.8276,9488.4745,395.3531,0.00395337,0.00379523,395.3531,9488.4745,0.00379523,395.3531,395.3531,395.3531,395.3531,395.3531,9488.4745,0.00379523,1976.7655,1824.8244,7907.0621,8059.0032,0.00316269,0.00322347,0.00015813,212.5216,219.9480,0.9532,119.0823,2.3972,30121.7335,124.9277,49.0469,238.9093,36.5364,75.9244,374.9013,749.8027,789.266,1183.8989,75.8035,-1.1839,10.395423,15.593133,2.799122,29,215,300,5,0.03207536,0.00395337,0.05088190,0E-8,0.000000,0.912219,0.000000,-0.04848366,2026-03-31,2026-08-01,83,4123,1621,124,0.669355,0.205295,0.230786,0.106918,,,,,,,,GLOBAL_BASELINE_NO_ENTITY_RANKING,,,NOT_APPLICABLE_GLOBAL_BASELINE,HF9g-P5,,,,X 全窗基线 · 不参与实体赏罚,15054457,1506,A168_HF9F_20260827_0900,2026-08-27 09:00:00
2026-04-02,92755421,1507,0,917.4684366501,-202.9797426218,-202.9797426218,0.4444444,10,10,0.49994810000000000,0.499948100000,-0.33302193512739575,-0.33302193512739575,-0.33302193512739575,0E-17,ELIGIBLE,R03b_20260811_FULL_v1,L1_ELIGIBILITY,v2026-08-11,2026-03-21..2026-08-06,baccarat_bet02_101_all_pairs_incl_sentinel,round_win = game_pnl > 0 (decisive only),COMPATIBILITY_ONLY_NOT_PRODUCTION,2500103.8841,2280641.3266,9883.8276,11764,10369,-0.00395337,-0.05088190,-0.00239824,-0.00395337,-9883.8276,2500103.8841,OK,0.0000,395.3531,4.0000,96.0000,AG03-UNRESOLVED,ALL5_LEVELS_bet23_to_bet27,395.3531,395.3531,395.3531,395.3531,395.3531,4.000000,4.000000,4.000000,4.000000,4.000000,96.000000,96.000000,96.000000,96.000000,96.000000,5.0,1976.7655,1824.8244,7907.0621,8059.0032,PENDING_AG03,FALSE,NOT_FOR_ENFORCEMENT,9488.4745,2189415.6736,9883.8276,9488.4745,395.3531,0.00395337,0.00379523,395.3531,9488.4745,0.00379523,395.3531,395.3531,395.3531,395.3531,395.3531,9488.4745,0.00379523,1976.7655,1824.8244,7907.0621,8059.0032,0.00316269,0.00322347,0.00015813,212.5216,219.9480,0.9532,119.0823,2.3972,30121.7335,124.9277,49.0469,238.9093,36.5364,75.9244,374.9013,749.8027,789.266,1183.8989,75.8035,-1.1839,10.395423,15.593133,2.799122,29,215,300,5,0.03207536,0.00395337,0.05088190,0E-8,0.000000,0.912219,0.000000,-0.04848366,2026-03-31,2026-08-01,83,4123,1621,124,0.669355,0.205295,0.230786,0.106918,,,,,,,,GLOBAL_BASELINE_NO_ENTITY_RANKING,,,NOT_APPLICABLE_GLOBAL_BASELINE,HF9g-P5,,,,X 全窗基线 · 不参与实体赏罚,15054458,1506,A168_HF9F_20260827_0900,2026-08-27 09:00:00
2026-04-02,92755421,1623,0,635.3265944058,-40.5959485242,-40.5959485242,0.3333333,8,7,0.49780158671680123,0.465104114286,-0.8057343876525533,-0.6471203028815334,-0.8057343876525533,0.03269747243080123,ELIGIBLE,R03b_20260811_FULL_v1,L1_ELIGIBILITY,v2026-08-11,2026-03-21..2026-08-06,baccarat_bet02_101_all_pairs_incl_sentinel,round_win = game_pnl > 0 (decisive only),COMPATIBILITY_ONLY_NOT_PRODUCTION,2500103.8841,2280641.3266,9883.8276,11764,10369,-0.00395337,-0.05088190,-0.00239824,-0.00395337,-9883.8276,2500103.8841,OK,0.0000,395.3531,4.0000,96.0000,AG03-UNRESOLVED,ALL5_LEVELS_bet23_to_bet27,395.3531,395.3531,395.3531,395.3531,395.3531,4.000000,4.000000,4.000000,4.000000,4.000000,96.000000,96.000000,96.000000,96.000000,96.000000,5.0,1976.7655,1824.8244,7907.0621,8059.0032,PENDING_AG03,FALSE,NOT_FOR_ENFORCEMENT,9488.4745,2189415.6736,9883.8276,9488.4745,395.3531,0.00395337,0.00379523,395.3531,9488.4745,0.00379523,395.3531,395.3531,395.3531,395.3531,395.3531,9488.4745,0.00379523,1976.7655,1824.8244,7907.0621,8059.0032,0.00316269,0.00322347,0.00015813,212.5216,219.9480,0.9532,119.0823,2.3972,30121.7335,124.9277,49.0469,238.9093,36.5364,75.9244,374.9013,749.8027,789.266,1183.8989,75.8035,-1.1839,10.395423,15.593133,2.799122,29,215,300,5,0.03207536,0.00395337,0.05088190,0E-8,0.000000,0.912219,0.000000,-0.04848366,2026-03-31,2026-08-01,83,4123,1621,124,0.669355,0.205295,0.230786,0.106918,,,,,,,,GLOBAL_BASELINE_NO_ENTITY_RANKING,,,NOT_APPLICABLE_GLOBAL_BASELINE,HF9g-P5,,,,X 全窗基线 · 不参与实体赏罚,15054459,1506,A168_HF9F_20260827_0900,2026-08-27 09:00:00
2026-04-02,92755421,1645,0,40.5959485243,-40.5959485243,-40.5959485243,0E-7,1,1,0.50665070000000000,0.506650700000,-1.013391052207602,-1.013391052207602,-1.013391052207602,0E-17,ELIGIBLE,R03b_20260811_FULL_v1,L1_ELIGIBILITY,v2026-08-11,2026-03-21..2026-08-06,baccarat_bet02_101_all_pairs_incl_sentinel,round_win = game_pnl > 0 (decisive only),COMPATIBILITY_ONLY_NOT_PRODUCTION,2500103.8841,2280641.3266,9883.8276,11764,10369,-0.00395337,-0.05088190,-0.00239824,-0.00395337,-9883.8276,2500103.8841,OK,0.0000,395.3531,4.0000,96.0000,AG03-UNRESOLVED,ALL5_LEVELS_bet23_to_bet27,395.3531,395.3531,395.3531,395.3531,395.3531,4.000000,4.000000,4.000000,4.000000,4.000000,96.000000,96.000000,96.000000,96.000000,96.000000,5.0,1976.7655,1824.8244,7907.0621,8059.0032,PENDING_AG03,FALSE,NOT_FOR_ENFORCEMENT,9488.4745,2189415.6736,9883.8276,9488.4745,395.3531,0.00395337,0.00379523,395.3531,9488.4745,0.00379523,395.3531,395.3531,395.3531,395.3531,395.3531,9488.4745,0.00379523,1976.7655,1824.8244,7907.0621,8059.0032,0.00316269,0.00322347,0.00015813,212.5216,219.9480,0.9532,119.0823,2.3972,30121.7335,124.9277,49.0469,238.9093,36.5364,75.9244,374.9013,749.8027,789.266,1183.8989,75.8035,-1.1839,10.395423,15.593133,2.799122,29,215,300,5,0.03207536,0.00395337,0.05088190,0E-8,0.000000,0.912219,0.000000,-0.04848366,2026-03-31,2026-08-01,83,4123,1621,124,0.669355,0.205295,0.230786,0.106918,,,,,,,,GLOBAL_BASELINE_NO_ENTITY_RANKING,,,NOT_APPLICABLE_GLOBAL_BASELINE,HF9g-P5,,,,X 全窗基线 · 不参与实体赏罚,15054460,1506,A168_HF9F_20260827_0900,2026-08-27 09:00:00
2026-04-02,92755421,1646,0,528.1532903017,41.0019080096,41.0019080096,0.6000000,6,6,0.49771390000000000,0.497713900000,0.4574421269484404,0.45744212694844033,0.4574421269484404,0E-17,ELIGIBLE,R03b_20260811_FULL_v1,L1_ELIGIBILITY,v2026-08-11,2026-03-21..2026-08-06,baccarat_bet02_101_all_pairs_incl_sentinel,round_win = game_pnl > 0 (decisive only),COMPATIBILITY_ONLY_NOT_PRODUCTION,2500103.8841,2280641.3266,9883.8276,11764,10369,-0.00395337,-0.05088190,-0.00239824,-0.00395337,-9883.8276,2500103.8841,OK,0.0000,395.3531,4.0000,96.0000,AG03-UNRESOLVED,ALL5_LEVELS_bet23_to_bet27,395.3531,395.3531,395.3531,395.3531,395.3531,4.000000,4.000000,4.000000,4.000000,4.000000,96.000000,96.000000,96.000000,96.000000,96.000000,5.0,1976.7655,1824.8244,7907.0621,8059.0032,PENDING_AG03,FALSE,NOT_FOR_ENFORCEMENT,9488.4745,2189415.6736,9883.8276,9488.4745,395.3531,0.00395337,0.00379523,395.3531,9488.4745,0.00379523,395.3531,395.3531,395.3531,395.3531,395.3531,9488.4745,0.00379523,1976.7655,1824.8244,7907.0621,8059.0032,0.00316269,0.00322347,0.00015813,212.5216,219.9480,0.9532,119.0823,2.3972,30121.7335,124.9277,49.0469,238.9093,36.5364,75.9244,374.9013,749.8027,789.266,1183.8989,75.8035,-1.1839,10.395423,15.593133,2.799122,29,215,300,5,0.03207536,0.00395337,0.05088190,0E-8,0.000000,0.912219,0.000000,-0.04848366,2026-03-31,2026-08-01,83,4123,1621,124,0.669355,0.205295,0.230786,0.106918,,,,,,,,GLOBAL_BASELINE_NO_ENTITY_RANKING,,,NOT_APPLICABLE_GLOBAL_BASELINE,HF9g-P5,,,,X 全窗基线 · 不参与实体赏罚,15054461,1506,A168_HF9F_20260827_0900,2026-08-27 09:00:00
2026-04-02,92755421,1654,0,81.1918970487,-81.1918970487,-81.1918970487,0E-7,1,1,0.50665070000000000,0.506650700000,-1.013391052207602,-1.013391052207602,-1.013391052207602,0E-17,ELIGIBLE,R03b_20260811_FULL_v1,L1_ELIGIBILITY,v2026-08-11,2026-03-21..2026-08-06,baccarat_bet02_101_all_pairs_incl_sentinel,round_win = game_pnl > 0 (decisive only),COMPATIBILITY_ONLY_NOT_PRODUCTION,2500103.8841,2280641.3266,9883.8276,11764,10369,-0.00395337,-0.05088190,-0.00239824,-0.00395337,-9883.8276,2500103.8841,OK,0.0000,395.3531,4.0000,96.0000,AG03-UNRESOLVED,ALL5_LEVELS_bet23_to_bet27,395.3531,395.3531,395.3531,395.3531,395.3531,4.000000,4.000000,4.000000,4.000000,4.000000,96.000000,96.000000,96.000000,96.000000,96.000000,5.0,1976.7655,1824.8244,7907.0621,8059.0032,PENDING_AG03,FALSE,NOT_FOR_ENFORCEMENT,9488.4745,2189415.6736,9883.8276,9488.4745,395.3531,0.00395337,0.00379523,395.3531,9488.4745,0.00379523,395.3531,395.3531,395.3531,395.3531,395.3531,9488.4745,0.00379523,1976.7655,1824.8244,7907.0621,8059.0032,0.00316269,0.00322347,0.00015813,212.5216,219.9480,0.9532,119.0823,2.3972,30121.7335,124.9277,49.0469,238.9093,36.5364,75.9244,374.9013,749.8027,789.266,1183.8989,75.8035,-1.1839,10.395423,15.593133,2.799122,29,215,300,5,0.03207536,0.00395337,0.05088190,0E-8,0.000000,0.912219,0.000000,-0.04848366,2026-03-31,2026-08-01,83,4123,1621,124,0.669355,0.205295,0.230786,0.106918,,,,,,,,GLOBAL_BASELINE_NO_ENTITY_RANKING,,,NOT_APPLICABLE_GLOBAL_BASELINE,HF9g-P5,,,,X 全窗基线 · 不参与实体赏罚,15054462,1506,A168_HF9F_20260827_0900,2026-08-27 09:00:00
2026-04-02,92755421,1702,0,673.8927455040,40.5959485243,40.5959485243,0.5714286,8,8,0.49994810000000000,0.499948100000,0.37823910403297295,0.37823910403297295,0.37823910403297295,0E-17,ELIGIBLE,R03b_20260811_FULL_v1,L1_ELIGIBILITY,v2026-08-11,2026-03-21..2026-08-06,baccarat_bet02_101_all_pairs_incl_sentinel,round_win = game_pnl > 0 (decisive only),COMPATIBILITY_ONLY_NOT_PRODUCTION,2500103.8841,2280641.3266,9883.8276,11764,10369,-0.00395337,-0.05088190,-0.00239824,-0.00395337,-9883.8276,2500103.8841,OK,0.0000,395.3531,4.0000,96.0000,AG03-UNRESOLVED,ALL5_LEVELS_bet23_to_bet27,395.3531,395.3531,395.3531,395.3531,395.3531,4.000000,4.000000,4.000000,4.000000,4.000000,96.000000,96.000000,96.000000,96.000000,96.000000,5.0,1976.7655,1824.8244,7907.0621,8059.0032,PENDING_AG03,FALSE,NOT_FOR_ENFORCEMENT,9488.4745,2189415.6736,9883.8276,9488.4745,395.3531,0.00395337,0.00379523,395.3531,9488.4745,0.00379523,395.3531,395.3531,395.3531,395.3531,395.3531,9488.4745,0.00379523,1976.7655,1824.8244,7907.0621,8059.0032,0.00316269,0.00322347,0.00015813,212.5216,219.9480,0.9532,119.0823,2.3972,30121.7335,124.9277,49.0469,238.9093,36.5364,75.9244,374.9013,749.8027,789.266,1183.8989,75.8035,-1.1839,10.395423,15.593133,2.799122,29,215,300,5,0.03207536,0.00395337,0.05088190,0E-8,0.000000,0.912219,0.000000,-0.04848366,2026-03-31,2026-08-01,83,4123,1621,124,0.669355,0.205295,0.230786,0.106918,,,,,,,,GLOBAL_BASELINE_NO_ENTITY_RANKING,,,NOT_APPLICABLE_GLOBAL_BASELINE,HF9g-P5,,,,X 全窗基线 · 不参与实体赏罚,15054463,1506,A168_HF9F_20260827_0900,2026-08-27 09:00:00
2026-04-02,92755421,1704,0,483.0917874397,-81.1918970487,-81.1918970487,0.4000000,6,6,0.49771390000000000,0.497713900000,-0.4369944132040151,-0.436994413204015,-0.4369944132040151,0E-17,ELIGIBLE,R03b_20260811_FULL_v1,L1_ELIGIBILITY,v2026-08-11,2026-03-21..2026-08-06,baccarat_bet02_101_all_pairs_incl_sentinel,round_win = game_pnl > 0 (decisive only),COMPATIBILITY_ONLY_NOT_PRODUCTION,2500103.8841,2280641.3266,9883.8276,11764,10369,-0.00395337,-0.05088190,-0.00239824,-0.00395337,-9883.8276,2500103.8841,OK,0.0000,395.3531,4.0000,96.0000,AG03-UNRESOLVED,ALL5_LEVELS_bet23_to_bet27,395.3531,395.3531,395.3531,395.3531,395.3531,4.000000,4.000000,4.000000,4.000000,4.000000,96.000000,96.000000,96.000000,96.000000,96.000000,5.0,1976.7655,1824.8244,7907.0621,8059.0032,PENDING_AG03,FALSE,NOT_FOR_ENFORCEMENT,9488.4745,2189415.6736,9883.8276,9488.4745,395.3531,0.00395337,0.00379523,395.3531,9488.4745,0.00379523,395.3531,395.3531,395.3531,395.3531,395.3531,9488.4745,0.00379523,1976.7655,1824.8244,7907.0621,8059.0032,0.00316269,0.00322347,0.00015813,212.5216,219.9480,0.9532,119.0823,2.3972,30121.7335,124.9277,49.0469,238.9093,36.5364,75.9244,374.9013,749.8027,789.266,1183.8989,75.8035,-1.1839,10.395423,15.593133,2.799122,29,215,300,5,0.03207536,0.00395337,0.05088190,0E-8,0.000000,0.912219,0.000000,-0.04848366,2026-03-31,2026-08-01,83,4123,1621,124,0.669355,0.205295,0.230786,0.106918,,,,,,,,GLOBAL_BASELINE_NO_ENTITY_RANKING,,,NOT_APPLICABLE_GLOBAL_BASELINE,HF9g-P5,,,,X 全窗基线 · 不参与实体赏罚,15054464,1506,A168_HF9F_20260827_0900,2026-08-27 09:00:00
2026-04-02,92755421,1710,0,766.0455486542,-126.6593593959,-126.6593593959,0.4285714,8,7,0.49547821505531733,0.463189085714,-0.3540519146864014,-0.18367788290348241,-0.3540519146864014,0.03228912934131733,ELIGIBLE,R03b_20260811_FULL_v1,L1_ELIGIBILITY,v2026-08-11,2026-03-21..2026-08-06,baccarat_bet02_101_all_pairs_incl_sentinel,round_win = game_pnl > 0 (decisive only),COMPATIBILITY_ONLY_NOT_PRODUCTION,2500103.8841,2280641.3266,9883.8276,11764,10369,-0.00395337,-0.05088190,-0.00239824,-0.00395337,-9883.8276,2500103.8841,OK,0.0000,395.3531,4.0000,96.0000,AG03-UNRESOLVED,ALL5_LEVELS_bet23_to_bet27,395.3531,395.3531,395.3531,395.3531,395.3531,4.000000,4.000000,4.000000,4.000000,4.000000,96.000000,96.000000,96.000000,96.000000,96.000000,5.0,1976.7655,1824.8244,7907.0621,8059.0032,PENDING_AG03,FALSE,NOT_FOR_ENFORCEMENT,9488.4745,2189415.6736,9883.8276,9488.4745,395.3531,0.00395337,0.00379523,395.3531,9488.4745,0.00379523,395.3531,395.3531,395.3531,395.3531,395.3531,9488.4745,0.00379523,1976.7655,1824.8244,7907.0621,8059.0032,0.00316269,0.00322347,0.00015813,212.5216,219.9480,0.9532,119.0823,2.3972,30121.7335,124.9277,49.0469,238.9093,36.5364,75.9244,374.9013,749.8027,789.266,1183.8989,75.8035,-1.1839,10.395423,15.593133,2.799122,29,215,300,5,0.03207536,0.00395337,0.05088190,0E-8,0.000000,0.912219,0.000000,-0.04848366,2026-03-31,2026-08-01,83,4123,1621,124,0.669355,0.205295,0.230786,0.106918,,,,,,,,GLOBAL_BASELINE_NO_ENTITY_RANKING,,,NOT_APPLICABLE_GLOBAL_BASELINE,HF9g-P5,,,,X 全窗基线 · 不参与实体赏罚,15054465,1506,A168_HF9F_20260827_0900,2026-08-27 09:00:00
2026-04-02,92755421,1714,0,81.1918970487,77.1323021962,77.1323021962,1.0000000,1,1,0.50665070000000000,0.506650700000,0.9867858985152569,0.9867858985152569,0.9867858985152569,0E-17,ELIGIBLE,R03b_20260811_FULL_v1,L1_ELIGIBILITY,v2026-08-11,2026-03-21..2026-08-06,baccarat_bet02_101_all_pairs_incl_sentinel,round_win = game_pnl > 0 (decisive only),COMPATIBILITY_ONLY_NOT_PRODUCTION,2500103.8841,2280641.3266,9883.8276,11764,10369,-0.00395337,-0.05088190,-0.00239824,-0.00395337,-9883.8276,2500103.8841,OK,0.0000,395.3531,4.0000,96.0000,AG03-UNRESOLVED,ALL5_LEVELS_bet23_to_bet27,395.3531,395.3531,395.3531,395.3531,395.3531,4.000000,4.000000,4.000000,4.000000,4.000000,96.000000,96.000000,96.000000,96.000000,96.000000,5.0,1976.7655,1824.8244,7907.0621,8059.0032,PENDING_AG03,FALSE,NOT_FOR_ENFORCEMENT,9488.4745,2189415.6736,9883.8276,9488.4745,395.3531,0.00395337,0.00379523,395.3531,9488.4745,0.00379523,395.3531,395.3531,395.3531,395.3531,395.3531,9488.4745,0.00379523,1976.7655,1824.8244,7907.0621,8059.0032,0.00316269,0.00322347,0.00015813,212.5216,219.9480,0.9532,119.0823,2.3972,30121.7335,124.9277,49.0469,238.9093,36.5364,75.9244,374.9013,749.8027,789.266,1183.8989,75.8035,-1.1839,10.395423,15.593133,2.799122,29,215,300,5,0.03207536,0.00395337,0.05088190,0E-8,0.000000,0.912219,0.000000,-0.04848366,2026-03-31,2026-08-01,83,4123,1621,124,0.669355,0.205295,0.230786,0.106918,,,,,,,,GLOBAL_BASELINE_NO_ENTITY_RANKING,,,NOT_APPLICABLE_GLOBAL_BASELINE,HF9g-P5,,,,X 全窗基线 · 不参与实体赏罚,15054466,1506,A168_HF9F_20260827_0900,2026-08-27 09:00:00
2026-04-02,92755421,1750,0,121.7878455730,-121.7878455730,-121.7878455730,0E-7,1,1,0.50665070000000000,0.506650700000,-1.013391052207602,-1.013391052207602,-1.013391052207602,0E-17,ELIGIBLE,R03b_20260811_FULL_v1,L1_ELIGIBILITY,v2026-08-11,2026-03-21..2026-08-06,baccarat_bet02_101_all_pairs_incl_sentinel,round_win = game_pnl > 0 (decisive only),COMPATIBILITY_ONLY_NOT_PRODUCTION,2500103.8841,2280641.3266,9883.8276,11764,10369,-0.00395337,-0.05088190,-0.00239824,-0.00395337,-9883.8276,2500103.8841,OK,0.0000,395.3531,4.0000,96.0000,AG03-UNRESOLVED,ALL5_LEVELS_bet23_to_bet27,395.3531,395.3531,395.3531,395.3531,395.3531,4.000000,4.000000,4.000000,4.000000,4.000000,96.000000,96.000000,96.000000,96.000000,96.000000,5.0,1976.7655,1824.8244,7907.0621,8059.0032,PENDING_AG03,FALSE,NOT_FOR_ENFORCEMENT,9488.4745,2189415.6736,9883.8276,9488.4745,395.3531,0.00395337,0.00379523,395.3531,9488.4745,0.00379523,395.3531,395.3531,395.3531,395.3531,395.3531,9488.4745,0.00379523,1976.7655,1824.8244,7907.0621,8059.0032,0.00316269,0.00322347,0.00015813,212.5216,219.9480,0.9532,119.0823,2.3972,30121.7335,124.9277,49.0469,238.9093,36.5364,75.9244,374.9013,749.8027,789.266,1183.8989,75.8035,-1.1839,10.395423,15.593133,2.799122,29,215,300,5,0.03207536,0.00395337,0.05088190,0E-8,0.000000,0.912219,0.000000,-0.04848366,2026-03-31,2026-08-01,83,4123,1621,124,0.669355,0.205295,0.230786,0.106918,,,,,,,,GLOBAL_BASELINE_NO_ENTITY_RANKING,,,NOT_APPLICABLE_GLOBAL_BASELINE,HF9g-P5,,,,X 全窗基线 · 不参与实体赏罚,15054467,1506,A168_HF9F_20260827_0900,2026-08-27 09:00:00
2026-04-02,92755421,1935,0,684.8536516054,55.2104899933,55.2104899933,0.6250000,13,8,0.48881374287875429,0.350019137500,0.7705786800961331,1.6306144375183687,0.7705786800961331,0.13879460537875429,ELIGIBLE,R03b_20260811_FULL_v1,L1_ELIGIBILITY,v2026-08-11,2026-03-21..2026-08-06,baccarat_bet02_101_all_pairs_incl_sentinel,round_win = game_pnl > 0 (decisive only),COMPATIBILITY_ONLY_NOT_PRODUCTION,2500103.8841,2280641.3266,9883.8276,11764,10369,-0.00395337,-0.05088190,-0.00239824,-0.00395337,-9883.8276,2500103.8841,OK,0.0000,395.3531,4.0000,96.0000,AG03-UNRESOLVED,ALL5_LEVELS_bet23_to_bet27,395.3531,395.3531,395.3531,395.3531,395.3531,4.000000,4.000000,4.000000,4.000000,4.000000,96.000000,96.000000,96.000000,96.000000,96.000000,5.0,1976.7655,1824.8244,7907.0621,8059.0032,PENDING_AG03,FALSE,NOT_FOR_ENFORCEMENT,9488.4745,2189415.6736,9883.8276,9488.4745,395.3531,0.00395337,0.00379523,395.3531,9488.4745,0.00379523,395.3531,395.3531,395.3531,395.3531,395.3531,9488.4745,0.00379523,1976.7655,1824.8244,7907.0621,8059.0032,0.00316269,0.00322347,0.00015813,212.5216,219.9480,0.9532,119.0823,2.3972,30121.7335,124.9277,49.0469,238.9093,36.5364,75.9244,374.9013,749.8027,789.266,1183.8989,75.8035,-1.1839,10.395423,15.593133,2.799122,29,215,300,5,0.03207536,0.00395337,0.05088190,0E-8,0.000000,0.912219,0.000000,-0.04848366,2026-03-31,2026-08-01,83,4123,1621,124,0.669355,0.205295,0.230786,0.106918,,,,,,,,GLOBAL_BASELINE_NO_ENTITY_RANKING,,,NOT_APPLICABLE_GLOBAL_BASELINE,HF9g-P5,,,,X 全窗基线 · 不参与实体赏罚,15054468,1506,A168_HF9F_20260827_0900,2026-08-27 09:00:00
2026-04-02,92755421,1990,0,487.1513822920,-243.5756911460,-243.5756911460,0.2500000,4,4,0.50329940000000000,0.503299400000,-1.013219660140378,-1.013219660140378,-1.013219660140378,0E-17,ELIGIBLE,R03b_20260811_FULL_v1,L1_ELIGIBILITY,v2026-08-11,2026-03-21..2026-08-06,baccarat_bet02_101_all_pairs_incl_sentinel,round_win = game_pnl > 0 (decisive only),COMPATIBILITY_ONLY_NOT_PRODUCTION,2500103.8841,2280641.3266,9883.8276,11764,10369,-0.00395337,-0.05088190,-0.00239824,-0.00395337,-9883.8276,2500103.8841,OK,0.0000,395.3531,4.0000,96.0000,AG03-UNRESOLVED,ALL5_LEVELS_bet23_to_bet27,395.3531,395.3531,395.3531,395.3531,395.3531,4.000000,4.000000,4.000000,4.000000,4.000000,96.000000,96.000000,96.000000,96.000000,96.000000,5.0,1976.7655,1824.8244,7907.0621,8059.0032,PENDING_AG03,FALSE,NOT_FOR_ENFORCEMENT,9488.4745,2189415.6736,9883.8276,9488.4745,395.3531,0.00395337,0.00379523,395.3531,9488.4745,0.00379523,395.3531,395.3531,395.3531,395.3531,395.3531,9488.4745,0.00379523,1976.7655,1824.8244,7907.0621,8059.0032,0.00316269,0.00322347,0.00015813,212.5216,219.9480,0.9532,119.0823,2.3972,30121.7335,124.9277,49.0469,238.9093,36.5364,75.9244,374.9013,749.8027,789.266,1183.8989,75.8035,-1.1839,10.395423,15.593133,2.799122,29,215,300,5,0.03207536,0.00395337,0.05088190,0E-8,0.000000,0.912219,0.000000,-0.04848366,2026-03-31,2026-08-01,83,4123,1621,124,0.669355,0.205295,0.230786,0.106918,,,,,,,,GLOBAL_BASELINE_NO_ENTITY_RANKING,,,NOT_APPLICABLE_GLOBAL_BASELINE,HF9g-P5,,,,X 全窗基线 · 不参与实体赏罚,15054469,1506,A168_HF9F_20260827_0900,2026-08-27 09:00:00
2026-04-02,92755421,2075,0,855.3566354076,20.5009540048,20.5009540048,0.5714286,9,8,0.49682607621951344,0.468621787500,0.39476725270274865,0.5450767823536687,0.39476725270274865,0.02820428871951344,ELIGIBLE,R03b_20260811_FULL_v1,L1_ELIGIBILITY,v2026-08-11,2026-03-21..2026-08-06,baccarat_bet02_101_all_pairs_incl_sentinel,round_win = game_pnl > 0 (decisive only),COMPATIBILITY_ONLY_NOT_PRODUCTION,2500103.8841,2280641.3266,9883.8276,11764,10369,-0.00395337,-0.05088190,-0.00239824,-0.00395337,-9883.8276,2500103.8841,OK,0.0000,395.3531,4.0000,96.0000,AG03-UNRESOLVED,ALL5_LEVELS_bet23_to_bet27,395.3531,395.3531,395.3531,395.3531,395.3531,4.000000,4.000000,4.000000,4.000000,4.000000,96.000000,96.000000,96.000000,96.000000,96.000000,5.0,1976.7655,1824.8244,7907.0621,8059.0032,PENDING_AG03,FALSE,NOT_FOR_ENFORCEMENT,9488.4745,2189415.6736,9883.8276,9488.4745,395.3531,0.00395337,0.00379523,395.3531,9488.4745,0.00379523,395.3531,395.3531,395.3531,395.3531,395.3531,9488.4745,0.00379523,1976.7655,1824.8244,7907.0621,8059.0032,0.00316269,0.00322347,0.00015813,212.5216,219.9480,0.9532,119.0823,2.3972,30121.7335,124.9277,49.0469,238.9093,36.5364,75.9244,374.9013,749.8027,789.266,1183.8989,75.8035,-1.1839,10.395423,15.593133,2.799122,29,215,300,5,0.03207536,0.00395337,0.05088190,0E-8,0.000000,0.912219,0.000000,-0.04848366,2026-03-31,2026-08-01,83,4123,1621,124,0.669355,0.205295,0.230786,0.106918,,,,,,,,GLOBAL_BASELINE_NO_ENTITY_RANKING,,,NOT_APPLICABLE_GLOBAL_BASELINE,HF9g-P5,,,,X 全窗基线 · 不参与实体赏罚,15054470,1506,A168_HF9F_20260827_0900,2026-08-27 09:00:00
2026-04-02,92755421,2088,0,641.4159866845,28.4171639670,28.4171639670,0.6000000,6,6,0.50218230000000000,0.502182300000,0.4374582199563857,0.4374582199563857,0.4374582199563857,0E-17,ELIGIBLE,R03b_20260811_FULL_v1,L1_ELIGIBILITY,v2026-08-11,2026-03-21..2026-08-06,baccarat_bet02_101_all_pairs_incl_sentinel,round_win = game_pnl > 0 (decisive only),COMPATIBILITY_ONLY_NOT_PRODUCTION,2500103.8841,2280641.3266,9883.8276,11764,10369,-0.00395337,-0.05088190,-0.00239824,-0.00395337,-9883.8276,2500103.8841,OK,0.0000,395.3531,4.0000,96.0000,AG03-UNRESOLVED,ALL5_LEVELS_bet23_to_bet27,395.3531,395.3531,395.3531,395.3531,395.3531,4.000000,4.000000,4.000000,4.000000,4.000000,96.000000,96.000000,96.000000,96.000000,96.000000,5.0,1976.7655,1824.8244,7907.0621,8059.0032,PENDING_AG03,FALSE,NOT_FOR_ENFORCEMENT,9488.4745,2189415.6736,9883.8276,9488.4745,395.3531,0.00395337,0.00379523,395.3531,9488.4745,0.00379523,395.3531,395.3531,395.3531,395.3531,395.3531,9488.4745,0.00379523,1976.7655,1824.8244,7907.0621,8059.0032,0.00316269,0.00322347,0.00015813,212.5216,219.9480,0.9532,119.0823,2.3972,30121.7335,124.9277,49.0469,238.9093,36.5364,75.9244,374.9013,749.8027,789.266,1183.8989,75.8035,-1.1839,10.395423,15.593133,2.799122,29,215,300,5,0.03207536,0.00395337,0.05088190,0E-8,0.000000,0.912219,0.000000,-0.04848366,2026-03-31,2026-08-01,83,4123,1621,124,0.669355,0.205295,0.230786,0.106918,,,,,,,,GLOBAL_BASELINE_NO_ENTITY_RANKING,,,NOT_APPLICABLE_GLOBAL_BASELINE,HF9g-P5,,,,X 全窗基线 · 不参与实体赏罚,15054471,1506,A168_HF9F_20260827_0900,2026-08-27 09:00:00
2026-04-02,92755421,2101,0,712.4588966020,-241.5458937198,-241.5458937198,0.3750000,9,8,0.49723207587720108,0.468621787500,-0.6914596330345215,-0.5306507866161192,-0.6914596330345215,0.02861028837720108,ELIGIBLE,R03b_20260811_FULL_v1,L1_ELIGIBILITY,v2026-08-11,2026-03-21..2026-08-06,baccarat_bet02_101_all_pairs_incl_sentinel,round_win = game_pnl > 0 (decisive only),COMPATIBILITY_ONLY_NOT_PRODUCTION,2500103.8841,2280641.3266,9883.8276,11764,10369,-0.00395337,-0.05088190,-0.00239824,-0.00395337,-9883.8276,2500103.8841,OK,0.0000,395.3531,4.0000,96.0000,AG03-UNRESOLVED,ALL5_LEVELS_bet23_to_bet27,395.3531,395.3531,395.3531,395.3531,395.3531,4.000000,4.000000,4.000000,4.000000,4.000000,96.000000,96.000000,96.000000,96.000000,96.000000,5.0,1976.7655,1824.8244,7907.0621,8059.0032,PENDING_AG03,FALSE,NOT_FOR_ENFORCEMENT,9488.4745,2189415.6736,9883.8276,9488.4745,395.3531,0.00395337,0.00379523,395.3531,9488.4745,0.00379523,395.3531,395.3531,395.3531,395.3531,395.3531,9488.4745,0.00379523,1976.7655,1824.8244,7907.0621,8059.0032,0.00316269,0.00322347,0.00015813,212.5216,219.9480,0.9532,119.0823,2.3972,30121.7335,124.9277,49.0469,238.9093,36.5364,75.9244,374.9013,749.8027,789.266,1183.8989,75.8035,-1.1839,10.395423,15.593133,2.799122,29,215,300,5,0.03207536,0.00395337,0.05088190,0E-8,0.000000,0.912219,0.000000,-0.04848366,2026-03-31,2026-08-01,83,4123,1621,124,0.669355,0.205295,0.230786,0.106918,,,,,,,,GLOBAL_BASELINE_NO_ENTITY_RANKING,,,NOT_APPLICABLE_GLOBAL_BASELINE,HF9g-P5,,,,X 全窗基线 · 不参与实体赏罚,15054472,1506,A168_HF9F_20260827_0900,2026-08-27 09:00:00
2026-04-02,92755421,2103,0,927.2114642958,-293.9146673161,-293.9146673161,0.3333333,11,9,0.49600868249158463,0.446491077778,-0.9760831946570016,-0.6828681099123257,-0.9760831946570016,0.04951760471358463,ELIGIBLE,R03b_20260811_FULL_v1,L1_ELIGIBILITY,v2026-08-11,2026-03-21..2026-08-06,baccarat_bet02_101_all_pairs_incl_sentinel,round_win = game_pnl > 0 (decisive only),COMPATIBILITY_ONLY_NOT_PRODUCTION,2500103.8841,2280641.3266,9883.8276,11764,10369,-0.00395337,-0.05088190,-0.00239824,-0.00395337,-9883.8276,2500103.8841,OK,0.0000,395.3531,4.0000,96.0000,AG03-UNRESOLVED,ALL5_LEVELS_bet23_to_bet27,395.3531,395.3531,395.3531,395.3531,395.3531,4.000000,4.000000,4.000000,4.000000,4.000000,96.000000,96.000000,96.000000,96.000000,96.000000,5.0,1976.7655,1824.8244,7907.0621,8059.0032,PENDING_AG03,FALSE,NOT_FOR_ENFORCEMENT,9488.4745,2189415.6736,9883.8276,9488.4745,395.3531,0.00395337,0.00379523,395.3531,9488.4745,0.00379523,395.3531,395.3531,395.3531,395.3531,395.3531,9488.4745,0.00379523,1976.7655,1824.8244,7907.0621,8059.0032,0.00316269,0.00322347,0.00015813,212.5216,219.9480,0.9532,119.0823,2.3972,30121.7335,124.9277,49.0469,238.9093,36.5364,75.9244,374.9013,749.8027,789.266,1183.8989,75.8035,-1.1839,10.395423,15.593133,2.799122,29,215,300,5,0.03207536,0.00395337,0.05088190,0E-8,0.000000,0.912219,0.000000,-0.04848366,2026-03-31,2026-08-01,83,4123,1621,124,0.669355,0.205295,0.230786,0.106918,,,,,,,,GLOBAL_BASELINE_NO_ENTITY_RANKING,,,NOT_APPLICABLE_GLOBAL_BASELINE,HF9g-P5,,,,X 全窗基线 · 不参与实体赏罚,15054473,1506,A168_HF9F_20260827_0900,2026-08-27 09:00:00
2026-04-02,92755421,2106,0,312.5888036374,162.3837940973,162.3837940973,0.7500000,4,4,0.49994810000000000,0.499948100000,1.0002076053883384,1.0002076053883384,1.0002076053883384,0E-17,ELIGIBLE,R03b_20260811_FULL_v1,L1_ELIGIBILITY,v2026-08-11,2026-03-21..2026-08-06,baccarat_bet02_101_all_pairs_incl_sentinel,round_win = game_pnl > 0 (decisive only),COMPATIBILITY_ONLY_NOT_PRODUCTION,2500103.8841,2280641.3266,9883.8276,11764,10369,-0.00395337,-0.05088190,-0.00239824,-0.00395337,-9883.8276,2500103.8841,OK,0.0000,395.3531,4.0000,96.0000,AG03-UNRESOLVED,ALL5_LEVELS_bet23_to_bet27,395.3531,395.3531,395.3531,395.3531,395.3531,4.000000,4.000000,4.000000,4.000000,4.000000,96.000000,96.000000,96.000000,96.000000,96.000000,5.0,1976.7655,1824.8244,7907.0621,8059.0032,PENDING_AG03,FALSE,NOT_FOR_ENFORCEMENT,9488.4745,2189415.6736,9883.8276,9488.4745,395.3531,0.00395337,0.00379523,395.3531,9488.4745,0.00379523,395.3531,395.3531,395.3531,395.3531,395.3531,9488.4745,0.00379523,1976.7655,1824.8244,7907.0621,8059.0032,0.00316269,0.00322347,0.00015813,212.5216,219.9480,0.9532,119.0823,2.3972,30121.7335,124.9277,49.0469,238.9093,36.5364,75.9244,374.9013,749.8027,789.266,1183.8989,75.8035,-1.1839,10.395423,15.593133,2.799122,29,215,300,5,0.03207536,0.00395337,0.05088190,0E-8,0.000000,0.912219,0.000000,-0.04848366,2026-03-31,2026-08-01,83,4123,1621,124,0.669355,0.205295,0.230786,0.106918,,,,,,,,GLOBAL_BASELINE_NO_ENTITY_RANKING,,,NOT_APPLICABLE_GLOBAL_BASELINE,HF9g-P5,,,,X 全窗基线 · 不参与实体赏罚,15054474,1506,A168_HF9F_20260827_0900,2026-08-27 09:00:00
2026-04-02,92755421,2108,0,369.4231315714,61.0969025291,61.0969025291,0.6000000,6,5,0.49570731882356985,0.453847560000,0.4664282394997142,0.6564159584284724,0.4664282394997142,0.04185975882356985,ELIGIBLE,R03b_20260811_FULL_v1,L1_ELIGIBILITY,v2026-08-11,2026-03-21..2026-08-06,baccarat_bet02_101_all_pairs_incl_sentinel,round_win = game_pnl > 0 (decisive only),COMPATIBILITY_ONLY_NOT_PRODUCTION,2500103.8841,2280641.3266,9883.8276,11764,10369,-0.00395337,-0.05088190,-0.00239824,-0.00395337,-9883.8276,2500103.8841,OK,0.0000,395.3531,4.0000,96.0000,AG03-UNRESOLVED,ALL5_LEVELS_bet23_to_bet27,395.3531,395.3531,395.3531,395.3531,395.3531,4.000000,4.000000,4.000000,4.000000,4.000000,96.000000,96.000000,96.000000,96.000000,96.000000,5.0,1976.7655,1824.8244,7907.0621,8059.0032,PENDING_AG03,FALSE,NOT_FOR_ENFORCEMENT,9488.4745,2189415.6736,9883.8276,9488.4745,395.3531,0.00395337,0.00379523,395.3531,9488.4745,0.00379523,395.3531,395.3531,395.3531,395.3531,395.3531,9488.4745,0.00379523,1976.7655,1824.8244,7907.0621,8059.0032,0.00316269,0.00322347,0.00015813,212.5216,219.9480,0.9532,119.0823,2.3972,30121.7335,124.9277,49.0469,238.9093,36.5364,75.9244,374.9013,749.8027,789.266,1183.8989,75.8035,-1.1839,10.395423,15.593133,2.799122,29,215,300,5,0.03207536,0.00395337,0.05088190,0E-8,0.000000,0.912219,0.000000,-0.04848366,2026-03-31,2026-08-01,83,4123,1621,124,0.669355,0.205295,0.230786,0.106918,,,,,,,,GLOBAL_BASELINE_NO_ENTITY_RANKING,,,NOT_APPLICABLE_GLOBAL_BASELINE,HF9g-P5,,,,X 全窗基线 · 不参与实体赏罚,15054475,1506,A168_HF9F_20260827_0900,2026-08-27 09:00:00
2026-04-02,92755421,2115,0,166.0374294646,-166.0374294646,-166.0374294646,0E-7,4,2,0.49598767706028907,0.262742800000,-1.402910170223545,-0.8442496678850145,-1.402910170223545,0.23324487706028907,ELIGIBLE,R03b_20260811_FULL_v1,L1_ELIGIBILITY,v2026-08-11,2026-03-21..2026-08-06,baccarat_bet02_101_all_pairs_incl_sentinel,round_win = game_pnl > 0 (decisive only),COMPATIBILITY_ONLY_NOT_PRODUCTION,2500103.8841,2280641.3266,9883.8276,11764,10369,-0.00395337,-0.05088190,-0.00239824,-0.00395337,-9883.8276,2500103.8841,OK,0.0000,395.3531,4.0000,96.0000,AG03-UNRESOLVED,ALL5_LEVELS_bet23_to_bet27,395.3531,395.3531,395.3531,395.3531,395.3531,4.000000,4.000000,4.000000,4.000000,4.000000,96.000000,96.000000,96.000000,96.000000,96.000000,5.0,1976.7655,1824.8244,7907.0621,8059.0032,PENDING_AG03,FALSE,NOT_FOR_ENFORCEMENT,9488.4745,2189415.6736,9883.8276,9488.4745,395.3531,0.00395337,0.00379523,395.3531,9488.4745,0.00379523,395.3531,395.3531,395.3531,395.3531,395.3531,9488.4745,0.00379523,1976.7655,1824.8244,7907.0621,8059.0032,0.00316269,0.00322347,0.00015813,212.5216,219.9480,0.9532,119.0823,2.3972,30121.7335,124.9277,49.0469,238.9093,36.5364,75.9244,374.9013,749.8027,789.266,1183.8989,75.8035,-1.1839,10.395423,15.593133,2.799122,29,215,300,5,0.03207536,0.00395337,0.05088190,0E-8,0.000000,0.912219,0.000000,-0.04848366,2026-03-31,2026-08-01,83,4123,1621,124,0.669355,0.205295,0.230786,0.106918,,,,,,,,GLOBAL_BASELINE_NO_ENTITY_RANKING,,,NOT_APPLICABLE_GLOBAL_BASELINE,HF9g-P5,,,,X 全窗基线 · 不参与实体赏罚,15054476,1506,A168_HF9F_20260827_0900,2026-08-27 09:00:00
2026-04-02,92755421,2117,0,1087.1595014816,202.9797426217,202.9797426217,0.6363636,15,13,0.50339358511732120,0.467579653846,0.8820438528855319,1.1219472755633428,0.8820438528855319,0.03581393127132120,ELIGIBLE,R03b_20260811_FULL_v1,L1_ELIGIBILITY,v2026-08-11,2026-03-21..2026-08-06,baccarat_bet02_101_all_pairs_incl_sentinel,round_win = game_pnl > 0 (decisive only),COMPATIBILITY_ONLY_NOT_PRODUCTION,2500103.8841,2280641.3266,9883.8276,11764,10369,-0.00395337,-0.05088190,-0.00239824,-0.00395337,-9883.8276,2500103.8841,OK,0.0000,395.3531,4.0000,96.0000,AG03-UNRESOLVED,ALL5_LEVELS_bet23_to_bet27,395.3531,395.3531,395.3531,395.3531,395.3531,4.000000,4.000000,4.000000,4.000000,4.000000,96.000000,96.000000,96.000000,96.000000,96.000000,5.0,1976.7655,1824.8244,7907.0621,8059.0032,PENDING_AG03,FALSE,NOT_FOR_ENFORCEMENT,9488.4745,2189415.6736,9883.8276,9488.4745,395.3531,0.00395337,0.00379523,395.3531,9488.4745,0.00379523,395.3531,395.3531,395.3531,395.3531,395.3531,9488.4745,0.00379523,1976.7655,1824.8244,7907.0621,8059.0032,0.00316269,0.00322347,0.00015813,212.5216,219.9480,0.9532,119.0823,2.3972,30121.7335,124.9277,49.0469,238.9093,36.5364,75.9244,374.9013,749.8027,789.266,1183.8989,75.8035,-1.1839,10.395423,15.593133,2.799122,29,215,300,5,0.03207536,0.00395337,0.05088190,0E-8,0.000000,0.912219,0.000000,-0.04848366,2026-03-31,2026-08-01,83,4123,1621,124,0.669355,0.205295,0.230786,0.106918,,,,,,,,GLOBAL_BASELINE_NO_ENTITY_RANKING,,,NOT_APPLICABLE_GLOBAL_BASELINE,HF9g-P5,,,,X 全窗基线 · 不参与实体赏罚,15054477,1506,A168_HF9F_20260827_0900,2026-08-27 09:00:00
2026-04-02,92755421,2121,0,2039.5404538622,977.1444809809,977.1444809809,0.7368421,28,20,0.49578324714517086,0.404730850000,2.10157714159797,2.9493108749017587,2.10157714159797,0.09105239714517086,ELIGIBLE,R03b_20260811_FULL_v1,L1_ELIGIBILITY,v2026-08-11,2026-03-21..2026-08-06,baccarat_bet02_101_all_pairs_incl_sentinel,round_win = game_pnl > 0 (decisive only),COMPATIBILITY_ONLY_NOT_PRODUCTION,2500103.8841,2280641.3266,9883.8276,11764,10369,-0.00395337,-0.05088190,-0.00239824,-0.00395337,-9883.8276,2500103.8841,OK,0.0000,395.3531,4.0000,96.0000,AG03-UNRESOLVED,ALL5_LEVELS_bet23_to_bet27,395.3531,395.3531,395.3531,395.3531,395.3531,4.000000,4.000000,4.000000,4.000000,4.000000,96.000000,96.000000,96.000000,96.000000,96.000000,5.0,1976.7655,1824.8244,7907.0621,8059.0032,PENDING_AG03,FALSE,NOT_FOR_ENFORCEMENT,9488.4745,2189415.6736,9883.8276,9488.4745,395.3531,0.00395337,0.00379523,395.3531,9488.4745,0.00379523,395.3531,395.3531,395.3531,395.3531,395.3531,9488.4745,0.00379523,1976.7655,1824.8244,7907.0621,8059.0032,0.00316269,0.00322347,0.00015813,212.5216,219.9480,0.9532,119.0823,2.3972,30121.7335,124.9277,49.0469,238.9093,36.5364,75.9244,374.9013,749.8027,789.266,1183.8989,75.8035,-1.1839,10.395423,15.593133,2.799122,29,215,300,5,0.03207536,0.00395337,0.05088190,0E-8,0.000000,0.912219,0.000000,-0.04848366,2026-03-31,2026-08-01,83,4123,1621,124,0.669355,0.205295,0.230786,0.106918,,,,,,,,GLOBAL_BASELINE_NO_ENTITY_RANKING,,,NOT_APPLICABLE_GLOBAL_BASELINE,HF9g-P5,,,,X 全窗基线 · 不参与实体赏罚,15054478,1506,A168_HF9F_20260827_0900,2026-08-27 09:00:00
2026-04-02,92755421,2127,0,162.3837940974,-162.3837940974,-162.3837940974,0E-7,2,2,0.49994810000000000,0.499948100000,-1.4140667746232096,-1.4140667746232096,-1.4140667746232096,0E-17,ELIGIBLE,R03b_20260811_FULL_v1,L1_ELIGIBILITY,v2026-08-11,2026-03-21..2026-08-06,baccarat_bet02_101_all_pairs_incl_sentinel,round_win = game_pnl > 0 (decisive only),COMPATIBILITY_ONLY_NOT_PRODUCTION,2500103.8841,2280641.3266,9883.8276,11764,10369,-0.00395337,-0.05088190,-0.00239824,-0.00395337,-9883.8276,2500103.8841,OK,0.0000,395.3531,4.0000,96.0000,AG03-UNRESOLVED,ALL5_LEVELS_bet23_to_bet27,395.3531,395.3531,395.3531,395.3531,395.3531,4.000000,4.000000,4.000000,4.000000,4.000000,96.000000,96.000000,96.000000,96.000000,96.000000,5.0,1976.7655,1824.8244,7907.0621,8059.0032,PENDING_AG03,FALSE,NOT_FOR_ENFORCEMENT,9488.4745,2189415.6736,9883.8276,9488.4745,395.3531,0.00395337,0.00379523,395.3531,9488.4745,0.00379523,395.3531,395.3531,395.3531,395.3531,395.3531,9488.4745,0.00379523,1976.7655,1824.8244,7907.0621,8059.0032,0.00316269,0.00322347,0.00015813,212.5216,219.9480,0.9532,119.0823,2.3972,30121.7335,124.9277,49.0469,238.9093,36.5364,75.9244,374.9013,749.8027,789.266,1183.8989,75.8035,-1.1839,10.395423,15.593133,2.799122,29,215,300,5,0.03207536,0.00395337,0.05088190,0E-8,0.000000,0.912219,0.000000,-0.04848366,2026-03-31,2026-08-01,83,4123,1621,124,0.669355,0.205295,0.230786,0.106918,,,,,,,,GLOBAL_BASELINE_NO_ENTITY_RANKING,,,NOT_APPLICABLE_GLOBAL_BASELINE,HF9g-P5,,,,X 全窗基线 · 不参与实体赏罚,15054479,1506,A168_HF9F_20260827_0900,2026-08-27 09:00:00
2026-04-02,92755421,2129,0,405.9594852435,0E-10,0E-10,0.5000000,5,5,0.49860758000000000,0.498607580000,0.005569701597489473,0.005569701597489473,0.005569701597489473,0E-17,ELIGIBLE,R03b_20260811_FULL_v1,L1_ELIGIBILITY,v2026-08-11,2026-03-21..2026-08-06,baccarat_bet02_101_all_pairs_incl_sentinel,round_win = game_pnl > 0 (decisive only),COMPATIBILITY_ONLY_NOT_PRODUCTION,2500103.8841,2280641.3266,9883.8276,11764,10369,-0.00395337,-0.05088190,-0.00239824,-0.00395337,-9883.8276,2500103.8841,OK,0.0000,395.3531,4.0000,96.0000,AG03-UNRESOLVED,ALL5_LEVELS_bet23_to_bet27,395.3531,395.3531,395.3531,395.3531,395.3531,4.000000,4.000000,4.000000,4.000000,4.000000,96.000000,96.000000,96.000000,96.000000,96.000000,5.0,1976.7655,1824.8244,7907.0621,8059.0032,PENDING_AG03,FALSE,NOT_FOR_ENFORCEMENT,9488.4745,2189415.6736,9883.8276,9488.4745,395.3531,0.00395337,0.00379523,395.3531,9488.4745,0.00379523,395.3531,395.3531,395.3531,395.3531,395.3531,9488.4745,0.00379523,1976.7655,1824.8244,7907.0621,8059.0032,0.00316269,0.00322347,0.00015813,212.5216,219.9480,0.9532,119.0823,2.3972,30121.7335,124.9277,49.0469,238.9093,36.5364,75.9244,374.9013,749.8027,789.266,1183.8989,75.8035,-1.1839,10.395423,15.593133,2.799122,29,215,300,5,0.03207536,0.00395337,0.05088190,0E-8,0.000000,0.912219,0.000000,-0.04848366,2026-03-31,2026-08-01,83,4123,1621,124,0.669355,0.205295,0.230786,0.106918,,,,,,,,GLOBAL_BASELINE_NO_ENTITY_RANKING,,,NOT_APPLICABLE_GLOBAL_BASELINE,HF9g-P5,,,,X 全窗基线 · 不参与实体赏罚,15054480,1506,A168_HF9F_20260827_0900,2026-08-27 09:00:00
2026-04-02,92755421,2134,0,239.5160962936,-239.5160962936,-239.5160962936,0E-7,2,2,0.49994810000000000,0.499948100000,-1.4140667746232096,-1.4140667746232096,-1.4140667746232096,0E-17,ELIGIBLE,R03b_20260811_FULL_v1,L1_ELIGIBILITY,v2026-08-11,2026-03-21..2026-08-06,baccarat_bet02_101_all_pairs_incl_sentinel,round_win = game_pnl > 0 (decisive only),COMPATIBILITY_ONLY_NOT_PRODUCTION,2500103.8841,2280641.3266,9883.8276,11764,10369,-0.00395337,-0.05088190,-0.00239824,-0.00395337,-9883.8276,2500103.8841,OK,0.0000,395.3531,4.0000,96.0000,AG03-UNRESOLVED,ALL5_LEVELS_bet23_to_bet27,395.3531,395.3531,395.3531,395.3531,395.3531,4.000000,4.000000,4.000000,4.000000,4.000000,96.000000,96.000000,96.000000,96.000000,96.000000,5.0,1976.7655,1824.8244,7907.0621,8059.0032,PENDING_AG03,FALSE,NOT_FOR_ENFORCEMENT,9488.4745,2189415.6736,9883.8276,9488.4745,395.3531,0.00395337,0.00379523,395.3531,9488.4745,0.00379523,395.3531,395.3531,395.3531,395.3531,395.3531,9488.4745,0.00379523,1976.7655,1824.8244,7907.0621,8059.0032,0.00316269,0.00322347,0.00015813,212.5216,219.9480,0.9532,119.0823,2.3972,30121.7335,124.9277,49.0469,238.9093,36.5364,75.9244,374.9013,749.8027,789.266,1183.8989,75.8035,-1.1839,10.395423,15.593133,2.799122,29,215,300,5,0.03207536,0.00395337,0.05088190,0E-8,0.000000,0.912219,0.000000,-0.04848366,2026-03-31,2026-08-01,83,4123,1621,124,0.669355,0.205295,0.230786,0.106918,,,,,,,,GLOBAL_BASELINE_NO_ENTITY_RANKING,,,NOT_APPLICABLE_GLOBAL_BASELINE,HF9g-P5,,,,X 全窗基线 · 不参与实体赏罚,15054481,1506,A168_HF9F_20260827_0900,2026-08-27 09:00:00
2026-04-02,92755421,2141,0,515.5685462591,-202.9797426218,-202.9797426218,0.3333333,6,6,0.50218230000000000,0.502182300000,-0.8271955028234007,-0.8271955028234007,-0.8271955028234007,0E-17,ELIGIBLE,R03b_20260811_FULL_v1,L1_ELIGIBILITY,v2026-08-11,2026-03-21..2026-08-06,baccarat_bet02_101_all_pairs_incl_sentinel,round_win = game_pnl > 0 (decisive only),COMPATIBILITY_ONLY_NOT_PRODUCTION,2500103.8841,2280641.3266,9883.8276,11764,10369,-0.00395337,-0.05088190,-0.00239824,-0.00395337,-9883.8276,2500103.8841,OK,0.0000,395.3531,4.0000,96.0000,AG03-UNRESOLVED,ALL5_LEVELS_bet23_to_bet27,395.3531,395.3531,395.3531,395.3531,395.3531,4.000000,4.000000,4.000000,4.000000,4.000000,96.000000,96.000000,96.000000,96.000000,96.000000,5.0,1976.7655,1824.8244,7907.0621,8059.0032,PENDING_AG03,FALSE,NOT_FOR_ENFORCEMENT,9488.4745,2189415.6736,9883.8276,9488.4745,395.3531,0.00395337,0.00379523,395.3531,9488.4745,0.00379523,395.3531,395.3531,395.3531,395.3531,395.3531,9488.4745,0.00379523,1976.7655,1824.8244,7907.0621,8059.0032,0.00316269,0.00322347,0.00015813,212.5216,219.9480,0.9532,119.0823,2.3972,30121.7335,124.9277,49.0469,238.9093,36.5364,75.9244,374.9013,749.8027,789.266,1183.8989,75.8035,-1.1839,10.395423,15.593133,2.799122,29,215,300,5,0.03207536,0.00395337,0.05088190,0E-8,0.000000,0.912219,0.000000,-0.04848366,2026-03-31,2026-08-01,83,4123,1621,124,0.669355,0.205295,0.230786,0.106918,,,,,,,,GLOBAL_BASELINE_NO_ENTITY_RANKING,,,NOT_APPLICABLE_GLOBAL_BASELINE,HF9g-P5,,,,X 全窗基线 · 不参与实体赏罚,15054482,1506,A168_HF9F_20260827_0900,2026-08-27 09:00:00
2026-04-02,92755421,2142,0,535.8665205213,184.7115657858,184.7115657858,0.6666667,7,6,0.49411988030305847,0.458179683333,0.8453616268391027,1.0249649487994938,0.8453616268391027,0.03594019697005847,ELIGIBLE,R03b_20260811_FULL_v1,L1_ELIGIBILITY,v2026-08-11,2026-03-21..2026-08-06,baccarat_bet02_101_all_pairs_incl_sentinel,round_win = game_pnl > 0 (decisive only),COMPATIBILITY_ONLY_NOT_PRODUCTION,2500103.8841,2280641.3266,9883.8276,11764,10369,-0.00395337,-0.05088190,-0.00239824,-0.00395337,-9883.8276,2500103.8841,OK,0.0000,395.3531,4.0000,96.0000,AG03-UNRESOLVED,ALL5_LEVELS_bet23_to_bet27,395.3531,395.3531,395.3531,395.3531,395.3531,4.000000,4.000000,4.000000,4.000000,4.000000,96.000000,96.000000,96.000000,96.000000,96.000000,5.0,1976.7655,1824.8244,7907.0621,8059.0032,PENDING_AG03,FALSE,NOT_FOR_ENFORCEMENT,9488.4745,2189415.6736,9883.8276,9488.4745,395.3531,0.00395337,0.00379523,395.3531,9488.4745,0.00379523,395.3531,395.3531,395.3531,395.3531,395.3531,9488.4745,0.00379523,1976.7655,1824.8244,7907.0621,8059.0032,0.00316269,0.00322347,0.00015813,212.5216,219.9480,0.9532,119.0823,2.3972,30121.7335,124.9277,49.0469,238.9093,36.5364,75.9244,374.9013,749.8027,789.266,1183.8989,75.8035,-1.1839,10.395423,15.593133,2.799122,29,215,300,5,0.03207536,0.00395337,0.05088190,0E-8,0.000000,0.912219,0.000000,-0.04848366,2026-03-31,2026-08-01,83,4123,1621,124,0.669355,0.205295,0.230786,0.106918,,,,,,,,GLOBAL_BASELINE_NO_ENTITY_RANKING,,,NOT_APPLICABLE_GLOBAL_BASELINE,HF9g-P5,,,,X 全窗基线 · 不参与实体赏罚,15054483,1506,A168_HF9F_20260827_0900,2026-08-27 09:00:00
2026-04-02,92755421,2152,0,684.0417326350,-81.1918970486,-81.1918970486,0.4000000,7,6,0.50299013801170700,0.463765183333,-0.46059413556171114,-0.2859183572708077,-0.46059413556171114,0.03922495467870700,ELIGIBLE,R03b_20260811_FULL_v1,L1_ELIGIBILITY,v2026-08-11,2026-03-21..2026-08-06,baccarat_bet02_101_all_pairs_incl_sentinel,round_win = game_pnl > 0 (decisive only),COMPATIBILITY_ONLY_NOT_PRODUCTION,2500103.8841,2280641.3266,9883.8276,11764,10369,-0.00395337,-0.05088190,-0.00239824,-0.00395337,-9883.8276,2500103.8841,OK,0.0000,395.3531,4.0000,96.0000,AG03-UNRESOLVED,ALL5_LEVELS_bet23_to_bet27,395.3531,395.3531,395.3531,395.3531,395.3531,4.000000,4.000000,4.000000,4.000000,4.000000,96.000000,96.000000,96.000000,96.000000,96.000000,5.0,1976.7655,1824.8244,7907.0621,8059.0032,PENDING_AG03,FALSE,NOT_FOR_ENFORCEMENT,9488.4745,2189415.6736,9883.8276,9488.4745,395.3531,0.00395337,0.00379523,395.3531,9488.4745,0.00379523,395.3531,395.3531,395.3531,395.3531,395.3531,9488.4745,0.00379523,1976.7655,1824.8244,7907.0621,8059.0032,0.00316269,0.00322347,0.00015813,212.5216,219.9480,0.9532,119.0823,2.3972,30121.7335,124.9277,49.0469,238.9093,36.5364,75.9244,374.9013,749.8027,789.266,1183.8989,75.8035,-1.1839,10.395423,15.593133,2.799122,29,215,300,5,0.03207536,0.00395337,0.05088190,0E-8,0.000000,0.912219,0.000000,-0.04848366,2026-03-31,2026-08-01,83,4123,1621,124,0.669355,0.205295,0.230786,0.106918,,,,,,,,GLOBAL_BASELINE_NO_ENTITY_RANKING,,,NOT_APPLICABLE_GLOBAL_BASELINE,HF9g-P5,,,,X 全窗基线 · 不参与实体赏罚,15054484,1506,A168_HF9F_20260827_0900,2026-08-27 09:00:00
2026-04-02,92755421,2153,0,956.0345877480,-17.8622173507,-17.8622173507,0.4285714,9,8,0.50055397850878025,0.471135262500,-0.3808960855291792,-0.22560288507790552,-0.3808960855291792,0.02941871600878025,ELIGIBLE,R03b_20260811_FULL_v1,L1_ELIGIBILITY,v2026-08-11,2026-03-21..2026-08-06,baccarat_bet02_101_all_pairs_incl_sentinel,round_win = game_pnl > 0 (decisive only),COMPATIBILITY_ONLY_NOT_PRODUCTION,2500103.8841,2280641.3266,9883.8276,11764,10369,-0.00395337,-0.05088190,-0.00239824,-0.00395337,-9883.8276,2500103.8841,OK,0.0000,395.3531,4.0000,96.0000,AG03-UNRESOLVED,ALL5_LEVELS_bet23_to_bet27,395.3531,395.3531,395.3531,395.3531,395.3531,4.000000,4.000000,4.000000,4.000000,4.000000,96.000000,96.000000,96.000000,96.000000,96.000000,5.0,1976.7655,1824.8244,7907.0621,8059.0032,PENDING_AG03,FALSE,NOT_FOR_ENFORCEMENT,9488.4745,2189415.6736,9883.8276,9488.4745,395.3531,0.00395337,0.00379523,395.3531,9488.4745,0.00379523,395.3531,395.3531,395.3531,395.3531,395.3531,9488.4745,0.00379523,1976.7655,1824.8244,7907.0621,8059.0032,0.00316269,0.00322347,0.00015813,212.5216,219.9480,0.9532,119.0823,2.3972,30121.7335,124.9277,49.0469,238.9093,36.5364,75.9244,374.9013,749.8027,789.266,1183.8989,75.8035,-1.1839,10.395423,15.593133,2.799122,29,215,300,5,0.03207536,0.00395337,0.05088190,0E-8,0.000000,0.912219,0.000000,-0.04848366,2026-03-31,2026-08-01,83,4123,1621,124,0.669355,0.205295,0.230786,0.106918,,,,,,,,GLOBAL_BASELINE_NO_ENTITY_RANKING,,,NOT_APPLICABLE_GLOBAL_BASELINE,HF9g-P5,,,,X 全窗基线 · 不参与实体赏罚,15054485,1506,A168_HF9F_20260827_0900,2026-08-27 09:00:00
2026-04-02,92755421,2156,0,85.2514919011,-85.2514919011,-85.2514919011,0E-7,2,1,0.47065451904780454,0.256040200000,-0.9429344687669807,-0.5866503638730671,-0.9429344687669807,0.21461431904780454,ELIGIBLE,R03b_20260811_FULL_v1,L1_ELIGIBILITY,v2026-08-11,2026-03-21..2026-08-06,baccarat_bet02_101_all_pairs_incl_sentinel,round_win = game_pnl > 0 (decisive only),COMPATIBILITY_ONLY_NOT_PRODUCTION,2500103.8841,2280641.3266,9883.8276,11764,10369,-0.00395337,-0.05088190,-0.00239824,-0.00395337,-9883.8276,2500103.8841,OK,0.0000,395.3531,4.0000,96.0000,AG03-UNRESOLVED,ALL5_LEVELS_bet23_to_bet27,395.3531,395.3531,395.3531,395.3531,395.3531,4.000000,4.000000,4.000000,4.000000,4.000000,96.000000,96.000000,96.000000,96.000000,96.000000,5.0,1976.7655,1824.8244,7907.0621,8059.0032,PENDING_AG03,FALSE,NOT_FOR_ENFORCEMENT,9488.4745,2189415.6736,9883.8276,9488.4745,395.3531,0.00395337,0.00379523,395.3531,9488.4745,0.00379523,395.3531,395.3531,395.3531,395.3531,395.3531,9488.4745,0.00379523,1976.7655,1824.8244,7907.0621,8059.0032,0.00316269,0.00322347,0.00015813,212.5216,219.9480,0.9532,119.0823,2.3972,30121.7335,124.9277,49.0469,238.9093,36.5364,75.9244,374.9013,749.8027,789.266,1183.8989,75.8035,-1.1839,10.395423,15.593133,2.799122,29,215,300,5,0.03207536,0.00395337,0.05088190,0E-8,0.000000,0.912219,0.000000,-0.04848366,2026-03-31,2026-08-01,83,4123,1621,124,0.669355,0.205295,0.230786,0.106918,,,,,,,,GLOBAL_BASELINE_NO_ENTITY_RANKING,,,NOT_APPLICABLE_GLOBAL_BASELINE,HF9g-P5,,,,X 全窗基线 · 不参与实体赏罚,15054486,1506,A168_HF9F_20260827_0900,2026-08-27 09:00:00
2026-04-02,92755421,2160,0,608.9392278650,-243.5756911460,-243.5756911460,0.2500000,5,5,0.49324550000000000,0.493245500000,-0.9730707933947887,-0.9730707933947887,-0.9730707933947887,0E-17,ELIGIBLE,R03b_20260811_FULL_v1,L1_ELIGIBILITY,v2026-08-11,2026-03-21..2026-08-06,baccarat_bet02_101_all_pairs_incl_sentinel,round_win = game_pnl > 0 (decisive only),COMPATIBILITY_ONLY_NOT_PRODUCTION,2500103.8841,2280641.3266,9883.8276,11764,10369,-0.00395337,-0.05088190,-0.00239824,-0.00395337,-9883.8276,2500103.8841,OK,0.0000,395.3531,4.0000,96.0000,AG03-UNRESOLVED,ALL5_LEVELS_bet23_to_bet27,395.3531,395.3531,395.3531,395.3531,395.3531,4.000000,4.000000,4.000000,4.000000,4.000000,96.000000,96.000000,96.000000,96.000000,96.000000,5.0,1976.7655,1824.8244,7907.0621,8059.0032,PENDING_AG03,FALSE,NOT_FOR_ENFORCEMENT,9488.4745,2189415.6736,9883.8276,9488.4745,395.3531,0.00395337,0.00379523,395.3531,9488.4745,0.00379523,395.3531,395.3531,395.3531,395.3531,395.3531,9488.4745,0.00379523,1976.7655,1824.8244,7907.0621,8059.0032,0.00316269,0.00322347,0.00015813,212.5216,219.9480,0.9532,119.0823,2.3972,30121.7335,124.9277,49.0469,238.9093,36.5364,75.9244,374.9013,749.8027,789.266,1183.8989,75.8035,-1.1839,10.395423,15.593133,2.799122,29,215,300,5,0.03207536,0.00395337,0.05088190,0E-8,0.000000,0.912219,0.000000,-0.04848366,2026-03-31,2026-08-01,83,4123,1621,124,0.669355,0.205295,0.230786,0.106918,,,,,,,,GLOBAL_BASELINE_NO_ENTITY_RANKING,,,NOT_APPLICABLE_GLOBAL_BASELINE,HF9g-P5,,,,X 全窗基线 · 不参与实体赏罚,15054487,1506,A168_HF9F_20260827_0900,2026-08-27 09:00:00
2026-04-02,92755421,2167,0,468.8832054560,233.4267040150,233.4267040150,0.7500000,5,4,0.49786735175440215,0.440646775000,1.0085397670821377,1.2462244638917332,1.0085397670821377,0.05722057675440215,ELIGIBLE,R03b_20260811_FULL_v1,L1_ELIGIBILITY,v2026-08-11,2026-03-21..2026-08-06,baccarat_bet02_101_all_pairs_incl_sentinel,round_win = game_pnl > 0 (decisive only),COMPATIBILITY_ONLY_NOT_PRODUCTION,2500103.8841,2280641.3266,9883.8276,11764,10369,-0.00395337,-0.05088190,-0.00239824,-0.00395337,-9883.8276,2500103.8841,OK,0.0000,395.3531,4.0000,96.0000,AG03-UNRESOLVED,ALL5_LEVELS_bet23_to_bet27,395.3531,395.3531,395.3531,395.3531,395.3531,4.000000,4.000000,4.000000,4.000000,4.000000,96.000000,96.000000,96.000000,96.000000,96.000000,5.0,1976.7655,1824.8244,7907.0621,8059.0032,PENDING_AG03,FALSE,NOT_FOR_ENFORCEMENT,9488.4745,2189415.6736,9883.8276,9488.4745,395.3531,0.00395337,0.00379523,395.3531,9488.4745,0.00379523,395.3531,395.3531,395.3531,395.3531,395.3531,9488.4745,0.00379523,1976.7655,1824.8244,7907.0621,8059.0032,0.00316269,0.00322347,0.00015813,212.5216,219.9480,0.9532,119.0823,2.3972,30121.7335,124.9277,49.0469,238.9093,36.5364,75.9244,374.9013,749.8027,789.266,1183.8989,75.8035,-1.1839,10.395423,15.593133,2.799122,29,215,300,5,0.03207536,0.00395337,0.05088190,0E-8,0.000000,0.912219,0.000000,-0.04848366,2026-03-31,2026-08-01,83,4123,1621,124,0.669355,0.205295,0.230786,0.106918,,,,,,,,GLOBAL_BASELINE_NO_ENTITY_RANKING,,,NOT_APPLICABLE_GLOBAL_BASELINE,HF9g-P5,,,,X 全窗基线 · 不参与实体赏罚,15054488,1506,A168_HF9F_20260827_0900,2026-08-27 09:00:00
2026-04-02,92755421,2171,0,1344.9437746111,153.0467259369,153.0467259369,0.5000000,21,16,0.49374607664911330,0.424145793750,0.046803738281711714,0.5742881196429364,0.046803738281711714,0.06960028289911330,ELIGIBLE,R03b_20260811_FULL_v1,L1_ELIGIBILITY,v2026-08-11,2026-03-21..2026-08-06,baccarat_bet02_101_all_pairs_incl_sentinel,round_win = game_pnl > 0 (decisive only),COMPATIBILITY_ONLY_NOT_PRODUCTION,2500103.8841,2280641.3266,9883.8276,11764,10369,-0.00395337,-0.05088190,-0.00239824,-0.00395337,-9883.8276,2500103.8841,OK,0.0000,395.3531,4.0000,96.0000,AG03-UNRESOLVED,ALL5_LEVELS_bet23_to_bet27,395.3531,395.3531,395.3531,395.3531,395.3531,4.000000,4.000000,4.000000,4.000000,4.000000,96.000000,96.000000,96.000000,96.000000,96.000000,5.0,1976.7655,1824.8244,7907.0621,8059.0032,PENDING_AG03,FALSE,NOT_FOR_ENFORCEMENT,9488.4745,2189415.6736,9883.8276,9488.4745,395.3531,0.00395337,0.00379523,395.3531,9488.4745,0.00379523,395.3531,395.3531,395.3531,395.3531,395.3531,9488.4745,0.00379523,1976.7655,1824.8244,7907.0621,8059.0032,0.00316269,0.00322347,0.00015813,212.5216,219.9480,0.9532,119.0823,2.3972,30121.7335,124.9277,49.0469,238.9093,36.5364,75.9244,374.9013,749.8027,789.266,1183.8989,75.8035,-1.1839,10.395423,15.593133,2.799122,29,215,300,5,0.03207536,0.00395337,0.05088190,0E-8,0.000000,0.912219,0.000000,-0.04848366,2026-03-31,2026-08-01,83,4123,1621,124,0.669355,0.205295,0.230786,0.106918,,,,,,,,GLOBAL_BASELINE_NO_ENTITY_RANKING,,,NOT_APPLICABLE_GLOBAL_BASELINE,HF9g-P5,,,,X 全窗基线 · 不参与实体赏罚,15054489,1506,A168_HF9F_20260827_0900,2026-08-27 09:00:00
2026-04-02,92755421,2188,0,389.7211058336,-77.1323021963,-77.1323021963,0.4000000,5,5,0.49860758000000000,0.498607580000,-0.440988213962219,-0.440988213962219,-0.440988213962219,0E-17,ELIGIBLE,R03b_20260811_FULL_v1,L1_ELIGIBILITY,v2026-08-11,2026-03-21..2026-08-06,baccarat_bet02_101_all_pairs_incl_sentinel,round_win = game_pnl > 0 (decisive only),COMPATIBILITY_ONLY_NOT_PRODUCTION,2500103.8841,2280641.3266,9883.8276,11764,10369,-0.00395337,-0.05088190,-0.00239824,-0.00395337,-9883.8276,2500103.8841,OK,0.0000,395.3531,4.0000,96.0000,AG03-UNRESOLVED,ALL5_LEVELS_bet23_to_bet27,395.3531,395.3531,395.3531,395.3531,395.3531,4.000000,4.000000,4.000000,4.000000,4.000000,96.000000,96.000000,96.000000,96.000000,96.000000,5.0,1976.7655,1824.8244,7907.0621,8059.0032,PENDING_AG03,FALSE,NOT_FOR_ENFORCEMENT,9488.4745,2189415.6736,9883.8276,9488.4745,395.3531,0.00395337,0.00379523,395.3531,9488.4745,0.00379523,395.3531,395.3531,395.3531,395.3531,395.3531,9488.4745,0.00379523,1976.7655,1824.8244,7907.0621,8059.0032,0.00316269,0.00322347,0.00015813,212.5216,219.9480,0.9532,119.0823,2.3972,30121.7335,124.9277,49.0469,238.9093,36.5364,75.9244,374.9013,749.8027,789.266,1183.8989,75.8035,-1.1839,10.395423,15.593133,2.799122,29,215,300,5,0.03207536,0.00395337,0.05088190,0E-8,0.000000,0.912219,0.000000,-0.04848366,2026-03-31,2026-08-01,83,4123,1621,124,0.669355,0.205295,0.230786,0.106918,,,,,,,,GLOBAL_BASELINE_NO_ENTITY_RANKING,,,NOT_APPLICABLE_GLOBAL_BASELINE,HF9g-P5,,,,X 全窗基线 · 不参与实体赏罚,15054490,1506,A168_HF9F_20260827_0900,2026-08-27 09:00:00
2026-04-02,92755421,2196,0,520.4400600820,381.3989363860,381.3989363860,0.8571429,8,7,0.50021563437056898,0.466061628571,1.88868151084937,2.0741910233154695,1.88868151084937,0.03415400579956898,ELIGIBLE,R03b_20260811_FULL_v1,L1_ELIGIBILITY,v2026-08-11,2026-03-21..2026-08-06,baccarat_bet02_101_all_pairs_incl_sentinel,round_win = game_pnl > 0 (decisive only),COMPATIBILITY_ONLY_NOT_PRODUCTION,2500103.8841,2280641.3266,9883.8276,11764,10369,-0.00395337,-0.05088190,-0.00239824,-0.00395337,-9883.8276,2500103.8841,OK,0.0000,395.3531,4.0000,96.0000,AG03-UNRESOLVED,ALL5_LEVELS_bet23_to_bet27,395.3531,395.3531,395.3531,395.3531,395.3531,4.000000,4.000000,4.000000,4.000000,4.000000,96.000000,96.000000,96.000000,96.000000,96.000000,5.0,1976.7655,1824.8244,7907.0621,8059.0032,PENDING_AG03,FALSE,NOT_FOR_ENFORCEMENT,9488.4745,2189415.6736,9883.8276,9488.4745,395.3531,0.00395337,0.00379523,395.3531,9488.4745,0.00379523,395.3531,395.3531,395.3531,395.3531,395.3531,9488.4745,0.00379523,1976.7655,1824.8244,7907.0621,8059.0032,0.00316269,0.00322347,0.00015813,212.5216,219.9480,0.9532,119.0823,2.3972,30121.7335,124.9277,49.0469,238.9093,36.5364,75.9244,374.9013,749.8027,789.266,1183.8989,75.8035,-1.1839,10.395423,15.593133,2.799122,29,215,300,5,0.03207536,0.00395337,0.05088190,0E-8,0.000000,0.912219,0.000000,-0.04848366,2026-03-31,2026-08-01,83,4123,1621,124,0.669355,0.205295,0.230786,0.106918,,,,,,,,GLOBAL_BASELINE_NO_ENTITY_RANKING,,,NOT_APPLICABLE_GLOBAL_BASELINE,HF9g-P5,,,,X 全窗基线 · 不参与实体赏罚,15054491,1506,A168_HF9F_20260827_0900,2026-08-27 09:00:00
2026-04-02,92755421,2201,0,359.2741444403,121.7878455731,121.7878455731,0.6666667,4,3,0.49493956900586953,0.418645466667,0.5949105860451515,0.8707745022662297,0.5949105860451515,0.07629410233886953,ELIGIBLE,R03b_20260811_FULL_v1,L1_ELIGIBILITY,v2026-08-11,2026-03-21..2026-08-06,baccarat_bet02_101_all_pairs_incl_sentinel,round_win = game_pnl > 0 (decisive only),COMPATIBILITY_ONLY_NOT_PRODUCTION,2500103.8841,2280641.3266,9883.8276,11764,10369,-0.00395337,-0.05088190,-0.00239824,-0.00395337,-9883.8276,2500103.8841,OK,0.0000,395.3531,4.0000,96.0000,AG03-UNRESOLVED,ALL5_LEVELS_bet23_to_bet27,395.3531,395.3531,395.3531,395.3531,395.3531,4.000000,4.000000,4.000000,4.000000,4.000000,96.000000,96.000000,96.000000,96.000000,96.000000,5.0,1976.7655,1824.8244,7907.0621,8059.0032,PENDING_AG03,FALSE,NOT_FOR_ENFORCEMENT,9488.4745,2189415.6736,9883.8276,9488.4745,395.3531,0.00395337,0.00379523,395.3531,9488.4745,0.00379523,395.3531,395.3531,395.3531,395.3531,395.3531,9488.4745,0.00379523,1976.7655,1824.8244,7907.0621,8059.0032,0.00316269,0.00322347,0.00015813,212.5216,219.9480,0.9532,119.0823,2.3972,30121.7335,124.9277,49.0469,238.9093,36.5364,75.9244,374.9013,749.8027,789.266,1183.8989,75.8035,-1.1839,10.395423,15.593133,2.799122,29,215,300,5,0.03207536,0.00395337,0.05088190,0E-8,0.000000,0.912219,0.000000,-0.04848366,2026-03-31,2026-08-01,83,4123,1621,124,0.669355,0.205295,0.230786,0.106918,,,,,,,,GLOBAL_BASELINE_NO_ENTITY_RANKING,,,NOT_APPLICABLE_GLOBAL_BASELINE,HF9g-P5,,,,X 全窗基线 · 不参与实体赏罚,15054492,1506,A168_HF9F_20260827_0900,2026-08-27 09:00:00
2026-04-02,92755421,2205,0,2007.4696545277,649.5351763898,649.5351763898,0.6470588,28,18,0.49264221736010389,0.366677911111,1.2734898483881023,2.398933522706177,1.2734898483881023,0.12596430624910389,ELIGIBLE,R03b_20260811_FULL_v1,L1_ELIGIBILITY,v2026-08-11,2026-03-21..2026-08-06,baccarat_bet02_101_all_pairs_incl_sentinel,round_win = game_pnl > 0 (decisive only),COMPATIBILITY_ONLY_NOT_PRODUCTION,2500103.8841,2280641.3266,9883.8276,11764,10369,-0.00395337,-0.05088190,-0.00239824,-0.00395337,-9883.8276,2500103.8841,OK,0.0000,395.3531,4.0000,96.0000,AG03-UNRESOLVED,ALL5_LEVELS_bet23_to_bet27,395.3531,395.3531,395.3531,395.3531,395.3531,4.000000,4.000000,4.000000,4.000000,4.000000,96.000000,96.000000,96.000000,96.000000,96.000000,5.0,1976.7655,1824.8244,7907.0621,8059.0032,PENDING_AG03,FALSE,NOT_FOR_ENFORCEMENT,9488.4745,2189415.6736,9883.8276,9488.4745,395.3531,0.00395337,0.00379523,395.3531,9488.4745,0.00379523,395.3531,395.3531,395.3531,395.3531,395.3531,9488.4745,0.00379523,1976.7655,1824.8244,7907.0621,8059.0032,0.00316269,0.00322347,0.00015813,212.5216,219.9480,0.9532,119.0823,2.3972,30121.7335,124.9277,49.0469,238.9093,36.5364,75.9244,374.9013,749.8027,789.266,1183.8989,75.8035,-1.1839,10.395423,15.593133,2.799122,29,215,300,5,0.03207536,0.00395337,0.05088190,0E-8,0.000000,0.912219,0.000000,-0.04848366,2026-03-31,2026-08-01,83,4123,1621,124,0.669355,0.205295,0.230786,0.106918,,,,,,,,GLOBAL_BASELINE_NO_ENTITY_RANKING,,,NOT_APPLICABLE_GLOBAL_BASELINE,HF9g-P5,,,,X 全窗基线 · 不参与实体赏罚,15054493,1506,A168_HF9F_20260827_0900,2026-08-27 09:00:00
2026-04-02,92755421,2209,0,359.2741444403,121.7878455731,121.7878455731,0.6666667,4,3,0.49932957602341400,0.420879666667,0.5796732070594501,0.862295573878678,0.5796732070594501,0.07844990935641400,ELIGIBLE,R03b_20260811_FULL_v1,L1_ELIGIBILITY,v2026-08-11,2026-03-21..2026-08-06,baccarat_bet02_101_all_pairs_incl_sentinel,round_win = game_pnl > 0 (decisive only),COMPATIBILITY_ONLY_NOT_PRODUCTION,2500103.8841,2280641.3266,9883.8276,11764,10369,-0.00395337,-0.05088190,-0.00239824,-0.00395337,-9883.8276,2500103.8841,OK,0.0000,395.3531,4.0000,96.0000,AG03-UNRESOLVED,ALL5_LEVELS_bet23_to_bet27,395.3531,395.3531,395.3531,395.3531,395.3531,4.000000,4.000000,4.000000,4.000000,4.000000,96.000000,96.000000,96.000000,96.000000,96.000000,5.0,1976.7655,1824.8244,7907.0621,8059.0032,PENDING_AG03,FALSE,NOT_FOR_ENFORCEMENT,9488.4745,2189415.6736,9883.8276,9488.4745,395.3531,0.00395337,0.00379523,395.3531,9488.4745,0.00379523,395.3531,395.3531,395.3531,395.3531,395.3531,9488.4745,0.00379523,1976.7655,1824.8244,7907.0621,8059.0032,0.00316269,0.00322347,0.00015813,212.5216,219.9480,0.9532,119.0823,2.3972,30121.7335,124.9277,49.0469,238.9093,36.5364,75.9244,374.9013,749.8027,789.266,1183.8989,75.8035,-1.1839,10.395423,15.593133,2.799122,29,215,300,5,0.03207536,0.00395337,0.05088190,0E-8,0.000000,0.912219,0.000000,-0.04848366,2026-03-31,2026-08-01,83,4123,1621,124,0.669355,0.205295,0.230786,0.106918,,,,,,,,GLOBAL_BASELINE_NO_ENTITY_RANKING,,,NOT_APPLICABLE_GLOBAL_BASELINE,HF9g-P5,,,,X 全窗基线 · 不参与实体赏罚,15054494,1506,A168_HF9F_20260827_0900,2026-08-27 09:00:00
2026-04-02,92755421,2212,0,81.1918970487,-81.1918970487,-81.1918970487,0E-7,1,1,0.49324550000000000,0.493245500000,-0.9865810262130424,-0.9865810262130424,-0.9865810262130424,0E-17,ELIGIBLE,R03b_20260811_FULL_v1,L1_ELIGIBILITY,v2026-08-11,2026-03-21..2026-08-06,baccarat_bet02_101_all_pairs_incl_sentinel,round_win = game_pnl > 0 (decisive only),COMPATIBILITY_ONLY_NOT_PRODUCTION,2500103.8841,2280641.3266,9883.8276,11764,10369,-0.00395337,-0.05088190,-0.00239824,-0.00395337,-9883.8276,2500103.8841,OK,0.0000,395.3531,4.0000,96.0000,AG03-UNRESOLVED,ALL5_LEVELS_bet23_to_bet27,395.3531,395.3531,395.3531,395.3531,395.3531,4.000000,4.000000,4.000000,4.000000,4.000000,96.000000,96.000000,96.000000,96.000000,96.000000,5.0,1976.7655,1824.8244,7907.0621,8059.0032,PENDING_AG03,FALSE,NOT_FOR_ENFORCEMENT,9488.4745,2189415.6736,9883.8276,9488.4745,395.3531,0.00395337,0.00379523,395.3531,9488.4745,0.00379523,395.3531,395.3531,395.3531,395.3531,395.3531,9488.4745,0.00379523,1976.7655,1824.8244,7907.0621,8059.0032,0.00316269,0.00322347,0.00015813,212.5216,219.9480,0.9532,119.0823,2.3972,30121.7335,124.9277,49.0469,238.9093,36.5364,75.9244,374.9013,749.8027,789.266,1183.8989,75.8035,-1.1839,10.395423,15.593133,2.799122,29,215,300,5,0.03207536,0.00395337,0.05088190,0E-8,0.000000,0.912219,0.000000,-0.04848366,2026-03-31,2026-08-01,83,4123,1621,124,0.669355,0.205295,0.230786,0.106918,,,,,,,,GLOBAL_BASELINE_NO_ENTITY_RANKING,,,NOT_APPLICABLE_GLOBAL_BASELINE,HF9g-P5,,,,X 全窗基线 · 不参与实体赏罚,15054495,1506,A168_HF9F_20260827_0900,2026-08-27 09:00:00
2026-04-02,92755421,2216,0,450.6150286201,284.5775991555,284.5775991555,0.8333333,6,6,0.49994810000000000,0.499948100000,1.6332474276894162,1.6332474276894162,1.6332474276894162,0E-17,ELIGIBLE,R03b_20260811_FULL_v1,L1_ELIGIBILITY,v2026-08-11,2026-03-21..2026-08-06,baccarat_bet02_101_all_pairs_incl_sentinel,round_win = game_pnl > 0 (decisive only),COMPATIBILITY_ONLY_NOT_PRODUCTION,2500103.8841,2280641.3266,9883.8276,11764,10369,-0.00395337,-0.05088190,-0.00239824,-0.00395337,-9883.8276,2500103.8841,OK,0.0000,395.3531,4.0000,96.0000,AG03-UNRESOLVED,ALL5_LEVELS_bet23_to_bet27,395.3531,395.3531,395.3531,395.3531,395.3531,4.000000,4.000000,4.000000,4.000000,4.000000,96.000000,96.000000,96.000000,96.000000,96.000000,5.0,1976.7655,1824.8244,7907.0621,8059.0032,PENDING_AG03,FALSE,NOT_FOR_ENFORCEMENT,9488.4745,2189415.6736,9883.8276,9488.4745,395.3531,0.00395337,0.00379523,395.3531,9488.4745,0.00379523,395.3531,395.3531,395.3531,395.3531,395.3531,9488.4745,0.00379523,1976.7655,1824.8244,7907.0621,8059.0032,0.00316269,0.00322347,0.00015813,212.5216,219.9480,0.9532,119.0823,2.3972,30121.7335,124.9277,49.0469,238.9093,36.5364,75.9244,374.9013,749.8027,789.266,1183.8989,75.8035,-1.1839,10.395423,15.593133,2.799122,29,215,300,5,0.03207536,0.00395337,0.05088190,0E-8,0.000000,0.912219,0.000000,-0.04848366,2026-03-31,2026-08-01,83,4123,1621,124,0.669355,0.205295,0.230786,0.106918,,,,,,,,GLOBAL_BASELINE_NO_ENTITY_RANKING,,,NOT_APPLICABLE_GLOBAL_BASELINE,HF9g-P5,,,,X 全窗基线 · 不参与实体赏罚,15054496,1506,A168_HF9F_20260827_0900,2026-08-27 09:00:00
2026-04-02,92755421,2218,0,389.7211058336,81.1918970486,81.1918970486,0.6000000,5,5,0.50128862000000000,0.501288620000,0.4414521777673877,0.4414521777673877,0.4414521777673877,0E-17,ELIGIBLE,R03b_20260811_FULL_v1,L1_ELIGIBILITY,v2026-08-11,2026-03-21..2026-08-06,baccarat_bet02_101_all_pairs_incl_sentinel,round_win = game_pnl > 0 (decisive only),COMPATIBILITY_ONLY_NOT_PRODUCTION,2500103.8841,2280641.3266,9883.8276,11764,10369,-0.00395337,-0.05088190,-0.00239824,-0.00395337,-9883.8276,2500103.8841,OK,0.0000,395.3531,4.0000,96.0000,AG03-UNRESOLVED,ALL5_LEVELS_bet23_to_bet27,395.3531,395.3531,395.3531,395.3531,395.3531,4.000000,4.000000,4.000000,4.000000,4.000000,96.000000,96.000000,96.000000,96.000000,96.000000,5.0,1976.7655,1824.8244,7907.0621,8059.0032,PENDING_AG03,FALSE,NOT_FOR_ENFORCEMENT,9488.4745,2189415.6736,9883.8276,9488.4745,395.3531,0.00395337,0.00379523,395.3531,9488.4745,0.00379523,395.3531,395.3531,395.3531,395.3531,395.3531,9488.4745,0.00379523,1976.7655,1824.8244,7907.0621,8059.0032,0.00316269,0.00322347,0.00015813,212.5216,219.9480,0.9532,119.0823,2.3972,30121.7335,124.9277,49.0469,238.9093,36.5364,75.9244,374.9013,749.8027,789.266,1183.8989,75.8035,-1.1839,10.395423,15.593133,2.799122,29,215,300,5,0.03207536,0.00395337,0.05088190,0E-8,0.000000,0.912219,0.000000,-0.04848366,2026-03-31,2026-08-01,83,4123,1621,124,0.669355,0.205295,0.230786,0.106918,,,,,,,,GLOBAL_BASELINE_NO_ENTITY_RANKING,,,NOT_APPLICABLE_GLOBAL_BASELINE,HF9g-P5,,,,X 全窗基线 · 不参与实体赏罚,15054497,1506,A168_HF9F_20260827_0900,2026-08-27 09:00:00
2026-04-02,92755421,2220,0,1333.1709495390,313.1977428652,313.1977428652,0.5384615,23,13,0.48753455103666773,0.315935730769,0.36735391102713005,1.725854726817897,0.36735391102713005,0.17159882026766773,ELIGIBLE,R03b_20260811_FULL_v1,L1_ELIGIBILITY,v2026-08-11,2026-03-21..2026-08-06,baccarat_bet02_101_all_pairs_incl_sentinel,round_win = game_pnl > 0 (decisive only),COMPATIBILITY_ONLY_NOT_PRODUCTION,2500103.8841,2280641.3266,9883.8276,11764,10369,-0.00395337,-0.05088190,-0.00239824,-0.00395337,-9883.8276,2500103.8841,OK,0.0000,395.3531,4.0000,96.0000,AG03-UNRESOLVED,ALL5_LEVELS_bet23_to_bet27,395.3531,395.3531,395.3531,395.3531,395.3531,4.000000,4.000000,4.000000,4.000000,4.000000,96.000000,96.000000,96.000000,96.000000,96.000000,5.0,1976.7655,1824.8244,7907.0621,8059.0032,PENDING_AG03,FALSE,NOT_FOR_ENFORCEMENT,9488.4745,2189415.6736,9883.8276,9488.4745,395.3531,0.00395337,0.00379523,395.3531,9488.4745,0.00379523,395.3531,395.3531,395.3531,395.3531,395.3531,9488.4745,0.00379523,1976.7655,1824.8244,7907.0621,8059.0032,0.00316269,0.00322347,0.00015813,212.5216,219.9480,0.9532,119.0823,2.3972,30121.7335,124.9277,49.0469,238.9093,36.5364,75.9244,374.9013,749.8027,789.266,1183.8989,75.8035,-1.1839,10.395423,15.593133,2.799122,29,215,300,5,0.03207536,0.00395337,0.05088190,0E-8,0.000000,0.912219,0.000000,-0.04848366,2026-03-31,2026-08-01,83,4123,1621,124,0.669355,0.205295,0.230786,0.106918,,,,,,,,GLOBAL_BASELINE_NO_ENTITY_RANKING,,,NOT_APPLICABLE_GLOBAL_BASELINE,HF9g-P5,,,,X 全窗基线 · 不参与实体赏罚,15054498,1506,A168_HF9F_20260827_0900,2026-08-27 09:00:00
2026-04-02,92755421,2223,0,158.3241992449,0E-10,0E-10,0.5000000,2,2,0.49994810000000000,0.499948100000,0.00014679536856514622,0.00014679536856514622,0.00014679536856514622,0E-17,ELIGIBLE,R03b_20260811_FULL_v1,L1_ELIGIBILITY,v2026-08-11,2026-03-21..2026-08-06,baccarat_bet02_101_all_pairs_incl_sentinel,round_win = game_pnl > 0 (decisive only),COMPATIBILITY_ONLY_NOT_PRODUCTION,2500103.8841,2280641.3266,9883.8276,11764,10369,-0.00395337,-0.05088190,-0.00239824,-0.00395337,-9883.8276,2500103.8841,OK,0.0000,395.3531,4.0000,96.0000,AG03-UNRESOLVED,ALL5_LEVELS_bet23_to_bet27,395.3531,395.3531,395.3531,395.3531,395.3531,4.000000,4.000000,4.000000,4.000000,4.000000,96.000000,96.000000,96.000000,96.000000,96.000000,5.0,1976.7655,1824.8244,7907.0621,8059.0032,PENDING_AG03,FALSE,NOT_FOR_ENFORCEMENT,9488.4745,2189415.6736,9883.8276,9488.4745,395.3531,0.00395337,0.00379523,395.3531,9488.4745,0.00379523,395.3531,395.3531,395.3531,395.3531,395.3531,9488.4745,0.00379523,1976.7655,1824.8244,7907.0621,8059.0032,0.00316269,0.00322347,0.00015813,212.5216,219.9480,0.9532,119.0823,2.3972,30121.7335,124.9277,49.0469,238.9093,36.5364,75.9244,374.9013,749.8027,789.266,1183.8989,75.8035,-1.1839,10.395423,15.593133,2.799122,29,215,300,5,0.03207536,0.00395337,0.05088190,0E-8,0.000000,0.912219,0.000000,-0.04848366,2026-03-31,2026-08-01,83,4123,1621,124,0.669355,0.205295,0.230786,0.106918,,,,,,,,GLOBAL_BASELINE_NO_ENTITY_RANKING,,,NOT_APPLICABLE_GLOBAL_BASELINE,HF9g-P5,,,,X 全窗基线 · 不参与实体赏罚,15054499,1506,A168_HF9F_20260827_0900,2026-08-27 09:00:00
2026-04-02,92755421,2224,0,235.4565014411,0E-10,0E-10,0.5000000,3,3,0.49771390000000000,0.497713900000,0.006466134837551399,0.0064661348375514,0.006466134837551399,0E-17,ELIGIBLE,R03b_20260811_FULL_v1,L1_ELIGIBILITY,v2026-08-11,2026-03-21..2026-08-06,baccarat_bet02_101_all_pairs_incl_sentinel,round_win = game_pnl > 0 (decisive only),COMPATIBILITY_ONLY_NOT_PRODUCTION,2500103.8841,2280641.3266,9883.8276,11764,10369,-0.00395337,-0.05088190,-0.00239824,-0.00395337,-9883.8276,2500103.8841,OK,0.0000,395.3531,4.0000,96.0000,AG03-UNRESOLVED,ALL5_LEVELS_bet23_to_bet27,395.3531,395.3531,395.3531,395.3531,395.3531,4.000000,4.000000,4.000000,4.000000,4.000000,96.000000,96.000000,96.000000,96.000000,96.000000,5.0,1976.7655,1824.8244,7907.0621,8059.0032,PENDING_AG03,FALSE,NOT_FOR_ENFORCEMENT,9488.4745,2189415.6736,9883.8276,9488.4745,395.3531,0.00395337,0.00379523,395.3531,9488.4745,0.00379523,395.3531,395.3531,395.3531,395.3531,395.3531,9488.4745,0.00379523,1976.7655,1824.8244,7907.0621,8059.0032,0.00316269,0.00322347,0.00015813,212.5216,219.9480,0.9532,119.0823,2.3972,30121.7335,124.9277,49.0469,238.9093,36.5364,75.9244,374.9013,749.8027,789.266,1183.8989,75.8035,-1.1839,10.395423,15.593133,2.799122,29,215,300,5,0.03207536,0.00395337,0.05088190,0E-8,0.000000,0.912219,0.000000,-0.04848366,2026-03-31,2026-08-01,83,4123,1621,124,0.669355,0.205295,0.230786,0.106918,,,,,,,,GLOBAL_BASELINE_NO_ENTITY_RANKING,,,NOT_APPLICABLE_GLOBAL_BASELINE,HF9g-P5,,,,X 全窗基线 · 不参与实体赏罚,15054500,1506,A168_HF9F_20260827_0900,2026-08-27 09:00:00
2026-04-02,92755421,2232,0,395.8104981122,1E-10,1E-10,0.5000000,5,4,0.50115985701756050,0.442322425000,-0.004639440552843414,0.23226080057400214,-0.004639440552843414,0.05883743201756050,ELIGIBLE,R03b_20260811_FULL_v1,L1_ELIGIBILITY,v2026-08-11,2026-03-21..2026-08-06,baccarat_bet02_101_all_pairs_incl_sentinel,round_win = game_pnl > 0 (decisive only),COMPATIBILITY_ONLY_NOT_PRODUCTION,2500103.8841,2280641.3266,9883.8276,11764,10369,-0.00395337,-0.05088190,-0.00239824,-0.00395337,-9883.8276,2500103.8841,OK,0.0000,395.3531,4.0000,96.0000,AG03-UNRESOLVED,ALL5_LEVELS_bet23_to_bet27,395.3531,395.3531,395.3531,395.3531,395.3531,4.000000,4.000000,4.000000,4.000000,4.000000,96.000000,96.000000,96.000000,96.000000,96.000000,5.0,1976.7655,1824.8244,7907.0621,8059.0032,PENDING_AG03,FALSE,NOT_FOR_ENFORCEMENT,9488.4745,2189415.6736,9883.8276,9488.4745,395.3531,0.00395337,0.00379523,395.3531,9488.4745,0.00379523,395.3531,395.3531,395.3531,395.3531,395.3531,9488.4745,0.00379523,1976.7655,1824.8244,7907.0621,8059.0032,0.00316269,0.00322347,0.00015813,212.5216,219.9480,0.9532,119.0823,2.3972,30121.7335,124.9277,49.0469,238.9093,36.5364,75.9244,374.9013,749.8027,789.266,1183.8989,75.8035,-1.1839,10.395423,15.593133,2.799122,29,215,300,5,0.03207536,0.00395337,0.05088190,0E-8,0.000000,0.912219,0.000000,-0.04848366,2026-03-31,2026-08-01,83,4123,1621,124,0.669355,0.205295,0.230786,0.106918,,,,,,,,GLOBAL_BASELINE_NO_ENTITY_RANKING,,,NOT_APPLICABLE_GLOBAL_BASELINE,HF9g-P5,,,,X 全窗基线 · 不参与实体赏罚,15054501,1506,A168_HF9F_20260827_0900,2026-08-27 09:00:00
2026-04-02,92755421,2233,0,730.7270734383,-162.3837940974,-162.3837940974,0.3750000,9,9,0.49473496666666667,0.494734966667,-0.67736080970584,-0.677360809707721,-0.67736080970584,-3.3333E-13,ELIGIBLE,R03b_20260811_FULL_v1,L1_ELIGIBILITY,v2026-08-11,2026-03-21..2026-08-06,baccarat_bet02_101_all_pairs_incl_sentinel,round_win = game_pnl > 0 (decisive only),COMPATIBILITY_ONLY_NOT_PRODUCTION,2500103.8841,2280641.3266,9883.8276,11764,10369,-0.00395337,-0.05088190,-0.00239824,-0.00395337,-9883.8276,2500103.8841,OK,0.0000,395.3531,4.0000,96.0000,AG03-UNRESOLVED,ALL5_LEVELS_bet23_to_bet27,395.3531,395.3531,395.3531,395.3531,395.3531,4.000000,4.000000,4.000000,4.000000,4.000000,96.000000,96.000000,96.000000,96.000000,96.000000,5.0,1976.7655,1824.8244,7907.0621,8059.0032,PENDING_AG03,FALSE,NOT_FOR_ENFORCEMENT,9488.4745,2189415.6736,9883.8276,9488.4745,395.3531,0.00395337,0.00379523,395.3531,9488.4745,0.00379523,395.3531,395.3531,395.3531,395.3531,395.3531,9488.4745,0.00379523,1976.7655,1824.8244,7907.0621,8059.0032,0.00316269,0.00322347,0.00015813,212.5216,219.9480,0.9532,119.0823,2.3972,30121.7335,124.9277,49.0469,238.9093,36.5364,75.9244,374.9013,749.8027,789.266,1183.8989,75.8035,-1.1839,10.395423,15.593133,2.799122,29,215,300,5,0.03207536,0.00395337,0.05088190,0E-8,0.000000,0.912219,0.000000,-0.04848366,2026-03-31,2026-08-01,83,4123,1621,124,0.669355,0.205295,0.230786,0.106918,,,,,,,,GLOBAL_BASELINE_NO_ENTITY_RANKING,,,NOT_APPLICABLE_GLOBAL_BASELINE,HF9g-P5,,,,X 全窗基线 · 不参与实体赏罚,15054502,1506,A168_HF9F_20260827_0900,2026-08-27 09:00:00
2026-04-02,92755421,2234,0,121.7878455730,-121.7878455730,-121.7878455730,0E-7,1,1,0.49324550000000000,0.493245500000,-0.9865810262130424,-0.9865810262130424,-0.9865810262130424,0E-17,ELIGIBLE,R03b_20260811_FULL_v1,L1_ELIGIBILITY,v2026-08-11,2026-03-21..2026-08-06,baccarat_bet02_101_all_pairs_incl_sentinel,round_win = game_pnl > 0 (decisive only),COMPATIBILITY_ONLY_NOT_PRODUCTION,2500103.8841,2280641.3266,9883.8276,11764,10369,-0.00395337,-0.05088190,-0.00239824,-0.00395337,-9883.8276,2500103.8841,OK,0.0000,395.3531,4.0000,96.0000,AG03-UNRESOLVED,ALL5_LEVELS_bet23_to_bet27,395.3531,395.3531,395.3531,395.3531,395.3531,4.000000,4.000000,4.000000,4.000000,4.000000,96.000000,96.000000,96.000000,96.000000,96.000000,5.0,1976.7655,1824.8244,7907.0621,8059.0032,PENDING_AG03,FALSE,NOT_FOR_ENFORCEMENT,9488.4745,2189415.6736,9883.8276,9488.4745,395.3531,0.00395337,0.00379523,395.3531,9488.4745,0.00379523,395.3531,395.3531,395.3531,395.3531,395.3531,9488.4745,0.00379523,1976.7655,1824.8244,7907.0621,8059.0032,0.00316269,0.00322347,0.00015813,212.5216,219.9480,0.9532,119.0823,2.3972,30121.7335,124.9277,49.0469,238.9093,36.5364,75.9244,374.9013,749.8027,789.266,1183.8989,75.8035,-1.1839,10.395423,15.593133,2.799122,29,215,300,5,0.03207536,0.00395337,0.05088190,0E-8,0.000000,0.912219,0.000000,-0.04848366,2026-03-31,2026-08-01,83,4123,1621,124,0.669355,0.205295,0.230786,0.106918,,,,,,,,GLOBAL_BASELINE_NO_ENTITY_RANKING,,,NOT_APPLICABLE_GLOBAL_BASELINE,HF9g-P5,,,,X 全窗基线 · 不参与实体赏罚,15054503,1506,A168_HF9F_20260827_0900,2026-08-27 09:00:00
2026-04-02,92755421,2235,0,121.7878455730,-121.7878455730,-121.7878455730,0E-7,1,1,0.50665070000000000,0.506650700000,-1.013391052207602,-1.013391052207602,-1.013391052207602,0E-17,ELIGIBLE,R03b_20260811_FULL_v1,L1_ELIGIBILITY,v2026-08-11,2026-03-21..2026-08-06,baccarat_bet02_101_all_pairs_incl_sentinel,round_win = game_pnl > 0 (decisive only),COMPATIBILITY_ONLY_NOT_PRODUCTION,2500103.8841,2280641.3266,9883.8276,11764,10369,-0.00395337,-0.05088190,-0.00239824,-0.00395337,-9883.8276,2500103.8841,OK,0.0000,395.3531,4.0000,96.0000,AG03-UNRESOLVED,ALL5_LEVELS_bet23_to_bet27,395.3531,395.3531,395.3531,395.3531,395.3531,4.000000,4.000000,4.000000,4.000000,4.000000,96.000000,96.000000,96.000000,96.000000,96.000000,5.0,1976.7655,1824.8244,7907.0621,8059.0032,PENDING_AG03,FALSE,NOT_FOR_ENFORCEMENT,9488.4745,2189415.6736,9883.8276,9488.4745,395.3531,0.00395337,0.00379523,395.3531,9488.4745,0.00379523,395.3531,395.3531,395.3531,395.3531,395.3531,9488.4745,0.00379523,1976.7655,1824.8244,7907.0621,8059.0032,0.00316269,0.00322347,0.00015813,212.5216,219.9480,0.9532,119.0823,2.3972,30121.7335,124.9277,49.0469,238.9093,36.5364,75.9244,374.9013,749.8027,789.266,1183.8989,75.8035,-1.1839,10.395423,15.593133,2.799122,29,215,300,5,0.03207536,0.00395337,0.05088190,0E-8,0.000000,0.912219,0.000000,-0.04848366,2026-03-31,2026-08-01,83,4123,1621,124,0.669355,0.205295,0.230786,0.106918,,,,,,,,GLOBAL_BASELINE_NO_ENTITY_RANKING,,,NOT_APPLICABLE_GLOBAL_BASELINE,HF9g-P5,,,,X 全窗基线 · 不参与实体赏罚,15054504,1506,A168_HF9F_20260827_0900,2026-08-27 09:00:00
2026-04-02,92755421,2239,0,243.5756911461,-162.3837940974,-162.3837940974,0E-7,3,3,0.50665070000000000,0.506650700000,-1.4331513700195317,-1.4331513700195317,-1.4331513700195317,0E-17,ELIGIBLE,R03b_20260811_FULL_v1,L1_ELIGIBILITY,v2026-08-11,2026-03-21..2026-08-06,baccarat_bet02_101_all_pairs_incl_sentinel,round_win = game_pnl > 0 (decisive only),COMPATIBILITY_ONLY_NOT_PRODUCTION,2500103.8841,2280641.3266,9883.8276,11764,10369,-0.00395337,-0.05088190,-0.00239824,-0.00395337,-9883.8276,2500103.8841,OK,0.0000,395.3531,4.0000,96.0000,AG03-UNRESOLVED,ALL5_LEVELS_bet23_to_bet27,395.3531,395.3531,395.3531,395.3531,395.3531,4.000000,4.000000,4.000000,4.000000,4.000000,96.000000,96.000000,96.000000,96.000000,96.000000,5.0,1976.7655,1824.8244,7907.0621,8059.0032,PENDING_AG03,FALSE,NOT_FOR_ENFORCEMENT,9488.4745,2189415.6736,9883.8276,9488.4745,395.3531,0.00395337,0.00379523,395.3531,9488.4745,0.00379523,395.3531,395.3531,395.3531,395.3531,395.3531,9488.4745,0.00379523,1976.7655,1824.8244,7907.0621,8059.0032,0.00316269,0.00322347,0.00015813,212.5216,219.9480,0.9532,119.0823,2.3972,30121.7335,124.9277,49.0469,238.9093,36.5364,75.9244,374.9013,749.8027,789.266,1183.8989,75.8035,-1.1839,10.395423,15.593133,2.799122,29,215,300,5,0.03207536,0.00395337,0.05088190,0E-8,0.000000,0.912219,0.000000,-0.04848366,2026-03-31,2026-08-01,83,4123,1621,124,0.669355,0.205295,0.230786,0.106918,,,,,,,,GLOBAL_BASELINE_NO_ENTITY_RANKING,,,NOT_APPLICABLE_GLOBAL_BASELINE,HF9g-P5,,,,X 全窗基线 · 不参与实体赏罚,15054505,1506,A168_HF9F_20260827_0900,2026-08-27 09:00:00
2026-04-02,92755421,2241,0,324.7675881947,-81.1918970487,-81.1918970487,0.3333333,3,3,0.49771390000000000,0.497713900000,-0.5694369385616226,-0.5694369385616226,-0.5694369385616226,0E-17,ELIGIBLE,R03b_20260811_FULL_v1,L1_ELIGIBILITY,v2026-08-11,2026-03-21..2026-08-06,baccarat_bet02_101_all_pairs_incl_sentinel,round_win = game_pnl > 0 (decisive only),COMPATIBILITY_ONLY_NOT_PRODUCTION,2500103.8841,2280641.3266,9883.8276,11764,10369,-0.00395337,-0.05088190,-0.00239824,-0.00395337,-9883.8276,2500103.8841,OK,0.0000,395.3531,4.0000,96.0000,AG03-UNRESOLVED,ALL5_LEVELS_bet23_to_bet27,395.3531,395.3531,395.3531,395.3531,395.3531,4.000000,4.000000,4.000000,4.000000,4.000000,96.000000,96.000000,96.000000,96.000000,96.000000,5.0,1976.7655,1824.8244,7907.0621,8059.0032,PENDING_AG03,FALSE,NOT_FOR_ENFORCEMENT,9488.4745,2189415.6736,9883.8276,9488.4745,395.3531,0.00395337,0.00379523,395.3531,9488.4745,0.00379523,395.3531,395.3531,395.3531,395.3531,395.3531,9488.4745,0.00379523,1976.7655,1824.8244,7907.0621,8059.0032,0.00316269,0.00322347,0.00015813,212.5216,219.9480,0.9532,119.0823,2.3972,30121.7335,124.9277,49.0469,238.9093,36.5364,75.9244,374.9013,749.8027,789.266,1183.8989,75.8035,-1.1839,10.395423,15.593133,2.799122,29,215,300,5,0.03207536,0.00395337,0.05088190,0E-8,0.000000,0.912219,0.000000,-0.04848366,2026-03-31,2026-08-01,83,4123,1621,124,0.669355,0.205295,0.230786,0.106918,,,,,,,,GLOBAL_BASELINE_NO_ENTITY_RANKING,,,NOT_APPLICABLE_GLOBAL_BASELINE,HF9g-P5,,,,X 全窗基线 · 不参与实体赏罚,15054506,1506,A168_HF9F_20260827_0900,2026-08-27 09:00:00
2026-04-02,92755421,2242,0,373.8886859091,239.5160962935,239.5160962935,0.8000000,6,5,0.50066026158947060,0.453847560000,1.3386891740970912,1.5546780174518762,1.3386891740970912,0.04681270158947060,ELIGIBLE,R03b_20260811_FULL_v1,L1_ELIGIBILITY,v2026-08-11,2026-03-21..2026-08-06,baccarat_bet02_101_all_pairs_incl_sentinel,round_win = game_pnl > 0 (decisive only),COMPATIBILITY_ONLY_NOT_PRODUCTION,2500103.8841,2280641.3266,9883.8276,11764,10369,-0.00395337,-0.05088190,-0.00239824,-0.00395337,-9883.8276,2500103.8841,OK,0.0000,395.3531,4.0000,96.0000,AG03-UNRESOLVED,ALL5_LEVELS_bet23_to_bet27,395.3531,395.3531,395.3531,395.3531,395.3531,4.000000,4.000000,4.000000,4.000000,4.000000,96.000000,96.000000,96.000000,96.000000,96.000000,5.0,1976.7655,1824.8244,7907.0621,8059.0032,PENDING_AG03,FALSE,NOT_FOR_ENFORCEMENT,9488.4745,2189415.6736,9883.8276,9488.4745,395.3531,0.00395337,0.00379523,395.3531,9488.4745,0.00379523,395.3531,395.3531,395.3531,395.3531,395.3531,9488.4745,0.00379523,1976.7655,1824.8244,7907.0621,8059.0032,0.00316269,0.00322347,0.00015813,212.5216,219.9480,0.9532,119.0823,2.3972,30121.7335,124.9277,49.0469,238.9093,36.5364,75.9244,374.9013,749.8027,789.266,1183.8989,75.8035,-1.1839,10.395423,15.593133,2.799122,29,215,300,5,0.03207536,0.00395337,0.05088190,0E-8,0.000000,0.912219,0.000000,-0.04848366,2026-03-31,2026-08-01,83,4123,1621,124,0.669355,0.205295,0.230786,0.106918,,,,,,,,GLOBAL_BASELINE_NO_ENTITY_RANKING,,,NOT_APPLICABLE_GLOBAL_BASELINE,HF9g-P5,,,,X 全窗基线 · 不参与实体赏罚,15054507,1506,A168_HF9F_20260827_0900,2026-08-27 09:00:00
2026-04-02,92755421,2244,0,805.8295782080,-121.7878455729,-121.7878455729,0.4000000,8,7,0.49971661528822980,0.467019142857,-0.4459463321664894,-0.3003728841423578,-0.4459463321664894,0.03269747243122980,ELIGIBLE,R03b_20260811_FULL_v1,L1_ELIGIBILITY,v2026-08-11,2026-03-21..2026-08-06,baccarat_bet02_101_all_pairs_incl_sentinel,round_win = game_pnl > 0 (decisive only),COMPATIBILITY_ONLY_NOT_PRODUCTION,2500103.8841,2280641.3266,9883.8276,11764,10369,-0.00395337,-0.05088190,-0.00239824,-0.00395337,-9883.8276,2500103.8841,OK,0.0000,395.3531,4.0000,96.0000,AG03-UNRESOLVED,ALL5_LEVELS_bet23_to_bet27,395.3531,395.3531,395.3531,395.3531,395.3531,4.000000,4.000000,4.000000,4.000000,4.000000,96.000000,96.000000,96.000000,96.000000,96.000000,5.0,1976.7655,1824.8244,7907.0621,8059.0032,PENDING_AG03,FALSE,NOT_FOR_ENFORCEMENT,9488.4745,2189415.6736,9883.8276,9488.4745,395.3531,0.00395337,0.00379523,395.3531,9488.4745,0.00379523,395.3531,395.3531,395.3531,395.3531,395.3531,9488.4745,0.00379523,1976.7655,1824.8244,7907.0621,8059.0032,0.00316269,0.00322347,0.00015813,212.5216,219.9480,0.9532,119.0823,2.3972,30121.7335,124.9277,49.0469,238.9093,36.5364,75.9244,374.9013,749.8027,789.266,1183.8989,75.8035,-1.1839,10.395423,15.593133,2.799122,29,215,300,5,0.03207536,0.00395337,0.05088190,0E-8,0.000000,0.912219,0.000000,-0.04848366,2026-03-31,2026-08-01,83,4123,1621,124,0.669355,0.205295,0.230786,0.106918,,,,,,,,GLOBAL_BASELINE_NO_ENTITY_RANKING,,,NOT_APPLICABLE_GLOBAL_BASELINE,HF9g-P5,,,,X 全窗基线 · 不参与实体赏罚,15054508,1506,A168_HF9F_20260827_0900,2026-08-27 09:00:00
2026-04-02,92755421,2246,0,158.3241992449,0E-10,0E-10,0.5000000,2,2,0.49994810000000000,0.499948100000,0.00014679536856514622,0.00014679536856514622,0.00014679536856514622,0E-17,ELIGIBLE,R03b_20260811_FULL_v1,L1_ELIGIBILITY,v2026-08-11,2026-03-21..2026-08-06,baccarat_bet02_101_all_pairs_incl_sentinel,round_win = game_pnl > 0 (decisive only),COMPATIBILITY_ONLY_NOT_PRODUCTION,2500103.8841,2280641.3266,9883.8276,11764,10369,-0.00395337,-0.05088190,-0.00239824,-0.00395337,-9883.8276,2500103.8841,OK,0.0000,395.3531,4.0000,96.0000,AG03-UNRESOLVED,ALL5_LEVELS_bet23_to_bet27,395.3531,395.3531,395.3531,395.3531,395.3531,4.000000,4.000000,4.000000,4.000000,4.000000,96.000000,96.000000,96.000000,96.000000,96.000000,5.0,1976.7655,1824.8244,7907.0621,8059.0032,PENDING_AG03,FALSE,NOT_FOR_ENFORCEMENT,9488.4745,2189415.6736,9883.8276,9488.4745,395.3531,0.00395337,0.00379523,395.3531,9488.4745,0.00379523,395.3531,395.3531,395.3531,395.3531,395.3531,9488.4745,0.00379523,1976.7655,1824.8244,7907.0621,8059.0032,0.00316269,0.00322347,0.00015813,212.5216,219.9480,0.9532,119.0823,2.3972,30121.7335,124.9277,49.0469,238.9093,36.5364,75.9244,374.9013,749.8027,789.266,1183.8989,75.8035,-1.1839,10.395423,15.593133,2.799122,29,215,300,5,0.03207536,0.00395337,0.05088190,0E-8,0.000000,0.912219,0.000000,-0.04848366,2026-03-31,2026-08-01,83,4123,1621,124,0.669355,0.205295,0.230786,0.106918,,,,,,,,GLOBAL_BASELINE_NO_ENTITY_RANKING,,,NOT_APPLICABLE_GLOBAL_BASELINE,HF9g-P5,,,,X 全窗基线 · 不参与实体赏罚,15054509,1506,A168_HF9F_20260827_0900,2026-08-27 09:00:00
2026-04-02,92755421,2248,0,486.3394633214,-44.8585231192,-44.8585231192,0.4000000,7,5,0.49400714079372501,0.405065980000,-0.42044291533268685,-0.023075503512721692,-0.42044291533268685,0.08894116079372501,ELIGIBLE,R03b_20260811_FULL_v1,L1_ELIGIBILITY,v2026-08-11,2026-03-21..2026-08-06,baccarat_bet02_101_all_pairs_incl_sentinel,round_win = game_pnl > 0 (decisive only),COMPATIBILITY_ONLY_NOT_PRODUCTION,2500103.8841,2280641.3266,9883.8276,11764,10369,-0.00395337,-0.05088190,-0.00239824,-0.00395337,-9883.8276,2500103.8841,OK,0.0000,395.3531,4.0000,96.0000,AG03-UNRESOLVED,ALL5_LEVELS_bet23_to_bet27,395.3531,395.3531,395.3531,395.3531,395.3531,4.000000,4.000000,4.000000,4.000000,4.000000,96.000000,96.000000,96.000000,96.000000,96.000000,5.0,1976.7655,1824.8244,7907.0621,8059.0032,PENDING_AG03,FALSE,NOT_FOR_ENFORCEMENT,9488.4745,2189415.6736,9883.8276,9488.4745,395.3531,0.00395337,0.00379523,395.3531,9488.4745,0.00379523,395.3531,395.3531,395.3531,395.3531,395.3531,9488.4745,0.00379523,1976.7655,1824.8244,7907.0621,8059.0032,0.00316269,0.00322347,0.00015813,212.5216,219.9480,0.9532,119.0823,2.3972,30121.7335,124.9277,49.0469,238.9093,36.5364,75.9244,374.9013,749.8027,789.266,1183.8989,75.8035,-1.1839,10.395423,15.593133,2.799122,29,215,300,5,0.03207536,0.00395337,0.05088190,0E-8,0.000000,0.912219,0.000000,-0.04848366,2026-03-31,2026-08-01,83,4123,1621,124,0.669355,0.205295,0.230786,0.106918,,,,,,,,GLOBAL_BASELINE_NO_ENTITY_RANKING,,,NOT_APPLICABLE_GLOBAL_BASELINE,HF9g-P5,,,,X 全窗基线 · 不参与实体赏罚,15054510,1506,A168_HF9F_20260827_0900,2026-08-27 09:00:00
2026-04-02,92755421,2250,0,121.7878455730,-40.5959485243,-40.5959485243,0E-7,2,2,0.49994810000000000,0.499948100000,-0.9998962053866608,-0.9998962053866608,-0.9998962053866608,0E-17,ELIGIBLE,R03b_20260811_FULL_v1,L1_ELIGIBILITY,v2026-08-11,2026-03-21..2026-08-06,baccarat_bet02_101_all_pairs_incl_sentinel,round_win = game_pnl > 0 (decisive only),COMPATIBILITY_ONLY_NOT_PRODUCTION,2500103.8841,2280641.3266,9883.8276,11764,10369,-0.00395337,-0.05088190,-0.00239824,-0.00395337,-9883.8276,2500103.8841,OK,0.0000,395.3531,4.0000,96.0000,AG03-UNRESOLVED,ALL5_LEVELS_bet23_to_bet27,395.3531,395.3531,395.3531,395.3531,395.3531,4.000000,4.000000,4.000000,4.000000,4.000000,96.000000,96.000000,96.000000,96.000000,96.000000,5.0,1976.7655,1824.8244,7907.0621,8059.0032,PENDING_AG03,FALSE,NOT_FOR_ENFORCEMENT,9488.4745,2189415.6736,9883.8276,9488.4745,395.3531,0.00395337,0.00379523,395.3531,9488.4745,0.00379523,395.3531,395.3531,395.3531,395.3531,395.3531,9488.4745,0.00379523,1976.7655,1824.8244,7907.0621,8059.0032,0.00316269,0.00322347,0.00015813,212.5216,219.9480,0.9532,119.0823,2.3972,30121.7335,124.9277,49.0469,238.9093,36.5364,75.9244,374.9013,749.8027,789.266,1183.8989,75.8035,-1.1839,10.395423,15.593133,2.799122,29,215,300,5,0.03207536,0.00395337,0.05088190,0E-8,0.000000,0.912219,0.000000,-0.04848366,2026-03-31,2026-08-01,83,4123,1621,124,0.669355,0.205295,0.230786,0.106918,,,,,,,,GLOBAL_BASELINE_NO_ENTITY_RANKING,,,NOT_APPLICABLE_GLOBAL_BASELINE,HF9g-P5,,,,X 全窗基线 · 不参与实体赏罚,15054511,1506,A168_HF9F_20260827_0900,2026-08-27 09:00:00
2026-04-02,92755421,2251,0,928.4293427513,268.5421994886,268.5421994886,0.6666667,13,9,0.49547293084862453,0.394523522222,1.0272045195595492,1.670450321380184,1.0272045195595492,0.10094940862662453,ELIGIBLE,R03b_20260811_FULL_v1,L1_ELIGIBILITY,v2026-08-11,2026-03-21..2026-08-06,baccarat_bet02_101_all_pairs_incl_sentinel,round_win = game_pnl > 0 (decisive only),COMPATIBILITY_ONLY_NOT_PRODUCTION,2500103.8841,2280641.3266,9883.8276,11764,10369,-0.00395337,-0.05088190,-0.00239824,-0.00395337,-9883.8276,2500103.8841,OK,0.0000,395.3531,4.0000,96.0000,AG03-UNRESOLVED,ALL5_LEVELS_bet23_to_bet27,395.3531,395.3531,395.3531,395.3531,395.3531,4.000000,4.000000,4.000000,4.000000,4.000000,96.000000,96.000000,96.000000,96.000000,96.000000,5.0,1976.7655,1824.8244,7907.0621,8059.0032,PENDING_AG03,FALSE,NOT_FOR_ENFORCEMENT,9488.4745,2189415.6736,9883.8276,9488.4745,395.3531,0.00395337,0.00379523,395.3531,9488.4745,0.00379523,395.3531,395.3531,395.3531,395.3531,395.3531,9488.4745,0.00379523,1976.7655,1824.8244,7907.0621,8059.0032,0.00316269,0.00322347,0.00015813,212.5216,219.9480,0.9532,119.0823,2.3972,30121.7335,124.9277,49.0469,238.9093,36.5364,75.9244,374.9013,749.8027,789.266,1183.8989,75.8035,-1.1839,10.395423,15.593133,2.799122,29,215,300,5,0.03207536,0.00395337,0.05088190,0E-8,0.000000,0.912219,0.000000,-0.04848366,2026-03-31,2026-08-01,83,4123,1621,124,0.669355,0.205295,0.230786,0.106918,,,,,,,,GLOBAL_BASELINE_NO_ENTITY_RANKING,,,NOT_APPLICABLE_GLOBAL_BASELINE,HF9g-P5,,,,X 全窗基线 · 不参与实体赏罚,15054512,1506,A168_HF9F_20260827_0900,2026-08-27 09:00:00
2026-04-02,92755421,2256,0,641.4159866846,0E-10,0E-10,0.5000000,8,8,0.49827245000000000,0.498272450000,0.009772556889889069,0.009772556889889069,0.009772556889889069,0E-17,ELIGIBLE,R03b_20260811_FULL_v1,L1_ELIGIBILITY,v2026-08-11,2026-03-21..2026-08-06,baccarat_bet02_101_all_pairs_incl_sentinel,round_win = game_pnl > 0 (decisive only),COMPATIBILITY_ONLY_NOT_PRODUCTION,2500103.8841,2280641.3266,9883.8276,11764,10369,-0.00395337,-0.05088190,-0.00239824,-0.00395337,-9883.8276,2500103.8841,OK,0.0000,395.3531,4.0000,96.0000,AG03-UNRESOLVED,ALL5_LEVELS_bet23_to_bet27,395.3531,395.3531,395.3531,395.3531,395.3531,4.000000,4.000000,4.000000,4.000000,4.000000,96.000000,96.000000,96.000000,96.000000,96.000000,5.0,1976.7655,1824.8244,7907.0621,8059.0032,PENDING_AG03,FALSE,NOT_FOR_ENFORCEMENT,9488.4745,2189415.6736,9883.8276,9488.4745,395.3531,0.00395337,0.00379523,395.3531,9488.4745,0.00379523,395.3531,395.3531,395.3531,395.3531,395.3531,9488.4745,0.00379523,1976.7655,1824.8244,7907.0621,8059.0032,0.00316269,0.00322347,0.00015813,212.5216,219.9480,0.9532,119.0823,2.3972,30121.7335,124.9277,49.0469,238.9093,36.5364,75.9244,374.9013,749.8027,789.266,1183.8989,75.8035,-1.1839,10.395423,15.593133,2.799122,29,215,300,5,0.03207536,0.00395337,0.05088190,0E-8,0.000000,0.912219,0.000000,-0.04848366,2026-03-31,2026-08-01,83,4123,1621,124,0.669355,0.205295,0.230786,0.106918,,,,,,,,GLOBAL_BASELINE_NO_ENTITY_RANKING,,,NOT_APPLICABLE_GLOBAL_BASELINE,HF9g-P5,,,,X 全窗基线 · 不参与实体赏罚,15054513,1506,A168_HF9F_20260827_0900,2026-08-27 09:00:00
2026-04-02,92755421,2264,0,322.7377907684,-85.2514919010,-85.2514919010,0.3333333,5,3,0.48969423782311551,0.337342833333,-0.5417651543949908,-0.014688270143978827,-0.5417651543949908,0.15235140449011551,ELIGIBLE,R03b_20260811_FULL_v1,L1_ELIGIBILITY,v2026-08-11,2026-03-21..2026-08-06,baccarat_bet02_101_all_pairs_incl_sentinel,round_win = game_pnl > 0 (decisive only),COMPATIBILITY_ONLY_NOT_PRODUCTION,2500103.8841,2280641.3266,9883.8276,11764,10369,-0.00395337,-0.05088190,-0.00239824,-0.00395337,-9883.8276,2500103.8841,OK,0.0000,395.3531,4.0000,96.0000,AG03-UNRESOLVED,ALL5_LEVELS_bet23_to_bet27,395.3531,395.3531,395.3531,395.3531,395.3531,4.000000,4.000000,4.000000,4.000000,4.000000,96.000000,96.000000,96.000000,96.000000,96.000000,5.0,1976.7655,1824.8244,7907.0621,8059.0032,PENDING_AG03,FALSE,NOT_FOR_ENFORCEMENT,9488.4745,2189415.6736,9883.8276,9488.4745,395.3531,0.00395337,0.00379523,395.3531,9488.4745,0.00379523,395.3531,395.3531,395.3531,395.3531,395.3531,9488.4745,0.00379523,1976.7655,1824.8244,7907.0621,8059.0032,0.00316269,0.00322347,0.00015813,212.5216,219.9480,0.9532,119.0823,2.3972,30121.7335,124.9277,49.0469,238.9093,36.5364,75.9244,374.9013,749.8027,789.266,1183.8989,75.8035,-1.1839,10.395423,15.593133,2.799122,29,215,300,5,0.03207536,0.00395337,0.05088190,0E-8,0.000000,0.912219,0.000000,-0.04848366,2026-03-31,2026-08-01,83,4123,1621,124,0.669355,0.205295,0.230786,0.106918,,,,,,,,GLOBAL_BASELINE_NO_ENTITY_RANKING,,,NOT_APPLICABLE_GLOBAL_BASELINE,HF9g-P5,,,,X 全窗基线 · 不参与实体赏罚,15054514,1506,A168_HF9F_20260827_0900,2026-08-27 09:00:00
2026-04-02,92755421,2266,0,446.5554337677,-324.7675881947,-324.7675881947,0E-7,4,4,0.50665070000000000,0.506650700000,-1.7552447903592512,-1.7552447903592512,-1.7552447903592512,0E-17,ELIGIBLE,R03b_20260811_FULL_v1,L1_ELIGIBILITY,v2026-08-11,2026-03-21..2026-08-06,baccarat_bet02_101_all_pairs_incl_sentinel,round_win = game_pnl > 0 (decisive only),COMPATIBILITY_ONLY_NOT_PRODUCTION,2500103.8841,2280641.3266,9883.8276,11764,10369,-0.00395337,-0.05088190,-0.00239824,-0.00395337,-9883.8276,2500103.8841,OK,0.0000,395.3531,4.0000,96.0000,AG03-UNRESOLVED,ALL5_LEVELS_bet23_to_bet27,395.3531,395.3531,395.3531,395.3531,395.3531,4.000000,4.000000,4.000000,4.000000,4.000000,96.000000,96.000000,96.000000,96.000000,96.000000,5.0,1976.7655,1824.8244,7907.0621,8059.0032,PENDING_AG03,FALSE,NOT_FOR_ENFORCEMENT,9488.4745,2189415.6736,9883.8276,9488.4745,395.3531,0.00395337,0.00379523,395.3531,9488.4745,0.00379523,395.3531,395.3531,395.3531,395.3531,395.3531,9488.4745,0.00379523,1976.7655,1824.8244,7907.0621,8059.0032,0.00316269,0.00322347,0.00015813,212.5216,219.9480,0.9532,119.0823,2.3972,30121.7335,124.9277,49.0469,238.9093,36.5364,75.9244,374.9013,749.8027,789.266,1183.8989,75.8035,-1.1839,10.395423,15.593133,2.799122,29,215,300,5,0.03207536,0.00395337,0.05088190,0E-8,0.000000,0.912219,0.000000,-0.04848366,2026-03-31,2026-08-01,83,4123,1621,124,0.669355,0.205295,0.230786,0.106918,,,,,,,,GLOBAL_BASELINE_NO_ENTITY_RANKING,,,NOT_APPLICABLE_GLOBAL_BASELINE,HF9g-P5,,,,X 全窗基线 · 不参与实体赏罚,15054515,1506,A168_HF9F_20260827_0900,2026-08-27 09:00:00
2026-04-02,92755421,462,0,617.0584175698,162.7897535826,162.7897535826,0.6250000,10,8,0.49622420588240420,0.443160250000,0.7284866699990515,1.0353526630001229,0.7284866699990515,0.05306395588240420,ELIGIBLE,R03b_20260811_FULL_v1,L1_ELIGIBILITY,v2026-08-11,2026-03-21..2026-08-06,baccarat_bet02_101_all_pairs_incl_sentinel,round_win = game_pnl > 0 (decisive only),COMPATIBILITY_ONLY_NOT_PRODUCTION,2500103.8841,2280641.3266,9883.8276,11764,10369,-0.00395337,-0.05088190,-0.00239824,-0.00395337,-9883.8276,2500103.8841,OK,0.0000,395.3531,4.0000,96.0000,AG03-UNRESOLVED,ALL5_LEVELS_bet23_to_bet27,395.3531,395.3531,395.3531,395.3531,395.3531,4.000000,4.000000,4.000000,4.000000,4.000000,96.000000,96.000000,96.000000,96.000000,96.000000,5.0,1976.7655,1824.8244,7907.0621,8059.0032,PENDING_AG03,FALSE,NOT_FOR_ENFORCEMENT,9488.4745,2189415.6736,9883.8276,9488.4745,395.3531,0.00395337,0.00379523,395.3531,9488.4745,0.00379523,395.3531,395.3531,395.3531,395.3531,395.3531,9488.4745,0.00379523,1976.7655,1824.8244,7907.0621,8059.0032,0.00316269,0.00322347,0.00015813,212.5216,219.9480,0.9532,119.0823,2.3972,30121.7335,124.9277,49.0469,238.9093,36.5364,75.9244,374.9013,749.8027,789.266,1183.8989,75.8035,-1.1839,10.395423,15.593133,2.799122,29,215,300,5,0.03207536,0.00395337,0.05088190,0E-8,0.000000,0.912219,0.000000,-0.04848366,2026-03-31,2026-08-01,83,4123,1621,124,0.669355,0.205295,0.230786,0.106918,,,,,,,,GLOBAL_BASELINE_NO_ENTITY_RANKING,,,NOT_APPLICABLE_GLOBAL_BASELINE,HF9g-P5,,,,X 全窗基线 · 不参与实体赏罚,15054516,1506,A168_HF9F_20260827_0900,2026-08-27 09:00:00
2026-04-02,92755421,550,0,247.6352859985,73.0727073438,73.0727073438,0.6666667,3,3,0.49771390000000000,0.497713900000,0.5852756695216578,0.5852756695216578,0.5852756695216578,0E-17,ELIGIBLE,R03b_20260811_FULL_v1,L1_ELIGIBILITY,v2026-08-11,2026-03-21..2026-08-06,baccarat_bet02_101_all_pairs_incl_sentinel,round_win = game_pnl > 0 (decisive only),COMPATIBILITY_ONLY_NOT_PRODUCTION,2500103.8841,2280641.3266,9883.8276,11764,10369,-0.00395337,-0.05088190,-0.00239824,-0.00395337,-9883.8276,2500103.8841,OK,0.0000,395.3531,4.0000,96.0000,AG03-UNRESOLVED,ALL5_LEVELS_bet23_to_bet27,395.3531,395.3531,395.3531,395.3531,395.3531,4.000000,4.000000,4.000000,4.000000,4.000000,96.000000,96.000000,96.000000,96.000000,96.000000,5.0,1976.7655,1824.8244,7907.0621,8059.0032,PENDING_AG03,FALSE,NOT_FOR_ENFORCEMENT,9488.4745,2189415.6736,9883.8276,9488.4745,395.3531,0.00395337,0.00379523,395.3531,9488.4745,0.00379523,395.3531,395.3531,395.3531,395.3531,395.3531,9488.4745,0.00379523,1976.7655,1824.8244,7907.0621,8059.0032,0.00316269,0.00322347,0.00015813,212.5216,219.9480,0.9532,119.0823,2.3972,30121.7335,124.9277,49.0469,238.9093,36.5364,75.9244,374.9013,749.8027,789.266,1183.8989,75.8035,-1.1839,10.395423,15.593133,2.799122,29,215,300,5,0.03207536,0.00395337,0.05088190,0E-8,0.000000,0.912219,0.000000,-0.04848366,2026-03-31,2026-08-01,83,4123,1621,124,0.669355,0.205295,0.230786,0.106918,,,,,,,,GLOBAL_BASELINE_NO_ENTITY_RANKING,,,NOT_APPLICABLE_GLOBAL_BASELINE,HF9g-P5,,,,X 全窗基线 · 不参与实体赏罚,15054517,1506,A168_HF9F_20260827_0900,2026-08-27 09:00:00
2026-04-02,92755421,583,0,523.6877359640,-44.6555433768,-44.6555433768,0.5000000,6,6,0.49994810000000000,0.499948100000,0.00025425703667063243,0.00025425703667063243,0.00025425703667063243,0E-17,ELIGIBLE,R03b_20260811_FULL_v1,L1_ELIGIBILITY,v2026-08-11,2026-03-21..2026-08-06,baccarat_bet02_101_all_pairs_incl_sentinel,round_win = game_pnl > 0 (decisive only),COMPATIBILITY_ONLY_NOT_PRODUCTION,2500103.8841,2280641.3266,9883.8276,11764,10369,-0.00395337,-0.05088190,-0.00239824,-0.00395337,-9883.8276,2500103.8841,OK,0.0000,395.3531,4.0000,96.0000,AG03-UNRESOLVED,ALL5_LEVELS_bet23_to_bet27,395.3531,395.3531,395.3531,395.3531,395.3531,4.000000,4.000000,4.000000,4.000000,4.000000,96.000000,96.000000,96.000000,96.000000,96.000000,5.0,1976.7655,1824.8244,7907.0621,8059.0032,PENDING_AG03,FALSE,NOT_FOR_ENFORCEMENT,9488.4745,2189415.6736,9883.8276,9488.4745,395.3531,0.00395337,0.00379523,395.3531,9488.4745,0.00379523,395.3531,395.3531,395.3531,395.3531,395.3531,9488.4745,0.00379523,1976.7655,1824.8244,7907.0621,8059.0032,0.00316269,0.00322347,0.00015813,212.5216,219.9480,0.9532,119.0823,2.3972,30121.7335,124.9277,49.0469,238.9093,36.5364,75.9244,374.9013,749.8027,789.266,1183.8989,75.8035,-1.1839,10.395423,15.593133,2.799122,29,215,300,5,0.03207536,0.00395337,0.05088190,0E-8,0.000000,0.912219,0.000000,-0.04848366,2026-03-31,2026-08-01,83,4123,1621,124,0.669355,0.205295,0.230786,0.106918,,,,,,,,GLOBAL_BASELINE_NO_ENTITY_RANKING,,,NOT_APPLICABLE_GLOBAL_BASELINE,HF9g-P5,,,,X 全窗基线 · 不参与实体赏罚,15054518,1506,A168_HF9F_20260827_0900,2026-08-27 09:00:00
2026-04-02,92755421,595,0,546.0155076522,4.0595948525,4.0595948525,0.5000000,7,6,0.49856093450293477,0.460413883333,0.007049981548316977,0.1945422509435816,0.007049981548316977,0.03814705116993477,ELIGIBLE,R03b_20260811_FULL_v1,L1_ELIGIBILITY,v2026-08-11,2026-03-21..2026-08-06,baccarat_bet02_101_all_pairs_incl_sentinel,round_win = game_pnl > 0 (decisive only),COMPATIBILITY_ONLY_NOT_PRODUCTION,2500103.8841,2280641.3266,9883.8276,11764,10369,-0.00395337,-0.05088190,-0.00239824,-0.00395337,-9883.8276,2500103.8841,OK,0.0000,395.3531,4.0000,96.0000,AG03-UNRESOLVED,ALL5_LEVELS_bet23_to_bet27,395.3531,395.3531,395.3531,395.3531,395.3531,4.000000,4.000000,4.000000,4.000000,4.000000,96.000000,96.000000,96.000000,96.000000,96.000000,5.0,1976.7655,1824.8244,7907.0621,8059.0032,PENDING_AG03,FALSE,NOT_FOR_ENFORCEMENT,9488.4745,2189415.6736,9883.8276,9488.4745,395.3531,0.00395337,0.00379523,395.3531,9488.4745,0.00379523,395.3531,395.3531,395.3531,395.3531,395.3531,9488.4745,0.00379523,1976.7655,1824.8244,7907.0621,8059.0032,0.00316269,0.00322347,0.00015813,212.5216,219.9480,0.9532,119.0823,2.3972,30121.7335,124.9277,49.0469,238.9093,36.5364,75.9244,374.9013,749.8027,789.266,1183.8989,75.8035,-1.1839,10.395423,15.593133,2.799122,29,215,300,5,0.03207536,0.00395337,0.05088190,0E-8,0.000000,0.912219,0.000000,-0.04848366,2026-03-31,2026-08-01,83,4123,1621,124,0.669355,0.205295,0.230786,0.106918,,,,,,,,GLOBAL_BASELINE_NO_ENTITY_RANKING,,,NOT_APPLICABLE_GLOBAL_BASELINE,HF9g-P5,,,,X 全窗基线 · 不参与实体赏罚,15054519,1506,A168_HF9F_20260827_0900,2026-08-27 09:00:00
2026-04-02,92755421,626,0,81.1918970487,-81.1918970487,-81.1918970487,0E-7,1,1,0.49324550000000000,0.493245500000,-0.9865810262130424,-0.9865810262130424,-0.9865810262130424,0E-17,ELIGIBLE,R03b_20260811_FULL_v1,L1_ELIGIBILITY,v2026-08-11,2026-03-21..2026-08-06,baccarat_bet02_101_all_pairs_incl_sentinel,round_win = game_pnl > 0 (decisive only),COMPATIBILITY_ONLY_NOT_PRODUCTION,2500103.8841,2280641.3266,9883.8276,11764,10369,-0.00395337,-0.05088190,-0.00239824,-0.00395337,-9883.8276,2500103.8841,OK,0.0000,395.3531,4.0000,96.0000,AG03-UNRESOLVED,ALL5_LEVELS_bet23_to_bet27,395.3531,395.3531,395.3531,395.3531,395.3531,4.000000,4.000000,4.000000,4.000000,4.000000,96.000000,96.000000,96.000000,96.000000,96.000000,5.0,1976.7655,1824.8244,7907.0621,8059.0032,PENDING_AG03,FALSE,NOT_FOR_ENFORCEMENT,9488.4745,2189415.6736,9883.8276,9488.4745,395.3531,0.00395337,0.00379523,395.3531,9488.4745,0.00379523,395.3531,395.3531,395.3531,395.3531,395.3531,9488.4745,0.00379523,1976.7655,1824.8244,7907.0621,8059.0032,0.00316269,0.00322347,0.00015813,212.5216,219.9480,0.9532,119.0823,2.3972,30121.7335,124.9277,49.0469,238.9093,36.5364,75.9244,374.9013,749.8027,789.266,1183.8989,75.8035,-1.1839,10.395423,15.593133,2.799122,29,215,300,5,0.03207536,0.00395337,0.05088190,0E-8,0.000000,0.912219,0.000000,-0.04848366,2026-03-31,2026-08-01,83,4123,1621,124,0.669355,0.205295,0.230786,0.106918,,,,,,,,GLOBAL_BASELINE_NO_ENTITY_RANKING,,,NOT_APPLICABLE_GLOBAL_BASELINE,HF9g-P5,,,,X 全窗基线 · 不参与实体赏罚,15054520,1506,A168_HF9F_20260827_0900,2026-08-27 09:00:00
2026-04-02,92755421,752,0,320.7079933423,150.4079892826,150.4079892826,0.7500000,4,4,0.50329940000000000,0.503299400000,0.9868238854431842,0.9868238854431842,0.9868238854431842,0E-17,ELIGIBLE,R03b_20260811_FULL_v1,L1_ELIGIBILITY,v2026-08-11,2026-03-21..2026-08-06,baccarat_bet02_101_all_pairs_incl_sentinel,round_win = game_pnl > 0 (decisive only),COMPATIBILITY_ONLY_NOT_PRODUCTION,2500103.8841,2280641.3266,9883.8276,11764,10369,-0.00395337,-0.05088190,-0.00239824,-0.00395337,-9883.8276,2500103.8841,OK,0.0000,395.3531,4.0000,96.0000,AG03-UNRESOLVED,ALL5_LEVELS_bet23_to_bet27,395.3531,395.3531,395.3531,395.3531,395.3531,4.000000,4.000000,4.000000,4.000000,4.000000,96.000000,96.000000,96.000000,96.000000,96.000000,5.0,1976.7655,1824.8244,7907.0621,8059.0032,PENDING_AG03,FALSE,NOT_FOR_ENFORCEMENT,9488.4745,2189415.6736,9883.8276,9488.4745,395.3531,0.00395337,0.00379523,395.3531,9488.4745,0.00379523,395.3531,395.3531,395.3531,395.3531,395.3531,9488.4745,0.00379523,1976.7655,1824.8244,7907.0621,8059.0032,0.00316269,0.00322347,0.00015813,212.5216,219.9480,0.9532,119.0823,2.3972,30121.7335,124.9277,49.0469,238.9093,36.5364,75.9244,374.9013,749.8027,789.266,1183.8989,75.8035,-1.1839,10.395423,15.593133,2.799122,29,215,300,5,0.03207536,0.00395337,0.05088190,0E-8,0.000000,0.912219,0.000000,-0.04848366,2026-03-31,2026-08-01,83,4123,1621,124,0.669355,0.205295,0.230786,0.106918,,,,,,,,GLOBAL_BASELINE_NO_ENTITY_RANKING,,,NOT_APPLICABLE_GLOBAL_BASELINE,HF9g-P5,,,,X 全窗基线 · 不参与实体赏罚,15054521,1506,A168_HF9F_20260827_0900,2026-08-27 09:00:00
2026-04-02,92755421,763,0,405.9594852435,-81.1918970487,-81.1918970487,0.4000000,5,5,0.49860758000000000,0.498607580000,-0.440988213962219,-0.440988213962219,-0.440988213962219,0E-17,ELIGIBLE,R03b_20260811_FULL_v1,L1_ELIGIBILITY,v2026-08-11,2026-03-21..2026-08-06,baccarat_bet02_101_all_pairs_incl_sentinel,round_win = game_pnl > 0 (decisive only),COMPATIBILITY_ONLY_NOT_PRODUCTION,2500103.8841,2280641.3266,9883.8276,11764,10369,-0.00395337,-0.05088190,-0.00239824,-0.00395337,-9883.8276,2500103.8841,OK,0.0000,395.3531,4.0000,96.0000,AG03-UNRESOLVED,ALL5_LEVELS_bet23_to_bet27,395.3531,395.3531,395.3531,395.3531,395.3531,4.000000,4.000000,4.000000,4.000000,4.000000,96.000000,96.000000,96.000000,96.000000,96.000000,5.0,1976.7655,1824.8244,7907.0621,8059.0032,PENDING_AG03,FALSE,NOT_FOR_ENFORCEMENT,9488.4745,2189415.6736,9883.8276,9488.4745,395.3531,0.00395337,0.00379523,395.3531,9488.4745,0.00379523,395.3531,395.3531,395.3531,395.3531,395.3531,9488.4745,0.00379523,1976.7655,1824.8244,7907.0621,8059.0032,0.00316269,0.00322347,0.00015813,212.5216,219.9480,0.9532,119.0823,2.3972,30121.7335,124.9277,49.0469,238.9093,36.5364,75.9244,374.9013,749.8027,789.266,1183.8989,75.8035,-1.1839,10.395423,15.593133,2.799122,29,215,300,5,0.03207536,0.00395337,0.05088190,0E-8,0.000000,0.912219,0.000000,-0.04848366,2026-03-31,2026-08-01,83,4123,1621,124,0.669355,0.205295,0.230786,0.106918,,,,,,,,GLOBAL_BASELINE_NO_ENTITY_RANKING,,,NOT_APPLICABLE_GLOBAL_BASELINE,HF9g-P5,,,,X 全窗基线 · 不参与实体赏罚,15054522,1506,A168_HF9F_20260827_0900,2026-08-27 09:00:00
2026-04-02,92755421,948,0,219.2181220314,-60.8939227865,-60.8939227865,0.3333333,3,3,0.50665070000000000,0.506650700000,-0.6004420894325239,-0.6004420894325239,-0.6004420894325239,0E-17,ELIGIBLE,R03b_20260811_FULL_v1,L1_ELIGIBILITY,v2026-08-11,2026-03-21..2026-08-06,baccarat_bet02_101_all_pairs_incl_sentinel,round_win = game_pnl > 0 (decisive only),COMPATIBILITY_ONLY_NOT_PRODUCTION,2500103.8841,2280641.3266,9883.8276,11764,10369,-0.00395337,-0.05088190,-0.00239824,-0.00395337,-9883.8276,2500103.8841,OK,0.0000,395.3531,4.0000,96.0000,AG03-UNRESOLVED,ALL5_LEVELS_bet23_to_bet27,395.3531,395.3531,395.3531,395.3531,395.3531,4.000000,4.000000,4.000000,4.000000,4.000000,96.000000,96.000000,96.000000,96.000000,96.000000,5.0,1976.7655,1824.8244,7907.0621,8059.0032,PENDING_AG03,FALSE,NOT_FOR_ENFORCEMENT,9488.4745,2189415.6736,9883.8276,9488.4745,395.3531,0.00395337,0.00379523,395.3531,9488.4745,0.00379523,395.3531,395.3531,395.3531,395.3531,395.3531,9488.4745,0.00379523,1976.7655,1824.8244,7907.0621,8059.0032,0.00316269,0.00322347,0.00015813,212.5216,219.9480,0.9532,119.0823,2.3972,30121.7335,124.9277,49.0469,238.9093,36.5364,75.9244,374.9013,749.8027,789.266,1183.8989,75.8035,-1.1839,10.395423,15.593133,2.799122,29,215,300,5,0.03207536,0.00395337,0.05088190,0E-8,0.000000,0.912219,0.000000,-0.04848366,2026-03-31,2026-08-01,83,4123,1621,124,0.669355,0.205295,0.230786,0.106918,,,,,,,,GLOBAL_BASELINE_NO_ENTITY_RANKING,,,NOT_APPLICABLE_GLOBAL_BASELINE,HF9g-P5,,,,X 全窗基线 · 不参与实体赏罚,15054523,1506,A168_HF9F_20260827_0900,2026-08-27 09:00:00
2026-04-02,92755421,970,0,162.7897535826,80.7859375635,80.7859375635,0.5000000,3,2,0.49206537412947906,0.374642850000,0.02244533745487817,0.3662615454285476,0.02244533745487817,0.11742252412947906,ELIGIBLE,R03b_20260811_FULL_v1,L1_ELIGIBILITY,v2026-08-11,2026-03-21..2026-08-06,baccarat_bet02_101_all_pairs_incl_sentinel,round_win = game_pnl > 0 (decisive only),COMPATIBILITY_ONLY_NOT_PRODUCTION,2500103.8841,2280641.3266,9883.8276,11764,10369,-0.00395337,-0.05088190,-0.00239824,-0.00395337,-9883.8276,2500103.8841,OK,0.0000,395.3531,4.0000,96.0000,AG03-UNRESOLVED,ALL5_LEVELS_bet23_to_bet27,395.3531,395.3531,395.3531,395.3531,395.3531,4.000000,4.000000,4.000000,4.000000,4.000000,96.000000,96.000000,96.000000,96.000000,96.000000,5.0,1976.7655,1824.8244,7907.0621,8059.0032,PENDING_AG03,FALSE,NOT_FOR_ENFORCEMENT,9488.4745,2189415.6736,9883.8276,9488.4745,395.3531,0.00395337,0.00379523,395.3531,9488.4745,0.00379523,395.3531,395.3531,395.3531,395.3531,395.3531,9488.4745,0.00379523,1976.7655,1824.8244,7907.0621,8059.0032,0.00316269,0.00322347,0.00015813,212.5216,219.9480,0.9532,119.0823,2.3972,30121.7335,124.9277,49.0469,238.9093,36.5364,75.9244,374.9013,749.8027,789.266,1183.8989,75.8035,-1.1839,10.395423,15.593133,2.799122,29,215,300,5,0.03207536,0.00395337,0.05088190,0E-8,0.000000,0.912219,0.000000,-0.04848366,2026-03-31,2026-08-01,83,4123,1621,124,0.669355,0.205295,0.230786,0.106918,,,,,,,,GLOBAL_BASELINE_NO_ENTITY_RANKING,,,NOT_APPLICABLE_GLOBAL_BASELINE,HF9g-P5,,,,X 全窗基线 · 不参与实体赏罚,15054524,1506,A168_HF9F_20260827_0900,2026-08-27 09:00:00
2026-04-02,92755421,987,0,142.8977388057,-8.3221694475,-8.3221694475,0.5000000,3,2,0.48691484175835113,0.381345450000,0.03702309696430077,0.3454745057990616,0.03702309696430077,0.10556939175835113,ELIGIBLE,R03b_20260811_FULL_v1,L1_ELIGIBILITY,v2026-08-11,2026-03-21..2026-08-06,baccarat_bet02_101_all_pairs_incl_sentinel,round_win = game_pnl > 0 (decisive only),COMPATIBILITY_ONLY_NOT_PRODUCTION,2500103.8841,2280641.3266,9883.8276,11764,10369,-0.00395337,-0.05088190,-0.00239824,-0.00395337,-9883.8276,2500103.8841,OK,0.0000,395.3531,4.0000,96.0000,AG03-UNRESOLVED,ALL5_LEVELS_bet23_to_bet27,395.3531,395.3531,395.3531,395.3531,395.3531,4.000000,4.000000,4.000000,4.000000,4.000000,96.000000,96.000000,96.000000,96.000000,96.000000,5.0,1976.7655,1824.8244,7907.0621,8059.0032,PENDING_AG03,FALSE,NOT_FOR_ENFORCEMENT,9488.4745,2189415.6736,9883.8276,9488.4745,395.3531,0.00395337,0.00379523,395.3531,9488.4745,0.00379523,395.3531,395.3531,395.3531,395.3531,395.3531,9488.4745,0.00379523,1976.7655,1824.8244,7907.0621,8059.0032,0.00316269,0.00322347,0.00015813,212.5216,219.9480,0.9532,119.0823,2.3972,30121.7335,124.9277,49.0469,238.9093,36.5364,75.9244,374.9013,749.8027,789.266,1183.8989,75.8035,-1.1839,10.395423,15.593133,2.799122,29,215,300,5,0.03207536,0.00395337,0.05088190,0E-8,0.000000,0.912219,0.000000,-0.04848366,2026-03-31,2026-08-01,83,4123,1621,124,0.669355,0.205295,0.230786,0.106918,,,,,,,,GLOBAL_BASELINE_NO_ENTITY_RANKING,,,NOT_APPLICABLE_GLOBAL_BASELINE,HF9g-P5,,,,X 全窗基线 · 不参与实体赏罚,15054525,1506,A168_HF9F_20260827_0900,2026-08-27 09:00:00
2026-04-02,92755421,994,0,847.2374457029,17.7607274794,17.7607274794,0.5000000,10,8,0.49880472734370389,0.441484600000,0.006761502525100835,0.33330345527159266,0.006761502525100835,0.05732012734370389,ELIGIBLE,R03b_20260811_FULL_v1,L1_ELIGIBILITY,v2026-08-11,2026-03-21..2026-08-06,baccarat_bet02_101_all_pairs_incl_sentinel,round_win = game_pnl > 0 (decisive only),COMPATIBILITY_ONLY_NOT_PRODUCTION,2500103.8841,2280641.3266,9883.8276,11764,10369,-0.00395337,-0.05088190,-0.00239824,-0.00395337,-9883.8276,2500103.8841,OK,0.0000,395.3531,4.0000,96.0000,AG03-UNRESOLVED,ALL5_LEVELS_bet23_to_bet27,395.3531,395.3531,395.3531,395.3531,395.3531,4.000000,4.000000,4.000000,4.000000,4.000000,96.000000,96.000000,96.000000,96.000000,96.000000,5.0,1976.7655,1824.8244,7907.0621,8059.0032,PENDING_AG03,FALSE,NOT_FOR_ENFORCEMENT,9488.4745,2189415.6736,9883.8276,9488.4745,395.3531,0.00395337,0.00379523,395.3531,9488.4745,0.00379523,395.3531,395.3531,395.3531,395.3531,395.3531,9488.4745,0.00379523,1976.7655,1824.8244,7907.0621,8059.0032,0.00316269,0.00322347,0.00015813,212.5216,219.9480,0.9532,119.0823,2.3972,30121.7335,124.9277,49.0469,238.9093,36.5364,75.9244,374.9013,749.8027,789.266,1183.8989,75.8035,-1.1839,10.395423,15.593133,2.799122,29,215,300,5,0.03207536,0.00395337,0.05088190,0E-8,0.000000,0.912219,0.000000,-0.04848366,2026-03-31,2026-08-01,83,4123,1621,124,0.669355,0.205295,0.230786,0.106918,,,,,,,,GLOBAL_BASELINE_NO_ENTITY_RANKING,,,NOT_APPLICABLE_GLOBAL_BASELINE,HF9g-P5,,,,X 全窗基线 · 不参与实体赏罚,15054526,1506,A168_HF9F_20260827_0900,2026-08-27 09:00:00
2026-04-03,92755421,-1,1,3285.8360735595,-752.6488856411,-752.6488856411,0.3333333,31,23,0.49514958708351851,0.416859073913,-1.4831402508251328,-0.7763339728415843,-1.4831402508251328,0.07829051317051851,SENTINEL_DEALER,R03b_20260811_FULL_v1,L1_ELIGIBILITY,v2026-08-11,2026-03-21..2026-08-06,baccarat_bet02_101_all_pairs_incl_sentinel,round_win = game_pnl > 0 (decisive only),COMPATIBILITY_ONLY_NOT_PRODUCTION,2500103.8841,2280641.3266,9883.8276,11764,10369,-0.00395337,-0.05088190,-0.00239824,-0.00395337,-9883.8276,2500103.8841,OK,0.0000,395.3531,4.0000,96.0000,AG03-UNRESOLVED,ALL5_LEVELS_bet23_to_bet27,395.3531,395.3531,395.3531,395.3531,395.3531,4.000000,4.000000,4.000000,4.000000,4.000000,96.000000,96.000000,96.000000,96.000000,96.000000,5.0,1976.7655,1824.8244,7907.0621,8059.0032,PENDING_AG03,FALSE,NOT_FOR_ENFORCEMENT,9488.4745,2189415.6736,9883.8276,9488.4745,395.3531,0.00395337,0.00379523,395.3531,9488.4745,0.00379523,395.3531,395.3531,395.3531,395.3531,395.3531,9488.4745,0.00379523,1976.7655,1824.8244,7907.0621,8059.0032,0.00316269,0.00322347,0.00015813,212.5216,219.9480,0.9532,119.0823,2.3972,30121.7335,124.9277,49.0469,238.9093,36.5364,75.9244,374.9013,749.8027,789.266,1183.8989,75.8035,-1.1839,10.395423,15.593133,2.799122,29,215,300,5,0.03207536,0.00395337,0.05088190,0E-8,0.000000,0.912219,0.000000,-0.04848366,2026-03-31,2026-08-01,83,4123,1621,124,0.669355,0.205295,0.230786,0.106918,,,,,,,,GLOBAL_BASELINE_NO_ENTITY_RANKING,,,NOT_APPLICABLE_GLOBAL_BASELINE,HF9g-P5,,,,X 全窗基线 · 不参与实体赏罚,15054527,1506,A168_HF9F_20260827_0900,2026-08-27 09:00:00
2026-04-03,92755421,1004,0,121.7878455730,-121.7878455730,-121.7878455730,0E-7,1,1,0.49324550000000000,0.493245500000,-0.9865810262130424,-0.9865810262130424,-0.9865810262130424,0E-17,ELIGIBLE,R03b_20260811_FULL_v1,L1_ELIGIBILITY,v2026-08-11,2026-03-21..2026-08-06,baccarat_bet02_101_all_pairs_incl_sentinel,round_win = game_pnl > 0 (decisive only),COMPATIBILITY_ONLY_NOT_PRODUCTION,2500103.8841,2280641.3266,9883.8276,11764,10369,-0.00395337,-0.05088190,-0.00239824,-0.00395337,-9883.8276,2500103.8841,OK,0.0000,395.3531,4.0000,96.0000,AG03-UNRESOLVED,ALL5_LEVELS_bet23_to_bet27,395.3531,395.3531,395.3531,395.3531,395.3531,4.000000,4.000000,4.000000,4.000000,4.000000,96.000000,96.000000,96.000000,96.000000,96.000000,5.0,1976.7655,1824.8244,7907.0621,8059.0032,PENDING_AG03,FALSE,NOT_FOR_ENFORCEMENT,9488.4745,2189415.6736,9883.8276,9488.4745,395.3531,0.00395337,0.00379523,395.3531,9488.4745,0.00379523,395.3531,395.3531,395.3531,395.3531,395.3531,9488.4745,0.00379523,1976.7655,1824.8244,7907.0621,8059.0032,0.00316269,0.00322347,0.00015813,212.5216,219.9480,0.9532,119.0823,2.3972,30121.7335,124.9277,49.0469,238.9093,36.5364,75.9244,374.9013,749.8027,789.266,1183.8989,75.8035,-1.1839,10.395423,15.593133,2.799122,29,215,300,5,0.03207536,0.00395337,0.05088190,0E-8,0.000000,0.912219,0.000000,-0.04848366,2026-03-31,2026-08-01,83,4123,1621,124,0.669355,0.205295,0.230786,0.106918,,,,,,,,GLOBAL_BASELINE_NO_ENTITY_RANKING,,,NOT_APPLICABLE_GLOBAL_BASELINE,HF9g-P5,,,,X 全窗基线 · 不参与实体赏罚,15054528,1506,A168_HF9F_20260827_0900,2026-08-27 09:00:00
2026-04-03,92755421,1383,0,81.1918970487,-81.1918970487,-81.1918970487,0E-7,1,1,0.50665070000000000,0.506650700000,-1.013391052207602,-1.013391052207602,-1.013391052207602,0E-17,ELIGIBLE,R03b_20260811_FULL_v1,L1_ELIGIBILITY,v2026-08-11,2026-03-21..2026-08-06,baccarat_bet02_101_all_pairs_incl_sentinel,round_win = game_pnl > 0 (decisive only),COMPATIBILITY_ONLY_NOT_PRODUCTION,2500103.8841,2280641.3266,9883.8276,11764,10369,-0.00395337,-0.05088190,-0.00239824,-0.00395337,-9883.8276,2500103.8841,OK,0.0000,395.3531,4.0000,96.0000,AG03-UNRESOLVED,ALL5_LEVELS_bet23_to_bet27,395.3531,395.3531,395.3531,395.3531,395.3531,4.000000,4.000000,4.000000,4.000000,4.000000,96.000000,96.000000,96.000000,96.000000,96.000000,5.0,1976.7655,1824.8244,7907.0621,8059.0032,PENDING_AG03,FALSE,NOT_FOR_ENFORCEMENT,9488.4745,2189415.6736,9883.8276,9488.4745,395.3531,0.00395337,0.00379523,395.3531,9488.4745,0.00379523,395.3531,395.3531,395.3531,395.3531,395.3531,9488.4745,0.00379523,1976.7655,1824.8244,7907.0621,8059.0032,0.00316269,0.00322347,0.00015813,212.5216,219.9480,0.9532,119.0823,2.3972,30121.7335,124.9277,49.0469,238.9093,36.5364,75.9244,374.9013,749.8027,789.266,1183.8989,75.8035,-1.1839,10.395423,15.593133,2.799122,29,215,300,5,0.03207536,0.00395337,0.05088190,0E-8,0.000000,0.912219,0.000000,-0.04848366,2026-03-31,2026-08-01,83,4123,1621,124,0.669355,0.205295,0.230786,0.106918,,,,,,,,GLOBAL_BASELINE_NO_ENTITY_RANKING,,,NOT_APPLICABLE_GLOBAL_BASELINE,HF9g-P5,,,,X 全窗基线 · 不参与实体赏罚,15054529,1506,A168_HF9F_20260827_0900,2026-08-27 09:00:00
2026-04-03,92755421,1384,0,1640.4822798683,1299.0703527789,1299.0703527789,0.8000000,15,10,0.49649664498739927,0.380004930000,1.9195708789556685,2.7362480118355044,1.9195708789556685,0.11649171498739927,ELIGIBLE,R03b_20260811_FULL_v1,L1_ELIGIBILITY,v2026-08-11,2026-03-21..2026-08-06,baccarat_bet02_101_all_pairs_incl_sentinel,round_win = game_pnl > 0 (decisive only),COMPATIBILITY_ONLY_NOT_PRODUCTION,2500103.8841,2280641.3266,9883.8276,11764,10369,-0.00395337,-0.05088190,-0.00239824,-0.00395337,-9883.8276,2500103.8841,OK,0.0000,395.3531,4.0000,96.0000,AG03-UNRESOLVED,ALL5_LEVELS_bet23_to_bet27,395.3531,395.3531,395.3531,395.3531,395.3531,4.000000,4.000000,4.000000,4.000000,4.000000,96.000000,96.000000,96.000000,96.000000,96.000000,5.0,1976.7655,1824.8244,7907.0621,8059.0032,PENDING_AG03,FALSE,NOT_FOR_ENFORCEMENT,9488.4745,2189415.6736,9883.8276,9488.4745,395.3531,0.00395337,0.00379523,395.3531,9488.4745,0.00379523,395.3531,395.3531,395.3531,395.3531,395.3531,9488.4745,0.00379523,1976.7655,1824.8244,7907.0621,8059.0032,0.00316269,0.00322347,0.00015813,212.5216,219.9480,0.9532,119.0823,2.3972,30121.7335,124.9277,49.0469,238.9093,36.5364,75.9244,374.9013,749.8027,789.266,1183.8989,75.8035,-1.1839,10.395423,15.593133,2.799122,29,215,300,5,0.03207536,0.00395337,0.05088190,0E-8,0.000000,0.912219,0.000000,-0.04848366,2026-03-31,2026-08-01,83,4123,1621,124,0.669355,0.205295,0.230786,0.106918,,,,,,,,GLOBAL_BASELINE_NO_ENTITY_RANKING,,,NOT_APPLICABLE_GLOBAL_BASELINE,HF9g-P5,,,,X 全窗基线 · 不参与实体赏罚,15054530,1506,A168_HF9F_20260827_0900,2026-08-27 09:00:00
2026-04-03,92755421,1385,0,573.2147931634,203.1827223644,203.1827223644,0.6000000,9,5,0.48748770698117212,0.307502820000,0.5033278951603818,1.417337015728321,0.5033278951603818,0.17998488698117212,ELIGIBLE,R03b_20260811_FULL_v1,L1_ELIGIBILITY,v2026-08-11,2026-03-21..2026-08-06,baccarat_bet02_101_all_pairs_incl_sentinel,round_win = game_pnl > 0 (decisive only),COMPATIBILITY_ONLY_NOT_PRODUCTION,2500103.8841,2280641.3266,9883.8276,11764,10369,-0.00395337,-0.05088190,-0.00239824,-0.00395337,-9883.8276,2500103.8841,OK,0.0000,395.3531,4.0000,96.0000,AG03-UNRESOLVED,ALL5_LEVELS_bet23_to_bet27,395.3531,395.3531,395.3531,395.3531,395.3531,4.000000,4.000000,4.000000,4.000000,4.000000,96.000000,96.000000,96.000000,96.000000,96.000000,5.0,1976.7655,1824.8244,7907.0621,8059.0032,PENDING_AG03,FALSE,NOT_FOR_ENFORCEMENT,9488.4745,2189415.6736,9883.8276,9488.4745,395.3531,0.00395337,0.00379523,395.3531,9488.4745,0.00379523,395.3531,395.3531,395.3531,395.3531,395.3531,9488.4745,0.00379523,1976.7655,1824.8244,7907.0621,8059.0032,0.00316269,0.00322347,0.00015813,212.5216,219.9480,0.9532,119.0823,2.3972,30121.7335,124.9277,49.0469,238.9093,36.5364,75.9244,374.9013,749.8027,789.266,1183.8989,75.8035,-1.1839,10.395423,15.593133,2.799122,29,215,300,5,0.03207536,0.00395337,0.05088190,0E-8,0.000000,0.912219,0.000000,-0.04848366,2026-03-31,2026-08-01,83,4123,1621,124,0.669355,0.205295,0.230786,0.106918,,,,,,,,GLOBAL_BASELINE_NO_ENTITY_RANKING,,,NOT_APPLICABLE_GLOBAL_BASELINE,HF9g-P5,,,,X 全窗基线 · 不参与实体赏罚,15054531,1506,A168_HF9F_20260827_0900,2026-08-27 09:00:00
2026-04-03,92755421,1400,0,237.4862988673,-174.5625786546,-174.5625786546,0E-7,3,2,0.50237161403512101,0.384696750000,-1.4209374842061189,-1.118226170218197,-1.4209374842061189,0.11767486403512101,ELIGIBLE,R03b_20260811_FULL_v1,L1_ELIGIBILITY,v2026-08-11,2026-03-21..2026-08-06,baccarat_bet02_101_all_pairs_incl_sentinel,round_win = game_pnl > 0 (decisive only),COMPATIBILITY_ONLY_NOT_PRODUCTION,2500103.8841,2280641.3266,9883.8276,11764,10369,-0.00395337,-0.05088190,-0.00239824,-0.00395337,-9883.8276,2500103.8841,OK,0.0000,395.3531,4.0000,96.0000,AG03-UNRESOLVED,ALL5_LEVELS_bet23_to_bet27,395.3531,395.3531,395.3531,395.3531,395.3531,4.000000,4.000000,4.000000,4.000000,4.000000,96.000000,96.000000,96.000000,96.000000,96.000000,5.0,1976.7655,1824.8244,7907.0621,8059.0032,PENDING_AG03,FALSE,NOT_FOR_ENFORCEMENT,9488.4745,2189415.6736,9883.8276,9488.4745,395.3531,0.00395337,0.00379523,395.3531,9488.4745,0.00379523,395.3531,395.3531,395.3531,395.3531,395.3531,9488.4745,0.00379523,1976.7655,1824.8244,7907.0621,8059.0032,0.00316269,0.00322347,0.00015813,212.5216,219.9480,0.9532,119.0823,2.3972,30121.7335,124.9277,49.0469,238.9093,36.5364,75.9244,374.9013,749.8027,789.266,1183.8989,75.8035,-1.1839,10.395423,15.593133,2.799122,29,215,300,5,0.03207536,0.00395337,0.05088190,0E-8,0.000000,0.912219,0.000000,-0.04848366,2026-03-31,2026-08-01,83,4123,1621,124,0.669355,0.205295,0.230786,0.106918,,,,,,,,GLOBAL_BASELINE_NO_ENTITY_RANKING,,,NOT_APPLICABLE_GLOBAL_BASELINE,HF9g-P5,,,,X 全窗基线 · 不参与实体赏罚,15054532,1506,A168_HF9F_20260827_0900,2026-08-27 09:00:00
2026-04-03,92755421,1401,0,1337.6365038769,-129.9070352778,-129.9070352778,0.4285714,10,7,0.49939177321836819,0.399246200000,-0.3747463166666442,0.15842428908810144,-0.3747463166666442,0.10014557321836819,ELIGIBLE,R03b_20260811_FULL_v1,L1_ELIGIBILITY,v2026-08-11,2026-03-21..2026-08-06,baccarat_bet02_101_all_pairs_incl_sentinel,round_win = game_pnl > 0 (decisive only),COMPATIBILITY_ONLY_NOT_PRODUCTION,2500103.8841,2280641.3266,9883.8276,11764,10369,-0.00395337,-0.05088190,-0.00239824,-0.00395337,-9883.8276,2500103.8841,OK,0.0000,395.3531,4.0000,96.0000,AG03-UNRESOLVED,ALL5_LEVELS_bet23_to_bet27,395.3531,395.3531,395.3531,395.3531,395.3531,4.000000,4.000000,4.000000,4.000000,4.000000,96.000000,96.000000,96.000000,96.000000,96.000000,5.0,1976.7655,1824.8244,7907.0621,8059.0032,PENDING_AG03,FALSE,NOT_FOR_ENFORCEMENT,9488.4745,2189415.6736,9883.8276,9488.4745,395.3531,0.00395337,0.00379523,395.3531,9488.4745,0.00379523,395.3531,395.3531,395.3531,395.3531,395.3531,9488.4745,0.00379523,1976.7655,1824.8244,7907.0621,8059.0032,0.00316269,0.00322347,0.00015813,212.5216,219.9480,0.9532,119.0823,2.3972,30121.7335,124.9277,49.0469,238.9093,36.5364,75.9244,374.9013,749.8027,789.266,1183.8989,75.8035,-1.1839,10.395423,15.593133,2.799122,29,215,300,5,0.03207536,0.00395337,0.05088190,0E-8,0.000000,0.912219,0.000000,-0.04848366,2026-03-31,2026-08-01,83,4123,1621,124,0.669355,0.205295,0.230786,0.106918,,,,,,,,GLOBAL_BASELINE_NO_ENTITY_RANKING,,,NOT_APPLICABLE_GLOBAL_BASELINE,HF9g-P5,,,,X 全窗基线 · 不参与实体赏罚,15054533,1506,A168_HF9F_20260827_0900,2026-08-27 09:00:00
2026-04-03,92755421,1405,0,361.3039418665,119.7580481469,119.7580481469,0.6666667,5,3,0.49234716135561725,0.339577033333,0.6039312236402278,1.1963194634499565,0.6039312236402278,0.15277012802261725,ELIGIBLE,R03b_20260811_FULL_v1,L1_ELIGIBILITY,v2026-08-11,2026-03-21..2026-08-06,baccarat_bet02_101_all_pairs_incl_sentinel,round_win = game_pnl > 0 (decisive only),COMPATIBILITY_ONLY_NOT_PRODUCTION,2500103.8841,2280641.3266,9883.8276,11764,10369,-0.00395337,-0.05088190,-0.00239824,-0.00395337,-9883.8276,2500103.8841,OK,0.0000,395.3531,4.0000,96.0000,AG03-UNRESOLVED,ALL5_LEVELS_bet23_to_bet27,395.3531,395.3531,395.3531,395.3531,395.3531,4.000000,4.000000,4.000000,4.000000,4.000000,96.000000,96.000000,96.000000,96.000000,96.000000,5.0,1976.7655,1824.8244,7907.0621,8059.0032,PENDING_AG03,FALSE,NOT_FOR_ENFORCEMENT,9488.4745,2189415.6736,9883.8276,9488.4745,395.3531,0.00395337,0.00379523,395.3531,9488.4745,0.00379523,395.3531,395.3531,395.3531,395.3531,395.3531,9488.4745,0.00379523,1976.7655,1824.8244,7907.0621,8059.0032,0.00316269,0.00322347,0.00015813,212.5216,219.9480,0.9532,119.0823,2.3972,30121.7335,124.9277,49.0469,238.9093,36.5364,75.9244,374.9013,749.8027,789.266,1183.8989,75.8035,-1.1839,10.395423,15.593133,2.799122,29,215,300,5,0.03207536,0.00395337,0.05088190,0E-8,0.000000,0.912219,0.000000,-0.04848366,2026-03-31,2026-08-01,83,4123,1621,124,0.669355,0.205295,0.230786,0.106918,,,,,,,,GLOBAL_BASELINE_NO_ENTITY_RANKING,,,NOT_APPLICABLE_GLOBAL_BASELINE,HF9g-P5,,,,X 全窗基线 · 不参与实体赏罚,15054534,1506,A168_HF9F_20260827_0900,2026-08-27 09:00:00
2026-04-03,92755421,1509,0,1014.8987131085,-608.9392278651,-608.9392278651,0E-7,5,5,0.50128862000000000,0.501288620000,-1.736520485330431,-1.736520485330431,-1.736520485330431,0E-17,ELIGIBLE,R03b_20260811_FULL_v1,L1_ELIGIBILITY,v2026-08-11,2026-03-21..2026-08-06,baccarat_bet02_101_all_pairs_incl_sentinel,round_win = game_pnl > 0 (decisive only),COMPATIBILITY_ONLY_NOT_PRODUCTION,2500103.8841,2280641.3266,9883.8276,11764,10369,-0.00395337,-0.05088190,-0.00239824,-0.00395337,-9883.8276,2500103.8841,OK,0.0000,395.3531,4.0000,96.0000,AG03-UNRESOLVED,ALL5_LEVELS_bet23_to_bet27,395.3531,395.3531,395.3531,395.3531,395.3531,4.000000,4.000000,4.000000,4.000000,4.000000,96.000000,96.000000,96.000000,96.000000,96.000000,5.0,1976.7655,1824.8244,7907.0621,8059.0032,PENDING_AG03,FALSE,NOT_FOR_ENFORCEMENT,9488.4745,2189415.6736,9883.8276,9488.4745,395.3531,0.00395337,0.00379523,395.3531,9488.4745,0.00379523,395.3531,395.3531,395.3531,395.3531,395.3531,9488.4745,0.00379523,1976.7655,1824.8244,7907.0621,8059.0032,0.00316269,0.00322347,0.00015813,212.5216,219.9480,0.9532,119.0823,2.3972,30121.7335,124.9277,49.0469,238.9093,36.5364,75.9244,374.9013,749.8027,789.266,1183.8989,75.8035,-1.1839,10.395423,15.593133,2.799122,29,215,300,5,0.03207536,0.00395337,0.05088190,0E-8,0.000000,0.912219,0.000000,-0.04848366,2026-03-31,2026-08-01,83,4123,1621,124,0.669355,0.205295,0.230786,0.106918,,,,,,,,GLOBAL_BASELINE_NO_ENTITY_RANKING,,,NOT_APPLICABLE_GLOBAL_BASELINE,HF9g-P5,,,,X 全窗基线 · 不参与实体赏罚,15054535,1506,A168_HF9F_20260827_0900,2026-08-27 09:00:00
2026-04-03,92755421,1645,0,121.7878455730,115.6984532944,115.6984532944,1.0000000,1,1,0.50665070000000000,0.506650700000,0.9867858985152569,0.9867858985152569,0.9867858985152569,0E-17,ELIGIBLE,R03b_20260811_FULL_v1,L1_ELIGIBILITY,v2026-08-11,2026-03-21..2026-08-06,baccarat_bet02_101_all_pairs_incl_sentinel,round_win = game_pnl > 0 (decisive only),COMPATIBILITY_ONLY_NOT_PRODUCTION,2500103.8841,2280641.3266,9883.8276,11764,10369,-0.00395337,-0.05088190,-0.00239824,-0.00395337,-9883.8276,2500103.8841,OK,0.0000,395.3531,4.0000,96.0000,AG03-UNRESOLVED,ALL5_LEVELS_bet23_to_bet27,395.3531,395.3531,395.3531,395.3531,395.3531,4.000000,4.000000,4.000000,4.000000,4.000000,96.000000,96.000000,96.000000,96.000000,96.000000,5.0,1976.7655,1824.8244,7907.0621,8059.0032,PENDING_AG03,FALSE,NOT_FOR_ENFORCEMENT,9488.4745,2189415.6736,9883.8276,9488.4745,395.3531,0.00395337,0.00379523,395.3531,9488.4745,0.00379523,395.3531,395.3531,395.3531,395.3531,395.3531,9488.4745,0.00379523,1976.7655,1824.8244,7907.0621,8059.0032,0.00316269,0.00322347,0.00015813,212.5216,219.9480,0.9532,119.0823,2.3972,30121.7335,124.9277,49.0469,238.9093,36.5364,75.9244,374.9013,749.8027,789.266,1183.8989,75.8035,-1.1839,10.395423,15.593133,2.799122,29,215,300,5,0.03207536,0.00395337,0.05088190,0E-8,0.000000,0.912219,0.000000,-0.04848366,2026-03-31,2026-08-01,83,4123,1621,124,0.669355,0.205295,0.230786,0.106918,,,,,,,,GLOBAL_BASELINE_NO_ENTITY_RANKING,,,NOT_APPLICABLE_GLOBAL_BASELINE,HF9g-P5,,,,X 全窗基线 · 不参与实体赏罚,15054536,1506,A168_HF9F_20260827_0900,2026-08-27 09:00:00
2026-04-03,92755421,1956,0,365.3635367190,0E-10,0E-10,0.5000000,3,3,0.50218230000000000,0.502182300000,-0.00617253530718887,-0.00617253530718887,-0.00617253530718887,0E-17,ELIGIBLE,R03b_20260811_FULL_v1,L1_ELIGIBILITY,v2026-08-11,2026-03-21..2026-08-06,baccarat_bet02_101_all_pairs_incl_sentinel,round_win = game_pnl > 0 (decisive only),COMPATIBILITY_ONLY_NOT_PRODUCTION,2500103.8841,2280641.3266,9883.8276,11764,10369,-0.00395337,-0.05088190,-0.00239824,-0.00395337,-9883.8276,2500103.8841,OK,0.0000,395.3531,4.0000,96.0000,AG03-UNRESOLVED,ALL5_LEVELS_bet23_to_bet27,395.3531,395.3531,395.3531,395.3531,395.3531,4.000000,4.000000,4.000000,4.000000,4.000000,96.000000,96.000000,96.000000,96.000000,96.000000,5.0,1976.7655,1824.8244,7907.0621,8059.0032,PENDING_AG03,FALSE,NOT_FOR_ENFORCEMENT,9488.4745,2189415.6736,9883.8276,9488.4745,395.3531,0.00395337,0.00379523,395.3531,9488.4745,0.00379523,395.3531,395.3531,395.3531,395.3531,395.3531,9488.4745,0.00379523,1976.7655,1824.8244,7907.0621,8059.0032,0.00316269,0.00322347,0.00015813,212.5216,219.9480,0.9532,119.0823,2.3972,30121.7335,124.9277,49.0469,238.9093,36.5364,75.9244,374.9013,749.8027,789.266,1183.8989,75.8035,-1.1839,10.395423,15.593133,2.799122,29,215,300,5,0.03207536,0.00395337,0.05088190,0E-8,0.000000,0.912219,0.000000,-0.04848366,2026-03-31,2026-08-01,83,4123,1621,124,0.669355,0.205295,0.230786,0.106918,,,,,,,,GLOBAL_BASELINE_NO_ENTITY_RANKING,,,NOT_APPLICABLE_GLOBAL_BASELINE,HF9g-P5,,,,X 全窗基线 · 不参与实体赏罚,15054537,1506,A168_HF9F_20260827_0900,2026-08-27 09:00:00
2026-04-03,92755421,1957,0,324.7675881946,81.1918970486,81.1918970486,0.6666667,3,3,0.49771390000000000,0.497713900000,0.5852756695216578,0.5852756695216578,0.5852756695216578,0E-17,ELIGIBLE,R03b_20260811_FULL_v1,L1_ELIGIBILITY,v2026-08-11,2026-03-21..2026-08-06,baccarat_bet02_101_all_pairs_incl_sentinel,round_win = game_pnl > 0 (decisive only),COMPATIBILITY_ONLY_NOT_PRODUCTION,2500103.8841,2280641.3266,9883.8276,11764,10369,-0.00395337,-0.05088190,-0.00239824,-0.00395337,-9883.8276,2500103.8841,OK,0.0000,395.3531,4.0000,96.0000,AG03-UNRESOLVED,ALL5_LEVELS_bet23_to_bet27,395.3531,395.3531,395.3531,395.3531,395.3531,4.000000,4.000000,4.000000,4.000000,4.000000,96.000000,96.000000,96.000000,96.000000,96.000000,5.0,1976.7655,1824.8244,7907.0621,8059.0032,PENDING_AG03,FALSE,NOT_FOR_ENFORCEMENT,9488.4745,2189415.6736,9883.8276,9488.4745,395.3531,0.00395337,0.00379523,395.3531,9488.4745,0.00379523,395.3531,395.3531,395.3531,395.3531,395.3531,9488.4745,0.00379523,1976.7655,1824.8244,7907.0621,8059.0032,0.00316269,0.00322347,0.00015813,212.5216,219.9480,0.9532,119.0823,2.3972,30121.7335,124.9277,49.0469,238.9093,36.5364,75.9244,374.9013,749.8027,789.266,1183.8989,75.8035,-1.1839,10.395423,15.593133,2.799122,29,215,300,5,0.03207536,0.00395337,0.05088190,0E-8,0.000000,0.912219,0.000000,-0.04848366,2026-03-31,2026-08-01,83,4123,1621,124,0.669355,0.205295,0.230786,0.106918,,,,,,,,GLOBAL_BASELINE_NO_ENTITY_RANKING,,,NOT_APPLICABLE_GLOBAL_BASELINE,HF9g-P5,,,,X 全窗基线 · 不参与实体赏罚,15054538,1506,A168_HF9F_20260827_0900,2026-08-27 09:00:00
2026-04-03,92755421,1990,0,121.7878455730,-121.7878455730,-121.7878455730,0E-7,1,1,0.49324550000000000,0.493245500000,-0.9865810262130424,-0.9865810262130424,-0.9865810262130424,0E-17,ELIGIBLE,R03b_20260811_FULL_v1,L1_ELIGIBILITY,v2026-08-11,2026-03-21..2026-08-06,baccarat_bet02_101_all_pairs_incl_sentinel,round_win = game_pnl > 0 (decisive only),COMPATIBILITY_ONLY_NOT_PRODUCTION,2500103.8841,2280641.3266,9883.8276,11764,10369,-0.00395337,-0.05088190,-0.00239824,-0.00395337,-9883.8276,2500103.8841,OK,0.0000,395.3531,4.0000,96.0000,AG03-UNRESOLVED,ALL5_LEVELS_bet23_to_bet27,395.3531,395.3531,395.3531,395.3531,395.3531,4.000000,4.000000,4.000000,4.000000,4.000000,96.000000,96.000000,96.000000,96.000000,96.000000,5.0,1976.7655,1824.8244,7907.0621,8059.0032,PENDING_AG03,FALSE,NOT_FOR_ENFORCEMENT,9488.4745,2189415.6736,9883.8276,9488.4745,395.3531,0.00395337,0.00379523,395.3531,9488.4745,0.00379523,395.3531,395.3531,395.3531,395.3531,395.3531,9488.4745,0.00379523,1976.7655,1824.8244,7907.0621,8059.0032,0.00316269,0.00322347,0.00015813,212.5216,219.9480,0.9532,119.0823,2.3972,30121.7335,124.9277,49.0469,238.9093,36.5364,75.9244,374.9013,749.8027,789.266,1183.8989,75.8035,-1.1839,10.395423,15.593133,2.799122,29,215,300,5,0.03207536,0.00395337,0.05088190,0E-8,0.000000,0.912219,0.000000,-0.04848366,2026-03-31,2026-08-01,83,4123,1621,124,0.669355,0.205295,0.230786,0.106918,,,,,,,,GLOBAL_BASELINE_NO_ENTITY_RANKING,,,NOT_APPLICABLE_GLOBAL_BASELINE,HF9g-P5,,,,X 全窗基线 · 不参与实体赏罚,15054539,1506,A168_HF9F_20260827_0900,2026-08-27 09:00:00
2026-04-03,92755421,2088,0,1409.8972922502,527.7473308164,527.7473308164,0.7142857,10,8,0.49996369452196878,0.442322425000,1.13408553254953,1.4487659675555822,1.13408553254953,0.05764126952196878,ELIGIBLE,R03b_20260811_FULL_v1,L1_ELIGIBILITY,v2026-08-11,2026-03-21..2026-08-06,baccarat_bet02_101_all_pairs_incl_sentinel,round_win = game_pnl > 0 (decisive only),COMPATIBILITY_ONLY_NOT_PRODUCTION,2500103.8841,2280641.3266,9883.8276,11764,10369,-0.00395337,-0.05088190,-0.00239824,-0.00395337,-9883.8276,2500103.8841,OK,0.0000,395.3531,4.0000,96.0000,AG03-UNRESOLVED,ALL5_LEVELS_bet23_to_bet27,395.3531,395.3531,395.3531,395.3531,395.3531,4.000000,4.000000,4.000000,4.000000,4.000000,96.000000,96.000000,96.000000,96.000000,96.000000,5.0,1976.7655,1824.8244,7907.0621,8059.0032,PENDING_AG03,FALSE,NOT_FOR_ENFORCEMENT,9488.4745,2189415.6736,9883.8276,9488.4745,395.3531,0.00395337,0.00379523,395.3531,9488.4745,0.00379523,395.3531,395.3531,395.3531,395.3531,395.3531,9488.4745,0.00379523,1976.7655,1824.8244,7907.0621,8059.0032,0.00316269,0.00322347,0.00015813,212.5216,219.9480,0.9532,119.0823,2.3972,30121.7335,124.9277,49.0469,238.9093,36.5364,75.9244,374.9013,749.8027,789.266,1183.8989,75.8035,-1.1839,10.395423,15.593133,2.799122,29,215,300,5,0.03207536,0.00395337,0.05088190,0E-8,0.000000,0.912219,0.000000,-0.04848366,2026-03-31,2026-08-01,83,4123,1621,124,0.669355,0.205295,0.230786,0.106918,,,,,,,,GLOBAL_BASELINE_NO_ENTITY_RANKING,,,NOT_APPLICABLE_GLOBAL_BASELINE,HF9g-P5,,,,X 全窗基线 · 不参与实体赏罚,15054540,1506,A168_HF9F_20260827_0900,2026-08-27 09:00:00
2026-04-03,92755421,2103,0,365.3635367190,-121.7878455730,-121.7878455730,0.3333333,3,3,0.50218230000000000,0.502182300000,-0.5849155494134425,-0.5849155494134426,-0.5849155494134425,0E-17,ELIGIBLE,R03b_20260811_FULL_v1,L1_ELIGIBILITY,v2026-08-11,2026-03-21..2026-08-06,baccarat_bet02_101_all_pairs_incl_sentinel,round_win = game_pnl > 0 (decisive only),COMPATIBILITY_ONLY_NOT_PRODUCTION,2500103.8841,2280641.3266,9883.8276,11764,10369,-0.00395337,-0.05088190,-0.00239824,-0.00395337,-9883.8276,2500103.8841,OK,0.0000,395.3531,4.0000,96.0000,AG03-UNRESOLVED,ALL5_LEVELS_bet23_to_bet27,395.3531,395.3531,395.3531,395.3531,395.3531,4.000000,4.000000,4.000000,4.000000,4.000000,96.000000,96.000000,96.000000,96.000000,96.000000,5.0,1976.7655,1824.8244,7907.0621,8059.0032,PENDING_AG03,FALSE,NOT_FOR_ENFORCEMENT,9488.4745,2189415.6736,9883.8276,9488.4745,395.3531,0.00395337,0.00379523,395.3531,9488.4745,0.00379523,395.3531,395.3531,395.3531,395.3531,395.3531,9488.4745,0.00379523,1976.7655,1824.8244,7907.0621,8059.0032,0.00316269,0.00322347,0.00015813,212.5216,219.9480,0.9532,119.0823,2.3972,30121.7335,124.9277,49.0469,238.9093,36.5364,75.9244,374.9013,749.8027,789.266,1183.8989,75.8035,-1.1839,10.395423,15.593133,2.799122,29,215,300,5,0.03207536,0.00395337,0.05088190,0E-8,0.000000,0.912219,0.000000,-0.04848366,2026-03-31,2026-08-01,83,4123,1621,124,0.669355,0.205295,0.230786,0.106918,,,,,,,,GLOBAL_BASELINE_NO_ENTITY_RANKING,,,NOT_APPLICABLE_GLOBAL_BASELINE,HF9g-P5,,,,X 全窗基线 · 不参与实体赏罚,15054541,1506,A168_HF9F_20260827_0900,2026-08-27 09:00:00
2026-04-03,92755421,2106,0,202.9797426217,-202.9797426217,-202.9797426217,0E-7,1,1,0.50665070000000000,0.506650700000,-1.013391052207602,-1.013391052207602,-1.013391052207602,0E-17,ELIGIBLE,R03b_20260811_FULL_v1,L1_ELIGIBILITY,v2026-08-11,2026-03-21..2026-08-06,baccarat_bet02_101_all_pairs_incl_sentinel,round_win = game_pnl > 0 (decisive only),COMPATIBILITY_ONLY_NOT_PRODUCTION,2500103.8841,2280641.3266,9883.8276,11764,10369,-0.00395337,-0.05088190,-0.00239824,-0.00395337,-9883.8276,2500103.8841,OK,0.0000,395.3531,4.0000,96.0000,AG03-UNRESOLVED,ALL5_LEVELS_bet23_to_bet27,395.3531,395.3531,395.3531,395.3531,395.3531,4.000000,4.000000,4.000000,4.000000,4.000000,96.000000,96.000000,96.000000,96.000000,96.000000,5.0,1976.7655,1824.8244,7907.0621,8059.0032,PENDING_AG03,FALSE,NOT_FOR_ENFORCEMENT,9488.4745,2189415.6736,9883.8276,9488.4745,395.3531,0.00395337,0.00379523,395.3531,9488.4745,0.00379523,395.3531,395.3531,395.3531,395.3531,395.3531,9488.4745,0.00379523,1976.7655,1824.8244,7907.0621,8059.0032,0.00316269,0.00322347,0.00015813,212.5216,219.9480,0.9532,119.0823,2.3972,30121.7335,124.9277,49.0469,238.9093,36.5364,75.9244,374.9013,749.8027,789.266,1183.8989,75.8035,-1.1839,10.395423,15.593133,2.799122,29,215,300,5,0.03207536,0.00395337,0.05088190,0E-8,0.000000,0.912219,0.000000,-0.04848366,2026-03-31,2026-08-01,83,4123,1621,124,0.669355,0.205295,0.230786,0.106918,,,,,,,,GLOBAL_BASELINE_NO_ENTITY_RANKING,,,NOT_APPLICABLE_GLOBAL_BASELINE,HF9g-P5,,,,X 全窗基线 · 不参与实体赏罚,15054542,1506,A168_HF9F_20260827_0900,2026-08-27 09:00:00
2026-04-03,92755421,2123,0,247.6352859984,-4.0595948524,-4.0595948524,0.5000000,3,2,0.49229631612909306,0.381345450000,0.02179189513055955,0.3454745057990616,0.02179189513055955,0.11095086612909306,ELIGIBLE,R03b_20260811_FULL_v1,L1_ELIGIBILITY,v2026-08-11,2026-03-21..2026-08-06,baccarat_bet02_101_all_pairs_incl_sentinel,round_win = game_pnl > 0 (decisive only),COMPATIBILITY_ONLY_NOT_PRODUCTION,2500103.8841,2280641.3266,9883.8276,11764,10369,-0.00395337,-0.05088190,-0.00239824,-0.00395337,-9883.8276,2500103.8841,OK,0.0000,395.3531,4.0000,96.0000,AG03-UNRESOLVED,ALL5_LEVELS_bet23_to_bet27,395.3531,395.3531,395.3531,395.3531,395.3531,4.000000,4.000000,4.000000,4.000000,4.000000,96.000000,96.000000,96.000000,96.000000,96.000000,5.0,1976.7655,1824.8244,7907.0621,8059.0032,PENDING_AG03,FALSE,NOT_FOR_ENFORCEMENT,9488.4745,2189415.6736,9883.8276,9488.4745,395.3531,0.00395337,0.00379523,395.3531,9488.4745,0.00379523,395.3531,395.3531,395.3531,395.3531,395.3531,9488.4745,0.00379523,1976.7655,1824.8244,7907.0621,8059.0032,0.00316269,0.00322347,0.00015813,212.5216,219.9480,0.9532,119.0823,2.3972,30121.7335,124.9277,49.0469,238.9093,36.5364,75.9244,374.9013,749.8027,789.266,1183.8989,75.8035,-1.1839,10.395423,15.593133,2.799122,29,215,300,5,0.03207536,0.00395337,0.05088190,0E-8,0.000000,0.912219,0.000000,-0.04848366,2026-03-31,2026-08-01,83,4123,1621,124,0.669355,0.205295,0.230786,0.106918,,,,,,,,GLOBAL_BASELINE_NO_ENTITY_RANKING,,,NOT_APPLICABLE_GLOBAL_BASELINE,HF9g-P5,,,,X 全窗基线 · 不参与实体赏罚,15054543,1506,A168_HF9F_20260827_0900,2026-08-27 09:00:00
2026-04-03,92755421,2129,0,202.9797426217,-202.9797426217,-202.9797426217,0E-7,1,1,0.50665070000000000,0.506650700000,-1.013391052207602,-1.013391052207602,-1.013391052207602,0E-17,ELIGIBLE,R03b_20260811_FULL_v1,L1_ELIGIBILITY,v2026-08-11,2026-03-21..2026-08-06,baccarat_bet02_101_all_pairs_incl_sentinel,round_win = game_pnl > 0 (decisive only),COMPATIBILITY_ONLY_NOT_PRODUCTION,2500103.8841,2280641.3266,9883.8276,11764,10369,-0.00395337,-0.05088190,-0.00239824,-0.00395337,-9883.8276,2500103.8841,OK,0.0000,395.3531,4.0000,96.0000,AG03-UNRESOLVED,ALL5_LEVELS_bet23_to_bet27,395.3531,395.3531,395.3531,395.3531,395.3531,4.000000,4.000000,4.000000,4.000000,4.000000,96.000000,96.000000,96.000000,96.000000,96.000000,5.0,1976.7655,1824.8244,7907.0621,8059.0032,PENDING_AG03,FALSE,NOT_FOR_ENFORCEMENT,9488.4745,2189415.6736,9883.8276,9488.4745,395.3531,0.00395337,0.00379523,395.3531,9488.4745,0.00379523,395.3531,395.3531,395.3531,395.3531,395.3531,9488.4745,0.00379523,1976.7655,1824.8244,7907.0621,8059.0032,0.00316269,0.00322347,0.00015813,212.5216,219.9480,0.9532,119.0823,2.3972,30121.7335,124.9277,49.0469,238.9093,36.5364,75.9244,374.9013,749.8027,789.266,1183.8989,75.8035,-1.1839,10.395423,15.593133,2.799122,29,215,300,5,0.03207536,0.00395337,0.05088190,0E-8,0.000000,0.912219,0.000000,-0.04848366,2026-03-31,2026-08-01,83,4123,1621,124,0.669355,0.205295,0.230786,0.106918,,,,,,,,GLOBAL_BASELINE_NO_ENTITY_RANKING,,,NOT_APPLICABLE_GLOBAL_BASELINE,HF9g-P5,,,,X 全窗基线 · 不参与实体赏罚,15054544,1506,A168_HF9F_20260827_0900,2026-08-27 09:00:00
2026-04-03,92755421,2134,0,684.0417326350,-324.7675881946,-324.7675881946,0.2500000,6,5,0.49962402140352172,0.453847560000,-0.9984963679088302,-0.8188862360849855,-0.9984963679088302,0.04577646140352172,ELIGIBLE,R03b_20260811_FULL_v1,L1_ELIGIBILITY,v2026-08-11,2026-03-21..2026-08-06,baccarat_bet02_101_all_pairs_incl_sentinel,round_win = game_pnl > 0 (decisive only),COMPATIBILITY_ONLY_NOT_PRODUCTION,2500103.8841,2280641.3266,9883.8276,11764,10369,-0.00395337,-0.05088190,-0.00239824,-0.00395337,-9883.8276,2500103.8841,OK,0.0000,395.3531,4.0000,96.0000,AG03-UNRESOLVED,ALL5_LEVELS_bet23_to_bet27,395.3531,395.3531,395.3531,395.3531,395.3531,4.000000,4.000000,4.000000,4.000000,4.000000,96.000000,96.000000,96.000000,96.000000,96.000000,5.0,1976.7655,1824.8244,7907.0621,8059.0032,PENDING_AG03,FALSE,NOT_FOR_ENFORCEMENT,9488.4745,2189415.6736,9883.8276,9488.4745,395.3531,0.00395337,0.00379523,395.3531,9488.4745,0.00379523,395.3531,395.3531,395.3531,395.3531,395.3531,9488.4745,0.00379523,1976.7655,1824.8244,7907.0621,8059.0032,0.00316269,0.00322347,0.00015813,212.5216,219.9480,0.9532,119.0823,2.3972,30121.7335,124.9277,49.0469,238.9093,36.5364,75.9244,374.9013,749.8027,789.266,1183.8989,75.8035,-1.1839,10.395423,15.593133,2.799122,29,215,300,5,0.03207536,0.00395337,0.05088190,0E-8,0.000000,0.912219,0.000000,-0.04848366,2026-03-31,2026-08-01,83,4123,1621,124,0.669355,0.205295,0.230786,0.106918,,,,,,,,GLOBAL_BASELINE_NO_ENTITY_RANKING,,,NOT_APPLICABLE_GLOBAL_BASELINE,HF9g-P5,,,,X 全窗基线 · 不参与实体赏罚,15054545,1506,A168_HF9F_20260827_0900,2026-08-27 09:00:00
2026-04-03,92755421,2152,0,243.5756911460,-243.5756911460,-243.5756911460,0E-7,2,2,0.49324550000000000,0.493245500000,-1.3952362676504506,-1.3952362676504506,-1.3952362676504506,0E-17,ELIGIBLE,R03b_20260811_FULL_v1,L1_ELIGIBILITY,v2026-08-11,2026-03-21..2026-08-06,baccarat_bet02_101_all_pairs_incl_sentinel,round_win = game_pnl > 0 (decisive only),COMPATIBILITY_ONLY_NOT_PRODUCTION,2500103.8841,2280641.3266,9883.8276,11764,10369,-0.00395337,-0.05088190,-0.00239824,-0.00395337,-9883.8276,2500103.8841,OK,0.0000,395.3531,4.0000,96.0000,AG03-UNRESOLVED,ALL5_LEVELS_bet23_to_bet27,395.3531,395.3531,395.3531,395.3531,395.3531,4.000000,4.000000,4.000000,4.000000,4.000000,96.000000,96.000000,96.000000,96.000000,96.000000,5.0,1976.7655,1824.8244,7907.0621,8059.0032,PENDING_AG03,FALSE,NOT_FOR_ENFORCEMENT,9488.4745,2189415.6736,9883.8276,9488.4745,395.3531,0.00395337,0.00379523,395.3531,9488.4745,0.00379523,395.3531,395.3531,395.3531,395.3531,395.3531,9488.4745,0.00379523,1976.7655,1824.8244,7907.0621,8059.0032,0.00316269,0.00322347,0.00015813,212.5216,219.9480,0.9532,119.0823,2.3972,30121.7335,124.9277,49.0469,238.9093,36.5364,75.9244,374.9013,749.8027,789.266,1183.8989,75.8035,-1.1839,10.395423,15.593133,2.799122,29,215,300,5,0.03207536,0.00395337,0.05088190,0E-8,0.000000,0.912219,0.000000,-0.04848366,2026-03-31,2026-08-01,83,4123,1621,124,0.669355,0.205295,0.230786,0.106918,,,,,,,,GLOBAL_BASELINE_NO_ENTITY_RANKING,,,NOT_APPLICABLE_GLOBAL_BASELINE,HF9g-P5,,,,X 全窗基线 · 不参与实体赏罚,15054546,1506,A168_HF9F_20260827_0900,2026-08-27 09:00:00
2026-04-03,92755421,2156,0,202.9797426217,-202.9797426217,-202.9797426217,0E-7,1,1,0.49324550000000000,0.493245500000,-0.9865810262130424,-0.9865810262130424,-0.9865810262130424,0E-17,ELIGIBLE,R03b_20260811_FULL_v1,L1_ELIGIBILITY,v2026-08-11,2026-03-21..2026-08-06,baccarat_bet02_101_all_pairs_incl_sentinel,round_win = game_pnl > 0 (decisive only),COMPATIBILITY_ONLY_NOT_PRODUCTION,2500103.8841,2280641.3266,9883.8276,11764,10369,-0.00395337,-0.05088190,-0.00239824,-0.00395337,-9883.8276,2500103.8841,OK,0.0000,395.3531,4.0000,96.0000,AG03-UNRESOLVED,ALL5_LEVELS_bet23_to_bet27,395.3531,395.3531,395.3531,395.3531,395.3531,4.000000,4.000000,4.000000,4.000000,4.000000,96.000000,96.000000,96.000000,96.000000,96.000000,5.0,1976.7655,1824.8244,7907.0621,8059.0032,PENDING_AG03,FALSE,NOT_FOR_ENFORCEMENT,9488.4745,2189415.6736,9883.8276,9488.4745,395.3531,0.00395337,0.00379523,395.3531,9488.4745,0.00379523,395.3531,395.3531,395.3531,395.3531,395.3531,9488.4745,0.00379523,1976.7655,1824.8244,7907.0621,8059.0032,0.00316269,0.00322347,0.00015813,212.5216,219.9480,0.9532,119.0823,2.3972,30121.7335,124.9277,49.0469,238.9093,36.5364,75.9244,374.9013,749.8027,789.266,1183.8989,75.8035,-1.1839,10.395423,15.593133,2.799122,29,215,300,5,0.03207536,0.00395337,0.05088190,0E-8,0.000000,0.912219,0.000000,-0.04848366,2026-03-31,2026-08-01,83,4123,1621,124,0.669355,0.205295,0.230786,0.106918,,,,,,,,GLOBAL_BASELINE_NO_ENTITY_RANKING,,,NOT_APPLICABLE_GLOBAL_BASELINE,HF9g-P5,,,,X 全窗基线 · 不参与实体赏罚,15054547,1506,A168_HF9F_20260827_0900,2026-08-27 09:00:00
2026-04-03,92755421,2170,0,324.7675881947,-324.7675881947,-324.7675881947,0E-7,2,2,0.50665070000000000,0.506650700000,-1.4331513700195317,-1.4331513700195317,-1.4331513700195317,0E-17,ELIGIBLE,R03b_20260811_FULL_v1,L1_ELIGIBILITY,v2026-08-11,2026-03-21..2026-08-06,baccarat_bet02_101_all_pairs_incl_sentinel,round_win = game_pnl > 0 (decisive only),COMPATIBILITY_ONLY_NOT_PRODUCTION,2500103.8841,2280641.3266,9883.8276,11764,10369,-0.00395337,-0.05088190,-0.00239824,-0.00395337,-9883.8276,2500103.8841,OK,0.0000,395.3531,4.0000,96.0000,AG03-UNRESOLVED,ALL5_LEVELS_bet23_to_bet27,395.3531,395.3531,395.3531,395.3531,395.3531,4.000000,4.000000,4.000000,4.000000,4.000000,96.000000,96.000000,96.000000,96.000000,96.000000,5.0,1976.7655,1824.8244,7907.0621,8059.0032,PENDING_AG03,FALSE,NOT_FOR_ENFORCEMENT,9488.4745,2189415.6736,9883.8276,9488.4745,395.3531,0.00395337,0.00379523,395.3531,9488.4745,0.00379523,395.3531,395.3531,395.3531,395.3531,395.3531,9488.4745,0.00379523,1976.7655,1824.8244,7907.0621,8059.0032,0.00316269,0.00322347,0.00015813,212.5216,219.9480,0.9532,119.0823,2.3972,30121.7335,124.9277,49.0469,238.9093,36.5364,75.9244,374.9013,749.8027,789.266,1183.8989,75.8035,-1.1839,10.395423,15.593133,2.799122,29,215,300,5,0.03207536,0.00395337,0.05088190,0E-8,0.000000,0.912219,0.000000,-0.04848366,2026-03-31,2026-08-01,83,4123,1621,124,0.669355,0.205295,0.230786,0.106918,,,,,,,,GLOBAL_BASELINE_NO_ENTITY_RANKING,,,NOT_APPLICABLE_GLOBAL_BASELINE,HF9g-P5,,,,X 全窗基线 · 不参与实体赏罚,15054548,1506,A168_HF9F_20260827_0900,2026-08-27 09:00:00
2026-04-03,92755421,2171,0,304.4696139325,-304.4696139325,-304.4696139325,0E-7,2,2,0.50665070000000000,0.506650700000,-1.4331513700195317,-1.4331513700195317,-1.4331513700195317,0E-17,ELIGIBLE,R03b_20260811_FULL_v1,L1_ELIGIBILITY,v2026-08-11,2026-03-21..2026-08-06,baccarat_bet02_101_all_pairs_incl_sentinel,round_win = game_pnl > 0 (decisive only),COMPATIBILITY_ONLY_NOT_PRODUCTION,2500103.8841,2280641.3266,9883.8276,11764,10369,-0.00395337,-0.05088190,-0.00239824,-0.00395337,-9883.8276,2500103.8841,OK,0.0000,395.3531,4.0000,96.0000,AG03-UNRESOLVED,ALL5_LEVELS_bet23_to_bet27,395.3531,395.3531,395.3531,395.3531,395.3531,4.000000,4.000000,4.000000,4.000000,4.000000,96.000000,96.000000,96.000000,96.000000,96.000000,5.0,1976.7655,1824.8244,7907.0621,8059.0032,PENDING_AG03,FALSE,NOT_FOR_ENFORCEMENT,9488.4745,2189415.6736,9883.8276,9488.4745,395.3531,0.00395337,0.00379523,395.3531,9488.4745,0.00379523,395.3531,395.3531,395.3531,395.3531,395.3531,9488.4745,0.00379523,1976.7655,1824.8244,7907.0621,8059.0032,0.00316269,0.00322347,0.00015813,212.5216,219.9480,0.9532,119.0823,2.3972,30121.7335,124.9277,49.0469,238.9093,36.5364,75.9244,374.9013,749.8027,789.266,1183.8989,75.8035,-1.1839,10.395423,15.593133,2.799122,29,215,300,5,0.03207536,0.00395337,0.05088190,0E-8,0.000000,0.912219,0.000000,-0.04848366,2026-03-31,2026-08-01,83,4123,1621,124,0.669355,0.205295,0.230786,0.106918,,,,,,,,GLOBAL_BASELINE_NO_ENTITY_RANKING,,,NOT_APPLICABLE_GLOBAL_BASELINE,HF9g-P5,,,,X 全窗基线 · 不参与实体赏罚,15054549,1506,A168_HF9F_20260827_0900,2026-08-27 09:00:00
2026-04-03,92755421,2201,0,1722.4860958873,127.6742581091,127.6742581091,0.5454545,16,12,0.49502932020734657,0.419762566667,0.33449963404150385,0.8446935558764664,0.33449963404150385,0.07526675354034657,ELIGIBLE,R03b_20260811_FULL_v1,L1_ELIGIBILITY,v2026-08-11,2026-03-21..2026-08-06,baccarat_bet02_101_all_pairs_incl_sentinel,round_win = game_pnl > 0 (decisive only),COMPATIBILITY_ONLY_NOT_PRODUCTION,2500103.8841,2280641.3266,9883.8276,11764,10369,-0.00395337,-0.05088190,-0.00239824,-0.00395337,-9883.8276,2500103.8841,OK,0.0000,395.3531,4.0000,96.0000,AG03-UNRESOLVED,ALL5_LEVELS_bet23_to_bet27,395.3531,395.3531,395.3531,395.3531,395.3531,4.000000,4.000000,4.000000,4.000000,4.000000,96.000000,96.000000,96.000000,96.000000,96.000000,5.0,1976.7655,1824.8244,7907.0621,8059.0032,PENDING_AG03,FALSE,NOT_FOR_ENFORCEMENT,9488.4745,2189415.6736,9883.8276,9488.4745,395.3531,0.00395337,0.00379523,395.3531,9488.4745,0.00379523,395.3531,395.3531,395.3531,395.3531,395.3531,9488.4745,0.00379523,1976.7655,1824.8244,7907.0621,8059.0032,0.00316269,0.00322347,0.00015813,212.5216,219.9480,0.9532,119.0823,2.3972,30121.7335,124.9277,49.0469,238.9093,36.5364,75.9244,374.9013,749.8027,789.266,1183.8989,75.8035,-1.1839,10.395423,15.593133,2.799122,29,215,300,5,0.03207536,0.00395337,0.05088190,0E-8,0.000000,0.912219,0.000000,-0.04848366,2026-03-31,2026-08-01,83,4123,1621,124,0.669355,0.205295,0.230786,0.106918,,,,,,,,GLOBAL_BASELINE_NO_ENTITY_RANKING,,,NOT_APPLICABLE_GLOBAL_BASELINE,HF9g-P5,,,,X 全窗基线 · 不参与实体赏罚,15054550,1506,A168_HF9F_20260827_0900,2026-08-27 09:00:00
2026-04-03,92755421,2205,0,365.3635367190,-365.3635367190,-365.3635367190,0E-7,2,2,0.49994810000000000,0.499948100000,-1.4140667746232096,-1.4140667746232096,-1.4140667746232096,0E-17,ELIGIBLE,R03b_20260811_FULL_v1,L1_ELIGIBILITY,v2026-08-11,2026-03-21..2026-08-06,baccarat_bet02_101_all_pairs_incl_sentinel,round_win = game_pnl > 0 (decisive only),COMPATIBILITY_ONLY_NOT_PRODUCTION,2500103.8841,2280641.3266,9883.8276,11764,10369,-0.00395337,-0.05088190,-0.00239824,-0.00395337,-9883.8276,2500103.8841,OK,0.0000,395.3531,4.0000,96.0000,AG03-UNRESOLVED,ALL5_LEVELS_bet23_to_bet27,395.3531,395.3531,395.3531,395.3531,395.3531,4.000000,4.000000,4.000000,4.000000,4.000000,96.000000,96.000000,96.000000,96.000000,96.000000,5.0,1976.7655,1824.8244,7907.0621,8059.0032,PENDING_AG03,FALSE,NOT_FOR_ENFORCEMENT,9488.4745,2189415.6736,9883.8276,9488.4745,395.3531,0.00395337,0.00379523,395.3531,9488.4745,0.00379523,395.3531,395.3531,395.3531,395.3531,395.3531,9488.4745,0.00379523,1976.7655,1824.8244,7907.0621,8059.0032,0.00316269,0.00322347,0.00015813,212.5216,219.9480,0.9532,119.0823,2.3972,30121.7335,124.9277,49.0469,238.9093,36.5364,75.9244,374.9013,749.8027,789.266,1183.8989,75.8035,-1.1839,10.395423,15.593133,2.799122,29,215,300,5,0.03207536,0.00395337,0.05088190,0E-8,0.000000,0.912219,0.000000,-0.04848366,2026-03-31,2026-08-01,83,4123,1621,124,0.669355,0.205295,0.230786,0.106918,,,,,,,,GLOBAL_BASELINE_NO_ENTITY_RANKING,,,NOT_APPLICABLE_GLOBAL_BASELINE,HF9g-P5,,,,X 全窗基线 · 不参与实体赏罚,15054551,1506,A168_HF9F_20260827_0900,2026-08-27 09:00:00
2026-04-03,92755421,2218,0,2039.9464133479,-36.5363536718,-36.5363536718,0.4545455,15,12,0.50020754635671074,0.441763875000,-0.3028880774554991,0.08536440186330072,-0.3028880774554991,0.05844367135671074,ELIGIBLE,R03b_20260811_FULL_v1,L1_ELIGIBILITY,v2026-08-11,2026-03-21..2026-08-06,baccarat_bet02_101_all_pairs_incl_sentinel,round_win = game_pnl > 0 (decisive only),COMPATIBILITY_ONLY_NOT_PRODUCTION,2500103.8841,2280641.3266,9883.8276,11764,10369,-0.00395337,-0.05088190,-0.00239824,-0.00395337,-9883.8276,2500103.8841,OK,0.0000,395.3531,4.0000,96.0000,AG03-UNRESOLVED,ALL5_LEVELS_bet23_to_bet27,395.3531,395.3531,395.3531,395.3531,395.3531,4.000000,4.000000,4.000000,4.000000,4.000000,96.000000,96.000000,96.000000,96.000000,96.000000,5.0,1976.7655,1824.8244,7907.0621,8059.0032,PENDING_AG03,FALSE,NOT_FOR_ENFORCEMENT,9488.4745,2189415.6736,9883.8276,9488.4745,395.3531,0.00395337,0.00379523,395.3531,9488.4745,0.00379523,395.3531,395.3531,395.3531,395.3531,395.3531,9488.4745,0.00379523,1976.7655,1824.8244,7907.0621,8059.0032,0.00316269,0.00322347,0.00015813,212.5216,219.9480,0.9532,119.0823,2.3972,30121.7335,124.9277,49.0469,238.9093,36.5364,75.9244,374.9013,749.8027,789.266,1183.8989,75.8035,-1.1839,10.395423,15.593133,2.799122,29,215,300,5,0.03207536,0.00395337,0.05088190,0E-8,0.000000,0.912219,0.000000,-0.04848366,2026-03-31,2026-08-01,83,4123,1621,124,0.669355,0.205295,0.230786,0.106918,,,,,,,,GLOBAL_BASELINE_NO_ENTITY_RANKING,,,NOT_APPLICABLE_GLOBAL_BASELINE,HF9g-P5,,,,X 全窗基线 · 不参与实体赏罚,15054552,1506,A168_HF9F_20260827_0900,2026-08-27 09:00:00
2026-04-03,92755421,2220,0,405.9594852434,-202.9797426217,-202.9797426217,0E-7,2,2,0.50665070000000000,0.506650700000,-1.013391052207602,-1.013391052207602,-1.013391052207602,0E-17,ELIGIBLE,R03b_20260811_FULL_v1,L1_ELIGIBILITY,v2026-08-11,2026-03-21..2026-08-06,baccarat_bet02_101_all_pairs_incl_sentinel,round_win = game_pnl > 0 (decisive only),COMPATIBILITY_ONLY_NOT_PRODUCTION,2500103.8841,2280641.3266,9883.8276,11764,10369,-0.00395337,-0.05088190,-0.00239824,-0.00395337,-9883.8276,2500103.8841,OK,0.0000,395.3531,4.0000,96.0000,AG03-UNRESOLVED,ALL5_LEVELS_bet23_to_bet27,395.3531,395.3531,395.3531,395.3531,395.3531,4.000000,4.000000,4.000000,4.000000,4.000000,96.000000,96.000000,96.000000,96.000000,96.000000,5.0,1976.7655,1824.8244,7907.0621,8059.0032,PENDING_AG03,FALSE,NOT_FOR_ENFORCEMENT,9488.4745,2189415.6736,9883.8276,9488.4745,395.3531,0.00395337,0.00379523,395.3531,9488.4745,0.00379523,395.3531,395.3531,395.3531,395.3531,395.3531,9488.4745,0.00379523,1976.7655,1824.8244,7907.0621,8059.0032,0.00316269,0.00322347,0.00015813,212.5216,219.9480,0.9532,119.0823,2.3972,30121.7335,124.9277,49.0469,238.9093,36.5364,75.9244,374.9013,749.8027,789.266,1183.8989,75.8035,-1.1839,10.395423,15.593133,2.799122,29,215,300,5,0.03207536,0.00395337,0.05088190,0E-8,0.000000,0.912219,0.000000,-0.04848366,2026-03-31,2026-08-01,83,4123,1621,124,0.669355,0.205295,0.230786,0.106918,,,,,,,,GLOBAL_BASELINE_NO_ENTITY_RANKING,,,NOT_APPLICABLE_GLOBAL_BASELINE,HF9g-P5,,,,X 全窗基线 · 不参与实体赏罚,15054553,1506,A168_HF9F_20260827_0900,2026-08-27 09:00:00
2026-04-03,92755421,2232,0,736.8164657167,40.5959485244,40.5959485244,0.5000000,5,4,0.49869965105264194,0.440646775000,0.005201413379678574,0.2391035070213683,0.005201413379678574,0.05805287605264194,ELIGIBLE,R03b_20260811_FULL_v1,L1_ELIGIBILITY,v2026-08-11,2026-03-21..2026-08-06,baccarat_bet02_101_all_pairs_incl_sentinel,round_win = game_pnl > 0 (decisive only),COMPATIBILITY_ONLY_NOT_PRODUCTION,2500103.8841,2280641.3266,9883.8276,11764,10369,-0.00395337,-0.05088190,-0.00239824,-0.00395337,-9883.8276,2500103.8841,OK,0.0000,395.3531,4.0000,96.0000,AG03-UNRESOLVED,ALL5_LEVELS_bet23_to_bet27,395.3531,395.3531,395.3531,395.3531,395.3531,4.000000,4.000000,4.000000,4.000000,4.000000,96.000000,96.000000,96.000000,96.000000,96.000000,5.0,1976.7655,1824.8244,7907.0621,8059.0032,PENDING_AG03,FALSE,NOT_FOR_ENFORCEMENT,9488.4745,2189415.6736,9883.8276,9488.4745,395.3531,0.00395337,0.00379523,395.3531,9488.4745,0.00379523,395.3531,395.3531,395.3531,395.3531,395.3531,9488.4745,0.00379523,1976.7655,1824.8244,7907.0621,8059.0032,0.00316269,0.00322347,0.00015813,212.5216,219.9480,0.9532,119.0823,2.3972,30121.7335,124.9277,49.0469,238.9093,36.5364,75.9244,374.9013,749.8027,789.266,1183.8989,75.8035,-1.1839,10.395423,15.593133,2.799122,29,215,300,5,0.03207536,0.00395337,0.05088190,0E-8,0.000000,0.912219,0.000000,-0.04848366,2026-03-31,2026-08-01,83,4123,1621,124,0.669355,0.205295,0.230786,0.106918,,,,,,,,GLOBAL_BASELINE_NO_ENTITY_RANKING,,,NOT_APPLICABLE_GLOBAL_BASELINE,HF9g-P5,,,,X 全窗基线 · 不参与实体赏罚,15054554,1506,A168_HF9F_20260827_0900,2026-08-27 09:00:00
2026-04-03,92755421,2234,0,162.3837940974,0E-10,0E-10,,2,1,0.49492115000000206,0.499948100000,,,,-0.00502694999999794,NO_DECISIVE_ROUND,R03b_20260811_FULL_v1,L1_ELIGIBILITY,v2026-08-11,2026-03-21..2026-08-06,baccarat_bet02_101_all_pairs_incl_sentinel,round_win = game_pnl > 0 (decisive only),COMPATIBILITY_ONLY_NOT_PRODUCTION,2500103.8841,2280641.3266,9883.8276,11764,10369,-0.00395337,-0.05088190,-0.00239824,-0.00395337,-9883.8276,2500103.8841,OK,0.0000,395.3531,4.0000,96.0000,AG03-UNRESOLVED,ALL5_LEVELS_bet23_to_bet27,395.3531,395.3531,395.3531,395.3531,395.3531,4.000000,4.000000,4.000000,4.000000,4.000000,96.000000,96.000000,96.000000,96.000000,96.000000,5.0,1976.7655,1824.8244,7907.0621,8059.0032,PENDING_AG03,FALSE,NOT_FOR_ENFORCEMENT,9488.4745,2189415.6736,9883.8276,9488.4745,395.3531,0.00395337,0.00379523,395.3531,9488.4745,0.00379523,395.3531,395.3531,395.3531,395.3531,395.3531,9488.4745,0.00379523,1976.7655,1824.8244,7907.0621,8059.0032,0.00316269,0.00322347,0.00015813,212.5216,219.9480,0.9532,119.0823,2.3972,30121.7335,124.9277,49.0469,238.9093,36.5364,75.9244,374.9013,749.8027,789.266,1183.8989,75.8035,-1.1839,10.395423,15.593133,2.799122,29,215,300,5,0.03207536,0.00395337,0.05088190,0E-8,0.000000,0.912219,0.000000,-0.04848366,2026-03-31,2026-08-01,83,4123,1621,124,0.669355,0.205295,0.230786,0.106918,,,,,,,,GLOBAL_BASELINE_NO_ENTITY_RANKING,,,NOT_APPLICABLE_GLOBAL_BASELINE,HF9g-P5,,,,X 全窗基线 · 不参与实体赏罚,15054555,1506,A168_HF9F_20260827_0900,2026-08-27 09:00:00
2026-04-03,92755421,2258,0,207.0393374741,202.9797426217,202.9797426217,1.0000000,2,1,0.49708568431380403,0.262742800000,1.0058457172874578,1.6751129626333576,1.0058457172874578,0.23434288431380403,ELIGIBLE,R03b_20260811_FULL_v1,L1_ELIGIBILITY,v2026-08-11,2026-03-21..2026-08-06,baccarat_bet02_101_all_pairs_incl_sentinel,round_win = game_pnl > 0 (decisive only),COMPATIBILITY_ONLY_NOT_PRODUCTION,2500103.8841,2280641.3266,9883.8276,11764,10369,-0.00395337,-0.05088190,-0.00239824,-0.00395337,-9883.8276,2500103.8841,OK,0.0000,395.3531,4.0000,96.0000,AG03-UNRESOLVED,ALL5_LEVELS_bet23_to_bet27,395.3531,395.3531,395.3531,395.3531,395.3531,4.000000,4.000000,4.000000,4.000000,4.000000,96.000000,96.000000,96.000000,96.000000,96.000000,5.0,1976.7655,1824.8244,7907.0621,8059.0032,PENDING_AG03,FALSE,NOT_FOR_ENFORCEMENT,9488.4745,2189415.6736,9883.8276,9488.4745,395.3531,0.00395337,0.00379523,395.3531,9488.4745,0.00379523,395.3531,395.3531,395.3531,395.3531,395.3531,9488.4745,0.00379523,1976.7655,1824.8244,7907.0621,8059.0032,0.00316269,0.00322347,0.00015813,212.5216,219.9480,0.9532,119.0823,2.3972,30121.7335,124.9277,49.0469,238.9093,36.5364,75.9244,374.9013,749.8027,789.266,1183.8989,75.8035,-1.1839,10.395423,15.593133,2.799122,29,215,300,5,0.03207536,0.00395337,0.05088190,0E-8,0.000000,0.912219,0.000000,-0.04848366,2026-03-31,2026-08-01,83,4123,1621,124,0.669355,0.205295,0.230786,0.106918,,,,,,,,GLOBAL_BASELINE_NO_ENTITY_RANKING,,,NOT_APPLICABLE_GLOBAL_BASELINE,HF9g-P5,,,,X 全窗基线 · 不参与实体赏罚,15054556,1506,A168_HF9F_20260827_0900,2026-08-27 09:00:00
2026-04-03,92755421,2266,0,357.6503064994,101.4898713108,101.4898713108,0.6666667,5,3,0.49612409899633629,0.341811233333,0.59079453493331,1.186266766288797,0.59079453493331,0.15431286566333629,ELIGIBLE,R03b_20260811_FULL_v1,L1_ELIGIBILITY,v2026-08-11,2026-03-21..2026-08-06,baccarat_bet02_101_all_pairs_incl_sentinel,round_win = game_pnl > 0 (decisive only),COMPATIBILITY_ONLY_NOT_PRODUCTION,2500103.8841,2280641.3266,9883.8276,11764,10369,-0.00395337,-0.05088190,-0.00239824,-0.00395337,-9883.8276,2500103.8841,OK,0.0000,395.3531,4.0000,96.0000,AG03-UNRESOLVED,ALL5_LEVELS_bet23_to_bet27,395.3531,395.3531,395.3531,395.3531,395.3531,4.000000,4.000000,4.000000,4.000000,4.000000,96.000000,96.000000,96.000000,96.000000,96.000000,5.0,1976.7655,1824.8244,7907.0621,8059.0032,PENDING_AG03,FALSE,NOT_FOR_ENFORCEMENT,9488.4745,2189415.6736,9883.8276,9488.4745,395.3531,0.00395337,0.00379523,395.3531,9488.4745,0.00379523,395.3531,395.3531,395.3531,395.3531,395.3531,9488.4745,0.00379523,1976.7655,1824.8244,7907.0621,8059.0032,0.00316269,0.00322347,0.00015813,212.5216,219.9480,0.9532,119.0823,2.3972,30121.7335,124.9277,49.0469,238.9093,36.5364,75.9244,374.9013,749.8027,789.266,1183.8989,75.8035,-1.1839,10.395423,15.593133,2.799122,29,215,300,5,0.03207536,0.00395337,0.05088190,0E-8,0.000000,0.912219,0.000000,-0.04848366,2026-03-31,2026-08-01,83,4123,1621,124,0.669355,0.205295,0.230786,0.106918,,,,,,,,GLOBAL_BASELINE_NO_ENTITY_RANKING,,,NOT_APPLICABLE_GLOBAL_BASELINE,HF9g-P5,,,,X 全窗基线 · 不参与实体赏罚,15054557,1506,A168_HF9F_20260827_0900,2026-08-27 09:00:00
2026-04-03,92755421,583,0,121.7878455730,-121.7878455730,-121.7878455730,0E-7,1,1,0.49324550000000000,0.493245500000,-0.9865810262130424,-0.9865810262130424,-0.9865810262130424,0E-17,ELIGIBLE,R03b_20260811_FULL_v1,L1_ELIGIBILITY,v2026-08-11,2026-03-21..2026-08-06,baccarat_bet02_101_all_pairs_incl_sentinel,round_win = game_pnl > 0 (decisive only),COMPATIBILITY_ONLY_NOT_PRODUCTION,2500103.8841,2280641.3266,9883.8276,11764,10369,-0.00395337,-0.05088190,-0.00239824,-0.00395337,-9883.8276,2500103.8841,OK,0.0000,395.3531,4.0000,96.0000,AG03-UNRESOLVED,ALL5_LEVELS_bet23_to_bet27,395.3531,395.3531,395.3531,395.3531,395.3531,4.000000,4.000000,4.000000,4.000000,4.000000,96.000000,96.000000,96.000000,96.000000,96.000000,5.0,1976.7655,1824.8244,7907.0621,8059.0032,PENDING_AG03,FALSE,NOT_FOR_ENFORCEMENT,9488.4745,2189415.6736,9883.8276,9488.4745,395.3531,0.00395337,0.00379523,395.3531,9488.4745,0.00379523,395.3531,395.3531,395.3531,395.3531,395.3531,9488.4745,0.00379523,1976.7655,1824.8244,7907.0621,8059.0032,0.00316269,0.00322347,0.00015813,212.5216,219.9480,0.9532,119.0823,2.3972,30121.7335,124.9277,49.0469,238.9093,36.5364,75.9244,374.9013,749.8027,789.266,1183.8989,75.8035,-1.1839,10.395423,15.593133,2.799122,29,215,300,5,0.03207536,0.00395337,0.05088190,0E-8,0.000000,0.912219,0.000000,-0.04848366,2026-03-31,2026-08-01,83,4123,1621,124,0.669355,0.205295,0.230786,0.106918,,,,,,,,GLOBAL_BASELINE_NO_ENTITY_RANKING,,,NOT_APPLICABLE_GLOBAL_BASELINE,HF9g-P5,,,,X 全窗基线 · 不参与实体赏罚,15054558,1506,A168_HF9F_20260827_0900,2026-08-27 09:00:00
2026-04-03,92755421,986,0,686.0715300612,-205.0095400478,-205.0095400478,0.4000000,7,5,0.50129205373286829,0.406406500000,-0.45299334791380536,-0.029166273343010394,-0.45299334791380536,0.09488555373286829,ELIGIBLE,R03b_20260811_FULL_v1,L1_ELIGIBILITY,v2026-08-11,2026-03-21..2026-08-06,baccarat_bet02_101_all_pairs_incl_sentinel,round_win = game_pnl > 0 (decisive only),COMPATIBILITY_ONLY_NOT_PRODUCTION,2500103.8841,2280641.3266,9883.8276,11764,10369,-0.00395337,-0.05088190,-0.00239824,-0.00395337,-9883.8276,2500103.8841,OK,0.0000,395.3531,4.0000,96.0000,AG03-UNRESOLVED,ALL5_LEVELS_bet23_to_bet27,395.3531,395.3531,395.3531,395.3531,395.3531,4.000000,4.000000,4.000000,4.000000,4.000000,96.000000,96.000000,96.000000,96.000000,96.000000,5.0,1976.7655,1824.8244,7907.0621,8059.0032,PENDING_AG03,FALSE,NOT_FOR_ENFORCEMENT,9488.4745,2189415.6736,9883.8276,9488.4745,395.3531,0.00395337,0.00379523,395.3531,9488.4745,0.00379523,395.3531,395.3531,395.3531,395.3531,395.3531,9488.4745,0.00379523,1976.7655,1824.8244,7907.0621,8059.0032,0.00316269,0.00322347,0.00015813,212.5216,219.9480,0.9532,119.0823,2.3972,30121.7335,124.9277,49.0469,238.9093,36.5364,75.9244,374.9013,749.8027,789.266,1183.8989,75.8035,-1.1839,10.395423,15.593133,2.799122,29,215,300,5,0.03207536,0.00395337,0.05088190,0E-8,0.000000,0.912219,0.000000,-0.04848366,2026-03-31,2026-08-01,83,4123,1621,124,0.669355,0.205295,0.230786,0.106918,,,,,,,,GLOBAL_BASELINE_NO_ENTITY_RANKING,,,NOT_APPLICABLE_GLOBAL_BASELINE,HF9g-P5,,,,X 全窗基线 · 不参与实体赏罚,15054559,1506,A168_HF9F_20260827_0900,2026-08-27 09:00:00
2026-04-04,92755421,-1,1,936.1425729707,-386.0674704662,-386.0674704662,0.2916667,31,26,0.49532215128520158,0.454589488462,-1.9954954163830354,-1.6029356863351234,-1.9954954163830354,0.04073266282320158,SENTINEL_DEALER,R03b_20260811_FULL_v1,L1_ELIGIBILITY,v2026-08-11,2026-03-21..2026-08-06,baccarat_bet02_101_all_pairs_incl_sentinel,round_win = game_pnl > 0 (decisive only),COMPATIBILITY_ONLY_NOT_PRODUCTION,2500103.8841,2280641.3266,9883.8276,11764,10369,-0.00395337,-0.05088190,-0.00239824,-0.00395337,-9883.8276,2500103.8841,OK,0.0000,395.3531,4.0000,96.0000,AG03-UNRESOLVED,ALL5_LEVELS_bet23_to_bet27,395.3531,395.3531,395.3531,395.3531,395.3531,4.000000,4.000000,4.000000,4.000000,4.000000,96.000000,96.000000,96.000000,96.000000,96.000000,5.0,1976.7655,1824.8244,7907.0621,8059.0032,PENDING_AG03,FALSE,NOT_FOR_ENFORCEMENT,9488.4745,2189415.6736,9883.8276,9488.4745,395.3531,0.00395337,0.00379523,395.3531,9488.4745,0.00379523,395.3531,395.3531,395.3531,395.3531,395.3531,9488.4745,0.00379523,1976.7655,1824.8244,7907.0621,8059.0032,0.00316269,0.00322347,0.00015813,212.5216,219.9480,0.9532,119.0823,2.3972,30121.7335,124.9277,49.0469,238.9093,36.5364,75.9244,374.9013,749.8027,789.266,1183.8989,75.8035,-1.1839,10.395423,15.593133,2.799122,29,215,300,5,0.03207536,0.00395337,0.05088190,0E-8,0.000000,0.912219,0.000000,-0.04848366,2026-03-31,2026-08-01,83,4123,1621,124,0.669355,0.205295,0.230786,0.106918,,,,,,,,GLOBAL_BASELINE_NO_ENTITY_RANKING,,,NOT_APPLICABLE_GLOBAL_BASELINE,HF9g-P5,,,,X 全窗基线 · 不参与实体赏罚,15054560,1506,A168_HF9F_20260827_0900,2026-08-27 09:00:00
2026-04-04,92755421,1210,0,119.7580481467,40.5959485243,40.5959485243,0.6666667,4,3,0.48939090701760860,0.418645466667,0.6142395297152358,0.8707745022662297,0.6142395297152358,0.07074544035060860,ELIGIBLE,R03b_20260811_FULL_v1,L1_ELIGIBILITY,v2026-08-11,2026-03-21..2026-08-06,baccarat_bet02_101_all_pairs_incl_sentinel,round_win = game_pnl > 0 (decisive only),COMPATIBILITY_ONLY_NOT_PRODUCTION,2500103.8841,2280641.3266,9883.8276,11764,10369,-0.00395337,-0.05088190,-0.00239824,-0.00395337,-9883.8276,2500103.8841,OK,0.0000,395.3531,4.0000,96.0000,AG03-UNRESOLVED,ALL5_LEVELS_bet23_to_bet27,395.3531,395.3531,395.3531,395.3531,395.3531,4.000000,4.000000,4.000000,4.000000,4.000000,96.000000,96.000000,96.000000,96.000000,96.000000,5.0,1976.7655,1824.8244,7907.0621,8059.0032,PENDING_AG03,FALSE,NOT_FOR_ENFORCEMENT,9488.4745,2189415.6736,9883.8276,9488.4745,395.3531,0.00395337,0.00379523,395.3531,9488.4745,0.00379523,395.3531,395.3531,395.3531,395.3531,395.3531,9488.4745,0.00379523,1976.7655,1824.8244,7907.0621,8059.0032,0.00316269,0.00322347,0.00015813,212.5216,219.9480,0.9532,119.0823,2.3972,30121.7335,124.9277,49.0469,238.9093,36.5364,75.9244,374.9013,749.8027,789.266,1183.8989,75.8035,-1.1839,10.395423,15.593133,2.799122,29,215,300,5,0.03207536,0.00395337,0.05088190,0E-8,0.000000,0.912219,0.000000,-0.04848366,2026-03-31,2026-08-01,83,4123,1621,124,0.669355,0.205295,0.230786,0.106918,,,,,,,,GLOBAL_BASELINE_NO_ENTITY_RANKING,,,NOT_APPLICABLE_GLOBAL_BASELINE,HF9g-P5,,,,X 全窗基线 · 不参与实体赏罚,15054561,1506,A168_HF9F_20260827_0900,2026-08-27 09:00:00
2026-04-04,92755421,1325,0,9.7430276459,-9.7430276459,-9.7430276459,0E-7,2,1,0.42534806666583220,0.262742800000,-0.8603393667943611,-0.5969746651759844,-0.8603393667943611,0.16260526666583220,ELIGIBLE,R03b_20260811_FULL_v1,L1_ELIGIBILITY,v2026-08-11,2026-03-21..2026-08-06,baccarat_bet02_101_all_pairs_incl_sentinel,round_win = game_pnl > 0 (decisive only),COMPATIBILITY_ONLY_NOT_PRODUCTION,2500103.8841,2280641.3266,9883.8276,11764,10369,-0.00395337,-0.05088190,-0.00239824,-0.00395337,-9883.8276,2500103.8841,OK,0.0000,395.3531,4.0000,96.0000,AG03-UNRESOLVED,ALL5_LEVELS_bet23_to_bet27,395.3531,395.3531,395.3531,395.3531,395.3531,4.000000,4.000000,4.000000,4.000000,4.000000,96.000000,96.000000,96.000000,96.000000,96.000000,5.0,1976.7655,1824.8244,7907.0621,8059.0032,PENDING_AG03,FALSE,NOT_FOR_ENFORCEMENT,9488.4745,2189415.6736,9883.8276,9488.4745,395.3531,0.00395337,0.00379523,395.3531,9488.4745,0.00379523,395.3531,395.3531,395.3531,395.3531,395.3531,9488.4745,0.00379523,1976.7655,1824.8244,7907.0621,8059.0032,0.00316269,0.00322347,0.00015813,212.5216,219.9480,0.9532,119.0823,2.3972,30121.7335,124.9277,49.0469,238.9093,36.5364,75.9244,374.9013,749.8027,789.266,1183.8989,75.8035,-1.1839,10.395423,15.593133,2.799122,29,215,300,5,0.03207536,0.00395337,0.05088190,0E-8,0.000000,0.912219,0.000000,-0.04848366,2026-03-31,2026-08-01,83,4123,1621,124,0.669355,0.205295,0.230786,0.106918,,,,,,,,GLOBAL_BASELINE_NO_ENTITY_RANKING,,,NOT_APPLICABLE_GLOBAL_BASELINE,HF9g-P5,,,,X 全窗基线 · 不参与实体赏罚,15054562,1506,A168_HF9F_20260827_0900,2026-08-27 09:00:00
2026-04-04,92755421,1383,0,81.1918970486,-81.1918970486,-81.1918970486,0E-7,2,2,0.50665070000000000,0.506650700000,-1.4331513700195317,-1.4331513700195317,-1.4331513700195317,0E-17,ELIGIBLE,R03b_20260811_FULL_v1,L1_ELIGIBILITY,v2026-08-11,2026-03-21..2026-08-06,baccarat_bet02_101_all_pairs_incl_sentinel,round_win = game_pnl > 0 (decisive only),COMPATIBILITY_ONLY_NOT_PRODUCTION,2500103.8841,2280641.3266,9883.8276,11764,10369,-0.00395337,-0.05088190,-0.00239824,-0.00395337,-9883.8276,2500103.8841,OK,0.0000,395.3531,4.0000,96.0000,AG03-UNRESOLVED,ALL5_LEVELS_bet23_to_bet27,395.3531,395.3531,395.3531,395.3531,395.3531,4.000000,4.000000,4.000000,4.000000,4.000000,96.000000,96.000000,96.000000,96.000000,96.000000,5.0,1976.7655,1824.8244,7907.0621,8059.0032,PENDING_AG03,FALSE,NOT_FOR_ENFORCEMENT,9488.4745,2189415.6736,9883.8276,9488.4745,395.3531,0.00395337,0.00379523,395.3531,9488.4745,0.00379523,395.3531,395.3531,395.3531,395.3531,395.3531,9488.4745,0.00379523,1976.7655,1824.8244,7907.0621,8059.0032,0.00316269,0.00322347,0.00015813,212.5216,219.9480,0.9532,119.0823,2.3972,30121.7335,124.9277,49.0469,238.9093,36.5364,75.9244,374.9013,749.8027,789.266,1183.8989,75.8035,-1.1839,10.395423,15.593133,2.799122,29,215,300,5,0.03207536,0.00395337,0.05088190,0E-8,0.000000,0.912219,0.000000,-0.04848366,2026-03-31,2026-08-01,83,4123,1621,124,0.669355,0.205295,0.230786,0.106918,,,,,,,,GLOBAL_BASELINE_NO_ENTITY_RANKING,,,NOT_APPLICABLE_GLOBAL_BASELINE,HF9g-P5,,,,X 全窗基线 · 不参与实体赏罚,15054563,1506,A168_HF9F_20260827_0900,2026-08-27 09:00:00
2026-04-04,92755421,1384,0,117.7282507205,-38.5661510981,-38.5661510981,0.3333333,5,3,0.48953435614048402,0.344045433333,-0.5412147865688344,-0.03905624323954,-0.5412147865688344,0.14548892280748402,ELIGIBLE,R03b_20260811_FULL_v1,L1_ELIGIBILITY,v2026-08-11,2026-03-21..2026-08-06,baccarat_bet02_101_all_pairs_incl_sentinel,round_win = game_pnl > 0 (decisive only),COMPATIBILITY_ONLY_NOT_PRODUCTION,2500103.8841,2280641.3266,9883.8276,11764,10369,-0.00395337,-0.05088190,-0.00239824,-0.00395337,-9883.8276,2500103.8841,OK,0.0000,395.3531,4.0000,96.0000,AG03-UNRESOLVED,ALL5_LEVELS_bet23_to_bet27,395.3531,395.3531,395.3531,395.3531,395.3531,4.000000,4.000000,4.000000,4.000000,4.000000,96.000000,96.000000,96.000000,96.000000,96.000000,5.0,1976.7655,1824.8244,7907.0621,8059.0032,PENDING_AG03,FALSE,NOT_FOR_ENFORCEMENT,9488.4745,2189415.6736,9883.8276,9488.4745,395.3531,0.00395337,0.00379523,395.3531,9488.4745,0.00379523,395.3531,395.3531,395.3531,395.3531,395.3531,9488.4745,0.00379523,1976.7655,1824.8244,7907.0621,8059.0032,0.00316269,0.00322347,0.00015813,212.5216,219.9480,0.9532,119.0823,2.3972,30121.7335,124.9277,49.0469,238.9093,36.5364,75.9244,374.9013,749.8027,789.266,1183.8989,75.8035,-1.1839,10.395423,15.593133,2.799122,29,215,300,5,0.03207536,0.00395337,0.05088190,0E-8,0.000000,0.912219,0.000000,-0.04848366,2026-03-31,2026-08-01,83,4123,1621,124,0.669355,0.205295,0.230786,0.106918,,,,,,,,GLOBAL_BASELINE_NO_ENTITY_RANKING,,,NOT_APPLICABLE_GLOBAL_BASELINE,HF9g-P5,,,,X 全窗基线 · 不参与实体赏罚,15054564,1506,A168_HF9F_20260827_0900,2026-08-27 09:00:00
2026-04-04,92755421,1385,0,121.7878455729,79.1620996224,79.1620996224,1.0000000,3,3,0.50218230000000000,0.502182300000,1.4080544974538591,1.4080544974538591,1.4080544974538591,0E-17,ELIGIBLE,R03b_20260811_FULL_v1,L1_ELIGIBILITY,v2026-08-11,2026-03-21..2026-08-06,baccarat_bet02_101_all_pairs_incl_sentinel,round_win = game_pnl > 0 (decisive only),COMPATIBILITY_ONLY_NOT_PRODUCTION,2500103.8841,2280641.3266,9883.8276,11764,10369,-0.00395337,-0.05088190,-0.00239824,-0.00395337,-9883.8276,2500103.8841,OK,0.0000,395.3531,4.0000,96.0000,AG03-UNRESOLVED,ALL5_LEVELS_bet23_to_bet27,395.3531,395.3531,395.3531,395.3531,395.3531,4.000000,4.000000,4.000000,4.000000,4.000000,96.000000,96.000000,96.000000,96.000000,96.000000,5.0,1976.7655,1824.8244,7907.0621,8059.0032,PENDING_AG03,FALSE,NOT_FOR_ENFORCEMENT,9488.4745,2189415.6736,9883.8276,9488.4745,395.3531,0.00395337,0.00379523,395.3531,9488.4745,0.00379523,395.3531,395.3531,395.3531,395.3531,395.3531,9488.4745,0.00379523,1976.7655,1824.8244,7907.0621,8059.0032,0.00316269,0.00322347,0.00015813,212.5216,219.9480,0.9532,119.0823,2.3972,30121.7335,124.9277,49.0469,238.9093,36.5364,75.9244,374.9013,749.8027,789.266,1183.8989,75.8035,-1.1839,10.395423,15.593133,2.799122,29,215,300,5,0.03207536,0.00395337,0.05088190,0E-8,0.000000,0.912219,0.000000,-0.04848366,2026-03-31,2026-08-01,83,4123,1621,124,0.669355,0.205295,0.230786,0.106918,,,,,,,,GLOBAL_BASELINE_NO_ENTITY_RANKING,,,NOT_APPLICABLE_GLOBAL_BASELINE,HF9g-P5,,,,X 全窗基线 · 不参与实体赏罚,15054565,1506,A168_HF9F_20260827_0900,2026-08-27 09:00:00
2026-04-04,92755421,1402,0,40.5959485243,-40.5959485243,-40.5959485243,0E-7,1,1,0.49324550000000000,0.493245500000,-0.9865810262130424,-0.9865810262130424,-0.9865810262130424,0E-17,ELIGIBLE,R03b_20260811_FULL_v1,L1_ELIGIBILITY,v2026-08-11,2026-03-21..2026-08-06,baccarat_bet02_101_all_pairs_incl_sentinel,round_win = game_pnl > 0 (decisive only),COMPATIBILITY_ONLY_NOT_PRODUCTION,2500103.8841,2280641.3266,9883.8276,11764,10369,-0.00395337,-0.05088190,-0.00239824,-0.00395337,-9883.8276,2500103.8841,OK,0.0000,395.3531,4.0000,96.0000,AG03-UNRESOLVED,ALL5_LEVELS_bet23_to_bet27,395.3531,395.3531,395.3531,395.3531,395.3531,4.000000,4.000000,4.000000,4.000000,4.000000,96.000000,96.000000,96.000000,96.000000,96.000000,5.0,1976.7655,1824.8244,7907.0621,8059.0032,PENDING_AG03,FALSE,NOT_FOR_ENFORCEMENT,9488.4745,2189415.6736,9883.8276,9488.4745,395.3531,0.00395337,0.00379523,395.3531,9488.4745,0.00379523,395.3531,395.3531,395.3531,395.3531,395.3531,9488.4745,0.00379523,1976.7655,1824.8244,7907.0621,8059.0032,0.00316269,0.00322347,0.00015813,212.5216,219.9480,0.9532,119.0823,2.3972,30121.7335,124.9277,49.0469,238.9093,36.5364,75.9244,374.9013,749.8027,789.266,1183.8989,75.8035,-1.1839,10.395423,15.593133,2.799122,29,215,300,5,0.03207536,0.00395337,0.05088190,0E-8,0.000000,0.912219,0.000000,-0.04848366,2026-03-31,2026-08-01,83,4123,1621,124,0.669355,0.205295,0.230786,0.106918,,,,,,,,GLOBAL_BASELINE_NO_ENTITY_RANKING,,,NOT_APPLICABLE_GLOBAL_BASELINE,HF9g-P5,,,,X 全窗基线 · 不参与实体赏罚,15054566,1506,A168_HF9F_20260827_0900,2026-08-27 09:00:00
2026-04-04,92755421,1505,0,4.0595948524,-4.0595948524,-4.0595948524,0E-7,1,1,0.50665070000000000,0.506650700000,-1.013391052207602,-1.013391052207602,-1.013391052207602,0E-17,ELIGIBLE,R03b_20260811_FULL_v1,L1_ELIGIBILITY,v2026-08-11,2026-03-21..2026-08-06,baccarat_bet02_101_all_pairs_incl_sentinel,round_win = game_pnl > 0 (decisive only),COMPATIBILITY_ONLY_NOT_PRODUCTION,2500103.8841,2280641.3266,9883.8276,11764,10369,-0.00395337,-0.05088190,-0.00239824,-0.00395337,-9883.8276,2500103.8841,OK,0.0000,395.3531,4.0000,96.0000,AG03-UNRESOLVED,ALL5_LEVELS_bet23_to_bet27,395.3531,395.3531,395.3531,395.3531,395.3531,4.000000,4.000000,4.000000,4.000000,4.000000,96.000000,96.000000,96.000000,96.000000,96.000000,5.0,1976.7655,1824.8244,7907.0621,8059.0032,PENDING_AG03,FALSE,NOT_FOR_ENFORCEMENT,9488.4745,2189415.6736,9883.8276,9488.4745,395.3531,0.00395337,0.00379523,395.3531,9488.4745,0.00379523,395.3531,395.3531,395.3531,395.3531,395.3531,9488.4745,0.00379523,1976.7655,1824.8244,7907.0621,8059.0032,0.00316269,0.00322347,0.00015813,212.5216,219.9480,0.9532,119.0823,2.3972,30121.7335,124.9277,49.0469,238.9093,36.5364,75.9244,374.9013,749.8027,789.266,1183.8989,75.8035,-1.1839,10.395423,15.593133,2.799122,29,215,300,5,0.03207536,0.00395337,0.05088190,0E-8,0.000000,0.912219,0.000000,-0.04848366,2026-03-31,2026-08-01,83,4123,1621,124,0.669355,0.205295,0.230786,0.106918,,,,,,,,GLOBAL_BASELINE_NO_ENTITY_RANKING,,,NOT_APPLICABLE_GLOBAL_BASELINE,HF9g-P5,,,,X 全窗基线 · 不参与实体赏罚,15054567,1506,A168_HF9F_20260827_0900,2026-08-27 09:00:00
2026-04-04,92755421,1509,0,119.7580481467,40.5959485243,40.5959485243,0.6666667,4,3,0.48939090701760860,0.418645466667,0.6142395297152358,0.8707745022662297,0.6142395297152358,0.07074544035060860,ELIGIBLE,R03b_20260811_FULL_v1,L1_ELIGIBILITY,v2026-08-11,2026-03-21..2026-08-06,baccarat_bet02_101_all_pairs_incl_sentinel,round_win = game_pnl > 0 (decisive only),COMPATIBILITY_ONLY_NOT_PRODUCTION,2500103.8841,2280641.3266,9883.8276,11764,10369,-0.00395337,-0.05088190,-0.00239824,-0.00395337,-9883.8276,2500103.8841,OK,0.0000,395.3531,4.0000,96.0000,AG03-UNRESOLVED,ALL5_LEVELS_bet23_to_bet27,395.3531,395.3531,395.3531,395.3531,395.3531,4.000000,4.000000,4.000000,4.000000,4.000000,96.000000,96.000000,96.000000,96.000000,96.000000,5.0,1976.7655,1824.8244,7907.0621,8059.0032,PENDING_AG03,FALSE,NOT_FOR_ENFORCEMENT,9488.4745,2189415.6736,9883.8276,9488.4745,395.3531,0.00395337,0.00379523,395.3531,9488.4745,0.00379523,395.3531,395.3531,395.3531,395.3531,395.3531,9488.4745,0.00379523,1976.7655,1824.8244,7907.0621,8059.0032,0.00316269,0.00322347,0.00015813,212.5216,219.9480,0.9532,119.0823,2.3972,30121.7335,124.9277,49.0469,238.9093,36.5364,75.9244,374.9013,749.8027,789.266,1183.8989,75.8035,-1.1839,10.395423,15.593133,2.799122,29,215,300,5,0.03207536,0.00395337,0.05088190,0E-8,0.000000,0.912219,0.000000,-0.04848366,2026-03-31,2026-08-01,83,4123,1621,124,0.669355,0.205295,0.230786,0.106918,,,,,,,,GLOBAL_BASELINE_NO_ENTITY_RANKING,,,NOT_APPLICABLE_GLOBAL_BASELINE,HF9g-P5,,,,X 全窗基线 · 不参与实体赏罚,15054568,1506,A168_HF9F_20260827_0900,2026-08-27 09:00:00
2026-04-04,92755421,1623,0,119.7580481467,40.5959485243,40.5959485243,0.6666667,3,3,0.49771390000000000,0.497713900000,0.5852756695216578,0.5852756695216578,0.5852756695216578,0E-17,ELIGIBLE,R03b_20260811_FULL_v1,L1_ELIGIBILITY,v2026-08-11,2026-03-21..2026-08-06,baccarat_bet02_101_all_pairs_incl_sentinel,round_win = game_pnl > 0 (decisive only),COMPATIBILITY_ONLY_NOT_PRODUCTION,2500103.8841,2280641.3266,9883.8276,11764,10369,-0.00395337,-0.05088190,-0.00239824,-0.00395337,-9883.8276,2500103.8841,OK,0.0000,395.3531,4.0000,96.0000,AG03-UNRESOLVED,ALL5_LEVELS_bet23_to_bet27,395.3531,395.3531,395.3531,395.3531,395.3531,4.000000,4.000000,4.000000,4.000000,4.000000,96.000000,96.000000,96.000000,96.000000,96.000000,5.0,1976.7655,1824.8244,7907.0621,8059.0032,PENDING_AG03,FALSE,NOT_FOR_ENFORCEMENT,9488.4745,2189415.6736,9883.8276,9488.4745,395.3531,0.00395337,0.00379523,395.3531,9488.4745,0.00379523,395.3531,395.3531,395.3531,395.3531,395.3531,9488.4745,0.00379523,1976.7655,1824.8244,7907.0621,8059.0032,0.00316269,0.00322347,0.00015813,212.5216,219.9480,0.9532,119.0823,2.3972,30121.7335,124.9277,49.0469,238.9093,36.5364,75.9244,374.9013,749.8027,789.266,1183.8989,75.8035,-1.1839,10.395423,15.593133,2.799122,29,215,300,5,0.03207536,0.00395337,0.05088190,0E-8,0.000000,0.912219,0.000000,-0.04848366,2026-03-31,2026-08-01,83,4123,1621,124,0.669355,0.205295,0.230786,0.106918,,,,,,,,GLOBAL_BASELINE_NO_ENTITY_RANKING,,,NOT_APPLICABLE_GLOBAL_BASELINE,HF9g-P5,,,,X 全窗基线 · 不参与实体赏罚,15054569,1506,A168_HF9F_20260827_0900,2026-08-27 09:00:00
2026-04-04,92755421,1654,0,40.5959485243,-40.5959485243,-40.5959485243,0E-7,1,1,0.50665070000000000,0.506650700000,-1.013391052207602,-1.013391052207602,-1.013391052207602,0E-17,ELIGIBLE,R03b_20260811_FULL_v1,L1_ELIGIBILITY,v2026-08-11,2026-03-21..2026-08-06,baccarat_bet02_101_all_pairs_incl_sentinel,round_win = game_pnl > 0 (decisive only),COMPATIBILITY_ONLY_NOT_PRODUCTION,2500103.8841,2280641.3266,9883.8276,11764,10369,-0.00395337,-0.05088190,-0.00239824,-0.00395337,-9883.8276,2500103.8841,OK,0.0000,395.3531,4.0000,96.0000,AG03-UNRESOLVED,ALL5_LEVELS_bet23_to_bet27,395.3531,395.3531,395.3531,395.3531,395.3531,4.000000,4.000000,4.000000,4.000000,4.000000,96.000000,96.000000,96.000000,96.000000,96.000000,5.0,1976.7655,1824.8244,7907.0621,8059.0032,PENDING_AG03,FALSE,NOT_FOR_ENFORCEMENT,9488.4745,2189415.6736,9883.8276,9488.4745,395.3531,0.00395337,0.00379523,395.3531,9488.4745,0.00379523,395.3531,395.3531,395.3531,395.3531,395.3531,9488.4745,0.00379523,1976.7655,1824.8244,7907.0621,8059.0032,0.00316269,0.00322347,0.00015813,212.5216,219.9480,0.9532,119.0823,2.3972,30121.7335,124.9277,49.0469,238.9093,36.5364,75.9244,374.9013,749.8027,789.266,1183.8989,75.8035,-1.1839,10.395423,15.593133,2.799122,29,215,300,5,0.03207536,0.00395337,0.05088190,0E-8,0.000000,0.912219,0.000000,-0.04848366,2026-03-31,2026-08-01,83,4123,1621,124,0.669355,0.205295,0.230786,0.106918,,,,,,,,GLOBAL_BASELINE_NO_ENTITY_RANKING,,,NOT_APPLICABLE_GLOBAL_BASELINE,HF9g-P5,,,,X 全窗基线 · 不参与实体赏罚,15054570,1506,A168_HF9F_20260827_0900,2026-08-27 09:00:00
2026-04-04,92755421,1951,0,101.4898713108,-20.2979742622,-20.2979742622,0.3333333,3,3,0.49324550000000000,0.493245500000,-0.5540025479526107,-0.5540025479526106,-0.5540025479526107,0E-17,ELIGIBLE,R03b_20260811_FULL_v1,L1_ELIGIBILITY,v2026-08-11,2026-03-21..2026-08-06,baccarat_bet02_101_all_pairs_incl_sentinel,round_win = game_pnl > 0 (decisive only),COMPATIBILITY_ONLY_NOT_PRODUCTION,2500103.8841,2280641.3266,9883.8276,11764,10369,-0.00395337,-0.05088190,-0.00239824,-0.00395337,-9883.8276,2500103.8841,OK,0.0000,395.3531,4.0000,96.0000,AG03-UNRESOLVED,ALL5_LEVELS_bet23_to_bet27,395.3531,395.3531,395.3531,395.3531,395.3531,4.000000,4.000000,4.000000,4.000000,4.000000,96.000000,96.000000,96.000000,96.000000,96.000000,5.0,1976.7655,1824.8244,7907.0621,8059.0032,PENDING_AG03,FALSE,NOT_FOR_ENFORCEMENT,9488.4745,2189415.6736,9883.8276,9488.4745,395.3531,0.00395337,0.00379523,395.3531,9488.4745,0.00379523,395.3531,395.3531,395.3531,395.3531,395.3531,9488.4745,0.00379523,1976.7655,1824.8244,7907.0621,8059.0032,0.00316269,0.00322347,0.00015813,212.5216,219.9480,0.9532,119.0823,2.3972,30121.7335,124.9277,49.0469,238.9093,36.5364,75.9244,374.9013,749.8027,789.266,1183.8989,75.8035,-1.1839,10.395423,15.593133,2.799122,29,215,300,5,0.03207536,0.00395337,0.05088190,0E-8,0.000000,0.912219,0.000000,-0.04848366,2026-03-31,2026-08-01,83,4123,1621,124,0.669355,0.205295,0.230786,0.106918,,,,,,,,GLOBAL_BASELINE_NO_ENTITY_RANKING,,,NOT_APPLICABLE_GLOBAL_BASELINE,HF9g-P5,,,,X 全窗基线 · 不参与实体赏罚,15054571,1506,A168_HF9F_20260827_0900,2026-08-27 09:00:00
2026-04-04,92755421,2196,0,81.1918970487,-81.1918970487,-81.1918970487,0E-7,1,1,0.49324550000000000,0.493245500000,-0.9865810262130424,-0.9865810262130424,-0.9865810262130424,0E-17,ELIGIBLE,R03b_20260811_FULL_v1,L1_ELIGIBILITY,v2026-08-11,2026-03-21..2026-08-06,baccarat_bet02_101_all_pairs_incl_sentinel,round_win = game_pnl > 0 (decisive only),COMPATIBILITY_ONLY_NOT_PRODUCTION,2500103.8841,2280641.3266,9883.8276,11764,10369,-0.00395337,-0.05088190,-0.00239824,-0.00395337,-9883.8276,2500103.8841,OK,0.0000,395.3531,4.0000,96.0000,AG03-UNRESOLVED,ALL5_LEVELS_bet23_to_bet27,395.3531,395.3531,395.3531,395.3531,395.3531,4.000000,4.000000,4.000000,4.000000,4.000000,96.000000,96.000000,96.000000,96.000000,96.000000,5.0,1976.7655,1824.8244,7907.0621,8059.0032,PENDING_AG03,FALSE,NOT_FOR_ENFORCEMENT,9488.4745,2189415.6736,9883.8276,9488.4745,395.3531,0.00395337,0.00379523,395.3531,9488.4745,0.00379523,395.3531,395.3531,395.3531,395.3531,395.3531,9488.4745,0.00379523,1976.7655,1824.8244,7907.0621,8059.0032,0.00316269,0.00322347,0.00015813,212.5216,219.9480,0.9532,119.0823,2.3972,30121.7335,124.9277,49.0469,238.9093,36.5364,75.9244,374.9013,749.8027,789.266,1183.8989,75.8035,-1.1839,10.395423,15.593133,2.799122,29,215,300,5,0.03207536,0.00395337,0.05088190,0E-8,0.000000,0.912219,0.000000,-0.04848366,2026-03-31,2026-08-01,83,4123,1621,124,0.669355,0.205295,0.230786,0.106918,,,,,,,,GLOBAL_BASELINE_NO_ENTITY_RANKING,,,NOT_APPLICABLE_GLOBAL_BASELINE,HF9g-P5,,,,X 全窗基线 · 不参与实体赏罚,15054572,1506,A168_HF9F_20260827_0900,2026-08-27 09:00:00
2026-04-04,92755421,2224,0,40.5959485243,40.5959485243,40.5959485243,1.0000000,1,1,0.49324550000000000,0.493245500000,1.01360149184955,1.01360149184955,1.01360149184955,0E-17,ELIGIBLE,R03b_20260811_FULL_v1,L1_ELIGIBILITY,v2026-08-11,2026-03-21..2026-08-06,baccarat_bet02_101_all_pairs_incl_sentinel,round_win = game_pnl > 0 (decisive only),COMPATIBILITY_ONLY_NOT_PRODUCTION,2500103.8841,2280641.3266,9883.8276,11764,10369,-0.00395337,-0.05088190,-0.00239824,-0.00395337,-9883.8276,2500103.8841,OK,0.0000,395.3531,4.0000,96.0000,AG03-UNRESOLVED,ALL5_LEVELS_bet23_to_bet27,395.3531,395.3531,395.3531,395.3531,395.3531,4.000000,4.000000,4.000000,4.000000,4.000000,96.000000,96.000000,96.000000,96.000000,96.000000,5.0,1976.7655,1824.8244,7907.0621,8059.0032,PENDING_AG03,FALSE,NOT_FOR_ENFORCEMENT,9488.4745,2189415.6736,9883.8276,9488.4745,395.3531,0.00395337,0.00379523,395.3531,9488.4745,0.00379523,395.3531,395.3531,395.3531,395.3531,395.3531,9488.4745,0.00379523,1976.7655,1824.8244,7907.0621,8059.0032,0.00316269,0.00322347,0.00015813,212.5216,219.9480,0.9532,119.0823,2.3972,30121.7335,124.9277,49.0469,238.9093,36.5364,75.9244,374.9013,749.8027,789.266,1183.8989,75.8035,-1.1839,10.395423,15.593133,2.799122,29,215,300,5,0.03207536,0.00395337,0.05088190,0E-8,0.000000,0.912219,0.000000,-0.04848366,2026-03-31,2026-08-01,83,4123,1621,124,0.669355,0.205295,0.230786,0.106918,,,,,,,,GLOBAL_BASELINE_NO_ENTITY_RANKING,,,NOT_APPLICABLE_GLOBAL_BASELINE,HF9g-P5,,,,X 全窗基线 · 不参与实体赏罚,15054573,1506,A168_HF9F_20260827_0900,2026-08-27 09:00:00
2026-04-04,92755421,2232,0,154.2646043924,-34.5065562457,-34.5065562457,0.5000000,4,3,0.49761707407414825,0.425348066667,0.006740008869444243,0.21354105780287067,0.006740008869444243,0.07226900740714825,ELIGIBLE,R03b_20260811_FULL_v1,L1_ELIGIBILITY,v2026-08-11,2026-03-21..2026-08-06,baccarat_bet02_101_all_pairs_incl_sentinel,round_win = game_pnl > 0 (decisive only),COMPATIBILITY_ONLY_NOT_PRODUCTION,2500103.8841,2280641.3266,9883.8276,11764,10369,-0.00395337,-0.05088190,-0.00239824,-0.00395337,-9883.8276,2500103.8841,OK,0.0000,395.3531,4.0000,96.0000,AG03-UNRESOLVED,ALL5_LEVELS_bet23_to_bet27,395.3531,395.3531,395.3531,395.3531,395.3531,4.000000,4.000000,4.000000,4.000000,4.000000,96.000000,96.000000,96.000000,96.000000,96.000000,5.0,1976.7655,1824.8244,7907.0621,8059.0032,PENDING_AG03,FALSE,NOT_FOR_ENFORCEMENT,9488.4745,2189415.6736,9883.8276,9488.4745,395.3531,0.00395337,0.00379523,395.3531,9488.4745,0.00379523,395.3531,395.3531,395.3531,395.3531,395.3531,9488.4745,0.00379523,1976.7655,1824.8244,7907.0621,8059.0032,0.00316269,0.00322347,0.00015813,212.5216,219.9480,0.9532,119.0823,2.3972,30121.7335,124.9277,49.0469,238.9093,36.5364,75.9244,374.9013,749.8027,789.266,1183.8989,75.8035,-1.1839,10.395423,15.593133,2.799122,29,215,300,5,0.03207536,0.00395337,0.05088190,0E-8,0.000000,0.912219,0.000000,-0.04848366,2026-03-31,2026-08-01,83,4123,1621,124,0.669355,0.205295,0.230786,0.106918,,,,,,,,GLOBAL_BASELINE_NO_ENTITY_RANKING,,,NOT_APPLICABLE_GLOBAL_BASELINE,HF9g-P5,,,,X 全窗基线 · 不参与实体赏罚,15054574,1506,A168_HF9F_20260827_0900,2026-08-27 09:00:00
2026-04-04,92755421,2239,0,119.7580481467,40.5959485243,40.5959485243,0.6666667,4,3,0.48939090701760860,0.418645466667,0.6142395297152358,0.8707745022662297,0.6142395297152358,0.07074544035060860,ELIGIBLE,R03b_20260811_FULL_v1,L1_ELIGIBILITY,v2026-08-11,2026-03-21..2026-08-06,baccarat_bet02_101_all_pairs_incl_sentinel,round_win = game_pnl > 0 (decisive only),COMPATIBILITY_ONLY_NOT_PRODUCTION,2500103.8841,2280641.3266,9883.8276,11764,10369,-0.00395337,-0.05088190,-0.00239824,-0.00395337,-9883.8276,2500103.8841,OK,0.0000,395.3531,4.0000,96.0000,AG03-UNRESOLVED,ALL5_LEVELS_bet23_to_bet27,395.3531,395.3531,395.3531,395.3531,395.3531,4.000000,4.000000,4.000000,4.000000,4.000000,96.000000,96.000000,96.000000,96.000000,96.000000,5.0,1976.7655,1824.8244,7907.0621,8059.0032,PENDING_AG03,FALSE,NOT_FOR_ENFORCEMENT,9488.4745,2189415.6736,9883.8276,9488.4745,395.3531,0.00395337,0.00379523,395.3531,9488.4745,0.00379523,395.3531,395.3531,395.3531,395.3531,395.3531,9488.4745,0.00379523,1976.7655,1824.8244,7907.0621,8059.0032,0.00316269,0.00322347,0.00015813,212.5216,219.9480,0.9532,119.0823,2.3972,30121.7335,124.9277,49.0469,238.9093,36.5364,75.9244,374.9013,749.8027,789.266,1183.8989,75.8035,-1.1839,10.395423,15.593133,2.799122,29,215,300,5,0.03207536,0.00395337,0.05088190,0E-8,0.000000,0.912219,0.000000,-0.04848366,2026-03-31,2026-08-01,83,4123,1621,124,0.669355,0.205295,0.230786,0.106918,,,,,,,,GLOBAL_BASELINE_NO_ENTITY_RANKING,,,NOT_APPLICABLE_GLOBAL_BASELINE,HF9g-P5,,,,X 全窗基线 · 不参与实体赏罚,15054575,1506,A168_HF9F_20260827_0900,2026-08-27 09:00:00
2026-04-04,92755421,2264,0,119.7580481467,0E-10,0E-10,0.5000000,4,3,0.49385930701760860,0.423113866667,0.01736981261115427,0.2200844400096609,0.01736981261115427,0.07074544035060860,ELIGIBLE,R03b_20260811_FULL_v1,L1_ELIGIBILITY,v2026-08-11,2026-03-21..2026-08-06,baccarat_bet02_101_all_pairs_incl_sentinel,round_win = game_pnl > 0 (decisive only),COMPATIBILITY_ONLY_NOT_PRODUCTION,2500103.8841,2280641.3266,9883.8276,11764,10369,-0.00395337,-0.05088190,-0.00239824,-0.00395337,-9883.8276,2500103.8841,OK,0.0000,395.3531,4.0000,96.0000,AG03-UNRESOLVED,ALL5_LEVELS_bet23_to_bet27,395.3531,395.3531,395.3531,395.3531,395.3531,4.000000,4.000000,4.000000,4.000000,4.000000,96.000000,96.000000,96.000000,96.000000,96.000000,5.0,1976.7655,1824.8244,7907.0621,8059.0032,PENDING_AG03,FALSE,NOT_FOR_ENFORCEMENT,9488.4745,2189415.6736,9883.8276,9488.4745,395.3531,0.00395337,0.00379523,395.3531,9488.4745,0.00379523,395.3531,395.3531,395.3531,395.3531,395.3531,9488.4745,0.00379523,1976.7655,1824.8244,7907.0621,8059.0032,0.00316269,0.00322347,0.00015813,212.5216,219.9480,0.9532,119.0823,2.3972,30121.7335,124.9277,49.0469,238.9093,36.5364,75.9244,374.9013,749.8027,789.266,1183.8989,75.8035,-1.1839,10.395423,15.593133,2.799122,29,215,300,5,0.03207536,0.00395337,0.05088190,0E-8,0.000000,0.912219,0.000000,-0.04848366,2026-03-31,2026-08-01,83,4123,1621,124,0.669355,0.205295,0.230786,0.106918,,,,,,,,GLOBAL_BASELINE_NO_ENTITY_RANKING,,,NOT_APPLICABLE_GLOBAL_BASELINE,HF9g-P5,,,,X 全窗基线 · 不参与实体赏罚,15054576,1506,A168_HF9F_20260827_0900,2026-08-27 09:00:00
2026-04-04,92755421,595,0,160.3539966710,-40.5959485243,-40.5959485243,0.3333333,5,4,0.49705715526320645,0.443998075000,-0.5671657797603483,-0.3857813341772442,-0.5671657797603483,0.05305908026320645,ELIGIBLE,R03b_20260811_FULL_v1,L1_ELIGIBILITY,v2026-08-11,2026-03-21..2026-08-06,baccarat_bet02_101_all_pairs_incl_sentinel,round_win = game_pnl > 0 (decisive only),COMPATIBILITY_ONLY_NOT_PRODUCTION,2500103.8841,2280641.3266,9883.8276,11764,10369,-0.00395337,-0.05088190,-0.00239824,-0.00395337,-9883.8276,2500103.8841,OK,0.0000,395.3531,4.0000,96.0000,AG03-UNRESOLVED,ALL5_LEVELS_bet23_to_bet27,395.3531,395.3531,395.3531,395.3531,395.3531,4.000000,4.000000,4.000000,4.000000,4.000000,96.000000,96.000000,96.000000,96.000000,96.000000,5.0,1976.7655,1824.8244,7907.0621,8059.0032,PENDING_AG03,FALSE,NOT_FOR_ENFORCEMENT,9488.4745,2189415.6736,9883.8276,9488.4745,395.3531,0.00395337,0.00379523,395.3531,9488.4745,0.00379523,395.3531,395.3531,395.3531,395.3531,395.3531,9488.4745,0.00379523,1976.7655,1824.8244,7907.0621,8059.0032,0.00316269,0.00322347,0.00015813,212.5216,219.9480,0.9532,119.0823,2.3972,30121.7335,124.9277,49.0469,238.9093,36.5364,75.9244,374.9013,749.8027,789.266,1183.8989,75.8035,-1.1839,10.395423,15.593133,2.799122,29,215,300,5,0.03207536,0.00395337,0.05088190,0E-8,0.000000,0.912219,0.000000,-0.04848366,2026-03-31,2026-08-01,83,4123,1621,124,0.669355,0.205295,0.230786,0.106918,,,,,,,,GLOBAL_BASELINE_NO_ENTITY_RANKING,,,NOT_APPLICABLE_GLOBAL_BASELINE,HF9g-P5,,,,X 全窗基线 · 不参与实体赏罚,15054577,1506,A168_HF9F_20260827_0900,2026-08-27 09:00:00
2026-04-04,92755421,986,0,8.1191897049,-8.1191897049,-8.1191897049,0E-7,1,1,0.49324550000000000,0.493245500000,-0.9865810262130424,-0.9865810262130424,-0.9865810262130424,0E-17,ELIGIBLE,R03b_20260811_FULL_v1,L1_ELIGIBILITY,v2026-08-11,2026-03-21..2026-08-06,baccarat_bet02_101_all_pairs_incl_sentinel,round_win = game_pnl > 0 (decisive only),COMPATIBILITY_ONLY_NOT_PRODUCTION,2500103.8841,2280641.3266,9883.8276,11764,10369,-0.00395337,-0.05088190,-0.00239824,-0.00395337,-9883.8276,2500103.8841,OK,0.0000,395.3531,4.0000,96.0000,AG03-UNRESOLVED,ALL5_LEVELS_bet23_to_bet27,395.3531,395.3531,395.3531,395.3531,395.3531,4.000000,4.000000,4.000000,4.000000,4.000000,96.000000,96.000000,96.000000,96.000000,96.000000,5.0,1976.7655,1824.8244,7907.0621,8059.0032,PENDING_AG03,FALSE,NOT_FOR_ENFORCEMENT,9488.4745,2189415.6736,9883.8276,9488.4745,395.3531,0.00395337,0.00379523,395.3531,9488.4745,0.00379523,395.3531,395.3531,395.3531,395.3531,395.3531,9488.4745,0.00379523,1976.7655,1824.8244,7907.0621,8059.0032,0.00316269,0.00322347,0.00015813,212.5216,219.9480,0.9532,119.0823,2.3972,30121.7335,124.9277,49.0469,238.9093,36.5364,75.9244,374.9013,749.8027,789.266,1183.8989,75.8035,-1.1839,10.395423,15.593133,2.799122,29,215,300,5,0.03207536,0.00395337,0.05088190,0E-8,0.000000,0.912219,0.000000,-0.04848366,2026-03-31,2026-08-01,83,4123,1621,124,0.669355,0.205295,0.230786,0.106918,,,,,,,,GLOBAL_BASELINE_NO_ENTITY_RANKING,,,NOT_APPLICABLE_GLOBAL_BASELINE,HF9g-P5,,,,X 全窗基线 · 不参与实体赏罚,15054578,1506,A168_HF9F_20260827_0900,2026-08-27 09:00:00
2026-04-06,92755421,-1,1,100.2719928551,-4.2625745951,-4.2625745951,0.5000000,9,8,0.49176860689644751,0.470297437500,0.04657010227681588,0.1683203279863555,0.04657010227681588,0.02147116939644751,SENTINEL_DEALER,R03b_20260811_FULL_v1,L1_ELIGIBILITY,v2026-08-11,2026-03-21..2026-08-06,baccarat_bet02_101_all_pairs_incl_sentinel,round_win = game_pnl > 0 (decisive only),COMPATIBILITY_ONLY_NOT_PRODUCTION,2500103.8841,2280641.3266,9883.8276,11764,10369,-0.00395337,-0.05088190,-0.00239824,-0.00395337,-9883.8276,2500103.8841,OK,0.0000,395.3531,4.0000,96.0000,AG03-UNRESOLVED,ALL5_LEVELS_bet23_to_bet27,395.3531,395.3531,395.3531,395.3531,395.3531,4.000000,4.000000,4.000000,4.000000,4.000000,96.000000,96.000000,96.000000,96.000000,96.000000,5.0,1976.7655,1824.8244,7907.0621,8059.0032,PENDING_AG03,FALSE,NOT_FOR_ENFORCEMENT,9488.4745,2189415.6736,9883.8276,9488.4745,395.3531,0.00395337,0.00379523,395.3531,9488.4745,0.00379523,395.3531,395.3531,395.3531,395.3531,395.3531,9488.4745,0.00379523,1976.7655,1824.8244,7907.0621,8059.0032,0.00316269,0.00322347,0.00015813,212.5216,219.9480,0.9532,119.0823,2.3972,30121.7335,124.9277,49.0469,238.9093,36.5364,75.9244,374.9013,749.8027,789.266,1183.8989,75.8035,-1.1839,10.395423,15.593133,2.799122,29,215,300,5,0.03207536,0.00395337,0.05088190,0E-8,0.000000,0.912219,0.000000,-0.04848366,2026-03-31,2026-08-01,83,4123,1621,124,0.669355,0.205295,0.230786,0.106918,,,,,,,,GLOBAL_BASELINE_NO_ENTITY_RANKING,,,NOT_APPLICABLE_GLOBAL_BASELINE,HF9g-P5,,,,X 全窗基线 · 不参与实体赏罚,15054579,1506,A168_HF9F_20260827_0900,2026-08-27 09:00:00
2026-04-06,92755421,1221,0,13.3966630131,-4.4655543377,-4.4655543377,0.5000000,3,2,0.47777465454520628,0.377994150000,0.06292496626458025,0.3558409121858969,0.06292496626458025,0.09978050454520628,ELIGIBLE,R03b_20260811_FULL_v1,L1_ELIGIBILITY,v2026-08-11,2026-03-21..2026-08-06,baccarat_bet02_101_all_pairs_incl_sentinel,round_win = game_pnl > 0 (decisive only),COMPATIBILITY_ONLY_NOT_PRODUCTION,2500103.8841,2280641.3266,9883.8276,11764,10369,-0.00395337,-0.05088190,-0.00239824,-0.00395337,-9883.8276,2500103.8841,OK,0.0000,395.3531,4.0000,96.0000,AG03-UNRESOLVED,ALL5_LEVELS_bet23_to_bet27,395.3531,395.3531,395.3531,395.3531,395.3531,4.000000,4.000000,4.000000,4.000000,4.000000,96.000000,96.000000,96.000000,96.000000,96.000000,5.0,1976.7655,1824.8244,7907.0621,8059.0032,PENDING_AG03,FALSE,NOT_FOR_ENFORCEMENT,9488.4745,2189415.6736,9883.8276,9488.4745,395.3531,0.00395337,0.00379523,395.3531,9488.4745,0.00379523,395.3531,395.3531,395.3531,395.3531,395.3531,9488.4745,0.00379523,1976.7655,1824.8244,7907.0621,8059.0032,0.00316269,0.00322347,0.00015813,212.5216,219.9480,0.9532,119.0823,2.3972,30121.7335,124.9277,49.0469,238.9093,36.5364,75.9244,374.9013,749.8027,789.266,1183.8989,75.8035,-1.1839,10.395423,15.593133,2.799122,29,215,300,5,0.03207536,0.00395337,0.05088190,0E-8,0.000000,0.912219,0.000000,-0.04848366,2026-03-31,2026-08-01,83,4123,1621,124,0.669355,0.205295,0.230786,0.106918,,,,,,,,GLOBAL_BASELINE_NO_ENTITY_RANKING,,,NOT_APPLICABLE_GLOBAL_BASELINE,HF9g-P5,,,,X 全窗基线 · 不参与实体赏罚,15054580,1506,A168_HF9F_20260827_0900,2026-08-27 09:00:00
2026-04-06,92755421,1325,0,60.4879633012,-5.0744935656,-5.0744935656,0.5000000,5,4,0.49113502564083356,0.443998075000,0.03546547217957556,0.2254261324578906,0.03546547217957556,0.04713695064083356,ELIGIBLE,R03b_20260811_FULL_v1,L1_ELIGIBILITY,v2026-08-11,2026-03-21..2026-08-06,baccarat_bet02_101_all_pairs_incl_sentinel,round_win = game_pnl > 0 (decisive only),COMPATIBILITY_ONLY_NOT_PRODUCTION,2500103.8841,2280641.3266,9883.8276,11764,10369,-0.00395337,-0.05088190,-0.00239824,-0.00395337,-9883.8276,2500103.8841,OK,0.0000,395.3531,4.0000,96.0000,AG03-UNRESOLVED,ALL5_LEVELS_bet23_to_bet27,395.3531,395.3531,395.3531,395.3531,395.3531,4.000000,4.000000,4.000000,4.000000,4.000000,96.000000,96.000000,96.000000,96.000000,96.000000,5.0,1976.7655,1824.8244,7907.0621,8059.0032,PENDING_AG03,FALSE,NOT_FOR_ENFORCEMENT,9488.4745,2189415.6736,9883.8276,9488.4745,395.3531,0.00395337,0.00379523,395.3531,9488.4745,0.00379523,395.3531,395.3531,395.3531,395.3531,395.3531,9488.4745,0.00379523,1976.7655,1824.8244,7907.0621,8059.0032,0.00316269,0.00322347,0.00015813,212.5216,219.9480,0.9532,119.0823,2.3972,30121.7335,124.9277,49.0469,238.9093,36.5364,75.9244,374.9013,749.8027,789.266,1183.8989,75.8035,-1.1839,10.395423,15.593133,2.799122,29,215,300,5,0.03207536,0.00395337,0.05088190,0E-8,0.000000,0.912219,0.000000,-0.04848366,2026-03-31,2026-08-01,83,4123,1621,124,0.669355,0.205295,0.230786,0.106918,,,,,,,,GLOBAL_BASELINE_NO_ENTITY_RANKING,,,NOT_APPLICABLE_GLOBAL_BASELINE,HF9g-P5,,,,X 全窗基线 · 不参与实体赏罚,15054581,1506,A168_HF9F_20260827_0900,2026-08-27 09:00:00
2026-04-06,92755421,1382,0,40.1899890391,4.0595948524,4.0595948524,0.6666667,4,3,0.48596313418777808,0.423113866667,0.6262222210025854,0.8538470354145791,0.6262222210025854,0.06284926752077808,ELIGIBLE,R03b_20260811_FULL_v1,L1_ELIGIBILITY,v2026-08-11,2026-03-21..2026-08-06,baccarat_bet02_101_all_pairs_incl_sentinel,round_win = game_pnl > 0 (decisive only),COMPATIBILITY_ONLY_NOT_PRODUCTION,2500103.8841,2280641.3266,9883.8276,11764,10369,-0.00395337,-0.05088190,-0.00239824,-0.00395337,-9883.8276,2500103.8841,OK,0.0000,395.3531,4.0000,96.0000,AG03-UNRESOLVED,ALL5_LEVELS_bet23_to_bet27,395.3531,395.3531,395.3531,395.3531,395.3531,4.000000,4.000000,4.000000,4.000000,4.000000,96.000000,96.000000,96.000000,96.000000,96.000000,5.0,1976.7655,1824.8244,7907.0621,8059.0032,PENDING_AG03,FALSE,NOT_FOR_ENFORCEMENT,9488.4745,2189415.6736,9883.8276,9488.4745,395.3531,0.00395337,0.00379523,395.3531,9488.4745,0.00379523,395.3531,395.3531,395.3531,395.3531,395.3531,9488.4745,0.00379523,1976.7655,1824.8244,7907.0621,8059.0032,0.00316269,0.00322347,0.00015813,212.5216,219.9480,0.9532,119.0823,2.3972,30121.7335,124.9277,49.0469,238.9093,36.5364,75.9244,374.9013,749.8027,789.266,1183.8989,75.8035,-1.1839,10.395423,15.593133,2.799122,29,215,300,5,0.03207536,0.00395337,0.05088190,0E-8,0.000000,0.912219,0.000000,-0.04848366,2026-03-31,2026-08-01,83,4123,1621,124,0.669355,0.205295,0.230786,0.106918,,,,,,,,GLOBAL_BASELINE_NO_ENTITY_RANKING,,,NOT_APPLICABLE_GLOBAL_BASELINE,HF9g-P5,,,,X 全窗基线 · 不参与实体赏罚,15054582,1506,A168_HF9F_20260827_0900,2026-08-27 09:00:00
2026-04-06,92755421,1401,0,16.2383794097,-16.2383794097,-16.2383794097,0E-7,1,1,0.49324550000000000,0.493245500000,-0.9865810262130424,-0.9865810262130424,-0.9865810262130424,0E-17,ELIGIBLE,R03b_20260811_FULL_v1,L1_ELIGIBILITY,v2026-08-11,2026-03-21..2026-08-06,baccarat_bet02_101_all_pairs_incl_sentinel,round_win = game_pnl > 0 (decisive only),COMPATIBILITY_ONLY_NOT_PRODUCTION,2500103.8841,2280641.3266,9883.8276,11764,10369,-0.00395337,-0.05088190,-0.00239824,-0.00395337,-9883.8276,2500103.8841,OK,0.0000,395.3531,4.0000,96.0000,AG03-UNRESOLVED,ALL5_LEVELS_bet23_to_bet27,395.3531,395.3531,395.3531,395.3531,395.3531,4.000000,4.000000,4.000000,4.000000,4.000000,96.000000,96.000000,96.000000,96.000000,96.000000,5.0,1976.7655,1824.8244,7907.0621,8059.0032,PENDING_AG03,FALSE,NOT_FOR_ENFORCEMENT,9488.4745,2189415.6736,9883.8276,9488.4745,395.3531,0.00395337,0.00379523,395.3531,9488.4745,0.00379523,395.3531,395.3531,395.3531,395.3531,395.3531,9488.4745,0.00379523,1976.7655,1824.8244,7907.0621,8059.0032,0.00316269,0.00322347,0.00015813,212.5216,219.9480,0.9532,119.0823,2.3972,30121.7335,124.9277,49.0469,238.9093,36.5364,75.9244,374.9013,749.8027,789.266,1183.8989,75.8035,-1.1839,10.395423,15.593133,2.799122,29,215,300,5,0.03207536,0.00395337,0.05088190,0E-8,0.000000,0.912219,0.000000,-0.04848366,2026-03-31,2026-08-01,83,4123,1621,124,0.669355,0.205295,0.230786,0.106918,,,,,,,,GLOBAL_BASELINE_NO_ENTITY_RANKING,,,NOT_APPLICABLE_GLOBAL_BASELINE,HF9g-P5,,,,X 全窗基线 · 不参与实体赏罚,15054583,1506,A168_HF9F_20260827_0900,2026-08-27 09:00:00
2026-04-06,92755421,1505,0,39.7840295538,8.3221694475,8.3221694475,0.6666667,4,3,0.48522941052658555,0.418645466667,0.6287915192115566,0.8707745022662297,0.6287915192115566,0.06658394385958555,ELIGIBLE,R03b_20260811_FULL_v1,L1_ELIGIBILITY,v2026-08-11,2026-03-21..2026-08-06,baccarat_bet02_101_all_pairs_incl_sentinel,round_win = game_pnl > 0 (decisive only),COMPATIBILITY_ONLY_NOT_PRODUCTION,2500103.8841,2280641.3266,9883.8276,11764,10369,-0.00395337,-0.05088190,-0.00239824,-0.00395337,-9883.8276,2500103.8841,OK,0.0000,395.3531,4.0000,96.0000,AG03-UNRESOLVED,ALL5_LEVELS_bet23_to_bet27,395.3531,395.3531,395.3531,395.3531,395.3531,4.000000,4.000000,4.000000,4.000000,4.000000,96.000000,96.000000,96.000000,96.000000,96.000000,5.0,1976.7655,1824.8244,7907.0621,8059.0032,PENDING_AG03,FALSE,NOT_FOR_ENFORCEMENT,9488.4745,2189415.6736,9883.8276,9488.4745,395.3531,0.00395337,0.00379523,395.3531,9488.4745,0.00379523,395.3531,395.3531,395.3531,395.3531,395.3531,9488.4745,0.00379523,1976.7655,1824.8244,7907.0621,8059.0032,0.00316269,0.00322347,0.00015813,212.5216,219.9480,0.9532,119.0823,2.3972,30121.7335,124.9277,49.0469,238.9093,36.5364,75.9244,374.9013,749.8027,789.266,1183.8989,75.8035,-1.1839,10.395423,15.593133,2.799122,29,215,300,5,0.03207536,0.00395337,0.05088190,0E-8,0.000000,0.912219,0.000000,-0.04848366,2026-03-31,2026-08-01,83,4123,1621,124,0.669355,0.205295,0.230786,0.106918,,,,,,,,GLOBAL_BASELINE_NO_ENTITY_RANKING,,,NOT_APPLICABLE_GLOBAL_BASELINE,HF9g-P5,,,,X 全窗基线 · 不参与实体赏罚,15054584,1506,A168_HF9F_20260827_0900,2026-08-27 09:00:00
2026-04-06,92755421,1507,0,47.9032192587,8.1191897048,8.1191897048,0.6666667,4,3,0.49201947083359411,0.420879666667,0.6050727108390548,0.862295573878678,0.6050727108390548,0.07113980416659411,ELIGIBLE,R03b_20260811_FULL_v1,L1_ELIGIBILITY,v2026-08-11,2026-03-21..2026-08-06,baccarat_bet02_101_all_pairs_incl_sentinel,round_win = game_pnl > 0 (decisive only),COMPATIBILITY_ONLY_NOT_PRODUCTION,2500103.8841,2280641.3266,9883.8276,11764,10369,-0.00395337,-0.05088190,-0.00239824,-0.00395337,-9883.8276,2500103.8841,OK,0.0000,395.3531,4.0000,96.0000,AG03-UNRESOLVED,ALL5_LEVELS_bet23_to_bet27,395.3531,395.3531,395.3531,395.3531,395.3531,4.000000,4.000000,4.000000,4.000000,4.000000,96.000000,96.000000,96.000000,96.000000,96.000000,5.0,1976.7655,1824.8244,7907.0621,8059.0032,PENDING_AG03,FALSE,NOT_FOR_ENFORCEMENT,9488.4745,2189415.6736,9883.8276,9488.4745,395.3531,0.00395337,0.00379523,395.3531,9488.4745,0.00379523,395.3531,395.3531,395.3531,395.3531,395.3531,9488.4745,0.00379523,1976.7655,1824.8244,7907.0621,8059.0032,0.00316269,0.00322347,0.00015813,212.5216,219.9480,0.9532,119.0823,2.3972,30121.7335,124.9277,49.0469,238.9093,36.5364,75.9244,374.9013,749.8027,789.266,1183.8989,75.8035,-1.1839,10.395423,15.593133,2.799122,29,215,300,5,0.03207536,0.00395337,0.05088190,0E-8,0.000000,0.912219,0.000000,-0.04848366,2026-03-31,2026-08-01,83,4123,1621,124,0.669355,0.205295,0.230786,0.106918,,,,,,,,GLOBAL_BASELINE_NO_ENTITY_RANKING,,,NOT_APPLICABLE_GLOBAL_BASELINE,HF9g-P5,,,,X 全窗基线 · 不参与实体赏罚,15054585,1506,A168_HF9F_20260827_0900,2026-08-27 09:00:00
2026-04-06,92755421,1957,0,36.5363536719,12.1787845573,12.1787845573,0.6666667,3,3,0.49771390000000000,0.497713900000,0.5852756695216578,0.5852756695216578,0.5852756695216578,0E-17,ELIGIBLE,R03b_20260811_FULL_v1,L1_ELIGIBILITY,v2026-08-11,2026-03-21..2026-08-06,baccarat_bet02_101_all_pairs_incl_sentinel,round_win = game_pnl > 0 (decisive only),COMPATIBILITY_ONLY_NOT_PRODUCTION,2500103.8841,2280641.3266,9883.8276,11764,10369,-0.00395337,-0.05088190,-0.00239824,-0.00395337,-9883.8276,2500103.8841,OK,0.0000,395.3531,4.0000,96.0000,AG03-UNRESOLVED,ALL5_LEVELS_bet23_to_bet27,395.3531,395.3531,395.3531,395.3531,395.3531,4.000000,4.000000,4.000000,4.000000,4.000000,96.000000,96.000000,96.000000,96.000000,96.000000,5.0,1976.7655,1824.8244,7907.0621,8059.0032,PENDING_AG03,FALSE,NOT_FOR_ENFORCEMENT,9488.4745,2189415.6736,9883.8276,9488.4745,395.3531,0.00395337,0.00379523,395.3531,9488.4745,0.00379523,395.3531,395.3531,395.3531,395.3531,395.3531,9488.4745,0.00379523,1976.7655,1824.8244,7907.0621,8059.0032,0.00316269,0.00322347,0.00015813,212.5216,219.9480,0.9532,119.0823,2.3972,30121.7335,124.9277,49.0469,238.9093,36.5364,75.9244,374.9013,749.8027,789.266,1183.8989,75.8035,-1.1839,10.395423,15.593133,2.799122,29,215,300,5,0.03207536,0.00395337,0.05088190,0E-8,0.000000,0.912219,0.000000,-0.04848366,2026-03-31,2026-08-01,83,4123,1621,124,0.669355,0.205295,0.230786,0.106918,,,,,,,,GLOBAL_BASELINE_NO_ENTITY_RANKING,,,NOT_APPLICABLE_GLOBAL_BASELINE,HF9g-P5,,,,X 全窗基线 · 不参与实体赏罚,15054586,1506,A168_HF9F_20260827_0900,2026-08-27 09:00:00
2026-04-06,92755421,1996,0,34.1005967605,-10.3519668738,-10.3519668738,0.5000000,4,2,0.44574041632653249,0.259391500000,0.15438099731898675,0.7763431887933226,0.15438099731898675,0.18634891632653249,ELIGIBLE,R03b_20260811_FULL_v1,L1_ELIGIBILITY,v2026-08-11,2026-03-21..2026-08-06,baccarat_bet02_101_all_pairs_incl_sentinel,round_win = game_pnl > 0 (decisive only),COMPATIBILITY_ONLY_NOT_PRODUCTION,2500103.8841,2280641.3266,9883.8276,11764,10369,-0.00395337,-0.05088190,-0.00239824,-0.00395337,-9883.8276,2500103.8841,OK,0.0000,395.3531,4.0000,96.0000,AG03-UNRESOLVED,ALL5_LEVELS_bet23_to_bet27,395.3531,395.3531,395.3531,395.3531,395.3531,4.000000,4.000000,4.000000,4.000000,4.000000,96.000000,96.000000,96.000000,96.000000,96.000000,5.0,1976.7655,1824.8244,7907.0621,8059.0032,PENDING_AG03,FALSE,NOT_FOR_ENFORCEMENT,9488.4745,2189415.6736,9883.8276,9488.4745,395.3531,0.00395337,0.00379523,395.3531,9488.4745,0.00379523,395.3531,395.3531,395.3531,395.3531,395.3531,9488.4745,0.00379523,1976.7655,1824.8244,7907.0621,8059.0032,0.00316269,0.00322347,0.00015813,212.5216,219.9480,0.9532,119.0823,2.3972,30121.7335,124.9277,49.0469,238.9093,36.5364,75.9244,374.9013,749.8027,789.266,1183.8989,75.8035,-1.1839,10.395423,15.593133,2.799122,29,215,300,5,0.03207536,0.00395337,0.05088190,0E-8,0.000000,0.912219,0.000000,-0.04848366,2026-03-31,2026-08-01,83,4123,1621,124,0.669355,0.205295,0.230786,0.106918,,,,,,,,GLOBAL_BASELINE_NO_ENTITY_RANKING,,,NOT_APPLICABLE_GLOBAL_BASELINE,HF9g-P5,,,,X 全窗基线 · 不参与实体赏罚,15054587,1506,A168_HF9F_20260827_0900,2026-08-27 09:00:00
2026-04-06,92755421,2072,0,12.1787845573,-12.1787845573,-12.1787845573,0E-7,1,1,0.50665070000000000,0.506650700000,-1.013391052207602,-1.013391052207602,-1.013391052207602,0E-17,ELIGIBLE,R03b_20260811_FULL_v1,L1_ELIGIBILITY,v2026-08-11,2026-03-21..2026-08-06,baccarat_bet02_101_all_pairs_incl_sentinel,round_win = game_pnl > 0 (decisive only),COMPATIBILITY_ONLY_NOT_PRODUCTION,2500103.8841,2280641.3266,9883.8276,11764,10369,-0.00395337,-0.05088190,-0.00239824,-0.00395337,-9883.8276,2500103.8841,OK,0.0000,395.3531,4.0000,96.0000,AG03-UNRESOLVED,ALL5_LEVELS_bet23_to_bet27,395.3531,395.3531,395.3531,395.3531,395.3531,4.000000,4.000000,4.000000,4.000000,4.000000,96.000000,96.000000,96.000000,96.000000,96.000000,5.0,1976.7655,1824.8244,7907.0621,8059.0032,PENDING_AG03,FALSE,NOT_FOR_ENFORCEMENT,9488.4745,2189415.6736,9883.8276,9488.4745,395.3531,0.00395337,0.00379523,395.3531,9488.4745,0.00379523,395.3531,395.3531,395.3531,395.3531,395.3531,9488.4745,0.00379523,1976.7655,1824.8244,7907.0621,8059.0032,0.00316269,0.00322347,0.00015813,212.5216,219.9480,0.9532,119.0823,2.3972,30121.7335,124.9277,49.0469,238.9093,36.5364,75.9244,374.9013,749.8027,789.266,1183.8989,75.8035,-1.1839,10.395423,15.593133,2.799122,29,215,300,5,0.03207536,0.00395337,0.05088190,0E-8,0.000000,0.912219,0.000000,-0.04848366,2026-03-31,2026-08-01,83,4123,1621,124,0.669355,0.205295,0.230786,0.106918,,,,,,,,GLOBAL_BASELINE_NO_ENTITY_RANKING,,,NOT_APPLICABLE_GLOBAL_BASELINE,HF9g-P5,,,,X 全窗基线 · 不参与实体赏罚,15054588,1506,A168_HF9F_20260827_0900,2026-08-27 09:00:00
2026-04-06,92755421,2205,0,12.1787845573,-12.1787845573,-12.1787845573,0E-7,1,1,0.49324550000000000,0.493245500000,-0.9865810262130424,-0.9865810262130424,-0.9865810262130424,0E-17,ELIGIBLE,R03b_20260811_FULL_v1,L1_ELIGIBILITY,v2026-08-11,2026-03-21..2026-08-06,baccarat_bet02_101_all_pairs_incl_sentinel,round_win = game_pnl > 0 (decisive only),COMPATIBILITY_ONLY_NOT_PRODUCTION,2500103.8841,2280641.3266,9883.8276,11764,10369,-0.00395337,-0.05088190,-0.00239824,-0.00395337,-9883.8276,2500103.8841,OK,0.0000,395.3531,4.0000,96.0000,AG03-UNRESOLVED,ALL5_LEVELS_bet23_to_bet27,395.3531,395.3531,395.3531,395.3531,395.3531,4.000000,4.000000,4.000000,4.000000,4.000000,96.000000,96.000000,96.000000,96.000000,96.000000,5.0,1976.7655,1824.8244,7907.0621,8059.0032,PENDING_AG03,FALSE,NOT_FOR_ENFORCEMENT,9488.4745,2189415.6736,9883.8276,9488.4745,395.3531,0.00395337,0.00379523,395.3531,9488.4745,0.00379523,395.3531,395.3531,395.3531,395.3531,395.3531,9488.4745,0.00379523,1976.7655,1824.8244,7907.0621,8059.0032,0.00316269,0.00322347,0.00015813,212.5216,219.9480,0.9532,119.0823,2.3972,30121.7335,124.9277,49.0469,238.9093,36.5364,75.9244,374.9013,749.8027,789.266,1183.8989,75.8035,-1.1839,10.395423,15.593133,2.799122,29,215,300,5,0.03207536,0.00395337,0.05088190,0E-8,0.000000,0.912219,0.000000,-0.04848366,2026-03-31,2026-08-01,83,4123,1621,124,0.669355,0.205295,0.230786,0.106918,,,,,,,,GLOBAL_BASELINE_NO_ENTITY_RANKING,,,NOT_APPLICABLE_GLOBAL_BASELINE,HF9g-P5,,,,X 全窗基线 · 不参与实体赏罚,15054589,1506,A168_HF9F_20260827_0900,2026-08-27 09:00:00
2026-04-06,92755421,2212,0,12.1787845573,11.5698453294,11.5698453294,1.0000000,1,1,0.50665070000000000,0.506650700000,0.9867858985152569,0.9867858985152569,0.9867858985152569,0E-17,ELIGIBLE,R03b_20260811_FULL_v1,L1_ELIGIBILITY,v2026-08-11,2026-03-21..2026-08-06,baccarat_bet02_101_all_pairs_incl_sentinel,round_win = game_pnl > 0 (decisive only),COMPATIBILITY_ONLY_NOT_PRODUCTION,2500103.8841,2280641.3266,9883.8276,11764,10369,-0.00395337,-0.05088190,-0.00239824,-0.00395337,-9883.8276,2500103.8841,OK,0.0000,395.3531,4.0000,96.0000,AG03-UNRESOLVED,ALL5_LEVELS_bet23_to_bet27,395.3531,395.3531,395.3531,395.3531,395.3531,4.000000,4.000000,4.000000,4.000000,4.000000,96.000000,96.000000,96.000000,96.000000,96.000000,5.0,1976.7655,1824.8244,7907.0621,8059.0032,PENDING_AG03,FALSE,NOT_FOR_ENFORCEMENT,9488.4745,2189415.6736,9883.8276,9488.4745,395.3531,0.00395337,0.00379523,395.3531,9488.4745,0.00379523,395.3531,395.3531,395.3531,395.3531,395.3531,9488.4745,0.00379523,1976.7655,1824.8244,7907.0621,8059.0032,0.00316269,0.00322347,0.00015813,212.5216,219.9480,0.9532,119.0823,2.3972,30121.7335,124.9277,49.0469,238.9093,36.5364,75.9244,374.9013,749.8027,789.266,1183.8989,75.8035,-1.1839,10.395423,15.593133,2.799122,29,215,300,5,0.03207536,0.00395337,0.05088190,0E-8,0.000000,0.912219,0.000000,-0.04848366,2026-03-31,2026-08-01,83,4123,1621,124,0.669355,0.205295,0.230786,0.106918,,,,,,,,GLOBAL_BASELINE_NO_ENTITY_RANKING,,,NOT_APPLICABLE_GLOBAL_BASELINE,HF9g-P5,,,,X 全窗基线 · 不参与实体赏罚,15054590,1506,A168_HF9F_20260827_0900,2026-08-27 09:00:00
2026-04-06,92755421,2216,0,32.0707993343,8.0176998335,8.0176998335,0.6666667,4,3,0.47590191839052669,0.418645466667,0.6615973216930684,0.8707745022662297,0.6615973216930684,0.05725645172352669,ELIGIBLE,R03b_20260811_FULL_v1,L1_ELIGIBILITY,v2026-08-11,2026-03-21..2026-08-06,baccarat_bet02_101_all_pairs_incl_sentinel,round_win = game_pnl > 0 (decisive only),COMPATIBILITY_ONLY_NOT_PRODUCTION,2500103.8841,2280641.3266,9883.8276,11764,10369,-0.00395337,-0.05088190,-0.00239824,-0.00395337,-9883.8276,2500103.8841,OK,0.0000,395.3531,4.0000,96.0000,AG03-UNRESOLVED,ALL5_LEVELS_bet23_to_bet27,395.3531,395.3531,395.3531,395.3531,395.3531,4.000000,4.000000,4.000000,4.000000,4.000000,96.000000,96.000000,96.000000,96.000000,96.000000,5.0,1976.7655,1824.8244,7907.0621,8059.0032,PENDING_AG03,FALSE,NOT_FOR_ENFORCEMENT,9488.4745,2189415.6736,9883.8276,9488.4745,395.3531,0.00395337,0.00379523,395.3531,9488.4745,0.00379523,395.3531,395.3531,395.3531,395.3531,395.3531,9488.4745,0.00379523,1976.7655,1824.8244,7907.0621,8059.0032,0.00316269,0.00322347,0.00015813,212.5216,219.9480,0.9532,119.0823,2.3972,30121.7335,124.9277,49.0469,238.9093,36.5364,75.9244,374.9013,749.8027,789.266,1183.8989,75.8035,-1.1839,10.395423,15.593133,2.799122,29,215,300,5,0.03207536,0.00395337,0.05088190,0E-8,0.000000,0.912219,0.000000,-0.04848366,2026-03-31,2026-08-01,83,4123,1621,124,0.669355,0.205295,0.230786,0.106918,,,,,,,,GLOBAL_BASELINE_NO_ENTITY_RANKING,,,NOT_APPLICABLE_GLOBAL_BASELINE,HF9g-P5,,,,X 全窗基线 · 不参与实体赏罚,15054591,1506,A168_HF9F_20260827_0900,2026-08-27 09:00:00
2026-04-06,92755421,2223,0,20.2979742622,-20.2979742622,-20.2979742622,0E-7,1,1,0.50665070000000000,0.506650700000,-1.013391052207602,-1.013391052207602,-1.013391052207602,0E-17,ELIGIBLE,R03b_20260811_FULL_v1,L1_ELIGIBILITY,v2026-08-11,2026-03-21..2026-08-06,baccarat_bet02_101_all_pairs_incl_sentinel,round_win = game_pnl > 0 (decisive only),COMPATIBILITY_ONLY_NOT_PRODUCTION,2500103.8841,2280641.3266,9883.8276,11764,10369,-0.00395337,-0.05088190,-0.00239824,-0.00395337,-9883.8276,2500103.8841,OK,0.0000,395.3531,4.0000,96.0000,AG03-UNRESOLVED,ALL5_LEVELS_bet23_to_bet27,395.3531,395.3531,395.3531,395.3531,395.3531,4.000000,4.000000,4.000000,4.000000,4.000000,96.000000,96.000000,96.000000,96.000000,96.000000,5.0,1976.7655,1824.8244,7907.0621,8059.0032,PENDING_AG03,FALSE,NOT_FOR_ENFORCEMENT,9488.4745,2189415.6736,9883.8276,9488.4745,395.3531,0.00395337,0.00379523,395.3531,9488.4745,0.00379523,395.3531,395.3531,395.3531,395.3531,395.3531,9488.4745,0.00379523,1976.7655,1824.8244,7907.0621,8059.0032,0.00316269,0.00322347,0.00015813,212.5216,219.9480,0.9532,119.0823,2.3972,30121.7335,124.9277,49.0469,238.9093,36.5364,75.9244,374.9013,749.8027,789.266,1183.8989,75.8035,-1.1839,10.395423,15.593133,2.799122,29,215,300,5,0.03207536,0.00395337,0.05088190,0E-8,0.000000,0.912219,0.000000,-0.04848366,2026-03-31,2026-08-01,83,4123,1621,124,0.669355,0.205295,0.230786,0.106918,,,,,,,,GLOBAL_BASELINE_NO_ENTITY_RANKING,,,NOT_APPLICABLE_GLOBAL_BASELINE,HF9g-P5,,,,X 全窗基线 · 不参与实体赏罚,15054592,1506,A168_HF9F_20260827_0900,2026-08-27 09:00:00
2026-04-06,92755421,2266,0,134.7785491010,1.3193683270,1.3193683270,0.5555556,14,9,0.47686354532019250,0.366677911111,0.47265835639050474,1.1758369960452801,0.47265835639050474,0.11018563420919250,ELIGIBLE,R03b_20260811_FULL_v1,L1_ELIGIBILITY,v2026-08-11,2026-03-21..2026-08-06,baccarat_bet02_101_all_pairs_incl_sentinel,round_win = game_pnl > 0 (decisive only),COMPATIBILITY_ONLY_NOT_PRODUCTION,2500103.8841,2280641.3266,9883.8276,11764,10369,-0.00395337,-0.05088190,-0.00239824,-0.00395337,-9883.8276,2500103.8841,OK,0.0000,395.3531,4.0000,96.0000,AG03-UNRESOLVED,ALL5_LEVELS_bet23_to_bet27,395.3531,395.3531,395.3531,395.3531,395.3531,4.000000,4.000000,4.000000,4.000000,4.000000,96.000000,96.000000,96.000000,96.000000,96.000000,5.0,1976.7655,1824.8244,7907.0621,8059.0032,PENDING_AG03,FALSE,NOT_FOR_ENFORCEMENT,9488.4745,2189415.6736,9883.8276,9488.4745,395.3531,0.00395337,0.00379523,395.3531,9488.4745,0.00379523,395.3531,395.3531,395.3531,395.3531,395.3531,9488.4745,0.00379523,1976.7655,1824.8244,7907.0621,8059.0032,0.00316269,0.00322347,0.00015813,212.5216,219.9480,0.9532,119.0823,2.3972,30121.7335,124.9277,49.0469,238.9093,36.5364,75.9244,374.9013,749.8027,789.266,1183.8989,75.8035,-1.1839,10.395423,15.593133,2.799122,29,215,300,5,0.03207536,0.00395337,0.05088190,0E-8,0.000000,0.912219,0.000000,-0.04848366,2026-03-31,2026-08-01,83,4123,1621,124,0.669355,0.205295,0.230786,0.106918,,,,,,,,GLOBAL_BASELINE_NO_ENTITY_RANKING,,,NOT_APPLICABLE_GLOBAL_BASELINE,HF9g-P5,,,,X 全窗基线 · 不参与实体赏罚,15054593,1506,A168_HF9F_20260827_0900,2026-08-27 09:00:00
2026-04-06,92755421,529,0,8.1191897049,-8.1191897049,-8.1191897049,0E-7,1,1,0.49324550000000000,0.493245500000,-0.9865810262130424,-0.9865810262130424,-0.9865810262130424,0E-17,ELIGIBLE,R03b_20260811_FULL_v1,L1_ELIGIBILITY,v2026-08-11,2026-03-21..2026-08-06,baccarat_bet02_101_all_pairs_incl_sentinel,round_win = game_pnl > 0 (decisive only),COMPATIBILITY_ONLY_NOT_PRODUCTION,2500103.8841,2280641.3266,9883.8276,11764,10369,-0.00395337,-0.05088190,-0.00239824,-0.00395337,-9883.8276,2500103.8841,OK,0.0000,395.3531,4.0000,96.0000,AG03-UNRESOLVED,ALL5_LEVELS_bet23_to_bet27,395.3531,395.3531,395.3531,395.3531,395.3531,4.000000,4.000000,4.000000,4.000000,4.000000,96.000000,96.000000,96.000000,96.000000,96.000000,5.0,1976.7655,1824.8244,7907.0621,8059.0032,PENDING_AG03,FALSE,NOT_FOR_ENFORCEMENT,9488.4745,2189415.6736,9883.8276,9488.4745,395.3531,0.00395337,0.00379523,395.3531,9488.4745,0.00379523,395.3531,395.3531,395.3531,395.3531,395.3531,9488.4745,0.00379523,1976.7655,1824.8244,7907.0621,8059.0032,0.00316269,0.00322347,0.00015813,212.5216,219.9480,0.9532,119.0823,2.3972,30121.7335,124.9277,49.0469,238.9093,36.5364,75.9244,374.9013,749.8027,789.266,1183.8989,75.8035,-1.1839,10.395423,15.593133,2.799122,29,215,300,5,0.03207536,0.00395337,0.05088190,0E-8,0.000000,0.912219,0.000000,-0.04848366,2026-03-31,2026-08-01,83,4123,1621,124,0.669355,0.205295,0.230786,0.106918,,,,,,,,GLOBAL_BASELINE_NO_ENTITY_RANKING,,,NOT_APPLICABLE_GLOBAL_BASELINE,HF9g-P5,,,,X 全窗基线 · 不参与实体赏罚,15054594,1506,A168_HF9F_20260827_0900,2026-08-27 09:00:00
2026-04-06,92755421,550,0,58.8641253602,2.8417163967,2.8417163967,0.5000000,7,4,0.47431013036349819,0.322044125000,0.10289538390862249,0.7616999397928014,0.10289538390862249,0.15226600536349819,ELIGIBLE,R03b_20260811_FULL_v1,L1_ELIGIBILITY,v2026-08-11,2026-03-21..2026-08-06,baccarat_bet02_101_all_pairs_incl_sentinel,round_win = game_pnl > 0 (decisive only),COMPATIBILITY_ONLY_NOT_PRODUCTION,2500103.8841,2280641.3266,9883.8276,11764,10369,-0.00395337,-0.05088190,-0.00239824,-0.00395337,-9883.8276,2500103.8841,OK,0.0000,395.3531,4.0000,96.0000,AG03-UNRESOLVED,ALL5_LEVELS_bet23_to_bet27,395.3531,395.3531,395.3531,395.3531,395.3531,4.000000,4.000000,4.000000,4.000000,4.000000,96.000000,96.000000,96.000000,96.000000,96.000000,5.0,1976.7655,1824.8244,7907.0621,8059.0032,PENDING_AG03,FALSE,NOT_FOR_ENFORCEMENT,9488.4745,2189415.6736,9883.8276,9488.4745,395.3531,0.00395337,0.00379523,395.3531,9488.4745,0.00379523,395.3531,395.3531,395.3531,395.3531,395.3531,9488.4745,0.00379523,1976.7655,1824.8244,7907.0621,8059.0032,0.00316269,0.00322347,0.00015813,212.5216,219.9480,0.9532,119.0823,2.3972,30121.7335,124.9277,49.0469,238.9093,36.5364,75.9244,374.9013,749.8027,789.266,1183.8989,75.8035,-1.1839,10.395423,15.593133,2.799122,29,215,300,5,0.03207536,0.00395337,0.05088190,0E-8,0.000000,0.912219,0.000000,-0.04848366,2026-03-31,2026-08-01,83,4123,1621,124,0.669355,0.205295,0.230786,0.106918,,,,,,,,GLOBAL_BASELINE_NO_ENTITY_RANKING,,,NOT_APPLICABLE_GLOBAL_BASELINE,HF9g-P5,,,,X 全窗基线 · 不参与实体赏罚,15054595,1506,A168_HF9F_20260827_0900,2026-08-27 09:00:00
2026-04-06,92755421,969,0,24.3575691146,0E-10,0E-10,0.5000000,2,2,0.49324550000000000,0.493245500000,0.01910635448239258,0.01910635448239258,0.01910635448239258,0E-17,ELIGIBLE,R03b_20260811_FULL_v1,L1_ELIGIBILITY,v2026-08-11,2026-03-21..2026-08-06,baccarat_bet02_101_all_pairs_incl_sentinel,round_win = game_pnl > 0 (decisive only),COMPATIBILITY_ONLY_NOT_PRODUCTION,2500103.8841,2280641.3266,9883.8276,11764,10369,-0.00395337,-0.05088190,-0.00239824,-0.00395337,-9883.8276,2500103.8841,OK,0.0000,395.3531,4.0000,96.0000,AG03-UNRESOLVED,ALL5_LEVELS_bet23_to_bet27,395.3531,395.3531,395.3531,395.3531,395.3531,4.000000,4.000000,4.000000,4.000000,4.000000,96.000000,96.000000,96.000000,96.000000,96.000000,5.0,1976.7655,1824.8244,7907.0621,8059.0032,PENDING_AG03,FALSE,NOT_FOR_ENFORCEMENT,9488.4745,2189415.6736,9883.8276,9488.4745,395.3531,0.00395337,0.00379523,395.3531,9488.4745,0.00379523,395.3531,395.3531,395.3531,395.3531,395.3531,9488.4745,0.00379523,1976.7655,1824.8244,7907.0621,8059.0032,0.00316269,0.00322347,0.00015813,212.5216,219.9480,0.9532,119.0823,2.3972,30121.7335,124.9277,49.0469,238.9093,36.5364,75.9244,374.9013,749.8027,789.266,1183.8989,75.8035,-1.1839,10.395423,15.593133,2.799122,29,215,300,5,0.03207536,0.00395337,0.05088190,0E-8,0.000000,0.912219,0.000000,-0.04848366,2026-03-31,2026-08-01,83,4123,1621,124,0.669355,0.205295,0.230786,0.106918,,,,,,,,GLOBAL_BASELINE_NO_ENTITY_RANKING,,,NOT_APPLICABLE_GLOBAL_BASELINE,HF9g-P5,,,,X 全窗基线 · 不参与实体赏罚,15054596,1506,A168_HF9F_20260827_0900,2026-08-27 09:00:00
2026-04-09,92755421,-1,1,2576.2188933537,210.9365485329,210.9365485329,0.5762712,73,62,0.49824876010574450,0.466488030645,1.1986106084811943,1.6903217528369532,1.1986106084811943,0.03176072946074450,SENTINEL_DEALER,R03b_20260811_FULL_v1,L1_ELIGIBILITY,v2026-08-11,2026-03-21..2026-08-06,baccarat_bet02_101_all_pairs_incl_sentinel,round_win = game_pnl > 0 (decisive only),COMPATIBILITY_ONLY_NOT_PRODUCTION,2500103.8841,2280641.3266,9883.8276,11764,10369,-0.00395337,-0.05088190,-0.00239824,-0.00395337,-9883.8276,2500103.8841,OK,0.0000,395.3531,4.0000,96.0000,AG03-UNRESOLVED,ALL5_LEVELS_bet23_to_bet27,395.3531,395.3531,395.3531,395.3531,395.3531,4.000000,4.000000,4.000000,4.000000,4.000000,96.000000,96.000000,96.000000,96.000000,96.000000,5.0,1976.7655,1824.8244,7907.0621,8059.0032,PENDING_AG03,FALSE,NOT_FOR_ENFORCEMENT,9488.4745,2189415.6736,9883.8276,9488.4745,395.3531,0.00395337,0.00379523,395.3531,9488.4745,0.00379523,395.3531,395.3531,395.3531,395.3531,395.3531,9488.4745,0.00379523,1976.7655,1824.8244,7907.0621,8059.0032,0.00316269,0.00322347,0.00015813,212.5216,219.9480,0.9532,119.0823,2.3972,30121.7335,124.9277,49.0469,238.9093,36.5364,75.9244,374.9013,749.8027,789.266,1183.8989,75.8035,-1.1839,10.395423,15.593133,2.799122,29,215,300,5,0.03207536,0.00395337,0.05088190,0E-8,0.000000,0.912219,0.000000,-0.04848366,2026-03-31,2026-08-01,83,4123,1621,124,0.669355,0.205295,0.230786,0.106918,,,,,,,,GLOBAL_BASELINE_NO_ENTITY_RANKING,,,NOT_APPLICABLE_GLOBAL_BASELINE,HF9g-P5,,,,X 全窗基线 · 不参与实体赏罚,15054597,1506,A168_HF9F_20260827_0900,2026-08-27 09:00:00
2026-04-09,92755421,1017,0,40.5959485243,-40.5959485243,-40.5959485243,0E-7,1,1,0.50665070000000000,0.506650700000,-1.013391052207602,-1.013391052207602,-1.013391052207602,0E-17,ELIGIBLE,R03b_20260811_FULL_v1,L1_ELIGIBILITY,v2026-08-11,2026-03-21..2026-08-06,baccarat_bet02_101_all_pairs_incl_sentinel,round_win = game_pnl > 0 (decisive only),COMPATIBILITY_ONLY_NOT_PRODUCTION,2500103.8841,2280641.3266,9883.8276,11764,10369,-0.00395337,-0.05088190,-0.00239824,-0.00395337,-9883.8276,2500103.8841,OK,0.0000,395.3531,4.0000,96.0000,AG03-UNRESOLVED,ALL5_LEVELS_bet23_to_bet27,395.3531,395.3531,395.3531,395.3531,395.3531,4.000000,4.000000,4.000000,4.000000,4.000000,96.000000,96.000000,96.000000,96.000000,96.000000,5.0,1976.7655,1824.8244,7907.0621,8059.0032,PENDING_AG03,FALSE,NOT_FOR_ENFORCEMENT,9488.4745,2189415.6736,9883.8276,9488.4745,395.3531,0.00395337,0.00379523,395.3531,9488.4745,0.00379523,395.3531,395.3531,395.3531,395.3531,395.3531,9488.4745,0.00379523,1976.7655,1824.8244,7907.0621,8059.0032,0.00316269,0.00322347,0.00015813,212.5216,219.9480,0.9532,119.0823,2.3972,30121.7335,124.9277,49.0469,238.9093,36.5364,75.9244,374.9013,749.8027,789.266,1183.8989,75.8035,-1.1839,10.395423,15.593133,2.799122,29,215,300,5,0.03207536,0.00395337,0.05088190,0E-8,0.000000,0.912219,0.000000,-0.04848366,2026-03-31,2026-08-01,83,4123,1621,124,0.669355,0.205295,0.230786,0.106918,,,,,,,,GLOBAL_BASELINE_NO_ENTITY_RANKING,,,NOT_APPLICABLE_GLOBAL_BASELINE,HF9g-P5,,,,X 全窗基线 · 不参与实体赏罚,15054598,1506,A168_HF9F_20260827_0900,2026-08-27 09:00:00
2026-04-09,92755421,1094,0,123.0057240289,18.0651970934,18.0651970934,0.6666667,7,6,0.49100412830199773,0.455945483333,0.6086113954567636,0.7328096080378501,0.6086113954567636,0.03505864496899773,ELIGIBLE,R03b_20260811_FULL_v1,L1_ELIGIBILITY,v2026-08-11,2026-03-21..2026-08-06,baccarat_bet02_101_all_pairs_incl_sentinel,round_win = game_pnl > 0 (decisive only),COMPATIBILITY_ONLY_NOT_PRODUCTION,2500103.8841,2280641.3266,9883.8276,11764,10369,-0.00395337,-0.05088190,-0.00239824,-0.00395337,-9883.8276,2500103.8841,OK,0.0000,395.3531,4.0000,96.0000,AG03-UNRESOLVED,ALL5_LEVELS_bet23_to_bet27,395.3531,395.3531,395.3531,395.3531,395.3531,4.000000,4.000000,4.000000,4.000000,4.000000,96.000000,96.000000,96.000000,96.000000,96.000000,5.0,1976.7655,1824.8244,7907.0621,8059.0032,PENDING_AG03,FALSE,NOT_FOR_ENFORCEMENT,9488.4745,2189415.6736,9883.8276,9488.4745,395.3531,0.00395337,0.00379523,395.3531,9488.4745,0.00379523,395.3531,395.3531,395.3531,395.3531,395.3531,9488.4745,0.00379523,1976.7655,1824.8244,7907.0621,8059.0032,0.00316269,0.00322347,0.00015813,212.5216,219.9480,0.9532,119.0823,2.3972,30121.7335,124.9277,49.0469,238.9093,36.5364,75.9244,374.9013,749.8027,789.266,1183.8989,75.8035,-1.1839,10.395423,15.593133,2.799122,29,215,300,5,0.03207536,0.00395337,0.05088190,0E-8,0.000000,0.912219,0.000000,-0.04848366,2026-03-31,2026-08-01,83,4123,1621,124,0.669355,0.205295,0.230786,0.106918,,,,,,,,GLOBAL_BASELINE_NO_ENTITY_RANKING,,,NOT_APPLICABLE_GLOBAL_BASELINE,HF9g-P5,,,,X 全窗基线 · 不参与实体赏罚,15054599,1506,A168_HF9F_20260827_0900,2026-08-27 09:00:00
2026-04-09,92755421,1115,0,20.7039337474,-20.7039337474,-20.7039337474,0E-7,2,1,0.49708568431474187,0.262742800000,-0.9941882565237276,-0.5969746651759844,-0.9941882565237276,0.23434288431474187,ELIGIBLE,R03b_20260811_FULL_v1,L1_ELIGIBILITY,v2026-08-11,2026-03-21..2026-08-06,baccarat_bet02_101_all_pairs_incl_sentinel,round_win = game_pnl > 0 (decisive only),COMPATIBILITY_ONLY_NOT_PRODUCTION,2500103.8841,2280641.3266,9883.8276,11764,10369,-0.00395337,-0.05088190,-0.00239824,-0.00395337,-9883.8276,2500103.8841,OK,0.0000,395.3531,4.0000,96.0000,AG03-UNRESOLVED,ALL5_LEVELS_bet23_to_bet27,395.3531,395.3531,395.3531,395.3531,395.3531,4.000000,4.000000,4.000000,4.000000,4.000000,96.000000,96.000000,96.000000,96.000000,96.000000,5.0,1976.7655,1824.8244,7907.0621,8059.0032,PENDING_AG03,FALSE,NOT_FOR_ENFORCEMENT,9488.4745,2189415.6736,9883.8276,9488.4745,395.3531,0.00395337,0.00379523,395.3531,9488.4745,0.00379523,395.3531,395.3531,395.3531,395.3531,395.3531,9488.4745,0.00379523,1976.7655,1824.8244,7907.0621,8059.0032,0.00316269,0.00322347,0.00015813,212.5216,219.9480,0.9532,119.0823,2.3972,30121.7335,124.9277,49.0469,238.9093,36.5364,75.9244,374.9013,749.8027,789.266,1183.8989,75.8035,-1.1839,10.395423,15.593133,2.799122,29,215,300,5,0.03207536,0.00395337,0.05088190,0E-8,0.000000,0.912219,0.000000,-0.04848366,2026-03-31,2026-08-01,83,4123,1621,124,0.669355,0.205295,0.230786,0.106918,,,,,,,,GLOBAL_BASELINE_NO_ENTITY_RANKING,,,NOT_APPLICABLE_GLOBAL_BASELINE,HF9g-P5,,,,X 全窗基线 · 不参与实体赏罚,15054600,1506,A168_HF9F_20260827_0900,2026-08-27 09:00:00
2026-04-09,92755421,1151,0,40.5959485243,-40.5959485243,-40.5959485243,0E-7,1,1,0.49324550000000000,0.493245500000,-0.9865810262130424,-0.9865810262130424,-0.9865810262130424,0E-17,ELIGIBLE,R03b_20260811_FULL_v1,L1_ELIGIBILITY,v2026-08-11,2026-03-21..2026-08-06,baccarat_bet02_101_all_pairs_incl_sentinel,round_win = game_pnl > 0 (decisive only),COMPATIBILITY_ONLY_NOT_PRODUCTION,2500103.8841,2280641.3266,9883.8276,11764,10369,-0.00395337,-0.05088190,-0.00239824,-0.00395337,-9883.8276,2500103.8841,OK,0.0000,395.3531,4.0000,96.0000,AG03-UNRESOLVED,ALL5_LEVELS_bet23_to_bet27,395.3531,395.3531,395.3531,395.3531,395.3531,4.000000,4.000000,4.000000,4.000000,4.000000,96.000000,96.000000,96.000000,96.000000,96.000000,5.0,1976.7655,1824.8244,7907.0621,8059.0032,PENDING_AG03,FALSE,NOT_FOR_ENFORCEMENT,9488.4745,2189415.6736,9883.8276,9488.4745,395.3531,0.00395337,0.00379523,395.3531,9488.4745,0.00379523,395.3531,395.3531,395.3531,395.3531,395.3531,9488.4745,0.00379523,1976.7655,1824.8244,7907.0621,8059.0032,0.00316269,0.00322347,0.00015813,212.5216,219.9480,0.9532,119.0823,2.3972,30121.7335,124.9277,49.0469,238.9093,36.5364,75.9244,374.9013,749.8027,789.266,1183.8989,75.8035,-1.1839,10.395423,15.593133,2.799122,29,215,300,5,0.03207536,0.00395337,0.05088190,0E-8,0.000000,0.912219,0.000000,-0.04848366,2026-03-31,2026-08-01,83,4123,1621,124,0.669355,0.205295,0.230786,0.106918,,,,,,,,GLOBAL_BASELINE_NO_ENTITY_RANKING,,,NOT_APPLICABLE_GLOBAL_BASELINE,HF9g-P5,,,,X 全窗基线 · 不参与实体赏罚,15054601,1506,A168_HF9F_20260827_0900,2026-08-27 09:00:00
2026-04-09,92755421,1221,0,40.5959485244,39.5810498113,39.5810498113,1.0000000,2,2,0.49994810000000000,0.499948100000,1.4143603653603398,1.4143603653603398,1.4143603653603398,0E-17,ELIGIBLE,R03b_20260811_FULL_v1,L1_ELIGIBILITY,v2026-08-11,2026-03-21..2026-08-06,baccarat_bet02_101_all_pairs_incl_sentinel,round_win = game_pnl > 0 (decisive only),COMPATIBILITY_ONLY_NOT_PRODUCTION,2500103.8841,2280641.3266,9883.8276,11764,10369,-0.00395337,-0.05088190,-0.00239824,-0.00395337,-9883.8276,2500103.8841,OK,0.0000,395.3531,4.0000,96.0000,AG03-UNRESOLVED,ALL5_LEVELS_bet23_to_bet27,395.3531,395.3531,395.3531,395.3531,395.3531,4.000000,4.000000,4.000000,4.000000,4.000000,96.000000,96.000000,96.000000,96.000000,96.000000,5.0,1976.7655,1824.8244,7907.0621,8059.0032,PENDING_AG03,FALSE,NOT_FOR_ENFORCEMENT,9488.4745,2189415.6736,9883.8276,9488.4745,395.3531,0.00395337,0.00379523,395.3531,9488.4745,0.00379523,395.3531,395.3531,395.3531,395.3531,395.3531,9488.4745,0.00379523,1976.7655,1824.8244,7907.0621,8059.0032,0.00316269,0.00322347,0.00015813,212.5216,219.9480,0.9532,119.0823,2.3972,30121.7335,124.9277,49.0469,238.9093,36.5364,75.9244,374.9013,749.8027,789.266,1183.8989,75.8035,-1.1839,10.395423,15.593133,2.799122,29,215,300,5,0.03207536,0.00395337,0.05088190,0E-8,0.000000,0.912219,0.000000,-0.04848366,2026-03-31,2026-08-01,83,4123,1621,124,0.669355,0.205295,0.230786,0.106918,,,,,,,,GLOBAL_BASELINE_NO_ENTITY_RANKING,,,NOT_APPLICABLE_GLOBAL_BASELINE,HF9g-P5,,,,X 全窗基线 · 不参与实体赏罚,15054602,1506,A168_HF9F_20260827_0900,2026-08-27 09:00:00
2026-04-09,92755421,1302,0,424.2276620790,4.3640644664,4.3640644664,0.5000000,10,9,0.49590884861113647,0.472847222222,0.023143821872725415,0.15382629789456156,0.023143821872725415,0.02306162638913647,ELIGIBLE,R03b_20260811_FULL_v1,L1_ELIGIBILITY,v2026-08-11,2026-03-21..2026-08-06,baccarat_bet02_101_all_pairs_incl_sentinel,round_win = game_pnl > 0 (decisive only),COMPATIBILITY_ONLY_NOT_PRODUCTION,2500103.8841,2280641.3266,9883.8276,11764,10369,-0.00395337,-0.05088190,-0.00239824,-0.00395337,-9883.8276,2500103.8841,OK,0.0000,395.3531,4.0000,96.0000,AG03-UNRESOLVED,ALL5_LEVELS_bet23_to_bet27,395.3531,395.3531,395.3531,395.3531,395.3531,4.000000,4.000000,4.000000,4.000000,4.000000,96.000000,96.000000,96.000000,96.000000,96.000000,5.0,1976.7655,1824.8244,7907.0621,8059.0032,PENDING_AG03,FALSE,NOT_FOR_ENFORCEMENT,9488.4745,2189415.6736,9883.8276,9488.4745,395.3531,0.00395337,0.00379523,395.3531,9488.4745,0.00379523,395.3531,395.3531,395.3531,395.3531,395.3531,9488.4745,0.00379523,1976.7655,1824.8244,7907.0621,8059.0032,0.00316269,0.00322347,0.00015813,212.5216,219.9480,0.9532,119.0823,2.3972,30121.7335,124.9277,49.0469,238.9093,36.5364,75.9244,374.9013,749.8027,789.266,1183.8989,75.8035,-1.1839,10.395423,15.593133,2.799122,29,215,300,5,0.03207536,0.00395337,0.05088190,0E-8,0.000000,0.912219,0.000000,-0.04848366,2026-03-31,2026-08-01,83,4123,1621,124,0.669355,0.205295,0.230786,0.106918,,,,,,,,GLOBAL_BASELINE_NO_ENTITY_RANKING,,,NOT_APPLICABLE_GLOBAL_BASELINE,HF9g-P5,,,,X 全窗基线 · 不参与实体赏罚,15054603,1506,A168_HF9F_20260827_0900,2026-08-27 09:00:00
2026-04-09,92755421,1331,0,202.9797426215,36.5363536719,36.5363536719,0.6000000,5,5,0.50396966000000000,0.503969660000,0.4294742719815242,0.4294742719815242,0.4294742719815242,0E-17,ELIGIBLE,R03b_20260811_FULL_v1,L1_ELIGIBILITY,v2026-08-11,2026-03-21..2026-08-06,baccarat_bet02_101_all_pairs_incl_sentinel,round_win = game_pnl > 0 (decisive only),COMPATIBILITY_ONLY_NOT_PRODUCTION,2500103.8841,2280641.3266,9883.8276,11764,10369,-0.00395337,-0.05088190,-0.00239824,-0.00395337,-9883.8276,2500103.8841,OK,0.0000,395.3531,4.0000,96.0000,AG03-UNRESOLVED,ALL5_LEVELS_bet23_to_bet27,395.3531,395.3531,395.3531,395.3531,395.3531,4.000000,4.000000,4.000000,4.000000,4.000000,96.000000,96.000000,96.000000,96.000000,96.000000,5.0,1976.7655,1824.8244,7907.0621,8059.0032,PENDING_AG03,FALSE,NOT_FOR_ENFORCEMENT,9488.4745,2189415.6736,9883.8276,9488.4745,395.3531,0.00395337,0.00379523,395.3531,9488.4745,0.00379523,395.3531,395.3531,395.3531,395.3531,395.3531,9488.4745,0.00379523,1976.7655,1824.8244,7907.0621,8059.0032,0.00316269,0.00322347,0.00015813,212.5216,219.9480,0.9532,119.0823,2.3972,30121.7335,124.9277,49.0469,238.9093,36.5364,75.9244,374.9013,749.8027,789.266,1183.8989,75.8035,-1.1839,10.395423,15.593133,2.799122,29,215,300,5,0.03207536,0.00395337,0.05088190,0E-8,0.000000,0.912219,0.000000,-0.04848366,2026-03-31,2026-08-01,83,4123,1621,124,0.669355,0.205295,0.230786,0.106918,,,,,,,,GLOBAL_BASELINE_NO_ENTITY_RANKING,,,NOT_APPLICABLE_GLOBAL_BASELINE,HF9g-P5,,,,X 全窗基线 · 不参与实体赏罚,15054604,1506,A168_HF9F_20260827_0900,2026-08-27 09:00:00
2026-04-09,92755421,1401,0,331.6688994437,15.5279503106,15.5279503106,0.5714286,8,7,0.50149176162462740,0.468934171429,0.37007245954811213,0.5433992542480679,0.37007245954811213,0.03255759019562740,ELIGIBLE,R03b_20260811_FULL_v1,L1_ELIGIBILITY,v2026-08-11,2026-03-21..2026-08-06,baccarat_bet02_101_all_pairs_incl_sentinel,round_win = game_pnl > 0 (decisive only),COMPATIBILITY_ONLY_NOT_PRODUCTION,2500103.8841,2280641.3266,9883.8276,11764,10369,-0.00395337,-0.05088190,-0.00239824,-0.00395337,-9883.8276,2500103.8841,OK,0.0000,395.3531,4.0000,96.0000,AG03-UNRESOLVED,ALL5_LEVELS_bet23_to_bet27,395.3531,395.3531,395.3531,395.3531,395.3531,4.000000,4.000000,4.000000,4.000000,4.000000,96.000000,96.000000,96.000000,96.000000,96.000000,5.0,1976.7655,1824.8244,7907.0621,8059.0032,PENDING_AG03,FALSE,NOT_FOR_ENFORCEMENT,9488.4745,2189415.6736,9883.8276,9488.4745,395.3531,0.00395337,0.00379523,395.3531,9488.4745,0.00379523,395.3531,395.3531,395.3531,395.3531,395.3531,9488.4745,0.00379523,1976.7655,1824.8244,7907.0621,8059.0032,0.00316269,0.00322347,0.00015813,212.5216,219.9480,0.9532,119.0823,2.3972,30121.7335,124.9277,49.0469,238.9093,36.5364,75.9244,374.9013,749.8027,789.266,1183.8989,75.8035,-1.1839,10.395423,15.593133,2.799122,29,215,300,5,0.03207536,0.00395337,0.05088190,0E-8,0.000000,0.912219,0.000000,-0.04848366,2026-03-31,2026-08-01,83,4123,1621,124,0.669355,0.205295,0.230786,0.106918,,,,,,,,GLOBAL_BASELINE_NO_ENTITY_RANKING,,,NOT_APPLICABLE_GLOBAL_BASELINE,HF9g-P5,,,,X 全窗基线 · 不参与实体赏罚,15054605,1506,A168_HF9F_20260827_0900,2026-08-27 09:00:00
2026-04-09,92755421,1645,0,188.3652011528,-28.0112044818,-28.0112044818,0.5000000,5,4,0.48936493109761963,0.437295475000,0.042549901885393676,0.2528140363457515,0.042549901885393676,0.05206945609761963,ELIGIBLE,R03b_20260811_FULL_v1,L1_ELIGIBILITY,v2026-08-11,2026-03-21..2026-08-06,baccarat_bet02_101_all_pairs_incl_sentinel,round_win = game_pnl > 0 (decisive only),COMPATIBILITY_ONLY_NOT_PRODUCTION,2500103.8841,2280641.3266,9883.8276,11764,10369,-0.00395337,-0.05088190,-0.00239824,-0.00395337,-9883.8276,2500103.8841,OK,0.0000,395.3531,4.0000,96.0000,AG03-UNRESOLVED,ALL5_LEVELS_bet23_to_bet27,395.3531,395.3531,395.3531,395.3531,395.3531,4.000000,4.000000,4.000000,4.000000,4.000000,96.000000,96.000000,96.000000,96.000000,96.000000,5.0,1976.7655,1824.8244,7907.0621,8059.0032,PENDING_AG03,FALSE,NOT_FOR_ENFORCEMENT,9488.4745,2189415.6736,9883.8276,9488.4745,395.3531,0.00395337,0.00379523,395.3531,9488.4745,0.00379523,395.3531,395.3531,395.3531,395.3531,395.3531,9488.4745,0.00379523,1976.7655,1824.8244,7907.0621,8059.0032,0.00316269,0.00322347,0.00015813,212.5216,219.9480,0.9532,119.0823,2.3972,30121.7335,124.9277,49.0469,238.9093,36.5364,75.9244,374.9013,749.8027,789.266,1183.8989,75.8035,-1.1839,10.395423,15.593133,2.799122,29,215,300,5,0.03207536,0.00395337,0.05088190,0E-8,0.000000,0.912219,0.000000,-0.04848366,2026-03-31,2026-08-01,83,4123,1621,124,0.669355,0.205295,0.230786,0.106918,,,,,,,,GLOBAL_BASELINE_NO_ENTITY_RANKING,,,NOT_APPLICABLE_GLOBAL_BASELINE,HF9g-P5,,,,X 全窗基线 · 不参与实体赏罚,15054606,1506,A168_HF9F_20260827_0900,2026-08-27 09:00:00
2026-04-09,92755421,1702,0,243.5756911458,-2.0297974262,-2.0297974262,0.5000000,6,6,0.49994810000000000,0.499948100000,0.00025425703667063243,0.00025425703667063243,0.00025425703667063243,0E-17,ELIGIBLE,R03b_20260811_FULL_v1,L1_ELIGIBILITY,v2026-08-11,2026-03-21..2026-08-06,baccarat_bet02_101_all_pairs_incl_sentinel,round_win = game_pnl > 0 (decisive only),COMPATIBILITY_ONLY_NOT_PRODUCTION,2500103.8841,2280641.3266,9883.8276,11764,10369,-0.00395337,-0.05088190,-0.00239824,-0.00395337,-9883.8276,2500103.8841,OK,0.0000,395.3531,4.0000,96.0000,AG03-UNRESOLVED,ALL5_LEVELS_bet23_to_bet27,395.3531,395.3531,395.3531,395.3531,395.3531,4.000000,4.000000,4.000000,4.000000,4.000000,96.000000,96.000000,96.000000,96.000000,96.000000,5.0,1976.7655,1824.8244,7907.0621,8059.0032,PENDING_AG03,FALSE,NOT_FOR_ENFORCEMENT,9488.4745,2189415.6736,9883.8276,9488.4745,395.3531,0.00395337,0.00379523,395.3531,9488.4745,0.00379523,395.3531,395.3531,395.3531,395.3531,395.3531,9488.4745,0.00379523,1976.7655,1824.8244,7907.0621,8059.0032,0.00316269,0.00322347,0.00015813,212.5216,219.9480,0.9532,119.0823,2.3972,30121.7335,124.9277,49.0469,238.9093,36.5364,75.9244,374.9013,749.8027,789.266,1183.8989,75.8035,-1.1839,10.395423,15.593133,2.799122,29,215,300,5,0.03207536,0.00395337,0.05088190,0E-8,0.000000,0.912219,0.000000,-0.04848366,2026-03-31,2026-08-01,83,4123,1621,124,0.669355,0.205295,0.230786,0.106918,,,,,,,,GLOBAL_BASELINE_NO_ENTITY_RANKING,,,NOT_APPLICABLE_GLOBAL_BASELINE,HF9g-P5,,,,X 全窗基线 · 不参与实体赏罚,15054607,1506,A168_HF9F_20260827_0900,2026-08-27 09:00:00
2026-04-09,92755421,1942,0,121.7878455729,-2.0297974262,-2.0297974262,0.5000000,3,3,0.50218230000000000,0.502182300000,-0.00617253530718887,-0.00617253530718887,-0.00617253530718887,0E-17,ELIGIBLE,R03b_20260811_FULL_v1,L1_ELIGIBILITY,v2026-08-11,2026-03-21..2026-08-06,baccarat_bet02_101_all_pairs_incl_sentinel,round_win = game_pnl > 0 (decisive only),COMPATIBILITY_ONLY_NOT_PRODUCTION,2500103.8841,2280641.3266,9883.8276,11764,10369,-0.00395337,-0.05088190,-0.00239824,-0.00395337,-9883.8276,2500103.8841,OK,0.0000,395.3531,4.0000,96.0000,AG03-UNRESOLVED,ALL5_LEVELS_bet23_to_bet27,395.3531,395.3531,395.3531,395.3531,395.3531,4.000000,4.000000,4.000000,4.000000,4.000000,96.000000,96.000000,96.000000,96.000000,96.000000,5.0,1976.7655,1824.8244,7907.0621,8059.0032,PENDING_AG03,FALSE,NOT_FOR_ENFORCEMENT,9488.4745,2189415.6736,9883.8276,9488.4745,395.3531,0.00395337,0.00379523,395.3531,9488.4745,0.00379523,395.3531,395.3531,395.3531,395.3531,395.3531,9488.4745,0.00379523,1976.7655,1824.8244,7907.0621,8059.0032,0.00316269,0.00322347,0.00015813,212.5216,219.9480,0.9532,119.0823,2.3972,30121.7335,124.9277,49.0469,238.9093,36.5364,75.9244,374.9013,749.8027,789.266,1183.8989,75.8035,-1.1839,10.395423,15.593133,2.799122,29,215,300,5,0.03207536,0.00395337,0.05088190,0E-8,0.000000,0.912219,0.000000,-0.04848366,2026-03-31,2026-08-01,83,4123,1621,124,0.669355,0.205295,0.230786,0.106918,,,,,,,,GLOBAL_BASELINE_NO_ENTITY_RANKING,,,NOT_APPLICABLE_GLOBAL_BASELINE,HF9g-P5,,,,X 全窗基线 · 不参与实体赏罚,15054608,1506,A168_HF9F_20260827_0900,2026-08-27 09:00:00
2026-04-09,92755421,1963,0,82.0038160193,-1.8268176836,-1.8268176836,0.5000000,5,4,0.49538645961531979,0.440646775000,0.0184549471734971,0.2391035070213683,0.0184549471734971,0.05473968461531979,ELIGIBLE,R03b_20260811_FULL_v1,L1_ELIGIBILITY,v2026-08-11,2026-03-21..2026-08-06,baccarat_bet02_101_all_pairs_incl_sentinel,round_win = game_pnl > 0 (decisive only),COMPATIBILITY_ONLY_NOT_PRODUCTION,2500103.8841,2280641.3266,9883.8276,11764,10369,-0.00395337,-0.05088190,-0.00239824,-0.00395337,-9883.8276,2500103.8841,OK,0.0000,395.3531,4.0000,96.0000,AG03-UNRESOLVED,ALL5_LEVELS_bet23_to_bet27,395.3531,395.3531,395.3531,395.3531,395.3531,4.000000,4.000000,4.000000,4.000000,4.000000,96.000000,96.000000,96.000000,96.000000,96.000000,5.0,1976.7655,1824.8244,7907.0621,8059.0032,PENDING_AG03,FALSE,NOT_FOR_ENFORCEMENT,9488.4745,2189415.6736,9883.8276,9488.4745,395.3531,0.00395337,0.00379523,395.3531,9488.4745,0.00379523,395.3531,395.3531,395.3531,395.3531,395.3531,9488.4745,0.00379523,1976.7655,1824.8244,7907.0621,8059.0032,0.00316269,0.00322347,0.00015813,212.5216,219.9480,0.9532,119.0823,2.3972,30121.7335,124.9277,49.0469,238.9093,36.5364,75.9244,374.9013,749.8027,789.266,1183.8989,75.8035,-1.1839,10.395423,15.593133,2.799122,29,215,300,5,0.03207536,0.00395337,0.05088190,0E-8,0.000000,0.912219,0.000000,-0.04848366,2026-03-31,2026-08-01,83,4123,1621,124,0.669355,0.205295,0.230786,0.106918,,,,,,,,GLOBAL_BASELINE_NO_ENTITY_RANKING,,,NOT_APPLICABLE_GLOBAL_BASELINE,HF9g-P5,,,,X 全窗基线 · 不参与实体赏罚,15054609,1506,A168_HF9F_20260827_0900,2026-08-27 09:00:00
2026-04-09,92755421,1964,0,119.7580481468,-40.5959485244,-40.5959485244,0.5000000,2,2,0.50665070000000000,0.506650700000,-0.018812684590367487,-0.018812684590367487,-0.018812684590367487,0E-17,ELIGIBLE,R03b_20260811_FULL_v1,L1_ELIGIBILITY,v2026-08-11,2026-03-21..2026-08-06,baccarat_bet02_101_all_pairs_incl_sentinel,round_win = game_pnl > 0 (decisive only),COMPATIBILITY_ONLY_NOT_PRODUCTION,2500103.8841,2280641.3266,9883.8276,11764,10369,-0.00395337,-0.05088190,-0.00239824,-0.00395337,-9883.8276,2500103.8841,OK,0.0000,395.3531,4.0000,96.0000,AG03-UNRESOLVED,ALL5_LEVELS_bet23_to_bet27,395.3531,395.3531,395.3531,395.3531,395.3531,4.000000,4.000000,4.000000,4.000000,4.000000,96.000000,96.000000,96.000000,96.000000,96.000000,5.0,1976.7655,1824.8244,7907.0621,8059.0032,PENDING_AG03,FALSE,NOT_FOR_ENFORCEMENT,9488.4745,2189415.6736,9883.8276,9488.4745,395.3531,0.00395337,0.00379523,395.3531,9488.4745,0.00379523,395.3531,395.3531,395.3531,395.3531,395.3531,9488.4745,0.00379523,1976.7655,1824.8244,7907.0621,8059.0032,0.00316269,0.00322347,0.00015813,212.5216,219.9480,0.9532,119.0823,2.3972,30121.7335,124.9277,49.0469,238.9093,36.5364,75.9244,374.9013,749.8027,789.266,1183.8989,75.8035,-1.1839,10.395423,15.593133,2.799122,29,215,300,5,0.03207536,0.00395337,0.05088190,0E-8,0.000000,0.912219,0.000000,-0.04848366,2026-03-31,2026-08-01,83,4123,1621,124,0.669355,0.205295,0.230786,0.106918,,,,,,,,GLOBAL_BASELINE_NO_ENTITY_RANKING,,,NOT_APPLICABLE_GLOBAL_BASELINE,HF9g-P5,,,,X 全窗基线 · 不参与实体赏罚,15054610,1506,A168_HF9F_20260827_0900,2026-08-27 09:00:00
2026-04-09,92755421,1966,0,81.1918970486,-81.1918970486,-81.1918970486,0E-7,2,2,0.50665070000000000,0.506650700000,-1.4331513700195317,-1.4331513700195317,-1.4331513700195317,0E-17,ELIGIBLE,R03b_20260811_FULL_v1,L1_ELIGIBILITY,v2026-08-11,2026-03-21..2026-08-06,baccarat_bet02_101_all_pairs_incl_sentinel,round_win = game_pnl > 0 (decisive only),COMPATIBILITY_ONLY_NOT_PRODUCTION,2500103.8841,2280641.3266,9883.8276,11764,10369,-0.00395337,-0.05088190,-0.00239824,-0.00395337,-9883.8276,2500103.8841,OK,0.0000,395.3531,4.0000,96.0000,AG03-UNRESOLVED,ALL5_LEVELS_bet23_to_bet27,395.3531,395.3531,395.3531,395.3531,395.3531,4.000000,4.000000,4.000000,4.000000,4.000000,96.000000,96.000000,96.000000,96.000000,96.000000,5.0,1976.7655,1824.8244,7907.0621,8059.0032,PENDING_AG03,FALSE,NOT_FOR_ENFORCEMENT,9488.4745,2189415.6736,9883.8276,9488.4745,395.3531,0.00395337,0.00379523,395.3531,9488.4745,0.00379523,395.3531,395.3531,395.3531,395.3531,395.3531,9488.4745,0.00379523,1976.7655,1824.8244,7907.0621,8059.0032,0.00316269,0.00322347,0.00015813,212.5216,219.9480,0.9532,119.0823,2.3972,30121.7335,124.9277,49.0469,238.9093,36.5364,75.9244,374.9013,749.8027,789.266,1183.8989,75.8035,-1.1839,10.395423,15.593133,2.799122,29,215,300,5,0.03207536,0.00395337,0.05088190,0E-8,0.000000,0.912219,0.000000,-0.04848366,2026-03-31,2026-08-01,83,4123,1621,124,0.669355,0.205295,0.230786,0.106918,,,,,,,,GLOBAL_BASELINE_NO_ENTITY_RANKING,,,NOT_APPLICABLE_GLOBAL_BASELINE,HF9g-P5,,,,X 全窗基线 · 不参与实体赏罚,15054611,1506,A168_HF9F_20260827_0900,2026-08-27 09:00:00
2026-04-09,92755421,1990,0,121.7878455729,36.5363536719,36.5363536719,0.6666667,3,3,0.50218230000000000,0.502182300000,0.5697959874915163,0.5697959874915164,0.5697959874915163,0E-17,ELIGIBLE,R03b_20260811_FULL_v1,L1_ELIGIBILITY,v2026-08-11,2026-03-21..2026-08-06,baccarat_bet02_101_all_pairs_incl_sentinel,round_win = game_pnl > 0 (decisive only),COMPATIBILITY_ONLY_NOT_PRODUCTION,2500103.8841,2280641.3266,9883.8276,11764,10369,-0.00395337,-0.05088190,-0.00239824,-0.00395337,-9883.8276,2500103.8841,OK,0.0000,395.3531,4.0000,96.0000,AG03-UNRESOLVED,ALL5_LEVELS_bet23_to_bet27,395.3531,395.3531,395.3531,395.3531,395.3531,4.000000,4.000000,4.000000,4.000000,4.000000,96.000000,96.000000,96.000000,96.000000,96.000000,5.0,1976.7655,1824.8244,7907.0621,8059.0032,PENDING_AG03,FALSE,NOT_FOR_ENFORCEMENT,9488.4745,2189415.6736,9883.8276,9488.4745,395.3531,0.00395337,0.00379523,395.3531,9488.4745,0.00379523,395.3531,395.3531,395.3531,395.3531,395.3531,9488.4745,0.00379523,1976.7655,1824.8244,7907.0621,8059.0032,0.00316269,0.00322347,0.00015813,212.5216,219.9480,0.9532,119.0823,2.3972,30121.7335,124.9277,49.0469,238.9093,36.5364,75.9244,374.9013,749.8027,789.266,1183.8989,75.8035,-1.1839,10.395423,15.593133,2.799122,29,215,300,5,0.03207536,0.00395337,0.05088190,0E-8,0.000000,0.912219,0.000000,-0.04848366,2026-03-31,2026-08-01,83,4123,1621,124,0.669355,0.205295,0.230786,0.106918,,,,,,,,GLOBAL_BASELINE_NO_ENTITY_RANKING,,,NOT_APPLICABLE_GLOBAL_BASELINE,HF9g-P5,,,,X 全窗基线 · 不参与实体赏罚,15054612,1506,A168_HF9F_20260827_0900,2026-08-27 09:00:00
2026-04-09,92755421,1994,0,385.6615109811,54.8045305078,54.8045305078,0.6000000,7,7,0.50090561428571429,0.500905614286,0.44316429220312403,0.4431642922018467,0.44316429220312403,-2.8571E-13,ELIGIBLE,R03b_20260811_FULL_v1,L1_ELIGIBILITY,v2026-08-11,2026-03-21..2026-08-06,baccarat_bet02_101_all_pairs_incl_sentinel,round_win = game_pnl > 0 (decisive only),COMPATIBILITY_ONLY_NOT_PRODUCTION,2500103.8841,2280641.3266,9883.8276,11764,10369,-0.00395337,-0.05088190,-0.00239824,-0.00395337,-9883.8276,2500103.8841,OK,0.0000,395.3531,4.0000,96.0000,AG03-UNRESOLVED,ALL5_LEVELS_bet23_to_bet27,395.3531,395.3531,395.3531,395.3531,395.3531,4.000000,4.000000,4.000000,4.000000,4.000000,96.000000,96.000000,96.000000,96.000000,96.000000,5.0,1976.7655,1824.8244,7907.0621,8059.0032,PENDING_AG03,FALSE,NOT_FOR_ENFORCEMENT,9488.4745,2189415.6736,9883.8276,9488.4745,395.3531,0.00395337,0.00379523,395.3531,9488.4745,0.00379523,395.3531,395.3531,395.3531,395.3531,395.3531,9488.4745,0.00379523,1976.7655,1824.8244,7907.0621,8059.0032,0.00316269,0.00322347,0.00015813,212.5216,219.9480,0.9532,119.0823,2.3972,30121.7335,124.9277,49.0469,238.9093,36.5364,75.9244,374.9013,749.8027,789.266,1183.8989,75.8035,-1.1839,10.395423,15.593133,2.799122,29,215,300,5,0.03207536,0.00395337,0.05088190,0E-8,0.000000,0.912219,0.000000,-0.04848366,2026-03-31,2026-08-01,83,4123,1621,124,0.669355,0.205295,0.230786,0.106918,,,,,,,,GLOBAL_BASELINE_NO_ENTITY_RANKING,,,NOT_APPLICABLE_GLOBAL_BASELINE,HF9g-P5,,,,X 全窗基线 · 不参与实体赏罚,15054613,1506,A168_HF9F_20260827_0900,2026-08-27 09:00:00
2026-04-09,92755421,2093,0,200.9499451953,36.5363536719,36.5363536719,0.6000000,5,5,0.49860758000000000,0.498607580000,0.4534424453485946,0.4534424453485946,0.4534424453485946,0E-17,ELIGIBLE,R03b_20260811_FULL_v1,L1_ELIGIBILITY,v2026-08-11,2026-03-21..2026-08-06,baccarat_bet02_101_all_pairs_incl_sentinel,round_win = game_pnl > 0 (decisive only),COMPATIBILITY_ONLY_NOT_PRODUCTION,2500103.8841,2280641.3266,9883.8276,11764,10369,-0.00395337,-0.05088190,-0.00239824,-0.00395337,-9883.8276,2500103.8841,OK,0.0000,395.3531,4.0000,96.0000,AG03-UNRESOLVED,ALL5_LEVELS_bet23_to_bet27,395.3531,395.3531,395.3531,395.3531,395.3531,4.000000,4.000000,4.000000,4.000000,4.000000,96.000000,96.000000,96.000000,96.000000,96.000000,5.0,1976.7655,1824.8244,7907.0621,8059.0032,PENDING_AG03,FALSE,NOT_FOR_ENFORCEMENT,9488.4745,2189415.6736,9883.8276,9488.4745,395.3531,0.00395337,0.00379523,395.3531,9488.4745,0.00379523,395.3531,395.3531,395.3531,395.3531,395.3531,9488.4745,0.00379523,1976.7655,1824.8244,7907.0621,8059.0032,0.00316269,0.00322347,0.00015813,212.5216,219.9480,0.9532,119.0823,2.3972,30121.7335,124.9277,49.0469,238.9093,36.5364,75.9244,374.9013,749.8027,789.266,1183.8989,75.8035,-1.1839,10.395423,15.593133,2.799122,29,215,300,5,0.03207536,0.00395337,0.05088190,0E-8,0.000000,0.912219,0.000000,-0.04848366,2026-03-31,2026-08-01,83,4123,1621,124,0.669355,0.205295,0.230786,0.106918,,,,,,,,GLOBAL_BASELINE_NO_ENTITY_RANKING,,,NOT_APPLICABLE_GLOBAL_BASELINE,HF9g-P5,,,,X 全窗基线 · 不参与实体赏罚,15054614,1506,A168_HF9F_20260827_0900,2026-08-27 09:00:00
2026-04-09,92755421,2121,0,198.9201477692,-36.5363536719,-36.5363536719,0.5000000,5,5,0.49860758000000000,0.498607580000,0.005569701597489473,0.005569701597489473,0.005569701597489473,0E-17,ELIGIBLE,R03b_20260811_FULL_v1,L1_ELIGIBILITY,v2026-08-11,2026-03-21..2026-08-06,baccarat_bet02_101_all_pairs_incl_sentinel,round_win = game_pnl > 0 (decisive only),COMPATIBILITY_ONLY_NOT_PRODUCTION,2500103.8841,2280641.3266,9883.8276,11764,10369,-0.00395337,-0.05088190,-0.00239824,-0.00395337,-9883.8276,2500103.8841,OK,0.0000,395.3531,4.0000,96.0000,AG03-UNRESOLVED,ALL5_LEVELS_bet23_to_bet27,395.3531,395.3531,395.3531,395.3531,395.3531,4.000000,4.000000,4.000000,4.000000,4.000000,96.000000,96.000000,96.000000,96.000000,96.000000,5.0,1976.7655,1824.8244,7907.0621,8059.0032,PENDING_AG03,FALSE,NOT_FOR_ENFORCEMENT,9488.4745,2189415.6736,9883.8276,9488.4745,395.3531,0.00395337,0.00379523,395.3531,9488.4745,0.00379523,395.3531,395.3531,395.3531,395.3531,395.3531,9488.4745,0.00379523,1976.7655,1824.8244,7907.0621,8059.0032,0.00316269,0.00322347,0.00015813,212.5216,219.9480,0.9532,119.0823,2.3972,30121.7335,124.9277,49.0469,238.9093,36.5364,75.9244,374.9013,749.8027,789.266,1183.8989,75.8035,-1.1839,10.395423,15.593133,2.799122,29,215,300,5,0.03207536,0.00395337,0.05088190,0E-8,0.000000,0.912219,0.000000,-0.04848366,2026-03-31,2026-08-01,83,4123,1621,124,0.669355,0.205295,0.230786,0.106918,,,,,,,,GLOBAL_BASELINE_NO_ENTITY_RANKING,,,NOT_APPLICABLE_GLOBAL_BASELINE,HF9g-P5,,,,X 全窗基线 · 不参与实体赏罚,15054615,1506,A168_HF9F_20260827_0900,2026-08-27 09:00:00
2026-04-09,92755421,2127,0,121.7878455729,38.5661510981,38.5661510981,0.6666667,3,3,0.49771390000000000,0.497713900000,0.5852756695216578,0.5852756695216578,0.5852756695216578,0E-17,ELIGIBLE,R03b_20260811_FULL_v1,L1_ELIGIBILITY,v2026-08-11,2026-03-21..2026-08-06,baccarat_bet02_101_all_pairs_incl_sentinel,round_win = game_pnl > 0 (decisive only),COMPATIBILITY_ONLY_NOT_PRODUCTION,2500103.8841,2280641.3266,9883.8276,11764,10369,-0.00395337,-0.05088190,-0.00239824,-0.00395337,-9883.8276,2500103.8841,OK,0.0000,395.3531,4.0000,96.0000,AG03-UNRESOLVED,ALL5_LEVELS_bet23_to_bet27,395.3531,395.3531,395.3531,395.3531,395.3531,4.000000,4.000000,4.000000,4.000000,4.000000,96.000000,96.000000,96.000000,96.000000,96.000000,5.0,1976.7655,1824.8244,7907.0621,8059.0032,PENDING_AG03,FALSE,NOT_FOR_ENFORCEMENT,9488.4745,2189415.6736,9883.8276,9488.4745,395.3531,0.00395337,0.00379523,395.3531,9488.4745,0.00379523,395.3531,395.3531,395.3531,395.3531,395.3531,9488.4745,0.00379523,1976.7655,1824.8244,7907.0621,8059.0032,0.00316269,0.00322347,0.00015813,212.5216,219.9480,0.9532,119.0823,2.3972,30121.7335,124.9277,49.0469,238.9093,36.5364,75.9244,374.9013,749.8027,789.266,1183.8989,75.8035,-1.1839,10.395423,15.593133,2.799122,29,215,300,5,0.03207536,0.00395337,0.05088190,0E-8,0.000000,0.912219,0.000000,-0.04848366,2026-03-31,2026-08-01,83,4123,1621,124,0.669355,0.205295,0.230786,0.106918,,,,,,,,GLOBAL_BASELINE_NO_ENTITY_RANKING,,,NOT_APPLICABLE_GLOBAL_BASELINE,HF9g-P5,,,,X 全窗基线 · 不参与实体赏罚,15054616,1506,A168_HF9F_20260827_0900,2026-08-27 09:00:00
2026-04-09,92755421,2130,0,150.2050095400,-71.0429099176,-71.0429099176,0.2500000,4,4,0.50665070000000000,0.506650700000,-1.0266936290537745,-1.0266936290537745,-1.0266936290537745,0E-17,ELIGIBLE,R03b_20260811_FULL_v1,L1_ELIGIBILITY,v2026-08-11,2026-03-21..2026-08-06,baccarat_bet02_101_all_pairs_incl_sentinel,round_win = game_pnl > 0 (decisive only),COMPATIBILITY_ONLY_NOT_PRODUCTION,2500103.8841,2280641.3266,9883.8276,11764,10369,-0.00395337,-0.05088190,-0.00239824,-0.00395337,-9883.8276,2500103.8841,OK,0.0000,395.3531,4.0000,96.0000,AG03-UNRESOLVED,ALL5_LEVELS_bet23_to_bet27,395.3531,395.3531,395.3531,395.3531,395.3531,4.000000,4.000000,4.000000,4.000000,4.000000,96.000000,96.000000,96.000000,96.000000,96.000000,5.0,1976.7655,1824.8244,7907.0621,8059.0032,PENDING_AG03,FALSE,NOT_FOR_ENFORCEMENT,9488.4745,2189415.6736,9883.8276,9488.4745,395.3531,0.00395337,0.00379523,395.3531,9488.4745,0.00379523,395.3531,395.3531,395.3531,395.3531,395.3531,9488.4745,0.00379523,1976.7655,1824.8244,7907.0621,8059.0032,0.00316269,0.00322347,0.00015813,212.5216,219.9480,0.9532,119.0823,2.3972,30121.7335,124.9277,49.0469,238.9093,36.5364,75.9244,374.9013,749.8027,789.266,1183.8989,75.8035,-1.1839,10.395423,15.593133,2.799122,29,215,300,5,0.03207536,0.00395337,0.05088190,0E-8,0.000000,0.912219,0.000000,-0.04848366,2026-03-31,2026-08-01,83,4123,1621,124,0.669355,0.205295,0.230786,0.106918,,,,,,,,GLOBAL_BASELINE_NO_ENTITY_RANKING,,,NOT_APPLICABLE_GLOBAL_BASELINE,HF9g-P5,,,,X 全窗基线 · 不参与实体赏罚,15054617,1506,A168_HF9F_20260827_0900,2026-08-27 09:00:00
2026-04-09,92755421,2151,0,119.7580481467,-40.5959485243,-40.5959485243,0.3333333,3,3,0.50218230000000000,0.502182300000,-0.5849155494134425,-0.5849155494134426,-0.5849155494134425,0E-17,ELIGIBLE,R03b_20260811_FULL_v1,L1_ELIGIBILITY,v2026-08-11,2026-03-21..2026-08-06,baccarat_bet02_101_all_pairs_incl_sentinel,round_win = game_pnl > 0 (decisive only),COMPATIBILITY_ONLY_NOT_PRODUCTION,2500103.8841,2280641.3266,9883.8276,11764,10369,-0.00395337,-0.05088190,-0.00239824,-0.00395337,-9883.8276,2500103.8841,OK,0.0000,395.3531,4.0000,96.0000,AG03-UNRESOLVED,ALL5_LEVELS_bet23_to_bet27,395.3531,395.3531,395.3531,395.3531,395.3531,4.000000,4.000000,4.000000,4.000000,4.000000,96.000000,96.000000,96.000000,96.000000,96.000000,5.0,1976.7655,1824.8244,7907.0621,8059.0032,PENDING_AG03,FALSE,NOT_FOR_ENFORCEMENT,9488.4745,2189415.6736,9883.8276,9488.4745,395.3531,0.00395337,0.00379523,395.3531,9488.4745,0.00379523,395.3531,395.3531,395.3531,395.3531,395.3531,9488.4745,0.00379523,1976.7655,1824.8244,7907.0621,8059.0032,0.00316269,0.00322347,0.00015813,212.5216,219.9480,0.9532,119.0823,2.3972,30121.7335,124.9277,49.0469,238.9093,36.5364,75.9244,374.9013,749.8027,789.266,1183.8989,75.8035,-1.1839,10.395423,15.593133,2.799122,29,215,300,5,0.03207536,0.00395337,0.05088190,0E-8,0.000000,0.912219,0.000000,-0.04848366,2026-03-31,2026-08-01,83,4123,1621,124,0.669355,0.205295,0.230786,0.106918,,,,,,,,GLOBAL_BASELINE_NO_ENTITY_RANKING,,,NOT_APPLICABLE_GLOBAL_BASELINE,HF9g-P5,,,,X 全窗基线 · 不参与实体赏罚,15054618,1506,A168_HF9F_20260827_0900,2026-08-27 09:00:00
2026-04-09,92755421,2152,0,20.2979742622,-20.2979742622,-20.2979742622,0E-7,1,1,0.49324550000000000,0.493245500000,-0.9865810262130424,-0.9865810262130424,-0.9865810262130424,0E-17,ELIGIBLE,R03b_20260811_FULL_v1,L1_ELIGIBILITY,v2026-08-11,2026-03-21..2026-08-06,baccarat_bet02_101_all_pairs_incl_sentinel,round_win = game_pnl > 0 (decisive only),COMPATIBILITY_ONLY_NOT_PRODUCTION,2500103.8841,2280641.3266,9883.8276,11764,10369,-0.00395337,-0.05088190,-0.00239824,-0.00395337,-9883.8276,2500103.8841,OK,0.0000,395.3531,4.0000,96.0000,AG03-UNRESOLVED,ALL5_LEVELS_bet23_to_bet27,395.3531,395.3531,395.3531,395.3531,395.3531,4.000000,4.000000,4.000000,4.000000,4.000000,96.000000,96.000000,96.000000,96.000000,96.000000,5.0,1976.7655,1824.8244,7907.0621,8059.0032,PENDING_AG03,FALSE,NOT_FOR_ENFORCEMENT,9488.4745,2189415.6736,9883.8276,9488.4745,395.3531,0.00395337,0.00379523,395.3531,9488.4745,0.00379523,395.3531,395.3531,395.3531,395.3531,395.3531,9488.4745,0.00379523,1976.7655,1824.8244,7907.0621,8059.0032,0.00316269,0.00322347,0.00015813,212.5216,219.9480,0.9532,119.0823,2.3972,30121.7335,124.9277,49.0469,238.9093,36.5364,75.9244,374.9013,749.8027,789.266,1183.8989,75.8035,-1.1839,10.395423,15.593133,2.799122,29,215,300,5,0.03207536,0.00395337,0.05088190,0E-8,0.000000,0.912219,0.000000,-0.04848366,2026-03-31,2026-08-01,83,4123,1621,124,0.669355,0.205295,0.230786,0.106918,,,,,,,,GLOBAL_BASELINE_NO_ENTITY_RANKING,,,NOT_APPLICABLE_GLOBAL_BASELINE,HF9g-P5,,,,X 全窗基线 · 不参与实体赏罚,15054619,1506,A168_HF9F_20260827_0900,2026-08-27 09:00:00
2026-04-09,92755421,2155,0,164.4135915234,-6.0893922786,-6.0893922786,0.5000000,5,4,0.49765165476194451,0.443998075000,0.009393484557768284,0.2254261324578906,0.009393484557768284,0.05365357976194451,ELIGIBLE,R03b_20260811_FULL_v1,L1_ELIGIBILITY,v2026-08-11,2026-03-21..2026-08-06,baccarat_bet02_101_all_pairs_incl_sentinel,round_win = game_pnl > 0 (decisive only),COMPATIBILITY_ONLY_NOT_PRODUCTION,2500103.8841,2280641.3266,9883.8276,11764,10369,-0.00395337,-0.05088190,-0.00239824,-0.00395337,-9883.8276,2500103.8841,OK,0.0000,395.3531,4.0000,96.0000,AG03-UNRESOLVED,ALL5_LEVELS_bet23_to_bet27,395.3531,395.3531,395.3531,395.3531,395.3531,4.000000,4.000000,4.000000,4.000000,4.000000,96.000000,96.000000,96.000000,96.000000,96.000000,5.0,1976.7655,1824.8244,7907.0621,8059.0032,PENDING_AG03,FALSE,NOT_FOR_ENFORCEMENT,9488.4745,2189415.6736,9883.8276,9488.4745,395.3531,0.00395337,0.00379523,395.3531,9488.4745,0.00379523,395.3531,395.3531,395.3531,395.3531,395.3531,9488.4745,0.00379523,1976.7655,1824.8244,7907.0621,8059.0032,0.00316269,0.00322347,0.00015813,212.5216,219.9480,0.9532,119.0823,2.3972,30121.7335,124.9277,49.0469,238.9093,36.5364,75.9244,374.9013,749.8027,789.266,1183.8989,75.8035,-1.1839,10.395423,15.593133,2.799122,29,215,300,5,0.03207536,0.00395337,0.05088190,0E-8,0.000000,0.912219,0.000000,-0.04848366,2026-03-31,2026-08-01,83,4123,1621,124,0.669355,0.205295,0.230786,0.106918,,,,,,,,GLOBAL_BASELINE_NO_ENTITY_RANKING,,,NOT_APPLICABLE_GLOBAL_BASELINE,HF9g-P5,,,,X 全窗基线 · 不参与实体赏罚,15054620,1506,A168_HF9F_20260827_0900,2026-08-27 09:00:00
2026-04-09,92755421,2175,0,330.4510209880,-77.2540900418,-77.2540900418,0.3750000,11,9,0.49568172314135145,0.447980544444,-0.682704380343412,-0.41509291777546814,-0.682704380343412,0.04770117869735145,ELIGIBLE,R03b_20260811_FULL_v1,L1_ELIGIBILITY,v2026-08-11,2026-03-21..2026-08-06,baccarat_bet02_101_all_pairs_incl_sentinel,round_win = game_pnl > 0 (decisive only),COMPATIBILITY_ONLY_NOT_PRODUCTION,2500103.8841,2280641.3266,9883.8276,11764,10369,-0.00395337,-0.05088190,-0.00239824,-0.00395337,-9883.8276,2500103.8841,OK,0.0000,395.3531,4.0000,96.0000,AG03-UNRESOLVED,ALL5_LEVELS_bet23_to_bet27,395.3531,395.3531,395.3531,395.3531,395.3531,4.000000,4.000000,4.000000,4.000000,4.000000,96.000000,96.000000,96.000000,96.000000,96.000000,5.0,1976.7655,1824.8244,7907.0621,8059.0032,PENDING_AG03,FALSE,NOT_FOR_ENFORCEMENT,9488.4745,2189415.6736,9883.8276,9488.4745,395.3531,0.00395337,0.00379523,395.3531,9488.4745,0.00379523,395.3531,395.3531,395.3531,395.3531,395.3531,9488.4745,0.00379523,1976.7655,1824.8244,7907.0621,8059.0032,0.00316269,0.00322347,0.00015813,212.5216,219.9480,0.9532,119.0823,2.3972,30121.7335,124.9277,49.0469,238.9093,36.5364,75.9244,374.9013,749.8027,789.266,1183.8989,75.8035,-1.1839,10.395423,15.593133,2.799122,29,215,300,5,0.03207536,0.00395337,0.05088190,0E-8,0.000000,0.912219,0.000000,-0.04848366,2026-03-31,2026-08-01,83,4123,1621,124,0.669355,0.205295,0.230786,0.106918,,,,,,,,GLOBAL_BASELINE_NO_ENTITY_RANKING,,,NOT_APPLICABLE_GLOBAL_BASELINE,HF9g-P5,,,,X 全窗基线 · 不参与实体赏罚,15054621,1506,A168_HF9F_20260827_0900,2026-08-27 09:00:00
2026-04-09,92755421,2177,0,125.0355214549,-45.8734218325,-45.8734218325,0.2500000,5,4,0.49253543437519021,0.440646775000,-0.9702498676667403,-0.7680174498489967,-0.9702498676667403,0.05188865937519021,ELIGIBLE,R03b_20260811_FULL_v1,L1_ELIGIBILITY,v2026-08-11,2026-03-21..2026-08-06,baccarat_bet02_101_all_pairs_incl_sentinel,round_win = game_pnl > 0 (decisive only),COMPATIBILITY_ONLY_NOT_PRODUCTION,2500103.8841,2280641.3266,9883.8276,11764,10369,-0.00395337,-0.05088190,-0.00239824,-0.00395337,-9883.8276,2500103.8841,OK,0.0000,395.3531,4.0000,96.0000,AG03-UNRESOLVED,ALL5_LEVELS_bet23_to_bet27,395.3531,395.3531,395.3531,395.3531,395.3531,4.000000,4.000000,4.000000,4.000000,4.000000,96.000000,96.000000,96.000000,96.000000,96.000000,5.0,1976.7655,1824.8244,7907.0621,8059.0032,PENDING_AG03,FALSE,NOT_FOR_ENFORCEMENT,9488.4745,2189415.6736,9883.8276,9488.4745,395.3531,0.00395337,0.00379523,395.3531,9488.4745,0.00379523,395.3531,395.3531,395.3531,395.3531,395.3531,9488.4745,0.00379523,1976.7655,1824.8244,7907.0621,8059.0032,0.00316269,0.00322347,0.00015813,212.5216,219.9480,0.9532,119.0823,2.3972,30121.7335,124.9277,49.0469,238.9093,36.5364,75.9244,374.9013,749.8027,789.266,1183.8989,75.8035,-1.1839,10.395423,15.593133,2.799122,29,215,300,5,0.03207536,0.00395337,0.05088190,0E-8,0.000000,0.912219,0.000000,-0.04848366,2026-03-31,2026-08-01,83,4123,1621,124,0.669355,0.205295,0.230786,0.106918,,,,,,,,GLOBAL_BASELINE_NO_ENTITY_RANKING,,,NOT_APPLICABLE_GLOBAL_BASELINE,HF9g-P5,,,,X 全窗基线 · 不参与实体赏罚,15054622,1506,A168_HF9F_20260827_0900,2026-08-27 09:00:00
2026-04-09,92755421,2188,0,243.5756911460,-43.6406446636,-43.6406446636,0.6000000,6,6,0.50218230000000000,0.502182300000,0.4374582199563857,0.4374582199563857,0.4374582199563857,0E-17,ELIGIBLE,R03b_20260811_FULL_v1,L1_ELIGIBILITY,v2026-08-11,2026-03-21..2026-08-06,baccarat_bet02_101_all_pairs_incl_sentinel,round_win = game_pnl > 0 (decisive only),COMPATIBILITY_ONLY_NOT_PRODUCTION,2500103.8841,2280641.3266,9883.8276,11764,10369,-0.00395337,-0.05088190,-0.00239824,-0.00395337,-9883.8276,2500103.8841,OK,0.0000,395.3531,4.0000,96.0000,AG03-UNRESOLVED,ALL5_LEVELS_bet23_to_bet27,395.3531,395.3531,395.3531,395.3531,395.3531,4.000000,4.000000,4.000000,4.000000,4.000000,96.000000,96.000000,96.000000,96.000000,96.000000,5.0,1976.7655,1824.8244,7907.0621,8059.0032,PENDING_AG03,FALSE,NOT_FOR_ENFORCEMENT,9488.4745,2189415.6736,9883.8276,9488.4745,395.3531,0.00395337,0.00379523,395.3531,9488.4745,0.00379523,395.3531,395.3531,395.3531,395.3531,395.3531,9488.4745,0.00379523,1976.7655,1824.8244,7907.0621,8059.0032,0.00316269,0.00322347,0.00015813,212.5216,219.9480,0.9532,119.0823,2.3972,30121.7335,124.9277,49.0469,238.9093,36.5364,75.9244,374.9013,749.8027,789.266,1183.8989,75.8035,-1.1839,10.395423,15.593133,2.799122,29,215,300,5,0.03207536,0.00395337,0.05088190,0E-8,0.000000,0.912219,0.000000,-0.04848366,2026-03-31,2026-08-01,83,4123,1621,124,0.669355,0.205295,0.230786,0.106918,,,,,,,,GLOBAL_BASELINE_NO_ENTITY_RANKING,,,NOT_APPLICABLE_GLOBAL_BASELINE,HF9g-P5,,,,X 全窗基线 · 不参与实体赏罚,15054623,1506,A168_HF9F_20260827_0900,2026-08-27 09:00:00
2026-04-09,92755421,2196,0,142.0858198352,-40.5959485244,-40.5959485244,0.2500000,5,5,0.49860758000000000,0.498607580000,-0.9944341760919779,-0.9944341760919779,-0.9944341760919779,0E-17,ELIGIBLE,R03b_20260811_FULL_v1,L1_ELIGIBILITY,v2026-08-11,2026-03-21..2026-08-06,baccarat_bet02_101_all_pairs_incl_sentinel,round_win = game_pnl > 0 (decisive only),COMPATIBILITY_ONLY_NOT_PRODUCTION,2500103.8841,2280641.3266,9883.8276,11764,10369,-0.00395337,-0.05088190,-0.00239824,-0.00395337,-9883.8276,2500103.8841,OK,0.0000,395.3531,4.0000,96.0000,AG03-UNRESOLVED,ALL5_LEVELS_bet23_to_bet27,395.3531,395.3531,395.3531,395.3531,395.3531,4.000000,4.000000,4.000000,4.000000,4.000000,96.000000,96.000000,96.000000,96.000000,96.000000,5.0,1976.7655,1824.8244,7907.0621,8059.0032,PENDING_AG03,FALSE,NOT_FOR_ENFORCEMENT,9488.4745,2189415.6736,9883.8276,9488.4745,395.3531,0.00395337,0.00379523,395.3531,9488.4745,0.00379523,395.3531,395.3531,395.3531,395.3531,395.3531,9488.4745,0.00379523,1976.7655,1824.8244,7907.0621,8059.0032,0.00316269,0.00322347,0.00015813,212.5216,219.9480,0.9532,119.0823,2.3972,30121.7335,124.9277,49.0469,238.9093,36.5364,75.9244,374.9013,749.8027,789.266,1183.8989,75.8035,-1.1839,10.395423,15.593133,2.799122,29,215,300,5,0.03207536,0.00395337,0.05088190,0E-8,0.000000,0.912219,0.000000,-0.04848366,2026-03-31,2026-08-01,83,4123,1621,124,0.669355,0.205295,0.230786,0.106918,,,,,,,,GLOBAL_BASELINE_NO_ENTITY_RANKING,,,NOT_APPLICABLE_GLOBAL_BASELINE,HF9g-P5,,,,X 全窗基线 · 不参与实体赏罚,15054624,1506,A168_HF9F_20260827_0900,2026-08-27 09:00:00
2026-04-09,92755421,2223,0,40.5959485244,0E-10,0E-10,0.5000000,2,2,0.49994810000000000,0.499948100000,0.00014679536856514622,0.00014679536856514622,0.00014679536856514622,0E-17,ELIGIBLE,R03b_20260811_FULL_v1,L1_ELIGIBILITY,v2026-08-11,2026-03-21..2026-08-06,baccarat_bet02_101_all_pairs_incl_sentinel,round_win = game_pnl > 0 (decisive only),COMPATIBILITY_ONLY_NOT_PRODUCTION,2500103.8841,2280641.3266,9883.8276,11764,10369,-0.00395337,-0.05088190,-0.00239824,-0.00395337,-9883.8276,2500103.8841,OK,0.0000,395.3531,4.0000,96.0000,AG03-UNRESOLVED,ALL5_LEVELS_bet23_to_bet27,395.3531,395.3531,395.3531,395.3531,395.3531,4.000000,4.000000,4.000000,4.000000,4.000000,96.000000,96.000000,96.000000,96.000000,96.000000,5.0,1976.7655,1824.8244,7907.0621,8059.0032,PENDING_AG03,FALSE,NOT_FOR_ENFORCEMENT,9488.4745,2189415.6736,9883.8276,9488.4745,395.3531,0.00395337,0.00379523,395.3531,9488.4745,0.00379523,395.3531,395.3531,395.3531,395.3531,395.3531,9488.4745,0.00379523,1976.7655,1824.8244,7907.0621,8059.0032,0.00316269,0.00322347,0.00015813,212.5216,219.9480,0.9532,119.0823,2.3972,30121.7335,124.9277,49.0469,238.9093,36.5364,75.9244,374.9013,749.8027,789.266,1183.8989,75.8035,-1.1839,10.395423,15.593133,2.799122,29,215,300,5,0.03207536,0.00395337,0.05088190,0E-8,0.000000,0.912219,0.000000,-0.04848366,2026-03-31,2026-08-01,83,4123,1621,124,0.669355,0.205295,0.230786,0.106918,,,,,,,,GLOBAL_BASELINE_NO_ENTITY_RANKING,,,NOT_APPLICABLE_GLOBAL_BASELINE,HF9g-P5,,,,X 全窗基线 · 不参与实体赏罚,15054625,1506,A168_HF9F_20260827_0900,2026-08-27 09:00:00
2026-04-09,92755421,2229,0,121.7878455729,38.5661510981,38.5661510981,0.6666667,3,3,0.50218230000000000,0.502182300000,0.5697959874915163,0.5697959874915164,0.5697959874915163,0E-17,ELIGIBLE,R03b_20260811_FULL_v1,L1_ELIGIBILITY,v2026-08-11,2026-03-21..2026-08-06,baccarat_bet02_101_all_pairs_incl_sentinel,round_win = game_pnl > 0 (decisive only),COMPATIBILITY_ONLY_NOT_PRODUCTION,2500103.8841,2280641.3266,9883.8276,11764,10369,-0.00395337,-0.05088190,-0.00239824,-0.00395337,-9883.8276,2500103.8841,OK,0.0000,395.3531,4.0000,96.0000,AG03-UNRESOLVED,ALL5_LEVELS_bet23_to_bet27,395.3531,395.3531,395.3531,395.3531,395.3531,4.000000,4.000000,4.000000,4.000000,4.000000,96.000000,96.000000,96.000000,96.000000,96.000000,5.0,1976.7655,1824.8244,7907.0621,8059.0032,PENDING_AG03,FALSE,NOT_FOR_ENFORCEMENT,9488.4745,2189415.6736,9883.8276,9488.4745,395.3531,0.00395337,0.00379523,395.3531,9488.4745,0.00379523,395.3531,395.3531,395.3531,395.3531,395.3531,9488.4745,0.00379523,1976.7655,1824.8244,7907.0621,8059.0032,0.00316269,0.00322347,0.00015813,212.5216,219.9480,0.9532,119.0823,2.3972,30121.7335,124.9277,49.0469,238.9093,36.5364,75.9244,374.9013,749.8027,789.266,1183.8989,75.8035,-1.1839,10.395423,15.593133,2.799122,29,215,300,5,0.03207536,0.00395337,0.05088190,0E-8,0.000000,0.912219,0.000000,-0.04848366,2026-03-31,2026-08-01,83,4123,1621,124,0.669355,0.205295,0.230786,0.106918,,,,,,,,GLOBAL_BASELINE_NO_ENTITY_RANKING,,,NOT_APPLICABLE_GLOBAL_BASELINE,HF9g-P5,,,,X 全窗基线 · 不参与实体赏罚,15054626,1506,A168_HF9F_20260827_0900,2026-08-27 09:00:00
2026-04-09,92755421,2241,0,103.5196687372,16.2383794098,16.2383794098,0.6000000,6,5,0.49266297272734999,0.453847560000,0.4800774687825287,0.6564159584284724,0.4800774687825287,0.03881541272734999,ELIGIBLE,R03b_20260811_FULL_v1,L1_ELIGIBILITY,v2026-08-11,2026-03-21..2026-08-06,baccarat_bet02_101_all_pairs_incl_sentinel,round_win = game_pnl > 0 (decisive only),COMPATIBILITY_ONLY_NOT_PRODUCTION,2500103.8841,2280641.3266,9883.8276,11764,10369,-0.00395337,-0.05088190,-0.00239824,-0.00395337,-9883.8276,2500103.8841,OK,0.0000,395.3531,4.0000,96.0000,AG03-UNRESOLVED,ALL5_LEVELS_bet23_to_bet27,395.3531,395.3531,395.3531,395.3531,395.3531,4.000000,4.000000,4.000000,4.000000,4.000000,96.000000,96.000000,96.000000,96.000000,96.000000,5.0,1976.7655,1824.8244,7907.0621,8059.0032,PENDING_AG03,FALSE,NOT_FOR_ENFORCEMENT,9488.4745,2189415.6736,9883.8276,9488.4745,395.3531,0.00395337,0.00379523,395.3531,9488.4745,0.00379523,395.3531,395.3531,395.3531,395.3531,395.3531,9488.4745,0.00379523,1976.7655,1824.8244,7907.0621,8059.0032,0.00316269,0.00322347,0.00015813,212.5216,219.9480,0.9532,119.0823,2.3972,30121.7335,124.9277,49.0469,238.9093,36.5364,75.9244,374.9013,749.8027,789.266,1183.8989,75.8035,-1.1839,10.395423,15.593133,2.799122,29,215,300,5,0.03207536,0.00395337,0.05088190,0E-8,0.000000,0.912219,0.000000,-0.04848366,2026-03-31,2026-08-01,83,4123,1621,124,0.669355,0.205295,0.230786,0.106918,,,,,,,,GLOBAL_BASELINE_NO_ENTITY_RANKING,,,NOT_APPLICABLE_GLOBAL_BASELINE,HF9g-P5,,,,X 全窗基线 · 不参与实体赏罚,15054627,1506,A168_HF9F_20260827_0900,2026-08-27 09:00:00
2026-04-09,92755421,2242,0,280.1120448178,-40.5959485243,-40.5959485243,0.4000000,5,5,0.49860758000000000,0.498607580000,-0.440988213962219,-0.440988213962219,-0.440988213962219,0E-17,ELIGIBLE,R03b_20260811_FULL_v1,L1_ELIGIBILITY,v2026-08-11,2026-03-21..2026-08-06,baccarat_bet02_101_all_pairs_incl_sentinel,round_win = game_pnl > 0 (decisive only),COMPATIBILITY_ONLY_NOT_PRODUCTION,2500103.8841,2280641.3266,9883.8276,11764,10369,-0.00395337,-0.05088190,-0.00239824,-0.00395337,-9883.8276,2500103.8841,OK,0.0000,395.3531,4.0000,96.0000,AG03-UNRESOLVED,ALL5_LEVELS_bet23_to_bet27,395.3531,395.3531,395.3531,395.3531,395.3531,4.000000,4.000000,4.000000,4.000000,4.000000,96.000000,96.000000,96.000000,96.000000,96.000000,5.0,1976.7655,1824.8244,7907.0621,8059.0032,PENDING_AG03,FALSE,NOT_FOR_ENFORCEMENT,9488.4745,2189415.6736,9883.8276,9488.4745,395.3531,0.00395337,0.00379523,395.3531,9488.4745,0.00379523,395.3531,395.3531,395.3531,395.3531,395.3531,9488.4745,0.00379523,1976.7655,1824.8244,7907.0621,8059.0032,0.00316269,0.00322347,0.00015813,212.5216,219.9480,0.9532,119.0823,2.3972,30121.7335,124.9277,49.0469,238.9093,36.5364,75.9244,374.9013,749.8027,789.266,1183.8989,75.8035,-1.1839,10.395423,15.593133,2.799122,29,215,300,5,0.03207536,0.00395337,0.05088190,0E-8,0.000000,0.912219,0.000000,-0.04848366,2026-03-31,2026-08-01,83,4123,1621,124,0.669355,0.205295,0.230786,0.106918,,,,,,,,GLOBAL_BASELINE_NO_ENTITY_RANKING,,,NOT_APPLICABLE_GLOBAL_BASELINE,HF9g-P5,,,,X 全窗基线 · 不参与实体赏罚,15054628,1506,A168_HF9F_20260827_0900,2026-08-27 09:00:00
2026-04-09,92755421,2244,0,324.7675881944,115.6984532943,115.6984532943,0.7142857,8,8,0.49994810000000000,0.499948100000,1.134168054123783,1.134168054123783,1.134168054123783,0E-17,ELIGIBLE,R03b_20260811_FULL_v1,L1_ELIGIBILITY,v2026-08-11,2026-03-21..2026-08-06,baccarat_bet02_101_all_pairs_incl_sentinel,round_win = game_pnl > 0 (decisive only),COMPATIBILITY_ONLY_NOT_PRODUCTION,2500103.8841,2280641.3266,9883.8276,11764,10369,-0.00395337,-0.05088190,-0.00239824,-0.00395337,-9883.8276,2500103.8841,OK,0.0000,395.3531,4.0000,96.0000,AG03-UNRESOLVED,ALL5_LEVELS_bet23_to_bet27,395.3531,395.3531,395.3531,395.3531,395.3531,4.000000,4.000000,4.000000,4.000000,4.000000,96.000000,96.000000,96.000000,96.000000,96.000000,5.0,1976.7655,1824.8244,7907.0621,8059.0032,PENDING_AG03,FALSE,NOT_FOR_ENFORCEMENT,9488.4745,2189415.6736,9883.8276,9488.4745,395.3531,0.00395337,0.00379523,395.3531,9488.4745,0.00379523,395.3531,395.3531,395.3531,395.3531,395.3531,9488.4745,0.00379523,1976.7655,1824.8244,7907.0621,8059.0032,0.00316269,0.00322347,0.00015813,212.5216,219.9480,0.9532,119.0823,2.3972,30121.7335,124.9277,49.0469,238.9093,36.5364,75.9244,374.9013,749.8027,789.266,1183.8989,75.8035,-1.1839,10.395423,15.593133,2.799122,29,215,300,5,0.03207536,0.00395337,0.05088190,0E-8,0.000000,0.912219,0.000000,-0.04848366,2026-03-31,2026-08-01,83,4123,1621,124,0.669355,0.205295,0.230786,0.106918,,,,,,,,GLOBAL_BASELINE_NO_ENTITY_RANKING,,,NOT_APPLICABLE_GLOBAL_BASELINE,HF9g-P5,,,,X 全窗基线 · 不参与实体赏罚,15054629,1506,A168_HF9F_20260827_0900,2026-08-27 09:00:00
2026-04-09,92755421,2266,0,81.1918970486,0E-10,0E-10,0.5000000,2,2,0.49994810000000000,0.499948100000,0.00014679536856514622,0.00014679536856514622,0.00014679536856514622,0E-17,ELIGIBLE,R03b_20260811_FULL_v1,L1_ELIGIBILITY,v2026-08-11,2026-03-21..2026-08-06,baccarat_bet02_101_all_pairs_incl_sentinel,round_win = game_pnl > 0 (decisive only),COMPATIBILITY_ONLY_NOT_PRODUCTION,2500103.8841,2280641.3266,9883.8276,11764,10369,-0.00395337,-0.05088190,-0.00239824,-0.00395337,-9883.8276,2500103.8841,OK,0.0000,395.3531,4.0000,96.0000,AG03-UNRESOLVED,ALL5_LEVELS_bet23_to_bet27,395.3531,395.3531,395.3531,395.3531,395.3531,4.000000,4.000000,4.000000,4.000000,4.000000,96.000000,96.000000,96.000000,96.000000,96.000000,5.0,1976.7655,1824.8244,7907.0621,8059.0032,PENDING_AG03,FALSE,NOT_FOR_ENFORCEMENT,9488.4745,2189415.6736,9883.8276,9488.4745,395.3531,0.00395337,0.00379523,395.3531,9488.4745,0.00379523,395.3531,395.3531,395.3531,395.3531,395.3531,9488.4745,0.00379523,1976.7655,1824.8244,7907.0621,8059.0032,0.00316269,0.00322347,0.00015813,212.5216,219.9480,0.9532,119.0823,2.3972,30121.7335,124.9277,49.0469,238.9093,36.5364,75.9244,374.9013,749.8027,789.266,1183.8989,75.8035,-1.1839,10.395423,15.593133,2.799122,29,215,300,5,0.03207536,0.00395337,0.05088190,0E-8,0.000000,0.912219,0.000000,-0.04848366,2026-03-31,2026-08-01,83,4123,1621,124,0.669355,0.205295,0.230786,0.106918,,,,,,,,GLOBAL_BASELINE_NO_ENTITY_RANKING,,,NOT_APPLICABLE_GLOBAL_BASELINE,HF9g-P5,,,,X 全窗基线 · 不参与实体赏罚,15054630,1506,A168_HF9F_20260827_0900,2026-08-27 09:00:00
2026-04-09,92755421,471,0,243.5756911461,0E-10,0E-10,0.5000000,3,3,0.50218230000000000,0.502182300000,-0.00617253530718887,-0.00617253530718887,-0.00617253530718887,0E-17,ELIGIBLE,R03b_20260811_FULL_v1,L1_ELIGIBILITY,v2026-08-11,2026-03-21..2026-08-06,baccarat_bet02_101_all_pairs_incl_sentinel,round_win = game_pnl > 0 (decisive only),COMPATIBILITY_ONLY_NOT_PRODUCTION,2500103.8841,2280641.3266,9883.8276,11764,10369,-0.00395337,-0.05088190,-0.00239824,-0.00395337,-9883.8276,2500103.8841,OK,0.0000,395.3531,4.0000,96.0000,AG03-UNRESOLVED,ALL5_LEVELS_bet23_to_bet27,395.3531,395.3531,395.3531,395.3531,395.3531,4.000000,4.000000,4.000000,4.000000,4.000000,96.000000,96.000000,96.000000,96.000000,96.000000,5.0,1976.7655,1824.8244,7907.0621,8059.0032,PENDING_AG03,FALSE,NOT_FOR_ENFORCEMENT,9488.4745,2189415.6736,9883.8276,9488.4745,395.3531,0.00395337,0.00379523,395.3531,9488.4745,0.00379523,395.3531,395.3531,395.3531,395.3531,395.3531,9488.4745,0.00379523,1976.7655,1824.8244,7907.0621,8059.0032,0.00316269,0.00322347,0.00015813,212.5216,219.9480,0.9532,119.0823,2.3972,30121.7335,124.9277,49.0469,238.9093,36.5364,75.9244,374.9013,749.8027,789.266,1183.8989,75.8035,-1.1839,10.395423,15.593133,2.799122,29,215,300,5,0.03207536,0.00395337,0.05088190,0E-8,0.000000,0.912219,0.000000,-0.04848366,2026-03-31,2026-08-01,83,4123,1621,124,0.669355,0.205295,0.230786,0.106918,,,,,,,,GLOBAL_BASELINE_NO_ENTITY_RANKING,,,NOT_APPLICABLE_GLOBAL_BASELINE,HF9g-P5,,,,X 全窗基线 · 不参与实体赏罚,15054631,1506,A168_HF9F_20260827_0900,2026-08-27 09:00:00
2026-04-09,92755421,526,0,40.5959485243,0E-10,0E-10,,1,1,0.50665070000000000,0.506650700000,,,,0E-17,NO_DECISIVE_ROUND,R03b_20260811_FULL_v1,L1_ELIGIBILITY,v2026-08-11,2026-03-21..2026-08-06,baccarat_bet02_101_all_pairs_incl_sentinel,round_win = game_pnl > 0 (decisive only),COMPATIBILITY_ONLY_NOT_PRODUCTION,2500103.8841,2280641.3266,9883.8276,11764,10369,-0.00395337,-0.05088190,-0.00239824,-0.00395337,-9883.8276,2500103.8841,OK,0.0000,395.3531,4.0000,96.0000,AG03-UNRESOLVED,ALL5_LEVELS_bet23_to_bet27,395.3531,395.3531,395.3531,395.3531,395.3531,4.000000,4.000000,4.000000,4.000000,4.000000,96.000000,96.000000,96.000000,96.000000,96.000000,5.0,1976.7655,1824.8244,7907.0621,8059.0032,PENDING_AG03,FALSE,NOT_FOR_ENFORCEMENT,9488.4745,2189415.6736,9883.8276,9488.4745,395.3531,0.00395337,0.00379523,395.3531,9488.4745,0.00379523,395.3531,395.3531,395.3531,395.3531,395.3531,9488.4745,0.00379523,1976.7655,1824.8244,7907.0621,8059.0032,0.00316269,0.00322347,0.00015813,212.5216,219.9480,0.9532,119.0823,2.3972,30121.7335,124.9277,49.0469,238.9093,36.5364,75.9244,374.9013,749.8027,789.266,1183.8989,75.8035,-1.1839,10.395423,15.593133,2.799122,29,215,300,5,0.03207536,0.00395337,0.05088190,0E-8,0.000000,0.912219,0.000000,-0.04848366,2026-03-31,2026-08-01,83,4123,1621,124,0.669355,0.205295,0.230786,0.106918,,,,,,,,GLOBAL_BASELINE_NO_ENTITY_RANKING,,,NOT_APPLICABLE_GLOBAL_BASELINE,HF9g-P5,,,,X 全窗基线 · 不参与实体赏罚,15054632,1506,A168_HF9F_20260827_0900,2026-08-27 09:00:00
2026-04-09,92755421,595,0,81.1918970486,0E-10,0E-10,0.5000000,2,2,0.49994810000000000,0.499948100000,0.00014679536856514622,0.00014679536856514622,0.00014679536856514622,0E-17,ELIGIBLE,R03b_20260811_FULL_v1,L1_ELIGIBILITY,v2026-08-11,2026-03-21..2026-08-06,baccarat_bet02_101_all_pairs_incl_sentinel,round_win = game_pnl > 0 (decisive only),COMPATIBILITY_ONLY_NOT_PRODUCTION,2500103.8841,2280641.3266,9883.8276,11764,10369,-0.00395337,-0.05088190,-0.00239824,-0.00395337,-9883.8276,2500103.8841,OK,0.0000,395.3531,4.0000,96.0000,AG03-UNRESOLVED,ALL5_LEVELS_bet23_to_bet27,395.3531,395.3531,395.3531,395.3531,395.3531,4.000000,4.000000,4.000000,4.000000,4.000000,96.000000,96.000000,96.000000,96.000000,96.000000,5.0,1976.7655,1824.8244,7907.0621,8059.0032,PENDING_AG03,FALSE,NOT_FOR_ENFORCEMENT,9488.4745,2189415.6736,9883.8276,9488.4745,395.3531,0.00395337,0.00379523,395.3531,9488.4745,0.00379523,395.3531,395.3531,395.3531,395.3531,395.3531,9488.4745,0.00379523,1976.7655,1824.8244,7907.0621,8059.0032,0.00316269,0.00322347,0.00015813,212.5216,219.9480,0.9532,119.0823,2.3972,30121.7335,124.9277,49.0469,238.9093,36.5364,75.9244,374.9013,749.8027,789.266,1183.8989,75.8035,-1.1839,10.395423,15.593133,2.799122,29,215,300,5,0.03207536,0.00395337,0.05088190,0E-8,0.000000,0.912219,0.000000,-0.04848366,2026-03-31,2026-08-01,83,4123,1621,124,0.669355,0.205295,0.230786,0.106918,,,,,,,,GLOBAL_BASELINE_NO_ENTITY_RANKING,,,NOT_APPLICABLE_GLOBAL_BASELINE,HF9g-P5,,,,X 全窗基线 · 不参与实体赏罚,15054633,1506,A168_HF9F_20260827_0900,2026-08-27 09:00:00
2026-04-10,92755421,-1,1,262.6557869529,-40.3929687818,-40.3929687818,0.4000000,14,13,0.49891078576102712,0.482217123077,-0.6255682206581873,-0.5203159270622202,-0.6255682206581873,0.01669366268402712,SENTINEL_DEALER,R03b_20260811_FULL_v1,L1_ELIGIBILITY,v2026-08-11,2026-03-21..2026-08-06,baccarat_bet02_101_all_pairs_incl_sentinel,round_win = game_pnl > 0 (decisive only),COMPATIBILITY_ONLY_NOT_PRODUCTION,2500103.8841,2280641.3266,9883.8276,11764,10369,-0.00395337,-0.05088190,-0.00239824,-0.00395337,-9883.8276,2500103.8841,OK,0.0000,395.3531,4.0000,96.0000,AG03-UNRESOLVED,ALL5_LEVELS_bet23_to_bet27,395.3531,395.3531,395.3531,395.3531,395.3531,4.000000,4.000000,4.000000,4.000000,4.000000,96.000000,96.000000,96.000000,96.000000,96.000000,5.0,1976.7655,1824.8244,7907.0621,8059.0032,PENDING_AG03,FALSE,NOT_FOR_ENFORCEMENT,9488.4745,2189415.6736,9883.8276,9488.4745,395.3531,0.00395337,0.00379523,395.3531,9488.4745,0.00379523,395.3531,395.3531,395.3531,395.3531,395.3531,9488.4745,0.00379523,1976.7655,1824.8244,7907.0621,8059.0032,0.00316269,0.00322347,0.00015813,212.5216,219.9480,0.9532,119.0823,2.3972,30121.7335,124.9277,49.0469,238.9093,36.5364,75.9244,374.9013,749.8027,789.266,1183.8989,75.8035,-1.1839,10.395423,15.593133,2.799122,29,215,300,5,0.03207536,0.00395337,0.05088190,0E-8,0.000000,0.912219,0.000000,-0.04848366,2026-03-31,2026-08-01,83,4123,1621,124,0.669355,0.205295,0.230786,0.106918,,,,,,,,GLOBAL_BASELINE_NO_ENTITY_RANKING,,,NOT_APPLICABLE_GLOBAL_BASELINE,HF9g-P5,,,,X 全窗基线 · 不参与实体赏罚,15054634,1506,A168_HF9F_20260827_0900,2026-08-27 09:00:00
2026-04-10,92755421,1115,0,20.2979742622,-20.2979742622,-20.2979742622,0E-7,1,1,0.49324550000000000,0.493245500000,-0.9865810262130424,-0.9865810262130424,-0.9865810262130424,0E-17,ELIGIBLE,R03b_20260811_FULL_v1,L1_ELIGIBILITY,v2026-08-11,2026-03-21..2026-08-06,baccarat_bet02_101_all_pairs_incl_sentinel,round_win = game_pnl > 0 (decisive only),COMPATIBILITY_ONLY_NOT_PRODUCTION,2500103.8841,2280641.3266,9883.8276,11764,10369,-0.00395337,-0.05088190,-0.00239824,-0.00395337,-9883.8276,2500103.8841,OK,0.0000,395.3531,4.0000,96.0000,AG03-UNRESOLVED,ALL5_LEVELS_bet23_to_bet27,395.3531,395.3531,395.3531,395.3531,395.3531,4.000000,4.000000,4.000000,4.000000,4.000000,96.000000,96.000000,96.000000,96.000000,96.000000,5.0,1976.7655,1824.8244,7907.0621,8059.0032,PENDING_AG03,FALSE,NOT_FOR_ENFORCEMENT,9488.4745,2189415.6736,9883.8276,9488.4745,395.3531,0.00395337,0.00379523,395.3531,9488.4745,0.00379523,395.3531,395.3531,395.3531,395.3531,395.3531,9488.4745,0.00379523,1976.7655,1824.8244,7907.0621,8059.0032,0.00316269,0.00322347,0.00015813,212.5216,219.9480,0.9532,119.0823,2.3972,30121.7335,124.9277,49.0469,238.9093,36.5364,75.9244,374.9013,749.8027,789.266,1183.8989,75.8035,-1.1839,10.395423,15.593133,2.799122,29,215,300,5,0.03207536,0.00395337,0.05088190,0E-8,0.000000,0.912219,0.000000,-0.04848366,2026-03-31,2026-08-01,83,4123,1621,124,0.669355,0.205295,0.230786,0.106918,,,,,,,,GLOBAL_BASELINE_NO_ENTITY_RANKING,,,NOT_APPLICABLE_GLOBAL_BASELINE,HF9g-P5,,,,X 全窗基线 · 不参与实体赏罚,15054635,1506,A168_HF9F_20260827_0900,2026-08-27 09:00:00
2026-04-10,92755421,1353,0,16.2383794097,-16.2383794097,-16.2383794097,0E-7,1,1,0.49324550000000000,0.493245500000,-0.9865810262130424,-0.9865810262130424,-0.9865810262130424,0E-17,ELIGIBLE,R03b_20260811_FULL_v1,L1_ELIGIBILITY,v2026-08-11,2026-03-21..2026-08-06,baccarat_bet02_101_all_pairs_incl_sentinel,round_win = game_pnl > 0 (decisive only),COMPATIBILITY_ONLY_NOT_PRODUCTION,2500103.8841,2280641.3266,9883.8276,11764,10369,-0.00395337,-0.05088190,-0.00239824,-0.00395337,-9883.8276,2500103.8841,OK,0.0000,395.3531,4.0000,96.0000,AG03-UNRESOLVED,ALL5_LEVELS_bet23_to_bet27,395.3531,395.3531,395.3531,395.3531,395.3531,4.000000,4.000000,4.000000,4.000000,4.000000,96.000000,96.000000,96.000000,96.000000,96.000000,5.0,1976.7655,1824.8244,7907.0621,8059.0032,PENDING_AG03,FALSE,NOT_FOR_ENFORCEMENT,9488.4745,2189415.6736,9883.8276,9488.4745,395.3531,0.00395337,0.00379523,395.3531,9488.4745,0.00379523,395.3531,395.3531,395.3531,395.3531,395.3531,9488.4745,0.00379523,1976.7655,1824.8244,7907.0621,8059.0032,0.00316269,0.00322347,0.00015813,212.5216,219.9480,0.9532,119.0823,2.3972,30121.7335,124.9277,49.0469,238.9093,36.5364,75.9244,374.9013,749.8027,789.266,1183.8989,75.8035,-1.1839,10.395423,15.593133,2.799122,29,215,300,5,0.03207536,0.00395337,0.05088190,0E-8,0.000000,0.912219,0.000000,-0.04848366,2026-03-31,2026-08-01,83,4123,1621,124,0.669355,0.205295,0.230786,0.106918,,,,,,,,GLOBAL_BASELINE_NO_ENTITY_RANKING,,,NOT_APPLICABLE_GLOBAL_BASELINE,HF9g-P5,,,,X 全窗基线 · 不参与实体赏罚,15054636,1506,A168_HF9F_20260827_0900,2026-08-27 09:00:00
2026-04-10,92755421,1363,0,37.7542321276,-37.7542321276,-37.7542321276,0E-7,2,1,0.49091470645198802,0.262742800000,-0.9819915384760569,-0.5969746651759844,-0.9819915384760569,0.22817190645198802,ELIGIBLE,R03b_20260811_FULL_v1,L1_ELIGIBILITY,v2026-08-11,2026-03-21..2026-08-06,baccarat_bet02_101_all_pairs_incl_sentinel,round_win = game_pnl > 0 (decisive only),COMPATIBILITY_ONLY_NOT_PRODUCTION,2500103.8841,2280641.3266,9883.8276,11764,10369,-0.00395337,-0.05088190,-0.00239824,-0.00395337,-9883.8276,2500103.8841,OK,0.0000,395.3531,4.0000,96.0000,AG03-UNRESOLVED,ALL5_LEVELS_bet23_to_bet27,395.3531,395.3531,395.3531,395.3531,395.3531,4.000000,4.000000,4.000000,4.000000,4.000000,96.000000,96.000000,96.000000,96.000000,96.000000,5.0,1976.7655,1824.8244,7907.0621,8059.0032,PENDING_AG03,FALSE,NOT_FOR_ENFORCEMENT,9488.4745,2189415.6736,9883.8276,9488.4745,395.3531,0.00395337,0.00379523,395.3531,9488.4745,0.00379523,395.3531,395.3531,395.3531,395.3531,395.3531,9488.4745,0.00379523,1976.7655,1824.8244,7907.0621,8059.0032,0.00316269,0.00322347,0.00015813,212.5216,219.9480,0.9532,119.0823,2.3972,30121.7335,124.9277,49.0469,238.9093,36.5364,75.9244,374.9013,749.8027,789.266,1183.8989,75.8035,-1.1839,10.395423,15.593133,2.799122,29,215,300,5,0.03207536,0.00395337,0.05088190,0E-8,0.000000,0.912219,0.000000,-0.04848366,2026-03-31,2026-08-01,83,4123,1621,124,0.669355,0.205295,0.230786,0.106918,,,,,,,,GLOBAL_BASELINE_NO_ENTITY_RANKING,,,NOT_APPLICABLE_GLOBAL_BASELINE,HF9g-P5,,,,X 全窗基线 · 不参与实体赏罚,15054637,1506,A168_HF9F_20260827_0900,2026-08-27 09:00:00
2026-04-10,92755421,1383,0,20.2979742622,0E-10,0E-10,,1,1,0.49324550000000000,0.493245500000,,,,0E-17,NO_DECISIVE_ROUND,R03b_20260811_FULL_v1,L1_ELIGIBILITY,v2026-08-11,2026-03-21..2026-08-06,baccarat_bet02_101_all_pairs_incl_sentinel,round_win = game_pnl > 0 (decisive only),COMPATIBILITY_ONLY_NOT_PRODUCTION,2500103.8841,2280641.3266,9883.8276,11764,10369,-0.00395337,-0.05088190,-0.00239824,-0.00395337,-9883.8276,2500103.8841,OK,0.0000,395.3531,4.0000,96.0000,AG03-UNRESOLVED,ALL5_LEVELS_bet23_to_bet27,395.3531,395.3531,395.3531,395.3531,395.3531,4.000000,4.000000,4.000000,4.000000,4.000000,96.000000,96.000000,96.000000,96.000000,96.000000,5.0,1976.7655,1824.8244,7907.0621,8059.0032,PENDING_AG03,FALSE,NOT_FOR_ENFORCEMENT,9488.4745,2189415.6736,9883.8276,9488.4745,395.3531,0.00395337,0.00379523,395.3531,9488.4745,0.00379523,395.3531,395.3531,395.3531,395.3531,395.3531,9488.4745,0.00379523,1976.7655,1824.8244,7907.0621,8059.0032,0.00316269,0.00322347,0.00015813,212.5216,219.9480,0.9532,119.0823,2.3972,30121.7335,124.9277,49.0469,238.9093,36.5364,75.9244,374.9013,749.8027,789.266,1183.8989,75.8035,-1.1839,10.395423,15.593133,2.799122,29,215,300,5,0.03207536,0.00395337,0.05088190,0E-8,0.000000,0.912219,0.000000,-0.04848366,2026-03-31,2026-08-01,83,4123,1621,124,0.669355,0.205295,0.230786,0.106918,,,,,,,,GLOBAL_BASELINE_NO_ENTITY_RANKING,,,NOT_APPLICABLE_GLOBAL_BASELINE,HF9g-P5,,,,X 全窗基线 · 不参与实体赏罚,15054638,1506,A168_HF9F_20260827_0900,2026-08-27 09:00:00
2026-04-10,92755421,1396,0,41.8138269800,-4.0595948524,-4.0595948524,0E-7,2,1,0.49244247281586245,0.262742800000,-0.984997470717937,-0.5969746651759844,-0.984997470717937,0.22969967281586245,ELIGIBLE,R03b_20260811_FULL_v1,L1_ELIGIBILITY,v2026-08-11,2026-03-21..2026-08-06,baccarat_bet02_101_all_pairs_incl_sentinel,round_win = game_pnl > 0 (decisive only),COMPATIBILITY_ONLY_NOT_PRODUCTION,2500103.8841,2280641.3266,9883.8276,11764,10369,-0.00395337,-0.05088190,-0.00239824,-0.00395337,-9883.8276,2500103.8841,OK,0.0000,395.3531,4.0000,96.0000,AG03-UNRESOLVED,ALL5_LEVELS_bet23_to_bet27,395.3531,395.3531,395.3531,395.3531,395.3531,4.000000,4.000000,4.000000,4.000000,4.000000,96.000000,96.000000,96.000000,96.000000,96.000000,5.0,1976.7655,1824.8244,7907.0621,8059.0032,PENDING_AG03,FALSE,NOT_FOR_ENFORCEMENT,9488.4745,2189415.6736,9883.8276,9488.4745,395.3531,0.00395337,0.00379523,395.3531,9488.4745,0.00379523,395.3531,395.3531,395.3531,395.3531,395.3531,9488.4745,0.00379523,1976.7655,1824.8244,7907.0621,8059.0032,0.00316269,0.00322347,0.00015813,212.5216,219.9480,0.9532,119.0823,2.3972,30121.7335,124.9277,49.0469,238.9093,36.5364,75.9244,374.9013,749.8027,789.266,1183.8989,75.8035,-1.1839,10.395423,15.593133,2.799122,29,215,300,5,0.03207536,0.00395337,0.05088190,0E-8,0.000000,0.912219,0.000000,-0.04848366,2026-03-31,2026-08-01,83,4123,1621,124,0.669355,0.205295,0.230786,0.106918,,,,,,,,GLOBAL_BASELINE_NO_ENTITY_RANKING,,,NOT_APPLICABLE_GLOBAL_BASELINE,HF9g-P5,,,,X 全窗基线 · 不参与实体赏罚,15054639,1506,A168_HF9F_20260827_0900,2026-08-27 09:00:00
2026-04-10,92755421,1399,0,20.2979742622,-20.2979742622,-20.2979742622,0E-7,1,1,0.49324550000000000,0.493245500000,-0.9865810262130424,-0.9865810262130424,-0.9865810262130424,0E-17,ELIGIBLE,R03b_20260811_FULL_v1,L1_ELIGIBILITY,v2026-08-11,2026-03-21..2026-08-06,baccarat_bet02_101_all_pairs_incl_sentinel,round_win = game_pnl > 0 (decisive only),COMPATIBILITY_ONLY_NOT_PRODUCTION,2500103.8841,2280641.3266,9883.8276,11764,10369,-0.00395337,-0.05088190,-0.00239824,-0.00395337,-9883.8276,2500103.8841,OK,0.0000,395.3531,4.0000,96.0000,AG03-UNRESOLVED,ALL5_LEVELS_bet23_to_bet27,395.3531,395.3531,395.3531,395.3531,395.3531,4.000000,4.000000,4.000000,4.000000,4.000000,96.000000,96.000000,96.000000,96.000000,96.000000,5.0,1976.7655,1824.8244,7907.0621,8059.0032,PENDING_AG03,FALSE,NOT_FOR_ENFORCEMENT,9488.4745,2189415.6736,9883.8276,9488.4745,395.3531,0.00395337,0.00379523,395.3531,9488.4745,0.00379523,395.3531,395.3531,395.3531,395.3531,395.3531,9488.4745,0.00379523,1976.7655,1824.8244,7907.0621,8059.0032,0.00316269,0.00322347,0.00015813,212.5216,219.9480,0.9532,119.0823,2.3972,30121.7335,124.9277,49.0469,238.9093,36.5364,75.9244,374.9013,749.8027,789.266,1183.8989,75.8035,-1.1839,10.395423,15.593133,2.799122,29,215,300,5,0.03207536,0.00395337,0.05088190,0E-8,0.000000,0.912219,0.000000,-0.04848366,2026-03-31,2026-08-01,83,4123,1621,124,0.669355,0.205295,0.230786,0.106918,,,,,,,,GLOBAL_BASELINE_NO_ENTITY_RANKING,,,NOT_APPLICABLE_GLOBAL_BASELINE,HF9g-P5,,,,X 全窗基线 · 不参与实体赏罚,15054640,1506,A168_HF9F_20260827_0900,2026-08-27 09:00:00
2026-04-10,92755421,1507,0,40.5959485244,-20.2979742622,-20.2979742622,0E-7,2,2,0.50665070000000000,0.506650700000,-1.013391052207602,-1.013391052207602,-1.013391052207602,0E-17,ELIGIBLE,R03b_20260811_FULL_v1,L1_ELIGIBILITY,v2026-08-11,2026-03-21..2026-08-06,baccarat_bet02_101_all_pairs_incl_sentinel,round_win = game_pnl > 0 (decisive only),COMPATIBILITY_ONLY_NOT_PRODUCTION,2500103.8841,2280641.3266,9883.8276,11764,10369,-0.00395337,-0.05088190,-0.00239824,-0.00395337,-9883.8276,2500103.8841,OK,0.0000,395.3531,4.0000,96.0000,AG03-UNRESOLVED,ALL5_LEVELS_bet23_to_bet27,395.3531,395.3531,395.3531,395.3531,395.3531,4.000000,4.000000,4.000000,4.000000,4.000000,96.000000,96.000000,96.000000,96.000000,96.000000,5.0,1976.7655,1824.8244,7907.0621,8059.0032,PENDING_AG03,FALSE,NOT_FOR_ENFORCEMENT,9488.4745,2189415.6736,9883.8276,9488.4745,395.3531,0.00395337,0.00379523,395.3531,9488.4745,0.00379523,395.3531,395.3531,395.3531,395.3531,395.3531,9488.4745,0.00379523,1976.7655,1824.8244,7907.0621,8059.0032,0.00316269,0.00322347,0.00015813,212.5216,219.9480,0.9532,119.0823,2.3972,30121.7335,124.9277,49.0469,238.9093,36.5364,75.9244,374.9013,749.8027,789.266,1183.8989,75.8035,-1.1839,10.395423,15.593133,2.799122,29,215,300,5,0.03207536,0.00395337,0.05088190,0E-8,0.000000,0.912219,0.000000,-0.04848366,2026-03-31,2026-08-01,83,4123,1621,124,0.669355,0.205295,0.230786,0.106918,,,,,,,,GLOBAL_BASELINE_NO_ENTITY_RANKING,,,NOT_APPLICABLE_GLOBAL_BASELINE,HF9g-P5,,,,X 全窗基线 · 不参与实体赏罚,15054641,1506,A168_HF9F_20260827_0900,2026-08-27 09:00:00
2026-04-10,92755421,1509,0,40.5959485244,0E-10,0E-10,0.5000000,2,2,0.49324550000000000,0.493245500000,0.01910635448239258,0.01910635448239258,0.01910635448239258,0E-17,ELIGIBLE,R03b_20260811_FULL_v1,L1_ELIGIBILITY,v2026-08-11,2026-03-21..2026-08-06,baccarat_bet02_101_all_pairs_incl_sentinel,round_win = game_pnl > 0 (decisive only),COMPATIBILITY_ONLY_NOT_PRODUCTION,2500103.8841,2280641.3266,9883.8276,11764,10369,-0.00395337,-0.05088190,-0.00239824,-0.00395337,-9883.8276,2500103.8841,OK,0.0000,395.3531,4.0000,96.0000,AG03-UNRESOLVED,ALL5_LEVELS_bet23_to_bet27,395.3531,395.3531,395.3531,395.3531,395.3531,4.000000,4.000000,4.000000,4.000000,4.000000,96.000000,96.000000,96.000000,96.000000,96.000000,5.0,1976.7655,1824.8244,7907.0621,8059.0032,PENDING_AG03,FALSE,NOT_FOR_ENFORCEMENT,9488.4745,2189415.6736,9883.8276,9488.4745,395.3531,0.00395337,0.00379523,395.3531,9488.4745,0.00379523,395.3531,395.3531,395.3531,395.3531,395.3531,9488.4745,0.00379523,1976.7655,1824.8244,7907.0621,8059.0032,0.00316269,0.00322347,0.00015813,212.5216,219.9480,0.9532,119.0823,2.3972,30121.7335,124.9277,49.0469,238.9093,36.5364,75.9244,374.9013,749.8027,789.266,1183.8989,75.8035,-1.1839,10.395423,15.593133,2.799122,29,215,300,5,0.03207536,0.00395337,0.05088190,0E-8,0.000000,0.912219,0.000000,-0.04848366,2026-03-31,2026-08-01,83,4123,1621,124,0.669355,0.205295,0.230786,0.106918,,,,,,,,GLOBAL_BASELINE_NO_ENTITY_RANKING,,,NOT_APPLICABLE_GLOBAL_BASELINE,HF9g-P5,,,,X 全窗基线 · 不参与实体赏罚,15054642,1506,A168_HF9F_20260827_0900,2026-08-27 09:00:00
2026-04-10,92755421,1646,0,60.8939227866,-20.2979742622,-20.2979742622,0.3333333,3,3,0.49771390000000000,0.497713900000,-0.5694369385616226,-0.5694369385616226,-0.5694369385616226,0E-17,ELIGIBLE,R03b_20260811_FULL_v1,L1_ELIGIBILITY,v2026-08-11,2026-03-21..2026-08-06,baccarat_bet02_101_all_pairs_incl_sentinel,round_win = game_pnl > 0 (decisive only),COMPATIBILITY_ONLY_NOT_PRODUCTION,2500103.8841,2280641.3266,9883.8276,11764,10369,-0.00395337,-0.05088190,-0.00239824,-0.00395337,-9883.8276,2500103.8841,OK,0.0000,395.3531,4.0000,96.0000,AG03-UNRESOLVED,ALL5_LEVELS_bet23_to_bet27,395.3531,395.3531,395.3531,395.3531,395.3531,4.000000,4.000000,4.000000,4.000000,4.000000,96.000000,96.000000,96.000000,96.000000,96.000000,5.0,1976.7655,1824.8244,7907.0621,8059.0032,PENDING_AG03,FALSE,NOT_FOR_ENFORCEMENT,9488.4745,2189415.6736,9883.8276,9488.4745,395.3531,0.00395337,0.00379523,395.3531,9488.4745,0.00379523,395.3531,395.3531,395.3531,395.3531,395.3531,9488.4745,0.00379523,1976.7655,1824.8244,7907.0621,8059.0032,0.00316269,0.00322347,0.00015813,212.5216,219.9480,0.9532,119.0823,2.3972,30121.7335,124.9277,49.0469,238.9093,36.5364,75.9244,374.9013,749.8027,789.266,1183.8989,75.8035,-1.1839,10.395423,15.593133,2.799122,29,215,300,5,0.03207536,0.00395337,0.05088190,0E-8,0.000000,0.912219,0.000000,-0.04848366,2026-03-31,2026-08-01,83,4123,1621,124,0.669355,0.205295,0.230786,0.106918,,,,,,,,GLOBAL_BASELINE_NO_ENTITY_RANKING,,,NOT_APPLICABLE_GLOBAL_BASELINE,HF9g-P5,,,,X 全窗基线 · 不参与实体赏罚,15054643,1506,A168_HF9F_20260827_0900,2026-08-27 09:00:00
2026-04-10,92755421,1750,0,118.9461291765,36.3333739294,36.3333739294,0.6000000,7,6,0.49500632291679347,0.460413883333,0.4695694180429318,0.6262138064100349,0.4695694180429318,0.03459243958379347,ELIGIBLE,R03b_20260811_FULL_v1,L1_ELIGIBILITY,v2026-08-11,2026-03-21..2026-08-06,baccarat_bet02_101_all_pairs_incl_sentinel,round_win = game_pnl > 0 (decisive only),COMPATIBILITY_ONLY_NOT_PRODUCTION,2500103.8841,2280641.3266,9883.8276,11764,10369,-0.00395337,-0.05088190,-0.00239824,-0.00395337,-9883.8276,2500103.8841,OK,0.0000,395.3531,4.0000,96.0000,AG03-UNRESOLVED,ALL5_LEVELS_bet23_to_bet27,395.3531,395.3531,395.3531,395.3531,395.3531,4.000000,4.000000,4.000000,4.000000,4.000000,96.000000,96.000000,96.000000,96.000000,96.000000,5.0,1976.7655,1824.8244,7907.0621,8059.0032,PENDING_AG03,FALSE,NOT_FOR_ENFORCEMENT,9488.4745,2189415.6736,9883.8276,9488.4745,395.3531,0.00395337,0.00379523,395.3531,9488.4745,0.00379523,395.3531,395.3531,395.3531,395.3531,395.3531,9488.4745,0.00379523,1976.7655,1824.8244,7907.0621,8059.0032,0.00316269,0.00322347,0.00015813,212.5216,219.9480,0.9532,119.0823,2.3972,30121.7335,124.9277,49.0469,238.9093,36.5364,75.9244,374.9013,749.8027,789.266,1183.8989,75.8035,-1.1839,10.395423,15.593133,2.799122,29,215,300,5,0.03207536,0.00395337,0.05088190,0E-8,0.000000,0.912219,0.000000,-0.04848366,2026-03-31,2026-08-01,83,4123,1621,124,0.669355,0.205295,0.230786,0.106918,,,,,,,,GLOBAL_BASELINE_NO_ENTITY_RANKING,,,NOT_APPLICABLE_GLOBAL_BASELINE,HF9g-P5,,,,X 全窗基线 · 不参与实体赏罚,15054644,1506,A168_HF9F_20260827_0900,2026-08-27 09:00:00
2026-04-10,92755421,1947,0,19.0800958064,18.1260910161,18.1260910161,1.0000000,1,1,0.50665070000000000,0.506650700000,0.9867858985152569,0.9867858985152569,0.9867858985152569,0E-17,ELIGIBLE,R03b_20260811_FULL_v1,L1_ELIGIBILITY,v2026-08-11,2026-03-21..2026-08-06,baccarat_bet02_101_all_pairs_incl_sentinel,round_win = game_pnl > 0 (decisive only),COMPATIBILITY_ONLY_NOT_PRODUCTION,2500103.8841,2280641.3266,9883.8276,11764,10369,-0.00395337,-0.05088190,-0.00239824,-0.00395337,-9883.8276,2500103.8841,OK,0.0000,395.3531,4.0000,96.0000,AG03-UNRESOLVED,ALL5_LEVELS_bet23_to_bet27,395.3531,395.3531,395.3531,395.3531,395.3531,4.000000,4.000000,4.000000,4.000000,4.000000,96.000000,96.000000,96.000000,96.000000,96.000000,5.0,1976.7655,1824.8244,7907.0621,8059.0032,PENDING_AG03,FALSE,NOT_FOR_ENFORCEMENT,9488.4745,2189415.6736,9883.8276,9488.4745,395.3531,0.00395337,0.00379523,395.3531,9488.4745,0.00379523,395.3531,395.3531,395.3531,395.3531,395.3531,9488.4745,0.00379523,1976.7655,1824.8244,7907.0621,8059.0032,0.00316269,0.00322347,0.00015813,212.5216,219.9480,0.9532,119.0823,2.3972,30121.7335,124.9277,49.0469,238.9093,36.5364,75.9244,374.9013,749.8027,789.266,1183.8989,75.8035,-1.1839,10.395423,15.593133,2.799122,29,215,300,5,0.03207536,0.00395337,0.05088190,0E-8,0.000000,0.912219,0.000000,-0.04848366,2026-03-31,2026-08-01,83,4123,1621,124,0.669355,0.205295,0.230786,0.106918,,,,,,,,GLOBAL_BASELINE_NO_ENTITY_RANKING,,,NOT_APPLICABLE_GLOBAL_BASELINE,HF9g-P5,,,,X 全窗基线 · 不参与实体赏罚,15054645,1506,A168_HF9F_20260827_0900,2026-08-27 09:00:00
2026-04-10,92755421,1951,0,97.4302764585,50.9479153981,50.9479153981,0.8000000,7,5,0.49170917519240799,0.406406500000,1.3789080613975264,1.7918763142171485,1.3789080613975264,0.08530267519240799,ELIGIBLE,R03b_20260811_FULL_v1,L1_ELIGIBILITY,v2026-08-11,2026-03-21..2026-08-06,baccarat_bet02_101_all_pairs_incl_sentinel,round_win = game_pnl > 0 (decisive only),COMPATIBILITY_ONLY_NOT_PRODUCTION,2500103.8841,2280641.3266,9883.8276,11764,10369,-0.00395337,-0.05088190,-0.00239824,-0.00395337,-9883.8276,2500103.8841,OK,0.0000,395.3531,4.0000,96.0000,AG03-UNRESOLVED,ALL5_LEVELS_bet23_to_bet27,395.3531,395.3531,395.3531,395.3531,395.3531,4.000000,4.000000,4.000000,4.000000,4.000000,96.000000,96.000000,96.000000,96.000000,96.000000,5.0,1976.7655,1824.8244,7907.0621,8059.0032,PENDING_AG03,FALSE,NOT_FOR_ENFORCEMENT,9488.4745,2189415.6736,9883.8276,9488.4745,395.3531,0.00395337,0.00379523,395.3531,9488.4745,0.00379523,395.3531,395.3531,395.3531,395.3531,395.3531,9488.4745,0.00379523,1976.7655,1824.8244,7907.0621,8059.0032,0.00316269,0.00322347,0.00015813,212.5216,219.9480,0.9532,119.0823,2.3972,30121.7335,124.9277,49.0469,238.9093,36.5364,75.9244,374.9013,749.8027,789.266,1183.8989,75.8035,-1.1839,10.395423,15.593133,2.799122,29,215,300,5,0.03207536,0.00395337,0.05088190,0E-8,0.000000,0.912219,0.000000,-0.04848366,2026-03-31,2026-08-01,83,4123,1621,124,0.669355,0.205295,0.230786,0.106918,,,,,,,,GLOBAL_BASELINE_NO_ENTITY_RANKING,,,NOT_APPLICABLE_GLOBAL_BASELINE,HF9g-P5,,,,X 全窗基线 · 不参与实体赏罚,15054646,1506,A168_HF9F_20260827_0900,2026-08-27 09:00:00
2026-04-10,92755421,2121,0,40.5959485244,0E-10,0E-10,0.5000000,2,2,0.49994810000000000,0.499948100000,0.00014679536856514622,0.00014679536856514622,0.00014679536856514622,0E-17,ELIGIBLE,R03b_20260811_FULL_v1,L1_ELIGIBILITY,v2026-08-11,2026-03-21..2026-08-06,baccarat_bet02_101_all_pairs_incl_sentinel,round_win = game_pnl > 0 (decisive only),COMPATIBILITY_ONLY_NOT_PRODUCTION,2500103.8841,2280641.3266,9883.8276,11764,10369,-0.00395337,-0.05088190,-0.00239824,-0.00395337,-9883.8276,2500103.8841,OK,0.0000,395.3531,4.0000,96.0000,AG03-UNRESOLVED,ALL5_LEVELS_bet23_to_bet27,395.3531,395.3531,395.3531,395.3531,395.3531,4.000000,4.000000,4.000000,4.000000,4.000000,96.000000,96.000000,96.000000,96.000000,96.000000,5.0,1976.7655,1824.8244,7907.0621,8059.0032,PENDING_AG03,FALSE,NOT_FOR_ENFORCEMENT,9488.4745,2189415.6736,9883.8276,9488.4745,395.3531,0.00395337,0.00379523,395.3531,9488.4745,0.00379523,395.3531,395.3531,395.3531,395.3531,395.3531,9488.4745,0.00379523,1976.7655,1824.8244,7907.0621,8059.0032,0.00316269,0.00322347,0.00015813,212.5216,219.9480,0.9532,119.0823,2.3972,30121.7335,124.9277,49.0469,238.9093,36.5364,75.9244,374.9013,749.8027,789.266,1183.8989,75.8035,-1.1839,10.395423,15.593133,2.799122,29,215,300,5,0.03207536,0.00395337,0.05088190,0E-8,0.000000,0.912219,0.000000,-0.04848366,2026-03-31,2026-08-01,83,4123,1621,124,0.669355,0.205295,0.230786,0.106918,,,,,,,,GLOBAL_BASELINE_NO_ENTITY_RANKING,,,NOT_APPLICABLE_GLOBAL_BASELINE,HF9g-P5,,,,X 全窗基线 · 不参与实体赏罚,15054647,1506,A168_HF9F_20260827_0900,2026-08-27 09:00:00
2026-04-10,92755421,2169,0,60.0820038161,-0.2029797426,-0.2029797426,0.5000000,4,3,0.49229874583358694,0.423113866667,0.021785020441438582,0.2200844400096609,0.021785020441438582,0.06918487916658694,ELIGIBLE,R03b_20260811_FULL_v1,L1_ELIGIBILITY,v2026-08-11,2026-03-21..2026-08-06,baccarat_bet02_101_all_pairs_incl_sentinel,round_win = game_pnl > 0 (decisive only),COMPATIBILITY_ONLY_NOT_PRODUCTION,2500103.8841,2280641.3266,9883.8276,11764,10369,-0.00395337,-0.05088190,-0.00239824,-0.00395337,-9883.8276,2500103.8841,OK,0.0000,395.3531,4.0000,96.0000,AG03-UNRESOLVED,ALL5_LEVELS_bet23_to_bet27,395.3531,395.3531,395.3531,395.3531,395.3531,4.000000,4.000000,4.000000,4.000000,4.000000,96.000000,96.000000,96.000000,96.000000,96.000000,5.0,1976.7655,1824.8244,7907.0621,8059.0032,PENDING_AG03,FALSE,NOT_FOR_ENFORCEMENT,9488.4745,2189415.6736,9883.8276,9488.4745,395.3531,0.00395337,0.00379523,395.3531,9488.4745,0.00379523,395.3531,395.3531,395.3531,395.3531,395.3531,9488.4745,0.00379523,1976.7655,1824.8244,7907.0621,8059.0032,0.00316269,0.00322347,0.00015813,212.5216,219.9480,0.9532,119.0823,2.3972,30121.7335,124.9277,49.0469,238.9093,36.5364,75.9244,374.9013,749.8027,789.266,1183.8989,75.8035,-1.1839,10.395423,15.593133,2.799122,29,215,300,5,0.03207536,0.00395337,0.05088190,0E-8,0.000000,0.912219,0.000000,-0.04848366,2026-03-31,2026-08-01,83,4123,1621,124,0.669355,0.205295,0.230786,0.106918,,,,,,,,GLOBAL_BASELINE_NO_ENTITY_RANKING,,,NOT_APPLICABLE_GLOBAL_BASELINE,HF9g-P5,,,,X 全窗基线 · 不参与实体赏罚,15054648,1506,A168_HF9F_20260827_0900,2026-08-27 09:00:00
2026-04-10,92755421,2177,0,61.7058417571,-21.1098932327,-21.1098932327,0.3333333,4,3,0.49163171282042638,0.418645466667,-0.5484384897884732,-0.29952129269995326,-0.5484384897884732,0.07298624615342638,ELIGIBLE,R03b_20260811_FULL_v1,L1_ELIGIBILITY,v2026-08-11,2026-03-21..2026-08-06,baccarat_bet02_101_all_pairs_incl_sentinel,round_win = game_pnl > 0 (decisive only),COMPATIBILITY_ONLY_NOT_PRODUCTION,2500103.8841,2280641.3266,9883.8276,11764,10369,-0.00395337,-0.05088190,-0.00239824,-0.00395337,-9883.8276,2500103.8841,OK,0.0000,395.3531,4.0000,96.0000,AG03-UNRESOLVED,ALL5_LEVELS_bet23_to_bet27,395.3531,395.3531,395.3531,395.3531,395.3531,4.000000,4.000000,4.000000,4.000000,4.000000,96.000000,96.000000,96.000000,96.000000,96.000000,5.0,1976.7655,1824.8244,7907.0621,8059.0032,PENDING_AG03,FALSE,NOT_FOR_ENFORCEMENT,9488.4745,2189415.6736,9883.8276,9488.4745,395.3531,0.00395337,0.00379523,395.3531,9488.4745,0.00379523,395.3531,395.3531,395.3531,395.3531,395.3531,9488.4745,0.00379523,1976.7655,1824.8244,7907.0621,8059.0032,0.00316269,0.00322347,0.00015813,212.5216,219.9480,0.9532,119.0823,2.3972,30121.7335,124.9277,49.0469,238.9093,36.5364,75.9244,374.9013,749.8027,789.266,1183.8989,75.8035,-1.1839,10.395423,15.593133,2.799122,29,215,300,5,0.03207536,0.00395337,0.05088190,0E-8,0.000000,0.912219,0.000000,-0.04848366,2026-03-31,2026-08-01,83,4123,1621,124,0.669355,0.205295,0.230786,0.106918,,,,,,,,GLOBAL_BASELINE_NO_ENTITY_RANKING,,,NOT_APPLICABLE_GLOBAL_BASELINE,HF9g-P5,,,,X 全窗基线 · 不参与实体赏罚,15054649,1506,A168_HF9F_20260827_0900,2026-08-27 09:00:00
2026-04-10,92755421,2216,0,21.1098932327,19.4860552917,19.4860552917,1.0000000,2,1,0.47499893846127915,0.256040200000,1.0513172036954443,1.7045928232243774,1.0513172036954443,0.21895873846127915,ELIGIBLE,R03b_20260811_FULL_v1,L1_ELIGIBILITY,v2026-08-11,2026-03-21..2026-08-06,baccarat_bet02_101_all_pairs_incl_sentinel,round_win = game_pnl > 0 (decisive only),COMPATIBILITY_ONLY_NOT_PRODUCTION,2500103.8841,2280641.3266,9883.8276,11764,10369,-0.00395337,-0.05088190,-0.00239824,-0.00395337,-9883.8276,2500103.8841,OK,0.0000,395.3531,4.0000,96.0000,AG03-UNRESOLVED,ALL5_LEVELS_bet23_to_bet27,395.3531,395.3531,395.3531,395.3531,395.3531,4.000000,4.000000,4.000000,4.000000,4.000000,96.000000,96.000000,96.000000,96.000000,96.000000,5.0,1976.7655,1824.8244,7907.0621,8059.0032,PENDING_AG03,FALSE,NOT_FOR_ENFORCEMENT,9488.4745,2189415.6736,9883.8276,9488.4745,395.3531,0.00395337,0.00379523,395.3531,9488.4745,0.00379523,395.3531,395.3531,395.3531,395.3531,395.3531,9488.4745,0.00379523,1976.7655,1824.8244,7907.0621,8059.0032,0.00316269,0.00322347,0.00015813,212.5216,219.9480,0.9532,119.0823,2.3972,30121.7335,124.9277,49.0469,238.9093,36.5364,75.9244,374.9013,749.8027,789.266,1183.8989,75.8035,-1.1839,10.395423,15.593133,2.799122,29,215,300,5,0.03207536,0.00395337,0.05088190,0E-8,0.000000,0.912219,0.000000,-0.04848366,2026-03-31,2026-08-01,83,4123,1621,124,0.669355,0.205295,0.230786,0.106918,,,,,,,,GLOBAL_BASELINE_NO_ENTITY_RANKING,,,NOT_APPLICABLE_GLOBAL_BASELINE,HF9g-P5,,,,X 全窗基线 · 不参与实体赏罚,15054650,1506,A168_HF9F_20260827_0900,2026-08-27 09:00:00
2026-04-10,92755421,2218,0,20.2979742622,-20.2979742622,-20.2979742622,0E-7,1,1,0.50665070000000000,0.506650700000,-1.013391052207602,-1.013391052207602,-1.013391052207602,0E-17,ELIGIBLE,R03b_20260811_FULL_v1,L1_ELIGIBILITY,v2026-08-11,2026-03-21..2026-08-06,baccarat_bet02_101_all_pairs_incl_sentinel,round_win = game_pnl > 0 (decisive only),COMPATIBILITY_ONLY_NOT_PRODUCTION,2500103.8841,2280641.3266,9883.8276,11764,10369,-0.00395337,-0.05088190,-0.00239824,-0.00395337,-9883.8276,2500103.8841,OK,0.0000,395.3531,4.0000,96.0000,AG03-UNRESOLVED,ALL5_LEVELS_bet23_to_bet27,395.3531,395.3531,395.3531,395.3531,395.3531,4.000000,4.000000,4.000000,4.000000,4.000000,96.000000,96.000000,96.000000,96.000000,96.000000,5.0,1976.7655,1824.8244,7907.0621,8059.0032,PENDING_AG03,FALSE,NOT_FOR_ENFORCEMENT,9488.4745,2189415.6736,9883.8276,9488.4745,395.3531,0.00395337,0.00379523,395.3531,9488.4745,0.00379523,395.3531,395.3531,395.3531,395.3531,395.3531,9488.4745,0.00379523,1976.7655,1824.8244,7907.0621,8059.0032,0.00316269,0.00322347,0.00015813,212.5216,219.9480,0.9532,119.0823,2.3972,30121.7335,124.9277,49.0469,238.9093,36.5364,75.9244,374.9013,749.8027,789.266,1183.8989,75.8035,-1.1839,10.395423,15.593133,2.799122,29,215,300,5,0.03207536,0.00395337,0.05088190,0E-8,0.000000,0.912219,0.000000,-0.04848366,2026-03-31,2026-08-01,83,4123,1621,124,0.669355,0.205295,0.230786,0.106918,,,,,,,,GLOBAL_BASELINE_NO_ENTITY_RANKING,,,NOT_APPLICABLE_GLOBAL_BASELINE,HF9g-P5,,,,X 全窗基线 · 不参与实体赏罚,15054651,1506,A168_HF9F_20260827_0900,2026-08-27 09:00:00
2026-04-10,92755421,2251,0,20.2979742622,-20.2979742622,-20.2979742622,0E-7,1,1,0.50665070000000000,0.506650700000,-1.013391052207602,-1.013391052207602,-1.013391052207602,0E-17,ELIGIBLE,R03b_20260811_FULL_v1,L1_ELIGIBILITY,v2026-08-11,2026-03-21..2026-08-06,baccarat_bet02_101_all_pairs_incl_sentinel,round_win = game_pnl > 0 (decisive only),COMPATIBILITY_ONLY_NOT_PRODUCTION,2500103.8841,2280641.3266,9883.8276,11764,10369,-0.00395337,-0.05088190,-0.00239824,-0.00395337,-9883.8276,2500103.8841,OK,0.0000,395.3531,4.0000,96.0000,AG03-UNRESOLVED,ALL5_LEVELS_bet23_to_bet27,395.3531,395.3531,395.3531,395.3531,395.3531,4.000000,4.000000,4.000000,4.000000,4.000000,96.000000,96.000000,96.000000,96.000000,96.000000,5.0,1976.7655,1824.8244,7907.0621,8059.0032,PENDING_AG03,FALSE,NOT_FOR_ENFORCEMENT,9488.4745,2189415.6736,9883.8276,9488.4745,395.3531,0.00395337,0.00379523,395.3531,9488.4745,0.00379523,395.3531,395.3531,395.3531,395.3531,395.3531,9488.4745,0.00379523,1976.7655,1824.8244,7907.0621,8059.0032,0.00316269,0.00322347,0.00015813,212.5216,219.9480,0.9532,119.0823,2.3972,30121.7335,124.9277,49.0469,238.9093,36.5364,75.9244,374.9013,749.8027,789.266,1183.8989,75.8035,-1.1839,10.395423,15.593133,2.799122,29,215,300,5,0.03207536,0.00395337,0.05088190,0E-8,0.000000,0.912219,0.000000,-0.04848366,2026-03-31,2026-08-01,83,4123,1621,124,0.669355,0.205295,0.230786,0.106918,,,,,,,,GLOBAL_BASELINE_NO_ENTITY_RANKING,,,NOT_APPLICABLE_GLOBAL_BASELINE,HF9g-P5,,,,X 全窗基线 · 不参与实体赏罚,15054652,1506,A168_HF9F_20260827_0900,2026-08-27 09:00:00
2026-04-10,92755421,2256,0,40.5959485244,39.5810498113,39.5810498113,1.0000000,2,2,0.49994810000000000,0.499948100000,1.4143603653603398,1.4143603653603398,1.4143603653603398,0E-17,ELIGIBLE,R03b_20260811_FULL_v1,L1_ELIGIBILITY,v2026-08-11,2026-03-21..2026-08-06,baccarat_bet02_101_all_pairs_incl_sentinel,round_win = game_pnl > 0 (decisive only),COMPATIBILITY_ONLY_NOT_PRODUCTION,2500103.8841,2280641.3266,9883.8276,11764,10369,-0.00395337,-0.05088190,-0.00239824,-0.00395337,-9883.8276,2500103.8841,OK,0.0000,395.3531,4.0000,96.0000,AG03-UNRESOLVED,ALL5_LEVELS_bet23_to_bet27,395.3531,395.3531,395.3531,395.3531,395.3531,4.000000,4.000000,4.000000,4.000000,4.000000,96.000000,96.000000,96.000000,96.000000,96.000000,5.0,1976.7655,1824.8244,7907.0621,8059.0032,PENDING_AG03,FALSE,NOT_FOR_ENFORCEMENT,9488.4745,2189415.6736,9883.8276,9488.4745,395.3531,0.00395337,0.00379523,395.3531,9488.4745,0.00379523,395.3531,395.3531,395.3531,395.3531,395.3531,9488.4745,0.00379523,1976.7655,1824.8244,7907.0621,8059.0032,0.00316269,0.00322347,0.00015813,212.5216,219.9480,0.9532,119.0823,2.3972,30121.7335,124.9277,49.0469,238.9093,36.5364,75.9244,374.9013,749.8027,789.266,1183.8989,75.8035,-1.1839,10.395423,15.593133,2.799122,29,215,300,5,0.03207536,0.00395337,0.05088190,0E-8,0.000000,0.912219,0.000000,-0.04848366,2026-03-31,2026-08-01,83,4123,1621,124,0.669355,0.205295,0.230786,0.106918,,,,,,,,GLOBAL_BASELINE_NO_ENTITY_RANKING,,,NOT_APPLICABLE_GLOBAL_BASELINE,HF9g-P5,,,,X 全窗基线 · 不参与实体赏罚,15054653,1506,A168_HF9F_20260827_0900,2026-08-27 09:00:00
2026-04-10,92755421,919,0,60.8939227866,-20.2979742622,-20.2979742622,0.3333333,3,3,0.50218230000000000,0.502182300000,-0.5849155494134425,-0.5849155494134426,-0.5849155494134425,0E-17,ELIGIBLE,R03b_20260811_FULL_v1,L1_ELIGIBILITY,v2026-08-11,2026-03-21..2026-08-06,baccarat_bet02_101_all_pairs_incl_sentinel,round_win = game_pnl > 0 (decisive only),COMPATIBILITY_ONLY_NOT_PRODUCTION,2500103.8841,2280641.3266,9883.8276,11764,10369,-0.00395337,-0.05088190,-0.00239824,-0.00395337,-9883.8276,2500103.8841,OK,0.0000,395.3531,4.0000,96.0000,AG03-UNRESOLVED,ALL5_LEVELS_bet23_to_bet27,395.3531,395.3531,395.3531,395.3531,395.3531,4.000000,4.000000,4.000000,4.000000,4.000000,96.000000,96.000000,96.000000,96.000000,96.000000,5.0,1976.7655,1824.8244,7907.0621,8059.0032,PENDING_AG03,FALSE,NOT_FOR_ENFORCEMENT,9488.4745,2189415.6736,9883.8276,9488.4745,395.3531,0.00395337,0.00379523,395.3531,9488.4745,0.00379523,395.3531,395.3531,395.3531,395.3531,395.3531,9488.4745,0.00379523,1976.7655,1824.8244,7907.0621,8059.0032,0.00316269,0.00322347,0.00015813,212.5216,219.9480,0.9532,119.0823,2.3972,30121.7335,124.9277,49.0469,238.9093,36.5364,75.9244,374.9013,749.8027,789.266,1183.8989,75.8035,-1.1839,10.395423,15.593133,2.799122,29,215,300,5,0.03207536,0.00395337,0.05088190,0E-8,0.000000,0.912219,0.000000,-0.04848366,2026-03-31,2026-08-01,83,4123,1621,124,0.669355,0.205295,0.230786,0.106918,,,,,,,,GLOBAL_BASELINE_NO_ENTITY_RANKING,,,NOT_APPLICABLE_GLOBAL_BASELINE,HF9g-P5,,,,X 全窗基线 · 不参与实体赏罚,15054654,1506,A168_HF9F_20260827_0900,2026-08-27 09:00:00
2026-04-10,92755421,986,0,24.3575691146,-24.3575691146,-24.3575691146,0E-7,2,1,0.41417706666731590,0.256040200000,-0.8408331769926785,-0.5866503638730671,-0.8408331769926785,0.15813686666731590,ELIGIBLE,R03b_20260811_FULL_v1,L1_ELIGIBILITY,v2026-08-11,2026-03-21..2026-08-06,baccarat_bet02_101_all_pairs_incl_sentinel,round_win = game_pnl > 0 (decisive only),COMPATIBILITY_ONLY_NOT_PRODUCTION,2500103.8841,2280641.3266,9883.8276,11764,10369,-0.00395337,-0.05088190,-0.00239824,-0.00395337,-9883.8276,2500103.8841,OK,0.0000,395.3531,4.0000,96.0000,AG03-UNRESOLVED,ALL5_LEVELS_bet23_to_bet27,395.3531,395.3531,395.3531,395.3531,395.3531,4.000000,4.000000,4.000000,4.000000,4.000000,96.000000,96.000000,96.000000,96.000000,96.000000,5.0,1976.7655,1824.8244,7907.0621,8059.0032,PENDING_AG03,FALSE,NOT_FOR_ENFORCEMENT,9488.4745,2189415.6736,9883.8276,9488.4745,395.3531,0.00395337,0.00379523,395.3531,9488.4745,0.00379523,395.3531,395.3531,395.3531,395.3531,395.3531,9488.4745,0.00379523,1976.7655,1824.8244,7907.0621,8059.0032,0.00316269,0.00322347,0.00015813,212.5216,219.9480,0.9532,119.0823,2.3972,30121.7335,124.9277,49.0469,238.9093,36.5364,75.9244,374.9013,749.8027,789.266,1183.8989,75.8035,-1.1839,10.395423,15.593133,2.799122,29,215,300,5,0.03207536,0.00395337,0.05088190,0E-8,0.000000,0.912219,0.000000,-0.04848366,2026-03-31,2026-08-01,83,4123,1621,124,0.669355,0.205295,0.230786,0.106918,,,,,,,,GLOBAL_BASELINE_NO_ENTITY_RANKING,,,NOT_APPLICABLE_GLOBAL_BASELINE,HF9g-P5,,,,X 全窗基线 · 不参与实体赏罚,15054655,1506,A168_HF9F_20260827_0900,2026-08-27 09:00:00
2026-04-11,92755421,-1,1,24.3575691144,3.8566151098,3.8566151098,0.6000000,6,6,0.49994810000000000,0.499948100000,0.44744570176651083,0.44744570176651083,0.44744570176651083,0E-17,SENTINEL_DEALER,R03b_20260811_FULL_v1,L1_ELIGIBILITY,v2026-08-11,2026-03-21..2026-08-06,baccarat_bet02_101_all_pairs_incl_sentinel,round_win = game_pnl > 0 (decisive only),COMPATIBILITY_ONLY_NOT_PRODUCTION,2500103.8841,2280641.3266,9883.8276,11764,10369,-0.00395337,-0.05088190,-0.00239824,-0.00395337,-9883.8276,2500103.8841,OK,0.0000,395.3531,4.0000,96.0000,AG03-UNRESOLVED,ALL5_LEVELS_bet23_to_bet27,395.3531,395.3531,395.3531,395.3531,395.3531,4.000000,4.000000,4.000000,4.000000,4.000000,96.000000,96.000000,96.000000,96.000000,96.000000,5.0,1976.7655,1824.8244,7907.0621,8059.0032,PENDING_AG03,FALSE,NOT_FOR_ENFORCEMENT,9488.4745,2189415.6736,9883.8276,9488.4745,395.3531,0.00395337,0.00379523,395.3531,9488.4745,0.00379523,395.3531,395.3531,395.3531,395.3531,395.3531,9488.4745,0.00379523,1976.7655,1824.8244,7907.0621,8059.0032,0.00316269,0.00322347,0.00015813,212.5216,219.9480,0.9532,119.0823,2.3972,30121.7335,124.9277,49.0469,238.9093,36.5364,75.9244,374.9013,749.8027,789.266,1183.8989,75.8035,-1.1839,10.395423,15.593133,2.799122,29,215,300,5,0.03207536,0.00395337,0.05088190,0E-8,0.000000,0.912219,0.000000,-0.04848366,2026-03-31,2026-08-01,83,4123,1621,124,0.669355,0.205295,0.230786,0.106918,,,,,,,,GLOBAL_BASELINE_NO_ENTITY_RANKING,,,NOT_APPLICABLE_GLOBAL_BASELINE,HF9g-P5,,,,X 全窗基线 · 不参与实体赏罚,15054656,1506,A168_HF9F_20260827_0900,2026-08-27 09:00:00
2026-04-11,92755421,1750,0,4.0595948524,-4.0595948524,-4.0595948524,0E-7,1,1,0.49324550000000000,0.493245500000,-0.9865810262130424,-0.9865810262130424,-0.9865810262130424,0E-17,ELIGIBLE,R03b_20260811_FULL_v1,L1_ELIGIBILITY,v2026-08-11,2026-03-21..2026-08-06,baccarat_bet02_101_all_pairs_incl_sentinel,round_win = game_pnl > 0 (decisive only),COMPATIBILITY_ONLY_NOT_PRODUCTION,2500103.8841,2280641.3266,9883.8276,11764,10369,-0.00395337,-0.05088190,-0.00239824,-0.00395337,-9883.8276,2500103.8841,OK,0.0000,395.3531,4.0000,96.0000,AG03-UNRESOLVED,ALL5_LEVELS_bet23_to_bet27,395.3531,395.3531,395.3531,395.3531,395.3531,4.000000,4.000000,4.000000,4.000000,4.000000,96.000000,96.000000,96.000000,96.000000,96.000000,5.0,1976.7655,1824.8244,7907.0621,8059.0032,PENDING_AG03,FALSE,NOT_FOR_ENFORCEMENT,9488.4745,2189415.6736,9883.8276,9488.4745,395.3531,0.00395337,0.00379523,395.3531,9488.4745,0.00379523,395.3531,395.3531,395.3531,395.3531,395.3531,9488.4745,0.00379523,1976.7655,1824.8244,7907.0621,8059.0032,0.00316269,0.00322347,0.00015813,212.5216,219.9480,0.9532,119.0823,2.3972,30121.7335,124.9277,49.0469,238.9093,36.5364,75.9244,374.9013,749.8027,789.266,1183.8989,75.8035,-1.1839,10.395423,15.593133,2.799122,29,215,300,5,0.03207536,0.00395337,0.05088190,0E-8,0.000000,0.912219,0.000000,-0.04848366,2026-03-31,2026-08-01,83,4123,1621,124,0.669355,0.205295,0.230786,0.106918,,,,,,,,GLOBAL_BASELINE_NO_ENTITY_RANKING,,,NOT_APPLICABLE_GLOBAL_BASELINE,HF9g-P5,,,,X 全窗基线 · 不参与实体赏罚,15054657,1506,A168_HF9F_20260827_0900,2026-08-27 09:00:00
2026-04-11,92755421,2069,0,12.1787845572,-4.0595948524,-4.0595948524,0E-7,3,3,0.49324550000000000,0.493245500000,-0.9865810262130424,-0.9865810262130424,-0.9865810262130424,0E-17,ELIGIBLE,R03b_20260811_FULL_v1,L1_ELIGIBILITY,v2026-08-11,2026-03-21..2026-08-06,baccarat_bet02_101_all_pairs_incl_sentinel,round_win = game_pnl > 0 (decisive only),COMPATIBILITY_ONLY_NOT_PRODUCTION,2500103.8841,2280641.3266,9883.8276,11764,10369,-0.00395337,-0.05088190,-0.00239824,-0.00395337,-9883.8276,2500103.8841,OK,0.0000,395.3531,4.0000,96.0000,AG03-UNRESOLVED,ALL5_LEVELS_bet23_to_bet27,395.3531,395.3531,395.3531,395.3531,395.3531,4.000000,4.000000,4.000000,4.000000,4.000000,96.000000,96.000000,96.000000,96.000000,96.000000,5.0,1976.7655,1824.8244,7907.0621,8059.0032,PENDING_AG03,FALSE,NOT_FOR_ENFORCEMENT,9488.4745,2189415.6736,9883.8276,9488.4745,395.3531,0.00395337,0.00379523,395.3531,9488.4745,0.00379523,395.3531,395.3531,395.3531,395.3531,395.3531,9488.4745,0.00379523,1976.7655,1824.8244,7907.0621,8059.0032,0.00316269,0.00322347,0.00015813,212.5216,219.9480,0.9532,119.0823,2.3972,30121.7335,124.9277,49.0469,238.9093,36.5364,75.9244,374.9013,749.8027,789.266,1183.8989,75.8035,-1.1839,10.395423,15.593133,2.799122,29,215,300,5,0.03207536,0.00395337,0.05088190,0E-8,0.000000,0.912219,0.000000,-0.04848366,2026-03-31,2026-08-01,83,4123,1621,124,0.669355,0.205295,0.230786,0.106918,,,,,,,,GLOBAL_BASELINE_NO_ENTITY_RANKING,,,NOT_APPLICABLE_GLOBAL_BASELINE,HF9g-P5,,,,X 全窗基线 · 不参与实体赏罚,15054658,1506,A168_HF9F_20260827_0900,2026-08-27 09:00:00
2026-04-11,92755421,2188,0,17.0502983802,-1.6238379410,-1.6238379410,0.3333333,4,3,0.46465800769278171,0.420879666667,-0.456062739352531,-0.30713917230378546,-0.456062739352531,0.04377834102578171,ELIGIBLE,R03b_20260811_FULL_v1,L1_ELIGIBILITY,v2026-08-11,2026-03-21..2026-08-06,baccarat_bet02_101_all_pairs_incl_sentinel,round_win = game_pnl > 0 (decisive only),COMPATIBILITY_ONLY_NOT_PRODUCTION,2500103.8841,2280641.3266,9883.8276,11764,10369,-0.00395337,-0.05088190,-0.00239824,-0.00395337,-9883.8276,2500103.8841,OK,0.0000,395.3531,4.0000,96.0000,AG03-UNRESOLVED,ALL5_LEVELS_bet23_to_bet27,395.3531,395.3531,395.3531,395.3531,395.3531,4.000000,4.000000,4.000000,4.000000,4.000000,96.000000,96.000000,96.000000,96.000000,96.000000,5.0,1976.7655,1824.8244,7907.0621,8059.0032,PENDING_AG03,FALSE,NOT_FOR_ENFORCEMENT,9488.4745,2189415.6736,9883.8276,9488.4745,395.3531,0.00395337,0.00379523,395.3531,9488.4745,0.00379523,395.3531,395.3531,395.3531,395.3531,395.3531,9488.4745,0.00379523,1976.7655,1824.8244,7907.0621,8059.0032,0.00316269,0.00322347,0.00015813,212.5216,219.9480,0.9532,119.0823,2.3972,30121.7335,124.9277,49.0469,238.9093,36.5364,75.9244,374.9013,749.8027,789.266,1183.8989,75.8035,-1.1839,10.395423,15.593133,2.799122,29,215,300,5,0.03207536,0.00395337,0.05088190,0E-8,0.000000,0.912219,0.000000,-0.04848366,2026-03-31,2026-08-01,83,4123,1621,124,0.669355,0.205295,0.230786,0.106918,,,,,,,,GLOBAL_BASELINE_NO_ENTITY_RANKING,,,NOT_APPLICABLE_GLOBAL_BASELINE,HF9g-P5,,,,X 全窗基线 · 不参与实体赏罚,15054659,1506,A168_HF9F_20260827_0900,2026-08-27 09:00:00
2026-04-11,92755421,2201,0,8.1191897049,-8.1191897049,-8.1191897049,0E-7,1,1,0.50665070000000000,0.506650700000,-1.013391052207602,-1.013391052207602,-1.013391052207602,0E-17,ELIGIBLE,R03b_20260811_FULL_v1,L1_ELIGIBILITY,v2026-08-11,2026-03-21..2026-08-06,baccarat_bet02_101_all_pairs_incl_sentinel,round_win = game_pnl > 0 (decisive only),COMPATIBILITY_ONLY_NOT_PRODUCTION,2500103.8841,2280641.3266,9883.8276,11764,10369,-0.00395337,-0.05088190,-0.00239824,-0.00395337,-9883.8276,2500103.8841,OK,0.0000,395.3531,4.0000,96.0000,AG03-UNRESOLVED,ALL5_LEVELS_bet23_to_bet27,395.3531,395.3531,395.3531,395.3531,395.3531,4.000000,4.000000,4.000000,4.000000,4.000000,96.000000,96.000000,96.000000,96.000000,96.000000,5.0,1976.7655,1824.8244,7907.0621,8059.0032,PENDING_AG03,FALSE,NOT_FOR_ENFORCEMENT,9488.4745,2189415.6736,9883.8276,9488.4745,395.3531,0.00395337,0.00379523,395.3531,9488.4745,0.00379523,395.3531,395.3531,395.3531,395.3531,395.3531,9488.4745,0.00379523,1976.7655,1824.8244,7907.0621,8059.0032,0.00316269,0.00322347,0.00015813,212.5216,219.9480,0.9532,119.0823,2.3972,30121.7335,124.9277,49.0469,238.9093,36.5364,75.9244,374.9013,749.8027,789.266,1183.8989,75.8035,-1.1839,10.395423,15.593133,2.799122,29,215,300,5,0.03207536,0.00395337,0.05088190,0E-8,0.000000,0.912219,0.000000,-0.04848366,2026-03-31,2026-08-01,83,4123,1621,124,0.669355,0.205295,0.230786,0.106918,,,,,,,,GLOBAL_BASELINE_NO_ENTITY_RANKING,,,NOT_APPLICABLE_GLOBAL_BASELINE,HF9g-P5,,,,X 全窗基线 · 不参与实体赏罚,15054660,1506,A168_HF9F_20260827_0900,2026-08-27 09:00:00
2026-04-11,92755421,2205,0,4.0595948524,-4.0595948524,-4.0595948524,0E-7,1,1,0.49324550000000000,0.493245500000,-0.9865810262130424,-0.9865810262130424,-0.9865810262130424,0E-17,ELIGIBLE,R03b_20260811_FULL_v1,L1_ELIGIBILITY,v2026-08-11,2026-03-21..2026-08-06,baccarat_bet02_101_all_pairs_incl_sentinel,round_win = game_pnl > 0 (decisive only),COMPATIBILITY_ONLY_NOT_PRODUCTION,2500103.8841,2280641.3266,9883.8276,11764,10369,-0.00395337,-0.05088190,-0.00239824,-0.00395337,-9883.8276,2500103.8841,OK,0.0000,395.3531,4.0000,96.0000,AG03-UNRESOLVED,ALL5_LEVELS_bet23_to_bet27,395.3531,395.3531,395.3531,395.3531,395.3531,4.000000,4.000000,4.000000,4.000000,4.000000,96.000000,96.000000,96.000000,96.000000,96.000000,5.0,1976.7655,1824.8244,7907.0621,8059.0032,PENDING_AG03,FALSE,NOT_FOR_ENFORCEMENT,9488.4745,2189415.6736,9883.8276,9488.4745,395.3531,0.00395337,0.00379523,395.3531,9488.4745,0.00379523,395.3531,395.3531,395.3531,395.3531,395.3531,9488.4745,0.00379523,1976.7655,1824.8244,7907.0621,8059.0032,0.00316269,0.00322347,0.00015813,212.5216,219.9480,0.9532,119.0823,2.3972,30121.7335,124.9277,49.0469,238.9093,36.5364,75.9244,374.9013,749.8027,789.266,1183.8989,75.8035,-1.1839,10.395423,15.593133,2.799122,29,215,300,5,0.03207536,0.00395337,0.05088190,0E-8,0.000000,0.912219,0.000000,-0.04848366,2026-03-31,2026-08-01,83,4123,1621,124,0.669355,0.205295,0.230786,0.106918,,,,,,,,GLOBAL_BASELINE_NO_ENTITY_RANKING,,,NOT_APPLICABLE_GLOBAL_BASELINE,HF9g-P5,,,,X 全窗基线 · 不参与实体赏罚,15054661,1506,A168_HF9F_20260827_0900,2026-08-27 09:00:00
2026-04-11,92755421,2241,0,4.0595948524,-4.0595948524,-4.0595948524,0E-7,1,1,0.49324550000000000,0.493245500000,-0.9865810262130424,-0.9865810262130424,-0.9865810262130424,0E-17,ELIGIBLE,R03b_20260811_FULL_v1,L1_ELIGIBILITY,v2026-08-11,2026-03-21..2026-08-06,baccarat_bet02_101_all_pairs_incl_sentinel,round_win = game_pnl > 0 (decisive only),COMPATIBILITY_ONLY_NOT_PRODUCTION,2500103.8841,2280641.3266,9883.8276,11764,10369,-0.00395337,-0.05088190,-0.00239824,-0.00395337,-9883.8276,2500103.8841,OK,0.0000,395.3531,4.0000,96.0000,AG03-UNRESOLVED,ALL5_LEVELS_bet23_to_bet27,395.3531,395.3531,395.3531,395.3531,395.3531,4.000000,4.000000,4.000000,4.000000,4.000000,96.000000,96.000000,96.000000,96.000000,96.000000,5.0,1976.7655,1824.8244,7907.0621,8059.0032,PENDING_AG03,FALSE,NOT_FOR_ENFORCEMENT,9488.4745,2189415.6736,9883.8276,9488.4745,395.3531,0.00395337,0.00379523,395.3531,9488.4745,0.00379523,395.3531,395.3531,395.3531,395.3531,395.3531,9488.4745,0.00379523,1976.7655,1824.8244,7907.0621,8059.0032,0.00316269,0.00322347,0.00015813,212.5216,219.9480,0.9532,119.0823,2.3972,30121.7335,124.9277,49.0469,238.9093,36.5364,75.9244,374.9013,749.8027,789.266,1183.8989,75.8035,-1.1839,10.395423,15.593133,2.799122,29,215,300,5,0.03207536,0.00395337,0.05088190,0E-8,0.000000,0.912219,0.000000,-0.04848366,2026-03-31,2026-08-01,83,4123,1621,124,0.669355,0.205295,0.230786,0.106918,,,,,,,,GLOBAL_BASELINE_NO_ENTITY_RANKING,,,NOT_APPLICABLE_GLOBAL_BASELINE,HF9g-P5,,,,X 全窗基线 · 不参与实体赏罚,15054662,1506,A168_HF9F_20260827_0900,2026-08-27 09:00:00
2026-04-11,92755421,2251,0,43.4376649210,8.9311086752,8.9311086752,0.7500000,10,8,0.47312131011902002,0.440646775000,1.568530446685656,1.7624275385968287,1.568530446685656,0.03247453511902002,ELIGIBLE,R03b_20260811_FULL_v1,L1_ELIGIBILITY,v2026-08-11,2026-03-21..2026-08-06,baccarat_bet02_101_all_pairs_incl_sentinel,round_win = game_pnl > 0 (decisive only),COMPATIBILITY_ONLY_NOT_PRODUCTION,2500103.8841,2280641.3266,9883.8276,11764,10369,-0.00395337,-0.05088190,-0.00239824,-0.00395337,-9883.8276,2500103.8841,OK,0.0000,395.3531,4.0000,96.0000,AG03-UNRESOLVED,ALL5_LEVELS_bet23_to_bet27,395.3531,395.3531,395.3531,395.3531,395.3531,4.000000,4.000000,4.000000,4.000000,4.000000,96.000000,96.000000,96.000000,96.000000,96.000000,5.0,1976.7655,1824.8244,7907.0621,8059.0032,PENDING_AG03,FALSE,NOT_FOR_ENFORCEMENT,9488.4745,2189415.6736,9883.8276,9488.4745,395.3531,0.00395337,0.00379523,395.3531,9488.4745,0.00379523,395.3531,395.3531,395.3531,395.3531,395.3531,9488.4745,0.00379523,1976.7655,1824.8244,7907.0621,8059.0032,0.00316269,0.00322347,0.00015813,212.5216,219.9480,0.9532,119.0823,2.3972,30121.7335,124.9277,49.0469,238.9093,36.5364,75.9244,374.9013,749.8027,789.266,1183.8989,75.8035,-1.1839,10.395423,15.593133,2.799122,29,215,300,5,0.03207536,0.00395337,0.05088190,0E-8,0.000000,0.912219,0.000000,-0.04848366,2026-03-31,2026-08-01,83,4123,1621,124,0.669355,0.205295,0.230786,0.106918,,,,,,,,GLOBAL_BASELINE_NO_ENTITY_RANKING,,,NOT_APPLICABLE_GLOBAL_BASELINE,HF9g-P5,,,,X 全窗基线 · 不参与实体赏罚,15054663,1506,A168_HF9F_20260827_0900,2026-08-27 09:00:00
2026-04-11,92755421,2256,0,32.0707993344,4.0595948524,4.0595948524,0.6666667,5,4,0.47833042105246972,0.443998075000,0.6530294678190934,0.7762308489480623,0.6530294678190934,0.03433234605246972,ELIGIBLE,R03b_20260811_FULL_v1,L1_ELIGIBILITY,v2026-08-11,2026-03-21..2026-08-06,baccarat_bet02_101_all_pairs_incl_sentinel,round_win = game_pnl > 0 (decisive only),COMPATIBILITY_ONLY_NOT_PRODUCTION,2500103.8841,2280641.3266,9883.8276,11764,10369,-0.00395337,-0.05088190,-0.00239824,-0.00395337,-9883.8276,2500103.8841,OK,0.0000,395.3531,4.0000,96.0000,AG03-UNRESOLVED,ALL5_LEVELS_bet23_to_bet27,395.3531,395.3531,395.3531,395.3531,395.3531,4.000000,4.000000,4.000000,4.000000,4.000000,96.000000,96.000000,96.000000,96.000000,96.000000,5.0,1976.7655,1824.8244,7907.0621,8059.0032,PENDING_AG03,FALSE,NOT_FOR_ENFORCEMENT,9488.4745,2189415.6736,9883.8276,9488.4745,395.3531,0.00395337,0.00379523,395.3531,9488.4745,0.00379523,395.3531,395.3531,395.3531,395.3531,395.3531,9488.4745,0.00379523,1976.7655,1824.8244,7907.0621,8059.0032,0.00316269,0.00322347,0.00015813,212.5216,219.9480,0.9532,119.0823,2.3972,30121.7335,124.9277,49.0469,238.9093,36.5364,75.9244,374.9013,749.8027,789.266,1183.8989,75.8035,-1.1839,10.395423,15.593133,2.799122,29,215,300,5,0.03207536,0.00395337,0.05088190,0E-8,0.000000,0.912219,0.000000,-0.04848366,2026-03-31,2026-08-01,83,4123,1621,124,0.669355,0.205295,0.230786,0.106918,,,,,,,,GLOBAL_BASELINE_NO_ENTITY_RANKING,,,NOT_APPLICABLE_GLOBAL_BASELINE,HF9g-P5,,,,X 全窗基线 · 不参与实体赏罚,15054664,1506,A168_HF9F_20260827_0900,2026-08-27 09:00:00
2026-04-11,92755421,471,0,8.1191897048,-4.0595948524,-4.0595948524,0E-7,2,2,0.49324550000000000,0.493245500000,-0.9865810262130424,-0.9865810262130424,-0.9865810262130424,0E-17,ELIGIBLE,R03b_20260811_FULL_v1,L1_ELIGIBILITY,v2026-08-11,2026-03-21..2026-08-06,baccarat_bet02_101_all_pairs_incl_sentinel,round_win = game_pnl > 0 (decisive only),COMPATIBILITY_ONLY_NOT_PRODUCTION,2500103.8841,2280641.3266,9883.8276,11764,10369,-0.00395337,-0.05088190,-0.00239824,-0.00395337,-9883.8276,2500103.8841,OK,0.0000,395.3531,4.0000,96.0000,AG03-UNRESOLVED,ALL5_LEVELS_bet23_to_bet27,395.3531,395.3531,395.3531,395.3531,395.3531,4.000000,4.000000,4.000000,4.000000,4.000000,96.000000,96.000000,96.000000,96.000000,96.000000,5.0,1976.7655,1824.8244,7907.0621,8059.0032,PENDING_AG03,FALSE,NOT_FOR_ENFORCEMENT,9488.4745,2189415.6736,9883.8276,9488.4745,395.3531,0.00395337,0.00379523,395.3531,9488.4745,0.00379523,395.3531,395.3531,395.3531,395.3531,395.3531,9488.4745,0.00379523,1976.7655,1824.8244,7907.0621,8059.0032,0.00316269,0.00322347,0.00015813,212.5216,219.9480,0.9532,119.0823,2.3972,30121.7335,124.9277,49.0469,238.9093,36.5364,75.9244,374.9013,749.8027,789.266,1183.8989,75.8035,-1.1839,10.395423,15.593133,2.799122,29,215,300,5,0.03207536,0.00395337,0.05088190,0E-8,0.000000,0.912219,0.000000,-0.04848366,2026-03-31,2026-08-01,83,4123,1621,124,0.669355,0.205295,0.230786,0.106918,,,,,,,,GLOBAL_BASELINE_NO_ENTITY_RANKING,,,NOT_APPLICABLE_GLOBAL_BASELINE,HF9g-P5,,,,X 全窗基线 · 不参与实体赏罚,15054665,1506,A168_HF9F_20260827_0900,2026-08-27 09:00:00
2026-04-11,92755421,919,0,4.0595948524,0E-10,0E-10,,1,1,0.49324550000000000,0.493245500000,,,,0E-17,NO_DECISIVE_ROUND,R03b_20260811_FULL_v1,L1_ELIGIBILITY,v2026-08-11,2026-03-21..2026-08-06,baccarat_bet02_101_all_pairs_incl_sentinel,round_win = game_pnl > 0 (decisive only),COMPATIBILITY_ONLY_NOT_PRODUCTION,2500103.8841,2280641.3266,9883.8276,11764,10369,-0.00395337,-0.05088190,-0.00239824,-0.00395337,-9883.8276,2500103.8841,OK,0.0000,395.3531,4.0000,96.0000,AG03-UNRESOLVED,ALL5_LEVELS_bet23_to_bet27,395.3531,395.3531,395.3531,395.3531,395.3531,4.000000,4.000000,4.000000,4.000000,4.000000,96.000000,96.000000,96.000000,96.000000,96.000000,5.0,1976.7655,1824.8244,7907.0621,8059.0032,PENDING_AG03,FALSE,NOT_FOR_ENFORCEMENT,9488.4745,2189415.6736,9883.8276,9488.4745,395.3531,0.00395337,0.00379523,395.3531,9488.4745,0.00379523,395.3531,395.3531,395.3531,395.3531,395.3531,9488.4745,0.00379523,1976.7655,1824.8244,7907.0621,8059.0032,0.00316269,0.00322347,0.00015813,212.5216,219.9480,0.9532,119.0823,2.3972,30121.7335,124.9277,49.0469,238.9093,36.5364,75.9244,374.9013,749.8027,789.266,1183.8989,75.8035,-1.1839,10.395423,15.593133,2.799122,29,215,300,5,0.03207536,0.00395337,0.05088190,0E-8,0.000000,0.912219,0.000000,-0.04848366,2026-03-31,2026-08-01,83,4123,1621,124,0.669355,0.205295,0.230786,0.106918,,,,,,,,GLOBAL_BASELINE_NO_ENTITY_RANKING,,,NOT_APPLICABLE_GLOBAL_BASELINE,HF9g-P5,,,,X 全窗基线 · 不参与实体赏罚,15054666,1506,A168_HF9F_20260827_0900,2026-08-27 09:00:00
2026-04-11,92755421,970,0,8.1191897048,-4.0595948524,-4.0595948524,0E-7,2,2,0.49324550000000000,0.493245500000,-0.9865810262130424,-0.9865810262130424,-0.9865810262130424,0E-17,ELIGIBLE,R03b_20260811_FULL_v1,L1_ELIGIBILITY,v2026-08-11,2026-03-21..2026-08-06,baccarat_bet02_101_all_pairs_incl_sentinel,round_win = game_pnl > 0 (decisive only),COMPATIBILITY_ONLY_NOT_PRODUCTION,2500103.8841,2280641.3266,9883.8276,11764,10369,-0.00395337,-0.05088190,-0.00239824,-0.00395337,-9883.8276,2500103.8841,OK,0.0000,395.3531,4.0000,96.0000,AG03-UNRESOLVED,ALL5_LEVELS_bet23_to_bet27,395.3531,395.3531,395.3531,395.3531,395.3531,4.000000,4.000000,4.000000,4.000000,4.000000,96.000000,96.000000,96.000000,96.000000,96.000000,5.0,1976.7655,1824.8244,7907.0621,8059.0032,PENDING_AG03,FALSE,NOT_FOR_ENFORCEMENT,9488.4745,2189415.6736,9883.8276,9488.4745,395.3531,0.00395337,0.00379523,395.3531,9488.4745,0.00379523,395.3531,395.3531,395.3531,395.3531,395.3531,9488.4745,0.00379523,1976.7655,1824.8244,7907.0621,8059.0032,0.00316269,0.00322347,0.00015813,212.5216,219.9480,0.9532,119.0823,2.3972,30121.7335,124.9277,49.0469,238.9093,36.5364,75.9244,374.9013,749.8027,789.266,1183.8989,75.8035,-1.1839,10.395423,15.593133,2.799122,29,215,300,5,0.03207536,0.00395337,0.05088190,0E-8,0.000000,0.912219,0.000000,-0.04848366,2026-03-31,2026-08-01,83,4123,1621,124,0.669355,0.205295,0.230786,0.106918,,,,,,,,GLOBAL_BASELINE_NO_ENTITY_RANKING,,,NOT_APPLICABLE_GLOBAL_BASELINE,HF9g-P5,,,,X 全窗基线 · 不参与实体赏罚,15054667,1506,A168_HF9F_20260827_0900,2026-08-27 09:00:00
2026-04-12,92755421,-1,1,3036.1709901349,118.8446393053,118.8446393053,0.5108696,131,100,0.49195668498738543,0.426414457000,0.36285890210530386,1.637965604915901,0.36285890210530386,0.06554222798738543,SENTINEL_DEALER,R03b_20260811_FULL_v1,L1_ELIGIBILITY,v2026-08-11,2026-03-21..2026-08-06,baccarat_bet02_101_all_pairs_incl_sentinel,round_win = game_pnl > 0 (decisive only),COMPATIBILITY_ONLY_NOT_PRODUCTION,2500103.8841,2280641.3266,9883.8276,11764,10369,-0.00395337,-0.05088190,-0.00239824,-0.00395337,-9883.8276,2500103.8841,OK,0.0000,395.3531,4.0000,96.0000,AG03-UNRESOLVED,ALL5_LEVELS_bet23_to_bet27,395.3531,395.3531,395.3531,395.3531,395.3531,4.000000,4.000000,4.000000,4.000000,4.000000,96.000000,96.000000,96.000000,96.000000,96.000000,5.0,1976.7655,1824.8244,7907.0621,8059.0032,PENDING_AG03,FALSE,NOT_FOR_ENFORCEMENT,9488.4745,2189415.6736,9883.8276,9488.4745,395.3531,0.00395337,0.00379523,395.3531,9488.4745,0.00379523,395.3531,395.3531,395.3531,395.3531,395.3531,9488.4745,0.00379523,1976.7655,1824.8244,7907.0621,8059.0032,0.00316269,0.00322347,0.00015813,212.5216,219.9480,0.9532,119.0823,2.3972,30121.7335,124.9277,49.0469,238.9093,36.5364,75.9244,374.9013,749.8027,789.266,1183.8989,75.8035,-1.1839,10.395423,15.593133,2.799122,29,215,300,5,0.03207536,0.00395337,0.05088190,0E-8,0.000000,0.912219,0.000000,-0.04848366,2026-03-31,2026-08-01,83,4123,1621,124,0.669355,0.205295,0.230786,0.106918,,,,,,,,GLOBAL_BASELINE_NO_ENTITY_RANKING,,,NOT_APPLICABLE_GLOBAL_BASELINE,HF9g-P5,,,,X 全窗基线 · 不参与实体赏罚,15054668,1506,A168_HF9F_20260827_0900,2026-08-27 09:00:00
2026-04-12,92755421,1078,0,202.9797426215,-83.2216944748,-83.2216944748,0.2500000,5,5,0.50128862000000000,0.501288620000,-1.0051578182180947,-1.0051578182180947,-1.0051578182180947,0E-17,ELIGIBLE,R03b_20260811_FULL_v1,L1_ELIGIBILITY,v2026-08-11,2026-03-21..2026-08-06,baccarat_bet02_101_all_pairs_incl_sentinel,round_win = game_pnl > 0 (decisive only),COMPATIBILITY_ONLY_NOT_PRODUCTION,2500103.8841,2280641.3266,9883.8276,11764,10369,-0.00395337,-0.05088190,-0.00239824,-0.00395337,-9883.8276,2500103.8841,OK,0.0000,395.3531,4.0000,96.0000,AG03-UNRESOLVED,ALL5_LEVELS_bet23_to_bet27,395.3531,395.3531,395.3531,395.3531,395.3531,4.000000,4.000000,4.000000,4.000000,4.000000,96.000000,96.000000,96.000000,96.000000,96.000000,5.0,1976.7655,1824.8244,7907.0621,8059.0032,PENDING_AG03,FALSE,NOT_FOR_ENFORCEMENT,9488.4745,2189415.6736,9883.8276,9488.4745,395.3531,0.00395337,0.00379523,395.3531,9488.4745,0.00379523,395.3531,395.3531,395.3531,395.3531,395.3531,9488.4745,0.00379523,1976.7655,1824.8244,7907.0621,8059.0032,0.00316269,0.00322347,0.00015813,212.5216,219.9480,0.9532,119.0823,2.3972,30121.7335,124.9277,49.0469,238.9093,36.5364,75.9244,374.9013,749.8027,789.266,1183.8989,75.8035,-1.1839,10.395423,15.593133,2.799122,29,215,300,5,0.03207536,0.00395337,0.05088190,0E-8,0.000000,0.912219,0.000000,-0.04848366,2026-03-31,2026-08-01,83,4123,1621,124,0.669355,0.205295,0.230786,0.106918,,,,,,,,GLOBAL_BASELINE_NO_ENTITY_RANKING,,,NOT_APPLICABLE_GLOBAL_BASELINE,HF9g-P5,,,,X 全窗基线 · 不参与实体赏罚,15054669,1506,A168_HF9F_20260827_0900,2026-08-27 09:00:00
2026-04-12,92755421,1094,0,19.8920147770,-19.8920147770,-19.8920147770,0E-7,2,1,0.45451810408114593,0.256040200000,-0.9128205792997435,-0.5866503638730671,-0.9128205792997435,0.19847790408114593,ELIGIBLE,R03b_20260811_FULL_v1,L1_ELIGIBILITY,v2026-08-11,2026-03-21..2026-08-06,baccarat_bet02_101_all_pairs_incl_sentinel,round_win = game_pnl > 0 (decisive only),COMPATIBILITY_ONLY_NOT_PRODUCTION,2500103.8841,2280641.3266,9883.8276,11764,10369,-0.00395337,-0.05088190,-0.00239824,-0.00395337,-9883.8276,2500103.8841,OK,0.0000,395.3531,4.0000,96.0000,AG03-UNRESOLVED,ALL5_LEVELS_bet23_to_bet27,395.3531,395.3531,395.3531,395.3531,395.3531,4.000000,4.000000,4.000000,4.000000,4.000000,96.000000,96.000000,96.000000,96.000000,96.000000,5.0,1976.7655,1824.8244,7907.0621,8059.0032,PENDING_AG03,FALSE,NOT_FOR_ENFORCEMENT,9488.4745,2189415.6736,9883.8276,9488.4745,395.3531,0.00395337,0.00379523,395.3531,9488.4745,0.00379523,395.3531,395.3531,395.3531,395.3531,395.3531,9488.4745,0.00379523,1976.7655,1824.8244,7907.0621,8059.0032,0.00316269,0.00322347,0.00015813,212.5216,219.9480,0.9532,119.0823,2.3972,30121.7335,124.9277,49.0469,238.9093,36.5364,75.9244,374.9013,749.8027,789.266,1183.8989,75.8035,-1.1839,10.395423,15.593133,2.799122,29,215,300,5,0.03207536,0.00395337,0.05088190,0E-8,0.000000,0.912219,0.000000,-0.04848366,2026-03-31,2026-08-01,83,4123,1621,124,0.669355,0.205295,0.230786,0.106918,,,,,,,,GLOBAL_BASELINE_NO_ENTITY_RANKING,,,NOT_APPLICABLE_GLOBAL_BASELINE,HF9g-P5,,,,X 全窗基线 · 不参与实体赏罚,15054670,1506,A168_HF9F_20260827_0900,2026-08-27 09:00:00
2026-04-12,92755421,1115,0,172.5327812284,-20.2979742622,-20.2979742622,0.5000000,6,4,0.49028193581881764,0.383021100000,0.03887960105743288,0.48127247406988855,0.03887960105743288,0.10726083581881764,ELIGIBLE,R03b_20260811_FULL_v1,L1_ELIGIBILITY,v2026-08-11,2026-03-21..2026-08-06,baccarat_bet02_101_all_pairs_incl_sentinel,round_win = game_pnl > 0 (decisive only),COMPATIBILITY_ONLY_NOT_PRODUCTION,2500103.8841,2280641.3266,9883.8276,11764,10369,-0.00395337,-0.05088190,-0.00239824,-0.00395337,-9883.8276,2500103.8841,OK,0.0000,395.3531,4.0000,96.0000,AG03-UNRESOLVED,ALL5_LEVELS_bet23_to_bet27,395.3531,395.3531,395.3531,395.3531,395.3531,4.000000,4.000000,4.000000,4.000000,4.000000,96.000000,96.000000,96.000000,96.000000,96.000000,5.0,1976.7655,1824.8244,7907.0621,8059.0032,PENDING_AG03,FALSE,NOT_FOR_ENFORCEMENT,9488.4745,2189415.6736,9883.8276,9488.4745,395.3531,0.00395337,0.00379523,395.3531,9488.4745,0.00379523,395.3531,395.3531,395.3531,395.3531,395.3531,9488.4745,0.00379523,1976.7655,1824.8244,7907.0621,8059.0032,0.00316269,0.00322347,0.00015813,212.5216,219.9480,0.9532,119.0823,2.3972,30121.7335,124.9277,49.0469,238.9093,36.5364,75.9244,374.9013,749.8027,789.266,1183.8989,75.8035,-1.1839,10.395423,15.593133,2.799122,29,215,300,5,0.03207536,0.00395337,0.05088190,0E-8,0.000000,0.912219,0.000000,-0.04848366,2026-03-31,2026-08-01,83,4123,1621,124,0.669355,0.205295,0.230786,0.106918,,,,,,,,GLOBAL_BASELINE_NO_ENTITY_RANKING,,,NOT_APPLICABLE_GLOBAL_BASELINE,HF9g-P5,,,,X 全窗基线 · 不参与实体赏罚,15054671,1506,A168_HF9F_20260827_0900,2026-08-27 09:00:00
2026-04-12,92755421,1210,0,97.8362359437,49.5270571998,49.5270571998,0.8000000,7,5,0.48983604448142113,0.405065980000,1.387382056797005,1.7989217023761048,1.387382056797005,0.08477006448142113,ELIGIBLE,R03b_20260811_FULL_v1,L1_ELIGIBILITY,v2026-08-11,2026-03-21..2026-08-06,baccarat_bet02_101_all_pairs_incl_sentinel,round_win = game_pnl > 0 (decisive only),COMPATIBILITY_ONLY_NOT_PRODUCTION,2500103.8841,2280641.3266,9883.8276,11764,10369,-0.00395337,-0.05088190,-0.00239824,-0.00395337,-9883.8276,2500103.8841,OK,0.0000,395.3531,4.0000,96.0000,AG03-UNRESOLVED,ALL5_LEVELS_bet23_to_bet27,395.3531,395.3531,395.3531,395.3531,395.3531,4.000000,4.000000,4.000000,4.000000,4.000000,96.000000,96.000000,96.000000,96.000000,96.000000,5.0,1976.7655,1824.8244,7907.0621,8059.0032,PENDING_AG03,FALSE,NOT_FOR_ENFORCEMENT,9488.4745,2189415.6736,9883.8276,9488.4745,395.3531,0.00395337,0.00379523,395.3531,9488.4745,0.00379523,395.3531,395.3531,395.3531,395.3531,395.3531,9488.4745,0.00379523,1976.7655,1824.8244,7907.0621,8059.0032,0.00316269,0.00322347,0.00015813,212.5216,219.9480,0.9532,119.0823,2.3972,30121.7335,124.9277,49.0469,238.9093,36.5364,75.9244,374.9013,749.8027,789.266,1183.8989,75.8035,-1.1839,10.395423,15.593133,2.799122,29,215,300,5,0.03207536,0.00395337,0.05088190,0E-8,0.000000,0.912219,0.000000,-0.04848366,2026-03-31,2026-08-01,83,4123,1621,124,0.669355,0.205295,0.230786,0.106918,,,,,,,,GLOBAL_BASELINE_NO_ENTITY_RANKING,,,NOT_APPLICABLE_GLOBAL_BASELINE,HF9g-P5,,,,X 全窗基线 · 不参与实体赏罚,15054672,1506,A168_HF9F_20260827_0900,2026-08-27 09:00:00
2026-04-12,92755421,1283,0,60.8939227865,-40.5959485243,-40.5959485243,0E-7,2,2,0.50665070000000000,0.506650700000,-1.013391052207602,-1.013391052207602,-1.013391052207602,0E-17,ELIGIBLE,R03b_20260811_FULL_v1,L1_ELIGIBILITY,v2026-08-11,2026-03-21..2026-08-06,baccarat_bet02_101_all_pairs_incl_sentinel,round_win = game_pnl > 0 (decisive only),COMPATIBILITY_ONLY_NOT_PRODUCTION,2500103.8841,2280641.3266,9883.8276,11764,10369,-0.00395337,-0.05088190,-0.00239824,-0.00395337,-9883.8276,2500103.8841,OK,0.0000,395.3531,4.0000,96.0000,AG03-UNRESOLVED,ALL5_LEVELS_bet23_to_bet27,395.3531,395.3531,395.3531,395.3531,395.3531,4.000000,4.000000,4.000000,4.000000,4.000000,96.000000,96.000000,96.000000,96.000000,96.000000,5.0,1976.7655,1824.8244,7907.0621,8059.0032,PENDING_AG03,FALSE,NOT_FOR_ENFORCEMENT,9488.4745,2189415.6736,9883.8276,9488.4745,395.3531,0.00395337,0.00379523,395.3531,9488.4745,0.00379523,395.3531,395.3531,395.3531,395.3531,395.3531,9488.4745,0.00379523,1976.7655,1824.8244,7907.0621,8059.0032,0.00316269,0.00322347,0.00015813,212.5216,219.9480,0.9532,119.0823,2.3972,30121.7335,124.9277,49.0469,238.9093,36.5364,75.9244,374.9013,749.8027,789.266,1183.8989,75.8035,-1.1839,10.395423,15.593133,2.799122,29,215,300,5,0.03207536,0.00395337,0.05088190,0E-8,0.000000,0.912219,0.000000,-0.04848366,2026-03-31,2026-08-01,83,4123,1621,124,0.669355,0.205295,0.230786,0.106918,,,,,,,,GLOBAL_BASELINE_NO_ENTITY_RANKING,,,NOT_APPLICABLE_GLOBAL_BASELINE,HF9g-P5,,,,X 全窗基线 · 不参与实体赏罚,15054673,1506,A168_HF9F_20260827_0900,2026-08-27 09:00:00
2026-04-12,92755421,1299,0,20.2979742622,-20.2979742622,-20.2979742622,0E-7,1,1,0.49324550000000000,0.493245500000,-0.9865810262130424,-0.9865810262130424,-0.9865810262130424,0E-17,ELIGIBLE,R03b_20260811_FULL_v1,L1_ELIGIBILITY,v2026-08-11,2026-03-21..2026-08-06,baccarat_bet02_101_all_pairs_incl_sentinel,round_win = game_pnl > 0 (decisive only),COMPATIBILITY_ONLY_NOT_PRODUCTION,2500103.8841,2280641.3266,9883.8276,11764,10369,-0.00395337,-0.05088190,-0.00239824,-0.00395337,-9883.8276,2500103.8841,OK,0.0000,395.3531,4.0000,96.0000,AG03-UNRESOLVED,ALL5_LEVELS_bet23_to_bet27,395.3531,395.3531,395.3531,395.3531,395.3531,4.000000,4.000000,4.000000,4.000000,4.000000,96.000000,96.000000,96.000000,96.000000,96.000000,5.0,1976.7655,1824.8244,7907.0621,8059.0032,PENDING_AG03,FALSE,NOT_FOR_ENFORCEMENT,9488.4745,2189415.6736,9883.8276,9488.4745,395.3531,0.00395337,0.00379523,395.3531,9488.4745,0.00379523,395.3531,395.3531,395.3531,395.3531,395.3531,9488.4745,0.00379523,1976.7655,1824.8244,7907.0621,8059.0032,0.00316269,0.00322347,0.00015813,212.5216,219.9480,0.9532,119.0823,2.3972,30121.7335,124.9277,49.0469,238.9093,36.5364,75.9244,374.9013,749.8027,789.266,1183.8989,75.8035,-1.1839,10.395423,15.593133,2.799122,29,215,300,5,0.03207536,0.00395337,0.05088190,0E-8,0.000000,0.912219,0.000000,-0.04848366,2026-03-31,2026-08-01,83,4123,1621,124,0.669355,0.205295,0.230786,0.106918,,,,,,,,GLOBAL_BASELINE_NO_ENTITY_RANKING,,,NOT_APPLICABLE_GLOBAL_BASELINE,HF9g-P5,,,,X 全窗基线 · 不参与实体赏罚,15054674,1506,A168_HF9F_20260827_0900,2026-08-27 09:00:00
2026-04-12,92755421,1302,0,20.2979742622,-20.2979742622,-20.2979742622,0E-7,1,1,0.50665070000000000,0.506650700000,-1.013391052207602,-1.013391052207602,-1.013391052207602,0E-17,ELIGIBLE,R03b_20260811_FULL_v1,L1_ELIGIBILITY,v2026-08-11,2026-03-21..2026-08-06,baccarat_bet02_101_all_pairs_incl_sentinel,round_win = game_pnl > 0 (decisive only),COMPATIBILITY_ONLY_NOT_PRODUCTION,2500103.8841,2280641.3266,9883.8276,11764,10369,-0.00395337,-0.05088190,-0.00239824,-0.00395337,-9883.8276,2500103.8841,OK,0.0000,395.3531,4.0000,96.0000,AG03-UNRESOLVED,ALL5_LEVELS_bet23_to_bet27,395.3531,395.3531,395.3531,395.3531,395.3531,4.000000,4.000000,4.000000,4.000000,4.000000,96.000000,96.000000,96.000000,96.000000,96.000000,5.0,1976.7655,1824.8244,7907.0621,8059.0032,PENDING_AG03,FALSE,NOT_FOR_ENFORCEMENT,9488.4745,2189415.6736,9883.8276,9488.4745,395.3531,0.00395337,0.00379523,395.3531,9488.4745,0.00379523,395.3531,395.3531,395.3531,395.3531,395.3531,9488.4745,0.00379523,1976.7655,1824.8244,7907.0621,8059.0032,0.00316269,0.00322347,0.00015813,212.5216,219.9480,0.9532,119.0823,2.3972,30121.7335,124.9277,49.0469,238.9093,36.5364,75.9244,374.9013,749.8027,789.266,1183.8989,75.8035,-1.1839,10.395423,15.593133,2.799122,29,215,300,5,0.03207536,0.00395337,0.05088190,0E-8,0.000000,0.912219,0.000000,-0.04848366,2026-03-31,2026-08-01,83,4123,1621,124,0.669355,0.205295,0.230786,0.106918,,,,,,,,GLOBAL_BASELINE_NO_ENTITY_RANKING,,,NOT_APPLICABLE_GLOBAL_BASELINE,HF9g-P5,,,,X 全窗基线 · 不参与实体赏罚,15054675,1506,A168_HF9F_20260827_0900,2026-08-27 09:00:00
2026-04-12,92755421,1304,0,202.9797426217,16.5428490238,16.5428490238,0.6666667,10,6,0.47814781586279895,0.341811233333,0.9244332716831342,1.6776345494780915,0.9244332716831342,0.13633658252979895,ELIGIBLE,R03b_20260811_FULL_v1,L1_ELIGIBILITY,v2026-08-11,2026-03-21..2026-08-06,baccarat_bet02_101_all_pairs_incl_sentinel,round_win = game_pnl > 0 (decisive only),COMPATIBILITY_ONLY_NOT_PRODUCTION,2500103.8841,2280641.3266,9883.8276,11764,10369,-0.00395337,-0.05088190,-0.00239824,-0.00395337,-9883.8276,2500103.8841,OK,0.0000,395.3531,4.0000,96.0000,AG03-UNRESOLVED,ALL5_LEVELS_bet23_to_bet27,395.3531,395.3531,395.3531,395.3531,395.3531,4.000000,4.000000,4.000000,4.000000,4.000000,96.000000,96.000000,96.000000,96.000000,96.000000,5.0,1976.7655,1824.8244,7907.0621,8059.0032,PENDING_AG03,FALSE,NOT_FOR_ENFORCEMENT,9488.4745,2189415.6736,9883.8276,9488.4745,395.3531,0.00395337,0.00379523,395.3531,9488.4745,0.00379523,395.3531,395.3531,395.3531,395.3531,395.3531,9488.4745,0.00379523,1976.7655,1824.8244,7907.0621,8059.0032,0.00316269,0.00322347,0.00015813,212.5216,219.9480,0.9532,119.0823,2.3972,30121.7335,124.9277,49.0469,238.9093,36.5364,75.9244,374.9013,749.8027,789.266,1183.8989,75.8035,-1.1839,10.395423,15.593133,2.799122,29,215,300,5,0.03207536,0.00395337,0.05088190,0E-8,0.000000,0.912219,0.000000,-0.04848366,2026-03-31,2026-08-01,83,4123,1621,124,0.669355,0.205295,0.230786,0.106918,,,,,,,,GLOBAL_BASELINE_NO_ENTITY_RANKING,,,NOT_APPLICABLE_GLOBAL_BASELINE,HF9g-P5,,,,X 全窗基线 · 不参与实体赏罚,15054676,1506,A168_HF9F_20260827_0900,2026-08-27 09:00:00
2026-04-12,92755421,1307,0,181.4638899040,-65.7654366094,-65.7654366094,0.3750000,12,8,0.48569908824052966,0.380507625000,-0.6264649044453571,-0.03208556501470346,-0.6264649044453571,0.10519146324052966,ELIGIBLE,R03b_20260811_FULL_v1,L1_ELIGIBILITY,v2026-08-11,2026-03-21..2026-08-06,baccarat_bet02_101_all_pairs_incl_sentinel,round_win = game_pnl > 0 (decisive only),COMPATIBILITY_ONLY_NOT_PRODUCTION,2500103.8841,2280641.3266,9883.8276,11764,10369,-0.00395337,-0.05088190,-0.00239824,-0.00395337,-9883.8276,2500103.8841,OK,0.0000,395.3531,4.0000,96.0000,AG03-UNRESOLVED,ALL5_LEVELS_bet23_to_bet27,395.3531,395.3531,395.3531,395.3531,395.3531,4.000000,4.000000,4.000000,4.000000,4.000000,96.000000,96.000000,96.000000,96.000000,96.000000,5.0,1976.7655,1824.8244,7907.0621,8059.0032,PENDING_AG03,FALSE,NOT_FOR_ENFORCEMENT,9488.4745,2189415.6736,9883.8276,9488.4745,395.3531,0.00395337,0.00379523,395.3531,9488.4745,0.00379523,395.3531,395.3531,395.3531,395.3531,395.3531,9488.4745,0.00379523,1976.7655,1824.8244,7907.0621,8059.0032,0.00316269,0.00322347,0.00015813,212.5216,219.9480,0.9532,119.0823,2.3972,30121.7335,124.9277,49.0469,238.9093,36.5364,75.9244,374.9013,749.8027,789.266,1183.8989,75.8035,-1.1839,10.395423,15.593133,2.799122,29,215,300,5,0.03207536,0.00395337,0.05088190,0E-8,0.000000,0.912219,0.000000,-0.04848366,2026-03-31,2026-08-01,83,4123,1621,124,0.669355,0.205295,0.230786,0.106918,,,,,,,,GLOBAL_BASELINE_NO_ENTITY_RANKING,,,NOT_APPLICABLE_GLOBAL_BASELINE,HF9g-P5,,,,X 全窗基线 · 不参与实体赏罚,15054677,1506,A168_HF9F_20260827_0900,2026-08-27 09:00:00
2026-04-12,92755421,1330,0,243.5756911458,-12.1787845572,-12.1787845572,0.5000000,8,6,0.49202144001676731,0.420879666667,0.039091778962616106,0.3925548561727286,0.039091778962616106,0.07114177334976731,ELIGIBLE,R03b_20260811_FULL_v1,L1_ELIGIBILITY,v2026-08-11,2026-03-21..2026-08-06,baccarat_bet02_101_all_pairs_incl_sentinel,round_win = game_pnl > 0 (decisive only),COMPATIBILITY_ONLY_NOT_PRODUCTION,2500103.8841,2280641.3266,9883.8276,11764,10369,-0.00395337,-0.05088190,-0.00239824,-0.00395337,-9883.8276,2500103.8841,OK,0.0000,395.3531,4.0000,96.0000,AG03-UNRESOLVED,ALL5_LEVELS_bet23_to_bet27,395.3531,395.3531,395.3531,395.3531,395.3531,4.000000,4.000000,4.000000,4.000000,4.000000,96.000000,96.000000,96.000000,96.000000,96.000000,5.0,1976.7655,1824.8244,7907.0621,8059.0032,PENDING_AG03,FALSE,NOT_FOR_ENFORCEMENT,9488.4745,2189415.6736,9883.8276,9488.4745,395.3531,0.00395337,0.00379523,395.3531,9488.4745,0.00379523,395.3531,395.3531,395.3531,395.3531,395.3531,9488.4745,0.00379523,1976.7655,1824.8244,7907.0621,8059.0032,0.00316269,0.00322347,0.00015813,212.5216,219.9480,0.9532,119.0823,2.3972,30121.7335,124.9277,49.0469,238.9093,36.5364,75.9244,374.9013,749.8027,789.266,1183.8989,75.8035,-1.1839,10.395423,15.593133,2.799122,29,215,300,5,0.03207536,0.00395337,0.05088190,0E-8,0.000000,0.912219,0.000000,-0.04848366,2026-03-31,2026-08-01,83,4123,1621,124,0.669355,0.205295,0.230786,0.106918,,,,,,,,GLOBAL_BASELINE_NO_ENTITY_RANKING,,,NOT_APPLICABLE_GLOBAL_BASELINE,HF9g-P5,,,,X 全窗基线 · 不参与实体赏罚,15054678,1506,A168_HF9F_20260827_0900,2026-08-27 09:00:00
2026-04-12,92755421,1363,0,202.1678236511,110.7254496001,110.7254496001,0.6000000,6,5,0.49852506310686001,0.453847560000,0.4538116882945643,0.6564159584284724,0.4538116882945643,0.04467750310686001,ELIGIBLE,R03b_20260811_FULL_v1,L1_ELIGIBILITY,v2026-08-11,2026-03-21..2026-08-06,baccarat_bet02_101_all_pairs_incl_sentinel,round_win = game_pnl > 0 (decisive only),COMPATIBILITY_ONLY_NOT_PRODUCTION,2500103.8841,2280641.3266,9883.8276,11764,10369,-0.00395337,-0.05088190,-0.00239824,-0.00395337,-9883.8276,2500103.8841,OK,0.0000,395.3531,4.0000,96.0000,AG03-UNRESOLVED,ALL5_LEVELS_bet23_to_bet27,395.3531,395.3531,395.3531,395.3531,395.3531,4.000000,4.000000,4.000000,4.000000,4.000000,96.000000,96.000000,96.000000,96.000000,96.000000,5.0,1976.7655,1824.8244,7907.0621,8059.0032,PENDING_AG03,FALSE,NOT_FOR_ENFORCEMENT,9488.4745,2189415.6736,9883.8276,9488.4745,395.3531,0.00395337,0.00379523,395.3531,9488.4745,0.00379523,395.3531,395.3531,395.3531,395.3531,395.3531,9488.4745,0.00379523,1976.7655,1824.8244,7907.0621,8059.0032,0.00316269,0.00322347,0.00015813,212.5216,219.9480,0.9532,119.0823,2.3972,30121.7335,124.9277,49.0469,238.9093,36.5364,75.9244,374.9013,749.8027,789.266,1183.8989,75.8035,-1.1839,10.395423,15.593133,2.799122,29,215,300,5,0.03207536,0.00395337,0.05088190,0E-8,0.000000,0.912219,0.000000,-0.04848366,2026-03-31,2026-08-01,83,4123,1621,124,0.669355,0.205295,0.230786,0.106918,,,,,,,,GLOBAL_BASELINE_NO_ENTITY_RANKING,,,NOT_APPLICABLE_GLOBAL_BASELINE,HF9g-P5,,,,X 全窗基线 · 不参与实体赏罚,15054679,1506,A168_HF9F_20260827_0900,2026-08-27 09:00:00
2026-04-12,92755421,1374,0,133.1547111598,-11.3668655869,-11.3668655869,0.3333333,5,4,0.49525756346165697,0.438971125000,-0.5609472198811019,-0.3686967906102297,-0.5609472198811019,0.05628643846165697,ELIGIBLE,R03b_20260811_FULL_v1,L1_ELIGIBILITY,v2026-08-11,2026-03-21..2026-08-06,baccarat_bet02_101_all_pairs_incl_sentinel,round_win = game_pnl > 0 (decisive only),COMPATIBILITY_ONLY_NOT_PRODUCTION,2500103.8841,2280641.3266,9883.8276,11764,10369,-0.00395337,-0.05088190,-0.00239824,-0.00395337,-9883.8276,2500103.8841,OK,0.0000,395.3531,4.0000,96.0000,AG03-UNRESOLVED,ALL5_LEVELS_bet23_to_bet27,395.3531,395.3531,395.3531,395.3531,395.3531,4.000000,4.000000,4.000000,4.000000,4.000000,96.000000,96.000000,96.000000,96.000000,96.000000,5.0,1976.7655,1824.8244,7907.0621,8059.0032,PENDING_AG03,FALSE,NOT_FOR_ENFORCEMENT,9488.4745,2189415.6736,9883.8276,9488.4745,395.3531,0.00395337,0.00379523,395.3531,9488.4745,0.00379523,395.3531,395.3531,395.3531,395.3531,395.3531,9488.4745,0.00379523,1976.7655,1824.8244,7907.0621,8059.0032,0.00316269,0.00322347,0.00015813,212.5216,219.9480,0.9532,119.0823,2.3972,30121.7335,124.9277,49.0469,238.9093,36.5364,75.9244,374.9013,749.8027,789.266,1183.8989,75.8035,-1.1839,10.395423,15.593133,2.799122,29,215,300,5,0.03207536,0.00395337,0.05088190,0E-8,0.000000,0.912219,0.000000,-0.04848366,2026-03-31,2026-08-01,83,4123,1621,124,0.669355,0.205295,0.230786,0.106918,,,,,,,,GLOBAL_BASELINE_NO_ENTITY_RANKING,,,NOT_APPLICABLE_GLOBAL_BASELINE,HF9g-P5,,,,X 全窗基线 · 不参与实体赏罚,15054680,1506,A168_HF9F_20260827_0900,2026-08-27 09:00:00
2026-04-12,92755421,1385,0,81.1918970487,-60.8939227865,-60.8939227865,0E-7,3,3,0.49771390000000000,0.497713900000,-1.4077622098436522,-1.4077622098436524,-1.4077622098436522,0E-17,ELIGIBLE,R03b_20260811_FULL_v1,L1_ELIGIBILITY,v2026-08-11,2026-03-21..2026-08-06,baccarat_bet02_101_all_pairs_incl_sentinel,round_win = game_pnl > 0 (decisive only),COMPATIBILITY_ONLY_NOT_PRODUCTION,2500103.8841,2280641.3266,9883.8276,11764,10369,-0.00395337,-0.05088190,-0.00239824,-0.00395337,-9883.8276,2500103.8841,OK,0.0000,395.3531,4.0000,96.0000,AG03-UNRESOLVED,ALL5_LEVELS_bet23_to_bet27,395.3531,395.3531,395.3531,395.3531,395.3531,4.000000,4.000000,4.000000,4.000000,4.000000,96.000000,96.000000,96.000000,96.000000,96.000000,5.0,1976.7655,1824.8244,7907.0621,8059.0032,PENDING_AG03,FALSE,NOT_FOR_ENFORCEMENT,9488.4745,2189415.6736,9883.8276,9488.4745,395.3531,0.00395337,0.00379523,395.3531,9488.4745,0.00379523,395.3531,395.3531,395.3531,395.3531,395.3531,9488.4745,0.00379523,1976.7655,1824.8244,7907.0621,8059.0032,0.00316269,0.00322347,0.00015813,212.5216,219.9480,0.9532,119.0823,2.3972,30121.7335,124.9277,49.0469,238.9093,36.5364,75.9244,374.9013,749.8027,789.266,1183.8989,75.8035,-1.1839,10.395423,15.593133,2.799122,29,215,300,5,0.03207536,0.00395337,0.05088190,0E-8,0.000000,0.912219,0.000000,-0.04848366,2026-03-31,2026-08-01,83,4123,1621,124,0.669355,0.205295,0.230786,0.106918,,,,,,,,GLOBAL_BASELINE_NO_ENTITY_RANKING,,,NOT_APPLICABLE_GLOBAL_BASELINE,HF9g-P5,,,,X 全窗基线 · 不参与实体赏罚,15054681,1506,A168_HF9F_20260827_0900,2026-08-27 09:00:00
2026-04-12,92755421,1399,0,22.3277716884,-22.3277716884,-22.3277716884,0E-7,2,1,0.45011726363674996,0.256040200000,-0.9047483347509365,-0.5866503638730671,-0.9047483347509365,0.19407706363674996,ELIGIBLE,R03b_20260811_FULL_v1,L1_ELIGIBILITY,v2026-08-11,2026-03-21..2026-08-06,baccarat_bet02_101_all_pairs_incl_sentinel,round_win = game_pnl > 0 (decisive only),COMPATIBILITY_ONLY_NOT_PRODUCTION,2500103.8841,2280641.3266,9883.8276,11764,10369,-0.00395337,-0.05088190,-0.00239824,-0.00395337,-9883.8276,2500103.8841,OK,0.0000,395.3531,4.0000,96.0000,AG03-UNRESOLVED,ALL5_LEVELS_bet23_to_bet27,395.3531,395.3531,395.3531,395.3531,395.3531,4.000000,4.000000,4.000000,4.000000,4.000000,96.000000,96.000000,96.000000,96.000000,96.000000,5.0,1976.7655,1824.8244,7907.0621,8059.0032,PENDING_AG03,FALSE,NOT_FOR_ENFORCEMENT,9488.4745,2189415.6736,9883.8276,9488.4745,395.3531,0.00395337,0.00379523,395.3531,9488.4745,0.00379523,395.3531,395.3531,395.3531,395.3531,395.3531,9488.4745,0.00379523,1976.7655,1824.8244,7907.0621,8059.0032,0.00316269,0.00322347,0.00015813,212.5216,219.9480,0.9532,119.0823,2.3972,30121.7335,124.9277,49.0469,238.9093,36.5364,75.9244,374.9013,749.8027,789.266,1183.8989,75.8035,-1.1839,10.395423,15.593133,2.799122,29,215,300,5,0.03207536,0.00395337,0.05088190,0E-8,0.000000,0.912219,0.000000,-0.04848366,2026-03-31,2026-08-01,83,4123,1621,124,0.669355,0.205295,0.230786,0.106918,,,,,,,,GLOBAL_BASELINE_NO_ENTITY_RANKING,,,NOT_APPLICABLE_GLOBAL_BASELINE,HF9g-P5,,,,X 全窗基线 · 不参与实体赏罚,15054682,1506,A168_HF9F_20260827_0900,2026-08-27 09:00:00
2026-04-12,92755421,1405,0,114.4805748388,-2.6387366542,-2.6387366542,0.5000000,9,6,0.48818202220748420,0.380228350000,0.057912209597412646,0.6043542171936835,0.057912209597412646,0.10795367220748420,ELIGIBLE,R03b_20260811_FULL_v1,L1_ELIGIBILITY,v2026-08-11,2026-03-21..2026-08-06,baccarat_bet02_101_all_pairs_incl_sentinel,round_win = game_pnl > 0 (decisive only),COMPATIBILITY_ONLY_NOT_PRODUCTION,2500103.8841,2280641.3266,9883.8276,11764,10369,-0.00395337,-0.05088190,-0.00239824,-0.00395337,-9883.8276,2500103.8841,OK,0.0000,395.3531,4.0000,96.0000,AG03-UNRESOLVED,ALL5_LEVELS_bet23_to_bet27,395.3531,395.3531,395.3531,395.3531,395.3531,4.000000,4.000000,4.000000,4.000000,4.000000,96.000000,96.000000,96.000000,96.000000,96.000000,5.0,1976.7655,1824.8244,7907.0621,8059.0032,PENDING_AG03,FALSE,NOT_FOR_ENFORCEMENT,9488.4745,2189415.6736,9883.8276,9488.4745,395.3531,0.00395337,0.00379523,395.3531,9488.4745,0.00379523,395.3531,395.3531,395.3531,395.3531,395.3531,9488.4745,0.00379523,1976.7655,1824.8244,7907.0621,8059.0032,0.00316269,0.00322347,0.00015813,212.5216,219.9480,0.9532,119.0823,2.3972,30121.7335,124.9277,49.0469,238.9093,36.5364,75.9244,374.9013,749.8027,789.266,1183.8989,75.8035,-1.1839,10.395423,15.593133,2.799122,29,215,300,5,0.03207536,0.00395337,0.05088190,0E-8,0.000000,0.912219,0.000000,-0.04848366,2026-03-31,2026-08-01,83,4123,1621,124,0.669355,0.205295,0.230786,0.106918,,,,,,,,GLOBAL_BASELINE_NO_ENTITY_RANKING,,,NOT_APPLICABLE_GLOBAL_BASELINE,HF9g-P5,,,,X 全窗基线 · 不参与实体赏罚,15054683,1506,A168_HF9F_20260827_0900,2026-08-27 09:00:00
2026-04-12,92755421,1507,0,229.3671091625,-48.7151382291,-48.7151382291,0.4285714,10,8,0.48452118446982778,0.439808950000,-0.29620024951235907,-0.05989898158274139,-0.29620024951235907,0.04471223446982778,ELIGIBLE,R03b_20260811_FULL_v1,L1_ELIGIBILITY,v2026-08-11,2026-03-21..2026-08-06,baccarat_bet02_101_all_pairs_incl_sentinel,round_win = game_pnl > 0 (decisive only),COMPATIBILITY_ONLY_NOT_PRODUCTION,2500103.8841,2280641.3266,9883.8276,11764,10369,-0.00395337,-0.05088190,-0.00239824,-0.00395337,-9883.8276,2500103.8841,OK,0.0000,395.3531,4.0000,96.0000,AG03-UNRESOLVED,ALL5_LEVELS_bet23_to_bet27,395.3531,395.3531,395.3531,395.3531,395.3531,4.000000,4.000000,4.000000,4.000000,4.000000,96.000000,96.000000,96.000000,96.000000,96.000000,5.0,1976.7655,1824.8244,7907.0621,8059.0032,PENDING_AG03,FALSE,NOT_FOR_ENFORCEMENT,9488.4745,2189415.6736,9883.8276,9488.4745,395.3531,0.00395337,0.00379523,395.3531,9488.4745,0.00379523,395.3531,395.3531,395.3531,395.3531,395.3531,9488.4745,0.00379523,1976.7655,1824.8244,7907.0621,8059.0032,0.00316269,0.00322347,0.00015813,212.5216,219.9480,0.9532,119.0823,2.3972,30121.7335,124.9277,49.0469,238.9093,36.5364,75.9244,374.9013,749.8027,789.266,1183.8989,75.8035,-1.1839,10.395423,15.593133,2.799122,29,215,300,5,0.03207536,0.00395337,0.05088190,0E-8,0.000000,0.912219,0.000000,-0.04848366,2026-03-31,2026-08-01,83,4123,1621,124,0.669355,0.205295,0.230786,0.106918,,,,,,,,GLOBAL_BASELINE_NO_ENTITY_RANKING,,,NOT_APPLICABLE_GLOBAL_BASELINE,HF9g-P5,,,,X 全窗基线 · 不参与实体赏罚,15054684,1506,A168_HF9F_20260827_0900,2026-08-27 09:00:00
2026-04-12,92755421,1623,0,40.5959485244,-40.5959485244,-40.5959485244,0E-7,2,2,0.50665070000000000,0.506650700000,-1.4331513700195317,-1.4331513700195317,-1.4331513700195317,0E-17,ELIGIBLE,R03b_20260811_FULL_v1,L1_ELIGIBILITY,v2026-08-11,2026-03-21..2026-08-06,baccarat_bet02_101_all_pairs_incl_sentinel,round_win = game_pnl > 0 (decisive only),COMPATIBILITY_ONLY_NOT_PRODUCTION,2500103.8841,2280641.3266,9883.8276,11764,10369,-0.00395337,-0.05088190,-0.00239824,-0.00395337,-9883.8276,2500103.8841,OK,0.0000,395.3531,4.0000,96.0000,AG03-UNRESOLVED,ALL5_LEVELS_bet23_to_bet27,395.3531,395.3531,395.3531,395.3531,395.3531,4.000000,4.000000,4.000000,4.000000,4.000000,96.000000,96.000000,96.000000,96.000000,96.000000,5.0,1976.7655,1824.8244,7907.0621,8059.0032,PENDING_AG03,FALSE,NOT_FOR_ENFORCEMENT,9488.4745,2189415.6736,9883.8276,9488.4745,395.3531,0.00395337,0.00379523,395.3531,9488.4745,0.00379523,395.3531,395.3531,395.3531,395.3531,395.3531,9488.4745,0.00379523,1976.7655,1824.8244,7907.0621,8059.0032,0.00316269,0.00322347,0.00015813,212.5216,219.9480,0.9532,119.0823,2.3972,30121.7335,124.9277,49.0469,238.9093,36.5364,75.9244,374.9013,749.8027,789.266,1183.8989,75.8035,-1.1839,10.395423,15.593133,2.799122,29,215,300,5,0.03207536,0.00395337,0.05088190,0E-8,0.000000,0.912219,0.000000,-0.04848366,2026-03-31,2026-08-01,83,4123,1621,124,0.669355,0.205295,0.230786,0.106918,,,,,,,,GLOBAL_BASELINE_NO_ENTITY_RANKING,,,NOT_APPLICABLE_GLOBAL_BASELINE,HF9g-P5,,,,X 全窗基线 · 不参与实体赏罚,15054685,1506,A168_HF9F_20260827_0900,2026-08-27 09:00:00
2026-04-12,92755421,1646,0,397.8402955383,-50.7449356554,-50.7449356554,0.4545455,13,12,0.49513542575760886,0.478505341667,-0.2692561532253404,-0.15907897462346554,-0.2692561532253404,0.01663008409060886,ELIGIBLE,R03b_20260811_FULL_v1,L1_ELIGIBILITY,v2026-08-11,2026-03-21..2026-08-06,baccarat_bet02_101_all_pairs_incl_sentinel,round_win = game_pnl > 0 (decisive only),COMPATIBILITY_ONLY_NOT_PRODUCTION,2500103.8841,2280641.3266,9883.8276,11764,10369,-0.00395337,-0.05088190,-0.00239824,-0.00395337,-9883.8276,2500103.8841,OK,0.0000,395.3531,4.0000,96.0000,AG03-UNRESOLVED,ALL5_LEVELS_bet23_to_bet27,395.3531,395.3531,395.3531,395.3531,395.3531,4.000000,4.000000,4.000000,4.000000,4.000000,96.000000,96.000000,96.000000,96.000000,96.000000,5.0,1976.7655,1824.8244,7907.0621,8059.0032,PENDING_AG03,FALSE,NOT_FOR_ENFORCEMENT,9488.4745,2189415.6736,9883.8276,9488.4745,395.3531,0.00395337,0.00379523,395.3531,9488.4745,0.00379523,395.3531,395.3531,395.3531,395.3531,395.3531,9488.4745,0.00379523,1976.7655,1824.8244,7907.0621,8059.0032,0.00316269,0.00322347,0.00015813,212.5216,219.9480,0.9532,119.0823,2.3972,30121.7335,124.9277,49.0469,238.9093,36.5364,75.9244,374.9013,749.8027,789.266,1183.8989,75.8035,-1.1839,10.395423,15.593133,2.799122,29,215,300,5,0.03207536,0.00395337,0.05088190,0E-8,0.000000,0.912219,0.000000,-0.04848366,2026-03-31,2026-08-01,83,4123,1621,124,0.669355,0.205295,0.230786,0.106918,,,,,,,,GLOBAL_BASELINE_NO_ENTITY_RANKING,,,NOT_APPLICABLE_GLOBAL_BASELINE,HF9g-P5,,,,X 全窗基线 · 不参与实体赏罚,15054686,1506,A168_HF9F_20260827_0900,2026-08-27 09:00:00
2026-04-12,92755421,1935,0,425.8515000202,229.1641294198,229.1641294198,0.8888889,15,12,0.49444155121543609,0.441763875000,2.3668302834070123,2.701134147373625,2.3668302834070123,0.05267767621543609,ELIGIBLE,R03b_20260811_FULL_v1,L1_ELIGIBILITY,v2026-08-11,2026-03-21..2026-08-06,baccarat_bet02_101_all_pairs_incl_sentinel,round_win = game_pnl > 0 (decisive only),COMPATIBILITY_ONLY_NOT_PRODUCTION,2500103.8841,2280641.3266,9883.8276,11764,10369,-0.00395337,-0.05088190,-0.00239824,-0.00395337,-9883.8276,2500103.8841,OK,0.0000,395.3531,4.0000,96.0000,AG03-UNRESOLVED,ALL5_LEVELS_bet23_to_bet27,395.3531,395.3531,395.3531,395.3531,395.3531,4.000000,4.000000,4.000000,4.000000,4.000000,96.000000,96.000000,96.000000,96.000000,96.000000,5.0,1976.7655,1824.8244,7907.0621,8059.0032,PENDING_AG03,FALSE,NOT_FOR_ENFORCEMENT,9488.4745,2189415.6736,9883.8276,9488.4745,395.3531,0.00395337,0.00379523,395.3531,9488.4745,0.00379523,395.3531,395.3531,395.3531,395.3531,395.3531,9488.4745,0.00379523,1976.7655,1824.8244,7907.0621,8059.0032,0.00316269,0.00322347,0.00015813,212.5216,219.9480,0.9532,119.0823,2.3972,30121.7335,124.9277,49.0469,238.9093,36.5364,75.9244,374.9013,749.8027,789.266,1183.8989,75.8035,-1.1839,10.395423,15.593133,2.799122,29,215,300,5,0.03207536,0.00395337,0.05088190,0E-8,0.000000,0.912219,0.000000,-0.04848366,2026-03-31,2026-08-01,83,4123,1621,124,0.669355,0.205295,0.230786,0.106918,,,,,,,,GLOBAL_BASELINE_NO_ENTITY_RANKING,,,NOT_APPLICABLE_GLOBAL_BASELINE,HF9g-P5,,,,X 全窗基线 · 不参与实体赏罚,15054687,1506,A168_HF9F_20260827_0900,2026-08-27 09:00:00
2026-04-12,92755421,1940,0,79.1620996224,0E-10,0E-10,0.5000000,3,2,0.48746361052641291,0.381345450000,0.03546941460785595,0.3454745057990616,0.03546941460785595,0.10611816052641291,ELIGIBLE,R03b_20260811_FULL_v1,L1_ELIGIBILITY,v2026-08-11,2026-03-21..2026-08-06,baccarat_bet02_101_all_pairs_incl_sentinel,round_win = game_pnl > 0 (decisive only),COMPATIBILITY_ONLY_NOT_PRODUCTION,2500103.8841,2280641.3266,9883.8276,11764,10369,-0.00395337,-0.05088190,-0.00239824,-0.00395337,-9883.8276,2500103.8841,OK,0.0000,395.3531,4.0000,96.0000,AG03-UNRESOLVED,ALL5_LEVELS_bet23_to_bet27,395.3531,395.3531,395.3531,395.3531,395.3531,4.000000,4.000000,4.000000,4.000000,4.000000,96.000000,96.000000,96.000000,96.000000,96.000000,5.0,1976.7655,1824.8244,7907.0621,8059.0032,PENDING_AG03,FALSE,NOT_FOR_ENFORCEMENT,9488.4745,2189415.6736,9883.8276,9488.4745,395.3531,0.00395337,0.00379523,395.3531,9488.4745,0.00379523,395.3531,395.3531,395.3531,395.3531,395.3531,9488.4745,0.00379523,1976.7655,1824.8244,7907.0621,8059.0032,0.00316269,0.00322347,0.00015813,212.5216,219.9480,0.9532,119.0823,2.3972,30121.7335,124.9277,49.0469,238.9093,36.5364,75.9244,374.9013,749.8027,789.266,1183.8989,75.8035,-1.1839,10.395423,15.593133,2.799122,29,215,300,5,0.03207536,0.00395337,0.05088190,0E-8,0.000000,0.912219,0.000000,-0.04848366,2026-03-31,2026-08-01,83,4123,1621,124,0.669355,0.205295,0.230786,0.106918,,,,,,,,GLOBAL_BASELINE_NO_ENTITY_RANKING,,,NOT_APPLICABLE_GLOBAL_BASELINE,HF9g-P5,,,,X 全窗基线 · 不参与实体赏罚,15054688,1506,A168_HF9F_20260827_0900,2026-08-27 09:00:00
2026-04-12,92755421,1941,0,151.4228879959,36.5363536720,36.5363536720,0.6666667,8,6,0.49035523860310842,0.420879666667,0.8639068077879756,1.2194700953535174,0.8639068077879756,0.06947557193610842,ELIGIBLE,R03b_20260811_FULL_v1,L1_ELIGIBILITY,v2026-08-11,2026-03-21..2026-08-06,baccarat_bet02_101_all_pairs_incl_sentinel,round_win = game_pnl > 0 (decisive only),COMPATIBILITY_ONLY_NOT_PRODUCTION,2500103.8841,2280641.3266,9883.8276,11764,10369,-0.00395337,-0.05088190,-0.00239824,-0.00395337,-9883.8276,2500103.8841,OK,0.0000,395.3531,4.0000,96.0000,AG03-UNRESOLVED,ALL5_LEVELS_bet23_to_bet27,395.3531,395.3531,395.3531,395.3531,395.3531,4.000000,4.000000,4.000000,4.000000,4.000000,96.000000,96.000000,96.000000,96.000000,96.000000,5.0,1976.7655,1824.8244,7907.0621,8059.0032,PENDING_AG03,FALSE,NOT_FOR_ENFORCEMENT,9488.4745,2189415.6736,9883.8276,9488.4745,395.3531,0.00395337,0.00379523,395.3531,9488.4745,0.00379523,395.3531,395.3531,395.3531,395.3531,395.3531,9488.4745,0.00379523,1976.7655,1824.8244,7907.0621,8059.0032,0.00316269,0.00322347,0.00015813,212.5216,219.9480,0.9532,119.0823,2.3972,30121.7335,124.9277,49.0469,238.9093,36.5364,75.9244,374.9013,749.8027,789.266,1183.8989,75.8035,-1.1839,10.395423,15.593133,2.799122,29,215,300,5,0.03207536,0.00395337,0.05088190,0E-8,0.000000,0.912219,0.000000,-0.04848366,2026-03-31,2026-08-01,83,4123,1621,124,0.669355,0.205295,0.230786,0.106918,,,,,,,,GLOBAL_BASELINE_NO_ENTITY_RANKING,,,NOT_APPLICABLE_GLOBAL_BASELINE,HF9g-P5,,,,X 全窗基线 · 不参与实体赏罚,15054689,1506,A168_HF9F_20260827_0900,2026-08-27 09:00:00
2026-04-12,92755421,1947,0,40.5959485244,0E-10,0E-10,0.5000000,2,2,0.49994810000000000,0.499948100000,0.00014679536856514622,0.00014679536856514622,0.00014679536856514622,0E-17,ELIGIBLE,R03b_20260811_FULL_v1,L1_ELIGIBILITY,v2026-08-11,2026-03-21..2026-08-06,baccarat_bet02_101_all_pairs_incl_sentinel,round_win = game_pnl > 0 (decisive only),COMPATIBILITY_ONLY_NOT_PRODUCTION,2500103.8841,2280641.3266,9883.8276,11764,10369,-0.00395337,-0.05088190,-0.00239824,-0.00395337,-9883.8276,2500103.8841,OK,0.0000,395.3531,4.0000,96.0000,AG03-UNRESOLVED,ALL5_LEVELS_bet23_to_bet27,395.3531,395.3531,395.3531,395.3531,395.3531,4.000000,4.000000,4.000000,4.000000,4.000000,96.000000,96.000000,96.000000,96.000000,96.000000,5.0,1976.7655,1824.8244,7907.0621,8059.0032,PENDING_AG03,FALSE,NOT_FOR_ENFORCEMENT,9488.4745,2189415.6736,9883.8276,9488.4745,395.3531,0.00395337,0.00379523,395.3531,9488.4745,0.00379523,395.3531,395.3531,395.3531,395.3531,395.3531,9488.4745,0.00379523,1976.7655,1824.8244,7907.0621,8059.0032,0.00316269,0.00322347,0.00015813,212.5216,219.9480,0.9532,119.0823,2.3972,30121.7335,124.9277,49.0469,238.9093,36.5364,75.9244,374.9013,749.8027,789.266,1183.8989,75.8035,-1.1839,10.395423,15.593133,2.799122,29,215,300,5,0.03207536,0.00395337,0.05088190,0E-8,0.000000,0.912219,0.000000,-0.04848366,2026-03-31,2026-08-01,83,4123,1621,124,0.669355,0.205295,0.230786,0.106918,,,,,,,,GLOBAL_BASELINE_NO_ENTITY_RANKING,,,NOT_APPLICABLE_GLOBAL_BASELINE,HF9g-P5,,,,X 全窗基线 · 不参与实体赏罚,15054690,1506,A168_HF9F_20260827_0900,2026-08-27 09:00:00
2026-04-12,92755421,1951,0,40.5959485243,-40.5959485243,-40.5959485243,0E-7,1,1,0.50665070000000000,0.506650700000,-1.013391052207602,-1.013391052207602,-1.013391052207602,0E-17,ELIGIBLE,R03b_20260811_FULL_v1,L1_ELIGIBILITY,v2026-08-11,2026-03-21..2026-08-06,baccarat_bet02_101_all_pairs_incl_sentinel,round_win = game_pnl > 0 (decisive only),COMPATIBILITY_ONLY_NOT_PRODUCTION,2500103.8841,2280641.3266,9883.8276,11764,10369,-0.00395337,-0.05088190,-0.00239824,-0.00395337,-9883.8276,2500103.8841,OK,0.0000,395.3531,4.0000,96.0000,AG03-UNRESOLVED,ALL5_LEVELS_bet23_to_bet27,395.3531,395.3531,395.3531,395.3531,395.3531,4.000000,4.000000,4.000000,4.000000,4.000000,96.000000,96.000000,96.000000,96.000000,96.000000,5.0,1976.7655,1824.8244,7907.0621,8059.0032,PENDING_AG03,FALSE,NOT_FOR_ENFORCEMENT,9488.4745,2189415.6736,9883.8276,9488.4745,395.3531,0.00395337,0.00379523,395.3531,9488.4745,0.00379523,395.3531,395.3531,395.3531,395.3531,395.3531,9488.4745,0.00379523,1976.7655,1824.8244,7907.0621,8059.0032,0.00316269,0.00322347,0.00015813,212.5216,219.9480,0.9532,119.0823,2.3972,30121.7335,124.9277,49.0469,238.9093,36.5364,75.9244,374.9013,749.8027,789.266,1183.8989,75.8035,-1.1839,10.395423,15.593133,2.799122,29,215,300,5,0.03207536,0.00395337,0.05088190,0E-8,0.000000,0.912219,0.000000,-0.04848366,2026-03-31,2026-08-01,83,4123,1621,124,0.669355,0.205295,0.230786,0.106918,,,,,,,,GLOBAL_BASELINE_NO_ENTITY_RANKING,,,NOT_APPLICABLE_GLOBAL_BASELINE,HF9g-P5,,,,X 全窗基线 · 不参与实体赏罚,15054691,1506,A168_HF9F_20260827_0900,2026-08-27 09:00:00
2026-04-12,92755421,1965,0,146.1454146875,-24.3575691146,-24.3575691146,0.3333333,5,4,0.48916604090916335,0.440646775000,-0.5399471011108854,-0.3743918443411629,-0.5399471011108854,0.04851926590916335,ELIGIBLE,R03b_20260811_FULL_v1,L1_ELIGIBILITY,v2026-08-11,2026-03-21..2026-08-06,baccarat_bet02_101_all_pairs_incl_sentinel,round_win = game_pnl > 0 (decisive only),COMPATIBILITY_ONLY_NOT_PRODUCTION,2500103.8841,2280641.3266,9883.8276,11764,10369,-0.00395337,-0.05088190,-0.00239824,-0.00395337,-9883.8276,2500103.8841,OK,0.0000,395.3531,4.0000,96.0000,AG03-UNRESOLVED,ALL5_LEVELS_bet23_to_bet27,395.3531,395.3531,395.3531,395.3531,395.3531,4.000000,4.000000,4.000000,4.000000,4.000000,96.000000,96.000000,96.000000,96.000000,96.000000,5.0,1976.7655,1824.8244,7907.0621,8059.0032,PENDING_AG03,FALSE,NOT_FOR_ENFORCEMENT,9488.4745,2189415.6736,9883.8276,9488.4745,395.3531,0.00395337,0.00379523,395.3531,9488.4745,0.00379523,395.3531,395.3531,395.3531,395.3531,395.3531,9488.4745,0.00379523,1976.7655,1824.8244,7907.0621,8059.0032,0.00316269,0.00322347,0.00015813,212.5216,219.9480,0.9532,119.0823,2.3972,30121.7335,124.9277,49.0469,238.9093,36.5364,75.9244,374.9013,749.8027,789.266,1183.8989,75.8035,-1.1839,10.395423,15.593133,2.799122,29,215,300,5,0.03207536,0.00395337,0.05088190,0E-8,0.000000,0.912219,0.000000,-0.04848366,2026-03-31,2026-08-01,83,4123,1621,124,0.669355,0.205295,0.230786,0.106918,,,,,,,,GLOBAL_BASELINE_NO_ENTITY_RANKING,,,NOT_APPLICABLE_GLOBAL_BASELINE,HF9g-P5,,,,X 全窗基线 · 不参与实体赏罚,15054692,1506,A168_HF9F_20260827_0900,2026-08-27 09:00:00
2026-04-12,92755421,2093,0,290.6669914344,16.0353996674,16.0353996674,0.5454545,17,12,0.48744986694776150,0.402229658333,0.384880770424526,0.968747521332292,0.384880770424526,0.08522020861476150,ELIGIBLE,R03b_20260811_FULL_v1,L1_ELIGIBILITY,v2026-08-11,2026-03-21..2026-08-06,baccarat_bet02_101_all_pairs_incl_sentinel,round_win = game_pnl > 0 (decisive only),COMPATIBILITY_ONLY_NOT_PRODUCTION,2500103.8841,2280641.3266,9883.8276,11764,10369,-0.00395337,-0.05088190,-0.00239824,-0.00395337,-9883.8276,2500103.8841,OK,0.0000,395.3531,4.0000,96.0000,AG03-UNRESOLVED,ALL5_LEVELS_bet23_to_bet27,395.3531,395.3531,395.3531,395.3531,395.3531,4.000000,4.000000,4.000000,4.000000,4.000000,96.000000,96.000000,96.000000,96.000000,96.000000,5.0,1976.7655,1824.8244,7907.0621,8059.0032,PENDING_AG03,FALSE,NOT_FOR_ENFORCEMENT,9488.4745,2189415.6736,9883.8276,9488.4745,395.3531,0.00395337,0.00379523,395.3531,9488.4745,0.00379523,395.3531,395.3531,395.3531,395.3531,395.3531,9488.4745,0.00379523,1976.7655,1824.8244,7907.0621,8059.0032,0.00316269,0.00322347,0.00015813,212.5216,219.9480,0.9532,119.0823,2.3972,30121.7335,124.9277,49.0469,238.9093,36.5364,75.9244,374.9013,749.8027,789.266,1183.8989,75.8035,-1.1839,10.395423,15.593133,2.799122,29,215,300,5,0.03207536,0.00395337,0.05088190,0E-8,0.000000,0.912219,0.000000,-0.04848366,2026-03-31,2026-08-01,83,4123,1621,124,0.669355,0.205295,0.230786,0.106918,,,,,,,,GLOBAL_BASELINE_NO_ENTITY_RANKING,,,NOT_APPLICABLE_GLOBAL_BASELINE,HF9g-P5,,,,X 全窗基线 · 不参与实体赏罚,15054693,1506,A168_HF9F_20260827_0900,2026-08-27 09:00:00
2026-04-12,92755421,2108,0,80.3799780782,-4.2625745949,-4.2625745949,0.5000000,6,4,0.47276832604201918,0.381345450000,0.10908860837369756,0.4885747315551754,0.10908860837369756,0.09142287604201918,ELIGIBLE,R03b_20260811_FULL_v1,L1_ELIGIBILITY,v2026-08-11,2026-03-21..2026-08-06,baccarat_bet02_101_all_pairs_incl_sentinel,round_win = game_pnl > 0 (decisive only),COMPATIBILITY_ONLY_NOT_PRODUCTION,2500103.8841,2280641.3266,9883.8276,11764,10369,-0.00395337,-0.05088190,-0.00239824,-0.00395337,-9883.8276,2500103.8841,OK,0.0000,395.3531,4.0000,96.0000,AG03-UNRESOLVED,ALL5_LEVELS_bet23_to_bet27,395.3531,395.3531,395.3531,395.3531,395.3531,4.000000,4.000000,4.000000,4.000000,4.000000,96.000000,96.000000,96.000000,96.000000,96.000000,5.0,1976.7655,1824.8244,7907.0621,8059.0032,PENDING_AG03,FALSE,NOT_FOR_ENFORCEMENT,9488.4745,2189415.6736,9883.8276,9488.4745,395.3531,0.00395337,0.00379523,395.3531,9488.4745,0.00379523,395.3531,395.3531,395.3531,395.3531,395.3531,9488.4745,0.00379523,1976.7655,1824.8244,7907.0621,8059.0032,0.00316269,0.00322347,0.00015813,212.5216,219.9480,0.9532,119.0823,2.3972,30121.7335,124.9277,49.0469,238.9093,36.5364,75.9244,374.9013,749.8027,789.266,1183.8989,75.8035,-1.1839,10.395423,15.593133,2.799122,29,215,300,5,0.03207536,0.00395337,0.05088190,0E-8,0.000000,0.912219,0.000000,-0.04848366,2026-03-31,2026-08-01,83,4123,1621,124,0.669355,0.205295,0.230786,0.106918,,,,,,,,GLOBAL_BASELINE_NO_ENTITY_RANKING,,,NOT_APPLICABLE_GLOBAL_BASELINE,HF9g-P5,,,,X 全窗基线 · 不参与实体赏罚,15054694,1506,A168_HF9F_20260827_0900,2026-08-27 09:00:00
2026-04-12,92755421,2109,0,39.7840295539,-39.7840295539,-39.7840295539,0E-7,3,2,0.48470385625039116,0.377994150000,-1.3715915127839888,-1.1024535556035449,-1.3715915127839888,0.10670970625039116,ELIGIBLE,R03b_20260811_FULL_v1,L1_ELIGIBILITY,v2026-08-11,2026-03-21..2026-08-06,baccarat_bet02_101_all_pairs_incl_sentinel,round_win = game_pnl > 0 (decisive only),COMPATIBILITY_ONLY_NOT_PRODUCTION,2500103.8841,2280641.3266,9883.8276,11764,10369,-0.00395337,-0.05088190,-0.00239824,-0.00395337,-9883.8276,2500103.8841,OK,0.0000,395.3531,4.0000,96.0000,AG03-UNRESOLVED,ALL5_LEVELS_bet23_to_bet27,395.3531,395.3531,395.3531,395.3531,395.3531,4.000000,4.000000,4.000000,4.000000,4.000000,96.000000,96.000000,96.000000,96.000000,96.000000,5.0,1976.7655,1824.8244,7907.0621,8059.0032,PENDING_AG03,FALSE,NOT_FOR_ENFORCEMENT,9488.4745,2189415.6736,9883.8276,9488.4745,395.3531,0.00395337,0.00379523,395.3531,9488.4745,0.00379523,395.3531,395.3531,395.3531,395.3531,395.3531,9488.4745,0.00379523,1976.7655,1824.8244,7907.0621,8059.0032,0.00316269,0.00322347,0.00015813,212.5216,219.9480,0.9532,119.0823,2.3972,30121.7335,124.9277,49.0469,238.9093,36.5364,75.9244,374.9013,749.8027,789.266,1183.8989,75.8035,-1.1839,10.395423,15.593133,2.799122,29,215,300,5,0.03207536,0.00395337,0.05088190,0E-8,0.000000,0.912219,0.000000,-0.04848366,2026-03-31,2026-08-01,83,4123,1621,124,0.669355,0.205295,0.230786,0.106918,,,,,,,,GLOBAL_BASELINE_NO_ENTITY_RANKING,,,NOT_APPLICABLE_GLOBAL_BASELINE,HF9g-P5,,,,X 全窗基线 · 不参与实体赏罚,15054695,1506,A168_HF9F_20260827_0900,2026-08-27 09:00:00
2026-04-12,92755421,2115,0,192.8307554905,101.4898713108,101.4898713108,0.6000000,6,5,0.49629482421056516,0.453847560000,0.4637963798396216,0.6564159584284724,0.4637963798396216,0.04244726421056516,ELIGIBLE,R03b_20260811_FULL_v1,L1_ELIGIBILITY,v2026-08-11,2026-03-21..2026-08-06,baccarat_bet02_101_all_pairs_incl_sentinel,round_win = game_pnl > 0 (decisive only),COMPATIBILITY_ONLY_NOT_PRODUCTION,2500103.8841,2280641.3266,9883.8276,11764,10369,-0.00395337,-0.05088190,-0.00239824,-0.00395337,-9883.8276,2500103.8841,OK,0.0000,395.3531,4.0000,96.0000,AG03-UNRESOLVED,ALL5_LEVELS_bet23_to_bet27,395.3531,395.3531,395.3531,395.3531,395.3531,4.000000,4.000000,4.000000,4.000000,4.000000,96.000000,96.000000,96.000000,96.000000,96.000000,5.0,1976.7655,1824.8244,7907.0621,8059.0032,PENDING_AG03,FALSE,NOT_FOR_ENFORCEMENT,9488.4745,2189415.6736,9883.8276,9488.4745,395.3531,0.00395337,0.00379523,395.3531,9488.4745,0.00379523,395.3531,395.3531,395.3531,395.3531,395.3531,9488.4745,0.00379523,1976.7655,1824.8244,7907.0621,8059.0032,0.00316269,0.00322347,0.00015813,212.5216,219.9480,0.9532,119.0823,2.3972,30121.7335,124.9277,49.0469,238.9093,36.5364,75.9244,374.9013,749.8027,789.266,1183.8989,75.8035,-1.1839,10.395423,15.593133,2.799122,29,215,300,5,0.03207536,0.00395337,0.05088190,0E-8,0.000000,0.912219,0.000000,-0.04848366,2026-03-31,2026-08-01,83,4123,1621,124,0.669355,0.205295,0.230786,0.106918,,,,,,,,GLOBAL_BASELINE_NO_ENTITY_RANKING,,,NOT_APPLICABLE_GLOBAL_BASELINE,HF9g-P5,,,,X 全窗基线 · 不参与实体赏罚,15054696,1506,A168_HF9F_20260827_0900,2026-08-27 09:00:00
2026-04-12,92755421,2127,0,40.5959485244,-40.5959485244,-40.5959485244,0E-7,2,2,0.50665070000000000,0.506650700000,-1.4331513700195317,-1.4331513700195317,-1.4331513700195317,0E-17,ELIGIBLE,R03b_20260811_FULL_v1,L1_ELIGIBILITY,v2026-08-11,2026-03-21..2026-08-06,baccarat_bet02_101_all_pairs_incl_sentinel,round_win = game_pnl > 0 (decisive only),COMPATIBILITY_ONLY_NOT_PRODUCTION,2500103.8841,2280641.3266,9883.8276,11764,10369,-0.00395337,-0.05088190,-0.00239824,-0.00395337,-9883.8276,2500103.8841,OK,0.0000,395.3531,4.0000,96.0000,AG03-UNRESOLVED,ALL5_LEVELS_bet23_to_bet27,395.3531,395.3531,395.3531,395.3531,395.3531,4.000000,4.000000,4.000000,4.000000,4.000000,96.000000,96.000000,96.000000,96.000000,96.000000,5.0,1976.7655,1824.8244,7907.0621,8059.0032,PENDING_AG03,FALSE,NOT_FOR_ENFORCEMENT,9488.4745,2189415.6736,9883.8276,9488.4745,395.3531,0.00395337,0.00379523,395.3531,9488.4745,0.00379523,395.3531,395.3531,395.3531,395.3531,395.3531,9488.4745,0.00379523,1976.7655,1824.8244,7907.0621,8059.0032,0.00316269,0.00322347,0.00015813,212.5216,219.9480,0.9532,119.0823,2.3972,30121.7335,124.9277,49.0469,238.9093,36.5364,75.9244,374.9013,749.8027,789.266,1183.8989,75.8035,-1.1839,10.395423,15.593133,2.799122,29,215,300,5,0.03207536,0.00395337,0.05088190,0E-8,0.000000,0.912219,0.000000,-0.04848366,2026-03-31,2026-08-01,83,4123,1621,124,0.669355,0.205295,0.230786,0.106918,,,,,,,,GLOBAL_BASELINE_NO_ENTITY_RANKING,,,NOT_APPLICABLE_GLOBAL_BASELINE,HF9g-P5,,,,X 全窗基线 · 不参与实体赏罚,15054697,1506,A168_HF9F_20260827_0900,2026-08-27 09:00:00
2026-04-12,92755421,2130,0,114.4805748388,-1.8268176836,-1.8268176836,0.4000000,8,6,0.48081959533944777,0.416411266667,-0.36170244808958735,-0.07444103784434217,-0.36170244808958735,0.06440832867244777,ELIGIBLE,R03b_20260811_FULL_v1,L1_ELIGIBILITY,v2026-08-11,2026-03-21..2026-08-06,baccarat_bet02_101_all_pairs_incl_sentinel,round_win = game_pnl > 0 (decisive only),COMPATIBILITY_ONLY_NOT_PRODUCTION,2500103.8841,2280641.3266,9883.8276,11764,10369,-0.00395337,-0.05088190,-0.00239824,-0.00395337,-9883.8276,2500103.8841,OK,0.0000,395.3531,4.0000,96.0000,AG03-UNRESOLVED,ALL5_LEVELS_bet23_to_bet27,395.3531,395.3531,395.3531,395.3531,395.3531,4.000000,4.000000,4.000000,4.000000,4.000000,96.000000,96.000000,96.000000,96.000000,96.000000,5.0,1976.7655,1824.8244,7907.0621,8059.0032,PENDING_AG03,FALSE,NOT_FOR_ENFORCEMENT,9488.4745,2189415.6736,9883.8276,9488.4745,395.3531,0.00395337,0.00379523,395.3531,9488.4745,0.00379523,395.3531,395.3531,395.3531,395.3531,395.3531,9488.4745,0.00379523,1976.7655,1824.8244,7907.0621,8059.0032,0.00316269,0.00322347,0.00015813,212.5216,219.9480,0.9532,119.0823,2.3972,30121.7335,124.9277,49.0469,238.9093,36.5364,75.9244,374.9013,749.8027,789.266,1183.8989,75.8035,-1.1839,10.395423,15.593133,2.799122,29,215,300,5,0.03207536,0.00395337,0.05088190,0E-8,0.000000,0.912219,0.000000,-0.04848366,2026-03-31,2026-08-01,83,4123,1621,124,0.669355,0.205295,0.230786,0.106918,,,,,,,,GLOBAL_BASELINE_NO_ENTITY_RANKING,,,NOT_APPLICABLE_GLOBAL_BASELINE,HF9g-P5,,,,X 全窗基线 · 不参与实体赏罚,15054698,1506,A168_HF9F_20260827_0900,2026-08-27 09:00:00
2026-04-12,92755421,2142,0,351.5609142211,100.2719928554,100.2719928554,0.7142857,22,15,0.48593928768389448,0.388805453333,1.7094642559442224,2.498231984212364,1.7094642559442224,0.09713383435089448,ELIGIBLE,R03b_20260811_FULL_v1,L1_ELIGIBILITY,v2026-08-11,2026-03-21..2026-08-06,baccarat_bet02_101_all_pairs_incl_sentinel,round_win = game_pnl > 0 (decisive only),COMPATIBILITY_ONLY_NOT_PRODUCTION,2500103.8841,2280641.3266,9883.8276,11764,10369,-0.00395337,-0.05088190,-0.00239824,-0.00395337,-9883.8276,2500103.8841,OK,0.0000,395.3531,4.0000,96.0000,AG03-UNRESOLVED,ALL5_LEVELS_bet23_to_bet27,395.3531,395.3531,395.3531,395.3531,395.3531,4.000000,4.000000,4.000000,4.000000,4.000000,96.000000,96.000000,96.000000,96.000000,96.000000,5.0,1976.7655,1824.8244,7907.0621,8059.0032,PENDING_AG03,FALSE,NOT_FOR_ENFORCEMENT,9488.4745,2189415.6736,9883.8276,9488.4745,395.3531,0.00395337,0.00379523,395.3531,9488.4745,0.00379523,395.3531,395.3531,395.3531,395.3531,395.3531,9488.4745,0.00379523,1976.7655,1824.8244,7907.0621,8059.0032,0.00316269,0.00322347,0.00015813,212.5216,219.9480,0.9532,119.0823,2.3972,30121.7335,124.9277,49.0469,238.9093,36.5364,75.9244,374.9013,749.8027,789.266,1183.8989,75.8035,-1.1839,10.395423,15.593133,2.799122,29,215,300,5,0.03207536,0.00395337,0.05088190,0E-8,0.000000,0.912219,0.000000,-0.04848366,2026-03-31,2026-08-01,83,4123,1621,124,0.669355,0.205295,0.230786,0.106918,,,,,,,,GLOBAL_BASELINE_NO_ENTITY_RANKING,,,NOT_APPLICABLE_GLOBAL_BASELINE,HF9g-P5,,,,X 全窗基线 · 不参与实体赏罚,15054699,1506,A168_HF9F_20260827_0900,2026-08-27 09:00:00
2026-04-12,92755421,2145,0,43.0317054359,-43.0317054359,-43.0317054359,0E-7,3,2,0.47453324642823605,0.381345450000,-1.343927060511216,-1.1103251487403623,-1.343927060511216,0.09318779642823605,ELIGIBLE,R03b_20260811_FULL_v1,L1_ELIGIBILITY,v2026-08-11,2026-03-21..2026-08-06,baccarat_bet02_101_all_pairs_incl_sentinel,round_win = game_pnl > 0 (decisive only),COMPATIBILITY_ONLY_NOT_PRODUCTION,2500103.8841,2280641.3266,9883.8276,11764,10369,-0.00395337,-0.05088190,-0.00239824,-0.00395337,-9883.8276,2500103.8841,OK,0.0000,395.3531,4.0000,96.0000,AG03-UNRESOLVED,ALL5_LEVELS_bet23_to_bet27,395.3531,395.3531,395.3531,395.3531,395.3531,4.000000,4.000000,4.000000,4.000000,4.000000,96.000000,96.000000,96.000000,96.000000,96.000000,5.0,1976.7655,1824.8244,7907.0621,8059.0032,PENDING_AG03,FALSE,NOT_FOR_ENFORCEMENT,9488.4745,2189415.6736,9883.8276,9488.4745,395.3531,0.00395337,0.00379523,395.3531,9488.4745,0.00379523,395.3531,395.3531,395.3531,395.3531,395.3531,9488.4745,0.00379523,1976.7655,1824.8244,7907.0621,8059.0032,0.00316269,0.00322347,0.00015813,212.5216,219.9480,0.9532,119.0823,2.3972,30121.7335,124.9277,49.0469,238.9093,36.5364,75.9244,374.9013,749.8027,789.266,1183.8989,75.8035,-1.1839,10.395423,15.593133,2.799122,29,215,300,5,0.03207536,0.00395337,0.05088190,0E-8,0.000000,0.912219,0.000000,-0.04848366,2026-03-31,2026-08-01,83,4123,1621,124,0.669355,0.205295,0.230786,0.106918,,,,,,,,GLOBAL_BASELINE_NO_ENTITY_RANKING,,,NOT_APPLICABLE_GLOBAL_BASELINE,HF9g-P5,,,,X 全窗基线 · 不参与实体赏罚,15054700,1506,A168_HF9F_20260827_0900,2026-08-27 09:00:00
2026-04-12,92755421,2171,0,40.5959485243,-40.5959485243,-40.5959485243,0E-7,1,1,0.50665070000000000,0.506650700000,-1.013391052207602,-1.013391052207602,-1.013391052207602,0E-17,ELIGIBLE,R03b_20260811_FULL_v1,L1_ELIGIBILITY,v2026-08-11,2026-03-21..2026-08-06,baccarat_bet02_101_all_pairs_incl_sentinel,round_win = game_pnl > 0 (decisive only),COMPATIBILITY_ONLY_NOT_PRODUCTION,2500103.8841,2280641.3266,9883.8276,11764,10369,-0.00395337,-0.05088190,-0.00239824,-0.00395337,-9883.8276,2500103.8841,OK,0.0000,395.3531,4.0000,96.0000,AG03-UNRESOLVED,ALL5_LEVELS_bet23_to_bet27,395.3531,395.3531,395.3531,395.3531,395.3531,4.000000,4.000000,4.000000,4.000000,4.000000,96.000000,96.000000,96.000000,96.000000,96.000000,5.0,1976.7655,1824.8244,7907.0621,8059.0032,PENDING_AG03,FALSE,NOT_FOR_ENFORCEMENT,9488.4745,2189415.6736,9883.8276,9488.4745,395.3531,0.00395337,0.00379523,395.3531,9488.4745,0.00379523,395.3531,395.3531,395.3531,395.3531,395.3531,9488.4745,0.00379523,1976.7655,1824.8244,7907.0621,8059.0032,0.00316269,0.00322347,0.00015813,212.5216,219.9480,0.9532,119.0823,2.3972,30121.7335,124.9277,49.0469,238.9093,36.5364,75.9244,374.9013,749.8027,789.266,1183.8989,75.8035,-1.1839,10.395423,15.593133,2.799122,29,215,300,5,0.03207536,0.00395337,0.05088190,0E-8,0.000000,0.912219,0.000000,-0.04848366,2026-03-31,2026-08-01,83,4123,1621,124,0.669355,0.205295,0.230786,0.106918,,,,,,,,GLOBAL_BASELINE_NO_ENTITY_RANKING,,,NOT_APPLICABLE_GLOBAL_BASELINE,HF9g-P5,,,,X 全窗基线 · 不参与实体赏罚,15054701,1506,A168_HF9F_20260827_0900,2026-08-27 09:00:00
2026-04-12,92755421,2174,0,135.9964275565,-62.9237202127,-62.9237202127,0.2000000,6,5,0.49361378421056516,0.451166520000,-1.3131878790782678,-1.1286467106489797,-1.3131878790782678,0.04244726421056516,ELIGIBLE,R03b_20260811_FULL_v1,L1_ELIGIBILITY,v2026-08-11,2026-03-21..2026-08-06,baccarat_bet02_101_all_pairs_incl_sentinel,round_win = game_pnl > 0 (decisive only),COMPATIBILITY_ONLY_NOT_PRODUCTION,2500103.8841,2280641.3266,9883.8276,11764,10369,-0.00395337,-0.05088190,-0.00239824,-0.00395337,-9883.8276,2500103.8841,OK,0.0000,395.3531,4.0000,96.0000,AG03-UNRESOLVED,ALL5_LEVELS_bet23_to_bet27,395.3531,395.3531,395.3531,395.3531,395.3531,4.000000,4.000000,4.000000,4.000000,4.000000,96.000000,96.000000,96.000000,96.000000,96.000000,5.0,1976.7655,1824.8244,7907.0621,8059.0032,PENDING_AG03,FALSE,NOT_FOR_ENFORCEMENT,9488.4745,2189415.6736,9883.8276,9488.4745,395.3531,0.00395337,0.00379523,395.3531,9488.4745,0.00379523,395.3531,395.3531,395.3531,395.3531,395.3531,9488.4745,0.00379523,1976.7655,1824.8244,7907.0621,8059.0032,0.00316269,0.00322347,0.00015813,212.5216,219.9480,0.9532,119.0823,2.3972,30121.7335,124.9277,49.0469,238.9093,36.5364,75.9244,374.9013,749.8027,789.266,1183.8989,75.8035,-1.1839,10.395423,15.593133,2.799122,29,215,300,5,0.03207536,0.00395337,0.05088190,0E-8,0.000000,0.912219,0.000000,-0.04848366,2026-03-31,2026-08-01,83,4123,1621,124,0.669355,0.205295,0.230786,0.106918,,,,,,,,GLOBAL_BASELINE_NO_ENTITY_RANKING,,,NOT_APPLICABLE_GLOBAL_BASELINE,HF9g-P5,,,,X 全窗基线 · 不参与实体赏罚,15054702,1506,A168_HF9F_20260827_0900,2026-08-27 09:00:00
2026-04-12,92755421,2175,0,202.9797426219,34.9531116796,34.9531116796,0.6666667,10,9,0.50015490427347546,0.475826155556,0.9990706223052148,1.146383685918051,0.9990706223052148,0.02432874871747546,ELIGIBLE,R03b_20260811_FULL_v1,L1_ELIGIBILITY,v2026-08-11,2026-03-21..2026-08-06,baccarat_bet02_101_all_pairs_incl_sentinel,round_win = game_pnl > 0 (decisive only),COMPATIBILITY_ONLY_NOT_PRODUCTION,2500103.8841,2280641.3266,9883.8276,11764,10369,-0.00395337,-0.05088190,-0.00239824,-0.00395337,-9883.8276,2500103.8841,OK,0.0000,395.3531,4.0000,96.0000,AG03-UNRESOLVED,ALL5_LEVELS_bet23_to_bet27,395.3531,395.3531,395.3531,395.3531,395.3531,4.000000,4.000000,4.000000,4.000000,4.000000,96.000000,96.000000,96.000000,96.000000,96.000000,5.0,1976.7655,1824.8244,7907.0621,8059.0032,PENDING_AG03,FALSE,NOT_FOR_ENFORCEMENT,9488.4745,2189415.6736,9883.8276,9488.4745,395.3531,0.00395337,0.00379523,395.3531,9488.4745,0.00379523,395.3531,395.3531,395.3531,395.3531,395.3531,9488.4745,0.00379523,1976.7655,1824.8244,7907.0621,8059.0032,0.00316269,0.00322347,0.00015813,212.5216,219.9480,0.9532,119.0823,2.3972,30121.7335,124.9277,49.0469,238.9093,36.5364,75.9244,374.9013,749.8027,789.266,1183.8989,75.8035,-1.1839,10.395423,15.593133,2.799122,29,215,300,5,0.03207536,0.00395337,0.05088190,0E-8,0.000000,0.912219,0.000000,-0.04848366,2026-03-31,2026-08-01,83,4123,1621,124,0.669355,0.205295,0.230786,0.106918,,,,,,,,GLOBAL_BASELINE_NO_ENTITY_RANKING,,,NOT_APPLICABLE_GLOBAL_BASELINE,HF9g-P5,,,,X 全窗基线 · 不参与实体赏罚,15054703,1506,A168_HF9F_20260827_0900,2026-08-27 09:00:00
2026-04-12,92755421,2196,0,177.8102545366,-138.2292047253,-138.2292047253,0.1666667,7,6,0.49052586060616121,0.458179683333,-1.5868644446343736,-1.433138028207756,-1.5868644446343736,0.03234617727316121,ELIGIBLE,R03b_20260811_FULL_v1,L1_ELIGIBILITY,v2026-08-11,2026-03-21..2026-08-06,baccarat_bet02_101_all_pairs_incl_sentinel,round_win = game_pnl > 0 (decisive only),COMPATIBILITY_ONLY_NOT_PRODUCTION,2500103.8841,2280641.3266,9883.8276,11764,10369,-0.00395337,-0.05088190,-0.00239824,-0.00395337,-9883.8276,2500103.8841,OK,0.0000,395.3531,4.0000,96.0000,AG03-UNRESOLVED,ALL5_LEVELS_bet23_to_bet27,395.3531,395.3531,395.3531,395.3531,395.3531,4.000000,4.000000,4.000000,4.000000,4.000000,96.000000,96.000000,96.000000,96.000000,96.000000,5.0,1976.7655,1824.8244,7907.0621,8059.0032,PENDING_AG03,FALSE,NOT_FOR_ENFORCEMENT,9488.4745,2189415.6736,9883.8276,9488.4745,395.3531,0.00395337,0.00379523,395.3531,9488.4745,0.00379523,395.3531,395.3531,395.3531,395.3531,395.3531,9488.4745,0.00379523,1976.7655,1824.8244,7907.0621,8059.0032,0.00316269,0.00322347,0.00015813,212.5216,219.9480,0.9532,119.0823,2.3972,30121.7335,124.9277,49.0469,238.9093,36.5364,75.9244,374.9013,749.8027,789.266,1183.8989,75.8035,-1.1839,10.395423,15.593133,2.799122,29,215,300,5,0.03207536,0.00395337,0.05088190,0E-8,0.000000,0.912219,0.000000,-0.04848366,2026-03-31,2026-08-01,83,4123,1621,124,0.669355,0.205295,0.230786,0.106918,,,,,,,,GLOBAL_BASELINE_NO_ENTITY_RANKING,,,NOT_APPLICABLE_GLOBAL_BASELINE,HF9g-P5,,,,X 全窗基线 · 不参与实体赏罚,15054704,1506,A168_HF9F_20260827_0900,2026-08-27 09:00:00
2026-04-12,92755421,2212,0,38.1601916129,-8.1191897049,-8.1191897049,0.3333333,4,3,0.48997323675187341,0.425348066667,-0.5427256803181982,-0.3223616214306094,-0.5427256803181982,0.06462517008487341,ELIGIBLE,R03b_20260811_FULL_v1,L1_ELIGIBILITY,v2026-08-11,2026-03-21..2026-08-06,baccarat_bet02_101_all_pairs_incl_sentinel,round_win = game_pnl > 0 (decisive only),COMPATIBILITY_ONLY_NOT_PRODUCTION,2500103.8841,2280641.3266,9883.8276,11764,10369,-0.00395337,-0.05088190,-0.00239824,-0.00395337,-9883.8276,2500103.8841,OK,0.0000,395.3531,4.0000,96.0000,AG03-UNRESOLVED,ALL5_LEVELS_bet23_to_bet27,395.3531,395.3531,395.3531,395.3531,395.3531,4.000000,4.000000,4.000000,4.000000,4.000000,96.000000,96.000000,96.000000,96.000000,96.000000,5.0,1976.7655,1824.8244,7907.0621,8059.0032,PENDING_AG03,FALSE,NOT_FOR_ENFORCEMENT,9488.4745,2189415.6736,9883.8276,9488.4745,395.3531,0.00395337,0.00379523,395.3531,9488.4745,0.00379523,395.3531,395.3531,395.3531,395.3531,395.3531,9488.4745,0.00379523,1976.7655,1824.8244,7907.0621,8059.0032,0.00316269,0.00322347,0.00015813,212.5216,219.9480,0.9532,119.0823,2.3972,30121.7335,124.9277,49.0469,238.9093,36.5364,75.9244,374.9013,749.8027,789.266,1183.8989,75.8035,-1.1839,10.395423,15.593133,2.799122,29,215,300,5,0.03207536,0.00395337,0.05088190,0E-8,0.000000,0.912219,0.000000,-0.04848366,2026-03-31,2026-08-01,83,4123,1621,124,0.669355,0.205295,0.230786,0.106918,,,,,,,,GLOBAL_BASELINE_NO_ENTITY_RANKING,,,NOT_APPLICABLE_GLOBAL_BASELINE,HF9g-P5,,,,X 全窗基线 · 不参与实体赏罚,15054705,1506,A168_HF9F_20260827_0900,2026-08-27 09:00:00
2026-04-12,92755421,2216,0,112.8567368976,-31.6648398490,-31.6648398490,0.5000000,4,2,0.48607041062435173,0.259391500000,0.03941412671438808,0.7763431887933226,0.03941412671438808,0.22667891062435173,ELIGIBLE,R03b_20260811_FULL_v1,L1_ELIGIBILITY,v2026-08-11,2026-03-21..2026-08-06,baccarat_bet02_101_all_pairs_incl_sentinel,round_win = game_pnl > 0 (decisive only),COMPATIBILITY_ONLY_NOT_PRODUCTION,2500103.8841,2280641.3266,9883.8276,11764,10369,-0.00395337,-0.05088190,-0.00239824,-0.00395337,-9883.8276,2500103.8841,OK,0.0000,395.3531,4.0000,96.0000,AG03-UNRESOLVED,ALL5_LEVELS_bet23_to_bet27,395.3531,395.3531,395.3531,395.3531,395.3531,4.000000,4.000000,4.000000,4.000000,4.000000,96.000000,96.000000,96.000000,96.000000,96.000000,5.0,1976.7655,1824.8244,7907.0621,8059.0032,PENDING_AG03,FALSE,NOT_FOR_ENFORCEMENT,9488.4745,2189415.6736,9883.8276,9488.4745,395.3531,0.00395337,0.00379523,395.3531,9488.4745,0.00379523,395.3531,395.3531,395.3531,395.3531,395.3531,9488.4745,0.00379523,1976.7655,1824.8244,7907.0621,8059.0032,0.00316269,0.00322347,0.00015813,212.5216,219.9480,0.9532,119.0823,2.3972,30121.7335,124.9277,49.0469,238.9093,36.5364,75.9244,374.9013,749.8027,789.266,1183.8989,75.8035,-1.1839,10.395423,15.593133,2.799122,29,215,300,5,0.03207536,0.00395337,0.05088190,0E-8,0.000000,0.912219,0.000000,-0.04848366,2026-03-31,2026-08-01,83,4123,1621,124,0.669355,0.205295,0.230786,0.106918,,,,,,,,GLOBAL_BASELINE_NO_ENTITY_RANKING,,,NOT_APPLICABLE_GLOBAL_BASELINE,HF9g-P5,,,,X 全窗基线 · 不参与实体赏罚,15054706,1506,A168_HF9F_20260827_0900,2026-08-27 09:00:00
2026-04-12,92755421,2233,0,121.7878455729,-40.5959485243,-40.5959485243,0E-7,3,3,0.49324550000000000,0.493245500000,-0.9865810262130424,-0.9865810262130424,-0.9865810262130424,0E-17,ELIGIBLE,R03b_20260811_FULL_v1,L1_ELIGIBILITY,v2026-08-11,2026-03-21..2026-08-06,baccarat_bet02_101_all_pairs_incl_sentinel,round_win = game_pnl > 0 (decisive only),COMPATIBILITY_ONLY_NOT_PRODUCTION,2500103.8841,2280641.3266,9883.8276,11764,10369,-0.00395337,-0.05088190,-0.00239824,-0.00395337,-9883.8276,2500103.8841,OK,0.0000,395.3531,4.0000,96.0000,AG03-UNRESOLVED,ALL5_LEVELS_bet23_to_bet27,395.3531,395.3531,395.3531,395.3531,395.3531,4.000000,4.000000,4.000000,4.000000,4.000000,96.000000,96.000000,96.000000,96.000000,96.000000,5.0,1976.7655,1824.8244,7907.0621,8059.0032,PENDING_AG03,FALSE,NOT_FOR_ENFORCEMENT,9488.4745,2189415.6736,9883.8276,9488.4745,395.3531,0.00395337,0.00379523,395.3531,9488.4745,0.00379523,395.3531,395.3531,395.3531,395.3531,395.3531,9488.4745,0.00379523,1976.7655,1824.8244,7907.0621,8059.0032,0.00316269,0.00322347,0.00015813,212.5216,219.9480,0.9532,119.0823,2.3972,30121.7335,124.9277,49.0469,238.9093,36.5364,75.9244,374.9013,749.8027,789.266,1183.8989,75.8035,-1.1839,10.395423,15.593133,2.799122,29,215,300,5,0.03207536,0.00395337,0.05088190,0E-8,0.000000,0.912219,0.000000,-0.04848366,2026-03-31,2026-08-01,83,4123,1621,124,0.669355,0.205295,0.230786,0.106918,,,,,,,,GLOBAL_BASELINE_NO_ENTITY_RANKING,,,NOT_APPLICABLE_GLOBAL_BASELINE,HF9g-P5,,,,X 全窗基线 · 不参与实体赏罚,15054707,1506,A168_HF9F_20260827_0900,2026-08-27 09:00:00
2026-04-12,92755421,2244,0,215.5644866646,42.3212763367,42.3212763367,0.6666667,12,10,0.49301761549243850,0.450496260000,1.0419959142980226,1.3034265799702909,1.0419959142980226,0.04252135549243850,ELIGIBLE,R03b_20260811_FULL_v1,L1_ELIGIBILITY,v2026-08-11,2026-03-21..2026-08-06,baccarat_bet02_101_all_pairs_incl_sentinel,round_win = game_pnl > 0 (decisive only),COMPATIBILITY_ONLY_NOT_PRODUCTION,2500103.8841,2280641.3266,9883.8276,11764,10369,-0.00395337,-0.05088190,-0.00239824,-0.00395337,-9883.8276,2500103.8841,OK,0.0000,395.3531,4.0000,96.0000,AG03-UNRESOLVED,ALL5_LEVELS_bet23_to_bet27,395.3531,395.3531,395.3531,395.3531,395.3531,4.000000,4.000000,4.000000,4.000000,4.000000,96.000000,96.000000,96.000000,96.000000,96.000000,5.0,1976.7655,1824.8244,7907.0621,8059.0032,PENDING_AG03,FALSE,NOT_FOR_ENFORCEMENT,9488.4745,2189415.6736,9883.8276,9488.4745,395.3531,0.00395337,0.00379523,395.3531,9488.4745,0.00379523,395.3531,395.3531,395.3531,395.3531,395.3531,9488.4745,0.00379523,1976.7655,1824.8244,7907.0621,8059.0032,0.00316269,0.00322347,0.00015813,212.5216,219.9480,0.9532,119.0823,2.3972,30121.7335,124.9277,49.0469,238.9093,36.5364,75.9244,374.9013,749.8027,789.266,1183.8989,75.8035,-1.1839,10.395423,15.593133,2.799122,29,215,300,5,0.03207536,0.00395337,0.05088190,0E-8,0.000000,0.912219,0.000000,-0.04848366,2026-03-31,2026-08-01,83,4123,1621,124,0.669355,0.205295,0.230786,0.106918,,,,,,,,GLOBAL_BASELINE_NO_ENTITY_RANKING,,,NOT_APPLICABLE_GLOBAL_BASELINE,HF9g-P5,,,,X 全窗基线 · 不参与实体赏罚,15054708,1506,A168_HF9F_20260827_0900,2026-08-27 09:00:00
2026-04-12,92755421,2248,0,222.4657979134,78.9591198801,78.9591198801,0.7142857,14,8,0.46828059923108144,0.318692825000,1.3043640519793713,2.2461557763843363,1.3043640519793713,0.14958777423108144,ELIGIBLE,R03b_20260811_FULL_v1,L1_ELIGIBILITY,v2026-08-11,2026-03-21..2026-08-06,baccarat_bet02_101_all_pairs_incl_sentinel,round_win = game_pnl > 0 (decisive only),COMPATIBILITY_ONLY_NOT_PRODUCTION,2500103.8841,2280641.3266,9883.8276,11764,10369,-0.00395337,-0.05088190,-0.00239824,-0.00395337,-9883.8276,2500103.8841,OK,0.0000,395.3531,4.0000,96.0000,AG03-UNRESOLVED,ALL5_LEVELS_bet23_to_bet27,395.3531,395.3531,395.3531,395.3531,395.3531,4.000000,4.000000,4.000000,4.000000,4.000000,96.000000,96.000000,96.000000,96.000000,96.000000,5.0,1976.7655,1824.8244,7907.0621,8059.0032,PENDING_AG03,FALSE,NOT_FOR_ENFORCEMENT,9488.4745,2189415.6736,9883.8276,9488.4745,395.3531,0.00395337,0.00379523,395.3531,9488.4745,0.00379523,395.3531,395.3531,395.3531,395.3531,395.3531,9488.4745,0.00379523,1976.7655,1824.8244,7907.0621,8059.0032,0.00316269,0.00322347,0.00015813,212.5216,219.9480,0.9532,119.0823,2.3972,30121.7335,124.9277,49.0469,238.9093,36.5364,75.9244,374.9013,749.8027,789.266,1183.8989,75.8035,-1.1839,10.395423,15.593133,2.799122,29,215,300,5,0.03207536,0.00395337,0.05088190,0E-8,0.000000,0.912219,0.000000,-0.04848366,2026-03-31,2026-08-01,83,4123,1621,124,0.669355,0.205295,0.230786,0.106918,,,,,,,,GLOBAL_BASELINE_NO_ENTITY_RANKING,,,NOT_APPLICABLE_GLOBAL_BASELINE,HF9g-P5,,,,X 全窗基线 · 不参与实体赏罚,15054709,1506,A168_HF9F_20260827_0900,2026-08-27 09:00:00
2026-04-12,92755421,2250,0,387.6913084073,-36.5363536718,-36.5363536718,0.3750000,14,11,0.48844090052202773,0.432209109091,-0.6418901925760522,-0.32663973144309855,-0.6418901925760522,0.05623179143102773,ELIGIBLE,R03b_20260811_FULL_v1,L1_ELIGIBILITY,v2026-08-11,2026-03-21..2026-08-06,baccarat_bet02_101_all_pairs_incl_sentinel,round_win = game_pnl > 0 (decisive only),COMPATIBILITY_ONLY_NOT_PRODUCTION,2500103.8841,2280641.3266,9883.8276,11764,10369,-0.00395337,-0.05088190,-0.00239824,-0.00395337,-9883.8276,2500103.8841,OK,0.0000,395.3531,4.0000,96.0000,AG03-UNRESOLVED,ALL5_LEVELS_bet23_to_bet27,395.3531,395.3531,395.3531,395.3531,395.3531,4.000000,4.000000,4.000000,4.000000,4.000000,96.000000,96.000000,96.000000,96.000000,96.000000,5.0,1976.7655,1824.8244,7907.0621,8059.0032,PENDING_AG03,FALSE,NOT_FOR_ENFORCEMENT,9488.4745,2189415.6736,9883.8276,9488.4745,395.3531,0.00395337,0.00379523,395.3531,9488.4745,0.00379523,395.3531,395.3531,395.3531,395.3531,395.3531,9488.4745,0.00379523,1976.7655,1824.8244,7907.0621,8059.0032,0.00316269,0.00322347,0.00015813,212.5216,219.9480,0.9532,119.0823,2.3972,30121.7335,124.9277,49.0469,238.9093,36.5364,75.9244,374.9013,749.8027,789.266,1183.8989,75.8035,-1.1839,10.395423,15.593133,2.799122,29,215,300,5,0.03207536,0.00395337,0.05088190,0E-8,0.000000,0.912219,0.000000,-0.04848366,2026-03-31,2026-08-01,83,4123,1621,124,0.669355,0.205295,0.230786,0.106918,,,,,,,,GLOBAL_BASELINE_NO_ENTITY_RANKING,,,NOT_APPLICABLE_GLOBAL_BASELINE,HF9g-P5,,,,X 全窗基线 · 不参与实体赏罚,15054710,1506,A168_HF9F_20260827_0900,2026-08-27 09:00:00
2026-04-12,92755421,2256,0,60.8939227865,-60.8939227865,-60.8939227865,0E-7,2,2,0.49324550000000000,0.493245500000,-1.3952362676504506,-1.3952362676504506,-1.3952362676504506,0E-17,ELIGIBLE,R03b_20260811_FULL_v1,L1_ELIGIBILITY,v2026-08-11,2026-03-21..2026-08-06,baccarat_bet02_101_all_pairs_incl_sentinel,round_win = game_pnl > 0 (decisive only),COMPATIBILITY_ONLY_NOT_PRODUCTION,2500103.8841,2280641.3266,9883.8276,11764,10369,-0.00395337,-0.05088190,-0.00239824,-0.00395337,-9883.8276,2500103.8841,OK,0.0000,395.3531,4.0000,96.0000,AG03-UNRESOLVED,ALL5_LEVELS_bet23_to_bet27,395.3531,395.3531,395.3531,395.3531,395.3531,4.000000,4.000000,4.000000,4.000000,4.000000,96.000000,96.000000,96.000000,96.000000,96.000000,5.0,1976.7655,1824.8244,7907.0621,8059.0032,PENDING_AG03,FALSE,NOT_FOR_ENFORCEMENT,9488.4745,2189415.6736,9883.8276,9488.4745,395.3531,0.00395337,0.00379523,395.3531,9488.4745,0.00379523,395.3531,395.3531,395.3531,395.3531,395.3531,9488.4745,0.00379523,1976.7655,1824.8244,7907.0621,8059.0032,0.00316269,0.00322347,0.00015813,212.5216,219.9480,0.9532,119.0823,2.3972,30121.7335,124.9277,49.0469,238.9093,36.5364,75.9244,374.9013,749.8027,789.266,1183.8989,75.8035,-1.1839,10.395423,15.593133,2.799122,29,215,300,5,0.03207536,0.00395337,0.05088190,0E-8,0.000000,0.912219,0.000000,-0.04848366,2026-03-31,2026-08-01,83,4123,1621,124,0.669355,0.205295,0.230786,0.106918,,,,,,,,GLOBAL_BASELINE_NO_ENTITY_RANKING,,,NOT_APPLICABLE_GLOBAL_BASELINE,HF9g-P5,,,,X 全窗基线 · 不参与实体赏罚,15054711,1506,A168_HF9F_20260827_0900,2026-08-27 09:00:00
2026-04-12,92755421,529,0,40.5959485244,-20.2979742622,-20.2979742622,0E-7,2,2,0.49994810000000000,0.499948100000,-0.9998962053866608,-0.9998962053866608,-0.9998962053866608,0E-17,ELIGIBLE,R03b_20260811_FULL_v1,L1_ELIGIBILITY,v2026-08-11,2026-03-21..2026-08-06,baccarat_bet02_101_all_pairs_incl_sentinel,round_win = game_pnl > 0 (decisive only),COMPATIBILITY_ONLY_NOT_PRODUCTION,2500103.8841,2280641.3266,9883.8276,11764,10369,-0.00395337,-0.05088190,-0.00239824,-0.00395337,-9883.8276,2500103.8841,OK,0.0000,395.3531,4.0000,96.0000,AG03-UNRESOLVED,ALL5_LEVELS_bet23_to_bet27,395.3531,395.3531,395.3531,395.3531,395.3531,4.000000,4.000000,4.000000,4.000000,4.000000,96.000000,96.000000,96.000000,96.000000,96.000000,5.0,1976.7655,1824.8244,7907.0621,8059.0032,PENDING_AG03,FALSE,NOT_FOR_ENFORCEMENT,9488.4745,2189415.6736,9883.8276,9488.4745,395.3531,0.00395337,0.00379523,395.3531,9488.4745,0.00379523,395.3531,395.3531,395.3531,395.3531,395.3531,9488.4745,0.00379523,1976.7655,1824.8244,7907.0621,8059.0032,0.00316269,0.00322347,0.00015813,212.5216,219.9480,0.9532,119.0823,2.3972,30121.7335,124.9277,49.0469,238.9093,36.5364,75.9244,374.9013,749.8027,789.266,1183.8989,75.8035,-1.1839,10.395423,15.593133,2.799122,29,215,300,5,0.03207536,0.00395337,0.05088190,0E-8,0.000000,0.912219,0.000000,-0.04848366,2026-03-31,2026-08-01,83,4123,1621,124,0.669355,0.205295,0.230786,0.106918,,,,,,,,GLOBAL_BASELINE_NO_ENTITY_RANKING,,,NOT_APPLICABLE_GLOBAL_BASELINE,HF9g-P5,,,,X 全窗基线 · 不参与实体赏罚,15054712,1506,A168_HF9F_20260827_0900,2026-08-27 09:00:00
2026-04-12,92755421,550,0,121.7878455729,-40.5959485243,-40.5959485243,0.3333333,3,3,0.49771390000000000,0.497713900000,-0.5694369385616226,-0.5694369385616226,-0.5694369385616226,0E-17,ELIGIBLE,R03b_20260811_FULL_v1,L1_ELIGIBILITY,v2026-08-11,2026-03-21..2026-08-06,baccarat_bet02_101_all_pairs_incl_sentinel,round_win = game_pnl > 0 (decisive only),COMPATIBILITY_ONLY_NOT_PRODUCTION,2500103.8841,2280641.3266,9883.8276,11764,10369,-0.00395337,-0.05088190,-0.00239824,-0.00395337,-9883.8276,2500103.8841,OK,0.0000,395.3531,4.0000,96.0000,AG03-UNRESOLVED,ALL5_LEVELS_bet23_to_bet27,395.3531,395.3531,395.3531,395.3531,395.3531,4.000000,4.000000,4.000000,4.000000,4.000000,96.000000,96.000000,96.000000,96.000000,96.000000,5.0,1976.7655,1824.8244,7907.0621,8059.0032,PENDING_AG03,FALSE,NOT_FOR_ENFORCEMENT,9488.4745,2189415.6736,9883.8276,9488.4745,395.3531,0.00395337,0.00379523,395.3531,9488.4745,0.00379523,395.3531,395.3531,395.3531,395.3531,395.3531,9488.4745,0.00379523,1976.7655,1824.8244,7907.0621,8059.0032,0.00316269,0.00322347,0.00015813,212.5216,219.9480,0.9532,119.0823,2.3972,30121.7335,124.9277,49.0469,238.9093,36.5364,75.9244,374.9013,749.8027,789.266,1183.8989,75.8035,-1.1839,10.395423,15.593133,2.799122,29,215,300,5,0.03207536,0.00395337,0.05088190,0E-8,0.000000,0.912219,0.000000,-0.04848366,2026-03-31,2026-08-01,83,4123,1621,124,0.669355,0.205295,0.230786,0.106918,,,,,,,,GLOBAL_BASELINE_NO_ENTITY_RANKING,,,NOT_APPLICABLE_GLOBAL_BASELINE,HF9g-P5,,,,X 全窗基线 · 不参与实体赏罚,15054713,1506,A168_HF9F_20260827_0900,2026-08-27 09:00:00
2026-04-12,92755421,772,0,257.7842731294,18.2681768359,18.2681768359,0.5000000,9,7,0.49377162030080737,0.433132671429,0.0305150719914137,0.3305509522256563,0.0305150719914137,0.06063894887180737,ELIGIBLE,R03b_20260811_FULL_v1,L1_ELIGIBILITY,v2026-08-11,2026-03-21..2026-08-06,baccarat_bet02_101_all_pairs_incl_sentinel,round_win = game_pnl > 0 (decisive only),COMPATIBILITY_ONLY_NOT_PRODUCTION,2500103.8841,2280641.3266,9883.8276,11764,10369,-0.00395337,-0.05088190,-0.00239824,-0.00395337,-9883.8276,2500103.8841,OK,0.0000,395.3531,4.0000,96.0000,AG03-UNRESOLVED,ALL5_LEVELS_bet23_to_bet27,395.3531,395.3531,395.3531,395.3531,395.3531,4.000000,4.000000,4.000000,4.000000,4.000000,96.000000,96.000000,96.000000,96.000000,96.000000,5.0,1976.7655,1824.8244,7907.0621,8059.0032,PENDING_AG03,FALSE,NOT_FOR_ENFORCEMENT,9488.4745,2189415.6736,9883.8276,9488.4745,395.3531,0.00395337,0.00379523,395.3531,9488.4745,0.00379523,395.3531,395.3531,395.3531,395.3531,395.3531,9488.4745,0.00379523,1976.7655,1824.8244,7907.0621,8059.0032,0.00316269,0.00322347,0.00015813,212.5216,219.9480,0.9532,119.0823,2.3972,30121.7335,124.9277,49.0469,238.9093,36.5364,75.9244,374.9013,749.8027,789.266,1183.8989,75.8035,-1.1839,10.395423,15.593133,2.799122,29,215,300,5,0.03207536,0.00395337,0.05088190,0E-8,0.000000,0.912219,0.000000,-0.04848366,2026-03-31,2026-08-01,83,4123,1621,124,0.669355,0.205295,0.230786,0.106918,,,,,,,,GLOBAL_BASELINE_NO_ENTITY_RANKING,,,NOT_APPLICABLE_GLOBAL_BASELINE,HF9g-P5,,,,X 全窗基线 · 不参与实体赏罚,15054714,1506,A168_HF9F_20260827_0900,2026-08-27 09:00:00
2026-04-12,92755421,948,0,225.3075143101,32.4767588196,32.4767588196,0.5714286,12,8,0.48807056131120868,0.381345450000,0.4412147268538016,1.0354024419304526,0.4412147268538016,0.10672511131120868,ELIGIBLE,R03b_20260811_FULL_v1,L1_ELIGIBILITY,v2026-08-11,2026-03-21..2026-08-06,baccarat_bet02_101_all_pairs_incl_sentinel,round_win = game_pnl > 0 (decisive only),COMPATIBILITY_ONLY_NOT_PRODUCTION,2500103.8841,2280641.3266,9883.8276,11764,10369,-0.00395337,-0.05088190,-0.00239824,-0.00395337,-9883.8276,2500103.8841,OK,0.0000,395.3531,4.0000,96.0000,AG03-UNRESOLVED,ALL5_LEVELS_bet23_to_bet27,395.3531,395.3531,395.3531,395.3531,395.3531,4.000000,4.000000,4.000000,4.000000,4.000000,96.000000,96.000000,96.000000,96.000000,96.000000,5.0,1976.7655,1824.8244,7907.0621,8059.0032,PENDING_AG03,FALSE,NOT_FOR_ENFORCEMENT,9488.4745,2189415.6736,9883.8276,9488.4745,395.3531,0.00395337,0.00379523,395.3531,9488.4745,0.00379523,395.3531,395.3531,395.3531,395.3531,395.3531,9488.4745,0.00379523,1976.7655,1824.8244,7907.0621,8059.0032,0.00316269,0.00322347,0.00015813,212.5216,219.9480,0.9532,119.0823,2.3972,30121.7335,124.9277,49.0469,238.9093,36.5364,75.9244,374.9013,749.8027,789.266,1183.8989,75.8035,-1.1839,10.395423,15.593133,2.799122,29,215,300,5,0.03207536,0.00395337,0.05088190,0E-8,0.000000,0.912219,0.000000,-0.04848366,2026-03-31,2026-08-01,83,4123,1621,124,0.669355,0.205295,0.230786,0.106918,,,,,,,,GLOBAL_BASELINE_NO_ENTITY_RANKING,,,NOT_APPLICABLE_GLOBAL_BASELINE,HF9g-P5,,,,X 全窗基线 · 不参与实体赏罚,15054715,1506,A168_HF9F_20260827_0900,2026-08-27 09:00:00
2026-04-12,92755421,970,0,344.2536434863,76.9293224536,76.9293224536,0.6250000,12,11,0.49908056704552371,0.480211963636,0.7123090837140981,0.8196869940773072,0.7123090837140981,0.01886860340952371,ELIGIBLE,R03b_20260811_FULL_v1,L1_ELIGIBILITY,v2026-08-11,2026-03-21..2026-08-06,baccarat_bet02_101_all_pairs_incl_sentinel,round_win = game_pnl > 0 (decisive only),COMPATIBILITY_ONLY_NOT_PRODUCTION,2500103.8841,2280641.3266,9883.8276,11764,10369,-0.00395337,-0.05088190,-0.00239824,-0.00395337,-9883.8276,2500103.8841,OK,0.0000,395.3531,4.0000,96.0000,AG03-UNRESOLVED,ALL5_LEVELS_bet23_to_bet27,395.3531,395.3531,395.3531,395.3531,395.3531,4.000000,4.000000,4.000000,4.000000,4.000000,96.000000,96.000000,96.000000,96.000000,96.000000,5.0,1976.7655,1824.8244,7907.0621,8059.0032,PENDING_AG03,FALSE,NOT_FOR_ENFORCEMENT,9488.4745,2189415.6736,9883.8276,9488.4745,395.3531,0.00395337,0.00379523,395.3531,9488.4745,0.00379523,395.3531,395.3531,395.3531,395.3531,395.3531,9488.4745,0.00379523,1976.7655,1824.8244,7907.0621,8059.0032,0.00316269,0.00322347,0.00015813,212.5216,219.9480,0.9532,119.0823,2.3972,30121.7335,124.9277,49.0469,238.9093,36.5364,75.9244,374.9013,749.8027,789.266,1183.8989,75.8035,-1.1839,10.395423,15.593133,2.799122,29,215,300,5,0.03207536,0.00395337,0.05088190,0E-8,0.000000,0.912219,0.000000,-0.04848366,2026-03-31,2026-08-01,83,4123,1621,124,0.669355,0.205295,0.230786,0.106918,,,,,,,,GLOBAL_BASELINE_NO_ENTITY_RANKING,,,NOT_APPLICABLE_GLOBAL_BASELINE,HF9g-P5,,,,X 全窗基线 · 不参与实体赏罚,15054716,1506,A168_HF9F_20260827_0900,2026-08-27 09:00:00
2026-04-12,92755421,994,0,202.5737831367,92.7617423784,92.7617423784,0.7500000,13,10,0.49287698922190921,0.429456770000,1.454655014137348,1.831587189920569,1.454655014137348,0.06342021922190921,ELIGIBLE,R03b_20260811_FULL_v1,L1_ELIGIBILITY,v2026-08-11,2026-03-21..2026-08-06,baccarat_bet02_101_all_pairs_incl_sentinel,round_win = game_pnl > 0 (decisive only),COMPATIBILITY_ONLY_NOT_PRODUCTION,2500103.8841,2280641.3266,9883.8276,11764,10369,-0.00395337,-0.05088190,-0.00239824,-0.00395337,-9883.8276,2500103.8841,OK,0.0000,395.3531,4.0000,96.0000,AG03-UNRESOLVED,ALL5_LEVELS_bet23_to_bet27,395.3531,395.3531,395.3531,395.3531,395.3531,4.000000,4.000000,4.000000,4.000000,4.000000,96.000000,96.000000,96.000000,96.000000,96.000000,5.0,1976.7655,1824.8244,7907.0621,8059.0032,PENDING_AG03,FALSE,NOT_FOR_ENFORCEMENT,9488.4745,2189415.6736,9883.8276,9488.4745,395.3531,0.00395337,0.00379523,395.3531,9488.4745,0.00379523,395.3531,395.3531,395.3531,395.3531,395.3531,9488.4745,0.00379523,1976.7655,1824.8244,7907.0621,8059.0032,0.00316269,0.00322347,0.00015813,212.5216,219.9480,0.9532,119.0823,2.3972,30121.7335,124.9277,49.0469,238.9093,36.5364,75.9244,374.9013,749.8027,789.266,1183.8989,75.8035,-1.1839,10.395423,15.593133,2.799122,29,215,300,5,0.03207536,0.00395337,0.05088190,0E-8,0.000000,0.912219,0.000000,-0.04848366,2026-03-31,2026-08-01,83,4123,1621,124,0.669355,0.205295,0.230786,0.106918,,,,,,,,GLOBAL_BASELINE_NO_ENTITY_RANKING,,,NOT_APPLICABLE_GLOBAL_BASELINE,HF9g-P5,,,,X 全窗基线 · 不参与实体赏罚,15054717,1506,A168_HF9F_20260827_0900,2026-08-27 09:00:00
2026-04-13,92755421,-1,1,61.2998822718,-20.7039337474,-20.7039337474,0.3333333,4,3,0.49899396143824729,0.420879666667,-0.5738664110201273,-0.30713917230378546,-0.5738664110201273,0.07811429477124729,SENTINEL_DEALER,R03b_20260811_FULL_v1,L1_ELIGIBILITY,v2026-08-11,2026-03-21..2026-08-06,baccarat_bet02_101_all_pairs_incl_sentinel,round_win = game_pnl > 0 (decisive only),COMPATIBILITY_ONLY_NOT_PRODUCTION,2500103.8841,2280641.3266,9883.8276,11764,10369,-0.00395337,-0.05088190,-0.00239824,-0.00395337,-9883.8276,2500103.8841,OK,0.0000,395.3531,4.0000,96.0000,AG03-UNRESOLVED,ALL5_LEVELS_bet23_to_bet27,395.3531,395.3531,395.3531,395.3531,395.3531,4.000000,4.000000,4.000000,4.000000,4.000000,96.000000,96.000000,96.000000,96.000000,96.000000,5.0,1976.7655,1824.8244,7907.0621,8059.0032,PENDING_AG03,FALSE,NOT_FOR_ENFORCEMENT,9488.4745,2189415.6736,9883.8276,9488.4745,395.3531,0.00395337,0.00379523,395.3531,9488.4745,0.00379523,395.3531,395.3531,395.3531,395.3531,395.3531,9488.4745,0.00379523,1976.7655,1824.8244,7907.0621,8059.0032,0.00316269,0.00322347,0.00015813,212.5216,219.9480,0.9532,119.0823,2.3972,30121.7335,124.9277,49.0469,238.9093,36.5364,75.9244,374.9013,749.8027,789.266,1183.8989,75.8035,-1.1839,10.395423,15.593133,2.799122,29,215,300,5,0.03207536,0.00395337,0.05088190,0E-8,0.000000,0.912219,0.000000,-0.04848366,2026-03-31,2026-08-01,83,4123,1621,124,0.669355,0.205295,0.230786,0.106918,,,,,,,,GLOBAL_BASELINE_NO_ENTITY_RANKING,,,NOT_APPLICABLE_GLOBAL_BASELINE,HF9g-P5,,,,X 全窗基线 · 不参与实体赏罚,15054718,1506,A168_HF9F_20260827_0900,2026-08-27 09:00:00
2026-04-13,92755421,1304,0,20.2979742622,-20.2979742622,-20.2979742622,0E-7,1,1,0.49324550000000000,0.493245500000,-0.9865810262130424,-0.9865810262130424,-0.9865810262130424,0E-17,ELIGIBLE,R03b_20260811_FULL_v1,L1_ELIGIBILITY,v2026-08-11,2026-03-21..2026-08-06,baccarat_bet02_101_all_pairs_incl_sentinel,round_win = game_pnl > 0 (decisive only),COMPATIBILITY_ONLY_NOT_PRODUCTION,2500103.8841,2280641.3266,9883.8276,11764,10369,-0.00395337,-0.05088190,-0.00239824,-0.00395337,-9883.8276,2500103.8841,OK,0.0000,395.3531,4.0000,96.0000,AG03-UNRESOLVED,ALL5_LEVELS_bet23_to_bet27,395.3531,395.3531,395.3531,395.3531,395.3531,4.000000,4.000000,4.000000,4.000000,4.000000,96.000000,96.000000,96.000000,96.000000,96.000000,5.0,1976.7655,1824.8244,7907.0621,8059.0032,PENDING_AG03,FALSE,NOT_FOR_ENFORCEMENT,9488.4745,2189415.6736,9883.8276,9488.4745,395.3531,0.00395337,0.00379523,395.3531,9488.4745,0.00379523,395.3531,395.3531,395.3531,395.3531,395.3531,9488.4745,0.00379523,1976.7655,1824.8244,7907.0621,8059.0032,0.00316269,0.00322347,0.00015813,212.5216,219.9480,0.9532,119.0823,2.3972,30121.7335,124.9277,49.0469,238.9093,36.5364,75.9244,374.9013,749.8027,789.266,1183.8989,75.8035,-1.1839,10.395423,15.593133,2.799122,29,215,300,5,0.03207536,0.00395337,0.05088190,0E-8,0.000000,0.912219,0.000000,-0.04848366,2026-03-31,2026-08-01,83,4123,1621,124,0.669355,0.205295,0.230786,0.106918,,,,,,,,GLOBAL_BASELINE_NO_ENTITY_RANKING,,,NOT_APPLICABLE_GLOBAL_BASELINE,HF9g-P5,,,,X 全窗基线 · 不参与实体赏罚,15054719,1506,A168_HF9F_20260827_0900,2026-08-27 09:00:00
2026-04-13,92755421,1374,0,20.2979742622,-20.2979742622,-20.2979742622,0E-7,1,1,0.49324550000000000,0.493245500000,-0.9865810262130424,-0.9865810262130424,-0.9865810262130424,0E-17,ELIGIBLE,R03b_20260811_FULL_v1,L1_ELIGIBILITY,v2026-08-11,2026-03-21..2026-08-06,baccarat_bet02_101_all_pairs_incl_sentinel,round_win = game_pnl > 0 (decisive only),COMPATIBILITY_ONLY_NOT_PRODUCTION,2500103.8841,2280641.3266,9883.8276,11764,10369,-0.00395337,-0.05088190,-0.00239824,-0.00395337,-9883.8276,2500103.8841,OK,0.0000,395.3531,4.0000,96.0000,AG03-UNRESOLVED,ALL5_LEVELS_bet23_to_bet27,395.3531,395.3531,395.3531,395.3531,395.3531,4.000000,4.000000,4.000000,4.000000,4.000000,96.000000,96.000000,96.000000,96.000000,96.000000,5.0,1976.7655,1824.8244,7907.0621,8059.0032,PENDING_AG03,FALSE,NOT_FOR_ENFORCEMENT,9488.4745,2189415.6736,9883.8276,9488.4745,395.3531,0.00395337,0.00379523,395.3531,9488.4745,0.00379523,395.3531,395.3531,395.3531,395.3531,395.3531,9488.4745,0.00379523,1976.7655,1824.8244,7907.0621,8059.0032,0.00316269,0.00322347,0.00015813,212.5216,219.9480,0.9532,119.0823,2.3972,30121.7335,124.9277,49.0469,238.9093,36.5364,75.9244,374.9013,749.8027,789.266,1183.8989,75.8035,-1.1839,10.395423,15.593133,2.799122,29,215,300,5,0.03207536,0.00395337,0.05088190,0E-8,0.000000,0.912219,0.000000,-0.04848366,2026-03-31,2026-08-01,83,4123,1621,124,0.669355,0.205295,0.230786,0.106918,,,,,,,,GLOBAL_BASELINE_NO_ENTITY_RANKING,,,NOT_APPLICABLE_GLOBAL_BASELINE,HF9g-P5,,,,X 全窗基线 · 不参与实体赏罚,15054720,1506,A168_HF9F_20260827_0900,2026-08-27 09:00:00
2026-04-13,92755421,1714,0,10.1489871311,-10.1489871311,-10.1489871311,0E-7,1,1,0.49324550000000000,0.493245500000,-0.9865810262130424,-0.9865810262130424,-0.9865810262130424,0E-17,ELIGIBLE,R03b_20260811_FULL_v1,L1_ELIGIBILITY,v2026-08-11,2026-03-21..2026-08-06,baccarat_bet02_101_all_pairs_incl_sentinel,round_win = game_pnl > 0 (decisive only),COMPATIBILITY_ONLY_NOT_PRODUCTION,2500103.8841,2280641.3266,9883.8276,11764,10369,-0.00395337,-0.05088190,-0.00239824,-0.00395337,-9883.8276,2500103.8841,OK,0.0000,395.3531,4.0000,96.0000,AG03-UNRESOLVED,ALL5_LEVELS_bet23_to_bet27,395.3531,395.3531,395.3531,395.3531,395.3531,4.000000,4.000000,4.000000,4.000000,4.000000,96.000000,96.000000,96.000000,96.000000,96.000000,5.0,1976.7655,1824.8244,7907.0621,8059.0032,PENDING_AG03,FALSE,NOT_FOR_ENFORCEMENT,9488.4745,2189415.6736,9883.8276,9488.4745,395.3531,0.00395337,0.00379523,395.3531,9488.4745,0.00379523,395.3531,395.3531,395.3531,395.3531,395.3531,9488.4745,0.00379523,1976.7655,1824.8244,7907.0621,8059.0032,0.00316269,0.00322347,0.00015813,212.5216,219.9480,0.9532,119.0823,2.3972,30121.7335,124.9277,49.0469,238.9093,36.5364,75.9244,374.9013,749.8027,789.266,1183.8989,75.8035,-1.1839,10.395423,15.593133,2.799122,29,215,300,5,0.03207536,0.00395337,0.05088190,0E-8,0.000000,0.912219,0.000000,-0.04848366,2026-03-31,2026-08-01,83,4123,1621,124,0.669355,0.205295,0.230786,0.106918,,,,,,,,GLOBAL_BASELINE_NO_ENTITY_RANKING,,,NOT_APPLICABLE_GLOBAL_BASELINE,HF9g-P5,,,,X 全窗基线 · 不参与实体赏罚,15054721,1506,A168_HF9F_20260827_0900,2026-08-27 09:00:00
2026-04-13,92755421,1935,0,19.8920147769,-0.1014898713,-0.1014898713,0.5000000,2,2,0.50665070000000000,0.506650700000,-0.018812684590367487,-0.018812684590367487,-0.018812684590367487,0E-17,ELIGIBLE,R03b_20260811_FULL_v1,L1_ELIGIBILITY,v2026-08-11,2026-03-21..2026-08-06,baccarat_bet02_101_all_pairs_incl_sentinel,round_win = game_pnl > 0 (decisive only),COMPATIBILITY_ONLY_NOT_PRODUCTION,2500103.8841,2280641.3266,9883.8276,11764,10369,-0.00395337,-0.05088190,-0.00239824,-0.00395337,-9883.8276,2500103.8841,OK,0.0000,395.3531,4.0000,96.0000,AG03-UNRESOLVED,ALL5_LEVELS_bet23_to_bet27,395.3531,395.3531,395.3531,395.3531,395.3531,4.000000,4.000000,4.000000,4.000000,4.000000,96.000000,96.000000,96.000000,96.000000,96.000000,5.0,1976.7655,1824.8244,7907.0621,8059.0032,PENDING_AG03,FALSE,NOT_FOR_ENFORCEMENT,9488.4745,2189415.6736,9883.8276,9488.4745,395.3531,0.00395337,0.00379523,395.3531,9488.4745,0.00379523,395.3531,395.3531,395.3531,395.3531,395.3531,9488.4745,0.00379523,1976.7655,1824.8244,7907.0621,8059.0032,0.00316269,0.00322347,0.00015813,212.5216,219.9480,0.9532,119.0823,2.3972,30121.7335,124.9277,49.0469,238.9093,36.5364,75.9244,374.9013,749.8027,789.266,1183.8989,75.8035,-1.1839,10.395423,15.593133,2.799122,29,215,300,5,0.03207536,0.00395337,0.05088190,0E-8,0.000000,0.912219,0.000000,-0.04848366,2026-03-31,2026-08-01,83,4123,1621,124,0.669355,0.205295,0.230786,0.106918,,,,,,,,GLOBAL_BASELINE_NO_ENTITY_RANKING,,,NOT_APPLICABLE_GLOBAL_BASELINE,HF9g-P5,,,,X 全窗基线 · 不参与实体赏罚,15054722,1506,A168_HF9F_20260827_0900,2026-08-27 09:00:00
2026-04-13,92755421,2167,0,20.2979742622,-20.2979742622,-20.2979742622,0E-7,1,1,0.50665070000000000,0.506650700000,-1.013391052207602,-1.013391052207602,-1.013391052207602,0E-17,ELIGIBLE,R03b_20260811_FULL_v1,L1_ELIGIBILITY,v2026-08-11,2026-03-21..2026-08-06,baccarat_bet02_101_all_pairs_incl_sentinel,round_win = game_pnl > 0 (decisive only),COMPATIBILITY_ONLY_NOT_PRODUCTION,2500103.8841,2280641.3266,9883.8276,11764,10369,-0.00395337,-0.05088190,-0.00239824,-0.00395337,-9883.8276,2500103.8841,OK,0.0000,395.3531,4.0000,96.0000,AG03-UNRESOLVED,ALL5_LEVELS_bet23_to_bet27,395.3531,395.3531,395.3531,395.3531,395.3531,4.000000,4.000000,4.000000,4.000000,4.000000,96.000000,96.000000,96.000000,96.000000,96.000000,5.0,1976.7655,1824.8244,7907.0621,8059.0032,PENDING_AG03,FALSE,NOT_FOR_ENFORCEMENT,9488.4745,2189415.6736,9883.8276,9488.4745,395.3531,0.00395337,0.00379523,395.3531,9488.4745,0.00379523,395.3531,395.3531,395.3531,395.3531,395.3531,9488.4745,0.00379523,1976.7655,1824.8244,7907.0621,8059.0032,0.00316269,0.00322347,0.00015813,212.5216,219.9480,0.9532,119.0823,2.3972,30121.7335,124.9277,49.0469,238.9093,36.5364,75.9244,374.9013,749.8027,789.266,1183.8989,75.8035,-1.1839,10.395423,15.593133,2.799122,29,215,300,5,0.03207536,0.00395337,0.05088190,0E-8,0.000000,0.912219,0.000000,-0.04848366,2026-03-31,2026-08-01,83,4123,1621,124,0.669355,0.205295,0.230786,0.106918,,,,,,,,GLOBAL_BASELINE_NO_ENTITY_RANKING,,,NOT_APPLICABLE_GLOBAL_BASELINE,HF9g-P5,,,,X 全窗基线 · 不参与实体赏罚,15054723,1506,A168_HF9F_20260827_0900,2026-08-27 09:00:00
2026-04-13,92755421,2222,0,16.2383794097,-16.2383794097,-16.2383794097,0E-7,1,1,0.50665070000000000,0.506650700000,-1.013391052207602,-1.013391052207602,-1.013391052207602,0E-17,ELIGIBLE,R03b_20260811_FULL_v1,L1_ELIGIBILITY,v2026-08-11,2026-03-21..2026-08-06,baccarat_bet02_101_all_pairs_incl_sentinel,round_win = game_pnl > 0 (decisive only),COMPATIBILITY_ONLY_NOT_PRODUCTION,2500103.8841,2280641.3266,9883.8276,11764,10369,-0.00395337,-0.05088190,-0.00239824,-0.00395337,-9883.8276,2500103.8841,OK,0.0000,395.3531,4.0000,96.0000,AG03-UNRESOLVED,ALL5_LEVELS_bet23_to_bet27,395.3531,395.3531,395.3531,395.3531,395.3531,4.000000,4.000000,4.000000,4.000000,4.000000,96.000000,96.000000,96.000000,96.000000,96.000000,5.0,1976.7655,1824.8244,7907.0621,8059.0032,PENDING_AG03,FALSE,NOT_FOR_ENFORCEMENT,9488.4745,2189415.6736,9883.8276,9488.4745,395.3531,0.00395337,0.00379523,395.3531,9488.4745,0.00379523,395.3531,395.3531,395.3531,395.3531,395.3531,9488.4745,0.00379523,1976.7655,1824.8244,7907.0621,8059.0032,0.00316269,0.00322347,0.00015813,212.5216,219.9480,0.9532,119.0823,2.3972,30121.7335,124.9277,49.0469,238.9093,36.5364,75.9244,374.9013,749.8027,789.266,1183.8989,75.8035,-1.1839,10.395423,15.593133,2.799122,29,215,300,5,0.03207536,0.00395337,0.05088190,0E-8,0.000000,0.912219,0.000000,-0.04848366,2026-03-31,2026-08-01,83,4123,1621,124,0.669355,0.205295,0.230786,0.106918,,,,,,,,GLOBAL_BASELINE_NO_ENTITY_RANKING,,,NOT_APPLICABLE_GLOBAL_BASELINE,HF9g-P5,,,,X 全窗基线 · 不参与实体赏罚,15054724,1506,A168_HF9F_20260827_0900,2026-08-27 09:00:00
2026-04-13,92755421,2250,0,99.4600738848,56.8343279342,56.8343279342,0.8000000,7,5,0.48863991047882267,0.403725460000,1.392804185015587,1.8059884588830515,1.392804185015587,0.08491445047882267,ELIGIBLE,R03b_20260811_FULL_v1,L1_ELIGIBILITY,v2026-08-11,2026-03-21..2026-08-06,baccarat_bet02_101_all_pairs_incl_sentinel,round_win = game_pnl > 0 (decisive only),COMPATIBILITY_ONLY_NOT_PRODUCTION,2500103.8841,2280641.3266,9883.8276,11764,10369,-0.00395337,-0.05088190,-0.00239824,-0.00395337,-9883.8276,2500103.8841,OK,0.0000,395.3531,4.0000,96.0000,AG03-UNRESOLVED,ALL5_LEVELS_bet23_to_bet27,395.3531,395.3531,395.3531,395.3531,395.3531,4.000000,4.000000,4.000000,4.000000,4.000000,96.000000,96.000000,96.000000,96.000000,96.000000,5.0,1976.7655,1824.8244,7907.0621,8059.0032,PENDING_AG03,FALSE,NOT_FOR_ENFORCEMENT,9488.4745,2189415.6736,9883.8276,9488.4745,395.3531,0.00395337,0.00379523,395.3531,9488.4745,0.00379523,395.3531,395.3531,395.3531,395.3531,395.3531,9488.4745,0.00379523,1976.7655,1824.8244,7907.0621,8059.0032,0.00316269,0.00322347,0.00015813,212.5216,219.9480,0.9532,119.0823,2.3972,30121.7335,124.9277,49.0469,238.9093,36.5364,75.9244,374.9013,749.8027,789.266,1183.8989,75.8035,-1.1839,10.395423,15.593133,2.799122,29,215,300,5,0.03207536,0.00395337,0.05088190,0E-8,0.000000,0.912219,0.000000,-0.04848366,2026-03-31,2026-08-01,83,4123,1621,124,0.669355,0.205295,0.230786,0.106918,,,,,,,,GLOBAL_BASELINE_NO_ENTITY_RANKING,,,NOT_APPLICABLE_GLOBAL_BASELINE,HF9g-P5,,,,X 全窗基线 · 不参与实体赏罚,15054725,1506,A168_HF9F_20260827_0900,2026-08-27 09:00:00
2026-04-13,92755421,763,0,57.6462469047,0.2029797426,0.2029797426,0.3333333,4,3,0.49098467163111750,0.418645466667,-0.5462090503760758,-0.29952129269995326,-0.5462090503760758,0.07233920496411750,ELIGIBLE,R03b_20260811_FULL_v1,L1_ELIGIBILITY,v2026-08-11,2026-03-21..2026-08-06,baccarat_bet02_101_all_pairs_incl_sentinel,round_win = game_pnl > 0 (decisive only),COMPATIBILITY_ONLY_NOT_PRODUCTION,2500103.8841,2280641.3266,9883.8276,11764,10369,-0.00395337,-0.05088190,-0.00239824,-0.00395337,-9883.8276,2500103.8841,OK,0.0000,395.3531,4.0000,96.0000,AG03-UNRESOLVED,ALL5_LEVELS_bet23_to_bet27,395.3531,395.3531,395.3531,395.3531,395.3531,4.000000,4.000000,4.000000,4.000000,4.000000,96.000000,96.000000,96.000000,96.000000,96.000000,5.0,1976.7655,1824.8244,7907.0621,8059.0032,PENDING_AG03,FALSE,NOT_FOR_ENFORCEMENT,9488.4745,2189415.6736,9883.8276,9488.4745,395.3531,0.00395337,0.00379523,395.3531,9488.4745,0.00379523,395.3531,395.3531,395.3531,395.3531,395.3531,9488.4745,0.00379523,1976.7655,1824.8244,7907.0621,8059.0032,0.00316269,0.00322347,0.00015813,212.5216,219.9480,0.9532,119.0823,2.3972,30121.7335,124.9277,49.0469,238.9093,36.5364,75.9244,374.9013,749.8027,789.266,1183.8989,75.8035,-1.1839,10.395423,15.593133,2.799122,29,215,300,5,0.03207536,0.00395337,0.05088190,0E-8,0.000000,0.912219,0.000000,-0.04848366,2026-03-31,2026-08-01,83,4123,1621,124,0.669355,0.205295,0.230786,0.106918,,,,,,,,GLOBAL_BASELINE_NO_ENTITY_RANKING,,,NOT_APPLICABLE_GLOBAL_BASELINE,HF9g-P5,,,,X 全窗基线 · 不参与实体赏罚,15054726,1506,A168_HF9F_20260827_0900,2026-08-27 09:00:00
2026-04-14,92755421,-1,1,691.3490033695,-170.7059635450,-170.7059635450,0.2916667,29,26,0.47568117096293625,0.451495980769,-1.8051029227882687,-1.5734219523815052,-1.8051029227882687,0.02418519019393625,SENTINEL_DEALER,R03b_20260811_FULL_v1,L1_ELIGIBILITY,v2026-08-11,2026-03-21..2026-08-06,baccarat_bet02_101_all_pairs_incl_sentinel,round_win = game_pnl > 0 (decisive only),COMPATIBILITY_ONLY_NOT_PRODUCTION,2500103.8841,2280641.3266,9883.8276,11764,10369,-0.00395337,-0.05088190,-0.00239824,-0.00395337,-9883.8276,2500103.8841,OK,0.0000,395.3531,4.0000,96.0000,AG03-UNRESOLVED,ALL5_LEVELS_bet23_to_bet27,395.3531,395.3531,395.3531,395.3531,395.3531,4.000000,4.000000,4.000000,4.000000,4.000000,96.000000,96.000000,96.000000,96.000000,96.000000,5.0,1976.7655,1824.8244,7907.0621,8059.0032,PENDING_AG03,FALSE,NOT_FOR_ENFORCEMENT,9488.4745,2189415.6736,9883.8276,9488.4745,395.3531,0.00395337,0.00379523,395.3531,9488.4745,0.00379523,395.3531,395.3531,395.3531,395.3531,395.3531,9488.4745,0.00379523,1976.7655,1824.8244,7907.0621,8059.0032,0.00316269,0.00322347,0.00015813,212.5216,219.9480,0.9532,119.0823,2.3972,30121.7335,124.9277,49.0469,238.9093,36.5364,75.9244,374.9013,749.8027,789.266,1183.8989,75.8035,-1.1839,10.395423,15.593133,2.799122,29,215,300,5,0.03207536,0.00395337,0.05088190,0E-8,0.000000,0.912219,0.000000,-0.04848366,2026-03-31,2026-08-01,83,4123,1621,124,0.669355,0.205295,0.230786,0.106918,,,,,,,,GLOBAL_BASELINE_NO_ENTITY_RANKING,,,NOT_APPLICABLE_GLOBAL_BASELINE,HF9g-P5,,,,X 全窗基线 · 不参与实体赏罚,15054727,1506,A168_HF9F_20260827_0900,2026-08-27 09:00:00
2026-04-14,92755421,1114,0,20.2979742622,-20.2979742622,-20.2979742622,0E-7,1,1,0.49324550000000000,0.493245500000,-0.9865810262130424,-0.9865810262130424,-0.9865810262130424,0E-17,ELIGIBLE,R03b_20260811_FULL_v1,L1_ELIGIBILITY,v2026-08-11,2026-03-21..2026-08-06,baccarat_bet02_101_all_pairs_incl_sentinel,round_win = game_pnl > 0 (decisive only),COMPATIBILITY_ONLY_NOT_PRODUCTION,2500103.8841,2280641.3266,9883.8276,11764,10369,-0.00395337,-0.05088190,-0.00239824,-0.00395337,-9883.8276,2500103.8841,OK,0.0000,395.3531,4.0000,96.0000,AG03-UNRESOLVED,ALL5_LEVELS_bet23_to_bet27,395.3531,395.3531,395.3531,395.3531,395.3531,4.000000,4.000000,4.000000,4.000000,4.000000,96.000000,96.000000,96.000000,96.000000,96.000000,5.0,1976.7655,1824.8244,7907.0621,8059.0032,PENDING_AG03,FALSE,NOT_FOR_ENFORCEMENT,9488.4745,2189415.6736,9883.8276,9488.4745,395.3531,0.00395337,0.00379523,395.3531,9488.4745,0.00379523,395.3531,395.3531,395.3531,395.3531,395.3531,9488.4745,0.00379523,1976.7655,1824.8244,7907.0621,8059.0032,0.00316269,0.00322347,0.00015813,212.5216,219.9480,0.9532,119.0823,2.3972,30121.7335,124.9277,49.0469,238.9093,36.5364,75.9244,374.9013,749.8027,789.266,1183.8989,75.8035,-1.1839,10.395423,15.593133,2.799122,29,215,300,5,0.03207536,0.00395337,0.05088190,0E-8,0.000000,0.912219,0.000000,-0.04848366,2026-03-31,2026-08-01,83,4123,1621,124,0.669355,0.205295,0.230786,0.106918,,,,,,,,GLOBAL_BASELINE_NO_ENTITY_RANKING,,,NOT_APPLICABLE_GLOBAL_BASELINE,HF9g-P5,,,,X 全窗基线 · 不参与实体赏罚,15054728,1506,A168_HF9F_20260827_0900,2026-08-27 09:00:00
2026-04-14,92755421,1205,0,76.7263427111,7.9162099622,7.9162099622,0.6666667,5,4,0.47850487033896627,0.437295475000,0.6524147455805698,0.800888029985788,0.6524147455805698,0.04120939533896627,ELIGIBLE,R03b_20260811_FULL_v1,L1_ELIGIBILITY,v2026-08-11,2026-03-21..2026-08-06,baccarat_bet02_101_all_pairs_incl_sentinel,round_win = game_pnl > 0 (decisive only),COMPATIBILITY_ONLY_NOT_PRODUCTION,2500103.8841,2280641.3266,9883.8276,11764,10369,-0.00395337,-0.05088190,-0.00239824,-0.00395337,-9883.8276,2500103.8841,OK,0.0000,395.3531,4.0000,96.0000,AG03-UNRESOLVED,ALL5_LEVELS_bet23_to_bet27,395.3531,395.3531,395.3531,395.3531,395.3531,4.000000,4.000000,4.000000,4.000000,4.000000,96.000000,96.000000,96.000000,96.000000,96.000000,5.0,1976.7655,1824.8244,7907.0621,8059.0032,PENDING_AG03,FALSE,NOT_FOR_ENFORCEMENT,9488.4745,2189415.6736,9883.8276,9488.4745,395.3531,0.00395337,0.00379523,395.3531,9488.4745,0.00379523,395.3531,395.3531,395.3531,395.3531,395.3531,9488.4745,0.00379523,1976.7655,1824.8244,7907.0621,8059.0032,0.00316269,0.00322347,0.00015813,212.5216,219.9480,0.9532,119.0823,2.3972,30121.7335,124.9277,49.0469,238.9093,36.5364,75.9244,374.9013,749.8027,789.266,1183.8989,75.8035,-1.1839,10.395423,15.593133,2.799122,29,215,300,5,0.03207536,0.00395337,0.05088190,0E-8,0.000000,0.912219,0.000000,-0.04848366,2026-03-31,2026-08-01,83,4123,1621,124,0.669355,0.205295,0.230786,0.106918,,,,,,,,GLOBAL_BASELINE_NO_ENTITY_RANKING,,,NOT_APPLICABLE_GLOBAL_BASELINE,HF9g-P5,,,,X 全窗基线 · 不参与实体赏罚,15054729,1506,A168_HF9F_20260827_0900,2026-08-27 09:00:00
2026-04-14,92755421,1221,0,39.7840295539,-0.2029797426,-0.2029797426,0.5000000,3,2,0.48512276875038041,0.381345450000,0.04209780371693245,0.3454745057990616,0.04209780371693245,0.10377731875038041,ELIGIBLE,R03b_20260811_FULL_v1,L1_ELIGIBILITY,v2026-08-11,2026-03-21..2026-08-06,baccarat_bet02_101_all_pairs_incl_sentinel,round_win = game_pnl > 0 (decisive only),COMPATIBILITY_ONLY_NOT_PRODUCTION,2500103.8841,2280641.3266,9883.8276,11764,10369,-0.00395337,-0.05088190,-0.00239824,-0.00395337,-9883.8276,2500103.8841,OK,0.0000,395.3531,4.0000,96.0000,AG03-UNRESOLVED,ALL5_LEVELS_bet23_to_bet27,395.3531,395.3531,395.3531,395.3531,395.3531,4.000000,4.000000,4.000000,4.000000,4.000000,96.000000,96.000000,96.000000,96.000000,96.000000,5.0,1976.7655,1824.8244,7907.0621,8059.0032,PENDING_AG03,FALSE,NOT_FOR_ENFORCEMENT,9488.4745,2189415.6736,9883.8276,9488.4745,395.3531,0.00395337,0.00379523,395.3531,9488.4745,0.00379523,395.3531,395.3531,395.3531,395.3531,395.3531,9488.4745,0.00379523,1976.7655,1824.8244,7907.0621,8059.0032,0.00316269,0.00322347,0.00015813,212.5216,219.9480,0.9532,119.0823,2.3972,30121.7335,124.9277,49.0469,238.9093,36.5364,75.9244,374.9013,749.8027,789.266,1183.8989,75.8035,-1.1839,10.395423,15.593133,2.799122,29,215,300,5,0.03207536,0.00395337,0.05088190,0E-8,0.000000,0.912219,0.000000,-0.04848366,2026-03-31,2026-08-01,83,4123,1621,124,0.669355,0.205295,0.230786,0.106918,,,,,,,,GLOBAL_BASELINE_NO_ENTITY_RANKING,,,NOT_APPLICABLE_GLOBAL_BASELINE,HF9g-P5,,,,X 全窗基线 · 不参与实体赏罚,15054730,1506,A168_HF9F_20260827_0900,2026-08-27 09:00:00
2026-04-14,92755421,1374,0,16.2383794097,-16.2383794097,-16.2383794097,0E-7,1,1,0.50665070000000000,0.506650700000,-1.013391052207602,-1.013391052207602,-1.013391052207602,0E-17,ELIGIBLE,R03b_20260811_FULL_v1,L1_ELIGIBILITY,v2026-08-11,2026-03-21..2026-08-06,baccarat_bet02_101_all_pairs_incl_sentinel,round_win = game_pnl > 0 (decisive only),COMPATIBILITY_ONLY_NOT_PRODUCTION,2500103.8841,2280641.3266,9883.8276,11764,10369,-0.00395337,-0.05088190,-0.00239824,-0.00395337,-9883.8276,2500103.8841,OK,0.0000,395.3531,4.0000,96.0000,AG03-UNRESOLVED,ALL5_LEVELS_bet23_to_bet27,395.3531,395.3531,395.3531,395.3531,395.3531,4.000000,4.000000,4.000000,4.000000,4.000000,96.000000,96.000000,96.000000,96.000000,96.000000,5.0,1976.7655,1824.8244,7907.0621,8059.0032,PENDING_AG03,FALSE,NOT_FOR_ENFORCEMENT,9488.4745,2189415.6736,9883.8276,9488.4745,395.3531,0.00395337,0.00379523,395.3531,9488.4745,0.00379523,395.3531,395.3531,395.3531,395.3531,395.3531,9488.4745,0.00379523,1976.7655,1824.8244,7907.0621,8059.0032,0.00316269,0.00322347,0.00015813,212.5216,219.9480,0.9532,119.0823,2.3972,30121.7335,124.9277,49.0469,238.9093,36.5364,75.9244,374.9013,749.8027,789.266,1183.8989,75.8035,-1.1839,10.395423,15.593133,2.799122,29,215,300,5,0.03207536,0.00395337,0.05088190,0E-8,0.000000,0.912219,0.000000,-0.04848366,2026-03-31,2026-08-01,83,4123,1621,124,0.669355,0.205295,0.230786,0.106918,,,,,,,,GLOBAL_BASELINE_NO_ENTITY_RANKING,,,NOT_APPLICABLE_GLOBAL_BASELINE,HF9g-P5,,,,X 全窗基线 · 不参与实体赏罚,15054731,1506,A168_HF9F_20260827_0900,2026-08-27 09:00:00
2026-04-14,92755421,1383,0,39.7840295539,-0.2029797426,-0.2029797426,0.5000000,3,2,0.48512276875038041,0.381345450000,0.04209780371693245,0.3454745057990616,0.04209780371693245,0.10377731875038041,ELIGIBLE,R03b_20260811_FULL_v1,L1_ELIGIBILITY,v2026-08-11,2026-03-21..2026-08-06,baccarat_bet02_101_all_pairs_incl_sentinel,round_win = game_pnl > 0 (decisive only),COMPATIBILITY_ONLY_NOT_PRODUCTION,2500103.8841,2280641.3266,9883.8276,11764,10369,-0.00395337,-0.05088190,-0.00239824,-0.00395337,-9883.8276,2500103.8841,OK,0.0000,395.3531,4.0000,96.0000,AG03-UNRESOLVED,ALL5_LEVELS_bet23_to_bet27,395.3531,395.3531,395.3531,395.3531,395.3531,4.000000,4.000000,4.000000,4.000000,4.000000,96.000000,96.000000,96.000000,96.000000,96.000000,5.0,1976.7655,1824.8244,7907.0621,8059.0032,PENDING_AG03,FALSE,NOT_FOR_ENFORCEMENT,9488.4745,2189415.6736,9883.8276,9488.4745,395.3531,0.00395337,0.00379523,395.3531,9488.4745,0.00379523,395.3531,395.3531,395.3531,395.3531,395.3531,9488.4745,0.00379523,1976.7655,1824.8244,7907.0621,8059.0032,0.00316269,0.00322347,0.00015813,212.5216,219.9480,0.9532,119.0823,2.3972,30121.7335,124.9277,49.0469,238.9093,36.5364,75.9244,374.9013,749.8027,789.266,1183.8989,75.8035,-1.1839,10.395423,15.593133,2.799122,29,215,300,5,0.03207536,0.00395337,0.05088190,0E-8,0.000000,0.912219,0.000000,-0.04848366,2026-03-31,2026-08-01,83,4123,1621,124,0.669355,0.205295,0.230786,0.106918,,,,,,,,GLOBAL_BASELINE_NO_ENTITY_RANKING,,,NOT_APPLICABLE_GLOBAL_BASELINE,HF9g-P5,,,,X 全窗基线 · 不参与实体赏罚,15054732,1506,A168_HF9F_20260827_0900,2026-08-27 09:00:00
2026-04-14,92755421,1401,0,40.5959485243,-40.5959485243,-40.5959485243,0E-7,1,1,0.50665070000000000,0.506650700000,-1.013391052207602,-1.013391052207602,-1.013391052207602,0E-17,ELIGIBLE,R03b_20260811_FULL_v1,L1_ELIGIBILITY,v2026-08-11,2026-03-21..2026-08-06,baccarat_bet02_101_all_pairs_incl_sentinel,round_win = game_pnl > 0 (decisive only),COMPATIBILITY_ONLY_NOT_PRODUCTION,2500103.8841,2280641.3266,9883.8276,11764,10369,-0.00395337,-0.05088190,-0.00239824,-0.00395337,-9883.8276,2500103.8841,OK,0.0000,395.3531,4.0000,96.0000,AG03-UNRESOLVED,ALL5_LEVELS_bet23_to_bet27,395.3531,395.3531,395.3531,395.3531,395.3531,4.000000,4.000000,4.000000,4.000000,4.000000,96.000000,96.000000,96.000000,96.000000,96.000000,5.0,1976.7655,1824.8244,7907.0621,8059.0032,PENDING_AG03,FALSE,NOT_FOR_ENFORCEMENT,9488.4745,2189415.6736,9883.8276,9488.4745,395.3531,0.00395337,0.00379523,395.3531,9488.4745,0.00379523,395.3531,395.3531,395.3531,395.3531,395.3531,9488.4745,0.00379523,1976.7655,1824.8244,7907.0621,8059.0032,0.00316269,0.00322347,0.00015813,212.5216,219.9480,0.9532,119.0823,2.3972,30121.7335,124.9277,49.0469,238.9093,36.5364,75.9244,374.9013,749.8027,789.266,1183.8989,75.8035,-1.1839,10.395423,15.593133,2.799122,29,215,300,5,0.03207536,0.00395337,0.05088190,0E-8,0.000000,0.912219,0.000000,-0.04848366,2026-03-31,2026-08-01,83,4123,1621,124,0.669355,0.205295,0.230786,0.106918,,,,,,,,GLOBAL_BASELINE_NO_ENTITY_RANKING,,,NOT_APPLICABLE_GLOBAL_BASELINE,HF9g-P5,,,,X 全窗基线 · 不参与实体赏罚,15054733,1506,A168_HF9F_20260827_0900,2026-08-27 09:00:00
2026-04-14,92755421,1485,0,20.2979742622,-20.2979742622,-20.2979742622,0E-7,1,1,0.50665070000000000,0.506650700000,-1.013391052207602,-1.013391052207602,-1.013391052207602,0E-17,ELIGIBLE,R03b_20260811_FULL_v1,L1_ELIGIBILITY,v2026-08-11,2026-03-21..2026-08-06,baccarat_bet02_101_all_pairs_incl_sentinel,round_win = game_pnl > 0 (decisive only),COMPATIBILITY_ONLY_NOT_PRODUCTION,2500103.8841,2280641.3266,9883.8276,11764,10369,-0.00395337,-0.05088190,-0.00239824,-0.00395337,-9883.8276,2500103.8841,OK,0.0000,395.3531,4.0000,96.0000,AG03-UNRESOLVED,ALL5_LEVELS_bet23_to_bet27,395.3531,395.3531,395.3531,395.3531,395.3531,4.000000,4.000000,4.000000,4.000000,4.000000,96.000000,96.000000,96.000000,96.000000,96.000000,5.0,1976.7655,1824.8244,7907.0621,8059.0032,PENDING_AG03,FALSE,NOT_FOR_ENFORCEMENT,9488.4745,2189415.6736,9883.8276,9488.4745,395.3531,0.00395337,0.00379523,395.3531,9488.4745,0.00379523,395.3531,395.3531,395.3531,395.3531,395.3531,9488.4745,0.00379523,1976.7655,1824.8244,7907.0621,8059.0032,0.00316269,0.00322347,0.00015813,212.5216,219.9480,0.9532,119.0823,2.3972,30121.7335,124.9277,49.0469,238.9093,36.5364,75.9244,374.9013,749.8027,789.266,1183.8989,75.8035,-1.1839,10.395423,15.593133,2.799122,29,215,300,5,0.03207536,0.00395337,0.05088190,0E-8,0.000000,0.912219,0.000000,-0.04848366,2026-03-31,2026-08-01,83,4123,1621,124,0.669355,0.205295,0.230786,0.106918,,,,,,,,GLOBAL_BASELINE_NO_ENTITY_RANKING,,,NOT_APPLICABLE_GLOBAL_BASELINE,HF9g-P5,,,,X 全窗基线 · 不参与实体赏罚,15054734,1506,A168_HF9F_20260827_0900,2026-08-27 09:00:00
2026-04-14,92755421,1645,0,20.2979742622,-20.2979742622,-20.2979742622,0E-7,1,1,0.49324550000000000,0.493245500000,-0.9865810262130424,-0.9865810262130424,-0.9865810262130424,0E-17,ELIGIBLE,R03b_20260811_FULL_v1,L1_ELIGIBILITY,v2026-08-11,2026-03-21..2026-08-06,baccarat_bet02_101_all_pairs_incl_sentinel,round_win = game_pnl > 0 (decisive only),COMPATIBILITY_ONLY_NOT_PRODUCTION,2500103.8841,2280641.3266,9883.8276,11764,10369,-0.00395337,-0.05088190,-0.00239824,-0.00395337,-9883.8276,2500103.8841,OK,0.0000,395.3531,4.0000,96.0000,AG03-UNRESOLVED,ALL5_LEVELS_bet23_to_bet27,395.3531,395.3531,395.3531,395.3531,395.3531,4.000000,4.000000,4.000000,4.000000,4.000000,96.000000,96.000000,96.000000,96.000000,96.000000,5.0,1976.7655,1824.8244,7907.0621,8059.0032,PENDING_AG03,FALSE,NOT_FOR_ENFORCEMENT,9488.4745,2189415.6736,9883.8276,9488.4745,395.3531,0.00395337,0.00379523,395.3531,9488.4745,0.00379523,395.3531,395.3531,395.3531,395.3531,395.3531,9488.4745,0.00379523,1976.7655,1824.8244,7907.0621,8059.0032,0.00316269,0.00322347,0.00015813,212.5216,219.9480,0.9532,119.0823,2.3972,30121.7335,124.9277,49.0469,238.9093,36.5364,75.9244,374.9013,749.8027,789.266,1183.8989,75.8035,-1.1839,10.395423,15.593133,2.799122,29,215,300,5,0.03207536,0.00395337,0.05088190,0E-8,0.000000,0.912219,0.000000,-0.04848366,2026-03-31,2026-08-01,83,4123,1621,124,0.669355,0.205295,0.230786,0.106918,,,,,,,,GLOBAL_BASELINE_NO_ENTITY_RANKING,,,NOT_APPLICABLE_GLOBAL_BASELINE,HF9g-P5,,,,X 全窗基线 · 不参与实体赏罚,15054735,1506,A168_HF9F_20260827_0900,2026-08-27 09:00:00
2026-04-14,92755421,1957,0,56.8343279341,-56.8343279341,-56.8343279341,0E-7,2,2,0.49994810000000000,0.499948100000,-1.4140667746232096,-1.4140667746232096,-1.4140667746232096,0E-17,ELIGIBLE,R03b_20260811_FULL_v1,L1_ELIGIBILITY,v2026-08-11,2026-03-21..2026-08-06,baccarat_bet02_101_all_pairs_incl_sentinel,round_win = game_pnl > 0 (decisive only),COMPATIBILITY_ONLY_NOT_PRODUCTION,2500103.8841,2280641.3266,9883.8276,11764,10369,-0.00395337,-0.05088190,-0.00239824,-0.00395337,-9883.8276,2500103.8841,OK,0.0000,395.3531,4.0000,96.0000,AG03-UNRESOLVED,ALL5_LEVELS_bet23_to_bet27,395.3531,395.3531,395.3531,395.3531,395.3531,4.000000,4.000000,4.000000,4.000000,4.000000,96.000000,96.000000,96.000000,96.000000,96.000000,5.0,1976.7655,1824.8244,7907.0621,8059.0032,PENDING_AG03,FALSE,NOT_FOR_ENFORCEMENT,9488.4745,2189415.6736,9883.8276,9488.4745,395.3531,0.00395337,0.00379523,395.3531,9488.4745,0.00379523,395.3531,395.3531,395.3531,395.3531,395.3531,9488.4745,0.00379523,1976.7655,1824.8244,7907.0621,8059.0032,0.00316269,0.00322347,0.00015813,212.5216,219.9480,0.9532,119.0823,2.3972,30121.7335,124.9277,49.0469,238.9093,36.5364,75.9244,374.9013,749.8027,789.266,1183.8989,75.8035,-1.1839,10.395423,15.593133,2.799122,29,215,300,5,0.03207536,0.00395337,0.05088190,0E-8,0.000000,0.912219,0.000000,-0.04848366,2026-03-31,2026-08-01,83,4123,1621,124,0.669355,0.205295,0.230786,0.106918,,,,,,,,GLOBAL_BASELINE_NO_ENTITY_RANKING,,,NOT_APPLICABLE_GLOBAL_BASELINE,HF9g-P5,,,,X 全窗基线 · 不参与实体赏罚,15054736,1506,A168_HF9F_20260827_0900,2026-08-27 09:00:00
2026-04-14,92755421,1994,0,121.3818860880,34.9125157310,34.9125157310,0.6666667,9,6,0.48561929144831919,0.380228350000,0.8873144547779093,1.4453353915000733,0.8873144547779093,0.10539094144831919,ELIGIBLE,R03b_20260811_FULL_v1,L1_ELIGIBILITY,v2026-08-11,2026-03-21..2026-08-06,baccarat_bet02_101_all_pairs_incl_sentinel,round_win = game_pnl > 0 (decisive only),COMPATIBILITY_ONLY_NOT_PRODUCTION,2500103.8841,2280641.3266,9883.8276,11764,10369,-0.00395337,-0.05088190,-0.00239824,-0.00395337,-9883.8276,2500103.8841,OK,0.0000,395.3531,4.0000,96.0000,AG03-UNRESOLVED,ALL5_LEVELS_bet23_to_bet27,395.3531,395.3531,395.3531,395.3531,395.3531,4.000000,4.000000,4.000000,4.000000,4.000000,96.000000,96.000000,96.000000,96.000000,96.000000,5.0,1976.7655,1824.8244,7907.0621,8059.0032,PENDING_AG03,FALSE,NOT_FOR_ENFORCEMENT,9488.4745,2189415.6736,9883.8276,9488.4745,395.3531,0.00395337,0.00379523,395.3531,9488.4745,0.00379523,395.3531,395.3531,395.3531,395.3531,395.3531,9488.4745,0.00379523,1976.7655,1824.8244,7907.0621,8059.0032,0.00316269,0.00322347,0.00015813,212.5216,219.9480,0.9532,119.0823,2.3972,30121.7335,124.9277,49.0469,238.9093,36.5364,75.9244,374.9013,749.8027,789.266,1183.8989,75.8035,-1.1839,10.395423,15.593133,2.799122,29,215,300,5,0.03207536,0.00395337,0.05088190,0E-8,0.000000,0.912219,0.000000,-0.04848366,2026-03-31,2026-08-01,83,4123,1621,124,0.669355,0.205295,0.230786,0.106918,,,,,,,,GLOBAL_BASELINE_NO_ENTITY_RANKING,,,NOT_APPLICABLE_GLOBAL_BASELINE,HF9g-P5,,,,X 全窗基线 · 不参与实体赏罚,15054737,1506,A168_HF9F_20260827_0900,2026-08-27 09:00:00
2026-04-14,92755421,2088,0,79.9740185930,-40.3929687817,-40.3929687817,0.3333333,4,3,0.49098467163111750,0.418645466667,-0.5462090503760758,-0.29952129269995326,-0.5462090503760758,0.07233920496411750,ELIGIBLE,R03b_20260811_FULL_v1,L1_ELIGIBILITY,v2026-08-11,2026-03-21..2026-08-06,baccarat_bet02_101_all_pairs_incl_sentinel,round_win = game_pnl > 0 (decisive only),COMPATIBILITY_ONLY_NOT_PRODUCTION,2500103.8841,2280641.3266,9883.8276,11764,10369,-0.00395337,-0.05088190,-0.00239824,-0.00395337,-9883.8276,2500103.8841,OK,0.0000,395.3531,4.0000,96.0000,AG03-UNRESOLVED,ALL5_LEVELS_bet23_to_bet27,395.3531,395.3531,395.3531,395.3531,395.3531,4.000000,4.000000,4.000000,4.000000,4.000000,96.000000,96.000000,96.000000,96.000000,96.000000,5.0,1976.7655,1824.8244,7907.0621,8059.0032,PENDING_AG03,FALSE,NOT_FOR_ENFORCEMENT,9488.4745,2189415.6736,9883.8276,9488.4745,395.3531,0.00395337,0.00379523,395.3531,9488.4745,0.00379523,395.3531,395.3531,395.3531,395.3531,395.3531,9488.4745,0.00379523,1976.7655,1824.8244,7907.0621,8059.0032,0.00316269,0.00322347,0.00015813,212.5216,219.9480,0.9532,119.0823,2.3972,30121.7335,124.9277,49.0469,238.9093,36.5364,75.9244,374.9013,749.8027,789.266,1183.8989,75.8035,-1.1839,10.395423,15.593133,2.799122,29,215,300,5,0.03207536,0.00395337,0.05088190,0E-8,0.000000,0.912219,0.000000,-0.04848366,2026-03-31,2026-08-01,83,4123,1621,124,0.669355,0.205295,0.230786,0.106918,,,,,,,,GLOBAL_BASELINE_NO_ENTITY_RANKING,,,NOT_APPLICABLE_GLOBAL_BASELINE,HF9g-P5,,,,X 全窗基线 · 不参与实体赏罚,15054738,1506,A168_HF9F_20260827_0900,2026-08-27 09:00:00
2026-04-14,92755421,2108,0,39.7840295539,36.3333739294,36.3333739294,1.0000000,3,2,0.48512276875038041,0.381345450000,1.4569378035323848,1.8012741603384856,1.4569378035323848,0.10377731875038041,ELIGIBLE,R03b_20260811_FULL_v1,L1_ELIGIBILITY,v2026-08-11,2026-03-21..2026-08-06,baccarat_bet02_101_all_pairs_incl_sentinel,round_win = game_pnl > 0 (decisive only),COMPATIBILITY_ONLY_NOT_PRODUCTION,2500103.8841,2280641.3266,9883.8276,11764,10369,-0.00395337,-0.05088190,-0.00239824,-0.00395337,-9883.8276,2500103.8841,OK,0.0000,395.3531,4.0000,96.0000,AG03-UNRESOLVED,ALL5_LEVELS_bet23_to_bet27,395.3531,395.3531,395.3531,395.3531,395.3531,4.000000,4.000000,4.000000,4.000000,4.000000,96.000000,96.000000,96.000000,96.000000,96.000000,5.0,1976.7655,1824.8244,7907.0621,8059.0032,PENDING_AG03,FALSE,NOT_FOR_ENFORCEMENT,9488.4745,2189415.6736,9883.8276,9488.4745,395.3531,0.00395337,0.00379523,395.3531,9488.4745,0.00379523,395.3531,395.3531,395.3531,395.3531,395.3531,9488.4745,0.00379523,1976.7655,1824.8244,7907.0621,8059.0032,0.00316269,0.00322347,0.00015813,212.5216,219.9480,0.9532,119.0823,2.3972,30121.7335,124.9277,49.0469,238.9093,36.5364,75.9244,374.9013,749.8027,789.266,1183.8989,75.8035,-1.1839,10.395423,15.593133,2.799122,29,215,300,5,0.03207536,0.00395337,0.05088190,0E-8,0.000000,0.912219,0.000000,-0.04848366,2026-03-31,2026-08-01,83,4123,1621,124,0.669355,0.205295,0.230786,0.106918,,,,,,,,GLOBAL_BASELINE_NO_ENTITY_RANKING,,,NOT_APPLICABLE_GLOBAL_BASELINE,HF9g-P5,,,,X 全窗基线 · 不参与实体赏罚,15054739,1506,A168_HF9F_20260827_0900,2026-08-27 09:00:00
2026-04-14,92755421,2134,0,20.2979742622,-20.2979742622,-20.2979742622,0E-7,1,1,0.50665070000000000,0.506650700000,-1.013391052207602,-1.013391052207602,-1.013391052207602,0E-17,ELIGIBLE,R03b_20260811_FULL_v1,L1_ELIGIBILITY,v2026-08-11,2026-03-21..2026-08-06,baccarat_bet02_101_all_pairs_incl_sentinel,round_win = game_pnl > 0 (decisive only),COMPATIBILITY_ONLY_NOT_PRODUCTION,2500103.8841,2280641.3266,9883.8276,11764,10369,-0.00395337,-0.05088190,-0.00239824,-0.00395337,-9883.8276,2500103.8841,OK,0.0000,395.3531,4.0000,96.0000,AG03-UNRESOLVED,ALL5_LEVELS_bet23_to_bet27,395.3531,395.3531,395.3531,395.3531,395.3531,4.000000,4.000000,4.000000,4.000000,4.000000,96.000000,96.000000,96.000000,96.000000,96.000000,5.0,1976.7655,1824.8244,7907.0621,8059.0032,PENDING_AG03,FALSE,NOT_FOR_ENFORCEMENT,9488.4745,2189415.6736,9883.8276,9488.4745,395.3531,0.00395337,0.00379523,395.3531,9488.4745,0.00379523,395.3531,395.3531,395.3531,395.3531,395.3531,9488.4745,0.00379523,1976.7655,1824.8244,7907.0621,8059.0032,0.00316269,0.00322347,0.00015813,212.5216,219.9480,0.9532,119.0823,2.3972,30121.7335,124.9277,49.0469,238.9093,36.5364,75.9244,374.9013,749.8027,789.266,1183.8989,75.8035,-1.1839,10.395423,15.593133,2.799122,29,215,300,5,0.03207536,0.00395337,0.05088190,0E-8,0.000000,0.912219,0.000000,-0.04848366,2026-03-31,2026-08-01,83,4123,1621,124,0.669355,0.205295,0.230786,0.106918,,,,,,,,GLOBAL_BASELINE_NO_ENTITY_RANKING,,,NOT_APPLICABLE_GLOBAL_BASELINE,HF9g-P5,,,,X 全窗基线 · 不参与实体赏罚,15054740,1506,A168_HF9F_20260827_0900,2026-08-27 09:00:00
2026-04-14,92755421,2147,0,119.7580481467,40.5959485243,40.5959485243,0.6666667,4,3,0.48939090701760860,0.418645466667,0.6142395297152358,0.8707745022662297,0.6142395297152358,0.07074544035060860,ELIGIBLE,R03b_20260811_FULL_v1,L1_ELIGIBILITY,v2026-08-11,2026-03-21..2026-08-06,baccarat_bet02_101_all_pairs_incl_sentinel,round_win = game_pnl > 0 (decisive only),COMPATIBILITY_ONLY_NOT_PRODUCTION,2500103.8841,2280641.3266,9883.8276,11764,10369,-0.00395337,-0.05088190,-0.00239824,-0.00395337,-9883.8276,2500103.8841,OK,0.0000,395.3531,4.0000,96.0000,AG03-UNRESOLVED,ALL5_LEVELS_bet23_to_bet27,395.3531,395.3531,395.3531,395.3531,395.3531,4.000000,4.000000,4.000000,4.000000,4.000000,96.000000,96.000000,96.000000,96.000000,96.000000,5.0,1976.7655,1824.8244,7907.0621,8059.0032,PENDING_AG03,FALSE,NOT_FOR_ENFORCEMENT,9488.4745,2189415.6736,9883.8276,9488.4745,395.3531,0.00395337,0.00379523,395.3531,9488.4745,0.00379523,395.3531,395.3531,395.3531,395.3531,395.3531,9488.4745,0.00379523,1976.7655,1824.8244,7907.0621,8059.0032,0.00316269,0.00322347,0.00015813,212.5216,219.9480,0.9532,119.0823,2.3972,30121.7335,124.9277,49.0469,238.9093,36.5364,75.9244,374.9013,749.8027,789.266,1183.8989,75.8035,-1.1839,10.395423,15.593133,2.799122,29,215,300,5,0.03207536,0.00395337,0.05088190,0E-8,0.000000,0.912219,0.000000,-0.04848366,2026-03-31,2026-08-01,83,4123,1621,124,0.669355,0.205295,0.230786,0.106918,,,,,,,,GLOBAL_BASELINE_NO_ENTITY_RANKING,,,NOT_APPLICABLE_GLOBAL_BASELINE,HF9g-P5,,,,X 全窗基线 · 不参与实体赏罚,15054741,1506,A168_HF9F_20260827_0900,2026-08-27 09:00:00
2026-04-14,92755421,2152,0,179.4340924776,77.3352819389,77.3352819389,0.8000000,8,6,0.49242198932436305,0.420879666667,1.375688690858034,1.7171123052389596,1.375688690858034,0.07154232265736305,ELIGIBLE,R03b_20260811_FULL_v1,L1_ELIGIBILITY,v2026-08-11,2026-03-21..2026-08-06,baccarat_bet02_101_all_pairs_incl_sentinel,round_win = game_pnl > 0 (decisive only),COMPATIBILITY_ONLY_NOT_PRODUCTION,2500103.8841,2280641.3266,9883.8276,11764,10369,-0.00395337,-0.05088190,-0.00239824,-0.00395337,-9883.8276,2500103.8841,OK,0.0000,395.3531,4.0000,96.0000,AG03-UNRESOLVED,ALL5_LEVELS_bet23_to_bet27,395.3531,395.3531,395.3531,395.3531,395.3531,4.000000,4.000000,4.000000,4.000000,4.000000,96.000000,96.000000,96.000000,96.000000,96.000000,5.0,1976.7655,1824.8244,7907.0621,8059.0032,PENDING_AG03,FALSE,NOT_FOR_ENFORCEMENT,9488.4745,2189415.6736,9883.8276,9488.4745,395.3531,0.00395337,0.00379523,395.3531,9488.4745,0.00379523,395.3531,395.3531,395.3531,395.3531,395.3531,9488.4745,0.00379523,1976.7655,1824.8244,7907.0621,8059.0032,0.00316269,0.00322347,0.00015813,212.5216,219.9480,0.9532,119.0823,2.3972,30121.7335,124.9277,49.0469,238.9093,36.5364,75.9244,374.9013,749.8027,789.266,1183.8989,75.8035,-1.1839,10.395423,15.593133,2.799122,29,215,300,5,0.03207536,0.00395337,0.05088190,0E-8,0.000000,0.912219,0.000000,-0.04848366,2026-03-31,2026-08-01,83,4123,1621,124,0.669355,0.205295,0.230786,0.106918,,,,,,,,GLOBAL_BASELINE_NO_ENTITY_RANKING,,,NOT_APPLICABLE_GLOBAL_BASELINE,HF9g-P5,,,,X 全窗基线 · 不参与实体赏罚,15054742,1506,A168_HF9F_20260827_0900,2026-08-27 09:00:00
2026-04-14,92755421,2160,0,40.5959485243,-40.5959485243,-40.5959485243,0E-7,1,1,0.50665070000000000,0.506650700000,-1.013391052207602,-1.013391052207602,-1.013391052207602,0E-17,ELIGIBLE,R03b_20260811_FULL_v1,L1_ELIGIBILITY,v2026-08-11,2026-03-21..2026-08-06,baccarat_bet02_101_all_pairs_incl_sentinel,round_win = game_pnl > 0 (decisive only),COMPATIBILITY_ONLY_NOT_PRODUCTION,2500103.8841,2280641.3266,9883.8276,11764,10369,-0.00395337,-0.05088190,-0.00239824,-0.00395337,-9883.8276,2500103.8841,OK,0.0000,395.3531,4.0000,96.0000,AG03-UNRESOLVED,ALL5_LEVELS_bet23_to_bet27,395.3531,395.3531,395.3531,395.3531,395.3531,4.000000,4.000000,4.000000,4.000000,4.000000,96.000000,96.000000,96.000000,96.000000,96.000000,5.0,1976.7655,1824.8244,7907.0621,8059.0032,PENDING_AG03,FALSE,NOT_FOR_ENFORCEMENT,9488.4745,2189415.6736,9883.8276,9488.4745,395.3531,0.00395337,0.00379523,395.3531,9488.4745,0.00379523,395.3531,395.3531,395.3531,395.3531,395.3531,9488.4745,0.00379523,1976.7655,1824.8244,7907.0621,8059.0032,0.00316269,0.00322347,0.00015813,212.5216,219.9480,0.9532,119.0823,2.3972,30121.7335,124.9277,49.0469,238.9093,36.5364,75.9244,374.9013,749.8027,789.266,1183.8989,75.8035,-1.1839,10.395423,15.593133,2.799122,29,215,300,5,0.03207536,0.00395337,0.05088190,0E-8,0.000000,0.912219,0.000000,-0.04848366,2026-03-31,2026-08-01,83,4123,1621,124,0.669355,0.205295,0.230786,0.106918,,,,,,,,GLOBAL_BASELINE_NO_ENTITY_RANKING,,,NOT_APPLICABLE_GLOBAL_BASELINE,HF9g-P5,,,,X 全窗基线 · 不参与实体赏罚,15054743,1506,A168_HF9F_20260827_0900,2026-08-27 09:00:00
2026-04-14,92755421,2239,0,40.5959485244,-40.5959485244,-40.5959485244,0E-7,2,2,0.49324550000000000,0.493245500000,-1.3952362676504506,-1.3952362676504506,-1.3952362676504506,0E-17,ELIGIBLE,R03b_20260811_FULL_v1,L1_ELIGIBILITY,v2026-08-11,2026-03-21..2026-08-06,baccarat_bet02_101_all_pairs_incl_sentinel,round_win = game_pnl > 0 (decisive only),COMPATIBILITY_ONLY_NOT_PRODUCTION,2500103.8841,2280641.3266,9883.8276,11764,10369,-0.00395337,-0.05088190,-0.00239824,-0.00395337,-9883.8276,2500103.8841,OK,0.0000,395.3531,4.0000,96.0000,AG03-UNRESOLVED,ALL5_LEVELS_bet23_to_bet27,395.3531,395.3531,395.3531,395.3531,395.3531,4.000000,4.000000,4.000000,4.000000,4.000000,96.000000,96.000000,96.000000,96.000000,96.000000,5.0,1976.7655,1824.8244,7907.0621,8059.0032,PENDING_AG03,FALSE,NOT_FOR_ENFORCEMENT,9488.4745,2189415.6736,9883.8276,9488.4745,395.3531,0.00395337,0.00379523,395.3531,9488.4745,0.00379523,395.3531,395.3531,395.3531,395.3531,395.3531,9488.4745,0.00379523,1976.7655,1824.8244,7907.0621,8059.0032,0.00316269,0.00322347,0.00015813,212.5216,219.9480,0.9532,119.0823,2.3972,30121.7335,124.9277,49.0469,238.9093,36.5364,75.9244,374.9013,749.8027,789.266,1183.8989,75.8035,-1.1839,10.395423,15.593133,2.799122,29,215,300,5,0.03207536,0.00395337,0.05088190,0E-8,0.000000,0.912219,0.000000,-0.04848366,2026-03-31,2026-08-01,83,4123,1621,124,0.669355,0.205295,0.230786,0.106918,,,,,,,,GLOBAL_BASELINE_NO_ENTITY_RANKING,,,NOT_APPLICABLE_GLOBAL_BASELINE,HF9g-P5,,,,X 全窗基线 · 不参与实体赏罚,15054744,1506,A168_HF9F_20260827_0900,2026-08-27 09:00:00
2026-04-14,92755421,2254,0,40.5959485243,-40.5959485243,-40.5959485243,0E-7,1,1,0.49324550000000000,0.493245500000,-0.9865810262130424,-0.9865810262130424,-0.9865810262130424,0E-17,ELIGIBLE,R03b_20260811_FULL_v1,L1_ELIGIBILITY,v2026-08-11,2026-03-21..2026-08-06,baccarat_bet02_101_all_pairs_incl_sentinel,round_win = game_pnl > 0 (decisive only),COMPATIBILITY_ONLY_NOT_PRODUCTION,2500103.8841,2280641.3266,9883.8276,11764,10369,-0.00395337,-0.05088190,-0.00239824,-0.00395337,-9883.8276,2500103.8841,OK,0.0000,395.3531,4.0000,96.0000,AG03-UNRESOLVED,ALL5_LEVELS_bet23_to_bet27,395.3531,395.3531,395.3531,395.3531,395.3531,4.000000,4.000000,4.000000,4.000000,4.000000,96.000000,96.000000,96.000000,96.000000,96.000000,5.0,1976.7655,1824.8244,7907.0621,8059.0032,PENDING_AG03,FALSE,NOT_FOR_ENFORCEMENT,9488.4745,2189415.6736,9883.8276,9488.4745,395.3531,0.00395337,0.00379523,395.3531,9488.4745,0.00379523,395.3531,395.3531,395.3531,395.3531,395.3531,9488.4745,0.00379523,1976.7655,1824.8244,7907.0621,8059.0032,0.00316269,0.00322347,0.00015813,212.5216,219.9480,0.9532,119.0823,2.3972,30121.7335,124.9277,49.0469,238.9093,36.5364,75.9244,374.9013,749.8027,789.266,1183.8989,75.8035,-1.1839,10.395423,15.593133,2.799122,29,215,300,5,0.03207536,0.00395337,0.05088190,0E-8,0.000000,0.912219,0.000000,-0.04848366,2026-03-31,2026-08-01,83,4123,1621,124,0.669355,0.205295,0.230786,0.106918,,,,,,,,GLOBAL_BASELINE_NO_ENTITY_RANKING,,,NOT_APPLICABLE_GLOBAL_BASELINE,HF9g-P5,,,,X 全窗基线 · 不参与实体赏罚,15054745,1506,A168_HF9F_20260827_0900,2026-08-27 09:00:00
2026-04-14,92755421,2258,0,81.1918970486,0E-10,0E-10,0.5000000,2,2,0.49324550000000000,0.493245500000,0.01910635448239258,0.01910635448239258,0.01910635448239258,0E-17,ELIGIBLE,R03b_20260811_FULL_v1,L1_ELIGIBILITY,v2026-08-11,2026-03-21..2026-08-06,baccarat_bet02_101_all_pairs_incl_sentinel,round_win = game_pnl > 0 (decisive only),COMPATIBILITY_ONLY_NOT_PRODUCTION,2500103.8841,2280641.3266,9883.8276,11764,10369,-0.00395337,-0.05088190,-0.00239824,-0.00395337,-9883.8276,2500103.8841,OK,0.0000,395.3531,4.0000,96.0000,AG03-UNRESOLVED,ALL5_LEVELS_bet23_to_bet27,395.3531,395.3531,395.3531,395.3531,395.3531,4.000000,4.000000,4.000000,4.000000,4.000000,96.000000,96.000000,96.000000,96.000000,96.000000,5.0,1976.7655,1824.8244,7907.0621,8059.0032,PENDING_AG03,FALSE,NOT_FOR_ENFORCEMENT,9488.4745,2189415.6736,9883.8276,9488.4745,395.3531,0.00395337,0.00379523,395.3531,9488.4745,0.00379523,395.3531,395.3531,395.3531,395.3531,395.3531,9488.4745,0.00379523,1976.7655,1824.8244,7907.0621,8059.0032,0.00316269,0.00322347,0.00015813,212.5216,219.9480,0.9532,119.0823,2.3972,30121.7335,124.9277,49.0469,238.9093,36.5364,75.9244,374.9013,749.8027,789.266,1183.8989,75.8035,-1.1839,10.395423,15.593133,2.799122,29,215,300,5,0.03207536,0.00395337,0.05088190,0E-8,0.000000,0.912219,0.000000,-0.04848366,2026-03-31,2026-08-01,83,4123,1621,124,0.669355,0.205295,0.230786,0.106918,,,,,,,,GLOBAL_BASELINE_NO_ENTITY_RANKING,,,NOT_APPLICABLE_GLOBAL_BASELINE,HF9g-P5,,,,X 全窗基线 · 不参与实体赏罚,15054746,1506,A168_HF9F_20260827_0900,2026-08-27 09:00:00
2026-04-14,92755421,462,0,20.2979742622,-20.2979742622,-20.2979742622,0E-7,1,1,0.50665070000000000,0.506650700000,-1.013391052207602,-1.013391052207602,-1.013391052207602,0E-17,ELIGIBLE,R03b_20260811_FULL_v1,L1_ELIGIBILITY,v2026-08-11,2026-03-21..2026-08-06,baccarat_bet02_101_all_pairs_incl_sentinel,round_win = game_pnl > 0 (decisive only),COMPATIBILITY_ONLY_NOT_PRODUCTION,2500103.8841,2280641.3266,9883.8276,11764,10369,-0.00395337,-0.05088190,-0.00239824,-0.00395337,-9883.8276,2500103.8841,OK,0.0000,395.3531,4.0000,96.0000,AG03-UNRESOLVED,ALL5_LEVELS_bet23_to_bet27,395.3531,395.3531,395.3531,395.3531,395.3531,4.000000,4.000000,4.000000,4.000000,4.000000,96.000000,96.000000,96.000000,96.000000,96.000000,5.0,1976.7655,1824.8244,7907.0621,8059.0032,PENDING_AG03,FALSE,NOT_FOR_ENFORCEMENT,9488.4745,2189415.6736,9883.8276,9488.4745,395.3531,0.00395337,0.00379523,395.3531,9488.4745,0.00379523,395.3531,395.3531,395.3531,395.3531,395.3531,9488.4745,0.00379523,1976.7655,1824.8244,7907.0621,8059.0032,0.00316269,0.00322347,0.00015813,212.5216,219.9480,0.9532,119.0823,2.3972,30121.7335,124.9277,49.0469,238.9093,36.5364,75.9244,374.9013,749.8027,789.266,1183.8989,75.8035,-1.1839,10.395423,15.593133,2.799122,29,215,300,5,0.03207536,0.00395337,0.05088190,0E-8,0.000000,0.912219,0.000000,-0.04848366,2026-03-31,2026-08-01,83,4123,1621,124,0.669355,0.205295,0.230786,0.106918,,,,,,,,GLOBAL_BASELINE_NO_ENTITY_RANKING,,,NOT_APPLICABLE_GLOBAL_BASELINE,HF9g-P5,,,,X 全窗基线 · 不参与实体赏罚,15054747,1506,A168_HF9F_20260827_0900,2026-08-27 09:00:00
2026-04-14,92755421,583,0,58.8641253603,-58.8641253603,-58.8641253603,0E-7,2,2,0.50665070000000000,0.506650700000,-1.4331513700195317,-1.4331513700195317,-1.4331513700195317,0E-17,ELIGIBLE,R03b_20260811_FULL_v1,L1_ELIGIBILITY,v2026-08-11,2026-03-21..2026-08-06,baccarat_bet02_101_all_pairs_incl_sentinel,round_win = game_pnl > 0 (decisive only),COMPATIBILITY_ONLY_NOT_PRODUCTION,2500103.8841,2280641.3266,9883.8276,11764,10369,-0.00395337,-0.05088190,-0.00239824,-0.00395337,-9883.8276,2500103.8841,OK,0.0000,395.3531,4.0000,96.0000,AG03-UNRESOLVED,ALL5_LEVELS_bet23_to_bet27,395.3531,395.3531,395.3531,395.3531,395.3531,4.000000,4.000000,4.000000,4.000000,4.000000,96.000000,96.000000,96.000000,96.000000,96.000000,5.0,1976.7655,1824.8244,7907.0621,8059.0032,PENDING_AG03,FALSE,NOT_FOR_ENFORCEMENT,9488.4745,2189415.6736,9883.8276,9488.4745,395.3531,0.00395337,0.00379523,395.3531,9488.4745,0.00379523,395.3531,395.3531,395.3531,395.3531,395.3531,9488.4745,0.00379523,1976.7655,1824.8244,7907.0621,8059.0032,0.00316269,0.00322347,0.00015813,212.5216,219.9480,0.9532,119.0823,2.3972,30121.7335,124.9277,49.0469,238.9093,36.5364,75.9244,374.9013,749.8027,789.266,1183.8989,75.8035,-1.1839,10.395423,15.593133,2.799122,29,215,300,5,0.03207536,0.00395337,0.05088190,0E-8,0.000000,0.912219,0.000000,-0.04848366,2026-03-31,2026-08-01,83,4123,1621,124,0.669355,0.205295,0.230786,0.106918,,,,,,,,GLOBAL_BASELINE_NO_ENTITY_RANKING,,,NOT_APPLICABLE_GLOBAL_BASELINE,HF9g-P5,,,,X 全窗基线 · 不参与实体赏罚,15054748,1506,A168_HF9F_20260827_0900,2026-08-27 09:00:00
2026-04-14,92755421,752,0,119.7580481467,-40.5959485243,-40.5959485243,0.3333333,4,3,0.48939090701760860,0.418645466667,-0.5407210261464492,-0.29952129269995326,-0.5407210261464492,0.07074544035060860,ELIGIBLE,R03b_20260811_FULL_v1,L1_ELIGIBILITY,v2026-08-11,2026-03-21..2026-08-06,baccarat_bet02_101_all_pairs_incl_sentinel,round_win = game_pnl > 0 (decisive only),COMPATIBILITY_ONLY_NOT_PRODUCTION,2500103.8841,2280641.3266,9883.8276,11764,10369,-0.00395337,-0.05088190,-0.00239824,-0.00395337,-9883.8276,2500103.8841,OK,0.0000,395.3531,4.0000,96.0000,AG03-UNRESOLVED,ALL5_LEVELS_bet23_to_bet27,395.3531,395.3531,395.3531,395.3531,395.3531,4.000000,4.000000,4.000000,4.000000,4.000000,96.000000,96.000000,96.000000,96.000000,96.000000,5.0,1976.7655,1824.8244,7907.0621,8059.0032,PENDING_AG03,FALSE,NOT_FOR_ENFORCEMENT,9488.4745,2189415.6736,9883.8276,9488.4745,395.3531,0.00395337,0.00379523,395.3531,9488.4745,0.00379523,395.3531,395.3531,395.3531,395.3531,395.3531,9488.4745,0.00379523,1976.7655,1824.8244,7907.0621,8059.0032,0.00316269,0.00322347,0.00015813,212.5216,219.9480,0.9532,119.0823,2.3972,30121.7335,124.9277,49.0469,238.9093,36.5364,75.9244,374.9013,749.8027,789.266,1183.8989,75.8035,-1.1839,10.395423,15.593133,2.799122,29,215,300,5,0.03207536,0.00395337,0.05088190,0E-8,0.000000,0.912219,0.000000,-0.04848366,2026-03-31,2026-08-01,83,4123,1621,124,0.669355,0.205295,0.230786,0.106918,,,,,,,,GLOBAL_BASELINE_NO_ENTITY_RANKING,,,NOT_APPLICABLE_GLOBAL_BASELINE,HF9g-P5,,,,X 全窗基线 · 不参与实体赏罚,15054749,1506,A168_HF9F_20260827_0900,2026-08-27 09:00:00
2026-04-15,92755421,-1,1,1023.0179028134,-19.8920147772,-19.8920147772,0.5000000,13,13,0.50149485384615385,0.501494853846,-0.010356697531720794,-0.010356697530654876,-0.010356697531720794,1.5385E-13,SENTINEL_DEALER,R03b_20260811_FULL_v1,L1_ELIGIBILITY,v2026-08-11,2026-03-21..2026-08-06,baccarat_bet02_101_all_pairs_incl_sentinel,round_win = game_pnl > 0 (decisive only),COMPATIBILITY_ONLY_NOT_PRODUCTION,2500103.8841,2280641.3266,9883.8276,11764,10369,-0.00395337,-0.05088190,-0.00239824,-0.00395337,-9883.8276,2500103.8841,OK,0.0000,395.3531,4.0000,96.0000,AG03-UNRESOLVED,ALL5_LEVELS_bet23_to_bet27,395.3531,395.3531,395.3531,395.3531,395.3531,4.000000,4.000000,4.000000,4.000000,4.000000,96.000000,96.000000,96.000000,96.000000,96.000000,5.0,1976.7655,1824.8244,7907.0621,8059.0032,PENDING_AG03,FALSE,NOT_FOR_ENFORCEMENT,9488.4745,2189415.6736,9883.8276,9488.4745,395.3531,0.00395337,0.00379523,395.3531,9488.4745,0.00379523,395.3531,395.3531,395.3531,395.3531,395.3531,9488.4745,0.00379523,1976.7655,1824.8244,7907.0621,8059.0032,0.00316269,0.00322347,0.00015813,212.5216,219.9480,0.9532,119.0823,2.3972,30121.7335,124.9277,49.0469,238.9093,36.5364,75.9244,374.9013,749.8027,789.266,1183.8989,75.8035,-1.1839,10.395423,15.593133,2.799122,29,215,300,5,0.03207536,0.00395337,0.05088190,0E-8,0.000000,0.912219,0.000000,-0.04848366,2026-03-31,2026-08-01,83,4123,1621,124,0.669355,0.205295,0.230786,0.106918,,,,,,,,GLOBAL_BASELINE_NO_ENTITY_RANKING,,,NOT_APPLICABLE_GLOBAL_BASELINE,HF9g-P5,,,,X 全窗基线 · 不参与实体赏罚,15054750,1506,A168_HF9F_20260827_0900,2026-08-27 09:00:00
2026-04-15,92755421,1157,0,162.3837940974,0E-10,0E-10,0.5000000,2,2,0.49994810000000000,0.499948100000,0.00014679536856514622,0.00014679536856514622,0.00014679536856514622,0E-17,ELIGIBLE,R03b_20260811_FULL_v1,L1_ELIGIBILITY,v2026-08-11,2026-03-21..2026-08-06,baccarat_bet02_101_all_pairs_incl_sentinel,round_win = game_pnl > 0 (decisive only),COMPATIBILITY_ONLY_NOT_PRODUCTION,2500103.8841,2280641.3266,9883.8276,11764,10369,-0.00395337,-0.05088190,-0.00239824,-0.00395337,-9883.8276,2500103.8841,OK,0.0000,395.3531,4.0000,96.0000,AG03-UNRESOLVED,ALL5_LEVELS_bet23_to_bet27,395.3531,395.3531,395.3531,395.3531,395.3531,4.000000,4.000000,4.000000,4.000000,4.000000,96.000000,96.000000,96.000000,96.000000,96.000000,5.0,1976.7655,1824.8244,7907.0621,8059.0032,PENDING_AG03,FALSE,NOT_FOR_ENFORCEMENT,9488.4745,2189415.6736,9883.8276,9488.4745,395.3531,0.00395337,0.00379523,395.3531,9488.4745,0.00379523,395.3531,395.3531,395.3531,395.3531,395.3531,9488.4745,0.00379523,1976.7655,1824.8244,7907.0621,8059.0032,0.00316269,0.00322347,0.00015813,212.5216,219.9480,0.9532,119.0823,2.3972,30121.7335,124.9277,49.0469,238.9093,36.5364,75.9244,374.9013,749.8027,789.266,1183.8989,75.8035,-1.1839,10.395423,15.593133,2.799122,29,215,300,5,0.03207536,0.00395337,0.05088190,0E-8,0.000000,0.912219,0.000000,-0.04848366,2026-03-31,2026-08-01,83,4123,1621,124,0.669355,0.205295,0.230786,0.106918,,,,,,,,GLOBAL_BASELINE_NO_ENTITY_RANKING,,,NOT_APPLICABLE_GLOBAL_BASELINE,HF9g-P5,,,,X 全窗基线 · 不参与实体赏罚,15054751,1506,A168_HF9F_20260827_0900,2026-08-27 09:00:00
2026-04-15,92755421,1306,0,77.1323021962,-77.1323021962,-77.1323021962,0E-7,1,1,0.49324550000000000,0.493245500000,-0.9865810262130424,-0.9865810262130424,-0.9865810262130424,0E-17,ELIGIBLE,R03b_20260811_FULL_v1,L1_ELIGIBILITY,v2026-08-11,2026-03-21..2026-08-06,baccarat_bet02_101_all_pairs_incl_sentinel,round_win = game_pnl > 0 (decisive only),COMPATIBILITY_ONLY_NOT_PRODUCTION,2500103.8841,2280641.3266,9883.8276,11764,10369,-0.00395337,-0.05088190,-0.00239824,-0.00395337,-9883.8276,2500103.8841,OK,0.0000,395.3531,4.0000,96.0000,AG03-UNRESOLVED,ALL5_LEVELS_bet23_to_bet27,395.3531,395.3531,395.3531,395.3531,395.3531,4.000000,4.000000,4.000000,4.000000,4.000000,96.000000,96.000000,96.000000,96.000000,96.000000,5.0,1976.7655,1824.8244,7907.0621,8059.0032,PENDING_AG03,FALSE,NOT_FOR_ENFORCEMENT,9488.4745,2189415.6736,9883.8276,9488.4745,395.3531,0.00395337,0.00379523,395.3531,9488.4745,0.00379523,395.3531,395.3531,395.3531,395.3531,395.3531,9488.4745,0.00379523,1976.7655,1824.8244,7907.0621,8059.0032,0.00316269,0.00322347,0.00015813,212.5216,219.9480,0.9532,119.0823,2.3972,30121.7335,124.9277,49.0469,238.9093,36.5364,75.9244,374.9013,749.8027,789.266,1183.8989,75.8035,-1.1839,10.395423,15.593133,2.799122,29,215,300,5,0.03207536,0.00395337,0.05088190,0E-8,0.000000,0.912219,0.000000,-0.04848366,2026-03-31,2026-08-01,83,4123,1621,124,0.669355,0.205295,0.230786,0.106918,,,,,,,,GLOBAL_BASELINE_NO_ENTITY_RANKING,,,NOT_APPLICABLE_GLOBAL_BASELINE,HF9g-P5,,,,X 全窗基线 · 不参与实体赏罚,15054752,1506,A168_HF9F_20260827_0900,2026-08-27 09:00:00
2026-04-15,92755421,1330,0,304.8755734178,137.6202654975,137.6202654975,0.7500000,5,4,0.49916265198683825,0.440646775000,1.0033507990558608,1.2462244638917332,1.0033507990558608,0.05851587698683825,ELIGIBLE,R03b_20260811_FULL_v1,L1_ELIGIBILITY,v2026-08-11,2026-03-21..2026-08-06,baccarat_bet02_101_all_pairs_incl_sentinel,round_win = game_pnl > 0 (decisive only),COMPATIBILITY_ONLY_NOT_PRODUCTION,2500103.8841,2280641.3266,9883.8276,11764,10369,-0.00395337,-0.05088190,-0.00239824,-0.00395337,-9883.8276,2500103.8841,OK,0.0000,395.3531,4.0000,96.0000,AG03-UNRESOLVED,ALL5_LEVELS_bet23_to_bet27,395.3531,395.3531,395.3531,395.3531,395.3531,4.000000,4.000000,4.000000,4.000000,4.000000,96.000000,96.000000,96.000000,96.000000,96.000000,5.0,1976.7655,1824.8244,7907.0621,8059.0032,PENDING_AG03,FALSE,NOT_FOR_ENFORCEMENT,9488.4745,2189415.6736,9883.8276,9488.4745,395.3531,0.00395337,0.00379523,395.3531,9488.4745,0.00379523,395.3531,395.3531,395.3531,395.3531,395.3531,9488.4745,0.00379523,1976.7655,1824.8244,7907.0621,8059.0032,0.00316269,0.00322347,0.00015813,212.5216,219.9480,0.9532,119.0823,2.3972,30121.7335,124.9277,49.0469,238.9093,36.5364,75.9244,374.9013,749.8027,789.266,1183.8989,75.8035,-1.1839,10.395423,15.593133,2.799122,29,215,300,5,0.03207536,0.00395337,0.05088190,0E-8,0.000000,0.912219,0.000000,-0.04848366,2026-03-31,2026-08-01,83,4123,1621,124,0.669355,0.205295,0.230786,0.106918,,,,,,,,GLOBAL_BASELINE_NO_ENTITY_RANKING,,,NOT_APPLICABLE_GLOBAL_BASELINE,HF9g-P5,,,,X 全窗基线 · 不参与实体赏罚,15054753,1506,A168_HF9F_20260827_0900,2026-08-27 09:00:00
2026-04-15,92755421,1702,0,81.1918970487,-81.1918970487,-81.1918970487,0E-7,1,1,0.50665070000000000,0.506650700000,-1.013391052207602,-1.013391052207602,-1.013391052207602,0E-17,ELIGIBLE,R03b_20260811_FULL_v1,L1_ELIGIBILITY,v2026-08-11,2026-03-21..2026-08-06,baccarat_bet02_101_all_pairs_incl_sentinel,round_win = game_pnl > 0 (decisive only),COMPATIBILITY_ONLY_NOT_PRODUCTION,2500103.8841,2280641.3266,9883.8276,11764,10369,-0.00395337,-0.05088190,-0.00239824,-0.00395337,-9883.8276,2500103.8841,OK,0.0000,395.3531,4.0000,96.0000,AG03-UNRESOLVED,ALL5_LEVELS_bet23_to_bet27,395.3531,395.3531,395.3531,395.3531,395.3531,4.000000,4.000000,4.000000,4.000000,4.000000,96.000000,96.000000,96.000000,96.000000,96.000000,5.0,1976.7655,1824.8244,7907.0621,8059.0032,PENDING_AG03,FALSE,NOT_FOR_ENFORCEMENT,9488.4745,2189415.6736,9883.8276,9488.4745,395.3531,0.00395337,0.00379523,395.3531,9488.4745,0.00379523,395.3531,395.3531,395.3531,395.3531,395.3531,9488.4745,0.00379523,1976.7655,1824.8244,7907.0621,8059.0032,0.00316269,0.00322347,0.00015813,212.5216,219.9480,0.9532,119.0823,2.3972,30121.7335,124.9277,49.0469,238.9093,36.5364,75.9244,374.9013,749.8027,789.266,1183.8989,75.8035,-1.1839,10.395423,15.593133,2.799122,29,215,300,5,0.03207536,0.00395337,0.05088190,0E-8,0.000000,0.912219,0.000000,-0.04848366,2026-03-31,2026-08-01,83,4123,1621,124,0.669355,0.205295,0.230786,0.106918,,,,,,,,GLOBAL_BASELINE_NO_ENTITY_RANKING,,,NOT_APPLICABLE_GLOBAL_BASELINE,HF9g-P5,,,,X 全窗基线 · 不参与实体赏罚,15054754,1506,A168_HF9F_20260827_0900,2026-08-27 09:00:00
2026-04-15,92755421,1710,0,82.4097755044,-82.4097755044,-82.4097755044,0E-7,2,1,0.49944159950756704,0.262742800000,-0.9988838219414748,-0.5969746651759844,-0.9988838219414748,0.23669879950756704,ELIGIBLE,R03b_20260811_FULL_v1,L1_ELIGIBILITY,v2026-08-11,2026-03-21..2026-08-06,baccarat_bet02_101_all_pairs_incl_sentinel,round_win = game_pnl > 0 (decisive only),COMPATIBILITY_ONLY_NOT_PRODUCTION,2500103.8841,2280641.3266,9883.8276,11764,10369,-0.00395337,-0.05088190,-0.00239824,-0.00395337,-9883.8276,2500103.8841,OK,0.0000,395.3531,4.0000,96.0000,AG03-UNRESOLVED,ALL5_LEVELS_bet23_to_bet27,395.3531,395.3531,395.3531,395.3531,395.3531,4.000000,4.000000,4.000000,4.000000,4.000000,96.000000,96.000000,96.000000,96.000000,96.000000,5.0,1976.7655,1824.8244,7907.0621,8059.0032,PENDING_AG03,FALSE,NOT_FOR_ENFORCEMENT,9488.4745,2189415.6736,9883.8276,9488.4745,395.3531,0.00395337,0.00379523,395.3531,9488.4745,0.00379523,395.3531,395.3531,395.3531,395.3531,395.3531,9488.4745,0.00379523,1976.7655,1824.8244,7907.0621,8059.0032,0.00316269,0.00322347,0.00015813,212.5216,219.9480,0.9532,119.0823,2.3972,30121.7335,124.9277,49.0469,238.9093,36.5364,75.9244,374.9013,749.8027,789.266,1183.8989,75.8035,-1.1839,10.395423,15.593133,2.799122,29,215,300,5,0.03207536,0.00395337,0.05088190,0E-8,0.000000,0.912219,0.000000,-0.04848366,2026-03-31,2026-08-01,83,4123,1621,124,0.669355,0.205295,0.230786,0.106918,,,,,,,,GLOBAL_BASELINE_NO_ENTITY_RANKING,,,NOT_APPLICABLE_GLOBAL_BASELINE,HF9g-P5,,,,X 全窗基线 · 不参与实体赏罚,15054755,1506,A168_HF9F_20260827_0900,2026-08-27 09:00:00
2026-04-15,92755421,1966,0,40.5959485243,-40.5959485243,-40.5959485243,0E-7,1,1,0.50665070000000000,0.506650700000,-1.013391052207602,-1.013391052207602,-1.013391052207602,0E-17,ELIGIBLE,R03b_20260811_FULL_v1,L1_ELIGIBILITY,v2026-08-11,2026-03-21..2026-08-06,baccarat_bet02_101_all_pairs_incl_sentinel,round_win = game_pnl > 0 (decisive only),COMPATIBILITY_ONLY_NOT_PRODUCTION,2500103.8841,2280641.3266,9883.8276,11764,10369,-0.00395337,-0.05088190,-0.00239824,-0.00395337,-9883.8276,2500103.8841,OK,0.0000,395.3531,4.0000,96.0000,AG03-UNRESOLVED,ALL5_LEVELS_bet23_to_bet27,395.3531,395.3531,395.3531,395.3531,395.3531,4.000000,4.000000,4.000000,4.000000,4.000000,96.000000,96.000000,96.000000,96.000000,96.000000,5.0,1976.7655,1824.8244,7907.0621,8059.0032,PENDING_AG03,FALSE,NOT_FOR_ENFORCEMENT,9488.4745,2189415.6736,9883.8276,9488.4745,395.3531,0.00395337,0.00379523,395.3531,9488.4745,0.00379523,395.3531,395.3531,395.3531,395.3531,395.3531,9488.4745,0.00379523,1976.7655,1824.8244,7907.0621,8059.0032,0.00316269,0.00322347,0.00015813,212.5216,219.9480,0.9532,119.0823,2.3972,30121.7335,124.9277,49.0469,238.9093,36.5364,75.9244,374.9013,749.8027,789.266,1183.8989,75.8035,-1.1839,10.395423,15.593133,2.799122,29,215,300,5,0.03207536,0.00395337,0.05088190,0E-8,0.000000,0.912219,0.000000,-0.04848366,2026-03-31,2026-08-01,83,4123,1621,124,0.669355,0.205295,0.230786,0.106918,,,,,,,,GLOBAL_BASELINE_NO_ENTITY_RANKING,,,NOT_APPLICABLE_GLOBAL_BASELINE,HF9g-P5,,,,X 全窗基线 · 不参与实体赏罚,15054756,1506,A168_HF9F_20260827_0900,2026-08-27 09:00:00
2026-04-15,92755421,2065,0,81.1918970487,-81.1918970487,-81.1918970487,0E-7,1,1,0.49324550000000000,0.493245500000,-0.9865810262130424,-0.9865810262130424,-0.9865810262130424,0E-17,ELIGIBLE,R03b_20260811_FULL_v1,L1_ELIGIBILITY,v2026-08-11,2026-03-21..2026-08-06,baccarat_bet02_101_all_pairs_incl_sentinel,round_win = game_pnl > 0 (decisive only),COMPATIBILITY_ONLY_NOT_PRODUCTION,2500103.8841,2280641.3266,9883.8276,11764,10369,-0.00395337,-0.05088190,-0.00239824,-0.00395337,-9883.8276,2500103.8841,OK,0.0000,395.3531,4.0000,96.0000,AG03-UNRESOLVED,ALL5_LEVELS_bet23_to_bet27,395.3531,395.3531,395.3531,395.3531,395.3531,4.000000,4.000000,4.000000,4.000000,4.000000,96.000000,96.000000,96.000000,96.000000,96.000000,5.0,1976.7655,1824.8244,7907.0621,8059.0032,PENDING_AG03,FALSE,NOT_FOR_ENFORCEMENT,9488.4745,2189415.6736,9883.8276,9488.4745,395.3531,0.00395337,0.00379523,395.3531,9488.4745,0.00379523,395.3531,395.3531,395.3531,395.3531,395.3531,9488.4745,0.00379523,1976.7655,1824.8244,7907.0621,8059.0032,0.00316269,0.00322347,0.00015813,212.5216,219.9480,0.9532,119.0823,2.3972,30121.7335,124.9277,49.0469,238.9093,36.5364,75.9244,374.9013,749.8027,789.266,1183.8989,75.8035,-1.1839,10.395423,15.593133,2.799122,29,215,300,5,0.03207536,0.00395337,0.05088190,0E-8,0.000000,0.912219,0.000000,-0.04848366,2026-03-31,2026-08-01,83,4123,1621,124,0.669355,0.205295,0.230786,0.106918,,,,,,,,GLOBAL_BASELINE_NO_ENTITY_RANKING,,,NOT_APPLICABLE_GLOBAL_BASELINE,HF9g-P5,,,,X 全窗基线 · 不参与实体赏罚,15054757,1506,A168_HF9F_20260827_0900,2026-08-27 09:00:00
2026-04-15,92755421,2222,0,81.1918970487,-81.1918970487,-81.1918970487,0E-7,1,1,0.49324550000000000,0.493245500000,-0.9865810262130424,-0.9865810262130424,-0.9865810262130424,0E-17,ELIGIBLE,R03b_20260811_FULL_v1,L1_ELIGIBILITY,v2026-08-11,2026-03-21..2026-08-06,baccarat_bet02_101_all_pairs_incl_sentinel,round_win = game_pnl > 0 (decisive only),COMPATIBILITY_ONLY_NOT_PRODUCTION,2500103.8841,2280641.3266,9883.8276,11764,10369,-0.00395337,-0.05088190,-0.00239824,-0.00395337,-9883.8276,2500103.8841,OK,0.0000,395.3531,4.0000,96.0000,AG03-UNRESOLVED,ALL5_LEVELS_bet23_to_bet27,395.3531,395.3531,395.3531,395.3531,395.3531,4.000000,4.000000,4.000000,4.000000,4.000000,96.000000,96.000000,96.000000,96.000000,96.000000,5.0,1976.7655,1824.8244,7907.0621,8059.0032,PENDING_AG03,FALSE,NOT_FOR_ENFORCEMENT,9488.4745,2189415.6736,9883.8276,9488.4745,395.3531,0.00395337,0.00379523,395.3531,9488.4745,0.00379523,395.3531,395.3531,395.3531,395.3531,395.3531,9488.4745,0.00379523,1976.7655,1824.8244,7907.0621,8059.0032,0.00316269,0.00322347,0.00015813,212.5216,219.9480,0.9532,119.0823,2.3972,30121.7335,124.9277,49.0469,238.9093,36.5364,75.9244,374.9013,749.8027,789.266,1183.8989,75.8035,-1.1839,10.395423,15.593133,2.799122,29,215,300,5,0.03207536,0.00395337,0.05088190,0E-8,0.000000,0.912219,0.000000,-0.04848366,2026-03-31,2026-08-01,83,4123,1621,124,0.669355,0.205295,0.230786,0.106918,,,,,,,,GLOBAL_BASELINE_NO_ENTITY_RANKING,,,NOT_APPLICABLE_GLOBAL_BASELINE,HF9g-P5,,,,X 全窗基线 · 不参与实体赏罚,15054758,1506,A168_HF9F_20260827_0900,2026-08-27 09:00:00
2026-04-15,92755421,763,0,158.3241992449,0E-10,0E-10,0.5000000,2,2,0.49994810000000000,0.499948100000,0.00014679536856514622,0.00014679536856514622,0.00014679536856514622,0E-17,ELIGIBLE,R03b_20260811_FULL_v1,L1_ELIGIBILITY,v2026-08-11,2026-03-21..2026-08-06,baccarat_bet02_101_all_pairs_incl_sentinel,round_win = game_pnl > 0 (decisive only),COMPATIBILITY_ONLY_NOT_PRODUCTION,2500103.8841,2280641.3266,9883.8276,11764,10369,-0.00395337,-0.05088190,-0.00239824,-0.00395337,-9883.8276,2500103.8841,OK,0.0000,395.3531,4.0000,96.0000,AG03-UNRESOLVED,ALL5_LEVELS_bet23_to_bet27,395.3531,395.3531,395.3531,395.3531,395.3531,4.000000,4.000000,4.000000,4.000000,4.000000,96.000000,96.000000,96.000000,96.000000,96.000000,5.0,1976.7655,1824.8244,7907.0621,8059.0032,PENDING_AG03,FALSE,NOT_FOR_ENFORCEMENT,9488.4745,2189415.6736,9883.8276,9488.4745,395.3531,0.00395337,0.00379523,395.3531,9488.4745,0.00379523,395.3531,395.3531,395.3531,395.3531,395.3531,9488.4745,0.00379523,1976.7655,1824.8244,7907.0621,8059.0032,0.00316269,0.00322347,0.00015813,212.5216,219.9480,0.9532,119.0823,2.3972,30121.7335,124.9277,49.0469,238.9093,36.5364,75.9244,374.9013,749.8027,789.266,1183.8989,75.8035,-1.1839,10.395423,15.593133,2.799122,29,215,300,5,0.03207536,0.00395337,0.05088190,0E-8,0.000000,0.912219,0.000000,-0.04848366,2026-03-31,2026-08-01,83,4123,1621,124,0.669355,0.205295,0.230786,0.106918,,,,,,,,GLOBAL_BASELINE_NO_ENTITY_RANKING,,,NOT_APPLICABLE_GLOBAL_BASELINE,HF9g-P5,,,,X 全窗基线 · 不参与实体赏罚,15054759,1506,A168_HF9F_20260827_0900,2026-08-27 09:00:00
2026-04-15,92755421,772,0,162.3837940974,0E-10,0E-10,0.5000000,2,2,0.49994810000000000,0.499948100000,0.00014679536856514622,0.00014679536856514622,0.00014679536856514622,0E-17,ELIGIBLE,R03b_20260811_FULL_v1,L1_ELIGIBILITY,v2026-08-11,2026-03-21..2026-08-06,baccarat_bet02_101_all_pairs_incl_sentinel,round_win = game_pnl > 0 (decisive only),COMPATIBILITY_ONLY_NOT_PRODUCTION,2500103.8841,2280641.3266,9883.8276,11764,10369,-0.00395337,-0.05088190,-0.00239824,-0.00395337,-9883.8276,2500103.8841,OK,0.0000,395.3531,4.0000,96.0000,AG03-UNRESOLVED,ALL5_LEVELS_bet23_to_bet27,395.3531,395.3531,395.3531,395.3531,395.3531,4.000000,4.000000,4.000000,4.000000,4.000000,96.000000,96.000000,96.000000,96.000000,96.000000,5.0,1976.7655,1824.8244,7907.0621,8059.0032,PENDING_AG03,FALSE,NOT_FOR_ENFORCEMENT,9488.4745,2189415.6736,9883.8276,9488.4745,395.3531,0.00395337,0.00379523,395.3531,9488.4745,0.00379523,395.3531,395.3531,395.3531,395.3531,395.3531,9488.4745,0.00379523,1976.7655,1824.8244,7907.0621,8059.0032,0.00316269,0.00322347,0.00015813,212.5216,219.9480,0.9532,119.0823,2.3972,30121.7335,124.9277,49.0469,238.9093,36.5364,75.9244,374.9013,749.8027,789.266,1183.8989,75.8035,-1.1839,10.395423,15.593133,2.799122,29,215,300,5,0.03207536,0.00395337,0.05088190,0E-8,0.000000,0.912219,0.000000,-0.04848366,2026-03-31,2026-08-01,83,4123,1621,124,0.669355,0.205295,0.230786,0.106918,,,,,,,,GLOBAL_BASELINE_NO_ENTITY_RANKING,,,NOT_APPLICABLE_GLOBAL_BASELINE,HF9g-P5,,,,X 全窗基线 · 不参与实体赏罚,15054760,1506,A168_HF9F_20260827_0900,2026-08-27 09:00:00
2026-04-16,92755421,-1,1,4798.4411155768,-153.4526854225,-153.4526854225,0.4814815,63,61,0.50128531089253465,0.493819057377,-0.29105662372791224,-0.18133844989770834,-0.29105662372791224,0.00746625351553465,SENTINEL_DEALER,R03b_20260811_FULL_v1,L1_ELIGIBILITY,v2026-08-11,2026-03-21..2026-08-06,baccarat_bet02_101_all_pairs_incl_sentinel,round_win = game_pnl > 0 (decisive only),COMPATIBILITY_ONLY_NOT_PRODUCTION,2500103.8841,2280641.3266,9883.8276,11764,10369,-0.00395337,-0.05088190,-0.00239824,-0.00395337,-9883.8276,2500103.8841,OK,0.0000,395.3531,4.0000,96.0000,AG03-UNRESOLVED,ALL5_LEVELS_bet23_to_bet27,395.3531,395.3531,395.3531,395.3531,395.3531,4.000000,4.000000,4.000000,4.000000,4.000000,96.000000,96.000000,96.000000,96.000000,96.000000,5.0,1976.7655,1824.8244,7907.0621,8059.0032,PENDING_AG03,FALSE,NOT_FOR_ENFORCEMENT,9488.4745,2189415.6736,9883.8276,9488.4745,395.3531,0.00395337,0.00379523,395.3531,9488.4745,0.00379523,395.3531,395.3531,395.3531,395.3531,395.3531,9488.4745,0.00379523,1976.7655,1824.8244,7907.0621,8059.0032,0.00316269,0.00322347,0.00015813,212.5216,219.9480,0.9532,119.0823,2.3972,30121.7335,124.9277,49.0469,238.9093,36.5364,75.9244,374.9013,749.8027,789.266,1183.8989,75.8035,-1.1839,10.395423,15.593133,2.799122,29,215,300,5,0.03207536,0.00395337,0.05088190,0E-8,0.000000,0.912219,0.000000,-0.04848366,2026-03-31,2026-08-01,83,4123,1621,124,0.669355,0.205295,0.230786,0.106918,,,,,,,,GLOBAL_BASELINE_NO_ENTITY_RANKING,,,NOT_APPLICABLE_GLOBAL_BASELINE,HF9g-P5,,,,X 全窗基线 · 不参与实体赏罚,15054761,1506,A168_HF9F_20260827_0900,2026-08-27 09:00:00
2026-04-16,92755421,1115,0,81.1918970487,-81.1918970487,-81.1918970487,0E-7,1,1,0.50665070000000000,0.506650700000,-1.013391052207602,-1.013391052207602,-1.013391052207602,0E-17,ELIGIBLE,R03b_20260811_FULL_v1,L1_ELIGIBILITY,v2026-08-11,2026-03-21..2026-08-06,baccarat_bet02_101_all_pairs_incl_sentinel,round_win = game_pnl > 0 (decisive only),COMPATIBILITY_ONLY_NOT_PRODUCTION,2500103.8841,2280641.3266,9883.8276,11764,10369,-0.00395337,-0.05088190,-0.00239824,-0.00395337,-9883.8276,2500103.8841,OK,0.0000,395.3531,4.0000,96.0000,AG03-UNRESOLVED,ALL5_LEVELS_bet23_to_bet27,395.3531,395.3531,395.3531,395.3531,395.3531,4.000000,4.000000,4.000000,4.000000,4.000000,96.000000,96.000000,96.000000,96.000000,96.000000,5.0,1976.7655,1824.8244,7907.0621,8059.0032,PENDING_AG03,FALSE,NOT_FOR_ENFORCEMENT,9488.4745,2189415.6736,9883.8276,9488.4745,395.3531,0.00395337,0.00379523,395.3531,9488.4745,0.00379523,395.3531,395.3531,395.3531,395.3531,395.3531,9488.4745,0.00379523,1976.7655,1824.8244,7907.0621,8059.0032,0.00316269,0.00322347,0.00015813,212.5216,219.9480,0.9532,119.0823,2.3972,30121.7335,124.9277,49.0469,238.9093,36.5364,75.9244,374.9013,749.8027,789.266,1183.8989,75.8035,-1.1839,10.395423,15.593133,2.799122,29,215,300,5,0.03207536,0.00395337,0.05088190,0E-8,0.000000,0.912219,0.000000,-0.04848366,2026-03-31,2026-08-01,83,4123,1621,124,0.669355,0.205295,0.230786,0.106918,,,,,,,,GLOBAL_BASELINE_NO_ENTITY_RANKING,,,NOT_APPLICABLE_GLOBAL_BASELINE,HF9g-P5,,,,X 全窗基线 · 不参与实体赏罚,15054762,1506,A168_HF9F_20260827_0900,2026-08-27 09:00:00
2026-04-16,92755421,1151,0,81.1918970487,-81.1918970487,-81.1918970487,0E-7,1,1,0.50665070000000000,0.506650700000,-1.013391052207602,-1.013391052207602,-1.013391052207602,0E-17,ELIGIBLE,R03b_20260811_FULL_v1,L1_ELIGIBILITY,v2026-08-11,2026-03-21..2026-08-06,baccarat_bet02_101_all_pairs_incl_sentinel,round_win = game_pnl > 0 (decisive only),COMPATIBILITY_ONLY_NOT_PRODUCTION,2500103.8841,2280641.3266,9883.8276,11764,10369,-0.00395337,-0.05088190,-0.00239824,-0.00395337,-9883.8276,2500103.8841,OK,0.0000,395.3531,4.0000,96.0000,AG03-UNRESOLVED,ALL5_LEVELS_bet23_to_bet27,395.3531,395.3531,395.3531,395.3531,395.3531,4.000000,4.000000,4.000000,4.000000,4.000000,96.000000,96.000000,96.000000,96.000000,96.000000,5.0,1976.7655,1824.8244,7907.0621,8059.0032,PENDING_AG03,FALSE,NOT_FOR_ENFORCEMENT,9488.4745,2189415.6736,9883.8276,9488.4745,395.3531,0.00395337,0.00379523,395.3531,9488.4745,0.00379523,395.3531,395.3531,395.3531,395.3531,395.3531,9488.4745,0.00379523,1976.7655,1824.8244,7907.0621,8059.0032,0.00316269,0.00322347,0.00015813,212.5216,219.9480,0.9532,119.0823,2.3972,30121.7335,124.9277,49.0469,238.9093,36.5364,75.9244,374.9013,749.8027,789.266,1183.8989,75.8035,-1.1839,10.395423,15.593133,2.799122,29,215,300,5,0.03207536,0.00395337,0.05088190,0E-8,0.000000,0.912219,0.000000,-0.04848366,2026-03-31,2026-08-01,83,4123,1621,124,0.669355,0.205295,0.230786,0.106918,,,,,,,,GLOBAL_BASELINE_NO_ENTITY_RANKING,,,NOT_APPLICABLE_GLOBAL_BASELINE,HF9g-P5,,,,X 全窗基线 · 不参与实体赏罚,15054763,1506,A168_HF9F_20260827_0900,2026-08-27 09:00:00
2026-04-16,92755421,1157,0,85.2514919011,-85.2514919011,-85.2514919011,0E-7,2,1,0.48342137619066693,0.262742800000,-0.9673746659570179,-0.5969746651759844,-0.9673746659570179,0.22067857619066693,ELIGIBLE,R03b_20260811_FULL_v1,L1_ELIGIBILITY,v2026-08-11,2026-03-21..2026-08-06,baccarat_bet02_101_all_pairs_incl_sentinel,round_win = game_pnl > 0 (decisive only),COMPATIBILITY_ONLY_NOT_PRODUCTION,2500103.8841,2280641.3266,9883.8276,11764,10369,-0.00395337,-0.05088190,-0.00239824,-0.00395337,-9883.8276,2500103.8841,OK,0.0000,395.3531,4.0000,96.0000,AG03-UNRESOLVED,ALL5_LEVELS_bet23_to_bet27,395.3531,395.3531,395.3531,395.3531,395.3531,4.000000,4.000000,4.000000,4.000000,4.000000,96.000000,96.000000,96.000000,96.000000,96.000000,5.0,1976.7655,1824.8244,7907.0621,8059.0032,PENDING_AG03,FALSE,NOT_FOR_ENFORCEMENT,9488.4745,2189415.6736,9883.8276,9488.4745,395.3531,0.00395337,0.00379523,395.3531,9488.4745,0.00379523,395.3531,395.3531,395.3531,395.3531,395.3531,9488.4745,0.00379523,1976.7655,1824.8244,7907.0621,8059.0032,0.00316269,0.00322347,0.00015813,212.5216,219.9480,0.9532,119.0823,2.3972,30121.7335,124.9277,49.0469,238.9093,36.5364,75.9244,374.9013,749.8027,789.266,1183.8989,75.8035,-1.1839,10.395423,15.593133,2.799122,29,215,300,5,0.03207536,0.00395337,0.05088190,0E-8,0.000000,0.912219,0.000000,-0.04848366,2026-03-31,2026-08-01,83,4123,1621,124,0.669355,0.205295,0.230786,0.106918,,,,,,,,GLOBAL_BASELINE_NO_ENTITY_RANKING,,,NOT_APPLICABLE_GLOBAL_BASELINE,HF9g-P5,,,,X 全窗基线 · 不参与实体赏罚,15054764,1506,A168_HF9F_20260827_0900,2026-08-27 09:00:00
2026-04-16,92755421,1210,0,239.9220557788,72.6667478585,72.6667478585,0.6666667,4,3,0.49688595828979087,0.418645466667,0.5881490330813977,0.8707745022662297,0.5881490330813977,0.07824049162279087,ELIGIBLE,R03b_20260811_FULL_v1,L1_ELIGIBILITY,v2026-08-11,2026-03-21..2026-08-06,baccarat_bet02_101_all_pairs_incl_sentinel,round_win = game_pnl > 0 (decisive only),COMPATIBILITY_ONLY_NOT_PRODUCTION,2500103.8841,2280641.3266,9883.8276,11764,10369,-0.00395337,-0.05088190,-0.00239824,-0.00395337,-9883.8276,2500103.8841,OK,0.0000,395.3531,4.0000,96.0000,AG03-UNRESOLVED,ALL5_LEVELS_bet23_to_bet27,395.3531,395.3531,395.3531,395.3531,395.3531,4.000000,4.000000,4.000000,4.000000,4.000000,96.000000,96.000000,96.000000,96.000000,96.000000,5.0,1976.7655,1824.8244,7907.0621,8059.0032,PENDING_AG03,FALSE,NOT_FOR_ENFORCEMENT,9488.4745,2189415.6736,9883.8276,9488.4745,395.3531,0.00395337,0.00379523,395.3531,9488.4745,0.00379523,395.3531,395.3531,395.3531,395.3531,395.3531,9488.4745,0.00379523,1976.7655,1824.8244,7907.0621,8059.0032,0.00316269,0.00322347,0.00015813,212.5216,219.9480,0.9532,119.0823,2.3972,30121.7335,124.9277,49.0469,238.9093,36.5364,75.9244,374.9013,749.8027,789.266,1183.8989,75.8035,-1.1839,10.395423,15.593133,2.799122,29,215,300,5,0.03207536,0.00395337,0.05088190,0E-8,0.000000,0.912219,0.000000,-0.04848366,2026-03-31,2026-08-01,83,4123,1621,124,0.669355,0.205295,0.230786,0.106918,,,,,,,,GLOBAL_BASELINE_NO_ENTITY_RANKING,,,NOT_APPLICABLE_GLOBAL_BASELINE,HF9g-P5,,,,X 全窗基线 · 不参与实体赏罚,15054765,1506,A168_HF9F_20260827_0900,2026-08-27 09:00:00
2026-04-16,92755421,1221,0,162.3837940974,0E-10,0E-10,0.5000000,2,2,0.49994810000000000,0.499948100000,0.00014679536856514622,0.00014679536856514622,0.00014679536856514622,0E-17,ELIGIBLE,R03b_20260811_FULL_v1,L1_ELIGIBILITY,v2026-08-11,2026-03-21..2026-08-06,baccarat_bet02_101_all_pairs_incl_sentinel,round_win = game_pnl > 0 (decisive only),COMPATIBILITY_ONLY_NOT_PRODUCTION,2500103.8841,2280641.3266,9883.8276,11764,10369,-0.00395337,-0.05088190,-0.00239824,-0.00395337,-9883.8276,2500103.8841,OK,0.0000,395.3531,4.0000,96.0000,AG03-UNRESOLVED,ALL5_LEVELS_bet23_to_bet27,395.3531,395.3531,395.3531,395.3531,395.3531,4.000000,4.000000,4.000000,4.000000,4.000000,96.000000,96.000000,96.000000,96.000000,96.000000,5.0,1976.7655,1824.8244,7907.0621,8059.0032,PENDING_AG03,FALSE,NOT_FOR_ENFORCEMENT,9488.4745,2189415.6736,9883.8276,9488.4745,395.3531,0.00395337,0.00379523,395.3531,9488.4745,0.00379523,395.3531,395.3531,395.3531,395.3531,395.3531,9488.4745,0.00379523,1976.7655,1824.8244,7907.0621,8059.0032,0.00316269,0.00322347,0.00015813,212.5216,219.9480,0.9532,119.0823,2.3972,30121.7335,124.9277,49.0469,238.9093,36.5364,75.9244,374.9013,749.8027,789.266,1183.8989,75.8035,-1.1839,10.395423,15.593133,2.799122,29,215,300,5,0.03207536,0.00395337,0.05088190,0E-8,0.000000,0.912219,0.000000,-0.04848366,2026-03-31,2026-08-01,83,4123,1621,124,0.669355,0.205295,0.230786,0.106918,,,,,,,,GLOBAL_BASELINE_NO_ENTITY_RANKING,,,NOT_APPLICABLE_GLOBAL_BASELINE,HF9g-P5,,,,X 全窗基线 · 不参与实体赏罚,15054766,1506,A168_HF9F_20260827_0900,2026-08-27 09:00:00
2026-04-16,92755421,1306,0,60.8939227865,-60.8939227865,-60.8939227865,0E-7,1,1,0.49324550000000000,0.493245500000,-0.9865810262130424,-0.9865810262130424,-0.9865810262130424,0E-17,ELIGIBLE,R03b_20260811_FULL_v1,L1_ELIGIBILITY,v2026-08-11,2026-03-21..2026-08-06,baccarat_bet02_101_all_pairs_incl_sentinel,round_win = game_pnl > 0 (decisive only),COMPATIBILITY_ONLY_NOT_PRODUCTION,2500103.8841,2280641.3266,9883.8276,11764,10369,-0.00395337,-0.05088190,-0.00239824,-0.00395337,-9883.8276,2500103.8841,OK,0.0000,395.3531,4.0000,96.0000,AG03-UNRESOLVED,ALL5_LEVELS_bet23_to_bet27,395.3531,395.3531,395.3531,395.3531,395.3531,4.000000,4.000000,4.000000,4.000000,4.000000,96.000000,96.000000,96.000000,96.000000,96.000000,5.0,1976.7655,1824.8244,7907.0621,8059.0032,PENDING_AG03,FALSE,NOT_FOR_ENFORCEMENT,9488.4745,2189415.6736,9883.8276,9488.4745,395.3531,0.00395337,0.00379523,395.3531,9488.4745,0.00379523,395.3531,395.3531,395.3531,395.3531,395.3531,9488.4745,0.00379523,1976.7655,1824.8244,7907.0621,8059.0032,0.00316269,0.00322347,0.00015813,212.5216,219.9480,0.9532,119.0823,2.3972,30121.7335,124.9277,49.0469,238.9093,36.5364,75.9244,374.9013,749.8027,789.266,1183.8989,75.8035,-1.1839,10.395423,15.593133,2.799122,29,215,300,5,0.03207536,0.00395337,0.05088190,0E-8,0.000000,0.912219,0.000000,-0.04848366,2026-03-31,2026-08-01,83,4123,1621,124,0.669355,0.205295,0.230786,0.106918,,,,,,,,GLOBAL_BASELINE_NO_ENTITY_RANKING,,,NOT_APPLICABLE_GLOBAL_BASELINE,HF9g-P5,,,,X 全窗基线 · 不参与实体赏罚,15054767,1506,A168_HF9F_20260827_0900,2026-08-27 09:00:00
2026-04-16,92755421,1307,0,81.1918970487,81.1918970487,81.1918970487,1.0000000,1,1,0.49324550000000000,0.493245500000,1.01360149184955,1.01360149184955,1.01360149184955,0E-17,ELIGIBLE,R03b_20260811_FULL_v1,L1_ELIGIBILITY,v2026-08-11,2026-03-21..2026-08-06,baccarat_bet02_101_all_pairs_incl_sentinel,round_win = game_pnl > 0 (decisive only),COMPATIBILITY_ONLY_NOT_PRODUCTION,2500103.8841,2280641.3266,9883.8276,11764,10369,-0.00395337,-0.05088190,-0.00239824,-0.00395337,-9883.8276,2500103.8841,OK,0.0000,395.3531,4.0000,96.0000,AG03-UNRESOLVED,ALL5_LEVELS_bet23_to_bet27,395.3531,395.3531,395.3531,395.3531,395.3531,4.000000,4.000000,4.000000,4.000000,4.000000,96.000000,96.000000,96.000000,96.000000,96.000000,5.0,1976.7655,1824.8244,7907.0621,8059.0032,PENDING_AG03,FALSE,NOT_FOR_ENFORCEMENT,9488.4745,2189415.6736,9883.8276,9488.4745,395.3531,0.00395337,0.00379523,395.3531,9488.4745,0.00379523,395.3531,395.3531,395.3531,395.3531,395.3531,9488.4745,0.00379523,1976.7655,1824.8244,7907.0621,8059.0032,0.00316269,0.00322347,0.00015813,212.5216,219.9480,0.9532,119.0823,2.3972,30121.7335,124.9277,49.0469,238.9093,36.5364,75.9244,374.9013,749.8027,789.266,1183.8989,75.8035,-1.1839,10.395423,15.593133,2.799122,29,215,300,5,0.03207536,0.00395337,0.05088190,0E-8,0.000000,0.912219,0.000000,-0.04848366,2026-03-31,2026-08-01,83,4123,1621,124,0.669355,0.205295,0.230786,0.106918,,,,,,,,GLOBAL_BASELINE_NO_ENTITY_RANKING,,,NOT_APPLICABLE_GLOBAL_BASELINE,HF9g-P5,,,,X 全窗基线 · 不参与实体赏罚,15054768,1506,A168_HF9F_20260827_0900,2026-08-27 09:00:00
2026-04-16,92755421,1318,0,645.4755815371,81.1918970487,81.1918970487,0.5714286,8,8,0.49827245000000000,0.498272450000,0.3871081189643771,0.3871081189643771,0.3871081189643771,0E-17,ELIGIBLE,R03b_20260811_FULL_v1,L1_ELIGIBILITY,v2026-08-11,2026-03-21..2026-08-06,baccarat_bet02_101_all_pairs_incl_sentinel,round_win = game_pnl > 0 (decisive only),COMPATIBILITY_ONLY_NOT_PRODUCTION,2500103.8841,2280641.3266,9883.8276,11764,10369,-0.00395337,-0.05088190,-0.00239824,-0.00395337,-9883.8276,2500103.8841,OK,0.0000,395.3531,4.0000,96.0000,AG03-UNRESOLVED,ALL5_LEVELS_bet23_to_bet27,395.3531,395.3531,395.3531,395.3531,395.3531,4.000000,4.000000,4.000000,4.000000,4.000000,96.000000,96.000000,96.000000,96.000000,96.000000,5.0,1976.7655,1824.8244,7907.0621,8059.0032,PENDING_AG03,FALSE,NOT_FOR_ENFORCEMENT,9488.4745,2189415.6736,9883.8276,9488.4745,395.3531,0.00395337,0.00379523,395.3531,9488.4745,0.00379523,395.3531,395.3531,395.3531,395.3531,395.3531,9488.4745,0.00379523,1976.7655,1824.8244,7907.0621,8059.0032,0.00316269,0.00322347,0.00015813,212.5216,219.9480,0.9532,119.0823,2.3972,30121.7335,124.9277,49.0469,238.9093,36.5364,75.9244,374.9013,749.8027,789.266,1183.8989,75.8035,-1.1839,10.395423,15.593133,2.799122,29,215,300,5,0.03207536,0.00395337,0.05088190,0E-8,0.000000,0.912219,0.000000,-0.04848366,2026-03-31,2026-08-01,83,4123,1621,124,0.669355,0.205295,0.230786,0.106918,,,,,,,,GLOBAL_BASELINE_NO_ENTITY_RANKING,,,NOT_APPLICABLE_GLOBAL_BASELINE,HF9g-P5,,,,X 全窗基线 · 不参与实体赏罚,15054769,1506,A168_HF9F_20260827_0900,2026-08-27 09:00:00
2026-04-16,92755421,1330,0,718.9542483659,222.8717573987,222.8717573987,0.6666667,11,9,0.49783581678444884,0.447235811111,1.012994588440954,1.3239778391938875,1.012994588440954,0.05060000567344884,ELIGIBLE,R03b_20260811_FULL_v1,L1_ELIGIBILITY,v2026-08-11,2026-03-21..2026-08-06,baccarat_bet02_101_all_pairs_incl_sentinel,round_win = game_pnl > 0 (decisive only),COMPATIBILITY_ONLY_NOT_PRODUCTION,2500103.8841,2280641.3266,9883.8276,11764,10369,-0.00395337,-0.05088190,-0.00239824,-0.00395337,-9883.8276,2500103.8841,OK,0.0000,395.3531,4.0000,96.0000,AG03-UNRESOLVED,ALL5_LEVELS_bet23_to_bet27,395.3531,395.3531,395.3531,395.3531,395.3531,4.000000,4.000000,4.000000,4.000000,4.000000,96.000000,96.000000,96.000000,96.000000,96.000000,5.0,1976.7655,1824.8244,7907.0621,8059.0032,PENDING_AG03,FALSE,NOT_FOR_ENFORCEMENT,9488.4745,2189415.6736,9883.8276,9488.4745,395.3531,0.00395337,0.00379523,395.3531,9488.4745,0.00379523,395.3531,395.3531,395.3531,395.3531,395.3531,9488.4745,0.00379523,1976.7655,1824.8244,7907.0621,8059.0032,0.00316269,0.00322347,0.00015813,212.5216,219.9480,0.9532,119.0823,2.3972,30121.7335,124.9277,49.0469,238.9093,36.5364,75.9244,374.9013,749.8027,789.266,1183.8989,75.8035,-1.1839,10.395423,15.593133,2.799122,29,215,300,5,0.03207536,0.00395337,0.05088190,0E-8,0.000000,0.912219,0.000000,-0.04848366,2026-03-31,2026-08-01,83,4123,1621,124,0.669355,0.205295,0.230786,0.106918,,,,,,,,GLOBAL_BASELINE_NO_ENTITY_RANKING,,,NOT_APPLICABLE_GLOBAL_BASELINE,HF9g-P5,,,,X 全窗基线 · 不参与实体赏罚,15054770,1506,A168_HF9F_20260827_0900,2026-08-27 09:00:00
2026-04-16,92755421,1374,0,381.6019161287,-92.9647221207,-92.9647221207,0.2500000,6,6,0.50218230000000000,0.502182300000,-1.0087388081483202,-1.0087388081483202,-1.0087388081483202,0E-17,ELIGIBLE,R03b_20260811_FULL_v1,L1_ELIGIBILITY,v2026-08-11,2026-03-21..2026-08-06,baccarat_bet02_101_all_pairs_incl_sentinel,round_win = game_pnl > 0 (decisive only),COMPATIBILITY_ONLY_NOT_PRODUCTION,2500103.8841,2280641.3266,9883.8276,11764,10369,-0.00395337,-0.05088190,-0.00239824,-0.00395337,-9883.8276,2500103.8841,OK,0.0000,395.3531,4.0000,96.0000,AG03-UNRESOLVED,ALL5_LEVELS_bet23_to_bet27,395.3531,395.3531,395.3531,395.3531,395.3531,4.000000,4.000000,4.000000,4.000000,4.000000,96.000000,96.000000,96.000000,96.000000,96.000000,5.0,1976.7655,1824.8244,7907.0621,8059.0032,PENDING_AG03,FALSE,NOT_FOR_ENFORCEMENT,9488.4745,2189415.6736,9883.8276,9488.4745,395.3531,0.00395337,0.00379523,395.3531,9488.4745,0.00379523,395.3531,395.3531,395.3531,395.3531,395.3531,9488.4745,0.00379523,1976.7655,1824.8244,7907.0621,8059.0032,0.00316269,0.00322347,0.00015813,212.5216,219.9480,0.9532,119.0823,2.3972,30121.7335,124.9277,49.0469,238.9093,36.5364,75.9244,374.9013,749.8027,789.266,1183.8989,75.8035,-1.1839,10.395423,15.593133,2.799122,29,215,300,5,0.03207536,0.00395337,0.05088190,0E-8,0.000000,0.912219,0.000000,-0.04848366,2026-03-31,2026-08-01,83,4123,1621,124,0.669355,0.205295,0.230786,0.106918,,,,,,,,GLOBAL_BASELINE_NO_ENTITY_RANKING,,,NOT_APPLICABLE_GLOBAL_BASELINE,HF9g-P5,,,,X 全窗基线 · 不参与实体赏罚,15054771,1506,A168_HF9F_20260827_0900,2026-08-27 09:00:00
2026-04-16,92755421,1383,0,167.2553079203,-86.0634108716,-86.0634108716,0E-7,4,2,0.49262110839232489,0.262742800000,-1.3934946595722757,-0.8442496678850145,-1.3934946595722757,0.22987830839232489,ELIGIBLE,R03b_20260811_FULL_v1,L1_ELIGIBILITY,v2026-08-11,2026-03-21..2026-08-06,baccarat_bet02_101_all_pairs_incl_sentinel,round_win = game_pnl > 0 (decisive only),COMPATIBILITY_ONLY_NOT_PRODUCTION,2500103.8841,2280641.3266,9883.8276,11764,10369,-0.00395337,-0.05088190,-0.00239824,-0.00395337,-9883.8276,2500103.8841,OK,0.0000,395.3531,4.0000,96.0000,AG03-UNRESOLVED,ALL5_LEVELS_bet23_to_bet27,395.3531,395.3531,395.3531,395.3531,395.3531,4.000000,4.000000,4.000000,4.000000,4.000000,96.000000,96.000000,96.000000,96.000000,96.000000,5.0,1976.7655,1824.8244,7907.0621,8059.0032,PENDING_AG03,FALSE,NOT_FOR_ENFORCEMENT,9488.4745,2189415.6736,9883.8276,9488.4745,395.3531,0.00395337,0.00379523,395.3531,9488.4745,0.00379523,395.3531,395.3531,395.3531,395.3531,395.3531,9488.4745,0.00379523,1976.7655,1824.8244,7907.0621,8059.0032,0.00316269,0.00322347,0.00015813,212.5216,219.9480,0.9532,119.0823,2.3972,30121.7335,124.9277,49.0469,238.9093,36.5364,75.9244,374.9013,749.8027,789.266,1183.8989,75.8035,-1.1839,10.395423,15.593133,2.799122,29,215,300,5,0.03207536,0.00395337,0.05088190,0E-8,0.000000,0.912219,0.000000,-0.04848366,2026-03-31,2026-08-01,83,4123,1621,124,0.669355,0.205295,0.230786,0.106918,,,,,,,,GLOBAL_BASELINE_NO_ENTITY_RANKING,,,NOT_APPLICABLE_GLOBAL_BASELINE,HF9g-P5,,,,X 全窗基线 · 不参与实体赏罚,15054772,1506,A168_HF9F_20260827_0900,2026-08-27 09:00:00
2026-04-16,92755421,1399,0,239.5160962936,-81.1918970487,-81.1918970487,0.3333333,3,3,0.50218230000000000,0.502182300000,-0.5849155494134425,-0.5849155494134426,-0.5849155494134425,0E-17,ELIGIBLE,R03b_20260811_FULL_v1,L1_ELIGIBILITY,v2026-08-11,2026-03-21..2026-08-06,baccarat_bet02_101_all_pairs_incl_sentinel,round_win = game_pnl > 0 (decisive only),COMPATIBILITY_ONLY_NOT_PRODUCTION,2500103.8841,2280641.3266,9883.8276,11764,10369,-0.00395337,-0.05088190,-0.00239824,-0.00395337,-9883.8276,2500103.8841,OK,0.0000,395.3531,4.0000,96.0000,AG03-UNRESOLVED,ALL5_LEVELS_bet23_to_bet27,395.3531,395.3531,395.3531,395.3531,395.3531,4.000000,4.000000,4.000000,4.000000,4.000000,96.000000,96.000000,96.000000,96.000000,96.000000,5.0,1976.7655,1824.8244,7907.0621,8059.0032,PENDING_AG03,FALSE,NOT_FOR_ENFORCEMENT,9488.4745,2189415.6736,9883.8276,9488.4745,395.3531,0.00395337,0.00379523,395.3531,9488.4745,0.00379523,395.3531,395.3531,395.3531,395.3531,395.3531,9488.4745,0.00379523,1976.7655,1824.8244,7907.0621,8059.0032,0.00316269,0.00322347,0.00015813,212.5216,219.9480,0.9532,119.0823,2.3972,30121.7335,124.9277,49.0469,238.9093,36.5364,75.9244,374.9013,749.8027,789.266,1183.8989,75.8035,-1.1839,10.395423,15.593133,2.799122,29,215,300,5,0.03207536,0.00395337,0.05088190,0E-8,0.000000,0.912219,0.000000,-0.04848366,2026-03-31,2026-08-01,83,4123,1621,124,0.669355,0.205295,0.230786,0.106918,,,,,,,,GLOBAL_BASELINE_NO_ENTITY_RANKING,,,NOT_APPLICABLE_GLOBAL_BASELINE,HF9g-P5,,,,X 全窗基线 · 不参与实体赏罚,15054773,1506,A168_HF9F_20260827_0900,2026-08-27 09:00:00
2026-04-16,92755421,1485,0,81.1918970487,-81.1918970487,-81.1918970487,0E-7,1,1,0.49324550000000000,0.493245500000,-0.9865810262130424,-0.9865810262130424,-0.9865810262130424,0E-17,ELIGIBLE,R03b_20260811_FULL_v1,L1_ELIGIBILITY,v2026-08-11,2026-03-21..2026-08-06,baccarat_bet02_101_all_pairs_incl_sentinel,round_win = game_pnl > 0 (decisive only),COMPATIBILITY_ONLY_NOT_PRODUCTION,2500103.8841,2280641.3266,9883.8276,11764,10369,-0.00395337,-0.05088190,-0.00239824,-0.00395337,-9883.8276,2500103.8841,OK,0.0000,395.3531,4.0000,96.0000,AG03-UNRESOLVED,ALL5_LEVELS_bet23_to_bet27,395.3531,395.3531,395.3531,395.3531,395.3531,4.000000,4.000000,4.000000,4.000000,4.000000,96.000000,96.000000,96.000000,96.000000,96.000000,5.0,1976.7655,1824.8244,7907.0621,8059.0032,PENDING_AG03,FALSE,NOT_FOR_ENFORCEMENT,9488.4745,2189415.6736,9883.8276,9488.4745,395.3531,0.00395337,0.00379523,395.3531,9488.4745,0.00379523,395.3531,395.3531,395.3531,395.3531,395.3531,9488.4745,0.00379523,1976.7655,1824.8244,7907.0621,8059.0032,0.00316269,0.00322347,0.00015813,212.5216,219.9480,0.9532,119.0823,2.3972,30121.7335,124.9277,49.0469,238.9093,36.5364,75.9244,374.9013,749.8027,789.266,1183.8989,75.8035,-1.1839,10.395423,15.593133,2.799122,29,215,300,5,0.03207536,0.00395337,0.05088190,0E-8,0.000000,0.912219,0.000000,-0.04848366,2026-03-31,2026-08-01,83,4123,1621,124,0.669355,0.205295,0.230786,0.106918,,,,,,,,GLOBAL_BASELINE_NO_ENTITY_RANKING,,,NOT_APPLICABLE_GLOBAL_BASELINE,HF9g-P5,,,,X 全窗基线 · 不参与实体赏罚,15054774,1506,A168_HF9F_20260827_0900,2026-08-27 09:00:00
2026-04-16,92755421,1490,0,239.5160962936,0E-10,0E-10,0.5000000,3,3,0.50218230000000000,0.502182300000,-0.00617253530718887,-0.00617253530718887,-0.00617253530718887,0E-17,ELIGIBLE,R03b_20260811_FULL_v1,L1_ELIGIBILITY,v2026-08-11,2026-03-21..2026-08-06,baccarat_bet02_101_all_pairs_incl_sentinel,round_win = game_pnl > 0 (decisive only),COMPATIBILITY_ONLY_NOT_PRODUCTION,2500103.8841,2280641.3266,9883.8276,11764,10369,-0.00395337,-0.05088190,-0.00239824,-0.00395337,-9883.8276,2500103.8841,OK,0.0000,395.3531,4.0000,96.0000,AG03-UNRESOLVED,ALL5_LEVELS_bet23_to_bet27,395.3531,395.3531,395.3531,395.3531,395.3531,4.000000,4.000000,4.000000,4.000000,4.000000,96.000000,96.000000,96.000000,96.000000,96.000000,5.0,1976.7655,1824.8244,7907.0621,8059.0032,PENDING_AG03,FALSE,NOT_FOR_ENFORCEMENT,9488.4745,2189415.6736,9883.8276,9488.4745,395.3531,0.00395337,0.00379523,395.3531,9488.4745,0.00379523,395.3531,395.3531,395.3531,395.3531,395.3531,9488.4745,0.00379523,1976.7655,1824.8244,7907.0621,8059.0032,0.00316269,0.00322347,0.00015813,212.5216,219.9480,0.9532,119.0823,2.3972,30121.7335,124.9277,49.0469,238.9093,36.5364,75.9244,374.9013,749.8027,789.266,1183.8989,75.8035,-1.1839,10.395423,15.593133,2.799122,29,215,300,5,0.03207536,0.00395337,0.05088190,0E-8,0.000000,0.912219,0.000000,-0.04848366,2026-03-31,2026-08-01,83,4123,1621,124,0.669355,0.205295,0.230786,0.106918,,,,,,,,GLOBAL_BASELINE_NO_ENTITY_RANKING,,,NOT_APPLICABLE_GLOBAL_BASELINE,HF9g-P5,,,,X 全窗基线 · 不参与实体赏罚,15054775,1506,A168_HF9F_20260827_0900,2026-08-27 09:00:00
2026-04-16,92755421,1507,0,316.6483984898,-81.1918970487,-81.1918970487,0.3333333,4,4,0.50665070000000000,0.506650700000,-0.6004420894325239,-0.6004420894325239,-0.6004420894325239,0E-17,ELIGIBLE,R03b_20260811_FULL_v1,L1_ELIGIBILITY,v2026-08-11,2026-03-21..2026-08-06,baccarat_bet02_101_all_pairs_incl_sentinel,round_win = game_pnl > 0 (decisive only),COMPATIBILITY_ONLY_NOT_PRODUCTION,2500103.8841,2280641.3266,9883.8276,11764,10369,-0.00395337,-0.05088190,-0.00239824,-0.00395337,-9883.8276,2500103.8841,OK,0.0000,395.3531,4.0000,96.0000,AG03-UNRESOLVED,ALL5_LEVELS_bet23_to_bet27,395.3531,395.3531,395.3531,395.3531,395.3531,4.000000,4.000000,4.000000,4.000000,4.000000,96.000000,96.000000,96.000000,96.000000,96.000000,5.0,1976.7655,1824.8244,7907.0621,8059.0032,PENDING_AG03,FALSE,NOT_FOR_ENFORCEMENT,9488.4745,2189415.6736,9883.8276,9488.4745,395.3531,0.00395337,0.00379523,395.3531,9488.4745,0.00379523,395.3531,395.3531,395.3531,395.3531,395.3531,9488.4745,0.00379523,1976.7655,1824.8244,7907.0621,8059.0032,0.00316269,0.00322347,0.00015813,212.5216,219.9480,0.9532,119.0823,2.3972,30121.7335,124.9277,49.0469,238.9093,36.5364,75.9244,374.9013,749.8027,789.266,1183.8989,75.8035,-1.1839,10.395423,15.593133,2.799122,29,215,300,5,0.03207536,0.00395337,0.05088190,0E-8,0.000000,0.912219,0.000000,-0.04848366,2026-03-31,2026-08-01,83,4123,1621,124,0.669355,0.205295,0.230786,0.106918,,,,,,,,GLOBAL_BASELINE_NO_ENTITY_RANKING,,,NOT_APPLICABLE_GLOBAL_BASELINE,HF9g-P5,,,,X 全窗基线 · 不参与实体赏罚,15054776,1506,A168_HF9F_20260827_0900,2026-08-27 09:00:00
2026-04-16,92755421,1623,0,162.3837940974,-162.3837940974,-162.3837940974,0E-7,2,2,0.50665070000000000,0.506650700000,-1.4331513700195317,-1.4331513700195317,-1.4331513700195317,0E-17,ELIGIBLE,R03b_20260811_FULL_v1,L1_ELIGIBILITY,v2026-08-11,2026-03-21..2026-08-06,baccarat_bet02_101_all_pairs_incl_sentinel,round_win = game_pnl > 0 (decisive only),COMPATIBILITY_ONLY_NOT_PRODUCTION,2500103.8841,2280641.3266,9883.8276,11764,10369,-0.00395337,-0.05088190,-0.00239824,-0.00395337,-9883.8276,2500103.8841,OK,0.0000,395.3531,4.0000,96.0000,AG03-UNRESOLVED,ALL5_LEVELS_bet23_to_bet27,395.3531,395.3531,395.3531,395.3531,395.3531,4.000000,4.000000,4.000000,4.000000,4.000000,96.000000,96.000000,96.000000,96.000000,96.000000,5.0,1976.7655,1824.8244,7907.0621,8059.0032,PENDING_AG03,FALSE,NOT_FOR_ENFORCEMENT,9488.4745,2189415.6736,9883.8276,9488.4745,395.3531,0.00395337,0.00379523,395.3531,9488.4745,0.00379523,395.3531,395.3531,395.3531,395.3531,395.3531,9488.4745,0.00379523,1976.7655,1824.8244,7907.0621,8059.0032,0.00316269,0.00322347,0.00015813,212.5216,219.9480,0.9532,119.0823,2.3972,30121.7335,124.9277,49.0469,238.9093,36.5364,75.9244,374.9013,749.8027,789.266,1183.8989,75.8035,-1.1839,10.395423,15.593133,2.799122,29,215,300,5,0.03207536,0.00395337,0.05088190,0E-8,0.000000,0.912219,0.000000,-0.04848366,2026-03-31,2026-08-01,83,4123,1621,124,0.669355,0.205295,0.230786,0.106918,,,,,,,,GLOBAL_BASELINE_NO_ENTITY_RANKING,,,NOT_APPLICABLE_GLOBAL_BASELINE,HF9g-P5,,,,X 全窗基线 · 不参与实体赏罚,15054777,1506,A168_HF9F_20260827_0900,2026-08-27 09:00:00
2026-04-16,92755421,1702,0,5.6834327934,-5.6834327934,-5.6834327934,0E-7,2,2,0.01883490000000000,0.018834900000,-0.19594113131146038,-0.19594113131146038,-0.19594113131146038,0E-17,ELIGIBLE,R03b_20260811_FULL_v1,L1_ELIGIBILITY,v2026-08-11,2026-03-21..2026-08-06,baccarat_bet02_101_all_pairs_incl_sentinel,round_win = game_pnl > 0 (decisive only),COMPATIBILITY_ONLY_NOT_PRODUCTION,2500103.8841,2280641.3266,9883.8276,11764,10369,-0.00395337,-0.05088190,-0.00239824,-0.00395337,-9883.8276,2500103.8841,OK,0.0000,395.3531,4.0000,96.0000,AG03-UNRESOLVED,ALL5_LEVELS_bet23_to_bet27,395.3531,395.3531,395.3531,395.3531,395.3531,4.000000,4.000000,4.000000,4.000000,4.000000,96.000000,96.000000,96.000000,96.000000,96.000000,5.0,1976.7655,1824.8244,7907.0621,8059.0032,PENDING_AG03,FALSE,NOT_FOR_ENFORCEMENT,9488.4745,2189415.6736,9883.8276,9488.4745,395.3531,0.00395337,0.00379523,395.3531,9488.4745,0.00379523,395.3531,395.3531,395.3531,395.3531,395.3531,9488.4745,0.00379523,1976.7655,1824.8244,7907.0621,8059.0032,0.00316269,0.00322347,0.00015813,212.5216,219.9480,0.9532,119.0823,2.3972,30121.7335,124.9277,49.0469,238.9093,36.5364,75.9244,374.9013,749.8027,789.266,1183.8989,75.8035,-1.1839,10.395423,15.593133,2.799122,29,215,300,5,0.03207536,0.00395337,0.05088190,0E-8,0.000000,0.912219,0.000000,-0.04848366,2026-03-31,2026-08-01,83,4123,1621,124,0.669355,0.205295,0.230786,0.106918,,,,,,,,GLOBAL_BASELINE_NO_ENTITY_RANKING,,,NOT_APPLICABLE_GLOBAL_BASELINE,HF9g-P5,,,,X 全窗基线 · 不参与实体赏罚,15054778,1506,A168_HF9F_20260827_0900,2026-08-27 09:00:00
2026-04-16,92755421,1750,0,405.9594852435,-243.5756911461,-243.5756911461,0.2000000,5,5,0.49860758000000000,0.498607580000,-1.3354188732730328,-1.3354188732730328,-1.3354188732730328,0E-17,ELIGIBLE,R03b_20260811_FULL_v1,L1_ELIGIBILITY,v2026-08-11,2026-03-21..2026-08-06,baccarat_bet02_101_all_pairs_incl_sentinel,round_win = game_pnl > 0 (decisive only),COMPATIBILITY_ONLY_NOT_PRODUCTION,2500103.8841,2280641.3266,9883.8276,11764,10369,-0.00395337,-0.05088190,-0.00239824,-0.00395337,-9883.8276,2500103.8841,OK,0.0000,395.3531,4.0000,96.0000,AG03-UNRESOLVED,ALL5_LEVELS_bet23_to_bet27,395.3531,395.3531,395.3531,395.3531,395.3531,4.000000,4.000000,4.000000,4.000000,4.000000,96.000000,96.000000,96.000000,96.000000,96.000000,5.0,1976.7655,1824.8244,7907.0621,8059.0032,PENDING_AG03,FALSE,NOT_FOR_ENFORCEMENT,9488.4745,2189415.6736,9883.8276,9488.4745,395.3531,0.00395337,0.00379523,395.3531,9488.4745,0.00379523,395.3531,395.3531,395.3531,395.3531,395.3531,9488.4745,0.00379523,1976.7655,1824.8244,7907.0621,8059.0032,0.00316269,0.00322347,0.00015813,212.5216,219.9480,0.9532,119.0823,2.3972,30121.7335,124.9277,49.0469,238.9093,36.5364,75.9244,374.9013,749.8027,789.266,1183.8989,75.8035,-1.1839,10.395423,15.593133,2.799122,29,215,300,5,0.03207536,0.00395337,0.05088190,0E-8,0.000000,0.912219,0.000000,-0.04848366,2026-03-31,2026-08-01,83,4123,1621,124,0.669355,0.205295,0.230786,0.106918,,,,,,,,GLOBAL_BASELINE_NO_ENTITY_RANKING,,,NOT_APPLICABLE_GLOBAL_BASELINE,HF9g-P5,,,,X 全窗基线 · 不参与实体赏罚,15054779,1506,A168_HF9F_20260827_0900,2026-08-27 09:00:00
2026-04-16,92755421,1940,0,243.5756911461,81.1918970487,81.1918970487,0.6666667,3,3,0.49771390000000000,0.497713900000,0.5852756695216578,0.5852756695216578,0.5852756695216578,0E-17,ELIGIBLE,R03b_20260811_FULL_v1,L1_ELIGIBILITY,v2026-08-11,2026-03-21..2026-08-06,baccarat_bet02_101_all_pairs_incl_sentinel,round_win = game_pnl > 0 (decisive only),COMPATIBILITY_ONLY_NOT_PRODUCTION,2500103.8841,2280641.3266,9883.8276,11764,10369,-0.00395337,-0.05088190,-0.00239824,-0.00395337,-9883.8276,2500103.8841,OK,0.0000,395.3531,4.0000,96.0000,AG03-UNRESOLVED,ALL5_LEVELS_bet23_to_bet27,395.3531,395.3531,395.3531,395.3531,395.3531,4.000000,4.000000,4.000000,4.000000,4.000000,96.000000,96.000000,96.000000,96.000000,96.000000,5.0,1976.7655,1824.8244,7907.0621,8059.0032,PENDING_AG03,FALSE,NOT_FOR_ENFORCEMENT,9488.4745,2189415.6736,9883.8276,9488.4745,395.3531,0.00395337,0.00379523,395.3531,9488.4745,0.00379523,395.3531,395.3531,395.3531,395.3531,395.3531,9488.4745,0.00379523,1976.7655,1824.8244,7907.0621,8059.0032,0.00316269,0.00322347,0.00015813,212.5216,219.9480,0.9532,119.0823,2.3972,30121.7335,124.9277,49.0469,238.9093,36.5364,75.9244,374.9013,749.8027,789.266,1183.8989,75.8035,-1.1839,10.395423,15.593133,2.799122,29,215,300,5,0.03207536,0.00395337,0.05088190,0E-8,0.000000,0.912219,0.000000,-0.04848366,2026-03-31,2026-08-01,83,4123,1621,124,0.669355,0.205295,0.230786,0.106918,,,,,,,,GLOBAL_BASELINE_NO_ENTITY_RANKING,,,NOT_APPLICABLE_GLOBAL_BASELINE,HF9g-P5,,,,X 全窗基线 · 不参与实体赏罚,15054780,1506,A168_HF9F_20260827_0900,2026-08-27 09:00:00
2026-04-16,92755421,1942,0,81.1918970487,77.1323021962,77.1323021962,1.0000000,1,1,0.50665070000000000,0.506650700000,0.9867858985152569,0.9867858985152569,0.9867858985152569,0E-17,ELIGIBLE,R03b_20260811_FULL_v1,L1_ELIGIBILITY,v2026-08-11,2026-03-21..2026-08-06,baccarat_bet02_101_all_pairs_incl_sentinel,round_win = game_pnl > 0 (decisive only),COMPATIBILITY_ONLY_NOT_PRODUCTION,2500103.8841,2280641.3266,9883.8276,11764,10369,-0.00395337,-0.05088190,-0.00239824,-0.00395337,-9883.8276,2500103.8841,OK,0.0000,395.3531,4.0000,96.0000,AG03-UNRESOLVED,ALL5_LEVELS_bet23_to_bet27,395.3531,395.3531,395.3531,395.3531,395.3531,4.000000,4.000000,4.000000,4.000000,4.000000,96.000000,96.000000,96.000000,96.000000,96.000000,5.0,1976.7655,1824.8244,7907.0621,8059.0032,PENDING_AG03,FALSE,NOT_FOR_ENFORCEMENT,9488.4745,2189415.6736,9883.8276,9488.4745,395.3531,0.00395337,0.00379523,395.3531,9488.4745,0.00379523,395.3531,395.3531,395.3531,395.3531,395.3531,9488.4745,0.00379523,1976.7655,1824.8244,7907.0621,8059.0032,0.00316269,0.00322347,0.00015813,212.5216,219.9480,0.9532,119.0823,2.3972,30121.7335,124.9277,49.0469,238.9093,36.5364,75.9244,374.9013,749.8027,789.266,1183.8989,75.8035,-1.1839,10.395423,15.593133,2.799122,29,215,300,5,0.03207536,0.00395337,0.05088190,0E-8,0.000000,0.912219,0.000000,-0.04848366,2026-03-31,2026-08-01,83,4123,1621,124,0.669355,0.205295,0.230786,0.106918,,,,,,,,GLOBAL_BASELINE_NO_ENTITY_RANKING,,,NOT_APPLICABLE_GLOBAL_BASELINE,HF9g-P5,,,,X 全窗基线 · 不参与实体赏罚,15054781,1506,A168_HF9F_20260827_0900,2026-08-27 09:00:00
2026-04-16,92755421,1957,0,385.6615109812,-1E-10,-1E-10,0.5000000,5,5,0.50128862000000000,0.501288620000,-0.0051544971185412255,-0.0051544971185412255,-0.0051544971185412255,0E-17,ELIGIBLE,R03b_20260811_FULL_v1,L1_ELIGIBILITY,v2026-08-11,2026-03-21..2026-08-06,baccarat_bet02_101_all_pairs_incl_sentinel,round_win = game_pnl > 0 (decisive only),COMPATIBILITY_ONLY_NOT_PRODUCTION,2500103.8841,2280641.3266,9883.8276,11764,10369,-0.00395337,-0.05088190,-0.00239824,-0.00395337,-9883.8276,2500103.8841,OK,0.0000,395.3531,4.0000,96.0000,AG03-UNRESOLVED,ALL5_LEVELS_bet23_to_bet27,395.3531,395.3531,395.3531,395.3531,395.3531,4.000000,4.000000,4.000000,4.000000,4.000000,96.000000,96.000000,96.000000,96.000000,96.000000,5.0,1976.7655,1824.8244,7907.0621,8059.0032,PENDING_AG03,FALSE,NOT_FOR_ENFORCEMENT,9488.4745,2189415.6736,9883.8276,9488.4745,395.3531,0.00395337,0.00379523,395.3531,9488.4745,0.00379523,395.3531,395.3531,395.3531,395.3531,395.3531,9488.4745,0.00379523,1976.7655,1824.8244,7907.0621,8059.0032,0.00316269,0.00322347,0.00015813,212.5216,219.9480,0.9532,119.0823,2.3972,30121.7335,124.9277,49.0469,238.9093,36.5364,75.9244,374.9013,749.8027,789.266,1183.8989,75.8035,-1.1839,10.395423,15.593133,2.799122,29,215,300,5,0.03207536,0.00395337,0.05088190,0E-8,0.000000,0.912219,0.000000,-0.04848366,2026-03-31,2026-08-01,83,4123,1621,124,0.669355,0.205295,0.230786,0.106918,,,,,,,,GLOBAL_BASELINE_NO_ENTITY_RANKING,,,NOT_APPLICABLE_GLOBAL_BASELINE,HF9g-P5,,,,X 全窗基线 · 不参与实体赏罚,15054782,1506,A168_HF9F_20260827_0900,2026-08-27 09:00:00
2026-04-16,92755421,1966,0,158.3241992449,0E-10,0E-10,0.5000000,2,2,0.49994810000000000,0.499948100000,0.00014679536856514622,0.00014679536856514622,0.00014679536856514622,0E-17,ELIGIBLE,R03b_20260811_FULL_v1,L1_ELIGIBILITY,v2026-08-11,2026-03-21..2026-08-06,baccarat_bet02_101_all_pairs_incl_sentinel,round_win = game_pnl > 0 (decisive only),COMPATIBILITY_ONLY_NOT_PRODUCTION,2500103.8841,2280641.3266,9883.8276,11764,10369,-0.00395337,-0.05088190,-0.00239824,-0.00395337,-9883.8276,2500103.8841,OK,0.0000,395.3531,4.0000,96.0000,AG03-UNRESOLVED,ALL5_LEVELS_bet23_to_bet27,395.3531,395.3531,395.3531,395.3531,395.3531,4.000000,4.000000,4.000000,4.000000,4.000000,96.000000,96.000000,96.000000,96.000000,96.000000,5.0,1976.7655,1824.8244,7907.0621,8059.0032,PENDING_AG03,FALSE,NOT_FOR_ENFORCEMENT,9488.4745,2189415.6736,9883.8276,9488.4745,395.3531,0.00395337,0.00379523,395.3531,9488.4745,0.00379523,395.3531,395.3531,395.3531,395.3531,395.3531,9488.4745,0.00379523,1976.7655,1824.8244,7907.0621,8059.0032,0.00316269,0.00322347,0.00015813,212.5216,219.9480,0.9532,119.0823,2.3972,30121.7335,124.9277,49.0469,238.9093,36.5364,75.9244,374.9013,749.8027,789.266,1183.8989,75.8035,-1.1839,10.395423,15.593133,2.799122,29,215,300,5,0.03207536,0.00395337,0.05088190,0E-8,0.000000,0.912219,0.000000,-0.04848366,2026-03-31,2026-08-01,83,4123,1621,124,0.669355,0.205295,0.230786,0.106918,,,,,,,,GLOBAL_BASELINE_NO_ENTITY_RANKING,,,NOT_APPLICABLE_GLOBAL_BASELINE,HF9g-P5,,,,X 全窗基线 · 不参与实体赏罚,15054783,1506,A168_HF9F_20260827_0900,2026-08-27 09:00:00
2026-04-16,92755421,1985,0,81.1918970487,-81.1918970487,-81.1918970487,0E-7,1,1,0.50665070000000000,0.506650700000,-1.013391052207602,-1.013391052207602,-1.013391052207602,0E-17,ELIGIBLE,R03b_20260811_FULL_v1,L1_ELIGIBILITY,v2026-08-11,2026-03-21..2026-08-06,baccarat_bet02_101_all_pairs_incl_sentinel,round_win = game_pnl > 0 (decisive only),COMPATIBILITY_ONLY_NOT_PRODUCTION,2500103.8841,2280641.3266,9883.8276,11764,10369,-0.00395337,-0.05088190,-0.00239824,-0.00395337,-9883.8276,2500103.8841,OK,0.0000,395.3531,4.0000,96.0000,AG03-UNRESOLVED,ALL5_LEVELS_bet23_to_bet27,395.3531,395.3531,395.3531,395.3531,395.3531,4.000000,4.000000,4.000000,4.000000,4.000000,96.000000,96.000000,96.000000,96.000000,96.000000,5.0,1976.7655,1824.8244,7907.0621,8059.0032,PENDING_AG03,FALSE,NOT_FOR_ENFORCEMENT,9488.4745,2189415.6736,9883.8276,9488.4745,395.3531,0.00395337,0.00379523,395.3531,9488.4745,0.00379523,395.3531,395.3531,395.3531,395.3531,395.3531,9488.4745,0.00379523,1976.7655,1824.8244,7907.0621,8059.0032,0.00316269,0.00322347,0.00015813,212.5216,219.9480,0.9532,119.0823,2.3972,30121.7335,124.9277,49.0469,238.9093,36.5364,75.9244,374.9013,749.8027,789.266,1183.8989,75.8035,-1.1839,10.395423,15.593133,2.799122,29,215,300,5,0.03207536,0.00395337,0.05088190,0E-8,0.000000,0.912219,0.000000,-0.04848366,2026-03-31,2026-08-01,83,4123,1621,124,0.669355,0.205295,0.230786,0.106918,,,,,,,,GLOBAL_BASELINE_NO_ENTITY_RANKING,,,NOT_APPLICABLE_GLOBAL_BASELINE,HF9g-P5,,,,X 全窗基线 · 不参与实体赏罚,15054784,1506,A168_HF9F_20260827_0900,2026-08-27 09:00:00
2026-04-16,92755421,2065,0,243.5756911461,-81.1918970487,-81.1918970487,0E-7,3,3,0.49324550000000000,0.493245500000,-0.9865810262130424,-0.9865810262130424,-0.9865810262130424,0E-17,ELIGIBLE,R03b_20260811_FULL_v1,L1_ELIGIBILITY,v2026-08-11,2026-03-21..2026-08-06,baccarat_bet02_101_all_pairs_incl_sentinel,round_win = game_pnl > 0 (decisive only),COMPATIBILITY_ONLY_NOT_PRODUCTION,2500103.8841,2280641.3266,9883.8276,11764,10369,-0.00395337,-0.05088190,-0.00239824,-0.00395337,-9883.8276,2500103.8841,OK,0.0000,395.3531,4.0000,96.0000,AG03-UNRESOLVED,ALL5_LEVELS_bet23_to_bet27,395.3531,395.3531,395.3531,395.3531,395.3531,4.000000,4.000000,4.000000,4.000000,4.000000,96.000000,96.000000,96.000000,96.000000,96.000000,5.0,1976.7655,1824.8244,7907.0621,8059.0032,PENDING_AG03,FALSE,NOT_FOR_ENFORCEMENT,9488.4745,2189415.6736,9883.8276,9488.4745,395.3531,0.00395337,0.00379523,395.3531,9488.4745,0.00379523,395.3531,395.3531,395.3531,395.3531,395.3531,9488.4745,0.00379523,1976.7655,1824.8244,7907.0621,8059.0032,0.00316269,0.00322347,0.00015813,212.5216,219.9480,0.9532,119.0823,2.3972,30121.7335,124.9277,49.0469,238.9093,36.5364,75.9244,374.9013,749.8027,789.266,1183.8989,75.8035,-1.1839,10.395423,15.593133,2.799122,29,215,300,5,0.03207536,0.00395337,0.05088190,0E-8,0.000000,0.912219,0.000000,-0.04848366,2026-03-31,2026-08-01,83,4123,1621,124,0.669355,0.205295,0.230786,0.106918,,,,,,,,GLOBAL_BASELINE_NO_ENTITY_RANKING,,,NOT_APPLICABLE_GLOBAL_BASELINE,HF9g-P5,,,,X 全窗基线 · 不参与实体赏罚,15054785,1506,A168_HF9F_20260827_0900,2026-08-27 09:00:00
2026-04-16,92755421,2106,0,81.1918970487,-81.1918970487,-81.1918970487,0E-7,1,1,0.50665070000000000,0.506650700000,-1.013391052207602,-1.013391052207602,-1.013391052207602,0E-17,ELIGIBLE,R03b_20260811_FULL_v1,L1_ELIGIBILITY,v2026-08-11,2026-03-21..2026-08-06,baccarat_bet02_101_all_pairs_incl_sentinel,round_win = game_pnl > 0 (decisive only),COMPATIBILITY_ONLY_NOT_PRODUCTION,2500103.8841,2280641.3266,9883.8276,11764,10369,-0.00395337,-0.05088190,-0.00239824,-0.00395337,-9883.8276,2500103.8841,OK,0.0000,395.3531,4.0000,96.0000,AG03-UNRESOLVED,ALL5_LEVELS_bet23_to_bet27,395.3531,395.3531,395.3531,395.3531,395.3531,4.000000,4.000000,4.000000,4.000000,4.000000,96.000000,96.000000,96.000000,96.000000,96.000000,5.0,1976.7655,1824.8244,7907.0621,8059.0032,PENDING_AG03,FALSE,NOT_FOR_ENFORCEMENT,9488.4745,2189415.6736,9883.8276,9488.4745,395.3531,0.00395337,0.00379523,395.3531,9488.4745,0.00379523,395.3531,395.3531,395.3531,395.3531,395.3531,9488.4745,0.00379523,1976.7655,1824.8244,7907.0621,8059.0032,0.00316269,0.00322347,0.00015813,212.5216,219.9480,0.9532,119.0823,2.3972,30121.7335,124.9277,49.0469,238.9093,36.5364,75.9244,374.9013,749.8027,789.266,1183.8989,75.8035,-1.1839,10.395423,15.593133,2.799122,29,215,300,5,0.03207536,0.00395337,0.05088190,0E-8,0.000000,0.912219,0.000000,-0.04848366,2026-03-31,2026-08-01,83,4123,1621,124,0.669355,0.205295,0.230786,0.106918,,,,,,,,GLOBAL_BASELINE_NO_ENTITY_RANKING,,,NOT_APPLICABLE_GLOBAL_BASELINE,HF9g-P5,,,,X 全窗基线 · 不参与实体赏罚,15054786,1506,A168_HF9F_20260827_0900,2026-08-27 09:00:00
2026-04-16,92755421,2108,0,474.9725977348,81.1918970486,81.1918970486,0.6000000,6,6,0.50218230000000000,0.502182300000,0.4374582199563857,0.4374582199563857,0.4374582199563857,0E-17,ELIGIBLE,R03b_20260811_FULL_v1,L1_ELIGIBILITY,v2026-08-11,2026-03-21..2026-08-06,baccarat_bet02_101_all_pairs_incl_sentinel,round_win = game_pnl > 0 (decisive only),COMPATIBILITY_ONLY_NOT_PRODUCTION,2500103.8841,2280641.3266,9883.8276,11764,10369,-0.00395337,-0.05088190,-0.00239824,-0.00395337,-9883.8276,2500103.8841,OK,0.0000,395.3531,4.0000,96.0000,AG03-UNRESOLVED,ALL5_LEVELS_bet23_to_bet27,395.3531,395.3531,395.3531,395.3531,395.3531,4.000000,4.000000,4.000000,4.000000,4.000000,96.000000,96.000000,96.000000,96.000000,96.000000,5.0,1976.7655,1824.8244,7907.0621,8059.0032,PENDING_AG03,FALSE,NOT_FOR_ENFORCEMENT,9488.4745,2189415.6736,9883.8276,9488.4745,395.3531,0.00395337,0.00379523,395.3531,9488.4745,0.00379523,395.3531,395.3531,395.3531,395.3531,395.3531,9488.4745,0.00379523,1976.7655,1824.8244,7907.0621,8059.0032,0.00316269,0.00322347,0.00015813,212.5216,219.9480,0.9532,119.0823,2.3972,30121.7335,124.9277,49.0469,238.9093,36.5364,75.9244,374.9013,749.8027,789.266,1183.8989,75.8035,-1.1839,10.395423,15.593133,2.799122,29,215,300,5,0.03207536,0.00395337,0.05088190,0E-8,0.000000,0.912219,0.000000,-0.04848366,2026-03-31,2026-08-01,83,4123,1621,124,0.669355,0.205295,0.230786,0.106918,,,,,,,,GLOBAL_BASELINE_NO_ENTITY_RANKING,,,NOT_APPLICABLE_GLOBAL_BASELINE,HF9g-P5,,,,X 全窗基线 · 不参与实体赏罚,15054787,1506,A168_HF9F_20260827_0900,2026-08-27 09:00:00
2026-04-16,92755421,2130,0,81.1918970487,-81.1918970487,-81.1918970487,0E-7,1,1,0.49324550000000000,0.493245500000,-0.9865810262130424,-0.9865810262130424,-0.9865810262130424,0E-17,ELIGIBLE,R03b_20260811_FULL_v1,L1_ELIGIBILITY,v2026-08-11,2026-03-21..2026-08-06,baccarat_bet02_101_all_pairs_incl_sentinel,round_win = game_pnl > 0 (decisive only),COMPATIBILITY_ONLY_NOT_PRODUCTION,2500103.8841,2280641.3266,9883.8276,11764,10369,-0.00395337,-0.05088190,-0.00239824,-0.00395337,-9883.8276,2500103.8841,OK,0.0000,395.3531,4.0000,96.0000,AG03-UNRESOLVED,ALL5_LEVELS_bet23_to_bet27,395.3531,395.3531,395.3531,395.3531,395.3531,4.000000,4.000000,4.000000,4.000000,4.000000,96.000000,96.000000,96.000000,96.000000,96.000000,5.0,1976.7655,1824.8244,7907.0621,8059.0032,PENDING_AG03,FALSE,NOT_FOR_ENFORCEMENT,9488.4745,2189415.6736,9883.8276,9488.4745,395.3531,0.00395337,0.00379523,395.3531,9488.4745,0.00379523,395.3531,395.3531,395.3531,395.3531,395.3531,9488.4745,0.00379523,1976.7655,1824.8244,7907.0621,8059.0032,0.00316269,0.00322347,0.00015813,212.5216,219.9480,0.9532,119.0823,2.3972,30121.7335,124.9277,49.0469,238.9093,36.5364,75.9244,374.9013,749.8027,789.266,1183.8989,75.8035,-1.1839,10.395423,15.593133,2.799122,29,215,300,5,0.03207536,0.00395337,0.05088190,0E-8,0.000000,0.912219,0.000000,-0.04848366,2026-03-31,2026-08-01,83,4123,1621,124,0.669355,0.205295,0.230786,0.106918,,,,,,,,GLOBAL_BASELINE_NO_ENTITY_RANKING,,,NOT_APPLICABLE_GLOBAL_BASELINE,HF9g-P5,,,,X 全窗基线 · 不参与实体赏罚,15054788,1506,A168_HF9F_20260827_0900,2026-08-27 09:00:00
2026-04-16,92755421,2134,0,81.1918970487,-81.1918970487,-81.1918970487,0E-7,1,1,0.50665070000000000,0.506650700000,-1.013391052207602,-1.013391052207602,-1.013391052207602,0E-17,ELIGIBLE,R03b_20260811_FULL_v1,L1_ELIGIBILITY,v2026-08-11,2026-03-21..2026-08-06,baccarat_bet02_101_all_pairs_incl_sentinel,round_win = game_pnl > 0 (decisive only),COMPATIBILITY_ONLY_NOT_PRODUCTION,2500103.8841,2280641.3266,9883.8276,11764,10369,-0.00395337,-0.05088190,-0.00239824,-0.00395337,-9883.8276,2500103.8841,OK,0.0000,395.3531,4.0000,96.0000,AG03-UNRESOLVED,ALL5_LEVELS_bet23_to_bet27,395.3531,395.3531,395.3531,395.3531,395.3531,4.000000,4.000000,4.000000,4.000000,4.000000,96.000000,96.000000,96.000000,96.000000,96.000000,5.0,1976.7655,1824.8244,7907.0621,8059.0032,PENDING_AG03,FALSE,NOT_FOR_ENFORCEMENT,9488.4745,2189415.6736,9883.8276,9488.4745,395.3531,0.00395337,0.00379523,395.3531,9488.4745,0.00379523,395.3531,395.3531,395.3531,395.3531,395.3531,9488.4745,0.00379523,1976.7655,1824.8244,7907.0621,8059.0032,0.00316269,0.00322347,0.00015813,212.5216,219.9480,0.9532,119.0823,2.3972,30121.7335,124.9277,49.0469,238.9093,36.5364,75.9244,374.9013,749.8027,789.266,1183.8989,75.8035,-1.1839,10.395423,15.593133,2.799122,29,215,300,5,0.03207536,0.00395337,0.05088190,0E-8,0.000000,0.912219,0.000000,-0.04848366,2026-03-31,2026-08-01,83,4123,1621,124,0.669355,0.205295,0.230786,0.106918,,,,,,,,GLOBAL_BASELINE_NO_ENTITY_RANKING,,,NOT_APPLICABLE_GLOBAL_BASELINE,HF9g-P5,,,,X 全窗基线 · 不参与实体赏罚,15054789,1506,A168_HF9F_20260827_0900,2026-08-27 09:00:00
2026-04-16,92755421,2145,0,399.0581739941,-104.7375471928,-104.7375471928,0.5000000,9,7,0.49423342787533439,0.435047700000,0.028252197563919158,0.32091929575115474,0.028252197563919158,0.05918572787533439,ELIGIBLE,R03b_20260811_FULL_v1,L1_ELIGIBILITY,v2026-08-11,2026-03-21..2026-08-06,baccarat_bet02_101_all_pairs_incl_sentinel,round_win = game_pnl > 0 (decisive only),COMPATIBILITY_ONLY_NOT_PRODUCTION,2500103.8841,2280641.3266,9883.8276,11764,10369,-0.00395337,-0.05088190,-0.00239824,-0.00395337,-9883.8276,2500103.8841,OK,0.0000,395.3531,4.0000,96.0000,AG03-UNRESOLVED,ALL5_LEVELS_bet23_to_bet27,395.3531,395.3531,395.3531,395.3531,395.3531,4.000000,4.000000,4.000000,4.000000,4.000000,96.000000,96.000000,96.000000,96.000000,96.000000,5.0,1976.7655,1824.8244,7907.0621,8059.0032,PENDING_AG03,FALSE,NOT_FOR_ENFORCEMENT,9488.4745,2189415.6736,9883.8276,9488.4745,395.3531,0.00395337,0.00379523,395.3531,9488.4745,0.00379523,395.3531,395.3531,395.3531,395.3531,395.3531,9488.4745,0.00379523,1976.7655,1824.8244,7907.0621,8059.0032,0.00316269,0.00322347,0.00015813,212.5216,219.9480,0.9532,119.0823,2.3972,30121.7335,124.9277,49.0469,238.9093,36.5364,75.9244,374.9013,749.8027,789.266,1183.8989,75.8035,-1.1839,10.395423,15.593133,2.799122,29,215,300,5,0.03207536,0.00395337,0.05088190,0E-8,0.000000,0.912219,0.000000,-0.04848366,2026-03-31,2026-08-01,83,4123,1621,124,0.669355,0.205295,0.230786,0.106918,,,,,,,,GLOBAL_BASELINE_NO_ENTITY_RANKING,,,NOT_APPLICABLE_GLOBAL_BASELINE,HF9g-P5,,,,X 全窗基线 · 不参与实体赏罚,15054790,1506,A168_HF9F_20260827_0900,2026-08-27 09:00:00
2026-04-16,92755421,2167,0,386.0674704664,222.8717573986,222.8717573986,0.8000000,6,5,0.50079185497387452,0.453847560000,1.3381011814717911,1.5546780174518762,1.3381011814717911,0.04694429497387452,ELIGIBLE,R03b_20260811_FULL_v1,L1_ELIGIBILITY,v2026-08-11,2026-03-21..2026-08-06,baccarat_bet02_101_all_pairs_incl_sentinel,round_win = game_pnl > 0 (decisive only),COMPATIBILITY_ONLY_NOT_PRODUCTION,2500103.8841,2280641.3266,9883.8276,11764,10369,-0.00395337,-0.05088190,-0.00239824,-0.00395337,-9883.8276,2500103.8841,OK,0.0000,395.3531,4.0000,96.0000,AG03-UNRESOLVED,ALL5_LEVELS_bet23_to_bet27,395.3531,395.3531,395.3531,395.3531,395.3531,4.000000,4.000000,4.000000,4.000000,4.000000,96.000000,96.000000,96.000000,96.000000,96.000000,5.0,1976.7655,1824.8244,7907.0621,8059.0032,PENDING_AG03,FALSE,NOT_FOR_ENFORCEMENT,9488.4745,2189415.6736,9883.8276,9488.4745,395.3531,0.00395337,0.00379523,395.3531,9488.4745,0.00379523,395.3531,395.3531,395.3531,395.3531,395.3531,9488.4745,0.00379523,1976.7655,1824.8244,7907.0621,8059.0032,0.00316269,0.00322347,0.00015813,212.5216,219.9480,0.9532,119.0823,2.3972,30121.7335,124.9277,49.0469,238.9093,36.5364,75.9244,374.9013,749.8027,789.266,1183.8989,75.8035,-1.1839,10.395423,15.593133,2.799122,29,215,300,5,0.03207536,0.00395337,0.05088190,0E-8,0.000000,0.912219,0.000000,-0.04848366,2026-03-31,2026-08-01,83,4123,1621,124,0.669355,0.205295,0.230786,0.106918,,,,,,,,GLOBAL_BASELINE_NO_ENTITY_RANKING,,,NOT_APPLICABLE_GLOBAL_BASELINE,HF9g-P5,,,,X 全窗基线 · 不参与实体赏罚,15054791,1506,A168_HF9F_20260827_0900,2026-08-27 09:00:00
2026-04-16,92755421,2191,0,243.5756911461,-81.1918970487,-81.1918970487,0.3333333,3,3,0.49771390000000000,0.497713900000,-0.5694369385616226,-0.5694369385616226,-0.5694369385616226,0E-17,ELIGIBLE,R03b_20260811_FULL_v1,L1_ELIGIBILITY,v2026-08-11,2026-03-21..2026-08-06,baccarat_bet02_101_all_pairs_incl_sentinel,round_win = game_pnl > 0 (decisive only),COMPATIBILITY_ONLY_NOT_PRODUCTION,2500103.8841,2280641.3266,9883.8276,11764,10369,-0.00395337,-0.05088190,-0.00239824,-0.00395337,-9883.8276,2500103.8841,OK,0.0000,395.3531,4.0000,96.0000,AG03-UNRESOLVED,ALL5_LEVELS_bet23_to_bet27,395.3531,395.3531,395.3531,395.3531,395.3531,4.000000,4.000000,4.000000,4.000000,4.000000,96.000000,96.000000,96.000000,96.000000,96.000000,5.0,1976.7655,1824.8244,7907.0621,8059.0032,PENDING_AG03,FALSE,NOT_FOR_ENFORCEMENT,9488.4745,2189415.6736,9883.8276,9488.4745,395.3531,0.00395337,0.00379523,395.3531,9488.4745,0.00379523,395.3531,395.3531,395.3531,395.3531,395.3531,9488.4745,0.00379523,1976.7655,1824.8244,7907.0621,8059.0032,0.00316269,0.00322347,0.00015813,212.5216,219.9480,0.9532,119.0823,2.3972,30121.7335,124.9277,49.0469,238.9093,36.5364,75.9244,374.9013,749.8027,789.266,1183.8989,75.8035,-1.1839,10.395423,15.593133,2.799122,29,215,300,5,0.03207536,0.00395337,0.05088190,0E-8,0.000000,0.912219,0.000000,-0.04848366,2026-03-31,2026-08-01,83,4123,1621,124,0.669355,0.205295,0.230786,0.106918,,,,,,,,GLOBAL_BASELINE_NO_ENTITY_RANKING,,,NOT_APPLICABLE_GLOBAL_BASELINE,HF9g-P5,,,,X 全窗基线 · 不参与实体赏罚,15054792,1506,A168_HF9F_20260827_0900,2026-08-27 09:00:00
2026-04-16,92755421,2196,0,239.5160962936,-81.1918970487,-81.1918970487,0.3333333,3,3,0.50218230000000000,0.502182300000,-0.5849155494134425,-0.5849155494134426,-0.5849155494134425,0E-17,ELIGIBLE,R03b_20260811_FULL_v1,L1_ELIGIBILITY,v2026-08-11,2026-03-21..2026-08-06,baccarat_bet02_101_all_pairs_incl_sentinel,round_win = game_pnl > 0 (decisive only),COMPATIBILITY_ONLY_NOT_PRODUCTION,2500103.8841,2280641.3266,9883.8276,11764,10369,-0.00395337,-0.05088190,-0.00239824,-0.00395337,-9883.8276,2500103.8841,OK,0.0000,395.3531,4.0000,96.0000,AG03-UNRESOLVED,ALL5_LEVELS_bet23_to_bet27,395.3531,395.3531,395.3531,395.3531,395.3531,4.000000,4.000000,4.000000,4.000000,4.000000,96.000000,96.000000,96.000000,96.000000,96.000000,5.0,1976.7655,1824.8244,7907.0621,8059.0032,PENDING_AG03,FALSE,NOT_FOR_ENFORCEMENT,9488.4745,2189415.6736,9883.8276,9488.4745,395.3531,0.00395337,0.00379523,395.3531,9488.4745,0.00379523,395.3531,395.3531,395.3531,395.3531,395.3531,9488.4745,0.00379523,1976.7655,1824.8244,7907.0621,8059.0032,0.00316269,0.00322347,0.00015813,212.5216,219.9480,0.9532,119.0823,2.3972,30121.7335,124.9277,49.0469,238.9093,36.5364,75.9244,374.9013,749.8027,789.266,1183.8989,75.8035,-1.1839,10.395423,15.593133,2.799122,29,215,300,5,0.03207536,0.00395337,0.05088190,0E-8,0.000000,0.912219,0.000000,-0.04848366,2026-03-31,2026-08-01,83,4123,1621,124,0.669355,0.205295,0.230786,0.106918,,,,,,,,GLOBAL_BASELINE_NO_ENTITY_RANKING,,,NOT_APPLICABLE_GLOBAL_BASELINE,HF9g-P5,,,,X 全窗基线 · 不参与实体赏罚,15054793,1506,A168_HF9F_20260827_0900,2026-08-27 09:00:00
2026-04-16,92755421,2205,0,162.3837940974,0E-10,0E-10,0.5000000,2,2,0.49324550000000000,0.493245500000,0.01910635448239258,0.01910635448239258,0.01910635448239258,0E-17,ELIGIBLE,R03b_20260811_FULL_v1,L1_ELIGIBILITY,v2026-08-11,2026-03-21..2026-08-06,baccarat_bet02_101_all_pairs_incl_sentinel,round_win = game_pnl > 0 (decisive only),COMPATIBILITY_ONLY_NOT_PRODUCTION,2500103.8841,2280641.3266,9883.8276,11764,10369,-0.00395337,-0.05088190,-0.00239824,-0.00395337,-9883.8276,2500103.8841,OK,0.0000,395.3531,4.0000,96.0000,AG03-UNRESOLVED,ALL5_LEVELS_bet23_to_bet27,395.3531,395.3531,395.3531,395.3531,395.3531,4.000000,4.000000,4.000000,4.000000,4.000000,96.000000,96.000000,96.000000,96.000000,96.000000,5.0,1976.7655,1824.8244,7907.0621,8059.0032,PENDING_AG03,FALSE,NOT_FOR_ENFORCEMENT,9488.4745,2189415.6736,9883.8276,9488.4745,395.3531,0.00395337,0.00379523,395.3531,9488.4745,0.00379523,395.3531,395.3531,395.3531,395.3531,395.3531,9488.4745,0.00379523,1976.7655,1824.8244,7907.0621,8059.0032,0.00316269,0.00322347,0.00015813,212.5216,219.9480,0.9532,119.0823,2.3972,30121.7335,124.9277,49.0469,238.9093,36.5364,75.9244,374.9013,749.8027,789.266,1183.8989,75.8035,-1.1839,10.395423,15.593133,2.799122,29,215,300,5,0.03207536,0.00395337,0.05088190,0E-8,0.000000,0.912219,0.000000,-0.04848366,2026-03-31,2026-08-01,83,4123,1621,124,0.669355,0.205295,0.230786,0.106918,,,,,,,,GLOBAL_BASELINE_NO_ENTITY_RANKING,,,NOT_APPLICABLE_GLOBAL_BASELINE,HF9g-P5,,,,X 全窗基线 · 不参与实体赏罚,15054794,1506,A168_HF9F_20260827_0900,2026-08-27 09:00:00
2026-04-16,92755421,2212,0,162.3837940974,0E-10,0E-10,0.5000000,2,2,0.49994810000000000,0.499948100000,0.00014679536856514622,0.00014679536856514622,0.00014679536856514622,0E-17,ELIGIBLE,R03b_20260811_FULL_v1,L1_ELIGIBILITY,v2026-08-11,2026-03-21..2026-08-06,baccarat_bet02_101_all_pairs_incl_sentinel,round_win = game_pnl > 0 (decisive only),COMPATIBILITY_ONLY_NOT_PRODUCTION,2500103.8841,2280641.3266,9883.8276,11764,10369,-0.00395337,-0.05088190,-0.00239824,-0.00395337,-9883.8276,2500103.8841,OK,0.0000,395.3531,4.0000,96.0000,AG03-UNRESOLVED,ALL5_LEVELS_bet23_to_bet27,395.3531,395.3531,395.3531,395.3531,395.3531,4.000000,4.000000,4.000000,4.000000,4.000000,96.000000,96.000000,96.000000,96.000000,96.000000,5.0,1976.7655,1824.8244,7907.0621,8059.0032,PENDING_AG03,FALSE,NOT_FOR_ENFORCEMENT,9488.4745,2189415.6736,9883.8276,9488.4745,395.3531,0.00395337,0.00379523,395.3531,9488.4745,0.00379523,395.3531,395.3531,395.3531,395.3531,395.3531,9488.4745,0.00379523,1976.7655,1824.8244,7907.0621,8059.0032,0.00316269,0.00322347,0.00015813,212.5216,219.9480,0.9532,119.0823,2.3972,30121.7335,124.9277,49.0469,238.9093,36.5364,75.9244,374.9013,749.8027,789.266,1183.8989,75.8035,-1.1839,10.395423,15.593133,2.799122,29,215,300,5,0.03207536,0.00395337,0.05088190,0E-8,0.000000,0.912219,0.000000,-0.04848366,2026-03-31,2026-08-01,83,4123,1621,124,0.669355,0.205295,0.230786,0.106918,,,,,,,,GLOBAL_BASELINE_NO_ENTITY_RANKING,,,NOT_APPLICABLE_GLOBAL_BASELINE,HF9g-P5,,,,X 全窗基线 · 不参与实体赏罚,15054795,1506,A168_HF9F_20260827_0900,2026-08-27 09:00:00
2026-04-16,92755421,2218,0,63.7356391832,-63.7356391832,-63.7356391832,0E-7,2,2,0.25604020000000000,0.256040200000,-0.8296489009604027,-0.8296489009604027,-0.8296489009604027,0E-17,ELIGIBLE,R03b_20260811_FULL_v1,L1_ELIGIBILITY,v2026-08-11,2026-03-21..2026-08-06,baccarat_bet02_101_all_pairs_incl_sentinel,round_win = game_pnl > 0 (decisive only),COMPATIBILITY_ONLY_NOT_PRODUCTION,2500103.8841,2280641.3266,9883.8276,11764,10369,-0.00395337,-0.05088190,-0.00239824,-0.00395337,-9883.8276,2500103.8841,OK,0.0000,395.3531,4.0000,96.0000,AG03-UNRESOLVED,ALL5_LEVELS_bet23_to_bet27,395.3531,395.3531,395.3531,395.3531,395.3531,4.000000,4.000000,4.000000,4.000000,4.000000,96.000000,96.000000,96.000000,96.000000,96.000000,5.0,1976.7655,1824.8244,7907.0621,8059.0032,PENDING_AG03,FALSE,NOT_FOR_ENFORCEMENT,9488.4745,2189415.6736,9883.8276,9488.4745,395.3531,0.00395337,0.00379523,395.3531,9488.4745,0.00379523,395.3531,395.3531,395.3531,395.3531,395.3531,9488.4745,0.00379523,1976.7655,1824.8244,7907.0621,8059.0032,0.00316269,0.00322347,0.00015813,212.5216,219.9480,0.9532,119.0823,2.3972,30121.7335,124.9277,49.0469,238.9093,36.5364,75.9244,374.9013,749.8027,789.266,1183.8989,75.8035,-1.1839,10.395423,15.593133,2.799122,29,215,300,5,0.03207536,0.00395337,0.05088190,0E-8,0.000000,0.912219,0.000000,-0.04848366,2026-03-31,2026-08-01,83,4123,1621,124,0.669355,0.205295,0.230786,0.106918,,,,,,,,GLOBAL_BASELINE_NO_ENTITY_RANKING,,,NOT_APPLICABLE_GLOBAL_BASELINE,HF9g-P5,,,,X 全窗基线 · 不参与实体赏罚,15054796,1506,A168_HF9F_20260827_0900,2026-08-27 09:00:00
2026-04-16,92755421,2220,0,414.0786749482,203.3857021069,203.3857021069,0.8000000,5,5,0.50128862000000000,0.501288620000,1.335882339249048,1.335882339249048,1.335882339249048,0E-17,ELIGIBLE,R03b_20260811_FULL_v1,L1_ELIGIBILITY,v2026-08-11,2026-03-21..2026-08-06,baccarat_bet02_101_all_pairs_incl_sentinel,round_win = game_pnl > 0 (decisive only),COMPATIBILITY_ONLY_NOT_PRODUCTION,2500103.8841,2280641.3266,9883.8276,11764,10369,-0.00395337,-0.05088190,-0.00239824,-0.00395337,-9883.8276,2500103.8841,OK,0.0000,395.3531,4.0000,96.0000,AG03-UNRESOLVED,ALL5_LEVELS_bet23_to_bet27,395.3531,395.3531,395.3531,395.3531,395.3531,4.000000,4.000000,4.000000,4.000000,4.000000,96.000000,96.000000,96.000000,96.000000,96.000000,5.0,1976.7655,1824.8244,7907.0621,8059.0032,PENDING_AG03,FALSE,NOT_FOR_ENFORCEMENT,9488.4745,2189415.6736,9883.8276,9488.4745,395.3531,0.00395337,0.00379523,395.3531,9488.4745,0.00379523,395.3531,395.3531,395.3531,395.3531,395.3531,9488.4745,0.00379523,1976.7655,1824.8244,7907.0621,8059.0032,0.00316269,0.00322347,0.00015813,212.5216,219.9480,0.9532,119.0823,2.3972,30121.7335,124.9277,49.0469,238.9093,36.5364,75.9244,374.9013,749.8027,789.266,1183.8989,75.8035,-1.1839,10.395423,15.593133,2.799122,29,215,300,5,0.03207536,0.00395337,0.05088190,0E-8,0.000000,0.912219,0.000000,-0.04848366,2026-03-31,2026-08-01,83,4123,1621,124,0.669355,0.205295,0.230786,0.106918,,,,,,,,GLOBAL_BASELINE_NO_ENTITY_RANKING,,,NOT_APPLICABLE_GLOBAL_BASELINE,HF9g-P5,,,,X 全窗基线 · 不参与实体赏罚,15054797,1506,A168_HF9F_20260827_0900,2026-08-27 09:00:00
2026-04-16,92755421,2222,0,610.1571063209,353.3877319044,353.3877319044,0.8571429,9,8,0.50059540332372480,0.471973087500,1.886673124468453,2.0413363404312856,1.886673124468453,0.02862231582372480,ELIGIBLE,R03b_20260811_FULL_v1,L1_ELIGIBILITY,v2026-08-11,2026-03-21..2026-08-06,baccarat_bet02_101_all_pairs_incl_sentinel,round_win = game_pnl > 0 (decisive only),COMPATIBILITY_ONLY_NOT_PRODUCTION,2500103.8841,2280641.3266,9883.8276,11764,10369,-0.00395337,-0.05088190,-0.00239824,-0.00395337,-9883.8276,2500103.8841,OK,0.0000,395.3531,4.0000,96.0000,AG03-UNRESOLVED,ALL5_LEVELS_bet23_to_bet27,395.3531,395.3531,395.3531,395.3531,395.3531,4.000000,4.000000,4.000000,4.000000,4.000000,96.000000,96.000000,96.000000,96.000000,96.000000,5.0,1976.7655,1824.8244,7907.0621,8059.0032,PENDING_AG03,FALSE,NOT_FOR_ENFORCEMENT,9488.4745,2189415.6736,9883.8276,9488.4745,395.3531,0.00395337,0.00379523,395.3531,9488.4745,0.00379523,395.3531,395.3531,395.3531,395.3531,395.3531,9488.4745,0.00379523,1976.7655,1824.8244,7907.0621,8059.0032,0.00316269,0.00322347,0.00015813,212.5216,219.9480,0.9532,119.0823,2.3972,30121.7335,124.9277,49.0469,238.9093,36.5364,75.9244,374.9013,749.8027,789.266,1183.8989,75.8035,-1.1839,10.395423,15.593133,2.799122,29,215,300,5,0.03207536,0.00395337,0.05088190,0E-8,0.000000,0.912219,0.000000,-0.04848366,2026-03-31,2026-08-01,83,4123,1621,124,0.669355,0.205295,0.230786,0.106918,,,,,,,,GLOBAL_BASELINE_NO_ENTITY_RANKING,,,NOT_APPLICABLE_GLOBAL_BASELINE,HF9g-P5,,,,X 全窗基线 · 不参与实体赏罚,15054798,1506,A168_HF9F_20260827_0900,2026-08-27 09:00:00
2026-04-16,92755421,2224,0,162.3837940974,-81.1918970487,-81.1918970487,0E-7,2,2,0.50665070000000000,0.506650700000,-1.013391052207602,-1.013391052207602,-1.013391052207602,0E-17,ELIGIBLE,R03b_20260811_FULL_v1,L1_ELIGIBILITY,v2026-08-11,2026-03-21..2026-08-06,baccarat_bet02_101_all_pairs_incl_sentinel,round_win = game_pnl > 0 (decisive only),COMPATIBILITY_ONLY_NOT_PRODUCTION,2500103.8841,2280641.3266,9883.8276,11764,10369,-0.00395337,-0.05088190,-0.00239824,-0.00395337,-9883.8276,2500103.8841,OK,0.0000,395.3531,4.0000,96.0000,AG03-UNRESOLVED,ALL5_LEVELS_bet23_to_bet27,395.3531,395.3531,395.3531,395.3531,395.3531,4.000000,4.000000,4.000000,4.000000,4.000000,96.000000,96.000000,96.000000,96.000000,96.000000,5.0,1976.7655,1824.8244,7907.0621,8059.0032,PENDING_AG03,FALSE,NOT_FOR_ENFORCEMENT,9488.4745,2189415.6736,9883.8276,9488.4745,395.3531,0.00395337,0.00379523,395.3531,9488.4745,0.00379523,395.3531,395.3531,395.3531,395.3531,395.3531,9488.4745,0.00379523,1976.7655,1824.8244,7907.0621,8059.0032,0.00316269,0.00322347,0.00015813,212.5216,219.9480,0.9532,119.0823,2.3972,30121.7335,124.9277,49.0469,238.9093,36.5364,75.9244,374.9013,749.8027,789.266,1183.8989,75.8035,-1.1839,10.395423,15.593133,2.799122,29,215,300,5,0.03207536,0.00395337,0.05088190,0E-8,0.000000,0.912219,0.000000,-0.04848366,2026-03-31,2026-08-01,83,4123,1621,124,0.669355,0.205295,0.230786,0.106918,,,,,,,,GLOBAL_BASELINE_NO_ENTITY_RANKING,,,NOT_APPLICABLE_GLOBAL_BASELINE,HF9g-P5,,,,X 全窗基线 · 不参与实体赏罚,15054799,1506,A168_HF9F_20260827_0900,2026-08-27 09:00:00
2026-04-16,92755421,2229,0,227.3373117363,81.3948767912,81.3948767912,0.6666667,3,3,0.50665070000000000,0.506650700000,0.5543606114942035,0.5543606114942035,0.5543606114942035,0E-17,ELIGIBLE,R03b_20260811_FULL_v1,L1_ELIGIBILITY,v2026-08-11,2026-03-21..2026-08-06,baccarat_bet02_101_all_pairs_incl_sentinel,round_win = game_pnl > 0 (decisive only),COMPATIBILITY_ONLY_NOT_PRODUCTION,2500103.8841,2280641.3266,9883.8276,11764,10369,-0.00395337,-0.05088190,-0.00239824,-0.00395337,-9883.8276,2500103.8841,OK,0.0000,395.3531,4.0000,96.0000,AG03-UNRESOLVED,ALL5_LEVELS_bet23_to_bet27,395.3531,395.3531,395.3531,395.3531,395.3531,4.000000,4.000000,4.000000,4.000000,4.000000,96.000000,96.000000,96.000000,96.000000,96.000000,5.0,1976.7655,1824.8244,7907.0621,8059.0032,PENDING_AG03,FALSE,NOT_FOR_ENFORCEMENT,9488.4745,2189415.6736,9883.8276,9488.4745,395.3531,0.00395337,0.00379523,395.3531,9488.4745,0.00379523,395.3531,395.3531,395.3531,395.3531,395.3531,9488.4745,0.00379523,1976.7655,1824.8244,7907.0621,8059.0032,0.00316269,0.00322347,0.00015813,212.5216,219.9480,0.9532,119.0823,2.3972,30121.7335,124.9277,49.0469,238.9093,36.5364,75.9244,374.9013,749.8027,789.266,1183.8989,75.8035,-1.1839,10.395423,15.593133,2.799122,29,215,300,5,0.03207536,0.00395337,0.05088190,0E-8,0.000000,0.912219,0.000000,-0.04848366,2026-03-31,2026-08-01,83,4123,1621,124,0.669355,0.205295,0.230786,0.106918,,,,,,,,GLOBAL_BASELINE_NO_ENTITY_RANKING,,,NOT_APPLICABLE_GLOBAL_BASELINE,HF9g-P5,,,,X 全窗基线 · 不参与实体赏罚,15054800,1506,A168_HF9F_20260827_0900,2026-08-27 09:00:00
2026-04-16,92755421,2233,0,276.0524499655,-109.6090610158,-109.6090610158,0.3333333,4,3,0.49190656904766503,0.416411266667,-0.549385780190571,-0.2918983409005622,-0.549385780190571,0.07549530238066503,ELIGIBLE,R03b_20260811_FULL_v1,L1_ELIGIBILITY,v2026-08-11,2026-03-21..2026-08-06,baccarat_bet02_101_all_pairs_incl_sentinel,round_win = game_pnl > 0 (decisive only),COMPATIBILITY_ONLY_NOT_PRODUCTION,2500103.8841,2280641.3266,9883.8276,11764,10369,-0.00395337,-0.05088190,-0.00239824,-0.00395337,-9883.8276,2500103.8841,OK,0.0000,395.3531,4.0000,96.0000,AG03-UNRESOLVED,ALL5_LEVELS_bet23_to_bet27,395.3531,395.3531,395.3531,395.3531,395.3531,4.000000,4.000000,4.000000,4.000000,4.000000,96.000000,96.000000,96.000000,96.000000,96.000000,5.0,1976.7655,1824.8244,7907.0621,8059.0032,PENDING_AG03,FALSE,NOT_FOR_ENFORCEMENT,9488.4745,2189415.6736,9883.8276,9488.4745,395.3531,0.00395337,0.00379523,395.3531,9488.4745,0.00379523,395.3531,395.3531,395.3531,395.3531,395.3531,9488.4745,0.00379523,1976.7655,1824.8244,7907.0621,8059.0032,0.00316269,0.00322347,0.00015813,212.5216,219.9480,0.9532,119.0823,2.3972,30121.7335,124.9277,49.0469,238.9093,36.5364,75.9244,374.9013,749.8027,789.266,1183.8989,75.8035,-1.1839,10.395423,15.593133,2.799122,29,215,300,5,0.03207536,0.00395337,0.05088190,0E-8,0.000000,0.912219,0.000000,-0.04848366,2026-03-31,2026-08-01,83,4123,1621,124,0.669355,0.205295,0.230786,0.106918,,,,,,,,GLOBAL_BASELINE_NO_ENTITY_RANKING,,,NOT_APPLICABLE_GLOBAL_BASELINE,HF9g-P5,,,,X 全窗基线 · 不参与实体赏罚,15054801,1506,A168_HF9F_20260827_0900,2026-08-27 09:00:00
2026-04-16,92755421,2248,0,166.4433889498,-85.2514919011,-85.2514919011,0E-7,3,2,0.48195000952390227,0.374642850000,-0.9645287150151969,-0.7740066008578275,-0.9645287150151969,0.10730715952390227,ELIGIBLE,R03b_20260811_FULL_v1,L1_ELIGIBILITY,v2026-08-11,2026-03-21..2026-08-06,baccarat_bet02_101_all_pairs_incl_sentinel,round_win = game_pnl > 0 (decisive only),COMPATIBILITY_ONLY_NOT_PRODUCTION,2500103.8841,2280641.3266,9883.8276,11764,10369,-0.00395337,-0.05088190,-0.00239824,-0.00395337,-9883.8276,2500103.8841,OK,0.0000,395.3531,4.0000,96.0000,AG03-UNRESOLVED,ALL5_LEVELS_bet23_to_bet27,395.3531,395.3531,395.3531,395.3531,395.3531,4.000000,4.000000,4.000000,4.000000,4.000000,96.000000,96.000000,96.000000,96.000000,96.000000,5.0,1976.7655,1824.8244,7907.0621,8059.0032,PENDING_AG03,FALSE,NOT_FOR_ENFORCEMENT,9488.4745,2189415.6736,9883.8276,9488.4745,395.3531,0.00395337,0.00379523,395.3531,9488.4745,0.00379523,395.3531,395.3531,395.3531,395.3531,395.3531,9488.4745,0.00379523,1976.7655,1824.8244,7907.0621,8059.0032,0.00316269,0.00322347,0.00015813,212.5216,219.9480,0.9532,119.0823,2.3972,30121.7335,124.9277,49.0469,238.9093,36.5364,75.9244,374.9013,749.8027,789.266,1183.8989,75.8035,-1.1839,10.395423,15.593133,2.799122,29,215,300,5,0.03207536,0.00395337,0.05088190,0E-8,0.000000,0.912219,0.000000,-0.04848366,2026-03-31,2026-08-01,83,4123,1621,124,0.669355,0.205295,0.230786,0.106918,,,,,,,,GLOBAL_BASELINE_NO_ENTITY_RANKING,,,NOT_APPLICABLE_GLOBAL_BASELINE,HF9g-P5,,,,X 全窗基线 · 不参与实体赏罚,15054802,1506,A168_HF9F_20260827_0900,2026-08-27 09:00:00
2026-04-16,92755421,2251,0,100.2719928551,94.5885600617,94.5885600617,1.0000000,2,1,0.47980066518220156,0.256040200000,1.0412487028806077,1.7045928232243774,1.0412487028806077,0.22376046518220156,ELIGIBLE,R03b_20260811_FULL_v1,L1_ELIGIBILITY,v2026-08-11,2026-03-21..2026-08-06,baccarat_bet02_101_all_pairs_incl_sentinel,round_win = game_pnl > 0 (decisive only),COMPATIBILITY_ONLY_NOT_PRODUCTION,2500103.8841,2280641.3266,9883.8276,11764,10369,-0.00395337,-0.05088190,-0.00239824,-0.00395337,-9883.8276,2500103.8841,OK,0.0000,395.3531,4.0000,96.0000,AG03-UNRESOLVED,ALL5_LEVELS_bet23_to_bet27,395.3531,395.3531,395.3531,395.3531,395.3531,4.000000,4.000000,4.000000,4.000000,4.000000,96.000000,96.000000,96.000000,96.000000,96.000000,5.0,1976.7655,1824.8244,7907.0621,8059.0032,PENDING_AG03,FALSE,NOT_FOR_ENFORCEMENT,9488.4745,2189415.6736,9883.8276,9488.4745,395.3531,0.00395337,0.00379523,395.3531,9488.4745,0.00379523,395.3531,395.3531,395.3531,395.3531,395.3531,9488.4745,0.00379523,1976.7655,1824.8244,7907.0621,8059.0032,0.00316269,0.00322347,0.00015813,212.5216,219.9480,0.9532,119.0823,2.3972,30121.7335,124.9277,49.0469,238.9093,36.5364,75.9244,374.9013,749.8027,789.266,1183.8989,75.8035,-1.1839,10.395423,15.593133,2.799122,29,215,300,5,0.03207536,0.00395337,0.05088190,0E-8,0.000000,0.912219,0.000000,-0.04848366,2026-03-31,2026-08-01,83,4123,1621,124,0.669355,0.205295,0.230786,0.106918,,,,,,,,GLOBAL_BASELINE_NO_ENTITY_RANKING,,,NOT_APPLICABLE_GLOBAL_BASELINE,HF9g-P5,,,,X 全窗基线 · 不参与实体赏罚,15054803,1506,A168_HF9F_20260827_0900,2026-08-27 09:00:00
2026-04-16,92755421,462,0,374.7006048796,159.5420777005,159.5420777005,0.6666667,9,6,0.49014419353684896,0.380228350000,0.8649480277067025,1.4453353915000733,0.8649480277067025,0.10991584353684896,ELIGIBLE,R03b_20260811_FULL_v1,L1_ELIGIBILITY,v2026-08-11,2026-03-21..2026-08-06,baccarat_bet02_101_all_pairs_incl_sentinel,round_win = game_pnl > 0 (decisive only),COMPATIBILITY_ONLY_NOT_PRODUCTION,2500103.8841,2280641.3266,9883.8276,11764,10369,-0.00395337,-0.05088190,-0.00239824,-0.00395337,-9883.8276,2500103.8841,OK,0.0000,395.3531,4.0000,96.0000,AG03-UNRESOLVED,ALL5_LEVELS_bet23_to_bet27,395.3531,395.3531,395.3531,395.3531,395.3531,4.000000,4.000000,4.000000,4.000000,4.000000,96.000000,96.000000,96.000000,96.000000,96.000000,5.0,1976.7655,1824.8244,7907.0621,8059.0032,PENDING_AG03,FALSE,NOT_FOR_ENFORCEMENT,9488.4745,2189415.6736,9883.8276,9488.4745,395.3531,0.00395337,0.00379523,395.3531,9488.4745,0.00379523,395.3531,395.3531,395.3531,395.3531,395.3531,9488.4745,0.00379523,1976.7655,1824.8244,7907.0621,8059.0032,0.00316269,0.00322347,0.00015813,212.5216,219.9480,0.9532,119.0823,2.3972,30121.7335,124.9277,49.0469,238.9093,36.5364,75.9244,374.9013,749.8027,789.266,1183.8989,75.8035,-1.1839,10.395423,15.593133,2.799122,29,215,300,5,0.03207536,0.00395337,0.05088190,0E-8,0.000000,0.912219,0.000000,-0.04848366,2026-03-31,2026-08-01,83,4123,1621,124,0.669355,0.205295,0.230786,0.106918,,,,,,,,GLOBAL_BASELINE_NO_ENTITY_RANKING,,,NOT_APPLICABLE_GLOBAL_BASELINE,HF9g-P5,,,,X 全窗基线 · 不参与实体赏罚,15054804,1506,A168_HF9F_20260827_0900,2026-08-27 09:00:00
2026-04-16,92755421,526,0,162.3837940974,-81.1918970487,-81.1918970487,0E-7,2,2,0.50665070000000000,0.506650700000,-1.013391052207602,-1.013391052207602,-1.013391052207602,0E-17,ELIGIBLE,R03b_20260811_FULL_v1,L1_ELIGIBILITY,v2026-08-11,2026-03-21..2026-08-06,baccarat_bet02_101_all_pairs_incl_sentinel,round_win = game_pnl > 0 (decisive only),COMPATIBILITY_ONLY_NOT_PRODUCTION,2500103.8841,2280641.3266,9883.8276,11764,10369,-0.00395337,-0.05088190,-0.00239824,-0.00395337,-9883.8276,2500103.8841,OK,0.0000,395.3531,4.0000,96.0000,AG03-UNRESOLVED,ALL5_LEVELS_bet23_to_bet27,395.3531,395.3531,395.3531,395.3531,395.3531,4.000000,4.000000,4.000000,4.000000,4.000000,96.000000,96.000000,96.000000,96.000000,96.000000,5.0,1976.7655,1824.8244,7907.0621,8059.0032,PENDING_AG03,FALSE,NOT_FOR_ENFORCEMENT,9488.4745,2189415.6736,9883.8276,9488.4745,395.3531,0.00395337,0.00379523,395.3531,9488.4745,0.00379523,395.3531,395.3531,395.3531,395.3531,395.3531,9488.4745,0.00379523,1976.7655,1824.8244,7907.0621,8059.0032,0.00316269,0.00322347,0.00015813,212.5216,219.9480,0.9532,119.0823,2.3972,30121.7335,124.9277,49.0469,238.9093,36.5364,75.9244,374.9013,749.8027,789.266,1183.8989,75.8035,-1.1839,10.395423,15.593133,2.799122,29,215,300,5,0.03207536,0.00395337,0.05088190,0E-8,0.000000,0.912219,0.000000,-0.04848366,2026-03-31,2026-08-01,83,4123,1621,124,0.669355,0.205295,0.230786,0.106918,,,,,,,,GLOBAL_BASELINE_NO_ENTITY_RANKING,,,NOT_APPLICABLE_GLOBAL_BASELINE,HF9g-P5,,,,X 全窗基线 · 不参与实体赏罚,15054805,1506,A168_HF9F_20260827_0900,2026-08-27 09:00:00
2026-04-16,92755421,529,0,81.1918970487,-81.1918970487,-81.1918970487,0E-7,1,1,0.49324550000000000,0.493245500000,-0.9865810262130424,-0.9865810262130424,-0.9865810262130424,0E-17,ELIGIBLE,R03b_20260811_FULL_v1,L1_ELIGIBILITY,v2026-08-11,2026-03-21..2026-08-06,baccarat_bet02_101_all_pairs_incl_sentinel,round_win = game_pnl > 0 (decisive only),COMPATIBILITY_ONLY_NOT_PRODUCTION,2500103.8841,2280641.3266,9883.8276,11764,10369,-0.00395337,-0.05088190,-0.00239824,-0.00395337,-9883.8276,2500103.8841,OK,0.0000,395.3531,4.0000,96.0000,AG03-UNRESOLVED,ALL5_LEVELS_bet23_to_bet27,395.3531,395.3531,395.3531,395.3531,395.3531,4.000000,4.000000,4.000000,4.000000,4.000000,96.000000,96.000000,96.000000,96.000000,96.000000,5.0,1976.7655,1824.8244,7907.0621,8059.0032,PENDING_AG03,FALSE,NOT_FOR_ENFORCEMENT,9488.4745,2189415.6736,9883.8276,9488.4745,395.3531,0.00395337,0.00379523,395.3531,9488.4745,0.00379523,395.3531,395.3531,395.3531,395.3531,395.3531,9488.4745,0.00379523,1976.7655,1824.8244,7907.0621,8059.0032,0.00316269,0.00322347,0.00015813,212.5216,219.9480,0.9532,119.0823,2.3972,30121.7335,124.9277,49.0469,238.9093,36.5364,75.9244,374.9013,749.8027,789.266,1183.8989,75.8035,-1.1839,10.395423,15.593133,2.799122,29,215,300,5,0.03207536,0.00395337,0.05088190,0E-8,0.000000,0.912219,0.000000,-0.04848366,2026-03-31,2026-08-01,83,4123,1621,124,0.669355,0.205295,0.230786,0.106918,,,,,,,,GLOBAL_BASELINE_NO_ENTITY_RANKING,,,NOT_APPLICABLE_GLOBAL_BASELINE,HF9g-P5,,,,X 全窗基线 · 不参与实体赏罚,15054806,1506,A168_HF9F_20260827_0900,2026-08-27 09:00:00
2026-04-16,92755421,550,0,245.6054885722,229.3671091625,229.3671091625,0.6000000,5,5,0.30616230000000000,0.306162300000,1.4255672687154142,1.4255672687154142,1.4255672687154142,0E-17,ELIGIBLE,R03b_20260811_FULL_v1,L1_ELIGIBILITY,v2026-08-11,2026-03-21..2026-08-06,baccarat_bet02_101_all_pairs_incl_sentinel,round_win = game_pnl > 0 (decisive only),COMPATIBILITY_ONLY_NOT_PRODUCTION,2500103.8841,2280641.3266,9883.8276,11764,10369,-0.00395337,-0.05088190,-0.00239824,-0.00395337,-9883.8276,2500103.8841,OK,0.0000,395.3531,4.0000,96.0000,AG03-UNRESOLVED,ALL5_LEVELS_bet23_to_bet27,395.3531,395.3531,395.3531,395.3531,395.3531,4.000000,4.000000,4.000000,4.000000,4.000000,96.000000,96.000000,96.000000,96.000000,96.000000,5.0,1976.7655,1824.8244,7907.0621,8059.0032,PENDING_AG03,FALSE,NOT_FOR_ENFORCEMENT,9488.4745,2189415.6736,9883.8276,9488.4745,395.3531,0.00395337,0.00379523,395.3531,9488.4745,0.00379523,395.3531,395.3531,395.3531,395.3531,395.3531,9488.4745,0.00379523,1976.7655,1824.8244,7907.0621,8059.0032,0.00316269,0.00322347,0.00015813,212.5216,219.9480,0.9532,119.0823,2.3972,30121.7335,124.9277,49.0469,238.9093,36.5364,75.9244,374.9013,749.8027,789.266,1183.8989,75.8035,-1.1839,10.395423,15.593133,2.799122,29,215,300,5,0.03207536,0.00395337,0.05088190,0E-8,0.000000,0.912219,0.000000,-0.04848366,2026-03-31,2026-08-01,83,4123,1621,124,0.669355,0.205295,0.230786,0.106918,,,,,,,,GLOBAL_BASELINE_NO_ENTITY_RANKING,,,NOT_APPLICABLE_GLOBAL_BASELINE,HF9g-P5,,,,X 全窗基线 · 不参与实体赏罚,15054807,1506,A168_HF9F_20260827_0900,2026-08-27 09:00:00
2026-04-16,92755421,752,0,83.2216944749,75.1025047700,75.1025047700,1.0000000,2,1,0.49475275365863666,0.262742800000,1.0105501423700154,1.6751129626333576,1.0105501423700154,0.23200995365863666,ELIGIBLE,R03b_20260811_FULL_v1,L1_ELIGIBILITY,v2026-08-11,2026-03-21..2026-08-06,baccarat_bet02_101_all_pairs_incl_sentinel,round_win = game_pnl > 0 (decisive only),COMPATIBILITY_ONLY_NOT_PRODUCTION,2500103.8841,2280641.3266,9883.8276,11764,10369,-0.00395337,-0.05088190,-0.00239824,-0.00395337,-9883.8276,2500103.8841,OK,0.0000,395.3531,4.0000,96.0000,AG03-UNRESOLVED,ALL5_LEVELS_bet23_to_bet27,395.3531,395.3531,395.3531,395.3531,395.3531,4.000000,4.000000,4.000000,4.000000,4.000000,96.000000,96.000000,96.000000,96.000000,96.000000,5.0,1976.7655,1824.8244,7907.0621,8059.0032,PENDING_AG03,FALSE,NOT_FOR_ENFORCEMENT,9488.4745,2189415.6736,9883.8276,9488.4745,395.3531,0.00395337,0.00379523,395.3531,9488.4745,0.00379523,395.3531,395.3531,395.3531,395.3531,395.3531,9488.4745,0.00379523,1976.7655,1824.8244,7907.0621,8059.0032,0.00316269,0.00322347,0.00015813,212.5216,219.9480,0.9532,119.0823,2.3972,30121.7335,124.9277,49.0469,238.9093,36.5364,75.9244,374.9013,749.8027,789.266,1183.8989,75.8035,-1.1839,10.395423,15.593133,2.799122,29,215,300,5,0.03207536,0.00395337,0.05088190,0E-8,0.000000,0.912219,0.000000,-0.04848366,2026-03-31,2026-08-01,83,4123,1621,124,0.669355,0.205295,0.230786,0.106918,,,,,,,,GLOBAL_BASELINE_NO_ENTITY_RANKING,,,NOT_APPLICABLE_GLOBAL_BASELINE,HF9g-P5,,,,X 全窗基线 · 不参与实体赏罚,15054808,1506,A168_HF9F_20260827_0900,2026-08-27 09:00:00
2026-04-16,92755421,763,0,182.6817683596,-61.9088214996,-61.9088214996,0.5000000,3,3,0.50218230000000000,0.502182300000,-0.00617253530718887,-0.00617253530718887,-0.00617253530718887,0E-17,ELIGIBLE,R03b_20260811_FULL_v1,L1_ELIGIBILITY,v2026-08-11,2026-03-21..2026-08-06,baccarat_bet02_101_all_pairs_incl_sentinel,round_win = game_pnl > 0 (decisive only),COMPATIBILITY_ONLY_NOT_PRODUCTION,2500103.8841,2280641.3266,9883.8276,11764,10369,-0.00395337,-0.05088190,-0.00239824,-0.00395337,-9883.8276,2500103.8841,OK,0.0000,395.3531,4.0000,96.0000,AG03-UNRESOLVED,ALL5_LEVELS_bet23_to_bet27,395.3531,395.3531,395.3531,395.3531,395.3531,4.000000,4.000000,4.000000,4.000000,4.000000,96.000000,96.000000,96.000000,96.000000,96.000000,5.0,1976.7655,1824.8244,7907.0621,8059.0032,PENDING_AG03,FALSE,NOT_FOR_ENFORCEMENT,9488.4745,2189415.6736,9883.8276,9488.4745,395.3531,0.00395337,0.00379523,395.3531,9488.4745,0.00379523,395.3531,395.3531,395.3531,395.3531,395.3531,9488.4745,0.00379523,1976.7655,1824.8244,7907.0621,8059.0032,0.00316269,0.00322347,0.00015813,212.5216,219.9480,0.9532,119.0823,2.3972,30121.7335,124.9277,49.0469,238.9093,36.5364,75.9244,374.9013,749.8027,789.266,1183.8989,75.8035,-1.1839,10.395423,15.593133,2.799122,29,215,300,5,0.03207536,0.00395337,0.05088190,0E-8,0.000000,0.912219,0.000000,-0.04848366,2026-03-31,2026-08-01,83,4123,1621,124,0.669355,0.205295,0.230786,0.106918,,,,,,,,GLOBAL_BASELINE_NO_ENTITY_RANKING,,,NOT_APPLICABLE_GLOBAL_BASELINE,HF9g-P5,,,,X 全窗基线 · 不参与实体赏罚,15054809,1506,A168_HF9F_20260827_0900,2026-08-27 09:00:00
2026-04-16,92755421,772,0,81.1918970487,-81.1918970487,-81.1918970487,0E-7,1,1,0.50665070000000000,0.506650700000,-1.013391052207602,-1.013391052207602,-1.013391052207602,0E-17,ELIGIBLE,R03b_20260811_FULL_v1,L1_ELIGIBILITY,v2026-08-11,2026-03-21..2026-08-06,baccarat_bet02_101_all_pairs_incl_sentinel,round_win = game_pnl > 0 (decisive only),COMPATIBILITY_ONLY_NOT_PRODUCTION,2500103.8841,2280641.3266,9883.8276,11764,10369,-0.00395337,-0.05088190,-0.00239824,-0.00395337,-9883.8276,2500103.8841,OK,0.0000,395.3531,4.0000,96.0000,AG03-UNRESOLVED,ALL5_LEVELS_bet23_to_bet27,395.3531,395.3531,395.3531,395.3531,395.3531,4.000000,4.000000,4.000000,4.000000,4.000000,96.000000,96.000000,96.000000,96.000000,96.000000,5.0,1976.7655,1824.8244,7907.0621,8059.0032,PENDING_AG03,FALSE,NOT_FOR_ENFORCEMENT,9488.4745,2189415.6736,9883.8276,9488.4745,395.3531,0.00395337,0.00379523,395.3531,9488.4745,0.00379523,395.3531,395.3531,395.3531,395.3531,395.3531,9488.4745,0.00379523,1976.7655,1824.8244,7907.0621,8059.0032,0.00316269,0.00322347,0.00015813,212.5216,219.9480,0.9532,119.0823,2.3972,30121.7335,124.9277,49.0469,238.9093,36.5364,75.9244,374.9013,749.8027,789.266,1183.8989,75.8035,-1.1839,10.395423,15.593133,2.799122,29,215,300,5,0.03207536,0.00395337,0.05088190,0E-8,0.000000,0.912219,0.000000,-0.04848366,2026-03-31,2026-08-01,83,4123,1621,124,0.669355,0.205295,0.230786,0.106918,,,,,,,,GLOBAL_BASELINE_NO_ENTITY_RANKING,,,NOT_APPLICABLE_GLOBAL_BASELINE,HF9g-P5,,,,X 全窗基线 · 不参与实体赏罚,15054810,1506,A168_HF9F_20260827_0900,2026-08-27 09:00:00
2026-04-16,92755421,919,0,158.3241992449,0E-10,0E-10,0.5000000,2,2,0.49994810000000000,0.499948100000,0.00014679536856514622,0.00014679536856514622,0.00014679536856514622,0E-17,ELIGIBLE,R03b_20260811_FULL_v1,L1_ELIGIBILITY,v2026-08-11,2026-03-21..2026-08-06,baccarat_bet02_101_all_pairs_incl_sentinel,round_win = game_pnl > 0 (decisive only),COMPATIBILITY_ONLY_NOT_PRODUCTION,2500103.8841,2280641.3266,9883.8276,11764,10369,-0.00395337,-0.05088190,-0.00239824,-0.00395337,-9883.8276,2500103.8841,OK,0.0000,395.3531,4.0000,96.0000,AG03-UNRESOLVED,ALL5_LEVELS_bet23_to_bet27,395.3531,395.3531,395.3531,395.3531,395.3531,4.000000,4.000000,4.000000,4.000000,4.000000,96.000000,96.000000,96.000000,96.000000,96.000000,5.0,1976.7655,1824.8244,7907.0621,8059.0032,PENDING_AG03,FALSE,NOT_FOR_ENFORCEMENT,9488.4745,2189415.6736,9883.8276,9488.4745,395.3531,0.00395337,0.00379523,395.3531,9488.4745,0.00379523,395.3531,395.3531,395.3531,395.3531,395.3531,9488.4745,0.00379523,1976.7655,1824.8244,7907.0621,8059.0032,0.00316269,0.00322347,0.00015813,212.5216,219.9480,0.9532,119.0823,2.3972,30121.7335,124.9277,49.0469,238.9093,36.5364,75.9244,374.9013,749.8027,789.266,1183.8989,75.8035,-1.1839,10.395423,15.593133,2.799122,29,215,300,5,0.03207536,0.00395337,0.05088190,0E-8,0.000000,0.912219,0.000000,-0.04848366,2026-03-31,2026-08-01,83,4123,1621,124,0.669355,0.205295,0.230786,0.106918,,,,,,,,GLOBAL_BASELINE_NO_ENTITY_RANKING,,,NOT_APPLICABLE_GLOBAL_BASELINE,HF9g-P5,,,,X 全窗基线 · 不参与实体赏罚,15054811,1506,A168_HF9F_20260827_0900,2026-08-27 09:00:00
2026-04-18,92755421,-1,1,3916.2911541420,-546.8274266224,-546.8274266224,0.4193548,44,34,0.49653906650509357,0.429787564706,-0.8595077765029476,-0.11733656852711602,-0.8595077765029476,0.06675150179909357,SENTINEL_DEALER,R03b_20260811_FULL_v1,L1_ELIGIBILITY,v2026-08-11,2026-03-21..2026-08-06,baccarat_bet02_101_all_pairs_incl_sentinel,round_win = game_pnl > 0 (decisive only),COMPATIBILITY_ONLY_NOT_PRODUCTION,2500103.8841,2280641.3266,9883.8276,11764,10369,-0.00395337,-0.05088190,-0.00239824,-0.00395337,-9883.8276,2500103.8841,OK,0.0000,395.3531,4.0000,96.0000,AG03-UNRESOLVED,ALL5_LEVELS_bet23_to_bet27,395.3531,395.3531,395.3531,395.3531,395.3531,4.000000,4.000000,4.000000,4.000000,4.000000,96.000000,96.000000,96.000000,96.000000,96.000000,5.0,1976.7655,1824.8244,7907.0621,8059.0032,PENDING_AG03,FALSE,NOT_FOR_ENFORCEMENT,9488.4745,2189415.6736,9883.8276,9488.4745,395.3531,0.00395337,0.00379523,395.3531,9488.4745,0.00379523,395.3531,395.3531,395.3531,395.3531,395.3531,9488.4745,0.00379523,1976.7655,1824.8244,7907.0621,8059.0032,0.00316269,0.00322347,0.00015813,212.5216,219.9480,0.9532,119.0823,2.3972,30121.7335,124.9277,49.0469,238.9093,36.5364,75.9244,374.9013,749.8027,789.266,1183.8989,75.8035,-1.1839,10.395423,15.593133,2.799122,29,215,300,5,0.03207536,0.00395337,0.05088190,0E-8,0.000000,0.912219,0.000000,-0.04848366,2026-03-31,2026-08-01,83,4123,1621,124,0.669355,0.205295,0.230786,0.106918,,,,,,,,GLOBAL_BASELINE_NO_ENTITY_RANKING,,,NOT_APPLICABLE_GLOBAL_BASELINE,HF9g-P5,,,,X 全窗基线 · 不参与实体赏罚,15054812,1506,A168_HF9F_20260827_0900,2026-08-27 09:00:00
2026-04-18,92755421,1267,0,586.6114561765,197.2963098283,197.2963098283,0.7500000,7,5,0.49592767330638375,0.405065980000,1.0163230164196475,1.4052990047259415,1.0163230164196475,0.09086169330638375,ELIGIBLE,R03b_20260811_FULL_v1,L1_ELIGIBILITY,v2026-08-11,2026-03-21..2026-08-06,baccarat_bet02_101_all_pairs_incl_sentinel,round_win = game_pnl > 0 (decisive only),COMPATIBILITY_ONLY_NOT_PRODUCTION,2500103.8841,2280641.3266,9883.8276,11764,10369,-0.00395337,-0.05088190,-0.00239824,-0.00395337,-9883.8276,2500103.8841,OK,0.0000,395.3531,4.0000,96.0000,AG03-UNRESOLVED,ALL5_LEVELS_bet23_to_bet27,395.3531,395.3531,395.3531,395.3531,395.3531,4.000000,4.000000,4.000000,4.000000,4.000000,96.000000,96.000000,96.000000,96.000000,96.000000,5.0,1976.7655,1824.8244,7907.0621,8059.0032,PENDING_AG03,FALSE,NOT_FOR_ENFORCEMENT,9488.4745,2189415.6736,9883.8276,9488.4745,395.3531,0.00395337,0.00379523,395.3531,9488.4745,0.00379523,395.3531,395.3531,395.3531,395.3531,395.3531,9488.4745,0.00379523,1976.7655,1824.8244,7907.0621,8059.0032,0.00316269,0.00322347,0.00015813,212.5216,219.9480,0.9532,119.0823,2.3972,30121.7335,124.9277,49.0469,238.9093,36.5364,75.9244,374.9013,749.8027,789.266,1183.8989,75.8035,-1.1839,10.395423,15.593133,2.799122,29,215,300,5,0.03207536,0.00395337,0.05088190,0E-8,0.000000,0.912219,0.000000,-0.04848366,2026-03-31,2026-08-01,83,4123,1621,124,0.669355,0.205295,0.230786,0.106918,,,,,,,,GLOBAL_BASELINE_NO_ENTITY_RANKING,,,NOT_APPLICABLE_GLOBAL_BASELINE,HF9g-P5,,,,X 全窗基线 · 不参与实体赏罚,15054813,1506,A168_HF9F_20260827_0900,2026-08-27 09:00:00
2026-04-18,92755421,1304,0,223.2777168839,59.8790240734,59.8790240734,0.5000000,3,2,0.49458602000000132,0.496596800000,0.015313945650762816,0.009625926164049045,0.015313945650762816,-0.00201077999999868,ELIGIBLE,R03b_20260811_FULL_v1,L1_ELIGIBILITY,v2026-08-11,2026-03-21..2026-08-06,baccarat_bet02_101_all_pairs_incl_sentinel,round_win = game_pnl > 0 (decisive only),COMPATIBILITY_ONLY_NOT_PRODUCTION,2500103.8841,2280641.3266,9883.8276,11764,10369,-0.00395337,-0.05088190,-0.00239824,-0.00395337,-9883.8276,2500103.8841,OK,0.0000,395.3531,4.0000,96.0000,AG03-UNRESOLVED,ALL5_LEVELS_bet23_to_bet27,395.3531,395.3531,395.3531,395.3531,395.3531,4.000000,4.000000,4.000000,4.000000,4.000000,96.000000,96.000000,96.000000,96.000000,96.000000,5.0,1976.7655,1824.8244,7907.0621,8059.0032,PENDING_AG03,FALSE,NOT_FOR_ENFORCEMENT,9488.4745,2189415.6736,9883.8276,9488.4745,395.3531,0.00395337,0.00379523,395.3531,9488.4745,0.00379523,395.3531,395.3531,395.3531,395.3531,395.3531,9488.4745,0.00379523,1976.7655,1824.8244,7907.0621,8059.0032,0.00316269,0.00322347,0.00015813,212.5216,219.9480,0.9532,119.0823,2.3972,30121.7335,124.9277,49.0469,238.9093,36.5364,75.9244,374.9013,749.8027,789.266,1183.8989,75.8035,-1.1839,10.395423,15.593133,2.799122,29,215,300,5,0.03207536,0.00395337,0.05088190,0E-8,0.000000,0.912219,0.000000,-0.04848366,2026-03-31,2026-08-01,83,4123,1621,124,0.669355,0.205295,0.230786,0.106918,,,,,,,,GLOBAL_BASELINE_NO_ENTITY_RANKING,,,NOT_APPLICABLE_GLOBAL_BASELINE,HF9g-P5,,,,X 全窗基线 · 不参与实体赏罚,15054814,1506,A168_HF9F_20260827_0900,2026-08-27 09:00:00
2026-04-18,92755421,1325,0,592.7008484552,-148.1752121136,-148.1752121136,0.4000000,8,5,0.48762077049669833,0.353603360000,-0.3919721523572097,0.21700202969699905,-0.3919721523572097,0.13401741049669833,ELIGIBLE,R03b_20260811_FULL_v1,L1_ELIGIBILITY,v2026-08-11,2026-03-21..2026-08-06,baccarat_bet02_101_all_pairs_incl_sentinel,round_win = game_pnl > 0 (decisive only),COMPATIBILITY_ONLY_NOT_PRODUCTION,2500103.8841,2280641.3266,9883.8276,11764,10369,-0.00395337,-0.05088190,-0.00239824,-0.00395337,-9883.8276,2500103.8841,OK,0.0000,395.3531,4.0000,96.0000,AG03-UNRESOLVED,ALL5_LEVELS_bet23_to_bet27,395.3531,395.3531,395.3531,395.3531,395.3531,4.000000,4.000000,4.000000,4.000000,4.000000,96.000000,96.000000,96.000000,96.000000,96.000000,5.0,1976.7655,1824.8244,7907.0621,8059.0032,PENDING_AG03,FALSE,NOT_FOR_ENFORCEMENT,9488.4745,2189415.6736,9883.8276,9488.4745,395.3531,0.00395337,0.00379523,395.3531,9488.4745,0.00379523,395.3531,395.3531,395.3531,395.3531,395.3531,9488.4745,0.00379523,1976.7655,1824.8244,7907.0621,8059.0032,0.00316269,0.00322347,0.00015813,212.5216,219.9480,0.9532,119.0823,2.3972,30121.7335,124.9277,49.0469,238.9093,36.5364,75.9244,374.9013,749.8027,789.266,1183.8989,75.8035,-1.1839,10.395423,15.593133,2.799122,29,215,300,5,0.03207536,0.00395337,0.05088190,0E-8,0.000000,0.912219,0.000000,-0.04848366,2026-03-31,2026-08-01,83,4123,1621,124,0.669355,0.205295,0.230786,0.106918,,,,,,,,GLOBAL_BASELINE_NO_ENTITY_RANKING,,,NOT_APPLICABLE_GLOBAL_BASELINE,HF9g-P5,,,,X 全窗基线 · 不参与实体赏罚,15054815,1506,A168_HF9F_20260827_0900,2026-08-27 09:00:00
2026-04-18,92755421,1383,0,452.6448260462,210.0840336135,210.0840336135,0.7500000,6,4,0.49317681521597616,0.379669800000,1.0273884054723508,1.5261760579561443,1.0273884054723508,0.11350701521597616,ELIGIBLE,R03b_20260811_FULL_v1,L1_ELIGIBILITY,v2026-08-11,2026-03-21..2026-08-06,baccarat_bet02_101_all_pairs_incl_sentinel,round_win = game_pnl > 0 (decisive only),COMPATIBILITY_ONLY_NOT_PRODUCTION,2500103.8841,2280641.3266,9883.8276,11764,10369,-0.00395337,-0.05088190,-0.00239824,-0.00395337,-9883.8276,2500103.8841,OK,0.0000,395.3531,4.0000,96.0000,AG03-UNRESOLVED,ALL5_LEVELS_bet23_to_bet27,395.3531,395.3531,395.3531,395.3531,395.3531,4.000000,4.000000,4.000000,4.000000,4.000000,96.000000,96.000000,96.000000,96.000000,96.000000,5.0,1976.7655,1824.8244,7907.0621,8059.0032,PENDING_AG03,FALSE,NOT_FOR_ENFORCEMENT,9488.4745,2189415.6736,9883.8276,9488.4745,395.3531,0.00395337,0.00379523,395.3531,9488.4745,0.00379523,395.3531,395.3531,395.3531,395.3531,395.3531,9488.4745,0.00379523,1976.7655,1824.8244,7907.0621,8059.0032,0.00316269,0.00322347,0.00015813,212.5216,219.9480,0.9532,119.0823,2.3972,30121.7335,124.9277,49.0469,238.9093,36.5364,75.9244,374.9013,749.8027,789.266,1183.8989,75.8035,-1.1839,10.395423,15.593133,2.799122,29,215,300,5,0.03207536,0.00395337,0.05088190,0E-8,0.000000,0.912219,0.000000,-0.04848366,2026-03-31,2026-08-01,83,4123,1621,124,0.669355,0.205295,0.230786,0.106918,,,,,,,,GLOBAL_BASELINE_NO_ENTITY_RANKING,,,NOT_APPLICABLE_GLOBAL_BASELINE,HF9g-P5,,,,X 全窗基线 · 不参与实体赏罚,15054816,1506,A168_HF9F_20260827_0900,2026-08-27 09:00:00
2026-04-18,92755421,1396,0,641.8219461696,328.4212235619,328.4212235619,0.8000000,9,6,0.49215370747362430,0.377994150000,1.3769000196485714,1.9460934888210066,1.3769000196485714,0.11415955747362430,ELIGIBLE,R03b_20260811_FULL_v1,L1_ELIGIBILITY,v2026-08-11,2026-03-21..2026-08-06,baccarat_bet02_101_all_pairs_incl_sentinel,round_win = game_pnl > 0 (decisive only),COMPATIBILITY_ONLY_NOT_PRODUCTION,2500103.8841,2280641.3266,9883.8276,11764,10369,-0.00395337,-0.05088190,-0.00239824,-0.00395337,-9883.8276,2500103.8841,OK,0.0000,395.3531,4.0000,96.0000,AG03-UNRESOLVED,ALL5_LEVELS_bet23_to_bet27,395.3531,395.3531,395.3531,395.3531,395.3531,4.000000,4.000000,4.000000,4.000000,4.000000,96.000000,96.000000,96.000000,96.000000,96.000000,5.0,1976.7655,1824.8244,7907.0621,8059.0032,PENDING_AG03,FALSE,NOT_FOR_ENFORCEMENT,9488.4745,2189415.6736,9883.8276,9488.4745,395.3531,0.00395337,0.00379523,395.3531,9488.4745,0.00379523,395.3531,395.3531,395.3531,395.3531,395.3531,9488.4745,0.00379523,1976.7655,1824.8244,7907.0621,8059.0032,0.00316269,0.00322347,0.00015813,212.5216,219.9480,0.9532,119.0823,2.3972,30121.7335,124.9277,49.0469,238.9093,36.5364,75.9244,374.9013,749.8027,789.266,1183.8989,75.8035,-1.1839,10.395423,15.593133,2.799122,29,215,300,5,0.03207536,0.00395337,0.05088190,0E-8,0.000000,0.912219,0.000000,-0.04848366,2026-03-31,2026-08-01,83,4123,1621,124,0.669355,0.205295,0.230786,0.106918,,,,,,,,GLOBAL_BASELINE_NO_ENTITY_RANKING,,,NOT_APPLICABLE_GLOBAL_BASELINE,HF9g-P5,,,,X 全窗基线 · 不参与实体赏罚,15054817,1506,A168_HF9F_20260827_0900,2026-08-27 09:00:00
2026-04-18,92755421,1401,0,120.9759266025,114.9271302724,114.9271302724,1.0000000,1,1,0.50665070000000000,0.506650700000,0.9867858985152569,0.9867858985152569,0.9867858985152569,0E-17,ELIGIBLE,R03b_20260811_FULL_v1,L1_ELIGIBILITY,v2026-08-11,2026-03-21..2026-08-06,baccarat_bet02_101_all_pairs_incl_sentinel,round_win = game_pnl > 0 (decisive only),COMPATIBILITY_ONLY_NOT_PRODUCTION,2500103.8841,2280641.3266,9883.8276,11764,10369,-0.00395337,-0.05088190,-0.00239824,-0.00395337,-9883.8276,2500103.8841,OK,0.0000,395.3531,4.0000,96.0000,AG03-UNRESOLVED,ALL5_LEVELS_bet23_to_bet27,395.3531,395.3531,395.3531,395.3531,395.3531,4.000000,4.000000,4.000000,4.000000,4.000000,96.000000,96.000000,96.000000,96.000000,96.000000,5.0,1976.7655,1824.8244,7907.0621,8059.0032,PENDING_AG03,FALSE,NOT_FOR_ENFORCEMENT,9488.4745,2189415.6736,9883.8276,9488.4745,395.3531,0.00395337,0.00379523,395.3531,9488.4745,0.00379523,395.3531,395.3531,395.3531,395.3531,395.3531,9488.4745,0.00379523,1976.7655,1824.8244,7907.0621,8059.0032,0.00316269,0.00322347,0.00015813,212.5216,219.9480,0.9532,119.0823,2.3972,30121.7335,124.9277,49.0469,238.9093,36.5364,75.9244,374.9013,749.8027,789.266,1183.8989,75.8035,-1.1839,10.395423,15.593133,2.799122,29,215,300,5,0.03207536,0.00395337,0.05088190,0E-8,0.000000,0.912219,0.000000,-0.04848366,2026-03-31,2026-08-01,83,4123,1621,124,0.669355,0.205295,0.230786,0.106918,,,,,,,,GLOBAL_BASELINE_NO_ENTITY_RANKING,,,NOT_APPLICABLE_GLOBAL_BASELINE,HF9g-P5,,,,X 全窗基线 · 不参与实体赏罚,15054818,1506,A168_HF9F_20260827_0900,2026-08-27 09:00:00
2026-04-18,92755421,1402,0,117.7282507206,-117.7282507206,-117.7282507206,0E-7,1,1,0.49324550000000000,0.493245500000,-0.9865810262130424,-0.9865810262130424,-0.9865810262130424,0E-17,ELIGIBLE,R03b_20260811_FULL_v1,L1_ELIGIBILITY,v2026-08-11,2026-03-21..2026-08-06,baccarat_bet02_101_all_pairs_incl_sentinel,round_win = game_pnl > 0 (decisive only),COMPATIBILITY_ONLY_NOT_PRODUCTION,2500103.8841,2280641.3266,9883.8276,11764,10369,-0.00395337,-0.05088190,-0.00239824,-0.00395337,-9883.8276,2500103.8841,OK,0.0000,395.3531,4.0000,96.0000,AG03-UNRESOLVED,ALL5_LEVELS_bet23_to_bet27,395.3531,395.3531,395.3531,395.3531,395.3531,4.000000,4.000000,4.000000,4.000000,4.000000,96.000000,96.000000,96.000000,96.000000,96.000000,5.0,1976.7655,1824.8244,7907.0621,8059.0032,PENDING_AG03,FALSE,NOT_FOR_ENFORCEMENT,9488.4745,2189415.6736,9883.8276,9488.4745,395.3531,0.00395337,0.00379523,395.3531,9488.4745,0.00379523,395.3531,395.3531,395.3531,395.3531,395.3531,9488.4745,0.00379523,1976.7655,1824.8244,7907.0621,8059.0032,0.00316269,0.00322347,0.00015813,212.5216,219.9480,0.9532,119.0823,2.3972,30121.7335,124.9277,49.0469,238.9093,36.5364,75.9244,374.9013,749.8027,789.266,1183.8989,75.8035,-1.1839,10.395423,15.593133,2.799122,29,215,300,5,0.03207536,0.00395337,0.05088190,0E-8,0.000000,0.912219,0.000000,-0.04848366,2026-03-31,2026-08-01,83,4123,1621,124,0.669355,0.205295,0.230786,0.106918,,,,,,,,GLOBAL_BASELINE_NO_ENTITY_RANKING,,,NOT_APPLICABLE_GLOBAL_BASELINE,HF9g-P5,,,,X 全窗基线 · 不参与实体赏罚,15054819,1506,A168_HF9F_20260827_0900,2026-08-27 09:00:00
2026-04-18,92755421,1490,0,121.7878455730,-121.7878455730,-121.7878455730,0E-7,1,1,0.49324550000000000,0.493245500000,-0.9865810262130424,-0.9865810262130424,-0.9865810262130424,0E-17,ELIGIBLE,R03b_20260811_FULL_v1,L1_ELIGIBILITY,v2026-08-11,2026-03-21..2026-08-06,baccarat_bet02_101_all_pairs_incl_sentinel,round_win = game_pnl > 0 (decisive only),COMPATIBILITY_ONLY_NOT_PRODUCTION,2500103.8841,2280641.3266,9883.8276,11764,10369,-0.00395337,-0.05088190,-0.00239824,-0.00395337,-9883.8276,2500103.8841,OK,0.0000,395.3531,4.0000,96.0000,AG03-UNRESOLVED,ALL5_LEVELS_bet23_to_bet27,395.3531,395.3531,395.3531,395.3531,395.3531,4.000000,4.000000,4.000000,4.000000,4.000000,96.000000,96.000000,96.000000,96.000000,96.000000,5.0,1976.7655,1824.8244,7907.0621,8059.0032,PENDING_AG03,FALSE,NOT_FOR_ENFORCEMENT,9488.4745,2189415.6736,9883.8276,9488.4745,395.3531,0.00395337,0.00379523,395.3531,9488.4745,0.00379523,395.3531,395.3531,395.3531,395.3531,395.3531,9488.4745,0.00379523,1976.7655,1824.8244,7907.0621,8059.0032,0.00316269,0.00322347,0.00015813,212.5216,219.9480,0.9532,119.0823,2.3972,30121.7335,124.9277,49.0469,238.9093,36.5364,75.9244,374.9013,749.8027,789.266,1183.8989,75.8035,-1.1839,10.395423,15.593133,2.799122,29,215,300,5,0.03207536,0.00395337,0.05088190,0E-8,0.000000,0.912219,0.000000,-0.04848366,2026-03-31,2026-08-01,83,4123,1621,124,0.669355,0.205295,0.230786,0.106918,,,,,,,,GLOBAL_BASELINE_NO_ENTITY_RANKING,,,NOT_APPLICABLE_GLOBAL_BASELINE,HF9g-P5,,,,X 全窗基线 · 不参与实体赏罚,15054820,1506,A168_HF9F_20260827_0900,2026-08-27 09:00:00
2026-04-18,92755421,1702,0,489.5871392035,-2.4357569115,-2.4357569115,0.5000000,5,4,0.50097385784309981,0.443998075000,-0.0027544911637891506,0.1594003469176313,-0.0027544911637891506,0.05697578284309981,ELIGIBLE,R03b_20260811_FULL_v1,L1_ELIGIBILITY,v2026-08-11,2026-03-21..2026-08-06,baccarat_bet02_101_all_pairs_incl_sentinel,round_win = game_pnl > 0 (decisive only),COMPATIBILITY_ONLY_NOT_PRODUCTION,2500103.8841,2280641.3266,9883.8276,11764,10369,-0.00395337,-0.05088190,-0.00239824,-0.00395337,-9883.8276,2500103.8841,OK,0.0000,395.3531,4.0000,96.0000,AG03-UNRESOLVED,ALL5_LEVELS_bet23_to_bet27,395.3531,395.3531,395.3531,395.3531,395.3531,4.000000,4.000000,4.000000,4.000000,4.000000,96.000000,96.000000,96.000000,96.000000,96.000000,5.0,1976.7655,1824.8244,7907.0621,8059.0032,PENDING_AG03,FALSE,NOT_FOR_ENFORCEMENT,9488.4745,2189415.6736,9883.8276,9488.4745,395.3531,0.00395337,0.00379523,395.3531,9488.4745,0.00379523,395.3531,395.3531,395.3531,395.3531,395.3531,9488.4745,0.00379523,1976.7655,1824.8244,7907.0621,8059.0032,0.00316269,0.00322347,0.00015813,212.5216,219.9480,0.9532,119.0823,2.3972,30121.7335,124.9277,49.0469,238.9093,36.5364,75.9244,374.9013,749.8027,789.266,1183.8989,75.8035,-1.1839,10.395423,15.593133,2.799122,29,215,300,5,0.03207536,0.00395337,0.05088190,0E-8,0.000000,0.912219,0.000000,-0.04848366,2026-03-31,2026-08-01,83,4123,1621,124,0.669355,0.205295,0.230786,0.106918,,,,,,,,GLOBAL_BASELINE_NO_ENTITY_RANKING,,,NOT_APPLICABLE_GLOBAL_BASELINE,HF9g-P5,,,,X 全窗基线 · 不参与实体赏罚,15054821,1506,A168_HF9F_20260827_0900,2026-08-27 09:00:00
2026-04-18,92755421,2080,0,90.5289652093,-90.5289652093,-90.5289652093,0E-7,2,1,0.44431525874439697,0.256040200000,-0.8941932317117742,-0.5866503638730671,-0.8941932317117742,0.18827505874439697,ELIGIBLE,R03b_20260811_FULL_v1,L1_ELIGIBILITY,v2026-08-11,2026-03-21..2026-08-06,baccarat_bet02_101_all_pairs_incl_sentinel,round_win = game_pnl > 0 (decisive only),COMPATIBILITY_ONLY_NOT_PRODUCTION,2500103.8841,2280641.3266,9883.8276,11764,10369,-0.00395337,-0.05088190,-0.00239824,-0.00395337,-9883.8276,2500103.8841,OK,0.0000,395.3531,4.0000,96.0000,AG03-UNRESOLVED,ALL5_LEVELS_bet23_to_bet27,395.3531,395.3531,395.3531,395.3531,395.3531,4.000000,4.000000,4.000000,4.000000,4.000000,96.000000,96.000000,96.000000,96.000000,96.000000,5.0,1976.7655,1824.8244,7907.0621,8059.0032,PENDING_AG03,FALSE,NOT_FOR_ENFORCEMENT,9488.4745,2189415.6736,9883.8276,9488.4745,395.3531,0.00395337,0.00379523,395.3531,9488.4745,0.00379523,395.3531,395.3531,395.3531,395.3531,395.3531,9488.4745,0.00379523,1976.7655,1824.8244,7907.0621,8059.0032,0.00316269,0.00322347,0.00015813,212.5216,219.9480,0.9532,119.0823,2.3972,30121.7335,124.9277,49.0469,238.9093,36.5364,75.9244,374.9013,749.8027,789.266,1183.8989,75.8035,-1.1839,10.395423,15.593133,2.799122,29,215,300,5,0.03207536,0.00395337,0.05088190,0E-8,0.000000,0.912219,0.000000,-0.04848366,2026-03-31,2026-08-01,83,4123,1621,124,0.669355,0.205295,0.230786,0.106918,,,,,,,,GLOBAL_BASELINE_NO_ENTITY_RANKING,,,NOT_APPLICABLE_GLOBAL_BASELINE,HF9g-P5,,,,X 全窗基线 · 不参与实体赏罚,15054822,1506,A168_HF9F_20260827_0900,2026-08-27 09:00:00
2026-04-18,92755421,2101,0,243.5756911460,0E-10,0E-10,0.5000000,2,2,0.49994810000000000,0.499948100000,0.00014679536856514622,0.00014679536856514622,0.00014679536856514622,0E-17,ELIGIBLE,R03b_20260811_FULL_v1,L1_ELIGIBILITY,v2026-08-11,2026-03-21..2026-08-06,baccarat_bet02_101_all_pairs_incl_sentinel,round_win = game_pnl > 0 (decisive only),COMPATIBILITY_ONLY_NOT_PRODUCTION,2500103.8841,2280641.3266,9883.8276,11764,10369,-0.00395337,-0.05088190,-0.00239824,-0.00395337,-9883.8276,2500103.8841,OK,0.0000,395.3531,4.0000,96.0000,AG03-UNRESOLVED,ALL5_LEVELS_bet23_to_bet27,395.3531,395.3531,395.3531,395.3531,395.3531,4.000000,4.000000,4.000000,4.000000,4.000000,96.000000,96.000000,96.000000,96.000000,96.000000,5.0,1976.7655,1824.8244,7907.0621,8059.0032,PENDING_AG03,FALSE,NOT_FOR_ENFORCEMENT,9488.4745,2189415.6736,9883.8276,9488.4745,395.3531,0.00395337,0.00379523,395.3531,9488.4745,0.00379523,395.3531,395.3531,395.3531,395.3531,395.3531,9488.4745,0.00379523,1976.7655,1824.8244,7907.0621,8059.0032,0.00316269,0.00322347,0.00015813,212.5216,219.9480,0.9532,119.0823,2.3972,30121.7335,124.9277,49.0469,238.9093,36.5364,75.9244,374.9013,749.8027,789.266,1183.8989,75.8035,-1.1839,10.395423,15.593133,2.799122,29,215,300,5,0.03207536,0.00395337,0.05088190,0E-8,0.000000,0.912219,0.000000,-0.04848366,2026-03-31,2026-08-01,83,4123,1621,124,0.669355,0.205295,0.230786,0.106918,,,,,,,,GLOBAL_BASELINE_NO_ENTITY_RANKING,,,NOT_APPLICABLE_GLOBAL_BASELINE,HF9g-P5,,,,X 全窗基线 · 不参与实体赏罚,15054823,1506,A168_HF9F_20260827_0900,2026-08-27 09:00:00
2026-04-18,92755421,2108,0,20.2979742622,19.2830755491,19.2830755491,1.0000000,1,1,0.50665070000000000,0.506650700000,0.9867858985152569,0.9867858985152569,0.9867858985152569,0E-17,ELIGIBLE,R03b_20260811_FULL_v1,L1_ELIGIBILITY,v2026-08-11,2026-03-21..2026-08-06,baccarat_bet02_101_all_pairs_incl_sentinel,round_win = game_pnl > 0 (decisive only),COMPATIBILITY_ONLY_NOT_PRODUCTION,2500103.8841,2280641.3266,9883.8276,11764,10369,-0.00395337,-0.05088190,-0.00239824,-0.00395337,-9883.8276,2500103.8841,OK,0.0000,395.3531,4.0000,96.0000,AG03-UNRESOLVED,ALL5_LEVELS_bet23_to_bet27,395.3531,395.3531,395.3531,395.3531,395.3531,4.000000,4.000000,4.000000,4.000000,4.000000,96.000000,96.000000,96.000000,96.000000,96.000000,5.0,1976.7655,1824.8244,7907.0621,8059.0032,PENDING_AG03,FALSE,NOT_FOR_ENFORCEMENT,9488.4745,2189415.6736,9883.8276,9488.4745,395.3531,0.00395337,0.00379523,395.3531,9488.4745,0.00379523,395.3531,395.3531,395.3531,395.3531,395.3531,9488.4745,0.00379523,1976.7655,1824.8244,7907.0621,8059.0032,0.00316269,0.00322347,0.00015813,212.5216,219.9480,0.9532,119.0823,2.3972,30121.7335,124.9277,49.0469,238.9093,36.5364,75.9244,374.9013,749.8027,789.266,1183.8989,75.8035,-1.1839,10.395423,15.593133,2.799122,29,215,300,5,0.03207536,0.00395337,0.05088190,0E-8,0.000000,0.912219,0.000000,-0.04848366,2026-03-31,2026-08-01,83,4123,1621,124,0.669355,0.205295,0.230786,0.106918,,,,,,,,GLOBAL_BASELINE_NO_ENTITY_RANKING,,,NOT_APPLICABLE_GLOBAL_BASELINE,HF9g-P5,,,,X 全窗基线 · 不参与实体赏罚,15054824,1506,A168_HF9F_20260827_0900,2026-08-27 09:00:00
2026-04-18,92755421,2115,0,101.4898713108,-101.4898713108,-101.4898713108,0E-7,1,1,0.50665070000000000,0.506650700000,-1.013391052207602,-1.013391052207602,-1.013391052207602,0E-17,ELIGIBLE,R03b_20260811_FULL_v1,L1_ELIGIBILITY,v2026-08-11,2026-03-21..2026-08-06,baccarat_bet02_101_all_pairs_incl_sentinel,round_win = game_pnl > 0 (decisive only),COMPATIBILITY_ONLY_NOT_PRODUCTION,2500103.8841,2280641.3266,9883.8276,11764,10369,-0.00395337,-0.05088190,-0.00239824,-0.00395337,-9883.8276,2500103.8841,OK,0.0000,395.3531,4.0000,96.0000,AG03-UNRESOLVED,ALL5_LEVELS_bet23_to_bet27,395.3531,395.3531,395.3531,395.3531,395.3531,4.000000,4.000000,4.000000,4.000000,4.000000,96.000000,96.000000,96.000000,96.000000,96.000000,5.0,1976.7655,1824.8244,7907.0621,8059.0032,PENDING_AG03,FALSE,NOT_FOR_ENFORCEMENT,9488.4745,2189415.6736,9883.8276,9488.4745,395.3531,0.00395337,0.00379523,395.3531,9488.4745,0.00379523,395.3531,395.3531,395.3531,395.3531,395.3531,9488.4745,0.00379523,1976.7655,1824.8244,7907.0621,8059.0032,0.00316269,0.00322347,0.00015813,212.5216,219.9480,0.9532,119.0823,2.3972,30121.7335,124.9277,49.0469,238.9093,36.5364,75.9244,374.9013,749.8027,789.266,1183.8989,75.8035,-1.1839,10.395423,15.593133,2.799122,29,215,300,5,0.03207536,0.00395337,0.05088190,0E-8,0.000000,0.912219,0.000000,-0.04848366,2026-03-31,2026-08-01,83,4123,1621,124,0.669355,0.205295,0.230786,0.106918,,,,,,,,GLOBAL_BASELINE_NO_ENTITY_RANKING,,,NOT_APPLICABLE_GLOBAL_BASELINE,HF9g-P5,,,,X 全窗基线 · 不参与实体赏罚,15054825,1506,A168_HF9F_20260827_0900,2026-08-27 09:00:00
2026-04-18,92755421,2117,0,237.4862988673,227.3373117363,227.3373117363,1.0000000,3,2,0.49578660350880430,0.381345450000,1.4261814853676937,1.8012741603384856,1.4261814853676937,0.11444115350880430,ELIGIBLE,R03b_20260811_FULL_v1,L1_ELIGIBILITY,v2026-08-11,2026-03-21..2026-08-06,baccarat_bet02_101_all_pairs_incl_sentinel,round_win = game_pnl > 0 (decisive only),COMPATIBILITY_ONLY_NOT_PRODUCTION,2500103.8841,2280641.3266,9883.8276,11764,10369,-0.00395337,-0.05088190,-0.00239824,-0.00395337,-9883.8276,2500103.8841,OK,0.0000,395.3531,4.0000,96.0000,AG03-UNRESOLVED,ALL5_LEVELS_bet23_to_bet27,395.3531,395.3531,395.3531,395.3531,395.3531,4.000000,4.000000,4.000000,4.000000,4.000000,96.000000,96.000000,96.000000,96.000000,96.000000,5.0,1976.7655,1824.8244,7907.0621,8059.0032,PENDING_AG03,FALSE,NOT_FOR_ENFORCEMENT,9488.4745,2189415.6736,9883.8276,9488.4745,395.3531,0.00395337,0.00379523,395.3531,9488.4745,0.00379523,395.3531,395.3531,395.3531,395.3531,395.3531,9488.4745,0.00379523,1976.7655,1824.8244,7907.0621,8059.0032,0.00316269,0.00322347,0.00015813,212.5216,219.9480,0.9532,119.0823,2.3972,30121.7335,124.9277,49.0469,238.9093,36.5364,75.9244,374.9013,749.8027,789.266,1183.8989,75.8035,-1.1839,10.395423,15.593133,2.799122,29,215,300,5,0.03207536,0.00395337,0.05088190,0E-8,0.000000,0.912219,0.000000,-0.04848366,2026-03-31,2026-08-01,83,4123,1621,124,0.669355,0.205295,0.230786,0.106918,,,,,,,,GLOBAL_BASELINE_NO_ENTITY_RANKING,,,NOT_APPLICABLE_GLOBAL_BASELINE,HF9g-P5,,,,X 全窗基线 · 不参与实体赏罚,15054826,1506,A168_HF9F_20260827_0900,2026-08-27 09:00:00
2026-04-18,92755421,2127,0,231.3969065887,4.0595948525,4.0595948525,0.5000000,2,2,0.49994810000000000,0.499948100000,0.00014679536856514622,0.00014679536856514622,0.00014679536856514622,0E-17,ELIGIBLE,R03b_20260811_FULL_v1,L1_ELIGIBILITY,v2026-08-11,2026-03-21..2026-08-06,baccarat_bet02_101_all_pairs_incl_sentinel,round_win = game_pnl > 0 (decisive only),COMPATIBILITY_ONLY_NOT_PRODUCTION,2500103.8841,2280641.3266,9883.8276,11764,10369,-0.00395337,-0.05088190,-0.00239824,-0.00395337,-9883.8276,2500103.8841,OK,0.0000,395.3531,4.0000,96.0000,AG03-UNRESOLVED,ALL5_LEVELS_bet23_to_bet27,395.3531,395.3531,395.3531,395.3531,395.3531,4.000000,4.000000,4.000000,4.000000,4.000000,96.000000,96.000000,96.000000,96.000000,96.000000,5.0,1976.7655,1824.8244,7907.0621,8059.0032,PENDING_AG03,FALSE,NOT_FOR_ENFORCEMENT,9488.4745,2189415.6736,9883.8276,9488.4745,395.3531,0.00395337,0.00379523,395.3531,9488.4745,0.00379523,395.3531,395.3531,395.3531,395.3531,395.3531,9488.4745,0.00379523,1976.7655,1824.8244,7907.0621,8059.0032,0.00316269,0.00322347,0.00015813,212.5216,219.9480,0.9532,119.0823,2.3972,30121.7335,124.9277,49.0469,238.9093,36.5364,75.9244,374.9013,749.8027,789.266,1183.8989,75.8035,-1.1839,10.395423,15.593133,2.799122,29,215,300,5,0.03207536,0.00395337,0.05088190,0E-8,0.000000,0.912219,0.000000,-0.04848366,2026-03-31,2026-08-01,83,4123,1621,124,0.669355,0.205295,0.230786,0.106918,,,,,,,,GLOBAL_BASELINE_NO_ENTITY_RANKING,,,NOT_APPLICABLE_GLOBAL_BASELINE,HF9g-P5,,,,X 全窗基线 · 不参与实体赏罚,15054827,1506,A168_HF9F_20260827_0900,2026-08-27 09:00:00
2026-04-18,92755421,2141,0,121.7878455730,-121.7878455730,-121.7878455730,0E-7,1,1,0.50665070000000000,0.506650700000,-1.013391052207602,-1.013391052207602,-1.013391052207602,0E-17,ELIGIBLE,R03b_20260811_FULL_v1,L1_ELIGIBILITY,v2026-08-11,2026-03-21..2026-08-06,baccarat_bet02_101_all_pairs_incl_sentinel,round_win = game_pnl > 0 (decisive only),COMPATIBILITY_ONLY_NOT_PRODUCTION,2500103.8841,2280641.3266,9883.8276,11764,10369,-0.00395337,-0.05088190,-0.00239824,-0.00395337,-9883.8276,2500103.8841,OK,0.0000,395.3531,4.0000,96.0000,AG03-UNRESOLVED,ALL5_LEVELS_bet23_to_bet27,395.3531,395.3531,395.3531,395.3531,395.3531,4.000000,4.000000,4.000000,4.000000,4.000000,96.000000,96.000000,96.000000,96.000000,96.000000,5.0,1976.7655,1824.8244,7907.0621,8059.0032,PENDING_AG03,FALSE,NOT_FOR_ENFORCEMENT,9488.4745,2189415.6736,9883.8276,9488.4745,395.3531,0.00395337,0.00379523,395.3531,9488.4745,0.00379523,395.3531,395.3531,395.3531,395.3531,395.3531,9488.4745,0.00379523,1976.7655,1824.8244,7907.0621,8059.0032,0.00316269,0.00322347,0.00015813,212.5216,219.9480,0.9532,119.0823,2.3972,30121.7335,124.9277,49.0469,238.9093,36.5364,75.9244,374.9013,749.8027,789.266,1183.8989,75.8035,-1.1839,10.395423,15.593133,2.799122,29,215,300,5,0.03207536,0.00395337,0.05088190,0E-8,0.000000,0.912219,0.000000,-0.04848366,2026-03-31,2026-08-01,83,4123,1621,124,0.669355,0.205295,0.230786,0.106918,,,,,,,,GLOBAL_BASELINE_NO_ENTITY_RANKING,,,NOT_APPLICABLE_GLOBAL_BASELINE,HF9g-P5,,,,X 全窗基线 · 不参与实体赏罚,15054828,1506,A168_HF9F_20260827_0900,2026-08-27 09:00:00
2026-04-18,92755421,2147,0,243.5756911460,-121.7878455730,-121.7878455730,0E-7,2,2,0.50665070000000000,0.506650700000,-1.013391052207602,-1.013391052207602,-1.013391052207602,0E-17,ELIGIBLE,R03b_20260811_FULL_v1,L1_ELIGIBILITY,v2026-08-11,2026-03-21..2026-08-06,baccarat_bet02_101_all_pairs_incl_sentinel,round_win = game_pnl > 0 (decisive only),COMPATIBILITY_ONLY_NOT_PRODUCTION,2500103.8841,2280641.3266,9883.8276,11764,10369,-0.00395337,-0.05088190,-0.00239824,-0.00395337,-9883.8276,2500103.8841,OK,0.0000,395.3531,4.0000,96.0000,AG03-UNRESOLVED,ALL5_LEVELS_bet23_to_bet27,395.3531,395.3531,395.3531,395.3531,395.3531,4.000000,4.000000,4.000000,4.000000,4.000000,96.000000,96.000000,96.000000,96.000000,96.000000,5.0,1976.7655,1824.8244,7907.0621,8059.0032,PENDING_AG03,FALSE,NOT_FOR_ENFORCEMENT,9488.4745,2189415.6736,9883.8276,9488.4745,395.3531,0.00395337,0.00379523,395.3531,9488.4745,0.00379523,395.3531,395.3531,395.3531,395.3531,395.3531,9488.4745,0.00379523,1976.7655,1824.8244,7907.0621,8059.0032,0.00316269,0.00322347,0.00015813,212.5216,219.9480,0.9532,119.0823,2.3972,30121.7335,124.9277,49.0469,238.9093,36.5364,75.9244,374.9013,749.8027,789.266,1183.8989,75.8035,-1.1839,10.395423,15.593133,2.799122,29,215,300,5,0.03207536,0.00395337,0.05088190,0E-8,0.000000,0.912219,0.000000,-0.04848366,2026-03-31,2026-08-01,83,4123,1621,124,0.669355,0.205295,0.230786,0.106918,,,,,,,,GLOBAL_BASELINE_NO_ENTITY_RANKING,,,NOT_APPLICABLE_GLOBAL_BASELINE,HF9g-P5,,,,X 全窗基线 · 不参与实体赏罚,15054829,1506,A168_HF9F_20260827_0900,2026-08-27 09:00:00
2026-04-18,92755421,2156,0,653.5947712418,-247.6352859984,-247.6352859984,0.2000000,7,6,0.50179383440862299,0.463765183333,-1.3496717439444814,-1.1827035379160524,-1.3496717439444814,0.03802865107562299,ELIGIBLE,R03b_20260811_FULL_v1,L1_ELIGIBILITY,v2026-08-11,2026-03-21..2026-08-06,baccarat_bet02_101_all_pairs_incl_sentinel,round_win = game_pnl > 0 (decisive only),COMPATIBILITY_ONLY_NOT_PRODUCTION,2500103.8841,2280641.3266,9883.8276,11764,10369,-0.00395337,-0.05088190,-0.00239824,-0.00395337,-9883.8276,2500103.8841,OK,0.0000,395.3531,4.0000,96.0000,AG03-UNRESOLVED,ALL5_LEVELS_bet23_to_bet27,395.3531,395.3531,395.3531,395.3531,395.3531,4.000000,4.000000,4.000000,4.000000,4.000000,96.000000,96.000000,96.000000,96.000000,96.000000,5.0,1976.7655,1824.8244,7907.0621,8059.0032,PENDING_AG03,FALSE,NOT_FOR_ENFORCEMENT,9488.4745,2189415.6736,9883.8276,9488.4745,395.3531,0.00395337,0.00379523,395.3531,9488.4745,0.00379523,395.3531,395.3531,395.3531,395.3531,395.3531,9488.4745,0.00379523,1976.7655,1824.8244,7907.0621,8059.0032,0.00316269,0.00322347,0.00015813,212.5216,219.9480,0.9532,119.0823,2.3972,30121.7335,124.9277,49.0469,238.9093,36.5364,75.9244,374.9013,749.8027,789.266,1183.8989,75.8035,-1.1839,10.395423,15.593133,2.799122,29,215,300,5,0.03207536,0.00395337,0.05088190,0E-8,0.000000,0.912219,0.000000,-0.04848366,2026-03-31,2026-08-01,83,4123,1621,124,0.669355,0.205295,0.230786,0.106918,,,,,,,,GLOBAL_BASELINE_NO_ENTITY_RANKING,,,NOT_APPLICABLE_GLOBAL_BASELINE,HF9g-P5,,,,X 全窗基线 · 不参与实体赏罚,15054830,1506,A168_HF9F_20260827_0900,2026-08-27 09:00:00
2026-04-18,92755421,2169,0,355.2145495879,338.9761701783,338.9761701783,1.0000000,4,3,0.49930708424244742,0.423113866667,1.7344528036980134,2.0224465278938935,1.7344528036980134,0.07619321757544742,ELIGIBLE,R03b_20260811_FULL_v1,L1_ELIGIBILITY,v2026-08-11,2026-03-21..2026-08-06,baccarat_bet02_101_all_pairs_incl_sentinel,round_win = game_pnl > 0 (decisive only),COMPATIBILITY_ONLY_NOT_PRODUCTION,2500103.8841,2280641.3266,9883.8276,11764,10369,-0.00395337,-0.05088190,-0.00239824,-0.00395337,-9883.8276,2500103.8841,OK,0.0000,395.3531,4.0000,96.0000,AG03-UNRESOLVED,ALL5_LEVELS_bet23_to_bet27,395.3531,395.3531,395.3531,395.3531,395.3531,4.000000,4.000000,4.000000,4.000000,4.000000,96.000000,96.000000,96.000000,96.000000,96.000000,5.0,1976.7655,1824.8244,7907.0621,8059.0032,PENDING_AG03,FALSE,NOT_FOR_ENFORCEMENT,9488.4745,2189415.6736,9883.8276,9488.4745,395.3531,0.00395337,0.00379523,395.3531,9488.4745,0.00379523,395.3531,395.3531,395.3531,395.3531,395.3531,9488.4745,0.00379523,1976.7655,1824.8244,7907.0621,8059.0032,0.00316269,0.00322347,0.00015813,212.5216,219.9480,0.9532,119.0823,2.3972,30121.7335,124.9277,49.0469,238.9093,36.5364,75.9244,374.9013,749.8027,789.266,1183.8989,75.8035,-1.1839,10.395423,15.593133,2.799122,29,215,300,5,0.03207536,0.00395337,0.05088190,0E-8,0.000000,0.912219,0.000000,-0.04848366,2026-03-31,2026-08-01,83,4123,1621,124,0.669355,0.205295,0.230786,0.106918,,,,,,,,GLOBAL_BASELINE_NO_ENTITY_RANKING,,,NOT_APPLICABLE_GLOBAL_BASELINE,HF9g-P5,,,,X 全窗基线 · 不参与实体赏罚,15054831,1506,A168_HF9F_20260827_0900,2026-08-27 09:00:00
2026-04-18,92755421,2188,0,243.5756911460,-243.5756911460,-243.5756911460,0E-7,2,2,0.49994810000000000,0.499948100000,-1.4140667746232096,-1.4140667746232096,-1.4140667746232096,0E-17,ELIGIBLE,R03b_20260811_FULL_v1,L1_ELIGIBILITY,v2026-08-11,2026-03-21..2026-08-06,baccarat_bet02_101_all_pairs_incl_sentinel,round_win = game_pnl > 0 (decisive only),COMPATIBILITY_ONLY_NOT_PRODUCTION,2500103.8841,2280641.3266,9883.8276,11764,10369,-0.00395337,-0.05088190,-0.00239824,-0.00395337,-9883.8276,2500103.8841,OK,0.0000,395.3531,4.0000,96.0000,AG03-UNRESOLVED,ALL5_LEVELS_bet23_to_bet27,395.3531,395.3531,395.3531,395.3531,395.3531,4.000000,4.000000,4.000000,4.000000,4.000000,96.000000,96.000000,96.000000,96.000000,96.000000,5.0,1976.7655,1824.8244,7907.0621,8059.0032,PENDING_AG03,FALSE,NOT_FOR_ENFORCEMENT,9488.4745,2189415.6736,9883.8276,9488.4745,395.3531,0.00395337,0.00379523,395.3531,9488.4745,0.00379523,395.3531,395.3531,395.3531,395.3531,395.3531,9488.4745,0.00379523,1976.7655,1824.8244,7907.0621,8059.0032,0.00316269,0.00322347,0.00015813,212.5216,219.9480,0.9532,119.0823,2.3972,30121.7335,124.9277,49.0469,238.9093,36.5364,75.9244,374.9013,749.8027,789.266,1183.8989,75.8035,-1.1839,10.395423,15.593133,2.799122,29,215,300,5,0.03207536,0.00395337,0.05088190,0E-8,0.000000,0.912219,0.000000,-0.04848366,2026-03-31,2026-08-01,83,4123,1621,124,0.669355,0.205295,0.230786,0.106918,,,,,,,,GLOBAL_BASELINE_NO_ENTITY_RANKING,,,NOT_APPLICABLE_GLOBAL_BASELINE,HF9g-P5,,,,X 全窗基线 · 不参与实体赏罚,15054832,1506,A168_HF9F_20260827_0900,2026-08-27 09:00:00
2026-04-18,92755421,2201,0,121.7878455730,-121.7878455730,-121.7878455730,0E-7,1,1,0.50665070000000000,0.506650700000,-1.013391052207602,-1.013391052207602,-1.013391052207602,0E-17,ELIGIBLE,R03b_20260811_FULL_v1,L1_ELIGIBILITY,v2026-08-11,2026-03-21..2026-08-06,baccarat_bet02_101_all_pairs_incl_sentinel,round_win = game_pnl > 0 (decisive only),COMPATIBILITY_ONLY_NOT_PRODUCTION,2500103.8841,2280641.3266,9883.8276,11764,10369,-0.00395337,-0.05088190,-0.00239824,-0.00395337,-9883.8276,2500103.8841,OK,0.0000,395.3531,4.0000,96.0000,AG03-UNRESOLVED,ALL5_LEVELS_bet23_to_bet27,395.3531,395.3531,395.3531,395.3531,395.3531,4.000000,4.000000,4.000000,4.000000,4.000000,96.000000,96.000000,96.000000,96.000000,96.000000,5.0,1976.7655,1824.8244,7907.0621,8059.0032,PENDING_AG03,FALSE,NOT_FOR_ENFORCEMENT,9488.4745,2189415.6736,9883.8276,9488.4745,395.3531,0.00395337,0.00379523,395.3531,9488.4745,0.00379523,395.3531,395.3531,395.3531,395.3531,395.3531,9488.4745,0.00379523,1976.7655,1824.8244,7907.0621,8059.0032,0.00316269,0.00322347,0.00015813,212.5216,219.9480,0.9532,119.0823,2.3972,30121.7335,124.9277,49.0469,238.9093,36.5364,75.9244,374.9013,749.8027,789.266,1183.8989,75.8035,-1.1839,10.395423,15.593133,2.799122,29,215,300,5,0.03207536,0.00395337,0.05088190,0E-8,0.000000,0.912219,0.000000,-0.04848366,2026-03-31,2026-08-01,83,4123,1621,124,0.669355,0.205295,0.230786,0.106918,,,,,,,,GLOBAL_BASELINE_NO_ENTITY_RANKING,,,NOT_APPLICABLE_GLOBAL_BASELINE,HF9g-P5,,,,X 全窗基线 · 不参与实体赏罚,15054833,1506,A168_HF9F_20260827_0900,2026-08-27 09:00:00
2026-04-18,92755421,2220,0,243.5756911460,-243.5756911460,-243.5756911460,0E-7,2,2,0.49994810000000000,0.499948100000,-1.4140667746232096,-1.4140667746232096,-1.4140667746232096,0E-17,ELIGIBLE,R03b_20260811_FULL_v1,L1_ELIGIBILITY,v2026-08-11,2026-03-21..2026-08-06,baccarat_bet02_101_all_pairs_incl_sentinel,round_win = game_pnl > 0 (decisive only),COMPATIBILITY_ONLY_NOT_PRODUCTION,2500103.8841,2280641.3266,9883.8276,11764,10369,-0.00395337,-0.05088190,-0.00239824,-0.00395337,-9883.8276,2500103.8841,OK,0.0000,395.3531,4.0000,96.0000,AG03-UNRESOLVED,ALL5_LEVELS_bet23_to_bet27,395.3531,395.3531,395.3531,395.3531,395.3531,4.000000,4.000000,4.000000,4.000000,4.000000,96.000000,96.000000,96.000000,96.000000,96.000000,5.0,1976.7655,1824.8244,7907.0621,8059.0032,PENDING_AG03,FALSE,NOT_FOR_ENFORCEMENT,9488.4745,2189415.6736,9883.8276,9488.4745,395.3531,0.00395337,0.00379523,395.3531,9488.4745,0.00379523,395.3531,395.3531,395.3531,395.3531,395.3531,9488.4745,0.00379523,1976.7655,1824.8244,7907.0621,8059.0032,0.00316269,0.00322347,0.00015813,212.5216,219.9480,0.9532,119.0823,2.3972,30121.7335,124.9277,49.0469,238.9093,36.5364,75.9244,374.9013,749.8027,789.266,1183.8989,75.8035,-1.1839,10.395423,15.593133,2.799122,29,215,300,5,0.03207536,0.00395337,0.05088190,0E-8,0.000000,0.912219,0.000000,-0.04848366,2026-03-31,2026-08-01,83,4123,1621,124,0.669355,0.205295,0.230786,0.106918,,,,,,,,GLOBAL_BASELINE_NO_ENTITY_RANKING,,,NOT_APPLICABLE_GLOBAL_BASELINE,HF9g-P5,,,,X 全窗基线 · 不参与实体赏罚,15054834,1506,A168_HF9F_20260827_0900,2026-08-27 09:00:00
2026-04-18,92755421,2223,0,40.5959485243,-40.5959485243,-40.5959485243,0E-7,1,1,0.49324550000000000,0.493245500000,-0.9865810262130424,-0.9865810262130424,-0.9865810262130424,0E-17,ELIGIBLE,R03b_20260811_FULL_v1,L1_ELIGIBILITY,v2026-08-11,2026-03-21..2026-08-06,baccarat_bet02_101_all_pairs_incl_sentinel,round_win = game_pnl > 0 (decisive only),COMPATIBILITY_ONLY_NOT_PRODUCTION,2500103.8841,2280641.3266,9883.8276,11764,10369,-0.00395337,-0.05088190,-0.00239824,-0.00395337,-9883.8276,2500103.8841,OK,0.0000,395.3531,4.0000,96.0000,AG03-UNRESOLVED,ALL5_LEVELS_bet23_to_bet27,395.3531,395.3531,395.3531,395.3531,395.3531,4.000000,4.000000,4.000000,4.000000,4.000000,96.000000,96.000000,96.000000,96.000000,96.000000,5.0,1976.7655,1824.8244,7907.0621,8059.0032,PENDING_AG03,FALSE,NOT_FOR_ENFORCEMENT,9488.4745,2189415.6736,9883.8276,9488.4745,395.3531,0.00395337,0.00379523,395.3531,9488.4745,0.00379523,395.3531,395.3531,395.3531,395.3531,395.3531,9488.4745,0.00379523,1976.7655,1824.8244,7907.0621,8059.0032,0.00316269,0.00322347,0.00015813,212.5216,219.9480,0.9532,119.0823,2.3972,30121.7335,124.9277,49.0469,238.9093,36.5364,75.9244,374.9013,749.8027,789.266,1183.8989,75.8035,-1.1839,10.395423,15.593133,2.799122,29,215,300,5,0.03207536,0.00395337,0.05088190,0E-8,0.000000,0.912219,0.000000,-0.04848366,2026-03-31,2026-08-01,83,4123,1621,124,0.669355,0.205295,0.230786,0.106918,,,,,,,,GLOBAL_BASELINE_NO_ENTITY_RANKING,,,NOT_APPLICABLE_GLOBAL_BASELINE,HF9g-P5,,,,X 全窗基线 · 不参与实体赏罚,15054835,1506,A168_HF9F_20260827_0900,2026-08-27 09:00:00
2026-04-18,92755421,2233,0,572.4028741931,97.6332562010,97.6332562010,0.6000000,5,5,0.49860758000000000,0.498607580000,0.4534424453485946,0.4534424453485946,0.4534424453485946,0E-17,ELIGIBLE,R03b_20260811_FULL_v1,L1_ELIGIBILITY,v2026-08-11,2026-03-21..2026-08-06,baccarat_bet02_101_all_pairs_incl_sentinel,round_win = game_pnl > 0 (decisive only),COMPATIBILITY_ONLY_NOT_PRODUCTION,2500103.8841,2280641.3266,9883.8276,11764,10369,-0.00395337,-0.05088190,-0.00239824,-0.00395337,-9883.8276,2500103.8841,OK,0.0000,395.3531,4.0000,96.0000,AG03-UNRESOLVED,ALL5_LEVELS_bet23_to_bet27,395.3531,395.3531,395.3531,395.3531,395.3531,4.000000,4.000000,4.000000,4.000000,4.000000,96.000000,96.000000,96.000000,96.000000,96.000000,5.0,1976.7655,1824.8244,7907.0621,8059.0032,PENDING_AG03,FALSE,NOT_FOR_ENFORCEMENT,9488.4745,2189415.6736,9883.8276,9488.4745,395.3531,0.00395337,0.00379523,395.3531,9488.4745,0.00379523,395.3531,395.3531,395.3531,395.3531,395.3531,9488.4745,0.00379523,1976.7655,1824.8244,7907.0621,8059.0032,0.00316269,0.00322347,0.00015813,212.5216,219.9480,0.9532,119.0823,2.3972,30121.7335,124.9277,49.0469,238.9093,36.5364,75.9244,374.9013,749.8027,789.266,1183.8989,75.8035,-1.1839,10.395423,15.593133,2.799122,29,215,300,5,0.03207536,0.00395337,0.05088190,0E-8,0.000000,0.912219,0.000000,-0.04848366,2026-03-31,2026-08-01,83,4123,1621,124,0.669355,0.205295,0.230786,0.106918,,,,,,,,GLOBAL_BASELINE_NO_ENTITY_RANKING,,,NOT_APPLICABLE_GLOBAL_BASELINE,HF9g-P5,,,,X 全窗基线 · 不参与实体赏罚,15054836,1506,A168_HF9F_20260827_0900,2026-08-27 09:00:00
2026-04-18,92755421,2234,0,121.7878455730,-121.7878455730,-121.7878455730,0E-7,1,1,0.50665070000000000,0.506650700000,-1.013391052207602,-1.013391052207602,-1.013391052207602,0E-17,ELIGIBLE,R03b_20260811_FULL_v1,L1_ELIGIBILITY,v2026-08-11,2026-03-21..2026-08-06,baccarat_bet02_101_all_pairs_incl_sentinel,round_win = game_pnl > 0 (decisive only),COMPATIBILITY_ONLY_NOT_PRODUCTION,2500103.8841,2280641.3266,9883.8276,11764,10369,-0.00395337,-0.05088190,-0.00239824,-0.00395337,-9883.8276,2500103.8841,OK,0.0000,395.3531,4.0000,96.0000,AG03-UNRESOLVED,ALL5_LEVELS_bet23_to_bet27,395.3531,395.3531,395.3531,395.3531,395.3531,4.000000,4.000000,4.000000,4.000000,4.000000,96.000000,96.000000,96.000000,96.000000,96.000000,5.0,1976.7655,1824.8244,7907.0621,8059.0032,PENDING_AG03,FALSE,NOT_FOR_ENFORCEMENT,9488.4745,2189415.6736,9883.8276,9488.4745,395.3531,0.00395337,0.00379523,395.3531,9488.4745,0.00379523,395.3531,395.3531,395.3531,395.3531,395.3531,9488.4745,0.00379523,1976.7655,1824.8244,7907.0621,8059.0032,0.00316269,0.00322347,0.00015813,212.5216,219.9480,0.9532,119.0823,2.3972,30121.7335,124.9277,49.0469,238.9093,36.5364,75.9244,374.9013,749.8027,789.266,1183.8989,75.8035,-1.1839,10.395423,15.593133,2.799122,29,215,300,5,0.03207536,0.00395337,0.05088190,0E-8,0.000000,0.912219,0.000000,-0.04848366,2026-03-31,2026-08-01,83,4123,1621,124,0.669355,0.205295,0.230786,0.106918,,,,,,,,GLOBAL_BASELINE_NO_ENTITY_RANKING,,,NOT_APPLICABLE_GLOBAL_BASELINE,HF9g-P5,,,,X 全窗基线 · 不参与实体赏罚,15054837,1506,A168_HF9F_20260827_0900,2026-08-27 09:00:00
2026-04-18,92755421,2241,0,243.5756911460,0E-10,0E-10,0.5000000,2,2,0.49994810000000000,0.499948100000,0.00014679536856514622,0.00014679536856514622,0.00014679536856514622,0E-17,ELIGIBLE,R03b_20260811_FULL_v1,L1_ELIGIBILITY,v2026-08-11,2026-03-21..2026-08-06,baccarat_bet02_101_all_pairs_incl_sentinel,round_win = game_pnl > 0 (decisive only),COMPATIBILITY_ONLY_NOT_PRODUCTION,2500103.8841,2280641.3266,9883.8276,11764,10369,-0.00395337,-0.05088190,-0.00239824,-0.00395337,-9883.8276,2500103.8841,OK,0.0000,395.3531,4.0000,96.0000,AG03-UNRESOLVED,ALL5_LEVELS_bet23_to_bet27,395.3531,395.3531,395.3531,395.3531,395.3531,4.000000,4.000000,4.000000,4.000000,4.000000,96.000000,96.000000,96.000000,96.000000,96.000000,5.0,1976.7655,1824.8244,7907.0621,8059.0032,PENDING_AG03,FALSE,NOT_FOR_ENFORCEMENT,9488.4745,2189415.6736,9883.8276,9488.4745,395.3531,0.00395337,0.00379523,395.3531,9488.4745,0.00379523,395.3531,395.3531,395.3531,395.3531,395.3531,9488.4745,0.00379523,1976.7655,1824.8244,7907.0621,8059.0032,0.00316269,0.00322347,0.00015813,212.5216,219.9480,0.9532,119.0823,2.3972,30121.7335,124.9277,49.0469,238.9093,36.5364,75.9244,374.9013,749.8027,789.266,1183.8989,75.8035,-1.1839,10.395423,15.593133,2.799122,29,215,300,5,0.03207536,0.00395337,0.05088190,0E-8,0.000000,0.912219,0.000000,-0.04848366,2026-03-31,2026-08-01,83,4123,1621,124,0.669355,0.205295,0.230786,0.106918,,,,,,,,GLOBAL_BASELINE_NO_ENTITY_RANKING,,,NOT_APPLICABLE_GLOBAL_BASELINE,HF9g-P5,,,,X 全窗基线 · 不参与实体赏罚,15054838,1506,A168_HF9F_20260827_0900,2026-08-27 09:00:00
2026-04-18,92755421,2242,0,622.3358908779,-141.2739008645,-141.2739008645,0.2500000,8,5,0.49525529845832082,0.357624920000,-0.9810653666929445,-0.4490912651407179,-0.9810653666929445,0.13763037845832082,ELIGIBLE,R03b_20260811_FULL_v1,L1_ELIGIBILITY,v2026-08-11,2026-03-21..2026-08-06,baccarat_bet02_101_all_pairs_incl_sentinel,round_win = game_pnl > 0 (decisive only),COMPATIBILITY_ONLY_NOT_PRODUCTION,2500103.8841,2280641.3266,9883.8276,11764,10369,-0.00395337,-0.05088190,-0.00239824,-0.00395337,-9883.8276,2500103.8841,OK,0.0000,395.3531,4.0000,96.0000,AG03-UNRESOLVED,ALL5_LEVELS_bet23_to_bet27,395.3531,395.3531,395.3531,395.3531,395.3531,4.000000,4.000000,4.000000,4.000000,4.000000,96.000000,96.000000,96.000000,96.000000,96.000000,5.0,1976.7655,1824.8244,7907.0621,8059.0032,PENDING_AG03,FALSE,NOT_FOR_ENFORCEMENT,9488.4745,2189415.6736,9883.8276,9488.4745,395.3531,0.00395337,0.00379523,395.3531,9488.4745,0.00379523,395.3531,395.3531,395.3531,395.3531,395.3531,9488.4745,0.00379523,1976.7655,1824.8244,7907.0621,8059.0032,0.00316269,0.00322347,0.00015813,212.5216,219.9480,0.9532,119.0823,2.3972,30121.7335,124.9277,49.0469,238.9093,36.5364,75.9244,374.9013,749.8027,789.266,1183.8989,75.8035,-1.1839,10.395423,15.593133,2.799122,29,215,300,5,0.03207536,0.00395337,0.05088190,0E-8,0.000000,0.912219,0.000000,-0.04848366,2026-03-31,2026-08-01,83,4123,1621,124,0.669355,0.205295,0.230786,0.106918,,,,,,,,GLOBAL_BASELINE_NO_ENTITY_RANKING,,,NOT_APPLICABLE_GLOBAL_BASELINE,HF9g-P5,,,,X 全窗基线 · 不参与实体赏罚,15054839,1506,A168_HF9F_20260827_0900,2026-08-27 09:00:00
2026-04-18,92755421,2254,0,592.7008484551,556.1644947835,556.1644947835,1.0000000,9,5,0.48859102579605329,0.307502820000,2.287686090699486,3.35559435650449,2.287686090699486,0.18108820579605329,ELIGIBLE,R03b_20260811_FULL_v1,L1_ELIGIBILITY,v2026-08-11,2026-03-21..2026-08-06,baccarat_bet02_101_all_pairs_incl_sentinel,round_win = game_pnl > 0 (decisive only),COMPATIBILITY_ONLY_NOT_PRODUCTION,2500103.8841,2280641.3266,9883.8276,11764,10369,-0.00395337,-0.05088190,-0.00239824,-0.00395337,-9883.8276,2500103.8841,OK,0.0000,395.3531,4.0000,96.0000,AG03-UNRESOLVED,ALL5_LEVELS_bet23_to_bet27,395.3531,395.3531,395.3531,395.3531,395.3531,4.000000,4.000000,4.000000,4.000000,4.000000,96.000000,96.000000,96.000000,96.000000,96.000000,5.0,1976.7655,1824.8244,7907.0621,8059.0032,PENDING_AG03,FALSE,NOT_FOR_ENFORCEMENT,9488.4745,2189415.6736,9883.8276,9488.4745,395.3531,0.00395337,0.00379523,395.3531,9488.4745,0.00379523,395.3531,395.3531,395.3531,395.3531,395.3531,9488.4745,0.00379523,1976.7655,1824.8244,7907.0621,8059.0032,0.00316269,0.00322347,0.00015813,212.5216,219.9480,0.9532,119.0823,2.3972,30121.7335,124.9277,49.0469,238.9093,36.5364,75.9244,374.9013,749.8027,789.266,1183.8989,75.8035,-1.1839,10.395423,15.593133,2.799122,29,215,300,5,0.03207536,0.00395337,0.05088190,0E-8,0.000000,0.912219,0.000000,-0.04848366,2026-03-31,2026-08-01,83,4123,1621,124,0.669355,0.205295,0.230786,0.106918,,,,,,,,GLOBAL_BASELINE_NO_ENTITY_RANKING,,,NOT_APPLICABLE_GLOBAL_BASELINE,HF9g-P5,,,,X 全窗基线 · 不参与实体赏罚,15054840,1506,A168_HF9F_20260827_0900,2026-08-27 09:00:00
2026-04-18,92755421,2258,0,628.4252831564,283.9686599278,283.9686599278,0.6666667,10,6,0.49100540821062979,0.341811233333,0.8607001787584877,1.6776345494780915,0.8607001787584877,0.14919417487762979,ELIGIBLE,R03b_20260811_FULL_v1,L1_ELIGIBILITY,v2026-08-11,2026-03-21..2026-08-06,baccarat_bet02_101_all_pairs_incl_sentinel,round_win = game_pnl > 0 (decisive only),COMPATIBILITY_ONLY_NOT_PRODUCTION,2500103.8841,2280641.3266,9883.8276,11764,10369,-0.00395337,-0.05088190,-0.00239824,-0.00395337,-9883.8276,2500103.8841,OK,0.0000,395.3531,4.0000,96.0000,AG03-UNRESOLVED,ALL5_LEVELS_bet23_to_bet27,395.3531,395.3531,395.3531,395.3531,395.3531,4.000000,4.000000,4.000000,4.000000,4.000000,96.000000,96.000000,96.000000,96.000000,96.000000,5.0,1976.7655,1824.8244,7907.0621,8059.0032,PENDING_AG03,FALSE,NOT_FOR_ENFORCEMENT,9488.4745,2189415.6736,9883.8276,9488.4745,395.3531,0.00395337,0.00379523,395.3531,9488.4745,0.00379523,395.3531,395.3531,395.3531,395.3531,395.3531,9488.4745,0.00379523,1976.7655,1824.8244,7907.0621,8059.0032,0.00316269,0.00322347,0.00015813,212.5216,219.9480,0.9532,119.0823,2.3972,30121.7335,124.9277,49.0469,238.9093,36.5364,75.9244,374.9013,749.8027,789.266,1183.8989,75.8035,-1.1839,10.395423,15.593133,2.799122,29,215,300,5,0.03207536,0.00395337,0.05088190,0E-8,0.000000,0.912219,0.000000,-0.04848366,2026-03-31,2026-08-01,83,4123,1621,124,0.669355,0.205295,0.230786,0.106918,,,,,,,,GLOBAL_BASELINE_NO_ENTITY_RANKING,,,NOT_APPLICABLE_GLOBAL_BASELINE,HF9g-P5,,,,X 全窗基线 · 不参与实体赏罚,15054841,1506,A168_HF9F_20260827_0900,2026-08-27 09:00:00
2026-04-18,92755421,2261,0,246.0114480575,-246.0114480575,-246.0114480575,0E-7,3,2,0.49516559215678575,0.377994150000,-1.4006052621169411,-1.1024535556035449,-1.4006052621169411,0.11717144215678575,ELIGIBLE,R03b_20260811_FULL_v1,L1_ELIGIBILITY,v2026-08-11,2026-03-21..2026-08-06,baccarat_bet02_101_all_pairs_incl_sentinel,round_win = game_pnl > 0 (decisive only),COMPATIBILITY_ONLY_NOT_PRODUCTION,2500103.8841,2280641.3266,9883.8276,11764,10369,-0.00395337,-0.05088190,-0.00239824,-0.00395337,-9883.8276,2500103.8841,OK,0.0000,395.3531,4.0000,96.0000,AG03-UNRESOLVED,ALL5_LEVELS_bet23_to_bet27,395.3531,395.3531,395.3531,395.3531,395.3531,4.000000,4.000000,4.000000,4.000000,4.000000,96.000000,96.000000,96.000000,96.000000,96.000000,5.0,1976.7655,1824.8244,7907.0621,8059.0032,PENDING_AG03,FALSE,NOT_FOR_ENFORCEMENT,9488.4745,2189415.6736,9883.8276,9488.4745,395.3531,0.00395337,0.00379523,395.3531,9488.4745,0.00379523,395.3531,395.3531,395.3531,395.3531,395.3531,9488.4745,0.00379523,1976.7655,1824.8244,7907.0621,8059.0032,0.00316269,0.00322347,0.00015813,212.5216,219.9480,0.9532,119.0823,2.3972,30121.7335,124.9277,49.0469,238.9093,36.5364,75.9244,374.9013,749.8027,789.266,1183.8989,75.8035,-1.1839,10.395423,15.593133,2.799122,29,215,300,5,0.03207536,0.00395337,0.05088190,0E-8,0.000000,0.912219,0.000000,-0.04848366,2026-03-31,2026-08-01,83,4123,1621,124,0.669355,0.205295,0.230786,0.106918,,,,,,,,GLOBAL_BASELINE_NO_ENTITY_RANKING,,,NOT_APPLICABLE_GLOBAL_BASELINE,HF9g-P5,,,,X 全窗基线 · 不参与实体赏罚,15054842,1506,A168_HF9F_20260827_0900,2026-08-27 09:00:00
2026-04-18,92755421,462,0,711.2410181463,320.9109730850,320.9109730850,0.6666667,9,6,0.49555030201580554,0.381345450000,0.8383287582304576,1.4388857191982238,0.8383287582304576,0.11420485201580554,ELIGIBLE,R03b_20260811_FULL_v1,L1_ELIGIBILITY,v2026-08-11,2026-03-21..2026-08-06,baccarat_bet02_101_all_pairs_incl_sentinel,round_win = game_pnl > 0 (decisive only),COMPATIBILITY_ONLY_NOT_PRODUCTION,2500103.8841,2280641.3266,9883.8276,11764,10369,-0.00395337,-0.05088190,-0.00239824,-0.00395337,-9883.8276,2500103.8841,OK,0.0000,395.3531,4.0000,96.0000,AG03-UNRESOLVED,ALL5_LEVELS_bet23_to_bet27,395.3531,395.3531,395.3531,395.3531,395.3531,4.000000,4.000000,4.000000,4.000000,4.000000,96.000000,96.000000,96.000000,96.000000,96.000000,5.0,1976.7655,1824.8244,7907.0621,8059.0032,PENDING_AG03,FALSE,NOT_FOR_ENFORCEMENT,9488.4745,2189415.6736,9883.8276,9488.4745,395.3531,0.00395337,0.00379523,395.3531,9488.4745,0.00379523,395.3531,395.3531,395.3531,395.3531,395.3531,9488.4745,0.00379523,1976.7655,1824.8244,7907.0621,8059.0032,0.00316269,0.00322347,0.00015813,212.5216,219.9480,0.9532,119.0823,2.3972,30121.7335,124.9277,49.0469,238.9093,36.5364,75.9244,374.9013,749.8027,789.266,1183.8989,75.8035,-1.1839,10.395423,15.593133,2.799122,29,215,300,5,0.03207536,0.00395337,0.05088190,0E-8,0.000000,0.912219,0.000000,-0.04848366,2026-03-31,2026-08-01,83,4123,1621,124,0.669355,0.205295,0.230786,0.106918,,,,,,,,GLOBAL_BASELINE_NO_ENTITY_RANKING,,,NOT_APPLICABLE_GLOBAL_BASELINE,HF9g-P5,,,,X 全窗基线 · 不参与实体赏罚,15054843,1506,A168_HF9F_20260827_0900,2026-08-27 09:00:00
2026-04-18,92755421,583,0,81.1918970487,0E-10,0E-10,,1,1,0.50665070000000000,0.506650700000,,,,0E-17,NO_DECISIVE_ROUND,R03b_20260811_FULL_v1,L1_ELIGIBILITY,v2026-08-11,2026-03-21..2026-08-06,baccarat_bet02_101_all_pairs_incl_sentinel,round_win = game_pnl > 0 (decisive only),COMPATIBILITY_ONLY_NOT_PRODUCTION,2500103.8841,2280641.3266,9883.8276,11764,10369,-0.00395337,-0.05088190,-0.00239824,-0.00395337,-9883.8276,2500103.8841,OK,0.0000,395.3531,4.0000,96.0000,AG03-UNRESOLVED,ALL5_LEVELS_bet23_to_bet27,395.3531,395.3531,395.3531,395.3531,395.3531,4.000000,4.000000,4.000000,4.000000,4.000000,96.000000,96.000000,96.000000,96.000000,96.000000,5.0,1976.7655,1824.8244,7907.0621,8059.0032,PENDING_AG03,FALSE,NOT_FOR_ENFORCEMENT,9488.4745,2189415.6736,9883.8276,9488.4745,395.3531,0.00395337,0.00379523,395.3531,9488.4745,0.00379523,395.3531,395.3531,395.3531,395.3531,395.3531,9488.4745,0.00379523,1976.7655,1824.8244,7907.0621,8059.0032,0.00316269,0.00322347,0.00015813,212.5216,219.9480,0.9532,119.0823,2.3972,30121.7335,124.9277,49.0469,238.9093,36.5364,75.9244,374.9013,749.8027,789.266,1183.8989,75.8035,-1.1839,10.395423,15.593133,2.799122,29,215,300,5,0.03207536,0.00395337,0.05088190,0E-8,0.000000,0.912219,0.000000,-0.04848366,2026-03-31,2026-08-01,83,4123,1621,124,0.669355,0.205295,0.230786,0.106918,,,,,,,,GLOBAL_BASELINE_NO_ENTITY_RANKING,,,NOT_APPLICABLE_GLOBAL_BASELINE,HF9g-P5,,,,X 全窗基线 · 不参与实体赏罚,15054844,1506,A168_HF9F_20260827_0900,2026-08-27 09:00:00
2026-04-18,92755421,763,0,101.4898713108,-101.4898713108,-101.4898713108,0E-7,1,1,0.49324550000000000,0.493245500000,-0.9865810262130424,-0.9865810262130424,-0.9865810262130424,0E-17,ELIGIBLE,R03b_20260811_FULL_v1,L1_ELIGIBILITY,v2026-08-11,2026-03-21..2026-08-06,baccarat_bet02_101_all_pairs_incl_sentinel,round_win = game_pnl > 0 (decisive only),COMPATIBILITY_ONLY_NOT_PRODUCTION,2500103.8841,2280641.3266,9883.8276,11764,10369,-0.00395337,-0.05088190,-0.00239824,-0.00395337,-9883.8276,2500103.8841,OK,0.0000,395.3531,4.0000,96.0000,AG03-UNRESOLVED,ALL5_LEVELS_bet23_to_bet27,395.3531,395.3531,395.3531,395.3531,395.3531,4.000000,4.000000,4.000000,4.000000,4.000000,96.000000,96.000000,96.000000,96.000000,96.000000,5.0,1976.7655,1824.8244,7907.0621,8059.0032,PENDING_AG03,FALSE,NOT_FOR_ENFORCEMENT,9488.4745,2189415.6736,9883.8276,9488.4745,395.3531,0.00395337,0.00379523,395.3531,9488.4745,0.00379523,395.3531,395.3531,395.3531,395.3531,395.3531,9488.4745,0.00379523,1976.7655,1824.8244,7907.0621,8059.0032,0.00316269,0.00322347,0.00015813,212.5216,219.9480,0.9532,119.0823,2.3972,30121.7335,124.9277,49.0469,238.9093,36.5364,75.9244,374.9013,749.8027,789.266,1183.8989,75.8035,-1.1839,10.395423,15.593133,2.799122,29,215,300,5,0.03207536,0.00395337,0.05088190,0E-8,0.000000,0.912219,0.000000,-0.04848366,2026-03-31,2026-08-01,83,4123,1621,124,0.669355,0.205295,0.230786,0.106918,,,,,,,,GLOBAL_BASELINE_NO_ENTITY_RANKING,,,NOT_APPLICABLE_GLOBAL_BASELINE,HF9g-P5,,,,X 全窗基线 · 不参与实体赏罚,15054845,1506,A168_HF9F_20260827_0900,2026-08-27 09:00:00
2026-04-18,92755421,772,0,81.1918970487,77.1323021962,77.1323021962,1.0000000,1,1,0.50665070000000000,0.506650700000,0.9867858985152569,0.9867858985152569,0.9867858985152569,0E-17,ELIGIBLE,R03b_20260811_FULL_v1,L1_ELIGIBILITY,v2026-08-11,2026-03-21..2026-08-06,baccarat_bet02_101_all_pairs_incl_sentinel,round_win = game_pnl > 0 (decisive only),COMPATIBILITY_ONLY_NOT_PRODUCTION,2500103.8841,2280641.3266,9883.8276,11764,10369,-0.00395337,-0.05088190,-0.00239824,-0.00395337,-9883.8276,2500103.8841,OK,0.0000,395.3531,4.0000,96.0000,AG03-UNRESOLVED,ALL5_LEVELS_bet23_to_bet27,395.3531,395.3531,395.3531,395.3531,395.3531,4.000000,4.000000,4.000000,4.000000,4.000000,96.000000,96.000000,96.000000,96.000000,96.000000,5.0,1976.7655,1824.8244,7907.0621,8059.0032,PENDING_AG03,FALSE,NOT_FOR_ENFORCEMENT,9488.4745,2189415.6736,9883.8276,9488.4745,395.3531,0.00395337,0.00379523,395.3531,9488.4745,0.00379523,395.3531,395.3531,395.3531,395.3531,395.3531,9488.4745,0.00379523,1976.7655,1824.8244,7907.0621,8059.0032,0.00316269,0.00322347,0.00015813,212.5216,219.9480,0.9532,119.0823,2.3972,30121.7335,124.9277,49.0469,238.9093,36.5364,75.9244,374.9013,749.8027,789.266,1183.8989,75.8035,-1.1839,10.395423,15.593133,2.799122,29,215,300,5,0.03207536,0.00395337,0.05088190,0E-8,0.000000,0.912219,0.000000,-0.04848366,2026-03-31,2026-08-01,83,4123,1621,124,0.669355,0.205295,0.230786,0.106918,,,,,,,,GLOBAL_BASELINE_NO_ENTITY_RANKING,,,NOT_APPLICABLE_GLOBAL_BASELINE,HF9g-P5,,,,X 全窗基线 · 不参与实体赏罚,15054846,1506,A168_HF9F_20260827_0900,2026-08-27 09:00:00
2026-04-18,92755421,919,0,121.7878455730,-121.7878455730,-121.7878455730,0E-7,1,1,0.50665070000000000,0.506650700000,-1.013391052207602,-1.013391052207602,-1.013391052207602,0E-17,ELIGIBLE,R03b_20260811_FULL_v1,L1_ELIGIBILITY,v2026-08-11,2026-03-21..2026-08-06,baccarat_bet02_101_all_pairs_incl_sentinel,round_win = game_pnl > 0 (decisive only),COMPATIBILITY_ONLY_NOT_PRODUCTION,2500103.8841,2280641.3266,9883.8276,11764,10369,-0.00395337,-0.05088190,-0.00239824,-0.00395337,-9883.8276,2500103.8841,OK,0.0000,395.3531,4.0000,96.0000,AG03-UNRESOLVED,ALL5_LEVELS_bet23_to_bet27,395.3531,395.3531,395.3531,395.3531,395.3531,4.000000,4.000000,4.000000,4.000000,4.000000,96.000000,96.000000,96.000000,96.000000,96.000000,5.0,1976.7655,1824.8244,7907.0621,8059.0032,PENDING_AG03,FALSE,NOT_FOR_ENFORCEMENT,9488.4745,2189415.6736,9883.8276,9488.4745,395.3531,0.00395337,0.00379523,395.3531,9488.4745,0.00379523,395.3531,395.3531,395.3531,395.3531,395.3531,9488.4745,0.00379523,1976.7655,1824.8244,7907.0621,8059.0032,0.00316269,0.00322347,0.00015813,212.5216,219.9480,0.9532,119.0823,2.3972,30121.7335,124.9277,49.0469,238.9093,36.5364,75.9244,374.9013,749.8027,789.266,1183.8989,75.8035,-1.1839,10.395423,15.593133,2.799122,29,215,300,5,0.03207536,0.00395337,0.05088190,0E-8,0.000000,0.912219,0.000000,-0.04848366,2026-03-31,2026-08-01,83,4123,1621,124,0.669355,0.205295,0.230786,0.106918,,,,,,,,GLOBAL_BASELINE_NO_ENTITY_RANKING,,,NOT_APPLICABLE_GLOBAL_BASELINE,HF9g-P5,,,,X 全窗基线 · 不参与实体赏罚,15054847,1506,A168_HF9F_20260827_0900,2026-08-27 09:00:00
2026-04-19,92755421,-1,1,20605.2855924972,58.1942922105,58.1942922105,0.5263158,139,100,0.49711067267156118,0.407438033000,0.5693220402948376,2.3581136542267305,0.5693220402948376,0.08967263967156118,SENTINEL_DEALER,R03b_20260811_FULL_v1,L1_ELIGIBILITY,v2026-08-11,2026-03-21..2026-08-06,baccarat_bet02_101_all_pairs_incl_sentinel,round_win = game_pnl > 0 (decisive only),COMPATIBILITY_ONLY_NOT_PRODUCTION,2500103.8841,2280641.3266,9883.8276,11764,10369,-0.00395337,-0.05088190,-0.00239824,-0.00395337,-9883.8276,2500103.8841,OK,0.0000,395.3531,4.0000,96.0000,AG03-UNRESOLVED,ALL5_LEVELS_bet23_to_bet27,395.3531,395.3531,395.3531,395.3531,395.3531,4.000000,4.000000,4.000000,4.000000,4.000000,96.000000,96.000000,96.000000,96.000000,96.000000,5.0,1976.7655,1824.8244,7907.0621,8059.0032,PENDING_AG03,FALSE,NOT_FOR_ENFORCEMENT,9488.4745,2189415.6736,9883.8276,9488.4745,395.3531,0.00395337,0.00379523,395.3531,9488.4745,0.00379523,395.3531,395.3531,395.3531,395.3531,395.3531,9488.4745,0.00379523,1976.7655,1824.8244,7907.0621,8059.0032,0.00316269,0.00322347,0.00015813,212.5216,219.9480,0.9532,119.0823,2.3972,30121.7335,124.9277,49.0469,238.9093,36.5364,75.9244,374.9013,749.8027,789.266,1183.8989,75.8035,-1.1839,10.395423,15.593133,2.799122,29,215,300,5,0.03207536,0.00395337,0.05088190,0E-8,0.000000,0.912219,0.000000,-0.04848366,2026-03-31,2026-08-01,83,4123,1621,124,0.669355,0.205295,0.230786,0.106918,,,,,,,,GLOBAL_BASELINE_NO_ENTITY_RANKING,,,NOT_APPLICABLE_GLOBAL_BASELINE,HF9g-P5,,,,X 全窗基线 · 不参与实体赏罚,15054848,1506,A168_HF9F_20260827_0900,2026-08-27 09:00:00
2026-04-19,92755421,1017,0,405.9594852434,-405.9594852434,-405.9594852434,0E-7,1,1,0.49324550000000000,0.493245500000,-0.9865810262130424,-0.9865810262130424,-0.9865810262130424,0E-17,ELIGIBLE,R03b_20260811_FULL_v1,L1_ELIGIBILITY,v2026-08-11,2026-03-21..2026-08-06,baccarat_bet02_101_all_pairs_incl_sentinel,round_win = game_pnl > 0 (decisive only),COMPATIBILITY_ONLY_NOT_PRODUCTION,2500103.8841,2280641.3266,9883.8276,11764,10369,-0.00395337,-0.05088190,-0.00239824,-0.00395337,-9883.8276,2500103.8841,OK,0.0000,395.3531,4.0000,96.0000,AG03-UNRESOLVED,ALL5_LEVELS_bet23_to_bet27,395.3531,395.3531,395.3531,395.3531,395.3531,4.000000,4.000000,4.000000,4.000000,4.000000,96.000000,96.000000,96.000000,96.000000,96.000000,5.0,1976.7655,1824.8244,7907.0621,8059.0032,PENDING_AG03,FALSE,NOT_FOR_ENFORCEMENT,9488.4745,2189415.6736,9883.8276,9488.4745,395.3531,0.00395337,0.00379523,395.3531,9488.4745,0.00379523,395.3531,395.3531,395.3531,395.3531,395.3531,9488.4745,0.00379523,1976.7655,1824.8244,7907.0621,8059.0032,0.00316269,0.00322347,0.00015813,212.5216,219.9480,0.9532,119.0823,2.3972,30121.7335,124.9277,49.0469,238.9093,36.5364,75.9244,374.9013,749.8027,789.266,1183.8989,75.8035,-1.1839,10.395423,15.593133,2.799122,29,215,300,5,0.03207536,0.00395337,0.05088190,0E-8,0.000000,0.912219,0.000000,-0.04848366,2026-03-31,2026-08-01,83,4123,1621,124,0.669355,0.205295,0.230786,0.106918,,,,,,,,GLOBAL_BASELINE_NO_ENTITY_RANKING,,,NOT_APPLICABLE_GLOBAL_BASELINE,HF9g-P5,,,,X 全窗基线 · 不参与实体赏罚,15054849,1506,A168_HF9F_20260827_0900,2026-08-27 09:00:00
2026-04-19,92755421,1094,0,202.9797426217,202.9797426217,202.9797426217,1.0000000,1,1,0.49324550000000000,0.493245500000,1.01360149184955,1.01360149184955,1.01360149184955,0E-17,ELIGIBLE,R03b_20260811_FULL_v1,L1_ELIGIBILITY,v2026-08-11,2026-03-21..2026-08-06,baccarat_bet02_101_all_pairs_incl_sentinel,round_win = game_pnl > 0 (decisive only),COMPATIBILITY_ONLY_NOT_PRODUCTION,2500103.8841,2280641.3266,9883.8276,11764,10369,-0.00395337,-0.05088190,-0.00239824,-0.00395337,-9883.8276,2500103.8841,OK,0.0000,395.3531,4.0000,96.0000,AG03-UNRESOLVED,ALL5_LEVELS_bet23_to_bet27,395.3531,395.3531,395.3531,395.3531,395.3531,4.000000,4.000000,4.000000,4.000000,4.000000,96.000000,96.000000,96.000000,96.000000,96.000000,5.0,1976.7655,1824.8244,7907.0621,8059.0032,PENDING_AG03,FALSE,NOT_FOR_ENFORCEMENT,9488.4745,2189415.6736,9883.8276,9488.4745,395.3531,0.00395337,0.00379523,395.3531,9488.4745,0.00379523,395.3531,395.3531,395.3531,395.3531,395.3531,9488.4745,0.00379523,1976.7655,1824.8244,7907.0621,8059.0032,0.00316269,0.00322347,0.00015813,212.5216,219.9480,0.9532,119.0823,2.3972,30121.7335,124.9277,49.0469,238.9093,36.5364,75.9244,374.9013,749.8027,789.266,1183.8989,75.8035,-1.1839,10.395423,15.593133,2.799122,29,215,300,5,0.03207536,0.00395337,0.05088190,0E-8,0.000000,0.912219,0.000000,-0.04848366,2026-03-31,2026-08-01,83,4123,1621,124,0.669355,0.205295,0.230786,0.106918,,,,,,,,GLOBAL_BASELINE_NO_ENTITY_RANKING,,,NOT_APPLICABLE_GLOBAL_BASELINE,HF9g-P5,,,,X 全窗基线 · 不参与实体赏罚,15054850,1506,A168_HF9F_20260827_0900,2026-08-27 09:00:00
2026-04-19,92755421,1158,0,1543.4579628954,1502.2530751431,1502.2530751431,1.0000000,5,4,0.49966969002346967,0.440646775000,2.0013216766132933,2.253345420762098,2.0013216766132933,0.05902291502346967,ELIGIBLE,R03b_20260811_FULL_v1,L1_ELIGIBILITY,v2026-08-11,2026-03-21..2026-08-06,baccarat_bet02_101_all_pairs_incl_sentinel,round_win = game_pnl > 0 (decisive only),COMPATIBILITY_ONLY_NOT_PRODUCTION,2500103.8841,2280641.3266,9883.8276,11764,10369,-0.00395337,-0.05088190,-0.00239824,-0.00395337,-9883.8276,2500103.8841,OK,0.0000,395.3531,4.0000,96.0000,AG03-UNRESOLVED,ALL5_LEVELS_bet23_to_bet27,395.3531,395.3531,395.3531,395.3531,395.3531,4.000000,4.000000,4.000000,4.000000,4.000000,96.000000,96.000000,96.000000,96.000000,96.000000,5.0,1976.7655,1824.8244,7907.0621,8059.0032,PENDING_AG03,FALSE,NOT_FOR_ENFORCEMENT,9488.4745,2189415.6736,9883.8276,9488.4745,395.3531,0.00395337,0.00379523,395.3531,9488.4745,0.00379523,395.3531,395.3531,395.3531,395.3531,395.3531,9488.4745,0.00379523,1976.7655,1824.8244,7907.0621,8059.0032,0.00316269,0.00322347,0.00015813,212.5216,219.9480,0.9532,119.0823,2.3972,30121.7335,124.9277,49.0469,238.9093,36.5364,75.9244,374.9013,749.8027,789.266,1183.8989,75.8035,-1.1839,10.395423,15.593133,2.799122,29,215,300,5,0.03207536,0.00395337,0.05088190,0E-8,0.000000,0.912219,0.000000,-0.04848366,2026-03-31,2026-08-01,83,4123,1621,124,0.669355,0.205295,0.230786,0.106918,,,,,,,,GLOBAL_BASELINE_NO_ENTITY_RANKING,,,NOT_APPLICABLE_GLOBAL_BASELINE,HF9g-P5,,,,X 全窗基线 · 不参与实体赏罚,15054851,1506,A168_HF9F_20260827_0900,2026-08-27 09:00:00
2026-04-19,92755421,1202,0,407.9892826696,-12.1787845573,-12.1787845573,0.5000000,3,2,0.49759953267328680,0.381345450000,0.006789625146338667,0.3454745057990616,0.006789625146338667,0.11625408267328680,ELIGIBLE,R03b_20260811_FULL_v1,L1_ELIGIBILITY,v2026-08-11,2026-03-21..2026-08-06,baccarat_bet02_101_all_pairs_incl_sentinel,round_win = game_pnl > 0 (decisive only),COMPATIBILITY_ONLY_NOT_PRODUCTION,2500103.8841,2280641.3266,9883.8276,11764,10369,-0.00395337,-0.05088190,-0.00239824,-0.00395337,-9883.8276,2500103.8841,OK,0.0000,395.3531,4.0000,96.0000,AG03-UNRESOLVED,ALL5_LEVELS_bet23_to_bet27,395.3531,395.3531,395.3531,395.3531,395.3531,4.000000,4.000000,4.000000,4.000000,4.000000,96.000000,96.000000,96.000000,96.000000,96.000000,5.0,1976.7655,1824.8244,7907.0621,8059.0032,PENDING_AG03,FALSE,NOT_FOR_ENFORCEMENT,9488.4745,2189415.6736,9883.8276,9488.4745,395.3531,0.00395337,0.00379523,395.3531,9488.4745,0.00379523,395.3531,395.3531,395.3531,395.3531,395.3531,9488.4745,0.00379523,1976.7655,1824.8244,7907.0621,8059.0032,0.00316269,0.00322347,0.00015813,212.5216,219.9480,0.9532,119.0823,2.3972,30121.7335,124.9277,49.0469,238.9093,36.5364,75.9244,374.9013,749.8027,789.266,1183.8989,75.8035,-1.1839,10.395423,15.593133,2.799122,29,215,300,5,0.03207536,0.00395337,0.05088190,0E-8,0.000000,0.912219,0.000000,-0.04848366,2026-03-31,2026-08-01,83,4123,1621,124,0.669355,0.205295,0.230786,0.106918,,,,,,,,GLOBAL_BASELINE_NO_ENTITY_RANKING,,,NOT_APPLICABLE_GLOBAL_BASELINE,HF9g-P5,,,,X 全窗基线 · 不参与实体赏罚,15054852,1506,A168_HF9F_20260827_0900,2026-08-27 09:00:00
2026-04-19,92755421,1222,0,811.9189704868,0E-10,0E-10,0.5000000,2,2,0.49324550000000000,0.493245500000,0.01910635448239258,0.01910635448239258,0.01910635448239258,0E-17,ELIGIBLE,R03b_20260811_FULL_v1,L1_ELIGIBILITY,v2026-08-11,2026-03-21..2026-08-06,baccarat_bet02_101_all_pairs_incl_sentinel,round_win = game_pnl > 0 (decisive only),COMPATIBILITY_ONLY_NOT_PRODUCTION,2500103.8841,2280641.3266,9883.8276,11764,10369,-0.00395337,-0.05088190,-0.00239824,-0.00395337,-9883.8276,2500103.8841,OK,0.0000,395.3531,4.0000,96.0000,AG03-UNRESOLVED,ALL5_LEVELS_bet23_to_bet27,395.3531,395.3531,395.3531,395.3531,395.3531,4.000000,4.000000,4.000000,4.000000,4.000000,96.000000,96.000000,96.000000,96.000000,96.000000,5.0,1976.7655,1824.8244,7907.0621,8059.0032,PENDING_AG03,FALSE,NOT_FOR_ENFORCEMENT,9488.4745,2189415.6736,9883.8276,9488.4745,395.3531,0.00395337,0.00379523,395.3531,9488.4745,0.00379523,395.3531,395.3531,395.3531,395.3531,395.3531,9488.4745,0.00379523,1976.7655,1824.8244,7907.0621,8059.0032,0.00316269,0.00322347,0.00015813,212.5216,219.9480,0.9532,119.0823,2.3972,30121.7335,124.9277,49.0469,238.9093,36.5364,75.9244,374.9013,749.8027,789.266,1183.8989,75.8035,-1.1839,10.395423,15.593133,2.799122,29,215,300,5,0.03207536,0.00395337,0.05088190,0E-8,0.000000,0.912219,0.000000,-0.04848366,2026-03-31,2026-08-01,83,4123,1621,124,0.669355,0.205295,0.230786,0.106918,,,,,,,,GLOBAL_BASELINE_NO_ENTITY_RANKING,,,NOT_APPLICABLE_GLOBAL_BASELINE,HF9g-P5,,,,X 全窗基线 · 不参与实体赏罚,15054853,1506,A168_HF9F_20260827_0900,2026-08-27 09:00:00
2026-04-19,92755421,1304,0,215.5644866642,6.0893922786,6.0893922786,0.5000000,4,2,0.48988351891307710,0.259391500000,0.028619588152759938,0.7763431887933226,0.028619588152759938,0.23049201891307710,ELIGIBLE,R03b_20260811_FULL_v1,L1_ELIGIBILITY,v2026-08-11,2026-03-21..2026-08-06,baccarat_bet02_101_all_pairs_incl_sentinel,round_win = game_pnl > 0 (decisive only),COMPATIBILITY_ONLY_NOT_PRODUCTION,2500103.8841,2280641.3266,9883.8276,11764,10369,-0.00395337,-0.05088190,-0.00239824,-0.00395337,-9883.8276,2500103.8841,OK,0.0000,395.3531,4.0000,96.0000,AG03-UNRESOLVED,ALL5_LEVELS_bet23_to_bet27,395.3531,395.3531,395.3531,395.3531,395.3531,4.000000,4.000000,4.000000,4.000000,4.000000,96.000000,96.000000,96.000000,96.000000,96.000000,5.0,1976.7655,1824.8244,7907.0621,8059.0032,PENDING_AG03,FALSE,NOT_FOR_ENFORCEMENT,9488.4745,2189415.6736,9883.8276,9488.4745,395.3531,0.00395337,0.00379523,395.3531,9488.4745,0.00379523,395.3531,395.3531,395.3531,395.3531,395.3531,9488.4745,0.00379523,1976.7655,1824.8244,7907.0621,8059.0032,0.00316269,0.00322347,0.00015813,212.5216,219.9480,0.9532,119.0823,2.3972,30121.7335,124.9277,49.0469,238.9093,36.5364,75.9244,374.9013,749.8027,789.266,1183.8989,75.8035,-1.1839,10.395423,15.593133,2.799122,29,215,300,5,0.03207536,0.00395337,0.05088190,0E-8,0.000000,0.912219,0.000000,-0.04848366,2026-03-31,2026-08-01,83,4123,1621,124,0.669355,0.205295,0.230786,0.106918,,,,,,,,GLOBAL_BASELINE_NO_ENTITY_RANKING,,,NOT_APPLICABLE_GLOBAL_BASELINE,HF9g-P5,,,,X 全窗基线 · 不参与实体赏罚,15054854,1506,A168_HF9F_20260827_0900,2026-08-27 09:00:00
2026-04-19,92755421,1307,0,243.5756911460,0E-10,0E-10,0.5000000,2,2,0.49994810000000000,0.499948100000,0.00014679536856514622,0.00014679536856514622,0.00014679536856514622,0E-17,ELIGIBLE,R03b_20260811_FULL_v1,L1_ELIGIBILITY,v2026-08-11,2026-03-21..2026-08-06,baccarat_bet02_101_all_pairs_incl_sentinel,round_win = game_pnl > 0 (decisive only),COMPATIBILITY_ONLY_NOT_PRODUCTION,2500103.8841,2280641.3266,9883.8276,11764,10369,-0.00395337,-0.05088190,-0.00239824,-0.00395337,-9883.8276,2500103.8841,OK,0.0000,395.3531,4.0000,96.0000,AG03-UNRESOLVED,ALL5_LEVELS_bet23_to_bet27,395.3531,395.3531,395.3531,395.3531,395.3531,4.000000,4.000000,4.000000,4.000000,4.000000,96.000000,96.000000,96.000000,96.000000,96.000000,5.0,1976.7655,1824.8244,7907.0621,8059.0032,PENDING_AG03,FALSE,NOT_FOR_ENFORCEMENT,9488.4745,2189415.6736,9883.8276,9488.4745,395.3531,0.00395337,0.00379523,395.3531,9488.4745,0.00379523,395.3531,395.3531,395.3531,395.3531,395.3531,9488.4745,0.00379523,1976.7655,1824.8244,7907.0621,8059.0032,0.00316269,0.00322347,0.00015813,212.5216,219.9480,0.9532,119.0823,2.3972,30121.7335,124.9277,49.0469,238.9093,36.5364,75.9244,374.9013,749.8027,789.266,1183.8989,75.8035,-1.1839,10.395423,15.593133,2.799122,29,215,300,5,0.03207536,0.00395337,0.05088190,0E-8,0.000000,0.912219,0.000000,-0.04848366,2026-03-31,2026-08-01,83,4123,1621,124,0.669355,0.205295,0.230786,0.106918,,,,,,,,GLOBAL_BASELINE_NO_ENTITY_RANKING,,,NOT_APPLICABLE_GLOBAL_BASELINE,HF9g-P5,,,,X 全窗基线 · 不参与实体赏罚,15054855,1506,A168_HF9F_20260827_0900,2026-08-27 09:00:00
2026-04-19,92755421,1325,0,233.4267040149,4.0595948525,4.0595948525,0.5000000,3,2,0.49563527636367113,0.381345450000,0.01234577312799125,0.3454745057990616,0.01234577312799125,0.11428982636367113,ELIGIBLE,R03b_20260811_FULL_v1,L1_ELIGIBILITY,v2026-08-11,2026-03-21..2026-08-06,baccarat_bet02_101_all_pairs_incl_sentinel,round_win = game_pnl > 0 (decisive only),COMPATIBILITY_ONLY_NOT_PRODUCTION,2500103.8841,2280641.3266,9883.8276,11764,10369,-0.00395337,-0.05088190,-0.00239824,-0.00395337,-9883.8276,2500103.8841,OK,0.0000,395.3531,4.0000,96.0000,AG03-UNRESOLVED,ALL5_LEVELS_bet23_to_bet27,395.3531,395.3531,395.3531,395.3531,395.3531,4.000000,4.000000,4.000000,4.000000,4.000000,96.000000,96.000000,96.000000,96.000000,96.000000,5.0,1976.7655,1824.8244,7907.0621,8059.0032,PENDING_AG03,FALSE,NOT_FOR_ENFORCEMENT,9488.4745,2189415.6736,9883.8276,9488.4745,395.3531,0.00395337,0.00379523,395.3531,9488.4745,0.00379523,395.3531,395.3531,395.3531,395.3531,395.3531,9488.4745,0.00379523,1976.7655,1824.8244,7907.0621,8059.0032,0.00316269,0.00322347,0.00015813,212.5216,219.9480,0.9532,119.0823,2.3972,30121.7335,124.9277,49.0469,238.9093,36.5364,75.9244,374.9013,749.8027,789.266,1183.8989,75.8035,-1.1839,10.395423,15.593133,2.799122,29,215,300,5,0.03207536,0.00395337,0.05088190,0E-8,0.000000,0.912219,0.000000,-0.04848366,2026-03-31,2026-08-01,83,4123,1621,124,0.669355,0.205295,0.230786,0.106918,,,,,,,,GLOBAL_BASELINE_NO_ENTITY_RANKING,,,NOT_APPLICABLE_GLOBAL_BASELINE,HF9g-P5,,,,X 全窗基线 · 不参与实体赏罚,15054856,1506,A168_HF9F_20260827_0900,2026-08-27 09:00:00
2026-04-19,92755421,1330,0,121.7878455730,-121.7878455730,-121.7878455730,0E-7,1,1,0.49324550000000000,0.493245500000,-0.9865810262130424,-0.9865810262130424,-0.9865810262130424,0E-17,ELIGIBLE,R03b_20260811_FULL_v1,L1_ELIGIBILITY,v2026-08-11,2026-03-21..2026-08-06,baccarat_bet02_101_all_pairs_incl_sentinel,round_win = game_pnl > 0 (decisive only),COMPATIBILITY_ONLY_NOT_PRODUCTION,2500103.8841,2280641.3266,9883.8276,11764,10369,-0.00395337,-0.05088190,-0.00239824,-0.00395337,-9883.8276,2500103.8841,OK,0.0000,395.3531,4.0000,96.0000,AG03-UNRESOLVED,ALL5_LEVELS_bet23_to_bet27,395.3531,395.3531,395.3531,395.3531,395.3531,4.000000,4.000000,4.000000,4.000000,4.000000,96.000000,96.000000,96.000000,96.000000,96.000000,5.0,1976.7655,1824.8244,7907.0621,8059.0032,PENDING_AG03,FALSE,NOT_FOR_ENFORCEMENT,9488.4745,2189415.6736,9883.8276,9488.4745,395.3531,0.00395337,0.00379523,395.3531,9488.4745,0.00379523,395.3531,395.3531,395.3531,395.3531,395.3531,9488.4745,0.00379523,1976.7655,1824.8244,7907.0621,8059.0032,0.00316269,0.00322347,0.00015813,212.5216,219.9480,0.9532,119.0823,2.3972,30121.7335,124.9277,49.0469,238.9093,36.5364,75.9244,374.9013,749.8027,789.266,1183.8989,75.8035,-1.1839,10.395423,15.593133,2.799122,29,215,300,5,0.03207536,0.00395337,0.05088190,0E-8,0.000000,0.912219,0.000000,-0.04848366,2026-03-31,2026-08-01,83,4123,1621,124,0.669355,0.205295,0.230786,0.106918,,,,,,,,GLOBAL_BASELINE_NO_ENTITY_RANKING,,,NOT_APPLICABLE_GLOBAL_BASELINE,HF9g-P5,,,,X 全窗基线 · 不参与实体赏罚,15054857,1506,A168_HF9F_20260827_0900,2026-08-27 09:00:00
2026-04-19,92755421,1382,0,811.9189704868,-20.2979742622,-20.2979742622,0.5000000,2,2,0.50665070000000000,0.506650700000,-0.018812684590367487,-0.018812684590367487,-0.018812684590367487,0E-17,ELIGIBLE,R03b_20260811_FULL_v1,L1_ELIGIBILITY,v2026-08-11,2026-03-21..2026-08-06,baccarat_bet02_101_all_pairs_incl_sentinel,round_win = game_pnl > 0 (decisive only),COMPATIBILITY_ONLY_NOT_PRODUCTION,2500103.8841,2280641.3266,9883.8276,11764,10369,-0.00395337,-0.05088190,-0.00239824,-0.00395337,-9883.8276,2500103.8841,OK,0.0000,395.3531,4.0000,96.0000,AG03-UNRESOLVED,ALL5_LEVELS_bet23_to_bet27,395.3531,395.3531,395.3531,395.3531,395.3531,4.000000,4.000000,4.000000,4.000000,4.000000,96.000000,96.000000,96.000000,96.000000,96.000000,5.0,1976.7655,1824.8244,7907.0621,8059.0032,PENDING_AG03,FALSE,NOT_FOR_ENFORCEMENT,9488.4745,2189415.6736,9883.8276,9488.4745,395.3531,0.00395337,0.00379523,395.3531,9488.4745,0.00379523,395.3531,395.3531,395.3531,395.3531,395.3531,9488.4745,0.00379523,1976.7655,1824.8244,7907.0621,8059.0032,0.00316269,0.00322347,0.00015813,212.5216,219.9480,0.9532,119.0823,2.3972,30121.7335,124.9277,49.0469,238.9093,36.5364,75.9244,374.9013,749.8027,789.266,1183.8989,75.8035,-1.1839,10.395423,15.593133,2.799122,29,215,300,5,0.03207536,0.00395337,0.05088190,0E-8,0.000000,0.912219,0.000000,-0.04848366,2026-03-31,2026-08-01,83,4123,1621,124,0.669355,0.205295,0.230786,0.106918,,,,,,,,GLOBAL_BASELINE_NO_ENTITY_RANKING,,,NOT_APPLICABLE_GLOBAL_BASELINE,HF9g-P5,,,,X 全窗基线 · 不参与实体赏罚,15054858,1506,A168_HF9F_20260827_0900,2026-08-27 09:00:00
2026-04-19,92755421,1383,0,608.9392278651,-202.9797426217,-202.9797426217,0.3333333,3,3,0.50218230000000000,0.502182300000,-0.5849155494134425,-0.5849155494134426,-0.5849155494134425,0E-17,ELIGIBLE,R03b_20260811_FULL_v1,L1_ELIGIBILITY,v2026-08-11,2026-03-21..2026-08-06,baccarat_bet02_101_all_pairs_incl_sentinel,round_win = game_pnl > 0 (decisive only),COMPATIBILITY_ONLY_NOT_PRODUCTION,2500103.8841,2280641.3266,9883.8276,11764,10369,-0.00395337,-0.05088190,-0.00239824,-0.00395337,-9883.8276,2500103.8841,OK,0.0000,395.3531,4.0000,96.0000,AG03-UNRESOLVED,ALL5_LEVELS_bet23_to_bet27,395.3531,395.3531,395.3531,395.3531,395.3531,4.000000,4.000000,4.000000,4.000000,4.000000,96.000000,96.000000,96.000000,96.000000,96.000000,5.0,1976.7655,1824.8244,7907.0621,8059.0032,PENDING_AG03,FALSE,NOT_FOR_ENFORCEMENT,9488.4745,2189415.6736,9883.8276,9488.4745,395.3531,0.00395337,0.00379523,395.3531,9488.4745,0.00379523,395.3531,395.3531,395.3531,395.3531,395.3531,9488.4745,0.00379523,1976.7655,1824.8244,7907.0621,8059.0032,0.00316269,0.00322347,0.00015813,212.5216,219.9480,0.9532,119.0823,2.3972,30121.7335,124.9277,49.0469,238.9093,36.5364,75.9244,374.9013,749.8027,789.266,1183.8989,75.8035,-1.1839,10.395423,15.593133,2.799122,29,215,300,5,0.03207536,0.00395337,0.05088190,0E-8,0.000000,0.912219,0.000000,-0.04848366,2026-03-31,2026-08-01,83,4123,1621,124,0.669355,0.205295,0.230786,0.106918,,,,,,,,GLOBAL_BASELINE_NO_ENTITY_RANKING,,,NOT_APPLICABLE_GLOBAL_BASELINE,HF9g-P5,,,,X 全窗基线 · 不参与实体赏罚,15054859,1506,A168_HF9F_20260827_0900,2026-08-27 09:00:00
2026-04-19,92755421,1384,0,115.6984532943,-115.6984532943,-115.6984532943,0E-7,2,1,0.48492250701760860,0.256040200000,-0.9702862662641157,-0.5866503638730671,-0.9702862662641157,0.22888230701760860,ELIGIBLE,R03b_20260811_FULL_v1,L1_ELIGIBILITY,v2026-08-11,2026-03-21..2026-08-06,baccarat_bet02_101_all_pairs_incl_sentinel,round_win = game_pnl > 0 (decisive only),COMPATIBILITY_ONLY_NOT_PRODUCTION,2500103.8841,2280641.3266,9883.8276,11764,10369,-0.00395337,-0.05088190,-0.00239824,-0.00395337,-9883.8276,2500103.8841,OK,0.0000,395.3531,4.0000,96.0000,AG03-UNRESOLVED,ALL5_LEVELS_bet23_to_bet27,395.3531,395.3531,395.3531,395.3531,395.3531,4.000000,4.000000,4.000000,4.000000,4.000000,96.000000,96.000000,96.000000,96.000000,96.000000,5.0,1976.7655,1824.8244,7907.0621,8059.0032,PENDING_AG03,FALSE,NOT_FOR_ENFORCEMENT,9488.4745,2189415.6736,9883.8276,9488.4745,395.3531,0.00395337,0.00379523,395.3531,9488.4745,0.00379523,395.3531,395.3531,395.3531,395.3531,395.3531,9488.4745,0.00379523,1976.7655,1824.8244,7907.0621,8059.0032,0.00316269,0.00322347,0.00015813,212.5216,219.9480,0.9532,119.0823,2.3972,30121.7335,124.9277,49.0469,238.9093,36.5364,75.9244,374.9013,749.8027,789.266,1183.8989,75.8035,-1.1839,10.395423,15.593133,2.799122,29,215,300,5,0.03207536,0.00395337,0.05088190,0E-8,0.000000,0.912219,0.000000,-0.04848366,2026-03-31,2026-08-01,83,4123,1621,124,0.669355,0.205295,0.230786,0.106918,,,,,,,,GLOBAL_BASELINE_NO_ENTITY_RANKING,,,NOT_APPLICABLE_GLOBAL_BASELINE,HF9g-P5,,,,X 全窗基线 · 不参与实体赏罚,15054860,1506,A168_HF9F_20260827_0900,2026-08-27 09:00:00
2026-04-19,92755421,1396,0,1186.6195753664,743.1088377381,743.1088377381,0.8333333,9,6,0.49378864140210481,0.377994150000,1.6635508479862384,2.3002279463895814,1.6635508479862384,0.11579449140210481,ELIGIBLE,R03b_20260811_FULL_v1,L1_ELIGIBILITY,v2026-08-11,2026-03-21..2026-08-06,baccarat_bet02_101_all_pairs_incl_sentinel,round_win = game_pnl > 0 (decisive only),COMPATIBILITY_ONLY_NOT_PRODUCTION,2500103.8841,2280641.3266,9883.8276,11764,10369,-0.00395337,-0.05088190,-0.00239824,-0.00395337,-9883.8276,2500103.8841,OK,0.0000,395.3531,4.0000,96.0000,AG03-UNRESOLVED,ALL5_LEVELS_bet23_to_bet27,395.3531,395.3531,395.3531,395.3531,395.3531,4.000000,4.000000,4.000000,4.000000,4.000000,96.000000,96.000000,96.000000,96.000000,96.000000,5.0,1976.7655,1824.8244,7907.0621,8059.0032,PENDING_AG03,FALSE,NOT_FOR_ENFORCEMENT,9488.4745,2189415.6736,9883.8276,9488.4745,395.3531,0.00395337,0.00379523,395.3531,9488.4745,0.00379523,395.3531,395.3531,395.3531,395.3531,395.3531,9488.4745,0.00379523,1976.7655,1824.8244,7907.0621,8059.0032,0.00316269,0.00322347,0.00015813,212.5216,219.9480,0.9532,119.0823,2.3972,30121.7335,124.9277,49.0469,238.9093,36.5364,75.9244,374.9013,749.8027,789.266,1183.8989,75.8035,-1.1839,10.395423,15.593133,2.799122,29,215,300,5,0.03207536,0.00395337,0.05088190,0E-8,0.000000,0.912219,0.000000,-0.04848366,2026-03-31,2026-08-01,83,4123,1621,124,0.669355,0.205295,0.230786,0.106918,,,,,,,,GLOBAL_BASELINE_NO_ENTITY_RANKING,,,NOT_APPLICABLE_GLOBAL_BASELINE,HF9g-P5,,,,X 全窗基线 · 不参与实体赏罚,15054861,1506,A168_HF9F_20260827_0900,2026-08-27 09:00:00
2026-04-19,92755421,1401,0,202.9797426217,0E-10,0E-10,,1,1,0.49324550000000000,0.493245500000,,,,0E-17,NO_DECISIVE_ROUND,R03b_20260811_FULL_v1,L1_ELIGIBILITY,v2026-08-11,2026-03-21..2026-08-06,baccarat_bet02_101_all_pairs_incl_sentinel,round_win = game_pnl > 0 (decisive only),COMPATIBILITY_ONLY_NOT_PRODUCTION,2500103.8841,2280641.3266,9883.8276,11764,10369,-0.00395337,-0.05088190,-0.00239824,-0.00395337,-9883.8276,2500103.8841,OK,0.0000,395.3531,4.0000,96.0000,AG03-UNRESOLVED,ALL5_LEVELS_bet23_to_bet27,395.3531,395.3531,395.3531,395.3531,395.3531,4.000000,4.000000,4.000000,4.000000,4.000000,96.000000,96.000000,96.000000,96.000000,96.000000,5.0,1976.7655,1824.8244,7907.0621,8059.0032,PENDING_AG03,FALSE,NOT_FOR_ENFORCEMENT,9488.4745,2189415.6736,9883.8276,9488.4745,395.3531,0.00395337,0.00379523,395.3531,9488.4745,0.00379523,395.3531,395.3531,395.3531,395.3531,395.3531,9488.4745,0.00379523,1976.7655,1824.8244,7907.0621,8059.0032,0.00316269,0.00322347,0.00015813,212.5216,219.9480,0.9532,119.0823,2.3972,30121.7335,124.9277,49.0469,238.9093,36.5364,75.9244,374.9013,749.8027,789.266,1183.8989,75.8035,-1.1839,10.395423,15.593133,2.799122,29,215,300,5,0.03207536,0.00395337,0.05088190,0E-8,0.000000,0.912219,0.000000,-0.04848366,2026-03-31,2026-08-01,83,4123,1621,124,0.669355,0.205295,0.230786,0.106918,,,,,,,,GLOBAL_BASELINE_NO_ENTITY_RANKING,,,NOT_APPLICABLE_GLOBAL_BASELINE,HF9g-P5,,,,X 全窗基线 · 不参与实体赏罚,15054862,1506,A168_HF9F_20260827_0900,2026-08-27 09:00:00
2026-04-19,92755421,1485,0,405.9594852434,-405.9594852434,-405.9594852434,0E-7,1,1,0.49324550000000000,0.493245500000,-0.9865810262130424,-0.9865810262130424,-0.9865810262130424,0E-17,ELIGIBLE,R03b_20260811_FULL_v1,L1_ELIGIBILITY,v2026-08-11,2026-03-21..2026-08-06,baccarat_bet02_101_all_pairs_incl_sentinel,round_win = game_pnl > 0 (decisive only),COMPATIBILITY_ONLY_NOT_PRODUCTION,2500103.8841,2280641.3266,9883.8276,11764,10369,-0.00395337,-0.05088190,-0.00239824,-0.00395337,-9883.8276,2500103.8841,OK,0.0000,395.3531,4.0000,96.0000,AG03-UNRESOLVED,ALL5_LEVELS_bet23_to_bet27,395.3531,395.3531,395.3531,395.3531,395.3531,4.000000,4.000000,4.000000,4.000000,4.000000,96.000000,96.000000,96.000000,96.000000,96.000000,5.0,1976.7655,1824.8244,7907.0621,8059.0032,PENDING_AG03,FALSE,NOT_FOR_ENFORCEMENT,9488.4745,2189415.6736,9883.8276,9488.4745,395.3531,0.00395337,0.00379523,395.3531,9488.4745,0.00379523,395.3531,395.3531,395.3531,395.3531,395.3531,9488.4745,0.00379523,1976.7655,1824.8244,7907.0621,8059.0032,0.00316269,0.00322347,0.00015813,212.5216,219.9480,0.9532,119.0823,2.3972,30121.7335,124.9277,49.0469,238.9093,36.5364,75.9244,374.9013,749.8027,789.266,1183.8989,75.8035,-1.1839,10.395423,15.593133,2.799122,29,215,300,5,0.03207536,0.00395337,0.05088190,0E-8,0.000000,0.912219,0.000000,-0.04848366,2026-03-31,2026-08-01,83,4123,1621,124,0.669355,0.205295,0.230786,0.106918,,,,,,,,GLOBAL_BASELINE_NO_ENTITY_RANKING,,,NOT_APPLICABLE_GLOBAL_BASELINE,HF9g-P5,,,,X 全窗基线 · 不参与实体赏罚,15054863,1506,A168_HF9F_20260827_0900,2026-08-27 09:00:00
2026-04-19,92755421,1490,0,612.9988227175,-207.0393374741,-207.0393374741,0.3333333,4,3,0.49908157712420847,0.423113866667,-0.574169727648029,-0.31475245706473504,-0.574169727648029,0.07596771045720847,ELIGIBLE,R03b_20260811_FULL_v1,L1_ELIGIBILITY,v2026-08-11,2026-03-21..2026-08-06,baccarat_bet02_101_all_pairs_incl_sentinel,round_win = game_pnl > 0 (decisive only),COMPATIBILITY_ONLY_NOT_PRODUCTION,2500103.8841,2280641.3266,9883.8276,11764,10369,-0.00395337,-0.05088190,-0.00239824,-0.00395337,-9883.8276,2500103.8841,OK,0.0000,395.3531,4.0000,96.0000,AG03-UNRESOLVED,ALL5_LEVELS_bet23_to_bet27,395.3531,395.3531,395.3531,395.3531,395.3531,4.000000,4.000000,4.000000,4.000000,4.000000,96.000000,96.000000,96.000000,96.000000,96.000000,5.0,1976.7655,1824.8244,7907.0621,8059.0032,PENDING_AG03,FALSE,NOT_FOR_ENFORCEMENT,9488.4745,2189415.6736,9883.8276,9488.4745,395.3531,0.00395337,0.00379523,395.3531,9488.4745,0.00379523,395.3531,395.3531,395.3531,395.3531,395.3531,9488.4745,0.00379523,1976.7655,1824.8244,7907.0621,8059.0032,0.00316269,0.00322347,0.00015813,212.5216,219.9480,0.9532,119.0823,2.3972,30121.7335,124.9277,49.0469,238.9093,36.5364,75.9244,374.9013,749.8027,789.266,1183.8989,75.8035,-1.1839,10.395423,15.593133,2.799122,29,215,300,5,0.03207536,0.00395337,0.05088190,0E-8,0.000000,0.912219,0.000000,-0.04848366,2026-03-31,2026-08-01,83,4123,1621,124,0.669355,0.205295,0.230786,0.106918,,,,,,,,GLOBAL_BASELINE_NO_ENTITY_RANKING,,,NOT_APPLICABLE_GLOBAL_BASELINE,HF9g-P5,,,,X 全窗基线 · 不参与实体赏罚,15054864,1506,A168_HF9F_20260827_0900,2026-08-27 09:00:00
2026-04-19,92755421,1505,0,2480.4124548369,1167.1335200749,1167.1335200749,0.6666667,14,9,0.49461461815858176,0.366677911111,1.0323721751980024,1.867546994337289,1.0323721751980024,0.12793670704758176,ELIGIBLE,R03b_20260811_FULL_v1,L1_ELIGIBILITY,v2026-08-11,2026-03-21..2026-08-06,baccarat_bet02_101_all_pairs_incl_sentinel,round_win = game_pnl > 0 (decisive only),COMPATIBILITY_ONLY_NOT_PRODUCTION,2500103.8841,2280641.3266,9883.8276,11764,10369,-0.00395337,-0.05088190,-0.00239824,-0.00395337,-9883.8276,2500103.8841,OK,0.0000,395.3531,4.0000,96.0000,AG03-UNRESOLVED,ALL5_LEVELS_bet23_to_bet27,395.3531,395.3531,395.3531,395.3531,395.3531,4.000000,4.000000,4.000000,4.000000,4.000000,96.000000,96.000000,96.000000,96.000000,96.000000,5.0,1976.7655,1824.8244,7907.0621,8059.0032,PENDING_AG03,FALSE,NOT_FOR_ENFORCEMENT,9488.4745,2189415.6736,9883.8276,9488.4745,395.3531,0.00395337,0.00379523,395.3531,9488.4745,0.00379523,395.3531,395.3531,395.3531,395.3531,395.3531,9488.4745,0.00379523,1976.7655,1824.8244,7907.0621,8059.0032,0.00316269,0.00322347,0.00015813,212.5216,219.9480,0.9532,119.0823,2.3972,30121.7335,124.9277,49.0469,238.9093,36.5364,75.9244,374.9013,749.8027,789.266,1183.8989,75.8035,-1.1839,10.395423,15.593133,2.799122,29,215,300,5,0.03207536,0.00395337,0.05088190,0E-8,0.000000,0.912219,0.000000,-0.04848366,2026-03-31,2026-08-01,83,4123,1621,124,0.669355,0.205295,0.230786,0.106918,,,,,,,,GLOBAL_BASELINE_NO_ENTITY_RANKING,,,NOT_APPLICABLE_GLOBAL_BASELINE,HF9g-P5,,,,X 全窗基线 · 不参与实体赏罚,15054865,1506,A168_HF9F_20260827_0900,2026-08-27 09:00:00
2026-04-19,92755421,1509,0,385.6615109812,-385.6615109812,-385.6615109812,0E-7,1,1,0.50665070000000000,0.506650700000,-1.013391052207602,-1.013391052207602,-1.013391052207602,0E-17,ELIGIBLE,R03b_20260811_FULL_v1,L1_ELIGIBILITY,v2026-08-11,2026-03-21..2026-08-06,baccarat_bet02_101_all_pairs_incl_sentinel,round_win = game_pnl > 0 (decisive only),COMPATIBILITY_ONLY_NOT_PRODUCTION,2500103.8841,2280641.3266,9883.8276,11764,10369,-0.00395337,-0.05088190,-0.00239824,-0.00395337,-9883.8276,2500103.8841,OK,0.0000,395.3531,4.0000,96.0000,AG03-UNRESOLVED,ALL5_LEVELS_bet23_to_bet27,395.3531,395.3531,395.3531,395.3531,395.3531,4.000000,4.000000,4.000000,4.000000,4.000000,96.000000,96.000000,96.000000,96.000000,96.000000,5.0,1976.7655,1824.8244,7907.0621,8059.0032,PENDING_AG03,FALSE,NOT_FOR_ENFORCEMENT,9488.4745,2189415.6736,9883.8276,9488.4745,395.3531,0.00395337,0.00379523,395.3531,9488.4745,0.00379523,395.3531,395.3531,395.3531,395.3531,395.3531,9488.4745,0.00379523,1976.7655,1824.8244,7907.0621,8059.0032,0.00316269,0.00322347,0.00015813,212.5216,219.9480,0.9532,119.0823,2.3972,30121.7335,124.9277,49.0469,238.9093,36.5364,75.9244,374.9013,749.8027,789.266,1183.8989,75.8035,-1.1839,10.395423,15.593133,2.799122,29,215,300,5,0.03207536,0.00395337,0.05088190,0E-8,0.000000,0.912219,0.000000,-0.04848366,2026-03-31,2026-08-01,83,4123,1621,124,0.669355,0.205295,0.230786,0.106918,,,,,,,,GLOBAL_BASELINE_NO_ENTITY_RANKING,,,NOT_APPLICABLE_GLOBAL_BASELINE,HF9g-P5,,,,X 全窗基线 · 不参与实体赏罚,15054866,1506,A168_HF9F_20260827_0900,2026-08-27 09:00:00
2026-04-19,92755421,1646,0,405.9594852434,-202.9797426217,-202.9797426217,0E-7,2,2,0.49324550000000000,0.493245500000,-0.9865810262130424,-0.9865810262130424,-0.9865810262130424,0E-17,ELIGIBLE,R03b_20260811_FULL_v1,L1_ELIGIBILITY,v2026-08-11,2026-03-21..2026-08-06,baccarat_bet02_101_all_pairs_incl_sentinel,round_win = game_pnl > 0 (decisive only),COMPATIBILITY_ONLY_NOT_PRODUCTION,2500103.8841,2280641.3266,9883.8276,11764,10369,-0.00395337,-0.05088190,-0.00239824,-0.00395337,-9883.8276,2500103.8841,OK,0.0000,395.3531,4.0000,96.0000,AG03-UNRESOLVED,ALL5_LEVELS_bet23_to_bet27,395.3531,395.3531,395.3531,395.3531,395.3531,4.000000,4.000000,4.000000,4.000000,4.000000,96.000000,96.000000,96.000000,96.000000,96.000000,5.0,1976.7655,1824.8244,7907.0621,8059.0032,PENDING_AG03,FALSE,NOT_FOR_ENFORCEMENT,9488.4745,2189415.6736,9883.8276,9488.4745,395.3531,0.00395337,0.00379523,395.3531,9488.4745,0.00379523,395.3531,395.3531,395.3531,395.3531,395.3531,9488.4745,0.00379523,1976.7655,1824.8244,7907.0621,8059.0032,0.00316269,0.00322347,0.00015813,212.5216,219.9480,0.9532,119.0823,2.3972,30121.7335,124.9277,49.0469,238.9093,36.5364,75.9244,374.9013,749.8027,789.266,1183.8989,75.8035,-1.1839,10.395423,15.593133,2.799122,29,215,300,5,0.03207536,0.00395337,0.05088190,0E-8,0.000000,0.912219,0.000000,-0.04848366,2026-03-31,2026-08-01,83,4123,1621,124,0.669355,0.205295,0.230786,0.106918,,,,,,,,GLOBAL_BASELINE_NO_ENTITY_RANKING,,,NOT_APPLICABLE_GLOBAL_BASELINE,HF9g-P5,,,,X 全窗基线 · 不参与实体赏罚,15054867,1506,A168_HF9F_20260827_0900,2026-08-27 09:00:00
2026-04-19,92755421,1654,0,304.4696139325,-304.4696139325,-304.4696139325,0E-7,2,2,0.49994810000000000,0.499948100000,-1.4140667746232096,-1.4140667746232096,-1.4140667746232096,0E-17,ELIGIBLE,R03b_20260811_FULL_v1,L1_ELIGIBILITY,v2026-08-11,2026-03-21..2026-08-06,baccarat_bet02_101_all_pairs_incl_sentinel,round_win = game_pnl > 0 (decisive only),COMPATIBILITY_ONLY_NOT_PRODUCTION,2500103.8841,2280641.3266,9883.8276,11764,10369,-0.00395337,-0.05088190,-0.00239824,-0.00395337,-9883.8276,2500103.8841,OK,0.0000,395.3531,4.0000,96.0000,AG03-UNRESOLVED,ALL5_LEVELS_bet23_to_bet27,395.3531,395.3531,395.3531,395.3531,395.3531,4.000000,4.000000,4.000000,4.000000,4.000000,96.000000,96.000000,96.000000,96.000000,96.000000,5.0,1976.7655,1824.8244,7907.0621,8059.0032,PENDING_AG03,FALSE,NOT_FOR_ENFORCEMENT,9488.4745,2189415.6736,9883.8276,9488.4745,395.3531,0.00395337,0.00379523,395.3531,9488.4745,0.00379523,395.3531,395.3531,395.3531,395.3531,395.3531,9488.4745,0.00379523,1976.7655,1824.8244,7907.0621,8059.0032,0.00316269,0.00322347,0.00015813,212.5216,219.9480,0.9532,119.0823,2.3972,30121.7335,124.9277,49.0469,238.9093,36.5364,75.9244,374.9013,749.8027,789.266,1183.8989,75.8035,-1.1839,10.395423,15.593133,2.799122,29,215,300,5,0.03207536,0.00395337,0.05088190,0E-8,0.000000,0.912219,0.000000,-0.04848366,2026-03-31,2026-08-01,83,4123,1621,124,0.669355,0.205295,0.230786,0.106918,,,,,,,,GLOBAL_BASELINE_NO_ENTITY_RANKING,,,NOT_APPLICABLE_GLOBAL_BASELINE,HF9g-P5,,,,X 全窗基线 · 不参与实体赏罚,15054868,1506,A168_HF9F_20260827_0900,2026-08-27 09:00:00
2026-04-19,92755421,1702,0,357.6503064994,-135.9964275566,-135.9964275566,0.3333333,5,3,0.50050192332065918,0.344045433333,-0.5790892743519401,-0.03905624323954,-0.5790892743519401,0.15645648998765918,ELIGIBLE,R03b_20260811_FULL_v1,L1_ELIGIBILITY,v2026-08-11,2026-03-21..2026-08-06,baccarat_bet02_101_all_pairs_incl_sentinel,round_win = game_pnl > 0 (decisive only),COMPATIBILITY_ONLY_NOT_PRODUCTION,2500103.8841,2280641.3266,9883.8276,11764,10369,-0.00395337,-0.05088190,-0.00239824,-0.00395337,-9883.8276,2500103.8841,OK,0.0000,395.3531,4.0000,96.0000,AG03-UNRESOLVED,ALL5_LEVELS_bet23_to_bet27,395.3531,395.3531,395.3531,395.3531,395.3531,4.000000,4.000000,4.000000,4.000000,4.000000,96.000000,96.000000,96.000000,96.000000,96.000000,5.0,1976.7655,1824.8244,7907.0621,8059.0032,PENDING_AG03,FALSE,NOT_FOR_ENFORCEMENT,9488.4745,2189415.6736,9883.8276,9488.4745,395.3531,0.00395337,0.00379523,395.3531,9488.4745,0.00379523,395.3531,395.3531,395.3531,395.3531,395.3531,9488.4745,0.00379523,1976.7655,1824.8244,7907.0621,8059.0032,0.00316269,0.00322347,0.00015813,212.5216,219.9480,0.9532,119.0823,2.3972,30121.7335,124.9277,49.0469,238.9093,36.5364,75.9244,374.9013,749.8027,789.266,1183.8989,75.8035,-1.1839,10.395423,15.593133,2.799122,29,215,300,5,0.03207536,0.00395337,0.05088190,0E-8,0.000000,0.912219,0.000000,-0.04848366,2026-03-31,2026-08-01,83,4123,1621,124,0.669355,0.205295,0.230786,0.106918,,,,,,,,GLOBAL_BASELINE_NO_ENTITY_RANKING,,,NOT_APPLICABLE_GLOBAL_BASELINE,HF9g-P5,,,,X 全窗基线 · 不参与实体赏罚,15054869,1506,A168_HF9F_20260827_0900,2026-08-27 09:00:00
2026-04-19,92755421,1714,0,1116.3885844193,-229.3671091625,-229.3671091625,0.5000000,5,5,0.49592654000000000,0.495926540000,0.016294380756781617,0.016294380756781617,0.016294380756781617,0E-17,ELIGIBLE,R03b_20260811_FULL_v1,L1_ELIGIBILITY,v2026-08-11,2026-03-21..2026-08-06,baccarat_bet02_101_all_pairs_incl_sentinel,round_win = game_pnl > 0 (decisive only),COMPATIBILITY_ONLY_NOT_PRODUCTION,2500103.8841,2280641.3266,9883.8276,11764,10369,-0.00395337,-0.05088190,-0.00239824,-0.00395337,-9883.8276,2500103.8841,OK,0.0000,395.3531,4.0000,96.0000,AG03-UNRESOLVED,ALL5_LEVELS_bet23_to_bet27,395.3531,395.3531,395.3531,395.3531,395.3531,4.000000,4.000000,4.000000,4.000000,4.000000,96.000000,96.000000,96.000000,96.000000,96.000000,5.0,1976.7655,1824.8244,7907.0621,8059.0032,PENDING_AG03,FALSE,NOT_FOR_ENFORCEMENT,9488.4745,2189415.6736,9883.8276,9488.4745,395.3531,0.00395337,0.00379523,395.3531,9488.4745,0.00379523,395.3531,395.3531,395.3531,395.3531,395.3531,9488.4745,0.00379523,1976.7655,1824.8244,7907.0621,8059.0032,0.00316269,0.00322347,0.00015813,212.5216,219.9480,0.9532,119.0823,2.3972,30121.7335,124.9277,49.0469,238.9093,36.5364,75.9244,374.9013,749.8027,789.266,1183.8989,75.8035,-1.1839,10.395423,15.593133,2.799122,29,215,300,5,0.03207536,0.00395337,0.05088190,0E-8,0.000000,0.912219,0.000000,-0.04848366,2026-03-31,2026-08-01,83,4123,1621,124,0.669355,0.205295,0.230786,0.106918,,,,,,,,GLOBAL_BASELINE_NO_ENTITY_RANKING,,,NOT_APPLICABLE_GLOBAL_BASELINE,HF9g-P5,,,,X 全窗基线 · 不参与实体赏罚,15054870,1506,A168_HF9F_20260827_0900,2026-08-27 09:00:00
2026-04-19,92755421,1941,0,121.7878455730,-121.7878455730,-121.7878455730,0E-7,1,1,0.49324550000000000,0.493245500000,-0.9865810262130424,-0.9865810262130424,-0.9865810262130424,0E-17,ELIGIBLE,R03b_20260811_FULL_v1,L1_ELIGIBILITY,v2026-08-11,2026-03-21..2026-08-06,baccarat_bet02_101_all_pairs_incl_sentinel,round_win = game_pnl > 0 (decisive only),COMPATIBILITY_ONLY_NOT_PRODUCTION,2500103.8841,2280641.3266,9883.8276,11764,10369,-0.00395337,-0.05088190,-0.00239824,-0.00395337,-9883.8276,2500103.8841,OK,0.0000,395.3531,4.0000,96.0000,AG03-UNRESOLVED,ALL5_LEVELS_bet23_to_bet27,395.3531,395.3531,395.3531,395.3531,395.3531,4.000000,4.000000,4.000000,4.000000,4.000000,96.000000,96.000000,96.000000,96.000000,96.000000,5.0,1976.7655,1824.8244,7907.0621,8059.0032,PENDING_AG03,FALSE,NOT_FOR_ENFORCEMENT,9488.4745,2189415.6736,9883.8276,9488.4745,395.3531,0.00395337,0.00379523,395.3531,9488.4745,0.00379523,395.3531,395.3531,395.3531,395.3531,395.3531,9488.4745,0.00379523,1976.7655,1824.8244,7907.0621,8059.0032,0.00316269,0.00322347,0.00015813,212.5216,219.9480,0.9532,119.0823,2.3972,30121.7335,124.9277,49.0469,238.9093,36.5364,75.9244,374.9013,749.8027,789.266,1183.8989,75.8035,-1.1839,10.395423,15.593133,2.799122,29,215,300,5,0.03207536,0.00395337,0.05088190,0E-8,0.000000,0.912219,0.000000,-0.04848366,2026-03-31,2026-08-01,83,4123,1621,124,0.669355,0.205295,0.230786,0.106918,,,,,,,,GLOBAL_BASELINE_NO_ENTITY_RANKING,,,NOT_APPLICABLE_GLOBAL_BASELINE,HF9g-P5,,,,X 全窗基线 · 不参与实体赏罚,15054871,1506,A168_HF9F_20260827_0900,2026-08-27 09:00:00
2026-04-19,92755421,1947,0,202.9797426217,-202.9797426217,-202.9797426217,0E-7,1,1,0.50665070000000000,0.506650700000,-1.013391052207602,-1.013391052207602,-1.013391052207602,0E-17,ELIGIBLE,R03b_20260811_FULL_v1,L1_ELIGIBILITY,v2026-08-11,2026-03-21..2026-08-06,baccarat_bet02_101_all_pairs_incl_sentinel,round_win = game_pnl > 0 (decisive only),COMPATIBILITY_ONLY_NOT_PRODUCTION,2500103.8841,2280641.3266,9883.8276,11764,10369,-0.00395337,-0.05088190,-0.00239824,-0.00395337,-9883.8276,2500103.8841,OK,0.0000,395.3531,4.0000,96.0000,AG03-UNRESOLVED,ALL5_LEVELS_bet23_to_bet27,395.3531,395.3531,395.3531,395.3531,395.3531,4.000000,4.000000,4.000000,4.000000,4.000000,96.000000,96.000000,96.000000,96.000000,96.000000,5.0,1976.7655,1824.8244,7907.0621,8059.0032,PENDING_AG03,FALSE,NOT_FOR_ENFORCEMENT,9488.4745,2189415.6736,9883.8276,9488.4745,395.3531,0.00395337,0.00379523,395.3531,9488.4745,0.00379523,395.3531,395.3531,395.3531,395.3531,395.3531,9488.4745,0.00379523,1976.7655,1824.8244,7907.0621,8059.0032,0.00316269,0.00322347,0.00015813,212.5216,219.9480,0.9532,119.0823,2.3972,30121.7335,124.9277,49.0469,238.9093,36.5364,75.9244,374.9013,749.8027,789.266,1183.8989,75.8035,-1.1839,10.395423,15.593133,2.799122,29,215,300,5,0.03207536,0.00395337,0.05088190,0E-8,0.000000,0.912219,0.000000,-0.04848366,2026-03-31,2026-08-01,83,4123,1621,124,0.669355,0.205295,0.230786,0.106918,,,,,,,,GLOBAL_BASELINE_NO_ENTITY_RANKING,,,NOT_APPLICABLE_GLOBAL_BASELINE,HF9g-P5,,,,X 全窗基线 · 不参与实体赏罚,15054872,1506,A168_HF9F_20260827_0900,2026-08-27 09:00:00
2026-04-19,92755421,1951,0,815.9785653392,198.9201477693,198.9201477693,0.6666667,5,4,0.49427125784315635,0.437295475000,0.5972344160939286,0.800888029985788,0.5972344160939286,0.05697578284315635,ELIGIBLE,R03b_20260811_FULL_v1,L1_ELIGIBILITY,v2026-08-11,2026-03-21..2026-08-06,baccarat_bet02_101_all_pairs_incl_sentinel,round_win = game_pnl > 0 (decisive only),COMPATIBILITY_ONLY_NOT_PRODUCTION,2500103.8841,2280641.3266,9883.8276,11764,10369,-0.00395337,-0.05088190,-0.00239824,-0.00395337,-9883.8276,2500103.8841,OK,0.0000,395.3531,4.0000,96.0000,AG03-UNRESOLVED,ALL5_LEVELS_bet23_to_bet27,395.3531,395.3531,395.3531,395.3531,395.3531,4.000000,4.000000,4.000000,4.000000,4.000000,96.000000,96.000000,96.000000,96.000000,96.000000,5.0,1976.7655,1824.8244,7907.0621,8059.0032,PENDING_AG03,FALSE,NOT_FOR_ENFORCEMENT,9488.4745,2189415.6736,9883.8276,9488.4745,395.3531,0.00395337,0.00379523,395.3531,9488.4745,0.00379523,395.3531,395.3531,395.3531,395.3531,395.3531,9488.4745,0.00379523,1976.7655,1824.8244,7907.0621,8059.0032,0.00316269,0.00322347,0.00015813,212.5216,219.9480,0.9532,119.0823,2.3972,30121.7335,124.9277,49.0469,238.9093,36.5364,75.9244,374.9013,749.8027,789.266,1183.8989,75.8035,-1.1839,10.395423,15.593133,2.799122,29,215,300,5,0.03207536,0.00395337,0.05088190,0E-8,0.000000,0.912219,0.000000,-0.04848366,2026-03-31,2026-08-01,83,4123,1621,124,0.669355,0.205295,0.230786,0.106918,,,,,,,,GLOBAL_BASELINE_NO_ENTITY_RANKING,,,NOT_APPLICABLE_GLOBAL_BASELINE,HF9g-P5,,,,X 全窗基线 · 不参与实体赏罚,15054873,1506,A168_HF9F_20260827_0900,2026-08-27 09:00:00
2026-04-19,92755421,1957,0,247.6352859984,-4.0595948524,-4.0595948524,0.5000000,3,2,0.49229631612909306,0.381345450000,0.02179189513055955,0.3454745057990616,0.02179189513055955,0.11095086612909306,ELIGIBLE,R03b_20260811_FULL_v1,L1_ELIGIBILITY,v2026-08-11,2026-03-21..2026-08-06,baccarat_bet02_101_all_pairs_incl_sentinel,round_win = game_pnl > 0 (decisive only),COMPATIBILITY_ONLY_NOT_PRODUCTION,2500103.8841,2280641.3266,9883.8276,11764,10369,-0.00395337,-0.05088190,-0.00239824,-0.00395337,-9883.8276,2500103.8841,OK,0.0000,395.3531,4.0000,96.0000,AG03-UNRESOLVED,ALL5_LEVELS_bet23_to_bet27,395.3531,395.3531,395.3531,395.3531,395.3531,4.000000,4.000000,4.000000,4.000000,4.000000,96.000000,96.000000,96.000000,96.000000,96.000000,5.0,1976.7655,1824.8244,7907.0621,8059.0032,PENDING_AG03,FALSE,NOT_FOR_ENFORCEMENT,9488.4745,2189415.6736,9883.8276,9488.4745,395.3531,0.00395337,0.00379523,395.3531,9488.4745,0.00379523,395.3531,395.3531,395.3531,395.3531,395.3531,9488.4745,0.00379523,1976.7655,1824.8244,7907.0621,8059.0032,0.00316269,0.00322347,0.00015813,212.5216,219.9480,0.9532,119.0823,2.3972,30121.7335,124.9277,49.0469,238.9093,36.5364,75.9244,374.9013,749.8027,789.266,1183.8989,75.8035,-1.1839,10.395423,15.593133,2.799122,29,215,300,5,0.03207536,0.00395337,0.05088190,0E-8,0.000000,0.912219,0.000000,-0.04848366,2026-03-31,2026-08-01,83,4123,1621,124,0.669355,0.205295,0.230786,0.106918,,,,,,,,GLOBAL_BASELINE_NO_ENTITY_RANKING,,,NOT_APPLICABLE_GLOBAL_BASELINE,HF9g-P5,,,,X 全窗基线 · 不参与实体赏罚,15054874,1506,A168_HF9F_20260827_0900,2026-08-27 09:00:00
2026-04-19,92755421,1963,0,2805.1800430318,1674.5828766290,1674.5828766290,0.7777778,10,9,0.49750297025090957,0.472847222222,1.6816698162445307,1.8322871211323666,1.6816698162445307,0.02465574802890957,ELIGIBLE,R03b_20260811_FULL_v1,L1_ELIGIBILITY,v2026-08-11,2026-03-21..2026-08-06,baccarat_bet02_101_all_pairs_incl_sentinel,round_win = game_pnl > 0 (decisive only),COMPATIBILITY_ONLY_NOT_PRODUCTION,2500103.8841,2280641.3266,9883.8276,11764,10369,-0.00395337,-0.05088190,-0.00239824,-0.00395337,-9883.8276,2500103.8841,OK,0.0000,395.3531,4.0000,96.0000,AG03-UNRESOLVED,ALL5_LEVELS_bet23_to_bet27,395.3531,395.3531,395.3531,395.3531,395.3531,4.000000,4.000000,4.000000,4.000000,4.000000,96.000000,96.000000,96.000000,96.000000,96.000000,5.0,1976.7655,1824.8244,7907.0621,8059.0032,PENDING_AG03,FALSE,NOT_FOR_ENFORCEMENT,9488.4745,2189415.6736,9883.8276,9488.4745,395.3531,0.00395337,0.00379523,395.3531,9488.4745,0.00379523,395.3531,395.3531,395.3531,395.3531,395.3531,9488.4745,0.00379523,1976.7655,1824.8244,7907.0621,8059.0032,0.00316269,0.00322347,0.00015813,212.5216,219.9480,0.9532,119.0823,2.3972,30121.7335,124.9277,49.0469,238.9093,36.5364,75.9244,374.9013,749.8027,789.266,1183.8989,75.8035,-1.1839,10.395423,15.593133,2.799122,29,215,300,5,0.03207536,0.00395337,0.05088190,0E-8,0.000000,0.912219,0.000000,-0.04848366,2026-03-31,2026-08-01,83,4123,1621,124,0.669355,0.205295,0.230786,0.106918,,,,,,,,GLOBAL_BASELINE_NO_ENTITY_RANKING,,,NOT_APPLICABLE_GLOBAL_BASELINE,HF9g-P5,,,,X 全窗基线 · 不参与实体赏罚,15054875,1506,A168_HF9F_20260827_0900,2026-08-27 09:00:00
2026-04-19,92755421,2077,0,671.8629480778,-276.0524499655,-276.0524499655,0.2500000,5,4,0.49877381633664340,0.440646775000,-0.9950982576640274,-0.7680174498489967,-0.9950982576640274,0.05812704133664340,ELIGIBLE,R03b_20260811_FULL_v1,L1_ELIGIBILITY,v2026-08-11,2026-03-21..2026-08-06,baccarat_bet02_101_all_pairs_incl_sentinel,round_win = game_pnl > 0 (decisive only),COMPATIBILITY_ONLY_NOT_PRODUCTION,2500103.8841,2280641.3266,9883.8276,11764,10369,-0.00395337,-0.05088190,-0.00239824,-0.00395337,-9883.8276,2500103.8841,OK,0.0000,395.3531,4.0000,96.0000,AG03-UNRESOLVED,ALL5_LEVELS_bet23_to_bet27,395.3531,395.3531,395.3531,395.3531,395.3531,4.000000,4.000000,4.000000,4.000000,4.000000,96.000000,96.000000,96.000000,96.000000,96.000000,5.0,1976.7655,1824.8244,7907.0621,8059.0032,PENDING_AG03,FALSE,NOT_FOR_ENFORCEMENT,9488.4745,2189415.6736,9883.8276,9488.4745,395.3531,0.00395337,0.00379523,395.3531,9488.4745,0.00379523,395.3531,395.3531,395.3531,395.3531,395.3531,9488.4745,0.00379523,1976.7655,1824.8244,7907.0621,8059.0032,0.00316269,0.00322347,0.00015813,212.5216,219.9480,0.9532,119.0823,2.3972,30121.7335,124.9277,49.0469,238.9093,36.5364,75.9244,374.9013,749.8027,789.266,1183.8989,75.8035,-1.1839,10.395423,15.593133,2.799122,29,215,300,5,0.03207536,0.00395337,0.05088190,0E-8,0.000000,0.912219,0.000000,-0.04848366,2026-03-31,2026-08-01,83,4123,1621,124,0.669355,0.205295,0.230786,0.106918,,,,,,,,GLOBAL_BASELINE_NO_ENTITY_RANKING,,,NOT_APPLICABLE_GLOBAL_BASELINE,HF9g-P5,,,,X 全窗基线 · 不参与实体赏罚,15054876,1506,A168_HF9F_20260827_0900,2026-08-27 09:00:00
2026-04-19,92755421,2101,0,407.9892826696,-407.9892826696,-407.9892826696,0E-7,3,2,0.50423577029704973,0.384696750000,-1.4262453095673255,-1.118226170218197,-1.4262453095673255,0.11953902029704973,ELIGIBLE,R03b_20260811_FULL_v1,L1_ELIGIBILITY,v2026-08-11,2026-03-21..2026-08-06,baccarat_bet02_101_all_pairs_incl_sentinel,round_win = game_pnl > 0 (decisive only),COMPATIBILITY_ONLY_NOT_PRODUCTION,2500103.8841,2280641.3266,9883.8276,11764,10369,-0.00395337,-0.05088190,-0.00239824,-0.00395337,-9883.8276,2500103.8841,OK,0.0000,395.3531,4.0000,96.0000,AG03-UNRESOLVED,ALL5_LEVELS_bet23_to_bet27,395.3531,395.3531,395.3531,395.3531,395.3531,4.000000,4.000000,4.000000,4.000000,4.000000,96.000000,96.000000,96.000000,96.000000,96.000000,5.0,1976.7655,1824.8244,7907.0621,8059.0032,PENDING_AG03,FALSE,NOT_FOR_ENFORCEMENT,9488.4745,2189415.6736,9883.8276,9488.4745,395.3531,0.00395337,0.00379523,395.3531,9488.4745,0.00379523,395.3531,395.3531,395.3531,395.3531,395.3531,9488.4745,0.00379523,1976.7655,1824.8244,7907.0621,8059.0032,0.00316269,0.00322347,0.00015813,212.5216,219.9480,0.9532,119.0823,2.3972,30121.7335,124.9277,49.0469,238.9093,36.5364,75.9244,374.9013,749.8027,789.266,1183.8989,75.8035,-1.1839,10.395423,15.593133,2.799122,29,215,300,5,0.03207536,0.00395337,0.05088190,0E-8,0.000000,0.912219,0.000000,-0.04848366,2026-03-31,2026-08-01,83,4123,1621,124,0.669355,0.205295,0.230786,0.106918,,,,,,,,GLOBAL_BASELINE_NO_ENTITY_RANKING,,,NOT_APPLICABLE_GLOBAL_BASELINE,HF9g-P5,,,,X 全窗基线 · 不参与实体赏罚,15054877,1506,A168_HF9F_20260827_0900,2026-08-27 09:00:00
2026-04-19,92755421,2115,0,142.0858198352,-20.2979742622,-20.2979742622,0E-7,2,2,0.49324550000000000,0.493245500000,-0.9865810262130424,-0.9865810262130424,-0.9865810262130424,0E-17,ELIGIBLE,R03b_20260811_FULL_v1,L1_ELIGIBILITY,v2026-08-11,2026-03-21..2026-08-06,baccarat_bet02_101_all_pairs_incl_sentinel,round_win = game_pnl > 0 (decisive only),COMPATIBILITY_ONLY_NOT_PRODUCTION,2500103.8841,2280641.3266,9883.8276,11764,10369,-0.00395337,-0.05088190,-0.00239824,-0.00395337,-9883.8276,2500103.8841,OK,0.0000,395.3531,4.0000,96.0000,AG03-UNRESOLVED,ALL5_LEVELS_bet23_to_bet27,395.3531,395.3531,395.3531,395.3531,395.3531,4.000000,4.000000,4.000000,4.000000,4.000000,96.000000,96.000000,96.000000,96.000000,96.000000,5.0,1976.7655,1824.8244,7907.0621,8059.0032,PENDING_AG03,FALSE,NOT_FOR_ENFORCEMENT,9488.4745,2189415.6736,9883.8276,9488.4745,395.3531,0.00395337,0.00379523,395.3531,9488.4745,0.00379523,395.3531,395.3531,395.3531,395.3531,395.3531,9488.4745,0.00379523,1976.7655,1824.8244,7907.0621,8059.0032,0.00316269,0.00322347,0.00015813,212.5216,219.9480,0.9532,119.0823,2.3972,30121.7335,124.9277,49.0469,238.9093,36.5364,75.9244,374.9013,749.8027,789.266,1183.8989,75.8035,-1.1839,10.395423,15.593133,2.799122,29,215,300,5,0.03207536,0.00395337,0.05088190,0E-8,0.000000,0.912219,0.000000,-0.04848366,2026-03-31,2026-08-01,83,4123,1621,124,0.669355,0.205295,0.230786,0.106918,,,,,,,,GLOBAL_BASELINE_NO_ENTITY_RANKING,,,NOT_APPLICABLE_GLOBAL_BASELINE,HF9g-P5,,,,X 全窗基线 · 不参与实体赏罚,15054878,1506,A168_HF9F_20260827_0900,2026-08-27 09:00:00
2026-04-19,92755421,2117,0,933.3008565742,437.8273048351,437.8273048351,0.7500000,13,8,0.49177233689937531,0.350019137500,1.4609540636735179,2.371854401771503,1.4609540636735179,0.14175319939937531,ELIGIBLE,R03b_20260811_FULL_v1,L1_ELIGIBILITY,v2026-08-11,2026-03-21..2026-08-06,baccarat_bet02_101_all_pairs_incl_sentinel,round_win = game_pnl > 0 (decisive only),COMPATIBILITY_ONLY_NOT_PRODUCTION,2500103.8841,2280641.3266,9883.8276,11764,10369,-0.00395337,-0.05088190,-0.00239824,-0.00395337,-9883.8276,2500103.8841,OK,0.0000,395.3531,4.0000,96.0000,AG03-UNRESOLVED,ALL5_LEVELS_bet23_to_bet27,395.3531,395.3531,395.3531,395.3531,395.3531,4.000000,4.000000,4.000000,4.000000,4.000000,96.000000,96.000000,96.000000,96.000000,96.000000,5.0,1976.7655,1824.8244,7907.0621,8059.0032,PENDING_AG03,FALSE,NOT_FOR_ENFORCEMENT,9488.4745,2189415.6736,9883.8276,9488.4745,395.3531,0.00395337,0.00379523,395.3531,9488.4745,0.00379523,395.3531,395.3531,395.3531,395.3531,395.3531,9488.4745,0.00379523,1976.7655,1824.8244,7907.0621,8059.0032,0.00316269,0.00322347,0.00015813,212.5216,219.9480,0.9532,119.0823,2.3972,30121.7335,124.9277,49.0469,238.9093,36.5364,75.9244,374.9013,749.8027,789.266,1183.8989,75.8035,-1.1839,10.395423,15.593133,2.799122,29,215,300,5,0.03207536,0.00395337,0.05088190,0E-8,0.000000,0.912219,0.000000,-0.04848366,2026-03-31,2026-08-01,83,4123,1621,124,0.669355,0.205295,0.230786,0.106918,,,,,,,,GLOBAL_BASELINE_NO_ENTITY_RANKING,,,NOT_APPLICABLE_GLOBAL_BASELINE,HF9g-P5,,,,X 全窗基线 · 不参与实体赏罚,15054879,1506,A168_HF9F_20260827_0900,2026-08-27 09:00:00
2026-04-19,92755421,2121,0,791.6209962246,0E-10,0E-10,0.5000000,2,2,0.49994810000000000,0.499948100000,0.00014679536856514622,0.00014679536856514622,0.00014679536856514622,0E-17,ELIGIBLE,R03b_20260811_FULL_v1,L1_ELIGIBILITY,v2026-08-11,2026-03-21..2026-08-06,baccarat_bet02_101_all_pairs_incl_sentinel,round_win = game_pnl > 0 (decisive only),COMPATIBILITY_ONLY_NOT_PRODUCTION,2500103.8841,2280641.3266,9883.8276,11764,10369,-0.00395337,-0.05088190,-0.00239824,-0.00395337,-9883.8276,2500103.8841,OK,0.0000,395.3531,4.0000,96.0000,AG03-UNRESOLVED,ALL5_LEVELS_bet23_to_bet27,395.3531,395.3531,395.3531,395.3531,395.3531,4.000000,4.000000,4.000000,4.000000,4.000000,96.000000,96.000000,96.000000,96.000000,96.000000,5.0,1976.7655,1824.8244,7907.0621,8059.0032,PENDING_AG03,FALSE,NOT_FOR_ENFORCEMENT,9488.4745,2189415.6736,9883.8276,9488.4745,395.3531,0.00395337,0.00379523,395.3531,9488.4745,0.00379523,395.3531,395.3531,395.3531,395.3531,395.3531,9488.4745,0.00379523,1976.7655,1824.8244,7907.0621,8059.0032,0.00316269,0.00322347,0.00015813,212.5216,219.9480,0.9532,119.0823,2.3972,30121.7335,124.9277,49.0469,238.9093,36.5364,75.9244,374.9013,749.8027,789.266,1183.8989,75.8035,-1.1839,10.395423,15.593133,2.799122,29,215,300,5,0.03207536,0.00395337,0.05088190,0E-8,0.000000,0.912219,0.000000,-0.04848366,2026-03-31,2026-08-01,83,4123,1621,124,0.669355,0.205295,0.230786,0.106918,,,,,,,,GLOBAL_BASELINE_NO_ENTITY_RANKING,,,NOT_APPLICABLE_GLOBAL_BASELINE,HF9g-P5,,,,X 全窗基线 · 不参与实体赏罚,15054880,1506,A168_HF9F_20260827_0900,2026-08-27 09:00:00
2026-04-19,92755421,2152,0,410.0190800958,-14.2085819835,-14.2085819835,0.5000000,3,2,0.50186819215690202,0.384696750000,-0.005284082255342632,0.3351603871392501,-0.005284082255342632,0.11717144215690202,ELIGIBLE,R03b_20260811_FULL_v1,L1_ELIGIBILITY,v2026-08-11,2026-03-21..2026-08-06,baccarat_bet02_101_all_pairs_incl_sentinel,round_win = game_pnl > 0 (decisive only),COMPATIBILITY_ONLY_NOT_PRODUCTION,2500103.8841,2280641.3266,9883.8276,11764,10369,-0.00395337,-0.05088190,-0.00239824,-0.00395337,-9883.8276,2500103.8841,OK,0.0000,395.3531,4.0000,96.0000,AG03-UNRESOLVED,ALL5_LEVELS_bet23_to_bet27,395.3531,395.3531,395.3531,395.3531,395.3531,4.000000,4.000000,4.000000,4.000000,4.000000,96.000000,96.000000,96.000000,96.000000,96.000000,5.0,1976.7655,1824.8244,7907.0621,8059.0032,PENDING_AG03,FALSE,NOT_FOR_ENFORCEMENT,9488.4745,2189415.6736,9883.8276,9488.4745,395.3531,0.00395337,0.00379523,395.3531,9488.4745,0.00379523,395.3531,395.3531,395.3531,395.3531,395.3531,9488.4745,0.00379523,1976.7655,1824.8244,7907.0621,8059.0032,0.00316269,0.00322347,0.00015813,212.5216,219.9480,0.9532,119.0823,2.3972,30121.7335,124.9277,49.0469,238.9093,36.5364,75.9244,374.9013,749.8027,789.266,1183.8989,75.8035,-1.1839,10.395423,15.593133,2.799122,29,215,300,5,0.03207536,0.00395337,0.05088190,0E-8,0.000000,0.912219,0.000000,-0.04848366,2026-03-31,2026-08-01,83,4123,1621,124,0.669355,0.205295,0.230786,0.106918,,,,,,,,GLOBAL_BASELINE_NO_ENTITY_RANKING,,,NOT_APPLICABLE_GLOBAL_BASELINE,HF9g-P5,,,,X 全窗基线 · 不参与实体赏罚,15054881,1506,A168_HF9F_20260827_0900,2026-08-27 09:00:00
2026-04-19,92755421,2167,0,811.9189704868,-811.9189704868,-811.9189704868,0E-7,2,2,0.49994810000000000,0.499948100000,-1.4140667746232096,-1.4140667746232096,-1.4140667746232096,0E-17,ELIGIBLE,R03b_20260811_FULL_v1,L1_ELIGIBILITY,v2026-08-11,2026-03-21..2026-08-06,baccarat_bet02_101_all_pairs_incl_sentinel,round_win = game_pnl > 0 (decisive only),COMPATIBILITY_ONLY_NOT_PRODUCTION,2500103.8841,2280641.3266,9883.8276,11764,10369,-0.00395337,-0.05088190,-0.00239824,-0.00395337,-9883.8276,2500103.8841,OK,0.0000,395.3531,4.0000,96.0000,AG03-UNRESOLVED,ALL5_LEVELS_bet23_to_bet27,395.3531,395.3531,395.3531,395.3531,395.3531,4.000000,4.000000,4.000000,4.000000,4.000000,96.000000,96.000000,96.000000,96.000000,96.000000,5.0,1976.7655,1824.8244,7907.0621,8059.0032,PENDING_AG03,FALSE,NOT_FOR_ENFORCEMENT,9488.4745,2189415.6736,9883.8276,9488.4745,395.3531,0.00395337,0.00379523,395.3531,9488.4745,0.00379523,395.3531,395.3531,395.3531,395.3531,395.3531,9488.4745,0.00379523,1976.7655,1824.8244,7907.0621,8059.0032,0.00316269,0.00322347,0.00015813,212.5216,219.9480,0.9532,119.0823,2.3972,30121.7335,124.9277,49.0469,238.9093,36.5364,75.9244,374.9013,749.8027,789.266,1183.8989,75.8035,-1.1839,10.395423,15.593133,2.799122,29,215,300,5,0.03207536,0.00395337,0.05088190,0E-8,0.000000,0.912219,0.000000,-0.04848366,2026-03-31,2026-08-01,83,4123,1621,124,0.669355,0.205295,0.230786,0.106918,,,,,,,,GLOBAL_BASELINE_NO_ENTITY_RANKING,,,NOT_APPLICABLE_GLOBAL_BASELINE,HF9g-P5,,,,X 全窗基线 · 不参与实体赏罚,15054882,1506,A168_HF9F_20260827_0900,2026-08-27 09:00:00
2026-04-19,92755421,2169,0,941.0140867942,-129.0951163074,-129.0951163074,0.3333333,4,3,0.49706892683442433,0.420879666667,-0.5672064799435644,-0.30713917230378546,-0.5672064799435644,0.07618926016742433,ELIGIBLE,R03b_20260811_FULL_v1,L1_ELIGIBILITY,v2026-08-11,2026-03-21..2026-08-06,baccarat_bet02_101_all_pairs_incl_sentinel,round_win = game_pnl > 0 (decisive only),COMPATIBILITY_ONLY_NOT_PRODUCTION,2500103.8841,2280641.3266,9883.8276,11764,10369,-0.00395337,-0.05088190,-0.00239824,-0.00395337,-9883.8276,2500103.8841,OK,0.0000,395.3531,4.0000,96.0000,AG03-UNRESOLVED,ALL5_LEVELS_bet23_to_bet27,395.3531,395.3531,395.3531,395.3531,395.3531,4.000000,4.000000,4.000000,4.000000,4.000000,96.000000,96.000000,96.000000,96.000000,96.000000,5.0,1976.7655,1824.8244,7907.0621,8059.0032,PENDING_AG03,FALSE,NOT_FOR_ENFORCEMENT,9488.4745,2189415.6736,9883.8276,9488.4745,395.3531,0.00395337,0.00379523,395.3531,9488.4745,0.00379523,395.3531,395.3531,395.3531,395.3531,395.3531,9488.4745,0.00379523,1976.7655,1824.8244,7907.0621,8059.0032,0.00316269,0.00322347,0.00015813,212.5216,219.9480,0.9532,119.0823,2.3972,30121.7335,124.9277,49.0469,238.9093,36.5364,75.9244,374.9013,749.8027,789.266,1183.8989,75.8035,-1.1839,10.395423,15.593133,2.799122,29,215,300,5,0.03207536,0.00395337,0.05088190,0E-8,0.000000,0.912219,0.000000,-0.04848366,2026-03-31,2026-08-01,83,4123,1621,124,0.669355,0.205295,0.230786,0.106918,,,,,,,,GLOBAL_BASELINE_NO_ENTITY_RANKING,,,NOT_APPLICABLE_GLOBAL_BASELINE,HF9g-P5,,,,X 全窗基线 · 不参与实体赏罚,15054883,1506,A168_HF9F_20260827_0900,2026-08-27 09:00:00
2026-04-19,92755421,2170,0,202.9797426217,-202.9797426217,-202.9797426217,0E-7,1,1,0.49324550000000000,0.493245500000,-0.9865810262130424,-0.9865810262130424,-0.9865810262130424,0E-17,ELIGIBLE,R03b_20260811_FULL_v1,L1_ELIGIBILITY,v2026-08-11,2026-03-21..2026-08-06,baccarat_bet02_101_all_pairs_incl_sentinel,round_win = game_pnl > 0 (decisive only),COMPATIBILITY_ONLY_NOT_PRODUCTION,2500103.8841,2280641.3266,9883.8276,11764,10369,-0.00395337,-0.05088190,-0.00239824,-0.00395337,-9883.8276,2500103.8841,OK,0.0000,395.3531,4.0000,96.0000,AG03-UNRESOLVED,ALL5_LEVELS_bet23_to_bet27,395.3531,395.3531,395.3531,395.3531,395.3531,4.000000,4.000000,4.000000,4.000000,4.000000,96.000000,96.000000,96.000000,96.000000,96.000000,5.0,1976.7655,1824.8244,7907.0621,8059.0032,PENDING_AG03,FALSE,NOT_FOR_ENFORCEMENT,9488.4745,2189415.6736,9883.8276,9488.4745,395.3531,0.00395337,0.00379523,395.3531,9488.4745,0.00379523,395.3531,395.3531,395.3531,395.3531,395.3531,9488.4745,0.00379523,1976.7655,1824.8244,7907.0621,8059.0032,0.00316269,0.00322347,0.00015813,212.5216,219.9480,0.9532,119.0823,2.3972,30121.7335,124.9277,49.0469,238.9093,36.5364,75.9244,374.9013,749.8027,789.266,1183.8989,75.8035,-1.1839,10.395423,15.593133,2.799122,29,215,300,5,0.03207536,0.00395337,0.05088190,0E-8,0.000000,0.912219,0.000000,-0.04848366,2026-03-31,2026-08-01,83,4123,1621,124,0.669355,0.205295,0.230786,0.106918,,,,,,,,GLOBAL_BASELINE_NO_ENTITY_RANKING,,,NOT_APPLICABLE_GLOBAL_BASELINE,HF9g-P5,,,,X 全窗基线 · 不参与实体赏罚,15054884,1506,A168_HF9F_20260827_0900,2026-08-27 09:00:00
2026-04-19,92755421,2196,0,1006.7795234036,-205.0095400479,-205.0095400479,0.4000000,7,5,0.49564408980304699,0.402384940000,-0.427749605401784,-0.01087503927561754,-0.427749605401784,0.09325914980304699,ELIGIBLE,R03b_20260811_FULL_v1,L1_ELIGIBILITY,v2026-08-11,2026-03-21..2026-08-06,baccarat_bet02_101_all_pairs_incl_sentinel,round_win = game_pnl > 0 (decisive only),COMPATIBILITY_ONLY_NOT_PRODUCTION,2500103.8841,2280641.3266,9883.8276,11764,10369,-0.00395337,-0.05088190,-0.00239824,-0.00395337,-9883.8276,2500103.8841,OK,0.0000,395.3531,4.0000,96.0000,AG03-UNRESOLVED,ALL5_LEVELS_bet23_to_bet27,395.3531,395.3531,395.3531,395.3531,395.3531,4.000000,4.000000,4.000000,4.000000,4.000000,96.000000,96.000000,96.000000,96.000000,96.000000,5.0,1976.7655,1824.8244,7907.0621,8059.0032,PENDING_AG03,FALSE,NOT_FOR_ENFORCEMENT,9488.4745,2189415.6736,9883.8276,9488.4745,395.3531,0.00395337,0.00379523,395.3531,9488.4745,0.00379523,395.3531,395.3531,395.3531,395.3531,395.3531,9488.4745,0.00379523,1976.7655,1824.8244,7907.0621,8059.0032,0.00316269,0.00322347,0.00015813,212.5216,219.9480,0.9532,119.0823,2.3972,30121.7335,124.9277,49.0469,238.9093,36.5364,75.9244,374.9013,749.8027,789.266,1183.8989,75.8035,-1.1839,10.395423,15.593133,2.799122,29,215,300,5,0.03207536,0.00395337,0.05088190,0E-8,0.000000,0.912219,0.000000,-0.04848366,2026-03-31,2026-08-01,83,4123,1621,124,0.669355,0.205295,0.230786,0.106918,,,,,,,,GLOBAL_BASELINE_NO_ENTITY_RANKING,,,NOT_APPLICABLE_GLOBAL_BASELINE,HF9g-P5,,,,X 全窗基线 · 不参与实体赏罚,15054885,1506,A168_HF9F_20260827_0900,2026-08-27 09:00:00
2026-04-19,92755421,2201,0,121.7878455730,-121.7878455730,-121.7878455730,0E-7,1,1,0.50665070000000000,0.506650700000,-1.013391052207602,-1.013391052207602,-1.013391052207602,0E-17,ELIGIBLE,R03b_20260811_FULL_v1,L1_ELIGIBILITY,v2026-08-11,2026-03-21..2026-08-06,baccarat_bet02_101_all_pairs_incl_sentinel,round_win = game_pnl > 0 (decisive only),COMPATIBILITY_ONLY_NOT_PRODUCTION,2500103.8841,2280641.3266,9883.8276,11764,10369,-0.00395337,-0.05088190,-0.00239824,-0.00395337,-9883.8276,2500103.8841,OK,0.0000,395.3531,4.0000,96.0000,AG03-UNRESOLVED,ALL5_LEVELS_bet23_to_bet27,395.3531,395.3531,395.3531,395.3531,395.3531,4.000000,4.000000,4.000000,4.000000,4.000000,96.000000,96.000000,96.000000,96.000000,96.000000,5.0,1976.7655,1824.8244,7907.0621,8059.0032,PENDING_AG03,FALSE,NOT_FOR_ENFORCEMENT,9488.4745,2189415.6736,9883.8276,9488.4745,395.3531,0.00395337,0.00379523,395.3531,9488.4745,0.00379523,395.3531,395.3531,395.3531,395.3531,395.3531,9488.4745,0.00379523,1976.7655,1824.8244,7907.0621,8059.0032,0.00316269,0.00322347,0.00015813,212.5216,219.9480,0.9532,119.0823,2.3972,30121.7335,124.9277,49.0469,238.9093,36.5364,75.9244,374.9013,749.8027,789.266,1183.8989,75.8035,-1.1839,10.395423,15.593133,2.799122,29,215,300,5,0.03207536,0.00395337,0.05088190,0E-8,0.000000,0.912219,0.000000,-0.04848366,2026-03-31,2026-08-01,83,4123,1621,124,0.669355,0.205295,0.230786,0.106918,,,,,,,,GLOBAL_BASELINE_NO_ENTITY_RANKING,,,NOT_APPLICABLE_GLOBAL_BASELINE,HF9g-P5,,,,X 全窗基线 · 不参与实体赏罚,15054886,1506,A168_HF9F_20260827_0900,2026-08-27 09:00:00
2026-04-19,92755421,2202,0,115.6984532943,-115.6984532943,-115.6984532943,0E-7,2,1,0.48492250701760860,0.256040200000,-0.9702862662641157,-0.5866503638730671,-0.9702862662641157,0.22888230701760860,ELIGIBLE,R03b_20260811_FULL_v1,L1_ELIGIBILITY,v2026-08-11,2026-03-21..2026-08-06,baccarat_bet02_101_all_pairs_incl_sentinel,round_win = game_pnl > 0 (decisive only),COMPATIBILITY_ONLY_NOT_PRODUCTION,2500103.8841,2280641.3266,9883.8276,11764,10369,-0.00395337,-0.05088190,-0.00239824,-0.00395337,-9883.8276,2500103.8841,OK,0.0000,395.3531,4.0000,96.0000,AG03-UNRESOLVED,ALL5_LEVELS_bet23_to_bet27,395.3531,395.3531,395.3531,395.3531,395.3531,4.000000,4.000000,4.000000,4.000000,4.000000,96.000000,96.000000,96.000000,96.000000,96.000000,5.0,1976.7655,1824.8244,7907.0621,8059.0032,PENDING_AG03,FALSE,NOT_FOR_ENFORCEMENT,9488.4745,2189415.6736,9883.8276,9488.4745,395.3531,0.00395337,0.00379523,395.3531,9488.4745,0.00379523,395.3531,395.3531,395.3531,395.3531,395.3531,9488.4745,0.00379523,1976.7655,1824.8244,7907.0621,8059.0032,0.00316269,0.00322347,0.00015813,212.5216,219.9480,0.9532,119.0823,2.3972,30121.7335,124.9277,49.0469,238.9093,36.5364,75.9244,374.9013,749.8027,789.266,1183.8989,75.8035,-1.1839,10.395423,15.593133,2.799122,29,215,300,5,0.03207536,0.00395337,0.05088190,0E-8,0.000000,0.912219,0.000000,-0.04848366,2026-03-31,2026-08-01,83,4123,1621,124,0.669355,0.205295,0.230786,0.106918,,,,,,,,GLOBAL_BASELINE_NO_ENTITY_RANKING,,,NOT_APPLICABLE_GLOBAL_BASELINE,HF9g-P5,,,,X 全窗基线 · 不参与实体赏罚,15054887,1506,A168_HF9F_20260827_0900,2026-08-27 09:00:00
2026-04-19,92755421,2205,0,101.4898713108,-101.4898713108,-101.4898713108,0E-7,1,1,0.50665070000000000,0.506650700000,-1.013391052207602,-1.013391052207602,-1.013391052207602,0E-17,ELIGIBLE,R03b_20260811_FULL_v1,L1_ELIGIBILITY,v2026-08-11,2026-03-21..2026-08-06,baccarat_bet02_101_all_pairs_incl_sentinel,round_win = game_pnl > 0 (decisive only),COMPATIBILITY_ONLY_NOT_PRODUCTION,2500103.8841,2280641.3266,9883.8276,11764,10369,-0.00395337,-0.05088190,-0.00239824,-0.00395337,-9883.8276,2500103.8841,OK,0.0000,395.3531,4.0000,96.0000,AG03-UNRESOLVED,ALL5_LEVELS_bet23_to_bet27,395.3531,395.3531,395.3531,395.3531,395.3531,4.000000,4.000000,4.000000,4.000000,4.000000,96.000000,96.000000,96.000000,96.000000,96.000000,5.0,1976.7655,1824.8244,7907.0621,8059.0032,PENDING_AG03,FALSE,NOT_FOR_ENFORCEMENT,9488.4745,2189415.6736,9883.8276,9488.4745,395.3531,0.00395337,0.00379523,395.3531,9488.4745,0.00379523,395.3531,395.3531,395.3531,395.3531,395.3531,9488.4745,0.00379523,1976.7655,1824.8244,7907.0621,8059.0032,0.00316269,0.00322347,0.00015813,212.5216,219.9480,0.9532,119.0823,2.3972,30121.7335,124.9277,49.0469,238.9093,36.5364,75.9244,374.9013,749.8027,789.266,1183.8989,75.8035,-1.1839,10.395423,15.593133,2.799122,29,215,300,5,0.03207536,0.00395337,0.05088190,0E-8,0.000000,0.912219,0.000000,-0.04848366,2026-03-31,2026-08-01,83,4123,1621,124,0.669355,0.205295,0.230786,0.106918,,,,,,,,GLOBAL_BASELINE_NO_ENTITY_RANKING,,,NOT_APPLICABLE_GLOBAL_BASELINE,HF9g-P5,,,,X 全窗基线 · 不参与实体赏罚,15054888,1506,A168_HF9F_20260827_0900,2026-08-27 09:00:00
2026-04-19,92755421,2222,0,608.9392278649,420.1680672270,420.1680672270,0.8000000,9,5,0.49486978468224864,0.308843340000,1.3646556418116926,2.377101196676604,1.3646556418116926,0.18602644468224864,ELIGIBLE,R03b_20260811_FULL_v1,L1_ELIGIBILITY,v2026-08-11,2026-03-21..2026-08-06,baccarat_bet02_101_all_pairs_incl_sentinel,round_win = game_pnl > 0 (decisive only),COMPATIBILITY_ONLY_NOT_PRODUCTION,2500103.8841,2280641.3266,9883.8276,11764,10369,-0.00395337,-0.05088190,-0.00239824,-0.00395337,-9883.8276,2500103.8841,OK,0.0000,395.3531,4.0000,96.0000,AG03-UNRESOLVED,ALL5_LEVELS_bet23_to_bet27,395.3531,395.3531,395.3531,395.3531,395.3531,4.000000,4.000000,4.000000,4.000000,4.000000,96.000000,96.000000,96.000000,96.000000,96.000000,5.0,1976.7655,1824.8244,7907.0621,8059.0032,PENDING_AG03,FALSE,NOT_FOR_ENFORCEMENT,9488.4745,2189415.6736,9883.8276,9488.4745,395.3531,0.00395337,0.00379523,395.3531,9488.4745,0.00379523,395.3531,395.3531,395.3531,395.3531,395.3531,9488.4745,0.00379523,1976.7655,1824.8244,7907.0621,8059.0032,0.00316269,0.00322347,0.00015813,212.5216,219.9480,0.9532,119.0823,2.3972,30121.7335,124.9277,49.0469,238.9093,36.5364,75.9244,374.9013,749.8027,789.266,1183.8989,75.8035,-1.1839,10.395423,15.593133,2.799122,29,215,300,5,0.03207536,0.00395337,0.05088190,0E-8,0.000000,0.912219,0.000000,-0.04848366,2026-03-31,2026-08-01,83,4123,1621,124,0.669355,0.205295,0.230786,0.106918,,,,,,,,GLOBAL_BASELINE_NO_ENTITY_RANKING,,,NOT_APPLICABLE_GLOBAL_BASELINE,HF9g-P5,,,,X 全窗基线 · 不参与实体赏罚,15054889,1506,A168_HF9F_20260827_0900,2026-08-27 09:00:00
2026-04-19,92755421,2224,0,617.0584175699,-414.0786749482,-414.0786749482,0E-7,5,3,0.48704405424841693,0.335108633333,-1.6877367853856111,-1.229640301496264,-1.6877367853856111,0.15193542091541693,ELIGIBLE,R03b_20260811_FULL_v1,L1_ELIGIBILITY,v2026-08-11,2026-03-21..2026-08-06,baccarat_bet02_101_all_pairs_incl_sentinel,round_win = game_pnl > 0 (decisive only),COMPATIBILITY_ONLY_NOT_PRODUCTION,2500103.8841,2280641.3266,9883.8276,11764,10369,-0.00395337,-0.05088190,-0.00239824,-0.00395337,-9883.8276,2500103.8841,OK,0.0000,395.3531,4.0000,96.0000,AG03-UNRESOLVED,ALL5_LEVELS_bet23_to_bet27,395.3531,395.3531,395.3531,395.3531,395.3531,4.000000,4.000000,4.000000,4.000000,4.000000,96.000000,96.000000,96.000000,96.000000,96.000000,5.0,1976.7655,1824.8244,7907.0621,8059.0032,PENDING_AG03,FALSE,NOT_FOR_ENFORCEMENT,9488.4745,2189415.6736,9883.8276,9488.4745,395.3531,0.00395337,0.00379523,395.3531,9488.4745,0.00379523,395.3531,395.3531,395.3531,395.3531,395.3531,9488.4745,0.00379523,1976.7655,1824.8244,7907.0621,8059.0032,0.00316269,0.00322347,0.00015813,212.5216,219.9480,0.9532,119.0823,2.3972,30121.7335,124.9277,49.0469,238.9093,36.5364,75.9244,374.9013,749.8027,789.266,1183.8989,75.8035,-1.1839,10.395423,15.593133,2.799122,29,215,300,5,0.03207536,0.00395337,0.05088190,0E-8,0.000000,0.912219,0.000000,-0.04848366,2026-03-31,2026-08-01,83,4123,1621,124,0.669355,0.205295,0.230786,0.106918,,,,,,,,GLOBAL_BASELINE_NO_ENTITY_RANKING,,,NOT_APPLICABLE_GLOBAL_BASELINE,HF9g-P5,,,,X 全窗基线 · 不参与实体赏罚,15054890,1506,A168_HF9F_20260827_0900,2026-08-27 09:00:00
2026-04-19,92755421,2233,0,728.2913165266,209.4750943855,209.4750943855,0.6000000,9,6,0.49127628149182267,0.377994150000,0.4863012745647161,1.0237870853334687,0.4863012745647161,0.11328213149182267,ELIGIBLE,R03b_20260811_FULL_v1,L1_ELIGIBILITY,v2026-08-11,2026-03-21..2026-08-06,baccarat_bet02_101_all_pairs_incl_sentinel,round_win = game_pnl > 0 (decisive only),COMPATIBILITY_ONLY_NOT_PRODUCTION,2500103.8841,2280641.3266,9883.8276,11764,10369,-0.00395337,-0.05088190,-0.00239824,-0.00395337,-9883.8276,2500103.8841,OK,0.0000,395.3531,4.0000,96.0000,AG03-UNRESOLVED,ALL5_LEVELS_bet23_to_bet27,395.3531,395.3531,395.3531,395.3531,395.3531,4.000000,4.000000,4.000000,4.000000,4.000000,96.000000,96.000000,96.000000,96.000000,96.000000,5.0,1976.7655,1824.8244,7907.0621,8059.0032,PENDING_AG03,FALSE,NOT_FOR_ENFORCEMENT,9488.4745,2189415.6736,9883.8276,9488.4745,395.3531,0.00395337,0.00379523,395.3531,9488.4745,0.00379523,395.3531,395.3531,395.3531,395.3531,395.3531,9488.4745,0.00379523,1976.7655,1824.8244,7907.0621,8059.0032,0.00316269,0.00322347,0.00015813,212.5216,219.9480,0.9532,119.0823,2.3972,30121.7335,124.9277,49.0469,238.9093,36.5364,75.9244,374.9013,749.8027,789.266,1183.8989,75.8035,-1.1839,10.395423,15.593133,2.799122,29,215,300,5,0.03207536,0.00395337,0.05088190,0E-8,0.000000,0.912219,0.000000,-0.04848366,2026-03-31,2026-08-01,83,4123,1621,124,0.669355,0.205295,0.230786,0.106918,,,,,,,,GLOBAL_BASELINE_NO_ENTITY_RANKING,,,NOT_APPLICABLE_GLOBAL_BASELINE,HF9g-P5,,,,X 全窗基线 · 不参与实体赏罚,15054891,1506,A168_HF9F_20260827_0900,2026-08-27 09:00:00
2026-04-19,92755421,2234,0,619.0882149961,192.8307554907,192.8307554907,0.3333333,6,3,0.48990250111311675,0.258274400000,-0.5424821406660592,0.29703026368179986,-0.5424821406660592,0.23162810111311675,ELIGIBLE,R03b_20260811_FULL_v1,L1_ELIGIBILITY,v2026-08-11,2026-03-21..2026-08-06,baccarat_bet02_101_all_pairs_incl_sentinel,round_win = game_pnl > 0 (decisive only),COMPATIBILITY_ONLY_NOT_PRODUCTION,2500103.8841,2280641.3266,9883.8276,11764,10369,-0.00395337,-0.05088190,-0.00239824,-0.00395337,-9883.8276,2500103.8841,OK,0.0000,395.3531,4.0000,96.0000,AG03-UNRESOLVED,ALL5_LEVELS_bet23_to_bet27,395.3531,395.3531,395.3531,395.3531,395.3531,4.000000,4.000000,4.000000,4.000000,4.000000,96.000000,96.000000,96.000000,96.000000,96.000000,5.0,1976.7655,1824.8244,7907.0621,8059.0032,PENDING_AG03,FALSE,NOT_FOR_ENFORCEMENT,9488.4745,2189415.6736,9883.8276,9488.4745,395.3531,0.00395337,0.00379523,395.3531,9488.4745,0.00379523,395.3531,395.3531,395.3531,395.3531,395.3531,9488.4745,0.00379523,1976.7655,1824.8244,7907.0621,8059.0032,0.00316269,0.00322347,0.00015813,212.5216,219.9480,0.9532,119.0823,2.3972,30121.7335,124.9277,49.0469,238.9093,36.5364,75.9244,374.9013,749.8027,789.266,1183.8989,75.8035,-1.1839,10.395423,15.593133,2.799122,29,215,300,5,0.03207536,0.00395337,0.05088190,0E-8,0.000000,0.912219,0.000000,-0.04848366,2026-03-31,2026-08-01,83,4123,1621,124,0.669355,0.205295,0.230786,0.106918,,,,,,,,GLOBAL_BASELINE_NO_ENTITY_RANKING,,,NOT_APPLICABLE_GLOBAL_BASELINE,HF9g-P5,,,,X 全窗基线 · 不参与实体赏罚,15054892,1506,A168_HF9F_20260827_0900,2026-08-27 09:00:00
2026-04-19,92755421,2235,0,121.7878455730,115.6984532944,115.6984532944,1.0000000,1,1,0.50665070000000000,0.506650700000,0.9867858985152569,0.9867858985152569,0.9867858985152569,0E-17,ELIGIBLE,R03b_20260811_FULL_v1,L1_ELIGIBILITY,v2026-08-11,2026-03-21..2026-08-06,baccarat_bet02_101_all_pairs_incl_sentinel,round_win = game_pnl > 0 (decisive only),COMPATIBILITY_ONLY_NOT_PRODUCTION,2500103.8841,2280641.3266,9883.8276,11764,10369,-0.00395337,-0.05088190,-0.00239824,-0.00395337,-9883.8276,2500103.8841,OK,0.0000,395.3531,4.0000,96.0000,AG03-UNRESOLVED,ALL5_LEVELS_bet23_to_bet27,395.3531,395.3531,395.3531,395.3531,395.3531,4.000000,4.000000,4.000000,4.000000,4.000000,96.000000,96.000000,96.000000,96.000000,96.000000,5.0,1976.7655,1824.8244,7907.0621,8059.0032,PENDING_AG03,FALSE,NOT_FOR_ENFORCEMENT,9488.4745,2189415.6736,9883.8276,9488.4745,395.3531,0.00395337,0.00379523,395.3531,9488.4745,0.00379523,395.3531,395.3531,395.3531,395.3531,395.3531,9488.4745,0.00379523,1976.7655,1824.8244,7907.0621,8059.0032,0.00316269,0.00322347,0.00015813,212.5216,219.9480,0.9532,119.0823,2.3972,30121.7335,124.9277,49.0469,238.9093,36.5364,75.9244,374.9013,749.8027,789.266,1183.8989,75.8035,-1.1839,10.395423,15.593133,2.799122,29,215,300,5,0.03207536,0.00395337,0.05088190,0E-8,0.000000,0.912219,0.000000,-0.04848366,2026-03-31,2026-08-01,83,4123,1621,124,0.669355,0.205295,0.230786,0.106918,,,,,,,,GLOBAL_BASELINE_NO_ENTITY_RANKING,,,NOT_APPLICABLE_GLOBAL_BASELINE,HF9g-P5,,,,X 全窗基线 · 不参与实体赏罚,15054893,1506,A168_HF9F_20260827_0900,2026-08-27 09:00:00
2026-04-19,92755421,2239,0,105.5494661632,-105.5494661632,-105.5494661632,0E-7,2,1,0.48788855384629605,0.262742800000,-0.9760635016125234,-0.5969746651759844,-0.9760635016125234,0.22514575384629605,ELIGIBLE,R03b_20260811_FULL_v1,L1_ELIGIBILITY,v2026-08-11,2026-03-21..2026-08-06,baccarat_bet02_101_all_pairs_incl_sentinel,round_win = game_pnl > 0 (decisive only),COMPATIBILITY_ONLY_NOT_PRODUCTION,2500103.8841,2280641.3266,9883.8276,11764,10369,-0.00395337,-0.05088190,-0.00239824,-0.00395337,-9883.8276,2500103.8841,OK,0.0000,395.3531,4.0000,96.0000,AG03-UNRESOLVED,ALL5_LEVELS_bet23_to_bet27,395.3531,395.3531,395.3531,395.3531,395.3531,4.000000,4.000000,4.000000,4.000000,4.000000,96.000000,96.000000,96.000000,96.000000,96.000000,5.0,1976.7655,1824.8244,7907.0621,8059.0032,PENDING_AG03,FALSE,NOT_FOR_ENFORCEMENT,9488.4745,2189415.6736,9883.8276,9488.4745,395.3531,0.00395337,0.00379523,395.3531,9488.4745,0.00379523,395.3531,395.3531,395.3531,395.3531,395.3531,9488.4745,0.00379523,1976.7655,1824.8244,7907.0621,8059.0032,0.00316269,0.00322347,0.00015813,212.5216,219.9480,0.9532,119.0823,2.3972,30121.7335,124.9277,49.0469,238.9093,36.5364,75.9244,374.9013,749.8027,789.266,1183.8989,75.8035,-1.1839,10.395423,15.593133,2.799122,29,215,300,5,0.03207536,0.00395337,0.05088190,0E-8,0.000000,0.912219,0.000000,-0.04848366,2026-03-31,2026-08-01,83,4123,1621,124,0.669355,0.205295,0.230786,0.106918,,,,,,,,GLOBAL_BASELINE_NO_ENTITY_RANKING,,,NOT_APPLICABLE_GLOBAL_BASELINE,HF9g-P5,,,,X 全窗基线 · 不参与实体赏罚,15054894,1506,A168_HF9F_20260827_0900,2026-08-27 09:00:00
2026-04-19,92755421,2248,0,570.3730767669,-192.8307554905,-192.8307554905,0.3333333,5,3,0.49507158497761813,0.341811233333,-0.560304958213697,-0.030958543356713802,-0.560304958213697,0.15326035164461813,ELIGIBLE,R03b_20260811_FULL_v1,L1_ELIGIBILITY,v2026-08-11,2026-03-21..2026-08-06,baccarat_bet02_101_all_pairs_incl_sentinel,round_win = game_pnl > 0 (decisive only),COMPATIBILITY_ONLY_NOT_PRODUCTION,2500103.8841,2280641.3266,9883.8276,11764,10369,-0.00395337,-0.05088190,-0.00239824,-0.00395337,-9883.8276,2500103.8841,OK,0.0000,395.3531,4.0000,96.0000,AG03-UNRESOLVED,ALL5_LEVELS_bet23_to_bet27,395.3531,395.3531,395.3531,395.3531,395.3531,4.000000,4.000000,4.000000,4.000000,4.000000,96.000000,96.000000,96.000000,96.000000,96.000000,5.0,1976.7655,1824.8244,7907.0621,8059.0032,PENDING_AG03,FALSE,NOT_FOR_ENFORCEMENT,9488.4745,2189415.6736,9883.8276,9488.4745,395.3531,0.00395337,0.00379523,395.3531,9488.4745,0.00379523,395.3531,395.3531,395.3531,395.3531,395.3531,9488.4745,0.00379523,1976.7655,1824.8244,7907.0621,8059.0032,0.00316269,0.00322347,0.00015813,212.5216,219.9480,0.9532,119.0823,2.3972,30121.7335,124.9277,49.0469,238.9093,36.5364,75.9244,374.9013,749.8027,789.266,1183.8989,75.8035,-1.1839,10.395423,15.593133,2.799122,29,215,300,5,0.03207536,0.00395337,0.05088190,0E-8,0.000000,0.912219,0.000000,-0.04848366,2026-03-31,2026-08-01,83,4123,1621,124,0.669355,0.205295,0.230786,0.106918,,,,,,,,GLOBAL_BASELINE_NO_ENTITY_RANKING,,,NOT_APPLICABLE_GLOBAL_BASELINE,HF9g-P5,,,,X 全窗基线 · 不参与实体赏罚,15054895,1506,A168_HF9F_20260827_0900,2026-08-27 09:00:00
2026-04-19,92755421,2254,0,202.9797426217,-202.9797426217,-202.9797426217,0E-7,1,1,0.50665070000000000,0.506650700000,-1.013391052207602,-1.013391052207602,-1.013391052207602,0E-17,ELIGIBLE,R03b_20260811_FULL_v1,L1_ELIGIBILITY,v2026-08-11,2026-03-21..2026-08-06,baccarat_bet02_101_all_pairs_incl_sentinel,round_win = game_pnl > 0 (decisive only),COMPATIBILITY_ONLY_NOT_PRODUCTION,2500103.8841,2280641.3266,9883.8276,11764,10369,-0.00395337,-0.05088190,-0.00239824,-0.00395337,-9883.8276,2500103.8841,OK,0.0000,395.3531,4.0000,96.0000,AG03-UNRESOLVED,ALL5_LEVELS_bet23_to_bet27,395.3531,395.3531,395.3531,395.3531,395.3531,4.000000,4.000000,4.000000,4.000000,4.000000,96.000000,96.000000,96.000000,96.000000,96.000000,5.0,1976.7655,1824.8244,7907.0621,8059.0032,PENDING_AG03,FALSE,NOT_FOR_ENFORCEMENT,9488.4745,2189415.6736,9883.8276,9488.4745,395.3531,0.00395337,0.00379523,395.3531,9488.4745,0.00379523,395.3531,395.3531,395.3531,395.3531,395.3531,9488.4745,0.00379523,1976.7655,1824.8244,7907.0621,8059.0032,0.00316269,0.00322347,0.00015813,212.5216,219.9480,0.9532,119.0823,2.3972,30121.7335,124.9277,49.0469,238.9093,36.5364,75.9244,374.9013,749.8027,789.266,1183.8989,75.8035,-1.1839,10.395423,15.593133,2.799122,29,215,300,5,0.03207536,0.00395337,0.05088190,0E-8,0.000000,0.912219,0.000000,-0.04848366,2026-03-31,2026-08-01,83,4123,1621,124,0.669355,0.205295,0.230786,0.106918,,,,,,,,GLOBAL_BASELINE_NO_ENTITY_RANKING,,,NOT_APPLICABLE_GLOBAL_BASELINE,HF9g-P5,,,,X 全窗基线 · 不参与实体赏罚,15054896,1506,A168_HF9F_20260827_0900,2026-08-27 09:00:00
2026-04-19,92755421,2258,0,1016.9285105347,-813.9487679130,-813.9487679130,0E-7,5,4,0.49542251633664340,0.437295475000,-1.9817731166847925,-1.7631013728352567,-1.9817731166847925,0.05812704133664340,ELIGIBLE,R03b_20260811_FULL_v1,L1_ELIGIBILITY,v2026-08-11,2026-03-21..2026-08-06,baccarat_bet02_101_all_pairs_incl_sentinel,round_win = game_pnl > 0 (decisive only),COMPATIBILITY_ONLY_NOT_PRODUCTION,2500103.8841,2280641.3266,9883.8276,11764,10369,-0.00395337,-0.05088190,-0.00239824,-0.00395337,-9883.8276,2500103.8841,OK,0.0000,395.3531,4.0000,96.0000,AG03-UNRESOLVED,ALL5_LEVELS_bet23_to_bet27,395.3531,395.3531,395.3531,395.3531,395.3531,4.000000,4.000000,4.000000,4.000000,4.000000,96.000000,96.000000,96.000000,96.000000,96.000000,5.0,1976.7655,1824.8244,7907.0621,8059.0032,PENDING_AG03,FALSE,NOT_FOR_ENFORCEMENT,9488.4745,2189415.6736,9883.8276,9488.4745,395.3531,0.00395337,0.00379523,395.3531,9488.4745,0.00379523,395.3531,395.3531,395.3531,395.3531,395.3531,9488.4745,0.00379523,1976.7655,1824.8244,7907.0621,8059.0032,0.00316269,0.00322347,0.00015813,212.5216,219.9480,0.9532,119.0823,2.3972,30121.7335,124.9277,49.0469,238.9093,36.5364,75.9244,374.9013,749.8027,789.266,1183.8989,75.8035,-1.1839,10.395423,15.593133,2.799122,29,215,300,5,0.03207536,0.00395337,0.05088190,0E-8,0.000000,0.912219,0.000000,-0.04848366,2026-03-31,2026-08-01,83,4123,1621,124,0.669355,0.205295,0.230786,0.106918,,,,,,,,GLOBAL_BASELINE_NO_ENTITY_RANKING,,,NOT_APPLICABLE_GLOBAL_BASELINE,HF9g-P5,,,,X 全窗基线 · 不参与实体赏罚,15054897,1506,A168_HF9F_20260827_0900,2026-08-27 09:00:00
2026-04-19,92755421,2261,0,1055.4946616328,237.4862988674,237.4862988674,0.7500000,4,4,0.49994810000000000,0.499948100000,1.0002076053883384,1.0002076053883384,1.0002076053883384,0E-17,ELIGIBLE,R03b_20260811_FULL_v1,L1_ELIGIBILITY,v2026-08-11,2026-03-21..2026-08-06,baccarat_bet02_101_all_pairs_incl_sentinel,round_win = game_pnl > 0 (decisive only),COMPATIBILITY_ONLY_NOT_PRODUCTION,2500103.8841,2280641.3266,9883.8276,11764,10369,-0.00395337,-0.05088190,-0.00239824,-0.00395337,-9883.8276,2500103.8841,OK,0.0000,395.3531,4.0000,96.0000,AG03-UNRESOLVED,ALL5_LEVELS_bet23_to_bet27,395.3531,395.3531,395.3531,395.3531,395.3531,4.000000,4.000000,4.000000,4.000000,4.000000,96.000000,96.000000,96.000000,96.000000,96.000000,5.0,1976.7655,1824.8244,7907.0621,8059.0032,PENDING_AG03,FALSE,NOT_FOR_ENFORCEMENT,9488.4745,2189415.6736,9883.8276,9488.4745,395.3531,0.00395337,0.00379523,395.3531,9488.4745,0.00379523,395.3531,395.3531,395.3531,395.3531,395.3531,9488.4745,0.00379523,1976.7655,1824.8244,7907.0621,8059.0032,0.00316269,0.00322347,0.00015813,212.5216,219.9480,0.9532,119.0823,2.3972,30121.7335,124.9277,49.0469,238.9093,36.5364,75.9244,374.9013,749.8027,789.266,1183.8989,75.8035,-1.1839,10.395423,15.593133,2.799122,29,215,300,5,0.03207536,0.00395337,0.05088190,0E-8,0.000000,0.912219,0.000000,-0.04848366,2026-03-31,2026-08-01,83,4123,1621,124,0.669355,0.205295,0.230786,0.106918,,,,,,,,GLOBAL_BASELINE_NO_ENTITY_RANKING,,,NOT_APPLICABLE_GLOBAL_BASELINE,HF9g-P5,,,,X 全窗基线 · 不参与实体赏罚,15054898,1506,A168_HF9F_20260827_0900,2026-08-27 09:00:00
2026-04-19,92755421,2266,0,791.6209962246,0E-10,0E-10,0.5000000,2,2,0.49994810000000000,0.499948100000,0.00014679536856514622,0.00014679536856514622,0.00014679536856514622,0E-17,ELIGIBLE,R03b_20260811_FULL_v1,L1_ELIGIBILITY,v2026-08-11,2026-03-21..2026-08-06,baccarat_bet02_101_all_pairs_incl_sentinel,round_win = game_pnl > 0 (decisive only),COMPATIBILITY_ONLY_NOT_PRODUCTION,2500103.8841,2280641.3266,9883.8276,11764,10369,-0.00395337,-0.05088190,-0.00239824,-0.00395337,-9883.8276,2500103.8841,OK,0.0000,395.3531,4.0000,96.0000,AG03-UNRESOLVED,ALL5_LEVELS_bet23_to_bet27,395.3531,395.3531,395.3531,395.3531,395.3531,4.000000,4.000000,4.000000,4.000000,4.000000,96.000000,96.000000,96.000000,96.000000,96.000000,5.0,1976.7655,1824.8244,7907.0621,8059.0032,PENDING_AG03,FALSE,NOT_FOR_ENFORCEMENT,9488.4745,2189415.6736,9883.8276,9488.4745,395.3531,0.00395337,0.00379523,395.3531,9488.4745,0.00379523,395.3531,395.3531,395.3531,395.3531,395.3531,9488.4745,0.00379523,1976.7655,1824.8244,7907.0621,8059.0032,0.00316269,0.00322347,0.00015813,212.5216,219.9480,0.9532,119.0823,2.3972,30121.7335,124.9277,49.0469,238.9093,36.5364,75.9244,374.9013,749.8027,789.266,1183.8989,75.8035,-1.1839,10.395423,15.593133,2.799122,29,215,300,5,0.03207536,0.00395337,0.05088190,0E-8,0.000000,0.912219,0.000000,-0.04848366,2026-03-31,2026-08-01,83,4123,1621,124,0.669355,0.205295,0.230786,0.106918,,,,,,,,GLOBAL_BASELINE_NO_ENTITY_RANKING,,,NOT_APPLICABLE_GLOBAL_BASELINE,HF9g-P5,,,,X 全窗基线 · 不参与实体赏罚,15054899,1506,A168_HF9F_20260827_0900,2026-08-27 09:00:00
2026-04-19,92755421,763,0,121.7878455730,-121.7878455730,-121.7878455730,0E-7,1,1,0.49324550000000000,0.493245500000,-0.9865810262130424,-0.9865810262130424,-0.9865810262130424,0E-17,ELIGIBLE,R03b_20260811_FULL_v1,L1_ELIGIBILITY,v2026-08-11,2026-03-21..2026-08-06,baccarat_bet02_101_all_pairs_incl_sentinel,round_win = game_pnl > 0 (decisive only),COMPATIBILITY_ONLY_NOT_PRODUCTION,2500103.8841,2280641.3266,9883.8276,11764,10369,-0.00395337,-0.05088190,-0.00239824,-0.00395337,-9883.8276,2500103.8841,OK,0.0000,395.3531,4.0000,96.0000,AG03-UNRESOLVED,ALL5_LEVELS_bet23_to_bet27,395.3531,395.3531,395.3531,395.3531,395.3531,4.000000,4.000000,4.000000,4.000000,4.000000,96.000000,96.000000,96.000000,96.000000,96.000000,5.0,1976.7655,1824.8244,7907.0621,8059.0032,PENDING_AG03,FALSE,NOT_FOR_ENFORCEMENT,9488.4745,2189415.6736,9883.8276,9488.4745,395.3531,0.00395337,0.00379523,395.3531,9488.4745,0.00379523,395.3531,395.3531,395.3531,395.3531,395.3531,9488.4745,0.00379523,1976.7655,1824.8244,7907.0621,8059.0032,0.00316269,0.00322347,0.00015813,212.5216,219.9480,0.9532,119.0823,2.3972,30121.7335,124.9277,49.0469,238.9093,36.5364,75.9244,374.9013,749.8027,789.266,1183.8989,75.8035,-1.1839,10.395423,15.593133,2.799122,29,215,300,5,0.03207536,0.00395337,0.05088190,0E-8,0.000000,0.912219,0.000000,-0.04848366,2026-03-31,2026-08-01,83,4123,1621,124,0.669355,0.205295,0.230786,0.106918,,,,,,,,GLOBAL_BASELINE_NO_ENTITY_RANKING,,,NOT_APPLICABLE_GLOBAL_BASELINE,HF9g-P5,,,,X 全窗基线 · 不参与实体赏罚,15054900,1506,A168_HF9F_20260827_0900,2026-08-27 09:00:00
2026-04-19,92755421,919,0,405.9594852434,-202.9797426217,-202.9797426217,0E-7,2,2,0.49324550000000000,0.493245500000,-0.9865810262130424,-0.9865810262130424,-0.9865810262130424,0E-17,ELIGIBLE,R03b_20260811_FULL_v1,L1_ELIGIBILITY,v2026-08-11,2026-03-21..2026-08-06,baccarat_bet02_101_all_pairs_incl_sentinel,round_win = game_pnl > 0 (decisive only),COMPATIBILITY_ONLY_NOT_PRODUCTION,2500103.8841,2280641.3266,9883.8276,11764,10369,-0.00395337,-0.05088190,-0.00239824,-0.00395337,-9883.8276,2500103.8841,OK,0.0000,395.3531,4.0000,96.0000,AG03-UNRESOLVED,ALL5_LEVELS_bet23_to_bet27,395.3531,395.3531,395.3531,395.3531,395.3531,4.000000,4.000000,4.000000,4.000000,4.000000,96.000000,96.000000,96.000000,96.000000,96.000000,5.0,1976.7655,1824.8244,7907.0621,8059.0032,PENDING_AG03,FALSE,NOT_FOR_ENFORCEMENT,9488.4745,2189415.6736,9883.8276,9488.4745,395.3531,0.00395337,0.00379523,395.3531,9488.4745,0.00379523,395.3531,395.3531,395.3531,395.3531,395.3531,9488.4745,0.00379523,1976.7655,1824.8244,7907.0621,8059.0032,0.00316269,0.00322347,0.00015813,212.5216,219.9480,0.9532,119.0823,2.3972,30121.7335,124.9277,49.0469,238.9093,36.5364,75.9244,374.9013,749.8027,789.266,1183.8989,75.8035,-1.1839,10.395423,15.593133,2.799122,29,215,300,5,0.03207536,0.00395337,0.05088190,0E-8,0.000000,0.912219,0.000000,-0.04848366,2026-03-31,2026-08-01,83,4123,1621,124,0.669355,0.205295,0.230786,0.106918,,,,,,,,GLOBAL_BASELINE_NO_ENTITY_RANKING,,,NOT_APPLICABLE_GLOBAL_BASELINE,HF9g-P5,,,,X 全窗基线 · 不参与实体赏罚,15054901,1506,A168_HF9F_20260827_0900,2026-08-27 09:00:00
2026-04-19,92755421,925,0,221.2479194575,-18.2681768359,-18.2681768359,0.5000000,4,2,0.48654573326595939,0.259391500000,0.03806819747395444,0.7763431887933226,0.03806819747395444,0.22715423326595939,ELIGIBLE,R03b_20260811_FULL_v1,L1_ELIGIBILITY,v2026-08-11,2026-03-21..2026-08-06,baccarat_bet02_101_all_pairs_incl_sentinel,round_win = game_pnl > 0 (decisive only),COMPATIBILITY_ONLY_NOT_PRODUCTION,2500103.8841,2280641.3266,9883.8276,11764,10369,-0.00395337,-0.05088190,-0.00239824,-0.00395337,-9883.8276,2500103.8841,OK,0.0000,395.3531,4.0000,96.0000,AG03-UNRESOLVED,ALL5_LEVELS_bet23_to_bet27,395.3531,395.3531,395.3531,395.3531,395.3531,4.000000,4.000000,4.000000,4.000000,4.000000,96.000000,96.000000,96.000000,96.000000,96.000000,5.0,1976.7655,1824.8244,7907.0621,8059.0032,PENDING_AG03,FALSE,NOT_FOR_ENFORCEMENT,9488.4745,2189415.6736,9883.8276,9488.4745,395.3531,0.00395337,0.00379523,395.3531,9488.4745,0.00379523,395.3531,395.3531,395.3531,395.3531,395.3531,9488.4745,0.00379523,1976.7655,1824.8244,7907.0621,8059.0032,0.00316269,0.00322347,0.00015813,212.5216,219.9480,0.9532,119.0823,2.3972,30121.7335,124.9277,49.0469,238.9093,36.5364,75.9244,374.9013,749.8027,789.266,1183.8989,75.8035,-1.1839,10.395423,15.593133,2.799122,29,215,300,5,0.03207536,0.00395337,0.05088190,0E-8,0.000000,0.912219,0.000000,-0.04848366,2026-03-31,2026-08-01,83,4123,1621,124,0.669355,0.205295,0.230786,0.106918,,,,,,,,GLOBAL_BASELINE_NO_ENTITY_RANKING,,,NOT_APPLICABLE_GLOBAL_BASELINE,HF9g-P5,,,,X 全窗基线 · 不参与实体赏罚,15054902,1506,A168_HF9F_20260827_0900,2026-08-27 09:00:00
2026-04-19,92755421,986,0,2003.4100596761,373.4827264240,373.4827264240,0.5714286,10,7,0.49588419578097674,0.398288685714,0.39975680569194194,0.9357354284356602,0.39975680569194194,0.09759551006697674,ELIGIBLE,R03b_20260811_FULL_v1,L1_ELIGIBILITY,v2026-08-11,2026-03-21..2026-08-06,baccarat_bet02_101_all_pairs_incl_sentinel,round_win = game_pnl > 0 (decisive only),COMPATIBILITY_ONLY_NOT_PRODUCTION,2500103.8841,2280641.3266,9883.8276,11764,10369,-0.00395337,-0.05088190,-0.00239824,-0.00395337,-9883.8276,2500103.8841,OK,0.0000,395.3531,4.0000,96.0000,AG03-UNRESOLVED,ALL5_LEVELS_bet23_to_bet27,395.3531,395.3531,395.3531,395.3531,395.3531,4.000000,4.000000,4.000000,4.000000,4.000000,96.000000,96.000000,96.000000,96.000000,96.000000,5.0,1976.7655,1824.8244,7907.0621,8059.0032,PENDING_AG03,FALSE,NOT_FOR_ENFORCEMENT,9488.4745,2189415.6736,9883.8276,9488.4745,395.3531,0.00395337,0.00379523,395.3531,9488.4745,0.00379523,395.3531,395.3531,395.3531,395.3531,395.3531,9488.4745,0.00379523,1976.7655,1824.8244,7907.0621,8059.0032,0.00316269,0.00322347,0.00015813,212.5216,219.9480,0.9532,119.0823,2.3972,30121.7335,124.9277,49.0469,238.9093,36.5364,75.9244,374.9013,749.8027,789.266,1183.8989,75.8035,-1.1839,10.395423,15.593133,2.799122,29,215,300,5,0.03207536,0.00395337,0.05088190,0E-8,0.000000,0.912219,0.000000,-0.04848366,2026-03-31,2026-08-01,83,4123,1621,124,0.669355,0.205295,0.230786,0.106918,,,,,,,,GLOBAL_BASELINE_NO_ENTITY_RANKING,,,NOT_APPLICABLE_GLOBAL_BASELINE,HF9g-P5,,,,X 全窗基线 · 不参与实体赏罚,15054903,1506,A168_HF9F_20260827_0900,2026-08-27 09:00:00
2026-04-19,92755421,987,0,405.9594852434,-405.9594852434,-405.9594852434,0E-7,1,1,0.50665070000000000,0.506650700000,-1.013391052207602,-1.013391052207602,-1.013391052207602,0E-17,ELIGIBLE,R03b_20260811_FULL_v1,L1_ELIGIBILITY,v2026-08-11,2026-03-21..2026-08-06,baccarat_bet02_101_all_pairs_incl_sentinel,round_win = game_pnl > 0 (decisive only),COMPATIBILITY_ONLY_NOT_PRODUCTION,2500103.8841,2280641.3266,9883.8276,11764,10369,-0.00395337,-0.05088190,-0.00239824,-0.00395337,-9883.8276,2500103.8841,OK,0.0000,395.3531,4.0000,96.0000,AG03-UNRESOLVED,ALL5_LEVELS_bet23_to_bet27,395.3531,395.3531,395.3531,395.3531,395.3531,4.000000,4.000000,4.000000,4.000000,4.000000,96.000000,96.000000,96.000000,96.000000,96.000000,5.0,1976.7655,1824.8244,7907.0621,8059.0032,PENDING_AG03,FALSE,NOT_FOR_ENFORCEMENT,9488.4745,2189415.6736,9883.8276,9488.4745,395.3531,0.00395337,0.00379523,395.3531,9488.4745,0.00379523,395.3531,395.3531,395.3531,395.3531,395.3531,9488.4745,0.00379523,1976.7655,1824.8244,7907.0621,8059.0032,0.00316269,0.00322347,0.00015813,212.5216,219.9480,0.9532,119.0823,2.3972,30121.7335,124.9277,49.0469,238.9093,36.5364,75.9244,374.9013,749.8027,789.266,1183.8989,75.8035,-1.1839,10.395423,15.593133,2.799122,29,215,300,5,0.03207536,0.00395337,0.05088190,0E-8,0.000000,0.912219,0.000000,-0.04848366,2026-03-31,2026-08-01,83,4123,1621,124,0.669355,0.205295,0.230786,0.106918,,,,,,,,GLOBAL_BASELINE_NO_ENTITY_RANKING,,,NOT_APPLICABLE_GLOBAL_BASELINE,HF9g-P5,,,,X 全窗基线 · 不参与实体赏罚,15054904,1506,A168_HF9F_20260827_0900,2026-08-27 09:00:00
2026-04-19,92755421,994,0,345.0655624568,-243.5756911460,-243.5756911460,0E-7,3,3,0.50218230000000000,0.502182300000,-1.4203995680682369,-1.4203995680682369,-1.4203995680682369,0E-17,ELIGIBLE,R03b_20260811_FULL_v1,L1_ELIGIBILITY,v2026-08-11,2026-03-21..2026-08-06,baccarat_bet02_101_all_pairs_incl_sentinel,round_win = game_pnl > 0 (decisive only),COMPATIBILITY_ONLY_NOT_PRODUCTION,2500103.8841,2280641.3266,9883.8276,11764,10369,-0.00395337,-0.05088190,-0.00239824,-0.00395337,-9883.8276,2500103.8841,OK,0.0000,395.3531,4.0000,96.0000,AG03-UNRESOLVED,ALL5_LEVELS_bet23_to_bet27,395.3531,395.3531,395.3531,395.3531,395.3531,4.000000,4.000000,4.000000,4.000000,4.000000,96.000000,96.000000,96.000000,96.000000,96.000000,5.0,1976.7655,1824.8244,7907.0621,8059.0032,PENDING_AG03,FALSE,NOT_FOR_ENFORCEMENT,9488.4745,2189415.6736,9883.8276,9488.4745,395.3531,0.00395337,0.00379523,395.3531,9488.4745,0.00379523,395.3531,395.3531,395.3531,395.3531,395.3531,9488.4745,0.00379523,1976.7655,1824.8244,7907.0621,8059.0032,0.00316269,0.00322347,0.00015813,212.5216,219.9480,0.9532,119.0823,2.3972,30121.7335,124.9277,49.0469,238.9093,36.5364,75.9244,374.9013,749.8027,789.266,1183.8989,75.8035,-1.1839,10.395423,15.593133,2.799122,29,215,300,5,0.03207536,0.00395337,0.05088190,0E-8,0.000000,0.912219,0.000000,-0.04848366,2026-03-31,2026-08-01,83,4123,1621,124,0.669355,0.205295,0.230786,0.106918,,,,,,,,GLOBAL_BASELINE_NO_ENTITY_RANKING,,,NOT_APPLICABLE_GLOBAL_BASELINE,HF9g-P5,,,,X 全窗基线 · 不参与实体赏罚,15054905,1506,A168_HF9F_20260827_0900,2026-08-27 09:00:00
2026-04-20,92755421,-1,1,42776.7628790668,2186.2948077776,2186.2948077776,0.5360825,110,108,0.50024788401197795,0.495927775926,0.7058596535681065,0.7909820614374786,0.7058596535681065,0.00432010808597795,SENTINEL_DEALER,R03b_20260811_FULL_v1,L1_ELIGIBILITY,v2026-08-11,2026-03-21..2026-08-06,baccarat_bet02_101_all_pairs_incl_sentinel,round_win = game_pnl > 0 (decisive only),COMPATIBILITY_ONLY_NOT_PRODUCTION,2500103.8841,2280641.3266,9883.8276,11764,10369,-0.00395337,-0.05088190,-0.00239824,-0.00395337,-9883.8276,2500103.8841,OK,0.0000,395.3531,4.0000,96.0000,AG03-UNRESOLVED,ALL5_LEVELS_bet23_to_bet27,395.3531,395.3531,395.3531,395.3531,395.3531,4.000000,4.000000,4.000000,4.000000,4.000000,96.000000,96.000000,96.000000,96.000000,96.000000,5.0,1976.7655,1824.8244,7907.0621,8059.0032,PENDING_AG03,FALSE,NOT_FOR_ENFORCEMENT,9488.4745,2189415.6736,9883.8276,9488.4745,395.3531,0.00395337,0.00379523,395.3531,9488.4745,0.00379523,395.3531,395.3531,395.3531,395.3531,395.3531,9488.4745,0.00379523,1976.7655,1824.8244,7907.0621,8059.0032,0.00316269,0.00322347,0.00015813,212.5216,219.9480,0.9532,119.0823,2.3972,30121.7335,124.9277,49.0469,238.9093,36.5364,75.9244,374.9013,749.8027,789.266,1183.8989,75.8035,-1.1839,10.395423,15.593133,2.799122,29,215,300,5,0.03207536,0.00395337,0.05088190,0E-8,0.000000,0.912219,0.000000,-0.04848366,2026-03-31,2026-08-01,83,4123,1621,124,0.669355,0.205295,0.230786,0.106918,,,,,,,,GLOBAL_BASELINE_NO_ENTITY_RANKING,,,NOT_APPLICABLE_GLOBAL_BASELINE,HF9g-P5,,,,X 全窗基线 · 不参与实体赏罚,15054906,1506,A168_HF9F_20260827_0900,2026-08-27 09:00:00
2026-04-20,92755421,1017,0,811.9189704868,-405.9594852434,-405.9594852434,0E-7,2,2,0.50665070000000000,0.506650700000,-1.013391052207602,-1.013391052207602,-1.013391052207602,0E-17,ELIGIBLE,R03b_20260811_FULL_v1,L1_ELIGIBILITY,v2026-08-11,2026-03-21..2026-08-06,baccarat_bet02_101_all_pairs_incl_sentinel,round_win = game_pnl > 0 (decisive only),COMPATIBILITY_ONLY_NOT_PRODUCTION,2500103.8841,2280641.3266,9883.8276,11764,10369,-0.00395337,-0.05088190,-0.00239824,-0.00395337,-9883.8276,2500103.8841,OK,0.0000,395.3531,4.0000,96.0000,AG03-UNRESOLVED,ALL5_LEVELS_bet23_to_bet27,395.3531,395.3531,395.3531,395.3531,395.3531,4.000000,4.000000,4.000000,4.000000,4.000000,96.000000,96.000000,96.000000,96.000000,96.000000,5.0,1976.7655,1824.8244,7907.0621,8059.0032,PENDING_AG03,FALSE,NOT_FOR_ENFORCEMENT,9488.4745,2189415.6736,9883.8276,9488.4745,395.3531,0.00395337,0.00379523,395.3531,9488.4745,0.00379523,395.3531,395.3531,395.3531,395.3531,395.3531,9488.4745,0.00379523,1976.7655,1824.8244,7907.0621,8059.0032,0.00316269,0.00322347,0.00015813,212.5216,219.9480,0.9532,119.0823,2.3972,30121.7335,124.9277,49.0469,238.9093,36.5364,75.9244,374.9013,749.8027,789.266,1183.8989,75.8035,-1.1839,10.395423,15.593133,2.799122,29,215,300,5,0.03207536,0.00395337,0.05088190,0E-8,0.000000,0.912219,0.000000,-0.04848366,2026-03-31,2026-08-01,83,4123,1621,124,0.669355,0.205295,0.230786,0.106918,,,,,,,,GLOBAL_BASELINE_NO_ENTITY_RANKING,,,NOT_APPLICABLE_GLOBAL_BASELINE,HF9g-P5,,,,X 全窗基线 · 不参与实体赏罚,15054907,1506,A168_HF9F_20260827_0900,2026-08-27 09:00:00
2026-04-20,92755421,1094,0,771.3230219624,-58.8641253603,-58.8641253603,0.5000000,2,2,0.49994810000000000,0.499948100000,0.00014679536856514622,0.00014679536856514622,0.00014679536856514622,0E-17,ELIGIBLE,R03b_20260811_FULL_v1,L1_ELIGIBILITY,v2026-08-11,2026-03-21..2026-08-06,baccarat_bet02_101_all_pairs_incl_sentinel,round_win = game_pnl > 0 (decisive only),COMPATIBILITY_ONLY_NOT_PRODUCTION,2500103.8841,2280641.3266,9883.8276,11764,10369,-0.00395337,-0.05088190,-0.00239824,-0.00395337,-9883.8276,2500103.8841,OK,0.0000,395.3531,4.0000,96.0000,AG03-UNRESOLVED,ALL5_LEVELS_bet23_to_bet27,395.3531,395.3531,395.3531,395.3531,395.3531,4.000000,4.000000,4.000000,4.000000,4.000000,96.000000,96.000000,96.000000,96.000000,96.000000,5.0,1976.7655,1824.8244,7907.0621,8059.0032,PENDING_AG03,FALSE,NOT_FOR_ENFORCEMENT,9488.4745,2189415.6736,9883.8276,9488.4745,395.3531,0.00395337,0.00379523,395.3531,9488.4745,0.00379523,395.3531,395.3531,395.3531,395.3531,395.3531,9488.4745,0.00379523,1976.7655,1824.8244,7907.0621,8059.0032,0.00316269,0.00322347,0.00015813,212.5216,219.9480,0.9532,119.0823,2.3972,30121.7335,124.9277,49.0469,238.9093,36.5364,75.9244,374.9013,749.8027,789.266,1183.8989,75.8035,-1.1839,10.395423,15.593133,2.799122,29,215,300,5,0.03207536,0.00395337,0.05088190,0E-8,0.000000,0.912219,0.000000,-0.04848366,2026-03-31,2026-08-01,83,4123,1621,124,0.669355,0.205295,0.230786,0.106918,,,,,,,,GLOBAL_BASELINE_NO_ENTITY_RANKING,,,NOT_APPLICABLE_GLOBAL_BASELINE,HF9g-P5,,,,X 全窗基线 · 不参与实体赏罚,15054908,1506,A168_HF9F_20260827_0900,2026-08-27 09:00:00
2026-04-20,92755421,1109,0,1603.5399667114,0E-10,0E-10,0.5000000,4,4,0.49994810000000000,0.499948100000,0.00020760000111838688,0.00020760000111838688,0.00020760000111838688,0E-17,ELIGIBLE,R03b_20260811_FULL_v1,L1_ELIGIBILITY,v2026-08-11,2026-03-21..2026-08-06,baccarat_bet02_101_all_pairs_incl_sentinel,round_win = game_pnl > 0 (decisive only),COMPATIBILITY_ONLY_NOT_PRODUCTION,2500103.8841,2280641.3266,9883.8276,11764,10369,-0.00395337,-0.05088190,-0.00239824,-0.00395337,-9883.8276,2500103.8841,OK,0.0000,395.3531,4.0000,96.0000,AG03-UNRESOLVED,ALL5_LEVELS_bet23_to_bet27,395.3531,395.3531,395.3531,395.3531,395.3531,4.000000,4.000000,4.000000,4.000000,4.000000,96.000000,96.000000,96.000000,96.000000,96.000000,5.0,1976.7655,1824.8244,7907.0621,8059.0032,PENDING_AG03,FALSE,NOT_FOR_ENFORCEMENT,9488.4745,2189415.6736,9883.8276,9488.4745,395.3531,0.00395337,0.00379523,395.3531,9488.4745,0.00379523,395.3531,395.3531,395.3531,395.3531,395.3531,9488.4745,0.00379523,1976.7655,1824.8244,7907.0621,8059.0032,0.00316269,0.00322347,0.00015813,212.5216,219.9480,0.9532,119.0823,2.3972,30121.7335,124.9277,49.0469,238.9093,36.5364,75.9244,374.9013,749.8027,789.266,1183.8989,75.8035,-1.1839,10.395423,15.593133,2.799122,29,215,300,5,0.03207536,0.00395337,0.05088190,0E-8,0.000000,0.912219,0.000000,-0.04848366,2026-03-31,2026-08-01,83,4123,1621,124,0.669355,0.205295,0.230786,0.106918,,,,,,,,GLOBAL_BASELINE_NO_ENTITY_RANKING,,,NOT_APPLICABLE_GLOBAL_BASELINE,HF9g-P5,,,,X 全窗基线 · 不参与实体赏罚,15054909,1506,A168_HF9F_20260827_0900,2026-08-27 09:00:00
2026-04-20,92755421,1115,0,405.9594852434,-405.9594852434,-405.9594852434,0E-7,1,1,0.49324550000000000,0.493245500000,-0.9865810262130424,-0.9865810262130424,-0.9865810262130424,0E-17,ELIGIBLE,R03b_20260811_FULL_v1,L1_ELIGIBILITY,v2026-08-11,2026-03-21..2026-08-06,baccarat_bet02_101_all_pairs_incl_sentinel,round_win = game_pnl > 0 (decisive only),COMPATIBILITY_ONLY_NOT_PRODUCTION,2500103.8841,2280641.3266,9883.8276,11764,10369,-0.00395337,-0.05088190,-0.00239824,-0.00395337,-9883.8276,2500103.8841,OK,0.0000,395.3531,4.0000,96.0000,AG03-UNRESOLVED,ALL5_LEVELS_bet23_to_bet27,395.3531,395.3531,395.3531,395.3531,395.3531,4.000000,4.000000,4.000000,4.000000,4.000000,96.000000,96.000000,96.000000,96.000000,96.000000,5.0,1976.7655,1824.8244,7907.0621,8059.0032,PENDING_AG03,FALSE,NOT_FOR_ENFORCEMENT,9488.4745,2189415.6736,9883.8276,9488.4745,395.3531,0.00395337,0.00379523,395.3531,9488.4745,0.00379523,395.3531,395.3531,395.3531,395.3531,395.3531,9488.4745,0.00379523,1976.7655,1824.8244,7907.0621,8059.0032,0.00316269,0.00322347,0.00015813,212.5216,219.9480,0.9532,119.0823,2.3972,30121.7335,124.9277,49.0469,238.9093,36.5364,75.9244,374.9013,749.8027,789.266,1183.8989,75.8035,-1.1839,10.395423,15.593133,2.799122,29,215,300,5,0.03207536,0.00395337,0.05088190,0E-8,0.000000,0.912219,0.000000,-0.04848366,2026-03-31,2026-08-01,83,4123,1621,124,0.669355,0.205295,0.230786,0.106918,,,,,,,,GLOBAL_BASELINE_NO_ENTITY_RANKING,,,NOT_APPLICABLE_GLOBAL_BASELINE,HF9g-P5,,,,X 全窗基线 · 不参与实体赏罚,15054910,1506,A168_HF9F_20260827_0900,2026-08-27 09:00:00
2026-04-20,92755421,1151,0,405.9594852434,-405.9594852434,-405.9594852434,0E-7,1,1,0.50665070000000000,0.506650700000,-1.013391052207602,-1.013391052207602,-1.013391052207602,0E-17,ELIGIBLE,R03b_20260811_FULL_v1,L1_ELIGIBILITY,v2026-08-11,2026-03-21..2026-08-06,baccarat_bet02_101_all_pairs_incl_sentinel,round_win = game_pnl > 0 (decisive only),COMPATIBILITY_ONLY_NOT_PRODUCTION,2500103.8841,2280641.3266,9883.8276,11764,10369,-0.00395337,-0.05088190,-0.00239824,-0.00395337,-9883.8276,2500103.8841,OK,0.0000,395.3531,4.0000,96.0000,AG03-UNRESOLVED,ALL5_LEVELS_bet23_to_bet27,395.3531,395.3531,395.3531,395.3531,395.3531,4.000000,4.000000,4.000000,4.000000,4.000000,96.000000,96.000000,96.000000,96.000000,96.000000,5.0,1976.7655,1824.8244,7907.0621,8059.0032,PENDING_AG03,FALSE,NOT_FOR_ENFORCEMENT,9488.4745,2189415.6736,9883.8276,9488.4745,395.3531,0.00395337,0.00379523,395.3531,9488.4745,0.00379523,395.3531,395.3531,395.3531,395.3531,395.3531,9488.4745,0.00379523,1976.7655,1824.8244,7907.0621,8059.0032,0.00316269,0.00322347,0.00015813,212.5216,219.9480,0.9532,119.0823,2.3972,30121.7335,124.9277,49.0469,238.9093,36.5364,75.9244,374.9013,749.8027,789.266,1183.8989,75.8035,-1.1839,10.395423,15.593133,2.799122,29,215,300,5,0.03207536,0.00395337,0.05088190,0E-8,0.000000,0.912219,0.000000,-0.04848366,2026-03-31,2026-08-01,83,4123,1621,124,0.669355,0.205295,0.230786,0.106918,,,,,,,,GLOBAL_BASELINE_NO_ENTITY_RANKING,,,NOT_APPLICABLE_GLOBAL_BASELINE,HF9g-P5,,,,X 全窗基线 · 不参与实体赏罚,15054911,1506,A168_HF9F_20260827_0900,2026-08-27 09:00:00
2026-04-20,92755421,1221,0,1197.5804814680,365.3635367190,365.3635367190,0.6666667,3,3,0.50218230000000000,0.502182300000,0.5697959874915163,0.5697959874915164,0.5697959874915163,0E-17,ELIGIBLE,R03b_20260811_FULL_v1,L1_ELIGIBILITY,v2026-08-11,2026-03-21..2026-08-06,baccarat_bet02_101_all_pairs_incl_sentinel,round_win = game_pnl > 0 (decisive only),COMPATIBILITY_ONLY_NOT_PRODUCTION,2500103.8841,2280641.3266,9883.8276,11764,10369,-0.00395337,-0.05088190,-0.00239824,-0.00395337,-9883.8276,2500103.8841,OK,0.0000,395.3531,4.0000,96.0000,AG03-UNRESOLVED,ALL5_LEVELS_bet23_to_bet27,395.3531,395.3531,395.3531,395.3531,395.3531,4.000000,4.000000,4.000000,4.000000,4.000000,96.000000,96.000000,96.000000,96.000000,96.000000,5.0,1976.7655,1824.8244,7907.0621,8059.0032,PENDING_AG03,FALSE,NOT_FOR_ENFORCEMENT,9488.4745,2189415.6736,9883.8276,9488.4745,395.3531,0.00395337,0.00379523,395.3531,9488.4745,0.00379523,395.3531,395.3531,395.3531,395.3531,395.3531,9488.4745,0.00379523,1976.7655,1824.8244,7907.0621,8059.0032,0.00316269,0.00322347,0.00015813,212.5216,219.9480,0.9532,119.0823,2.3972,30121.7335,124.9277,49.0469,238.9093,36.5364,75.9244,374.9013,749.8027,789.266,1183.8989,75.8035,-1.1839,10.395423,15.593133,2.799122,29,215,300,5,0.03207536,0.00395337,0.05088190,0E-8,0.000000,0.912219,0.000000,-0.04848366,2026-03-31,2026-08-01,83,4123,1621,124,0.669355,0.205295,0.230786,0.106918,,,,,,,,GLOBAL_BASELINE_NO_ENTITY_RANKING,,,NOT_APPLICABLE_GLOBAL_BASELINE,HF9g-P5,,,,X 全窗基线 · 不参与实体赏罚,15054912,1506,A168_HF9F_20260827_0900,2026-08-27 09:00:00
2026-04-20,92755421,1304,0,1197.5804814680,-405.9594852434,-405.9594852434,0.3333333,3,3,0.49771390000000000,0.497713900000,-0.5694369385616226,-0.5694369385616226,-0.5694369385616226,0E-17,ELIGIBLE,R03b_20260811_FULL_v1,L1_ELIGIBILITY,v2026-08-11,2026-03-21..2026-08-06,baccarat_bet02_101_all_pairs_incl_sentinel,round_win = game_pnl > 0 (decisive only),COMPATIBILITY_ONLY_NOT_PRODUCTION,2500103.8841,2280641.3266,9883.8276,11764,10369,-0.00395337,-0.05088190,-0.00239824,-0.00395337,-9883.8276,2500103.8841,OK,0.0000,395.3531,4.0000,96.0000,AG03-UNRESOLVED,ALL5_LEVELS_bet23_to_bet27,395.3531,395.3531,395.3531,395.3531,395.3531,4.000000,4.000000,4.000000,4.000000,4.000000,96.000000,96.000000,96.000000,96.000000,96.000000,5.0,1976.7655,1824.8244,7907.0621,8059.0032,PENDING_AG03,FALSE,NOT_FOR_ENFORCEMENT,9488.4745,2189415.6736,9883.8276,9488.4745,395.3531,0.00395337,0.00379523,395.3531,9488.4745,0.00379523,395.3531,395.3531,395.3531,395.3531,395.3531,9488.4745,0.00379523,1976.7655,1824.8244,7907.0621,8059.0032,0.00316269,0.00322347,0.00015813,212.5216,219.9480,0.9532,119.0823,2.3972,30121.7335,124.9277,49.0469,238.9093,36.5364,75.9244,374.9013,749.8027,789.266,1183.8989,75.8035,-1.1839,10.395423,15.593133,2.799122,29,215,300,5,0.03207536,0.00395337,0.05088190,0E-8,0.000000,0.912219,0.000000,-0.04848366,2026-03-31,2026-08-01,83,4123,1621,124,0.669355,0.205295,0.230786,0.106918,,,,,,,,GLOBAL_BASELINE_NO_ENTITY_RANKING,,,NOT_APPLICABLE_GLOBAL_BASELINE,HF9g-P5,,,,X 全窗基线 · 不参与实体赏罚,15054913,1506,A168_HF9F_20260827_0900,2026-08-27 09:00:00
2026-04-20,92755421,1323,0,811.9189704868,0E-10,0E-10,0.5000000,2,2,0.49994810000000000,0.499948100000,0.00014679536856514622,0.00014679536856514622,0.00014679536856514622,0E-17,ELIGIBLE,R03b_20260811_FULL_v1,L1_ELIGIBILITY,v2026-08-11,2026-03-21..2026-08-06,baccarat_bet02_101_all_pairs_incl_sentinel,round_win = game_pnl > 0 (decisive only),COMPATIBILITY_ONLY_NOT_PRODUCTION,2500103.8841,2280641.3266,9883.8276,11764,10369,-0.00395337,-0.05088190,-0.00239824,-0.00395337,-9883.8276,2500103.8841,OK,0.0000,395.3531,4.0000,96.0000,AG03-UNRESOLVED,ALL5_LEVELS_bet23_to_bet27,395.3531,395.3531,395.3531,395.3531,395.3531,4.000000,4.000000,4.000000,4.000000,4.000000,96.000000,96.000000,96.000000,96.000000,96.000000,5.0,1976.7655,1824.8244,7907.0621,8059.0032,PENDING_AG03,FALSE,NOT_FOR_ENFORCEMENT,9488.4745,2189415.6736,9883.8276,9488.4745,395.3531,0.00395337,0.00379523,395.3531,9488.4745,0.00379523,395.3531,395.3531,395.3531,395.3531,395.3531,9488.4745,0.00379523,1976.7655,1824.8244,7907.0621,8059.0032,0.00316269,0.00322347,0.00015813,212.5216,219.9480,0.9532,119.0823,2.3972,30121.7335,124.9277,49.0469,238.9093,36.5364,75.9244,374.9013,749.8027,789.266,1183.8989,75.8035,-1.1839,10.395423,15.593133,2.799122,29,215,300,5,0.03207536,0.00395337,0.05088190,0E-8,0.000000,0.912219,0.000000,-0.04848366,2026-03-31,2026-08-01,83,4123,1621,124,0.669355,0.205295,0.230786,0.106918,,,,,,,,GLOBAL_BASELINE_NO_ENTITY_RANKING,,,NOT_APPLICABLE_GLOBAL_BASELINE,HF9g-P5,,,,X 全窗基线 · 不参与实体赏罚,15054914,1506,A168_HF9F_20260827_0900,2026-08-27 09:00:00
2026-04-20,92755421,1331,0,2029.7974262170,1177.2825072058,1177.2825072058,0.8000000,5,5,0.49860758000000000,0.498607580000,1.3478731046594083,1.3478731046594083,1.3478731046594083,0E-17,ELIGIBLE,R03b_20260811_FULL_v1,L1_ELIGIBILITY,v2026-08-11,2026-03-21..2026-08-06,baccarat_bet02_101_all_pairs_incl_sentinel,round_win = game_pnl > 0 (decisive only),COMPATIBILITY_ONLY_NOT_PRODUCTION,2500103.8841,2280641.3266,9883.8276,11764,10369,-0.00395337,-0.05088190,-0.00239824,-0.00395337,-9883.8276,2500103.8841,OK,0.0000,395.3531,4.0000,96.0000,AG03-UNRESOLVED,ALL5_LEVELS_bet23_to_bet27,395.3531,395.3531,395.3531,395.3531,395.3531,4.000000,4.000000,4.000000,4.000000,4.000000,96.000000,96.000000,96.000000,96.000000,96.000000,5.0,1976.7655,1824.8244,7907.0621,8059.0032,PENDING_AG03,FALSE,NOT_FOR_ENFORCEMENT,9488.4745,2189415.6736,9883.8276,9488.4745,395.3531,0.00395337,0.00379523,395.3531,9488.4745,0.00379523,395.3531,395.3531,395.3531,395.3531,395.3531,9488.4745,0.00379523,1976.7655,1824.8244,7907.0621,8059.0032,0.00316269,0.00322347,0.00015813,212.5216,219.9480,0.9532,119.0823,2.3972,30121.7335,124.9277,49.0469,238.9093,36.5364,75.9244,374.9013,749.8027,789.266,1183.8989,75.8035,-1.1839,10.395423,15.593133,2.799122,29,215,300,5,0.03207536,0.00395337,0.05088190,0E-8,0.000000,0.912219,0.000000,-0.04848366,2026-03-31,2026-08-01,83,4123,1621,124,0.669355,0.205295,0.230786,0.106918,,,,,,,,GLOBAL_BASELINE_NO_ENTITY_RANKING,,,NOT_APPLICABLE_GLOBAL_BASELINE,HF9g-P5,,,,X 全窗基线 · 不参与实体赏罚,15054915,1506,A168_HF9F_20260827_0900,2026-08-27 09:00:00
2026-04-20,92755421,1374,0,2740.2265253929,-1156.9845329437,-1156.9845329437,0.2857143,7,7,0.49707555714285714,0.497075557143,-1.1184378527242427,-1.1184378527249965,-1.1184378527242427,-1.4286E-13,ELIGIBLE,R03b_20260811_FULL_v1,L1_ELIGIBILITY,v2026-08-11,2026-03-21..2026-08-06,baccarat_bet02_101_all_pairs_incl_sentinel,round_win = game_pnl > 0 (decisive only),COMPATIBILITY_ONLY_NOT_PRODUCTION,2500103.8841,2280641.3266,9883.8276,11764,10369,-0.00395337,-0.05088190,-0.00239824,-0.00395337,-9883.8276,2500103.8841,OK,0.0000,395.3531,4.0000,96.0000,AG03-UNRESOLVED,ALL5_LEVELS_bet23_to_bet27,395.3531,395.3531,395.3531,395.3531,395.3531,4.000000,4.000000,4.000000,4.000000,4.000000,96.000000,96.000000,96.000000,96.000000,96.000000,5.0,1976.7655,1824.8244,7907.0621,8059.0032,PENDING_AG03,FALSE,NOT_FOR_ENFORCEMENT,9488.4745,2189415.6736,9883.8276,9488.4745,395.3531,0.00395337,0.00379523,395.3531,9488.4745,0.00379523,395.3531,395.3531,395.3531,395.3531,395.3531,9488.4745,0.00379523,1976.7655,1824.8244,7907.0621,8059.0032,0.00316269,0.00322347,0.00015813,212.5216,219.9480,0.9532,119.0823,2.3972,30121.7335,124.9277,49.0469,238.9093,36.5364,75.9244,374.9013,749.8027,789.266,1183.8989,75.8035,-1.1839,10.395423,15.593133,2.799122,29,215,300,5,0.03207536,0.00395337,0.05088190,0E-8,0.000000,0.912219,0.000000,-0.04848366,2026-03-31,2026-08-01,83,4123,1621,124,0.669355,0.205295,0.230786,0.106918,,,,,,,,GLOBAL_BASELINE_NO_ENTITY_RANKING,,,NOT_APPLICABLE_GLOBAL_BASELINE,HF9g-P5,,,,X 全窗基线 · 不参与实体赏罚,15054916,1506,A168_HF9F_20260827_0900,2026-08-27 09:00:00
2026-04-20,92755421,1383,0,1463.4839443024,-651.5649738156,-651.5649738156,0.2500000,5,4,0.49935803706468154,0.440646775000,-0.9974329703760554,-0.7680174498489967,-0.9974329703760554,0.05871126206468154,ELIGIBLE,R03b_20260811_FULL_v1,L1_ELIGIBILITY,v2026-08-11,2026-03-21..2026-08-06,baccarat_bet02_101_all_pairs_incl_sentinel,round_win = game_pnl > 0 (decisive only),COMPATIBILITY_ONLY_NOT_PRODUCTION,2500103.8841,2280641.3266,9883.8276,11764,10369,-0.00395337,-0.05088190,-0.00239824,-0.00395337,-9883.8276,2500103.8841,OK,0.0000,395.3531,4.0000,96.0000,AG03-UNRESOLVED,ALL5_LEVELS_bet23_to_bet27,395.3531,395.3531,395.3531,395.3531,395.3531,4.000000,4.000000,4.000000,4.000000,4.000000,96.000000,96.000000,96.000000,96.000000,96.000000,5.0,1976.7655,1824.8244,7907.0621,8059.0032,PENDING_AG03,FALSE,NOT_FOR_ENFORCEMENT,9488.4745,2189415.6736,9883.8276,9488.4745,395.3531,0.00395337,0.00379523,395.3531,9488.4745,0.00379523,395.3531,395.3531,395.3531,395.3531,395.3531,9488.4745,0.00379523,1976.7655,1824.8244,7907.0621,8059.0032,0.00316269,0.00322347,0.00015813,212.5216,219.9480,0.9532,119.0823,2.3972,30121.7335,124.9277,49.0469,238.9093,36.5364,75.9244,374.9013,749.8027,789.266,1183.8989,75.8035,-1.1839,10.395423,15.593133,2.799122,29,215,300,5,0.03207536,0.00395337,0.05088190,0E-8,0.000000,0.912219,0.000000,-0.04848366,2026-03-31,2026-08-01,83,4123,1621,124,0.669355,0.205295,0.230786,0.106918,,,,,,,,GLOBAL_BASELINE_NO_ENTITY_RANKING,,,NOT_APPLICABLE_GLOBAL_BASELINE,HF9g-P5,,,,X 全窗基线 · 不参与实体赏罚,15054917,1506,A168_HF9F_20260827_0900,2026-08-27 09:00:00
2026-04-20,92755421,1384,0,2780.8224739173,304.4696139325,304.4696139325,0.5714286,7,7,0.49899058571428571,0.498990585714,0.38330657246501415,0.3833065724665265,0.38330657246501415,2.8571E-13,ELIGIBLE,R03b_20260811_FULL_v1,L1_ELIGIBILITY,v2026-08-11,2026-03-21..2026-08-06,baccarat_bet02_101_all_pairs_incl_sentinel,round_win = game_pnl > 0 (decisive only),COMPATIBILITY_ONLY_NOT_PRODUCTION,2500103.8841,2280641.3266,9883.8276,11764,10369,-0.00395337,-0.05088190,-0.00239824,-0.00395337,-9883.8276,2500103.8841,OK,0.0000,395.3531,4.0000,96.0000,AG03-UNRESOLVED,ALL5_LEVELS_bet23_to_bet27,395.3531,395.3531,395.3531,395.3531,395.3531,4.000000,4.000000,4.000000,4.000000,4.000000,96.000000,96.000000,96.000000,96.000000,96.000000,5.0,1976.7655,1824.8244,7907.0621,8059.0032,PENDING_AG03,FALSE,NOT_FOR_ENFORCEMENT,9488.4745,2189415.6736,9883.8276,9488.4745,395.3531,0.00395337,0.00379523,395.3531,9488.4745,0.00379523,395.3531,395.3531,395.3531,395.3531,395.3531,9488.4745,0.00379523,1976.7655,1824.8244,7907.0621,8059.0032,0.00316269,0.00322347,0.00015813,212.5216,219.9480,0.9532,119.0823,2.3972,30121.7335,124.9277,49.0469,238.9093,36.5364,75.9244,374.9013,749.8027,789.266,1183.8989,75.8035,-1.1839,10.395423,15.593133,2.799122,29,215,300,5,0.03207536,0.00395337,0.05088190,0E-8,0.000000,0.912219,0.000000,-0.04848366,2026-03-31,2026-08-01,83,4123,1621,124,0.669355,0.205295,0.230786,0.106918,,,,,,,,GLOBAL_BASELINE_NO_ENTITY_RANKING,,,NOT_APPLICABLE_GLOBAL_BASELINE,HF9g-P5,,,,X 全窗基线 · 不参与实体赏罚,15054918,1506,A168_HF9F_20260827_0900,2026-08-27 09:00:00
2026-04-20,92755421,1400,0,3836.3171355501,1726.3427109974,1726.3427109974,0.7777778,10,10,0.50262914000000000,0.502629140000,1.65091465031381,1.6509146503138101,1.65091465031381,0E-17,ELIGIBLE,R03b_20260811_FULL_v1,L1_ELIGIBILITY,v2026-08-11,2026-03-21..2026-08-06,baccarat_bet02_101_all_pairs_incl_sentinel,round_win = game_pnl > 0 (decisive only),COMPATIBILITY_ONLY_NOT_PRODUCTION,2500103.8841,2280641.3266,9883.8276,11764,10369,-0.00395337,-0.05088190,-0.00239824,-0.00395337,-9883.8276,2500103.8841,OK,0.0000,395.3531,4.0000,96.0000,AG03-UNRESOLVED,ALL5_LEVELS_bet23_to_bet27,395.3531,395.3531,395.3531,395.3531,395.3531,4.000000,4.000000,4.000000,4.000000,4.000000,96.000000,96.000000,96.000000,96.000000,96.000000,5.0,1976.7655,1824.8244,7907.0621,8059.0032,PENDING_AG03,FALSE,NOT_FOR_ENFORCEMENT,9488.4745,2189415.6736,9883.8276,9488.4745,395.3531,0.00395337,0.00379523,395.3531,9488.4745,0.00379523,395.3531,395.3531,395.3531,395.3531,395.3531,9488.4745,0.00379523,1976.7655,1824.8244,7907.0621,8059.0032,0.00316269,0.00322347,0.00015813,212.5216,219.9480,0.9532,119.0823,2.3972,30121.7335,124.9277,49.0469,238.9093,36.5364,75.9244,374.9013,749.8027,789.266,1183.8989,75.8035,-1.1839,10.395423,15.593133,2.799122,29,215,300,5,0.03207536,0.00395337,0.05088190,0E-8,0.000000,0.912219,0.000000,-0.04848366,2026-03-31,2026-08-01,83,4123,1621,124,0.669355,0.205295,0.230786,0.106918,,,,,,,,GLOBAL_BASELINE_NO_ENTITY_RANKING,,,NOT_APPLICABLE_GLOBAL_BASELINE,HF9g-P5,,,,X 全窗基线 · 不参与实体赏罚,15054919,1506,A168_HF9F_20260827_0900,2026-08-27 09:00:00
2026-04-20,92755421,1402,0,2415.4589371982,-1217.8784557302,-1217.8784557302,0.2000000,6,6,0.50441650000000000,0.504416500000,-1.3614450872398682,-1.3614450872398682,-1.3614450872398682,0E-17,ELIGIBLE,R03b_20260811_FULL_v1,L1_ELIGIBILITY,v2026-08-11,2026-03-21..2026-08-06,baccarat_bet02_101_all_pairs_incl_sentinel,round_win = game_pnl > 0 (decisive only),COMPATIBILITY_ONLY_NOT_PRODUCTION,2500103.8841,2280641.3266,9883.8276,11764,10369,-0.00395337,-0.05088190,-0.00239824,-0.00395337,-9883.8276,2500103.8841,OK,0.0000,395.3531,4.0000,96.0000,AG03-UNRESOLVED,ALL5_LEVELS_bet23_to_bet27,395.3531,395.3531,395.3531,395.3531,395.3531,4.000000,4.000000,4.000000,4.000000,4.000000,96.000000,96.000000,96.000000,96.000000,96.000000,5.0,1976.7655,1824.8244,7907.0621,8059.0032,PENDING_AG03,FALSE,NOT_FOR_ENFORCEMENT,9488.4745,2189415.6736,9883.8276,9488.4745,395.3531,0.00395337,0.00379523,395.3531,9488.4745,0.00379523,395.3531,395.3531,395.3531,395.3531,395.3531,9488.4745,0.00379523,1976.7655,1824.8244,7907.0621,8059.0032,0.00316269,0.00322347,0.00015813,212.5216,219.9480,0.9532,119.0823,2.3972,30121.7335,124.9277,49.0469,238.9093,36.5364,75.9244,374.9013,749.8027,789.266,1183.8989,75.8035,-1.1839,10.395423,15.593133,2.799122,29,215,300,5,0.03207536,0.00395337,0.05088190,0E-8,0.000000,0.912219,0.000000,-0.04848366,2026-03-31,2026-08-01,83,4123,1621,124,0.669355,0.205295,0.230786,0.106918,,,,,,,,GLOBAL_BASELINE_NO_ENTITY_RANKING,,,NOT_APPLICABLE_GLOBAL_BASELINE,HF9g-P5,,,,X 全窗基线 · 不参与实体赏罚,15054920,1506,A168_HF9F_20260827_0900,2026-08-27 09:00:00
2026-04-20,92755421,1405,0,794.4627126213,-2.8417163967,-2.8417163967,0.5000000,3,2,0.49821305600836163,0.381345450000,0.005054273134750122,0.3454745057990616,0.005054273134750122,0.11686760600836163,ELIGIBLE,R03b_20260811_FULL_v1,L1_ELIGIBILITY,v2026-08-11,2026-03-21..2026-08-06,baccarat_bet02_101_all_pairs_incl_sentinel,round_win = game_pnl > 0 (decisive only),COMPATIBILITY_ONLY_NOT_PRODUCTION,2500103.8841,2280641.3266,9883.8276,11764,10369,-0.00395337,-0.05088190,-0.00239824,-0.00395337,-9883.8276,2500103.8841,OK,0.0000,395.3531,4.0000,96.0000,AG03-UNRESOLVED,ALL5_LEVELS_bet23_to_bet27,395.3531,395.3531,395.3531,395.3531,395.3531,4.000000,4.000000,4.000000,4.000000,4.000000,96.000000,96.000000,96.000000,96.000000,96.000000,5.0,1976.7655,1824.8244,7907.0621,8059.0032,PENDING_AG03,FALSE,NOT_FOR_ENFORCEMENT,9488.4745,2189415.6736,9883.8276,9488.4745,395.3531,0.00395337,0.00379523,395.3531,9488.4745,0.00379523,395.3531,395.3531,395.3531,395.3531,395.3531,9488.4745,0.00379523,1976.7655,1824.8244,7907.0621,8059.0032,0.00316269,0.00322347,0.00015813,212.5216,219.9480,0.9532,119.0823,2.3972,30121.7335,124.9277,49.0469,238.9093,36.5364,75.9244,374.9013,749.8027,789.266,1183.8989,75.8035,-1.1839,10.395423,15.593133,2.799122,29,215,300,5,0.03207536,0.00395337,0.05088190,0E-8,0.000000,0.912219,0.000000,-0.04848366,2026-03-31,2026-08-01,83,4123,1621,124,0.669355,0.205295,0.230786,0.106918,,,,,,,,GLOBAL_BASELINE_NO_ENTITY_RANKING,,,NOT_APPLICABLE_GLOBAL_BASELINE,HF9g-P5,,,,X 全窗基线 · 不参与实体赏罚,15054921,1506,A168_HF9F_20260827_0900,2026-08-27 09:00:00
2026-04-20,92755421,1485,0,791.6209962246,0E-10,0E-10,0.5000000,2,2,0.49994810000000000,0.499948100000,0.00014679536856514622,0.00014679536856514622,0.00014679536856514622,0E-17,ELIGIBLE,R03b_20260811_FULL_v1,L1_ELIGIBILITY,v2026-08-11,2026-03-21..2026-08-06,baccarat_bet02_101_all_pairs_incl_sentinel,round_win = game_pnl > 0 (decisive only),COMPATIBILITY_ONLY_NOT_PRODUCTION,2500103.8841,2280641.3266,9883.8276,11764,10369,-0.00395337,-0.05088190,-0.00239824,-0.00395337,-9883.8276,2500103.8841,OK,0.0000,395.3531,4.0000,96.0000,AG03-UNRESOLVED,ALL5_LEVELS_bet23_to_bet27,395.3531,395.3531,395.3531,395.3531,395.3531,4.000000,4.000000,4.000000,4.000000,4.000000,96.000000,96.000000,96.000000,96.000000,96.000000,5.0,1976.7655,1824.8244,7907.0621,8059.0032,PENDING_AG03,FALSE,NOT_FOR_ENFORCEMENT,9488.4745,2189415.6736,9883.8276,9488.4745,395.3531,0.00395337,0.00379523,395.3531,9488.4745,0.00379523,395.3531,395.3531,395.3531,395.3531,395.3531,9488.4745,0.00379523,1976.7655,1824.8244,7907.0621,8059.0032,0.00316269,0.00322347,0.00015813,212.5216,219.9480,0.9532,119.0823,2.3972,30121.7335,124.9277,49.0469,238.9093,36.5364,75.9244,374.9013,749.8027,789.266,1183.8989,75.8035,-1.1839,10.395423,15.593133,2.799122,29,215,300,5,0.03207536,0.00395337,0.05088190,0E-8,0.000000,0.912219,0.000000,-0.04848366,2026-03-31,2026-08-01,83,4123,1621,124,0.669355,0.205295,0.230786,0.106918,,,,,,,,GLOBAL_BASELINE_NO_ENTITY_RANKING,,,NOT_APPLICABLE_GLOBAL_BASELINE,HF9g-P5,,,,X 全窗基线 · 不参与实体赏罚,15054922,1506,A168_HF9F_20260827_0900,2026-08-27 09:00:00
2026-04-20,92755421,1505,0,3633.3373929284,1136.6865586814,1136.6865586814,0.6666667,9,9,0.50069283333333333,0.500692833333,0.9958439560465624,0.9958439560485615,0.9958439560465624,3.3333E-13,ELIGIBLE,R03b_20260811_FULL_v1,L1_ELIGIBILITY,v2026-08-11,2026-03-21..2026-08-06,baccarat_bet02_101_all_pairs_incl_sentinel,round_win = game_pnl > 0 (decisive only),COMPATIBILITY_ONLY_NOT_PRODUCTION,2500103.8841,2280641.3266,9883.8276,11764,10369,-0.00395337,-0.05088190,-0.00239824,-0.00395337,-9883.8276,2500103.8841,OK,0.0000,395.3531,4.0000,96.0000,AG03-UNRESOLVED,ALL5_LEVELS_bet23_to_bet27,395.3531,395.3531,395.3531,395.3531,395.3531,4.000000,4.000000,4.000000,4.000000,4.000000,96.000000,96.000000,96.000000,96.000000,96.000000,5.0,1976.7655,1824.8244,7907.0621,8059.0032,PENDING_AG03,FALSE,NOT_FOR_ENFORCEMENT,9488.4745,2189415.6736,9883.8276,9488.4745,395.3531,0.00395337,0.00379523,395.3531,9488.4745,0.00379523,395.3531,395.3531,395.3531,395.3531,395.3531,9488.4745,0.00379523,1976.7655,1824.8244,7907.0621,8059.0032,0.00316269,0.00322347,0.00015813,212.5216,219.9480,0.9532,119.0823,2.3972,30121.7335,124.9277,49.0469,238.9093,36.5364,75.9244,374.9013,749.8027,789.266,1183.8989,75.8035,-1.1839,10.395423,15.593133,2.799122,29,215,300,5,0.03207536,0.00395337,0.05088190,0E-8,0.000000,0.912219,0.000000,-0.04848366,2026-03-31,2026-08-01,83,4123,1621,124,0.669355,0.205295,0.230786,0.106918,,,,,,,,GLOBAL_BASELINE_NO_ENTITY_RANKING,,,NOT_APPLICABLE_GLOBAL_BASELINE,HF9g-P5,,,,X 全窗基线 · 不参与实体赏罚,15054923,1506,A168_HF9F_20260827_0900,2026-08-27 09:00:00
2026-04-20,92755421,1646,0,1989.2014776926,0E-10,0E-10,0.5000000,5,5,0.49860758000000000,0.498607580000,0.005569701597489473,0.005569701597489473,0.005569701597489473,0E-17,ELIGIBLE,R03b_20260811_FULL_v1,L1_ELIGIBILITY,v2026-08-11,2026-03-21..2026-08-06,baccarat_bet02_101_all_pairs_incl_sentinel,round_win = game_pnl > 0 (decisive only),COMPATIBILITY_ONLY_NOT_PRODUCTION,2500103.8841,2280641.3266,9883.8276,11764,10369,-0.00395337,-0.05088190,-0.00239824,-0.00395337,-9883.8276,2500103.8841,OK,0.0000,395.3531,4.0000,96.0000,AG03-UNRESOLVED,ALL5_LEVELS_bet23_to_bet27,395.3531,395.3531,395.3531,395.3531,395.3531,4.000000,4.000000,4.000000,4.000000,4.000000,96.000000,96.000000,96.000000,96.000000,96.000000,5.0,1976.7655,1824.8244,7907.0621,8059.0032,PENDING_AG03,FALSE,NOT_FOR_ENFORCEMENT,9488.4745,2189415.6736,9883.8276,9488.4745,395.3531,0.00395337,0.00379523,395.3531,9488.4745,0.00379523,395.3531,395.3531,395.3531,395.3531,395.3531,9488.4745,0.00379523,1976.7655,1824.8244,7907.0621,8059.0032,0.00316269,0.00322347,0.00015813,212.5216,219.9480,0.9532,119.0823,2.3972,30121.7335,124.9277,49.0469,238.9093,36.5364,75.9244,374.9013,749.8027,789.266,1183.8989,75.8035,-1.1839,10.395423,15.593133,2.799122,29,215,300,5,0.03207536,0.00395337,0.05088190,0E-8,0.000000,0.912219,0.000000,-0.04848366,2026-03-31,2026-08-01,83,4123,1621,124,0.669355,0.205295,0.230786,0.106918,,,,,,,,GLOBAL_BASELINE_NO_ENTITY_RANKING,,,NOT_APPLICABLE_GLOBAL_BASELINE,HF9g-P5,,,,X 全窗基线 · 不参与实体赏罚,15054924,1506,A168_HF9F_20260827_0900,2026-08-27 09:00:00
2026-04-20,92755421,1654,0,4039.2968781718,365.3635367190,365.3635367190,0.5714286,10,10,0.50128862000000000,0.501288620000,0.37114696951224013,0.37114696951224013,0.37114696951224013,0E-17,ELIGIBLE,R03b_20260811_FULL_v1,L1_ELIGIBILITY,v2026-08-11,2026-03-21..2026-08-06,baccarat_bet02_101_all_pairs_incl_sentinel,round_win = game_pnl > 0 (decisive only),COMPATIBILITY_ONLY_NOT_PRODUCTION,2500103.8841,2280641.3266,9883.8276,11764,10369,-0.00395337,-0.05088190,-0.00239824,-0.00395337,-9883.8276,2500103.8841,OK,0.0000,395.3531,4.0000,96.0000,AG03-UNRESOLVED,ALL5_LEVELS_bet23_to_bet27,395.3531,395.3531,395.3531,395.3531,395.3531,4.000000,4.000000,4.000000,4.000000,4.000000,96.000000,96.000000,96.000000,96.000000,96.000000,5.0,1976.7655,1824.8244,7907.0621,8059.0032,PENDING_AG03,FALSE,NOT_FOR_ENFORCEMENT,9488.4745,2189415.6736,9883.8276,9488.4745,395.3531,0.00395337,0.00379523,395.3531,9488.4745,0.00379523,395.3531,395.3531,395.3531,395.3531,395.3531,9488.4745,0.00379523,1976.7655,1824.8244,7907.0621,8059.0032,0.00316269,0.00322347,0.00015813,212.5216,219.9480,0.9532,119.0823,2.3972,30121.7335,124.9277,49.0469,238.9093,36.5364,75.9244,374.9013,749.8027,789.266,1183.8989,75.8035,-1.1839,10.395423,15.593133,2.799122,29,215,300,5,0.03207536,0.00395337,0.05088190,0E-8,0.000000,0.912219,0.000000,-0.04848366,2026-03-31,2026-08-01,83,4123,1621,124,0.669355,0.205295,0.230786,0.106918,,,,,,,,GLOBAL_BASELINE_NO_ENTITY_RANKING,,,NOT_APPLICABLE_GLOBAL_BASELINE,HF9g-P5,,,,X 全窗基线 · 不参与实体赏罚,15054925,1506,A168_HF9F_20260827_0900,2026-08-27 09:00:00
2026-04-20,92755421,1710,0,1603.5399667114,-20.2979742622,-20.2979742622,0.5000000,4,4,0.49994810000000000,0.499948100000,0.00020760000111838688,0.00020760000111838688,0.00020760000111838688,0E-17,ELIGIBLE,R03b_20260811_FULL_v1,L1_ELIGIBILITY,v2026-08-11,2026-03-21..2026-08-06,baccarat_bet02_101_all_pairs_incl_sentinel,round_win = game_pnl > 0 (decisive only),COMPATIBILITY_ONLY_NOT_PRODUCTION,2500103.8841,2280641.3266,9883.8276,11764,10369,-0.00395337,-0.05088190,-0.00239824,-0.00395337,-9883.8276,2500103.8841,OK,0.0000,395.3531,4.0000,96.0000,AG03-UNRESOLVED,ALL5_LEVELS_bet23_to_bet27,395.3531,395.3531,395.3531,395.3531,395.3531,4.000000,4.000000,4.000000,4.000000,4.000000,96.000000,96.000000,96.000000,96.000000,96.000000,5.0,1976.7655,1824.8244,7907.0621,8059.0032,PENDING_AG03,FALSE,NOT_FOR_ENFORCEMENT,9488.4745,2189415.6736,9883.8276,9488.4745,395.3531,0.00395337,0.00379523,395.3531,9488.4745,0.00379523,395.3531,395.3531,395.3531,395.3531,395.3531,9488.4745,0.00379523,1976.7655,1824.8244,7907.0621,8059.0032,0.00316269,0.00322347,0.00015813,212.5216,219.9480,0.9532,119.0823,2.3972,30121.7335,124.9277,49.0469,238.9093,36.5364,75.9244,374.9013,749.8027,789.266,1183.8989,75.8035,-1.1839,10.395423,15.593133,2.799122,29,215,300,5,0.03207536,0.00395337,0.05088190,0E-8,0.000000,0.912219,0.000000,-0.04848366,2026-03-31,2026-08-01,83,4123,1621,124,0.669355,0.205295,0.230786,0.106918,,,,,,,,GLOBAL_BASELINE_NO_ENTITY_RANKING,,,NOT_APPLICABLE_GLOBAL_BASELINE,HF9g-P5,,,,X 全窗基线 · 不参与实体赏罚,15054926,1506,A168_HF9F_20260827_0900,2026-08-27 09:00:00
2026-04-20,92755421,1951,0,405.9594852434,-405.9594852434,-405.9594852434,0E-7,1,1,0.49324550000000000,0.493245500000,-0.9865810262130424,-0.9865810262130424,-0.9865810262130424,0E-17,ELIGIBLE,R03b_20260811_FULL_v1,L1_ELIGIBILITY,v2026-08-11,2026-03-21..2026-08-06,baccarat_bet02_101_all_pairs_incl_sentinel,round_win = game_pnl > 0 (decisive only),COMPATIBILITY_ONLY_NOT_PRODUCTION,2500103.8841,2280641.3266,9883.8276,11764,10369,-0.00395337,-0.05088190,-0.00239824,-0.00395337,-9883.8276,2500103.8841,OK,0.0000,395.3531,4.0000,96.0000,AG03-UNRESOLVED,ALL5_LEVELS_bet23_to_bet27,395.3531,395.3531,395.3531,395.3531,395.3531,4.000000,4.000000,4.000000,4.000000,4.000000,96.000000,96.000000,96.000000,96.000000,96.000000,5.0,1976.7655,1824.8244,7907.0621,8059.0032,PENDING_AG03,FALSE,NOT_FOR_ENFORCEMENT,9488.4745,2189415.6736,9883.8276,9488.4745,395.3531,0.00395337,0.00379523,395.3531,9488.4745,0.00379523,395.3531,395.3531,395.3531,395.3531,395.3531,9488.4745,0.00379523,1976.7655,1824.8244,7907.0621,8059.0032,0.00316269,0.00322347,0.00015813,212.5216,219.9480,0.9532,119.0823,2.3972,30121.7335,124.9277,49.0469,238.9093,36.5364,75.9244,374.9013,749.8027,789.266,1183.8989,75.8035,-1.1839,10.395423,15.593133,2.799122,29,215,300,5,0.03207536,0.00395337,0.05088190,0E-8,0.000000,0.912219,0.000000,-0.04848366,2026-03-31,2026-08-01,83,4123,1621,124,0.669355,0.205295,0.230786,0.106918,,,,,,,,GLOBAL_BASELINE_NO_ENTITY_RANKING,,,NOT_APPLICABLE_GLOBAL_BASELINE,HF9g-P5,,,,X 全窗基线 · 不参与实体赏罚,15054927,1506,A168_HF9F_20260827_0900,2026-08-27 09:00:00
2026-04-20,92755421,1957,0,1217.8784557302,-1217.8784557302,-1217.8784557302,0E-7,3,3,0.50218230000000000,0.502182300000,-1.7396270863184011,-1.7396270863184016,-1.7396270863184011,0E-17,ELIGIBLE,R03b_20260811_FULL_v1,L1_ELIGIBILITY,v2026-08-11,2026-03-21..2026-08-06,baccarat_bet02_101_all_pairs_incl_sentinel,round_win = game_pnl > 0 (decisive only),COMPATIBILITY_ONLY_NOT_PRODUCTION,2500103.8841,2280641.3266,9883.8276,11764,10369,-0.00395337,-0.05088190,-0.00239824,-0.00395337,-9883.8276,2500103.8841,OK,0.0000,395.3531,4.0000,96.0000,AG03-UNRESOLVED,ALL5_LEVELS_bet23_to_bet27,395.3531,395.3531,395.3531,395.3531,395.3531,4.000000,4.000000,4.000000,4.000000,4.000000,96.000000,96.000000,96.000000,96.000000,96.000000,5.0,1976.7655,1824.8244,7907.0621,8059.0032,PENDING_AG03,FALSE,NOT_FOR_ENFORCEMENT,9488.4745,2189415.6736,9883.8276,9488.4745,395.3531,0.00395337,0.00379523,395.3531,9488.4745,0.00379523,395.3531,395.3531,395.3531,395.3531,395.3531,9488.4745,0.00379523,1976.7655,1824.8244,7907.0621,8059.0032,0.00316269,0.00322347,0.00015813,212.5216,219.9480,0.9532,119.0823,2.3972,30121.7335,124.9277,49.0469,238.9093,36.5364,75.9244,374.9013,749.8027,789.266,1183.8989,75.8035,-1.1839,10.395423,15.593133,2.799122,29,215,300,5,0.03207536,0.00395337,0.05088190,0E-8,0.000000,0.912219,0.000000,-0.04848366,2026-03-31,2026-08-01,83,4123,1621,124,0.669355,0.205295,0.230786,0.106918,,,,,,,,GLOBAL_BASELINE_NO_ENTITY_RANKING,,,NOT_APPLICABLE_GLOBAL_BASELINE,HF9g-P5,,,,X 全窗基线 · 不参与实体赏罚,15054928,1506,A168_HF9F_20260827_0900,2026-08-27 09:00:00
2026-04-20,92755421,1963,0,1605.5697641376,748.9952502740,748.9952502740,0.7500000,5,4,0.49932714371728261,0.440646775000,1.0026923330402648,1.2462244638917332,1.0026923330402648,0.05868036871728261,ELIGIBLE,R03b_20260811_FULL_v1,L1_ELIGIBILITY,v2026-08-11,2026-03-21..2026-08-06,baccarat_bet02_101_all_pairs_incl_sentinel,round_win = game_pnl > 0 (decisive only),COMPATIBILITY_ONLY_NOT_PRODUCTION,2500103.8841,2280641.3266,9883.8276,11764,10369,-0.00395337,-0.05088190,-0.00239824,-0.00395337,-9883.8276,2500103.8841,OK,0.0000,395.3531,4.0000,96.0000,AG03-UNRESOLVED,ALL5_LEVELS_bet23_to_bet27,395.3531,395.3531,395.3531,395.3531,395.3531,4.000000,4.000000,4.000000,4.000000,4.000000,96.000000,96.000000,96.000000,96.000000,96.000000,5.0,1976.7655,1824.8244,7907.0621,8059.0032,PENDING_AG03,FALSE,NOT_FOR_ENFORCEMENT,9488.4745,2189415.6736,9883.8276,9488.4745,395.3531,0.00395337,0.00379523,395.3531,9488.4745,0.00379523,395.3531,395.3531,395.3531,395.3531,395.3531,9488.4745,0.00379523,1976.7655,1824.8244,7907.0621,8059.0032,0.00316269,0.00322347,0.00015813,212.5216,219.9480,0.9532,119.0823,2.3972,30121.7335,124.9277,49.0469,238.9093,36.5364,75.9244,374.9013,749.8027,789.266,1183.8989,75.8035,-1.1839,10.395423,15.593133,2.799122,29,215,300,5,0.03207536,0.00395337,0.05088190,0E-8,0.000000,0.912219,0.000000,-0.04848366,2026-03-31,2026-08-01,83,4123,1621,124,0.669355,0.205295,0.230786,0.106918,,,,,,,,GLOBAL_BASELINE_NO_ENTITY_RANKING,,,NOT_APPLICABLE_GLOBAL_BASELINE,HF9g-P5,,,,X 全窗基线 · 不参与实体赏罚,15054929,1506,A168_HF9F_20260827_0900,2026-08-27 09:00:00
2026-04-20,92755421,2103,0,3227.3779076850,-832.2169447490,-832.2169447490,0.3750000,8,8,0.49994810000000000,0.499948100000,-0.7068131942587571,-0.7068131942587571,-0.7068131942587571,0E-17,ELIGIBLE,R03b_20260811_FULL_v1,L1_ELIGIBILITY,v2026-08-11,2026-03-21..2026-08-06,baccarat_bet02_101_all_pairs_incl_sentinel,round_win = game_pnl > 0 (decisive only),COMPATIBILITY_ONLY_NOT_PRODUCTION,2500103.8841,2280641.3266,9883.8276,11764,10369,-0.00395337,-0.05088190,-0.00239824,-0.00395337,-9883.8276,2500103.8841,OK,0.0000,395.3531,4.0000,96.0000,AG03-UNRESOLVED,ALL5_LEVELS_bet23_to_bet27,395.3531,395.3531,395.3531,395.3531,395.3531,4.000000,4.000000,4.000000,4.000000,4.000000,96.000000,96.000000,96.000000,96.000000,96.000000,5.0,1976.7655,1824.8244,7907.0621,8059.0032,PENDING_AG03,FALSE,NOT_FOR_ENFORCEMENT,9488.4745,2189415.6736,9883.8276,9488.4745,395.3531,0.00395337,0.00379523,395.3531,9488.4745,0.00379523,395.3531,395.3531,395.3531,395.3531,395.3531,9488.4745,0.00379523,1976.7655,1824.8244,7907.0621,8059.0032,0.00316269,0.00322347,0.00015813,212.5216,219.9480,0.9532,119.0823,2.3972,30121.7335,124.9277,49.0469,238.9093,36.5364,75.9244,374.9013,749.8027,789.266,1183.8989,75.8035,-1.1839,10.395423,15.593133,2.799122,29,215,300,5,0.03207536,0.00395337,0.05088190,0E-8,0.000000,0.912219,0.000000,-0.04848366,2026-03-31,2026-08-01,83,4123,1621,124,0.669355,0.205295,0.230786,0.106918,,,,,,,,GLOBAL_BASELINE_NO_ENTITY_RANKING,,,NOT_APPLICABLE_GLOBAL_BASELINE,HF9g-P5,,,,X 全窗基线 · 不参与实体赏罚,15054930,1506,A168_HF9F_20260827_0900,2026-08-27 09:00:00
2026-04-20,92755421,2106,0,608.9392278651,-608.9392278651,-608.9392278651,0E-7,2,2,0.49994810000000000,0.499948100000,-1.4140667746232096,-1.4140667746232096,-1.4140667746232096,0E-17,ELIGIBLE,R03b_20260811_FULL_v1,L1_ELIGIBILITY,v2026-08-11,2026-03-21..2026-08-06,baccarat_bet02_101_all_pairs_incl_sentinel,round_win = game_pnl > 0 (decisive only),COMPATIBILITY_ONLY_NOT_PRODUCTION,2500103.8841,2280641.3266,9883.8276,11764,10369,-0.00395337,-0.05088190,-0.00239824,-0.00395337,-9883.8276,2500103.8841,OK,0.0000,395.3531,4.0000,96.0000,AG03-UNRESOLVED,ALL5_LEVELS_bet23_to_bet27,395.3531,395.3531,395.3531,395.3531,395.3531,4.000000,4.000000,4.000000,4.000000,4.000000,96.000000,96.000000,96.000000,96.000000,96.000000,5.0,1976.7655,1824.8244,7907.0621,8059.0032,PENDING_AG03,FALSE,NOT_FOR_ENFORCEMENT,9488.4745,2189415.6736,9883.8276,9488.4745,395.3531,0.00395337,0.00379523,395.3531,9488.4745,0.00379523,395.3531,395.3531,395.3531,395.3531,395.3531,9488.4745,0.00379523,1976.7655,1824.8244,7907.0621,8059.0032,0.00316269,0.00322347,0.00015813,212.5216,219.9480,0.9532,119.0823,2.3972,30121.7335,124.9277,49.0469,238.9093,36.5364,75.9244,374.9013,749.8027,789.266,1183.8989,75.8035,-1.1839,10.395423,15.593133,2.799122,29,215,300,5,0.03207536,0.00395337,0.05088190,0E-8,0.000000,0.912219,0.000000,-0.04848366,2026-03-31,2026-08-01,83,4123,1621,124,0.669355,0.205295,0.230786,0.106918,,,,,,,,GLOBAL_BASELINE_NO_ENTITY_RANKING,,,NOT_APPLICABLE_GLOBAL_BASELINE,HF9g-P5,,,,X 全窗基线 · 不参与实体赏罚,15054931,1506,A168_HF9F_20260827_0900,2026-08-27 09:00:00
2026-04-20,92755421,2108,0,1197.5804814680,-811.9189704868,-811.9189704868,0E-7,3,3,0.50218230000000000,0.502182300000,-1.4203995680682369,-1.4203995680682369,-1.4203995680682369,0E-17,ELIGIBLE,R03b_20260811_FULL_v1,L1_ELIGIBILITY,v2026-08-11,2026-03-21..2026-08-06,baccarat_bet02_101_all_pairs_incl_sentinel,round_win = game_pnl > 0 (decisive only),COMPATIBILITY_ONLY_NOT_PRODUCTION,2500103.8841,2280641.3266,9883.8276,11764,10369,-0.00395337,-0.05088190,-0.00239824,-0.00395337,-9883.8276,2500103.8841,OK,0.0000,395.3531,4.0000,96.0000,AG03-UNRESOLVED,ALL5_LEVELS_bet23_to_bet27,395.3531,395.3531,395.3531,395.3531,395.3531,4.000000,4.000000,4.000000,4.000000,4.000000,96.000000,96.000000,96.000000,96.000000,96.000000,5.0,1976.7655,1824.8244,7907.0621,8059.0032,PENDING_AG03,FALSE,NOT_FOR_ENFORCEMENT,9488.4745,2189415.6736,9883.8276,9488.4745,395.3531,0.00395337,0.00379523,395.3531,9488.4745,0.00379523,395.3531,395.3531,395.3531,395.3531,395.3531,9488.4745,0.00379523,1976.7655,1824.8244,7907.0621,8059.0032,0.00316269,0.00322347,0.00015813,212.5216,219.9480,0.9532,119.0823,2.3972,30121.7335,124.9277,49.0469,238.9093,36.5364,75.9244,374.9013,749.8027,789.266,1183.8989,75.8035,-1.1839,10.395423,15.593133,2.799122,29,215,300,5,0.03207536,0.00395337,0.05088190,0E-8,0.000000,0.912219,0.000000,-0.04848366,2026-03-31,2026-08-01,83,4123,1621,124,0.669355,0.205295,0.230786,0.106918,,,,,,,,GLOBAL_BASELINE_NO_ENTITY_RANKING,,,NOT_APPLICABLE_GLOBAL_BASELINE,HF9g-P5,,,,X 全窗基线 · 不参与实体赏罚,15054932,1506,A168_HF9F_20260827_0900,2026-08-27 09:00:00
2026-04-20,92755421,2117,0,1197.5804814680,0E-10,0E-10,0.5000000,3,3,0.50218230000000000,0.502182300000,-0.00617253530718887,-0.00617253530718887,-0.00617253530718887,0E-17,ELIGIBLE,R03b_20260811_FULL_v1,L1_ELIGIBILITY,v2026-08-11,2026-03-21..2026-08-06,baccarat_bet02_101_all_pairs_incl_sentinel,round_win = game_pnl > 0 (decisive only),COMPATIBILITY_ONLY_NOT_PRODUCTION,2500103.8841,2280641.3266,9883.8276,11764,10369,-0.00395337,-0.05088190,-0.00239824,-0.00395337,-9883.8276,2500103.8841,OK,0.0000,395.3531,4.0000,96.0000,AG03-UNRESOLVED,ALL5_LEVELS_bet23_to_bet27,395.3531,395.3531,395.3531,395.3531,395.3531,4.000000,4.000000,4.000000,4.000000,4.000000,96.000000,96.000000,96.000000,96.000000,96.000000,5.0,1976.7655,1824.8244,7907.0621,8059.0032,PENDING_AG03,FALSE,NOT_FOR_ENFORCEMENT,9488.4745,2189415.6736,9883.8276,9488.4745,395.3531,0.00395337,0.00379523,395.3531,9488.4745,0.00379523,395.3531,395.3531,395.3531,395.3531,395.3531,9488.4745,0.00379523,1976.7655,1824.8244,7907.0621,8059.0032,0.00316269,0.00322347,0.00015813,212.5216,219.9480,0.9532,119.0823,2.3972,30121.7335,124.9277,49.0469,238.9093,36.5364,75.9244,374.9013,749.8027,789.266,1183.8989,75.8035,-1.1839,10.395423,15.593133,2.799122,29,215,300,5,0.03207536,0.00395337,0.05088190,0E-8,0.000000,0.912219,0.000000,-0.04848366,2026-03-31,2026-08-01,83,4123,1621,124,0.669355,0.205295,0.230786,0.106918,,,,,,,,GLOBAL_BASELINE_NO_ENTITY_RANKING,,,NOT_APPLICABLE_GLOBAL_BASELINE,HF9g-P5,,,,X 全窗基线 · 不参与实体赏罚,15054933,1506,A168_HF9F_20260827_0900,2026-08-27 09:00:00
2026-04-20,92755421,2129,0,811.9189704868,791.6209962246,791.6209962246,1.0000000,2,2,0.49994810000000000,0.499948100000,1.4143603653603398,1.4143603653603398,1.4143603653603398,0E-17,ELIGIBLE,R03b_20260811_FULL_v1,L1_ELIGIBILITY,v2026-08-11,2026-03-21..2026-08-06,baccarat_bet02_101_all_pairs_incl_sentinel,round_win = game_pnl > 0 (decisive only),COMPATIBILITY_ONLY_NOT_PRODUCTION,2500103.8841,2280641.3266,9883.8276,11764,10369,-0.00395337,-0.05088190,-0.00239824,-0.00395337,-9883.8276,2500103.8841,OK,0.0000,395.3531,4.0000,96.0000,AG03-UNRESOLVED,ALL5_LEVELS_bet23_to_bet27,395.3531,395.3531,395.3531,395.3531,395.3531,4.000000,4.000000,4.000000,4.000000,4.000000,96.000000,96.000000,96.000000,96.000000,96.000000,5.0,1976.7655,1824.8244,7907.0621,8059.0032,PENDING_AG03,FALSE,NOT_FOR_ENFORCEMENT,9488.4745,2189415.6736,9883.8276,9488.4745,395.3531,0.00395337,0.00379523,395.3531,9488.4745,0.00379523,395.3531,395.3531,395.3531,395.3531,395.3531,9488.4745,0.00379523,1976.7655,1824.8244,7907.0621,8059.0032,0.00316269,0.00322347,0.00015813,212.5216,219.9480,0.9532,119.0823,2.3972,30121.7335,124.9277,49.0469,238.9093,36.5364,75.9244,374.9013,749.8027,789.266,1183.8989,75.8035,-1.1839,10.395423,15.593133,2.799122,29,215,300,5,0.03207536,0.00395337,0.05088190,0E-8,0.000000,0.912219,0.000000,-0.04848366,2026-03-31,2026-08-01,83,4123,1621,124,0.669355,0.205295,0.230786,0.106918,,,,,,,,GLOBAL_BASELINE_NO_ENTITY_RANKING,,,NOT_APPLICABLE_GLOBAL_BASELINE,HF9g-P5,,,,X 全窗基线 · 不参与实体赏罚,15054934,1506,A168_HF9F_20260827_0900,2026-08-27 09:00:00
2026-04-20,92755421,2141,0,2029.7974262170,385.6615109812,385.6615109812,0.6000000,5,5,0.49592654000000000,0.495926540000,0.46544610904919037,0.46544610904919037,0.46544610904919037,0E-17,ELIGIBLE,R03b_20260811_FULL_v1,L1_ELIGIBILITY,v2026-08-11,2026-03-21..2026-08-06,baccarat_bet02_101_all_pairs_incl_sentinel,round_win = game_pnl > 0 (decisive only),COMPATIBILITY_ONLY_NOT_PRODUCTION,2500103.8841,2280641.3266,9883.8276,11764,10369,-0.00395337,-0.05088190,-0.00239824,-0.00395337,-9883.8276,2500103.8841,OK,0.0000,395.3531,4.0000,96.0000,AG03-UNRESOLVED,ALL5_LEVELS_bet23_to_bet27,395.3531,395.3531,395.3531,395.3531,395.3531,4.000000,4.000000,4.000000,4.000000,4.000000,96.000000,96.000000,96.000000,96.000000,96.000000,5.0,1976.7655,1824.8244,7907.0621,8059.0032,PENDING_AG03,FALSE,NOT_FOR_ENFORCEMENT,9488.4745,2189415.6736,9883.8276,9488.4745,395.3531,0.00395337,0.00379523,395.3531,9488.4745,0.00379523,395.3531,395.3531,395.3531,395.3531,395.3531,9488.4745,0.00379523,1976.7655,1824.8244,7907.0621,8059.0032,0.00316269,0.00322347,0.00015813,212.5216,219.9480,0.9532,119.0823,2.3972,30121.7335,124.9277,49.0469,238.9093,36.5364,75.9244,374.9013,749.8027,789.266,1183.8989,75.8035,-1.1839,10.395423,15.593133,2.799122,29,215,300,5,0.03207536,0.00395337,0.05088190,0E-8,0.000000,0.912219,0.000000,-0.04848366,2026-03-31,2026-08-01,83,4123,1621,124,0.669355,0.205295,0.230786,0.106918,,,,,,,,GLOBAL_BASELINE_NO_ENTITY_RANKING,,,NOT_APPLICABLE_GLOBAL_BASELINE,HF9g-P5,,,,X 全窗基线 · 不参与实体赏罚,15054935,1506,A168_HF9F_20260827_0900,2026-08-27 09:00:00
2026-04-20,92755421,2145,0,405.9594852434,-405.9594852434,-405.9594852434,0E-7,1,1,0.50665070000000000,0.506650700000,-1.013391052207602,-1.013391052207602,-1.013391052207602,0E-17,ELIGIBLE,R03b_20260811_FULL_v1,L1_ELIGIBILITY,v2026-08-11,2026-03-21..2026-08-06,baccarat_bet02_101_all_pairs_incl_sentinel,round_win = game_pnl > 0 (decisive only),COMPATIBILITY_ONLY_NOT_PRODUCTION,2500103.8841,2280641.3266,9883.8276,11764,10369,-0.00395337,-0.05088190,-0.00239824,-0.00395337,-9883.8276,2500103.8841,OK,0.0000,395.3531,4.0000,96.0000,AG03-UNRESOLVED,ALL5_LEVELS_bet23_to_bet27,395.3531,395.3531,395.3531,395.3531,395.3531,4.000000,4.000000,4.000000,4.000000,4.000000,96.000000,96.000000,96.000000,96.000000,96.000000,5.0,1976.7655,1824.8244,7907.0621,8059.0032,PENDING_AG03,FALSE,NOT_FOR_ENFORCEMENT,9488.4745,2189415.6736,9883.8276,9488.4745,395.3531,0.00395337,0.00379523,395.3531,9488.4745,0.00379523,395.3531,395.3531,395.3531,395.3531,395.3531,9488.4745,0.00379523,1976.7655,1824.8244,7907.0621,8059.0032,0.00316269,0.00322347,0.00015813,212.5216,219.9480,0.9532,119.0823,2.3972,30121.7335,124.9277,49.0469,238.9093,36.5364,75.9244,374.9013,749.8027,789.266,1183.8989,75.8035,-1.1839,10.395423,15.593133,2.799122,29,215,300,5,0.03207536,0.00395337,0.05088190,0E-8,0.000000,0.912219,0.000000,-0.04848366,2026-03-31,2026-08-01,83,4123,1621,124,0.669355,0.205295,0.230786,0.106918,,,,,,,,GLOBAL_BASELINE_NO_ENTITY_RANKING,,,NOT_APPLICABLE_GLOBAL_BASELINE,HF9g-P5,,,,X 全窗基线 · 不参与实体赏罚,15054936,1506,A168_HF9F_20260827_0900,2026-08-27 09:00:00
2026-04-20,92755421,2152,0,811.9189704868,-811.9189704868,-811.9189704868,0E-7,2,2,0.50665070000000000,0.506650700000,-1.4331513700195317,-1.4331513700195317,-1.4331513700195317,0E-17,ELIGIBLE,R03b_20260811_FULL_v1,L1_ELIGIBILITY,v2026-08-11,2026-03-21..2026-08-06,baccarat_bet02_101_all_pairs_incl_sentinel,round_win = game_pnl > 0 (decisive only),COMPATIBILITY_ONLY_NOT_PRODUCTION,2500103.8841,2280641.3266,9883.8276,11764,10369,-0.00395337,-0.05088190,-0.00239824,-0.00395337,-9883.8276,2500103.8841,OK,0.0000,395.3531,4.0000,96.0000,AG03-UNRESOLVED,ALL5_LEVELS_bet23_to_bet27,395.3531,395.3531,395.3531,395.3531,395.3531,4.000000,4.000000,4.000000,4.000000,4.000000,96.000000,96.000000,96.000000,96.000000,96.000000,5.0,1976.7655,1824.8244,7907.0621,8059.0032,PENDING_AG03,FALSE,NOT_FOR_ENFORCEMENT,9488.4745,2189415.6736,9883.8276,9488.4745,395.3531,0.00395337,0.00379523,395.3531,9488.4745,0.00379523,395.3531,395.3531,395.3531,395.3531,395.3531,9488.4745,0.00379523,1976.7655,1824.8244,7907.0621,8059.0032,0.00316269,0.00322347,0.00015813,212.5216,219.9480,0.9532,119.0823,2.3972,30121.7335,124.9277,49.0469,238.9093,36.5364,75.9244,374.9013,749.8027,789.266,1183.8989,75.8035,-1.1839,10.395423,15.593133,2.799122,29,215,300,5,0.03207536,0.00395337,0.05088190,0E-8,0.000000,0.912219,0.000000,-0.04848366,2026-03-31,2026-08-01,83,4123,1621,124,0.669355,0.205295,0.230786,0.106918,,,,,,,,GLOBAL_BASELINE_NO_ENTITY_RANKING,,,NOT_APPLICABLE_GLOBAL_BASELINE,HF9g-P5,,,,X 全窗基线 · 不参与实体赏罚,15054937,1506,A168_HF9F_20260827_0900,2026-08-27 09:00:00
2026-04-20,92755421,2153,0,2740.2265253929,1075.7926358949,1075.7926358949,0.8000000,7,7,0.50282064285714286,0.502820642857,1.3290476362059251,1.329047636206562,1.3290476362059251,1.4286E-13,ELIGIBLE,R03b_20260811_FULL_v1,L1_ELIGIBILITY,v2026-08-11,2026-03-21..2026-08-06,baccarat_bet02_101_all_pairs_incl_sentinel,round_win = game_pnl > 0 (decisive only),COMPATIBILITY_ONLY_NOT_PRODUCTION,2500103.8841,2280641.3266,9883.8276,11764,10369,-0.00395337,-0.05088190,-0.00239824,-0.00395337,-9883.8276,2500103.8841,OK,0.0000,395.3531,4.0000,96.0000,AG03-UNRESOLVED,ALL5_LEVELS_bet23_to_bet27,395.3531,395.3531,395.3531,395.3531,395.3531,4.000000,4.000000,4.000000,4.000000,4.000000,96.000000,96.000000,96.000000,96.000000,96.000000,5.0,1976.7655,1824.8244,7907.0621,8059.0032,PENDING_AG03,FALSE,NOT_FOR_ENFORCEMENT,9488.4745,2189415.6736,9883.8276,9488.4745,395.3531,0.00395337,0.00379523,395.3531,9488.4745,0.00379523,395.3531,395.3531,395.3531,395.3531,395.3531,9488.4745,0.00379523,1976.7655,1824.8244,7907.0621,8059.0032,0.00316269,0.00322347,0.00015813,212.5216,219.9480,0.9532,119.0823,2.3972,30121.7335,124.9277,49.0469,238.9093,36.5364,75.9244,374.9013,749.8027,789.266,1183.8989,75.8035,-1.1839,10.395423,15.593133,2.799122,29,215,300,5,0.03207536,0.00395337,0.05088190,0E-8,0.000000,0.912219,0.000000,-0.04848366,2026-03-31,2026-08-01,83,4123,1621,124,0.669355,0.205295,0.230786,0.106918,,,,,,,,GLOBAL_BASELINE_NO_ENTITY_RANKING,,,NOT_APPLICABLE_GLOBAL_BASELINE,HF9g-P5,,,,X 全窗基线 · 不参与实体赏罚,15054938,1506,A168_HF9F_20260827_0900,2026-08-27 09:00:00
2026-04-20,92755421,2155,0,1217.8784557302,-405.9594852434,-405.9594852434,0.3333333,3,3,0.49771390000000000,0.497713900000,-0.5694369385616226,-0.5694369385616226,-0.5694369385616226,0E-17,ELIGIBLE,R03b_20260811_FULL_v1,L1_ELIGIBILITY,v2026-08-11,2026-03-21..2026-08-06,baccarat_bet02_101_all_pairs_incl_sentinel,round_win = game_pnl > 0 (decisive only),COMPATIBILITY_ONLY_NOT_PRODUCTION,2500103.8841,2280641.3266,9883.8276,11764,10369,-0.00395337,-0.05088190,-0.00239824,-0.00395337,-9883.8276,2500103.8841,OK,0.0000,395.3531,4.0000,96.0000,AG03-UNRESOLVED,ALL5_LEVELS_bet23_to_bet27,395.3531,395.3531,395.3531,395.3531,395.3531,4.000000,4.000000,4.000000,4.000000,4.000000,96.000000,96.000000,96.000000,96.000000,96.000000,5.0,1976.7655,1824.8244,7907.0621,8059.0032,PENDING_AG03,FALSE,NOT_FOR_ENFORCEMENT,9488.4745,2189415.6736,9883.8276,9488.4745,395.3531,0.00395337,0.00379523,395.3531,9488.4745,0.00379523,395.3531,395.3531,395.3531,395.3531,395.3531,9488.4745,0.00379523,1976.7655,1824.8244,7907.0621,8059.0032,0.00316269,0.00322347,0.00015813,212.5216,219.9480,0.9532,119.0823,2.3972,30121.7335,124.9277,49.0469,238.9093,36.5364,75.9244,374.9013,749.8027,789.266,1183.8989,75.8035,-1.1839,10.395423,15.593133,2.799122,29,215,300,5,0.03207536,0.00395337,0.05088190,0E-8,0.000000,0.912219,0.000000,-0.04848366,2026-03-31,2026-08-01,83,4123,1621,124,0.669355,0.205295,0.230786,0.106918,,,,,,,,GLOBAL_BASELINE_NO_ENTITY_RANKING,,,NOT_APPLICABLE_GLOBAL_BASELINE,HF9g-P5,,,,X 全窗基线 · 不参与实体赏罚,15054939,1506,A168_HF9F_20260827_0900,2026-08-27 09:00:00
2026-04-20,92755421,2167,0,811.9189704868,-20.2979742622,-20.2979742622,0.5000000,2,2,0.49994810000000000,0.499948100000,0.00014679536856514622,0.00014679536856514622,0.00014679536856514622,0E-17,ELIGIBLE,R03b_20260811_FULL_v1,L1_ELIGIBILITY,v2026-08-11,2026-03-21..2026-08-06,baccarat_bet02_101_all_pairs_incl_sentinel,round_win = game_pnl > 0 (decisive only),COMPATIBILITY_ONLY_NOT_PRODUCTION,2500103.8841,2280641.3266,9883.8276,11764,10369,-0.00395337,-0.05088190,-0.00239824,-0.00395337,-9883.8276,2500103.8841,OK,0.0000,395.3531,4.0000,96.0000,AG03-UNRESOLVED,ALL5_LEVELS_bet23_to_bet27,395.3531,395.3531,395.3531,395.3531,395.3531,4.000000,4.000000,4.000000,4.000000,4.000000,96.000000,96.000000,96.000000,96.000000,96.000000,5.0,1976.7655,1824.8244,7907.0621,8059.0032,PENDING_AG03,FALSE,NOT_FOR_ENFORCEMENT,9488.4745,2189415.6736,9883.8276,9488.4745,395.3531,0.00395337,0.00379523,395.3531,9488.4745,0.00379523,395.3531,395.3531,395.3531,395.3531,395.3531,9488.4745,0.00379523,1976.7655,1824.8244,7907.0621,8059.0032,0.00316269,0.00322347,0.00015813,212.5216,219.9480,0.9532,119.0823,2.3972,30121.7335,124.9277,49.0469,238.9093,36.5364,75.9244,374.9013,749.8027,789.266,1183.8989,75.8035,-1.1839,10.395423,15.593133,2.799122,29,215,300,5,0.03207536,0.00395337,0.05088190,0E-8,0.000000,0.912219,0.000000,-0.04848366,2026-03-31,2026-08-01,83,4123,1621,124,0.669355,0.205295,0.230786,0.106918,,,,,,,,GLOBAL_BASELINE_NO_ENTITY_RANKING,,,NOT_APPLICABLE_GLOBAL_BASELINE,HF9g-P5,,,,X 全窗基线 · 不参与实体赏罚,15054940,1506,A168_HF9F_20260827_0900,2026-08-27 09:00:00
2026-04-20,92755421,2174,0,771.3230219624,-771.3230219624,-771.3230219624,0E-7,2,2,0.49994810000000000,0.499948100000,-1.4140667746232096,-1.4140667746232096,-1.4140667746232096,0E-17,ELIGIBLE,R03b_20260811_FULL_v1,L1_ELIGIBILITY,v2026-08-11,2026-03-21..2026-08-06,baccarat_bet02_101_all_pairs_incl_sentinel,round_win = game_pnl > 0 (decisive only),COMPATIBILITY_ONLY_NOT_PRODUCTION,2500103.8841,2280641.3266,9883.8276,11764,10369,-0.00395337,-0.05088190,-0.00239824,-0.00395337,-9883.8276,2500103.8841,OK,0.0000,395.3531,4.0000,96.0000,AG03-UNRESOLVED,ALL5_LEVELS_bet23_to_bet27,395.3531,395.3531,395.3531,395.3531,395.3531,4.000000,4.000000,4.000000,4.000000,4.000000,96.000000,96.000000,96.000000,96.000000,96.000000,5.0,1976.7655,1824.8244,7907.0621,8059.0032,PENDING_AG03,FALSE,NOT_FOR_ENFORCEMENT,9488.4745,2189415.6736,9883.8276,9488.4745,395.3531,0.00395337,0.00379523,395.3531,9488.4745,0.00379523,395.3531,395.3531,395.3531,395.3531,395.3531,9488.4745,0.00379523,1976.7655,1824.8244,7907.0621,8059.0032,0.00316269,0.00322347,0.00015813,212.5216,219.9480,0.9532,119.0823,2.3972,30121.7335,124.9277,49.0469,238.9093,36.5364,75.9244,374.9013,749.8027,789.266,1183.8989,75.8035,-1.1839,10.395423,15.593133,2.799122,29,215,300,5,0.03207536,0.00395337,0.05088190,0E-8,0.000000,0.912219,0.000000,-0.04848366,2026-03-31,2026-08-01,83,4123,1621,124,0.669355,0.205295,0.230786,0.106918,,,,,,,,GLOBAL_BASELINE_NO_ENTITY_RANKING,,,NOT_APPLICABLE_GLOBAL_BASELINE,HF9g-P5,,,,X 全窗基线 · 不参与实体赏罚,15054941,1506,A168_HF9F_20260827_0900,2026-08-27 09:00:00
2026-04-20,92755421,2175,0,405.9594852434,-405.9594852434,-405.9594852434,0E-7,1,1,0.50665070000000000,0.506650700000,-1.013391052207602,-1.013391052207602,-1.013391052207602,0E-17,ELIGIBLE,R03b_20260811_FULL_v1,L1_ELIGIBILITY,v2026-08-11,2026-03-21..2026-08-06,baccarat_bet02_101_all_pairs_incl_sentinel,round_win = game_pnl > 0 (decisive only),COMPATIBILITY_ONLY_NOT_PRODUCTION,2500103.8841,2280641.3266,9883.8276,11764,10369,-0.00395337,-0.05088190,-0.00239824,-0.00395337,-9883.8276,2500103.8841,OK,0.0000,395.3531,4.0000,96.0000,AG03-UNRESOLVED,ALL5_LEVELS_bet23_to_bet27,395.3531,395.3531,395.3531,395.3531,395.3531,4.000000,4.000000,4.000000,4.000000,4.000000,96.000000,96.000000,96.000000,96.000000,96.000000,5.0,1976.7655,1824.8244,7907.0621,8059.0032,PENDING_AG03,FALSE,NOT_FOR_ENFORCEMENT,9488.4745,2189415.6736,9883.8276,9488.4745,395.3531,0.00395337,0.00379523,395.3531,9488.4745,0.00379523,395.3531,395.3531,395.3531,395.3531,395.3531,9488.4745,0.00379523,1976.7655,1824.8244,7907.0621,8059.0032,0.00316269,0.00322347,0.00015813,212.5216,219.9480,0.9532,119.0823,2.3972,30121.7335,124.9277,49.0469,238.9093,36.5364,75.9244,374.9013,749.8027,789.266,1183.8989,75.8035,-1.1839,10.395423,15.593133,2.799122,29,215,300,5,0.03207536,0.00395337,0.05088190,0E-8,0.000000,0.912219,0.000000,-0.04848366,2026-03-31,2026-08-01,83,4123,1621,124,0.669355,0.205295,0.230786,0.106918,,,,,,,,GLOBAL_BASELINE_NO_ENTITY_RANKING,,,NOT_APPLICABLE_GLOBAL_BASELINE,HF9g-P5,,,,X 全窗基线 · 不参与实体赏罚,15054942,1506,A168_HF9F_20260827_0900,2026-08-27 09:00:00
2026-04-20,92755421,2177,0,2374.8629886738,1504.0798928267,1504.0798928267,0.8333333,6,6,0.49994810000000000,0.499948100000,1.6332474276894162,1.6332474276894162,1.6332474276894162,0E-17,ELIGIBLE,R03b_20260811_FULL_v1,L1_ELIGIBILITY,v2026-08-11,2026-03-21..2026-08-06,baccarat_bet02_101_all_pairs_incl_sentinel,round_win = game_pnl > 0 (decisive only),COMPATIBILITY_ONLY_NOT_PRODUCTION,2500103.8841,2280641.3266,9883.8276,11764,10369,-0.00395337,-0.05088190,-0.00239824,-0.00395337,-9883.8276,2500103.8841,OK,0.0000,395.3531,4.0000,96.0000,AG03-UNRESOLVED,ALL5_LEVELS_bet23_to_bet27,395.3531,395.3531,395.3531,395.3531,395.3531,4.000000,4.000000,4.000000,4.000000,4.000000,96.000000,96.000000,96.000000,96.000000,96.000000,5.0,1976.7655,1824.8244,7907.0621,8059.0032,PENDING_AG03,FALSE,NOT_FOR_ENFORCEMENT,9488.4745,2189415.6736,9883.8276,9488.4745,395.3531,0.00395337,0.00379523,395.3531,9488.4745,0.00379523,395.3531,395.3531,395.3531,395.3531,395.3531,9488.4745,0.00379523,1976.7655,1824.8244,7907.0621,8059.0032,0.00316269,0.00322347,0.00015813,212.5216,219.9480,0.9532,119.0823,2.3972,30121.7335,124.9277,49.0469,238.9093,36.5364,75.9244,374.9013,749.8027,789.266,1183.8989,75.8035,-1.1839,10.395423,15.593133,2.799122,29,215,300,5,0.03207536,0.00395337,0.05088190,0E-8,0.000000,0.912219,0.000000,-0.04848366,2026-03-31,2026-08-01,83,4123,1621,124,0.669355,0.205295,0.230786,0.106918,,,,,,,,GLOBAL_BASELINE_NO_ENTITY_RANKING,,,NOT_APPLICABLE_GLOBAL_BASELINE,HF9g-P5,,,,X 全窗基线 · 不参与实体赏罚,15054943,1506,A168_HF9F_20260827_0900,2026-08-27 09:00:00
2026-04-20,92755421,2196,0,6222.1410303256,1880.8102951325,1880.8102951325,0.6666667,18,16,0.50053171086793499,0.471973087500,1.2868765617053304,1.5104648102212768,1.2868765617053304,0.02855862336793499,ELIGIBLE,R03b_20260811_FULL_v1,L1_ELIGIBILITY,v2026-08-11,2026-03-21..2026-08-06,baccarat_bet02_101_all_pairs_incl_sentinel,round_win = game_pnl > 0 (decisive only),COMPATIBILITY_ONLY_NOT_PRODUCTION,2500103.8841,2280641.3266,9883.8276,11764,10369,-0.00395337,-0.05088190,-0.00239824,-0.00395337,-9883.8276,2500103.8841,OK,0.0000,395.3531,4.0000,96.0000,AG03-UNRESOLVED,ALL5_LEVELS_bet23_to_bet27,395.3531,395.3531,395.3531,395.3531,395.3531,4.000000,4.000000,4.000000,4.000000,4.000000,96.000000,96.000000,96.000000,96.000000,96.000000,5.0,1976.7655,1824.8244,7907.0621,8059.0032,PENDING_AG03,FALSE,NOT_FOR_ENFORCEMENT,9488.4745,2189415.6736,9883.8276,9488.4745,395.3531,0.00395337,0.00379523,395.3531,9488.4745,0.00379523,395.3531,395.3531,395.3531,395.3531,395.3531,9488.4745,0.00379523,1976.7655,1824.8244,7907.0621,8059.0032,0.00316269,0.00322347,0.00015813,212.5216,219.9480,0.9532,119.0823,2.3972,30121.7335,124.9277,49.0469,238.9093,36.5364,75.9244,374.9013,749.8027,789.266,1183.8989,75.8035,-1.1839,10.395423,15.593133,2.799122,29,215,300,5,0.03207536,0.00395337,0.05088190,0E-8,0.000000,0.912219,0.000000,-0.04848366,2026-03-31,2026-08-01,83,4123,1621,124,0.669355,0.205295,0.230786,0.106918,,,,,,,,GLOBAL_BASELINE_NO_ENTITY_RANKING,,,NOT_APPLICABLE_GLOBAL_BASELINE,HF9g-P5,,,,X 全窗基线 · 不参与实体赏罚,15054944,1506,A168_HF9F_20260827_0900,2026-08-27 09:00:00
2026-04-20,92755421,2201,0,405.9594852434,-405.9594852434,-405.9594852434,0E-7,1,1,0.50665070000000000,0.506650700000,-1.013391052207602,-1.013391052207602,-1.013391052207602,0E-17,ELIGIBLE,R03b_20260811_FULL_v1,L1_ELIGIBILITY,v2026-08-11,2026-03-21..2026-08-06,baccarat_bet02_101_all_pairs_incl_sentinel,round_win = game_pnl > 0 (decisive only),COMPATIBILITY_ONLY_NOT_PRODUCTION,2500103.8841,2280641.3266,9883.8276,11764,10369,-0.00395337,-0.05088190,-0.00239824,-0.00395337,-9883.8276,2500103.8841,OK,0.0000,395.3531,4.0000,96.0000,AG03-UNRESOLVED,ALL5_LEVELS_bet23_to_bet27,395.3531,395.3531,395.3531,395.3531,395.3531,4.000000,4.000000,4.000000,4.000000,4.000000,96.000000,96.000000,96.000000,96.000000,96.000000,5.0,1976.7655,1824.8244,7907.0621,8059.0032,PENDING_AG03,FALSE,NOT_FOR_ENFORCEMENT,9488.4745,2189415.6736,9883.8276,9488.4745,395.3531,0.00395337,0.00379523,395.3531,9488.4745,0.00379523,395.3531,395.3531,395.3531,395.3531,395.3531,9488.4745,0.00379523,1976.7655,1824.8244,7907.0621,8059.0032,0.00316269,0.00322347,0.00015813,212.5216,219.9480,0.9532,119.0823,2.3972,30121.7335,124.9277,49.0469,238.9093,36.5364,75.9244,374.9013,749.8027,789.266,1183.8989,75.8035,-1.1839,10.395423,15.593133,2.799122,29,215,300,5,0.03207536,0.00395337,0.05088190,0E-8,0.000000,0.912219,0.000000,-0.04848366,2026-03-31,2026-08-01,83,4123,1621,124,0.669355,0.205295,0.230786,0.106918,,,,,,,,GLOBAL_BASELINE_NO_ENTITY_RANKING,,,NOT_APPLICABLE_GLOBAL_BASELINE,HF9g-P5,,,,X 全窗基线 · 不参与实体赏罚,15054945,1506,A168_HF9F_20260827_0900,2026-08-27 09:00:00
2026-04-20,92755421,2205,0,1989.2014776926,-771.3230219624,-771.3230219624,0.2500000,5,5,0.49860758000000000,0.498607580000,-0.9944341760919779,-0.9944341760919779,-0.9944341760919779,0E-17,ELIGIBLE,R03b_20260811_FULL_v1,L1_ELIGIBILITY,v2026-08-11,2026-03-21..2026-08-06,baccarat_bet02_101_all_pairs_incl_sentinel,round_win = game_pnl > 0 (decisive only),COMPATIBILITY_ONLY_NOT_PRODUCTION,2500103.8841,2280641.3266,9883.8276,11764,10369,-0.00395337,-0.05088190,-0.00239824,-0.00395337,-9883.8276,2500103.8841,OK,0.0000,395.3531,4.0000,96.0000,AG03-UNRESOLVED,ALL5_LEVELS_bet23_to_bet27,395.3531,395.3531,395.3531,395.3531,395.3531,4.000000,4.000000,4.000000,4.000000,4.000000,96.000000,96.000000,96.000000,96.000000,96.000000,5.0,1976.7655,1824.8244,7907.0621,8059.0032,PENDING_AG03,FALSE,NOT_FOR_ENFORCEMENT,9488.4745,2189415.6736,9883.8276,9488.4745,395.3531,0.00395337,0.00379523,395.3531,9488.4745,0.00379523,395.3531,395.3531,395.3531,395.3531,395.3531,9488.4745,0.00379523,1976.7655,1824.8244,7907.0621,8059.0032,0.00316269,0.00322347,0.00015813,212.5216,219.9480,0.9532,119.0823,2.3972,30121.7335,124.9277,49.0469,238.9093,36.5364,75.9244,374.9013,749.8027,789.266,1183.8989,75.8035,-1.1839,10.395423,15.593133,2.799122,29,215,300,5,0.03207536,0.00395337,0.05088190,0E-8,0.000000,0.912219,0.000000,-0.04848366,2026-03-31,2026-08-01,83,4123,1621,124,0.669355,0.205295,0.230786,0.106918,,,,,,,,GLOBAL_BASELINE_NO_ENTITY_RANKING,,,NOT_APPLICABLE_GLOBAL_BASELINE,HF9g-P5,,,,X 全窗基线 · 不参与实体赏罚,15054946,1506,A168_HF9F_20260827_0900,2026-08-27 09:00:00
2026-04-20,92755421,2212,0,811.9189704868,-811.9189704868,-811.9189704868,0E-7,2,2,0.49324550000000000,0.493245500000,-1.3952362676504506,-1.3952362676504506,-1.3952362676504506,0E-17,ELIGIBLE,R03b_20260811_FULL_v1,L1_ELIGIBILITY,v2026-08-11,2026-03-21..2026-08-06,baccarat_bet02_101_all_pairs_incl_sentinel,round_win = game_pnl > 0 (decisive only),COMPATIBILITY_ONLY_NOT_PRODUCTION,2500103.8841,2280641.3266,9883.8276,11764,10369,-0.00395337,-0.05088190,-0.00239824,-0.00395337,-9883.8276,2500103.8841,OK,0.0000,395.3531,4.0000,96.0000,AG03-UNRESOLVED,ALL5_LEVELS_bet23_to_bet27,395.3531,395.3531,395.3531,395.3531,395.3531,4.000000,4.000000,4.000000,4.000000,4.000000,96.000000,96.000000,96.000000,96.000000,96.000000,5.0,1976.7655,1824.8244,7907.0621,8059.0032,PENDING_AG03,FALSE,NOT_FOR_ENFORCEMENT,9488.4745,2189415.6736,9883.8276,9488.4745,395.3531,0.00395337,0.00379523,395.3531,9488.4745,0.00379523,395.3531,395.3531,395.3531,395.3531,395.3531,9488.4745,0.00379523,1976.7655,1824.8244,7907.0621,8059.0032,0.00316269,0.00322347,0.00015813,212.5216,219.9480,0.9532,119.0823,2.3972,30121.7335,124.9277,49.0469,238.9093,36.5364,75.9244,374.9013,749.8027,789.266,1183.8989,75.8035,-1.1839,10.395423,15.593133,2.799122,29,215,300,5,0.03207536,0.00395337,0.05088190,0E-8,0.000000,0.912219,0.000000,-0.04848366,2026-03-31,2026-08-01,83,4123,1621,124,0.669355,0.205295,0.230786,0.106918,,,,,,,,GLOBAL_BASELINE_NO_ENTITY_RANKING,,,NOT_APPLICABLE_GLOBAL_BASELINE,HF9g-P5,,,,X 全窗基线 · 不参与实体赏罚,15054947,1506,A168_HF9F_20260827_0900,2026-08-27 09:00:00
2026-04-20,92755421,2218,0,3738.8868590917,854.5447164373,854.5447164373,0.6250000,11,10,0.49813786653465736,0.474887050000,0.7176455757413269,0.8502401816860125,0.7176455757413269,0.02325081653465736,ELIGIBLE,R03b_20260811_FULL_v1,L1_ELIGIBILITY,v2026-08-11,2026-03-21..2026-08-06,baccarat_bet02_101_all_pairs_incl_sentinel,round_win = game_pnl > 0 (decisive only),COMPATIBILITY_ONLY_NOT_PRODUCTION,2500103.8841,2280641.3266,9883.8276,11764,10369,-0.00395337,-0.05088190,-0.00239824,-0.00395337,-9883.8276,2500103.8841,OK,0.0000,395.3531,4.0000,96.0000,AG03-UNRESOLVED,ALL5_LEVELS_bet23_to_bet27,395.3531,395.3531,395.3531,395.3531,395.3531,4.000000,4.000000,4.000000,4.000000,4.000000,96.000000,96.000000,96.000000,96.000000,96.000000,5.0,1976.7655,1824.8244,7907.0621,8059.0032,PENDING_AG03,FALSE,NOT_FOR_ENFORCEMENT,9488.4745,2189415.6736,9883.8276,9488.4745,395.3531,0.00395337,0.00379523,395.3531,9488.4745,0.00379523,395.3531,395.3531,395.3531,395.3531,395.3531,9488.4745,0.00379523,1976.7655,1824.8244,7907.0621,8059.0032,0.00316269,0.00322347,0.00015813,212.5216,219.9480,0.9532,119.0823,2.3972,30121.7335,124.9277,49.0469,238.9093,36.5364,75.9244,374.9013,749.8027,789.266,1183.8989,75.8035,-1.1839,10.395423,15.593133,2.799122,29,215,300,5,0.03207536,0.00395337,0.05088190,0E-8,0.000000,0.912219,0.000000,-0.04848366,2026-03-31,2026-08-01,83,4123,1621,124,0.669355,0.205295,0.230786,0.106918,,,,,,,,GLOBAL_BASELINE_NO_ENTITY_RANKING,,,NOT_APPLICABLE_GLOBAL_BASELINE,HF9g-P5,,,,X 全窗基线 · 不参与实体赏罚,15054948,1506,A168_HF9F_20260827_0900,2026-08-27 09:00:00
2026-04-20,92755421,2222,0,811.9189704868,-811.9189704868,-811.9189704868,0E-7,2,2,0.50665070000000000,0.506650700000,-1.4331513700195317,-1.4331513700195317,-1.4331513700195317,0E-17,ELIGIBLE,R03b_20260811_FULL_v1,L1_ELIGIBILITY,v2026-08-11,2026-03-21..2026-08-06,baccarat_bet02_101_all_pairs_incl_sentinel,round_win = game_pnl > 0 (decisive only),COMPATIBILITY_ONLY_NOT_PRODUCTION,2500103.8841,2280641.3266,9883.8276,11764,10369,-0.00395337,-0.05088190,-0.00239824,-0.00395337,-9883.8276,2500103.8841,OK,0.0000,395.3531,4.0000,96.0000,AG03-UNRESOLVED,ALL5_LEVELS_bet23_to_bet27,395.3531,395.3531,395.3531,395.3531,395.3531,4.000000,4.000000,4.000000,4.000000,4.000000,96.000000,96.000000,96.000000,96.000000,96.000000,5.0,1976.7655,1824.8244,7907.0621,8059.0032,PENDING_AG03,FALSE,NOT_FOR_ENFORCEMENT,9488.4745,2189415.6736,9883.8276,9488.4745,395.3531,0.00395337,0.00379523,395.3531,9488.4745,0.00379523,395.3531,395.3531,395.3531,395.3531,395.3531,9488.4745,0.00379523,1976.7655,1824.8244,7907.0621,8059.0032,0.00316269,0.00322347,0.00015813,212.5216,219.9480,0.9532,119.0823,2.3972,30121.7335,124.9277,49.0469,238.9093,36.5364,75.9244,374.9013,749.8027,789.266,1183.8989,75.8035,-1.1839,10.395423,15.593133,2.799122,29,215,300,5,0.03207536,0.00395337,0.05088190,0E-8,0.000000,0.912219,0.000000,-0.04848366,2026-03-31,2026-08-01,83,4123,1621,124,0.669355,0.205295,0.230786,0.106918,,,,,,,,GLOBAL_BASELINE_NO_ENTITY_RANKING,,,NOT_APPLICABLE_GLOBAL_BASELINE,HF9g-P5,,,,X 全窗基线 · 不参与实体赏罚,15054949,1506,A168_HF9F_20260827_0900,2026-08-27 09:00:00
2026-04-20,92755421,2223,0,405.9594852434,-405.9594852434,-405.9594852434,0E-7,1,1,0.49324550000000000,0.493245500000,-0.9865810262130424,-0.9865810262130424,-0.9865810262130424,0E-17,ELIGIBLE,R03b_20260811_FULL_v1,L1_ELIGIBILITY,v2026-08-11,2026-03-21..2026-08-06,baccarat_bet02_101_all_pairs_incl_sentinel,round_win = game_pnl > 0 (decisive only),COMPATIBILITY_ONLY_NOT_PRODUCTION,2500103.8841,2280641.3266,9883.8276,11764,10369,-0.00395337,-0.05088190,-0.00239824,-0.00395337,-9883.8276,2500103.8841,OK,0.0000,395.3531,4.0000,96.0000,AG03-UNRESOLVED,ALL5_LEVELS_bet23_to_bet27,395.3531,395.3531,395.3531,395.3531,395.3531,4.000000,4.000000,4.000000,4.000000,4.000000,96.000000,96.000000,96.000000,96.000000,96.000000,5.0,1976.7655,1824.8244,7907.0621,8059.0032,PENDING_AG03,FALSE,NOT_FOR_ENFORCEMENT,9488.4745,2189415.6736,9883.8276,9488.4745,395.3531,0.00395337,0.00379523,395.3531,9488.4745,0.00379523,395.3531,395.3531,395.3531,395.3531,395.3531,9488.4745,0.00379523,1976.7655,1824.8244,7907.0621,8059.0032,0.00316269,0.00322347,0.00015813,212.5216,219.9480,0.9532,119.0823,2.3972,30121.7335,124.9277,49.0469,238.9093,36.5364,75.9244,374.9013,749.8027,789.266,1183.8989,75.8035,-1.1839,10.395423,15.593133,2.799122,29,215,300,5,0.03207536,0.00395337,0.05088190,0E-8,0.000000,0.912219,0.000000,-0.04848366,2026-03-31,2026-08-01,83,4123,1621,124,0.669355,0.205295,0.230786,0.106918,,,,,,,,GLOBAL_BASELINE_NO_ENTITY_RANKING,,,NOT_APPLICABLE_GLOBAL_BASELINE,HF9g-P5,,,,X 全窗基线 · 不参与实体赏罚,15054950,1506,A168_HF9F_20260827_0900,2026-08-27 09:00:00
2026-04-20,92755421,2224,0,1623.8379409736,-832.2169447490,-832.2169447490,0.2500000,4,4,0.49994810000000000,0.499948100000,-0.9997924053861017,-0.9997924053861017,-0.9997924053861017,0E-17,ELIGIBLE,R03b_20260811_FULL_v1,L1_ELIGIBILITY,v2026-08-11,2026-03-21..2026-08-06,baccarat_bet02_101_all_pairs_incl_sentinel,round_win = game_pnl > 0 (decisive only),COMPATIBILITY_ONLY_NOT_PRODUCTION,2500103.8841,2280641.3266,9883.8276,11764,10369,-0.00395337,-0.05088190,-0.00239824,-0.00395337,-9883.8276,2500103.8841,OK,0.0000,395.3531,4.0000,96.0000,AG03-UNRESOLVED,ALL5_LEVELS_bet23_to_bet27,395.3531,395.3531,395.3531,395.3531,395.3531,4.000000,4.000000,4.000000,4.000000,4.000000,96.000000,96.000000,96.000000,96.000000,96.000000,5.0,1976.7655,1824.8244,7907.0621,8059.0032,PENDING_AG03,FALSE,NOT_FOR_ENFORCEMENT,9488.4745,2189415.6736,9883.8276,9488.4745,395.3531,0.00395337,0.00379523,395.3531,9488.4745,0.00379523,395.3531,395.3531,395.3531,395.3531,395.3531,9488.4745,0.00379523,1976.7655,1824.8244,7907.0621,8059.0032,0.00316269,0.00322347,0.00015813,212.5216,219.9480,0.9532,119.0823,2.3972,30121.7335,124.9277,49.0469,238.9093,36.5364,75.9244,374.9013,749.8027,789.266,1183.8989,75.8035,-1.1839,10.395423,15.593133,2.799122,29,215,300,5,0.03207536,0.00395337,0.05088190,0E-8,0.000000,0.912219,0.000000,-0.04848366,2026-03-31,2026-08-01,83,4123,1621,124,0.669355,0.205295,0.230786,0.106918,,,,,,,,GLOBAL_BASELINE_NO_ENTITY_RANKING,,,NOT_APPLICABLE_GLOBAL_BASELINE,HF9g-P5,,,,X 全窗基线 · 不参与实体赏罚,15054951,1506,A168_HF9F_20260827_0900,2026-08-27 09:00:00
2026-04-20,92755421,2229,0,405.9594852434,-405.9594852434,-405.9594852434,0E-7,1,1,0.49324550000000000,0.493245500000,-0.9865810262130424,-0.9865810262130424,-0.9865810262130424,0E-17,ELIGIBLE,R03b_20260811_FULL_v1,L1_ELIGIBILITY,v2026-08-11,2026-03-21..2026-08-06,baccarat_bet02_101_all_pairs_incl_sentinel,round_win = game_pnl > 0 (decisive only),COMPATIBILITY_ONLY_NOT_PRODUCTION,2500103.8841,2280641.3266,9883.8276,11764,10369,-0.00395337,-0.05088190,-0.00239824,-0.00395337,-9883.8276,2500103.8841,OK,0.0000,395.3531,4.0000,96.0000,AG03-UNRESOLVED,ALL5_LEVELS_bet23_to_bet27,395.3531,395.3531,395.3531,395.3531,395.3531,4.000000,4.000000,4.000000,4.000000,4.000000,96.000000,96.000000,96.000000,96.000000,96.000000,5.0,1976.7655,1824.8244,7907.0621,8059.0032,PENDING_AG03,FALSE,NOT_FOR_ENFORCEMENT,9488.4745,2189415.6736,9883.8276,9488.4745,395.3531,0.00395337,0.00379523,395.3531,9488.4745,0.00379523,395.3531,395.3531,395.3531,395.3531,395.3531,9488.4745,0.00379523,1976.7655,1824.8244,7907.0621,8059.0032,0.00316269,0.00322347,0.00015813,212.5216,219.9480,0.9532,119.0823,2.3972,30121.7335,124.9277,49.0469,238.9093,36.5364,75.9244,374.9013,749.8027,789.266,1183.8989,75.8035,-1.1839,10.395423,15.593133,2.799122,29,215,300,5,0.03207536,0.00395337,0.05088190,0E-8,0.000000,0.912219,0.000000,-0.04848366,2026-03-31,2026-08-01,83,4123,1621,124,0.669355,0.205295,0.230786,0.106918,,,,,,,,GLOBAL_BASELINE_NO_ENTITY_RANKING,,,NOT_APPLICABLE_GLOBAL_BASELINE,HF9g-P5,,,,X 全窗基线 · 不参与实体赏罚,15054952,1506,A168_HF9F_20260827_0900,2026-08-27 09:00:00
2026-04-20,92755421,2234,0,2395.1609629360,730.7270734380,730.7270734380,0.6666667,6,6,0.49994810000000000,0.499948100000,0.8167508423630434,0.8167508423630434,0.8167508423630434,0E-17,ELIGIBLE,R03b_20260811_FULL_v1,L1_ELIGIBILITY,v2026-08-11,2026-03-21..2026-08-06,baccarat_bet02_101_all_pairs_incl_sentinel,round_win = game_pnl > 0 (decisive only),COMPATIBILITY_ONLY_NOT_PRODUCTION,2500103.8841,2280641.3266,9883.8276,11764,10369,-0.00395337,-0.05088190,-0.00239824,-0.00395337,-9883.8276,2500103.8841,OK,0.0000,395.3531,4.0000,96.0000,AG03-UNRESOLVED,ALL5_LEVELS_bet23_to_bet27,395.3531,395.3531,395.3531,395.3531,395.3531,4.000000,4.000000,4.000000,4.000000,4.000000,96.000000,96.000000,96.000000,96.000000,96.000000,5.0,1976.7655,1824.8244,7907.0621,8059.0032,PENDING_AG03,FALSE,NOT_FOR_ENFORCEMENT,9488.4745,2189415.6736,9883.8276,9488.4745,395.3531,0.00395337,0.00379523,395.3531,9488.4745,0.00379523,395.3531,395.3531,395.3531,395.3531,395.3531,9488.4745,0.00379523,1976.7655,1824.8244,7907.0621,8059.0032,0.00316269,0.00322347,0.00015813,212.5216,219.9480,0.9532,119.0823,2.3972,30121.7335,124.9277,49.0469,238.9093,36.5364,75.9244,374.9013,749.8027,789.266,1183.8989,75.8035,-1.1839,10.395423,15.593133,2.799122,29,215,300,5,0.03207536,0.00395337,0.05088190,0E-8,0.000000,0.912219,0.000000,-0.04848366,2026-03-31,2026-08-01,83,4123,1621,124,0.669355,0.205295,0.230786,0.106918,,,,,,,,GLOBAL_BASELINE_NO_ENTITY_RANKING,,,NOT_APPLICABLE_GLOBAL_BASELINE,HF9g-P5,,,,X 全窗基线 · 不参与实体赏罚,15054953,1506,A168_HF9F_20260827_0900,2026-08-27 09:00:00
2026-04-20,92755421,2241,0,1989.2014776926,1136.6865586814,1136.6865586814,0.8000000,5,5,0.50128862000000000,0.501288620000,1.335882339249048,1.335882339249048,1.335882339249048,0E-17,ELIGIBLE,R03b_20260811_FULL_v1,L1_ELIGIBILITY,v2026-08-11,2026-03-21..2026-08-06,baccarat_bet02_101_all_pairs_incl_sentinel,round_win = game_pnl > 0 (decisive only),COMPATIBILITY_ONLY_NOT_PRODUCTION,2500103.8841,2280641.3266,9883.8276,11764,10369,-0.00395337,-0.05088190,-0.00239824,-0.00395337,-9883.8276,2500103.8841,OK,0.0000,395.3531,4.0000,96.0000,AG03-UNRESOLVED,ALL5_LEVELS_bet23_to_bet27,395.3531,395.3531,395.3531,395.3531,395.3531,4.000000,4.000000,4.000000,4.000000,4.000000,96.000000,96.000000,96.000000,96.000000,96.000000,5.0,1976.7655,1824.8244,7907.0621,8059.0032,PENDING_AG03,FALSE,NOT_FOR_ENFORCEMENT,9488.4745,2189415.6736,9883.8276,9488.4745,395.3531,0.00395337,0.00379523,395.3531,9488.4745,0.00379523,395.3531,395.3531,395.3531,395.3531,395.3531,9488.4745,0.00379523,1976.7655,1824.8244,7907.0621,8059.0032,0.00316269,0.00322347,0.00015813,212.5216,219.9480,0.9532,119.0823,2.3972,30121.7335,124.9277,49.0469,238.9093,36.5364,75.9244,374.9013,749.8027,789.266,1183.8989,75.8035,-1.1839,10.395423,15.593133,2.799122,29,215,300,5,0.03207536,0.00395337,0.05088190,0E-8,0.000000,0.912219,0.000000,-0.04848366,2026-03-31,2026-08-01,83,4123,1621,124,0.669355,0.205295,0.230786,0.106918,,,,,,,,GLOBAL_BASELINE_NO_ENTITY_RANKING,,,NOT_APPLICABLE_GLOBAL_BASELINE,HF9g-P5,,,,X 全窗基线 · 不参与实体赏罚,15054954,1506,A168_HF9F_20260827_0900,2026-08-27 09:00:00
2026-04-20,92755421,2254,0,811.9189704868,-811.9189704868,-811.9189704868,0E-7,2,2,0.49324550000000000,0.493245500000,-1.3952362676504506,-1.3952362676504506,-1.3952362676504506,0E-17,ELIGIBLE,R03b_20260811_FULL_v1,L1_ELIGIBILITY,v2026-08-11,2026-03-21..2026-08-06,baccarat_bet02_101_all_pairs_incl_sentinel,round_win = game_pnl > 0 (decisive only),COMPATIBILITY_ONLY_NOT_PRODUCTION,2500103.8841,2280641.3266,9883.8276,11764,10369,-0.00395337,-0.05088190,-0.00239824,-0.00395337,-9883.8276,2500103.8841,OK,0.0000,395.3531,4.0000,96.0000,AG03-UNRESOLVED,ALL5_LEVELS_bet23_to_bet27,395.3531,395.3531,395.3531,395.3531,395.3531,4.000000,4.000000,4.000000,4.000000,4.000000,96.000000,96.000000,96.000000,96.000000,96.000000,5.0,1976.7655,1824.8244,7907.0621,8059.0032,PENDING_AG03,FALSE,NOT_FOR_ENFORCEMENT,9488.4745,2189415.6736,9883.8276,9488.4745,395.3531,0.00395337,0.00379523,395.3531,9488.4745,0.00379523,395.3531,395.3531,395.3531,395.3531,395.3531,9488.4745,0.00379523,1976.7655,1824.8244,7907.0621,8059.0032,0.00316269,0.00322347,0.00015813,212.5216,219.9480,0.9532,119.0823,2.3972,30121.7335,124.9277,49.0469,238.9093,36.5364,75.9244,374.9013,749.8027,789.266,1183.8989,75.8035,-1.1839,10.395423,15.593133,2.799122,29,215,300,5,0.03207536,0.00395337,0.05088190,0E-8,0.000000,0.912219,0.000000,-0.04848366,2026-03-31,2026-08-01,83,4123,1621,124,0.669355,0.205295,0.230786,0.106918,,,,,,,,GLOBAL_BASELINE_NO_ENTITY_RANKING,,,NOT_APPLICABLE_GLOBAL_BASELINE,HF9g-P5,,,,X 全窗基线 · 不参与实体赏罚,15054955,1506,A168_HF9F_20260827_0900,2026-08-27 09:00:00
2026-04-20,92755421,2258,0,365.3635367190,-365.3635367190,-365.3635367190,0E-7,1,1,0.49324550000000000,0.493245500000,-0.9865810262130424,-0.9865810262130424,-0.9865810262130424,0E-17,ELIGIBLE,R03b_20260811_FULL_v1,L1_ELIGIBILITY,v2026-08-11,2026-03-21..2026-08-06,baccarat_bet02_101_all_pairs_incl_sentinel,round_win = game_pnl > 0 (decisive only),COMPATIBILITY_ONLY_NOT_PRODUCTION,2500103.8841,2280641.3266,9883.8276,11764,10369,-0.00395337,-0.05088190,-0.00239824,-0.00395337,-9883.8276,2500103.8841,OK,0.0000,395.3531,4.0000,96.0000,AG03-UNRESOLVED,ALL5_LEVELS_bet23_to_bet27,395.3531,395.3531,395.3531,395.3531,395.3531,4.000000,4.000000,4.000000,4.000000,4.000000,96.000000,96.000000,96.000000,96.000000,96.000000,5.0,1976.7655,1824.8244,7907.0621,8059.0032,PENDING_AG03,FALSE,NOT_FOR_ENFORCEMENT,9488.4745,2189415.6736,9883.8276,9488.4745,395.3531,0.00395337,0.00379523,395.3531,9488.4745,0.00379523,395.3531,395.3531,395.3531,395.3531,395.3531,9488.4745,0.00379523,1976.7655,1824.8244,7907.0621,8059.0032,0.00316269,0.00322347,0.00015813,212.5216,219.9480,0.9532,119.0823,2.3972,30121.7335,124.9277,49.0469,238.9093,36.5364,75.9244,374.9013,749.8027,789.266,1183.8989,75.8035,-1.1839,10.395423,15.593133,2.799122,29,215,300,5,0.03207536,0.00395337,0.05088190,0E-8,0.000000,0.912219,0.000000,-0.04848366,2026-03-31,2026-08-01,83,4123,1621,124,0.669355,0.205295,0.230786,0.106918,,,,,,,,GLOBAL_BASELINE_NO_ENTITY_RANKING,,,NOT_APPLICABLE_GLOBAL_BASELINE,HF9g-P5,,,,X 全窗基线 · 不参与实体赏罚,15054956,1506,A168_HF9F_20260827_0900,2026-08-27 09:00:00
2026-04-20,92755421,2266,0,2029.7974262170,1177.2825072058,1177.2825072058,0.8000000,5,5,0.50128862000000000,0.501288620000,1.335882339249048,1.335882339249048,1.335882339249048,0E-17,ELIGIBLE,R03b_20260811_FULL_v1,L1_ELIGIBILITY,v2026-08-11,2026-03-21..2026-08-06,baccarat_bet02_101_all_pairs_incl_sentinel,round_win = game_pnl > 0 (decisive only),COMPATIBILITY_ONLY_NOT_PRODUCTION,2500103.8841,2280641.3266,9883.8276,11764,10369,-0.00395337,-0.05088190,-0.00239824,-0.00395337,-9883.8276,2500103.8841,OK,0.0000,395.3531,4.0000,96.0000,AG03-UNRESOLVED,ALL5_LEVELS_bet23_to_bet27,395.3531,395.3531,395.3531,395.3531,395.3531,4.000000,4.000000,4.000000,4.000000,4.000000,96.000000,96.000000,96.000000,96.000000,96.000000,5.0,1976.7655,1824.8244,7907.0621,8059.0032,PENDING_AG03,FALSE,NOT_FOR_ENFORCEMENT,9488.4745,2189415.6736,9883.8276,9488.4745,395.3531,0.00395337,0.00379523,395.3531,9488.4745,0.00379523,395.3531,395.3531,395.3531,395.3531,395.3531,9488.4745,0.00379523,1976.7655,1824.8244,7907.0621,8059.0032,0.00316269,0.00322347,0.00015813,212.5216,219.9480,0.9532,119.0823,2.3972,30121.7335,124.9277,49.0469,238.9093,36.5364,75.9244,374.9013,749.8027,789.266,1183.8989,75.8035,-1.1839,10.395423,15.593133,2.799122,29,215,300,5,0.03207536,0.00395337,0.05088190,0E-8,0.000000,0.912219,0.000000,-0.04848366,2026-03-31,2026-08-01,83,4123,1621,124,0.669355,0.205295,0.230786,0.106918,,,,,,,,GLOBAL_BASELINE_NO_ENTITY_RANKING,,,NOT_APPLICABLE_GLOBAL_BASELINE,HF9g-P5,,,,X 全窗基线 · 不参与实体赏罚,15054957,1506,A168_HF9F_20260827_0900,2026-08-27 09:00:00
2026-04-20,92755421,462,0,405.9594852434,-405.9594852434,-405.9594852434,0E-7,1,1,0.49324550000000000,0.493245500000,-0.9865810262130424,-0.9865810262130424,-0.9865810262130424,0E-17,ELIGIBLE,R03b_20260811_FULL_v1,L1_ELIGIBILITY,v2026-08-11,2026-03-21..2026-08-06,baccarat_bet02_101_all_pairs_incl_sentinel,round_win = game_pnl > 0 (decisive only),COMPATIBILITY_ONLY_NOT_PRODUCTION,2500103.8841,2280641.3266,9883.8276,11764,10369,-0.00395337,-0.05088190,-0.00239824,-0.00395337,-9883.8276,2500103.8841,OK,0.0000,395.3531,4.0000,96.0000,AG03-UNRESOLVED,ALL5_LEVELS_bet23_to_bet27,395.3531,395.3531,395.3531,395.3531,395.3531,4.000000,4.000000,4.000000,4.000000,4.000000,96.000000,96.000000,96.000000,96.000000,96.000000,5.0,1976.7655,1824.8244,7907.0621,8059.0032,PENDING_AG03,FALSE,NOT_FOR_ENFORCEMENT,9488.4745,2189415.6736,9883.8276,9488.4745,395.3531,0.00395337,0.00379523,395.3531,9488.4745,0.00379523,395.3531,395.3531,395.3531,395.3531,395.3531,9488.4745,0.00379523,1976.7655,1824.8244,7907.0621,8059.0032,0.00316269,0.00322347,0.00015813,212.5216,219.9480,0.9532,119.0823,2.3972,30121.7335,124.9277,49.0469,238.9093,36.5364,75.9244,374.9013,749.8027,789.266,1183.8989,75.8035,-1.1839,10.395423,15.593133,2.799122,29,215,300,5,0.03207536,0.00395337,0.05088190,0E-8,0.000000,0.912219,0.000000,-0.04848366,2026-03-31,2026-08-01,83,4123,1621,124,0.669355,0.205295,0.230786,0.106918,,,,,,,,GLOBAL_BASELINE_NO_ENTITY_RANKING,,,NOT_APPLICABLE_GLOBAL_BASELINE,HF9g-P5,,,,X 全窗基线 · 不参与实体赏罚,15054958,1506,A168_HF9F_20260827_0900,2026-08-27 09:00:00
2026-04-20,92755421,526,0,974.3027645841,550.0751025048,550.0751025048,0.6666667,3,3,0.50218230000000000,0.502182300000,0.5697959874915163,0.5697959874915164,0.5697959874915163,0E-17,ELIGIBLE,R03b_20260811_FULL_v1,L1_ELIGIBILITY,v2026-08-11,2026-03-21..2026-08-06,baccarat_bet02_101_all_pairs_incl_sentinel,round_win = game_pnl > 0 (decisive only),COMPATIBILITY_ONLY_NOT_PRODUCTION,2500103.8841,2280641.3266,9883.8276,11764,10369,-0.00395337,-0.05088190,-0.00239824,-0.00395337,-9883.8276,2500103.8841,OK,0.0000,395.3531,4.0000,96.0000,AG03-UNRESOLVED,ALL5_LEVELS_bet23_to_bet27,395.3531,395.3531,395.3531,395.3531,395.3531,4.000000,4.000000,4.000000,4.000000,4.000000,96.000000,96.000000,96.000000,96.000000,96.000000,5.0,1976.7655,1824.8244,7907.0621,8059.0032,PENDING_AG03,FALSE,NOT_FOR_ENFORCEMENT,9488.4745,2189415.6736,9883.8276,9488.4745,395.3531,0.00395337,0.00379523,395.3531,9488.4745,0.00379523,395.3531,395.3531,395.3531,395.3531,395.3531,9488.4745,0.00379523,1976.7655,1824.8244,7907.0621,8059.0032,0.00316269,0.00322347,0.00015813,212.5216,219.9480,0.9532,119.0823,2.3972,30121.7335,124.9277,49.0469,238.9093,36.5364,75.9244,374.9013,749.8027,789.266,1183.8989,75.8035,-1.1839,10.395423,15.593133,2.799122,29,215,300,5,0.03207536,0.00395337,0.05088190,0E-8,0.000000,0.912219,0.000000,-0.04848366,2026-03-31,2026-08-01,83,4123,1621,124,0.669355,0.205295,0.230786,0.106918,,,,,,,,GLOBAL_BASELINE_NO_ENTITY_RANKING,,,NOT_APPLICABLE_GLOBAL_BASELINE,HF9g-P5,,,,X 全窗基线 · 不参与实体赏罚,15054959,1506,A168_HF9F_20260827_0900,2026-08-27 09:00:00
2026-04-20,92755421,583,0,405.9594852434,-405.9594852434,-405.9594852434,0E-7,1,1,0.50665070000000000,0.506650700000,-1.013391052207602,-1.013391052207602,-1.013391052207602,0E-17,ELIGIBLE,R03b_20260811_FULL_v1,L1_ELIGIBILITY,v2026-08-11,2026-03-21..2026-08-06,baccarat_bet02_101_all_pairs_incl_sentinel,round_win = game_pnl > 0 (decisive only),COMPATIBILITY_ONLY_NOT_PRODUCTION,2500103.8841,2280641.3266,9883.8276,11764,10369,-0.00395337,-0.05088190,-0.00239824,-0.00395337,-9883.8276,2500103.8841,OK,0.0000,395.3531,4.0000,96.0000,AG03-UNRESOLVED,ALL5_LEVELS_bet23_to_bet27,395.3531,395.3531,395.3531,395.3531,395.3531,4.000000,4.000000,4.000000,4.000000,4.000000,96.000000,96.000000,96.000000,96.000000,96.000000,5.0,1976.7655,1824.8244,7907.0621,8059.0032,PENDING_AG03,FALSE,NOT_FOR_ENFORCEMENT,9488.4745,2189415.6736,9883.8276,9488.4745,395.3531,0.00395337,0.00379523,395.3531,9488.4745,0.00379523,395.3531,395.3531,395.3531,395.3531,395.3531,9488.4745,0.00379523,1976.7655,1824.8244,7907.0621,8059.0032,0.00316269,0.00322347,0.00015813,212.5216,219.9480,0.9532,119.0823,2.3972,30121.7335,124.9277,49.0469,238.9093,36.5364,75.9244,374.9013,749.8027,789.266,1183.8989,75.8035,-1.1839,10.395423,15.593133,2.799122,29,215,300,5,0.03207536,0.00395337,0.05088190,0E-8,0.000000,0.912219,0.000000,-0.04848366,2026-03-31,2026-08-01,83,4123,1621,124,0.669355,0.205295,0.230786,0.106918,,,,,,,,GLOBAL_BASELINE_NO_ENTITY_RANKING,,,NOT_APPLICABLE_GLOBAL_BASELINE,HF9g-P5,,,,X 全窗基线 · 不参与实体赏罚,15054960,1506,A168_HF9F_20260827_0900,2026-08-27 09:00:00
2026-04-20,92755421,948,0,2435.7569114604,-20.2979742622,-20.2979742622,0.5000000,6,5,0.50329940000000000,0.502629140000,-0.01319788734859681,-0.010516705391872879,-0.01319788734859681,0.00067026000000000,ELIGIBLE,R03b_20260811_FULL_v1,L1_ELIGIBILITY,v2026-08-11,2026-03-21..2026-08-06,baccarat_bet02_101_all_pairs_incl_sentinel,round_win = game_pnl > 0 (decisive only),COMPATIBILITY_ONLY_NOT_PRODUCTION,2500103.8841,2280641.3266,9883.8276,11764,10369,-0.00395337,-0.05088190,-0.00239824,-0.00395337,-9883.8276,2500103.8841,OK,0.0000,395.3531,4.0000,96.0000,AG03-UNRESOLVED,ALL5_LEVELS_bet23_to_bet27,395.3531,395.3531,395.3531,395.3531,395.3531,4.000000,4.000000,4.000000,4.000000,4.000000,96.000000,96.000000,96.000000,96.000000,96.000000,5.0,1976.7655,1824.8244,7907.0621,8059.0032,PENDING_AG03,FALSE,NOT_FOR_ENFORCEMENT,9488.4745,2189415.6736,9883.8276,9488.4745,395.3531,0.00395337,0.00379523,395.3531,9488.4745,0.00379523,395.3531,395.3531,395.3531,395.3531,395.3531,9488.4745,0.00379523,1976.7655,1824.8244,7907.0621,8059.0032,0.00316269,0.00322347,0.00015813,212.5216,219.9480,0.9532,119.0823,2.3972,30121.7335,124.9277,49.0469,238.9093,36.5364,75.9244,374.9013,749.8027,789.266,1183.8989,75.8035,-1.1839,10.395423,15.593133,2.799122,29,215,300,5,0.03207536,0.00395337,0.05088190,0E-8,0.000000,0.912219,0.000000,-0.04848366,2026-03-31,2026-08-01,83,4123,1621,124,0.669355,0.205295,0.230786,0.106918,,,,,,,,GLOBAL_BASELINE_NO_ENTITY_RANKING,,,NOT_APPLICABLE_GLOBAL_BASELINE,HF9g-P5,,,,X 全窗基线 · 不参与实体赏罚,15054961,1506,A168_HF9F_20260827_0900,2026-08-27 09:00:00
2026-04-20,92755421,970,0,3637.3969877808,-470.9130028824,-470.9130028824,0.4444444,10,9,0.50017092948295262,0.474336688889,-0.3343589297689045,-0.17959018084647263,-0.3343589297689045,0.02583424059395262,ELIGIBLE,R03b_20260811_FULL_v1,L1_ELIGIBILITY,v2026-08-11,2026-03-21..2026-08-06,baccarat_bet02_101_all_pairs_incl_sentinel,round_win = game_pnl > 0 (decisive only),COMPATIBILITY_ONLY_NOT_PRODUCTION,2500103.8841,2280641.3266,9883.8276,11764,10369,-0.00395337,-0.05088190,-0.00239824,-0.00395337,-9883.8276,2500103.8841,OK,0.0000,395.3531,4.0000,96.0000,AG03-UNRESOLVED,ALL5_LEVELS_bet23_to_bet27,395.3531,395.3531,395.3531,395.3531,395.3531,4.000000,4.000000,4.000000,4.000000,4.000000,96.000000,96.000000,96.000000,96.000000,96.000000,5.0,1976.7655,1824.8244,7907.0621,8059.0032,PENDING_AG03,FALSE,NOT_FOR_ENFORCEMENT,9488.4745,2189415.6736,9883.8276,9488.4745,395.3531,0.00395337,0.00379523,395.3531,9488.4745,0.00379523,395.3531,395.3531,395.3531,395.3531,395.3531,9488.4745,0.00379523,1976.7655,1824.8244,7907.0621,8059.0032,0.00316269,0.00322347,0.00015813,212.5216,219.9480,0.9532,119.0823,2.3972,30121.7335,124.9277,49.0469,238.9093,36.5364,75.9244,374.9013,749.8027,789.266,1183.8989,75.8035,-1.1839,10.395423,15.593133,2.799122,29,215,300,5,0.03207536,0.00395337,0.05088190,0E-8,0.000000,0.912219,0.000000,-0.04848366,2026-03-31,2026-08-01,83,4123,1621,124,0.669355,0.205295,0.230786,0.106918,,,,,,,,GLOBAL_BASELINE_NO_ENTITY_RANKING,,,NOT_APPLICABLE_GLOBAL_BASELINE,HF9g-P5,,,,X 全窗基线 · 不参与实体赏罚,15054962,1506,A168_HF9F_20260827_0900,2026-08-27 09:00:00
2026-04-20,92755421,986,0,3573.6613485975,689.9281451710,689.9281451710,0.6250000,10,9,0.50052689748164102,0.474336688889,0.7041265898891824,0.8534052478693273,0.7041265898891824,0.02619020859264102,ELIGIBLE,R03b_20260811_FULL_v1,L1_ELIGIBILITY,v2026-08-11,2026-03-21..2026-08-06,baccarat_bet02_101_all_pairs_incl_sentinel,round_win = game_pnl > 0 (decisive only),COMPATIBILITY_ONLY_NOT_PRODUCTION,2500103.8841,2280641.3266,9883.8276,11764,10369,-0.00395337,-0.05088190,-0.00239824,-0.00395337,-9883.8276,2500103.8841,OK,0.0000,395.3531,4.0000,96.0000,AG03-UNRESOLVED,ALL5_LEVELS_bet23_to_bet27,395.3531,395.3531,395.3531,395.3531,395.3531,4.000000,4.000000,4.000000,4.000000,4.000000,96.000000,96.000000,96.000000,96.000000,96.000000,5.0,1976.7655,1824.8244,7907.0621,8059.0032,PENDING_AG03,FALSE,NOT_FOR_ENFORCEMENT,9488.4745,2189415.6736,9883.8276,9488.4745,395.3531,0.00395337,0.00379523,395.3531,9488.4745,0.00379523,395.3531,395.3531,395.3531,395.3531,395.3531,9488.4745,0.00379523,1976.7655,1824.8244,7907.0621,8059.0032,0.00316269,0.00322347,0.00015813,212.5216,219.9480,0.9532,119.0823,2.3972,30121.7335,124.9277,49.0469,238.9093,36.5364,75.9244,374.9013,749.8027,789.266,1183.8989,75.8035,-1.1839,10.395423,15.593133,2.799122,29,215,300,5,0.03207536,0.00395337,0.05088190,0E-8,0.000000,0.912219,0.000000,-0.04848366,2026-03-31,2026-08-01,83,4123,1621,124,0.669355,0.205295,0.230786,0.106918,,,,,,,,GLOBAL_BASELINE_NO_ENTITY_RANKING,,,NOT_APPLICABLE_GLOBAL_BASELINE,HF9g-P5,,,,X 全窗基线 · 不参与实体赏罚,15054963,1506,A168_HF9F_20260827_0900,2026-08-27 09:00:00
2026-04-20,92755421,993,0,811.9189704868,-405.9594852434,-405.9594852434,0E-7,2,2,0.50665070000000000,0.506650700000,-1.013391052207602,-1.013391052207602,-1.013391052207602,0E-17,ELIGIBLE,R03b_20260811_FULL_v1,L1_ELIGIBILITY,v2026-08-11,2026-03-21..2026-08-06,baccarat_bet02_101_all_pairs_incl_sentinel,round_win = game_pnl > 0 (decisive only),COMPATIBILITY_ONLY_NOT_PRODUCTION,2500103.8841,2280641.3266,9883.8276,11764,10369,-0.00395337,-0.05088190,-0.00239824,-0.00395337,-9883.8276,2500103.8841,OK,0.0000,395.3531,4.0000,96.0000,AG03-UNRESOLVED,ALL5_LEVELS_bet23_to_bet27,395.3531,395.3531,395.3531,395.3531,395.3531,4.000000,4.000000,4.000000,4.000000,4.000000,96.000000,96.000000,96.000000,96.000000,96.000000,5.0,1976.7655,1824.8244,7907.0621,8059.0032,PENDING_AG03,FALSE,NOT_FOR_ENFORCEMENT,9488.4745,2189415.6736,9883.8276,9488.4745,395.3531,0.00395337,0.00379523,395.3531,9488.4745,0.00379523,395.3531,395.3531,395.3531,395.3531,395.3531,9488.4745,0.00379523,1976.7655,1824.8244,7907.0621,8059.0032,0.00316269,0.00322347,0.00015813,212.5216,219.9480,0.9532,119.0823,2.3972,30121.7335,124.9277,49.0469,238.9093,36.5364,75.9244,374.9013,749.8027,789.266,1183.8989,75.8035,-1.1839,10.395423,15.593133,2.799122,29,215,300,5,0.03207536,0.00395337,0.05088190,0E-8,0.000000,0.912219,0.000000,-0.04848366,2026-03-31,2026-08-01,83,4123,1621,124,0.669355,0.205295,0.230786,0.106918,,,,,,,,GLOBAL_BASELINE_NO_ENTITY_RANKING,,,NOT_APPLICABLE_GLOBAL_BASELINE,HF9g-P5,,,,X 全窗基线 · 不参与实体赏罚,15054964,1506,A168_HF9F_20260827_0900,2026-08-27 09:00:00
2026-04-21,92755421,-1,1,41150.8951406649,-3084.6831486217,-3084.6831486217,0.4750000,101,90,0.49892528215528750,0.471254234444,-0.4279894469132377,0.06711730370713126,-0.4279894469132377,0.02767104771128750,SENTINEL_DEALER,R03b_20260811_FULL_v1,L1_ELIGIBILITY,v2026-08-11,2026-03-21..2026-08-06,baccarat_bet02_101_all_pairs_incl_sentinel,round_win = game_pnl > 0 (decisive only),COMPATIBILITY_ONLY_NOT_PRODUCTION,2500103.8841,2280641.3266,9883.8276,11764,10369,-0.00395337,-0.05088190,-0.00239824,-0.00395337,-9883.8276,2500103.8841,OK,0.0000,395.3531,4.0000,96.0000,AG03-UNRESOLVED,ALL5_LEVELS_bet23_to_bet27,395.3531,395.3531,395.3531,395.3531,395.3531,4.000000,4.000000,4.000000,4.000000,4.000000,96.000000,96.000000,96.000000,96.000000,96.000000,5.0,1976.7655,1824.8244,7907.0621,8059.0032,PENDING_AG03,FALSE,NOT_FOR_ENFORCEMENT,9488.4745,2189415.6736,9883.8276,9488.4745,395.3531,0.00395337,0.00379523,395.3531,9488.4745,0.00379523,395.3531,395.3531,395.3531,395.3531,395.3531,9488.4745,0.00379523,1976.7655,1824.8244,7907.0621,8059.0032,0.00316269,0.00322347,0.00015813,212.5216,219.9480,0.9532,119.0823,2.3972,30121.7335,124.9277,49.0469,238.9093,36.5364,75.9244,374.9013,749.8027,789.266,1183.8989,75.8035,-1.1839,10.395423,15.593133,2.799122,29,215,300,5,0.03207536,0.00395337,0.05088190,0E-8,0.000000,0.912219,0.000000,-0.04848366,2026-03-31,2026-08-01,83,4123,1621,124,0.669355,0.205295,0.230786,0.106918,,,,,,,,GLOBAL_BASELINE_NO_ENTITY_RANKING,,,NOT_APPLICABLE_GLOBAL_BASELINE,HF9g-P5,,,,X 全窗基线 · 不参与实体赏罚,15054965,1506,A168_HF9F_20260827_0900,2026-08-27 09:00:00
2026-04-21,92755421,1017,0,1918.9704867455,1106.4425770308,1106.4425770308,0.8000000,6,5,0.49838485201877574,0.451166520000,1.348870985485287,1.5675248427467032,1.348870985485287,0.04721833201877574,ELIGIBLE,R03b_20260811_FULL_v1,L1_ELIGIBILITY,v2026-08-11,2026-03-21..2026-08-06,baccarat_bet02_101_all_pairs_incl_sentinel,round_win = game_pnl > 0 (decisive only),COMPATIBILITY_ONLY_NOT_PRODUCTION,2500103.8841,2280641.3266,9883.8276,11764,10369,-0.00395337,-0.05088190,-0.00239824,-0.00395337,-9883.8276,2500103.8841,OK,0.0000,395.3531,4.0000,96.0000,AG03-UNRESOLVED,ALL5_LEVELS_bet23_to_bet27,395.3531,395.3531,395.3531,395.3531,395.3531,4.000000,4.000000,4.000000,4.000000,4.000000,96.000000,96.000000,96.000000,96.000000,96.000000,5.0,1976.7655,1824.8244,7907.0621,8059.0032,PENDING_AG03,FALSE,NOT_FOR_ENFORCEMENT,9488.4745,2189415.6736,9883.8276,9488.4745,395.3531,0.00395337,0.00379523,395.3531,9488.4745,0.00379523,395.3531,395.3531,395.3531,395.3531,395.3531,9488.4745,0.00379523,1976.7655,1824.8244,7907.0621,8059.0032,0.00316269,0.00322347,0.00015813,212.5216,219.9480,0.9532,119.0823,2.3972,30121.7335,124.9277,49.0469,238.9093,36.5364,75.9244,374.9013,749.8027,789.266,1183.8989,75.8035,-1.1839,10.395423,15.593133,2.799122,29,215,300,5,0.03207536,0.00395337,0.05088190,0E-8,0.000000,0.912219,0.000000,-0.04848366,2026-03-31,2026-08-01,83,4123,1621,124,0.669355,0.205295,0.230786,0.106918,,,,,,,,GLOBAL_BASELINE_NO_ENTITY_RANKING,,,NOT_APPLICABLE_GLOBAL_BASELINE,HF9g-P5,,,,X 全窗基线 · 不参与实体赏罚,15054966,1506,A168_HF9F_20260827_0900,2026-08-27 09:00:00
2026-04-21,92755421,1078,0,2205.5778833273,169.2851053465,169.2851053465,0.6250000,9,8,0.49945289060543507,0.470297437500,0.7102021244579991,0.8766781000908477,0.7102021244579991,0.02915545310543507,ELIGIBLE,R03b_20260811_FULL_v1,L1_ELIGIBILITY,v2026-08-11,2026-03-21..2026-08-06,baccarat_bet02_101_all_pairs_incl_sentinel,round_win = game_pnl > 0 (decisive only),COMPATIBILITY_ONLY_NOT_PRODUCTION,2500103.8841,2280641.3266,9883.8276,11764,10369,-0.00395337,-0.05088190,-0.00239824,-0.00395337,-9883.8276,2500103.8841,OK,0.0000,395.3531,4.0000,96.0000,AG03-UNRESOLVED,ALL5_LEVELS_bet23_to_bet27,395.3531,395.3531,395.3531,395.3531,395.3531,4.000000,4.000000,4.000000,4.000000,4.000000,96.000000,96.000000,96.000000,96.000000,96.000000,5.0,1976.7655,1824.8244,7907.0621,8059.0032,PENDING_AG03,FALSE,NOT_FOR_ENFORCEMENT,9488.4745,2189415.6736,9883.8276,9488.4745,395.3531,0.00395337,0.00379523,395.3531,9488.4745,0.00379523,395.3531,395.3531,395.3531,395.3531,395.3531,9488.4745,0.00379523,1976.7655,1824.8244,7907.0621,8059.0032,0.00316269,0.00322347,0.00015813,212.5216,219.9480,0.9532,119.0823,2.3972,30121.7335,124.9277,49.0469,238.9093,36.5364,75.9244,374.9013,749.8027,789.266,1183.8989,75.8035,-1.1839,10.395423,15.593133,2.799122,29,215,300,5,0.03207536,0.00395337,0.05088190,0E-8,0.000000,0.912219,0.000000,-0.04848366,2026-03-31,2026-08-01,83,4123,1621,124,0.669355,0.205295,0.230786,0.106918,,,,,,,,GLOBAL_BASELINE_NO_ENTITY_RANKING,,,NOT_APPLICABLE_GLOBAL_BASELINE,HF9g-P5,,,,X 全窗基线 · 不参与实体赏罚,15054967,1506,A168_HF9F_20260827_0900,2026-08-27 09:00:00
2026-04-21,92755421,1151,0,401.8998903909,-6.0893922786,-6.0893922786,0.5000000,3,2,0.50186819215690202,0.384696750000,-0.005284082255342632,0.3351603871392501,-0.005284082255342632,0.11717144215690202,ELIGIBLE,R03b_20260811_FULL_v1,L1_ELIGIBILITY,v2026-08-11,2026-03-21..2026-08-06,baccarat_bet02_101_all_pairs_incl_sentinel,round_win = game_pnl > 0 (decisive only),COMPATIBILITY_ONLY_NOT_PRODUCTION,2500103.8841,2280641.3266,9883.8276,11764,10369,-0.00395337,-0.05088190,-0.00239824,-0.00395337,-9883.8276,2500103.8841,OK,0.0000,395.3531,4.0000,96.0000,AG03-UNRESOLVED,ALL5_LEVELS_bet23_to_bet27,395.3531,395.3531,395.3531,395.3531,395.3531,4.000000,4.000000,4.000000,4.000000,4.000000,96.000000,96.000000,96.000000,96.000000,96.000000,5.0,1976.7655,1824.8244,7907.0621,8059.0032,PENDING_AG03,FALSE,NOT_FOR_ENFORCEMENT,9488.4745,2189415.6736,9883.8276,9488.4745,395.3531,0.00395337,0.00379523,395.3531,9488.4745,0.00379523,395.3531,395.3531,395.3531,395.3531,395.3531,9488.4745,0.00379523,1976.7655,1824.8244,7907.0621,8059.0032,0.00316269,0.00322347,0.00015813,212.5216,219.9480,0.9532,119.0823,2.3972,30121.7335,124.9277,49.0469,238.9093,36.5364,75.9244,374.9013,749.8027,789.266,1183.8989,75.8035,-1.1839,10.395423,15.593133,2.799122,29,215,300,5,0.03207536,0.00395337,0.05088190,0E-8,0.000000,0.912219,0.000000,-0.04848366,2026-03-31,2026-08-01,83,4123,1621,124,0.669355,0.205295,0.230786,0.106918,,,,,,,,GLOBAL_BASELINE_NO_ENTITY_RANKING,,,NOT_APPLICABLE_GLOBAL_BASELINE,HF9g-P5,,,,X 全窗基线 · 不参与实体赏罚,15054968,1506,A168_HF9F_20260827_0900,2026-08-27 09:00:00
2026-04-21,92755421,1205,0,202.9797426217,37.5512523850,37.5512523850,0.6000000,6,5,0.50195888000000083,0.502629140000,0.43845658273405347,0.43546174416845557,0.43845658273405347,-0.00067025999999917,ELIGIBLE,R03b_20260811_FULL_v1,L1_ELIGIBILITY,v2026-08-11,2026-03-21..2026-08-06,baccarat_bet02_101_all_pairs_incl_sentinel,round_win = game_pnl > 0 (decisive only),COMPATIBILITY_ONLY_NOT_PRODUCTION,2500103.8841,2280641.3266,9883.8276,11764,10369,-0.00395337,-0.05088190,-0.00239824,-0.00395337,-9883.8276,2500103.8841,OK,0.0000,395.3531,4.0000,96.0000,AG03-UNRESOLVED,ALL5_LEVELS_bet23_to_bet27,395.3531,395.3531,395.3531,395.3531,395.3531,4.000000,4.000000,4.000000,4.000000,4.000000,96.000000,96.000000,96.000000,96.000000,96.000000,5.0,1976.7655,1824.8244,7907.0621,8059.0032,PENDING_AG03,FALSE,NOT_FOR_ENFORCEMENT,9488.4745,2189415.6736,9883.8276,9488.4745,395.3531,0.00395337,0.00379523,395.3531,9488.4745,0.00379523,395.3531,395.3531,395.3531,395.3531,395.3531,9488.4745,0.00379523,1976.7655,1824.8244,7907.0621,8059.0032,0.00316269,0.00322347,0.00015813,212.5216,219.9480,0.9532,119.0823,2.3972,30121.7335,124.9277,49.0469,238.9093,36.5364,75.9244,374.9013,749.8027,789.266,1183.8989,75.8035,-1.1839,10.395423,15.593133,2.799122,29,215,300,5,0.03207536,0.00395337,0.05088190,0E-8,0.000000,0.912219,0.000000,-0.04848366,2026-03-31,2026-08-01,83,4123,1621,124,0.669355,0.205295,0.230786,0.106918,,,,,,,,GLOBAL_BASELINE_NO_ENTITY_RANKING,,,NOT_APPLICABLE_GLOBAL_BASELINE,HF9g-P5,,,,X 全窗基线 · 不参与实体赏罚,15054969,1506,A168_HF9F_20260827_0900,2026-08-27 09:00:00
2026-04-21,92755421,1210,0,2902.6103194901,730.7270734380,730.7270734380,0.6000000,6,6,0.49771390000000000,0.497713900000,0.4574421269484404,0.45744212694844033,0.4574421269484404,0E-17,ELIGIBLE,R03b_20260811_FULL_v1,L1_ELIGIBILITY,v2026-08-11,2026-03-21..2026-08-06,baccarat_bet02_101_all_pairs_incl_sentinel,round_win = game_pnl > 0 (decisive only),COMPATIBILITY_ONLY_NOT_PRODUCTION,2500103.8841,2280641.3266,9883.8276,11764,10369,-0.00395337,-0.05088190,-0.00239824,-0.00395337,-9883.8276,2500103.8841,OK,0.0000,395.3531,4.0000,96.0000,AG03-UNRESOLVED,ALL5_LEVELS_bet23_to_bet27,395.3531,395.3531,395.3531,395.3531,395.3531,4.000000,4.000000,4.000000,4.000000,4.000000,96.000000,96.000000,96.000000,96.000000,96.000000,5.0,1976.7655,1824.8244,7907.0621,8059.0032,PENDING_AG03,FALSE,NOT_FOR_ENFORCEMENT,9488.4745,2189415.6736,9883.8276,9488.4745,395.3531,0.00395337,0.00379523,395.3531,9488.4745,0.00379523,395.3531,395.3531,395.3531,395.3531,395.3531,9488.4745,0.00379523,1976.7655,1824.8244,7907.0621,8059.0032,0.00316269,0.00322347,0.00015813,212.5216,219.9480,0.9532,119.0823,2.3972,30121.7335,124.9277,49.0469,238.9093,36.5364,75.9244,374.9013,749.8027,789.266,1183.8989,75.8035,-1.1839,10.395423,15.593133,2.799122,29,215,300,5,0.03207536,0.00395337,0.05088190,0E-8,0.000000,0.912219,0.000000,-0.04848366,2026-03-31,2026-08-01,83,4123,1621,124,0.669355,0.205295,0.230786,0.106918,,,,,,,,GLOBAL_BASELINE_NO_ENTITY_RANKING,,,NOT_APPLICABLE_GLOBAL_BASELINE,HF9g-P5,,,,X 全窗基线 · 不参与实体赏罚,15054970,1506,A168_HF9F_20260827_0900,2026-08-27 09:00:00
2026-04-21,92755421,1221,0,405.9594852434,-405.9594852434,-405.9594852434,0E-7,1,1,0.50665070000000000,0.506650700000,-1.013391052207602,-1.013391052207602,-1.013391052207602,0E-17,ELIGIBLE,R03b_20260811_FULL_v1,L1_ELIGIBILITY,v2026-08-11,2026-03-21..2026-08-06,baccarat_bet02_101_all_pairs_incl_sentinel,round_win = game_pnl > 0 (decisive only),COMPATIBILITY_ONLY_NOT_PRODUCTION,2500103.8841,2280641.3266,9883.8276,11764,10369,-0.00395337,-0.05088190,-0.00239824,-0.00395337,-9883.8276,2500103.8841,OK,0.0000,395.3531,4.0000,96.0000,AG03-UNRESOLVED,ALL5_LEVELS_bet23_to_bet27,395.3531,395.3531,395.3531,395.3531,395.3531,4.000000,4.000000,4.000000,4.000000,4.000000,96.000000,96.000000,96.000000,96.000000,96.000000,5.0,1976.7655,1824.8244,7907.0621,8059.0032,PENDING_AG03,FALSE,NOT_FOR_ENFORCEMENT,9488.4745,2189415.6736,9883.8276,9488.4745,395.3531,0.00395337,0.00379523,395.3531,9488.4745,0.00379523,395.3531,395.3531,395.3531,395.3531,395.3531,9488.4745,0.00379523,1976.7655,1824.8244,7907.0621,8059.0032,0.00316269,0.00322347,0.00015813,212.5216,219.9480,0.9532,119.0823,2.3972,30121.7335,124.9277,49.0469,238.9093,36.5364,75.9244,374.9013,749.8027,789.266,1183.8989,75.8035,-1.1839,10.395423,15.593133,2.799122,29,215,300,5,0.03207536,0.00395337,0.05088190,0E-8,0.000000,0.912219,0.000000,-0.04848366,2026-03-31,2026-08-01,83,4123,1621,124,0.669355,0.205295,0.230786,0.106918,,,,,,,,GLOBAL_BASELINE_NO_ENTITY_RANKING,,,NOT_APPLICABLE_GLOBAL_BASELINE,HF9g-P5,,,,X 全窗基线 · 不参与实体赏罚,15054971,1506,A168_HF9F_20260827_0900,2026-08-27 09:00:00
2026-04-21,92755421,1307,0,5135.3874883288,1542.6460439248,1542.6460439248,0.7777778,11,11,0.50177608181818182,0.501776081818,1.6560206235141068,1.6560206235151957,1.6560206235141068,1.8182E-13,ELIGIBLE,R03b_20260811_FULL_v1,L1_ELIGIBILITY,v2026-08-11,2026-03-21..2026-08-06,baccarat_bet02_101_all_pairs_incl_sentinel,round_win = game_pnl > 0 (decisive only),COMPATIBILITY_ONLY_NOT_PRODUCTION,2500103.8841,2280641.3266,9883.8276,11764,10369,-0.00395337,-0.05088190,-0.00239824,-0.00395337,-9883.8276,2500103.8841,OK,0.0000,395.3531,4.0000,96.0000,AG03-UNRESOLVED,ALL5_LEVELS_bet23_to_bet27,395.3531,395.3531,395.3531,395.3531,395.3531,4.000000,4.000000,4.000000,4.000000,4.000000,96.000000,96.000000,96.000000,96.000000,96.000000,5.0,1976.7655,1824.8244,7907.0621,8059.0032,PENDING_AG03,FALSE,NOT_FOR_ENFORCEMENT,9488.4745,2189415.6736,9883.8276,9488.4745,395.3531,0.00395337,0.00379523,395.3531,9488.4745,0.00379523,395.3531,395.3531,395.3531,395.3531,395.3531,9488.4745,0.00379523,1976.7655,1824.8244,7907.0621,8059.0032,0.00316269,0.00322347,0.00015813,212.5216,219.9480,0.9532,119.0823,2.3972,30121.7335,124.9277,49.0469,238.9093,36.5364,75.9244,374.9013,749.8027,789.266,1183.8989,75.8035,-1.1839,10.395423,15.593133,2.799122,29,215,300,5,0.03207536,0.00395337,0.05088190,0E-8,0.000000,0.912219,0.000000,-0.04848366,2026-03-31,2026-08-01,83,4123,1621,124,0.669355,0.205295,0.230786,0.106918,,,,,,,,GLOBAL_BASELINE_NO_ENTITY_RANKING,,,NOT_APPLICABLE_GLOBAL_BASELINE,HF9g-P5,,,,X 全窗基线 · 不参与实体赏罚,15054972,1506,A168_HF9F_20260827_0900,2026-08-27 09:00:00
2026-04-21,92755421,1330,0,2831.5674095727,-20.2979742622,-20.2979742622,0.5714286,8,8,0.49994810000000000,0.499948100000,0.37823910403297295,0.37823910403297295,0.37823910403297295,0E-17,ELIGIBLE,R03b_20260811_FULL_v1,L1_ELIGIBILITY,v2026-08-11,2026-03-21..2026-08-06,baccarat_bet02_101_all_pairs_incl_sentinel,round_win = game_pnl > 0 (decisive only),COMPATIBILITY_ONLY_NOT_PRODUCTION,2500103.8841,2280641.3266,9883.8276,11764,10369,-0.00395337,-0.05088190,-0.00239824,-0.00395337,-9883.8276,2500103.8841,OK,0.0000,395.3531,4.0000,96.0000,AG03-UNRESOLVED,ALL5_LEVELS_bet23_to_bet27,395.3531,395.3531,395.3531,395.3531,395.3531,4.000000,4.000000,4.000000,4.000000,4.000000,96.000000,96.000000,96.000000,96.000000,96.000000,5.0,1976.7655,1824.8244,7907.0621,8059.0032,PENDING_AG03,FALSE,NOT_FOR_ENFORCEMENT,9488.4745,2189415.6736,9883.8276,9488.4745,395.3531,0.00395337,0.00379523,395.3531,9488.4745,0.00379523,395.3531,395.3531,395.3531,395.3531,395.3531,9488.4745,0.00379523,1976.7655,1824.8244,7907.0621,8059.0032,0.00316269,0.00322347,0.00015813,212.5216,219.9480,0.9532,119.0823,2.3972,30121.7335,124.9277,49.0469,238.9093,36.5364,75.9244,374.9013,749.8027,789.266,1183.8989,75.8035,-1.1839,10.395423,15.593133,2.799122,29,215,300,5,0.03207536,0.00395337,0.05088190,0E-8,0.000000,0.912219,0.000000,-0.04848366,2026-03-31,2026-08-01,83,4123,1621,124,0.669355,0.205295,0.230786,0.106918,,,,,,,,GLOBAL_BASELINE_NO_ENTITY_RANKING,,,NOT_APPLICABLE_GLOBAL_BASELINE,HF9g-P5,,,,X 全窗基线 · 不参与实体赏罚,15054973,1506,A168_HF9F_20260827_0900,2026-08-27 09:00:00
2026-04-21,92755421,1353,0,202.9797426217,192.8307554906,192.8307554906,1.0000000,1,1,0.50665070000000000,0.506650700000,0.9867858985152569,0.9867858985152569,0.9867858985152569,0E-17,ELIGIBLE,R03b_20260811_FULL_v1,L1_ELIGIBILITY,v2026-08-11,2026-03-21..2026-08-06,baccarat_bet02_101_all_pairs_incl_sentinel,round_win = game_pnl > 0 (decisive only),COMPATIBILITY_ONLY_NOT_PRODUCTION,2500103.8841,2280641.3266,9883.8276,11764,10369,-0.00395337,-0.05088190,-0.00239824,-0.00395337,-9883.8276,2500103.8841,OK,0.0000,395.3531,4.0000,96.0000,AG03-UNRESOLVED,ALL5_LEVELS_bet23_to_bet27,395.3531,395.3531,395.3531,395.3531,395.3531,4.000000,4.000000,4.000000,4.000000,4.000000,96.000000,96.000000,96.000000,96.000000,96.000000,5.0,1976.7655,1824.8244,7907.0621,8059.0032,PENDING_AG03,FALSE,NOT_FOR_ENFORCEMENT,9488.4745,2189415.6736,9883.8276,9488.4745,395.3531,0.00395337,0.00379523,395.3531,9488.4745,0.00379523,395.3531,395.3531,395.3531,395.3531,395.3531,9488.4745,0.00379523,1976.7655,1824.8244,7907.0621,8059.0032,0.00316269,0.00322347,0.00015813,212.5216,219.9480,0.9532,119.0823,2.3972,30121.7335,124.9277,49.0469,238.9093,36.5364,75.9244,374.9013,749.8027,789.266,1183.8989,75.8035,-1.1839,10.395423,15.593133,2.799122,29,215,300,5,0.03207536,0.00395337,0.05088190,0E-8,0.000000,0.912219,0.000000,-0.04848366,2026-03-31,2026-08-01,83,4123,1621,124,0.669355,0.205295,0.230786,0.106918,,,,,,,,GLOBAL_BASELINE_NO_ENTITY_RANKING,,,NOT_APPLICABLE_GLOBAL_BASELINE,HF9g-P5,,,,X 全窗基线 · 不参与实体赏罚,15054974,1506,A168_HF9F_20260827_0900,2026-08-27 09:00:00
2026-04-21,92755421,1374,0,815.9785653392,-4.0595948524,-4.0595948524,0.5000000,3,2,0.49089693267328680,0.374642850000,0.02575163075974327,0.3662615454285476,0.02575163075974327,0.11625408267328680,ELIGIBLE,R03b_20260811_FULL_v1,L1_ELIGIBILITY,v2026-08-11,2026-03-21..2026-08-06,baccarat_bet02_101_all_pairs_incl_sentinel,round_win = game_pnl > 0 (decisive only),COMPATIBILITY_ONLY_NOT_PRODUCTION,2500103.8841,2280641.3266,9883.8276,11764,10369,-0.00395337,-0.05088190,-0.00239824,-0.00395337,-9883.8276,2500103.8841,OK,0.0000,395.3531,4.0000,96.0000,AG03-UNRESOLVED,ALL5_LEVELS_bet23_to_bet27,395.3531,395.3531,395.3531,395.3531,395.3531,4.000000,4.000000,4.000000,4.000000,4.000000,96.000000,96.000000,96.000000,96.000000,96.000000,5.0,1976.7655,1824.8244,7907.0621,8059.0032,PENDING_AG03,FALSE,NOT_FOR_ENFORCEMENT,9488.4745,2189415.6736,9883.8276,9488.4745,395.3531,0.00395337,0.00379523,395.3531,9488.4745,0.00379523,395.3531,395.3531,395.3531,395.3531,395.3531,9488.4745,0.00379523,1976.7655,1824.8244,7907.0621,8059.0032,0.00316269,0.00322347,0.00015813,212.5216,219.9480,0.9532,119.0823,2.3972,30121.7335,124.9277,49.0469,238.9093,36.5364,75.9244,374.9013,749.8027,789.266,1183.8989,75.8035,-1.1839,10.395423,15.593133,2.799122,29,215,300,5,0.03207536,0.00395337,0.05088190,0E-8,0.000000,0.912219,0.000000,-0.04848366,2026-03-31,2026-08-01,83,4123,1621,124,0.669355,0.205295,0.230786,0.106918,,,,,,,,GLOBAL_BASELINE_NO_ENTITY_RANKING,,,NOT_APPLICABLE_GLOBAL_BASELINE,HF9g-P5,,,,X 全窗基线 · 不参与实体赏罚,15054975,1506,A168_HF9F_20260827_0900,2026-08-27 09:00:00
2026-04-21,92755421,1382,0,1420.8581983518,-202.9797426216,-202.9797426216,0.5000000,2,2,0.49994810000000000,0.499948100000,0.00014679536856514622,0.00014679536856514622,0.00014679536856514622,0E-17,ELIGIBLE,R03b_20260811_FULL_v1,L1_ELIGIBILITY,v2026-08-11,2026-03-21..2026-08-06,baccarat_bet02_101_all_pairs_incl_sentinel,round_win = game_pnl > 0 (decisive only),COMPATIBILITY_ONLY_NOT_PRODUCTION,2500103.8841,2280641.3266,9883.8276,11764,10369,-0.00395337,-0.05088190,-0.00239824,-0.00395337,-9883.8276,2500103.8841,OK,0.0000,395.3531,4.0000,96.0000,AG03-UNRESOLVED,ALL5_LEVELS_bet23_to_bet27,395.3531,395.3531,395.3531,395.3531,395.3531,4.000000,4.000000,4.000000,4.000000,4.000000,96.000000,96.000000,96.000000,96.000000,96.000000,5.0,1976.7655,1824.8244,7907.0621,8059.0032,PENDING_AG03,FALSE,NOT_FOR_ENFORCEMENT,9488.4745,2189415.6736,9883.8276,9488.4745,395.3531,0.00395337,0.00379523,395.3531,9488.4745,0.00379523,395.3531,395.3531,395.3531,395.3531,395.3531,9488.4745,0.00379523,1976.7655,1824.8244,7907.0621,8059.0032,0.00316269,0.00322347,0.00015813,212.5216,219.9480,0.9532,119.0823,2.3972,30121.7335,124.9277,49.0469,238.9093,36.5364,75.9244,374.9013,749.8027,789.266,1183.8989,75.8035,-1.1839,10.395423,15.593133,2.799122,29,215,300,5,0.03207536,0.00395337,0.05088190,0E-8,0.000000,0.912219,0.000000,-0.04848366,2026-03-31,2026-08-01,83,4123,1621,124,0.669355,0.205295,0.230786,0.106918,,,,,,,,GLOBAL_BASELINE_NO_ENTITY_RANKING,,,NOT_APPLICABLE_GLOBAL_BASELINE,HF9g-P5,,,,X 全窗基线 · 不参与实体赏罚,15054976,1506,A168_HF9F_20260827_0900,2026-08-27 09:00:00
2026-04-21,92755421,1383,0,1502.0500954005,81.1918970486,81.1918970486,0.3333333,3,3,0.50218230000000000,0.502182300000,-0.5849155494134425,-0.5849155494134426,-0.5849155494134425,0E-17,ELIGIBLE,R03b_20260811_FULL_v1,L1_ELIGIBILITY,v2026-08-11,2026-03-21..2026-08-06,baccarat_bet02_101_all_pairs_incl_sentinel,round_win = game_pnl > 0 (decisive only),COMPATIBILITY_ONLY_NOT_PRODUCTION,2500103.8841,2280641.3266,9883.8276,11764,10369,-0.00395337,-0.05088190,-0.00239824,-0.00395337,-9883.8276,2500103.8841,OK,0.0000,395.3531,4.0000,96.0000,AG03-UNRESOLVED,ALL5_LEVELS_bet23_to_bet27,395.3531,395.3531,395.3531,395.3531,395.3531,4.000000,4.000000,4.000000,4.000000,4.000000,96.000000,96.000000,96.000000,96.000000,96.000000,5.0,1976.7655,1824.8244,7907.0621,8059.0032,PENDING_AG03,FALSE,NOT_FOR_ENFORCEMENT,9488.4745,2189415.6736,9883.8276,9488.4745,395.3531,0.00395337,0.00379523,395.3531,9488.4745,0.00379523,395.3531,395.3531,395.3531,395.3531,395.3531,9488.4745,0.00379523,1976.7655,1824.8244,7907.0621,8059.0032,0.00316269,0.00322347,0.00015813,212.5216,219.9480,0.9532,119.0823,2.3972,30121.7335,124.9277,49.0469,238.9093,36.5364,75.9244,374.9013,749.8027,789.266,1183.8989,75.8035,-1.1839,10.395423,15.593133,2.799122,29,215,300,5,0.03207536,0.00395337,0.05088190,0E-8,0.000000,0.912219,0.000000,-0.04848366,2026-03-31,2026-08-01,83,4123,1621,124,0.669355,0.205295,0.230786,0.106918,,,,,,,,GLOBAL_BASELINE_NO_ENTITY_RANKING,,,NOT_APPLICABLE_GLOBAL_BASELINE,HF9g-P5,,,,X 全窗基线 · 不参与实体赏罚,15054977,1506,A168_HF9F_20260827_0900,2026-08-27 09:00:00
2026-04-21,92755421,1384,0,2009.4994519548,1177.2825072058,1177.2825072058,0.8000000,5,5,0.49860758000000000,0.498607580000,1.3478731046594083,1.3478731046594083,1.3478731046594083,0E-17,ELIGIBLE,R03b_20260811_FULL_v1,L1_ELIGIBILITY,v2026-08-11,2026-03-21..2026-08-06,baccarat_bet02_101_all_pairs_incl_sentinel,round_win = game_pnl > 0 (decisive only),COMPATIBILITY_ONLY_NOT_PRODUCTION,2500103.8841,2280641.3266,9883.8276,11764,10369,-0.00395337,-0.05088190,-0.00239824,-0.00395337,-9883.8276,2500103.8841,OK,0.0000,395.3531,4.0000,96.0000,AG03-UNRESOLVED,ALL5_LEVELS_bet23_to_bet27,395.3531,395.3531,395.3531,395.3531,395.3531,4.000000,4.000000,4.000000,4.000000,4.000000,96.000000,96.000000,96.000000,96.000000,96.000000,5.0,1976.7655,1824.8244,7907.0621,8059.0032,PENDING_AG03,FALSE,NOT_FOR_ENFORCEMENT,9488.4745,2189415.6736,9883.8276,9488.4745,395.3531,0.00395337,0.00379523,395.3531,9488.4745,0.00379523,395.3531,395.3531,395.3531,395.3531,395.3531,9488.4745,0.00379523,1976.7655,1824.8244,7907.0621,8059.0032,0.00316269,0.00322347,0.00015813,212.5216,219.9480,0.9532,119.0823,2.3972,30121.7335,124.9277,49.0469,238.9093,36.5364,75.9244,374.9013,749.8027,789.266,1183.8989,75.8035,-1.1839,10.395423,15.593133,2.799122,29,215,300,5,0.03207536,0.00395337,0.05088190,0E-8,0.000000,0.912219,0.000000,-0.04848366,2026-03-31,2026-08-01,83,4123,1621,124,0.669355,0.205295,0.230786,0.106918,,,,,,,,GLOBAL_BASELINE_NO_ENTITY_RANKING,,,NOT_APPLICABLE_GLOBAL_BASELINE,HF9g-P5,,,,X 全窗基线 · 不参与实体赏罚,15054978,1506,A168_HF9F_20260827_0900,2026-08-27 09:00:00
2026-04-21,92755421,1385,0,2013.5590468072,-836.2765396014,-836.2765396014,0.2500000,6,5,0.49493818458334145,0.448485480000,-0.9798029485938043,-0.798189606942344,-0.9798029485938043,0.04645270458334145,ELIGIBLE,R03b_20260811_FULL_v1,L1_ELIGIBILITY,v2026-08-11,2026-03-21..2026-08-06,baccarat_bet02_101_all_pairs_incl_sentinel,round_win = game_pnl > 0 (decisive only),COMPATIBILITY_ONLY_NOT_PRODUCTION,2500103.8841,2280641.3266,9883.8276,11764,10369,-0.00395337,-0.05088190,-0.00239824,-0.00395337,-9883.8276,2500103.8841,OK,0.0000,395.3531,4.0000,96.0000,AG03-UNRESOLVED,ALL5_LEVELS_bet23_to_bet27,395.3531,395.3531,395.3531,395.3531,395.3531,4.000000,4.000000,4.000000,4.000000,4.000000,96.000000,96.000000,96.000000,96.000000,96.000000,5.0,1976.7655,1824.8244,7907.0621,8059.0032,PENDING_AG03,FALSE,NOT_FOR_ENFORCEMENT,9488.4745,2189415.6736,9883.8276,9488.4745,395.3531,0.00395337,0.00379523,395.3531,9488.4745,0.00379523,395.3531,395.3531,395.3531,395.3531,395.3531,9488.4745,0.00379523,1976.7655,1824.8244,7907.0621,8059.0032,0.00316269,0.00322347,0.00015813,212.5216,219.9480,0.9532,119.0823,2.3972,30121.7335,124.9277,49.0469,238.9093,36.5364,75.9244,374.9013,749.8027,789.266,1183.8989,75.8035,-1.1839,10.395423,15.593133,2.799122,29,215,300,5,0.03207536,0.00395337,0.05088190,0E-8,0.000000,0.912219,0.000000,-0.04848366,2026-03-31,2026-08-01,83,4123,1621,124,0.669355,0.205295,0.230786,0.106918,,,,,,,,GLOBAL_BASELINE_NO_ENTITY_RANKING,,,NOT_APPLICABLE_GLOBAL_BASELINE,HF9g-P5,,,,X 全窗基线 · 不参与实体赏罚,15054979,1506,A168_HF9F_20260827_0900,2026-08-27 09:00:00
2026-04-21,92755421,1396,0,40.5959485243,-40.5959485243,-40.5959485243,0E-7,1,1,0.50665070000000000,0.506650700000,-1.013391052207602,-1.013391052207602,-1.013391052207602,0E-17,ELIGIBLE,R03b_20260811_FULL_v1,L1_ELIGIBILITY,v2026-08-11,2026-03-21..2026-08-06,baccarat_bet02_101_all_pairs_incl_sentinel,round_win = game_pnl > 0 (decisive only),COMPATIBILITY_ONLY_NOT_PRODUCTION,2500103.8841,2280641.3266,9883.8276,11764,10369,-0.00395337,-0.05088190,-0.00239824,-0.00395337,-9883.8276,2500103.8841,OK,0.0000,395.3531,4.0000,96.0000,AG03-UNRESOLVED,ALL5_LEVELS_bet23_to_bet27,395.3531,395.3531,395.3531,395.3531,395.3531,4.000000,4.000000,4.000000,4.000000,4.000000,96.000000,96.000000,96.000000,96.000000,96.000000,5.0,1976.7655,1824.8244,7907.0621,8059.0032,PENDING_AG03,FALSE,NOT_FOR_ENFORCEMENT,9488.4745,2189415.6736,9883.8276,9488.4745,395.3531,0.00395337,0.00379523,395.3531,9488.4745,0.00379523,395.3531,395.3531,395.3531,395.3531,395.3531,9488.4745,0.00379523,1976.7655,1824.8244,7907.0621,8059.0032,0.00316269,0.00322347,0.00015813,212.5216,219.9480,0.9532,119.0823,2.3972,30121.7335,124.9277,49.0469,238.9093,36.5364,75.9244,374.9013,749.8027,789.266,1183.8989,75.8035,-1.1839,10.395423,15.593133,2.799122,29,215,300,5,0.03207536,0.00395337,0.05088190,0E-8,0.000000,0.912219,0.000000,-0.04848366,2026-03-31,2026-08-01,83,4123,1621,124,0.669355,0.205295,0.230786,0.106918,,,,,,,,GLOBAL_BASELINE_NO_ENTITY_RANKING,,,NOT_APPLICABLE_GLOBAL_BASELINE,HF9g-P5,,,,X 全窗基线 · 不参与实体赏罚,15054980,1506,A168_HF9F_20260827_0900,2026-08-27 09:00:00
2026-04-21,92755421,1399,0,3941.8666017131,1619.7783461210,1619.7783461210,0.6666667,7,6,0.49916524422442893,0.460413883333,0.8205871759470281,1.013609924677443,0.8205871759470281,0.03875136089142893,ELIGIBLE,R03b_20260811_FULL_v1,L1_ELIGIBILITY,v2026-08-11,2026-03-21..2026-08-06,baccarat_bet02_101_all_pairs_incl_sentinel,round_win = game_pnl > 0 (decisive only),COMPATIBILITY_ONLY_NOT_PRODUCTION,2500103.8841,2280641.3266,9883.8276,11764,10369,-0.00395337,-0.05088190,-0.00239824,-0.00395337,-9883.8276,2500103.8841,OK,0.0000,395.3531,4.0000,96.0000,AG03-UNRESOLVED,ALL5_LEVELS_bet23_to_bet27,395.3531,395.3531,395.3531,395.3531,395.3531,4.000000,4.000000,4.000000,4.000000,4.000000,96.000000,96.000000,96.000000,96.000000,96.000000,5.0,1976.7655,1824.8244,7907.0621,8059.0032,PENDING_AG03,FALSE,NOT_FOR_ENFORCEMENT,9488.4745,2189415.6736,9883.8276,9488.4745,395.3531,0.00395337,0.00379523,395.3531,9488.4745,0.00379523,395.3531,395.3531,395.3531,395.3531,395.3531,9488.4745,0.00379523,1976.7655,1824.8244,7907.0621,8059.0032,0.00316269,0.00322347,0.00015813,212.5216,219.9480,0.9532,119.0823,2.3972,30121.7335,124.9277,49.0469,238.9093,36.5364,75.9244,374.9013,749.8027,789.266,1183.8989,75.8035,-1.1839,10.395423,15.593133,2.799122,29,215,300,5,0.03207536,0.00395337,0.05088190,0E-8,0.000000,0.912219,0.000000,-0.04848366,2026-03-31,2026-08-01,83,4123,1621,124,0.669355,0.205295,0.230786,0.106918,,,,,,,,GLOBAL_BASELINE_NO_ENTITY_RANKING,,,NOT_APPLICABLE_GLOBAL_BASELINE,HF9g-P5,,,,X 全窗基线 · 不参与实体赏罚,15054981,1506,A168_HF9F_20260827_0900,2026-08-27 09:00:00
2026-04-21,92755421,1402,0,446.5554337677,-446.5554337677,-446.5554337677,0E-7,2,2,0.49994810000000000,0.499948100000,-1.4140667746232096,-1.4140667746232096,-1.4140667746232096,0E-17,ELIGIBLE,R03b_20260811_FULL_v1,L1_ELIGIBILITY,v2026-08-11,2026-03-21..2026-08-06,baccarat_bet02_101_all_pairs_incl_sentinel,round_win = game_pnl > 0 (decisive only),COMPATIBILITY_ONLY_NOT_PRODUCTION,2500103.8841,2280641.3266,9883.8276,11764,10369,-0.00395337,-0.05088190,-0.00239824,-0.00395337,-9883.8276,2500103.8841,OK,0.0000,395.3531,4.0000,96.0000,AG03-UNRESOLVED,ALL5_LEVELS_bet23_to_bet27,395.3531,395.3531,395.3531,395.3531,395.3531,4.000000,4.000000,4.000000,4.000000,4.000000,96.000000,96.000000,96.000000,96.000000,96.000000,5.0,1976.7655,1824.8244,7907.0621,8059.0032,PENDING_AG03,FALSE,NOT_FOR_ENFORCEMENT,9488.4745,2189415.6736,9883.8276,9488.4745,395.3531,0.00395337,0.00379523,395.3531,9488.4745,0.00379523,395.3531,395.3531,395.3531,395.3531,395.3531,9488.4745,0.00379523,1976.7655,1824.8244,7907.0621,8059.0032,0.00316269,0.00322347,0.00015813,212.5216,219.9480,0.9532,119.0823,2.3972,30121.7335,124.9277,49.0469,238.9093,36.5364,75.9244,374.9013,749.8027,789.266,1183.8989,75.8035,-1.1839,10.395423,15.593133,2.799122,29,215,300,5,0.03207536,0.00395337,0.05088190,0E-8,0.000000,0.912219,0.000000,-0.04848366,2026-03-31,2026-08-01,83,4123,1621,124,0.669355,0.205295,0.230786,0.106918,,,,,,,,GLOBAL_BASELINE_NO_ENTITY_RANKING,,,NOT_APPLICABLE_GLOBAL_BASELINE,HF9g-P5,,,,X 全窗基线 · 不参与实体赏罚,15054982,1506,A168_HF9F_20260827_0900,2026-08-27 09:00:00
2026-04-21,92755421,1405,0,1583.2419924491,-1583.2419924491,-1583.2419924491,0E-7,2,2,0.49324550000000000,0.493245500000,-1.3952362676504506,-1.3952362676504506,-1.3952362676504506,0E-17,ELIGIBLE,R03b_20260811_FULL_v1,L1_ELIGIBILITY,v2026-08-11,2026-03-21..2026-08-06,baccarat_bet02_101_all_pairs_incl_sentinel,round_win = game_pnl > 0 (decisive only),COMPATIBILITY_ONLY_NOT_PRODUCTION,2500103.8841,2280641.3266,9883.8276,11764,10369,-0.00395337,-0.05088190,-0.00239824,-0.00395337,-9883.8276,2500103.8841,OK,0.0000,395.3531,4.0000,96.0000,AG03-UNRESOLVED,ALL5_LEVELS_bet23_to_bet27,395.3531,395.3531,395.3531,395.3531,395.3531,4.000000,4.000000,4.000000,4.000000,4.000000,96.000000,96.000000,96.000000,96.000000,96.000000,5.0,1976.7655,1824.8244,7907.0621,8059.0032,PENDING_AG03,FALSE,NOT_FOR_ENFORCEMENT,9488.4745,2189415.6736,9883.8276,9488.4745,395.3531,0.00395337,0.00379523,395.3531,9488.4745,0.00379523,395.3531,395.3531,395.3531,395.3531,395.3531,9488.4745,0.00379523,1976.7655,1824.8244,7907.0621,8059.0032,0.00316269,0.00322347,0.00015813,212.5216,219.9480,0.9532,119.0823,2.3972,30121.7335,124.9277,49.0469,238.9093,36.5364,75.9244,374.9013,749.8027,789.266,1183.8989,75.8035,-1.1839,10.395423,15.593133,2.799122,29,215,300,5,0.03207536,0.00395337,0.05088190,0E-8,0.000000,0.912219,0.000000,-0.04848366,2026-03-31,2026-08-01,83,4123,1621,124,0.669355,0.205295,0.230786,0.106918,,,,,,,,GLOBAL_BASELINE_NO_ENTITY_RANKING,,,NOT_APPLICABLE_GLOBAL_BASELINE,HF9g-P5,,,,X 全窗基线 · 不参与实体赏罚,15054983,1506,A168_HF9F_20260827_0900,2026-08-27 09:00:00
2026-04-21,92755421,1485,0,40.5959485243,-40.5959485243,-40.5959485243,0E-7,1,1,0.50665070000000000,0.506650700000,-1.013391052207602,-1.013391052207602,-1.013391052207602,0E-17,ELIGIBLE,R03b_20260811_FULL_v1,L1_ELIGIBILITY,v2026-08-11,2026-03-21..2026-08-06,baccarat_bet02_101_all_pairs_incl_sentinel,round_win = game_pnl > 0 (decisive only),COMPATIBILITY_ONLY_NOT_PRODUCTION,2500103.8841,2280641.3266,9883.8276,11764,10369,-0.00395337,-0.05088190,-0.00239824,-0.00395337,-9883.8276,2500103.8841,OK,0.0000,395.3531,4.0000,96.0000,AG03-UNRESOLVED,ALL5_LEVELS_bet23_to_bet27,395.3531,395.3531,395.3531,395.3531,395.3531,4.000000,4.000000,4.000000,4.000000,4.000000,96.000000,96.000000,96.000000,96.000000,96.000000,5.0,1976.7655,1824.8244,7907.0621,8059.0032,PENDING_AG03,FALSE,NOT_FOR_ENFORCEMENT,9488.4745,2189415.6736,9883.8276,9488.4745,395.3531,0.00395337,0.00379523,395.3531,9488.4745,0.00379523,395.3531,395.3531,395.3531,395.3531,395.3531,9488.4745,0.00379523,1976.7655,1824.8244,7907.0621,8059.0032,0.00316269,0.00322347,0.00015813,212.5216,219.9480,0.9532,119.0823,2.3972,30121.7335,124.9277,49.0469,238.9093,36.5364,75.9244,374.9013,749.8027,789.266,1183.8989,75.8035,-1.1839,10.395423,15.593133,2.799122,29,215,300,5,0.03207536,0.00395337,0.05088190,0E-8,0.000000,0.912219,0.000000,-0.04848366,2026-03-31,2026-08-01,83,4123,1621,124,0.669355,0.205295,0.230786,0.106918,,,,,,,,GLOBAL_BASELINE_NO_ENTITY_RANKING,,,NOT_APPLICABLE_GLOBAL_BASELINE,HF9g-P5,,,,X 全窗基线 · 不参与实体赏罚,15054984,1506,A168_HF9F_20260827_0900,2026-08-27 09:00:00
2026-04-21,92755421,1490,0,7148.9465351358,3247.6758819470,3247.6758819470,0.7500000,11,10,0.49969971748691305,0.476227570000,1.4159124721278098,1.550444125594507,1.4159124721278098,0.02347214748691305,ELIGIBLE,R03b_20260811_FULL_v1,L1_ELIGIBILITY,v2026-08-11,2026-03-21..2026-08-06,baccarat_bet02_101_all_pairs_incl_sentinel,round_win = game_pnl > 0 (decisive only),COMPATIBILITY_ONLY_NOT_PRODUCTION,2500103.8841,2280641.3266,9883.8276,11764,10369,-0.00395337,-0.05088190,-0.00239824,-0.00395337,-9883.8276,2500103.8841,OK,0.0000,395.3531,4.0000,96.0000,AG03-UNRESOLVED,ALL5_LEVELS_bet23_to_bet27,395.3531,395.3531,395.3531,395.3531,395.3531,4.000000,4.000000,4.000000,4.000000,4.000000,96.000000,96.000000,96.000000,96.000000,96.000000,5.0,1976.7655,1824.8244,7907.0621,8059.0032,PENDING_AG03,FALSE,NOT_FOR_ENFORCEMENT,9488.4745,2189415.6736,9883.8276,9488.4745,395.3531,0.00395337,0.00379523,395.3531,9488.4745,0.00379523,395.3531,395.3531,395.3531,395.3531,395.3531,9488.4745,0.00379523,1976.7655,1824.8244,7907.0621,8059.0032,0.00316269,0.00322347,0.00015813,212.5216,219.9480,0.9532,119.0823,2.3972,30121.7335,124.9277,49.0469,238.9093,36.5364,75.9244,374.9013,749.8027,789.266,1183.8989,75.8035,-1.1839,10.395423,15.593133,2.799122,29,215,300,5,0.03207536,0.00395337,0.05088190,0E-8,0.000000,0.912219,0.000000,-0.04848366,2026-03-31,2026-08-01,83,4123,1621,124,0.669355,0.205295,0.230786,0.106918,,,,,,,,GLOBAL_BASELINE_NO_ENTITY_RANKING,,,NOT_APPLICABLE_GLOBAL_BASELINE,HF9g-P5,,,,X 全窗基线 · 不参与实体赏罚,15054985,1506,A168_HF9F_20260827_0900,2026-08-27 09:00:00
2026-04-21,92755421,1505,0,1990.4193561483,324.5646084520,324.5646084520,0.6000000,6,5,0.50098993546695384,0.453847560000,0.44278733734450243,0.6564159584284724,0.44278733734450243,0.04714237546695384,ELIGIBLE,R03b_20260811_FULL_v1,L1_ELIGIBILITY,v2026-08-11,2026-03-21..2026-08-06,baccarat_bet02_101_all_pairs_incl_sentinel,round_win = game_pnl > 0 (decisive only),COMPATIBILITY_ONLY_NOT_PRODUCTION,2500103.8841,2280641.3266,9883.8276,11764,10369,-0.00395337,-0.05088190,-0.00239824,-0.00395337,-9883.8276,2500103.8841,OK,0.0000,395.3531,4.0000,96.0000,AG03-UNRESOLVED,ALL5_LEVELS_bet23_to_bet27,395.3531,395.3531,395.3531,395.3531,395.3531,4.000000,4.000000,4.000000,4.000000,4.000000,96.000000,96.000000,96.000000,96.000000,96.000000,5.0,1976.7655,1824.8244,7907.0621,8059.0032,PENDING_AG03,FALSE,NOT_FOR_ENFORCEMENT,9488.4745,2189415.6736,9883.8276,9488.4745,395.3531,0.00395337,0.00379523,395.3531,9488.4745,0.00379523,395.3531,395.3531,395.3531,395.3531,395.3531,9488.4745,0.00379523,1976.7655,1824.8244,7907.0621,8059.0032,0.00316269,0.00322347,0.00015813,212.5216,219.9480,0.9532,119.0823,2.3972,30121.7335,124.9277,49.0469,238.9093,36.5364,75.9244,374.9013,749.8027,789.266,1183.8989,75.8035,-1.1839,10.395423,15.593133,2.799122,29,215,300,5,0.03207536,0.00395337,0.05088190,0E-8,0.000000,0.912219,0.000000,-0.04848366,2026-03-31,2026-08-01,83,4123,1621,124,0.669355,0.205295,0.230786,0.106918,,,,,,,,GLOBAL_BASELINE_NO_ENTITY_RANKING,,,NOT_APPLICABLE_GLOBAL_BASELINE,HF9g-P5,,,,X 全窗基线 · 不参与实体赏罚,15054986,1506,A168_HF9F_20260827_0900,2026-08-27 09:00:00
2026-04-21,92755421,1509,0,2882.3123452278,286.2014370966,286.2014370966,0.5000000,6,6,0.50218230000000000,0.502182300000,-0.01069114476356389,-0.01069114476356389,-0.01069114476356389,0E-17,ELIGIBLE,R03b_20260811_FULL_v1,L1_ELIGIBILITY,v2026-08-11,2026-03-21..2026-08-06,baccarat_bet02_101_all_pairs_incl_sentinel,round_win = game_pnl > 0 (decisive only),COMPATIBILITY_ONLY_NOT_PRODUCTION,2500103.8841,2280641.3266,9883.8276,11764,10369,-0.00395337,-0.05088190,-0.00239824,-0.00395337,-9883.8276,2500103.8841,OK,0.0000,395.3531,4.0000,96.0000,AG03-UNRESOLVED,ALL5_LEVELS_bet23_to_bet27,395.3531,395.3531,395.3531,395.3531,395.3531,4.000000,4.000000,4.000000,4.000000,4.000000,96.000000,96.000000,96.000000,96.000000,96.000000,5.0,1976.7655,1824.8244,7907.0621,8059.0032,PENDING_AG03,FALSE,NOT_FOR_ENFORCEMENT,9488.4745,2189415.6736,9883.8276,9488.4745,395.3531,0.00395337,0.00379523,395.3531,9488.4745,0.00379523,395.3531,395.3531,395.3531,395.3531,395.3531,9488.4745,0.00379523,1976.7655,1824.8244,7907.0621,8059.0032,0.00316269,0.00322347,0.00015813,212.5216,219.9480,0.9532,119.0823,2.3972,30121.7335,124.9277,49.0469,238.9093,36.5364,75.9244,374.9013,749.8027,789.266,1183.8989,75.8035,-1.1839,10.395423,15.593133,2.799122,29,215,300,5,0.03207536,0.00395337,0.05088190,0E-8,0.000000,0.912219,0.000000,-0.04848366,2026-03-31,2026-08-01,83,4123,1621,124,0.669355,0.205295,0.230786,0.106918,,,,,,,,GLOBAL_BASELINE_NO_ENTITY_RANKING,,,NOT_APPLICABLE_GLOBAL_BASELINE,HF9g-P5,,,,X 全窗基线 · 不参与实体赏罚,15054987,1506,A168_HF9F_20260827_0900,2026-08-27 09:00:00
2026-04-21,92755421,1646,0,405.9594852434,-405.9594852434,-405.9594852434,0E-7,1,1,0.50665070000000000,0.506650700000,-1.013391052207602,-1.013391052207602,-1.013391052207602,0E-17,ELIGIBLE,R03b_20260811_FULL_v1,L1_ELIGIBILITY,v2026-08-11,2026-03-21..2026-08-06,baccarat_bet02_101_all_pairs_incl_sentinel,round_win = game_pnl > 0 (decisive only),COMPATIBILITY_ONLY_NOT_PRODUCTION,2500103.8841,2280641.3266,9883.8276,11764,10369,-0.00395337,-0.05088190,-0.00239824,-0.00395337,-9883.8276,2500103.8841,OK,0.0000,395.3531,4.0000,96.0000,AG03-UNRESOLVED,ALL5_LEVELS_bet23_to_bet27,395.3531,395.3531,395.3531,395.3531,395.3531,4.000000,4.000000,4.000000,4.000000,4.000000,96.000000,96.000000,96.000000,96.000000,96.000000,5.0,1976.7655,1824.8244,7907.0621,8059.0032,PENDING_AG03,FALSE,NOT_FOR_ENFORCEMENT,9488.4745,2189415.6736,9883.8276,9488.4745,395.3531,0.00395337,0.00379523,395.3531,9488.4745,0.00379523,395.3531,395.3531,395.3531,395.3531,395.3531,9488.4745,0.00379523,1976.7655,1824.8244,7907.0621,8059.0032,0.00316269,0.00322347,0.00015813,212.5216,219.9480,0.9532,119.0823,2.3972,30121.7335,124.9277,49.0469,238.9093,36.5364,75.9244,374.9013,749.8027,789.266,1183.8989,75.8035,-1.1839,10.395423,15.593133,2.799122,29,215,300,5,0.03207536,0.00395337,0.05088190,0E-8,0.000000,0.912219,0.000000,-0.04848366,2026-03-31,2026-08-01,83,4123,1621,124,0.669355,0.205295,0.230786,0.106918,,,,,,,,GLOBAL_BASELINE_NO_ENTITY_RANKING,,,NOT_APPLICABLE_GLOBAL_BASELINE,HF9g-P5,,,,X 全窗基线 · 不参与实体赏罚,15054988,1506,A168_HF9F_20260827_0900,2026-08-27 09:00:00
2026-04-21,92755421,1704,0,1103.3978808915,-453.8627045021,-453.8627045021,0E-7,5,4,0.49398696173593460,0.437295475000,-1.7113447893991032,-1.5268905783225513,-1.7113447893991032,0.05669148673593460,ELIGIBLE,R03b_20260811_FULL_v1,L1_ELIGIBILITY,v2026-08-11,2026-03-21..2026-08-06,baccarat_bet02_101_all_pairs_incl_sentinel,round_win = game_pnl > 0 (decisive only),COMPATIBILITY_ONLY_NOT_PRODUCTION,2500103.8841,2280641.3266,9883.8276,11764,10369,-0.00395337,-0.05088190,-0.00239824,-0.00395337,-9883.8276,2500103.8841,OK,0.0000,395.3531,4.0000,96.0000,AG03-UNRESOLVED,ALL5_LEVELS_bet23_to_bet27,395.3531,395.3531,395.3531,395.3531,395.3531,4.000000,4.000000,4.000000,4.000000,4.000000,96.000000,96.000000,96.000000,96.000000,96.000000,5.0,1976.7655,1824.8244,7907.0621,8059.0032,PENDING_AG03,FALSE,NOT_FOR_ENFORCEMENT,9488.4745,2189415.6736,9883.8276,9488.4745,395.3531,0.00395337,0.00379523,395.3531,9488.4745,0.00379523,395.3531,395.3531,395.3531,395.3531,395.3531,9488.4745,0.00379523,1976.7655,1824.8244,7907.0621,8059.0032,0.00316269,0.00322347,0.00015813,212.5216,219.9480,0.9532,119.0823,2.3972,30121.7335,124.9277,49.0469,238.9093,36.5364,75.9244,374.9013,749.8027,789.266,1183.8989,75.8035,-1.1839,10.395423,15.593133,2.799122,29,215,300,5,0.03207536,0.00395337,0.05088190,0E-8,0.000000,0.912219,0.000000,-0.04848366,2026-03-31,2026-08-01,83,4123,1621,124,0.669355,0.205295,0.230786,0.106918,,,,,,,,GLOBAL_BASELINE_NO_ENTITY_RANKING,,,NOT_APPLICABLE_GLOBAL_BASELINE,HF9g-P5,,,,X 全窗基线 · 不参与实体赏罚,15054989,1506,A168_HF9F_20260827_0900,2026-08-27 09:00:00
2026-04-21,92755421,1957,0,2313.9690658873,1851.1752527098,1851.1752527098,1.0000000,6,6,0.50218230000000000,0.502182300000,2.2263296407989763,2.2263296407989763,2.2263296407989763,0E-17,ELIGIBLE,R03b_20260811_FULL_v1,L1_ELIGIBILITY,v2026-08-11,2026-03-21..2026-08-06,baccarat_bet02_101_all_pairs_incl_sentinel,round_win = game_pnl > 0 (decisive only),COMPATIBILITY_ONLY_NOT_PRODUCTION,2500103.8841,2280641.3266,9883.8276,11764,10369,-0.00395337,-0.05088190,-0.00239824,-0.00395337,-9883.8276,2500103.8841,OK,0.0000,395.3531,4.0000,96.0000,AG03-UNRESOLVED,ALL5_LEVELS_bet23_to_bet27,395.3531,395.3531,395.3531,395.3531,395.3531,4.000000,4.000000,4.000000,4.000000,4.000000,96.000000,96.000000,96.000000,96.000000,96.000000,5.0,1976.7655,1824.8244,7907.0621,8059.0032,PENDING_AG03,FALSE,NOT_FOR_ENFORCEMENT,9488.4745,2189415.6736,9883.8276,9488.4745,395.3531,0.00395337,0.00379523,395.3531,9488.4745,0.00379523,395.3531,395.3531,395.3531,395.3531,395.3531,9488.4745,0.00379523,1976.7655,1824.8244,7907.0621,8059.0032,0.00316269,0.00322347,0.00015813,212.5216,219.9480,0.9532,119.0823,2.3972,30121.7335,124.9277,49.0469,238.9093,36.5364,75.9244,374.9013,749.8027,789.266,1183.8989,75.8035,-1.1839,10.395423,15.593133,2.799122,29,215,300,5,0.03207536,0.00395337,0.05088190,0E-8,0.000000,0.912219,0.000000,-0.04848366,2026-03-31,2026-08-01,83,4123,1621,124,0.669355,0.205295,0.230786,0.106918,,,,,,,,GLOBAL_BASELINE_NO_ENTITY_RANKING,,,NOT_APPLICABLE_GLOBAL_BASELINE,HF9g-P5,,,,X 全窗基线 · 不参与实体赏罚,15054990,1506,A168_HF9F_20260827_0900,2026-08-27 09:00:00
2026-04-21,92755421,1985,0,2841.7163967035,-448.5852311940,-448.5852311940,0.5000000,8,8,0.49994810000000000,0.499948100000,0.00029359073713029245,0.00029359073713029245,0.00029359073713029245,0E-17,ELIGIBLE,R03b_20260811_FULL_v1,L1_ELIGIBILITY,v2026-08-11,2026-03-21..2026-08-06,baccarat_bet02_101_all_pairs_incl_sentinel,round_win = game_pnl > 0 (decisive only),COMPATIBILITY_ONLY_NOT_PRODUCTION,2500103.8841,2280641.3266,9883.8276,11764,10369,-0.00395337,-0.05088190,-0.00239824,-0.00395337,-9883.8276,2500103.8841,OK,0.0000,395.3531,4.0000,96.0000,AG03-UNRESOLVED,ALL5_LEVELS_bet23_to_bet27,395.3531,395.3531,395.3531,395.3531,395.3531,4.000000,4.000000,4.000000,4.000000,4.000000,96.000000,96.000000,96.000000,96.000000,96.000000,5.0,1976.7655,1824.8244,7907.0621,8059.0032,PENDING_AG03,FALSE,NOT_FOR_ENFORCEMENT,9488.4745,2189415.6736,9883.8276,9488.4745,395.3531,0.00395337,0.00379523,395.3531,9488.4745,0.00379523,395.3531,395.3531,395.3531,395.3531,395.3531,9488.4745,0.00379523,1976.7655,1824.8244,7907.0621,8059.0032,0.00316269,0.00322347,0.00015813,212.5216,219.9480,0.9532,119.0823,2.3972,30121.7335,124.9277,49.0469,238.9093,36.5364,75.9244,374.9013,749.8027,789.266,1183.8989,75.8035,-1.1839,10.395423,15.593133,2.799122,29,215,300,5,0.03207536,0.00395337,0.05088190,0E-8,0.000000,0.912219,0.000000,-0.04848366,2026-03-31,2026-08-01,83,4123,1621,124,0.669355,0.205295,0.230786,0.106918,,,,,,,,GLOBAL_BASELINE_NO_ENTITY_RANKING,,,NOT_APPLICABLE_GLOBAL_BASELINE,HF9g-P5,,,,X 全窗基线 · 不参与实体赏罚,15054991,1506,A168_HF9F_20260827_0900,2026-08-27 09:00:00
2026-04-21,92755421,2103,0,2029.7974262169,-1217.8784557301,-1217.8784557301,0.2500000,4,4,0.50329940000000000,0.503299400000,-1.013219660140378,-1.013219660140378,-1.013219660140378,0E-17,ELIGIBLE,R03b_20260811_FULL_v1,L1_ELIGIBILITY,v2026-08-11,2026-03-21..2026-08-06,baccarat_bet02_101_all_pairs_incl_sentinel,round_win = game_pnl > 0 (decisive only),COMPATIBILITY_ONLY_NOT_PRODUCTION,2500103.8841,2280641.3266,9883.8276,11764,10369,-0.00395337,-0.05088190,-0.00239824,-0.00395337,-9883.8276,2500103.8841,OK,0.0000,395.3531,4.0000,96.0000,AG03-UNRESOLVED,ALL5_LEVELS_bet23_to_bet27,395.3531,395.3531,395.3531,395.3531,395.3531,4.000000,4.000000,4.000000,4.000000,4.000000,96.000000,96.000000,96.000000,96.000000,96.000000,5.0,1976.7655,1824.8244,7907.0621,8059.0032,PENDING_AG03,FALSE,NOT_FOR_ENFORCEMENT,9488.4745,2189415.6736,9883.8276,9488.4745,395.3531,0.00395337,0.00379523,395.3531,9488.4745,0.00379523,395.3531,395.3531,395.3531,395.3531,395.3531,9488.4745,0.00379523,1976.7655,1824.8244,7907.0621,8059.0032,0.00316269,0.00322347,0.00015813,212.5216,219.9480,0.9532,119.0823,2.3972,30121.7335,124.9277,49.0469,238.9093,36.5364,75.9244,374.9013,749.8027,789.266,1183.8989,75.8035,-1.1839,10.395423,15.593133,2.799122,29,215,300,5,0.03207536,0.00395337,0.05088190,0E-8,0.000000,0.912219,0.000000,-0.04848366,2026-03-31,2026-08-01,83,4123,1621,124,0.669355,0.205295,0.230786,0.106918,,,,,,,,GLOBAL_BASELINE_NO_ENTITY_RANKING,,,NOT_APPLICABLE_GLOBAL_BASELINE,HF9g-P5,,,,X 全窗基线 · 不参与实体赏罚,15054992,1506,A168_HF9F_20260827_0900,2026-08-27 09:00:00
2026-04-21,92755421,2106,0,393.3747412008,-393.3747412008,-393.3747412008,0E-7,1,1,0.50665070000000000,0.506650700000,-1.013391052207602,-1.013391052207602,-1.013391052207602,0E-17,ELIGIBLE,R03b_20260811_FULL_v1,L1_ELIGIBILITY,v2026-08-11,2026-03-21..2026-08-06,baccarat_bet02_101_all_pairs_incl_sentinel,round_win = game_pnl > 0 (decisive only),COMPATIBILITY_ONLY_NOT_PRODUCTION,2500103.8841,2280641.3266,9883.8276,11764,10369,-0.00395337,-0.05088190,-0.00239824,-0.00395337,-9883.8276,2500103.8841,OK,0.0000,395.3531,4.0000,96.0000,AG03-UNRESOLVED,ALL5_LEVELS_bet23_to_bet27,395.3531,395.3531,395.3531,395.3531,395.3531,4.000000,4.000000,4.000000,4.000000,4.000000,96.000000,96.000000,96.000000,96.000000,96.000000,5.0,1976.7655,1824.8244,7907.0621,8059.0032,PENDING_AG03,FALSE,NOT_FOR_ENFORCEMENT,9488.4745,2189415.6736,9883.8276,9488.4745,395.3531,0.00395337,0.00379523,395.3531,9488.4745,0.00379523,395.3531,395.3531,395.3531,395.3531,395.3531,9488.4745,0.00379523,1976.7655,1824.8244,7907.0621,8059.0032,0.00316269,0.00322347,0.00015813,212.5216,219.9480,0.9532,119.0823,2.3972,30121.7335,124.9277,49.0469,238.9093,36.5364,75.9244,374.9013,749.8027,789.266,1183.8989,75.8035,-1.1839,10.395423,15.593133,2.799122,29,215,300,5,0.03207536,0.00395337,0.05088190,0E-8,0.000000,0.912219,0.000000,-0.04848366,2026-03-31,2026-08-01,83,4123,1621,124,0.669355,0.205295,0.230786,0.106918,,,,,,,,GLOBAL_BASELINE_NO_ENTITY_RANKING,,,NOT_APPLICABLE_GLOBAL_BASELINE,HF9g-P5,,,,X 全窗基线 · 不参与实体赏罚,15054993,1506,A168_HF9F_20260827_0900,2026-08-27 09:00:00
2026-04-21,92755421,2109,0,3004.1001908010,-2273.3731173630,-2273.3731173630,0.1666667,6,6,0.49771390000000000,0.497713900000,-1.6218105569273533,-1.6218105569273533,-1.6218105569273533,0E-17,ELIGIBLE,R03b_20260811_FULL_v1,L1_ELIGIBILITY,v2026-08-11,2026-03-21..2026-08-06,baccarat_bet02_101_all_pairs_incl_sentinel,round_win = game_pnl > 0 (decisive only),COMPATIBILITY_ONLY_NOT_PRODUCTION,2500103.8841,2280641.3266,9883.8276,11764,10369,-0.00395337,-0.05088190,-0.00239824,-0.00395337,-9883.8276,2500103.8841,OK,0.0000,395.3531,4.0000,96.0000,AG03-UNRESOLVED,ALL5_LEVELS_bet23_to_bet27,395.3531,395.3531,395.3531,395.3531,395.3531,4.000000,4.000000,4.000000,4.000000,4.000000,96.000000,96.000000,96.000000,96.000000,96.000000,5.0,1976.7655,1824.8244,7907.0621,8059.0032,PENDING_AG03,FALSE,NOT_FOR_ENFORCEMENT,9488.4745,2189415.6736,9883.8276,9488.4745,395.3531,0.00395337,0.00379523,395.3531,9488.4745,0.00379523,395.3531,395.3531,395.3531,395.3531,395.3531,9488.4745,0.00379523,1976.7655,1824.8244,7907.0621,8059.0032,0.00316269,0.00322347,0.00015813,212.5216,219.9480,0.9532,119.0823,2.3972,30121.7335,124.9277,49.0469,238.9093,36.5364,75.9244,374.9013,749.8027,789.266,1183.8989,75.8035,-1.1839,10.395423,15.593133,2.799122,29,215,300,5,0.03207536,0.00395337,0.05088190,0E-8,0.000000,0.912219,0.000000,-0.04848366,2026-03-31,2026-08-01,83,4123,1621,124,0.669355,0.205295,0.230786,0.106918,,,,,,,,GLOBAL_BASELINE_NO_ENTITY_RANKING,,,NOT_APPLICABLE_GLOBAL_BASELINE,HF9g-P5,,,,X 全窗基线 · 不参与实体赏罚,15054994,1506,A168_HF9F_20260827_0900,2026-08-27 09:00:00
2026-04-21,92755421,2117,0,608.9392278651,-405.9594852434,-405.9594852434,0E-7,2,2,0.49324550000000000,0.493245500000,-0.9865810262130424,-0.9865810262130424,-0.9865810262130424,0E-17,ELIGIBLE,R03b_20260811_FULL_v1,L1_ELIGIBILITY,v2026-08-11,2026-03-21..2026-08-06,baccarat_bet02_101_all_pairs_incl_sentinel,round_win = game_pnl > 0 (decisive only),COMPATIBILITY_ONLY_NOT_PRODUCTION,2500103.8841,2280641.3266,9883.8276,11764,10369,-0.00395337,-0.05088190,-0.00239824,-0.00395337,-9883.8276,2500103.8841,OK,0.0000,395.3531,4.0000,96.0000,AG03-UNRESOLVED,ALL5_LEVELS_bet23_to_bet27,395.3531,395.3531,395.3531,395.3531,395.3531,4.000000,4.000000,4.000000,4.000000,4.000000,96.000000,96.000000,96.000000,96.000000,96.000000,5.0,1976.7655,1824.8244,7907.0621,8059.0032,PENDING_AG03,FALSE,NOT_FOR_ENFORCEMENT,9488.4745,2189415.6736,9883.8276,9488.4745,395.3531,0.00395337,0.00379523,395.3531,9488.4745,0.00379523,395.3531,395.3531,395.3531,395.3531,395.3531,9488.4745,0.00379523,1976.7655,1824.8244,7907.0621,8059.0032,0.00316269,0.00322347,0.00015813,212.5216,219.9480,0.9532,119.0823,2.3972,30121.7335,124.9277,49.0469,238.9093,36.5364,75.9244,374.9013,749.8027,789.266,1183.8989,75.8035,-1.1839,10.395423,15.593133,2.799122,29,215,300,5,0.03207536,0.00395337,0.05088190,0E-8,0.000000,0.912219,0.000000,-0.04848366,2026-03-31,2026-08-01,83,4123,1621,124,0.669355,0.205295,0.230786,0.106918,,,,,,,,GLOBAL_BASELINE_NO_ENTITY_RANKING,,,NOT_APPLICABLE_GLOBAL_BASELINE,HF9g-P5,,,,X 全窗基线 · 不参与实体赏罚,15054995,1506,A168_HF9F_20260827_0900,2026-08-27 09:00:00
2026-04-21,92755421,2129,0,598.7902407340,202.9797426217,202.9797426217,0.6666667,3,3,0.49771390000000000,0.497713900000,0.5852756695216578,0.5852756695216578,0.5852756695216578,0E-17,ELIGIBLE,R03b_20260811_FULL_v1,L1_ELIGIBILITY,v2026-08-11,2026-03-21..2026-08-06,baccarat_bet02_101_all_pairs_incl_sentinel,round_win = game_pnl > 0 (decisive only),COMPATIBILITY_ONLY_NOT_PRODUCTION,2500103.8841,2280641.3266,9883.8276,11764,10369,-0.00395337,-0.05088190,-0.00239824,-0.00395337,-9883.8276,2500103.8841,OK,0.0000,395.3531,4.0000,96.0000,AG03-UNRESOLVED,ALL5_LEVELS_bet23_to_bet27,395.3531,395.3531,395.3531,395.3531,395.3531,4.000000,4.000000,4.000000,4.000000,4.000000,96.000000,96.000000,96.000000,96.000000,96.000000,5.0,1976.7655,1824.8244,7907.0621,8059.0032,PENDING_AG03,FALSE,NOT_FOR_ENFORCEMENT,9488.4745,2189415.6736,9883.8276,9488.4745,395.3531,0.00395337,0.00379523,395.3531,9488.4745,0.00379523,395.3531,395.3531,395.3531,395.3531,395.3531,9488.4745,0.00379523,1976.7655,1824.8244,7907.0621,8059.0032,0.00316269,0.00322347,0.00015813,212.5216,219.9480,0.9532,119.0823,2.3972,30121.7335,124.9277,49.0469,238.9093,36.5364,75.9244,374.9013,749.8027,789.266,1183.8989,75.8035,-1.1839,10.395423,15.593133,2.799122,29,215,300,5,0.03207536,0.00395337,0.05088190,0E-8,0.000000,0.912219,0.000000,-0.04848366,2026-03-31,2026-08-01,83,4123,1621,124,0.669355,0.205295,0.230786,0.106918,,,,,,,,GLOBAL_BASELINE_NO_ENTITY_RANKING,,,NOT_APPLICABLE_GLOBAL_BASELINE,HF9g-P5,,,,X 全窗基线 · 不参与实体赏罚,15054996,1506,A168_HF9F_20260827_0900,2026-08-27 09:00:00
2026-04-21,92755421,2134,0,202.9797426215,77.1323021962,77.1323021962,0.7500000,5,5,0.50128862000000000,0.501288620000,0.9948488239810122,0.9948488239810122,0.9948488239810122,0E-17,ELIGIBLE,R03b_20260811_FULL_v1,L1_ELIGIBILITY,v2026-08-11,2026-03-21..2026-08-06,baccarat_bet02_101_all_pairs_incl_sentinel,round_win = game_pnl > 0 (decisive only),COMPATIBILITY_ONLY_NOT_PRODUCTION,2500103.8841,2280641.3266,9883.8276,11764,10369,-0.00395337,-0.05088190,-0.00239824,-0.00395337,-9883.8276,2500103.8841,OK,0.0000,395.3531,4.0000,96.0000,AG03-UNRESOLVED,ALL5_LEVELS_bet23_to_bet27,395.3531,395.3531,395.3531,395.3531,395.3531,4.000000,4.000000,4.000000,4.000000,4.000000,96.000000,96.000000,96.000000,96.000000,96.000000,5.0,1976.7655,1824.8244,7907.0621,8059.0032,PENDING_AG03,FALSE,NOT_FOR_ENFORCEMENT,9488.4745,2189415.6736,9883.8276,9488.4745,395.3531,0.00395337,0.00379523,395.3531,9488.4745,0.00379523,395.3531,395.3531,395.3531,395.3531,395.3531,9488.4745,0.00379523,1976.7655,1824.8244,7907.0621,8059.0032,0.00316269,0.00322347,0.00015813,212.5216,219.9480,0.9532,119.0823,2.3972,30121.7335,124.9277,49.0469,238.9093,36.5364,75.9244,374.9013,749.8027,789.266,1183.8989,75.8035,-1.1839,10.395423,15.593133,2.799122,29,215,300,5,0.03207536,0.00395337,0.05088190,0E-8,0.000000,0.912219,0.000000,-0.04848366,2026-03-31,2026-08-01,83,4123,1621,124,0.669355,0.205295,0.230786,0.106918,,,,,,,,GLOBAL_BASELINE_NO_ENTITY_RANKING,,,NOT_APPLICABLE_GLOBAL_BASELINE,HF9g-P5,,,,X 全窗基线 · 不参与实体赏罚,15054997,1506,A168_HF9F_20260827_0900,2026-08-27 09:00:00
2026-04-21,92755421,2147,0,4748.9140583771,1805.9107701051,1805.9107701051,0.6923077,19,14,0.49611979693553611,0.429781371429,1.4147736350160582,1.9120534748031155,1.4147736350160582,0.06633842550653611,ELIGIBLE,R03b_20260811_FULL_v1,L1_ELIGIBILITY,v2026-08-11,2026-03-21..2026-08-06,baccarat_bet02_101_all_pairs_incl_sentinel,round_win = game_pnl > 0 (decisive only),COMPATIBILITY_ONLY_NOT_PRODUCTION,2500103.8841,2280641.3266,9883.8276,11764,10369,-0.00395337,-0.05088190,-0.00239824,-0.00395337,-9883.8276,2500103.8841,OK,0.0000,395.3531,4.0000,96.0000,AG03-UNRESOLVED,ALL5_LEVELS_bet23_to_bet27,395.3531,395.3531,395.3531,395.3531,395.3531,4.000000,4.000000,4.000000,4.000000,4.000000,96.000000,96.000000,96.000000,96.000000,96.000000,5.0,1976.7655,1824.8244,7907.0621,8059.0032,PENDING_AG03,FALSE,NOT_FOR_ENFORCEMENT,9488.4745,2189415.6736,9883.8276,9488.4745,395.3531,0.00395337,0.00379523,395.3531,9488.4745,0.00379523,395.3531,395.3531,395.3531,395.3531,395.3531,9488.4745,0.00379523,1976.7655,1824.8244,7907.0621,8059.0032,0.00316269,0.00322347,0.00015813,212.5216,219.9480,0.9532,119.0823,2.3972,30121.7335,124.9277,49.0469,238.9093,36.5364,75.9244,374.9013,749.8027,789.266,1183.8989,75.8035,-1.1839,10.395423,15.593133,2.799122,29,215,300,5,0.03207536,0.00395337,0.05088190,0E-8,0.000000,0.912219,0.000000,-0.04848366,2026-03-31,2026-08-01,83,4123,1621,124,0.669355,0.205295,0.230786,0.106918,,,,,,,,GLOBAL_BASELINE_NO_ENTITY_RANKING,,,NOT_APPLICABLE_GLOBAL_BASELINE,HF9g-P5,,,,X 全窗基线 · 不参与实体赏罚,15054998,1506,A168_HF9F_20260827_0900,2026-08-27 09:00:00
2026-04-21,92755421,2152,0,1664.4338894978,-771.3230219625,-771.3230219625,0.3333333,4,4,0.50329940000000000,0.503299400000,-0.5887925454369916,-0.5887925454369916,-0.5887925454369916,0E-17,ELIGIBLE,R03b_20260811_FULL_v1,L1_ELIGIBILITY,v2026-08-11,2026-03-21..2026-08-06,baccarat_bet02_101_all_pairs_incl_sentinel,round_win = game_pnl > 0 (decisive only),COMPATIBILITY_ONLY_NOT_PRODUCTION,2500103.8841,2280641.3266,9883.8276,11764,10369,-0.00395337,-0.05088190,-0.00239824,-0.00395337,-9883.8276,2500103.8841,OK,0.0000,395.3531,4.0000,96.0000,AG03-UNRESOLVED,ALL5_LEVELS_bet23_to_bet27,395.3531,395.3531,395.3531,395.3531,395.3531,4.000000,4.000000,4.000000,4.000000,4.000000,96.000000,96.000000,96.000000,96.000000,96.000000,5.0,1976.7655,1824.8244,7907.0621,8059.0032,PENDING_AG03,FALSE,NOT_FOR_ENFORCEMENT,9488.4745,2189415.6736,9883.8276,9488.4745,395.3531,0.00395337,0.00379523,395.3531,9488.4745,0.00379523,395.3531,395.3531,395.3531,395.3531,395.3531,9488.4745,0.00379523,1976.7655,1824.8244,7907.0621,8059.0032,0.00316269,0.00322347,0.00015813,212.5216,219.9480,0.9532,119.0823,2.3972,30121.7335,124.9277,49.0469,238.9093,36.5364,75.9244,374.9013,749.8027,789.266,1183.8989,75.8035,-1.1839,10.395423,15.593133,2.799122,29,215,300,5,0.03207536,0.00395337,0.05088190,0E-8,0.000000,0.912219,0.000000,-0.04848366,2026-03-31,2026-08-01,83,4123,1621,124,0.669355,0.205295,0.230786,0.106918,,,,,,,,GLOBAL_BASELINE_NO_ENTITY_RANKING,,,NOT_APPLICABLE_GLOBAL_BASELINE,HF9g-P5,,,,X 全窗基线 · 不参与实体赏罚,15054999,1506,A168_HF9F_20260827_0900,2026-08-27 09:00:00
2026-04-21,92755421,2153,0,20.2979742622,20.2979742622,20.2979742622,1.0000000,1,1,0.49324550000000000,0.493245500000,1.01360149184955,1.01360149184955,1.01360149184955,0E-17,ELIGIBLE,R03b_20260811_FULL_v1,L1_ELIGIBILITY,v2026-08-11,2026-03-21..2026-08-06,baccarat_bet02_101_all_pairs_incl_sentinel,round_win = game_pnl > 0 (decisive only),COMPATIBILITY_ONLY_NOT_PRODUCTION,2500103.8841,2280641.3266,9883.8276,11764,10369,-0.00395337,-0.05088190,-0.00239824,-0.00395337,-9883.8276,2500103.8841,OK,0.0000,395.3531,4.0000,96.0000,AG03-UNRESOLVED,ALL5_LEVELS_bet23_to_bet27,395.3531,395.3531,395.3531,395.3531,395.3531,4.000000,4.000000,4.000000,4.000000,4.000000,96.000000,96.000000,96.000000,96.000000,96.000000,5.0,1976.7655,1824.8244,7907.0621,8059.0032,PENDING_AG03,FALSE,NOT_FOR_ENFORCEMENT,9488.4745,2189415.6736,9883.8276,9488.4745,395.3531,0.00395337,0.00379523,395.3531,9488.4745,0.00379523,395.3531,395.3531,395.3531,395.3531,395.3531,9488.4745,0.00379523,1976.7655,1824.8244,7907.0621,8059.0032,0.00316269,0.00322347,0.00015813,212.5216,219.9480,0.9532,119.0823,2.3972,30121.7335,124.9277,49.0469,238.9093,36.5364,75.9244,374.9013,749.8027,789.266,1183.8989,75.8035,-1.1839,10.395423,15.593133,2.799122,29,215,300,5,0.03207536,0.00395337,0.05088190,0E-8,0.000000,0.912219,0.000000,-0.04848366,2026-03-31,2026-08-01,83,4123,1621,124,0.669355,0.205295,0.230786,0.106918,,,,,,,,GLOBAL_BASELINE_NO_ENTITY_RANKING,,,NOT_APPLICABLE_GLOBAL_BASELINE,HF9g-P5,,,,X 全窗基线 · 不参与实体赏罚,15055000,1506,A168_HF9F_20260827_0900,2026-08-27 09:00:00
2026-04-21,92755421,2167,0,1217.8784557302,-385.6615109812,-385.6615109812,0.5000000,4,4,0.49994810000000000,0.499948100000,0.00020760000111838688,0.00020760000111838688,0.00020760000111838688,0E-17,ELIGIBLE,R03b_20260811_FULL_v1,L1_ELIGIBILITY,v2026-08-11,2026-03-21..2026-08-06,baccarat_bet02_101_all_pairs_incl_sentinel,round_win = game_pnl > 0 (decisive only),COMPATIBILITY_ONLY_NOT_PRODUCTION,2500103.8841,2280641.3266,9883.8276,11764,10369,-0.00395337,-0.05088190,-0.00239824,-0.00395337,-9883.8276,2500103.8841,OK,0.0000,395.3531,4.0000,96.0000,AG03-UNRESOLVED,ALL5_LEVELS_bet23_to_bet27,395.3531,395.3531,395.3531,395.3531,395.3531,4.000000,4.000000,4.000000,4.000000,4.000000,96.000000,96.000000,96.000000,96.000000,96.000000,5.0,1976.7655,1824.8244,7907.0621,8059.0032,PENDING_AG03,FALSE,NOT_FOR_ENFORCEMENT,9488.4745,2189415.6736,9883.8276,9488.4745,395.3531,0.00395337,0.00379523,395.3531,9488.4745,0.00379523,395.3531,395.3531,395.3531,395.3531,395.3531,9488.4745,0.00379523,1976.7655,1824.8244,7907.0621,8059.0032,0.00316269,0.00322347,0.00015813,212.5216,219.9480,0.9532,119.0823,2.3972,30121.7335,124.9277,49.0469,238.9093,36.5364,75.9244,374.9013,749.8027,789.266,1183.8989,75.8035,-1.1839,10.395423,15.593133,2.799122,29,215,300,5,0.03207536,0.00395337,0.05088190,0E-8,0.000000,0.912219,0.000000,-0.04848366,2026-03-31,2026-08-01,83,4123,1621,124,0.669355,0.205295,0.230786,0.106918,,,,,,,,GLOBAL_BASELINE_NO_ENTITY_RANKING,,,NOT_APPLICABLE_GLOBAL_BASELINE,HF9g-P5,,,,X 全窗基线 · 不参与实体赏罚,15055001,1506,A168_HF9F_20260827_0900,2026-08-27 09:00:00
2026-04-21,92755421,2170,0,6086.5505622539,-1150.0832216943,-1150.0832216943,0.3571429,20,15,0.46754362234065525,0.389401000000,-0.8279097861141235,-0.24752940798165665,-0.8279097861141235,0.07814262234065525,ELIGIBLE,R03b_20260811_FULL_v1,L1_ELIGIBILITY,v2026-08-11,2026-03-21..2026-08-06,baccarat_bet02_101_all_pairs_incl_sentinel,round_win = game_pnl > 0 (decisive only),COMPATIBILITY_ONLY_NOT_PRODUCTION,2500103.8841,2280641.3266,9883.8276,11764,10369,-0.00395337,-0.05088190,-0.00239824,-0.00395337,-9883.8276,2500103.8841,OK,0.0000,395.3531,4.0000,96.0000,AG03-UNRESOLVED,ALL5_LEVELS_bet23_to_bet27,395.3531,395.3531,395.3531,395.3531,395.3531,4.000000,4.000000,4.000000,4.000000,4.000000,96.000000,96.000000,96.000000,96.000000,96.000000,5.0,1976.7655,1824.8244,7907.0621,8059.0032,PENDING_AG03,FALSE,NOT_FOR_ENFORCEMENT,9488.4745,2189415.6736,9883.8276,9488.4745,395.3531,0.00395337,0.00379523,395.3531,9488.4745,0.00379523,395.3531,395.3531,395.3531,395.3531,395.3531,9488.4745,0.00379523,1976.7655,1824.8244,7907.0621,8059.0032,0.00316269,0.00322347,0.00015813,212.5216,219.9480,0.9532,119.0823,2.3972,30121.7335,124.9277,49.0469,238.9093,36.5364,75.9244,374.9013,749.8027,789.266,1183.8989,75.8035,-1.1839,10.395423,15.593133,2.799122,29,215,300,5,0.03207536,0.00395337,0.05088190,0E-8,0.000000,0.912219,0.000000,-0.04848366,2026-03-31,2026-08-01,83,4123,1621,124,0.669355,0.205295,0.230786,0.106918,,,,,,,,GLOBAL_BASELINE_NO_ENTITY_RANKING,,,NOT_APPLICABLE_GLOBAL_BASELINE,HF9g-P5,,,,X 全窗基线 · 不参与实体赏罚,15055002,1506,A168_HF9F_20260827_0900,2026-08-27 09:00:00
2026-04-21,92755421,2174,0,1603.5399667114,-40.5959485244,-40.5959485244,0.5000000,4,4,0.50329940000000000,0.503299400000,-0.01319788734859681,-0.01319788734859681,-0.01319788734859681,0E-17,ELIGIBLE,R03b_20260811_FULL_v1,L1_ELIGIBILITY,v2026-08-11,2026-03-21..2026-08-06,baccarat_bet02_101_all_pairs_incl_sentinel,round_win = game_pnl > 0 (decisive only),COMPATIBILITY_ONLY_NOT_PRODUCTION,2500103.8841,2280641.3266,9883.8276,11764,10369,-0.00395337,-0.05088190,-0.00239824,-0.00395337,-9883.8276,2500103.8841,OK,0.0000,395.3531,4.0000,96.0000,AG03-UNRESOLVED,ALL5_LEVELS_bet23_to_bet27,395.3531,395.3531,395.3531,395.3531,395.3531,4.000000,4.000000,4.000000,4.000000,4.000000,96.000000,96.000000,96.000000,96.000000,96.000000,5.0,1976.7655,1824.8244,7907.0621,8059.0032,PENDING_AG03,FALSE,NOT_FOR_ENFORCEMENT,9488.4745,2189415.6736,9883.8276,9488.4745,395.3531,0.00395337,0.00379523,395.3531,9488.4745,0.00379523,395.3531,395.3531,395.3531,395.3531,395.3531,9488.4745,0.00379523,1976.7655,1824.8244,7907.0621,8059.0032,0.00316269,0.00322347,0.00015813,212.5216,219.9480,0.9532,119.0823,2.3972,30121.7335,124.9277,49.0469,238.9093,36.5364,75.9244,374.9013,749.8027,789.266,1183.8989,75.8035,-1.1839,10.395423,15.593133,2.799122,29,215,300,5,0.03207536,0.00395337,0.05088190,0E-8,0.000000,0.912219,0.000000,-0.04848366,2026-03-31,2026-08-01,83,4123,1621,124,0.669355,0.205295,0.230786,0.106918,,,,,,,,GLOBAL_BASELINE_NO_ENTITY_RANKING,,,NOT_APPLICABLE_GLOBAL_BASELINE,HF9g-P5,,,,X 全窗基线 · 不参与实体赏罚,15055003,1506,A168_HF9F_20260827_0900,2026-08-27 09:00:00
2026-04-21,92755421,2175,0,1583.2419924492,405.9594852434,405.9594852434,0.6666667,4,4,0.49659680000000000,0.496596800000,0.5891529468324541,0.589152946832454,0.5891529468324541,0E-17,ELIGIBLE,R03b_20260811_FULL_v1,L1_ELIGIBILITY,v2026-08-11,2026-03-21..2026-08-06,baccarat_bet02_101_all_pairs_incl_sentinel,round_win = game_pnl > 0 (decisive only),COMPATIBILITY_ONLY_NOT_PRODUCTION,2500103.8841,2280641.3266,9883.8276,11764,10369,-0.00395337,-0.05088190,-0.00239824,-0.00395337,-9883.8276,2500103.8841,OK,0.0000,395.3531,4.0000,96.0000,AG03-UNRESOLVED,ALL5_LEVELS_bet23_to_bet27,395.3531,395.3531,395.3531,395.3531,395.3531,4.000000,4.000000,4.000000,4.000000,4.000000,96.000000,96.000000,96.000000,96.000000,96.000000,5.0,1976.7655,1824.8244,7907.0621,8059.0032,PENDING_AG03,FALSE,NOT_FOR_ENFORCEMENT,9488.4745,2189415.6736,9883.8276,9488.4745,395.3531,0.00395337,0.00379523,395.3531,9488.4745,0.00379523,395.3531,395.3531,395.3531,395.3531,395.3531,9488.4745,0.00379523,1976.7655,1824.8244,7907.0621,8059.0032,0.00316269,0.00322347,0.00015813,212.5216,219.9480,0.9532,119.0823,2.3972,30121.7335,124.9277,49.0469,238.9093,36.5364,75.9244,374.9013,749.8027,789.266,1183.8989,75.8035,-1.1839,10.395423,15.593133,2.799122,29,215,300,5,0.03207536,0.00395337,0.05088190,0E-8,0.000000,0.912219,0.000000,-0.04848366,2026-03-31,2026-08-01,83,4123,1621,124,0.669355,0.205295,0.230786,0.106918,,,,,,,,GLOBAL_BASELINE_NO_ENTITY_RANKING,,,NOT_APPLICABLE_GLOBAL_BASELINE,HF9g-P5,,,,X 全窗基线 · 不参与实体赏罚,15055004,1506,A168_HF9F_20260827_0900,2026-08-27 09:00:00
2026-04-21,92755421,2177,0,202.9797426217,-202.9797426217,-202.9797426217,0E-7,1,1,0.49324550000000000,0.493245500000,-0.9865810262130424,-0.9865810262130424,-0.9865810262130424,0E-17,ELIGIBLE,R03b_20260811_FULL_v1,L1_ELIGIBILITY,v2026-08-11,2026-03-21..2026-08-06,baccarat_bet02_101_all_pairs_incl_sentinel,round_win = game_pnl > 0 (decisive only),COMPATIBILITY_ONLY_NOT_PRODUCTION,2500103.8841,2280641.3266,9883.8276,11764,10369,-0.00395337,-0.05088190,-0.00239824,-0.00395337,-9883.8276,2500103.8841,OK,0.0000,395.3531,4.0000,96.0000,AG03-UNRESOLVED,ALL5_LEVELS_bet23_to_bet27,395.3531,395.3531,395.3531,395.3531,395.3531,4.000000,4.000000,4.000000,4.000000,4.000000,96.000000,96.000000,96.000000,96.000000,96.000000,5.0,1976.7655,1824.8244,7907.0621,8059.0032,PENDING_AG03,FALSE,NOT_FOR_ENFORCEMENT,9488.4745,2189415.6736,9883.8276,9488.4745,395.3531,0.00395337,0.00379523,395.3531,9488.4745,0.00379523,395.3531,395.3531,395.3531,395.3531,395.3531,9488.4745,0.00379523,1976.7655,1824.8244,7907.0621,8059.0032,0.00316269,0.00322347,0.00015813,212.5216,219.9480,0.9532,119.0823,2.3972,30121.7335,124.9277,49.0469,238.9093,36.5364,75.9244,374.9013,749.8027,789.266,1183.8989,75.8035,-1.1839,10.395423,15.593133,2.799122,29,215,300,5,0.03207536,0.00395337,0.05088190,0E-8,0.000000,0.912219,0.000000,-0.04848366,2026-03-31,2026-08-01,83,4123,1621,124,0.669355,0.205295,0.230786,0.106918,,,,,,,,GLOBAL_BASELINE_NO_ENTITY_RANKING,,,NOT_APPLICABLE_GLOBAL_BASELINE,HF9g-P5,,,,X 全窗基线 · 不参与实体赏罚,15055005,1506,A168_HF9F_20260827_0900,2026-08-27 09:00:00
2026-04-21,92755421,2201,0,405.9594852434,-405.9594852434,-405.9594852434,0E-7,1,1,0.50665070000000000,0.506650700000,-1.013391052207602,-1.013391052207602,-1.013391052207602,0E-17,ELIGIBLE,R03b_20260811_FULL_v1,L1_ELIGIBILITY,v2026-08-11,2026-03-21..2026-08-06,baccarat_bet02_101_all_pairs_incl_sentinel,round_win = game_pnl > 0 (decisive only),COMPATIBILITY_ONLY_NOT_PRODUCTION,2500103.8841,2280641.3266,9883.8276,11764,10369,-0.00395337,-0.05088190,-0.00239824,-0.00395337,-9883.8276,2500103.8841,OK,0.0000,395.3531,4.0000,96.0000,AG03-UNRESOLVED,ALL5_LEVELS_bet23_to_bet27,395.3531,395.3531,395.3531,395.3531,395.3531,4.000000,4.000000,4.000000,4.000000,4.000000,96.000000,96.000000,96.000000,96.000000,96.000000,5.0,1976.7655,1824.8244,7907.0621,8059.0032,PENDING_AG03,FALSE,NOT_FOR_ENFORCEMENT,9488.4745,2189415.6736,9883.8276,9488.4745,395.3531,0.00395337,0.00379523,395.3531,9488.4745,0.00379523,395.3531,395.3531,395.3531,395.3531,395.3531,9488.4745,0.00379523,1976.7655,1824.8244,7907.0621,8059.0032,0.00316269,0.00322347,0.00015813,212.5216,219.9480,0.9532,119.0823,2.3972,30121.7335,124.9277,49.0469,238.9093,36.5364,75.9244,374.9013,749.8027,789.266,1183.8989,75.8035,-1.1839,10.395423,15.593133,2.799122,29,215,300,5,0.03207536,0.00395337,0.05088190,0E-8,0.000000,0.912219,0.000000,-0.04848366,2026-03-31,2026-08-01,83,4123,1621,124,0.669355,0.205295,0.230786,0.106918,,,,,,,,GLOBAL_BASELINE_NO_ENTITY_RANKING,,,NOT_APPLICABLE_GLOBAL_BASELINE,HF9g-P5,,,,X 全窗基线 · 不参与实体赏罚,15055006,1506,A168_HF9F_20260827_0900,2026-08-27 09:00:00
2026-04-21,92755421,2205,0,811.9189704867,-811.9189704867,-811.9189704867,0E-7,1,1,0.50665070000000000,0.506650700000,-1.013391052207602,-1.013391052207602,-1.013391052207602,0E-17,ELIGIBLE,R03b_20260811_FULL_v1,L1_ELIGIBILITY,v2026-08-11,2026-03-21..2026-08-06,baccarat_bet02_101_all_pairs_incl_sentinel,round_win = game_pnl > 0 (decisive only),COMPATIBILITY_ONLY_NOT_PRODUCTION,2500103.8841,2280641.3266,9883.8276,11764,10369,-0.00395337,-0.05088190,-0.00239824,-0.00395337,-9883.8276,2500103.8841,OK,0.0000,395.3531,4.0000,96.0000,AG03-UNRESOLVED,ALL5_LEVELS_bet23_to_bet27,395.3531,395.3531,395.3531,395.3531,395.3531,4.000000,4.000000,4.000000,4.000000,4.000000,96.000000,96.000000,96.000000,96.000000,96.000000,5.0,1976.7655,1824.8244,7907.0621,8059.0032,PENDING_AG03,FALSE,NOT_FOR_ENFORCEMENT,9488.4745,2189415.6736,9883.8276,9488.4745,395.3531,0.00395337,0.00379523,395.3531,9488.4745,0.00379523,395.3531,395.3531,395.3531,395.3531,395.3531,9488.4745,0.00379523,1976.7655,1824.8244,7907.0621,8059.0032,0.00316269,0.00322347,0.00015813,212.5216,219.9480,0.9532,119.0823,2.3972,30121.7335,124.9277,49.0469,238.9093,36.5364,75.9244,374.9013,749.8027,789.266,1183.8989,75.8035,-1.1839,10.395423,15.593133,2.799122,29,215,300,5,0.03207536,0.00395337,0.05088190,0E-8,0.000000,0.912219,0.000000,-0.04848366,2026-03-31,2026-08-01,83,4123,1621,124,0.669355,0.205295,0.230786,0.106918,,,,,,,,GLOBAL_BASELINE_NO_ENTITY_RANKING,,,NOT_APPLICABLE_GLOBAL_BASELINE,HF9g-P5,,,,X 全窗基线 · 不参与实体赏罚,15055007,1506,A168_HF9F_20260827_0900,2026-08-27 09:00:00
2026-04-21,92755421,2209,0,3209.1097308488,403.9296878172,403.9296878172,0.6666667,6,5,0.50372636034912918,0.455188080000,0.5644574543464204,0.7355433710507462,0.5644574543464204,0.04853828034912918,ELIGIBLE,R03b_20260811_FULL_v1,L1_ELIGIBILITY,v2026-08-11,2026-03-21..2026-08-06,baccarat_bet02_101_all_pairs_incl_sentinel,round_win = game_pnl > 0 (decisive only),COMPATIBILITY_ONLY_NOT_PRODUCTION,2500103.8841,2280641.3266,9883.8276,11764,10369,-0.00395337,-0.05088190,-0.00239824,-0.00395337,-9883.8276,2500103.8841,OK,0.0000,395.3531,4.0000,96.0000,AG03-UNRESOLVED,ALL5_LEVELS_bet23_to_bet27,395.3531,395.3531,395.3531,395.3531,395.3531,4.000000,4.000000,4.000000,4.000000,4.000000,96.000000,96.000000,96.000000,96.000000,96.000000,5.0,1976.7655,1824.8244,7907.0621,8059.0032,PENDING_AG03,FALSE,NOT_FOR_ENFORCEMENT,9488.4745,2189415.6736,9883.8276,9488.4745,395.3531,0.00395337,0.00379523,395.3531,9488.4745,0.00379523,395.3531,395.3531,395.3531,395.3531,395.3531,9488.4745,0.00379523,1976.7655,1824.8244,7907.0621,8059.0032,0.00316269,0.00322347,0.00015813,212.5216,219.9480,0.9532,119.0823,2.3972,30121.7335,124.9277,49.0469,238.9093,36.5364,75.9244,374.9013,749.8027,789.266,1183.8989,75.8035,-1.1839,10.395423,15.593133,2.799122,29,215,300,5,0.03207536,0.00395337,0.05088190,0E-8,0.000000,0.912219,0.000000,-0.04848366,2026-03-31,2026-08-01,83,4123,1621,124,0.669355,0.205295,0.230786,0.106918,,,,,,,,GLOBAL_BASELINE_NO_ENTITY_RANKING,,,NOT_APPLICABLE_GLOBAL_BASELINE,HF9g-P5,,,,X 全窗基线 · 不参与实体赏罚,15055008,1506,A168_HF9F_20260827_0900,2026-08-27 09:00:00
2026-04-21,92755421,2218,0,2435.7569114602,-1623.8379409735,-1623.8379409735,0E-7,4,4,0.50665070000000000,0.506650700000,-1.7552447903592512,-1.7552447903592512,-1.7552447903592512,0E-17,ELIGIBLE,R03b_20260811_FULL_v1,L1_ELIGIBILITY,v2026-08-11,2026-03-21..2026-08-06,baccarat_bet02_101_all_pairs_incl_sentinel,round_win = game_pnl > 0 (decisive only),COMPATIBILITY_ONLY_NOT_PRODUCTION,2500103.8841,2280641.3266,9883.8276,11764,10369,-0.00395337,-0.05088190,-0.00239824,-0.00395337,-9883.8276,2500103.8841,OK,0.0000,395.3531,4.0000,96.0000,AG03-UNRESOLVED,ALL5_LEVELS_bet23_to_bet27,395.3531,395.3531,395.3531,395.3531,395.3531,4.000000,4.000000,4.000000,4.000000,4.000000,96.000000,96.000000,96.000000,96.000000,96.000000,5.0,1976.7655,1824.8244,7907.0621,8059.0032,PENDING_AG03,FALSE,NOT_FOR_ENFORCEMENT,9488.4745,2189415.6736,9883.8276,9488.4745,395.3531,0.00395337,0.00379523,395.3531,9488.4745,0.00379523,395.3531,395.3531,395.3531,395.3531,395.3531,9488.4745,0.00379523,1976.7655,1824.8244,7907.0621,8059.0032,0.00316269,0.00322347,0.00015813,212.5216,219.9480,0.9532,119.0823,2.3972,30121.7335,124.9277,49.0469,238.9093,36.5364,75.9244,374.9013,749.8027,789.266,1183.8989,75.8035,-1.1839,10.395423,15.593133,2.799122,29,215,300,5,0.03207536,0.00395337,0.05088190,0E-8,0.000000,0.912219,0.000000,-0.04848366,2026-03-31,2026-08-01,83,4123,1621,124,0.669355,0.205295,0.230786,0.106918,,,,,,,,GLOBAL_BASELINE_NO_ENTITY_RANKING,,,NOT_APPLICABLE_GLOBAL_BASELINE,HF9g-P5,,,,X 全窗基线 · 不参与实体赏罚,15055009,1506,A168_HF9F_20260827_0900,2026-08-27 09:00:00
2026-04-21,92755421,2220,0,405.9594852434,-405.9594852434,-405.9594852434,0E-7,1,1,0.50665070000000000,0.506650700000,-1.013391052207602,-1.013391052207602,-1.013391052207602,0E-17,ELIGIBLE,R03b_20260811_FULL_v1,L1_ELIGIBILITY,v2026-08-11,2026-03-21..2026-08-06,baccarat_bet02_101_all_pairs_incl_sentinel,round_win = game_pnl > 0 (decisive only),COMPATIBILITY_ONLY_NOT_PRODUCTION,2500103.8841,2280641.3266,9883.8276,11764,10369,-0.00395337,-0.05088190,-0.00239824,-0.00395337,-9883.8276,2500103.8841,OK,0.0000,395.3531,4.0000,96.0000,AG03-UNRESOLVED,ALL5_LEVELS_bet23_to_bet27,395.3531,395.3531,395.3531,395.3531,395.3531,4.000000,4.000000,4.000000,4.000000,4.000000,96.000000,96.000000,96.000000,96.000000,96.000000,5.0,1976.7655,1824.8244,7907.0621,8059.0032,PENDING_AG03,FALSE,NOT_FOR_ENFORCEMENT,9488.4745,2189415.6736,9883.8276,9488.4745,395.3531,0.00395337,0.00379523,395.3531,9488.4745,0.00379523,395.3531,395.3531,395.3531,395.3531,395.3531,9488.4745,0.00379523,1976.7655,1824.8244,7907.0621,8059.0032,0.00316269,0.00322347,0.00015813,212.5216,219.9480,0.9532,119.0823,2.3972,30121.7335,124.9277,49.0469,238.9093,36.5364,75.9244,374.9013,749.8027,789.266,1183.8989,75.8035,-1.1839,10.395423,15.593133,2.799122,29,215,300,5,0.03207536,0.00395337,0.05088190,0E-8,0.000000,0.912219,0.000000,-0.04848366,2026-03-31,2026-08-01,83,4123,1621,124,0.669355,0.205295,0.230786,0.106918,,,,,,,,GLOBAL_BASELINE_NO_ENTITY_RANKING,,,NOT_APPLICABLE_GLOBAL_BASELINE,HF9g-P5,,,,X 全窗基线 · 不参与实体赏罚,15055010,1506,A168_HF9F_20260827_0900,2026-08-27 09:00:00
2026-04-21,92755421,2222,0,984.4517517152,558.1942922096,558.1942922096,0.8000000,5,5,0.50128862000000000,0.501288620000,1.335882339249048,1.335882339249048,1.335882339249048,0E-17,ELIGIBLE,R03b_20260811_FULL_v1,L1_ELIGIBILITY,v2026-08-11,2026-03-21..2026-08-06,baccarat_bet02_101_all_pairs_incl_sentinel,round_win = game_pnl > 0 (decisive only),COMPATIBILITY_ONLY_NOT_PRODUCTION,2500103.8841,2280641.3266,9883.8276,11764,10369,-0.00395337,-0.05088190,-0.00239824,-0.00395337,-9883.8276,2500103.8841,OK,0.0000,395.3531,4.0000,96.0000,AG03-UNRESOLVED,ALL5_LEVELS_bet23_to_bet27,395.3531,395.3531,395.3531,395.3531,395.3531,4.000000,4.000000,4.000000,4.000000,4.000000,96.000000,96.000000,96.000000,96.000000,96.000000,5.0,1976.7655,1824.8244,7907.0621,8059.0032,PENDING_AG03,FALSE,NOT_FOR_ENFORCEMENT,9488.4745,2189415.6736,9883.8276,9488.4745,395.3531,0.00395337,0.00379523,395.3531,9488.4745,0.00379523,395.3531,395.3531,395.3531,395.3531,395.3531,9488.4745,0.00379523,1976.7655,1824.8244,7907.0621,8059.0032,0.00316269,0.00322347,0.00015813,212.5216,219.9480,0.9532,119.0823,2.3972,30121.7335,124.9277,49.0469,238.9093,36.5364,75.9244,374.9013,749.8027,789.266,1183.8989,75.8035,-1.1839,10.395423,15.593133,2.799122,29,215,300,5,0.03207536,0.00395337,0.05088190,0E-8,0.000000,0.912219,0.000000,-0.04848366,2026-03-31,2026-08-01,83,4123,1621,124,0.669355,0.205295,0.230786,0.106918,,,,,,,,GLOBAL_BASELINE_NO_ENTITY_RANKING,,,NOT_APPLICABLE_GLOBAL_BASELINE,HF9g-P5,,,,X 全窗基线 · 不参与实体赏罚,15055011,1506,A168_HF9F_20260827_0900,2026-08-27 09:00:00
2026-04-21,92755421,2224,0,4810.6199001339,1583.2419924491,1583.2419924491,0.7142857,8,8,0.50162375000000000,0.501623750000,1.1253072755500886,1.1253072755500886,1.1253072755500886,0E-17,ELIGIBLE,R03b_20260811_FULL_v1,L1_ELIGIBILITY,v2026-08-11,2026-03-21..2026-08-06,baccarat_bet02_101_all_pairs_incl_sentinel,round_win = game_pnl > 0 (decisive only),COMPATIBILITY_ONLY_NOT_PRODUCTION,2500103.8841,2280641.3266,9883.8276,11764,10369,-0.00395337,-0.05088190,-0.00239824,-0.00395337,-9883.8276,2500103.8841,OK,0.0000,395.3531,4.0000,96.0000,AG03-UNRESOLVED,ALL5_LEVELS_bet23_to_bet27,395.3531,395.3531,395.3531,395.3531,395.3531,4.000000,4.000000,4.000000,4.000000,4.000000,96.000000,96.000000,96.000000,96.000000,96.000000,5.0,1976.7655,1824.8244,7907.0621,8059.0032,PENDING_AG03,FALSE,NOT_FOR_ENFORCEMENT,9488.4745,2189415.6736,9883.8276,9488.4745,395.3531,0.00395337,0.00379523,395.3531,9488.4745,0.00379523,395.3531,395.3531,395.3531,395.3531,395.3531,9488.4745,0.00379523,1976.7655,1824.8244,7907.0621,8059.0032,0.00316269,0.00322347,0.00015813,212.5216,219.9480,0.9532,119.0823,2.3972,30121.7335,124.9277,49.0469,238.9093,36.5364,75.9244,374.9013,749.8027,789.266,1183.8989,75.8035,-1.1839,10.395423,15.593133,2.799122,29,215,300,5,0.03207536,0.00395337,0.05088190,0E-8,0.000000,0.912219,0.000000,-0.04848366,2026-03-31,2026-08-01,83,4123,1621,124,0.669355,0.205295,0.230786,0.106918,,,,,,,,GLOBAL_BASELINE_NO_ENTITY_RANKING,,,NOT_APPLICABLE_GLOBAL_BASELINE,HF9g-P5,,,,X 全窗基线 · 不参与实体赏罚,15055012,1506,A168_HF9F_20260827_0900,2026-08-27 09:00:00
2026-04-21,92755421,2235,0,162.3837940972,38.5661510981,38.5661510981,0.6666667,4,4,0.50329940000000000,0.503299400000,0.5659331339966515,0.5659331339966515,0.5659331339966515,0E-17,ELIGIBLE,R03b_20260811_FULL_v1,L1_ELIGIBILITY,v2026-08-11,2026-03-21..2026-08-06,baccarat_bet02_101_all_pairs_incl_sentinel,round_win = game_pnl > 0 (decisive only),COMPATIBILITY_ONLY_NOT_PRODUCTION,2500103.8841,2280641.3266,9883.8276,11764,10369,-0.00395337,-0.05088190,-0.00239824,-0.00395337,-9883.8276,2500103.8841,OK,0.0000,395.3531,4.0000,96.0000,AG03-UNRESOLVED,ALL5_LEVELS_bet23_to_bet27,395.3531,395.3531,395.3531,395.3531,395.3531,4.000000,4.000000,4.000000,4.000000,4.000000,96.000000,96.000000,96.000000,96.000000,96.000000,5.0,1976.7655,1824.8244,7907.0621,8059.0032,PENDING_AG03,FALSE,NOT_FOR_ENFORCEMENT,9488.4745,2189415.6736,9883.8276,9488.4745,395.3531,0.00395337,0.00379523,395.3531,9488.4745,0.00379523,395.3531,395.3531,395.3531,395.3531,395.3531,9488.4745,0.00379523,1976.7655,1824.8244,7907.0621,8059.0032,0.00316269,0.00322347,0.00015813,212.5216,219.9480,0.9532,119.0823,2.3972,30121.7335,124.9277,49.0469,238.9093,36.5364,75.9244,374.9013,749.8027,789.266,1183.8989,75.8035,-1.1839,10.395423,15.593133,2.799122,29,215,300,5,0.03207536,0.00395337,0.05088190,0E-8,0.000000,0.912219,0.000000,-0.04848366,2026-03-31,2026-08-01,83,4123,1621,124,0.669355,0.205295,0.230786,0.106918,,,,,,,,GLOBAL_BASELINE_NO_ENTITY_RANKING,,,NOT_APPLICABLE_GLOBAL_BASELINE,HF9g-P5,,,,X 全窗基线 · 不参与实体赏罚,15055013,1506,A168_HF9F_20260827_0900,2026-08-27 09:00:00
2026-04-21,92755421,2241,0,405.9594852434,-405.9594852434,-405.9594852434,0E-7,1,1,0.50665070000000000,0.506650700000,-1.013391052207602,-1.013391052207602,-1.013391052207602,0E-17,ELIGIBLE,R03b_20260811_FULL_v1,L1_ELIGIBILITY,v2026-08-11,2026-03-21..2026-08-06,baccarat_bet02_101_all_pairs_incl_sentinel,round_win = game_pnl > 0 (decisive only),COMPATIBILITY_ONLY_NOT_PRODUCTION,2500103.8841,2280641.3266,9883.8276,11764,10369,-0.00395337,-0.05088190,-0.00239824,-0.00395337,-9883.8276,2500103.8841,OK,0.0000,395.3531,4.0000,96.0000,AG03-UNRESOLVED,ALL5_LEVELS_bet23_to_bet27,395.3531,395.3531,395.3531,395.3531,395.3531,4.000000,4.000000,4.000000,4.000000,4.000000,96.000000,96.000000,96.000000,96.000000,96.000000,5.0,1976.7655,1824.8244,7907.0621,8059.0032,PENDING_AG03,FALSE,NOT_FOR_ENFORCEMENT,9488.4745,2189415.6736,9883.8276,9488.4745,395.3531,0.00395337,0.00379523,395.3531,9488.4745,0.00379523,395.3531,395.3531,395.3531,395.3531,395.3531,9488.4745,0.00379523,1976.7655,1824.8244,7907.0621,8059.0032,0.00316269,0.00322347,0.00015813,212.5216,219.9480,0.9532,119.0823,2.3972,30121.7335,124.9277,49.0469,238.9093,36.5364,75.9244,374.9013,749.8027,789.266,1183.8989,75.8035,-1.1839,10.395423,15.593133,2.799122,29,215,300,5,0.03207536,0.00395337,0.05088190,0E-8,0.000000,0.912219,0.000000,-0.04848366,2026-03-31,2026-08-01,83,4123,1621,124,0.669355,0.205295,0.230786,0.106918,,,,,,,,GLOBAL_BASELINE_NO_ENTITY_RANKING,,,NOT_APPLICABLE_GLOBAL_BASELINE,HF9g-P5,,,,X 全窗基线 · 不参与实体赏罚,15055014,1506,A168_HF9F_20260827_0900,2026-08-27 09:00:00
2026-04-21,92755421,2246,0,60.8939227865,58.8641253603,58.8641253603,1.0000000,2,2,0.49994810000000000,0.499948100000,1.4143603653603398,1.4143603653603398,1.4143603653603398,0E-17,ELIGIBLE,R03b_20260811_FULL_v1,L1_ELIGIBILITY,v2026-08-11,2026-03-21..2026-08-06,baccarat_bet02_101_all_pairs_incl_sentinel,round_win = game_pnl > 0 (decisive only),COMPATIBILITY_ONLY_NOT_PRODUCTION,2500103.8841,2280641.3266,9883.8276,11764,10369,-0.00395337,-0.05088190,-0.00239824,-0.00395337,-9883.8276,2500103.8841,OK,0.0000,395.3531,4.0000,96.0000,AG03-UNRESOLVED,ALL5_LEVELS_bet23_to_bet27,395.3531,395.3531,395.3531,395.3531,395.3531,4.000000,4.000000,4.000000,4.000000,4.000000,96.000000,96.000000,96.000000,96.000000,96.000000,5.0,1976.7655,1824.8244,7907.0621,8059.0032,PENDING_AG03,FALSE,NOT_FOR_ENFORCEMENT,9488.4745,2189415.6736,9883.8276,9488.4745,395.3531,0.00395337,0.00379523,395.3531,9488.4745,0.00379523,395.3531,395.3531,395.3531,395.3531,395.3531,9488.4745,0.00379523,1976.7655,1824.8244,7907.0621,8059.0032,0.00316269,0.00322347,0.00015813,212.5216,219.9480,0.9532,119.0823,2.3972,30121.7335,124.9277,49.0469,238.9093,36.5364,75.9244,374.9013,749.8027,789.266,1183.8989,75.8035,-1.1839,10.395423,15.593133,2.799122,29,215,300,5,0.03207536,0.00395337,0.05088190,0E-8,0.000000,0.912219,0.000000,-0.04848366,2026-03-31,2026-08-01,83,4123,1621,124,0.669355,0.205295,0.230786,0.106918,,,,,,,,GLOBAL_BASELINE_NO_ENTITY_RANKING,,,NOT_APPLICABLE_GLOBAL_BASELINE,HF9g-P5,,,,X 全窗基线 · 不参与实体赏罚,15055015,1506,A168_HF9F_20260827_0900,2026-08-27 09:00:00
2026-04-21,92755421,2254,0,405.9594852434,-405.9594852434,-405.9594852434,0E-7,1,1,0.49324550000000000,0.493245500000,-0.9865810262130424,-0.9865810262130424,-0.9865810262130424,0E-17,ELIGIBLE,R03b_20260811_FULL_v1,L1_ELIGIBILITY,v2026-08-11,2026-03-21..2026-08-06,baccarat_bet02_101_all_pairs_incl_sentinel,round_win = game_pnl > 0 (decisive only),COMPATIBILITY_ONLY_NOT_PRODUCTION,2500103.8841,2280641.3266,9883.8276,11764,10369,-0.00395337,-0.05088190,-0.00239824,-0.00395337,-9883.8276,2500103.8841,OK,0.0000,395.3531,4.0000,96.0000,AG03-UNRESOLVED,ALL5_LEVELS_bet23_to_bet27,395.3531,395.3531,395.3531,395.3531,395.3531,4.000000,4.000000,4.000000,4.000000,4.000000,96.000000,96.000000,96.000000,96.000000,96.000000,5.0,1976.7655,1824.8244,7907.0621,8059.0032,PENDING_AG03,FALSE,NOT_FOR_ENFORCEMENT,9488.4745,2189415.6736,9883.8276,9488.4745,395.3531,0.00395337,0.00379523,395.3531,9488.4745,0.00379523,395.3531,395.3531,395.3531,395.3531,395.3531,9488.4745,0.00379523,1976.7655,1824.8244,7907.0621,8059.0032,0.00316269,0.00322347,0.00015813,212.5216,219.9480,0.9532,119.0823,2.3972,30121.7335,124.9277,49.0469,238.9093,36.5364,75.9244,374.9013,749.8027,789.266,1183.8989,75.8035,-1.1839,10.395423,15.593133,2.799122,29,215,300,5,0.03207536,0.00395337,0.05088190,0E-8,0.000000,0.912219,0.000000,-0.04848366,2026-03-31,2026-08-01,83,4123,1621,124,0.669355,0.205295,0.230786,0.106918,,,,,,,,GLOBAL_BASELINE_NO_ENTITY_RANKING,,,NOT_APPLICABLE_GLOBAL_BASELINE,HF9g-P5,,,,X 全窗基线 · 不参与实体赏罚,15055016,1506,A168_HF9F_20260827_0900,2026-08-27 09:00:00
2026-04-21,92755421,2258,0,405.9594852434,-405.9594852434,-405.9594852434,0E-7,1,1,0.50665070000000000,0.506650700000,-1.013391052207602,-1.013391052207602,-1.013391052207602,0E-17,ELIGIBLE,R03b_20260811_FULL_v1,L1_ELIGIBILITY,v2026-08-11,2026-03-21..2026-08-06,baccarat_bet02_101_all_pairs_incl_sentinel,round_win = game_pnl > 0 (decisive only),COMPATIBILITY_ONLY_NOT_PRODUCTION,2500103.8841,2280641.3266,9883.8276,11764,10369,-0.00395337,-0.05088190,-0.00239824,-0.00395337,-9883.8276,2500103.8841,OK,0.0000,395.3531,4.0000,96.0000,AG03-UNRESOLVED,ALL5_LEVELS_bet23_to_bet27,395.3531,395.3531,395.3531,395.3531,395.3531,4.000000,4.000000,4.000000,4.000000,4.000000,96.000000,96.000000,96.000000,96.000000,96.000000,5.0,1976.7655,1824.8244,7907.0621,8059.0032,PENDING_AG03,FALSE,NOT_FOR_ENFORCEMENT,9488.4745,2189415.6736,9883.8276,9488.4745,395.3531,0.00395337,0.00379523,395.3531,9488.4745,0.00379523,395.3531,395.3531,395.3531,395.3531,395.3531,9488.4745,0.00379523,1976.7655,1824.8244,7907.0621,8059.0032,0.00316269,0.00322347,0.00015813,212.5216,219.9480,0.9532,119.0823,2.3972,30121.7335,124.9277,49.0469,238.9093,36.5364,75.9244,374.9013,749.8027,789.266,1183.8989,75.8035,-1.1839,10.395423,15.593133,2.799122,29,215,300,5,0.03207536,0.00395337,0.05088190,0E-8,0.000000,0.912219,0.000000,-0.04848366,2026-03-31,2026-08-01,83,4123,1621,124,0.669355,0.205295,0.230786,0.106918,,,,,,,,GLOBAL_BASELINE_NO_ENTITY_RANKING,,,NOT_APPLICABLE_GLOBAL_BASELINE,HF9g-P5,,,,X 全窗基线 · 不参与实体赏罚,15055017,1506,A168_HF9F_20260827_0900,2026-08-27 09:00:00
2026-04-21,92755421,2266,0,405.9594852434,-405.9594852434,-405.9594852434,0E-7,1,1,0.50665070000000000,0.506650700000,-1.013391052207602,-1.013391052207602,-1.013391052207602,0E-17,ELIGIBLE,R03b_20260811_FULL_v1,L1_ELIGIBILITY,v2026-08-11,2026-03-21..2026-08-06,baccarat_bet02_101_all_pairs_incl_sentinel,round_win = game_pnl > 0 (decisive only),COMPATIBILITY_ONLY_NOT_PRODUCTION,2500103.8841,2280641.3266,9883.8276,11764,10369,-0.00395337,-0.05088190,-0.00239824,-0.00395337,-9883.8276,2500103.8841,OK,0.0000,395.3531,4.0000,96.0000,AG03-UNRESOLVED,ALL5_LEVELS_bet23_to_bet27,395.3531,395.3531,395.3531,395.3531,395.3531,4.000000,4.000000,4.000000,4.000000,4.000000,96.000000,96.000000,96.000000,96.000000,96.000000,5.0,1976.7655,1824.8244,7907.0621,8059.0032,PENDING_AG03,FALSE,NOT_FOR_ENFORCEMENT,9488.4745,2189415.6736,9883.8276,9488.4745,395.3531,0.00395337,0.00379523,395.3531,9488.4745,0.00379523,395.3531,395.3531,395.3531,395.3531,395.3531,9488.4745,0.00379523,1976.7655,1824.8244,7907.0621,8059.0032,0.00316269,0.00322347,0.00015813,212.5216,219.9480,0.9532,119.0823,2.3972,30121.7335,124.9277,49.0469,238.9093,36.5364,75.9244,374.9013,749.8027,789.266,1183.8989,75.8035,-1.1839,10.395423,15.593133,2.799122,29,215,300,5,0.03207536,0.00395337,0.05088190,0E-8,0.000000,0.912219,0.000000,-0.04848366,2026-03-31,2026-08-01,83,4123,1621,124,0.669355,0.205295,0.230786,0.106918,,,,,,,,GLOBAL_BASELINE_NO_ENTITY_RANKING,,,NOT_APPLICABLE_GLOBAL_BASELINE,HF9g-P5,,,,X 全窗基线 · 不参与实体赏罚,15055018,1506,A168_HF9F_20260827_0900,2026-08-27 09:00:00
2026-04-21,92755421,2271,0,1197.5804814680,1156.9845329436,1156.9845329436,1.0000000,3,3,0.50218230000000000,0.502182300000,1.724507524396475,1.7245075243964754,1.724507524396475,0E-17,ELIGIBLE,R03b_20260811_FULL_v1,L1_ELIGIBILITY,v2026-08-11,2026-03-21..2026-08-06,baccarat_bet02_101_all_pairs_incl_sentinel,round_win = game_pnl > 0 (decisive only),COMPATIBILITY_ONLY_NOT_PRODUCTION,2500103.8841,2280641.3266,9883.8276,11764,10369,-0.00395337,-0.05088190,-0.00239824,-0.00395337,-9883.8276,2500103.8841,OK,0.0000,395.3531,4.0000,96.0000,AG03-UNRESOLVED,ALL5_LEVELS_bet23_to_bet27,395.3531,395.3531,395.3531,395.3531,395.3531,4.000000,4.000000,4.000000,4.000000,4.000000,96.000000,96.000000,96.000000,96.000000,96.000000,5.0,1976.7655,1824.8244,7907.0621,8059.0032,PENDING_AG03,FALSE,NOT_FOR_ENFORCEMENT,9488.4745,2189415.6736,9883.8276,9488.4745,395.3531,0.00395337,0.00379523,395.3531,9488.4745,0.00379523,395.3531,395.3531,395.3531,395.3531,395.3531,9488.4745,0.00379523,1976.7655,1824.8244,7907.0621,8059.0032,0.00316269,0.00322347,0.00015813,212.5216,219.9480,0.9532,119.0823,2.3972,30121.7335,124.9277,49.0469,238.9093,36.5364,75.9244,374.9013,749.8027,789.266,1183.8989,75.8035,-1.1839,10.395423,15.593133,2.799122,29,215,300,5,0.03207536,0.00395337,0.05088190,0E-8,0.000000,0.912219,0.000000,-0.04848366,2026-03-31,2026-08-01,83,4123,1621,124,0.669355,0.205295,0.230786,0.106918,,,,,,,,GLOBAL_BASELINE_NO_ENTITY_RANKING,,,NOT_APPLICABLE_GLOBAL_BASELINE,HF9g-P5,,,,X 全窗基线 · 不参与实体赏罚,15055019,1506,A168_HF9F_20260827_0900,2026-08-27 09:00:00
2026-04-21,92755421,529,0,811.9189704868,771.3230219624,771.3230219624,1.0000000,2,2,0.50665070000000000,0.506650700000,1.3955260008387969,1.3955260008387969,1.3955260008387969,0E-17,ELIGIBLE,R03b_20260811_FULL_v1,L1_ELIGIBILITY,v2026-08-11,2026-03-21..2026-08-06,baccarat_bet02_101_all_pairs_incl_sentinel,round_win = game_pnl > 0 (decisive only),COMPATIBILITY_ONLY_NOT_PRODUCTION,2500103.8841,2280641.3266,9883.8276,11764,10369,-0.00395337,-0.05088190,-0.00239824,-0.00395337,-9883.8276,2500103.8841,OK,0.0000,395.3531,4.0000,96.0000,AG03-UNRESOLVED,ALL5_LEVELS_bet23_to_bet27,395.3531,395.3531,395.3531,395.3531,395.3531,4.000000,4.000000,4.000000,4.000000,4.000000,96.000000,96.000000,96.000000,96.000000,96.000000,5.0,1976.7655,1824.8244,7907.0621,8059.0032,PENDING_AG03,FALSE,NOT_FOR_ENFORCEMENT,9488.4745,2189415.6736,9883.8276,9488.4745,395.3531,0.00395337,0.00379523,395.3531,9488.4745,0.00379523,395.3531,395.3531,395.3531,395.3531,395.3531,9488.4745,0.00379523,1976.7655,1824.8244,7907.0621,8059.0032,0.00316269,0.00322347,0.00015813,212.5216,219.9480,0.9532,119.0823,2.3972,30121.7335,124.9277,49.0469,238.9093,36.5364,75.9244,374.9013,749.8027,789.266,1183.8989,75.8035,-1.1839,10.395423,15.593133,2.799122,29,215,300,5,0.03207536,0.00395337,0.05088190,0E-8,0.000000,0.912219,0.000000,-0.04848366,2026-03-31,2026-08-01,83,4123,1621,124,0.669355,0.205295,0.230786,0.106918,,,,,,,,GLOBAL_BASELINE_NO_ENTITY_RANKING,,,NOT_APPLICABLE_GLOBAL_BASELINE,HF9g-P5,,,,X 全窗基线 · 不参与实体赏罚,15055020,1506,A168_HF9F_20260827_0900,2026-08-27 09:00:00
2026-04-21,92755421,550,0,365.3635367190,-365.3635367190,-365.3635367190,0E-7,2,2,0.49324550000000000,0.493245500000,-1.3952362676504506,-1.3952362676504506,-1.3952362676504506,0E-17,ELIGIBLE,R03b_20260811_FULL_v1,L1_ELIGIBILITY,v2026-08-11,2026-03-21..2026-08-06,baccarat_bet02_101_all_pairs_incl_sentinel,round_win = game_pnl > 0 (decisive only),COMPATIBILITY_ONLY_NOT_PRODUCTION,2500103.8841,2280641.3266,9883.8276,11764,10369,-0.00395337,-0.05088190,-0.00239824,-0.00395337,-9883.8276,2500103.8841,OK,0.0000,395.3531,4.0000,96.0000,AG03-UNRESOLVED,ALL5_LEVELS_bet23_to_bet27,395.3531,395.3531,395.3531,395.3531,395.3531,4.000000,4.000000,4.000000,4.000000,4.000000,96.000000,96.000000,96.000000,96.000000,96.000000,5.0,1976.7655,1824.8244,7907.0621,8059.0032,PENDING_AG03,FALSE,NOT_FOR_ENFORCEMENT,9488.4745,2189415.6736,9883.8276,9488.4745,395.3531,0.00395337,0.00379523,395.3531,9488.4745,0.00379523,395.3531,395.3531,395.3531,395.3531,395.3531,9488.4745,0.00379523,1976.7655,1824.8244,7907.0621,8059.0032,0.00316269,0.00322347,0.00015813,212.5216,219.9480,0.9532,119.0823,2.3972,30121.7335,124.9277,49.0469,238.9093,36.5364,75.9244,374.9013,749.8027,789.266,1183.8989,75.8035,-1.1839,10.395423,15.593133,2.799122,29,215,300,5,0.03207536,0.00395337,0.05088190,0E-8,0.000000,0.912219,0.000000,-0.04848366,2026-03-31,2026-08-01,83,4123,1621,124,0.669355,0.205295,0.230786,0.106918,,,,,,,,GLOBAL_BASELINE_NO_ENTITY_RANKING,,,NOT_APPLICABLE_GLOBAL_BASELINE,HF9g-P5,,,,X 全窗基线 · 不参与实体赏罚,15055021,1506,A168_HF9F_20260827_0900,2026-08-27 09:00:00
2026-04-21,92755421,583,0,405.9594852434,-405.9594852434,-405.9594852434,0E-7,1,1,0.50665070000000000,0.506650700000,-1.013391052207602,-1.013391052207602,-1.013391052207602,0E-17,ELIGIBLE,R03b_20260811_FULL_v1,L1_ELIGIBILITY,v2026-08-11,2026-03-21..2026-08-06,baccarat_bet02_101_all_pairs_incl_sentinel,round_win = game_pnl > 0 (decisive only),COMPATIBILITY_ONLY_NOT_PRODUCTION,2500103.8841,2280641.3266,9883.8276,11764,10369,-0.00395337,-0.05088190,-0.00239824,-0.00395337,-9883.8276,2500103.8841,OK,0.0000,395.3531,4.0000,96.0000,AG03-UNRESOLVED,ALL5_LEVELS_bet23_to_bet27,395.3531,395.3531,395.3531,395.3531,395.3531,4.000000,4.000000,4.000000,4.000000,4.000000,96.000000,96.000000,96.000000,96.000000,96.000000,5.0,1976.7655,1824.8244,7907.0621,8059.0032,PENDING_AG03,FALSE,NOT_FOR_ENFORCEMENT,9488.4745,2189415.6736,9883.8276,9488.4745,395.3531,0.00395337,0.00379523,395.3531,9488.4745,0.00379523,395.3531,395.3531,395.3531,395.3531,395.3531,9488.4745,0.00379523,1976.7655,1824.8244,7907.0621,8059.0032,0.00316269,0.00322347,0.00015813,212.5216,219.9480,0.9532,119.0823,2.3972,30121.7335,124.9277,49.0469,238.9093,36.5364,75.9244,374.9013,749.8027,789.266,1183.8989,75.8035,-1.1839,10.395423,15.593133,2.799122,29,215,300,5,0.03207536,0.00395337,0.05088190,0E-8,0.000000,0.912219,0.000000,-0.04848366,2026-03-31,2026-08-01,83,4123,1621,124,0.669355,0.205295,0.230786,0.106918,,,,,,,,GLOBAL_BASELINE_NO_ENTITY_RANKING,,,NOT_APPLICABLE_GLOBAL_BASELINE,HF9g-P5,,,,X 全窗基线 · 不参与实体赏罚,15055022,1506,A168_HF9F_20260827_0900,2026-08-27 09:00:00
2026-04-21,92755421,772,0,2395.1609629358,811.9189704867,811.9189704867,0.6666667,3,3,0.49771390000000000,0.497713900000,0.5852756695216578,0.5852756695216578,0.5852756695216578,0E-17,ELIGIBLE,R03b_20260811_FULL_v1,L1_ELIGIBILITY,v2026-08-11,2026-03-21..2026-08-06,baccarat_bet02_101_all_pairs_incl_sentinel,round_win = game_pnl > 0 (decisive only),COMPATIBILITY_ONLY_NOT_PRODUCTION,2500103.8841,2280641.3266,9883.8276,11764,10369,-0.00395337,-0.05088190,-0.00239824,-0.00395337,-9883.8276,2500103.8841,OK,0.0000,395.3531,4.0000,96.0000,AG03-UNRESOLVED,ALL5_LEVELS_bet23_to_bet27,395.3531,395.3531,395.3531,395.3531,395.3531,4.000000,4.000000,4.000000,4.000000,4.000000,96.000000,96.000000,96.000000,96.000000,96.000000,5.0,1976.7655,1824.8244,7907.0621,8059.0032,PENDING_AG03,FALSE,NOT_FOR_ENFORCEMENT,9488.4745,2189415.6736,9883.8276,9488.4745,395.3531,0.00395337,0.00379523,395.3531,9488.4745,0.00379523,395.3531,395.3531,395.3531,395.3531,395.3531,9488.4745,0.00379523,1976.7655,1824.8244,7907.0621,8059.0032,0.00316269,0.00322347,0.00015813,212.5216,219.9480,0.9532,119.0823,2.3972,30121.7335,124.9277,49.0469,238.9093,36.5364,75.9244,374.9013,749.8027,789.266,1183.8989,75.8035,-1.1839,10.395423,15.593133,2.799122,29,215,300,5,0.03207536,0.00395337,0.05088190,0E-8,0.000000,0.912219,0.000000,-0.04848366,2026-03-31,2026-08-01,83,4123,1621,124,0.669355,0.205295,0.230786,0.106918,,,,,,,,GLOBAL_BASELINE_NO_ENTITY_RANKING,,,NOT_APPLICABLE_GLOBAL_BASELINE,HF9g-P5,,,,X 全窗基线 · 不参与实体赏罚,15055023,1506,A168_HF9F_20260827_0900,2026-08-27 09:00:00
2026-04-21,92755421,948,0,811.9189704868,-405.9594852434,-405.9594852434,0E-7,2,2,0.49324550000000000,0.493245500000,-0.9865810262130424,-0.9865810262130424,-0.9865810262130424,0E-17,ELIGIBLE,R03b_20260811_FULL_v1,L1_ELIGIBILITY,v2026-08-11,2026-03-21..2026-08-06,baccarat_bet02_101_all_pairs_incl_sentinel,round_win = game_pnl > 0 (decisive only),COMPATIBILITY_ONLY_NOT_PRODUCTION,2500103.8841,2280641.3266,9883.8276,11764,10369,-0.00395337,-0.05088190,-0.00239824,-0.00395337,-9883.8276,2500103.8841,OK,0.0000,395.3531,4.0000,96.0000,AG03-UNRESOLVED,ALL5_LEVELS_bet23_to_bet27,395.3531,395.3531,395.3531,395.3531,395.3531,4.000000,4.000000,4.000000,4.000000,4.000000,96.000000,96.000000,96.000000,96.000000,96.000000,5.0,1976.7655,1824.8244,7907.0621,8059.0032,PENDING_AG03,FALSE,NOT_FOR_ENFORCEMENT,9488.4745,2189415.6736,9883.8276,9488.4745,395.3531,0.00395337,0.00379523,395.3531,9488.4745,0.00379523,395.3531,395.3531,395.3531,395.3531,395.3531,9488.4745,0.00379523,1976.7655,1824.8244,7907.0621,8059.0032,0.00316269,0.00322347,0.00015813,212.5216,219.9480,0.9532,119.0823,2.3972,30121.7335,124.9277,49.0469,238.9093,36.5364,75.9244,374.9013,749.8027,789.266,1183.8989,75.8035,-1.1839,10.395423,15.593133,2.799122,29,215,300,5,0.03207536,0.00395337,0.05088190,0E-8,0.000000,0.912219,0.000000,-0.04848366,2026-03-31,2026-08-01,83,4123,1621,124,0.669355,0.205295,0.230786,0.106918,,,,,,,,GLOBAL_BASELINE_NO_ENTITY_RANKING,,,NOT_APPLICABLE_GLOBAL_BASELINE,HF9g-P5,,,,X 全窗基线 · 不参与实体赏罚,15055024,1506,A168_HF9F_20260827_0900,2026-08-27 09:00:00
2026-04-21,92755421,994,0,324.7675881947,-324.7675881947,-324.7675881947,0E-7,1,1,0.50665070000000000,0.506650700000,-1.013391052207602,-1.013391052207602,-1.013391052207602,0E-17,ELIGIBLE,R03b_20260811_FULL_v1,L1_ELIGIBILITY,v2026-08-11,2026-03-21..2026-08-06,baccarat_bet02_101_all_pairs_incl_sentinel,round_win = game_pnl > 0 (decisive only),COMPATIBILITY_ONLY_NOT_PRODUCTION,2500103.8841,2280641.3266,9883.8276,11764,10369,-0.00395337,-0.05088190,-0.00239824,-0.00395337,-9883.8276,2500103.8841,OK,0.0000,395.3531,4.0000,96.0000,AG03-UNRESOLVED,ALL5_LEVELS_bet23_to_bet27,395.3531,395.3531,395.3531,395.3531,395.3531,4.000000,4.000000,4.000000,4.000000,4.000000,96.000000,96.000000,96.000000,96.000000,96.000000,5.0,1976.7655,1824.8244,7907.0621,8059.0032,PENDING_AG03,FALSE,NOT_FOR_ENFORCEMENT,9488.4745,2189415.6736,9883.8276,9488.4745,395.3531,0.00395337,0.00379523,395.3531,9488.4745,0.00379523,395.3531,395.3531,395.3531,395.3531,395.3531,9488.4745,0.00379523,1976.7655,1824.8244,7907.0621,8059.0032,0.00316269,0.00322347,0.00015813,212.5216,219.9480,0.9532,119.0823,2.3972,30121.7335,124.9277,49.0469,238.9093,36.5364,75.9244,374.9013,749.8027,789.266,1183.8989,75.8035,-1.1839,10.395423,15.593133,2.799122,29,215,300,5,0.03207536,0.00395337,0.05088190,0E-8,0.000000,0.912219,0.000000,-0.04848366,2026-03-31,2026-08-01,83,4123,1621,124,0.669355,0.205295,0.230786,0.106918,,,,,,,,GLOBAL_BASELINE_NO_ENTITY_RANKING,,,NOT_APPLICABLE_GLOBAL_BASELINE,HF9g-P5,,,,X 全窗基线 · 不参与实体赏罚,15055025,1506,A168_HF9F_20260827_0900,2026-08-27 09:00:00
2026-04-22,92755421,-1,1,5606.3004912112,-1987.7806194942,-1987.7806194942,0.3636364,32,26,0.46299286709535421,0.419643119231,-0.934610084032568,-0.5323093976235478,-0.934610084032568,0.04334974786435421,SENTINEL_DEALER,R03b_20260811_FULL_v1,L1_ELIGIBILITY,v2026-08-11,2026-03-21..2026-08-06,baccarat_bet02_101_all_pairs_incl_sentinel,round_win = game_pnl > 0 (decisive only),COMPATIBILITY_ONLY_NOT_PRODUCTION,2500103.8841,2280641.3266,9883.8276,11764,10369,-0.00395337,-0.05088190,-0.00239824,-0.00395337,-9883.8276,2500103.8841,OK,0.0000,395.3531,4.0000,96.0000,AG03-UNRESOLVED,ALL5_LEVELS_bet23_to_bet27,395.3531,395.3531,395.3531,395.3531,395.3531,4.000000,4.000000,4.000000,4.000000,4.000000,96.000000,96.000000,96.000000,96.000000,96.000000,5.0,1976.7655,1824.8244,7907.0621,8059.0032,PENDING_AG03,FALSE,NOT_FOR_ENFORCEMENT,9488.4745,2189415.6736,9883.8276,9488.4745,395.3531,0.00395337,0.00379523,395.3531,9488.4745,0.00379523,395.3531,395.3531,395.3531,395.3531,395.3531,9488.4745,0.00379523,1976.7655,1824.8244,7907.0621,8059.0032,0.00316269,0.00322347,0.00015813,212.5216,219.9480,0.9532,119.0823,2.3972,30121.7335,124.9277,49.0469,238.9093,36.5364,75.9244,374.9013,749.8027,789.266,1183.8989,75.8035,-1.1839,10.395423,15.593133,2.799122,29,215,300,5,0.03207536,0.00395337,0.05088190,0E-8,0.000000,0.912219,0.000000,-0.04848366,2026-03-31,2026-08-01,83,4123,1621,124,0.669355,0.205295,0.230786,0.106918,,,,,,,,GLOBAL_BASELINE_NO_ENTITY_RANKING,,,NOT_APPLICABLE_GLOBAL_BASELINE,HF9g-P5,,,,X 全窗基线 · 不参与实体赏罚,15055026,1506,A168_HF9F_20260827_0900,2026-08-27 09:00:00
2026-04-22,92755421,1017,0,2009.4994519548,-405.9594852434,-405.9594852434,0.4000000,5,5,0.49592654000000000,0.495926540000,-0.42901076602576227,-0.42901076602576227,-0.42901076602576227,0E-17,ELIGIBLE,R03b_20260811_FULL_v1,L1_ELIGIBILITY,v2026-08-11,2026-03-21..2026-08-06,baccarat_bet02_101_all_pairs_incl_sentinel,round_win = game_pnl > 0 (decisive only),COMPATIBILITY_ONLY_NOT_PRODUCTION,2500103.8841,2280641.3266,9883.8276,11764,10369,-0.00395337,-0.05088190,-0.00239824,-0.00395337,-9883.8276,2500103.8841,OK,0.0000,395.3531,4.0000,96.0000,AG03-UNRESOLVED,ALL5_LEVELS_bet23_to_bet27,395.3531,395.3531,395.3531,395.3531,395.3531,4.000000,4.000000,4.000000,4.000000,4.000000,96.000000,96.000000,96.000000,96.000000,96.000000,5.0,1976.7655,1824.8244,7907.0621,8059.0032,PENDING_AG03,FALSE,NOT_FOR_ENFORCEMENT,9488.4745,2189415.6736,9883.8276,9488.4745,395.3531,0.00395337,0.00379523,395.3531,9488.4745,0.00379523,395.3531,395.3531,395.3531,395.3531,395.3531,9488.4745,0.00379523,1976.7655,1824.8244,7907.0621,8059.0032,0.00316269,0.00322347,0.00015813,212.5216,219.9480,0.9532,119.0823,2.3972,30121.7335,124.9277,49.0469,238.9093,36.5364,75.9244,374.9013,749.8027,789.266,1183.8989,75.8035,-1.1839,10.395423,15.593133,2.799122,29,215,300,5,0.03207536,0.00395337,0.05088190,0E-8,0.000000,0.912219,0.000000,-0.04848366,2026-03-31,2026-08-01,83,4123,1621,124,0.669355,0.205295,0.230786,0.106918,,,,,,,,GLOBAL_BASELINE_NO_ENTITY_RANKING,,,NOT_APPLICABLE_GLOBAL_BASELINE,HF9g-P5,,,,X 全窗基线 · 不参与实体赏罚,15055027,1506,A168_HF9F_20260827_0900,2026-08-27 09:00:00
2026-04-22,92755421,1109,0,811.9189704868,405.9594852434,405.9594852434,1.0000000,2,2,0.49324550000000000,0.493245500000,1.01360149184955,1.01360149184955,1.01360149184955,0E-17,ELIGIBLE,R03b_20260811_FULL_v1,L1_ELIGIBILITY,v2026-08-11,2026-03-21..2026-08-06,baccarat_bet02_101_all_pairs_incl_sentinel,round_win = game_pnl > 0 (decisive only),COMPATIBILITY_ONLY_NOT_PRODUCTION,2500103.8841,2280641.3266,9883.8276,11764,10369,-0.00395337,-0.05088190,-0.00239824,-0.00395337,-9883.8276,2500103.8841,OK,0.0000,395.3531,4.0000,96.0000,AG03-UNRESOLVED,ALL5_LEVELS_bet23_to_bet27,395.3531,395.3531,395.3531,395.3531,395.3531,4.000000,4.000000,4.000000,4.000000,4.000000,96.000000,96.000000,96.000000,96.000000,96.000000,5.0,1976.7655,1824.8244,7907.0621,8059.0032,PENDING_AG03,FALSE,NOT_FOR_ENFORCEMENT,9488.4745,2189415.6736,9883.8276,9488.4745,395.3531,0.00395337,0.00379523,395.3531,9488.4745,0.00379523,395.3531,395.3531,395.3531,395.3531,395.3531,9488.4745,0.00379523,1976.7655,1824.8244,7907.0621,8059.0032,0.00316269,0.00322347,0.00015813,212.5216,219.9480,0.9532,119.0823,2.3972,30121.7335,124.9277,49.0469,238.9093,36.5364,75.9244,374.9013,749.8027,789.266,1183.8989,75.8035,-1.1839,10.395423,15.593133,2.799122,29,215,300,5,0.03207536,0.00395337,0.05088190,0E-8,0.000000,0.912219,0.000000,-0.04848366,2026-03-31,2026-08-01,83,4123,1621,124,0.669355,0.205295,0.230786,0.106918,,,,,,,,GLOBAL_BASELINE_NO_ENTITY_RANKING,,,NOT_APPLICABLE_GLOBAL_BASELINE,HF9g-P5,,,,X 全窗基线 · 不参与实体赏罚,15055028,1506,A168_HF9F_20260827_0900,2026-08-27 09:00:00
2026-04-22,92755421,1157,0,791.6209962246,0E-10,0E-10,0.5000000,2,2,0.50665070000000000,0.506650700000,-0.018812684590367487,-0.018812684590367487,-0.018812684590367487,0E-17,ELIGIBLE,R03b_20260811_FULL_v1,L1_ELIGIBILITY,v2026-08-11,2026-03-21..2026-08-06,baccarat_bet02_101_all_pairs_incl_sentinel,round_win = game_pnl > 0 (decisive only),COMPATIBILITY_ONLY_NOT_PRODUCTION,2500103.8841,2280641.3266,9883.8276,11764,10369,-0.00395337,-0.05088190,-0.00239824,-0.00395337,-9883.8276,2500103.8841,OK,0.0000,395.3531,4.0000,96.0000,AG03-UNRESOLVED,ALL5_LEVELS_bet23_to_bet27,395.3531,395.3531,395.3531,395.3531,395.3531,4.000000,4.000000,4.000000,4.000000,4.000000,96.000000,96.000000,96.000000,96.000000,96.000000,5.0,1976.7655,1824.8244,7907.0621,8059.0032,PENDING_AG03,FALSE,NOT_FOR_ENFORCEMENT,9488.4745,2189415.6736,9883.8276,9488.4745,395.3531,0.00395337,0.00379523,395.3531,9488.4745,0.00379523,395.3531,395.3531,395.3531,395.3531,395.3531,9488.4745,0.00379523,1976.7655,1824.8244,7907.0621,8059.0032,0.00316269,0.00322347,0.00015813,212.5216,219.9480,0.9532,119.0823,2.3972,30121.7335,124.9277,49.0469,238.9093,36.5364,75.9244,374.9013,749.8027,789.266,1183.8989,75.8035,-1.1839,10.395423,15.593133,2.799122,29,215,300,5,0.03207536,0.00395337,0.05088190,0E-8,0.000000,0.912219,0.000000,-0.04848366,2026-03-31,2026-08-01,83,4123,1621,124,0.669355,0.205295,0.230786,0.106918,,,,,,,,GLOBAL_BASELINE_NO_ENTITY_RANKING,,,NOT_APPLICABLE_GLOBAL_BASELINE,HF9g-P5,,,,X 全窗基线 · 不参与实体赏罚,15055029,1506,A168_HF9F_20260827_0900,2026-08-27 09:00:00
2026-04-22,92755421,1330,0,224.0896358543,-21.1098932327,-21.1098932327,0.5000000,3,2,0.49136291825393697,0.374642850000,0.024433001925066873,0.3662615454285476,0.024433001925066873,0.11672006825393697,ELIGIBLE,R03b_20260811_FULL_v1,L1_ELIGIBILITY,v2026-08-11,2026-03-21..2026-08-06,baccarat_bet02_101_all_pairs_incl_sentinel,round_win = game_pnl > 0 (decisive only),COMPATIBILITY_ONLY_NOT_PRODUCTION,2500103.8841,2280641.3266,9883.8276,11764,10369,-0.00395337,-0.05088190,-0.00239824,-0.00395337,-9883.8276,2500103.8841,OK,0.0000,395.3531,4.0000,96.0000,AG03-UNRESOLVED,ALL5_LEVELS_bet23_to_bet27,395.3531,395.3531,395.3531,395.3531,395.3531,4.000000,4.000000,4.000000,4.000000,4.000000,96.000000,96.000000,96.000000,96.000000,96.000000,5.0,1976.7655,1824.8244,7907.0621,8059.0032,PENDING_AG03,FALSE,NOT_FOR_ENFORCEMENT,9488.4745,2189415.6736,9883.8276,9488.4745,395.3531,0.00395337,0.00379523,395.3531,9488.4745,0.00379523,395.3531,395.3531,395.3531,395.3531,395.3531,9488.4745,0.00379523,1976.7655,1824.8244,7907.0621,8059.0032,0.00316269,0.00322347,0.00015813,212.5216,219.9480,0.9532,119.0823,2.3972,30121.7335,124.9277,49.0469,238.9093,36.5364,75.9244,374.9013,749.8027,789.266,1183.8989,75.8035,-1.1839,10.395423,15.593133,2.799122,29,215,300,5,0.03207536,0.00395337,0.05088190,0E-8,0.000000,0.912219,0.000000,-0.04848366,2026-03-31,2026-08-01,83,4123,1621,124,0.669355,0.205295,0.230786,0.106918,,,,,,,,GLOBAL_BASELINE_NO_ENTITY_RANKING,,,NOT_APPLICABLE_GLOBAL_BASELINE,HF9g-P5,,,,X 全窗基线 · 不参与实体赏罚,15055030,1506,A168_HF9F_20260827_0900,2026-08-27 09:00:00
2026-04-22,92755421,1353,0,162.3837940973,-162.3837940973,-162.3837940973,0E-7,1,1,0.50665070000000000,0.506650700000,-1.013391052207602,-1.013391052207602,-1.013391052207602,0E-17,ELIGIBLE,R03b_20260811_FULL_v1,L1_ELIGIBILITY,v2026-08-11,2026-03-21..2026-08-06,baccarat_bet02_101_all_pairs_incl_sentinel,round_win = game_pnl > 0 (decisive only),COMPATIBILITY_ONLY_NOT_PRODUCTION,2500103.8841,2280641.3266,9883.8276,11764,10369,-0.00395337,-0.05088190,-0.00239824,-0.00395337,-9883.8276,2500103.8841,OK,0.0000,395.3531,4.0000,96.0000,AG03-UNRESOLVED,ALL5_LEVELS_bet23_to_bet27,395.3531,395.3531,395.3531,395.3531,395.3531,4.000000,4.000000,4.000000,4.000000,4.000000,96.000000,96.000000,96.000000,96.000000,96.000000,5.0,1976.7655,1824.8244,7907.0621,8059.0032,PENDING_AG03,FALSE,NOT_FOR_ENFORCEMENT,9488.4745,2189415.6736,9883.8276,9488.4745,395.3531,0.00395337,0.00379523,395.3531,9488.4745,0.00379523,395.3531,395.3531,395.3531,395.3531,395.3531,9488.4745,0.00379523,1976.7655,1824.8244,7907.0621,8059.0032,0.00316269,0.00322347,0.00015813,212.5216,219.9480,0.9532,119.0823,2.3972,30121.7335,124.9277,49.0469,238.9093,36.5364,75.9244,374.9013,749.8027,789.266,1183.8989,75.8035,-1.1839,10.395423,15.593133,2.799122,29,215,300,5,0.03207536,0.00395337,0.05088190,0E-8,0.000000,0.912219,0.000000,-0.04848366,2026-03-31,2026-08-01,83,4123,1621,124,0.669355,0.205295,0.230786,0.106918,,,,,,,,GLOBAL_BASELINE_NO_ENTITY_RANKING,,,NOT_APPLICABLE_GLOBAL_BASELINE,HF9g-P5,,,,X 全窗基线 · 不参与实体赏罚,15055031,1506,A168_HF9F_20260827_0900,2026-08-27 09:00:00
2026-04-22,92755421,1374,0,811.9189704868,-811.9189704868,-811.9189704868,0E-7,2,2,0.49994810000000000,0.499948100000,-1.4140667746232096,-1.4140667746232096,-1.4140667746232096,0E-17,ELIGIBLE,R03b_20260811_FULL_v1,L1_ELIGIBILITY,v2026-08-11,2026-03-21..2026-08-06,baccarat_bet02_101_all_pairs_incl_sentinel,round_win = game_pnl > 0 (decisive only),COMPATIBILITY_ONLY_NOT_PRODUCTION,2500103.8841,2280641.3266,9883.8276,11764,10369,-0.00395337,-0.05088190,-0.00239824,-0.00395337,-9883.8276,2500103.8841,OK,0.0000,395.3531,4.0000,96.0000,AG03-UNRESOLVED,ALL5_LEVELS_bet23_to_bet27,395.3531,395.3531,395.3531,395.3531,395.3531,4.000000,4.000000,4.000000,4.000000,4.000000,96.000000,96.000000,96.000000,96.000000,96.000000,5.0,1976.7655,1824.8244,7907.0621,8059.0032,PENDING_AG03,FALSE,NOT_FOR_ENFORCEMENT,9488.4745,2189415.6736,9883.8276,9488.4745,395.3531,0.00395337,0.00379523,395.3531,9488.4745,0.00379523,395.3531,395.3531,395.3531,395.3531,395.3531,9488.4745,0.00379523,1976.7655,1824.8244,7907.0621,8059.0032,0.00316269,0.00322347,0.00015813,212.5216,219.9480,0.9532,119.0823,2.3972,30121.7335,124.9277,49.0469,238.9093,36.5364,75.9244,374.9013,749.8027,789.266,1183.8989,75.8035,-1.1839,10.395423,15.593133,2.799122,29,215,300,5,0.03207536,0.00395337,0.05088190,0E-8,0.000000,0.912219,0.000000,-0.04848366,2026-03-31,2026-08-01,83,4123,1621,124,0.669355,0.205295,0.230786,0.106918,,,,,,,,GLOBAL_BASELINE_NO_ENTITY_RANKING,,,NOT_APPLICABLE_GLOBAL_BASELINE,HF9g-P5,,,,X 全窗基线 · 不参与实体赏罚,15055032,1506,A168_HF9F_20260827_0900,2026-08-27 09:00:00
2026-04-22,92755421,1384,0,202.9797426217,-202.9797426217,-202.9797426217,0E-7,1,1,0.49324550000000000,0.493245500000,-0.9865810262130424,-0.9865810262130424,-0.9865810262130424,0E-17,ELIGIBLE,R03b_20260811_FULL_v1,L1_ELIGIBILITY,v2026-08-11,2026-03-21..2026-08-06,baccarat_bet02_101_all_pairs_incl_sentinel,round_win = game_pnl > 0 (decisive only),COMPATIBILITY_ONLY_NOT_PRODUCTION,2500103.8841,2280641.3266,9883.8276,11764,10369,-0.00395337,-0.05088190,-0.00239824,-0.00395337,-9883.8276,2500103.8841,OK,0.0000,395.3531,4.0000,96.0000,AG03-UNRESOLVED,ALL5_LEVELS_bet23_to_bet27,395.3531,395.3531,395.3531,395.3531,395.3531,4.000000,4.000000,4.000000,4.000000,4.000000,96.000000,96.000000,96.000000,96.000000,96.000000,5.0,1976.7655,1824.8244,7907.0621,8059.0032,PENDING_AG03,FALSE,NOT_FOR_ENFORCEMENT,9488.4745,2189415.6736,9883.8276,9488.4745,395.3531,0.00395337,0.00379523,395.3531,9488.4745,0.00379523,395.3531,395.3531,395.3531,395.3531,395.3531,9488.4745,0.00379523,1976.7655,1824.8244,7907.0621,8059.0032,0.00316269,0.00322347,0.00015813,212.5216,219.9480,0.9532,119.0823,2.3972,30121.7335,124.9277,49.0469,238.9093,36.5364,75.9244,374.9013,749.8027,789.266,1183.8989,75.8035,-1.1839,10.395423,15.593133,2.799122,29,215,300,5,0.03207536,0.00395337,0.05088190,0E-8,0.000000,0.912219,0.000000,-0.04848366,2026-03-31,2026-08-01,83,4123,1621,124,0.669355,0.205295,0.230786,0.106918,,,,,,,,GLOBAL_BASELINE_NO_ENTITY_RANKING,,,NOT_APPLICABLE_GLOBAL_BASELINE,HF9g-P5,,,,X 全窗基线 · 不参与实体赏罚,15055033,1506,A168_HF9F_20260827_0900,2026-08-27 09:00:00
2026-04-22,92755421,1703,0,121.7878455730,-121.7878455730,-121.7878455730,0E-7,1,1,0.49324550000000000,0.493245500000,-0.9865810262130424,-0.9865810262130424,-0.9865810262130424,0E-17,ELIGIBLE,R03b_20260811_FULL_v1,L1_ELIGIBILITY,v2026-08-11,2026-03-21..2026-08-06,baccarat_bet02_101_all_pairs_incl_sentinel,round_win = game_pnl > 0 (decisive only),COMPATIBILITY_ONLY_NOT_PRODUCTION,2500103.8841,2280641.3266,9883.8276,11764,10369,-0.00395337,-0.05088190,-0.00239824,-0.00395337,-9883.8276,2500103.8841,OK,0.0000,395.3531,4.0000,96.0000,AG03-UNRESOLVED,ALL5_LEVELS_bet23_to_bet27,395.3531,395.3531,395.3531,395.3531,395.3531,4.000000,4.000000,4.000000,4.000000,4.000000,96.000000,96.000000,96.000000,96.000000,96.000000,5.0,1976.7655,1824.8244,7907.0621,8059.0032,PENDING_AG03,FALSE,NOT_FOR_ENFORCEMENT,9488.4745,2189415.6736,9883.8276,9488.4745,395.3531,0.00395337,0.00379523,395.3531,9488.4745,0.00379523,395.3531,395.3531,395.3531,395.3531,395.3531,9488.4745,0.00379523,1976.7655,1824.8244,7907.0621,8059.0032,0.00316269,0.00322347,0.00015813,212.5216,219.9480,0.9532,119.0823,2.3972,30121.7335,124.9277,49.0469,238.9093,36.5364,75.9244,374.9013,749.8027,789.266,1183.8989,75.8035,-1.1839,10.395423,15.593133,2.799122,29,215,300,5,0.03207536,0.00395337,0.05088190,0E-8,0.000000,0.912219,0.000000,-0.04848366,2026-03-31,2026-08-01,83,4123,1621,124,0.669355,0.205295,0.230786,0.106918,,,,,,,,GLOBAL_BASELINE_NO_ENTITY_RANKING,,,NOT_APPLICABLE_GLOBAL_BASELINE,HF9g-P5,,,,X 全窗基线 · 不参与实体赏罚,15055034,1506,A168_HF9F_20260827_0900,2026-08-27 09:00:00
2026-04-22,92755421,2130,0,2435.7569114604,0E-10,0E-10,0.5000000,6,6,0.49994810000000000,0.499948100000,0.00025425703667063243,0.00025425703667063243,0.00025425703667063243,0E-17,ELIGIBLE,R03b_20260811_FULL_v1,L1_ELIGIBILITY,v2026-08-11,2026-03-21..2026-08-06,baccarat_bet02_101_all_pairs_incl_sentinel,round_win = game_pnl > 0 (decisive only),COMPATIBILITY_ONLY_NOT_PRODUCTION,2500103.8841,2280641.3266,9883.8276,11764,10369,-0.00395337,-0.05088190,-0.00239824,-0.00395337,-9883.8276,2500103.8841,OK,0.0000,395.3531,4.0000,96.0000,AG03-UNRESOLVED,ALL5_LEVELS_bet23_to_bet27,395.3531,395.3531,395.3531,395.3531,395.3531,4.000000,4.000000,4.000000,4.000000,4.000000,96.000000,96.000000,96.000000,96.000000,96.000000,5.0,1976.7655,1824.8244,7907.0621,8059.0032,PENDING_AG03,FALSE,NOT_FOR_ENFORCEMENT,9488.4745,2189415.6736,9883.8276,9488.4745,395.3531,0.00395337,0.00379523,395.3531,9488.4745,0.00379523,395.3531,395.3531,395.3531,395.3531,395.3531,9488.4745,0.00379523,1976.7655,1824.8244,7907.0621,8059.0032,0.00316269,0.00322347,0.00015813,212.5216,219.9480,0.9532,119.0823,2.3972,30121.7335,124.9277,49.0469,238.9093,36.5364,75.9244,374.9013,749.8027,789.266,1183.8989,75.8035,-1.1839,10.395423,15.593133,2.799122,29,215,300,5,0.03207536,0.00395337,0.05088190,0E-8,0.000000,0.912219,0.000000,-0.04848366,2026-03-31,2026-08-01,83,4123,1621,124,0.669355,0.205295,0.230786,0.106918,,,,,,,,GLOBAL_BASELINE_NO_ENTITY_RANKING,,,NOT_APPLICABLE_GLOBAL_BASELINE,HF9g-P5,,,,X 全窗基线 · 不参与实体赏罚,15055035,1506,A168_HF9F_20260827_0900,2026-08-27 09:00:00
2026-04-22,92755421,2156,0,791.6209962246,0E-10,0E-10,0.5000000,2,2,0.49994810000000000,0.499948100000,0.00014679536856514622,0.00014679536856514622,0.00014679536856514622,0E-17,ELIGIBLE,R03b_20260811_FULL_v1,L1_ELIGIBILITY,v2026-08-11,2026-03-21..2026-08-06,baccarat_bet02_101_all_pairs_incl_sentinel,round_win = game_pnl > 0 (decisive only),COMPATIBILITY_ONLY_NOT_PRODUCTION,2500103.8841,2280641.3266,9883.8276,11764,10369,-0.00395337,-0.05088190,-0.00239824,-0.00395337,-9883.8276,2500103.8841,OK,0.0000,395.3531,4.0000,96.0000,AG03-UNRESOLVED,ALL5_LEVELS_bet23_to_bet27,395.3531,395.3531,395.3531,395.3531,395.3531,4.000000,4.000000,4.000000,4.000000,4.000000,96.000000,96.000000,96.000000,96.000000,96.000000,5.0,1976.7655,1824.8244,7907.0621,8059.0032,PENDING_AG03,FALSE,NOT_FOR_ENFORCEMENT,9488.4745,2189415.6736,9883.8276,9488.4745,395.3531,0.00395337,0.00379523,395.3531,9488.4745,0.00379523,395.3531,395.3531,395.3531,395.3531,395.3531,9488.4745,0.00379523,1976.7655,1824.8244,7907.0621,8059.0032,0.00316269,0.00322347,0.00015813,212.5216,219.9480,0.9532,119.0823,2.3972,30121.7335,124.9277,49.0469,238.9093,36.5364,75.9244,374.9013,749.8027,789.266,1183.8989,75.8035,-1.1839,10.395423,15.593133,2.799122,29,215,300,5,0.03207536,0.00395337,0.05088190,0E-8,0.000000,0.912219,0.000000,-0.04848366,2026-03-31,2026-08-01,83,4123,1621,124,0.669355,0.205295,0.230786,0.106918,,,,,,,,GLOBAL_BASELINE_NO_ENTITY_RANKING,,,NOT_APPLICABLE_GLOBAL_BASELINE,HF9g-P5,,,,X 全窗基线 · 不参与实体赏罚,15055036,1506,A168_HF9F_20260827_0900,2026-08-27 09:00:00
2026-04-22,92755421,2169,0,1522.3480696626,405.9594852434,405.9594852434,0.6666667,4,4,0.50329940000000000,0.503299400000,0.5659331339966515,0.5659331339966515,0.5659331339966515,0E-17,ELIGIBLE,R03b_20260811_FULL_v1,L1_ELIGIBILITY,v2026-08-11,2026-03-21..2026-08-06,baccarat_bet02_101_all_pairs_incl_sentinel,round_win = game_pnl > 0 (decisive only),COMPATIBILITY_ONLY_NOT_PRODUCTION,2500103.8841,2280641.3266,9883.8276,11764,10369,-0.00395337,-0.05088190,-0.00239824,-0.00395337,-9883.8276,2500103.8841,OK,0.0000,395.3531,4.0000,96.0000,AG03-UNRESOLVED,ALL5_LEVELS_bet23_to_bet27,395.3531,395.3531,395.3531,395.3531,395.3531,4.000000,4.000000,4.000000,4.000000,4.000000,96.000000,96.000000,96.000000,96.000000,96.000000,5.0,1976.7655,1824.8244,7907.0621,8059.0032,PENDING_AG03,FALSE,NOT_FOR_ENFORCEMENT,9488.4745,2189415.6736,9883.8276,9488.4745,395.3531,0.00395337,0.00379523,395.3531,9488.4745,0.00379523,395.3531,395.3531,395.3531,395.3531,395.3531,9488.4745,0.00379523,1976.7655,1824.8244,7907.0621,8059.0032,0.00316269,0.00322347,0.00015813,212.5216,219.9480,0.9532,119.0823,2.3972,30121.7335,124.9277,49.0469,238.9093,36.5364,75.9244,374.9013,749.8027,789.266,1183.8989,75.8035,-1.1839,10.395423,15.593133,2.799122,29,215,300,5,0.03207536,0.00395337,0.05088190,0E-8,0.000000,0.912219,0.000000,-0.04848366,2026-03-31,2026-08-01,83,4123,1621,124,0.669355,0.205295,0.230786,0.106918,,,,,,,,GLOBAL_BASELINE_NO_ENTITY_RANKING,,,NOT_APPLICABLE_GLOBAL_BASELINE,HF9g-P5,,,,X 全窗基线 · 不参与实体赏罚,15055037,1506,A168_HF9F_20260827_0900,2026-08-27 09:00:00
2026-04-22,92755421,2174,0,811.9189704868,0E-10,0E-10,0.5000000,2,2,0.49994810000000000,0.499948100000,0.00014679536856514622,0.00014679536856514622,0.00014679536856514622,0E-17,ELIGIBLE,R03b_20260811_FULL_v1,L1_ELIGIBILITY,v2026-08-11,2026-03-21..2026-08-06,baccarat_bet02_101_all_pairs_incl_sentinel,round_win = game_pnl > 0 (decisive only),COMPATIBILITY_ONLY_NOT_PRODUCTION,2500103.8841,2280641.3266,9883.8276,11764,10369,-0.00395337,-0.05088190,-0.00239824,-0.00395337,-9883.8276,2500103.8841,OK,0.0000,395.3531,4.0000,96.0000,AG03-UNRESOLVED,ALL5_LEVELS_bet23_to_bet27,395.3531,395.3531,395.3531,395.3531,395.3531,4.000000,4.000000,4.000000,4.000000,4.000000,96.000000,96.000000,96.000000,96.000000,96.000000,5.0,1976.7655,1824.8244,7907.0621,8059.0032,PENDING_AG03,FALSE,NOT_FOR_ENFORCEMENT,9488.4745,2189415.6736,9883.8276,9488.4745,395.3531,0.00395337,0.00379523,395.3531,9488.4745,0.00379523,395.3531,395.3531,395.3531,395.3531,395.3531,9488.4745,0.00379523,1976.7655,1824.8244,7907.0621,8059.0032,0.00316269,0.00322347,0.00015813,212.5216,219.9480,0.9532,119.0823,2.3972,30121.7335,124.9277,49.0469,238.9093,36.5364,75.9244,374.9013,749.8027,789.266,1183.8989,75.8035,-1.1839,10.395423,15.593133,2.799122,29,215,300,5,0.03207536,0.00395337,0.05088190,0E-8,0.000000,0.912219,0.000000,-0.04848366,2026-03-31,2026-08-01,83,4123,1621,124,0.669355,0.205295,0.230786,0.106918,,,,,,,,GLOBAL_BASELINE_NO_ENTITY_RANKING,,,NOT_APPLICABLE_GLOBAL_BASELINE,HF9g-P5,,,,X 全窗基线 · 不参与实体赏罚,15055038,1506,A168_HF9F_20260827_0900,2026-08-27 09:00:00
2026-04-22,92755421,2175,0,2070.3933747412,590.6710510291,590.6710510291,0.6000000,6,6,0.49994810000000000,0.499948100000,0.44744570176651083,0.44744570176651083,0.44744570176651083,0E-17,ELIGIBLE,R03b_20260811_FULL_v1,L1_ELIGIBILITY,v2026-08-11,2026-03-21..2026-08-06,baccarat_bet02_101_all_pairs_incl_sentinel,round_win = game_pnl > 0 (decisive only),COMPATIBILITY_ONLY_NOT_PRODUCTION,2500103.8841,2280641.3266,9883.8276,11764,10369,-0.00395337,-0.05088190,-0.00239824,-0.00395337,-9883.8276,2500103.8841,OK,0.0000,395.3531,4.0000,96.0000,AG03-UNRESOLVED,ALL5_LEVELS_bet23_to_bet27,395.3531,395.3531,395.3531,395.3531,395.3531,4.000000,4.000000,4.000000,4.000000,4.000000,96.000000,96.000000,96.000000,96.000000,96.000000,5.0,1976.7655,1824.8244,7907.0621,8059.0032,PENDING_AG03,FALSE,NOT_FOR_ENFORCEMENT,9488.4745,2189415.6736,9883.8276,9488.4745,395.3531,0.00395337,0.00379523,395.3531,9488.4745,0.00379523,395.3531,395.3531,395.3531,395.3531,395.3531,9488.4745,0.00379523,1976.7655,1824.8244,7907.0621,8059.0032,0.00316269,0.00322347,0.00015813,212.5216,219.9480,0.9532,119.0823,2.3972,30121.7335,124.9277,49.0469,238.9093,36.5364,75.9244,374.9013,749.8027,789.266,1183.8989,75.8035,-1.1839,10.395423,15.593133,2.799122,29,215,300,5,0.03207536,0.00395337,0.05088190,0E-8,0.000000,0.912219,0.000000,-0.04848366,2026-03-31,2026-08-01,83,4123,1621,124,0.669355,0.205295,0.230786,0.106918,,,,,,,,GLOBAL_BASELINE_NO_ENTITY_RANKING,,,NOT_APPLICABLE_GLOBAL_BASELINE,HF9g-P5,,,,X 全窗基线 · 不参与实体赏罚,15055039,1506,A168_HF9F_20260827_0900,2026-08-27 09:00:00
2026-04-22,92755421,2220,0,527.7473308164,-466.8534080299,-466.8534080299,0E-7,3,3,0.50218230000000000,0.502182300000,-1.4203995680682369,-1.4203995680682369,-1.4203995680682369,0E-17,ELIGIBLE,R03b_20260811_FULL_v1,L1_ELIGIBILITY,v2026-08-11,2026-03-21..2026-08-06,baccarat_bet02_101_all_pairs_incl_sentinel,round_win = game_pnl > 0 (decisive only),COMPATIBILITY_ONLY_NOT_PRODUCTION,2500103.8841,2280641.3266,9883.8276,11764,10369,-0.00395337,-0.05088190,-0.00239824,-0.00395337,-9883.8276,2500103.8841,OK,0.0000,395.3531,4.0000,96.0000,AG03-UNRESOLVED,ALL5_LEVELS_bet23_to_bet27,395.3531,395.3531,395.3531,395.3531,395.3531,4.000000,4.000000,4.000000,4.000000,4.000000,96.000000,96.000000,96.000000,96.000000,96.000000,5.0,1976.7655,1824.8244,7907.0621,8059.0032,PENDING_AG03,FALSE,NOT_FOR_ENFORCEMENT,9488.4745,2189415.6736,9883.8276,9488.4745,395.3531,0.00395337,0.00379523,395.3531,9488.4745,0.00379523,395.3531,395.3531,395.3531,395.3531,395.3531,9488.4745,0.00379523,1976.7655,1824.8244,7907.0621,8059.0032,0.00316269,0.00322347,0.00015813,212.5216,219.9480,0.9532,119.0823,2.3972,30121.7335,124.9277,49.0469,238.9093,36.5364,75.9244,374.9013,749.8027,789.266,1183.8989,75.8035,-1.1839,10.395423,15.593133,2.799122,29,215,300,5,0.03207536,0.00395337,0.05088190,0E-8,0.000000,0.912219,0.000000,-0.04848366,2026-03-31,2026-08-01,83,4123,1621,124,0.669355,0.205295,0.230786,0.106918,,,,,,,,GLOBAL_BASELINE_NO_ENTITY_RANKING,,,NOT_APPLICABLE_GLOBAL_BASELINE,HF9g-P5,,,,X 全窗基线 · 不参与实体赏罚,15055040,1506,A168_HF9F_20260827_0900,2026-08-27 09:00:00
2026-04-22,92755421,2241,0,81.1918970487,-81.1918970487,-81.1918970487,0E-7,1,1,0.50665070000000000,0.506650700000,-1.013391052207602,-1.013391052207602,-1.013391052207602,0E-17,ELIGIBLE,R03b_20260811_FULL_v1,L1_ELIGIBILITY,v2026-08-11,2026-03-21..2026-08-06,baccarat_bet02_101_all_pairs_incl_sentinel,round_win = game_pnl > 0 (decisive only),COMPATIBILITY_ONLY_NOT_PRODUCTION,2500103.8841,2280641.3266,9883.8276,11764,10369,-0.00395337,-0.05088190,-0.00239824,-0.00395337,-9883.8276,2500103.8841,OK,0.0000,395.3531,4.0000,96.0000,AG03-UNRESOLVED,ALL5_LEVELS_bet23_to_bet27,395.3531,395.3531,395.3531,395.3531,395.3531,4.000000,4.000000,4.000000,4.000000,4.000000,96.000000,96.000000,96.000000,96.000000,96.000000,5.0,1976.7655,1824.8244,7907.0621,8059.0032,PENDING_AG03,FALSE,NOT_FOR_ENFORCEMENT,9488.4745,2189415.6736,9883.8276,9488.4745,395.3531,0.00395337,0.00379523,395.3531,9488.4745,0.00379523,395.3531,395.3531,395.3531,395.3531,395.3531,9488.4745,0.00379523,1976.7655,1824.8244,7907.0621,8059.0032,0.00316269,0.00322347,0.00015813,212.5216,219.9480,0.9532,119.0823,2.3972,30121.7335,124.9277,49.0469,238.9093,36.5364,75.9244,374.9013,749.8027,789.266,1183.8989,75.8035,-1.1839,10.395423,15.593133,2.799122,29,215,300,5,0.03207536,0.00395337,0.05088190,0E-8,0.000000,0.912219,0.000000,-0.04848366,2026-03-31,2026-08-01,83,4123,1621,124,0.669355,0.205295,0.230786,0.106918,,,,,,,,GLOBAL_BASELINE_NO_ENTITY_RANKING,,,NOT_APPLICABLE_GLOBAL_BASELINE,HF9g-P5,,,,X 全窗基线 · 不参与实体赏罚,15055041,1506,A168_HF9F_20260827_0900,2026-08-27 09:00:00
2026-04-22,92755421,2244,0,121.7878455730,-121.7878455730,-121.7878455730,0E-7,1,1,0.50665070000000000,0.506650700000,-1.013391052207602,-1.013391052207602,-1.013391052207602,0E-17,ELIGIBLE,R03b_20260811_FULL_v1,L1_ELIGIBILITY,v2026-08-11,2026-03-21..2026-08-06,baccarat_bet02_101_all_pairs_incl_sentinel,round_win = game_pnl > 0 (decisive only),COMPATIBILITY_ONLY_NOT_PRODUCTION,2500103.8841,2280641.3266,9883.8276,11764,10369,-0.00395337,-0.05088190,-0.00239824,-0.00395337,-9883.8276,2500103.8841,OK,0.0000,395.3531,4.0000,96.0000,AG03-UNRESOLVED,ALL5_LEVELS_bet23_to_bet27,395.3531,395.3531,395.3531,395.3531,395.3531,4.000000,4.000000,4.000000,4.000000,4.000000,96.000000,96.000000,96.000000,96.000000,96.000000,5.0,1976.7655,1824.8244,7907.0621,8059.0032,PENDING_AG03,FALSE,NOT_FOR_ENFORCEMENT,9488.4745,2189415.6736,9883.8276,9488.4745,395.3531,0.00395337,0.00379523,395.3531,9488.4745,0.00379523,395.3531,395.3531,395.3531,395.3531,395.3531,9488.4745,0.00379523,1976.7655,1824.8244,7907.0621,8059.0032,0.00316269,0.00322347,0.00015813,212.5216,219.9480,0.9532,119.0823,2.3972,30121.7335,124.9277,49.0469,238.9093,36.5364,75.9244,374.9013,749.8027,789.266,1183.8989,75.8035,-1.1839,10.395423,15.593133,2.799122,29,215,300,5,0.03207536,0.00395337,0.05088190,0E-8,0.000000,0.912219,0.000000,-0.04848366,2026-03-31,2026-08-01,83,4123,1621,124,0.669355,0.205295,0.230786,0.106918,,,,,,,,GLOBAL_BASELINE_NO_ENTITY_RANKING,,,NOT_APPLICABLE_GLOBAL_BASELINE,HF9g-P5,,,,X 全窗基线 · 不参与实体赏罚,15055042,1506,A168_HF9F_20260827_0900,2026-08-27 09:00:00
2026-04-22,92755421,2266,0,410.0190800958,-410.0190800958,-410.0190800958,0E-7,4,2,0.49264764897748885,0.259391500000,-1.3935686459190333,-0.8369480889323658,-1.3935686459190333,0.23325614897748885,ELIGIBLE,R03b_20260811_FULL_v1,L1_ELIGIBILITY,v2026-08-11,2026-03-21..2026-08-06,baccarat_bet02_101_all_pairs_incl_sentinel,round_win = game_pnl > 0 (decisive only),COMPATIBILITY_ONLY_NOT_PRODUCTION,2500103.8841,2280641.3266,9883.8276,11764,10369,-0.00395337,-0.05088190,-0.00239824,-0.00395337,-9883.8276,2500103.8841,OK,0.0000,395.3531,4.0000,96.0000,AG03-UNRESOLVED,ALL5_LEVELS_bet23_to_bet27,395.3531,395.3531,395.3531,395.3531,395.3531,4.000000,4.000000,4.000000,4.000000,4.000000,96.000000,96.000000,96.000000,96.000000,96.000000,5.0,1976.7655,1824.8244,7907.0621,8059.0032,PENDING_AG03,FALSE,NOT_FOR_ENFORCEMENT,9488.4745,2189415.6736,9883.8276,9488.4745,395.3531,0.00395337,0.00379523,395.3531,9488.4745,0.00379523,395.3531,395.3531,395.3531,395.3531,395.3531,9488.4745,0.00379523,1976.7655,1824.8244,7907.0621,8059.0032,0.00316269,0.00322347,0.00015813,212.5216,219.9480,0.9532,119.0823,2.3972,30121.7335,124.9277,49.0469,238.9093,36.5364,75.9244,374.9013,749.8027,789.266,1183.8989,75.8035,-1.1839,10.395423,15.593133,2.799122,29,215,300,5,0.03207536,0.00395337,0.05088190,0E-8,0.000000,0.912219,0.000000,-0.04848366,2026-03-31,2026-08-01,83,4123,1621,124,0.669355,0.205295,0.230786,0.106918,,,,,,,,GLOBAL_BASELINE_NO_ENTITY_RANKING,,,NOT_APPLICABLE_GLOBAL_BASELINE,HF9g-P5,,,,X 全窗基线 · 不参与实体赏罚,15055043,1506,A168_HF9F_20260827_0900,2026-08-27 09:00:00
2026-04-22,92755421,462,0,320.7079933423,81.1918970486,81.1918970486,0.7500000,4,4,0.49994810000000000,0.499948100000,1.0002076053883384,1.0002076053883384,1.0002076053883384,0E-17,ELIGIBLE,R03b_20260811_FULL_v1,L1_ELIGIBILITY,v2026-08-11,2026-03-21..2026-08-06,baccarat_bet02_101_all_pairs_incl_sentinel,round_win = game_pnl > 0 (decisive only),COMPATIBILITY_ONLY_NOT_PRODUCTION,2500103.8841,2280641.3266,9883.8276,11764,10369,-0.00395337,-0.05088190,-0.00239824,-0.00395337,-9883.8276,2500103.8841,OK,0.0000,395.3531,4.0000,96.0000,AG03-UNRESOLVED,ALL5_LEVELS_bet23_to_bet27,395.3531,395.3531,395.3531,395.3531,395.3531,4.000000,4.000000,4.000000,4.000000,4.000000,96.000000,96.000000,96.000000,96.000000,96.000000,5.0,1976.7655,1824.8244,7907.0621,8059.0032,PENDING_AG03,FALSE,NOT_FOR_ENFORCEMENT,9488.4745,2189415.6736,9883.8276,9488.4745,395.3531,0.00395337,0.00379523,395.3531,9488.4745,0.00379523,395.3531,395.3531,395.3531,395.3531,395.3531,9488.4745,0.00379523,1976.7655,1824.8244,7907.0621,8059.0032,0.00316269,0.00322347,0.00015813,212.5216,219.9480,0.9532,119.0823,2.3972,30121.7335,124.9277,49.0469,238.9093,36.5364,75.9244,374.9013,749.8027,789.266,1183.8989,75.8035,-1.1839,10.395423,15.593133,2.799122,29,215,300,5,0.03207536,0.00395337,0.05088190,0E-8,0.000000,0.912219,0.000000,-0.04848366,2026-03-31,2026-08-01,83,4123,1621,124,0.669355,0.205295,0.230786,0.106918,,,,,,,,GLOBAL_BASELINE_NO_ENTITY_RANKING,,,NOT_APPLICABLE_GLOBAL_BASELINE,HF9g-P5,,,,X 全窗基线 · 不参与实体赏罚,15055044,1506,A168_HF9F_20260827_0900,2026-08-27 09:00:00
2026-04-22,92755421,583,0,359.2741444404,109.6090610158,109.6090610158,0.6666667,3,3,0.50218230000000000,0.502182300000,0.5697959874915163,0.5697959874915164,0.5697959874915163,0E-17,ELIGIBLE,R03b_20260811_FULL_v1,L1_ELIGIBILITY,v2026-08-11,2026-03-21..2026-08-06,baccarat_bet02_101_all_pairs_incl_sentinel,round_win = game_pnl > 0 (decisive only),COMPATIBILITY_ONLY_NOT_PRODUCTION,2500103.8841,2280641.3266,9883.8276,11764,10369,-0.00395337,-0.05088190,-0.00239824,-0.00395337,-9883.8276,2500103.8841,OK,0.0000,395.3531,4.0000,96.0000,AG03-UNRESOLVED,ALL5_LEVELS_bet23_to_bet27,395.3531,395.3531,395.3531,395.3531,395.3531,4.000000,4.000000,4.000000,4.000000,4.000000,96.000000,96.000000,96.000000,96.000000,96.000000,5.0,1976.7655,1824.8244,7907.0621,8059.0032,PENDING_AG03,FALSE,NOT_FOR_ENFORCEMENT,9488.4745,2189415.6736,9883.8276,9488.4745,395.3531,0.00395337,0.00379523,395.3531,9488.4745,0.00379523,395.3531,395.3531,395.3531,395.3531,395.3531,9488.4745,0.00379523,1976.7655,1824.8244,7907.0621,8059.0032,0.00316269,0.00322347,0.00015813,212.5216,219.9480,0.9532,119.0823,2.3972,30121.7335,124.9277,49.0469,238.9093,36.5364,75.9244,374.9013,749.8027,789.266,1183.8989,75.8035,-1.1839,10.395423,15.593133,2.799122,29,215,300,5,0.03207536,0.00395337,0.05088190,0E-8,0.000000,0.912219,0.000000,-0.04848366,2026-03-31,2026-08-01,83,4123,1621,124,0.669355,0.205295,0.230786,0.106918,,,,,,,,GLOBAL_BASELINE_NO_ENTITY_RANKING,,,NOT_APPLICABLE_GLOBAL_BASELINE,HF9g-P5,,,,X 全窗基线 · 不参与实体赏罚,15055045,1506,A168_HF9F_20260827_0900,2026-08-27 09:00:00
2026-04-22,92755421,925,0,405.9594852434,-405.9594852434,-405.9594852434,0E-7,1,1,0.49324550000000000,0.493245500000,-0.9865810262130424,-0.9865810262130424,-0.9865810262130424,0E-17,ELIGIBLE,R03b_20260811_FULL_v1,L1_ELIGIBILITY,v2026-08-11,2026-03-21..2026-08-06,baccarat_bet02_101_all_pairs_incl_sentinel,round_win = game_pnl > 0 (decisive only),COMPATIBILITY_ONLY_NOT_PRODUCTION,2500103.8841,2280641.3266,9883.8276,11764,10369,-0.00395337,-0.05088190,-0.00239824,-0.00395337,-9883.8276,2500103.8841,OK,0.0000,395.3531,4.0000,96.0000,AG03-UNRESOLVED,ALL5_LEVELS_bet23_to_bet27,395.3531,395.3531,395.3531,395.3531,395.3531,4.000000,4.000000,4.000000,4.000000,4.000000,96.000000,96.000000,96.000000,96.000000,96.000000,5.0,1976.7655,1824.8244,7907.0621,8059.0032,PENDING_AG03,FALSE,NOT_FOR_ENFORCEMENT,9488.4745,2189415.6736,9883.8276,9488.4745,395.3531,0.00395337,0.00379523,395.3531,9488.4745,0.00379523,395.3531,395.3531,395.3531,395.3531,395.3531,9488.4745,0.00379523,1976.7655,1824.8244,7907.0621,8059.0032,0.00316269,0.00322347,0.00015813,212.5216,219.9480,0.9532,119.0823,2.3972,30121.7335,124.9277,49.0469,238.9093,36.5364,75.9244,374.9013,749.8027,789.266,1183.8989,75.8035,-1.1839,10.395423,15.593133,2.799122,29,215,300,5,0.03207536,0.00395337,0.05088190,0E-8,0.000000,0.912219,0.000000,-0.04848366,2026-03-31,2026-08-01,83,4123,1621,124,0.669355,0.205295,0.230786,0.106918,,,,,,,,GLOBAL_BASELINE_NO_ENTITY_RANKING,,,NOT_APPLICABLE_GLOBAL_BASELINE,HF9g-P5,,,,X 全窗基线 · 不参与实体赏罚,15055046,1506,A168_HF9F_20260827_0900,2026-08-27 09:00:00
2026-04-22,92755421,994,0,385.6615109812,-385.6615109812,-385.6615109812,0E-7,1,1,0.50665070000000000,0.506650700000,-1.013391052207602,-1.013391052207602,-1.013391052207602,0E-17,ELIGIBLE,R03b_20260811_FULL_v1,L1_ELIGIBILITY,v2026-08-11,2026-03-21..2026-08-06,baccarat_bet02_101_all_pairs_incl_sentinel,round_win = game_pnl > 0 (decisive only),COMPATIBILITY_ONLY_NOT_PRODUCTION,2500103.8841,2280641.3266,9883.8276,11764,10369,-0.00395337,-0.05088190,-0.00239824,-0.00395337,-9883.8276,2500103.8841,OK,0.0000,395.3531,4.0000,96.0000,AG03-UNRESOLVED,ALL5_LEVELS_bet23_to_bet27,395.3531,395.3531,395.3531,395.3531,395.3531,4.000000,4.000000,4.000000,4.000000,4.000000,96.000000,96.000000,96.000000,96.000000,96.000000,5.0,1976.7655,1824.8244,7907.0621,8059.0032,PENDING_AG03,FALSE,NOT_FOR_ENFORCEMENT,9488.4745,2189415.6736,9883.8276,9488.4745,395.3531,0.00395337,0.00379523,395.3531,9488.4745,0.00379523,395.3531,395.3531,395.3531,395.3531,395.3531,9488.4745,0.00379523,1976.7655,1824.8244,7907.0621,8059.0032,0.00316269,0.00322347,0.00015813,212.5216,219.9480,0.9532,119.0823,2.3972,30121.7335,124.9277,49.0469,238.9093,36.5364,75.9244,374.9013,749.8027,789.266,1183.8989,75.8035,-1.1839,10.395423,15.593133,2.799122,29,215,300,5,0.03207536,0.00395337,0.05088190,0E-8,0.000000,0.912219,0.000000,-0.04848366,2026-03-31,2026-08-01,83,4123,1621,124,0.669355,0.205295,0.230786,0.106918,,,,,,,,GLOBAL_BASELINE_NO_ENTITY_RANKING,,,NOT_APPLICABLE_GLOBAL_BASELINE,HF9g-P5,,,,X 全窗基线 · 不参与实体赏罚,15055047,1506,A168_HF9F_20260827_0900,2026-08-27 09:00:00
2026-04-25,92755421,-1,1,10724.2317216745,-856.5745138635,-856.5745138635,0.4600000,61,54,0.49853503797305833,0.472847222222,-0.5449700724211541,-0.18195565926962112,-0.5449700724211541,0.02568781575105833,SENTINEL_DEALER,R03b_20260811_FULL_v1,L1_ELIGIBILITY,v2026-08-11,2026-03-21..2026-08-06,baccarat_bet02_101_all_pairs_incl_sentinel,round_win = game_pnl > 0 (decisive only),COMPATIBILITY_ONLY_NOT_PRODUCTION,2500103.8841,2280641.3266,9883.8276,11764,10369,-0.00395337,-0.05088190,-0.00239824,-0.00395337,-9883.8276,2500103.8841,OK,0.0000,395.3531,4.0000,96.0000,AG03-UNRESOLVED,ALL5_LEVELS_bet23_to_bet27,395.3531,395.3531,395.3531,395.3531,395.3531,4.000000,4.000000,4.000000,4.000000,4.000000,96.000000,96.000000,96.000000,96.000000,96.000000,5.0,1976.7655,1824.8244,7907.0621,8059.0032,PENDING_AG03,FALSE,NOT_FOR_ENFORCEMENT,9488.4745,2189415.6736,9883.8276,9488.4745,395.3531,0.00395337,0.00379523,395.3531,9488.4745,0.00379523,395.3531,395.3531,395.3531,395.3531,395.3531,9488.4745,0.00379523,1976.7655,1824.8244,7907.0621,8059.0032,0.00316269,0.00322347,0.00015813,212.5216,219.9480,0.9532,119.0823,2.3972,30121.7335,124.9277,49.0469,238.9093,36.5364,75.9244,374.9013,749.8027,789.266,1183.8989,75.8035,-1.1839,10.395423,15.593133,2.799122,29,215,300,5,0.03207536,0.00395337,0.05088190,0E-8,0.000000,0.912219,0.000000,-0.04848366,2026-03-31,2026-08-01,83,4123,1621,124,0.669355,0.205295,0.230786,0.106918,,,,,,,,GLOBAL_BASELINE_NO_ENTITY_RANKING,,,NOT_APPLICABLE_GLOBAL_BASELINE,HF9g-P5,,,,X 全窗基线 · 不参与实体赏罚,15055048,1506,A168_HF9F_20260827_0900,2026-08-27 09:00:00
2026-04-25,92755421,1004,0,608.5332683798,192.4450939796,192.4450939796,0.6666667,3,3,0.50218230000000000,0.502182300000,0.5697959874915163,0.5697959874915164,0.5697959874915163,0E-17,ELIGIBLE,R03b_20260811_FULL_v1,L1_ELIGIBILITY,v2026-08-11,2026-03-21..2026-08-06,baccarat_bet02_101_all_pairs_incl_sentinel,round_win = game_pnl > 0 (decisive only),COMPATIBILITY_ONLY_NOT_PRODUCTION,2500103.8841,2280641.3266,9883.8276,11764,10369,-0.00395337,-0.05088190,-0.00239824,-0.00395337,-9883.8276,2500103.8841,OK,0.0000,395.3531,4.0000,96.0000,AG03-UNRESOLVED,ALL5_LEVELS_bet23_to_bet27,395.3531,395.3531,395.3531,395.3531,395.3531,4.000000,4.000000,4.000000,4.000000,4.000000,96.000000,96.000000,96.000000,96.000000,96.000000,5.0,1976.7655,1824.8244,7907.0621,8059.0032,PENDING_AG03,FALSE,NOT_FOR_ENFORCEMENT,9488.4745,2189415.6736,9883.8276,9488.4745,395.3531,0.00395337,0.00379523,395.3531,9488.4745,0.00379523,395.3531,395.3531,395.3531,395.3531,395.3531,9488.4745,0.00379523,1976.7655,1824.8244,7907.0621,8059.0032,0.00316269,0.00322347,0.00015813,212.5216,219.9480,0.9532,119.0823,2.3972,30121.7335,124.9277,49.0469,238.9093,36.5364,75.9244,374.9013,749.8027,789.266,1183.8989,75.8035,-1.1839,10.395423,15.593133,2.799122,29,215,300,5,0.03207536,0.00395337,0.05088190,0E-8,0.000000,0.912219,0.000000,-0.04848366,2026-03-31,2026-08-01,83,4123,1621,124,0.669355,0.205295,0.230786,0.106918,,,,,,,,GLOBAL_BASELINE_NO_ENTITY_RANKING,,,NOT_APPLICABLE_GLOBAL_BASELINE,HF9g-P5,,,,X 全窗基线 · 不参与实体赏罚,15055049,1506,A168_HF9F_20260827_0900,2026-08-27 09:00:00
2026-04-25,92755421,1078,0,608.9392278651,-213.1287297528,-213.1287297528,0.3333333,3,3,0.50218230000000000,0.502182300000,-0.5849155494134425,-0.5849155494134426,-0.5849155494134425,0E-17,ELIGIBLE,R03b_20260811_FULL_v1,L1_ELIGIBILITY,v2026-08-11,2026-03-21..2026-08-06,baccarat_bet02_101_all_pairs_incl_sentinel,round_win = game_pnl > 0 (decisive only),COMPATIBILITY_ONLY_NOT_PRODUCTION,2500103.8841,2280641.3266,9883.8276,11764,10369,-0.00395337,-0.05088190,-0.00239824,-0.00395337,-9883.8276,2500103.8841,OK,0.0000,395.3531,4.0000,96.0000,AG03-UNRESOLVED,ALL5_LEVELS_bet23_to_bet27,395.3531,395.3531,395.3531,395.3531,395.3531,4.000000,4.000000,4.000000,4.000000,4.000000,96.000000,96.000000,96.000000,96.000000,96.000000,5.0,1976.7655,1824.8244,7907.0621,8059.0032,PENDING_AG03,FALSE,NOT_FOR_ENFORCEMENT,9488.4745,2189415.6736,9883.8276,9488.4745,395.3531,0.00395337,0.00379523,395.3531,9488.4745,0.00379523,395.3531,395.3531,395.3531,395.3531,395.3531,9488.4745,0.00379523,1976.7655,1824.8244,7907.0621,8059.0032,0.00316269,0.00322347,0.00015813,212.5216,219.9480,0.9532,119.0823,2.3972,30121.7335,124.9277,49.0469,238.9093,36.5364,75.9244,374.9013,749.8027,789.266,1183.8989,75.8035,-1.1839,10.395423,15.593133,2.799122,29,215,300,5,0.03207536,0.00395337,0.05088190,0E-8,0.000000,0.912219,0.000000,-0.04848366,2026-03-31,2026-08-01,83,4123,1621,124,0.669355,0.205295,0.230786,0.106918,,,,,,,,GLOBAL_BASELINE_NO_ENTITY_RANKING,,,NOT_APPLICABLE_GLOBAL_BASELINE,HF9g-P5,,,,X 全窗基线 · 不参与实体赏罚,15055050,1506,A168_HF9F_20260827_0900,2026-08-27 09:00:00
2026-04-25,92755421,1094,0,1008.8093208298,-422.1978646531,-422.1978646531,0.2000000,7,5,0.49842942711663863,0.406406500000,-1.3346235552841517,-0.9396875671230898,-1.3346235552841517,0.09202292711663863,ELIGIBLE,R03b_20260811_FULL_v1,L1_ELIGIBILITY,v2026-08-11,2026-03-21..2026-08-06,baccarat_bet02_101_all_pairs_incl_sentinel,round_win = game_pnl > 0 (decisive only),COMPATIBILITY_ONLY_NOT_PRODUCTION,2500103.8841,2280641.3266,9883.8276,11764,10369,-0.00395337,-0.05088190,-0.00239824,-0.00395337,-9883.8276,2500103.8841,OK,0.0000,395.3531,4.0000,96.0000,AG03-UNRESOLVED,ALL5_LEVELS_bet23_to_bet27,395.3531,395.3531,395.3531,395.3531,395.3531,4.000000,4.000000,4.000000,4.000000,4.000000,96.000000,96.000000,96.000000,96.000000,96.000000,5.0,1976.7655,1824.8244,7907.0621,8059.0032,PENDING_AG03,FALSE,NOT_FOR_ENFORCEMENT,9488.4745,2189415.6736,9883.8276,9488.4745,395.3531,0.00395337,0.00379523,395.3531,9488.4745,0.00379523,395.3531,395.3531,395.3531,395.3531,395.3531,9488.4745,0.00379523,1976.7655,1824.8244,7907.0621,8059.0032,0.00316269,0.00322347,0.00015813,212.5216,219.9480,0.9532,119.0823,2.3972,30121.7335,124.9277,49.0469,238.9093,36.5364,75.9244,374.9013,749.8027,789.266,1183.8989,75.8035,-1.1839,10.395423,15.593133,2.799122,29,215,300,5,0.03207536,0.00395337,0.05088190,0E-8,0.000000,0.912219,0.000000,-0.04848366,2026-03-31,2026-08-01,83,4123,1621,124,0.669355,0.205295,0.230786,0.106918,,,,,,,,GLOBAL_BASELINE_NO_ENTITY_RANKING,,,NOT_APPLICABLE_GLOBAL_BASELINE,HF9g-P5,,,,X 全窗基线 · 不参与实体赏罚,15055051,1506,A168_HF9F_20260827_0900,2026-08-27 09:00:00
2026-04-25,92755421,1109,0,608.9392278651,-202.9797426217,-202.9797426217,0.3333333,3,3,0.49324550000000000,0.493245500000,-0.5540025479526107,-0.5540025479526106,-0.5540025479526107,0E-17,ELIGIBLE,R03b_20260811_FULL_v1,L1_ELIGIBILITY,v2026-08-11,2026-03-21..2026-08-06,baccarat_bet02_101_all_pairs_incl_sentinel,round_win = game_pnl > 0 (decisive only),COMPATIBILITY_ONLY_NOT_PRODUCTION,2500103.8841,2280641.3266,9883.8276,11764,10369,-0.00395337,-0.05088190,-0.00239824,-0.00395337,-9883.8276,2500103.8841,OK,0.0000,395.3531,4.0000,96.0000,AG03-UNRESOLVED,ALL5_LEVELS_bet23_to_bet27,395.3531,395.3531,395.3531,395.3531,395.3531,4.000000,4.000000,4.000000,4.000000,4.000000,96.000000,96.000000,96.000000,96.000000,96.000000,5.0,1976.7655,1824.8244,7907.0621,8059.0032,PENDING_AG03,FALSE,NOT_FOR_ENFORCEMENT,9488.4745,2189415.6736,9883.8276,9488.4745,395.3531,0.00395337,0.00379523,395.3531,9488.4745,0.00379523,395.3531,395.3531,395.3531,395.3531,395.3531,9488.4745,0.00379523,1976.7655,1824.8244,7907.0621,8059.0032,0.00316269,0.00322347,0.00015813,212.5216,219.9480,0.9532,119.0823,2.3972,30121.7335,124.9277,49.0469,238.9093,36.5364,75.9244,374.9013,749.8027,789.266,1183.8989,75.8035,-1.1839,10.395423,15.593133,2.799122,29,215,300,5,0.03207536,0.00395337,0.05088190,0E-8,0.000000,0.912219,0.000000,-0.04848366,2026-03-31,2026-08-01,83,4123,1621,124,0.669355,0.205295,0.230786,0.106918,,,,,,,,GLOBAL_BASELINE_NO_ENTITY_RANKING,,,NOT_APPLICABLE_GLOBAL_BASELINE,HF9g-P5,,,,X 全窗基线 · 不参与实体赏罚,15055052,1506,A168_HF9F_20260827_0900,2026-08-27 09:00:00
2026-04-25,92755421,1115,0,405.9594852434,0E-10,0E-10,0.5000000,2,2,0.49994810000000000,0.499948100000,0.00014679536856514622,0.00014679536856514622,0.00014679536856514622,0E-17,ELIGIBLE,R03b_20260811_FULL_v1,L1_ELIGIBILITY,v2026-08-11,2026-03-21..2026-08-06,baccarat_bet02_101_all_pairs_incl_sentinel,round_win = game_pnl > 0 (decisive only),COMPATIBILITY_ONLY_NOT_PRODUCTION,2500103.8841,2280641.3266,9883.8276,11764,10369,-0.00395337,-0.05088190,-0.00239824,-0.00395337,-9883.8276,2500103.8841,OK,0.0000,395.3531,4.0000,96.0000,AG03-UNRESOLVED,ALL5_LEVELS_bet23_to_bet27,395.3531,395.3531,395.3531,395.3531,395.3531,4.000000,4.000000,4.000000,4.000000,4.000000,96.000000,96.000000,96.000000,96.000000,96.000000,5.0,1976.7655,1824.8244,7907.0621,8059.0032,PENDING_AG03,FALSE,NOT_FOR_ENFORCEMENT,9488.4745,2189415.6736,9883.8276,9488.4745,395.3531,0.00395337,0.00379523,395.3531,9488.4745,0.00379523,395.3531,395.3531,395.3531,395.3531,395.3531,9488.4745,0.00379523,1976.7655,1824.8244,7907.0621,8059.0032,0.00316269,0.00322347,0.00015813,212.5216,219.9480,0.9532,119.0823,2.3972,30121.7335,124.9277,49.0469,238.9093,36.5364,75.9244,374.9013,749.8027,789.266,1183.8989,75.8035,-1.1839,10.395423,15.593133,2.799122,29,215,300,5,0.03207536,0.00395337,0.05088190,0E-8,0.000000,0.912219,0.000000,-0.04848366,2026-03-31,2026-08-01,83,4123,1621,124,0.669355,0.205295,0.230786,0.106918,,,,,,,,GLOBAL_BASELINE_NO_ENTITY_RANKING,,,NOT_APPLICABLE_GLOBAL_BASELINE,HF9g-P5,,,,X 全窗基线 · 不参与实体赏罚,15055053,1506,A168_HF9F_20260827_0900,2026-08-27 09:00:00
2026-04-25,92755421,1151,0,776.6004952704,190.5979783220,190.5979783220,0.8333333,10,7,0.49756268864077361,0.399246200000,1.6449530439635742,2.171120257414593,1.6449530439635742,0.09831648864077361,ELIGIBLE,R03b_20260811_FULL_v1,L1_ELIGIBILITY,v2026-08-11,2026-03-21..2026-08-06,baccarat_bet02_101_all_pairs_incl_sentinel,round_win = game_pnl > 0 (decisive only),COMPATIBILITY_ONLY_NOT_PRODUCTION,2500103.8841,2280641.3266,9883.8276,11764,10369,-0.00395337,-0.05088190,-0.00239824,-0.00395337,-9883.8276,2500103.8841,OK,0.0000,395.3531,4.0000,96.0000,AG03-UNRESOLVED,ALL5_LEVELS_bet23_to_bet27,395.3531,395.3531,395.3531,395.3531,395.3531,4.000000,4.000000,4.000000,4.000000,4.000000,96.000000,96.000000,96.000000,96.000000,96.000000,5.0,1976.7655,1824.8244,7907.0621,8059.0032,PENDING_AG03,FALSE,NOT_FOR_ENFORCEMENT,9488.4745,2189415.6736,9883.8276,9488.4745,395.3531,0.00395337,0.00379523,395.3531,9488.4745,0.00379523,395.3531,395.3531,395.3531,395.3531,395.3531,9488.4745,0.00379523,1976.7655,1824.8244,7907.0621,8059.0032,0.00316269,0.00322347,0.00015813,212.5216,219.9480,0.9532,119.0823,2.3972,30121.7335,124.9277,49.0469,238.9093,36.5364,75.9244,374.9013,749.8027,789.266,1183.8989,75.8035,-1.1839,10.395423,15.593133,2.799122,29,215,300,5,0.03207536,0.00395337,0.05088190,0E-8,0.000000,0.912219,0.000000,-0.04848366,2026-03-31,2026-08-01,83,4123,1621,124,0.669355,0.205295,0.230786,0.106918,,,,,,,,GLOBAL_BASELINE_NO_ENTITY_RANKING,,,NOT_APPLICABLE_GLOBAL_BASELINE,HF9g-P5,,,,X 全窗基线 · 不参与实体赏罚,15055054,1506,A168_HF9F_20260827_0900,2026-08-27 09:00:00
2026-04-25,92755421,1220,0,690.5370843989,10.2504770024,10.2504770024,0.5000000,5,4,0.49270944061034442,0.440646775000,0.029165338130483234,0.2391035070213683,0.029165338130483234,0.05206266561034442,ELIGIBLE,R03b_20260811_FULL_v1,L1_ELIGIBILITY,v2026-08-11,2026-03-21..2026-08-06,baccarat_bet02_101_all_pairs_incl_sentinel,round_win = game_pnl > 0 (decisive only),COMPATIBILITY_ONLY_NOT_PRODUCTION,2500103.8841,2280641.3266,9883.8276,11764,10369,-0.00395337,-0.05088190,-0.00239824,-0.00395337,-9883.8276,2500103.8841,OK,0.0000,395.3531,4.0000,96.0000,AG03-UNRESOLVED,ALL5_LEVELS_bet23_to_bet27,395.3531,395.3531,395.3531,395.3531,395.3531,4.000000,4.000000,4.000000,4.000000,4.000000,96.000000,96.000000,96.000000,96.000000,96.000000,5.0,1976.7655,1824.8244,7907.0621,8059.0032,PENDING_AG03,FALSE,NOT_FOR_ENFORCEMENT,9488.4745,2189415.6736,9883.8276,9488.4745,395.3531,0.00395337,0.00379523,395.3531,9488.4745,0.00379523,395.3531,395.3531,395.3531,395.3531,395.3531,9488.4745,0.00379523,1976.7655,1824.8244,7907.0621,8059.0032,0.00316269,0.00322347,0.00015813,212.5216,219.9480,0.9532,119.0823,2.3972,30121.7335,124.9277,49.0469,238.9093,36.5364,75.9244,374.9013,749.8027,789.266,1183.8989,75.8035,-1.1839,10.395423,15.593133,2.799122,29,215,300,5,0.03207536,0.00395337,0.05088190,0E-8,0.000000,0.912219,0.000000,-0.04848366,2026-03-31,2026-08-01,83,4123,1621,124,0.669355,0.205295,0.230786,0.106918,,,,,,,,GLOBAL_BASELINE_NO_ENTITY_RANKING,,,NOT_APPLICABLE_GLOBAL_BASELINE,HF9g-P5,,,,X 全窗基线 · 不参与实体赏罚,15055055,1506,A168_HF9F_20260827_0900,2026-08-27 09:00:00
2026-04-25,92755421,1302,0,202.9797426217,-202.9797426217,-202.9797426217,0E-7,1,1,0.50665070000000000,0.506650700000,-1.013391052207602,-1.013391052207602,-1.013391052207602,0E-17,ELIGIBLE,R03b_20260811_FULL_v1,L1_ELIGIBILITY,v2026-08-11,2026-03-21..2026-08-06,baccarat_bet02_101_all_pairs_incl_sentinel,round_win = game_pnl > 0 (decisive only),COMPATIBILITY_ONLY_NOT_PRODUCTION,2500103.8841,2280641.3266,9883.8276,11764,10369,-0.00395337,-0.05088190,-0.00239824,-0.00395337,-9883.8276,2500103.8841,OK,0.0000,395.3531,4.0000,96.0000,AG03-UNRESOLVED,ALL5_LEVELS_bet23_to_bet27,395.3531,395.3531,395.3531,395.3531,395.3531,4.000000,4.000000,4.000000,4.000000,4.000000,96.000000,96.000000,96.000000,96.000000,96.000000,5.0,1976.7655,1824.8244,7907.0621,8059.0032,PENDING_AG03,FALSE,NOT_FOR_ENFORCEMENT,9488.4745,2189415.6736,9883.8276,9488.4745,395.3531,0.00395337,0.00379523,395.3531,9488.4745,0.00379523,395.3531,395.3531,395.3531,395.3531,395.3531,9488.4745,0.00379523,1976.7655,1824.8244,7907.0621,8059.0032,0.00316269,0.00322347,0.00015813,212.5216,219.9480,0.9532,119.0823,2.3972,30121.7335,124.9277,49.0469,238.9093,36.5364,75.9244,374.9013,749.8027,789.266,1183.8989,75.8035,-1.1839,10.395423,15.593133,2.799122,29,215,300,5,0.03207536,0.00395337,0.05088190,0E-8,0.000000,0.912219,0.000000,-0.04848366,2026-03-31,2026-08-01,83,4123,1621,124,0.669355,0.205295,0.230786,0.106918,,,,,,,,GLOBAL_BASELINE_NO_ENTITY_RANKING,,,NOT_APPLICABLE_GLOBAL_BASELINE,HF9g-P5,,,,X 全窗基线 · 不参与实体赏罚,15055056,1506,A168_HF9F_20260827_0900,2026-08-27 09:00:00
2026-04-25,92755421,1306,0,811.9189704868,-10.1489871311,-10.1489871311,0.5000000,4,4,0.50329940000000000,0.503299400000,-0.01319788734859681,-0.01319788734859681,-0.01319788734859681,0E-17,ELIGIBLE,R03b_20260811_FULL_v1,L1_ELIGIBILITY,v2026-08-11,2026-03-21..2026-08-06,baccarat_bet02_101_all_pairs_incl_sentinel,round_win = game_pnl > 0 (decisive only),COMPATIBILITY_ONLY_NOT_PRODUCTION,2500103.8841,2280641.3266,9883.8276,11764,10369,-0.00395337,-0.05088190,-0.00239824,-0.00395337,-9883.8276,2500103.8841,OK,0.0000,395.3531,4.0000,96.0000,AG03-UNRESOLVED,ALL5_LEVELS_bet23_to_bet27,395.3531,395.3531,395.3531,395.3531,395.3531,4.000000,4.000000,4.000000,4.000000,4.000000,96.000000,96.000000,96.000000,96.000000,96.000000,5.0,1976.7655,1824.8244,7907.0621,8059.0032,PENDING_AG03,FALSE,NOT_FOR_ENFORCEMENT,9488.4745,2189415.6736,9883.8276,9488.4745,395.3531,0.00395337,0.00379523,395.3531,9488.4745,0.00379523,395.3531,395.3531,395.3531,395.3531,395.3531,9488.4745,0.00379523,1976.7655,1824.8244,7907.0621,8059.0032,0.00316269,0.00322347,0.00015813,212.5216,219.9480,0.9532,119.0823,2.3972,30121.7335,124.9277,49.0469,238.9093,36.5364,75.9244,374.9013,749.8027,789.266,1183.8989,75.8035,-1.1839,10.395423,15.593133,2.799122,29,215,300,5,0.03207536,0.00395337,0.05088190,0E-8,0.000000,0.912219,0.000000,-0.04848366,2026-03-31,2026-08-01,83,4123,1621,124,0.669355,0.205295,0.230786,0.106918,,,,,,,,GLOBAL_BASELINE_NO_ENTITY_RANKING,,,NOT_APPLICABLE_GLOBAL_BASELINE,HF9g-P5,,,,X 全窗基线 · 不参与实体赏罚,15055057,1506,A168_HF9F_20260827_0900,2026-08-27 09:00:00
2026-04-25,92755421,1318,0,773.7587788739,188.7711606382,188.7711606382,0.6666667,4,4,0.50329940000000000,0.503299400000,0.5659331339966515,0.5659331339966515,0.5659331339966515,0E-17,ELIGIBLE,R03b_20260811_FULL_v1,L1_ELIGIBILITY,v2026-08-11,2026-03-21..2026-08-06,baccarat_bet02_101_all_pairs_incl_sentinel,round_win = game_pnl > 0 (decisive only),COMPATIBILITY_ONLY_NOT_PRODUCTION,2500103.8841,2280641.3266,9883.8276,11764,10369,-0.00395337,-0.05088190,-0.00239824,-0.00395337,-9883.8276,2500103.8841,OK,0.0000,395.3531,4.0000,96.0000,AG03-UNRESOLVED,ALL5_LEVELS_bet23_to_bet27,395.3531,395.3531,395.3531,395.3531,395.3531,4.000000,4.000000,4.000000,4.000000,4.000000,96.000000,96.000000,96.000000,96.000000,96.000000,5.0,1976.7655,1824.8244,7907.0621,8059.0032,PENDING_AG03,FALSE,NOT_FOR_ENFORCEMENT,9488.4745,2189415.6736,9883.8276,9488.4745,395.3531,0.00395337,0.00379523,395.3531,9488.4745,0.00379523,395.3531,395.3531,395.3531,395.3531,395.3531,9488.4745,0.00379523,1976.7655,1824.8244,7907.0621,8059.0032,0.00316269,0.00322347,0.00015813,212.5216,219.9480,0.9532,119.0823,2.3972,30121.7335,124.9277,49.0469,238.9093,36.5364,75.9244,374.9013,749.8027,789.266,1183.8989,75.8035,-1.1839,10.395423,15.593133,2.799122,29,215,300,5,0.03207536,0.00395337,0.05088190,0E-8,0.000000,0.912219,0.000000,-0.04848366,2026-03-31,2026-08-01,83,4123,1621,124,0.669355,0.205295,0.230786,0.106918,,,,,,,,GLOBAL_BASELINE_NO_ENTITY_RANKING,,,NOT_APPLICABLE_GLOBAL_BASELINE,HF9g-P5,,,,X 全窗基线 · 不参与实体赏罚,15055058,1506,A168_HF9F_20260827_0900,2026-08-27 09:00:00
2026-04-25,92755421,1396,0,323.5497097390,149.5960703121,149.5960703121,0.6666667,4,3,0.49834985263749142,0.420879666667,0.5830697227237084,0.862295573878678,0.5830697227237084,0.07747018597049142,ELIGIBLE,R03b_20260811_FULL_v1,L1_ELIGIBILITY,v2026-08-11,2026-03-21..2026-08-06,baccarat_bet02_101_all_pairs_incl_sentinel,round_win = game_pnl > 0 (decisive only),COMPATIBILITY_ONLY_NOT_PRODUCTION,2500103.8841,2280641.3266,9883.8276,11764,10369,-0.00395337,-0.05088190,-0.00239824,-0.00395337,-9883.8276,2500103.8841,OK,0.0000,395.3531,4.0000,96.0000,AG03-UNRESOLVED,ALL5_LEVELS_bet23_to_bet27,395.3531,395.3531,395.3531,395.3531,395.3531,4.000000,4.000000,4.000000,4.000000,4.000000,96.000000,96.000000,96.000000,96.000000,96.000000,5.0,1976.7655,1824.8244,7907.0621,8059.0032,PENDING_AG03,FALSE,NOT_FOR_ENFORCEMENT,9488.4745,2189415.6736,9883.8276,9488.4745,395.3531,0.00395337,0.00379523,395.3531,9488.4745,0.00379523,395.3531,395.3531,395.3531,395.3531,395.3531,9488.4745,0.00379523,1976.7655,1824.8244,7907.0621,8059.0032,0.00316269,0.00322347,0.00015813,212.5216,219.9480,0.9532,119.0823,2.3972,30121.7335,124.9277,49.0469,238.9093,36.5364,75.9244,374.9013,749.8027,789.266,1183.8989,75.8035,-1.1839,10.395423,15.593133,2.799122,29,215,300,5,0.03207536,0.00395337,0.05088190,0E-8,0.000000,0.912219,0.000000,-0.04848366,2026-03-31,2026-08-01,83,4123,1621,124,0.669355,0.205295,0.230786,0.106918,,,,,,,,GLOBAL_BASELINE_NO_ENTITY_RANKING,,,NOT_APPLICABLE_GLOBAL_BASELINE,HF9g-P5,,,,X 全窗基线 · 不参与实体赏罚,15055059,1506,A168_HF9F_20260827_0900,2026-08-27 09:00:00
2026-04-25,92755421,1401,0,1738.7244752971,533.9382129665,533.9382129665,0.7000000,15,11,0.49415422556040939,0.411254318182,1.301971975723685,1.8556514065758078,1.301971975723685,0.08289990737840939,ELIGIBLE,R03b_20260811_FULL_v1,L1_ELIGIBILITY,v2026-08-11,2026-03-21..2026-08-06,baccarat_bet02_101_all_pairs_incl_sentinel,round_win = game_pnl > 0 (decisive only),COMPATIBILITY_ONLY_NOT_PRODUCTION,2500103.8841,2280641.3266,9883.8276,11764,10369,-0.00395337,-0.05088190,-0.00239824,-0.00395337,-9883.8276,2500103.8841,OK,0.0000,395.3531,4.0000,96.0000,AG03-UNRESOLVED,ALL5_LEVELS_bet23_to_bet27,395.3531,395.3531,395.3531,395.3531,395.3531,4.000000,4.000000,4.000000,4.000000,4.000000,96.000000,96.000000,96.000000,96.000000,96.000000,5.0,1976.7655,1824.8244,7907.0621,8059.0032,PENDING_AG03,FALSE,NOT_FOR_ENFORCEMENT,9488.4745,2189415.6736,9883.8276,9488.4745,395.3531,0.00395337,0.00379523,395.3531,9488.4745,0.00379523,395.3531,395.3531,395.3531,395.3531,395.3531,9488.4745,0.00379523,1976.7655,1824.8244,7907.0621,8059.0032,0.00316269,0.00322347,0.00015813,212.5216,219.9480,0.9532,119.0823,2.3972,30121.7335,124.9277,49.0469,238.9093,36.5364,75.9244,374.9013,749.8027,789.266,1183.8989,75.8035,-1.1839,10.395423,15.593133,2.799122,29,215,300,5,0.03207536,0.00395337,0.05088190,0E-8,0.000000,0.912219,0.000000,-0.04848366,2026-03-31,2026-08-01,83,4123,1621,124,0.669355,0.205295,0.230786,0.106918,,,,,,,,GLOBAL_BASELINE_NO_ENTITY_RANKING,,,NOT_APPLICABLE_GLOBAL_BASELINE,HF9g-P5,,,,X 全窗基线 · 不参与实体赏罚,15055060,1506,A168_HF9F_20260827_0900,2026-08-27 09:00:00
2026-04-25,92755421,1490,0,162.3837940973,-162.3837940973,-162.3837940973,0E-7,1,1,0.50665070000000000,0.506650700000,-1.013391052207602,-1.013391052207602,-1.013391052207602,0E-17,ELIGIBLE,R03b_20260811_FULL_v1,L1_ELIGIBILITY,v2026-08-11,2026-03-21..2026-08-06,baccarat_bet02_101_all_pairs_incl_sentinel,round_win = game_pnl > 0 (decisive only),COMPATIBILITY_ONLY_NOT_PRODUCTION,2500103.8841,2280641.3266,9883.8276,11764,10369,-0.00395337,-0.05088190,-0.00239824,-0.00395337,-9883.8276,2500103.8841,OK,0.0000,395.3531,4.0000,96.0000,AG03-UNRESOLVED,ALL5_LEVELS_bet23_to_bet27,395.3531,395.3531,395.3531,395.3531,395.3531,4.000000,4.000000,4.000000,4.000000,4.000000,96.000000,96.000000,96.000000,96.000000,96.000000,5.0,1976.7655,1824.8244,7907.0621,8059.0032,PENDING_AG03,FALSE,NOT_FOR_ENFORCEMENT,9488.4745,2189415.6736,9883.8276,9488.4745,395.3531,0.00395337,0.00379523,395.3531,9488.4745,0.00379523,395.3531,395.3531,395.3531,395.3531,395.3531,9488.4745,0.00379523,1976.7655,1824.8244,7907.0621,8059.0032,0.00316269,0.00322347,0.00015813,212.5216,219.9480,0.9532,119.0823,2.3972,30121.7335,124.9277,49.0469,238.9093,36.5364,75.9244,374.9013,749.8027,789.266,1183.8989,75.8035,-1.1839,10.395423,15.593133,2.799122,29,215,300,5,0.03207536,0.00395337,0.05088190,0E-8,0.000000,0.912219,0.000000,-0.04848366,2026-03-31,2026-08-01,83,4123,1621,124,0.669355,0.205295,0.230786,0.106918,,,,,,,,GLOBAL_BASELINE_NO_ENTITY_RANKING,,,NOT_APPLICABLE_GLOBAL_BASELINE,HF9g-P5,,,,X 全窗基线 · 不参与实体赏罚,15055061,1506,A168_HF9F_20260827_0900,2026-08-27 09:00:00
2026-04-25,92755421,1654,0,1316.1206511589,178.3177038933,178.3177038933,0.5714286,10,7,0.49652070213863062,0.396373657143,0.39638478376479763,0.9468623389481553,0.39638478376479763,0.10014704499563062,ELIGIBLE,R03b_20260811_FULL_v1,L1_ELIGIBILITY,v2026-08-11,2026-03-21..2026-08-06,baccarat_bet02_101_all_pairs_incl_sentinel,round_win = game_pnl > 0 (decisive only),COMPATIBILITY_ONLY_NOT_PRODUCTION,2500103.8841,2280641.3266,9883.8276,11764,10369,-0.00395337,-0.05088190,-0.00239824,-0.00395337,-9883.8276,2500103.8841,OK,0.0000,395.3531,4.0000,96.0000,AG03-UNRESOLVED,ALL5_LEVELS_bet23_to_bet27,395.3531,395.3531,395.3531,395.3531,395.3531,4.000000,4.000000,4.000000,4.000000,4.000000,96.000000,96.000000,96.000000,96.000000,96.000000,5.0,1976.7655,1824.8244,7907.0621,8059.0032,PENDING_AG03,FALSE,NOT_FOR_ENFORCEMENT,9488.4745,2189415.6736,9883.8276,9488.4745,395.3531,0.00395337,0.00379523,395.3531,9488.4745,0.00379523,395.3531,395.3531,395.3531,395.3531,395.3531,9488.4745,0.00379523,1976.7655,1824.8244,7907.0621,8059.0032,0.00316269,0.00322347,0.00015813,212.5216,219.9480,0.9532,119.0823,2.3972,30121.7335,124.9277,49.0469,238.9093,36.5364,75.9244,374.9013,749.8027,789.266,1183.8989,75.8035,-1.1839,10.395423,15.593133,2.799122,29,215,300,5,0.03207536,0.00395337,0.05088190,0E-8,0.000000,0.912219,0.000000,-0.04848366,2026-03-31,2026-08-01,83,4123,1621,124,0.669355,0.205295,0.230786,0.106918,,,,,,,,GLOBAL_BASELINE_NO_ENTITY_RANKING,,,NOT_APPLICABLE_GLOBAL_BASELINE,HF9g-P5,,,,X 全窗基线 · 不参与实体赏罚,15055062,1506,A168_HF9F_20260827_0900,2026-08-27 09:00:00
2026-04-25,92755421,1963,0,1380.2622498275,202.9797426217,202.9797426217,0.6666667,7,7,0.50282064285714286,0.502820642857,0.5675883072791311,0.5675883072796252,0.5675883072791311,1.4286E-13,ELIGIBLE,R03b_20260811_FULL_v1,L1_ELIGIBILITY,v2026-08-11,2026-03-21..2026-08-06,baccarat_bet02_101_all_pairs_incl_sentinel,round_win = game_pnl > 0 (decisive only),COMPATIBILITY_ONLY_NOT_PRODUCTION,2500103.8841,2280641.3266,9883.8276,11764,10369,-0.00395337,-0.05088190,-0.00239824,-0.00395337,-9883.8276,2500103.8841,OK,0.0000,395.3531,4.0000,96.0000,AG03-UNRESOLVED,ALL5_LEVELS_bet23_to_bet27,395.3531,395.3531,395.3531,395.3531,395.3531,4.000000,4.000000,4.000000,4.000000,4.000000,96.000000,96.000000,96.000000,96.000000,96.000000,5.0,1976.7655,1824.8244,7907.0621,8059.0032,PENDING_AG03,FALSE,NOT_FOR_ENFORCEMENT,9488.4745,2189415.6736,9883.8276,9488.4745,395.3531,0.00395337,0.00379523,395.3531,9488.4745,0.00379523,395.3531,395.3531,395.3531,395.3531,395.3531,9488.4745,0.00379523,1976.7655,1824.8244,7907.0621,8059.0032,0.00316269,0.00322347,0.00015813,212.5216,219.9480,0.9532,119.0823,2.3972,30121.7335,124.9277,49.0469,238.9093,36.5364,75.9244,374.9013,749.8027,789.266,1183.8989,75.8035,-1.1839,10.395423,15.593133,2.799122,29,215,300,5,0.03207536,0.00395337,0.05088190,0E-8,0.000000,0.912219,0.000000,-0.04848366,2026-03-31,2026-08-01,83,4123,1621,124,0.669355,0.205295,0.230786,0.106918,,,,,,,,GLOBAL_BASELINE_NO_ENTITY_RANKING,,,NOT_APPLICABLE_GLOBAL_BASELINE,HF9g-P5,,,,X 全窗基线 · 不参与实体赏罚,15055063,1506,A168_HF9F_20260827_0900,2026-08-27 09:00:00
2026-04-25,92755421,1966,0,202.9797426217,-202.9797426217,-202.9797426217,0E-7,1,1,0.50665070000000000,0.506650700000,-1.013391052207602,-1.013391052207602,-1.013391052207602,0E-17,ELIGIBLE,R03b_20260811_FULL_v1,L1_ELIGIBILITY,v2026-08-11,2026-03-21..2026-08-06,baccarat_bet02_101_all_pairs_incl_sentinel,round_win = game_pnl > 0 (decisive only),COMPATIBILITY_ONLY_NOT_PRODUCTION,2500103.8841,2280641.3266,9883.8276,11764,10369,-0.00395337,-0.05088190,-0.00239824,-0.00395337,-9883.8276,2500103.8841,OK,0.0000,395.3531,4.0000,96.0000,AG03-UNRESOLVED,ALL5_LEVELS_bet23_to_bet27,395.3531,395.3531,395.3531,395.3531,395.3531,4.000000,4.000000,4.000000,4.000000,4.000000,96.000000,96.000000,96.000000,96.000000,96.000000,5.0,1976.7655,1824.8244,7907.0621,8059.0032,PENDING_AG03,FALSE,NOT_FOR_ENFORCEMENT,9488.4745,2189415.6736,9883.8276,9488.4745,395.3531,0.00395337,0.00379523,395.3531,9488.4745,0.00379523,395.3531,395.3531,395.3531,395.3531,395.3531,9488.4745,0.00379523,1976.7655,1824.8244,7907.0621,8059.0032,0.00316269,0.00322347,0.00015813,212.5216,219.9480,0.9532,119.0823,2.3972,30121.7335,124.9277,49.0469,238.9093,36.5364,75.9244,374.9013,749.8027,789.266,1183.8989,75.8035,-1.1839,10.395423,15.593133,2.799122,29,215,300,5,0.03207536,0.00395337,0.05088190,0E-8,0.000000,0.912219,0.000000,-0.04848366,2026-03-31,2026-08-01,83,4123,1621,124,0.669355,0.205295,0.230786,0.106918,,,,,,,,GLOBAL_BASELINE_NO_ENTITY_RANKING,,,NOT_APPLICABLE_GLOBAL_BASELINE,HF9g-P5,,,,X 全窗基线 · 不参与实体赏罚,15055064,1506,A168_HF9F_20260827_0900,2026-08-27 09:00:00
2026-04-25,92755421,1985,0,923.5578289287,263.8736654082,263.8736654082,0.6000000,5,5,0.49860758000000000,0.498607580000,0.4534424453485946,0.4534424453485946,0.4534424453485946,0E-17,ELIGIBLE,R03b_20260811_FULL_v1,L1_ELIGIBILITY,v2026-08-11,2026-03-21..2026-08-06,baccarat_bet02_101_all_pairs_incl_sentinel,round_win = game_pnl > 0 (decisive only),COMPATIBILITY_ONLY_NOT_PRODUCTION,2500103.8841,2280641.3266,9883.8276,11764,10369,-0.00395337,-0.05088190,-0.00239824,-0.00395337,-9883.8276,2500103.8841,OK,0.0000,395.3531,4.0000,96.0000,AG03-UNRESOLVED,ALL5_LEVELS_bet23_to_bet27,395.3531,395.3531,395.3531,395.3531,395.3531,4.000000,4.000000,4.000000,4.000000,4.000000,96.000000,96.000000,96.000000,96.000000,96.000000,5.0,1976.7655,1824.8244,7907.0621,8059.0032,PENDING_AG03,FALSE,NOT_FOR_ENFORCEMENT,9488.4745,2189415.6736,9883.8276,9488.4745,395.3531,0.00395337,0.00379523,395.3531,9488.4745,0.00379523,395.3531,395.3531,395.3531,395.3531,395.3531,9488.4745,0.00379523,1976.7655,1824.8244,7907.0621,8059.0032,0.00316269,0.00322347,0.00015813,212.5216,219.9480,0.9532,119.0823,2.3972,30121.7335,124.9277,49.0469,238.9093,36.5364,75.9244,374.9013,749.8027,789.266,1183.8989,75.8035,-1.1839,10.395423,15.593133,2.799122,29,215,300,5,0.03207536,0.00395337,0.05088190,0E-8,0.000000,0.912219,0.000000,-0.04848366,2026-03-31,2026-08-01,83,4123,1621,124,0.669355,0.205295,0.230786,0.106918,,,,,,,,GLOBAL_BASELINE_NO_ENTITY_RANKING,,,NOT_APPLICABLE_GLOBAL_BASELINE,HF9g-P5,,,,X 全窗基线 · 不参与实体赏罚,15055065,1506,A168_HF9F_20260827_0900,2026-08-27 09:00:00
2026-04-25,92755421,1994,0,243.5756911460,-121.7878455730,-121.7878455730,0E-7,2,2,0.49324550000000000,0.493245500000,-0.9865810262130424,-0.9865810262130424,-0.9865810262130424,0E-17,ELIGIBLE,R03b_20260811_FULL_v1,L1_ELIGIBILITY,v2026-08-11,2026-03-21..2026-08-06,baccarat_bet02_101_all_pairs_incl_sentinel,round_win = game_pnl > 0 (decisive only),COMPATIBILITY_ONLY_NOT_PRODUCTION,2500103.8841,2280641.3266,9883.8276,11764,10369,-0.00395337,-0.05088190,-0.00239824,-0.00395337,-9883.8276,2500103.8841,OK,0.0000,395.3531,4.0000,96.0000,AG03-UNRESOLVED,ALL5_LEVELS_bet23_to_bet27,395.3531,395.3531,395.3531,395.3531,395.3531,4.000000,4.000000,4.000000,4.000000,4.000000,96.000000,96.000000,96.000000,96.000000,96.000000,5.0,1976.7655,1824.8244,7907.0621,8059.0032,PENDING_AG03,FALSE,NOT_FOR_ENFORCEMENT,9488.4745,2189415.6736,9883.8276,9488.4745,395.3531,0.00395337,0.00379523,395.3531,9488.4745,0.00379523,395.3531,395.3531,395.3531,395.3531,395.3531,9488.4745,0.00379523,1976.7655,1824.8244,7907.0621,8059.0032,0.00316269,0.00322347,0.00015813,212.5216,219.9480,0.9532,119.0823,2.3972,30121.7335,124.9277,49.0469,238.9093,36.5364,75.9244,374.9013,749.8027,789.266,1183.8989,75.8035,-1.1839,10.395423,15.593133,2.799122,29,215,300,5,0.03207536,0.00395337,0.05088190,0E-8,0.000000,0.912219,0.000000,-0.04848366,2026-03-31,2026-08-01,83,4123,1621,124,0.669355,0.205295,0.230786,0.106918,,,,,,,,GLOBAL_BASELINE_NO_ENTITY_RANKING,,,NOT_APPLICABLE_GLOBAL_BASELINE,HF9g-P5,,,,X 全窗基线 · 不参与实体赏罚,15055066,1506,A168_HF9F_20260827_0900,2026-08-27 09:00:00
2026-04-25,92755421,2059,0,779.4422116673,562.8628262900,562.8628262900,1.0000000,5,4,0.49869965105264194,0.440646775000,1.7365612211959796,1.9514543778813118,1.7365612211959796,0.05805287605264194,ELIGIBLE,R03b_20260811_FULL_v1,L1_ELIGIBILITY,v2026-08-11,2026-03-21..2026-08-06,baccarat_bet02_101_all_pairs_incl_sentinel,round_win = game_pnl > 0 (decisive only),COMPATIBILITY_ONLY_NOT_PRODUCTION,2500103.8841,2280641.3266,9883.8276,11764,10369,-0.00395337,-0.05088190,-0.00239824,-0.00395337,-9883.8276,2500103.8841,OK,0.0000,395.3531,4.0000,96.0000,AG03-UNRESOLVED,ALL5_LEVELS_bet23_to_bet27,395.3531,395.3531,395.3531,395.3531,395.3531,4.000000,4.000000,4.000000,4.000000,4.000000,96.000000,96.000000,96.000000,96.000000,96.000000,5.0,1976.7655,1824.8244,7907.0621,8059.0032,PENDING_AG03,FALSE,NOT_FOR_ENFORCEMENT,9488.4745,2189415.6736,9883.8276,9488.4745,395.3531,0.00395337,0.00379523,395.3531,9488.4745,0.00379523,395.3531,395.3531,395.3531,395.3531,395.3531,9488.4745,0.00379523,1976.7655,1824.8244,7907.0621,8059.0032,0.00316269,0.00322347,0.00015813,212.5216,219.9480,0.9532,119.0823,2.3972,30121.7335,124.9277,49.0469,238.9093,36.5364,75.9244,374.9013,749.8027,789.266,1183.8989,75.8035,-1.1839,10.395423,15.593133,2.799122,29,215,300,5,0.03207536,0.00395337,0.05088190,0E-8,0.000000,0.912219,0.000000,-0.04848366,2026-03-31,2026-08-01,83,4123,1621,124,0.669355,0.205295,0.230786,0.106918,,,,,,,,GLOBAL_BASELINE_NO_ENTITY_RANKING,,,NOT_APPLICABLE_GLOBAL_BASELINE,HF9g-P5,,,,X 全窗基线 · 不参与实体赏罚,15055067,1506,A168_HF9F_20260827_0900,2026-08-27 09:00:00
2026-04-25,92755421,2083,0,811.9189704868,192.8307554906,192.8307554906,0.6666667,4,4,0.50329940000000000,0.503299400000,0.5659331339966515,0.5659331339966515,0.5659331339966515,0E-17,ELIGIBLE,R03b_20260811_FULL_v1,L1_ELIGIBILITY,v2026-08-11,2026-03-21..2026-08-06,baccarat_bet02_101_all_pairs_incl_sentinel,round_win = game_pnl > 0 (decisive only),COMPATIBILITY_ONLY_NOT_PRODUCTION,2500103.8841,2280641.3266,9883.8276,11764,10369,-0.00395337,-0.05088190,-0.00239824,-0.00395337,-9883.8276,2500103.8841,OK,0.0000,395.3531,4.0000,96.0000,AG03-UNRESOLVED,ALL5_LEVELS_bet23_to_bet27,395.3531,395.3531,395.3531,395.3531,395.3531,4.000000,4.000000,4.000000,4.000000,4.000000,96.000000,96.000000,96.000000,96.000000,96.000000,5.0,1976.7655,1824.8244,7907.0621,8059.0032,PENDING_AG03,FALSE,NOT_FOR_ENFORCEMENT,9488.4745,2189415.6736,9883.8276,9488.4745,395.3531,0.00395337,0.00379523,395.3531,9488.4745,0.00379523,395.3531,395.3531,395.3531,395.3531,395.3531,9488.4745,0.00379523,1976.7655,1824.8244,7907.0621,8059.0032,0.00316269,0.00322347,0.00015813,212.5216,219.9480,0.9532,119.0823,2.3972,30121.7335,124.9277,49.0469,238.9093,36.5364,75.9244,374.9013,749.8027,789.266,1183.8989,75.8035,-1.1839,10.395423,15.593133,2.799122,29,215,300,5,0.03207536,0.00395337,0.05088190,0E-8,0.000000,0.912219,0.000000,-0.04848366,2026-03-31,2026-08-01,83,4123,1621,124,0.669355,0.205295,0.230786,0.106918,,,,,,,,GLOBAL_BASELINE_NO_ENTITY_RANKING,,,NOT_APPLICABLE_GLOBAL_BASELINE,HF9g-P5,,,,X 全窗基线 · 不参与实体赏罚,15055068,1506,A168_HF9F_20260827_0900,2026-08-27 09:00:00
2026-04-25,92755421,2088,0,730.7270734380,69.0131124914,69.0131124914,0.6666667,6,6,0.50218230000000000,0.502182300000,0.8058132132962729,0.8058132132962729,0.8058132132962729,0E-17,ELIGIBLE,R03b_20260811_FULL_v1,L1_ELIGIBILITY,v2026-08-11,2026-03-21..2026-08-06,baccarat_bet02_101_all_pairs_incl_sentinel,round_win = game_pnl > 0 (decisive only),COMPATIBILITY_ONLY_NOT_PRODUCTION,2500103.8841,2280641.3266,9883.8276,11764,10369,-0.00395337,-0.05088190,-0.00239824,-0.00395337,-9883.8276,2500103.8841,OK,0.0000,395.3531,4.0000,96.0000,AG03-UNRESOLVED,ALL5_LEVELS_bet23_to_bet27,395.3531,395.3531,395.3531,395.3531,395.3531,4.000000,4.000000,4.000000,4.000000,4.000000,96.000000,96.000000,96.000000,96.000000,96.000000,5.0,1976.7655,1824.8244,7907.0621,8059.0032,PENDING_AG03,FALSE,NOT_FOR_ENFORCEMENT,9488.4745,2189415.6736,9883.8276,9488.4745,395.3531,0.00395337,0.00379523,395.3531,9488.4745,0.00379523,395.3531,395.3531,395.3531,395.3531,395.3531,9488.4745,0.00379523,1976.7655,1824.8244,7907.0621,8059.0032,0.00316269,0.00322347,0.00015813,212.5216,219.9480,0.9532,119.0823,2.3972,30121.7335,124.9277,49.0469,238.9093,36.5364,75.9244,374.9013,749.8027,789.266,1183.8989,75.8035,-1.1839,10.395423,15.593133,2.799122,29,215,300,5,0.03207536,0.00395337,0.05088190,0E-8,0.000000,0.912219,0.000000,-0.04848366,2026-03-31,2026-08-01,83,4123,1621,124,0.669355,0.205295,0.230786,0.106918,,,,,,,,GLOBAL_BASELINE_NO_ENTITY_RANKING,,,NOT_APPLICABLE_GLOBAL_BASELINE,HF9g-P5,,,,X 全窗基线 · 不参与实体赏罚,15055069,1506,A168_HF9F_20260827_0900,2026-08-27 09:00:00
2026-04-25,92755421,2093,0,1195.5506840418,574.4326716194,574.4326716194,0.6666667,7,6,0.49688160070176129,0.458179683333,0.8317897326106668,1.0249649487994938,0.8317897326106668,0.03870191736876129,ELIGIBLE,R03b_20260811_FULL_v1,L1_ELIGIBILITY,v2026-08-11,2026-03-21..2026-08-06,baccarat_bet02_101_all_pairs_incl_sentinel,round_win = game_pnl > 0 (decisive only),COMPATIBILITY_ONLY_NOT_PRODUCTION,2500103.8841,2280641.3266,9883.8276,11764,10369,-0.00395337,-0.05088190,-0.00239824,-0.00395337,-9883.8276,2500103.8841,OK,0.0000,395.3531,4.0000,96.0000,AG03-UNRESOLVED,ALL5_LEVELS_bet23_to_bet27,395.3531,395.3531,395.3531,395.3531,395.3531,4.000000,4.000000,4.000000,4.000000,4.000000,96.000000,96.000000,96.000000,96.000000,96.000000,5.0,1976.7655,1824.8244,7907.0621,8059.0032,PENDING_AG03,FALSE,NOT_FOR_ENFORCEMENT,9488.4745,2189415.6736,9883.8276,9488.4745,395.3531,0.00395337,0.00379523,395.3531,9488.4745,0.00379523,395.3531,395.3531,395.3531,395.3531,395.3531,9488.4745,0.00379523,1976.7655,1824.8244,7907.0621,8059.0032,0.00316269,0.00322347,0.00015813,212.5216,219.9480,0.9532,119.0823,2.3972,30121.7335,124.9277,49.0469,238.9093,36.5364,75.9244,374.9013,749.8027,789.266,1183.8989,75.8035,-1.1839,10.395423,15.593133,2.799122,29,215,300,5,0.03207536,0.00395337,0.05088190,0E-8,0.000000,0.912219,0.000000,-0.04848366,2026-03-31,2026-08-01,83,4123,1621,124,0.669355,0.205295,0.230786,0.106918,,,,,,,,GLOBAL_BASELINE_NO_ENTITY_RANKING,,,NOT_APPLICABLE_GLOBAL_BASELINE,HF9g-P5,,,,X 全窗基线 · 不参与实体赏罚,15055070,1506,A168_HF9F_20260827_0900,2026-08-27 09:00:00
2026-04-25,92755421,2117,0,863.0698656274,-179.0281329923,-179.0281329923,0.5000000,6,5,0.49659862927757854,0.453847560000,0.013605797713059326,0.1854012767076443,0.013605797713059326,0.04275106927757854,ELIGIBLE,R03b_20260811_FULL_v1,L1_ELIGIBILITY,v2026-08-11,2026-03-21..2026-08-06,baccarat_bet02_101_all_pairs_incl_sentinel,round_win = game_pnl > 0 (decisive only),COMPATIBILITY_ONLY_NOT_PRODUCTION,2500103.8841,2280641.3266,9883.8276,11764,10369,-0.00395337,-0.05088190,-0.00239824,-0.00395337,-9883.8276,2500103.8841,OK,0.0000,395.3531,4.0000,96.0000,AG03-UNRESOLVED,ALL5_LEVELS_bet23_to_bet27,395.3531,395.3531,395.3531,395.3531,395.3531,4.000000,4.000000,4.000000,4.000000,4.000000,96.000000,96.000000,96.000000,96.000000,96.000000,5.0,1976.7655,1824.8244,7907.0621,8059.0032,PENDING_AG03,FALSE,NOT_FOR_ENFORCEMENT,9488.4745,2189415.6736,9883.8276,9488.4745,395.3531,0.00395337,0.00379523,395.3531,9488.4745,0.00379523,395.3531,395.3531,395.3531,395.3531,395.3531,9488.4745,0.00379523,1976.7655,1824.8244,7907.0621,8059.0032,0.00316269,0.00322347,0.00015813,212.5216,219.9480,0.9532,119.0823,2.3972,30121.7335,124.9277,49.0469,238.9093,36.5364,75.9244,374.9013,749.8027,789.266,1183.8989,75.8035,-1.1839,10.395423,15.593133,2.799122,29,215,300,5,0.03207536,0.00395337,0.05088190,0E-8,0.000000,0.912219,0.000000,-0.04848366,2026-03-31,2026-08-01,83,4123,1621,124,0.669355,0.205295,0.230786,0.106918,,,,,,,,GLOBAL_BASELINE_NO_ENTITY_RANKING,,,NOT_APPLICABLE_GLOBAL_BASELINE,HF9g-P5,,,,X 全窗基线 · 不参与实体赏罚,15055071,1506,A168_HF9F_20260827_0900,2026-08-27 09:00:00
2026-04-25,92755421,2123,0,2428.8556002110,1421.3453497343,1421.3453497343,0.7777778,15,10,0.49695586074378977,0.382015710000,1.6849627308640338,2.4435773569474932,1.6849627308640338,0.11494015074378977,ELIGIBLE,R03b_20260811_FULL_v1,L1_ELIGIBILITY,v2026-08-11,2026-03-21..2026-08-06,baccarat_bet02_101_all_pairs_incl_sentinel,round_win = game_pnl > 0 (decisive only),COMPATIBILITY_ONLY_NOT_PRODUCTION,2500103.8841,2280641.3266,9883.8276,11764,10369,-0.00395337,-0.05088190,-0.00239824,-0.00395337,-9883.8276,2500103.8841,OK,0.0000,395.3531,4.0000,96.0000,AG03-UNRESOLVED,ALL5_LEVELS_bet23_to_bet27,395.3531,395.3531,395.3531,395.3531,395.3531,4.000000,4.000000,4.000000,4.000000,4.000000,96.000000,96.000000,96.000000,96.000000,96.000000,5.0,1976.7655,1824.8244,7907.0621,8059.0032,PENDING_AG03,FALSE,NOT_FOR_ENFORCEMENT,9488.4745,2189415.6736,9883.8276,9488.4745,395.3531,0.00395337,0.00379523,395.3531,9488.4745,0.00379523,395.3531,395.3531,395.3531,395.3531,395.3531,9488.4745,0.00379523,1976.7655,1824.8244,7907.0621,8059.0032,0.00316269,0.00322347,0.00015813,212.5216,219.9480,0.9532,119.0823,2.3972,30121.7335,124.9277,49.0469,238.9093,36.5364,75.9244,374.9013,749.8027,789.266,1183.8989,75.8035,-1.1839,10.395423,15.593133,2.799122,29,215,300,5,0.03207536,0.00395337,0.05088190,0E-8,0.000000,0.912219,0.000000,-0.04848366,2026-03-31,2026-08-01,83,4123,1621,124,0.669355,0.205295,0.230786,0.106918,,,,,,,,GLOBAL_BASELINE_NO_ENTITY_RANKING,,,NOT_APPLICABLE_GLOBAL_BASELINE,HF9g-P5,,,,X 全窗基线 · 不参与实体赏罚,15055072,1506,A168_HF9F_20260827_0900,2026-08-27 09:00:00
2026-04-25,92755421,2129,0,517.5983436853,-121.7878455730,-121.7878455730,0.3333333,3,3,0.50218230000000000,0.502182300000,-0.5849155494134425,-0.5849155494134426,-0.5849155494134425,0E-17,ELIGIBLE,R03b_20260811_FULL_v1,L1_ELIGIBILITY,v2026-08-11,2026-03-21..2026-08-06,baccarat_bet02_101_all_pairs_incl_sentinel,round_win = game_pnl > 0 (decisive only),COMPATIBILITY_ONLY_NOT_PRODUCTION,2500103.8841,2280641.3266,9883.8276,11764,10369,-0.00395337,-0.05088190,-0.00239824,-0.00395337,-9883.8276,2500103.8841,OK,0.0000,395.3531,4.0000,96.0000,AG03-UNRESOLVED,ALL5_LEVELS_bet23_to_bet27,395.3531,395.3531,395.3531,395.3531,395.3531,4.000000,4.000000,4.000000,4.000000,4.000000,96.000000,96.000000,96.000000,96.000000,96.000000,5.0,1976.7655,1824.8244,7907.0621,8059.0032,PENDING_AG03,FALSE,NOT_FOR_ENFORCEMENT,9488.4745,2189415.6736,9883.8276,9488.4745,395.3531,0.00395337,0.00379523,395.3531,9488.4745,0.00379523,395.3531,395.3531,395.3531,395.3531,395.3531,9488.4745,0.00379523,1976.7655,1824.8244,7907.0621,8059.0032,0.00316269,0.00322347,0.00015813,212.5216,219.9480,0.9532,119.0823,2.3972,30121.7335,124.9277,49.0469,238.9093,36.5364,75.9244,374.9013,749.8027,789.266,1183.8989,75.8035,-1.1839,10.395423,15.593133,2.799122,29,215,300,5,0.03207536,0.00395337,0.05088190,0E-8,0.000000,0.912219,0.000000,-0.04848366,2026-03-31,2026-08-01,83,4123,1621,124,0.669355,0.205295,0.230786,0.106918,,,,,,,,GLOBAL_BASELINE_NO_ENTITY_RANKING,,,NOT_APPLICABLE_GLOBAL_BASELINE,HF9g-P5,,,,X 全窗基线 · 不参与实体赏罚,15055073,1506,A168_HF9F_20260827_0900,2026-08-27 09:00:00
2026-04-25,92755421,2130,0,202.9797426217,-202.9797426217,-202.9797426217,0E-7,1,1,0.50665070000000000,0.506650700000,-1.013391052207602,-1.013391052207602,-1.013391052207602,0E-17,ELIGIBLE,R03b_20260811_FULL_v1,L1_ELIGIBILITY,v2026-08-11,2026-03-21..2026-08-06,baccarat_bet02_101_all_pairs_incl_sentinel,round_win = game_pnl > 0 (decisive only),COMPATIBILITY_ONLY_NOT_PRODUCTION,2500103.8841,2280641.3266,9883.8276,11764,10369,-0.00395337,-0.05088190,-0.00239824,-0.00395337,-9883.8276,2500103.8841,OK,0.0000,395.3531,4.0000,96.0000,AG03-UNRESOLVED,ALL5_LEVELS_bet23_to_bet27,395.3531,395.3531,395.3531,395.3531,395.3531,4.000000,4.000000,4.000000,4.000000,4.000000,96.000000,96.000000,96.000000,96.000000,96.000000,5.0,1976.7655,1824.8244,7907.0621,8059.0032,PENDING_AG03,FALSE,NOT_FOR_ENFORCEMENT,9488.4745,2189415.6736,9883.8276,9488.4745,395.3531,0.00395337,0.00379523,395.3531,9488.4745,0.00379523,395.3531,395.3531,395.3531,395.3531,395.3531,9488.4745,0.00379523,1976.7655,1824.8244,7907.0621,8059.0032,0.00316269,0.00322347,0.00015813,212.5216,219.9480,0.9532,119.0823,2.3972,30121.7335,124.9277,49.0469,238.9093,36.5364,75.9244,374.9013,749.8027,789.266,1183.8989,75.8035,-1.1839,10.395423,15.593133,2.799122,29,215,300,5,0.03207536,0.00395337,0.05088190,0E-8,0.000000,0.912219,0.000000,-0.04848366,2026-03-31,2026-08-01,83,4123,1621,124,0.669355,0.205295,0.230786,0.106918,,,,,,,,GLOBAL_BASELINE_NO_ENTITY_RANKING,,,NOT_APPLICABLE_GLOBAL_BASELINE,HF9g-P5,,,,X 全窗基线 · 不参与实体赏罚,15055074,1506,A168_HF9F_20260827_0900,2026-08-27 09:00:00
2026-04-25,92755421,2141,0,1413.5509276175,-215.9704461495,-215.9704461495,0.4285714,9,7,0.49731502497457378,0.430260128571,-0.36376216544866774,-0.009023970467295717,-0.36376216544866774,0.06705489640357378,ELIGIBLE,R03b_20260811_FULL_v1,L1_ELIGIBILITY,v2026-08-11,2026-03-21..2026-08-06,baccarat_bet02_101_all_pairs_incl_sentinel,round_win = game_pnl > 0 (decisive only),COMPATIBILITY_ONLY_NOT_PRODUCTION,2500103.8841,2280641.3266,9883.8276,11764,10369,-0.00395337,-0.05088190,-0.00239824,-0.00395337,-9883.8276,2500103.8841,OK,0.0000,395.3531,4.0000,96.0000,AG03-UNRESOLVED,ALL5_LEVELS_bet23_to_bet27,395.3531,395.3531,395.3531,395.3531,395.3531,4.000000,4.000000,4.000000,4.000000,4.000000,96.000000,96.000000,96.000000,96.000000,96.000000,5.0,1976.7655,1824.8244,7907.0621,8059.0032,PENDING_AG03,FALSE,NOT_FOR_ENFORCEMENT,9488.4745,2189415.6736,9883.8276,9488.4745,395.3531,0.00395337,0.00379523,395.3531,9488.4745,0.00379523,395.3531,395.3531,395.3531,395.3531,395.3531,9488.4745,0.00379523,1976.7655,1824.8244,7907.0621,8059.0032,0.00316269,0.00322347,0.00015813,212.5216,219.9480,0.9532,119.0823,2.3972,30121.7335,124.9277,49.0469,238.9093,36.5364,75.9244,374.9013,749.8027,789.266,1183.8989,75.8035,-1.1839,10.395423,15.593133,2.799122,29,215,300,5,0.03207536,0.00395337,0.05088190,0E-8,0.000000,0.912219,0.000000,-0.04848366,2026-03-31,2026-08-01,83,4123,1621,124,0.669355,0.205295,0.230786,0.106918,,,,,,,,GLOBAL_BASELINE_NO_ENTITY_RANKING,,,NOT_APPLICABLE_GLOBAL_BASELINE,HF9g-P5,,,,X 全窗基线 · 不参与实体赏罚,15055075,1506,A168_HF9F_20260827_0900,2026-08-27 09:00:00
2026-04-25,92755421,2153,0,1410.3032517355,-416.1084723745,-416.1084723745,0.2500000,6,5,0.50219806369063783,0.502629140000,-1.0088020028310969,-1.0105305304328445,-1.0088020028310969,-0.00043107630936217,ELIGIBLE,R03b_20260811_FULL_v1,L1_ELIGIBILITY,v2026-08-11,2026-03-21..2026-08-06,baccarat_bet02_101_all_pairs_incl_sentinel,round_win = game_pnl > 0 (decisive only),COMPATIBILITY_ONLY_NOT_PRODUCTION,2500103.8841,2280641.3266,9883.8276,11764,10369,-0.00395337,-0.05088190,-0.00239824,-0.00395337,-9883.8276,2500103.8841,OK,0.0000,395.3531,4.0000,96.0000,AG03-UNRESOLVED,ALL5_LEVELS_bet23_to_bet27,395.3531,395.3531,395.3531,395.3531,395.3531,4.000000,4.000000,4.000000,4.000000,4.000000,96.000000,96.000000,96.000000,96.000000,96.000000,5.0,1976.7655,1824.8244,7907.0621,8059.0032,PENDING_AG03,FALSE,NOT_FOR_ENFORCEMENT,9488.4745,2189415.6736,9883.8276,9488.4745,395.3531,0.00395337,0.00379523,395.3531,9488.4745,0.00379523,395.3531,395.3531,395.3531,395.3531,395.3531,9488.4745,0.00379523,1976.7655,1824.8244,7907.0621,8059.0032,0.00316269,0.00322347,0.00015813,212.5216,219.9480,0.9532,119.0823,2.3972,30121.7335,124.9277,49.0469,238.9093,36.5364,75.9244,374.9013,749.8027,789.266,1183.8989,75.8035,-1.1839,10.395423,15.593133,2.799122,29,215,300,5,0.03207536,0.00395337,0.05088190,0E-8,0.000000,0.912219,0.000000,-0.04848366,2026-03-31,2026-08-01,83,4123,1621,124,0.669355,0.205295,0.230786,0.106918,,,,,,,,GLOBAL_BASELINE_NO_ENTITY_RANKING,,,NOT_APPLICABLE_GLOBAL_BASELINE,HF9g-P5,,,,X 全窗基线 · 不参与实体赏罚,15055076,1506,A168_HF9F_20260827_0900,2026-08-27 09:00:00
2026-04-25,92755421,2155,0,891.0810701089,622.1329111354,622.1329111354,0.8888889,11,9,0.49628321150608414,0.446491077778,2.355699150886541,2.669718794636873,2.355699150886541,0.04979213372808414,ELIGIBLE,R03b_20260811_FULL_v1,L1_ELIGIBILITY,v2026-08-11,2026-03-21..2026-08-06,baccarat_bet02_101_all_pairs_incl_sentinel,round_win = game_pnl > 0 (decisive only),COMPATIBILITY_ONLY_NOT_PRODUCTION,2500103.8841,2280641.3266,9883.8276,11764,10369,-0.00395337,-0.05088190,-0.00239824,-0.00395337,-9883.8276,2500103.8841,OK,0.0000,395.3531,4.0000,96.0000,AG03-UNRESOLVED,ALL5_LEVELS_bet23_to_bet27,395.3531,395.3531,395.3531,395.3531,395.3531,4.000000,4.000000,4.000000,4.000000,4.000000,96.000000,96.000000,96.000000,96.000000,96.000000,5.0,1976.7655,1824.8244,7907.0621,8059.0032,PENDING_AG03,FALSE,NOT_FOR_ENFORCEMENT,9488.4745,2189415.6736,9883.8276,9488.4745,395.3531,0.00395337,0.00379523,395.3531,9488.4745,0.00379523,395.3531,395.3531,395.3531,395.3531,395.3531,9488.4745,0.00379523,1976.7655,1824.8244,7907.0621,8059.0032,0.00316269,0.00322347,0.00015813,212.5216,219.9480,0.9532,119.0823,2.3972,30121.7335,124.9277,49.0469,238.9093,36.5364,75.9244,374.9013,749.8027,789.266,1183.8989,75.8035,-1.1839,10.395423,15.593133,2.799122,29,215,300,5,0.03207536,0.00395337,0.05088190,0E-8,0.000000,0.912219,0.000000,-0.04848366,2026-03-31,2026-08-01,83,4123,1621,124,0.669355,0.205295,0.230786,0.106918,,,,,,,,GLOBAL_BASELINE_NO_ENTITY_RANKING,,,NOT_APPLICABLE_GLOBAL_BASELINE,HF9g-P5,,,,X 全窗基线 · 不参与实体赏罚,15055077,1506,A168_HF9F_20260827_0900,2026-08-27 09:00:00
2026-04-25,92755421,2156,0,521.6579385378,268.2377298745,268.2377298745,0.7500000,4,4,0.50329940000000000,0.503299400000,0.9868238854431842,0.9868238854431842,0.9868238854431842,0E-17,ELIGIBLE,R03b_20260811_FULL_v1,L1_ELIGIBILITY,v2026-08-11,2026-03-21..2026-08-06,baccarat_bet02_101_all_pairs_incl_sentinel,round_win = game_pnl > 0 (decisive only),COMPATIBILITY_ONLY_NOT_PRODUCTION,2500103.8841,2280641.3266,9883.8276,11764,10369,-0.00395337,-0.05088190,-0.00239824,-0.00395337,-9883.8276,2500103.8841,OK,0.0000,395.3531,4.0000,96.0000,AG03-UNRESOLVED,ALL5_LEVELS_bet23_to_bet27,395.3531,395.3531,395.3531,395.3531,395.3531,4.000000,4.000000,4.000000,4.000000,4.000000,96.000000,96.000000,96.000000,96.000000,96.000000,5.0,1976.7655,1824.8244,7907.0621,8059.0032,PENDING_AG03,FALSE,NOT_FOR_ENFORCEMENT,9488.4745,2189415.6736,9883.8276,9488.4745,395.3531,0.00395337,0.00379523,395.3531,9488.4745,0.00379523,395.3531,395.3531,395.3531,395.3531,395.3531,9488.4745,0.00379523,1976.7655,1824.8244,7907.0621,8059.0032,0.00316269,0.00322347,0.00015813,212.5216,219.9480,0.9532,119.0823,2.3972,30121.7335,124.9277,49.0469,238.9093,36.5364,75.9244,374.9013,749.8027,789.266,1183.8989,75.8035,-1.1839,10.395423,15.593133,2.799122,29,215,300,5,0.03207536,0.00395337,0.05088190,0E-8,0.000000,0.912219,0.000000,-0.04848366,2026-03-31,2026-08-01,83,4123,1621,124,0.669355,0.205295,0.230786,0.106918,,,,,,,,GLOBAL_BASELINE_NO_ENTITY_RANKING,,,NOT_APPLICABLE_GLOBAL_BASELINE,HF9g-P5,,,,X 全窗基线 · 不参与实体赏罚,15055078,1506,A168_HF9F_20260827_0900,2026-08-27 09:00:00
2026-04-25,92755421,2170,0,202.9797426217,-202.9797426217,-202.9797426217,0E-7,1,1,0.49324550000000000,0.493245500000,-0.9865810262130424,-0.9865810262130424,-0.9865810262130424,0E-17,ELIGIBLE,R03b_20260811_FULL_v1,L1_ELIGIBILITY,v2026-08-11,2026-03-21..2026-08-06,baccarat_bet02_101_all_pairs_incl_sentinel,round_win = game_pnl > 0 (decisive only),COMPATIBILITY_ONLY_NOT_PRODUCTION,2500103.8841,2280641.3266,9883.8276,11764,10369,-0.00395337,-0.05088190,-0.00239824,-0.00395337,-9883.8276,2500103.8841,OK,0.0000,395.3531,4.0000,96.0000,AG03-UNRESOLVED,ALL5_LEVELS_bet23_to_bet27,395.3531,395.3531,395.3531,395.3531,395.3531,4.000000,4.000000,4.000000,4.000000,4.000000,96.000000,96.000000,96.000000,96.000000,96.000000,5.0,1976.7655,1824.8244,7907.0621,8059.0032,PENDING_AG03,FALSE,NOT_FOR_ENFORCEMENT,9488.4745,2189415.6736,9883.8276,9488.4745,395.3531,0.00395337,0.00379523,395.3531,9488.4745,0.00379523,395.3531,395.3531,395.3531,395.3531,395.3531,9488.4745,0.00379523,1976.7655,1824.8244,7907.0621,8059.0032,0.00316269,0.00322347,0.00015813,212.5216,219.9480,0.9532,119.0823,2.3972,30121.7335,124.9277,49.0469,238.9093,36.5364,75.9244,374.9013,749.8027,789.266,1183.8989,75.8035,-1.1839,10.395423,15.593133,2.799122,29,215,300,5,0.03207536,0.00395337,0.05088190,0E-8,0.000000,0.912219,0.000000,-0.04848366,2026-03-31,2026-08-01,83,4123,1621,124,0.669355,0.205295,0.230786,0.106918,,,,,,,,GLOBAL_BASELINE_NO_ENTITY_RANKING,,,NOT_APPLICABLE_GLOBAL_BASELINE,HF9g-P5,,,,X 全窗基线 · 不参与实体赏罚,15055079,1506,A168_HF9F_20260827_0900,2026-08-27 09:00:00
2026-04-25,92755421,2174,0,405.9594852434,0E-10,0E-10,0.5000000,2,2,0.49994810000000000,0.499948100000,0.00014679536856514622,0.00014679536856514622,0.00014679536856514622,0E-17,ELIGIBLE,R03b_20260811_FULL_v1,L1_ELIGIBILITY,v2026-08-11,2026-03-21..2026-08-06,baccarat_bet02_101_all_pairs_incl_sentinel,round_win = game_pnl > 0 (decisive only),COMPATIBILITY_ONLY_NOT_PRODUCTION,2500103.8841,2280641.3266,9883.8276,11764,10369,-0.00395337,-0.05088190,-0.00239824,-0.00395337,-9883.8276,2500103.8841,OK,0.0000,395.3531,4.0000,96.0000,AG03-UNRESOLVED,ALL5_LEVELS_bet23_to_bet27,395.3531,395.3531,395.3531,395.3531,395.3531,4.000000,4.000000,4.000000,4.000000,4.000000,96.000000,96.000000,96.000000,96.000000,96.000000,5.0,1976.7655,1824.8244,7907.0621,8059.0032,PENDING_AG03,FALSE,NOT_FOR_ENFORCEMENT,9488.4745,2189415.6736,9883.8276,9488.4745,395.3531,0.00395337,0.00379523,395.3531,9488.4745,0.00379523,395.3531,395.3531,395.3531,395.3531,395.3531,9488.4745,0.00379523,1976.7655,1824.8244,7907.0621,8059.0032,0.00316269,0.00322347,0.00015813,212.5216,219.9480,0.9532,119.0823,2.3972,30121.7335,124.9277,49.0469,238.9093,36.5364,75.9244,374.9013,749.8027,789.266,1183.8989,75.8035,-1.1839,10.395423,15.593133,2.799122,29,215,300,5,0.03207536,0.00395337,0.05088190,0E-8,0.000000,0.912219,0.000000,-0.04848366,2026-03-31,2026-08-01,83,4123,1621,124,0.669355,0.205295,0.230786,0.106918,,,,,,,,GLOBAL_BASELINE_NO_ENTITY_RANKING,,,NOT_APPLICABLE_GLOBAL_BASELINE,HF9g-P5,,,,X 全窗基线 · 不参与实体赏罚,15055080,1506,A168_HF9F_20260827_0900,2026-08-27 09:00:00
2026-04-25,92755421,2208,0,202.9797426217,192.8307554906,192.8307554906,1.0000000,1,1,0.50665070000000000,0.506650700000,0.9867858985152569,0.9867858985152569,0.9867858985152569,0E-17,ELIGIBLE,R03b_20260811_FULL_v1,L1_ELIGIBILITY,v2026-08-11,2026-03-21..2026-08-06,baccarat_bet02_101_all_pairs_incl_sentinel,round_win = game_pnl > 0 (decisive only),COMPATIBILITY_ONLY_NOT_PRODUCTION,2500103.8841,2280641.3266,9883.8276,11764,10369,-0.00395337,-0.05088190,-0.00239824,-0.00395337,-9883.8276,2500103.8841,OK,0.0000,395.3531,4.0000,96.0000,AG03-UNRESOLVED,ALL5_LEVELS_bet23_to_bet27,395.3531,395.3531,395.3531,395.3531,395.3531,4.000000,4.000000,4.000000,4.000000,4.000000,96.000000,96.000000,96.000000,96.000000,96.000000,5.0,1976.7655,1824.8244,7907.0621,8059.0032,PENDING_AG03,FALSE,NOT_FOR_ENFORCEMENT,9488.4745,2189415.6736,9883.8276,9488.4745,395.3531,0.00395337,0.00379523,395.3531,9488.4745,0.00379523,395.3531,395.3531,395.3531,395.3531,395.3531,9488.4745,0.00379523,1976.7655,1824.8244,7907.0621,8059.0032,0.00316269,0.00322347,0.00015813,212.5216,219.9480,0.9532,119.0823,2.3972,30121.7335,124.9277,49.0469,238.9093,36.5364,75.9244,374.9013,749.8027,789.266,1183.8989,75.8035,-1.1839,10.395423,15.593133,2.799122,29,215,300,5,0.03207536,0.00395337,0.05088190,0E-8,0.000000,0.912219,0.000000,-0.04848366,2026-03-31,2026-08-01,83,4123,1621,124,0.669355,0.205295,0.230786,0.106918,,,,,,,,GLOBAL_BASELINE_NO_ENTITY_RANKING,,,NOT_APPLICABLE_GLOBAL_BASELINE,HF9g-P5,,,,X 全窗基线 · 不参与实体赏罚,15055081,1506,A168_HF9F_20260827_0900,2026-08-27 09:00:00
2026-04-25,92755421,2212,0,202.9797426217,-202.9797426217,-202.9797426217,0E-7,1,1,0.49324550000000000,0.493245500000,-0.9865810262130424,-0.9865810262130424,-0.9865810262130424,0E-17,ELIGIBLE,R03b_20260811_FULL_v1,L1_ELIGIBILITY,v2026-08-11,2026-03-21..2026-08-06,baccarat_bet02_101_all_pairs_incl_sentinel,round_win = game_pnl > 0 (decisive only),COMPATIBILITY_ONLY_NOT_PRODUCTION,2500103.8841,2280641.3266,9883.8276,11764,10369,-0.00395337,-0.05088190,-0.00239824,-0.00395337,-9883.8276,2500103.8841,OK,0.0000,395.3531,4.0000,96.0000,AG03-UNRESOLVED,ALL5_LEVELS_bet23_to_bet27,395.3531,395.3531,395.3531,395.3531,395.3531,4.000000,4.000000,4.000000,4.000000,4.000000,96.000000,96.000000,96.000000,96.000000,96.000000,5.0,1976.7655,1824.8244,7907.0621,8059.0032,PENDING_AG03,FALSE,NOT_FOR_ENFORCEMENT,9488.4745,2189415.6736,9883.8276,9488.4745,395.3531,0.00395337,0.00379523,395.3531,9488.4745,0.00379523,395.3531,395.3531,395.3531,395.3531,395.3531,9488.4745,0.00379523,1976.7655,1824.8244,7907.0621,8059.0032,0.00316269,0.00322347,0.00015813,212.5216,219.9480,0.9532,119.0823,2.3972,30121.7335,124.9277,49.0469,238.9093,36.5364,75.9244,374.9013,749.8027,789.266,1183.8989,75.8035,-1.1839,10.395423,15.593133,2.799122,29,215,300,5,0.03207536,0.00395337,0.05088190,0E-8,0.000000,0.912219,0.000000,-0.04848366,2026-03-31,2026-08-01,83,4123,1621,124,0.669355,0.205295,0.230786,0.106918,,,,,,,,GLOBAL_BASELINE_NO_ENTITY_RANKING,,,NOT_APPLICABLE_GLOBAL_BASELINE,HF9g-P5,,,,X 全窗基线 · 不参与实体赏罚,15055082,1506,A168_HF9F_20260827_0900,2026-08-27 09:00:00
2026-04-25,92755421,2222,0,1681.4841878782,-358.2998416758,-358.2998416758,0.4444444,12,10,0.49687939042105691,0.474216790000,-0.31461580350519064,-0.17887205058745803,-0.31461580350519064,0.02266260042105691,ELIGIBLE,R03b_20260811_FULL_v1,L1_ELIGIBILITY,v2026-08-11,2026-03-21..2026-08-06,baccarat_bet02_101_all_pairs_incl_sentinel,round_win = game_pnl > 0 (decisive only),COMPATIBILITY_ONLY_NOT_PRODUCTION,2500103.8841,2280641.3266,9883.8276,11764,10369,-0.00395337,-0.05088190,-0.00239824,-0.00395337,-9883.8276,2500103.8841,OK,0.0000,395.3531,4.0000,96.0000,AG03-UNRESOLVED,ALL5_LEVELS_bet23_to_bet27,395.3531,395.3531,395.3531,395.3531,395.3531,4.000000,4.000000,4.000000,4.000000,4.000000,96.000000,96.000000,96.000000,96.000000,96.000000,5.0,1976.7655,1824.8244,7907.0621,8059.0032,PENDING_AG03,FALSE,NOT_FOR_ENFORCEMENT,9488.4745,2189415.6736,9883.8276,9488.4745,395.3531,0.00395337,0.00379523,395.3531,9488.4745,0.00379523,395.3531,395.3531,395.3531,395.3531,395.3531,9488.4745,0.00379523,1976.7655,1824.8244,7907.0621,8059.0032,0.00316269,0.00322347,0.00015813,212.5216,219.9480,0.9532,119.0823,2.3972,30121.7335,124.9277,49.0469,238.9093,36.5364,75.9244,374.9013,749.8027,789.266,1183.8989,75.8035,-1.1839,10.395423,15.593133,2.799122,29,215,300,5,0.03207536,0.00395337,0.05088190,0E-8,0.000000,0.912219,0.000000,-0.04848366,2026-03-31,2026-08-01,83,4123,1621,124,0.669355,0.205295,0.230786,0.106918,,,,,,,,GLOBAL_BASELINE_NO_ENTITY_RANKING,,,NOT_APPLICABLE_GLOBAL_BASELINE,HF9g-P5,,,,X 全窗基线 · 不参与实体赏罚,15055083,1506,A168_HF9F_20260827_0900,2026-08-27 09:00:00
2026-04-25,92755421,2234,0,615.8405391141,114.8865343239,114.8865343239,0.6000000,7,5,0.49332229928551600,0.402384940000,0.47711973400704544,0.9011008826022947,0.47711973400704544,0.09093735928551600,ELIGIBLE,R03b_20260811_FULL_v1,L1_ELIGIBILITY,v2026-08-11,2026-03-21..2026-08-06,baccarat_bet02_101_all_pairs_incl_sentinel,round_win = game_pnl > 0 (decisive only),COMPATIBILITY_ONLY_NOT_PRODUCTION,2500103.8841,2280641.3266,9883.8276,11764,10369,-0.00395337,-0.05088190,-0.00239824,-0.00395337,-9883.8276,2500103.8841,OK,0.0000,395.3531,4.0000,96.0000,AG03-UNRESOLVED,ALL5_LEVELS_bet23_to_bet27,395.3531,395.3531,395.3531,395.3531,395.3531,4.000000,4.000000,4.000000,4.000000,4.000000,96.000000,96.000000,96.000000,96.000000,96.000000,5.0,1976.7655,1824.8244,7907.0621,8059.0032,PENDING_AG03,FALSE,NOT_FOR_ENFORCEMENT,9488.4745,2189415.6736,9883.8276,9488.4745,395.3531,0.00395337,0.00379523,395.3531,9488.4745,0.00379523,395.3531,395.3531,395.3531,395.3531,395.3531,9488.4745,0.00379523,1976.7655,1824.8244,7907.0621,8059.0032,0.00316269,0.00322347,0.00015813,212.5216,219.9480,0.9532,119.0823,2.3972,30121.7335,124.9277,49.0469,238.9093,36.5364,75.9244,374.9013,749.8027,789.266,1183.8989,75.8035,-1.1839,10.395423,15.593133,2.799122,29,215,300,5,0.03207536,0.00395337,0.05088190,0E-8,0.000000,0.912219,0.000000,-0.04848366,2026-03-31,2026-08-01,83,4123,1621,124,0.669355,0.205295,0.230786,0.106918,,,,,,,,GLOBAL_BASELINE_NO_ENTITY_RANKING,,,NOT_APPLICABLE_GLOBAL_BASELINE,HF9g-P5,,,,X 全窗基线 · 不参与实体赏罚,15055084,1506,A168_HF9F_20260827_0900,2026-08-27 09:00:00
2026-04-25,92755421,2239,0,1369.3013437258,199.7320667399,199.7320667399,0.5714286,12,7,0.49790670915589960,0.330515742857,0.3890445364970916,1.3550105826238001,0.3890445364970916,0.16739096629889960,ELIGIBLE,R03b_20260811_FULL_v1,L1_ELIGIBILITY,v2026-08-11,2026-03-21..2026-08-06,baccarat_bet02_101_all_pairs_incl_sentinel,round_win = game_pnl > 0 (decisive only),COMPATIBILITY_ONLY_NOT_PRODUCTION,2500103.8841,2280641.3266,9883.8276,11764,10369,-0.00395337,-0.05088190,-0.00239824,-0.00395337,-9883.8276,2500103.8841,OK,0.0000,395.3531,4.0000,96.0000,AG03-UNRESOLVED,ALL5_LEVELS_bet23_to_bet27,395.3531,395.3531,395.3531,395.3531,395.3531,4.000000,4.000000,4.000000,4.000000,4.000000,96.000000,96.000000,96.000000,96.000000,96.000000,5.0,1976.7655,1824.8244,7907.0621,8059.0032,PENDING_AG03,FALSE,NOT_FOR_ENFORCEMENT,9488.4745,2189415.6736,9883.8276,9488.4745,395.3531,0.00395337,0.00379523,395.3531,9488.4745,0.00379523,395.3531,395.3531,395.3531,395.3531,395.3531,9488.4745,0.00379523,1976.7655,1824.8244,7907.0621,8059.0032,0.00316269,0.00322347,0.00015813,212.5216,219.9480,0.9532,119.0823,2.3972,30121.7335,124.9277,49.0469,238.9093,36.5364,75.9244,374.9013,749.8027,789.266,1183.8989,75.8035,-1.1839,10.395423,15.593133,2.799122,29,215,300,5,0.03207536,0.00395337,0.05088190,0E-8,0.000000,0.912219,0.000000,-0.04848366,2026-03-31,2026-08-01,83,4123,1621,124,0.669355,0.205295,0.230786,0.106918,,,,,,,,GLOBAL_BASELINE_NO_ENTITY_RANKING,,,NOT_APPLICABLE_GLOBAL_BASELINE,HF9g-P5,,,,X 全窗基线 · 不参与实体赏罚,15055085,1506,A168_HF9F_20260827_0900,2026-08-27 09:00:00
2026-04-25,92755421,2242,0,1221.9380505826,-410.0190800958,-410.0190800958,0.3333333,7,6,0.49616353856210423,0.458179683333,-0.7977253179306012,-0.6137703692053393,-0.7977253179306012,0.03798385522910423,ELIGIBLE,R03b_20260811_FULL_v1,L1_ELIGIBILITY,v2026-08-11,2026-03-21..2026-08-06,baccarat_bet02_101_all_pairs_incl_sentinel,round_win = game_pnl > 0 (decisive only),COMPATIBILITY_ONLY_NOT_PRODUCTION,2500103.8841,2280641.3266,9883.8276,11764,10369,-0.00395337,-0.05088190,-0.00239824,-0.00395337,-9883.8276,2500103.8841,OK,0.0000,395.3531,4.0000,96.0000,AG03-UNRESOLVED,ALL5_LEVELS_bet23_to_bet27,395.3531,395.3531,395.3531,395.3531,395.3531,4.000000,4.000000,4.000000,4.000000,4.000000,96.000000,96.000000,96.000000,96.000000,96.000000,5.0,1976.7655,1824.8244,7907.0621,8059.0032,PENDING_AG03,FALSE,NOT_FOR_ENFORCEMENT,9488.4745,2189415.6736,9883.8276,9488.4745,395.3531,0.00395337,0.00379523,395.3531,9488.4745,0.00379523,395.3531,395.3531,395.3531,395.3531,395.3531,9488.4745,0.00379523,1976.7655,1824.8244,7907.0621,8059.0032,0.00316269,0.00322347,0.00015813,212.5216,219.9480,0.9532,119.0823,2.3972,30121.7335,124.9277,49.0469,238.9093,36.5364,75.9244,374.9013,749.8027,789.266,1183.8989,75.8035,-1.1839,10.395423,15.593133,2.799122,29,215,300,5,0.03207536,0.00395337,0.05088190,0E-8,0.000000,0.912219,0.000000,-0.04848366,2026-03-31,2026-08-01,83,4123,1621,124,0.669355,0.205295,0.230786,0.106918,,,,,,,,GLOBAL_BASELINE_NO_ENTITY_RANKING,,,NOT_APPLICABLE_GLOBAL_BASELINE,HF9g-P5,,,,X 全窗基线 · 不参与实体赏罚,15055086,1506,A168_HF9F_20260827_0900,2026-08-27 09:00:00
2026-04-25,92755421,2244,0,481.0619900134,-6.0893922786,-6.0893922786,0.5000000,4,4,0.50665070000000000,0.506650700000,-0.018812684590367487,-0.018812684590367487,-0.018812684590367487,0E-17,ELIGIBLE,R03b_20260811_FULL_v1,L1_ELIGIBILITY,v2026-08-11,2026-03-21..2026-08-06,baccarat_bet02_101_all_pairs_incl_sentinel,round_win = game_pnl > 0 (decisive only),COMPATIBILITY_ONLY_NOT_PRODUCTION,2500103.8841,2280641.3266,9883.8276,11764,10369,-0.00395337,-0.05088190,-0.00239824,-0.00395337,-9883.8276,2500103.8841,OK,0.0000,395.3531,4.0000,96.0000,AG03-UNRESOLVED,ALL5_LEVELS_bet23_to_bet27,395.3531,395.3531,395.3531,395.3531,395.3531,4.000000,4.000000,4.000000,4.000000,4.000000,96.000000,96.000000,96.000000,96.000000,96.000000,5.0,1976.7655,1824.8244,7907.0621,8059.0032,PENDING_AG03,FALSE,NOT_FOR_ENFORCEMENT,9488.4745,2189415.6736,9883.8276,9488.4745,395.3531,0.00395337,0.00379523,395.3531,9488.4745,0.00379523,395.3531,395.3531,395.3531,395.3531,395.3531,9488.4745,0.00379523,1976.7655,1824.8244,7907.0621,8059.0032,0.00316269,0.00322347,0.00015813,212.5216,219.9480,0.9532,119.0823,2.3972,30121.7335,124.9277,49.0469,238.9093,36.5364,75.9244,374.9013,749.8027,789.266,1183.8989,75.8035,-1.1839,10.395423,15.593133,2.799122,29,215,300,5,0.03207536,0.00395337,0.05088190,0E-8,0.000000,0.912219,0.000000,-0.04848366,2026-03-31,2026-08-01,83,4123,1621,124,0.669355,0.205295,0.230786,0.106918,,,,,,,,GLOBAL_BASELINE_NO_ENTITY_RANKING,,,NOT_APPLICABLE_GLOBAL_BASELINE,HF9g-P5,,,,X 全窗基线 · 不参与实体赏罚,15055087,1506,A168_HF9F_20260827_0900,2026-08-27 09:00:00
2026-04-25,92755421,2251,0,1411.1151707061,-34.3035765031,-34.3035765031,0.5000000,8,7,0.50002719447777702,0.466061628571,-0.00013322518894736174,0.1666477226450634,-0.00013322518894736174,0.03396556590677702,ELIGIBLE,R03b_20260811_FULL_v1,L1_ELIGIBILITY,v2026-08-11,2026-03-21..2026-08-06,baccarat_bet02_101_all_pairs_incl_sentinel,round_win = game_pnl > 0 (decisive only),COMPATIBILITY_ONLY_NOT_PRODUCTION,2500103.8841,2280641.3266,9883.8276,11764,10369,-0.00395337,-0.05088190,-0.00239824,-0.00395337,-9883.8276,2500103.8841,OK,0.0000,395.3531,4.0000,96.0000,AG03-UNRESOLVED,ALL5_LEVELS_bet23_to_bet27,395.3531,395.3531,395.3531,395.3531,395.3531,4.000000,4.000000,4.000000,4.000000,4.000000,96.000000,96.000000,96.000000,96.000000,96.000000,5.0,1976.7655,1824.8244,7907.0621,8059.0032,PENDING_AG03,FALSE,NOT_FOR_ENFORCEMENT,9488.4745,2189415.6736,9883.8276,9488.4745,395.3531,0.00395337,0.00379523,395.3531,9488.4745,0.00379523,395.3531,395.3531,395.3531,395.3531,395.3531,9488.4745,0.00379523,1976.7655,1824.8244,7907.0621,8059.0032,0.00316269,0.00322347,0.00015813,212.5216,219.9480,0.9532,119.0823,2.3972,30121.7335,124.9277,49.0469,238.9093,36.5364,75.9244,374.9013,749.8027,789.266,1183.8989,75.8035,-1.1839,10.395423,15.593133,2.799122,29,215,300,5,0.03207536,0.00395337,0.05088190,0E-8,0.000000,0.912219,0.000000,-0.04848366,2026-03-31,2026-08-01,83,4123,1621,124,0.669355,0.205295,0.230786,0.106918,,,,,,,,GLOBAL_BASELINE_NO_ENTITY_RANKING,,,NOT_APPLICABLE_GLOBAL_BASELINE,HF9g-P5,,,,X 全窗基线 · 不参与实体赏罚,15055088,1506,A168_HF9F_20260827_0900,2026-08-27 09:00:00
2026-04-25,92755421,2254,0,598.7902407340,-202.9797426217,-202.9797426217,0.3333333,4,3,0.50051770140352258,0.423113866667,-0.5791439498960447,-0.31475245706473504,-0.5791439498960447,0.07740383473652258,ELIGIBLE,R03b_20260811_FULL_v1,L1_ELIGIBILITY,v2026-08-11,2026-03-21..2026-08-06,baccarat_bet02_101_all_pairs_incl_sentinel,round_win = game_pnl > 0 (decisive only),COMPATIBILITY_ONLY_NOT_PRODUCTION,2500103.8841,2280641.3266,9883.8276,11764,10369,-0.00395337,-0.05088190,-0.00239824,-0.00395337,-9883.8276,2500103.8841,OK,0.0000,395.3531,4.0000,96.0000,AG03-UNRESOLVED,ALL5_LEVELS_bet23_to_bet27,395.3531,395.3531,395.3531,395.3531,395.3531,4.000000,4.000000,4.000000,4.000000,4.000000,96.000000,96.000000,96.000000,96.000000,96.000000,5.0,1976.7655,1824.8244,7907.0621,8059.0032,PENDING_AG03,FALSE,NOT_FOR_ENFORCEMENT,9488.4745,2189415.6736,9883.8276,9488.4745,395.3531,0.00395337,0.00379523,395.3531,9488.4745,0.00379523,395.3531,395.3531,395.3531,395.3531,395.3531,9488.4745,0.00379523,1976.7655,1824.8244,7907.0621,8059.0032,0.00316269,0.00322347,0.00015813,212.5216,219.9480,0.9532,119.0823,2.3972,30121.7335,124.9277,49.0469,238.9093,36.5364,75.9244,374.9013,749.8027,789.266,1183.8989,75.8035,-1.1839,10.395423,15.593133,2.799122,29,215,300,5,0.03207536,0.00395337,0.05088190,0E-8,0.000000,0.912219,0.000000,-0.04848366,2026-03-31,2026-08-01,83,4123,1621,124,0.669355,0.205295,0.230786,0.106918,,,,,,,,GLOBAL_BASELINE_NO_ENTITY_RANKING,,,NOT_APPLICABLE_GLOBAL_BASELINE,HF9g-P5,,,,X 全窗基线 · 不参与实体赏罚,15055089,1506,A168_HF9F_20260827_0900,2026-08-27 09:00:00
2026-04-25,92755421,2256,0,380.3840376730,-24.1545893720,-24.1545893720,0.5000000,4,2,0.49116475413822970,0.259391500000,0.02499375145681421,0.7763431887933226,0.02499375145681421,0.23177325413822970,ELIGIBLE,R03b_20260811_FULL_v1,L1_ELIGIBILITY,v2026-08-11,2026-03-21..2026-08-06,baccarat_bet02_101_all_pairs_incl_sentinel,round_win = game_pnl > 0 (decisive only),COMPATIBILITY_ONLY_NOT_PRODUCTION,2500103.8841,2280641.3266,9883.8276,11764,10369,-0.00395337,-0.05088190,-0.00239824,-0.00395337,-9883.8276,2500103.8841,OK,0.0000,395.3531,4.0000,96.0000,AG03-UNRESOLVED,ALL5_LEVELS_bet23_to_bet27,395.3531,395.3531,395.3531,395.3531,395.3531,4.000000,4.000000,4.000000,4.000000,4.000000,96.000000,96.000000,96.000000,96.000000,96.000000,5.0,1976.7655,1824.8244,7907.0621,8059.0032,PENDING_AG03,FALSE,NOT_FOR_ENFORCEMENT,9488.4745,2189415.6736,9883.8276,9488.4745,395.3531,0.00395337,0.00379523,395.3531,9488.4745,0.00379523,395.3531,395.3531,395.3531,395.3531,395.3531,9488.4745,0.00379523,1976.7655,1824.8244,7907.0621,8059.0032,0.00316269,0.00322347,0.00015813,212.5216,219.9480,0.9532,119.0823,2.3972,30121.7335,124.9277,49.0469,238.9093,36.5364,75.9244,374.9013,749.8027,789.266,1183.8989,75.8035,-1.1839,10.395423,15.593133,2.799122,29,215,300,5,0.03207536,0.00395337,0.05088190,0E-8,0.000000,0.912219,0.000000,-0.04848366,2026-03-31,2026-08-01,83,4123,1621,124,0.669355,0.205295,0.230786,0.106918,,,,,,,,GLOBAL_BASELINE_NO_ENTITY_RANKING,,,NOT_APPLICABLE_GLOBAL_BASELINE,HF9g-P5,,,,X 全窗基线 · 不参与实体赏罚,15055090,1506,A168_HF9F_20260827_0900,2026-08-27 09:00:00
2026-04-25,92755421,2258,0,202.9797426217,-202.9797426217,-202.9797426217,0E-7,1,1,0.49324550000000000,0.493245500000,-0.9865810262130424,-0.9865810262130424,-0.9865810262130424,0E-17,ELIGIBLE,R03b_20260811_FULL_v1,L1_ELIGIBILITY,v2026-08-11,2026-03-21..2026-08-06,baccarat_bet02_101_all_pairs_incl_sentinel,round_win = game_pnl > 0 (decisive only),COMPATIBILITY_ONLY_NOT_PRODUCTION,2500103.8841,2280641.3266,9883.8276,11764,10369,-0.00395337,-0.05088190,-0.00239824,-0.00395337,-9883.8276,2500103.8841,OK,0.0000,395.3531,4.0000,96.0000,AG03-UNRESOLVED,ALL5_LEVELS_bet23_to_bet27,395.3531,395.3531,395.3531,395.3531,395.3531,4.000000,4.000000,4.000000,4.000000,4.000000,96.000000,96.000000,96.000000,96.000000,96.000000,5.0,1976.7655,1824.8244,7907.0621,8059.0032,PENDING_AG03,FALSE,NOT_FOR_ENFORCEMENT,9488.4745,2189415.6736,9883.8276,9488.4745,395.3531,0.00395337,0.00379523,395.3531,9488.4745,0.00379523,395.3531,395.3531,395.3531,395.3531,395.3531,9488.4745,0.00379523,1976.7655,1824.8244,7907.0621,8059.0032,0.00316269,0.00322347,0.00015813,212.5216,219.9480,0.9532,119.0823,2.3972,30121.7335,124.9277,49.0469,238.9093,36.5364,75.9244,374.9013,749.8027,789.266,1183.8989,75.8035,-1.1839,10.395423,15.593133,2.799122,29,215,300,5,0.03207536,0.00395337,0.05088190,0E-8,0.000000,0.912219,0.000000,-0.04848366,2026-03-31,2026-08-01,83,4123,1621,124,0.669355,0.205295,0.230786,0.106918,,,,,,,,GLOBAL_BASELINE_NO_ENTITY_RANKING,,,NOT_APPLICABLE_GLOBAL_BASELINE,HF9g-P5,,,,X 全窗基线 · 不参与实体赏罚,15055091,1506,A168_HF9F_20260827_0900,2026-08-27 09:00:00
2026-04-25,92755421,2271,0,707.1814232939,-242.3578126903,-242.3578126903,0.4000000,7,5,0.50008049423740049,0.407747020000,-0.4475735824731539,-0.03525093608858482,-0.4475735824731539,0.09233347423740049,ELIGIBLE,R03b_20260811_FULL_v1,L1_ELIGIBILITY,v2026-08-11,2026-03-21..2026-08-06,baccarat_bet02_101_all_pairs_incl_sentinel,round_win = game_pnl > 0 (decisive only),COMPATIBILITY_ONLY_NOT_PRODUCTION,2500103.8841,2280641.3266,9883.8276,11764,10369,-0.00395337,-0.05088190,-0.00239824,-0.00395337,-9883.8276,2500103.8841,OK,0.0000,395.3531,4.0000,96.0000,AG03-UNRESOLVED,ALL5_LEVELS_bet23_to_bet27,395.3531,395.3531,395.3531,395.3531,395.3531,4.000000,4.000000,4.000000,4.000000,4.000000,96.000000,96.000000,96.000000,96.000000,96.000000,5.0,1976.7655,1824.8244,7907.0621,8059.0032,PENDING_AG03,FALSE,NOT_FOR_ENFORCEMENT,9488.4745,2189415.6736,9883.8276,9488.4745,395.3531,0.00395337,0.00379523,395.3531,9488.4745,0.00379523,395.3531,395.3531,395.3531,395.3531,395.3531,9488.4745,0.00379523,1976.7655,1824.8244,7907.0621,8059.0032,0.00316269,0.00322347,0.00015813,212.5216,219.9480,0.9532,119.0823,2.3972,30121.7335,124.9277,49.0469,238.9093,36.5364,75.9244,374.9013,749.8027,789.266,1183.8989,75.8035,-1.1839,10.395423,15.593133,2.799122,29,215,300,5,0.03207536,0.00395337,0.05088190,0E-8,0.000000,0.912219,0.000000,-0.04848366,2026-03-31,2026-08-01,83,4123,1621,124,0.669355,0.205295,0.230786,0.106918,,,,,,,,GLOBAL_BASELINE_NO_ENTITY_RANKING,,,NOT_APPLICABLE_GLOBAL_BASELINE,HF9g-P5,,,,X 全窗基线 · 不参与实体赏罚,15055092,1506,A168_HF9F_20260827_0900,2026-08-27 09:00:00
2026-04-25,92755421,462,0,202.9797426217,-202.9797426217,-202.9797426217,0E-7,1,1,0.50665070000000000,0.506650700000,-1.013391052207602,-1.013391052207602,-1.013391052207602,0E-17,ELIGIBLE,R03b_20260811_FULL_v1,L1_ELIGIBILITY,v2026-08-11,2026-03-21..2026-08-06,baccarat_bet02_101_all_pairs_incl_sentinel,round_win = game_pnl > 0 (decisive only),COMPATIBILITY_ONLY_NOT_PRODUCTION,2500103.8841,2280641.3266,9883.8276,11764,10369,-0.00395337,-0.05088190,-0.00239824,-0.00395337,-9883.8276,2500103.8841,OK,0.0000,395.3531,4.0000,96.0000,AG03-UNRESOLVED,ALL5_LEVELS_bet23_to_bet27,395.3531,395.3531,395.3531,395.3531,395.3531,4.000000,4.000000,4.000000,4.000000,4.000000,96.000000,96.000000,96.000000,96.000000,96.000000,5.0,1976.7655,1824.8244,7907.0621,8059.0032,PENDING_AG03,FALSE,NOT_FOR_ENFORCEMENT,9488.4745,2189415.6736,9883.8276,9488.4745,395.3531,0.00395337,0.00379523,395.3531,9488.4745,0.00379523,395.3531,395.3531,395.3531,395.3531,395.3531,9488.4745,0.00379523,1976.7655,1824.8244,7907.0621,8059.0032,0.00316269,0.00322347,0.00015813,212.5216,219.9480,0.9532,119.0823,2.3972,30121.7335,124.9277,49.0469,238.9093,36.5364,75.9244,374.9013,749.8027,789.266,1183.8989,75.8035,-1.1839,10.395423,15.593133,2.799122,29,215,300,5,0.03207536,0.00395337,0.05088190,0E-8,0.000000,0.912219,0.000000,-0.04848366,2026-03-31,2026-08-01,83,4123,1621,124,0.669355,0.205295,0.230786,0.106918,,,,,,,,GLOBAL_BASELINE_NO_ENTITY_RANKING,,,NOT_APPLICABLE_GLOBAL_BASELINE,HF9g-P5,,,,X 全窗基线 · 不参与实体赏罚,15055093,1506,A168_HF9F_20260827_0900,2026-08-27 09:00:00
2026-04-25,92755421,583,0,202.9797426217,-202.9797426217,-202.9797426217,0E-7,1,1,0.49324550000000000,0.493245500000,-0.9865810262130424,-0.9865810262130424,-0.9865810262130424,0E-17,ELIGIBLE,R03b_20260811_FULL_v1,L1_ELIGIBILITY,v2026-08-11,2026-03-21..2026-08-06,baccarat_bet02_101_all_pairs_incl_sentinel,round_win = game_pnl > 0 (decisive only),COMPATIBILITY_ONLY_NOT_PRODUCTION,2500103.8841,2280641.3266,9883.8276,11764,10369,-0.00395337,-0.05088190,-0.00239824,-0.00395337,-9883.8276,2500103.8841,OK,0.0000,395.3531,4.0000,96.0000,AG03-UNRESOLVED,ALL5_LEVELS_bet23_to_bet27,395.3531,395.3531,395.3531,395.3531,395.3531,4.000000,4.000000,4.000000,4.000000,4.000000,96.000000,96.000000,96.000000,96.000000,96.000000,5.0,1976.7655,1824.8244,7907.0621,8059.0032,PENDING_AG03,FALSE,NOT_FOR_ENFORCEMENT,9488.4745,2189415.6736,9883.8276,9488.4745,395.3531,0.00395337,0.00379523,395.3531,9488.4745,0.00379523,395.3531,395.3531,395.3531,395.3531,395.3531,9488.4745,0.00379523,1976.7655,1824.8244,7907.0621,8059.0032,0.00316269,0.00322347,0.00015813,212.5216,219.9480,0.9532,119.0823,2.3972,30121.7335,124.9277,49.0469,238.9093,36.5364,75.9244,374.9013,749.8027,789.266,1183.8989,75.8035,-1.1839,10.395423,15.593133,2.799122,29,215,300,5,0.03207536,0.00395337,0.05088190,0E-8,0.000000,0.912219,0.000000,-0.04848366,2026-03-31,2026-08-01,83,4123,1621,124,0.669355,0.205295,0.230786,0.106918,,,,,,,,GLOBAL_BASELINE_NO_ENTITY_RANKING,,,NOT_APPLICABLE_GLOBAL_BASELINE,HF9g-P5,,,,X 全窗基线 · 不参与实体赏罚,15055094,1506,A168_HF9F_20260827_0900,2026-08-27 09:00:00
2026-04-25,92755421,595,0,410.0190800958,-4.0595948524,-4.0595948524,0.5000000,3,2,0.49529701568631270,0.381345450000,0.01330263687018472,0.3454745057990616,0.01330263687018472,0.11395156568631270,ELIGIBLE,R03b_20260811_FULL_v1,L1_ELIGIBILITY,v2026-08-11,2026-03-21..2026-08-06,baccarat_bet02_101_all_pairs_incl_sentinel,round_win = game_pnl > 0 (decisive only),COMPATIBILITY_ONLY_NOT_PRODUCTION,2500103.8841,2280641.3266,9883.8276,11764,10369,-0.00395337,-0.05088190,-0.00239824,-0.00395337,-9883.8276,2500103.8841,OK,0.0000,395.3531,4.0000,96.0000,AG03-UNRESOLVED,ALL5_LEVELS_bet23_to_bet27,395.3531,395.3531,395.3531,395.3531,395.3531,4.000000,4.000000,4.000000,4.000000,4.000000,96.000000,96.000000,96.000000,96.000000,96.000000,5.0,1976.7655,1824.8244,7907.0621,8059.0032,PENDING_AG03,FALSE,NOT_FOR_ENFORCEMENT,9488.4745,2189415.6736,9883.8276,9488.4745,395.3531,0.00395337,0.00379523,395.3531,9488.4745,0.00379523,395.3531,395.3531,395.3531,395.3531,395.3531,9488.4745,0.00379523,1976.7655,1824.8244,7907.0621,8059.0032,0.00316269,0.00322347,0.00015813,212.5216,219.9480,0.9532,119.0823,2.3972,30121.7335,124.9277,49.0469,238.9093,36.5364,75.9244,374.9013,749.8027,789.266,1183.8989,75.8035,-1.1839,10.395423,15.593133,2.799122,29,215,300,5,0.03207536,0.00395337,0.05088190,0E-8,0.000000,0.912219,0.000000,-0.04848366,2026-03-31,2026-08-01,83,4123,1621,124,0.669355,0.205295,0.230786,0.106918,,,,,,,,GLOBAL_BASELINE_NO_ENTITY_RANKING,,,NOT_APPLICABLE_GLOBAL_BASELINE,HF9g-P5,,,,X 全窗基线 · 不参与实体赏罚,15055095,1506,A168_HF9F_20260827_0900,2026-08-27 09:00:00
2026-04-25,92755421,948,0,202.9797426217,-202.9797426217,-202.9797426217,0E-7,1,1,0.50665070000000000,0.506650700000,-1.013391052207602,-1.013391052207602,-1.013391052207602,0E-17,ELIGIBLE,R03b_20260811_FULL_v1,L1_ELIGIBILITY,v2026-08-11,2026-03-21..2026-08-06,baccarat_bet02_101_all_pairs_incl_sentinel,round_win = game_pnl > 0 (decisive only),COMPATIBILITY_ONLY_NOT_PRODUCTION,2500103.8841,2280641.3266,9883.8276,11764,10369,-0.00395337,-0.05088190,-0.00239824,-0.00395337,-9883.8276,2500103.8841,OK,0.0000,395.3531,4.0000,96.0000,AG03-UNRESOLVED,ALL5_LEVELS_bet23_to_bet27,395.3531,395.3531,395.3531,395.3531,395.3531,4.000000,4.000000,4.000000,4.000000,4.000000,96.000000,96.000000,96.000000,96.000000,96.000000,5.0,1976.7655,1824.8244,7907.0621,8059.0032,PENDING_AG03,FALSE,NOT_FOR_ENFORCEMENT,9488.4745,2189415.6736,9883.8276,9488.4745,395.3531,0.00395337,0.00379523,395.3531,9488.4745,0.00379523,395.3531,395.3531,395.3531,395.3531,395.3531,9488.4745,0.00379523,1976.7655,1824.8244,7907.0621,8059.0032,0.00316269,0.00322347,0.00015813,212.5216,219.9480,0.9532,119.0823,2.3972,30121.7335,124.9277,49.0469,238.9093,36.5364,75.9244,374.9013,749.8027,789.266,1183.8989,75.8035,-1.1839,10.395423,15.593133,2.799122,29,215,300,5,0.03207536,0.00395337,0.05088190,0E-8,0.000000,0.912219,0.000000,-0.04848366,2026-03-31,2026-08-01,83,4123,1621,124,0.669355,0.205295,0.230786,0.106918,,,,,,,,GLOBAL_BASELINE_NO_ENTITY_RANKING,,,NOT_APPLICABLE_GLOBAL_BASELINE,HF9g-P5,,,,X 全窗基线 · 不参与实体赏罚,15055096,1506,A168_HF9F_20260827_0900,2026-08-27 09:00:00
2026-04-25,92755421,986,0,405.9594852434,0E-10,0E-10,0.5000000,2,2,0.49994810000000000,0.499948100000,0.00014679536856514622,0.00014679536856514622,0.00014679536856514622,0E-17,ELIGIBLE,R03b_20260811_FULL_v1,L1_ELIGIBILITY,v2026-08-11,2026-03-21..2026-08-06,baccarat_bet02_101_all_pairs_incl_sentinel,round_win = game_pnl > 0 (decisive only),COMPATIBILITY_ONLY_NOT_PRODUCTION,2500103.8841,2280641.3266,9883.8276,11764,10369,-0.00395337,-0.05088190,-0.00239824,-0.00395337,-9883.8276,2500103.8841,OK,0.0000,395.3531,4.0000,96.0000,AG03-UNRESOLVED,ALL5_LEVELS_bet23_to_bet27,395.3531,395.3531,395.3531,395.3531,395.3531,4.000000,4.000000,4.000000,4.000000,4.000000,96.000000,96.000000,96.000000,96.000000,96.000000,5.0,1976.7655,1824.8244,7907.0621,8059.0032,PENDING_AG03,FALSE,NOT_FOR_ENFORCEMENT,9488.4745,2189415.6736,9883.8276,9488.4745,395.3531,0.00395337,0.00379523,395.3531,9488.4745,0.00379523,395.3531,395.3531,395.3531,395.3531,395.3531,9488.4745,0.00379523,1976.7655,1824.8244,7907.0621,8059.0032,0.00316269,0.00322347,0.00015813,212.5216,219.9480,0.9532,119.0823,2.3972,30121.7335,124.9277,49.0469,238.9093,36.5364,75.9244,374.9013,749.8027,789.266,1183.8989,75.8035,-1.1839,10.395423,15.593133,2.799122,29,215,300,5,0.03207536,0.00395337,0.05088190,0E-8,0.000000,0.912219,0.000000,-0.04848366,2026-03-31,2026-08-01,83,4123,1621,124,0.669355,0.205295,0.230786,0.106918,,,,,,,,GLOBAL_BASELINE_NO_ENTITY_RANKING,,,NOT_APPLICABLE_GLOBAL_BASELINE,HF9g-P5,,,,X 全窗基线 · 不参与实体赏罚,15055097,1506,A168_HF9F_20260827_0900,2026-08-27 09:00:00
2026-04-26,92755421,-1,1,564.6896439736,-243.9816506313,-243.9816506313,0.2000000,7,7,0.50090561428571429,0.500905614286,-1.3456930240160987,-1.3456930240173777,-1.3456930240160987,-2.8571E-13,SENTINEL_DEALER,R03b_20260811_FULL_v1,L1_ELIGIBILITY,v2026-08-11,2026-03-21..2026-08-06,baccarat_bet02_101_all_pairs_incl_sentinel,round_win = game_pnl > 0 (decisive only),COMPATIBILITY_ONLY_NOT_PRODUCTION,2500103.8841,2280641.3266,9883.8276,11764,10369,-0.00395337,-0.05088190,-0.00239824,-0.00395337,-9883.8276,2500103.8841,OK,0.0000,395.3531,4.0000,96.0000,AG03-UNRESOLVED,ALL5_LEVELS_bet23_to_bet27,395.3531,395.3531,395.3531,395.3531,395.3531,4.000000,4.000000,4.000000,4.000000,4.000000,96.000000,96.000000,96.000000,96.000000,96.000000,5.0,1976.7655,1824.8244,7907.0621,8059.0032,PENDING_AG03,FALSE,NOT_FOR_ENFORCEMENT,9488.4745,2189415.6736,9883.8276,9488.4745,395.3531,0.00395337,0.00379523,395.3531,9488.4745,0.00379523,395.3531,395.3531,395.3531,395.3531,395.3531,9488.4745,0.00379523,1976.7655,1824.8244,7907.0621,8059.0032,0.00316269,0.00322347,0.00015813,212.5216,219.9480,0.9532,119.0823,2.3972,30121.7335,124.9277,49.0469,238.9093,36.5364,75.9244,374.9013,749.8027,789.266,1183.8989,75.8035,-1.1839,10.395423,15.593133,2.799122,29,215,300,5,0.03207536,0.00395337,0.05088190,0E-8,0.000000,0.912219,0.000000,-0.04848366,2026-03-31,2026-08-01,83,4123,1621,124,0.669355,0.205295,0.230786,0.106918,,,,,,,,GLOBAL_BASELINE_NO_ENTITY_RANKING,,,NOT_APPLICABLE_GLOBAL_BASELINE,HF9g-P5,,,,X 全窗基线 · 不参与实体赏罚,15055098,1506,A168_HF9F_20260827_0900,2026-08-27 09:00:00
2026-04-26,92755421,1004,0,852.5149190110,300.4100190801,300.4100190801,0.7142857,9,8,0.49971080403227327,0.471973087500,1.1354238901700147,1.2842170123104177,1.1354238901700147,0.02773771653227327,ELIGIBLE,R03b_20260811_FULL_v1,L1_ELIGIBILITY,v2026-08-11,2026-03-21..2026-08-06,baccarat_bet02_101_all_pairs_incl_sentinel,round_win = game_pnl > 0 (decisive only),COMPATIBILITY_ONLY_NOT_PRODUCTION,2500103.8841,2280641.3266,9883.8276,11764,10369,-0.00395337,-0.05088190,-0.00239824,-0.00395337,-9883.8276,2500103.8841,OK,0.0000,395.3531,4.0000,96.0000,AG03-UNRESOLVED,ALL5_LEVELS_bet23_to_bet27,395.3531,395.3531,395.3531,395.3531,395.3531,4.000000,4.000000,4.000000,4.000000,4.000000,96.000000,96.000000,96.000000,96.000000,96.000000,5.0,1976.7655,1824.8244,7907.0621,8059.0032,PENDING_AG03,FALSE,NOT_FOR_ENFORCEMENT,9488.4745,2189415.6736,9883.8276,9488.4745,395.3531,0.00395337,0.00379523,395.3531,9488.4745,0.00379523,395.3531,395.3531,395.3531,395.3531,395.3531,9488.4745,0.00379523,1976.7655,1824.8244,7907.0621,8059.0032,0.00316269,0.00322347,0.00015813,212.5216,219.9480,0.9532,119.0823,2.3972,30121.7335,124.9277,49.0469,238.9093,36.5364,75.9244,374.9013,749.8027,789.266,1183.8989,75.8035,-1.1839,10.395423,15.593133,2.799122,29,215,300,5,0.03207536,0.00395337,0.05088190,0E-8,0.000000,0.912219,0.000000,-0.04848366,2026-03-31,2026-08-01,83,4123,1621,124,0.669355,0.205295,0.230786,0.106918,,,,,,,,GLOBAL_BASELINE_NO_ENTITY_RANKING,,,NOT_APPLICABLE_GLOBAL_BASELINE,HF9g-P5,,,,X 全窗基线 · 不参与实体赏罚,15055099,1506,A168_HF9F_20260827_0900,2026-08-27 09:00:00
2026-04-26,92755421,1374,0,81.1918970487,81.1918970487,81.1918970487,1.0000000,1,1,0.49324550000000000,0.493245500000,1.01360149184955,1.01360149184955,1.01360149184955,0E-17,ELIGIBLE,R03b_20260811_FULL_v1,L1_ELIGIBILITY,v2026-08-11,2026-03-21..2026-08-06,baccarat_bet02_101_all_pairs_incl_sentinel,round_win = game_pnl > 0 (decisive only),COMPATIBILITY_ONLY_NOT_PRODUCTION,2500103.8841,2280641.3266,9883.8276,11764,10369,-0.00395337,-0.05088190,-0.00239824,-0.00395337,-9883.8276,2500103.8841,OK,0.0000,395.3531,4.0000,96.0000,AG03-UNRESOLVED,ALL5_LEVELS_bet23_to_bet27,395.3531,395.3531,395.3531,395.3531,395.3531,4.000000,4.000000,4.000000,4.000000,4.000000,96.000000,96.000000,96.000000,96.000000,96.000000,5.0,1976.7655,1824.8244,7907.0621,8059.0032,PENDING_AG03,FALSE,NOT_FOR_ENFORCEMENT,9488.4745,2189415.6736,9883.8276,9488.4745,395.3531,0.00395337,0.00379523,395.3531,9488.4745,0.00379523,395.3531,395.3531,395.3531,395.3531,395.3531,9488.4745,0.00379523,1976.7655,1824.8244,7907.0621,8059.0032,0.00316269,0.00322347,0.00015813,212.5216,219.9480,0.9532,119.0823,2.3972,30121.7335,124.9277,49.0469,238.9093,36.5364,75.9244,374.9013,749.8027,789.266,1183.8989,75.8035,-1.1839,10.395423,15.593133,2.799122,29,215,300,5,0.03207536,0.00395337,0.05088190,0E-8,0.000000,0.912219,0.000000,-0.04848366,2026-03-31,2026-08-01,83,4123,1621,124,0.669355,0.205295,0.230786,0.106918,,,,,,,,GLOBAL_BASELINE_NO_ENTITY_RANKING,,,NOT_APPLICABLE_GLOBAL_BASELINE,HF9g-P5,,,,X 全窗基线 · 不参与实体赏罚,15055100,1506,A168_HF9F_20260827_0900,2026-08-27 09:00:00
2026-04-26,92755421,1396,0,276.0524499655,-117.7282507206,-117.7282507206,0.3333333,3,3,0.49771390000000000,0.497713900000,-0.5694369385616226,-0.5694369385616226,-0.5694369385616226,0E-17,ELIGIBLE,R03b_20260811_FULL_v1,L1_ELIGIBILITY,v2026-08-11,2026-03-21..2026-08-06,baccarat_bet02_101_all_pairs_incl_sentinel,round_win = game_pnl > 0 (decisive only),COMPATIBILITY_ONLY_NOT_PRODUCTION,2500103.8841,2280641.3266,9883.8276,11764,10369,-0.00395337,-0.05088190,-0.00239824,-0.00395337,-9883.8276,2500103.8841,OK,0.0000,395.3531,4.0000,96.0000,AG03-UNRESOLVED,ALL5_LEVELS_bet23_to_bet27,395.3531,395.3531,395.3531,395.3531,395.3531,4.000000,4.000000,4.000000,4.000000,4.000000,96.000000,96.000000,96.000000,96.000000,96.000000,5.0,1976.7655,1824.8244,7907.0621,8059.0032,PENDING_AG03,FALSE,NOT_FOR_ENFORCEMENT,9488.4745,2189415.6736,9883.8276,9488.4745,395.3531,0.00395337,0.00379523,395.3531,9488.4745,0.00379523,395.3531,395.3531,395.3531,395.3531,395.3531,9488.4745,0.00379523,1976.7655,1824.8244,7907.0621,8059.0032,0.00316269,0.00322347,0.00015813,212.5216,219.9480,0.9532,119.0823,2.3972,30121.7335,124.9277,49.0469,238.9093,36.5364,75.9244,374.9013,749.8027,789.266,1183.8989,75.8035,-1.1839,10.395423,15.593133,2.799122,29,215,300,5,0.03207536,0.00395337,0.05088190,0E-8,0.000000,0.912219,0.000000,-0.04848366,2026-03-31,2026-08-01,83,4123,1621,124,0.669355,0.205295,0.230786,0.106918,,,,,,,,GLOBAL_BASELINE_NO_ENTITY_RANKING,,,NOT_APPLICABLE_GLOBAL_BASELINE,HF9g-P5,,,,X 全窗基线 · 不参与实体赏罚,15055101,1506,A168_HF9F_20260827_0900,2026-08-27 09:00:00
2026-04-26,92755421,1401,0,202.9797426217,-202.9797426217,-202.9797426217,0E-7,1,1,0.49324550000000000,0.493245500000,-0.9865810262130424,-0.9865810262130424,-0.9865810262130424,0E-17,ELIGIBLE,R03b_20260811_FULL_v1,L1_ELIGIBILITY,v2026-08-11,2026-03-21..2026-08-06,baccarat_bet02_101_all_pairs_incl_sentinel,round_win = game_pnl > 0 (decisive only),COMPATIBILITY_ONLY_NOT_PRODUCTION,2500103.8841,2280641.3266,9883.8276,11764,10369,-0.00395337,-0.05088190,-0.00239824,-0.00395337,-9883.8276,2500103.8841,OK,0.0000,395.3531,4.0000,96.0000,AG03-UNRESOLVED,ALL5_LEVELS_bet23_to_bet27,395.3531,395.3531,395.3531,395.3531,395.3531,4.000000,4.000000,4.000000,4.000000,4.000000,96.000000,96.000000,96.000000,96.000000,96.000000,5.0,1976.7655,1824.8244,7907.0621,8059.0032,PENDING_AG03,FALSE,NOT_FOR_ENFORCEMENT,9488.4745,2189415.6736,9883.8276,9488.4745,395.3531,0.00395337,0.00379523,395.3531,9488.4745,0.00379523,395.3531,395.3531,395.3531,395.3531,395.3531,9488.4745,0.00379523,1976.7655,1824.8244,7907.0621,8059.0032,0.00316269,0.00322347,0.00015813,212.5216,219.9480,0.9532,119.0823,2.3972,30121.7335,124.9277,49.0469,238.9093,36.5364,75.9244,374.9013,749.8027,789.266,1183.8989,75.8035,-1.1839,10.395423,15.593133,2.799122,29,215,300,5,0.03207536,0.00395337,0.05088190,0E-8,0.000000,0.912219,0.000000,-0.04848366,2026-03-31,2026-08-01,83,4123,1621,124,0.669355,0.205295,0.230786,0.106918,,,,,,,,GLOBAL_BASELINE_NO_ENTITY_RANKING,,,NOT_APPLICABLE_GLOBAL_BASELINE,HF9g-P5,,,,X 全窗基线 · 不参与实体赏罚,15055102,1506,A168_HF9F_20260827_0900,2026-08-27 09:00:00
2026-04-26,92755421,1991,0,235.4565014412,-92.9647221208,-92.9647221208,0.3333333,3,3,0.50218230000000000,0.502182300000,-0.5849155494134425,-0.5849155494134426,-0.5849155494134425,0E-17,ELIGIBLE,R03b_20260811_FULL_v1,L1_ELIGIBILITY,v2026-08-11,2026-03-21..2026-08-06,baccarat_bet02_101_all_pairs_incl_sentinel,round_win = game_pnl > 0 (decisive only),COMPATIBILITY_ONLY_NOT_PRODUCTION,2500103.8841,2280641.3266,9883.8276,11764,10369,-0.00395337,-0.05088190,-0.00239824,-0.00395337,-9883.8276,2500103.8841,OK,0.0000,395.3531,4.0000,96.0000,AG03-UNRESOLVED,ALL5_LEVELS_bet23_to_bet27,395.3531,395.3531,395.3531,395.3531,395.3531,4.000000,4.000000,4.000000,4.000000,4.000000,96.000000,96.000000,96.000000,96.000000,96.000000,5.0,1976.7655,1824.8244,7907.0621,8059.0032,PENDING_AG03,FALSE,NOT_FOR_ENFORCEMENT,9488.4745,2189415.6736,9883.8276,9488.4745,395.3531,0.00395337,0.00379523,395.3531,9488.4745,0.00379523,395.3531,395.3531,395.3531,395.3531,395.3531,9488.4745,0.00379523,1976.7655,1824.8244,7907.0621,8059.0032,0.00316269,0.00322347,0.00015813,212.5216,219.9480,0.9532,119.0823,2.3972,30121.7335,124.9277,49.0469,238.9093,36.5364,75.9244,374.9013,749.8027,789.266,1183.8989,75.8035,-1.1839,10.395423,15.593133,2.799122,29,215,300,5,0.03207536,0.00395337,0.05088190,0E-8,0.000000,0.912219,0.000000,-0.04848366,2026-03-31,2026-08-01,83,4123,1621,124,0.669355,0.205295,0.230786,0.106918,,,,,,,,GLOBAL_BASELINE_NO_ENTITY_RANKING,,,NOT_APPLICABLE_GLOBAL_BASELINE,HF9g-P5,,,,X 全窗基线 · 不参与实体赏罚,15055103,1506,A168_HF9F_20260827_0900,2026-08-27 09:00:00
2026-04-26,92755421,1994,0,6.0893922787,-6.0893922787,-6.0893922787,0E-7,1,1,0.01883490000000000,0.018834900000,-0.1385513026636974,-0.1385513026636974,-0.1385513026636974,0E-17,ELIGIBLE,R03b_20260811_FULL_v1,L1_ELIGIBILITY,v2026-08-11,2026-03-21..2026-08-06,baccarat_bet02_101_all_pairs_incl_sentinel,round_win = game_pnl > 0 (decisive only),COMPATIBILITY_ONLY_NOT_PRODUCTION,2500103.8841,2280641.3266,9883.8276,11764,10369,-0.00395337,-0.05088190,-0.00239824,-0.00395337,-9883.8276,2500103.8841,OK,0.0000,395.3531,4.0000,96.0000,AG03-UNRESOLVED,ALL5_LEVELS_bet23_to_bet27,395.3531,395.3531,395.3531,395.3531,395.3531,4.000000,4.000000,4.000000,4.000000,4.000000,96.000000,96.000000,96.000000,96.000000,96.000000,5.0,1976.7655,1824.8244,7907.0621,8059.0032,PENDING_AG03,FALSE,NOT_FOR_ENFORCEMENT,9488.4745,2189415.6736,9883.8276,9488.4745,395.3531,0.00395337,0.00379523,395.3531,9488.4745,0.00379523,395.3531,395.3531,395.3531,395.3531,395.3531,9488.4745,0.00379523,1976.7655,1824.8244,7907.0621,8059.0032,0.00316269,0.00322347,0.00015813,212.5216,219.9480,0.9532,119.0823,2.3972,30121.7335,124.9277,49.0469,238.9093,36.5364,75.9244,374.9013,749.8027,789.266,1183.8989,75.8035,-1.1839,10.395423,15.593133,2.799122,29,215,300,5,0.03207536,0.00395337,0.05088190,0E-8,0.000000,0.912219,0.000000,-0.04848366,2026-03-31,2026-08-01,83,4123,1621,124,0.669355,0.205295,0.230786,0.106918,,,,,,,,GLOBAL_BASELINE_NO_ENTITY_RANKING,,,NOT_APPLICABLE_GLOBAL_BASELINE,HF9g-P5,,,,X 全窗基线 · 不参与实体赏罚,15055104,1506,A168_HF9F_20260827_0900,2026-08-27 09:00:00
2026-04-26,92755421,2059,0,81.1918970487,-81.1918970487,-81.1918970487,0E-7,1,1,0.50665070000000000,0.506650700000,-1.013391052207602,-1.013391052207602,-1.013391052207602,0E-17,ELIGIBLE,R03b_20260811_FULL_v1,L1_ELIGIBILITY,v2026-08-11,2026-03-21..2026-08-06,baccarat_bet02_101_all_pairs_incl_sentinel,round_win = game_pnl > 0 (decisive only),COMPATIBILITY_ONLY_NOT_PRODUCTION,2500103.8841,2280641.3266,9883.8276,11764,10369,-0.00395337,-0.05088190,-0.00239824,-0.00395337,-9883.8276,2500103.8841,OK,0.0000,395.3531,4.0000,96.0000,AG03-UNRESOLVED,ALL5_LEVELS_bet23_to_bet27,395.3531,395.3531,395.3531,395.3531,395.3531,4.000000,4.000000,4.000000,4.000000,4.000000,96.000000,96.000000,96.000000,96.000000,96.000000,5.0,1976.7655,1824.8244,7907.0621,8059.0032,PENDING_AG03,FALSE,NOT_FOR_ENFORCEMENT,9488.4745,2189415.6736,9883.8276,9488.4745,395.3531,0.00395337,0.00379523,395.3531,9488.4745,0.00379523,395.3531,395.3531,395.3531,395.3531,395.3531,9488.4745,0.00379523,1976.7655,1824.8244,7907.0621,8059.0032,0.00316269,0.00322347,0.00015813,212.5216,219.9480,0.9532,119.0823,2.3972,30121.7335,124.9277,49.0469,238.9093,36.5364,75.9244,374.9013,749.8027,789.266,1183.8989,75.8035,-1.1839,10.395423,15.593133,2.799122,29,215,300,5,0.03207536,0.00395337,0.05088190,0E-8,0.000000,0.912219,0.000000,-0.04848366,2026-03-31,2026-08-01,83,4123,1621,124,0.669355,0.205295,0.230786,0.106918,,,,,,,,GLOBAL_BASELINE_NO_ENTITY_RANKING,,,NOT_APPLICABLE_GLOBAL_BASELINE,HF9g-P5,,,,X 全窗基线 · 不参与实体赏罚,15055105,1506,A168_HF9F_20260827_0900,2026-08-27 09:00:00
2026-04-26,92755421,2072,0,20.2979742622,-20.2979742622,-20.2979742622,0E-7,1,1,0.50665070000000000,0.506650700000,-1.013391052207602,-1.013391052207602,-1.013391052207602,0E-17,ELIGIBLE,R03b_20260811_FULL_v1,L1_ELIGIBILITY,v2026-08-11,2026-03-21..2026-08-06,baccarat_bet02_101_all_pairs_incl_sentinel,round_win = game_pnl > 0 (decisive only),COMPATIBILITY_ONLY_NOT_PRODUCTION,2500103.8841,2280641.3266,9883.8276,11764,10369,-0.00395337,-0.05088190,-0.00239824,-0.00395337,-9883.8276,2500103.8841,OK,0.0000,395.3531,4.0000,96.0000,AG03-UNRESOLVED,ALL5_LEVELS_bet23_to_bet27,395.3531,395.3531,395.3531,395.3531,395.3531,4.000000,4.000000,4.000000,4.000000,4.000000,96.000000,96.000000,96.000000,96.000000,96.000000,5.0,1976.7655,1824.8244,7907.0621,8059.0032,PENDING_AG03,FALSE,NOT_FOR_ENFORCEMENT,9488.4745,2189415.6736,9883.8276,9488.4745,395.3531,0.00395337,0.00379523,395.3531,9488.4745,0.00379523,395.3531,395.3531,395.3531,395.3531,395.3531,9488.4745,0.00379523,1976.7655,1824.8244,7907.0621,8059.0032,0.00316269,0.00322347,0.00015813,212.5216,219.9480,0.9532,119.0823,2.3972,30121.7335,124.9277,49.0469,238.9093,36.5364,75.9244,374.9013,749.8027,789.266,1183.8989,75.8035,-1.1839,10.395423,15.593133,2.799122,29,215,300,5,0.03207536,0.00395337,0.05088190,0E-8,0.000000,0.912219,0.000000,-0.04848366,2026-03-31,2026-08-01,83,4123,1621,124,0.669355,0.205295,0.230786,0.106918,,,,,,,,GLOBAL_BASELINE_NO_ENTITY_RANKING,,,NOT_APPLICABLE_GLOBAL_BASELINE,HF9g-P5,,,,X 全窗基线 · 不参与实体赏罚,15055106,1506,A168_HF9F_20260827_0900,2026-08-27 09:00:00
2026-04-26,92755421,2155,0,47.9032192586,-47.9032192586,-47.9032192586,0E-7,3,2,0.23846943703725746,0.137437550000,-0.7913847773315426,-0.5645110223596099,-0.7913847773315426,0.10103188703725746,ELIGIBLE,R03b_20260811_FULL_v1,L1_ELIGIBILITY,v2026-08-11,2026-03-21..2026-08-06,baccarat_bet02_101_all_pairs_incl_sentinel,round_win = game_pnl > 0 (decisive only),COMPATIBILITY_ONLY_NOT_PRODUCTION,2500103.8841,2280641.3266,9883.8276,11764,10369,-0.00395337,-0.05088190,-0.00239824,-0.00395337,-9883.8276,2500103.8841,OK,0.0000,395.3531,4.0000,96.0000,AG03-UNRESOLVED,ALL5_LEVELS_bet23_to_bet27,395.3531,395.3531,395.3531,395.3531,395.3531,4.000000,4.000000,4.000000,4.000000,4.000000,96.000000,96.000000,96.000000,96.000000,96.000000,5.0,1976.7655,1824.8244,7907.0621,8059.0032,PENDING_AG03,FALSE,NOT_FOR_ENFORCEMENT,9488.4745,2189415.6736,9883.8276,9488.4745,395.3531,0.00395337,0.00379523,395.3531,9488.4745,0.00379523,395.3531,395.3531,395.3531,395.3531,395.3531,9488.4745,0.00379523,1976.7655,1824.8244,7907.0621,8059.0032,0.00316269,0.00322347,0.00015813,212.5216,219.9480,0.9532,119.0823,2.3972,30121.7335,124.9277,49.0469,238.9093,36.5364,75.9244,374.9013,749.8027,789.266,1183.8989,75.8035,-1.1839,10.395423,15.593133,2.799122,29,215,300,5,0.03207536,0.00395337,0.05088190,0E-8,0.000000,0.912219,0.000000,-0.04848366,2026-03-31,2026-08-01,83,4123,1621,124,0.669355,0.205295,0.230786,0.106918,,,,,,,,GLOBAL_BASELINE_NO_ENTITY_RANKING,,,NOT_APPLICABLE_GLOBAL_BASELINE,HF9g-P5,,,,X 全窗基线 · 不参与实体赏罚,15055107,1506,A168_HF9F_20260827_0900,2026-08-27 09:00:00
2026-04-26,92755421,2160,0,125.8474404254,-125.8474404254,-125.8474404254,0E-7,2,1,0.47794193225818612,0.256040200000,-0.9568154110489645,-0.5866503638730671,-0.9568154110489645,0.22190173225818612,ELIGIBLE,R03b_20260811_FULL_v1,L1_ELIGIBILITY,v2026-08-11,2026-03-21..2026-08-06,baccarat_bet02_101_all_pairs_incl_sentinel,round_win = game_pnl > 0 (decisive only),COMPATIBILITY_ONLY_NOT_PRODUCTION,2500103.8841,2280641.3266,9883.8276,11764,10369,-0.00395337,-0.05088190,-0.00239824,-0.00395337,-9883.8276,2500103.8841,OK,0.0000,395.3531,4.0000,96.0000,AG03-UNRESOLVED,ALL5_LEVELS_bet23_to_bet27,395.3531,395.3531,395.3531,395.3531,395.3531,4.000000,4.000000,4.000000,4.000000,4.000000,96.000000,96.000000,96.000000,96.000000,96.000000,5.0,1976.7655,1824.8244,7907.0621,8059.0032,PENDING_AG03,FALSE,NOT_FOR_ENFORCEMENT,9488.4745,2189415.6736,9883.8276,9488.4745,395.3531,0.00395337,0.00379523,395.3531,9488.4745,0.00379523,395.3531,395.3531,395.3531,395.3531,395.3531,9488.4745,0.00379523,1976.7655,1824.8244,7907.0621,8059.0032,0.00316269,0.00322347,0.00015813,212.5216,219.9480,0.9532,119.0823,2.3972,30121.7335,124.9277,49.0469,238.9093,36.5364,75.9244,374.9013,749.8027,789.266,1183.8989,75.8035,-1.1839,10.395423,15.593133,2.799122,29,215,300,5,0.03207536,0.00395337,0.05088190,0E-8,0.000000,0.912219,0.000000,-0.04848366,2026-03-31,2026-08-01,83,4123,1621,124,0.669355,0.205295,0.230786,0.106918,,,,,,,,GLOBAL_BASELINE_NO_ENTITY_RANKING,,,NOT_APPLICABLE_GLOBAL_BASELINE,HF9g-P5,,,,X 全窗基线 · 不参与实体赏罚,15055108,1506,A168_HF9F_20260827_0900,2026-08-27 09:00:00
2026-04-26,92755421,2170,0,30.4469613932,-30.4469613932,-30.4469613932,0E-7,2,1,0.46161812666687442,0.256040200000,-0.925968499033344,-0.5866503638730671,-0.925968499033344,0.20557792666687442,ELIGIBLE,R03b_20260811_FULL_v1,L1_ELIGIBILITY,v2026-08-11,2026-03-21..2026-08-06,baccarat_bet02_101_all_pairs_incl_sentinel,round_win = game_pnl > 0 (decisive only),COMPATIBILITY_ONLY_NOT_PRODUCTION,2500103.8841,2280641.3266,9883.8276,11764,10369,-0.00395337,-0.05088190,-0.00239824,-0.00395337,-9883.8276,2500103.8841,OK,0.0000,395.3531,4.0000,96.0000,AG03-UNRESOLVED,ALL5_LEVELS_bet23_to_bet27,395.3531,395.3531,395.3531,395.3531,395.3531,4.000000,4.000000,4.000000,4.000000,4.000000,96.000000,96.000000,96.000000,96.000000,96.000000,5.0,1976.7655,1824.8244,7907.0621,8059.0032,PENDING_AG03,FALSE,NOT_FOR_ENFORCEMENT,9488.4745,2189415.6736,9883.8276,9488.4745,395.3531,0.00395337,0.00379523,395.3531,9488.4745,0.00379523,395.3531,395.3531,395.3531,395.3531,395.3531,9488.4745,0.00379523,1976.7655,1824.8244,7907.0621,8059.0032,0.00316269,0.00322347,0.00015813,212.5216,219.9480,0.9532,119.0823,2.3972,30121.7335,124.9277,49.0469,238.9093,36.5364,75.9244,374.9013,749.8027,789.266,1183.8989,75.8035,-1.1839,10.395423,15.593133,2.799122,29,215,300,5,0.03207536,0.00395337,0.05088190,0E-8,0.000000,0.912219,0.000000,-0.04848366,2026-03-31,2026-08-01,83,4123,1621,124,0.669355,0.205295,0.230786,0.106918,,,,,,,,GLOBAL_BASELINE_NO_ENTITY_RANKING,,,NOT_APPLICABLE_GLOBAL_BASELINE,HF9g-P5,,,,X 全窗基线 · 不参与实体赏罚,15055109,1506,A168_HF9F_20260827_0900,2026-08-27 09:00:00
2026-04-26,92755421,2174,0,660.4960824912,334.7135955831,334.7135955831,0.8571429,10,8,0.49581609648271876,0.440646775000,1.912028442952197,2.219583917191244,1.912028442952197,0.05516932148271876,ELIGIBLE,R03b_20260811_FULL_v1,L1_ELIGIBILITY,v2026-08-11,2026-03-21..2026-08-06,baccarat_bet02_101_all_pairs_incl_sentinel,round_win = game_pnl > 0 (decisive only),COMPATIBILITY_ONLY_NOT_PRODUCTION,2500103.8841,2280641.3266,9883.8276,11764,10369,-0.00395337,-0.05088190,-0.00239824,-0.00395337,-9883.8276,2500103.8841,OK,0.0000,395.3531,4.0000,96.0000,AG03-UNRESOLVED,ALL5_LEVELS_bet23_to_bet27,395.3531,395.3531,395.3531,395.3531,395.3531,4.000000,4.000000,4.000000,4.000000,4.000000,96.000000,96.000000,96.000000,96.000000,96.000000,5.0,1976.7655,1824.8244,7907.0621,8059.0032,PENDING_AG03,FALSE,NOT_FOR_ENFORCEMENT,9488.4745,2189415.6736,9883.8276,9488.4745,395.3531,0.00395337,0.00379523,395.3531,9488.4745,0.00379523,395.3531,395.3531,395.3531,395.3531,395.3531,9488.4745,0.00379523,1976.7655,1824.8244,7907.0621,8059.0032,0.00316269,0.00322347,0.00015813,212.5216,219.9480,0.9532,119.0823,2.3972,30121.7335,124.9277,49.0469,238.9093,36.5364,75.9244,374.9013,749.8027,789.266,1183.8989,75.8035,-1.1839,10.395423,15.593133,2.799122,29,215,300,5,0.03207536,0.00395337,0.05088190,0E-8,0.000000,0.912219,0.000000,-0.04848366,2026-03-31,2026-08-01,83,4123,1621,124,0.669355,0.205295,0.230786,0.106918,,,,,,,,GLOBAL_BASELINE_NO_ENTITY_RANKING,,,NOT_APPLICABLE_GLOBAL_BASELINE,HF9g-P5,,,,X 全窗基线 · 不参与实体赏罚,15055110,1506,A168_HF9F_20260827_0900,2026-08-27 09:00:00
2026-04-26,92755421,2188,0,223.6836763691,-65.3594771242,-65.3594771242,0.3333333,4,3,0.49666663598245100,0.418645466667,-0.5658157315667209,-0.29952129269995326,-0.5658157315667209,0.07802116931545100,ELIGIBLE,R03b_20260811_FULL_v1,L1_ELIGIBILITY,v2026-08-11,2026-03-21..2026-08-06,baccarat_bet02_101_all_pairs_incl_sentinel,round_win = game_pnl > 0 (decisive only),COMPATIBILITY_ONLY_NOT_PRODUCTION,2500103.8841,2280641.3266,9883.8276,11764,10369,-0.00395337,-0.05088190,-0.00239824,-0.00395337,-9883.8276,2500103.8841,OK,0.0000,395.3531,4.0000,96.0000,AG03-UNRESOLVED,ALL5_LEVELS_bet23_to_bet27,395.3531,395.3531,395.3531,395.3531,395.3531,4.000000,4.000000,4.000000,4.000000,4.000000,96.000000,96.000000,96.000000,96.000000,96.000000,5.0,1976.7655,1824.8244,7907.0621,8059.0032,PENDING_AG03,FALSE,NOT_FOR_ENFORCEMENT,9488.4745,2189415.6736,9883.8276,9488.4745,395.3531,0.00395337,0.00379523,395.3531,9488.4745,0.00379523,395.3531,395.3531,395.3531,395.3531,395.3531,9488.4745,0.00379523,1976.7655,1824.8244,7907.0621,8059.0032,0.00316269,0.00322347,0.00015813,212.5216,219.9480,0.9532,119.0823,2.3972,30121.7335,124.9277,49.0469,238.9093,36.5364,75.9244,374.9013,749.8027,789.266,1183.8989,75.8035,-1.1839,10.395423,15.593133,2.799122,29,215,300,5,0.03207536,0.00395337,0.05088190,0E-8,0.000000,0.912219,0.000000,-0.04848366,2026-03-31,2026-08-01,83,4123,1621,124,0.669355,0.205295,0.230786,0.106918,,,,,,,,GLOBAL_BASELINE_NO_ENTITY_RANKING,,,NOT_APPLICABLE_GLOBAL_BASELINE,HF9g-P5,,,,X 全窗基线 · 不参与实体赏罚,15055111,1506,A168_HF9F_20260827_0900,2026-08-27 09:00:00
2026-04-26,92755421,2244,0,81.1918970487,-81.1918970487,-81.1918970487,0E-7,1,1,0.50665070000000000,0.506650700000,-1.013391052207602,-1.013391052207602,-1.013391052207602,0E-17,ELIGIBLE,R03b_20260811_FULL_v1,L1_ELIGIBILITY,v2026-08-11,2026-03-21..2026-08-06,baccarat_bet02_101_all_pairs_incl_sentinel,round_win = game_pnl > 0 (decisive only),COMPATIBILITY_ONLY_NOT_PRODUCTION,2500103.8841,2280641.3266,9883.8276,11764,10369,-0.00395337,-0.05088190,-0.00239824,-0.00395337,-9883.8276,2500103.8841,OK,0.0000,395.3531,4.0000,96.0000,AG03-UNRESOLVED,ALL5_LEVELS_bet23_to_bet27,395.3531,395.3531,395.3531,395.3531,395.3531,4.000000,4.000000,4.000000,4.000000,4.000000,96.000000,96.000000,96.000000,96.000000,96.000000,5.0,1976.7655,1824.8244,7907.0621,8059.0032,PENDING_AG03,FALSE,NOT_FOR_ENFORCEMENT,9488.4745,2189415.6736,9883.8276,9488.4745,395.3531,0.00395337,0.00379523,395.3531,9488.4745,0.00379523,395.3531,395.3531,395.3531,395.3531,395.3531,9488.4745,0.00379523,1976.7655,1824.8244,7907.0621,8059.0032,0.00316269,0.00322347,0.00015813,212.5216,219.9480,0.9532,119.0823,2.3972,30121.7335,124.9277,49.0469,238.9093,36.5364,75.9244,374.9013,749.8027,789.266,1183.8989,75.8035,-1.1839,10.395423,15.593133,2.799122,29,215,300,5,0.03207536,0.00395337,0.05088190,0E-8,0.000000,0.912219,0.000000,-0.04848366,2026-03-31,2026-08-01,83,4123,1621,124,0.669355,0.205295,0.230786,0.106918,,,,,,,,GLOBAL_BASELINE_NO_ENTITY_RANKING,,,NOT_APPLICABLE_GLOBAL_BASELINE,HF9g-P5,,,,X 全窗基线 · 不参与实体赏罚,15055112,1506,A168_HF9F_20260827_0900,2026-08-27 09:00:00
2026-04-26,92755421,2261,0,207.0393374741,-207.0393374741,-207.0393374741,0E-7,2,1,0.48394333137262540,0.256040200000,-0.968386123597866,-0.5866503638730671,-0.968386123597866,0.22790313137262540,ELIGIBLE,R03b_20260811_FULL_v1,L1_ELIGIBILITY,v2026-08-11,2026-03-21..2026-08-06,baccarat_bet02_101_all_pairs_incl_sentinel,round_win = game_pnl > 0 (decisive only),COMPATIBILITY_ONLY_NOT_PRODUCTION,2500103.8841,2280641.3266,9883.8276,11764,10369,-0.00395337,-0.05088190,-0.00239824,-0.00395337,-9883.8276,2500103.8841,OK,0.0000,395.3531,4.0000,96.0000,AG03-UNRESOLVED,ALL5_LEVELS_bet23_to_bet27,395.3531,395.3531,395.3531,395.3531,395.3531,4.000000,4.000000,4.000000,4.000000,4.000000,96.000000,96.000000,96.000000,96.000000,96.000000,5.0,1976.7655,1824.8244,7907.0621,8059.0032,PENDING_AG03,FALSE,NOT_FOR_ENFORCEMENT,9488.4745,2189415.6736,9883.8276,9488.4745,395.3531,0.00395337,0.00379523,395.3531,9488.4745,0.00379523,395.3531,395.3531,395.3531,395.3531,395.3531,9488.4745,0.00379523,1976.7655,1824.8244,7907.0621,8059.0032,0.00316269,0.00322347,0.00015813,212.5216,219.9480,0.9532,119.0823,2.3972,30121.7335,124.9277,49.0469,238.9093,36.5364,75.9244,374.9013,749.8027,789.266,1183.8989,75.8035,-1.1839,10.395423,15.593133,2.799122,29,215,300,5,0.03207536,0.00395337,0.05088190,0E-8,0.000000,0.912219,0.000000,-0.04848366,2026-03-31,2026-08-01,83,4123,1621,124,0.669355,0.205295,0.230786,0.106918,,,,,,,,GLOBAL_BASELINE_NO_ENTITY_RANKING,,,NOT_APPLICABLE_GLOBAL_BASELINE,HF9g-P5,,,,X 全窗基线 · 不参与实体赏罚,15055113,1506,A168_HF9F_20260827_0900,2026-08-27 09:00:00
2026-04-26,92755421,2271,0,202.9797426217,-202.9797426217,-202.9797426217,0E-7,1,1,0.50665070000000000,0.506650700000,-1.013391052207602,-1.013391052207602,-1.013391052207602,0E-17,ELIGIBLE,R03b_20260811_FULL_v1,L1_ELIGIBILITY,v2026-08-11,2026-03-21..2026-08-06,baccarat_bet02_101_all_pairs_incl_sentinel,round_win = game_pnl > 0 (decisive only),COMPATIBILITY_ONLY_NOT_PRODUCTION,2500103.8841,2280641.3266,9883.8276,11764,10369,-0.00395337,-0.05088190,-0.00239824,-0.00395337,-9883.8276,2500103.8841,OK,0.0000,395.3531,4.0000,96.0000,AG03-UNRESOLVED,ALL5_LEVELS_bet23_to_bet27,395.3531,395.3531,395.3531,395.3531,395.3531,4.000000,4.000000,4.000000,4.000000,4.000000,96.000000,96.000000,96.000000,96.000000,96.000000,5.0,1976.7655,1824.8244,7907.0621,8059.0032,PENDING_AG03,FALSE,NOT_FOR_ENFORCEMENT,9488.4745,2189415.6736,9883.8276,9488.4745,395.3531,0.00395337,0.00379523,395.3531,9488.4745,0.00379523,395.3531,395.3531,395.3531,395.3531,395.3531,9488.4745,0.00379523,1976.7655,1824.8244,7907.0621,8059.0032,0.00316269,0.00322347,0.00015813,212.5216,219.9480,0.9532,119.0823,2.3972,30121.7335,124.9277,49.0469,238.9093,36.5364,75.9244,374.9013,749.8027,789.266,1183.8989,75.8035,-1.1839,10.395423,15.593133,2.799122,29,215,300,5,0.03207536,0.00395337,0.05088190,0E-8,0.000000,0.912219,0.000000,-0.04848366,2026-03-31,2026-08-01,83,4123,1621,124,0.669355,0.205295,0.230786,0.106918,,,,,,,,GLOBAL_BASELINE_NO_ENTITY_RANKING,,,NOT_APPLICABLE_GLOBAL_BASELINE,HF9g-P5,,,,X 全窗基线 · 不参与实体赏罚,15055114,1506,A168_HF9F_20260827_0900,2026-08-27 09:00:00
2026-04-26,92755421,471,0,8.5251491901,-8.5251491901,-8.5251491901,0E-7,2,2,0.01883490000000000,0.018834900000,-0.19594113131146038,-0.19594113131146038,-0.19594113131146038,0E-17,ELIGIBLE,R03b_20260811_FULL_v1,L1_ELIGIBILITY,v2026-08-11,2026-03-21..2026-08-06,baccarat_bet02_101_all_pairs_incl_sentinel,round_win = game_pnl > 0 (decisive only),COMPATIBILITY_ONLY_NOT_PRODUCTION,2500103.8841,2280641.3266,9883.8276,11764,10369,-0.00395337,-0.05088190,-0.00239824,-0.00395337,-9883.8276,2500103.8841,OK,0.0000,395.3531,4.0000,96.0000,AG03-UNRESOLVED,ALL5_LEVELS_bet23_to_bet27,395.3531,395.3531,395.3531,395.3531,395.3531,4.000000,4.000000,4.000000,4.000000,4.000000,96.000000,96.000000,96.000000,96.000000,96.000000,5.0,1976.7655,1824.8244,7907.0621,8059.0032,PENDING_AG03,FALSE,NOT_FOR_ENFORCEMENT,9488.4745,2189415.6736,9883.8276,9488.4745,395.3531,0.00395337,0.00379523,395.3531,9488.4745,0.00379523,395.3531,395.3531,395.3531,395.3531,395.3531,9488.4745,0.00379523,1976.7655,1824.8244,7907.0621,8059.0032,0.00316269,0.00322347,0.00015813,212.5216,219.9480,0.9532,119.0823,2.3972,30121.7335,124.9277,49.0469,238.9093,36.5364,75.9244,374.9013,749.8027,789.266,1183.8989,75.8035,-1.1839,10.395423,15.593133,2.799122,29,215,300,5,0.03207536,0.00395337,0.05088190,0E-8,0.000000,0.912219,0.000000,-0.04848366,2026-03-31,2026-08-01,83,4123,1621,124,0.669355,0.205295,0.230786,0.106918,,,,,,,,GLOBAL_BASELINE_NO_ENTITY_RANKING,,,NOT_APPLICABLE_GLOBAL_BASELINE,HF9g-P5,,,,X 全窗基线 · 不参与实体赏罚,15055115,1506,A168_HF9F_20260827_0900,2026-08-27 09:00:00
2026-04-26,92755421,583,0,772.5409004179,206.8363577317,206.8363577317,0.7142857,10,8,0.49757994396565944,0.440646775000,1.1467125837949108,1.4582720337511317,1.1467125837949108,0.05693316896565944,ELIGIBLE,R03b_20260811_FULL_v1,L1_ELIGIBILITY,v2026-08-11,2026-03-21..2026-08-06,baccarat_bet02_101_all_pairs_incl_sentinel,round_win = game_pnl > 0 (decisive only),COMPATIBILITY_ONLY_NOT_PRODUCTION,2500103.8841,2280641.3266,9883.8276,11764,10369,-0.00395337,-0.05088190,-0.00239824,-0.00395337,-9883.8276,2500103.8841,OK,0.0000,395.3531,4.0000,96.0000,AG03-UNRESOLVED,ALL5_LEVELS_bet23_to_bet27,395.3531,395.3531,395.3531,395.3531,395.3531,4.000000,4.000000,4.000000,4.000000,4.000000,96.000000,96.000000,96.000000,96.000000,96.000000,5.0,1976.7655,1824.8244,7907.0621,8059.0032,PENDING_AG03,FALSE,NOT_FOR_ENFORCEMENT,9488.4745,2189415.6736,9883.8276,9488.4745,395.3531,0.00395337,0.00379523,395.3531,9488.4745,0.00379523,395.3531,395.3531,395.3531,395.3531,395.3531,9488.4745,0.00379523,1976.7655,1824.8244,7907.0621,8059.0032,0.00316269,0.00322347,0.00015813,212.5216,219.9480,0.9532,119.0823,2.3972,30121.7335,124.9277,49.0469,238.9093,36.5364,75.9244,374.9013,749.8027,789.266,1183.8989,75.8035,-1.1839,10.395423,15.593133,2.799122,29,215,300,5,0.03207536,0.00395337,0.05088190,0E-8,0.000000,0.912219,0.000000,-0.04848366,2026-03-31,2026-08-01,83,4123,1621,124,0.669355,0.205295,0.230786,0.106918,,,,,,,,GLOBAL_BASELINE_NO_ENTITY_RANKING,,,NOT_APPLICABLE_GLOBAL_BASELINE,HF9g-P5,,,,X 全窗基线 · 不参与实体赏罚,15055116,1506,A168_HF9F_20260827_0900,2026-08-27 09:00:00
2026-04-27,92755421,-1,1,757.5203994649,-22.7337311735,-22.7337311735,0.5333333,43,35,0.49645896353133560,0.447836277143,0.40394861298810897,0.9417122467730823,0.40394861298810897,0.04862268638833560,SENTINEL_DEALER,R03b_20260811_FULL_v1,L1_ELIGIBILITY,v2026-08-11,2026-03-21..2026-08-06,baccarat_bet02_101_all_pairs_incl_sentinel,round_win = game_pnl > 0 (decisive only),COMPATIBILITY_ONLY_NOT_PRODUCTION,2500103.8841,2280641.3266,9883.8276,11764,10369,-0.00395337,-0.05088190,-0.00239824,-0.00395337,-9883.8276,2500103.8841,OK,0.0000,395.3531,4.0000,96.0000,AG03-UNRESOLVED,ALL5_LEVELS_bet23_to_bet27,395.3531,395.3531,395.3531,395.3531,395.3531,4.000000,4.000000,4.000000,4.000000,4.000000,96.000000,96.000000,96.000000,96.000000,96.000000,5.0,1976.7655,1824.8244,7907.0621,8059.0032,PENDING_AG03,FALSE,NOT_FOR_ENFORCEMENT,9488.4745,2189415.6736,9883.8276,9488.4745,395.3531,0.00395337,0.00379523,395.3531,9488.4745,0.00379523,395.3531,395.3531,395.3531,395.3531,395.3531,9488.4745,0.00379523,1976.7655,1824.8244,7907.0621,8059.0032,0.00316269,0.00322347,0.00015813,212.5216,219.9480,0.9532,119.0823,2.3972,30121.7335,124.9277,49.0469,238.9093,36.5364,75.9244,374.9013,749.8027,789.266,1183.8989,75.8035,-1.1839,10.395423,15.593133,2.799122,29,215,300,5,0.03207536,0.00395337,0.05088190,0E-8,0.000000,0.912219,0.000000,-0.04848366,2026-03-31,2026-08-01,83,4123,1621,124,0.669355,0.205295,0.230786,0.106918,,,,,,,,GLOBAL_BASELINE_NO_ENTITY_RANKING,,,NOT_APPLICABLE_GLOBAL_BASELINE,HF9g-P5,,,,X 全窗基线 · 不参与实体赏罚,15055117,1506,A168_HF9F_20260827_0900,2026-08-27 09:00:00
2026-04-27,92755421,1157,0,36.5363536719,-12.1787845573,-12.1787845573,0.5000000,3,2,0.45371128333365795,0.374642850000,0.13148894263048858,0.3662615454285476,0.13148894263048858,0.07906843333365795,ELIGIBLE,R03b_20260811_FULL_v1,L1_ELIGIBILITY,v2026-08-11,2026-03-21..2026-08-06,baccarat_bet02_101_all_pairs_incl_sentinel,round_win = game_pnl > 0 (decisive only),COMPATIBILITY_ONLY_NOT_PRODUCTION,2500103.8841,2280641.3266,9883.8276,11764,10369,-0.00395337,-0.05088190,-0.00239824,-0.00395337,-9883.8276,2500103.8841,OK,0.0000,395.3531,4.0000,96.0000,AG03-UNRESOLVED,ALL5_LEVELS_bet23_to_bet27,395.3531,395.3531,395.3531,395.3531,395.3531,4.000000,4.000000,4.000000,4.000000,4.000000,96.000000,96.000000,96.000000,96.000000,96.000000,5.0,1976.7655,1824.8244,7907.0621,8059.0032,PENDING_AG03,FALSE,NOT_FOR_ENFORCEMENT,9488.4745,2189415.6736,9883.8276,9488.4745,395.3531,0.00395337,0.00379523,395.3531,9488.4745,0.00379523,395.3531,395.3531,395.3531,395.3531,395.3531,9488.4745,0.00379523,1976.7655,1824.8244,7907.0621,8059.0032,0.00316269,0.00322347,0.00015813,212.5216,219.9480,0.9532,119.0823,2.3972,30121.7335,124.9277,49.0469,238.9093,36.5364,75.9244,374.9013,749.8027,789.266,1183.8989,75.8035,-1.1839,10.395423,15.593133,2.799122,29,215,300,5,0.03207536,0.00395337,0.05088190,0E-8,0.000000,0.912219,0.000000,-0.04848366,2026-03-31,2026-08-01,83,4123,1621,124,0.669355,0.205295,0.230786,0.106918,,,,,,,,GLOBAL_BASELINE_NO_ENTITY_RANKING,,,NOT_APPLICABLE_GLOBAL_BASELINE,HF9g-P5,,,,X 全窗基线 · 不参与实体赏罚,15055118,1506,A168_HF9F_20260827_0900,2026-08-27 09:00:00
2026-04-27,92755421,1382,0,20.2979742622,-20.2979742622,-20.2979742622,0E-7,1,1,0.49324550000000000,0.493245500000,-0.9865810262130424,-0.9865810262130424,-0.9865810262130424,0E-17,ELIGIBLE,R03b_20260811_FULL_v1,L1_ELIGIBILITY,v2026-08-11,2026-03-21..2026-08-06,baccarat_bet02_101_all_pairs_incl_sentinel,round_win = game_pnl > 0 (decisive only),COMPATIBILITY_ONLY_NOT_PRODUCTION,2500103.8841,2280641.3266,9883.8276,11764,10369,-0.00395337,-0.05088190,-0.00239824,-0.00395337,-9883.8276,2500103.8841,OK,0.0000,395.3531,4.0000,96.0000,AG03-UNRESOLVED,ALL5_LEVELS_bet23_to_bet27,395.3531,395.3531,395.3531,395.3531,395.3531,4.000000,4.000000,4.000000,4.000000,4.000000,96.000000,96.000000,96.000000,96.000000,96.000000,5.0,1976.7655,1824.8244,7907.0621,8059.0032,PENDING_AG03,FALSE,NOT_FOR_ENFORCEMENT,9488.4745,2189415.6736,9883.8276,9488.4745,395.3531,0.00395337,0.00379523,395.3531,9488.4745,0.00379523,395.3531,395.3531,395.3531,395.3531,395.3531,9488.4745,0.00379523,1976.7655,1824.8244,7907.0621,8059.0032,0.00316269,0.00322347,0.00015813,212.5216,219.9480,0.9532,119.0823,2.3972,30121.7335,124.9277,49.0469,238.9093,36.5364,75.9244,374.9013,749.8027,789.266,1183.8989,75.8035,-1.1839,10.395423,15.593133,2.799122,29,215,300,5,0.03207536,0.00395337,0.05088190,0E-8,0.000000,0.912219,0.000000,-0.04848366,2026-03-31,2026-08-01,83,4123,1621,124,0.669355,0.205295,0.230786,0.106918,,,,,,,,GLOBAL_BASELINE_NO_ENTITY_RANKING,,,NOT_APPLICABLE_GLOBAL_BASELINE,HF9g-P5,,,,X 全窗基线 · 不参与实体赏罚,15055119,1506,A168_HF9F_20260827_0900,2026-08-27 09:00:00
2026-04-27,92755421,1383,0,20.2979742622,-20.2979742622,-20.2979742622,0E-7,1,1,0.50665070000000000,0.506650700000,-1.013391052207602,-1.013391052207602,-1.013391052207602,0E-17,ELIGIBLE,R03b_20260811_FULL_v1,L1_ELIGIBILITY,v2026-08-11,2026-03-21..2026-08-06,baccarat_bet02_101_all_pairs_incl_sentinel,round_win = game_pnl > 0 (decisive only),COMPATIBILITY_ONLY_NOT_PRODUCTION,2500103.8841,2280641.3266,9883.8276,11764,10369,-0.00395337,-0.05088190,-0.00239824,-0.00395337,-9883.8276,2500103.8841,OK,0.0000,395.3531,4.0000,96.0000,AG03-UNRESOLVED,ALL5_LEVELS_bet23_to_bet27,395.3531,395.3531,395.3531,395.3531,395.3531,4.000000,4.000000,4.000000,4.000000,4.000000,96.000000,96.000000,96.000000,96.000000,96.000000,5.0,1976.7655,1824.8244,7907.0621,8059.0032,PENDING_AG03,FALSE,NOT_FOR_ENFORCEMENT,9488.4745,2189415.6736,9883.8276,9488.4745,395.3531,0.00395337,0.00379523,395.3531,9488.4745,0.00379523,395.3531,395.3531,395.3531,395.3531,395.3531,9488.4745,0.00379523,1976.7655,1824.8244,7907.0621,8059.0032,0.00316269,0.00322347,0.00015813,212.5216,219.9480,0.9532,119.0823,2.3972,30121.7335,124.9277,49.0469,238.9093,36.5364,75.9244,374.9013,749.8027,789.266,1183.8989,75.8035,-1.1839,10.395423,15.593133,2.799122,29,215,300,5,0.03207536,0.00395337,0.05088190,0E-8,0.000000,0.912219,0.000000,-0.04848366,2026-03-31,2026-08-01,83,4123,1621,124,0.669355,0.205295,0.230786,0.106918,,,,,,,,GLOBAL_BASELINE_NO_ENTITY_RANKING,,,NOT_APPLICABLE_GLOBAL_BASELINE,HF9g-P5,,,,X 全窗基线 · 不参与实体赏罚,15055120,1506,A168_HF9F_20260827_0900,2026-08-27 09:00:00
2026-04-27,92755421,1485,0,59.6760443309,16.4413591524,16.4413591524,0.6666667,4,3,0.49545307163111750,0.423113866667,0.5931258168309751,0.8538470354145791,0.5931258168309751,0.07233920496411750,ELIGIBLE,R03b_20260811_FULL_v1,L1_ELIGIBILITY,v2026-08-11,2026-03-21..2026-08-06,baccarat_bet02_101_all_pairs_incl_sentinel,round_win = game_pnl > 0 (decisive only),COMPATIBILITY_ONLY_NOT_PRODUCTION,2500103.8841,2280641.3266,9883.8276,11764,10369,-0.00395337,-0.05088190,-0.00239824,-0.00395337,-9883.8276,2500103.8841,OK,0.0000,395.3531,4.0000,96.0000,AG03-UNRESOLVED,ALL5_LEVELS_bet23_to_bet27,395.3531,395.3531,395.3531,395.3531,395.3531,4.000000,4.000000,4.000000,4.000000,4.000000,96.000000,96.000000,96.000000,96.000000,96.000000,5.0,1976.7655,1824.8244,7907.0621,8059.0032,PENDING_AG03,FALSE,NOT_FOR_ENFORCEMENT,9488.4745,2189415.6736,9883.8276,9488.4745,395.3531,0.00395337,0.00379523,395.3531,9488.4745,0.00379523,395.3531,395.3531,395.3531,395.3531,395.3531,9488.4745,0.00379523,1976.7655,1824.8244,7907.0621,8059.0032,0.00316269,0.00322347,0.00015813,212.5216,219.9480,0.9532,119.0823,2.3972,30121.7335,124.9277,49.0469,238.9093,36.5364,75.9244,374.9013,749.8027,789.266,1183.8989,75.8035,-1.1839,10.395423,15.593133,2.799122,29,215,300,5,0.03207536,0.00395337,0.05088190,0E-8,0.000000,0.912219,0.000000,-0.04848366,2026-03-31,2026-08-01,83,4123,1621,124,0.669355,0.205295,0.230786,0.106918,,,,,,,,GLOBAL_BASELINE_NO_ENTITY_RANKING,,,NOT_APPLICABLE_GLOBAL_BASELINE,HF9g-P5,,,,X 全窗基线 · 不参与实体赏罚,15055121,1506,A168_HF9F_20260827_0900,2026-08-27 09:00:00
2026-04-27,92755421,1490,0,40.5959485244,0E-10,0E-10,0.5000000,2,2,0.49994810000000000,0.499948100000,0.00014679536856514622,0.00014679536856514622,0.00014679536856514622,0E-17,ELIGIBLE,R03b_20260811_FULL_v1,L1_ELIGIBILITY,v2026-08-11,2026-03-21..2026-08-06,baccarat_bet02_101_all_pairs_incl_sentinel,round_win = game_pnl > 0 (decisive only),COMPATIBILITY_ONLY_NOT_PRODUCTION,2500103.8841,2280641.3266,9883.8276,11764,10369,-0.00395337,-0.05088190,-0.00239824,-0.00395337,-9883.8276,2500103.8841,OK,0.0000,395.3531,4.0000,96.0000,AG03-UNRESOLVED,ALL5_LEVELS_bet23_to_bet27,395.3531,395.3531,395.3531,395.3531,395.3531,4.000000,4.000000,4.000000,4.000000,4.000000,96.000000,96.000000,96.000000,96.000000,96.000000,5.0,1976.7655,1824.8244,7907.0621,8059.0032,PENDING_AG03,FALSE,NOT_FOR_ENFORCEMENT,9488.4745,2189415.6736,9883.8276,9488.4745,395.3531,0.00395337,0.00379523,395.3531,9488.4745,0.00379523,395.3531,395.3531,395.3531,395.3531,395.3531,9488.4745,0.00379523,1976.7655,1824.8244,7907.0621,8059.0032,0.00316269,0.00322347,0.00015813,212.5216,219.9480,0.9532,119.0823,2.3972,30121.7335,124.9277,49.0469,238.9093,36.5364,75.9244,374.9013,749.8027,789.266,1183.8989,75.8035,-1.1839,10.395423,15.593133,2.799122,29,215,300,5,0.03207536,0.00395337,0.05088190,0E-8,0.000000,0.912219,0.000000,-0.04848366,2026-03-31,2026-08-01,83,4123,1621,124,0.669355,0.205295,0.230786,0.106918,,,,,,,,GLOBAL_BASELINE_NO_ENTITY_RANKING,,,NOT_APPLICABLE_GLOBAL_BASELINE,HF9g-P5,,,,X 全窗基线 · 不参与实体赏罚,15055122,1506,A168_HF9F_20260827_0900,2026-08-27 09:00:00
2026-04-27,92755421,1505,0,335.7284942960,9.3979620834,9.3979620834,0.5000000,9,9,0.50218230000000000,0.502182300000,-0.008729283145653279,-0.008729283145653279,-0.008729283145653279,0E-17,ELIGIBLE,R03b_20260811_FULL_v1,L1_ELIGIBILITY,v2026-08-11,2026-03-21..2026-08-06,baccarat_bet02_101_all_pairs_incl_sentinel,round_win = game_pnl > 0 (decisive only),COMPATIBILITY_ONLY_NOT_PRODUCTION,2500103.8841,2280641.3266,9883.8276,11764,10369,-0.00395337,-0.05088190,-0.00239824,-0.00395337,-9883.8276,2500103.8841,OK,0.0000,395.3531,4.0000,96.0000,AG03-UNRESOLVED,ALL5_LEVELS_bet23_to_bet27,395.3531,395.3531,395.3531,395.3531,395.3531,4.000000,4.000000,4.000000,4.000000,4.000000,96.000000,96.000000,96.000000,96.000000,96.000000,5.0,1976.7655,1824.8244,7907.0621,8059.0032,PENDING_AG03,FALSE,NOT_FOR_ENFORCEMENT,9488.4745,2189415.6736,9883.8276,9488.4745,395.3531,0.00395337,0.00379523,395.3531,9488.4745,0.00379523,395.3531,395.3531,395.3531,395.3531,395.3531,9488.4745,0.00379523,1976.7655,1824.8244,7907.0621,8059.0032,0.00316269,0.00322347,0.00015813,212.5216,219.9480,0.9532,119.0823,2.3972,30121.7335,124.9277,49.0469,238.9093,36.5364,75.9244,374.9013,749.8027,789.266,1183.8989,75.8035,-1.1839,10.395423,15.593133,2.799122,29,215,300,5,0.03207536,0.00395337,0.05088190,0E-8,0.000000,0.912219,0.000000,-0.04848366,2026-03-31,2026-08-01,83,4123,1621,124,0.669355,0.205295,0.230786,0.106918,,,,,,,,GLOBAL_BASELINE_NO_ENTITY_RANKING,,,NOT_APPLICABLE_GLOBAL_BASELINE,HF9g-P5,,,,X 全窗基线 · 不参与实体赏罚,15055123,1506,A168_HF9F_20260827_0900,2026-08-27 09:00:00
2026-04-27,92755421,1623,0,60.8939227866,-40.5959485244,-40.5959485244,0E-7,3,3,0.50218230000000000,0.502182300000,-1.4203995680682369,-1.4203995680682369,-1.4203995680682369,0E-17,ELIGIBLE,R03b_20260811_FULL_v1,L1_ELIGIBILITY,v2026-08-11,2026-03-21..2026-08-06,baccarat_bet02_101_all_pairs_incl_sentinel,round_win = game_pnl > 0 (decisive only),COMPATIBILITY_ONLY_NOT_PRODUCTION,2500103.8841,2280641.3266,9883.8276,11764,10369,-0.00395337,-0.05088190,-0.00239824,-0.00395337,-9883.8276,2500103.8841,OK,0.0000,395.3531,4.0000,96.0000,AG03-UNRESOLVED,ALL5_LEVELS_bet23_to_bet27,395.3531,395.3531,395.3531,395.3531,395.3531,4.000000,4.000000,4.000000,4.000000,4.000000,96.000000,96.000000,96.000000,96.000000,96.000000,5.0,1976.7655,1824.8244,7907.0621,8059.0032,PENDING_AG03,FALSE,NOT_FOR_ENFORCEMENT,9488.4745,2189415.6736,9883.8276,9488.4745,395.3531,0.00395337,0.00379523,395.3531,9488.4745,0.00379523,395.3531,395.3531,395.3531,395.3531,395.3531,9488.4745,0.00379523,1976.7655,1824.8244,7907.0621,8059.0032,0.00316269,0.00322347,0.00015813,212.5216,219.9480,0.9532,119.0823,2.3972,30121.7335,124.9277,49.0469,238.9093,36.5364,75.9244,374.9013,749.8027,789.266,1183.8989,75.8035,-1.1839,10.395423,15.593133,2.799122,29,215,300,5,0.03207536,0.00395337,0.05088190,0E-8,0.000000,0.912219,0.000000,-0.04848366,2026-03-31,2026-08-01,83,4123,1621,124,0.669355,0.205295,0.230786,0.106918,,,,,,,,GLOBAL_BASELINE_NO_ENTITY_RANKING,,,NOT_APPLICABLE_GLOBAL_BASELINE,HF9g-P5,,,,X 全窗基线 · 不参与实体赏罚,15055124,1506,A168_HF9F_20260827_0900,2026-08-27 09:00:00
2026-04-27,92755421,1704,0,40.5959485244,-20.2979742622,-20.2979742622,0E-7,2,2,0.50665070000000000,0.506650700000,-1.013391052207602,-1.013391052207602,-1.013391052207602,0E-17,ELIGIBLE,R03b_20260811_FULL_v1,L1_ELIGIBILITY,v2026-08-11,2026-03-21..2026-08-06,baccarat_bet02_101_all_pairs_incl_sentinel,round_win = game_pnl > 0 (decisive only),COMPATIBILITY_ONLY_NOT_PRODUCTION,2500103.8841,2280641.3266,9883.8276,11764,10369,-0.00395337,-0.05088190,-0.00239824,-0.00395337,-9883.8276,2500103.8841,OK,0.0000,395.3531,4.0000,96.0000,AG03-UNRESOLVED,ALL5_LEVELS_bet23_to_bet27,395.3531,395.3531,395.3531,395.3531,395.3531,4.000000,4.000000,4.000000,4.000000,4.000000,96.000000,96.000000,96.000000,96.000000,96.000000,5.0,1976.7655,1824.8244,7907.0621,8059.0032,PENDING_AG03,FALSE,NOT_FOR_ENFORCEMENT,9488.4745,2189415.6736,9883.8276,9488.4745,395.3531,0.00395337,0.00379523,395.3531,9488.4745,0.00379523,395.3531,395.3531,395.3531,395.3531,395.3531,9488.4745,0.00379523,1976.7655,1824.8244,7907.0621,8059.0032,0.00316269,0.00322347,0.00015813,212.5216,219.9480,0.9532,119.0823,2.3972,30121.7335,124.9277,49.0469,238.9093,36.5364,75.9244,374.9013,749.8027,789.266,1183.8989,75.8035,-1.1839,10.395423,15.593133,2.799122,29,215,300,5,0.03207536,0.00395337,0.05088190,0E-8,0.000000,0.912219,0.000000,-0.04848366,2026-03-31,2026-08-01,83,4123,1621,124,0.669355,0.205295,0.230786,0.106918,,,,,,,,GLOBAL_BASELINE_NO_ENTITY_RANKING,,,NOT_APPLICABLE_GLOBAL_BASELINE,HF9g-P5,,,,X 全窗基线 · 不参与实体赏罚,15055125,1506,A168_HF9F_20260827_0900,2026-08-27 09:00:00
2026-04-27,92755421,1966,0,59.6760443309,20.5009540048,20.5009540048,0.6666667,4,3,0.49098467163111750,0.418645466667,0.6086792330001459,0.8707745022662297,0.6086792330001459,0.07233920496411750,ELIGIBLE,R03b_20260811_FULL_v1,L1_ELIGIBILITY,v2026-08-11,2026-03-21..2026-08-06,baccarat_bet02_101_all_pairs_incl_sentinel,round_win = game_pnl > 0 (decisive only),COMPATIBILITY_ONLY_NOT_PRODUCTION,2500103.8841,2280641.3266,9883.8276,11764,10369,-0.00395337,-0.05088190,-0.00239824,-0.00395337,-9883.8276,2500103.8841,OK,0.0000,395.3531,4.0000,96.0000,AG03-UNRESOLVED,ALL5_LEVELS_bet23_to_bet27,395.3531,395.3531,395.3531,395.3531,395.3531,4.000000,4.000000,4.000000,4.000000,4.000000,96.000000,96.000000,96.000000,96.000000,96.000000,5.0,1976.7655,1824.8244,7907.0621,8059.0032,PENDING_AG03,FALSE,NOT_FOR_ENFORCEMENT,9488.4745,2189415.6736,9883.8276,9488.4745,395.3531,0.00395337,0.00379523,395.3531,9488.4745,0.00379523,395.3531,395.3531,395.3531,395.3531,395.3531,9488.4745,0.00379523,1976.7655,1824.8244,7907.0621,8059.0032,0.00316269,0.00322347,0.00015813,212.5216,219.9480,0.9532,119.0823,2.3972,30121.7335,124.9277,49.0469,238.9093,36.5364,75.9244,374.9013,749.8027,789.266,1183.8989,75.8035,-1.1839,10.395423,15.593133,2.799122,29,215,300,5,0.03207536,0.00395337,0.05088190,0E-8,0.000000,0.912219,0.000000,-0.04848366,2026-03-31,2026-08-01,83,4123,1621,124,0.669355,0.205295,0.230786,0.106918,,,,,,,,GLOBAL_BASELINE_NO_ENTITY_RANKING,,,NOT_APPLICABLE_GLOBAL_BASELINE,HF9g-P5,,,,X 全窗基线 · 不参与实体赏罚,15055126,1506,A168_HF9F_20260827_0900,2026-08-27 09:00:00
2026-04-27,92755421,2103,0,39.7840295539,-0.2029797426,-0.2029797426,0.5000000,3,2,0.48512276875038041,0.381345450000,0.04209780371693245,0.3454745057990616,0.04209780371693245,0.10377731875038041,ELIGIBLE,R03b_20260811_FULL_v1,L1_ELIGIBILITY,v2026-08-11,2026-03-21..2026-08-06,baccarat_bet02_101_all_pairs_incl_sentinel,round_win = game_pnl > 0 (decisive only),COMPATIBILITY_ONLY_NOT_PRODUCTION,2500103.8841,2280641.3266,9883.8276,11764,10369,-0.00395337,-0.05088190,-0.00239824,-0.00395337,-9883.8276,2500103.8841,OK,0.0000,395.3531,4.0000,96.0000,AG03-UNRESOLVED,ALL5_LEVELS_bet23_to_bet27,395.3531,395.3531,395.3531,395.3531,395.3531,4.000000,4.000000,4.000000,4.000000,4.000000,96.000000,96.000000,96.000000,96.000000,96.000000,5.0,1976.7655,1824.8244,7907.0621,8059.0032,PENDING_AG03,FALSE,NOT_FOR_ENFORCEMENT,9488.4745,2189415.6736,9883.8276,9488.4745,395.3531,0.00395337,0.00379523,395.3531,9488.4745,0.00379523,395.3531,395.3531,395.3531,395.3531,395.3531,9488.4745,0.00379523,1976.7655,1824.8244,7907.0621,8059.0032,0.00316269,0.00322347,0.00015813,212.5216,219.9480,0.9532,119.0823,2.3972,30121.7335,124.9277,49.0469,238.9093,36.5364,75.9244,374.9013,749.8027,789.266,1183.8989,75.8035,-1.1839,10.395423,15.593133,2.799122,29,215,300,5,0.03207536,0.00395337,0.05088190,0E-8,0.000000,0.912219,0.000000,-0.04848366,2026-03-31,2026-08-01,83,4123,1621,124,0.669355,0.205295,0.230786,0.106918,,,,,,,,GLOBAL_BASELINE_NO_ENTITY_RANKING,,,NOT_APPLICABLE_GLOBAL_BASELINE,HF9g-P5,,,,X 全窗基线 · 不参与实体赏罚,15055127,1506,A168_HF9F_20260827_0900,2026-08-27 09:00:00
2026-04-27,92755421,2106,0,20.2979742622,-20.2979742622,-20.2979742622,0E-7,1,1,0.50665070000000000,0.506650700000,-1.013391052207602,-1.013391052207602,-1.013391052207602,0E-17,ELIGIBLE,R03b_20260811_FULL_v1,L1_ELIGIBILITY,v2026-08-11,2026-03-21..2026-08-06,baccarat_bet02_101_all_pairs_incl_sentinel,round_win = game_pnl > 0 (decisive only),COMPATIBILITY_ONLY_NOT_PRODUCTION,2500103.8841,2280641.3266,9883.8276,11764,10369,-0.00395337,-0.05088190,-0.00239824,-0.00395337,-9883.8276,2500103.8841,OK,0.0000,395.3531,4.0000,96.0000,AG03-UNRESOLVED,ALL5_LEVELS_bet23_to_bet27,395.3531,395.3531,395.3531,395.3531,395.3531,4.000000,4.000000,4.000000,4.000000,4.000000,96.000000,96.000000,96.000000,96.000000,96.000000,5.0,1976.7655,1824.8244,7907.0621,8059.0032,PENDING_AG03,FALSE,NOT_FOR_ENFORCEMENT,9488.4745,2189415.6736,9883.8276,9488.4745,395.3531,0.00395337,0.00379523,395.3531,9488.4745,0.00379523,395.3531,395.3531,395.3531,395.3531,395.3531,9488.4745,0.00379523,1976.7655,1824.8244,7907.0621,8059.0032,0.00316269,0.00322347,0.00015813,212.5216,219.9480,0.9532,119.0823,2.3972,30121.7335,124.9277,49.0469,238.9093,36.5364,75.9244,374.9013,749.8027,789.266,1183.8989,75.8035,-1.1839,10.395423,15.593133,2.799122,29,215,300,5,0.03207536,0.00395337,0.05088190,0E-8,0.000000,0.912219,0.000000,-0.04848366,2026-03-31,2026-08-01,83,4123,1621,124,0.669355,0.205295,0.230786,0.106918,,,,,,,,GLOBAL_BASELINE_NO_ENTITY_RANKING,,,NOT_APPLICABLE_GLOBAL_BASELINE,HF9g-P5,,,,X 全窗基线 · 不参与实体赏罚,15055128,1506,A168_HF9F_20260827_0900,2026-08-27 09:00:00
2026-04-27,92755421,2123,0,85.6574513864,-46.0764015751,-46.0764015751,0.2500000,6,4,0.47778973774551444,0.379669800000,-0.9120592251807723,-0.5343851087487913,-0.9120592251807723,0.09811993774551444,ELIGIBLE,R03b_20260811_FULL_v1,L1_ELIGIBILITY,v2026-08-11,2026-03-21..2026-08-06,baccarat_bet02_101_all_pairs_incl_sentinel,round_win = game_pnl > 0 (decisive only),COMPATIBILITY_ONLY_NOT_PRODUCTION,2500103.8841,2280641.3266,9883.8276,11764,10369,-0.00395337,-0.05088190,-0.00239824,-0.00395337,-9883.8276,2500103.8841,OK,0.0000,395.3531,4.0000,96.0000,AG03-UNRESOLVED,ALL5_LEVELS_bet23_to_bet27,395.3531,395.3531,395.3531,395.3531,395.3531,4.000000,4.000000,4.000000,4.000000,4.000000,96.000000,96.000000,96.000000,96.000000,96.000000,5.0,1976.7655,1824.8244,7907.0621,8059.0032,PENDING_AG03,FALSE,NOT_FOR_ENFORCEMENT,9488.4745,2189415.6736,9883.8276,9488.4745,395.3531,0.00395337,0.00379523,395.3531,9488.4745,0.00379523,395.3531,395.3531,395.3531,395.3531,395.3531,9488.4745,0.00379523,1976.7655,1824.8244,7907.0621,8059.0032,0.00316269,0.00322347,0.00015813,212.5216,219.9480,0.9532,119.0823,2.3972,30121.7335,124.9277,49.0469,238.9093,36.5364,75.9244,374.9013,749.8027,789.266,1183.8989,75.8035,-1.1839,10.395423,15.593133,2.799122,29,215,300,5,0.03207536,0.00395337,0.05088190,0E-8,0.000000,0.912219,0.000000,-0.04848366,2026-03-31,2026-08-01,83,4123,1621,124,0.669355,0.205295,0.230786,0.106918,,,,,,,,GLOBAL_BASELINE_NO_ENTITY_RANKING,,,NOT_APPLICABLE_GLOBAL_BASELINE,HF9g-P5,,,,X 全窗基线 · 不参与实体赏罚,15055129,1506,A168_HF9F_20260827_0900,2026-08-27 09:00:00
2026-04-27,92755421,2130,0,80.3799780783,17.4968538140,17.4968538140,0.6666667,4,4,0.50665070000000000,0.506650700000,0.5543606114942035,0.5543606114942035,0.5543606114942035,0E-17,ELIGIBLE,R03b_20260811_FULL_v1,L1_ELIGIBILITY,v2026-08-11,2026-03-21..2026-08-06,baccarat_bet02_101_all_pairs_incl_sentinel,round_win = game_pnl > 0 (decisive only),COMPATIBILITY_ONLY_NOT_PRODUCTION,2500103.8841,2280641.3266,9883.8276,11764,10369,-0.00395337,-0.05088190,-0.00239824,-0.00395337,-9883.8276,2500103.8841,OK,0.0000,395.3531,4.0000,96.0000,AG03-UNRESOLVED,ALL5_LEVELS_bet23_to_bet27,395.3531,395.3531,395.3531,395.3531,395.3531,4.000000,4.000000,4.000000,4.000000,4.000000,96.000000,96.000000,96.000000,96.000000,96.000000,5.0,1976.7655,1824.8244,7907.0621,8059.0032,PENDING_AG03,FALSE,NOT_FOR_ENFORCEMENT,9488.4745,2189415.6736,9883.8276,9488.4745,395.3531,0.00395337,0.00379523,395.3531,9488.4745,0.00379523,395.3531,395.3531,395.3531,395.3531,395.3531,9488.4745,0.00379523,1976.7655,1824.8244,7907.0621,8059.0032,0.00316269,0.00322347,0.00015813,212.5216,219.9480,0.9532,119.0823,2.3972,30121.7335,124.9277,49.0469,238.9093,36.5364,75.9244,374.9013,749.8027,789.266,1183.8989,75.8035,-1.1839,10.395423,15.593133,2.799122,29,215,300,5,0.03207536,0.00395337,0.05088190,0E-8,0.000000,0.912219,0.000000,-0.04848366,2026-03-31,2026-08-01,83,4123,1621,124,0.669355,0.205295,0.230786,0.106918,,,,,,,,GLOBAL_BASELINE_NO_ENTITY_RANKING,,,NOT_APPLICABLE_GLOBAL_BASELINE,HF9g-P5,,,,X 全窗基线 · 不参与实体赏罚,15055130,1506,A168_HF9F_20260827_0900,2026-08-27 09:00:00
2026-04-27,92755421,2141,0,144.1156172615,-24.3575691145,-24.3575691145,0.5000000,7,6,0.49479115151521772,0.461530983333,0.025519426699349933,0.18901919973355993,0.025519426699349933,0.03326016818221772,ELIGIBLE,R03b_20260811_FULL_v1,L1_ELIGIBILITY,v2026-08-11,2026-03-21..2026-08-06,baccarat_bet02_101_all_pairs_incl_sentinel,round_win = game_pnl > 0 (decisive only),COMPATIBILITY_ONLY_NOT_PRODUCTION,2500103.8841,2280641.3266,9883.8276,11764,10369,-0.00395337,-0.05088190,-0.00239824,-0.00395337,-9883.8276,2500103.8841,OK,0.0000,395.3531,4.0000,96.0000,AG03-UNRESOLVED,ALL5_LEVELS_bet23_to_bet27,395.3531,395.3531,395.3531,395.3531,395.3531,4.000000,4.000000,4.000000,4.000000,4.000000,96.000000,96.000000,96.000000,96.000000,96.000000,5.0,1976.7655,1824.8244,7907.0621,8059.0032,PENDING_AG03,FALSE,NOT_FOR_ENFORCEMENT,9488.4745,2189415.6736,9883.8276,9488.4745,395.3531,0.00395337,0.00379523,395.3531,9488.4745,0.00379523,395.3531,395.3531,395.3531,395.3531,395.3531,9488.4745,0.00379523,1976.7655,1824.8244,7907.0621,8059.0032,0.00316269,0.00322347,0.00015813,212.5216,219.9480,0.9532,119.0823,2.3972,30121.7335,124.9277,49.0469,238.9093,36.5364,75.9244,374.9013,749.8027,789.266,1183.8989,75.8035,-1.1839,10.395423,15.593133,2.799122,29,215,300,5,0.03207536,0.00395337,0.05088190,0E-8,0.000000,0.912219,0.000000,-0.04848366,2026-03-31,2026-08-01,83,4123,1621,124,0.669355,0.205295,0.230786,0.106918,,,,,,,,GLOBAL_BASELINE_NO_ENTITY_RANKING,,,NOT_APPLICABLE_GLOBAL_BASELINE,HF9g-P5,,,,X 全窗基线 · 不参与实体赏罚,15055131,1506,A168_HF9F_20260827_0900,2026-08-27 09:00:00
2026-04-27,92755421,2142,0,91.7468436651,-26.7933260261,-26.7933260261,0.2500000,6,4,0.46939893257575892,0.381345450000,-0.8792439678435403,-0.5408310762186845,-0.8792439678435403,0.08805348257575892,ELIGIBLE,R03b_20260811_FULL_v1,L1_ELIGIBILITY,v2026-08-11,2026-03-21..2026-08-06,baccarat_bet02_101_all_pairs_incl_sentinel,round_win = game_pnl > 0 (decisive only),COMPATIBILITY_ONLY_NOT_PRODUCTION,2500103.8841,2280641.3266,9883.8276,11764,10369,-0.00395337,-0.05088190,-0.00239824,-0.00395337,-9883.8276,2500103.8841,OK,0.0000,395.3531,4.0000,96.0000,AG03-UNRESOLVED,ALL5_LEVELS_bet23_to_bet27,395.3531,395.3531,395.3531,395.3531,395.3531,4.000000,4.000000,4.000000,4.000000,4.000000,96.000000,96.000000,96.000000,96.000000,96.000000,5.0,1976.7655,1824.8244,7907.0621,8059.0032,PENDING_AG03,FALSE,NOT_FOR_ENFORCEMENT,9488.4745,2189415.6736,9883.8276,9488.4745,395.3531,0.00395337,0.00379523,395.3531,9488.4745,0.00379523,395.3531,395.3531,395.3531,395.3531,395.3531,9488.4745,0.00379523,1976.7655,1824.8244,7907.0621,8059.0032,0.00316269,0.00322347,0.00015813,212.5216,219.9480,0.9532,119.0823,2.3972,30121.7335,124.9277,49.0469,238.9093,36.5364,75.9244,374.9013,749.8027,789.266,1183.8989,75.8035,-1.1839,10.395423,15.593133,2.799122,29,215,300,5,0.03207536,0.00395337,0.05088190,0E-8,0.000000,0.912219,0.000000,-0.04848366,2026-03-31,2026-08-01,83,4123,1621,124,0.669355,0.205295,0.230786,0.106918,,,,,,,,GLOBAL_BASELINE_NO_ENTITY_RANKING,,,NOT_APPLICABLE_GLOBAL_BASELINE,HF9g-P5,,,,X 全窗基线 · 不参与实体赏罚,15055132,1506,A168_HF9F_20260827_0900,2026-08-27 09:00:00
2026-04-27,92755421,2153,0,43.8436244063,-4.2625745950,-4.2625745950,0.5000000,3,2,0.46723012758665850,0.381345450000,0.09288690661140724,0.3454745057990616,0.09288690661140724,0.08588467758665850,ELIGIBLE,R03b_20260811_FULL_v1,L1_ELIGIBILITY,v2026-08-11,2026-03-21..2026-08-06,baccarat_bet02_101_all_pairs_incl_sentinel,round_win = game_pnl > 0 (decisive only),COMPATIBILITY_ONLY_NOT_PRODUCTION,2500103.8841,2280641.3266,9883.8276,11764,10369,-0.00395337,-0.05088190,-0.00239824,-0.00395337,-9883.8276,2500103.8841,OK,0.0000,395.3531,4.0000,96.0000,AG03-UNRESOLVED,ALL5_LEVELS_bet23_to_bet27,395.3531,395.3531,395.3531,395.3531,395.3531,4.000000,4.000000,4.000000,4.000000,4.000000,96.000000,96.000000,96.000000,96.000000,96.000000,5.0,1976.7655,1824.8244,7907.0621,8059.0032,PENDING_AG03,FALSE,NOT_FOR_ENFORCEMENT,9488.4745,2189415.6736,9883.8276,9488.4745,395.3531,0.00395337,0.00379523,395.3531,9488.4745,0.00379523,395.3531,395.3531,395.3531,395.3531,395.3531,9488.4745,0.00379523,1976.7655,1824.8244,7907.0621,8059.0032,0.00316269,0.00322347,0.00015813,212.5216,219.9480,0.9532,119.0823,2.3972,30121.7335,124.9277,49.0469,238.9093,36.5364,75.9244,374.9013,749.8027,789.266,1183.8989,75.8035,-1.1839,10.395423,15.593133,2.799122,29,215,300,5,0.03207536,0.00395337,0.05088190,0E-8,0.000000,0.912219,0.000000,-0.04848366,2026-03-31,2026-08-01,83,4123,1621,124,0.669355,0.205295,0.230786,0.106918,,,,,,,,GLOBAL_BASELINE_NO_ENTITY_RANKING,,,NOT_APPLICABLE_GLOBAL_BASELINE,HF9g-P5,,,,X 全窗基线 · 不参与实体赏罚,15055133,1506,A168_HF9F_20260827_0900,2026-08-27 09:00:00
2026-04-27,92755421,2155,0,40.5959485244,0E-10,0E-10,0.5000000,2,2,0.49994810000000000,0.499948100000,0.00014679536856514622,0.00014679536856514622,0.00014679536856514622,0E-17,ELIGIBLE,R03b_20260811_FULL_v1,L1_ELIGIBILITY,v2026-08-11,2026-03-21..2026-08-06,baccarat_bet02_101_all_pairs_incl_sentinel,round_win = game_pnl > 0 (decisive only),COMPATIBILITY_ONLY_NOT_PRODUCTION,2500103.8841,2280641.3266,9883.8276,11764,10369,-0.00395337,-0.05088190,-0.00239824,-0.00395337,-9883.8276,2500103.8841,OK,0.0000,395.3531,4.0000,96.0000,AG03-UNRESOLVED,ALL5_LEVELS_bet23_to_bet27,395.3531,395.3531,395.3531,395.3531,395.3531,4.000000,4.000000,4.000000,4.000000,4.000000,96.000000,96.000000,96.000000,96.000000,96.000000,5.0,1976.7655,1824.8244,7907.0621,8059.0032,PENDING_AG03,FALSE,NOT_FOR_ENFORCEMENT,9488.4745,2189415.6736,9883.8276,9488.4745,395.3531,0.00395337,0.00379523,395.3531,9488.4745,0.00379523,395.3531,395.3531,395.3531,395.3531,395.3531,9488.4745,0.00379523,1976.7655,1824.8244,7907.0621,8059.0032,0.00316269,0.00322347,0.00015813,212.5216,219.9480,0.9532,119.0823,2.3972,30121.7335,124.9277,49.0469,238.9093,36.5364,75.9244,374.9013,749.8027,789.266,1183.8989,75.8035,-1.1839,10.395423,15.593133,2.799122,29,215,300,5,0.03207536,0.00395337,0.05088190,0E-8,0.000000,0.912219,0.000000,-0.04848366,2026-03-31,2026-08-01,83,4123,1621,124,0.669355,0.205295,0.230786,0.106918,,,,,,,,GLOBAL_BASELINE_NO_ENTITY_RANKING,,,NOT_APPLICABLE_GLOBAL_BASELINE,HF9g-P5,,,,X 全窗基线 · 不参与实体赏罚,15055134,1506,A168_HF9F_20260827_0900,2026-08-27 09:00:00
2026-04-27,92755421,2188,0,40.5959485244,-40.5959485244,-40.5959485244,0E-7,2,2,0.49994810000000000,0.499948100000,-1.4140667746232096,-1.4140667746232096,-1.4140667746232096,0E-17,ELIGIBLE,R03b_20260811_FULL_v1,L1_ELIGIBILITY,v2026-08-11,2026-03-21..2026-08-06,baccarat_bet02_101_all_pairs_incl_sentinel,round_win = game_pnl > 0 (decisive only),COMPATIBILITY_ONLY_NOT_PRODUCTION,2500103.8841,2280641.3266,9883.8276,11764,10369,-0.00395337,-0.05088190,-0.00239824,-0.00395337,-9883.8276,2500103.8841,OK,0.0000,395.3531,4.0000,96.0000,AG03-UNRESOLVED,ALL5_LEVELS_bet23_to_bet27,395.3531,395.3531,395.3531,395.3531,395.3531,4.000000,4.000000,4.000000,4.000000,4.000000,96.000000,96.000000,96.000000,96.000000,96.000000,5.0,1976.7655,1824.8244,7907.0621,8059.0032,PENDING_AG03,FALSE,NOT_FOR_ENFORCEMENT,9488.4745,2189415.6736,9883.8276,9488.4745,395.3531,0.00395337,0.00379523,395.3531,9488.4745,0.00379523,395.3531,395.3531,395.3531,395.3531,395.3531,9488.4745,0.00379523,1976.7655,1824.8244,7907.0621,8059.0032,0.00316269,0.00322347,0.00015813,212.5216,219.9480,0.9532,119.0823,2.3972,30121.7335,124.9277,49.0469,238.9093,36.5364,75.9244,374.9013,749.8027,789.266,1183.8989,75.8035,-1.1839,10.395423,15.593133,2.799122,29,215,300,5,0.03207536,0.00395337,0.05088190,0E-8,0.000000,0.912219,0.000000,-0.04848366,2026-03-31,2026-08-01,83,4123,1621,124,0.669355,0.205295,0.230786,0.106918,,,,,,,,GLOBAL_BASELINE_NO_ENTITY_RANKING,,,NOT_APPLICABLE_GLOBAL_BASELINE,HF9g-P5,,,,X 全窗基线 · 不参与实体赏罚,15055135,1506,A168_HF9F_20260827_0900,2026-08-27 09:00:00
2026-04-27,92755421,2222,0,75.5084642553,-12.1787845573,-12.1787845573,0.5000000,3,2,0.48652138490544197,0.381345450000,0.038137140038048876,0.3454745057990616,0.038137140038048876,0.10517593490544197,ELIGIBLE,R03b_20260811_FULL_v1,L1_ELIGIBILITY,v2026-08-11,2026-03-21..2026-08-06,baccarat_bet02_101_all_pairs_incl_sentinel,round_win = game_pnl > 0 (decisive only),COMPATIBILITY_ONLY_NOT_PRODUCTION,2500103.8841,2280641.3266,9883.8276,11764,10369,-0.00395337,-0.05088190,-0.00239824,-0.00395337,-9883.8276,2500103.8841,OK,0.0000,395.3531,4.0000,96.0000,AG03-UNRESOLVED,ALL5_LEVELS_bet23_to_bet27,395.3531,395.3531,395.3531,395.3531,395.3531,4.000000,4.000000,4.000000,4.000000,4.000000,96.000000,96.000000,96.000000,96.000000,96.000000,5.0,1976.7655,1824.8244,7907.0621,8059.0032,PENDING_AG03,FALSE,NOT_FOR_ENFORCEMENT,9488.4745,2189415.6736,9883.8276,9488.4745,395.3531,0.00395337,0.00379523,395.3531,9488.4745,0.00379523,395.3531,395.3531,395.3531,395.3531,395.3531,9488.4745,0.00379523,1976.7655,1824.8244,7907.0621,8059.0032,0.00316269,0.00322347,0.00015813,212.5216,219.9480,0.9532,119.0823,2.3972,30121.7335,124.9277,49.0469,238.9093,36.5364,75.9244,374.9013,749.8027,789.266,1183.8989,75.8035,-1.1839,10.395423,15.593133,2.799122,29,215,300,5,0.03207536,0.00395337,0.05088190,0E-8,0.000000,0.912219,0.000000,-0.04848366,2026-03-31,2026-08-01,83,4123,1621,124,0.669355,0.205295,0.230786,0.106918,,,,,,,,GLOBAL_BASELINE_NO_ENTITY_RANKING,,,NOT_APPLICABLE_GLOBAL_BASELINE,HF9g-P5,,,,X 全窗基线 · 不参与实体赏罚,15055136,1506,A168_HF9F_20260827_0900,2026-08-27 09:00:00
2026-04-27,92755421,2242,0,38.5661510982,37.6527422564,37.6527422564,1.0000000,2,2,0.49994810000000000,0.499948100000,1.4143603653603398,1.4143603653603398,1.4143603653603398,0E-17,ELIGIBLE,R03b_20260811_FULL_v1,L1_ELIGIBILITY,v2026-08-11,2026-03-21..2026-08-06,baccarat_bet02_101_all_pairs_incl_sentinel,round_win = game_pnl > 0 (decisive only),COMPATIBILITY_ONLY_NOT_PRODUCTION,2500103.8841,2280641.3266,9883.8276,11764,10369,-0.00395337,-0.05088190,-0.00239824,-0.00395337,-9883.8276,2500103.8841,OK,0.0000,395.3531,4.0000,96.0000,AG03-UNRESOLVED,ALL5_LEVELS_bet23_to_bet27,395.3531,395.3531,395.3531,395.3531,395.3531,4.000000,4.000000,4.000000,4.000000,4.000000,96.000000,96.000000,96.000000,96.000000,96.000000,5.0,1976.7655,1824.8244,7907.0621,8059.0032,PENDING_AG03,FALSE,NOT_FOR_ENFORCEMENT,9488.4745,2189415.6736,9883.8276,9488.4745,395.3531,0.00395337,0.00379523,395.3531,9488.4745,0.00379523,395.3531,395.3531,395.3531,395.3531,395.3531,9488.4745,0.00379523,1976.7655,1824.8244,7907.0621,8059.0032,0.00316269,0.00322347,0.00015813,212.5216,219.9480,0.9532,119.0823,2.3972,30121.7335,124.9277,49.0469,238.9093,36.5364,75.9244,374.9013,749.8027,789.266,1183.8989,75.8035,-1.1839,10.395423,15.593133,2.799122,29,215,300,5,0.03207536,0.00395337,0.05088190,0E-8,0.000000,0.912219,0.000000,-0.04848366,2026-03-31,2026-08-01,83,4123,1621,124,0.669355,0.205295,0.230786,0.106918,,,,,,,,GLOBAL_BASELINE_NO_ENTITY_RANKING,,,NOT_APPLICABLE_GLOBAL_BASELINE,HF9g-P5,,,,X 全窗基线 · 不参与实体赏罚,15055137,1506,A168_HF9F_20260827_0900,2026-08-27 09:00:00
2026-04-27,92755421,2256,0,143.7096577764,56.2253887063,56.2253887063,0.7142857,9,7,0.48749339005103327,0.431217642857,1.2004477739038335,1.512232568281678,1.2004477739038335,0.05627574719403327,ELIGIBLE,R03b_20260811_FULL_v1,L1_ELIGIBILITY,v2026-08-11,2026-03-21..2026-08-06,baccarat_bet02_101_all_pairs_incl_sentinel,round_win = game_pnl > 0 (decisive only),COMPATIBILITY_ONLY_NOT_PRODUCTION,2500103.8841,2280641.3266,9883.8276,11764,10369,-0.00395337,-0.05088190,-0.00239824,-0.00395337,-9883.8276,2500103.8841,OK,0.0000,395.3531,4.0000,96.0000,AG03-UNRESOLVED,ALL5_LEVELS_bet23_to_bet27,395.3531,395.3531,395.3531,395.3531,395.3531,4.000000,4.000000,4.000000,4.000000,4.000000,96.000000,96.000000,96.000000,96.000000,96.000000,5.0,1976.7655,1824.8244,7907.0621,8059.0032,PENDING_AG03,FALSE,NOT_FOR_ENFORCEMENT,9488.4745,2189415.6736,9883.8276,9488.4745,395.3531,0.00395337,0.00379523,395.3531,9488.4745,0.00379523,395.3531,395.3531,395.3531,395.3531,395.3531,9488.4745,0.00379523,1976.7655,1824.8244,7907.0621,8059.0032,0.00316269,0.00322347,0.00015813,212.5216,219.9480,0.9532,119.0823,2.3972,30121.7335,124.9277,49.0469,238.9093,36.5364,75.9244,374.9013,749.8027,789.266,1183.8989,75.8035,-1.1839,10.395423,15.593133,2.799122,29,215,300,5,0.03207536,0.00395337,0.05088190,0E-8,0.000000,0.912219,0.000000,-0.04848366,2026-03-31,2026-08-01,83,4123,1621,124,0.669355,0.205295,0.230786,0.106918,,,,,,,,GLOBAL_BASELINE_NO_ENTITY_RANKING,,,NOT_APPLICABLE_GLOBAL_BASELINE,HF9g-P5,,,,X 全窗基线 · 不参与实体赏罚,15055138,1506,A168_HF9F_20260827_0900,2026-08-27 09:00:00
2026-04-27,92755421,2267,0,40.5959485244,0E-10,0E-10,0.5000000,2,2,0.49994810000000000,0.499948100000,0.00014679536856514622,0.00014679536856514622,0.00014679536856514622,0E-17,ELIGIBLE,R03b_20260811_FULL_v1,L1_ELIGIBILITY,v2026-08-11,2026-03-21..2026-08-06,baccarat_bet02_101_all_pairs_incl_sentinel,round_win = game_pnl > 0 (decisive only),COMPATIBILITY_ONLY_NOT_PRODUCTION,2500103.8841,2280641.3266,9883.8276,11764,10369,-0.00395337,-0.05088190,-0.00239824,-0.00395337,-9883.8276,2500103.8841,OK,0.0000,395.3531,4.0000,96.0000,AG03-UNRESOLVED,ALL5_LEVELS_bet23_to_bet27,395.3531,395.3531,395.3531,395.3531,395.3531,4.000000,4.000000,4.000000,4.000000,4.000000,96.000000,96.000000,96.000000,96.000000,96.000000,5.0,1976.7655,1824.8244,7907.0621,8059.0032,PENDING_AG03,FALSE,NOT_FOR_ENFORCEMENT,9488.4745,2189415.6736,9883.8276,9488.4745,395.3531,0.00395337,0.00379523,395.3531,9488.4745,0.00379523,395.3531,395.3531,395.3531,395.3531,395.3531,9488.4745,0.00379523,1976.7655,1824.8244,7907.0621,8059.0032,0.00316269,0.00322347,0.00015813,212.5216,219.9480,0.9532,119.0823,2.3972,30121.7335,124.9277,49.0469,238.9093,36.5364,75.9244,374.9013,749.8027,789.266,1183.8989,75.8035,-1.1839,10.395423,15.593133,2.799122,29,215,300,5,0.03207536,0.00395337,0.05088190,0E-8,0.000000,0.912219,0.000000,-0.04848366,2026-03-31,2026-08-01,83,4123,1621,124,0.669355,0.205295,0.230786,0.106918,,,,,,,,GLOBAL_BASELINE_NO_ENTITY_RANKING,,,NOT_APPLICABLE_GLOBAL_BASELINE,HF9g-P5,,,,X 全窗基线 · 不参与实体赏罚,15055139,1506,A168_HF9F_20260827_0900,2026-08-27 09:00:00
2026-04-27,92755421,526,0,20.2979742622,19.2830755491,19.2830755491,1.0000000,1,1,0.50665070000000000,0.506650700000,0.9867858985152569,0.9867858985152569,0.9867858985152569,0E-17,ELIGIBLE,R03b_20260811_FULL_v1,L1_ELIGIBILITY,v2026-08-11,2026-03-21..2026-08-06,baccarat_bet02_101_all_pairs_incl_sentinel,round_win = game_pnl > 0 (decisive only),COMPATIBILITY_ONLY_NOT_PRODUCTION,2500103.8841,2280641.3266,9883.8276,11764,10369,-0.00395337,-0.05088190,-0.00239824,-0.00395337,-9883.8276,2500103.8841,OK,0.0000,395.3531,4.0000,96.0000,AG03-UNRESOLVED,ALL5_LEVELS_bet23_to_bet27,395.3531,395.3531,395.3531,395.3531,395.3531,4.000000,4.000000,4.000000,4.000000,4.000000,96.000000,96.000000,96.000000,96.000000,96.000000,5.0,1976.7655,1824.8244,7907.0621,8059.0032,PENDING_AG03,FALSE,NOT_FOR_ENFORCEMENT,9488.4745,2189415.6736,9883.8276,9488.4745,395.3531,0.00395337,0.00379523,395.3531,9488.4745,0.00379523,395.3531,395.3531,395.3531,395.3531,395.3531,9488.4745,0.00379523,1976.7655,1824.8244,7907.0621,8059.0032,0.00316269,0.00322347,0.00015813,212.5216,219.9480,0.9532,119.0823,2.3972,30121.7335,124.9277,49.0469,238.9093,36.5364,75.9244,374.9013,749.8027,789.266,1183.8989,75.8035,-1.1839,10.395423,15.593133,2.799122,29,215,300,5,0.03207536,0.00395337,0.05088190,0E-8,0.000000,0.912219,0.000000,-0.04848366,2026-03-31,2026-08-01,83,4123,1621,124,0.669355,0.205295,0.230786,0.106918,,,,,,,,GLOBAL_BASELINE_NO_ENTITY_RANKING,,,NOT_APPLICABLE_GLOBAL_BASELINE,HF9g-P5,,,,X 全窗基线 · 不参与实体赏罚,15055140,1506,A168_HF9F_20260827_0900,2026-08-27 09:00:00
2026-04-27,92755421,752,0,39.7840295539,36.3333739294,36.3333739294,1.0000000,3,2,0.48512276875038041,0.381345450000,1.4569378035323848,1.8012741603384856,1.4569378035323848,0.10377731875038041,ELIGIBLE,R03b_20260811_FULL_v1,L1_ELIGIBILITY,v2026-08-11,2026-03-21..2026-08-06,baccarat_bet02_101_all_pairs_incl_sentinel,round_win = game_pnl > 0 (decisive only),COMPATIBILITY_ONLY_NOT_PRODUCTION,2500103.8841,2280641.3266,9883.8276,11764,10369,-0.00395337,-0.05088190,-0.00239824,-0.00395337,-9883.8276,2500103.8841,OK,0.0000,395.3531,4.0000,96.0000,AG03-UNRESOLVED,ALL5_LEVELS_bet23_to_bet27,395.3531,395.3531,395.3531,395.3531,395.3531,4.000000,4.000000,4.000000,4.000000,4.000000,96.000000,96.000000,96.000000,96.000000,96.000000,5.0,1976.7655,1824.8244,7907.0621,8059.0032,PENDING_AG03,FALSE,NOT_FOR_ENFORCEMENT,9488.4745,2189415.6736,9883.8276,9488.4745,395.3531,0.00395337,0.00379523,395.3531,9488.4745,0.00379523,395.3531,395.3531,395.3531,395.3531,395.3531,9488.4745,0.00379523,1976.7655,1824.8244,7907.0621,8059.0032,0.00316269,0.00322347,0.00015813,212.5216,219.9480,0.9532,119.0823,2.3972,30121.7335,124.9277,49.0469,238.9093,36.5364,75.9244,374.9013,749.8027,789.266,1183.8989,75.8035,-1.1839,10.395423,15.593133,2.799122,29,215,300,5,0.03207536,0.00395337,0.05088190,0E-8,0.000000,0.912219,0.000000,-0.04848366,2026-03-31,2026-08-01,83,4123,1621,124,0.669355,0.205295,0.230786,0.106918,,,,,,,,GLOBAL_BASELINE_NO_ENTITY_RANKING,,,NOT_APPLICABLE_GLOBAL_BASELINE,HF9g-P5,,,,X 全窗基线 · 不参与实体赏罚,15055141,1506,A168_HF9F_20260827_0900,2026-08-27 09:00:00
2026-04-27,92755421,919,0,37.3482726424,35.4808590103,35.4808590103,1.0000000,2,2,0.50665070000000000,0.506650700000,1.3955260008387969,1.3955260008387969,1.3955260008387969,0E-17,ELIGIBLE,R03b_20260811_FULL_v1,L1_ELIGIBILITY,v2026-08-11,2026-03-21..2026-08-06,baccarat_bet02_101_all_pairs_incl_sentinel,round_win = game_pnl > 0 (decisive only),COMPATIBILITY_ONLY_NOT_PRODUCTION,2500103.8841,2280641.3266,9883.8276,11764,10369,-0.00395337,-0.05088190,-0.00239824,-0.00395337,-9883.8276,2500103.8841,OK,0.0000,395.3531,4.0000,96.0000,AG03-UNRESOLVED,ALL5_LEVELS_bet23_to_bet27,395.3531,395.3531,395.3531,395.3531,395.3531,4.000000,4.000000,4.000000,4.000000,4.000000,96.000000,96.000000,96.000000,96.000000,96.000000,5.0,1976.7655,1824.8244,7907.0621,8059.0032,PENDING_AG03,FALSE,NOT_FOR_ENFORCEMENT,9488.4745,2189415.6736,9883.8276,9488.4745,395.3531,0.00395337,0.00379523,395.3531,9488.4745,0.00379523,395.3531,395.3531,395.3531,395.3531,395.3531,9488.4745,0.00379523,1976.7655,1824.8244,7907.0621,8059.0032,0.00316269,0.00322347,0.00015813,212.5216,219.9480,0.9532,119.0823,2.3972,30121.7335,124.9277,49.0469,238.9093,36.5364,75.9244,374.9013,749.8027,789.266,1183.8989,75.8035,-1.1839,10.395423,15.593133,2.799122,29,215,300,5,0.03207536,0.00395337,0.05088190,0E-8,0.000000,0.912219,0.000000,-0.04848366,2026-03-31,2026-08-01,83,4123,1621,124,0.669355,0.205295,0.230786,0.106918,,,,,,,,GLOBAL_BASELINE_NO_ENTITY_RANKING,,,NOT_APPLICABLE_GLOBAL_BASELINE,HF9g-P5,,,,X 全窗基线 · 不参与实体赏罚,15055142,1506,A168_HF9F_20260827_0900,2026-08-27 09:00:00
2026-04-28,92755421,-1,1,2270.1254414794,-15.3655665162,-15.3655665162,0.5357143,60,58,0.49873632324393290,0.491768606897,0.5534372332475322,0.6578078417303579,0.5534372332475322,0.00696771634693290,SENTINEL_DEALER,R03b_20260811_FULL_v1,L1_ELIGIBILITY,v2026-08-11,2026-03-21..2026-08-06,baccarat_bet02_101_all_pairs_incl_sentinel,round_win = game_pnl > 0 (decisive only),COMPATIBILITY_ONLY_NOT_PRODUCTION,2500103.8841,2280641.3266,9883.8276,11764,10369,-0.00395337,-0.05088190,-0.00239824,-0.00395337,-9883.8276,2500103.8841,OK,0.0000,395.3531,4.0000,96.0000,AG03-UNRESOLVED,ALL5_LEVELS_bet23_to_bet27,395.3531,395.3531,395.3531,395.3531,395.3531,4.000000,4.000000,4.000000,4.000000,4.000000,96.000000,96.000000,96.000000,96.000000,96.000000,5.0,1976.7655,1824.8244,7907.0621,8059.0032,PENDING_AG03,FALSE,NOT_FOR_ENFORCEMENT,9488.4745,2189415.6736,9883.8276,9488.4745,395.3531,0.00395337,0.00379523,395.3531,9488.4745,0.00379523,395.3531,395.3531,395.3531,395.3531,395.3531,9488.4745,0.00379523,1976.7655,1824.8244,7907.0621,8059.0032,0.00316269,0.00322347,0.00015813,212.5216,219.9480,0.9532,119.0823,2.3972,30121.7335,124.9277,49.0469,238.9093,36.5364,75.9244,374.9013,749.8027,789.266,1183.8989,75.8035,-1.1839,10.395423,15.593133,2.799122,29,215,300,5,0.03207536,0.00395337,0.05088190,0E-8,0.000000,0.912219,0.000000,-0.04848366,2026-03-31,2026-08-01,83,4123,1621,124,0.669355,0.205295,0.230786,0.106918,,,,,,,,GLOBAL_BASELINE_NO_ENTITY_RANKING,,,NOT_APPLICABLE_GLOBAL_BASELINE,HF9g-P5,,,,X 全窗基线 · 不参与实体赏罚,15055143,1506,A168_HF9F_20260827_0900,2026-08-27 09:00:00
2026-04-28,92755421,1157,0,40.5959485243,-40.5959485243,-40.5959485243,0E-7,1,1,0.49324550000000000,0.493245500000,-0.9865810262130424,-0.9865810262130424,-0.9865810262130424,0E-17,ELIGIBLE,R03b_20260811_FULL_v1,L1_ELIGIBILITY,v2026-08-11,2026-03-21..2026-08-06,baccarat_bet02_101_all_pairs_incl_sentinel,round_win = game_pnl > 0 (decisive only),COMPATIBILITY_ONLY_NOT_PRODUCTION,2500103.8841,2280641.3266,9883.8276,11764,10369,-0.00395337,-0.05088190,-0.00239824,-0.00395337,-9883.8276,2500103.8841,OK,0.0000,395.3531,4.0000,96.0000,AG03-UNRESOLVED,ALL5_LEVELS_bet23_to_bet27,395.3531,395.3531,395.3531,395.3531,395.3531,4.000000,4.000000,4.000000,4.000000,4.000000,96.000000,96.000000,96.000000,96.000000,96.000000,5.0,1976.7655,1824.8244,7907.0621,8059.0032,PENDING_AG03,FALSE,NOT_FOR_ENFORCEMENT,9488.4745,2189415.6736,9883.8276,9488.4745,395.3531,0.00395337,0.00379523,395.3531,9488.4745,0.00379523,395.3531,395.3531,395.3531,395.3531,395.3531,9488.4745,0.00379523,1976.7655,1824.8244,7907.0621,8059.0032,0.00316269,0.00322347,0.00015813,212.5216,219.9480,0.9532,119.0823,2.3972,30121.7335,124.9277,49.0469,238.9093,36.5364,75.9244,374.9013,749.8027,789.266,1183.8989,75.8035,-1.1839,10.395423,15.593133,2.799122,29,215,300,5,0.03207536,0.00395337,0.05088190,0E-8,0.000000,0.912219,0.000000,-0.04848366,2026-03-31,2026-08-01,83,4123,1621,124,0.669355,0.205295,0.230786,0.106918,,,,,,,,GLOBAL_BASELINE_NO_ENTITY_RANKING,,,NOT_APPLICABLE_GLOBAL_BASELINE,HF9g-P5,,,,X 全窗基线 · 不参与实体赏罚,15055144,1506,A168_HF9F_20260827_0900,2026-08-27 09:00:00
2026-04-28,92755421,1299,0,101.4898713108,-61.9088214995,-61.9088214995,0.3333333,3,3,0.49771390000000000,0.497713900000,-0.5694369385616226,-0.5694369385616226,-0.5694369385616226,0E-17,ELIGIBLE,R03b_20260811_FULL_v1,L1_ELIGIBILITY,v2026-08-11,2026-03-21..2026-08-06,baccarat_bet02_101_all_pairs_incl_sentinel,round_win = game_pnl > 0 (decisive only),COMPATIBILITY_ONLY_NOT_PRODUCTION,2500103.8841,2280641.3266,9883.8276,11764,10369,-0.00395337,-0.05088190,-0.00239824,-0.00395337,-9883.8276,2500103.8841,OK,0.0000,395.3531,4.0000,96.0000,AG03-UNRESOLVED,ALL5_LEVELS_bet23_to_bet27,395.3531,395.3531,395.3531,395.3531,395.3531,4.000000,4.000000,4.000000,4.000000,4.000000,96.000000,96.000000,96.000000,96.000000,96.000000,5.0,1976.7655,1824.8244,7907.0621,8059.0032,PENDING_AG03,FALSE,NOT_FOR_ENFORCEMENT,9488.4745,2189415.6736,9883.8276,9488.4745,395.3531,0.00395337,0.00379523,395.3531,9488.4745,0.00379523,395.3531,395.3531,395.3531,395.3531,395.3531,9488.4745,0.00379523,1976.7655,1824.8244,7907.0621,8059.0032,0.00316269,0.00322347,0.00015813,212.5216,219.9480,0.9532,119.0823,2.3972,30121.7335,124.9277,49.0469,238.9093,36.5364,75.9244,374.9013,749.8027,789.266,1183.8989,75.8035,-1.1839,10.395423,15.593133,2.799122,29,215,300,5,0.03207536,0.00395337,0.05088190,0E-8,0.000000,0.912219,0.000000,-0.04848366,2026-03-31,2026-08-01,83,4123,1621,124,0.669355,0.205295,0.230786,0.106918,,,,,,,,GLOBAL_BASELINE_NO_ENTITY_RANKING,,,NOT_APPLICABLE_GLOBAL_BASELINE,HF9g-P5,,,,X 全窗基线 · 不参与实体赏罚,15055145,1506,A168_HF9F_20260827_0900,2026-08-27 09:00:00
2026-04-28,92755421,1318,0,40.5959485243,-40.5959485243,-40.5959485243,0E-7,1,1,0.50665070000000000,0.506650700000,-1.013391052207602,-1.013391052207602,-1.013391052207602,0E-17,ELIGIBLE,R03b_20260811_FULL_v1,L1_ELIGIBILITY,v2026-08-11,2026-03-21..2026-08-06,baccarat_bet02_101_all_pairs_incl_sentinel,round_win = game_pnl > 0 (decisive only),COMPATIBILITY_ONLY_NOT_PRODUCTION,2500103.8841,2280641.3266,9883.8276,11764,10369,-0.00395337,-0.05088190,-0.00239824,-0.00395337,-9883.8276,2500103.8841,OK,0.0000,395.3531,4.0000,96.0000,AG03-UNRESOLVED,ALL5_LEVELS_bet23_to_bet27,395.3531,395.3531,395.3531,395.3531,395.3531,4.000000,4.000000,4.000000,4.000000,4.000000,96.000000,96.000000,96.000000,96.000000,96.000000,5.0,1976.7655,1824.8244,7907.0621,8059.0032,PENDING_AG03,FALSE,NOT_FOR_ENFORCEMENT,9488.4745,2189415.6736,9883.8276,9488.4745,395.3531,0.00395337,0.00379523,395.3531,9488.4745,0.00379523,395.3531,395.3531,395.3531,395.3531,395.3531,9488.4745,0.00379523,1976.7655,1824.8244,7907.0621,8059.0032,0.00316269,0.00322347,0.00015813,212.5216,219.9480,0.9532,119.0823,2.3972,30121.7335,124.9277,49.0469,238.9093,36.5364,75.9244,374.9013,749.8027,789.266,1183.8989,75.8035,-1.1839,10.395423,15.593133,2.799122,29,215,300,5,0.03207536,0.00395337,0.05088190,0E-8,0.000000,0.912219,0.000000,-0.04848366,2026-03-31,2026-08-01,83,4123,1621,124,0.669355,0.205295,0.230786,0.106918,,,,,,,,GLOBAL_BASELINE_NO_ENTITY_RANKING,,,NOT_APPLICABLE_GLOBAL_BASELINE,HF9g-P5,,,,X 全窗基线 · 不参与实体赏罚,15055146,1506,A168_HF9F_20260827_0900,2026-08-27 09:00:00
2026-04-28,92755421,1325,0,160.3539966710,0E-10,0E-10,0.5000000,4,4,0.50329940000000000,0.503299400000,-0.01319788734859681,-0.01319788734859681,-0.01319788734859681,0E-17,ELIGIBLE,R03b_20260811_FULL_v1,L1_ELIGIBILITY,v2026-08-11,2026-03-21..2026-08-06,baccarat_bet02_101_all_pairs_incl_sentinel,round_win = game_pnl > 0 (decisive only),COMPATIBILITY_ONLY_NOT_PRODUCTION,2500103.8841,2280641.3266,9883.8276,11764,10369,-0.00395337,-0.05088190,-0.00239824,-0.00395337,-9883.8276,2500103.8841,OK,0.0000,395.3531,4.0000,96.0000,AG03-UNRESOLVED,ALL5_LEVELS_bet23_to_bet27,395.3531,395.3531,395.3531,395.3531,395.3531,4.000000,4.000000,4.000000,4.000000,4.000000,96.000000,96.000000,96.000000,96.000000,96.000000,5.0,1976.7655,1824.8244,7907.0621,8059.0032,PENDING_AG03,FALSE,NOT_FOR_ENFORCEMENT,9488.4745,2189415.6736,9883.8276,9488.4745,395.3531,0.00395337,0.00379523,395.3531,9488.4745,0.00379523,395.3531,395.3531,395.3531,395.3531,395.3531,9488.4745,0.00379523,1976.7655,1824.8244,7907.0621,8059.0032,0.00316269,0.00322347,0.00015813,212.5216,219.9480,0.9532,119.0823,2.3972,30121.7335,124.9277,49.0469,238.9093,36.5364,75.9244,374.9013,749.8027,789.266,1183.8989,75.8035,-1.1839,10.395423,15.593133,2.799122,29,215,300,5,0.03207536,0.00395337,0.05088190,0E-8,0.000000,0.912219,0.000000,-0.04848366,2026-03-31,2026-08-01,83,4123,1621,124,0.669355,0.205295,0.230786,0.106918,,,,,,,,GLOBAL_BASELINE_NO_ENTITY_RANKING,,,NOT_APPLICABLE_GLOBAL_BASELINE,HF9g-P5,,,,X 全窗基线 · 不参与实体赏罚,15055147,1506,A168_HF9F_20260827_0900,2026-08-27 09:00:00
2026-04-28,92755421,1353,0,119.7580481467,-40.5959485243,-40.5959485243,0.3333333,3,3,0.50218230000000000,0.502182300000,-0.5849155494134425,-0.5849155494134426,-0.5849155494134425,0E-17,ELIGIBLE,R03b_20260811_FULL_v1,L1_ELIGIBILITY,v2026-08-11,2026-03-21..2026-08-06,baccarat_bet02_101_all_pairs_incl_sentinel,round_win = game_pnl > 0 (decisive only),COMPATIBILITY_ONLY_NOT_PRODUCTION,2500103.8841,2280641.3266,9883.8276,11764,10369,-0.00395337,-0.05088190,-0.00239824,-0.00395337,-9883.8276,2500103.8841,OK,0.0000,395.3531,4.0000,96.0000,AG03-UNRESOLVED,ALL5_LEVELS_bet23_to_bet27,395.3531,395.3531,395.3531,395.3531,395.3531,4.000000,4.000000,4.000000,4.000000,4.000000,96.000000,96.000000,96.000000,96.000000,96.000000,5.0,1976.7655,1824.8244,7907.0621,8059.0032,PENDING_AG03,FALSE,NOT_FOR_ENFORCEMENT,9488.4745,2189415.6736,9883.8276,9488.4745,395.3531,0.00395337,0.00379523,395.3531,9488.4745,0.00379523,395.3531,395.3531,395.3531,395.3531,395.3531,9488.4745,0.00379523,1976.7655,1824.8244,7907.0621,8059.0032,0.00316269,0.00322347,0.00015813,212.5216,219.9480,0.9532,119.0823,2.3972,30121.7335,124.9277,49.0469,238.9093,36.5364,75.9244,374.9013,749.8027,789.266,1183.8989,75.8035,-1.1839,10.395423,15.593133,2.799122,29,215,300,5,0.03207536,0.00395337,0.05088190,0E-8,0.000000,0.912219,0.000000,-0.04848366,2026-03-31,2026-08-01,83,4123,1621,124,0.669355,0.205295,0.230786,0.106918,,,,,,,,GLOBAL_BASELINE_NO_ENTITY_RANKING,,,NOT_APPLICABLE_GLOBAL_BASELINE,HF9g-P5,,,,X 全窗基线 · 不参与实体赏罚,15055148,1506,A168_HF9F_20260827_0900,2026-08-27 09:00:00
2026-04-28,92755421,1507,0,117.7282507205,0E-10,0E-10,0.5000000,3,3,0.50665070000000000,0.506650700000,-0.018812684590367487,-0.018812684590367487,-0.018812684590367487,0E-17,ELIGIBLE,R03b_20260811_FULL_v1,L1_ELIGIBILITY,v2026-08-11,2026-03-21..2026-08-06,baccarat_bet02_101_all_pairs_incl_sentinel,round_win = game_pnl > 0 (decisive only),COMPATIBILITY_ONLY_NOT_PRODUCTION,2500103.8841,2280641.3266,9883.8276,11764,10369,-0.00395337,-0.05088190,-0.00239824,-0.00395337,-9883.8276,2500103.8841,OK,0.0000,395.3531,4.0000,96.0000,AG03-UNRESOLVED,ALL5_LEVELS_bet23_to_bet27,395.3531,395.3531,395.3531,395.3531,395.3531,4.000000,4.000000,4.000000,4.000000,4.000000,96.000000,96.000000,96.000000,96.000000,96.000000,5.0,1976.7655,1824.8244,7907.0621,8059.0032,PENDING_AG03,FALSE,NOT_FOR_ENFORCEMENT,9488.4745,2189415.6736,9883.8276,9488.4745,395.3531,0.00395337,0.00379523,395.3531,9488.4745,0.00379523,395.3531,395.3531,395.3531,395.3531,395.3531,9488.4745,0.00379523,1976.7655,1824.8244,7907.0621,8059.0032,0.00316269,0.00322347,0.00015813,212.5216,219.9480,0.9532,119.0823,2.3972,30121.7335,124.9277,49.0469,238.9093,36.5364,75.9244,374.9013,749.8027,789.266,1183.8989,75.8035,-1.1839,10.395423,15.593133,2.799122,29,215,300,5,0.03207536,0.00395337,0.05088190,0E-8,0.000000,0.912219,0.000000,-0.04848366,2026-03-31,2026-08-01,83,4123,1621,124,0.669355,0.205295,0.230786,0.106918,,,,,,,,GLOBAL_BASELINE_NO_ENTITY_RANKING,,,NOT_APPLICABLE_GLOBAL_BASELINE,HF9g-P5,,,,X 全窗基线 · 不参与实体赏罚,15055149,1506,A168_HF9F_20260827_0900,2026-08-27 09:00:00
2026-04-28,92755421,1645,0,36.5363536719,-4.0595948525,-4.0595948525,0.5000000,2,2,0.49994810000000000,0.499948100000,0.00014679536856514622,0.00014679536856514622,0.00014679536856514622,0E-17,ELIGIBLE,R03b_20260811_FULL_v1,L1_ELIGIBILITY,v2026-08-11,2026-03-21..2026-08-06,baccarat_bet02_101_all_pairs_incl_sentinel,round_win = game_pnl > 0 (decisive only),COMPATIBILITY_ONLY_NOT_PRODUCTION,2500103.8841,2280641.3266,9883.8276,11764,10369,-0.00395337,-0.05088190,-0.00239824,-0.00395337,-9883.8276,2500103.8841,OK,0.0000,395.3531,4.0000,96.0000,AG03-UNRESOLVED,ALL5_LEVELS_bet23_to_bet27,395.3531,395.3531,395.3531,395.3531,395.3531,4.000000,4.000000,4.000000,4.000000,4.000000,96.000000,96.000000,96.000000,96.000000,96.000000,5.0,1976.7655,1824.8244,7907.0621,8059.0032,PENDING_AG03,FALSE,NOT_FOR_ENFORCEMENT,9488.4745,2189415.6736,9883.8276,9488.4745,395.3531,0.00395337,0.00379523,395.3531,9488.4745,0.00379523,395.3531,395.3531,395.3531,395.3531,395.3531,9488.4745,0.00379523,1976.7655,1824.8244,7907.0621,8059.0032,0.00316269,0.00322347,0.00015813,212.5216,219.9480,0.9532,119.0823,2.3972,30121.7335,124.9277,49.0469,238.9093,36.5364,75.9244,374.9013,749.8027,789.266,1183.8989,75.8035,-1.1839,10.395423,15.593133,2.799122,29,215,300,5,0.03207536,0.00395337,0.05088190,0E-8,0.000000,0.912219,0.000000,-0.04848366,2026-03-31,2026-08-01,83,4123,1621,124,0.669355,0.205295,0.230786,0.106918,,,,,,,,GLOBAL_BASELINE_NO_ENTITY_RANKING,,,NOT_APPLICABLE_GLOBAL_BASELINE,HF9g-P5,,,,X 全窗基线 · 不参与实体赏罚,15055150,1506,A168_HF9F_20260827_0900,2026-08-27 09:00:00
2026-04-28,92755421,1750,0,40.5959485243,-40.5959485243,-40.5959485243,0E-7,1,1,0.50665070000000000,0.506650700000,-1.013391052207602,-1.013391052207602,-1.013391052207602,0E-17,ELIGIBLE,R03b_20260811_FULL_v1,L1_ELIGIBILITY,v2026-08-11,2026-03-21..2026-08-06,baccarat_bet02_101_all_pairs_incl_sentinel,round_win = game_pnl > 0 (decisive only),COMPATIBILITY_ONLY_NOT_PRODUCTION,2500103.8841,2280641.3266,9883.8276,11764,10369,-0.00395337,-0.05088190,-0.00239824,-0.00395337,-9883.8276,2500103.8841,OK,0.0000,395.3531,4.0000,96.0000,AG03-UNRESOLVED,ALL5_LEVELS_bet23_to_bet27,395.3531,395.3531,395.3531,395.3531,395.3531,4.000000,4.000000,4.000000,4.000000,4.000000,96.000000,96.000000,96.000000,96.000000,96.000000,5.0,1976.7655,1824.8244,7907.0621,8059.0032,PENDING_AG03,FALSE,NOT_FOR_ENFORCEMENT,9488.4745,2189415.6736,9883.8276,9488.4745,395.3531,0.00395337,0.00379523,395.3531,9488.4745,0.00379523,395.3531,395.3531,395.3531,395.3531,395.3531,9488.4745,0.00379523,1976.7655,1824.8244,7907.0621,8059.0032,0.00316269,0.00322347,0.00015813,212.5216,219.9480,0.9532,119.0823,2.3972,30121.7335,124.9277,49.0469,238.9093,36.5364,75.9244,374.9013,749.8027,789.266,1183.8989,75.8035,-1.1839,10.395423,15.593133,2.799122,29,215,300,5,0.03207536,0.00395337,0.05088190,0E-8,0.000000,0.912219,0.000000,-0.04848366,2026-03-31,2026-08-01,83,4123,1621,124,0.669355,0.205295,0.230786,0.106918,,,,,,,,GLOBAL_BASELINE_NO_ENTITY_RANKING,,,NOT_APPLICABLE_GLOBAL_BASELINE,HF9g-P5,,,,X 全窗基线 · 不参与实体赏罚,15055151,1506,A168_HF9F_20260827_0900,2026-08-27 09:00:00
2026-04-28,92755421,1940,0,40.5959485243,-40.5959485243,-40.5959485243,0E-7,1,1,0.49324550000000000,0.493245500000,-0.9865810262130424,-0.9865810262130424,-0.9865810262130424,0E-17,ELIGIBLE,R03b_20260811_FULL_v1,L1_ELIGIBILITY,v2026-08-11,2026-03-21..2026-08-06,baccarat_bet02_101_all_pairs_incl_sentinel,round_win = game_pnl > 0 (decisive only),COMPATIBILITY_ONLY_NOT_PRODUCTION,2500103.8841,2280641.3266,9883.8276,11764,10369,-0.00395337,-0.05088190,-0.00239824,-0.00395337,-9883.8276,2500103.8841,OK,0.0000,395.3531,4.0000,96.0000,AG03-UNRESOLVED,ALL5_LEVELS_bet23_to_bet27,395.3531,395.3531,395.3531,395.3531,395.3531,4.000000,4.000000,4.000000,4.000000,4.000000,96.000000,96.000000,96.000000,96.000000,96.000000,5.0,1976.7655,1824.8244,7907.0621,8059.0032,PENDING_AG03,FALSE,NOT_FOR_ENFORCEMENT,9488.4745,2189415.6736,9883.8276,9488.4745,395.3531,0.00395337,0.00379523,395.3531,9488.4745,0.00379523,395.3531,395.3531,395.3531,395.3531,395.3531,9488.4745,0.00379523,1976.7655,1824.8244,7907.0621,8059.0032,0.00316269,0.00322347,0.00015813,212.5216,219.9480,0.9532,119.0823,2.3972,30121.7335,124.9277,49.0469,238.9093,36.5364,75.9244,374.9013,749.8027,789.266,1183.8989,75.8035,-1.1839,10.395423,15.593133,2.799122,29,215,300,5,0.03207536,0.00395337,0.05088190,0E-8,0.000000,0.912219,0.000000,-0.04848366,2026-03-31,2026-08-01,83,4123,1621,124,0.669355,0.205295,0.230786,0.106918,,,,,,,,GLOBAL_BASELINE_NO_ENTITY_RANKING,,,NOT_APPLICABLE_GLOBAL_BASELINE,HF9g-P5,,,,X 全窗基线 · 不参与实体赏罚,15055152,1506,A168_HF9F_20260827_0900,2026-08-27 09:00:00
2026-04-28,92755421,1941,0,121.7878455729,0E-10,0E-10,0.5000000,3,3,0.49324550000000000,0.493245500000,0.01910635448239258,0.01910635448239258,0.01910635448239258,0E-17,ELIGIBLE,R03b_20260811_FULL_v1,L1_ELIGIBILITY,v2026-08-11,2026-03-21..2026-08-06,baccarat_bet02_101_all_pairs_incl_sentinel,round_win = game_pnl > 0 (decisive only),COMPATIBILITY_ONLY_NOT_PRODUCTION,2500103.8841,2280641.3266,9883.8276,11764,10369,-0.00395337,-0.05088190,-0.00239824,-0.00395337,-9883.8276,2500103.8841,OK,0.0000,395.3531,4.0000,96.0000,AG03-UNRESOLVED,ALL5_LEVELS_bet23_to_bet27,395.3531,395.3531,395.3531,395.3531,395.3531,4.000000,4.000000,4.000000,4.000000,4.000000,96.000000,96.000000,96.000000,96.000000,96.000000,5.0,1976.7655,1824.8244,7907.0621,8059.0032,PENDING_AG03,FALSE,NOT_FOR_ENFORCEMENT,9488.4745,2189415.6736,9883.8276,9488.4745,395.3531,0.00395337,0.00379523,395.3531,9488.4745,0.00379523,395.3531,395.3531,395.3531,395.3531,395.3531,9488.4745,0.00379523,1976.7655,1824.8244,7907.0621,8059.0032,0.00316269,0.00322347,0.00015813,212.5216,219.9480,0.9532,119.0823,2.3972,30121.7335,124.9277,49.0469,238.9093,36.5364,75.9244,374.9013,749.8027,789.266,1183.8989,75.8035,-1.1839,10.395423,15.593133,2.799122,29,215,300,5,0.03207536,0.00395337,0.05088190,0E-8,0.000000,0.912219,0.000000,-0.04848366,2026-03-31,2026-08-01,83,4123,1621,124,0.669355,0.205295,0.230786,0.106918,,,,,,,,GLOBAL_BASELINE_NO_ENTITY_RANKING,,,NOT_APPLICABLE_GLOBAL_BASELINE,HF9g-P5,,,,X 全窗基线 · 不参与实体赏罚,15055153,1506,A168_HF9F_20260827_0900,2026-08-27 09:00:00
2026-04-28,92755421,1947,0,80.3799780782,76.7263427110,76.7263427110,1.0000000,3,2,0.49516559215678190,0.377994150000,1.4279540810642966,1.8141353799753386,1.4279540810642966,0.11717144215678190,ELIGIBLE,R03b_20260811_FULL_v1,L1_ELIGIBILITY,v2026-08-11,2026-03-21..2026-08-06,baccarat_bet02_101_all_pairs_incl_sentinel,round_win = game_pnl > 0 (decisive only),COMPATIBILITY_ONLY_NOT_PRODUCTION,2500103.8841,2280641.3266,9883.8276,11764,10369,-0.00395337,-0.05088190,-0.00239824,-0.00395337,-9883.8276,2500103.8841,OK,0.0000,395.3531,4.0000,96.0000,AG03-UNRESOLVED,ALL5_LEVELS_bet23_to_bet27,395.3531,395.3531,395.3531,395.3531,395.3531,4.000000,4.000000,4.000000,4.000000,4.000000,96.000000,96.000000,96.000000,96.000000,96.000000,5.0,1976.7655,1824.8244,7907.0621,8059.0032,PENDING_AG03,FALSE,NOT_FOR_ENFORCEMENT,9488.4745,2189415.6736,9883.8276,9488.4745,395.3531,0.00395337,0.00379523,395.3531,9488.4745,0.00379523,395.3531,395.3531,395.3531,395.3531,395.3531,9488.4745,0.00379523,1976.7655,1824.8244,7907.0621,8059.0032,0.00316269,0.00322347,0.00015813,212.5216,219.9480,0.9532,119.0823,2.3972,30121.7335,124.9277,49.0469,238.9093,36.5364,75.9244,374.9013,749.8027,789.266,1183.8989,75.8035,-1.1839,10.395423,15.593133,2.799122,29,215,300,5,0.03207536,0.00395337,0.05088190,0E-8,0.000000,0.912219,0.000000,-0.04848366,2026-03-31,2026-08-01,83,4123,1621,124,0.669355,0.205295,0.230786,0.106918,,,,,,,,GLOBAL_BASELINE_NO_ENTITY_RANKING,,,NOT_APPLICABLE_GLOBAL_BASELINE,HF9g-P5,,,,X 全窗基线 · 不参与实体赏罚,15055154,1506,A168_HF9F_20260827_0900,2026-08-27 09:00:00
2026-04-28,92755421,2103,0,119.3520886615,-40.1899890391,-40.1899890391,0.3333333,3,3,0.49771390000000000,0.497713900000,-0.5694369385616226,-0.5694369385616226,-0.5694369385616226,0E-17,ELIGIBLE,R03b_20260811_FULL_v1,L1_ELIGIBILITY,v2026-08-11,2026-03-21..2026-08-06,baccarat_bet02_101_all_pairs_incl_sentinel,round_win = game_pnl > 0 (decisive only),COMPATIBILITY_ONLY_NOT_PRODUCTION,2500103.8841,2280641.3266,9883.8276,11764,10369,-0.00395337,-0.05088190,-0.00239824,-0.00395337,-9883.8276,2500103.8841,OK,0.0000,395.3531,4.0000,96.0000,AG03-UNRESOLVED,ALL5_LEVELS_bet23_to_bet27,395.3531,395.3531,395.3531,395.3531,395.3531,4.000000,4.000000,4.000000,4.000000,4.000000,96.000000,96.000000,96.000000,96.000000,96.000000,5.0,1976.7655,1824.8244,7907.0621,8059.0032,PENDING_AG03,FALSE,NOT_FOR_ENFORCEMENT,9488.4745,2189415.6736,9883.8276,9488.4745,395.3531,0.00395337,0.00379523,395.3531,9488.4745,0.00379523,395.3531,395.3531,395.3531,395.3531,395.3531,9488.4745,0.00379523,1976.7655,1824.8244,7907.0621,8059.0032,0.00316269,0.00322347,0.00015813,212.5216,219.9480,0.9532,119.0823,2.3972,30121.7335,124.9277,49.0469,238.9093,36.5364,75.9244,374.9013,749.8027,789.266,1183.8989,75.8035,-1.1839,10.395423,15.593133,2.799122,29,215,300,5,0.03207536,0.00395337,0.05088190,0E-8,0.000000,0.912219,0.000000,-0.04848366,2026-03-31,2026-08-01,83,4123,1621,124,0.669355,0.205295,0.230786,0.106918,,,,,,,,GLOBAL_BASELINE_NO_ENTITY_RANKING,,,NOT_APPLICABLE_GLOBAL_BASELINE,HF9g-P5,,,,X 全窗基线 · 不参与实体赏罚,15055155,1506,A168_HF9F_20260827_0900,2026-08-27 09:00:00
2026-04-28,92755421,2117,0,274.0226525391,150.4079892826,150.4079892826,0.8333333,7,7,0.50282064285714286,0.502820642857,1.6192006553726281,1.6192006553733256,1.6192006553726281,1.4286E-13,ELIGIBLE,R03b_20260811_FULL_v1,L1_ELIGIBILITY,v2026-08-11,2026-03-21..2026-08-06,baccarat_bet02_101_all_pairs_incl_sentinel,round_win = game_pnl > 0 (decisive only),COMPATIBILITY_ONLY_NOT_PRODUCTION,2500103.8841,2280641.3266,9883.8276,11764,10369,-0.00395337,-0.05088190,-0.00239824,-0.00395337,-9883.8276,2500103.8841,OK,0.0000,395.3531,4.0000,96.0000,AG03-UNRESOLVED,ALL5_LEVELS_bet23_to_bet27,395.3531,395.3531,395.3531,395.3531,395.3531,4.000000,4.000000,4.000000,4.000000,4.000000,96.000000,96.000000,96.000000,96.000000,96.000000,5.0,1976.7655,1824.8244,7907.0621,8059.0032,PENDING_AG03,FALSE,NOT_FOR_ENFORCEMENT,9488.4745,2189415.6736,9883.8276,9488.4745,395.3531,0.00395337,0.00379523,395.3531,9488.4745,0.00379523,395.3531,395.3531,395.3531,395.3531,395.3531,9488.4745,0.00379523,1976.7655,1824.8244,7907.0621,8059.0032,0.00316269,0.00322347,0.00015813,212.5216,219.9480,0.9532,119.0823,2.3972,30121.7335,124.9277,49.0469,238.9093,36.5364,75.9244,374.9013,749.8027,789.266,1183.8989,75.8035,-1.1839,10.395423,15.593133,2.799122,29,215,300,5,0.03207536,0.00395337,0.05088190,0E-8,0.000000,0.912219,0.000000,-0.04848366,2026-03-31,2026-08-01,83,4123,1621,124,0.669355,0.205295,0.230786,0.106918,,,,,,,,GLOBAL_BASELINE_NO_ENTITY_RANKING,,,NOT_APPLICABLE_GLOBAL_BASELINE,HF9g-P5,,,,X 全窗基线 · 不参与实体赏罚,15055156,1506,A168_HF9F_20260827_0900,2026-08-27 09:00:00
2026-04-28,92755421,2130,0,40.5959485243,-40.5959485243,-40.5959485243,0E-7,1,1,0.49324550000000000,0.493245500000,-0.9865810262130424,-0.9865810262130424,-0.9865810262130424,0E-17,ELIGIBLE,R03b_20260811_FULL_v1,L1_ELIGIBILITY,v2026-08-11,2026-03-21..2026-08-06,baccarat_bet02_101_all_pairs_incl_sentinel,round_win = game_pnl > 0 (decisive only),COMPATIBILITY_ONLY_NOT_PRODUCTION,2500103.8841,2280641.3266,9883.8276,11764,10369,-0.00395337,-0.05088190,-0.00239824,-0.00395337,-9883.8276,2500103.8841,OK,0.0000,395.3531,4.0000,96.0000,AG03-UNRESOLVED,ALL5_LEVELS_bet23_to_bet27,395.3531,395.3531,395.3531,395.3531,395.3531,4.000000,4.000000,4.000000,4.000000,4.000000,96.000000,96.000000,96.000000,96.000000,96.000000,5.0,1976.7655,1824.8244,7907.0621,8059.0032,PENDING_AG03,FALSE,NOT_FOR_ENFORCEMENT,9488.4745,2189415.6736,9883.8276,9488.4745,395.3531,0.00395337,0.00379523,395.3531,9488.4745,0.00379523,395.3531,395.3531,395.3531,395.3531,395.3531,9488.4745,0.00379523,1976.7655,1824.8244,7907.0621,8059.0032,0.00316269,0.00322347,0.00015813,212.5216,219.9480,0.9532,119.0823,2.3972,30121.7335,124.9277,49.0469,238.9093,36.5364,75.9244,374.9013,749.8027,789.266,1183.8989,75.8035,-1.1839,10.395423,15.593133,2.799122,29,215,300,5,0.03207536,0.00395337,0.05088190,0E-8,0.000000,0.912219,0.000000,-0.04848366,2026-03-31,2026-08-01,83,4123,1621,124,0.669355,0.205295,0.230786,0.106918,,,,,,,,GLOBAL_BASELINE_NO_ENTITY_RANKING,,,NOT_APPLICABLE_GLOBAL_BASELINE,HF9g-P5,,,,X 全窗基线 · 不参与实体赏罚,15055157,1506,A168_HF9F_20260827_0900,2026-08-27 09:00:00
2026-04-28,92755421,2156,0,35.7244347014,-11.9758048147,-11.9758048147,0.5000000,3,2,0.46723012758665850,0.381345450000,0.09288690661140724,0.3454745057990616,0.09288690661140724,0.08588467758665850,ELIGIBLE,R03b_20260811_FULL_v1,L1_ELIGIBILITY,v2026-08-11,2026-03-21..2026-08-06,baccarat_bet02_101_all_pairs_incl_sentinel,round_win = game_pnl > 0 (decisive only),COMPATIBILITY_ONLY_NOT_PRODUCTION,2500103.8841,2280641.3266,9883.8276,11764,10369,-0.00395337,-0.05088190,-0.00239824,-0.00395337,-9883.8276,2500103.8841,OK,0.0000,395.3531,4.0000,96.0000,AG03-UNRESOLVED,ALL5_LEVELS_bet23_to_bet27,395.3531,395.3531,395.3531,395.3531,395.3531,4.000000,4.000000,4.000000,4.000000,4.000000,96.000000,96.000000,96.000000,96.000000,96.000000,5.0,1976.7655,1824.8244,7907.0621,8059.0032,PENDING_AG03,FALSE,NOT_FOR_ENFORCEMENT,9488.4745,2189415.6736,9883.8276,9488.4745,395.3531,0.00395337,0.00379523,395.3531,9488.4745,0.00379523,395.3531,395.3531,395.3531,395.3531,395.3531,9488.4745,0.00379523,1976.7655,1824.8244,7907.0621,8059.0032,0.00316269,0.00322347,0.00015813,212.5216,219.9480,0.9532,119.0823,2.3972,30121.7335,124.9277,49.0469,238.9093,36.5364,75.9244,374.9013,749.8027,789.266,1183.8989,75.8035,-1.1839,10.395423,15.593133,2.799122,29,215,300,5,0.03207536,0.00395337,0.05088190,0E-8,0.000000,0.912219,0.000000,-0.04848366,2026-03-31,2026-08-01,83,4123,1621,124,0.669355,0.205295,0.230786,0.106918,,,,,,,,GLOBAL_BASELINE_NO_ENTITY_RANKING,,,NOT_APPLICABLE_GLOBAL_BASELINE,HF9g-P5,,,,X 全窗基线 · 不参与实体赏罚,15055158,1506,A168_HF9F_20260827_0900,2026-08-27 09:00:00
2026-04-28,92755421,2176,0,40.5959485243,-40.5959485243,-40.5959485243,0E-7,1,1,0.49324550000000000,0.493245500000,-0.9865810262130424,-0.9865810262130424,-0.9865810262130424,0E-17,ELIGIBLE,R03b_20260811_FULL_v1,L1_ELIGIBILITY,v2026-08-11,2026-03-21..2026-08-06,baccarat_bet02_101_all_pairs_incl_sentinel,round_win = game_pnl > 0 (decisive only),COMPATIBILITY_ONLY_NOT_PRODUCTION,2500103.8841,2280641.3266,9883.8276,11764,10369,-0.00395337,-0.05088190,-0.00239824,-0.00395337,-9883.8276,2500103.8841,OK,0.0000,395.3531,4.0000,96.0000,AG03-UNRESOLVED,ALL5_LEVELS_bet23_to_bet27,395.3531,395.3531,395.3531,395.3531,395.3531,4.000000,4.000000,4.000000,4.000000,4.000000,96.000000,96.000000,96.000000,96.000000,96.000000,5.0,1976.7655,1824.8244,7907.0621,8059.0032,PENDING_AG03,FALSE,NOT_FOR_ENFORCEMENT,9488.4745,2189415.6736,9883.8276,9488.4745,395.3531,0.00395337,0.00379523,395.3531,9488.4745,0.00379523,395.3531,395.3531,395.3531,395.3531,395.3531,9488.4745,0.00379523,1976.7655,1824.8244,7907.0621,8059.0032,0.00316269,0.00322347,0.00015813,212.5216,219.9480,0.9532,119.0823,2.3972,30121.7335,124.9277,49.0469,238.9093,36.5364,75.9244,374.9013,749.8027,789.266,1183.8989,75.8035,-1.1839,10.395423,15.593133,2.799122,29,215,300,5,0.03207536,0.00395337,0.05088190,0E-8,0.000000,0.912219,0.000000,-0.04848366,2026-03-31,2026-08-01,83,4123,1621,124,0.669355,0.205295,0.230786,0.106918,,,,,,,,GLOBAL_BASELINE_NO_ENTITY_RANKING,,,NOT_APPLICABLE_GLOBAL_BASELINE,HF9g-P5,,,,X 全窗基线 · 不参与实体赏罚,15055159,1506,A168_HF9F_20260827_0900,2026-08-27 09:00:00
2026-04-28,92755421,2209,0,392.5628222303,-32.8827183046,-32.8827183046,0.5000000,12,8,0.47504808261116711,0.379669800000,0.14132544754743545,0.701302105703962,0.14132544754743545,0.09537828261116711,ELIGIBLE,R03b_20260811_FULL_v1,L1_ELIGIBILITY,v2026-08-11,2026-03-21..2026-08-06,baccarat_bet02_101_all_pairs_incl_sentinel,round_win = game_pnl > 0 (decisive only),COMPATIBILITY_ONLY_NOT_PRODUCTION,2500103.8841,2280641.3266,9883.8276,11764,10369,-0.00395337,-0.05088190,-0.00239824,-0.00395337,-9883.8276,2500103.8841,OK,0.0000,395.3531,4.0000,96.0000,AG03-UNRESOLVED,ALL5_LEVELS_bet23_to_bet27,395.3531,395.3531,395.3531,395.3531,395.3531,4.000000,4.000000,4.000000,4.000000,4.000000,96.000000,96.000000,96.000000,96.000000,96.000000,5.0,1976.7655,1824.8244,7907.0621,8059.0032,PENDING_AG03,FALSE,NOT_FOR_ENFORCEMENT,9488.4745,2189415.6736,9883.8276,9488.4745,395.3531,0.00395337,0.00379523,395.3531,9488.4745,0.00379523,395.3531,395.3531,395.3531,395.3531,395.3531,9488.4745,0.00379523,1976.7655,1824.8244,7907.0621,8059.0032,0.00316269,0.00322347,0.00015813,212.5216,219.9480,0.9532,119.0823,2.3972,30121.7335,124.9277,49.0469,238.9093,36.5364,75.9244,374.9013,749.8027,789.266,1183.8989,75.8035,-1.1839,10.395423,15.593133,2.799122,29,215,300,5,0.03207536,0.00395337,0.05088190,0E-8,0.000000,0.912219,0.000000,-0.04848366,2026-03-31,2026-08-01,83,4123,1621,124,0.669355,0.205295,0.230786,0.106918,,,,,,,,GLOBAL_BASELINE_NO_ENTITY_RANKING,,,NOT_APPLICABLE_GLOBAL_BASELINE,HF9g-P5,,,,X 全窗基线 · 不参与实体赏罚,15055160,1506,A168_HF9F_20260827_0900,2026-08-27 09:00:00
2026-04-28,92755421,2222,0,254.5365972475,-25.1694880850,-25.1694880850,0.4285714,8,7,0.49943228944097012,0.467019142857,-0.37496067279369727,-0.20389022233592544,-0.37496067279369727,0.03241314658397012,ELIGIBLE,R03b_20260811_FULL_v1,L1_ELIGIBILITY,v2026-08-11,2026-03-21..2026-08-06,baccarat_bet02_101_all_pairs_incl_sentinel,round_win = game_pnl > 0 (decisive only),COMPATIBILITY_ONLY_NOT_PRODUCTION,2500103.8841,2280641.3266,9883.8276,11764,10369,-0.00395337,-0.05088190,-0.00239824,-0.00395337,-9883.8276,2500103.8841,OK,0.0000,395.3531,4.0000,96.0000,AG03-UNRESOLVED,ALL5_LEVELS_bet23_to_bet27,395.3531,395.3531,395.3531,395.3531,395.3531,4.000000,4.000000,4.000000,4.000000,4.000000,96.000000,96.000000,96.000000,96.000000,96.000000,5.0,1976.7655,1824.8244,7907.0621,8059.0032,PENDING_AG03,FALSE,NOT_FOR_ENFORCEMENT,9488.4745,2189415.6736,9883.8276,9488.4745,395.3531,0.00395337,0.00379523,395.3531,9488.4745,0.00379523,395.3531,395.3531,395.3531,395.3531,395.3531,9488.4745,0.00379523,1976.7655,1824.8244,7907.0621,8059.0032,0.00316269,0.00322347,0.00015813,212.5216,219.9480,0.9532,119.0823,2.3972,30121.7335,124.9277,49.0469,238.9093,36.5364,75.9244,374.9013,749.8027,789.266,1183.8989,75.8035,-1.1839,10.395423,15.593133,2.799122,29,215,300,5,0.03207536,0.00395337,0.05088190,0E-8,0.000000,0.912219,0.000000,-0.04848366,2026-03-31,2026-08-01,83,4123,1621,124,0.669355,0.205295,0.230786,0.106918,,,,,,,,GLOBAL_BASELINE_NO_ENTITY_RANKING,,,NOT_APPLICABLE_GLOBAL_BASELINE,HF9g-P5,,,,X 全窗基线 · 不参与实体赏罚,15055161,1506,A168_HF9F_20260827_0900,2026-08-27 09:00:00
2026-04-28,92755421,2233,0,79.1620996224,0E-10,0E-10,0.5000000,2,2,0.49994810000000000,0.499948100000,0.00014679536856514622,0.00014679536856514622,0.00014679536856514622,0E-17,ELIGIBLE,R03b_20260811_FULL_v1,L1_ELIGIBILITY,v2026-08-11,2026-03-21..2026-08-06,baccarat_bet02_101_all_pairs_incl_sentinel,round_win = game_pnl > 0 (decisive only),COMPATIBILITY_ONLY_NOT_PRODUCTION,2500103.8841,2280641.3266,9883.8276,11764,10369,-0.00395337,-0.05088190,-0.00239824,-0.00395337,-9883.8276,2500103.8841,OK,0.0000,395.3531,4.0000,96.0000,AG03-UNRESOLVED,ALL5_LEVELS_bet23_to_bet27,395.3531,395.3531,395.3531,395.3531,395.3531,4.000000,4.000000,4.000000,4.000000,4.000000,96.000000,96.000000,96.000000,96.000000,96.000000,5.0,1976.7655,1824.8244,7907.0621,8059.0032,PENDING_AG03,FALSE,NOT_FOR_ENFORCEMENT,9488.4745,2189415.6736,9883.8276,9488.4745,395.3531,0.00395337,0.00379523,395.3531,9488.4745,0.00379523,395.3531,395.3531,395.3531,395.3531,395.3531,9488.4745,0.00379523,1976.7655,1824.8244,7907.0621,8059.0032,0.00316269,0.00322347,0.00015813,212.5216,219.9480,0.9532,119.0823,2.3972,30121.7335,124.9277,49.0469,238.9093,36.5364,75.9244,374.9013,749.8027,789.266,1183.8989,75.8035,-1.1839,10.395423,15.593133,2.799122,29,215,300,5,0.03207536,0.00395337,0.05088190,0E-8,0.000000,0.912219,0.000000,-0.04848366,2026-03-31,2026-08-01,83,4123,1621,124,0.669355,0.205295,0.230786,0.106918,,,,,,,,GLOBAL_BASELINE_NO_ENTITY_RANKING,,,NOT_APPLICABLE_GLOBAL_BASELINE,HF9g-P5,,,,X 全窗基线 · 不参与实体赏罚,15055162,1506,A168_HF9F_20260827_0900,2026-08-27 09:00:00
2026-04-28,92755421,2235,0,81.1918970486,0E-10,0E-10,0.5000000,2,2,0.49994810000000000,0.499948100000,0.00014679536856514622,0.00014679536856514622,0.00014679536856514622,0E-17,ELIGIBLE,R03b_20260811_FULL_v1,L1_ELIGIBILITY,v2026-08-11,2026-03-21..2026-08-06,baccarat_bet02_101_all_pairs_incl_sentinel,round_win = game_pnl > 0 (decisive only),COMPATIBILITY_ONLY_NOT_PRODUCTION,2500103.8841,2280641.3266,9883.8276,11764,10369,-0.00395337,-0.05088190,-0.00239824,-0.00395337,-9883.8276,2500103.8841,OK,0.0000,395.3531,4.0000,96.0000,AG03-UNRESOLVED,ALL5_LEVELS_bet23_to_bet27,395.3531,395.3531,395.3531,395.3531,395.3531,4.000000,4.000000,4.000000,4.000000,4.000000,96.000000,96.000000,96.000000,96.000000,96.000000,5.0,1976.7655,1824.8244,7907.0621,8059.0032,PENDING_AG03,FALSE,NOT_FOR_ENFORCEMENT,9488.4745,2189415.6736,9883.8276,9488.4745,395.3531,0.00395337,0.00379523,395.3531,9488.4745,0.00379523,395.3531,395.3531,395.3531,395.3531,395.3531,9488.4745,0.00379523,1976.7655,1824.8244,7907.0621,8059.0032,0.00316269,0.00322347,0.00015813,212.5216,219.9480,0.9532,119.0823,2.3972,30121.7335,124.9277,49.0469,238.9093,36.5364,75.9244,374.9013,749.8027,789.266,1183.8989,75.8035,-1.1839,10.395423,15.593133,2.799122,29,215,300,5,0.03207536,0.00395337,0.05088190,0E-8,0.000000,0.912219,0.000000,-0.04848366,2026-03-31,2026-08-01,83,4123,1621,124,0.669355,0.205295,0.230786,0.106918,,,,,,,,GLOBAL_BASELINE_NO_ENTITY_RANKING,,,NOT_APPLICABLE_GLOBAL_BASELINE,HF9g-P5,,,,X 全窗基线 · 不参与实体赏罚,15055163,1506,A168_HF9F_20260827_0900,2026-08-27 09:00:00
2026-04-28,92755421,2239,0,30.4469613933,28.9246133236,28.9246133236,1.0000000,1,1,0.50665070000000000,0.506650700000,0.9867858985152569,0.9867858985152569,0.9867858985152569,0E-17,ELIGIBLE,R03b_20260811_FULL_v1,L1_ELIGIBILITY,v2026-08-11,2026-03-21..2026-08-06,baccarat_bet02_101_all_pairs_incl_sentinel,round_win = game_pnl > 0 (decisive only),COMPATIBILITY_ONLY_NOT_PRODUCTION,2500103.8841,2280641.3266,9883.8276,11764,10369,-0.00395337,-0.05088190,-0.00239824,-0.00395337,-9883.8276,2500103.8841,OK,0.0000,395.3531,4.0000,96.0000,AG03-UNRESOLVED,ALL5_LEVELS_bet23_to_bet27,395.3531,395.3531,395.3531,395.3531,395.3531,4.000000,4.000000,4.000000,4.000000,4.000000,96.000000,96.000000,96.000000,96.000000,96.000000,5.0,1976.7655,1824.8244,7907.0621,8059.0032,PENDING_AG03,FALSE,NOT_FOR_ENFORCEMENT,9488.4745,2189415.6736,9883.8276,9488.4745,395.3531,0.00395337,0.00379523,395.3531,9488.4745,0.00379523,395.3531,395.3531,395.3531,395.3531,395.3531,9488.4745,0.00379523,1976.7655,1824.8244,7907.0621,8059.0032,0.00316269,0.00322347,0.00015813,212.5216,219.9480,0.9532,119.0823,2.3972,30121.7335,124.9277,49.0469,238.9093,36.5364,75.9244,374.9013,749.8027,789.266,1183.8989,75.8035,-1.1839,10.395423,15.593133,2.799122,29,215,300,5,0.03207536,0.00395337,0.05088190,0E-8,0.000000,0.912219,0.000000,-0.04848366,2026-03-31,2026-08-01,83,4123,1621,124,0.669355,0.205295,0.230786,0.106918,,,,,,,,GLOBAL_BASELINE_NO_ENTITY_RANKING,,,NOT_APPLICABLE_GLOBAL_BASELINE,HF9g-P5,,,,X 全窗基线 · 不参与实体赏罚,15055164,1506,A168_HF9F_20260827_0900,2026-08-27 09:00:00
2026-04-28,92755421,2246,0,40.5959485243,-40.5959485243,-40.5959485243,0E-7,1,1,0.49324550000000000,0.493245500000,-0.9865810262130424,-0.9865810262130424,-0.9865810262130424,0E-17,ELIGIBLE,R03b_20260811_FULL_v1,L1_ELIGIBILITY,v2026-08-11,2026-03-21..2026-08-06,baccarat_bet02_101_all_pairs_incl_sentinel,round_win = game_pnl > 0 (decisive only),COMPATIBILITY_ONLY_NOT_PRODUCTION,2500103.8841,2280641.3266,9883.8276,11764,10369,-0.00395337,-0.05088190,-0.00239824,-0.00395337,-9883.8276,2500103.8841,OK,0.0000,395.3531,4.0000,96.0000,AG03-UNRESOLVED,ALL5_LEVELS_bet23_to_bet27,395.3531,395.3531,395.3531,395.3531,395.3531,4.000000,4.000000,4.000000,4.000000,4.000000,96.000000,96.000000,96.000000,96.000000,96.000000,5.0,1976.7655,1824.8244,7907.0621,8059.0032,PENDING_AG03,FALSE,NOT_FOR_ENFORCEMENT,9488.4745,2189415.6736,9883.8276,9488.4745,395.3531,0.00395337,0.00379523,395.3531,9488.4745,0.00379523,395.3531,395.3531,395.3531,395.3531,395.3531,9488.4745,0.00379523,1976.7655,1824.8244,7907.0621,8059.0032,0.00316269,0.00322347,0.00015813,212.5216,219.9480,0.9532,119.0823,2.3972,30121.7335,124.9277,49.0469,238.9093,36.5364,75.9244,374.9013,749.8027,789.266,1183.8989,75.8035,-1.1839,10.395423,15.593133,2.799122,29,215,300,5,0.03207536,0.00395337,0.05088190,0E-8,0.000000,0.912219,0.000000,-0.04848366,2026-03-31,2026-08-01,83,4123,1621,124,0.669355,0.205295,0.230786,0.106918,,,,,,,,GLOBAL_BASELINE_NO_ENTITY_RANKING,,,NOT_APPLICABLE_GLOBAL_BASELINE,HF9g-P5,,,,X 全窗基线 · 不参与实体赏罚,15055165,1506,A168_HF9F_20260827_0900,2026-08-27 09:00:00
2026-04-28,92755421,2248,0,40.5959485243,-40.5959485243,-40.5959485243,0E-7,1,1,0.49324550000000000,0.493245500000,-0.9865810262130424,-0.9865810262130424,-0.9865810262130424,0E-17,ELIGIBLE,R03b_20260811_FULL_v1,L1_ELIGIBILITY,v2026-08-11,2026-03-21..2026-08-06,baccarat_bet02_101_all_pairs_incl_sentinel,round_win = game_pnl > 0 (decisive only),COMPATIBILITY_ONLY_NOT_PRODUCTION,2500103.8841,2280641.3266,9883.8276,11764,10369,-0.00395337,-0.05088190,-0.00239824,-0.00395337,-9883.8276,2500103.8841,OK,0.0000,395.3531,4.0000,96.0000,AG03-UNRESOLVED,ALL5_LEVELS_bet23_to_bet27,395.3531,395.3531,395.3531,395.3531,395.3531,4.000000,4.000000,4.000000,4.000000,4.000000,96.000000,96.000000,96.000000,96.000000,96.000000,5.0,1976.7655,1824.8244,7907.0621,8059.0032,PENDING_AG03,FALSE,NOT_FOR_ENFORCEMENT,9488.4745,2189415.6736,9883.8276,9488.4745,395.3531,0.00395337,0.00379523,395.3531,9488.4745,0.00379523,395.3531,395.3531,395.3531,395.3531,395.3531,9488.4745,0.00379523,1976.7655,1824.8244,7907.0621,8059.0032,0.00316269,0.00322347,0.00015813,212.5216,219.9480,0.9532,119.0823,2.3972,30121.7335,124.9277,49.0469,238.9093,36.5364,75.9244,374.9013,749.8027,789.266,1183.8989,75.8035,-1.1839,10.395423,15.593133,2.799122,29,215,300,5,0.03207536,0.00395337,0.05088190,0E-8,0.000000,0.912219,0.000000,-0.04848366,2026-03-31,2026-08-01,83,4123,1621,124,0.669355,0.205295,0.230786,0.106918,,,,,,,,GLOBAL_BASELINE_NO_ENTITY_RANKING,,,NOT_APPLICABLE_GLOBAL_BASELINE,HF9g-P5,,,,X 全窗基线 · 不参与实体赏罚,15055166,1506,A168_HF9F_20260827_0900,2026-08-27 09:00:00
2026-04-28,92755421,2251,0,40.5959485243,-40.5959485243,-40.5959485243,0E-7,1,1,0.50665070000000000,0.506650700000,-1.013391052207602,-1.013391052207602,-1.013391052207602,0E-17,ELIGIBLE,R03b_20260811_FULL_v1,L1_ELIGIBILITY,v2026-08-11,2026-03-21..2026-08-06,baccarat_bet02_101_all_pairs_incl_sentinel,round_win = game_pnl > 0 (decisive only),COMPATIBILITY_ONLY_NOT_PRODUCTION,2500103.8841,2280641.3266,9883.8276,11764,10369,-0.00395337,-0.05088190,-0.00239824,-0.00395337,-9883.8276,2500103.8841,OK,0.0000,395.3531,4.0000,96.0000,AG03-UNRESOLVED,ALL5_LEVELS_bet23_to_bet27,395.3531,395.3531,395.3531,395.3531,395.3531,4.000000,4.000000,4.000000,4.000000,4.000000,96.000000,96.000000,96.000000,96.000000,96.000000,5.0,1976.7655,1824.8244,7907.0621,8059.0032,PENDING_AG03,FALSE,NOT_FOR_ENFORCEMENT,9488.4745,2189415.6736,9883.8276,9488.4745,395.3531,0.00395337,0.00379523,395.3531,9488.4745,0.00379523,395.3531,395.3531,395.3531,395.3531,395.3531,9488.4745,0.00379523,1976.7655,1824.8244,7907.0621,8059.0032,0.00316269,0.00322347,0.00015813,212.5216,219.9480,0.9532,119.0823,2.3972,30121.7335,124.9277,49.0469,238.9093,36.5364,75.9244,374.9013,749.8027,789.266,1183.8989,75.8035,-1.1839,10.395423,15.593133,2.799122,29,215,300,5,0.03207536,0.00395337,0.05088190,0E-8,0.000000,0.912219,0.000000,-0.04848366,2026-03-31,2026-08-01,83,4123,1621,124,0.669355,0.205295,0.230786,0.106918,,,,,,,,GLOBAL_BASELINE_NO_ENTITY_RANKING,,,NOT_APPLICABLE_GLOBAL_BASELINE,HF9g-P5,,,,X 全窗基线 · 不参与实体赏罚,15055167,1506,A168_HF9F_20260827_0900,2026-08-27 09:00:00
2026-04-28,92755421,2254,0,81.1918970486,0E-10,0E-10,0.5000000,2,2,0.49994810000000000,0.499948100000,0.00014679536856514622,0.00014679536856514622,0.00014679536856514622,0E-17,ELIGIBLE,R03b_20260811_FULL_v1,L1_ELIGIBILITY,v2026-08-11,2026-03-21..2026-08-06,baccarat_bet02_101_all_pairs_incl_sentinel,round_win = game_pnl > 0 (decisive only),COMPATIBILITY_ONLY_NOT_PRODUCTION,2500103.8841,2280641.3266,9883.8276,11764,10369,-0.00395337,-0.05088190,-0.00239824,-0.00395337,-9883.8276,2500103.8841,OK,0.0000,395.3531,4.0000,96.0000,AG03-UNRESOLVED,ALL5_LEVELS_bet23_to_bet27,395.3531,395.3531,395.3531,395.3531,395.3531,4.000000,4.000000,4.000000,4.000000,4.000000,96.000000,96.000000,96.000000,96.000000,96.000000,5.0,1976.7655,1824.8244,7907.0621,8059.0032,PENDING_AG03,FALSE,NOT_FOR_ENFORCEMENT,9488.4745,2189415.6736,9883.8276,9488.4745,395.3531,0.00395337,0.00379523,395.3531,9488.4745,0.00379523,395.3531,395.3531,395.3531,395.3531,395.3531,9488.4745,0.00379523,1976.7655,1824.8244,7907.0621,8059.0032,0.00316269,0.00322347,0.00015813,212.5216,219.9480,0.9532,119.0823,2.3972,30121.7335,124.9277,49.0469,238.9093,36.5364,75.9244,374.9013,749.8027,789.266,1183.8989,75.8035,-1.1839,10.395423,15.593133,2.799122,29,215,300,5,0.03207536,0.00395337,0.05088190,0E-8,0.000000,0.912219,0.000000,-0.04848366,2026-03-31,2026-08-01,83,4123,1621,124,0.669355,0.205295,0.230786,0.106918,,,,,,,,GLOBAL_BASELINE_NO_ENTITY_RANKING,,,NOT_APPLICABLE_GLOBAL_BASELINE,HF9g-P5,,,,X 全窗基线 · 不参与实体赏罚,15055168,1506,A168_HF9F_20260827_0900,2026-08-27 09:00:00
2026-04-28,92755421,462,0,40.5959485243,40.5959485243,40.5959485243,1.0000000,1,1,0.49324550000000000,0.493245500000,1.01360149184955,1.01360149184955,1.01360149184955,0E-17,ELIGIBLE,R03b_20260811_FULL_v1,L1_ELIGIBILITY,v2026-08-11,2026-03-21..2026-08-06,baccarat_bet02_101_all_pairs_incl_sentinel,round_win = game_pnl > 0 (decisive only),COMPATIBILITY_ONLY_NOT_PRODUCTION,2500103.8841,2280641.3266,9883.8276,11764,10369,-0.00395337,-0.05088190,-0.00239824,-0.00395337,-9883.8276,2500103.8841,OK,0.0000,395.3531,4.0000,96.0000,AG03-UNRESOLVED,ALL5_LEVELS_bet23_to_bet27,395.3531,395.3531,395.3531,395.3531,395.3531,4.000000,4.000000,4.000000,4.000000,4.000000,96.000000,96.000000,96.000000,96.000000,96.000000,5.0,1976.7655,1824.8244,7907.0621,8059.0032,PENDING_AG03,FALSE,NOT_FOR_ENFORCEMENT,9488.4745,2189415.6736,9883.8276,9488.4745,395.3531,0.00395337,0.00379523,395.3531,9488.4745,0.00379523,395.3531,395.3531,395.3531,395.3531,395.3531,9488.4745,0.00379523,1976.7655,1824.8244,7907.0621,8059.0032,0.00316269,0.00322347,0.00015813,212.5216,219.9480,0.9532,119.0823,2.3972,30121.7335,124.9277,49.0469,238.9093,36.5364,75.9244,374.9013,749.8027,789.266,1183.8989,75.8035,-1.1839,10.395423,15.593133,2.799122,29,215,300,5,0.03207536,0.00395337,0.05088190,0E-8,0.000000,0.912219,0.000000,-0.04848366,2026-03-31,2026-08-01,83,4123,1621,124,0.669355,0.205295,0.230786,0.106918,,,,,,,,GLOBAL_BASELINE_NO_ENTITY_RANKING,,,NOT_APPLICABLE_GLOBAL_BASELINE,HF9g-P5,,,,X 全窗基线 · 不参与实体赏罚,15055169,1506,A168_HF9F_20260827_0900,2026-08-27 09:00:00
2026-04-28,92755421,789,0,239.5160962934,77.1323021962,77.1323021962,0.6666667,6,6,0.49771390000000000,0.497713900000,0.8277047895645219,0.8277047895645219,0.8277047895645219,0E-17,ELIGIBLE,R03b_20260811_FULL_v1,L1_ELIGIBILITY,v2026-08-11,2026-03-21..2026-08-06,baccarat_bet02_101_all_pairs_incl_sentinel,round_win = game_pnl > 0 (decisive only),COMPATIBILITY_ONLY_NOT_PRODUCTION,2500103.8841,2280641.3266,9883.8276,11764,10369,-0.00395337,-0.05088190,-0.00239824,-0.00395337,-9883.8276,2500103.8841,OK,0.0000,395.3531,4.0000,96.0000,AG03-UNRESOLVED,ALL5_LEVELS_bet23_to_bet27,395.3531,395.3531,395.3531,395.3531,395.3531,4.000000,4.000000,4.000000,4.000000,4.000000,96.000000,96.000000,96.000000,96.000000,96.000000,5.0,1976.7655,1824.8244,7907.0621,8059.0032,PENDING_AG03,FALSE,NOT_FOR_ENFORCEMENT,9488.4745,2189415.6736,9883.8276,9488.4745,395.3531,0.00395337,0.00379523,395.3531,9488.4745,0.00379523,395.3531,395.3531,395.3531,395.3531,395.3531,9488.4745,0.00379523,1976.7655,1824.8244,7907.0621,8059.0032,0.00316269,0.00322347,0.00015813,212.5216,219.9480,0.9532,119.0823,2.3972,30121.7335,124.9277,49.0469,238.9093,36.5364,75.9244,374.9013,749.8027,789.266,1183.8989,75.8035,-1.1839,10.395423,15.593133,2.799122,29,215,300,5,0.03207536,0.00395337,0.05088190,0E-8,0.000000,0.912219,0.000000,-0.04848366,2026-03-31,2026-08-01,83,4123,1621,124,0.669355,0.205295,0.230786,0.106918,,,,,,,,GLOBAL_BASELINE_NO_ENTITY_RANKING,,,NOT_APPLICABLE_GLOBAL_BASELINE,HF9g-P5,,,,X 全窗基线 · 不参与实体赏罚,15055170,1506,A168_HF9F_20260827_0900,2026-08-27 09:00:00
2026-04-28,92755421,948,0,40.5959485243,-40.5959485243,-40.5959485243,0E-7,1,1,0.49324550000000000,0.493245500000,-0.9865810262130424,-0.9865810262130424,-0.9865810262130424,0E-17,ELIGIBLE,R03b_20260811_FULL_v1,L1_ELIGIBILITY,v2026-08-11,2026-03-21..2026-08-06,baccarat_bet02_101_all_pairs_incl_sentinel,round_win = game_pnl > 0 (decisive only),COMPATIBILITY_ONLY_NOT_PRODUCTION,2500103.8841,2280641.3266,9883.8276,11764,10369,-0.00395337,-0.05088190,-0.00239824,-0.00395337,-9883.8276,2500103.8841,OK,0.0000,395.3531,4.0000,96.0000,AG03-UNRESOLVED,ALL5_LEVELS_bet23_to_bet27,395.3531,395.3531,395.3531,395.3531,395.3531,4.000000,4.000000,4.000000,4.000000,4.000000,96.000000,96.000000,96.000000,96.000000,96.000000,5.0,1976.7655,1824.8244,7907.0621,8059.0032,PENDING_AG03,FALSE,NOT_FOR_ENFORCEMENT,9488.4745,2189415.6736,9883.8276,9488.4745,395.3531,0.00395337,0.00379523,395.3531,9488.4745,0.00379523,395.3531,395.3531,395.3531,395.3531,395.3531,9488.4745,0.00379523,1976.7655,1824.8244,7907.0621,8059.0032,0.00316269,0.00322347,0.00015813,212.5216,219.9480,0.9532,119.0823,2.3972,30121.7335,124.9277,49.0469,238.9093,36.5364,75.9244,374.9013,749.8027,789.266,1183.8989,75.8035,-1.1839,10.395423,15.593133,2.799122,29,215,300,5,0.03207536,0.00395337,0.05088190,0E-8,0.000000,0.912219,0.000000,-0.04848366,2026-03-31,2026-08-01,83,4123,1621,124,0.669355,0.205295,0.230786,0.106918,,,,,,,,GLOBAL_BASELINE_NO_ENTITY_RANKING,,,NOT_APPLICABLE_GLOBAL_BASELINE,HF9g-P5,,,,X 全窗基线 · 不参与实体赏罚,15055171,1506,A168_HF9F_20260827_0900,2026-08-27 09:00:00
2026-04-30,92755421,-1,1,474.3488555642,-83.6621941594,-83.6621941594,0.4000000,13,12,0.49805581928108042,0.479063891667,-0.6201641417826648,-0.5004828931245248,-0.6201641417826648,0.01899192761408042,SENTINEL_DEALER,R03b_20260811_FULL_v1,L1_ELIGIBILITY,v2026-08-11,2026-03-21..2026-08-06,baccarat_bet02_101_all_pairs_incl_sentinel,round_win = game_pnl > 0 (decisive only),COMPATIBILITY_ONLY_NOT_PRODUCTION,2500103.8841,2280641.3266,9883.8276,11764,10369,-0.00395337,-0.05088190,-0.00239824,-0.00395337,-9883.8276,2500103.8841,OK,0.0000,395.3531,4.0000,96.0000,AG03-UNRESOLVED,ALL5_LEVELS_bet23_to_bet27,395.3531,395.3531,395.3531,395.3531,395.3531,4.000000,4.000000,4.000000,4.000000,4.000000,96.000000,96.000000,96.000000,96.000000,96.000000,5.0,1976.7655,1824.8244,7907.0621,8059.0032,PENDING_AG03,FALSE,NOT_FOR_ENFORCEMENT,9488.4745,2189415.6736,9883.8276,9488.4745,395.3531,0.00395337,0.00379523,395.3531,9488.4745,0.00379523,395.3531,395.3531,395.3531,395.3531,395.3531,9488.4745,0.00379523,1976.7655,1824.8244,7907.0621,8059.0032,0.00316269,0.00322347,0.00015813,212.5216,219.9480,0.9532,119.0823,2.3972,30121.7335,124.9277,49.0469,238.9093,36.5364,75.9244,374.9013,749.8027,789.266,1183.8989,75.8035,-1.1839,10.395423,15.593133,2.799122,29,215,300,5,0.03207536,0.00395337,0.05088190,0E-8,0.000000,0.912219,0.000000,-0.04848366,2026-03-31,2026-08-01,83,4123,1621,124,0.669355,0.205295,0.230786,0.106918,,,,,,,,GLOBAL_BASELINE_NO_ENTITY_RANKING,,,NOT_APPLICABLE_GLOBAL_BASELINE,HF9g-P5,,,,X 全窗基线 · 不参与实体赏罚,15055172,1506,A168_HF9F_20260827_0900,2026-08-27 09:00:00
2026-04-30,92755421,1370,0,78.9265982636,0E-10,0E-10,0.5000000,2,2,0.49324550000000000,0.493245500000,0.01910635448239258,0.01910635448239258,0.01910635448239258,0E-17,ELIGIBLE,R03b_20260811_FULL_v1,L1_ELIGIBILITY,v2026-08-11,2026-03-21..2026-08-06,baccarat_bet02_101_all_pairs_incl_sentinel,round_win = game_pnl > 0 (decisive only),COMPATIBILITY_ONLY_NOT_PRODUCTION,2500103.8841,2280641.3266,9883.8276,11764,10369,-0.00395337,-0.05088190,-0.00239824,-0.00395337,-9883.8276,2500103.8841,OK,0.0000,395.3531,4.0000,96.0000,AG03-UNRESOLVED,ALL5_LEVELS_bet23_to_bet27,395.3531,395.3531,395.3531,395.3531,395.3531,4.000000,4.000000,4.000000,4.000000,4.000000,96.000000,96.000000,96.000000,96.000000,96.000000,5.0,1976.7655,1824.8244,7907.0621,8059.0032,PENDING_AG03,FALSE,NOT_FOR_ENFORCEMENT,9488.4745,2189415.6736,9883.8276,9488.4745,395.3531,0.00395337,0.00379523,395.3531,9488.4745,0.00379523,395.3531,395.3531,395.3531,395.3531,395.3531,9488.4745,0.00379523,1976.7655,1824.8244,7907.0621,8059.0032,0.00316269,0.00322347,0.00015813,212.5216,219.9480,0.9532,119.0823,2.3972,30121.7335,124.9277,49.0469,238.9093,36.5364,75.9244,374.9013,749.8027,789.266,1183.8989,75.8035,-1.1839,10.395423,15.593133,2.799122,29,215,300,5,0.03207536,0.00395337,0.05088190,0E-8,0.000000,0.912219,0.000000,-0.04848366,2026-03-31,2026-08-01,83,4123,1621,124,0.669355,0.205295,0.230786,0.106918,,,,,,,,GLOBAL_BASELINE_NO_ENTITY_RANKING,,,NOT_APPLICABLE_GLOBAL_BASELINE,HF9g-P5,,,,X 全窗基线 · 不参与实体赏罚,15055173,1506,A168_HF9F_20260827_0900,2026-08-27 09:00:00
2026-04-30,92755421,1645,0,78.9265982636,76.9534333070,76.9534333070,1.0000000,2,2,0.49994810000000000,0.499948100000,1.4143603653603398,1.4143603653603398,1.4143603653603398,0E-17,ELIGIBLE,R03b_20260811_FULL_v1,L1_ELIGIBILITY,v2026-08-11,2026-03-21..2026-08-06,baccarat_bet02_101_all_pairs_incl_sentinel,round_win = game_pnl > 0 (decisive only),COMPATIBILITY_ONLY_NOT_PRODUCTION,2500103.8841,2280641.3266,9883.8276,11764,10369,-0.00395337,-0.05088190,-0.00239824,-0.00395337,-9883.8276,2500103.8841,OK,0.0000,395.3531,4.0000,96.0000,AG03-UNRESOLVED,ALL5_LEVELS_bet23_to_bet27,395.3531,395.3531,395.3531,395.3531,395.3531,4.000000,4.000000,4.000000,4.000000,4.000000,96.000000,96.000000,96.000000,96.000000,96.000000,5.0,1976.7655,1824.8244,7907.0621,8059.0032,PENDING_AG03,FALSE,NOT_FOR_ENFORCEMENT,9488.4745,2189415.6736,9883.8276,9488.4745,395.3531,0.00395337,0.00379523,395.3531,9488.4745,0.00379523,395.3531,395.3531,395.3531,395.3531,395.3531,9488.4745,0.00379523,1976.7655,1824.8244,7907.0621,8059.0032,0.00316269,0.00322347,0.00015813,212.5216,219.9480,0.9532,119.0823,2.3972,30121.7335,124.9277,49.0469,238.9093,36.5364,75.9244,374.9013,749.8027,789.266,1183.8989,75.8035,-1.1839,10.395423,15.593133,2.799122,29,215,300,5,0.03207536,0.00395337,0.05088190,0E-8,0.000000,0.912219,0.000000,-0.04848366,2026-03-31,2026-08-01,83,4123,1621,124,0.669355,0.205295,0.230786,0.106918,,,,,,,,GLOBAL_BASELINE_NO_ENTITY_RANKING,,,NOT_APPLICABLE_GLOBAL_BASELINE,HF9g-P5,,,,X 全窗基线 · 不参与实体赏罚,15055174,1506,A168_HF9F_20260827_0900,2026-08-27 09:00:00
2026-04-30,92755421,2088,0,434.0962904498,73.0071033938,73.0071033938,0.6000000,11,11,0.49933877272727273,0.499338772727,0.6366380572032987,0.6366380572050242,0.6366380572032987,2.7273E-13,ELIGIBLE,R03b_20260811_FULL_v1,L1_ELIGIBILITY,v2026-08-11,2026-03-21..2026-08-06,baccarat_bet02_101_all_pairs_incl_sentinel,round_win = game_pnl > 0 (decisive only),COMPATIBILITY_ONLY_NOT_PRODUCTION,2500103.8841,2280641.3266,9883.8276,11764,10369,-0.00395337,-0.05088190,-0.00239824,-0.00395337,-9883.8276,2500103.8841,OK,0.0000,395.3531,4.0000,96.0000,AG03-UNRESOLVED,ALL5_LEVELS_bet23_to_bet27,395.3531,395.3531,395.3531,395.3531,395.3531,4.000000,4.000000,4.000000,4.000000,4.000000,96.000000,96.000000,96.000000,96.000000,96.000000,5.0,1976.7655,1824.8244,7907.0621,8059.0032,PENDING_AG03,FALSE,NOT_FOR_ENFORCEMENT,9488.4745,2189415.6736,9883.8276,9488.4745,395.3531,0.00395337,0.00379523,395.3531,9488.4745,0.00379523,395.3531,395.3531,395.3531,395.3531,395.3531,9488.4745,0.00379523,1976.7655,1824.8244,7907.0621,8059.0032,0.00316269,0.00322347,0.00015813,212.5216,219.9480,0.9532,119.0823,2.3972,30121.7335,124.9277,49.0469,238.9093,36.5364,75.9244,374.9013,749.8027,789.266,1183.8989,75.8035,-1.1839,10.395423,15.593133,2.799122,29,215,300,5,0.03207536,0.00395337,0.05088190,0E-8,0.000000,0.912219,0.000000,-0.04848366,2026-03-31,2026-08-01,83,4123,1621,124,0.669355,0.205295,0.230786,0.106918,,,,,,,,GLOBAL_BASELINE_NO_ENTITY_RANKING,,,NOT_APPLICABLE_GLOBAL_BASELINE,HF9g-P5,,,,X 全窗基线 · 不参与实体赏罚,15055175,1506,A168_HF9F_20260827_0900,2026-08-27 09:00:00
2026-04-30,92755421,2093,0,78.9265982636,-39.4632991318,-39.4632991318,0E-7,2,2,0.50665070000000000,0.506650700000,-1.013391052207602,-1.013391052207602,-1.013391052207602,0E-17,ELIGIBLE,R03b_20260811_FULL_v1,L1_ELIGIBILITY,v2026-08-11,2026-03-21..2026-08-06,baccarat_bet02_101_all_pairs_incl_sentinel,round_win = game_pnl > 0 (decisive only),COMPATIBILITY_ONLY_NOT_PRODUCTION,2500103.8841,2280641.3266,9883.8276,11764,10369,-0.00395337,-0.05088190,-0.00239824,-0.00395337,-9883.8276,2500103.8841,OK,0.0000,395.3531,4.0000,96.0000,AG03-UNRESOLVED,ALL5_LEVELS_bet23_to_bet27,395.3531,395.3531,395.3531,395.3531,395.3531,4.000000,4.000000,4.000000,4.000000,4.000000,96.000000,96.000000,96.000000,96.000000,96.000000,5.0,1976.7655,1824.8244,7907.0621,8059.0032,PENDING_AG03,FALSE,NOT_FOR_ENFORCEMENT,9488.4745,2189415.6736,9883.8276,9488.4745,395.3531,0.00395337,0.00379523,395.3531,9488.4745,0.00379523,395.3531,395.3531,395.3531,395.3531,395.3531,9488.4745,0.00379523,1976.7655,1824.8244,7907.0621,8059.0032,0.00316269,0.00322347,0.00015813,212.5216,219.9480,0.9532,119.0823,2.3972,30121.7335,124.9277,49.0469,238.9093,36.5364,75.9244,374.9013,749.8027,789.266,1183.8989,75.8035,-1.1839,10.395423,15.593133,2.799122,29,215,300,5,0.03207536,0.00395337,0.05088190,0E-8,0.000000,0.912219,0.000000,-0.04848366,2026-03-31,2026-08-01,83,4123,1621,124,0.669355,0.205295,0.230786,0.106918,,,,,,,,GLOBAL_BASELINE_NO_ENTITY_RANKING,,,NOT_APPLICABLE_GLOBAL_BASELINE,HF9g-P5,,,,X 全窗基线 · 不参与实体赏罚,15055176,1506,A168_HF9F_20260827_0900,2026-08-27 09:00:00
2026-04-30,92755421,2129,0,41.8310970797,-41.8310970797,-41.8310970797,0E-7,2,1,0.46639206981140635,0.256040200000,-0.9348984528915735,-0.5866503638730671,-0.9348984528915735,0.21035186981140635,ELIGIBLE,R03b_20260811_FULL_v1,L1_ELIGIBILITY,v2026-08-11,2026-03-21..2026-08-06,baccarat_bet02_101_all_pairs_incl_sentinel,round_win = game_pnl > 0 (decisive only),COMPATIBILITY_ONLY_NOT_PRODUCTION,2500103.8841,2280641.3266,9883.8276,11764,10369,-0.00395337,-0.05088190,-0.00239824,-0.00395337,-9883.8276,2500103.8841,OK,0.0000,395.3531,4.0000,96.0000,AG03-UNRESOLVED,ALL5_LEVELS_bet23_to_bet27,395.3531,395.3531,395.3531,395.3531,395.3531,4.000000,4.000000,4.000000,4.000000,4.000000,96.000000,96.000000,96.000000,96.000000,96.000000,5.0,1976.7655,1824.8244,7907.0621,8059.0032,PENDING_AG03,FALSE,NOT_FOR_ENFORCEMENT,9488.4745,2189415.6736,9883.8276,9488.4745,395.3531,0.00395337,0.00379523,395.3531,9488.4745,0.00379523,395.3531,395.3531,395.3531,395.3531,395.3531,9488.4745,0.00379523,1976.7655,1824.8244,7907.0621,8059.0032,0.00316269,0.00322347,0.00015813,212.5216,219.9480,0.9532,119.0823,2.3972,30121.7335,124.9277,49.0469,238.9093,36.5364,75.9244,374.9013,749.8027,789.266,1183.8989,75.8035,-1.1839,10.395423,15.593133,2.799122,29,215,300,5,0.03207536,0.00395337,0.05088190,0E-8,0.000000,0.912219,0.000000,-0.04848366,2026-03-31,2026-08-01,83,4123,1621,124,0.669355,0.205295,0.230786,0.106918,,,,,,,,GLOBAL_BASELINE_NO_ENTITY_RANKING,,,NOT_APPLICABLE_GLOBAL_BASELINE,HF9g-P5,,,,X 全窗基线 · 不参与实体赏罚,15055177,1506,A168_HF9F_20260827_0900,2026-08-27 09:00:00
2026-04-30,92755421,2152,0,39.4632991318,-39.4632991318,-39.4632991318,0E-7,1,1,0.50665070000000000,0.506650700000,-1.013391052207602,-1.013391052207602,-1.013391052207602,0E-17,ELIGIBLE,R03b_20260811_FULL_v1,L1_ELIGIBILITY,v2026-08-11,2026-03-21..2026-08-06,baccarat_bet02_101_all_pairs_incl_sentinel,round_win = game_pnl > 0 (decisive only),COMPATIBILITY_ONLY_NOT_PRODUCTION,2500103.8841,2280641.3266,9883.8276,11764,10369,-0.00395337,-0.05088190,-0.00239824,-0.00395337,-9883.8276,2500103.8841,OK,0.0000,395.3531,4.0000,96.0000,AG03-UNRESOLVED,ALL5_LEVELS_bet23_to_bet27,395.3531,395.3531,395.3531,395.3531,395.3531,4.000000,4.000000,4.000000,4.000000,4.000000,96.000000,96.000000,96.000000,96.000000,96.000000,5.0,1976.7655,1824.8244,7907.0621,8059.0032,PENDING_AG03,FALSE,NOT_FOR_ENFORCEMENT,9488.4745,2189415.6736,9883.8276,9488.4745,395.3531,0.00395337,0.00379523,395.3531,9488.4745,0.00379523,395.3531,395.3531,395.3531,395.3531,395.3531,9488.4745,0.00379523,1976.7655,1824.8244,7907.0621,8059.0032,0.00316269,0.00322347,0.00015813,212.5216,219.9480,0.9532,119.0823,2.3972,30121.7335,124.9277,49.0469,238.9093,36.5364,75.9244,374.9013,749.8027,789.266,1183.8989,75.8035,-1.1839,10.395423,15.593133,2.799122,29,215,300,5,0.03207536,0.00395337,0.05088190,0E-8,0.000000,0.912219,0.000000,-0.04848366,2026-03-31,2026-08-01,83,4123,1621,124,0.669355,0.205295,0.230786,0.106918,,,,,,,,GLOBAL_BASELINE_NO_ENTITY_RANKING,,,NOT_APPLICABLE_GLOBAL_BASELINE,HF9g-P5,,,,X 全窗基线 · 不参与实体赏罚,15055178,1506,A168_HF9F_20260827_0900,2026-08-27 09:00:00
2026-04-30,92755421,2170,0,118.3898973954,-39.4632991318,-39.4632991318,0.3333333,3,3,0.49771390000000000,0.497713900000,-0.5694369385616226,-0.5694369385616226,-0.5694369385616226,0E-17,ELIGIBLE,R03b_20260811_FULL_v1,L1_ELIGIBILITY,v2026-08-11,2026-03-21..2026-08-06,baccarat_bet02_101_all_pairs_incl_sentinel,round_win = game_pnl > 0 (decisive only),COMPATIBILITY_ONLY_NOT_PRODUCTION,2500103.8841,2280641.3266,9883.8276,11764,10369,-0.00395337,-0.05088190,-0.00239824,-0.00395337,-9883.8276,2500103.8841,OK,0.0000,395.3531,4.0000,96.0000,AG03-UNRESOLVED,ALL5_LEVELS_bet23_to_bet27,395.3531,395.3531,395.3531,395.3531,395.3531,4.000000,4.000000,4.000000,4.000000,4.000000,96.000000,96.000000,96.000000,96.000000,96.000000,5.0,1976.7655,1824.8244,7907.0621,8059.0032,PENDING_AG03,FALSE,NOT_FOR_ENFORCEMENT,9488.4745,2189415.6736,9883.8276,9488.4745,395.3531,0.00395337,0.00379523,395.3531,9488.4745,0.00379523,395.3531,395.3531,395.3531,395.3531,395.3531,9488.4745,0.00379523,1976.7655,1824.8244,7907.0621,8059.0032,0.00316269,0.00322347,0.00015813,212.5216,219.9480,0.9532,119.0823,2.3972,30121.7335,124.9277,49.0469,238.9093,36.5364,75.9244,374.9013,749.8027,789.266,1183.8989,75.8035,-1.1839,10.395423,15.593133,2.799122,29,215,300,5,0.03207536,0.00395337,0.05088190,0E-8,0.000000,0.912219,0.000000,-0.04848366,2026-03-31,2026-08-01,83,4123,1621,124,0.669355,0.205295,0.230786,0.106918,,,,,,,,GLOBAL_BASELINE_NO_ENTITY_RANKING,,,NOT_APPLICABLE_GLOBAL_BASELINE,HF9g-P5,,,,X 全窗基线 · 不参与实体赏罚,15055179,1506,A168_HF9F_20260827_0900,2026-08-27 09:00:00
2026-04-30,92755421,2222,0,76.9534333070,0E-10,0E-10,0.5000000,2,2,0.49994810000000000,0.499948100000,0.00014679536856514622,0.00014679536856514622,0.00014679536856514622,0E-17,ELIGIBLE,R03b_20260811_FULL_v1,L1_ELIGIBILITY,v2026-08-11,2026-03-21..2026-08-06,baccarat_bet02_101_all_pairs_incl_sentinel,round_win = game_pnl > 0 (decisive only),COMPATIBILITY_ONLY_NOT_PRODUCTION,2500103.8841,2280641.3266,9883.8276,11764,10369,-0.00395337,-0.05088190,-0.00239824,-0.00395337,-9883.8276,2500103.8841,OK,0.0000,395.3531,4.0000,96.0000,AG03-UNRESOLVED,ALL5_LEVELS_bet23_to_bet27,395.3531,395.3531,395.3531,395.3531,395.3531,4.000000,4.000000,4.000000,4.000000,4.000000,96.000000,96.000000,96.000000,96.000000,96.000000,5.0,1976.7655,1824.8244,7907.0621,8059.0032,PENDING_AG03,FALSE,NOT_FOR_ENFORCEMENT,9488.4745,2189415.6736,9883.8276,9488.4745,395.3531,0.00395337,0.00379523,395.3531,9488.4745,0.00379523,395.3531,395.3531,395.3531,395.3531,395.3531,9488.4745,0.00379523,1976.7655,1824.8244,7907.0621,8059.0032,0.00316269,0.00322347,0.00015813,212.5216,219.9480,0.9532,119.0823,2.3972,30121.7335,124.9277,49.0469,238.9093,36.5364,75.9244,374.9013,749.8027,789.266,1183.8989,75.8035,-1.1839,10.395423,15.593133,2.799122,29,215,300,5,0.03207536,0.00395337,0.05088190,0E-8,0.000000,0.912219,0.000000,-0.04848366,2026-03-31,2026-08-01,83,4123,1621,124,0.669355,0.205295,0.230786,0.106918,,,,,,,,GLOBAL_BASELINE_NO_ENTITY_RANKING,,,NOT_APPLICABLE_GLOBAL_BASELINE,HF9g-P5,,,,X 全窗基线 · 不参与实体赏罚,15055180,1506,A168_HF9F_20260827_0900,2026-08-27 09:00:00
2026-04-30,92755421,471,0,39.4632991318,39.4632991318,39.4632991318,1.0000000,1,1,0.49324550000000000,0.493245500000,1.01360149184955,1.01360149184955,1.01360149184955,0E-17,ELIGIBLE,R03b_20260811_FULL_v1,L1_ELIGIBILITY,v2026-08-11,2026-03-21..2026-08-06,baccarat_bet02_101_all_pairs_incl_sentinel,round_win = game_pnl > 0 (decisive only),COMPATIBILITY_ONLY_NOT_PRODUCTION,2500103.8841,2280641.3266,9883.8276,11764,10369,-0.00395337,-0.05088190,-0.00239824,-0.00395337,-9883.8276,2500103.8841,OK,0.0000,395.3531,4.0000,96.0000,AG03-UNRESOLVED,ALL5_LEVELS_bet23_to_bet27,395.3531,395.3531,395.3531,395.3531,395.3531,4.000000,4.000000,4.000000,4.000000,4.000000,96.000000,96.000000,96.000000,96.000000,96.000000,5.0,1976.7655,1824.8244,7907.0621,8059.0032,PENDING_AG03,FALSE,NOT_FOR_ENFORCEMENT,9488.4745,2189415.6736,9883.8276,9488.4745,395.3531,0.00395337,0.00379523,395.3531,9488.4745,0.00379523,395.3531,395.3531,395.3531,395.3531,395.3531,9488.4745,0.00379523,1976.7655,1824.8244,7907.0621,8059.0032,0.00316269,0.00322347,0.00015813,212.5216,219.9480,0.9532,119.0823,2.3972,30121.7335,124.9277,49.0469,238.9093,36.5364,75.9244,374.9013,749.8027,789.266,1183.8989,75.8035,-1.1839,10.395423,15.593133,2.799122,29,215,300,5,0.03207536,0.00395337,0.05088190,0E-8,0.000000,0.912219,0.000000,-0.04848366,2026-03-31,2026-08-01,83,4123,1621,124,0.669355,0.205295,0.230786,0.106918,,,,,,,,GLOBAL_BASELINE_NO_ENTITY_RANKING,,,NOT_APPLICABLE_GLOBAL_BASELINE,HF9g-P5,,,,X 全窗基线 · 不参与实体赏罚,15055181,1506,A168_HF9F_20260827_0900,2026-08-27 09:00:00
2026-04-30,92755421,595,0,197.3164956590,114.4435674822,114.4435674822,0.8000000,5,5,0.49860758000000000,0.498607580000,1.3478731046594083,1.3478731046594083,1.3478731046594083,0E-17,ELIGIBLE,R03b_20260811_FULL_v1,L1_ELIGIBILITY,v2026-08-11,2026-03-21..2026-08-06,baccarat_bet02_101_all_pairs_incl_sentinel,round_win = game_pnl > 0 (decisive only),COMPATIBILITY_ONLY_NOT_PRODUCTION,2500103.8841,2280641.3266,9883.8276,11764,10369,-0.00395337,-0.05088190,-0.00239824,-0.00395337,-9883.8276,2500103.8841,OK,0.0000,395.3531,4.0000,96.0000,AG03-UNRESOLVED,ALL5_LEVELS_bet23_to_bet27,395.3531,395.3531,395.3531,395.3531,395.3531,4.000000,4.000000,4.000000,4.000000,4.000000,96.000000,96.000000,96.000000,96.000000,96.000000,5.0,1976.7655,1824.8244,7907.0621,8059.0032,PENDING_AG03,FALSE,NOT_FOR_ENFORCEMENT,9488.4745,2189415.6736,9883.8276,9488.4745,395.3531,0.00395337,0.00379523,395.3531,9488.4745,0.00379523,395.3531,395.3531,395.3531,395.3531,395.3531,9488.4745,0.00379523,1976.7655,1824.8244,7907.0621,8059.0032,0.00316269,0.00322347,0.00015813,212.5216,219.9480,0.9532,119.0823,2.3972,30121.7335,124.9277,49.0469,238.9093,36.5364,75.9244,374.9013,749.8027,789.266,1183.8989,75.8035,-1.1839,10.395423,15.593133,2.799122,29,215,300,5,0.03207536,0.00395337,0.05088190,0E-8,0.000000,0.912219,0.000000,-0.04848366,2026-03-31,2026-08-01,83,4123,1621,124,0.669355,0.205295,0.230786,0.106918,,,,,,,,GLOBAL_BASELINE_NO_ENTITY_RANKING,,,NOT_APPLICABLE_GLOBAL_BASELINE,HF9g-P5,,,,X 全窗基线 · 不参与实体赏罚,15055182,1506,A168_HF9F_20260827_0900,2026-08-27 09:00:00
2026-05-01,92755421,-1,1,636.9376479872,-38.8318863457,-38.8318863457,0.5000000,24,21,0.49770369390611363,0.467976657143,0.020539002698662826,0.28701475499151874,0.020539002698662826,0.02972703676311363,SENTINEL_DEALER,R03b_20260811_FULL_v1,L1_ELIGIBILITY,v2026-08-11,2026-03-21..2026-08-06,baccarat_bet02_101_all_pairs_incl_sentinel,round_win = game_pnl > 0 (decisive only),COMPATIBILITY_ONLY_NOT_PRODUCTION,2500103.8841,2280641.3266,9883.8276,11764,10369,-0.00395337,-0.05088190,-0.00239824,-0.00395337,-9883.8276,2500103.8841,OK,0.0000,395.3531,4.0000,96.0000,AG03-UNRESOLVED,ALL5_LEVELS_bet23_to_bet27,395.3531,395.3531,395.3531,395.3531,395.3531,4.000000,4.000000,4.000000,4.000000,4.000000,96.000000,96.000000,96.000000,96.000000,96.000000,5.0,1976.7655,1824.8244,7907.0621,8059.0032,PENDING_AG03,FALSE,NOT_FOR_ENFORCEMENT,9488.4745,2189415.6736,9883.8276,9488.4745,395.3531,0.00395337,0.00379523,395.3531,9488.4745,0.00379523,395.3531,395.3531,395.3531,395.3531,395.3531,9488.4745,0.00379523,1976.7655,1824.8244,7907.0621,8059.0032,0.00316269,0.00322347,0.00015813,212.5216,219.9480,0.9532,119.0823,2.3972,30121.7335,124.9277,49.0469,238.9093,36.5364,75.9244,374.9013,749.8027,789.266,1183.8989,75.8035,-1.1839,10.395423,15.593133,2.799122,29,215,300,5,0.03207536,0.00395337,0.05088190,0E-8,0.000000,0.912219,0.000000,-0.04848366,2026-03-31,2026-08-01,83,4123,1621,124,0.669355,0.205295,0.230786,0.106918,,,,,,,,GLOBAL_BASELINE_NO_ENTITY_RANKING,,,NOT_APPLICABLE_GLOBAL_BASELINE,HF9g-P5,,,,X 全窗基线 · 不参与实体赏罚,15055183,1506,A168_HF9F_20260827_0900,2026-08-27 09:00:00
2026-05-01,92755421,1017,0,19.7316495659,-19.7316495659,-19.7316495659,0E-7,1,1,0.50665070000000000,0.506650700000,-1.013391052207602,-1.013391052207602,-1.013391052207602,0E-17,ELIGIBLE,R03b_20260811_FULL_v1,L1_ELIGIBILITY,v2026-08-11,2026-03-21..2026-08-06,baccarat_bet02_101_all_pairs_incl_sentinel,round_win = game_pnl > 0 (decisive only),COMPATIBILITY_ONLY_NOT_PRODUCTION,2500103.8841,2280641.3266,9883.8276,11764,10369,-0.00395337,-0.05088190,-0.00239824,-0.00395337,-9883.8276,2500103.8841,OK,0.0000,395.3531,4.0000,96.0000,AG03-UNRESOLVED,ALL5_LEVELS_bet23_to_bet27,395.3531,395.3531,395.3531,395.3531,395.3531,4.000000,4.000000,4.000000,4.000000,4.000000,96.000000,96.000000,96.000000,96.000000,96.000000,5.0,1976.7655,1824.8244,7907.0621,8059.0032,PENDING_AG03,FALSE,NOT_FOR_ENFORCEMENT,9488.4745,2189415.6736,9883.8276,9488.4745,395.3531,0.00395337,0.00379523,395.3531,9488.4745,0.00379523,395.3531,395.3531,395.3531,395.3531,395.3531,9488.4745,0.00379523,1976.7655,1824.8244,7907.0621,8059.0032,0.00316269,0.00322347,0.00015813,212.5216,219.9480,0.9532,119.0823,2.3972,30121.7335,124.9277,49.0469,238.9093,36.5364,75.9244,374.9013,749.8027,789.266,1183.8989,75.8035,-1.1839,10.395423,15.593133,2.799122,29,215,300,5,0.03207536,0.00395337,0.05088190,0E-8,0.000000,0.912219,0.000000,-0.04848366,2026-03-31,2026-08-01,83,4123,1621,124,0.669355,0.205295,0.230786,0.106918,,,,,,,,GLOBAL_BASELINE_NO_ENTITY_RANKING,,,NOT_APPLICABLE_GLOBAL_BASELINE,HF9g-P5,,,,X 全窗基线 · 不参与实体赏罚,15055184,1506,A168_HF9F_20260827_0900,2026-08-27 09:00:00
2026-05-01,92755421,1110,0,19.7316495659,-19.7316495659,-19.7316495659,0E-7,1,1,0.49324550000000000,0.493245500000,-0.9865810262130424,-0.9865810262130424,-0.9865810262130424,0E-17,ELIGIBLE,R03b_20260811_FULL_v1,L1_ELIGIBILITY,v2026-08-11,2026-03-21..2026-08-06,baccarat_bet02_101_all_pairs_incl_sentinel,round_win = game_pnl > 0 (decisive only),COMPATIBILITY_ONLY_NOT_PRODUCTION,2500103.8841,2280641.3266,9883.8276,11764,10369,-0.00395337,-0.05088190,-0.00239824,-0.00395337,-9883.8276,2500103.8841,OK,0.0000,395.3531,4.0000,96.0000,AG03-UNRESOLVED,ALL5_LEVELS_bet23_to_bet27,395.3531,395.3531,395.3531,395.3531,395.3531,4.000000,4.000000,4.000000,4.000000,4.000000,96.000000,96.000000,96.000000,96.000000,96.000000,5.0,1976.7655,1824.8244,7907.0621,8059.0032,PENDING_AG03,FALSE,NOT_FOR_ENFORCEMENT,9488.4745,2189415.6736,9883.8276,9488.4745,395.3531,0.00395337,0.00379523,395.3531,9488.4745,0.00379523,395.3531,395.3531,395.3531,395.3531,395.3531,9488.4745,0.00379523,1976.7655,1824.8244,7907.0621,8059.0032,0.00316269,0.00322347,0.00015813,212.5216,219.9480,0.9532,119.0823,2.3972,30121.7335,124.9277,49.0469,238.9093,36.5364,75.9244,374.9013,749.8027,789.266,1183.8989,75.8035,-1.1839,10.395423,15.593133,2.799122,29,215,300,5,0.03207536,0.00395337,0.05088190,0E-8,0.000000,0.912219,0.000000,-0.04848366,2026-03-31,2026-08-01,83,4123,1621,124,0.669355,0.205295,0.230786,0.106918,,,,,,,,GLOBAL_BASELINE_NO_ENTITY_RANKING,,,NOT_APPLICABLE_GLOBAL_BASELINE,HF9g-P5,,,,X 全窗基线 · 不参与实体赏罚,15055185,1506,A168_HF9F_20260827_0900,2026-08-27 09:00:00
2026-05-01,92755421,1221,0,77.3480662983,-77.3480662983,-77.3480662983,0E-7,2,2,0.50665070000000000,0.506650700000,-1.4331513700195317,-1.4331513700195317,-1.4331513700195317,0E-17,ELIGIBLE,R03b_20260811_FULL_v1,L1_ELIGIBILITY,v2026-08-11,2026-03-21..2026-08-06,baccarat_bet02_101_all_pairs_incl_sentinel,round_win = game_pnl > 0 (decisive only),COMPATIBILITY_ONLY_NOT_PRODUCTION,2500103.8841,2280641.3266,9883.8276,11764,10369,-0.00395337,-0.05088190,-0.00239824,-0.00395337,-9883.8276,2500103.8841,OK,0.0000,395.3531,4.0000,96.0000,AG03-UNRESOLVED,ALL5_LEVELS_bet23_to_bet27,395.3531,395.3531,395.3531,395.3531,395.3531,4.000000,4.000000,4.000000,4.000000,4.000000,96.000000,96.000000,96.000000,96.000000,96.000000,5.0,1976.7655,1824.8244,7907.0621,8059.0032,PENDING_AG03,FALSE,NOT_FOR_ENFORCEMENT,9488.4745,2189415.6736,9883.8276,9488.4745,395.3531,0.00395337,0.00379523,395.3531,9488.4745,0.00379523,395.3531,395.3531,395.3531,395.3531,395.3531,9488.4745,0.00379523,1976.7655,1824.8244,7907.0621,8059.0032,0.00316269,0.00322347,0.00015813,212.5216,219.9480,0.9532,119.0823,2.3972,30121.7335,124.9277,49.0469,238.9093,36.5364,75.9244,374.9013,749.8027,789.266,1183.8989,75.8035,-1.1839,10.395423,15.593133,2.799122,29,215,300,5,0.03207536,0.00395337,0.05088190,0E-8,0.000000,0.912219,0.000000,-0.04848366,2026-03-31,2026-08-01,83,4123,1621,124,0.669355,0.205295,0.230786,0.106918,,,,,,,,GLOBAL_BASELINE_NO_ENTITY_RANKING,,,NOT_APPLICABLE_GLOBAL_BASELINE,HF9g-P5,,,,X 全窗基线 · 不参与实体赏罚,15055186,1506,A168_HF9F_20260827_0900,2026-08-27 09:00:00
2026-05-01,92755421,1302,0,155.8800315706,-78.9265982636,-78.9265982636,0.2500000,4,4,0.50665070000000000,0.506650700000,-1.0266936290537745,-1.0266936290537745,-1.0266936290537745,0E-17,ELIGIBLE,R03b_20260811_FULL_v1,L1_ELIGIBILITY,v2026-08-11,2026-03-21..2026-08-06,baccarat_bet02_101_all_pairs_incl_sentinel,round_win = game_pnl > 0 (decisive only),COMPATIBILITY_ONLY_NOT_PRODUCTION,2500103.8841,2280641.3266,9883.8276,11764,10369,-0.00395337,-0.05088190,-0.00239824,-0.00395337,-9883.8276,2500103.8841,OK,0.0000,395.3531,4.0000,96.0000,AG03-UNRESOLVED,ALL5_LEVELS_bet23_to_bet27,395.3531,395.3531,395.3531,395.3531,395.3531,4.000000,4.000000,4.000000,4.000000,4.000000,96.000000,96.000000,96.000000,96.000000,96.000000,5.0,1976.7655,1824.8244,7907.0621,8059.0032,PENDING_AG03,FALSE,NOT_FOR_ENFORCEMENT,9488.4745,2189415.6736,9883.8276,9488.4745,395.3531,0.00395337,0.00379523,395.3531,9488.4745,0.00379523,395.3531,395.3531,395.3531,395.3531,395.3531,9488.4745,0.00379523,1976.7655,1824.8244,7907.0621,8059.0032,0.00316269,0.00322347,0.00015813,212.5216,219.9480,0.9532,119.0823,2.3972,30121.7335,124.9277,49.0469,238.9093,36.5364,75.9244,374.9013,749.8027,789.266,1183.8989,75.8035,-1.1839,10.395423,15.593133,2.799122,29,215,300,5,0.03207536,0.00395337,0.05088190,0E-8,0.000000,0.912219,0.000000,-0.04848366,2026-03-31,2026-08-01,83,4123,1621,124,0.669355,0.205295,0.230786,0.106918,,,,,,,,GLOBAL_BASELINE_NO_ENTITY_RANKING,,,NOT_APPLICABLE_GLOBAL_BASELINE,HF9g-P5,,,,X 全窗基线 · 不参与实体赏罚,15055187,1506,A168_HF9F_20260827_0900,2026-08-27 09:00:00
2026-05-01,92755421,1325,0,44.1988950275,2.5651144436,2.5651144436,0.6666667,4,3,0.49229874583372466,0.423113866667,0.6040998579344855,0.8538470354145791,0.6040998579344855,0.06918487916672466,ELIGIBLE,R03b_20260811_FULL_v1,L1_ELIGIBILITY,v2026-08-11,2026-03-21..2026-08-06,baccarat_bet02_101_all_pairs_incl_sentinel,round_win = game_pnl > 0 (decisive only),COMPATIBILITY_ONLY_NOT_PRODUCTION,2500103.8841,2280641.3266,9883.8276,11764,10369,-0.00395337,-0.05088190,-0.00239824,-0.00395337,-9883.8276,2500103.8841,OK,0.0000,395.3531,4.0000,96.0000,AG03-UNRESOLVED,ALL5_LEVELS_bet23_to_bet27,395.3531,395.3531,395.3531,395.3531,395.3531,4.000000,4.000000,4.000000,4.000000,4.000000,96.000000,96.000000,96.000000,96.000000,96.000000,5.0,1976.7655,1824.8244,7907.0621,8059.0032,PENDING_AG03,FALSE,NOT_FOR_ENFORCEMENT,9488.4745,2189415.6736,9883.8276,9488.4745,395.3531,0.00395337,0.00379523,395.3531,9488.4745,0.00379523,395.3531,395.3531,395.3531,395.3531,395.3531,9488.4745,0.00379523,1976.7655,1824.8244,7907.0621,8059.0032,0.00316269,0.00322347,0.00015813,212.5216,219.9480,0.9532,119.0823,2.3972,30121.7335,124.9277,49.0469,238.9093,36.5364,75.9244,374.9013,749.8027,789.266,1183.8989,75.8035,-1.1839,10.395423,15.593133,2.799122,29,215,300,5,0.03207536,0.00395337,0.05088190,0E-8,0.000000,0.912219,0.000000,-0.04848366,2026-03-31,2026-08-01,83,4123,1621,124,0.669355,0.205295,0.230786,0.106918,,,,,,,,GLOBAL_BASELINE_NO_ENTITY_RANKING,,,NOT_APPLICABLE_GLOBAL_BASELINE,HF9g-P5,,,,X 全窗基线 · 不参与实体赏罚,15055188,1506,A168_HF9F_20260827_0900,2026-08-27 09:00:00
2026-05-01,92755421,1396,0,39.4632991318,-39.4632991318,-39.4632991318,0E-7,1,1,0.50665070000000000,0.506650700000,-1.013391052207602,-1.013391052207602,-1.013391052207602,0E-17,ELIGIBLE,R03b_20260811_FULL_v1,L1_ELIGIBILITY,v2026-08-11,2026-03-21..2026-08-06,baccarat_bet02_101_all_pairs_incl_sentinel,round_win = game_pnl > 0 (decisive only),COMPATIBILITY_ONLY_NOT_PRODUCTION,2500103.8841,2280641.3266,9883.8276,11764,10369,-0.00395337,-0.05088190,-0.00239824,-0.00395337,-9883.8276,2500103.8841,OK,0.0000,395.3531,4.0000,96.0000,AG03-UNRESOLVED,ALL5_LEVELS_bet23_to_bet27,395.3531,395.3531,395.3531,395.3531,395.3531,4.000000,4.000000,4.000000,4.000000,4.000000,96.000000,96.000000,96.000000,96.000000,96.000000,5.0,1976.7655,1824.8244,7907.0621,8059.0032,PENDING_AG03,FALSE,NOT_FOR_ENFORCEMENT,9488.4745,2189415.6736,9883.8276,9488.4745,395.3531,0.00395337,0.00379523,395.3531,9488.4745,0.00379523,395.3531,395.3531,395.3531,395.3531,395.3531,9488.4745,0.00379523,1976.7655,1824.8244,7907.0621,8059.0032,0.00316269,0.00322347,0.00015813,212.5216,219.9480,0.9532,119.0823,2.3972,30121.7335,124.9277,49.0469,238.9093,36.5364,75.9244,374.9013,749.8027,789.266,1183.8989,75.8035,-1.1839,10.395423,15.593133,2.799122,29,215,300,5,0.03207536,0.00395337,0.05088190,0E-8,0.000000,0.912219,0.000000,-0.04848366,2026-03-31,2026-08-01,83,4123,1621,124,0.669355,0.205295,0.230786,0.106918,,,,,,,,GLOBAL_BASELINE_NO_ENTITY_RANKING,,,NOT_APPLICABLE_GLOBAL_BASELINE,HF9g-P5,,,,X 全窗基线 · 不参与实体赏罚,15055189,1506,A168_HF9F_20260827_0900,2026-08-27 09:00:00
2026-05-01,92755421,1645,0,1.5785319653,-1.5785319653,-1.5785319653,0E-7,1,1,0.01883490000000000,0.018834900000,-0.1385513026636974,-0.1385513026636974,-0.1385513026636974,0E-17,ELIGIBLE,R03b_20260811_FULL_v1,L1_ELIGIBILITY,v2026-08-11,2026-03-21..2026-08-06,baccarat_bet02_101_all_pairs_incl_sentinel,round_win = game_pnl > 0 (decisive only),COMPATIBILITY_ONLY_NOT_PRODUCTION,2500103.8841,2280641.3266,9883.8276,11764,10369,-0.00395337,-0.05088190,-0.00239824,-0.00395337,-9883.8276,2500103.8841,OK,0.0000,395.3531,4.0000,96.0000,AG03-UNRESOLVED,ALL5_LEVELS_bet23_to_bet27,395.3531,395.3531,395.3531,395.3531,395.3531,4.000000,4.000000,4.000000,4.000000,4.000000,96.000000,96.000000,96.000000,96.000000,96.000000,5.0,1976.7655,1824.8244,7907.0621,8059.0032,PENDING_AG03,FALSE,NOT_FOR_ENFORCEMENT,9488.4745,2189415.6736,9883.8276,9488.4745,395.3531,0.00395337,0.00379523,395.3531,9488.4745,0.00379523,395.3531,395.3531,395.3531,395.3531,395.3531,9488.4745,0.00379523,1976.7655,1824.8244,7907.0621,8059.0032,0.00316269,0.00322347,0.00015813,212.5216,219.9480,0.9532,119.0823,2.3972,30121.7335,124.9277,49.0469,238.9093,36.5364,75.9244,374.9013,749.8027,789.266,1183.8989,75.8035,-1.1839,10.395423,15.593133,2.799122,29,215,300,5,0.03207536,0.00395337,0.05088190,0E-8,0.000000,0.912219,0.000000,-0.04848366,2026-03-31,2026-08-01,83,4123,1621,124,0.669355,0.205295,0.230786,0.106918,,,,,,,,GLOBAL_BASELINE_NO_ENTITY_RANKING,,,NOT_APPLICABLE_GLOBAL_BASELINE,HF9g-P5,,,,X 全窗基线 · 不参与实体赏罚,15055190,1506,A168_HF9F_20260827_0900,2026-08-27 09:00:00
2026-05-01,92755421,1985,0,41.0418310971,-25.2565114444,-25.2565114444,0E-7,4,3,0.46568917692331403,0.423113866667,-1.320280121390509,-1.211151795115193,-1.320280121390509,0.04257531025631403,ELIGIBLE,R03b_20260811_FULL_v1,L1_ELIGIBILITY,v2026-08-11,2026-03-21..2026-08-06,baccarat_bet02_101_all_pairs_incl_sentinel,round_win = game_pnl > 0 (decisive only),COMPATIBILITY_ONLY_NOT_PRODUCTION,2500103.8841,2280641.3266,9883.8276,11764,10369,-0.00395337,-0.05088190,-0.00239824,-0.00395337,-9883.8276,2500103.8841,OK,0.0000,395.3531,4.0000,96.0000,AG03-UNRESOLVED,ALL5_LEVELS_bet23_to_bet27,395.3531,395.3531,395.3531,395.3531,395.3531,4.000000,4.000000,4.000000,4.000000,4.000000,96.000000,96.000000,96.000000,96.000000,96.000000,5.0,1976.7655,1824.8244,7907.0621,8059.0032,PENDING_AG03,FALSE,NOT_FOR_ENFORCEMENT,9488.4745,2189415.6736,9883.8276,9488.4745,395.3531,0.00395337,0.00379523,395.3531,9488.4745,0.00379523,395.3531,395.3531,395.3531,395.3531,395.3531,9488.4745,0.00379523,1976.7655,1824.8244,7907.0621,8059.0032,0.00316269,0.00322347,0.00015813,212.5216,219.9480,0.9532,119.0823,2.3972,30121.7335,124.9277,49.0469,238.9093,36.5364,75.9244,374.9013,749.8027,789.266,1183.8989,75.8035,-1.1839,10.395423,15.593133,2.799122,29,215,300,5,0.03207536,0.00395337,0.05088190,0E-8,0.000000,0.912219,0.000000,-0.04848366,2026-03-31,2026-08-01,83,4123,1621,124,0.669355,0.205295,0.230786,0.106918,,,,,,,,GLOBAL_BASELINE_NO_ENTITY_RANKING,,,NOT_APPLICABLE_GLOBAL_BASELINE,HF9g-P5,,,,X 全窗基线 · 不参与实体赏罚,15055191,1506,A168_HF9F_20260827_0900,2026-08-27 09:00:00
2026-05-01,92755421,1994,0,76.9534333070,-3.8476716653,-3.8476716653,0.5000000,2,2,0.49994810000000000,0.499948100000,0.00014679536856514622,0.00014679536856514622,0.00014679536856514622,0E-17,ELIGIBLE,R03b_20260811_FULL_v1,L1_ELIGIBILITY,v2026-08-11,2026-03-21..2026-08-06,baccarat_bet02_101_all_pairs_incl_sentinel,round_win = game_pnl > 0 (decisive only),COMPATIBILITY_ONLY_NOT_PRODUCTION,2500103.8841,2280641.3266,9883.8276,11764,10369,-0.00395337,-0.05088190,-0.00239824,-0.00395337,-9883.8276,2500103.8841,OK,0.0000,395.3531,4.0000,96.0000,AG03-UNRESOLVED,ALL5_LEVELS_bet23_to_bet27,395.3531,395.3531,395.3531,395.3531,395.3531,4.000000,4.000000,4.000000,4.000000,4.000000,96.000000,96.000000,96.000000,96.000000,96.000000,5.0,1976.7655,1824.8244,7907.0621,8059.0032,PENDING_AG03,FALSE,NOT_FOR_ENFORCEMENT,9488.4745,2189415.6736,9883.8276,9488.4745,395.3531,0.00395337,0.00379523,395.3531,9488.4745,0.00379523,395.3531,395.3531,395.3531,395.3531,395.3531,9488.4745,0.00379523,1976.7655,1824.8244,7907.0621,8059.0032,0.00316269,0.00322347,0.00015813,212.5216,219.9480,0.9532,119.0823,2.3972,30121.7335,124.9277,49.0469,238.9093,36.5364,75.9244,374.9013,749.8027,789.266,1183.8989,75.8035,-1.1839,10.395423,15.593133,2.799122,29,215,300,5,0.03207536,0.00395337,0.05088190,0E-8,0.000000,0.912219,0.000000,-0.04848366,2026-03-31,2026-08-01,83,4123,1621,124,0.669355,0.205295,0.230786,0.106918,,,,,,,,GLOBAL_BASELINE_NO_ENTITY_RANKING,,,NOT_APPLICABLE_GLOBAL_BASELINE,HF9g-P5,,,,X 全窗基线 · 不参与实体赏罚,15055192,1506,A168_HF9F_20260827_0900,2026-08-27 09:00:00
2026-05-01,92755421,2123,0,78.9265982637,-23.6779794791,-23.6779794791,0.4000000,6,5,0.48279389333326655,0.451166520000,-0.3704849764449476,-0.2299228595170855,-0.3704849764449476,0.03162737333326655,ELIGIBLE,R03b_20260811_FULL_v1,L1_ELIGIBILITY,v2026-08-11,2026-03-21..2026-08-06,baccarat_bet02_101_all_pairs_incl_sentinel,round_win = game_pnl > 0 (decisive only),COMPATIBILITY_ONLY_NOT_PRODUCTION,2500103.8841,2280641.3266,9883.8276,11764,10369,-0.00395337,-0.05088190,-0.00239824,-0.00395337,-9883.8276,2500103.8841,OK,0.0000,395.3531,4.0000,96.0000,AG03-UNRESOLVED,ALL5_LEVELS_bet23_to_bet27,395.3531,395.3531,395.3531,395.3531,395.3531,4.000000,4.000000,4.000000,4.000000,4.000000,96.000000,96.000000,96.000000,96.000000,96.000000,5.0,1976.7655,1824.8244,7907.0621,8059.0032,PENDING_AG03,FALSE,NOT_FOR_ENFORCEMENT,9488.4745,2189415.6736,9883.8276,9488.4745,395.3531,0.00395337,0.00379523,395.3531,9488.4745,0.00379523,395.3531,395.3531,395.3531,395.3531,395.3531,9488.4745,0.00379523,1976.7655,1824.8244,7907.0621,8059.0032,0.00316269,0.00322347,0.00015813,212.5216,219.9480,0.9532,119.0823,2.3972,30121.7335,124.9277,49.0469,238.9093,36.5364,75.9244,374.9013,749.8027,789.266,1183.8989,75.8035,-1.1839,10.395423,15.593133,2.799122,29,215,300,5,0.03207536,0.00395337,0.05088190,0E-8,0.000000,0.912219,0.000000,-0.04848366,2026-03-31,2026-08-01,83,4123,1621,124,0.669355,0.205295,0.230786,0.106918,,,,,,,,GLOBAL_BASELINE_NO_ENTITY_RANKING,,,NOT_APPLICABLE_GLOBAL_BASELINE,HF9g-P5,,,,X 全窗基线 · 不参与实体赏罚,15055193,1506,A168_HF9F_20260827_0900,2026-08-27 09:00:00
2026-05-01,92755421,2129,0,71.0339384372,-35.5169692186,-35.5169692186,0E-7,2,2,0.49324550000000000,0.493245500000,-0.9865810262130424,-0.9865810262130424,-0.9865810262130424,0E-17,ELIGIBLE,R03b_20260811_FULL_v1,L1_ELIGIBILITY,v2026-08-11,2026-03-21..2026-08-06,baccarat_bet02_101_all_pairs_incl_sentinel,round_win = game_pnl > 0 (decisive only),COMPATIBILITY_ONLY_NOT_PRODUCTION,2500103.8841,2280641.3266,9883.8276,11764,10369,-0.00395337,-0.05088190,-0.00239824,-0.00395337,-9883.8276,2500103.8841,OK,0.0000,395.3531,4.0000,96.0000,AG03-UNRESOLVED,ALL5_LEVELS_bet23_to_bet27,395.3531,395.3531,395.3531,395.3531,395.3531,4.000000,4.000000,4.000000,4.000000,4.000000,96.000000,96.000000,96.000000,96.000000,96.000000,5.0,1976.7655,1824.8244,7907.0621,8059.0032,PENDING_AG03,FALSE,NOT_FOR_ENFORCEMENT,9488.4745,2189415.6736,9883.8276,9488.4745,395.3531,0.00395337,0.00379523,395.3531,9488.4745,0.00379523,395.3531,395.3531,395.3531,395.3531,395.3531,9488.4745,0.00379523,1976.7655,1824.8244,7907.0621,8059.0032,0.00316269,0.00322347,0.00015813,212.5216,219.9480,0.9532,119.0823,2.3972,30121.7335,124.9277,49.0469,238.9093,36.5364,75.9244,374.9013,749.8027,789.266,1183.8989,75.8035,-1.1839,10.395423,15.593133,2.799122,29,215,300,5,0.03207536,0.00395337,0.05088190,0E-8,0.000000,0.912219,0.000000,-0.04848366,2026-03-31,2026-08-01,83,4123,1621,124,0.669355,0.205295,0.230786,0.106918,,,,,,,,GLOBAL_BASELINE_NO_ENTITY_RANKING,,,NOT_APPLICABLE_GLOBAL_BASELINE,HF9g-P5,,,,X 全窗基线 · 不参与实体赏罚,15055194,1506,A168_HF9F_20260827_0900,2026-08-27 09:00:00
2026-05-01,92755421,2145,0,3.9463299132,-3.9463299132,-3.9463299132,0E-7,1,1,0.01883490000000000,0.018834900000,-0.1385513026636974,-0.1385513026636974,-0.1385513026636974,0E-17,ELIGIBLE,R03b_20260811_FULL_v1,L1_ELIGIBILITY,v2026-08-11,2026-03-21..2026-08-06,baccarat_bet02_101_all_pairs_incl_sentinel,round_win = game_pnl > 0 (decisive only),COMPATIBILITY_ONLY_NOT_PRODUCTION,2500103.8841,2280641.3266,9883.8276,11764,10369,-0.00395337,-0.05088190,-0.00239824,-0.00395337,-9883.8276,2500103.8841,OK,0.0000,395.3531,4.0000,96.0000,AG03-UNRESOLVED,ALL5_LEVELS_bet23_to_bet27,395.3531,395.3531,395.3531,395.3531,395.3531,4.000000,4.000000,4.000000,4.000000,4.000000,96.000000,96.000000,96.000000,96.000000,96.000000,5.0,1976.7655,1824.8244,7907.0621,8059.0032,PENDING_AG03,FALSE,NOT_FOR_ENFORCEMENT,9488.4745,2189415.6736,9883.8276,9488.4745,395.3531,0.00395337,0.00379523,395.3531,9488.4745,0.00379523,395.3531,395.3531,395.3531,395.3531,395.3531,9488.4745,0.00379523,1976.7655,1824.8244,7907.0621,8059.0032,0.00316269,0.00322347,0.00015813,212.5216,219.9480,0.9532,119.0823,2.3972,30121.7335,124.9277,49.0469,238.9093,36.5364,75.9244,374.9013,749.8027,789.266,1183.8989,75.8035,-1.1839,10.395423,15.593133,2.799122,29,215,300,5,0.03207536,0.00395337,0.05088190,0E-8,0.000000,0.912219,0.000000,-0.04848366,2026-03-31,2026-08-01,83,4123,1621,124,0.669355,0.205295,0.230786,0.106918,,,,,,,,GLOBAL_BASELINE_NO_ENTITY_RANKING,,,NOT_APPLICABLE_GLOBAL_BASELINE,HF9g-P5,,,,X 全窗基线 · 不参与实体赏罚,15055195,1506,A168_HF9F_20260827_0900,2026-08-27 09:00:00
2026-05-01,92755421,2170,0,201.2628255722,31.5706393054,31.5706393054,0.6000000,7,5,0.48790104562764296,0.405065980000,0.5014686005223778,0.8879230994316916,0.5014686005223778,0.08283506562764296,ELIGIBLE,R03b_20260811_FULL_v1,L1_ELIGIBILITY,v2026-08-11,2026-03-21..2026-08-06,baccarat_bet02_101_all_pairs_incl_sentinel,round_win = game_pnl > 0 (decisive only),COMPATIBILITY_ONLY_NOT_PRODUCTION,2500103.8841,2280641.3266,9883.8276,11764,10369,-0.00395337,-0.05088190,-0.00239824,-0.00395337,-9883.8276,2500103.8841,OK,0.0000,395.3531,4.0000,96.0000,AG03-UNRESOLVED,ALL5_LEVELS_bet23_to_bet27,395.3531,395.3531,395.3531,395.3531,395.3531,4.000000,4.000000,4.000000,4.000000,4.000000,96.000000,96.000000,96.000000,96.000000,96.000000,5.0,1976.7655,1824.8244,7907.0621,8059.0032,PENDING_AG03,FALSE,NOT_FOR_ENFORCEMENT,9488.4745,2189415.6736,9883.8276,9488.4745,395.3531,0.00395337,0.00379523,395.3531,9488.4745,0.00379523,395.3531,395.3531,395.3531,395.3531,395.3531,9488.4745,0.00379523,1976.7655,1824.8244,7907.0621,8059.0032,0.00316269,0.00322347,0.00015813,212.5216,219.9480,0.9532,119.0823,2.3972,30121.7335,124.9277,49.0469,238.9093,36.5364,75.9244,374.9013,749.8027,789.266,1183.8989,75.8035,-1.1839,10.395423,15.593133,2.799122,29,215,300,5,0.03207536,0.00395337,0.05088190,0E-8,0.000000,0.912219,0.000000,-0.04848366,2026-03-31,2026-08-01,83,4123,1621,124,0.669355,0.205295,0.230786,0.106918,,,,,,,,GLOBAL_BASELINE_NO_ENTITY_RANKING,,,NOT_APPLICABLE_GLOBAL_BASELINE,HF9g-P5,,,,X 全窗基线 · 不参与实体赏罚,15055196,1506,A168_HF9F_20260827_0900,2026-08-27 09:00:00
2026-05-01,92755421,2202,0,39.4632991318,-39.4632991318,-39.4632991318,0E-7,1,1,0.49324550000000000,0.493245500000,-0.9865810262130424,-0.9865810262130424,-0.9865810262130424,0E-17,ELIGIBLE,R03b_20260811_FULL_v1,L1_ELIGIBILITY,v2026-08-11,2026-03-21..2026-08-06,baccarat_bet02_101_all_pairs_incl_sentinel,round_win = game_pnl > 0 (decisive only),COMPATIBILITY_ONLY_NOT_PRODUCTION,2500103.8841,2280641.3266,9883.8276,11764,10369,-0.00395337,-0.05088190,-0.00239824,-0.00395337,-9883.8276,2500103.8841,OK,0.0000,395.3531,4.0000,96.0000,AG03-UNRESOLVED,ALL5_LEVELS_bet23_to_bet27,395.3531,395.3531,395.3531,395.3531,395.3531,4.000000,4.000000,4.000000,4.000000,4.000000,96.000000,96.000000,96.000000,96.000000,96.000000,5.0,1976.7655,1824.8244,7907.0621,8059.0032,PENDING_AG03,FALSE,NOT_FOR_ENFORCEMENT,9488.4745,2189415.6736,9883.8276,9488.4745,395.3531,0.00395337,0.00379523,395.3531,9488.4745,0.00379523,395.3531,395.3531,395.3531,395.3531,395.3531,9488.4745,0.00379523,1976.7655,1824.8244,7907.0621,8059.0032,0.00316269,0.00322347,0.00015813,212.5216,219.9480,0.9532,119.0823,2.3972,30121.7335,124.9277,49.0469,238.9093,36.5364,75.9244,374.9013,749.8027,789.266,1183.8989,75.8035,-1.1839,10.395423,15.593133,2.799122,29,215,300,5,0.03207536,0.00395337,0.05088190,0E-8,0.000000,0.912219,0.000000,-0.04848366,2026-03-31,2026-08-01,83,4123,1621,124,0.669355,0.205295,0.230786,0.106918,,,,,,,,GLOBAL_BASELINE_NO_ENTITY_RANKING,,,NOT_APPLICABLE_GLOBAL_BASELINE,HF9g-P5,,,,X 全窗基线 · 不参与实体赏罚,15055197,1506,A168_HF9F_20260827_0900,2026-08-27 09:00:00
2026-05-01,92755421,2224,0,114.4435674822,-7.2612470402,-7.2612470402,0.6000000,6,5,0.49495826769246774,0.451166520000,0.4697847914150492,0.6688009916148089,0.4697847914150492,0.04379174769246774,ELIGIBLE,R03b_20260811_FULL_v1,L1_ELIGIBILITY,v2026-08-11,2026-03-21..2026-08-06,baccarat_bet02_101_all_pairs_incl_sentinel,round_win = game_pnl > 0 (decisive only),COMPATIBILITY_ONLY_NOT_PRODUCTION,2500103.8841,2280641.3266,9883.8276,11764,10369,-0.00395337,-0.05088190,-0.00239824,-0.00395337,-9883.8276,2500103.8841,OK,0.0000,395.3531,4.0000,96.0000,AG03-UNRESOLVED,ALL5_LEVELS_bet23_to_bet27,395.3531,395.3531,395.3531,395.3531,395.3531,4.000000,4.000000,4.000000,4.000000,4.000000,96.000000,96.000000,96.000000,96.000000,96.000000,5.0,1976.7655,1824.8244,7907.0621,8059.0032,PENDING_AG03,FALSE,NOT_FOR_ENFORCEMENT,9488.4745,2189415.6736,9883.8276,9488.4745,395.3531,0.00395337,0.00379523,395.3531,9488.4745,0.00379523,395.3531,395.3531,395.3531,395.3531,395.3531,9488.4745,0.00379523,1976.7655,1824.8244,7907.0621,8059.0032,0.00316269,0.00322347,0.00015813,212.5216,219.9480,0.9532,119.0823,2.3972,30121.7335,124.9277,49.0469,238.9093,36.5364,75.9244,374.9013,749.8027,789.266,1183.8989,75.8035,-1.1839,10.395423,15.593133,2.799122,29,215,300,5,0.03207536,0.00395337,0.05088190,0E-8,0.000000,0.912219,0.000000,-0.04848366,2026-03-31,2026-08-01,83,4123,1621,124,0.669355,0.205295,0.230786,0.106918,,,,,,,,GLOBAL_BASELINE_NO_ENTITY_RANKING,,,NOT_APPLICABLE_GLOBAL_BASELINE,HF9g-P5,,,,X 全窗基线 · 不参与实体赏罚,15055198,1506,A168_HF9F_20260827_0900,2026-08-27 09:00:00
2026-05-01,92755421,2229,0,78.9265982636,0E-10,0E-10,0.5000000,2,2,0.49994810000000000,0.499948100000,0.00014679536856514622,0.00014679536856514622,0.00014679536856514622,0E-17,ELIGIBLE,R03b_20260811_FULL_v1,L1_ELIGIBILITY,v2026-08-11,2026-03-21..2026-08-06,baccarat_bet02_101_all_pairs_incl_sentinel,round_win = game_pnl > 0 (decisive only),COMPATIBILITY_ONLY_NOT_PRODUCTION,2500103.8841,2280641.3266,9883.8276,11764,10369,-0.00395337,-0.05088190,-0.00239824,-0.00395337,-9883.8276,2500103.8841,OK,0.0000,395.3531,4.0000,96.0000,AG03-UNRESOLVED,ALL5_LEVELS_bet23_to_bet27,395.3531,395.3531,395.3531,395.3531,395.3531,4.000000,4.000000,4.000000,4.000000,4.000000,96.000000,96.000000,96.000000,96.000000,96.000000,5.0,1976.7655,1824.8244,7907.0621,8059.0032,PENDING_AG03,FALSE,NOT_FOR_ENFORCEMENT,9488.4745,2189415.6736,9883.8276,9488.4745,395.3531,0.00395337,0.00379523,395.3531,9488.4745,0.00379523,395.3531,395.3531,395.3531,395.3531,395.3531,9488.4745,0.00379523,1976.7655,1824.8244,7907.0621,8059.0032,0.00316269,0.00322347,0.00015813,212.5216,219.9480,0.9532,119.0823,2.3972,30121.7335,124.9277,49.0469,238.9093,36.5364,75.9244,374.9013,749.8027,789.266,1183.8989,75.8035,-1.1839,10.395423,15.593133,2.799122,29,215,300,5,0.03207536,0.00395337,0.05088190,0E-8,0.000000,0.912219,0.000000,-0.04848366,2026-03-31,2026-08-01,83,4123,1621,124,0.669355,0.205295,0.230786,0.106918,,,,,,,,GLOBAL_BASELINE_NO_ENTITY_RANKING,,,NOT_APPLICABLE_GLOBAL_BASELINE,HF9g-P5,,,,X 全窗基线 · 不参与实体赏罚,15055199,1506,A168_HF9F_20260827_0900,2026-08-27 09:00:00
2026-05-01,92755421,2266,0,116.4167324388,-39.4632991318,-39.4632991318,0.3333333,3,3,0.50218230000000000,0.502182300000,-0.5849155494134425,-0.5849155494134426,-0.5849155494134425,0E-17,ELIGIBLE,R03b_20260811_FULL_v1,L1_ELIGIBILITY,v2026-08-11,2026-03-21..2026-08-06,baccarat_bet02_101_all_pairs_incl_sentinel,round_win = game_pnl > 0 (decisive only),COMPATIBILITY_ONLY_NOT_PRODUCTION,2500103.8841,2280641.3266,9883.8276,11764,10369,-0.00395337,-0.05088190,-0.00239824,-0.00395337,-9883.8276,2500103.8841,OK,0.0000,395.3531,4.0000,96.0000,AG03-UNRESOLVED,ALL5_LEVELS_bet23_to_bet27,395.3531,395.3531,395.3531,395.3531,395.3531,4.000000,4.000000,4.000000,4.000000,4.000000,96.000000,96.000000,96.000000,96.000000,96.000000,5.0,1976.7655,1824.8244,7907.0621,8059.0032,PENDING_AG03,FALSE,NOT_FOR_ENFORCEMENT,9488.4745,2189415.6736,9883.8276,9488.4745,395.3531,0.00395337,0.00379523,395.3531,9488.4745,0.00379523,395.3531,395.3531,395.3531,395.3531,395.3531,9488.4745,0.00379523,1976.7655,1824.8244,7907.0621,8059.0032,0.00316269,0.00322347,0.00015813,212.5216,219.9480,0.9532,119.0823,2.3972,30121.7335,124.9277,49.0469,238.9093,36.5364,75.9244,374.9013,749.8027,789.266,1183.8989,75.8035,-1.1839,10.395423,15.593133,2.799122,29,215,300,5,0.03207536,0.00395337,0.05088190,0E-8,0.000000,0.912219,0.000000,-0.04848366,2026-03-31,2026-08-01,83,4123,1621,124,0.669355,0.205295,0.230786,0.106918,,,,,,,,GLOBAL_BASELINE_NO_ENTITY_RANKING,,,NOT_APPLICABLE_GLOBAL_BASELINE,HF9g-P5,,,,X 全窗基线 · 不参与实体赏罚,15055200,1506,A168_HF9F_20260827_0900,2026-08-27 09:00:00
2026-05-01,92755421,471,0,234.8066298342,74.9802683504,74.9802683504,0.7500000,6,6,0.49771390000000000,0.497713900000,1.0091549482537034,1.0091549482537037,1.0091549482537034,0E-17,ELIGIBLE,R03b_20260811_FULL_v1,L1_ELIGIBILITY,v2026-08-11,2026-03-21..2026-08-06,baccarat_bet02_101_all_pairs_incl_sentinel,round_win = game_pnl > 0 (decisive only),COMPATIBILITY_ONLY_NOT_PRODUCTION,2500103.8841,2280641.3266,9883.8276,11764,10369,-0.00395337,-0.05088190,-0.00239824,-0.00395337,-9883.8276,2500103.8841,OK,0.0000,395.3531,4.0000,96.0000,AG03-UNRESOLVED,ALL5_LEVELS_bet23_to_bet27,395.3531,395.3531,395.3531,395.3531,395.3531,4.000000,4.000000,4.000000,4.000000,4.000000,96.000000,96.000000,96.000000,96.000000,96.000000,5.0,1976.7655,1824.8244,7907.0621,8059.0032,PENDING_AG03,FALSE,NOT_FOR_ENFORCEMENT,9488.4745,2189415.6736,9883.8276,9488.4745,395.3531,0.00395337,0.00379523,395.3531,9488.4745,0.00379523,395.3531,395.3531,395.3531,395.3531,395.3531,9488.4745,0.00379523,1976.7655,1824.8244,7907.0621,8059.0032,0.00316269,0.00322347,0.00015813,212.5216,219.9480,0.9532,119.0823,2.3972,30121.7335,124.9277,49.0469,238.9093,36.5364,75.9244,374.9013,749.8027,789.266,1183.8989,75.8035,-1.1839,10.395423,15.593133,2.799122,29,215,300,5,0.03207536,0.00395337,0.05088190,0E-8,0.000000,0.912219,0.000000,-0.04848366,2026-03-31,2026-08-01,83,4123,1621,124,0.669355,0.205295,0.230786,0.106918,,,,,,,,GLOBAL_BASELINE_NO_ENTITY_RANKING,,,NOT_APPLICABLE_GLOBAL_BASELINE,HF9g-P5,,,,X 全窗基线 · 不参与实体赏罚,15055201,1506,A168_HF9F_20260827_0900,2026-08-27 09:00:00
2026-05-01,92755421,526,0,22.4940805051,0.5919494870,0.5919494870,0.5000000,2,2,0.50665070000000000,0.506650700000,-0.018812684590367487,-0.018812684590367487,-0.018812684590367487,0E-17,ELIGIBLE,R03b_20260811_FULL_v1,L1_ELIGIBILITY,v2026-08-11,2026-03-21..2026-08-06,baccarat_bet02_101_all_pairs_incl_sentinel,round_win = game_pnl > 0 (decisive only),COMPATIBILITY_ONLY_NOT_PRODUCTION,2500103.8841,2280641.3266,9883.8276,11764,10369,-0.00395337,-0.05088190,-0.00239824,-0.00395337,-9883.8276,2500103.8841,OK,0.0000,395.3531,4.0000,96.0000,AG03-UNRESOLVED,ALL5_LEVELS_bet23_to_bet27,395.3531,395.3531,395.3531,395.3531,395.3531,4.000000,4.000000,4.000000,4.000000,4.000000,96.000000,96.000000,96.000000,96.000000,96.000000,5.0,1976.7655,1824.8244,7907.0621,8059.0032,PENDING_AG03,FALSE,NOT_FOR_ENFORCEMENT,9488.4745,2189415.6736,9883.8276,9488.4745,395.3531,0.00395337,0.00379523,395.3531,9488.4745,0.00379523,395.3531,395.3531,395.3531,395.3531,395.3531,9488.4745,0.00379523,1976.7655,1824.8244,7907.0621,8059.0032,0.00316269,0.00322347,0.00015813,212.5216,219.9480,0.9532,119.0823,2.3972,30121.7335,124.9277,49.0469,238.9093,36.5364,75.9244,374.9013,749.8027,789.266,1183.8989,75.8035,-1.1839,10.395423,15.593133,2.799122,29,215,300,5,0.03207536,0.00395337,0.05088190,0E-8,0.000000,0.912219,0.000000,-0.04848366,2026-03-31,2026-08-01,83,4123,1621,124,0.669355,0.205295,0.230786,0.106918,,,,,,,,GLOBAL_BASELINE_NO_ENTITY_RANKING,,,NOT_APPLICABLE_GLOBAL_BASELINE,HF9g-P5,,,,X 全窗基线 · 不参与实体赏罚,15055202,1506,A168_HF9F_20260827_0900,2026-08-27 09:00:00
2026-05-01,92755421,550,0,194.5540647198,73.2044198895,73.2044198895,0.8000000,5,5,0.50128862000000000,0.501288620000,1.335882339249048,1.335882339249048,1.335882339249048,0E-17,ELIGIBLE,R03b_20260811_FULL_v1,L1_ELIGIBILITY,v2026-08-11,2026-03-21..2026-08-06,baccarat_bet02_101_all_pairs_incl_sentinel,round_win = game_pnl > 0 (decisive only),COMPATIBILITY_ONLY_NOT_PRODUCTION,2500103.8841,2280641.3266,9883.8276,11764,10369,-0.00395337,-0.05088190,-0.00239824,-0.00395337,-9883.8276,2500103.8841,OK,0.0000,395.3531,4.0000,96.0000,AG03-UNRESOLVED,ALL5_LEVELS_bet23_to_bet27,395.3531,395.3531,395.3531,395.3531,395.3531,4.000000,4.000000,4.000000,4.000000,4.000000,96.000000,96.000000,96.000000,96.000000,96.000000,5.0,1976.7655,1824.8244,7907.0621,8059.0032,PENDING_AG03,FALSE,NOT_FOR_ENFORCEMENT,9488.4745,2189415.6736,9883.8276,9488.4745,395.3531,0.00395337,0.00379523,395.3531,9488.4745,0.00379523,395.3531,395.3531,395.3531,395.3531,395.3531,9488.4745,0.00379523,1976.7655,1824.8244,7907.0621,8059.0032,0.00316269,0.00322347,0.00015813,212.5216,219.9480,0.9532,119.0823,2.3972,30121.7335,124.9277,49.0469,238.9093,36.5364,75.9244,374.9013,749.8027,789.266,1183.8989,75.8035,-1.1839,10.395423,15.593133,2.799122,29,215,300,5,0.03207536,0.00395337,0.05088190,0E-8,0.000000,0.912219,0.000000,-0.04848366,2026-03-31,2026-08-01,83,4123,1621,124,0.669355,0.205295,0.230786,0.106918,,,,,,,,GLOBAL_BASELINE_NO_ENTITY_RANKING,,,NOT_APPLICABLE_GLOBAL_BASELINE,HF9g-P5,,,,X 全窗基线 · 不参与实体赏罚,15055203,1506,A168_HF9F_20260827_0900,2026-08-27 09:00:00
2026-05-01,92755421,583,0,333.4648776637,-61.1681136543,-61.1681136543,0.3750000,10,9,0.49662233068781823,0.472102488889,-0.6880154970196326,-0.5501516286628755,-0.6880154970196326,0.02451984179881823,ELIGIBLE,R03b_20260811_FULL_v1,L1_ELIGIBILITY,v2026-08-11,2026-03-21..2026-08-06,baccarat_bet02_101_all_pairs_incl_sentinel,round_win = game_pnl > 0 (decisive only),COMPATIBILITY_ONLY_NOT_PRODUCTION,2500103.8841,2280641.3266,9883.8276,11764,10369,-0.00395337,-0.05088190,-0.00239824,-0.00395337,-9883.8276,2500103.8841,OK,0.0000,395.3531,4.0000,96.0000,AG03-UNRESOLVED,ALL5_LEVELS_bet23_to_bet27,395.3531,395.3531,395.3531,395.3531,395.3531,4.000000,4.000000,4.000000,4.000000,4.000000,96.000000,96.000000,96.000000,96.000000,96.000000,5.0,1976.7655,1824.8244,7907.0621,8059.0032,PENDING_AG03,FALSE,NOT_FOR_ENFORCEMENT,9488.4745,2189415.6736,9883.8276,9488.4745,395.3531,0.00395337,0.00379523,395.3531,9488.4745,0.00379523,395.3531,395.3531,395.3531,395.3531,395.3531,9488.4745,0.00379523,1976.7655,1824.8244,7907.0621,8059.0032,0.00316269,0.00322347,0.00015813,212.5216,219.9480,0.9532,119.0823,2.3972,30121.7335,124.9277,49.0469,238.9093,36.5364,75.9244,374.9013,749.8027,789.266,1183.8989,75.8035,-1.1839,10.395423,15.593133,2.799122,29,215,300,5,0.03207536,0.00395337,0.05088190,0E-8,0.000000,0.912219,0.000000,-0.04848366,2026-03-31,2026-08-01,83,4123,1621,124,0.669355,0.205295,0.230786,0.106918,,,,,,,,GLOBAL_BASELINE_NO_ENTITY_RANKING,,,NOT_APPLICABLE_GLOBAL_BASELINE,HF9g-P5,,,,X 全窗基线 · 不参与实体赏罚,15055204,1506,A168_HF9F_20260827_0900,2026-08-27 09:00:00
2026-05-01,92755421,752,0,80.8997632202,-3.9463299132,-3.9463299132,0.5000000,3,2,0.48865260952375501,0.381345450000,0.03210353559540759,0.3454745057990616,0.03210353559540759,0.10730715952375501,ELIGIBLE,R03b_20260811_FULL_v1,L1_ELIGIBILITY,v2026-08-11,2026-03-21..2026-08-06,baccarat_bet02_101_all_pairs_incl_sentinel,round_win = game_pnl > 0 (decisive only),COMPATIBILITY_ONLY_NOT_PRODUCTION,2500103.8841,2280641.3266,9883.8276,11764,10369,-0.00395337,-0.05088190,-0.00239824,-0.00395337,-9883.8276,2500103.8841,OK,0.0000,395.3531,4.0000,96.0000,AG03-UNRESOLVED,ALL5_LEVELS_bet23_to_bet27,395.3531,395.3531,395.3531,395.3531,395.3531,4.000000,4.000000,4.000000,4.000000,4.000000,96.000000,96.000000,96.000000,96.000000,96.000000,5.0,1976.7655,1824.8244,7907.0621,8059.0032,PENDING_AG03,FALSE,NOT_FOR_ENFORCEMENT,9488.4745,2189415.6736,9883.8276,9488.4745,395.3531,0.00395337,0.00379523,395.3531,9488.4745,0.00379523,395.3531,395.3531,395.3531,395.3531,395.3531,9488.4745,0.00379523,1976.7655,1824.8244,7907.0621,8059.0032,0.00316269,0.00322347,0.00015813,212.5216,219.9480,0.9532,119.0823,2.3972,30121.7335,124.9277,49.0469,238.9093,36.5364,75.9244,374.9013,749.8027,789.266,1183.8989,75.8035,-1.1839,10.395423,15.593133,2.799122,29,215,300,5,0.03207536,0.00395337,0.05088190,0E-8,0.000000,0.912219,0.000000,-0.04848366,2026-03-31,2026-08-01,83,4123,1621,124,0.669355,0.205295,0.230786,0.106918,,,,,,,,GLOBAL_BASELINE_NO_ENTITY_RANKING,,,NOT_APPLICABLE_GLOBAL_BASELINE,HF9g-P5,,,,X 全窗基线 · 不参与实体赏罚,15055205,1506,A168_HF9F_20260827_0900,2026-08-27 09:00:00
2026-05-01,92755421,789,0,78.9265982636,0E-10,0E-10,0.5000000,2,2,0.49994810000000000,0.499948100000,0.00014679536856514622,0.00014679536856514622,0.00014679536856514622,0E-17,ELIGIBLE,R03b_20260811_FULL_v1,L1_ELIGIBILITY,v2026-08-11,2026-03-21..2026-08-06,baccarat_bet02_101_all_pairs_incl_sentinel,round_win = game_pnl > 0 (decisive only),COMPATIBILITY_ONLY_NOT_PRODUCTION,2500103.8841,2280641.3266,9883.8276,11764,10369,-0.00395337,-0.05088190,-0.00239824,-0.00395337,-9883.8276,2500103.8841,OK,0.0000,395.3531,4.0000,96.0000,AG03-UNRESOLVED,ALL5_LEVELS_bet23_to_bet27,395.3531,395.3531,395.3531,395.3531,395.3531,4.000000,4.000000,4.000000,4.000000,4.000000,96.000000,96.000000,96.000000,96.000000,96.000000,5.0,1976.7655,1824.8244,7907.0621,8059.0032,PENDING_AG03,FALSE,NOT_FOR_ENFORCEMENT,9488.4745,2189415.6736,9883.8276,9488.4745,395.3531,0.00395337,0.00379523,395.3531,9488.4745,0.00379523,395.3531,395.3531,395.3531,395.3531,395.3531,9488.4745,0.00379523,1976.7655,1824.8244,7907.0621,8059.0032,0.00316269,0.00322347,0.00015813,212.5216,219.9480,0.9532,119.0823,2.3972,30121.7335,124.9277,49.0469,238.9093,36.5364,75.9244,374.9013,749.8027,789.266,1183.8989,75.8035,-1.1839,10.395423,15.593133,2.799122,29,215,300,5,0.03207536,0.00395337,0.05088190,0E-8,0.000000,0.912219,0.000000,-0.04848366,2026-03-31,2026-08-01,83,4123,1621,124,0.669355,0.205295,0.230786,0.106918,,,,,,,,GLOBAL_BASELINE_NO_ENTITY_RANKING,,,NOT_APPLICABLE_GLOBAL_BASELINE,HF9g-P5,,,,X 全窗基线 · 不参与实体赏罚,15055206,1506,A168_HF9F_20260827_0900,2026-08-27 09:00:00
2026-05-01,92755421,989,0,215.0749802683,55.2486187845,55.2486187845,0.6000000,6,6,0.49994810000000000,0.499948100000,0.44744570176651083,0.44744570176651083,0.44744570176651083,0E-17,ELIGIBLE,R03b_20260811_FULL_v1,L1_ELIGIBILITY,v2026-08-11,2026-03-21..2026-08-06,baccarat_bet02_101_all_pairs_incl_sentinel,round_win = game_pnl > 0 (decisive only),COMPATIBILITY_ONLY_NOT_PRODUCTION,2500103.8841,2280641.3266,9883.8276,11764,10369,-0.00395337,-0.05088190,-0.00239824,-0.00395337,-9883.8276,2500103.8841,OK,0.0000,395.3531,4.0000,96.0000,AG03-UNRESOLVED,ALL5_LEVELS_bet23_to_bet27,395.3531,395.3531,395.3531,395.3531,395.3531,4.000000,4.000000,4.000000,4.000000,4.000000,96.000000,96.000000,96.000000,96.000000,96.000000,5.0,1976.7655,1824.8244,7907.0621,8059.0032,PENDING_AG03,FALSE,NOT_FOR_ENFORCEMENT,9488.4745,2189415.6736,9883.8276,9488.4745,395.3531,0.00395337,0.00379523,395.3531,9488.4745,0.00379523,395.3531,395.3531,395.3531,395.3531,395.3531,9488.4745,0.00379523,1976.7655,1824.8244,7907.0621,8059.0032,0.00316269,0.00322347,0.00015813,212.5216,219.9480,0.9532,119.0823,2.3972,30121.7335,124.9277,49.0469,238.9093,36.5364,75.9244,374.9013,749.8027,789.266,1183.8989,75.8035,-1.1839,10.395423,15.593133,2.799122,29,215,300,5,0.03207536,0.00395337,0.05088190,0E-8,0.000000,0.912219,0.000000,-0.04848366,2026-03-31,2026-08-01,83,4123,1621,124,0.669355,0.205295,0.230786,0.106918,,,,,,,,GLOBAL_BASELINE_NO_ENTITY_RANKING,,,NOT_APPLICABLE_GLOBAL_BASELINE,HF9g-P5,,,,X 全窗基线 · 不参与实体赏罚,15055207,1506,A168_HF9F_20260827_0900,2026-08-27 09:00:00
2026-05-02,92755421,-1,1,7.4980268350,-7.4980268350,-7.4980268350,0E-7,1,1,0.50665070000000000,0.506650700000,-1.013391052207602,-1.013391052207602,-1.013391052207602,0E-17,SENTINEL_DEALER,R03b_20260811_FULL_v1,L1_ELIGIBILITY,v2026-08-11,2026-03-21..2026-08-06,baccarat_bet02_101_all_pairs_incl_sentinel,round_win = game_pnl > 0 (decisive only),COMPATIBILITY_ONLY_NOT_PRODUCTION,2500103.8841,2280641.3266,9883.8276,11764,10369,-0.00395337,-0.05088190,-0.00239824,-0.00395337,-9883.8276,2500103.8841,OK,0.0000,395.3531,4.0000,96.0000,AG03-UNRESOLVED,ALL5_LEVELS_bet23_to_bet27,395.3531,395.3531,395.3531,395.3531,395.3531,4.000000,4.000000,4.000000,4.000000,4.000000,96.000000,96.000000,96.000000,96.000000,96.000000,5.0,1976.7655,1824.8244,7907.0621,8059.0032,PENDING_AG03,FALSE,NOT_FOR_ENFORCEMENT,9488.4745,2189415.6736,9883.8276,9488.4745,395.3531,0.00395337,0.00379523,395.3531,9488.4745,0.00379523,395.3531,395.3531,395.3531,395.3531,395.3531,9488.4745,0.00379523,1976.7655,1824.8244,7907.0621,8059.0032,0.00316269,0.00322347,0.00015813,212.5216,219.9480,0.9532,119.0823,2.3972,30121.7335,124.9277,49.0469,238.9093,36.5364,75.9244,374.9013,749.8027,789.266,1183.8989,75.8035,-1.1839,10.395423,15.593133,2.799122,29,215,300,5,0.03207536,0.00395337,0.05088190,0E-8,0.000000,0.912219,0.000000,-0.04848366,2026-03-31,2026-08-01,83,4123,1621,124,0.669355,0.205295,0.230786,0.106918,,,,,,,,GLOBAL_BASELINE_NO_ENTITY_RANKING,,,NOT_APPLICABLE_GLOBAL_BASELINE,HF9g-P5,,,,X 全窗基线 · 不参与实体赏罚,15055208,1506,A168_HF9F_20260827_0900,2026-08-27 09:00:00
2026-05-04,92755421,1330,0,76.9534333070,0E-10,0E-10,0.5000000,6,4,0.48748851309834801,0.381345450000,0.05006162308386105,0.4885747315551754,0.05006162308386105,0.10614306309834801,ELIGIBLE,R03b_20260811_FULL_v1,L1_ELIGIBILITY,v2026-08-11,2026-03-21..2026-08-06,baccarat_bet02_101_all_pairs_incl_sentinel,round_win = game_pnl > 0 (decisive only),COMPATIBILITY_ONLY_NOT_PRODUCTION,2500103.8841,2280641.3266,9883.8276,11764,10369,-0.00395337,-0.05088190,-0.00239824,-0.00395337,-9883.8276,2500103.8841,OK,0.0000,395.3531,4.0000,96.0000,AG03-UNRESOLVED,ALL5_LEVELS_bet23_to_bet27,395.3531,395.3531,395.3531,395.3531,395.3531,4.000000,4.000000,4.000000,4.000000,4.000000,96.000000,96.000000,96.000000,96.000000,96.000000,5.0,1976.7655,1824.8244,7907.0621,8059.0032,PENDING_AG03,FALSE,NOT_FOR_ENFORCEMENT,9488.4745,2189415.6736,9883.8276,9488.4745,395.3531,0.00395337,0.00379523,395.3531,9488.4745,0.00379523,395.3531,395.3531,395.3531,395.3531,395.3531,9488.4745,0.00379523,1976.7655,1824.8244,7907.0621,8059.0032,0.00316269,0.00322347,0.00015813,212.5216,219.9480,0.9532,119.0823,2.3972,30121.7335,124.9277,49.0469,238.9093,36.5364,75.9244,374.9013,749.8027,789.266,1183.8989,75.8035,-1.1839,10.395423,15.593133,2.799122,29,215,300,5,0.03207536,0.00395337,0.05088190,0E-8,0.000000,0.912219,0.000000,-0.04848366,2026-03-31,2026-08-01,83,4123,1621,124,0.669355,0.205295,0.230786,0.106918,,,,,,,,GLOBAL_BASELINE_NO_ENTITY_RANKING,,,NOT_APPLICABLE_GLOBAL_BASELINE,HF9g-P5,,,,X 全窗基线 · 不参与实体赏罚,15055209,1506,A168_HF9F_20260827_0900,2026-08-27 09:00:00
2026-05-04,92755421,1990,0,19.7316495659,-19.7316495659,-19.7316495659,0E-7,1,1,0.50665070000000000,0.506650700000,-1.013391052207602,-1.013391052207602,-1.013391052207602,0E-17,ELIGIBLE,R03b_20260811_FULL_v1,L1_ELIGIBILITY,v2026-08-11,2026-03-21..2026-08-06,baccarat_bet02_101_all_pairs_incl_sentinel,round_win = game_pnl > 0 (decisive only),COMPATIBILITY_ONLY_NOT_PRODUCTION,2500103.8841,2280641.3266,9883.8276,11764,10369,-0.00395337,-0.05088190,-0.00239824,-0.00395337,-9883.8276,2500103.8841,OK,0.0000,395.3531,4.0000,96.0000,AG03-UNRESOLVED,ALL5_LEVELS_bet23_to_bet27,395.3531,395.3531,395.3531,395.3531,395.3531,4.000000,4.000000,4.000000,4.000000,4.000000,96.000000,96.000000,96.000000,96.000000,96.000000,5.0,1976.7655,1824.8244,7907.0621,8059.0032,PENDING_AG03,FALSE,NOT_FOR_ENFORCEMENT,9488.4745,2189415.6736,9883.8276,9488.4745,395.3531,0.00395337,0.00379523,395.3531,9488.4745,0.00379523,395.3531,395.3531,395.3531,395.3531,395.3531,9488.4745,0.00379523,1976.7655,1824.8244,7907.0621,8059.0032,0.00316269,0.00322347,0.00015813,212.5216,219.9480,0.9532,119.0823,2.3972,30121.7335,124.9277,49.0469,238.9093,36.5364,75.9244,374.9013,749.8027,789.266,1183.8989,75.8035,-1.1839,10.395423,15.593133,2.799122,29,215,300,5,0.03207536,0.00395337,0.05088190,0E-8,0.000000,0.912219,0.000000,-0.04848366,2026-03-31,2026-08-01,83,4123,1621,124,0.669355,0.205295,0.230786,0.106918,,,,,,,,GLOBAL_BASELINE_NO_ENTITY_RANKING,,,NOT_APPLICABLE_GLOBAL_BASELINE,HF9g-P5,,,,X 全窗基线 · 不参与实体赏罚,15055210,1506,A168_HF9F_20260827_0900,2026-08-27 09:00:00
2026-05-04,92755421,2156,0,23.2833464877,-0.1973164956,-0.1973164956,0.5000000,2,2,0.49994810000000000,0.499948100000,0.00014679536856514622,0.00014679536856514622,0.00014679536856514622,0E-17,ELIGIBLE,R03b_20260811_FULL_v1,L1_ELIGIBILITY,v2026-08-11,2026-03-21..2026-08-06,baccarat_bet02_101_all_pairs_incl_sentinel,round_win = game_pnl > 0 (decisive only),COMPATIBILITY_ONLY_NOT_PRODUCTION,2500103.8841,2280641.3266,9883.8276,11764,10369,-0.00395337,-0.05088190,-0.00239824,-0.00395337,-9883.8276,2500103.8841,OK,0.0000,395.3531,4.0000,96.0000,AG03-UNRESOLVED,ALL5_LEVELS_bet23_to_bet27,395.3531,395.3531,395.3531,395.3531,395.3531,4.000000,4.000000,4.000000,4.000000,4.000000,96.000000,96.000000,96.000000,96.000000,96.000000,5.0,1976.7655,1824.8244,7907.0621,8059.0032,PENDING_AG03,FALSE,NOT_FOR_ENFORCEMENT,9488.4745,2189415.6736,9883.8276,9488.4745,395.3531,0.00395337,0.00379523,395.3531,9488.4745,0.00379523,395.3531,395.3531,395.3531,395.3531,395.3531,9488.4745,0.00379523,1976.7655,1824.8244,7907.0621,8059.0032,0.00316269,0.00322347,0.00015813,212.5216,219.9480,0.9532,119.0823,2.3972,30121.7335,124.9277,49.0469,238.9093,36.5364,75.9244,374.9013,749.8027,789.266,1183.8989,75.8035,-1.1839,10.395423,15.593133,2.799122,29,215,300,5,0.03207536,0.00395337,0.05088190,0E-8,0.000000,0.912219,0.000000,-0.04848366,2026-03-31,2026-08-01,83,4123,1621,124,0.669355,0.205295,0.230786,0.106918,,,,,,,,GLOBAL_BASELINE_NO_ENTITY_RANKING,,,NOT_APPLICABLE_GLOBAL_BASELINE,HF9g-P5,,,,X 全窗基线 · 不参与实体赏罚,15055211,1506,A168_HF9F_20260827_0900,2026-08-27 09:00:00
2026-05-04,92755421,2201,0,19.7316495659,-19.7316495659,-19.7316495659,0E-7,1,1,0.50665070000000000,0.506650700000,-1.013391052207602,-1.013391052207602,-1.013391052207602,0E-17,ELIGIBLE,R03b_20260811_FULL_v1,L1_ELIGIBILITY,v2026-08-11,2026-03-21..2026-08-06,baccarat_bet02_101_all_pairs_incl_sentinel,round_win = game_pnl > 0 (decisive only),COMPATIBILITY_ONLY_NOT_PRODUCTION,2500103.8841,2280641.3266,9883.8276,11764,10369,-0.00395337,-0.05088190,-0.00239824,-0.00395337,-9883.8276,2500103.8841,OK,0.0000,395.3531,4.0000,96.0000,AG03-UNRESOLVED,ALL5_LEVELS_bet23_to_bet27,395.3531,395.3531,395.3531,395.3531,395.3531,4.000000,4.000000,4.000000,4.000000,4.000000,96.000000,96.000000,96.000000,96.000000,96.000000,5.0,1976.7655,1824.8244,7907.0621,8059.0032,PENDING_AG03,FALSE,NOT_FOR_ENFORCEMENT,9488.4745,2189415.6736,9883.8276,9488.4745,395.3531,0.00395337,0.00379523,395.3531,9488.4745,0.00379523,395.3531,395.3531,395.3531,395.3531,395.3531,9488.4745,0.00379523,1976.7655,1824.8244,7907.0621,8059.0032,0.00316269,0.00322347,0.00015813,212.5216,219.9480,0.9532,119.0823,2.3972,30121.7335,124.9277,49.0469,238.9093,36.5364,75.9244,374.9013,749.8027,789.266,1183.8989,75.8035,-1.1839,10.395423,15.593133,2.799122,29,215,300,5,0.03207536,0.00395337,0.05088190,0E-8,0.000000,0.912219,0.000000,-0.04848366,2026-03-31,2026-08-01,83,4123,1621,124,0.669355,0.205295,0.230786,0.106918,,,,,,,,GLOBAL_BASELINE_NO_ENTITY_RANKING,,,NOT_APPLICABLE_GLOBAL_BASELINE,HF9g-P5,,,,X 全窗基线 · 不参与实体赏罚,15055212,1506,A168_HF9F_20260827_0900,2026-08-27 09:00:00
2026-05-04,92755421,2212,0,37.4901341752,-37.4901341752,-37.4901341752,0E-7,1,1,0.50665070000000000,0.506650700000,-1.013391052207602,-1.013391052207602,-1.013391052207602,0E-17,ELIGIBLE,R03b_20260811_FULL_v1,L1_ELIGIBILITY,v2026-08-11,2026-03-21..2026-08-06,baccarat_bet02_101_all_pairs_incl_sentinel,round_win = game_pnl > 0 (decisive only),COMPATIBILITY_ONLY_NOT_PRODUCTION,2500103.8841,2280641.3266,9883.8276,11764,10369,-0.00395337,-0.05088190,-0.00239824,-0.00395337,-9883.8276,2500103.8841,OK,0.0000,395.3531,4.0000,96.0000,AG03-UNRESOLVED,ALL5_LEVELS_bet23_to_bet27,395.3531,395.3531,395.3531,395.3531,395.3531,4.000000,4.000000,4.000000,4.000000,4.000000,96.000000,96.000000,96.000000,96.000000,96.000000,5.0,1976.7655,1824.8244,7907.0621,8059.0032,PENDING_AG03,FALSE,NOT_FOR_ENFORCEMENT,9488.4745,2189415.6736,9883.8276,9488.4745,395.3531,0.00395337,0.00379523,395.3531,9488.4745,0.00379523,395.3531,395.3531,395.3531,395.3531,395.3531,9488.4745,0.00379523,1976.7655,1824.8244,7907.0621,8059.0032,0.00316269,0.00322347,0.00015813,212.5216,219.9480,0.9532,119.0823,2.3972,30121.7335,124.9277,49.0469,238.9093,36.5364,75.9244,374.9013,749.8027,789.266,1183.8989,75.8035,-1.1839,10.395423,15.593133,2.799122,29,215,300,5,0.03207536,0.00395337,0.05088190,0E-8,0.000000,0.912219,0.000000,-0.04848366,2026-03-31,2026-08-01,83,4123,1621,124,0.669355,0.205295,0.230786,0.106918,,,,,,,,GLOBAL_BASELINE_NO_ENTITY_RANKING,,,NOT_APPLICABLE_GLOBAL_BASELINE,HF9g-P5,,,,X 全窗基线 · 不参与实体赏罚,15055213,1506,A168_HF9F_20260827_0900,2026-08-27 09:00:00
2026-05-04,92755421,2258,0,11.8389897395,-11.8389897395,-11.8389897395,0E-7,1,1,0.50665070000000000,0.506650700000,-1.013391052207602,-1.013391052207602,-1.013391052207602,0E-17,ELIGIBLE,R03b_20260811_FULL_v1,L1_ELIGIBILITY,v2026-08-11,2026-03-21..2026-08-06,baccarat_bet02_101_all_pairs_incl_sentinel,round_win = game_pnl > 0 (decisive only),COMPATIBILITY_ONLY_NOT_PRODUCTION,2500103.8841,2280641.3266,9883.8276,11764,10369,-0.00395337,-0.05088190,-0.00239824,-0.00395337,-9883.8276,2500103.8841,OK,0.0000,395.3531,4.0000,96.0000,AG03-UNRESOLVED,ALL5_LEVELS_bet23_to_bet27,395.3531,395.3531,395.3531,395.3531,395.3531,4.000000,4.000000,4.000000,4.000000,4.000000,96.000000,96.000000,96.000000,96.000000,96.000000,5.0,1976.7655,1824.8244,7907.0621,8059.0032,PENDING_AG03,FALSE,NOT_FOR_ENFORCEMENT,9488.4745,2189415.6736,9883.8276,9488.4745,395.3531,0.00395337,0.00379523,395.3531,9488.4745,0.00379523,395.3531,395.3531,395.3531,395.3531,395.3531,9488.4745,0.00379523,1976.7655,1824.8244,7907.0621,8059.0032,0.00316269,0.00322347,0.00015813,212.5216,219.9480,0.9532,119.0823,2.3972,30121.7335,124.9277,49.0469,238.9093,36.5364,75.9244,374.9013,749.8027,789.266,1183.8989,75.8035,-1.1839,10.395423,15.593133,2.799122,29,215,300,5,0.03207536,0.00395337,0.05088190,0E-8,0.000000,0.912219,0.000000,-0.04848366,2026-03-31,2026-08-01,83,4123,1621,124,0.669355,0.205295,0.230786,0.106918,,,,,,,,GLOBAL_BASELINE_NO_ENTITY_RANKING,,,NOT_APPLICABLE_GLOBAL_BASELINE,HF9g-P5,,,,X 全窗基线 · 不参与实体赏罚,15055214,1506,A168_HF9F_20260827_0900,2026-08-27 09:00:00
2026-05-04,92755421,789,0,19.7316495659,-19.7316495659,-19.7316495659,0E-7,1,1,0.50665070000000000,0.506650700000,-1.013391052207602,-1.013391052207602,-1.013391052207602,0E-17,ELIGIBLE,R03b_20260811_FULL_v1,L1_ELIGIBILITY,v2026-08-11,2026-03-21..2026-08-06,baccarat_bet02_101_all_pairs_incl_sentinel,round_win = game_pnl > 0 (decisive only),COMPATIBILITY_ONLY_NOT_PRODUCTION,2500103.8841,2280641.3266,9883.8276,11764,10369,-0.00395337,-0.05088190,-0.00239824,-0.00395337,-9883.8276,2500103.8841,OK,0.0000,395.3531,4.0000,96.0000,AG03-UNRESOLVED,ALL5_LEVELS_bet23_to_bet27,395.3531,395.3531,395.3531,395.3531,395.3531,4.000000,4.000000,4.000000,4.000000,4.000000,96.000000,96.000000,96.000000,96.000000,96.000000,5.0,1976.7655,1824.8244,7907.0621,8059.0032,PENDING_AG03,FALSE,NOT_FOR_ENFORCEMENT,9488.4745,2189415.6736,9883.8276,9488.4745,395.3531,0.00395337,0.00379523,395.3531,9488.4745,0.00379523,395.3531,395.3531,395.3531,395.3531,395.3531,9488.4745,0.00379523,1976.7655,1824.8244,7907.0621,8059.0032,0.00316269,0.00322347,0.00015813,212.5216,219.9480,0.9532,119.0823,2.3972,30121.7335,124.9277,49.0469,238.9093,36.5364,75.9244,374.9013,749.8027,789.266,1183.8989,75.8035,-1.1839,10.395423,15.593133,2.799122,29,215,300,5,0.03207536,0.00395337,0.05088190,0E-8,0.000000,0.912219,0.000000,-0.04848366,2026-03-31,2026-08-01,83,4123,1621,124,0.669355,0.205295,0.230786,0.106918,,,,,,,,GLOBAL_BASELINE_NO_ENTITY_RANKING,,,NOT_APPLICABLE_GLOBAL_BASELINE,HF9g-P5,,,,X 全窗基线 · 不参与实体赏罚,15055215,1506,A168_HF9F_20260827_0900,2026-08-27 09:00:00
2026-05-06,92755421,-1,1,2185.8721389105,-530.6827150747,-530.6827150747,0.4642857,73,59,0.48982519508713513,0.443548493220,-0.38231911661552587,0.31236355395785836,-0.38231911661552587,0.04627670186713513,SENTINEL_DEALER,R03b_20260811_FULL_v1,L1_ELIGIBILITY,v2026-08-11,2026-03-21..2026-08-06,baccarat_bet02_101_all_pairs_incl_sentinel,round_win = game_pnl > 0 (decisive only),COMPATIBILITY_ONLY_NOT_PRODUCTION,2500103.8841,2280641.3266,9883.8276,11764,10369,-0.00395337,-0.05088190,-0.00239824,-0.00395337,-9883.8276,2500103.8841,OK,0.0000,395.3531,4.0000,96.0000,AG03-UNRESOLVED,ALL5_LEVELS_bet23_to_bet27,395.3531,395.3531,395.3531,395.3531,395.3531,4.000000,4.000000,4.000000,4.000000,4.000000,96.000000,96.000000,96.000000,96.000000,96.000000,5.0,1976.7655,1824.8244,7907.0621,8059.0032,PENDING_AG03,FALSE,NOT_FOR_ENFORCEMENT,9488.4745,2189415.6736,9883.8276,9488.4745,395.3531,0.00395337,0.00379523,395.3531,9488.4745,0.00379523,395.3531,395.3531,395.3531,395.3531,395.3531,9488.4745,0.00379523,1976.7655,1824.8244,7907.0621,8059.0032,0.00316269,0.00322347,0.00015813,212.5216,219.9480,0.9532,119.0823,2.3972,30121.7335,124.9277,49.0469,238.9093,36.5364,75.9244,374.9013,749.8027,789.266,1183.8989,75.8035,-1.1839,10.395423,15.593133,2.799122,29,215,300,5,0.03207536,0.00395337,0.05088190,0E-8,0.000000,0.912219,0.000000,-0.04848366,2026-03-31,2026-08-01,83,4123,1621,124,0.669355,0.205295,0.230786,0.106918,,,,,,,,GLOBAL_BASELINE_NO_ENTITY_RANKING,,,NOT_APPLICABLE_GLOBAL_BASELINE,HF9g-P5,,,,X 全窗基线 · 不参与实体赏罚,15055216,1506,A168_HF9F_20260827_0900,2026-08-27 09:00:00
2026-05-06,92755421,1004,0,426.2036306234,59.1949486977,59.1949486977,0.6000000,6,6,0.49994810000000000,0.499948100000,0.44744570176651083,0.44744570176651083,0.44744570176651083,0E-17,ELIGIBLE,R03b_20260811_FULL_v1,L1_ELIGIBILITY,v2026-08-11,2026-03-21..2026-08-06,baccarat_bet02_101_all_pairs_incl_sentinel,round_win = game_pnl > 0 (decisive only),COMPATIBILITY_ONLY_NOT_PRODUCTION,2500103.8841,2280641.3266,9883.8276,11764,10369,-0.00395337,-0.05088190,-0.00239824,-0.00395337,-9883.8276,2500103.8841,OK,0.0000,395.3531,4.0000,96.0000,AG03-UNRESOLVED,ALL5_LEVELS_bet23_to_bet27,395.3531,395.3531,395.3531,395.3531,395.3531,4.000000,4.000000,4.000000,4.000000,4.000000,96.000000,96.000000,96.000000,96.000000,96.000000,5.0,1976.7655,1824.8244,7907.0621,8059.0032,PENDING_AG03,FALSE,NOT_FOR_ENFORCEMENT,9488.4745,2189415.6736,9883.8276,9488.4745,395.3531,0.00395337,0.00379523,395.3531,9488.4745,0.00379523,395.3531,395.3531,395.3531,395.3531,395.3531,9488.4745,0.00379523,1976.7655,1824.8244,7907.0621,8059.0032,0.00316269,0.00322347,0.00015813,212.5216,219.9480,0.9532,119.0823,2.3972,30121.7335,124.9277,49.0469,238.9093,36.5364,75.9244,374.9013,749.8027,789.266,1183.8989,75.8035,-1.1839,10.395423,15.593133,2.799122,29,215,300,5,0.03207536,0.00395337,0.05088190,0E-8,0.000000,0.912219,0.000000,-0.04848366,2026-03-31,2026-08-01,83,4123,1621,124,0.669355,0.205295,0.230786,0.106918,,,,,,,,GLOBAL_BASELINE_NO_ENTITY_RANKING,,,NOT_APPLICABLE_GLOBAL_BASELINE,HF9g-P5,,,,X 全窗基线 · 不参与实体赏罚,15055217,1506,A168_HF9F_20260827_0900,2026-08-27 09:00:00
2026-05-06,92755421,1078,0,78.9265982636,0E-10,0E-10,0.5000000,2,2,0.49994810000000000,0.499948100000,0.00014679536856514622,0.00014679536856514622,0.00014679536856514622,0E-17,ELIGIBLE,R03b_20260811_FULL_v1,L1_ELIGIBILITY,v2026-08-11,2026-03-21..2026-08-06,baccarat_bet02_101_all_pairs_incl_sentinel,round_win = game_pnl > 0 (decisive only),COMPATIBILITY_ONLY_NOT_PRODUCTION,2500103.8841,2280641.3266,9883.8276,11764,10369,-0.00395337,-0.05088190,-0.00239824,-0.00395337,-9883.8276,2500103.8841,OK,0.0000,395.3531,4.0000,96.0000,AG03-UNRESOLVED,ALL5_LEVELS_bet23_to_bet27,395.3531,395.3531,395.3531,395.3531,395.3531,4.000000,4.000000,4.000000,4.000000,4.000000,96.000000,96.000000,96.000000,96.000000,96.000000,5.0,1976.7655,1824.8244,7907.0621,8059.0032,PENDING_AG03,FALSE,NOT_FOR_ENFORCEMENT,9488.4745,2189415.6736,9883.8276,9488.4745,395.3531,0.00395337,0.00379523,395.3531,9488.4745,0.00379523,395.3531,395.3531,395.3531,395.3531,395.3531,9488.4745,0.00379523,1976.7655,1824.8244,7907.0621,8059.0032,0.00316269,0.00322347,0.00015813,212.5216,219.9480,0.9532,119.0823,2.3972,30121.7335,124.9277,49.0469,238.9093,36.5364,75.9244,374.9013,749.8027,789.266,1183.8989,75.8035,-1.1839,10.395423,15.593133,2.799122,29,215,300,5,0.03207536,0.00395337,0.05088190,0E-8,0.000000,0.912219,0.000000,-0.04848366,2026-03-31,2026-08-01,83,4123,1621,124,0.669355,0.205295,0.230786,0.106918,,,,,,,,GLOBAL_BASELINE_NO_ENTITY_RANKING,,,NOT_APPLICABLE_GLOBAL_BASELINE,HF9g-P5,,,,X 全窗基线 · 不参与实体赏罚,15055218,1506,A168_HF9F_20260827_0900,2026-08-27 09:00:00
2026-05-06,92755421,1094,0,24.8618784531,-24.8618784531,-24.8618784531,0E-7,2,1,0.42921962063473377,0.262742800000,-0.8671720374344664,-0.5969746651759844,-0.8671720374344664,0.16647682063473377,ELIGIBLE,R03b_20260811_FULL_v1,L1_ELIGIBILITY,v2026-08-11,2026-03-21..2026-08-06,baccarat_bet02_101_all_pairs_incl_sentinel,round_win = game_pnl > 0 (decisive only),COMPATIBILITY_ONLY_NOT_PRODUCTION,2500103.8841,2280641.3266,9883.8276,11764,10369,-0.00395337,-0.05088190,-0.00239824,-0.00395337,-9883.8276,2500103.8841,OK,0.0000,395.3531,4.0000,96.0000,AG03-UNRESOLVED,ALL5_LEVELS_bet23_to_bet27,395.3531,395.3531,395.3531,395.3531,395.3531,4.000000,4.000000,4.000000,4.000000,4.000000,96.000000,96.000000,96.000000,96.000000,96.000000,5.0,1976.7655,1824.8244,7907.0621,8059.0032,PENDING_AG03,FALSE,NOT_FOR_ENFORCEMENT,9488.4745,2189415.6736,9883.8276,9488.4745,395.3531,0.00395337,0.00379523,395.3531,9488.4745,0.00379523,395.3531,395.3531,395.3531,395.3531,395.3531,9488.4745,0.00379523,1976.7655,1824.8244,7907.0621,8059.0032,0.00316269,0.00322347,0.00015813,212.5216,219.9480,0.9532,119.0823,2.3972,30121.7335,124.9277,49.0469,238.9093,36.5364,75.9244,374.9013,749.8027,789.266,1183.8989,75.8035,-1.1839,10.395423,15.593133,2.799122,29,215,300,5,0.03207536,0.00395337,0.05088190,0E-8,0.000000,0.912219,0.000000,-0.04848366,2026-03-31,2026-08-01,83,4123,1621,124,0.669355,0.205295,0.230786,0.106918,,,,,,,,GLOBAL_BASELINE_NO_ENTITY_RANKING,,,NOT_APPLICABLE_GLOBAL_BASELINE,HF9g-P5,,,,X 全窗基线 · 不参与实体赏罚,15055219,1506,A168_HF9F_20260827_0900,2026-08-27 09:00:00
2026-05-06,92755421,1115,0,156.6692975533,-42.2257300711,-42.2257300711,0.2000000,8,6,0.48410637668646220,0.416411266667,-1.2712047356339373,-0.9816353374047683,-1.2712047356339373,0.06769511001946220,ELIGIBLE,R03b_20260811_FULL_v1,L1_ELIGIBILITY,v2026-08-11,2026-03-21..2026-08-06,baccarat_bet02_101_all_pairs_incl_sentinel,round_win = game_pnl > 0 (decisive only),COMPATIBILITY_ONLY_NOT_PRODUCTION,2500103.8841,2280641.3266,9883.8276,11764,10369,-0.00395337,-0.05088190,-0.00239824,-0.00395337,-9883.8276,2500103.8841,OK,0.0000,395.3531,4.0000,96.0000,AG03-UNRESOLVED,ALL5_LEVELS_bet23_to_bet27,395.3531,395.3531,395.3531,395.3531,395.3531,4.000000,4.000000,4.000000,4.000000,4.000000,96.000000,96.000000,96.000000,96.000000,96.000000,5.0,1976.7655,1824.8244,7907.0621,8059.0032,PENDING_AG03,FALSE,NOT_FOR_ENFORCEMENT,9488.4745,2189415.6736,9883.8276,9488.4745,395.3531,0.00395337,0.00379523,395.3531,9488.4745,0.00379523,395.3531,395.3531,395.3531,395.3531,395.3531,9488.4745,0.00379523,1976.7655,1824.8244,7907.0621,8059.0032,0.00316269,0.00322347,0.00015813,212.5216,219.9480,0.9532,119.0823,2.3972,30121.7335,124.9277,49.0469,238.9093,36.5364,75.9244,374.9013,749.8027,789.266,1183.8989,75.8035,-1.1839,10.395423,15.593133,2.799122,29,215,300,5,0.03207536,0.00395337,0.05088190,0E-8,0.000000,0.912219,0.000000,-0.04848366,2026-03-31,2026-08-01,83,4123,1621,124,0.669355,0.205295,0.230786,0.106918,,,,,,,,GLOBAL_BASELINE_NO_ENTITY_RANKING,,,NOT_APPLICABLE_GLOBAL_BASELINE,HF9g-P5,,,,X 全窗基线 · 不参与实体赏罚,15055220,1506,A168_HF9F_20260827_0900,2026-08-27 09:00:00
2026-05-06,92755421,1157,0,58.4056827151,19.5343330702,19.5343330702,0.6666667,4,3,0.49201947083295777,0.420879666667,0.6050727108412718,0.862295573878678,0.6050727108412718,0.07113980416595777,ELIGIBLE,R03b_20260811_FULL_v1,L1_ELIGIBILITY,v2026-08-11,2026-03-21..2026-08-06,baccarat_bet02_101_all_pairs_incl_sentinel,round_win = game_pnl > 0 (decisive only),COMPATIBILITY_ONLY_NOT_PRODUCTION,2500103.8841,2280641.3266,9883.8276,11764,10369,-0.00395337,-0.05088190,-0.00239824,-0.00395337,-9883.8276,2500103.8841,OK,0.0000,395.3531,4.0000,96.0000,AG03-UNRESOLVED,ALL5_LEVELS_bet23_to_bet27,395.3531,395.3531,395.3531,395.3531,395.3531,4.000000,4.000000,4.000000,4.000000,4.000000,96.000000,96.000000,96.000000,96.000000,96.000000,5.0,1976.7655,1824.8244,7907.0621,8059.0032,PENDING_AG03,FALSE,NOT_FOR_ENFORCEMENT,9488.4745,2189415.6736,9883.8276,9488.4745,395.3531,0.00395337,0.00379523,395.3531,9488.4745,0.00379523,395.3531,395.3531,395.3531,395.3531,395.3531,9488.4745,0.00379523,1976.7655,1824.8244,7907.0621,8059.0032,0.00316269,0.00322347,0.00015813,212.5216,219.9480,0.9532,119.0823,2.3972,30121.7335,124.9277,49.0469,238.9093,36.5364,75.9244,374.9013,749.8027,789.266,1183.8989,75.8035,-1.1839,10.395423,15.593133,2.799122,29,215,300,5,0.03207536,0.00395337,0.05088190,0E-8,0.000000,0.912219,0.000000,-0.04848366,2026-03-31,2026-08-01,83,4123,1621,124,0.669355,0.205295,0.230786,0.106918,,,,,,,,GLOBAL_BASELINE_NO_ENTITY_RANKING,,,NOT_APPLICABLE_GLOBAL_BASELINE,HF9g-P5,,,,X 全窗基线 · 不参与实体赏罚,15055221,1506,A168_HF9F_20260827_0900,2026-08-27 09:00:00
2026-05-06,92755421,1205,0,157.8531965272,0E-10,0E-10,0.5000000,2,2,0.49994810000000000,0.499948100000,0.00014679536856514622,0.00014679536856514622,0.00014679536856514622,0E-17,ELIGIBLE,R03b_20260811_FULL_v1,L1_ELIGIBILITY,v2026-08-11,2026-03-21..2026-08-06,baccarat_bet02_101_all_pairs_incl_sentinel,round_win = game_pnl > 0 (decisive only),COMPATIBILITY_ONLY_NOT_PRODUCTION,2500103.8841,2280641.3266,9883.8276,11764,10369,-0.00395337,-0.05088190,-0.00239824,-0.00395337,-9883.8276,2500103.8841,OK,0.0000,395.3531,4.0000,96.0000,AG03-UNRESOLVED,ALL5_LEVELS_bet23_to_bet27,395.3531,395.3531,395.3531,395.3531,395.3531,4.000000,4.000000,4.000000,4.000000,4.000000,96.000000,96.000000,96.000000,96.000000,96.000000,5.0,1976.7655,1824.8244,7907.0621,8059.0032,PENDING_AG03,FALSE,NOT_FOR_ENFORCEMENT,9488.4745,2189415.6736,9883.8276,9488.4745,395.3531,0.00395337,0.00379523,395.3531,9488.4745,0.00379523,395.3531,395.3531,395.3531,395.3531,395.3531,9488.4745,0.00379523,1976.7655,1824.8244,7907.0621,8059.0032,0.00316269,0.00322347,0.00015813,212.5216,219.9480,0.9532,119.0823,2.3972,30121.7335,124.9277,49.0469,238.9093,36.5364,75.9244,374.9013,749.8027,789.266,1183.8989,75.8035,-1.1839,10.395423,15.593133,2.799122,29,215,300,5,0.03207536,0.00395337,0.05088190,0E-8,0.000000,0.912219,0.000000,-0.04848366,2026-03-31,2026-08-01,83,4123,1621,124,0.669355,0.205295,0.230786,0.106918,,,,,,,,GLOBAL_BASELINE_NO_ENTITY_RANKING,,,NOT_APPLICABLE_GLOBAL_BASELINE,HF9g-P5,,,,X 全窗基线 · 不参与实体赏罚,15055222,1506,A168_HF9F_20260827_0900,2026-08-27 09:00:00
2026-05-06,92755421,1221,0,93.5280189423,15.9826361484,15.9826361484,0.5000000,6,5,0.49457004297889755,0.451166520000,0.021721108991354113,0.1962722674417284,0.021721108991354113,0.04340352297889755,ELIGIBLE,R03b_20260811_FULL_v1,L1_ELIGIBILITY,v2026-08-11,2026-03-21..2026-08-06,baccarat_bet02_101_all_pairs_incl_sentinel,round_win = game_pnl > 0 (decisive only),COMPATIBILITY_ONLY_NOT_PRODUCTION,2500103.8841,2280641.3266,9883.8276,11764,10369,-0.00395337,-0.05088190,-0.00239824,-0.00395337,-9883.8276,2500103.8841,OK,0.0000,395.3531,4.0000,96.0000,AG03-UNRESOLVED,ALL5_LEVELS_bet23_to_bet27,395.3531,395.3531,395.3531,395.3531,395.3531,4.000000,4.000000,4.000000,4.000000,4.000000,96.000000,96.000000,96.000000,96.000000,96.000000,5.0,1976.7655,1824.8244,7907.0621,8059.0032,PENDING_AG03,FALSE,NOT_FOR_ENFORCEMENT,9488.4745,2189415.6736,9883.8276,9488.4745,395.3531,0.00395337,0.00379523,395.3531,9488.4745,0.00379523,395.3531,395.3531,395.3531,395.3531,395.3531,9488.4745,0.00379523,1976.7655,1824.8244,7907.0621,8059.0032,0.00316269,0.00322347,0.00015813,212.5216,219.9480,0.9532,119.0823,2.3972,30121.7335,124.9277,49.0469,238.9093,36.5364,75.9244,374.9013,749.8027,789.266,1183.8989,75.8035,-1.1839,10.395423,15.593133,2.799122,29,215,300,5,0.03207536,0.00395337,0.05088190,0E-8,0.000000,0.912219,0.000000,-0.04848366,2026-03-31,2026-08-01,83,4123,1621,124,0.669355,0.205295,0.230786,0.106918,,,,,,,,GLOBAL_BASELINE_NO_ENTITY_RANKING,,,NOT_APPLICABLE_GLOBAL_BASELINE,HF9g-P5,,,,X 全窗基线 · 不参与实体赏罚,15055223,1506,A168_HF9F_20260827_0900,2026-08-27 09:00:00
2026-05-06,92755421,1302,0,78.9265982636,-78.9265982636,-78.9265982636,0E-7,1,1,0.49324550000000000,0.493245500000,-0.9865810262130424,-0.9865810262130424,-0.9865810262130424,0E-17,ELIGIBLE,R03b_20260811_FULL_v1,L1_ELIGIBILITY,v2026-08-11,2026-03-21..2026-08-06,baccarat_bet02_101_all_pairs_incl_sentinel,round_win = game_pnl > 0 (decisive only),COMPATIBILITY_ONLY_NOT_PRODUCTION,2500103.8841,2280641.3266,9883.8276,11764,10369,-0.00395337,-0.05088190,-0.00239824,-0.00395337,-9883.8276,2500103.8841,OK,0.0000,395.3531,4.0000,96.0000,AG03-UNRESOLVED,ALL5_LEVELS_bet23_to_bet27,395.3531,395.3531,395.3531,395.3531,395.3531,4.000000,4.000000,4.000000,4.000000,4.000000,96.000000,96.000000,96.000000,96.000000,96.000000,5.0,1976.7655,1824.8244,7907.0621,8059.0032,PENDING_AG03,FALSE,NOT_FOR_ENFORCEMENT,9488.4745,2189415.6736,9883.8276,9488.4745,395.3531,0.00395337,0.00379523,395.3531,9488.4745,0.00379523,395.3531,395.3531,395.3531,395.3531,395.3531,9488.4745,0.00379523,1976.7655,1824.8244,7907.0621,8059.0032,0.00316269,0.00322347,0.00015813,212.5216,219.9480,0.9532,119.0823,2.3972,30121.7335,124.9277,49.0469,238.9093,36.5364,75.9244,374.9013,749.8027,789.266,1183.8989,75.8035,-1.1839,10.395423,15.593133,2.799122,29,215,300,5,0.03207536,0.00395337,0.05088190,0E-8,0.000000,0.912219,0.000000,-0.04848366,2026-03-31,2026-08-01,83,4123,1621,124,0.669355,0.205295,0.230786,0.106918,,,,,,,,GLOBAL_BASELINE_NO_ENTITY_RANKING,,,NOT_APPLICABLE_GLOBAL_BASELINE,HF9g-P5,,,,X 全窗基线 · 不参与实体赏罚,15055224,1506,A168_HF9F_20260827_0900,2026-08-27 09:00:00
2026-05-06,92755421,1305,0,19.7316495659,-19.7316495659,-19.7316495659,0E-7,1,1,0.49324550000000000,0.493245500000,-0.9865810262130424,-0.9865810262130424,-0.9865810262130424,0E-17,ELIGIBLE,R03b_20260811_FULL_v1,L1_ELIGIBILITY,v2026-08-11,2026-03-21..2026-08-06,baccarat_bet02_101_all_pairs_incl_sentinel,round_win = game_pnl > 0 (decisive only),COMPATIBILITY_ONLY_NOT_PRODUCTION,2500103.8841,2280641.3266,9883.8276,11764,10369,-0.00395337,-0.05088190,-0.00239824,-0.00395337,-9883.8276,2500103.8841,OK,0.0000,395.3531,4.0000,96.0000,AG03-UNRESOLVED,ALL5_LEVELS_bet23_to_bet27,395.3531,395.3531,395.3531,395.3531,395.3531,4.000000,4.000000,4.000000,4.000000,4.000000,96.000000,96.000000,96.000000,96.000000,96.000000,5.0,1976.7655,1824.8244,7907.0621,8059.0032,PENDING_AG03,FALSE,NOT_FOR_ENFORCEMENT,9488.4745,2189415.6736,9883.8276,9488.4745,395.3531,0.00395337,0.00379523,395.3531,9488.4745,0.00379523,395.3531,395.3531,395.3531,395.3531,395.3531,9488.4745,0.00379523,1976.7655,1824.8244,7907.0621,8059.0032,0.00316269,0.00322347,0.00015813,212.5216,219.9480,0.9532,119.0823,2.3972,30121.7335,124.9277,49.0469,238.9093,36.5364,75.9244,374.9013,749.8027,789.266,1183.8989,75.8035,-1.1839,10.395423,15.593133,2.799122,29,215,300,5,0.03207536,0.00395337,0.05088190,0E-8,0.000000,0.912219,0.000000,-0.04848366,2026-03-31,2026-08-01,83,4123,1621,124,0.669355,0.205295,0.230786,0.106918,,,,,,,,GLOBAL_BASELINE_NO_ENTITY_RANKING,,,NOT_APPLICABLE_GLOBAL_BASELINE,HF9g-P5,,,,X 全窗基线 · 不参与实体赏罚,15055225,1506,A168_HF9F_20260827_0900,2026-08-27 09:00:00
2026-05-06,92755421,1318,0,78.9265982636,-78.9265982636,-78.9265982636,0E-7,1,1,0.49324550000000000,0.493245500000,-0.9865810262130424,-0.9865810262130424,-0.9865810262130424,0E-17,ELIGIBLE,R03b_20260811_FULL_v1,L1_ELIGIBILITY,v2026-08-11,2026-03-21..2026-08-06,baccarat_bet02_101_all_pairs_incl_sentinel,round_win = game_pnl > 0 (decisive only),COMPATIBILITY_ONLY_NOT_PRODUCTION,2500103.8841,2280641.3266,9883.8276,11764,10369,-0.00395337,-0.05088190,-0.00239824,-0.00395337,-9883.8276,2500103.8841,OK,0.0000,395.3531,4.0000,96.0000,AG03-UNRESOLVED,ALL5_LEVELS_bet23_to_bet27,395.3531,395.3531,395.3531,395.3531,395.3531,4.000000,4.000000,4.000000,4.000000,4.000000,96.000000,96.000000,96.000000,96.000000,96.000000,5.0,1976.7655,1824.8244,7907.0621,8059.0032,PENDING_AG03,FALSE,NOT_FOR_ENFORCEMENT,9488.4745,2189415.6736,9883.8276,9488.4745,395.3531,0.00395337,0.00379523,395.3531,9488.4745,0.00379523,395.3531,395.3531,395.3531,395.3531,395.3531,9488.4745,0.00379523,1976.7655,1824.8244,7907.0621,8059.0032,0.00316269,0.00322347,0.00015813,212.5216,219.9480,0.9532,119.0823,2.3972,30121.7335,124.9277,49.0469,238.9093,36.5364,75.9244,374.9013,749.8027,789.266,1183.8989,75.8035,-1.1839,10.395423,15.593133,2.799122,29,215,300,5,0.03207536,0.00395337,0.05088190,0E-8,0.000000,0.912219,0.000000,-0.04848366,2026-03-31,2026-08-01,83,4123,1621,124,0.669355,0.205295,0.230786,0.106918,,,,,,,,GLOBAL_BASELINE_NO_ENTITY_RANKING,,,NOT_APPLICABLE_GLOBAL_BASELINE,HF9g-P5,,,,X 全窗基线 · 不参与实体赏罚,15055226,1506,A168_HF9F_20260827_0900,2026-08-27 09:00:00
2026-05-06,92755421,1325,0,759.6685082873,105.5643251774,105.5643251774,0.5454545,14,11,0.49541081931505756,0.434037090909,0.3319665085404581,0.7455764258939755,0.3319665085404581,0.06137372840605756,ELIGIBLE,R03b_20260811_FULL_v1,L1_ELIGIBILITY,v2026-08-11,2026-03-21..2026-08-06,baccarat_bet02_101_all_pairs_incl_sentinel,round_win = game_pnl > 0 (decisive only),COMPATIBILITY_ONLY_NOT_PRODUCTION,2500103.8841,2280641.3266,9883.8276,11764,10369,-0.00395337,-0.05088190,-0.00239824,-0.00395337,-9883.8276,2500103.8841,OK,0.0000,395.3531,4.0000,96.0000,AG03-UNRESOLVED,ALL5_LEVELS_bet23_to_bet27,395.3531,395.3531,395.3531,395.3531,395.3531,4.000000,4.000000,4.000000,4.000000,4.000000,96.000000,96.000000,96.000000,96.000000,96.000000,5.0,1976.7655,1824.8244,7907.0621,8059.0032,PENDING_AG03,FALSE,NOT_FOR_ENFORCEMENT,9488.4745,2189415.6736,9883.8276,9488.4745,395.3531,0.00395337,0.00379523,395.3531,9488.4745,0.00379523,395.3531,395.3531,395.3531,395.3531,395.3531,9488.4745,0.00379523,1976.7655,1824.8244,7907.0621,8059.0032,0.00316269,0.00322347,0.00015813,212.5216,219.9480,0.9532,119.0823,2.3972,30121.7335,124.9277,49.0469,238.9093,36.5364,75.9244,374.9013,749.8027,789.266,1183.8989,75.8035,-1.1839,10.395423,15.593133,2.799122,29,215,300,5,0.03207536,0.00395337,0.05088190,0E-8,0.000000,0.912219,0.000000,-0.04848366,2026-03-31,2026-08-01,83,4123,1621,124,0.669355,0.205295,0.230786,0.106918,,,,,,,,GLOBAL_BASELINE_NO_ENTITY_RANKING,,,NOT_APPLICABLE_GLOBAL_BASELINE,HF9g-P5,,,,X 全窗基线 · 不参与实体赏罚,15055227,1506,A168_HF9F_20260827_0900,2026-08-27 09:00:00
2026-05-06,92755421,1330,0,19.7316495659,-19.7316495659,-19.7316495659,0E-7,1,1,0.49324550000000000,0.493245500000,-0.9865810262130424,-0.9865810262130424,-0.9865810262130424,0E-17,ELIGIBLE,R03b_20260811_FULL_v1,L1_ELIGIBILITY,v2026-08-11,2026-03-21..2026-08-06,baccarat_bet02_101_all_pairs_incl_sentinel,round_win = game_pnl > 0 (decisive only),COMPATIBILITY_ONLY_NOT_PRODUCTION,2500103.8841,2280641.3266,9883.8276,11764,10369,-0.00395337,-0.05088190,-0.00239824,-0.00395337,-9883.8276,2500103.8841,OK,0.0000,395.3531,4.0000,96.0000,AG03-UNRESOLVED,ALL5_LEVELS_bet23_to_bet27,395.3531,395.3531,395.3531,395.3531,395.3531,4.000000,4.000000,4.000000,4.000000,4.000000,96.000000,96.000000,96.000000,96.000000,96.000000,5.0,1976.7655,1824.8244,7907.0621,8059.0032,PENDING_AG03,FALSE,NOT_FOR_ENFORCEMENT,9488.4745,2189415.6736,9883.8276,9488.4745,395.3531,0.00395337,0.00379523,395.3531,9488.4745,0.00379523,395.3531,395.3531,395.3531,395.3531,395.3531,9488.4745,0.00379523,1976.7655,1824.8244,7907.0621,8059.0032,0.00316269,0.00322347,0.00015813,212.5216,219.9480,0.9532,119.0823,2.3972,30121.7335,124.9277,49.0469,238.9093,36.5364,75.9244,374.9013,749.8027,789.266,1183.8989,75.8035,-1.1839,10.395423,15.593133,2.799122,29,215,300,5,0.03207536,0.00395337,0.05088190,0E-8,0.000000,0.912219,0.000000,-0.04848366,2026-03-31,2026-08-01,83,4123,1621,124,0.669355,0.205295,0.230786,0.106918,,,,,,,,GLOBAL_BASELINE_NO_ENTITY_RANKING,,,NOT_APPLICABLE_GLOBAL_BASELINE,HF9g-P5,,,,X 全窗基线 · 不参与实体赏罚,15055228,1506,A168_HF9F_20260827_0900,2026-08-27 09:00:00
2026-05-06,92755421,1385,0,315.7063930544,-157.8531965272,-157.8531965272,0E-7,4,4,0.49324550000000000,0.493245500000,-1.3952362676504506,-1.3952362676504506,-1.3952362676504506,0E-17,ELIGIBLE,R03b_20260811_FULL_v1,L1_ELIGIBILITY,v2026-08-11,2026-03-21..2026-08-06,baccarat_bet02_101_all_pairs_incl_sentinel,round_win = game_pnl > 0 (decisive only),COMPATIBILITY_ONLY_NOT_PRODUCTION,2500103.8841,2280641.3266,9883.8276,11764,10369,-0.00395337,-0.05088190,-0.00239824,-0.00395337,-9883.8276,2500103.8841,OK,0.0000,395.3531,4.0000,96.0000,AG03-UNRESOLVED,ALL5_LEVELS_bet23_to_bet27,395.3531,395.3531,395.3531,395.3531,395.3531,4.000000,4.000000,4.000000,4.000000,4.000000,96.000000,96.000000,96.000000,96.000000,96.000000,5.0,1976.7655,1824.8244,7907.0621,8059.0032,PENDING_AG03,FALSE,NOT_FOR_ENFORCEMENT,9488.4745,2189415.6736,9883.8276,9488.4745,395.3531,0.00395337,0.00379523,395.3531,9488.4745,0.00379523,395.3531,395.3531,395.3531,395.3531,395.3531,9488.4745,0.00379523,1976.7655,1824.8244,7907.0621,8059.0032,0.00316269,0.00322347,0.00015813,212.5216,219.9480,0.9532,119.0823,2.3972,30121.7335,124.9277,49.0469,238.9093,36.5364,75.9244,374.9013,749.8027,789.266,1183.8989,75.8035,-1.1839,10.395423,15.593133,2.799122,29,215,300,5,0.03207536,0.00395337,0.05088190,0E-8,0.000000,0.912219,0.000000,-0.04848366,2026-03-31,2026-08-01,83,4123,1621,124,0.669355,0.205295,0.230786,0.106918,,,,,,,,GLOBAL_BASELINE_NO_ENTITY_RANKING,,,NOT_APPLICABLE_GLOBAL_BASELINE,HF9g-P5,,,,X 全窗基线 · 不参与实体赏罚,15055229,1506,A168_HF9F_20260827_0900,2026-08-27 09:00:00
2026-05-06,92755421,1396,0,19.7316495659,-19.7316495659,-19.7316495659,0E-7,1,1,0.50665070000000000,0.506650700000,-1.013391052207602,-1.013391052207602,-1.013391052207602,0E-17,ELIGIBLE,R03b_20260811_FULL_v1,L1_ELIGIBILITY,v2026-08-11,2026-03-21..2026-08-06,baccarat_bet02_101_all_pairs_incl_sentinel,round_win = game_pnl > 0 (decisive only),COMPATIBILITY_ONLY_NOT_PRODUCTION,2500103.8841,2280641.3266,9883.8276,11764,10369,-0.00395337,-0.05088190,-0.00239824,-0.00395337,-9883.8276,2500103.8841,OK,0.0000,395.3531,4.0000,96.0000,AG03-UNRESOLVED,ALL5_LEVELS_bet23_to_bet27,395.3531,395.3531,395.3531,395.3531,395.3531,4.000000,4.000000,4.000000,4.000000,4.000000,96.000000,96.000000,96.000000,96.000000,96.000000,5.0,1976.7655,1824.8244,7907.0621,8059.0032,PENDING_AG03,FALSE,NOT_FOR_ENFORCEMENT,9488.4745,2189415.6736,9883.8276,9488.4745,395.3531,0.00395337,0.00379523,395.3531,9488.4745,0.00379523,395.3531,395.3531,395.3531,395.3531,395.3531,9488.4745,0.00379523,1976.7655,1824.8244,7907.0621,8059.0032,0.00316269,0.00322347,0.00015813,212.5216,219.9480,0.9532,119.0823,2.3972,30121.7335,124.9277,49.0469,238.9093,36.5364,75.9244,374.9013,749.8027,789.266,1183.8989,75.8035,-1.1839,10.395423,15.593133,2.799122,29,215,300,5,0.03207536,0.00395337,0.05088190,0E-8,0.000000,0.912219,0.000000,-0.04848366,2026-03-31,2026-08-01,83,4123,1621,124,0.669355,0.205295,0.230786,0.106918,,,,,,,,GLOBAL_BASELINE_NO_ENTITY_RANKING,,,NOT_APPLICABLE_GLOBAL_BASELINE,HF9g-P5,,,,X 全窗基线 · 不参与实体赏罚,15055230,1506,A168_HF9F_20260827_0900,2026-08-27 09:00:00
2026-05-06,92755421,1402,0,553.6700868191,114.5027624309,114.5027624309,0.5714286,20,16,0.49135957905057800,0.441484600000,0.5992709596398514,0.9791400115469496,0.5992709596398514,0.04987497905057800,ELIGIBLE,R03b_20260811_FULL_v1,L1_ELIGIBILITY,v2026-08-11,2026-03-21..2026-08-06,baccarat_bet02_101_all_pairs_incl_sentinel,round_win = game_pnl > 0 (decisive only),COMPATIBILITY_ONLY_NOT_PRODUCTION,2500103.8841,2280641.3266,9883.8276,11764,10369,-0.00395337,-0.05088190,-0.00239824,-0.00395337,-9883.8276,2500103.8841,OK,0.0000,395.3531,4.0000,96.0000,AG03-UNRESOLVED,ALL5_LEVELS_bet23_to_bet27,395.3531,395.3531,395.3531,395.3531,395.3531,4.000000,4.000000,4.000000,4.000000,4.000000,96.000000,96.000000,96.000000,96.000000,96.000000,5.0,1976.7655,1824.8244,7907.0621,8059.0032,PENDING_AG03,FALSE,NOT_FOR_ENFORCEMENT,9488.4745,2189415.6736,9883.8276,9488.4745,395.3531,0.00395337,0.00379523,395.3531,9488.4745,0.00379523,395.3531,395.3531,395.3531,395.3531,395.3531,9488.4745,0.00379523,1976.7655,1824.8244,7907.0621,8059.0032,0.00316269,0.00322347,0.00015813,212.5216,219.9480,0.9532,119.0823,2.3972,30121.7335,124.9277,49.0469,238.9093,36.5364,75.9244,374.9013,749.8027,789.266,1183.8989,75.8035,-1.1839,10.395423,15.593133,2.799122,29,215,300,5,0.03207536,0.00395337,0.05088190,0E-8,0.000000,0.912219,0.000000,-0.04848366,2026-03-31,2026-08-01,83,4123,1621,124,0.669355,0.205295,0.230786,0.106918,,,,,,,,GLOBAL_BASELINE_NO_ENTITY_RANKING,,,NOT_APPLICABLE_GLOBAL_BASELINE,HF9g-P5,,,,X 全窗基线 · 不参与实体赏罚,15055231,1506,A168_HF9F_20260827_0900,2026-08-27 09:00:00
2026-05-06,92755421,1509,0,39.4632991318,-39.4632991318,-39.4632991318,0E-7,2,2,0.49324550000000000,0.493245500000,-1.3952362676504506,-1.3952362676504506,-1.3952362676504506,0E-17,ELIGIBLE,R03b_20260811_FULL_v1,L1_ELIGIBILITY,v2026-08-11,2026-03-21..2026-08-06,baccarat_bet02_101_all_pairs_incl_sentinel,round_win = game_pnl > 0 (decisive only),COMPATIBILITY_ONLY_NOT_PRODUCTION,2500103.8841,2280641.3266,9883.8276,11764,10369,-0.00395337,-0.05088190,-0.00239824,-0.00395337,-9883.8276,2500103.8841,OK,0.0000,395.3531,4.0000,96.0000,AG03-UNRESOLVED,ALL5_LEVELS_bet23_to_bet27,395.3531,395.3531,395.3531,395.3531,395.3531,4.000000,4.000000,4.000000,4.000000,4.000000,96.000000,96.000000,96.000000,96.000000,96.000000,5.0,1976.7655,1824.8244,7907.0621,8059.0032,PENDING_AG03,FALSE,NOT_FOR_ENFORCEMENT,9488.4745,2189415.6736,9883.8276,9488.4745,395.3531,0.00395337,0.00379523,395.3531,9488.4745,0.00379523,395.3531,395.3531,395.3531,395.3531,395.3531,9488.4745,0.00379523,1976.7655,1824.8244,7907.0621,8059.0032,0.00316269,0.00322347,0.00015813,212.5216,219.9480,0.9532,119.0823,2.3972,30121.7335,124.9277,49.0469,238.9093,36.5364,75.9244,374.9013,749.8027,789.266,1183.8989,75.8035,-1.1839,10.395423,15.593133,2.799122,29,215,300,5,0.03207536,0.00395337,0.05088190,0E-8,0.000000,0.912219,0.000000,-0.04848366,2026-03-31,2026-08-01,83,4123,1621,124,0.669355,0.205295,0.230786,0.106918,,,,,,,,GLOBAL_BASELINE_NO_ENTITY_RANKING,,,NOT_APPLICABLE_GLOBAL_BASELINE,HF9g-P5,,,,X 全窗基线 · 不参与实体赏罚,15055232,1506,A168_HF9F_20260827_0900,2026-08-27 09:00:00
2026-05-06,92755421,1646,0,39.4632991318,-39.4632991318,-39.4632991318,0E-7,1,1,0.49324550000000000,0.493245500000,-0.9865810262130424,-0.9865810262130424,-0.9865810262130424,0E-17,ELIGIBLE,R03b_20260811_FULL_v1,L1_ELIGIBILITY,v2026-08-11,2026-03-21..2026-08-06,baccarat_bet02_101_all_pairs_incl_sentinel,round_win = game_pnl > 0 (decisive only),COMPATIBILITY_ONLY_NOT_PRODUCTION,2500103.8841,2280641.3266,9883.8276,11764,10369,-0.00395337,-0.05088190,-0.00239824,-0.00395337,-9883.8276,2500103.8841,OK,0.0000,395.3531,4.0000,96.0000,AG03-UNRESOLVED,ALL5_LEVELS_bet23_to_bet27,395.3531,395.3531,395.3531,395.3531,395.3531,4.000000,4.000000,4.000000,4.000000,4.000000,96.000000,96.000000,96.000000,96.000000,96.000000,5.0,1976.7655,1824.8244,7907.0621,8059.0032,PENDING_AG03,FALSE,NOT_FOR_ENFORCEMENT,9488.4745,2189415.6736,9883.8276,9488.4745,395.3531,0.00395337,0.00379523,395.3531,9488.4745,0.00379523,395.3531,395.3531,395.3531,395.3531,395.3531,9488.4745,0.00379523,1976.7655,1824.8244,7907.0621,8059.0032,0.00316269,0.00322347,0.00015813,212.5216,219.9480,0.9532,119.0823,2.3972,30121.7335,124.9277,49.0469,238.9093,36.5364,75.9244,374.9013,749.8027,789.266,1183.8989,75.8035,-1.1839,10.395423,15.593133,2.799122,29,215,300,5,0.03207536,0.00395337,0.05088190,0E-8,0.000000,0.912219,0.000000,-0.04848366,2026-03-31,2026-08-01,83,4123,1621,124,0.669355,0.205295,0.230786,0.106918,,,,,,,,GLOBAL_BASELINE_NO_ENTITY_RANKING,,,NOT_APPLICABLE_GLOBAL_BASELINE,HF9g-P5,,,,X 全窗基线 · 不参与实体赏罚,15055233,1506,A168_HF9F_20260827_0900,2026-08-27 09:00:00
2026-05-06,92755421,1935,0,19.7316495659,-19.7316495659,-19.7316495659,0E-7,1,1,0.50665070000000000,0.506650700000,-1.013391052207602,-1.013391052207602,-1.013391052207602,0E-17,ELIGIBLE,R03b_20260811_FULL_v1,L1_ELIGIBILITY,v2026-08-11,2026-03-21..2026-08-06,baccarat_bet02_101_all_pairs_incl_sentinel,round_win = game_pnl > 0 (decisive only),COMPATIBILITY_ONLY_NOT_PRODUCTION,2500103.8841,2280641.3266,9883.8276,11764,10369,-0.00395337,-0.05088190,-0.00239824,-0.00395337,-9883.8276,2500103.8841,OK,0.0000,395.3531,4.0000,96.0000,AG03-UNRESOLVED,ALL5_LEVELS_bet23_to_bet27,395.3531,395.3531,395.3531,395.3531,395.3531,4.000000,4.000000,4.000000,4.000000,4.000000,96.000000,96.000000,96.000000,96.000000,96.000000,5.0,1976.7655,1824.8244,7907.0621,8059.0032,PENDING_AG03,FALSE,NOT_FOR_ENFORCEMENT,9488.4745,2189415.6736,9883.8276,9488.4745,395.3531,0.00395337,0.00379523,395.3531,9488.4745,0.00379523,395.3531,395.3531,395.3531,395.3531,395.3531,9488.4745,0.00379523,1976.7655,1824.8244,7907.0621,8059.0032,0.00316269,0.00322347,0.00015813,212.5216,219.9480,0.9532,119.0823,2.3972,30121.7335,124.9277,49.0469,238.9093,36.5364,75.9244,374.9013,749.8027,789.266,1183.8989,75.8035,-1.1839,10.395423,15.593133,2.799122,29,215,300,5,0.03207536,0.00395337,0.05088190,0E-8,0.000000,0.912219,0.000000,-0.04848366,2026-03-31,2026-08-01,83,4123,1621,124,0.669355,0.205295,0.230786,0.106918,,,,,,,,GLOBAL_BASELINE_NO_ENTITY_RANKING,,,NOT_APPLICABLE_GLOBAL_BASELINE,HF9g-P5,,,,X 全窗基线 · 不参与实体赏罚,15055234,1506,A168_HF9F_20260827_0900,2026-08-27 09:00:00
2026-05-06,92755421,1947,0,39.4632991318,19.7316495659,19.7316495659,1.0000000,2,2,0.49994810000000000,0.499948100000,1.0001038053877793,1.0001038053877793,1.0001038053877793,0E-17,ELIGIBLE,R03b_20260811_FULL_v1,L1_ELIGIBILITY,v2026-08-11,2026-03-21..2026-08-06,baccarat_bet02_101_all_pairs_incl_sentinel,round_win = game_pnl > 0 (decisive only),COMPATIBILITY_ONLY_NOT_PRODUCTION,2500103.8841,2280641.3266,9883.8276,11764,10369,-0.00395337,-0.05088190,-0.00239824,-0.00395337,-9883.8276,2500103.8841,OK,0.0000,395.3531,4.0000,96.0000,AG03-UNRESOLVED,ALL5_LEVELS_bet23_to_bet27,395.3531,395.3531,395.3531,395.3531,395.3531,4.000000,4.000000,4.000000,4.000000,4.000000,96.000000,96.000000,96.000000,96.000000,96.000000,5.0,1976.7655,1824.8244,7907.0621,8059.0032,PENDING_AG03,FALSE,NOT_FOR_ENFORCEMENT,9488.4745,2189415.6736,9883.8276,9488.4745,395.3531,0.00395337,0.00379523,395.3531,9488.4745,0.00379523,395.3531,395.3531,395.3531,395.3531,395.3531,9488.4745,0.00379523,1976.7655,1824.8244,7907.0621,8059.0032,0.00316269,0.00322347,0.00015813,212.5216,219.9480,0.9532,119.0823,2.3972,30121.7335,124.9277,49.0469,238.9093,36.5364,75.9244,374.9013,749.8027,789.266,1183.8989,75.8035,-1.1839,10.395423,15.593133,2.799122,29,215,300,5,0.03207536,0.00395337,0.05088190,0E-8,0.000000,0.912219,0.000000,-0.04848366,2026-03-31,2026-08-01,83,4123,1621,124,0.669355,0.205295,0.230786,0.106918,,,,,,,,GLOBAL_BASELINE_NO_ENTITY_RANKING,,,NOT_APPLICABLE_GLOBAL_BASELINE,HF9g-P5,,,,X 全窗基线 · 不参与实体赏罚,15055235,1506,A168_HF9F_20260827_0900,2026-08-27 09:00:00
2026-05-06,92755421,1957,0,48.1452249408,-48.1452249408,-48.1452249408,0E-7,1,1,0.50665070000000000,0.506650700000,-1.013391052207602,-1.013391052207602,-1.013391052207602,0E-17,ELIGIBLE,R03b_20260811_FULL_v1,L1_ELIGIBILITY,v2026-08-11,2026-03-21..2026-08-06,baccarat_bet02_101_all_pairs_incl_sentinel,round_win = game_pnl > 0 (decisive only),COMPATIBILITY_ONLY_NOT_PRODUCTION,2500103.8841,2280641.3266,9883.8276,11764,10369,-0.00395337,-0.05088190,-0.00239824,-0.00395337,-9883.8276,2500103.8841,OK,0.0000,395.3531,4.0000,96.0000,AG03-UNRESOLVED,ALL5_LEVELS_bet23_to_bet27,395.3531,395.3531,395.3531,395.3531,395.3531,4.000000,4.000000,4.000000,4.000000,4.000000,96.000000,96.000000,96.000000,96.000000,96.000000,5.0,1976.7655,1824.8244,7907.0621,8059.0032,PENDING_AG03,FALSE,NOT_FOR_ENFORCEMENT,9488.4745,2189415.6736,9883.8276,9488.4745,395.3531,0.00395337,0.00379523,395.3531,9488.4745,0.00379523,395.3531,395.3531,395.3531,395.3531,395.3531,9488.4745,0.00379523,1976.7655,1824.8244,7907.0621,8059.0032,0.00316269,0.00322347,0.00015813,212.5216,219.9480,0.9532,119.0823,2.3972,30121.7335,124.9277,49.0469,238.9093,36.5364,75.9244,374.9013,749.8027,789.266,1183.8989,75.8035,-1.1839,10.395423,15.593133,2.799122,29,215,300,5,0.03207536,0.00395337,0.05088190,0E-8,0.000000,0.912219,0.000000,-0.04848366,2026-03-31,2026-08-01,83,4123,1621,124,0.669355,0.205295,0.230786,0.106918,,,,,,,,GLOBAL_BASELINE_NO_ENTITY_RANKING,,,NOT_APPLICABLE_GLOBAL_BASELINE,HF9g-P5,,,,X 全窗基线 · 不参与实体赏罚,15055236,1506,A168_HF9F_20260827_0900,2026-08-27 09:00:00
2026-05-06,92755421,1963,0,236.7797947908,-236.7797947908,-236.7797947908,0E-7,3,3,0.49771390000000000,0.497713900000,-1.724149546644903,-1.724149546644903,-1.724149546644903,0E-17,ELIGIBLE,R03b_20260811_FULL_v1,L1_ELIGIBILITY,v2026-08-11,2026-03-21..2026-08-06,baccarat_bet02_101_all_pairs_incl_sentinel,round_win = game_pnl > 0 (decisive only),COMPATIBILITY_ONLY_NOT_PRODUCTION,2500103.8841,2280641.3266,9883.8276,11764,10369,-0.00395337,-0.05088190,-0.00239824,-0.00395337,-9883.8276,2500103.8841,OK,0.0000,395.3531,4.0000,96.0000,AG03-UNRESOLVED,ALL5_LEVELS_bet23_to_bet27,395.3531,395.3531,395.3531,395.3531,395.3531,4.000000,4.000000,4.000000,4.000000,4.000000,96.000000,96.000000,96.000000,96.000000,96.000000,5.0,1976.7655,1824.8244,7907.0621,8059.0032,PENDING_AG03,FALSE,NOT_FOR_ENFORCEMENT,9488.4745,2189415.6736,9883.8276,9488.4745,395.3531,0.00395337,0.00379523,395.3531,9488.4745,0.00379523,395.3531,395.3531,395.3531,395.3531,395.3531,9488.4745,0.00379523,1976.7655,1824.8244,7907.0621,8059.0032,0.00316269,0.00322347,0.00015813,212.5216,219.9480,0.9532,119.0823,2.3972,30121.7335,124.9277,49.0469,238.9093,36.5364,75.9244,374.9013,749.8027,789.266,1183.8989,75.8035,-1.1839,10.395423,15.593133,2.799122,29,215,300,5,0.03207536,0.00395337,0.05088190,0E-8,0.000000,0.912219,0.000000,-0.04848366,2026-03-31,2026-08-01,83,4123,1621,124,0.669355,0.205295,0.230786,0.106918,,,,,,,,GLOBAL_BASELINE_NO_ENTITY_RANKING,,,NOT_APPLICABLE_GLOBAL_BASELINE,HF9g-P5,,,,X 全窗基线 · 不参与实体赏罚,15055237,1506,A168_HF9F_20260827_0900,2026-08-27 09:00:00
2026-05-06,92755421,1994,0,39.4632991318,-39.4632991318,-39.4632991318,0E-7,1,1,0.50665070000000000,0.506650700000,-1.013391052207602,-1.013391052207602,-1.013391052207602,0E-17,ELIGIBLE,R03b_20260811_FULL_v1,L1_ELIGIBILITY,v2026-08-11,2026-03-21..2026-08-06,baccarat_bet02_101_all_pairs_incl_sentinel,round_win = game_pnl > 0 (decisive only),COMPATIBILITY_ONLY_NOT_PRODUCTION,2500103.8841,2280641.3266,9883.8276,11764,10369,-0.00395337,-0.05088190,-0.00239824,-0.00395337,-9883.8276,2500103.8841,OK,0.0000,395.3531,4.0000,96.0000,AG03-UNRESOLVED,ALL5_LEVELS_bet23_to_bet27,395.3531,395.3531,395.3531,395.3531,395.3531,4.000000,4.000000,4.000000,4.000000,4.000000,96.000000,96.000000,96.000000,96.000000,96.000000,5.0,1976.7655,1824.8244,7907.0621,8059.0032,PENDING_AG03,FALSE,NOT_FOR_ENFORCEMENT,9488.4745,2189415.6736,9883.8276,9488.4745,395.3531,0.00395337,0.00379523,395.3531,9488.4745,0.00379523,395.3531,395.3531,395.3531,395.3531,395.3531,9488.4745,0.00379523,1976.7655,1824.8244,7907.0621,8059.0032,0.00316269,0.00322347,0.00015813,212.5216,219.9480,0.9532,119.0823,2.3972,30121.7335,124.9277,49.0469,238.9093,36.5364,75.9244,374.9013,749.8027,789.266,1183.8989,75.8035,-1.1839,10.395423,15.593133,2.799122,29,215,300,5,0.03207536,0.00395337,0.05088190,0E-8,0.000000,0.912219,0.000000,-0.04848366,2026-03-31,2026-08-01,83,4123,1621,124,0.669355,0.205295,0.230786,0.106918,,,,,,,,GLOBAL_BASELINE_NO_ENTITY_RANKING,,,NOT_APPLICABLE_GLOBAL_BASELINE,HF9g-P5,,,,X 全窗基线 · 不参与实体赏罚,15055238,1506,A168_HF9F_20260827_0900,2026-08-27 09:00:00
2026-05-06,92755421,2103,0,157.8531965272,-157.8531965272,-157.8531965272,0E-7,2,2,0.49324550000000000,0.493245500000,-1.3952362676504506,-1.3952362676504506,-1.3952362676504506,0E-17,ELIGIBLE,R03b_20260811_FULL_v1,L1_ELIGIBILITY,v2026-08-11,2026-03-21..2026-08-06,baccarat_bet02_101_all_pairs_incl_sentinel,round_win = game_pnl > 0 (decisive only),COMPATIBILITY_ONLY_NOT_PRODUCTION,2500103.8841,2280641.3266,9883.8276,11764,10369,-0.00395337,-0.05088190,-0.00239824,-0.00395337,-9883.8276,2500103.8841,OK,0.0000,395.3531,4.0000,96.0000,AG03-UNRESOLVED,ALL5_LEVELS_bet23_to_bet27,395.3531,395.3531,395.3531,395.3531,395.3531,4.000000,4.000000,4.000000,4.000000,4.000000,96.000000,96.000000,96.000000,96.000000,96.000000,5.0,1976.7655,1824.8244,7907.0621,8059.0032,PENDING_AG03,FALSE,NOT_FOR_ENFORCEMENT,9488.4745,2189415.6736,9883.8276,9488.4745,395.3531,0.00395337,0.00379523,395.3531,9488.4745,0.00379523,395.3531,395.3531,395.3531,395.3531,395.3531,9488.4745,0.00379523,1976.7655,1824.8244,7907.0621,8059.0032,0.00316269,0.00322347,0.00015813,212.5216,219.9480,0.9532,119.0823,2.3972,30121.7335,124.9277,49.0469,238.9093,36.5364,75.9244,374.9013,749.8027,789.266,1183.8989,75.8035,-1.1839,10.395423,15.593133,2.799122,29,215,300,5,0.03207536,0.00395337,0.05088190,0E-8,0.000000,0.912219,0.000000,-0.04848366,2026-03-31,2026-08-01,83,4123,1621,124,0.669355,0.205295,0.230786,0.106918,,,,,,,,GLOBAL_BASELINE_NO_ENTITY_RANKING,,,NOT_APPLICABLE_GLOBAL_BASELINE,HF9g-P5,,,,X 全窗基线 · 不参与实体赏罚,15055239,1506,A168_HF9F_20260827_0900,2026-08-27 09:00:00
2026-05-06,92755421,2106,0,58.4056827151,-19.9289660616,-19.9289660616,0.5000000,3,2,0.49268671326503075,0.381345450000,0.020687311577684043,0.3454745057990616,0.020687311577684043,0.11134126326503075,ELIGIBLE,R03b_20260811_FULL_v1,L1_ELIGIBILITY,v2026-08-11,2026-03-21..2026-08-06,baccarat_bet02_101_all_pairs_incl_sentinel,round_win = game_pnl > 0 (decisive only),COMPATIBILITY_ONLY_NOT_PRODUCTION,2500103.8841,2280641.3266,9883.8276,11764,10369,-0.00395337,-0.05088190,-0.00239824,-0.00395337,-9883.8276,2500103.8841,OK,0.0000,395.3531,4.0000,96.0000,AG03-UNRESOLVED,ALL5_LEVELS_bet23_to_bet27,395.3531,395.3531,395.3531,395.3531,395.3531,4.000000,4.000000,4.000000,4.000000,4.000000,96.000000,96.000000,96.000000,96.000000,96.000000,5.0,1976.7655,1824.8244,7907.0621,8059.0032,PENDING_AG03,FALSE,NOT_FOR_ENFORCEMENT,9488.4745,2189415.6736,9883.8276,9488.4745,395.3531,0.00395337,0.00379523,395.3531,9488.4745,0.00379523,395.3531,395.3531,395.3531,395.3531,395.3531,9488.4745,0.00379523,1976.7655,1824.8244,7907.0621,8059.0032,0.00316269,0.00322347,0.00015813,212.5216,219.9480,0.9532,119.0823,2.3972,30121.7335,124.9277,49.0469,238.9093,36.5364,75.9244,374.9013,749.8027,789.266,1183.8989,75.8035,-1.1839,10.395423,15.593133,2.799122,29,215,300,5,0.03207536,0.00395337,0.05088190,0E-8,0.000000,0.912219,0.000000,-0.04848366,2026-03-31,2026-08-01,83,4123,1621,124,0.669355,0.205295,0.230786,0.106918,,,,,,,,GLOBAL_BASELINE_NO_ENTITY_RANKING,,,NOT_APPLICABLE_GLOBAL_BASELINE,HF9g-P5,,,,X 全窗基线 · 不参与实体赏罚,15055240,1506,A168_HF9F_20260827_0900,2026-08-27 09:00:00
2026-05-06,92755421,2108,0,78.9265982636,-78.9265982636,-78.9265982636,0E-7,1,1,0.49324550000000000,0.493245500000,-0.9865810262130424,-0.9865810262130424,-0.9865810262130424,0E-17,ELIGIBLE,R03b_20260811_FULL_v1,L1_ELIGIBILITY,v2026-08-11,2026-03-21..2026-08-06,baccarat_bet02_101_all_pairs_incl_sentinel,round_win = game_pnl > 0 (decisive only),COMPATIBILITY_ONLY_NOT_PRODUCTION,2500103.8841,2280641.3266,9883.8276,11764,10369,-0.00395337,-0.05088190,-0.00239824,-0.00395337,-9883.8276,2500103.8841,OK,0.0000,395.3531,4.0000,96.0000,AG03-UNRESOLVED,ALL5_LEVELS_bet23_to_bet27,395.3531,395.3531,395.3531,395.3531,395.3531,4.000000,4.000000,4.000000,4.000000,4.000000,96.000000,96.000000,96.000000,96.000000,96.000000,5.0,1976.7655,1824.8244,7907.0621,8059.0032,PENDING_AG03,FALSE,NOT_FOR_ENFORCEMENT,9488.4745,2189415.6736,9883.8276,9488.4745,395.3531,0.00395337,0.00379523,395.3531,9488.4745,0.00379523,395.3531,395.3531,395.3531,395.3531,395.3531,9488.4745,0.00379523,1976.7655,1824.8244,7907.0621,8059.0032,0.00316269,0.00322347,0.00015813,212.5216,219.9480,0.9532,119.0823,2.3972,30121.7335,124.9277,49.0469,238.9093,36.5364,75.9244,374.9013,749.8027,789.266,1183.8989,75.8035,-1.1839,10.395423,15.593133,2.799122,29,215,300,5,0.03207536,0.00395337,0.05088190,0E-8,0.000000,0.912219,0.000000,-0.04848366,2026-03-31,2026-08-01,83,4123,1621,124,0.669355,0.205295,0.230786,0.106918,,,,,,,,GLOBAL_BASELINE_NO_ENTITY_RANKING,,,NOT_APPLICABLE_GLOBAL_BASELINE,HF9g-P5,,,,X 全窗基线 · 不参与实体赏罚,15055241,1506,A168_HF9F_20260827_0900,2026-08-27 09:00:00
2026-05-06,92755421,2117,0,175.6116811365,71.0339384372,71.0339384372,0.8333333,9,7,0.49378585034191315,0.433132671429,1.6635646377918374,1.9783459680664934,1.6635646377918374,0.06065317891291315,ELIGIBLE,R03b_20260811_FULL_v1,L1_ELIGIBILITY,v2026-08-11,2026-03-21..2026-08-06,baccarat_bet02_101_all_pairs_incl_sentinel,round_win = game_pnl > 0 (decisive only),COMPATIBILITY_ONLY_NOT_PRODUCTION,2500103.8841,2280641.3266,9883.8276,11764,10369,-0.00395337,-0.05088190,-0.00239824,-0.00395337,-9883.8276,2500103.8841,OK,0.0000,395.3531,4.0000,96.0000,AG03-UNRESOLVED,ALL5_LEVELS_bet23_to_bet27,395.3531,395.3531,395.3531,395.3531,395.3531,4.000000,4.000000,4.000000,4.000000,4.000000,96.000000,96.000000,96.000000,96.000000,96.000000,5.0,1976.7655,1824.8244,7907.0621,8059.0032,PENDING_AG03,FALSE,NOT_FOR_ENFORCEMENT,9488.4745,2189415.6736,9883.8276,9488.4745,395.3531,0.00395337,0.00379523,395.3531,9488.4745,0.00379523,395.3531,395.3531,395.3531,395.3531,395.3531,9488.4745,0.00379523,1976.7655,1824.8244,7907.0621,8059.0032,0.00316269,0.00322347,0.00015813,212.5216,219.9480,0.9532,119.0823,2.3972,30121.7335,124.9277,49.0469,238.9093,36.5364,75.9244,374.9013,749.8027,789.266,1183.8989,75.8035,-1.1839,10.395423,15.593133,2.799122,29,215,300,5,0.03207536,0.00395337,0.05088190,0E-8,0.000000,0.912219,0.000000,-0.04848366,2026-03-31,2026-08-01,83,4123,1621,124,0.669355,0.205295,0.230786,0.106918,,,,,,,,GLOBAL_BASELINE_NO_ENTITY_RANKING,,,NOT_APPLICABLE_GLOBAL_BASELINE,HF9g-P5,,,,X 全窗基线 · 不参与实体赏罚,15055242,1506,A168_HF9F_20260827_0900,2026-08-27 09:00:00
2026-05-06,92755421,2121,0,19.7316495659,-19.7316495659,-19.7316495659,0E-7,1,1,0.50665070000000000,0.506650700000,-1.013391052207602,-1.013391052207602,-1.013391052207602,0E-17,ELIGIBLE,R03b_20260811_FULL_v1,L1_ELIGIBILITY,v2026-08-11,2026-03-21..2026-08-06,baccarat_bet02_101_all_pairs_incl_sentinel,round_win = game_pnl > 0 (decisive only),COMPATIBILITY_ONLY_NOT_PRODUCTION,2500103.8841,2280641.3266,9883.8276,11764,10369,-0.00395337,-0.05088190,-0.00239824,-0.00395337,-9883.8276,2500103.8841,OK,0.0000,395.3531,4.0000,96.0000,AG03-UNRESOLVED,ALL5_LEVELS_bet23_to_bet27,395.3531,395.3531,395.3531,395.3531,395.3531,4.000000,4.000000,4.000000,4.000000,4.000000,96.000000,96.000000,96.000000,96.000000,96.000000,5.0,1976.7655,1824.8244,7907.0621,8059.0032,PENDING_AG03,FALSE,NOT_FOR_ENFORCEMENT,9488.4745,2189415.6736,9883.8276,9488.4745,395.3531,0.00395337,0.00379523,395.3531,9488.4745,0.00379523,395.3531,395.3531,395.3531,395.3531,395.3531,9488.4745,0.00379523,1976.7655,1824.8244,7907.0621,8059.0032,0.00316269,0.00322347,0.00015813,212.5216,219.9480,0.9532,119.0823,2.3972,30121.7335,124.9277,49.0469,238.9093,36.5364,75.9244,374.9013,749.8027,789.266,1183.8989,75.8035,-1.1839,10.395423,15.593133,2.799122,29,215,300,5,0.03207536,0.00395337,0.05088190,0E-8,0.000000,0.912219,0.000000,-0.04848366,2026-03-31,2026-08-01,83,4123,1621,124,0.669355,0.205295,0.230786,0.106918,,,,,,,,GLOBAL_BASELINE_NO_ENTITY_RANKING,,,NOT_APPLICABLE_GLOBAL_BASELINE,HF9g-P5,,,,X 全窗基线 · 不参与实体赏罚,15055243,1506,A168_HF9F_20260827_0900,2026-08-27 09:00:00
2026-05-06,92755421,2127,0,78.9265982636,-59.1949486977,-59.1949486977,0E-7,3,3,0.50665070000000000,0.506650700000,-1.4331513700195317,-1.4331513700195317,-1.4331513700195317,0E-17,ELIGIBLE,R03b_20260811_FULL_v1,L1_ELIGIBILITY,v2026-08-11,2026-03-21..2026-08-06,baccarat_bet02_101_all_pairs_incl_sentinel,round_win = game_pnl > 0 (decisive only),COMPATIBILITY_ONLY_NOT_PRODUCTION,2500103.8841,2280641.3266,9883.8276,11764,10369,-0.00395337,-0.05088190,-0.00239824,-0.00395337,-9883.8276,2500103.8841,OK,0.0000,395.3531,4.0000,96.0000,AG03-UNRESOLVED,ALL5_LEVELS_bet23_to_bet27,395.3531,395.3531,395.3531,395.3531,395.3531,4.000000,4.000000,4.000000,4.000000,4.000000,96.000000,96.000000,96.000000,96.000000,96.000000,5.0,1976.7655,1824.8244,7907.0621,8059.0032,PENDING_AG03,FALSE,NOT_FOR_ENFORCEMENT,9488.4745,2189415.6736,9883.8276,9488.4745,395.3531,0.00395337,0.00379523,395.3531,9488.4745,0.00379523,395.3531,395.3531,395.3531,395.3531,395.3531,9488.4745,0.00379523,1976.7655,1824.8244,7907.0621,8059.0032,0.00316269,0.00322347,0.00015813,212.5216,219.9480,0.9532,119.0823,2.3972,30121.7335,124.9277,49.0469,238.9093,36.5364,75.9244,374.9013,749.8027,789.266,1183.8989,75.8035,-1.1839,10.395423,15.593133,2.799122,29,215,300,5,0.03207536,0.00395337,0.05088190,0E-8,0.000000,0.912219,0.000000,-0.04848366,2026-03-31,2026-08-01,83,4123,1621,124,0.669355,0.205295,0.230786,0.106918,,,,,,,,GLOBAL_BASELINE_NO_ENTITY_RANKING,,,NOT_APPLICABLE_GLOBAL_BASELINE,HF9g-P5,,,,X 全窗基线 · 不参与实体赏罚,15055244,1506,A168_HF9F_20260827_0900,2026-08-27 09:00:00
2026-05-06,92755421,2130,0,430.1499605366,-27.4269928966,-27.4269928966,0.4000000,7,7,0.50090561428571429,0.500905614286,-0.4512643659064873,-0.4512643659077655,-0.4512643659064873,-2.8571E-13,ELIGIBLE,R03b_20260811_FULL_v1,L1_ELIGIBILITY,v2026-08-11,2026-03-21..2026-08-06,baccarat_bet02_101_all_pairs_incl_sentinel,round_win = game_pnl > 0 (decisive only),COMPATIBILITY_ONLY_NOT_PRODUCTION,2500103.8841,2280641.3266,9883.8276,11764,10369,-0.00395337,-0.05088190,-0.00239824,-0.00395337,-9883.8276,2500103.8841,OK,0.0000,395.3531,4.0000,96.0000,AG03-UNRESOLVED,ALL5_LEVELS_bet23_to_bet27,395.3531,395.3531,395.3531,395.3531,395.3531,4.000000,4.000000,4.000000,4.000000,4.000000,96.000000,96.000000,96.000000,96.000000,96.000000,5.0,1976.7655,1824.8244,7907.0621,8059.0032,PENDING_AG03,FALSE,NOT_FOR_ENFORCEMENT,9488.4745,2189415.6736,9883.8276,9488.4745,395.3531,0.00395337,0.00379523,395.3531,9488.4745,0.00379523,395.3531,395.3531,395.3531,395.3531,395.3531,9488.4745,0.00379523,1976.7655,1824.8244,7907.0621,8059.0032,0.00316269,0.00322347,0.00015813,212.5216,219.9480,0.9532,119.0823,2.3972,30121.7335,124.9277,49.0469,238.9093,36.5364,75.9244,374.9013,749.8027,789.266,1183.8989,75.8035,-1.1839,10.395423,15.593133,2.799122,29,215,300,5,0.03207536,0.00395337,0.05088190,0E-8,0.000000,0.912219,0.000000,-0.04848366,2026-03-31,2026-08-01,83,4123,1621,124,0.669355,0.205295,0.230786,0.106918,,,,,,,,GLOBAL_BASELINE_NO_ENTITY_RANKING,,,NOT_APPLICABLE_GLOBAL_BASELINE,HF9g-P5,,,,X 全窗基线 · 不参与实体赏罚,15055245,1506,A168_HF9F_20260827_0900,2026-08-27 09:00:00
2026-05-06,92755421,2134,0,139.3054459352,-31.5706393054,-31.5706393054,0.4285714,9,7,0.49062595970292168,0.436962728571,-0.32841943743043067,-0.044759734129607626,-0.32841943743043067,0.05366323113192168,ELIGIBLE,R03b_20260811_FULL_v1,L1_ELIGIBILITY,v2026-08-11,2026-03-21..2026-08-06,baccarat_bet02_101_all_pairs_incl_sentinel,round_win = game_pnl > 0 (decisive only),COMPATIBILITY_ONLY_NOT_PRODUCTION,2500103.8841,2280641.3266,9883.8276,11764,10369,-0.00395337,-0.05088190,-0.00239824,-0.00395337,-9883.8276,2500103.8841,OK,0.0000,395.3531,4.0000,96.0000,AG03-UNRESOLVED,ALL5_LEVELS_bet23_to_bet27,395.3531,395.3531,395.3531,395.3531,395.3531,4.000000,4.000000,4.000000,4.000000,4.000000,96.000000,96.000000,96.000000,96.000000,96.000000,5.0,1976.7655,1824.8244,7907.0621,8059.0032,PENDING_AG03,FALSE,NOT_FOR_ENFORCEMENT,9488.4745,2189415.6736,9883.8276,9488.4745,395.3531,0.00395337,0.00379523,395.3531,9488.4745,0.00379523,395.3531,395.3531,395.3531,395.3531,395.3531,9488.4745,0.00379523,1976.7655,1824.8244,7907.0621,8059.0032,0.00316269,0.00322347,0.00015813,212.5216,219.9480,0.9532,119.0823,2.3972,30121.7335,124.9277,49.0469,238.9093,36.5364,75.9244,374.9013,749.8027,789.266,1183.8989,75.8035,-1.1839,10.395423,15.593133,2.799122,29,215,300,5,0.03207536,0.00395337,0.05088190,0E-8,0.000000,0.912219,0.000000,-0.04848366,2026-03-31,2026-08-01,83,4123,1621,124,0.669355,0.205295,0.230786,0.106918,,,,,,,,GLOBAL_BASELINE_NO_ENTITY_RANKING,,,NOT_APPLICABLE_GLOBAL_BASELINE,HF9g-P5,,,,X 全窗基线 · 不参与实体赏罚,15055246,1506,A168_HF9F_20260827_0900,2026-08-27 09:00:00
2026-05-06,92755421,2141,0,256.5114443566,45.4814522495,45.4814522495,0.4285714,10,8,0.49173319783545937,0.440646775000,-0.3342663583395612,-0.06435173312909283,-0.3342663583395612,0.05108642283545937,ELIGIBLE,R03b_20260811_FULL_v1,L1_ELIGIBILITY,v2026-08-11,2026-03-21..2026-08-06,baccarat_bet02_101_all_pairs_incl_sentinel,round_win = game_pnl > 0 (decisive only),COMPATIBILITY_ONLY_NOT_PRODUCTION,2500103.8841,2280641.3266,9883.8276,11764,10369,-0.00395337,-0.05088190,-0.00239824,-0.00395337,-9883.8276,2500103.8841,OK,0.0000,395.3531,4.0000,96.0000,AG03-UNRESOLVED,ALL5_LEVELS_bet23_to_bet27,395.3531,395.3531,395.3531,395.3531,395.3531,4.000000,4.000000,4.000000,4.000000,4.000000,96.000000,96.000000,96.000000,96.000000,96.000000,5.0,1976.7655,1824.8244,7907.0621,8059.0032,PENDING_AG03,FALSE,NOT_FOR_ENFORCEMENT,9488.4745,2189415.6736,9883.8276,9488.4745,395.3531,0.00395337,0.00379523,395.3531,9488.4745,0.00379523,395.3531,395.3531,395.3531,395.3531,395.3531,9488.4745,0.00379523,1976.7655,1824.8244,7907.0621,8059.0032,0.00316269,0.00322347,0.00015813,212.5216,219.9480,0.9532,119.0823,2.3972,30121.7335,124.9277,49.0469,238.9093,36.5364,75.9244,374.9013,749.8027,789.266,1183.8989,75.8035,-1.1839,10.395423,15.593133,2.799122,29,215,300,5,0.03207536,0.00395337,0.05088190,0E-8,0.000000,0.912219,0.000000,-0.04848366,2026-03-31,2026-08-01,83,4123,1621,124,0.669355,0.205295,0.230786,0.106918,,,,,,,,GLOBAL_BASELINE_NO_ENTITY_RANKING,,,NOT_APPLICABLE_GLOBAL_BASELINE,HF9g-P5,,,,X 全窗基线 · 不参与实体赏罚,15055247,1506,A168_HF9F_20260827_0900,2026-08-27 09:00:00
2026-05-06,92755421,2142,0,148.7766377269,-43.4096290450,-43.4096290450,0.3333333,9,7,0.48071216824206633,0.430260128571,-0.7225436910362996,-0.4795298216259253,-0.7225436910362996,0.05045203967106633,ELIGIBLE,R03b_20260811_FULL_v1,L1_ELIGIBILITY,v2026-08-11,2026-03-21..2026-08-06,baccarat_bet02_101_all_pairs_incl_sentinel,round_win = game_pnl > 0 (decisive only),COMPATIBILITY_ONLY_NOT_PRODUCTION,2500103.8841,2280641.3266,9883.8276,11764,10369,-0.00395337,-0.05088190,-0.00239824,-0.00395337,-9883.8276,2500103.8841,OK,0.0000,395.3531,4.0000,96.0000,AG03-UNRESOLVED,ALL5_LEVELS_bet23_to_bet27,395.3531,395.3531,395.3531,395.3531,395.3531,4.000000,4.000000,4.000000,4.000000,4.000000,96.000000,96.000000,96.000000,96.000000,96.000000,5.0,1976.7655,1824.8244,7907.0621,8059.0032,PENDING_AG03,FALSE,NOT_FOR_ENFORCEMENT,9488.4745,2189415.6736,9883.8276,9488.4745,395.3531,0.00395337,0.00379523,395.3531,9488.4745,0.00379523,395.3531,395.3531,395.3531,395.3531,395.3531,9488.4745,0.00379523,1976.7655,1824.8244,7907.0621,8059.0032,0.00316269,0.00322347,0.00015813,212.5216,219.9480,0.9532,119.0823,2.3972,30121.7335,124.9277,49.0469,238.9093,36.5364,75.9244,374.9013,749.8027,789.266,1183.8989,75.8035,-1.1839,10.395423,15.593133,2.799122,29,215,300,5,0.03207536,0.00395337,0.05088190,0E-8,0.000000,0.912219,0.000000,-0.04848366,2026-03-31,2026-08-01,83,4123,1621,124,0.669355,0.205295,0.230786,0.106918,,,,,,,,GLOBAL_BASELINE_NO_ENTITY_RANKING,,,NOT_APPLICABLE_GLOBAL_BASELINE,HF9g-P5,,,,X 全窗基线 · 不参与实体赏罚,15055248,1506,A168_HF9F_20260827_0900,2026-08-27 09:00:00
2026-05-06,92755421,2147,0,520.9155485398,276.6377269139,276.6377269139,0.8333333,7,7,0.50090561428571429,0.500905614286,1.6285592473342474,1.6285592473328494,1.6285592473342474,-2.8571E-13,ELIGIBLE,R03b_20260811_FULL_v1,L1_ELIGIBILITY,v2026-08-11,2026-03-21..2026-08-06,baccarat_bet02_101_all_pairs_incl_sentinel,round_win = game_pnl > 0 (decisive only),COMPATIBILITY_ONLY_NOT_PRODUCTION,2500103.8841,2280641.3266,9883.8276,11764,10369,-0.00395337,-0.05088190,-0.00239824,-0.00395337,-9883.8276,2500103.8841,OK,0.0000,395.3531,4.0000,96.0000,AG03-UNRESOLVED,ALL5_LEVELS_bet23_to_bet27,395.3531,395.3531,395.3531,395.3531,395.3531,4.000000,4.000000,4.000000,4.000000,4.000000,96.000000,96.000000,96.000000,96.000000,96.000000,5.0,1976.7655,1824.8244,7907.0621,8059.0032,PENDING_AG03,FALSE,NOT_FOR_ENFORCEMENT,9488.4745,2189415.6736,9883.8276,9488.4745,395.3531,0.00395337,0.00379523,395.3531,9488.4745,0.00379523,395.3531,395.3531,395.3531,395.3531,395.3531,9488.4745,0.00379523,1976.7655,1824.8244,7907.0621,8059.0032,0.00316269,0.00322347,0.00015813,212.5216,219.9480,0.9532,119.0823,2.3972,30121.7335,124.9277,49.0469,238.9093,36.5364,75.9244,374.9013,749.8027,789.266,1183.8989,75.8035,-1.1839,10.395423,15.593133,2.799122,29,215,300,5,0.03207536,0.00395337,0.05088190,0E-8,0.000000,0.912219,0.000000,-0.04848366,2026-03-31,2026-08-01,83,4123,1621,124,0.669355,0.205295,0.230786,0.106918,,,,,,,,GLOBAL_BASELINE_NO_ENTITY_RANKING,,,NOT_APPLICABLE_GLOBAL_BASELINE,HF9g-P5,,,,X 全窗基线 · 不参与实体赏罚,15055249,1506,A168_HF9F_20260827_0900,2026-08-27 09:00:00
2026-05-06,92755421,2160,0,21.3101815312,-21.3101815312,-21.3101815312,0E-7,2,2,0.25604020000000000,0.256040200000,-0.8296489009604027,-0.8296489009604027,-0.8296489009604027,0E-17,ELIGIBLE,R03b_20260811_FULL_v1,L1_ELIGIBILITY,v2026-08-11,2026-03-21..2026-08-06,baccarat_bet02_101_all_pairs_incl_sentinel,round_win = game_pnl > 0 (decisive only),COMPATIBILITY_ONLY_NOT_PRODUCTION,2500103.8841,2280641.3266,9883.8276,11764,10369,-0.00395337,-0.05088190,-0.00239824,-0.00395337,-9883.8276,2500103.8841,OK,0.0000,395.3531,4.0000,96.0000,AG03-UNRESOLVED,ALL5_LEVELS_bet23_to_bet27,395.3531,395.3531,395.3531,395.3531,395.3531,4.000000,4.000000,4.000000,4.000000,4.000000,96.000000,96.000000,96.000000,96.000000,96.000000,5.0,1976.7655,1824.8244,7907.0621,8059.0032,PENDING_AG03,FALSE,NOT_FOR_ENFORCEMENT,9488.4745,2189415.6736,9883.8276,9488.4745,395.3531,0.00395337,0.00379523,395.3531,9488.4745,0.00379523,395.3531,395.3531,395.3531,395.3531,395.3531,9488.4745,0.00379523,1976.7655,1824.8244,7907.0621,8059.0032,0.00316269,0.00322347,0.00015813,212.5216,219.9480,0.9532,119.0823,2.3972,30121.7335,124.9277,49.0469,238.9093,36.5364,75.9244,374.9013,749.8027,789.266,1183.8989,75.8035,-1.1839,10.395423,15.593133,2.799122,29,215,300,5,0.03207536,0.00395337,0.05088190,0E-8,0.000000,0.912219,0.000000,-0.04848366,2026-03-31,2026-08-01,83,4123,1621,124,0.669355,0.205295,0.230786,0.106918,,,,,,,,GLOBAL_BASELINE_NO_ENTITY_RANKING,,,NOT_APPLICABLE_GLOBAL_BASELINE,HF9g-P5,,,,X 全窗基线 · 不参与实体赏罚,15055250,1506,A168_HF9F_20260827_0900,2026-08-27 09:00:00
2026-05-06,92755421,2167,0,60.3788476717,-4.1436464089,-4.1436464089,0.3333333,5,3,0.46072946805507586,0.337342833333,-0.442680650007693,-0.014688270143978827,-0.442680650007693,0.12338663472207586,ELIGIBLE,R03b_20260811_FULL_v1,L1_ELIGIBILITY,v2026-08-11,2026-03-21..2026-08-06,baccarat_bet02_101_all_pairs_incl_sentinel,round_win = game_pnl > 0 (decisive only),COMPATIBILITY_ONLY_NOT_PRODUCTION,2500103.8841,2280641.3266,9883.8276,11764,10369,-0.00395337,-0.05088190,-0.00239824,-0.00395337,-9883.8276,2500103.8841,OK,0.0000,395.3531,4.0000,96.0000,AG03-UNRESOLVED,ALL5_LEVELS_bet23_to_bet27,395.3531,395.3531,395.3531,395.3531,395.3531,4.000000,4.000000,4.000000,4.000000,4.000000,96.000000,96.000000,96.000000,96.000000,96.000000,5.0,1976.7655,1824.8244,7907.0621,8059.0032,PENDING_AG03,FALSE,NOT_FOR_ENFORCEMENT,9488.4745,2189415.6736,9883.8276,9488.4745,395.3531,0.00395337,0.00379523,395.3531,9488.4745,0.00379523,395.3531,395.3531,395.3531,395.3531,395.3531,9488.4745,0.00379523,1976.7655,1824.8244,7907.0621,8059.0032,0.00316269,0.00322347,0.00015813,212.5216,219.9480,0.9532,119.0823,2.3972,30121.7335,124.9277,49.0469,238.9093,36.5364,75.9244,374.9013,749.8027,789.266,1183.8989,75.8035,-1.1839,10.395423,15.593133,2.799122,29,215,300,5,0.03207536,0.00395337,0.05088190,0E-8,0.000000,0.912219,0.000000,-0.04848366,2026-03-31,2026-08-01,83,4123,1621,124,0.669355,0.205295,0.230786,0.106918,,,,,,,,GLOBAL_BASELINE_NO_ENTITY_RANKING,,,NOT_APPLICABLE_GLOBAL_BASELINE,HF9g-P5,,,,X 全窗基线 · 不参与实体赏罚,15055251,1506,A168_HF9F_20260827_0900,2026-08-27 09:00:00
2026-05-06,92755421,2169,0,138.1215469613,-59.1949486977,-59.1949486977,0.2500000,4,4,0.49659680000000000,0.496596800000,-0.9864100490137353,-0.9864100490137354,-0.9864100490137353,0E-17,ELIGIBLE,R03b_20260811_FULL_v1,L1_ELIGIBILITY,v2026-08-11,2026-03-21..2026-08-06,baccarat_bet02_101_all_pairs_incl_sentinel,round_win = game_pnl > 0 (decisive only),COMPATIBILITY_ONLY_NOT_PRODUCTION,2500103.8841,2280641.3266,9883.8276,11764,10369,-0.00395337,-0.05088190,-0.00239824,-0.00395337,-9883.8276,2500103.8841,OK,0.0000,395.3531,4.0000,96.0000,AG03-UNRESOLVED,ALL5_LEVELS_bet23_to_bet27,395.3531,395.3531,395.3531,395.3531,395.3531,4.000000,4.000000,4.000000,4.000000,4.000000,96.000000,96.000000,96.000000,96.000000,96.000000,5.0,1976.7655,1824.8244,7907.0621,8059.0032,PENDING_AG03,FALSE,NOT_FOR_ENFORCEMENT,9488.4745,2189415.6736,9883.8276,9488.4745,395.3531,0.00395337,0.00379523,395.3531,9488.4745,0.00379523,395.3531,395.3531,395.3531,395.3531,395.3531,9488.4745,0.00379523,1976.7655,1824.8244,7907.0621,8059.0032,0.00316269,0.00322347,0.00015813,212.5216,219.9480,0.9532,119.0823,2.3972,30121.7335,124.9277,49.0469,238.9093,36.5364,75.9244,374.9013,749.8027,789.266,1183.8989,75.8035,-1.1839,10.395423,15.593133,2.799122,29,215,300,5,0.03207536,0.00395337,0.05088190,0E-8,0.000000,0.912219,0.000000,-0.04848366,2026-03-31,2026-08-01,83,4123,1621,124,0.669355,0.205295,0.230786,0.106918,,,,,,,,GLOBAL_BASELINE_NO_ENTITY_RANKING,,,NOT_APPLICABLE_GLOBAL_BASELINE,HF9g-P5,,,,X 全窗基线 · 不参与实体赏罚,15055252,1506,A168_HF9F_20260827_0900,2026-08-27 09:00:00
2026-05-06,92755421,2174,0,116.4167324388,31.5706393054,31.5706393054,0.6666667,4,3,0.49385930701749946,0.423113866667,0.5986674046040495,0.8538470354145791,0.5986674046040495,0.07074544035049946,ELIGIBLE,R03b_20260811_FULL_v1,L1_ELIGIBILITY,v2026-08-11,2026-03-21..2026-08-06,baccarat_bet02_101_all_pairs_incl_sentinel,round_win = game_pnl > 0 (decisive only),COMPATIBILITY_ONLY_NOT_PRODUCTION,2500103.8841,2280641.3266,9883.8276,11764,10369,-0.00395337,-0.05088190,-0.00239824,-0.00395337,-9883.8276,2500103.8841,OK,0.0000,395.3531,4.0000,96.0000,AG03-UNRESOLVED,ALL5_LEVELS_bet23_to_bet27,395.3531,395.3531,395.3531,395.3531,395.3531,4.000000,4.000000,4.000000,4.000000,4.000000,96.000000,96.000000,96.000000,96.000000,96.000000,5.0,1976.7655,1824.8244,7907.0621,8059.0032,PENDING_AG03,FALSE,NOT_FOR_ENFORCEMENT,9488.4745,2189415.6736,9883.8276,9488.4745,395.3531,0.00395337,0.00379523,395.3531,9488.4745,0.00379523,395.3531,395.3531,395.3531,395.3531,395.3531,9488.4745,0.00379523,1976.7655,1824.8244,7907.0621,8059.0032,0.00316269,0.00322347,0.00015813,212.5216,219.9480,0.9532,119.0823,2.3972,30121.7335,124.9277,49.0469,238.9093,36.5364,75.9244,374.9013,749.8027,789.266,1183.8989,75.8035,-1.1839,10.395423,15.593133,2.799122,29,215,300,5,0.03207536,0.00395337,0.05088190,0E-8,0.000000,0.912219,0.000000,-0.04848366,2026-03-31,2026-08-01,83,4123,1621,124,0.669355,0.205295,0.230786,0.106918,,,,,,,,GLOBAL_BASELINE_NO_ENTITY_RANKING,,,NOT_APPLICABLE_GLOBAL_BASELINE,HF9g-P5,,,,X 全窗基线 · 不参与实体赏罚,15055253,1506,A168_HF9F_20260827_0900,2026-08-27 09:00:00
2026-05-06,92755421,2187,0,97.8689818469,15.5880031570,15.5880031570,0.6000000,6,5,0.49535848749978086,0.453847560000,0.4679912353399965,0.6564159584284724,0.4679912353399965,0.04151092749978086,ELIGIBLE,R03b_20260811_FULL_v1,L1_ELIGIBILITY,v2026-08-11,2026-03-21..2026-08-06,baccarat_bet02_101_all_pairs_incl_sentinel,round_win = game_pnl > 0 (decisive only),COMPATIBILITY_ONLY_NOT_PRODUCTION,2500103.8841,2280641.3266,9883.8276,11764,10369,-0.00395337,-0.05088190,-0.00239824,-0.00395337,-9883.8276,2500103.8841,OK,0.0000,395.3531,4.0000,96.0000,AG03-UNRESOLVED,ALL5_LEVELS_bet23_to_bet27,395.3531,395.3531,395.3531,395.3531,395.3531,4.000000,4.000000,4.000000,4.000000,4.000000,96.000000,96.000000,96.000000,96.000000,96.000000,5.0,1976.7655,1824.8244,7907.0621,8059.0032,PENDING_AG03,FALSE,NOT_FOR_ENFORCEMENT,9488.4745,2189415.6736,9883.8276,9488.4745,395.3531,0.00395337,0.00379523,395.3531,9488.4745,0.00379523,395.3531,395.3531,395.3531,395.3531,395.3531,9488.4745,0.00379523,1976.7655,1824.8244,7907.0621,8059.0032,0.00316269,0.00322347,0.00015813,212.5216,219.9480,0.9532,119.0823,2.3972,30121.7335,124.9277,49.0469,238.9093,36.5364,75.9244,374.9013,749.8027,789.266,1183.8989,75.8035,-1.1839,10.395423,15.593133,2.799122,29,215,300,5,0.03207536,0.00395337,0.05088190,0E-8,0.000000,0.912219,0.000000,-0.04848366,2026-03-31,2026-08-01,83,4123,1621,124,0.669355,0.205295,0.230786,0.106918,,,,,,,,GLOBAL_BASELINE_NO_ENTITY_RANKING,,,NOT_APPLICABLE_GLOBAL_BASELINE,HF9g-P5,,,,X 全窗基线 · 不参与实体赏罚,15055254,1506,A168_HF9F_20260827_0900,2026-08-27 09:00:00
2026-05-06,92755421,2205,0,39.4632991318,0E-10,0E-10,0.5000000,2,2,0.49994810000000000,0.499948100000,0.00014679536856514622,0.00014679536856514622,0.00014679536856514622,0E-17,ELIGIBLE,R03b_20260811_FULL_v1,L1_ELIGIBILITY,v2026-08-11,2026-03-21..2026-08-06,baccarat_bet02_101_all_pairs_incl_sentinel,round_win = game_pnl > 0 (decisive only),COMPATIBILITY_ONLY_NOT_PRODUCTION,2500103.8841,2280641.3266,9883.8276,11764,10369,-0.00395337,-0.05088190,-0.00239824,-0.00395337,-9883.8276,2500103.8841,OK,0.0000,395.3531,4.0000,96.0000,AG03-UNRESOLVED,ALL5_LEVELS_bet23_to_bet27,395.3531,395.3531,395.3531,395.3531,395.3531,4.000000,4.000000,4.000000,4.000000,4.000000,96.000000,96.000000,96.000000,96.000000,96.000000,5.0,1976.7655,1824.8244,7907.0621,8059.0032,PENDING_AG03,FALSE,NOT_FOR_ENFORCEMENT,9488.4745,2189415.6736,9883.8276,9488.4745,395.3531,0.00395337,0.00379523,395.3531,9488.4745,0.00379523,395.3531,395.3531,395.3531,395.3531,395.3531,9488.4745,0.00379523,1976.7655,1824.8244,7907.0621,8059.0032,0.00316269,0.00322347,0.00015813,212.5216,219.9480,0.9532,119.0823,2.3972,30121.7335,124.9277,49.0469,238.9093,36.5364,75.9244,374.9013,749.8027,789.266,1183.8989,75.8035,-1.1839,10.395423,15.593133,2.799122,29,215,300,5,0.03207536,0.00395337,0.05088190,0E-8,0.000000,0.912219,0.000000,-0.04848366,2026-03-31,2026-08-01,83,4123,1621,124,0.669355,0.205295,0.230786,0.106918,,,,,,,,GLOBAL_BASELINE_NO_ENTITY_RANKING,,,NOT_APPLICABLE_GLOBAL_BASELINE,HF9g-P5,,,,X 全窗基线 · 不参与实体赏罚,15055255,1506,A168_HF9F_20260827_0900,2026-08-27 09:00:00
2026-05-06,92755421,2222,0,244.6724546172,59.1949486976,59.1949486976,0.5000000,4,4,0.49994810000000000,0.499948100000,0.00020760000111838688,0.00020760000111838688,0.00020760000111838688,0E-17,ELIGIBLE,R03b_20260811_FULL_v1,L1_ELIGIBILITY,v2026-08-11,2026-03-21..2026-08-06,baccarat_bet02_101_all_pairs_incl_sentinel,round_win = game_pnl > 0 (decisive only),COMPATIBILITY_ONLY_NOT_PRODUCTION,2500103.8841,2280641.3266,9883.8276,11764,10369,-0.00395337,-0.05088190,-0.00239824,-0.00395337,-9883.8276,2500103.8841,OK,0.0000,395.3531,4.0000,96.0000,AG03-UNRESOLVED,ALL5_LEVELS_bet23_to_bet27,395.3531,395.3531,395.3531,395.3531,395.3531,4.000000,4.000000,4.000000,4.000000,4.000000,96.000000,96.000000,96.000000,96.000000,96.000000,5.0,1976.7655,1824.8244,7907.0621,8059.0032,PENDING_AG03,FALSE,NOT_FOR_ENFORCEMENT,9488.4745,2189415.6736,9883.8276,9488.4745,395.3531,0.00395337,0.00379523,395.3531,9488.4745,0.00379523,395.3531,395.3531,395.3531,395.3531,395.3531,9488.4745,0.00379523,1976.7655,1824.8244,7907.0621,8059.0032,0.00316269,0.00322347,0.00015813,212.5216,219.9480,0.9532,119.0823,2.3972,30121.7335,124.9277,49.0469,238.9093,36.5364,75.9244,374.9013,749.8027,789.266,1183.8989,75.8035,-1.1839,10.395423,15.593133,2.799122,29,215,300,5,0.03207536,0.00395337,0.05088190,0E-8,0.000000,0.912219,0.000000,-0.04848366,2026-03-31,2026-08-01,83,4123,1621,124,0.669355,0.205295,0.230786,0.106918,,,,,,,,GLOBAL_BASELINE_NO_ENTITY_RANKING,,,NOT_APPLICABLE_GLOBAL_BASELINE,HF9g-P5,,,,X 全窗基线 · 不参与实体赏罚,15055256,1506,A168_HF9F_20260827_0900,2026-08-27 09:00:00
2026-05-06,92755421,2229,0,157.8531965272,0E-10,0E-10,0.5000000,2,2,0.49994810000000000,0.499948100000,0.00014679536856514622,0.00014679536856514622,0.00014679536856514622,0E-17,ELIGIBLE,R03b_20260811_FULL_v1,L1_ELIGIBILITY,v2026-08-11,2026-03-21..2026-08-06,baccarat_bet02_101_all_pairs_incl_sentinel,round_win = game_pnl > 0 (decisive only),COMPATIBILITY_ONLY_NOT_PRODUCTION,2500103.8841,2280641.3266,9883.8276,11764,10369,-0.00395337,-0.05088190,-0.00239824,-0.00395337,-9883.8276,2500103.8841,OK,0.0000,395.3531,4.0000,96.0000,AG03-UNRESOLVED,ALL5_LEVELS_bet23_to_bet27,395.3531,395.3531,395.3531,395.3531,395.3531,4.000000,4.000000,4.000000,4.000000,4.000000,96.000000,96.000000,96.000000,96.000000,96.000000,5.0,1976.7655,1824.8244,7907.0621,8059.0032,PENDING_AG03,FALSE,NOT_FOR_ENFORCEMENT,9488.4745,2189415.6736,9883.8276,9488.4745,395.3531,0.00395337,0.00379523,395.3531,9488.4745,0.00379523,395.3531,395.3531,395.3531,395.3531,395.3531,9488.4745,0.00379523,1976.7655,1824.8244,7907.0621,8059.0032,0.00316269,0.00322347,0.00015813,212.5216,219.9480,0.9532,119.0823,2.3972,30121.7335,124.9277,49.0469,238.9093,36.5364,75.9244,374.9013,749.8027,789.266,1183.8989,75.8035,-1.1839,10.395423,15.593133,2.799122,29,215,300,5,0.03207536,0.00395337,0.05088190,0E-8,0.000000,0.912219,0.000000,-0.04848366,2026-03-31,2026-08-01,83,4123,1621,124,0.669355,0.205295,0.230786,0.106918,,,,,,,,GLOBAL_BASELINE_NO_ENTITY_RANKING,,,NOT_APPLICABLE_GLOBAL_BASELINE,HF9g-P5,,,,X 全窗基线 · 不参与实体赏罚,15055257,1506,A168_HF9F_20260827_0900,2026-08-27 09:00:00
2026-05-06,92755421,2234,0,157.8531965272,0E-10,0E-10,0.5000000,2,2,0.49994810000000000,0.499948100000,0.00014679536856514622,0.00014679536856514622,0.00014679536856514622,0E-17,ELIGIBLE,R03b_20260811_FULL_v1,L1_ELIGIBILITY,v2026-08-11,2026-03-21..2026-08-06,baccarat_bet02_101_all_pairs_incl_sentinel,round_win = game_pnl > 0 (decisive only),COMPATIBILITY_ONLY_NOT_PRODUCTION,2500103.8841,2280641.3266,9883.8276,11764,10369,-0.00395337,-0.05088190,-0.00239824,-0.00395337,-9883.8276,2500103.8841,OK,0.0000,395.3531,4.0000,96.0000,AG03-UNRESOLVED,ALL5_LEVELS_bet23_to_bet27,395.3531,395.3531,395.3531,395.3531,395.3531,4.000000,4.000000,4.000000,4.000000,4.000000,96.000000,96.000000,96.000000,96.000000,96.000000,5.0,1976.7655,1824.8244,7907.0621,8059.0032,PENDING_AG03,FALSE,NOT_FOR_ENFORCEMENT,9488.4745,2189415.6736,9883.8276,9488.4745,395.3531,0.00395337,0.00379523,395.3531,9488.4745,0.00379523,395.3531,395.3531,395.3531,395.3531,395.3531,9488.4745,0.00379523,1976.7655,1824.8244,7907.0621,8059.0032,0.00316269,0.00322347,0.00015813,212.5216,219.9480,0.9532,119.0823,2.3972,30121.7335,124.9277,49.0469,238.9093,36.5364,75.9244,374.9013,749.8027,789.266,1183.8989,75.8035,-1.1839,10.395423,15.593133,2.799122,29,215,300,5,0.03207536,0.00395337,0.05088190,0E-8,0.000000,0.912219,0.000000,-0.04848366,2026-03-31,2026-08-01,83,4123,1621,124,0.669355,0.205295,0.230786,0.106918,,,,,,,,GLOBAL_BASELINE_NO_ENTITY_RANKING,,,NOT_APPLICABLE_GLOBAL_BASELINE,HF9g-P5,,,,X 全窗基线 · 不参与实体赏罚,15055258,1506,A168_HF9F_20260827_0900,2026-08-27 09:00:00
2026-05-06,92755421,2235,0,19.7316495659,-19.7316495659,-19.7316495659,0E-7,1,1,0.50665070000000000,0.506650700000,-1.013391052207602,-1.013391052207602,-1.013391052207602,0E-17,ELIGIBLE,R03b_20260811_FULL_v1,L1_ELIGIBILITY,v2026-08-11,2026-03-21..2026-08-06,baccarat_bet02_101_all_pairs_incl_sentinel,round_win = game_pnl > 0 (decisive only),COMPATIBILITY_ONLY_NOT_PRODUCTION,2500103.8841,2280641.3266,9883.8276,11764,10369,-0.00395337,-0.05088190,-0.00239824,-0.00395337,-9883.8276,2500103.8841,OK,0.0000,395.3531,4.0000,96.0000,AG03-UNRESOLVED,ALL5_LEVELS_bet23_to_bet27,395.3531,395.3531,395.3531,395.3531,395.3531,4.000000,4.000000,4.000000,4.000000,4.000000,96.000000,96.000000,96.000000,96.000000,96.000000,5.0,1976.7655,1824.8244,7907.0621,8059.0032,PENDING_AG03,FALSE,NOT_FOR_ENFORCEMENT,9488.4745,2189415.6736,9883.8276,9488.4745,395.3531,0.00395337,0.00379523,395.3531,9488.4745,0.00379523,395.3531,395.3531,395.3531,395.3531,395.3531,9488.4745,0.00379523,1976.7655,1824.8244,7907.0621,8059.0032,0.00316269,0.00322347,0.00015813,212.5216,219.9480,0.9532,119.0823,2.3972,30121.7335,124.9277,49.0469,238.9093,36.5364,75.9244,374.9013,749.8027,789.266,1183.8989,75.8035,-1.1839,10.395423,15.593133,2.799122,29,215,300,5,0.03207536,0.00395337,0.05088190,0E-8,0.000000,0.912219,0.000000,-0.04848366,2026-03-31,2026-08-01,83,4123,1621,124,0.669355,0.205295,0.230786,0.106918,,,,,,,,GLOBAL_BASELINE_NO_ENTITY_RANKING,,,NOT_APPLICABLE_GLOBAL_BASELINE,HF9g-P5,,,,X 全窗基线 · 不参与实体赏罚,15055259,1506,A168_HF9F_20260827_0900,2026-08-27 09:00:00
2026-05-06,92755421,2241,0,110.4972375690,-47.3559589582,-47.3559589582,0.3333333,3,3,0.50218230000000000,0.502182300000,-0.5849155494134425,-0.5849155494134426,-0.5849155494134425,0E-17,ELIGIBLE,R03b_20260811_FULL_v1,L1_ELIGIBILITY,v2026-08-11,2026-03-21..2026-08-06,baccarat_bet02_101_all_pairs_incl_sentinel,round_win = game_pnl > 0 (decisive only),COMPATIBILITY_ONLY_NOT_PRODUCTION,2500103.8841,2280641.3266,9883.8276,11764,10369,-0.00395337,-0.05088190,-0.00239824,-0.00395337,-9883.8276,2500103.8841,OK,0.0000,395.3531,4.0000,96.0000,AG03-UNRESOLVED,ALL5_LEVELS_bet23_to_bet27,395.3531,395.3531,395.3531,395.3531,395.3531,4.000000,4.000000,4.000000,4.000000,4.000000,96.000000,96.000000,96.000000,96.000000,96.000000,5.0,1976.7655,1824.8244,7907.0621,8059.0032,PENDING_AG03,FALSE,NOT_FOR_ENFORCEMENT,9488.4745,2189415.6736,9883.8276,9488.4745,395.3531,0.00395337,0.00379523,395.3531,9488.4745,0.00379523,395.3531,395.3531,395.3531,395.3531,395.3531,9488.4745,0.00379523,1976.7655,1824.8244,7907.0621,8059.0032,0.00316269,0.00322347,0.00015813,212.5216,219.9480,0.9532,119.0823,2.3972,30121.7335,124.9277,49.0469,238.9093,36.5364,75.9244,374.9013,749.8027,789.266,1183.8989,75.8035,-1.1839,10.395423,15.593133,2.799122,29,215,300,5,0.03207536,0.00395337,0.05088190,0E-8,0.000000,0.912219,0.000000,-0.04848366,2026-03-31,2026-08-01,83,4123,1621,124,0.669355,0.205295,0.230786,0.106918,,,,,,,,GLOBAL_BASELINE_NO_ENTITY_RANKING,,,NOT_APPLICABLE_GLOBAL_BASELINE,HF9g-P5,,,,X 全窗基线 · 不参与实体赏罚,15055260,1506,A168_HF9F_20260827_0900,2026-08-27 09:00:00
2026-05-06,92755421,2242,0,19.7316495659,-19.7316495659,-19.7316495659,0E-7,1,1,0.49324550000000000,0.493245500000,-0.9865810262130424,-0.9865810262130424,-0.9865810262130424,0E-17,ELIGIBLE,R03b_20260811_FULL_v1,L1_ELIGIBILITY,v2026-08-11,2026-03-21..2026-08-06,baccarat_bet02_101_all_pairs_incl_sentinel,round_win = game_pnl > 0 (decisive only),COMPATIBILITY_ONLY_NOT_PRODUCTION,2500103.8841,2280641.3266,9883.8276,11764,10369,-0.00395337,-0.05088190,-0.00239824,-0.00395337,-9883.8276,2500103.8841,OK,0.0000,395.3531,4.0000,96.0000,AG03-UNRESOLVED,ALL5_LEVELS_bet23_to_bet27,395.3531,395.3531,395.3531,395.3531,395.3531,4.000000,4.000000,4.000000,4.000000,4.000000,96.000000,96.000000,96.000000,96.000000,96.000000,5.0,1976.7655,1824.8244,7907.0621,8059.0032,PENDING_AG03,FALSE,NOT_FOR_ENFORCEMENT,9488.4745,2189415.6736,9883.8276,9488.4745,395.3531,0.00395337,0.00379523,395.3531,9488.4745,0.00379523,395.3531,395.3531,395.3531,395.3531,395.3531,9488.4745,0.00379523,1976.7655,1824.8244,7907.0621,8059.0032,0.00316269,0.00322347,0.00015813,212.5216,219.9480,0.9532,119.0823,2.3972,30121.7335,124.9277,49.0469,238.9093,36.5364,75.9244,374.9013,749.8027,789.266,1183.8989,75.8035,-1.1839,10.395423,15.593133,2.799122,29,215,300,5,0.03207536,0.00395337,0.05088190,0E-8,0.000000,0.912219,0.000000,-0.04848366,2026-03-31,2026-08-01,83,4123,1621,124,0.669355,0.205295,0.230786,0.106918,,,,,,,,GLOBAL_BASELINE_NO_ENTITY_RANKING,,,NOT_APPLICABLE_GLOBAL_BASELINE,HF9g-P5,,,,X 全窗基线 · 不参与实体赏罚,15055261,1506,A168_HF9F_20260827_0900,2026-08-27 09:00:00
2026-05-06,92755421,2246,0,41.4364640884,-41.4364640884,-41.4364640884,0E-7,2,1,0.47065451904751001,0.256040200000,-0.9429344687664234,-0.5866503638730671,-0.9429344687664234,0.21461431904751001,ELIGIBLE,R03b_20260811_FULL_v1,L1_ELIGIBILITY,v2026-08-11,2026-03-21..2026-08-06,baccarat_bet02_101_all_pairs_incl_sentinel,round_win = game_pnl > 0 (decisive only),COMPATIBILITY_ONLY_NOT_PRODUCTION,2500103.8841,2280641.3266,9883.8276,11764,10369,-0.00395337,-0.05088190,-0.00239824,-0.00395337,-9883.8276,2500103.8841,OK,0.0000,395.3531,4.0000,96.0000,AG03-UNRESOLVED,ALL5_LEVELS_bet23_to_bet27,395.3531,395.3531,395.3531,395.3531,395.3531,4.000000,4.000000,4.000000,4.000000,4.000000,96.000000,96.000000,96.000000,96.000000,96.000000,5.0,1976.7655,1824.8244,7907.0621,8059.0032,PENDING_AG03,FALSE,NOT_FOR_ENFORCEMENT,9488.4745,2189415.6736,9883.8276,9488.4745,395.3531,0.00395337,0.00379523,395.3531,9488.4745,0.00379523,395.3531,395.3531,395.3531,395.3531,395.3531,9488.4745,0.00379523,1976.7655,1824.8244,7907.0621,8059.0032,0.00316269,0.00322347,0.00015813,212.5216,219.9480,0.9532,119.0823,2.3972,30121.7335,124.9277,49.0469,238.9093,36.5364,75.9244,374.9013,749.8027,789.266,1183.8989,75.8035,-1.1839,10.395423,15.593133,2.799122,29,215,300,5,0.03207536,0.00395337,0.05088190,0E-8,0.000000,0.912219,0.000000,-0.04848366,2026-03-31,2026-08-01,83,4123,1621,124,0.669355,0.205295,0.230786,0.106918,,,,,,,,GLOBAL_BASELINE_NO_ENTITY_RANKING,,,NOT_APPLICABLE_GLOBAL_BASELINE,HF9g-P5,,,,X 全窗基线 · 不参与实体赏罚,15055262,1506,A168_HF9F_20260827_0900,2026-08-27 09:00:00
2026-05-06,92755421,2248,0,230.0710339384,-19.8303078137,-19.8303078137,0.5714286,9,8,0.49599162980779234,0.468621787500,0.39918760211749865,0.5450767823536687,0.39918760211749865,0.02736984230779234,ELIGIBLE,R03b_20260811_FULL_v1,L1_ELIGIBILITY,v2026-08-11,2026-03-21..2026-08-06,baccarat_bet02_101_all_pairs_incl_sentinel,round_win = game_pnl > 0 (decisive only),COMPATIBILITY_ONLY_NOT_PRODUCTION,2500103.8841,2280641.3266,9883.8276,11764,10369,-0.00395337,-0.05088190,-0.00239824,-0.00395337,-9883.8276,2500103.8841,OK,0.0000,395.3531,4.0000,96.0000,AG03-UNRESOLVED,ALL5_LEVELS_bet23_to_bet27,395.3531,395.3531,395.3531,395.3531,395.3531,4.000000,4.000000,4.000000,4.000000,4.000000,96.000000,96.000000,96.000000,96.000000,96.000000,5.0,1976.7655,1824.8244,7907.0621,8059.0032,PENDING_AG03,FALSE,NOT_FOR_ENFORCEMENT,9488.4745,2189415.6736,9883.8276,9488.4745,395.3531,0.00395337,0.00379523,395.3531,9488.4745,0.00379523,395.3531,395.3531,395.3531,395.3531,395.3531,9488.4745,0.00379523,1976.7655,1824.8244,7907.0621,8059.0032,0.00316269,0.00322347,0.00015813,212.5216,219.9480,0.9532,119.0823,2.3972,30121.7335,124.9277,49.0469,238.9093,36.5364,75.9244,374.9013,749.8027,789.266,1183.8989,75.8035,-1.1839,10.395423,15.593133,2.799122,29,215,300,5,0.03207536,0.00395337,0.05088190,0E-8,0.000000,0.912219,0.000000,-0.04848366,2026-03-31,2026-08-01,83,4123,1621,124,0.669355,0.205295,0.230786,0.106918,,,,,,,,GLOBAL_BASELINE_NO_ENTITY_RANKING,,,NOT_APPLICABLE_GLOBAL_BASELINE,HF9g-P5,,,,X 全窗基线 · 不参与实体赏罚,15055263,1506,A168_HF9F_20260827_0900,2026-08-27 09:00:00
2026-05-06,92755421,2250,0,309.7868981844,-2.3086029991,-2.3086029991,0.6250000,15,13,0.49058078003671556,0.459330300000,0.7605248977687064,0.9402850173128535,0.7605248977687064,0.03125048003671556,ELIGIBLE,R03b_20260811_FULL_v1,L1_ELIGIBILITY,v2026-08-11,2026-03-21..2026-08-06,baccarat_bet02_101_all_pairs_incl_sentinel,round_win = game_pnl > 0 (decisive only),COMPATIBILITY_ONLY_NOT_PRODUCTION,2500103.8841,2280641.3266,9883.8276,11764,10369,-0.00395337,-0.05088190,-0.00239824,-0.00395337,-9883.8276,2500103.8841,OK,0.0000,395.3531,4.0000,96.0000,AG03-UNRESOLVED,ALL5_LEVELS_bet23_to_bet27,395.3531,395.3531,395.3531,395.3531,395.3531,4.000000,4.000000,4.000000,4.000000,4.000000,96.000000,96.000000,96.000000,96.000000,96.000000,5.0,1976.7655,1824.8244,7907.0621,8059.0032,PENDING_AG03,FALSE,NOT_FOR_ENFORCEMENT,9488.4745,2189415.6736,9883.8276,9488.4745,395.3531,0.00395337,0.00379523,395.3531,9488.4745,0.00379523,395.3531,395.3531,395.3531,395.3531,395.3531,9488.4745,0.00379523,1976.7655,1824.8244,7907.0621,8059.0032,0.00316269,0.00322347,0.00015813,212.5216,219.9480,0.9532,119.0823,2.3972,30121.7335,124.9277,49.0469,238.9093,36.5364,75.9244,374.9013,749.8027,789.266,1183.8989,75.8035,-1.1839,10.395423,15.593133,2.799122,29,215,300,5,0.03207536,0.00395337,0.05088190,0E-8,0.000000,0.912219,0.000000,-0.04848366,2026-03-31,2026-08-01,83,4123,1621,124,0.669355,0.205295,0.230786,0.106918,,,,,,,,GLOBAL_BASELINE_NO_ENTITY_RANKING,,,NOT_APPLICABLE_GLOBAL_BASELINE,HF9g-P5,,,,X 全窗基线 · 不参与实体赏罚,15055264,1506,A168_HF9F_20260827_0900,2026-08-27 09:00:00
2026-05-06,92755421,2254,0,15.7853196527,-15.7853196527,-15.7853196527,0E-7,1,1,0.49324550000000000,0.493245500000,-0.9865810262130424,-0.9865810262130424,-0.9865810262130424,0E-17,ELIGIBLE,R03b_20260811_FULL_v1,L1_ELIGIBILITY,v2026-08-11,2026-03-21..2026-08-06,baccarat_bet02_101_all_pairs_incl_sentinel,round_win = game_pnl > 0 (decisive only),COMPATIBILITY_ONLY_NOT_PRODUCTION,2500103.8841,2280641.3266,9883.8276,11764,10369,-0.00395337,-0.05088190,-0.00239824,-0.00395337,-9883.8276,2500103.8841,OK,0.0000,395.3531,4.0000,96.0000,AG03-UNRESOLVED,ALL5_LEVELS_bet23_to_bet27,395.3531,395.3531,395.3531,395.3531,395.3531,4.000000,4.000000,4.000000,4.000000,4.000000,96.000000,96.000000,96.000000,96.000000,96.000000,5.0,1976.7655,1824.8244,7907.0621,8059.0032,PENDING_AG03,FALSE,NOT_FOR_ENFORCEMENT,9488.4745,2189415.6736,9883.8276,9488.4745,395.3531,0.00395337,0.00379523,395.3531,9488.4745,0.00379523,395.3531,395.3531,395.3531,395.3531,395.3531,9488.4745,0.00379523,1976.7655,1824.8244,7907.0621,8059.0032,0.00316269,0.00322347,0.00015813,212.5216,219.9480,0.9532,119.0823,2.3972,30121.7335,124.9277,49.0469,238.9093,36.5364,75.9244,374.9013,749.8027,789.266,1183.8989,75.8035,-1.1839,10.395423,15.593133,2.799122,29,215,300,5,0.03207536,0.00395337,0.05088190,0E-8,0.000000,0.912219,0.000000,-0.04848366,2026-03-31,2026-08-01,83,4123,1621,124,0.669355,0.205295,0.230786,0.106918,,,,,,,,GLOBAL_BASELINE_NO_ENTITY_RANKING,,,NOT_APPLICABLE_GLOBAL_BASELINE,HF9g-P5,,,,X 全窗基线 · 不参与实体赏罚,15055265,1506,A168_HF9F_20260827_0900,2026-08-27 09:00:00
2026-05-06,92755421,2261,0,39.4632991318,-19.7316495659,-19.7316495659,0E-7,2,2,0.50665070000000000,0.506650700000,-1.013391052207602,-1.013391052207602,-1.013391052207602,0E-17,ELIGIBLE,R03b_20260811_FULL_v1,L1_ELIGIBILITY,v2026-08-11,2026-03-21..2026-08-06,baccarat_bet02_101_all_pairs_incl_sentinel,round_win = game_pnl > 0 (decisive only),COMPATIBILITY_ONLY_NOT_PRODUCTION,2500103.8841,2280641.3266,9883.8276,11764,10369,-0.00395337,-0.05088190,-0.00239824,-0.00395337,-9883.8276,2500103.8841,OK,0.0000,395.3531,4.0000,96.0000,AG03-UNRESOLVED,ALL5_LEVELS_bet23_to_bet27,395.3531,395.3531,395.3531,395.3531,395.3531,4.000000,4.000000,4.000000,4.000000,4.000000,96.000000,96.000000,96.000000,96.000000,96.000000,5.0,1976.7655,1824.8244,7907.0621,8059.0032,PENDING_AG03,FALSE,NOT_FOR_ENFORCEMENT,9488.4745,2189415.6736,9883.8276,9488.4745,395.3531,0.00395337,0.00379523,395.3531,9488.4745,0.00379523,395.3531,395.3531,395.3531,395.3531,395.3531,9488.4745,0.00379523,1976.7655,1824.8244,7907.0621,8059.0032,0.00316269,0.00322347,0.00015813,212.5216,219.9480,0.9532,119.0823,2.3972,30121.7335,124.9277,49.0469,238.9093,36.5364,75.9244,374.9013,749.8027,789.266,1183.8989,75.8035,-1.1839,10.395423,15.593133,2.799122,29,215,300,5,0.03207536,0.00395337,0.05088190,0E-8,0.000000,0.912219,0.000000,-0.04848366,2026-03-31,2026-08-01,83,4123,1621,124,0.669355,0.205295,0.230786,0.106918,,,,,,,,GLOBAL_BASELINE_NO_ENTITY_RANKING,,,NOT_APPLICABLE_GLOBAL_BASELINE,HF9g-P5,,,,X 全窗基线 · 不参与实体赏罚,15055266,1506,A168_HF9F_20260827_0900,2026-08-27 09:00:00
2026-05-06,92755421,462,0,37.4901341752,-37.4901341752,-37.4901341752,0E-7,2,2,0.49994810000000000,0.499948100000,-1.4140667746232096,-1.4140667746232096,-1.4140667746232096,0E-17,ELIGIBLE,R03b_20260811_FULL_v1,L1_ELIGIBILITY,v2026-08-11,2026-03-21..2026-08-06,baccarat_bet02_101_all_pairs_incl_sentinel,round_win = game_pnl > 0 (decisive only),COMPATIBILITY_ONLY_NOT_PRODUCTION,2500103.8841,2280641.3266,9883.8276,11764,10369,-0.00395337,-0.05088190,-0.00239824,-0.00395337,-9883.8276,2500103.8841,OK,0.0000,395.3531,4.0000,96.0000,AG03-UNRESOLVED,ALL5_LEVELS_bet23_to_bet27,395.3531,395.3531,395.3531,395.3531,395.3531,4.000000,4.000000,4.000000,4.000000,4.000000,96.000000,96.000000,96.000000,96.000000,96.000000,5.0,1976.7655,1824.8244,7907.0621,8059.0032,PENDING_AG03,FALSE,NOT_FOR_ENFORCEMENT,9488.4745,2189415.6736,9883.8276,9488.4745,395.3531,0.00395337,0.00379523,395.3531,9488.4745,0.00379523,395.3531,395.3531,395.3531,395.3531,395.3531,9488.4745,0.00379523,1976.7655,1824.8244,7907.0621,8059.0032,0.00316269,0.00322347,0.00015813,212.5216,219.9480,0.9532,119.0823,2.3972,30121.7335,124.9277,49.0469,238.9093,36.5364,75.9244,374.9013,749.8027,789.266,1183.8989,75.8035,-1.1839,10.395423,15.593133,2.799122,29,215,300,5,0.03207536,0.00395337,0.05088190,0E-8,0.000000,0.912219,0.000000,-0.04848366,2026-03-31,2026-08-01,83,4123,1621,124,0.669355,0.205295,0.230786,0.106918,,,,,,,,GLOBAL_BASELINE_NO_ENTITY_RANKING,,,NOT_APPLICABLE_GLOBAL_BASELINE,HF9g-P5,,,,X 全窗基线 · 不参与实体赏罚,15055267,1506,A168_HF9F_20260827_0900,2026-08-27 09:00:00
2026-05-06,92755421,526,0,116.4167324388,31.5706393054,31.5706393054,0.6666667,4,3,0.49385930701749946,0.423113866667,0.5986674046040495,0.8538470354145791,0.5986674046040495,0.07074544035049946,ELIGIBLE,R03b_20260811_FULL_v1,L1_ELIGIBILITY,v2026-08-11,2026-03-21..2026-08-06,baccarat_bet02_101_all_pairs_incl_sentinel,round_win = game_pnl > 0 (decisive only),COMPATIBILITY_ONLY_NOT_PRODUCTION,2500103.8841,2280641.3266,9883.8276,11764,10369,-0.00395337,-0.05088190,-0.00239824,-0.00395337,-9883.8276,2500103.8841,OK,0.0000,395.3531,4.0000,96.0000,AG03-UNRESOLVED,ALL5_LEVELS_bet23_to_bet27,395.3531,395.3531,395.3531,395.3531,395.3531,4.000000,4.000000,4.000000,4.000000,4.000000,96.000000,96.000000,96.000000,96.000000,96.000000,5.0,1976.7655,1824.8244,7907.0621,8059.0032,PENDING_AG03,FALSE,NOT_FOR_ENFORCEMENT,9488.4745,2189415.6736,9883.8276,9488.4745,395.3531,0.00395337,0.00379523,395.3531,9488.4745,0.00379523,395.3531,395.3531,395.3531,395.3531,395.3531,9488.4745,0.00379523,1976.7655,1824.8244,7907.0621,8059.0032,0.00316269,0.00322347,0.00015813,212.5216,219.9480,0.9532,119.0823,2.3972,30121.7335,124.9277,49.0469,238.9093,36.5364,75.9244,374.9013,749.8027,789.266,1183.8989,75.8035,-1.1839,10.395423,15.593133,2.799122,29,215,300,5,0.03207536,0.00395337,0.05088190,0E-8,0.000000,0.912219,0.000000,-0.04848366,2026-03-31,2026-08-01,83,4123,1621,124,0.669355,0.205295,0.230786,0.106918,,,,,,,,GLOBAL_BASELINE_NO_ENTITY_RANKING,,,NOT_APPLICABLE_GLOBAL_BASELINE,HF9g-P5,,,,X 全窗基线 · 不参与实体赏罚,15055268,1506,A168_HF9F_20260827_0900,2026-08-27 09:00:00
2026-05-06,92755421,550,0,157.8531965272,-3.9463299132,-3.9463299132,0.5000000,2,2,0.49994810000000000,0.499948100000,0.00014679536856514622,0.00014679536856514622,0.00014679536856514622,0E-17,ELIGIBLE,R03b_20260811_FULL_v1,L1_ELIGIBILITY,v2026-08-11,2026-03-21..2026-08-06,baccarat_bet02_101_all_pairs_incl_sentinel,round_win = game_pnl > 0 (decisive only),COMPATIBILITY_ONLY_NOT_PRODUCTION,2500103.8841,2280641.3266,9883.8276,11764,10369,-0.00395337,-0.05088190,-0.00239824,-0.00395337,-9883.8276,2500103.8841,OK,0.0000,395.3531,4.0000,96.0000,AG03-UNRESOLVED,ALL5_LEVELS_bet23_to_bet27,395.3531,395.3531,395.3531,395.3531,395.3531,4.000000,4.000000,4.000000,4.000000,4.000000,96.000000,96.000000,96.000000,96.000000,96.000000,5.0,1976.7655,1824.8244,7907.0621,8059.0032,PENDING_AG03,FALSE,NOT_FOR_ENFORCEMENT,9488.4745,2189415.6736,9883.8276,9488.4745,395.3531,0.00395337,0.00379523,395.3531,9488.4745,0.00379523,395.3531,395.3531,395.3531,395.3531,395.3531,9488.4745,0.00379523,1976.7655,1824.8244,7907.0621,8059.0032,0.00316269,0.00322347,0.00015813,212.5216,219.9480,0.9532,119.0823,2.3972,30121.7335,124.9277,49.0469,238.9093,36.5364,75.9244,374.9013,749.8027,789.266,1183.8989,75.8035,-1.1839,10.395423,15.593133,2.799122,29,215,300,5,0.03207536,0.00395337,0.05088190,0E-8,0.000000,0.912219,0.000000,-0.04848366,2026-03-31,2026-08-01,83,4123,1621,124,0.669355,0.205295,0.230786,0.106918,,,,,,,,GLOBAL_BASELINE_NO_ENTITY_RANKING,,,NOT_APPLICABLE_GLOBAL_BASELINE,HF9g-P5,,,,X 全窗基线 · 不参与实体赏罚,15055269,1506,A168_HF9F_20260827_0900,2026-08-27 09:00:00
2026-05-06,92755421,752,0,58.0110497237,15.9826361484,15.9826361484,0.6666667,4,3,0.49545307163149592,0.423113866667,0.5931258168296599,0.8538470354145791,0.5931258168296599,0.07233920496449592,ELIGIBLE,R03b_20260811_FULL_v1,L1_ELIGIBILITY,v2026-08-11,2026-03-21..2026-08-06,baccarat_bet02_101_all_pairs_incl_sentinel,round_win = game_pnl > 0 (decisive only),COMPATIBILITY_ONLY_NOT_PRODUCTION,2500103.8841,2280641.3266,9883.8276,11764,10369,-0.00395337,-0.05088190,-0.00239824,-0.00395337,-9883.8276,2500103.8841,OK,0.0000,395.3531,4.0000,96.0000,AG03-UNRESOLVED,ALL5_LEVELS_bet23_to_bet27,395.3531,395.3531,395.3531,395.3531,395.3531,4.000000,4.000000,4.000000,4.000000,4.000000,96.000000,96.000000,96.000000,96.000000,96.000000,5.0,1976.7655,1824.8244,7907.0621,8059.0032,PENDING_AG03,FALSE,NOT_FOR_ENFORCEMENT,9488.4745,2189415.6736,9883.8276,9488.4745,395.3531,0.00395337,0.00379523,395.3531,9488.4745,0.00379523,395.3531,395.3531,395.3531,395.3531,395.3531,9488.4745,0.00379523,1976.7655,1824.8244,7907.0621,8059.0032,0.00316269,0.00322347,0.00015813,212.5216,219.9480,0.9532,119.0823,2.3972,30121.7335,124.9277,49.0469,238.9093,36.5364,75.9244,374.9013,749.8027,789.266,1183.8989,75.8035,-1.1839,10.395423,15.593133,2.799122,29,215,300,5,0.03207536,0.00395337,0.05088190,0E-8,0.000000,0.912219,0.000000,-0.04848366,2026-03-31,2026-08-01,83,4123,1621,124,0.669355,0.205295,0.230786,0.106918,,,,,,,,GLOBAL_BASELINE_NO_ENTITY_RANKING,,,NOT_APPLICABLE_GLOBAL_BASELINE,HF9g-P5,,,,X 全窗基线 · 不参与实体赏罚,15055270,1506,A168_HF9F_20260827_0900,2026-08-27 09:00:00
2026-05-06,92755421,919,0,39.4632991318,0E-10,0E-10,0.5000000,2,2,0.49994810000000000,0.499948100000,0.00014679536856514622,0.00014679536856514622,0.00014679536856514622,0E-17,ELIGIBLE,R03b_20260811_FULL_v1,L1_ELIGIBILITY,v2026-08-11,2026-03-21..2026-08-06,baccarat_bet02_101_all_pairs_incl_sentinel,round_win = game_pnl > 0 (decisive only),COMPATIBILITY_ONLY_NOT_PRODUCTION,2500103.8841,2280641.3266,9883.8276,11764,10369,-0.00395337,-0.05088190,-0.00239824,-0.00395337,-9883.8276,2500103.8841,OK,0.0000,395.3531,4.0000,96.0000,AG03-UNRESOLVED,ALL5_LEVELS_bet23_to_bet27,395.3531,395.3531,395.3531,395.3531,395.3531,4.000000,4.000000,4.000000,4.000000,4.000000,96.000000,96.000000,96.000000,96.000000,96.000000,5.0,1976.7655,1824.8244,7907.0621,8059.0032,PENDING_AG03,FALSE,NOT_FOR_ENFORCEMENT,9488.4745,2189415.6736,9883.8276,9488.4745,395.3531,0.00395337,0.00379523,395.3531,9488.4745,0.00379523,395.3531,395.3531,395.3531,395.3531,395.3531,9488.4745,0.00379523,1976.7655,1824.8244,7907.0621,8059.0032,0.00316269,0.00322347,0.00015813,212.5216,219.9480,0.9532,119.0823,2.3972,30121.7335,124.9277,49.0469,238.9093,36.5364,75.9244,374.9013,749.8027,789.266,1183.8989,75.8035,-1.1839,10.395423,15.593133,2.799122,29,215,300,5,0.03207536,0.00395337,0.05088190,0E-8,0.000000,0.912219,0.000000,-0.04848366,2026-03-31,2026-08-01,83,4123,1621,124,0.669355,0.205295,0.230786,0.106918,,,,,,,,GLOBAL_BASELINE_NO_ENTITY_RANKING,,,NOT_APPLICABLE_GLOBAL_BASELINE,HF9g-P5,,,,X 全窗基线 · 不参与实体赏罚,15055271,1506,A168_HF9F_20260827_0900,2026-08-27 09:00:00
2026-05-06,92755421,948,0,102.6045777427,35.6156274664,35.6156274664,0.6000000,8,5,0.48890882938445979,0.403725460000,0.49693709394078234,0.8945049914450215,0.49693709394078234,0.08518336938445979,ELIGIBLE,R03b_20260811_FULL_v1,L1_ELIGIBILITY,v2026-08-11,2026-03-21..2026-08-06,baccarat_bet02_101_all_pairs_incl_sentinel,round_win = game_pnl > 0 (decisive only),COMPATIBILITY_ONLY_NOT_PRODUCTION,2500103.8841,2280641.3266,9883.8276,11764,10369,-0.00395337,-0.05088190,-0.00239824,-0.00395337,-9883.8276,2500103.8841,OK,0.0000,395.3531,4.0000,96.0000,AG03-UNRESOLVED,ALL5_LEVELS_bet23_to_bet27,395.3531,395.3531,395.3531,395.3531,395.3531,4.000000,4.000000,4.000000,4.000000,4.000000,96.000000,96.000000,96.000000,96.000000,96.000000,5.0,1976.7655,1824.8244,7907.0621,8059.0032,PENDING_AG03,FALSE,NOT_FOR_ENFORCEMENT,9488.4745,2189415.6736,9883.8276,9488.4745,395.3531,0.00395337,0.00379523,395.3531,9488.4745,0.00379523,395.3531,395.3531,395.3531,395.3531,395.3531,9488.4745,0.00379523,1976.7655,1824.8244,7907.0621,8059.0032,0.00316269,0.00322347,0.00015813,212.5216,219.9480,0.9532,119.0823,2.3972,30121.7335,124.9277,49.0469,238.9093,36.5364,75.9244,374.9013,749.8027,789.266,1183.8989,75.8035,-1.1839,10.395423,15.593133,2.799122,29,215,300,5,0.03207536,0.00395337,0.05088190,0E-8,0.000000,0.912219,0.000000,-0.04848366,2026-03-31,2026-08-01,83,4123,1621,124,0.669355,0.205295,0.230786,0.106918,,,,,,,,GLOBAL_BASELINE_NO_ENTITY_RANKING,,,NOT_APPLICABLE_GLOBAL_BASELINE,HF9g-P5,,,,X 全窗基线 · 不参与实体赏罚,15055272,1506,A168_HF9F_20260827_0900,2026-08-27 09:00:00
2026-05-06,92755421,970,0,78.9265982636,-19.7316495659,-19.7316495659,0.3333333,4,4,0.49659680000000000,0.496596800000,-0.5655743394288276,-0.5655743394288276,-0.5655743394288276,0E-17,ELIGIBLE,R03b_20260811_FULL_v1,L1_ELIGIBILITY,v2026-08-11,2026-03-21..2026-08-06,baccarat_bet02_101_all_pairs_incl_sentinel,round_win = game_pnl > 0 (decisive only),COMPATIBILITY_ONLY_NOT_PRODUCTION,2500103.8841,2280641.3266,9883.8276,11764,10369,-0.00395337,-0.05088190,-0.00239824,-0.00395337,-9883.8276,2500103.8841,OK,0.0000,395.3531,4.0000,96.0000,AG03-UNRESOLVED,ALL5_LEVELS_bet23_to_bet27,395.3531,395.3531,395.3531,395.3531,395.3531,4.000000,4.000000,4.000000,4.000000,4.000000,96.000000,96.000000,96.000000,96.000000,96.000000,5.0,1976.7655,1824.8244,7907.0621,8059.0032,PENDING_AG03,FALSE,NOT_FOR_ENFORCEMENT,9488.4745,2189415.6736,9883.8276,9488.4745,395.3531,0.00395337,0.00379523,395.3531,9488.4745,0.00379523,395.3531,395.3531,395.3531,395.3531,395.3531,9488.4745,0.00379523,1976.7655,1824.8244,7907.0621,8059.0032,0.00316269,0.00322347,0.00015813,212.5216,219.9480,0.9532,119.0823,2.3972,30121.7335,124.9277,49.0469,238.9093,36.5364,75.9244,374.9013,749.8027,789.266,1183.8989,75.8035,-1.1839,10.395423,15.593133,2.799122,29,215,300,5,0.03207536,0.00395337,0.05088190,0E-8,0.000000,0.912219,0.000000,-0.04848366,2026-03-31,2026-08-01,83,4123,1621,124,0.669355,0.205295,0.230786,0.106918,,,,,,,,GLOBAL_BASELINE_NO_ENTITY_RANKING,,,NOT_APPLICABLE_GLOBAL_BASELINE,HF9g-P5,,,,X 全窗基线 · 不参与实体赏罚,15055273,1506,A168_HF9F_20260827_0900,2026-08-27 09:00:00
2026-05-06,92755421,986,0,130.6235201262,78.9265982636,78.9265982636,0.8333333,9,6,0.48317009087511470,0.381345450000,1.7164151518750752,2.2793920416327245,1.7164151518750752,0.10182464087511470,ELIGIBLE,R03b_20260811_FULL_v1,L1_ELIGIBILITY,v2026-08-11,2026-03-21..2026-08-06,baccarat_bet02_101_all_pairs_incl_sentinel,round_win = game_pnl > 0 (decisive only),COMPATIBILITY_ONLY_NOT_PRODUCTION,2500103.8841,2280641.3266,9883.8276,11764,10369,-0.00395337,-0.05088190,-0.00239824,-0.00395337,-9883.8276,2500103.8841,OK,0.0000,395.3531,4.0000,96.0000,AG03-UNRESOLVED,ALL5_LEVELS_bet23_to_bet27,395.3531,395.3531,395.3531,395.3531,395.3531,4.000000,4.000000,4.000000,4.000000,4.000000,96.000000,96.000000,96.000000,96.000000,96.000000,5.0,1976.7655,1824.8244,7907.0621,8059.0032,PENDING_AG03,FALSE,NOT_FOR_ENFORCEMENT,9488.4745,2189415.6736,9883.8276,9488.4745,395.3531,0.00395337,0.00379523,395.3531,9488.4745,0.00379523,395.3531,395.3531,395.3531,395.3531,395.3531,9488.4745,0.00379523,1976.7655,1824.8244,7907.0621,8059.0032,0.00316269,0.00322347,0.00015813,212.5216,219.9480,0.9532,119.0823,2.3972,30121.7335,124.9277,49.0469,238.9093,36.5364,75.9244,374.9013,749.8027,789.266,1183.8989,75.8035,-1.1839,10.395423,15.593133,2.799122,29,215,300,5,0.03207536,0.00395337,0.05088190,0E-8,0.000000,0.912219,0.000000,-0.04848366,2026-03-31,2026-08-01,83,4123,1621,124,0.669355,0.205295,0.230786,0.106918,,,,,,,,GLOBAL_BASELINE_NO_ENTITY_RANKING,,,NOT_APPLICABLE_GLOBAL_BASELINE,HF9g-P5,,,,X 全窗基线 · 不参与实体赏罚,15055274,1506,A168_HF9F_20260827_0900,2026-08-27 09:00:00
2026-05-06,92755421,994,0,118.3898973954,-60.1815311760,-60.1815311760,0.5000000,3,3,0.50218230000000000,0.502182300000,-0.00617253530718887,-0.00617253530718887,-0.00617253530718887,0E-17,ELIGIBLE,R03b_20260811_FULL_v1,L1_ELIGIBILITY,v2026-08-11,2026-03-21..2026-08-06,baccarat_bet02_101_all_pairs_incl_sentinel,round_win = game_pnl > 0 (decisive only),COMPATIBILITY_ONLY_NOT_PRODUCTION,2500103.8841,2280641.3266,9883.8276,11764,10369,-0.00395337,-0.05088190,-0.00239824,-0.00395337,-9883.8276,2500103.8841,OK,0.0000,395.3531,4.0000,96.0000,AG03-UNRESOLVED,ALL5_LEVELS_bet23_to_bet27,395.3531,395.3531,395.3531,395.3531,395.3531,4.000000,4.000000,4.000000,4.000000,4.000000,96.000000,96.000000,96.000000,96.000000,96.000000,5.0,1976.7655,1824.8244,7907.0621,8059.0032,PENDING_AG03,FALSE,NOT_FOR_ENFORCEMENT,9488.4745,2189415.6736,9883.8276,9488.4745,395.3531,0.00395337,0.00379523,395.3531,9488.4745,0.00379523,395.3531,395.3531,395.3531,395.3531,395.3531,9488.4745,0.00379523,1976.7655,1824.8244,7907.0621,8059.0032,0.00316269,0.00322347,0.00015813,212.5216,219.9480,0.9532,119.0823,2.3972,30121.7335,124.9277,49.0469,238.9093,36.5364,75.9244,374.9013,749.8027,789.266,1183.8989,75.8035,-1.1839,10.395423,15.593133,2.799122,29,215,300,5,0.03207536,0.00395337,0.05088190,0E-8,0.000000,0.912219,0.000000,-0.04848366,2026-03-31,2026-08-01,83,4123,1621,124,0.669355,0.205295,0.230786,0.106918,,,,,,,,GLOBAL_BASELINE_NO_ENTITY_RANKING,,,NOT_APPLICABLE_GLOBAL_BASELINE,HF9g-P5,,,,X 全窗基线 · 不参与实体赏罚,15055275,1506,A168_HF9F_20260827_0900,2026-08-27 09:00:00
2026-05-07,92755421,-1,1,19.7316495659,-19.7316495659,-19.7316495659,0E-7,1,1,0.50665070000000000,0.506650700000,-1.013391052207602,-1.013391052207602,-1.013391052207602,0E-17,SENTINEL_DEALER,R03b_20260811_FULL_v1,L1_ELIGIBILITY,v2026-08-11,2026-03-21..2026-08-06,baccarat_bet02_101_all_pairs_incl_sentinel,round_win = game_pnl > 0 (decisive only),COMPATIBILITY_ONLY_NOT_PRODUCTION,2500103.8841,2280641.3266,9883.8276,11764,10369,-0.00395337,-0.05088190,-0.00239824,-0.00395337,-9883.8276,2500103.8841,OK,0.0000,395.3531,4.0000,96.0000,AG03-UNRESOLVED,ALL5_LEVELS_bet23_to_bet27,395.3531,395.3531,395.3531,395.3531,395.3531,4.000000,4.000000,4.000000,4.000000,4.000000,96.000000,96.000000,96.000000,96.000000,96.000000,5.0,1976.7655,1824.8244,7907.0621,8059.0032,PENDING_AG03,FALSE,NOT_FOR_ENFORCEMENT,9488.4745,2189415.6736,9883.8276,9488.4745,395.3531,0.00395337,0.00379523,395.3531,9488.4745,0.00379523,395.3531,395.3531,395.3531,395.3531,395.3531,9488.4745,0.00379523,1976.7655,1824.8244,7907.0621,8059.0032,0.00316269,0.00322347,0.00015813,212.5216,219.9480,0.9532,119.0823,2.3972,30121.7335,124.9277,49.0469,238.9093,36.5364,75.9244,374.9013,749.8027,789.266,1183.8989,75.8035,-1.1839,10.395423,15.593133,2.799122,29,215,300,5,0.03207536,0.00395337,0.05088190,0E-8,0.000000,0.912219,0.000000,-0.04848366,2026-03-31,2026-08-01,83,4123,1621,124,0.669355,0.205295,0.230786,0.106918,,,,,,,,GLOBAL_BASELINE_NO_ENTITY_RANKING,,,NOT_APPLICABLE_GLOBAL_BASELINE,HF9g-P5,,,,X 全窗基线 · 不参与实体赏罚,15055276,1506,A168_HF9F_20260827_0900,2026-08-27 09:00:00
2026-05-07,92755421,1151,0,19.7316495659,-19.7316495659,-19.7316495659,0E-7,1,1,0.49324550000000000,0.493245500000,-0.9865810262130424,-0.9865810262130424,-0.9865810262130424,0E-17,ELIGIBLE,R03b_20260811_FULL_v1,L1_ELIGIBILITY,v2026-08-11,2026-03-21..2026-08-06,baccarat_bet02_101_all_pairs_incl_sentinel,round_win = game_pnl > 0 (decisive only),COMPATIBILITY_ONLY_NOT_PRODUCTION,2500103.8841,2280641.3266,9883.8276,11764,10369,-0.00395337,-0.05088190,-0.00239824,-0.00395337,-9883.8276,2500103.8841,OK,0.0000,395.3531,4.0000,96.0000,AG03-UNRESOLVED,ALL5_LEVELS_bet23_to_bet27,395.3531,395.3531,395.3531,395.3531,395.3531,4.000000,4.000000,4.000000,4.000000,4.000000,96.000000,96.000000,96.000000,96.000000,96.000000,5.0,1976.7655,1824.8244,7907.0621,8059.0032,PENDING_AG03,FALSE,NOT_FOR_ENFORCEMENT,9488.4745,2189415.6736,9883.8276,9488.4745,395.3531,0.00395337,0.00379523,395.3531,9488.4745,0.00379523,395.3531,395.3531,395.3531,395.3531,395.3531,9488.4745,0.00379523,1976.7655,1824.8244,7907.0621,8059.0032,0.00316269,0.00322347,0.00015813,212.5216,219.9480,0.9532,119.0823,2.3972,30121.7335,124.9277,49.0469,238.9093,36.5364,75.9244,374.9013,749.8027,789.266,1183.8989,75.8035,-1.1839,10.395423,15.593133,2.799122,29,215,300,5,0.03207536,0.00395337,0.05088190,0E-8,0.000000,0.912219,0.000000,-0.04848366,2026-03-31,2026-08-01,83,4123,1621,124,0.669355,0.205295,0.230786,0.106918,,,,,,,,GLOBAL_BASELINE_NO_ENTITY_RANKING,,,NOT_APPLICABLE_GLOBAL_BASELINE,HF9g-P5,,,,X 全窗基线 · 不参与实体赏罚,15055277,1506,A168_HF9F_20260827_0900,2026-08-27 09:00:00
2026-05-07,92755421,1210,0,19.7316495659,-19.7316495659,-19.7316495659,0E-7,1,1,0.49324550000000000,0.493245500000,-0.9865810262130424,-0.9865810262130424,-0.9865810262130424,0E-17,ELIGIBLE,R03b_20260811_FULL_v1,L1_ELIGIBILITY,v2026-08-11,2026-03-21..2026-08-06,baccarat_bet02_101_all_pairs_incl_sentinel,round_win = game_pnl > 0 (decisive only),COMPATIBILITY_ONLY_NOT_PRODUCTION,2500103.8841,2280641.3266,9883.8276,11764,10369,-0.00395337,-0.05088190,-0.00239824,-0.00395337,-9883.8276,2500103.8841,OK,0.0000,395.3531,4.0000,96.0000,AG03-UNRESOLVED,ALL5_LEVELS_bet23_to_bet27,395.3531,395.3531,395.3531,395.3531,395.3531,4.000000,4.000000,4.000000,4.000000,4.000000,96.000000,96.000000,96.000000,96.000000,96.000000,5.0,1976.7655,1824.8244,7907.0621,8059.0032,PENDING_AG03,FALSE,NOT_FOR_ENFORCEMENT,9488.4745,2189415.6736,9883.8276,9488.4745,395.3531,0.00395337,0.00379523,395.3531,9488.4745,0.00379523,395.3531,395.3531,395.3531,395.3531,395.3531,9488.4745,0.00379523,1976.7655,1824.8244,7907.0621,8059.0032,0.00316269,0.00322347,0.00015813,212.5216,219.9480,0.9532,119.0823,2.3972,30121.7335,124.9277,49.0469,238.9093,36.5364,75.9244,374.9013,749.8027,789.266,1183.8989,75.8035,-1.1839,10.395423,15.593133,2.799122,29,215,300,5,0.03207536,0.00395337,0.05088190,0E-8,0.000000,0.912219,0.000000,-0.04848366,2026-03-31,2026-08-01,83,4123,1621,124,0.669355,0.205295,0.230786,0.106918,,,,,,,,GLOBAL_BASELINE_NO_ENTITY_RANKING,,,NOT_APPLICABLE_GLOBAL_BASELINE,HF9g-P5,,,,X 全窗基线 · 不参与实体赏罚,15055278,1506,A168_HF9F_20260827_0900,2026-08-27 09:00:00
2026-05-07,92755421,1490,0,54.4593528019,19.5343330702,19.5343330702,0.6666667,4,3,0.49229874583296809,0.423113866667,0.604099857937121,0.8538470354145791,0.604099857937121,0.06918487916596809,ELIGIBLE,R03b_20260811_FULL_v1,L1_ELIGIBILITY,v2026-08-11,2026-03-21..2026-08-06,baccarat_bet02_101_all_pairs_incl_sentinel,round_win = game_pnl > 0 (decisive only),COMPATIBILITY_ONLY_NOT_PRODUCTION,2500103.8841,2280641.3266,9883.8276,11764,10369,-0.00395337,-0.05088190,-0.00239824,-0.00395337,-9883.8276,2500103.8841,OK,0.0000,395.3531,4.0000,96.0000,AG03-UNRESOLVED,ALL5_LEVELS_bet23_to_bet27,395.3531,395.3531,395.3531,395.3531,395.3531,4.000000,4.000000,4.000000,4.000000,4.000000,96.000000,96.000000,96.000000,96.000000,96.000000,5.0,1976.7655,1824.8244,7907.0621,8059.0032,PENDING_AG03,FALSE,NOT_FOR_ENFORCEMENT,9488.4745,2189415.6736,9883.8276,9488.4745,395.3531,0.00395337,0.00379523,395.3531,9488.4745,0.00379523,395.3531,395.3531,395.3531,395.3531,395.3531,9488.4745,0.00379523,1976.7655,1824.8244,7907.0621,8059.0032,0.00316269,0.00322347,0.00015813,212.5216,219.9480,0.9532,119.0823,2.3972,30121.7335,124.9277,49.0469,238.9093,36.5364,75.9244,374.9013,749.8027,789.266,1183.8989,75.8035,-1.1839,10.395423,15.593133,2.799122,29,215,300,5,0.03207536,0.00395337,0.05088190,0E-8,0.000000,0.912219,0.000000,-0.04848366,2026-03-31,2026-08-01,83,4123,1621,124,0.669355,0.205295,0.230786,0.106918,,,,,,,,GLOBAL_BASELINE_NO_ENTITY_RANKING,,,NOT_APPLICABLE_GLOBAL_BASELINE,HF9g-P5,,,,X 全窗基线 · 不参与实体赏罚,15055279,1506,A168_HF9F_20260827_0900,2026-08-27 09:00:00
2026-05-07,92755421,2222,0,20.5209155485,-20.5209155485,-20.5209155485,0E-7,2,1,0.47499893846233871,0.256040200000,-0.9511877067045637,-0.5866503638730671,-0.9511877067045637,0.21895873846233871,ELIGIBLE,R03b_20260811_FULL_v1,L1_ELIGIBILITY,v2026-08-11,2026-03-21..2026-08-06,baccarat_bet02_101_all_pairs_incl_sentinel,round_win = game_pnl > 0 (decisive only),COMPATIBILITY_ONLY_NOT_PRODUCTION,2500103.8841,2280641.3266,9883.8276,11764,10369,-0.00395337,-0.05088190,-0.00239824,-0.00395337,-9883.8276,2500103.8841,OK,0.0000,395.3531,4.0000,96.0000,AG03-UNRESOLVED,ALL5_LEVELS_bet23_to_bet27,395.3531,395.3531,395.3531,395.3531,395.3531,4.000000,4.000000,4.000000,4.000000,4.000000,96.000000,96.000000,96.000000,96.000000,96.000000,5.0,1976.7655,1824.8244,7907.0621,8059.0032,PENDING_AG03,FALSE,NOT_FOR_ENFORCEMENT,9488.4745,2189415.6736,9883.8276,9488.4745,395.3531,0.00395337,0.00379523,395.3531,9488.4745,0.00379523,395.3531,395.3531,395.3531,395.3531,395.3531,9488.4745,0.00379523,1976.7655,1824.8244,7907.0621,8059.0032,0.00316269,0.00322347,0.00015813,212.5216,219.9480,0.9532,119.0823,2.3972,30121.7335,124.9277,49.0469,238.9093,36.5364,75.9244,374.9013,749.8027,789.266,1183.8989,75.8035,-1.1839,10.395423,15.593133,2.799122,29,215,300,5,0.03207536,0.00395337,0.05088190,0E-8,0.000000,0.912219,0.000000,-0.04848366,2026-03-31,2026-08-01,83,4123,1621,124,0.669355,0.205295,0.230786,0.106918,,,,,,,,GLOBAL_BASELINE_NO_ENTITY_RANKING,,,NOT_APPLICABLE_GLOBAL_BASELINE,HF9g-P5,,,,X 全窗基线 · 不参与实体赏罚,15055280,1506,A168_HF9F_20260827_0900,2026-08-27 09:00:00
2026-05-07,92755421,2224,0,19.7316495659,-19.7316495659,-19.7316495659,0E-7,1,1,0.50665070000000000,0.506650700000,-1.013391052207602,-1.013391052207602,-1.013391052207602,0E-17,ELIGIBLE,R03b_20260811_FULL_v1,L1_ELIGIBILITY,v2026-08-11,2026-03-21..2026-08-06,baccarat_bet02_101_all_pairs_incl_sentinel,round_win = game_pnl > 0 (decisive only),COMPATIBILITY_ONLY_NOT_PRODUCTION,2500103.8841,2280641.3266,9883.8276,11764,10369,-0.00395337,-0.05088190,-0.00239824,-0.00395337,-9883.8276,2500103.8841,OK,0.0000,395.3531,4.0000,96.0000,AG03-UNRESOLVED,ALL5_LEVELS_bet23_to_bet27,395.3531,395.3531,395.3531,395.3531,395.3531,4.000000,4.000000,4.000000,4.000000,4.000000,96.000000,96.000000,96.000000,96.000000,96.000000,5.0,1976.7655,1824.8244,7907.0621,8059.0032,PENDING_AG03,FALSE,NOT_FOR_ENFORCEMENT,9488.4745,2189415.6736,9883.8276,9488.4745,395.3531,0.00395337,0.00379523,395.3531,9488.4745,0.00379523,395.3531,395.3531,395.3531,395.3531,395.3531,9488.4745,0.00379523,1976.7655,1824.8244,7907.0621,8059.0032,0.00316269,0.00322347,0.00015813,212.5216,219.9480,0.9532,119.0823,2.3972,30121.7335,124.9277,49.0469,238.9093,36.5364,75.9244,374.9013,749.8027,789.266,1183.8989,75.8035,-1.1839,10.395423,15.593133,2.799122,29,215,300,5,0.03207536,0.00395337,0.05088190,0E-8,0.000000,0.912219,0.000000,-0.04848366,2026-03-31,2026-08-01,83,4123,1621,124,0.669355,0.205295,0.230786,0.106918,,,,,,,,GLOBAL_BASELINE_NO_ENTITY_RANKING,,,NOT_APPLICABLE_GLOBAL_BASELINE,HF9g-P5,,,,X 全窗基线 · 不参与实体赏罚,15055281,1506,A168_HF9F_20260827_0900,2026-08-27 09:00:00
2026-05-07,92755421,2234,0,61.9573796369,-3.7490134175,-3.7490134175,0.3333333,5,3,0.46835219385360368,0.341811233333,-0.4686587969410732,-0.030958543356713802,-0.4686587969410732,0.12654096052060368,ELIGIBLE,R03b_20260811_FULL_v1,L1_ELIGIBILITY,v2026-08-11,2026-03-21..2026-08-06,baccarat_bet02_101_all_pairs_incl_sentinel,round_win = game_pnl > 0 (decisive only),COMPATIBILITY_ONLY_NOT_PRODUCTION,2500103.8841,2280641.3266,9883.8276,11764,10369,-0.00395337,-0.05088190,-0.00239824,-0.00395337,-9883.8276,2500103.8841,OK,0.0000,395.3531,4.0000,96.0000,AG03-UNRESOLVED,ALL5_LEVELS_bet23_to_bet27,395.3531,395.3531,395.3531,395.3531,395.3531,4.000000,4.000000,4.000000,4.000000,4.000000,96.000000,96.000000,96.000000,96.000000,96.000000,5.0,1976.7655,1824.8244,7907.0621,8059.0032,PENDING_AG03,FALSE,NOT_FOR_ENFORCEMENT,9488.4745,2189415.6736,9883.8276,9488.4745,395.3531,0.00395337,0.00379523,395.3531,9488.4745,0.00379523,395.3531,395.3531,395.3531,395.3531,395.3531,9488.4745,0.00379523,1976.7655,1824.8244,7907.0621,8059.0032,0.00316269,0.00322347,0.00015813,212.5216,219.9480,0.9532,119.0823,2.3972,30121.7335,124.9277,49.0469,238.9093,36.5364,75.9244,374.9013,749.8027,789.266,1183.8989,75.8035,-1.1839,10.395423,15.593133,2.799122,29,215,300,5,0.03207536,0.00395337,0.05088190,0E-8,0.000000,0.912219,0.000000,-0.04848366,2026-03-31,2026-08-01,83,4123,1621,124,0.669355,0.205295,0.230786,0.106918,,,,,,,,GLOBAL_BASELINE_NO_ENTITY_RANKING,,,NOT_APPLICABLE_GLOBAL_BASELINE,HF9g-P5,,,,X 全窗基线 · 不参与实体赏罚,15055282,1506,A168_HF9F_20260827_0900,2026-08-27 09:00:00
2026-05-07,92755421,986,0,19.7316495659,-19.7316495659,-19.7316495659,0E-7,1,1,0.50665070000000000,0.506650700000,-1.013391052207602,-1.013391052207602,-1.013391052207602,0E-17,ELIGIBLE,R03b_20260811_FULL_v1,L1_ELIGIBILITY,v2026-08-11,2026-03-21..2026-08-06,baccarat_bet02_101_all_pairs_incl_sentinel,round_win = game_pnl > 0 (decisive only),COMPATIBILITY_ONLY_NOT_PRODUCTION,2500103.8841,2280641.3266,9883.8276,11764,10369,-0.00395337,-0.05088190,-0.00239824,-0.00395337,-9883.8276,2500103.8841,OK,0.0000,395.3531,4.0000,96.0000,AG03-UNRESOLVED,ALL5_LEVELS_bet23_to_bet27,395.3531,395.3531,395.3531,395.3531,395.3531,4.000000,4.000000,4.000000,4.000000,4.000000,96.000000,96.000000,96.000000,96.000000,96.000000,5.0,1976.7655,1824.8244,7907.0621,8059.0032,PENDING_AG03,FALSE,NOT_FOR_ENFORCEMENT,9488.4745,2189415.6736,9883.8276,9488.4745,395.3531,0.00395337,0.00379523,395.3531,9488.4745,0.00379523,395.3531,395.3531,395.3531,395.3531,395.3531,9488.4745,0.00379523,1976.7655,1824.8244,7907.0621,8059.0032,0.00316269,0.00322347,0.00015813,212.5216,219.9480,0.9532,119.0823,2.3972,30121.7335,124.9277,49.0469,238.9093,36.5364,75.9244,374.9013,749.8027,789.266,1183.8989,75.8035,-1.1839,10.395423,15.593133,2.799122,29,215,300,5,0.03207536,0.00395337,0.05088190,0E-8,0.000000,0.912219,0.000000,-0.04848366,2026-03-31,2026-08-01,83,4123,1621,124,0.669355,0.205295,0.230786,0.106918,,,,,,,,GLOBAL_BASELINE_NO_ENTITY_RANKING,,,NOT_APPLICABLE_GLOBAL_BASELINE,HF9g-P5,,,,X 全窗基线 · 不参与实体赏罚,15055283,1506,A168_HF9F_20260827_0900,2026-08-27 09:00:00
2026-05-08,92755421,-1,1,7.8926598264,-7.8926598264,-7.8926598264,0E-7,1,1,0.50665070000000000,0.506650700000,-1.013391052207602,-1.013391052207602,-1.013391052207602,0E-17,SENTINEL_DEALER,R03b_20260811_FULL_v1,L1_ELIGIBILITY,v2026-08-11,2026-03-21..2026-08-06,baccarat_bet02_101_all_pairs_incl_sentinel,round_win = game_pnl > 0 (decisive only),COMPATIBILITY_ONLY_NOT_PRODUCTION,2500103.8841,2280641.3266,9883.8276,11764,10369,-0.00395337,-0.05088190,-0.00239824,-0.00395337,-9883.8276,2500103.8841,OK,0.0000,395.3531,4.0000,96.0000,AG03-UNRESOLVED,ALL5_LEVELS_bet23_to_bet27,395.3531,395.3531,395.3531,395.3531,395.3531,4.000000,4.000000,4.000000,4.000000,4.000000,96.000000,96.000000,96.000000,96.000000,96.000000,5.0,1976.7655,1824.8244,7907.0621,8059.0032,PENDING_AG03,FALSE,NOT_FOR_ENFORCEMENT,9488.4745,2189415.6736,9883.8276,9488.4745,395.3531,0.00395337,0.00379523,395.3531,9488.4745,0.00379523,395.3531,395.3531,395.3531,395.3531,395.3531,9488.4745,0.00379523,1976.7655,1824.8244,7907.0621,8059.0032,0.00316269,0.00322347,0.00015813,212.5216,219.9480,0.9532,119.0823,2.3972,30121.7335,124.9277,49.0469,238.9093,36.5364,75.9244,374.9013,749.8027,789.266,1183.8989,75.8035,-1.1839,10.395423,15.593133,2.799122,29,215,300,5,0.03207536,0.00395337,0.05088190,0E-8,0.000000,0.912219,0.000000,-0.04848366,2026-03-31,2026-08-01,83,4123,1621,124,0.669355,0.205295,0.230786,0.106918,,,,,,,,GLOBAL_BASELINE_NO_ENTITY_RANKING,,,NOT_APPLICABLE_GLOBAL_BASELINE,HF9g-P5,,,,X 全窗基线 · 不参与实体赏罚,15055284,1506,A168_HF9F_20260827_0900,2026-08-27 09:00:00
2026-05-08,92755421,2234,0,8.6819258090,-8.6819258090,-8.6819258090,0E-7,2,1,0.46230380909295227,0.262742800000,-0.9272466136348749,-0.5969746651759844,-0.9272466136348749,0.19956100909295227,ELIGIBLE,R03b_20260811_FULL_v1,L1_ELIGIBILITY,v2026-08-11,2026-03-21..2026-08-06,baccarat_bet02_101_all_pairs_incl_sentinel,round_win = game_pnl > 0 (decisive only),COMPATIBILITY_ONLY_NOT_PRODUCTION,2500103.8841,2280641.3266,9883.8276,11764,10369,-0.00395337,-0.05088190,-0.00239824,-0.00395337,-9883.8276,2500103.8841,OK,0.0000,395.3531,4.0000,96.0000,AG03-UNRESOLVED,ALL5_LEVELS_bet23_to_bet27,395.3531,395.3531,395.3531,395.3531,395.3531,4.000000,4.000000,4.000000,4.000000,4.000000,96.000000,96.000000,96.000000,96.000000,96.000000,5.0,1976.7655,1824.8244,7907.0621,8059.0032,PENDING_AG03,FALSE,NOT_FOR_ENFORCEMENT,9488.4745,2189415.6736,9883.8276,9488.4745,395.3531,0.00395337,0.00379523,395.3531,9488.4745,0.00379523,395.3531,395.3531,395.3531,395.3531,395.3531,9488.4745,0.00379523,1976.7655,1824.8244,7907.0621,8059.0032,0.00316269,0.00322347,0.00015813,212.5216,219.9480,0.9532,119.0823,2.3972,30121.7335,124.9277,49.0469,238.9093,36.5364,75.9244,374.9013,749.8027,789.266,1183.8989,75.8035,-1.1839,10.395423,15.593133,2.799122,29,215,300,5,0.03207536,0.00395337,0.05088190,0E-8,0.000000,0.912219,0.000000,-0.04848366,2026-03-31,2026-08-01,83,4123,1621,124,0.669355,0.205295,0.230786,0.106918,,,,,,,,GLOBAL_BASELINE_NO_ENTITY_RANKING,,,NOT_APPLICABLE_GLOBAL_BASELINE,HF9g-P5,,,,X 全窗基线 · 不参与实体赏罚,15055285,1506,A168_HF9F_20260827_0900,2026-08-27 09:00:00
2026-05-09,92755421,-1,1,197.7111286503,-100.0394632991,-100.0394632991,0.2222222,12,10,0.49575569889679847,0.453847560000,-1.641259992729231,-1.395710606259583,-1.641259992729231,0.04190813889679847,SENTINEL_DEALER,R03b_20260811_FULL_v1,L1_ELIGIBILITY,v2026-08-11,2026-03-21..2026-08-06,baccarat_bet02_101_all_pairs_incl_sentinel,round_win = game_pnl > 0 (decisive only),COMPATIBILITY_ONLY_NOT_PRODUCTION,2500103.8841,2280641.3266,9883.8276,11764,10369,-0.00395337,-0.05088190,-0.00239824,-0.00395337,-9883.8276,2500103.8841,OK,0.0000,395.3531,4.0000,96.0000,AG03-UNRESOLVED,ALL5_LEVELS_bet23_to_bet27,395.3531,395.3531,395.3531,395.3531,395.3531,4.000000,4.000000,4.000000,4.000000,4.000000,96.000000,96.000000,96.000000,96.000000,96.000000,5.0,1976.7655,1824.8244,7907.0621,8059.0032,PENDING_AG03,FALSE,NOT_FOR_ENFORCEMENT,9488.4745,2189415.6736,9883.8276,9488.4745,395.3531,0.00395337,0.00379523,395.3531,9488.4745,0.00379523,395.3531,395.3531,395.3531,395.3531,395.3531,9488.4745,0.00379523,1976.7655,1824.8244,7907.0621,8059.0032,0.00316269,0.00322347,0.00015813,212.5216,219.9480,0.9532,119.0823,2.3972,30121.7335,124.9277,49.0469,238.9093,36.5364,75.9244,374.9013,749.8027,789.266,1183.8989,75.8035,-1.1839,10.395423,15.593133,2.799122,29,215,300,5,0.03207536,0.00395337,0.05088190,0E-8,0.000000,0.912219,0.000000,-0.04848366,2026-03-31,2026-08-01,83,4123,1621,124,0.669355,0.205295,0.230786,0.106918,,,,,,,,GLOBAL_BASELINE_NO_ENTITY_RANKING,,,NOT_APPLICABLE_GLOBAL_BASELINE,HF9g-P5,,,,X 全窗基线 · 不参与实体赏罚,15055286,1506,A168_HF9F_20260827_0900,2026-08-27 09:00:00
2026-05-09,92755421,1325,0,19.7316495659,-19.7316495659,-19.7316495659,0E-7,1,1,0.49324550000000000,0.493245500000,-0.9865810262130424,-0.9865810262130424,-0.9865810262130424,0E-17,ELIGIBLE,R03b_20260811_FULL_v1,L1_ELIGIBILITY,v2026-08-11,2026-03-21..2026-08-06,baccarat_bet02_101_all_pairs_incl_sentinel,round_win = game_pnl > 0 (decisive only),COMPATIBILITY_ONLY_NOT_PRODUCTION,2500103.8841,2280641.3266,9883.8276,11764,10369,-0.00395337,-0.05088190,-0.00239824,-0.00395337,-9883.8276,2500103.8841,OK,0.0000,395.3531,4.0000,96.0000,AG03-UNRESOLVED,ALL5_LEVELS_bet23_to_bet27,395.3531,395.3531,395.3531,395.3531,395.3531,4.000000,4.000000,4.000000,4.000000,4.000000,96.000000,96.000000,96.000000,96.000000,96.000000,5.0,1976.7655,1824.8244,7907.0621,8059.0032,PENDING_AG03,FALSE,NOT_FOR_ENFORCEMENT,9488.4745,2189415.6736,9883.8276,9488.4745,395.3531,0.00395337,0.00379523,395.3531,9488.4745,0.00379523,395.3531,395.3531,395.3531,395.3531,395.3531,9488.4745,0.00379523,1976.7655,1824.8244,7907.0621,8059.0032,0.00316269,0.00322347,0.00015813,212.5216,219.9480,0.9532,119.0823,2.3972,30121.7335,124.9277,49.0469,238.9093,36.5364,75.9244,374.9013,749.8027,789.266,1183.8989,75.8035,-1.1839,10.395423,15.593133,2.799122,29,215,300,5,0.03207536,0.00395337,0.05088190,0E-8,0.000000,0.912219,0.000000,-0.04848366,2026-03-31,2026-08-01,83,4123,1621,124,0.669355,0.205295,0.230786,0.106918,,,,,,,,GLOBAL_BASELINE_NO_ENTITY_RANKING,,,NOT_APPLICABLE_GLOBAL_BASELINE,HF9g-P5,,,,X 全窗基线 · 不参与实体赏罚,15055287,1506,A168_HF9F_20260827_0900,2026-08-27 09:00:00
2026-05-09,92755421,2115,0,1.5785319653,-1.5785319653,-1.5785319653,0E-7,1,1,0.01883490000000000,0.018834900000,-0.1385513026636974,-0.1385513026636974,-0.1385513026636974,0E-17,ELIGIBLE,R03b_20260811_FULL_v1,L1_ELIGIBILITY,v2026-08-11,2026-03-21..2026-08-06,baccarat_bet02_101_all_pairs_incl_sentinel,round_win = game_pnl > 0 (decisive only),COMPATIBILITY_ONLY_NOT_PRODUCTION,2500103.8841,2280641.3266,9883.8276,11764,10369,-0.00395337,-0.05088190,-0.00239824,-0.00395337,-9883.8276,2500103.8841,OK,0.0000,395.3531,4.0000,96.0000,AG03-UNRESOLVED,ALL5_LEVELS_bet23_to_bet27,395.3531,395.3531,395.3531,395.3531,395.3531,4.000000,4.000000,4.000000,4.000000,4.000000,96.000000,96.000000,96.000000,96.000000,96.000000,5.0,1976.7655,1824.8244,7907.0621,8059.0032,PENDING_AG03,FALSE,NOT_FOR_ENFORCEMENT,9488.4745,2189415.6736,9883.8276,9488.4745,395.3531,0.00395337,0.00379523,395.3531,9488.4745,0.00379523,395.3531,395.3531,395.3531,395.3531,395.3531,9488.4745,0.00379523,1976.7655,1824.8244,7907.0621,8059.0032,0.00316269,0.00322347,0.00015813,212.5216,219.9480,0.9532,119.0823,2.3972,30121.7335,124.9277,49.0469,238.9093,36.5364,75.9244,374.9013,749.8027,789.266,1183.8989,75.8035,-1.1839,10.395423,15.593133,2.799122,29,215,300,5,0.03207536,0.00395337,0.05088190,0E-8,0.000000,0.912219,0.000000,-0.04848366,2026-03-31,2026-08-01,83,4123,1621,124,0.669355,0.205295,0.230786,0.106918,,,,,,,,GLOBAL_BASELINE_NO_ENTITY_RANKING,,,NOT_APPLICABLE_GLOBAL_BASELINE,HF9g-P5,,,,X 全窗基线 · 不参与实体赏罚,15055288,1506,A168_HF9F_20260827_0900,2026-08-27 09:00:00
2026-05-09,92755421,2130,0,46.5666929755,-24.8618784530,-24.8618784530,0E-7,4,2,0.45350482279970995,0.262742800000,-1.288287479301393,-0.8442496678850145,-1.288287479301393,0.19076202279970995,ELIGIBLE,R03b_20260811_FULL_v1,L1_ELIGIBILITY,v2026-08-11,2026-03-21..2026-08-06,baccarat_bet02_101_all_pairs_incl_sentinel,round_win = game_pnl > 0 (decisive only),COMPATIBILITY_ONLY_NOT_PRODUCTION,2500103.8841,2280641.3266,9883.8276,11764,10369,-0.00395337,-0.05088190,-0.00239824,-0.00395337,-9883.8276,2500103.8841,OK,0.0000,395.3531,4.0000,96.0000,AG03-UNRESOLVED,ALL5_LEVELS_bet23_to_bet27,395.3531,395.3531,395.3531,395.3531,395.3531,4.000000,4.000000,4.000000,4.000000,4.000000,96.000000,96.000000,96.000000,96.000000,96.000000,5.0,1976.7655,1824.8244,7907.0621,8059.0032,PENDING_AG03,FALSE,NOT_FOR_ENFORCEMENT,9488.4745,2189415.6736,9883.8276,9488.4745,395.3531,0.00395337,0.00379523,395.3531,9488.4745,0.00379523,395.3531,395.3531,395.3531,395.3531,395.3531,9488.4745,0.00379523,1976.7655,1824.8244,7907.0621,8059.0032,0.00316269,0.00322347,0.00015813,212.5216,219.9480,0.9532,119.0823,2.3972,30121.7335,124.9277,49.0469,238.9093,36.5364,75.9244,374.9013,749.8027,789.266,1183.8989,75.8035,-1.1839,10.395423,15.593133,2.799122,29,215,300,5,0.03207536,0.00395337,0.05088190,0E-8,0.000000,0.912219,0.000000,-0.04848366,2026-03-31,2026-08-01,83,4123,1621,124,0.669355,0.205295,0.230786,0.106918,,,,,,,,GLOBAL_BASELINE_NO_ENTITY_RANKING,,,NOT_APPLICABLE_GLOBAL_BASELINE,HF9g-P5,,,,X 全窗基线 · 不参与实体赏罚,15055289,1506,A168_HF9F_20260827_0900,2026-08-27 09:00:00
2026-05-09,92755421,2134,0,77.7426992896,0.1973164957,0.1973164957,0.5000000,5,4,0.49490117872362194,0.440646775000,0.020396345660593434,0.2391035070213683,0.020396345660593434,0.05425440372362194,ELIGIBLE,R03b_20260811_FULL_v1,L1_ELIGIBILITY,v2026-08-11,2026-03-21..2026-08-06,baccarat_bet02_101_all_pairs_incl_sentinel,round_win = game_pnl > 0 (decisive only),COMPATIBILITY_ONLY_NOT_PRODUCTION,2500103.8841,2280641.3266,9883.8276,11764,10369,-0.00395337,-0.05088190,-0.00239824,-0.00395337,-9883.8276,2500103.8841,OK,0.0000,395.3531,4.0000,96.0000,AG03-UNRESOLVED,ALL5_LEVELS_bet23_to_bet27,395.3531,395.3531,395.3531,395.3531,395.3531,4.000000,4.000000,4.000000,4.000000,4.000000,96.000000,96.000000,96.000000,96.000000,96.000000,5.0,1976.7655,1824.8244,7907.0621,8059.0032,PENDING_AG03,FALSE,NOT_FOR_ENFORCEMENT,9488.4745,2189415.6736,9883.8276,9488.4745,395.3531,0.00395337,0.00379523,395.3531,9488.4745,0.00379523,395.3531,395.3531,395.3531,395.3531,395.3531,9488.4745,0.00379523,1976.7655,1824.8244,7907.0621,8059.0032,0.00316269,0.00322347,0.00015813,212.5216,219.9480,0.9532,119.0823,2.3972,30121.7335,124.9277,49.0469,238.9093,36.5364,75.9244,374.9013,749.8027,789.266,1183.8989,75.8035,-1.1839,10.395423,15.593133,2.799122,29,215,300,5,0.03207536,0.00395337,0.05088190,0E-8,0.000000,0.912219,0.000000,-0.04848366,2026-03-31,2026-08-01,83,4123,1621,124,0.669355,0.205295,0.230786,0.106918,,,,,,,,GLOBAL_BASELINE_NO_ENTITY_RANKING,,,NOT_APPLICABLE_GLOBAL_BASELINE,HF9g-P5,,,,X 全窗基线 · 不参与实体赏罚,15055290,1506,A168_HF9F_20260827_0900,2026-08-27 09:00:00
2026-05-09,92755421,2142,0,39.4632991318,0E-10,0E-10,0.5000000,2,2,0.49994810000000000,0.499948100000,0.00014679536856514622,0.00014679536856514622,0.00014679536856514622,0E-17,ELIGIBLE,R03b_20260811_FULL_v1,L1_ELIGIBILITY,v2026-08-11,2026-03-21..2026-08-06,baccarat_bet02_101_all_pairs_incl_sentinel,round_win = game_pnl > 0 (decisive only),COMPATIBILITY_ONLY_NOT_PRODUCTION,2500103.8841,2280641.3266,9883.8276,11764,10369,-0.00395337,-0.05088190,-0.00239824,-0.00395337,-9883.8276,2500103.8841,OK,0.0000,395.3531,4.0000,96.0000,AG03-UNRESOLVED,ALL5_LEVELS_bet23_to_bet27,395.3531,395.3531,395.3531,395.3531,395.3531,4.000000,4.000000,4.000000,4.000000,4.000000,96.000000,96.000000,96.000000,96.000000,96.000000,5.0,1976.7655,1824.8244,7907.0621,8059.0032,PENDING_AG03,FALSE,NOT_FOR_ENFORCEMENT,9488.4745,2189415.6736,9883.8276,9488.4745,395.3531,0.00395337,0.00379523,395.3531,9488.4745,0.00379523,395.3531,395.3531,395.3531,395.3531,395.3531,9488.4745,0.00379523,1976.7655,1824.8244,7907.0621,8059.0032,0.00316269,0.00322347,0.00015813,212.5216,219.9480,0.9532,119.0823,2.3972,30121.7335,124.9277,49.0469,238.9093,36.5364,75.9244,374.9013,749.8027,789.266,1183.8989,75.8035,-1.1839,10.395423,15.593133,2.799122,29,215,300,5,0.03207536,0.00395337,0.05088190,0E-8,0.000000,0.912219,0.000000,-0.04848366,2026-03-31,2026-08-01,83,4123,1621,124,0.669355,0.205295,0.230786,0.106918,,,,,,,,GLOBAL_BASELINE_NO_ENTITY_RANKING,,,NOT_APPLICABLE_GLOBAL_BASELINE,HF9g-P5,,,,X 全窗基线 · 不参与实体赏罚,15055291,1506,A168_HF9F_20260827_0900,2026-08-27 09:00:00
2026-05-09,92755421,2241,0,97.8689818469,103.5911602210,103.5911602210,0.8000000,6,5,0.48999640749978086,0.448485480000,1.3866557704301423,1.5804312278568753,1.3866557704301423,0.04151092749978086,ELIGIBLE,R03b_20260811_FULL_v1,L1_ELIGIBILITY,v2026-08-11,2026-03-21..2026-08-06,baccarat_bet02_101_all_pairs_incl_sentinel,round_win = game_pnl > 0 (decisive only),COMPATIBILITY_ONLY_NOT_PRODUCTION,2500103.8841,2280641.3266,9883.8276,11764,10369,-0.00395337,-0.05088190,-0.00239824,-0.00395337,-9883.8276,2500103.8841,OK,0.0000,395.3531,4.0000,96.0000,AG03-UNRESOLVED,ALL5_LEVELS_bet23_to_bet27,395.3531,395.3531,395.3531,395.3531,395.3531,4.000000,4.000000,4.000000,4.000000,4.000000,96.000000,96.000000,96.000000,96.000000,96.000000,5.0,1976.7655,1824.8244,7907.0621,8059.0032,PENDING_AG03,FALSE,NOT_FOR_ENFORCEMENT,9488.4745,2189415.6736,9883.8276,9488.4745,395.3531,0.00395337,0.00379523,395.3531,9488.4745,0.00379523,395.3531,395.3531,395.3531,395.3531,395.3531,9488.4745,0.00379523,1976.7655,1824.8244,7907.0621,8059.0032,0.00316269,0.00322347,0.00015813,212.5216,219.9480,0.9532,119.0823,2.3972,30121.7335,124.9277,49.0469,238.9093,36.5364,75.9244,374.9013,749.8027,789.266,1183.8989,75.8035,-1.1839,10.395423,15.593133,2.799122,29,215,300,5,0.03207536,0.00395337,0.05088190,0E-8,0.000000,0.912219,0.000000,-0.04848366,2026-03-31,2026-08-01,83,4123,1621,124,0.669355,0.205295,0.230786,0.106918,,,,,,,,GLOBAL_BASELINE_NO_ENTITY_RANKING,,,NOT_APPLICABLE_GLOBAL_BASELINE,HF9g-P5,,,,X 全窗基线 · 不参与实体赏罚,15055292,1506,A168_HF9F_20260827_0900,2026-08-27 09:00:00
2026-05-09,92755421,2266,0,19.7316495659,-19.7316495659,-19.7316495659,0E-7,1,1,0.50665070000000000,0.506650700000,-1.013391052207602,-1.013391052207602,-1.013391052207602,0E-17,ELIGIBLE,R03b_20260811_FULL_v1,L1_ELIGIBILITY,v2026-08-11,2026-03-21..2026-08-06,baccarat_bet02_101_all_pairs_incl_sentinel,round_win = game_pnl > 0 (decisive only),COMPATIBILITY_ONLY_NOT_PRODUCTION,2500103.8841,2280641.3266,9883.8276,11764,10369,-0.00395337,-0.05088190,-0.00239824,-0.00395337,-9883.8276,2500103.8841,OK,0.0000,395.3531,4.0000,96.0000,AG03-UNRESOLVED,ALL5_LEVELS_bet23_to_bet27,395.3531,395.3531,395.3531,395.3531,395.3531,4.000000,4.000000,4.000000,4.000000,4.000000,96.000000,96.000000,96.000000,96.000000,96.000000,5.0,1976.7655,1824.8244,7907.0621,8059.0032,PENDING_AG03,FALSE,NOT_FOR_ENFORCEMENT,9488.4745,2189415.6736,9883.8276,9488.4745,395.3531,0.00395337,0.00379523,395.3531,9488.4745,0.00379523,395.3531,395.3531,395.3531,395.3531,395.3531,9488.4745,0.00379523,1976.7655,1824.8244,7907.0621,8059.0032,0.00316269,0.00322347,0.00015813,212.5216,219.9480,0.9532,119.0823,2.3972,30121.7335,124.9277,49.0469,238.9093,36.5364,75.9244,374.9013,749.8027,789.266,1183.8989,75.8035,-1.1839,10.395423,15.593133,2.799122,29,215,300,5,0.03207536,0.00395337,0.05088190,0E-8,0.000000,0.912219,0.000000,-0.04848366,2026-03-31,2026-08-01,83,4123,1621,124,0.669355,0.205295,0.230786,0.106918,,,,,,,,GLOBAL_BASELINE_NO_ENTITY_RANKING,,,NOT_APPLICABLE_GLOBAL_BASELINE,HF9g-P5,,,,X 全窗基线 · 不参与实体赏罚,15055293,1506,A168_HF9F_20260827_0900,2026-08-27 09:00:00
2026-05-09,92755421,948,0,39.4632991318,0E-10,0E-10,0.5000000,2,2,0.49324550000000000,0.493245500000,0.01910635448239258,0.01910635448239258,0.01910635448239258,0E-17,ELIGIBLE,R03b_20260811_FULL_v1,L1_ELIGIBILITY,v2026-08-11,2026-03-21..2026-08-06,baccarat_bet02_101_all_pairs_incl_sentinel,round_win = game_pnl > 0 (decisive only),COMPATIBILITY_ONLY_NOT_PRODUCTION,2500103.8841,2280641.3266,9883.8276,11764,10369,-0.00395337,-0.05088190,-0.00239824,-0.00395337,-9883.8276,2500103.8841,OK,0.0000,395.3531,4.0000,96.0000,AG03-UNRESOLVED,ALL5_LEVELS_bet23_to_bet27,395.3531,395.3531,395.3531,395.3531,395.3531,4.000000,4.000000,4.000000,4.000000,4.000000,96.000000,96.000000,96.000000,96.000000,96.000000,5.0,1976.7655,1824.8244,7907.0621,8059.0032,PENDING_AG03,FALSE,NOT_FOR_ENFORCEMENT,9488.4745,2189415.6736,9883.8276,9488.4745,395.3531,0.00395337,0.00379523,395.3531,9488.4745,0.00379523,395.3531,395.3531,395.3531,395.3531,395.3531,9488.4745,0.00379523,1976.7655,1824.8244,7907.0621,8059.0032,0.00316269,0.00322347,0.00015813,212.5216,219.9480,0.9532,119.0823,2.3972,30121.7335,124.9277,49.0469,238.9093,36.5364,75.9244,374.9013,749.8027,789.266,1183.8989,75.8035,-1.1839,10.395423,15.593133,2.799122,29,215,300,5,0.03207536,0.00395337,0.05088190,0E-8,0.000000,0.912219,0.000000,-0.04848366,2026-03-31,2026-08-01,83,4123,1621,124,0.669355,0.205295,0.230786,0.106918,,,,,,,,GLOBAL_BASELINE_NO_ENTITY_RANKING,,,NOT_APPLICABLE_GLOBAL_BASELINE,HF9g-P5,,,,X 全窗基线 · 不参与实体赏罚,15055294,1506,A168_HF9F_20260827_0900,2026-08-27 09:00:00
2026-05-12,92755421,-1,1,314.1278610891,-274.6645619573,-274.6645619573,0E-7,8,7,0.50266098950437944,0.470849200000,-2.462560750144536,-2.3106108859519447,-2.462560750144536,0.03181178950437944,SENTINEL_DEALER,R03b_20260811_FULL_v1,L1_ELIGIBILITY,v2026-08-11,2026-03-21..2026-08-06,baccarat_bet02_101_all_pairs_incl_sentinel,round_win = game_pnl > 0 (decisive only),COMPATIBILITY_ONLY_NOT_PRODUCTION,2500103.8841,2280641.3266,9883.8276,11764,10369,-0.00395337,-0.05088190,-0.00239824,-0.00395337,-9883.8276,2500103.8841,OK,0.0000,395.3531,4.0000,96.0000,AG03-UNRESOLVED,ALL5_LEVELS_bet23_to_bet27,395.3531,395.3531,395.3531,395.3531,395.3531,4.000000,4.000000,4.000000,4.000000,4.000000,96.000000,96.000000,96.000000,96.000000,96.000000,5.0,1976.7655,1824.8244,7907.0621,8059.0032,PENDING_AG03,FALSE,NOT_FOR_ENFORCEMENT,9488.4745,2189415.6736,9883.8276,9488.4745,395.3531,0.00395337,0.00379523,395.3531,9488.4745,0.00379523,395.3531,395.3531,395.3531,395.3531,395.3531,9488.4745,0.00379523,1976.7655,1824.8244,7907.0621,8059.0032,0.00316269,0.00322347,0.00015813,212.5216,219.9480,0.9532,119.0823,2.3972,30121.7335,124.9277,49.0469,238.9093,36.5364,75.9244,374.9013,749.8027,789.266,1183.8989,75.8035,-1.1839,10.395423,15.593133,2.799122,29,215,300,5,0.03207536,0.00395337,0.05088190,0E-8,0.000000,0.912219,0.000000,-0.04848366,2026-03-31,2026-08-01,83,4123,1621,124,0.669355,0.205295,0.230786,0.106918,,,,,,,,GLOBAL_BASELINE_NO_ENTITY_RANKING,,,NOT_APPLICABLE_GLOBAL_BASELINE,HF9g-P5,,,,X 全窗基线 · 不参与实体赏罚,15055295,1506,A168_HF9F_20260827_0900,2026-08-27 09:00:00
2026-05-12,92755421,2129,0,39.4632991318,-39.4632991318,-39.4632991318,0E-7,1,1,0.50665070000000000,0.506650700000,-1.013391052207602,-1.013391052207602,-1.013391052207602,0E-17,ELIGIBLE,R03b_20260811_FULL_v1,L1_ELIGIBILITY,v2026-08-11,2026-03-21..2026-08-06,baccarat_bet02_101_all_pairs_incl_sentinel,round_win = game_pnl > 0 (decisive only),COMPATIBILITY_ONLY_NOT_PRODUCTION,2500103.8841,2280641.3266,9883.8276,11764,10369,-0.00395337,-0.05088190,-0.00239824,-0.00395337,-9883.8276,2500103.8841,OK,0.0000,395.3531,4.0000,96.0000,AG03-UNRESOLVED,ALL5_LEVELS_bet23_to_bet27,395.3531,395.3531,395.3531,395.3531,395.3531,4.000000,4.000000,4.000000,4.000000,4.000000,96.000000,96.000000,96.000000,96.000000,96.000000,5.0,1976.7655,1824.8244,7907.0621,8059.0032,PENDING_AG03,FALSE,NOT_FOR_ENFORCEMENT,9488.4745,2189415.6736,9883.8276,9488.4745,395.3531,0.00395337,0.00379523,395.3531,9488.4745,0.00379523,395.3531,395.3531,395.3531,395.3531,395.3531,9488.4745,0.00379523,1976.7655,1824.8244,7907.0621,8059.0032,0.00316269,0.00322347,0.00015813,212.5216,219.9480,0.9532,119.0823,2.3972,30121.7335,124.9277,49.0469,238.9093,36.5364,75.9244,374.9013,749.8027,789.266,1183.8989,75.8035,-1.1839,10.395423,15.593133,2.799122,29,215,300,5,0.03207536,0.00395337,0.05088190,0E-8,0.000000,0.912219,0.000000,-0.04848366,2026-03-31,2026-08-01,83,4123,1621,124,0.669355,0.205295,0.230786,0.106918,,,,,,,,GLOBAL_BASELINE_NO_ENTITY_RANKING,,,NOT_APPLICABLE_GLOBAL_BASELINE,HF9g-P5,,,,X 全窗基线 · 不参与实体赏罚,15055296,1506,A168_HF9F_20260827_0900,2026-08-27 09:00:00
2026-05-12,92755421,2224,0,117.6006314128,-0.1973164957,-0.1973164957,0.6666667,3,3,0.50218230000000000,0.502182300000,0.5697959874915163,0.5697959874915164,0.5697959874915163,0E-17,ELIGIBLE,R03b_20260811_FULL_v1,L1_ELIGIBILITY,v2026-08-11,2026-03-21..2026-08-06,baccarat_bet02_101_all_pairs_incl_sentinel,round_win = game_pnl > 0 (decisive only),COMPATIBILITY_ONLY_NOT_PRODUCTION,2500103.8841,2280641.3266,9883.8276,11764,10369,-0.00395337,-0.05088190,-0.00239824,-0.00395337,-9883.8276,2500103.8841,OK,0.0000,395.3531,4.0000,96.0000,AG03-UNRESOLVED,ALL5_LEVELS_bet23_to_bet27,395.3531,395.3531,395.3531,395.3531,395.3531,4.000000,4.000000,4.000000,4.000000,4.000000,96.000000,96.000000,96.000000,96.000000,96.000000,5.0,1976.7655,1824.8244,7907.0621,8059.0032,PENDING_AG03,FALSE,NOT_FOR_ENFORCEMENT,9488.4745,2189415.6736,9883.8276,9488.4745,395.3531,0.00395337,0.00379523,395.3531,9488.4745,0.00379523,395.3531,395.3531,395.3531,395.3531,395.3531,9488.4745,0.00379523,1976.7655,1824.8244,7907.0621,8059.0032,0.00316269,0.00322347,0.00015813,212.5216,219.9480,0.9532,119.0823,2.3972,30121.7335,124.9277,49.0469,238.9093,36.5364,75.9244,374.9013,749.8027,789.266,1183.8989,75.8035,-1.1839,10.395423,15.593133,2.799122,29,215,300,5,0.03207536,0.00395337,0.05088190,0E-8,0.000000,0.912219,0.000000,-0.04848366,2026-03-31,2026-08-01,83,4123,1621,124,0.669355,0.205295,0.230786,0.106918,,,,,,,,GLOBAL_BASELINE_NO_ENTITY_RANKING,,,NOT_APPLICABLE_GLOBAL_BASELINE,HF9g-P5,,,,X 全窗基线 · 不参与实体赏罚,15055297,1506,A168_HF9F_20260827_0900,2026-08-27 09:00:00
2026-05-12,92755421,986,0,116.4167324388,0E-10,0E-10,0.5000000,4,3,0.49385930701749946,0.423113866667,0.017369812611463035,0.2200844400096609,0.017369812611463035,0.07074544035049946,ELIGIBLE,R03b_20260811_FULL_v1,L1_ELIGIBILITY,v2026-08-11,2026-03-21..2026-08-06,baccarat_bet02_101_all_pairs_incl_sentinel,round_win = game_pnl > 0 (decisive only),COMPATIBILITY_ONLY_NOT_PRODUCTION,2500103.8841,2280641.3266,9883.8276,11764,10369,-0.00395337,-0.05088190,-0.00239824,-0.00395337,-9883.8276,2500103.8841,OK,0.0000,395.3531,4.0000,96.0000,AG03-UNRESOLVED,ALL5_LEVELS_bet23_to_bet27,395.3531,395.3531,395.3531,395.3531,395.3531,4.000000,4.000000,4.000000,4.000000,4.000000,96.000000,96.000000,96.000000,96.000000,96.000000,5.0,1976.7655,1824.8244,7907.0621,8059.0032,PENDING_AG03,FALSE,NOT_FOR_ENFORCEMENT,9488.4745,2189415.6736,9883.8276,9488.4745,395.3531,0.00395337,0.00379523,395.3531,9488.4745,0.00379523,395.3531,395.3531,395.3531,395.3531,395.3531,9488.4745,0.00379523,1976.7655,1824.8244,7907.0621,8059.0032,0.00316269,0.00322347,0.00015813,212.5216,219.9480,0.9532,119.0823,2.3972,30121.7335,124.9277,49.0469,238.9093,36.5364,75.9244,374.9013,749.8027,789.266,1183.8989,75.8035,-1.1839,10.395423,15.593133,2.799122,29,215,300,5,0.03207536,0.00395337,0.05088190,0E-8,0.000000,0.912219,0.000000,-0.04848366,2026-03-31,2026-08-01,83,4123,1621,124,0.669355,0.205295,0.230786,0.106918,,,,,,,,GLOBAL_BASELINE_NO_ENTITY_RANKING,,,NOT_APPLICABLE_GLOBAL_BASELINE,HF9g-P5,,,,X 全窗基线 · 不参与实体赏罚,15055298,1506,A168_HF9F_20260827_0900,2026-08-27 09:00:00
2026-05-13,92755421,-1,1,424.6250986582,-38.6740331492,-38.6740331492,0.4444444,11,11,0.50055742727272727,0.500557427273,-0.3366781061984817,-0.33667810620011834,-0.3366781061984817,-2.7273E-13,SENTINEL_DEALER,R03b_20260811_FULL_v1,L1_ELIGIBILITY,v2026-08-11,2026-03-21..2026-08-06,baccarat_bet02_101_all_pairs_incl_sentinel,round_win = game_pnl > 0 (decisive only),COMPATIBILITY_ONLY_NOT_PRODUCTION,2500103.8841,2280641.3266,9883.8276,11764,10369,-0.00395337,-0.05088190,-0.00239824,-0.00395337,-9883.8276,2500103.8841,OK,0.0000,395.3531,4.0000,96.0000,AG03-UNRESOLVED,ALL5_LEVELS_bet23_to_bet27,395.3531,395.3531,395.3531,395.3531,395.3531,4.000000,4.000000,4.000000,4.000000,4.000000,96.000000,96.000000,96.000000,96.000000,96.000000,5.0,1976.7655,1824.8244,7907.0621,8059.0032,PENDING_AG03,FALSE,NOT_FOR_ENFORCEMENT,9488.4745,2189415.6736,9883.8276,9488.4745,395.3531,0.00395337,0.00379523,395.3531,9488.4745,0.00379523,395.3531,395.3531,395.3531,395.3531,395.3531,9488.4745,0.00379523,1976.7655,1824.8244,7907.0621,8059.0032,0.00316269,0.00322347,0.00015813,212.5216,219.9480,0.9532,119.0823,2.3972,30121.7335,124.9277,49.0469,238.9093,36.5364,75.9244,374.9013,749.8027,789.266,1183.8989,75.8035,-1.1839,10.395423,15.593133,2.799122,29,215,300,5,0.03207536,0.00395337,0.05088190,0E-8,0.000000,0.912219,0.000000,-0.04848366,2026-03-31,2026-08-01,83,4123,1621,124,0.669355,0.205295,0.230786,0.106918,,,,,,,,GLOBAL_BASELINE_NO_ENTITY_RANKING,,,NOT_APPLICABLE_GLOBAL_BASELINE,HF9g-P5,,,,X 全窗基线 · 不参与实体赏罚,15055299,1506,A168_HF9F_20260827_0900,2026-08-27 09:00:00
2026-05-13,92755421,1109,0,39.4632991318,-39.4632991318,-39.4632991318,0E-7,1,1,0.49324550000000000,0.493245500000,-0.9865810262130424,-0.9865810262130424,-0.9865810262130424,0E-17,ELIGIBLE,R03b_20260811_FULL_v1,L1_ELIGIBILITY,v2026-08-11,2026-03-21..2026-08-06,baccarat_bet02_101_all_pairs_incl_sentinel,round_win = game_pnl > 0 (decisive only),COMPATIBILITY_ONLY_NOT_PRODUCTION,2500103.8841,2280641.3266,9883.8276,11764,10369,-0.00395337,-0.05088190,-0.00239824,-0.00395337,-9883.8276,2500103.8841,OK,0.0000,395.3531,4.0000,96.0000,AG03-UNRESOLVED,ALL5_LEVELS_bet23_to_bet27,395.3531,395.3531,395.3531,395.3531,395.3531,4.000000,4.000000,4.000000,4.000000,4.000000,96.000000,96.000000,96.000000,96.000000,96.000000,5.0,1976.7655,1824.8244,7907.0621,8059.0032,PENDING_AG03,FALSE,NOT_FOR_ENFORCEMENT,9488.4745,2189415.6736,9883.8276,9488.4745,395.3531,0.00395337,0.00379523,395.3531,9488.4745,0.00379523,395.3531,395.3531,395.3531,395.3531,395.3531,9488.4745,0.00379523,1976.7655,1824.8244,7907.0621,8059.0032,0.00316269,0.00322347,0.00015813,212.5216,219.9480,0.9532,119.0823,2.3972,30121.7335,124.9277,49.0469,238.9093,36.5364,75.9244,374.9013,749.8027,789.266,1183.8989,75.8035,-1.1839,10.395423,15.593133,2.799122,29,215,300,5,0.03207536,0.00395337,0.05088190,0E-8,0.000000,0.912219,0.000000,-0.04848366,2026-03-31,2026-08-01,83,4123,1621,124,0.669355,0.205295,0.230786,0.106918,,,,,,,,GLOBAL_BASELINE_NO_ENTITY_RANKING,,,NOT_APPLICABLE_GLOBAL_BASELINE,HF9g-P5,,,,X 全窗基线 · 不参与实体赏罚,15055300,1506,A168_HF9F_20260827_0900,2026-08-27 09:00:00
2026-05-13,92755421,1331,0,155.8800315706,75.0789265983,75.0789265983,0.7500000,4,4,0.49659680000000000,0.496596800000,1.0136362796769356,1.0136362796769358,1.0136362796769356,0E-17,ELIGIBLE,R03b_20260811_FULL_v1,L1_ELIGIBILITY,v2026-08-11,2026-03-21..2026-08-06,baccarat_bet02_101_all_pairs_incl_sentinel,round_win = game_pnl > 0 (decisive only),COMPATIBILITY_ONLY_NOT_PRODUCTION,2500103.8841,2280641.3266,9883.8276,11764,10369,-0.00395337,-0.05088190,-0.00239824,-0.00395337,-9883.8276,2500103.8841,OK,0.0000,395.3531,4.0000,96.0000,AG03-UNRESOLVED,ALL5_LEVELS_bet23_to_bet27,395.3531,395.3531,395.3531,395.3531,395.3531,4.000000,4.000000,4.000000,4.000000,4.000000,96.000000,96.000000,96.000000,96.000000,96.000000,5.0,1976.7655,1824.8244,7907.0621,8059.0032,PENDING_AG03,FALSE,NOT_FOR_ENFORCEMENT,9488.4745,2189415.6736,9883.8276,9488.4745,395.3531,0.00395337,0.00379523,395.3531,9488.4745,0.00379523,395.3531,395.3531,395.3531,395.3531,395.3531,9488.4745,0.00379523,1976.7655,1824.8244,7907.0621,8059.0032,0.00316269,0.00322347,0.00015813,212.5216,219.9480,0.9532,119.0823,2.3972,30121.7335,124.9277,49.0469,238.9093,36.5364,75.9244,374.9013,749.8027,789.266,1183.8989,75.8035,-1.1839,10.395423,15.593133,2.799122,29,215,300,5,0.03207536,0.00395337,0.05088190,0E-8,0.000000,0.912219,0.000000,-0.04848366,2026-03-31,2026-08-01,83,4123,1621,124,0.669355,0.205295,0.230786,0.106918,,,,,,,,GLOBAL_BASELINE_NO_ENTITY_RANKING,,,NOT_APPLICABLE_GLOBAL_BASELINE,HF9g-P5,,,,X 全窗基线 · 不参与实体赏罚,15055301,1506,A168_HF9F_20260827_0900,2026-08-27 09:00:00
2026-05-13,92755421,1704,0,39.4632991318,-39.4632991318,-39.4632991318,0E-7,1,1,0.49324550000000000,0.493245500000,-0.9865810262130424,-0.9865810262130424,-0.9865810262130424,0E-17,ELIGIBLE,R03b_20260811_FULL_v1,L1_ELIGIBILITY,v2026-08-11,2026-03-21..2026-08-06,baccarat_bet02_101_all_pairs_incl_sentinel,round_win = game_pnl > 0 (decisive only),COMPATIBILITY_ONLY_NOT_PRODUCTION,2500103.8841,2280641.3266,9883.8276,11764,10369,-0.00395337,-0.05088190,-0.00239824,-0.00395337,-9883.8276,2500103.8841,OK,0.0000,395.3531,4.0000,96.0000,AG03-UNRESOLVED,ALL5_LEVELS_bet23_to_bet27,395.3531,395.3531,395.3531,395.3531,395.3531,4.000000,4.000000,4.000000,4.000000,4.000000,96.000000,96.000000,96.000000,96.000000,96.000000,5.0,1976.7655,1824.8244,7907.0621,8059.0032,PENDING_AG03,FALSE,NOT_FOR_ENFORCEMENT,9488.4745,2189415.6736,9883.8276,9488.4745,395.3531,0.00395337,0.00379523,395.3531,9488.4745,0.00379523,395.3531,395.3531,395.3531,395.3531,395.3531,9488.4745,0.00379523,1976.7655,1824.8244,7907.0621,8059.0032,0.00316269,0.00322347,0.00015813,212.5216,219.9480,0.9532,119.0823,2.3972,30121.7335,124.9277,49.0469,238.9093,36.5364,75.9244,374.9013,749.8027,789.266,1183.8989,75.8035,-1.1839,10.395423,15.593133,2.799122,29,215,300,5,0.03207536,0.00395337,0.05088190,0E-8,0.000000,0.912219,0.000000,-0.04848366,2026-03-31,2026-08-01,83,4123,1621,124,0.669355,0.205295,0.230786,0.106918,,,,,,,,GLOBAL_BASELINE_NO_ENTITY_RANKING,,,NOT_APPLICABLE_GLOBAL_BASELINE,HF9g-P5,,,,X 全窗基线 · 不参与实体赏罚,15055302,1506,A168_HF9F_20260827_0900,2026-08-27 09:00:00
2026-05-13,92755421,1966,0,55.2486187845,15.7853196527,15.7853196527,0.5000000,2,2,0.49994810000000000,0.499948100000,0.00014679536856514622,0.00014679536856514622,0.00014679536856514622,0E-17,ELIGIBLE,R03b_20260811_FULL_v1,L1_ELIGIBILITY,v2026-08-11,2026-03-21..2026-08-06,baccarat_bet02_101_all_pairs_incl_sentinel,round_win = game_pnl > 0 (decisive only),COMPATIBILITY_ONLY_NOT_PRODUCTION,2500103.8841,2280641.3266,9883.8276,11764,10369,-0.00395337,-0.05088190,-0.00239824,-0.00395337,-9883.8276,2500103.8841,OK,0.0000,395.3531,4.0000,96.0000,AG03-UNRESOLVED,ALL5_LEVELS_bet23_to_bet27,395.3531,395.3531,395.3531,395.3531,395.3531,4.000000,4.000000,4.000000,4.000000,4.000000,96.000000,96.000000,96.000000,96.000000,96.000000,5.0,1976.7655,1824.8244,7907.0621,8059.0032,PENDING_AG03,FALSE,NOT_FOR_ENFORCEMENT,9488.4745,2189415.6736,9883.8276,9488.4745,395.3531,0.00395337,0.00379523,395.3531,9488.4745,0.00379523,395.3531,395.3531,395.3531,395.3531,395.3531,9488.4745,0.00379523,1976.7655,1824.8244,7907.0621,8059.0032,0.00316269,0.00322347,0.00015813,212.5216,219.9480,0.9532,119.0823,2.3972,30121.7335,124.9277,49.0469,238.9093,36.5364,75.9244,374.9013,749.8027,789.266,1183.8989,75.8035,-1.1839,10.395423,15.593133,2.799122,29,215,300,5,0.03207536,0.00395337,0.05088190,0E-8,0.000000,0.912219,0.000000,-0.04848366,2026-03-31,2026-08-01,83,4123,1621,124,0.669355,0.205295,0.230786,0.106918,,,,,,,,GLOBAL_BASELINE_NO_ENTITY_RANKING,,,NOT_APPLICABLE_GLOBAL_BASELINE,HF9g-P5,,,,X 全窗基线 · 不参与实体赏罚,15055303,1506,A168_HF9F_20260827_0900,2026-08-27 09:00:00
2026-05-13,92755421,2088,0,41.4364640884,-41.4364640884,-41.4364640884,0E-7,2,1,0.47065451904751001,0.256040200000,-0.9429344687664234,-0.5866503638730671,-0.9429344687664234,0.21461431904751001,ELIGIBLE,R03b_20260811_FULL_v1,L1_ELIGIBILITY,v2026-08-11,2026-03-21..2026-08-06,baccarat_bet02_101_all_pairs_incl_sentinel,round_win = game_pnl > 0 (decisive only),COMPATIBILITY_ONLY_NOT_PRODUCTION,2500103.8841,2280641.3266,9883.8276,11764,10369,-0.00395337,-0.05088190,-0.00239824,-0.00395337,-9883.8276,2500103.8841,OK,0.0000,395.3531,4.0000,96.0000,AG03-UNRESOLVED,ALL5_LEVELS_bet23_to_bet27,395.3531,395.3531,395.3531,395.3531,395.3531,4.000000,4.000000,4.000000,4.000000,4.000000,96.000000,96.000000,96.000000,96.000000,96.000000,5.0,1976.7655,1824.8244,7907.0621,8059.0032,PENDING_AG03,FALSE,NOT_FOR_ENFORCEMENT,9488.4745,2189415.6736,9883.8276,9488.4745,395.3531,0.00395337,0.00379523,395.3531,9488.4745,0.00379523,395.3531,395.3531,395.3531,395.3531,395.3531,9488.4745,0.00379523,1976.7655,1824.8244,7907.0621,8059.0032,0.00316269,0.00322347,0.00015813,212.5216,219.9480,0.9532,119.0823,2.3972,30121.7335,124.9277,49.0469,238.9093,36.5364,75.9244,374.9013,749.8027,789.266,1183.8989,75.8035,-1.1839,10.395423,15.593133,2.799122,29,215,300,5,0.03207536,0.00395337,0.05088190,0E-8,0.000000,0.912219,0.000000,-0.04848366,2026-03-31,2026-08-01,83,4123,1621,124,0.669355,0.205295,0.230786,0.106918,,,,,,,,GLOBAL_BASELINE_NO_ENTITY_RANKING,,,NOT_APPLICABLE_GLOBAL_BASELINE,HF9g-P5,,,,X 全窗基线 · 不参与实体赏罚,15055304,1506,A168_HF9F_20260827_0900,2026-08-27 09:00:00
2026-05-13,92755421,2101,0,41.4364640884,-41.4364640884,-41.4364640884,0E-7,2,1,0.47065451904751001,0.256040200000,-0.9429344687664234,-0.5866503638730671,-0.9429344687664234,0.21461431904751001,ELIGIBLE,R03b_20260811_FULL_v1,L1_ELIGIBILITY,v2026-08-11,2026-03-21..2026-08-06,baccarat_bet02_101_all_pairs_incl_sentinel,round_win = game_pnl > 0 (decisive only),COMPATIBILITY_ONLY_NOT_PRODUCTION,2500103.8841,2280641.3266,9883.8276,11764,10369,-0.00395337,-0.05088190,-0.00239824,-0.00395337,-9883.8276,2500103.8841,OK,0.0000,395.3531,4.0000,96.0000,AG03-UNRESOLVED,ALL5_LEVELS_bet23_to_bet27,395.3531,395.3531,395.3531,395.3531,395.3531,4.000000,4.000000,4.000000,4.000000,4.000000,96.000000,96.000000,96.000000,96.000000,96.000000,5.0,1976.7655,1824.8244,7907.0621,8059.0032,PENDING_AG03,FALSE,NOT_FOR_ENFORCEMENT,9488.4745,2189415.6736,9883.8276,9488.4745,395.3531,0.00395337,0.00379523,395.3531,9488.4745,0.00379523,395.3531,395.3531,395.3531,395.3531,395.3531,9488.4745,0.00379523,1976.7655,1824.8244,7907.0621,8059.0032,0.00316269,0.00322347,0.00015813,212.5216,219.9480,0.9532,119.0823,2.3972,30121.7335,124.9277,49.0469,238.9093,36.5364,75.9244,374.9013,749.8027,789.266,1183.8989,75.8035,-1.1839,10.395423,15.593133,2.799122,29,215,300,5,0.03207536,0.00395337,0.05088190,0E-8,0.000000,0.912219,0.000000,-0.04848366,2026-03-31,2026-08-01,83,4123,1621,124,0.669355,0.205295,0.230786,0.106918,,,,,,,,GLOBAL_BASELINE_NO_ENTITY_RANKING,,,NOT_APPLICABLE_GLOBAL_BASELINE,HF9g-P5,,,,X 全窗基线 · 不参与实体赏罚,15055305,1506,A168_HF9F_20260827_0900,2026-08-27 09:00:00
2026-05-13,92755421,2152,0,114.4435674822,33.7411207577,33.7411207577,0.6666667,3,3,0.50218230000000000,0.502182300000,0.5697959874915163,0.5697959874915164,0.5697959874915163,0E-17,ELIGIBLE,R03b_20260811_FULL_v1,L1_ELIGIBILITY,v2026-08-11,2026-03-21..2026-08-06,baccarat_bet02_101_all_pairs_incl_sentinel,round_win = game_pnl > 0 (decisive only),COMPATIBILITY_ONLY_NOT_PRODUCTION,2500103.8841,2280641.3266,9883.8276,11764,10369,-0.00395337,-0.05088190,-0.00239824,-0.00395337,-9883.8276,2500103.8841,OK,0.0000,395.3531,4.0000,96.0000,AG03-UNRESOLVED,ALL5_LEVELS_bet23_to_bet27,395.3531,395.3531,395.3531,395.3531,395.3531,4.000000,4.000000,4.000000,4.000000,4.000000,96.000000,96.000000,96.000000,96.000000,96.000000,5.0,1976.7655,1824.8244,7907.0621,8059.0032,PENDING_AG03,FALSE,NOT_FOR_ENFORCEMENT,9488.4745,2189415.6736,9883.8276,9488.4745,395.3531,0.00395337,0.00379523,395.3531,9488.4745,0.00379523,395.3531,395.3531,395.3531,395.3531,395.3531,9488.4745,0.00379523,1976.7655,1824.8244,7907.0621,8059.0032,0.00316269,0.00322347,0.00015813,212.5216,219.9480,0.9532,119.0823,2.3972,30121.7335,124.9277,49.0469,238.9093,36.5364,75.9244,374.9013,749.8027,789.266,1183.8989,75.8035,-1.1839,10.395423,15.593133,2.799122,29,215,300,5,0.03207536,0.00395337,0.05088190,0E-8,0.000000,0.912219,0.000000,-0.04848366,2026-03-31,2026-08-01,83,4123,1621,124,0.669355,0.205295,0.230786,0.106918,,,,,,,,GLOBAL_BASELINE_NO_ENTITY_RANKING,,,NOT_APPLICABLE_GLOBAL_BASELINE,HF9g-P5,,,,X 全窗基线 · 不参与实体赏罚,15055306,1506,A168_HF9F_20260827_0900,2026-08-27 09:00:00
2026-05-13,92755421,2160,0,39.4632991318,0E-10,0E-10,,1,1,0.50665070000000000,0.506650700000,,,,0E-17,NO_DECISIVE_ROUND,R03b_20260811_FULL_v1,L1_ELIGIBILITY,v2026-08-11,2026-03-21..2026-08-06,baccarat_bet02_101_all_pairs_incl_sentinel,round_win = game_pnl > 0 (decisive only),COMPATIBILITY_ONLY_NOT_PRODUCTION,2500103.8841,2280641.3266,9883.8276,11764,10369,-0.00395337,-0.05088190,-0.00239824,-0.00395337,-9883.8276,2500103.8841,OK,0.0000,395.3531,4.0000,96.0000,AG03-UNRESOLVED,ALL5_LEVELS_bet23_to_bet27,395.3531,395.3531,395.3531,395.3531,395.3531,4.000000,4.000000,4.000000,4.000000,4.000000,96.000000,96.000000,96.000000,96.000000,96.000000,5.0,1976.7655,1824.8244,7907.0621,8059.0032,PENDING_AG03,FALSE,NOT_FOR_ENFORCEMENT,9488.4745,2189415.6736,9883.8276,9488.4745,395.3531,0.00395337,0.00379523,395.3531,9488.4745,0.00379523,395.3531,395.3531,395.3531,395.3531,395.3531,9488.4745,0.00379523,1976.7655,1824.8244,7907.0621,8059.0032,0.00316269,0.00322347,0.00015813,212.5216,219.9480,0.9532,119.0823,2.3972,30121.7335,124.9277,49.0469,238.9093,36.5364,75.9244,374.9013,749.8027,789.266,1183.8989,75.8035,-1.1839,10.395423,15.593133,2.799122,29,215,300,5,0.03207536,0.00395337,0.05088190,0E-8,0.000000,0.912219,0.000000,-0.04848366,2026-03-31,2026-08-01,83,4123,1621,124,0.669355,0.205295,0.230786,0.106918,,,,,,,,GLOBAL_BASELINE_NO_ENTITY_RANKING,,,NOT_APPLICABLE_GLOBAL_BASELINE,HF9g-P5,,,,X 全窗基线 · 不参与实体赏罚,15055307,1506,A168_HF9F_20260827_0900,2026-08-27 09:00:00
2026-05-13,92755421,2171,0,39.4632991318,37.4901341752,37.4901341752,1.0000000,1,1,0.50665070000000000,0.506650700000,0.9867858985152569,0.9867858985152569,0.9867858985152569,0E-17,ELIGIBLE,R03b_20260811_FULL_v1,L1_ELIGIBILITY,v2026-08-11,2026-03-21..2026-08-06,baccarat_bet02_101_all_pairs_incl_sentinel,round_win = game_pnl > 0 (decisive only),COMPATIBILITY_ONLY_NOT_PRODUCTION,2500103.8841,2280641.3266,9883.8276,11764,10369,-0.00395337,-0.05088190,-0.00239824,-0.00395337,-9883.8276,2500103.8841,OK,0.0000,395.3531,4.0000,96.0000,AG03-UNRESOLVED,ALL5_LEVELS_bet23_to_bet27,395.3531,395.3531,395.3531,395.3531,395.3531,4.000000,4.000000,4.000000,4.000000,4.000000,96.000000,96.000000,96.000000,96.000000,96.000000,5.0,1976.7655,1824.8244,7907.0621,8059.0032,PENDING_AG03,FALSE,NOT_FOR_ENFORCEMENT,9488.4745,2189415.6736,9883.8276,9488.4745,395.3531,0.00395337,0.00379523,395.3531,9488.4745,0.00379523,395.3531,395.3531,395.3531,395.3531,395.3531,9488.4745,0.00379523,1976.7655,1824.8244,7907.0621,8059.0032,0.00316269,0.00322347,0.00015813,212.5216,219.9480,0.9532,119.0823,2.3972,30121.7335,124.9277,49.0469,238.9093,36.5364,75.9244,374.9013,749.8027,789.266,1183.8989,75.8035,-1.1839,10.395423,15.593133,2.799122,29,215,300,5,0.03207536,0.00395337,0.05088190,0E-8,0.000000,0.912219,0.000000,-0.04848366,2026-03-31,2026-08-01,83,4123,1621,124,0.669355,0.205295,0.230786,0.106918,,,,,,,,GLOBAL_BASELINE_NO_ENTITY_RANKING,,,NOT_APPLICABLE_GLOBAL_BASELINE,HF9g-P5,,,,X 全窗基线 · 不参与实体赏罚,15055308,1506,A168_HF9F_20260827_0900,2026-08-27 09:00:00
2026-05-13,92755421,2177,0,164.1673243883,-87.2138910813,-87.2138910813,0.2500000,6,4,0.48226298713547833,0.379669800000,-0.9296370633401638,-0.5343851087487913,-0.9296370633401638,0.10259318713547833,ELIGIBLE,R03b_20260811_FULL_v1,L1_ELIGIBILITY,v2026-08-11,2026-03-21..2026-08-06,baccarat_bet02_101_all_pairs_incl_sentinel,round_win = game_pnl > 0 (decisive only),COMPATIBILITY_ONLY_NOT_PRODUCTION,2500103.8841,2280641.3266,9883.8276,11764,10369,-0.00395337,-0.05088190,-0.00239824,-0.00395337,-9883.8276,2500103.8841,OK,0.0000,395.3531,4.0000,96.0000,AG03-UNRESOLVED,ALL5_LEVELS_bet23_to_bet27,395.3531,395.3531,395.3531,395.3531,395.3531,4.000000,4.000000,4.000000,4.000000,4.000000,96.000000,96.000000,96.000000,96.000000,96.000000,5.0,1976.7655,1824.8244,7907.0621,8059.0032,PENDING_AG03,FALSE,NOT_FOR_ENFORCEMENT,9488.4745,2189415.6736,9883.8276,9488.4745,395.3531,0.00395337,0.00379523,395.3531,9488.4745,0.00379523,395.3531,395.3531,395.3531,395.3531,395.3531,9488.4745,0.00379523,1976.7655,1824.8244,7907.0621,8059.0032,0.00316269,0.00322347,0.00015813,212.5216,219.9480,0.9532,119.0823,2.3972,30121.7335,124.9277,49.0469,238.9093,36.5364,75.9244,374.9013,749.8027,789.266,1183.8989,75.8035,-1.1839,10.395423,15.593133,2.799122,29,215,300,5,0.03207536,0.00395337,0.05088190,0E-8,0.000000,0.912219,0.000000,-0.04848366,2026-03-31,2026-08-01,83,4123,1621,124,0.669355,0.205295,0.230786,0.106918,,,,,,,,GLOBAL_BASELINE_NO_ENTITY_RANKING,,,NOT_APPLICABLE_GLOBAL_BASELINE,HF9g-P5,,,,X 全窗基线 · 不参与实体赏罚,15055309,1506,A168_HF9F_20260827_0900,2026-08-27 09:00:00
2026-05-13,92755421,2244,0,80.8997632202,-3.9463299132,-3.9463299132,0.5000000,3,2,0.48865260952375501,0.381345450000,0.03210353559540759,0.3454745057990616,0.03210353559540759,0.10730715952375501,ELIGIBLE,R03b_20260811_FULL_v1,L1_ELIGIBILITY,v2026-08-11,2026-03-21..2026-08-06,baccarat_bet02_101_all_pairs_incl_sentinel,round_win = game_pnl > 0 (decisive only),COMPATIBILITY_ONLY_NOT_PRODUCTION,2500103.8841,2280641.3266,9883.8276,11764,10369,-0.00395337,-0.05088190,-0.00239824,-0.00395337,-9883.8276,2500103.8841,OK,0.0000,395.3531,4.0000,96.0000,AG03-UNRESOLVED,ALL5_LEVELS_bet23_to_bet27,395.3531,395.3531,395.3531,395.3531,395.3531,4.000000,4.000000,4.000000,4.000000,4.000000,96.000000,96.000000,96.000000,96.000000,96.000000,5.0,1976.7655,1824.8244,7907.0621,8059.0032,PENDING_AG03,FALSE,NOT_FOR_ENFORCEMENT,9488.4745,2189415.6736,9883.8276,9488.4745,395.3531,0.00395337,0.00379523,395.3531,9488.4745,0.00379523,395.3531,395.3531,395.3531,395.3531,395.3531,9488.4745,0.00379523,1976.7655,1824.8244,7907.0621,8059.0032,0.00316269,0.00322347,0.00015813,212.5216,219.9480,0.9532,119.0823,2.3972,30121.7335,124.9277,49.0469,238.9093,36.5364,75.9244,374.9013,749.8027,789.266,1183.8989,75.8035,-1.1839,10.395423,15.593133,2.799122,29,215,300,5,0.03207536,0.00395337,0.05088190,0E-8,0.000000,0.912219,0.000000,-0.04848366,2026-03-31,2026-08-01,83,4123,1621,124,0.669355,0.205295,0.230786,0.106918,,,,,,,,GLOBAL_BASELINE_NO_ENTITY_RANKING,,,NOT_APPLICABLE_GLOBAL_BASELINE,HF9g-P5,,,,X 全窗基线 · 不参与实体赏罚,15055310,1506,A168_HF9F_20260827_0900,2026-08-27 09:00:00
2026-05-13,92755421,986,0,39.4632991318,-39.4632991318,-39.4632991318,0E-7,1,1,0.50665070000000000,0.506650700000,-1.013391052207602,-1.013391052207602,-1.013391052207602,0E-17,ELIGIBLE,R03b_20260811_FULL_v1,L1_ELIGIBILITY,v2026-08-11,2026-03-21..2026-08-06,baccarat_bet02_101_all_pairs_incl_sentinel,round_win = game_pnl > 0 (decisive only),COMPATIBILITY_ONLY_NOT_PRODUCTION,2500103.8841,2280641.3266,9883.8276,11764,10369,-0.00395337,-0.05088190,-0.00239824,-0.00395337,-9883.8276,2500103.8841,OK,0.0000,395.3531,4.0000,96.0000,AG03-UNRESOLVED,ALL5_LEVELS_bet23_to_bet27,395.3531,395.3531,395.3531,395.3531,395.3531,4.000000,4.000000,4.000000,4.000000,4.000000,96.000000,96.000000,96.000000,96.000000,96.000000,5.0,1976.7655,1824.8244,7907.0621,8059.0032,PENDING_AG03,FALSE,NOT_FOR_ENFORCEMENT,9488.4745,2189415.6736,9883.8276,9488.4745,395.3531,0.00395337,0.00379523,395.3531,9488.4745,0.00379523,395.3531,395.3531,395.3531,395.3531,395.3531,9488.4745,0.00379523,1976.7655,1824.8244,7907.0621,8059.0032,0.00316269,0.00322347,0.00015813,212.5216,219.9480,0.9532,119.0823,2.3972,30121.7335,124.9277,49.0469,238.9093,36.5364,75.9244,374.9013,749.8027,789.266,1183.8989,75.8035,-1.1839,10.395423,15.593133,2.799122,29,215,300,5,0.03207536,0.00395337,0.05088190,0E-8,0.000000,0.912219,0.000000,-0.04848366,2026-03-31,2026-08-01,83,4123,1621,124,0.669355,0.205295,0.230786,0.106918,,,,,,,,GLOBAL_BASELINE_NO_ENTITY_RANKING,,,NOT_APPLICABLE_GLOBAL_BASELINE,HF9g-P5,,,,X 全窗基线 · 不参与实体赏罚,15055311,1506,A168_HF9F_20260827_0900,2026-08-27 09:00:00
2026-05-14,92755421,-1,1,1825.9668508284,-94.6132596686,-94.6132596686,0.4814815,29,27,0.49752333900990884,0.481632603704,-0.16671391893087983,-0.001571568936210292,-0.16671391893087983,0.01589073530590884,SENTINEL_DEALER,R03b_20260811_FULL_v1,L1_ELIGIBILITY,v2026-08-11,2026-03-21..2026-08-06,baccarat_bet02_101_all_pairs_incl_sentinel,round_win = game_pnl > 0 (decisive only),COMPATIBILITY_ONLY_NOT_PRODUCTION,2500103.8841,2280641.3266,9883.8276,11764,10369,-0.00395337,-0.05088190,-0.00239824,-0.00395337,-9883.8276,2500103.8841,OK,0.0000,395.3531,4.0000,96.0000,AG03-UNRESOLVED,ALL5_LEVELS_bet23_to_bet27,395.3531,395.3531,395.3531,395.3531,395.3531,4.000000,4.000000,4.000000,4.000000,4.000000,96.000000,96.000000,96.000000,96.000000,96.000000,5.0,1976.7655,1824.8244,7907.0621,8059.0032,PENDING_AG03,FALSE,NOT_FOR_ENFORCEMENT,9488.4745,2189415.6736,9883.8276,9488.4745,395.3531,0.00395337,0.00379523,395.3531,9488.4745,0.00379523,395.3531,395.3531,395.3531,395.3531,395.3531,9488.4745,0.00379523,1976.7655,1824.8244,7907.0621,8059.0032,0.00316269,0.00322347,0.00015813,212.5216,219.9480,0.9532,119.0823,2.3972,30121.7335,124.9277,49.0469,238.9093,36.5364,75.9244,374.9013,749.8027,789.266,1183.8989,75.8035,-1.1839,10.395423,15.593133,2.799122,29,215,300,5,0.03207536,0.00395337,0.05088190,0E-8,0.000000,0.912219,0.000000,-0.04848366,2026-03-31,2026-08-01,83,4123,1621,124,0.669355,0.205295,0.230786,0.106918,,,,,,,,GLOBAL_BASELINE_NO_ENTITY_RANKING,,,NOT_APPLICABLE_GLOBAL_BASELINE,HF9g-P5,,,,X 全窗基线 · 不参与实体赏罚,15055312,1506,A168_HF9F_20260827_0900,2026-08-27 09:00:00
2026-05-14,92755421,1094,0,19.7316495659,-19.7316495659,-19.7316495659,0E-7,1,1,0.50665070000000000,0.506650700000,-1.013391052207602,-1.013391052207602,-1.013391052207602,0E-17,ELIGIBLE,R03b_20260811_FULL_v1,L1_ELIGIBILITY,v2026-08-11,2026-03-21..2026-08-06,baccarat_bet02_101_all_pairs_incl_sentinel,round_win = game_pnl > 0 (decisive only),COMPATIBILITY_ONLY_NOT_PRODUCTION,2500103.8841,2280641.3266,9883.8276,11764,10369,-0.00395337,-0.05088190,-0.00239824,-0.00395337,-9883.8276,2500103.8841,OK,0.0000,395.3531,4.0000,96.0000,AG03-UNRESOLVED,ALL5_LEVELS_bet23_to_bet27,395.3531,395.3531,395.3531,395.3531,395.3531,4.000000,4.000000,4.000000,4.000000,4.000000,96.000000,96.000000,96.000000,96.000000,96.000000,5.0,1976.7655,1824.8244,7907.0621,8059.0032,PENDING_AG03,FALSE,NOT_FOR_ENFORCEMENT,9488.4745,2189415.6736,9883.8276,9488.4745,395.3531,0.00395337,0.00379523,395.3531,9488.4745,0.00379523,395.3531,395.3531,395.3531,395.3531,395.3531,9488.4745,0.00379523,1976.7655,1824.8244,7907.0621,8059.0032,0.00316269,0.00322347,0.00015813,212.5216,219.9480,0.9532,119.0823,2.3972,30121.7335,124.9277,49.0469,238.9093,36.5364,75.9244,374.9013,749.8027,789.266,1183.8989,75.8035,-1.1839,10.395423,15.593133,2.799122,29,215,300,5,0.03207536,0.00395337,0.05088190,0E-8,0.000000,0.912219,0.000000,-0.04848366,2026-03-31,2026-08-01,83,4123,1621,124,0.669355,0.205295,0.230786,0.106918,,,,,,,,GLOBAL_BASELINE_NO_ENTITY_RANKING,,,NOT_APPLICABLE_GLOBAL_BASELINE,HF9g-P5,,,,X 全窗基线 · 不参与实体赏罚,15055313,1506,A168_HF9F_20260827_0900,2026-08-27 09:00:00
2026-05-14,92755421,1222,0,157.8531965272,-157.8531965272,-157.8531965272,0E-7,2,2,0.49994810000000000,0.499948100000,-1.4140667746232096,-1.4140667746232096,-1.4140667746232096,0E-17,ELIGIBLE,R03b_20260811_FULL_v1,L1_ELIGIBILITY,v2026-08-11,2026-03-21..2026-08-06,baccarat_bet02_101_all_pairs_incl_sentinel,round_win = game_pnl > 0 (decisive only),COMPATIBILITY_ONLY_NOT_PRODUCTION,2500103.8841,2280641.3266,9883.8276,11764,10369,-0.00395337,-0.05088190,-0.00239824,-0.00395337,-9883.8276,2500103.8841,OK,0.0000,395.3531,4.0000,96.0000,AG03-UNRESOLVED,ALL5_LEVELS_bet23_to_bet27,395.3531,395.3531,395.3531,395.3531,395.3531,4.000000,4.000000,4.000000,4.000000,4.000000,96.000000,96.000000,96.000000,96.000000,96.000000,5.0,1976.7655,1824.8244,7907.0621,8059.0032,PENDING_AG03,FALSE,NOT_FOR_ENFORCEMENT,9488.4745,2189415.6736,9883.8276,9488.4745,395.3531,0.00395337,0.00379523,395.3531,9488.4745,0.00379523,395.3531,395.3531,395.3531,395.3531,395.3531,9488.4745,0.00379523,1976.7655,1824.8244,7907.0621,8059.0032,0.00316269,0.00322347,0.00015813,212.5216,219.9480,0.9532,119.0823,2.3972,30121.7335,124.9277,49.0469,238.9093,36.5364,75.9244,374.9013,749.8027,789.266,1183.8989,75.8035,-1.1839,10.395423,15.593133,2.799122,29,215,300,5,0.03207536,0.00395337,0.05088190,0E-8,0.000000,0.912219,0.000000,-0.04848366,2026-03-31,2026-08-01,83,4123,1621,124,0.669355,0.205295,0.230786,0.106918,,,,,,,,GLOBAL_BASELINE_NO_ENTITY_RANKING,,,NOT_APPLICABLE_GLOBAL_BASELINE,HF9g-P5,,,,X 全窗基线 · 不参与实体赏罚,15055314,1506,A168_HF9F_20260827_0900,2026-08-27 09:00:00
2026-05-14,92755421,1304,0,74.9802683504,-74.9802683504,-74.9802683504,0E-7,1,1,0.50665070000000000,0.506650700000,-1.013391052207602,-1.013391052207602,-1.013391052207602,0E-17,ELIGIBLE,R03b_20260811_FULL_v1,L1_ELIGIBILITY,v2026-08-11,2026-03-21..2026-08-06,baccarat_bet02_101_all_pairs_incl_sentinel,round_win = game_pnl > 0 (decisive only),COMPATIBILITY_ONLY_NOT_PRODUCTION,2500103.8841,2280641.3266,9883.8276,11764,10369,-0.00395337,-0.05088190,-0.00239824,-0.00395337,-9883.8276,2500103.8841,OK,0.0000,395.3531,4.0000,96.0000,AG03-UNRESOLVED,ALL5_LEVELS_bet23_to_bet27,395.3531,395.3531,395.3531,395.3531,395.3531,4.000000,4.000000,4.000000,4.000000,4.000000,96.000000,96.000000,96.000000,96.000000,96.000000,5.0,1976.7655,1824.8244,7907.0621,8059.0032,PENDING_AG03,FALSE,NOT_FOR_ENFORCEMENT,9488.4745,2189415.6736,9883.8276,9488.4745,395.3531,0.00395337,0.00379523,395.3531,9488.4745,0.00379523,395.3531,395.3531,395.3531,395.3531,395.3531,9488.4745,0.00379523,1976.7655,1824.8244,7907.0621,8059.0032,0.00316269,0.00322347,0.00015813,212.5216,219.9480,0.9532,119.0823,2.3972,30121.7335,124.9277,49.0469,238.9093,36.5364,75.9244,374.9013,749.8027,789.266,1183.8989,75.8035,-1.1839,10.395423,15.593133,2.799122,29,215,300,5,0.03207536,0.00395337,0.05088190,0E-8,0.000000,0.912219,0.000000,-0.04848366,2026-03-31,2026-08-01,83,4123,1621,124,0.669355,0.205295,0.230786,0.106918,,,,,,,,GLOBAL_BASELINE_NO_ENTITY_RANKING,,,NOT_APPLICABLE_GLOBAL_BASELINE,HF9g-P5,,,,X 全窗基线 · 不参与实体赏罚,15055315,1506,A168_HF9F_20260827_0900,2026-08-27 09:00:00
2026-05-14,92755421,1399,0,157.8531965272,0E-10,0E-10,0.5000000,2,2,0.49994810000000000,0.499948100000,0.00014679536856514622,0.00014679536856514622,0.00014679536856514622,0E-17,ELIGIBLE,R03b_20260811_FULL_v1,L1_ELIGIBILITY,v2026-08-11,2026-03-21..2026-08-06,baccarat_bet02_101_all_pairs_incl_sentinel,round_win = game_pnl > 0 (decisive only),COMPATIBILITY_ONLY_NOT_PRODUCTION,2500103.8841,2280641.3266,9883.8276,11764,10369,-0.00395337,-0.05088190,-0.00239824,-0.00395337,-9883.8276,2500103.8841,OK,0.0000,395.3531,4.0000,96.0000,AG03-UNRESOLVED,ALL5_LEVELS_bet23_to_bet27,395.3531,395.3531,395.3531,395.3531,395.3531,4.000000,4.000000,4.000000,4.000000,4.000000,96.000000,96.000000,96.000000,96.000000,96.000000,5.0,1976.7655,1824.8244,7907.0621,8059.0032,PENDING_AG03,FALSE,NOT_FOR_ENFORCEMENT,9488.4745,2189415.6736,9883.8276,9488.4745,395.3531,0.00395337,0.00379523,395.3531,9488.4745,0.00379523,395.3531,395.3531,395.3531,395.3531,395.3531,9488.4745,0.00379523,1976.7655,1824.8244,7907.0621,8059.0032,0.00316269,0.00322347,0.00015813,212.5216,219.9480,0.9532,119.0823,2.3972,30121.7335,124.9277,49.0469,238.9093,36.5364,75.9244,374.9013,749.8027,789.266,1183.8989,75.8035,-1.1839,10.395423,15.593133,2.799122,29,215,300,5,0.03207536,0.00395337,0.05088190,0E-8,0.000000,0.912219,0.000000,-0.04848366,2026-03-31,2026-08-01,83,4123,1621,124,0.669355,0.205295,0.230786,0.106918,,,,,,,,GLOBAL_BASELINE_NO_ENTITY_RANKING,,,NOT_APPLICABLE_GLOBAL_BASELINE,HF9g-P5,,,,X 全窗基线 · 不参与实体赏罚,15055316,1506,A168_HF9F_20260827_0900,2026-08-27 09:00:00
2026-05-14,92755421,1405,0,276.2430939226,114.4435674822,114.4435674822,0.7500000,4,4,0.49994810000000000,0.499948100000,1.0002076053883384,1.0002076053883384,1.0002076053883384,0E-17,ELIGIBLE,R03b_20260811_FULL_v1,L1_ELIGIBILITY,v2026-08-11,2026-03-21..2026-08-06,baccarat_bet02_101_all_pairs_incl_sentinel,round_win = game_pnl > 0 (decisive only),COMPATIBILITY_ONLY_NOT_PRODUCTION,2500103.8841,2280641.3266,9883.8276,11764,10369,-0.00395337,-0.05088190,-0.00239824,-0.00395337,-9883.8276,2500103.8841,OK,0.0000,395.3531,4.0000,96.0000,AG03-UNRESOLVED,ALL5_LEVELS_bet23_to_bet27,395.3531,395.3531,395.3531,395.3531,395.3531,4.000000,4.000000,4.000000,4.000000,4.000000,96.000000,96.000000,96.000000,96.000000,96.000000,5.0,1976.7655,1824.8244,7907.0621,8059.0032,PENDING_AG03,FALSE,NOT_FOR_ENFORCEMENT,9488.4745,2189415.6736,9883.8276,9488.4745,395.3531,0.00395337,0.00379523,395.3531,9488.4745,0.00379523,395.3531,395.3531,395.3531,395.3531,395.3531,9488.4745,0.00379523,1976.7655,1824.8244,7907.0621,8059.0032,0.00316269,0.00322347,0.00015813,212.5216,219.9480,0.9532,119.0823,2.3972,30121.7335,124.9277,49.0469,238.9093,36.5364,75.9244,374.9013,749.8027,789.266,1183.8989,75.8035,-1.1839,10.395423,15.593133,2.799122,29,215,300,5,0.03207536,0.00395337,0.05088190,0E-8,0.000000,0.912219,0.000000,-0.04848366,2026-03-31,2026-08-01,83,4123,1621,124,0.669355,0.205295,0.230786,0.106918,,,,,,,,GLOBAL_BASELINE_NO_ENTITY_RANKING,,,NOT_APPLICABLE_GLOBAL_BASELINE,HF9g-P5,,,,X 全窗基线 · 不参与实体赏罚,15055317,1506,A168_HF9F_20260827_0900,2026-08-27 09:00:00
2026-05-14,92755421,1509,0,161.7995264404,-161.7995264404,-161.7995264404,0E-7,3,2,0.48195000952375501,0.374642850000,-1.3640495900723832,-1.0946106322994384,-1.3640495900723832,0.10730715952375501,ELIGIBLE,R03b_20260811_FULL_v1,L1_ELIGIBILITY,v2026-08-11,2026-03-21..2026-08-06,baccarat_bet02_101_all_pairs_incl_sentinel,round_win = game_pnl > 0 (decisive only),COMPATIBILITY_ONLY_NOT_PRODUCTION,2500103.8841,2280641.3266,9883.8276,11764,10369,-0.00395337,-0.05088190,-0.00239824,-0.00395337,-9883.8276,2500103.8841,OK,0.0000,395.3531,4.0000,96.0000,AG03-UNRESOLVED,ALL5_LEVELS_bet23_to_bet27,395.3531,395.3531,395.3531,395.3531,395.3531,4.000000,4.000000,4.000000,4.000000,4.000000,96.000000,96.000000,96.000000,96.000000,96.000000,5.0,1976.7655,1824.8244,7907.0621,8059.0032,PENDING_AG03,FALSE,NOT_FOR_ENFORCEMENT,9488.4745,2189415.6736,9883.8276,9488.4745,395.3531,0.00395337,0.00379523,395.3531,9488.4745,0.00379523,395.3531,395.3531,395.3531,395.3531,395.3531,9488.4745,0.00379523,1976.7655,1824.8244,7907.0621,8059.0032,0.00316269,0.00322347,0.00015813,212.5216,219.9480,0.9532,119.0823,2.3972,30121.7335,124.9277,49.0469,238.9093,36.5364,75.9244,374.9013,749.8027,789.266,1183.8989,75.8035,-1.1839,10.395423,15.593133,2.799122,29,215,300,5,0.03207536,0.00395337,0.05088190,0E-8,0.000000,0.912219,0.000000,-0.04848366,2026-03-31,2026-08-01,83,4123,1621,124,0.669355,0.205295,0.230786,0.106918,,,,,,,,GLOBAL_BASELINE_NO_ENTITY_RANKING,,,NOT_APPLICABLE_GLOBAL_BASELINE,HF9g-P5,,,,X 全窗基线 · 不参与实体赏罚,15055318,1506,A168_HF9F_20260827_0900,2026-08-27 09:00:00
2026-05-14,92755421,1646,0,159.8263614838,-1.9731649566,-1.9731649566,0.5000000,3,2,0.49416260487802018,0.381345450000,0.01651177202248301,0.3454745057990616,0.01651177202248301,0.11281715487802018,ELIGIBLE,R03b_20260811_FULL_v1,L1_ELIGIBILITY,v2026-08-11,2026-03-21..2026-08-06,baccarat_bet02_101_all_pairs_incl_sentinel,round_win = game_pnl > 0 (decisive only),COMPATIBILITY_ONLY_NOT_PRODUCTION,2500103.8841,2280641.3266,9883.8276,11764,10369,-0.00395337,-0.05088190,-0.00239824,-0.00395337,-9883.8276,2500103.8841,OK,0.0000,395.3531,4.0000,96.0000,AG03-UNRESOLVED,ALL5_LEVELS_bet23_to_bet27,395.3531,395.3531,395.3531,395.3531,395.3531,4.000000,4.000000,4.000000,4.000000,4.000000,96.000000,96.000000,96.000000,96.000000,96.000000,5.0,1976.7655,1824.8244,7907.0621,8059.0032,PENDING_AG03,FALSE,NOT_FOR_ENFORCEMENT,9488.4745,2189415.6736,9883.8276,9488.4745,395.3531,0.00395337,0.00379523,395.3531,9488.4745,0.00379523,395.3531,395.3531,395.3531,395.3531,395.3531,9488.4745,0.00379523,1976.7655,1824.8244,7907.0621,8059.0032,0.00316269,0.00322347,0.00015813,212.5216,219.9480,0.9532,119.0823,2.3972,30121.7335,124.9277,49.0469,238.9093,36.5364,75.9244,374.9013,749.8027,789.266,1183.8989,75.8035,-1.1839,10.395423,15.593133,2.799122,29,215,300,5,0.03207536,0.00395337,0.05088190,0E-8,0.000000,0.912219,0.000000,-0.04848366,2026-03-31,2026-08-01,83,4123,1621,124,0.669355,0.205295,0.230786,0.106918,,,,,,,,GLOBAL_BASELINE_NO_ENTITY_RANKING,,,NOT_APPLICABLE_GLOBAL_BASELINE,HF9g-P5,,,,X 全窗基线 · 不参与实体赏罚,15055319,1506,A168_HF9F_20260827_0900,2026-08-27 09:00:00
2026-05-14,92755421,1703,0,364.2462509866,177.1902131019,177.1902131019,0.8000000,8,5,0.49504522837997514,0.357624920000,1.3638661656336633,2.0637991399404063,1.3638661656336633,0.13742030837997514,ELIGIBLE,R03b_20260811_FULL_v1,L1_ELIGIBILITY,v2026-08-11,2026-03-21..2026-08-06,baccarat_bet02_101_all_pairs_incl_sentinel,round_win = game_pnl > 0 (decisive only),COMPATIBILITY_ONLY_NOT_PRODUCTION,2500103.8841,2280641.3266,9883.8276,11764,10369,-0.00395337,-0.05088190,-0.00239824,-0.00395337,-9883.8276,2500103.8841,OK,0.0000,395.3531,4.0000,96.0000,AG03-UNRESOLVED,ALL5_LEVELS_bet23_to_bet27,395.3531,395.3531,395.3531,395.3531,395.3531,4.000000,4.000000,4.000000,4.000000,4.000000,96.000000,96.000000,96.000000,96.000000,96.000000,5.0,1976.7655,1824.8244,7907.0621,8059.0032,PENDING_AG03,FALSE,NOT_FOR_ENFORCEMENT,9488.4745,2189415.6736,9883.8276,9488.4745,395.3531,0.00395337,0.00379523,395.3531,9488.4745,0.00379523,395.3531,395.3531,395.3531,395.3531,395.3531,9488.4745,0.00379523,1976.7655,1824.8244,7907.0621,8059.0032,0.00316269,0.00322347,0.00015813,212.5216,219.9480,0.9532,119.0823,2.3972,30121.7335,124.9277,49.0469,238.9093,36.5364,75.9244,374.9013,749.8027,789.266,1183.8989,75.8035,-1.1839,10.395423,15.593133,2.799122,29,215,300,5,0.03207536,0.00395337,0.05088190,0E-8,0.000000,0.912219,0.000000,-0.04848366,2026-03-31,2026-08-01,83,4123,1621,124,0.669355,0.205295,0.230786,0.106918,,,,,,,,GLOBAL_BASELINE_NO_ENTITY_RANKING,,,NOT_APPLICABLE_GLOBAL_BASELINE,HF9g-P5,,,,X 全窗基线 · 不参与实体赏罚,15055320,1506,A168_HF9F_20260827_0900,2026-08-27 09:00:00
2026-05-14,92755421,1704,0,42.6203630623,-42.6203630623,-42.6203630623,0E-7,2,1,0.45810397407452756,0.256040200000,-0.9194413823200199,-0.5866503638730671,-0.9194413823200199,0.20206377407452756,ELIGIBLE,R03b_20260811_FULL_v1,L1_ELIGIBILITY,v2026-08-11,2026-03-21..2026-08-06,baccarat_bet02_101_all_pairs_incl_sentinel,round_win = game_pnl > 0 (decisive only),COMPATIBILITY_ONLY_NOT_PRODUCTION,2500103.8841,2280641.3266,9883.8276,11764,10369,-0.00395337,-0.05088190,-0.00239824,-0.00395337,-9883.8276,2500103.8841,OK,0.0000,395.3531,4.0000,96.0000,AG03-UNRESOLVED,ALL5_LEVELS_bet23_to_bet27,395.3531,395.3531,395.3531,395.3531,395.3531,4.000000,4.000000,4.000000,4.000000,4.000000,96.000000,96.000000,96.000000,96.000000,96.000000,5.0,1976.7655,1824.8244,7907.0621,8059.0032,PENDING_AG03,FALSE,NOT_FOR_ENFORCEMENT,9488.4745,2189415.6736,9883.8276,9488.4745,395.3531,0.00395337,0.00379523,395.3531,9488.4745,0.00379523,395.3531,395.3531,395.3531,395.3531,395.3531,9488.4745,0.00379523,1976.7655,1824.8244,7907.0621,8059.0032,0.00316269,0.00322347,0.00015813,212.5216,219.9480,0.9532,119.0823,2.3972,30121.7335,124.9277,49.0469,238.9093,36.5364,75.9244,374.9013,749.8027,789.266,1183.8989,75.8035,-1.1839,10.395423,15.593133,2.799122,29,215,300,5,0.03207536,0.00395337,0.05088190,0E-8,0.000000,0.912219,0.000000,-0.04848366,2026-03-31,2026-08-01,83,4123,1621,124,0.669355,0.205295,0.230786,0.106918,,,,,,,,GLOBAL_BASELINE_NO_ENTITY_RANKING,,,NOT_APPLICABLE_GLOBAL_BASELINE,HF9g-P5,,,,X 全窗基线 · 不参与实体赏罚,15055321,1506,A168_HF9F_20260827_0900,2026-08-27 09:00:00
2026-05-14,92755421,1710,0,78.9265982636,-78.9265982636,-78.9265982636,0E-7,1,1,0.50665070000000000,0.506650700000,-1.013391052207602,-1.013391052207602,-1.013391052207602,0E-17,ELIGIBLE,R03b_20260811_FULL_v1,L1_ELIGIBILITY,v2026-08-11,2026-03-21..2026-08-06,baccarat_bet02_101_all_pairs_incl_sentinel,round_win = game_pnl > 0 (decisive only),COMPATIBILITY_ONLY_NOT_PRODUCTION,2500103.8841,2280641.3266,9883.8276,11764,10369,-0.00395337,-0.05088190,-0.00239824,-0.00395337,-9883.8276,2500103.8841,OK,0.0000,395.3531,4.0000,96.0000,AG03-UNRESOLVED,ALL5_LEVELS_bet23_to_bet27,395.3531,395.3531,395.3531,395.3531,395.3531,4.000000,4.000000,4.000000,4.000000,4.000000,96.000000,96.000000,96.000000,96.000000,96.000000,5.0,1976.7655,1824.8244,7907.0621,8059.0032,PENDING_AG03,FALSE,NOT_FOR_ENFORCEMENT,9488.4745,2189415.6736,9883.8276,9488.4745,395.3531,0.00395337,0.00379523,395.3531,9488.4745,0.00379523,395.3531,395.3531,395.3531,395.3531,395.3531,9488.4745,0.00379523,1976.7655,1824.8244,7907.0621,8059.0032,0.00316269,0.00322347,0.00015813,212.5216,219.9480,0.9532,119.0823,2.3972,30121.7335,124.9277,49.0469,238.9093,36.5364,75.9244,374.9013,749.8027,789.266,1183.8989,75.8035,-1.1839,10.395423,15.593133,2.799122,29,215,300,5,0.03207536,0.00395337,0.05088190,0E-8,0.000000,0.912219,0.000000,-0.04848366,2026-03-31,2026-08-01,83,4123,1621,124,0.669355,0.205295,0.230786,0.106918,,,,,,,,GLOBAL_BASELINE_NO_ENTITY_RANKING,,,NOT_APPLICABLE_GLOBAL_BASELINE,HF9g-P5,,,,X 全窗基线 · 不参与实体赏罚,15055322,1506,A168_HF9F_20260827_0900,2026-08-27 09:00:00
2026-05-14,92755421,1935,0,295.9747434885,79.1239147592,79.1239147592,0.6666667,4,4,0.50329940000000000,0.503299400000,0.5659331339966515,0.5659331339966515,0.5659331339966515,0E-17,ELIGIBLE,R03b_20260811_FULL_v1,L1_ELIGIBILITY,v2026-08-11,2026-03-21..2026-08-06,baccarat_bet02_101_all_pairs_incl_sentinel,round_win = game_pnl > 0 (decisive only),COMPATIBILITY_ONLY_NOT_PRODUCTION,2500103.8841,2280641.3266,9883.8276,11764,10369,-0.00395337,-0.05088190,-0.00239824,-0.00395337,-9883.8276,2500103.8841,OK,0.0000,395.3531,4.0000,96.0000,AG03-UNRESOLVED,ALL5_LEVELS_bet23_to_bet27,395.3531,395.3531,395.3531,395.3531,395.3531,4.000000,4.000000,4.000000,4.000000,4.000000,96.000000,96.000000,96.000000,96.000000,96.000000,5.0,1976.7655,1824.8244,7907.0621,8059.0032,PENDING_AG03,FALSE,NOT_FOR_ENFORCEMENT,9488.4745,2189415.6736,9883.8276,9488.4745,395.3531,0.00395337,0.00379523,395.3531,9488.4745,0.00379523,395.3531,395.3531,395.3531,395.3531,395.3531,9488.4745,0.00379523,1976.7655,1824.8244,7907.0621,8059.0032,0.00316269,0.00322347,0.00015813,212.5216,219.9480,0.9532,119.0823,2.3972,30121.7335,124.9277,49.0469,238.9093,36.5364,75.9244,374.9013,749.8027,789.266,1183.8989,75.8035,-1.1839,10.395423,15.593133,2.799122,29,215,300,5,0.03207536,0.00395337,0.05088190,0E-8,0.000000,0.912219,0.000000,-0.04848366,2026-03-31,2026-08-01,83,4123,1621,124,0.669355,0.205295,0.230786,0.106918,,,,,,,,GLOBAL_BASELINE_NO_ENTITY_RANKING,,,NOT_APPLICABLE_GLOBAL_BASELINE,HF9g-P5,,,,X 全窗基线 · 不参与实体赏罚,15055323,1506,A168_HF9F_20260827_0900,2026-08-27 09:00:00
2026-05-14,92755421,1947,0,473.5595895816,0E-10,0E-10,0.5000000,6,6,0.49547970000000000,0.495479700000,0.012785861652555769,0.012785861652555769,0.012785861652555769,0E-17,ELIGIBLE,R03b_20260811_FULL_v1,L1_ELIGIBILITY,v2026-08-11,2026-03-21..2026-08-06,baccarat_bet02_101_all_pairs_incl_sentinel,round_win = game_pnl > 0 (decisive only),COMPATIBILITY_ONLY_NOT_PRODUCTION,2500103.8841,2280641.3266,9883.8276,11764,10369,-0.00395337,-0.05088190,-0.00239824,-0.00395337,-9883.8276,2500103.8841,OK,0.0000,395.3531,4.0000,96.0000,AG03-UNRESOLVED,ALL5_LEVELS_bet23_to_bet27,395.3531,395.3531,395.3531,395.3531,395.3531,4.000000,4.000000,4.000000,4.000000,4.000000,96.000000,96.000000,96.000000,96.000000,96.000000,5.0,1976.7655,1824.8244,7907.0621,8059.0032,PENDING_AG03,FALSE,NOT_FOR_ENFORCEMENT,9488.4745,2189415.6736,9883.8276,9488.4745,395.3531,0.00395337,0.00379523,395.3531,9488.4745,0.00379523,395.3531,395.3531,395.3531,395.3531,395.3531,9488.4745,0.00379523,1976.7655,1824.8244,7907.0621,8059.0032,0.00316269,0.00322347,0.00015813,212.5216,219.9480,0.9532,119.0823,2.3972,30121.7335,124.9277,49.0469,238.9093,36.5364,75.9244,374.9013,749.8027,789.266,1183.8989,75.8035,-1.1839,10.395423,15.593133,2.799122,29,215,300,5,0.03207536,0.00395337,0.05088190,0E-8,0.000000,0.912219,0.000000,-0.04848366,2026-03-31,2026-08-01,83,4123,1621,124,0.669355,0.205295,0.230786,0.106918,,,,,,,,GLOBAL_BASELINE_NO_ENTITY_RANKING,,,NOT_APPLICABLE_GLOBAL_BASELINE,HF9g-P5,,,,X 全窗基线 · 不参与实体赏罚,15055324,1506,A168_HF9F_20260827_0900,2026-08-27 09:00:00
2026-05-14,92755421,1951,0,383.9779005525,77.7426992895,77.7426992895,0.6666667,7,6,0.49871905699477132,0.460413883333,0.8227745944787154,1.013609924677443,0.8227745944787154,0.03830517366177132,ELIGIBLE,R03b_20260811_FULL_v1,L1_ELIGIBILITY,v2026-08-11,2026-03-21..2026-08-06,baccarat_bet02_101_all_pairs_incl_sentinel,round_win = game_pnl > 0 (decisive only),COMPATIBILITY_ONLY_NOT_PRODUCTION,2500103.8841,2280641.3266,9883.8276,11764,10369,-0.00395337,-0.05088190,-0.00239824,-0.00395337,-9883.8276,2500103.8841,OK,0.0000,395.3531,4.0000,96.0000,AG03-UNRESOLVED,ALL5_LEVELS_bet23_to_bet27,395.3531,395.3531,395.3531,395.3531,395.3531,4.000000,4.000000,4.000000,4.000000,4.000000,96.000000,96.000000,96.000000,96.000000,96.000000,5.0,1976.7655,1824.8244,7907.0621,8059.0032,PENDING_AG03,FALSE,NOT_FOR_ENFORCEMENT,9488.4745,2189415.6736,9883.8276,9488.4745,395.3531,0.00395337,0.00379523,395.3531,9488.4745,0.00379523,395.3531,395.3531,395.3531,395.3531,395.3531,9488.4745,0.00379523,1976.7655,1824.8244,7907.0621,8059.0032,0.00316269,0.00322347,0.00015813,212.5216,219.9480,0.9532,119.0823,2.3972,30121.7335,124.9277,49.0469,238.9093,36.5364,75.9244,374.9013,749.8027,789.266,1183.8989,75.8035,-1.1839,10.395423,15.593133,2.799122,29,215,300,5,0.03207536,0.00395337,0.05088190,0E-8,0.000000,0.912219,0.000000,-0.04848366,2026-03-31,2026-08-01,83,4123,1621,124,0.669355,0.205295,0.230786,0.106918,,,,,,,,GLOBAL_BASELINE_NO_ENTITY_RANKING,,,NOT_APPLICABLE_GLOBAL_BASELINE,HF9g-P5,,,,X 全窗基线 · 不参与实体赏罚,15055325,1506,A168_HF9F_20260827_0900,2026-08-27 09:00:00
2026-05-14,92755421,1985,0,449.8816101025,-22.6913970008,-22.6913970008,0.5000000,6,6,0.49994810000000000,0.499948100000,0.00025425703667063243,0.00025425703667063243,0.00025425703667063243,0E-17,ELIGIBLE,R03b_20260811_FULL_v1,L1_ELIGIBILITY,v2026-08-11,2026-03-21..2026-08-06,baccarat_bet02_101_all_pairs_incl_sentinel,round_win = game_pnl > 0 (decisive only),COMPATIBILITY_ONLY_NOT_PRODUCTION,2500103.8841,2280641.3266,9883.8276,11764,10369,-0.00395337,-0.05088190,-0.00239824,-0.00395337,-9883.8276,2500103.8841,OK,0.0000,395.3531,4.0000,96.0000,AG03-UNRESOLVED,ALL5_LEVELS_bet23_to_bet27,395.3531,395.3531,395.3531,395.3531,395.3531,4.000000,4.000000,4.000000,4.000000,4.000000,96.000000,96.000000,96.000000,96.000000,96.000000,5.0,1976.7655,1824.8244,7907.0621,8059.0032,PENDING_AG03,FALSE,NOT_FOR_ENFORCEMENT,9488.4745,2189415.6736,9883.8276,9488.4745,395.3531,0.00395337,0.00379523,395.3531,9488.4745,0.00379523,395.3531,395.3531,395.3531,395.3531,395.3531,9488.4745,0.00379523,1976.7655,1824.8244,7907.0621,8059.0032,0.00316269,0.00322347,0.00015813,212.5216,219.9480,0.9532,119.0823,2.3972,30121.7335,124.9277,49.0469,238.9093,36.5364,75.9244,374.9013,749.8027,789.266,1183.8989,75.8035,-1.1839,10.395423,15.593133,2.799122,29,215,300,5,0.03207536,0.00395337,0.05088190,0E-8,0.000000,0.912219,0.000000,-0.04848366,2026-03-31,2026-08-01,83,4123,1621,124,0.669355,0.205295,0.230786,0.106918,,,,,,,,GLOBAL_BASELINE_NO_ENTITY_RANKING,,,NOT_APPLICABLE_GLOBAL_BASELINE,HF9g-P5,,,,X 全窗基线 · 不参与实体赏罚,15055326,1506,A168_HF9F_20260827_0900,2026-08-27 09:00:00
2026-05-14,92755421,2103,0,78.9265982636,-78.9265982636,-78.9265982636,0E-7,1,1,0.50665070000000000,0.506650700000,-1.013391052207602,-1.013391052207602,-1.013391052207602,0E-17,ELIGIBLE,R03b_20260811_FULL_v1,L1_ELIGIBILITY,v2026-08-11,2026-03-21..2026-08-06,baccarat_bet02_101_all_pairs_incl_sentinel,round_win = game_pnl > 0 (decisive only),COMPATIBILITY_ONLY_NOT_PRODUCTION,2500103.8841,2280641.3266,9883.8276,11764,10369,-0.00395337,-0.05088190,-0.00239824,-0.00395337,-9883.8276,2500103.8841,OK,0.0000,395.3531,4.0000,96.0000,AG03-UNRESOLVED,ALL5_LEVELS_bet23_to_bet27,395.3531,395.3531,395.3531,395.3531,395.3531,4.000000,4.000000,4.000000,4.000000,4.000000,96.000000,96.000000,96.000000,96.000000,96.000000,5.0,1976.7655,1824.8244,7907.0621,8059.0032,PENDING_AG03,FALSE,NOT_FOR_ENFORCEMENT,9488.4745,2189415.6736,9883.8276,9488.4745,395.3531,0.00395337,0.00379523,395.3531,9488.4745,0.00379523,395.3531,395.3531,395.3531,395.3531,395.3531,9488.4745,0.00379523,1976.7655,1824.8244,7907.0621,8059.0032,0.00316269,0.00322347,0.00015813,212.5216,219.9480,0.9532,119.0823,2.3972,30121.7335,124.9277,49.0469,238.9093,36.5364,75.9244,374.9013,749.8027,789.266,1183.8989,75.8035,-1.1839,10.395423,15.593133,2.799122,29,215,300,5,0.03207536,0.00395337,0.05088190,0E-8,0.000000,0.912219,0.000000,-0.04848366,2026-03-31,2026-08-01,83,4123,1621,124,0.669355,0.205295,0.230786,0.106918,,,,,,,,GLOBAL_BASELINE_NO_ENTITY_RANKING,,,NOT_APPLICABLE_GLOBAL_BASELINE,HF9g-P5,,,,X 全窗基线 · 不参与实体赏罚,15055327,1506,A168_HF9F_20260827_0900,2026-08-27 09:00:00
2026-05-14,92755421,2117,0,78.9265982636,-78.9265982636,-78.9265982636,0E-7,1,1,0.49324550000000000,0.493245500000,-0.9865810262130424,-0.9865810262130424,-0.9865810262130424,0E-17,ELIGIBLE,R03b_20260811_FULL_v1,L1_ELIGIBILITY,v2026-08-11,2026-03-21..2026-08-06,baccarat_bet02_101_all_pairs_incl_sentinel,round_win = game_pnl > 0 (decisive only),COMPATIBILITY_ONLY_NOT_PRODUCTION,2500103.8841,2280641.3266,9883.8276,11764,10369,-0.00395337,-0.05088190,-0.00239824,-0.00395337,-9883.8276,2500103.8841,OK,0.0000,395.3531,4.0000,96.0000,AG03-UNRESOLVED,ALL5_LEVELS_bet23_to_bet27,395.3531,395.3531,395.3531,395.3531,395.3531,4.000000,4.000000,4.000000,4.000000,4.000000,96.000000,96.000000,96.000000,96.000000,96.000000,5.0,1976.7655,1824.8244,7907.0621,8059.0032,PENDING_AG03,FALSE,NOT_FOR_ENFORCEMENT,9488.4745,2189415.6736,9883.8276,9488.4745,395.3531,0.00395337,0.00379523,395.3531,9488.4745,0.00379523,395.3531,395.3531,395.3531,395.3531,395.3531,9488.4745,0.00379523,1976.7655,1824.8244,7907.0621,8059.0032,0.00316269,0.00322347,0.00015813,212.5216,219.9480,0.9532,119.0823,2.3972,30121.7335,124.9277,49.0469,238.9093,36.5364,75.9244,374.9013,749.8027,789.266,1183.8989,75.8035,-1.1839,10.395423,15.593133,2.799122,29,215,300,5,0.03207536,0.00395337,0.05088190,0E-8,0.000000,0.912219,0.000000,-0.04848366,2026-03-31,2026-08-01,83,4123,1621,124,0.669355,0.205295,0.230786,0.106918,,,,,,,,GLOBAL_BASELINE_NO_ENTITY_RANKING,,,NOT_APPLICABLE_GLOBAL_BASELINE,HF9g-P5,,,,X 全窗基线 · 不参与实体赏罚,15055328,1506,A168_HF9F_20260827_0900,2026-08-27 09:00:00
2026-05-14,92755421,2142,0,520.9155485398,158.2478295185,158.2478295185,0.6666667,7,7,0.49707555714285714,0.497075557143,0.8308375778672678,0.8308375778665665,0.8308375778672678,-1.4286E-13,ELIGIBLE,R03b_20260811_FULL_v1,L1_ELIGIBILITY,v2026-08-11,2026-03-21..2026-08-06,baccarat_bet02_101_all_pairs_incl_sentinel,round_win = game_pnl > 0 (decisive only),COMPATIBILITY_ONLY_NOT_PRODUCTION,2500103.8841,2280641.3266,9883.8276,11764,10369,-0.00395337,-0.05088190,-0.00239824,-0.00395337,-9883.8276,2500103.8841,OK,0.0000,395.3531,4.0000,96.0000,AG03-UNRESOLVED,ALL5_LEVELS_bet23_to_bet27,395.3531,395.3531,395.3531,395.3531,395.3531,4.000000,4.000000,4.000000,4.000000,4.000000,96.000000,96.000000,96.000000,96.000000,96.000000,5.0,1976.7655,1824.8244,7907.0621,8059.0032,PENDING_AG03,FALSE,NOT_FOR_ENFORCEMENT,9488.4745,2189415.6736,9883.8276,9488.4745,395.3531,0.00395337,0.00379523,395.3531,9488.4745,0.00379523,395.3531,395.3531,395.3531,395.3531,395.3531,9488.4745,0.00379523,1976.7655,1824.8244,7907.0621,8059.0032,0.00316269,0.00322347,0.00015813,212.5216,219.9480,0.9532,119.0823,2.3972,30121.7335,124.9277,49.0469,238.9093,36.5364,75.9244,374.9013,749.8027,789.266,1183.8989,75.8035,-1.1839,10.395423,15.593133,2.799122,29,215,300,5,0.03207536,0.00395337,0.05088190,0E-8,0.000000,0.912219,0.000000,-0.04848366,2026-03-31,2026-08-01,83,4123,1621,124,0.669355,0.205295,0.230786,0.106918,,,,,,,,GLOBAL_BASELINE_NO_ENTITY_RANKING,,,NOT_APPLICABLE_GLOBAL_BASELINE,HF9g-P5,,,,X 全窗基线 · 不参与实体赏罚,15055329,1506,A168_HF9F_20260827_0900,2026-08-27 09:00:00
2026-05-14,92755421,2147,0,295.9747434885,138.3188634570,138.3188634570,0.7500000,4,4,0.49994810000000000,0.499948100000,1.0002076053883384,1.0002076053883384,1.0002076053883384,0E-17,ELIGIBLE,R03b_20260811_FULL_v1,L1_ELIGIBILITY,v2026-08-11,2026-03-21..2026-08-06,baccarat_bet02_101_all_pairs_incl_sentinel,round_win = game_pnl > 0 (decisive only),COMPATIBILITY_ONLY_NOT_PRODUCTION,2500103.8841,2280641.3266,9883.8276,11764,10369,-0.00395337,-0.05088190,-0.00239824,-0.00395337,-9883.8276,2500103.8841,OK,0.0000,395.3531,4.0000,96.0000,AG03-UNRESOLVED,ALL5_LEVELS_bet23_to_bet27,395.3531,395.3531,395.3531,395.3531,395.3531,4.000000,4.000000,4.000000,4.000000,4.000000,96.000000,96.000000,96.000000,96.000000,96.000000,5.0,1976.7655,1824.8244,7907.0621,8059.0032,PENDING_AG03,FALSE,NOT_FOR_ENFORCEMENT,9488.4745,2189415.6736,9883.8276,9488.4745,395.3531,0.00395337,0.00379523,395.3531,9488.4745,0.00379523,395.3531,395.3531,395.3531,395.3531,395.3531,9488.4745,0.00379523,1976.7655,1824.8244,7907.0621,8059.0032,0.00316269,0.00322347,0.00015813,212.5216,219.9480,0.9532,119.0823,2.3972,30121.7335,124.9277,49.0469,238.9093,36.5364,75.9244,374.9013,749.8027,789.266,1183.8989,75.8035,-1.1839,10.395423,15.593133,2.799122,29,215,300,5,0.03207536,0.00395337,0.05088190,0E-8,0.000000,0.912219,0.000000,-0.04848366,2026-03-31,2026-08-01,83,4123,1621,124,0.669355,0.205295,0.230786,0.106918,,,,,,,,GLOBAL_BASELINE_NO_ENTITY_RANKING,,,NOT_APPLICABLE_GLOBAL_BASELINE,HF9g-P5,,,,X 全窗基线 · 不参与实体赏罚,15055330,1506,A168_HF9F_20260827_0900,2026-08-27 09:00:00
2026-05-14,92755421,2233,0,323.5990528808,-90.7655880032,-90.7655880032,0.2500000,6,4,0.48833343809518204,0.377994150000,-0.9535933723670027,-0.5279348630802326,-0.9535933723670027,0.11033928809518204,ELIGIBLE,R03b_20260811_FULL_v1,L1_ELIGIBILITY,v2026-08-11,2026-03-21..2026-08-06,baccarat_bet02_101_all_pairs_incl_sentinel,round_win = game_pnl > 0 (decisive only),COMPATIBILITY_ONLY_NOT_PRODUCTION,2500103.8841,2280641.3266,9883.8276,11764,10369,-0.00395337,-0.05088190,-0.00239824,-0.00395337,-9883.8276,2500103.8841,OK,0.0000,395.3531,4.0000,96.0000,AG03-UNRESOLVED,ALL5_LEVELS_bet23_to_bet27,395.3531,395.3531,395.3531,395.3531,395.3531,4.000000,4.000000,4.000000,4.000000,4.000000,96.000000,96.000000,96.000000,96.000000,96.000000,5.0,1976.7655,1824.8244,7907.0621,8059.0032,PENDING_AG03,FALSE,NOT_FOR_ENFORCEMENT,9488.4745,2189415.6736,9883.8276,9488.4745,395.3531,0.00395337,0.00379523,395.3531,9488.4745,0.00379523,395.3531,395.3531,395.3531,395.3531,395.3531,9488.4745,0.00379523,1976.7655,1824.8244,7907.0621,8059.0032,0.00316269,0.00322347,0.00015813,212.5216,219.9480,0.9532,119.0823,2.3972,30121.7335,124.9277,49.0469,238.9093,36.5364,75.9244,374.9013,749.8027,789.266,1183.8989,75.8035,-1.1839,10.395423,15.593133,2.799122,29,215,300,5,0.03207536,0.00395337,0.05088190,0E-8,0.000000,0.912219,0.000000,-0.04848366,2026-03-31,2026-08-01,83,4123,1621,124,0.669355,0.205295,0.230786,0.106918,,,,,,,,GLOBAL_BASELINE_NO_ENTITY_RANKING,,,NOT_APPLICABLE_GLOBAL_BASELINE,HF9g-P5,,,,X 全窗基线 · 不参与实体赏罚,15055331,1506,A168_HF9F_20260827_0900,2026-08-27 09:00:00
2026-05-14,92755421,2241,0,161.7995264404,-161.7995264404,-161.7995264404,0E-7,3,2,0.48833343809518204,0.377994150000,-1.3815916866371873,-1.1024535556035449,-1.3815916866371873,0.11033928809518204,ELIGIBLE,R03b_20260811_FULL_v1,L1_ELIGIBILITY,v2026-08-11,2026-03-21..2026-08-06,baccarat_bet02_101_all_pairs_incl_sentinel,round_win = game_pnl > 0 (decisive only),COMPATIBILITY_ONLY_NOT_PRODUCTION,2500103.8841,2280641.3266,9883.8276,11764,10369,-0.00395337,-0.05088190,-0.00239824,-0.00395337,-9883.8276,2500103.8841,OK,0.0000,395.3531,4.0000,96.0000,AG03-UNRESOLVED,ALL5_LEVELS_bet23_to_bet27,395.3531,395.3531,395.3531,395.3531,395.3531,4.000000,4.000000,4.000000,4.000000,4.000000,96.000000,96.000000,96.000000,96.000000,96.000000,5.0,1976.7655,1824.8244,7907.0621,8059.0032,PENDING_AG03,FALSE,NOT_FOR_ENFORCEMENT,9488.4745,2189415.6736,9883.8276,9488.4745,395.3531,0.00395337,0.00379523,395.3531,9488.4745,0.00379523,395.3531,395.3531,395.3531,395.3531,395.3531,9488.4745,0.00379523,1976.7655,1824.8244,7907.0621,8059.0032,0.00316269,0.00322347,0.00015813,212.5216,219.9480,0.9532,119.0823,2.3972,30121.7335,124.9277,49.0469,238.9093,36.5364,75.9244,374.9013,749.8027,789.266,1183.8989,75.8035,-1.1839,10.395423,15.593133,2.799122,29,215,300,5,0.03207536,0.00395337,0.05088190,0E-8,0.000000,0.912219,0.000000,-0.04848366,2026-03-31,2026-08-01,83,4123,1621,124,0.669355,0.205295,0.230786,0.106918,,,,,,,,GLOBAL_BASELINE_NO_ENTITY_RANKING,,,NOT_APPLICABLE_GLOBAL_BASELINE,HF9g-P5,,,,X 全窗基线 · 不参与实体赏罚,15055332,1506,A168_HF9F_20260827_0900,2026-08-27 09:00:00
2026-05-14,92755421,2258,0,272.2967640094,-118.3898973954,-118.3898973954,0.2500000,4,4,0.49994810000000000,0.499948100000,-0.9997924053861017,-0.9997924053861017,-0.9997924053861017,0E-17,ELIGIBLE,R03b_20260811_FULL_v1,L1_ELIGIBILITY,v2026-08-11,2026-03-21..2026-08-06,baccarat_bet02_101_all_pairs_incl_sentinel,round_win = game_pnl > 0 (decisive only),COMPATIBILITY_ONLY_NOT_PRODUCTION,2500103.8841,2280641.3266,9883.8276,11764,10369,-0.00395337,-0.05088190,-0.00239824,-0.00395337,-9883.8276,2500103.8841,OK,0.0000,395.3531,4.0000,96.0000,AG03-UNRESOLVED,ALL5_LEVELS_bet23_to_bet27,395.3531,395.3531,395.3531,395.3531,395.3531,4.000000,4.000000,4.000000,4.000000,4.000000,96.000000,96.000000,96.000000,96.000000,96.000000,5.0,1976.7655,1824.8244,7907.0621,8059.0032,PENDING_AG03,FALSE,NOT_FOR_ENFORCEMENT,9488.4745,2189415.6736,9883.8276,9488.4745,395.3531,0.00395337,0.00379523,395.3531,9488.4745,0.00379523,395.3531,395.3531,395.3531,395.3531,395.3531,9488.4745,0.00379523,1976.7655,1824.8244,7907.0621,8059.0032,0.00316269,0.00322347,0.00015813,212.5216,219.9480,0.9532,119.0823,2.3972,30121.7335,124.9277,49.0469,238.9093,36.5364,75.9244,374.9013,749.8027,789.266,1183.8989,75.8035,-1.1839,10.395423,15.593133,2.799122,29,215,300,5,0.03207536,0.00395337,0.05088190,0E-8,0.000000,0.912219,0.000000,-0.04848366,2026-03-31,2026-08-01,83,4123,1621,124,0.669355,0.205295,0.230786,0.106918,,,,,,,,GLOBAL_BASELINE_NO_ENTITY_RANKING,,,NOT_APPLICABLE_GLOBAL_BASELINE,HF9g-P5,,,,X 全窗基线 · 不参与实体赏罚,15055333,1506,A168_HF9F_20260827_0900,2026-08-27 09:00:00
2026-05-14,92755421,529,0,301.4996053670,121.7442778215,121.7442778215,0.7500000,6,4,0.49516652689068783,0.383021100000,1.0193815240749147,1.5098179512240772,1.0193815240749147,0.11214542689068783,ELIGIBLE,R03b_20260811_FULL_v1,L1_ELIGIBILITY,v2026-08-11,2026-03-21..2026-08-06,baccarat_bet02_101_all_pairs_incl_sentinel,round_win = game_pnl > 0 (decisive only),COMPATIBILITY_ONLY_NOT_PRODUCTION,2500103.8841,2280641.3266,9883.8276,11764,10369,-0.00395337,-0.05088190,-0.00239824,-0.00395337,-9883.8276,2500103.8841,OK,0.0000,395.3531,4.0000,96.0000,AG03-UNRESOLVED,ALL5_LEVELS_bet23_to_bet27,395.3531,395.3531,395.3531,395.3531,395.3531,4.000000,4.000000,4.000000,4.000000,4.000000,96.000000,96.000000,96.000000,96.000000,96.000000,5.0,1976.7655,1824.8244,7907.0621,8059.0032,PENDING_AG03,FALSE,NOT_FOR_ENFORCEMENT,9488.4745,2189415.6736,9883.8276,9488.4745,395.3531,0.00395337,0.00379523,395.3531,9488.4745,0.00379523,395.3531,395.3531,395.3531,395.3531,395.3531,9488.4745,0.00379523,1976.7655,1824.8244,7907.0621,8059.0032,0.00316269,0.00322347,0.00015813,212.5216,219.9480,0.9532,119.0823,2.3972,30121.7335,124.9277,49.0469,238.9093,36.5364,75.9244,374.9013,749.8027,789.266,1183.8989,75.8035,-1.1839,10.395423,15.593133,2.799122,29,215,300,5,0.03207536,0.00395337,0.05088190,0E-8,0.000000,0.912219,0.000000,-0.04848366,2026-03-31,2026-08-01,83,4123,1621,124,0.669355,0.205295,0.230786,0.106918,,,,,,,,GLOBAL_BASELINE_NO_ENTITY_RANKING,,,NOT_APPLICABLE_GLOBAL_BASELINE,HF9g-P5,,,,X 全窗基线 · 不参与实体赏罚,15055334,1506,A168_HF9F_20260827_0900,2026-08-27 09:00:00
2026-05-14,92755421,583,0,361.0891870560,199.6842936069,199.6842936069,0.8000000,7,5,0.49864865004300522,0.405065980000,1.3476891293954552,1.7989217023761048,1.3476891293954552,0.09358267004300522,ELIGIBLE,R03b_20260811_FULL_v1,L1_ELIGIBILITY,v2026-08-11,2026-03-21..2026-08-06,baccarat_bet02_101_all_pairs_incl_sentinel,round_win = game_pnl > 0 (decisive only),COMPATIBILITY_ONLY_NOT_PRODUCTION,2500103.8841,2280641.3266,9883.8276,11764,10369,-0.00395337,-0.05088190,-0.00239824,-0.00395337,-9883.8276,2500103.8841,OK,0.0000,395.3531,4.0000,96.0000,AG03-UNRESOLVED,ALL5_LEVELS_bet23_to_bet27,395.3531,395.3531,395.3531,395.3531,395.3531,4.000000,4.000000,4.000000,4.000000,4.000000,96.000000,96.000000,96.000000,96.000000,96.000000,5.0,1976.7655,1824.8244,7907.0621,8059.0032,PENDING_AG03,FALSE,NOT_FOR_ENFORCEMENT,9488.4745,2189415.6736,9883.8276,9488.4745,395.3531,0.00395337,0.00379523,395.3531,9488.4745,0.00379523,395.3531,395.3531,395.3531,395.3531,395.3531,9488.4745,0.00379523,1976.7655,1824.8244,7907.0621,8059.0032,0.00316269,0.00322347,0.00015813,212.5216,219.9480,0.9532,119.0823,2.3972,30121.7335,124.9277,49.0469,238.9093,36.5364,75.9244,374.9013,749.8027,789.266,1183.8989,75.8035,-1.1839,10.395423,15.593133,2.799122,29,215,300,5,0.03207536,0.00395337,0.05088190,0E-8,0.000000,0.912219,0.000000,-0.04848366,2026-03-31,2026-08-01,83,4123,1621,124,0.669355,0.205295,0.230786,0.106918,,,,,,,,GLOBAL_BASELINE_NO_ENTITY_RANKING,,,NOT_APPLICABLE_GLOBAL_BASELINE,HF9g-P5,,,,X 全窗基线 · 不参与实体赏罚,15055335,1506,A168_HF9F_20260827_0900,2026-08-27 09:00:00
2026-05-14,92755421,752,0,78.9265982636,-78.9265982636,-78.9265982636,0E-7,1,1,0.50665070000000000,0.506650700000,-1.013391052207602,-1.013391052207602,-1.013391052207602,0E-17,ELIGIBLE,R03b_20260811_FULL_v1,L1_ELIGIBILITY,v2026-08-11,2026-03-21..2026-08-06,baccarat_bet02_101_all_pairs_incl_sentinel,round_win = game_pnl > 0 (decisive only),COMPATIBILITY_ONLY_NOT_PRODUCTION,2500103.8841,2280641.3266,9883.8276,11764,10369,-0.00395337,-0.05088190,-0.00239824,-0.00395337,-9883.8276,2500103.8841,OK,0.0000,395.3531,4.0000,96.0000,AG03-UNRESOLVED,ALL5_LEVELS_bet23_to_bet27,395.3531,395.3531,395.3531,395.3531,395.3531,4.000000,4.000000,4.000000,4.000000,4.000000,96.000000,96.000000,96.000000,96.000000,96.000000,5.0,1976.7655,1824.8244,7907.0621,8059.0032,PENDING_AG03,FALSE,NOT_FOR_ENFORCEMENT,9488.4745,2189415.6736,9883.8276,9488.4745,395.3531,0.00395337,0.00379523,395.3531,9488.4745,0.00379523,395.3531,395.3531,395.3531,395.3531,395.3531,9488.4745,0.00379523,1976.7655,1824.8244,7907.0621,8059.0032,0.00316269,0.00322347,0.00015813,212.5216,219.9480,0.9532,119.0823,2.3972,30121.7335,124.9277,49.0469,238.9093,36.5364,75.9244,374.9013,749.8027,789.266,1183.8989,75.8035,-1.1839,10.395423,15.593133,2.799122,29,215,300,5,0.03207536,0.00395337,0.05088190,0E-8,0.000000,0.912219,0.000000,-0.04848366,2026-03-31,2026-08-01,83,4123,1621,124,0.669355,0.205295,0.230786,0.106918,,,,,,,,GLOBAL_BASELINE_NO_ENTITY_RANKING,,,NOT_APPLICABLE_GLOBAL_BASELINE,HF9g-P5,,,,X 全窗基线 · 不参与实体赏罚,15055336,1506,A168_HF9F_20260827_0900,2026-08-27 09:00:00
2026-05-14,92755421,919,0,449.8816101026,300.3157063929,300.3157063929,0.8333333,6,6,0.49994810000000000,0.499948100000,1.6332474276894162,1.6332474276894162,1.6332474276894162,0E-17,ELIGIBLE,R03b_20260811_FULL_v1,L1_ELIGIBILITY,v2026-08-11,2026-03-21..2026-08-06,baccarat_bet02_101_all_pairs_incl_sentinel,round_win = game_pnl > 0 (decisive only),COMPATIBILITY_ONLY_NOT_PRODUCTION,2500103.8841,2280641.3266,9883.8276,11764,10369,-0.00395337,-0.05088190,-0.00239824,-0.00395337,-9883.8276,2500103.8841,OK,0.0000,395.3531,4.0000,96.0000,AG03-UNRESOLVED,ALL5_LEVELS_bet23_to_bet27,395.3531,395.3531,395.3531,395.3531,395.3531,4.000000,4.000000,4.000000,4.000000,4.000000,96.000000,96.000000,96.000000,96.000000,96.000000,5.0,1976.7655,1824.8244,7907.0621,8059.0032,PENDING_AG03,FALSE,NOT_FOR_ENFORCEMENT,9488.4745,2189415.6736,9883.8276,9488.4745,395.3531,0.00395337,0.00379523,395.3531,9488.4745,0.00379523,395.3531,395.3531,395.3531,395.3531,395.3531,9488.4745,0.00379523,1976.7655,1824.8244,7907.0621,8059.0032,0.00316269,0.00322347,0.00015813,212.5216,219.9480,0.9532,119.0823,2.3972,30121.7335,124.9277,49.0469,238.9093,36.5364,75.9244,374.9013,749.8027,789.266,1183.8989,75.8035,-1.1839,10.395423,15.593133,2.799122,29,215,300,5,0.03207536,0.00395337,0.05088190,0E-8,0.000000,0.912219,0.000000,-0.04848366,2026-03-31,2026-08-01,83,4123,1621,124,0.669355,0.205295,0.230786,0.106918,,,,,,,,GLOBAL_BASELINE_NO_ENTITY_RANKING,,,NOT_APPLICABLE_GLOBAL_BASELINE,HF9g-P5,,,,X 全窗基线 · 不参与实体赏罚,15055337,1506,A168_HF9F_20260827_0900,2026-08-27 09:00:00
2026-05-14,92755421,948,0,315.7063930544,-157.8531965272,-157.8531965272,0.2500000,4,4,0.49659680000000000,0.496596800000,-0.9864100490137353,-0.9864100490137354,-0.9864100490137353,0E-17,ELIGIBLE,R03b_20260811_FULL_v1,L1_ELIGIBILITY,v2026-08-11,2026-03-21..2026-08-06,baccarat_bet02_101_all_pairs_incl_sentinel,round_win = game_pnl > 0 (decisive only),COMPATIBILITY_ONLY_NOT_PRODUCTION,2500103.8841,2280641.3266,9883.8276,11764,10369,-0.00395337,-0.05088190,-0.00239824,-0.00395337,-9883.8276,2500103.8841,OK,0.0000,395.3531,4.0000,96.0000,AG03-UNRESOLVED,ALL5_LEVELS_bet23_to_bet27,395.3531,395.3531,395.3531,395.3531,395.3531,4.000000,4.000000,4.000000,4.000000,4.000000,96.000000,96.000000,96.000000,96.000000,96.000000,5.0,1976.7655,1824.8244,7907.0621,8059.0032,PENDING_AG03,FALSE,NOT_FOR_ENFORCEMENT,9488.4745,2189415.6736,9883.8276,9488.4745,395.3531,0.00395337,0.00379523,395.3531,9488.4745,0.00379523,395.3531,395.3531,395.3531,395.3531,395.3531,9488.4745,0.00379523,1976.7655,1824.8244,7907.0621,8059.0032,0.00316269,0.00322347,0.00015813,212.5216,219.9480,0.9532,119.0823,2.3972,30121.7335,124.9277,49.0469,238.9093,36.5364,75.9244,374.9013,749.8027,789.266,1183.8989,75.8035,-1.1839,10.395423,15.593133,2.799122,29,215,300,5,0.03207536,0.00395337,0.05088190,0E-8,0.000000,0.912219,0.000000,-0.04848366,2026-03-31,2026-08-01,83,4123,1621,124,0.669355,0.205295,0.230786,0.106918,,,,,,,,GLOBAL_BASELINE_NO_ENTITY_RANKING,,,NOT_APPLICABLE_GLOBAL_BASELINE,HF9g-P5,,,,X 全窗基线 · 不参与实体赏罚,15055338,1506,A168_HF9F_20260827_0900,2026-08-27 09:00:00
2026-05-14,92755421,987,0,232.8334648776,67.2849250197,67.2849250197,0.6666667,3,3,0.50218230000000000,0.502182300000,0.5697959874915163,0.5697959874915164,0.5697959874915163,0E-17,ELIGIBLE,R03b_20260811_FULL_v1,L1_ELIGIBILITY,v2026-08-11,2026-03-21..2026-08-06,baccarat_bet02_101_all_pairs_incl_sentinel,round_win = game_pnl > 0 (decisive only),COMPATIBILITY_ONLY_NOT_PRODUCTION,2500103.8841,2280641.3266,9883.8276,11764,10369,-0.00395337,-0.05088190,-0.00239824,-0.00395337,-9883.8276,2500103.8841,OK,0.0000,395.3531,4.0000,96.0000,AG03-UNRESOLVED,ALL5_LEVELS_bet23_to_bet27,395.3531,395.3531,395.3531,395.3531,395.3531,4.000000,4.000000,4.000000,4.000000,4.000000,96.000000,96.000000,96.000000,96.000000,96.000000,5.0,1976.7655,1824.8244,7907.0621,8059.0032,PENDING_AG03,FALSE,NOT_FOR_ENFORCEMENT,9488.4745,2189415.6736,9883.8276,9488.4745,395.3531,0.00395337,0.00379523,395.3531,9488.4745,0.00379523,395.3531,395.3531,395.3531,395.3531,395.3531,9488.4745,0.00379523,1976.7655,1824.8244,7907.0621,8059.0032,0.00316269,0.00322347,0.00015813,212.5216,219.9480,0.9532,119.0823,2.3972,30121.7335,124.9277,49.0469,238.9093,36.5364,75.9244,374.9013,749.8027,789.266,1183.8989,75.8035,-1.1839,10.395423,15.593133,2.799122,29,215,300,5,0.03207536,0.00395337,0.05088190,0E-8,0.000000,0.912219,0.000000,-0.04848366,2026-03-31,2026-08-01,83,4123,1621,124,0.669355,0.205295,0.230786,0.106918,,,,,,,,GLOBAL_BASELINE_NO_ENTITY_RANKING,,,NOT_APPLICABLE_GLOBAL_BASELINE,HF9g-P5,,,,X 全窗基线 · 不参与实体赏罚,15055339,1506,A168_HF9F_20260827_0900,2026-08-27 09:00:00
2026-05-15,92755421,-1,1,46700.0789265961,-2175.5130228885,-2175.5130228885,0.4710744,138,125,0.49782019168026343,0.477168220000,-0.5884134451246535,-0.13420446832049998,-0.5884134451246535,0.02065197168026343,SENTINEL_DEALER,R03b_20260811_FULL_v1,L1_ELIGIBILITY,v2026-08-11,2026-03-21..2026-08-06,baccarat_bet02_101_all_pairs_incl_sentinel,round_win = game_pnl > 0 (decisive only),COMPATIBILITY_ONLY_NOT_PRODUCTION,2500103.8841,2280641.3266,9883.8276,11764,10369,-0.00395337,-0.05088190,-0.00239824,-0.00395337,-9883.8276,2500103.8841,OK,0.0000,395.3531,4.0000,96.0000,AG03-UNRESOLVED,ALL5_LEVELS_bet23_to_bet27,395.3531,395.3531,395.3531,395.3531,395.3531,4.000000,4.000000,4.000000,4.000000,4.000000,96.000000,96.000000,96.000000,96.000000,96.000000,5.0,1976.7655,1824.8244,7907.0621,8059.0032,PENDING_AG03,FALSE,NOT_FOR_ENFORCEMENT,9488.4745,2189415.6736,9883.8276,9488.4745,395.3531,0.00395337,0.00379523,395.3531,9488.4745,0.00379523,395.3531,395.3531,395.3531,395.3531,395.3531,9488.4745,0.00379523,1976.7655,1824.8244,7907.0621,8059.0032,0.00316269,0.00322347,0.00015813,212.5216,219.9480,0.9532,119.0823,2.3972,30121.7335,124.9277,49.0469,238.9093,36.5364,75.9244,374.9013,749.8027,789.266,1183.8989,75.8035,-1.1839,10.395423,15.593133,2.799122,29,215,300,5,0.03207536,0.00395337,0.05088190,0E-8,0.000000,0.912219,0.000000,-0.04848366,2026-03-31,2026-08-01,83,4123,1621,124,0.669355,0.205295,0.230786,0.106918,,,,,,,,GLOBAL_BASELINE_NO_ENTITY_RANKING,,,NOT_APPLICABLE_GLOBAL_BASELINE,HF9g-P5,,,,X 全窗基线 · 不参与实体赏罚,15055340,1506,A168_HF9F_20260827_0900,2026-08-27 09:00:00
2026-05-15,92755421,1004,0,157.8531965272,-78.9265982636,-78.9265982636,0E-7,2,2,0.50665070000000000,0.506650700000,-1.013391052207602,-1.013391052207602,-1.013391052207602,0E-17,ELIGIBLE,R03b_20260811_FULL_v1,L1_ELIGIBILITY,v2026-08-11,2026-03-21..2026-08-06,baccarat_bet02_101_all_pairs_incl_sentinel,round_win = game_pnl > 0 (decisive only),COMPATIBILITY_ONLY_NOT_PRODUCTION,2500103.8841,2280641.3266,9883.8276,11764,10369,-0.00395337,-0.05088190,-0.00239824,-0.00395337,-9883.8276,2500103.8841,OK,0.0000,395.3531,4.0000,96.0000,AG03-UNRESOLVED,ALL5_LEVELS_bet23_to_bet27,395.3531,395.3531,395.3531,395.3531,395.3531,4.000000,4.000000,4.000000,4.000000,4.000000,96.000000,96.000000,96.000000,96.000000,96.000000,5.0,1976.7655,1824.8244,7907.0621,8059.0032,PENDING_AG03,FALSE,NOT_FOR_ENFORCEMENT,9488.4745,2189415.6736,9883.8276,9488.4745,395.3531,0.00395337,0.00379523,395.3531,9488.4745,0.00379523,395.3531,395.3531,395.3531,395.3531,395.3531,9488.4745,0.00379523,1976.7655,1824.8244,7907.0621,8059.0032,0.00316269,0.00322347,0.00015813,212.5216,219.9480,0.9532,119.0823,2.3972,30121.7335,124.9277,49.0469,238.9093,36.5364,75.9244,374.9013,749.8027,789.266,1183.8989,75.8035,-1.1839,10.395423,15.593133,2.799122,29,215,300,5,0.03207536,0.00395337,0.05088190,0E-8,0.000000,0.912219,0.000000,-0.04848366,2026-03-31,2026-08-01,83,4123,1621,124,0.669355,0.205295,0.230786,0.106918,,,,,,,,GLOBAL_BASELINE_NO_ENTITY_RANKING,,,NOT_APPLICABLE_GLOBAL_BASELINE,HF9g-P5,,,,X 全窗基线 · 不参与实体赏罚,15055341,1506,A168_HF9F_20260827_0900,2026-08-27 09:00:00
2026-05-15,92755421,1017,0,236.7797947908,-118.3898973954,-118.3898973954,0E-7,2,2,0.50665070000000000,0.506650700000,-1.013391052207602,-1.013391052207602,-1.013391052207602,0E-17,ELIGIBLE,R03b_20260811_FULL_v1,L1_ELIGIBILITY,v2026-08-11,2026-03-21..2026-08-06,baccarat_bet02_101_all_pairs_incl_sentinel,round_win = game_pnl > 0 (decisive only),COMPATIBILITY_ONLY_NOT_PRODUCTION,2500103.8841,2280641.3266,9883.8276,11764,10369,-0.00395337,-0.05088190,-0.00239824,-0.00395337,-9883.8276,2500103.8841,OK,0.0000,395.3531,4.0000,96.0000,AG03-UNRESOLVED,ALL5_LEVELS_bet23_to_bet27,395.3531,395.3531,395.3531,395.3531,395.3531,4.000000,4.000000,4.000000,4.000000,4.000000,96.000000,96.000000,96.000000,96.000000,96.000000,5.0,1976.7655,1824.8244,7907.0621,8059.0032,PENDING_AG03,FALSE,NOT_FOR_ENFORCEMENT,9488.4745,2189415.6736,9883.8276,9488.4745,395.3531,0.00395337,0.00379523,395.3531,9488.4745,0.00379523,395.3531,395.3531,395.3531,395.3531,395.3531,9488.4745,0.00379523,1976.7655,1824.8244,7907.0621,8059.0032,0.00316269,0.00322347,0.00015813,212.5216,219.9480,0.9532,119.0823,2.3972,30121.7335,124.9277,49.0469,238.9093,36.5364,75.9244,374.9013,749.8027,789.266,1183.8989,75.8035,-1.1839,10.395423,15.593133,2.799122,29,215,300,5,0.03207536,0.00395337,0.05088190,0E-8,0.000000,0.912219,0.000000,-0.04848366,2026-03-31,2026-08-01,83,4123,1621,124,0.669355,0.205295,0.230786,0.106918,,,,,,,,GLOBAL_BASELINE_NO_ENTITY_RANKING,,,NOT_APPLICABLE_GLOBAL_BASELINE,HF9g-P5,,,,X 全窗基线 · 不参与实体赏罚,15055342,1506,A168_HF9F_20260827_0900,2026-08-27 09:00:00
2026-05-15,92755421,1078,0,59.1949486977,-59.1949486977,-59.1949486977,0E-7,1,1,0.49324550000000000,0.493245500000,-0.9865810262130424,-0.9865810262130424,-0.9865810262130424,0E-17,ELIGIBLE,R03b_20260811_FULL_v1,L1_ELIGIBILITY,v2026-08-11,2026-03-21..2026-08-06,baccarat_bet02_101_all_pairs_incl_sentinel,round_win = game_pnl > 0 (decisive only),COMPATIBILITY_ONLY_NOT_PRODUCTION,2500103.8841,2280641.3266,9883.8276,11764,10369,-0.00395337,-0.05088190,-0.00239824,-0.00395337,-9883.8276,2500103.8841,OK,0.0000,395.3531,4.0000,96.0000,AG03-UNRESOLVED,ALL5_LEVELS_bet23_to_bet27,395.3531,395.3531,395.3531,395.3531,395.3531,4.000000,4.000000,4.000000,4.000000,4.000000,96.000000,96.000000,96.000000,96.000000,96.000000,5.0,1976.7655,1824.8244,7907.0621,8059.0032,PENDING_AG03,FALSE,NOT_FOR_ENFORCEMENT,9488.4745,2189415.6736,9883.8276,9488.4745,395.3531,0.00395337,0.00379523,395.3531,9488.4745,0.00379523,395.3531,395.3531,395.3531,395.3531,395.3531,9488.4745,0.00379523,1976.7655,1824.8244,7907.0621,8059.0032,0.00316269,0.00322347,0.00015813,212.5216,219.9480,0.9532,119.0823,2.3972,30121.7335,124.9277,49.0469,238.9093,36.5364,75.9244,374.9013,749.8027,789.266,1183.8989,75.8035,-1.1839,10.395423,15.593133,2.799122,29,215,300,5,0.03207536,0.00395337,0.05088190,0E-8,0.000000,0.912219,0.000000,-0.04848366,2026-03-31,2026-08-01,83,4123,1621,124,0.669355,0.205295,0.230786,0.106918,,,,,,,,GLOBAL_BASELINE_NO_ENTITY_RANKING,,,NOT_APPLICABLE_GLOBAL_BASELINE,HF9g-P5,,,,X 全窗基线 · 不参与实体赏罚,15055343,1506,A168_HF9F_20260827_0900,2026-08-27 09:00:00
2026-05-15,92755421,1115,0,8563.5359116017,2367.7979479083,2367.7979479083,0.6666667,11,11,0.50177608181818182,0.501776081818,0.9893497508521373,0.9893497508532269,0.9893497508521373,1.8182E-13,ELIGIBLE,R03b_20260811_FULL_v1,L1_ELIGIBILITY,v2026-08-11,2026-03-21..2026-08-06,baccarat_bet02_101_all_pairs_incl_sentinel,round_win = game_pnl > 0 (decisive only),COMPATIBILITY_ONLY_NOT_PRODUCTION,2500103.8841,2280641.3266,9883.8276,11764,10369,-0.00395337,-0.05088190,-0.00239824,-0.00395337,-9883.8276,2500103.8841,OK,0.0000,395.3531,4.0000,96.0000,AG03-UNRESOLVED,ALL5_LEVELS_bet23_to_bet27,395.3531,395.3531,395.3531,395.3531,395.3531,4.000000,4.000000,4.000000,4.000000,4.000000,96.000000,96.000000,96.000000,96.000000,96.000000,5.0,1976.7655,1824.8244,7907.0621,8059.0032,PENDING_AG03,FALSE,NOT_FOR_ENFORCEMENT,9488.4745,2189415.6736,9883.8276,9488.4745,395.3531,0.00395337,0.00379523,395.3531,9488.4745,0.00379523,395.3531,395.3531,395.3531,395.3531,395.3531,9488.4745,0.00379523,1976.7655,1824.8244,7907.0621,8059.0032,0.00316269,0.00322347,0.00015813,212.5216,219.9480,0.9532,119.0823,2.3972,30121.7335,124.9277,49.0469,238.9093,36.5364,75.9244,374.9013,749.8027,789.266,1183.8989,75.8035,-1.1839,10.395423,15.593133,2.799122,29,215,300,5,0.03207536,0.00395337,0.05088190,0E-8,0.000000,0.912219,0.000000,-0.04848366,2026-03-31,2026-08-01,83,4123,1621,124,0.669355,0.205295,0.230786,0.106918,,,,,,,,GLOBAL_BASELINE_NO_ENTITY_RANKING,,,NOT_APPLICABLE_GLOBAL_BASELINE,HF9g-P5,,,,X 全窗基线 · 不参与实体赏罚,15055344,1506,A168_HF9F_20260827_0900,2026-08-27 09:00:00
2026-05-15,92755421,1299,0,78.9265982636,-78.9265982636,-78.9265982636,0E-7,1,1,0.49324550000000000,0.493245500000,-0.9865810262130424,-0.9865810262130424,-0.9865810262130424,0E-17,ELIGIBLE,R03b_20260811_FULL_v1,L1_ELIGIBILITY,v2026-08-11,2026-03-21..2026-08-06,baccarat_bet02_101_all_pairs_incl_sentinel,round_win = game_pnl > 0 (decisive only),COMPATIBILITY_ONLY_NOT_PRODUCTION,2500103.8841,2280641.3266,9883.8276,11764,10369,-0.00395337,-0.05088190,-0.00239824,-0.00395337,-9883.8276,2500103.8841,OK,0.0000,395.3531,4.0000,96.0000,AG03-UNRESOLVED,ALL5_LEVELS_bet23_to_bet27,395.3531,395.3531,395.3531,395.3531,395.3531,4.000000,4.000000,4.000000,4.000000,4.000000,96.000000,96.000000,96.000000,96.000000,96.000000,5.0,1976.7655,1824.8244,7907.0621,8059.0032,PENDING_AG03,FALSE,NOT_FOR_ENFORCEMENT,9488.4745,2189415.6736,9883.8276,9488.4745,395.3531,0.00395337,0.00379523,395.3531,9488.4745,0.00379523,395.3531,395.3531,395.3531,395.3531,395.3531,9488.4745,0.00379523,1976.7655,1824.8244,7907.0621,8059.0032,0.00316269,0.00322347,0.00015813,212.5216,219.9480,0.9532,119.0823,2.3972,30121.7335,124.9277,49.0469,238.9093,36.5364,75.9244,374.9013,749.8027,789.266,1183.8989,75.8035,-1.1839,10.395423,15.593133,2.799122,29,215,300,5,0.03207536,0.00395337,0.05088190,0E-8,0.000000,0.912219,0.000000,-0.04848366,2026-03-31,2026-08-01,83,4123,1621,124,0.669355,0.205295,0.230786,0.106918,,,,,,,,GLOBAL_BASELINE_NO_ENTITY_RANKING,,,NOT_APPLICABLE_GLOBAL_BASELINE,HF9g-P5,,,,X 全窗基线 · 不参与实体赏罚,15055345,1506,A168_HF9F_20260827_0900,2026-08-27 09:00:00
2026-05-15,92755421,1306,0,2762.4309392264,-1223.3622730860,-1223.3622730860,0.2500000,4,4,0.50665070000000000,0.506650700000,-1.0266936290537745,-1.0266936290537745,-1.0266936290537745,0E-17,ELIGIBLE,R03b_20260811_FULL_v1,L1_ELIGIBILITY,v2026-08-11,2026-03-21..2026-08-06,baccarat_bet02_101_all_pairs_incl_sentinel,round_win = game_pnl > 0 (decisive only),COMPATIBILITY_ONLY_NOT_PRODUCTION,2500103.8841,2280641.3266,9883.8276,11764,10369,-0.00395337,-0.05088190,-0.00239824,-0.00395337,-9883.8276,2500103.8841,OK,0.0000,395.3531,4.0000,96.0000,AG03-UNRESOLVED,ALL5_LEVELS_bet23_to_bet27,395.3531,395.3531,395.3531,395.3531,395.3531,4.000000,4.000000,4.000000,4.000000,4.000000,96.000000,96.000000,96.000000,96.000000,96.000000,5.0,1976.7655,1824.8244,7907.0621,8059.0032,PENDING_AG03,FALSE,NOT_FOR_ENFORCEMENT,9488.4745,2189415.6736,9883.8276,9488.4745,395.3531,0.00395337,0.00379523,395.3531,9488.4745,0.00379523,395.3531,395.3531,395.3531,395.3531,395.3531,9488.4745,0.00379523,1976.7655,1824.8244,7907.0621,8059.0032,0.00316269,0.00322347,0.00015813,212.5216,219.9480,0.9532,119.0823,2.3972,30121.7335,124.9277,49.0469,238.9093,36.5364,75.9244,374.9013,749.8027,789.266,1183.8989,75.8035,-1.1839,10.395423,15.593133,2.799122,29,215,300,5,0.03207536,0.00395337,0.05088190,0E-8,0.000000,0.912219,0.000000,-0.04848366,2026-03-31,2026-08-01,83,4123,1621,124,0.669355,0.205295,0.230786,0.106918,,,,,,,,GLOBAL_BASELINE_NO_ENTITY_RANKING,,,NOT_APPLICABLE_GLOBAL_BASELINE,HF9g-P5,,,,X 全窗基线 · 不参与实体赏罚,15055346,1506,A168_HF9F_20260827_0900,2026-08-27 09:00:00
2026-05-15,92755421,1318,0,335.4380426203,83.0702446724,83.0702446724,0.6666667,7,6,0.49607654603172735,0.459296783333,0.8357432318388485,1.019283819208947,0.8357432318388485,0.03677976269872735,ELIGIBLE,R03b_20260811_FULL_v1,L1_ELIGIBILITY,v2026-08-11,2026-03-21..2026-08-06,baccarat_bet02_101_all_pairs_incl_sentinel,round_win = game_pnl > 0 (decisive only),COMPATIBILITY_ONLY_NOT_PRODUCTION,2500103.8841,2280641.3266,9883.8276,11764,10369,-0.00395337,-0.05088190,-0.00239824,-0.00395337,-9883.8276,2500103.8841,OK,0.0000,395.3531,4.0000,96.0000,AG03-UNRESOLVED,ALL5_LEVELS_bet23_to_bet27,395.3531,395.3531,395.3531,395.3531,395.3531,4.000000,4.000000,4.000000,4.000000,4.000000,96.000000,96.000000,96.000000,96.000000,96.000000,5.0,1976.7655,1824.8244,7907.0621,8059.0032,PENDING_AG03,FALSE,NOT_FOR_ENFORCEMENT,9488.4745,2189415.6736,9883.8276,9488.4745,395.3531,0.00395337,0.00379523,395.3531,9488.4745,0.00379523,395.3531,395.3531,395.3531,395.3531,395.3531,9488.4745,0.00379523,1976.7655,1824.8244,7907.0621,8059.0032,0.00316269,0.00322347,0.00015813,212.5216,219.9480,0.9532,119.0823,2.3972,30121.7335,124.9277,49.0469,238.9093,36.5364,75.9244,374.9013,749.8027,789.266,1183.8989,75.8035,-1.1839,10.395423,15.593133,2.799122,29,215,300,5,0.03207536,0.00395337,0.05088190,0E-8,0.000000,0.912219,0.000000,-0.04848366,2026-03-31,2026-08-01,83,4123,1621,124,0.669355,0.205295,0.230786,0.106918,,,,,,,,GLOBAL_BASELINE_NO_ENTITY_RANKING,,,NOT_APPLICABLE_GLOBAL_BASELINE,HF9g-P5,,,,X 全窗基线 · 不参与实体赏罚,15055347,1506,A168_HF9F_20260827_0900,2026-08-27 09:00:00
2026-05-15,92755421,1323,0,394.6329913181,-394.6329913181,-394.6329913181,0E-7,1,1,0.50665070000000000,0.506650700000,-1.013391052207602,-1.013391052207602,-1.013391052207602,0E-17,ELIGIBLE,R03b_20260811_FULL_v1,L1_ELIGIBILITY,v2026-08-11,2026-03-21..2026-08-06,baccarat_bet02_101_all_pairs_incl_sentinel,round_win = game_pnl > 0 (decisive only),COMPATIBILITY_ONLY_NOT_PRODUCTION,2500103.8841,2280641.3266,9883.8276,11764,10369,-0.00395337,-0.05088190,-0.00239824,-0.00395337,-9883.8276,2500103.8841,OK,0.0000,395.3531,4.0000,96.0000,AG03-UNRESOLVED,ALL5_LEVELS_bet23_to_bet27,395.3531,395.3531,395.3531,395.3531,395.3531,4.000000,4.000000,4.000000,4.000000,4.000000,96.000000,96.000000,96.000000,96.000000,96.000000,5.0,1976.7655,1824.8244,7907.0621,8059.0032,PENDING_AG03,FALSE,NOT_FOR_ENFORCEMENT,9488.4745,2189415.6736,9883.8276,9488.4745,395.3531,0.00395337,0.00379523,395.3531,9488.4745,0.00379523,395.3531,395.3531,395.3531,395.3531,395.3531,9488.4745,0.00379523,1976.7655,1824.8244,7907.0621,8059.0032,0.00316269,0.00322347,0.00015813,212.5216,219.9480,0.9532,119.0823,2.3972,30121.7335,124.9277,49.0469,238.9093,36.5364,75.9244,374.9013,749.8027,789.266,1183.8989,75.8035,-1.1839,10.395423,15.593133,2.799122,29,215,300,5,0.03207536,0.00395337,0.05088190,0E-8,0.000000,0.912219,0.000000,-0.04848366,2026-03-31,2026-08-01,83,4123,1621,124,0.669355,0.205295,0.230786,0.106918,,,,,,,,GLOBAL_BASELINE_NO_ENTITY_RANKING,,,NOT_APPLICABLE_GLOBAL_BASELINE,HF9g-P5,,,,X 全窗基线 · 不参与实体赏罚,15055348,1506,A168_HF9F_20260827_0900,2026-08-27 09:00:00
2026-05-15,92755421,1325,0,197.3164956590,-197.3164956590,-197.3164956590,0E-7,2,2,0.49324550000000000,0.493245500000,-1.3952362676504506,-1.3952362676504506,-1.3952362676504506,0E-17,ELIGIBLE,R03b_20260811_FULL_v1,L1_ELIGIBILITY,v2026-08-11,2026-03-21..2026-08-06,baccarat_bet02_101_all_pairs_incl_sentinel,round_win = game_pnl > 0 (decisive only),COMPATIBILITY_ONLY_NOT_PRODUCTION,2500103.8841,2280641.3266,9883.8276,11764,10369,-0.00395337,-0.05088190,-0.00239824,-0.00395337,-9883.8276,2500103.8841,OK,0.0000,395.3531,4.0000,96.0000,AG03-UNRESOLVED,ALL5_LEVELS_bet23_to_bet27,395.3531,395.3531,395.3531,395.3531,395.3531,4.000000,4.000000,4.000000,4.000000,4.000000,96.000000,96.000000,96.000000,96.000000,96.000000,5.0,1976.7655,1824.8244,7907.0621,8059.0032,PENDING_AG03,FALSE,NOT_FOR_ENFORCEMENT,9488.4745,2189415.6736,9883.8276,9488.4745,395.3531,0.00395337,0.00379523,395.3531,9488.4745,0.00379523,395.3531,395.3531,395.3531,395.3531,395.3531,9488.4745,0.00379523,1976.7655,1824.8244,7907.0621,8059.0032,0.00316269,0.00322347,0.00015813,212.5216,219.9480,0.9532,119.0823,2.3972,30121.7335,124.9277,49.0469,238.9093,36.5364,75.9244,374.9013,749.8027,789.266,1183.8989,75.8035,-1.1839,10.395423,15.593133,2.799122,29,215,300,5,0.03207536,0.00395337,0.05088190,0E-8,0.000000,0.912219,0.000000,-0.04848366,2026-03-31,2026-08-01,83,4123,1621,124,0.669355,0.205295,0.230786,0.106918,,,,,,,,GLOBAL_BASELINE_NO_ENTITY_RANKING,,,NOT_APPLICABLE_GLOBAL_BASELINE,HF9g-P5,,,,X 全窗基线 · 不参与实体赏罚,15055349,1506,A168_HF9F_20260827_0900,2026-08-27 09:00:00
2026-05-15,92755421,1330,0,764.0094711918,513.0228887135,513.0228887135,0.8571429,13,7,0.48871646448221720,0.294714242857,1.9500258335168883,3.2638734285549154,1.9500258335168883,0.19400222162521720,ELIGIBLE,R03b_20260811_FULL_v1,L1_ELIGIBILITY,v2026-08-11,2026-03-21..2026-08-06,baccarat_bet02_101_all_pairs_incl_sentinel,round_win = game_pnl > 0 (decisive only),COMPATIBILITY_ONLY_NOT_PRODUCTION,2500103.8841,2280641.3266,9883.8276,11764,10369,-0.00395337,-0.05088190,-0.00239824,-0.00395337,-9883.8276,2500103.8841,OK,0.0000,395.3531,4.0000,96.0000,AG03-UNRESOLVED,ALL5_LEVELS_bet23_to_bet27,395.3531,395.3531,395.3531,395.3531,395.3531,4.000000,4.000000,4.000000,4.000000,4.000000,96.000000,96.000000,96.000000,96.000000,96.000000,5.0,1976.7655,1824.8244,7907.0621,8059.0032,PENDING_AG03,FALSE,NOT_FOR_ENFORCEMENT,9488.4745,2189415.6736,9883.8276,9488.4745,395.3531,0.00395337,0.00379523,395.3531,9488.4745,0.00379523,395.3531,395.3531,395.3531,395.3531,395.3531,9488.4745,0.00379523,1976.7655,1824.8244,7907.0621,8059.0032,0.00316269,0.00322347,0.00015813,212.5216,219.9480,0.9532,119.0823,2.3972,30121.7335,124.9277,49.0469,238.9093,36.5364,75.9244,374.9013,749.8027,789.266,1183.8989,75.8035,-1.1839,10.395423,15.593133,2.799122,29,215,300,5,0.03207536,0.00395337,0.05088190,0E-8,0.000000,0.912219,0.000000,-0.04848366,2026-03-31,2026-08-01,83,4123,1621,124,0.669355,0.205295,0.230786,0.106918,,,,,,,,GLOBAL_BASELINE_NO_ENTITY_RANKING,,,NOT_APPLICABLE_GLOBAL_BASELINE,HF9g-P5,,,,X 全窗基线 · 不参与实体赏罚,15055350,1506,A168_HF9F_20260827_0900,2026-08-27 09:00:00
2026-05-15,92755421,1363,0,1973.1649565903,-1183.8989739541,-1183.8989739541,0.3333333,3,3,0.50218230000000000,0.502182300000,-0.5849155494134425,-0.5849155494134426,-0.5849155494134425,0E-17,ELIGIBLE,R03b_20260811_FULL_v1,L1_ELIGIBILITY,v2026-08-11,2026-03-21..2026-08-06,baccarat_bet02_101_all_pairs_incl_sentinel,round_win = game_pnl > 0 (decisive only),COMPATIBILITY_ONLY_NOT_PRODUCTION,2500103.8841,2280641.3266,9883.8276,11764,10369,-0.00395337,-0.05088190,-0.00239824,-0.00395337,-9883.8276,2500103.8841,OK,0.0000,395.3531,4.0000,96.0000,AG03-UNRESOLVED,ALL5_LEVELS_bet23_to_bet27,395.3531,395.3531,395.3531,395.3531,395.3531,4.000000,4.000000,4.000000,4.000000,4.000000,96.000000,96.000000,96.000000,96.000000,96.000000,5.0,1976.7655,1824.8244,7907.0621,8059.0032,PENDING_AG03,FALSE,NOT_FOR_ENFORCEMENT,9488.4745,2189415.6736,9883.8276,9488.4745,395.3531,0.00395337,0.00379523,395.3531,9488.4745,0.00379523,395.3531,395.3531,395.3531,395.3531,395.3531,9488.4745,0.00379523,1976.7655,1824.8244,7907.0621,8059.0032,0.00316269,0.00322347,0.00015813,212.5216,219.9480,0.9532,119.0823,2.3972,30121.7335,124.9277,49.0469,238.9093,36.5364,75.9244,374.9013,749.8027,789.266,1183.8989,75.8035,-1.1839,10.395423,15.593133,2.799122,29,215,300,5,0.03207536,0.00395337,0.05088190,0E-8,0.000000,0.912219,0.000000,-0.04848366,2026-03-31,2026-08-01,83,4123,1621,124,0.669355,0.205295,0.230786,0.106918,,,,,,,,GLOBAL_BASELINE_NO_ENTITY_RANKING,,,NOT_APPLICABLE_GLOBAL_BASELINE,HF9g-P5,,,,X 全窗基线 · 不参与实体赏罚,15055351,1506,A168_HF9F_20260827_0900,2026-08-27 09:00:00
2026-05-15,92755421,1396,0,315.7063930544,-157.8531965272,-157.8531965272,0.2500000,6,6,0.49771390000000000,0.497713900000,-0.9908659570869067,-0.9908659570869068,-0.9908659570869067,0E-17,ELIGIBLE,R03b_20260811_FULL_v1,L1_ELIGIBILITY,v2026-08-11,2026-03-21..2026-08-06,baccarat_bet02_101_all_pairs_incl_sentinel,round_win = game_pnl > 0 (decisive only),COMPATIBILITY_ONLY_NOT_PRODUCTION,2500103.8841,2280641.3266,9883.8276,11764,10369,-0.00395337,-0.05088190,-0.00239824,-0.00395337,-9883.8276,2500103.8841,OK,0.0000,395.3531,4.0000,96.0000,AG03-UNRESOLVED,ALL5_LEVELS_bet23_to_bet27,395.3531,395.3531,395.3531,395.3531,395.3531,4.000000,4.000000,4.000000,4.000000,4.000000,96.000000,96.000000,96.000000,96.000000,96.000000,5.0,1976.7655,1824.8244,7907.0621,8059.0032,PENDING_AG03,FALSE,NOT_FOR_ENFORCEMENT,9488.4745,2189415.6736,9883.8276,9488.4745,395.3531,0.00395337,0.00379523,395.3531,9488.4745,0.00379523,395.3531,395.3531,395.3531,395.3531,395.3531,9488.4745,0.00379523,1976.7655,1824.8244,7907.0621,8059.0032,0.00316269,0.00322347,0.00015813,212.5216,219.9480,0.9532,119.0823,2.3972,30121.7335,124.9277,49.0469,238.9093,36.5364,75.9244,374.9013,749.8027,789.266,1183.8989,75.8035,-1.1839,10.395423,15.593133,2.799122,29,215,300,5,0.03207536,0.00395337,0.05088190,0E-8,0.000000,0.912219,0.000000,-0.04848366,2026-03-31,2026-08-01,83,4123,1621,124,0.669355,0.205295,0.230786,0.106918,,,,,,,,GLOBAL_BASELINE_NO_ENTITY_RANKING,,,NOT_APPLICABLE_GLOBAL_BASELINE,HF9g-P5,,,,X 全窗基线 · 不参与实体赏罚,15055352,1506,A168_HF9F_20260827_0900,2026-08-27 09:00:00
2026-05-15,92755421,1399,0,4384.3725335436,1850.8287292816,1850.8287292816,0.5714286,8,7,0.49282940909088070,0.465104114286,0.4159504499662999,0.5639913908766625,0.4159504499662999,0.02772529480488070,ELIGIBLE,R03b_20260811_FULL_v1,L1_ELIGIBILITY,v2026-08-11,2026-03-21..2026-08-06,baccarat_bet02_101_all_pairs_incl_sentinel,round_win = game_pnl > 0 (decisive only),COMPATIBILITY_ONLY_NOT_PRODUCTION,2500103.8841,2280641.3266,9883.8276,11764,10369,-0.00395337,-0.05088190,-0.00239824,-0.00395337,-9883.8276,2500103.8841,OK,0.0000,395.3531,4.0000,96.0000,AG03-UNRESOLVED,ALL5_LEVELS_bet23_to_bet27,395.3531,395.3531,395.3531,395.3531,395.3531,4.000000,4.000000,4.000000,4.000000,4.000000,96.000000,96.000000,96.000000,96.000000,96.000000,5.0,1976.7655,1824.8244,7907.0621,8059.0032,PENDING_AG03,FALSE,NOT_FOR_ENFORCEMENT,9488.4745,2189415.6736,9883.8276,9488.4745,395.3531,0.00395337,0.00379523,395.3531,9488.4745,0.00379523,395.3531,395.3531,395.3531,395.3531,395.3531,9488.4745,0.00379523,1976.7655,1824.8244,7907.0621,8059.0032,0.00316269,0.00322347,0.00015813,212.5216,219.9480,0.9532,119.0823,2.3972,30121.7335,124.9277,49.0469,238.9093,36.5364,75.9244,374.9013,749.8027,789.266,1183.8989,75.8035,-1.1839,10.395423,15.593133,2.799122,29,215,300,5,0.03207536,0.00395337,0.05088190,0E-8,0.000000,0.912219,0.000000,-0.04848366,2026-03-31,2026-08-01,83,4123,1621,124,0.669355,0.205295,0.230786,0.106918,,,,,,,,GLOBAL_BASELINE_NO_ENTITY_RANKING,,,NOT_APPLICABLE_GLOBAL_BASELINE,HF9g-P5,,,,X 全窗基线 · 不参与实体赏罚,15055353,1506,A168_HF9F_20260827_0900,2026-08-27 09:00:00
2026-05-15,92755421,1401,0,78.9265982636,-78.9265982636,-78.9265982636,0E-7,1,1,0.50665070000000000,0.506650700000,-1.013391052207602,-1.013391052207602,-1.013391052207602,0E-17,ELIGIBLE,R03b_20260811_FULL_v1,L1_ELIGIBILITY,v2026-08-11,2026-03-21..2026-08-06,baccarat_bet02_101_all_pairs_incl_sentinel,round_win = game_pnl > 0 (decisive only),COMPATIBILITY_ONLY_NOT_PRODUCTION,2500103.8841,2280641.3266,9883.8276,11764,10369,-0.00395337,-0.05088190,-0.00239824,-0.00395337,-9883.8276,2500103.8841,OK,0.0000,395.3531,4.0000,96.0000,AG03-UNRESOLVED,ALL5_LEVELS_bet23_to_bet27,395.3531,395.3531,395.3531,395.3531,395.3531,4.000000,4.000000,4.000000,4.000000,4.000000,96.000000,96.000000,96.000000,96.000000,96.000000,5.0,1976.7655,1824.8244,7907.0621,8059.0032,PENDING_AG03,FALSE,NOT_FOR_ENFORCEMENT,9488.4745,2189415.6736,9883.8276,9488.4745,395.3531,0.00395337,0.00379523,395.3531,9488.4745,0.00379523,395.3531,395.3531,395.3531,395.3531,395.3531,9488.4745,0.00379523,1976.7655,1824.8244,7907.0621,8059.0032,0.00316269,0.00322347,0.00015813,212.5216,219.9480,0.9532,119.0823,2.3972,30121.7335,124.9277,49.0469,238.9093,36.5364,75.9244,374.9013,749.8027,789.266,1183.8989,75.8035,-1.1839,10.395423,15.593133,2.799122,29,215,300,5,0.03207536,0.00395337,0.05088190,0E-8,0.000000,0.912219,0.000000,-0.04848366,2026-03-31,2026-08-01,83,4123,1621,124,0.669355,0.205295,0.230786,0.106918,,,,,,,,GLOBAL_BASELINE_NO_ENTITY_RANKING,,,NOT_APPLICABLE_GLOBAL_BASELINE,HF9g-P5,,,,X 全窗基线 · 不参与实体赏罚,15055354,1506,A168_HF9F_20260827_0900,2026-08-27 09:00:00
2026-05-15,92755421,1405,0,828.7292817679,-828.7292817679,-828.7292817679,0E-7,2,2,0.49994810000000000,0.499948100000,-1.4140667746232096,-1.4140667746232096,-1.4140667746232096,0E-17,ELIGIBLE,R03b_20260811_FULL_v1,L1_ELIGIBILITY,v2026-08-11,2026-03-21..2026-08-06,baccarat_bet02_101_all_pairs_incl_sentinel,round_win = game_pnl > 0 (decisive only),COMPATIBILITY_ONLY_NOT_PRODUCTION,2500103.8841,2280641.3266,9883.8276,11764,10369,-0.00395337,-0.05088190,-0.00239824,-0.00395337,-9883.8276,2500103.8841,OK,0.0000,395.3531,4.0000,96.0000,AG03-UNRESOLVED,ALL5_LEVELS_bet23_to_bet27,395.3531,395.3531,395.3531,395.3531,395.3531,4.000000,4.000000,4.000000,4.000000,4.000000,96.000000,96.000000,96.000000,96.000000,96.000000,5.0,1976.7655,1824.8244,7907.0621,8059.0032,PENDING_AG03,FALSE,NOT_FOR_ENFORCEMENT,9488.4745,2189415.6736,9883.8276,9488.4745,395.3531,0.00395337,0.00379523,395.3531,9488.4745,0.00379523,395.3531,395.3531,395.3531,395.3531,395.3531,9488.4745,0.00379523,1976.7655,1824.8244,7907.0621,8059.0032,0.00316269,0.00322347,0.00015813,212.5216,219.9480,0.9532,119.0823,2.3972,30121.7335,124.9277,49.0469,238.9093,36.5364,75.9244,374.9013,749.8027,789.266,1183.8989,75.8035,-1.1839,10.395423,15.593133,2.799122,29,215,300,5,0.03207536,0.00395337,0.05088190,0E-8,0.000000,0.912219,0.000000,-0.04848366,2026-03-31,2026-08-01,83,4123,1621,124,0.669355,0.205295,0.230786,0.106918,,,,,,,,GLOBAL_BASELINE_NO_ENTITY_RANKING,,,NOT_APPLICABLE_GLOBAL_BASELINE,HF9g-P5,,,,X 全窗基线 · 不参与实体赏罚,15055355,1506,A168_HF9F_20260827_0900,2026-08-27 09:00:00
2026-05-15,92755421,1505,0,1578.5319652722,1539.0686661404,1539.0686661404,1.0000000,2,2,0.49994810000000000,0.499948100000,1.4143603653603398,1.4143603653603398,1.4143603653603398,0E-17,ELIGIBLE,R03b_20260811_FULL_v1,L1_ELIGIBILITY,v2026-08-11,2026-03-21..2026-08-06,baccarat_bet02_101_all_pairs_incl_sentinel,round_win = game_pnl > 0 (decisive only),COMPATIBILITY_ONLY_NOT_PRODUCTION,2500103.8841,2280641.3266,9883.8276,11764,10369,-0.00395337,-0.05088190,-0.00239824,-0.00395337,-9883.8276,2500103.8841,OK,0.0000,395.3531,4.0000,96.0000,AG03-UNRESOLVED,ALL5_LEVELS_bet23_to_bet27,395.3531,395.3531,395.3531,395.3531,395.3531,4.000000,4.000000,4.000000,4.000000,4.000000,96.000000,96.000000,96.000000,96.000000,96.000000,5.0,1976.7655,1824.8244,7907.0621,8059.0032,PENDING_AG03,FALSE,NOT_FOR_ENFORCEMENT,9488.4745,2189415.6736,9883.8276,9488.4745,395.3531,0.00395337,0.00379523,395.3531,9488.4745,0.00379523,395.3531,395.3531,395.3531,395.3531,395.3531,9488.4745,0.00379523,1976.7655,1824.8244,7907.0621,8059.0032,0.00316269,0.00322347,0.00015813,212.5216,219.9480,0.9532,119.0823,2.3972,30121.7335,124.9277,49.0469,238.9093,36.5364,75.9244,374.9013,749.8027,789.266,1183.8989,75.8035,-1.1839,10.395423,15.593133,2.799122,29,215,300,5,0.03207536,0.00395337,0.05088190,0E-8,0.000000,0.912219,0.000000,-0.04848366,2026-03-31,2026-08-01,83,4123,1621,124,0.669355,0.205295,0.230786,0.106918,,,,,,,,GLOBAL_BASELINE_NO_ENTITY_RANKING,,,NOT_APPLICABLE_GLOBAL_BASELINE,HF9g-P5,,,,X 全窗基线 · 不参与实体赏罚,15055356,1506,A168_HF9F_20260827_0900,2026-08-27 09:00:00
2026-05-15,92755421,1507,0,78.9265982636,74.9802683504,74.9802683504,1.0000000,1,1,0.50665070000000000,0.506650700000,0.9867858985152569,0.9867858985152569,0.9867858985152569,0E-17,ELIGIBLE,R03b_20260811_FULL_v1,L1_ELIGIBILITY,v2026-08-11,2026-03-21..2026-08-06,baccarat_bet02_101_all_pairs_incl_sentinel,round_win = game_pnl > 0 (decisive only),COMPATIBILITY_ONLY_NOT_PRODUCTION,2500103.8841,2280641.3266,9883.8276,11764,10369,-0.00395337,-0.05088190,-0.00239824,-0.00395337,-9883.8276,2500103.8841,OK,0.0000,395.3531,4.0000,96.0000,AG03-UNRESOLVED,ALL5_LEVELS_bet23_to_bet27,395.3531,395.3531,395.3531,395.3531,395.3531,4.000000,4.000000,4.000000,4.000000,4.000000,96.000000,96.000000,96.000000,96.000000,96.000000,5.0,1976.7655,1824.8244,7907.0621,8059.0032,PENDING_AG03,FALSE,NOT_FOR_ENFORCEMENT,9488.4745,2189415.6736,9883.8276,9488.4745,395.3531,0.00395337,0.00379523,395.3531,9488.4745,0.00379523,395.3531,395.3531,395.3531,395.3531,395.3531,9488.4745,0.00379523,1976.7655,1824.8244,7907.0621,8059.0032,0.00316269,0.00322347,0.00015813,212.5216,219.9480,0.9532,119.0823,2.3972,30121.7335,124.9277,49.0469,238.9093,36.5364,75.9244,374.9013,749.8027,789.266,1183.8989,75.8035,-1.1839,10.395423,15.593133,2.799122,29,215,300,5,0.03207536,0.00395337,0.05088190,0E-8,0.000000,0.912219,0.000000,-0.04848366,2026-03-31,2026-08-01,83,4123,1621,124,0.669355,0.205295,0.230786,0.106918,,,,,,,,GLOBAL_BASELINE_NO_ENTITY_RANKING,,,NOT_APPLICABLE_GLOBAL_BASELINE,HF9g-P5,,,,X 全窗基线 · 不参与实体赏罚,15055357,1506,A168_HF9F_20260827_0900,2026-08-27 09:00:00
2026-05-15,92755421,1509,0,6819.2580899760,4467.2454617203,4467.2454617203,0.7272727,13,12,0.49968628399558372,0.480180991667,1.5096379765938939,1.6403102632349718,1.5096379765938939,0.01950529232858372,ELIGIBLE,R03b_20260811_FULL_v1,L1_ELIGIBILITY,v2026-08-11,2026-03-21..2026-08-06,baccarat_bet02_101_all_pairs_incl_sentinel,round_win = game_pnl > 0 (decisive only),COMPATIBILITY_ONLY_NOT_PRODUCTION,2500103.8841,2280641.3266,9883.8276,11764,10369,-0.00395337,-0.05088190,-0.00239824,-0.00395337,-9883.8276,2500103.8841,OK,0.0000,395.3531,4.0000,96.0000,AG03-UNRESOLVED,ALL5_LEVELS_bet23_to_bet27,395.3531,395.3531,395.3531,395.3531,395.3531,4.000000,4.000000,4.000000,4.000000,4.000000,96.000000,96.000000,96.000000,96.000000,96.000000,5.0,1976.7655,1824.8244,7907.0621,8059.0032,PENDING_AG03,FALSE,NOT_FOR_ENFORCEMENT,9488.4745,2189415.6736,9883.8276,9488.4745,395.3531,0.00395337,0.00379523,395.3531,9488.4745,0.00379523,395.3531,395.3531,395.3531,395.3531,395.3531,9488.4745,0.00379523,1976.7655,1824.8244,7907.0621,8059.0032,0.00316269,0.00322347,0.00015813,212.5216,219.9480,0.9532,119.0823,2.3972,30121.7335,124.9277,49.0469,238.9093,36.5364,75.9244,374.9013,749.8027,789.266,1183.8989,75.8035,-1.1839,10.395423,15.593133,2.799122,29,215,300,5,0.03207536,0.00395337,0.05088190,0E-8,0.000000,0.912219,0.000000,-0.04848366,2026-03-31,2026-08-01,83,4123,1621,124,0.669355,0.205295,0.230786,0.106918,,,,,,,,GLOBAL_BASELINE_NO_ENTITY_RANKING,,,NOT_APPLICABLE_GLOBAL_BASELINE,HF9g-P5,,,,X 全窗基线 · 不参与实体赏罚,15055358,1506,A168_HF9F_20260827_0900,2026-08-27 09:00:00
2026-05-15,92755421,1646,0,319.6527229676,-11.8389897396,-11.8389897396,0.5000000,5,4,0.50084336904759102,0.445673725000,-0.0033734809892882506,0.21859925409569164,-0.0033734809892882506,0.05516964404759102,ELIGIBLE,R03b_20260811_FULL_v1,L1_ELIGIBILITY,v2026-08-11,2026-03-21..2026-08-06,baccarat_bet02_101_all_pairs_incl_sentinel,round_win = game_pnl > 0 (decisive only),COMPATIBILITY_ONLY_NOT_PRODUCTION,2500103.8841,2280641.3266,9883.8276,11764,10369,-0.00395337,-0.05088190,-0.00239824,-0.00395337,-9883.8276,2500103.8841,OK,0.0000,395.3531,4.0000,96.0000,AG03-UNRESOLVED,ALL5_LEVELS_bet23_to_bet27,395.3531,395.3531,395.3531,395.3531,395.3531,4.000000,4.000000,4.000000,4.000000,4.000000,96.000000,96.000000,96.000000,96.000000,96.000000,5.0,1976.7655,1824.8244,7907.0621,8059.0032,PENDING_AG03,FALSE,NOT_FOR_ENFORCEMENT,9488.4745,2189415.6736,9883.8276,9488.4745,395.3531,0.00395337,0.00379523,395.3531,9488.4745,0.00379523,395.3531,395.3531,395.3531,395.3531,395.3531,9488.4745,0.00379523,1976.7655,1824.8244,7907.0621,8059.0032,0.00316269,0.00322347,0.00015813,212.5216,219.9480,0.9532,119.0823,2.3972,30121.7335,124.9277,49.0469,238.9093,36.5364,75.9244,374.9013,749.8027,789.266,1183.8989,75.8035,-1.1839,10.395423,15.593133,2.799122,29,215,300,5,0.03207536,0.00395337,0.05088190,0E-8,0.000000,0.912219,0.000000,-0.04848366,2026-03-31,2026-08-01,83,4123,1621,124,0.669355,0.205295,0.230786,0.106918,,,,,,,,GLOBAL_BASELINE_NO_ENTITY_RANKING,,,NOT_APPLICABLE_GLOBAL_BASELINE,HF9g-P5,,,,X 全窗基线 · 不参与实体赏罚,15055359,1506,A168_HF9F_20260827_0900,2026-08-27 09:00:00
2026-05-15,92755421,1703,0,78.9265982636,74.9802683504,74.9802683504,1.0000000,1,1,0.50665070000000000,0.506650700000,0.9867858985152569,0.9867858985152569,0.9867858985152569,0E-17,ELIGIBLE,R03b_20260811_FULL_v1,L1_ELIGIBILITY,v2026-08-11,2026-03-21..2026-08-06,baccarat_bet02_101_all_pairs_incl_sentinel,round_win = game_pnl > 0 (decisive only),COMPATIBILITY_ONLY_NOT_PRODUCTION,2500103.8841,2280641.3266,9883.8276,11764,10369,-0.00395337,-0.05088190,-0.00239824,-0.00395337,-9883.8276,2500103.8841,OK,0.0000,395.3531,4.0000,96.0000,AG03-UNRESOLVED,ALL5_LEVELS_bet23_to_bet27,395.3531,395.3531,395.3531,395.3531,395.3531,4.000000,4.000000,4.000000,4.000000,4.000000,96.000000,96.000000,96.000000,96.000000,96.000000,5.0,1976.7655,1824.8244,7907.0621,8059.0032,PENDING_AG03,FALSE,NOT_FOR_ENFORCEMENT,9488.4745,2189415.6736,9883.8276,9488.4745,395.3531,0.00395337,0.00379523,395.3531,9488.4745,0.00379523,395.3531,395.3531,395.3531,395.3531,395.3531,9488.4745,0.00379523,1976.7655,1824.8244,7907.0621,8059.0032,0.00316269,0.00322347,0.00015813,212.5216,219.9480,0.9532,119.0823,2.3972,30121.7335,124.9277,49.0469,238.9093,36.5364,75.9244,374.9013,749.8027,789.266,1183.8989,75.8035,-1.1839,10.395423,15.593133,2.799122,29,215,300,5,0.03207536,0.00395337,0.05088190,0E-8,0.000000,0.912219,0.000000,-0.04848366,2026-03-31,2026-08-01,83,4123,1621,124,0.669355,0.205295,0.230786,0.106918,,,,,,,,GLOBAL_BASELINE_NO_ENTITY_RANKING,,,NOT_APPLICABLE_GLOBAL_BASELINE,HF9g-P5,,,,X 全窗基线 · 不参与实体赏罚,15055360,1506,A168_HF9F_20260827_0900,2026-08-27 09:00:00
2026-05-15,92755421,1935,0,4980.2683504339,-1247.6322020521,-1247.6322020521,0.4375000,22,17,0.49757967384969759,0.429393294118,-0.480643022023714,0.06551011224775546,-0.480643022023714,0.06818637973169759,ELIGIBLE,R03b_20260811_FULL_v1,L1_ELIGIBILITY,v2026-08-11,2026-03-21..2026-08-06,baccarat_bet02_101_all_pairs_incl_sentinel,round_win = game_pnl > 0 (decisive only),COMPATIBILITY_ONLY_NOT_PRODUCTION,2500103.8841,2280641.3266,9883.8276,11764,10369,-0.00395337,-0.05088190,-0.00239824,-0.00395337,-9883.8276,2500103.8841,OK,0.0000,395.3531,4.0000,96.0000,AG03-UNRESOLVED,ALL5_LEVELS_bet23_to_bet27,395.3531,395.3531,395.3531,395.3531,395.3531,4.000000,4.000000,4.000000,4.000000,4.000000,96.000000,96.000000,96.000000,96.000000,96.000000,5.0,1976.7655,1824.8244,7907.0621,8059.0032,PENDING_AG03,FALSE,NOT_FOR_ENFORCEMENT,9488.4745,2189415.6736,9883.8276,9488.4745,395.3531,0.00395337,0.00379523,395.3531,9488.4745,0.00379523,395.3531,395.3531,395.3531,395.3531,395.3531,9488.4745,0.00379523,1976.7655,1824.8244,7907.0621,8059.0032,0.00316269,0.00322347,0.00015813,212.5216,219.9480,0.9532,119.0823,2.3972,30121.7335,124.9277,49.0469,238.9093,36.5364,75.9244,374.9013,749.8027,789.266,1183.8989,75.8035,-1.1839,10.395423,15.593133,2.799122,29,215,300,5,0.03207536,0.00395337,0.05088190,0E-8,0.000000,0.912219,0.000000,-0.04848366,2026-03-31,2026-08-01,83,4123,1621,124,0.669355,0.205295,0.230786,0.106918,,,,,,,,GLOBAL_BASELINE_NO_ENTITY_RANKING,,,NOT_APPLICABLE_GLOBAL_BASELINE,HF9g-P5,,,,X 全窗基线 · 不参与实体赏罚,15055361,1506,A168_HF9F_20260827_0900,2026-08-27 09:00:00
2026-05-15,92755421,1940,0,1509.4711917916,-1509.4711917916,-1509.4711917916,0E-7,2,2,0.49994810000000000,0.499948100000,-1.4140667746232096,-1.4140667746232096,-1.4140667746232096,0E-17,ELIGIBLE,R03b_20260811_FULL_v1,L1_ELIGIBILITY,v2026-08-11,2026-03-21..2026-08-06,baccarat_bet02_101_all_pairs_incl_sentinel,round_win = game_pnl > 0 (decisive only),COMPATIBILITY_ONLY_NOT_PRODUCTION,2500103.8841,2280641.3266,9883.8276,11764,10369,-0.00395337,-0.05088190,-0.00239824,-0.00395337,-9883.8276,2500103.8841,OK,0.0000,395.3531,4.0000,96.0000,AG03-UNRESOLVED,ALL5_LEVELS_bet23_to_bet27,395.3531,395.3531,395.3531,395.3531,395.3531,4.000000,4.000000,4.000000,4.000000,4.000000,96.000000,96.000000,96.000000,96.000000,96.000000,5.0,1976.7655,1824.8244,7907.0621,8059.0032,PENDING_AG03,FALSE,NOT_FOR_ENFORCEMENT,9488.4745,2189415.6736,9883.8276,9488.4745,395.3531,0.00395337,0.00379523,395.3531,9488.4745,0.00379523,395.3531,395.3531,395.3531,395.3531,395.3531,9488.4745,0.00379523,1976.7655,1824.8244,7907.0621,8059.0032,0.00316269,0.00322347,0.00015813,212.5216,219.9480,0.9532,119.0823,2.3972,30121.7335,124.9277,49.0469,238.9093,36.5364,75.9244,374.9013,749.8027,789.266,1183.8989,75.8035,-1.1839,10.395423,15.593133,2.799122,29,215,300,5,0.03207536,0.00395337,0.05088190,0E-8,0.000000,0.912219,0.000000,-0.04848366,2026-03-31,2026-08-01,83,4123,1621,124,0.669355,0.205295,0.230786,0.106918,,,,,,,,GLOBAL_BASELINE_NO_ENTITY_RANKING,,,NOT_APPLICABLE_GLOBAL_BASELINE,HF9g-P5,,,,X 全窗基线 · 不参与实体赏罚,15055362,1506,A168_HF9F_20260827_0900,2026-08-27 09:00:00
2026-05-15,92755421,1947,0,157.8531965272,-157.8531965272,-157.8531965272,0E-7,2,2,0.50665070000000000,0.506650700000,-1.4331513700195317,-1.4331513700195317,-1.4331513700195317,0E-17,ELIGIBLE,R03b_20260811_FULL_v1,L1_ELIGIBILITY,v2026-08-11,2026-03-21..2026-08-06,baccarat_bet02_101_all_pairs_incl_sentinel,round_win = game_pnl > 0 (decisive only),COMPATIBILITY_ONLY_NOT_PRODUCTION,2500103.8841,2280641.3266,9883.8276,11764,10369,-0.00395337,-0.05088190,-0.00239824,-0.00395337,-9883.8276,2500103.8841,OK,0.0000,395.3531,4.0000,96.0000,AG03-UNRESOLVED,ALL5_LEVELS_bet23_to_bet27,395.3531,395.3531,395.3531,395.3531,395.3531,4.000000,4.000000,4.000000,4.000000,4.000000,96.000000,96.000000,96.000000,96.000000,96.000000,5.0,1976.7655,1824.8244,7907.0621,8059.0032,PENDING_AG03,FALSE,NOT_FOR_ENFORCEMENT,9488.4745,2189415.6736,9883.8276,9488.4745,395.3531,0.00395337,0.00379523,395.3531,9488.4745,0.00379523,395.3531,395.3531,395.3531,395.3531,395.3531,9488.4745,0.00379523,1976.7655,1824.8244,7907.0621,8059.0032,0.00316269,0.00322347,0.00015813,212.5216,219.9480,0.9532,119.0823,2.3972,30121.7335,124.9277,49.0469,238.9093,36.5364,75.9244,374.9013,749.8027,789.266,1183.8989,75.8035,-1.1839,10.395423,15.593133,2.799122,29,215,300,5,0.03207536,0.00395337,0.05088190,0E-8,0.000000,0.912219,0.000000,-0.04848366,2026-03-31,2026-08-01,83,4123,1621,124,0.669355,0.205295,0.230786,0.106918,,,,,,,,GLOBAL_BASELINE_NO_ENTITY_RANKING,,,NOT_APPLICABLE_GLOBAL_BASELINE,HF9g-P5,,,,X 全窗基线 · 不参与实体赏罚,15055363,1506,A168_HF9F_20260827_0900,2026-08-27 09:00:00
2026-05-15,92755421,1957,0,173.6385161800,-19.7316495660,-19.7316495660,0.5000000,3,2,0.49006454583329159,0.381345450000,0.028107257727159708,0.3454745057990616,0.028107257727159708,0.10871909583329159,ELIGIBLE,R03b_20260811_FULL_v1,L1_ELIGIBILITY,v2026-08-11,2026-03-21..2026-08-06,baccarat_bet02_101_all_pairs_incl_sentinel,round_win = game_pnl > 0 (decisive only),COMPATIBILITY_ONLY_NOT_PRODUCTION,2500103.8841,2280641.3266,9883.8276,11764,10369,-0.00395337,-0.05088190,-0.00239824,-0.00395337,-9883.8276,2500103.8841,OK,0.0000,395.3531,4.0000,96.0000,AG03-UNRESOLVED,ALL5_LEVELS_bet23_to_bet27,395.3531,395.3531,395.3531,395.3531,395.3531,4.000000,4.000000,4.000000,4.000000,4.000000,96.000000,96.000000,96.000000,96.000000,96.000000,5.0,1976.7655,1824.8244,7907.0621,8059.0032,PENDING_AG03,FALSE,NOT_FOR_ENFORCEMENT,9488.4745,2189415.6736,9883.8276,9488.4745,395.3531,0.00395337,0.00379523,395.3531,9488.4745,0.00379523,395.3531,395.3531,395.3531,395.3531,395.3531,9488.4745,0.00379523,1976.7655,1824.8244,7907.0621,8059.0032,0.00316269,0.00322347,0.00015813,212.5216,219.9480,0.9532,119.0823,2.3972,30121.7335,124.9277,49.0469,238.9093,36.5364,75.9244,374.9013,749.8027,789.266,1183.8989,75.8035,-1.1839,10.395423,15.593133,2.799122,29,215,300,5,0.03207536,0.00395337,0.05088190,0E-8,0.000000,0.912219,0.000000,-0.04848366,2026-03-31,2026-08-01,83,4123,1621,124,0.669355,0.205295,0.230786,0.106918,,,,,,,,GLOBAL_BASELINE_NO_ENTITY_RANKING,,,NOT_APPLICABLE_GLOBAL_BASELINE,HF9g-P5,,,,X 全窗基线 · 不参与实体赏罚,15055364,1506,A168_HF9F_20260827_0900,2026-08-27 09:00:00
2026-05-15,92755421,1963,0,789.2659826361,-789.2659826361,-789.2659826361,0E-7,1,1,0.49324550000000000,0.493245500000,-0.9865810262130424,-0.9865810262130424,-0.9865810262130424,0E-17,ELIGIBLE,R03b_20260811_FULL_v1,L1_ELIGIBILITY,v2026-08-11,2026-03-21..2026-08-06,baccarat_bet02_101_all_pairs_incl_sentinel,round_win = game_pnl > 0 (decisive only),COMPATIBILITY_ONLY_NOT_PRODUCTION,2500103.8841,2280641.3266,9883.8276,11764,10369,-0.00395337,-0.05088190,-0.00239824,-0.00395337,-9883.8276,2500103.8841,OK,0.0000,395.3531,4.0000,96.0000,AG03-UNRESOLVED,ALL5_LEVELS_bet23_to_bet27,395.3531,395.3531,395.3531,395.3531,395.3531,4.000000,4.000000,4.000000,4.000000,4.000000,96.000000,96.000000,96.000000,96.000000,96.000000,5.0,1976.7655,1824.8244,7907.0621,8059.0032,PENDING_AG03,FALSE,NOT_FOR_ENFORCEMENT,9488.4745,2189415.6736,9883.8276,9488.4745,395.3531,0.00395337,0.00379523,395.3531,9488.4745,0.00379523,395.3531,395.3531,395.3531,395.3531,395.3531,9488.4745,0.00379523,1976.7655,1824.8244,7907.0621,8059.0032,0.00316269,0.00322347,0.00015813,212.5216,219.9480,0.9532,119.0823,2.3972,30121.7335,124.9277,49.0469,238.9093,36.5364,75.9244,374.9013,749.8027,789.266,1183.8989,75.8035,-1.1839,10.395423,15.593133,2.799122,29,215,300,5,0.03207536,0.00395337,0.05088190,0E-8,0.000000,0.912219,0.000000,-0.04848366,2026-03-31,2026-08-01,83,4123,1621,124,0.669355,0.205295,0.230786,0.106918,,,,,,,,GLOBAL_BASELINE_NO_ENTITY_RANKING,,,NOT_APPLICABLE_GLOBAL_BASELINE,HF9g-P5,,,,X 全窗基线 · 不参与实体赏罚,15055365,1506,A168_HF9F_20260827_0900,2026-08-27 09:00:00
2026-05-15,92755421,1985,0,3653.1176006313,-2590.5682715075,-2590.5682715075,0.2500000,11,9,0.44461498915072791,0.393034055556,-1.1077254983394855,-0.8282991060482183,-1.1077254983394855,0.05158093359472791,ELIGIBLE,R03b_20260811_FULL_v1,L1_ELIGIBILITY,v2026-08-11,2026-03-21..2026-08-06,baccarat_bet02_101_all_pairs_incl_sentinel,round_win = game_pnl > 0 (decisive only),COMPATIBILITY_ONLY_NOT_PRODUCTION,2500103.8841,2280641.3266,9883.8276,11764,10369,-0.00395337,-0.05088190,-0.00239824,-0.00395337,-9883.8276,2500103.8841,OK,0.0000,395.3531,4.0000,96.0000,AG03-UNRESOLVED,ALL5_LEVELS_bet23_to_bet27,395.3531,395.3531,395.3531,395.3531,395.3531,4.000000,4.000000,4.000000,4.000000,4.000000,96.000000,96.000000,96.000000,96.000000,96.000000,5.0,1976.7655,1824.8244,7907.0621,8059.0032,PENDING_AG03,FALSE,NOT_FOR_ENFORCEMENT,9488.4745,2189415.6736,9883.8276,9488.4745,395.3531,0.00395337,0.00379523,395.3531,9488.4745,0.00379523,395.3531,395.3531,395.3531,395.3531,395.3531,9488.4745,0.00379523,1976.7655,1824.8244,7907.0621,8059.0032,0.00316269,0.00322347,0.00015813,212.5216,219.9480,0.9532,119.0823,2.3972,30121.7335,124.9277,49.0469,238.9093,36.5364,75.9244,374.9013,749.8027,789.266,1183.8989,75.8035,-1.1839,10.395423,15.593133,2.799122,29,215,300,5,0.03207536,0.00395337,0.05088190,0E-8,0.000000,0.912219,0.000000,-0.04848366,2026-03-31,2026-08-01,83,4123,1621,124,0.669355,0.205295,0.230786,0.106918,,,,,,,,GLOBAL_BASELINE_NO_ENTITY_RANKING,,,NOT_APPLICABLE_GLOBAL_BASELINE,HF9g-P5,,,,X 全窗基线 · 不参与实体赏罚,15055366,1506,A168_HF9F_20260827_0900,2026-08-27 09:00:00
2026-05-15,92755421,2093,0,69.4554064720,-69.4554064720,-69.4554064720,0E-7,2,2,0.49994810000000000,0.499948100000,-1.4140667746232096,-1.4140667746232096,-1.4140667746232096,0E-17,ELIGIBLE,R03b_20260811_FULL_v1,L1_ELIGIBILITY,v2026-08-11,2026-03-21..2026-08-06,baccarat_bet02_101_all_pairs_incl_sentinel,round_win = game_pnl > 0 (decisive only),COMPATIBILITY_ONLY_NOT_PRODUCTION,2500103.8841,2280641.3266,9883.8276,11764,10369,-0.00395337,-0.05088190,-0.00239824,-0.00395337,-9883.8276,2500103.8841,OK,0.0000,395.3531,4.0000,96.0000,AG03-UNRESOLVED,ALL5_LEVELS_bet23_to_bet27,395.3531,395.3531,395.3531,395.3531,395.3531,4.000000,4.000000,4.000000,4.000000,4.000000,96.000000,96.000000,96.000000,96.000000,96.000000,5.0,1976.7655,1824.8244,7907.0621,8059.0032,PENDING_AG03,FALSE,NOT_FOR_ENFORCEMENT,9488.4745,2189415.6736,9883.8276,9488.4745,395.3531,0.00395337,0.00379523,395.3531,9488.4745,0.00379523,395.3531,395.3531,395.3531,395.3531,395.3531,9488.4745,0.00379523,1976.7655,1824.8244,7907.0621,8059.0032,0.00316269,0.00322347,0.00015813,212.5216,219.9480,0.9532,119.0823,2.3972,30121.7335,124.9277,49.0469,238.9093,36.5364,75.9244,374.9013,749.8027,789.266,1183.8989,75.8035,-1.1839,10.395423,15.593133,2.799122,29,215,300,5,0.03207536,0.00395337,0.05088190,0E-8,0.000000,0.912219,0.000000,-0.04848366,2026-03-31,2026-08-01,83,4123,1621,124,0.669355,0.205295,0.230786,0.106918,,,,,,,,GLOBAL_BASELINE_NO_ENTITY_RANKING,,,NOT_APPLICABLE_GLOBAL_BASELINE,HF9g-P5,,,,X 全窗基线 · 不参与实体赏罚,15055367,1506,A168_HF9F_20260827_0900,2026-08-27 09:00:00
2026-05-15,92755421,2103,0,13264.4041041823,2128.2557221783,2128.2557221783,0.5000000,22,20,0.49905372900478141,0.475892440000,0.007570181518877911,0.19308504277282984,0.007570181518877911,0.02316128900478141,ELIGIBLE,R03b_20260811_FULL_v1,L1_ELIGIBILITY,v2026-08-11,2026-03-21..2026-08-06,baccarat_bet02_101_all_pairs_incl_sentinel,round_win = game_pnl > 0 (decisive only),COMPATIBILITY_ONLY_NOT_PRODUCTION,2500103.8841,2280641.3266,9883.8276,11764,10369,-0.00395337,-0.05088190,-0.00239824,-0.00395337,-9883.8276,2500103.8841,OK,0.0000,395.3531,4.0000,96.0000,AG03-UNRESOLVED,ALL5_LEVELS_bet23_to_bet27,395.3531,395.3531,395.3531,395.3531,395.3531,4.000000,4.000000,4.000000,4.000000,4.000000,96.000000,96.000000,96.000000,96.000000,96.000000,5.0,1976.7655,1824.8244,7907.0621,8059.0032,PENDING_AG03,FALSE,NOT_FOR_ENFORCEMENT,9488.4745,2189415.6736,9883.8276,9488.4745,395.3531,0.00395337,0.00379523,395.3531,9488.4745,0.00379523,395.3531,395.3531,395.3531,395.3531,395.3531,9488.4745,0.00379523,1976.7655,1824.8244,7907.0621,8059.0032,0.00316269,0.00322347,0.00015813,212.5216,219.9480,0.9532,119.0823,2.3972,30121.7335,124.9277,49.0469,238.9093,36.5364,75.9244,374.9013,749.8027,789.266,1183.8989,75.8035,-1.1839,10.395423,15.593133,2.799122,29,215,300,5,0.03207536,0.00395337,0.05088190,0E-8,0.000000,0.912219,0.000000,-0.04848366,2026-03-31,2026-08-01,83,4123,1621,124,0.669355,0.205295,0.230786,0.106918,,,,,,,,GLOBAL_BASELINE_NO_ENTITY_RANKING,,,NOT_APPLICABLE_GLOBAL_BASELINE,HF9g-P5,,,,X 全窗基线 · 不参与实体赏罚,15055368,1506,A168_HF9F_20260827_0900,2026-08-27 09:00:00
2026-05-15,92755421,2115,0,6432.5177584843,-197.3164956590,-197.3164956590,0.5000000,9,9,0.49920336666666667,0.499203366667,0.004506444376759088,0.004506444374873482,0.004506444376759088,-3.3333E-13,ELIGIBLE,R03b_20260811_FULL_v1,L1_ELIGIBILITY,v2026-08-11,2026-03-21..2026-08-06,baccarat_bet02_101_all_pairs_incl_sentinel,round_win = game_pnl > 0 (decisive only),COMPATIBILITY_ONLY_NOT_PRODUCTION,2500103.8841,2280641.3266,9883.8276,11764,10369,-0.00395337,-0.05088190,-0.00239824,-0.00395337,-9883.8276,2500103.8841,OK,0.0000,395.3531,4.0000,96.0000,AG03-UNRESOLVED,ALL5_LEVELS_bet23_to_bet27,395.3531,395.3531,395.3531,395.3531,395.3531,4.000000,4.000000,4.000000,4.000000,4.000000,96.000000,96.000000,96.000000,96.000000,96.000000,5.0,1976.7655,1824.8244,7907.0621,8059.0032,PENDING_AG03,FALSE,NOT_FOR_ENFORCEMENT,9488.4745,2189415.6736,9883.8276,9488.4745,395.3531,0.00395337,0.00379523,395.3531,9488.4745,0.00379523,395.3531,395.3531,395.3531,395.3531,395.3531,9488.4745,0.00379523,1976.7655,1824.8244,7907.0621,8059.0032,0.00316269,0.00322347,0.00015813,212.5216,219.9480,0.9532,119.0823,2.3972,30121.7335,124.9277,49.0469,238.9093,36.5364,75.9244,374.9013,749.8027,789.266,1183.8989,75.8035,-1.1839,10.395423,15.593133,2.799122,29,215,300,5,0.03207536,0.00395337,0.05088190,0E-8,0.000000,0.912219,0.000000,-0.04848366,2026-03-31,2026-08-01,83,4123,1621,124,0.669355,0.205295,0.230786,0.106918,,,,,,,,GLOBAL_BASELINE_NO_ENTITY_RANKING,,,NOT_APPLICABLE_GLOBAL_BASELINE,HF9g-P5,,,,X 全窗基线 · 不参与实体赏罚,15055369,1506,A168_HF9F_20260827_0900,2026-08-27 09:00:00
2026-05-15,92755421,2117,0,1026.0457774269,-718.2320441989,-718.2320441989,0.5000000,5,4,0.49749206904759102,0.442322425000,0.010031850005437985,0.23226080057400214,0.010031850005437985,0.05516964404759102,ELIGIBLE,R03b_20260811_FULL_v1,L1_ELIGIBILITY,v2026-08-11,2026-03-21..2026-08-06,baccarat_bet02_101_all_pairs_incl_sentinel,round_win = game_pnl > 0 (decisive only),COMPATIBILITY_ONLY_NOT_PRODUCTION,2500103.8841,2280641.3266,9883.8276,11764,10369,-0.00395337,-0.05088190,-0.00239824,-0.00395337,-9883.8276,2500103.8841,OK,0.0000,395.3531,4.0000,96.0000,AG03-UNRESOLVED,ALL5_LEVELS_bet23_to_bet27,395.3531,395.3531,395.3531,395.3531,395.3531,4.000000,4.000000,4.000000,4.000000,4.000000,96.000000,96.000000,96.000000,96.000000,96.000000,5.0,1976.7655,1824.8244,7907.0621,8059.0032,PENDING_AG03,FALSE,NOT_FOR_ENFORCEMENT,9488.4745,2189415.6736,9883.8276,9488.4745,395.3531,0.00395337,0.00379523,395.3531,9488.4745,0.00379523,395.3531,395.3531,395.3531,395.3531,395.3531,9488.4745,0.00379523,1976.7655,1824.8244,7907.0621,8059.0032,0.00316269,0.00322347,0.00015813,212.5216,219.9480,0.9532,119.0823,2.3972,30121.7335,124.9277,49.0469,238.9093,36.5364,75.9244,374.9013,749.8027,789.266,1183.8989,75.8035,-1.1839,10.395423,15.593133,2.799122,29,215,300,5,0.03207536,0.00395337,0.05088190,0E-8,0.000000,0.912219,0.000000,-0.04848366,2026-03-31,2026-08-01,83,4123,1621,124,0.669355,0.205295,0.230786,0.106918,,,,,,,,GLOBAL_BASELINE_NO_ENTITY_RANKING,,,NOT_APPLICABLE_GLOBAL_BASELINE,HF9g-P5,,,,X 全窗基线 · 不参与实体赏罚,15055370,1506,A168_HF9F_20260827_0900,2026-08-27 09:00:00
2026-05-15,92755421,2127,0,118.3898973954,76.9534333070,76.9534333070,0.6666667,3,3,0.49771390000000000,0.497713900000,0.5852756695216578,0.5852756695216578,0.5852756695216578,0E-17,ELIGIBLE,R03b_20260811_FULL_v1,L1_ELIGIBILITY,v2026-08-11,2026-03-21..2026-08-06,baccarat_bet02_101_all_pairs_incl_sentinel,round_win = game_pnl > 0 (decisive only),COMPATIBILITY_ONLY_NOT_PRODUCTION,2500103.8841,2280641.3266,9883.8276,11764,10369,-0.00395337,-0.05088190,-0.00239824,-0.00395337,-9883.8276,2500103.8841,OK,0.0000,395.3531,4.0000,96.0000,AG03-UNRESOLVED,ALL5_LEVELS_bet23_to_bet27,395.3531,395.3531,395.3531,395.3531,395.3531,4.000000,4.000000,4.000000,4.000000,4.000000,96.000000,96.000000,96.000000,96.000000,96.000000,5.0,1976.7655,1824.8244,7907.0621,8059.0032,PENDING_AG03,FALSE,NOT_FOR_ENFORCEMENT,9488.4745,2189415.6736,9883.8276,9488.4745,395.3531,0.00395337,0.00379523,395.3531,9488.4745,0.00379523,395.3531,395.3531,395.3531,395.3531,395.3531,9488.4745,0.00379523,1976.7655,1824.8244,7907.0621,8059.0032,0.00316269,0.00322347,0.00015813,212.5216,219.9480,0.9532,119.0823,2.3972,30121.7335,124.9277,49.0469,238.9093,36.5364,75.9244,374.9013,749.8027,789.266,1183.8989,75.8035,-1.1839,10.395423,15.593133,2.799122,29,215,300,5,0.03207536,0.00395337,0.05088190,0E-8,0.000000,0.912219,0.000000,-0.04848366,2026-03-31,2026-08-01,83,4123,1621,124,0.669355,0.205295,0.230786,0.106918,,,,,,,,GLOBAL_BASELINE_NO_ENTITY_RANKING,,,NOT_APPLICABLE_GLOBAL_BASELINE,HF9g-P5,,,,X 全窗基线 · 不参与实体赏罚,15055371,1506,A168_HF9F_20260827_0900,2026-08-27 09:00:00
2026-05-15,92755421,2130,0,3433.3070244671,-710.3393843725,-710.3393843725,0.3333333,5,5,0.49860758000000000,0.498607580000,-0.5725290048997589,-0.5725290048997589,-0.5725290048997589,0E-17,ELIGIBLE,R03b_20260811_FULL_v1,L1_ELIGIBILITY,v2026-08-11,2026-03-21..2026-08-06,baccarat_bet02_101_all_pairs_incl_sentinel,round_win = game_pnl > 0 (decisive only),COMPATIBILITY_ONLY_NOT_PRODUCTION,2500103.8841,2280641.3266,9883.8276,11764,10369,-0.00395337,-0.05088190,-0.00239824,-0.00395337,-9883.8276,2500103.8841,OK,0.0000,395.3531,4.0000,96.0000,AG03-UNRESOLVED,ALL5_LEVELS_bet23_to_bet27,395.3531,395.3531,395.3531,395.3531,395.3531,4.000000,4.000000,4.000000,4.000000,4.000000,96.000000,96.000000,96.000000,96.000000,96.000000,5.0,1976.7655,1824.8244,7907.0621,8059.0032,PENDING_AG03,FALSE,NOT_FOR_ENFORCEMENT,9488.4745,2189415.6736,9883.8276,9488.4745,395.3531,0.00395337,0.00379523,395.3531,9488.4745,0.00379523,395.3531,395.3531,395.3531,395.3531,395.3531,9488.4745,0.00379523,1976.7655,1824.8244,7907.0621,8059.0032,0.00316269,0.00322347,0.00015813,212.5216,219.9480,0.9532,119.0823,2.3972,30121.7335,124.9277,49.0469,238.9093,36.5364,75.9244,374.9013,749.8027,789.266,1183.8989,75.8035,-1.1839,10.395423,15.593133,2.799122,29,215,300,5,0.03207536,0.00395337,0.05088190,0E-8,0.000000,0.912219,0.000000,-0.04848366,2026-03-31,2026-08-01,83,4123,1621,124,0.669355,0.205295,0.230786,0.106918,,,,,,,,GLOBAL_BASELINE_NO_ENTITY_RANKING,,,NOT_APPLICABLE_GLOBAL_BASELINE,HF9g-P5,,,,X 全窗基线 · 不参与实体赏罚,15055372,1506,A168_HF9F_20260827_0900,2026-08-27 09:00:00
2026-05-15,92755421,2142,0,229.6764009470,-75.7695343330,-75.7695343330,0.2500000,4,4,0.37799415000000000,0.377994150000,-0.5279348630802326,-0.5279348630802326,-0.5279348630802326,0E-17,ELIGIBLE,R03b_20260811_FULL_v1,L1_ELIGIBILITY,v2026-08-11,2026-03-21..2026-08-06,baccarat_bet02_101_all_pairs_incl_sentinel,round_win = game_pnl > 0 (decisive only),COMPATIBILITY_ONLY_NOT_PRODUCTION,2500103.8841,2280641.3266,9883.8276,11764,10369,-0.00395337,-0.05088190,-0.00239824,-0.00395337,-9883.8276,2500103.8841,OK,0.0000,395.3531,4.0000,96.0000,AG03-UNRESOLVED,ALL5_LEVELS_bet23_to_bet27,395.3531,395.3531,395.3531,395.3531,395.3531,4.000000,4.000000,4.000000,4.000000,4.000000,96.000000,96.000000,96.000000,96.000000,96.000000,5.0,1976.7655,1824.8244,7907.0621,8059.0032,PENDING_AG03,FALSE,NOT_FOR_ENFORCEMENT,9488.4745,2189415.6736,9883.8276,9488.4745,395.3531,0.00395337,0.00379523,395.3531,9488.4745,0.00379523,395.3531,395.3531,395.3531,395.3531,395.3531,9488.4745,0.00379523,1976.7655,1824.8244,7907.0621,8059.0032,0.00316269,0.00322347,0.00015813,212.5216,219.9480,0.9532,119.0823,2.3972,30121.7335,124.9277,49.0469,238.9093,36.5364,75.9244,374.9013,749.8027,789.266,1183.8989,75.8035,-1.1839,10.395423,15.593133,2.799122,29,215,300,5,0.03207536,0.00395337,0.05088190,0E-8,0.000000,0.912219,0.000000,-0.04848366,2026-03-31,2026-08-01,83,4123,1621,124,0.669355,0.205295,0.230786,0.106918,,,,,,,,GLOBAL_BASELINE_NO_ENTITY_RANKING,,,NOT_APPLICABLE_GLOBAL_BASELINE,HF9g-P5,,,,X 全窗基线 · 不参与实体赏罚,15055373,1506,A168_HF9F_20260827_0900,2026-08-27 09:00:00
2026-05-15,92755421,2145,0,614.4435674822,-168.1136543015,-168.1136543015,0.4285714,8,7,0.49729087909409316,0.464146600000,-0.36363449034260364,-0.188731955369526,-0.36363449034260364,0.03314427909409316,ELIGIBLE,R03b_20260811_FULL_v1,L1_ELIGIBILITY,v2026-08-11,2026-03-21..2026-08-06,baccarat_bet02_101_all_pairs_incl_sentinel,round_win = game_pnl > 0 (decisive only),COMPATIBILITY_ONLY_NOT_PRODUCTION,2500103.8841,2280641.3266,9883.8276,11764,10369,-0.00395337,-0.05088190,-0.00239824,-0.00395337,-9883.8276,2500103.8841,OK,0.0000,395.3531,4.0000,96.0000,AG03-UNRESOLVED,ALL5_LEVELS_bet23_to_bet27,395.3531,395.3531,395.3531,395.3531,395.3531,4.000000,4.000000,4.000000,4.000000,4.000000,96.000000,96.000000,96.000000,96.000000,96.000000,5.0,1976.7655,1824.8244,7907.0621,8059.0032,PENDING_AG03,FALSE,NOT_FOR_ENFORCEMENT,9488.4745,2189415.6736,9883.8276,9488.4745,395.3531,0.00395337,0.00379523,395.3531,9488.4745,0.00379523,395.3531,395.3531,395.3531,395.3531,395.3531,9488.4745,0.00379523,1976.7655,1824.8244,7907.0621,8059.0032,0.00316269,0.00322347,0.00015813,212.5216,219.9480,0.9532,119.0823,2.3972,30121.7335,124.9277,49.0469,238.9093,36.5364,75.9244,374.9013,749.8027,789.266,1183.8989,75.8035,-1.1839,10.395423,15.593133,2.799122,29,215,300,5,0.03207536,0.00395337,0.05088190,0E-8,0.000000,0.912219,0.000000,-0.04848366,2026-03-31,2026-08-01,83,4123,1621,124,0.669355,0.205295,0.230786,0.106918,,,,,,,,GLOBAL_BASELINE_NO_ENTITY_RANKING,,,NOT_APPLICABLE_GLOBAL_BASELINE,HF9g-P5,,,,X 全窗基线 · 不参与实体赏罚,15055374,1506,A168_HF9F_20260827_0900,2026-08-27 09:00:00
2026-05-15,92755421,2153,0,2288.8713496447,1499.6053670086,1499.6053670086,1.0000000,3,3,0.49771390000000000,0.497713900000,1.4206944795187548,1.420694479518755,1.4206944795187548,0E-17,ELIGIBLE,R03b_20260811_FULL_v1,L1_ELIGIBILITY,v2026-08-11,2026-03-21..2026-08-06,baccarat_bet02_101_all_pairs_incl_sentinel,round_win = game_pnl > 0 (decisive only),COMPATIBILITY_ONLY_NOT_PRODUCTION,2500103.8841,2280641.3266,9883.8276,11764,10369,-0.00395337,-0.05088190,-0.00239824,-0.00395337,-9883.8276,2500103.8841,OK,0.0000,395.3531,4.0000,96.0000,AG03-UNRESOLVED,ALL5_LEVELS_bet23_to_bet27,395.3531,395.3531,395.3531,395.3531,395.3531,4.000000,4.000000,4.000000,4.000000,4.000000,96.000000,96.000000,96.000000,96.000000,96.000000,5.0,1976.7655,1824.8244,7907.0621,8059.0032,PENDING_AG03,FALSE,NOT_FOR_ENFORCEMENT,9488.4745,2189415.6736,9883.8276,9488.4745,395.3531,0.00395337,0.00379523,395.3531,9488.4745,0.00379523,395.3531,395.3531,395.3531,395.3531,395.3531,9488.4745,0.00379523,1976.7655,1824.8244,7907.0621,8059.0032,0.00316269,0.00322347,0.00015813,212.5216,219.9480,0.9532,119.0823,2.3972,30121.7335,124.9277,49.0469,238.9093,36.5364,75.9244,374.9013,749.8027,789.266,1183.8989,75.8035,-1.1839,10.395423,15.593133,2.799122,29,215,300,5,0.03207536,0.00395337,0.05088190,0E-8,0.000000,0.912219,0.000000,-0.04848366,2026-03-31,2026-08-01,83,4123,1621,124,0.669355,0.205295,0.230786,0.106918,,,,,,,,GLOBAL_BASELINE_NO_ENTITY_RANKING,,,NOT_APPLICABLE_GLOBAL_BASELINE,HF9g-P5,,,,X 全窗基线 · 不参与实体赏罚,15055375,1506,A168_HF9F_20260827_0900,2026-08-27 09:00:00
2026-05-15,92755421,2164,0,789.2659826361,-789.2659826361,-789.2659826361,0E-7,1,1,0.49324550000000000,0.493245500000,-0.9865810262130424,-0.9865810262130424,-0.9865810262130424,0E-17,ELIGIBLE,R03b_20260811_FULL_v1,L1_ELIGIBILITY,v2026-08-11,2026-03-21..2026-08-06,baccarat_bet02_101_all_pairs_incl_sentinel,round_win = game_pnl > 0 (decisive only),COMPATIBILITY_ONLY_NOT_PRODUCTION,2500103.8841,2280641.3266,9883.8276,11764,10369,-0.00395337,-0.05088190,-0.00239824,-0.00395337,-9883.8276,2500103.8841,OK,0.0000,395.3531,4.0000,96.0000,AG03-UNRESOLVED,ALL5_LEVELS_bet23_to_bet27,395.3531,395.3531,395.3531,395.3531,395.3531,4.000000,4.000000,4.000000,4.000000,4.000000,96.000000,96.000000,96.000000,96.000000,96.000000,5.0,1976.7655,1824.8244,7907.0621,8059.0032,PENDING_AG03,FALSE,NOT_FOR_ENFORCEMENT,9488.4745,2189415.6736,9883.8276,9488.4745,395.3531,0.00395337,0.00379523,395.3531,9488.4745,0.00379523,395.3531,395.3531,395.3531,395.3531,395.3531,9488.4745,0.00379523,1976.7655,1824.8244,7907.0621,8059.0032,0.00316269,0.00322347,0.00015813,212.5216,219.9480,0.9532,119.0823,2.3972,30121.7335,124.9277,49.0469,238.9093,36.5364,75.9244,374.9013,749.8027,789.266,1183.8989,75.8035,-1.1839,10.395423,15.593133,2.799122,29,215,300,5,0.03207536,0.00395337,0.05088190,0E-8,0.000000,0.912219,0.000000,-0.04848366,2026-03-31,2026-08-01,83,4123,1621,124,0.669355,0.205295,0.230786,0.106918,,,,,,,,GLOBAL_BASELINE_NO_ENTITY_RANKING,,,NOT_APPLICABLE_GLOBAL_BASELINE,HF9g-P5,,,,X 全窗基线 · 不参与实体赏罚,15055376,1506,A168_HF9F_20260827_0900,2026-08-27 09:00:00
2026-05-15,92755421,2169,0,41.4364640884,-1.9731649566,-1.9731649566,0E-7,2,2,0.26274280000000000,0.262742800000,-0.5969746651759844,-0.5969746651759844,-0.5969746651759844,0E-17,ELIGIBLE,R03b_20260811_FULL_v1,L1_ELIGIBILITY,v2026-08-11,2026-03-21..2026-08-06,baccarat_bet02_101_all_pairs_incl_sentinel,round_win = game_pnl > 0 (decisive only),COMPATIBILITY_ONLY_NOT_PRODUCTION,2500103.8841,2280641.3266,9883.8276,11764,10369,-0.00395337,-0.05088190,-0.00239824,-0.00395337,-9883.8276,2500103.8841,OK,0.0000,395.3531,4.0000,96.0000,AG03-UNRESOLVED,ALL5_LEVELS_bet23_to_bet27,395.3531,395.3531,395.3531,395.3531,395.3531,4.000000,4.000000,4.000000,4.000000,4.000000,96.000000,96.000000,96.000000,96.000000,96.000000,5.0,1976.7655,1824.8244,7907.0621,8059.0032,PENDING_AG03,FALSE,NOT_FOR_ENFORCEMENT,9488.4745,2189415.6736,9883.8276,9488.4745,395.3531,0.00395337,0.00379523,395.3531,9488.4745,0.00379523,395.3531,395.3531,395.3531,395.3531,395.3531,9488.4745,0.00379523,1976.7655,1824.8244,7907.0621,8059.0032,0.00316269,0.00322347,0.00015813,212.5216,219.9480,0.9532,119.0823,2.3972,30121.7335,124.9277,49.0469,238.9093,36.5364,75.9244,374.9013,749.8027,789.266,1183.8989,75.8035,-1.1839,10.395423,15.593133,2.799122,29,215,300,5,0.03207536,0.00395337,0.05088190,0E-8,0.000000,0.912219,0.000000,-0.04848366,2026-03-31,2026-08-01,83,4123,1621,124,0.669355,0.205295,0.230786,0.106918,,,,,,,,GLOBAL_BASELINE_NO_ENTITY_RANKING,,,NOT_APPLICABLE_GLOBAL_BASELINE,HF9g-P5,,,,X 全窗基线 · 不参与实体赏罚,15055377,1506,A168_HF9F_20260827_0900,2026-08-27 09:00:00
2026-05-15,92755421,2170,0,78.9265982636,-78.9265982636,-78.9265982636,0E-7,1,1,0.50665070000000000,0.506650700000,-1.013391052207602,-1.013391052207602,-1.013391052207602,0E-17,ELIGIBLE,R03b_20260811_FULL_v1,L1_ELIGIBILITY,v2026-08-11,2026-03-21..2026-08-06,baccarat_bet02_101_all_pairs_incl_sentinel,round_win = game_pnl > 0 (decisive only),COMPATIBILITY_ONLY_NOT_PRODUCTION,2500103.8841,2280641.3266,9883.8276,11764,10369,-0.00395337,-0.05088190,-0.00239824,-0.00395337,-9883.8276,2500103.8841,OK,0.0000,395.3531,4.0000,96.0000,AG03-UNRESOLVED,ALL5_LEVELS_bet23_to_bet27,395.3531,395.3531,395.3531,395.3531,395.3531,4.000000,4.000000,4.000000,4.000000,4.000000,96.000000,96.000000,96.000000,96.000000,96.000000,5.0,1976.7655,1824.8244,7907.0621,8059.0032,PENDING_AG03,FALSE,NOT_FOR_ENFORCEMENT,9488.4745,2189415.6736,9883.8276,9488.4745,395.3531,0.00395337,0.00379523,395.3531,9488.4745,0.00379523,395.3531,395.3531,395.3531,395.3531,395.3531,9488.4745,0.00379523,1976.7655,1824.8244,7907.0621,8059.0032,0.00316269,0.00322347,0.00015813,212.5216,219.9480,0.9532,119.0823,2.3972,30121.7335,124.9277,49.0469,238.9093,36.5364,75.9244,374.9013,749.8027,789.266,1183.8989,75.8035,-1.1839,10.395423,15.593133,2.799122,29,215,300,5,0.03207536,0.00395337,0.05088190,0E-8,0.000000,0.912219,0.000000,-0.04848366,2026-03-31,2026-08-01,83,4123,1621,124,0.669355,0.205295,0.230786,0.106918,,,,,,,,GLOBAL_BASELINE_NO_ENTITY_RANKING,,,NOT_APPLICABLE_GLOBAL_BASELINE,HF9g-P5,,,,X 全窗基线 · 不参与实体赏罚,15055378,1506,A168_HF9F_20260827_0900,2026-08-27 09:00:00
2026-05-15,92755421,2174,0,314.9171270718,-237.9636937648,-237.9636937648,0.2000000,7,5,0.49780726943490560,0.406406500000,-1.3318474045856594,-0.9396875671230898,-1.3318474045856594,0.09140076943490560,ELIGIBLE,R03b_20260811_FULL_v1,L1_ELIGIBILITY,v2026-08-11,2026-03-21..2026-08-06,baccarat_bet02_101_all_pairs_incl_sentinel,round_win = game_pnl > 0 (decisive only),COMPATIBILITY_ONLY_NOT_PRODUCTION,2500103.8841,2280641.3266,9883.8276,11764,10369,-0.00395337,-0.05088190,-0.00239824,-0.00395337,-9883.8276,2500103.8841,OK,0.0000,395.3531,4.0000,96.0000,AG03-UNRESOLVED,ALL5_LEVELS_bet23_to_bet27,395.3531,395.3531,395.3531,395.3531,395.3531,4.000000,4.000000,4.000000,4.000000,4.000000,96.000000,96.000000,96.000000,96.000000,96.000000,5.0,1976.7655,1824.8244,7907.0621,8059.0032,PENDING_AG03,FALSE,NOT_FOR_ENFORCEMENT,9488.4745,2189415.6736,9883.8276,9488.4745,395.3531,0.00395337,0.00379523,395.3531,9488.4745,0.00379523,395.3531,395.3531,395.3531,395.3531,395.3531,9488.4745,0.00379523,1976.7655,1824.8244,7907.0621,8059.0032,0.00316269,0.00322347,0.00015813,212.5216,219.9480,0.9532,119.0823,2.3972,30121.7335,124.9277,49.0469,238.9093,36.5364,75.9244,374.9013,749.8027,789.266,1183.8989,75.8035,-1.1839,10.395423,15.593133,2.799122,29,215,300,5,0.03207536,0.00395337,0.05088190,0E-8,0.000000,0.912219,0.000000,-0.04848366,2026-03-31,2026-08-01,83,4123,1621,124,0.669355,0.205295,0.230786,0.106918,,,,,,,,GLOBAL_BASELINE_NO_ENTITY_RANKING,,,NOT_APPLICABLE_GLOBAL_BASELINE,HF9g-P5,,,,X 全窗基线 · 不参与实体赏罚,15055379,1506,A168_HF9F_20260827_0900,2026-08-27 09:00:00
2026-05-15,92755421,2196,0,5011.8389897393,1973.1649565903,1973.1649565903,0.7142857,7,7,0.49899058571428571,0.498990585714,1.1392370589461878,1.139237058947701,1.1392370589461878,2.8571E-13,ELIGIBLE,R03b_20260811_FULL_v1,L1_ELIGIBILITY,v2026-08-11,2026-03-21..2026-08-06,baccarat_bet02_101_all_pairs_incl_sentinel,round_win = game_pnl > 0 (decisive only),COMPATIBILITY_ONLY_NOT_PRODUCTION,2500103.8841,2280641.3266,9883.8276,11764,10369,-0.00395337,-0.05088190,-0.00239824,-0.00395337,-9883.8276,2500103.8841,OK,0.0000,395.3531,4.0000,96.0000,AG03-UNRESOLVED,ALL5_LEVELS_bet23_to_bet27,395.3531,395.3531,395.3531,395.3531,395.3531,4.000000,4.000000,4.000000,4.000000,4.000000,96.000000,96.000000,96.000000,96.000000,96.000000,5.0,1976.7655,1824.8244,7907.0621,8059.0032,PENDING_AG03,FALSE,NOT_FOR_ENFORCEMENT,9488.4745,2189415.6736,9883.8276,9488.4745,395.3531,0.00395337,0.00379523,395.3531,9488.4745,0.00379523,395.3531,395.3531,395.3531,395.3531,395.3531,9488.4745,0.00379523,1976.7655,1824.8244,7907.0621,8059.0032,0.00316269,0.00322347,0.00015813,212.5216,219.9480,0.9532,119.0823,2.3972,30121.7335,124.9277,49.0469,238.9093,36.5364,75.9244,374.9013,749.8027,789.266,1183.8989,75.8035,-1.1839,10.395423,15.593133,2.799122,29,215,300,5,0.03207536,0.00395337,0.05088190,0E-8,0.000000,0.912219,0.000000,-0.04848366,2026-03-31,2026-08-01,83,4123,1621,124,0.669355,0.205295,0.230786,0.106918,,,,,,,,GLOBAL_BASELINE_NO_ENTITY_RANKING,,,NOT_APPLICABLE_GLOBAL_BASELINE,HF9g-P5,,,,X 全窗基线 · 不参与实体赏罚,15055380,1506,A168_HF9F_20260827_0900,2026-08-27 09:00:00
2026-05-15,92755421,2209,0,78.9265982636,-78.9265982636,-78.9265982636,0E-7,1,1,0.49324550000000000,0.493245500000,-0.9865810262130424,-0.9865810262130424,-0.9865810262130424,0E-17,ELIGIBLE,R03b_20260811_FULL_v1,L1_ELIGIBILITY,v2026-08-11,2026-03-21..2026-08-06,baccarat_bet02_101_all_pairs_incl_sentinel,round_win = game_pnl > 0 (decisive only),COMPATIBILITY_ONLY_NOT_PRODUCTION,2500103.8841,2280641.3266,9883.8276,11764,10369,-0.00395337,-0.05088190,-0.00239824,-0.00395337,-9883.8276,2500103.8841,OK,0.0000,395.3531,4.0000,96.0000,AG03-UNRESOLVED,ALL5_LEVELS_bet23_to_bet27,395.3531,395.3531,395.3531,395.3531,395.3531,4.000000,4.000000,4.000000,4.000000,4.000000,96.000000,96.000000,96.000000,96.000000,96.000000,5.0,1976.7655,1824.8244,7907.0621,8059.0032,PENDING_AG03,FALSE,NOT_FOR_ENFORCEMENT,9488.4745,2189415.6736,9883.8276,9488.4745,395.3531,0.00395337,0.00379523,395.3531,9488.4745,0.00379523,395.3531,395.3531,395.3531,395.3531,395.3531,9488.4745,0.00379523,1976.7655,1824.8244,7907.0621,8059.0032,0.00316269,0.00322347,0.00015813,212.5216,219.9480,0.9532,119.0823,2.3972,30121.7335,124.9277,49.0469,238.9093,36.5364,75.9244,374.9013,749.8027,789.266,1183.8989,75.8035,-1.1839,10.395423,15.593133,2.799122,29,215,300,5,0.03207536,0.00395337,0.05088190,0E-8,0.000000,0.912219,0.000000,-0.04848366,2026-03-31,2026-08-01,83,4123,1621,124,0.669355,0.205295,0.230786,0.106918,,,,,,,,GLOBAL_BASELINE_NO_ENTITY_RANKING,,,NOT_APPLICABLE_GLOBAL_BASELINE,HF9g-P5,,,,X 全窗基线 · 不参与实体赏罚,15055381,1506,A168_HF9F_20260827_0900,2026-08-27 09:00:00
2026-05-15,92755421,2212,0,157.8531965272,-78.9265982636,-78.9265982636,0E-7,2,2,0.49324550000000000,0.493245500000,-0.9865810262130424,-0.9865810262130424,-0.9865810262130424,0E-17,ELIGIBLE,R03b_20260811_FULL_v1,L1_ELIGIBILITY,v2026-08-11,2026-03-21..2026-08-06,baccarat_bet02_101_all_pairs_incl_sentinel,round_win = game_pnl > 0 (decisive only),COMPATIBILITY_ONLY_NOT_PRODUCTION,2500103.8841,2280641.3266,9883.8276,11764,10369,-0.00395337,-0.05088190,-0.00239824,-0.00395337,-9883.8276,2500103.8841,OK,0.0000,395.3531,4.0000,96.0000,AG03-UNRESOLVED,ALL5_LEVELS_bet23_to_bet27,395.3531,395.3531,395.3531,395.3531,395.3531,4.000000,4.000000,4.000000,4.000000,4.000000,96.000000,96.000000,96.000000,96.000000,96.000000,5.0,1976.7655,1824.8244,7907.0621,8059.0032,PENDING_AG03,FALSE,NOT_FOR_ENFORCEMENT,9488.4745,2189415.6736,9883.8276,9488.4745,395.3531,0.00395337,0.00379523,395.3531,9488.4745,0.00379523,395.3531,395.3531,395.3531,395.3531,395.3531,9488.4745,0.00379523,1976.7655,1824.8244,7907.0621,8059.0032,0.00316269,0.00322347,0.00015813,212.5216,219.9480,0.9532,119.0823,2.3972,30121.7335,124.9277,49.0469,238.9093,36.5364,75.9244,374.9013,749.8027,789.266,1183.8989,75.8035,-1.1839,10.395423,15.593133,2.799122,29,215,300,5,0.03207536,0.00395337,0.05088190,0E-8,0.000000,0.912219,0.000000,-0.04848366,2026-03-31,2026-08-01,83,4123,1621,124,0.669355,0.205295,0.230786,0.106918,,,,,,,,GLOBAL_BASELINE_NO_ENTITY_RANKING,,,NOT_APPLICABLE_GLOBAL_BASELINE,HF9g-P5,,,,X 全窗基线 · 不参与实体赏罚,15055382,1506,A168_HF9F_20260827_0900,2026-08-27 09:00:00
2026-05-15,92755421,2216,0,3196.5272296762,-714.2857142857,-714.2857142857,0.5000000,5,5,0.50128862000000000,0.501288620000,-0.0051544971185412255,-0.0051544971185412255,-0.0051544971185412255,0E-17,ELIGIBLE,R03b_20260811_FULL_v1,L1_ELIGIBILITY,v2026-08-11,2026-03-21..2026-08-06,baccarat_bet02_101_all_pairs_incl_sentinel,round_win = game_pnl > 0 (decisive only),COMPATIBILITY_ONLY_NOT_PRODUCTION,2500103.8841,2280641.3266,9883.8276,11764,10369,-0.00395337,-0.05088190,-0.00239824,-0.00395337,-9883.8276,2500103.8841,OK,0.0000,395.3531,4.0000,96.0000,AG03-UNRESOLVED,ALL5_LEVELS_bet23_to_bet27,395.3531,395.3531,395.3531,395.3531,395.3531,4.000000,4.000000,4.000000,4.000000,4.000000,96.000000,96.000000,96.000000,96.000000,96.000000,5.0,1976.7655,1824.8244,7907.0621,8059.0032,PENDING_AG03,FALSE,NOT_FOR_ENFORCEMENT,9488.4745,2189415.6736,9883.8276,9488.4745,395.3531,0.00395337,0.00379523,395.3531,9488.4745,0.00379523,395.3531,395.3531,395.3531,395.3531,395.3531,9488.4745,0.00379523,1976.7655,1824.8244,7907.0621,8059.0032,0.00316269,0.00322347,0.00015813,212.5216,219.9480,0.9532,119.0823,2.3972,30121.7335,124.9277,49.0469,238.9093,36.5364,75.9244,374.9013,749.8027,789.266,1183.8989,75.8035,-1.1839,10.395423,15.593133,2.799122,29,215,300,5,0.03207536,0.00395337,0.05088190,0E-8,0.000000,0.912219,0.000000,-0.04848366,2026-03-31,2026-08-01,83,4123,1621,124,0.669355,0.205295,0.230786,0.106918,,,,,,,,GLOBAL_BASELINE_NO_ENTITY_RANKING,,,NOT_APPLICABLE_GLOBAL_BASELINE,HF9g-P5,,,,X 全窗基线 · 不参与实体赏罚,15055383,1506,A168_HF9F_20260827_0900,2026-08-27 09:00:00
2026-05-15,92755421,2218,0,118.3898973954,-118.3898973954,-118.3898973954,0E-7,1,1,0.50665070000000000,0.506650700000,-1.013391052207602,-1.013391052207602,-1.013391052207602,0E-17,ELIGIBLE,R03b_20260811_FULL_v1,L1_ELIGIBILITY,v2026-08-11,2026-03-21..2026-08-06,baccarat_bet02_101_all_pairs_incl_sentinel,round_win = game_pnl > 0 (decisive only),COMPATIBILITY_ONLY_NOT_PRODUCTION,2500103.8841,2280641.3266,9883.8276,11764,10369,-0.00395337,-0.05088190,-0.00239824,-0.00395337,-9883.8276,2500103.8841,OK,0.0000,395.3531,4.0000,96.0000,AG03-UNRESOLVED,ALL5_LEVELS_bet23_to_bet27,395.3531,395.3531,395.3531,395.3531,395.3531,4.000000,4.000000,4.000000,4.000000,4.000000,96.000000,96.000000,96.000000,96.000000,96.000000,5.0,1976.7655,1824.8244,7907.0621,8059.0032,PENDING_AG03,FALSE,NOT_FOR_ENFORCEMENT,9488.4745,2189415.6736,9883.8276,9488.4745,395.3531,0.00395337,0.00379523,395.3531,9488.4745,0.00379523,395.3531,395.3531,395.3531,395.3531,395.3531,9488.4745,0.00379523,1976.7655,1824.8244,7907.0621,8059.0032,0.00316269,0.00322347,0.00015813,212.5216,219.9480,0.9532,119.0823,2.3972,30121.7335,124.9277,49.0469,238.9093,36.5364,75.9244,374.9013,749.8027,789.266,1183.8989,75.8035,-1.1839,10.395423,15.593133,2.799122,29,215,300,5,0.03207536,0.00395337,0.05088190,0E-8,0.000000,0.912219,0.000000,-0.04848366,2026-03-31,2026-08-01,83,4123,1621,124,0.669355,0.205295,0.230786,0.106918,,,,,,,,GLOBAL_BASELINE_NO_ENTITY_RANKING,,,NOT_APPLICABLE_GLOBAL_BASELINE,HF9g-P5,,,,X 全窗基线 · 不参与实体赏罚,15055384,1506,A168_HF9F_20260827_0900,2026-08-27 09:00:00
2026-05-15,92755421,2220,0,1578.5319652722,-1578.5319652722,-1578.5319652722,0E-7,2,2,0.49994810000000000,0.499948100000,-1.4140667746232096,-1.4140667746232096,-1.4140667746232096,0E-17,ELIGIBLE,R03b_20260811_FULL_v1,L1_ELIGIBILITY,v2026-08-11,2026-03-21..2026-08-06,baccarat_bet02_101_all_pairs_incl_sentinel,round_win = game_pnl > 0 (decisive only),COMPATIBILITY_ONLY_NOT_PRODUCTION,2500103.8841,2280641.3266,9883.8276,11764,10369,-0.00395337,-0.05088190,-0.00239824,-0.00395337,-9883.8276,2500103.8841,OK,0.0000,395.3531,4.0000,96.0000,AG03-UNRESOLVED,ALL5_LEVELS_bet23_to_bet27,395.3531,395.3531,395.3531,395.3531,395.3531,4.000000,4.000000,4.000000,4.000000,4.000000,96.000000,96.000000,96.000000,96.000000,96.000000,5.0,1976.7655,1824.8244,7907.0621,8059.0032,PENDING_AG03,FALSE,NOT_FOR_ENFORCEMENT,9488.4745,2189415.6736,9883.8276,9488.4745,395.3531,0.00395337,0.00379523,395.3531,9488.4745,0.00379523,395.3531,395.3531,395.3531,395.3531,395.3531,9488.4745,0.00379523,1976.7655,1824.8244,7907.0621,8059.0032,0.00316269,0.00322347,0.00015813,212.5216,219.9480,0.9532,119.0823,2.3972,30121.7335,124.9277,49.0469,238.9093,36.5364,75.9244,374.9013,749.8027,789.266,1183.8989,75.8035,-1.1839,10.395423,15.593133,2.799122,29,215,300,5,0.03207536,0.00395337,0.05088190,0E-8,0.000000,0.912219,0.000000,-0.04848366,2026-03-31,2026-08-01,83,4123,1621,124,0.669355,0.205295,0.230786,0.106918,,,,,,,,GLOBAL_BASELINE_NO_ENTITY_RANKING,,,NOT_APPLICABLE_GLOBAL_BASELINE,HF9g-P5,,,,X 全窗基线 · 不参与实体赏罚,15055385,1506,A168_HF9F_20260827_0900,2026-08-27 09:00:00
2026-05-15,92755421,2224,0,78.9265982636,-78.9265982636,-78.9265982636,0E-7,1,1,0.49324550000000000,0.493245500000,-0.9865810262130424,-0.9865810262130424,-0.9865810262130424,0E-17,ELIGIBLE,R03b_20260811_FULL_v1,L1_ELIGIBILITY,v2026-08-11,2026-03-21..2026-08-06,baccarat_bet02_101_all_pairs_incl_sentinel,round_win = game_pnl > 0 (decisive only),COMPATIBILITY_ONLY_NOT_PRODUCTION,2500103.8841,2280641.3266,9883.8276,11764,10369,-0.00395337,-0.05088190,-0.00239824,-0.00395337,-9883.8276,2500103.8841,OK,0.0000,395.3531,4.0000,96.0000,AG03-UNRESOLVED,ALL5_LEVELS_bet23_to_bet27,395.3531,395.3531,395.3531,395.3531,395.3531,4.000000,4.000000,4.000000,4.000000,4.000000,96.000000,96.000000,96.000000,96.000000,96.000000,5.0,1976.7655,1824.8244,7907.0621,8059.0032,PENDING_AG03,FALSE,NOT_FOR_ENFORCEMENT,9488.4745,2189415.6736,9883.8276,9488.4745,395.3531,0.00395337,0.00379523,395.3531,9488.4745,0.00379523,395.3531,395.3531,395.3531,395.3531,395.3531,9488.4745,0.00379523,1976.7655,1824.8244,7907.0621,8059.0032,0.00316269,0.00322347,0.00015813,212.5216,219.9480,0.9532,119.0823,2.3972,30121.7335,124.9277,49.0469,238.9093,36.5364,75.9244,374.9013,749.8027,789.266,1183.8989,75.8035,-1.1839,10.395423,15.593133,2.799122,29,215,300,5,0.03207536,0.00395337,0.05088190,0E-8,0.000000,0.912219,0.000000,-0.04848366,2026-03-31,2026-08-01,83,4123,1621,124,0.669355,0.205295,0.230786,0.106918,,,,,,,,GLOBAL_BASELINE_NO_ENTITY_RANKING,,,NOT_APPLICABLE_GLOBAL_BASELINE,HF9g-P5,,,,X 全窗基线 · 不参与实体赏罚,15055386,1506,A168_HF9F_20260827_0900,2026-08-27 09:00:00
2026-05-15,92755421,2233,0,3235.9905288080,1499.6053670086,1499.6053670086,0.6000000,5,5,0.49860758000000000,0.498607580000,0.4534424453485946,0.4534424453485946,0.4534424453485946,0E-17,ELIGIBLE,R03b_20260811_FULL_v1,L1_ELIGIBILITY,v2026-08-11,2026-03-21..2026-08-06,baccarat_bet02_101_all_pairs_incl_sentinel,round_win = game_pnl > 0 (decisive only),COMPATIBILITY_ONLY_NOT_PRODUCTION,2500103.8841,2280641.3266,9883.8276,11764,10369,-0.00395337,-0.05088190,-0.00239824,-0.00395337,-9883.8276,2500103.8841,OK,0.0000,395.3531,4.0000,96.0000,AG03-UNRESOLVED,ALL5_LEVELS_bet23_to_bet27,395.3531,395.3531,395.3531,395.3531,395.3531,4.000000,4.000000,4.000000,4.000000,4.000000,96.000000,96.000000,96.000000,96.000000,96.000000,5.0,1976.7655,1824.8244,7907.0621,8059.0032,PENDING_AG03,FALSE,NOT_FOR_ENFORCEMENT,9488.4745,2189415.6736,9883.8276,9488.4745,395.3531,0.00395337,0.00379523,395.3531,9488.4745,0.00379523,395.3531,395.3531,395.3531,395.3531,395.3531,9488.4745,0.00379523,1976.7655,1824.8244,7907.0621,8059.0032,0.00316269,0.00322347,0.00015813,212.5216,219.9480,0.9532,119.0823,2.3972,30121.7335,124.9277,49.0469,238.9093,36.5364,75.9244,374.9013,749.8027,789.266,1183.8989,75.8035,-1.1839,10.395423,15.593133,2.799122,29,215,300,5,0.03207536,0.00395337,0.05088190,0E-8,0.000000,0.912219,0.000000,-0.04848366,2026-03-31,2026-08-01,83,4123,1621,124,0.669355,0.205295,0.230786,0.106918,,,,,,,,GLOBAL_BASELINE_NO_ENTITY_RANKING,,,NOT_APPLICABLE_GLOBAL_BASELINE,HF9g-P5,,,,X 全窗基线 · 不参与实体赏罚,15055387,1506,A168_HF9F_20260827_0900,2026-08-27 09:00:00
2026-05-15,92755421,2239,0,78.9265982636,-78.9265982636,-78.9265982636,0E-7,1,1,0.50665070000000000,0.506650700000,-1.013391052207602,-1.013391052207602,-1.013391052207602,0E-17,ELIGIBLE,R03b_20260811_FULL_v1,L1_ELIGIBILITY,v2026-08-11,2026-03-21..2026-08-06,baccarat_bet02_101_all_pairs_incl_sentinel,round_win = game_pnl > 0 (decisive only),COMPATIBILITY_ONLY_NOT_PRODUCTION,2500103.8841,2280641.3266,9883.8276,11764,10369,-0.00395337,-0.05088190,-0.00239824,-0.00395337,-9883.8276,2500103.8841,OK,0.0000,395.3531,4.0000,96.0000,AG03-UNRESOLVED,ALL5_LEVELS_bet23_to_bet27,395.3531,395.3531,395.3531,395.3531,395.3531,4.000000,4.000000,4.000000,4.000000,4.000000,96.000000,96.000000,96.000000,96.000000,96.000000,5.0,1976.7655,1824.8244,7907.0621,8059.0032,PENDING_AG03,FALSE,NOT_FOR_ENFORCEMENT,9488.4745,2189415.6736,9883.8276,9488.4745,395.3531,0.00395337,0.00379523,395.3531,9488.4745,0.00379523,395.3531,395.3531,395.3531,395.3531,395.3531,9488.4745,0.00379523,1976.7655,1824.8244,7907.0621,8059.0032,0.00316269,0.00322347,0.00015813,212.5216,219.9480,0.9532,119.0823,2.3972,30121.7335,124.9277,49.0469,238.9093,36.5364,75.9244,374.9013,749.8027,789.266,1183.8989,75.8035,-1.1839,10.395423,15.593133,2.799122,29,215,300,5,0.03207536,0.00395337,0.05088190,0E-8,0.000000,0.912219,0.000000,-0.04848366,2026-03-31,2026-08-01,83,4123,1621,124,0.669355,0.205295,0.230786,0.106918,,,,,,,,GLOBAL_BASELINE_NO_ENTITY_RANKING,,,NOT_APPLICABLE_GLOBAL_BASELINE,HF9g-P5,,,,X 全窗基线 · 不参与实体赏罚,15055388,1506,A168_HF9F_20260827_0900,2026-08-27 09:00:00
2026-05-15,92755421,2241,0,2521.7048145223,-631.4127861089,-631.4127861089,0.3750000,8,8,0.49827245000000000,0.498272450000,-0.6973384449544185,-0.6973384449544185,-0.6973384449544185,0E-17,ELIGIBLE,R03b_20260811_FULL_v1,L1_ELIGIBILITY,v2026-08-11,2026-03-21..2026-08-06,baccarat_bet02_101_all_pairs_incl_sentinel,round_win = game_pnl > 0 (decisive only),COMPATIBILITY_ONLY_NOT_PRODUCTION,2500103.8841,2280641.3266,9883.8276,11764,10369,-0.00395337,-0.05088190,-0.00239824,-0.00395337,-9883.8276,2500103.8841,OK,0.0000,395.3531,4.0000,96.0000,AG03-UNRESOLVED,ALL5_LEVELS_bet23_to_bet27,395.3531,395.3531,395.3531,395.3531,395.3531,4.000000,4.000000,4.000000,4.000000,4.000000,96.000000,96.000000,96.000000,96.000000,96.000000,5.0,1976.7655,1824.8244,7907.0621,8059.0032,PENDING_AG03,FALSE,NOT_FOR_ENFORCEMENT,9488.4745,2189415.6736,9883.8276,9488.4745,395.3531,0.00395337,0.00379523,395.3531,9488.4745,0.00379523,395.3531,395.3531,395.3531,395.3531,395.3531,9488.4745,0.00379523,1976.7655,1824.8244,7907.0621,8059.0032,0.00316269,0.00322347,0.00015813,212.5216,219.9480,0.9532,119.0823,2.3972,30121.7335,124.9277,49.0469,238.9093,36.5364,75.9244,374.9013,749.8027,789.266,1183.8989,75.8035,-1.1839,10.395423,15.593133,2.799122,29,215,300,5,0.03207536,0.00395337,0.05088190,0E-8,0.000000,0.912219,0.000000,-0.04848366,2026-03-31,2026-08-01,83,4123,1621,124,0.669355,0.205295,0.230786,0.106918,,,,,,,,GLOBAL_BASELINE_NO_ENTITY_RANKING,,,NOT_APPLICABLE_GLOBAL_BASELINE,HF9g-P5,,,,X 全窗基线 · 不参与实体赏罚,15055389,1506,A168_HF9F_20260827_0900,2026-08-27 09:00:00
2026-05-15,92755421,2256,0,5680.7419100234,868.1925808998,868.1925808998,0.6000000,12,10,0.50004010079482181,0.476897830000,0.6322019143716905,0.7793988750618831,0.6322019143716905,0.02314227079482181,ELIGIBLE,R03b_20260811_FULL_v1,L1_ELIGIBILITY,v2026-08-11,2026-03-21..2026-08-06,baccarat_bet02_101_all_pairs_incl_sentinel,round_win = game_pnl > 0 (decisive only),COMPATIBILITY_ONLY_NOT_PRODUCTION,2500103.8841,2280641.3266,9883.8276,11764,10369,-0.00395337,-0.05088190,-0.00239824,-0.00395337,-9883.8276,2500103.8841,OK,0.0000,395.3531,4.0000,96.0000,AG03-UNRESOLVED,ALL5_LEVELS_bet23_to_bet27,395.3531,395.3531,395.3531,395.3531,395.3531,4.000000,4.000000,4.000000,4.000000,4.000000,96.000000,96.000000,96.000000,96.000000,96.000000,5.0,1976.7655,1824.8244,7907.0621,8059.0032,PENDING_AG03,FALSE,NOT_FOR_ENFORCEMENT,9488.4745,2189415.6736,9883.8276,9488.4745,395.3531,0.00395337,0.00379523,395.3531,9488.4745,0.00379523,395.3531,395.3531,395.3531,395.3531,395.3531,9488.4745,0.00379523,1976.7655,1824.8244,7907.0621,8059.0032,0.00316269,0.00322347,0.00015813,212.5216,219.9480,0.9532,119.0823,2.3972,30121.7335,124.9277,49.0469,238.9093,36.5364,75.9244,374.9013,749.8027,789.266,1183.8989,75.8035,-1.1839,10.395423,15.593133,2.799122,29,215,300,5,0.03207536,0.00395337,0.05088190,0E-8,0.000000,0.912219,0.000000,-0.04848366,2026-03-31,2026-08-01,83,4123,1621,124,0.669355,0.205295,0.230786,0.106918,,,,,,,,GLOBAL_BASELINE_NO_ENTITY_RANKING,,,NOT_APPLICABLE_GLOBAL_BASELINE,HF9g-P5,,,,X 全窗基线 · 不参与实体赏罚,15055390,1506,A168_HF9F_20260827_0900,2026-08-27 09:00:00
2026-05-15,92755421,2266,0,333.8595106551,310.3788476717,310.3788476717,1.0000000,5,3,0.49261069463867690,0.341811233333,1.7578400852725313,2.4034920759343077,1.7578400852725313,0.15079946130567690,ELIGIBLE,R03b_20260811_FULL_v1,L1_ELIGIBILITY,v2026-08-11,2026-03-21..2026-08-06,baccarat_bet02_101_all_pairs_incl_sentinel,round_win = game_pnl > 0 (decisive only),COMPATIBILITY_ONLY_NOT_PRODUCTION,2500103.8841,2280641.3266,9883.8276,11764,10369,-0.00395337,-0.05088190,-0.00239824,-0.00395337,-9883.8276,2500103.8841,OK,0.0000,395.3531,4.0000,96.0000,AG03-UNRESOLVED,ALL5_LEVELS_bet23_to_bet27,395.3531,395.3531,395.3531,395.3531,395.3531,4.000000,4.000000,4.000000,4.000000,4.000000,96.000000,96.000000,96.000000,96.000000,96.000000,5.0,1976.7655,1824.8244,7907.0621,8059.0032,PENDING_AG03,FALSE,NOT_FOR_ENFORCEMENT,9488.4745,2189415.6736,9883.8276,9488.4745,395.3531,0.00395337,0.00379523,395.3531,9488.4745,0.00379523,395.3531,395.3531,395.3531,395.3531,395.3531,9488.4745,0.00379523,1976.7655,1824.8244,7907.0621,8059.0032,0.00316269,0.00322347,0.00015813,212.5216,219.9480,0.9532,119.0823,2.3972,30121.7335,124.9277,49.0469,238.9093,36.5364,75.9244,374.9013,749.8027,789.266,1183.8989,75.8035,-1.1839,10.395423,15.593133,2.799122,29,215,300,5,0.03207536,0.00395337,0.05088190,0E-8,0.000000,0.912219,0.000000,-0.04848366,2026-03-31,2026-08-01,83,4123,1621,124,0.669355,0.205295,0.230786,0.106918,,,,,,,,GLOBAL_BASELINE_NO_ENTITY_RANKING,,,NOT_APPLICABLE_GLOBAL_BASELINE,HF9g-P5,,,,X 全窗基线 · 不参与实体赏罚,15055391,1506,A168_HF9F_20260827_0900,2026-08-27 09:00:00
2026-05-15,92755421,529,0,1681.5311760062,3.7490134175,3.7490134175,0.5000000,5,4,0.49925451725149385,0.440646775000,0.002981934308413793,0.2391035070213683,0.002981934308413793,0.05860774225149385,ELIGIBLE,R03b_20260811_FULL_v1,L1_ELIGIBILITY,v2026-08-11,2026-03-21..2026-08-06,baccarat_bet02_101_all_pairs_incl_sentinel,round_win = game_pnl > 0 (decisive only),COMPATIBILITY_ONLY_NOT_PRODUCTION,2500103.8841,2280641.3266,9883.8276,11764,10369,-0.00395337,-0.05088190,-0.00239824,-0.00395337,-9883.8276,2500103.8841,OK,0.0000,395.3531,4.0000,96.0000,AG03-UNRESOLVED,ALL5_LEVELS_bet23_to_bet27,395.3531,395.3531,395.3531,395.3531,395.3531,4.000000,4.000000,4.000000,4.000000,4.000000,96.000000,96.000000,96.000000,96.000000,96.000000,5.0,1976.7655,1824.8244,7907.0621,8059.0032,PENDING_AG03,FALSE,NOT_FOR_ENFORCEMENT,9488.4745,2189415.6736,9883.8276,9488.4745,395.3531,0.00395337,0.00379523,395.3531,9488.4745,0.00379523,395.3531,395.3531,395.3531,395.3531,395.3531,9488.4745,0.00379523,1976.7655,1824.8244,7907.0621,8059.0032,0.00316269,0.00322347,0.00015813,212.5216,219.9480,0.9532,119.0823,2.3972,30121.7335,124.9277,49.0469,238.9093,36.5364,75.9244,374.9013,749.8027,789.266,1183.8989,75.8035,-1.1839,10.395423,15.593133,2.799122,29,215,300,5,0.03207536,0.00395337,0.05088190,0E-8,0.000000,0.912219,0.000000,-0.04848366,2026-03-31,2026-08-01,83,4123,1621,124,0.669355,0.205295,0.230786,0.106918,,,,,,,,GLOBAL_BASELINE_NO_ENTITY_RANKING,,,NOT_APPLICABLE_GLOBAL_BASELINE,HF9g-P5,,,,X 全窗基线 · 不参与实体赏罚,15055392,1506,A168_HF9F_20260827_0900,2026-08-27 09:00:00
2026-05-15,92755421,583,0,394.6329913181,394.6329913181,394.6329913181,1.0000000,1,1,0.49324550000000000,0.493245500000,1.01360149184955,1.01360149184955,1.01360149184955,0E-17,ELIGIBLE,R03b_20260811_FULL_v1,L1_ELIGIBILITY,v2026-08-11,2026-03-21..2026-08-06,baccarat_bet02_101_all_pairs_incl_sentinel,round_win = game_pnl > 0 (decisive only),COMPATIBILITY_ONLY_NOT_PRODUCTION,2500103.8841,2280641.3266,9883.8276,11764,10369,-0.00395337,-0.05088190,-0.00239824,-0.00395337,-9883.8276,2500103.8841,OK,0.0000,395.3531,4.0000,96.0000,AG03-UNRESOLVED,ALL5_LEVELS_bet23_to_bet27,395.3531,395.3531,395.3531,395.3531,395.3531,4.000000,4.000000,4.000000,4.000000,4.000000,96.000000,96.000000,96.000000,96.000000,96.000000,5.0,1976.7655,1824.8244,7907.0621,8059.0032,PENDING_AG03,FALSE,NOT_FOR_ENFORCEMENT,9488.4745,2189415.6736,9883.8276,9488.4745,395.3531,0.00395337,0.00379523,395.3531,9488.4745,0.00379523,395.3531,395.3531,395.3531,395.3531,395.3531,9488.4745,0.00379523,1976.7655,1824.8244,7907.0621,8059.0032,0.00316269,0.00322347,0.00015813,212.5216,219.9480,0.9532,119.0823,2.3972,30121.7335,124.9277,49.0469,238.9093,36.5364,75.9244,374.9013,749.8027,789.266,1183.8989,75.8035,-1.1839,10.395423,15.593133,2.799122,29,215,300,5,0.03207536,0.00395337,0.05088190,0E-8,0.000000,0.912219,0.000000,-0.04848366,2026-03-31,2026-08-01,83,4123,1621,124,0.669355,0.205295,0.230786,0.106918,,,,,,,,GLOBAL_BASELINE_NO_ENTITY_RANKING,,,NOT_APPLICABLE_GLOBAL_BASELINE,HF9g-P5,,,,X 全窗基线 · 不参与实体赏罚,15055393,1506,A168_HF9F_20260827_0900,2026-08-27 09:00:00
2026-05-15,92755421,789,0,182.7150749802,-36.5035516969,-36.5035516969,0.3333333,5,3,0.49892278358788049,0.341811233333,-0.573620013329913,-0.030958543356713802,-0.573620013329913,0.15711155025488049,ELIGIBLE,R03b_20260811_FULL_v1,L1_ELIGIBILITY,v2026-08-11,2026-03-21..2026-08-06,baccarat_bet02_101_all_pairs_incl_sentinel,round_win = game_pnl > 0 (decisive only),COMPATIBILITY_ONLY_NOT_PRODUCTION,2500103.8841,2280641.3266,9883.8276,11764,10369,-0.00395337,-0.05088190,-0.00239824,-0.00395337,-9883.8276,2500103.8841,OK,0.0000,395.3531,4.0000,96.0000,AG03-UNRESOLVED,ALL5_LEVELS_bet23_to_bet27,395.3531,395.3531,395.3531,395.3531,395.3531,4.000000,4.000000,4.000000,4.000000,4.000000,96.000000,96.000000,96.000000,96.000000,96.000000,5.0,1976.7655,1824.8244,7907.0621,8059.0032,PENDING_AG03,FALSE,NOT_FOR_ENFORCEMENT,9488.4745,2189415.6736,9883.8276,9488.4745,395.3531,0.00395337,0.00379523,395.3531,9488.4745,0.00379523,395.3531,395.3531,395.3531,395.3531,395.3531,9488.4745,0.00379523,1976.7655,1824.8244,7907.0621,8059.0032,0.00316269,0.00322347,0.00015813,212.5216,219.9480,0.9532,119.0823,2.3972,30121.7335,124.9277,49.0469,238.9093,36.5364,75.9244,374.9013,749.8027,789.266,1183.8989,75.8035,-1.1839,10.395423,15.593133,2.799122,29,215,300,5,0.03207536,0.00395337,0.05088190,0E-8,0.000000,0.912219,0.000000,-0.04848366,2026-03-31,2026-08-01,83,4123,1621,124,0.669355,0.205295,0.230786,0.106918,,,,,,,,GLOBAL_BASELINE_NO_ENTITY_RANKING,,,NOT_APPLICABLE_GLOBAL_BASELINE,HF9g-P5,,,,X 全窗基线 · 不参与实体赏罚,15055394,1506,A168_HF9F_20260827_0900,2026-08-27 09:00:00
2026-05-15,92755421,919,0,3380.0315706391,-1764.0094711917,-1764.0094711917,0.2222222,10,9,0.50053825184098979,0.474336688889,-1.6698971453015368,-1.5146832733379856,-1.6698971453015368,0.02620156295198979,ELIGIBLE,R03b_20260811_FULL_v1,L1_ELIGIBILITY,v2026-08-11,2026-03-21..2026-08-06,baccarat_bet02_101_all_pairs_incl_sentinel,round_win = game_pnl > 0 (decisive only),COMPATIBILITY_ONLY_NOT_PRODUCTION,2500103.8841,2280641.3266,9883.8276,11764,10369,-0.00395337,-0.05088190,-0.00239824,-0.00395337,-9883.8276,2500103.8841,OK,0.0000,395.3531,4.0000,96.0000,AG03-UNRESOLVED,ALL5_LEVELS_bet23_to_bet27,395.3531,395.3531,395.3531,395.3531,395.3531,4.000000,4.000000,4.000000,4.000000,4.000000,96.000000,96.000000,96.000000,96.000000,96.000000,5.0,1976.7655,1824.8244,7907.0621,8059.0032,PENDING_AG03,FALSE,NOT_FOR_ENFORCEMENT,9488.4745,2189415.6736,9883.8276,9488.4745,395.3531,0.00395337,0.00379523,395.3531,9488.4745,0.00379523,395.3531,395.3531,395.3531,395.3531,395.3531,9488.4745,0.00379523,1976.7655,1824.8244,7907.0621,8059.0032,0.00316269,0.00322347,0.00015813,212.5216,219.9480,0.9532,119.0823,2.3972,30121.7335,124.9277,49.0469,238.9093,36.5364,75.9244,374.9013,749.8027,789.266,1183.8989,75.8035,-1.1839,10.395423,15.593133,2.799122,29,215,300,5,0.03207536,0.00395337,0.05088190,0E-8,0.000000,0.912219,0.000000,-0.04848366,2026-03-31,2026-08-01,83,4123,1621,124,0.669355,0.205295,0.230786,0.106918,,,,,,,,GLOBAL_BASELINE_NO_ENTITY_RANKING,,,NOT_APPLICABLE_GLOBAL_BASELINE,HF9g-P5,,,,X 全窗基线 · 不参与实体赏罚,15055395,1506,A168_HF9F_20260827_0900,2026-08-27 09:00:00
2026-05-15,92755421,925,0,230.8602999211,0E-10,0E-10,0.5000000,3,2,0.49578660350875343,0.381345450000,0.01191770807389485,0.3454745057990616,0.01191770807389485,0.11444115350875343,ELIGIBLE,R03b_20260811_FULL_v1,L1_ELIGIBILITY,v2026-08-11,2026-03-21..2026-08-06,baccarat_bet02_101_all_pairs_incl_sentinel,round_win = game_pnl > 0 (decisive only),COMPATIBILITY_ONLY_NOT_PRODUCTION,2500103.8841,2280641.3266,9883.8276,11764,10369,-0.00395337,-0.05088190,-0.00239824,-0.00395337,-9883.8276,2500103.8841,OK,0.0000,395.3531,4.0000,96.0000,AG03-UNRESOLVED,ALL5_LEVELS_bet23_to_bet27,395.3531,395.3531,395.3531,395.3531,395.3531,4.000000,4.000000,4.000000,4.000000,4.000000,96.000000,96.000000,96.000000,96.000000,96.000000,5.0,1976.7655,1824.8244,7907.0621,8059.0032,PENDING_AG03,FALSE,NOT_FOR_ENFORCEMENT,9488.4745,2189415.6736,9883.8276,9488.4745,395.3531,0.00395337,0.00379523,395.3531,9488.4745,0.00379523,395.3531,395.3531,395.3531,395.3531,395.3531,9488.4745,0.00379523,1976.7655,1824.8244,7907.0621,8059.0032,0.00316269,0.00322347,0.00015813,212.5216,219.9480,0.9532,119.0823,2.3972,30121.7335,124.9277,49.0469,238.9093,36.5364,75.9244,374.9013,749.8027,789.266,1183.8989,75.8035,-1.1839,10.395423,15.593133,2.799122,29,215,300,5,0.03207536,0.00395337,0.05088190,0E-8,0.000000,0.912219,0.000000,-0.04848366,2026-03-31,2026-08-01,83,4123,1621,124,0.669355,0.205295,0.230786,0.106918,,,,,,,,GLOBAL_BASELINE_NO_ENTITY_RANKING,,,NOT_APPLICABLE_GLOBAL_BASELINE,HF9g-P5,,,,X 全窗基线 · 不参与实体赏罚,15055396,1506,A168_HF9F_20260827_0900,2026-08-27 09:00:00
2026-05-15,92755421,948,0,477.5059194949,-477.5059194949,-477.5059194949,0E-7,3,2,0.49759953267325613,0.381345450000,-1.4074402355939102,-1.1103251487403623,-1.4074402355939102,0.11625408267325613,ELIGIBLE,R03b_20260811_FULL_v1,L1_ELIGIBILITY,v2026-08-11,2026-03-21..2026-08-06,baccarat_bet02_101_all_pairs_incl_sentinel,round_win = game_pnl > 0 (decisive only),COMPATIBILITY_ONLY_NOT_PRODUCTION,2500103.8841,2280641.3266,9883.8276,11764,10369,-0.00395337,-0.05088190,-0.00239824,-0.00395337,-9883.8276,2500103.8841,OK,0.0000,395.3531,4.0000,96.0000,AG03-UNRESOLVED,ALL5_LEVELS_bet23_to_bet27,395.3531,395.3531,395.3531,395.3531,395.3531,4.000000,4.000000,4.000000,4.000000,4.000000,96.000000,96.000000,96.000000,96.000000,96.000000,5.0,1976.7655,1824.8244,7907.0621,8059.0032,PENDING_AG03,FALSE,NOT_FOR_ENFORCEMENT,9488.4745,2189415.6736,9883.8276,9488.4745,395.3531,0.00395337,0.00379523,395.3531,9488.4745,0.00379523,395.3531,395.3531,395.3531,395.3531,395.3531,9488.4745,0.00379523,1976.7655,1824.8244,7907.0621,8059.0032,0.00316269,0.00322347,0.00015813,212.5216,219.9480,0.9532,119.0823,2.3972,30121.7335,124.9277,49.0469,238.9093,36.5364,75.9244,374.9013,749.8027,789.266,1183.8989,75.8035,-1.1839,10.395423,15.593133,2.799122,29,215,300,5,0.03207536,0.00395337,0.05088190,0E-8,0.000000,0.912219,0.000000,-0.04848366,2026-03-31,2026-08-01,83,4123,1621,124,0.669355,0.205295,0.230786,0.106918,,,,,,,,GLOBAL_BASELINE_NO_ENTITY_RANKING,,,NOT_APPLICABLE_GLOBAL_BASELINE,HF9g-P5,,,,X 全窗基线 · 不参与实体赏罚,15055397,1506,A168_HF9F_20260827_0900,2026-08-27 09:00:00
2026-05-15,92755421,970,0,78.9265982636,-78.9265982636,-78.9265982636,0E-7,1,1,0.50665070000000000,0.506650700000,-1.013391052207602,-1.013391052207602,-1.013391052207602,0E-17,ELIGIBLE,R03b_20260811_FULL_v1,L1_ELIGIBILITY,v2026-08-11,2026-03-21..2026-08-06,baccarat_bet02_101_all_pairs_incl_sentinel,round_win = game_pnl > 0 (decisive only),COMPATIBILITY_ONLY_NOT_PRODUCTION,2500103.8841,2280641.3266,9883.8276,11764,10369,-0.00395337,-0.05088190,-0.00239824,-0.00395337,-9883.8276,2500103.8841,OK,0.0000,395.3531,4.0000,96.0000,AG03-UNRESOLVED,ALL5_LEVELS_bet23_to_bet27,395.3531,395.3531,395.3531,395.3531,395.3531,4.000000,4.000000,4.000000,4.000000,4.000000,96.000000,96.000000,96.000000,96.000000,96.000000,5.0,1976.7655,1824.8244,7907.0621,8059.0032,PENDING_AG03,FALSE,NOT_FOR_ENFORCEMENT,9488.4745,2189415.6736,9883.8276,9488.4745,395.3531,0.00395337,0.00379523,395.3531,9488.4745,0.00379523,395.3531,395.3531,395.3531,395.3531,395.3531,9488.4745,0.00379523,1976.7655,1824.8244,7907.0621,8059.0032,0.00316269,0.00322347,0.00015813,212.5216,219.9480,0.9532,119.0823,2.3972,30121.7335,124.9277,49.0469,238.9093,36.5364,75.9244,374.9013,749.8027,789.266,1183.8989,75.8035,-1.1839,10.395423,15.593133,2.799122,29,215,300,5,0.03207536,0.00395337,0.05088190,0E-8,0.000000,0.912219,0.000000,-0.04848366,2026-03-31,2026-08-01,83,4123,1621,124,0.669355,0.205295,0.230786,0.106918,,,,,,,,GLOBAL_BASELINE_NO_ENTITY_RANKING,,,NOT_APPLICABLE_GLOBAL_BASELINE,HF9g-P5,,,,X 全窗基线 · 不参与实体赏罚,15055398,1506,A168_HF9F_20260827_0900,2026-08-27 09:00:00
2026-05-15,92755421,987,0,1025.2565114442,-563.5359116022,-563.5359116022,0.7500000,5,4,0.49203515961544575,0.437295475000,1.031990306056123,1.2607717409362555,1.031990306056123,0.05473968461544575,ELIGIBLE,R03b_20260811_FULL_v1,L1_ELIGIBILITY,v2026-08-11,2026-03-21..2026-08-06,baccarat_bet02_101_all_pairs_incl_sentinel,round_win = game_pnl > 0 (decisive only),COMPATIBILITY_ONLY_NOT_PRODUCTION,2500103.8841,2280641.3266,9883.8276,11764,10369,-0.00395337,-0.05088190,-0.00239824,-0.00395337,-9883.8276,2500103.8841,OK,0.0000,395.3531,4.0000,96.0000,AG03-UNRESOLVED,ALL5_LEVELS_bet23_to_bet27,395.3531,395.3531,395.3531,395.3531,395.3531,4.000000,4.000000,4.000000,4.000000,4.000000,96.000000,96.000000,96.000000,96.000000,96.000000,5.0,1976.7655,1824.8244,7907.0621,8059.0032,PENDING_AG03,FALSE,NOT_FOR_ENFORCEMENT,9488.4745,2189415.6736,9883.8276,9488.4745,395.3531,0.00395337,0.00379523,395.3531,9488.4745,0.00379523,395.3531,395.3531,395.3531,395.3531,395.3531,9488.4745,0.00379523,1976.7655,1824.8244,7907.0621,8059.0032,0.00316269,0.00322347,0.00015813,212.5216,219.9480,0.9532,119.0823,2.3972,30121.7335,124.9277,49.0469,238.9093,36.5364,75.9244,374.9013,749.8027,789.266,1183.8989,75.8035,-1.1839,10.395423,15.593133,2.799122,29,215,300,5,0.03207536,0.00395337,0.05088190,0E-8,0.000000,0.912219,0.000000,-0.04848366,2026-03-31,2026-08-01,83,4123,1621,124,0.669355,0.205295,0.230786,0.106918,,,,,,,,GLOBAL_BASELINE_NO_ENTITY_RANKING,,,NOT_APPLICABLE_GLOBAL_BASELINE,HF9g-P5,,,,X 全窗基线 · 不参与实体赏罚,15055399,1506,A168_HF9F_20260827_0900,2026-08-27 09:00:00
2026-05-16,92755421,-1,1,62947.5138121524,6163.0426203632,6163.0426203632,0.5714286,86,79,0.50010131691323766,0.479354124051,1.2517882621445213,1.6172793193609283,1.2517882621445213,0.02074719286223766,SENTINEL_DEALER,R03b_20260811_FULL_v1,L1_ELIGIBILITY,v2026-08-11,2026-03-21..2026-08-06,baccarat_bet02_101_all_pairs_incl_sentinel,round_win = game_pnl > 0 (decisive only),COMPATIBILITY_ONLY_NOT_PRODUCTION,2500103.8841,2280641.3266,9883.8276,11764,10369,-0.00395337,-0.05088190,-0.00239824,-0.00395337,-9883.8276,2500103.8841,OK,0.0000,395.3531,4.0000,96.0000,AG03-UNRESOLVED,ALL5_LEVELS_bet23_to_bet27,395.3531,395.3531,395.3531,395.3531,395.3531,4.000000,4.000000,4.000000,4.000000,4.000000,96.000000,96.000000,96.000000,96.000000,96.000000,5.0,1976.7655,1824.8244,7907.0621,8059.0032,PENDING_AG03,FALSE,NOT_FOR_ENFORCEMENT,9488.4745,2189415.6736,9883.8276,9488.4745,395.3531,0.00395337,0.00379523,395.3531,9488.4745,0.00379523,395.3531,395.3531,395.3531,395.3531,395.3531,9488.4745,0.00379523,1976.7655,1824.8244,7907.0621,8059.0032,0.00316269,0.00322347,0.00015813,212.5216,219.9480,0.9532,119.0823,2.3972,30121.7335,124.9277,49.0469,238.9093,36.5364,75.9244,374.9013,749.8027,789.266,1183.8989,75.8035,-1.1839,10.395423,15.593133,2.799122,29,215,300,5,0.03207536,0.00395337,0.05088190,0E-8,0.000000,0.912219,0.000000,-0.04848366,2026-03-31,2026-08-01,83,4123,1621,124,0.669355,0.205295,0.230786,0.106918,,,,,,,,GLOBAL_BASELINE_NO_ENTITY_RANKING,,,NOT_APPLICABLE_GLOBAL_BASELINE,HF9g-P5,,,,X 全窗基线 · 不参与实体赏罚,15055400,1506,A168_HF9F_20260827_0900,2026-08-27 09:00:00
2026-05-16,92755421,1115,0,3551.6969218626,-1183.8989739542,-1183.8989739542,0.2500000,4,4,0.50329940000000000,0.503299400000,-1.013219660140378,-1.013219660140378,-1.013219660140378,0E-17,ELIGIBLE,R03b_20260811_FULL_v1,L1_ELIGIBILITY,v2026-08-11,2026-03-21..2026-08-06,baccarat_bet02_101_all_pairs_incl_sentinel,round_win = game_pnl > 0 (decisive only),COMPATIBILITY_ONLY_NOT_PRODUCTION,2500103.8841,2280641.3266,9883.8276,11764,10369,-0.00395337,-0.05088190,-0.00239824,-0.00395337,-9883.8276,2500103.8841,OK,0.0000,395.3531,4.0000,96.0000,AG03-UNRESOLVED,ALL5_LEVELS_bet23_to_bet27,395.3531,395.3531,395.3531,395.3531,395.3531,4.000000,4.000000,4.000000,4.000000,4.000000,96.000000,96.000000,96.000000,96.000000,96.000000,5.0,1976.7655,1824.8244,7907.0621,8059.0032,PENDING_AG03,FALSE,NOT_FOR_ENFORCEMENT,9488.4745,2189415.6736,9883.8276,9488.4745,395.3531,0.00395337,0.00379523,395.3531,9488.4745,0.00379523,395.3531,395.3531,395.3531,395.3531,395.3531,9488.4745,0.00379523,1976.7655,1824.8244,7907.0621,8059.0032,0.00316269,0.00322347,0.00015813,212.5216,219.9480,0.9532,119.0823,2.3972,30121.7335,124.9277,49.0469,238.9093,36.5364,75.9244,374.9013,749.8027,789.266,1183.8989,75.8035,-1.1839,10.395423,15.593133,2.799122,29,215,300,5,0.03207536,0.00395337,0.05088190,0E-8,0.000000,0.912219,0.000000,-0.04848366,2026-03-31,2026-08-01,83,4123,1621,124,0.669355,0.205295,0.230786,0.106918,,,,,,,,GLOBAL_BASELINE_NO_ENTITY_RANKING,,,NOT_APPLICABLE_GLOBAL_BASELINE,HF9g-P5,,,,X 全窗基线 · 不参与实体赏罚,15055401,1506,A168_HF9F_20260827_0900,2026-08-27 09:00:00
2026-05-16,92755421,1151,0,789.2659826361,-789.2659826361,-789.2659826361,0E-7,1,1,0.49324550000000000,0.493245500000,-0.9865810262130424,-0.9865810262130424,-0.9865810262130424,0E-17,ELIGIBLE,R03b_20260811_FULL_v1,L1_ELIGIBILITY,v2026-08-11,2026-03-21..2026-08-06,baccarat_bet02_101_all_pairs_incl_sentinel,round_win = game_pnl > 0 (decisive only),COMPATIBILITY_ONLY_NOT_PRODUCTION,2500103.8841,2280641.3266,9883.8276,11764,10369,-0.00395337,-0.05088190,-0.00239824,-0.00395337,-9883.8276,2500103.8841,OK,0.0000,395.3531,4.0000,96.0000,AG03-UNRESOLVED,ALL5_LEVELS_bet23_to_bet27,395.3531,395.3531,395.3531,395.3531,395.3531,4.000000,4.000000,4.000000,4.000000,4.000000,96.000000,96.000000,96.000000,96.000000,96.000000,5.0,1976.7655,1824.8244,7907.0621,8059.0032,PENDING_AG03,FALSE,NOT_FOR_ENFORCEMENT,9488.4745,2189415.6736,9883.8276,9488.4745,395.3531,0.00395337,0.00379523,395.3531,9488.4745,0.00379523,395.3531,395.3531,395.3531,395.3531,395.3531,9488.4745,0.00379523,1976.7655,1824.8244,7907.0621,8059.0032,0.00316269,0.00322347,0.00015813,212.5216,219.9480,0.9532,119.0823,2.3972,30121.7335,124.9277,49.0469,238.9093,36.5364,75.9244,374.9013,749.8027,789.266,1183.8989,75.8035,-1.1839,10.395423,15.593133,2.799122,29,215,300,5,0.03207536,0.00395337,0.05088190,0E-8,0.000000,0.912219,0.000000,-0.04848366,2026-03-31,2026-08-01,83,4123,1621,124,0.669355,0.205295,0.230786,0.106918,,,,,,,,GLOBAL_BASELINE_NO_ENTITY_RANKING,,,NOT_APPLICABLE_GLOBAL_BASELINE,HF9g-P5,,,,X 全窗基线 · 不参与实体赏罚,15055402,1506,A168_HF9F_20260827_0900,2026-08-27 09:00:00
2026-05-16,92755421,1205,0,6006.3141278608,1223.3622730860,1223.3622730860,0.6250000,9,8,0.49934436757425447,0.469459612500,0.7108162093547015,0.8815152440823651,0.7108162093547015,0.02988475507425447,ELIGIBLE,R03b_20260811_FULL_v1,L1_ELIGIBILITY,v2026-08-11,2026-03-21..2026-08-06,baccarat_bet02_101_all_pairs_incl_sentinel,round_win = game_pnl > 0 (decisive only),COMPATIBILITY_ONLY_NOT_PRODUCTION,2500103.8841,2280641.3266,9883.8276,11764,10369,-0.00395337,-0.05088190,-0.00239824,-0.00395337,-9883.8276,2500103.8841,OK,0.0000,395.3531,4.0000,96.0000,AG03-UNRESOLVED,ALL5_LEVELS_bet23_to_bet27,395.3531,395.3531,395.3531,395.3531,395.3531,4.000000,4.000000,4.000000,4.000000,4.000000,96.000000,96.000000,96.000000,96.000000,96.000000,5.0,1976.7655,1824.8244,7907.0621,8059.0032,PENDING_AG03,FALSE,NOT_FOR_ENFORCEMENT,9488.4745,2189415.6736,9883.8276,9488.4745,395.3531,0.00395337,0.00379523,395.3531,9488.4745,0.00379523,395.3531,395.3531,395.3531,395.3531,395.3531,9488.4745,0.00379523,1976.7655,1824.8244,7907.0621,8059.0032,0.00316269,0.00322347,0.00015813,212.5216,219.9480,0.9532,119.0823,2.3972,30121.7335,124.9277,49.0469,238.9093,36.5364,75.9244,374.9013,749.8027,789.266,1183.8989,75.8035,-1.1839,10.395423,15.593133,2.799122,29,215,300,5,0.03207536,0.00395337,0.05088190,0E-8,0.000000,0.912219,0.000000,-0.04848366,2026-03-31,2026-08-01,83,4123,1621,124,0.669355,0.205295,0.230786,0.106918,,,,,,,,GLOBAL_BASELINE_NO_ENTITY_RANKING,,,NOT_APPLICABLE_GLOBAL_BASELINE,HF9g-P5,,,,X 全窗基线 · 不参与实体赏罚,15055403,1506,A168_HF9F_20260827_0900,2026-08-27 09:00:00
2026-05-16,92755421,1299,0,4498.8161010258,1736.3851617994,1736.3851617994,0.6666667,6,6,0.50218230000000000,0.502182300000,0.8058132132962729,0.8058132132962729,0.8058132132962729,0E-17,ELIGIBLE,R03b_20260811_FULL_v1,L1_ELIGIBILITY,v2026-08-11,2026-03-21..2026-08-06,baccarat_bet02_101_all_pairs_incl_sentinel,round_win = game_pnl > 0 (decisive only),COMPATIBILITY_ONLY_NOT_PRODUCTION,2500103.8841,2280641.3266,9883.8276,11764,10369,-0.00395337,-0.05088190,-0.00239824,-0.00395337,-9883.8276,2500103.8841,OK,0.0000,395.3531,4.0000,96.0000,AG03-UNRESOLVED,ALL5_LEVELS_bet23_to_bet27,395.3531,395.3531,395.3531,395.3531,395.3531,4.000000,4.000000,4.000000,4.000000,4.000000,96.000000,96.000000,96.000000,96.000000,96.000000,5.0,1976.7655,1824.8244,7907.0621,8059.0032,PENDING_AG03,FALSE,NOT_FOR_ENFORCEMENT,9488.4745,2189415.6736,9883.8276,9488.4745,395.3531,0.00395337,0.00379523,395.3531,9488.4745,0.00379523,395.3531,395.3531,395.3531,395.3531,395.3531,9488.4745,0.00379523,1976.7655,1824.8244,7907.0621,8059.0032,0.00316269,0.00322347,0.00015813,212.5216,219.9480,0.9532,119.0823,2.3972,30121.7335,124.9277,49.0469,238.9093,36.5364,75.9244,374.9013,749.8027,789.266,1183.8989,75.8035,-1.1839,10.395423,15.593133,2.799122,29,215,300,5,0.03207536,0.00395337,0.05088190,0E-8,0.000000,0.912219,0.000000,-0.04848366,2026-03-31,2026-08-01,83,4123,1621,124,0.669355,0.205295,0.230786,0.106918,,,,,,,,GLOBAL_BASELINE_NO_ENTITY_RANKING,,,NOT_APPLICABLE_GLOBAL_BASELINE,HF9g-P5,,,,X 全窗基线 · 不参与实体赏罚,15055404,1506,A168_HF9F_20260827_0900,2026-08-27 09:00:00
2026-05-16,92755421,1306,0,7576.9534333068,19.7316495659,19.7316495659,0.5000000,8,8,0.49994810000000000,0.499948100000,0.00025425703667063243,0.00025425703667063243,0.00025425703667063243,0E-17,ELIGIBLE,R03b_20260811_FULL_v1,L1_ELIGIBILITY,v2026-08-11,2026-03-21..2026-08-06,baccarat_bet02_101_all_pairs_incl_sentinel,round_win = game_pnl > 0 (decisive only),COMPATIBILITY_ONLY_NOT_PRODUCTION,2500103.8841,2280641.3266,9883.8276,11764,10369,-0.00395337,-0.05088190,-0.00239824,-0.00395337,-9883.8276,2500103.8841,OK,0.0000,395.3531,4.0000,96.0000,AG03-UNRESOLVED,ALL5_LEVELS_bet23_to_bet27,395.3531,395.3531,395.3531,395.3531,395.3531,4.000000,4.000000,4.000000,4.000000,4.000000,96.000000,96.000000,96.000000,96.000000,96.000000,5.0,1976.7655,1824.8244,7907.0621,8059.0032,PENDING_AG03,FALSE,NOT_FOR_ENFORCEMENT,9488.4745,2189415.6736,9883.8276,9488.4745,395.3531,0.00395337,0.00379523,395.3531,9488.4745,0.00379523,395.3531,395.3531,395.3531,395.3531,395.3531,9488.4745,0.00379523,1976.7655,1824.8244,7907.0621,8059.0032,0.00316269,0.00322347,0.00015813,212.5216,219.9480,0.9532,119.0823,2.3972,30121.7335,124.9277,49.0469,238.9093,36.5364,75.9244,374.9013,749.8027,789.266,1183.8989,75.8035,-1.1839,10.395423,15.593133,2.799122,29,215,300,5,0.03207536,0.00395337,0.05088190,0E-8,0.000000,0.912219,0.000000,-0.04848366,2026-03-31,2026-08-01,83,4123,1621,124,0.669355,0.205295,0.230786,0.106918,,,,,,,,GLOBAL_BASELINE_NO_ENTITY_RANKING,,,NOT_APPLICABLE_GLOBAL_BASELINE,HF9g-P5,,,,X 全窗基线 · 不参与实体赏罚,15055405,1506,A168_HF9F_20260827_0900,2026-08-27 09:00:00
2026-05-16,92755421,1323,0,789.2659826361,789.2659826361,789.2659826361,1.0000000,1,1,0.49324550000000000,0.493245500000,1.01360149184955,1.01360149184955,1.01360149184955,0E-17,ELIGIBLE,R03b_20260811_FULL_v1,L1_ELIGIBILITY,v2026-08-11,2026-03-21..2026-08-06,baccarat_bet02_101_all_pairs_incl_sentinel,round_win = game_pnl > 0 (decisive only),COMPATIBILITY_ONLY_NOT_PRODUCTION,2500103.8841,2280641.3266,9883.8276,11764,10369,-0.00395337,-0.05088190,-0.00239824,-0.00395337,-9883.8276,2500103.8841,OK,0.0000,395.3531,4.0000,96.0000,AG03-UNRESOLVED,ALL5_LEVELS_bet23_to_bet27,395.3531,395.3531,395.3531,395.3531,395.3531,4.000000,4.000000,4.000000,4.000000,4.000000,96.000000,96.000000,96.000000,96.000000,96.000000,5.0,1976.7655,1824.8244,7907.0621,8059.0032,PENDING_AG03,FALSE,NOT_FOR_ENFORCEMENT,9488.4745,2189415.6736,9883.8276,9488.4745,395.3531,0.00395337,0.00379523,395.3531,9488.4745,0.00379523,395.3531,395.3531,395.3531,395.3531,395.3531,9488.4745,0.00379523,1976.7655,1824.8244,7907.0621,8059.0032,0.00316269,0.00322347,0.00015813,212.5216,219.9480,0.9532,119.0823,2.3972,30121.7335,124.9277,49.0469,238.9093,36.5364,75.9244,374.9013,749.8027,789.266,1183.8989,75.8035,-1.1839,10.395423,15.593133,2.799122,29,215,300,5,0.03207536,0.00395337,0.05088190,0E-8,0.000000,0.912219,0.000000,-0.04848366,2026-03-31,2026-08-01,83,4123,1621,124,0.669355,0.205295,0.230786,0.106918,,,,,,,,GLOBAL_BASELINE_NO_ENTITY_RANKING,,,NOT_APPLICABLE_GLOBAL_BASELINE,HF9g-P5,,,,X 全窗基线 · 不参与实体赏罚,15055406,1506,A168_HF9F_20260827_0900,2026-08-27 09:00:00
2026-05-16,92755421,1363,0,591.9494869771,-591.9494869771,-591.9494869771,0E-7,1,1,0.50665070000000000,0.506650700000,-1.013391052207602,-1.013391052207602,-1.013391052207602,0E-17,ELIGIBLE,R03b_20260811_FULL_v1,L1_ELIGIBILITY,v2026-08-11,2026-03-21..2026-08-06,baccarat_bet02_101_all_pairs_incl_sentinel,round_win = game_pnl > 0 (decisive only),COMPATIBILITY_ONLY_NOT_PRODUCTION,2500103.8841,2280641.3266,9883.8276,11764,10369,-0.00395337,-0.05088190,-0.00239824,-0.00395337,-9883.8276,2500103.8841,OK,0.0000,395.3531,4.0000,96.0000,AG03-UNRESOLVED,ALL5_LEVELS_bet23_to_bet27,395.3531,395.3531,395.3531,395.3531,395.3531,4.000000,4.000000,4.000000,4.000000,4.000000,96.000000,96.000000,96.000000,96.000000,96.000000,5.0,1976.7655,1824.8244,7907.0621,8059.0032,PENDING_AG03,FALSE,NOT_FOR_ENFORCEMENT,9488.4745,2189415.6736,9883.8276,9488.4745,395.3531,0.00395337,0.00379523,395.3531,9488.4745,0.00379523,395.3531,395.3531,395.3531,395.3531,395.3531,9488.4745,0.00379523,1976.7655,1824.8244,7907.0621,8059.0032,0.00316269,0.00322347,0.00015813,212.5216,219.9480,0.9532,119.0823,2.3972,30121.7335,124.9277,49.0469,238.9093,36.5364,75.9244,374.9013,749.8027,789.266,1183.8989,75.8035,-1.1839,10.395423,15.593133,2.799122,29,215,300,5,0.03207536,0.00395337,0.05088190,0E-8,0.000000,0.912219,0.000000,-0.04848366,2026-03-31,2026-08-01,83,4123,1621,124,0.669355,0.205295,0.230786,0.106918,,,,,,,,GLOBAL_BASELINE_NO_ENTITY_RANKING,,,NOT_APPLICABLE_GLOBAL_BASELINE,HF9g-P5,,,,X 全窗基线 · 不参与实体赏罚,15055407,1506,A168_HF9F_20260827_0900,2026-08-27 09:00:00
2026-05-16,92755421,1382,0,394.6329913181,-394.6329913181,-394.6329913181,0E-7,1,1,0.49324550000000000,0.493245500000,-0.9865810262130424,-0.9865810262130424,-0.9865810262130424,0E-17,ELIGIBLE,R03b_20260811_FULL_v1,L1_ELIGIBILITY,v2026-08-11,2026-03-21..2026-08-06,baccarat_bet02_101_all_pairs_incl_sentinel,round_win = game_pnl > 0 (decisive only),COMPATIBILITY_ONLY_NOT_PRODUCTION,2500103.8841,2280641.3266,9883.8276,11764,10369,-0.00395337,-0.05088190,-0.00239824,-0.00395337,-9883.8276,2500103.8841,OK,0.0000,395.3531,4.0000,96.0000,AG03-UNRESOLVED,ALL5_LEVELS_bet23_to_bet27,395.3531,395.3531,395.3531,395.3531,395.3531,4.000000,4.000000,4.000000,4.000000,4.000000,96.000000,96.000000,96.000000,96.000000,96.000000,5.0,1976.7655,1824.8244,7907.0621,8059.0032,PENDING_AG03,FALSE,NOT_FOR_ENFORCEMENT,9488.4745,2189415.6736,9883.8276,9488.4745,395.3531,0.00395337,0.00379523,395.3531,9488.4745,0.00379523,395.3531,395.3531,395.3531,395.3531,395.3531,9488.4745,0.00379523,1976.7655,1824.8244,7907.0621,8059.0032,0.00316269,0.00322347,0.00015813,212.5216,219.9480,0.9532,119.0823,2.3972,30121.7335,124.9277,49.0469,238.9093,36.5364,75.9244,374.9013,749.8027,789.266,1183.8989,75.8035,-1.1839,10.395423,15.593133,2.799122,29,215,300,5,0.03207536,0.00395337,0.05088190,0E-8,0.000000,0.912219,0.000000,-0.04848366,2026-03-31,2026-08-01,83,4123,1621,124,0.669355,0.205295,0.230786,0.106918,,,,,,,,GLOBAL_BASELINE_NO_ENTITY_RANKING,,,NOT_APPLICABLE_GLOBAL_BASELINE,HF9g-P5,,,,X 全窗基线 · 不参与实体赏罚,15055408,1506,A168_HF9F_20260827_0900,2026-08-27 09:00:00
2026-05-16,92755421,1400,0,2170.4814522493,-986.5824782951,-986.5824782951,0.3333333,3,3,0.50218230000000000,0.502182300000,-0.5849155494134425,-0.5849155494134426,-0.5849155494134425,0E-17,ELIGIBLE,R03b_20260811_FULL_v1,L1_ELIGIBILITY,v2026-08-11,2026-03-21..2026-08-06,baccarat_bet02_101_all_pairs_incl_sentinel,round_win = game_pnl > 0 (decisive only),COMPATIBILITY_ONLY_NOT_PRODUCTION,2500103.8841,2280641.3266,9883.8276,11764,10369,-0.00395337,-0.05088190,-0.00239824,-0.00395337,-9883.8276,2500103.8841,OK,0.0000,395.3531,4.0000,96.0000,AG03-UNRESOLVED,ALL5_LEVELS_bet23_to_bet27,395.3531,395.3531,395.3531,395.3531,395.3531,4.000000,4.000000,4.000000,4.000000,4.000000,96.000000,96.000000,96.000000,96.000000,96.000000,5.0,1976.7655,1824.8244,7907.0621,8059.0032,PENDING_AG03,FALSE,NOT_FOR_ENFORCEMENT,9488.4745,2189415.6736,9883.8276,9488.4745,395.3531,0.00395337,0.00379523,395.3531,9488.4745,0.00379523,395.3531,395.3531,395.3531,395.3531,395.3531,9488.4745,0.00379523,1976.7655,1824.8244,7907.0621,8059.0032,0.00316269,0.00322347,0.00015813,212.5216,219.9480,0.9532,119.0823,2.3972,30121.7335,124.9277,49.0469,238.9093,36.5364,75.9244,374.9013,749.8027,789.266,1183.8989,75.8035,-1.1839,10.395423,15.593133,2.799122,29,215,300,5,0.03207536,0.00395337,0.05088190,0E-8,0.000000,0.912219,0.000000,-0.04848366,2026-03-31,2026-08-01,83,4123,1621,124,0.669355,0.205295,0.230786,0.106918,,,,,,,,GLOBAL_BASELINE_NO_ENTITY_RANKING,,,NOT_APPLICABLE_GLOBAL_BASELINE,HF9g-P5,,,,X 全窗基线 · 不参与实体赏罚,15055409,1506,A168_HF9F_20260827_0900,2026-08-27 09:00:00
2026-05-16,92755421,1401,0,3099.0528808208,3044.1988950277,3044.1988950277,1.0000000,4,3,0.49759234975660305,0.418645466667,1.740411330344801,2.0410702972324124,1.740411330344801,0.07894688308960305,ELIGIBLE,R03b_20260811_FULL_v1,L1_ELIGIBILITY,v2026-08-11,2026-03-21..2026-08-06,baccarat_bet02_101_all_pairs_incl_sentinel,round_win = game_pnl > 0 (decisive only),COMPATIBILITY_ONLY_NOT_PRODUCTION,2500103.8841,2280641.3266,9883.8276,11764,10369,-0.00395337,-0.05088190,-0.00239824,-0.00395337,-9883.8276,2500103.8841,OK,0.0000,395.3531,4.0000,96.0000,AG03-UNRESOLVED,ALL5_LEVELS_bet23_to_bet27,395.3531,395.3531,395.3531,395.3531,395.3531,4.000000,4.000000,4.000000,4.000000,4.000000,96.000000,96.000000,96.000000,96.000000,96.000000,5.0,1976.7655,1824.8244,7907.0621,8059.0032,PENDING_AG03,FALSE,NOT_FOR_ENFORCEMENT,9488.4745,2189415.6736,9883.8276,9488.4745,395.3531,0.00395337,0.00379523,395.3531,9488.4745,0.00379523,395.3531,395.3531,395.3531,395.3531,395.3531,9488.4745,0.00379523,1976.7655,1824.8244,7907.0621,8059.0032,0.00316269,0.00322347,0.00015813,212.5216,219.9480,0.9532,119.0823,2.3972,30121.7335,124.9277,49.0469,238.9093,36.5364,75.9244,374.9013,749.8027,789.266,1183.8989,75.8035,-1.1839,10.395423,15.593133,2.799122,29,215,300,5,0.03207536,0.00395337,0.05088190,0E-8,0.000000,0.912219,0.000000,-0.04848366,2026-03-31,2026-08-01,83,4123,1621,124,0.669355,0.205295,0.230786,0.106918,,,,,,,,GLOBAL_BASELINE_NO_ENTITY_RANKING,,,NOT_APPLICABLE_GLOBAL_BASELINE,HF9g-P5,,,,X 全窗基线 · 不参与实体赏罚,15055410,1506,A168_HF9F_20260827_0900,2026-08-27 09:00:00
2026-05-16,92755421,1405,0,2367.7979479084,1144.4356748224,1144.4356748224,0.7500000,4,4,0.49994810000000000,0.499948100000,1.0002076053883384,1.0002076053883384,1.0002076053883384,0E-17,ELIGIBLE,R03b_20260811_FULL_v1,L1_ELIGIBILITY,v2026-08-11,2026-03-21..2026-08-06,baccarat_bet02_101_all_pairs_incl_sentinel,round_win = game_pnl > 0 (decisive only),COMPATIBILITY_ONLY_NOT_PRODUCTION,2500103.8841,2280641.3266,9883.8276,11764,10369,-0.00395337,-0.05088190,-0.00239824,-0.00395337,-9883.8276,2500103.8841,OK,0.0000,395.3531,4.0000,96.0000,AG03-UNRESOLVED,ALL5_LEVELS_bet23_to_bet27,395.3531,395.3531,395.3531,395.3531,395.3531,4.000000,4.000000,4.000000,4.000000,4.000000,96.000000,96.000000,96.000000,96.000000,96.000000,5.0,1976.7655,1824.8244,7907.0621,8059.0032,PENDING_AG03,FALSE,NOT_FOR_ENFORCEMENT,9488.4745,2189415.6736,9883.8276,9488.4745,395.3531,0.00395337,0.00379523,395.3531,9488.4745,0.00379523,395.3531,395.3531,395.3531,395.3531,395.3531,9488.4745,0.00379523,1976.7655,1824.8244,7907.0621,8059.0032,0.00316269,0.00322347,0.00015813,212.5216,219.9480,0.9532,119.0823,2.3972,30121.7335,124.9277,49.0469,238.9093,36.5364,75.9244,374.9013,749.8027,789.266,1183.8989,75.8035,-1.1839,10.395423,15.593133,2.799122,29,215,300,5,0.03207536,0.00395337,0.05088190,0E-8,0.000000,0.912219,0.000000,-0.04848366,2026-03-31,2026-08-01,83,4123,1621,124,0.669355,0.205295,0.230786,0.106918,,,,,,,,GLOBAL_BASELINE_NO_ENTITY_RANKING,,,NOT_APPLICABLE_GLOBAL_BASELINE,HF9g-P5,,,,X 全窗基线 · 不参与实体赏罚,15055411,1506,A168_HF9F_20260827_0900,2026-08-27 09:00:00
2026-05-16,92755421,1485,0,4581.6890292026,591.9494869771,591.9494869771,0.6000000,7,6,0.49732052470978248,0.458179683333,0.4592031671121549,0.6364699386988009,0.4592031671121549,0.03914084137678248,ELIGIBLE,R03b_20260811_FULL_v1,L1_ELIGIBILITY,v2026-08-11,2026-03-21..2026-08-06,baccarat_bet02_101_all_pairs_incl_sentinel,round_win = game_pnl > 0 (decisive only),COMPATIBILITY_ONLY_NOT_PRODUCTION,2500103.8841,2280641.3266,9883.8276,11764,10369,-0.00395337,-0.05088190,-0.00239824,-0.00395337,-9883.8276,2500103.8841,OK,0.0000,395.3531,4.0000,96.0000,AG03-UNRESOLVED,ALL5_LEVELS_bet23_to_bet27,395.3531,395.3531,395.3531,395.3531,395.3531,4.000000,4.000000,4.000000,4.000000,4.000000,96.000000,96.000000,96.000000,96.000000,96.000000,5.0,1976.7655,1824.8244,7907.0621,8059.0032,PENDING_AG03,FALSE,NOT_FOR_ENFORCEMENT,9488.4745,2189415.6736,9883.8276,9488.4745,395.3531,0.00395337,0.00379523,395.3531,9488.4745,0.00379523,395.3531,395.3531,395.3531,395.3531,395.3531,9488.4745,0.00379523,1976.7655,1824.8244,7907.0621,8059.0032,0.00316269,0.00322347,0.00015813,212.5216,219.9480,0.9532,119.0823,2.3972,30121.7335,124.9277,49.0469,238.9093,36.5364,75.9244,374.9013,749.8027,789.266,1183.8989,75.8035,-1.1839,10.395423,15.593133,2.799122,29,215,300,5,0.03207536,0.00395337,0.05088190,0E-8,0.000000,0.912219,0.000000,-0.04848366,2026-03-31,2026-08-01,83,4123,1621,124,0.669355,0.205295,0.230786,0.106918,,,,,,,,GLOBAL_BASELINE_NO_ENTITY_RANKING,,,NOT_APPLICABLE_GLOBAL_BASELINE,HF9g-P5,,,,X 全窗基线 · 不参与实体赏罚,15055412,1506,A168_HF9F_20260827_0900,2026-08-27 09:00:00
2026-05-16,92755421,1490,0,3038.6740331490,0E-10,0E-10,0.5000000,4,4,0.49994810000000000,0.499948100000,0.00020760000111838688,0.00020760000111838688,0.00020760000111838688,0E-17,ELIGIBLE,R03b_20260811_FULL_v1,L1_ELIGIBILITY,v2026-08-11,2026-03-21..2026-08-06,baccarat_bet02_101_all_pairs_incl_sentinel,round_win = game_pnl > 0 (decisive only),COMPATIBILITY_ONLY_NOT_PRODUCTION,2500103.8841,2280641.3266,9883.8276,11764,10369,-0.00395337,-0.05088190,-0.00239824,-0.00395337,-9883.8276,2500103.8841,OK,0.0000,395.3531,4.0000,96.0000,AG03-UNRESOLVED,ALL5_LEVELS_bet23_to_bet27,395.3531,395.3531,395.3531,395.3531,395.3531,4.000000,4.000000,4.000000,4.000000,4.000000,96.000000,96.000000,96.000000,96.000000,96.000000,5.0,1976.7655,1824.8244,7907.0621,8059.0032,PENDING_AG03,FALSE,NOT_FOR_ENFORCEMENT,9488.4745,2189415.6736,9883.8276,9488.4745,395.3531,0.00395337,0.00379523,395.3531,9488.4745,0.00379523,395.3531,395.3531,395.3531,395.3531,395.3531,9488.4745,0.00379523,1976.7655,1824.8244,7907.0621,8059.0032,0.00316269,0.00322347,0.00015813,212.5216,219.9480,0.9532,119.0823,2.3972,30121.7335,124.9277,49.0469,238.9093,36.5364,75.9244,374.9013,749.8027,789.266,1183.8989,75.8035,-1.1839,10.395423,15.593133,2.799122,29,215,300,5,0.03207536,0.00395337,0.05088190,0E-8,0.000000,0.912219,0.000000,-0.04848366,2026-03-31,2026-08-01,83,4123,1621,124,0.669355,0.205295,0.230786,0.106918,,,,,,,,GLOBAL_BASELINE_NO_ENTITY_RANKING,,,NOT_APPLICABLE_GLOBAL_BASELINE,HF9g-P5,,,,X 全窗基线 · 不参与实体赏罚,15055413,1506,A168_HF9F_20260827_0900,2026-08-27 09:00:00
2026-05-16,92755421,1505,0,1183.8989739542,-1183.8989739542,-1183.8989739542,0E-7,1,1,0.50665070000000000,0.506650700000,-1.013391052207602,-1.013391052207602,-1.013391052207602,0E-17,ELIGIBLE,R03b_20260811_FULL_v1,L1_ELIGIBILITY,v2026-08-11,2026-03-21..2026-08-06,baccarat_bet02_101_all_pairs_incl_sentinel,round_win = game_pnl > 0 (decisive only),COMPATIBILITY_ONLY_NOT_PRODUCTION,2500103.8841,2280641.3266,9883.8276,11764,10369,-0.00395337,-0.05088190,-0.00239824,-0.00395337,-9883.8276,2500103.8841,OK,0.0000,395.3531,4.0000,96.0000,AG03-UNRESOLVED,ALL5_LEVELS_bet23_to_bet27,395.3531,395.3531,395.3531,395.3531,395.3531,4.000000,4.000000,4.000000,4.000000,4.000000,96.000000,96.000000,96.000000,96.000000,96.000000,5.0,1976.7655,1824.8244,7907.0621,8059.0032,PENDING_AG03,FALSE,NOT_FOR_ENFORCEMENT,9488.4745,2189415.6736,9883.8276,9488.4745,395.3531,0.00395337,0.00379523,395.3531,9488.4745,0.00379523,395.3531,395.3531,395.3531,395.3531,395.3531,9488.4745,0.00379523,1976.7655,1824.8244,7907.0621,8059.0032,0.00316269,0.00322347,0.00015813,212.5216,219.9480,0.9532,119.0823,2.3972,30121.7335,124.9277,49.0469,238.9093,36.5364,75.9244,374.9013,749.8027,789.266,1183.8989,75.8035,-1.1839,10.395423,15.593133,2.799122,29,215,300,5,0.03207536,0.00395337,0.05088190,0E-8,0.000000,0.912219,0.000000,-0.04848366,2026-03-31,2026-08-01,83,4123,1621,124,0.669355,0.205295,0.230786,0.106918,,,,,,,,GLOBAL_BASELINE_NO_ENTITY_RANKING,,,NOT_APPLICABLE_GLOBAL_BASELINE,HF9g-P5,,,,X 全窗基线 · 不参与实体赏罚,15055414,1506,A168_HF9F_20260827_0900,2026-08-27 09:00:00
2026-05-16,92755421,1508,0,7584.8460931330,511.0497237569,511.0497237569,0.5000000,11,10,0.49942676967032713,0.476227570000,0.0036254293138931947,0.1505202714548244,0.0036254293138931947,0.02319919967032713,ELIGIBLE,R03b_20260811_FULL_v1,L1_ELIGIBILITY,v2026-08-11,2026-03-21..2026-08-06,baccarat_bet02_101_all_pairs_incl_sentinel,round_win = game_pnl > 0 (decisive only),COMPATIBILITY_ONLY_NOT_PRODUCTION,2500103.8841,2280641.3266,9883.8276,11764,10369,-0.00395337,-0.05088190,-0.00239824,-0.00395337,-9883.8276,2500103.8841,OK,0.0000,395.3531,4.0000,96.0000,AG03-UNRESOLVED,ALL5_LEVELS_bet23_to_bet27,395.3531,395.3531,395.3531,395.3531,395.3531,4.000000,4.000000,4.000000,4.000000,4.000000,96.000000,96.000000,96.000000,96.000000,96.000000,5.0,1976.7655,1824.8244,7907.0621,8059.0032,PENDING_AG03,FALSE,NOT_FOR_ENFORCEMENT,9488.4745,2189415.6736,9883.8276,9488.4745,395.3531,0.00395337,0.00379523,395.3531,9488.4745,0.00379523,395.3531,395.3531,395.3531,395.3531,395.3531,9488.4745,0.00379523,1976.7655,1824.8244,7907.0621,8059.0032,0.00316269,0.00322347,0.00015813,212.5216,219.9480,0.9532,119.0823,2.3972,30121.7335,124.9277,49.0469,238.9093,36.5364,75.9244,374.9013,749.8027,789.266,1183.8989,75.8035,-1.1839,10.395423,15.593133,2.799122,29,215,300,5,0.03207536,0.00395337,0.05088190,0E-8,0.000000,0.912219,0.000000,-0.04848366,2026-03-31,2026-08-01,83,4123,1621,124,0.669355,0.205295,0.230786,0.106918,,,,,,,,GLOBAL_BASELINE_NO_ENTITY_RANKING,,,NOT_APPLICABLE_GLOBAL_BASELINE,HF9g-P5,,,,X 全窗基线 · 不参与实体赏罚,15055415,1506,A168_HF9F_20260827_0900,2026-08-27 09:00:00
2026-05-16,92755421,1509,0,4425.8089976322,2032.3599052881,2032.3599052881,0.7500000,5,4,0.49929283674032831,0.440646775000,1.0028296560290482,1.2462244638917332,1.0028296560290482,0.05864606174032831,ELIGIBLE,R03b_20260811_FULL_v1,L1_ELIGIBILITY,v2026-08-11,2026-03-21..2026-08-06,baccarat_bet02_101_all_pairs_incl_sentinel,round_win = game_pnl > 0 (decisive only),COMPATIBILITY_ONLY_NOT_PRODUCTION,2500103.8841,2280641.3266,9883.8276,11764,10369,-0.00395337,-0.05088190,-0.00239824,-0.00395337,-9883.8276,2500103.8841,OK,0.0000,395.3531,4.0000,96.0000,AG03-UNRESOLVED,ALL5_LEVELS_bet23_to_bet27,395.3531,395.3531,395.3531,395.3531,395.3531,4.000000,4.000000,4.000000,4.000000,4.000000,96.000000,96.000000,96.000000,96.000000,96.000000,5.0,1976.7655,1824.8244,7907.0621,8059.0032,PENDING_AG03,FALSE,NOT_FOR_ENFORCEMENT,9488.4745,2189415.6736,9883.8276,9488.4745,395.3531,0.00395337,0.00379523,395.3531,9488.4745,0.00379523,395.3531,395.3531,395.3531,395.3531,395.3531,9488.4745,0.00379523,1976.7655,1824.8244,7907.0621,8059.0032,0.00316269,0.00322347,0.00015813,212.5216,219.9480,0.9532,119.0823,2.3972,30121.7335,124.9277,49.0469,238.9093,36.5364,75.9244,374.9013,749.8027,789.266,1183.8989,75.8035,-1.1839,10.395423,15.593133,2.799122,29,215,300,5,0.03207536,0.00395337,0.05088190,0E-8,0.000000,0.912219,0.000000,-0.04848366,2026-03-31,2026-08-01,83,4123,1621,124,0.669355,0.205295,0.230786,0.106918,,,,,,,,GLOBAL_BASELINE_NO_ENTITY_RANKING,,,NOT_APPLICABLE_GLOBAL_BASELINE,HF9g-P5,,,,X 全窗基线 · 不参与实体赏罚,15055416,1506,A168_HF9F_20260827_0900,2026-08-27 09:00:00
2026-05-16,92755421,1645,0,3289.2659826361,1298.3425414364,1298.3425414364,0.7500000,7,5,0.49941027103293142,0.405065980000,1.0023596130702794,1.4052990047259415,1.0023596130702794,0.09434429103293142,ELIGIBLE,R03b_20260811_FULL_v1,L1_ELIGIBILITY,v2026-08-11,2026-03-21..2026-08-06,baccarat_bet02_101_all_pairs_incl_sentinel,round_win = game_pnl > 0 (decisive only),COMPATIBILITY_ONLY_NOT_PRODUCTION,2500103.8841,2280641.3266,9883.8276,11764,10369,-0.00395337,-0.05088190,-0.00239824,-0.00395337,-9883.8276,2500103.8841,OK,0.0000,395.3531,4.0000,96.0000,AG03-UNRESOLVED,ALL5_LEVELS_bet23_to_bet27,395.3531,395.3531,395.3531,395.3531,395.3531,4.000000,4.000000,4.000000,4.000000,4.000000,96.000000,96.000000,96.000000,96.000000,96.000000,5.0,1976.7655,1824.8244,7907.0621,8059.0032,PENDING_AG03,FALSE,NOT_FOR_ENFORCEMENT,9488.4745,2189415.6736,9883.8276,9488.4745,395.3531,0.00395337,0.00379523,395.3531,9488.4745,0.00379523,395.3531,395.3531,395.3531,395.3531,395.3531,9488.4745,0.00379523,1976.7655,1824.8244,7907.0621,8059.0032,0.00316269,0.00322347,0.00015813,212.5216,219.9480,0.9532,119.0823,2.3972,30121.7335,124.9277,49.0469,238.9093,36.5364,75.9244,374.9013,749.8027,789.266,1183.8989,75.8035,-1.1839,10.395423,15.593133,2.799122,29,215,300,5,0.03207536,0.00395337,0.05088190,0E-8,0.000000,0.912219,0.000000,-0.04848366,2026-03-31,2026-08-01,83,4123,1621,124,0.669355,0.205295,0.230786,0.106918,,,,,,,,GLOBAL_BASELINE_NO_ENTITY_RANKING,,,NOT_APPLICABLE_GLOBAL_BASELINE,HF9g-P5,,,,X 全窗基线 · 不参与实体赏罚,15055417,1506,A168_HF9F_20260827_0900,2026-08-27 09:00:00
2026-05-16,92755421,1646,0,197.3164956590,197.3164956590,197.3164956590,1.0000000,1,1,0.49324550000000000,0.493245500000,1.01360149184955,1.01360149184955,1.01360149184955,0E-17,ELIGIBLE,R03b_20260811_FULL_v1,L1_ELIGIBILITY,v2026-08-11,2026-03-21..2026-08-06,baccarat_bet02_101_all_pairs_incl_sentinel,round_win = game_pnl > 0 (decisive only),COMPATIBILITY_ONLY_NOT_PRODUCTION,2500103.8841,2280641.3266,9883.8276,11764,10369,-0.00395337,-0.05088190,-0.00239824,-0.00395337,-9883.8276,2500103.8841,OK,0.0000,395.3531,4.0000,96.0000,AG03-UNRESOLVED,ALL5_LEVELS_bet23_to_bet27,395.3531,395.3531,395.3531,395.3531,395.3531,4.000000,4.000000,4.000000,4.000000,4.000000,96.000000,96.000000,96.000000,96.000000,96.000000,5.0,1976.7655,1824.8244,7907.0621,8059.0032,PENDING_AG03,FALSE,NOT_FOR_ENFORCEMENT,9488.4745,2189415.6736,9883.8276,9488.4745,395.3531,0.00395337,0.00379523,395.3531,9488.4745,0.00379523,395.3531,395.3531,395.3531,395.3531,395.3531,9488.4745,0.00379523,1976.7655,1824.8244,7907.0621,8059.0032,0.00316269,0.00322347,0.00015813,212.5216,219.9480,0.9532,119.0823,2.3972,30121.7335,124.9277,49.0469,238.9093,36.5364,75.9244,374.9013,749.8027,789.266,1183.8989,75.8035,-1.1839,10.395423,15.593133,2.799122,29,215,300,5,0.03207536,0.00395337,0.05088190,0E-8,0.000000,0.912219,0.000000,-0.04848366,2026-03-31,2026-08-01,83,4123,1621,124,0.669355,0.205295,0.230786,0.106918,,,,,,,,GLOBAL_BASELINE_NO_ENTITY_RANKING,,,NOT_APPLICABLE_GLOBAL_BASELINE,HF9g-P5,,,,X 全窗基线 · 不参与实体赏罚,15055418,1506,A168_HF9F_20260827_0900,2026-08-27 09:00:00
2026-05-16,92755421,1935,0,2367.7979479083,-828.7292817679,-828.7292817679,0.3333333,3,3,0.50218230000000000,0.502182300000,-0.5849155494134425,-0.5849155494134426,-0.5849155494134425,0E-17,ELIGIBLE,R03b_20260811_FULL_v1,L1_ELIGIBILITY,v2026-08-11,2026-03-21..2026-08-06,baccarat_bet02_101_all_pairs_incl_sentinel,round_win = game_pnl > 0 (decisive only),COMPATIBILITY_ONLY_NOT_PRODUCTION,2500103.8841,2280641.3266,9883.8276,11764,10369,-0.00395337,-0.05088190,-0.00239824,-0.00395337,-9883.8276,2500103.8841,OK,0.0000,395.3531,4.0000,96.0000,AG03-UNRESOLVED,ALL5_LEVELS_bet23_to_bet27,395.3531,395.3531,395.3531,395.3531,395.3531,4.000000,4.000000,4.000000,4.000000,4.000000,96.000000,96.000000,96.000000,96.000000,96.000000,5.0,1976.7655,1824.8244,7907.0621,8059.0032,PENDING_AG03,FALSE,NOT_FOR_ENFORCEMENT,9488.4745,2189415.6736,9883.8276,9488.4745,395.3531,0.00395337,0.00379523,395.3531,9488.4745,0.00379523,395.3531,395.3531,395.3531,395.3531,395.3531,9488.4745,0.00379523,1976.7655,1824.8244,7907.0621,8059.0032,0.00316269,0.00322347,0.00015813,212.5216,219.9480,0.9532,119.0823,2.3972,30121.7335,124.9277,49.0469,238.9093,36.5364,75.9244,374.9013,749.8027,789.266,1183.8989,75.8035,-1.1839,10.395423,15.593133,2.799122,29,215,300,5,0.03207536,0.00395337,0.05088190,0E-8,0.000000,0.912219,0.000000,-0.04848366,2026-03-31,2026-08-01,83,4123,1621,124,0.669355,0.205295,0.230786,0.106918,,,,,,,,GLOBAL_BASELINE_NO_ENTITY_RANKING,,,NOT_APPLICABLE_GLOBAL_BASELINE,HF9g-P5,,,,X 全窗基线 · 不参与实体赏罚,15055419,1506,A168_HF9F_20260827_0900,2026-08-27 09:00:00
2026-05-16,92755421,1940,0,11039.8579321230,7300.7103393843,7300.7103393843,0.8888889,12,10,0.49953046054286000,0.452507040000,2.3361516001664797,2.630183161278924,2.3361516001664797,0.04702342054286000,ELIGIBLE,R03b_20260811_FULL_v1,L1_ELIGIBILITY,v2026-08-11,2026-03-21..2026-08-06,baccarat_bet02_101_all_pairs_incl_sentinel,round_win = game_pnl > 0 (decisive only),COMPATIBILITY_ONLY_NOT_PRODUCTION,2500103.8841,2280641.3266,9883.8276,11764,10369,-0.00395337,-0.05088190,-0.00239824,-0.00395337,-9883.8276,2500103.8841,OK,0.0000,395.3531,4.0000,96.0000,AG03-UNRESOLVED,ALL5_LEVELS_bet23_to_bet27,395.3531,395.3531,395.3531,395.3531,395.3531,4.000000,4.000000,4.000000,4.000000,4.000000,96.000000,96.000000,96.000000,96.000000,96.000000,5.0,1976.7655,1824.8244,7907.0621,8059.0032,PENDING_AG03,FALSE,NOT_FOR_ENFORCEMENT,9488.4745,2189415.6736,9883.8276,9488.4745,395.3531,0.00395337,0.00379523,395.3531,9488.4745,0.00379523,395.3531,395.3531,395.3531,395.3531,395.3531,9488.4745,0.00379523,1976.7655,1824.8244,7907.0621,8059.0032,0.00316269,0.00322347,0.00015813,212.5216,219.9480,0.9532,119.0823,2.3972,30121.7335,124.9277,49.0469,238.9093,36.5364,75.9244,374.9013,749.8027,789.266,1183.8989,75.8035,-1.1839,10.395423,15.593133,2.799122,29,215,300,5,0.03207536,0.00395337,0.05088190,0E-8,0.000000,0.912219,0.000000,-0.04848366,2026-03-31,2026-08-01,83,4123,1621,124,0.669355,0.205295,0.230786,0.106918,,,,,,,,GLOBAL_BASELINE_NO_ENTITY_RANKING,,,NOT_APPLICABLE_GLOBAL_BASELINE,HF9g-P5,,,,X 全窗基线 · 不参与实体赏罚,15055420,1506,A168_HF9F_20260827_0900,2026-08-27 09:00:00
2026-05-16,92755421,1941,0,1595.1065509076,-805.8405682715,-805.8405682715,0E-7,3,2,0.48836664466208391,0.374642850000,-1.3816834953610706,-1.0946106322994384,-1.3816834953610706,0.11372379466208391,ELIGIBLE,R03b_20260811_FULL_v1,L1_ELIGIBILITY,v2026-08-11,2026-03-21..2026-08-06,baccarat_bet02_101_all_pairs_incl_sentinel,round_win = game_pnl > 0 (decisive only),COMPATIBILITY_ONLY_NOT_PRODUCTION,2500103.8841,2280641.3266,9883.8276,11764,10369,-0.00395337,-0.05088190,-0.00239824,-0.00395337,-9883.8276,2500103.8841,OK,0.0000,395.3531,4.0000,96.0000,AG03-UNRESOLVED,ALL5_LEVELS_bet23_to_bet27,395.3531,395.3531,395.3531,395.3531,395.3531,4.000000,4.000000,4.000000,4.000000,4.000000,96.000000,96.000000,96.000000,96.000000,96.000000,5.0,1976.7655,1824.8244,7907.0621,8059.0032,PENDING_AG03,FALSE,NOT_FOR_ENFORCEMENT,9488.4745,2189415.6736,9883.8276,9488.4745,395.3531,0.00395337,0.00379523,395.3531,9488.4745,0.00379523,395.3531,395.3531,395.3531,395.3531,395.3531,9488.4745,0.00379523,1976.7655,1824.8244,7907.0621,8059.0032,0.00316269,0.00322347,0.00015813,212.5216,219.9480,0.9532,119.0823,2.3972,30121.7335,124.9277,49.0469,238.9093,36.5364,75.9244,374.9013,749.8027,789.266,1183.8989,75.8035,-1.1839,10.395423,15.593133,2.799122,29,215,300,5,0.03207536,0.00395337,0.05088190,0E-8,0.000000,0.912219,0.000000,-0.04848366,2026-03-31,2026-08-01,83,4123,1621,124,0.669355,0.205295,0.230786,0.106918,,,,,,,,GLOBAL_BASELINE_NO_ENTITY_RANKING,,,NOT_APPLICABLE_GLOBAL_BASELINE,HF9g-P5,,,,X 全窗基线 · 不参与实体赏罚,15055421,1506,A168_HF9F_20260827_0900,2026-08-27 09:00:00
2026-05-16,92755421,1942,0,789.2659826361,-789.2659826361,-789.2659826361,0E-7,1,1,0.50665070000000000,0.506650700000,-1.013391052207602,-1.013391052207602,-1.013391052207602,0E-17,ELIGIBLE,R03b_20260811_FULL_v1,L1_ELIGIBILITY,v2026-08-11,2026-03-21..2026-08-06,baccarat_bet02_101_all_pairs_incl_sentinel,round_win = game_pnl > 0 (decisive only),COMPATIBILITY_ONLY_NOT_PRODUCTION,2500103.8841,2280641.3266,9883.8276,11764,10369,-0.00395337,-0.05088190,-0.00239824,-0.00395337,-9883.8276,2500103.8841,OK,0.0000,395.3531,4.0000,96.0000,AG03-UNRESOLVED,ALL5_LEVELS_bet23_to_bet27,395.3531,395.3531,395.3531,395.3531,395.3531,4.000000,4.000000,4.000000,4.000000,4.000000,96.000000,96.000000,96.000000,96.000000,96.000000,5.0,1976.7655,1824.8244,7907.0621,8059.0032,PENDING_AG03,FALSE,NOT_FOR_ENFORCEMENT,9488.4745,2189415.6736,9883.8276,9488.4745,395.3531,0.00395337,0.00379523,395.3531,9488.4745,0.00379523,395.3531,395.3531,395.3531,395.3531,395.3531,9488.4745,0.00379523,1976.7655,1824.8244,7907.0621,8059.0032,0.00316269,0.00322347,0.00015813,212.5216,219.9480,0.9532,119.0823,2.3972,30121.7335,124.9277,49.0469,238.9093,36.5364,75.9244,374.9013,749.8027,789.266,1183.8989,75.8035,-1.1839,10.395423,15.593133,2.799122,29,215,300,5,0.03207536,0.00395337,0.05088190,0E-8,0.000000,0.912219,0.000000,-0.04848366,2026-03-31,2026-08-01,83,4123,1621,124,0.669355,0.205295,0.230786,0.106918,,,,,,,,GLOBAL_BASELINE_NO_ENTITY_RANKING,,,NOT_APPLICABLE_GLOBAL_BASELINE,HF9g-P5,,,,X 全窗基线 · 不参与实体赏罚,15055422,1506,A168_HF9F_20260827_0900,2026-08-27 09:00:00
2026-05-16,92755421,1963,0,1381.2154696132,-226.9139700078,-226.9139700078,0.5000000,2,2,0.49994810000000000,0.499948100000,0.00014679536856514622,0.00014679536856514622,0.00014679536856514622,0E-17,ELIGIBLE,R03b_20260811_FULL_v1,L1_ELIGIBILITY,v2026-08-11,2026-03-21..2026-08-06,baccarat_bet02_101_all_pairs_incl_sentinel,round_win = game_pnl > 0 (decisive only),COMPATIBILITY_ONLY_NOT_PRODUCTION,2500103.8841,2280641.3266,9883.8276,11764,10369,-0.00395337,-0.05088190,-0.00239824,-0.00395337,-9883.8276,2500103.8841,OK,0.0000,395.3531,4.0000,96.0000,AG03-UNRESOLVED,ALL5_LEVELS_bet23_to_bet27,395.3531,395.3531,395.3531,395.3531,395.3531,4.000000,4.000000,4.000000,4.000000,4.000000,96.000000,96.000000,96.000000,96.000000,96.000000,5.0,1976.7655,1824.8244,7907.0621,8059.0032,PENDING_AG03,FALSE,NOT_FOR_ENFORCEMENT,9488.4745,2189415.6736,9883.8276,9488.4745,395.3531,0.00395337,0.00379523,395.3531,9488.4745,0.00379523,395.3531,395.3531,395.3531,395.3531,395.3531,9488.4745,0.00379523,1976.7655,1824.8244,7907.0621,8059.0032,0.00316269,0.00322347,0.00015813,212.5216,219.9480,0.9532,119.0823,2.3972,30121.7335,124.9277,49.0469,238.9093,36.5364,75.9244,374.9013,749.8027,789.266,1183.8989,75.8035,-1.1839,10.395423,15.593133,2.799122,29,215,300,5,0.03207536,0.00395337,0.05088190,0E-8,0.000000,0.912219,0.000000,-0.04848366,2026-03-31,2026-08-01,83,4123,1621,124,0.669355,0.205295,0.230786,0.106918,,,,,,,,GLOBAL_BASELINE_NO_ENTITY_RANKING,,,NOT_APPLICABLE_GLOBAL_BASELINE,HF9g-P5,,,,X 全窗基线 · 不参与实体赏罚,15055423,1506,A168_HF9F_20260827_0900,2026-08-27 09:00:00
2026-05-16,92755421,1985,0,2269.1397000790,-103.6700868193,-103.6700868193,0.5000000,3,2,0.49703958814712895,0.381345450000,0.008373455956944997,0.3454745057990616,0.008373455956944997,0.11569413814712895,ELIGIBLE,R03b_20260811_FULL_v1,L1_ELIGIBILITY,v2026-08-11,2026-03-21..2026-08-06,baccarat_bet02_101_all_pairs_incl_sentinel,round_win = game_pnl > 0 (decisive only),COMPATIBILITY_ONLY_NOT_PRODUCTION,2500103.8841,2280641.3266,9883.8276,11764,10369,-0.00395337,-0.05088190,-0.00239824,-0.00395337,-9883.8276,2500103.8841,OK,0.0000,395.3531,4.0000,96.0000,AG03-UNRESOLVED,ALL5_LEVELS_bet23_to_bet27,395.3531,395.3531,395.3531,395.3531,395.3531,4.000000,4.000000,4.000000,4.000000,4.000000,96.000000,96.000000,96.000000,96.000000,96.000000,5.0,1976.7655,1824.8244,7907.0621,8059.0032,PENDING_AG03,FALSE,NOT_FOR_ENFORCEMENT,9488.4745,2189415.6736,9883.8276,9488.4745,395.3531,0.00395337,0.00379523,395.3531,9488.4745,0.00379523,395.3531,395.3531,395.3531,395.3531,395.3531,9488.4745,0.00379523,1976.7655,1824.8244,7907.0621,8059.0032,0.00316269,0.00322347,0.00015813,212.5216,219.9480,0.9532,119.0823,2.3972,30121.7335,124.9277,49.0469,238.9093,36.5364,75.9244,374.9013,749.8027,789.266,1183.8989,75.8035,-1.1839,10.395423,15.593133,2.799122,29,215,300,5,0.03207536,0.00395337,0.05088190,0E-8,0.000000,0.912219,0.000000,-0.04848366,2026-03-31,2026-08-01,83,4123,1621,124,0.669355,0.205295,0.230786,0.106918,,,,,,,,GLOBAL_BASELINE_NO_ENTITY_RANKING,,,NOT_APPLICABLE_GLOBAL_BASELINE,HF9g-P5,,,,X 全窗基线 · 不参与实体赏罚,15055424,1506,A168_HF9F_20260827_0900,2026-08-27 09:00:00
2026-05-16,92755421,2093,0,3887.1349644828,-98.6582478295,-98.6582478295,0.5000000,5,5,0.50128862000000000,0.501288620000,-0.0051544971185412255,-0.0051544971185412255,-0.0051544971185412255,0E-17,ELIGIBLE,R03b_20260811_FULL_v1,L1_ELIGIBILITY,v2026-08-11,2026-03-21..2026-08-06,baccarat_bet02_101_all_pairs_incl_sentinel,round_win = game_pnl > 0 (decisive only),COMPATIBILITY_ONLY_NOT_PRODUCTION,2500103.8841,2280641.3266,9883.8276,11764,10369,-0.00395337,-0.05088190,-0.00239824,-0.00395337,-9883.8276,2500103.8841,OK,0.0000,395.3531,4.0000,96.0000,AG03-UNRESOLVED,ALL5_LEVELS_bet23_to_bet27,395.3531,395.3531,395.3531,395.3531,395.3531,4.000000,4.000000,4.000000,4.000000,4.000000,96.000000,96.000000,96.000000,96.000000,96.000000,5.0,1976.7655,1824.8244,7907.0621,8059.0032,PENDING_AG03,FALSE,NOT_FOR_ENFORCEMENT,9488.4745,2189415.6736,9883.8276,9488.4745,395.3531,0.00395337,0.00379523,395.3531,9488.4745,0.00379523,395.3531,395.3531,395.3531,395.3531,395.3531,9488.4745,0.00379523,1976.7655,1824.8244,7907.0621,8059.0032,0.00316269,0.00322347,0.00015813,212.5216,219.9480,0.9532,119.0823,2.3972,30121.7335,124.9277,49.0469,238.9093,36.5364,75.9244,374.9013,749.8027,789.266,1183.8989,75.8035,-1.1839,10.395423,15.593133,2.799122,29,215,300,5,0.03207536,0.00395337,0.05088190,0E-8,0.000000,0.912219,0.000000,-0.04848366,2026-03-31,2026-08-01,83,4123,1621,124,0.669355,0.205295,0.230786,0.106918,,,,,,,,GLOBAL_BASELINE_NO_ENTITY_RANKING,,,NOT_APPLICABLE_GLOBAL_BASELINE,HF9g-P5,,,,X 全窗基线 · 不参与实体赏罚,15055425,1506,A168_HF9F_20260827_0900,2026-08-27 09:00:00
2026-05-16,92755421,2103,0,7280.9786898183,1183.8989739542,1183.8989739542,0.5714286,7,7,0.50090561428571429,0.500905614286,0.3731730247484194,0.373173024746908,0.3731730247484194,-2.8571E-13,ELIGIBLE,R03b_20260811_FULL_v1,L1_ELIGIBILITY,v2026-08-11,2026-03-21..2026-08-06,baccarat_bet02_101_all_pairs_incl_sentinel,round_win = game_pnl > 0 (decisive only),COMPATIBILITY_ONLY_NOT_PRODUCTION,2500103.8841,2280641.3266,9883.8276,11764,10369,-0.00395337,-0.05088190,-0.00239824,-0.00395337,-9883.8276,2500103.8841,OK,0.0000,395.3531,4.0000,96.0000,AG03-UNRESOLVED,ALL5_LEVELS_bet23_to_bet27,395.3531,395.3531,395.3531,395.3531,395.3531,4.000000,4.000000,4.000000,4.000000,4.000000,96.000000,96.000000,96.000000,96.000000,96.000000,5.0,1976.7655,1824.8244,7907.0621,8059.0032,PENDING_AG03,FALSE,NOT_FOR_ENFORCEMENT,9488.4745,2189415.6736,9883.8276,9488.4745,395.3531,0.00395337,0.00379523,395.3531,9488.4745,0.00379523,395.3531,395.3531,395.3531,395.3531,395.3531,9488.4745,0.00379523,1976.7655,1824.8244,7907.0621,8059.0032,0.00316269,0.00322347,0.00015813,212.5216,219.9480,0.9532,119.0823,2.3972,30121.7335,124.9277,49.0469,238.9093,36.5364,75.9244,374.9013,749.8027,789.266,1183.8989,75.8035,-1.1839,10.395423,15.593133,2.799122,29,215,300,5,0.03207536,0.00395337,0.05088190,0E-8,0.000000,0.912219,0.000000,-0.04848366,2026-03-31,2026-08-01,83,4123,1621,124,0.669355,0.205295,0.230786,0.106918,,,,,,,,GLOBAL_BASELINE_NO_ENTITY_RANKING,,,NOT_APPLICABLE_GLOBAL_BASELINE,HF9g-P5,,,,X 全窗基线 · 不参与实体赏罚,15055426,1506,A168_HF9F_20260827_0900,2026-08-27 09:00:00
2026-05-16,92755421,2115,0,2722.9676400946,-1183.8989739542,-1183.8989739542,0.3333333,3,3,0.50218230000000000,0.502182300000,-0.5849155494134425,-0.5849155494134426,-0.5849155494134425,0E-17,ELIGIBLE,R03b_20260811_FULL_v1,L1_ELIGIBILITY,v2026-08-11,2026-03-21..2026-08-06,baccarat_bet02_101_all_pairs_incl_sentinel,round_win = game_pnl > 0 (decisive only),COMPATIBILITY_ONLY_NOT_PRODUCTION,2500103.8841,2280641.3266,9883.8276,11764,10369,-0.00395337,-0.05088190,-0.00239824,-0.00395337,-9883.8276,2500103.8841,OK,0.0000,395.3531,4.0000,96.0000,AG03-UNRESOLVED,ALL5_LEVELS_bet23_to_bet27,395.3531,395.3531,395.3531,395.3531,395.3531,4.000000,4.000000,4.000000,4.000000,4.000000,96.000000,96.000000,96.000000,96.000000,96.000000,5.0,1976.7655,1824.8244,7907.0621,8059.0032,PENDING_AG03,FALSE,NOT_FOR_ENFORCEMENT,9488.4745,2189415.6736,9883.8276,9488.4745,395.3531,0.00395337,0.00379523,395.3531,9488.4745,0.00379523,395.3531,395.3531,395.3531,395.3531,395.3531,9488.4745,0.00379523,1976.7655,1824.8244,7907.0621,8059.0032,0.00316269,0.00322347,0.00015813,212.5216,219.9480,0.9532,119.0823,2.3972,30121.7335,124.9277,49.0469,238.9093,36.5364,75.9244,374.9013,749.8027,789.266,1183.8989,75.8035,-1.1839,10.395423,15.593133,2.799122,29,215,300,5,0.03207536,0.00395337,0.05088190,0E-8,0.000000,0.912219,0.000000,-0.04848366,2026-03-31,2026-08-01,83,4123,1621,124,0.669355,0.205295,0.230786,0.106918,,,,,,,,GLOBAL_BASELINE_NO_ENTITY_RANKING,,,NOT_APPLICABLE_GLOBAL_BASELINE,HF9g-P5,,,,X 全窗基线 · 不参与实体赏罚,15055427,1506,A168_HF9F_20260827_0900,2026-08-27 09:00:00
2026-05-16,92755421,2117,0,3354.3804262035,532.7545382794,532.7545382794,0.5000000,4,4,0.49994810000000000,0.499948100000,0.00020760000111838688,0.00020760000111838688,0.00020760000111838688,0E-17,ELIGIBLE,R03b_20260811_FULL_v1,L1_ELIGIBILITY,v2026-08-11,2026-03-21..2026-08-06,baccarat_bet02_101_all_pairs_incl_sentinel,round_win = game_pnl > 0 (decisive only),COMPATIBILITY_ONLY_NOT_PRODUCTION,2500103.8841,2280641.3266,9883.8276,11764,10369,-0.00395337,-0.05088190,-0.00239824,-0.00395337,-9883.8276,2500103.8841,OK,0.0000,395.3531,4.0000,96.0000,AG03-UNRESOLVED,ALL5_LEVELS_bet23_to_bet27,395.3531,395.3531,395.3531,395.3531,395.3531,4.000000,4.000000,4.000000,4.000000,4.000000,96.000000,96.000000,96.000000,96.000000,96.000000,5.0,1976.7655,1824.8244,7907.0621,8059.0032,PENDING_AG03,FALSE,NOT_FOR_ENFORCEMENT,9488.4745,2189415.6736,9883.8276,9488.4745,395.3531,0.00395337,0.00379523,395.3531,9488.4745,0.00379523,395.3531,395.3531,395.3531,395.3531,395.3531,9488.4745,0.00379523,1976.7655,1824.8244,7907.0621,8059.0032,0.00316269,0.00322347,0.00015813,212.5216,219.9480,0.9532,119.0823,2.3972,30121.7335,124.9277,49.0469,238.9093,36.5364,75.9244,374.9013,749.8027,789.266,1183.8989,75.8035,-1.1839,10.395423,15.593133,2.799122,29,215,300,5,0.03207536,0.00395337,0.05088190,0E-8,0.000000,0.912219,0.000000,-0.04848366,2026-03-31,2026-08-01,83,4123,1621,124,0.669355,0.205295,0.230786,0.106918,,,,,,,,GLOBAL_BASELINE_NO_ENTITY_RANKING,,,NOT_APPLICABLE_GLOBAL_BASELINE,HF9g-P5,,,,X 全窗基线 · 不参与实体赏罚,15055428,1506,A168_HF9F_20260827_0900,2026-08-27 09:00:00
2026-05-16,92755421,2127,0,3157.0639305445,-789.2659826361,-789.2659826361,0.3333333,3,3,0.50218230000000000,0.502182300000,-0.5849155494134425,-0.5849155494134426,-0.5849155494134425,0E-17,ELIGIBLE,R03b_20260811_FULL_v1,L1_ELIGIBILITY,v2026-08-11,2026-03-21..2026-08-06,baccarat_bet02_101_all_pairs_incl_sentinel,round_win = game_pnl > 0 (decisive only),COMPATIBILITY_ONLY_NOT_PRODUCTION,2500103.8841,2280641.3266,9883.8276,11764,10369,-0.00395337,-0.05088190,-0.00239824,-0.00395337,-9883.8276,2500103.8841,OK,0.0000,395.3531,4.0000,96.0000,AG03-UNRESOLVED,ALL5_LEVELS_bet23_to_bet27,395.3531,395.3531,395.3531,395.3531,395.3531,4.000000,4.000000,4.000000,4.000000,4.000000,96.000000,96.000000,96.000000,96.000000,96.000000,5.0,1976.7655,1824.8244,7907.0621,8059.0032,PENDING_AG03,FALSE,NOT_FOR_ENFORCEMENT,9488.4745,2189415.6736,9883.8276,9488.4745,395.3531,0.00395337,0.00379523,395.3531,9488.4745,0.00379523,395.3531,395.3531,395.3531,395.3531,395.3531,9488.4745,0.00379523,1976.7655,1824.8244,7907.0621,8059.0032,0.00316269,0.00322347,0.00015813,212.5216,219.9480,0.9532,119.0823,2.3972,30121.7335,124.9277,49.0469,238.9093,36.5364,75.9244,374.9013,749.8027,789.266,1183.8989,75.8035,-1.1839,10.395423,15.593133,2.799122,29,215,300,5,0.03207536,0.00395337,0.05088190,0E-8,0.000000,0.912219,0.000000,-0.04848366,2026-03-31,2026-08-01,83,4123,1621,124,0.669355,0.205295,0.230786,0.106918,,,,,,,,GLOBAL_BASELINE_NO_ENTITY_RANKING,,,NOT_APPLICABLE_GLOBAL_BASELINE,HF9g-P5,,,,X 全窗基线 · 不参与实体赏罚,15055429,1506,A168_HF9F_20260827_0900,2026-08-27 09:00:00
2026-05-16,92755421,2130,0,7893.8437253354,867.0086819258,867.0086819258,0.5714286,9,8,0.49985700733486591,0.470297437500,0.3787211345590779,0.5360824054205192,0.3787211345590779,0.02955956983486591,ELIGIBLE,R03b_20260811_FULL_v1,L1_ELIGIBILITY,v2026-08-11,2026-03-21..2026-08-06,baccarat_bet02_101_all_pairs_incl_sentinel,round_win = game_pnl > 0 (decisive only),COMPATIBILITY_ONLY_NOT_PRODUCTION,2500103.8841,2280641.3266,9883.8276,11764,10369,-0.00395337,-0.05088190,-0.00239824,-0.00395337,-9883.8276,2500103.8841,OK,0.0000,395.3531,4.0000,96.0000,AG03-UNRESOLVED,ALL5_LEVELS_bet23_to_bet27,395.3531,395.3531,395.3531,395.3531,395.3531,4.000000,4.000000,4.000000,4.000000,4.000000,96.000000,96.000000,96.000000,96.000000,96.000000,5.0,1976.7655,1824.8244,7907.0621,8059.0032,PENDING_AG03,FALSE,NOT_FOR_ENFORCEMENT,9488.4745,2189415.6736,9883.8276,9488.4745,395.3531,0.00395337,0.00379523,395.3531,9488.4745,0.00379523,395.3531,395.3531,395.3531,395.3531,395.3531,9488.4745,0.00379523,1976.7655,1824.8244,7907.0621,8059.0032,0.00316269,0.00322347,0.00015813,212.5216,219.9480,0.9532,119.0823,2.3972,30121.7335,124.9277,49.0469,238.9093,36.5364,75.9244,374.9013,749.8027,789.266,1183.8989,75.8035,-1.1839,10.395423,15.593133,2.799122,29,215,300,5,0.03207536,0.00395337,0.05088190,0E-8,0.000000,0.912219,0.000000,-0.04848366,2026-03-31,2026-08-01,83,4123,1621,124,0.669355,0.205295,0.230786,0.106918,,,,,,,,GLOBAL_BASELINE_NO_ENTITY_RANKING,,,NOT_APPLICABLE_GLOBAL_BASELINE,HF9g-P5,,,,X 全窗基线 · 不参与实体赏罚,15055430,1506,A168_HF9F_20260827_0900,2026-08-27 09:00:00
2026-05-16,92755421,2147,0,3557.6164167324,-1249.0134175217,-1249.0134175217,0.3333333,4,3,0.50139554941956499,0.423113866667,-0.582186861877935,-0.31475245706473504,-0.582186861877935,0.07828168275256499,ELIGIBLE,R03b_20260811_FULL_v1,L1_ELIGIBILITY,v2026-08-11,2026-03-21..2026-08-06,baccarat_bet02_101_all_pairs_incl_sentinel,round_win = game_pnl > 0 (decisive only),COMPATIBILITY_ONLY_NOT_PRODUCTION,2500103.8841,2280641.3266,9883.8276,11764,10369,-0.00395337,-0.05088190,-0.00239824,-0.00395337,-9883.8276,2500103.8841,OK,0.0000,395.3531,4.0000,96.0000,AG03-UNRESOLVED,ALL5_LEVELS_bet23_to_bet27,395.3531,395.3531,395.3531,395.3531,395.3531,4.000000,4.000000,4.000000,4.000000,4.000000,96.000000,96.000000,96.000000,96.000000,96.000000,5.0,1976.7655,1824.8244,7907.0621,8059.0032,PENDING_AG03,FALSE,NOT_FOR_ENFORCEMENT,9488.4745,2189415.6736,9883.8276,9488.4745,395.3531,0.00395337,0.00379523,395.3531,9488.4745,0.00379523,395.3531,395.3531,395.3531,395.3531,395.3531,9488.4745,0.00379523,1976.7655,1824.8244,7907.0621,8059.0032,0.00316269,0.00322347,0.00015813,212.5216,219.9480,0.9532,119.0823,2.3972,30121.7335,124.9277,49.0469,238.9093,36.5364,75.9244,374.9013,749.8027,789.266,1183.8989,75.8035,-1.1839,10.395423,15.593133,2.799122,29,215,300,5,0.03207536,0.00395337,0.05088190,0E-8,0.000000,0.912219,0.000000,-0.04848366,2026-03-31,2026-08-01,83,4123,1621,124,0.669355,0.205295,0.230786,0.106918,,,,,,,,GLOBAL_BASELINE_NO_ENTITY_RANKING,,,NOT_APPLICABLE_GLOBAL_BASELINE,HF9g-P5,,,,X 全窗基线 · 不参与实体赏罚,15055431,1506,A168_HF9F_20260827_0900,2026-08-27 09:00:00
2026-05-16,92755421,2153,0,4265.9826361482,1825.1775848461,1825.1775848461,0.8000000,7,6,0.50165866799116743,0.462648083333,1.3342303391736925,1.51291106541739,1.3342303391736925,0.03901058465816743,ELIGIBLE,R03b_20260811_FULL_v1,L1_ELIGIBILITY,v2026-08-11,2026-03-21..2026-08-06,baccarat_bet02_101_all_pairs_incl_sentinel,round_win = game_pnl > 0 (decisive only),COMPATIBILITY_ONLY_NOT_PRODUCTION,2500103.8841,2280641.3266,9883.8276,11764,10369,-0.00395337,-0.05088190,-0.00239824,-0.00395337,-9883.8276,2500103.8841,OK,0.0000,395.3531,4.0000,96.0000,AG03-UNRESOLVED,ALL5_LEVELS_bet23_to_bet27,395.3531,395.3531,395.3531,395.3531,395.3531,4.000000,4.000000,4.000000,4.000000,4.000000,96.000000,96.000000,96.000000,96.000000,96.000000,5.0,1976.7655,1824.8244,7907.0621,8059.0032,PENDING_AG03,FALSE,NOT_FOR_ENFORCEMENT,9488.4745,2189415.6736,9883.8276,9488.4745,395.3531,0.00395337,0.00379523,395.3531,9488.4745,0.00379523,395.3531,395.3531,395.3531,395.3531,395.3531,9488.4745,0.00379523,1976.7655,1824.8244,7907.0621,8059.0032,0.00316269,0.00322347,0.00015813,212.5216,219.9480,0.9532,119.0823,2.3972,30121.7335,124.9277,49.0469,238.9093,36.5364,75.9244,374.9013,749.8027,789.266,1183.8989,75.8035,-1.1839,10.395423,15.593133,2.799122,29,215,300,5,0.03207536,0.00395337,0.05088190,0E-8,0.000000,0.912219,0.000000,-0.04848366,2026-03-31,2026-08-01,83,4123,1621,124,0.669355,0.205295,0.230786,0.106918,,,,,,,,GLOBAL_BASELINE_NO_ENTITY_RANKING,,,NOT_APPLICABLE_GLOBAL_BASELINE,HF9g-P5,,,,X 全窗基线 · 不参与实体赏罚,15055432,1506,A168_HF9F_20260827_0900,2026-08-27 09:00:00
2026-05-16,92755421,2164,0,2308.6029992107,0E-10,0E-10,0.5000000,2,2,0.50665070000000000,0.506650700000,-0.018812684590367487,-0.018812684590367487,-0.018812684590367487,0E-17,ELIGIBLE,R03b_20260811_FULL_v1,L1_ELIGIBILITY,v2026-08-11,2026-03-21..2026-08-06,baccarat_bet02_101_all_pairs_incl_sentinel,round_win = game_pnl > 0 (decisive only),COMPATIBILITY_ONLY_NOT_PRODUCTION,2500103.8841,2280641.3266,9883.8276,11764,10369,-0.00395337,-0.05088190,-0.00239824,-0.00395337,-9883.8276,2500103.8841,OK,0.0000,395.3531,4.0000,96.0000,AG03-UNRESOLVED,ALL5_LEVELS_bet23_to_bet27,395.3531,395.3531,395.3531,395.3531,395.3531,4.000000,4.000000,4.000000,4.000000,4.000000,96.000000,96.000000,96.000000,96.000000,96.000000,5.0,1976.7655,1824.8244,7907.0621,8059.0032,PENDING_AG03,FALSE,NOT_FOR_ENFORCEMENT,9488.4745,2189415.6736,9883.8276,9488.4745,395.3531,0.00395337,0.00379523,395.3531,9488.4745,0.00379523,395.3531,395.3531,395.3531,395.3531,395.3531,9488.4745,0.00379523,1976.7655,1824.8244,7907.0621,8059.0032,0.00316269,0.00322347,0.00015813,212.5216,219.9480,0.9532,119.0823,2.3972,30121.7335,124.9277,49.0469,238.9093,36.5364,75.9244,374.9013,749.8027,789.266,1183.8989,75.8035,-1.1839,10.395423,15.593133,2.799122,29,215,300,5,0.03207536,0.00395337,0.05088190,0E-8,0.000000,0.912219,0.000000,-0.04848366,2026-03-31,2026-08-01,83,4123,1621,124,0.669355,0.205295,0.230786,0.106918,,,,,,,,GLOBAL_BASELINE_NO_ENTITY_RANKING,,,NOT_APPLICABLE_GLOBAL_BASELINE,HF9g-P5,,,,X 全窗基线 · 不参与实体赏罚,15055433,1506,A168_HF9F_20260827_0900,2026-08-27 09:00:00
2026-05-16,92755421,2169,0,5651.1444356746,986.5824782952,986.5824782952,0.6666667,10,8,0.50094098994934350,0.440646775000,0.8118881282633504,1.1151516118214764,0.8118881282633504,0.06029421494934350,ELIGIBLE,R03b_20260811_FULL_v1,L1_ELIGIBILITY,v2026-08-11,2026-03-21..2026-08-06,baccarat_bet02_101_all_pairs_incl_sentinel,round_win = game_pnl > 0 (decisive only),COMPATIBILITY_ONLY_NOT_PRODUCTION,2500103.8841,2280641.3266,9883.8276,11764,10369,-0.00395337,-0.05088190,-0.00239824,-0.00395337,-9883.8276,2500103.8841,OK,0.0000,395.3531,4.0000,96.0000,AG03-UNRESOLVED,ALL5_LEVELS_bet23_to_bet27,395.3531,395.3531,395.3531,395.3531,395.3531,4.000000,4.000000,4.000000,4.000000,4.000000,96.000000,96.000000,96.000000,96.000000,96.000000,5.0,1976.7655,1824.8244,7907.0621,8059.0032,PENDING_AG03,FALSE,NOT_FOR_ENFORCEMENT,9488.4745,2189415.6736,9883.8276,9488.4745,395.3531,0.00395337,0.00379523,395.3531,9488.4745,0.00379523,395.3531,395.3531,395.3531,395.3531,395.3531,9488.4745,0.00379523,1976.7655,1824.8244,7907.0621,8059.0032,0.00316269,0.00322347,0.00015813,212.5216,219.9480,0.9532,119.0823,2.3972,30121.7335,124.9277,49.0469,238.9093,36.5364,75.9244,374.9013,749.8027,789.266,1183.8989,75.8035,-1.1839,10.395423,15.593133,2.799122,29,215,300,5,0.03207536,0.00395337,0.05088190,0E-8,0.000000,0.912219,0.000000,-0.04848366,2026-03-31,2026-08-01,83,4123,1621,124,0.669355,0.205295,0.230786,0.106918,,,,,,,,GLOBAL_BASELINE_NO_ENTITY_RANKING,,,NOT_APPLICABLE_GLOBAL_BASELINE,HF9g-P5,,,,X 全窗基线 · 不参与实体赏罚,15055434,1506,A168_HF9F_20260827_0900,2026-08-27 09:00:00
2026-05-16,92755421,2174,0,2367.7979479083,-2367.7979479083,-2367.7979479083,0E-7,3,3,0.50218230000000000,0.502182300000,-1.7396270863184011,-1.7396270863184016,-1.7396270863184011,0E-17,ELIGIBLE,R03b_20260811_FULL_v1,L1_ELIGIBILITY,v2026-08-11,2026-03-21..2026-08-06,baccarat_bet02_101_all_pairs_incl_sentinel,round_win = game_pnl > 0 (decisive only),COMPATIBILITY_ONLY_NOT_PRODUCTION,2500103.8841,2280641.3266,9883.8276,11764,10369,-0.00395337,-0.05088190,-0.00239824,-0.00395337,-9883.8276,2500103.8841,OK,0.0000,395.3531,4.0000,96.0000,AG03-UNRESOLVED,ALL5_LEVELS_bet23_to_bet27,395.3531,395.3531,395.3531,395.3531,395.3531,4.000000,4.000000,4.000000,4.000000,4.000000,96.000000,96.000000,96.000000,96.000000,96.000000,5.0,1976.7655,1824.8244,7907.0621,8059.0032,PENDING_AG03,FALSE,NOT_FOR_ENFORCEMENT,9488.4745,2189415.6736,9883.8276,9488.4745,395.3531,0.00395337,0.00379523,395.3531,9488.4745,0.00379523,395.3531,395.3531,395.3531,395.3531,395.3531,9488.4745,0.00379523,1976.7655,1824.8244,7907.0621,8059.0032,0.00316269,0.00322347,0.00015813,212.5216,219.9480,0.9532,119.0823,2.3972,30121.7335,124.9277,49.0469,238.9093,36.5364,75.9244,374.9013,749.8027,789.266,1183.8989,75.8035,-1.1839,10.395423,15.593133,2.799122,29,215,300,5,0.03207536,0.00395337,0.05088190,0E-8,0.000000,0.912219,0.000000,-0.04848366,2026-03-31,2026-08-01,83,4123,1621,124,0.669355,0.205295,0.230786,0.106918,,,,,,,,GLOBAL_BASELINE_NO_ENTITY_RANKING,,,NOT_APPLICABLE_GLOBAL_BASELINE,HF9g-P5,,,,X 全窗基线 · 不参与实体赏罚,15055435,1506,A168_HF9F_20260827_0900,2026-08-27 09:00:00
2026-05-16,92755421,2175,0,591.9494869771,-591.9494869771,-591.9494869771,0E-7,1,1,0.49324550000000000,0.493245500000,-0.9865810262130424,-0.9865810262130424,-0.9865810262130424,0E-17,ELIGIBLE,R03b_20260811_FULL_v1,L1_ELIGIBILITY,v2026-08-11,2026-03-21..2026-08-06,baccarat_bet02_101_all_pairs_incl_sentinel,round_win = game_pnl > 0 (decisive only),COMPATIBILITY_ONLY_NOT_PRODUCTION,2500103.8841,2280641.3266,9883.8276,11764,10369,-0.00395337,-0.05088190,-0.00239824,-0.00395337,-9883.8276,2500103.8841,OK,0.0000,395.3531,4.0000,96.0000,AG03-UNRESOLVED,ALL5_LEVELS_bet23_to_bet27,395.3531,395.3531,395.3531,395.3531,395.3531,4.000000,4.000000,4.000000,4.000000,4.000000,96.000000,96.000000,96.000000,96.000000,96.000000,5.0,1976.7655,1824.8244,7907.0621,8059.0032,PENDING_AG03,FALSE,NOT_FOR_ENFORCEMENT,9488.4745,2189415.6736,9883.8276,9488.4745,395.3531,0.00395337,0.00379523,395.3531,9488.4745,0.00379523,395.3531,395.3531,395.3531,395.3531,395.3531,9488.4745,0.00379523,1976.7655,1824.8244,7907.0621,8059.0032,0.00316269,0.00322347,0.00015813,212.5216,219.9480,0.9532,119.0823,2.3972,30121.7335,124.9277,49.0469,238.9093,36.5364,75.9244,374.9013,749.8027,789.266,1183.8989,75.8035,-1.1839,10.395423,15.593133,2.799122,29,215,300,5,0.03207536,0.00395337,0.05088190,0E-8,0.000000,0.912219,0.000000,-0.04848366,2026-03-31,2026-08-01,83,4123,1621,124,0.669355,0.205295,0.230786,0.106918,,,,,,,,GLOBAL_BASELINE_NO_ENTITY_RANKING,,,NOT_APPLICABLE_GLOBAL_BASELINE,HF9g-P5,,,,X 全窗基线 · 不参与实体赏罚,15055436,1506,A168_HF9F_20260827_0900,2026-08-27 09:00:00
2026-05-16,92755421,2196,0,7044.1988950275,-59.1949486977,-59.1949486977,0.5000000,6,6,0.49771390000000000,0.497713900000,0.011199674067230152,0.011199674067230152,0.011199674067230152,0E-17,ELIGIBLE,R03b_20260811_FULL_v1,L1_ELIGIBILITY,v2026-08-11,2026-03-21..2026-08-06,baccarat_bet02_101_all_pairs_incl_sentinel,round_win = game_pnl > 0 (decisive only),COMPATIBILITY_ONLY_NOT_PRODUCTION,2500103.8841,2280641.3266,9883.8276,11764,10369,-0.00395337,-0.05088190,-0.00239824,-0.00395337,-9883.8276,2500103.8841,OK,0.0000,395.3531,4.0000,96.0000,AG03-UNRESOLVED,ALL5_LEVELS_bet23_to_bet27,395.3531,395.3531,395.3531,395.3531,395.3531,4.000000,4.000000,4.000000,4.000000,4.000000,96.000000,96.000000,96.000000,96.000000,96.000000,5.0,1976.7655,1824.8244,7907.0621,8059.0032,PENDING_AG03,FALSE,NOT_FOR_ENFORCEMENT,9488.4745,2189415.6736,9883.8276,9488.4745,395.3531,0.00395337,0.00379523,395.3531,9488.4745,0.00379523,395.3531,395.3531,395.3531,395.3531,395.3531,9488.4745,0.00379523,1976.7655,1824.8244,7907.0621,8059.0032,0.00316269,0.00322347,0.00015813,212.5216,219.9480,0.9532,119.0823,2.3972,30121.7335,124.9277,49.0469,238.9093,36.5364,75.9244,374.9013,749.8027,789.266,1183.8989,75.8035,-1.1839,10.395423,15.593133,2.799122,29,215,300,5,0.03207536,0.00395337,0.05088190,0E-8,0.000000,0.912219,0.000000,-0.04848366,2026-03-31,2026-08-01,83,4123,1621,124,0.669355,0.205295,0.230786,0.106918,,,,,,,,GLOBAL_BASELINE_NO_ENTITY_RANKING,,,NOT_APPLICABLE_GLOBAL_BASELINE,HF9g-P5,,,,X 全窗基线 · 不参与实体赏罚,15055437,1506,A168_HF9F_20260827_0900,2026-08-27 09:00:00
2026-05-16,92755421,2216,0,1539.0686661404,0E-10,0E-10,0.5000000,2,2,0.50665070000000000,0.506650700000,-0.018812684590367487,-0.018812684590367487,-0.018812684590367487,0E-17,ELIGIBLE,R03b_20260811_FULL_v1,L1_ELIGIBILITY,v2026-08-11,2026-03-21..2026-08-06,baccarat_bet02_101_all_pairs_incl_sentinel,round_win = game_pnl > 0 (decisive only),COMPATIBILITY_ONLY_NOT_PRODUCTION,2500103.8841,2280641.3266,9883.8276,11764,10369,-0.00395337,-0.05088190,-0.00239824,-0.00395337,-9883.8276,2500103.8841,OK,0.0000,395.3531,4.0000,96.0000,AG03-UNRESOLVED,ALL5_LEVELS_bet23_to_bet27,395.3531,395.3531,395.3531,395.3531,395.3531,4.000000,4.000000,4.000000,4.000000,4.000000,96.000000,96.000000,96.000000,96.000000,96.000000,5.0,1976.7655,1824.8244,7907.0621,8059.0032,PENDING_AG03,FALSE,NOT_FOR_ENFORCEMENT,9488.4745,2189415.6736,9883.8276,9488.4745,395.3531,0.00395337,0.00379523,395.3531,9488.4745,0.00379523,395.3531,395.3531,395.3531,395.3531,395.3531,9488.4745,0.00379523,1976.7655,1824.8244,7907.0621,8059.0032,0.00316269,0.00322347,0.00015813,212.5216,219.9480,0.9532,119.0823,2.3972,30121.7335,124.9277,49.0469,238.9093,36.5364,75.9244,374.9013,749.8027,789.266,1183.8989,75.8035,-1.1839,10.395423,15.593133,2.799122,29,215,300,5,0.03207536,0.00395337,0.05088190,0E-8,0.000000,0.912219,0.000000,-0.04848366,2026-03-31,2026-08-01,83,4123,1621,124,0.669355,0.205295,0.230786,0.106918,,,,,,,,GLOBAL_BASELINE_NO_ENTITY_RANKING,,,NOT_APPLICABLE_GLOBAL_BASELINE,HF9g-P5,,,,X 全窗基线 · 不参与实体赏罚,15055438,1506,A168_HF9F_20260827_0900,2026-08-27 09:00:00
2026-05-16,92755421,2218,0,3709.5501183897,-591.9494869771,-591.9494869771,0.4000000,5,5,0.49860758000000000,0.498607580000,-0.440988213962219,-0.440988213962219,-0.440988213962219,0E-17,ELIGIBLE,R03b_20260811_FULL_v1,L1_ELIGIBILITY,v2026-08-11,2026-03-21..2026-08-06,baccarat_bet02_101_all_pairs_incl_sentinel,round_win = game_pnl > 0 (decisive only),COMPATIBILITY_ONLY_NOT_PRODUCTION,2500103.8841,2280641.3266,9883.8276,11764,10369,-0.00395337,-0.05088190,-0.00239824,-0.00395337,-9883.8276,2500103.8841,OK,0.0000,395.3531,4.0000,96.0000,AG03-UNRESOLVED,ALL5_LEVELS_bet23_to_bet27,395.3531,395.3531,395.3531,395.3531,395.3531,4.000000,4.000000,4.000000,4.000000,4.000000,96.000000,96.000000,96.000000,96.000000,96.000000,5.0,1976.7655,1824.8244,7907.0621,8059.0032,PENDING_AG03,FALSE,NOT_FOR_ENFORCEMENT,9488.4745,2189415.6736,9883.8276,9488.4745,395.3531,0.00395337,0.00379523,395.3531,9488.4745,0.00379523,395.3531,395.3531,395.3531,395.3531,395.3531,9488.4745,0.00379523,1976.7655,1824.8244,7907.0621,8059.0032,0.00316269,0.00322347,0.00015813,212.5216,219.9480,0.9532,119.0823,2.3972,30121.7335,124.9277,49.0469,238.9093,36.5364,75.9244,374.9013,749.8027,789.266,1183.8989,75.8035,-1.1839,10.395423,15.593133,2.799122,29,215,300,5,0.03207536,0.00395337,0.05088190,0E-8,0.000000,0.912219,0.000000,-0.04848366,2026-03-31,2026-08-01,83,4123,1621,124,0.669355,0.205295,0.230786,0.106918,,,,,,,,GLOBAL_BASELINE_NO_ENTITY_RANKING,,,NOT_APPLICABLE_GLOBAL_BASELINE,HF9g-P5,,,,X 全窗基线 · 不参与实体赏罚,15055439,1506,A168_HF9F_20260827_0900,2026-08-27 09:00:00
2026-05-16,92755421,2233,0,1183.8989739542,-1183.8989739542,-1183.8989739542,0E-7,1,1,0.49324550000000000,0.493245500000,-0.9865810262130424,-0.9865810262130424,-0.9865810262130424,0E-17,ELIGIBLE,R03b_20260811_FULL_v1,L1_ELIGIBILITY,v2026-08-11,2026-03-21..2026-08-06,baccarat_bet02_101_all_pairs_incl_sentinel,round_win = game_pnl > 0 (decisive only),COMPATIBILITY_ONLY_NOT_PRODUCTION,2500103.8841,2280641.3266,9883.8276,11764,10369,-0.00395337,-0.05088190,-0.00239824,-0.00395337,-9883.8276,2500103.8841,OK,0.0000,395.3531,4.0000,96.0000,AG03-UNRESOLVED,ALL5_LEVELS_bet23_to_bet27,395.3531,395.3531,395.3531,395.3531,395.3531,4.000000,4.000000,4.000000,4.000000,4.000000,96.000000,96.000000,96.000000,96.000000,96.000000,5.0,1976.7655,1824.8244,7907.0621,8059.0032,PENDING_AG03,FALSE,NOT_FOR_ENFORCEMENT,9488.4745,2189415.6736,9883.8276,9488.4745,395.3531,0.00395337,0.00379523,395.3531,9488.4745,0.00379523,395.3531,395.3531,395.3531,395.3531,395.3531,9488.4745,0.00379523,1976.7655,1824.8244,7907.0621,8059.0032,0.00316269,0.00322347,0.00015813,212.5216,219.9480,0.9532,119.0823,2.3972,30121.7335,124.9277,49.0469,238.9093,36.5364,75.9244,374.9013,749.8027,789.266,1183.8989,75.8035,-1.1839,10.395423,15.593133,2.799122,29,215,300,5,0.03207536,0.00395337,0.05088190,0E-8,0.000000,0.912219,0.000000,-0.04848366,2026-03-31,2026-08-01,83,4123,1621,124,0.669355,0.205295,0.230786,0.106918,,,,,,,,GLOBAL_BASELINE_NO_ENTITY_RANKING,,,NOT_APPLICABLE_GLOBAL_BASELINE,HF9g-P5,,,,X 全窗基线 · 不参与实体赏罚,15055440,1506,A168_HF9F_20260827_0900,2026-08-27 09:00:00
2026-05-16,92755421,2235,0,7024.4672454613,-868.1925808997,-868.1925808997,0.4285714,9,9,0.50218230000000000,0.502182300000,-0.3895158292854737,-0.3895158292854737,-0.3895158292854737,0E-17,ELIGIBLE,R03b_20260811_FULL_v1,L1_ELIGIBILITY,v2026-08-11,2026-03-21..2026-08-06,baccarat_bet02_101_all_pairs_incl_sentinel,round_win = game_pnl > 0 (decisive only),COMPATIBILITY_ONLY_NOT_PRODUCTION,2500103.8841,2280641.3266,9883.8276,11764,10369,-0.00395337,-0.05088190,-0.00239824,-0.00395337,-9883.8276,2500103.8841,OK,0.0000,395.3531,4.0000,96.0000,AG03-UNRESOLVED,ALL5_LEVELS_bet23_to_bet27,395.3531,395.3531,395.3531,395.3531,395.3531,4.000000,4.000000,4.000000,4.000000,4.000000,96.000000,96.000000,96.000000,96.000000,96.000000,5.0,1976.7655,1824.8244,7907.0621,8059.0032,PENDING_AG03,FALSE,NOT_FOR_ENFORCEMENT,9488.4745,2189415.6736,9883.8276,9488.4745,395.3531,0.00395337,0.00379523,395.3531,9488.4745,0.00379523,395.3531,395.3531,395.3531,395.3531,395.3531,9488.4745,0.00379523,1976.7655,1824.8244,7907.0621,8059.0032,0.00316269,0.00322347,0.00015813,212.5216,219.9480,0.9532,119.0823,2.3972,30121.7335,124.9277,49.0469,238.9093,36.5364,75.9244,374.9013,749.8027,789.266,1183.8989,75.8035,-1.1839,10.395423,15.593133,2.799122,29,215,300,5,0.03207536,0.00395337,0.05088190,0E-8,0.000000,0.912219,0.000000,-0.04848366,2026-03-31,2026-08-01,83,4123,1621,124,0.669355,0.205295,0.230786,0.106918,,,,,,,,GLOBAL_BASELINE_NO_ENTITY_RANKING,,,NOT_APPLICABLE_GLOBAL_BASELINE,HF9g-P5,,,,X 全窗基线 · 不参与实体赏罚,15055441,1506,A168_HF9F_20260827_0900,2026-08-27 09:00:00
2026-05-16,92755421,2242,0,3887.9242304657,1499.8026835045,1499.8026835045,0.7500000,9,8,0.49988574319138035,0.470297437500,1.414859933427382,1.5850358721953397,1.414859933427382,0.02958830569138035,ELIGIBLE,R03b_20260811_FULL_v1,L1_ELIGIBILITY,v2026-08-11,2026-03-21..2026-08-06,baccarat_bet02_101_all_pairs_incl_sentinel,round_win = game_pnl > 0 (decisive only),COMPATIBILITY_ONLY_NOT_PRODUCTION,2500103.8841,2280641.3266,9883.8276,11764,10369,-0.00395337,-0.05088190,-0.00239824,-0.00395337,-9883.8276,2500103.8841,OK,0.0000,395.3531,4.0000,96.0000,AG03-UNRESOLVED,ALL5_LEVELS_bet23_to_bet27,395.3531,395.3531,395.3531,395.3531,395.3531,4.000000,4.000000,4.000000,4.000000,4.000000,96.000000,96.000000,96.000000,96.000000,96.000000,5.0,1976.7655,1824.8244,7907.0621,8059.0032,PENDING_AG03,FALSE,NOT_FOR_ENFORCEMENT,9488.4745,2189415.6736,9883.8276,9488.4745,395.3531,0.00395337,0.00379523,395.3531,9488.4745,0.00379523,395.3531,395.3531,395.3531,395.3531,395.3531,9488.4745,0.00379523,1976.7655,1824.8244,7907.0621,8059.0032,0.00316269,0.00322347,0.00015813,212.5216,219.9480,0.9532,119.0823,2.3972,30121.7335,124.9277,49.0469,238.9093,36.5364,75.9244,374.9013,749.8027,789.266,1183.8989,75.8035,-1.1839,10.395423,15.593133,2.799122,29,215,300,5,0.03207536,0.00395337,0.05088190,0E-8,0.000000,0.912219,0.000000,-0.04848366,2026-03-31,2026-08-01,83,4123,1621,124,0.669355,0.205295,0.230786,0.106918,,,,,,,,GLOBAL_BASELINE_NO_ENTITY_RANKING,,,NOT_APPLICABLE_GLOBAL_BASELINE,HF9g-P5,,,,X 全窗基线 · 不参与实体赏罚,15055442,1506,A168_HF9F_20260827_0900,2026-08-27 09:00:00
2026-05-16,92755421,2244,0,2845.3038674032,1578.5319652722,1578.5319652722,0.7500000,5,4,0.49916265198675115,0.440646775000,1.0033507990562094,1.2462244638917332,1.0033507990562094,0.05851587698675115,ELIGIBLE,R03b_20260811_FULL_v1,L1_ELIGIBILITY,v2026-08-11,2026-03-21..2026-08-06,baccarat_bet02_101_all_pairs_incl_sentinel,round_win = game_pnl > 0 (decisive only),COMPATIBILITY_ONLY_NOT_PRODUCTION,2500103.8841,2280641.3266,9883.8276,11764,10369,-0.00395337,-0.05088190,-0.00239824,-0.00395337,-9883.8276,2500103.8841,OK,0.0000,395.3531,4.0000,96.0000,AG03-UNRESOLVED,ALL5_LEVELS_bet23_to_bet27,395.3531,395.3531,395.3531,395.3531,395.3531,4.000000,4.000000,4.000000,4.000000,4.000000,96.000000,96.000000,96.000000,96.000000,96.000000,5.0,1976.7655,1824.8244,7907.0621,8059.0032,PENDING_AG03,FALSE,NOT_FOR_ENFORCEMENT,9488.4745,2189415.6736,9883.8276,9488.4745,395.3531,0.00395337,0.00379523,395.3531,9488.4745,0.00379523,395.3531,395.3531,395.3531,395.3531,395.3531,9488.4745,0.00379523,1976.7655,1824.8244,7907.0621,8059.0032,0.00316269,0.00322347,0.00015813,212.5216,219.9480,0.9532,119.0823,2.3972,30121.7335,124.9277,49.0469,238.9093,36.5364,75.9244,374.9013,749.8027,789.266,1183.8989,75.8035,-1.1839,10.395423,15.593133,2.799122,29,215,300,5,0.03207536,0.00395337,0.05088190,0E-8,0.000000,0.912219,0.000000,-0.04848366,2026-03-31,2026-08-01,83,4123,1621,124,0.669355,0.205295,0.230786,0.106918,,,,,,,,GLOBAL_BASELINE_NO_ENTITY_RANKING,,,NOT_APPLICABLE_GLOBAL_BASELINE,HF9g-P5,,,,X 全窗基线 · 不参与实体赏罚,15055443,1506,A168_HF9F_20260827_0900,2026-08-27 09:00:00
2026-05-16,92755421,2246,0,6870.5603788473,1460.1420678768,1460.1420678768,0.6250000,10,9,0.50192004980652165,0.475826155556,0.6962504728800296,0.844842683020851,0.6962504728800296,0.02609389425052165,ELIGIBLE,R03b_20260811_FULL_v1,L1_ELIGIBILITY,v2026-08-11,2026-03-21..2026-08-06,baccarat_bet02_101_all_pairs_incl_sentinel,round_win = game_pnl > 0 (decisive only),COMPATIBILITY_ONLY_NOT_PRODUCTION,2500103.8841,2280641.3266,9883.8276,11764,10369,-0.00395337,-0.05088190,-0.00239824,-0.00395337,-9883.8276,2500103.8841,OK,0.0000,395.3531,4.0000,96.0000,AG03-UNRESOLVED,ALL5_LEVELS_bet23_to_bet27,395.3531,395.3531,395.3531,395.3531,395.3531,4.000000,4.000000,4.000000,4.000000,4.000000,96.000000,96.000000,96.000000,96.000000,96.000000,5.0,1976.7655,1824.8244,7907.0621,8059.0032,PENDING_AG03,FALSE,NOT_FOR_ENFORCEMENT,9488.4745,2189415.6736,9883.8276,9488.4745,395.3531,0.00395337,0.00379523,395.3531,9488.4745,0.00379523,395.3531,395.3531,395.3531,395.3531,395.3531,9488.4745,0.00379523,1976.7655,1824.8244,7907.0621,8059.0032,0.00316269,0.00322347,0.00015813,212.5216,219.9480,0.9532,119.0823,2.3972,30121.7335,124.9277,49.0469,238.9093,36.5364,75.9244,374.9013,749.8027,789.266,1183.8989,75.8035,-1.1839,10.395423,15.593133,2.799122,29,215,300,5,0.03207536,0.00395337,0.05088190,0E-8,0.000000,0.912219,0.000000,-0.04848366,2026-03-31,2026-08-01,83,4123,1621,124,0.669355,0.205295,0.230786,0.106918,,,,,,,,GLOBAL_BASELINE_NO_ENTITY_RANKING,,,NOT_APPLICABLE_GLOBAL_BASELINE,HF9g-P5,,,,X 全窗基线 · 不参与实体赏罚,15055444,1506,A168_HF9F_20260827_0900,2026-08-27 09:00:00
2026-05-16,92755421,2250,0,5607.7348066296,1381.2154696132,1381.2154696132,0.6250000,10,8,0.50294667771260824,0.443160250000,0.6904498451773048,1.0353526630001229,0.6904498451773048,0.05978642771260824,ELIGIBLE,R03b_20260811_FULL_v1,L1_ELIGIBILITY,v2026-08-11,2026-03-21..2026-08-06,baccarat_bet02_101_all_pairs_incl_sentinel,round_win = game_pnl > 0 (decisive only),COMPATIBILITY_ONLY_NOT_PRODUCTION,2500103.8841,2280641.3266,9883.8276,11764,10369,-0.00395337,-0.05088190,-0.00239824,-0.00395337,-9883.8276,2500103.8841,OK,0.0000,395.3531,4.0000,96.0000,AG03-UNRESOLVED,ALL5_LEVELS_bet23_to_bet27,395.3531,395.3531,395.3531,395.3531,395.3531,4.000000,4.000000,4.000000,4.000000,4.000000,96.000000,96.000000,96.000000,96.000000,96.000000,5.0,1976.7655,1824.8244,7907.0621,8059.0032,PENDING_AG03,FALSE,NOT_FOR_ENFORCEMENT,9488.4745,2189415.6736,9883.8276,9488.4745,395.3531,0.00395337,0.00379523,395.3531,9488.4745,0.00379523,395.3531,395.3531,395.3531,395.3531,395.3531,9488.4745,0.00379523,1976.7655,1824.8244,7907.0621,8059.0032,0.00316269,0.00322347,0.00015813,212.5216,219.9480,0.9532,119.0823,2.3972,30121.7335,124.9277,49.0469,238.9093,36.5364,75.9244,374.9013,749.8027,789.266,1183.8989,75.8035,-1.1839,10.395423,15.593133,2.799122,29,215,300,5,0.03207536,0.00395337,0.05088190,0E-8,0.000000,0.912219,0.000000,-0.04848366,2026-03-31,2026-08-01,83,4123,1621,124,0.669355,0.205295,0.230786,0.106918,,,,,,,,GLOBAL_BASELINE_NO_ENTITY_RANKING,,,NOT_APPLICABLE_GLOBAL_BASELINE,HF9g-P5,,,,X 全窗基线 · 不参与实体赏罚,15055445,1506,A168_HF9F_20260827_0900,2026-08-27 09:00:00
2026-05-16,92755421,2256,0,3622.7308602998,1301.3022888713,1301.3022888713,0.7500000,8,5,0.49970830998714075,0.357624920000,1.0011669304161506,1.6372808554644258,1.0011669304161506,0.14208338998714075,ELIGIBLE,R03b_20260811_FULL_v1,L1_ELIGIBILITY,v2026-08-11,2026-03-21..2026-08-06,baccarat_bet02_101_all_pairs_incl_sentinel,round_win = game_pnl > 0 (decisive only),COMPATIBILITY_ONLY_NOT_PRODUCTION,2500103.8841,2280641.3266,9883.8276,11764,10369,-0.00395337,-0.05088190,-0.00239824,-0.00395337,-9883.8276,2500103.8841,OK,0.0000,395.3531,4.0000,96.0000,AG03-UNRESOLVED,ALL5_LEVELS_bet23_to_bet27,395.3531,395.3531,395.3531,395.3531,395.3531,4.000000,4.000000,4.000000,4.000000,4.000000,96.000000,96.000000,96.000000,96.000000,96.000000,5.0,1976.7655,1824.8244,7907.0621,8059.0032,PENDING_AG03,FALSE,NOT_FOR_ENFORCEMENT,9488.4745,2189415.6736,9883.8276,9488.4745,395.3531,0.00395337,0.00379523,395.3531,9488.4745,0.00379523,395.3531,395.3531,395.3531,395.3531,395.3531,9488.4745,0.00379523,1976.7655,1824.8244,7907.0621,8059.0032,0.00316269,0.00322347,0.00015813,212.5216,219.9480,0.9532,119.0823,2.3972,30121.7335,124.9277,49.0469,238.9093,36.5364,75.9244,374.9013,749.8027,789.266,1183.8989,75.8035,-1.1839,10.395423,15.593133,2.799122,29,215,300,5,0.03207536,0.00395337,0.05088190,0E-8,0.000000,0.912219,0.000000,-0.04848366,2026-03-31,2026-08-01,83,4123,1621,124,0.669355,0.205295,0.230786,0.106918,,,,,,,,GLOBAL_BASELINE_NO_ENTITY_RANKING,,,NOT_APPLICABLE_GLOBAL_BASELINE,HF9g-P5,,,,X 全窗基线 · 不参与实体赏罚,15055446,1506,A168_HF9F_20260827_0900,2026-08-27 09:00:00
2026-05-16,92755421,2258,0,986.5824782951,-591.9494869771,-591.9494869771,0.5000000,2,2,0.49324550000000000,0.493245500000,0.01910635448239258,0.01910635448239258,0.01910635448239258,0E-17,ELIGIBLE,R03b_20260811_FULL_v1,L1_ELIGIBILITY,v2026-08-11,2026-03-21..2026-08-06,baccarat_bet02_101_all_pairs_incl_sentinel,round_win = game_pnl > 0 (decisive only),COMPATIBILITY_ONLY_NOT_PRODUCTION,2500103.8841,2280641.3266,9883.8276,11764,10369,-0.00395337,-0.05088190,-0.00239824,-0.00395337,-9883.8276,2500103.8841,OK,0.0000,395.3531,4.0000,96.0000,AG03-UNRESOLVED,ALL5_LEVELS_bet23_to_bet27,395.3531,395.3531,395.3531,395.3531,395.3531,4.000000,4.000000,4.000000,4.000000,4.000000,96.000000,96.000000,96.000000,96.000000,96.000000,5.0,1976.7655,1824.8244,7907.0621,8059.0032,PENDING_AG03,FALSE,NOT_FOR_ENFORCEMENT,9488.4745,2189415.6736,9883.8276,9488.4745,395.3531,0.00395337,0.00379523,395.3531,9488.4745,0.00379523,395.3531,395.3531,395.3531,395.3531,395.3531,9488.4745,0.00379523,1976.7655,1824.8244,7907.0621,8059.0032,0.00316269,0.00322347,0.00015813,212.5216,219.9480,0.9532,119.0823,2.3972,30121.7335,124.9277,49.0469,238.9093,36.5364,75.9244,374.9013,749.8027,789.266,1183.8989,75.8035,-1.1839,10.395423,15.593133,2.799122,29,215,300,5,0.03207536,0.00395337,0.05088190,0E-8,0.000000,0.912219,0.000000,-0.04848366,2026-03-31,2026-08-01,83,4123,1621,124,0.669355,0.205295,0.230786,0.106918,,,,,,,,GLOBAL_BASELINE_NO_ENTITY_RANKING,,,NOT_APPLICABLE_GLOBAL_BASELINE,HF9g-P5,,,,X 全窗基线 · 不参与实体赏罚,15055447,1506,A168_HF9F_20260827_0900,2026-08-27 09:00:00
2026-05-16,92755421,2266,0,1578.5319652722,-789.2659826361,-789.2659826361,0E-7,2,2,0.49324550000000000,0.493245500000,-0.9865810262130424,-0.9865810262130424,-0.9865810262130424,0E-17,ELIGIBLE,R03b_20260811_FULL_v1,L1_ELIGIBILITY,v2026-08-11,2026-03-21..2026-08-06,baccarat_bet02_101_all_pairs_incl_sentinel,round_win = game_pnl > 0 (decisive only),COMPATIBILITY_ONLY_NOT_PRODUCTION,2500103.8841,2280641.3266,9883.8276,11764,10369,-0.00395337,-0.05088190,-0.00239824,-0.00395337,-9883.8276,2500103.8841,OK,0.0000,395.3531,4.0000,96.0000,AG03-UNRESOLVED,ALL5_LEVELS_bet23_to_bet27,395.3531,395.3531,395.3531,395.3531,395.3531,4.000000,4.000000,4.000000,4.000000,4.000000,96.000000,96.000000,96.000000,96.000000,96.000000,5.0,1976.7655,1824.8244,7907.0621,8059.0032,PENDING_AG03,FALSE,NOT_FOR_ENFORCEMENT,9488.4745,2189415.6736,9883.8276,9488.4745,395.3531,0.00395337,0.00379523,395.3531,9488.4745,0.00379523,395.3531,395.3531,395.3531,395.3531,395.3531,9488.4745,0.00379523,1976.7655,1824.8244,7907.0621,8059.0032,0.00316269,0.00322347,0.00015813,212.5216,219.9480,0.9532,119.0823,2.3972,30121.7335,124.9277,49.0469,238.9093,36.5364,75.9244,374.9013,749.8027,789.266,1183.8989,75.8035,-1.1839,10.395423,15.593133,2.799122,29,215,300,5,0.03207536,0.00395337,0.05088190,0E-8,0.000000,0.912219,0.000000,-0.04848366,2026-03-31,2026-08-01,83,4123,1621,124,0.669355,0.205295,0.230786,0.106918,,,,,,,,GLOBAL_BASELINE_NO_ENTITY_RANKING,,,NOT_APPLICABLE_GLOBAL_BASELINE,HF9g-P5,,,,X 全窗基线 · 不参与实体赏罚,15055448,1506,A168_HF9F_20260827_0900,2026-08-27 09:00:00
2026-05-16,92755421,529,0,3551.6969218626,-1183.8989739542,-1183.8989739542,0.3333333,3,3,0.50218230000000000,0.502182300000,-0.5849155494134425,-0.5849155494134426,-0.5849155494134425,0E-17,ELIGIBLE,R03b_20260811_FULL_v1,L1_ELIGIBILITY,v2026-08-11,2026-03-21..2026-08-06,baccarat_bet02_101_all_pairs_incl_sentinel,round_win = game_pnl > 0 (decisive only),COMPATIBILITY_ONLY_NOT_PRODUCTION,2500103.8841,2280641.3266,9883.8276,11764,10369,-0.00395337,-0.05088190,-0.00239824,-0.00395337,-9883.8276,2500103.8841,OK,0.0000,395.3531,4.0000,96.0000,AG03-UNRESOLVED,ALL5_LEVELS_bet23_to_bet27,395.3531,395.3531,395.3531,395.3531,395.3531,4.000000,4.000000,4.000000,4.000000,4.000000,96.000000,96.000000,96.000000,96.000000,96.000000,5.0,1976.7655,1824.8244,7907.0621,8059.0032,PENDING_AG03,FALSE,NOT_FOR_ENFORCEMENT,9488.4745,2189415.6736,9883.8276,9488.4745,395.3531,0.00395337,0.00379523,395.3531,9488.4745,0.00379523,395.3531,395.3531,395.3531,395.3531,395.3531,9488.4745,0.00379523,1976.7655,1824.8244,7907.0621,8059.0032,0.00316269,0.00322347,0.00015813,212.5216,219.9480,0.9532,119.0823,2.3972,30121.7335,124.9277,49.0469,238.9093,36.5364,75.9244,374.9013,749.8027,789.266,1183.8989,75.8035,-1.1839,10.395423,15.593133,2.799122,29,215,300,5,0.03207536,0.00395337,0.05088190,0E-8,0.000000,0.912219,0.000000,-0.04848366,2026-03-31,2026-08-01,83,4123,1621,124,0.669355,0.205295,0.230786,0.106918,,,,,,,,GLOBAL_BASELINE_NO_ENTITY_RANKING,,,NOT_APPLICABLE_GLOBAL_BASELINE,HF9g-P5,,,,X 全窗基线 · 不参与实体赏罚,15055449,1506,A168_HF9F_20260827_0900,2026-08-27 09:00:00
2026-05-16,92755421,550,0,591.9494869771,-591.9494869771,-591.9494869771,0E-7,1,1,0.49324550000000000,0.493245500000,-0.9865810262130424,-0.9865810262130424,-0.9865810262130424,0E-17,ELIGIBLE,R03b_20260811_FULL_v1,L1_ELIGIBILITY,v2026-08-11,2026-03-21..2026-08-06,baccarat_bet02_101_all_pairs_incl_sentinel,round_win = game_pnl > 0 (decisive only),COMPATIBILITY_ONLY_NOT_PRODUCTION,2500103.8841,2280641.3266,9883.8276,11764,10369,-0.00395337,-0.05088190,-0.00239824,-0.00395337,-9883.8276,2500103.8841,OK,0.0000,395.3531,4.0000,96.0000,AG03-UNRESOLVED,ALL5_LEVELS_bet23_to_bet27,395.3531,395.3531,395.3531,395.3531,395.3531,4.000000,4.000000,4.000000,4.000000,4.000000,96.000000,96.000000,96.000000,96.000000,96.000000,5.0,1976.7655,1824.8244,7907.0621,8059.0032,PENDING_AG03,FALSE,NOT_FOR_ENFORCEMENT,9488.4745,2189415.6736,9883.8276,9488.4745,395.3531,0.00395337,0.00379523,395.3531,9488.4745,0.00379523,395.3531,395.3531,395.3531,395.3531,395.3531,9488.4745,0.00379523,1976.7655,1824.8244,7907.0621,8059.0032,0.00316269,0.00322347,0.00015813,212.5216,219.9480,0.9532,119.0823,2.3972,30121.7335,124.9277,49.0469,238.9093,36.5364,75.9244,374.9013,749.8027,789.266,1183.8989,75.8035,-1.1839,10.395423,15.593133,2.799122,29,215,300,5,0.03207536,0.00395337,0.05088190,0E-8,0.000000,0.912219,0.000000,-0.04848366,2026-03-31,2026-08-01,83,4123,1621,124,0.669355,0.205295,0.230786,0.106918,,,,,,,,GLOBAL_BASELINE_NO_ENTITY_RANKING,,,NOT_APPLICABLE_GLOBAL_BASELINE,HF9g-P5,,,,X 全窗基线 · 不参与实体赏罚,15055450,1506,A168_HF9F_20260827_0900,2026-08-27 09:00:00
2026-05-16,92755421,583,0,2762.4309392265,-1578.5319652723,-1578.5319652723,0E-7,3,3,0.49324550000000000,0.493245500000,-1.3952362676504506,-1.3952362676504506,-1.3952362676504506,0E-17,ELIGIBLE,R03b_20260811_FULL_v1,L1_ELIGIBILITY,v2026-08-11,2026-03-21..2026-08-06,baccarat_bet02_101_all_pairs_incl_sentinel,round_win = game_pnl > 0 (decisive only),COMPATIBILITY_ONLY_NOT_PRODUCTION,2500103.8841,2280641.3266,9883.8276,11764,10369,-0.00395337,-0.05088190,-0.00239824,-0.00395337,-9883.8276,2500103.8841,OK,0.0000,395.3531,4.0000,96.0000,AG03-UNRESOLVED,ALL5_LEVELS_bet23_to_bet27,395.3531,395.3531,395.3531,395.3531,395.3531,4.000000,4.000000,4.000000,4.000000,4.000000,96.000000,96.000000,96.000000,96.000000,96.000000,5.0,1976.7655,1824.8244,7907.0621,8059.0032,PENDING_AG03,FALSE,NOT_FOR_ENFORCEMENT,9488.4745,2189415.6736,9883.8276,9488.4745,395.3531,0.00395337,0.00379523,395.3531,9488.4745,0.00379523,395.3531,395.3531,395.3531,395.3531,395.3531,9488.4745,0.00379523,1976.7655,1824.8244,7907.0621,8059.0032,0.00316269,0.00322347,0.00015813,212.5216,219.9480,0.9532,119.0823,2.3972,30121.7335,124.9277,49.0469,238.9093,36.5364,75.9244,374.9013,749.8027,789.266,1183.8989,75.8035,-1.1839,10.395423,15.593133,2.799122,29,215,300,5,0.03207536,0.00395337,0.05088190,0E-8,0.000000,0.912219,0.000000,-0.04848366,2026-03-31,2026-08-01,83,4123,1621,124,0.669355,0.205295,0.230786,0.106918,,,,,,,,GLOBAL_BASELINE_NO_ENTITY_RANKING,,,NOT_APPLICABLE_GLOBAL_BASELINE,HF9g-P5,,,,X 全窗基线 · 不参与实体赏罚,15055451,1506,A168_HF9F_20260827_0900,2026-08-27 09:00:00
2026-05-16,92755421,919,0,5682.7150749802,1183.8989739542,1183.8989739542,0.6000000,5,5,0.50128862000000000,0.501288620000,0.4414521777673877,0.4414521777673877,0.4414521777673877,0E-17,ELIGIBLE,R03b_20260811_FULL_v1,L1_ELIGIBILITY,v2026-08-11,2026-03-21..2026-08-06,baccarat_bet02_101_all_pairs_incl_sentinel,round_win = game_pnl > 0 (decisive only),COMPATIBILITY_ONLY_NOT_PRODUCTION,2500103.8841,2280641.3266,9883.8276,11764,10369,-0.00395337,-0.05088190,-0.00239824,-0.00395337,-9883.8276,2500103.8841,OK,0.0000,395.3531,4.0000,96.0000,AG03-UNRESOLVED,ALL5_LEVELS_bet23_to_bet27,395.3531,395.3531,395.3531,395.3531,395.3531,4.000000,4.000000,4.000000,4.000000,4.000000,96.000000,96.000000,96.000000,96.000000,96.000000,5.0,1976.7655,1824.8244,7907.0621,8059.0032,PENDING_AG03,FALSE,NOT_FOR_ENFORCEMENT,9488.4745,2189415.6736,9883.8276,9488.4745,395.3531,0.00395337,0.00379523,395.3531,9488.4745,0.00379523,395.3531,395.3531,395.3531,395.3531,395.3531,9488.4745,0.00379523,1976.7655,1824.8244,7907.0621,8059.0032,0.00316269,0.00322347,0.00015813,212.5216,219.9480,0.9532,119.0823,2.3972,30121.7335,124.9277,49.0469,238.9093,36.5364,75.9244,374.9013,749.8027,789.266,1183.8989,75.8035,-1.1839,10.395423,15.593133,2.799122,29,215,300,5,0.03207536,0.00395337,0.05088190,0E-8,0.000000,0.912219,0.000000,-0.04848366,2026-03-31,2026-08-01,83,4123,1621,124,0.669355,0.205295,0.230786,0.106918,,,,,,,,GLOBAL_BASELINE_NO_ENTITY_RANKING,,,NOT_APPLICABLE_GLOBAL_BASELINE,HF9g-P5,,,,X 全窗基线 · 不参与实体赏罚,15055452,1506,A168_HF9F_20260827_0900,2026-08-27 09:00:00
2026-05-16,92755421,987,0,1973.1649565903,-1973.1649565903,-1973.1649565903,0E-7,2,2,0.50665070000000000,0.506650700000,-1.4331513700195317,-1.4331513700195317,-1.4331513700195317,0E-17,ELIGIBLE,R03b_20260811_FULL_v1,L1_ELIGIBILITY,v2026-08-11,2026-03-21..2026-08-06,baccarat_bet02_101_all_pairs_incl_sentinel,round_win = game_pnl > 0 (decisive only),COMPATIBILITY_ONLY_NOT_PRODUCTION,2500103.8841,2280641.3266,9883.8276,11764,10369,-0.00395337,-0.05088190,-0.00239824,-0.00395337,-9883.8276,2500103.8841,OK,0.0000,395.3531,4.0000,96.0000,AG03-UNRESOLVED,ALL5_LEVELS_bet23_to_bet27,395.3531,395.3531,395.3531,395.3531,395.3531,4.000000,4.000000,4.000000,4.000000,4.000000,96.000000,96.000000,96.000000,96.000000,96.000000,5.0,1976.7655,1824.8244,7907.0621,8059.0032,PENDING_AG03,FALSE,NOT_FOR_ENFORCEMENT,9488.4745,2189415.6736,9883.8276,9488.4745,395.3531,0.00395337,0.00379523,395.3531,9488.4745,0.00379523,395.3531,395.3531,395.3531,395.3531,395.3531,9488.4745,0.00379523,1976.7655,1824.8244,7907.0621,8059.0032,0.00316269,0.00322347,0.00015813,212.5216,219.9480,0.9532,119.0823,2.3972,30121.7335,124.9277,49.0469,238.9093,36.5364,75.9244,374.9013,749.8027,789.266,1183.8989,75.8035,-1.1839,10.395423,15.593133,2.799122,29,215,300,5,0.03207536,0.00395337,0.05088190,0E-8,0.000000,0.912219,0.000000,-0.04848366,2026-03-31,2026-08-01,83,4123,1621,124,0.669355,0.205295,0.230786,0.106918,,,,,,,,GLOBAL_BASELINE_NO_ENTITY_RANKING,,,NOT_APPLICABLE_GLOBAL_BASELINE,HF9g-P5,,,,X 全窗基线 · 不参与实体赏罚,15055453,1506,A168_HF9F_20260827_0900,2026-08-27 09:00:00
2026-05-17,92755421,-1,1,10955.0118389892,-3295.1854775056,-3295.1854775056,0.3076923,15,14,0.49977951058990678,0.483004864286,-1.3851606534962806,-1.2649277451333805,-1.3851606534962806,0.01677464630390678,SENTINEL_DEALER,R03b_20260811_FULL_v1,L1_ELIGIBILITY,v2026-08-11,2026-03-21..2026-08-06,baccarat_bet02_101_all_pairs_incl_sentinel,round_win = game_pnl > 0 (decisive only),COMPATIBILITY_ONLY_NOT_PRODUCTION,2500103.8841,2280641.3266,9883.8276,11764,10369,-0.00395337,-0.05088190,-0.00239824,-0.00395337,-9883.8276,2500103.8841,OK,0.0000,395.3531,4.0000,96.0000,AG03-UNRESOLVED,ALL5_LEVELS_bet23_to_bet27,395.3531,395.3531,395.3531,395.3531,395.3531,4.000000,4.000000,4.000000,4.000000,4.000000,96.000000,96.000000,96.000000,96.000000,96.000000,5.0,1976.7655,1824.8244,7907.0621,8059.0032,PENDING_AG03,FALSE,NOT_FOR_ENFORCEMENT,9488.4745,2189415.6736,9883.8276,9488.4745,395.3531,0.00395337,0.00379523,395.3531,9488.4745,0.00379523,395.3531,395.3531,395.3531,395.3531,395.3531,9488.4745,0.00379523,1976.7655,1824.8244,7907.0621,8059.0032,0.00316269,0.00322347,0.00015813,212.5216,219.9480,0.9532,119.0823,2.3972,30121.7335,124.9277,49.0469,238.9093,36.5364,75.9244,374.9013,749.8027,789.266,1183.8989,75.8035,-1.1839,10.395423,15.593133,2.799122,29,215,300,5,0.03207536,0.00395337,0.05088190,0E-8,0.000000,0.912219,0.000000,-0.04848366,2026-03-31,2026-08-01,83,4123,1621,124,0.669355,0.205295,0.230786,0.106918,,,,,,,,GLOBAL_BASELINE_NO_ENTITY_RANKING,,,NOT_APPLICABLE_GLOBAL_BASELINE,HF9g-P5,,,,X 全窗基线 · 不参与实体赏罚,15055454,1506,A168_HF9F_20260827_0900,2026-08-27 09:00:00
2026-05-17,92755421,1115,0,1578.5319652722,-39.4632991318,-39.4632991318,0.5000000,2,2,0.49994810000000000,0.499948100000,0.00014679536856514622,0.00014679536856514622,0.00014679536856514622,0E-17,ELIGIBLE,R03b_20260811_FULL_v1,L1_ELIGIBILITY,v2026-08-11,2026-03-21..2026-08-06,baccarat_bet02_101_all_pairs_incl_sentinel,round_win = game_pnl > 0 (decisive only),COMPATIBILITY_ONLY_NOT_PRODUCTION,2500103.8841,2280641.3266,9883.8276,11764,10369,-0.00395337,-0.05088190,-0.00239824,-0.00395337,-9883.8276,2500103.8841,OK,0.0000,395.3531,4.0000,96.0000,AG03-UNRESOLVED,ALL5_LEVELS_bet23_to_bet27,395.3531,395.3531,395.3531,395.3531,395.3531,4.000000,4.000000,4.000000,4.000000,4.000000,96.000000,96.000000,96.000000,96.000000,96.000000,5.0,1976.7655,1824.8244,7907.0621,8059.0032,PENDING_AG03,FALSE,NOT_FOR_ENFORCEMENT,9488.4745,2189415.6736,9883.8276,9488.4745,395.3531,0.00395337,0.00379523,395.3531,9488.4745,0.00379523,395.3531,395.3531,395.3531,395.3531,395.3531,9488.4745,0.00379523,1976.7655,1824.8244,7907.0621,8059.0032,0.00316269,0.00322347,0.00015813,212.5216,219.9480,0.9532,119.0823,2.3972,30121.7335,124.9277,49.0469,238.9093,36.5364,75.9244,374.9013,749.8027,789.266,1183.8989,75.8035,-1.1839,10.395423,15.593133,2.799122,29,215,300,5,0.03207536,0.00395337,0.05088190,0E-8,0.000000,0.912219,0.000000,-0.04848366,2026-03-31,2026-08-01,83,4123,1621,124,0.669355,0.205295,0.230786,0.106918,,,,,,,,GLOBAL_BASELINE_NO_ENTITY_RANKING,,,NOT_APPLICABLE_GLOBAL_BASELINE,HF9g-P5,,,,X 全窗基线 · 不参与实体赏罚,15055455,1506,A168_HF9F_20260827_0900,2026-08-27 09:00:00
2026-05-17,92755421,1299,0,789.2659826362,-394.6329913181,-394.6329913181,0E-7,2,2,0.50665070000000000,0.506650700000,-1.013391052207602,-1.013391052207602,-1.013391052207602,0E-17,ELIGIBLE,R03b_20260811_FULL_v1,L1_ELIGIBILITY,v2026-08-11,2026-03-21..2026-08-06,baccarat_bet02_101_all_pairs_incl_sentinel,round_win = game_pnl > 0 (decisive only),COMPATIBILITY_ONLY_NOT_PRODUCTION,2500103.8841,2280641.3266,9883.8276,11764,10369,-0.00395337,-0.05088190,-0.00239824,-0.00395337,-9883.8276,2500103.8841,OK,0.0000,395.3531,4.0000,96.0000,AG03-UNRESOLVED,ALL5_LEVELS_bet23_to_bet27,395.3531,395.3531,395.3531,395.3531,395.3531,4.000000,4.000000,4.000000,4.000000,4.000000,96.000000,96.000000,96.000000,96.000000,96.000000,5.0,1976.7655,1824.8244,7907.0621,8059.0032,PENDING_AG03,FALSE,NOT_FOR_ENFORCEMENT,9488.4745,2189415.6736,9883.8276,9488.4745,395.3531,0.00395337,0.00379523,395.3531,9488.4745,0.00379523,395.3531,395.3531,395.3531,395.3531,395.3531,9488.4745,0.00379523,1976.7655,1824.8244,7907.0621,8059.0032,0.00316269,0.00322347,0.00015813,212.5216,219.9480,0.9532,119.0823,2.3972,30121.7335,124.9277,49.0469,238.9093,36.5364,75.9244,374.9013,749.8027,789.266,1183.8989,75.8035,-1.1839,10.395423,15.593133,2.799122,29,215,300,5,0.03207536,0.00395337,0.05088190,0E-8,0.000000,0.912219,0.000000,-0.04848366,2026-03-31,2026-08-01,83,4123,1621,124,0.669355,0.205295,0.230786,0.106918,,,,,,,,GLOBAL_BASELINE_NO_ENTITY_RANKING,,,NOT_APPLICABLE_GLOBAL_BASELINE,HF9g-P5,,,,X 全窗基线 · 不参与实体赏罚,15055456,1506,A168_HF9F_20260827_0900,2026-08-27 09:00:00
2026-05-17,92755421,1363,0,769.5343330703,0E-10,0E-10,0.5000000,2,2,0.49994810000000000,0.499948100000,0.00014679536856514622,0.00014679536856514622,0.00014679536856514622,0E-17,ELIGIBLE,R03b_20260811_FULL_v1,L1_ELIGIBILITY,v2026-08-11,2026-03-21..2026-08-06,baccarat_bet02_101_all_pairs_incl_sentinel,round_win = game_pnl > 0 (decisive only),COMPATIBILITY_ONLY_NOT_PRODUCTION,2500103.8841,2280641.3266,9883.8276,11764,10369,-0.00395337,-0.05088190,-0.00239824,-0.00395337,-9883.8276,2500103.8841,OK,0.0000,395.3531,4.0000,96.0000,AG03-UNRESOLVED,ALL5_LEVELS_bet23_to_bet27,395.3531,395.3531,395.3531,395.3531,395.3531,4.000000,4.000000,4.000000,4.000000,4.000000,96.000000,96.000000,96.000000,96.000000,96.000000,5.0,1976.7655,1824.8244,7907.0621,8059.0032,PENDING_AG03,FALSE,NOT_FOR_ENFORCEMENT,9488.4745,2189415.6736,9883.8276,9488.4745,395.3531,0.00395337,0.00379523,395.3531,9488.4745,0.00379523,395.3531,395.3531,395.3531,395.3531,395.3531,9488.4745,0.00379523,1976.7655,1824.8244,7907.0621,8059.0032,0.00316269,0.00322347,0.00015813,212.5216,219.9480,0.9532,119.0823,2.3972,30121.7335,124.9277,49.0469,238.9093,36.5364,75.9244,374.9013,749.8027,789.266,1183.8989,75.8035,-1.1839,10.395423,15.593133,2.799122,29,215,300,5,0.03207536,0.00395337,0.05088190,0E-8,0.000000,0.912219,0.000000,-0.04848366,2026-03-31,2026-08-01,83,4123,1621,124,0.669355,0.205295,0.230786,0.106918,,,,,,,,GLOBAL_BASELINE_NO_ENTITY_RANKING,,,NOT_APPLICABLE_GLOBAL_BASELINE,HF9g-P5,,,,X 全窗基线 · 不参与实体赏罚,15055457,1506,A168_HF9F_20260827_0900,2026-08-27 09:00:00
2026-05-17,92755421,1385,0,6479.8737174425,4735.5958958167,4735.5958958167,0.8888889,11,9,0.49999465732155657,0.447980544444,2.333365389537202,2.6598846554169278,2.333365389537202,0.05201411287755657,ELIGIBLE,R03b_20260811_FULL_v1,L1_ELIGIBILITY,v2026-08-11,2026-03-21..2026-08-06,baccarat_bet02_101_all_pairs_incl_sentinel,round_win = game_pnl > 0 (decisive only),COMPATIBILITY_ONLY_NOT_PRODUCTION,2500103.8841,2280641.3266,9883.8276,11764,10369,-0.00395337,-0.05088190,-0.00239824,-0.00395337,-9883.8276,2500103.8841,OK,0.0000,395.3531,4.0000,96.0000,AG03-UNRESOLVED,ALL5_LEVELS_bet23_to_bet27,395.3531,395.3531,395.3531,395.3531,395.3531,4.000000,4.000000,4.000000,4.000000,4.000000,96.000000,96.000000,96.000000,96.000000,96.000000,5.0,1976.7655,1824.8244,7907.0621,8059.0032,PENDING_AG03,FALSE,NOT_FOR_ENFORCEMENT,9488.4745,2189415.6736,9883.8276,9488.4745,395.3531,0.00395337,0.00379523,395.3531,9488.4745,0.00379523,395.3531,395.3531,395.3531,395.3531,395.3531,9488.4745,0.00379523,1976.7655,1824.8244,7907.0621,8059.0032,0.00316269,0.00322347,0.00015813,212.5216,219.9480,0.9532,119.0823,2.3972,30121.7335,124.9277,49.0469,238.9093,36.5364,75.9244,374.9013,749.8027,789.266,1183.8989,75.8035,-1.1839,10.395423,15.593133,2.799122,29,215,300,5,0.03207536,0.00395337,0.05088190,0E-8,0.000000,0.912219,0.000000,-0.04848366,2026-03-31,2026-08-01,83,4123,1621,124,0.669355,0.205295,0.230786,0.106918,,,,,,,,GLOBAL_BASELINE_NO_ENTITY_RANKING,,,NOT_APPLICABLE_GLOBAL_BASELINE,HF9g-P5,,,,X 全窗基线 · 不参与实体赏罚,15055458,1506,A168_HF9F_20260827_0900,2026-08-27 09:00:00
2026-05-17,92755421,1405,0,1539.0686661404,0E-10,0E-10,0.5000000,2,2,0.50665070000000000,0.506650700000,-0.018812684590367487,-0.018812684590367487,-0.018812684590367487,0E-17,ELIGIBLE,R03b_20260811_FULL_v1,L1_ELIGIBILITY,v2026-08-11,2026-03-21..2026-08-06,baccarat_bet02_101_all_pairs_incl_sentinel,round_win = game_pnl > 0 (decisive only),COMPATIBILITY_ONLY_NOT_PRODUCTION,2500103.8841,2280641.3266,9883.8276,11764,10369,-0.00395337,-0.05088190,-0.00239824,-0.00395337,-9883.8276,2500103.8841,OK,0.0000,395.3531,4.0000,96.0000,AG03-UNRESOLVED,ALL5_LEVELS_bet23_to_bet27,395.3531,395.3531,395.3531,395.3531,395.3531,4.000000,4.000000,4.000000,4.000000,4.000000,96.000000,96.000000,96.000000,96.000000,96.000000,5.0,1976.7655,1824.8244,7907.0621,8059.0032,PENDING_AG03,FALSE,NOT_FOR_ENFORCEMENT,9488.4745,2189415.6736,9883.8276,9488.4745,395.3531,0.00395337,0.00379523,395.3531,9488.4745,0.00379523,395.3531,395.3531,395.3531,395.3531,395.3531,9488.4745,0.00379523,1976.7655,1824.8244,7907.0621,8059.0032,0.00316269,0.00322347,0.00015813,212.5216,219.9480,0.9532,119.0823,2.3972,30121.7335,124.9277,49.0469,238.9093,36.5364,75.9244,374.9013,749.8027,789.266,1183.8989,75.8035,-1.1839,10.395423,15.593133,2.799122,29,215,300,5,0.03207536,0.00395337,0.05088190,0E-8,0.000000,0.912219,0.000000,-0.04848366,2026-03-31,2026-08-01,83,4123,1621,124,0.669355,0.205295,0.230786,0.106918,,,,,,,,GLOBAL_BASELINE_NO_ENTITY_RANKING,,,NOT_APPLICABLE_GLOBAL_BASELINE,HF9g-P5,,,,X 全窗基线 · 不参与实体赏罚,15055459,1506,A168_HF9F_20260827_0900,2026-08-27 09:00:00
2026-05-17,92755421,1940,0,394.6329913181,-394.6329913181,-394.6329913181,0E-7,1,1,0.49324550000000000,0.493245500000,-0.9865810262130424,-0.9865810262130424,-0.9865810262130424,0E-17,ELIGIBLE,R03b_20260811_FULL_v1,L1_ELIGIBILITY,v2026-08-11,2026-03-21..2026-08-06,baccarat_bet02_101_all_pairs_incl_sentinel,round_win = game_pnl > 0 (decisive only),COMPATIBILITY_ONLY_NOT_PRODUCTION,2500103.8841,2280641.3266,9883.8276,11764,10369,-0.00395337,-0.05088190,-0.00239824,-0.00395337,-9883.8276,2500103.8841,OK,0.0000,395.3531,4.0000,96.0000,AG03-UNRESOLVED,ALL5_LEVELS_bet23_to_bet27,395.3531,395.3531,395.3531,395.3531,395.3531,4.000000,4.000000,4.000000,4.000000,4.000000,96.000000,96.000000,96.000000,96.000000,96.000000,5.0,1976.7655,1824.8244,7907.0621,8059.0032,PENDING_AG03,FALSE,NOT_FOR_ENFORCEMENT,9488.4745,2189415.6736,9883.8276,9488.4745,395.3531,0.00395337,0.00379523,395.3531,9488.4745,0.00379523,395.3531,395.3531,395.3531,395.3531,395.3531,9488.4745,0.00379523,1976.7655,1824.8244,7907.0621,8059.0032,0.00316269,0.00322347,0.00015813,212.5216,219.9480,0.9532,119.0823,2.3972,30121.7335,124.9277,49.0469,238.9093,36.5364,75.9244,374.9013,749.8027,789.266,1183.8989,75.8035,-1.1839,10.395423,15.593133,2.799122,29,215,300,5,0.03207536,0.00395337,0.05088190,0E-8,0.000000,0.912219,0.000000,-0.04848366,2026-03-31,2026-08-01,83,4123,1621,124,0.669355,0.205295,0.230786,0.106918,,,,,,,,GLOBAL_BASELINE_NO_ENTITY_RANKING,,,NOT_APPLICABLE_GLOBAL_BASELINE,HF9g-P5,,,,X 全窗基线 · 不参与实体赏罚,15055460,1506,A168_HF9F_20260827_0900,2026-08-27 09:00:00
2026-05-17,92755421,1947,0,789.2659826361,749.8026835043,749.8026835043,1.0000000,1,1,0.50665070000000000,0.506650700000,0.9867858985152569,0.9867858985152569,0.9867858985152569,0E-17,ELIGIBLE,R03b_20260811_FULL_v1,L1_ELIGIBILITY,v2026-08-11,2026-03-21..2026-08-06,baccarat_bet02_101_all_pairs_incl_sentinel,round_win = game_pnl > 0 (decisive only),COMPATIBILITY_ONLY_NOT_PRODUCTION,2500103.8841,2280641.3266,9883.8276,11764,10369,-0.00395337,-0.05088190,-0.00239824,-0.00395337,-9883.8276,2500103.8841,OK,0.0000,395.3531,4.0000,96.0000,AG03-UNRESOLVED,ALL5_LEVELS_bet23_to_bet27,395.3531,395.3531,395.3531,395.3531,395.3531,4.000000,4.000000,4.000000,4.000000,4.000000,96.000000,96.000000,96.000000,96.000000,96.000000,5.0,1976.7655,1824.8244,7907.0621,8059.0032,PENDING_AG03,FALSE,NOT_FOR_ENFORCEMENT,9488.4745,2189415.6736,9883.8276,9488.4745,395.3531,0.00395337,0.00379523,395.3531,9488.4745,0.00379523,395.3531,395.3531,395.3531,395.3531,395.3531,9488.4745,0.00379523,1976.7655,1824.8244,7907.0621,8059.0032,0.00316269,0.00322347,0.00015813,212.5216,219.9480,0.9532,119.0823,2.3972,30121.7335,124.9277,49.0469,238.9093,36.5364,75.9244,374.9013,749.8027,789.266,1183.8989,75.8035,-1.1839,10.395423,15.593133,2.799122,29,215,300,5,0.03207536,0.00395337,0.05088190,0E-8,0.000000,0.912219,0.000000,-0.04848366,2026-03-31,2026-08-01,83,4123,1621,124,0.669355,0.205295,0.230786,0.106918,,,,,,,,GLOBAL_BASELINE_NO_ENTITY_RANKING,,,NOT_APPLICABLE_GLOBAL_BASELINE,HF9g-P5,,,,X 全窗基线 · 不参与实体赏罚,15055461,1506,A168_HF9F_20260827_0900,2026-08-27 09:00:00
2026-05-17,92755421,2103,0,1578.5319652722,-789.2659826361,-789.2659826361,0E-7,2,2,0.50665070000000000,0.506650700000,-1.013391052207602,-1.013391052207602,-1.013391052207602,0E-17,ELIGIBLE,R03b_20260811_FULL_v1,L1_ELIGIBILITY,v2026-08-11,2026-03-21..2026-08-06,baccarat_bet02_101_all_pairs_incl_sentinel,round_win = game_pnl > 0 (decisive only),COMPATIBILITY_ONLY_NOT_PRODUCTION,2500103.8841,2280641.3266,9883.8276,11764,10369,-0.00395337,-0.05088190,-0.00239824,-0.00395337,-9883.8276,2500103.8841,OK,0.0000,395.3531,4.0000,96.0000,AG03-UNRESOLVED,ALL5_LEVELS_bet23_to_bet27,395.3531,395.3531,395.3531,395.3531,395.3531,4.000000,4.000000,4.000000,4.000000,4.000000,96.000000,96.000000,96.000000,96.000000,96.000000,5.0,1976.7655,1824.8244,7907.0621,8059.0032,PENDING_AG03,FALSE,NOT_FOR_ENFORCEMENT,9488.4745,2189415.6736,9883.8276,9488.4745,395.3531,0.00395337,0.00379523,395.3531,9488.4745,0.00379523,395.3531,395.3531,395.3531,395.3531,395.3531,9488.4745,0.00379523,1976.7655,1824.8244,7907.0621,8059.0032,0.00316269,0.00322347,0.00015813,212.5216,219.9480,0.9532,119.0823,2.3972,30121.7335,124.9277,49.0469,238.9093,36.5364,75.9244,374.9013,749.8027,789.266,1183.8989,75.8035,-1.1839,10.395423,15.593133,2.799122,29,215,300,5,0.03207536,0.00395337,0.05088190,0E-8,0.000000,0.912219,0.000000,-0.04848366,2026-03-31,2026-08-01,83,4123,1621,124,0.669355,0.205295,0.230786,0.106918,,,,,,,,GLOBAL_BASELINE_NO_ENTITY_RANKING,,,NOT_APPLICABLE_GLOBAL_BASELINE,HF9g-P5,,,,X 全窗基线 · 不参与实体赏罚,15055462,1506,A168_HF9F_20260827_0900,2026-08-27 09:00:00
2026-05-17,92755421,2127,0,5367.0086819255,1578.5319652722,1578.5319652722,0.6666667,7,7,0.50090561428571429,0.500905614286,0.8120613271247304,0.8120613271233317,0.8120613271247304,-2.8571E-13,ELIGIBLE,R03b_20260811_FULL_v1,L1_ELIGIBILITY,v2026-08-11,2026-03-21..2026-08-06,baccarat_bet02_101_all_pairs_incl_sentinel,round_win = game_pnl > 0 (decisive only),COMPATIBILITY_ONLY_NOT_PRODUCTION,2500103.8841,2280641.3266,9883.8276,11764,10369,-0.00395337,-0.05088190,-0.00239824,-0.00395337,-9883.8276,2500103.8841,OK,0.0000,395.3531,4.0000,96.0000,AG03-UNRESOLVED,ALL5_LEVELS_bet23_to_bet27,395.3531,395.3531,395.3531,395.3531,395.3531,4.000000,4.000000,4.000000,4.000000,4.000000,96.000000,96.000000,96.000000,96.000000,96.000000,5.0,1976.7655,1824.8244,7907.0621,8059.0032,PENDING_AG03,FALSE,NOT_FOR_ENFORCEMENT,9488.4745,2189415.6736,9883.8276,9488.4745,395.3531,0.00395337,0.00379523,395.3531,9488.4745,0.00379523,395.3531,395.3531,395.3531,395.3531,395.3531,9488.4745,0.00379523,1976.7655,1824.8244,7907.0621,8059.0032,0.00316269,0.00322347,0.00015813,212.5216,219.9480,0.9532,119.0823,2.3972,30121.7335,124.9277,49.0469,238.9093,36.5364,75.9244,374.9013,749.8027,789.266,1183.8989,75.8035,-1.1839,10.395423,15.593133,2.799122,29,215,300,5,0.03207536,0.00395337,0.05088190,0E-8,0.000000,0.912219,0.000000,-0.04848366,2026-03-31,2026-08-01,83,4123,1621,124,0.669355,0.205295,0.230786,0.106918,,,,,,,,GLOBAL_BASELINE_NO_ENTITY_RANKING,,,NOT_APPLICABLE_GLOBAL_BASELINE,HF9g-P5,,,,X 全窗基线 · 不参与实体赏罚,15055463,1506,A168_HF9F_20260827_0900,2026-08-27 09:00:00
2026-05-17,92755421,2154,0,789.2659826361,-789.2659826361,-789.2659826361,0E-7,1,1,0.50665070000000000,0.506650700000,-1.013391052207602,-1.013391052207602,-1.013391052207602,0E-17,ELIGIBLE,R03b_20260811_FULL_v1,L1_ELIGIBILITY,v2026-08-11,2026-03-21..2026-08-06,baccarat_bet02_101_all_pairs_incl_sentinel,round_win = game_pnl > 0 (decisive only),COMPATIBILITY_ONLY_NOT_PRODUCTION,2500103.8841,2280641.3266,9883.8276,11764,10369,-0.00395337,-0.05088190,-0.00239824,-0.00395337,-9883.8276,2500103.8841,OK,0.0000,395.3531,4.0000,96.0000,AG03-UNRESOLVED,ALL5_LEVELS_bet23_to_bet27,395.3531,395.3531,395.3531,395.3531,395.3531,4.000000,4.000000,4.000000,4.000000,4.000000,96.000000,96.000000,96.000000,96.000000,96.000000,5.0,1976.7655,1824.8244,7907.0621,8059.0032,PENDING_AG03,FALSE,NOT_FOR_ENFORCEMENT,9488.4745,2189415.6736,9883.8276,9488.4745,395.3531,0.00395337,0.00379523,395.3531,9488.4745,0.00379523,395.3531,395.3531,395.3531,395.3531,395.3531,9488.4745,0.00379523,1976.7655,1824.8244,7907.0621,8059.0032,0.00316269,0.00322347,0.00015813,212.5216,219.9480,0.9532,119.0823,2.3972,30121.7335,124.9277,49.0469,238.9093,36.5364,75.9244,374.9013,749.8027,789.266,1183.8989,75.8035,-1.1839,10.395423,15.593133,2.799122,29,215,300,5,0.03207536,0.00395337,0.05088190,0E-8,0.000000,0.912219,0.000000,-0.04848366,2026-03-31,2026-08-01,83,4123,1621,124,0.669355,0.205295,0.230786,0.106918,,,,,,,,GLOBAL_BASELINE_NO_ENTITY_RANKING,,,NOT_APPLICABLE_GLOBAL_BASELINE,HF9g-P5,,,,X 全窗基线 · 不参与实体赏罚,15055464,1506,A168_HF9F_20260827_0900,2026-08-27 09:00:00
2026-05-17,92755421,2220,0,2845.3038674032,1578.5319652722,1578.5319652722,0.7500000,5,4,0.49916265198675115,0.440646775000,1.0033507990562094,1.2462244638917332,1.0033507990562094,0.05851587698675115,ELIGIBLE,R03b_20260811_FULL_v1,L1_ELIGIBILITY,v2026-08-11,2026-03-21..2026-08-06,baccarat_bet02_101_all_pairs_incl_sentinel,round_win = game_pnl > 0 (decisive only),COMPATIBILITY_ONLY_NOT_PRODUCTION,2500103.8841,2280641.3266,9883.8276,11764,10369,-0.00395337,-0.05088190,-0.00239824,-0.00395337,-9883.8276,2500103.8841,OK,0.0000,395.3531,4.0000,96.0000,AG03-UNRESOLVED,ALL5_LEVELS_bet23_to_bet27,395.3531,395.3531,395.3531,395.3531,395.3531,4.000000,4.000000,4.000000,4.000000,4.000000,96.000000,96.000000,96.000000,96.000000,96.000000,5.0,1976.7655,1824.8244,7907.0621,8059.0032,PENDING_AG03,FALSE,NOT_FOR_ENFORCEMENT,9488.4745,2189415.6736,9883.8276,9488.4745,395.3531,0.00395337,0.00379523,395.3531,9488.4745,0.00379523,395.3531,395.3531,395.3531,395.3531,395.3531,9488.4745,0.00379523,1976.7655,1824.8244,7907.0621,8059.0032,0.00316269,0.00322347,0.00015813,212.5216,219.9480,0.9532,119.0823,2.3972,30121.7335,124.9277,49.0469,238.9093,36.5364,75.9244,374.9013,749.8027,789.266,1183.8989,75.8035,-1.1839,10.395423,15.593133,2.799122,29,215,300,5,0.03207536,0.00395337,0.05088190,0E-8,0.000000,0.912219,0.000000,-0.04848366,2026-03-31,2026-08-01,83,4123,1621,124,0.669355,0.205295,0.230786,0.106918,,,,,,,,GLOBAL_BASELINE_NO_ENTITY_RANKING,,,NOT_APPLICABLE_GLOBAL_BASELINE,HF9g-P5,,,,X 全窗基线 · 不参与实体赏罚,15055465,1506,A168_HF9F_20260827_0900,2026-08-27 09:00:00
2026-05-17,92755421,2223,0,8445.1460142063,749.8026835043,749.8026835043,0.5000000,13,11,0.49451336650432969,0.455601209091,0.031038954802093635,0.2521535732364014,0.031038954802093635,0.03891215741332969,ELIGIBLE,R03b_20260811_FULL_v1,L1_ELIGIBILITY,v2026-08-11,2026-03-21..2026-08-06,baccarat_bet02_101_all_pairs_incl_sentinel,round_win = game_pnl > 0 (decisive only),COMPATIBILITY_ONLY_NOT_PRODUCTION,2500103.8841,2280641.3266,9883.8276,11764,10369,-0.00395337,-0.05088190,-0.00239824,-0.00395337,-9883.8276,2500103.8841,OK,0.0000,395.3531,4.0000,96.0000,AG03-UNRESOLVED,ALL5_LEVELS_bet23_to_bet27,395.3531,395.3531,395.3531,395.3531,395.3531,4.000000,4.000000,4.000000,4.000000,4.000000,96.000000,96.000000,96.000000,96.000000,96.000000,5.0,1976.7655,1824.8244,7907.0621,8059.0032,PENDING_AG03,FALSE,NOT_FOR_ENFORCEMENT,9488.4745,2189415.6736,9883.8276,9488.4745,395.3531,0.00395337,0.00379523,395.3531,9488.4745,0.00379523,395.3531,395.3531,395.3531,395.3531,395.3531,9488.4745,0.00379523,1976.7655,1824.8244,7907.0621,8059.0032,0.00316269,0.00322347,0.00015813,212.5216,219.9480,0.9532,119.0823,2.3972,30121.7335,124.9277,49.0469,238.9093,36.5364,75.9244,374.9013,749.8027,789.266,1183.8989,75.8035,-1.1839,10.395423,15.593133,2.799122,29,215,300,5,0.03207536,0.00395337,0.05088190,0E-8,0.000000,0.912219,0.000000,-0.04848366,2026-03-31,2026-08-01,83,4123,1621,124,0.669355,0.205295,0.230786,0.106918,,,,,,,,GLOBAL_BASELINE_NO_ENTITY_RANKING,,,NOT_APPLICABLE_GLOBAL_BASELINE,HF9g-P5,,,,X 全窗基线 · 不参与实体赏罚,15055466,1506,A168_HF9F_20260827_0900,2026-08-27 09:00:00
2026-05-17,92755421,2246,0,2328.3346487765,-789.2659826361,-789.2659826361,0.3333333,3,3,0.49771390000000000,0.497713900000,-0.5694369385616226,-0.5694369385616226,-0.5694369385616226,0E-17,ELIGIBLE,R03b_20260811_FULL_v1,L1_ELIGIBILITY,v2026-08-11,2026-03-21..2026-08-06,baccarat_bet02_101_all_pairs_incl_sentinel,round_win = game_pnl > 0 (decisive only),COMPATIBILITY_ONLY_NOT_PRODUCTION,2500103.8841,2280641.3266,9883.8276,11764,10369,-0.00395337,-0.05088190,-0.00239824,-0.00395337,-9883.8276,2500103.8841,OK,0.0000,395.3531,4.0000,96.0000,AG03-UNRESOLVED,ALL5_LEVELS_bet23_to_bet27,395.3531,395.3531,395.3531,395.3531,395.3531,4.000000,4.000000,4.000000,4.000000,4.000000,96.000000,96.000000,96.000000,96.000000,96.000000,5.0,1976.7655,1824.8244,7907.0621,8059.0032,PENDING_AG03,FALSE,NOT_FOR_ENFORCEMENT,9488.4745,2189415.6736,9883.8276,9488.4745,395.3531,0.00395337,0.00379523,395.3531,9488.4745,0.00379523,395.3531,395.3531,395.3531,395.3531,395.3531,9488.4745,0.00379523,1976.7655,1824.8244,7907.0621,8059.0032,0.00316269,0.00322347,0.00015813,212.5216,219.9480,0.9532,119.0823,2.3972,30121.7335,124.9277,49.0469,238.9093,36.5364,75.9244,374.9013,749.8027,789.266,1183.8989,75.8035,-1.1839,10.395423,15.593133,2.799122,29,215,300,5,0.03207536,0.00395337,0.05088190,0E-8,0.000000,0.912219,0.000000,-0.04848366,2026-03-31,2026-08-01,83,4123,1621,124,0.669355,0.205295,0.230786,0.106918,,,,,,,,GLOBAL_BASELINE_NO_ENTITY_RANKING,,,NOT_APPLICABLE_GLOBAL_BASELINE,HF9g-P5,,,,X 全窗基线 · 不参与实体赏罚,15055467,1506,A168_HF9F_20260827_0900,2026-08-27 09:00:00
2026-05-17,92755421,970,0,789.2659826361,-789.2659826361,-789.2659826361,0E-7,1,1,0.50665070000000000,0.506650700000,-1.013391052207602,-1.013391052207602,-1.013391052207602,0E-17,ELIGIBLE,R03b_20260811_FULL_v1,L1_ELIGIBILITY,v2026-08-11,2026-03-21..2026-08-06,baccarat_bet02_101_all_pairs_incl_sentinel,round_win = game_pnl > 0 (decisive only),COMPATIBILITY_ONLY_NOT_PRODUCTION,2500103.8841,2280641.3266,9883.8276,11764,10369,-0.00395337,-0.05088190,-0.00239824,-0.00395337,-9883.8276,2500103.8841,OK,0.0000,395.3531,4.0000,96.0000,AG03-UNRESOLVED,ALL5_LEVELS_bet23_to_bet27,395.3531,395.3531,395.3531,395.3531,395.3531,4.000000,4.000000,4.000000,4.000000,4.000000,96.000000,96.000000,96.000000,96.000000,96.000000,5.0,1976.7655,1824.8244,7907.0621,8059.0032,PENDING_AG03,FALSE,NOT_FOR_ENFORCEMENT,9488.4745,2189415.6736,9883.8276,9488.4745,395.3531,0.00395337,0.00379523,395.3531,9488.4745,0.00379523,395.3531,395.3531,395.3531,395.3531,395.3531,9488.4745,0.00379523,1976.7655,1824.8244,7907.0621,8059.0032,0.00316269,0.00322347,0.00015813,212.5216,219.9480,0.9532,119.0823,2.3972,30121.7335,124.9277,49.0469,238.9093,36.5364,75.9244,374.9013,749.8027,789.266,1183.8989,75.8035,-1.1839,10.395423,15.593133,2.799122,29,215,300,5,0.03207536,0.00395337,0.05088190,0E-8,0.000000,0.912219,0.000000,-0.04848366,2026-03-31,2026-08-01,83,4123,1621,124,0.669355,0.205295,0.230786,0.106918,,,,,,,,GLOBAL_BASELINE_NO_ENTITY_RANKING,,,NOT_APPLICABLE_GLOBAL_BASELINE,HF9g-P5,,,,X 全窗基线 · 不参与实体赏罚,15055468,1506,A168_HF9F_20260827_0900,2026-08-27 09:00:00
2026-05-18,92755421,-1,1,91085.2407261218,8044.5935280188,8044.5935280188,0.5698925,120,102,0.49759290273919080,0.458572700000,1.3944797734637024,2.1544658446862694,1.3944797734637024,0.03902020273919080,SENTINEL_DEALER,R03b_20260811_FULL_v1,L1_ELIGIBILITY,v2026-08-11,2026-03-21..2026-08-06,baccarat_bet02_101_all_pairs_incl_sentinel,round_win = game_pnl > 0 (decisive only),COMPATIBILITY_ONLY_NOT_PRODUCTION,2500103.8841,2280641.3266,9883.8276,11764,10369,-0.00395337,-0.05088190,-0.00239824,-0.00395337,-9883.8276,2500103.8841,OK,0.0000,395.3531,4.0000,96.0000,AG03-UNRESOLVED,ALL5_LEVELS_bet23_to_bet27,395.3531,395.3531,395.3531,395.3531,395.3531,4.000000,4.000000,4.000000,4.000000,4.000000,96.000000,96.000000,96.000000,96.000000,96.000000,5.0,1976.7655,1824.8244,7907.0621,8059.0032,PENDING_AG03,FALSE,NOT_FOR_ENFORCEMENT,9488.4745,2189415.6736,9883.8276,9488.4745,395.3531,0.00395337,0.00379523,395.3531,9488.4745,0.00379523,395.3531,395.3531,395.3531,395.3531,395.3531,9488.4745,0.00379523,1976.7655,1824.8244,7907.0621,8059.0032,0.00316269,0.00322347,0.00015813,212.5216,219.9480,0.9532,119.0823,2.3972,30121.7335,124.9277,49.0469,238.9093,36.5364,75.9244,374.9013,749.8027,789.266,1183.8989,75.8035,-1.1839,10.395423,15.593133,2.799122,29,215,300,5,0.03207536,0.00395337,0.05088190,0E-8,0.000000,0.912219,0.000000,-0.04848366,2026-03-31,2026-08-01,83,4123,1621,124,0.669355,0.205295,0.230786,0.106918,,,,,,,,GLOBAL_BASELINE_NO_ENTITY_RANKING,,,NOT_APPLICABLE_GLOBAL_BASELINE,HF9g-P5,,,,X 全窗基线 · 不参与实体赏罚,15055469,1506,A168_HF9F_20260827_0900,2026-08-27 09:00:00
2026-05-18,92755421,1004,0,4676.4009471191,1183.8989739542,1183.8989739542,0.6666667,5,4,0.49786735175438634,0.440646775000,0.5847432984915064,0.7885312667700745,0.5847432984915064,0.05722057675438634,ELIGIBLE,R03b_20260811_FULL_v1,L1_ELIGIBILITY,v2026-08-11,2026-03-21..2026-08-06,baccarat_bet02_101_all_pairs_incl_sentinel,round_win = game_pnl > 0 (decisive only),COMPATIBILITY_ONLY_NOT_PRODUCTION,2500103.8841,2280641.3266,9883.8276,11764,10369,-0.00395337,-0.05088190,-0.00239824,-0.00395337,-9883.8276,2500103.8841,OK,0.0000,395.3531,4.0000,96.0000,AG03-UNRESOLVED,ALL5_LEVELS_bet23_to_bet27,395.3531,395.3531,395.3531,395.3531,395.3531,4.000000,4.000000,4.000000,4.000000,4.000000,96.000000,96.000000,96.000000,96.000000,96.000000,5.0,1976.7655,1824.8244,7907.0621,8059.0032,PENDING_AG03,FALSE,NOT_FOR_ENFORCEMENT,9488.4745,2189415.6736,9883.8276,9488.4745,395.3531,0.00395337,0.00379523,395.3531,9488.4745,0.00379523,395.3531,395.3531,395.3531,395.3531,395.3531,9488.4745,0.00379523,1976.7655,1824.8244,7907.0621,8059.0032,0.00316269,0.00322347,0.00015813,212.5216,219.9480,0.9532,119.0823,2.3972,30121.7335,124.9277,49.0469,238.9093,36.5364,75.9244,374.9013,749.8027,789.266,1183.8989,75.8035,-1.1839,10.395423,15.593133,2.799122,29,215,300,5,0.03207536,0.00395337,0.05088190,0E-8,0.000000,0.912219,0.000000,-0.04848366,2026-03-31,2026-08-01,83,4123,1621,124,0.669355,0.205295,0.230786,0.106918,,,,,,,,GLOBAL_BASELINE_NO_ENTITY_RANKING,,,NOT_APPLICABLE_GLOBAL_BASELINE,HF9g-P5,,,,X 全窗基线 · 不参与实体赏罚,15055470,1506,A168_HF9F_20260827_0900,2026-08-27 09:00:00
2026-05-18,92755421,1017,0,3393.8437253354,1282.5572217837,1282.5572217837,0.6666667,3,3,0.49771390000000000,0.497713900000,0.5852756695216578,0.5852756695216578,0.5852756695216578,0E-17,ELIGIBLE,R03b_20260811_FULL_v1,L1_ELIGIBILITY,v2026-08-11,2026-03-21..2026-08-06,baccarat_bet02_101_all_pairs_incl_sentinel,round_win = game_pnl > 0 (decisive only),COMPATIBILITY_ONLY_NOT_PRODUCTION,2500103.8841,2280641.3266,9883.8276,11764,10369,-0.00395337,-0.05088190,-0.00239824,-0.00395337,-9883.8276,2500103.8841,OK,0.0000,395.3531,4.0000,96.0000,AG03-UNRESOLVED,ALL5_LEVELS_bet23_to_bet27,395.3531,395.3531,395.3531,395.3531,395.3531,4.000000,4.000000,4.000000,4.000000,4.000000,96.000000,96.000000,96.000000,96.000000,96.000000,5.0,1976.7655,1824.8244,7907.0621,8059.0032,PENDING_AG03,FALSE,NOT_FOR_ENFORCEMENT,9488.4745,2189415.6736,9883.8276,9488.4745,395.3531,0.00395337,0.00379523,395.3531,9488.4745,0.00379523,395.3531,395.3531,395.3531,395.3531,395.3531,9488.4745,0.00379523,1976.7655,1824.8244,7907.0621,8059.0032,0.00316269,0.00322347,0.00015813,212.5216,219.9480,0.9532,119.0823,2.3972,30121.7335,124.9277,49.0469,238.9093,36.5364,75.9244,374.9013,749.8027,789.266,1183.8989,75.8035,-1.1839,10.395423,15.593133,2.799122,29,215,300,5,0.03207536,0.00395337,0.05088190,0E-8,0.000000,0.912219,0.000000,-0.04848366,2026-03-31,2026-08-01,83,4123,1621,124,0.669355,0.205295,0.230786,0.106918,,,,,,,,GLOBAL_BASELINE_NO_ENTITY_RANKING,,,NOT_APPLICABLE_GLOBAL_BASELINE,HF9g-P5,,,,X 全窗基线 · 不参与实体赏罚,15055471,1506,A168_HF9F_20260827_0900,2026-08-27 09:00:00
2026-05-18,92755421,1078,0,4281.7679558010,394.6329913181,394.6329913181,0.5000000,5,4,0.49786735175438634,0.440646775000,0.008530670581003917,0.2391035070213683,0.008530670581003917,0.05722057675438634,ELIGIBLE,R03b_20260811_FULL_v1,L1_ELIGIBILITY,v2026-08-11,2026-03-21..2026-08-06,baccarat_bet02_101_all_pairs_incl_sentinel,round_win = game_pnl > 0 (decisive only),COMPATIBILITY_ONLY_NOT_PRODUCTION,2500103.8841,2280641.3266,9883.8276,11764,10369,-0.00395337,-0.05088190,-0.00239824,-0.00395337,-9883.8276,2500103.8841,OK,0.0000,395.3531,4.0000,96.0000,AG03-UNRESOLVED,ALL5_LEVELS_bet23_to_bet27,395.3531,395.3531,395.3531,395.3531,395.3531,4.000000,4.000000,4.000000,4.000000,4.000000,96.000000,96.000000,96.000000,96.000000,96.000000,5.0,1976.7655,1824.8244,7907.0621,8059.0032,PENDING_AG03,FALSE,NOT_FOR_ENFORCEMENT,9488.4745,2189415.6736,9883.8276,9488.4745,395.3531,0.00395337,0.00379523,395.3531,9488.4745,0.00379523,395.3531,395.3531,395.3531,395.3531,395.3531,9488.4745,0.00379523,1976.7655,1824.8244,7907.0621,8059.0032,0.00316269,0.00322347,0.00015813,212.5216,219.9480,0.9532,119.0823,2.3972,30121.7335,124.9277,49.0469,238.9093,36.5364,75.9244,374.9013,749.8027,789.266,1183.8989,75.8035,-1.1839,10.395423,15.593133,2.799122,29,215,300,5,0.03207536,0.00395337,0.05088190,0E-8,0.000000,0.912219,0.000000,-0.04848366,2026-03-31,2026-08-01,83,4123,1621,124,0.669355,0.205295,0.230786,0.106918,,,,,,,,GLOBAL_BASELINE_NO_ENTITY_RANKING,,,NOT_APPLICABLE_GLOBAL_BASELINE,HF9g-P5,,,,X 全窗基线 · 不参与实体赏罚,15055472,1506,A168_HF9F_20260827_0900,2026-08-27 09:00:00
2026-05-18,92755421,1109,0,4509.0765588001,-226.5193370164,-226.5193370164,0.3333333,8,7,0.49916784652014675,0.467019142857,-0.8124210032715021,-0.6563534747510813,-0.8124210032715021,0.03214870366314675,ELIGIBLE,R03b_20260811_FULL_v1,L1_ELIGIBILITY,v2026-08-11,2026-03-21..2026-08-06,baccarat_bet02_101_all_pairs_incl_sentinel,round_win = game_pnl > 0 (decisive only),COMPATIBILITY_ONLY_NOT_PRODUCTION,2500103.8841,2280641.3266,9883.8276,11764,10369,-0.00395337,-0.05088190,-0.00239824,-0.00395337,-9883.8276,2500103.8841,OK,0.0000,395.3531,4.0000,96.0000,AG03-UNRESOLVED,ALL5_LEVELS_bet23_to_bet27,395.3531,395.3531,395.3531,395.3531,395.3531,4.000000,4.000000,4.000000,4.000000,4.000000,96.000000,96.000000,96.000000,96.000000,96.000000,5.0,1976.7655,1824.8244,7907.0621,8059.0032,PENDING_AG03,FALSE,NOT_FOR_ENFORCEMENT,9488.4745,2189415.6736,9883.8276,9488.4745,395.3531,0.00395337,0.00379523,395.3531,9488.4745,0.00379523,395.3531,395.3531,395.3531,395.3531,395.3531,9488.4745,0.00379523,1976.7655,1824.8244,7907.0621,8059.0032,0.00316269,0.00322347,0.00015813,212.5216,219.9480,0.9532,119.0823,2.3972,30121.7335,124.9277,49.0469,238.9093,36.5364,75.9244,374.9013,749.8027,789.266,1183.8989,75.8035,-1.1839,10.395423,15.593133,2.799122,29,215,300,5,0.03207536,0.00395337,0.05088190,0E-8,0.000000,0.912219,0.000000,-0.04848366,2026-03-31,2026-08-01,83,4123,1621,124,0.669355,0.205295,0.230786,0.106918,,,,,,,,GLOBAL_BASELINE_NO_ENTITY_RANKING,,,NOT_APPLICABLE_GLOBAL_BASELINE,HF9g-P5,,,,X 全窗基线 · 不参与实体赏罚,15055473,1506,A168_HF9F_20260827_0900,2026-08-27 09:00:00
2026-05-18,92755421,1115,0,789.2659826361,-789.2659826361,-789.2659826361,0E-7,1,1,0.50665070000000000,0.506650700000,-1.013391052207602,-1.013391052207602,-1.013391052207602,0E-17,ELIGIBLE,R03b_20260811_FULL_v1,L1_ELIGIBILITY,v2026-08-11,2026-03-21..2026-08-06,baccarat_bet02_101_all_pairs_incl_sentinel,round_win = game_pnl > 0 (decisive only),COMPATIBILITY_ONLY_NOT_PRODUCTION,2500103.8841,2280641.3266,9883.8276,11764,10369,-0.00395337,-0.05088190,-0.00239824,-0.00395337,-9883.8276,2500103.8841,OK,0.0000,395.3531,4.0000,96.0000,AG03-UNRESOLVED,ALL5_LEVELS_bet23_to_bet27,395.3531,395.3531,395.3531,395.3531,395.3531,4.000000,4.000000,4.000000,4.000000,4.000000,96.000000,96.000000,96.000000,96.000000,96.000000,5.0,1976.7655,1824.8244,7907.0621,8059.0032,PENDING_AG03,FALSE,NOT_FOR_ENFORCEMENT,9488.4745,2189415.6736,9883.8276,9488.4745,395.3531,0.00395337,0.00379523,395.3531,9488.4745,0.00379523,395.3531,395.3531,395.3531,395.3531,395.3531,9488.4745,0.00379523,1976.7655,1824.8244,7907.0621,8059.0032,0.00316269,0.00322347,0.00015813,212.5216,219.9480,0.9532,119.0823,2.3972,30121.7335,124.9277,49.0469,238.9093,36.5364,75.9244,374.9013,749.8027,789.266,1183.8989,75.8035,-1.1839,10.395423,15.593133,2.799122,29,215,300,5,0.03207536,0.00395337,0.05088190,0E-8,0.000000,0.912219,0.000000,-0.04848366,2026-03-31,2026-08-01,83,4123,1621,124,0.669355,0.205295,0.230786,0.106918,,,,,,,,GLOBAL_BASELINE_NO_ENTITY_RANKING,,,NOT_APPLICABLE_GLOBAL_BASELINE,HF9g-P5,,,,X 全窗基线 · 不参与实体赏罚,15055474,1506,A168_HF9F_20260827_0900,2026-08-27 09:00:00
2026-05-18,92755421,1210,0,887.9242304657,-887.9242304657,-887.9242304657,0E-7,1,1,0.50665070000000000,0.506650700000,-1.013391052207602,-1.013391052207602,-1.013391052207602,0E-17,ELIGIBLE,R03b_20260811_FULL_v1,L1_ELIGIBILITY,v2026-08-11,2026-03-21..2026-08-06,baccarat_bet02_101_all_pairs_incl_sentinel,round_win = game_pnl > 0 (decisive only),COMPATIBILITY_ONLY_NOT_PRODUCTION,2500103.8841,2280641.3266,9883.8276,11764,10369,-0.00395337,-0.05088190,-0.00239824,-0.00395337,-9883.8276,2500103.8841,OK,0.0000,395.3531,4.0000,96.0000,AG03-UNRESOLVED,ALL5_LEVELS_bet23_to_bet27,395.3531,395.3531,395.3531,395.3531,395.3531,4.000000,4.000000,4.000000,4.000000,4.000000,96.000000,96.000000,96.000000,96.000000,96.000000,5.0,1976.7655,1824.8244,7907.0621,8059.0032,PENDING_AG03,FALSE,NOT_FOR_ENFORCEMENT,9488.4745,2189415.6736,9883.8276,9488.4745,395.3531,0.00395337,0.00379523,395.3531,9488.4745,0.00379523,395.3531,395.3531,395.3531,395.3531,395.3531,9488.4745,0.00379523,1976.7655,1824.8244,7907.0621,8059.0032,0.00316269,0.00322347,0.00015813,212.5216,219.9480,0.9532,119.0823,2.3972,30121.7335,124.9277,49.0469,238.9093,36.5364,75.9244,374.9013,749.8027,789.266,1183.8989,75.8035,-1.1839,10.395423,15.593133,2.799122,29,215,300,5,0.03207536,0.00395337,0.05088190,0E-8,0.000000,0.912219,0.000000,-0.04848366,2026-03-31,2026-08-01,83,4123,1621,124,0.669355,0.205295,0.230786,0.106918,,,,,,,,GLOBAL_BASELINE_NO_ENTITY_RANKING,,,NOT_APPLICABLE_GLOBAL_BASELINE,HF9g-P5,,,,X 全窗基线 · 不参与实体赏罚,15055475,1506,A168_HF9F_20260827_0900,2026-08-27 09:00:00
2026-05-18,92755421,1299,0,3157.0639305444,789.2659826361,789.2659826361,0.6666667,4,4,0.49994810000000000,0.499948100000,0.5775300591747329,0.5775300591747329,0.5775300591747329,0E-17,ELIGIBLE,R03b_20260811_FULL_v1,L1_ELIGIBILITY,v2026-08-11,2026-03-21..2026-08-06,baccarat_bet02_101_all_pairs_incl_sentinel,round_win = game_pnl > 0 (decisive only),COMPATIBILITY_ONLY_NOT_PRODUCTION,2500103.8841,2280641.3266,9883.8276,11764,10369,-0.00395337,-0.05088190,-0.00239824,-0.00395337,-9883.8276,2500103.8841,OK,0.0000,395.3531,4.0000,96.0000,AG03-UNRESOLVED,ALL5_LEVELS_bet23_to_bet27,395.3531,395.3531,395.3531,395.3531,395.3531,4.000000,4.000000,4.000000,4.000000,4.000000,96.000000,96.000000,96.000000,96.000000,96.000000,5.0,1976.7655,1824.8244,7907.0621,8059.0032,PENDING_AG03,FALSE,NOT_FOR_ENFORCEMENT,9488.4745,2189415.6736,9883.8276,9488.4745,395.3531,0.00395337,0.00379523,395.3531,9488.4745,0.00379523,395.3531,395.3531,395.3531,395.3531,395.3531,9488.4745,0.00379523,1976.7655,1824.8244,7907.0621,8059.0032,0.00316269,0.00322347,0.00015813,212.5216,219.9480,0.9532,119.0823,2.3972,30121.7335,124.9277,49.0469,238.9093,36.5364,75.9244,374.9013,749.8027,789.266,1183.8989,75.8035,-1.1839,10.395423,15.593133,2.799122,29,215,300,5,0.03207536,0.00395337,0.05088190,0E-8,0.000000,0.912219,0.000000,-0.04848366,2026-03-31,2026-08-01,83,4123,1621,124,0.669355,0.205295,0.230786,0.106918,,,,,,,,GLOBAL_BASELINE_NO_ENTITY_RANKING,,,NOT_APPLICABLE_GLOBAL_BASELINE,HF9g-P5,,,,X 全窗基线 · 不参与实体赏罚,15055476,1506,A168_HF9F_20260827_0900,2026-08-27 09:00:00
2026-05-18,92755421,1304,0,2367.7979479083,-1578.5319652722,-1578.5319652722,0E-7,3,3,0.50665070000000000,0.506650700000,-1.4331513700195317,-1.4331513700195317,-1.4331513700195317,0E-17,ELIGIBLE,R03b_20260811_FULL_v1,L1_ELIGIBILITY,v2026-08-11,2026-03-21..2026-08-06,baccarat_bet02_101_all_pairs_incl_sentinel,round_win = game_pnl > 0 (decisive only),COMPATIBILITY_ONLY_NOT_PRODUCTION,2500103.8841,2280641.3266,9883.8276,11764,10369,-0.00395337,-0.05088190,-0.00239824,-0.00395337,-9883.8276,2500103.8841,OK,0.0000,395.3531,4.0000,96.0000,AG03-UNRESOLVED,ALL5_LEVELS_bet23_to_bet27,395.3531,395.3531,395.3531,395.3531,395.3531,4.000000,4.000000,4.000000,4.000000,4.000000,96.000000,96.000000,96.000000,96.000000,96.000000,5.0,1976.7655,1824.8244,7907.0621,8059.0032,PENDING_AG03,FALSE,NOT_FOR_ENFORCEMENT,9488.4745,2189415.6736,9883.8276,9488.4745,395.3531,0.00395337,0.00379523,395.3531,9488.4745,0.00379523,395.3531,395.3531,395.3531,395.3531,395.3531,9488.4745,0.00379523,1976.7655,1824.8244,7907.0621,8059.0032,0.00316269,0.00322347,0.00015813,212.5216,219.9480,0.9532,119.0823,2.3972,30121.7335,124.9277,49.0469,238.9093,36.5364,75.9244,374.9013,749.8027,789.266,1183.8989,75.8035,-1.1839,10.395423,15.593133,2.799122,29,215,300,5,0.03207536,0.00395337,0.05088190,0E-8,0.000000,0.912219,0.000000,-0.04848366,2026-03-31,2026-08-01,83,4123,1621,124,0.669355,0.205295,0.230786,0.106918,,,,,,,,GLOBAL_BASELINE_NO_ENTITY_RANKING,,,NOT_APPLICABLE_GLOBAL_BASELINE,HF9g-P5,,,,X 全窗基线 · 不参与实体赏罚,15055477,1506,A168_HF9F_20260827_0900,2026-08-27 09:00:00
2026-05-18,92755421,1307,0,4502.7624309391,1854.7750591948,1854.7750591948,0.8000000,7,6,0.49719026799116743,0.458179683333,1.3542276723645026,1.5340422381504497,1.3542276723645026,0.03901058465816743,ELIGIBLE,R03b_20260811_FULL_v1,L1_ELIGIBILITY,v2026-08-11,2026-03-21..2026-08-06,baccarat_bet02_101_all_pairs_incl_sentinel,round_win = game_pnl > 0 (decisive only),COMPATIBILITY_ONLY_NOT_PRODUCTION,2500103.8841,2280641.3266,9883.8276,11764,10369,-0.00395337,-0.05088190,-0.00239824,-0.00395337,-9883.8276,2500103.8841,OK,0.0000,395.3531,4.0000,96.0000,AG03-UNRESOLVED,ALL5_LEVELS_bet23_to_bet27,395.3531,395.3531,395.3531,395.3531,395.3531,4.000000,4.000000,4.000000,4.000000,4.000000,96.000000,96.000000,96.000000,96.000000,96.000000,5.0,1976.7655,1824.8244,7907.0621,8059.0032,PENDING_AG03,FALSE,NOT_FOR_ENFORCEMENT,9488.4745,2189415.6736,9883.8276,9488.4745,395.3531,0.00395337,0.00379523,395.3531,9488.4745,0.00379523,395.3531,395.3531,395.3531,395.3531,395.3531,9488.4745,0.00379523,1976.7655,1824.8244,7907.0621,8059.0032,0.00316269,0.00322347,0.00015813,212.5216,219.9480,0.9532,119.0823,2.3972,30121.7335,124.9277,49.0469,238.9093,36.5364,75.9244,374.9013,749.8027,789.266,1183.8989,75.8035,-1.1839,10.395423,15.593133,2.799122,29,215,300,5,0.03207536,0.00395337,0.05088190,0E-8,0.000000,0.912219,0.000000,-0.04848366,2026-03-31,2026-08-01,83,4123,1621,124,0.669355,0.205295,0.230786,0.106918,,,,,,,,GLOBAL_BASELINE_NO_ENTITY_RANKING,,,NOT_APPLICABLE_GLOBAL_BASELINE,HF9g-P5,,,,X 全窗基线 · 不参与实体赏罚,15055478,1506,A168_HF9F_20260827_0900,2026-08-27 09:00:00
2026-05-18,92755421,1323,0,3157.0639305444,0E-10,0E-10,0.5000000,4,4,0.50329940000000000,0.503299400000,-0.009332315641528947,-0.009332315641528947,-0.009332315641528947,0E-17,ELIGIBLE,R03b_20260811_FULL_v1,L1_ELIGIBILITY,v2026-08-11,2026-03-21..2026-08-06,baccarat_bet02_101_all_pairs_incl_sentinel,round_win = game_pnl > 0 (decisive only),COMPATIBILITY_ONLY_NOT_PRODUCTION,2500103.8841,2280641.3266,9883.8276,11764,10369,-0.00395337,-0.05088190,-0.00239824,-0.00395337,-9883.8276,2500103.8841,OK,0.0000,395.3531,4.0000,96.0000,AG03-UNRESOLVED,ALL5_LEVELS_bet23_to_bet27,395.3531,395.3531,395.3531,395.3531,395.3531,4.000000,4.000000,4.000000,4.000000,4.000000,96.000000,96.000000,96.000000,96.000000,96.000000,5.0,1976.7655,1824.8244,7907.0621,8059.0032,PENDING_AG03,FALSE,NOT_FOR_ENFORCEMENT,9488.4745,2189415.6736,9883.8276,9488.4745,395.3531,0.00395337,0.00379523,395.3531,9488.4745,0.00379523,395.3531,395.3531,395.3531,395.3531,395.3531,9488.4745,0.00379523,1976.7655,1824.8244,7907.0621,8059.0032,0.00316269,0.00322347,0.00015813,212.5216,219.9480,0.9532,119.0823,2.3972,30121.7335,124.9277,49.0469,238.9093,36.5364,75.9244,374.9013,749.8027,789.266,1183.8989,75.8035,-1.1839,10.395423,15.593133,2.799122,29,215,300,5,0.03207536,0.00395337,0.05088190,0E-8,0.000000,0.912219,0.000000,-0.04848366,2026-03-31,2026-08-01,83,4123,1621,124,0.669355,0.205295,0.230786,0.106918,,,,,,,,GLOBAL_BASELINE_NO_ENTITY_RANKING,,,NOT_APPLICABLE_GLOBAL_BASELINE,HF9g-P5,,,,X 全窗基线 · 不参与实体赏罚,15055479,1506,A168_HF9F_20260827_0900,2026-08-27 09:00:00
2026-05-18,92755421,1325,0,789.2659826361,-789.2659826361,-789.2659826361,0E-7,1,1,0.49324550000000000,0.493245500000,-0.9865810262130424,-0.9865810262130424,-0.9865810262130424,0E-17,ELIGIBLE,R03b_20260811_FULL_v1,L1_ELIGIBILITY,v2026-08-11,2026-03-21..2026-08-06,baccarat_bet02_101_all_pairs_incl_sentinel,round_win = game_pnl > 0 (decisive only),COMPATIBILITY_ONLY_NOT_PRODUCTION,2500103.8841,2280641.3266,9883.8276,11764,10369,-0.00395337,-0.05088190,-0.00239824,-0.00395337,-9883.8276,2500103.8841,OK,0.0000,395.3531,4.0000,96.0000,AG03-UNRESOLVED,ALL5_LEVELS_bet23_to_bet27,395.3531,395.3531,395.3531,395.3531,395.3531,4.000000,4.000000,4.000000,4.000000,4.000000,96.000000,96.000000,96.000000,96.000000,96.000000,5.0,1976.7655,1824.8244,7907.0621,8059.0032,PENDING_AG03,FALSE,NOT_FOR_ENFORCEMENT,9488.4745,2189415.6736,9883.8276,9488.4745,395.3531,0.00395337,0.00379523,395.3531,9488.4745,0.00379523,395.3531,395.3531,395.3531,395.3531,395.3531,9488.4745,0.00379523,1976.7655,1824.8244,7907.0621,8059.0032,0.00316269,0.00322347,0.00015813,212.5216,219.9480,0.9532,119.0823,2.3972,30121.7335,124.9277,49.0469,238.9093,36.5364,75.9244,374.9013,749.8027,789.266,1183.8989,75.8035,-1.1839,10.395423,15.593133,2.799122,29,215,300,5,0.03207536,0.00395337,0.05088190,0E-8,0.000000,0.912219,0.000000,-0.04848366,2026-03-31,2026-08-01,83,4123,1621,124,0.669355,0.205295,0.230786,0.106918,,,,,,,,GLOBAL_BASELINE_NO_ENTITY_RANKING,,,NOT_APPLICABLE_GLOBAL_BASELINE,HF9g-P5,,,,X 全窗基线 · 不参与实体赏罚,15055480,1506,A168_HF9F_20260827_0900,2026-08-27 09:00:00
2026-05-18,92755421,1363,0,2367.7979479083,-39.4632991318,-39.4632991318,0.5000000,3,3,0.49771390000000000,0.497713900000,0.006466134837551399,0.0064661348375514,0.006466134837551399,0E-17,ELIGIBLE,R03b_20260811_FULL_v1,L1_ELIGIBILITY,v2026-08-11,2026-03-21..2026-08-06,baccarat_bet02_101_all_pairs_incl_sentinel,round_win = game_pnl > 0 (decisive only),COMPATIBILITY_ONLY_NOT_PRODUCTION,2500103.8841,2280641.3266,9883.8276,11764,10369,-0.00395337,-0.05088190,-0.00239824,-0.00395337,-9883.8276,2500103.8841,OK,0.0000,395.3531,4.0000,96.0000,AG03-UNRESOLVED,ALL5_LEVELS_bet23_to_bet27,395.3531,395.3531,395.3531,395.3531,395.3531,4.000000,4.000000,4.000000,4.000000,4.000000,96.000000,96.000000,96.000000,96.000000,96.000000,5.0,1976.7655,1824.8244,7907.0621,8059.0032,PENDING_AG03,FALSE,NOT_FOR_ENFORCEMENT,9488.4745,2189415.6736,9883.8276,9488.4745,395.3531,0.00395337,0.00379523,395.3531,9488.4745,0.00379523,395.3531,395.3531,395.3531,395.3531,395.3531,9488.4745,0.00379523,1976.7655,1824.8244,7907.0621,8059.0032,0.00316269,0.00322347,0.00015813,212.5216,219.9480,0.9532,119.0823,2.3972,30121.7335,124.9277,49.0469,238.9093,36.5364,75.9244,374.9013,749.8027,789.266,1183.8989,75.8035,-1.1839,10.395423,15.593133,2.799122,29,215,300,5,0.03207536,0.00395337,0.05088190,0E-8,0.000000,0.912219,0.000000,-0.04848366,2026-03-31,2026-08-01,83,4123,1621,124,0.669355,0.205295,0.230786,0.106918,,,,,,,,GLOBAL_BASELINE_NO_ENTITY_RANKING,,,NOT_APPLICABLE_GLOBAL_BASELINE,HF9g-P5,,,,X 全窗基线 · 不参与实体赏罚,15055481,1506,A168_HF9F_20260827_0900,2026-08-27 09:00:00
2026-05-18,92755421,1382,0,4340.9629044986,1923.8358326756,1923.8358326756,0.8000000,7,6,0.49467280641025700,0.458179683333,1.3655422281141425,1.5340422381504497,1.3655422281141425,0.03649312307725700,ELIGIBLE,R03b_20260811_FULL_v1,L1_ELIGIBILITY,v2026-08-11,2026-03-21..2026-08-06,baccarat_bet02_101_all_pairs_incl_sentinel,round_win = game_pnl > 0 (decisive only),COMPATIBILITY_ONLY_NOT_PRODUCTION,2500103.8841,2280641.3266,9883.8276,11764,10369,-0.00395337,-0.05088190,-0.00239824,-0.00395337,-9883.8276,2500103.8841,OK,0.0000,395.3531,4.0000,96.0000,AG03-UNRESOLVED,ALL5_LEVELS_bet23_to_bet27,395.3531,395.3531,395.3531,395.3531,395.3531,4.000000,4.000000,4.000000,4.000000,4.000000,96.000000,96.000000,96.000000,96.000000,96.000000,5.0,1976.7655,1824.8244,7907.0621,8059.0032,PENDING_AG03,FALSE,NOT_FOR_ENFORCEMENT,9488.4745,2189415.6736,9883.8276,9488.4745,395.3531,0.00395337,0.00379523,395.3531,9488.4745,0.00379523,395.3531,395.3531,395.3531,395.3531,395.3531,9488.4745,0.00379523,1976.7655,1824.8244,7907.0621,8059.0032,0.00316269,0.00322347,0.00015813,212.5216,219.9480,0.9532,119.0823,2.3972,30121.7335,124.9277,49.0469,238.9093,36.5364,75.9244,374.9013,749.8027,789.266,1183.8989,75.8035,-1.1839,10.395423,15.593133,2.799122,29,215,300,5,0.03207536,0.00395337,0.05088190,0E-8,0.000000,0.912219,0.000000,-0.04848366,2026-03-31,2026-08-01,83,4123,1621,124,0.669355,0.205295,0.230786,0.106918,,,,,,,,GLOBAL_BASELINE_NO_ENTITY_RANKING,,,NOT_APPLICABLE_GLOBAL_BASELINE,HF9g-P5,,,,X 全窗基线 · 不参与实体赏罚,15055482,1506,A168_HF9F_20260827_0900,2026-08-27 09:00:00
2026-05-18,92755421,1383,0,5741.9100236778,1894.2383583267,1894.2383583267,0.6666667,6,6,0.50441650000000000,0.504416500000,0.7948912480929629,0.7948912480929629,0.7948912480929629,0E-17,ELIGIBLE,R03b_20260811_FULL_v1,L1_ELIGIBILITY,v2026-08-11,2026-03-21..2026-08-06,baccarat_bet02_101_all_pairs_incl_sentinel,round_win = game_pnl > 0 (decisive only),COMPATIBILITY_ONLY_NOT_PRODUCTION,2500103.8841,2280641.3266,9883.8276,11764,10369,-0.00395337,-0.05088190,-0.00239824,-0.00395337,-9883.8276,2500103.8841,OK,0.0000,395.3531,4.0000,96.0000,AG03-UNRESOLVED,ALL5_LEVELS_bet23_to_bet27,395.3531,395.3531,395.3531,395.3531,395.3531,4.000000,4.000000,4.000000,4.000000,4.000000,96.000000,96.000000,96.000000,96.000000,96.000000,5.0,1976.7655,1824.8244,7907.0621,8059.0032,PENDING_AG03,FALSE,NOT_FOR_ENFORCEMENT,9488.4745,2189415.6736,9883.8276,9488.4745,395.3531,0.00395337,0.00379523,395.3531,9488.4745,0.00379523,395.3531,395.3531,395.3531,395.3531,395.3531,9488.4745,0.00379523,1976.7655,1824.8244,7907.0621,8059.0032,0.00316269,0.00322347,0.00015813,212.5216,219.9480,0.9532,119.0823,2.3972,30121.7335,124.9277,49.0469,238.9093,36.5364,75.9244,374.9013,749.8027,789.266,1183.8989,75.8035,-1.1839,10.395423,15.593133,2.799122,29,215,300,5,0.03207536,0.00395337,0.05088190,0E-8,0.000000,0.912219,0.000000,-0.04848366,2026-03-31,2026-08-01,83,4123,1621,124,0.669355,0.205295,0.230786,0.106918,,,,,,,,GLOBAL_BASELINE_NO_ENTITY_RANKING,,,NOT_APPLICABLE_GLOBAL_BASELINE,HF9g-P5,,,,X 全窗基线 · 不参与实体赏罚,15055483,1506,A168_HF9F_20260827_0900,2026-08-27 09:00:00
2026-05-18,92755421,1384,0,3946.3299131806,-2762.4309392264,-2762.4309392264,0E-7,4,4,0.50329940000000000,0.503299400000,-1.743518224870635,-1.743518224870635,-1.743518224870635,0E-17,ELIGIBLE,R03b_20260811_FULL_v1,L1_ELIGIBILITY,v2026-08-11,2026-03-21..2026-08-06,baccarat_bet02_101_all_pairs_incl_sentinel,round_win = game_pnl > 0 (decisive only),COMPATIBILITY_ONLY_NOT_PRODUCTION,2500103.8841,2280641.3266,9883.8276,11764,10369,-0.00395337,-0.05088190,-0.00239824,-0.00395337,-9883.8276,2500103.8841,OK,0.0000,395.3531,4.0000,96.0000,AG03-UNRESOLVED,ALL5_LEVELS_bet23_to_bet27,395.3531,395.3531,395.3531,395.3531,395.3531,4.000000,4.000000,4.000000,4.000000,4.000000,96.000000,96.000000,96.000000,96.000000,96.000000,5.0,1976.7655,1824.8244,7907.0621,8059.0032,PENDING_AG03,FALSE,NOT_FOR_ENFORCEMENT,9488.4745,2189415.6736,9883.8276,9488.4745,395.3531,0.00395337,0.00379523,395.3531,9488.4745,0.00379523,395.3531,395.3531,395.3531,395.3531,395.3531,9488.4745,0.00379523,1976.7655,1824.8244,7907.0621,8059.0032,0.00316269,0.00322347,0.00015813,212.5216,219.9480,0.9532,119.0823,2.3972,30121.7335,124.9277,49.0469,238.9093,36.5364,75.9244,374.9013,749.8027,789.266,1183.8989,75.8035,-1.1839,10.395423,15.593133,2.799122,29,215,300,5,0.03207536,0.00395337,0.05088190,0E-8,0.000000,0.912219,0.000000,-0.04848366,2026-03-31,2026-08-01,83,4123,1621,124,0.669355,0.205295,0.230786,0.106918,,,,,,,,GLOBAL_BASELINE_NO_ENTITY_RANKING,,,NOT_APPLICABLE_GLOBAL_BASELINE,HF9g-P5,,,,X 全窗基线 · 不参与实体赏罚,15055484,1506,A168_HF9F_20260827_0900,2026-08-27 09:00:00
2026-05-18,92755421,1385,0,2762.4309392264,-1223.3622730860,-1223.3622730860,0.3333333,3,3,0.49771390000000000,0.497713900000,-0.5694369385616226,-0.5694369385616226,-0.5694369385616226,0E-17,ELIGIBLE,R03b_20260811_FULL_v1,L1_ELIGIBILITY,v2026-08-11,2026-03-21..2026-08-06,baccarat_bet02_101_all_pairs_incl_sentinel,round_win = game_pnl > 0 (decisive only),COMPATIBILITY_ONLY_NOT_PRODUCTION,2500103.8841,2280641.3266,9883.8276,11764,10369,-0.00395337,-0.05088190,-0.00239824,-0.00395337,-9883.8276,2500103.8841,OK,0.0000,395.3531,4.0000,96.0000,AG03-UNRESOLVED,ALL5_LEVELS_bet23_to_bet27,395.3531,395.3531,395.3531,395.3531,395.3531,4.000000,4.000000,4.000000,4.000000,4.000000,96.000000,96.000000,96.000000,96.000000,96.000000,5.0,1976.7655,1824.8244,7907.0621,8059.0032,PENDING_AG03,FALSE,NOT_FOR_ENFORCEMENT,9488.4745,2189415.6736,9883.8276,9488.4745,395.3531,0.00395337,0.00379523,395.3531,9488.4745,0.00379523,395.3531,395.3531,395.3531,395.3531,395.3531,9488.4745,0.00379523,1976.7655,1824.8244,7907.0621,8059.0032,0.00316269,0.00322347,0.00015813,212.5216,219.9480,0.9532,119.0823,2.3972,30121.7335,124.9277,49.0469,238.9093,36.5364,75.9244,374.9013,749.8027,789.266,1183.8989,75.8035,-1.1839,10.395423,15.593133,2.799122,29,215,300,5,0.03207536,0.00395337,0.05088190,0E-8,0.000000,0.912219,0.000000,-0.04848366,2026-03-31,2026-08-01,83,4123,1621,124,0.669355,0.205295,0.230786,0.106918,,,,,,,,GLOBAL_BASELINE_NO_ENTITY_RANKING,,,NOT_APPLICABLE_GLOBAL_BASELINE,HF9g-P5,,,,X 全窗基线 · 不参与实体赏罚,15055485,1506,A168_HF9F_20260827_0900,2026-08-27 09:00:00
2026-05-18,92755421,1396,0,1973.1649565903,394.6329913181,394.6329913181,0.5000000,2,2,0.49324550000000000,0.493245500000,0.01910635448239258,0.01910635448239258,0.01910635448239258,0E-17,ELIGIBLE,R03b_20260811_FULL_v1,L1_ELIGIBILITY,v2026-08-11,2026-03-21..2026-08-06,baccarat_bet02_101_all_pairs_incl_sentinel,round_win = game_pnl > 0 (decisive only),COMPATIBILITY_ONLY_NOT_PRODUCTION,2500103.8841,2280641.3266,9883.8276,11764,10369,-0.00395337,-0.05088190,-0.00239824,-0.00395337,-9883.8276,2500103.8841,OK,0.0000,395.3531,4.0000,96.0000,AG03-UNRESOLVED,ALL5_LEVELS_bet23_to_bet27,395.3531,395.3531,395.3531,395.3531,395.3531,4.000000,4.000000,4.000000,4.000000,4.000000,96.000000,96.000000,96.000000,96.000000,96.000000,5.0,1976.7655,1824.8244,7907.0621,8059.0032,PENDING_AG03,FALSE,NOT_FOR_ENFORCEMENT,9488.4745,2189415.6736,9883.8276,9488.4745,395.3531,0.00395337,0.00379523,395.3531,9488.4745,0.00379523,395.3531,395.3531,395.3531,395.3531,395.3531,9488.4745,0.00379523,1976.7655,1824.8244,7907.0621,8059.0032,0.00316269,0.00322347,0.00015813,212.5216,219.9480,0.9532,119.0823,2.3972,30121.7335,124.9277,49.0469,238.9093,36.5364,75.9244,374.9013,749.8027,789.266,1183.8989,75.8035,-1.1839,10.395423,15.593133,2.799122,29,215,300,5,0.03207536,0.00395337,0.05088190,0E-8,0.000000,0.912219,0.000000,-0.04848366,2026-03-31,2026-08-01,83,4123,1621,124,0.669355,0.205295,0.230786,0.106918,,,,,,,,GLOBAL_BASELINE_NO_ENTITY_RANKING,,,NOT_APPLICABLE_GLOBAL_BASELINE,HF9g-P5,,,,X 全窗基线 · 不参与实体赏罚,15055486,1506,A168_HF9F_20260827_0900,2026-08-27 09:00:00
2026-05-18,92755421,1399,0,3162.1941594316,-794.3962115232,-794.3962115232,0.3333333,4,3,0.49669264850141437,0.418645466667,-0.5659056480585172,-0.29952129269995326,-0.5659056480585172,0.07804718183441437,ELIGIBLE,R03b_20260811_FULL_v1,L1_ELIGIBILITY,v2026-08-11,2026-03-21..2026-08-06,baccarat_bet02_101_all_pairs_incl_sentinel,round_win = game_pnl > 0 (decisive only),COMPATIBILITY_ONLY_NOT_PRODUCTION,2500103.8841,2280641.3266,9883.8276,11764,10369,-0.00395337,-0.05088190,-0.00239824,-0.00395337,-9883.8276,2500103.8841,OK,0.0000,395.3531,4.0000,96.0000,AG03-UNRESOLVED,ALL5_LEVELS_bet23_to_bet27,395.3531,395.3531,395.3531,395.3531,395.3531,4.000000,4.000000,4.000000,4.000000,4.000000,96.000000,96.000000,96.000000,96.000000,96.000000,5.0,1976.7655,1824.8244,7907.0621,8059.0032,PENDING_AG03,FALSE,NOT_FOR_ENFORCEMENT,9488.4745,2189415.6736,9883.8276,9488.4745,395.3531,0.00395337,0.00379523,395.3531,9488.4745,0.00379523,395.3531,395.3531,395.3531,395.3531,395.3531,9488.4745,0.00379523,1976.7655,1824.8244,7907.0621,8059.0032,0.00316269,0.00322347,0.00015813,212.5216,219.9480,0.9532,119.0823,2.3972,30121.7335,124.9277,49.0469,238.9093,36.5364,75.9244,374.9013,749.8027,789.266,1183.8989,75.8035,-1.1839,10.395423,15.593133,2.799122,29,215,300,5,0.03207536,0.00395337,0.05088190,0E-8,0.000000,0.912219,0.000000,-0.04848366,2026-03-31,2026-08-01,83,4123,1621,124,0.669355,0.205295,0.230786,0.106918,,,,,,,,GLOBAL_BASELINE_NO_ENTITY_RANKING,,,NOT_APPLICABLE_GLOBAL_BASELINE,HF9g-P5,,,,X 全窗基线 · 不参与实体赏罚,15055487,1506,A168_HF9F_20260827_0900,2026-08-27 09:00:00
2026-05-18,92755421,1401,0,3344.5146014205,-2959.7474348854,-2959.7474348854,0.2000000,6,5,0.49768550151898195,0.453847560000,-1.3313042980380876,-1.1401081596183351,-1.3313042980380876,0.04383794151898195,ELIGIBLE,R03b_20260811_FULL_v1,L1_ELIGIBILITY,v2026-08-11,2026-03-21..2026-08-06,baccarat_bet02_101_all_pairs_incl_sentinel,round_win = game_pnl > 0 (decisive only),COMPATIBILITY_ONLY_NOT_PRODUCTION,2500103.8841,2280641.3266,9883.8276,11764,10369,-0.00395337,-0.05088190,-0.00239824,-0.00395337,-9883.8276,2500103.8841,OK,0.0000,395.3531,4.0000,96.0000,AG03-UNRESOLVED,ALL5_LEVELS_bet23_to_bet27,395.3531,395.3531,395.3531,395.3531,395.3531,4.000000,4.000000,4.000000,4.000000,4.000000,96.000000,96.000000,96.000000,96.000000,96.000000,5.0,1976.7655,1824.8244,7907.0621,8059.0032,PENDING_AG03,FALSE,NOT_FOR_ENFORCEMENT,9488.4745,2189415.6736,9883.8276,9488.4745,395.3531,0.00395337,0.00379523,395.3531,9488.4745,0.00379523,395.3531,395.3531,395.3531,395.3531,395.3531,9488.4745,0.00379523,1976.7655,1824.8244,7907.0621,8059.0032,0.00316269,0.00322347,0.00015813,212.5216,219.9480,0.9532,119.0823,2.3972,30121.7335,124.9277,49.0469,238.9093,36.5364,75.9244,374.9013,749.8027,789.266,1183.8989,75.8035,-1.1839,10.395423,15.593133,2.799122,29,215,300,5,0.03207536,0.00395337,0.05088190,0E-8,0.000000,0.912219,0.000000,-0.04848366,2026-03-31,2026-08-01,83,4123,1621,124,0.669355,0.205295,0.230786,0.106918,,,,,,,,GLOBAL_BASELINE_NO_ENTITY_RANKING,,,NOT_APPLICABLE_GLOBAL_BASELINE,HF9g-P5,,,,X 全窗基线 · 不参与实体赏罚,15055488,1506,A168_HF9F_20260827_0900,2026-08-27 09:00:00
2026-05-18,92755421,1405,0,8030.7813733226,-1933.7016574585,-1933.7016574585,0.3750000,8,8,0.49994810000000000,0.499948100000,-0.7068131942587571,-0.7068131942587571,-0.7068131942587571,0E-17,ELIGIBLE,R03b_20260811_FULL_v1,L1_ELIGIBILITY,v2026-08-11,2026-03-21..2026-08-06,baccarat_bet02_101_all_pairs_incl_sentinel,round_win = game_pnl > 0 (decisive only),COMPATIBILITY_ONLY_NOT_PRODUCTION,2500103.8841,2280641.3266,9883.8276,11764,10369,-0.00395337,-0.05088190,-0.00239824,-0.00395337,-9883.8276,2500103.8841,OK,0.0000,395.3531,4.0000,96.0000,AG03-UNRESOLVED,ALL5_LEVELS_bet23_to_bet27,395.3531,395.3531,395.3531,395.3531,395.3531,4.000000,4.000000,4.000000,4.000000,4.000000,96.000000,96.000000,96.000000,96.000000,96.000000,5.0,1976.7655,1824.8244,7907.0621,8059.0032,PENDING_AG03,FALSE,NOT_FOR_ENFORCEMENT,9488.4745,2189415.6736,9883.8276,9488.4745,395.3531,0.00395337,0.00379523,395.3531,9488.4745,0.00379523,395.3531,395.3531,395.3531,395.3531,395.3531,9488.4745,0.00379523,1976.7655,1824.8244,7907.0621,8059.0032,0.00316269,0.00322347,0.00015813,212.5216,219.9480,0.9532,119.0823,2.3972,30121.7335,124.9277,49.0469,238.9093,36.5364,75.9244,374.9013,749.8027,789.266,1183.8989,75.8035,-1.1839,10.395423,15.593133,2.799122,29,215,300,5,0.03207536,0.00395337,0.05088190,0E-8,0.000000,0.912219,0.000000,-0.04848366,2026-03-31,2026-08-01,83,4123,1621,124,0.669355,0.205295,0.230786,0.106918,,,,,,,,GLOBAL_BASELINE_NO_ENTITY_RANKING,,,NOT_APPLICABLE_GLOBAL_BASELINE,HF9g-P5,,,,X 全窗基线 · 不参与实体赏罚,15055489,1506,A168_HF9F_20260827_0900,2026-08-27 09:00:00
2026-05-18,92755421,1485,0,5643.2517758484,3157.0639305446,3157.0639305446,0.8000000,8,5,0.49426307470985286,0.357624920000,1.3673871070652412,2.0637991399404063,1.3673871070652412,0.13663815470985286,ELIGIBLE,R03b_20260811_FULL_v1,L1_ELIGIBILITY,v2026-08-11,2026-03-21..2026-08-06,baccarat_bet02_101_all_pairs_incl_sentinel,round_win = game_pnl > 0 (decisive only),COMPATIBILITY_ONLY_NOT_PRODUCTION,2500103.8841,2280641.3266,9883.8276,11764,10369,-0.00395337,-0.05088190,-0.00239824,-0.00395337,-9883.8276,2500103.8841,OK,0.0000,395.3531,4.0000,96.0000,AG03-UNRESOLVED,ALL5_LEVELS_bet23_to_bet27,395.3531,395.3531,395.3531,395.3531,395.3531,4.000000,4.000000,4.000000,4.000000,4.000000,96.000000,96.000000,96.000000,96.000000,96.000000,5.0,1976.7655,1824.8244,7907.0621,8059.0032,PENDING_AG03,FALSE,NOT_FOR_ENFORCEMENT,9488.4745,2189415.6736,9883.8276,9488.4745,395.3531,0.00395337,0.00379523,395.3531,9488.4745,0.00379523,395.3531,395.3531,395.3531,395.3531,395.3531,9488.4745,0.00379523,1976.7655,1824.8244,7907.0621,8059.0032,0.00316269,0.00322347,0.00015813,212.5216,219.9480,0.9532,119.0823,2.3972,30121.7335,124.9277,49.0469,238.9093,36.5364,75.9244,374.9013,749.8027,789.266,1183.8989,75.8035,-1.1839,10.395423,15.593133,2.799122,29,215,300,5,0.03207536,0.00395337,0.05088190,0E-8,0.000000,0.912219,0.000000,-0.04848366,2026-03-31,2026-08-01,83,4123,1621,124,0.669355,0.205295,0.230786,0.106918,,,,,,,,GLOBAL_BASELINE_NO_ENTITY_RANKING,,,NOT_APPLICABLE_GLOBAL_BASELINE,HF9g-P5,,,,X 全窗基线 · 不参与实体赏罚,15055490,1506,A168_HF9F_20260827_0900,2026-08-27 09:00:00
2026-05-18,92755421,1507,0,4972.3756906076,1282.5572217837,1282.5572217837,0.6000000,6,5,0.49753619076923150,0.452507040000,0.4582376487121618,0.6626044586937353,0.4582376487121618,0.04502915076923150,ELIGIBLE,R03b_20260811_FULL_v1,L1_ELIGIBILITY,v2026-08-11,2026-03-21..2026-08-06,baccarat_bet02_101_all_pairs_incl_sentinel,round_win = game_pnl > 0 (decisive only),COMPATIBILITY_ONLY_NOT_PRODUCTION,2500103.8841,2280641.3266,9883.8276,11764,10369,-0.00395337,-0.05088190,-0.00239824,-0.00395337,-9883.8276,2500103.8841,OK,0.0000,395.3531,4.0000,96.0000,AG03-UNRESOLVED,ALL5_LEVELS_bet23_to_bet27,395.3531,395.3531,395.3531,395.3531,395.3531,4.000000,4.000000,4.000000,4.000000,4.000000,96.000000,96.000000,96.000000,96.000000,96.000000,5.0,1976.7655,1824.8244,7907.0621,8059.0032,PENDING_AG03,FALSE,NOT_FOR_ENFORCEMENT,9488.4745,2189415.6736,9883.8276,9488.4745,395.3531,0.00395337,0.00379523,395.3531,9488.4745,0.00379523,395.3531,395.3531,395.3531,395.3531,395.3531,9488.4745,0.00379523,1976.7655,1824.8244,7907.0621,8059.0032,0.00316269,0.00322347,0.00015813,212.5216,219.9480,0.9532,119.0823,2.3972,30121.7335,124.9277,49.0469,238.9093,36.5364,75.9244,374.9013,749.8027,789.266,1183.8989,75.8035,-1.1839,10.395423,15.593133,2.799122,29,215,300,5,0.03207536,0.00395337,0.05088190,0E-8,0.000000,0.912219,0.000000,-0.04848366,2026-03-31,2026-08-01,83,4123,1621,124,0.669355,0.205295,0.230786,0.106918,,,,,,,,GLOBAL_BASELINE_NO_ENTITY_RANKING,,,NOT_APPLICABLE_GLOBAL_BASELINE,HF9g-P5,,,,X 全窗基线 · 不参与实体赏罚,15055491,1506,A168_HF9F_20260827_0900,2026-08-27 09:00:00
2026-05-18,92755421,1645,0,5130.2288871348,0E-10,0E-10,0.5000000,5,5,0.50128862000000000,0.501288620000,-0.0051544971185412255,-0.0051544971185412255,-0.0051544971185412255,0E-17,ELIGIBLE,R03b_20260811_FULL_v1,L1_ELIGIBILITY,v2026-08-11,2026-03-21..2026-08-06,baccarat_bet02_101_all_pairs_incl_sentinel,round_win = game_pnl > 0 (decisive only),COMPATIBILITY_ONLY_NOT_PRODUCTION,2500103.8841,2280641.3266,9883.8276,11764,10369,-0.00395337,-0.05088190,-0.00239824,-0.00395337,-9883.8276,2500103.8841,OK,0.0000,395.3531,4.0000,96.0000,AG03-UNRESOLVED,ALL5_LEVELS_bet23_to_bet27,395.3531,395.3531,395.3531,395.3531,395.3531,4.000000,4.000000,4.000000,4.000000,4.000000,96.000000,96.000000,96.000000,96.000000,96.000000,5.0,1976.7655,1824.8244,7907.0621,8059.0032,PENDING_AG03,FALSE,NOT_FOR_ENFORCEMENT,9488.4745,2189415.6736,9883.8276,9488.4745,395.3531,0.00395337,0.00379523,395.3531,9488.4745,0.00379523,395.3531,395.3531,395.3531,395.3531,395.3531,9488.4745,0.00379523,1976.7655,1824.8244,7907.0621,8059.0032,0.00316269,0.00322347,0.00015813,212.5216,219.9480,0.9532,119.0823,2.3972,30121.7335,124.9277,49.0469,238.9093,36.5364,75.9244,374.9013,749.8027,789.266,1183.8989,75.8035,-1.1839,10.395423,15.593133,2.799122,29,215,300,5,0.03207536,0.00395337,0.05088190,0E-8,0.000000,0.912219,0.000000,-0.04848366,2026-03-31,2026-08-01,83,4123,1621,124,0.669355,0.205295,0.230786,0.106918,,,,,,,,GLOBAL_BASELINE_NO_ENTITY_RANKING,,,NOT_APPLICABLE_GLOBAL_BASELINE,HF9g-P5,,,,X 全窗基线 · 不参与实体赏罚,15055492,1506,A168_HF9F_20260827_0900,2026-08-27 09:00:00
2026-05-18,92755421,1704,0,1578.5319652722,-39.4632991318,-39.4632991318,0.5000000,3,2,0.49860758000000014,0.496596800000,0.003938373768769957,0.009625926164049045,0.003938373768769957,0.00201078000000014,ELIGIBLE,R03b_20260811_FULL_v1,L1_ELIGIBILITY,v2026-08-11,2026-03-21..2026-08-06,baccarat_bet02_101_all_pairs_incl_sentinel,round_win = game_pnl > 0 (decisive only),COMPATIBILITY_ONLY_NOT_PRODUCTION,2500103.8841,2280641.3266,9883.8276,11764,10369,-0.00395337,-0.05088190,-0.00239824,-0.00395337,-9883.8276,2500103.8841,OK,0.0000,395.3531,4.0000,96.0000,AG03-UNRESOLVED,ALL5_LEVELS_bet23_to_bet27,395.3531,395.3531,395.3531,395.3531,395.3531,4.000000,4.000000,4.000000,4.000000,4.000000,96.000000,96.000000,96.000000,96.000000,96.000000,5.0,1976.7655,1824.8244,7907.0621,8059.0032,PENDING_AG03,FALSE,NOT_FOR_ENFORCEMENT,9488.4745,2189415.6736,9883.8276,9488.4745,395.3531,0.00395337,0.00379523,395.3531,9488.4745,0.00379523,395.3531,395.3531,395.3531,395.3531,395.3531,9488.4745,0.00379523,1976.7655,1824.8244,7907.0621,8059.0032,0.00316269,0.00322347,0.00015813,212.5216,219.9480,0.9532,119.0823,2.3972,30121.7335,124.9277,49.0469,238.9093,36.5364,75.9244,374.9013,749.8027,789.266,1183.8989,75.8035,-1.1839,10.395423,15.593133,2.799122,29,215,300,5,0.03207536,0.00395337,0.05088190,0E-8,0.000000,0.912219,0.000000,-0.04848366,2026-03-31,2026-08-01,83,4123,1621,124,0.669355,0.205295,0.230786,0.106918,,,,,,,,GLOBAL_BASELINE_NO_ENTITY_RANKING,,,NOT_APPLICABLE_GLOBAL_BASELINE,HF9g-P5,,,,X 全窗基线 · 不参与实体赏罚,15055493,1506,A168_HF9F_20260827_0900,2026-08-27 09:00:00
2026-05-18,92755421,1710,0,3946.3299131805,-789.2659826361,-789.2659826361,0.4000000,5,5,0.50128862000000000,0.501288620000,-0.4529779837142727,-0.4529779837142727,-0.4529779837142727,0E-17,ELIGIBLE,R03b_20260811_FULL_v1,L1_ELIGIBILITY,v2026-08-11,2026-03-21..2026-08-06,baccarat_bet02_101_all_pairs_incl_sentinel,round_win = game_pnl > 0 (decisive only),COMPATIBILITY_ONLY_NOT_PRODUCTION,2500103.8841,2280641.3266,9883.8276,11764,10369,-0.00395337,-0.05088190,-0.00239824,-0.00395337,-9883.8276,2500103.8841,OK,0.0000,395.3531,4.0000,96.0000,AG03-UNRESOLVED,ALL5_LEVELS_bet23_to_bet27,395.3531,395.3531,395.3531,395.3531,395.3531,4.000000,4.000000,4.000000,4.000000,4.000000,96.000000,96.000000,96.000000,96.000000,96.000000,5.0,1976.7655,1824.8244,7907.0621,8059.0032,PENDING_AG03,FALSE,NOT_FOR_ENFORCEMENT,9488.4745,2189415.6736,9883.8276,9488.4745,395.3531,0.00395337,0.00379523,395.3531,9488.4745,0.00379523,395.3531,395.3531,395.3531,395.3531,395.3531,9488.4745,0.00379523,1976.7655,1824.8244,7907.0621,8059.0032,0.00316269,0.00322347,0.00015813,212.5216,219.9480,0.9532,119.0823,2.3972,30121.7335,124.9277,49.0469,238.9093,36.5364,75.9244,374.9013,749.8027,789.266,1183.8989,75.8035,-1.1839,10.395423,15.593133,2.799122,29,215,300,5,0.03207536,0.00395337,0.05088190,0E-8,0.000000,0.912219,0.000000,-0.04848366,2026-03-31,2026-08-01,83,4123,1621,124,0.669355,0.205295,0.230786,0.106918,,,,,,,,GLOBAL_BASELINE_NO_ENTITY_RANKING,,,NOT_APPLICABLE_GLOBAL_BASELINE,HF9g-P5,,,,X 全窗基线 · 不参与实体赏罚,15055494,1506,A168_HF9F_20260827_0900,2026-08-27 09:00:00
2026-05-18,92755421,1750,0,1183.8989739542,-1183.8989739542,-1183.8989739542,0E-7,1,1,0.49324550000000000,0.493245500000,-0.9865810262130424,-0.9865810262130424,-0.9865810262130424,0E-17,ELIGIBLE,R03b_20260811_FULL_v1,L1_ELIGIBILITY,v2026-08-11,2026-03-21..2026-08-06,baccarat_bet02_101_all_pairs_incl_sentinel,round_win = game_pnl > 0 (decisive only),COMPATIBILITY_ONLY_NOT_PRODUCTION,2500103.8841,2280641.3266,9883.8276,11764,10369,-0.00395337,-0.05088190,-0.00239824,-0.00395337,-9883.8276,2500103.8841,OK,0.0000,395.3531,4.0000,96.0000,AG03-UNRESOLVED,ALL5_LEVELS_bet23_to_bet27,395.3531,395.3531,395.3531,395.3531,395.3531,4.000000,4.000000,4.000000,4.000000,4.000000,96.000000,96.000000,96.000000,96.000000,96.000000,5.0,1976.7655,1824.8244,7907.0621,8059.0032,PENDING_AG03,FALSE,NOT_FOR_ENFORCEMENT,9488.4745,2189415.6736,9883.8276,9488.4745,395.3531,0.00395337,0.00379523,395.3531,9488.4745,0.00379523,395.3531,395.3531,395.3531,395.3531,395.3531,9488.4745,0.00379523,1976.7655,1824.8244,7907.0621,8059.0032,0.00316269,0.00322347,0.00015813,212.5216,219.9480,0.9532,119.0823,2.3972,30121.7335,124.9277,49.0469,238.9093,36.5364,75.9244,374.9013,749.8027,789.266,1183.8989,75.8035,-1.1839,10.395423,15.593133,2.799122,29,215,300,5,0.03207536,0.00395337,0.05088190,0E-8,0.000000,0.912219,0.000000,-0.04848366,2026-03-31,2026-08-01,83,4123,1621,124,0.669355,0.205295,0.230786,0.106918,,,,,,,,GLOBAL_BASELINE_NO_ENTITY_RANKING,,,NOT_APPLICABLE_GLOBAL_BASELINE,HF9g-P5,,,,X 全窗基线 · 不参与实体赏罚,15055495,1506,A168_HF9F_20260827_0900,2026-08-27 09:00:00
2026-05-18,92755421,1940,0,591.9494869771,-591.9494869771,-591.9494869771,0E-7,1,1,0.50665070000000000,0.506650700000,-1.013391052207602,-1.013391052207602,-1.013391052207602,0E-17,ELIGIBLE,R03b_20260811_FULL_v1,L1_ELIGIBILITY,v2026-08-11,2026-03-21..2026-08-06,baccarat_bet02_101_all_pairs_incl_sentinel,round_win = game_pnl > 0 (decisive only),COMPATIBILITY_ONLY_NOT_PRODUCTION,2500103.8841,2280641.3266,9883.8276,11764,10369,-0.00395337,-0.05088190,-0.00239824,-0.00395337,-9883.8276,2500103.8841,OK,0.0000,395.3531,4.0000,96.0000,AG03-UNRESOLVED,ALL5_LEVELS_bet23_to_bet27,395.3531,395.3531,395.3531,395.3531,395.3531,4.000000,4.000000,4.000000,4.000000,4.000000,96.000000,96.000000,96.000000,96.000000,96.000000,5.0,1976.7655,1824.8244,7907.0621,8059.0032,PENDING_AG03,FALSE,NOT_FOR_ENFORCEMENT,9488.4745,2189415.6736,9883.8276,9488.4745,395.3531,0.00395337,0.00379523,395.3531,9488.4745,0.00379523,395.3531,395.3531,395.3531,395.3531,395.3531,9488.4745,0.00379523,1976.7655,1824.8244,7907.0621,8059.0032,0.00316269,0.00322347,0.00015813,212.5216,219.9480,0.9532,119.0823,2.3972,30121.7335,124.9277,49.0469,238.9093,36.5364,75.9244,374.9013,749.8027,789.266,1183.8989,75.8035,-1.1839,10.395423,15.593133,2.799122,29,215,300,5,0.03207536,0.00395337,0.05088190,0E-8,0.000000,0.912219,0.000000,-0.04848366,2026-03-31,2026-08-01,83,4123,1621,124,0.669355,0.205295,0.230786,0.106918,,,,,,,,GLOBAL_BASELINE_NO_ENTITY_RANKING,,,NOT_APPLICABLE_GLOBAL_BASELINE,HF9g-P5,,,,X 全窗基线 · 不参与实体赏罚,15055496,1506,A168_HF9F_20260827_0900,2026-08-27 09:00:00
2026-05-18,92755421,1941,0,8524.0726124701,-394.6329913182,-394.6329913182,0.5714286,9,9,0.50218230000000000,0.502182300000,0.3664203169582075,0.3664203169582075,0.3664203169582075,0E-17,ELIGIBLE,R03b_20260811_FULL_v1,L1_ELIGIBILITY,v2026-08-11,2026-03-21..2026-08-06,baccarat_bet02_101_all_pairs_incl_sentinel,round_win = game_pnl > 0 (decisive only),COMPATIBILITY_ONLY_NOT_PRODUCTION,2500103.8841,2280641.3266,9883.8276,11764,10369,-0.00395337,-0.05088190,-0.00239824,-0.00395337,-9883.8276,2500103.8841,OK,0.0000,395.3531,4.0000,96.0000,AG03-UNRESOLVED,ALL5_LEVELS_bet23_to_bet27,395.3531,395.3531,395.3531,395.3531,395.3531,4.000000,4.000000,4.000000,4.000000,4.000000,96.000000,96.000000,96.000000,96.000000,96.000000,5.0,1976.7655,1824.8244,7907.0621,8059.0032,PENDING_AG03,FALSE,NOT_FOR_ENFORCEMENT,9488.4745,2189415.6736,9883.8276,9488.4745,395.3531,0.00395337,0.00379523,395.3531,9488.4745,0.00379523,395.3531,395.3531,395.3531,395.3531,395.3531,9488.4745,0.00379523,1976.7655,1824.8244,7907.0621,8059.0032,0.00316269,0.00322347,0.00015813,212.5216,219.9480,0.9532,119.0823,2.3972,30121.7335,124.9277,49.0469,238.9093,36.5364,75.9244,374.9013,749.8027,789.266,1183.8989,75.8035,-1.1839,10.395423,15.593133,2.799122,29,215,300,5,0.03207536,0.00395337,0.05088190,0E-8,0.000000,0.912219,0.000000,-0.04848366,2026-03-31,2026-08-01,83,4123,1621,124,0.669355,0.205295,0.230786,0.106918,,,,,,,,GLOBAL_BASELINE_NO_ENTITY_RANKING,,,NOT_APPLICABLE_GLOBAL_BASELINE,HF9g-P5,,,,X 全窗基线 · 不参与实体赏罚,15055497,1506,A168_HF9F_20260827_0900,2026-08-27 09:00:00
2026-05-18,92755421,1947,0,1973.1649565903,-1973.1649565903,-1973.1649565903,0E-7,2,2,0.49994810000000000,0.499948100000,-1.4140667746232096,-1.4140667746232096,-1.4140667746232096,0E-17,ELIGIBLE,R03b_20260811_FULL_v1,L1_ELIGIBILITY,v2026-08-11,2026-03-21..2026-08-06,baccarat_bet02_101_all_pairs_incl_sentinel,round_win = game_pnl > 0 (decisive only),COMPATIBILITY_ONLY_NOT_PRODUCTION,2500103.8841,2280641.3266,9883.8276,11764,10369,-0.00395337,-0.05088190,-0.00239824,-0.00395337,-9883.8276,2500103.8841,OK,0.0000,395.3531,4.0000,96.0000,AG03-UNRESOLVED,ALL5_LEVELS_bet23_to_bet27,395.3531,395.3531,395.3531,395.3531,395.3531,4.000000,4.000000,4.000000,4.000000,4.000000,96.000000,96.000000,96.000000,96.000000,96.000000,5.0,1976.7655,1824.8244,7907.0621,8059.0032,PENDING_AG03,FALSE,NOT_FOR_ENFORCEMENT,9488.4745,2189415.6736,9883.8276,9488.4745,395.3531,0.00395337,0.00379523,395.3531,9488.4745,0.00379523,395.3531,395.3531,395.3531,395.3531,395.3531,9488.4745,0.00379523,1976.7655,1824.8244,7907.0621,8059.0032,0.00316269,0.00322347,0.00015813,212.5216,219.9480,0.9532,119.0823,2.3972,30121.7335,124.9277,49.0469,238.9093,36.5364,75.9244,374.9013,749.8027,789.266,1183.8989,75.8035,-1.1839,10.395423,15.593133,2.799122,29,215,300,5,0.03207536,0.00395337,0.05088190,0E-8,0.000000,0.912219,0.000000,-0.04848366,2026-03-31,2026-08-01,83,4123,1621,124,0.669355,0.205295,0.230786,0.106918,,,,,,,,GLOBAL_BASELINE_NO_ENTITY_RANKING,,,NOT_APPLICABLE_GLOBAL_BASELINE,HF9g-P5,,,,X 全窗基线 · 不参与实体赏罚,15055498,1506,A168_HF9F_20260827_0900,2026-08-27 09:00:00
2026-05-18,92755421,1963,0,3038.6740331490,0E-10,0E-10,0.5000000,4,4,0.49994810000000000,0.499948100000,0.00020760000111838688,0.00020760000111838688,0.00020760000111838688,0E-17,ELIGIBLE,R03b_20260811_FULL_v1,L1_ELIGIBILITY,v2026-08-11,2026-03-21..2026-08-06,baccarat_bet02_101_all_pairs_incl_sentinel,round_win = game_pnl > 0 (decisive only),COMPATIBILITY_ONLY_NOT_PRODUCTION,2500103.8841,2280641.3266,9883.8276,11764,10369,-0.00395337,-0.05088190,-0.00239824,-0.00395337,-9883.8276,2500103.8841,OK,0.0000,395.3531,4.0000,96.0000,AG03-UNRESOLVED,ALL5_LEVELS_bet23_to_bet27,395.3531,395.3531,395.3531,395.3531,395.3531,4.000000,4.000000,4.000000,4.000000,4.000000,96.000000,96.000000,96.000000,96.000000,96.000000,5.0,1976.7655,1824.8244,7907.0621,8059.0032,PENDING_AG03,FALSE,NOT_FOR_ENFORCEMENT,9488.4745,2189415.6736,9883.8276,9488.4745,395.3531,0.00395337,0.00379523,395.3531,9488.4745,0.00379523,395.3531,395.3531,395.3531,395.3531,395.3531,9488.4745,0.00379523,1976.7655,1824.8244,7907.0621,8059.0032,0.00316269,0.00322347,0.00015813,212.5216,219.9480,0.9532,119.0823,2.3972,30121.7335,124.9277,49.0469,238.9093,36.5364,75.9244,374.9013,749.8027,789.266,1183.8989,75.8035,-1.1839,10.395423,15.593133,2.799122,29,215,300,5,0.03207536,0.00395337,0.05088190,0E-8,0.000000,0.912219,0.000000,-0.04848366,2026-03-31,2026-08-01,83,4123,1621,124,0.669355,0.205295,0.230786,0.106918,,,,,,,,GLOBAL_BASELINE_NO_ENTITY_RANKING,,,NOT_APPLICABLE_GLOBAL_BASELINE,HF9g-P5,,,,X 全窗基线 · 不参与实体赏罚,15055499,1506,A168_HF9F_20260827_0900,2026-08-27 09:00:00
2026-05-18,92755421,2073,0,1183.8989739542,1183.8989739542,1183.8989739542,1.0000000,1,1,0.49324550000000000,0.493245500000,1.01360149184955,1.01360149184955,1.01360149184955,0E-17,ELIGIBLE,R03b_20260811_FULL_v1,L1_ELIGIBILITY,v2026-08-11,2026-03-21..2026-08-06,baccarat_bet02_101_all_pairs_incl_sentinel,round_win = game_pnl > 0 (decisive only),COMPATIBILITY_ONLY_NOT_PRODUCTION,2500103.8841,2280641.3266,9883.8276,11764,10369,-0.00395337,-0.05088190,-0.00239824,-0.00395337,-9883.8276,2500103.8841,OK,0.0000,395.3531,4.0000,96.0000,AG03-UNRESOLVED,ALL5_LEVELS_bet23_to_bet27,395.3531,395.3531,395.3531,395.3531,395.3531,4.000000,4.000000,4.000000,4.000000,4.000000,96.000000,96.000000,96.000000,96.000000,96.000000,5.0,1976.7655,1824.8244,7907.0621,8059.0032,PENDING_AG03,FALSE,NOT_FOR_ENFORCEMENT,9488.4745,2189415.6736,9883.8276,9488.4745,395.3531,0.00395337,0.00379523,395.3531,9488.4745,0.00379523,395.3531,395.3531,395.3531,395.3531,395.3531,9488.4745,0.00379523,1976.7655,1824.8244,7907.0621,8059.0032,0.00316269,0.00322347,0.00015813,212.5216,219.9480,0.9532,119.0823,2.3972,30121.7335,124.9277,49.0469,238.9093,36.5364,75.9244,374.9013,749.8027,789.266,1183.8989,75.8035,-1.1839,10.395423,15.593133,2.799122,29,215,300,5,0.03207536,0.00395337,0.05088190,0E-8,0.000000,0.912219,0.000000,-0.04848366,2026-03-31,2026-08-01,83,4123,1621,124,0.669355,0.205295,0.230786,0.106918,,,,,,,,GLOBAL_BASELINE_NO_ENTITY_RANKING,,,NOT_APPLICABLE_GLOBAL_BASELINE,HF9g-P5,,,,X 全窗基线 · 不参与实体赏罚,15055500,1506,A168_HF9F_20260827_0900,2026-08-27 09:00:00
2026-05-18,92755421,2088,0,3492.5019731649,-1183.8989739542,-1183.8989739542,0.3333333,4,3,0.49493956900584845,0.418645466667,-0.5598490959323688,-0.29952129269995326,-0.5598490959323688,0.07629410233884845,ELIGIBLE,R03b_20260811_FULL_v1,L1_ELIGIBILITY,v2026-08-11,2026-03-21..2026-08-06,baccarat_bet02_101_all_pairs_incl_sentinel,round_win = game_pnl > 0 (decisive only),COMPATIBILITY_ONLY_NOT_PRODUCTION,2500103.8841,2280641.3266,9883.8276,11764,10369,-0.00395337,-0.05088190,-0.00239824,-0.00395337,-9883.8276,2500103.8841,OK,0.0000,395.3531,4.0000,96.0000,AG03-UNRESOLVED,ALL5_LEVELS_bet23_to_bet27,395.3531,395.3531,395.3531,395.3531,395.3531,4.000000,4.000000,4.000000,4.000000,4.000000,96.000000,96.000000,96.000000,96.000000,96.000000,5.0,1976.7655,1824.8244,7907.0621,8059.0032,PENDING_AG03,FALSE,NOT_FOR_ENFORCEMENT,9488.4745,2189415.6736,9883.8276,9488.4745,395.3531,0.00395337,0.00379523,395.3531,9488.4745,0.00379523,395.3531,395.3531,395.3531,395.3531,395.3531,9488.4745,0.00379523,1976.7655,1824.8244,7907.0621,8059.0032,0.00316269,0.00322347,0.00015813,212.5216,219.9480,0.9532,119.0823,2.3972,30121.7335,124.9277,49.0469,238.9093,36.5364,75.9244,374.9013,749.8027,789.266,1183.8989,75.8035,-1.1839,10.395423,15.593133,2.799122,29,215,300,5,0.03207536,0.00395337,0.05088190,0E-8,0.000000,0.912219,0.000000,-0.04848366,2026-03-31,2026-08-01,83,4123,1621,124,0.669355,0.205295,0.230786,0.106918,,,,,,,,GLOBAL_BASELINE_NO_ENTITY_RANKING,,,NOT_APPLICABLE_GLOBAL_BASELINE,HF9g-P5,,,,X 全窗基线 · 不参与实体赏罚,15055501,1506,A168_HF9F_20260827_0900,2026-08-27 09:00:00
2026-05-18,92755421,2093,0,6002.3677979478,1578.5319652722,1578.5319652722,0.7142857,8,7,0.50062797296528038,0.466061628571,1.1305713901173833,1.3165146592188048,1.1305713901173833,0.03456634439428038,ELIGIBLE,R03b_20260811_FULL_v1,L1_ELIGIBILITY,v2026-08-11,2026-03-21..2026-08-06,baccarat_bet02_101_all_pairs_incl_sentinel,round_win = game_pnl > 0 (decisive only),COMPATIBILITY_ONLY_NOT_PRODUCTION,2500103.8841,2280641.3266,9883.8276,11764,10369,-0.00395337,-0.05088190,-0.00239824,-0.00395337,-9883.8276,2500103.8841,OK,0.0000,395.3531,4.0000,96.0000,AG03-UNRESOLVED,ALL5_LEVELS_bet23_to_bet27,395.3531,395.3531,395.3531,395.3531,395.3531,4.000000,4.000000,4.000000,4.000000,4.000000,96.000000,96.000000,96.000000,96.000000,96.000000,5.0,1976.7655,1824.8244,7907.0621,8059.0032,PENDING_AG03,FALSE,NOT_FOR_ENFORCEMENT,9488.4745,2189415.6736,9883.8276,9488.4745,395.3531,0.00395337,0.00379523,395.3531,9488.4745,0.00379523,395.3531,395.3531,395.3531,395.3531,395.3531,9488.4745,0.00379523,1976.7655,1824.8244,7907.0621,8059.0032,0.00316269,0.00322347,0.00015813,212.5216,219.9480,0.9532,119.0823,2.3972,30121.7335,124.9277,49.0469,238.9093,36.5364,75.9244,374.9013,749.8027,789.266,1183.8989,75.8035,-1.1839,10.395423,15.593133,2.799122,29,215,300,5,0.03207536,0.00395337,0.05088190,0E-8,0.000000,0.912219,0.000000,-0.04848366,2026-03-31,2026-08-01,83,4123,1621,124,0.669355,0.205295,0.230786,0.106918,,,,,,,,GLOBAL_BASELINE_NO_ENTITY_RANKING,,,NOT_APPLICABLE_GLOBAL_BASELINE,HF9g-P5,,,,X 全窗基线 · 不参与实体赏罚,15055502,1506,A168_HF9F_20260827_0900,2026-08-27 09:00:00
2026-05-18,92755421,2103,0,3281.3733228097,-552.4861878453,-552.4861878453,0.5000000,5,4,0.49561661280991257,0.437295475000,0.017534222581321913,0.2528140363457515,0.017534222581321913,0.05832113780991257,ELIGIBLE,R03b_20260811_FULL_v1,L1_ELIGIBILITY,v2026-08-11,2026-03-21..2026-08-06,baccarat_bet02_101_all_pairs_incl_sentinel,round_win = game_pnl > 0 (decisive only),COMPATIBILITY_ONLY_NOT_PRODUCTION,2500103.8841,2280641.3266,9883.8276,11764,10369,-0.00395337,-0.05088190,-0.00239824,-0.00395337,-9883.8276,2500103.8841,OK,0.0000,395.3531,4.0000,96.0000,AG03-UNRESOLVED,ALL5_LEVELS_bet23_to_bet27,395.3531,395.3531,395.3531,395.3531,395.3531,4.000000,4.000000,4.000000,4.000000,4.000000,96.000000,96.000000,96.000000,96.000000,96.000000,5.0,1976.7655,1824.8244,7907.0621,8059.0032,PENDING_AG03,FALSE,NOT_FOR_ENFORCEMENT,9488.4745,2189415.6736,9883.8276,9488.4745,395.3531,0.00395337,0.00379523,395.3531,9488.4745,0.00379523,395.3531,395.3531,395.3531,395.3531,395.3531,9488.4745,0.00379523,1976.7655,1824.8244,7907.0621,8059.0032,0.00316269,0.00322347,0.00015813,212.5216,219.9480,0.9532,119.0823,2.3972,30121.7335,124.9277,49.0469,238.9093,36.5364,75.9244,374.9013,749.8027,789.266,1183.8989,75.8035,-1.1839,10.395423,15.593133,2.799122,29,215,300,5,0.03207536,0.00395337,0.05088190,0E-8,0.000000,0.912219,0.000000,-0.04848366,2026-03-31,2026-08-01,83,4123,1621,124,0.669355,0.205295,0.230786,0.106918,,,,,,,,GLOBAL_BASELINE_NO_ENTITY_RANKING,,,NOT_APPLICABLE_GLOBAL_BASELINE,HF9g-P5,,,,X 全窗基线 · 不参与实体赏罚,15055503,1506,A168_HF9F_20260827_0900,2026-08-27 09:00:00
2026-05-18,92755421,2108,0,986.5824782952,-986.5824782952,-986.5824782952,0E-7,1,1,0.50665070000000000,0.506650700000,-1.013391052207602,-1.013391052207602,-1.013391052207602,0E-17,ELIGIBLE,R03b_20260811_FULL_v1,L1_ELIGIBILITY,v2026-08-11,2026-03-21..2026-08-06,baccarat_bet02_101_all_pairs_incl_sentinel,round_win = game_pnl > 0 (decisive only),COMPATIBILITY_ONLY_NOT_PRODUCTION,2500103.8841,2280641.3266,9883.8276,11764,10369,-0.00395337,-0.05088190,-0.00239824,-0.00395337,-9883.8276,2500103.8841,OK,0.0000,395.3531,4.0000,96.0000,AG03-UNRESOLVED,ALL5_LEVELS_bet23_to_bet27,395.3531,395.3531,395.3531,395.3531,395.3531,4.000000,4.000000,4.000000,4.000000,4.000000,96.000000,96.000000,96.000000,96.000000,96.000000,5.0,1976.7655,1824.8244,7907.0621,8059.0032,PENDING_AG03,FALSE,NOT_FOR_ENFORCEMENT,9488.4745,2189415.6736,9883.8276,9488.4745,395.3531,0.00395337,0.00379523,395.3531,9488.4745,0.00379523,395.3531,395.3531,395.3531,395.3531,395.3531,9488.4745,0.00379523,1976.7655,1824.8244,7907.0621,8059.0032,0.00316269,0.00322347,0.00015813,212.5216,219.9480,0.9532,119.0823,2.3972,30121.7335,124.9277,49.0469,238.9093,36.5364,75.9244,374.9013,749.8027,789.266,1183.8989,75.8035,-1.1839,10.395423,15.593133,2.799122,29,215,300,5,0.03207536,0.00395337,0.05088190,0E-8,0.000000,0.912219,0.000000,-0.04848366,2026-03-31,2026-08-01,83,4123,1621,124,0.669355,0.205295,0.230786,0.106918,,,,,,,,GLOBAL_BASELINE_NO_ENTITY_RANKING,,,NOT_APPLICABLE_GLOBAL_BASELINE,HF9g-P5,,,,X 全窗基线 · 不参与实体赏罚,15055504,1506,A168_HF9F_20260827_0900,2026-08-27 09:00:00
2026-05-18,92755421,2117,0,7024.4672454614,-394.6329913181,-394.6329913181,0.4285714,10,9,0.49730522361111165,0.473591955556,-0.36371033911760714,-0.23855920408821854,-0.36371033911760714,0.02371326805511165,ELIGIBLE,R03b_20260811_FULL_v1,L1_ELIGIBILITY,v2026-08-11,2026-03-21..2026-08-06,baccarat_bet02_101_all_pairs_incl_sentinel,round_win = game_pnl > 0 (decisive only),COMPATIBILITY_ONLY_NOT_PRODUCTION,2500103.8841,2280641.3266,9883.8276,11764,10369,-0.00395337,-0.05088190,-0.00239824,-0.00395337,-9883.8276,2500103.8841,OK,0.0000,395.3531,4.0000,96.0000,AG03-UNRESOLVED,ALL5_LEVELS_bet23_to_bet27,395.3531,395.3531,395.3531,395.3531,395.3531,4.000000,4.000000,4.000000,4.000000,4.000000,96.000000,96.000000,96.000000,96.000000,96.000000,5.0,1976.7655,1824.8244,7907.0621,8059.0032,PENDING_AG03,FALSE,NOT_FOR_ENFORCEMENT,9488.4745,2189415.6736,9883.8276,9488.4745,395.3531,0.00395337,0.00379523,395.3531,9488.4745,0.00379523,395.3531,395.3531,395.3531,395.3531,395.3531,9488.4745,0.00379523,1976.7655,1824.8244,7907.0621,8059.0032,0.00316269,0.00322347,0.00015813,212.5216,219.9480,0.9532,119.0823,2.3972,30121.7335,124.9277,49.0469,238.9093,36.5364,75.9244,374.9013,749.8027,789.266,1183.8989,75.8035,-1.1839,10.395423,15.593133,2.799122,29,215,300,5,0.03207536,0.00395337,0.05088190,0E-8,0.000000,0.912219,0.000000,-0.04848366,2026-03-31,2026-08-01,83,4123,1621,124,0.669355,0.205295,0.230786,0.106918,,,,,,,,GLOBAL_BASELINE_NO_ENTITY_RANKING,,,NOT_APPLICABLE_GLOBAL_BASELINE,HF9g-P5,,,,X 全窗基线 · 不参与实体赏罚,15055505,1506,A168_HF9F_20260827_0900,2026-08-27 09:00:00
2026-05-18,92755421,2123,0,5919.4948697708,2367.7979479084,2367.7979479084,0.7142857,8,7,0.49739472857142852,0.498033071429,1.1476947995464564,1.1443102809864716,1.1476947995464564,-0.00063834285757148,ELIGIBLE,R03b_20260811_FULL_v1,L1_ELIGIBILITY,v2026-08-11,2026-03-21..2026-08-06,baccarat_bet02_101_all_pairs_incl_sentinel,round_win = game_pnl > 0 (decisive only),COMPATIBILITY_ONLY_NOT_PRODUCTION,2500103.8841,2280641.3266,9883.8276,11764,10369,-0.00395337,-0.05088190,-0.00239824,-0.00395337,-9883.8276,2500103.8841,OK,0.0000,395.3531,4.0000,96.0000,AG03-UNRESOLVED,ALL5_LEVELS_bet23_to_bet27,395.3531,395.3531,395.3531,395.3531,395.3531,4.000000,4.000000,4.000000,4.000000,4.000000,96.000000,96.000000,96.000000,96.000000,96.000000,5.0,1976.7655,1824.8244,7907.0621,8059.0032,PENDING_AG03,FALSE,NOT_FOR_ENFORCEMENT,9488.4745,2189415.6736,9883.8276,9488.4745,395.3531,0.00395337,0.00379523,395.3531,9488.4745,0.00379523,395.3531,395.3531,395.3531,395.3531,395.3531,9488.4745,0.00379523,1976.7655,1824.8244,7907.0621,8059.0032,0.00316269,0.00322347,0.00015813,212.5216,219.9480,0.9532,119.0823,2.3972,30121.7335,124.9277,49.0469,238.9093,36.5364,75.9244,374.9013,749.8027,789.266,1183.8989,75.8035,-1.1839,10.395423,15.593133,2.799122,29,215,300,5,0.03207536,0.00395337,0.05088190,0E-8,0.000000,0.912219,0.000000,-0.04848366,2026-03-31,2026-08-01,83,4123,1621,124,0.669355,0.205295,0.230786,0.106918,,,,,,,,GLOBAL_BASELINE_NO_ENTITY_RANKING,,,NOT_APPLICABLE_GLOBAL_BASELINE,HF9g-P5,,,,X 全窗基线 · 不参与实体赏罚,15055506,1506,A168_HF9F_20260827_0900,2026-08-27 09:00:00
2026-05-18,92755421,2127,0,4518.5477505919,2308.6029992107,2308.6029992107,0.7500000,6,4,0.49652811521592571,0.383021100000,1.0139119827884864,1.5098179512240772,1.0139119827884864,0.11350701521592571,ELIGIBLE,R03b_20260811_FULL_v1,L1_ELIGIBILITY,v2026-08-11,2026-03-21..2026-08-06,baccarat_bet02_101_all_pairs_incl_sentinel,round_win = game_pnl > 0 (decisive only),COMPATIBILITY_ONLY_NOT_PRODUCTION,2500103.8841,2280641.3266,9883.8276,11764,10369,-0.00395337,-0.05088190,-0.00239824,-0.00395337,-9883.8276,2500103.8841,OK,0.0000,395.3531,4.0000,96.0000,AG03-UNRESOLVED,ALL5_LEVELS_bet23_to_bet27,395.3531,395.3531,395.3531,395.3531,395.3531,4.000000,4.000000,4.000000,4.000000,4.000000,96.000000,96.000000,96.000000,96.000000,96.000000,5.0,1976.7655,1824.8244,7907.0621,8059.0032,PENDING_AG03,FALSE,NOT_FOR_ENFORCEMENT,9488.4745,2189415.6736,9883.8276,9488.4745,395.3531,0.00395337,0.00379523,395.3531,9488.4745,0.00379523,395.3531,395.3531,395.3531,395.3531,395.3531,9488.4745,0.00379523,1976.7655,1824.8244,7907.0621,8059.0032,0.00316269,0.00322347,0.00015813,212.5216,219.9480,0.9532,119.0823,2.3972,30121.7335,124.9277,49.0469,238.9093,36.5364,75.9244,374.9013,749.8027,789.266,1183.8989,75.8035,-1.1839,10.395423,15.593133,2.799122,29,215,300,5,0.03207536,0.00395337,0.05088190,0E-8,0.000000,0.912219,0.000000,-0.04848366,2026-03-31,2026-08-01,83,4123,1621,124,0.669355,0.205295,0.230786,0.106918,,,,,,,,GLOBAL_BASELINE_NO_ENTITY_RANKING,,,NOT_APPLICABLE_GLOBAL_BASELINE,HF9g-P5,,,,X 全窗基线 · 不参与实体赏罚,15055507,1506,A168_HF9F_20260827_0900,2026-08-27 09:00:00
2026-05-18,92755421,2129,0,197.3164956590,187.4506708761,187.4506708761,1.0000000,1,1,0.50665070000000000,0.506650700000,0.9867858985152569,0.9867858985152569,0.9867858985152569,0E-17,ELIGIBLE,R03b_20260811_FULL_v1,L1_ELIGIBILITY,v2026-08-11,2026-03-21..2026-08-06,baccarat_bet02_101_all_pairs_incl_sentinel,round_win = game_pnl > 0 (decisive only),COMPATIBILITY_ONLY_NOT_PRODUCTION,2500103.8841,2280641.3266,9883.8276,11764,10369,-0.00395337,-0.05088190,-0.00239824,-0.00395337,-9883.8276,2500103.8841,OK,0.0000,395.3531,4.0000,96.0000,AG03-UNRESOLVED,ALL5_LEVELS_bet23_to_bet27,395.3531,395.3531,395.3531,395.3531,395.3531,4.000000,4.000000,4.000000,4.000000,4.000000,96.000000,96.000000,96.000000,96.000000,96.000000,5.0,1976.7655,1824.8244,7907.0621,8059.0032,PENDING_AG03,FALSE,NOT_FOR_ENFORCEMENT,9488.4745,2189415.6736,9883.8276,9488.4745,395.3531,0.00395337,0.00379523,395.3531,9488.4745,0.00379523,395.3531,395.3531,395.3531,395.3531,395.3531,9488.4745,0.00379523,1976.7655,1824.8244,7907.0621,8059.0032,0.00316269,0.00322347,0.00015813,212.5216,219.9480,0.9532,119.0823,2.3972,30121.7335,124.9277,49.0469,238.9093,36.5364,75.9244,374.9013,749.8027,789.266,1183.8989,75.8035,-1.1839,10.395423,15.593133,2.799122,29,215,300,5,0.03207536,0.00395337,0.05088190,0E-8,0.000000,0.912219,0.000000,-0.04848366,2026-03-31,2026-08-01,83,4123,1621,124,0.669355,0.205295,0.230786,0.106918,,,,,,,,GLOBAL_BASELINE_NO_ENTITY_RANKING,,,NOT_APPLICABLE_GLOBAL_BASELINE,HF9g-P5,,,,X 全窗基线 · 不参与实体赏罚,15055508,1506,A168_HF9F_20260827_0900,2026-08-27 09:00:00
2026-05-18,92755421,2130,0,3551.6969218625,-1973.1649565903,-1973.1649565903,0E-7,4,4,0.49659680000000000,0.496596800000,-1.4046203955403829,-1.4046203955403829,-1.4046203955403829,0E-17,ELIGIBLE,R03b_20260811_FULL_v1,L1_ELIGIBILITY,v2026-08-11,2026-03-21..2026-08-06,baccarat_bet02_101_all_pairs_incl_sentinel,round_win = game_pnl > 0 (decisive only),COMPATIBILITY_ONLY_NOT_PRODUCTION,2500103.8841,2280641.3266,9883.8276,11764,10369,-0.00395337,-0.05088190,-0.00239824,-0.00395337,-9883.8276,2500103.8841,OK,0.0000,395.3531,4.0000,96.0000,AG03-UNRESOLVED,ALL5_LEVELS_bet23_to_bet27,395.3531,395.3531,395.3531,395.3531,395.3531,4.000000,4.000000,4.000000,4.000000,4.000000,96.000000,96.000000,96.000000,96.000000,96.000000,5.0,1976.7655,1824.8244,7907.0621,8059.0032,PENDING_AG03,FALSE,NOT_FOR_ENFORCEMENT,9488.4745,2189415.6736,9883.8276,9488.4745,395.3531,0.00395337,0.00379523,395.3531,9488.4745,0.00379523,395.3531,395.3531,395.3531,395.3531,395.3531,9488.4745,0.00379523,1976.7655,1824.8244,7907.0621,8059.0032,0.00316269,0.00322347,0.00015813,212.5216,219.9480,0.9532,119.0823,2.3972,30121.7335,124.9277,49.0469,238.9093,36.5364,75.9244,374.9013,749.8027,789.266,1183.8989,75.8035,-1.1839,10.395423,15.593133,2.799122,29,215,300,5,0.03207536,0.00395337,0.05088190,0E-8,0.000000,0.912219,0.000000,-0.04848366,2026-03-31,2026-08-01,83,4123,1621,124,0.669355,0.205295,0.230786,0.106918,,,,,,,,GLOBAL_BASELINE_NO_ENTITY_RANKING,,,NOT_APPLICABLE_GLOBAL_BASELINE,HF9g-P5,,,,X 全窗基线 · 不参与实体赏罚,15055509,1506,A168_HF9F_20260827_0900,2026-08-27 09:00:00
2026-05-18,92755421,2152,0,9158.2478295183,3985.9905288082,3985.9905288082,0.7500000,10,9,0.49905906239516933,0.472847222222,1.4195388228796515,1.5701298079096242,1.4195388228796515,0.02621184017316933,ELIGIBLE,R03b_20260811_FULL_v1,L1_ELIGIBILITY,v2026-08-11,2026-03-21..2026-08-06,baccarat_bet02_101_all_pairs_incl_sentinel,round_win = game_pnl > 0 (decisive only),COMPATIBILITY_ONLY_NOT_PRODUCTION,2500103.8841,2280641.3266,9883.8276,11764,10369,-0.00395337,-0.05088190,-0.00239824,-0.00395337,-9883.8276,2500103.8841,OK,0.0000,395.3531,4.0000,96.0000,AG03-UNRESOLVED,ALL5_LEVELS_bet23_to_bet27,395.3531,395.3531,395.3531,395.3531,395.3531,4.000000,4.000000,4.000000,4.000000,4.000000,96.000000,96.000000,96.000000,96.000000,96.000000,5.0,1976.7655,1824.8244,7907.0621,8059.0032,PENDING_AG03,FALSE,NOT_FOR_ENFORCEMENT,9488.4745,2189415.6736,9883.8276,9488.4745,395.3531,0.00395337,0.00379523,395.3531,9488.4745,0.00379523,395.3531,395.3531,395.3531,395.3531,395.3531,9488.4745,0.00379523,1976.7655,1824.8244,7907.0621,8059.0032,0.00316269,0.00322347,0.00015813,212.5216,219.9480,0.9532,119.0823,2.3972,30121.7335,124.9277,49.0469,238.9093,36.5364,75.9244,374.9013,749.8027,789.266,1183.8989,75.8035,-1.1839,10.395423,15.593133,2.799122,29,215,300,5,0.03207536,0.00395337,0.05088190,0E-8,0.000000,0.912219,0.000000,-0.04848366,2026-03-31,2026-08-01,83,4123,1621,124,0.669355,0.205295,0.230786,0.106918,,,,,,,,GLOBAL_BASELINE_NO_ENTITY_RANKING,,,NOT_APPLICABLE_GLOBAL_BASELINE,HF9g-P5,,,,X 全窗基线 · 不参与实体赏罚,15055510,1506,A168_HF9F_20260827_0900,2026-08-27 09:00:00
2026-05-18,92755421,2153,0,9454.2225730069,3551.8942383583,3551.8942383583,0.6666667,10,9,0.49802831759875009,0.472847222222,1.0118379615419626,1.16463524369906,1.0118379615419626,0.02518109537675009,ELIGIBLE,R03b_20260811_FULL_v1,L1_ELIGIBILITY,v2026-08-11,2026-03-21..2026-08-06,baccarat_bet02_101_all_pairs_incl_sentinel,round_win = game_pnl > 0 (decisive only),COMPATIBILITY_ONLY_NOT_PRODUCTION,2500103.8841,2280641.3266,9883.8276,11764,10369,-0.00395337,-0.05088190,-0.00239824,-0.00395337,-9883.8276,2500103.8841,OK,0.0000,395.3531,4.0000,96.0000,AG03-UNRESOLVED,ALL5_LEVELS_bet23_to_bet27,395.3531,395.3531,395.3531,395.3531,395.3531,4.000000,4.000000,4.000000,4.000000,4.000000,96.000000,96.000000,96.000000,96.000000,96.000000,5.0,1976.7655,1824.8244,7907.0621,8059.0032,PENDING_AG03,FALSE,NOT_FOR_ENFORCEMENT,9488.4745,2189415.6736,9883.8276,9488.4745,395.3531,0.00395337,0.00379523,395.3531,9488.4745,0.00379523,395.3531,395.3531,395.3531,395.3531,395.3531,9488.4745,0.00379523,1976.7655,1824.8244,7907.0621,8059.0032,0.00316269,0.00322347,0.00015813,212.5216,219.9480,0.9532,119.0823,2.3972,30121.7335,124.9277,49.0469,238.9093,36.5364,75.9244,374.9013,749.8027,789.266,1183.8989,75.8035,-1.1839,10.395423,15.593133,2.799122,29,215,300,5,0.03207536,0.00395337,0.05088190,0E-8,0.000000,0.912219,0.000000,-0.04848366,2026-03-31,2026-08-01,83,4123,1621,124,0.669355,0.205295,0.230786,0.106918,,,,,,,,GLOBAL_BASELINE_NO_ENTITY_RANKING,,,NOT_APPLICABLE_GLOBAL_BASELINE,HF9g-P5,,,,X 全窗基线 · 不参与实体赏罚,15055511,1506,A168_HF9F_20260827_0900,2026-08-27 09:00:00
2026-05-18,92755421,2154,0,1894.2383583267,-1894.2383583267,-1894.2383583267,0E-7,2,2,0.50665070000000000,0.506650700000,-1.4331513700195317,-1.4331513700195317,-1.4331513700195317,0E-17,ELIGIBLE,R03b_20260811_FULL_v1,L1_ELIGIBILITY,v2026-08-11,2026-03-21..2026-08-06,baccarat_bet02_101_all_pairs_incl_sentinel,round_win = game_pnl > 0 (decisive only),COMPATIBILITY_ONLY_NOT_PRODUCTION,2500103.8841,2280641.3266,9883.8276,11764,10369,-0.00395337,-0.05088190,-0.00239824,-0.00395337,-9883.8276,2500103.8841,OK,0.0000,395.3531,4.0000,96.0000,AG03-UNRESOLVED,ALL5_LEVELS_bet23_to_bet27,395.3531,395.3531,395.3531,395.3531,395.3531,4.000000,4.000000,4.000000,4.000000,4.000000,96.000000,96.000000,96.000000,96.000000,96.000000,5.0,1976.7655,1824.8244,7907.0621,8059.0032,PENDING_AG03,FALSE,NOT_FOR_ENFORCEMENT,9488.4745,2189415.6736,9883.8276,9488.4745,395.3531,0.00395337,0.00379523,395.3531,9488.4745,0.00379523,395.3531,395.3531,395.3531,395.3531,395.3531,9488.4745,0.00379523,1976.7655,1824.8244,7907.0621,8059.0032,0.00316269,0.00322347,0.00015813,212.5216,219.9480,0.9532,119.0823,2.3972,30121.7335,124.9277,49.0469,238.9093,36.5364,75.9244,374.9013,749.8027,789.266,1183.8989,75.8035,-1.1839,10.395423,15.593133,2.799122,29,215,300,5,0.03207536,0.00395337,0.05088190,0E-8,0.000000,0.912219,0.000000,-0.04848366,2026-03-31,2026-08-01,83,4123,1621,124,0.669355,0.205295,0.230786,0.106918,,,,,,,,GLOBAL_BASELINE_NO_ENTITY_RANKING,,,NOT_APPLICABLE_GLOBAL_BASELINE,HF9g-P5,,,,X 全窗基线 · 不参与实体赏罚,15055512,1506,A168_HF9F_20260827_0900,2026-08-27 09:00:00
2026-05-18,92755421,2155,0,3492.5019731649,1183.8989739542,1183.8989739542,0.6666667,4,3,0.49493956900584845,0.418645466667,0.5949105860452246,0.8707745022662297,0.5949105860452246,0.07629410233884845,ELIGIBLE,R03b_20260811_FULL_v1,L1_ELIGIBILITY,v2026-08-11,2026-03-21..2026-08-06,baccarat_bet02_101_all_pairs_incl_sentinel,round_win = game_pnl > 0 (decisive only),COMPATIBILITY_ONLY_NOT_PRODUCTION,2500103.8841,2280641.3266,9883.8276,11764,10369,-0.00395337,-0.05088190,-0.00239824,-0.00395337,-9883.8276,2500103.8841,OK,0.0000,395.3531,4.0000,96.0000,AG03-UNRESOLVED,ALL5_LEVELS_bet23_to_bet27,395.3531,395.3531,395.3531,395.3531,395.3531,4.000000,4.000000,4.000000,4.000000,4.000000,96.000000,96.000000,96.000000,96.000000,96.000000,5.0,1976.7655,1824.8244,7907.0621,8059.0032,PENDING_AG03,FALSE,NOT_FOR_ENFORCEMENT,9488.4745,2189415.6736,9883.8276,9488.4745,395.3531,0.00395337,0.00379523,395.3531,9488.4745,0.00379523,395.3531,395.3531,395.3531,395.3531,395.3531,9488.4745,0.00379523,1976.7655,1824.8244,7907.0621,8059.0032,0.00316269,0.00322347,0.00015813,212.5216,219.9480,0.9532,119.0823,2.3972,30121.7335,124.9277,49.0469,238.9093,36.5364,75.9244,374.9013,749.8027,789.266,1183.8989,75.8035,-1.1839,10.395423,15.593133,2.799122,29,215,300,5,0.03207536,0.00395337,0.05088190,0E-8,0.000000,0.912219,0.000000,-0.04848366,2026-03-31,2026-08-01,83,4123,1621,124,0.669355,0.205295,0.230786,0.106918,,,,,,,,GLOBAL_BASELINE_NO_ENTITY_RANKING,,,NOT_APPLICABLE_GLOBAL_BASELINE,HF9g-P5,,,,X 全窗基线 · 不参与实体赏罚,15055513,1506,A168_HF9F_20260827_0900,2026-08-27 09:00:00
2026-05-18,92755421,2160,0,6679.1633780584,3157.0639305445,3157.0639305445,0.8000000,10,6,0.49247843100236500,0.341811233333,1.375433902053341,2.160036257043843,1.375433902053341,0.15066719766936500,ELIGIBLE,R03b_20260811_FULL_v1,L1_ELIGIBILITY,v2026-08-11,2026-03-21..2026-08-06,baccarat_bet02_101_all_pairs_incl_sentinel,round_win = game_pnl > 0 (decisive only),COMPATIBILITY_ONLY_NOT_PRODUCTION,2500103.8841,2280641.3266,9883.8276,11764,10369,-0.00395337,-0.05088190,-0.00239824,-0.00395337,-9883.8276,2500103.8841,OK,0.0000,395.3531,4.0000,96.0000,AG03-UNRESOLVED,ALL5_LEVELS_bet23_to_bet27,395.3531,395.3531,395.3531,395.3531,395.3531,4.000000,4.000000,4.000000,4.000000,4.000000,96.000000,96.000000,96.000000,96.000000,96.000000,5.0,1976.7655,1824.8244,7907.0621,8059.0032,PENDING_AG03,FALSE,NOT_FOR_ENFORCEMENT,9488.4745,2189415.6736,9883.8276,9488.4745,395.3531,0.00395337,0.00379523,395.3531,9488.4745,0.00379523,395.3531,395.3531,395.3531,395.3531,395.3531,9488.4745,0.00379523,1976.7655,1824.8244,7907.0621,8059.0032,0.00316269,0.00322347,0.00015813,212.5216,219.9480,0.9532,119.0823,2.3972,30121.7335,124.9277,49.0469,238.9093,36.5364,75.9244,374.9013,749.8027,789.266,1183.8989,75.8035,-1.1839,10.395423,15.593133,2.799122,29,215,300,5,0.03207536,0.00395337,0.05088190,0E-8,0.000000,0.912219,0.000000,-0.04848366,2026-03-31,2026-08-01,83,4123,1621,124,0.669355,0.205295,0.230786,0.106918,,,,,,,,GLOBAL_BASELINE_NO_ENTITY_RANKING,,,NOT_APPLICABLE_GLOBAL_BASELINE,HF9g-P5,,,,X 全窗基线 · 不参与实体赏罚,15055514,1506,A168_HF9F_20260827_0900,2026-08-27 09:00:00
2026-05-18,92755421,2170,0,1183.8989739542,-1183.8989739542,-1183.8989739542,0E-7,1,1,0.49324550000000000,0.493245500000,-0.9865810262130424,-0.9865810262130424,-0.9865810262130424,0E-17,ELIGIBLE,R03b_20260811_FULL_v1,L1_ELIGIBILITY,v2026-08-11,2026-03-21..2026-08-06,baccarat_bet02_101_all_pairs_incl_sentinel,round_win = game_pnl > 0 (decisive only),COMPATIBILITY_ONLY_NOT_PRODUCTION,2500103.8841,2280641.3266,9883.8276,11764,10369,-0.00395337,-0.05088190,-0.00239824,-0.00395337,-9883.8276,2500103.8841,OK,0.0000,395.3531,4.0000,96.0000,AG03-UNRESOLVED,ALL5_LEVELS_bet23_to_bet27,395.3531,395.3531,395.3531,395.3531,395.3531,4.000000,4.000000,4.000000,4.000000,4.000000,96.000000,96.000000,96.000000,96.000000,96.000000,5.0,1976.7655,1824.8244,7907.0621,8059.0032,PENDING_AG03,FALSE,NOT_FOR_ENFORCEMENT,9488.4745,2189415.6736,9883.8276,9488.4745,395.3531,0.00395337,0.00379523,395.3531,9488.4745,0.00379523,395.3531,395.3531,395.3531,395.3531,395.3531,9488.4745,0.00379523,1976.7655,1824.8244,7907.0621,8059.0032,0.00316269,0.00322347,0.00015813,212.5216,219.9480,0.9532,119.0823,2.3972,30121.7335,124.9277,49.0469,238.9093,36.5364,75.9244,374.9013,749.8027,789.266,1183.8989,75.8035,-1.1839,10.395423,15.593133,2.799122,29,215,300,5,0.03207536,0.00395337,0.05088190,0E-8,0.000000,0.912219,0.000000,-0.04848366,2026-03-31,2026-08-01,83,4123,1621,124,0.669355,0.205295,0.230786,0.106918,,,,,,,,GLOBAL_BASELINE_NO_ENTITY_RANKING,,,NOT_APPLICABLE_GLOBAL_BASELINE,HF9g-P5,,,,X 全窗基线 · 不参与实体赏罚,15055515,1506,A168_HF9F_20260827_0900,2026-08-27 09:00:00
2026-05-18,92755421,2174,0,16923.0465666927,3946.1325966850,3946.1325966850,0.6250000,22,16,0.49511666400936367,0.410158287500,1.0391162486558343,1.7471697841290945,1.0391162486558343,0.08495837650936367,ELIGIBLE,R03b_20260811_FULL_v1,L1_ELIGIBILITY,v2026-08-11,2026-03-21..2026-08-06,baccarat_bet02_101_all_pairs_incl_sentinel,round_win = game_pnl > 0 (decisive only),COMPATIBILITY_ONLY_NOT_PRODUCTION,2500103.8841,2280641.3266,9883.8276,11764,10369,-0.00395337,-0.05088190,-0.00239824,-0.00395337,-9883.8276,2500103.8841,OK,0.0000,395.3531,4.0000,96.0000,AG03-UNRESOLVED,ALL5_LEVELS_bet23_to_bet27,395.3531,395.3531,395.3531,395.3531,395.3531,4.000000,4.000000,4.000000,4.000000,4.000000,96.000000,96.000000,96.000000,96.000000,96.000000,5.0,1976.7655,1824.8244,7907.0621,8059.0032,PENDING_AG03,FALSE,NOT_FOR_ENFORCEMENT,9488.4745,2189415.6736,9883.8276,9488.4745,395.3531,0.00395337,0.00379523,395.3531,9488.4745,0.00379523,395.3531,395.3531,395.3531,395.3531,395.3531,9488.4745,0.00379523,1976.7655,1824.8244,7907.0621,8059.0032,0.00316269,0.00322347,0.00015813,212.5216,219.9480,0.9532,119.0823,2.3972,30121.7335,124.9277,49.0469,238.9093,36.5364,75.9244,374.9013,749.8027,789.266,1183.8989,75.8035,-1.1839,10.395423,15.593133,2.799122,29,215,300,5,0.03207536,0.00395337,0.05088190,0E-8,0.000000,0.912219,0.000000,-0.04848366,2026-03-31,2026-08-01,83,4123,1621,124,0.669355,0.205295,0.230786,0.106918,,,,,,,,GLOBAL_BASELINE_NO_ENTITY_RANKING,,,NOT_APPLICABLE_GLOBAL_BASELINE,HF9g-P5,,,,X 全窗基线 · 不参与实体赏罚,15055516,1506,A168_HF9F_20260827_0900,2026-08-27 09:00:00
2026-05-18,92755421,2177,0,6513.4175217045,-434.0962904499,-434.0962904499,0.5000000,9,8,0.50144984582111352,0.471973087500,-0.008201600974745574,0.1587938229236814,-0.008201600974745574,0.02947675832111352,ELIGIBLE,R03b_20260811_FULL_v1,L1_ELIGIBILITY,v2026-08-11,2026-03-21..2026-08-06,baccarat_bet02_101_all_pairs_incl_sentinel,round_win = game_pnl > 0 (decisive only),COMPATIBILITY_ONLY_NOT_PRODUCTION,2500103.8841,2280641.3266,9883.8276,11764,10369,-0.00395337,-0.05088190,-0.00239824,-0.00395337,-9883.8276,2500103.8841,OK,0.0000,395.3531,4.0000,96.0000,AG03-UNRESOLVED,ALL5_LEVELS_bet23_to_bet27,395.3531,395.3531,395.3531,395.3531,395.3531,4.000000,4.000000,4.000000,4.000000,4.000000,96.000000,96.000000,96.000000,96.000000,96.000000,5.0,1976.7655,1824.8244,7907.0621,8059.0032,PENDING_AG03,FALSE,NOT_FOR_ENFORCEMENT,9488.4745,2189415.6736,9883.8276,9488.4745,395.3531,0.00395337,0.00379523,395.3531,9488.4745,0.00379523,395.3531,395.3531,395.3531,395.3531,395.3531,9488.4745,0.00379523,1976.7655,1824.8244,7907.0621,8059.0032,0.00316269,0.00322347,0.00015813,212.5216,219.9480,0.9532,119.0823,2.3972,30121.7335,124.9277,49.0469,238.9093,36.5364,75.9244,374.9013,749.8027,789.266,1183.8989,75.8035,-1.1839,10.395423,15.593133,2.799122,29,215,300,5,0.03207536,0.00395337,0.05088190,0E-8,0.000000,0.912219,0.000000,-0.04848366,2026-03-31,2026-08-01,83,4123,1621,124,0.669355,0.205295,0.230786,0.106918,,,,,,,,GLOBAL_BASELINE_NO_ENTITY_RANKING,,,NOT_APPLICABLE_GLOBAL_BASELINE,HF9g-P5,,,,X 全窗基线 · 不参与实体赏罚,15055517,1506,A168_HF9F_20260827_0900,2026-08-27 09:00:00
2026-05-18,92755421,2201,0,1973.1649565903,-1973.1649565903,-1973.1649565903,0E-7,2,2,0.49994810000000000,0.499948100000,-1.4140667746232096,-1.4140667746232096,-1.4140667746232096,0E-17,ELIGIBLE,R03b_20260811_FULL_v1,L1_ELIGIBILITY,v2026-08-11,2026-03-21..2026-08-06,baccarat_bet02_101_all_pairs_incl_sentinel,round_win = game_pnl > 0 (decisive only),COMPATIBILITY_ONLY_NOT_PRODUCTION,2500103.8841,2280641.3266,9883.8276,11764,10369,-0.00395337,-0.05088190,-0.00239824,-0.00395337,-9883.8276,2500103.8841,OK,0.0000,395.3531,4.0000,96.0000,AG03-UNRESOLVED,ALL5_LEVELS_bet23_to_bet27,395.3531,395.3531,395.3531,395.3531,395.3531,4.000000,4.000000,4.000000,4.000000,4.000000,96.000000,96.000000,96.000000,96.000000,96.000000,5.0,1976.7655,1824.8244,7907.0621,8059.0032,PENDING_AG03,FALSE,NOT_FOR_ENFORCEMENT,9488.4745,2189415.6736,9883.8276,9488.4745,395.3531,0.00395337,0.00379523,395.3531,9488.4745,0.00379523,395.3531,395.3531,395.3531,395.3531,395.3531,9488.4745,0.00379523,1976.7655,1824.8244,7907.0621,8059.0032,0.00316269,0.00322347,0.00015813,212.5216,219.9480,0.9532,119.0823,2.3972,30121.7335,124.9277,49.0469,238.9093,36.5364,75.9244,374.9013,749.8027,789.266,1183.8989,75.8035,-1.1839,10.395423,15.593133,2.799122,29,215,300,5,0.03207536,0.00395337,0.05088190,0E-8,0.000000,0.912219,0.000000,-0.04848366,2026-03-31,2026-08-01,83,4123,1621,124,0.669355,0.205295,0.230786,0.106918,,,,,,,,GLOBAL_BASELINE_NO_ENTITY_RANKING,,,NOT_APPLICABLE_GLOBAL_BASELINE,HF9g-P5,,,,X 全窗基线 · 不参与实体赏罚,15055518,1506,A168_HF9F_20260827_0900,2026-08-27 09:00:00
2026-05-18,92755421,2212,0,2367.7979479084,-2367.7979479084,-2367.7979479084,0E-7,2,2,0.50665070000000000,0.506650700000,-1.4331513700195317,-1.4331513700195317,-1.4331513700195317,0E-17,ELIGIBLE,R03b_20260811_FULL_v1,L1_ELIGIBILITY,v2026-08-11,2026-03-21..2026-08-06,baccarat_bet02_101_all_pairs_incl_sentinel,round_win = game_pnl > 0 (decisive only),COMPATIBILITY_ONLY_NOT_PRODUCTION,2500103.8841,2280641.3266,9883.8276,11764,10369,-0.00395337,-0.05088190,-0.00239824,-0.00395337,-9883.8276,2500103.8841,OK,0.0000,395.3531,4.0000,96.0000,AG03-UNRESOLVED,ALL5_LEVELS_bet23_to_bet27,395.3531,395.3531,395.3531,395.3531,395.3531,4.000000,4.000000,4.000000,4.000000,4.000000,96.000000,96.000000,96.000000,96.000000,96.000000,5.0,1976.7655,1824.8244,7907.0621,8059.0032,PENDING_AG03,FALSE,NOT_FOR_ENFORCEMENT,9488.4745,2189415.6736,9883.8276,9488.4745,395.3531,0.00395337,0.00379523,395.3531,9488.4745,0.00379523,395.3531,395.3531,395.3531,395.3531,395.3531,9488.4745,0.00379523,1976.7655,1824.8244,7907.0621,8059.0032,0.00316269,0.00322347,0.00015813,212.5216,219.9480,0.9532,119.0823,2.3972,30121.7335,124.9277,49.0469,238.9093,36.5364,75.9244,374.9013,749.8027,789.266,1183.8989,75.8035,-1.1839,10.395423,15.593133,2.799122,29,215,300,5,0.03207536,0.00395337,0.05088190,0E-8,0.000000,0.912219,0.000000,-0.04848366,2026-03-31,2026-08-01,83,4123,1621,124,0.669355,0.205295,0.230786,0.106918,,,,,,,,GLOBAL_BASELINE_NO_ENTITY_RANKING,,,NOT_APPLICABLE_GLOBAL_BASELINE,HF9g-P5,,,,X 全窗基线 · 不参与实体赏罚,15055519,1506,A168_HF9F_20260827_0900,2026-08-27 09:00:00
2026-05-18,92755421,2216,0,789.2659826361,-789.2659826361,-789.2659826361,0E-7,1,1,0.50665070000000000,0.506650700000,-1.013391052207602,-1.013391052207602,-1.013391052207602,0E-17,ELIGIBLE,R03b_20260811_FULL_v1,L1_ELIGIBILITY,v2026-08-11,2026-03-21..2026-08-06,baccarat_bet02_101_all_pairs_incl_sentinel,round_win = game_pnl > 0 (decisive only),COMPATIBILITY_ONLY_NOT_PRODUCTION,2500103.8841,2280641.3266,9883.8276,11764,10369,-0.00395337,-0.05088190,-0.00239824,-0.00395337,-9883.8276,2500103.8841,OK,0.0000,395.3531,4.0000,96.0000,AG03-UNRESOLVED,ALL5_LEVELS_bet23_to_bet27,395.3531,395.3531,395.3531,395.3531,395.3531,4.000000,4.000000,4.000000,4.000000,4.000000,96.000000,96.000000,96.000000,96.000000,96.000000,5.0,1976.7655,1824.8244,7907.0621,8059.0032,PENDING_AG03,FALSE,NOT_FOR_ENFORCEMENT,9488.4745,2189415.6736,9883.8276,9488.4745,395.3531,0.00395337,0.00379523,395.3531,9488.4745,0.00379523,395.3531,395.3531,395.3531,395.3531,395.3531,9488.4745,0.00379523,1976.7655,1824.8244,7907.0621,8059.0032,0.00316269,0.00322347,0.00015813,212.5216,219.9480,0.9532,119.0823,2.3972,30121.7335,124.9277,49.0469,238.9093,36.5364,75.9244,374.9013,749.8027,789.266,1183.8989,75.8035,-1.1839,10.395423,15.593133,2.799122,29,215,300,5,0.03207536,0.00395337,0.05088190,0E-8,0.000000,0.912219,0.000000,-0.04848366,2026-03-31,2026-08-01,83,4123,1621,124,0.669355,0.205295,0.230786,0.106918,,,,,,,,GLOBAL_BASELINE_NO_ENTITY_RANKING,,,NOT_APPLICABLE_GLOBAL_BASELINE,HF9g-P5,,,,X 全窗基线 · 不参与实体赏罚,15055520,1506,A168_HF9F_20260827_0900,2026-08-27 09:00:00
2026-05-18,92755421,2218,0,7044.1988950275,0E-10,0E-10,0.5000000,7,6,0.49498740229885105,0.458179683333,0.02455784742594971,0.2055972897970772,0.02455784742594971,0.03680771896585105,ELIGIBLE,R03b_20260811_FULL_v1,L1_ELIGIBILITY,v2026-08-11,2026-03-21..2026-08-06,baccarat_bet02_101_all_pairs_incl_sentinel,round_win = game_pnl > 0 (decisive only),COMPATIBILITY_ONLY_NOT_PRODUCTION,2500103.8841,2280641.3266,9883.8276,11764,10369,-0.00395337,-0.05088190,-0.00239824,-0.00395337,-9883.8276,2500103.8841,OK,0.0000,395.3531,4.0000,96.0000,AG03-UNRESOLVED,ALL5_LEVELS_bet23_to_bet27,395.3531,395.3531,395.3531,395.3531,395.3531,4.000000,4.000000,4.000000,4.000000,4.000000,96.000000,96.000000,96.000000,96.000000,96.000000,5.0,1976.7655,1824.8244,7907.0621,8059.0032,PENDING_AG03,FALSE,NOT_FOR_ENFORCEMENT,9488.4745,2189415.6736,9883.8276,9488.4745,395.3531,0.00395337,0.00379523,395.3531,9488.4745,0.00379523,395.3531,395.3531,395.3531,395.3531,395.3531,9488.4745,0.00379523,1976.7655,1824.8244,7907.0621,8059.0032,0.00316269,0.00322347,0.00015813,212.5216,219.9480,0.9532,119.0823,2.3972,30121.7335,124.9277,49.0469,238.9093,36.5364,75.9244,374.9013,749.8027,789.266,1183.8989,75.8035,-1.1839,10.395423,15.593133,2.799122,29,215,300,5,0.03207536,0.00395337,0.05088190,0E-8,0.000000,0.912219,0.000000,-0.04848366,2026-03-31,2026-08-01,83,4123,1621,124,0.669355,0.205295,0.230786,0.106918,,,,,,,,GLOBAL_BASELINE_NO_ENTITY_RANKING,,,NOT_APPLICABLE_GLOBAL_BASELINE,HF9g-P5,,,,X 全窗基线 · 不参与实体赏罚,15055521,1506,A168_HF9F_20260827_0900,2026-08-27 09:00:00
2026-05-18,92755421,2220,0,5544.5935280189,1381.2154696132,1381.2154696132,0.6000000,5,5,0.49860758000000000,0.498607580000,0.4534424453485946,0.4534424453485946,0.4534424453485946,0E-17,ELIGIBLE,R03b_20260811_FULL_v1,L1_ELIGIBILITY,v2026-08-11,2026-03-21..2026-08-06,baccarat_bet02_101_all_pairs_incl_sentinel,round_win = game_pnl > 0 (decisive only),COMPATIBILITY_ONLY_NOT_PRODUCTION,2500103.8841,2280641.3266,9883.8276,11764,10369,-0.00395337,-0.05088190,-0.00239824,-0.00395337,-9883.8276,2500103.8841,OK,0.0000,395.3531,4.0000,96.0000,AG03-UNRESOLVED,ALL5_LEVELS_bet23_to_bet27,395.3531,395.3531,395.3531,395.3531,395.3531,4.000000,4.000000,4.000000,4.000000,4.000000,96.000000,96.000000,96.000000,96.000000,96.000000,5.0,1976.7655,1824.8244,7907.0621,8059.0032,PENDING_AG03,FALSE,NOT_FOR_ENFORCEMENT,9488.4745,2189415.6736,9883.8276,9488.4745,395.3531,0.00395337,0.00379523,395.3531,9488.4745,0.00379523,395.3531,395.3531,395.3531,395.3531,395.3531,9488.4745,0.00379523,1976.7655,1824.8244,7907.0621,8059.0032,0.00316269,0.00322347,0.00015813,212.5216,219.9480,0.9532,119.0823,2.3972,30121.7335,124.9277,49.0469,238.9093,36.5364,75.9244,374.9013,749.8027,789.266,1183.8989,75.8035,-1.1839,10.395423,15.593133,2.799122,29,215,300,5,0.03207536,0.00395337,0.05088190,0E-8,0.000000,0.912219,0.000000,-0.04848366,2026-03-31,2026-08-01,83,4123,1621,124,0.669355,0.205295,0.230786,0.106918,,,,,,,,GLOBAL_BASELINE_NO_ENTITY_RANKING,,,NOT_APPLICABLE_GLOBAL_BASELINE,HF9g-P5,,,,X 全窗基线 · 不参与实体赏罚,15055522,1506,A168_HF9F_20260827_0900,2026-08-27 09:00:00
2026-05-18,92755421,2223,0,2407.2612470401,-828.7292817679,-828.7292817679,0.3333333,4,3,0.49443919206349300,0.420879666667,-0.5581215836268417,-0.30713917230378546,-0.5581215836268417,0.07355952539649300,ELIGIBLE,R03b_20260811_FULL_v1,L1_ELIGIBILITY,v2026-08-11,2026-03-21..2026-08-06,baccarat_bet02_101_all_pairs_incl_sentinel,round_win = game_pnl > 0 (decisive only),COMPATIBILITY_ONLY_NOT_PRODUCTION,2500103.8841,2280641.3266,9883.8276,11764,10369,-0.00395337,-0.05088190,-0.00239824,-0.00395337,-9883.8276,2500103.8841,OK,0.0000,395.3531,4.0000,96.0000,AG03-UNRESOLVED,ALL5_LEVELS_bet23_to_bet27,395.3531,395.3531,395.3531,395.3531,395.3531,4.000000,4.000000,4.000000,4.000000,4.000000,96.000000,96.000000,96.000000,96.000000,96.000000,5.0,1976.7655,1824.8244,7907.0621,8059.0032,PENDING_AG03,FALSE,NOT_FOR_ENFORCEMENT,9488.4745,2189415.6736,9883.8276,9488.4745,395.3531,0.00395337,0.00379523,395.3531,9488.4745,0.00379523,395.3531,395.3531,395.3531,395.3531,395.3531,9488.4745,0.00379523,1976.7655,1824.8244,7907.0621,8059.0032,0.00316269,0.00322347,0.00015813,212.5216,219.9480,0.9532,119.0823,2.3972,30121.7335,124.9277,49.0469,238.9093,36.5364,75.9244,374.9013,749.8027,789.266,1183.8989,75.8035,-1.1839,10.395423,15.593133,2.799122,29,215,300,5,0.03207536,0.00395337,0.05088190,0E-8,0.000000,0.912219,0.000000,-0.04848366,2026-03-31,2026-08-01,83,4123,1621,124,0.669355,0.205295,0.230786,0.106918,,,,,,,,GLOBAL_BASELINE_NO_ENTITY_RANKING,,,NOT_APPLICABLE_GLOBAL_BASELINE,HF9g-P5,,,,X 全窗基线 · 不参与实体赏罚,15055523,1506,A168_HF9F_20260827_0900,2026-08-27 09:00:00
2026-05-18,92755421,2234,0,7409.2344119966,2693.3701657456,2693.3701657456,0.7500000,9,8,0.49612902861445460,0.468621787500,1.4361541238216509,1.5948592073160595,1.4361541238216509,0.02750724111445460,ELIGIBLE,R03b_20260811_FULL_v1,L1_ELIGIBILITY,v2026-08-11,2026-03-21..2026-08-06,baccarat_bet02_101_all_pairs_incl_sentinel,round_win = game_pnl > 0 (decisive only),COMPATIBILITY_ONLY_NOT_PRODUCTION,2500103.8841,2280641.3266,9883.8276,11764,10369,-0.00395337,-0.05088190,-0.00239824,-0.00395337,-9883.8276,2500103.8841,OK,0.0000,395.3531,4.0000,96.0000,AG03-UNRESOLVED,ALL5_LEVELS_bet23_to_bet27,395.3531,395.3531,395.3531,395.3531,395.3531,4.000000,4.000000,4.000000,4.000000,4.000000,96.000000,96.000000,96.000000,96.000000,96.000000,5.0,1976.7655,1824.8244,7907.0621,8059.0032,PENDING_AG03,FALSE,NOT_FOR_ENFORCEMENT,9488.4745,2189415.6736,9883.8276,9488.4745,395.3531,0.00395337,0.00379523,395.3531,9488.4745,0.00379523,395.3531,395.3531,395.3531,395.3531,395.3531,9488.4745,0.00379523,1976.7655,1824.8244,7907.0621,8059.0032,0.00316269,0.00322347,0.00015813,212.5216,219.9480,0.9532,119.0823,2.3972,30121.7335,124.9277,49.0469,238.9093,36.5364,75.9244,374.9013,749.8027,789.266,1183.8989,75.8035,-1.1839,10.395423,15.593133,2.799122,29,215,300,5,0.03207536,0.00395337,0.05088190,0E-8,0.000000,0.912219,0.000000,-0.04848366,2026-03-31,2026-08-01,83,4123,1621,124,0.669355,0.205295,0.230786,0.106918,,,,,,,,GLOBAL_BASELINE_NO_ENTITY_RANKING,,,NOT_APPLICABLE_GLOBAL_BASELINE,HF9g-P5,,,,X 全窗基线 · 不参与实体赏罚,15055524,1506,A168_HF9F_20260827_0900,2026-08-27 09:00:00
2026-05-18,92755421,2242,0,2308.6029992107,0E-10,0E-10,0.5000000,3,2,0.49578660350877267,0.381345450000,0.011917708073840422,0.3454745057990616,0.011917708073840422,0.11444115350877267,ELIGIBLE,R03b_20260811_FULL_v1,L1_ELIGIBILITY,v2026-08-11,2026-03-21..2026-08-06,baccarat_bet02_101_all_pairs_incl_sentinel,round_win = game_pnl > 0 (decisive only),COMPATIBILITY_ONLY_NOT_PRODUCTION,2500103.8841,2280641.3266,9883.8276,11764,10369,-0.00395337,-0.05088190,-0.00239824,-0.00395337,-9883.8276,2500103.8841,OK,0.0000,395.3531,4.0000,96.0000,AG03-UNRESOLVED,ALL5_LEVELS_bet23_to_bet27,395.3531,395.3531,395.3531,395.3531,395.3531,4.000000,4.000000,4.000000,4.000000,4.000000,96.000000,96.000000,96.000000,96.000000,96.000000,5.0,1976.7655,1824.8244,7907.0621,8059.0032,PENDING_AG03,FALSE,NOT_FOR_ENFORCEMENT,9488.4745,2189415.6736,9883.8276,9488.4745,395.3531,0.00395337,0.00379523,395.3531,9488.4745,0.00379523,395.3531,395.3531,395.3531,395.3531,395.3531,9488.4745,0.00379523,1976.7655,1824.8244,7907.0621,8059.0032,0.00316269,0.00322347,0.00015813,212.5216,219.9480,0.9532,119.0823,2.3972,30121.7335,124.9277,49.0469,238.9093,36.5364,75.9244,374.9013,749.8027,789.266,1183.8989,75.8035,-1.1839,10.395423,15.593133,2.799122,29,215,300,5,0.03207536,0.00395337,0.05088190,0E-8,0.000000,0.912219,0.000000,-0.04848366,2026-03-31,2026-08-01,83,4123,1621,124,0.669355,0.205295,0.230786,0.106918,,,,,,,,GLOBAL_BASELINE_NO_ENTITY_RANKING,,,NOT_APPLICABLE_GLOBAL_BASELINE,HF9g-P5,,,,X 全窗基线 · 不参与实体赏罚,15055525,1506,A168_HF9F_20260827_0900,2026-08-27 09:00:00
2026-05-18,92755421,2246,0,789.2659826361,-789.2659826361,-789.2659826361,0E-7,1,1,0.49324550000000000,0.493245500000,-0.9865810262130424,-0.9865810262130424,-0.9865810262130424,0E-17,ELIGIBLE,R03b_20260811_FULL_v1,L1_ELIGIBILITY,v2026-08-11,2026-03-21..2026-08-06,baccarat_bet02_101_all_pairs_incl_sentinel,round_win = game_pnl > 0 (decisive only),COMPATIBILITY_ONLY_NOT_PRODUCTION,2500103.8841,2280641.3266,9883.8276,11764,10369,-0.00395337,-0.05088190,-0.00239824,-0.00395337,-9883.8276,2500103.8841,OK,0.0000,395.3531,4.0000,96.0000,AG03-UNRESOLVED,ALL5_LEVELS_bet23_to_bet27,395.3531,395.3531,395.3531,395.3531,395.3531,4.000000,4.000000,4.000000,4.000000,4.000000,96.000000,96.000000,96.000000,96.000000,96.000000,5.0,1976.7655,1824.8244,7907.0621,8059.0032,PENDING_AG03,FALSE,NOT_FOR_ENFORCEMENT,9488.4745,2189415.6736,9883.8276,9488.4745,395.3531,0.00395337,0.00379523,395.3531,9488.4745,0.00379523,395.3531,395.3531,395.3531,395.3531,395.3531,9488.4745,0.00379523,1976.7655,1824.8244,7907.0621,8059.0032,0.00316269,0.00322347,0.00015813,212.5216,219.9480,0.9532,119.0823,2.3972,30121.7335,124.9277,49.0469,238.9093,36.5364,75.9244,374.9013,749.8027,789.266,1183.8989,75.8035,-1.1839,10.395423,15.593133,2.799122,29,215,300,5,0.03207536,0.00395337,0.05088190,0E-8,0.000000,0.912219,0.000000,-0.04848366,2026-03-31,2026-08-01,83,4123,1621,124,0.669355,0.205295,0.230786,0.106918,,,,,,,,GLOBAL_BASELINE_NO_ENTITY_RANKING,,,NOT_APPLICABLE_GLOBAL_BASELINE,HF9g-P5,,,,X 全窗基线 · 不参与实体赏罚,15055526,1506,A168_HF9F_20260827_0900,2026-08-27 09:00:00
2026-05-18,92755421,2248,0,3157.0639305445,-789.2659826361,-789.2659826361,0.3333333,3,3,0.50218230000000000,0.502182300000,-0.5849155494134425,-0.5849155494134426,-0.5849155494134425,0E-17,ELIGIBLE,R03b_20260811_FULL_v1,L1_ELIGIBILITY,v2026-08-11,2026-03-21..2026-08-06,baccarat_bet02_101_all_pairs_incl_sentinel,round_win = game_pnl > 0 (decisive only),COMPATIBILITY_ONLY_NOT_PRODUCTION,2500103.8841,2280641.3266,9883.8276,11764,10369,-0.00395337,-0.05088190,-0.00239824,-0.00395337,-9883.8276,2500103.8841,OK,0.0000,395.3531,4.0000,96.0000,AG03-UNRESOLVED,ALL5_LEVELS_bet23_to_bet27,395.3531,395.3531,395.3531,395.3531,395.3531,4.000000,4.000000,4.000000,4.000000,4.000000,96.000000,96.000000,96.000000,96.000000,96.000000,5.0,1976.7655,1824.8244,7907.0621,8059.0032,PENDING_AG03,FALSE,NOT_FOR_ENFORCEMENT,9488.4745,2189415.6736,9883.8276,9488.4745,395.3531,0.00395337,0.00379523,395.3531,9488.4745,0.00379523,395.3531,395.3531,395.3531,395.3531,395.3531,9488.4745,0.00379523,1976.7655,1824.8244,7907.0621,8059.0032,0.00316269,0.00322347,0.00015813,212.5216,219.9480,0.9532,119.0823,2.3972,30121.7335,124.9277,49.0469,238.9093,36.5364,75.9244,374.9013,749.8027,789.266,1183.8989,75.8035,-1.1839,10.395423,15.593133,2.799122,29,215,300,5,0.03207536,0.00395337,0.05088190,0E-8,0.000000,0.912219,0.000000,-0.04848366,2026-03-31,2026-08-01,83,4123,1621,124,0.669355,0.205295,0.230786,0.106918,,,,,,,,GLOBAL_BASELINE_NO_ENTITY_RANKING,,,NOT_APPLICABLE_GLOBAL_BASELINE,HF9g-P5,,,,X 全窗基线 · 不参与实体赏罚,15055527,1506,A168_HF9F_20260827_0900,2026-08-27 09:00:00
2026-05-18,92755421,2250,0,5887.9242304656,3354.3804262036,3354.3804262036,0.8333333,8,6,0.49641686311250050,0.420879666667,1.6505892599071699,2.0463853345343064,1.6505892599071699,0.07553719644550050,ELIGIBLE,R03b_20260811_FULL_v1,L1_ELIGIBILITY,v2026-08-11,2026-03-21..2026-08-06,baccarat_bet02_101_all_pairs_incl_sentinel,round_win = game_pnl > 0 (decisive only),COMPATIBILITY_ONLY_NOT_PRODUCTION,2500103.8841,2280641.3266,9883.8276,11764,10369,-0.00395337,-0.05088190,-0.00239824,-0.00395337,-9883.8276,2500103.8841,OK,0.0000,395.3531,4.0000,96.0000,AG03-UNRESOLVED,ALL5_LEVELS_bet23_to_bet27,395.3531,395.3531,395.3531,395.3531,395.3531,4.000000,4.000000,4.000000,4.000000,4.000000,96.000000,96.000000,96.000000,96.000000,96.000000,5.0,1976.7655,1824.8244,7907.0621,8059.0032,PENDING_AG03,FALSE,NOT_FOR_ENFORCEMENT,9488.4745,2189415.6736,9883.8276,9488.4745,395.3531,0.00395337,0.00379523,395.3531,9488.4745,0.00379523,395.3531,395.3531,395.3531,395.3531,395.3531,9488.4745,0.00379523,1976.7655,1824.8244,7907.0621,8059.0032,0.00316269,0.00322347,0.00015813,212.5216,219.9480,0.9532,119.0823,2.3972,30121.7335,124.9277,49.0469,238.9093,36.5364,75.9244,374.9013,749.8027,789.266,1183.8989,75.8035,-1.1839,10.395423,15.593133,2.799122,29,215,300,5,0.03207536,0.00395337,0.05088190,0E-8,0.000000,0.912219,0.000000,-0.04848366,2026-03-31,2026-08-01,83,4123,1621,124,0.669355,0.205295,0.230786,0.106918,,,,,,,,GLOBAL_BASELINE_NO_ENTITY_RANKING,,,NOT_APPLICABLE_GLOBAL_BASELINE,HF9g-P5,,,,X 全窗基线 · 不参与实体赏罚,15055528,1506,A168_HF9F_20260827_0900,2026-08-27 09:00:00
2026-05-18,92755421,2252,0,1578.5319652722,-39.4632991318,-39.4632991318,0.5000000,2,2,0.50665070000000000,0.506650700000,-0.018812684590367487,-0.018812684590367487,-0.018812684590367487,0E-17,ELIGIBLE,R03b_20260811_FULL_v1,L1_ELIGIBILITY,v2026-08-11,2026-03-21..2026-08-06,baccarat_bet02_101_all_pairs_incl_sentinel,round_win = game_pnl > 0 (decisive only),COMPATIBILITY_ONLY_NOT_PRODUCTION,2500103.8841,2280641.3266,9883.8276,11764,10369,-0.00395337,-0.05088190,-0.00239824,-0.00395337,-9883.8276,2500103.8841,OK,0.0000,395.3531,4.0000,96.0000,AG03-UNRESOLVED,ALL5_LEVELS_bet23_to_bet27,395.3531,395.3531,395.3531,395.3531,395.3531,4.000000,4.000000,4.000000,4.000000,4.000000,96.000000,96.000000,96.000000,96.000000,96.000000,5.0,1976.7655,1824.8244,7907.0621,8059.0032,PENDING_AG03,FALSE,NOT_FOR_ENFORCEMENT,9488.4745,2189415.6736,9883.8276,9488.4745,395.3531,0.00395337,0.00379523,395.3531,9488.4745,0.00379523,395.3531,395.3531,395.3531,395.3531,395.3531,9488.4745,0.00379523,1976.7655,1824.8244,7907.0621,8059.0032,0.00316269,0.00322347,0.00015813,212.5216,219.9480,0.9532,119.0823,2.3972,30121.7335,124.9277,49.0469,238.9093,36.5364,75.9244,374.9013,749.8027,789.266,1183.8989,75.8035,-1.1839,10.395423,15.593133,2.799122,29,215,300,5,0.03207536,0.00395337,0.05088190,0E-8,0.000000,0.912219,0.000000,-0.04848366,2026-03-31,2026-08-01,83,4123,1621,124,0.669355,0.205295,0.230786,0.106918,,,,,,,,GLOBAL_BASELINE_NO_ENTITY_RANKING,,,NOT_APPLICABLE_GLOBAL_BASELINE,HF9g-P5,,,,X 全窗基线 · 不参与实体赏罚,15055529,1506,A168_HF9F_20260827_0900,2026-08-27 09:00:00
2026-05-18,92755421,2254,0,1750.1973164956,-595.8958168902,-595.8958168902,0.3333333,4,3,0.49485354323859390,0.418645466667,-0.5595520614063476,-0.29952129269995326,-0.5595520614063476,0.07620807657159390,ELIGIBLE,R03b_20260811_FULL_v1,L1_ELIGIBILITY,v2026-08-11,2026-03-21..2026-08-06,baccarat_bet02_101_all_pairs_incl_sentinel,round_win = game_pnl > 0 (decisive only),COMPATIBILITY_ONLY_NOT_PRODUCTION,2500103.8841,2280641.3266,9883.8276,11764,10369,-0.00395337,-0.05088190,-0.00239824,-0.00395337,-9883.8276,2500103.8841,OK,0.0000,395.3531,4.0000,96.0000,AG03-UNRESOLVED,ALL5_LEVELS_bet23_to_bet27,395.3531,395.3531,395.3531,395.3531,395.3531,4.000000,4.000000,4.000000,4.000000,4.000000,96.000000,96.000000,96.000000,96.000000,96.000000,5.0,1976.7655,1824.8244,7907.0621,8059.0032,PENDING_AG03,FALSE,NOT_FOR_ENFORCEMENT,9488.4745,2189415.6736,9883.8276,9488.4745,395.3531,0.00395337,0.00379523,395.3531,9488.4745,0.00379523,395.3531,395.3531,395.3531,395.3531,395.3531,9488.4745,0.00379523,1976.7655,1824.8244,7907.0621,8059.0032,0.00316269,0.00322347,0.00015813,212.5216,219.9480,0.9532,119.0823,2.3972,30121.7335,124.9277,49.0469,238.9093,36.5364,75.9244,374.9013,749.8027,789.266,1183.8989,75.8035,-1.1839,10.395423,15.593133,2.799122,29,215,300,5,0.03207536,0.00395337,0.05088190,0E-8,0.000000,0.912219,0.000000,-0.04848366,2026-03-31,2026-08-01,83,4123,1621,124,0.669355,0.205295,0.230786,0.106918,,,,,,,,GLOBAL_BASELINE_NO_ENTITY_RANKING,,,NOT_APPLICABLE_GLOBAL_BASELINE,HF9g-P5,,,,X 全窗基线 · 不参与实体赏罚,15055530,1506,A168_HF9F_20260827_0900,2026-08-27 09:00:00
2026-05-18,92755421,2256,0,5238.7529597473,1341.7521704814,1341.7521704814,0.6666667,8,6,0.49753407173235645,0.420879666667,0.8285871899347166,1.2194700953535174,0.8285871899347166,0.07665440506535645,ELIGIBLE,R03b_20260811_FULL_v1,L1_ELIGIBILITY,v2026-08-11,2026-03-21..2026-08-06,baccarat_bet02_101_all_pairs_incl_sentinel,round_win = game_pnl > 0 (decisive only),COMPATIBILITY_ONLY_NOT_PRODUCTION,2500103.8841,2280641.3266,9883.8276,11764,10369,-0.00395337,-0.05088190,-0.00239824,-0.00395337,-9883.8276,2500103.8841,OK,0.0000,395.3531,4.0000,96.0000,AG03-UNRESOLVED,ALL5_LEVELS_bet23_to_bet27,395.3531,395.3531,395.3531,395.3531,395.3531,4.000000,4.000000,4.000000,4.000000,4.000000,96.000000,96.000000,96.000000,96.000000,96.000000,5.0,1976.7655,1824.8244,7907.0621,8059.0032,PENDING_AG03,FALSE,NOT_FOR_ENFORCEMENT,9488.4745,2189415.6736,9883.8276,9488.4745,395.3531,0.00395337,0.00379523,395.3531,9488.4745,0.00379523,395.3531,395.3531,395.3531,395.3531,395.3531,9488.4745,0.00379523,1976.7655,1824.8244,7907.0621,8059.0032,0.00316269,0.00322347,0.00015813,212.5216,219.9480,0.9532,119.0823,2.3972,30121.7335,124.9277,49.0469,238.9093,36.5364,75.9244,374.9013,749.8027,789.266,1183.8989,75.8035,-1.1839,10.395423,15.593133,2.799122,29,215,300,5,0.03207536,0.00395337,0.05088190,0E-8,0.000000,0.912219,0.000000,-0.04848366,2026-03-31,2026-08-01,83,4123,1621,124,0.669355,0.205295,0.230786,0.106918,,,,,,,,GLOBAL_BASELINE_NO_ENTITY_RANKING,,,NOT_APPLICABLE_GLOBAL_BASELINE,HF9g-P5,,,,X 全窗基线 · 不参与实体赏罚,15055531,1506,A168_HF9F_20260827_0900,2026-08-27 09:00:00
2026-05-18,92755421,2258,0,3157.0639305445,-1578.5319652723,-1578.5319652723,0.3333333,3,3,0.50218230000000000,0.502182300000,-0.5849155494134425,-0.5849155494134426,-0.5849155494134425,0E-17,ELIGIBLE,R03b_20260811_FULL_v1,L1_ELIGIBILITY,v2026-08-11,2026-03-21..2026-08-06,baccarat_bet02_101_all_pairs_incl_sentinel,round_win = game_pnl > 0 (decisive only),COMPATIBILITY_ONLY_NOT_PRODUCTION,2500103.8841,2280641.3266,9883.8276,11764,10369,-0.00395337,-0.05088190,-0.00239824,-0.00395337,-9883.8276,2500103.8841,OK,0.0000,395.3531,4.0000,96.0000,AG03-UNRESOLVED,ALL5_LEVELS_bet23_to_bet27,395.3531,395.3531,395.3531,395.3531,395.3531,4.000000,4.000000,4.000000,4.000000,4.000000,96.000000,96.000000,96.000000,96.000000,96.000000,5.0,1976.7655,1824.8244,7907.0621,8059.0032,PENDING_AG03,FALSE,NOT_FOR_ENFORCEMENT,9488.4745,2189415.6736,9883.8276,9488.4745,395.3531,0.00395337,0.00379523,395.3531,9488.4745,0.00379523,395.3531,395.3531,395.3531,395.3531,395.3531,9488.4745,0.00379523,1976.7655,1824.8244,7907.0621,8059.0032,0.00316269,0.00322347,0.00015813,212.5216,219.9480,0.9532,119.0823,2.3972,30121.7335,124.9277,49.0469,238.9093,36.5364,75.9244,374.9013,749.8027,789.266,1183.8989,75.8035,-1.1839,10.395423,15.593133,2.799122,29,215,300,5,0.03207536,0.00395337,0.05088190,0E-8,0.000000,0.912219,0.000000,-0.04848366,2026-03-31,2026-08-01,83,4123,1621,124,0.669355,0.205295,0.230786,0.106918,,,,,,,,GLOBAL_BASELINE_NO_ENTITY_RANKING,,,NOT_APPLICABLE_GLOBAL_BASELINE,HF9g-P5,,,,X 全窗基线 · 不参与实体赏罚,15055532,1506,A168_HF9F_20260827_0900,2026-08-27 09:00:00
2026-05-18,92755421,2266,0,5071.0339384372,2209.9447513812,2209.9447513812,0.7500000,6,5,0.49694298140350907,0.451166520000,1.0122469941933818,1.201076079507387,1.0122469941933818,0.04577646140350907,ELIGIBLE,R03b_20260811_FULL_v1,L1_ELIGIBILITY,v2026-08-11,2026-03-21..2026-08-06,baccarat_bet02_101_all_pairs_incl_sentinel,round_win = game_pnl > 0 (decisive only),COMPATIBILITY_ONLY_NOT_PRODUCTION,2500103.8841,2280641.3266,9883.8276,11764,10369,-0.00395337,-0.05088190,-0.00239824,-0.00395337,-9883.8276,2500103.8841,OK,0.0000,395.3531,4.0000,96.0000,AG03-UNRESOLVED,ALL5_LEVELS_bet23_to_bet27,395.3531,395.3531,395.3531,395.3531,395.3531,4.000000,4.000000,4.000000,4.000000,4.000000,96.000000,96.000000,96.000000,96.000000,96.000000,5.0,1976.7655,1824.8244,7907.0621,8059.0032,PENDING_AG03,FALSE,NOT_FOR_ENFORCEMENT,9488.4745,2189415.6736,9883.8276,9488.4745,395.3531,0.00395337,0.00379523,395.3531,9488.4745,0.00379523,395.3531,395.3531,395.3531,395.3531,395.3531,9488.4745,0.00379523,1976.7655,1824.8244,7907.0621,8059.0032,0.00316269,0.00322347,0.00015813,212.5216,219.9480,0.9532,119.0823,2.3972,30121.7335,124.9277,49.0469,238.9093,36.5364,75.9244,374.9013,749.8027,789.266,1183.8989,75.8035,-1.1839,10.395423,15.593133,2.799122,29,215,300,5,0.03207536,0.00395337,0.05088190,0E-8,0.000000,0.912219,0.000000,-0.04848366,2026-03-31,2026-08-01,83,4123,1621,124,0.669355,0.205295,0.230786,0.106918,,,,,,,,GLOBAL_BASELINE_NO_ENTITY_RANKING,,,NOT_APPLICABLE_GLOBAL_BASELINE,HF9g-P5,,,,X 全窗基线 · 不参与实体赏罚,15055533,1506,A168_HF9F_20260827_0900,2026-08-27 09:00:00
2026-05-18,92755421,2271,0,1183.8989739542,-1183.8989739542,-1183.8989739542,0E-7,1,1,0.49324550000000000,0.493245500000,-0.9865810262130424,-0.9865810262130424,-0.9865810262130424,0E-17,ELIGIBLE,R03b_20260811_FULL_v1,L1_ELIGIBILITY,v2026-08-11,2026-03-21..2026-08-06,baccarat_bet02_101_all_pairs_incl_sentinel,round_win = game_pnl > 0 (decisive only),COMPATIBILITY_ONLY_NOT_PRODUCTION,2500103.8841,2280641.3266,9883.8276,11764,10369,-0.00395337,-0.05088190,-0.00239824,-0.00395337,-9883.8276,2500103.8841,OK,0.0000,395.3531,4.0000,96.0000,AG03-UNRESOLVED,ALL5_LEVELS_bet23_to_bet27,395.3531,395.3531,395.3531,395.3531,395.3531,4.000000,4.000000,4.000000,4.000000,4.000000,96.000000,96.000000,96.000000,96.000000,96.000000,5.0,1976.7655,1824.8244,7907.0621,8059.0032,PENDING_AG03,FALSE,NOT_FOR_ENFORCEMENT,9488.4745,2189415.6736,9883.8276,9488.4745,395.3531,0.00395337,0.00379523,395.3531,9488.4745,0.00379523,395.3531,395.3531,395.3531,395.3531,395.3531,9488.4745,0.00379523,1976.7655,1824.8244,7907.0621,8059.0032,0.00316269,0.00322347,0.00015813,212.5216,219.9480,0.9532,119.0823,2.3972,30121.7335,124.9277,49.0469,238.9093,36.5364,75.9244,374.9013,749.8027,789.266,1183.8989,75.8035,-1.1839,10.395423,15.593133,2.799122,29,215,300,5,0.03207536,0.00395337,0.05088190,0E-8,0.000000,0.912219,0.000000,-0.04848366,2026-03-31,2026-08-01,83,4123,1621,124,0.669355,0.205295,0.230786,0.106918,,,,,,,,GLOBAL_BASELINE_NO_ENTITY_RANKING,,,NOT_APPLICABLE_GLOBAL_BASELINE,HF9g-P5,,,,X 全窗基线 · 不参与实体赏罚,15055534,1506,A168_HF9F_20260827_0900,2026-08-27 09:00:00
2026-05-18,92755421,462,0,1183.8989739542,-1183.8989739542,-1183.8989739542,0E-7,1,1,0.49324550000000000,0.493245500000,-0.9865810262130424,-0.9865810262130424,-0.9865810262130424,0E-17,ELIGIBLE,R03b_20260811_FULL_v1,L1_ELIGIBILITY,v2026-08-11,2026-03-21..2026-08-06,baccarat_bet02_101_all_pairs_incl_sentinel,round_win = game_pnl > 0 (decisive only),COMPATIBILITY_ONLY_NOT_PRODUCTION,2500103.8841,2280641.3266,9883.8276,11764,10369,-0.00395337,-0.05088190,-0.00239824,-0.00395337,-9883.8276,2500103.8841,OK,0.0000,395.3531,4.0000,96.0000,AG03-UNRESOLVED,ALL5_LEVELS_bet23_to_bet27,395.3531,395.3531,395.3531,395.3531,395.3531,4.000000,4.000000,4.000000,4.000000,4.000000,96.000000,96.000000,96.000000,96.000000,96.000000,5.0,1976.7655,1824.8244,7907.0621,8059.0032,PENDING_AG03,FALSE,NOT_FOR_ENFORCEMENT,9488.4745,2189415.6736,9883.8276,9488.4745,395.3531,0.00395337,0.00379523,395.3531,9488.4745,0.00379523,395.3531,395.3531,395.3531,395.3531,395.3531,9488.4745,0.00379523,1976.7655,1824.8244,7907.0621,8059.0032,0.00316269,0.00322347,0.00015813,212.5216,219.9480,0.9532,119.0823,2.3972,30121.7335,124.9277,49.0469,238.9093,36.5364,75.9244,374.9013,749.8027,789.266,1183.8989,75.8035,-1.1839,10.395423,15.593133,2.799122,29,215,300,5,0.03207536,0.00395337,0.05088190,0E-8,0.000000,0.912219,0.000000,-0.04848366,2026-03-31,2026-08-01,83,4123,1621,124,0.669355,0.205295,0.230786,0.106918,,,,,,,,GLOBAL_BASELINE_NO_ENTITY_RANKING,,,NOT_APPLICABLE_GLOBAL_BASELINE,HF9g-P5,,,,X 全窗基线 · 不参与实体赏罚,15055535,1506,A168_HF9F_20260827_0900,2026-08-27 09:00:00
2026-05-18,92755421,526,0,1183.8989739542,-1183.8989739542,-1183.8989739542,0E-7,1,1,0.50665070000000000,0.506650700000,-1.013391052207602,-1.013391052207602,-1.013391052207602,0E-17,ELIGIBLE,R03b_20260811_FULL_v1,L1_ELIGIBILITY,v2026-08-11,2026-03-21..2026-08-06,baccarat_bet02_101_all_pairs_incl_sentinel,round_win = game_pnl > 0 (decisive only),COMPATIBILITY_ONLY_NOT_PRODUCTION,2500103.8841,2280641.3266,9883.8276,11764,10369,-0.00395337,-0.05088190,-0.00239824,-0.00395337,-9883.8276,2500103.8841,OK,0.0000,395.3531,4.0000,96.0000,AG03-UNRESOLVED,ALL5_LEVELS_bet23_to_bet27,395.3531,395.3531,395.3531,395.3531,395.3531,4.000000,4.000000,4.000000,4.000000,4.000000,96.000000,96.000000,96.000000,96.000000,96.000000,5.0,1976.7655,1824.8244,7907.0621,8059.0032,PENDING_AG03,FALSE,NOT_FOR_ENFORCEMENT,9488.4745,2189415.6736,9883.8276,9488.4745,395.3531,0.00395337,0.00379523,395.3531,9488.4745,0.00379523,395.3531,395.3531,395.3531,395.3531,395.3531,9488.4745,0.00379523,1976.7655,1824.8244,7907.0621,8059.0032,0.00316269,0.00322347,0.00015813,212.5216,219.9480,0.9532,119.0823,2.3972,30121.7335,124.9277,49.0469,238.9093,36.5364,75.9244,374.9013,749.8027,789.266,1183.8989,75.8035,-1.1839,10.395423,15.593133,2.799122,29,215,300,5,0.03207536,0.00395337,0.05088190,0E-8,0.000000,0.912219,0.000000,-0.04848366,2026-03-31,2026-08-01,83,4123,1621,124,0.669355,0.205295,0.230786,0.106918,,,,,,,,GLOBAL_BASELINE_NO_ENTITY_RANKING,,,NOT_APPLICABLE_GLOBAL_BASELINE,HF9g-P5,,,,X 全窗基线 · 不参与实体赏罚,15055536,1506,A168_HF9F_20260827_0900,2026-08-27 09:00:00
2026-05-18,92755421,529,0,11689.0292028411,3749.0134175216,3749.0134175216,0.6363636,14,12,0.49778568808206755,0.459296783333,0.9192311316850598,1.1784398842845603,0.9192311316850598,0.03848890474906755,ELIGIBLE,R03b_20260811_FULL_v1,L1_ELIGIBILITY,v2026-08-11,2026-03-21..2026-08-06,baccarat_bet02_101_all_pairs_incl_sentinel,round_win = game_pnl > 0 (decisive only),COMPATIBILITY_ONLY_NOT_PRODUCTION,2500103.8841,2280641.3266,9883.8276,11764,10369,-0.00395337,-0.05088190,-0.00239824,-0.00395337,-9883.8276,2500103.8841,OK,0.0000,395.3531,4.0000,96.0000,AG03-UNRESOLVED,ALL5_LEVELS_bet23_to_bet27,395.3531,395.3531,395.3531,395.3531,395.3531,4.000000,4.000000,4.000000,4.000000,4.000000,96.000000,96.000000,96.000000,96.000000,96.000000,5.0,1976.7655,1824.8244,7907.0621,8059.0032,PENDING_AG03,FALSE,NOT_FOR_ENFORCEMENT,9488.4745,2189415.6736,9883.8276,9488.4745,395.3531,0.00395337,0.00379523,395.3531,9488.4745,0.00379523,395.3531,395.3531,395.3531,395.3531,395.3531,9488.4745,0.00379523,1976.7655,1824.8244,7907.0621,8059.0032,0.00316269,0.00322347,0.00015813,212.5216,219.9480,0.9532,119.0823,2.3972,30121.7335,124.9277,49.0469,238.9093,36.5364,75.9244,374.9013,749.8027,789.266,1183.8989,75.8035,-1.1839,10.395423,15.593133,2.799122,29,215,300,5,0.03207536,0.00395337,0.05088190,0E-8,0.000000,0.912219,0.000000,-0.04848366,2026-03-31,2026-08-01,83,4123,1621,124,0.669355,0.205295,0.230786,0.106918,,,,,,,,GLOBAL_BASELINE_NO_ENTITY_RANKING,,,NOT_APPLICABLE_GLOBAL_BASELINE,HF9g-P5,,,,X 全窗基线 · 不参与实体赏罚,15055537,1506,A168_HF9F_20260827_0900,2026-08-27 09:00:00
2026-05-18,92755421,550,0,2329.9131807420,-1164.9565903710,-1164.9565903710,0E-7,2,2,0.49324550000000000,0.493245500000,-0.9865810262130424,-0.9865810262130424,-0.9865810262130424,0E-17,ELIGIBLE,R03b_20260811_FULL_v1,L1_ELIGIBILITY,v2026-08-11,2026-03-21..2026-08-06,baccarat_bet02_101_all_pairs_incl_sentinel,round_win = game_pnl > 0 (decisive only),COMPATIBILITY_ONLY_NOT_PRODUCTION,2500103.8841,2280641.3266,9883.8276,11764,10369,-0.00395337,-0.05088190,-0.00239824,-0.00395337,-9883.8276,2500103.8841,OK,0.0000,395.3531,4.0000,96.0000,AG03-UNRESOLVED,ALL5_LEVELS_bet23_to_bet27,395.3531,395.3531,395.3531,395.3531,395.3531,4.000000,4.000000,4.000000,4.000000,4.000000,96.000000,96.000000,96.000000,96.000000,96.000000,5.0,1976.7655,1824.8244,7907.0621,8059.0032,PENDING_AG03,FALSE,NOT_FOR_ENFORCEMENT,9488.4745,2189415.6736,9883.8276,9488.4745,395.3531,0.00395337,0.00379523,395.3531,9488.4745,0.00379523,395.3531,395.3531,395.3531,395.3531,395.3531,9488.4745,0.00379523,1976.7655,1824.8244,7907.0621,8059.0032,0.00316269,0.00322347,0.00015813,212.5216,219.9480,0.9532,119.0823,2.3972,30121.7335,124.9277,49.0469,238.9093,36.5364,75.9244,374.9013,749.8027,789.266,1183.8989,75.8035,-1.1839,10.395423,15.593133,2.799122,29,215,300,5,0.03207536,0.00395337,0.05088190,0E-8,0.000000,0.912219,0.000000,-0.04848366,2026-03-31,2026-08-01,83,4123,1621,124,0.669355,0.205295,0.230786,0.106918,,,,,,,,GLOBAL_BASELINE_NO_ENTITY_RANKING,,,NOT_APPLICABLE_GLOBAL_BASELINE,HF9g-P5,,,,X 全窗基线 · 不参与实体赏罚,15055538,1506,A168_HF9F_20260827_0900,2026-08-27 09:00:00
2026-05-18,92755421,595,0,4676.4009471191,0E-10,0E-10,0.5000000,4,4,0.49994810000000000,0.499948100000,0.00020760000111838688,0.00020760000111838688,0.00020760000111838688,0E-17,ELIGIBLE,R03b_20260811_FULL_v1,L1_ELIGIBILITY,v2026-08-11,2026-03-21..2026-08-06,baccarat_bet02_101_all_pairs_incl_sentinel,round_win = game_pnl > 0 (decisive only),COMPATIBILITY_ONLY_NOT_PRODUCTION,2500103.8841,2280641.3266,9883.8276,11764,10369,-0.00395337,-0.05088190,-0.00239824,-0.00395337,-9883.8276,2500103.8841,OK,0.0000,395.3531,4.0000,96.0000,AG03-UNRESOLVED,ALL5_LEVELS_bet23_to_bet27,395.3531,395.3531,395.3531,395.3531,395.3531,4.000000,4.000000,4.000000,4.000000,4.000000,96.000000,96.000000,96.000000,96.000000,96.000000,5.0,1976.7655,1824.8244,7907.0621,8059.0032,PENDING_AG03,FALSE,NOT_FOR_ENFORCEMENT,9488.4745,2189415.6736,9883.8276,9488.4745,395.3531,0.00395337,0.00379523,395.3531,9488.4745,0.00379523,395.3531,395.3531,395.3531,395.3531,395.3531,9488.4745,0.00379523,1976.7655,1824.8244,7907.0621,8059.0032,0.00316269,0.00322347,0.00015813,212.5216,219.9480,0.9532,119.0823,2.3972,30121.7335,124.9277,49.0469,238.9093,36.5364,75.9244,374.9013,749.8027,789.266,1183.8989,75.8035,-1.1839,10.395423,15.593133,2.799122,29,215,300,5,0.03207536,0.00395337,0.05088190,0E-8,0.000000,0.912219,0.000000,-0.04848366,2026-03-31,2026-08-01,83,4123,1621,124,0.669355,0.205295,0.230786,0.106918,,,,,,,,GLOBAL_BASELINE_NO_ENTITY_RANKING,,,NOT_APPLICABLE_GLOBAL_BASELINE,HF9g-P5,,,,X 全窗基线 · 不参与实体赏罚,15055539,1506,A168_HF9F_20260827_0900,2026-08-27 09:00:00
2026-05-18,92755421,763,0,1124.7040252565,-1124.7040252565,-1124.7040252565,0E-7,1,1,0.49324550000000000,0.493245500000,-0.9865810262130424,-0.9865810262130424,-0.9865810262130424,0E-17,ELIGIBLE,R03b_20260811_FULL_v1,L1_ELIGIBILITY,v2026-08-11,2026-03-21..2026-08-06,baccarat_bet02_101_all_pairs_incl_sentinel,round_win = game_pnl > 0 (decisive only),COMPATIBILITY_ONLY_NOT_PRODUCTION,2500103.8841,2280641.3266,9883.8276,11764,10369,-0.00395337,-0.05088190,-0.00239824,-0.00395337,-9883.8276,2500103.8841,OK,0.0000,395.3531,4.0000,96.0000,AG03-UNRESOLVED,ALL5_LEVELS_bet23_to_bet27,395.3531,395.3531,395.3531,395.3531,395.3531,4.000000,4.000000,4.000000,4.000000,4.000000,96.000000,96.000000,96.000000,96.000000,96.000000,5.0,1976.7655,1824.8244,7907.0621,8059.0032,PENDING_AG03,FALSE,NOT_FOR_ENFORCEMENT,9488.4745,2189415.6736,9883.8276,9488.4745,395.3531,0.00395337,0.00379523,395.3531,9488.4745,0.00379523,395.3531,395.3531,395.3531,395.3531,395.3531,9488.4745,0.00379523,1976.7655,1824.8244,7907.0621,8059.0032,0.00316269,0.00322347,0.00015813,212.5216,219.9480,0.9532,119.0823,2.3972,30121.7335,124.9277,49.0469,238.9093,36.5364,75.9244,374.9013,749.8027,789.266,1183.8989,75.8035,-1.1839,10.395423,15.593133,2.799122,29,215,300,5,0.03207536,0.00395337,0.05088190,0E-8,0.000000,0.912219,0.000000,-0.04848366,2026-03-31,2026-08-01,83,4123,1621,124,0.669355,0.205295,0.230786,0.106918,,,,,,,,GLOBAL_BASELINE_NO_ENTITY_RANKING,,,NOT_APPLICABLE_GLOBAL_BASELINE,HF9g-P5,,,,X 全窗基线 · 不参与实体赏罚,15055540,1506,A168_HF9F_20260827_0900,2026-08-27 09:00:00
2026-05-18,92755421,919,0,5445.9352801891,1578.5319652722,1578.5319652722,0.6666667,7,7,0.50090561428571429,0.500905614286,0.8120613271247304,0.8120613271233317,0.8120613271247304,-2.8571E-13,ELIGIBLE,R03b_20260811_FULL_v1,L1_ELIGIBILITY,v2026-08-11,2026-03-21..2026-08-06,baccarat_bet02_101_all_pairs_incl_sentinel,round_win = game_pnl > 0 (decisive only),COMPATIBILITY_ONLY_NOT_PRODUCTION,2500103.8841,2280641.3266,9883.8276,11764,10369,-0.00395337,-0.05088190,-0.00239824,-0.00395337,-9883.8276,2500103.8841,OK,0.0000,395.3531,4.0000,96.0000,AG03-UNRESOLVED,ALL5_LEVELS_bet23_to_bet27,395.3531,395.3531,395.3531,395.3531,395.3531,4.000000,4.000000,4.000000,4.000000,4.000000,96.000000,96.000000,96.000000,96.000000,96.000000,5.0,1976.7655,1824.8244,7907.0621,8059.0032,PENDING_AG03,FALSE,NOT_FOR_ENFORCEMENT,9488.4745,2189415.6736,9883.8276,9488.4745,395.3531,0.00395337,0.00379523,395.3531,9488.4745,0.00379523,395.3531,395.3531,395.3531,395.3531,395.3531,9488.4745,0.00379523,1976.7655,1824.8244,7907.0621,8059.0032,0.00316269,0.00322347,0.00015813,212.5216,219.9480,0.9532,119.0823,2.3972,30121.7335,124.9277,49.0469,238.9093,36.5364,75.9244,374.9013,749.8027,789.266,1183.8989,75.8035,-1.1839,10.395423,15.593133,2.799122,29,215,300,5,0.03207536,0.00395337,0.05088190,0E-8,0.000000,0.912219,0.000000,-0.04848366,2026-03-31,2026-08-01,83,4123,1621,124,0.669355,0.205295,0.230786,0.106918,,,,,,,,GLOBAL_BASELINE_NO_ENTITY_RANKING,,,NOT_APPLICABLE_GLOBAL_BASELINE,HF9g-P5,,,,X 全窗基线 · 不参与实体赏罚,15055541,1506,A168_HF9F_20260827_0900,2026-08-27 09:00:00
2026-05-18,92755421,970,0,986.5824782952,-986.5824782952,-986.5824782952,0E-7,1,1,0.50665070000000000,0.506650700000,-1.013391052207602,-1.013391052207602,-1.013391052207602,0E-17,ELIGIBLE,R03b_20260811_FULL_v1,L1_ELIGIBILITY,v2026-08-11,2026-03-21..2026-08-06,baccarat_bet02_101_all_pairs_incl_sentinel,round_win = game_pnl > 0 (decisive only),COMPATIBILITY_ONLY_NOT_PRODUCTION,2500103.8841,2280641.3266,9883.8276,11764,10369,-0.00395337,-0.05088190,-0.00239824,-0.00395337,-9883.8276,2500103.8841,OK,0.0000,395.3531,4.0000,96.0000,AG03-UNRESOLVED,ALL5_LEVELS_bet23_to_bet27,395.3531,395.3531,395.3531,395.3531,395.3531,4.000000,4.000000,4.000000,4.000000,4.000000,96.000000,96.000000,96.000000,96.000000,96.000000,5.0,1976.7655,1824.8244,7907.0621,8059.0032,PENDING_AG03,FALSE,NOT_FOR_ENFORCEMENT,9488.4745,2189415.6736,9883.8276,9488.4745,395.3531,0.00395337,0.00379523,395.3531,9488.4745,0.00379523,395.3531,395.3531,395.3531,395.3531,395.3531,9488.4745,0.00379523,1976.7655,1824.8244,7907.0621,8059.0032,0.00316269,0.00322347,0.00015813,212.5216,219.9480,0.9532,119.0823,2.3972,30121.7335,124.9277,49.0469,238.9093,36.5364,75.9244,374.9013,749.8027,789.266,1183.8989,75.8035,-1.1839,10.395423,15.593133,2.799122,29,215,300,5,0.03207536,0.00395337,0.05088190,0E-8,0.000000,0.912219,0.000000,-0.04848366,2026-03-31,2026-08-01,83,4123,1621,124,0.669355,0.205295,0.230786,0.106918,,,,,,,,GLOBAL_BASELINE_NO_ENTITY_RANKING,,,NOT_APPLICABLE_GLOBAL_BASELINE,HF9g-P5,,,,X 全窗基线 · 不参与实体赏罚,15055542,1506,A168_HF9F_20260827_0900,2026-08-27 09:00:00
2026-05-18,92755421,987,0,3157.0639305445,-1973.1649565903,-1973.1649565903,0E-7,3,3,0.50665070000000000,0.506650700000,-1.4331513700195317,-1.4331513700195317,-1.4331513700195317,0E-17,ELIGIBLE,R03b_20260811_FULL_v1,L1_ELIGIBILITY,v2026-08-11,2026-03-21..2026-08-06,baccarat_bet02_101_all_pairs_incl_sentinel,round_win = game_pnl > 0 (decisive only),COMPATIBILITY_ONLY_NOT_PRODUCTION,2500103.8841,2280641.3266,9883.8276,11764,10369,-0.00395337,-0.05088190,-0.00239824,-0.00395337,-9883.8276,2500103.8841,OK,0.0000,395.3531,4.0000,96.0000,AG03-UNRESOLVED,ALL5_LEVELS_bet23_to_bet27,395.3531,395.3531,395.3531,395.3531,395.3531,4.000000,4.000000,4.000000,4.000000,4.000000,96.000000,96.000000,96.000000,96.000000,96.000000,5.0,1976.7655,1824.8244,7907.0621,8059.0032,PENDING_AG03,FALSE,NOT_FOR_ENFORCEMENT,9488.4745,2189415.6736,9883.8276,9488.4745,395.3531,0.00395337,0.00379523,395.3531,9488.4745,0.00379523,395.3531,395.3531,395.3531,395.3531,395.3531,9488.4745,0.00379523,1976.7655,1824.8244,7907.0621,8059.0032,0.00316269,0.00322347,0.00015813,212.5216,219.9480,0.9532,119.0823,2.3972,30121.7335,124.9277,49.0469,238.9093,36.5364,75.9244,374.9013,749.8027,789.266,1183.8989,75.8035,-1.1839,10.395423,15.593133,2.799122,29,215,300,5,0.03207536,0.00395337,0.05088190,0E-8,0.000000,0.912219,0.000000,-0.04848366,2026-03-31,2026-08-01,83,4123,1621,124,0.669355,0.205295,0.230786,0.106918,,,,,,,,GLOBAL_BASELINE_NO_ENTITY_RANKING,,,NOT_APPLICABLE_GLOBAL_BASELINE,HF9g-P5,,,,X 全窗基线 · 不参与实体赏罚,15055543,1506,A168_HF9F_20260827_0900,2026-08-27 09:00:00
2026-05-19,92755421,-1,1,52295.5801104957,-1163.9700078924,-1163.9700078924,0.4791667,57,53,0.49952021760150467,0.482425205660,-0.2820272045090064,-0.045179558912612064,-0.2820272045090064,0.01709501194150467,SENTINEL_DEALER,R03b_20260811_FULL_v1,L1_ELIGIBILITY,v2026-08-11,2026-03-21..2026-08-06,baccarat_bet02_101_all_pairs_incl_sentinel,round_win = game_pnl > 0 (decisive only),COMPATIBILITY_ONLY_NOT_PRODUCTION,2500103.8841,2280641.3266,9883.8276,11764,10369,-0.00395337,-0.05088190,-0.00239824,-0.00395337,-9883.8276,2500103.8841,OK,0.0000,395.3531,4.0000,96.0000,AG03-UNRESOLVED,ALL5_LEVELS_bet23_to_bet27,395.3531,395.3531,395.3531,395.3531,395.3531,4.000000,4.000000,4.000000,4.000000,4.000000,96.000000,96.000000,96.000000,96.000000,96.000000,5.0,1976.7655,1824.8244,7907.0621,8059.0032,PENDING_AG03,FALSE,NOT_FOR_ENFORCEMENT,9488.4745,2189415.6736,9883.8276,9488.4745,395.3531,0.00395337,0.00379523,395.3531,9488.4745,0.00379523,395.3531,395.3531,395.3531,395.3531,395.3531,9488.4745,0.00379523,1976.7655,1824.8244,7907.0621,8059.0032,0.00316269,0.00322347,0.00015813,212.5216,219.9480,0.9532,119.0823,2.3972,30121.7335,124.9277,49.0469,238.9093,36.5364,75.9244,374.9013,749.8027,789.266,1183.8989,75.8035,-1.1839,10.395423,15.593133,2.799122,29,215,300,5,0.03207536,0.00395337,0.05088190,0E-8,0.000000,0.912219,0.000000,-0.04848366,2026-03-31,2026-08-01,83,4123,1621,124,0.669355,0.205295,0.230786,0.106918,,,,,,,,GLOBAL_BASELINE_NO_ENTITY_RANKING,,,NOT_APPLICABLE_GLOBAL_BASELINE,HF9g-P5,,,,X 全窗基线 · 不参与实体赏罚,15055544,1506,A168_HF9F_20260827_0900,2026-08-27 09:00:00
2026-05-19,92755421,1004,0,789.2659826361,-789.2659826361,-789.2659826361,0E-7,1,1,0.50665070000000000,0.506650700000,-1.013391052207602,-1.013391052207602,-1.013391052207602,0E-17,ELIGIBLE,R03b_20260811_FULL_v1,L1_ELIGIBILITY,v2026-08-11,2026-03-21..2026-08-06,baccarat_bet02_101_all_pairs_incl_sentinel,round_win = game_pnl > 0 (decisive only),COMPATIBILITY_ONLY_NOT_PRODUCTION,2500103.8841,2280641.3266,9883.8276,11764,10369,-0.00395337,-0.05088190,-0.00239824,-0.00395337,-9883.8276,2500103.8841,OK,0.0000,395.3531,4.0000,96.0000,AG03-UNRESOLVED,ALL5_LEVELS_bet23_to_bet27,395.3531,395.3531,395.3531,395.3531,395.3531,4.000000,4.000000,4.000000,4.000000,4.000000,96.000000,96.000000,96.000000,96.000000,96.000000,5.0,1976.7655,1824.8244,7907.0621,8059.0032,PENDING_AG03,FALSE,NOT_FOR_ENFORCEMENT,9488.4745,2189415.6736,9883.8276,9488.4745,395.3531,0.00395337,0.00379523,395.3531,9488.4745,0.00379523,395.3531,395.3531,395.3531,395.3531,395.3531,9488.4745,0.00379523,1976.7655,1824.8244,7907.0621,8059.0032,0.00316269,0.00322347,0.00015813,212.5216,219.9480,0.9532,119.0823,2.3972,30121.7335,124.9277,49.0469,238.9093,36.5364,75.9244,374.9013,749.8027,789.266,1183.8989,75.8035,-1.1839,10.395423,15.593133,2.799122,29,215,300,5,0.03207536,0.00395337,0.05088190,0E-8,0.000000,0.912219,0.000000,-0.04848366,2026-03-31,2026-08-01,83,4123,1621,124,0.669355,0.205295,0.230786,0.106918,,,,,,,,GLOBAL_BASELINE_NO_ENTITY_RANKING,,,NOT_APPLICABLE_GLOBAL_BASELINE,HF9g-P5,,,,X 全窗基线 · 不参与实体赏罚,15055545,1506,A168_HF9F_20260827_0900,2026-08-27 09:00:00
2026-05-19,92755421,1078,0,3492.5019731649,-1183.8989739542,-1183.8989739542,0.3333333,3,3,0.49771390000000000,0.497713900000,-0.5694369385616226,-0.5694369385616226,-0.5694369385616226,0E-17,ELIGIBLE,R03b_20260811_FULL_v1,L1_ELIGIBILITY,v2026-08-11,2026-03-21..2026-08-06,baccarat_bet02_101_all_pairs_incl_sentinel,round_win = game_pnl > 0 (decisive only),COMPATIBILITY_ONLY_NOT_PRODUCTION,2500103.8841,2280641.3266,9883.8276,11764,10369,-0.00395337,-0.05088190,-0.00239824,-0.00395337,-9883.8276,2500103.8841,OK,0.0000,395.3531,4.0000,96.0000,AG03-UNRESOLVED,ALL5_LEVELS_bet23_to_bet27,395.3531,395.3531,395.3531,395.3531,395.3531,4.000000,4.000000,4.000000,4.000000,4.000000,96.000000,96.000000,96.000000,96.000000,96.000000,5.0,1976.7655,1824.8244,7907.0621,8059.0032,PENDING_AG03,FALSE,NOT_FOR_ENFORCEMENT,9488.4745,2189415.6736,9883.8276,9488.4745,395.3531,0.00395337,0.00379523,395.3531,9488.4745,0.00379523,395.3531,395.3531,395.3531,395.3531,395.3531,9488.4745,0.00379523,1976.7655,1824.8244,7907.0621,8059.0032,0.00316269,0.00322347,0.00015813,212.5216,219.9480,0.9532,119.0823,2.3972,30121.7335,124.9277,49.0469,238.9093,36.5364,75.9244,374.9013,749.8027,789.266,1183.8989,75.8035,-1.1839,10.395423,15.593133,2.799122,29,215,300,5,0.03207536,0.00395337,0.05088190,0E-8,0.000000,0.912219,0.000000,-0.04848366,2026-03-31,2026-08-01,83,4123,1621,124,0.669355,0.205295,0.230786,0.106918,,,,,,,,GLOBAL_BASELINE_NO_ENTITY_RANKING,,,NOT_APPLICABLE_GLOBAL_BASELINE,HF9g-P5,,,,X 全窗基线 · 不参与实体赏罚,15055546,1506,A168_HF9F_20260827_0900,2026-08-27 09:00:00
2026-05-19,92755421,1094,0,3378.0584056827,-1069.4554064720,-1069.4554064720,0.3333333,4,3,0.49713036912668843,0.418645466667,-0.5674189214649977,-0.29952129269995326,-0.5674189214649977,0.07848490245968843,ELIGIBLE,R03b_20260811_FULL_v1,L1_ELIGIBILITY,v2026-08-11,2026-03-21..2026-08-06,baccarat_bet02_101_all_pairs_incl_sentinel,round_win = game_pnl > 0 (decisive only),COMPATIBILITY_ONLY_NOT_PRODUCTION,2500103.8841,2280641.3266,9883.8276,11764,10369,-0.00395337,-0.05088190,-0.00239824,-0.00395337,-9883.8276,2500103.8841,OK,0.0000,395.3531,4.0000,96.0000,AG03-UNRESOLVED,ALL5_LEVELS_bet23_to_bet27,395.3531,395.3531,395.3531,395.3531,395.3531,4.000000,4.000000,4.000000,4.000000,4.000000,96.000000,96.000000,96.000000,96.000000,96.000000,5.0,1976.7655,1824.8244,7907.0621,8059.0032,PENDING_AG03,FALSE,NOT_FOR_ENFORCEMENT,9488.4745,2189415.6736,9883.8276,9488.4745,395.3531,0.00395337,0.00379523,395.3531,9488.4745,0.00379523,395.3531,395.3531,395.3531,395.3531,395.3531,9488.4745,0.00379523,1976.7655,1824.8244,7907.0621,8059.0032,0.00316269,0.00322347,0.00015813,212.5216,219.9480,0.9532,119.0823,2.3972,30121.7335,124.9277,49.0469,238.9093,36.5364,75.9244,374.9013,749.8027,789.266,1183.8989,75.8035,-1.1839,10.395423,15.593133,2.799122,29,215,300,5,0.03207536,0.00395337,0.05088190,0E-8,0.000000,0.912219,0.000000,-0.04848366,2026-03-31,2026-08-01,83,4123,1621,124,0.669355,0.205295,0.230786,0.106918,,,,,,,,GLOBAL_BASELINE_NO_ENTITY_RANKING,,,NOT_APPLICABLE_GLOBAL_BASELINE,HF9g-P5,,,,X 全窗基线 · 不参与实体赏罚,15055547,1506,A168_HF9F_20260827_0900,2026-08-27 09:00:00
2026-05-19,92755421,1115,0,2367.7979479084,-59.1949486977,-59.1949486977,0.5000000,2,2,0.50665070000000000,0.506650700000,-0.018812684590367487,-0.018812684590367487,-0.018812684590367487,0E-17,ELIGIBLE,R03b_20260811_FULL_v1,L1_ELIGIBILITY,v2026-08-11,2026-03-21..2026-08-06,baccarat_bet02_101_all_pairs_incl_sentinel,round_win = game_pnl > 0 (decisive only),COMPATIBILITY_ONLY_NOT_PRODUCTION,2500103.8841,2280641.3266,9883.8276,11764,10369,-0.00395337,-0.05088190,-0.00239824,-0.00395337,-9883.8276,2500103.8841,OK,0.0000,395.3531,4.0000,96.0000,AG03-UNRESOLVED,ALL5_LEVELS_bet23_to_bet27,395.3531,395.3531,395.3531,395.3531,395.3531,4.000000,4.000000,4.000000,4.000000,4.000000,96.000000,96.000000,96.000000,96.000000,96.000000,5.0,1976.7655,1824.8244,7907.0621,8059.0032,PENDING_AG03,FALSE,NOT_FOR_ENFORCEMENT,9488.4745,2189415.6736,9883.8276,9488.4745,395.3531,0.00395337,0.00379523,395.3531,9488.4745,0.00379523,395.3531,395.3531,395.3531,395.3531,395.3531,9488.4745,0.00379523,1976.7655,1824.8244,7907.0621,8059.0032,0.00316269,0.00322347,0.00015813,212.5216,219.9480,0.9532,119.0823,2.3972,30121.7335,124.9277,49.0469,238.9093,36.5364,75.9244,374.9013,749.8027,789.266,1183.8989,75.8035,-1.1839,10.395423,15.593133,2.799122,29,215,300,5,0.03207536,0.00395337,0.05088190,0E-8,0.000000,0.912219,0.000000,-0.04848366,2026-03-31,2026-08-01,83,4123,1621,124,0.669355,0.205295,0.230786,0.106918,,,,,,,,GLOBAL_BASELINE_NO_ENTITY_RANKING,,,NOT_APPLICABLE_GLOBAL_BASELINE,HF9g-P5,,,,X 全窗基线 · 不参与实体赏罚,15055548,1506,A168_HF9F_20260827_0900,2026-08-27 09:00:00
2026-05-19,92755421,1299,0,7026.4404104181,1226.3220205209,1226.3220205209,0.5714286,10,8,0.50196272474268238,0.443998075000,0.3675815419579473,0.6785685132945279,0.3675815419579473,0.05796464974268238,ELIGIBLE,R03b_20260811_FULL_v1,L1_ELIGIBILITY,v2026-08-11,2026-03-21..2026-08-06,baccarat_bet02_101_all_pairs_incl_sentinel,round_win = game_pnl > 0 (decisive only),COMPATIBILITY_ONLY_NOT_PRODUCTION,2500103.8841,2280641.3266,9883.8276,11764,10369,-0.00395337,-0.05088190,-0.00239824,-0.00395337,-9883.8276,2500103.8841,OK,0.0000,395.3531,4.0000,96.0000,AG03-UNRESOLVED,ALL5_LEVELS_bet23_to_bet27,395.3531,395.3531,395.3531,395.3531,395.3531,4.000000,4.000000,4.000000,4.000000,4.000000,96.000000,96.000000,96.000000,96.000000,96.000000,5.0,1976.7655,1824.8244,7907.0621,8059.0032,PENDING_AG03,FALSE,NOT_FOR_ENFORCEMENT,9488.4745,2189415.6736,9883.8276,9488.4745,395.3531,0.00395337,0.00379523,395.3531,9488.4745,0.00379523,395.3531,395.3531,395.3531,395.3531,395.3531,9488.4745,0.00379523,1976.7655,1824.8244,7907.0621,8059.0032,0.00316269,0.00322347,0.00015813,212.5216,219.9480,0.9532,119.0823,2.3972,30121.7335,124.9277,49.0469,238.9093,36.5364,75.9244,374.9013,749.8027,789.266,1183.8989,75.8035,-1.1839,10.395423,15.593133,2.799122,29,215,300,5,0.03207536,0.00395337,0.05088190,0E-8,0.000000,0.912219,0.000000,-0.04848366,2026-03-31,2026-08-01,83,4123,1621,124,0.669355,0.205295,0.230786,0.106918,,,,,,,,GLOBAL_BASELINE_NO_ENTITY_RANKING,,,NOT_APPLICABLE_GLOBAL_BASELINE,HF9g-P5,,,,X 全窗基线 · 不参与实体赏罚,15055549,1506,A168_HF9F_20260827_0900,2026-08-27 09:00:00
2026-05-19,92755421,1353,0,7754.5382793999,710.3393843725,710.3393843725,0.5714286,9,8,0.50039573452380987,0.472810912500,0.3758705604658683,0.5226088463502179,0.3758705604658683,0.02758482202380987,ELIGIBLE,R03b_20260811_FULL_v1,L1_ELIGIBILITY,v2026-08-11,2026-03-21..2026-08-06,baccarat_bet02_101_all_pairs_incl_sentinel,round_win = game_pnl > 0 (decisive only),COMPATIBILITY_ONLY_NOT_PRODUCTION,2500103.8841,2280641.3266,9883.8276,11764,10369,-0.00395337,-0.05088190,-0.00239824,-0.00395337,-9883.8276,2500103.8841,OK,0.0000,395.3531,4.0000,96.0000,AG03-UNRESOLVED,ALL5_LEVELS_bet23_to_bet27,395.3531,395.3531,395.3531,395.3531,395.3531,4.000000,4.000000,4.000000,4.000000,4.000000,96.000000,96.000000,96.000000,96.000000,96.000000,5.0,1976.7655,1824.8244,7907.0621,8059.0032,PENDING_AG03,FALSE,NOT_FOR_ENFORCEMENT,9488.4745,2189415.6736,9883.8276,9488.4745,395.3531,0.00395337,0.00379523,395.3531,9488.4745,0.00379523,395.3531,395.3531,395.3531,395.3531,395.3531,9488.4745,0.00379523,1976.7655,1824.8244,7907.0621,8059.0032,0.00316269,0.00322347,0.00015813,212.5216,219.9480,0.9532,119.0823,2.3972,30121.7335,124.9277,49.0469,238.9093,36.5364,75.9244,374.9013,749.8027,789.266,1183.8989,75.8035,-1.1839,10.395423,15.593133,2.799122,29,215,300,5,0.03207536,0.00395337,0.05088190,0E-8,0.000000,0.912219,0.000000,-0.04848366,2026-03-31,2026-08-01,83,4123,1621,124,0.669355,0.205295,0.230786,0.106918,,,,,,,,GLOBAL_BASELINE_NO_ENTITY_RANKING,,,NOT_APPLICABLE_GLOBAL_BASELINE,HF9g-P5,,,,X 全窗基线 · 不参与实体赏罚,15055550,1506,A168_HF9F_20260827_0900,2026-08-27 09:00:00
2026-05-19,92755421,1385,0,4340.9629044987,-3157.0639305445,-3157.0639305445,0E-7,4,4,0.50329940000000000,0.503299400000,-1.743518224870635,-1.743518224870635,-1.743518224870635,0E-17,ELIGIBLE,R03b_20260811_FULL_v1,L1_ELIGIBILITY,v2026-08-11,2026-03-21..2026-08-06,baccarat_bet02_101_all_pairs_incl_sentinel,round_win = game_pnl > 0 (decisive only),COMPATIBILITY_ONLY_NOT_PRODUCTION,2500103.8841,2280641.3266,9883.8276,11764,10369,-0.00395337,-0.05088190,-0.00239824,-0.00395337,-9883.8276,2500103.8841,OK,0.0000,395.3531,4.0000,96.0000,AG03-UNRESOLVED,ALL5_LEVELS_bet23_to_bet27,395.3531,395.3531,395.3531,395.3531,395.3531,4.000000,4.000000,4.000000,4.000000,4.000000,96.000000,96.000000,96.000000,96.000000,96.000000,5.0,1976.7655,1824.8244,7907.0621,8059.0032,PENDING_AG03,FALSE,NOT_FOR_ENFORCEMENT,9488.4745,2189415.6736,9883.8276,9488.4745,395.3531,0.00395337,0.00379523,395.3531,9488.4745,0.00379523,395.3531,395.3531,395.3531,395.3531,395.3531,9488.4745,0.00379523,1976.7655,1824.8244,7907.0621,8059.0032,0.00316269,0.00322347,0.00015813,212.5216,219.9480,0.9532,119.0823,2.3972,30121.7335,124.9277,49.0469,238.9093,36.5364,75.9244,374.9013,749.8027,789.266,1183.8989,75.8035,-1.1839,10.395423,15.593133,2.799122,29,215,300,5,0.03207536,0.00395337,0.05088190,0E-8,0.000000,0.912219,0.000000,-0.04848366,2026-03-31,2026-08-01,83,4123,1621,124,0.669355,0.205295,0.230786,0.106918,,,,,,,,GLOBAL_BASELINE_NO_ENTITY_RANKING,,,NOT_APPLICABLE_GLOBAL_BASELINE,HF9g-P5,,,,X 全窗基线 · 不参与实体赏罚,15055551,1506,A168_HF9F_20260827_0900,2026-08-27 09:00:00
2026-05-19,92755421,1509,0,8210.3393843722,3713.4964483028,3713.4964483028,0.8000000,11,10,0.49980897665689081,0.476227570000,1.8985748723596838,2.0500350217957584,1.8985748723596838,0.02358140665689081,ELIGIBLE,R03b_20260811_FULL_v1,L1_ELIGIBILITY,v2026-08-11,2026-03-21..2026-08-06,baccarat_bet02_101_all_pairs_incl_sentinel,round_win = game_pnl > 0 (decisive only),COMPATIBILITY_ONLY_NOT_PRODUCTION,2500103.8841,2280641.3266,9883.8276,11764,10369,-0.00395337,-0.05088190,-0.00239824,-0.00395337,-9883.8276,2500103.8841,OK,0.0000,395.3531,4.0000,96.0000,AG03-UNRESOLVED,ALL5_LEVELS_bet23_to_bet27,395.3531,395.3531,395.3531,395.3531,395.3531,4.000000,4.000000,4.000000,4.000000,4.000000,96.000000,96.000000,96.000000,96.000000,96.000000,5.0,1976.7655,1824.8244,7907.0621,8059.0032,PENDING_AG03,FALSE,NOT_FOR_ENFORCEMENT,9488.4745,2189415.6736,9883.8276,9488.4745,395.3531,0.00395337,0.00379523,395.3531,9488.4745,0.00379523,395.3531,395.3531,395.3531,395.3531,395.3531,9488.4745,0.00379523,1976.7655,1824.8244,7907.0621,8059.0032,0.00316269,0.00322347,0.00015813,212.5216,219.9480,0.9532,119.0823,2.3972,30121.7335,124.9277,49.0469,238.9093,36.5364,75.9244,374.9013,749.8027,789.266,1183.8989,75.8035,-1.1839,10.395423,15.593133,2.799122,29,215,300,5,0.03207536,0.00395337,0.05088190,0E-8,0.000000,0.912219,0.000000,-0.04848366,2026-03-31,2026-08-01,83,4123,1621,124,0.669355,0.205295,0.230786,0.106918,,,,,,,,GLOBAL_BASELINE_NO_ENTITY_RANKING,,,NOT_APPLICABLE_GLOBAL_BASELINE,HF9g-P5,,,,X 全窗基线 · 不参与实体赏罚,15055552,1506,A168_HF9F_20260827_0900,2026-08-27 09:00:00
2026-05-19,92755421,1623,0,1617.9952644040,-78.9265982636,-78.9265982636,0.5000000,3,2,0.48865260952381089,0.381345450000,0.032103535595249415,0.3454745057990616,0.032103535595249415,0.10730715952381089,ELIGIBLE,R03b_20260811_FULL_v1,L1_ELIGIBILITY,v2026-08-11,2026-03-21..2026-08-06,baccarat_bet02_101_all_pairs_incl_sentinel,round_win = game_pnl > 0 (decisive only),COMPATIBILITY_ONLY_NOT_PRODUCTION,2500103.8841,2280641.3266,9883.8276,11764,10369,-0.00395337,-0.05088190,-0.00239824,-0.00395337,-9883.8276,2500103.8841,OK,0.0000,395.3531,4.0000,96.0000,AG03-UNRESOLVED,ALL5_LEVELS_bet23_to_bet27,395.3531,395.3531,395.3531,395.3531,395.3531,4.000000,4.000000,4.000000,4.000000,4.000000,96.000000,96.000000,96.000000,96.000000,96.000000,5.0,1976.7655,1824.8244,7907.0621,8059.0032,PENDING_AG03,FALSE,NOT_FOR_ENFORCEMENT,9488.4745,2189415.6736,9883.8276,9488.4745,395.3531,0.00395337,0.00379523,395.3531,9488.4745,0.00379523,395.3531,395.3531,395.3531,395.3531,395.3531,9488.4745,0.00379523,1976.7655,1824.8244,7907.0621,8059.0032,0.00316269,0.00322347,0.00015813,212.5216,219.9480,0.9532,119.0823,2.3972,30121.7335,124.9277,49.0469,238.9093,36.5364,75.9244,374.9013,749.8027,789.266,1183.8989,75.8035,-1.1839,10.395423,15.593133,2.799122,29,215,300,5,0.03207536,0.00395337,0.05088190,0E-8,0.000000,0.912219,0.000000,-0.04848366,2026-03-31,2026-08-01,83,4123,1621,124,0.669355,0.205295,0.230786,0.106918,,,,,,,,GLOBAL_BASELINE_NO_ENTITY_RANKING,,,NOT_APPLICABLE_GLOBAL_BASELINE,HF9g-P5,,,,X 全窗基线 · 不参与实体赏罚,15055553,1506,A168_HF9F_20260827_0900,2026-08-27 09:00:00
2026-05-19,92755421,1702,0,5130.2288871348,2308.6029992107,2308.6029992107,0.7500000,5,5,0.50128862000000000,0.501288620000,0.9948488239810122,0.9948488239810122,0.9948488239810122,0E-17,ELIGIBLE,R03b_20260811_FULL_v1,L1_ELIGIBILITY,v2026-08-11,2026-03-21..2026-08-06,baccarat_bet02_101_all_pairs_incl_sentinel,round_win = game_pnl > 0 (decisive only),COMPATIBILITY_ONLY_NOT_PRODUCTION,2500103.8841,2280641.3266,9883.8276,11764,10369,-0.00395337,-0.05088190,-0.00239824,-0.00395337,-9883.8276,2500103.8841,OK,0.0000,395.3531,4.0000,96.0000,AG03-UNRESOLVED,ALL5_LEVELS_bet23_to_bet27,395.3531,395.3531,395.3531,395.3531,395.3531,4.000000,4.000000,4.000000,4.000000,4.000000,96.000000,96.000000,96.000000,96.000000,96.000000,5.0,1976.7655,1824.8244,7907.0621,8059.0032,PENDING_AG03,FALSE,NOT_FOR_ENFORCEMENT,9488.4745,2189415.6736,9883.8276,9488.4745,395.3531,0.00395337,0.00379523,395.3531,9488.4745,0.00379523,395.3531,395.3531,395.3531,395.3531,395.3531,9488.4745,0.00379523,1976.7655,1824.8244,7907.0621,8059.0032,0.00316269,0.00322347,0.00015813,212.5216,219.9480,0.9532,119.0823,2.3972,30121.7335,124.9277,49.0469,238.9093,36.5364,75.9244,374.9013,749.8027,789.266,1183.8989,75.8035,-1.1839,10.395423,15.593133,2.799122,29,215,300,5,0.03207536,0.00395337,0.05088190,0E-8,0.000000,0.912219,0.000000,-0.04848366,2026-03-31,2026-08-01,83,4123,1621,124,0.669355,0.205295,0.230786,0.106918,,,,,,,,GLOBAL_BASELINE_NO_ENTITY_RANKING,,,NOT_APPLICABLE_GLOBAL_BASELINE,HF9g-P5,,,,X 全窗基线 · 不参与实体赏罚,15055554,1506,A168_HF9F_20260827_0900,2026-08-27 09:00:00
2026-05-19,92755421,1710,0,394.6329913181,-394.6329913181,-394.6329913181,0E-7,1,1,0.49324550000000000,0.493245500000,-0.9865810262130424,-0.9865810262130424,-0.9865810262130424,0E-17,ELIGIBLE,R03b_20260811_FULL_v1,L1_ELIGIBILITY,v2026-08-11,2026-03-21..2026-08-06,baccarat_bet02_101_all_pairs_incl_sentinel,round_win = game_pnl > 0 (decisive only),COMPATIBILITY_ONLY_NOT_PRODUCTION,2500103.8841,2280641.3266,9883.8276,11764,10369,-0.00395337,-0.05088190,-0.00239824,-0.00395337,-9883.8276,2500103.8841,OK,0.0000,395.3531,4.0000,96.0000,AG03-UNRESOLVED,ALL5_LEVELS_bet23_to_bet27,395.3531,395.3531,395.3531,395.3531,395.3531,4.000000,4.000000,4.000000,4.000000,4.000000,96.000000,96.000000,96.000000,96.000000,96.000000,5.0,1976.7655,1824.8244,7907.0621,8059.0032,PENDING_AG03,FALSE,NOT_FOR_ENFORCEMENT,9488.4745,2189415.6736,9883.8276,9488.4745,395.3531,0.00395337,0.00379523,395.3531,9488.4745,0.00379523,395.3531,395.3531,395.3531,395.3531,395.3531,9488.4745,0.00379523,1976.7655,1824.8244,7907.0621,8059.0032,0.00316269,0.00322347,0.00015813,212.5216,219.9480,0.9532,119.0823,2.3972,30121.7335,124.9277,49.0469,238.9093,36.5364,75.9244,374.9013,749.8027,789.266,1183.8989,75.8035,-1.1839,10.395423,15.593133,2.799122,29,215,300,5,0.03207536,0.00395337,0.05088190,0E-8,0.000000,0.912219,0.000000,-0.04848366,2026-03-31,2026-08-01,83,4123,1621,124,0.669355,0.205295,0.230786,0.106918,,,,,,,,GLOBAL_BASELINE_NO_ENTITY_RANKING,,,NOT_APPLICABLE_GLOBAL_BASELINE,HF9g-P5,,,,X 全窗基线 · 不参与实体赏罚,15055555,1506,A168_HF9F_20260827_0900,2026-08-27 09:00:00
2026-05-19,92755421,1963,0,1539.0686661404,0E-10,0E-10,0.5000000,2,2,0.49994810000000000,0.499948100000,0.00014679536856514622,0.00014679536856514622,0.00014679536856514622,0E-17,ELIGIBLE,R03b_20260811_FULL_v1,L1_ELIGIBILITY,v2026-08-11,2026-03-21..2026-08-06,baccarat_bet02_101_all_pairs_incl_sentinel,round_win = game_pnl > 0 (decisive only),COMPATIBILITY_ONLY_NOT_PRODUCTION,2500103.8841,2280641.3266,9883.8276,11764,10369,-0.00395337,-0.05088190,-0.00239824,-0.00395337,-9883.8276,2500103.8841,OK,0.0000,395.3531,4.0000,96.0000,AG03-UNRESOLVED,ALL5_LEVELS_bet23_to_bet27,395.3531,395.3531,395.3531,395.3531,395.3531,4.000000,4.000000,4.000000,4.000000,4.000000,96.000000,96.000000,96.000000,96.000000,96.000000,5.0,1976.7655,1824.8244,7907.0621,8059.0032,PENDING_AG03,FALSE,NOT_FOR_ENFORCEMENT,9488.4745,2189415.6736,9883.8276,9488.4745,395.3531,0.00395337,0.00379523,395.3531,9488.4745,0.00379523,395.3531,395.3531,395.3531,395.3531,395.3531,9488.4745,0.00379523,1976.7655,1824.8244,7907.0621,8059.0032,0.00316269,0.00322347,0.00015813,212.5216,219.9480,0.9532,119.0823,2.3972,30121.7335,124.9277,49.0469,238.9093,36.5364,75.9244,374.9013,749.8027,789.266,1183.8989,75.8035,-1.1839,10.395423,15.593133,2.799122,29,215,300,5,0.03207536,0.00395337,0.05088190,0E-8,0.000000,0.912219,0.000000,-0.04848366,2026-03-31,2026-08-01,83,4123,1621,124,0.669355,0.205295,0.230786,0.106918,,,,,,,,GLOBAL_BASELINE_NO_ENTITY_RANKING,,,NOT_APPLICABLE_GLOBAL_BASELINE,HF9g-P5,,,,X 全窗基线 · 不参与实体赏罚,15055556,1506,A168_HF9F_20260827_0900,2026-08-27 09:00:00
2026-05-19,92755421,1966,0,2367.7979479084,0E-10,0E-10,0.5000000,2,2,0.49994810000000000,0.499948100000,0.00014679536856514622,0.00014679536856514622,0.00014679536856514622,0E-17,ELIGIBLE,R03b_20260811_FULL_v1,L1_ELIGIBILITY,v2026-08-11,2026-03-21..2026-08-06,baccarat_bet02_101_all_pairs_incl_sentinel,round_win = game_pnl > 0 (decisive only),COMPATIBILITY_ONLY_NOT_PRODUCTION,2500103.8841,2280641.3266,9883.8276,11764,10369,-0.00395337,-0.05088190,-0.00239824,-0.00395337,-9883.8276,2500103.8841,OK,0.0000,395.3531,4.0000,96.0000,AG03-UNRESOLVED,ALL5_LEVELS_bet23_to_bet27,395.3531,395.3531,395.3531,395.3531,395.3531,4.000000,4.000000,4.000000,4.000000,4.000000,96.000000,96.000000,96.000000,96.000000,96.000000,5.0,1976.7655,1824.8244,7907.0621,8059.0032,PENDING_AG03,FALSE,NOT_FOR_ENFORCEMENT,9488.4745,2189415.6736,9883.8276,9488.4745,395.3531,0.00395337,0.00379523,395.3531,9488.4745,0.00379523,395.3531,395.3531,395.3531,395.3531,395.3531,9488.4745,0.00379523,1976.7655,1824.8244,7907.0621,8059.0032,0.00316269,0.00322347,0.00015813,212.5216,219.9480,0.9532,119.0823,2.3972,30121.7335,124.9277,49.0469,238.9093,36.5364,75.9244,374.9013,749.8027,789.266,1183.8989,75.8035,-1.1839,10.395423,15.593133,2.799122,29,215,300,5,0.03207536,0.00395337,0.05088190,0E-8,0.000000,0.912219,0.000000,-0.04848366,2026-03-31,2026-08-01,83,4123,1621,124,0.669355,0.205295,0.230786,0.106918,,,,,,,,GLOBAL_BASELINE_NO_ENTITY_RANKING,,,NOT_APPLICABLE_GLOBAL_BASELINE,HF9g-P5,,,,X 全窗基线 · 不参与实体赏罚,15055557,1506,A168_HF9F_20260827_0900,2026-08-27 09:00:00
2026-05-19,92755421,2108,0,789.2659826361,-789.2659826361,-789.2659826361,0E-7,1,1,0.50665070000000000,0.506650700000,-1.013391052207602,-1.013391052207602,-1.013391052207602,0E-17,ELIGIBLE,R03b_20260811_FULL_v1,L1_ELIGIBILITY,v2026-08-11,2026-03-21..2026-08-06,baccarat_bet02_101_all_pairs_incl_sentinel,round_win = game_pnl > 0 (decisive only),COMPATIBILITY_ONLY_NOT_PRODUCTION,2500103.8841,2280641.3266,9883.8276,11764,10369,-0.00395337,-0.05088190,-0.00239824,-0.00395337,-9883.8276,2500103.8841,OK,0.0000,395.3531,4.0000,96.0000,AG03-UNRESOLVED,ALL5_LEVELS_bet23_to_bet27,395.3531,395.3531,395.3531,395.3531,395.3531,4.000000,4.000000,4.000000,4.000000,4.000000,96.000000,96.000000,96.000000,96.000000,96.000000,5.0,1976.7655,1824.8244,7907.0621,8059.0032,PENDING_AG03,FALSE,NOT_FOR_ENFORCEMENT,9488.4745,2189415.6736,9883.8276,9488.4745,395.3531,0.00395337,0.00379523,395.3531,9488.4745,0.00379523,395.3531,395.3531,395.3531,395.3531,395.3531,9488.4745,0.00379523,1976.7655,1824.8244,7907.0621,8059.0032,0.00316269,0.00322347,0.00015813,212.5216,219.9480,0.9532,119.0823,2.3972,30121.7335,124.9277,49.0469,238.9093,36.5364,75.9244,374.9013,749.8027,789.266,1183.8989,75.8035,-1.1839,10.395423,15.593133,2.799122,29,215,300,5,0.03207536,0.00395337,0.05088190,0E-8,0.000000,0.912219,0.000000,-0.04848366,2026-03-31,2026-08-01,83,4123,1621,124,0.669355,0.205295,0.230786,0.106918,,,,,,,,GLOBAL_BASELINE_NO_ENTITY_RANKING,,,NOT_APPLICABLE_GLOBAL_BASELINE,HF9g-P5,,,,X 全窗基线 · 不参与实体赏罚,15055558,1506,A168_HF9F_20260827_0900,2026-08-27 09:00:00
2026-05-19,92755421,2127,0,5741.9100236779,59.1949486977,59.1949486977,0.5000000,5,5,0.50128862000000000,0.501288620000,-0.0051544971185412255,-0.0051544971185412255,-0.0051544971185412255,0E-17,ELIGIBLE,R03b_20260811_FULL_v1,L1_ELIGIBILITY,v2026-08-11,2026-03-21..2026-08-06,baccarat_bet02_101_all_pairs_incl_sentinel,round_win = game_pnl > 0 (decisive only),COMPATIBILITY_ONLY_NOT_PRODUCTION,2500103.8841,2280641.3266,9883.8276,11764,10369,-0.00395337,-0.05088190,-0.00239824,-0.00395337,-9883.8276,2500103.8841,OK,0.0000,395.3531,4.0000,96.0000,AG03-UNRESOLVED,ALL5_LEVELS_bet23_to_bet27,395.3531,395.3531,395.3531,395.3531,395.3531,4.000000,4.000000,4.000000,4.000000,4.000000,96.000000,96.000000,96.000000,96.000000,96.000000,5.0,1976.7655,1824.8244,7907.0621,8059.0032,PENDING_AG03,FALSE,NOT_FOR_ENFORCEMENT,9488.4745,2189415.6736,9883.8276,9488.4745,395.3531,0.00395337,0.00379523,395.3531,9488.4745,0.00379523,395.3531,395.3531,395.3531,395.3531,395.3531,9488.4745,0.00379523,1976.7655,1824.8244,7907.0621,8059.0032,0.00316269,0.00322347,0.00015813,212.5216,219.9480,0.9532,119.0823,2.3972,30121.7335,124.9277,49.0469,238.9093,36.5364,75.9244,374.9013,749.8027,789.266,1183.8989,75.8035,-1.1839,10.395423,15.593133,2.799122,29,215,300,5,0.03207536,0.00395337,0.05088190,0E-8,0.000000,0.912219,0.000000,-0.04848366,2026-03-31,2026-08-01,83,4123,1621,124,0.669355,0.205295,0.230786,0.106918,,,,,,,,GLOBAL_BASELINE_NO_ENTITY_RANKING,,,NOT_APPLICABLE_GLOBAL_BASELINE,HF9g-P5,,,,X 全窗基线 · 不参与实体赏罚,15055559,1506,A168_HF9F_20260827_0900,2026-08-27 09:00:00
2026-05-19,92755421,2130,0,1183.8989739542,-1183.8989739542,-1183.8989739542,0E-7,1,1,0.49324550000000000,0.493245500000,-0.9865810262130424,-0.9865810262130424,-0.9865810262130424,0E-17,ELIGIBLE,R03b_20260811_FULL_v1,L1_ELIGIBILITY,v2026-08-11,2026-03-21..2026-08-06,baccarat_bet02_101_all_pairs_incl_sentinel,round_win = game_pnl > 0 (decisive only),COMPATIBILITY_ONLY_NOT_PRODUCTION,2500103.8841,2280641.3266,9883.8276,11764,10369,-0.00395337,-0.05088190,-0.00239824,-0.00395337,-9883.8276,2500103.8841,OK,0.0000,395.3531,4.0000,96.0000,AG03-UNRESOLVED,ALL5_LEVELS_bet23_to_bet27,395.3531,395.3531,395.3531,395.3531,395.3531,4.000000,4.000000,4.000000,4.000000,4.000000,96.000000,96.000000,96.000000,96.000000,96.000000,5.0,1976.7655,1824.8244,7907.0621,8059.0032,PENDING_AG03,FALSE,NOT_FOR_ENFORCEMENT,9488.4745,2189415.6736,9883.8276,9488.4745,395.3531,0.00395337,0.00379523,395.3531,9488.4745,0.00379523,395.3531,395.3531,395.3531,395.3531,395.3531,9488.4745,0.00379523,1976.7655,1824.8244,7907.0621,8059.0032,0.00316269,0.00322347,0.00015813,212.5216,219.9480,0.9532,119.0823,2.3972,30121.7335,124.9277,49.0469,238.9093,36.5364,75.9244,374.9013,749.8027,789.266,1183.8989,75.8035,-1.1839,10.395423,15.593133,2.799122,29,215,300,5,0.03207536,0.00395337,0.05088190,0E-8,0.000000,0.912219,0.000000,-0.04848366,2026-03-31,2026-08-01,83,4123,1621,124,0.669355,0.205295,0.230786,0.106918,,,,,,,,GLOBAL_BASELINE_NO_ENTITY_RANKING,,,NOT_APPLICABLE_GLOBAL_BASELINE,HF9g-P5,,,,X 全窗基线 · 不参与实体赏罚,15055560,1506,A168_HF9F_20260827_0900,2026-08-27 09:00:00
2026-05-19,92755421,2134,0,1183.8989739542,-1183.8989739542,-1183.8989739542,0E-7,1,1,0.50665070000000000,0.506650700000,-1.013391052207602,-1.013391052207602,-1.013391052207602,0E-17,ELIGIBLE,R03b_20260811_FULL_v1,L1_ELIGIBILITY,v2026-08-11,2026-03-21..2026-08-06,baccarat_bet02_101_all_pairs_incl_sentinel,round_win = game_pnl > 0 (decisive only),COMPATIBILITY_ONLY_NOT_PRODUCTION,2500103.8841,2280641.3266,9883.8276,11764,10369,-0.00395337,-0.05088190,-0.00239824,-0.00395337,-9883.8276,2500103.8841,OK,0.0000,395.3531,4.0000,96.0000,AG03-UNRESOLVED,ALL5_LEVELS_bet23_to_bet27,395.3531,395.3531,395.3531,395.3531,395.3531,4.000000,4.000000,4.000000,4.000000,4.000000,96.000000,96.000000,96.000000,96.000000,96.000000,5.0,1976.7655,1824.8244,7907.0621,8059.0032,PENDING_AG03,FALSE,NOT_FOR_ENFORCEMENT,9488.4745,2189415.6736,9883.8276,9488.4745,395.3531,0.00395337,0.00379523,395.3531,9488.4745,0.00379523,395.3531,395.3531,395.3531,395.3531,395.3531,9488.4745,0.00379523,1976.7655,1824.8244,7907.0621,8059.0032,0.00316269,0.00322347,0.00015813,212.5216,219.9480,0.9532,119.0823,2.3972,30121.7335,124.9277,49.0469,238.9093,36.5364,75.9244,374.9013,749.8027,789.266,1183.8989,75.8035,-1.1839,10.395423,15.593133,2.799122,29,215,300,5,0.03207536,0.00395337,0.05088190,0E-8,0.000000,0.912219,0.000000,-0.04848366,2026-03-31,2026-08-01,83,4123,1621,124,0.669355,0.205295,0.230786,0.106918,,,,,,,,GLOBAL_BASELINE_NO_ENTITY_RANKING,,,NOT_APPLICABLE_GLOBAL_BASELINE,HF9g-P5,,,,X 全窗基线 · 不参与实体赏罚,15055561,1506,A168_HF9F_20260827_0900,2026-08-27 09:00:00
2026-05-19,92755421,2142,0,1183.8989739542,-1183.8989739542,-1183.8989739542,0E-7,1,1,0.50665070000000000,0.506650700000,-1.013391052207602,-1.013391052207602,-1.013391052207602,0E-17,ELIGIBLE,R03b_20260811_FULL_v1,L1_ELIGIBILITY,v2026-08-11,2026-03-21..2026-08-06,baccarat_bet02_101_all_pairs_incl_sentinel,round_win = game_pnl > 0 (decisive only),COMPATIBILITY_ONLY_NOT_PRODUCTION,2500103.8841,2280641.3266,9883.8276,11764,10369,-0.00395337,-0.05088190,-0.00239824,-0.00395337,-9883.8276,2500103.8841,OK,0.0000,395.3531,4.0000,96.0000,AG03-UNRESOLVED,ALL5_LEVELS_bet23_to_bet27,395.3531,395.3531,395.3531,395.3531,395.3531,4.000000,4.000000,4.000000,4.000000,4.000000,96.000000,96.000000,96.000000,96.000000,96.000000,5.0,1976.7655,1824.8244,7907.0621,8059.0032,PENDING_AG03,FALSE,NOT_FOR_ENFORCEMENT,9488.4745,2189415.6736,9883.8276,9488.4745,395.3531,0.00395337,0.00379523,395.3531,9488.4745,0.00379523,395.3531,395.3531,395.3531,395.3531,395.3531,9488.4745,0.00379523,1976.7655,1824.8244,7907.0621,8059.0032,0.00316269,0.00322347,0.00015813,212.5216,219.9480,0.9532,119.0823,2.3972,30121.7335,124.9277,49.0469,238.9093,36.5364,75.9244,374.9013,749.8027,789.266,1183.8989,75.8035,-1.1839,10.395423,15.593133,2.799122,29,215,300,5,0.03207536,0.00395337,0.05088190,0E-8,0.000000,0.912219,0.000000,-0.04848366,2026-03-31,2026-08-01,83,4123,1621,124,0.669355,0.205295,0.230786,0.106918,,,,,,,,GLOBAL_BASELINE_NO_ENTITY_RANKING,,,NOT_APPLICABLE_GLOBAL_BASELINE,HF9g-P5,,,,X 全窗基线 · 不参与实体赏罚,15055562,1506,A168_HF9F_20260827_0900,2026-08-27 09:00:00
2026-05-19,92755421,2145,0,3097.8689818468,-789.2659826361,-789.2659826361,0.3333333,4,3,0.49940796900584845,0.423113866667,-0.57529981695269,-0.31475245706473504,-0.57529981695269,0.07629410233884845,ELIGIBLE,R03b_20260811_FULL_v1,L1_ELIGIBILITY,v2026-08-11,2026-03-21..2026-08-06,baccarat_bet02_101_all_pairs_incl_sentinel,round_win = game_pnl > 0 (decisive only),COMPATIBILITY_ONLY_NOT_PRODUCTION,2500103.8841,2280641.3266,9883.8276,11764,10369,-0.00395337,-0.05088190,-0.00239824,-0.00395337,-9883.8276,2500103.8841,OK,0.0000,395.3531,4.0000,96.0000,AG03-UNRESOLVED,ALL5_LEVELS_bet23_to_bet27,395.3531,395.3531,395.3531,395.3531,395.3531,4.000000,4.000000,4.000000,4.000000,4.000000,96.000000,96.000000,96.000000,96.000000,96.000000,5.0,1976.7655,1824.8244,7907.0621,8059.0032,PENDING_AG03,FALSE,NOT_FOR_ENFORCEMENT,9488.4745,2189415.6736,9883.8276,9488.4745,395.3531,0.00395337,0.00379523,395.3531,9488.4745,0.00379523,395.3531,395.3531,395.3531,395.3531,395.3531,9488.4745,0.00379523,1976.7655,1824.8244,7907.0621,8059.0032,0.00316269,0.00322347,0.00015813,212.5216,219.9480,0.9532,119.0823,2.3972,30121.7335,124.9277,49.0469,238.9093,36.5364,75.9244,374.9013,749.8027,789.266,1183.8989,75.8035,-1.1839,10.395423,15.593133,2.799122,29,215,300,5,0.03207536,0.00395337,0.05088190,0E-8,0.000000,0.912219,0.000000,-0.04848366,2026-03-31,2026-08-01,83,4123,1621,124,0.669355,0.205295,0.230786,0.106918,,,,,,,,GLOBAL_BASELINE_NO_ENTITY_RANKING,,,NOT_APPLICABLE_GLOBAL_BASELINE,HF9g-P5,,,,X 全窗基线 · 不参与实体赏罚,15055563,1506,A168_HF9F_20260827_0900,2026-08-27 09:00:00
2026-05-19,92755421,2167,0,2367.7979479084,-59.1949486977,-59.1949486977,0.5000000,2,2,0.49994810000000000,0.499948100000,0.00014679536856514622,0.00014679536856514622,0.00014679536856514622,0E-17,ELIGIBLE,R03b_20260811_FULL_v1,L1_ELIGIBILITY,v2026-08-11,2026-03-21..2026-08-06,baccarat_bet02_101_all_pairs_incl_sentinel,round_win = game_pnl > 0 (decisive only),COMPATIBILITY_ONLY_NOT_PRODUCTION,2500103.8841,2280641.3266,9883.8276,11764,10369,-0.00395337,-0.05088190,-0.00239824,-0.00395337,-9883.8276,2500103.8841,OK,0.0000,395.3531,4.0000,96.0000,AG03-UNRESOLVED,ALL5_LEVELS_bet23_to_bet27,395.3531,395.3531,395.3531,395.3531,395.3531,4.000000,4.000000,4.000000,4.000000,4.000000,96.000000,96.000000,96.000000,96.000000,96.000000,5.0,1976.7655,1824.8244,7907.0621,8059.0032,PENDING_AG03,FALSE,NOT_FOR_ENFORCEMENT,9488.4745,2189415.6736,9883.8276,9488.4745,395.3531,0.00395337,0.00379523,395.3531,9488.4745,0.00379523,395.3531,395.3531,395.3531,395.3531,395.3531,9488.4745,0.00379523,1976.7655,1824.8244,7907.0621,8059.0032,0.00316269,0.00322347,0.00015813,212.5216,219.9480,0.9532,119.0823,2.3972,30121.7335,124.9277,49.0469,238.9093,36.5364,75.9244,374.9013,749.8027,789.266,1183.8989,75.8035,-1.1839,10.395423,15.593133,2.799122,29,215,300,5,0.03207536,0.00395337,0.05088190,0E-8,0.000000,0.912219,0.000000,-0.04848366,2026-03-31,2026-08-01,83,4123,1621,124,0.669355,0.205295,0.230786,0.106918,,,,,,,,GLOBAL_BASELINE_NO_ENTITY_RANKING,,,NOT_APPLICABLE_GLOBAL_BASELINE,HF9g-P5,,,,X 全窗基线 · 不参与实体赏罚,15055564,1506,A168_HF9F_20260827_0900,2026-08-27 09:00:00
2026-05-19,92755421,2169,0,4696.5272296763,-3156.6890292027,-3156.6890292027,0.2000000,5,5,0.50128862000000000,0.501288620000,-1.347408145195933,-1.347408145195933,-1.347408145195933,0E-17,ELIGIBLE,R03b_20260811_FULL_v1,L1_ELIGIBILITY,v2026-08-11,2026-03-21..2026-08-06,baccarat_bet02_101_all_pairs_incl_sentinel,round_win = game_pnl > 0 (decisive only),COMPATIBILITY_ONLY_NOT_PRODUCTION,2500103.8841,2280641.3266,9883.8276,11764,10369,-0.00395337,-0.05088190,-0.00239824,-0.00395337,-9883.8276,2500103.8841,OK,0.0000,395.3531,4.0000,96.0000,AG03-UNRESOLVED,ALL5_LEVELS_bet23_to_bet27,395.3531,395.3531,395.3531,395.3531,395.3531,4.000000,4.000000,4.000000,4.000000,4.000000,96.000000,96.000000,96.000000,96.000000,96.000000,5.0,1976.7655,1824.8244,7907.0621,8059.0032,PENDING_AG03,FALSE,NOT_FOR_ENFORCEMENT,9488.4745,2189415.6736,9883.8276,9488.4745,395.3531,0.00395337,0.00379523,395.3531,9488.4745,0.00379523,395.3531,395.3531,395.3531,395.3531,395.3531,9488.4745,0.00379523,1976.7655,1824.8244,7907.0621,8059.0032,0.00316269,0.00322347,0.00015813,212.5216,219.9480,0.9532,119.0823,2.3972,30121.7335,124.9277,49.0469,238.9093,36.5364,75.9244,374.9013,749.8027,789.266,1183.8989,75.8035,-1.1839,10.395423,15.593133,2.799122,29,215,300,5,0.03207536,0.00395337,0.05088190,0E-8,0.000000,0.912219,0.000000,-0.04848366,2026-03-31,2026-08-01,83,4123,1621,124,0.669355,0.205295,0.230786,0.106918,,,,,,,,GLOBAL_BASELINE_NO_ENTITY_RANKING,,,NOT_APPLICABLE_GLOBAL_BASELINE,HF9g-P5,,,,X 全窗基线 · 不参与实体赏罚,15055565,1506,A168_HF9F_20260827_0900,2026-08-27 09:00:00
2026-05-19,92755421,2201,0,789.2659826361,-789.2659826361,-789.2659826361,0E-7,1,1,0.50665070000000000,0.506650700000,-1.013391052207602,-1.013391052207602,-1.013391052207602,0E-17,ELIGIBLE,R03b_20260811_FULL_v1,L1_ELIGIBILITY,v2026-08-11,2026-03-21..2026-08-06,baccarat_bet02_101_all_pairs_incl_sentinel,round_win = game_pnl > 0 (decisive only),COMPATIBILITY_ONLY_NOT_PRODUCTION,2500103.8841,2280641.3266,9883.8276,11764,10369,-0.00395337,-0.05088190,-0.00239824,-0.00395337,-9883.8276,2500103.8841,OK,0.0000,395.3531,4.0000,96.0000,AG03-UNRESOLVED,ALL5_LEVELS_bet23_to_bet27,395.3531,395.3531,395.3531,395.3531,395.3531,4.000000,4.000000,4.000000,4.000000,4.000000,96.000000,96.000000,96.000000,96.000000,96.000000,5.0,1976.7655,1824.8244,7907.0621,8059.0032,PENDING_AG03,FALSE,NOT_FOR_ENFORCEMENT,9488.4745,2189415.6736,9883.8276,9488.4745,395.3531,0.00395337,0.00379523,395.3531,9488.4745,0.00379523,395.3531,395.3531,395.3531,395.3531,395.3531,9488.4745,0.00379523,1976.7655,1824.8244,7907.0621,8059.0032,0.00316269,0.00322347,0.00015813,212.5216,219.9480,0.9532,119.0823,2.3972,30121.7335,124.9277,49.0469,238.9093,36.5364,75.9244,374.9013,749.8027,789.266,1183.8989,75.8035,-1.1839,10.395423,15.593133,2.799122,29,215,300,5,0.03207536,0.00395337,0.05088190,0E-8,0.000000,0.912219,0.000000,-0.04848366,2026-03-31,2026-08-01,83,4123,1621,124,0.669355,0.205295,0.230786,0.106918,,,,,,,,GLOBAL_BASELINE_NO_ENTITY_RANKING,,,NOT_APPLICABLE_GLOBAL_BASELINE,HF9g-P5,,,,X 全窗基线 · 不参与实体赏罚,15055566,1506,A168_HF9F_20260827_0900,2026-08-27 09:00:00
2026-05-19,92755421,2209,0,5489.3449092343,-1464.0883977901,-1464.0883977901,0.3333333,7,6,0.49963308632137962,0.460413883333,-0.8146992977020617,-0.6245254227902799,-0.8146992977020617,0.03921920298837962,ELIGIBLE,R03b_20260811_FULL_v1,L1_ELIGIBILITY,v2026-08-11,2026-03-21..2026-08-06,baccarat_bet02_101_all_pairs_incl_sentinel,round_win = game_pnl > 0 (decisive only),COMPATIBILITY_ONLY_NOT_PRODUCTION,2500103.8841,2280641.3266,9883.8276,11764,10369,-0.00395337,-0.05088190,-0.00239824,-0.00395337,-9883.8276,2500103.8841,OK,0.0000,395.3531,4.0000,96.0000,AG03-UNRESOLVED,ALL5_LEVELS_bet23_to_bet27,395.3531,395.3531,395.3531,395.3531,395.3531,4.000000,4.000000,4.000000,4.000000,4.000000,96.000000,96.000000,96.000000,96.000000,96.000000,5.0,1976.7655,1824.8244,7907.0621,8059.0032,PENDING_AG03,FALSE,NOT_FOR_ENFORCEMENT,9488.4745,2189415.6736,9883.8276,9488.4745,395.3531,0.00395337,0.00379523,395.3531,9488.4745,0.00379523,395.3531,395.3531,395.3531,395.3531,395.3531,9488.4745,0.00379523,1976.7655,1824.8244,7907.0621,8059.0032,0.00316269,0.00322347,0.00015813,212.5216,219.9480,0.9532,119.0823,2.3972,30121.7335,124.9277,49.0469,238.9093,36.5364,75.9244,374.9013,749.8027,789.266,1183.8989,75.8035,-1.1839,10.395423,15.593133,2.799122,29,215,300,5,0.03207536,0.00395337,0.05088190,0E-8,0.000000,0.912219,0.000000,-0.04848366,2026-03-31,2026-08-01,83,4123,1621,124,0.669355,0.205295,0.230786,0.106918,,,,,,,,GLOBAL_BASELINE_NO_ENTITY_RANKING,,,NOT_APPLICABLE_GLOBAL_BASELINE,HF9g-P5,,,,X 全窗基线 · 不参与实体赏罚,15055567,1506,A168_HF9F_20260827_0900,2026-08-27 09:00:00
2026-05-19,92755421,2220,0,3512.2336227307,-394.6329913181,-394.6329913181,0.5000000,4,4,0.50329940000000000,0.503299400000,-0.01319788734859681,-0.01319788734859681,-0.01319788734859681,0E-17,ELIGIBLE,R03b_20260811_FULL_v1,L1_ELIGIBILITY,v2026-08-11,2026-03-21..2026-08-06,baccarat_bet02_101_all_pairs_incl_sentinel,round_win = game_pnl > 0 (decisive only),COMPATIBILITY_ONLY_NOT_PRODUCTION,2500103.8841,2280641.3266,9883.8276,11764,10369,-0.00395337,-0.05088190,-0.00239824,-0.00395337,-9883.8276,2500103.8841,OK,0.0000,395.3531,4.0000,96.0000,AG03-UNRESOLVED,ALL5_LEVELS_bet23_to_bet27,395.3531,395.3531,395.3531,395.3531,395.3531,4.000000,4.000000,4.000000,4.000000,4.000000,96.000000,96.000000,96.000000,96.000000,96.000000,5.0,1976.7655,1824.8244,7907.0621,8059.0032,PENDING_AG03,FALSE,NOT_FOR_ENFORCEMENT,9488.4745,2189415.6736,9883.8276,9488.4745,395.3531,0.00395337,0.00379523,395.3531,9488.4745,0.00379523,395.3531,395.3531,395.3531,395.3531,395.3531,9488.4745,0.00379523,1976.7655,1824.8244,7907.0621,8059.0032,0.00316269,0.00322347,0.00015813,212.5216,219.9480,0.9532,119.0823,2.3972,30121.7335,124.9277,49.0469,238.9093,36.5364,75.9244,374.9013,749.8027,789.266,1183.8989,75.8035,-1.1839,10.395423,15.593133,2.799122,29,215,300,5,0.03207536,0.00395337,0.05088190,0E-8,0.000000,0.912219,0.000000,-0.04848366,2026-03-31,2026-08-01,83,4123,1621,124,0.669355,0.205295,0.230786,0.106918,,,,,,,,GLOBAL_BASELINE_NO_ENTITY_RANKING,,,NOT_APPLICABLE_GLOBAL_BASELINE,HF9g-P5,,,,X 全窗基线 · 不参与实体赏罚,15055568,1506,A168_HF9F_20260827_0900,2026-08-27 09:00:00
2026-05-19,92755421,2229,0,808.9976322020,-808.9976322020,-808.9976322020,0E-7,2,1,0.49475275365853806,0.262742800000,-0.9895600011044778,-0.5969746651759844,-0.9895600011044778,0.23200995365853806,ELIGIBLE,R03b_20260811_FULL_v1,L1_ELIGIBILITY,v2026-08-11,2026-03-21..2026-08-06,baccarat_bet02_101_all_pairs_incl_sentinel,round_win = game_pnl > 0 (decisive only),COMPATIBILITY_ONLY_NOT_PRODUCTION,2500103.8841,2280641.3266,9883.8276,11764,10369,-0.00395337,-0.05088190,-0.00239824,-0.00395337,-9883.8276,2500103.8841,OK,0.0000,395.3531,4.0000,96.0000,AG03-UNRESOLVED,ALL5_LEVELS_bet23_to_bet27,395.3531,395.3531,395.3531,395.3531,395.3531,4.000000,4.000000,4.000000,4.000000,4.000000,96.000000,96.000000,96.000000,96.000000,96.000000,5.0,1976.7655,1824.8244,7907.0621,8059.0032,PENDING_AG03,FALSE,NOT_FOR_ENFORCEMENT,9488.4745,2189415.6736,9883.8276,9488.4745,395.3531,0.00395337,0.00379523,395.3531,9488.4745,0.00379523,395.3531,395.3531,395.3531,395.3531,395.3531,9488.4745,0.00379523,1976.7655,1824.8244,7907.0621,8059.0032,0.00316269,0.00322347,0.00015813,212.5216,219.9480,0.9532,119.0823,2.3972,30121.7335,124.9277,49.0469,238.9093,36.5364,75.9244,374.9013,749.8027,789.266,1183.8989,75.8035,-1.1839,10.395423,15.593133,2.799122,29,215,300,5,0.03207536,0.00395337,0.05088190,0E-8,0.000000,0.912219,0.000000,-0.04848366,2026-03-31,2026-08-01,83,4123,1621,124,0.669355,0.205295,0.230786,0.106918,,,,,,,,GLOBAL_BASELINE_NO_ENTITY_RANKING,,,NOT_APPLICABLE_GLOBAL_BASELINE,HF9g-P5,,,,X 全窗基线 · 不参与实体赏罚,15055569,1506,A168_HF9F_20260827_0900,2026-08-27 09:00:00
2026-05-19,92755421,2233,0,5506.7087608522,-3178.3741120757,-3178.3741120757,0.1428571,8,7,0.50102158660496471,0.467976657143,-1.895232049126054,-1.7239101163099917,-1.895232049126054,0.03304492946196471,ELIGIBLE,R03b_20260811_FULL_v1,L1_ELIGIBILITY,v2026-08-11,2026-03-21..2026-08-06,baccarat_bet02_101_all_pairs_incl_sentinel,round_win = game_pnl > 0 (decisive only),COMPATIBILITY_ONLY_NOT_PRODUCTION,2500103.8841,2280641.3266,9883.8276,11764,10369,-0.00395337,-0.05088190,-0.00239824,-0.00395337,-9883.8276,2500103.8841,OK,0.0000,395.3531,4.0000,96.0000,AG03-UNRESOLVED,ALL5_LEVELS_bet23_to_bet27,395.3531,395.3531,395.3531,395.3531,395.3531,4.000000,4.000000,4.000000,4.000000,4.000000,96.000000,96.000000,96.000000,96.000000,96.000000,5.0,1976.7655,1824.8244,7907.0621,8059.0032,PENDING_AG03,FALSE,NOT_FOR_ENFORCEMENT,9488.4745,2189415.6736,9883.8276,9488.4745,395.3531,0.00395337,0.00379523,395.3531,9488.4745,0.00379523,395.3531,395.3531,395.3531,395.3531,395.3531,9488.4745,0.00379523,1976.7655,1824.8244,7907.0621,8059.0032,0.00316269,0.00322347,0.00015813,212.5216,219.9480,0.9532,119.0823,2.3972,30121.7335,124.9277,49.0469,238.9093,36.5364,75.9244,374.9013,749.8027,789.266,1183.8989,75.8035,-1.1839,10.395423,15.593133,2.799122,29,215,300,5,0.03207536,0.00395337,0.05088190,0E-8,0.000000,0.912219,0.000000,-0.04848366,2026-03-31,2026-08-01,83,4123,1621,124,0.669355,0.205295,0.230786,0.106918,,,,,,,,GLOBAL_BASELINE_NO_ENTITY_RANKING,,,NOT_APPLICABLE_GLOBAL_BASELINE,HF9g-P5,,,,X 全窗基线 · 不参与实体赏罚,15055570,1506,A168_HF9F_20260827_0900,2026-08-27 09:00:00
2026-05-19,92755421,2241,0,1819.6527229676,0E-10,0E-10,0.5000000,3,3,0.49771390000000000,0.497713900000,0.006466134837551399,0.0064661348375514,0.006466134837551399,0E-17,ELIGIBLE,R03b_20260811_FULL_v1,L1_ELIGIBILITY,v2026-08-11,2026-03-21..2026-08-06,baccarat_bet02_101_all_pairs_incl_sentinel,round_win = game_pnl > 0 (decisive only),COMPATIBILITY_ONLY_NOT_PRODUCTION,2500103.8841,2280641.3266,9883.8276,11764,10369,-0.00395337,-0.05088190,-0.00239824,-0.00395337,-9883.8276,2500103.8841,OK,0.0000,395.3531,4.0000,96.0000,AG03-UNRESOLVED,ALL5_LEVELS_bet23_to_bet27,395.3531,395.3531,395.3531,395.3531,395.3531,4.000000,4.000000,4.000000,4.000000,4.000000,96.000000,96.000000,96.000000,96.000000,96.000000,5.0,1976.7655,1824.8244,7907.0621,8059.0032,PENDING_AG03,FALSE,NOT_FOR_ENFORCEMENT,9488.4745,2189415.6736,9883.8276,9488.4745,395.3531,0.00395337,0.00379523,395.3531,9488.4745,0.00379523,395.3531,395.3531,395.3531,395.3531,395.3531,9488.4745,0.00379523,1976.7655,1824.8244,7907.0621,8059.0032,0.00316269,0.00322347,0.00015813,212.5216,219.9480,0.9532,119.0823,2.3972,30121.7335,124.9277,49.0469,238.9093,36.5364,75.9244,374.9013,749.8027,789.266,1183.8989,75.8035,-1.1839,10.395423,15.593133,2.799122,29,215,300,5,0.03207536,0.00395337,0.05088190,0E-8,0.000000,0.912219,0.000000,-0.04848366,2026-03-31,2026-08-01,83,4123,1621,124,0.669355,0.205295,0.230786,0.106918,,,,,,,,GLOBAL_BASELINE_NO_ENTITY_RANKING,,,NOT_APPLICABLE_GLOBAL_BASELINE,HF9g-P5,,,,X 全窗基线 · 不参与实体赏罚,15055571,1506,A168_HF9F_20260827_0900,2026-08-27 09:00:00
2026-05-19,92755421,763,0,1183.8989739542,-1183.8989739542,-1183.8989739542,0E-7,1,1,0.49324550000000000,0.493245500000,-0.9865810262130424,-0.9865810262130424,-0.9865810262130424,0E-17,ELIGIBLE,R03b_20260811_FULL_v1,L1_ELIGIBILITY,v2026-08-11,2026-03-21..2026-08-06,baccarat_bet02_101_all_pairs_incl_sentinel,round_win = game_pnl > 0 (decisive only),COMPATIBILITY_ONLY_NOT_PRODUCTION,2500103.8841,2280641.3266,9883.8276,11764,10369,-0.00395337,-0.05088190,-0.00239824,-0.00395337,-9883.8276,2500103.8841,OK,0.0000,395.3531,4.0000,96.0000,AG03-UNRESOLVED,ALL5_LEVELS_bet23_to_bet27,395.3531,395.3531,395.3531,395.3531,395.3531,4.000000,4.000000,4.000000,4.000000,4.000000,96.000000,96.000000,96.000000,96.000000,96.000000,5.0,1976.7655,1824.8244,7907.0621,8059.0032,PENDING_AG03,FALSE,NOT_FOR_ENFORCEMENT,9488.4745,2189415.6736,9883.8276,9488.4745,395.3531,0.00395337,0.00379523,395.3531,9488.4745,0.00379523,395.3531,395.3531,395.3531,395.3531,395.3531,9488.4745,0.00379523,1976.7655,1824.8244,7907.0621,8059.0032,0.00316269,0.00322347,0.00015813,212.5216,219.9480,0.9532,119.0823,2.3972,30121.7335,124.9277,49.0469,238.9093,36.5364,75.9244,374.9013,749.8027,789.266,1183.8989,75.8035,-1.1839,10.395423,15.593133,2.799122,29,215,300,5,0.03207536,0.00395337,0.05088190,0E-8,0.000000,0.912219,0.000000,-0.04848366,2026-03-31,2026-08-01,83,4123,1621,124,0.669355,0.205295,0.230786,0.106918,,,,,,,,GLOBAL_BASELINE_NO_ENTITY_RANKING,,,NOT_APPLICABLE_GLOBAL_BASELINE,HF9g-P5,,,,X 全窗基线 · 不参与实体赏罚,15055572,1506,A168_HF9F_20260827_0900,2026-08-27 09:00:00
2026-05-19,92755421,987,0,5649.1712707182,1045.7774269929,1045.7774269929,0.6000000,6,5,0.49369603808318050,0.448485480000,0.47544355994207776,0.681218741353117,0.47544355994207776,0.04521055808318050,ELIGIBLE,R03b_20260811_FULL_v1,L1_ELIGIBILITY,v2026-08-11,2026-03-21..2026-08-06,baccarat_bet02_101_all_pairs_incl_sentinel,round_win = game_pnl > 0 (decisive only),COMPATIBILITY_ONLY_NOT_PRODUCTION,2500103.8841,2280641.3266,9883.8276,11764,10369,-0.00395337,-0.05088190,-0.00239824,-0.00395337,-9883.8276,2500103.8841,OK,0.0000,395.3531,4.0000,96.0000,AG03-UNRESOLVED,ALL5_LEVELS_bet23_to_bet27,395.3531,395.3531,395.3531,395.3531,395.3531,4.000000,4.000000,4.000000,4.000000,4.000000,96.000000,96.000000,96.000000,96.000000,96.000000,5.0,1976.7655,1824.8244,7907.0621,8059.0032,PENDING_AG03,FALSE,NOT_FOR_ENFORCEMENT,9488.4745,2189415.6736,9883.8276,9488.4745,395.3531,0.00395337,0.00379523,395.3531,9488.4745,0.00379523,395.3531,395.3531,395.3531,395.3531,395.3531,9488.4745,0.00379523,1976.7655,1824.8244,7907.0621,8059.0032,0.00316269,0.00322347,0.00015813,212.5216,219.9480,0.9532,119.0823,2.3972,30121.7335,124.9277,49.0469,238.9093,36.5364,75.9244,374.9013,749.8027,789.266,1183.8989,75.8035,-1.1839,10.395423,15.593133,2.799122,29,215,300,5,0.03207536,0.00395337,0.05088190,0E-8,0.000000,0.912219,0.000000,-0.04848366,2026-03-31,2026-08-01,83,4123,1621,124,0.669355,0.205295,0.230786,0.106918,,,,,,,,GLOBAL_BASELINE_NO_ENTITY_RANKING,,,NOT_APPLICABLE_GLOBAL_BASELINE,HF9g-P5,,,,X 全窗基线 · 不参与实体赏罚,15055573,1506,A168_HF9F_20260827_0900,2026-08-27 09:00:00
2026-05-20,92755421,-1,1,394.6329913181,-394.6329913181,-394.6329913181,0E-7,1,1,0.50665070000000000,0.506650700000,-1.013391052207602,-1.013391052207602,-1.013391052207602,0E-17,SENTINEL_DEALER,R03b_20260811_FULL_v1,L1_ELIGIBILITY,v2026-08-11,2026-03-21..2026-08-06,baccarat_bet02_101_all_pairs_incl_sentinel,round_win = game_pnl > 0 (decisive only),COMPATIBILITY_ONLY_NOT_PRODUCTION,2500103.8841,2280641.3266,9883.8276,11764,10369,-0.00395337,-0.05088190,-0.00239824,-0.00395337,-9883.8276,2500103.8841,OK,0.0000,395.3531,4.0000,96.0000,AG03-UNRESOLVED,ALL5_LEVELS_bet23_to_bet27,395.3531,395.3531,395.3531,395.3531,395.3531,4.000000,4.000000,4.000000,4.000000,4.000000,96.000000,96.000000,96.000000,96.000000,96.000000,5.0,1976.7655,1824.8244,7907.0621,8059.0032,PENDING_AG03,FALSE,NOT_FOR_ENFORCEMENT,9488.4745,2189415.6736,9883.8276,9488.4745,395.3531,0.00395337,0.00379523,395.3531,9488.4745,0.00379523,395.3531,395.3531,395.3531,395.3531,395.3531,9488.4745,0.00379523,1976.7655,1824.8244,7907.0621,8059.0032,0.00316269,0.00322347,0.00015813,212.5216,219.9480,0.9532,119.0823,2.3972,30121.7335,124.9277,49.0469,238.9093,36.5364,75.9244,374.9013,749.8027,789.266,1183.8989,75.8035,-1.1839,10.395423,15.593133,2.799122,29,215,300,5,0.03207536,0.00395337,0.05088190,0E-8,0.000000,0.912219,0.000000,-0.04848366,2026-03-31,2026-08-01,83,4123,1621,124,0.669355,0.205295,0.230786,0.106918,,,,,,,,GLOBAL_BASELINE_NO_ENTITY_RANKING,,,NOT_APPLICABLE_GLOBAL_BASELINE,HF9g-P5,,,,X 全窗基线 · 不参与实体赏罚,15055574,1506,A168_HF9F_20260827_0900,2026-08-27 09:00:00
2026-05-20,92755421,2246,0,394.6329913181,-394.6329913181,-394.6329913181,0E-7,1,1,0.49324550000000000,0.493245500000,-0.9865810262130424,-0.9865810262130424,-0.9865810262130424,0E-17,ELIGIBLE,R03b_20260811_FULL_v1,L1_ELIGIBILITY,v2026-08-11,2026-03-21..2026-08-06,baccarat_bet02_101_all_pairs_incl_sentinel,round_win = game_pnl > 0 (decisive only),COMPATIBILITY_ONLY_NOT_PRODUCTION,2500103.8841,2280641.3266,9883.8276,11764,10369,-0.00395337,-0.05088190,-0.00239824,-0.00395337,-9883.8276,2500103.8841,OK,0.0000,395.3531,4.0000,96.0000,AG03-UNRESOLVED,ALL5_LEVELS_bet23_to_bet27,395.3531,395.3531,395.3531,395.3531,395.3531,4.000000,4.000000,4.000000,4.000000,4.000000,96.000000,96.000000,96.000000,96.000000,96.000000,5.0,1976.7655,1824.8244,7907.0621,8059.0032,PENDING_AG03,FALSE,NOT_FOR_ENFORCEMENT,9488.4745,2189415.6736,9883.8276,9488.4745,395.3531,0.00395337,0.00379523,395.3531,9488.4745,0.00379523,395.3531,395.3531,395.3531,395.3531,395.3531,9488.4745,0.00379523,1976.7655,1824.8244,7907.0621,8059.0032,0.00316269,0.00322347,0.00015813,212.5216,219.9480,0.9532,119.0823,2.3972,30121.7335,124.9277,49.0469,238.9093,36.5364,75.9244,374.9013,749.8027,789.266,1183.8989,75.8035,-1.1839,10.395423,15.593133,2.799122,29,215,300,5,0.03207536,0.00395337,0.05088190,0E-8,0.000000,0.912219,0.000000,-0.04848366,2026-03-31,2026-08-01,83,4123,1621,124,0.669355,0.205295,0.230786,0.106918,,,,,,,,GLOBAL_BASELINE_NO_ENTITY_RANKING,,,NOT_APPLICABLE_GLOBAL_BASELINE,HF9g-P5,,,,X 全窗基线 · 不参与实体赏罚,15055575,1506,A168_HF9F_20260827_0900,2026-08-27 09:00:00
2026-05-21,92755421,-1,1,426.5982636147,-51.4996053670,-51.4996053670,0.5000000,9,8,0.49482092311321855,0.467783962500,0.029298854894440285,0.18262089750770313,0.029298854894440285,0.02703696061321855,SENTINEL_DEALER,R03b_20260811_FULL_v1,L1_ELIGIBILITY,v2026-08-11,2026-03-21..2026-08-06,baccarat_bet02_101_all_pairs_incl_sentinel,round_win = game_pnl > 0 (decisive only),COMPATIBILITY_ONLY_NOT_PRODUCTION,2500103.8841,2280641.3266,9883.8276,11764,10369,-0.00395337,-0.05088190,-0.00239824,-0.00395337,-9883.8276,2500103.8841,OK,0.0000,395.3531,4.0000,96.0000,AG03-UNRESOLVED,ALL5_LEVELS_bet23_to_bet27,395.3531,395.3531,395.3531,395.3531,395.3531,4.000000,4.000000,4.000000,4.000000,4.000000,96.000000,96.000000,96.000000,96.000000,96.000000,5.0,1976.7655,1824.8244,7907.0621,8059.0032,PENDING_AG03,FALSE,NOT_FOR_ENFORCEMENT,9488.4745,2189415.6736,9883.8276,9488.4745,395.3531,0.00395337,0.00379523,395.3531,9488.4745,0.00379523,395.3531,395.3531,395.3531,395.3531,395.3531,9488.4745,0.00379523,1976.7655,1824.8244,7907.0621,8059.0032,0.00316269,0.00322347,0.00015813,212.5216,219.9480,0.9532,119.0823,2.3972,30121.7335,124.9277,49.0469,238.9093,36.5364,75.9244,374.9013,749.8027,789.266,1183.8989,75.8035,-1.1839,10.395423,15.593133,2.799122,29,215,300,5,0.03207536,0.00395337,0.05088190,0E-8,0.000000,0.912219,0.000000,-0.04848366,2026-03-31,2026-08-01,83,4123,1621,124,0.669355,0.205295,0.230786,0.106918,,,,,,,,GLOBAL_BASELINE_NO_ENTITY_RANKING,,,NOT_APPLICABLE_GLOBAL_BASELINE,HF9g-P5,,,,X 全窗基线 · 不参与实体赏罚,15055576,1506,A168_HF9F_20260827_0900,2026-08-27 09:00:00
2026-05-21,92755421,1957,0,157.8531965272,-78.9265982636,-78.9265982636,0E-7,2,2,0.49324550000000000,0.493245500000,-0.9865810262130424,-0.9865810262130424,-0.9865810262130424,0E-17,ELIGIBLE,R03b_20260811_FULL_v1,L1_ELIGIBILITY,v2026-08-11,2026-03-21..2026-08-06,baccarat_bet02_101_all_pairs_incl_sentinel,round_win = game_pnl > 0 (decisive only),COMPATIBILITY_ONLY_NOT_PRODUCTION,2500103.8841,2280641.3266,9883.8276,11764,10369,-0.00395337,-0.05088190,-0.00239824,-0.00395337,-9883.8276,2500103.8841,OK,0.0000,395.3531,4.0000,96.0000,AG03-UNRESOLVED,ALL5_LEVELS_bet23_to_bet27,395.3531,395.3531,395.3531,395.3531,395.3531,4.000000,4.000000,4.000000,4.000000,4.000000,96.000000,96.000000,96.000000,96.000000,96.000000,5.0,1976.7655,1824.8244,7907.0621,8059.0032,PENDING_AG03,FALSE,NOT_FOR_ENFORCEMENT,9488.4745,2189415.6736,9883.8276,9488.4745,395.3531,0.00395337,0.00379523,395.3531,9488.4745,0.00379523,395.3531,395.3531,395.3531,395.3531,395.3531,9488.4745,0.00379523,1976.7655,1824.8244,7907.0621,8059.0032,0.00316269,0.00322347,0.00015813,212.5216,219.9480,0.9532,119.0823,2.3972,30121.7335,124.9277,49.0469,238.9093,36.5364,75.9244,374.9013,749.8027,789.266,1183.8989,75.8035,-1.1839,10.395423,15.593133,2.799122,29,215,300,5,0.03207536,0.00395337,0.05088190,0E-8,0.000000,0.912219,0.000000,-0.04848366,2026-03-31,2026-08-01,83,4123,1621,124,0.669355,0.205295,0.230786,0.106918,,,,,,,,GLOBAL_BASELINE_NO_ENTITY_RANKING,,,NOT_APPLICABLE_GLOBAL_BASELINE,HF9g-P5,,,,X 全窗基线 · 不参与实体赏罚,15055577,1506,A168_HF9F_20260827_0900,2026-08-27 09:00:00
2026-05-21,92755421,2169,0,29.9921073402,-29.9921073402,-29.9921073402,0E-7,1,1,0.49324550000000000,0.493245500000,-0.9865810262130424,-0.9865810262130424,-0.9865810262130424,0E-17,ELIGIBLE,R03b_20260811_FULL_v1,L1_ELIGIBILITY,v2026-08-11,2026-03-21..2026-08-06,baccarat_bet02_101_all_pairs_incl_sentinel,round_win = game_pnl > 0 (decisive only),COMPATIBILITY_ONLY_NOT_PRODUCTION,2500103.8841,2280641.3266,9883.8276,11764,10369,-0.00395337,-0.05088190,-0.00239824,-0.00395337,-9883.8276,2500103.8841,OK,0.0000,395.3531,4.0000,96.0000,AG03-UNRESOLVED,ALL5_LEVELS_bet23_to_bet27,395.3531,395.3531,395.3531,395.3531,395.3531,4.000000,4.000000,4.000000,4.000000,4.000000,96.000000,96.000000,96.000000,96.000000,96.000000,5.0,1976.7655,1824.8244,7907.0621,8059.0032,PENDING_AG03,FALSE,NOT_FOR_ENFORCEMENT,9488.4745,2189415.6736,9883.8276,9488.4745,395.3531,0.00395337,0.00379523,395.3531,9488.4745,0.00379523,395.3531,395.3531,395.3531,395.3531,395.3531,9488.4745,0.00379523,1976.7655,1824.8244,7907.0621,8059.0032,0.00316269,0.00322347,0.00015813,212.5216,219.9480,0.9532,119.0823,2.3972,30121.7335,124.9277,49.0469,238.9093,36.5364,75.9244,374.9013,749.8027,789.266,1183.8989,75.8035,-1.1839,10.395423,15.593133,2.799122,29,215,300,5,0.03207536,0.00395337,0.05088190,0E-8,0.000000,0.912219,0.000000,-0.04848366,2026-03-31,2026-08-01,83,4123,1621,124,0.669355,0.205295,0.230786,0.106918,,,,,,,,GLOBAL_BASELINE_NO_ENTITY_RANKING,,,NOT_APPLICABLE_GLOBAL_BASELINE,HF9g-P5,,,,X 全窗基线 · 不参与实体赏罚,15055578,1506,A168_HF9F_20260827_0900,2026-08-27 09:00:00
2026-05-21,92755421,2241,0,39.4632991318,-39.4632991318,-39.4632991318,0E-7,1,1,0.50665070000000000,0.506650700000,-1.013391052207602,-1.013391052207602,-1.013391052207602,0E-17,ELIGIBLE,R03b_20260811_FULL_v1,L1_ELIGIBILITY,v2026-08-11,2026-03-21..2026-08-06,baccarat_bet02_101_all_pairs_incl_sentinel,round_win = game_pnl > 0 (decisive only),COMPATIBILITY_ONLY_NOT_PRODUCTION,2500103.8841,2280641.3266,9883.8276,11764,10369,-0.00395337,-0.05088190,-0.00239824,-0.00395337,-9883.8276,2500103.8841,OK,0.0000,395.3531,4.0000,96.0000,AG03-UNRESOLVED,ALL5_LEVELS_bet23_to_bet27,395.3531,395.3531,395.3531,395.3531,395.3531,4.000000,4.000000,4.000000,4.000000,4.000000,96.000000,96.000000,96.000000,96.000000,96.000000,5.0,1976.7655,1824.8244,7907.0621,8059.0032,PENDING_AG03,FALSE,NOT_FOR_ENFORCEMENT,9488.4745,2189415.6736,9883.8276,9488.4745,395.3531,0.00395337,0.00379523,395.3531,9488.4745,0.00379523,395.3531,395.3531,395.3531,395.3531,395.3531,9488.4745,0.00379523,1976.7655,1824.8244,7907.0621,8059.0032,0.00316269,0.00322347,0.00015813,212.5216,219.9480,0.9532,119.0823,2.3972,30121.7335,124.9277,49.0469,238.9093,36.5364,75.9244,374.9013,749.8027,789.266,1183.8989,75.8035,-1.1839,10.395423,15.593133,2.799122,29,215,300,5,0.03207536,0.00395337,0.05088190,0E-8,0.000000,0.912219,0.000000,-0.04848366,2026-03-31,2026-08-01,83,4123,1621,124,0.669355,0.205295,0.230786,0.106918,,,,,,,,GLOBAL_BASELINE_NO_ENTITY_RANKING,,,NOT_APPLICABLE_GLOBAL_BASELINE,HF9g-P5,,,,X 全窗基线 · 不参与实体赏罚,15055579,1506,A168_HF9F_20260827_0900,2026-08-27 09:00:00
2026-05-23,92755421,-1,1,46764.0094711902,-2959.7474348855,-2959.7474348855,0.4791667,52,52,0.50046368461538462,0.500463684615,-0.2951002639902472,-0.29510026398491757,-0.2951002639902472,3.8462E-13,SENTINEL_DEALER,R03b_20260811_FULL_v1,L1_ELIGIBILITY,v2026-08-11,2026-03-21..2026-08-06,baccarat_bet02_101_all_pairs_incl_sentinel,round_win = game_pnl > 0 (decisive only),COMPATIBILITY_ONLY_NOT_PRODUCTION,2500103.8841,2280641.3266,9883.8276,11764,10369,-0.00395337,-0.05088190,-0.00239824,-0.00395337,-9883.8276,2500103.8841,OK,0.0000,395.3531,4.0000,96.0000,AG03-UNRESOLVED,ALL5_LEVELS_bet23_to_bet27,395.3531,395.3531,395.3531,395.3531,395.3531,4.000000,4.000000,4.000000,4.000000,4.000000,96.000000,96.000000,96.000000,96.000000,96.000000,5.0,1976.7655,1824.8244,7907.0621,8059.0032,PENDING_AG03,FALSE,NOT_FOR_ENFORCEMENT,9488.4745,2189415.6736,9883.8276,9488.4745,395.3531,0.00395337,0.00379523,395.3531,9488.4745,0.00379523,395.3531,395.3531,395.3531,395.3531,395.3531,9488.4745,0.00379523,1976.7655,1824.8244,7907.0621,8059.0032,0.00316269,0.00322347,0.00015813,212.5216,219.9480,0.9532,119.0823,2.3972,30121.7335,124.9277,49.0469,238.9093,36.5364,75.9244,374.9013,749.8027,789.266,1183.8989,75.8035,-1.1839,10.395423,15.593133,2.799122,29,215,300,5,0.03207536,0.00395337,0.05088190,0E-8,0.000000,0.912219,0.000000,-0.04848366,2026-03-31,2026-08-01,83,4123,1621,124,0.669355,0.205295,0.230786,0.106918,,,,,,,,GLOBAL_BASELINE_NO_ENTITY_RANKING,,,NOT_APPLICABLE_GLOBAL_BASELINE,HF9g-P5,,,,X 全窗基线 · 不参与实体赏罚,15055580,1506,A168_HF9F_20260827_0900,2026-08-27 09:00:00
2026-05-23,92755421,1094,0,789.2659826362,-394.6329913181,-394.6329913181,0E-7,2,2,0.49324550000000000,0.493245500000,-0.9865810262130424,-0.9865810262130424,-0.9865810262130424,0E-17,ELIGIBLE,R03b_20260811_FULL_v1,L1_ELIGIBILITY,v2026-08-11,2026-03-21..2026-08-06,baccarat_bet02_101_all_pairs_incl_sentinel,round_win = game_pnl > 0 (decisive only),COMPATIBILITY_ONLY_NOT_PRODUCTION,2500103.8841,2280641.3266,9883.8276,11764,10369,-0.00395337,-0.05088190,-0.00239824,-0.00395337,-9883.8276,2500103.8841,OK,0.0000,395.3531,4.0000,96.0000,AG03-UNRESOLVED,ALL5_LEVELS_bet23_to_bet27,395.3531,395.3531,395.3531,395.3531,395.3531,4.000000,4.000000,4.000000,4.000000,4.000000,96.000000,96.000000,96.000000,96.000000,96.000000,5.0,1976.7655,1824.8244,7907.0621,8059.0032,PENDING_AG03,FALSE,NOT_FOR_ENFORCEMENT,9488.4745,2189415.6736,9883.8276,9488.4745,395.3531,0.00395337,0.00379523,395.3531,9488.4745,0.00379523,395.3531,395.3531,395.3531,395.3531,395.3531,9488.4745,0.00379523,1976.7655,1824.8244,7907.0621,8059.0032,0.00316269,0.00322347,0.00015813,212.5216,219.9480,0.9532,119.0823,2.3972,30121.7335,124.9277,49.0469,238.9093,36.5364,75.9244,374.9013,749.8027,789.266,1183.8989,75.8035,-1.1839,10.395423,15.593133,2.799122,29,215,300,5,0.03207536,0.00395337,0.05088190,0E-8,0.000000,0.912219,0.000000,-0.04848366,2026-03-31,2026-08-01,83,4123,1621,124,0.669355,0.205295,0.230786,0.106918,,,,,,,,GLOBAL_BASELINE_NO_ENTITY_RANKING,,,NOT_APPLICABLE_GLOBAL_BASELINE,HF9g-P5,,,,X 全窗基线 · 不参与实体赏罚,15055581,1506,A168_HF9F_20260827_0900,2026-08-27 09:00:00
2026-05-23,92755421,1115,0,5090.7655880030,-394.6329913180,-394.6329913180,0.5000000,8,8,0.49827245000000000,0.498272450000,0.009772556889889069,0.009772556889889069,0.009772556889889069,0E-17,ELIGIBLE,R03b_20260811_FULL_v1,L1_ELIGIBILITY,v2026-08-11,2026-03-21..2026-08-06,baccarat_bet02_101_all_pairs_incl_sentinel,round_win = game_pnl > 0 (decisive only),COMPATIBILITY_ONLY_NOT_PRODUCTION,2500103.8841,2280641.3266,9883.8276,11764,10369,-0.00395337,-0.05088190,-0.00239824,-0.00395337,-9883.8276,2500103.8841,OK,0.0000,395.3531,4.0000,96.0000,AG03-UNRESOLVED,ALL5_LEVELS_bet23_to_bet27,395.3531,395.3531,395.3531,395.3531,395.3531,4.000000,4.000000,4.000000,4.000000,4.000000,96.000000,96.000000,96.000000,96.000000,96.000000,5.0,1976.7655,1824.8244,7907.0621,8059.0032,PENDING_AG03,FALSE,NOT_FOR_ENFORCEMENT,9488.4745,2189415.6736,9883.8276,9488.4745,395.3531,0.00395337,0.00379523,395.3531,9488.4745,0.00379523,395.3531,395.3531,395.3531,395.3531,395.3531,9488.4745,0.00379523,1976.7655,1824.8244,7907.0621,8059.0032,0.00316269,0.00322347,0.00015813,212.5216,219.9480,0.9532,119.0823,2.3972,30121.7335,124.9277,49.0469,238.9093,36.5364,75.9244,374.9013,749.8027,789.266,1183.8989,75.8035,-1.1839,10.395423,15.593133,2.799122,29,215,300,5,0.03207536,0.00395337,0.05088190,0E-8,0.000000,0.912219,0.000000,-0.04848366,2026-03-31,2026-08-01,83,4123,1621,124,0.669355,0.205295,0.230786,0.106918,,,,,,,,GLOBAL_BASELINE_NO_ENTITY_RANKING,,,NOT_APPLICABLE_GLOBAL_BASELINE,HF9g-P5,,,,X 全窗基线 · 不参与实体赏罚,15055582,1506,A168_HF9F_20260827_0900,2026-08-27 09:00:00
2026-05-23,92755421,1363,0,6773.8752959747,2170.4814522494,2170.4814522494,0.6666667,7,6,0.49808934840265042,0.460413883333,0.8258628537017866,1.013609924677443,0.8258628537017866,0.03767546506965042,ELIGIBLE,R03b_20260811_FULL_v1,L1_ELIGIBILITY,v2026-08-11,2026-03-21..2026-08-06,baccarat_bet02_101_all_pairs_incl_sentinel,round_win = game_pnl > 0 (decisive only),COMPATIBILITY_ONLY_NOT_PRODUCTION,2500103.8841,2280641.3266,9883.8276,11764,10369,-0.00395337,-0.05088190,-0.00239824,-0.00395337,-9883.8276,2500103.8841,OK,0.0000,395.3531,4.0000,96.0000,AG03-UNRESOLVED,ALL5_LEVELS_bet23_to_bet27,395.3531,395.3531,395.3531,395.3531,395.3531,4.000000,4.000000,4.000000,4.000000,4.000000,96.000000,96.000000,96.000000,96.000000,96.000000,5.0,1976.7655,1824.8244,7907.0621,8059.0032,PENDING_AG03,FALSE,NOT_FOR_ENFORCEMENT,9488.4745,2189415.6736,9883.8276,9488.4745,395.3531,0.00395337,0.00379523,395.3531,9488.4745,0.00379523,395.3531,395.3531,395.3531,395.3531,395.3531,9488.4745,0.00379523,1976.7655,1824.8244,7907.0621,8059.0032,0.00316269,0.00322347,0.00015813,212.5216,219.9480,0.9532,119.0823,2.3972,30121.7335,124.9277,49.0469,238.9093,36.5364,75.9244,374.9013,749.8027,789.266,1183.8989,75.8035,-1.1839,10.395423,15.593133,2.799122,29,215,300,5,0.03207536,0.00395337,0.05088190,0E-8,0.000000,0.912219,0.000000,-0.04848366,2026-03-31,2026-08-01,83,4123,1621,124,0.669355,0.205295,0.230786,0.106918,,,,,,,,GLOBAL_BASELINE_NO_ENTITY_RANKING,,,NOT_APPLICABLE_GLOBAL_BASELINE,HF9g-P5,,,,X 全窗基线 · 不参与实体赏罚,15055583,1506,A168_HF9F_20260827_0900,2026-08-27 09:00:00
2026-05-23,92755421,1399,0,1156.2746645620,-1156.2746645620,-1156.2746645620,0E-7,1,1,0.50665070000000000,0.506650700000,-1.013391052207602,-1.013391052207602,-1.013391052207602,0E-17,ELIGIBLE,R03b_20260811_FULL_v1,L1_ELIGIBILITY,v2026-08-11,2026-03-21..2026-08-06,baccarat_bet02_101_all_pairs_incl_sentinel,round_win = game_pnl > 0 (decisive only),COMPATIBILITY_ONLY_NOT_PRODUCTION,2500103.8841,2280641.3266,9883.8276,11764,10369,-0.00395337,-0.05088190,-0.00239824,-0.00395337,-9883.8276,2500103.8841,OK,0.0000,395.3531,4.0000,96.0000,AG03-UNRESOLVED,ALL5_LEVELS_bet23_to_bet27,395.3531,395.3531,395.3531,395.3531,395.3531,4.000000,4.000000,4.000000,4.000000,4.000000,96.000000,96.000000,96.000000,96.000000,96.000000,5.0,1976.7655,1824.8244,7907.0621,8059.0032,PENDING_AG03,FALSE,NOT_FOR_ENFORCEMENT,9488.4745,2189415.6736,9883.8276,9488.4745,395.3531,0.00395337,0.00379523,395.3531,9488.4745,0.00379523,395.3531,395.3531,395.3531,395.3531,395.3531,9488.4745,0.00379523,1976.7655,1824.8244,7907.0621,8059.0032,0.00316269,0.00322347,0.00015813,212.5216,219.9480,0.9532,119.0823,2.3972,30121.7335,124.9277,49.0469,238.9093,36.5364,75.9244,374.9013,749.8027,789.266,1183.8989,75.8035,-1.1839,10.395423,15.593133,2.799122,29,215,300,5,0.03207536,0.00395337,0.05088190,0E-8,0.000000,0.912219,0.000000,-0.04848366,2026-03-31,2026-08-01,83,4123,1621,124,0.669355,0.205295,0.230786,0.106918,,,,,,,,GLOBAL_BASELINE_NO_ENTITY_RANKING,,,NOT_APPLICABLE_GLOBAL_BASELINE,HF9g-P5,,,,X 全窗基线 · 不参与实体赏罚,15055584,1506,A168_HF9F_20260827_0900,2026-08-27 09:00:00
2026-05-23,92755421,1405,0,4834.2541436463,986.5824782952,986.5824782952,0.6000000,5,5,0.50128862000000000,0.501288620000,0.4414521777673877,0.4414521777673877,0.4414521777673877,0E-17,ELIGIBLE,R03b_20260811_FULL_v1,L1_ELIGIBILITY,v2026-08-11,2026-03-21..2026-08-06,baccarat_bet02_101_all_pairs_incl_sentinel,round_win = game_pnl > 0 (decisive only),COMPATIBILITY_ONLY_NOT_PRODUCTION,2500103.8841,2280641.3266,9883.8276,11764,10369,-0.00395337,-0.05088190,-0.00239824,-0.00395337,-9883.8276,2500103.8841,OK,0.0000,395.3531,4.0000,96.0000,AG03-UNRESOLVED,ALL5_LEVELS_bet23_to_bet27,395.3531,395.3531,395.3531,395.3531,395.3531,4.000000,4.000000,4.000000,4.000000,4.000000,96.000000,96.000000,96.000000,96.000000,96.000000,5.0,1976.7655,1824.8244,7907.0621,8059.0032,PENDING_AG03,FALSE,NOT_FOR_ENFORCEMENT,9488.4745,2189415.6736,9883.8276,9488.4745,395.3531,0.00395337,0.00379523,395.3531,9488.4745,0.00379523,395.3531,395.3531,395.3531,395.3531,395.3531,9488.4745,0.00379523,1976.7655,1824.8244,7907.0621,8059.0032,0.00316269,0.00322347,0.00015813,212.5216,219.9480,0.9532,119.0823,2.3972,30121.7335,124.9277,49.0469,238.9093,36.5364,75.9244,374.9013,749.8027,789.266,1183.8989,75.8035,-1.1839,10.395423,15.593133,2.799122,29,215,300,5,0.03207536,0.00395337,0.05088190,0E-8,0.000000,0.912219,0.000000,-0.04848366,2026-03-31,2026-08-01,83,4123,1621,124,0.669355,0.205295,0.230786,0.106918,,,,,,,,GLOBAL_BASELINE_NO_ENTITY_RANKING,,,NOT_APPLICABLE_GLOBAL_BASELINE,HF9g-P5,,,,X 全窗基线 · 不参与实体赏罚,15055585,1506,A168_HF9F_20260827_0900,2026-08-27 09:00:00
2026-05-23,92755421,1509,0,3551.6969218626,-2367.7979479084,-2367.7979479084,0E-7,3,3,0.50665070000000000,0.506650700000,-1.4331513700195317,-1.4331513700195317,-1.4331513700195317,0E-17,ELIGIBLE,R03b_20260811_FULL_v1,L1_ELIGIBILITY,v2026-08-11,2026-03-21..2026-08-06,baccarat_bet02_101_all_pairs_incl_sentinel,round_win = game_pnl > 0 (decisive only),COMPATIBILITY_ONLY_NOT_PRODUCTION,2500103.8841,2280641.3266,9883.8276,11764,10369,-0.00395337,-0.05088190,-0.00239824,-0.00395337,-9883.8276,2500103.8841,OK,0.0000,395.3531,4.0000,96.0000,AG03-UNRESOLVED,ALL5_LEVELS_bet23_to_bet27,395.3531,395.3531,395.3531,395.3531,395.3531,4.000000,4.000000,4.000000,4.000000,4.000000,96.000000,96.000000,96.000000,96.000000,96.000000,5.0,1976.7655,1824.8244,7907.0621,8059.0032,PENDING_AG03,FALSE,NOT_FOR_ENFORCEMENT,9488.4745,2189415.6736,9883.8276,9488.4745,395.3531,0.00395337,0.00379523,395.3531,9488.4745,0.00379523,395.3531,395.3531,395.3531,395.3531,395.3531,9488.4745,0.00379523,1976.7655,1824.8244,7907.0621,8059.0032,0.00316269,0.00322347,0.00015813,212.5216,219.9480,0.9532,119.0823,2.3972,30121.7335,124.9277,49.0469,238.9093,36.5364,75.9244,374.9013,749.8027,789.266,1183.8989,75.8035,-1.1839,10.395423,15.593133,2.799122,29,215,300,5,0.03207536,0.00395337,0.05088190,0E-8,0.000000,0.912219,0.000000,-0.04848366,2026-03-31,2026-08-01,83,4123,1621,124,0.669355,0.205295,0.230786,0.106918,,,,,,,,GLOBAL_BASELINE_NO_ENTITY_RANKING,,,NOT_APPLICABLE_GLOBAL_BASELINE,HF9g-P5,,,,X 全窗基线 · 不参与实体赏罚,15055586,1506,A168_HF9F_20260827_0900,2026-08-27 09:00:00
2026-05-23,92755421,1957,0,1578.5319652722,-1578.5319652722,-1578.5319652722,0E-7,2,2,0.49994810000000000,0.499948100000,-1.4140667746232096,-1.4140667746232096,-1.4140667746232096,0E-17,ELIGIBLE,R03b_20260811_FULL_v1,L1_ELIGIBILITY,v2026-08-11,2026-03-21..2026-08-06,baccarat_bet02_101_all_pairs_incl_sentinel,round_win = game_pnl > 0 (decisive only),COMPATIBILITY_ONLY_NOT_PRODUCTION,2500103.8841,2280641.3266,9883.8276,11764,10369,-0.00395337,-0.05088190,-0.00239824,-0.00395337,-9883.8276,2500103.8841,OK,0.0000,395.3531,4.0000,96.0000,AG03-UNRESOLVED,ALL5_LEVELS_bet23_to_bet27,395.3531,395.3531,395.3531,395.3531,395.3531,4.000000,4.000000,4.000000,4.000000,4.000000,96.000000,96.000000,96.000000,96.000000,96.000000,5.0,1976.7655,1824.8244,7907.0621,8059.0032,PENDING_AG03,FALSE,NOT_FOR_ENFORCEMENT,9488.4745,2189415.6736,9883.8276,9488.4745,395.3531,0.00395337,0.00379523,395.3531,9488.4745,0.00379523,395.3531,395.3531,395.3531,395.3531,395.3531,9488.4745,0.00379523,1976.7655,1824.8244,7907.0621,8059.0032,0.00316269,0.00322347,0.00015813,212.5216,219.9480,0.9532,119.0823,2.3972,30121.7335,124.9277,49.0469,238.9093,36.5364,75.9244,374.9013,749.8027,789.266,1183.8989,75.8035,-1.1839,10.395423,15.593133,2.799122,29,215,300,5,0.03207536,0.00395337,0.05088190,0E-8,0.000000,0.912219,0.000000,-0.04848366,2026-03-31,2026-08-01,83,4123,1621,124,0.669355,0.205295,0.230786,0.106918,,,,,,,,GLOBAL_BASELINE_NO_ENTITY_RANKING,,,NOT_APPLICABLE_GLOBAL_BASELINE,HF9g-P5,,,,X 全窗基线 · 不参与实体赏罚,15055587,1506,A168_HF9F_20260827_0900,2026-08-27 09:00:00
2026-05-23,92755421,1966,0,2565.1144435674,-2565.1144435674,-2565.1144435674,0E-7,3,3,0.50665070000000000,0.506650700000,-1.7552447903592512,-1.7552447903592512,-1.7552447903592512,0E-17,ELIGIBLE,R03b_20260811_FULL_v1,L1_ELIGIBILITY,v2026-08-11,2026-03-21..2026-08-06,baccarat_bet02_101_all_pairs_incl_sentinel,round_win = game_pnl > 0 (decisive only),COMPATIBILITY_ONLY_NOT_PRODUCTION,2500103.8841,2280641.3266,9883.8276,11764,10369,-0.00395337,-0.05088190,-0.00239824,-0.00395337,-9883.8276,2500103.8841,OK,0.0000,395.3531,4.0000,96.0000,AG03-UNRESOLVED,ALL5_LEVELS_bet23_to_bet27,395.3531,395.3531,395.3531,395.3531,395.3531,4.000000,4.000000,4.000000,4.000000,4.000000,96.000000,96.000000,96.000000,96.000000,96.000000,5.0,1976.7655,1824.8244,7907.0621,8059.0032,PENDING_AG03,FALSE,NOT_FOR_ENFORCEMENT,9488.4745,2189415.6736,9883.8276,9488.4745,395.3531,0.00395337,0.00379523,395.3531,9488.4745,0.00379523,395.3531,395.3531,395.3531,395.3531,395.3531,9488.4745,0.00379523,1976.7655,1824.8244,7907.0621,8059.0032,0.00316269,0.00322347,0.00015813,212.5216,219.9480,0.9532,119.0823,2.3972,30121.7335,124.9277,49.0469,238.9093,36.5364,75.9244,374.9013,749.8027,789.266,1183.8989,75.8035,-1.1839,10.395423,15.593133,2.799122,29,215,300,5,0.03207536,0.00395337,0.05088190,0E-8,0.000000,0.912219,0.000000,-0.04848366,2026-03-31,2026-08-01,83,4123,1621,124,0.669355,0.205295,0.230786,0.106918,,,,,,,,GLOBAL_BASELINE_NO_ENTITY_RANKING,,,NOT_APPLICABLE_GLOBAL_BASELINE,HF9g-P5,,,,X 全窗基线 · 不参与实体赏罚,15055588,1506,A168_HF9F_20260827_0900,2026-08-27 09:00:00
2026-05-23,92755421,2064,0,1183.8989739542,-1183.8989739542,-1183.8989739542,0E-7,1,1,0.49324550000000000,0.493245500000,-0.9865810262130424,-0.9865810262130424,-0.9865810262130424,0E-17,ELIGIBLE,R03b_20260811_FULL_v1,L1_ELIGIBILITY,v2026-08-11,2026-03-21..2026-08-06,baccarat_bet02_101_all_pairs_incl_sentinel,round_win = game_pnl > 0 (decisive only),COMPATIBILITY_ONLY_NOT_PRODUCTION,2500103.8841,2280641.3266,9883.8276,11764,10369,-0.00395337,-0.05088190,-0.00239824,-0.00395337,-9883.8276,2500103.8841,OK,0.0000,395.3531,4.0000,96.0000,AG03-UNRESOLVED,ALL5_LEVELS_bet23_to_bet27,395.3531,395.3531,395.3531,395.3531,395.3531,4.000000,4.000000,4.000000,4.000000,4.000000,96.000000,96.000000,96.000000,96.000000,96.000000,5.0,1976.7655,1824.8244,7907.0621,8059.0032,PENDING_AG03,FALSE,NOT_FOR_ENFORCEMENT,9488.4745,2189415.6736,9883.8276,9488.4745,395.3531,0.00395337,0.00379523,395.3531,9488.4745,0.00379523,395.3531,395.3531,395.3531,395.3531,395.3531,9488.4745,0.00379523,1976.7655,1824.8244,7907.0621,8059.0032,0.00316269,0.00322347,0.00015813,212.5216,219.9480,0.9532,119.0823,2.3972,30121.7335,124.9277,49.0469,238.9093,36.5364,75.9244,374.9013,749.8027,789.266,1183.8989,75.8035,-1.1839,10.395423,15.593133,2.799122,29,215,300,5,0.03207536,0.00395337,0.05088190,0E-8,0.000000,0.912219,0.000000,-0.04848366,2026-03-31,2026-08-01,83,4123,1621,124,0.669355,0.205295,0.230786,0.106918,,,,,,,,GLOBAL_BASELINE_NO_ENTITY_RANKING,,,NOT_APPLICABLE_GLOBAL_BASELINE,HF9g-P5,,,,X 全窗基线 · 不参与实体赏罚,15055589,1506,A168_HF9F_20260827_0900,2026-08-27 09:00:00
2026-05-23,92755421,2117,0,1578.5319652722,0E-10,0E-10,0.5000000,2,2,0.49994810000000000,0.499948100000,0.00014679536856514622,0.00014679536856514622,0.00014679536856514622,0E-17,ELIGIBLE,R03b_20260811_FULL_v1,L1_ELIGIBILITY,v2026-08-11,2026-03-21..2026-08-06,baccarat_bet02_101_all_pairs_incl_sentinel,round_win = game_pnl > 0 (decisive only),COMPATIBILITY_ONLY_NOT_PRODUCTION,2500103.8841,2280641.3266,9883.8276,11764,10369,-0.00395337,-0.05088190,-0.00239824,-0.00395337,-9883.8276,2500103.8841,OK,0.0000,395.3531,4.0000,96.0000,AG03-UNRESOLVED,ALL5_LEVELS_bet23_to_bet27,395.3531,395.3531,395.3531,395.3531,395.3531,4.000000,4.000000,4.000000,4.000000,4.000000,96.000000,96.000000,96.000000,96.000000,96.000000,5.0,1976.7655,1824.8244,7907.0621,8059.0032,PENDING_AG03,FALSE,NOT_FOR_ENFORCEMENT,9488.4745,2189415.6736,9883.8276,9488.4745,395.3531,0.00395337,0.00379523,395.3531,9488.4745,0.00379523,395.3531,395.3531,395.3531,395.3531,395.3531,9488.4745,0.00379523,1976.7655,1824.8244,7907.0621,8059.0032,0.00316269,0.00322347,0.00015813,212.5216,219.9480,0.9532,119.0823,2.3972,30121.7335,124.9277,49.0469,238.9093,36.5364,75.9244,374.9013,749.8027,789.266,1183.8989,75.8035,-1.1839,10.395423,15.593133,2.799122,29,215,300,5,0.03207536,0.00395337,0.05088190,0E-8,0.000000,0.912219,0.000000,-0.04848366,2026-03-31,2026-08-01,83,4123,1621,124,0.669355,0.205295,0.230786,0.106918,,,,,,,,GLOBAL_BASELINE_NO_ENTITY_RANKING,,,NOT_APPLICABLE_GLOBAL_BASELINE,HF9g-P5,,,,X 全窗基线 · 不参与实体赏罚,15055590,1506,A168_HF9F_20260827_0900,2026-08-27 09:00:00
2026-05-23,92755421,2134,0,2762.4309392267,1973.1649565905,1973.1649565905,0.8571429,7,7,0.49324550000000000,0.493245500000,1.925739544596175,1.9257395445961751,1.925739544596175,0E-17,ELIGIBLE,R03b_20260811_FULL_v1,L1_ELIGIBILITY,v2026-08-11,2026-03-21..2026-08-06,baccarat_bet02_101_all_pairs_incl_sentinel,round_win = game_pnl > 0 (decisive only),COMPATIBILITY_ONLY_NOT_PRODUCTION,2500103.8841,2280641.3266,9883.8276,11764,10369,-0.00395337,-0.05088190,-0.00239824,-0.00395337,-9883.8276,2500103.8841,OK,0.0000,395.3531,4.0000,96.0000,AG03-UNRESOLVED,ALL5_LEVELS_bet23_to_bet27,395.3531,395.3531,395.3531,395.3531,395.3531,4.000000,4.000000,4.000000,4.000000,4.000000,96.000000,96.000000,96.000000,96.000000,96.000000,5.0,1976.7655,1824.8244,7907.0621,8059.0032,PENDING_AG03,FALSE,NOT_FOR_ENFORCEMENT,9488.4745,2189415.6736,9883.8276,9488.4745,395.3531,0.00395337,0.00379523,395.3531,9488.4745,0.00379523,395.3531,395.3531,395.3531,395.3531,395.3531,9488.4745,0.00379523,1976.7655,1824.8244,7907.0621,8059.0032,0.00316269,0.00322347,0.00015813,212.5216,219.9480,0.9532,119.0823,2.3972,30121.7335,124.9277,49.0469,238.9093,36.5364,75.9244,374.9013,749.8027,789.266,1183.8989,75.8035,-1.1839,10.395423,15.593133,2.799122,29,215,300,5,0.03207536,0.00395337,0.05088190,0E-8,0.000000,0.912219,0.000000,-0.04848366,2026-03-31,2026-08-01,83,4123,1621,124,0.669355,0.205295,0.230786,0.106918,,,,,,,,GLOBAL_BASELINE_NO_ENTITY_RANKING,,,NOT_APPLICABLE_GLOBAL_BASELINE,HF9g-P5,,,,X 全窗基线 · 不参与实体赏罚,15055591,1506,A168_HF9F_20260827_0900,2026-08-27 09:00:00
2026-05-23,92755421,2141,0,6079.3212312548,1596.2904498815,1596.2904498815,0.5714286,7,7,0.50090561428571429,0.500905614286,0.3731730247484194,0.373173024746908,0.3731730247484194,-2.8571E-13,ELIGIBLE,R03b_20260811_FULL_v1,L1_ELIGIBILITY,v2026-08-11,2026-03-21..2026-08-06,baccarat_bet02_101_all_pairs_incl_sentinel,round_win = game_pnl > 0 (decisive only),COMPATIBILITY_ONLY_NOT_PRODUCTION,2500103.8841,2280641.3266,9883.8276,11764,10369,-0.00395337,-0.05088190,-0.00239824,-0.00395337,-9883.8276,2500103.8841,OK,0.0000,395.3531,4.0000,96.0000,AG03-UNRESOLVED,ALL5_LEVELS_bet23_to_bet27,395.3531,395.3531,395.3531,395.3531,395.3531,4.000000,4.000000,4.000000,4.000000,4.000000,96.000000,96.000000,96.000000,96.000000,96.000000,5.0,1976.7655,1824.8244,7907.0621,8059.0032,PENDING_AG03,FALSE,NOT_FOR_ENFORCEMENT,9488.4745,2189415.6736,9883.8276,9488.4745,395.3531,0.00395337,0.00379523,395.3531,9488.4745,0.00379523,395.3531,395.3531,395.3531,395.3531,395.3531,9488.4745,0.00379523,1976.7655,1824.8244,7907.0621,8059.0032,0.00316269,0.00322347,0.00015813,212.5216,219.9480,0.9532,119.0823,2.3972,30121.7335,124.9277,49.0469,238.9093,36.5364,75.9244,374.9013,749.8027,789.266,1183.8989,75.8035,-1.1839,10.395423,15.593133,2.799122,29,215,300,5,0.03207536,0.00395337,0.05088190,0E-8,0.000000,0.912219,0.000000,-0.04848366,2026-03-31,2026-08-01,83,4123,1621,124,0.669355,0.205295,0.230786,0.106918,,,,,,,,GLOBAL_BASELINE_NO_ENTITY_RANKING,,,NOT_APPLICABLE_GLOBAL_BASELINE,HF9g-P5,,,,X 全窗基线 · 不参与实体赏罚,15055592,1506,A168_HF9F_20260827_0900,2026-08-27 09:00:00
2026-05-23,92755421,2142,0,2328.3346487766,-18.7450670876,-18.7450670876,0.5000000,4,4,0.49994810000000000,0.499948100000,0.00020760000111838688,0.00020760000111838688,0.00020760000111838688,0E-17,ELIGIBLE,R03b_20260811_FULL_v1,L1_ELIGIBILITY,v2026-08-11,2026-03-21..2026-08-06,baccarat_bet02_101_all_pairs_incl_sentinel,round_win = game_pnl > 0 (decisive only),COMPATIBILITY_ONLY_NOT_PRODUCTION,2500103.8841,2280641.3266,9883.8276,11764,10369,-0.00395337,-0.05088190,-0.00239824,-0.00395337,-9883.8276,2500103.8841,OK,0.0000,395.3531,4.0000,96.0000,AG03-UNRESOLVED,ALL5_LEVELS_bet23_to_bet27,395.3531,395.3531,395.3531,395.3531,395.3531,4.000000,4.000000,4.000000,4.000000,4.000000,96.000000,96.000000,96.000000,96.000000,96.000000,5.0,1976.7655,1824.8244,7907.0621,8059.0032,PENDING_AG03,FALSE,NOT_FOR_ENFORCEMENT,9488.4745,2189415.6736,9883.8276,9488.4745,395.3531,0.00395337,0.00379523,395.3531,9488.4745,0.00379523,395.3531,395.3531,395.3531,395.3531,395.3531,9488.4745,0.00379523,1976.7655,1824.8244,7907.0621,8059.0032,0.00316269,0.00322347,0.00015813,212.5216,219.9480,0.9532,119.0823,2.3972,30121.7335,124.9277,49.0469,238.9093,36.5364,75.9244,374.9013,749.8027,789.266,1183.8989,75.8035,-1.1839,10.395423,15.593133,2.799122,29,215,300,5,0.03207536,0.00395337,0.05088190,0E-8,0.000000,0.912219,0.000000,-0.04848366,2026-03-31,2026-08-01,83,4123,1621,124,0.669355,0.205295,0.230786,0.106918,,,,,,,,GLOBAL_BASELINE_NO_ENTITY_RANKING,,,NOT_APPLICABLE_GLOBAL_BASELINE,HF9g-P5,,,,X 全窗基线 · 不参与实体赏罚,15055593,1506,A168_HF9F_20260827_0900,2026-08-27 09:00:00
2026-05-23,92755421,2156,0,1539.0686661404,0E-10,0E-10,0.5000000,2,2,0.49994810000000000,0.499948100000,0.00014679536856514622,0.00014679536856514622,0.00014679536856514622,0E-17,ELIGIBLE,R03b_20260811_FULL_v1,L1_ELIGIBILITY,v2026-08-11,2026-03-21..2026-08-06,baccarat_bet02_101_all_pairs_incl_sentinel,round_win = game_pnl > 0 (decisive only),COMPATIBILITY_ONLY_NOT_PRODUCTION,2500103.8841,2280641.3266,9883.8276,11764,10369,-0.00395337,-0.05088190,-0.00239824,-0.00395337,-9883.8276,2500103.8841,OK,0.0000,395.3531,4.0000,96.0000,AG03-UNRESOLVED,ALL5_LEVELS_bet23_to_bet27,395.3531,395.3531,395.3531,395.3531,395.3531,4.000000,4.000000,4.000000,4.000000,4.000000,96.000000,96.000000,96.000000,96.000000,96.000000,5.0,1976.7655,1824.8244,7907.0621,8059.0032,PENDING_AG03,FALSE,NOT_FOR_ENFORCEMENT,9488.4745,2189415.6736,9883.8276,9488.4745,395.3531,0.00395337,0.00379523,395.3531,9488.4745,0.00379523,395.3531,395.3531,395.3531,395.3531,395.3531,9488.4745,0.00379523,1976.7655,1824.8244,7907.0621,8059.0032,0.00316269,0.00322347,0.00015813,212.5216,219.9480,0.9532,119.0823,2.3972,30121.7335,124.9277,49.0469,238.9093,36.5364,75.9244,374.9013,749.8027,789.266,1183.8989,75.8035,-1.1839,10.395423,15.593133,2.799122,29,215,300,5,0.03207536,0.00395337,0.05088190,0E-8,0.000000,0.912219,0.000000,-0.04848366,2026-03-31,2026-08-01,83,4123,1621,124,0.669355,0.205295,0.230786,0.106918,,,,,,,,GLOBAL_BASELINE_NO_ENTITY_RANKING,,,NOT_APPLICABLE_GLOBAL_BASELINE,HF9g-P5,,,,X 全窗基线 · 不参与实体赏罚,15055594,1506,A168_HF9F_20260827_0900,2026-08-27 09:00:00
2026-05-23,92755421,2160,0,3827.9400157851,2963.6937647986,2963.6937647986,1.0000000,5,5,0.50128862000000000,0.501288620000,1.9948521450805654,1.9948521450805654,1.9948521450805654,0E-17,ELIGIBLE,R03b_20260811_FULL_v1,L1_ELIGIBILITY,v2026-08-11,2026-03-21..2026-08-06,baccarat_bet02_101_all_pairs_incl_sentinel,round_win = game_pnl > 0 (decisive only),COMPATIBILITY_ONLY_NOT_PRODUCTION,2500103.8841,2280641.3266,9883.8276,11764,10369,-0.00395337,-0.05088190,-0.00239824,-0.00395337,-9883.8276,2500103.8841,OK,0.0000,395.3531,4.0000,96.0000,AG03-UNRESOLVED,ALL5_LEVELS_bet23_to_bet27,395.3531,395.3531,395.3531,395.3531,395.3531,4.000000,4.000000,4.000000,4.000000,4.000000,96.000000,96.000000,96.000000,96.000000,96.000000,5.0,1976.7655,1824.8244,7907.0621,8059.0032,PENDING_AG03,FALSE,NOT_FOR_ENFORCEMENT,9488.4745,2189415.6736,9883.8276,9488.4745,395.3531,0.00395337,0.00379523,395.3531,9488.4745,0.00379523,395.3531,395.3531,395.3531,395.3531,395.3531,9488.4745,0.00379523,1976.7655,1824.8244,7907.0621,8059.0032,0.00316269,0.00322347,0.00015813,212.5216,219.9480,0.9532,119.0823,2.3972,30121.7335,124.9277,49.0469,238.9093,36.5364,75.9244,374.9013,749.8027,789.266,1183.8989,75.8035,-1.1839,10.395423,15.593133,2.799122,29,215,300,5,0.03207536,0.00395337,0.05088190,0E-8,0.000000,0.912219,0.000000,-0.04848366,2026-03-31,2026-08-01,83,4123,1621,124,0.669355,0.205295,0.230786,0.106918,,,,,,,,GLOBAL_BASELINE_NO_ENTITY_RANKING,,,NOT_APPLICABLE_GLOBAL_BASELINE,HF9g-P5,,,,X 全窗基线 · 不参与实体赏罚,15055595,1506,A168_HF9F_20260827_0900,2026-08-27 09:00:00
2026-05-23,92755421,2169,0,2249.4080505129,789.2659826361,789.2659826361,0.6666667,3,3,0.50218230000000000,0.502182300000,0.5697959874915163,0.5697959874915164,0.5697959874915163,0E-17,ELIGIBLE,R03b_20260811_FULL_v1,L1_ELIGIBILITY,v2026-08-11,2026-03-21..2026-08-06,baccarat_bet02_101_all_pairs_incl_sentinel,round_win = game_pnl > 0 (decisive only),COMPATIBILITY_ONLY_NOT_PRODUCTION,2500103.8841,2280641.3266,9883.8276,11764,10369,-0.00395337,-0.05088190,-0.00239824,-0.00395337,-9883.8276,2500103.8841,OK,0.0000,395.3531,4.0000,96.0000,AG03-UNRESOLVED,ALL5_LEVELS_bet23_to_bet27,395.3531,395.3531,395.3531,395.3531,395.3531,4.000000,4.000000,4.000000,4.000000,4.000000,96.000000,96.000000,96.000000,96.000000,96.000000,5.0,1976.7655,1824.8244,7907.0621,8059.0032,PENDING_AG03,FALSE,NOT_FOR_ENFORCEMENT,9488.4745,2189415.6736,9883.8276,9488.4745,395.3531,0.00395337,0.00379523,395.3531,9488.4745,0.00379523,395.3531,395.3531,395.3531,395.3531,395.3531,9488.4745,0.00379523,1976.7655,1824.8244,7907.0621,8059.0032,0.00316269,0.00322347,0.00015813,212.5216,219.9480,0.9532,119.0823,2.3972,30121.7335,124.9277,49.0469,238.9093,36.5364,75.9244,374.9013,749.8027,789.266,1183.8989,75.8035,-1.1839,10.395423,15.593133,2.799122,29,215,300,5,0.03207536,0.00395337,0.05088190,0E-8,0.000000,0.912219,0.000000,-0.04848366,2026-03-31,2026-08-01,83,4123,1621,124,0.669355,0.205295,0.230786,0.106918,,,,,,,,GLOBAL_BASELINE_NO_ENTITY_RANKING,,,NOT_APPLICABLE_GLOBAL_BASELINE,HF9g-P5,,,,X 全窗基线 · 不参与实体赏罚,15055596,1506,A168_HF9F_20260827_0900,2026-08-27 09:00:00
2026-05-23,92755421,2170,0,3097.8689818468,-789.2659826361,-789.2659826361,0.3333333,3,3,0.50218230000000000,0.502182300000,-0.5849155494134425,-0.5849155494134426,-0.5849155494134425,0E-17,ELIGIBLE,R03b_20260811_FULL_v1,L1_ELIGIBILITY,v2026-08-11,2026-03-21..2026-08-06,baccarat_bet02_101_all_pairs_incl_sentinel,round_win = game_pnl > 0 (decisive only),COMPATIBILITY_ONLY_NOT_PRODUCTION,2500103.8841,2280641.3266,9883.8276,11764,10369,-0.00395337,-0.05088190,-0.00239824,-0.00395337,-9883.8276,2500103.8841,OK,0.0000,395.3531,4.0000,96.0000,AG03-UNRESOLVED,ALL5_LEVELS_bet23_to_bet27,395.3531,395.3531,395.3531,395.3531,395.3531,4.000000,4.000000,4.000000,4.000000,4.000000,96.000000,96.000000,96.000000,96.000000,96.000000,5.0,1976.7655,1824.8244,7907.0621,8059.0032,PENDING_AG03,FALSE,NOT_FOR_ENFORCEMENT,9488.4745,2189415.6736,9883.8276,9488.4745,395.3531,0.00395337,0.00379523,395.3531,9488.4745,0.00379523,395.3531,395.3531,395.3531,395.3531,395.3531,9488.4745,0.00379523,1976.7655,1824.8244,7907.0621,8059.0032,0.00316269,0.00322347,0.00015813,212.5216,219.9480,0.9532,119.0823,2.3972,30121.7335,124.9277,49.0469,238.9093,36.5364,75.9244,374.9013,749.8027,789.266,1183.8989,75.8035,-1.1839,10.395423,15.593133,2.799122,29,215,300,5,0.03207536,0.00395337,0.05088190,0E-8,0.000000,0.912219,0.000000,-0.04848366,2026-03-31,2026-08-01,83,4123,1621,124,0.669355,0.205295,0.230786,0.106918,,,,,,,,GLOBAL_BASELINE_NO_ENTITY_RANKING,,,NOT_APPLICABLE_GLOBAL_BASELINE,HF9g-P5,,,,X 全窗基线 · 不参与实体赏罚,15055597,1506,A168_HF9F_20260827_0900,2026-08-27 09:00:00
2026-05-23,92755421,2177,0,1183.8989739542,-1183.8989739542,-1183.8989739542,0E-7,1,1,0.50665070000000000,0.506650700000,-1.013391052207602,-1.013391052207602,-1.013391052207602,0E-17,ELIGIBLE,R03b_20260811_FULL_v1,L1_ELIGIBILITY,v2026-08-11,2026-03-21..2026-08-06,baccarat_bet02_101_all_pairs_incl_sentinel,round_win = game_pnl > 0 (decisive only),COMPATIBILITY_ONLY_NOT_PRODUCTION,2500103.8841,2280641.3266,9883.8276,11764,10369,-0.00395337,-0.05088190,-0.00239824,-0.00395337,-9883.8276,2500103.8841,OK,0.0000,395.3531,4.0000,96.0000,AG03-UNRESOLVED,ALL5_LEVELS_bet23_to_bet27,395.3531,395.3531,395.3531,395.3531,395.3531,4.000000,4.000000,4.000000,4.000000,4.000000,96.000000,96.000000,96.000000,96.000000,96.000000,5.0,1976.7655,1824.8244,7907.0621,8059.0032,PENDING_AG03,FALSE,NOT_FOR_ENFORCEMENT,9488.4745,2189415.6736,9883.8276,9488.4745,395.3531,0.00395337,0.00379523,395.3531,9488.4745,0.00379523,395.3531,395.3531,395.3531,395.3531,395.3531,9488.4745,0.00379523,1976.7655,1824.8244,7907.0621,8059.0032,0.00316269,0.00322347,0.00015813,212.5216,219.9480,0.9532,119.0823,2.3972,30121.7335,124.9277,49.0469,238.9093,36.5364,75.9244,374.9013,749.8027,789.266,1183.8989,75.8035,-1.1839,10.395423,15.593133,2.799122,29,215,300,5,0.03207536,0.00395337,0.05088190,0E-8,0.000000,0.912219,0.000000,-0.04848366,2026-03-31,2026-08-01,83,4123,1621,124,0.669355,0.205295,0.230786,0.106918,,,,,,,,GLOBAL_BASELINE_NO_ENTITY_RANKING,,,NOT_APPLICABLE_GLOBAL_BASELINE,HF9g-P5,,,,X 全窗基线 · 不参与实体赏罚,15055598,1506,A168_HF9F_20260827_0900,2026-08-27 09:00:00
2026-05-23,92755421,2188,0,1539.0686661404,0E-10,0E-10,0.5000000,2,2,0.49994810000000000,0.499948100000,0.00014679536856514622,0.00014679536856514622,0.00014679536856514622,0E-17,ELIGIBLE,R03b_20260811_FULL_v1,L1_ELIGIBILITY,v2026-08-11,2026-03-21..2026-08-06,baccarat_bet02_101_all_pairs_incl_sentinel,round_win = game_pnl > 0 (decisive only),COMPATIBILITY_ONLY_NOT_PRODUCTION,2500103.8841,2280641.3266,9883.8276,11764,10369,-0.00395337,-0.05088190,-0.00239824,-0.00395337,-9883.8276,2500103.8841,OK,0.0000,395.3531,4.0000,96.0000,AG03-UNRESOLVED,ALL5_LEVELS_bet23_to_bet27,395.3531,395.3531,395.3531,395.3531,395.3531,4.000000,4.000000,4.000000,4.000000,4.000000,96.000000,96.000000,96.000000,96.000000,96.000000,5.0,1976.7655,1824.8244,7907.0621,8059.0032,PENDING_AG03,FALSE,NOT_FOR_ENFORCEMENT,9488.4745,2189415.6736,9883.8276,9488.4745,395.3531,0.00395337,0.00379523,395.3531,9488.4745,0.00379523,395.3531,395.3531,395.3531,395.3531,395.3531,9488.4745,0.00379523,1976.7655,1824.8244,7907.0621,8059.0032,0.00316269,0.00322347,0.00015813,212.5216,219.9480,0.9532,119.0823,2.3972,30121.7335,124.9277,49.0469,238.9093,36.5364,75.9244,374.9013,749.8027,789.266,1183.8989,75.8035,-1.1839,10.395423,15.593133,2.799122,29,215,300,5,0.03207536,0.00395337,0.05088190,0E-8,0.000000,0.912219,0.000000,-0.04848366,2026-03-31,2026-08-01,83,4123,1621,124,0.669355,0.205295,0.230786,0.106918,,,,,,,,GLOBAL_BASELINE_NO_ENTITY_RANKING,,,NOT_APPLICABLE_GLOBAL_BASELINE,HF9g-P5,,,,X 全窗基线 · 不参与实体赏罚,15055599,1506,A168_HF9F_20260827_0900,2026-08-27 09:00:00
2026-05-23,92755421,2196,0,2328.3346487765,-789.2659826361,-789.2659826361,0.3333333,3,3,0.50218230000000000,0.502182300000,-0.5849155494134425,-0.5849155494134426,-0.5849155494134425,0E-17,ELIGIBLE,R03b_20260811_FULL_v1,L1_ELIGIBILITY,v2026-08-11,2026-03-21..2026-08-06,baccarat_bet02_101_all_pairs_incl_sentinel,round_win = game_pnl > 0 (decisive only),COMPATIBILITY_ONLY_NOT_PRODUCTION,2500103.8841,2280641.3266,9883.8276,11764,10369,-0.00395337,-0.05088190,-0.00239824,-0.00395337,-9883.8276,2500103.8841,OK,0.0000,395.3531,4.0000,96.0000,AG03-UNRESOLVED,ALL5_LEVELS_bet23_to_bet27,395.3531,395.3531,395.3531,395.3531,395.3531,4.000000,4.000000,4.000000,4.000000,4.000000,96.000000,96.000000,96.000000,96.000000,96.000000,5.0,1976.7655,1824.8244,7907.0621,8059.0032,PENDING_AG03,FALSE,NOT_FOR_ENFORCEMENT,9488.4745,2189415.6736,9883.8276,9488.4745,395.3531,0.00395337,0.00379523,395.3531,9488.4745,0.00379523,395.3531,395.3531,395.3531,395.3531,395.3531,9488.4745,0.00379523,1976.7655,1824.8244,7907.0621,8059.0032,0.00316269,0.00322347,0.00015813,212.5216,219.9480,0.9532,119.0823,2.3972,30121.7335,124.9277,49.0469,238.9093,36.5364,75.9244,374.9013,749.8027,789.266,1183.8989,75.8035,-1.1839,10.395423,15.593133,2.799122,29,215,300,5,0.03207536,0.00395337,0.05088190,0E-8,0.000000,0.912219,0.000000,-0.04848366,2026-03-31,2026-08-01,83,4123,1621,124,0.669355,0.205295,0.230786,0.106918,,,,,,,,GLOBAL_BASELINE_NO_ENTITY_RANKING,,,NOT_APPLICABLE_GLOBAL_BASELINE,HF9g-P5,,,,X 全窗基线 · 不参与实体赏罚,15055600,1506,A168_HF9F_20260827_0900,2026-08-27 09:00:00
2026-05-23,92755421,2205,0,3948.3030781372,-396.6061562747,-396.6061562747,0.3333333,5,4,0.49965233279301600,0.440646775000,-0.5761460539368115,-0.3743918443411629,-0.5761460539368115,0.05900555779301600,ELIGIBLE,R03b_20260811_FULL_v1,L1_ELIGIBILITY,v2026-08-11,2026-03-21..2026-08-06,baccarat_bet02_101_all_pairs_incl_sentinel,round_win = game_pnl > 0 (decisive only),COMPATIBILITY_ONLY_NOT_PRODUCTION,2500103.8841,2280641.3266,9883.8276,11764,10369,-0.00395337,-0.05088190,-0.00239824,-0.00395337,-9883.8276,2500103.8841,OK,0.0000,395.3531,4.0000,96.0000,AG03-UNRESOLVED,ALL5_LEVELS_bet23_to_bet27,395.3531,395.3531,395.3531,395.3531,395.3531,4.000000,4.000000,4.000000,4.000000,4.000000,96.000000,96.000000,96.000000,96.000000,96.000000,5.0,1976.7655,1824.8244,7907.0621,8059.0032,PENDING_AG03,FALSE,NOT_FOR_ENFORCEMENT,9488.4745,2189415.6736,9883.8276,9488.4745,395.3531,0.00395337,0.00379523,395.3531,9488.4745,0.00379523,395.3531,395.3531,395.3531,395.3531,395.3531,9488.4745,0.00379523,1976.7655,1824.8244,7907.0621,8059.0032,0.00316269,0.00322347,0.00015813,212.5216,219.9480,0.9532,119.0823,2.3972,30121.7335,124.9277,49.0469,238.9093,36.5364,75.9244,374.9013,749.8027,789.266,1183.8989,75.8035,-1.1839,10.395423,15.593133,2.799122,29,215,300,5,0.03207536,0.00395337,0.05088190,0E-8,0.000000,0.912219,0.000000,-0.04848366,2026-03-31,2026-08-01,83,4123,1621,124,0.669355,0.205295,0.230786,0.106918,,,,,,,,GLOBAL_BASELINE_NO_ENTITY_RANKING,,,NOT_APPLICABLE_GLOBAL_BASELINE,HF9g-P5,,,,X 全窗基线 · 不参与实体赏罚,15055601,1506,A168_HF9F_20260827_0900,2026-08-27 09:00:00
2026-05-23,92755421,2233,0,3634.5698500393,2367.7979479083,2367.7979479083,0.8000000,6,5,0.49797922158940092,0.451166520000,1.3506890135318226,1.5675248427467032,1.3506890135318226,0.04681270158940092,ELIGIBLE,R03b_20260811_FULL_v1,L1_ELIGIBILITY,v2026-08-11,2026-03-21..2026-08-06,baccarat_bet02_101_all_pairs_incl_sentinel,round_win = game_pnl > 0 (decisive only),COMPATIBILITY_ONLY_NOT_PRODUCTION,2500103.8841,2280641.3266,9883.8276,11764,10369,-0.00395337,-0.05088190,-0.00239824,-0.00395337,-9883.8276,2500103.8841,OK,0.0000,395.3531,4.0000,96.0000,AG03-UNRESOLVED,ALL5_LEVELS_bet23_to_bet27,395.3531,395.3531,395.3531,395.3531,395.3531,4.000000,4.000000,4.000000,4.000000,4.000000,96.000000,96.000000,96.000000,96.000000,96.000000,5.0,1976.7655,1824.8244,7907.0621,8059.0032,PENDING_AG03,FALSE,NOT_FOR_ENFORCEMENT,9488.4745,2189415.6736,9883.8276,9488.4745,395.3531,0.00395337,0.00379523,395.3531,9488.4745,0.00379523,395.3531,395.3531,395.3531,395.3531,395.3531,9488.4745,0.00379523,1976.7655,1824.8244,7907.0621,8059.0032,0.00316269,0.00322347,0.00015813,212.5216,219.9480,0.9532,119.0823,2.3972,30121.7335,124.9277,49.0469,238.9093,36.5364,75.9244,374.9013,749.8027,789.266,1183.8989,75.8035,-1.1839,10.395423,15.593133,2.799122,29,215,300,5,0.03207536,0.00395337,0.05088190,0E-8,0.000000,0.912219,0.000000,-0.04848366,2026-03-31,2026-08-01,83,4123,1621,124,0.669355,0.205295,0.230786,0.106918,,,,,,,,GLOBAL_BASELINE_NO_ENTITY_RANKING,,,NOT_APPLICABLE_GLOBAL_BASELINE,HF9g-P5,,,,X 全窗基线 · 不参与实体赏罚,15055602,1506,A168_HF9F_20260827_0900,2026-08-27 09:00:00
2026-05-23,92755421,2239,0,3887.1349644829,-789.2659826361,-789.2659826361,0.3333333,4,4,0.50329940000000000,0.503299400000,-0.5887925454369916,-0.5887925454369916,-0.5887925454369916,0E-17,ELIGIBLE,R03b_20260811_FULL_v1,L1_ELIGIBILITY,v2026-08-11,2026-03-21..2026-08-06,baccarat_bet02_101_all_pairs_incl_sentinel,round_win = game_pnl > 0 (decisive only),COMPATIBILITY_ONLY_NOT_PRODUCTION,2500103.8841,2280641.3266,9883.8276,11764,10369,-0.00395337,-0.05088190,-0.00239824,-0.00395337,-9883.8276,2500103.8841,OK,0.0000,395.3531,4.0000,96.0000,AG03-UNRESOLVED,ALL5_LEVELS_bet23_to_bet27,395.3531,395.3531,395.3531,395.3531,395.3531,4.000000,4.000000,4.000000,4.000000,4.000000,96.000000,96.000000,96.000000,96.000000,96.000000,5.0,1976.7655,1824.8244,7907.0621,8059.0032,PENDING_AG03,FALSE,NOT_FOR_ENFORCEMENT,9488.4745,2189415.6736,9883.8276,9488.4745,395.3531,0.00395337,0.00379523,395.3531,9488.4745,0.00379523,395.3531,395.3531,395.3531,395.3531,395.3531,9488.4745,0.00379523,1976.7655,1824.8244,7907.0621,8059.0032,0.00316269,0.00322347,0.00015813,212.5216,219.9480,0.9532,119.0823,2.3972,30121.7335,124.9277,49.0469,238.9093,36.5364,75.9244,374.9013,749.8027,789.266,1183.8989,75.8035,-1.1839,10.395423,15.593133,2.799122,29,215,300,5,0.03207536,0.00395337,0.05088190,0E-8,0.000000,0.912219,0.000000,-0.04848366,2026-03-31,2026-08-01,83,4123,1621,124,0.669355,0.205295,0.230786,0.106918,,,,,,,,GLOBAL_BASELINE_NO_ENTITY_RANKING,,,NOT_APPLICABLE_GLOBAL_BASELINE,HF9g-P5,,,,X 全窗基线 · 不参与实体赏罚,15055603,1506,A168_HF9F_20260827_0900,2026-08-27 09:00:00
2026-05-23,92755421,2246,0,2762.4309392265,-1598.2636148381,-1598.2636148381,0.2500000,5,5,0.50396966000000000,0.503969660000,-1.01591065835228,-1.0159106583522801,-1.01591065835228,0E-17,ELIGIBLE,R03b_20260811_FULL_v1,L1_ELIGIBILITY,v2026-08-11,2026-03-21..2026-08-06,baccarat_bet02_101_all_pairs_incl_sentinel,round_win = game_pnl > 0 (decisive only),COMPATIBILITY_ONLY_NOT_PRODUCTION,2500103.8841,2280641.3266,9883.8276,11764,10369,-0.00395337,-0.05088190,-0.00239824,-0.00395337,-9883.8276,2500103.8841,OK,0.0000,395.3531,4.0000,96.0000,AG03-UNRESOLVED,ALL5_LEVELS_bet23_to_bet27,395.3531,395.3531,395.3531,395.3531,395.3531,4.000000,4.000000,4.000000,4.000000,4.000000,96.000000,96.000000,96.000000,96.000000,96.000000,5.0,1976.7655,1824.8244,7907.0621,8059.0032,PENDING_AG03,FALSE,NOT_FOR_ENFORCEMENT,9488.4745,2189415.6736,9883.8276,9488.4745,395.3531,0.00395337,0.00379523,395.3531,9488.4745,0.00379523,395.3531,395.3531,395.3531,395.3531,395.3531,9488.4745,0.00379523,1976.7655,1824.8244,7907.0621,8059.0032,0.00316269,0.00322347,0.00015813,212.5216,219.9480,0.9532,119.0823,2.3972,30121.7335,124.9277,49.0469,238.9093,36.5364,75.9244,374.9013,749.8027,789.266,1183.8989,75.8035,-1.1839,10.395423,15.593133,2.799122,29,215,300,5,0.03207536,0.00395337,0.05088190,0E-8,0.000000,0.912219,0.000000,-0.04848366,2026-03-31,2026-08-01,83,4123,1621,124,0.669355,0.205295,0.230786,0.106918,,,,,,,,GLOBAL_BASELINE_NO_ENTITY_RANKING,,,NOT_APPLICABLE_GLOBAL_BASELINE,HF9g-P5,,,,X 全窗基线 · 不参与实体赏罚,15055604,1506,A168_HF9F_20260827_0900,2026-08-27 09:00:00
2026-05-23,92755421,2261,0,7076.5588003154,5322.8097868980,5322.8097868980,0.9000000,13,10,0.49900902193240521,0.428786510000,2.536094604829504,3.0109110847478955,2.536094604829504,0.07022251193240521,ELIGIBLE,R03b_20260811_FULL_v1,L1_ELIGIBILITY,v2026-08-11,2026-03-21..2026-08-06,baccarat_bet02_101_all_pairs_incl_sentinel,round_win = game_pnl > 0 (decisive only),COMPATIBILITY_ONLY_NOT_PRODUCTION,2500103.8841,2280641.3266,9883.8276,11764,10369,-0.00395337,-0.05088190,-0.00239824,-0.00395337,-9883.8276,2500103.8841,OK,0.0000,395.3531,4.0000,96.0000,AG03-UNRESOLVED,ALL5_LEVELS_bet23_to_bet27,395.3531,395.3531,395.3531,395.3531,395.3531,4.000000,4.000000,4.000000,4.000000,4.000000,96.000000,96.000000,96.000000,96.000000,96.000000,5.0,1976.7655,1824.8244,7907.0621,8059.0032,PENDING_AG03,FALSE,NOT_FOR_ENFORCEMENT,9488.4745,2189415.6736,9883.8276,9488.4745,395.3531,0.00395337,0.00379523,395.3531,9488.4745,0.00379523,395.3531,395.3531,395.3531,395.3531,395.3531,9488.4745,0.00379523,1976.7655,1824.8244,7907.0621,8059.0032,0.00316269,0.00322347,0.00015813,212.5216,219.9480,0.9532,119.0823,2.3972,30121.7335,124.9277,49.0469,238.9093,36.5364,75.9244,374.9013,749.8027,789.266,1183.8989,75.8035,-1.1839,10.395423,15.593133,2.799122,29,215,300,5,0.03207536,0.00395337,0.05088190,0E-8,0.000000,0.912219,0.000000,-0.04848366,2026-03-31,2026-08-01,83,4123,1621,124,0.669355,0.205295,0.230786,0.106918,,,,,,,,GLOBAL_BASELINE_NO_ENTITY_RANKING,,,NOT_APPLICABLE_GLOBAL_BASELINE,HF9g-P5,,,,X 全窗基线 · 不参与实体赏罚,15055605,1506,A168_HF9F_20260827_0900,2026-08-27 09:00:00
2026-05-23,92755421,2267,0,2328.3346487765,789.2659826361,789.2659826361,0.6666667,3,3,0.49771390000000000,0.497713900000,0.5852756695216578,0.5852756695216578,0.5852756695216578,0E-17,ELIGIBLE,R03b_20260811_FULL_v1,L1_ELIGIBILITY,v2026-08-11,2026-03-21..2026-08-06,baccarat_bet02_101_all_pairs_incl_sentinel,round_win = game_pnl > 0 (decisive only),COMPATIBILITY_ONLY_NOT_PRODUCTION,2500103.8841,2280641.3266,9883.8276,11764,10369,-0.00395337,-0.05088190,-0.00239824,-0.00395337,-9883.8276,2500103.8841,OK,0.0000,395.3531,4.0000,96.0000,AG03-UNRESOLVED,ALL5_LEVELS_bet23_to_bet27,395.3531,395.3531,395.3531,395.3531,395.3531,4.000000,4.000000,4.000000,4.000000,4.000000,96.000000,96.000000,96.000000,96.000000,96.000000,5.0,1976.7655,1824.8244,7907.0621,8059.0032,PENDING_AG03,FALSE,NOT_FOR_ENFORCEMENT,9488.4745,2189415.6736,9883.8276,9488.4745,395.3531,0.00395337,0.00379523,395.3531,9488.4745,0.00379523,395.3531,395.3531,395.3531,395.3531,395.3531,9488.4745,0.00379523,1976.7655,1824.8244,7907.0621,8059.0032,0.00316269,0.00322347,0.00015813,212.5216,219.9480,0.9532,119.0823,2.3972,30121.7335,124.9277,49.0469,238.9093,36.5364,75.9244,374.9013,749.8027,789.266,1183.8989,75.8035,-1.1839,10.395423,15.593133,2.799122,29,215,300,5,0.03207536,0.00395337,0.05088190,0E-8,0.000000,0.912219,0.000000,-0.04848366,2026-03-31,2026-08-01,83,4123,1621,124,0.669355,0.205295,0.230786,0.106918,,,,,,,,GLOBAL_BASELINE_NO_ENTITY_RANKING,,,NOT_APPLICABLE_GLOBAL_BASELINE,HF9g-P5,,,,X 全窗基线 · 不参与实体赏罚,15055606,1506,A168_HF9F_20260827_0900,2026-08-27 09:00:00
2026-05-23,92755421,471,0,5445.9352801894,1183.8989739542,1183.8989739542,0.6000000,6,6,0.49994810000000000,0.499948100000,0.44744570176651083,0.44744570176651083,0.44744570176651083,0E-17,ELIGIBLE,R03b_20260811_FULL_v1,L1_ELIGIBILITY,v2026-08-11,2026-03-21..2026-08-06,baccarat_bet02_101_all_pairs_incl_sentinel,round_win = game_pnl > 0 (decisive only),COMPATIBILITY_ONLY_NOT_PRODUCTION,2500103.8841,2280641.3266,9883.8276,11764,10369,-0.00395337,-0.05088190,-0.00239824,-0.00395337,-9883.8276,2500103.8841,OK,0.0000,395.3531,4.0000,96.0000,AG03-UNRESOLVED,ALL5_LEVELS_bet23_to_bet27,395.3531,395.3531,395.3531,395.3531,395.3531,4.000000,4.000000,4.000000,4.000000,4.000000,96.000000,96.000000,96.000000,96.000000,96.000000,5.0,1976.7655,1824.8244,7907.0621,8059.0032,PENDING_AG03,FALSE,NOT_FOR_ENFORCEMENT,9488.4745,2189415.6736,9883.8276,9488.4745,395.3531,0.00395337,0.00379523,395.3531,9488.4745,0.00379523,395.3531,395.3531,395.3531,395.3531,395.3531,9488.4745,0.00379523,1976.7655,1824.8244,7907.0621,8059.0032,0.00316269,0.00322347,0.00015813,212.5216,219.9480,0.9532,119.0823,2.3972,30121.7335,124.9277,49.0469,238.9093,36.5364,75.9244,374.9013,749.8027,789.266,1183.8989,75.8035,-1.1839,10.395423,15.593133,2.799122,29,215,300,5,0.03207536,0.00395337,0.05088190,0E-8,0.000000,0.912219,0.000000,-0.04848366,2026-03-31,2026-08-01,83,4123,1621,124,0.669355,0.205295,0.230786,0.106918,,,,,,,,GLOBAL_BASELINE_NO_ENTITY_RANKING,,,NOT_APPLICABLE_GLOBAL_BASELINE,HF9g-P5,,,,X 全窗基线 · 不参与实体赏罚,15055607,1506,A168_HF9F_20260827_0900,2026-08-27 09:00:00
2026-05-23,92755421,529,0,2644.0410418310,-355.1696921862,-355.1696921862,0.5000000,4,4,0.49994810000000000,0.499948100000,0.00020760000111838688,0.00020760000111838688,0.00020760000111838688,0E-17,ELIGIBLE,R03b_20260811_FULL_v1,L1_ELIGIBILITY,v2026-08-11,2026-03-21..2026-08-06,baccarat_bet02_101_all_pairs_incl_sentinel,round_win = game_pnl > 0 (decisive only),COMPATIBILITY_ONLY_NOT_PRODUCTION,2500103.8841,2280641.3266,9883.8276,11764,10369,-0.00395337,-0.05088190,-0.00239824,-0.00395337,-9883.8276,2500103.8841,OK,0.0000,395.3531,4.0000,96.0000,AG03-UNRESOLVED,ALL5_LEVELS_bet23_to_bet27,395.3531,395.3531,395.3531,395.3531,395.3531,4.000000,4.000000,4.000000,4.000000,4.000000,96.000000,96.000000,96.000000,96.000000,96.000000,5.0,1976.7655,1824.8244,7907.0621,8059.0032,PENDING_AG03,FALSE,NOT_FOR_ENFORCEMENT,9488.4745,2189415.6736,9883.8276,9488.4745,395.3531,0.00395337,0.00379523,395.3531,9488.4745,0.00379523,395.3531,395.3531,395.3531,395.3531,395.3531,9488.4745,0.00379523,1976.7655,1824.8244,7907.0621,8059.0032,0.00316269,0.00322347,0.00015813,212.5216,219.9480,0.9532,119.0823,2.3972,30121.7335,124.9277,49.0469,238.9093,36.5364,75.9244,374.9013,749.8027,789.266,1183.8989,75.8035,-1.1839,10.395423,15.593133,2.799122,29,215,300,5,0.03207536,0.00395337,0.05088190,0E-8,0.000000,0.912219,0.000000,-0.04848366,2026-03-31,2026-08-01,83,4123,1621,124,0.669355,0.205295,0.230786,0.106918,,,,,,,,GLOBAL_BASELINE_NO_ENTITY_RANKING,,,NOT_APPLICABLE_GLOBAL_BASELINE,HF9g-P5,,,,X 全窗基线 · 不参与实体赏罚,15055608,1506,A168_HF9F_20260827_0900,2026-08-27 09:00:00
2026-05-23,92755421,752,0,394.6329913181,-394.6329913181,-394.6329913181,0E-7,1,1,0.49324550000000000,0.493245500000,-0.9865810262130424,-0.9865810262130424,-0.9865810262130424,0E-17,ELIGIBLE,R03b_20260811_FULL_v1,L1_ELIGIBILITY,v2026-08-11,2026-03-21..2026-08-06,baccarat_bet02_101_all_pairs_incl_sentinel,round_win = game_pnl > 0 (decisive only),COMPATIBILITY_ONLY_NOT_PRODUCTION,2500103.8841,2280641.3266,9883.8276,11764,10369,-0.00395337,-0.05088190,-0.00239824,-0.00395337,-9883.8276,2500103.8841,OK,0.0000,395.3531,4.0000,96.0000,AG03-UNRESOLVED,ALL5_LEVELS_bet23_to_bet27,395.3531,395.3531,395.3531,395.3531,395.3531,4.000000,4.000000,4.000000,4.000000,4.000000,96.000000,96.000000,96.000000,96.000000,96.000000,5.0,1976.7655,1824.8244,7907.0621,8059.0032,PENDING_AG03,FALSE,NOT_FOR_ENFORCEMENT,9488.4745,2189415.6736,9883.8276,9488.4745,395.3531,0.00395337,0.00379523,395.3531,9488.4745,0.00379523,395.3531,395.3531,395.3531,395.3531,395.3531,9488.4745,0.00379523,1976.7655,1824.8244,7907.0621,8059.0032,0.00316269,0.00322347,0.00015813,212.5216,219.9480,0.9532,119.0823,2.3972,30121.7335,124.9277,49.0469,238.9093,36.5364,75.9244,374.9013,749.8027,789.266,1183.8989,75.8035,-1.1839,10.395423,15.593133,2.799122,29,215,300,5,0.03207536,0.00395337,0.05088190,0E-8,0.000000,0.912219,0.000000,-0.04848366,2026-03-31,2026-08-01,83,4123,1621,124,0.669355,0.205295,0.230786,0.106918,,,,,,,,GLOBAL_BASELINE_NO_ENTITY_RANKING,,,NOT_APPLICABLE_GLOBAL_BASELINE,HF9g-P5,,,,X 全窗基线 · 不参与实体赏罚,15055609,1506,A168_HF9F_20260827_0900,2026-08-27 09:00:00
2026-05-23,92755421,772,0,3117.6006314126,0E-10,0E-10,0.5000000,4,4,0.49994810000000000,0.499948100000,0.00020760000111838688,0.00020760000111838688,0.00020760000111838688,0E-17,ELIGIBLE,R03b_20260811_FULL_v1,L1_ELIGIBILITY,v2026-08-11,2026-03-21..2026-08-06,baccarat_bet02_101_all_pairs_incl_sentinel,round_win = game_pnl > 0 (decisive only),COMPATIBILITY_ONLY_NOT_PRODUCTION,2500103.8841,2280641.3266,9883.8276,11764,10369,-0.00395337,-0.05088190,-0.00239824,-0.00395337,-9883.8276,2500103.8841,OK,0.0000,395.3531,4.0000,96.0000,AG03-UNRESOLVED,ALL5_LEVELS_bet23_to_bet27,395.3531,395.3531,395.3531,395.3531,395.3531,4.000000,4.000000,4.000000,4.000000,4.000000,96.000000,96.000000,96.000000,96.000000,96.000000,5.0,1976.7655,1824.8244,7907.0621,8059.0032,PENDING_AG03,FALSE,NOT_FOR_ENFORCEMENT,9488.4745,2189415.6736,9883.8276,9488.4745,395.3531,0.00395337,0.00379523,395.3531,9488.4745,0.00379523,395.3531,395.3531,395.3531,395.3531,395.3531,9488.4745,0.00379523,1976.7655,1824.8244,7907.0621,8059.0032,0.00316269,0.00322347,0.00015813,212.5216,219.9480,0.9532,119.0823,2.3972,30121.7335,124.9277,49.0469,238.9093,36.5364,75.9244,374.9013,749.8027,789.266,1183.8989,75.8035,-1.1839,10.395423,15.593133,2.799122,29,215,300,5,0.03207536,0.00395337,0.05088190,0E-8,0.000000,0.912219,0.000000,-0.04848366,2026-03-31,2026-08-01,83,4123,1621,124,0.669355,0.205295,0.230786,0.106918,,,,,,,,GLOBAL_BASELINE_NO_ENTITY_RANKING,,,NOT_APPLICABLE_GLOBAL_BASELINE,HF9g-P5,,,,X 全窗基线 · 不参与实体赏罚,15055610,1506,A168_HF9F_20260827_0900,2026-08-27 09:00:00
2026-05-23,92755421,948,0,4265.9826361482,2803.8674033148,2803.8674033148,0.8333333,8,6,0.49948435552296938,0.420879666667,1.6355201633048848,2.0463853345343064,1.6355201633048848,0.07860468885596938,ELIGIBLE,R03b_20260811_FULL_v1,L1_ELIGIBILITY,v2026-08-11,2026-03-21..2026-08-06,baccarat_bet02_101_all_pairs_incl_sentinel,round_win = game_pnl > 0 (decisive only),COMPATIBILITY_ONLY_NOT_PRODUCTION,2500103.8841,2280641.3266,9883.8276,11764,10369,-0.00395337,-0.05088190,-0.00239824,-0.00395337,-9883.8276,2500103.8841,OK,0.0000,395.3531,4.0000,96.0000,AG03-UNRESOLVED,ALL5_LEVELS_bet23_to_bet27,395.3531,395.3531,395.3531,395.3531,395.3531,4.000000,4.000000,4.000000,4.000000,4.000000,96.000000,96.000000,96.000000,96.000000,96.000000,5.0,1976.7655,1824.8244,7907.0621,8059.0032,PENDING_AG03,FALSE,NOT_FOR_ENFORCEMENT,9488.4745,2189415.6736,9883.8276,9488.4745,395.3531,0.00395337,0.00379523,395.3531,9488.4745,0.00379523,395.3531,395.3531,395.3531,395.3531,395.3531,9488.4745,0.00379523,1976.7655,1824.8244,7907.0621,8059.0032,0.00316269,0.00322347,0.00015813,212.5216,219.9480,0.9532,119.0823,2.3972,30121.7335,124.9277,49.0469,238.9093,36.5364,75.9244,374.9013,749.8027,789.266,1183.8989,75.8035,-1.1839,10.395423,15.593133,2.799122,29,215,300,5,0.03207536,0.00395337,0.05088190,0E-8,0.000000,0.912219,0.000000,-0.04848366,2026-03-31,2026-08-01,83,4123,1621,124,0.669355,0.205295,0.230786,0.106918,,,,,,,,GLOBAL_BASELINE_NO_ENTITY_RANKING,,,NOT_APPLICABLE_GLOBAL_BASELINE,HF9g-P5,,,,X 全窗基线 · 不参与实体赏罚,15055611,1506,A168_HF9F_20260827_0900,2026-08-27 09:00:00
2026-05-23,92755421,970,0,3946.3299131805,-828.7292817679,-828.7292817679,0.4000000,5,5,0.50128862000000000,0.501288620000,-0.4529779837142727,-0.4529779837142727,-0.4529779837142727,0E-17,ELIGIBLE,R03b_20260811_FULL_v1,L1_ELIGIBILITY,v2026-08-11,2026-03-21..2026-08-06,baccarat_bet02_101_all_pairs_incl_sentinel,round_win = game_pnl > 0 (decisive only),COMPATIBILITY_ONLY_NOT_PRODUCTION,2500103.8841,2280641.3266,9883.8276,11764,10369,-0.00395337,-0.05088190,-0.00239824,-0.00395337,-9883.8276,2500103.8841,OK,0.0000,395.3531,4.0000,96.0000,AG03-UNRESOLVED,ALL5_LEVELS_bet23_to_bet27,395.3531,395.3531,395.3531,395.3531,395.3531,4.000000,4.000000,4.000000,4.000000,4.000000,96.000000,96.000000,96.000000,96.000000,96.000000,5.0,1976.7655,1824.8244,7907.0621,8059.0032,PENDING_AG03,FALSE,NOT_FOR_ENFORCEMENT,9488.4745,2189415.6736,9883.8276,9488.4745,395.3531,0.00395337,0.00379523,395.3531,9488.4745,0.00379523,395.3531,395.3531,395.3531,395.3531,395.3531,9488.4745,0.00379523,1976.7655,1824.8244,7907.0621,8059.0032,0.00316269,0.00322347,0.00015813,212.5216,219.9480,0.9532,119.0823,2.3972,30121.7335,124.9277,49.0469,238.9093,36.5364,75.9244,374.9013,749.8027,789.266,1183.8989,75.8035,-1.1839,10.395423,15.593133,2.799122,29,215,300,5,0.03207536,0.00395337,0.05088190,0E-8,0.000000,0.912219,0.000000,-0.04848366,2026-03-31,2026-08-01,83,4123,1621,124,0.669355,0.205295,0.230786,0.106918,,,,,,,,GLOBAL_BASELINE_NO_ENTITY_RANKING,,,NOT_APPLICABLE_GLOBAL_BASELINE,HF9g-P5,,,,X 全窗基线 · 不参与实体赏罚,15055612,1506,A168_HF9F_20260827_0900,2026-08-27 09:00:00
2026-05-23,92755421,986,0,2308.6029992107,0E-10,0E-10,0.5000000,2,2,0.49994810000000000,0.499948100000,0.00014679536856514622,0.00014679536856514622,0.00014679536856514622,0E-17,ELIGIBLE,R03b_20260811_FULL_v1,L1_ELIGIBILITY,v2026-08-11,2026-03-21..2026-08-06,baccarat_bet02_101_all_pairs_incl_sentinel,round_win = game_pnl > 0 (decisive only),COMPATIBILITY_ONLY_NOT_PRODUCTION,2500103.8841,2280641.3266,9883.8276,11764,10369,-0.00395337,-0.05088190,-0.00239824,-0.00395337,-9883.8276,2500103.8841,OK,0.0000,395.3531,4.0000,96.0000,AG03-UNRESOLVED,ALL5_LEVELS_bet23_to_bet27,395.3531,395.3531,395.3531,395.3531,395.3531,4.000000,4.000000,4.000000,4.000000,4.000000,96.000000,96.000000,96.000000,96.000000,96.000000,5.0,1976.7655,1824.8244,7907.0621,8059.0032,PENDING_AG03,FALSE,NOT_FOR_ENFORCEMENT,9488.4745,2189415.6736,9883.8276,9488.4745,395.3531,0.00395337,0.00379523,395.3531,9488.4745,0.00379523,395.3531,395.3531,395.3531,395.3531,395.3531,9488.4745,0.00379523,1976.7655,1824.8244,7907.0621,8059.0032,0.00316269,0.00322347,0.00015813,212.5216,219.9480,0.9532,119.0823,2.3972,30121.7335,124.9277,49.0469,238.9093,36.5364,75.9244,374.9013,749.8027,789.266,1183.8989,75.8035,-1.1839,10.395423,15.593133,2.799122,29,215,300,5,0.03207536,0.00395337,0.05088190,0E-8,0.000000,0.912219,0.000000,-0.04848366,2026-03-31,2026-08-01,83,4123,1621,124,0.669355,0.205295,0.230786,0.106918,,,,,,,,GLOBAL_BASELINE_NO_ENTITY_RANKING,,,NOT_APPLICABLE_GLOBAL_BASELINE,HF9g-P5,,,,X 全窗基线 · 不参与实体赏罚,15055613,1506,A168_HF9F_20260827_0900,2026-08-27 09:00:00
2026-05-24,92755421,-1,1,55934.8855564344,1624.1120757699,1624.1120757699,0.5169492,136,130,0.49416140963304962,0.483299850769,0.49511025514165263,0.7314580715200694,0.49511025514165263,0.01086155886404962,SENTINEL_DEALER,R03b_20260811_FULL_v1,L1_ELIGIBILITY,v2026-08-11,2026-03-21..2026-08-06,baccarat_bet02_101_all_pairs_incl_sentinel,round_win = game_pnl > 0 (decisive only),COMPATIBILITY_ONLY_NOT_PRODUCTION,2500103.8841,2280641.3266,9883.8276,11764,10369,-0.00395337,-0.05088190,-0.00239824,-0.00395337,-9883.8276,2500103.8841,OK,0.0000,395.3531,4.0000,96.0000,AG03-UNRESOLVED,ALL5_LEVELS_bet23_to_bet27,395.3531,395.3531,395.3531,395.3531,395.3531,4.000000,4.000000,4.000000,4.000000,4.000000,96.000000,96.000000,96.000000,96.000000,96.000000,5.0,1976.7655,1824.8244,7907.0621,8059.0032,PENDING_AG03,FALSE,NOT_FOR_ENFORCEMENT,9488.4745,2189415.6736,9883.8276,9488.4745,395.3531,0.00395337,0.00379523,395.3531,9488.4745,0.00379523,395.3531,395.3531,395.3531,395.3531,395.3531,9488.4745,0.00379523,1976.7655,1824.8244,7907.0621,8059.0032,0.00316269,0.00322347,0.00015813,212.5216,219.9480,0.9532,119.0823,2.3972,30121.7335,124.9277,49.0469,238.9093,36.5364,75.9244,374.9013,749.8027,789.266,1183.8989,75.8035,-1.1839,10.395423,15.593133,2.799122,29,215,300,5,0.03207536,0.00395337,0.05088190,0E-8,0.000000,0.912219,0.000000,-0.04848366,2026-03-31,2026-08-01,83,4123,1621,124,0.669355,0.205295,0.230786,0.106918,,,,,,,,GLOBAL_BASELINE_NO_ENTITY_RANKING,,,NOT_APPLICABLE_GLOBAL_BASELINE,HF9g-P5,,,,X 全窗基线 · 不参与实体赏罚,15055614,1506,A168_HF9F_20260827_0900,2026-08-27 09:00:00
2026-05-24,92755421,1017,0,783.3464877664,-398.5793212313,-398.5793212313,0.3333333,5,3,0.49978559628424344,0.341811233333,-0.5766076059436807,-0.030958543356713802,-0.5766076059436807,0.15797436295124344,ELIGIBLE,R03b_20260811_FULL_v1,L1_ELIGIBILITY,v2026-08-11,2026-03-21..2026-08-06,baccarat_bet02_101_all_pairs_incl_sentinel,round_win = game_pnl > 0 (decisive only),COMPATIBILITY_ONLY_NOT_PRODUCTION,2500103.8841,2280641.3266,9883.8276,11764,10369,-0.00395337,-0.05088190,-0.00239824,-0.00395337,-9883.8276,2500103.8841,OK,0.0000,395.3531,4.0000,96.0000,AG03-UNRESOLVED,ALL5_LEVELS_bet23_to_bet27,395.3531,395.3531,395.3531,395.3531,395.3531,4.000000,4.000000,4.000000,4.000000,4.000000,96.000000,96.000000,96.000000,96.000000,96.000000,5.0,1976.7655,1824.8244,7907.0621,8059.0032,PENDING_AG03,FALSE,NOT_FOR_ENFORCEMENT,9488.4745,2189415.6736,9883.8276,9488.4745,395.3531,0.00395337,0.00379523,395.3531,9488.4745,0.00379523,395.3531,395.3531,395.3531,395.3531,395.3531,9488.4745,0.00379523,1976.7655,1824.8244,7907.0621,8059.0032,0.00316269,0.00322347,0.00015813,212.5216,219.9480,0.9532,119.0823,2.3972,30121.7335,124.9277,49.0469,238.9093,36.5364,75.9244,374.9013,749.8027,789.266,1183.8989,75.8035,-1.1839,10.395423,15.593133,2.799122,29,215,300,5,0.03207536,0.00395337,0.05088190,0E-8,0.000000,0.912219,0.000000,-0.04848366,2026-03-31,2026-08-01,83,4123,1621,124,0.669355,0.205295,0.230786,0.106918,,,,,,,,GLOBAL_BASELINE_NO_ENTITY_RANKING,,,NOT_APPLICABLE_GLOBAL_BASELINE,HF9g-P5,,,,X 全窗基线 · 不参与实体赏罚,15055615,1506,A168_HF9F_20260827_0900,2026-08-27 09:00:00
2026-05-24,92755421,1078,0,315.7063930545,-315.7063930545,-315.7063930545,0E-7,1,1,0.50665070000000000,0.506650700000,-1.013391052207602,-1.013391052207602,-1.013391052207602,0E-17,ELIGIBLE,R03b_20260811_FULL_v1,L1_ELIGIBILITY,v2026-08-11,2026-03-21..2026-08-06,baccarat_bet02_101_all_pairs_incl_sentinel,round_win = game_pnl > 0 (decisive only),COMPATIBILITY_ONLY_NOT_PRODUCTION,2500103.8841,2280641.3266,9883.8276,11764,10369,-0.00395337,-0.05088190,-0.00239824,-0.00395337,-9883.8276,2500103.8841,OK,0.0000,395.3531,4.0000,96.0000,AG03-UNRESOLVED,ALL5_LEVELS_bet23_to_bet27,395.3531,395.3531,395.3531,395.3531,395.3531,4.000000,4.000000,4.000000,4.000000,4.000000,96.000000,96.000000,96.000000,96.000000,96.000000,5.0,1976.7655,1824.8244,7907.0621,8059.0032,PENDING_AG03,FALSE,NOT_FOR_ENFORCEMENT,9488.4745,2189415.6736,9883.8276,9488.4745,395.3531,0.00395337,0.00379523,395.3531,9488.4745,0.00379523,395.3531,395.3531,395.3531,395.3531,395.3531,9488.4745,0.00379523,1976.7655,1824.8244,7907.0621,8059.0032,0.00316269,0.00322347,0.00015813,212.5216,219.9480,0.9532,119.0823,2.3972,30121.7335,124.9277,49.0469,238.9093,36.5364,75.9244,374.9013,749.8027,789.266,1183.8989,75.8035,-1.1839,10.395423,15.593133,2.799122,29,215,300,5,0.03207536,0.00395337,0.05088190,0E-8,0.000000,0.912219,0.000000,-0.04848366,2026-03-31,2026-08-01,83,4123,1621,124,0.669355,0.205295,0.230786,0.106918,,,,,,,,GLOBAL_BASELINE_NO_ENTITY_RANKING,,,NOT_APPLICABLE_GLOBAL_BASELINE,HF9g-P5,,,,X 全窗基线 · 不参与实体赏罚,15055616,1506,A168_HF9F_20260827_0900,2026-08-27 09:00:00
2026-05-24,92755421,1094,0,1821.2312549329,513.0228887135,513.0228887135,0.6666667,4,3,0.50037845741443998,0.423113866667,0.5760394192612958,0.8538470354145791,0.5760394192612958,0.07726459074743998,ELIGIBLE,R03b_20260811_FULL_v1,L1_ELIGIBILITY,v2026-08-11,2026-03-21..2026-08-06,baccarat_bet02_101_all_pairs_incl_sentinel,round_win = game_pnl > 0 (decisive only),COMPATIBILITY_ONLY_NOT_PRODUCTION,2500103.8841,2280641.3266,9883.8276,11764,10369,-0.00395337,-0.05088190,-0.00239824,-0.00395337,-9883.8276,2500103.8841,OK,0.0000,395.3531,4.0000,96.0000,AG03-UNRESOLVED,ALL5_LEVELS_bet23_to_bet27,395.3531,395.3531,395.3531,395.3531,395.3531,4.000000,4.000000,4.000000,4.000000,4.000000,96.000000,96.000000,96.000000,96.000000,96.000000,5.0,1976.7655,1824.8244,7907.0621,8059.0032,PENDING_AG03,FALSE,NOT_FOR_ENFORCEMENT,9488.4745,2189415.6736,9883.8276,9488.4745,395.3531,0.00395337,0.00379523,395.3531,9488.4745,0.00379523,395.3531,395.3531,395.3531,395.3531,395.3531,9488.4745,0.00379523,1976.7655,1824.8244,7907.0621,8059.0032,0.00316269,0.00322347,0.00015813,212.5216,219.9480,0.9532,119.0823,2.3972,30121.7335,124.9277,49.0469,238.9093,36.5364,75.9244,374.9013,749.8027,789.266,1183.8989,75.8035,-1.1839,10.395423,15.593133,2.799122,29,215,300,5,0.03207536,0.00395337,0.05088190,0E-8,0.000000,0.912219,0.000000,-0.04848366,2026-03-31,2026-08-01,83,4123,1621,124,0.669355,0.205295,0.230786,0.106918,,,,,,,,GLOBAL_BASELINE_NO_ENTITY_RANKING,,,NOT_APPLICABLE_GLOBAL_BASELINE,HF9g-P5,,,,X 全窗基线 · 不参与实体赏罚,15055617,1506,A168_HF9F_20260827_0900,2026-08-27 09:00:00
2026-05-24,92755421,1115,0,394.6329913181,-394.6329913181,-394.6329913181,0E-7,1,1,0.49324550000000000,0.493245500000,-0.9865810262130424,-0.9865810262130424,-0.9865810262130424,0E-17,ELIGIBLE,R03b_20260811_FULL_v1,L1_ELIGIBILITY,v2026-08-11,2026-03-21..2026-08-06,baccarat_bet02_101_all_pairs_incl_sentinel,round_win = game_pnl > 0 (decisive only),COMPATIBILITY_ONLY_NOT_PRODUCTION,2500103.8841,2280641.3266,9883.8276,11764,10369,-0.00395337,-0.05088190,-0.00239824,-0.00395337,-9883.8276,2500103.8841,OK,0.0000,395.3531,4.0000,96.0000,AG03-UNRESOLVED,ALL5_LEVELS_bet23_to_bet27,395.3531,395.3531,395.3531,395.3531,395.3531,4.000000,4.000000,4.000000,4.000000,4.000000,96.000000,96.000000,96.000000,96.000000,96.000000,5.0,1976.7655,1824.8244,7907.0621,8059.0032,PENDING_AG03,FALSE,NOT_FOR_ENFORCEMENT,9488.4745,2189415.6736,9883.8276,9488.4745,395.3531,0.00395337,0.00379523,395.3531,9488.4745,0.00379523,395.3531,395.3531,395.3531,395.3531,395.3531,9488.4745,0.00379523,1976.7655,1824.8244,7907.0621,8059.0032,0.00316269,0.00322347,0.00015813,212.5216,219.9480,0.9532,119.0823,2.3972,30121.7335,124.9277,49.0469,238.9093,36.5364,75.9244,374.9013,749.8027,789.266,1183.8989,75.8035,-1.1839,10.395423,15.593133,2.799122,29,215,300,5,0.03207536,0.00395337,0.05088190,0E-8,0.000000,0.912219,0.000000,-0.04848366,2026-03-31,2026-08-01,83,4123,1621,124,0.669355,0.205295,0.230786,0.106918,,,,,,,,GLOBAL_BASELINE_NO_ENTITY_RANKING,,,NOT_APPLICABLE_GLOBAL_BASELINE,HF9g-P5,,,,X 全窗基线 · 不参与实体赏罚,15055618,1506,A168_HF9F_20260827_0900,2026-08-27 09:00:00
2026-05-24,92755421,1151,0,789.2659826362,-19.7316495659,-19.7316495659,0.5000000,2,2,0.50665070000000000,0.506650700000,-0.018812684590367487,-0.018812684590367487,-0.018812684590367487,0E-17,ELIGIBLE,R03b_20260811_FULL_v1,L1_ELIGIBILITY,v2026-08-11,2026-03-21..2026-08-06,baccarat_bet02_101_all_pairs_incl_sentinel,round_win = game_pnl > 0 (decisive only),COMPATIBILITY_ONLY_NOT_PRODUCTION,2500103.8841,2280641.3266,9883.8276,11764,10369,-0.00395337,-0.05088190,-0.00239824,-0.00395337,-9883.8276,2500103.8841,OK,0.0000,395.3531,4.0000,96.0000,AG03-UNRESOLVED,ALL5_LEVELS_bet23_to_bet27,395.3531,395.3531,395.3531,395.3531,395.3531,4.000000,4.000000,4.000000,4.000000,4.000000,96.000000,96.000000,96.000000,96.000000,96.000000,5.0,1976.7655,1824.8244,7907.0621,8059.0032,PENDING_AG03,FALSE,NOT_FOR_ENFORCEMENT,9488.4745,2189415.6736,9883.8276,9488.4745,395.3531,0.00395337,0.00379523,395.3531,9488.4745,0.00379523,395.3531,395.3531,395.3531,395.3531,395.3531,9488.4745,0.00379523,1976.7655,1824.8244,7907.0621,8059.0032,0.00316269,0.00322347,0.00015813,212.5216,219.9480,0.9532,119.0823,2.3972,30121.7335,124.9277,49.0469,238.9093,36.5364,75.9244,374.9013,749.8027,789.266,1183.8989,75.8035,-1.1839,10.395423,15.593133,2.799122,29,215,300,5,0.03207536,0.00395337,0.05088190,0E-8,0.000000,0.912219,0.000000,-0.04848366,2026-03-31,2026-08-01,83,4123,1621,124,0.669355,0.205295,0.230786,0.106918,,,,,,,,GLOBAL_BASELINE_NO_ENTITY_RANKING,,,NOT_APPLICABLE_GLOBAL_BASELINE,HF9g-P5,,,,X 全窗基线 · 不参与实体赏罚,15055619,1506,A168_HF9F_20260827_0900,2026-08-27 09:00:00
2026-05-24,92755421,1221,0,789.2659826362,-789.2659826362,-789.2659826362,0E-7,2,2,0.50665070000000000,0.506650700000,-1.4331513700195317,-1.4331513700195317,-1.4331513700195317,0E-17,ELIGIBLE,R03b_20260811_FULL_v1,L1_ELIGIBILITY,v2026-08-11,2026-03-21..2026-08-06,baccarat_bet02_101_all_pairs_incl_sentinel,round_win = game_pnl > 0 (decisive only),COMPATIBILITY_ONLY_NOT_PRODUCTION,2500103.8841,2280641.3266,9883.8276,11764,10369,-0.00395337,-0.05088190,-0.00239824,-0.00395337,-9883.8276,2500103.8841,OK,0.0000,395.3531,4.0000,96.0000,AG03-UNRESOLVED,ALL5_LEVELS_bet23_to_bet27,395.3531,395.3531,395.3531,395.3531,395.3531,4.000000,4.000000,4.000000,4.000000,4.000000,96.000000,96.000000,96.000000,96.000000,96.000000,5.0,1976.7655,1824.8244,7907.0621,8059.0032,PENDING_AG03,FALSE,NOT_FOR_ENFORCEMENT,9488.4745,2189415.6736,9883.8276,9488.4745,395.3531,0.00395337,0.00379523,395.3531,9488.4745,0.00379523,395.3531,395.3531,395.3531,395.3531,395.3531,9488.4745,0.00379523,1976.7655,1824.8244,7907.0621,8059.0032,0.00316269,0.00322347,0.00015813,212.5216,219.9480,0.9532,119.0823,2.3972,30121.7335,124.9277,49.0469,238.9093,36.5364,75.9244,374.9013,749.8027,789.266,1183.8989,75.8035,-1.1839,10.395423,15.593133,2.799122,29,215,300,5,0.03207536,0.00395337,0.05088190,0E-8,0.000000,0.912219,0.000000,-0.04848366,2026-03-31,2026-08-01,83,4123,1621,124,0.669355,0.205295,0.230786,0.106918,,,,,,,,GLOBAL_BASELINE_NO_ENTITY_RANKING,,,NOT_APPLICABLE_GLOBAL_BASELINE,HF9g-P5,,,,X 全窗基线 · 不参与实体赏罚,15055620,1506,A168_HF9F_20260827_0900,2026-08-27 09:00:00
2026-05-24,92755421,1302,0,1106.1562746647,394.4356748224,394.4356748224,0.6666667,4,3,0.50162613282530102,0.423113866667,0.5717202034596435,0.8538470354145791,0.5717202034596435,0.07851226615830102,ELIGIBLE,R03b_20260811_FULL_v1,L1_ELIGIBILITY,v2026-08-11,2026-03-21..2026-08-06,baccarat_bet02_101_all_pairs_incl_sentinel,round_win = game_pnl > 0 (decisive only),COMPATIBILITY_ONLY_NOT_PRODUCTION,2500103.8841,2280641.3266,9883.8276,11764,10369,-0.00395337,-0.05088190,-0.00239824,-0.00395337,-9883.8276,2500103.8841,OK,0.0000,395.3531,4.0000,96.0000,AG03-UNRESOLVED,ALL5_LEVELS_bet23_to_bet27,395.3531,395.3531,395.3531,395.3531,395.3531,4.000000,4.000000,4.000000,4.000000,4.000000,96.000000,96.000000,96.000000,96.000000,96.000000,5.0,1976.7655,1824.8244,7907.0621,8059.0032,PENDING_AG03,FALSE,NOT_FOR_ENFORCEMENT,9488.4745,2189415.6736,9883.8276,9488.4745,395.3531,0.00395337,0.00379523,395.3531,9488.4745,0.00379523,395.3531,395.3531,395.3531,395.3531,395.3531,9488.4745,0.00379523,1976.7655,1824.8244,7907.0621,8059.0032,0.00316269,0.00322347,0.00015813,212.5216,219.9480,0.9532,119.0823,2.3972,30121.7335,124.9277,49.0469,238.9093,36.5364,75.9244,374.9013,749.8027,789.266,1183.8989,75.8035,-1.1839,10.395423,15.593133,2.799122,29,215,300,5,0.03207536,0.00395337,0.05088190,0E-8,0.000000,0.912219,0.000000,-0.04848366,2026-03-31,2026-08-01,83,4123,1621,124,0.669355,0.205295,0.230786,0.106918,,,,,,,,GLOBAL_BASELINE_NO_ENTITY_RANKING,,,NOT_APPLICABLE_GLOBAL_BASELINE,HF9g-P5,,,,X 全窗基线 · 不参与实体赏罚,15055621,1506,A168_HF9F_20260827_0900,2026-08-27 09:00:00
2026-05-24,92755421,1323,0,394.6329913181,394.6329913181,394.6329913181,1.0000000,1,1,0.49324550000000000,0.493245500000,1.01360149184955,1.01360149184955,1.01360149184955,0E-17,ELIGIBLE,R03b_20260811_FULL_v1,L1_ELIGIBILITY,v2026-08-11,2026-03-21..2026-08-06,baccarat_bet02_101_all_pairs_incl_sentinel,round_win = game_pnl > 0 (decisive only),COMPATIBILITY_ONLY_NOT_PRODUCTION,2500103.8841,2280641.3266,9883.8276,11764,10369,-0.00395337,-0.05088190,-0.00239824,-0.00395337,-9883.8276,2500103.8841,OK,0.0000,395.3531,4.0000,96.0000,AG03-UNRESOLVED,ALL5_LEVELS_bet23_to_bet27,395.3531,395.3531,395.3531,395.3531,395.3531,4.000000,4.000000,4.000000,4.000000,4.000000,96.000000,96.000000,96.000000,96.000000,96.000000,5.0,1976.7655,1824.8244,7907.0621,8059.0032,PENDING_AG03,FALSE,NOT_FOR_ENFORCEMENT,9488.4745,2189415.6736,9883.8276,9488.4745,395.3531,0.00395337,0.00379523,395.3531,9488.4745,0.00379523,395.3531,395.3531,395.3531,395.3531,395.3531,9488.4745,0.00379523,1976.7655,1824.8244,7907.0621,8059.0032,0.00316269,0.00322347,0.00015813,212.5216,219.9480,0.9532,119.0823,2.3972,30121.7335,124.9277,49.0469,238.9093,36.5364,75.9244,374.9013,749.8027,789.266,1183.8989,75.8035,-1.1839,10.395423,15.593133,2.799122,29,215,300,5,0.03207536,0.00395337,0.05088190,0E-8,0.000000,0.912219,0.000000,-0.04848366,2026-03-31,2026-08-01,83,4123,1621,124,0.669355,0.205295,0.230786,0.106918,,,,,,,,GLOBAL_BASELINE_NO_ENTITY_RANKING,,,NOT_APPLICABLE_GLOBAL_BASELINE,HF9g-P5,,,,X 全窗基线 · 不参与实体赏罚,15055622,1506,A168_HF9F_20260827_0900,2026-08-27 09:00:00
2026-05-24,92755421,1325,0,789.2659826362,-789.2659826362,-789.2659826362,0E-7,2,2,0.50665070000000000,0.506650700000,-1.4331513700195317,-1.4331513700195317,-1.4331513700195317,0E-17,ELIGIBLE,R03b_20260811_FULL_v1,L1_ELIGIBILITY,v2026-08-11,2026-03-21..2026-08-06,baccarat_bet02_101_all_pairs_incl_sentinel,round_win = game_pnl > 0 (decisive only),COMPATIBILITY_ONLY_NOT_PRODUCTION,2500103.8841,2280641.3266,9883.8276,11764,10369,-0.00395337,-0.05088190,-0.00239824,-0.00395337,-9883.8276,2500103.8841,OK,0.0000,395.3531,4.0000,96.0000,AG03-UNRESOLVED,ALL5_LEVELS_bet23_to_bet27,395.3531,395.3531,395.3531,395.3531,395.3531,4.000000,4.000000,4.000000,4.000000,4.000000,96.000000,96.000000,96.000000,96.000000,96.000000,5.0,1976.7655,1824.8244,7907.0621,8059.0032,PENDING_AG03,FALSE,NOT_FOR_ENFORCEMENT,9488.4745,2189415.6736,9883.8276,9488.4745,395.3531,0.00395337,0.00379523,395.3531,9488.4745,0.00379523,395.3531,395.3531,395.3531,395.3531,395.3531,9488.4745,0.00379523,1976.7655,1824.8244,7907.0621,8059.0032,0.00316269,0.00322347,0.00015813,212.5216,219.9480,0.9532,119.0823,2.3972,30121.7335,124.9277,49.0469,238.9093,36.5364,75.9244,374.9013,749.8027,789.266,1183.8989,75.8035,-1.1839,10.395423,15.593133,2.799122,29,215,300,5,0.03207536,0.00395337,0.05088190,0E-8,0.000000,0.912219,0.000000,-0.04848366,2026-03-31,2026-08-01,83,4123,1621,124,0.669355,0.205295,0.230786,0.106918,,,,,,,,GLOBAL_BASELINE_NO_ENTITY_RANKING,,,NOT_APPLICABLE_GLOBAL_BASELINE,HF9g-P5,,,,X 全窗基线 · 不参与实体赏罚,15055623,1506,A168_HF9F_20260827_0900,2026-08-27 09:00:00
2026-05-24,92755421,1331,0,394.6329913181,-394.6329913181,-394.6329913181,0E-7,1,1,0.50665070000000000,0.506650700000,-1.013391052207602,-1.013391052207602,-1.013391052207602,0E-17,ELIGIBLE,R03b_20260811_FULL_v1,L1_ELIGIBILITY,v2026-08-11,2026-03-21..2026-08-06,baccarat_bet02_101_all_pairs_incl_sentinel,round_win = game_pnl > 0 (decisive only),COMPATIBILITY_ONLY_NOT_PRODUCTION,2500103.8841,2280641.3266,9883.8276,11764,10369,-0.00395337,-0.05088190,-0.00239824,-0.00395337,-9883.8276,2500103.8841,OK,0.0000,395.3531,4.0000,96.0000,AG03-UNRESOLVED,ALL5_LEVELS_bet23_to_bet27,395.3531,395.3531,395.3531,395.3531,395.3531,4.000000,4.000000,4.000000,4.000000,4.000000,96.000000,96.000000,96.000000,96.000000,96.000000,5.0,1976.7655,1824.8244,7907.0621,8059.0032,PENDING_AG03,FALSE,NOT_FOR_ENFORCEMENT,9488.4745,2189415.6736,9883.8276,9488.4745,395.3531,0.00395337,0.00379523,395.3531,9488.4745,0.00379523,395.3531,395.3531,395.3531,395.3531,395.3531,9488.4745,0.00379523,1976.7655,1824.8244,7907.0621,8059.0032,0.00316269,0.00322347,0.00015813,212.5216,219.9480,0.9532,119.0823,2.3972,30121.7335,124.9277,49.0469,238.9093,36.5364,75.9244,374.9013,749.8027,789.266,1183.8989,75.8035,-1.1839,10.395423,15.593133,2.799122,29,215,300,5,0.03207536,0.00395337,0.05088190,0E-8,0.000000,0.912219,0.000000,-0.04848366,2026-03-31,2026-08-01,83,4123,1621,124,0.669355,0.205295,0.230786,0.106918,,,,,,,,GLOBAL_BASELINE_NO_ENTITY_RANKING,,,NOT_APPLICABLE_GLOBAL_BASELINE,HF9g-P5,,,,X 全窗基线 · 不参与实体赏罚,15055624,1506,A168_HF9F_20260827_0900,2026-08-27 09:00:00
2026-05-24,92755421,1353,0,197.3164956590,-197.3164956590,-197.3164956590,0E-7,1,1,0.50665070000000000,0.506650700000,-1.013391052207602,-1.013391052207602,-1.013391052207602,0E-17,ELIGIBLE,R03b_20260811_FULL_v1,L1_ELIGIBILITY,v2026-08-11,2026-03-21..2026-08-06,baccarat_bet02_101_all_pairs_incl_sentinel,round_win = game_pnl > 0 (decisive only),COMPATIBILITY_ONLY_NOT_PRODUCTION,2500103.8841,2280641.3266,9883.8276,11764,10369,-0.00395337,-0.05088190,-0.00239824,-0.00395337,-9883.8276,2500103.8841,OK,0.0000,395.3531,4.0000,96.0000,AG03-UNRESOLVED,ALL5_LEVELS_bet23_to_bet27,395.3531,395.3531,395.3531,395.3531,395.3531,4.000000,4.000000,4.000000,4.000000,4.000000,96.000000,96.000000,96.000000,96.000000,96.000000,5.0,1976.7655,1824.8244,7907.0621,8059.0032,PENDING_AG03,FALSE,NOT_FOR_ENFORCEMENT,9488.4745,2189415.6736,9883.8276,9488.4745,395.3531,0.00395337,0.00379523,395.3531,9488.4745,0.00379523,395.3531,395.3531,395.3531,395.3531,395.3531,9488.4745,0.00379523,1976.7655,1824.8244,7907.0621,8059.0032,0.00316269,0.00322347,0.00015813,212.5216,219.9480,0.9532,119.0823,2.3972,30121.7335,124.9277,49.0469,238.9093,36.5364,75.9244,374.9013,749.8027,789.266,1183.8989,75.8035,-1.1839,10.395423,15.593133,2.799122,29,215,300,5,0.03207536,0.00395337,0.05088190,0E-8,0.000000,0.912219,0.000000,-0.04848366,2026-03-31,2026-08-01,83,4123,1621,124,0.669355,0.205295,0.230786,0.106918,,,,,,,,GLOBAL_BASELINE_NO_ENTITY_RANKING,,,NOT_APPLICABLE_GLOBAL_BASELINE,HF9g-P5,,,,X 全窗基线 · 不参与实体赏罚,15055625,1506,A168_HF9F_20260827_0900,2026-08-27 09:00:00
2026-05-24,92755421,1382,0,4518.5477505922,513.0228887136,513.0228887136,0.6000000,11,11,0.50177608181818182,0.501776081818,0.6212265236101743,0.6212265236113235,0.6212265236101743,1.8182E-13,ELIGIBLE,R03b_20260811_FULL_v1,L1_ELIGIBILITY,v2026-08-11,2026-03-21..2026-08-06,baccarat_bet02_101_all_pairs_incl_sentinel,round_win = game_pnl > 0 (decisive only),COMPATIBILITY_ONLY_NOT_PRODUCTION,2500103.8841,2280641.3266,9883.8276,11764,10369,-0.00395337,-0.05088190,-0.00239824,-0.00395337,-9883.8276,2500103.8841,OK,0.0000,395.3531,4.0000,96.0000,AG03-UNRESOLVED,ALL5_LEVELS_bet23_to_bet27,395.3531,395.3531,395.3531,395.3531,395.3531,4.000000,4.000000,4.000000,4.000000,4.000000,96.000000,96.000000,96.000000,96.000000,96.000000,5.0,1976.7655,1824.8244,7907.0621,8059.0032,PENDING_AG03,FALSE,NOT_FOR_ENFORCEMENT,9488.4745,2189415.6736,9883.8276,9488.4745,395.3531,0.00395337,0.00379523,395.3531,9488.4745,0.00379523,395.3531,395.3531,395.3531,395.3531,395.3531,9488.4745,0.00379523,1976.7655,1824.8244,7907.0621,8059.0032,0.00316269,0.00322347,0.00015813,212.5216,219.9480,0.9532,119.0823,2.3972,30121.7335,124.9277,49.0469,238.9093,36.5364,75.9244,374.9013,749.8027,789.266,1183.8989,75.8035,-1.1839,10.395423,15.593133,2.799122,29,215,300,5,0.03207536,0.00395337,0.05088190,0E-8,0.000000,0.912219,0.000000,-0.04848366,2026-03-31,2026-08-01,83,4123,1621,124,0.669355,0.205295,0.230786,0.106918,,,,,,,,GLOBAL_BASELINE_NO_ENTITY_RANKING,,,NOT_APPLICABLE_GLOBAL_BASELINE,HF9g-P5,,,,X 全窗基线 · 不参与实体赏罚,15055626,1506,A168_HF9F_20260827_0900,2026-08-27 09:00:00
2026-05-24,92755421,1383,0,789.2659826362,-789.2659826362,-789.2659826362,0E-7,2,2,0.50665070000000000,0.506650700000,-1.4331513700195317,-1.4331513700195317,-1.4331513700195317,0E-17,ELIGIBLE,R03b_20260811_FULL_v1,L1_ELIGIBILITY,v2026-08-11,2026-03-21..2026-08-06,baccarat_bet02_101_all_pairs_incl_sentinel,round_win = game_pnl > 0 (decisive only),COMPATIBILITY_ONLY_NOT_PRODUCTION,2500103.8841,2280641.3266,9883.8276,11764,10369,-0.00395337,-0.05088190,-0.00239824,-0.00395337,-9883.8276,2500103.8841,OK,0.0000,395.3531,4.0000,96.0000,AG03-UNRESOLVED,ALL5_LEVELS_bet23_to_bet27,395.3531,395.3531,395.3531,395.3531,395.3531,4.000000,4.000000,4.000000,4.000000,4.000000,96.000000,96.000000,96.000000,96.000000,96.000000,5.0,1976.7655,1824.8244,7907.0621,8059.0032,PENDING_AG03,FALSE,NOT_FOR_ENFORCEMENT,9488.4745,2189415.6736,9883.8276,9488.4745,395.3531,0.00395337,0.00379523,395.3531,9488.4745,0.00379523,395.3531,395.3531,395.3531,395.3531,395.3531,9488.4745,0.00379523,1976.7655,1824.8244,7907.0621,8059.0032,0.00316269,0.00322347,0.00015813,212.5216,219.9480,0.9532,119.0823,2.3972,30121.7335,124.9277,49.0469,238.9093,36.5364,75.9244,374.9013,749.8027,789.266,1183.8989,75.8035,-1.1839,10.395423,15.593133,2.799122,29,215,300,5,0.03207536,0.00395337,0.05088190,0E-8,0.000000,0.912219,0.000000,-0.04848366,2026-03-31,2026-08-01,83,4123,1621,124,0.669355,0.205295,0.230786,0.106918,,,,,,,,GLOBAL_BASELINE_NO_ENTITY_RANKING,,,NOT_APPLICABLE_GLOBAL_BASELINE,HF9g-P5,,,,X 全窗基线 · 不参与实体赏罚,15055627,1506,A168_HF9F_20260827_0900,2026-08-27 09:00:00
2026-05-24,92755421,1396,0,1558.8003157065,-39.4632991318,-39.4632991318,0.5000000,4,4,0.49994810000000000,0.499948100000,0.00020760000111838688,0.00020760000111838688,0.00020760000111838688,0E-17,ELIGIBLE,R03b_20260811_FULL_v1,L1_ELIGIBILITY,v2026-08-11,2026-03-21..2026-08-06,baccarat_bet02_101_all_pairs_incl_sentinel,round_win = game_pnl > 0 (decisive only),COMPATIBILITY_ONLY_NOT_PRODUCTION,2500103.8841,2280641.3266,9883.8276,11764,10369,-0.00395337,-0.05088190,-0.00239824,-0.00395337,-9883.8276,2500103.8841,OK,0.0000,395.3531,4.0000,96.0000,AG03-UNRESOLVED,ALL5_LEVELS_bet23_to_bet27,395.3531,395.3531,395.3531,395.3531,395.3531,4.000000,4.000000,4.000000,4.000000,4.000000,96.000000,96.000000,96.000000,96.000000,96.000000,5.0,1976.7655,1824.8244,7907.0621,8059.0032,PENDING_AG03,FALSE,NOT_FOR_ENFORCEMENT,9488.4745,2189415.6736,9883.8276,9488.4745,395.3531,0.00395337,0.00379523,395.3531,9488.4745,0.00379523,395.3531,395.3531,395.3531,395.3531,395.3531,9488.4745,0.00379523,1976.7655,1824.8244,7907.0621,8059.0032,0.00316269,0.00322347,0.00015813,212.5216,219.9480,0.9532,119.0823,2.3972,30121.7335,124.9277,49.0469,238.9093,36.5364,75.9244,374.9013,749.8027,789.266,1183.8989,75.8035,-1.1839,10.395423,15.593133,2.799122,29,215,300,5,0.03207536,0.00395337,0.05088190,0E-8,0.000000,0.912219,0.000000,-0.04848366,2026-03-31,2026-08-01,83,4123,1621,124,0.669355,0.205295,0.230786,0.106918,,,,,,,,GLOBAL_BASELINE_NO_ENTITY_RANKING,,,NOT_APPLICABLE_GLOBAL_BASELINE,HF9g-P5,,,,X 全窗基线 · 不参与实体赏罚,15055628,1506,A168_HF9F_20260827_0900,2026-08-27 09:00:00
2026-05-24,92755421,1399,0,1953.4333070246,749.8026835044,749.8026835044,0.7500000,5,5,0.49860758000000000,0.498607580000,1.005573579286957,1.005573579286957,1.005573579286957,0E-17,ELIGIBLE,R03b_20260811_FULL_v1,L1_ELIGIBILITY,v2026-08-11,2026-03-21..2026-08-06,baccarat_bet02_101_all_pairs_incl_sentinel,round_win = game_pnl > 0 (decisive only),COMPATIBILITY_ONLY_NOT_PRODUCTION,2500103.8841,2280641.3266,9883.8276,11764,10369,-0.00395337,-0.05088190,-0.00239824,-0.00395337,-9883.8276,2500103.8841,OK,0.0000,395.3531,4.0000,96.0000,AG03-UNRESOLVED,ALL5_LEVELS_bet23_to_bet27,395.3531,395.3531,395.3531,395.3531,395.3531,4.000000,4.000000,4.000000,4.000000,4.000000,96.000000,96.000000,96.000000,96.000000,96.000000,5.0,1976.7655,1824.8244,7907.0621,8059.0032,PENDING_AG03,FALSE,NOT_FOR_ENFORCEMENT,9488.4745,2189415.6736,9883.8276,9488.4745,395.3531,0.00395337,0.00379523,395.3531,9488.4745,0.00379523,395.3531,395.3531,395.3531,395.3531,395.3531,9488.4745,0.00379523,1976.7655,1824.8244,7907.0621,8059.0032,0.00316269,0.00322347,0.00015813,212.5216,219.9480,0.9532,119.0823,2.3972,30121.7335,124.9277,49.0469,238.9093,36.5364,75.9244,374.9013,749.8027,789.266,1183.8989,75.8035,-1.1839,10.395423,15.593133,2.799122,29,215,300,5,0.03207536,0.00395337,0.05088190,0E-8,0.000000,0.912219,0.000000,-0.04848366,2026-03-31,2026-08-01,83,4123,1621,124,0.669355,0.205295,0.230786,0.106918,,,,,,,,GLOBAL_BASELINE_NO_ENTITY_RANKING,,,NOT_APPLICABLE_GLOBAL_BASELINE,HF9g-P5,,,,X 全窗基线 · 不参与实体赏罚,15055629,1506,A168_HF9F_20260827_0900,2026-08-27 09:00:00
2026-05-24,92755421,1400,0,394.6329913181,-394.6329913181,-394.6329913181,0E-7,1,1,0.50665070000000000,0.506650700000,-1.013391052207602,-1.013391052207602,-1.013391052207602,0E-17,ELIGIBLE,R03b_20260811_FULL_v1,L1_ELIGIBILITY,v2026-08-11,2026-03-21..2026-08-06,baccarat_bet02_101_all_pairs_incl_sentinel,round_win = game_pnl > 0 (decisive only),COMPATIBILITY_ONLY_NOT_PRODUCTION,2500103.8841,2280641.3266,9883.8276,11764,10369,-0.00395337,-0.05088190,-0.00239824,-0.00395337,-9883.8276,2500103.8841,OK,0.0000,395.3531,4.0000,96.0000,AG03-UNRESOLVED,ALL5_LEVELS_bet23_to_bet27,395.3531,395.3531,395.3531,395.3531,395.3531,4.000000,4.000000,4.000000,4.000000,4.000000,96.000000,96.000000,96.000000,96.000000,96.000000,5.0,1976.7655,1824.8244,7907.0621,8059.0032,PENDING_AG03,FALSE,NOT_FOR_ENFORCEMENT,9488.4745,2189415.6736,9883.8276,9488.4745,395.3531,0.00395337,0.00379523,395.3531,9488.4745,0.00379523,395.3531,395.3531,395.3531,395.3531,395.3531,9488.4745,0.00379523,1976.7655,1824.8244,7907.0621,8059.0032,0.00316269,0.00322347,0.00015813,212.5216,219.9480,0.9532,119.0823,2.3972,30121.7335,124.9277,49.0469,238.9093,36.5364,75.9244,374.9013,749.8027,789.266,1183.8989,75.8035,-1.1839,10.395423,15.593133,2.799122,29,215,300,5,0.03207536,0.00395337,0.05088190,0E-8,0.000000,0.912219,0.000000,-0.04848366,2026-03-31,2026-08-01,83,4123,1621,124,0.669355,0.205295,0.230786,0.106918,,,,,,,,GLOBAL_BASELINE_NO_ENTITY_RANKING,,,NOT_APPLICABLE_GLOBAL_BASELINE,HF9g-P5,,,,X 全窗基线 · 不参与实体赏罚,15055630,1506,A168_HF9F_20260827_0900,2026-08-27 09:00:00
2026-05-24,92755421,1490,0,2979.4790844516,-335.4380426203,-335.4380426203,0.5000000,7,7,0.50090561428571429,0.500905614286,-0.00443659308478647,-0.004436593086186165,-0.00443659308478647,-2.8571E-13,ELIGIBLE,R03b_20260811_FULL_v1,L1_ELIGIBILITY,v2026-08-11,2026-03-21..2026-08-06,baccarat_bet02_101_all_pairs_incl_sentinel,round_win = game_pnl > 0 (decisive only),COMPATIBILITY_ONLY_NOT_PRODUCTION,2500103.8841,2280641.3266,9883.8276,11764,10369,-0.00395337,-0.05088190,-0.00239824,-0.00395337,-9883.8276,2500103.8841,OK,0.0000,395.3531,4.0000,96.0000,AG03-UNRESOLVED,ALL5_LEVELS_bet23_to_bet27,395.3531,395.3531,395.3531,395.3531,395.3531,4.000000,4.000000,4.000000,4.000000,4.000000,96.000000,96.000000,96.000000,96.000000,96.000000,5.0,1976.7655,1824.8244,7907.0621,8059.0032,PENDING_AG03,FALSE,NOT_FOR_ENFORCEMENT,9488.4745,2189415.6736,9883.8276,9488.4745,395.3531,0.00395337,0.00379523,395.3531,9488.4745,0.00379523,395.3531,395.3531,395.3531,395.3531,395.3531,9488.4745,0.00379523,1976.7655,1824.8244,7907.0621,8059.0032,0.00316269,0.00322347,0.00015813,212.5216,219.9480,0.9532,119.0823,2.3972,30121.7335,124.9277,49.0469,238.9093,36.5364,75.9244,374.9013,749.8027,789.266,1183.8989,75.8035,-1.1839,10.395423,15.593133,2.799122,29,215,300,5,0.03207536,0.00395337,0.05088190,0E-8,0.000000,0.912219,0.000000,-0.04848366,2026-03-31,2026-08-01,83,4123,1621,124,0.669355,0.205295,0.230786,0.106918,,,,,,,,GLOBAL_BASELINE_NO_ENTITY_RANKING,,,NOT_APPLICABLE_GLOBAL_BASELINE,HF9g-P5,,,,X 全窗基线 · 不参与实体赏罚,15055631,1506,A168_HF9F_20260827_0900,2026-08-27 09:00:00
2026-05-24,92755421,1509,0,789.2659826362,-789.2659826362,-789.2659826362,0E-7,2,2,0.49994810000000000,0.499948100000,-1.4140667746232096,-1.4140667746232096,-1.4140667746232096,0E-17,ELIGIBLE,R03b_20260811_FULL_v1,L1_ELIGIBILITY,v2026-08-11,2026-03-21..2026-08-06,baccarat_bet02_101_all_pairs_incl_sentinel,round_win = game_pnl > 0 (decisive only),COMPATIBILITY_ONLY_NOT_PRODUCTION,2500103.8841,2280641.3266,9883.8276,11764,10369,-0.00395337,-0.05088190,-0.00239824,-0.00395337,-9883.8276,2500103.8841,OK,0.0000,395.3531,4.0000,96.0000,AG03-UNRESOLVED,ALL5_LEVELS_bet23_to_bet27,395.3531,395.3531,395.3531,395.3531,395.3531,4.000000,4.000000,4.000000,4.000000,4.000000,96.000000,96.000000,96.000000,96.000000,96.000000,5.0,1976.7655,1824.8244,7907.0621,8059.0032,PENDING_AG03,FALSE,NOT_FOR_ENFORCEMENT,9488.4745,2189415.6736,9883.8276,9488.4745,395.3531,0.00395337,0.00379523,395.3531,9488.4745,0.00379523,395.3531,395.3531,395.3531,395.3531,395.3531,9488.4745,0.00379523,1976.7655,1824.8244,7907.0621,8059.0032,0.00316269,0.00322347,0.00015813,212.5216,219.9480,0.9532,119.0823,2.3972,30121.7335,124.9277,49.0469,238.9093,36.5364,75.9244,374.9013,749.8027,789.266,1183.8989,75.8035,-1.1839,10.395423,15.593133,2.799122,29,215,300,5,0.03207536,0.00395337,0.05088190,0E-8,0.000000,0.912219,0.000000,-0.04848366,2026-03-31,2026-08-01,83,4123,1621,124,0.669355,0.205295,0.230786,0.106918,,,,,,,,GLOBAL_BASELINE_NO_ENTITY_RANKING,,,NOT_APPLICABLE_GLOBAL_BASELINE,HF9g-P5,,,,X 全窗基线 · 不参与实体赏罚,15055632,1506,A168_HF9F_20260827_0900,2026-08-27 09:00:00
2026-05-24,92755421,1623,0,769.5343330703,0E-10,0E-10,0.5000000,2,2,0.50665070000000000,0.506650700000,-0.018812684590367487,-0.018812684590367487,-0.018812684590367487,0E-17,ELIGIBLE,R03b_20260811_FULL_v1,L1_ELIGIBILITY,v2026-08-11,2026-03-21..2026-08-06,baccarat_bet02_101_all_pairs_incl_sentinel,round_win = game_pnl > 0 (decisive only),COMPATIBILITY_ONLY_NOT_PRODUCTION,2500103.8841,2280641.3266,9883.8276,11764,10369,-0.00395337,-0.05088190,-0.00239824,-0.00395337,-9883.8276,2500103.8841,OK,0.0000,395.3531,4.0000,96.0000,AG03-UNRESOLVED,ALL5_LEVELS_bet23_to_bet27,395.3531,395.3531,395.3531,395.3531,395.3531,4.000000,4.000000,4.000000,4.000000,4.000000,96.000000,96.000000,96.000000,96.000000,96.000000,5.0,1976.7655,1824.8244,7907.0621,8059.0032,PENDING_AG03,FALSE,NOT_FOR_ENFORCEMENT,9488.4745,2189415.6736,9883.8276,9488.4745,395.3531,0.00395337,0.00379523,395.3531,9488.4745,0.00379523,395.3531,395.3531,395.3531,395.3531,395.3531,9488.4745,0.00379523,1976.7655,1824.8244,7907.0621,8059.0032,0.00316269,0.00322347,0.00015813,212.5216,219.9480,0.9532,119.0823,2.3972,30121.7335,124.9277,49.0469,238.9093,36.5364,75.9244,374.9013,749.8027,789.266,1183.8989,75.8035,-1.1839,10.395423,15.593133,2.799122,29,215,300,5,0.03207536,0.00395337,0.05088190,0E-8,0.000000,0.912219,0.000000,-0.04848366,2026-03-31,2026-08-01,83,4123,1621,124,0.669355,0.205295,0.230786,0.106918,,,,,,,,GLOBAL_BASELINE_NO_ENTITY_RANKING,,,NOT_APPLICABLE_GLOBAL_BASELINE,HF9g-P5,,,,X 全窗基线 · 不参与实体赏罚,15055633,1506,A168_HF9F_20260827_0900,2026-08-27 09:00:00
2026-05-24,92755421,1654,0,1543.0149960538,-398.5793212313,-398.5793212313,0.3333333,5,4,0.49874063514850910,0.438971125000,-0.5729895188989692,-0.3686967906102297,-0.5729895188989692,0.05976951014850910,ELIGIBLE,R03b_20260811_FULL_v1,L1_ELIGIBILITY,v2026-08-11,2026-03-21..2026-08-06,baccarat_bet02_101_all_pairs_incl_sentinel,round_win = game_pnl > 0 (decisive only),COMPATIBILITY_ONLY_NOT_PRODUCTION,2500103.8841,2280641.3266,9883.8276,11764,10369,-0.00395337,-0.05088190,-0.00239824,-0.00395337,-9883.8276,2500103.8841,OK,0.0000,395.3531,4.0000,96.0000,AG03-UNRESOLVED,ALL5_LEVELS_bet23_to_bet27,395.3531,395.3531,395.3531,395.3531,395.3531,4.000000,4.000000,4.000000,4.000000,4.000000,96.000000,96.000000,96.000000,96.000000,96.000000,5.0,1976.7655,1824.8244,7907.0621,8059.0032,PENDING_AG03,FALSE,NOT_FOR_ENFORCEMENT,9488.4745,2189415.6736,9883.8276,9488.4745,395.3531,0.00395337,0.00379523,395.3531,9488.4745,0.00379523,395.3531,395.3531,395.3531,395.3531,395.3531,9488.4745,0.00379523,1976.7655,1824.8244,7907.0621,8059.0032,0.00316269,0.00322347,0.00015813,212.5216,219.9480,0.9532,119.0823,2.3972,30121.7335,124.9277,49.0469,238.9093,36.5364,75.9244,374.9013,749.8027,789.266,1183.8989,75.8035,-1.1839,10.395423,15.593133,2.799122,29,215,300,5,0.03207536,0.00395337,0.05088190,0E-8,0.000000,0.912219,0.000000,-0.04848366,2026-03-31,2026-08-01,83,4123,1621,124,0.669355,0.205295,0.230786,0.106918,,,,,,,,GLOBAL_BASELINE_NO_ENTITY_RANKING,,,NOT_APPLICABLE_GLOBAL_BASELINE,HF9g-P5,,,,X 全窗基线 · 不参与实体赏罚,15055634,1506,A168_HF9F_20260827_0900,2026-08-27 09:00:00
2026-05-24,92755421,1702,0,1183.8989739543,1124.7040252566,1124.7040252566,1.0000000,3,3,0.50665070000000000,0.506650700000,1.7091633124209307,1.7091633124209307,1.7091633124209307,0E-17,ELIGIBLE,R03b_20260811_FULL_v1,L1_ELIGIBILITY,v2026-08-11,2026-03-21..2026-08-06,baccarat_bet02_101_all_pairs_incl_sentinel,round_win = game_pnl > 0 (decisive only),COMPATIBILITY_ONLY_NOT_PRODUCTION,2500103.8841,2280641.3266,9883.8276,11764,10369,-0.00395337,-0.05088190,-0.00239824,-0.00395337,-9883.8276,2500103.8841,OK,0.0000,395.3531,4.0000,96.0000,AG03-UNRESOLVED,ALL5_LEVELS_bet23_to_bet27,395.3531,395.3531,395.3531,395.3531,395.3531,4.000000,4.000000,4.000000,4.000000,4.000000,96.000000,96.000000,96.000000,96.000000,96.000000,5.0,1976.7655,1824.8244,7907.0621,8059.0032,PENDING_AG03,FALSE,NOT_FOR_ENFORCEMENT,9488.4745,2189415.6736,9883.8276,9488.4745,395.3531,0.00395337,0.00379523,395.3531,9488.4745,0.00379523,395.3531,395.3531,395.3531,395.3531,395.3531,9488.4745,0.00379523,1976.7655,1824.8244,7907.0621,8059.0032,0.00316269,0.00322347,0.00015813,212.5216,219.9480,0.9532,119.0823,2.3972,30121.7335,124.9277,49.0469,238.9093,36.5364,75.9244,374.9013,749.8027,789.266,1183.8989,75.8035,-1.1839,10.395423,15.593133,2.799122,29,215,300,5,0.03207536,0.00395337,0.05088190,0E-8,0.000000,0.912219,0.000000,-0.04848366,2026-03-31,2026-08-01,83,4123,1621,124,0.669355,0.205295,0.230786,0.106918,,,,,,,,GLOBAL_BASELINE_NO_ENTITY_RANKING,,,NOT_APPLICABLE_GLOBAL_BASELINE,HF9g-P5,,,,X 全窗基线 · 不参与实体赏罚,15055635,1506,A168_HF9F_20260827_0900,2026-08-27 09:00:00
2026-05-24,92755421,1710,0,1796.3693764799,-632.2020520915,-632.2020520915,0.3333333,5,4,0.50314714787765990,0.442322425000,-0.5882639623187372,-0.38008662811033755,-0.5882639623187372,0.06082472287765990,ELIGIBLE,R03b_20260811_FULL_v1,L1_ELIGIBILITY,v2026-08-11,2026-03-21..2026-08-06,baccarat_bet02_101_all_pairs_incl_sentinel,round_win = game_pnl > 0 (decisive only),COMPATIBILITY_ONLY_NOT_PRODUCTION,2500103.8841,2280641.3266,9883.8276,11764,10369,-0.00395337,-0.05088190,-0.00239824,-0.00395337,-9883.8276,2500103.8841,OK,0.0000,395.3531,4.0000,96.0000,AG03-UNRESOLVED,ALL5_LEVELS_bet23_to_bet27,395.3531,395.3531,395.3531,395.3531,395.3531,4.000000,4.000000,4.000000,4.000000,4.000000,96.000000,96.000000,96.000000,96.000000,96.000000,5.0,1976.7655,1824.8244,7907.0621,8059.0032,PENDING_AG03,FALSE,NOT_FOR_ENFORCEMENT,9488.4745,2189415.6736,9883.8276,9488.4745,395.3531,0.00395337,0.00379523,395.3531,9488.4745,0.00379523,395.3531,395.3531,395.3531,395.3531,395.3531,9488.4745,0.00379523,1976.7655,1824.8244,7907.0621,8059.0032,0.00316269,0.00322347,0.00015813,212.5216,219.9480,0.9532,119.0823,2.3972,30121.7335,124.9277,49.0469,238.9093,36.5364,75.9244,374.9013,749.8027,789.266,1183.8989,75.8035,-1.1839,10.395423,15.593133,2.799122,29,215,300,5,0.03207536,0.00395337,0.05088190,0E-8,0.000000,0.912219,0.000000,-0.04848366,2026-03-31,2026-08-01,83,4123,1621,124,0.669355,0.205295,0.230786,0.106918,,,,,,,,GLOBAL_BASELINE_NO_ENTITY_RANKING,,,NOT_APPLICABLE_GLOBAL_BASELINE,HF9g-P5,,,,X 全窗基线 · 不参与实体赏罚,15055636,1506,A168_HF9F_20260827_0900,2026-08-27 09:00:00
2026-05-24,92755421,1750,0,2724.1515390689,-395.8168902921,-395.8168902921,0.4285714,8,7,0.49686221104781071,0.463189085714,-0.3613679704664448,-0.18367788290348241,-0.3613679704664448,0.03367312533381071,ELIGIBLE,R03b_20260811_FULL_v1,L1_ELIGIBILITY,v2026-08-11,2026-03-21..2026-08-06,baccarat_bet02_101_all_pairs_incl_sentinel,round_win = game_pnl > 0 (decisive only),COMPATIBILITY_ONLY_NOT_PRODUCTION,2500103.8841,2280641.3266,9883.8276,11764,10369,-0.00395337,-0.05088190,-0.00239824,-0.00395337,-9883.8276,2500103.8841,OK,0.0000,395.3531,4.0000,96.0000,AG03-UNRESOLVED,ALL5_LEVELS_bet23_to_bet27,395.3531,395.3531,395.3531,395.3531,395.3531,4.000000,4.000000,4.000000,4.000000,4.000000,96.000000,96.000000,96.000000,96.000000,96.000000,5.0,1976.7655,1824.8244,7907.0621,8059.0032,PENDING_AG03,FALSE,NOT_FOR_ENFORCEMENT,9488.4745,2189415.6736,9883.8276,9488.4745,395.3531,0.00395337,0.00379523,395.3531,9488.4745,0.00379523,395.3531,395.3531,395.3531,395.3531,395.3531,9488.4745,0.00379523,1976.7655,1824.8244,7907.0621,8059.0032,0.00316269,0.00322347,0.00015813,212.5216,219.9480,0.9532,119.0823,2.3972,30121.7335,124.9277,49.0469,238.9093,36.5364,75.9244,374.9013,749.8027,789.266,1183.8989,75.8035,-1.1839,10.395423,15.593133,2.799122,29,215,300,5,0.03207536,0.00395337,0.05088190,0E-8,0.000000,0.912219,0.000000,-0.04848366,2026-03-31,2026-08-01,83,4123,1621,124,0.669355,0.205295,0.230786,0.106918,,,,,,,,GLOBAL_BASELINE_NO_ENTITY_RANKING,,,NOT_APPLICABLE_GLOBAL_BASELINE,HF9g-P5,,,,X 全窗基线 · 不参与实体赏罚,15055637,1506,A168_HF9F_20260827_0900,2026-08-27 09:00:00
2026-05-24,92755421,1935,0,789.2659826362,0E-10,0E-10,0.5000000,2,2,0.49324550000000000,0.493245500000,0.01910635448239258,0.01910635448239258,0.01910635448239258,0E-17,ELIGIBLE,R03b_20260811_FULL_v1,L1_ELIGIBILITY,v2026-08-11,2026-03-21..2026-08-06,baccarat_bet02_101_all_pairs_incl_sentinel,round_win = game_pnl > 0 (decisive only),COMPATIBILITY_ONLY_NOT_PRODUCTION,2500103.8841,2280641.3266,9883.8276,11764,10369,-0.00395337,-0.05088190,-0.00239824,-0.00395337,-9883.8276,2500103.8841,OK,0.0000,395.3531,4.0000,96.0000,AG03-UNRESOLVED,ALL5_LEVELS_bet23_to_bet27,395.3531,395.3531,395.3531,395.3531,395.3531,4.000000,4.000000,4.000000,4.000000,4.000000,96.000000,96.000000,96.000000,96.000000,96.000000,5.0,1976.7655,1824.8244,7907.0621,8059.0032,PENDING_AG03,FALSE,NOT_FOR_ENFORCEMENT,9488.4745,2189415.6736,9883.8276,9488.4745,395.3531,0.00395337,0.00379523,395.3531,9488.4745,0.00379523,395.3531,395.3531,395.3531,395.3531,395.3531,9488.4745,0.00379523,1976.7655,1824.8244,7907.0621,8059.0032,0.00316269,0.00322347,0.00015813,212.5216,219.9480,0.9532,119.0823,2.3972,30121.7335,124.9277,49.0469,238.9093,36.5364,75.9244,374.9013,749.8027,789.266,1183.8989,75.8035,-1.1839,10.395423,15.593133,2.799122,29,215,300,5,0.03207536,0.00395337,0.05088190,0E-8,0.000000,0.912219,0.000000,-0.04848366,2026-03-31,2026-08-01,83,4123,1621,124,0.669355,0.205295,0.230786,0.106918,,,,,,,,GLOBAL_BASELINE_NO_ENTITY_RANKING,,,NOT_APPLICABLE_GLOBAL_BASELINE,HF9g-P5,,,,X 全窗基线 · 不参与实体赏罚,15055638,1506,A168_HF9F_20260827_0900,2026-08-27 09:00:00
2026-05-24,92755421,1947,0,394.6329913180,0E-10,0E-10,,2,1,0.49994810000000000,0.499948100000,,,,0E-17,NO_DECISIVE_ROUND,R03b_20260811_FULL_v1,L1_ELIGIBILITY,v2026-08-11,2026-03-21..2026-08-06,baccarat_bet02_101_all_pairs_incl_sentinel,round_win = game_pnl > 0 (decisive only),COMPATIBILITY_ONLY_NOT_PRODUCTION,2500103.8841,2280641.3266,9883.8276,11764,10369,-0.00395337,-0.05088190,-0.00239824,-0.00395337,-9883.8276,2500103.8841,OK,0.0000,395.3531,4.0000,96.0000,AG03-UNRESOLVED,ALL5_LEVELS_bet23_to_bet27,395.3531,395.3531,395.3531,395.3531,395.3531,4.000000,4.000000,4.000000,4.000000,4.000000,96.000000,96.000000,96.000000,96.000000,96.000000,5.0,1976.7655,1824.8244,7907.0621,8059.0032,PENDING_AG03,FALSE,NOT_FOR_ENFORCEMENT,9488.4745,2189415.6736,9883.8276,9488.4745,395.3531,0.00395337,0.00379523,395.3531,9488.4745,0.00379523,395.3531,395.3531,395.3531,395.3531,395.3531,9488.4745,0.00379523,1976.7655,1824.8244,7907.0621,8059.0032,0.00316269,0.00322347,0.00015813,212.5216,219.9480,0.9532,119.0823,2.3972,30121.7335,124.9277,49.0469,238.9093,36.5364,75.9244,374.9013,749.8027,789.266,1183.8989,75.8035,-1.1839,10.395423,15.593133,2.799122,29,215,300,5,0.03207536,0.00395337,0.05088190,0E-8,0.000000,0.912219,0.000000,-0.04848366,2026-03-31,2026-08-01,83,4123,1621,124,0.669355,0.205295,0.230786,0.106918,,,,,,,,GLOBAL_BASELINE_NO_ENTITY_RANKING,,,NOT_APPLICABLE_GLOBAL_BASELINE,HF9g-P5,,,,X 全窗基线 · 不参与实体赏罚,15055639,1506,A168_HF9F_20260827_0900,2026-08-27 09:00:00
2026-05-24,92755421,1957,0,1738.3583267561,-232.7348066299,-232.7348066299,0.5000000,7,6,0.49822922101448423,0.460413883333,0.008675064327757815,0.1945422509435816,0.008675064327757815,0.03781533768148423,ELIGIBLE,R03b_20260811_FULL_v1,L1_ELIGIBILITY,v2026-08-11,2026-03-21..2026-08-06,baccarat_bet02_101_all_pairs_incl_sentinel,round_win = game_pnl > 0 (decisive only),COMPATIBILITY_ONLY_NOT_PRODUCTION,2500103.8841,2280641.3266,9883.8276,11764,10369,-0.00395337,-0.05088190,-0.00239824,-0.00395337,-9883.8276,2500103.8841,OK,0.0000,395.3531,4.0000,96.0000,AG03-UNRESOLVED,ALL5_LEVELS_bet23_to_bet27,395.3531,395.3531,395.3531,395.3531,395.3531,4.000000,4.000000,4.000000,4.000000,4.000000,96.000000,96.000000,96.000000,96.000000,96.000000,5.0,1976.7655,1824.8244,7907.0621,8059.0032,PENDING_AG03,FALSE,NOT_FOR_ENFORCEMENT,9488.4745,2189415.6736,9883.8276,9488.4745,395.3531,0.00395337,0.00379523,395.3531,9488.4745,0.00379523,395.3531,395.3531,395.3531,395.3531,395.3531,9488.4745,0.00379523,1976.7655,1824.8244,7907.0621,8059.0032,0.00316269,0.00322347,0.00015813,212.5216,219.9480,0.9532,119.0823,2.3972,30121.7335,124.9277,49.0469,238.9093,36.5364,75.9244,374.9013,749.8027,789.266,1183.8989,75.8035,-1.1839,10.395423,15.593133,2.799122,29,215,300,5,0.03207536,0.00395337,0.05088190,0E-8,0.000000,0.912219,0.000000,-0.04848366,2026-03-31,2026-08-01,83,4123,1621,124,0.669355,0.205295,0.230786,0.106918,,,,,,,,GLOBAL_BASELINE_NO_ENTITY_RANKING,,,NOT_APPLICABLE_GLOBAL_BASELINE,HF9g-P5,,,,X 全窗基线 · 不参与实体赏罚,15055640,1506,A168_HF9F_20260827_0900,2026-08-27 09:00:00
2026-05-24,92755421,1994,0,1536.3062352014,-16.9692186267,-16.9692186267,0.5000000,5,4,0.49827157655799959,0.442322425000,0.0069137350769675025,0.23226080057400214,0.0069137350769675025,0.05594915155799959,ELIGIBLE,R03b_20260811_FULL_v1,L1_ELIGIBILITY,v2026-08-11,2026-03-21..2026-08-06,baccarat_bet02_101_all_pairs_incl_sentinel,round_win = game_pnl > 0 (decisive only),COMPATIBILITY_ONLY_NOT_PRODUCTION,2500103.8841,2280641.3266,9883.8276,11764,10369,-0.00395337,-0.05088190,-0.00239824,-0.00395337,-9883.8276,2500103.8841,OK,0.0000,395.3531,4.0000,96.0000,AG03-UNRESOLVED,ALL5_LEVELS_bet23_to_bet27,395.3531,395.3531,395.3531,395.3531,395.3531,4.000000,4.000000,4.000000,4.000000,4.000000,96.000000,96.000000,96.000000,96.000000,96.000000,5.0,1976.7655,1824.8244,7907.0621,8059.0032,PENDING_AG03,FALSE,NOT_FOR_ENFORCEMENT,9488.4745,2189415.6736,9883.8276,9488.4745,395.3531,0.00395337,0.00379523,395.3531,9488.4745,0.00379523,395.3531,395.3531,395.3531,395.3531,395.3531,9488.4745,0.00379523,1976.7655,1824.8244,7907.0621,8059.0032,0.00316269,0.00322347,0.00015813,212.5216,219.9480,0.9532,119.0823,2.3972,30121.7335,124.9277,49.0469,238.9093,36.5364,75.9244,374.9013,749.8027,789.266,1183.8989,75.8035,-1.1839,10.395423,15.593133,2.799122,29,215,300,5,0.03207536,0.00395337,0.05088190,0E-8,0.000000,0.912219,0.000000,-0.04848366,2026-03-31,2026-08-01,83,4123,1621,124,0.669355,0.205295,0.230786,0.106918,,,,,,,,GLOBAL_BASELINE_NO_ENTITY_RANKING,,,NOT_APPLICABLE_GLOBAL_BASELINE,HF9g-P5,,,,X 全窗基线 · 不参与实体赏罚,15055641,1506,A168_HF9F_20260827_0900,2026-08-27 09:00:00
2026-05-24,92755421,2088,0,5552.0915548544,1367.2059984216,1367.2059984216,0.6250000,18,16,0.49735268702249843,0.469878525000,1.0211928175021336,1.2432298235083532,1.0211928175021336,0.02747416202249843,ELIGIBLE,R03b_20260811_FULL_v1,L1_ELIGIBILITY,v2026-08-11,2026-03-21..2026-08-06,baccarat_bet02_101_all_pairs_incl_sentinel,round_win = game_pnl > 0 (decisive only),COMPATIBILITY_ONLY_NOT_PRODUCTION,2500103.8841,2280641.3266,9883.8276,11764,10369,-0.00395337,-0.05088190,-0.00239824,-0.00395337,-9883.8276,2500103.8841,OK,0.0000,395.3531,4.0000,96.0000,AG03-UNRESOLVED,ALL5_LEVELS_bet23_to_bet27,395.3531,395.3531,395.3531,395.3531,395.3531,4.000000,4.000000,4.000000,4.000000,4.000000,96.000000,96.000000,96.000000,96.000000,96.000000,5.0,1976.7655,1824.8244,7907.0621,8059.0032,PENDING_AG03,FALSE,NOT_FOR_ENFORCEMENT,9488.4745,2189415.6736,9883.8276,9488.4745,395.3531,0.00395337,0.00379523,395.3531,9488.4745,0.00379523,395.3531,395.3531,395.3531,395.3531,395.3531,9488.4745,0.00379523,1976.7655,1824.8244,7907.0621,8059.0032,0.00316269,0.00322347,0.00015813,212.5216,219.9480,0.9532,119.0823,2.3972,30121.7335,124.9277,49.0469,238.9093,36.5364,75.9244,374.9013,749.8027,789.266,1183.8989,75.8035,-1.1839,10.395423,15.593133,2.799122,29,215,300,5,0.03207536,0.00395337,0.05088190,0E-8,0.000000,0.912219,0.000000,-0.04848366,2026-03-31,2026-08-01,83,4123,1621,124,0.669355,0.205295,0.230786,0.106918,,,,,,,,GLOBAL_BASELINE_NO_ENTITY_RANKING,,,NOT_APPLICABLE_GLOBAL_BASELINE,HF9g-P5,,,,X 全窗基线 · 不参与实体赏罚,15055642,1506,A168_HF9F_20260827_0900,2026-08-27 09:00:00
2026-05-24,92755421,2101,0,4587.6085240726,-394.6329913181,-394.6329913181,0.3333333,11,9,0.50147210141349834,0.448725277778,-1.0088369809565436,-0.6960211540546336,-1.0088369809565436,0.05274682363549834,ELIGIBLE,R03b_20260811_FULL_v1,L1_ELIGIBILITY,v2026-08-11,2026-03-21..2026-08-06,baccarat_bet02_101_all_pairs_incl_sentinel,round_win = game_pnl > 0 (decisive only),COMPATIBILITY_ONLY_NOT_PRODUCTION,2500103.8841,2280641.3266,9883.8276,11764,10369,-0.00395337,-0.05088190,-0.00239824,-0.00395337,-9883.8276,2500103.8841,OK,0.0000,395.3531,4.0000,96.0000,AG03-UNRESOLVED,ALL5_LEVELS_bet23_to_bet27,395.3531,395.3531,395.3531,395.3531,395.3531,4.000000,4.000000,4.000000,4.000000,4.000000,96.000000,96.000000,96.000000,96.000000,96.000000,5.0,1976.7655,1824.8244,7907.0621,8059.0032,PENDING_AG03,FALSE,NOT_FOR_ENFORCEMENT,9488.4745,2189415.6736,9883.8276,9488.4745,395.3531,0.00395337,0.00379523,395.3531,9488.4745,0.00379523,395.3531,395.3531,395.3531,395.3531,395.3531,9488.4745,0.00379523,1976.7655,1824.8244,7907.0621,8059.0032,0.00316269,0.00322347,0.00015813,212.5216,219.9480,0.9532,119.0823,2.3972,30121.7335,124.9277,49.0469,238.9093,36.5364,75.9244,374.9013,749.8027,789.266,1183.8989,75.8035,-1.1839,10.395423,15.593133,2.799122,29,215,300,5,0.03207536,0.00395337,0.05088190,0E-8,0.000000,0.912219,0.000000,-0.04848366,2026-03-31,2026-08-01,83,4123,1621,124,0.669355,0.205295,0.230786,0.106918,,,,,,,,GLOBAL_BASELINE_NO_ENTITY_RANKING,,,NOT_APPLICABLE_GLOBAL_BASELINE,HF9g-P5,,,,X 全窗基线 · 不参与实体赏罚,15055643,1506,A168_HF9F_20260827_0900,2026-08-27 09:00:00
2026-05-24,92755421,2103,0,5051.3022888717,1837.0165745858,1837.0165745858,0.6923077,13,13,0.50252602307692308,0.502526023077,1.3685525441206632,1.3685525441201094,1.3685525441206632,-7.692E-14,ELIGIBLE,R03b_20260811_FULL_v1,L1_ELIGIBILITY,v2026-08-11,2026-03-21..2026-08-06,baccarat_bet02_101_all_pairs_incl_sentinel,round_win = game_pnl > 0 (decisive only),COMPATIBILITY_ONLY_NOT_PRODUCTION,2500103.8841,2280641.3266,9883.8276,11764,10369,-0.00395337,-0.05088190,-0.00239824,-0.00395337,-9883.8276,2500103.8841,OK,0.0000,395.3531,4.0000,96.0000,AG03-UNRESOLVED,ALL5_LEVELS_bet23_to_bet27,395.3531,395.3531,395.3531,395.3531,395.3531,4.000000,4.000000,4.000000,4.000000,4.000000,96.000000,96.000000,96.000000,96.000000,96.000000,5.0,1976.7655,1824.8244,7907.0621,8059.0032,PENDING_AG03,FALSE,NOT_FOR_ENFORCEMENT,9488.4745,2189415.6736,9883.8276,9488.4745,395.3531,0.00395337,0.00379523,395.3531,9488.4745,0.00379523,395.3531,395.3531,395.3531,395.3531,395.3531,9488.4745,0.00379523,1976.7655,1824.8244,7907.0621,8059.0032,0.00316269,0.00322347,0.00015813,212.5216,219.9480,0.9532,119.0823,2.3972,30121.7335,124.9277,49.0469,238.9093,36.5364,75.9244,374.9013,749.8027,789.266,1183.8989,75.8035,-1.1839,10.395423,15.593133,2.799122,29,215,300,5,0.03207536,0.00395337,0.05088190,0E-8,0.000000,0.912219,0.000000,-0.04848366,2026-03-31,2026-08-01,83,4123,1621,124,0.669355,0.205295,0.230786,0.106918,,,,,,,,GLOBAL_BASELINE_NO_ENTITY_RANKING,,,NOT_APPLICABLE_GLOBAL_BASELINE,HF9g-P5,,,,X 全窗基线 · 不参与实体赏罚,15055644,1506,A168_HF9F_20260827_0900,2026-08-27 09:00:00
2026-05-24,92755421,2121,0,1122.3362273086,116.0220994475,116.0220994475,0.6000000,5,5,0.49860758000000000,0.498607580000,0.4534424453485946,0.4534424453485946,0.4534424453485946,0E-17,ELIGIBLE,R03b_20260811_FULL_v1,L1_ELIGIBILITY,v2026-08-11,2026-03-21..2026-08-06,baccarat_bet02_101_all_pairs_incl_sentinel,round_win = game_pnl > 0 (decisive only),COMPATIBILITY_ONLY_NOT_PRODUCTION,2500103.8841,2280641.3266,9883.8276,11764,10369,-0.00395337,-0.05088190,-0.00239824,-0.00395337,-9883.8276,2500103.8841,OK,0.0000,395.3531,4.0000,96.0000,AG03-UNRESOLVED,ALL5_LEVELS_bet23_to_bet27,395.3531,395.3531,395.3531,395.3531,395.3531,4.000000,4.000000,4.000000,4.000000,4.000000,96.000000,96.000000,96.000000,96.000000,96.000000,5.0,1976.7655,1824.8244,7907.0621,8059.0032,PENDING_AG03,FALSE,NOT_FOR_ENFORCEMENT,9488.4745,2189415.6736,9883.8276,9488.4745,395.3531,0.00395337,0.00379523,395.3531,9488.4745,0.00379523,395.3531,395.3531,395.3531,395.3531,395.3531,9488.4745,0.00379523,1976.7655,1824.8244,7907.0621,8059.0032,0.00316269,0.00322347,0.00015813,212.5216,219.9480,0.9532,119.0823,2.3972,30121.7335,124.9277,49.0469,238.9093,36.5364,75.9244,374.9013,749.8027,789.266,1183.8989,75.8035,-1.1839,10.395423,15.593133,2.799122,29,215,300,5,0.03207536,0.00395337,0.05088190,0E-8,0.000000,0.912219,0.000000,-0.04848366,2026-03-31,2026-08-01,83,4123,1621,124,0.669355,0.205295,0.230786,0.106918,,,,,,,,GLOBAL_BASELINE_NO_ENTITY_RANKING,,,NOT_APPLICABLE_GLOBAL_BASELINE,HF9g-P5,,,,X 全窗基线 · 不参与实体赏罚,15055645,1506,A168_HF9F_20260827_0900,2026-08-27 09:00:00
2026-05-24,92755421,2123,0,1558.8003157065,0E-10,0E-10,0.5000000,4,4,0.50329940000000000,0.503299400000,-0.01319788734859681,-0.01319788734859681,-0.01319788734859681,0E-17,ELIGIBLE,R03b_20260811_FULL_v1,L1_ELIGIBILITY,v2026-08-11,2026-03-21..2026-08-06,baccarat_bet02_101_all_pairs_incl_sentinel,round_win = game_pnl > 0 (decisive only),COMPATIBILITY_ONLY_NOT_PRODUCTION,2500103.8841,2280641.3266,9883.8276,11764,10369,-0.00395337,-0.05088190,-0.00239824,-0.00395337,-9883.8276,2500103.8841,OK,0.0000,395.3531,4.0000,96.0000,AG03-UNRESOLVED,ALL5_LEVELS_bet23_to_bet27,395.3531,395.3531,395.3531,395.3531,395.3531,4.000000,4.000000,4.000000,4.000000,4.000000,96.000000,96.000000,96.000000,96.000000,96.000000,5.0,1976.7655,1824.8244,7907.0621,8059.0032,PENDING_AG03,FALSE,NOT_FOR_ENFORCEMENT,9488.4745,2189415.6736,9883.8276,9488.4745,395.3531,0.00395337,0.00379523,395.3531,9488.4745,0.00379523,395.3531,395.3531,395.3531,395.3531,395.3531,9488.4745,0.00379523,1976.7655,1824.8244,7907.0621,8059.0032,0.00316269,0.00322347,0.00015813,212.5216,219.9480,0.9532,119.0823,2.3972,30121.7335,124.9277,49.0469,238.9093,36.5364,75.9244,374.9013,749.8027,789.266,1183.8989,75.8035,-1.1839,10.395423,15.593133,2.799122,29,215,300,5,0.03207536,0.00395337,0.05088190,0E-8,0.000000,0.912219,0.000000,-0.04848366,2026-03-31,2026-08-01,83,4123,1621,124,0.669355,0.205295,0.230786,0.106918,,,,,,,,GLOBAL_BASELINE_NO_ENTITY_RANKING,,,NOT_APPLICABLE_GLOBAL_BASELINE,HF9g-P5,,,,X 全窗基线 · 不参与实体赏罚,15055646,1506,A168_HF9F_20260827_0900,2026-08-27 09:00:00
2026-05-24,92755421,2127,0,2782.1625887926,651.1444356749,651.1444356749,0.5714286,8,8,0.50329940000000000,0.503299400000,0.36051353847308226,0.3605135384730823,0.36051353847308226,0E-17,ELIGIBLE,R03b_20260811_FULL_v1,L1_ELIGIBILITY,v2026-08-11,2026-03-21..2026-08-06,baccarat_bet02_101_all_pairs_incl_sentinel,round_win = game_pnl > 0 (decisive only),COMPATIBILITY_ONLY_NOT_PRODUCTION,2500103.8841,2280641.3266,9883.8276,11764,10369,-0.00395337,-0.05088190,-0.00239824,-0.00395337,-9883.8276,2500103.8841,OK,0.0000,395.3531,4.0000,96.0000,AG03-UNRESOLVED,ALL5_LEVELS_bet23_to_bet27,395.3531,395.3531,395.3531,395.3531,395.3531,4.000000,4.000000,4.000000,4.000000,4.000000,96.000000,96.000000,96.000000,96.000000,96.000000,5.0,1976.7655,1824.8244,7907.0621,8059.0032,PENDING_AG03,FALSE,NOT_FOR_ENFORCEMENT,9488.4745,2189415.6736,9883.8276,9488.4745,395.3531,0.00395337,0.00379523,395.3531,9488.4745,0.00379523,395.3531,395.3531,395.3531,395.3531,395.3531,9488.4745,0.00379523,1976.7655,1824.8244,7907.0621,8059.0032,0.00316269,0.00322347,0.00015813,212.5216,219.9480,0.9532,119.0823,2.3972,30121.7335,124.9277,49.0469,238.9093,36.5364,75.9244,374.9013,749.8027,789.266,1183.8989,75.8035,-1.1839,10.395423,15.593133,2.799122,29,215,300,5,0.03207536,0.00395337,0.05088190,0E-8,0.000000,0.912219,0.000000,-0.04848366,2026-03-31,2026-08-01,83,4123,1621,124,0.669355,0.205295,0.230786,0.106918,,,,,,,,GLOBAL_BASELINE_NO_ENTITY_RANKING,,,NOT_APPLICABLE_GLOBAL_BASELINE,HF9g-P5,,,,X 全窗基线 · 不参与实体赏罚,15055647,1506,A168_HF9F_20260827_0900,2026-08-27 09:00:00
2026-05-24,92755421,2130,0,394.6329913181,-394.6329913181,-394.6329913181,0E-7,1,1,0.50665070000000000,0.506650700000,-1.013391052207602,-1.013391052207602,-1.013391052207602,0E-17,ELIGIBLE,R03b_20260811_FULL_v1,L1_ELIGIBILITY,v2026-08-11,2026-03-21..2026-08-06,baccarat_bet02_101_all_pairs_incl_sentinel,round_win = game_pnl > 0 (decisive only),COMPATIBILITY_ONLY_NOT_PRODUCTION,2500103.8841,2280641.3266,9883.8276,11764,10369,-0.00395337,-0.05088190,-0.00239824,-0.00395337,-9883.8276,2500103.8841,OK,0.0000,395.3531,4.0000,96.0000,AG03-UNRESOLVED,ALL5_LEVELS_bet23_to_bet27,395.3531,395.3531,395.3531,395.3531,395.3531,4.000000,4.000000,4.000000,4.000000,4.000000,96.000000,96.000000,96.000000,96.000000,96.000000,5.0,1976.7655,1824.8244,7907.0621,8059.0032,PENDING_AG03,FALSE,NOT_FOR_ENFORCEMENT,9488.4745,2189415.6736,9883.8276,9488.4745,395.3531,0.00395337,0.00379523,395.3531,9488.4745,0.00379523,395.3531,395.3531,395.3531,395.3531,395.3531,9488.4745,0.00379523,1976.7655,1824.8244,7907.0621,8059.0032,0.00316269,0.00322347,0.00015813,212.5216,219.9480,0.9532,119.0823,2.3972,30121.7335,124.9277,49.0469,238.9093,36.5364,75.9244,374.9013,749.8027,789.266,1183.8989,75.8035,-1.1839,10.395423,15.593133,2.799122,29,215,300,5,0.03207536,0.00395337,0.05088190,0E-8,0.000000,0.912219,0.000000,-0.04848366,2026-03-31,2026-08-01,83,4123,1621,124,0.669355,0.205295,0.230786,0.106918,,,,,,,,GLOBAL_BASELINE_NO_ENTITY_RANKING,,,NOT_APPLICABLE_GLOBAL_BASELINE,HF9g-P5,,,,X 全窗基线 · 不参与实体赏罚,15055648,1506,A168_HF9F_20260827_0900,2026-08-27 09:00:00
2026-05-24,92755421,2141,0,3179.1633780586,-1640.0947119180,-1640.0947119180,0E-7,10,8,0.49362932575121512,0.437295475000,-2.2077566691820887,-1.9712072604414173,-2.2077566691820887,0.05633385075121512,ELIGIBLE,R03b_20260811_FULL_v1,L1_ELIGIBILITY,v2026-08-11,2026-03-21..2026-08-06,baccarat_bet02_101_all_pairs_incl_sentinel,round_win = game_pnl > 0 (decisive only),COMPATIBILITY_ONLY_NOT_PRODUCTION,2500103.8841,2280641.3266,9883.8276,11764,10369,-0.00395337,-0.05088190,-0.00239824,-0.00395337,-9883.8276,2500103.8841,OK,0.0000,395.3531,4.0000,96.0000,AG03-UNRESOLVED,ALL5_LEVELS_bet23_to_bet27,395.3531,395.3531,395.3531,395.3531,395.3531,4.000000,4.000000,4.000000,4.000000,4.000000,96.000000,96.000000,96.000000,96.000000,96.000000,5.0,1976.7655,1824.8244,7907.0621,8059.0032,PENDING_AG03,FALSE,NOT_FOR_ENFORCEMENT,9488.4745,2189415.6736,9883.8276,9488.4745,395.3531,0.00395337,0.00379523,395.3531,9488.4745,0.00379523,395.3531,395.3531,395.3531,395.3531,395.3531,9488.4745,0.00379523,1976.7655,1824.8244,7907.0621,8059.0032,0.00316269,0.00322347,0.00015813,212.5216,219.9480,0.9532,119.0823,2.3972,30121.7335,124.9277,49.0469,238.9093,36.5364,75.9244,374.9013,749.8027,789.266,1183.8989,75.8035,-1.1839,10.395423,15.593133,2.799122,29,215,300,5,0.03207536,0.00395337,0.05088190,0E-8,0.000000,0.912219,0.000000,-0.04848366,2026-03-31,2026-08-01,83,4123,1621,124,0.669355,0.205295,0.230786,0.106918,,,,,,,,GLOBAL_BASELINE_NO_ENTITY_RANKING,,,NOT_APPLICABLE_GLOBAL_BASELINE,HF9g-P5,,,,X 全窗基线 · 不参与实体赏罚,15055649,1506,A168_HF9F_20260827_0900,2026-08-27 09:00:00
2026-05-24,92755421,2152,0,4598.6582478298,2328.1373322812,2328.1373322812,0.8181818,11,11,0.50055742727272727,0.500557427273,2.1068831671448938,2.1068831671430863,2.1068831671448938,-2.7273E-13,ELIGIBLE,R03b_20260811_FULL_v1,L1_ELIGIBILITY,v2026-08-11,2026-03-21..2026-08-06,baccarat_bet02_101_all_pairs_incl_sentinel,round_win = game_pnl > 0 (decisive only),COMPATIBILITY_ONLY_NOT_PRODUCTION,2500103.8841,2280641.3266,9883.8276,11764,10369,-0.00395337,-0.05088190,-0.00239824,-0.00395337,-9883.8276,2500103.8841,OK,0.0000,395.3531,4.0000,96.0000,AG03-UNRESOLVED,ALL5_LEVELS_bet23_to_bet27,395.3531,395.3531,395.3531,395.3531,395.3531,4.000000,4.000000,4.000000,4.000000,4.000000,96.000000,96.000000,96.000000,96.000000,96.000000,5.0,1976.7655,1824.8244,7907.0621,8059.0032,PENDING_AG03,FALSE,NOT_FOR_ENFORCEMENT,9488.4745,2189415.6736,9883.8276,9488.4745,395.3531,0.00395337,0.00379523,395.3531,9488.4745,0.00379523,395.3531,395.3531,395.3531,395.3531,395.3531,9488.4745,0.00379523,1976.7655,1824.8244,7907.0621,8059.0032,0.00316269,0.00322347,0.00015813,212.5216,219.9480,0.9532,119.0823,2.3972,30121.7335,124.9277,49.0469,238.9093,36.5364,75.9244,374.9013,749.8027,789.266,1183.8989,75.8035,-1.1839,10.395423,15.593133,2.799122,29,215,300,5,0.03207536,0.00395337,0.05088190,0E-8,0.000000,0.912219,0.000000,-0.04848366,2026-03-31,2026-08-01,83,4123,1621,124,0.669355,0.205295,0.230786,0.106918,,,,,,,,GLOBAL_BASELINE_NO_ENTITY_RANKING,,,NOT_APPLICABLE_GLOBAL_BASELINE,HF9g-P5,,,,X 全窗基线 · 不参与实体赏罚,15055650,1506,A168_HF9F_20260827_0900,2026-08-27 09:00:00
2026-05-24,92755421,2153,0,1558.8003157065,731.0576164168,731.0576164168,0.7500000,4,4,0.49994810000000000,0.499948100000,1.0002076053883384,1.0002076053883384,1.0002076053883384,0E-17,ELIGIBLE,R03b_20260811_FULL_v1,L1_ELIGIBILITY,v2026-08-11,2026-03-21..2026-08-06,baccarat_bet02_101_all_pairs_incl_sentinel,round_win = game_pnl > 0 (decisive only),COMPATIBILITY_ONLY_NOT_PRODUCTION,2500103.8841,2280641.3266,9883.8276,11764,10369,-0.00395337,-0.05088190,-0.00239824,-0.00395337,-9883.8276,2500103.8841,OK,0.0000,395.3531,4.0000,96.0000,AG03-UNRESOLVED,ALL5_LEVELS_bet23_to_bet27,395.3531,395.3531,395.3531,395.3531,395.3531,4.000000,4.000000,4.000000,4.000000,4.000000,96.000000,96.000000,96.000000,96.000000,96.000000,5.0,1976.7655,1824.8244,7907.0621,8059.0032,PENDING_AG03,FALSE,NOT_FOR_ENFORCEMENT,9488.4745,2189415.6736,9883.8276,9488.4745,395.3531,0.00395337,0.00379523,395.3531,9488.4745,0.00379523,395.3531,395.3531,395.3531,395.3531,395.3531,9488.4745,0.00379523,1976.7655,1824.8244,7907.0621,8059.0032,0.00316269,0.00322347,0.00015813,212.5216,219.9480,0.9532,119.0823,2.3972,30121.7335,124.9277,49.0469,238.9093,36.5364,75.9244,374.9013,749.8027,789.266,1183.8989,75.8035,-1.1839,10.395423,15.593133,2.799122,29,215,300,5,0.03207536,0.00395337,0.05088190,0E-8,0.000000,0.912219,0.000000,-0.04848366,2026-03-31,2026-08-01,83,4123,1621,124,0.669355,0.205295,0.230786,0.106918,,,,,,,,GLOBAL_BASELINE_NO_ENTITY_RANKING,,,NOT_APPLICABLE_GLOBAL_BASELINE,HF9g-P5,,,,X 全窗基线 · 不参与实体赏罚,15055651,1506,A168_HF9F_20260827_0900,2026-08-27 09:00:00
2026-05-24,92755421,2160,0,1124.7040252566,394.6329913181,394.6329913181,0.6666667,3,3,0.49771390000000000,0.497713900000,0.5852756695216578,0.5852756695216578,0.5852756695216578,0E-17,ELIGIBLE,R03b_20260811_FULL_v1,L1_ELIGIBILITY,v2026-08-11,2026-03-21..2026-08-06,baccarat_bet02_101_all_pairs_incl_sentinel,round_win = game_pnl > 0 (decisive only),COMPATIBILITY_ONLY_NOT_PRODUCTION,2500103.8841,2280641.3266,9883.8276,11764,10369,-0.00395337,-0.05088190,-0.00239824,-0.00395337,-9883.8276,2500103.8841,OK,0.0000,395.3531,4.0000,96.0000,AG03-UNRESOLVED,ALL5_LEVELS_bet23_to_bet27,395.3531,395.3531,395.3531,395.3531,395.3531,4.000000,4.000000,4.000000,4.000000,4.000000,96.000000,96.000000,96.000000,96.000000,96.000000,5.0,1976.7655,1824.8244,7907.0621,8059.0032,PENDING_AG03,FALSE,NOT_FOR_ENFORCEMENT,9488.4745,2189415.6736,9883.8276,9488.4745,395.3531,0.00395337,0.00379523,395.3531,9488.4745,0.00379523,395.3531,395.3531,395.3531,395.3531,395.3531,9488.4745,0.00379523,1976.7655,1824.8244,7907.0621,8059.0032,0.00316269,0.00322347,0.00015813,212.5216,219.9480,0.9532,119.0823,2.3972,30121.7335,124.9277,49.0469,238.9093,36.5364,75.9244,374.9013,749.8027,789.266,1183.8989,75.8035,-1.1839,10.395423,15.593133,2.799122,29,215,300,5,0.03207536,0.00395337,0.05088190,0E-8,0.000000,0.912219,0.000000,-0.04848366,2026-03-31,2026-08-01,83,4123,1621,124,0.669355,0.205295,0.230786,0.106918,,,,,,,,GLOBAL_BASELINE_NO_ENTITY_RANKING,,,NOT_APPLICABLE_GLOBAL_BASELINE,HF9g-P5,,,,X 全窗基线 · 不参与实体赏罚,15055652,1506,A168_HF9F_20260827_0900,2026-08-27 09:00:00
2026-05-24,92755421,2169,0,3080.1104972378,1854.7750591951,1854.7750591951,0.8571429,9,8,0.49797741853233690,0.468621787500,1.900540409846827,2.0599206241552253,1.900540409846827,0.02935563103233690,ELIGIBLE,R03b_20260811_FULL_v1,L1_ELIGIBILITY,v2026-08-11,2026-03-21..2026-08-06,baccarat_bet02_101_all_pairs_incl_sentinel,round_win = game_pnl > 0 (decisive only),COMPATIBILITY_ONLY_NOT_PRODUCTION,2500103.8841,2280641.3266,9883.8276,11764,10369,-0.00395337,-0.05088190,-0.00239824,-0.00395337,-9883.8276,2500103.8841,OK,0.0000,395.3531,4.0000,96.0000,AG03-UNRESOLVED,ALL5_LEVELS_bet23_to_bet27,395.3531,395.3531,395.3531,395.3531,395.3531,4.000000,4.000000,4.000000,4.000000,4.000000,96.000000,96.000000,96.000000,96.000000,96.000000,5.0,1976.7655,1824.8244,7907.0621,8059.0032,PENDING_AG03,FALSE,NOT_FOR_ENFORCEMENT,9488.4745,2189415.6736,9883.8276,9488.4745,395.3531,0.00395337,0.00379523,395.3531,9488.4745,0.00379523,395.3531,395.3531,395.3531,395.3531,395.3531,9488.4745,0.00379523,1976.7655,1824.8244,7907.0621,8059.0032,0.00316269,0.00322347,0.00015813,212.5216,219.9480,0.9532,119.0823,2.3972,30121.7335,124.9277,49.0469,238.9093,36.5364,75.9244,374.9013,749.8027,789.266,1183.8989,75.8035,-1.1839,10.395423,15.593133,2.799122,29,215,300,5,0.03207536,0.00395337,0.05088190,0E-8,0.000000,0.912219,0.000000,-0.04848366,2026-03-31,2026-08-01,83,4123,1621,124,0.669355,0.205295,0.230786,0.106918,,,,,,,,GLOBAL_BASELINE_NO_ENTITY_RANKING,,,NOT_APPLICABLE_GLOBAL_BASELINE,HF9g-P5,,,,X 全窗基线 · 不参与实体赏罚,15055653,1506,A168_HF9F_20260827_0900,2026-08-27 09:00:00
2026-05-24,92755421,2170,0,1164.1673243884,-374.9013417522,-374.9013417522,0.3333333,3,3,0.49771390000000000,0.497713900000,-0.5694369385616226,-0.5694369385616226,-0.5694369385616226,0E-17,ELIGIBLE,R03b_20260811_FULL_v1,L1_ELIGIBILITY,v2026-08-11,2026-03-21..2026-08-06,baccarat_bet02_101_all_pairs_incl_sentinel,round_win = game_pnl > 0 (decisive only),COMPATIBILITY_ONLY_NOT_PRODUCTION,2500103.8841,2280641.3266,9883.8276,11764,10369,-0.00395337,-0.05088190,-0.00239824,-0.00395337,-9883.8276,2500103.8841,OK,0.0000,395.3531,4.0000,96.0000,AG03-UNRESOLVED,ALL5_LEVELS_bet23_to_bet27,395.3531,395.3531,395.3531,395.3531,395.3531,4.000000,4.000000,4.000000,4.000000,4.000000,96.000000,96.000000,96.000000,96.000000,96.000000,5.0,1976.7655,1824.8244,7907.0621,8059.0032,PENDING_AG03,FALSE,NOT_FOR_ENFORCEMENT,9488.4745,2189415.6736,9883.8276,9488.4745,395.3531,0.00395337,0.00379523,395.3531,9488.4745,0.00379523,395.3531,395.3531,395.3531,395.3531,395.3531,9488.4745,0.00379523,1976.7655,1824.8244,7907.0621,8059.0032,0.00316269,0.00322347,0.00015813,212.5216,219.9480,0.9532,119.0823,2.3972,30121.7335,124.9277,49.0469,238.9093,36.5364,75.9244,374.9013,749.8027,789.266,1183.8989,75.8035,-1.1839,10.395423,15.593133,2.799122,29,215,300,5,0.03207536,0.00395337,0.05088190,0E-8,0.000000,0.912219,0.000000,-0.04848366,2026-03-31,2026-08-01,83,4123,1621,124,0.669355,0.205295,0.230786,0.106918,,,,,,,,GLOBAL_BASELINE_NO_ENTITY_RANKING,,,NOT_APPLICABLE_GLOBAL_BASELINE,HF9g-P5,,,,X 全窗基线 · 不参与实体赏罚,15055654,1506,A168_HF9F_20260827_0900,2026-08-27 09:00:00
2026-05-24,92755421,2171,0,1915.9431728494,294.9881610103,294.9881610103,0.6000000,6,5,0.49808336939226270,0.451166520000,0.45578837681806234,0.6688009916148089,0.45578837681806234,0.04691684939226270,ELIGIBLE,R03b_20260811_FULL_v1,L1_ELIGIBILITY,v2026-08-11,2026-03-21..2026-08-06,baccarat_bet02_101_all_pairs_incl_sentinel,round_win = game_pnl > 0 (decisive only),COMPATIBILITY_ONLY_NOT_PRODUCTION,2500103.8841,2280641.3266,9883.8276,11764,10369,-0.00395337,-0.05088190,-0.00239824,-0.00395337,-9883.8276,2500103.8841,OK,0.0000,395.3531,4.0000,96.0000,AG03-UNRESOLVED,ALL5_LEVELS_bet23_to_bet27,395.3531,395.3531,395.3531,395.3531,395.3531,4.000000,4.000000,4.000000,4.000000,4.000000,96.000000,96.000000,96.000000,96.000000,96.000000,5.0,1976.7655,1824.8244,7907.0621,8059.0032,PENDING_AG03,FALSE,NOT_FOR_ENFORCEMENT,9488.4745,2189415.6736,9883.8276,9488.4745,395.3531,0.00395337,0.00379523,395.3531,9488.4745,0.00379523,395.3531,395.3531,395.3531,395.3531,395.3531,9488.4745,0.00379523,1976.7655,1824.8244,7907.0621,8059.0032,0.00316269,0.00322347,0.00015813,212.5216,219.9480,0.9532,119.0823,2.3972,30121.7335,124.9277,49.0469,238.9093,36.5364,75.9244,374.9013,749.8027,789.266,1183.8989,75.8035,-1.1839,10.395423,15.593133,2.799122,29,215,300,5,0.03207536,0.00395337,0.05088190,0E-8,0.000000,0.912219,0.000000,-0.04848366,2026-03-31,2026-08-01,83,4123,1621,124,0.669355,0.205295,0.230786,0.106918,,,,,,,,GLOBAL_BASELINE_NO_ENTITY_RANKING,,,NOT_APPLICABLE_GLOBAL_BASELINE,HF9g-P5,,,,X 全窗基线 · 不参与实体赏罚,15055655,1506,A168_HF9F_20260827_0900,2026-08-27 09:00:00
2026-05-24,92755421,2178,0,1558.8003157065,-789.2659826362,-789.2659826362,0.2500000,4,4,0.49659680000000000,0.496596800000,-0.9864100490137353,-0.9864100490137354,-0.9864100490137353,0E-17,ELIGIBLE,R03b_20260811_FULL_v1,L1_ELIGIBILITY,v2026-08-11,2026-03-21..2026-08-06,baccarat_bet02_101_all_pairs_incl_sentinel,round_win = game_pnl > 0 (decisive only),COMPATIBILITY_ONLY_NOT_PRODUCTION,2500103.8841,2280641.3266,9883.8276,11764,10369,-0.00395337,-0.05088190,-0.00239824,-0.00395337,-9883.8276,2500103.8841,OK,0.0000,395.3531,4.0000,96.0000,AG03-UNRESOLVED,ALL5_LEVELS_bet23_to_bet27,395.3531,395.3531,395.3531,395.3531,395.3531,4.000000,4.000000,4.000000,4.000000,4.000000,96.000000,96.000000,96.000000,96.000000,96.000000,5.0,1976.7655,1824.8244,7907.0621,8059.0032,PENDING_AG03,FALSE,NOT_FOR_ENFORCEMENT,9488.4745,2189415.6736,9883.8276,9488.4745,395.3531,0.00395337,0.00379523,395.3531,9488.4745,0.00379523,395.3531,395.3531,395.3531,395.3531,395.3531,9488.4745,0.00379523,1976.7655,1824.8244,7907.0621,8059.0032,0.00316269,0.00322347,0.00015813,212.5216,219.9480,0.9532,119.0823,2.3972,30121.7335,124.9277,49.0469,238.9093,36.5364,75.9244,374.9013,749.8027,789.266,1183.8989,75.8035,-1.1839,10.395423,15.593133,2.799122,29,215,300,5,0.03207536,0.00395337,0.05088190,0E-8,0.000000,0.912219,0.000000,-0.04848366,2026-03-31,2026-08-01,83,4123,1621,124,0.669355,0.205295,0.230786,0.106918,,,,,,,,GLOBAL_BASELINE_NO_ENTITY_RANKING,,,NOT_APPLICABLE_GLOBAL_BASELINE,HF9g-P5,,,,X 全窗基线 · 不参与实体赏罚,15055656,1506,A168_HF9F_20260827_0900,2026-08-27 09:00:00
2026-05-24,92755421,2193,0,2367.7979479086,-1973.1649565905,-1973.1649565905,0E-7,6,6,0.50218230000000000,0.502182300000,-2.2458489113075,-2.2458489113075,-2.2458489113075,0E-17,ELIGIBLE,R03b_20260811_FULL_v1,L1_ELIGIBILITY,v2026-08-11,2026-03-21..2026-08-06,baccarat_bet02_101_all_pairs_incl_sentinel,round_win = game_pnl > 0 (decisive only),COMPATIBILITY_ONLY_NOT_PRODUCTION,2500103.8841,2280641.3266,9883.8276,11764,10369,-0.00395337,-0.05088190,-0.00239824,-0.00395337,-9883.8276,2500103.8841,OK,0.0000,395.3531,4.0000,96.0000,AG03-UNRESOLVED,ALL5_LEVELS_bet23_to_bet27,395.3531,395.3531,395.3531,395.3531,395.3531,4.000000,4.000000,4.000000,4.000000,4.000000,96.000000,96.000000,96.000000,96.000000,96.000000,5.0,1976.7655,1824.8244,7907.0621,8059.0032,PENDING_AG03,FALSE,NOT_FOR_ENFORCEMENT,9488.4745,2189415.6736,9883.8276,9488.4745,395.3531,0.00395337,0.00379523,395.3531,9488.4745,0.00379523,395.3531,395.3531,395.3531,395.3531,395.3531,9488.4745,0.00379523,1976.7655,1824.8244,7907.0621,8059.0032,0.00316269,0.00322347,0.00015813,212.5216,219.9480,0.9532,119.0823,2.3972,30121.7335,124.9277,49.0469,238.9093,36.5364,75.9244,374.9013,749.8027,789.266,1183.8989,75.8035,-1.1839,10.395423,15.593133,2.799122,29,215,300,5,0.03207536,0.00395337,0.05088190,0E-8,0.000000,0.912219,0.000000,-0.04848366,2026-03-31,2026-08-01,83,4123,1621,124,0.669355,0.205295,0.230786,0.106918,,,,,,,,GLOBAL_BASELINE_NO_ENTITY_RANKING,,,NOT_APPLICABLE_GLOBAL_BASELINE,HF9g-P5,,,,X 全窗基线 · 不参与实体赏罚,15055657,1506,A168_HF9F_20260827_0900,2026-08-27 09:00:00
2026-05-24,92755421,2205,0,394.6329913181,-394.6329913181,-394.6329913181,0E-7,1,1,0.50665070000000000,0.506650700000,-1.013391052207602,-1.013391052207602,-1.013391052207602,0E-17,ELIGIBLE,R03b_20260811_FULL_v1,L1_ELIGIBILITY,v2026-08-11,2026-03-21..2026-08-06,baccarat_bet02_101_all_pairs_incl_sentinel,round_win = game_pnl > 0 (decisive only),COMPATIBILITY_ONLY_NOT_PRODUCTION,2500103.8841,2280641.3266,9883.8276,11764,10369,-0.00395337,-0.05088190,-0.00239824,-0.00395337,-9883.8276,2500103.8841,OK,0.0000,395.3531,4.0000,96.0000,AG03-UNRESOLVED,ALL5_LEVELS_bet23_to_bet27,395.3531,395.3531,395.3531,395.3531,395.3531,4.000000,4.000000,4.000000,4.000000,4.000000,96.000000,96.000000,96.000000,96.000000,96.000000,5.0,1976.7655,1824.8244,7907.0621,8059.0032,PENDING_AG03,FALSE,NOT_FOR_ENFORCEMENT,9488.4745,2189415.6736,9883.8276,9488.4745,395.3531,0.00395337,0.00379523,395.3531,9488.4745,0.00379523,395.3531,395.3531,395.3531,395.3531,395.3531,9488.4745,0.00379523,1976.7655,1824.8244,7907.0621,8059.0032,0.00316269,0.00322347,0.00015813,212.5216,219.9480,0.9532,119.0823,2.3972,30121.7335,124.9277,49.0469,238.9093,36.5364,75.9244,374.9013,749.8027,789.266,1183.8989,75.8035,-1.1839,10.395423,15.593133,2.799122,29,215,300,5,0.03207536,0.00395337,0.05088190,0E-8,0.000000,0.912219,0.000000,-0.04848366,2026-03-31,2026-08-01,83,4123,1621,124,0.669355,0.205295,0.230786,0.106918,,,,,,,,GLOBAL_BASELINE_NO_ENTITY_RANKING,,,NOT_APPLICABLE_GLOBAL_BASELINE,HF9g-P5,,,,X 全窗基线 · 不参与实体赏罚,15055658,1506,A168_HF9F_20260827_0900,2026-08-27 09:00:00
2026-05-24,92755421,2209,0,796.3693764799,-796.3693764799,-796.3693764799,0E-7,3,2,0.50233798664048690,0.384696750000,-1.4208419204489788,-1.118226170218197,-1.4208419204489788,0.11764123664048690,ELIGIBLE,R03b_20260811_FULL_v1,L1_ELIGIBILITY,v2026-08-11,2026-03-21..2026-08-06,baccarat_bet02_101_all_pairs_incl_sentinel,round_win = game_pnl > 0 (decisive only),COMPATIBILITY_ONLY_NOT_PRODUCTION,2500103.8841,2280641.3266,9883.8276,11764,10369,-0.00395337,-0.05088190,-0.00239824,-0.00395337,-9883.8276,2500103.8841,OK,0.0000,395.3531,4.0000,96.0000,AG03-UNRESOLVED,ALL5_LEVELS_bet23_to_bet27,395.3531,395.3531,395.3531,395.3531,395.3531,4.000000,4.000000,4.000000,4.000000,4.000000,96.000000,96.000000,96.000000,96.000000,96.000000,5.0,1976.7655,1824.8244,7907.0621,8059.0032,PENDING_AG03,FALSE,NOT_FOR_ENFORCEMENT,9488.4745,2189415.6736,9883.8276,9488.4745,395.3531,0.00395337,0.00379523,395.3531,9488.4745,0.00379523,395.3531,395.3531,395.3531,395.3531,395.3531,9488.4745,0.00379523,1976.7655,1824.8244,7907.0621,8059.0032,0.00316269,0.00322347,0.00015813,212.5216,219.9480,0.9532,119.0823,2.3972,30121.7335,124.9277,49.0469,238.9093,36.5364,75.9244,374.9013,749.8027,789.266,1183.8989,75.8035,-1.1839,10.395423,15.593133,2.799122,29,215,300,5,0.03207536,0.00395337,0.05088190,0E-8,0.000000,0.912219,0.000000,-0.04848366,2026-03-31,2026-08-01,83,4123,1621,124,0.669355,0.205295,0.230786,0.106918,,,,,,,,GLOBAL_BASELINE_NO_ENTITY_RANKING,,,NOT_APPLICABLE_GLOBAL_BASELINE,HF9g-P5,,,,X 全窗基线 · 不参与实体赏罚,15055659,1506,A168_HF9F_20260827_0900,2026-08-27 09:00:00
2026-05-24,92755421,2216,0,2762.4309392266,-808.9976322020,-808.9976322020,0.4000000,6,6,0.49771390000000000,0.497713900000,-0.4369944132040151,-0.436994413204015,-0.4369944132040151,0E-17,ELIGIBLE,R03b_20260811_FULL_v1,L1_ELIGIBILITY,v2026-08-11,2026-03-21..2026-08-06,baccarat_bet02_101_all_pairs_incl_sentinel,round_win = game_pnl > 0 (decisive only),COMPATIBILITY_ONLY_NOT_PRODUCTION,2500103.8841,2280641.3266,9883.8276,11764,10369,-0.00395337,-0.05088190,-0.00239824,-0.00395337,-9883.8276,2500103.8841,OK,0.0000,395.3531,4.0000,96.0000,AG03-UNRESOLVED,ALL5_LEVELS_bet23_to_bet27,395.3531,395.3531,395.3531,395.3531,395.3531,4.000000,4.000000,4.000000,4.000000,4.000000,96.000000,96.000000,96.000000,96.000000,96.000000,5.0,1976.7655,1824.8244,7907.0621,8059.0032,PENDING_AG03,FALSE,NOT_FOR_ENFORCEMENT,9488.4745,2189415.6736,9883.8276,9488.4745,395.3531,0.00395337,0.00379523,395.3531,9488.4745,0.00379523,395.3531,395.3531,395.3531,395.3531,395.3531,9488.4745,0.00379523,1976.7655,1824.8244,7907.0621,8059.0032,0.00316269,0.00322347,0.00015813,212.5216,219.9480,0.9532,119.0823,2.3972,30121.7335,124.9277,49.0469,238.9093,36.5364,75.9244,374.9013,749.8027,789.266,1183.8989,75.8035,-1.1839,10.395423,15.593133,2.799122,29,215,300,5,0.03207536,0.00395337,0.05088190,0E-8,0.000000,0.912219,0.000000,-0.04848366,2026-03-31,2026-08-01,83,4123,1621,124,0.669355,0.205295,0.230786,0.106918,,,,,,,,GLOBAL_BASELINE_NO_ENTITY_RANKING,,,NOT_APPLICABLE_GLOBAL_BASELINE,HF9g-P5,,,,X 全窗基线 · 不参与实体赏罚,15055660,1506,A168_HF9F_20260827_0900,2026-08-27 09:00:00
2026-05-24,92755421,2218,0,789.2659826362,0E-10,0E-10,0.5000000,2,2,0.49994810000000000,0.499948100000,0.00014679536856514622,0.00014679536856514622,0.00014679536856514622,0E-17,ELIGIBLE,R03b_20260811_FULL_v1,L1_ELIGIBILITY,v2026-08-11,2026-03-21..2026-08-06,baccarat_bet02_101_all_pairs_incl_sentinel,round_win = game_pnl > 0 (decisive only),COMPATIBILITY_ONLY_NOT_PRODUCTION,2500103.8841,2280641.3266,9883.8276,11764,10369,-0.00395337,-0.05088190,-0.00239824,-0.00395337,-9883.8276,2500103.8841,OK,0.0000,395.3531,4.0000,96.0000,AG03-UNRESOLVED,ALL5_LEVELS_bet23_to_bet27,395.3531,395.3531,395.3531,395.3531,395.3531,4.000000,4.000000,4.000000,4.000000,4.000000,96.000000,96.000000,96.000000,96.000000,96.000000,5.0,1976.7655,1824.8244,7907.0621,8059.0032,PENDING_AG03,FALSE,NOT_FOR_ENFORCEMENT,9488.4745,2189415.6736,9883.8276,9488.4745,395.3531,0.00395337,0.00379523,395.3531,9488.4745,0.00379523,395.3531,395.3531,395.3531,395.3531,395.3531,9488.4745,0.00379523,1976.7655,1824.8244,7907.0621,8059.0032,0.00316269,0.00322347,0.00015813,212.5216,219.9480,0.9532,119.0823,2.3972,30121.7335,124.9277,49.0469,238.9093,36.5364,75.9244,374.9013,749.8027,789.266,1183.8989,75.8035,-1.1839,10.395423,15.593133,2.799122,29,215,300,5,0.03207536,0.00395337,0.05088190,0E-8,0.000000,0.912219,0.000000,-0.04848366,2026-03-31,2026-08-01,83,4123,1621,124,0.669355,0.205295,0.230786,0.106918,,,,,,,,GLOBAL_BASELINE_NO_ENTITY_RANKING,,,NOT_APPLICABLE_GLOBAL_BASELINE,HF9g-P5,,,,X 全窗基线 · 不参与实体赏罚,15055661,1506,A168_HF9F_20260827_0900,2026-08-27 09:00:00
2026-05-24,92755421,2220,0,2460.1420678769,-148.1057616417,-148.1057616417,0.5000000,10,8,0.49940884197959365,0.441484600000,0.00289607303886801,0.2886492594343296,0.00289607303886801,0.05792424197959365,ELIGIBLE,R03b_20260811_FULL_v1,L1_ELIGIBILITY,v2026-08-11,2026-03-21..2026-08-06,baccarat_bet02_101_all_pairs_incl_sentinel,round_win = game_pnl > 0 (decisive only),COMPATIBILITY_ONLY_NOT_PRODUCTION,2500103.8841,2280641.3266,9883.8276,11764,10369,-0.00395337,-0.05088190,-0.00239824,-0.00395337,-9883.8276,2500103.8841,OK,0.0000,395.3531,4.0000,96.0000,AG03-UNRESOLVED,ALL5_LEVELS_bet23_to_bet27,395.3531,395.3531,395.3531,395.3531,395.3531,4.000000,4.000000,4.000000,4.000000,4.000000,96.000000,96.000000,96.000000,96.000000,96.000000,5.0,1976.7655,1824.8244,7907.0621,8059.0032,PENDING_AG03,FALSE,NOT_FOR_ENFORCEMENT,9488.4745,2189415.6736,9883.8276,9488.4745,395.3531,0.00395337,0.00379523,395.3531,9488.4745,0.00379523,395.3531,395.3531,395.3531,395.3531,395.3531,9488.4745,0.00379523,1976.7655,1824.8244,7907.0621,8059.0032,0.00316269,0.00322347,0.00015813,212.5216,219.9480,0.9532,119.0823,2.3972,30121.7335,124.9277,49.0469,238.9093,36.5364,75.9244,374.9013,749.8027,789.266,1183.8989,75.8035,-1.1839,10.395423,15.593133,2.799122,29,215,300,5,0.03207536,0.00395337,0.05088190,0E-8,0.000000,0.912219,0.000000,-0.04848366,2026-03-31,2026-08-01,83,4123,1621,124,0.669355,0.205295,0.230786,0.106918,,,,,,,,GLOBAL_BASELINE_NO_ENTITY_RANKING,,,NOT_APPLICABLE_GLOBAL_BASELINE,HF9g-P5,,,,X 全窗基线 · 不参与实体赏罚,15055662,1506,A168_HF9F_20260827_0900,2026-08-27 09:00:00
2026-05-24,92755421,2223,0,3022.4940805053,1519.1397000790,1519.1397000790,0.7500000,9,8,0.49959441416501122,0.470297437500,1.4165083683582453,1.5850358721953397,1.4165083683582453,0.02929697666501122,ELIGIBLE,R03b_20260811_FULL_v1,L1_ELIGIBILITY,v2026-08-11,2026-03-21..2026-08-06,baccarat_bet02_101_all_pairs_incl_sentinel,round_win = game_pnl > 0 (decisive only),COMPATIBILITY_ONLY_NOT_PRODUCTION,2500103.8841,2280641.3266,9883.8276,11764,10369,-0.00395337,-0.05088190,-0.00239824,-0.00395337,-9883.8276,2500103.8841,OK,0.0000,395.3531,4.0000,96.0000,AG03-UNRESOLVED,ALL5_LEVELS_bet23_to_bet27,395.3531,395.3531,395.3531,395.3531,395.3531,4.000000,4.000000,4.000000,4.000000,4.000000,96.000000,96.000000,96.000000,96.000000,96.000000,5.0,1976.7655,1824.8244,7907.0621,8059.0032,PENDING_AG03,FALSE,NOT_FOR_ENFORCEMENT,9488.4745,2189415.6736,9883.8276,9488.4745,395.3531,0.00395337,0.00379523,395.3531,9488.4745,0.00379523,395.3531,395.3531,395.3531,395.3531,395.3531,9488.4745,0.00379523,1976.7655,1824.8244,7907.0621,8059.0032,0.00316269,0.00322347,0.00015813,212.5216,219.9480,0.9532,119.0823,2.3972,30121.7335,124.9277,49.0469,238.9093,36.5364,75.9244,374.9013,749.8027,789.266,1183.8989,75.8035,-1.1839,10.395423,15.593133,2.799122,29,215,300,5,0.03207536,0.00395337,0.05088190,0E-8,0.000000,0.912219,0.000000,-0.04848366,2026-03-31,2026-08-01,83,4123,1621,124,0.669355,0.205295,0.230786,0.106918,,,,,,,,GLOBAL_BASELINE_NO_ENTITY_RANKING,,,NOT_APPLICABLE_GLOBAL_BASELINE,HF9g-P5,,,,X 全窗基线 · 不参与实体赏罚,15055663,1506,A168_HF9F_20260827_0900,2026-08-27 09:00:00
2026-05-24,92755421,2229,0,2742.6992896608,0E-10,0E-10,0.5000000,7,7,0.50282064285714286,0.502820642857,-0.013818491375558404,-0.0138184913748585,-0.013818491375558404,1.4286E-13,ELIGIBLE,R03b_20260811_FULL_v1,L1_ELIGIBILITY,v2026-08-11,2026-03-21..2026-08-06,baccarat_bet02_101_all_pairs_incl_sentinel,round_win = game_pnl > 0 (decisive only),COMPATIBILITY_ONLY_NOT_PRODUCTION,2500103.8841,2280641.3266,9883.8276,11764,10369,-0.00395337,-0.05088190,-0.00239824,-0.00395337,-9883.8276,2500103.8841,OK,0.0000,395.3531,4.0000,96.0000,AG03-UNRESOLVED,ALL5_LEVELS_bet23_to_bet27,395.3531,395.3531,395.3531,395.3531,395.3531,4.000000,4.000000,4.000000,4.000000,4.000000,96.000000,96.000000,96.000000,96.000000,96.000000,5.0,1976.7655,1824.8244,7907.0621,8059.0032,PENDING_AG03,FALSE,NOT_FOR_ENFORCEMENT,9488.4745,2189415.6736,9883.8276,9488.4745,395.3531,0.00395337,0.00379523,395.3531,9488.4745,0.00379523,395.3531,395.3531,395.3531,395.3531,395.3531,9488.4745,0.00379523,1976.7655,1824.8244,7907.0621,8059.0032,0.00316269,0.00322347,0.00015813,212.5216,219.9480,0.9532,119.0823,2.3972,30121.7335,124.9277,49.0469,238.9093,36.5364,75.9244,374.9013,749.8027,789.266,1183.8989,75.8035,-1.1839,10.395423,15.593133,2.799122,29,215,300,5,0.03207536,0.00395337,0.05088190,0E-8,0.000000,0.912219,0.000000,-0.04848366,2026-03-31,2026-08-01,83,4123,1621,124,0.669355,0.205295,0.230786,0.106918,,,,,,,,GLOBAL_BASELINE_NO_ENTITY_RANKING,,,NOT_APPLICABLE_GLOBAL_BASELINE,HF9g-P5,,,,X 全窗基线 · 不参与实体赏罚,15055664,1506,A168_HF9F_20260827_0900,2026-08-27 09:00:00
2026-05-24,92755421,2233,0,1558.8003157065,-38.4767166535,-38.4767166535,0.5000000,4,4,0.49994810000000000,0.499948100000,0.00020760000111838688,0.00020760000111838688,0.00020760000111838688,0E-17,ELIGIBLE,R03b_20260811_FULL_v1,L1_ELIGIBILITY,v2026-08-11,2026-03-21..2026-08-06,baccarat_bet02_101_all_pairs_incl_sentinel,round_win = game_pnl > 0 (decisive only),COMPATIBILITY_ONLY_NOT_PRODUCTION,2500103.8841,2280641.3266,9883.8276,11764,10369,-0.00395337,-0.05088190,-0.00239824,-0.00395337,-9883.8276,2500103.8841,OK,0.0000,395.3531,4.0000,96.0000,AG03-UNRESOLVED,ALL5_LEVELS_bet23_to_bet27,395.3531,395.3531,395.3531,395.3531,395.3531,4.000000,4.000000,4.000000,4.000000,4.000000,96.000000,96.000000,96.000000,96.000000,96.000000,5.0,1976.7655,1824.8244,7907.0621,8059.0032,PENDING_AG03,FALSE,NOT_FOR_ENFORCEMENT,9488.4745,2189415.6736,9883.8276,9488.4745,395.3531,0.00395337,0.00379523,395.3531,9488.4745,0.00379523,395.3531,395.3531,395.3531,395.3531,395.3531,9488.4745,0.00379523,1976.7655,1824.8244,7907.0621,8059.0032,0.00316269,0.00322347,0.00015813,212.5216,219.9480,0.9532,119.0823,2.3972,30121.7335,124.9277,49.0469,238.9093,36.5364,75.9244,374.9013,749.8027,789.266,1183.8989,75.8035,-1.1839,10.395423,15.593133,2.799122,29,215,300,5,0.03207536,0.00395337,0.05088190,0E-8,0.000000,0.912219,0.000000,-0.04848366,2026-03-31,2026-08-01,83,4123,1621,124,0.669355,0.205295,0.230786,0.106918,,,,,,,,GLOBAL_BASELINE_NO_ENTITY_RANKING,,,NOT_APPLICABLE_GLOBAL_BASELINE,HF9g-P5,,,,X 全窗基线 · 不参与实体赏罚,15055665,1506,A168_HF9F_20260827_0900,2026-08-27 09:00:00
2026-05-24,92755421,2234,0,4164.1673243886,1105.1696921864,1105.1696921864,0.6666667,12,11,0.49802449016327791,0.476556000000,1.0118609569074541,1.14191993733588,1.0118609569074541,0.02146849016327791,ELIGIBLE,R03b_20260811_FULL_v1,L1_ELIGIBILITY,v2026-08-11,2026-03-21..2026-08-06,baccarat_bet02_101_all_pairs_incl_sentinel,round_win = game_pnl > 0 (decisive only),COMPATIBILITY_ONLY_NOT_PRODUCTION,2500103.8841,2280641.3266,9883.8276,11764,10369,-0.00395337,-0.05088190,-0.00239824,-0.00395337,-9883.8276,2500103.8841,OK,0.0000,395.3531,4.0000,96.0000,AG03-UNRESOLVED,ALL5_LEVELS_bet23_to_bet27,395.3531,395.3531,395.3531,395.3531,395.3531,4.000000,4.000000,4.000000,4.000000,4.000000,96.000000,96.000000,96.000000,96.000000,96.000000,5.0,1976.7655,1824.8244,7907.0621,8059.0032,PENDING_AG03,FALSE,NOT_FOR_ENFORCEMENT,9488.4745,2189415.6736,9883.8276,9488.4745,395.3531,0.00395337,0.00379523,395.3531,9488.4745,0.00379523,395.3531,395.3531,395.3531,395.3531,395.3531,9488.4745,0.00379523,1976.7655,1824.8244,7907.0621,8059.0032,0.00316269,0.00322347,0.00015813,212.5216,219.9480,0.9532,119.0823,2.3972,30121.7335,124.9277,49.0469,238.9093,36.5364,75.9244,374.9013,749.8027,789.266,1183.8989,75.8035,-1.1839,10.395423,15.593133,2.799122,29,215,300,5,0.03207536,0.00395337,0.05088190,0E-8,0.000000,0.912219,0.000000,-0.04848366,2026-03-31,2026-08-01,83,4123,1621,124,0.669355,0.205295,0.230786,0.106918,,,,,,,,GLOBAL_BASELINE_NO_ENTITY_RANKING,,,NOT_APPLICABLE_GLOBAL_BASELINE,HF9g-P5,,,,X 全窗基线 · 不参与实体赏罚,15055666,1506,A168_HF9F_20260827_0900,2026-08-27 09:00:00
2026-05-24,92755421,2242,0,5279.4001578535,1735.2012628257,1735.2012628257,0.6666667,14,13,0.50036265537135349,0.482732707692,1.152188291333119,1.2750924371201682,1.152188291333119,0.01762994767935349,ELIGIBLE,R03b_20260811_FULL_v1,L1_ELIGIBILITY,v2026-08-11,2026-03-21..2026-08-06,baccarat_bet02_101_all_pairs_incl_sentinel,round_win = game_pnl > 0 (decisive only),COMPATIBILITY_ONLY_NOT_PRODUCTION,2500103.8841,2280641.3266,9883.8276,11764,10369,-0.00395337,-0.05088190,-0.00239824,-0.00395337,-9883.8276,2500103.8841,OK,0.0000,395.3531,4.0000,96.0000,AG03-UNRESOLVED,ALL5_LEVELS_bet23_to_bet27,395.3531,395.3531,395.3531,395.3531,395.3531,4.000000,4.000000,4.000000,4.000000,4.000000,96.000000,96.000000,96.000000,96.000000,96.000000,5.0,1976.7655,1824.8244,7907.0621,8059.0032,PENDING_AG03,FALSE,NOT_FOR_ENFORCEMENT,9488.4745,2189415.6736,9883.8276,9488.4745,395.3531,0.00395337,0.00379523,395.3531,9488.4745,0.00379523,395.3531,395.3531,395.3531,395.3531,395.3531,9488.4745,0.00379523,1976.7655,1824.8244,7907.0621,8059.0032,0.00316269,0.00322347,0.00015813,212.5216,219.9480,0.9532,119.0823,2.3972,30121.7335,124.9277,49.0469,238.9093,36.5364,75.9244,374.9013,749.8027,789.266,1183.8989,75.8035,-1.1839,10.395423,15.593133,2.799122,29,215,300,5,0.03207536,0.00395337,0.05088190,0E-8,0.000000,0.912219,0.000000,-0.04848366,2026-03-31,2026-08-01,83,4123,1621,124,0.669355,0.205295,0.230786,0.106918,,,,,,,,GLOBAL_BASELINE_NO_ENTITY_RANKING,,,NOT_APPLICABLE_GLOBAL_BASELINE,HF9g-P5,,,,X 全窗基线 · 不参与实体赏罚,15055667,1506,A168_HF9F_20260827_0900,2026-08-27 09:00:00
2026-05-24,92755421,2248,0,4994.8697711132,2604.7750591952,2604.7750591952,0.7692308,15,13,0.49916478568805954,0.462939392308,1.9474762198980038,2.214790889029637,1.9474762198980038,0.03622539338005954,ELIGIBLE,R03b_20260811_FULL_v1,L1_ELIGIBILITY,v2026-08-11,2026-03-21..2026-08-06,baccarat_bet02_101_all_pairs_incl_sentinel,round_win = game_pnl > 0 (decisive only),COMPATIBILITY_ONLY_NOT_PRODUCTION,2500103.8841,2280641.3266,9883.8276,11764,10369,-0.00395337,-0.05088190,-0.00239824,-0.00395337,-9883.8276,2500103.8841,OK,0.0000,395.3531,4.0000,96.0000,AG03-UNRESOLVED,ALL5_LEVELS_bet23_to_bet27,395.3531,395.3531,395.3531,395.3531,395.3531,4.000000,4.000000,4.000000,4.000000,4.000000,96.000000,96.000000,96.000000,96.000000,96.000000,5.0,1976.7655,1824.8244,7907.0621,8059.0032,PENDING_AG03,FALSE,NOT_FOR_ENFORCEMENT,9488.4745,2189415.6736,9883.8276,9488.4745,395.3531,0.00395337,0.00379523,395.3531,9488.4745,0.00379523,395.3531,395.3531,395.3531,395.3531,395.3531,9488.4745,0.00379523,1976.7655,1824.8244,7907.0621,8059.0032,0.00316269,0.00322347,0.00015813,212.5216,219.9480,0.9532,119.0823,2.3972,30121.7335,124.9277,49.0469,238.9093,36.5364,75.9244,374.9013,749.8027,789.266,1183.8989,75.8035,-1.1839,10.395423,15.593133,2.799122,29,215,300,5,0.03207536,0.00395337,0.05088190,0E-8,0.000000,0.912219,0.000000,-0.04848366,2026-03-31,2026-08-01,83,4123,1621,124,0.669355,0.205295,0.230786,0.106918,,,,,,,,GLOBAL_BASELINE_NO_ENTITY_RANKING,,,NOT_APPLICABLE_GLOBAL_BASELINE,HF9g-P5,,,,X 全窗基线 · 不参与实体赏罚,15055668,1506,A168_HF9F_20260827_0900,2026-08-27 09:00:00
2026-05-24,92755421,2254,0,1048.1452249408,-355.5643251775,-355.5643251775,0.5000000,3,2,0.49913760353075456,0.381345450000,0.0024392291941463355,0.3454745057990616,0.0024392291941463355,0.11779215353075456,ELIGIBLE,R03b_20260811_FULL_v1,L1_ELIGIBILITY,v2026-08-11,2026-03-21..2026-08-06,baccarat_bet02_101_all_pairs_incl_sentinel,round_win = game_pnl > 0 (decisive only),COMPATIBILITY_ONLY_NOT_PRODUCTION,2500103.8841,2280641.3266,9883.8276,11764,10369,-0.00395337,-0.05088190,-0.00239824,-0.00395337,-9883.8276,2500103.8841,OK,0.0000,395.3531,4.0000,96.0000,AG03-UNRESOLVED,ALL5_LEVELS_bet23_to_bet27,395.3531,395.3531,395.3531,395.3531,395.3531,4.000000,4.000000,4.000000,4.000000,4.000000,96.000000,96.000000,96.000000,96.000000,96.000000,5.0,1976.7655,1824.8244,7907.0621,8059.0032,PENDING_AG03,FALSE,NOT_FOR_ENFORCEMENT,9488.4745,2189415.6736,9883.8276,9488.4745,395.3531,0.00395337,0.00379523,395.3531,9488.4745,0.00379523,395.3531,395.3531,395.3531,395.3531,395.3531,9488.4745,0.00379523,1976.7655,1824.8244,7907.0621,8059.0032,0.00316269,0.00322347,0.00015813,212.5216,219.9480,0.9532,119.0823,2.3972,30121.7335,124.9277,49.0469,238.9093,36.5364,75.9244,374.9013,749.8027,789.266,1183.8989,75.8035,-1.1839,10.395423,15.593133,2.799122,29,215,300,5,0.03207536,0.00395337,0.05088190,0E-8,0.000000,0.912219,0.000000,-0.04848366,2026-03-31,2026-08-01,83,4123,1621,124,0.669355,0.205295,0.230786,0.106918,,,,,,,,GLOBAL_BASELINE_NO_ENTITY_RANKING,,,NOT_APPLICABLE_GLOBAL_BASELINE,HF9g-P5,,,,X 全窗基线 · 不参与实体赏罚,15055669,1506,A168_HF9F_20260827_0900,2026-08-27 09:00:00
2026-05-24,92755421,2256,0,2683.8989739544,-413.7726913970,-413.7726913970,0.4285714,8,7,0.50274100367635081,0.468934171429,-0.3924743985939255,-0.213993002235269,-0.3924743985939255,0.03380683224735081,ELIGIBLE,R03b_20260811_FULL_v1,L1_ELIGIBILITY,v2026-08-11,2026-03-21..2026-08-06,baccarat_bet02_101_all_pairs_incl_sentinel,round_win = game_pnl > 0 (decisive only),COMPATIBILITY_ONLY_NOT_PRODUCTION,2500103.8841,2280641.3266,9883.8276,11764,10369,-0.00395337,-0.05088190,-0.00239824,-0.00395337,-9883.8276,2500103.8841,OK,0.0000,395.3531,4.0000,96.0000,AG03-UNRESOLVED,ALL5_LEVELS_bet23_to_bet27,395.3531,395.3531,395.3531,395.3531,395.3531,4.000000,4.000000,4.000000,4.000000,4.000000,96.000000,96.000000,96.000000,96.000000,96.000000,5.0,1976.7655,1824.8244,7907.0621,8059.0032,PENDING_AG03,FALSE,NOT_FOR_ENFORCEMENT,9488.4745,2189415.6736,9883.8276,9488.4745,395.3531,0.00395337,0.00379523,395.3531,9488.4745,0.00379523,395.3531,395.3531,395.3531,395.3531,395.3531,9488.4745,0.00379523,1976.7655,1824.8244,7907.0621,8059.0032,0.00316269,0.00322347,0.00015813,212.5216,219.9480,0.9532,119.0823,2.3972,30121.7335,124.9277,49.0469,238.9093,36.5364,75.9244,374.9013,749.8027,789.266,1183.8989,75.8035,-1.1839,10.395423,15.593133,2.799122,29,215,300,5,0.03207536,0.00395337,0.05088190,0E-8,0.000000,0.912219,0.000000,-0.04848366,2026-03-31,2026-08-01,83,4123,1621,124,0.669355,0.205295,0.230786,0.106918,,,,,,,,GLOBAL_BASELINE_NO_ENTITY_RANKING,,,NOT_APPLICABLE_GLOBAL_BASELINE,HF9g-P5,,,,X 全窗基线 · 不参与实体赏罚,15055670,1506,A168_HF9F_20260827_0900,2026-08-27 09:00:00
2026-05-24,92755421,2258,0,1183.8989739543,-19.7316495659,-19.7316495659,0.5000000,3,3,0.50218230000000000,0.502182300000,-0.00617253530718887,-0.00617253530718887,-0.00617253530718887,0E-17,ELIGIBLE,R03b_20260811_FULL_v1,L1_ELIGIBILITY,v2026-08-11,2026-03-21..2026-08-06,baccarat_bet02_101_all_pairs_incl_sentinel,round_win = game_pnl > 0 (decisive only),COMPATIBILITY_ONLY_NOT_PRODUCTION,2500103.8841,2280641.3266,9883.8276,11764,10369,-0.00395337,-0.05088190,-0.00239824,-0.00395337,-9883.8276,2500103.8841,OK,0.0000,395.3531,4.0000,96.0000,AG03-UNRESOLVED,ALL5_LEVELS_bet23_to_bet27,395.3531,395.3531,395.3531,395.3531,395.3531,4.000000,4.000000,4.000000,4.000000,4.000000,96.000000,96.000000,96.000000,96.000000,96.000000,5.0,1976.7655,1824.8244,7907.0621,8059.0032,PENDING_AG03,FALSE,NOT_FOR_ENFORCEMENT,9488.4745,2189415.6736,9883.8276,9488.4745,395.3531,0.00395337,0.00379523,395.3531,9488.4745,0.00379523,395.3531,395.3531,395.3531,395.3531,395.3531,9488.4745,0.00379523,1976.7655,1824.8244,7907.0621,8059.0032,0.00316269,0.00322347,0.00015813,212.5216,219.9480,0.9532,119.0823,2.3972,30121.7335,124.9277,49.0469,238.9093,36.5364,75.9244,374.9013,749.8027,789.266,1183.8989,75.8035,-1.1839,10.395423,15.593133,2.799122,29,215,300,5,0.03207536,0.00395337,0.05088190,0E-8,0.000000,0.912219,0.000000,-0.04848366,2026-03-31,2026-08-01,83,4123,1621,124,0.669355,0.205295,0.230786,0.106918,,,,,,,,GLOBAL_BASELINE_NO_ENTITY_RANKING,,,NOT_APPLICABLE_GLOBAL_BASELINE,HF9g-P5,,,,X 全窗基线 · 不参与实体赏罚,15055671,1506,A168_HF9F_20260827_0900,2026-08-27 09:00:00
2026-05-24,92755421,2271,0,1973.1649565905,-1183.8989739543,-1183.8989739543,0.2000000,5,5,0.50128862000000000,0.501288620000,-1.347408145195933,-1.347408145195933,-1.347408145195933,0E-17,ELIGIBLE,R03b_20260811_FULL_v1,L1_ELIGIBILITY,v2026-08-11,2026-03-21..2026-08-06,baccarat_bet02_101_all_pairs_incl_sentinel,round_win = game_pnl > 0 (decisive only),COMPATIBILITY_ONLY_NOT_PRODUCTION,2500103.8841,2280641.3266,9883.8276,11764,10369,-0.00395337,-0.05088190,-0.00239824,-0.00395337,-9883.8276,2500103.8841,OK,0.0000,395.3531,4.0000,96.0000,AG03-UNRESOLVED,ALL5_LEVELS_bet23_to_bet27,395.3531,395.3531,395.3531,395.3531,395.3531,4.000000,4.000000,4.000000,4.000000,4.000000,96.000000,96.000000,96.000000,96.000000,96.000000,5.0,1976.7655,1824.8244,7907.0621,8059.0032,PENDING_AG03,FALSE,NOT_FOR_ENFORCEMENT,9488.4745,2189415.6736,9883.8276,9488.4745,395.3531,0.00395337,0.00379523,395.3531,9488.4745,0.00379523,395.3531,395.3531,395.3531,395.3531,395.3531,9488.4745,0.00379523,1976.7655,1824.8244,7907.0621,8059.0032,0.00316269,0.00322347,0.00015813,212.5216,219.9480,0.9532,119.0823,2.3972,30121.7335,124.9277,49.0469,238.9093,36.5364,75.9244,374.9013,749.8027,789.266,1183.8989,75.8035,-1.1839,10.395423,15.593133,2.799122,29,215,300,5,0.03207536,0.00395337,0.05088190,0E-8,0.000000,0.912219,0.000000,-0.04848366,2026-03-31,2026-08-01,83,4123,1621,124,0.669355,0.205295,0.230786,0.106918,,,,,,,,GLOBAL_BASELINE_NO_ENTITY_RANKING,,,NOT_APPLICABLE_GLOBAL_BASELINE,HF9g-P5,,,,X 全窗基线 · 不参与实体赏罚,15055672,1506,A168_HF9F_20260827_0900,2026-08-27 09:00:00
2026-05-24,92755421,462,0,355.1696921863,-355.1696921863,-355.1696921863,0E-7,1,1,0.49324550000000000,0.493245500000,-0.9865810262130424,-0.9865810262130424,-0.9865810262130424,0E-17,ELIGIBLE,R03b_20260811_FULL_v1,L1_ELIGIBILITY,v2026-08-11,2026-03-21..2026-08-06,baccarat_bet02_101_all_pairs_incl_sentinel,round_win = game_pnl > 0 (decisive only),COMPATIBILITY_ONLY_NOT_PRODUCTION,2500103.8841,2280641.3266,9883.8276,11764,10369,-0.00395337,-0.05088190,-0.00239824,-0.00395337,-9883.8276,2500103.8841,OK,0.0000,395.3531,4.0000,96.0000,AG03-UNRESOLVED,ALL5_LEVELS_bet23_to_bet27,395.3531,395.3531,395.3531,395.3531,395.3531,4.000000,4.000000,4.000000,4.000000,4.000000,96.000000,96.000000,96.000000,96.000000,96.000000,5.0,1976.7655,1824.8244,7907.0621,8059.0032,PENDING_AG03,FALSE,NOT_FOR_ENFORCEMENT,9488.4745,2189415.6736,9883.8276,9488.4745,395.3531,0.00395337,0.00379523,395.3531,9488.4745,0.00379523,395.3531,395.3531,395.3531,395.3531,395.3531,9488.4745,0.00379523,1976.7655,1824.8244,7907.0621,8059.0032,0.00316269,0.00322347,0.00015813,212.5216,219.9480,0.9532,119.0823,2.3972,30121.7335,124.9277,49.0469,238.9093,36.5364,75.9244,374.9013,749.8027,789.266,1183.8989,75.8035,-1.1839,10.395423,15.593133,2.799122,29,215,300,5,0.03207536,0.00395337,0.05088190,0E-8,0.000000,0.912219,0.000000,-0.04848366,2026-03-31,2026-08-01,83,4123,1621,124,0.669355,0.205295,0.230786,0.106918,,,,,,,,GLOBAL_BASELINE_NO_ENTITY_RANKING,,,NOT_APPLICABLE_GLOBAL_BASELINE,HF9g-P5,,,,X 全窗基线 · 不参与实体赏罚,15055673,1506,A168_HF9F_20260827_0900,2026-08-27 09:00:00
2026-05-24,92755421,471,0,4593.5280189424,2109.3133385951,2109.3133385951,0.7500000,11,8,0.50006513573106585,0.412671762500,1.4138451110329595,1.9380049126483307,1.4138451110329595,0.08739337323106585,ELIGIBLE,R03b_20260811_FULL_v1,L1_ELIGIBILITY,v2026-08-11,2026-03-21..2026-08-06,baccarat_bet02_101_all_pairs_incl_sentinel,round_win = game_pnl > 0 (decisive only),COMPATIBILITY_ONLY_NOT_PRODUCTION,2500103.8841,2280641.3266,9883.8276,11764,10369,-0.00395337,-0.05088190,-0.00239824,-0.00395337,-9883.8276,2500103.8841,OK,0.0000,395.3531,4.0000,96.0000,AG03-UNRESOLVED,ALL5_LEVELS_bet23_to_bet27,395.3531,395.3531,395.3531,395.3531,395.3531,4.000000,4.000000,4.000000,4.000000,4.000000,96.000000,96.000000,96.000000,96.000000,96.000000,5.0,1976.7655,1824.8244,7907.0621,8059.0032,PENDING_AG03,FALSE,NOT_FOR_ENFORCEMENT,9488.4745,2189415.6736,9883.8276,9488.4745,395.3531,0.00395337,0.00379523,395.3531,9488.4745,0.00379523,395.3531,395.3531,395.3531,395.3531,395.3531,9488.4745,0.00379523,1976.7655,1824.8244,7907.0621,8059.0032,0.00316269,0.00322347,0.00015813,212.5216,219.9480,0.9532,119.0823,2.3972,30121.7335,124.9277,49.0469,238.9093,36.5364,75.9244,374.9013,749.8027,789.266,1183.8989,75.8035,-1.1839,10.395423,15.593133,2.799122,29,215,300,5,0.03207536,0.00395337,0.05088190,0E-8,0.000000,0.912219,0.000000,-0.04848366,2026-03-31,2026-08-01,83,4123,1621,124,0.669355,0.205295,0.230786,0.106918,,,,,,,,GLOBAL_BASELINE_NO_ENTITY_RANKING,,,NOT_APPLICABLE_GLOBAL_BASELINE,HF9g-P5,,,,X 全窗基线 · 不参与实体赏罚,15055674,1506,A168_HF9F_20260827_0900,2026-08-27 09:00:00
2026-05-24,92755421,529,0,2762.4309392267,-1183.8989739543,-1183.8989739543,0.2000000,7,7,0.50282064285714286,0.502820642857,-1.354276634329538,-1.354276634328897,-1.354276634329538,1.4286E-13,ELIGIBLE,R03b_20260811_FULL_v1,L1_ELIGIBILITY,v2026-08-11,2026-03-21..2026-08-06,baccarat_bet02_101_all_pairs_incl_sentinel,round_win = game_pnl > 0 (decisive only),COMPATIBILITY_ONLY_NOT_PRODUCTION,2500103.8841,2280641.3266,9883.8276,11764,10369,-0.00395337,-0.05088190,-0.00239824,-0.00395337,-9883.8276,2500103.8841,OK,0.0000,395.3531,4.0000,96.0000,AG03-UNRESOLVED,ALL5_LEVELS_bet23_to_bet27,395.3531,395.3531,395.3531,395.3531,395.3531,4.000000,4.000000,4.000000,4.000000,4.000000,96.000000,96.000000,96.000000,96.000000,96.000000,5.0,1976.7655,1824.8244,7907.0621,8059.0032,PENDING_AG03,FALSE,NOT_FOR_ENFORCEMENT,9488.4745,2189415.6736,9883.8276,9488.4745,395.3531,0.00395337,0.00379523,395.3531,9488.4745,0.00379523,395.3531,395.3531,395.3531,395.3531,395.3531,9488.4745,0.00379523,1976.7655,1824.8244,7907.0621,8059.0032,0.00316269,0.00322347,0.00015813,212.5216,219.9480,0.9532,119.0823,2.3972,30121.7335,124.9277,49.0469,238.9093,36.5364,75.9244,374.9013,749.8027,789.266,1183.8989,75.8035,-1.1839,10.395423,15.593133,2.799122,29,215,300,5,0.03207536,0.00395337,0.05088190,0E-8,0.000000,0.912219,0.000000,-0.04848366,2026-03-31,2026-08-01,83,4123,1621,124,0.669355,0.205295,0.230786,0.106918,,,,,,,,GLOBAL_BASELINE_NO_ENTITY_RANKING,,,NOT_APPLICABLE_GLOBAL_BASELINE,HF9g-P5,,,,X 全窗基线 · 不参与实体赏罚,15055675,1506,A168_HF9F_20260827_0900,2026-08-27 09:00:00
2026-05-24,92755421,583,0,1953.4333070246,0E-10,0E-10,0.5000000,5,5,0.50128862000000000,0.501288620000,-0.0051544971185412255,-0.0051544971185412255,-0.0051544971185412255,0E-17,ELIGIBLE,R03b_20260811_FULL_v1,L1_ELIGIBILITY,v2026-08-11,2026-03-21..2026-08-06,baccarat_bet02_101_all_pairs_incl_sentinel,round_win = game_pnl > 0 (decisive only),COMPATIBILITY_ONLY_NOT_PRODUCTION,2500103.8841,2280641.3266,9883.8276,11764,10369,-0.00395337,-0.05088190,-0.00239824,-0.00395337,-9883.8276,2500103.8841,OK,0.0000,395.3531,4.0000,96.0000,AG03-UNRESOLVED,ALL5_LEVELS_bet23_to_bet27,395.3531,395.3531,395.3531,395.3531,395.3531,4.000000,4.000000,4.000000,4.000000,4.000000,96.000000,96.000000,96.000000,96.000000,96.000000,5.0,1976.7655,1824.8244,7907.0621,8059.0032,PENDING_AG03,FALSE,NOT_FOR_ENFORCEMENT,9488.4745,2189415.6736,9883.8276,9488.4745,395.3531,0.00395337,0.00379523,395.3531,9488.4745,0.00379523,395.3531,395.3531,395.3531,395.3531,395.3531,9488.4745,0.00379523,1976.7655,1824.8244,7907.0621,8059.0032,0.00316269,0.00322347,0.00015813,212.5216,219.9480,0.9532,119.0823,2.3972,30121.7335,124.9277,49.0469,238.9093,36.5364,75.9244,374.9013,749.8027,789.266,1183.8989,75.8035,-1.1839,10.395423,15.593133,2.799122,29,215,300,5,0.03207536,0.00395337,0.05088190,0E-8,0.000000,0.912219,0.000000,-0.04848366,2026-03-31,2026-08-01,83,4123,1621,124,0.669355,0.205295,0.230786,0.106918,,,,,,,,GLOBAL_BASELINE_NO_ENTITY_RANKING,,,NOT_APPLICABLE_GLOBAL_BASELINE,HF9g-P5,,,,X 全窗基线 · 不参与实体赏罚,15055676,1506,A168_HF9F_20260827_0900,2026-08-27 09:00:00
2026-05-24,92755421,772,0,4818.4688239940,1223.3622730861,1223.3622730861,0.7000000,13,12,0.49955667211220936,0.480180991667,1.2677154141314313,1.3913509344035486,1.2677154141314313,0.01937568044520936,ELIGIBLE,R03b_20260811_FULL_v1,L1_ELIGIBILITY,v2026-08-11,2026-03-21..2026-08-06,baccarat_bet02_101_all_pairs_incl_sentinel,round_win = game_pnl > 0 (decisive only),COMPATIBILITY_ONLY_NOT_PRODUCTION,2500103.8841,2280641.3266,9883.8276,11764,10369,-0.00395337,-0.05088190,-0.00239824,-0.00395337,-9883.8276,2500103.8841,OK,0.0000,395.3531,4.0000,96.0000,AG03-UNRESOLVED,ALL5_LEVELS_bet23_to_bet27,395.3531,395.3531,395.3531,395.3531,395.3531,4.000000,4.000000,4.000000,4.000000,4.000000,96.000000,96.000000,96.000000,96.000000,96.000000,5.0,1976.7655,1824.8244,7907.0621,8059.0032,PENDING_AG03,FALSE,NOT_FOR_ENFORCEMENT,9488.4745,2189415.6736,9883.8276,9488.4745,395.3531,0.00395337,0.00379523,395.3531,9488.4745,0.00379523,395.3531,395.3531,395.3531,395.3531,395.3531,9488.4745,0.00379523,1976.7655,1824.8244,7907.0621,8059.0032,0.00316269,0.00322347,0.00015813,212.5216,219.9480,0.9532,119.0823,2.3972,30121.7335,124.9277,49.0469,238.9093,36.5364,75.9244,374.9013,749.8027,789.266,1183.8989,75.8035,-1.1839,10.395423,15.593133,2.799122,29,215,300,5,0.03207536,0.00395337,0.05088190,0E-8,0.000000,0.912219,0.000000,-0.04848366,2026-03-31,2026-08-01,83,4123,1621,124,0.669355,0.205295,0.230786,0.106918,,,,,,,,GLOBAL_BASELINE_NO_ENTITY_RANKING,,,NOT_APPLICABLE_GLOBAL_BASELINE,HF9g-P5,,,,X 全窗基线 · 不参与实体赏罚,15055677,1506,A168_HF9F_20260827_0900,2026-08-27 09:00:00
2026-05-24,92755421,987,0,394.6329913181,-394.6329913181,-394.6329913181,0E-7,1,1,0.49324550000000000,0.493245500000,-0.9865810262130424,-0.9865810262130424,-0.9865810262130424,0E-17,ELIGIBLE,R03b_20260811_FULL_v1,L1_ELIGIBILITY,v2026-08-11,2026-03-21..2026-08-06,baccarat_bet02_101_all_pairs_incl_sentinel,round_win = game_pnl > 0 (decisive only),COMPATIBILITY_ONLY_NOT_PRODUCTION,2500103.8841,2280641.3266,9883.8276,11764,10369,-0.00395337,-0.05088190,-0.00239824,-0.00395337,-9883.8276,2500103.8841,OK,0.0000,395.3531,4.0000,96.0000,AG03-UNRESOLVED,ALL5_LEVELS_bet23_to_bet27,395.3531,395.3531,395.3531,395.3531,395.3531,4.000000,4.000000,4.000000,4.000000,4.000000,96.000000,96.000000,96.000000,96.000000,96.000000,5.0,1976.7655,1824.8244,7907.0621,8059.0032,PENDING_AG03,FALSE,NOT_FOR_ENFORCEMENT,9488.4745,2189415.6736,9883.8276,9488.4745,395.3531,0.00395337,0.00379523,395.3531,9488.4745,0.00379523,395.3531,395.3531,395.3531,395.3531,395.3531,9488.4745,0.00379523,1976.7655,1824.8244,7907.0621,8059.0032,0.00316269,0.00322347,0.00015813,212.5216,219.9480,0.9532,119.0823,2.3972,30121.7335,124.9277,49.0469,238.9093,36.5364,75.9244,374.9013,749.8027,789.266,1183.8989,75.8035,-1.1839,10.395423,15.593133,2.799122,29,215,300,5,0.03207536,0.00395337,0.05088190,0E-8,0.000000,0.912219,0.000000,-0.04848366,2026-03-31,2026-08-01,83,4123,1621,124,0.669355,0.205295,0.230786,0.106918,,,,,,,,GLOBAL_BASELINE_NO_ENTITY_RANKING,,,NOT_APPLICABLE_GLOBAL_BASELINE,HF9g-P5,,,,X 全窗基线 · 不参与实体赏罚,15055678,1506,A168_HF9F_20260827_0900,2026-08-27 09:00:00
2026-05-25,92755421,-1,1,46129.4396211517,2097.6716653515,2097.6716653515,0.5333333,87,80,0.49904470357900622,0.479527766250,0.5938975725365727,0.9327219176921245,0.5938975725365727,0.01951693732900622,SENTINEL_DEALER,R03b_20260811_FULL_v1,L1_ELIGIBILITY,v2026-08-11,2026-03-21..2026-08-06,baccarat_bet02_101_all_pairs_incl_sentinel,round_win = game_pnl > 0 (decisive only),COMPATIBILITY_ONLY_NOT_PRODUCTION,2500103.8841,2280641.3266,9883.8276,11764,10369,-0.00395337,-0.05088190,-0.00239824,-0.00395337,-9883.8276,2500103.8841,OK,0.0000,395.3531,4.0000,96.0000,AG03-UNRESOLVED,ALL5_LEVELS_bet23_to_bet27,395.3531,395.3531,395.3531,395.3531,395.3531,4.000000,4.000000,4.000000,4.000000,4.000000,96.000000,96.000000,96.000000,96.000000,96.000000,5.0,1976.7655,1824.8244,7907.0621,8059.0032,PENDING_AG03,FALSE,NOT_FOR_ENFORCEMENT,9488.4745,2189415.6736,9883.8276,9488.4745,395.3531,0.00395337,0.00379523,395.3531,9488.4745,0.00379523,395.3531,395.3531,395.3531,395.3531,395.3531,9488.4745,0.00379523,1976.7655,1824.8244,7907.0621,8059.0032,0.00316269,0.00322347,0.00015813,212.5216,219.9480,0.9532,119.0823,2.3972,30121.7335,124.9277,49.0469,238.9093,36.5364,75.9244,374.9013,749.8027,789.266,1183.8989,75.8035,-1.1839,10.395423,15.593133,2.799122,29,215,300,5,0.03207536,0.00395337,0.05088190,0E-8,0.000000,0.912219,0.000000,-0.04848366,2026-03-31,2026-08-01,83,4123,1621,124,0.669355,0.205295,0.230786,0.106918,,,,,,,,GLOBAL_BASELINE_NO_ENTITY_RANKING,,,NOT_APPLICABLE_GLOBAL_BASELINE,HF9g-P5,,,,X 全窗基线 · 不参与实体赏罚,15055679,1506,A168_HF9F_20260827_0900,2026-08-27 09:00:00
2026-05-25,92755421,1115,0,394.6329913181,-394.6329913181,-394.6329913181,0E-7,1,1,0.49324550000000000,0.493245500000,-0.9865810262130424,-0.9865810262130424,-0.9865810262130424,0E-17,ELIGIBLE,R03b_20260811_FULL_v1,L1_ELIGIBILITY,v2026-08-11,2026-03-21..2026-08-06,baccarat_bet02_101_all_pairs_incl_sentinel,round_win = game_pnl > 0 (decisive only),COMPATIBILITY_ONLY_NOT_PRODUCTION,2500103.8841,2280641.3266,9883.8276,11764,10369,-0.00395337,-0.05088190,-0.00239824,-0.00395337,-9883.8276,2500103.8841,OK,0.0000,395.3531,4.0000,96.0000,AG03-UNRESOLVED,ALL5_LEVELS_bet23_to_bet27,395.3531,395.3531,395.3531,395.3531,395.3531,4.000000,4.000000,4.000000,4.000000,4.000000,96.000000,96.000000,96.000000,96.000000,96.000000,5.0,1976.7655,1824.8244,7907.0621,8059.0032,PENDING_AG03,FALSE,NOT_FOR_ENFORCEMENT,9488.4745,2189415.6736,9883.8276,9488.4745,395.3531,0.00395337,0.00379523,395.3531,9488.4745,0.00379523,395.3531,395.3531,395.3531,395.3531,395.3531,9488.4745,0.00379523,1976.7655,1824.8244,7907.0621,8059.0032,0.00316269,0.00322347,0.00015813,212.5216,219.9480,0.9532,119.0823,2.3972,30121.7335,124.9277,49.0469,238.9093,36.5364,75.9244,374.9013,749.8027,789.266,1183.8989,75.8035,-1.1839,10.395423,15.593133,2.799122,29,215,300,5,0.03207536,0.00395337,0.05088190,0E-8,0.000000,0.912219,0.000000,-0.04848366,2026-03-31,2026-08-01,83,4123,1621,124,0.669355,0.205295,0.230786,0.106918,,,,,,,,GLOBAL_BASELINE_NO_ENTITY_RANKING,,,NOT_APPLICABLE_GLOBAL_BASELINE,HF9g-P5,,,,X 全窗基线 · 不参与实体赏罚,15055680,1506,A168_HF9F_20260827_0900,2026-08-27 09:00:00
2026-05-25,92755421,1151,0,2880.8208366218,1578.5319652722,1578.5319652722,0.7500000,4,4,0.49994810000000000,0.499948100000,1.0002076053883384,1.0002076053883384,1.0002076053883384,0E-17,ELIGIBLE,R03b_20260811_FULL_v1,L1_ELIGIBILITY,v2026-08-11,2026-03-21..2026-08-06,baccarat_bet02_101_all_pairs_incl_sentinel,round_win = game_pnl > 0 (decisive only),COMPATIBILITY_ONLY_NOT_PRODUCTION,2500103.8841,2280641.3266,9883.8276,11764,10369,-0.00395337,-0.05088190,-0.00239824,-0.00395337,-9883.8276,2500103.8841,OK,0.0000,395.3531,4.0000,96.0000,AG03-UNRESOLVED,ALL5_LEVELS_bet23_to_bet27,395.3531,395.3531,395.3531,395.3531,395.3531,4.000000,4.000000,4.000000,4.000000,4.000000,96.000000,96.000000,96.000000,96.000000,96.000000,5.0,1976.7655,1824.8244,7907.0621,8059.0032,PENDING_AG03,FALSE,NOT_FOR_ENFORCEMENT,9488.4745,2189415.6736,9883.8276,9488.4745,395.3531,0.00395337,0.00379523,395.3531,9488.4745,0.00379523,395.3531,395.3531,395.3531,395.3531,395.3531,9488.4745,0.00379523,1976.7655,1824.8244,7907.0621,8059.0032,0.00316269,0.00322347,0.00015813,212.5216,219.9480,0.9532,119.0823,2.3972,30121.7335,124.9277,49.0469,238.9093,36.5364,75.9244,374.9013,749.8027,789.266,1183.8989,75.8035,-1.1839,10.395423,15.593133,2.799122,29,215,300,5,0.03207536,0.00395337,0.05088190,0E-8,0.000000,0.912219,0.000000,-0.04848366,2026-03-31,2026-08-01,83,4123,1621,124,0.669355,0.205295,0.230786,0.106918,,,,,,,,GLOBAL_BASELINE_NO_ENTITY_RANKING,,,NOT_APPLICABLE_GLOBAL_BASELINE,HF9g-P5,,,,X 全窗基线 · 不参与实体赏罚,15055681,1506,A168_HF9F_20260827_0900,2026-08-27 09:00:00
2026-05-25,92755421,1304,0,394.6329913181,-394.6329913181,-394.6329913181,0E-7,1,1,0.49324550000000000,0.493245500000,-0.9865810262130424,-0.9865810262130424,-0.9865810262130424,0E-17,ELIGIBLE,R03b_20260811_FULL_v1,L1_ELIGIBILITY,v2026-08-11,2026-03-21..2026-08-06,baccarat_bet02_101_all_pairs_incl_sentinel,round_win = game_pnl > 0 (decisive only),COMPATIBILITY_ONLY_NOT_PRODUCTION,2500103.8841,2280641.3266,9883.8276,11764,10369,-0.00395337,-0.05088190,-0.00239824,-0.00395337,-9883.8276,2500103.8841,OK,0.0000,395.3531,4.0000,96.0000,AG03-UNRESOLVED,ALL5_LEVELS_bet23_to_bet27,395.3531,395.3531,395.3531,395.3531,395.3531,4.000000,4.000000,4.000000,4.000000,4.000000,96.000000,96.000000,96.000000,96.000000,96.000000,5.0,1976.7655,1824.8244,7907.0621,8059.0032,PENDING_AG03,FALSE,NOT_FOR_ENFORCEMENT,9488.4745,2189415.6736,9883.8276,9488.4745,395.3531,0.00395337,0.00379523,395.3531,9488.4745,0.00379523,395.3531,395.3531,395.3531,395.3531,395.3531,9488.4745,0.00379523,1976.7655,1824.8244,7907.0621,8059.0032,0.00316269,0.00322347,0.00015813,212.5216,219.9480,0.9532,119.0823,2.3972,30121.7335,124.9277,49.0469,238.9093,36.5364,75.9244,374.9013,749.8027,789.266,1183.8989,75.8035,-1.1839,10.395423,15.593133,2.799122,29,215,300,5,0.03207536,0.00395337,0.05088190,0E-8,0.000000,0.912219,0.000000,-0.04848366,2026-03-31,2026-08-01,83,4123,1621,124,0.669355,0.205295,0.230786,0.106918,,,,,,,,GLOBAL_BASELINE_NO_ENTITY_RANKING,,,NOT_APPLICABLE_GLOBAL_BASELINE,HF9g-P5,,,,X 全窗基线 · 不参与实体赏罚,15055682,1506,A168_HF9F_20260827_0900,2026-08-27 09:00:00
2026-05-25,92755421,1318,0,2762.4309392264,355.1696921862,355.1696921862,0.5000000,4,4,0.49994810000000000,0.499948100000,0.00020760000111838688,0.00020760000111838688,0.00020760000111838688,0E-17,ELIGIBLE,R03b_20260811_FULL_v1,L1_ELIGIBILITY,v2026-08-11,2026-03-21..2026-08-06,baccarat_bet02_101_all_pairs_incl_sentinel,round_win = game_pnl > 0 (decisive only),COMPATIBILITY_ONLY_NOT_PRODUCTION,2500103.8841,2280641.3266,9883.8276,11764,10369,-0.00395337,-0.05088190,-0.00239824,-0.00395337,-9883.8276,2500103.8841,OK,0.0000,395.3531,4.0000,96.0000,AG03-UNRESOLVED,ALL5_LEVELS_bet23_to_bet27,395.3531,395.3531,395.3531,395.3531,395.3531,4.000000,4.000000,4.000000,4.000000,4.000000,96.000000,96.000000,96.000000,96.000000,96.000000,5.0,1976.7655,1824.8244,7907.0621,8059.0032,PENDING_AG03,FALSE,NOT_FOR_ENFORCEMENT,9488.4745,2189415.6736,9883.8276,9488.4745,395.3531,0.00395337,0.00379523,395.3531,9488.4745,0.00379523,395.3531,395.3531,395.3531,395.3531,395.3531,9488.4745,0.00379523,1976.7655,1824.8244,7907.0621,8059.0032,0.00316269,0.00322347,0.00015813,212.5216,219.9480,0.9532,119.0823,2.3972,30121.7335,124.9277,49.0469,238.9093,36.5364,75.9244,374.9013,749.8027,789.266,1183.8989,75.8035,-1.1839,10.395423,15.593133,2.799122,29,215,300,5,0.03207536,0.00395337,0.05088190,0E-8,0.000000,0.912219,0.000000,-0.04848366,2026-03-31,2026-08-01,83,4123,1621,124,0.669355,0.205295,0.230786,0.106918,,,,,,,,GLOBAL_BASELINE_NO_ENTITY_RANKING,,,NOT_APPLICABLE_GLOBAL_BASELINE,HF9g-P5,,,,X 全窗基线 · 不参与实体赏罚,15055683,1506,A168_HF9F_20260827_0900,2026-08-27 09:00:00
2026-05-25,92755421,1374,0,5854.3804262036,187.4506708763,187.4506708763,0.5454545,13,11,0.49852986231114170,0.456210536364,0.3112644802637236,0.5942611847630309,0.3112644802637236,0.04231932594714170,ELIGIBLE,R03b_20260811_FULL_v1,L1_ELIGIBILITY,v2026-08-11,2026-03-21..2026-08-06,baccarat_bet02_101_all_pairs_incl_sentinel,round_win = game_pnl > 0 (decisive only),COMPATIBILITY_ONLY_NOT_PRODUCTION,2500103.8841,2280641.3266,9883.8276,11764,10369,-0.00395337,-0.05088190,-0.00239824,-0.00395337,-9883.8276,2500103.8841,OK,0.0000,395.3531,4.0000,96.0000,AG03-UNRESOLVED,ALL5_LEVELS_bet23_to_bet27,395.3531,395.3531,395.3531,395.3531,395.3531,4.000000,4.000000,4.000000,4.000000,4.000000,96.000000,96.000000,96.000000,96.000000,96.000000,5.0,1976.7655,1824.8244,7907.0621,8059.0032,PENDING_AG03,FALSE,NOT_FOR_ENFORCEMENT,9488.4745,2189415.6736,9883.8276,9488.4745,395.3531,0.00395337,0.00379523,395.3531,9488.4745,0.00379523,395.3531,395.3531,395.3531,395.3531,395.3531,9488.4745,0.00379523,1976.7655,1824.8244,7907.0621,8059.0032,0.00316269,0.00322347,0.00015813,212.5216,219.9480,0.9532,119.0823,2.3972,30121.7335,124.9277,49.0469,238.9093,36.5364,75.9244,374.9013,749.8027,789.266,1183.8989,75.8035,-1.1839,10.395423,15.593133,2.799122,29,215,300,5,0.03207536,0.00395337,0.05088190,0E-8,0.000000,0.912219,0.000000,-0.04848366,2026-03-31,2026-08-01,83,4123,1621,124,0.669355,0.205295,0.230786,0.106918,,,,,,,,GLOBAL_BASELINE_NO_ENTITY_RANKING,,,NOT_APPLICABLE_GLOBAL_BASELINE,HF9g-P5,,,,X 全窗基线 · 不参与实体赏罚,15055684,1506,A168_HF9F_20260827_0900,2026-08-27 09:00:00
2026-05-25,92755421,1383,0,1183.8989739542,-1183.8989739542,-1183.8989739542,0E-7,2,2,0.49994810000000000,0.499948100000,-1.4140667746232096,-1.4140667746232096,-1.4140667746232096,0E-17,ELIGIBLE,R03b_20260811_FULL_v1,L1_ELIGIBILITY,v2026-08-11,2026-03-21..2026-08-06,baccarat_bet02_101_all_pairs_incl_sentinel,round_win = game_pnl > 0 (decisive only),COMPATIBILITY_ONLY_NOT_PRODUCTION,2500103.8841,2280641.3266,9883.8276,11764,10369,-0.00395337,-0.05088190,-0.00239824,-0.00395337,-9883.8276,2500103.8841,OK,0.0000,395.3531,4.0000,96.0000,AG03-UNRESOLVED,ALL5_LEVELS_bet23_to_bet27,395.3531,395.3531,395.3531,395.3531,395.3531,4.000000,4.000000,4.000000,4.000000,4.000000,96.000000,96.000000,96.000000,96.000000,96.000000,5.0,1976.7655,1824.8244,7907.0621,8059.0032,PENDING_AG03,FALSE,NOT_FOR_ENFORCEMENT,9488.4745,2189415.6736,9883.8276,9488.4745,395.3531,0.00395337,0.00379523,395.3531,9488.4745,0.00379523,395.3531,395.3531,395.3531,395.3531,395.3531,9488.4745,0.00379523,1976.7655,1824.8244,7907.0621,8059.0032,0.00316269,0.00322347,0.00015813,212.5216,219.9480,0.9532,119.0823,2.3972,30121.7335,124.9277,49.0469,238.9093,36.5364,75.9244,374.9013,749.8027,789.266,1183.8989,75.8035,-1.1839,10.395423,15.593133,2.799122,29,215,300,5,0.03207536,0.00395337,0.05088190,0E-8,0.000000,0.912219,0.000000,-0.04848366,2026-03-31,2026-08-01,83,4123,1621,124,0.669355,0.205295,0.230786,0.106918,,,,,,,,GLOBAL_BASELINE_NO_ENTITY_RANKING,,,NOT_APPLICABLE_GLOBAL_BASELINE,HF9g-P5,,,,X 全窗基线 · 不参与实体赏罚,15055685,1506,A168_HF9F_20260827_0900,2026-08-27 09:00:00
2026-05-25,92755421,1384,0,3551.6969218625,-1183.8989739542,-1183.8989739542,0.2500000,5,5,0.50128862000000000,0.501288620000,-1.0051578182180947,-1.0051578182180947,-1.0051578182180947,0E-17,ELIGIBLE,R03b_20260811_FULL_v1,L1_ELIGIBILITY,v2026-08-11,2026-03-21..2026-08-06,baccarat_bet02_101_all_pairs_incl_sentinel,round_win = game_pnl > 0 (decisive only),COMPATIBILITY_ONLY_NOT_PRODUCTION,2500103.8841,2280641.3266,9883.8276,11764,10369,-0.00395337,-0.05088190,-0.00239824,-0.00395337,-9883.8276,2500103.8841,OK,0.0000,395.3531,4.0000,96.0000,AG03-UNRESOLVED,ALL5_LEVELS_bet23_to_bet27,395.3531,395.3531,395.3531,395.3531,395.3531,4.000000,4.000000,4.000000,4.000000,4.000000,96.000000,96.000000,96.000000,96.000000,96.000000,5.0,1976.7655,1824.8244,7907.0621,8059.0032,PENDING_AG03,FALSE,NOT_FOR_ENFORCEMENT,9488.4745,2189415.6736,9883.8276,9488.4745,395.3531,0.00395337,0.00379523,395.3531,9488.4745,0.00379523,395.3531,395.3531,395.3531,395.3531,395.3531,9488.4745,0.00379523,1976.7655,1824.8244,7907.0621,8059.0032,0.00316269,0.00322347,0.00015813,212.5216,219.9480,0.9532,119.0823,2.3972,30121.7335,124.9277,49.0469,238.9093,36.5364,75.9244,374.9013,749.8027,789.266,1183.8989,75.8035,-1.1839,10.395423,15.593133,2.799122,29,215,300,5,0.03207536,0.00395337,0.05088190,0E-8,0.000000,0.912219,0.000000,-0.04848366,2026-03-31,2026-08-01,83,4123,1621,124,0.669355,0.205295,0.230786,0.106918,,,,,,,,GLOBAL_BASELINE_NO_ENTITY_RANKING,,,NOT_APPLICABLE_GLOBAL_BASELINE,HF9g-P5,,,,X 全窗基线 · 不参与实体赏罚,15055686,1506,A168_HF9F_20260827_0900,2026-08-27 09:00:00
2026-05-25,92755421,1385,0,1973.1649565903,-394.6329913181,-394.6329913181,0.3333333,3,3,0.50218230000000000,0.502182300000,-0.5849155494134425,-0.5849155494134426,-0.5849155494134425,0E-17,ELIGIBLE,R03b_20260811_FULL_v1,L1_ELIGIBILITY,v2026-08-11,2026-03-21..2026-08-06,baccarat_bet02_101_all_pairs_incl_sentinel,round_win = game_pnl > 0 (decisive only),COMPATIBILITY_ONLY_NOT_PRODUCTION,2500103.8841,2280641.3266,9883.8276,11764,10369,-0.00395337,-0.05088190,-0.00239824,-0.00395337,-9883.8276,2500103.8841,OK,0.0000,395.3531,4.0000,96.0000,AG03-UNRESOLVED,ALL5_LEVELS_bet23_to_bet27,395.3531,395.3531,395.3531,395.3531,395.3531,4.000000,4.000000,4.000000,4.000000,4.000000,96.000000,96.000000,96.000000,96.000000,96.000000,5.0,1976.7655,1824.8244,7907.0621,8059.0032,PENDING_AG03,FALSE,NOT_FOR_ENFORCEMENT,9488.4745,2189415.6736,9883.8276,9488.4745,395.3531,0.00395337,0.00379523,395.3531,9488.4745,0.00379523,395.3531,395.3531,395.3531,395.3531,395.3531,9488.4745,0.00379523,1976.7655,1824.8244,7907.0621,8059.0032,0.00316269,0.00322347,0.00015813,212.5216,219.9480,0.9532,119.0823,2.3972,30121.7335,124.9277,49.0469,238.9093,36.5364,75.9244,374.9013,749.8027,789.266,1183.8989,75.8035,-1.1839,10.395423,15.593133,2.799122,29,215,300,5,0.03207536,0.00395337,0.05088190,0E-8,0.000000,0.912219,0.000000,-0.04848366,2026-03-31,2026-08-01,83,4123,1621,124,0.669355,0.205295,0.230786,0.106918,,,,,,,,GLOBAL_BASELINE_NO_ENTITY_RANKING,,,NOT_APPLICABLE_GLOBAL_BASELINE,HF9g-P5,,,,X 全窗基线 · 不参与实体赏罚,15055687,1506,A168_HF9F_20260827_0900,2026-08-27 09:00:00
2026-05-25,92755421,1401,0,789.2659826362,-789.2659826362,-789.2659826362,0E-7,2,2,0.49994810000000000,0.499948100000,-1.4140667746232096,-1.4140667746232096,-1.4140667746232096,0E-17,ELIGIBLE,R03b_20260811_FULL_v1,L1_ELIGIBILITY,v2026-08-11,2026-03-21..2026-08-06,baccarat_bet02_101_all_pairs_incl_sentinel,round_win = game_pnl > 0 (decisive only),COMPATIBILITY_ONLY_NOT_PRODUCTION,2500103.8841,2280641.3266,9883.8276,11764,10369,-0.00395337,-0.05088190,-0.00239824,-0.00395337,-9883.8276,2500103.8841,OK,0.0000,395.3531,4.0000,96.0000,AG03-UNRESOLVED,ALL5_LEVELS_bet23_to_bet27,395.3531,395.3531,395.3531,395.3531,395.3531,4.000000,4.000000,4.000000,4.000000,4.000000,96.000000,96.000000,96.000000,96.000000,96.000000,5.0,1976.7655,1824.8244,7907.0621,8059.0032,PENDING_AG03,FALSE,NOT_FOR_ENFORCEMENT,9488.4745,2189415.6736,9883.8276,9488.4745,395.3531,0.00395337,0.00379523,395.3531,9488.4745,0.00379523,395.3531,395.3531,395.3531,395.3531,395.3531,9488.4745,0.00379523,1976.7655,1824.8244,7907.0621,8059.0032,0.00316269,0.00322347,0.00015813,212.5216,219.9480,0.9532,119.0823,2.3972,30121.7335,124.9277,49.0469,238.9093,36.5364,75.9244,374.9013,749.8027,789.266,1183.8989,75.8035,-1.1839,10.395423,15.593133,2.799122,29,215,300,5,0.03207536,0.00395337,0.05088190,0E-8,0.000000,0.912219,0.000000,-0.04848366,2026-03-31,2026-08-01,83,4123,1621,124,0.669355,0.205295,0.230786,0.106918,,,,,,,,GLOBAL_BASELINE_NO_ENTITY_RANKING,,,NOT_APPLICABLE_GLOBAL_BASELINE,HF9g-P5,,,,X 全窗基线 · 不参与实体赏罚,15055688,1506,A168_HF9F_20260827_0900,2026-08-27 09:00:00
2026-05-25,92755421,1402,0,3551.6969218628,335.4380426205,335.4380426205,0.6666667,8,8,0.49994810000000000,0.499948100000,0.8167508423630434,0.8167508423630434,0.8167508423630434,0E-17,ELIGIBLE,R03b_20260811_FULL_v1,L1_ELIGIBILITY,v2026-08-11,2026-03-21..2026-08-06,baccarat_bet02_101_all_pairs_incl_sentinel,round_win = game_pnl > 0 (decisive only),COMPATIBILITY_ONLY_NOT_PRODUCTION,2500103.8841,2280641.3266,9883.8276,11764,10369,-0.00395337,-0.05088190,-0.00239824,-0.00395337,-9883.8276,2500103.8841,OK,0.0000,395.3531,4.0000,96.0000,AG03-UNRESOLVED,ALL5_LEVELS_bet23_to_bet27,395.3531,395.3531,395.3531,395.3531,395.3531,4.000000,4.000000,4.000000,4.000000,4.000000,96.000000,96.000000,96.000000,96.000000,96.000000,5.0,1976.7655,1824.8244,7907.0621,8059.0032,PENDING_AG03,FALSE,NOT_FOR_ENFORCEMENT,9488.4745,2189415.6736,9883.8276,9488.4745,395.3531,0.00395337,0.00379523,395.3531,9488.4745,0.00379523,395.3531,395.3531,395.3531,395.3531,395.3531,9488.4745,0.00379523,1976.7655,1824.8244,7907.0621,8059.0032,0.00316269,0.00322347,0.00015813,212.5216,219.9480,0.9532,119.0823,2.3972,30121.7335,124.9277,49.0469,238.9093,36.5364,75.9244,374.9013,749.8027,789.266,1183.8989,75.8035,-1.1839,10.395423,15.593133,2.799122,29,215,300,5,0.03207536,0.00395337,0.05088190,0E-8,0.000000,0.912219,0.000000,-0.04848366,2026-03-31,2026-08-01,83,4123,1621,124,0.669355,0.205295,0.230786,0.106918,,,,,,,,GLOBAL_BASELINE_NO_ENTITY_RANKING,,,NOT_APPLICABLE_GLOBAL_BASELINE,HF9g-P5,,,,X 全窗基线 · 不参与实体赏罚,15055689,1506,A168_HF9F_20260827_0900,2026-08-27 09:00:00
2026-05-25,92755421,1405,0,2845.3038674032,1578.5319652722,1578.5319652722,0.7500000,5,4,0.49916265198675115,0.440646775000,1.0033507990562094,1.2462244638917332,1.0033507990562094,0.05851587698675115,ELIGIBLE,R03b_20260811_FULL_v1,L1_ELIGIBILITY,v2026-08-11,2026-03-21..2026-08-06,baccarat_bet02_101_all_pairs_incl_sentinel,round_win = game_pnl > 0 (decisive only),COMPATIBILITY_ONLY_NOT_PRODUCTION,2500103.8841,2280641.3266,9883.8276,11764,10369,-0.00395337,-0.05088190,-0.00239824,-0.00395337,-9883.8276,2500103.8841,OK,0.0000,395.3531,4.0000,96.0000,AG03-UNRESOLVED,ALL5_LEVELS_bet23_to_bet27,395.3531,395.3531,395.3531,395.3531,395.3531,4.000000,4.000000,4.000000,4.000000,4.000000,96.000000,96.000000,96.000000,96.000000,96.000000,5.0,1976.7655,1824.8244,7907.0621,8059.0032,PENDING_AG03,FALSE,NOT_FOR_ENFORCEMENT,9488.4745,2189415.6736,9883.8276,9488.4745,395.3531,0.00395337,0.00379523,395.3531,9488.4745,0.00379523,395.3531,395.3531,395.3531,395.3531,395.3531,9488.4745,0.00379523,1976.7655,1824.8244,7907.0621,8059.0032,0.00316269,0.00322347,0.00015813,212.5216,219.9480,0.9532,119.0823,2.3972,30121.7335,124.9277,49.0469,238.9093,36.5364,75.9244,374.9013,749.8027,789.266,1183.8989,75.8035,-1.1839,10.395423,15.593133,2.799122,29,215,300,5,0.03207536,0.00395337,0.05088190,0E-8,0.000000,0.912219,0.000000,-0.04848366,2026-03-31,2026-08-01,83,4123,1621,124,0.669355,0.205295,0.230786,0.106918,,,,,,,,GLOBAL_BASELINE_NO_ENTITY_RANKING,,,NOT_APPLICABLE_GLOBAL_BASELINE,HF9g-P5,,,,X 全窗基线 · 不参与实体赏罚,15055690,1506,A168_HF9F_20260827_0900,2026-08-27 09:00:00
2026-05-25,92755421,1490,0,1894.2383583267,-1144.4356748224,-1144.4356748224,0E-7,3,3,0.49324550000000000,0.493245500000,-1.3952362676504506,-1.3952362676504506,-1.3952362676504506,0E-17,ELIGIBLE,R03b_20260811_FULL_v1,L1_ELIGIBILITY,v2026-08-11,2026-03-21..2026-08-06,baccarat_bet02_101_all_pairs_incl_sentinel,round_win = game_pnl > 0 (decisive only),COMPATIBILITY_ONLY_NOT_PRODUCTION,2500103.8841,2280641.3266,9883.8276,11764,10369,-0.00395337,-0.05088190,-0.00239824,-0.00395337,-9883.8276,2500103.8841,OK,0.0000,395.3531,4.0000,96.0000,AG03-UNRESOLVED,ALL5_LEVELS_bet23_to_bet27,395.3531,395.3531,395.3531,395.3531,395.3531,4.000000,4.000000,4.000000,4.000000,4.000000,96.000000,96.000000,96.000000,96.000000,96.000000,5.0,1976.7655,1824.8244,7907.0621,8059.0032,PENDING_AG03,FALSE,NOT_FOR_ENFORCEMENT,9488.4745,2189415.6736,9883.8276,9488.4745,395.3531,0.00395337,0.00379523,395.3531,9488.4745,0.00379523,395.3531,395.3531,395.3531,395.3531,395.3531,9488.4745,0.00379523,1976.7655,1824.8244,7907.0621,8059.0032,0.00316269,0.00322347,0.00015813,212.5216,219.9480,0.9532,119.0823,2.3972,30121.7335,124.9277,49.0469,238.9093,36.5364,75.9244,374.9013,749.8027,789.266,1183.8989,75.8035,-1.1839,10.395423,15.593133,2.799122,29,215,300,5,0.03207536,0.00395337,0.05088190,0E-8,0.000000,0.912219,0.000000,-0.04848366,2026-03-31,2026-08-01,83,4123,1621,124,0.669355,0.205295,0.230786,0.106918,,,,,,,,GLOBAL_BASELINE_NO_ENTITY_RANKING,,,NOT_APPLICABLE_GLOBAL_BASELINE,HF9g-P5,,,,X 全窗基线 · 不参与实体赏罚,15055691,1506,A168_HF9F_20260827_0900,2026-08-27 09:00:00
2026-05-25,92755421,1645,0,394.6329913181,-394.6329913181,-394.6329913181,0E-7,1,1,0.50665070000000000,0.506650700000,-1.013391052207602,-1.013391052207602,-1.013391052207602,0E-17,ELIGIBLE,R03b_20260811_FULL_v1,L1_ELIGIBILITY,v2026-08-11,2026-03-21..2026-08-06,baccarat_bet02_101_all_pairs_incl_sentinel,round_win = game_pnl > 0 (decisive only),COMPATIBILITY_ONLY_NOT_PRODUCTION,2500103.8841,2280641.3266,9883.8276,11764,10369,-0.00395337,-0.05088190,-0.00239824,-0.00395337,-9883.8276,2500103.8841,OK,0.0000,395.3531,4.0000,96.0000,AG03-UNRESOLVED,ALL5_LEVELS_bet23_to_bet27,395.3531,395.3531,395.3531,395.3531,395.3531,4.000000,4.000000,4.000000,4.000000,4.000000,96.000000,96.000000,96.000000,96.000000,96.000000,5.0,1976.7655,1824.8244,7907.0621,8059.0032,PENDING_AG03,FALSE,NOT_FOR_ENFORCEMENT,9488.4745,2189415.6736,9883.8276,9488.4745,395.3531,0.00395337,0.00379523,395.3531,9488.4745,0.00379523,395.3531,395.3531,395.3531,395.3531,395.3531,9488.4745,0.00379523,1976.7655,1824.8244,7907.0621,8059.0032,0.00316269,0.00322347,0.00015813,212.5216,219.9480,0.9532,119.0823,2.3972,30121.7335,124.9277,49.0469,238.9093,36.5364,75.9244,374.9013,749.8027,789.266,1183.8989,75.8035,-1.1839,10.395423,15.593133,2.799122,29,215,300,5,0.03207536,0.00395337,0.05088190,0E-8,0.000000,0.912219,0.000000,-0.04848366,2026-03-31,2026-08-01,83,4123,1621,124,0.669355,0.205295,0.230786,0.106918,,,,,,,,GLOBAL_BASELINE_NO_ENTITY_RANKING,,,NOT_APPLICABLE_GLOBAL_BASELINE,HF9g-P5,,,,X 全窗基线 · 不参与实体赏罚,15055692,1506,A168_HF9F_20260827_0900,2026-08-27 09:00:00
2026-05-25,92755421,1702,0,749.8026835043,-749.8026835043,-749.8026835043,0E-7,1,1,0.50665070000000000,0.506650700000,-1.013391052207602,-1.013391052207602,-1.013391052207602,0E-17,ELIGIBLE,R03b_20260811_FULL_v1,L1_ELIGIBILITY,v2026-08-11,2026-03-21..2026-08-06,baccarat_bet02_101_all_pairs_incl_sentinel,round_win = game_pnl > 0 (decisive only),COMPATIBILITY_ONLY_NOT_PRODUCTION,2500103.8841,2280641.3266,9883.8276,11764,10369,-0.00395337,-0.05088190,-0.00239824,-0.00395337,-9883.8276,2500103.8841,OK,0.0000,395.3531,4.0000,96.0000,AG03-UNRESOLVED,ALL5_LEVELS_bet23_to_bet27,395.3531,395.3531,395.3531,395.3531,395.3531,4.000000,4.000000,4.000000,4.000000,4.000000,96.000000,96.000000,96.000000,96.000000,96.000000,5.0,1976.7655,1824.8244,7907.0621,8059.0032,PENDING_AG03,FALSE,NOT_FOR_ENFORCEMENT,9488.4745,2189415.6736,9883.8276,9488.4745,395.3531,0.00395337,0.00379523,395.3531,9488.4745,0.00379523,395.3531,395.3531,395.3531,395.3531,395.3531,9488.4745,0.00379523,1976.7655,1824.8244,7907.0621,8059.0032,0.00316269,0.00322347,0.00015813,212.5216,219.9480,0.9532,119.0823,2.3972,30121.7335,124.9277,49.0469,238.9093,36.5364,75.9244,374.9013,749.8027,789.266,1183.8989,75.8035,-1.1839,10.395423,15.593133,2.799122,29,215,300,5,0.03207536,0.00395337,0.05088190,0E-8,0.000000,0.912219,0.000000,-0.04848366,2026-03-31,2026-08-01,83,4123,1621,124,0.669355,0.205295,0.230786,0.106918,,,,,,,,GLOBAL_BASELINE_NO_ENTITY_RANKING,,,NOT_APPLICABLE_GLOBAL_BASELINE,HF9g-P5,,,,X 全窗基线 · 不参与实体赏罚,15055693,1506,A168_HF9F_20260827_0900,2026-08-27 09:00:00
2026-05-25,92755421,1704,0,5410.4183109705,2170.4814522493,2170.4814522493,0.7142857,8,7,0.49865340689409927,0.465104114286,1.1410230580498726,1.3217681137676978,1.1410230580498726,0.03354929260809927,ELIGIBLE,R03b_20260811_FULL_v1,L1_ELIGIBILITY,v2026-08-11,2026-03-21..2026-08-06,baccarat_bet02_101_all_pairs_incl_sentinel,round_win = game_pnl > 0 (decisive only),COMPATIBILITY_ONLY_NOT_PRODUCTION,2500103.8841,2280641.3266,9883.8276,11764,10369,-0.00395337,-0.05088190,-0.00239824,-0.00395337,-9883.8276,2500103.8841,OK,0.0000,395.3531,4.0000,96.0000,AG03-UNRESOLVED,ALL5_LEVELS_bet23_to_bet27,395.3531,395.3531,395.3531,395.3531,395.3531,4.000000,4.000000,4.000000,4.000000,4.000000,96.000000,96.000000,96.000000,96.000000,96.000000,5.0,1976.7655,1824.8244,7907.0621,8059.0032,PENDING_AG03,FALSE,NOT_FOR_ENFORCEMENT,9488.4745,2189415.6736,9883.8276,9488.4745,395.3531,0.00395337,0.00379523,395.3531,9488.4745,0.00379523,395.3531,395.3531,395.3531,395.3531,395.3531,9488.4745,0.00379523,1976.7655,1824.8244,7907.0621,8059.0032,0.00316269,0.00322347,0.00015813,212.5216,219.9480,0.9532,119.0823,2.3972,30121.7335,124.9277,49.0469,238.9093,36.5364,75.9244,374.9013,749.8027,789.266,1183.8989,75.8035,-1.1839,10.395423,15.593133,2.799122,29,215,300,5,0.03207536,0.00395337,0.05088190,0E-8,0.000000,0.912219,0.000000,-0.04848366,2026-03-31,2026-08-01,83,4123,1621,124,0.669355,0.205295,0.230786,0.106918,,,,,,,,GLOBAL_BASELINE_NO_ENTITY_RANKING,,,NOT_APPLICABLE_GLOBAL_BASELINE,HF9g-P5,,,,X 全窗基线 · 不参与实体赏罚,15055694,1506,A168_HF9F_20260827_0900,2026-08-27 09:00:00
2026-05-25,92755421,1714,0,1973.1649565905,-789.2659826362,-789.2659826362,0E-7,5,5,0.50665070000000000,0.506650700000,-1.4331513700195317,-1.4331513700195317,-1.4331513700195317,0E-17,ELIGIBLE,R03b_20260811_FULL_v1,L1_ELIGIBILITY,v2026-08-11,2026-03-21..2026-08-06,baccarat_bet02_101_all_pairs_incl_sentinel,round_win = game_pnl > 0 (decisive only),COMPATIBILITY_ONLY_NOT_PRODUCTION,2500103.8841,2280641.3266,9883.8276,11764,10369,-0.00395337,-0.05088190,-0.00239824,-0.00395337,-9883.8276,2500103.8841,OK,0.0000,395.3531,4.0000,96.0000,AG03-UNRESOLVED,ALL5_LEVELS_bet23_to_bet27,395.3531,395.3531,395.3531,395.3531,395.3531,4.000000,4.000000,4.000000,4.000000,4.000000,96.000000,96.000000,96.000000,96.000000,96.000000,5.0,1976.7655,1824.8244,7907.0621,8059.0032,PENDING_AG03,FALSE,NOT_FOR_ENFORCEMENT,9488.4745,2189415.6736,9883.8276,9488.4745,395.3531,0.00395337,0.00379523,395.3531,9488.4745,0.00379523,395.3531,395.3531,395.3531,395.3531,395.3531,9488.4745,0.00379523,1976.7655,1824.8244,7907.0621,8059.0032,0.00316269,0.00322347,0.00015813,212.5216,219.9480,0.9532,119.0823,2.3972,30121.7335,124.9277,49.0469,238.9093,36.5364,75.9244,374.9013,749.8027,789.266,1183.8989,75.8035,-1.1839,10.395423,15.593133,2.799122,29,215,300,5,0.03207536,0.00395337,0.05088190,0E-8,0.000000,0.912219,0.000000,-0.04848366,2026-03-31,2026-08-01,83,4123,1621,124,0.669355,0.205295,0.230786,0.106918,,,,,,,,GLOBAL_BASELINE_NO_ENTITY_RANKING,,,NOT_APPLICABLE_GLOBAL_BASELINE,HF9g-P5,,,,X 全窗基线 · 不参与实体赏罚,15055695,1506,A168_HF9F_20260827_0900,2026-08-27 09:00:00
2026-05-25,92755421,1947,0,2249.4080505129,2174.4277821625,2174.4277821625,1.0000000,3,3,0.50218230000000000,0.502182300000,1.724507524396475,1.7245075243964754,1.724507524396475,0E-17,ELIGIBLE,R03b_20260811_FULL_v1,L1_ELIGIBILITY,v2026-08-11,2026-03-21..2026-08-06,baccarat_bet02_101_all_pairs_incl_sentinel,round_win = game_pnl > 0 (decisive only),COMPATIBILITY_ONLY_NOT_PRODUCTION,2500103.8841,2280641.3266,9883.8276,11764,10369,-0.00395337,-0.05088190,-0.00239824,-0.00395337,-9883.8276,2500103.8841,OK,0.0000,395.3531,4.0000,96.0000,AG03-UNRESOLVED,ALL5_LEVELS_bet23_to_bet27,395.3531,395.3531,395.3531,395.3531,395.3531,4.000000,4.000000,4.000000,4.000000,4.000000,96.000000,96.000000,96.000000,96.000000,96.000000,5.0,1976.7655,1824.8244,7907.0621,8059.0032,PENDING_AG03,FALSE,NOT_FOR_ENFORCEMENT,9488.4745,2189415.6736,9883.8276,9488.4745,395.3531,0.00395337,0.00379523,395.3531,9488.4745,0.00379523,395.3531,395.3531,395.3531,395.3531,395.3531,9488.4745,0.00379523,1976.7655,1824.8244,7907.0621,8059.0032,0.00316269,0.00322347,0.00015813,212.5216,219.9480,0.9532,119.0823,2.3972,30121.7335,124.9277,49.0469,238.9093,36.5364,75.9244,374.9013,749.8027,789.266,1183.8989,75.8035,-1.1839,10.395423,15.593133,2.799122,29,215,300,5,0.03207536,0.00395337,0.05088190,0E-8,0.000000,0.912219,0.000000,-0.04848366,2026-03-31,2026-08-01,83,4123,1621,124,0.669355,0.205295,0.230786,0.106918,,,,,,,,GLOBAL_BASELINE_NO_ENTITY_RANKING,,,NOT_APPLICABLE_GLOBAL_BASELINE,HF9g-P5,,,,X 全窗基线 · 不参与实体赏罚,15055696,1506,A168_HF9F_20260827_0900,2026-08-27 09:00:00
2026-05-25,92755421,1951,0,394.6329913181,-394.6329913181,-394.6329913181,0E-7,1,1,0.49324550000000000,0.493245500000,-0.9865810262130424,-0.9865810262130424,-0.9865810262130424,0E-17,ELIGIBLE,R03b_20260811_FULL_v1,L1_ELIGIBILITY,v2026-08-11,2026-03-21..2026-08-06,baccarat_bet02_101_all_pairs_incl_sentinel,round_win = game_pnl > 0 (decisive only),COMPATIBILITY_ONLY_NOT_PRODUCTION,2500103.8841,2280641.3266,9883.8276,11764,10369,-0.00395337,-0.05088190,-0.00239824,-0.00395337,-9883.8276,2500103.8841,OK,0.0000,395.3531,4.0000,96.0000,AG03-UNRESOLVED,ALL5_LEVELS_bet23_to_bet27,395.3531,395.3531,395.3531,395.3531,395.3531,4.000000,4.000000,4.000000,4.000000,4.000000,96.000000,96.000000,96.000000,96.000000,96.000000,5.0,1976.7655,1824.8244,7907.0621,8059.0032,PENDING_AG03,FALSE,NOT_FOR_ENFORCEMENT,9488.4745,2189415.6736,9883.8276,9488.4745,395.3531,0.00395337,0.00379523,395.3531,9488.4745,0.00379523,395.3531,395.3531,395.3531,395.3531,395.3531,9488.4745,0.00379523,1976.7655,1824.8244,7907.0621,8059.0032,0.00316269,0.00322347,0.00015813,212.5216,219.9480,0.9532,119.0823,2.3972,30121.7335,124.9277,49.0469,238.9093,36.5364,75.9244,374.9013,749.8027,789.266,1183.8989,75.8035,-1.1839,10.395423,15.593133,2.799122,29,215,300,5,0.03207536,0.00395337,0.05088190,0E-8,0.000000,0.912219,0.000000,-0.04848366,2026-03-31,2026-08-01,83,4123,1621,124,0.669355,0.205295,0.230786,0.106918,,,,,,,,GLOBAL_BASELINE_NO_ENTITY_RANKING,,,NOT_APPLICABLE_GLOBAL_BASELINE,HF9g-P5,,,,X 全窗基线 · 不参与实体赏罚,15055697,1506,A168_HF9F_20260827_0900,2026-08-27 09:00:00
2026-05-25,92755421,1956,0,1578.5319652722,0E-10,0E-10,0.5000000,2,2,0.49324550000000000,0.493245500000,0.01910635448239258,0.01910635448239258,0.01910635448239258,0E-17,ELIGIBLE,R03b_20260811_FULL_v1,L1_ELIGIBILITY,v2026-08-11,2026-03-21..2026-08-06,baccarat_bet02_101_all_pairs_incl_sentinel,round_win = game_pnl > 0 (decisive only),COMPATIBILITY_ONLY_NOT_PRODUCTION,2500103.8841,2280641.3266,9883.8276,11764,10369,-0.00395337,-0.05088190,-0.00239824,-0.00395337,-9883.8276,2500103.8841,OK,0.0000,395.3531,4.0000,96.0000,AG03-UNRESOLVED,ALL5_LEVELS_bet23_to_bet27,395.3531,395.3531,395.3531,395.3531,395.3531,4.000000,4.000000,4.000000,4.000000,4.000000,96.000000,96.000000,96.000000,96.000000,96.000000,5.0,1976.7655,1824.8244,7907.0621,8059.0032,PENDING_AG03,FALSE,NOT_FOR_ENFORCEMENT,9488.4745,2189415.6736,9883.8276,9488.4745,395.3531,0.00395337,0.00379523,395.3531,9488.4745,0.00379523,395.3531,395.3531,395.3531,395.3531,395.3531,9488.4745,0.00379523,1976.7655,1824.8244,7907.0621,8059.0032,0.00316269,0.00322347,0.00015813,212.5216,219.9480,0.9532,119.0823,2.3972,30121.7335,124.9277,49.0469,238.9093,36.5364,75.9244,374.9013,749.8027,789.266,1183.8989,75.8035,-1.1839,10.395423,15.593133,2.799122,29,215,300,5,0.03207536,0.00395337,0.05088190,0E-8,0.000000,0.912219,0.000000,-0.04848366,2026-03-31,2026-08-01,83,4123,1621,124,0.669355,0.205295,0.230786,0.106918,,,,,,,,GLOBAL_BASELINE_NO_ENTITY_RANKING,,,NOT_APPLICABLE_GLOBAL_BASELINE,HF9g-P5,,,,X 全窗基线 · 不参与实体赏罚,15055698,1506,A168_HF9F_20260827_0900,2026-08-27 09:00:00
2026-05-25,92755421,1963,0,3233.6227308602,1578.5319652724,1578.5319652724,0.8000000,6,5,0.50000498365276658,0.453847560000,1.3416184989937923,1.5546780174518762,1.3416184989937923,0.04615742365276658,ELIGIBLE,R03b_20260811_FULL_v1,L1_ELIGIBILITY,v2026-08-11,2026-03-21..2026-08-06,baccarat_bet02_101_all_pairs_incl_sentinel,round_win = game_pnl > 0 (decisive only),COMPATIBILITY_ONLY_NOT_PRODUCTION,2500103.8841,2280641.3266,9883.8276,11764,10369,-0.00395337,-0.05088190,-0.00239824,-0.00395337,-9883.8276,2500103.8841,OK,0.0000,395.3531,4.0000,96.0000,AG03-UNRESOLVED,ALL5_LEVELS_bet23_to_bet27,395.3531,395.3531,395.3531,395.3531,395.3531,4.000000,4.000000,4.000000,4.000000,4.000000,96.000000,96.000000,96.000000,96.000000,96.000000,5.0,1976.7655,1824.8244,7907.0621,8059.0032,PENDING_AG03,FALSE,NOT_FOR_ENFORCEMENT,9488.4745,2189415.6736,9883.8276,9488.4745,395.3531,0.00395337,0.00379523,395.3531,9488.4745,0.00379523,395.3531,395.3531,395.3531,395.3531,395.3531,9488.4745,0.00379523,1976.7655,1824.8244,7907.0621,8059.0032,0.00316269,0.00322347,0.00015813,212.5216,219.9480,0.9532,119.0823,2.3972,30121.7335,124.9277,49.0469,238.9093,36.5364,75.9244,374.9013,749.8027,789.266,1183.8989,75.8035,-1.1839,10.395423,15.593133,2.799122,29,215,300,5,0.03207536,0.00395337,0.05088190,0E-8,0.000000,0.912219,0.000000,-0.04848366,2026-03-31,2026-08-01,83,4123,1621,124,0.669355,0.205295,0.230786,0.106918,,,,,,,,GLOBAL_BASELINE_NO_ENTITY_RANKING,,,NOT_APPLICABLE_GLOBAL_BASELINE,HF9g-P5,,,,X 全窗基线 · 不参与实体赏罚,15055699,1506,A168_HF9F_20260827_0900,2026-08-27 09:00:00
2026-05-25,92755421,1994,0,5406.4719810573,2288.8713496447,2288.8713496447,0.7142857,7,7,0.50282064285714286,0.502820642857,1.1189857854549734,1.1189857854557275,1.1189857854549734,1.4286E-13,ELIGIBLE,R03b_20260811_FULL_v1,L1_ELIGIBILITY,v2026-08-11,2026-03-21..2026-08-06,baccarat_bet02_101_all_pairs_incl_sentinel,round_win = game_pnl > 0 (decisive only),COMPATIBILITY_ONLY_NOT_PRODUCTION,2500103.8841,2280641.3266,9883.8276,11764,10369,-0.00395337,-0.05088190,-0.00239824,-0.00395337,-9883.8276,2500103.8841,OK,0.0000,395.3531,4.0000,96.0000,AG03-UNRESOLVED,ALL5_LEVELS_bet23_to_bet27,395.3531,395.3531,395.3531,395.3531,395.3531,4.000000,4.000000,4.000000,4.000000,4.000000,96.000000,96.000000,96.000000,96.000000,96.000000,5.0,1976.7655,1824.8244,7907.0621,8059.0032,PENDING_AG03,FALSE,NOT_FOR_ENFORCEMENT,9488.4745,2189415.6736,9883.8276,9488.4745,395.3531,0.00395337,0.00379523,395.3531,9488.4745,0.00379523,395.3531,395.3531,395.3531,395.3531,395.3531,9488.4745,0.00379523,1976.7655,1824.8244,7907.0621,8059.0032,0.00316269,0.00322347,0.00015813,212.5216,219.9480,0.9532,119.0823,2.3972,30121.7335,124.9277,49.0469,238.9093,36.5364,75.9244,374.9013,749.8027,789.266,1183.8989,75.8035,-1.1839,10.395423,15.593133,2.799122,29,215,300,5,0.03207536,0.00395337,0.05088190,0E-8,0.000000,0.912219,0.000000,-0.04848366,2026-03-31,2026-08-01,83,4123,1621,124,0.669355,0.205295,0.230786,0.106918,,,,,,,,GLOBAL_BASELINE_NO_ENTITY_RANKING,,,NOT_APPLICABLE_GLOBAL_BASELINE,HF9g-P5,,,,X 全窗基线 · 不参与实体赏罚,15055700,1506,A168_HF9F_20260827_0900,2026-08-27 09:00:00
2026-05-25,92755421,2117,0,394.6329913181,394.6329913181,394.6329913181,1.0000000,1,1,0.49324550000000000,0.493245500000,1.01360149184955,1.01360149184955,1.01360149184955,0E-17,ELIGIBLE,R03b_20260811_FULL_v1,L1_ELIGIBILITY,v2026-08-11,2026-03-21..2026-08-06,baccarat_bet02_101_all_pairs_incl_sentinel,round_win = game_pnl > 0 (decisive only),COMPATIBILITY_ONLY_NOT_PRODUCTION,2500103.8841,2280641.3266,9883.8276,11764,10369,-0.00395337,-0.05088190,-0.00239824,-0.00395337,-9883.8276,2500103.8841,OK,0.0000,395.3531,4.0000,96.0000,AG03-UNRESOLVED,ALL5_LEVELS_bet23_to_bet27,395.3531,395.3531,395.3531,395.3531,395.3531,4.000000,4.000000,4.000000,4.000000,4.000000,96.000000,96.000000,96.000000,96.000000,96.000000,5.0,1976.7655,1824.8244,7907.0621,8059.0032,PENDING_AG03,FALSE,NOT_FOR_ENFORCEMENT,9488.4745,2189415.6736,9883.8276,9488.4745,395.3531,0.00395337,0.00379523,395.3531,9488.4745,0.00379523,395.3531,395.3531,395.3531,395.3531,395.3531,9488.4745,0.00379523,1976.7655,1824.8244,7907.0621,8059.0032,0.00316269,0.00322347,0.00015813,212.5216,219.9480,0.9532,119.0823,2.3972,30121.7335,124.9277,49.0469,238.9093,36.5364,75.9244,374.9013,749.8027,789.266,1183.8989,75.8035,-1.1839,10.395423,15.593133,2.799122,29,215,300,5,0.03207536,0.00395337,0.05088190,0E-8,0.000000,0.912219,0.000000,-0.04848366,2026-03-31,2026-08-01,83,4123,1621,124,0.669355,0.205295,0.230786,0.106918,,,,,,,,GLOBAL_BASELINE_NO_ENTITY_RANKING,,,NOT_APPLICABLE_GLOBAL_BASELINE,HF9g-P5,,,,X 全窗基线 · 不参与实体赏罚,15055701,1506,A168_HF9F_20260827_0900,2026-08-27 09:00:00
2026-05-25,92755421,2121,0,769.5343330702,-384.7671665351,-384.7671665351,0.5000000,2,2,0.50665070000000000,0.506650700000,-0.018812684590367487,-0.018812684590367487,-0.018812684590367487,0E-17,ELIGIBLE,R03b_20260811_FULL_v1,L1_ELIGIBILITY,v2026-08-11,2026-03-21..2026-08-06,baccarat_bet02_101_all_pairs_incl_sentinel,round_win = game_pnl > 0 (decisive only),COMPATIBILITY_ONLY_NOT_PRODUCTION,2500103.8841,2280641.3266,9883.8276,11764,10369,-0.00395337,-0.05088190,-0.00239824,-0.00395337,-9883.8276,2500103.8841,OK,0.0000,395.3531,4.0000,96.0000,AG03-UNRESOLVED,ALL5_LEVELS_bet23_to_bet27,395.3531,395.3531,395.3531,395.3531,395.3531,4.000000,4.000000,4.000000,4.000000,4.000000,96.000000,96.000000,96.000000,96.000000,96.000000,5.0,1976.7655,1824.8244,7907.0621,8059.0032,PENDING_AG03,FALSE,NOT_FOR_ENFORCEMENT,9488.4745,2189415.6736,9883.8276,9488.4745,395.3531,0.00395337,0.00379523,395.3531,9488.4745,0.00379523,395.3531,395.3531,395.3531,395.3531,395.3531,9488.4745,0.00379523,1976.7655,1824.8244,7907.0621,8059.0032,0.00316269,0.00322347,0.00015813,212.5216,219.9480,0.9532,119.0823,2.3972,30121.7335,124.9277,49.0469,238.9093,36.5364,75.9244,374.9013,749.8027,789.266,1183.8989,75.8035,-1.1839,10.395423,15.593133,2.799122,29,215,300,5,0.03207536,0.00395337,0.05088190,0E-8,0.000000,0.912219,0.000000,-0.04848366,2026-03-31,2026-08-01,83,4123,1621,124,0.669355,0.205295,0.230786,0.106918,,,,,,,,GLOBAL_BASELINE_NO_ENTITY_RANKING,,,NOT_APPLICABLE_GLOBAL_BASELINE,HF9g-P5,,,,X 全窗基线 · 不参与实体赏罚,15055702,1506,A168_HF9F_20260827_0900,2026-08-27 09:00:00
2026-05-25,92755421,2141,0,3946.3299131805,-2367.7979479083,-2367.7979479083,0E-7,5,5,0.49860758000000000,0.498607580000,-1.727234020849126,-1.727234020849126,-1.727234020849126,0E-17,ELIGIBLE,R03b_20260811_FULL_v1,L1_ELIGIBILITY,v2026-08-11,2026-03-21..2026-08-06,baccarat_bet02_101_all_pairs_incl_sentinel,round_win = game_pnl > 0 (decisive only),COMPATIBILITY_ONLY_NOT_PRODUCTION,2500103.8841,2280641.3266,9883.8276,11764,10369,-0.00395337,-0.05088190,-0.00239824,-0.00395337,-9883.8276,2500103.8841,OK,0.0000,395.3531,4.0000,96.0000,AG03-UNRESOLVED,ALL5_LEVELS_bet23_to_bet27,395.3531,395.3531,395.3531,395.3531,395.3531,4.000000,4.000000,4.000000,4.000000,4.000000,96.000000,96.000000,96.000000,96.000000,96.000000,5.0,1976.7655,1824.8244,7907.0621,8059.0032,PENDING_AG03,FALSE,NOT_FOR_ENFORCEMENT,9488.4745,2189415.6736,9883.8276,9488.4745,395.3531,0.00395337,0.00379523,395.3531,9488.4745,0.00379523,395.3531,395.3531,395.3531,395.3531,395.3531,9488.4745,0.00379523,1976.7655,1824.8244,7907.0621,8059.0032,0.00316269,0.00322347,0.00015813,212.5216,219.9480,0.9532,119.0823,2.3972,30121.7335,124.9277,49.0469,238.9093,36.5364,75.9244,374.9013,749.8027,789.266,1183.8989,75.8035,-1.1839,10.395423,15.593133,2.799122,29,215,300,5,0.03207536,0.00395337,0.05088190,0E-8,0.000000,0.912219,0.000000,-0.04848366,2026-03-31,2026-08-01,83,4123,1621,124,0.669355,0.205295,0.230786,0.106918,,,,,,,,GLOBAL_BASELINE_NO_ENTITY_RANKING,,,NOT_APPLICABLE_GLOBAL_BASELINE,HF9g-P5,,,,X 全窗基线 · 不参与实体赏罚,15055703,1506,A168_HF9F_20260827_0900,2026-08-27 09:00:00
2026-05-25,92755421,2147,0,789.2659826361,749.8026835043,749.8026835043,1.0000000,1,1,0.50665070000000000,0.506650700000,0.9867858985152569,0.9867858985152569,0.9867858985152569,0E-17,ELIGIBLE,R03b_20260811_FULL_v1,L1_ELIGIBILITY,v2026-08-11,2026-03-21..2026-08-06,baccarat_bet02_101_all_pairs_incl_sentinel,round_win = game_pnl > 0 (decisive only),COMPATIBILITY_ONLY_NOT_PRODUCTION,2500103.8841,2280641.3266,9883.8276,11764,10369,-0.00395337,-0.05088190,-0.00239824,-0.00395337,-9883.8276,2500103.8841,OK,0.0000,395.3531,4.0000,96.0000,AG03-UNRESOLVED,ALL5_LEVELS_bet23_to_bet27,395.3531,395.3531,395.3531,395.3531,395.3531,4.000000,4.000000,4.000000,4.000000,4.000000,96.000000,96.000000,96.000000,96.000000,96.000000,5.0,1976.7655,1824.8244,7907.0621,8059.0032,PENDING_AG03,FALSE,NOT_FOR_ENFORCEMENT,9488.4745,2189415.6736,9883.8276,9488.4745,395.3531,0.00395337,0.00379523,395.3531,9488.4745,0.00379523,395.3531,395.3531,395.3531,395.3531,395.3531,9488.4745,0.00379523,1976.7655,1824.8244,7907.0621,8059.0032,0.00316269,0.00322347,0.00015813,212.5216,219.9480,0.9532,119.0823,2.3972,30121.7335,124.9277,49.0469,238.9093,36.5364,75.9244,374.9013,749.8027,789.266,1183.8989,75.8035,-1.1839,10.395423,15.593133,2.799122,29,215,300,5,0.03207536,0.00395337,0.05088190,0E-8,0.000000,0.912219,0.000000,-0.04848366,2026-03-31,2026-08-01,83,4123,1621,124,0.669355,0.205295,0.230786,0.106918,,,,,,,,GLOBAL_BASELINE_NO_ENTITY_RANKING,,,NOT_APPLICABLE_GLOBAL_BASELINE,HF9g-P5,,,,X 全窗基线 · 不参与实体赏罚,15055704,1506,A168_HF9F_20260827_0900,2026-08-27 09:00:00
2026-05-25,92755421,2152,0,591.9494869771,-591.9494869771,-591.9494869771,0E-7,1,1,0.49324550000000000,0.493245500000,-0.9865810262130424,-0.9865810262130424,-0.9865810262130424,0E-17,ELIGIBLE,R03b_20260811_FULL_v1,L1_ELIGIBILITY,v2026-08-11,2026-03-21..2026-08-06,baccarat_bet02_101_all_pairs_incl_sentinel,round_win = game_pnl > 0 (decisive only),COMPATIBILITY_ONLY_NOT_PRODUCTION,2500103.8841,2280641.3266,9883.8276,11764,10369,-0.00395337,-0.05088190,-0.00239824,-0.00395337,-9883.8276,2500103.8841,OK,0.0000,395.3531,4.0000,96.0000,AG03-UNRESOLVED,ALL5_LEVELS_bet23_to_bet27,395.3531,395.3531,395.3531,395.3531,395.3531,4.000000,4.000000,4.000000,4.000000,4.000000,96.000000,96.000000,96.000000,96.000000,96.000000,5.0,1976.7655,1824.8244,7907.0621,8059.0032,PENDING_AG03,FALSE,NOT_FOR_ENFORCEMENT,9488.4745,2189415.6736,9883.8276,9488.4745,395.3531,0.00395337,0.00379523,395.3531,9488.4745,0.00379523,395.3531,395.3531,395.3531,395.3531,395.3531,9488.4745,0.00379523,1976.7655,1824.8244,7907.0621,8059.0032,0.00316269,0.00322347,0.00015813,212.5216,219.9480,0.9532,119.0823,2.3972,30121.7335,124.9277,49.0469,238.9093,36.5364,75.9244,374.9013,749.8027,789.266,1183.8989,75.8035,-1.1839,10.395423,15.593133,2.799122,29,215,300,5,0.03207536,0.00395337,0.05088190,0E-8,0.000000,0.912219,0.000000,-0.04848366,2026-03-31,2026-08-01,83,4123,1621,124,0.669355,0.205295,0.230786,0.106918,,,,,,,,GLOBAL_BASELINE_NO_ENTITY_RANKING,,,NOT_APPLICABLE_GLOBAL_BASELINE,HF9g-P5,,,,X 全窗基线 · 不参与实体赏罚,15055705,1506,A168_HF9F_20260827_0900,2026-08-27 09:00:00
2026-05-25,92755421,2156,0,1835.0434096291,-276.2430939226,-276.2430939226,0.5000000,4,4,0.49659680000000000,0.496596800000,0.013613115331600182,0.013613115331600183,0.013613115331600182,0E-17,ELIGIBLE,R03b_20260811_FULL_v1,L1_ELIGIBILITY,v2026-08-11,2026-03-21..2026-08-06,baccarat_bet02_101_all_pairs_incl_sentinel,round_win = game_pnl > 0 (decisive only),COMPATIBILITY_ONLY_NOT_PRODUCTION,2500103.8841,2280641.3266,9883.8276,11764,10369,-0.00395337,-0.05088190,-0.00239824,-0.00395337,-9883.8276,2500103.8841,OK,0.0000,395.3531,4.0000,96.0000,AG03-UNRESOLVED,ALL5_LEVELS_bet23_to_bet27,395.3531,395.3531,395.3531,395.3531,395.3531,4.000000,4.000000,4.000000,4.000000,4.000000,96.000000,96.000000,96.000000,96.000000,96.000000,5.0,1976.7655,1824.8244,7907.0621,8059.0032,PENDING_AG03,FALSE,NOT_FOR_ENFORCEMENT,9488.4745,2189415.6736,9883.8276,9488.4745,395.3531,0.00395337,0.00379523,395.3531,9488.4745,0.00379523,395.3531,395.3531,395.3531,395.3531,395.3531,9488.4745,0.00379523,1976.7655,1824.8244,7907.0621,8059.0032,0.00316269,0.00322347,0.00015813,212.5216,219.9480,0.9532,119.0823,2.3972,30121.7335,124.9277,49.0469,238.9093,36.5364,75.9244,374.9013,749.8027,789.266,1183.8989,75.8035,-1.1839,10.395423,15.593133,2.799122,29,215,300,5,0.03207536,0.00395337,0.05088190,0E-8,0.000000,0.912219,0.000000,-0.04848366,2026-03-31,2026-08-01,83,4123,1621,124,0.669355,0.205295,0.230786,0.106918,,,,,,,,GLOBAL_BASELINE_NO_ENTITY_RANKING,,,NOT_APPLICABLE_GLOBAL_BASELINE,HF9g-P5,,,,X 全窗基线 · 不参与实体赏罚,15055706,1506,A168_HF9F_20260827_0900,2026-08-27 09:00:00
2026-05-25,92755421,2160,0,1381.2154696133,-1381.2154696133,-1381.2154696133,0E-7,2,2,0.49994810000000000,0.499948100000,-1.4140667746232096,-1.4140667746232096,-1.4140667746232096,0E-17,ELIGIBLE,R03b_20260811_FULL_v1,L1_ELIGIBILITY,v2026-08-11,2026-03-21..2026-08-06,baccarat_bet02_101_all_pairs_incl_sentinel,round_win = game_pnl > 0 (decisive only),COMPATIBILITY_ONLY_NOT_PRODUCTION,2500103.8841,2280641.3266,9883.8276,11764,10369,-0.00395337,-0.05088190,-0.00239824,-0.00395337,-9883.8276,2500103.8841,OK,0.0000,395.3531,4.0000,96.0000,AG03-UNRESOLVED,ALL5_LEVELS_bet23_to_bet27,395.3531,395.3531,395.3531,395.3531,395.3531,4.000000,4.000000,4.000000,4.000000,4.000000,96.000000,96.000000,96.000000,96.000000,96.000000,5.0,1976.7655,1824.8244,7907.0621,8059.0032,PENDING_AG03,FALSE,NOT_FOR_ENFORCEMENT,9488.4745,2189415.6736,9883.8276,9488.4745,395.3531,0.00395337,0.00379523,395.3531,9488.4745,0.00379523,395.3531,395.3531,395.3531,395.3531,395.3531,9488.4745,0.00379523,1976.7655,1824.8244,7907.0621,8059.0032,0.00316269,0.00322347,0.00015813,212.5216,219.9480,0.9532,119.0823,2.3972,30121.7335,124.9277,49.0469,238.9093,36.5364,75.9244,374.9013,749.8027,789.266,1183.8989,75.8035,-1.1839,10.395423,15.593133,2.799122,29,215,300,5,0.03207536,0.00395337,0.05088190,0E-8,0.000000,0.912219,0.000000,-0.04848366,2026-03-31,2026-08-01,83,4123,1621,124,0.669355,0.205295,0.230786,0.106918,,,,,,,,GLOBAL_BASELINE_NO_ENTITY_RANKING,,,NOT_APPLICABLE_GLOBAL_BASELINE,HF9g-P5,,,,X 全窗基线 · 不参与实体赏罚,15055707,1506,A168_HF9F_20260827_0900,2026-08-27 09:00:00
2026-05-25,92755421,2169,0,394.6329913181,-394.6329913181,-394.6329913181,0E-7,1,1,0.49324550000000000,0.493245500000,-0.9865810262130424,-0.9865810262130424,-0.9865810262130424,0E-17,ELIGIBLE,R03b_20260811_FULL_v1,L1_ELIGIBILITY,v2026-08-11,2026-03-21..2026-08-06,baccarat_bet02_101_all_pairs_incl_sentinel,round_win = game_pnl > 0 (decisive only),COMPATIBILITY_ONLY_NOT_PRODUCTION,2500103.8841,2280641.3266,9883.8276,11764,10369,-0.00395337,-0.05088190,-0.00239824,-0.00395337,-9883.8276,2500103.8841,OK,0.0000,395.3531,4.0000,96.0000,AG03-UNRESOLVED,ALL5_LEVELS_bet23_to_bet27,395.3531,395.3531,395.3531,395.3531,395.3531,4.000000,4.000000,4.000000,4.000000,4.000000,96.000000,96.000000,96.000000,96.000000,96.000000,5.0,1976.7655,1824.8244,7907.0621,8059.0032,PENDING_AG03,FALSE,NOT_FOR_ENFORCEMENT,9488.4745,2189415.6736,9883.8276,9488.4745,395.3531,0.00395337,0.00379523,395.3531,9488.4745,0.00379523,395.3531,395.3531,395.3531,395.3531,395.3531,9488.4745,0.00379523,1976.7655,1824.8244,7907.0621,8059.0032,0.00316269,0.00322347,0.00015813,212.5216,219.9480,0.9532,119.0823,2.3972,30121.7335,124.9277,49.0469,238.9093,36.5364,75.9244,374.9013,749.8027,789.266,1183.8989,75.8035,-1.1839,10.395423,15.593133,2.799122,29,215,300,5,0.03207536,0.00395337,0.05088190,0E-8,0.000000,0.912219,0.000000,-0.04848366,2026-03-31,2026-08-01,83,4123,1621,124,0.669355,0.205295,0.230786,0.106918,,,,,,,,GLOBAL_BASELINE_NO_ENTITY_RANKING,,,NOT_APPLICABLE_GLOBAL_BASELINE,HF9g-P5,,,,X 全窗基线 · 不参与实体赏罚,15055708,1506,A168_HF9F_20260827_0900,2026-08-27 09:00:00
2026-05-25,92755421,2177,0,769.5343330703,0E-10,0E-10,0.5000000,2,2,0.49994810000000000,0.499948100000,0.00014679536856514622,0.00014679536856514622,0.00014679536856514622,0E-17,ELIGIBLE,R03b_20260811_FULL_v1,L1_ELIGIBILITY,v2026-08-11,2026-03-21..2026-08-06,baccarat_bet02_101_all_pairs_incl_sentinel,round_win = game_pnl > 0 (decisive only),COMPATIBILITY_ONLY_NOT_PRODUCTION,2500103.8841,2280641.3266,9883.8276,11764,10369,-0.00395337,-0.05088190,-0.00239824,-0.00395337,-9883.8276,2500103.8841,OK,0.0000,395.3531,4.0000,96.0000,AG03-UNRESOLVED,ALL5_LEVELS_bet23_to_bet27,395.3531,395.3531,395.3531,395.3531,395.3531,4.000000,4.000000,4.000000,4.000000,4.000000,96.000000,96.000000,96.000000,96.000000,96.000000,5.0,1976.7655,1824.8244,7907.0621,8059.0032,PENDING_AG03,FALSE,NOT_FOR_ENFORCEMENT,9488.4745,2189415.6736,9883.8276,9488.4745,395.3531,0.00395337,0.00379523,395.3531,9488.4745,0.00379523,395.3531,395.3531,395.3531,395.3531,395.3531,9488.4745,0.00379523,1976.7655,1824.8244,7907.0621,8059.0032,0.00316269,0.00322347,0.00015813,212.5216,219.9480,0.9532,119.0823,2.3972,30121.7335,124.9277,49.0469,238.9093,36.5364,75.9244,374.9013,749.8027,789.266,1183.8989,75.8035,-1.1839,10.395423,15.593133,2.799122,29,215,300,5,0.03207536,0.00395337,0.05088190,0E-8,0.000000,0.912219,0.000000,-0.04848366,2026-03-31,2026-08-01,83,4123,1621,124,0.669355,0.205295,0.230786,0.106918,,,,,,,,GLOBAL_BASELINE_NO_ENTITY_RANKING,,,NOT_APPLICABLE_GLOBAL_BASELINE,HF9g-P5,,,,X 全窗基线 · 不参与实体赏罚,15055709,1506,A168_HF9F_20260827_0900,2026-08-27 09:00:00
2026-05-25,92755421,2188,0,1183.8989739542,-1183.8989739542,-1183.8989739542,0E-7,2,2,0.50665070000000000,0.506650700000,-1.4331513700195317,-1.4331513700195317,-1.4331513700195317,0E-17,ELIGIBLE,R03b_20260811_FULL_v1,L1_ELIGIBILITY,v2026-08-11,2026-03-21..2026-08-06,baccarat_bet02_101_all_pairs_incl_sentinel,round_win = game_pnl > 0 (decisive only),COMPATIBILITY_ONLY_NOT_PRODUCTION,2500103.8841,2280641.3266,9883.8276,11764,10369,-0.00395337,-0.05088190,-0.00239824,-0.00395337,-9883.8276,2500103.8841,OK,0.0000,395.3531,4.0000,96.0000,AG03-UNRESOLVED,ALL5_LEVELS_bet23_to_bet27,395.3531,395.3531,395.3531,395.3531,395.3531,4.000000,4.000000,4.000000,4.000000,4.000000,96.000000,96.000000,96.000000,96.000000,96.000000,5.0,1976.7655,1824.8244,7907.0621,8059.0032,PENDING_AG03,FALSE,NOT_FOR_ENFORCEMENT,9488.4745,2189415.6736,9883.8276,9488.4745,395.3531,0.00395337,0.00379523,395.3531,9488.4745,0.00379523,395.3531,395.3531,395.3531,395.3531,395.3531,9488.4745,0.00379523,1976.7655,1824.8244,7907.0621,8059.0032,0.00316269,0.00322347,0.00015813,212.5216,219.9480,0.9532,119.0823,2.3972,30121.7335,124.9277,49.0469,238.9093,36.5364,75.9244,374.9013,749.8027,789.266,1183.8989,75.8035,-1.1839,10.395423,15.593133,2.799122,29,215,300,5,0.03207536,0.00395337,0.05088190,0E-8,0.000000,0.912219,0.000000,-0.04848366,2026-03-31,2026-08-01,83,4123,1621,124,0.669355,0.205295,0.230786,0.106918,,,,,,,,GLOBAL_BASELINE_NO_ENTITY_RANKING,,,NOT_APPLICABLE_GLOBAL_BASELINE,HF9g-P5,,,,X 全窗基线 · 不参与实体赏罚,15055710,1506,A168_HF9F_20260827_0900,2026-08-27 09:00:00
2026-05-25,92755421,2209,0,5763.6148382002,1734.4119968428,1734.4119968428,0.6250000,9,8,0.49977419582111352,0.470297437500,0.7083841947529551,0.8766781000908477,0.7083841947529551,0.02947675832111352,ELIGIBLE,R03b_20260811_FULL_v1,L1_ELIGIBILITY,v2026-08-11,2026-03-21..2026-08-06,baccarat_bet02_101_all_pairs_incl_sentinel,round_win = game_pnl > 0 (decisive only),COMPATIBILITY_ONLY_NOT_PRODUCTION,2500103.8841,2280641.3266,9883.8276,11764,10369,-0.00395337,-0.05088190,-0.00239824,-0.00395337,-9883.8276,2500103.8841,OK,0.0000,395.3531,4.0000,96.0000,AG03-UNRESOLVED,ALL5_LEVELS_bet23_to_bet27,395.3531,395.3531,395.3531,395.3531,395.3531,4.000000,4.000000,4.000000,4.000000,4.000000,96.000000,96.000000,96.000000,96.000000,96.000000,5.0,1976.7655,1824.8244,7907.0621,8059.0032,PENDING_AG03,FALSE,NOT_FOR_ENFORCEMENT,9488.4745,2189415.6736,9883.8276,9488.4745,395.3531,0.00395337,0.00379523,395.3531,9488.4745,0.00379523,395.3531,395.3531,395.3531,395.3531,395.3531,9488.4745,0.00379523,1976.7655,1824.8244,7907.0621,8059.0032,0.00316269,0.00322347,0.00015813,212.5216,219.9480,0.9532,119.0823,2.3972,30121.7335,124.9277,49.0469,238.9093,36.5364,75.9244,374.9013,749.8027,789.266,1183.8989,75.8035,-1.1839,10.395423,15.593133,2.799122,29,215,300,5,0.03207536,0.00395337,0.05088190,0E-8,0.000000,0.912219,0.000000,-0.04848366,2026-03-31,2026-08-01,83,4123,1621,124,0.669355,0.205295,0.230786,0.106918,,,,,,,,GLOBAL_BASELINE_NO_ENTITY_RANKING,,,NOT_APPLICABLE_GLOBAL_BASELINE,HF9g-P5,,,,X 全窗基线 · 不参与实体赏罚,15055711,1506,A168_HF9F_20260827_0900,2026-08-27 09:00:00
2026-05-25,92755421,2216,0,2328.3346487766,0E-10,0E-10,0.5000000,4,4,0.50329940000000000,0.503299400000,-0.01319788734859681,-0.01319788734859681,-0.01319788734859681,0E-17,ELIGIBLE,R03b_20260811_FULL_v1,L1_ELIGIBILITY,v2026-08-11,2026-03-21..2026-08-06,baccarat_bet02_101_all_pairs_incl_sentinel,round_win = game_pnl > 0 (decisive only),COMPATIBILITY_ONLY_NOT_PRODUCTION,2500103.8841,2280641.3266,9883.8276,11764,10369,-0.00395337,-0.05088190,-0.00239824,-0.00395337,-9883.8276,2500103.8841,OK,0.0000,395.3531,4.0000,96.0000,AG03-UNRESOLVED,ALL5_LEVELS_bet23_to_bet27,395.3531,395.3531,395.3531,395.3531,395.3531,4.000000,4.000000,4.000000,4.000000,4.000000,96.000000,96.000000,96.000000,96.000000,96.000000,5.0,1976.7655,1824.8244,7907.0621,8059.0032,PENDING_AG03,FALSE,NOT_FOR_ENFORCEMENT,9488.4745,2189415.6736,9883.8276,9488.4745,395.3531,0.00395337,0.00379523,395.3531,9488.4745,0.00379523,395.3531,395.3531,395.3531,395.3531,395.3531,9488.4745,0.00379523,1976.7655,1824.8244,7907.0621,8059.0032,0.00316269,0.00322347,0.00015813,212.5216,219.9480,0.9532,119.0823,2.3972,30121.7335,124.9277,49.0469,238.9093,36.5364,75.9244,374.9013,749.8027,789.266,1183.8989,75.8035,-1.1839,10.395423,15.593133,2.799122,29,215,300,5,0.03207536,0.00395337,0.05088190,0E-8,0.000000,0.912219,0.000000,-0.04848366,2026-03-31,2026-08-01,83,4123,1621,124,0.669355,0.205295,0.230786,0.106918,,,,,,,,GLOBAL_BASELINE_NO_ENTITY_RANKING,,,NOT_APPLICABLE_GLOBAL_BASELINE,HF9g-P5,,,,X 全窗基线 · 不参与实体赏罚,15055712,1506,A168_HF9F_20260827_0900,2026-08-27 09:00:00
2026-05-25,92755421,2222,0,1539.0686661404,1462.1152328334,1462.1152328334,1.0000000,2,2,0.50665070000000000,0.506650700000,1.3955260008387969,1.3955260008387969,1.3955260008387969,0E-17,ELIGIBLE,R03b_20260811_FULL_v1,L1_ELIGIBILITY,v2026-08-11,2026-03-21..2026-08-06,baccarat_bet02_101_all_pairs_incl_sentinel,round_win = game_pnl > 0 (decisive only),COMPATIBILITY_ONLY_NOT_PRODUCTION,2500103.8841,2280641.3266,9883.8276,11764,10369,-0.00395337,-0.05088190,-0.00239824,-0.00395337,-9883.8276,2500103.8841,OK,0.0000,395.3531,4.0000,96.0000,AG03-UNRESOLVED,ALL5_LEVELS_bet23_to_bet27,395.3531,395.3531,395.3531,395.3531,395.3531,4.000000,4.000000,4.000000,4.000000,4.000000,96.000000,96.000000,96.000000,96.000000,96.000000,5.0,1976.7655,1824.8244,7907.0621,8059.0032,PENDING_AG03,FALSE,NOT_FOR_ENFORCEMENT,9488.4745,2189415.6736,9883.8276,9488.4745,395.3531,0.00395337,0.00379523,395.3531,9488.4745,0.00379523,395.3531,395.3531,395.3531,395.3531,395.3531,9488.4745,0.00379523,1976.7655,1824.8244,7907.0621,8059.0032,0.00316269,0.00322347,0.00015813,212.5216,219.9480,0.9532,119.0823,2.3972,30121.7335,124.9277,49.0469,238.9093,36.5364,75.9244,374.9013,749.8027,789.266,1183.8989,75.8035,-1.1839,10.395423,15.593133,2.799122,29,215,300,5,0.03207536,0.00395337,0.05088190,0E-8,0.000000,0.912219,0.000000,-0.04848366,2026-03-31,2026-08-01,83,4123,1621,124,0.669355,0.205295,0.230786,0.106918,,,,,,,,GLOBAL_BASELINE_NO_ENTITY_RANKING,,,NOT_APPLICABLE_GLOBAL_BASELINE,HF9g-P5,,,,X 全窗基线 · 不参与实体赏罚,15055713,1506,A168_HF9F_20260827_0900,2026-08-27 09:00:00
2026-05-25,92755421,2223,0,5173.6385161797,2367.7979479083,2367.7979479083,0.7142857,8,7,0.50056843546552784,0.467019142857,1.1308862720929738,1.3112674488366727,1.1308862720929738,0.03354929260852784,ELIGIBLE,R03b_20260811_FULL_v1,L1_ELIGIBILITY,v2026-08-11,2026-03-21..2026-08-06,baccarat_bet02_101_all_pairs_incl_sentinel,round_win = game_pnl > 0 (decisive only),COMPATIBILITY_ONLY_NOT_PRODUCTION,2500103.8841,2280641.3266,9883.8276,11764,10369,-0.00395337,-0.05088190,-0.00239824,-0.00395337,-9883.8276,2500103.8841,OK,0.0000,395.3531,4.0000,96.0000,AG03-UNRESOLVED,ALL5_LEVELS_bet23_to_bet27,395.3531,395.3531,395.3531,395.3531,395.3531,4.000000,4.000000,4.000000,4.000000,4.000000,96.000000,96.000000,96.000000,96.000000,96.000000,5.0,1976.7655,1824.8244,7907.0621,8059.0032,PENDING_AG03,FALSE,NOT_FOR_ENFORCEMENT,9488.4745,2189415.6736,9883.8276,9488.4745,395.3531,0.00395337,0.00379523,395.3531,9488.4745,0.00379523,395.3531,395.3531,395.3531,395.3531,395.3531,9488.4745,0.00379523,1976.7655,1824.8244,7907.0621,8059.0032,0.00316269,0.00322347,0.00015813,212.5216,219.9480,0.9532,119.0823,2.3972,30121.7335,124.9277,49.0469,238.9093,36.5364,75.9244,374.9013,749.8027,789.266,1183.8989,75.8035,-1.1839,10.395423,15.593133,2.799122,29,215,300,5,0.03207536,0.00395337,0.05088190,0E-8,0.000000,0.912219,0.000000,-0.04848366,2026-03-31,2026-08-01,83,4123,1621,124,0.669355,0.205295,0.230786,0.106918,,,,,,,,GLOBAL_BASELINE_NO_ENTITY_RANKING,,,NOT_APPLICABLE_GLOBAL_BASELINE,HF9g-P5,,,,X 全窗基线 · 不参与实体赏罚,15055714,1506,A168_HF9F_20260827_0900,2026-08-27 09:00:00
2026-05-25,92755421,2229,0,394.6329913181,-394.6329913181,-394.6329913181,0E-7,1,1,0.49324550000000000,0.493245500000,-0.9865810262130424,-0.9865810262130424,-0.9865810262130424,0E-17,ELIGIBLE,R03b_20260811_FULL_v1,L1_ELIGIBILITY,v2026-08-11,2026-03-21..2026-08-06,baccarat_bet02_101_all_pairs_incl_sentinel,round_win = game_pnl > 0 (decisive only),COMPATIBILITY_ONLY_NOT_PRODUCTION,2500103.8841,2280641.3266,9883.8276,11764,10369,-0.00395337,-0.05088190,-0.00239824,-0.00395337,-9883.8276,2500103.8841,OK,0.0000,395.3531,4.0000,96.0000,AG03-UNRESOLVED,ALL5_LEVELS_bet23_to_bet27,395.3531,395.3531,395.3531,395.3531,395.3531,4.000000,4.000000,4.000000,4.000000,4.000000,96.000000,96.000000,96.000000,96.000000,96.000000,5.0,1976.7655,1824.8244,7907.0621,8059.0032,PENDING_AG03,FALSE,NOT_FOR_ENFORCEMENT,9488.4745,2189415.6736,9883.8276,9488.4745,395.3531,0.00395337,0.00379523,395.3531,9488.4745,0.00379523,395.3531,395.3531,395.3531,395.3531,395.3531,9488.4745,0.00379523,1976.7655,1824.8244,7907.0621,8059.0032,0.00316269,0.00322347,0.00015813,212.5216,219.9480,0.9532,119.0823,2.3972,30121.7335,124.9277,49.0469,238.9093,36.5364,75.9244,374.9013,749.8027,789.266,1183.8989,75.8035,-1.1839,10.395423,15.593133,2.799122,29,215,300,5,0.03207536,0.00395337,0.05088190,0E-8,0.000000,0.912219,0.000000,-0.04848366,2026-03-31,2026-08-01,83,4123,1621,124,0.669355,0.205295,0.230786,0.106918,,,,,,,,GLOBAL_BASELINE_NO_ENTITY_RANKING,,,NOT_APPLICABLE_GLOBAL_BASELINE,HF9g-P5,,,,X 全窗基线 · 不参与实体赏罚,15055715,1506,A168_HF9F_20260827_0900,2026-08-27 09:00:00
2026-05-25,92755421,2230,0,3512.2336227307,662.9834254144,662.9834254144,0.6666667,5,4,0.50607288965517252,0.504975050000,0.5563542005134603,0.5601439195171193,0.5563542005134603,0.00109783965517252,ELIGIBLE,R03b_20260811_FULL_v1,L1_ELIGIBILITY,v2026-08-11,2026-03-21..2026-08-06,baccarat_bet02_101_all_pairs_incl_sentinel,round_win = game_pnl > 0 (decisive only),COMPATIBILITY_ONLY_NOT_PRODUCTION,2500103.8841,2280641.3266,9883.8276,11764,10369,-0.00395337,-0.05088190,-0.00239824,-0.00395337,-9883.8276,2500103.8841,OK,0.0000,395.3531,4.0000,96.0000,AG03-UNRESOLVED,ALL5_LEVELS_bet23_to_bet27,395.3531,395.3531,395.3531,395.3531,395.3531,4.000000,4.000000,4.000000,4.000000,4.000000,96.000000,96.000000,96.000000,96.000000,96.000000,5.0,1976.7655,1824.8244,7907.0621,8059.0032,PENDING_AG03,FALSE,NOT_FOR_ENFORCEMENT,9488.4745,2189415.6736,9883.8276,9488.4745,395.3531,0.00395337,0.00379523,395.3531,9488.4745,0.00379523,395.3531,395.3531,395.3531,395.3531,395.3531,9488.4745,0.00379523,1976.7655,1824.8244,7907.0621,8059.0032,0.00316269,0.00322347,0.00015813,212.5216,219.9480,0.9532,119.0823,2.3972,30121.7335,124.9277,49.0469,238.9093,36.5364,75.9244,374.9013,749.8027,789.266,1183.8989,75.8035,-1.1839,10.395423,15.593133,2.799122,29,215,300,5,0.03207536,0.00395337,0.05088190,0E-8,0.000000,0.912219,0.000000,-0.04848366,2026-03-31,2026-08-01,83,4123,1621,124,0.669355,0.205295,0.230786,0.106918,,,,,,,,GLOBAL_BASELINE_NO_ENTITY_RANKING,,,NOT_APPLICABLE_GLOBAL_BASELINE,HF9g-P5,,,,X 全窗基线 · 不参与实体赏罚,15055716,1506,A168_HF9F_20260827_0900,2026-08-27 09:00:00
2026-05-25,92755421,2242,0,808.9976322020,-808.9976322020,-808.9976322020,0E-7,2,1,0.48167450975609899,0.256040200000,-0.9639967027647147,-0.5866503638730671,-0.9639967027647147,0.22563430975609899,ELIGIBLE,R03b_20260811_FULL_v1,L1_ELIGIBILITY,v2026-08-11,2026-03-21..2026-08-06,baccarat_bet02_101_all_pairs_incl_sentinel,round_win = game_pnl > 0 (decisive only),COMPATIBILITY_ONLY_NOT_PRODUCTION,2500103.8841,2280641.3266,9883.8276,11764,10369,-0.00395337,-0.05088190,-0.00239824,-0.00395337,-9883.8276,2500103.8841,OK,0.0000,395.3531,4.0000,96.0000,AG03-UNRESOLVED,ALL5_LEVELS_bet23_to_bet27,395.3531,395.3531,395.3531,395.3531,395.3531,4.000000,4.000000,4.000000,4.000000,4.000000,96.000000,96.000000,96.000000,96.000000,96.000000,5.0,1976.7655,1824.8244,7907.0621,8059.0032,PENDING_AG03,FALSE,NOT_FOR_ENFORCEMENT,9488.4745,2189415.6736,9883.8276,9488.4745,395.3531,0.00395337,0.00379523,395.3531,9488.4745,0.00379523,395.3531,395.3531,395.3531,395.3531,395.3531,9488.4745,0.00379523,1976.7655,1824.8244,7907.0621,8059.0032,0.00316269,0.00322347,0.00015813,212.5216,219.9480,0.9532,119.0823,2.3972,30121.7335,124.9277,49.0469,238.9093,36.5364,75.9244,374.9013,749.8027,789.266,1183.8989,75.8035,-1.1839,10.395423,15.593133,2.799122,29,215,300,5,0.03207536,0.00395337,0.05088190,0E-8,0.000000,0.912219,0.000000,-0.04848366,2026-03-31,2026-08-01,83,4123,1621,124,0.669355,0.205295,0.230786,0.106918,,,,,,,,GLOBAL_BASELINE_NO_ENTITY_RANKING,,,NOT_APPLICABLE_GLOBAL_BASELINE,HF9g-P5,,,,X 全窗基线 · 不参与实体赏罚,15055717,1506,A168_HF9F_20260827_0900,2026-08-27 09:00:00
2026-05-25,92755421,2252,0,2367.7979479083,-789.2659826361,-789.2659826361,0.3333333,3,3,0.50218230000000000,0.502182300000,-0.5849155494134425,-0.5849155494134426,-0.5849155494134425,0E-17,ELIGIBLE,R03b_20260811_FULL_v1,L1_ELIGIBILITY,v2026-08-11,2026-03-21..2026-08-06,baccarat_bet02_101_all_pairs_incl_sentinel,round_win = game_pnl > 0 (decisive only),COMPATIBILITY_ONLY_NOT_PRODUCTION,2500103.8841,2280641.3266,9883.8276,11764,10369,-0.00395337,-0.05088190,-0.00239824,-0.00395337,-9883.8276,2500103.8841,OK,0.0000,395.3531,4.0000,96.0000,AG03-UNRESOLVED,ALL5_LEVELS_bet23_to_bet27,395.3531,395.3531,395.3531,395.3531,395.3531,4.000000,4.000000,4.000000,4.000000,4.000000,96.000000,96.000000,96.000000,96.000000,96.000000,5.0,1976.7655,1824.8244,7907.0621,8059.0032,PENDING_AG03,FALSE,NOT_FOR_ENFORCEMENT,9488.4745,2189415.6736,9883.8276,9488.4745,395.3531,0.00395337,0.00379523,395.3531,9488.4745,0.00379523,395.3531,395.3531,395.3531,395.3531,395.3531,9488.4745,0.00379523,1976.7655,1824.8244,7907.0621,8059.0032,0.00316269,0.00322347,0.00015813,212.5216,219.9480,0.9532,119.0823,2.3972,30121.7335,124.9277,49.0469,238.9093,36.5364,75.9244,374.9013,749.8027,789.266,1183.8989,75.8035,-1.1839,10.395423,15.593133,2.799122,29,215,300,5,0.03207536,0.00395337,0.05088190,0E-8,0.000000,0.912219,0.000000,-0.04848366,2026-03-31,2026-08-01,83,4123,1621,124,0.669355,0.205295,0.230786,0.106918,,,,,,,,GLOBAL_BASELINE_NO_ENTITY_RANKING,,,NOT_APPLICABLE_GLOBAL_BASELINE,HF9g-P5,,,,X 全窗基线 · 不参与实体赏罚,15055718,1506,A168_HF9F_20260827_0900,2026-08-27 09:00:00
2026-05-25,92755421,2256,0,3827.9400157851,0E-10,0E-10,0.5000000,5,5,0.49860758000000000,0.498607580000,0.005569701597489473,0.005569701597489473,0.005569701597489473,0E-17,ELIGIBLE,R03b_20260811_FULL_v1,L1_ELIGIBILITY,v2026-08-11,2026-03-21..2026-08-06,baccarat_bet02_101_all_pairs_incl_sentinel,round_win = game_pnl > 0 (decisive only),COMPATIBILITY_ONLY_NOT_PRODUCTION,2500103.8841,2280641.3266,9883.8276,11764,10369,-0.00395337,-0.05088190,-0.00239824,-0.00395337,-9883.8276,2500103.8841,OK,0.0000,395.3531,4.0000,96.0000,AG03-UNRESOLVED,ALL5_LEVELS_bet23_to_bet27,395.3531,395.3531,395.3531,395.3531,395.3531,4.000000,4.000000,4.000000,4.000000,4.000000,96.000000,96.000000,96.000000,96.000000,96.000000,5.0,1976.7655,1824.8244,7907.0621,8059.0032,PENDING_AG03,FALSE,NOT_FOR_ENFORCEMENT,9488.4745,2189415.6736,9883.8276,9488.4745,395.3531,0.00395337,0.00379523,395.3531,9488.4745,0.00379523,395.3531,395.3531,395.3531,395.3531,395.3531,9488.4745,0.00379523,1976.7655,1824.8244,7907.0621,8059.0032,0.00316269,0.00322347,0.00015813,212.5216,219.9480,0.9532,119.0823,2.3972,30121.7335,124.9277,49.0469,238.9093,36.5364,75.9244,374.9013,749.8027,789.266,1183.8989,75.8035,-1.1839,10.395423,15.593133,2.799122,29,215,300,5,0.03207536,0.00395337,0.05088190,0E-8,0.000000,0.912219,0.000000,-0.04848366,2026-03-31,2026-08-01,83,4123,1621,124,0.669355,0.205295,0.230786,0.106918,,,,,,,,GLOBAL_BASELINE_NO_ENTITY_RANKING,,,NOT_APPLICABLE_GLOBAL_BASELINE,HF9g-P5,,,,X 全窗基线 · 不参与实体赏罚,15055719,1506,A168_HF9F_20260827_0900,2026-08-27 09:00:00
2026-05-25,92755421,2261,0,789.2659826362,-19.7316495659,-19.7316495659,0.5000000,2,2,0.49994810000000000,0.499948100000,0.00014679536856514622,0.00014679536856514622,0.00014679536856514622,0E-17,ELIGIBLE,R03b_20260811_FULL_v1,L1_ELIGIBILITY,v2026-08-11,2026-03-21..2026-08-06,baccarat_bet02_101_all_pairs_incl_sentinel,round_win = game_pnl > 0 (decisive only),COMPATIBILITY_ONLY_NOT_PRODUCTION,2500103.8841,2280641.3266,9883.8276,11764,10369,-0.00395337,-0.05088190,-0.00239824,-0.00395337,-9883.8276,2500103.8841,OK,0.0000,395.3531,4.0000,96.0000,AG03-UNRESOLVED,ALL5_LEVELS_bet23_to_bet27,395.3531,395.3531,395.3531,395.3531,395.3531,4.000000,4.000000,4.000000,4.000000,4.000000,96.000000,96.000000,96.000000,96.000000,96.000000,5.0,1976.7655,1824.8244,7907.0621,8059.0032,PENDING_AG03,FALSE,NOT_FOR_ENFORCEMENT,9488.4745,2189415.6736,9883.8276,9488.4745,395.3531,0.00395337,0.00379523,395.3531,9488.4745,0.00379523,395.3531,395.3531,395.3531,395.3531,395.3531,9488.4745,0.00379523,1976.7655,1824.8244,7907.0621,8059.0032,0.00316269,0.00322347,0.00015813,212.5216,219.9480,0.9532,119.0823,2.3972,30121.7335,124.9277,49.0469,238.9093,36.5364,75.9244,374.9013,749.8027,789.266,1183.8989,75.8035,-1.1839,10.395423,15.593133,2.799122,29,215,300,5,0.03207536,0.00395337,0.05088190,0E-8,0.000000,0.912219,0.000000,-0.04848366,2026-03-31,2026-08-01,83,4123,1621,124,0.669355,0.205295,0.230786,0.106918,,,,,,,,GLOBAL_BASELINE_NO_ENTITY_RANKING,,,NOT_APPLICABLE_GLOBAL_BASELINE,HF9g-P5,,,,X 全窗基线 · 不参与实体赏罚,15055720,1506,A168_HF9F_20260827_0900,2026-08-27 09:00:00
2026-05-25,92755421,2266,0,1183.8989739542,-1183.8989739542,-1183.8989739542,0E-7,2,2,0.49994810000000000,0.499948100000,-1.4140667746232096,-1.4140667746232096,-1.4140667746232096,0E-17,ELIGIBLE,R03b_20260811_FULL_v1,L1_ELIGIBILITY,v2026-08-11,2026-03-21..2026-08-06,baccarat_bet02_101_all_pairs_incl_sentinel,round_win = game_pnl > 0 (decisive only),COMPATIBILITY_ONLY_NOT_PRODUCTION,2500103.8841,2280641.3266,9883.8276,11764,10369,-0.00395337,-0.05088190,-0.00239824,-0.00395337,-9883.8276,2500103.8841,OK,0.0000,395.3531,4.0000,96.0000,AG03-UNRESOLVED,ALL5_LEVELS_bet23_to_bet27,395.3531,395.3531,395.3531,395.3531,395.3531,4.000000,4.000000,4.000000,4.000000,4.000000,96.000000,96.000000,96.000000,96.000000,96.000000,5.0,1976.7655,1824.8244,7907.0621,8059.0032,PENDING_AG03,FALSE,NOT_FOR_ENFORCEMENT,9488.4745,2189415.6736,9883.8276,9488.4745,395.3531,0.00395337,0.00379523,395.3531,9488.4745,0.00379523,395.3531,395.3531,395.3531,395.3531,395.3531,9488.4745,0.00379523,1976.7655,1824.8244,7907.0621,8059.0032,0.00316269,0.00322347,0.00015813,212.5216,219.9480,0.9532,119.0823,2.3972,30121.7335,124.9277,49.0469,238.9093,36.5364,75.9244,374.9013,749.8027,789.266,1183.8989,75.8035,-1.1839,10.395423,15.593133,2.799122,29,215,300,5,0.03207536,0.00395337,0.05088190,0E-8,0.000000,0.912219,0.000000,-0.04848366,2026-03-31,2026-08-01,83,4123,1621,124,0.669355,0.205295,0.230786,0.106918,,,,,,,,GLOBAL_BASELINE_NO_ENTITY_RANKING,,,NOT_APPLICABLE_GLOBAL_BASELINE,HF9g-P5,,,,X 全窗基线 · 不参与实体赏罚,15055721,1506,A168_HF9F_20260827_0900,2026-08-27 09:00:00
2026-05-25,92755421,529,0,2367.7979479083,789.2659826361,789.2659826361,0.6666667,3,3,0.49771390000000000,0.497713900000,0.5852756695216578,0.5852756695216578,0.5852756695216578,0E-17,ELIGIBLE,R03b_20260811_FULL_v1,L1_ELIGIBILITY,v2026-08-11,2026-03-21..2026-08-06,baccarat_bet02_101_all_pairs_incl_sentinel,round_win = game_pnl > 0 (decisive only),COMPATIBILITY_ONLY_NOT_PRODUCTION,2500103.8841,2280641.3266,9883.8276,11764,10369,-0.00395337,-0.05088190,-0.00239824,-0.00395337,-9883.8276,2500103.8841,OK,0.0000,395.3531,4.0000,96.0000,AG03-UNRESOLVED,ALL5_LEVELS_bet23_to_bet27,395.3531,395.3531,395.3531,395.3531,395.3531,4.000000,4.000000,4.000000,4.000000,4.000000,96.000000,96.000000,96.000000,96.000000,96.000000,5.0,1976.7655,1824.8244,7907.0621,8059.0032,PENDING_AG03,FALSE,NOT_FOR_ENFORCEMENT,9488.4745,2189415.6736,9883.8276,9488.4745,395.3531,0.00395337,0.00379523,395.3531,9488.4745,0.00379523,395.3531,395.3531,395.3531,395.3531,395.3531,9488.4745,0.00379523,1976.7655,1824.8244,7907.0621,8059.0032,0.00316269,0.00322347,0.00015813,212.5216,219.9480,0.9532,119.0823,2.3972,30121.7335,124.9277,49.0469,238.9093,36.5364,75.9244,374.9013,749.8027,789.266,1183.8989,75.8035,-1.1839,10.395423,15.593133,2.799122,29,215,300,5,0.03207536,0.00395337,0.05088190,0E-8,0.000000,0.912219,0.000000,-0.04848366,2026-03-31,2026-08-01,83,4123,1621,124,0.669355,0.205295,0.230786,0.106918,,,,,,,,GLOBAL_BASELINE_NO_ENTITY_RANKING,,,NOT_APPLICABLE_GLOBAL_BASELINE,HF9g-P5,,,,X 全窗基线 · 不参与实体赏罚,15055722,1506,A168_HF9F_20260827_0900,2026-08-27 09:00:00
2026-05-25,92755421,550,0,2653.9068666140,1183.8989739542,1183.8989739542,0.7500000,5,4,0.49840780584414834,0.440646775000,1.006373879117417,1.2462244638917332,1.006373879117417,0.05776103084414834,ELIGIBLE,R03b_20260811_FULL_v1,L1_ELIGIBILITY,v2026-08-11,2026-03-21..2026-08-06,baccarat_bet02_101_all_pairs_incl_sentinel,round_win = game_pnl > 0 (decisive only),COMPATIBILITY_ONLY_NOT_PRODUCTION,2500103.8841,2280641.3266,9883.8276,11764,10369,-0.00395337,-0.05088190,-0.00239824,-0.00395337,-9883.8276,2500103.8841,OK,0.0000,395.3531,4.0000,96.0000,AG03-UNRESOLVED,ALL5_LEVELS_bet23_to_bet27,395.3531,395.3531,395.3531,395.3531,395.3531,4.000000,4.000000,4.000000,4.000000,4.000000,96.000000,96.000000,96.000000,96.000000,96.000000,5.0,1976.7655,1824.8244,7907.0621,8059.0032,PENDING_AG03,FALSE,NOT_FOR_ENFORCEMENT,9488.4745,2189415.6736,9883.8276,9488.4745,395.3531,0.00395337,0.00379523,395.3531,9488.4745,0.00379523,395.3531,395.3531,395.3531,395.3531,395.3531,9488.4745,0.00379523,1976.7655,1824.8244,7907.0621,8059.0032,0.00316269,0.00322347,0.00015813,212.5216,219.9480,0.9532,119.0823,2.3972,30121.7335,124.9277,49.0469,238.9093,36.5364,75.9244,374.9013,749.8027,789.266,1183.8989,75.8035,-1.1839,10.395423,15.593133,2.799122,29,215,300,5,0.03207536,0.00395337,0.05088190,0E-8,0.000000,0.912219,0.000000,-0.04848366,2026-03-31,2026-08-01,83,4123,1621,124,0.669355,0.205295,0.230786,0.106918,,,,,,,,GLOBAL_BASELINE_NO_ENTITY_RANKING,,,NOT_APPLICABLE_GLOBAL_BASELINE,HF9g-P5,,,,X 全窗基线 · 不参与实体赏罚,15055723,1506,A168_HF9F_20260827_0900,2026-08-27 09:00:00
2026-05-25,92755421,595,0,793.2123125493,-793.2123125493,-793.2123125493,0E-7,2,1,0.49088524825869486,0.256040200000,-0.9819336656178806,-0.5866503638730671,-0.9819336656178806,0.23484504825869486,ELIGIBLE,R03b_20260811_FULL_v1,L1_ELIGIBILITY,v2026-08-11,2026-03-21..2026-08-06,baccarat_bet02_101_all_pairs_incl_sentinel,round_win = game_pnl > 0 (decisive only),COMPATIBILITY_ONLY_NOT_PRODUCTION,2500103.8841,2280641.3266,9883.8276,11764,10369,-0.00395337,-0.05088190,-0.00239824,-0.00395337,-9883.8276,2500103.8841,OK,0.0000,395.3531,4.0000,96.0000,AG03-UNRESOLVED,ALL5_LEVELS_bet23_to_bet27,395.3531,395.3531,395.3531,395.3531,395.3531,4.000000,4.000000,4.000000,4.000000,4.000000,96.000000,96.000000,96.000000,96.000000,96.000000,5.0,1976.7655,1824.8244,7907.0621,8059.0032,PENDING_AG03,FALSE,NOT_FOR_ENFORCEMENT,9488.4745,2189415.6736,9883.8276,9488.4745,395.3531,0.00395337,0.00379523,395.3531,9488.4745,0.00379523,395.3531,395.3531,395.3531,395.3531,395.3531,9488.4745,0.00379523,1976.7655,1824.8244,7907.0621,8059.0032,0.00316269,0.00322347,0.00015813,212.5216,219.9480,0.9532,119.0823,2.3972,30121.7335,124.9277,49.0469,238.9093,36.5364,75.9244,374.9013,749.8027,789.266,1183.8989,75.8035,-1.1839,10.395423,15.593133,2.799122,29,215,300,5,0.03207536,0.00395337,0.05088190,0E-8,0.000000,0.912219,0.000000,-0.04848366,2026-03-31,2026-08-01,83,4123,1621,124,0.669355,0.205295,0.230786,0.106918,,,,,,,,GLOBAL_BASELINE_NO_ENTITY_RANKING,,,NOT_APPLICABLE_GLOBAL_BASELINE,HF9g-P5,,,,X 全窗基线 · 不参与实体赏罚,15055724,1506,A168_HF9F_20260827_0900,2026-08-27 09:00:00
2026-05-25,92755421,763,0,1519.3370165747,692.5808997633,692.5808997633,0.7500000,4,4,0.50329940000000000,0.503299400000,0.9868238854431842,0.9868238854431842,0.9868238854431842,0E-17,ELIGIBLE,R03b_20260811_FULL_v1,L1_ELIGIBILITY,v2026-08-11,2026-03-21..2026-08-06,baccarat_bet02_101_all_pairs_incl_sentinel,round_win = game_pnl > 0 (decisive only),COMPATIBILITY_ONLY_NOT_PRODUCTION,2500103.8841,2280641.3266,9883.8276,11764,10369,-0.00395337,-0.05088190,-0.00239824,-0.00395337,-9883.8276,2500103.8841,OK,0.0000,395.3531,4.0000,96.0000,AG03-UNRESOLVED,ALL5_LEVELS_bet23_to_bet27,395.3531,395.3531,395.3531,395.3531,395.3531,4.000000,4.000000,4.000000,4.000000,4.000000,96.000000,96.000000,96.000000,96.000000,96.000000,5.0,1976.7655,1824.8244,7907.0621,8059.0032,PENDING_AG03,FALSE,NOT_FOR_ENFORCEMENT,9488.4745,2189415.6736,9883.8276,9488.4745,395.3531,0.00395337,0.00379523,395.3531,9488.4745,0.00379523,395.3531,395.3531,395.3531,395.3531,395.3531,9488.4745,0.00379523,1976.7655,1824.8244,7907.0621,8059.0032,0.00316269,0.00322347,0.00015813,212.5216,219.9480,0.9532,119.0823,2.3972,30121.7335,124.9277,49.0469,238.9093,36.5364,75.9244,374.9013,749.8027,789.266,1183.8989,75.8035,-1.1839,10.395423,15.593133,2.799122,29,215,300,5,0.03207536,0.00395337,0.05088190,0E-8,0.000000,0.912219,0.000000,-0.04848366,2026-03-31,2026-08-01,83,4123,1621,124,0.669355,0.205295,0.230786,0.106918,,,,,,,,GLOBAL_BASELINE_NO_ENTITY_RANKING,,,NOT_APPLICABLE_GLOBAL_BASELINE,HF9g-P5,,,,X 全窗基线 · 不参与实体赏罚,15055725,1506,A168_HF9F_20260827_0900,2026-08-27 09:00:00
2026-05-25,92755421,772,0,8528.0189423832,2940.0157853196,2940.0157853196,0.6666667,13,12,0.49863431235489124,0.479063891667,1.1641666425225394,1.3008910668568734,1.1641666425225394,0.01957042068789124,ELIGIBLE,R03b_20260811_FULL_v1,L1_ELIGIBILITY,v2026-08-11,2026-03-21..2026-08-06,baccarat_bet02_101_all_pairs_incl_sentinel,round_win = game_pnl > 0 (decisive only),COMPATIBILITY_ONLY_NOT_PRODUCTION,2500103.8841,2280641.3266,9883.8276,11764,10369,-0.00395337,-0.05088190,-0.00239824,-0.00395337,-9883.8276,2500103.8841,OK,0.0000,395.3531,4.0000,96.0000,AG03-UNRESOLVED,ALL5_LEVELS_bet23_to_bet27,395.3531,395.3531,395.3531,395.3531,395.3531,4.000000,4.000000,4.000000,4.000000,4.000000,96.000000,96.000000,96.000000,96.000000,96.000000,5.0,1976.7655,1824.8244,7907.0621,8059.0032,PENDING_AG03,FALSE,NOT_FOR_ENFORCEMENT,9488.4745,2189415.6736,9883.8276,9488.4745,395.3531,0.00395337,0.00379523,395.3531,9488.4745,0.00379523,395.3531,395.3531,395.3531,395.3531,395.3531,9488.4745,0.00379523,1976.7655,1824.8244,7907.0621,8059.0032,0.00316269,0.00322347,0.00015813,212.5216,219.9480,0.9532,119.0823,2.3972,30121.7335,124.9277,49.0469,238.9093,36.5364,75.9244,374.9013,749.8027,789.266,1183.8989,75.8035,-1.1839,10.395423,15.593133,2.799122,29,215,300,5,0.03207536,0.00395337,0.05088190,0E-8,0.000000,0.912219,0.000000,-0.04848366,2026-03-31,2026-08-01,83,4123,1621,124,0.669355,0.205295,0.230786,0.106918,,,,,,,,GLOBAL_BASELINE_NO_ENTITY_RANKING,,,NOT_APPLICABLE_GLOBAL_BASELINE,HF9g-P5,,,,X 全窗基线 · 不参与实体赏罚,15055726,1506,A168_HF9F_20260827_0900,2026-08-27 09:00:00
2026-05-26,92755421,-1,1,20574.1910023673,-2694.3567482240,-2694.3567482240,0.4375000,39,33,0.49955509366969868,0.471805269697,-0.7020735185953916,-0.3887383629661983,-0.7020735185953916,0.02774982397269868,SENTINEL_DEALER,R03b_20260811_FULL_v1,L1_ELIGIBILITY,v2026-08-11,2026-03-21..2026-08-06,baccarat_bet02_101_all_pairs_incl_sentinel,round_win = game_pnl > 0 (decisive only),COMPATIBILITY_ONLY_NOT_PRODUCTION,2500103.8841,2280641.3266,9883.8276,11764,10369,-0.00395337,-0.05088190,-0.00239824,-0.00395337,-9883.8276,2500103.8841,OK,0.0000,395.3531,4.0000,96.0000,AG03-UNRESOLVED,ALL5_LEVELS_bet23_to_bet27,395.3531,395.3531,395.3531,395.3531,395.3531,4.000000,4.000000,4.000000,4.000000,4.000000,96.000000,96.000000,96.000000,96.000000,96.000000,5.0,1976.7655,1824.8244,7907.0621,8059.0032,PENDING_AG03,FALSE,NOT_FOR_ENFORCEMENT,9488.4745,2189415.6736,9883.8276,9488.4745,395.3531,0.00395337,0.00379523,395.3531,9488.4745,0.00379523,395.3531,395.3531,395.3531,395.3531,395.3531,9488.4745,0.00379523,1976.7655,1824.8244,7907.0621,8059.0032,0.00316269,0.00322347,0.00015813,212.5216,219.9480,0.9532,119.0823,2.3972,30121.7335,124.9277,49.0469,238.9093,36.5364,75.9244,374.9013,749.8027,789.266,1183.8989,75.8035,-1.1839,10.395423,15.593133,2.799122,29,215,300,5,0.03207536,0.00395337,0.05088190,0E-8,0.000000,0.912219,0.000000,-0.04848366,2026-03-31,2026-08-01,83,4123,1621,124,0.669355,0.205295,0.230786,0.106918,,,,,,,,GLOBAL_BASELINE_NO_ENTITY_RANKING,,,NOT_APPLICABLE_GLOBAL_BASELINE,HF9g-P5,,,,X 全窗基线 · 不参与实体赏罚,15055727,1506,A168_HF9F_20260827_0900,2026-08-27 09:00:00
2026-05-26,92755421,1017,0,1973.1649565903,-1973.1649565903,-1973.1649565903,0E-7,3,3,0.50218230000000000,0.502182300000,-1.7396270863184011,-1.7396270863184016,-1.7396270863184011,0E-17,ELIGIBLE,R03b_20260811_FULL_v1,L1_ELIGIBILITY,v2026-08-11,2026-03-21..2026-08-06,baccarat_bet02_101_all_pairs_incl_sentinel,round_win = game_pnl > 0 (decisive only),COMPATIBILITY_ONLY_NOT_PRODUCTION,2500103.8841,2280641.3266,9883.8276,11764,10369,-0.00395337,-0.05088190,-0.00239824,-0.00395337,-9883.8276,2500103.8841,OK,0.0000,395.3531,4.0000,96.0000,AG03-UNRESOLVED,ALL5_LEVELS_bet23_to_bet27,395.3531,395.3531,395.3531,395.3531,395.3531,4.000000,4.000000,4.000000,4.000000,4.000000,96.000000,96.000000,96.000000,96.000000,96.000000,5.0,1976.7655,1824.8244,7907.0621,8059.0032,PENDING_AG03,FALSE,NOT_FOR_ENFORCEMENT,9488.4745,2189415.6736,9883.8276,9488.4745,395.3531,0.00395337,0.00379523,395.3531,9488.4745,0.00379523,395.3531,395.3531,395.3531,395.3531,395.3531,9488.4745,0.00379523,1976.7655,1824.8244,7907.0621,8059.0032,0.00316269,0.00322347,0.00015813,212.5216,219.9480,0.9532,119.0823,2.3972,30121.7335,124.9277,49.0469,238.9093,36.5364,75.9244,374.9013,749.8027,789.266,1183.8989,75.8035,-1.1839,10.395423,15.593133,2.799122,29,215,300,5,0.03207536,0.00395337,0.05088190,0E-8,0.000000,0.912219,0.000000,-0.04848366,2026-03-31,2026-08-01,83,4123,1621,124,0.669355,0.205295,0.230786,0.106918,,,,,,,,GLOBAL_BASELINE_NO_ENTITY_RANKING,,,NOT_APPLICABLE_GLOBAL_BASELINE,HF9g-P5,,,,X 全窗基线 · 不参与实体赏罚,15055728,1506,A168_HF9F_20260827_0900,2026-08-27 09:00:00
2026-05-26,92755421,1109,0,789.2659826361,749.8026835043,749.8026835043,1.0000000,1,1,0.50665070000000000,0.506650700000,0.9867858985152569,0.9867858985152569,0.9867858985152569,0E-17,ELIGIBLE,R03b_20260811_FULL_v1,L1_ELIGIBILITY,v2026-08-11,2026-03-21..2026-08-06,baccarat_bet02_101_all_pairs_incl_sentinel,round_win = game_pnl > 0 (decisive only),COMPATIBILITY_ONLY_NOT_PRODUCTION,2500103.8841,2280641.3266,9883.8276,11764,10369,-0.00395337,-0.05088190,-0.00239824,-0.00395337,-9883.8276,2500103.8841,OK,0.0000,395.3531,4.0000,96.0000,AG03-UNRESOLVED,ALL5_LEVELS_bet23_to_bet27,395.3531,395.3531,395.3531,395.3531,395.3531,4.000000,4.000000,4.000000,4.000000,4.000000,96.000000,96.000000,96.000000,96.000000,96.000000,5.0,1976.7655,1824.8244,7907.0621,8059.0032,PENDING_AG03,FALSE,NOT_FOR_ENFORCEMENT,9488.4745,2189415.6736,9883.8276,9488.4745,395.3531,0.00395337,0.00379523,395.3531,9488.4745,0.00379523,395.3531,395.3531,395.3531,395.3531,395.3531,9488.4745,0.00379523,1976.7655,1824.8244,7907.0621,8059.0032,0.00316269,0.00322347,0.00015813,212.5216,219.9480,0.9532,119.0823,2.3972,30121.7335,124.9277,49.0469,238.9093,36.5364,75.9244,374.9013,749.8027,789.266,1183.8989,75.8035,-1.1839,10.395423,15.593133,2.799122,29,215,300,5,0.03207536,0.00395337,0.05088190,0E-8,0.000000,0.912219,0.000000,-0.04848366,2026-03-31,2026-08-01,83,4123,1621,124,0.669355,0.205295,0.230786,0.106918,,,,,,,,GLOBAL_BASELINE_NO_ENTITY_RANKING,,,NOT_APPLICABLE_GLOBAL_BASELINE,HF9g-P5,,,,X 全窗基线 · 不参与实体赏罚,15055729,1506,A168_HF9F_20260827_0900,2026-08-27 09:00:00
2026-05-26,92755421,1205,0,4321.2312549328,-828.7292817679,-828.7292817679,0.3333333,9,7,0.49762794340115391,0.433132671429,-0.8048849819785466,-0.4933465556947625,-0.8048849819785466,0.06449527197215391,ELIGIBLE,R03b_20260811_FULL_v1,L1_ELIGIBILITY,v2026-08-11,2026-03-21..2026-08-06,baccarat_bet02_101_all_pairs_incl_sentinel,round_win = game_pnl > 0 (decisive only),COMPATIBILITY_ONLY_NOT_PRODUCTION,2500103.8841,2280641.3266,9883.8276,11764,10369,-0.00395337,-0.05088190,-0.00239824,-0.00395337,-9883.8276,2500103.8841,OK,0.0000,395.3531,4.0000,96.0000,AG03-UNRESOLVED,ALL5_LEVELS_bet23_to_bet27,395.3531,395.3531,395.3531,395.3531,395.3531,4.000000,4.000000,4.000000,4.000000,4.000000,96.000000,96.000000,96.000000,96.000000,96.000000,5.0,1976.7655,1824.8244,7907.0621,8059.0032,PENDING_AG03,FALSE,NOT_FOR_ENFORCEMENT,9488.4745,2189415.6736,9883.8276,9488.4745,395.3531,0.00395337,0.00379523,395.3531,9488.4745,0.00379523,395.3531,395.3531,395.3531,395.3531,395.3531,9488.4745,0.00379523,1976.7655,1824.8244,7907.0621,8059.0032,0.00316269,0.00322347,0.00015813,212.5216,219.9480,0.9532,119.0823,2.3972,30121.7335,124.9277,49.0469,238.9093,36.5364,75.9244,374.9013,749.8027,789.266,1183.8989,75.8035,-1.1839,10.395423,15.593133,2.799122,29,215,300,5,0.03207536,0.00395337,0.05088190,0E-8,0.000000,0.912219,0.000000,-0.04848366,2026-03-31,2026-08-01,83,4123,1621,124,0.669355,0.205295,0.230786,0.106918,,,,,,,,GLOBAL_BASELINE_NO_ENTITY_RANKING,,,NOT_APPLICABLE_GLOBAL_BASELINE,HF9g-P5,,,,X 全窗基线 · 不参与实体赏罚,15055730,1506,A168_HF9F_20260827_0900,2026-08-27 09:00:00
2026-05-26,92755421,1221,0,789.2659826361,-789.2659826361,-789.2659826361,0E-7,1,1,0.49324550000000000,0.493245500000,-0.9865810262130424,-0.9865810262130424,-0.9865810262130424,0E-17,ELIGIBLE,R03b_20260811_FULL_v1,L1_ELIGIBILITY,v2026-08-11,2026-03-21..2026-08-06,baccarat_bet02_101_all_pairs_incl_sentinel,round_win = game_pnl > 0 (decisive only),COMPATIBILITY_ONLY_NOT_PRODUCTION,2500103.8841,2280641.3266,9883.8276,11764,10369,-0.00395337,-0.05088190,-0.00239824,-0.00395337,-9883.8276,2500103.8841,OK,0.0000,395.3531,4.0000,96.0000,AG03-UNRESOLVED,ALL5_LEVELS_bet23_to_bet27,395.3531,395.3531,395.3531,395.3531,395.3531,4.000000,4.000000,4.000000,4.000000,4.000000,96.000000,96.000000,96.000000,96.000000,96.000000,5.0,1976.7655,1824.8244,7907.0621,8059.0032,PENDING_AG03,FALSE,NOT_FOR_ENFORCEMENT,9488.4745,2189415.6736,9883.8276,9488.4745,395.3531,0.00395337,0.00379523,395.3531,9488.4745,0.00379523,395.3531,395.3531,395.3531,395.3531,395.3531,9488.4745,0.00379523,1976.7655,1824.8244,7907.0621,8059.0032,0.00316269,0.00322347,0.00015813,212.5216,219.9480,0.9532,119.0823,2.3972,30121.7335,124.9277,49.0469,238.9093,36.5364,75.9244,374.9013,749.8027,789.266,1183.8989,75.8035,-1.1839,10.395423,15.593133,2.799122,29,215,300,5,0.03207536,0.00395337,0.05088190,0E-8,0.000000,0.912219,0.000000,-0.04848366,2026-03-31,2026-08-01,83,4123,1621,124,0.669355,0.205295,0.230786,0.106918,,,,,,,,GLOBAL_BASELINE_NO_ENTITY_RANKING,,,NOT_APPLICABLE_GLOBAL_BASELINE,HF9g-P5,,,,X 全窗基线 · 不参与实体赏罚,15055731,1506,A168_HF9F_20260827_0900,2026-08-27 09:00:00
2026-05-26,92755421,1363,0,789.2659826361,-789.2659826361,-789.2659826361,0E-7,1,1,0.49324550000000000,0.493245500000,-0.9865810262130424,-0.9865810262130424,-0.9865810262130424,0E-17,ELIGIBLE,R03b_20260811_FULL_v1,L1_ELIGIBILITY,v2026-08-11,2026-03-21..2026-08-06,baccarat_bet02_101_all_pairs_incl_sentinel,round_win = game_pnl > 0 (decisive only),COMPATIBILITY_ONLY_NOT_PRODUCTION,2500103.8841,2280641.3266,9883.8276,11764,10369,-0.00395337,-0.05088190,-0.00239824,-0.00395337,-9883.8276,2500103.8841,OK,0.0000,395.3531,4.0000,96.0000,AG03-UNRESOLVED,ALL5_LEVELS_bet23_to_bet27,395.3531,395.3531,395.3531,395.3531,395.3531,4.000000,4.000000,4.000000,4.000000,4.000000,96.000000,96.000000,96.000000,96.000000,96.000000,5.0,1976.7655,1824.8244,7907.0621,8059.0032,PENDING_AG03,FALSE,NOT_FOR_ENFORCEMENT,9488.4745,2189415.6736,9883.8276,9488.4745,395.3531,0.00395337,0.00379523,395.3531,9488.4745,0.00379523,395.3531,395.3531,395.3531,395.3531,395.3531,9488.4745,0.00379523,1976.7655,1824.8244,7907.0621,8059.0032,0.00316269,0.00322347,0.00015813,212.5216,219.9480,0.9532,119.0823,2.3972,30121.7335,124.9277,49.0469,238.9093,36.5364,75.9244,374.9013,749.8027,789.266,1183.8989,75.8035,-1.1839,10.395423,15.593133,2.799122,29,215,300,5,0.03207536,0.00395337,0.05088190,0E-8,0.000000,0.912219,0.000000,-0.04848366,2026-03-31,2026-08-01,83,4123,1621,124,0.669355,0.205295,0.230786,0.106918,,,,,,,,GLOBAL_BASELINE_NO_ENTITY_RANKING,,,NOT_APPLICABLE_GLOBAL_BASELINE,HF9g-P5,,,,X 全窗基线 · 不参与实体赏罚,15055732,1506,A168_HF9F_20260827_0900,2026-08-27 09:00:00
2026-05-26,92755421,1382,0,789.2659826361,-789.2659826361,-789.2659826361,0E-7,1,1,0.49324550000000000,0.493245500000,-0.9865810262130424,-0.9865810262130424,-0.9865810262130424,0E-17,ELIGIBLE,R03b_20260811_FULL_v1,L1_ELIGIBILITY,v2026-08-11,2026-03-21..2026-08-06,baccarat_bet02_101_all_pairs_incl_sentinel,round_win = game_pnl > 0 (decisive only),COMPATIBILITY_ONLY_NOT_PRODUCTION,2500103.8841,2280641.3266,9883.8276,11764,10369,-0.00395337,-0.05088190,-0.00239824,-0.00395337,-9883.8276,2500103.8841,OK,0.0000,395.3531,4.0000,96.0000,AG03-UNRESOLVED,ALL5_LEVELS_bet23_to_bet27,395.3531,395.3531,395.3531,395.3531,395.3531,4.000000,4.000000,4.000000,4.000000,4.000000,96.000000,96.000000,96.000000,96.000000,96.000000,5.0,1976.7655,1824.8244,7907.0621,8059.0032,PENDING_AG03,FALSE,NOT_FOR_ENFORCEMENT,9488.4745,2189415.6736,9883.8276,9488.4745,395.3531,0.00395337,0.00379523,395.3531,9488.4745,0.00379523,395.3531,395.3531,395.3531,395.3531,395.3531,9488.4745,0.00379523,1976.7655,1824.8244,7907.0621,8059.0032,0.00316269,0.00322347,0.00015813,212.5216,219.9480,0.9532,119.0823,2.3972,30121.7335,124.9277,49.0469,238.9093,36.5364,75.9244,374.9013,749.8027,789.266,1183.8989,75.8035,-1.1839,10.395423,15.593133,2.799122,29,215,300,5,0.03207536,0.00395337,0.05088190,0E-8,0.000000,0.912219,0.000000,-0.04848366,2026-03-31,2026-08-01,83,4123,1621,124,0.669355,0.205295,0.230786,0.106918,,,,,,,,GLOBAL_BASELINE_NO_ENTITY_RANKING,,,NOT_APPLICABLE_GLOBAL_BASELINE,HF9g-P5,,,,X 全窗基线 · 不参与实体赏罚,15055733,1506,A168_HF9F_20260827_0900,2026-08-27 09:00:00
2026-05-26,92755421,1399,0,789.2659826361,-789.2659826361,-789.2659826361,0E-7,1,1,0.49324550000000000,0.493245500000,-0.9865810262130424,-0.9865810262130424,-0.9865810262130424,0E-17,ELIGIBLE,R03b_20260811_FULL_v1,L1_ELIGIBILITY,v2026-08-11,2026-03-21..2026-08-06,baccarat_bet02_101_all_pairs_incl_sentinel,round_win = game_pnl > 0 (decisive only),COMPATIBILITY_ONLY_NOT_PRODUCTION,2500103.8841,2280641.3266,9883.8276,11764,10369,-0.00395337,-0.05088190,-0.00239824,-0.00395337,-9883.8276,2500103.8841,OK,0.0000,395.3531,4.0000,96.0000,AG03-UNRESOLVED,ALL5_LEVELS_bet23_to_bet27,395.3531,395.3531,395.3531,395.3531,395.3531,4.000000,4.000000,4.000000,4.000000,4.000000,96.000000,96.000000,96.000000,96.000000,96.000000,5.0,1976.7655,1824.8244,7907.0621,8059.0032,PENDING_AG03,FALSE,NOT_FOR_ENFORCEMENT,9488.4745,2189415.6736,9883.8276,9488.4745,395.3531,0.00395337,0.00379523,395.3531,9488.4745,0.00379523,395.3531,395.3531,395.3531,395.3531,395.3531,9488.4745,0.00379523,1976.7655,1824.8244,7907.0621,8059.0032,0.00316269,0.00322347,0.00015813,212.5216,219.9480,0.9532,119.0823,2.3972,30121.7335,124.9277,49.0469,238.9093,36.5364,75.9244,374.9013,749.8027,789.266,1183.8989,75.8035,-1.1839,10.395423,15.593133,2.799122,29,215,300,5,0.03207536,0.00395337,0.05088190,0E-8,0.000000,0.912219,0.000000,-0.04848366,2026-03-31,2026-08-01,83,4123,1621,124,0.669355,0.205295,0.230786,0.106918,,,,,,,,GLOBAL_BASELINE_NO_ENTITY_RANKING,,,NOT_APPLICABLE_GLOBAL_BASELINE,HF9g-P5,,,,X 全窗基线 · 不参与实体赏罚,15055734,1506,A168_HF9F_20260827_0900,2026-08-27 09:00:00
2026-05-26,92755421,1702,0,1183.8989739543,374.9013417522,374.9013417522,0.6666667,3,3,0.50218230000000000,0.502182300000,0.5697959874915163,0.5697959874915164,0.5697959874915163,0E-17,ELIGIBLE,R03b_20260811_FULL_v1,L1_ELIGIBILITY,v2026-08-11,2026-03-21..2026-08-06,baccarat_bet02_101_all_pairs_incl_sentinel,round_win = game_pnl > 0 (decisive only),COMPATIBILITY_ONLY_NOT_PRODUCTION,2500103.8841,2280641.3266,9883.8276,11764,10369,-0.00395337,-0.05088190,-0.00239824,-0.00395337,-9883.8276,2500103.8841,OK,0.0000,395.3531,4.0000,96.0000,AG03-UNRESOLVED,ALL5_LEVELS_bet23_to_bet27,395.3531,395.3531,395.3531,395.3531,395.3531,4.000000,4.000000,4.000000,4.000000,4.000000,96.000000,96.000000,96.000000,96.000000,96.000000,5.0,1976.7655,1824.8244,7907.0621,8059.0032,PENDING_AG03,FALSE,NOT_FOR_ENFORCEMENT,9488.4745,2189415.6736,9883.8276,9488.4745,395.3531,0.00395337,0.00379523,395.3531,9488.4745,0.00379523,395.3531,395.3531,395.3531,395.3531,395.3531,9488.4745,0.00379523,1976.7655,1824.8244,7907.0621,8059.0032,0.00316269,0.00322347,0.00015813,212.5216,219.9480,0.9532,119.0823,2.3972,30121.7335,124.9277,49.0469,238.9093,36.5364,75.9244,374.9013,749.8027,789.266,1183.8989,75.8035,-1.1839,10.395423,15.593133,2.799122,29,215,300,5,0.03207536,0.00395337,0.05088190,0E-8,0.000000,0.912219,0.000000,-0.04848366,2026-03-31,2026-08-01,83,4123,1621,124,0.669355,0.205295,0.230786,0.106918,,,,,,,,GLOBAL_BASELINE_NO_ENTITY_RANKING,,,NOT_APPLICABLE_GLOBAL_BASELINE,HF9g-P5,,,,X 全窗基线 · 不参与实体赏罚,15055735,1506,A168_HF9F_20260827_0900,2026-08-27 09:00:00
2026-05-26,92755421,1941,0,789.2659826362,0E-10,0E-10,0.5000000,2,2,0.49324550000000000,0.493245500000,0.01910635448239258,0.01910635448239258,0.01910635448239258,0E-17,ELIGIBLE,R03b_20260811_FULL_v1,L1_ELIGIBILITY,v2026-08-11,2026-03-21..2026-08-06,baccarat_bet02_101_all_pairs_incl_sentinel,round_win = game_pnl > 0 (decisive only),COMPATIBILITY_ONLY_NOT_PRODUCTION,2500103.8841,2280641.3266,9883.8276,11764,10369,-0.00395337,-0.05088190,-0.00239824,-0.00395337,-9883.8276,2500103.8841,OK,0.0000,395.3531,4.0000,96.0000,AG03-UNRESOLVED,ALL5_LEVELS_bet23_to_bet27,395.3531,395.3531,395.3531,395.3531,395.3531,4.000000,4.000000,4.000000,4.000000,4.000000,96.000000,96.000000,96.000000,96.000000,96.000000,5.0,1976.7655,1824.8244,7907.0621,8059.0032,PENDING_AG03,FALSE,NOT_FOR_ENFORCEMENT,9488.4745,2189415.6736,9883.8276,9488.4745,395.3531,0.00395337,0.00379523,395.3531,9488.4745,0.00379523,395.3531,395.3531,395.3531,395.3531,395.3531,9488.4745,0.00379523,1976.7655,1824.8244,7907.0621,8059.0032,0.00316269,0.00322347,0.00015813,212.5216,219.9480,0.9532,119.0823,2.3972,30121.7335,124.9277,49.0469,238.9093,36.5364,75.9244,374.9013,749.8027,789.266,1183.8989,75.8035,-1.1839,10.395423,15.593133,2.799122,29,215,300,5,0.03207536,0.00395337,0.05088190,0E-8,0.000000,0.912219,0.000000,-0.04848366,2026-03-31,2026-08-01,83,4123,1621,124,0.669355,0.205295,0.230786,0.106918,,,,,,,,GLOBAL_BASELINE_NO_ENTITY_RANKING,,,NOT_APPLICABLE_GLOBAL_BASELINE,HF9g-P5,,,,X 全窗基线 · 不参与实体赏罚,15055736,1506,A168_HF9F_20260827_0900,2026-08-27 09:00:00
2026-05-26,92755421,1966,0,789.2659826361,-789.2659826361,-789.2659826361,0E-7,1,1,0.50665070000000000,0.506650700000,-1.013391052207602,-1.013391052207602,-1.013391052207602,0E-17,ELIGIBLE,R03b_20260811_FULL_v1,L1_ELIGIBILITY,v2026-08-11,2026-03-21..2026-08-06,baccarat_bet02_101_all_pairs_incl_sentinel,round_win = game_pnl > 0 (decisive only),COMPATIBILITY_ONLY_NOT_PRODUCTION,2500103.8841,2280641.3266,9883.8276,11764,10369,-0.00395337,-0.05088190,-0.00239824,-0.00395337,-9883.8276,2500103.8841,OK,0.0000,395.3531,4.0000,96.0000,AG03-UNRESOLVED,ALL5_LEVELS_bet23_to_bet27,395.3531,395.3531,395.3531,395.3531,395.3531,4.000000,4.000000,4.000000,4.000000,4.000000,96.000000,96.000000,96.000000,96.000000,96.000000,5.0,1976.7655,1824.8244,7907.0621,8059.0032,PENDING_AG03,FALSE,NOT_FOR_ENFORCEMENT,9488.4745,2189415.6736,9883.8276,9488.4745,395.3531,0.00395337,0.00379523,395.3531,9488.4745,0.00379523,395.3531,395.3531,395.3531,395.3531,395.3531,9488.4745,0.00379523,1976.7655,1824.8244,7907.0621,8059.0032,0.00316269,0.00322347,0.00015813,212.5216,219.9480,0.9532,119.0823,2.3972,30121.7335,124.9277,49.0469,238.9093,36.5364,75.9244,374.9013,749.8027,789.266,1183.8989,75.8035,-1.1839,10.395423,15.593133,2.799122,29,215,300,5,0.03207536,0.00395337,0.05088190,0E-8,0.000000,0.912219,0.000000,-0.04848366,2026-03-31,2026-08-01,83,4123,1621,124,0.669355,0.205295,0.230786,0.106918,,,,,,,,GLOBAL_BASELINE_NO_ENTITY_RANKING,,,NOT_APPLICABLE_GLOBAL_BASELINE,HF9g-P5,,,,X 全窗基线 · 不参与实体赏罚,15055737,1506,A168_HF9F_20260827_0900,2026-08-27 09:00:00
2026-05-26,92755421,2117,0,1578.5319652724,-19.7316495659,-19.7316495659,0.5000000,4,4,0.49659680000000000,0.496596800000,0.013613115331600182,0.013613115331600183,0.013613115331600182,0E-17,ELIGIBLE,R03b_20260811_FULL_v1,L1_ELIGIBILITY,v2026-08-11,2026-03-21..2026-08-06,baccarat_bet02_101_all_pairs_incl_sentinel,round_win = game_pnl > 0 (decisive only),COMPATIBILITY_ONLY_NOT_PRODUCTION,2500103.8841,2280641.3266,9883.8276,11764,10369,-0.00395337,-0.05088190,-0.00239824,-0.00395337,-9883.8276,2500103.8841,OK,0.0000,395.3531,4.0000,96.0000,AG03-UNRESOLVED,ALL5_LEVELS_bet23_to_bet27,395.3531,395.3531,395.3531,395.3531,395.3531,4.000000,4.000000,4.000000,4.000000,4.000000,96.000000,96.000000,96.000000,96.000000,96.000000,5.0,1976.7655,1824.8244,7907.0621,8059.0032,PENDING_AG03,FALSE,NOT_FOR_ENFORCEMENT,9488.4745,2189415.6736,9883.8276,9488.4745,395.3531,0.00395337,0.00379523,395.3531,9488.4745,0.00379523,395.3531,395.3531,395.3531,395.3531,395.3531,9488.4745,0.00379523,1976.7655,1824.8244,7907.0621,8059.0032,0.00316269,0.00322347,0.00015813,212.5216,219.9480,0.9532,119.0823,2.3972,30121.7335,124.9277,49.0469,238.9093,36.5364,75.9244,374.9013,749.8027,789.266,1183.8989,75.8035,-1.1839,10.395423,15.593133,2.799122,29,215,300,5,0.03207536,0.00395337,0.05088190,0E-8,0.000000,0.912219,0.000000,-0.04848366,2026-03-31,2026-08-01,83,4123,1621,124,0.669355,0.205295,0.230786,0.106918,,,,,,,,GLOBAL_BASELINE_NO_ENTITY_RANKING,,,NOT_APPLICABLE_GLOBAL_BASELINE,HF9g-P5,,,,X 全窗基线 · 不参与实体赏罚,15055738,1506,A168_HF9F_20260827_0900,2026-08-27 09:00:00
2026-05-26,92755421,2130,0,1539.0686661404,0E-10,0E-10,0.5000000,2,2,0.50665070000000000,0.506650700000,-0.018812684590367487,-0.018812684590367487,-0.018812684590367487,0E-17,ELIGIBLE,R03b_20260811_FULL_v1,L1_ELIGIBILITY,v2026-08-11,2026-03-21..2026-08-06,baccarat_bet02_101_all_pairs_incl_sentinel,round_win = game_pnl > 0 (decisive only),COMPATIBILITY_ONLY_NOT_PRODUCTION,2500103.8841,2280641.3266,9883.8276,11764,10369,-0.00395337,-0.05088190,-0.00239824,-0.00395337,-9883.8276,2500103.8841,OK,0.0000,395.3531,4.0000,96.0000,AG03-UNRESOLVED,ALL5_LEVELS_bet23_to_bet27,395.3531,395.3531,395.3531,395.3531,395.3531,4.000000,4.000000,4.000000,4.000000,4.000000,96.000000,96.000000,96.000000,96.000000,96.000000,5.0,1976.7655,1824.8244,7907.0621,8059.0032,PENDING_AG03,FALSE,NOT_FOR_ENFORCEMENT,9488.4745,2189415.6736,9883.8276,9488.4745,395.3531,0.00395337,0.00379523,395.3531,9488.4745,0.00379523,395.3531,395.3531,395.3531,395.3531,395.3531,9488.4745,0.00379523,1976.7655,1824.8244,7907.0621,8059.0032,0.00316269,0.00322347,0.00015813,212.5216,219.9480,0.9532,119.0823,2.3972,30121.7335,124.9277,49.0469,238.9093,36.5364,75.9244,374.9013,749.8027,789.266,1183.8989,75.8035,-1.1839,10.395423,15.593133,2.799122,29,215,300,5,0.03207536,0.00395337,0.05088190,0E-8,0.000000,0.912219,0.000000,-0.04848366,2026-03-31,2026-08-01,83,4123,1621,124,0.669355,0.205295,0.230786,0.106918,,,,,,,,GLOBAL_BASELINE_NO_ENTITY_RANKING,,,NOT_APPLICABLE_GLOBAL_BASELINE,HF9g-P5,,,,X 全窗基线 · 不参与实体赏罚,15055739,1506,A168_HF9F_20260827_0900,2026-08-27 09:00:00
2026-05-26,92755421,2145,0,1539.0686661404,0E-10,0E-10,0.5000000,2,2,0.49994810000000000,0.499948100000,0.00014679536856514622,0.00014679536856514622,0.00014679536856514622,0E-17,ELIGIBLE,R03b_20260811_FULL_v1,L1_ELIGIBILITY,v2026-08-11,2026-03-21..2026-08-06,baccarat_bet02_101_all_pairs_incl_sentinel,round_win = game_pnl > 0 (decisive only),COMPATIBILITY_ONLY_NOT_PRODUCTION,2500103.8841,2280641.3266,9883.8276,11764,10369,-0.00395337,-0.05088190,-0.00239824,-0.00395337,-9883.8276,2500103.8841,OK,0.0000,395.3531,4.0000,96.0000,AG03-UNRESOLVED,ALL5_LEVELS_bet23_to_bet27,395.3531,395.3531,395.3531,395.3531,395.3531,4.000000,4.000000,4.000000,4.000000,4.000000,96.000000,96.000000,96.000000,96.000000,96.000000,5.0,1976.7655,1824.8244,7907.0621,8059.0032,PENDING_AG03,FALSE,NOT_FOR_ENFORCEMENT,9488.4745,2189415.6736,9883.8276,9488.4745,395.3531,0.00395337,0.00379523,395.3531,9488.4745,0.00379523,395.3531,395.3531,395.3531,395.3531,395.3531,9488.4745,0.00379523,1976.7655,1824.8244,7907.0621,8059.0032,0.00316269,0.00322347,0.00015813,212.5216,219.9480,0.9532,119.0823,2.3972,30121.7335,124.9277,49.0469,238.9093,36.5364,75.9244,374.9013,749.8027,789.266,1183.8989,75.8035,-1.1839,10.395423,15.593133,2.799122,29,215,300,5,0.03207536,0.00395337,0.05088190,0E-8,0.000000,0.912219,0.000000,-0.04848366,2026-03-31,2026-08-01,83,4123,1621,124,0.669355,0.205295,0.230786,0.106918,,,,,,,,GLOBAL_BASELINE_NO_ENTITY_RANKING,,,NOT_APPLICABLE_GLOBAL_BASELINE,HF9g-P5,,,,X 全窗基线 · 不参与实体赏罚,15055740,1506,A168_HF9F_20260827_0900,2026-08-27 09:00:00
2026-05-26,92755421,2156,0,1578.5319652722,-789.2659826361,-789.2659826361,0E-7,2,2,0.49324550000000000,0.493245500000,-0.9865810262130424,-0.9865810262130424,-0.9865810262130424,0E-17,ELIGIBLE,R03b_20260811_FULL_v1,L1_ELIGIBILITY,v2026-08-11,2026-03-21..2026-08-06,baccarat_bet02_101_all_pairs_incl_sentinel,round_win = game_pnl > 0 (decisive only),COMPATIBILITY_ONLY_NOT_PRODUCTION,2500103.8841,2280641.3266,9883.8276,11764,10369,-0.00395337,-0.05088190,-0.00239824,-0.00395337,-9883.8276,2500103.8841,OK,0.0000,395.3531,4.0000,96.0000,AG03-UNRESOLVED,ALL5_LEVELS_bet23_to_bet27,395.3531,395.3531,395.3531,395.3531,395.3531,4.000000,4.000000,4.000000,4.000000,4.000000,96.000000,96.000000,96.000000,96.000000,96.000000,5.0,1976.7655,1824.8244,7907.0621,8059.0032,PENDING_AG03,FALSE,NOT_FOR_ENFORCEMENT,9488.4745,2189415.6736,9883.8276,9488.4745,395.3531,0.00395337,0.00379523,395.3531,9488.4745,0.00379523,395.3531,395.3531,395.3531,395.3531,395.3531,9488.4745,0.00379523,1976.7655,1824.8244,7907.0621,8059.0032,0.00316269,0.00322347,0.00015813,212.5216,219.9480,0.9532,119.0823,2.3972,30121.7335,124.9277,49.0469,238.9093,36.5364,75.9244,374.9013,749.8027,789.266,1183.8989,75.8035,-1.1839,10.395423,15.593133,2.799122,29,215,300,5,0.03207536,0.00395337,0.05088190,0E-8,0.000000,0.912219,0.000000,-0.04848366,2026-03-31,2026-08-01,83,4123,1621,124,0.669355,0.205295,0.230786,0.106918,,,,,,,,GLOBAL_BASELINE_NO_ENTITY_RANKING,,,NOT_APPLICABLE_GLOBAL_BASELINE,HF9g-P5,,,,X 全窗基线 · 不参与实体赏罚,15055741,1506,A168_HF9F_20260827_0900,2026-08-27 09:00:00
2026-05-26,92755421,2170,0,1933.7016574585,-394.6329913181,-394.6329913181,0.3333333,3,3,0.50218230000000000,0.502182300000,-0.5849155494134425,-0.5849155494134426,-0.5849155494134425,0E-17,ELIGIBLE,R03b_20260811_FULL_v1,L1_ELIGIBILITY,v2026-08-11,2026-03-21..2026-08-06,baccarat_bet02_101_all_pairs_incl_sentinel,round_win = game_pnl > 0 (decisive only),COMPATIBILITY_ONLY_NOT_PRODUCTION,2500103.8841,2280641.3266,9883.8276,11764,10369,-0.00395337,-0.05088190,-0.00239824,-0.00395337,-9883.8276,2500103.8841,OK,0.0000,395.3531,4.0000,96.0000,AG03-UNRESOLVED,ALL5_LEVELS_bet23_to_bet27,395.3531,395.3531,395.3531,395.3531,395.3531,4.000000,4.000000,4.000000,4.000000,4.000000,96.000000,96.000000,96.000000,96.000000,96.000000,5.0,1976.7655,1824.8244,7907.0621,8059.0032,PENDING_AG03,FALSE,NOT_FOR_ENFORCEMENT,9488.4745,2189415.6736,9883.8276,9488.4745,395.3531,0.00395337,0.00379523,395.3531,9488.4745,0.00379523,395.3531,395.3531,395.3531,395.3531,395.3531,9488.4745,0.00379523,1976.7655,1824.8244,7907.0621,8059.0032,0.00316269,0.00322347,0.00015813,212.5216,219.9480,0.9532,119.0823,2.3972,30121.7335,124.9277,49.0469,238.9093,36.5364,75.9244,374.9013,749.8027,789.266,1183.8989,75.8035,-1.1839,10.395423,15.593133,2.799122,29,215,300,5,0.03207536,0.00395337,0.05088190,0E-8,0.000000,0.912219,0.000000,-0.04848366,2026-03-31,2026-08-01,83,4123,1621,124,0.669355,0.205295,0.230786,0.106918,,,,,,,,GLOBAL_BASELINE_NO_ENTITY_RANKING,,,NOT_APPLICABLE_GLOBAL_BASELINE,HF9g-P5,,,,X 全窗基线 · 不参与实体赏罚,15055742,1506,A168_HF9F_20260827_0900,2026-08-27 09:00:00
2026-05-26,92755421,2175,0,394.6329913181,-394.6329913181,-394.6329913181,0E-7,1,1,0.50665070000000000,0.506650700000,-1.013391052207602,-1.013391052207602,-1.013391052207602,0E-17,ELIGIBLE,R03b_20260811_FULL_v1,L1_ELIGIBILITY,v2026-08-11,2026-03-21..2026-08-06,baccarat_bet02_101_all_pairs_incl_sentinel,round_win = game_pnl > 0 (decisive only),COMPATIBILITY_ONLY_NOT_PRODUCTION,2500103.8841,2280641.3266,9883.8276,11764,10369,-0.00395337,-0.05088190,-0.00239824,-0.00395337,-9883.8276,2500103.8841,OK,0.0000,395.3531,4.0000,96.0000,AG03-UNRESOLVED,ALL5_LEVELS_bet23_to_bet27,395.3531,395.3531,395.3531,395.3531,395.3531,4.000000,4.000000,4.000000,4.000000,4.000000,96.000000,96.000000,96.000000,96.000000,96.000000,5.0,1976.7655,1824.8244,7907.0621,8059.0032,PENDING_AG03,FALSE,NOT_FOR_ENFORCEMENT,9488.4745,2189415.6736,9883.8276,9488.4745,395.3531,0.00395337,0.00379523,395.3531,9488.4745,0.00379523,395.3531,395.3531,395.3531,395.3531,395.3531,9488.4745,0.00379523,1976.7655,1824.8244,7907.0621,8059.0032,0.00316269,0.00322347,0.00015813,212.5216,219.9480,0.9532,119.0823,2.3972,30121.7335,124.9277,49.0469,238.9093,36.5364,75.9244,374.9013,749.8027,789.266,1183.8989,75.8035,-1.1839,10.395423,15.593133,2.799122,29,215,300,5,0.03207536,0.00395337,0.05088190,0E-8,0.000000,0.912219,0.000000,-0.04848366,2026-03-31,2026-08-01,83,4123,1621,124,0.669355,0.205295,0.230786,0.106918,,,,,,,,GLOBAL_BASELINE_NO_ENTITY_RANKING,,,NOT_APPLICABLE_GLOBAL_BASELINE,HF9g-P5,,,,X 全窗基线 · 不参与实体赏罚,15055743,1506,A168_HF9F_20260827_0900,2026-08-27 09:00:00
2026-05-26,92755421,2177,0,1558.8003157065,0E-10,0E-10,0.5000000,4,4,0.49994810000000000,0.499948100000,0.00020760000111838688,0.00020760000111838688,0.00020760000111838688,0E-17,ELIGIBLE,R03b_20260811_FULL_v1,L1_ELIGIBILITY,v2026-08-11,2026-03-21..2026-08-06,baccarat_bet02_101_all_pairs_incl_sentinel,round_win = game_pnl > 0 (decisive only),COMPATIBILITY_ONLY_NOT_PRODUCTION,2500103.8841,2280641.3266,9883.8276,11764,10369,-0.00395337,-0.05088190,-0.00239824,-0.00395337,-9883.8276,2500103.8841,OK,0.0000,395.3531,4.0000,96.0000,AG03-UNRESOLVED,ALL5_LEVELS_bet23_to_bet27,395.3531,395.3531,395.3531,395.3531,395.3531,4.000000,4.000000,4.000000,4.000000,4.000000,96.000000,96.000000,96.000000,96.000000,96.000000,5.0,1976.7655,1824.8244,7907.0621,8059.0032,PENDING_AG03,FALSE,NOT_FOR_ENFORCEMENT,9488.4745,2189415.6736,9883.8276,9488.4745,395.3531,0.00395337,0.00379523,395.3531,9488.4745,0.00379523,395.3531,395.3531,395.3531,395.3531,395.3531,9488.4745,0.00379523,1976.7655,1824.8244,7907.0621,8059.0032,0.00316269,0.00322347,0.00015813,212.5216,219.9480,0.9532,119.0823,2.3972,30121.7335,124.9277,49.0469,238.9093,36.5364,75.9244,374.9013,749.8027,789.266,1183.8989,75.8035,-1.1839,10.395423,15.593133,2.799122,29,215,300,5,0.03207536,0.00395337,0.05088190,0E-8,0.000000,0.912219,0.000000,-0.04848366,2026-03-31,2026-08-01,83,4123,1621,124,0.669355,0.205295,0.230786,0.106918,,,,,,,,GLOBAL_BASELINE_NO_ENTITY_RANKING,,,NOT_APPLICABLE_GLOBAL_BASELINE,HF9g-P5,,,,X 全窗基线 · 不参与实体赏罚,15055744,1506,A168_HF9F_20260827_0900,2026-08-27 09:00:00
2026-05-26,92755421,2196,0,394.6329913181,-394.6329913181,-394.6329913181,0E-7,1,1,0.50665070000000000,0.506650700000,-1.013391052207602,-1.013391052207602,-1.013391052207602,0E-17,ELIGIBLE,R03b_20260811_FULL_v1,L1_ELIGIBILITY,v2026-08-11,2026-03-21..2026-08-06,baccarat_bet02_101_all_pairs_incl_sentinel,round_win = game_pnl > 0 (decisive only),COMPATIBILITY_ONLY_NOT_PRODUCTION,2500103.8841,2280641.3266,9883.8276,11764,10369,-0.00395337,-0.05088190,-0.00239824,-0.00395337,-9883.8276,2500103.8841,OK,0.0000,395.3531,4.0000,96.0000,AG03-UNRESOLVED,ALL5_LEVELS_bet23_to_bet27,395.3531,395.3531,395.3531,395.3531,395.3531,4.000000,4.000000,4.000000,4.000000,4.000000,96.000000,96.000000,96.000000,96.000000,96.000000,5.0,1976.7655,1824.8244,7907.0621,8059.0032,PENDING_AG03,FALSE,NOT_FOR_ENFORCEMENT,9488.4745,2189415.6736,9883.8276,9488.4745,395.3531,0.00395337,0.00379523,395.3531,9488.4745,0.00379523,395.3531,395.3531,395.3531,395.3531,395.3531,9488.4745,0.00379523,1976.7655,1824.8244,7907.0621,8059.0032,0.00316269,0.00322347,0.00015813,212.5216,219.9480,0.9532,119.0823,2.3972,30121.7335,124.9277,49.0469,238.9093,36.5364,75.9244,374.9013,749.8027,789.266,1183.8989,75.8035,-1.1839,10.395423,15.593133,2.799122,29,215,300,5,0.03207536,0.00395337,0.05088190,0E-8,0.000000,0.912219,0.000000,-0.04848366,2026-03-31,2026-08-01,83,4123,1621,124,0.669355,0.205295,0.230786,0.106918,,,,,,,,GLOBAL_BASELINE_NO_ENTITY_RANKING,,,NOT_APPLICABLE_GLOBAL_BASELINE,HF9g-P5,,,,X 全窗基线 · 不参与实体赏罚,15055745,1506,A168_HF9F_20260827_0900,2026-08-27 09:00:00
2026-05-26,92755421,2246,0,1578.5319652722,-1578.5319652722,-1578.5319652722,0E-7,2,2,0.49994810000000000,0.499948100000,-1.4140667746232096,-1.4140667746232096,-1.4140667746232096,0E-17,ELIGIBLE,R03b_20260811_FULL_v1,L1_ELIGIBILITY,v2026-08-11,2026-03-21..2026-08-06,baccarat_bet02_101_all_pairs_incl_sentinel,round_win = game_pnl > 0 (decisive only),COMPATIBILITY_ONLY_NOT_PRODUCTION,2500103.8841,2280641.3266,9883.8276,11764,10369,-0.00395337,-0.05088190,-0.00239824,-0.00395337,-9883.8276,2500103.8841,OK,0.0000,395.3531,4.0000,96.0000,AG03-UNRESOLVED,ALL5_LEVELS_bet23_to_bet27,395.3531,395.3531,395.3531,395.3531,395.3531,4.000000,4.000000,4.000000,4.000000,4.000000,96.000000,96.000000,96.000000,96.000000,96.000000,5.0,1976.7655,1824.8244,7907.0621,8059.0032,PENDING_AG03,FALSE,NOT_FOR_ENFORCEMENT,9488.4745,2189415.6736,9883.8276,9488.4745,395.3531,0.00395337,0.00379523,395.3531,9488.4745,0.00379523,395.3531,395.3531,395.3531,395.3531,395.3531,9488.4745,0.00379523,1976.7655,1824.8244,7907.0621,8059.0032,0.00316269,0.00322347,0.00015813,212.5216,219.9480,0.9532,119.0823,2.3972,30121.7335,124.9277,49.0469,238.9093,36.5364,75.9244,374.9013,749.8027,789.266,1183.8989,75.8035,-1.1839,10.395423,15.593133,2.799122,29,215,300,5,0.03207536,0.00395337,0.05088190,0E-8,0.000000,0.912219,0.000000,-0.04848366,2026-03-31,2026-08-01,83,4123,1621,124,0.669355,0.205295,0.230786,0.106918,,,,,,,,GLOBAL_BASELINE_NO_ENTITY_RANKING,,,NOT_APPLICABLE_GLOBAL_BASELINE,HF9g-P5,,,,X 全窗基线 · 不参与实体赏罚,15055746,1506,A168_HF9F_20260827_0900,2026-08-27 09:00:00
2026-05-26,92755421,2261,0,789.2659826361,-789.2659826361,-789.2659826361,0E-7,1,1,0.50665070000000000,0.506650700000,-1.013391052207602,-1.013391052207602,-1.013391052207602,0E-17,ELIGIBLE,R03b_20260811_FULL_v1,L1_ELIGIBILITY,v2026-08-11,2026-03-21..2026-08-06,baccarat_bet02_101_all_pairs_incl_sentinel,round_win = game_pnl > 0 (decisive only),COMPATIBILITY_ONLY_NOT_PRODUCTION,2500103.8841,2280641.3266,9883.8276,11764,10369,-0.00395337,-0.05088190,-0.00239824,-0.00395337,-9883.8276,2500103.8841,OK,0.0000,395.3531,4.0000,96.0000,AG03-UNRESOLVED,ALL5_LEVELS_bet23_to_bet27,395.3531,395.3531,395.3531,395.3531,395.3531,4.000000,4.000000,4.000000,4.000000,4.000000,96.000000,96.000000,96.000000,96.000000,96.000000,5.0,1976.7655,1824.8244,7907.0621,8059.0032,PENDING_AG03,FALSE,NOT_FOR_ENFORCEMENT,9488.4745,2189415.6736,9883.8276,9488.4745,395.3531,0.00395337,0.00379523,395.3531,9488.4745,0.00379523,395.3531,395.3531,395.3531,395.3531,395.3531,9488.4745,0.00379523,1976.7655,1824.8244,7907.0621,8059.0032,0.00316269,0.00322347,0.00015813,212.5216,219.9480,0.9532,119.0823,2.3972,30121.7335,124.9277,49.0469,238.9093,36.5364,75.9244,374.9013,749.8027,789.266,1183.8989,75.8035,-1.1839,10.395423,15.593133,2.799122,29,215,300,5,0.03207536,0.00395337,0.05088190,0E-8,0.000000,0.912219,0.000000,-0.04848366,2026-03-31,2026-08-01,83,4123,1621,124,0.669355,0.205295,0.230786,0.106918,,,,,,,,GLOBAL_BASELINE_NO_ENTITY_RANKING,,,NOT_APPLICABLE_GLOBAL_BASELINE,HF9g-P5,,,,X 全窗基线 · 不参与实体赏罚,15055747,1506,A168_HF9F_20260827_0900,2026-08-27 09:00:00
2026-05-26,92755421,2262,0,1777.8216258880,-1008.2872928177,-1008.2872928177,0.2000000,6,5,0.50303023306930222,0.456528600000,-1.3552172890468461,-1.1515915010536335,-1.3552172890468461,0.04650163306930222,ELIGIBLE,R03b_20260811_FULL_v1,L1_ELIGIBILITY,v2026-08-11,2026-03-21..2026-08-06,baccarat_bet02_101_all_pairs_incl_sentinel,round_win = game_pnl > 0 (decisive only),COMPATIBILITY_ONLY_NOT_PRODUCTION,2500103.8841,2280641.3266,9883.8276,11764,10369,-0.00395337,-0.05088190,-0.00239824,-0.00395337,-9883.8276,2500103.8841,OK,0.0000,395.3531,4.0000,96.0000,AG03-UNRESOLVED,ALL5_LEVELS_bet23_to_bet27,395.3531,395.3531,395.3531,395.3531,395.3531,4.000000,4.000000,4.000000,4.000000,4.000000,96.000000,96.000000,96.000000,96.000000,96.000000,5.0,1976.7655,1824.8244,7907.0621,8059.0032,PENDING_AG03,FALSE,NOT_FOR_ENFORCEMENT,9488.4745,2189415.6736,9883.8276,9488.4745,395.3531,0.00395337,0.00379523,395.3531,9488.4745,0.00379523,395.3531,395.3531,395.3531,395.3531,395.3531,9488.4745,0.00379523,1976.7655,1824.8244,7907.0621,8059.0032,0.00316269,0.00322347,0.00015813,212.5216,219.9480,0.9532,119.0823,2.3972,30121.7335,124.9277,49.0469,238.9093,36.5364,75.9244,374.9013,749.8027,789.266,1183.8989,75.8035,-1.1839,10.395423,15.593133,2.799122,29,215,300,5,0.03207536,0.00395337,0.05088190,0E-8,0.000000,0.912219,0.000000,-0.04848366,2026-03-31,2026-08-01,83,4123,1621,124,0.669355,0.205295,0.230786,0.106918,,,,,,,,GLOBAL_BASELINE_NO_ENTITY_RANKING,,,NOT_APPLICABLE_GLOBAL_BASELINE,HF9g-P5,,,,X 全窗基线 · 不参与实体赏罚,15055748,1506,A168_HF9F_20260827_0900,2026-08-27 09:00:00
2026-05-26,92755421,2266,0,789.2659826361,-789.2659826361,-789.2659826361,0E-7,1,1,0.50665070000000000,0.506650700000,-1.013391052207602,-1.013391052207602,-1.013391052207602,0E-17,ELIGIBLE,R03b_20260811_FULL_v1,L1_ELIGIBILITY,v2026-08-11,2026-03-21..2026-08-06,baccarat_bet02_101_all_pairs_incl_sentinel,round_win = game_pnl > 0 (decisive only),COMPATIBILITY_ONLY_NOT_PRODUCTION,2500103.8841,2280641.3266,9883.8276,11764,10369,-0.00395337,-0.05088190,-0.00239824,-0.00395337,-9883.8276,2500103.8841,OK,0.0000,395.3531,4.0000,96.0000,AG03-UNRESOLVED,ALL5_LEVELS_bet23_to_bet27,395.3531,395.3531,395.3531,395.3531,395.3531,4.000000,4.000000,4.000000,4.000000,4.000000,96.000000,96.000000,96.000000,96.000000,96.000000,5.0,1976.7655,1824.8244,7907.0621,8059.0032,PENDING_AG03,FALSE,NOT_FOR_ENFORCEMENT,9488.4745,2189415.6736,9883.8276,9488.4745,395.3531,0.00395337,0.00379523,395.3531,9488.4745,0.00379523,395.3531,395.3531,395.3531,395.3531,395.3531,9488.4745,0.00379523,1976.7655,1824.8244,7907.0621,8059.0032,0.00316269,0.00322347,0.00015813,212.5216,219.9480,0.9532,119.0823,2.3972,30121.7335,124.9277,49.0469,238.9093,36.5364,75.9244,374.9013,749.8027,789.266,1183.8989,75.8035,-1.1839,10.395423,15.593133,2.799122,29,215,300,5,0.03207536,0.00395337,0.05088190,0E-8,0.000000,0.912219,0.000000,-0.04848366,2026-03-31,2026-08-01,83,4123,1621,124,0.669355,0.205295,0.230786,0.106918,,,,,,,,GLOBAL_BASELINE_NO_ENTITY_RANKING,,,NOT_APPLICABLE_GLOBAL_BASELINE,HF9g-P5,,,,X 全窗基线 · 不参与实体赏罚,15055749,1506,A168_HF9F_20260827_0900,2026-08-27 09:00:00
2026-05-26,92755421,2271,0,789.2659826362,0E-10,0E-10,0.5000000,2,2,0.49994810000000000,0.499948100000,0.00014679536856514622,0.00014679536856514622,0.00014679536856514622,0E-17,ELIGIBLE,R03b_20260811_FULL_v1,L1_ELIGIBILITY,v2026-08-11,2026-03-21..2026-08-06,baccarat_bet02_101_all_pairs_incl_sentinel,round_win = game_pnl > 0 (decisive only),COMPATIBILITY_ONLY_NOT_PRODUCTION,2500103.8841,2280641.3266,9883.8276,11764,10369,-0.00395337,-0.05088190,-0.00239824,-0.00395337,-9883.8276,2500103.8841,OK,0.0000,395.3531,4.0000,96.0000,AG03-UNRESOLVED,ALL5_LEVELS_bet23_to_bet27,395.3531,395.3531,395.3531,395.3531,395.3531,4.000000,4.000000,4.000000,4.000000,4.000000,96.000000,96.000000,96.000000,96.000000,96.000000,5.0,1976.7655,1824.8244,7907.0621,8059.0032,PENDING_AG03,FALSE,NOT_FOR_ENFORCEMENT,9488.4745,2189415.6736,9883.8276,9488.4745,395.3531,0.00395337,0.00379523,395.3531,9488.4745,0.00379523,395.3531,395.3531,395.3531,395.3531,395.3531,9488.4745,0.00379523,1976.7655,1824.8244,7907.0621,8059.0032,0.00316269,0.00322347,0.00015813,212.5216,219.9480,0.9532,119.0823,2.3972,30121.7335,124.9277,49.0469,238.9093,36.5364,75.9244,374.9013,749.8027,789.266,1183.8989,75.8035,-1.1839,10.395423,15.593133,2.799122,29,215,300,5,0.03207536,0.00395337,0.05088190,0E-8,0.000000,0.912219,0.000000,-0.04848366,2026-03-31,2026-08-01,83,4123,1621,124,0.669355,0.205295,0.230786,0.106918,,,,,,,,GLOBAL_BASELINE_NO_ENTITY_RANKING,,,NOT_APPLICABLE_GLOBAL_BASELINE,HF9g-P5,,,,X 全窗基线 · 不参与实体赏罚,15055750,1506,A168_HF9F_20260827_0900,2026-08-27 09:00:00
2026-05-26,92755421,471,0,197.3164956590,0E-10,0E-10,,1,1,0.49324550000000000,0.493245500000,,,,0E-17,NO_DECISIVE_ROUND,R03b_20260811_FULL_v1,L1_ELIGIBILITY,v2026-08-11,2026-03-21..2026-08-06,baccarat_bet02_101_all_pairs_incl_sentinel,round_win = game_pnl > 0 (decisive only),COMPATIBILITY_ONLY_NOT_PRODUCTION,2500103.8841,2280641.3266,9883.8276,11764,10369,-0.00395337,-0.05088190,-0.00239824,-0.00395337,-9883.8276,2500103.8841,OK,0.0000,395.3531,4.0000,96.0000,AG03-UNRESOLVED,ALL5_LEVELS_bet23_to_bet27,395.3531,395.3531,395.3531,395.3531,395.3531,4.000000,4.000000,4.000000,4.000000,4.000000,96.000000,96.000000,96.000000,96.000000,96.000000,5.0,1976.7655,1824.8244,7907.0621,8059.0032,PENDING_AG03,FALSE,NOT_FOR_ENFORCEMENT,9488.4745,2189415.6736,9883.8276,9488.4745,395.3531,0.00395337,0.00379523,395.3531,9488.4745,0.00379523,395.3531,395.3531,395.3531,395.3531,395.3531,9488.4745,0.00379523,1976.7655,1824.8244,7907.0621,8059.0032,0.00316269,0.00322347,0.00015813,212.5216,219.9480,0.9532,119.0823,2.3972,30121.7335,124.9277,49.0469,238.9093,36.5364,75.9244,374.9013,749.8027,789.266,1183.8989,75.8035,-1.1839,10.395423,15.593133,2.799122,29,215,300,5,0.03207536,0.00395337,0.05088190,0E-8,0.000000,0.912219,0.000000,-0.04848366,2026-03-31,2026-08-01,83,4123,1621,124,0.669355,0.205295,0.230786,0.106918,,,,,,,,GLOBAL_BASELINE_NO_ENTITY_RANKING,,,NOT_APPLICABLE_GLOBAL_BASELINE,HF9g-P5,,,,X 全窗基线 · 不参与实体赏罚,15055751,1506,A168_HF9F_20260827_0900,2026-08-27 09:00:00
2026-05-26,92755421,925,0,1539.0686661404,0E-10,0E-10,0.5000000,2,2,0.49994810000000000,0.499948100000,0.00014679536856514622,0.00014679536856514622,0.00014679536856514622,0E-17,ELIGIBLE,R03b_20260811_FULL_v1,L1_ELIGIBILITY,v2026-08-11,2026-03-21..2026-08-06,baccarat_bet02_101_all_pairs_incl_sentinel,round_win = game_pnl > 0 (decisive only),COMPATIBILITY_ONLY_NOT_PRODUCTION,2500103.8841,2280641.3266,9883.8276,11764,10369,-0.00395337,-0.05088190,-0.00239824,-0.00395337,-9883.8276,2500103.8841,OK,0.0000,395.3531,4.0000,96.0000,AG03-UNRESOLVED,ALL5_LEVELS_bet23_to_bet27,395.3531,395.3531,395.3531,395.3531,395.3531,4.000000,4.000000,4.000000,4.000000,4.000000,96.000000,96.000000,96.000000,96.000000,96.000000,5.0,1976.7655,1824.8244,7907.0621,8059.0032,PENDING_AG03,FALSE,NOT_FOR_ENFORCEMENT,9488.4745,2189415.6736,9883.8276,9488.4745,395.3531,0.00395337,0.00379523,395.3531,9488.4745,0.00379523,395.3531,395.3531,395.3531,395.3531,395.3531,9488.4745,0.00379523,1976.7655,1824.8244,7907.0621,8059.0032,0.00316269,0.00322347,0.00015813,212.5216,219.9480,0.9532,119.0823,2.3972,30121.7335,124.9277,49.0469,238.9093,36.5364,75.9244,374.9013,749.8027,789.266,1183.8989,75.8035,-1.1839,10.395423,15.593133,2.799122,29,215,300,5,0.03207536,0.00395337,0.05088190,0E-8,0.000000,0.912219,0.000000,-0.04848366,2026-03-31,2026-08-01,83,4123,1621,124,0.669355,0.205295,0.230786,0.106918,,,,,,,,GLOBAL_BASELINE_NO_ENTITY_RANKING,,,NOT_APPLICABLE_GLOBAL_BASELINE,HF9g-P5,,,,X 全窗基线 · 不参与实体赏罚,15055752,1506,A168_HF9F_20260827_0900,2026-08-27 09:00:00
2026-05-29,92755421,-1,1,288.0820836622,-288.0820836622,-288.0820836622,0E-7,4,2,0.48421029295892760,0.259391500000,-1.3702369379424322,-0.8369480889323658,-1.3702369379424322,0.22481879295892760,SENTINEL_DEALER,R03b_20260811_FULL_v1,L1_ELIGIBILITY,v2026-08-11,2026-03-21..2026-08-06,baccarat_bet02_101_all_pairs_incl_sentinel,round_win = game_pnl > 0 (decisive only),COMPATIBILITY_ONLY_NOT_PRODUCTION,2500103.8841,2280641.3266,9883.8276,11764,10369,-0.00395337,-0.05088190,-0.00239824,-0.00395337,-9883.8276,2500103.8841,OK,0.0000,395.3531,4.0000,96.0000,AG03-UNRESOLVED,ALL5_LEVELS_bet23_to_bet27,395.3531,395.3531,395.3531,395.3531,395.3531,4.000000,4.000000,4.000000,4.000000,4.000000,96.000000,96.000000,96.000000,96.000000,96.000000,5.0,1976.7655,1824.8244,7907.0621,8059.0032,PENDING_AG03,FALSE,NOT_FOR_ENFORCEMENT,9488.4745,2189415.6736,9883.8276,9488.4745,395.3531,0.00395337,0.00379523,395.3531,9488.4745,0.00379523,395.3531,395.3531,395.3531,395.3531,395.3531,9488.4745,0.00379523,1976.7655,1824.8244,7907.0621,8059.0032,0.00316269,0.00322347,0.00015813,212.5216,219.9480,0.9532,119.0823,2.3972,30121.7335,124.9277,49.0469,238.9093,36.5364,75.9244,374.9013,749.8027,789.266,1183.8989,75.8035,-1.1839,10.395423,15.593133,2.799122,29,215,300,5,0.03207536,0.00395337,0.05088190,0E-8,0.000000,0.912219,0.000000,-0.04848366,2026-03-31,2026-08-01,83,4123,1621,124,0.669355,0.205295,0.230786,0.106918,,,,,,,,GLOBAL_BASELINE_NO_ENTITY_RANKING,,,NOT_APPLICABLE_GLOBAL_BASELINE,HF9g-P5,,,,X 全窗基线 · 不参与实体赏罚,15055753,1506,A168_HF9F_20260827_0900,2026-08-27 09:00:00
2026-05-29,92755421,1318,0,394.6329913181,-394.6329913181,-394.6329913181,0E-7,1,1,0.50665070000000000,0.506650700000,-1.013391052207602,-1.013391052207602,-1.013391052207602,0E-17,ELIGIBLE,R03b_20260811_FULL_v1,L1_ELIGIBILITY,v2026-08-11,2026-03-21..2026-08-06,baccarat_bet02_101_all_pairs_incl_sentinel,round_win = game_pnl > 0 (decisive only),COMPATIBILITY_ONLY_NOT_PRODUCTION,2500103.8841,2280641.3266,9883.8276,11764,10369,-0.00395337,-0.05088190,-0.00239824,-0.00395337,-9883.8276,2500103.8841,OK,0.0000,395.3531,4.0000,96.0000,AG03-UNRESOLVED,ALL5_LEVELS_bet23_to_bet27,395.3531,395.3531,395.3531,395.3531,395.3531,4.000000,4.000000,4.000000,4.000000,4.000000,96.000000,96.000000,96.000000,96.000000,96.000000,5.0,1976.7655,1824.8244,7907.0621,8059.0032,PENDING_AG03,FALSE,NOT_FOR_ENFORCEMENT,9488.4745,2189415.6736,9883.8276,9488.4745,395.3531,0.00395337,0.00379523,395.3531,9488.4745,0.00379523,395.3531,395.3531,395.3531,395.3531,395.3531,9488.4745,0.00379523,1976.7655,1824.8244,7907.0621,8059.0032,0.00316269,0.00322347,0.00015813,212.5216,219.9480,0.9532,119.0823,2.3972,30121.7335,124.9277,49.0469,238.9093,36.5364,75.9244,374.9013,749.8027,789.266,1183.8989,75.8035,-1.1839,10.395423,15.593133,2.799122,29,215,300,5,0.03207536,0.00395337,0.05088190,0E-8,0.000000,0.912219,0.000000,-0.04848366,2026-03-31,2026-08-01,83,4123,1621,124,0.669355,0.205295,0.230786,0.106918,,,,,,,,GLOBAL_BASELINE_NO_ENTITY_RANKING,,,NOT_APPLICABLE_GLOBAL_BASELINE,HF9g-P5,,,,X 全窗基线 · 不参与实体赏罚,15055754,1506,A168_HF9F_20260827_0900,2026-08-27 09:00:00
2026-05-29,92755421,1702,0,769.5343330703,0E-10,0E-10,0.5000000,2,2,0.49994810000000000,0.499948100000,0.00014679536856514622,0.00014679536856514622,0.00014679536856514622,0E-17,ELIGIBLE,R03b_20260811_FULL_v1,L1_ELIGIBILITY,v2026-08-11,2026-03-21..2026-08-06,baccarat_bet02_101_all_pairs_incl_sentinel,round_win = game_pnl > 0 (decisive only),COMPATIBILITY_ONLY_NOT_PRODUCTION,2500103.8841,2280641.3266,9883.8276,11764,10369,-0.00395337,-0.05088190,-0.00239824,-0.00395337,-9883.8276,2500103.8841,OK,0.0000,395.3531,4.0000,96.0000,AG03-UNRESOLVED,ALL5_LEVELS_bet23_to_bet27,395.3531,395.3531,395.3531,395.3531,395.3531,4.000000,4.000000,4.000000,4.000000,4.000000,96.000000,96.000000,96.000000,96.000000,96.000000,5.0,1976.7655,1824.8244,7907.0621,8059.0032,PENDING_AG03,FALSE,NOT_FOR_ENFORCEMENT,9488.4745,2189415.6736,9883.8276,9488.4745,395.3531,0.00395337,0.00379523,395.3531,9488.4745,0.00379523,395.3531,395.3531,395.3531,395.3531,395.3531,9488.4745,0.00379523,1976.7655,1824.8244,7907.0621,8059.0032,0.00316269,0.00322347,0.00015813,212.5216,219.9480,0.9532,119.0823,2.3972,30121.7335,124.9277,49.0469,238.9093,36.5364,75.9244,374.9013,749.8027,789.266,1183.8989,75.8035,-1.1839,10.395423,15.593133,2.799122,29,215,300,5,0.03207536,0.00395337,0.05088190,0E-8,0.000000,0.912219,0.000000,-0.04848366,2026-03-31,2026-08-01,83,4123,1621,124,0.669355,0.205295,0.230786,0.106918,,,,,,,,GLOBAL_BASELINE_NO_ENTITY_RANKING,,,NOT_APPLICABLE_GLOBAL_BASELINE,HF9g-P5,,,,X 全窗基线 · 不参与实体赏罚,15055755,1506,A168_HF9F_20260827_0900,2026-08-27 09:00:00
2026-05-29,92755421,1957,0,789.2659826362,-394.6329913181,-394.6329913181,0E-7,2,2,0.49324550000000000,0.493245500000,-0.9865810262130424,-0.9865810262130424,-0.9865810262130424,0E-17,ELIGIBLE,R03b_20260811_FULL_v1,L1_ELIGIBILITY,v2026-08-11,2026-03-21..2026-08-06,baccarat_bet02_101_all_pairs_incl_sentinel,round_win = game_pnl > 0 (decisive only),COMPATIBILITY_ONLY_NOT_PRODUCTION,2500103.8841,2280641.3266,9883.8276,11764,10369,-0.00395337,-0.05088190,-0.00239824,-0.00395337,-9883.8276,2500103.8841,OK,0.0000,395.3531,4.0000,96.0000,AG03-UNRESOLVED,ALL5_LEVELS_bet23_to_bet27,395.3531,395.3531,395.3531,395.3531,395.3531,4.000000,4.000000,4.000000,4.000000,4.000000,96.000000,96.000000,96.000000,96.000000,96.000000,5.0,1976.7655,1824.8244,7907.0621,8059.0032,PENDING_AG03,FALSE,NOT_FOR_ENFORCEMENT,9488.4745,2189415.6736,9883.8276,9488.4745,395.3531,0.00395337,0.00379523,395.3531,9488.4745,0.00379523,395.3531,395.3531,395.3531,395.3531,395.3531,9488.4745,0.00379523,1976.7655,1824.8244,7907.0621,8059.0032,0.00316269,0.00322347,0.00015813,212.5216,219.9480,0.9532,119.0823,2.3972,30121.7335,124.9277,49.0469,238.9093,36.5364,75.9244,374.9013,749.8027,789.266,1183.8989,75.8035,-1.1839,10.395423,15.593133,2.799122,29,215,300,5,0.03207536,0.00395337,0.05088190,0E-8,0.000000,0.912219,0.000000,-0.04848366,2026-03-31,2026-08-01,83,4123,1621,124,0.669355,0.205295,0.230786,0.106918,,,,,,,,GLOBAL_BASELINE_NO_ENTITY_RANKING,,,NOT_APPLICABLE_GLOBAL_BASELINE,HF9g-P5,,,,X 全窗基线 · 不参与实体赏罚,15055756,1506,A168_HF9F_20260827_0900,2026-08-27 09:00:00
2026-05-29,92755421,2106,0,394.6329913181,-394.6329913181,-394.6329913181,0E-7,1,1,0.50665070000000000,0.506650700000,-1.013391052207602,-1.013391052207602,-1.013391052207602,0E-17,ELIGIBLE,R03b_20260811_FULL_v1,L1_ELIGIBILITY,v2026-08-11,2026-03-21..2026-08-06,baccarat_bet02_101_all_pairs_incl_sentinel,round_win = game_pnl > 0 (decisive only),COMPATIBILITY_ONLY_NOT_PRODUCTION,2500103.8841,2280641.3266,9883.8276,11764,10369,-0.00395337,-0.05088190,-0.00239824,-0.00395337,-9883.8276,2500103.8841,OK,0.0000,395.3531,4.0000,96.0000,AG03-UNRESOLVED,ALL5_LEVELS_bet23_to_bet27,395.3531,395.3531,395.3531,395.3531,395.3531,4.000000,4.000000,4.000000,4.000000,4.000000,96.000000,96.000000,96.000000,96.000000,96.000000,5.0,1976.7655,1824.8244,7907.0621,8059.0032,PENDING_AG03,FALSE,NOT_FOR_ENFORCEMENT,9488.4745,2189415.6736,9883.8276,9488.4745,395.3531,0.00395337,0.00379523,395.3531,9488.4745,0.00379523,395.3531,395.3531,395.3531,395.3531,395.3531,9488.4745,0.00379523,1976.7655,1824.8244,7907.0621,8059.0032,0.00316269,0.00322347,0.00015813,212.5216,219.9480,0.9532,119.0823,2.3972,30121.7335,124.9277,49.0469,238.9093,36.5364,75.9244,374.9013,749.8027,789.266,1183.8989,75.8035,-1.1839,10.395423,15.593133,2.799122,29,215,300,5,0.03207536,0.00395337,0.05088190,0E-8,0.000000,0.912219,0.000000,-0.04848366,2026-03-31,2026-08-01,83,4123,1621,124,0.669355,0.205295,0.230786,0.106918,,,,,,,,GLOBAL_BASELINE_NO_ENTITY_RANKING,,,NOT_APPLICABLE_GLOBAL_BASELINE,HF9g-P5,,,,X 全窗基线 · 不参与实体赏罚,15055757,1506,A168_HF9F_20260827_0900,2026-08-27 09:00:00
2026-05-29,92755421,2169,0,394.6329913181,-394.6329913181,-394.6329913181,0E-7,1,1,0.50665070000000000,0.506650700000,-1.013391052207602,-1.013391052207602,-1.013391052207602,0E-17,ELIGIBLE,R03b_20260811_FULL_v1,L1_ELIGIBILITY,v2026-08-11,2026-03-21..2026-08-06,baccarat_bet02_101_all_pairs_incl_sentinel,round_win = game_pnl > 0 (decisive only),COMPATIBILITY_ONLY_NOT_PRODUCTION,2500103.8841,2280641.3266,9883.8276,11764,10369,-0.00395337,-0.05088190,-0.00239824,-0.00395337,-9883.8276,2500103.8841,OK,0.0000,395.3531,4.0000,96.0000,AG03-UNRESOLVED,ALL5_LEVELS_bet23_to_bet27,395.3531,395.3531,395.3531,395.3531,395.3531,4.000000,4.000000,4.000000,4.000000,4.000000,96.000000,96.000000,96.000000,96.000000,96.000000,5.0,1976.7655,1824.8244,7907.0621,8059.0032,PENDING_AG03,FALSE,NOT_FOR_ENFORCEMENT,9488.4745,2189415.6736,9883.8276,9488.4745,395.3531,0.00395337,0.00379523,395.3531,9488.4745,0.00379523,395.3531,395.3531,395.3531,395.3531,395.3531,9488.4745,0.00379523,1976.7655,1824.8244,7907.0621,8059.0032,0.00316269,0.00322347,0.00015813,212.5216,219.9480,0.9532,119.0823,2.3972,30121.7335,124.9277,49.0469,238.9093,36.5364,75.9244,374.9013,749.8027,789.266,1183.8989,75.8035,-1.1839,10.395423,15.593133,2.799122,29,215,300,5,0.03207536,0.00395337,0.05088190,0E-8,0.000000,0.912219,0.000000,-0.04848366,2026-03-31,2026-08-01,83,4123,1621,124,0.669355,0.205295,0.230786,0.106918,,,,,,,,GLOBAL_BASELINE_NO_ENTITY_RANKING,,,NOT_APPLICABLE_GLOBAL_BASELINE,HF9g-P5,,,,X 全窗基线 · 不参与实体赏罚,15055758,1506,A168_HF9F_20260827_0900,2026-08-27 09:00:00
2026-05-29,92755421,2212,0,118.3898973954,-118.3898973954,-118.3898973954,0E-7,1,1,0.49324550000000000,0.493245500000,-0.9865810262130424,-0.9865810262130424,-0.9865810262130424,0E-17,ELIGIBLE,R03b_20260811_FULL_v1,L1_ELIGIBILITY,v2026-08-11,2026-03-21..2026-08-06,baccarat_bet02_101_all_pairs_incl_sentinel,round_win = game_pnl > 0 (decisive only),COMPATIBILITY_ONLY_NOT_PRODUCTION,2500103.8841,2280641.3266,9883.8276,11764,10369,-0.00395337,-0.05088190,-0.00239824,-0.00395337,-9883.8276,2500103.8841,OK,0.0000,395.3531,4.0000,96.0000,AG03-UNRESOLVED,ALL5_LEVELS_bet23_to_bet27,395.3531,395.3531,395.3531,395.3531,395.3531,4.000000,4.000000,4.000000,4.000000,4.000000,96.000000,96.000000,96.000000,96.000000,96.000000,5.0,1976.7655,1824.8244,7907.0621,8059.0032,PENDING_AG03,FALSE,NOT_FOR_ENFORCEMENT,9488.4745,2189415.6736,9883.8276,9488.4745,395.3531,0.00395337,0.00379523,395.3531,9488.4745,0.00379523,395.3531,395.3531,395.3531,395.3531,395.3531,9488.4745,0.00379523,1976.7655,1824.8244,7907.0621,8059.0032,0.00316269,0.00322347,0.00015813,212.5216,219.9480,0.9532,119.0823,2.3972,30121.7335,124.9277,49.0469,238.9093,36.5364,75.9244,374.9013,749.8027,789.266,1183.8989,75.8035,-1.1839,10.395423,15.593133,2.799122,29,215,300,5,0.03207536,0.00395337,0.05088190,0E-8,0.000000,0.912219,0.000000,-0.04848366,2026-03-31,2026-08-01,83,4123,1621,124,0.669355,0.205295,0.230786,0.106918,,,,,,,,GLOBAL_BASELINE_NO_ENTITY_RANKING,,,NOT_APPLICABLE_GLOBAL_BASELINE,HF9g-P5,,,,X 全窗基线 · 不参与实体赏罚,15055759,1506,A168_HF9F_20260827_0900,2026-08-27 09:00:00
2026-05-30,92755421,-1,1,23802.2888713508,-192.3835832672,-192.3835832672,0.4754098,70,67,0.50066438149316747,0.490327355224,-0.3944889587392579,-0.23306271314728064,-0.3944889587392579,0.01033702626916747,SENTINEL_DEALER,R03b_20260811_FULL_v1,L1_ELIGIBILITY,v2026-08-11,2026-03-21..2026-08-06,baccarat_bet02_101_all_pairs_incl_sentinel,round_win = game_pnl > 0 (decisive only),COMPATIBILITY_ONLY_NOT_PRODUCTION,2500103.8841,2280641.3266,9883.8276,11764,10369,-0.00395337,-0.05088190,-0.00239824,-0.00395337,-9883.8276,2500103.8841,OK,0.0000,395.3531,4.0000,96.0000,AG03-UNRESOLVED,ALL5_LEVELS_bet23_to_bet27,395.3531,395.3531,395.3531,395.3531,395.3531,4.000000,4.000000,4.000000,4.000000,4.000000,96.000000,96.000000,96.000000,96.000000,96.000000,5.0,1976.7655,1824.8244,7907.0621,8059.0032,PENDING_AG03,FALSE,NOT_FOR_ENFORCEMENT,9488.4745,2189415.6736,9883.8276,9488.4745,395.3531,0.00395337,0.00379523,395.3531,9488.4745,0.00379523,395.3531,395.3531,395.3531,395.3531,395.3531,9488.4745,0.00379523,1976.7655,1824.8244,7907.0621,8059.0032,0.00316269,0.00322347,0.00015813,212.5216,219.9480,0.9532,119.0823,2.3972,30121.7335,124.9277,49.0469,238.9093,36.5364,75.9244,374.9013,749.8027,789.266,1183.8989,75.8035,-1.1839,10.395423,15.593133,2.799122,29,215,300,5,0.03207536,0.00395337,0.05088190,0E-8,0.000000,0.912219,0.000000,-0.04848366,2026-03-31,2026-08-01,83,4123,1621,124,0.669355,0.205295,0.230786,0.106918,,,,,,,,GLOBAL_BASELINE_NO_ENTITY_RANKING,,,NOT_APPLICABLE_GLOBAL_BASELINE,HF9g-P5,,,,X 全窗基线 · 不参与实体赏罚,15055760,1506,A168_HF9F_20260827_0900,2026-08-27 09:00:00
2026-05-30,92755421,1109,0,1558.8003157065,-769.5343330703,-769.5343330703,0.2500000,4,4,0.50329940000000000,0.503299400000,-1.013219660140378,-1.013219660140378,-1.013219660140378,0E-17,ELIGIBLE,R03b_20260811_FULL_v1,L1_ELIGIBILITY,v2026-08-11,2026-03-21..2026-08-06,baccarat_bet02_101_all_pairs_incl_sentinel,round_win = game_pnl > 0 (decisive only),COMPATIBILITY_ONLY_NOT_PRODUCTION,2500103.8841,2280641.3266,9883.8276,11764,10369,-0.00395337,-0.05088190,-0.00239824,-0.00395337,-9883.8276,2500103.8841,OK,0.0000,395.3531,4.0000,96.0000,AG03-UNRESOLVED,ALL5_LEVELS_bet23_to_bet27,395.3531,395.3531,395.3531,395.3531,395.3531,4.000000,4.000000,4.000000,4.000000,4.000000,96.000000,96.000000,96.000000,96.000000,96.000000,5.0,1976.7655,1824.8244,7907.0621,8059.0032,PENDING_AG03,FALSE,NOT_FOR_ENFORCEMENT,9488.4745,2189415.6736,9883.8276,9488.4745,395.3531,0.00395337,0.00379523,395.3531,9488.4745,0.00379523,395.3531,395.3531,395.3531,395.3531,395.3531,9488.4745,0.00379523,1976.7655,1824.8244,7907.0621,8059.0032,0.00316269,0.00322347,0.00015813,212.5216,219.9480,0.9532,119.0823,2.3972,30121.7335,124.9277,49.0469,238.9093,36.5364,75.9244,374.9013,749.8027,789.266,1183.8989,75.8035,-1.1839,10.395423,15.593133,2.799122,29,215,300,5,0.03207536,0.00395337,0.05088190,0E-8,0.000000,0.912219,0.000000,-0.04848366,2026-03-31,2026-08-01,83,4123,1621,124,0.669355,0.205295,0.230786,0.106918,,,,,,,,GLOBAL_BASELINE_NO_ENTITY_RANKING,,,NOT_APPLICABLE_GLOBAL_BASELINE,HF9g-P5,,,,X 全窗基线 · 不参与实体赏罚,15055761,1506,A168_HF9F_20260827_0900,2026-08-27 09:00:00
2026-05-30,92755421,1115,0,1558.8003157065,374.9013417522,374.9013417522,0.6666667,4,4,0.50329940000000000,0.503299400000,0.5659331339966515,0.5659331339966515,0.5659331339966515,0E-17,ELIGIBLE,R03b_20260811_FULL_v1,L1_ELIGIBILITY,v2026-08-11,2026-03-21..2026-08-06,baccarat_bet02_101_all_pairs_incl_sentinel,round_win = game_pnl > 0 (decisive only),COMPATIBILITY_ONLY_NOT_PRODUCTION,2500103.8841,2280641.3266,9883.8276,11764,10369,-0.00395337,-0.05088190,-0.00239824,-0.00395337,-9883.8276,2500103.8841,OK,0.0000,395.3531,4.0000,96.0000,AG03-UNRESOLVED,ALL5_LEVELS_bet23_to_bet27,395.3531,395.3531,395.3531,395.3531,395.3531,4.000000,4.000000,4.000000,4.000000,4.000000,96.000000,96.000000,96.000000,96.000000,96.000000,5.0,1976.7655,1824.8244,7907.0621,8059.0032,PENDING_AG03,FALSE,NOT_FOR_ENFORCEMENT,9488.4745,2189415.6736,9883.8276,9488.4745,395.3531,0.00395337,0.00379523,395.3531,9488.4745,0.00379523,395.3531,395.3531,395.3531,395.3531,395.3531,9488.4745,0.00379523,1976.7655,1824.8244,7907.0621,8059.0032,0.00316269,0.00322347,0.00015813,212.5216,219.9480,0.9532,119.0823,2.3972,30121.7335,124.9277,49.0469,238.9093,36.5364,75.9244,374.9013,749.8027,789.266,1183.8989,75.8035,-1.1839,10.395423,15.593133,2.799122,29,215,300,5,0.03207536,0.00395337,0.05088190,0E-8,0.000000,0.912219,0.000000,-0.04848366,2026-03-31,2026-08-01,83,4123,1621,124,0.669355,0.205295,0.230786,0.106918,,,,,,,,GLOBAL_BASELINE_NO_ENTITY_RANKING,,,NOT_APPLICABLE_GLOBAL_BASELINE,HF9g-P5,,,,X 全窗基线 · 不参与实体赏罚,15055762,1506,A168_HF9F_20260827_0900,2026-08-27 09:00:00
2026-05-30,92755421,1150,0,1183.8989739542,-1183.8989739542,-1183.8989739542,0E-7,2,2,0.50665070000000000,0.506650700000,-1.4331513700195317,-1.4331513700195317,-1.4331513700195317,0E-17,ELIGIBLE,R03b_20260811_FULL_v1,L1_ELIGIBILITY,v2026-08-11,2026-03-21..2026-08-06,baccarat_bet02_101_all_pairs_incl_sentinel,round_win = game_pnl > 0 (decisive only),COMPATIBILITY_ONLY_NOT_PRODUCTION,2500103.8841,2280641.3266,9883.8276,11764,10369,-0.00395337,-0.05088190,-0.00239824,-0.00395337,-9883.8276,2500103.8841,OK,0.0000,395.3531,4.0000,96.0000,AG03-UNRESOLVED,ALL5_LEVELS_bet23_to_bet27,395.3531,395.3531,395.3531,395.3531,395.3531,4.000000,4.000000,4.000000,4.000000,4.000000,96.000000,96.000000,96.000000,96.000000,96.000000,5.0,1976.7655,1824.8244,7907.0621,8059.0032,PENDING_AG03,FALSE,NOT_FOR_ENFORCEMENT,9488.4745,2189415.6736,9883.8276,9488.4745,395.3531,0.00395337,0.00379523,395.3531,9488.4745,0.00379523,395.3531,395.3531,395.3531,395.3531,395.3531,9488.4745,0.00379523,1976.7655,1824.8244,7907.0621,8059.0032,0.00316269,0.00322347,0.00015813,212.5216,219.9480,0.9532,119.0823,2.3972,30121.7335,124.9277,49.0469,238.9093,36.5364,75.9244,374.9013,749.8027,789.266,1183.8989,75.8035,-1.1839,10.395423,15.593133,2.799122,29,215,300,5,0.03207536,0.00395337,0.05088190,0E-8,0.000000,0.912219,0.000000,-0.04848366,2026-03-31,2026-08-01,83,4123,1621,124,0.669355,0.205295,0.230786,0.106918,,,,,,,,GLOBAL_BASELINE_NO_ENTITY_RANKING,,,NOT_APPLICABLE_GLOBAL_BASELINE,HF9g-P5,,,,X 全窗基线 · 不参与实体赏罚,15055763,1506,A168_HF9F_20260827_0900,2026-08-27 09:00:00
2026-05-30,92755421,1151,0,3097.8689818471,1105.9589581690,1105.9589581690,0.7142857,8,8,0.49994810000000000,0.499948100000,1.134168054123783,1.134168054123783,1.134168054123783,0E-17,ELIGIBLE,R03b_20260811_FULL_v1,L1_ELIGIBILITY,v2026-08-11,2026-03-21..2026-08-06,baccarat_bet02_101_all_pairs_incl_sentinel,round_win = game_pnl > 0 (decisive only),COMPATIBILITY_ONLY_NOT_PRODUCTION,2500103.8841,2280641.3266,9883.8276,11764,10369,-0.00395337,-0.05088190,-0.00239824,-0.00395337,-9883.8276,2500103.8841,OK,0.0000,395.3531,4.0000,96.0000,AG03-UNRESOLVED,ALL5_LEVELS_bet23_to_bet27,395.3531,395.3531,395.3531,395.3531,395.3531,4.000000,4.000000,4.000000,4.000000,4.000000,96.000000,96.000000,96.000000,96.000000,96.000000,5.0,1976.7655,1824.8244,7907.0621,8059.0032,PENDING_AG03,FALSE,NOT_FOR_ENFORCEMENT,9488.4745,2189415.6736,9883.8276,9488.4745,395.3531,0.00395337,0.00379523,395.3531,9488.4745,0.00379523,395.3531,395.3531,395.3531,395.3531,395.3531,9488.4745,0.00379523,1976.7655,1824.8244,7907.0621,8059.0032,0.00316269,0.00322347,0.00015813,212.5216,219.9480,0.9532,119.0823,2.3972,30121.7335,124.9277,49.0469,238.9093,36.5364,75.9244,374.9013,749.8027,789.266,1183.8989,75.8035,-1.1839,10.395423,15.593133,2.799122,29,215,300,5,0.03207536,0.00395337,0.05088190,0E-8,0.000000,0.912219,0.000000,-0.04848366,2026-03-31,2026-08-01,83,4123,1621,124,0.669355,0.205295,0.230786,0.106918,,,,,,,,GLOBAL_BASELINE_NO_ENTITY_RANKING,,,NOT_APPLICABLE_GLOBAL_BASELINE,HF9g-P5,,,,X 全窗基线 · 不参与实体赏罚,15055764,1506,A168_HF9F_20260827_0900,2026-08-27 09:00:00
2026-05-30,92755421,1205,0,1558.8003157065,0E-10,0E-10,0.5000000,4,4,0.50329940000000000,0.503299400000,-0.01319788734859681,-0.01319788734859681,-0.01319788734859681,0E-17,ELIGIBLE,R03b_20260811_FULL_v1,L1_ELIGIBILITY,v2026-08-11,2026-03-21..2026-08-06,baccarat_bet02_101_all_pairs_incl_sentinel,round_win = game_pnl > 0 (decisive only),COMPATIBILITY_ONLY_NOT_PRODUCTION,2500103.8841,2280641.3266,9883.8276,11764,10369,-0.00395337,-0.05088190,-0.00239824,-0.00395337,-9883.8276,2500103.8841,OK,0.0000,395.3531,4.0000,96.0000,AG03-UNRESOLVED,ALL5_LEVELS_bet23_to_bet27,395.3531,395.3531,395.3531,395.3531,395.3531,4.000000,4.000000,4.000000,4.000000,4.000000,96.000000,96.000000,96.000000,96.000000,96.000000,5.0,1976.7655,1824.8244,7907.0621,8059.0032,PENDING_AG03,FALSE,NOT_FOR_ENFORCEMENT,9488.4745,2189415.6736,9883.8276,9488.4745,395.3531,0.00395337,0.00379523,395.3531,9488.4745,0.00379523,395.3531,395.3531,395.3531,395.3531,395.3531,9488.4745,0.00379523,1976.7655,1824.8244,7907.0621,8059.0032,0.00316269,0.00322347,0.00015813,212.5216,219.9480,0.9532,119.0823,2.3972,30121.7335,124.9277,49.0469,238.9093,36.5364,75.9244,374.9013,749.8027,789.266,1183.8989,75.8035,-1.1839,10.395423,15.593133,2.799122,29,215,300,5,0.03207536,0.00395337,0.05088190,0E-8,0.000000,0.912219,0.000000,-0.04848366,2026-03-31,2026-08-01,83,4123,1621,124,0.669355,0.205295,0.230786,0.106918,,,,,,,,GLOBAL_BASELINE_NO_ENTITY_RANKING,,,NOT_APPLICABLE_GLOBAL_BASELINE,HF9g-P5,,,,X 全窗基线 · 不参与实体赏罚,15055765,1506,A168_HF9F_20260827_0900,2026-08-27 09:00:00
2026-05-30,92755421,1221,0,789.2659826362,769.5343330703,769.5343330703,1.0000000,2,2,0.49994810000000000,0.499948100000,1.4143603653603398,1.4143603653603398,1.4143603653603398,0E-17,ELIGIBLE,R03b_20260811_FULL_v1,L1_ELIGIBILITY,v2026-08-11,2026-03-21..2026-08-06,baccarat_bet02_101_all_pairs_incl_sentinel,round_win = game_pnl > 0 (decisive only),COMPATIBILITY_ONLY_NOT_PRODUCTION,2500103.8841,2280641.3266,9883.8276,11764,10369,-0.00395337,-0.05088190,-0.00239824,-0.00395337,-9883.8276,2500103.8841,OK,0.0000,395.3531,4.0000,96.0000,AG03-UNRESOLVED,ALL5_LEVELS_bet23_to_bet27,395.3531,395.3531,395.3531,395.3531,395.3531,4.000000,4.000000,4.000000,4.000000,4.000000,96.000000,96.000000,96.000000,96.000000,96.000000,5.0,1976.7655,1824.8244,7907.0621,8059.0032,PENDING_AG03,FALSE,NOT_FOR_ENFORCEMENT,9488.4745,2189415.6736,9883.8276,9488.4745,395.3531,0.00395337,0.00379523,395.3531,9488.4745,0.00379523,395.3531,395.3531,395.3531,395.3531,395.3531,9488.4745,0.00379523,1976.7655,1824.8244,7907.0621,8059.0032,0.00316269,0.00322347,0.00015813,212.5216,219.9480,0.9532,119.0823,2.3972,30121.7335,124.9277,49.0469,238.9093,36.5364,75.9244,374.9013,749.8027,789.266,1183.8989,75.8035,-1.1839,10.395423,15.593133,2.799122,29,215,300,5,0.03207536,0.00395337,0.05088190,0E-8,0.000000,0.912219,0.000000,-0.04848366,2026-03-31,2026-08-01,83,4123,1621,124,0.669355,0.205295,0.230786,0.106918,,,,,,,,GLOBAL_BASELINE_NO_ENTITY_RANKING,,,NOT_APPLICABLE_GLOBAL_BASELINE,HF9g-P5,,,,X 全窗基线 · 不参与实体赏罚,15055766,1506,A168_HF9F_20260827_0900,2026-08-27 09:00:00
2026-05-30,92755421,1302,0,1613.2596685083,99.4475138122,99.4475138122,0.4000000,8,6,0.49165718746360436,0.416411266667,-0.40996047612810277,-0.07444103784434217,-0.40996047612810277,0.07524592079660436,ELIGIBLE,R03b_20260811_FULL_v1,L1_ELIGIBILITY,v2026-08-11,2026-03-21..2026-08-06,baccarat_bet02_101_all_pairs_incl_sentinel,round_win = game_pnl > 0 (decisive only),COMPATIBILITY_ONLY_NOT_PRODUCTION,2500103.8841,2280641.3266,9883.8276,11764,10369,-0.00395337,-0.05088190,-0.00239824,-0.00395337,-9883.8276,2500103.8841,OK,0.0000,395.3531,4.0000,96.0000,AG03-UNRESOLVED,ALL5_LEVELS_bet23_to_bet27,395.3531,395.3531,395.3531,395.3531,395.3531,4.000000,4.000000,4.000000,4.000000,4.000000,96.000000,96.000000,96.000000,96.000000,96.000000,5.0,1976.7655,1824.8244,7907.0621,8059.0032,PENDING_AG03,FALSE,NOT_FOR_ENFORCEMENT,9488.4745,2189415.6736,9883.8276,9488.4745,395.3531,0.00395337,0.00379523,395.3531,9488.4745,0.00379523,395.3531,395.3531,395.3531,395.3531,395.3531,9488.4745,0.00379523,1976.7655,1824.8244,7907.0621,8059.0032,0.00316269,0.00322347,0.00015813,212.5216,219.9480,0.9532,119.0823,2.3972,30121.7335,124.9277,49.0469,238.9093,36.5364,75.9244,374.9013,749.8027,789.266,1183.8989,75.8035,-1.1839,10.395423,15.593133,2.799122,29,215,300,5,0.03207536,0.00395337,0.05088190,0E-8,0.000000,0.912219,0.000000,-0.04848366,2026-03-31,2026-08-01,83,4123,1621,124,0.669355,0.205295,0.230786,0.106918,,,,,,,,GLOBAL_BASELINE_NO_ENTITY_RANKING,,,NOT_APPLICABLE_GLOBAL_BASELINE,HF9g-P5,,,,X 全窗基线 · 不参与实体赏罚,15055767,1506,A168_HF9F_20260827_0900,2026-08-27 09:00:00
2026-05-30,92755421,1307,0,1578.5319652724,789.2659826362,789.2659826362,0.7500000,4,4,0.49659680000000000,0.496596800000,1.0136362796769356,1.0136362796769358,1.0136362796769356,0E-17,ELIGIBLE,R03b_20260811_FULL_v1,L1_ELIGIBILITY,v2026-08-11,2026-03-21..2026-08-06,baccarat_bet02_101_all_pairs_incl_sentinel,round_win = game_pnl > 0 (decisive only),COMPATIBILITY_ONLY_NOT_PRODUCTION,2500103.8841,2280641.3266,9883.8276,11764,10369,-0.00395337,-0.05088190,-0.00239824,-0.00395337,-9883.8276,2500103.8841,OK,0.0000,395.3531,4.0000,96.0000,AG03-UNRESOLVED,ALL5_LEVELS_bet23_to_bet27,395.3531,395.3531,395.3531,395.3531,395.3531,4.000000,4.000000,4.000000,4.000000,4.000000,96.000000,96.000000,96.000000,96.000000,96.000000,5.0,1976.7655,1824.8244,7907.0621,8059.0032,PENDING_AG03,FALSE,NOT_FOR_ENFORCEMENT,9488.4745,2189415.6736,9883.8276,9488.4745,395.3531,0.00395337,0.00379523,395.3531,9488.4745,0.00379523,395.3531,395.3531,395.3531,395.3531,395.3531,9488.4745,0.00379523,1976.7655,1824.8244,7907.0621,8059.0032,0.00316269,0.00322347,0.00015813,212.5216,219.9480,0.9532,119.0823,2.3972,30121.7335,124.9277,49.0469,238.9093,36.5364,75.9244,374.9013,749.8027,789.266,1183.8989,75.8035,-1.1839,10.395423,15.593133,2.799122,29,215,300,5,0.03207536,0.00395337,0.05088190,0E-8,0.000000,0.912219,0.000000,-0.04848366,2026-03-31,2026-08-01,83,4123,1621,124,0.669355,0.205295,0.230786,0.106918,,,,,,,,GLOBAL_BASELINE_NO_ENTITY_RANKING,,,NOT_APPLICABLE_GLOBAL_BASELINE,HF9g-P5,,,,X 全窗基线 · 不参与实体赏罚,15055768,1506,A168_HF9F_20260827_0900,2026-08-27 09:00:00
2026-05-30,92755421,1330,0,1558.8003157065,0E-10,0E-10,0.5000000,4,4,0.49994810000000000,0.499948100000,0.00020760000111838688,0.00020760000111838688,0.00020760000111838688,0E-17,ELIGIBLE,R03b_20260811_FULL_v1,L1_ELIGIBILITY,v2026-08-11,2026-03-21..2026-08-06,baccarat_bet02_101_all_pairs_incl_sentinel,round_win = game_pnl > 0 (decisive only),COMPATIBILITY_ONLY_NOT_PRODUCTION,2500103.8841,2280641.3266,9883.8276,11764,10369,-0.00395337,-0.05088190,-0.00239824,-0.00395337,-9883.8276,2500103.8841,OK,0.0000,395.3531,4.0000,96.0000,AG03-UNRESOLVED,ALL5_LEVELS_bet23_to_bet27,395.3531,395.3531,395.3531,395.3531,395.3531,4.000000,4.000000,4.000000,4.000000,4.000000,96.000000,96.000000,96.000000,96.000000,96.000000,5.0,1976.7655,1824.8244,7907.0621,8059.0032,PENDING_AG03,FALSE,NOT_FOR_ENFORCEMENT,9488.4745,2189415.6736,9883.8276,9488.4745,395.3531,0.00395337,0.00379523,395.3531,9488.4745,0.00379523,395.3531,395.3531,395.3531,395.3531,395.3531,9488.4745,0.00379523,1976.7655,1824.8244,7907.0621,8059.0032,0.00316269,0.00322347,0.00015813,212.5216,219.9480,0.9532,119.0823,2.3972,30121.7335,124.9277,49.0469,238.9093,36.5364,75.9244,374.9013,749.8027,789.266,1183.8989,75.8035,-1.1839,10.395423,15.593133,2.799122,29,215,300,5,0.03207536,0.00395337,0.05088190,0E-8,0.000000,0.912219,0.000000,-0.04848366,2026-03-31,2026-08-01,83,4123,1621,124,0.669355,0.205295,0.230786,0.106918,,,,,,,,GLOBAL_BASELINE_NO_ENTITY_RANKING,,,NOT_APPLICABLE_GLOBAL_BASELINE,HF9g-P5,,,,X 全窗基线 · 不参与实体赏罚,15055769,1506,A168_HF9F_20260827_0900,2026-08-27 09:00:00
2026-05-30,92755421,1353,0,394.6329913180,0E-10,0E-10,0.5000000,2,2,0.49994810000000000,0.499948100000,0.00014679536856514622,0.00014679536856514622,0.00014679536856514622,0E-17,ELIGIBLE,R03b_20260811_FULL_v1,L1_ELIGIBILITY,v2026-08-11,2026-03-21..2026-08-06,baccarat_bet02_101_all_pairs_incl_sentinel,round_win = game_pnl > 0 (decisive only),COMPATIBILITY_ONLY_NOT_PRODUCTION,2500103.8841,2280641.3266,9883.8276,11764,10369,-0.00395337,-0.05088190,-0.00239824,-0.00395337,-9883.8276,2500103.8841,OK,0.0000,395.3531,4.0000,96.0000,AG03-UNRESOLVED,ALL5_LEVELS_bet23_to_bet27,395.3531,395.3531,395.3531,395.3531,395.3531,4.000000,4.000000,4.000000,4.000000,4.000000,96.000000,96.000000,96.000000,96.000000,96.000000,5.0,1976.7655,1824.8244,7907.0621,8059.0032,PENDING_AG03,FALSE,NOT_FOR_ENFORCEMENT,9488.4745,2189415.6736,9883.8276,9488.4745,395.3531,0.00395337,0.00379523,395.3531,9488.4745,0.00379523,395.3531,395.3531,395.3531,395.3531,395.3531,9488.4745,0.00379523,1976.7655,1824.8244,7907.0621,8059.0032,0.00316269,0.00322347,0.00015813,212.5216,219.9480,0.9532,119.0823,2.3972,30121.7335,124.9277,49.0469,238.9093,36.5364,75.9244,374.9013,749.8027,789.266,1183.8989,75.8035,-1.1839,10.395423,15.593133,2.799122,29,215,300,5,0.03207536,0.00395337,0.05088190,0E-8,0.000000,0.912219,0.000000,-0.04848366,2026-03-31,2026-08-01,83,4123,1621,124,0.669355,0.205295,0.230786,0.106918,,,,,,,,GLOBAL_BASELINE_NO_ENTITY_RANKING,,,NOT_APPLICABLE_GLOBAL_BASELINE,HF9g-P5,,,,X 全窗基线 · 不参与实体赏罚,15055770,1506,A168_HF9F_20260827_0900,2026-08-27 09:00:00
2026-05-30,92755421,1374,0,3843.7253354381,684.6882399369,684.6882399369,0.5454545,15,12,0.49765671633662807,0.439529675000,0.3170584118961675,0.7078216979110818,0.3170584118961675,0.05812704133662807,ELIGIBLE,R03b_20260811_FULL_v1,L1_ELIGIBILITY,v2026-08-11,2026-03-21..2026-08-06,baccarat_bet02_101_all_pairs_incl_sentinel,round_win = game_pnl > 0 (decisive only),COMPATIBILITY_ONLY_NOT_PRODUCTION,2500103.8841,2280641.3266,9883.8276,11764,10369,-0.00395337,-0.05088190,-0.00239824,-0.00395337,-9883.8276,2500103.8841,OK,0.0000,395.3531,4.0000,96.0000,AG03-UNRESOLVED,ALL5_LEVELS_bet23_to_bet27,395.3531,395.3531,395.3531,395.3531,395.3531,4.000000,4.000000,4.000000,4.000000,4.000000,96.000000,96.000000,96.000000,96.000000,96.000000,5.0,1976.7655,1824.8244,7907.0621,8059.0032,PENDING_AG03,FALSE,NOT_FOR_ENFORCEMENT,9488.4745,2189415.6736,9883.8276,9488.4745,395.3531,0.00395337,0.00379523,395.3531,9488.4745,0.00379523,395.3531,395.3531,395.3531,395.3531,395.3531,9488.4745,0.00379523,1976.7655,1824.8244,7907.0621,8059.0032,0.00316269,0.00322347,0.00015813,212.5216,219.9480,0.9532,119.0823,2.3972,30121.7335,124.9277,49.0469,238.9093,36.5364,75.9244,374.9013,749.8027,789.266,1183.8989,75.8035,-1.1839,10.395423,15.593133,2.799122,29,215,300,5,0.03207536,0.00395337,0.05088190,0E-8,0.000000,0.912219,0.000000,-0.04848366,2026-03-31,2026-08-01,83,4123,1621,124,0.669355,0.205295,0.230786,0.106918,,,,,,,,GLOBAL_BASELINE_NO_ENTITY_RANKING,,,NOT_APPLICABLE_GLOBAL_BASELINE,HF9g-P5,,,,X 全窗基线 · 不参与实体赏罚,15055771,1506,A168_HF9F_20260827_0900,2026-08-27 09:00:00
2026-05-30,92755421,1382,0,1183.8989739543,374.9013417522,374.9013417522,0.6666667,3,3,0.49771390000000000,0.497713900000,0.5852756695216578,0.5852756695216578,0.5852756695216578,0E-17,ELIGIBLE,R03b_20260811_FULL_v1,L1_ELIGIBILITY,v2026-08-11,2026-03-21..2026-08-06,baccarat_bet02_101_all_pairs_incl_sentinel,round_win = game_pnl > 0 (decisive only),COMPATIBILITY_ONLY_NOT_PRODUCTION,2500103.8841,2280641.3266,9883.8276,11764,10369,-0.00395337,-0.05088190,-0.00239824,-0.00395337,-9883.8276,2500103.8841,OK,0.0000,395.3531,4.0000,96.0000,AG03-UNRESOLVED,ALL5_LEVELS_bet23_to_bet27,395.3531,395.3531,395.3531,395.3531,395.3531,4.000000,4.000000,4.000000,4.000000,4.000000,96.000000,96.000000,96.000000,96.000000,96.000000,5.0,1976.7655,1824.8244,7907.0621,8059.0032,PENDING_AG03,FALSE,NOT_FOR_ENFORCEMENT,9488.4745,2189415.6736,9883.8276,9488.4745,395.3531,0.00395337,0.00379523,395.3531,9488.4745,0.00379523,395.3531,395.3531,395.3531,395.3531,395.3531,9488.4745,0.00379523,1976.7655,1824.8244,7907.0621,8059.0032,0.00316269,0.00322347,0.00015813,212.5216,219.9480,0.9532,119.0823,2.3972,30121.7335,124.9277,49.0469,238.9093,36.5364,75.9244,374.9013,749.8027,789.266,1183.8989,75.8035,-1.1839,10.395423,15.593133,2.799122,29,215,300,5,0.03207536,0.00395337,0.05088190,0E-8,0.000000,0.912219,0.000000,-0.04848366,2026-03-31,2026-08-01,83,4123,1621,124,0.669355,0.205295,0.230786,0.106918,,,,,,,,GLOBAL_BASELINE_NO_ENTITY_RANKING,,,NOT_APPLICABLE_GLOBAL_BASELINE,HF9g-P5,,,,X 全窗基线 · 不参与实体赏罚,15055772,1506,A168_HF9F_20260827_0900,2026-08-27 09:00:00
2026-05-30,92755421,1509,0,1106.1562746647,374.7040252565,374.7040252565,0.6666667,4,3,0.49718852834992443,0.418645466667,0.5870987740421374,0.8707745022662297,0.5870987740421374,0.07854306168292443,ELIGIBLE,R03b_20260811_FULL_v1,L1_ELIGIBILITY,v2026-08-11,2026-03-21..2026-08-06,baccarat_bet02_101_all_pairs_incl_sentinel,round_win = game_pnl > 0 (decisive only),COMPATIBILITY_ONLY_NOT_PRODUCTION,2500103.8841,2280641.3266,9883.8276,11764,10369,-0.00395337,-0.05088190,-0.00239824,-0.00395337,-9883.8276,2500103.8841,OK,0.0000,395.3531,4.0000,96.0000,AG03-UNRESOLVED,ALL5_LEVELS_bet23_to_bet27,395.3531,395.3531,395.3531,395.3531,395.3531,4.000000,4.000000,4.000000,4.000000,4.000000,96.000000,96.000000,96.000000,96.000000,96.000000,5.0,1976.7655,1824.8244,7907.0621,8059.0032,PENDING_AG03,FALSE,NOT_FOR_ENFORCEMENT,9488.4745,2189415.6736,9883.8276,9488.4745,395.3531,0.00395337,0.00379523,395.3531,9488.4745,0.00379523,395.3531,395.3531,395.3531,395.3531,395.3531,9488.4745,0.00379523,1976.7655,1824.8244,7907.0621,8059.0032,0.00316269,0.00322347,0.00015813,212.5216,219.9480,0.9532,119.0823,2.3972,30121.7335,124.9277,49.0469,238.9093,36.5364,75.9244,374.9013,749.8027,789.266,1183.8989,75.8035,-1.1839,10.395423,15.593133,2.799122,29,215,300,5,0.03207536,0.00395337,0.05088190,0E-8,0.000000,0.912219,0.000000,-0.04848366,2026-03-31,2026-08-01,83,4123,1621,124,0.669355,0.205295,0.230786,0.106918,,,,,,,,GLOBAL_BASELINE_NO_ENTITY_RANKING,,,NOT_APPLICABLE_GLOBAL_BASELINE,HF9g-P5,,,,X 全窗基线 · 不参与实体赏罚,15055773,1506,A168_HF9F_20260827_0900,2026-08-27 09:00:00
2026-05-30,92755421,1646,0,789.2659826362,-19.7316495659,-19.7316495659,0.5000000,2,2,0.49994810000000000,0.499948100000,0.00014679536856514622,0.00014679536856514622,0.00014679536856514622,0E-17,ELIGIBLE,R03b_20260811_FULL_v1,L1_ELIGIBILITY,v2026-08-11,2026-03-21..2026-08-06,baccarat_bet02_101_all_pairs_incl_sentinel,round_win = game_pnl > 0 (decisive only),COMPATIBILITY_ONLY_NOT_PRODUCTION,2500103.8841,2280641.3266,9883.8276,11764,10369,-0.00395337,-0.05088190,-0.00239824,-0.00395337,-9883.8276,2500103.8841,OK,0.0000,395.3531,4.0000,96.0000,AG03-UNRESOLVED,ALL5_LEVELS_bet23_to_bet27,395.3531,395.3531,395.3531,395.3531,395.3531,4.000000,4.000000,4.000000,4.000000,4.000000,96.000000,96.000000,96.000000,96.000000,96.000000,5.0,1976.7655,1824.8244,7907.0621,8059.0032,PENDING_AG03,FALSE,NOT_FOR_ENFORCEMENT,9488.4745,2189415.6736,9883.8276,9488.4745,395.3531,0.00395337,0.00379523,395.3531,9488.4745,0.00379523,395.3531,395.3531,395.3531,395.3531,395.3531,9488.4745,0.00379523,1976.7655,1824.8244,7907.0621,8059.0032,0.00316269,0.00322347,0.00015813,212.5216,219.9480,0.9532,119.0823,2.3972,30121.7335,124.9277,49.0469,238.9093,36.5364,75.9244,374.9013,749.8027,789.266,1183.8989,75.8035,-1.1839,10.395423,15.593133,2.799122,29,215,300,5,0.03207536,0.00395337,0.05088190,0E-8,0.000000,0.912219,0.000000,-0.04848366,2026-03-31,2026-08-01,83,4123,1621,124,0.669355,0.205295,0.230786,0.106918,,,,,,,,GLOBAL_BASELINE_NO_ENTITY_RANKING,,,NOT_APPLICABLE_GLOBAL_BASELINE,HF9g-P5,,,,X 全窗基线 · 不参与实体赏罚,15055774,1506,A168_HF9F_20260827_0900,2026-08-27 09:00:00
2026-05-30,92755421,1702,0,498.8161010261,-498.8161010261,-498.8161010261,0E-7,3,2,0.48937206751583578,0.381345450000,-1.3844660242300966,-1.1103251487403623,-1.3844660242300966,0.10802661751583578,ELIGIBLE,R03b_20260811_FULL_v1,L1_ELIGIBILITY,v2026-08-11,2026-03-21..2026-08-06,baccarat_bet02_101_all_pairs_incl_sentinel,round_win = game_pnl > 0 (decisive only),COMPATIBILITY_ONLY_NOT_PRODUCTION,2500103.8841,2280641.3266,9883.8276,11764,10369,-0.00395337,-0.05088190,-0.00239824,-0.00395337,-9883.8276,2500103.8841,OK,0.0000,395.3531,4.0000,96.0000,AG03-UNRESOLVED,ALL5_LEVELS_bet23_to_bet27,395.3531,395.3531,395.3531,395.3531,395.3531,4.000000,4.000000,4.000000,4.000000,4.000000,96.000000,96.000000,96.000000,96.000000,96.000000,5.0,1976.7655,1824.8244,7907.0621,8059.0032,PENDING_AG03,FALSE,NOT_FOR_ENFORCEMENT,9488.4745,2189415.6736,9883.8276,9488.4745,395.3531,0.00395337,0.00379523,395.3531,9488.4745,0.00379523,395.3531,395.3531,395.3531,395.3531,395.3531,9488.4745,0.00379523,1976.7655,1824.8244,7907.0621,8059.0032,0.00316269,0.00322347,0.00015813,212.5216,219.9480,0.9532,119.0823,2.3972,30121.7335,124.9277,49.0469,238.9093,36.5364,75.9244,374.9013,749.8027,789.266,1183.8989,75.8035,-1.1839,10.395423,15.593133,2.799122,29,215,300,5,0.03207536,0.00395337,0.05088190,0E-8,0.000000,0.912219,0.000000,-0.04848366,2026-03-31,2026-08-01,83,4123,1621,124,0.669355,0.205295,0.230786,0.106918,,,,,,,,GLOBAL_BASELINE_NO_ENTITY_RANKING,,,NOT_APPLICABLE_GLOBAL_BASELINE,HF9g-P5,,,,X 全窗基线 · 不参与实体赏罚,15055775,1506,A168_HF9F_20260827_0900,2026-08-27 09:00:00
2026-05-30,92755421,1704,0,230.8602999211,0E-10,0E-10,0.5000000,3,2,0.49578660350875343,0.381345450000,0.01191770807389485,0.3454745057990616,0.01191770807389485,0.11444115350875343,ELIGIBLE,R03b_20260811_FULL_v1,L1_ELIGIBILITY,v2026-08-11,2026-03-21..2026-08-06,baccarat_bet02_101_all_pairs_incl_sentinel,round_win = game_pnl > 0 (decisive only),COMPATIBILITY_ONLY_NOT_PRODUCTION,2500103.8841,2280641.3266,9883.8276,11764,10369,-0.00395337,-0.05088190,-0.00239824,-0.00395337,-9883.8276,2500103.8841,OK,0.0000,395.3531,4.0000,96.0000,AG03-UNRESOLVED,ALL5_LEVELS_bet23_to_bet27,395.3531,395.3531,395.3531,395.3531,395.3531,4.000000,4.000000,4.000000,4.000000,4.000000,96.000000,96.000000,96.000000,96.000000,96.000000,5.0,1976.7655,1824.8244,7907.0621,8059.0032,PENDING_AG03,FALSE,NOT_FOR_ENFORCEMENT,9488.4745,2189415.6736,9883.8276,9488.4745,395.3531,0.00395337,0.00379523,395.3531,9488.4745,0.00379523,395.3531,395.3531,395.3531,395.3531,395.3531,9488.4745,0.00379523,1976.7655,1824.8244,7907.0621,8059.0032,0.00316269,0.00322347,0.00015813,212.5216,219.9480,0.9532,119.0823,2.3972,30121.7335,124.9277,49.0469,238.9093,36.5364,75.9244,374.9013,749.8027,789.266,1183.8989,75.8035,-1.1839,10.395423,15.593133,2.799122,29,215,300,5,0.03207536,0.00395337,0.05088190,0E-8,0.000000,0.912219,0.000000,-0.04848366,2026-03-31,2026-08-01,83,4123,1621,124,0.669355,0.205295,0.230786,0.106918,,,,,,,,GLOBAL_BASELINE_NO_ENTITY_RANKING,,,NOT_APPLICABLE_GLOBAL_BASELINE,HF9g-P5,,,,X 全窗基线 · 不参与实体赏罚,15055776,1506,A168_HF9F_20260827_0900,2026-08-27 09:00:00
2026-05-30,92755421,1714,0,789.2659826362,0E-10,0E-10,0.5000000,2,2,0.49324550000000000,0.493245500000,0.01910635448239258,0.01910635448239258,0.01910635448239258,0E-17,ELIGIBLE,R03b_20260811_FULL_v1,L1_ELIGIBILITY,v2026-08-11,2026-03-21..2026-08-06,baccarat_bet02_101_all_pairs_incl_sentinel,round_win = game_pnl > 0 (decisive only),COMPATIBILITY_ONLY_NOT_PRODUCTION,2500103.8841,2280641.3266,9883.8276,11764,10369,-0.00395337,-0.05088190,-0.00239824,-0.00395337,-9883.8276,2500103.8841,OK,0.0000,395.3531,4.0000,96.0000,AG03-UNRESOLVED,ALL5_LEVELS_bet23_to_bet27,395.3531,395.3531,395.3531,395.3531,395.3531,4.000000,4.000000,4.000000,4.000000,4.000000,96.000000,96.000000,96.000000,96.000000,96.000000,5.0,1976.7655,1824.8244,7907.0621,8059.0032,PENDING_AG03,FALSE,NOT_FOR_ENFORCEMENT,9488.4745,2189415.6736,9883.8276,9488.4745,395.3531,0.00395337,0.00379523,395.3531,9488.4745,0.00379523,395.3531,395.3531,395.3531,395.3531,395.3531,9488.4745,0.00379523,1976.7655,1824.8244,7907.0621,8059.0032,0.00316269,0.00322347,0.00015813,212.5216,219.9480,0.9532,119.0823,2.3972,30121.7335,124.9277,49.0469,238.9093,36.5364,75.9244,374.9013,749.8027,789.266,1183.8989,75.8035,-1.1839,10.395423,15.593133,2.799122,29,215,300,5,0.03207536,0.00395337,0.05088190,0E-8,0.000000,0.912219,0.000000,-0.04848366,2026-03-31,2026-08-01,83,4123,1621,124,0.669355,0.205295,0.230786,0.106918,,,,,,,,GLOBAL_BASELINE_NO_ENTITY_RANKING,,,NOT_APPLICABLE_GLOBAL_BASELINE,HF9g-P5,,,,X 全窗基线 · 不参与实体赏罚,15055777,1506,A168_HF9F_20260827_0900,2026-08-27 09:00:00
2026-05-30,92755421,1941,0,3335.8326756118,-593.1333859510,-593.1333859510,0.3750000,10,9,0.49866671562154151,0.472102488889,-0.6995670729558484,-0.5501516286628755,-0.6995670729558484,0.02656422673254151,ELIGIBLE,R03b_20260811_FULL_v1,L1_ELIGIBILITY,v2026-08-11,2026-03-21..2026-08-06,baccarat_bet02_101_all_pairs_incl_sentinel,round_win = game_pnl > 0 (decisive only),COMPATIBILITY_ONLY_NOT_PRODUCTION,2500103.8841,2280641.3266,9883.8276,11764,10369,-0.00395337,-0.05088190,-0.00239824,-0.00395337,-9883.8276,2500103.8841,OK,0.0000,395.3531,4.0000,96.0000,AG03-UNRESOLVED,ALL5_LEVELS_bet23_to_bet27,395.3531,395.3531,395.3531,395.3531,395.3531,4.000000,4.000000,4.000000,4.000000,4.000000,96.000000,96.000000,96.000000,96.000000,96.000000,5.0,1976.7655,1824.8244,7907.0621,8059.0032,PENDING_AG03,FALSE,NOT_FOR_ENFORCEMENT,9488.4745,2189415.6736,9883.8276,9488.4745,395.3531,0.00395337,0.00379523,395.3531,9488.4745,0.00379523,395.3531,395.3531,395.3531,395.3531,395.3531,9488.4745,0.00379523,1976.7655,1824.8244,7907.0621,8059.0032,0.00316269,0.00322347,0.00015813,212.5216,219.9480,0.9532,119.0823,2.3972,30121.7335,124.9277,49.0469,238.9093,36.5364,75.9244,374.9013,749.8027,789.266,1183.8989,75.8035,-1.1839,10.395423,15.593133,2.799122,29,215,300,5,0.03207536,0.00395337,0.05088190,0E-8,0.000000,0.912219,0.000000,-0.04848366,2026-03-31,2026-08-01,83,4123,1621,124,0.669355,0.205295,0.230786,0.106918,,,,,,,,GLOBAL_BASELINE_NO_ENTITY_RANKING,,,NOT_APPLICABLE_GLOBAL_BASELINE,HF9g-P5,,,,X 全窗基线 · 不参与实体赏罚,15055778,1506,A168_HF9F_20260827_0900,2026-08-27 09:00:00
2026-05-30,92755421,1951,0,552.4861878452,112.4704025257,112.4704025257,0.6666667,5,4,0.50262914000000000,0.501623750000,0.5682505170472735,0.5717284489973589,0.5682505170472735,0.00100539000000000,ELIGIBLE,R03b_20260811_FULL_v1,L1_ELIGIBILITY,v2026-08-11,2026-03-21..2026-08-06,baccarat_bet02_101_all_pairs_incl_sentinel,round_win = game_pnl > 0 (decisive only),COMPATIBILITY_ONLY_NOT_PRODUCTION,2500103.8841,2280641.3266,9883.8276,11764,10369,-0.00395337,-0.05088190,-0.00239824,-0.00395337,-9883.8276,2500103.8841,OK,0.0000,395.3531,4.0000,96.0000,AG03-UNRESOLVED,ALL5_LEVELS_bet23_to_bet27,395.3531,395.3531,395.3531,395.3531,395.3531,4.000000,4.000000,4.000000,4.000000,4.000000,96.000000,96.000000,96.000000,96.000000,96.000000,5.0,1976.7655,1824.8244,7907.0621,8059.0032,PENDING_AG03,FALSE,NOT_FOR_ENFORCEMENT,9488.4745,2189415.6736,9883.8276,9488.4745,395.3531,0.00395337,0.00379523,395.3531,9488.4745,0.00379523,395.3531,395.3531,395.3531,395.3531,395.3531,9488.4745,0.00379523,1976.7655,1824.8244,7907.0621,8059.0032,0.00316269,0.00322347,0.00015813,212.5216,219.9480,0.9532,119.0823,2.3972,30121.7335,124.9277,49.0469,238.9093,36.5364,75.9244,374.9013,749.8027,789.266,1183.8989,75.8035,-1.1839,10.395423,15.593133,2.799122,29,215,300,5,0.03207536,0.00395337,0.05088190,0E-8,0.000000,0.912219,0.000000,-0.04848366,2026-03-31,2026-08-01,83,4123,1621,124,0.669355,0.205295,0.230786,0.106918,,,,,,,,GLOBAL_BASELINE_NO_ENTITY_RANKING,,,NOT_APPLICABLE_GLOBAL_BASELINE,HF9g-P5,,,,X 全窗基线 · 不参与实体赏罚,15055779,1506,A168_HF9F_20260827_0900,2026-08-27 09:00:00
2026-05-30,92755421,1957,0,394.6329913181,-394.6329913181,-394.6329913181,0E-7,1,1,0.49324550000000000,0.493245500000,-0.9865810262130424,-0.9865810262130424,-0.9865810262130424,0E-17,ELIGIBLE,R03b_20260811_FULL_v1,L1_ELIGIBILITY,v2026-08-11,2026-03-21..2026-08-06,baccarat_bet02_101_all_pairs_incl_sentinel,round_win = game_pnl > 0 (decisive only),COMPATIBILITY_ONLY_NOT_PRODUCTION,2500103.8841,2280641.3266,9883.8276,11764,10369,-0.00395337,-0.05088190,-0.00239824,-0.00395337,-9883.8276,2500103.8841,OK,0.0000,395.3531,4.0000,96.0000,AG03-UNRESOLVED,ALL5_LEVELS_bet23_to_bet27,395.3531,395.3531,395.3531,395.3531,395.3531,4.000000,4.000000,4.000000,4.000000,4.000000,96.000000,96.000000,96.000000,96.000000,96.000000,5.0,1976.7655,1824.8244,7907.0621,8059.0032,PENDING_AG03,FALSE,NOT_FOR_ENFORCEMENT,9488.4745,2189415.6736,9883.8276,9488.4745,395.3531,0.00395337,0.00379523,395.3531,9488.4745,0.00379523,395.3531,395.3531,395.3531,395.3531,395.3531,9488.4745,0.00379523,1976.7655,1824.8244,7907.0621,8059.0032,0.00316269,0.00322347,0.00015813,212.5216,219.9480,0.9532,119.0823,2.3972,30121.7335,124.9277,49.0469,238.9093,36.5364,75.9244,374.9013,749.8027,789.266,1183.8989,75.8035,-1.1839,10.395423,15.593133,2.799122,29,215,300,5,0.03207536,0.00395337,0.05088190,0E-8,0.000000,0.912219,0.000000,-0.04848366,2026-03-31,2026-08-01,83,4123,1621,124,0.669355,0.205295,0.230786,0.106918,,,,,,,,GLOBAL_BASELINE_NO_ENTITY_RANKING,,,NOT_APPLICABLE_GLOBAL_BASELINE,HF9g-P5,,,,X 全窗基线 · 不参与实体赏罚,15055780,1506,A168_HF9F_20260827_0900,2026-08-27 09:00:00
2026-05-30,92755421,1966,0,355.1696921863,-355.1696921863,-355.1696921863,0E-7,1,1,0.49324550000000000,0.493245500000,-0.9865810262130424,-0.9865810262130424,-0.9865810262130424,0E-17,ELIGIBLE,R03b_20260811_FULL_v1,L1_ELIGIBILITY,v2026-08-11,2026-03-21..2026-08-06,baccarat_bet02_101_all_pairs_incl_sentinel,round_win = game_pnl > 0 (decisive only),COMPATIBILITY_ONLY_NOT_PRODUCTION,2500103.8841,2280641.3266,9883.8276,11764,10369,-0.00395337,-0.05088190,-0.00239824,-0.00395337,-9883.8276,2500103.8841,OK,0.0000,395.3531,4.0000,96.0000,AG03-UNRESOLVED,ALL5_LEVELS_bet23_to_bet27,395.3531,395.3531,395.3531,395.3531,395.3531,4.000000,4.000000,4.000000,4.000000,4.000000,96.000000,96.000000,96.000000,96.000000,96.000000,5.0,1976.7655,1824.8244,7907.0621,8059.0032,PENDING_AG03,FALSE,NOT_FOR_ENFORCEMENT,9488.4745,2189415.6736,9883.8276,9488.4745,395.3531,0.00395337,0.00379523,395.3531,9488.4745,0.00379523,395.3531,395.3531,395.3531,395.3531,395.3531,9488.4745,0.00379523,1976.7655,1824.8244,7907.0621,8059.0032,0.00316269,0.00322347,0.00015813,212.5216,219.9480,0.9532,119.0823,2.3972,30121.7335,124.9277,49.0469,238.9093,36.5364,75.9244,374.9013,749.8027,789.266,1183.8989,75.8035,-1.1839,10.395423,15.593133,2.799122,29,215,300,5,0.03207536,0.00395337,0.05088190,0E-8,0.000000,0.912219,0.000000,-0.04848366,2026-03-31,2026-08-01,83,4123,1621,124,0.669355,0.205295,0.230786,0.106918,,,,,,,,GLOBAL_BASELINE_NO_ENTITY_RANKING,,,NOT_APPLICABLE_GLOBAL_BASELINE,HF9g-P5,,,,X 全窗基线 · 不参与实体赏罚,15055781,1506,A168_HF9F_20260827_0900,2026-08-27 09:00:00
2026-05-30,92755421,1985,0,394.6329913181,-394.6329913181,-394.6329913181,0E-7,1,1,0.49324550000000000,0.493245500000,-0.9865810262130424,-0.9865810262130424,-0.9865810262130424,0E-17,ELIGIBLE,R03b_20260811_FULL_v1,L1_ELIGIBILITY,v2026-08-11,2026-03-21..2026-08-06,baccarat_bet02_101_all_pairs_incl_sentinel,round_win = game_pnl > 0 (decisive only),COMPATIBILITY_ONLY_NOT_PRODUCTION,2500103.8841,2280641.3266,9883.8276,11764,10369,-0.00395337,-0.05088190,-0.00239824,-0.00395337,-9883.8276,2500103.8841,OK,0.0000,395.3531,4.0000,96.0000,AG03-UNRESOLVED,ALL5_LEVELS_bet23_to_bet27,395.3531,395.3531,395.3531,395.3531,395.3531,4.000000,4.000000,4.000000,4.000000,4.000000,96.000000,96.000000,96.000000,96.000000,96.000000,5.0,1976.7655,1824.8244,7907.0621,8059.0032,PENDING_AG03,FALSE,NOT_FOR_ENFORCEMENT,9488.4745,2189415.6736,9883.8276,9488.4745,395.3531,0.00395337,0.00379523,395.3531,9488.4745,0.00379523,395.3531,395.3531,395.3531,395.3531,395.3531,9488.4745,0.00379523,1976.7655,1824.8244,7907.0621,8059.0032,0.00316269,0.00322347,0.00015813,212.5216,219.9480,0.9532,119.0823,2.3972,30121.7335,124.9277,49.0469,238.9093,36.5364,75.9244,374.9013,749.8027,789.266,1183.8989,75.8035,-1.1839,10.395423,15.593133,2.799122,29,215,300,5,0.03207536,0.00395337,0.05088190,0E-8,0.000000,0.912219,0.000000,-0.04848366,2026-03-31,2026-08-01,83,4123,1621,124,0.669355,0.205295,0.230786,0.106918,,,,,,,,GLOBAL_BASELINE_NO_ENTITY_RANKING,,,NOT_APPLICABLE_GLOBAL_BASELINE,HF9g-P5,,,,X 全窗基线 · 不参与实体赏罚,15055782,1506,A168_HF9F_20260827_0900,2026-08-27 09:00:00
2026-05-30,92755421,1994,0,1164.1673243884,374.9013417522,374.9013417522,0.6666667,3,3,0.50665070000000000,0.506650700000,0.5543606114942035,0.5543606114942035,0.5543606114942035,0E-17,ELIGIBLE,R03b_20260811_FULL_v1,L1_ELIGIBILITY,v2026-08-11,2026-03-21..2026-08-06,baccarat_bet02_101_all_pairs_incl_sentinel,round_win = game_pnl > 0 (decisive only),COMPATIBILITY_ONLY_NOT_PRODUCTION,2500103.8841,2280641.3266,9883.8276,11764,10369,-0.00395337,-0.05088190,-0.00239824,-0.00395337,-9883.8276,2500103.8841,OK,0.0000,395.3531,4.0000,96.0000,AG03-UNRESOLVED,ALL5_LEVELS_bet23_to_bet27,395.3531,395.3531,395.3531,395.3531,395.3531,4.000000,4.000000,4.000000,4.000000,4.000000,96.000000,96.000000,96.000000,96.000000,96.000000,5.0,1976.7655,1824.8244,7907.0621,8059.0032,PENDING_AG03,FALSE,NOT_FOR_ENFORCEMENT,9488.4745,2189415.6736,9883.8276,9488.4745,395.3531,0.00395337,0.00379523,395.3531,9488.4745,0.00379523,395.3531,395.3531,395.3531,395.3531,395.3531,9488.4745,0.00379523,1976.7655,1824.8244,7907.0621,8059.0032,0.00316269,0.00322347,0.00015813,212.5216,219.9480,0.9532,119.0823,2.3972,30121.7335,124.9277,49.0469,238.9093,36.5364,75.9244,374.9013,749.8027,789.266,1183.8989,75.8035,-1.1839,10.395423,15.593133,2.799122,29,215,300,5,0.03207536,0.00395337,0.05088190,0E-8,0.000000,0.912219,0.000000,-0.04848366,2026-03-31,2026-08-01,83,4123,1621,124,0.669355,0.205295,0.230786,0.106918,,,,,,,,GLOBAL_BASELINE_NO_ENTITY_RANKING,,,NOT_APPLICABLE_GLOBAL_BASELINE,HF9g-P5,,,,X 全窗基线 · 不参与实体赏罚,15055783,1506,A168_HF9F_20260827_0900,2026-08-27 09:00:00
2026-05-30,92755421,2078,0,1183.8989739543,-394.6329913181,-394.6329913181,0.3333333,3,3,0.49771390000000000,0.497713900000,-0.5694369385616226,-0.5694369385616226,-0.5694369385616226,0E-17,ELIGIBLE,R03b_20260811_FULL_v1,L1_ELIGIBILITY,v2026-08-11,2026-03-21..2026-08-06,baccarat_bet02_101_all_pairs_incl_sentinel,round_win = game_pnl > 0 (decisive only),COMPATIBILITY_ONLY_NOT_PRODUCTION,2500103.8841,2280641.3266,9883.8276,11764,10369,-0.00395337,-0.05088190,-0.00239824,-0.00395337,-9883.8276,2500103.8841,OK,0.0000,395.3531,4.0000,96.0000,AG03-UNRESOLVED,ALL5_LEVELS_bet23_to_bet27,395.3531,395.3531,395.3531,395.3531,395.3531,4.000000,4.000000,4.000000,4.000000,4.000000,96.000000,96.000000,96.000000,96.000000,96.000000,5.0,1976.7655,1824.8244,7907.0621,8059.0032,PENDING_AG03,FALSE,NOT_FOR_ENFORCEMENT,9488.4745,2189415.6736,9883.8276,9488.4745,395.3531,0.00395337,0.00379523,395.3531,9488.4745,0.00379523,395.3531,395.3531,395.3531,395.3531,395.3531,9488.4745,0.00379523,1976.7655,1824.8244,7907.0621,8059.0032,0.00316269,0.00322347,0.00015813,212.5216,219.9480,0.9532,119.0823,2.3972,30121.7335,124.9277,49.0469,238.9093,36.5364,75.9244,374.9013,749.8027,789.266,1183.8989,75.8035,-1.1839,10.395423,15.593133,2.799122,29,215,300,5,0.03207536,0.00395337,0.05088190,0E-8,0.000000,0.912219,0.000000,-0.04848366,2026-03-31,2026-08-01,83,4123,1621,124,0.669355,0.205295,0.230786,0.106918,,,,,,,,GLOBAL_BASELINE_NO_ENTITY_RANKING,,,NOT_APPLICABLE_GLOBAL_BASELINE,HF9g-P5,,,,X 全窗基线 · 不参与实体赏罚,15055784,1506,A168_HF9F_20260827_0900,2026-08-27 09:00:00
2026-05-30,92755421,2088,0,365.0355169692,9.8658247830,9.8658247830,0.5000000,2,2,0.49994810000000000,0.499948100000,0.00014679536856514622,0.00014679536856514622,0.00014679536856514622,0E-17,ELIGIBLE,R03b_20260811_FULL_v1,L1_ELIGIBILITY,v2026-08-11,2026-03-21..2026-08-06,baccarat_bet02_101_all_pairs_incl_sentinel,round_win = game_pnl > 0 (decisive only),COMPATIBILITY_ONLY_NOT_PRODUCTION,2500103.8841,2280641.3266,9883.8276,11764,10369,-0.00395337,-0.05088190,-0.00239824,-0.00395337,-9883.8276,2500103.8841,OK,0.0000,395.3531,4.0000,96.0000,AG03-UNRESOLVED,ALL5_LEVELS_bet23_to_bet27,395.3531,395.3531,395.3531,395.3531,395.3531,4.000000,4.000000,4.000000,4.000000,4.000000,96.000000,96.000000,96.000000,96.000000,96.000000,5.0,1976.7655,1824.8244,7907.0621,8059.0032,PENDING_AG03,FALSE,NOT_FOR_ENFORCEMENT,9488.4745,2189415.6736,9883.8276,9488.4745,395.3531,0.00395337,0.00379523,395.3531,9488.4745,0.00379523,395.3531,395.3531,395.3531,395.3531,395.3531,9488.4745,0.00379523,1976.7655,1824.8244,7907.0621,8059.0032,0.00316269,0.00322347,0.00015813,212.5216,219.9480,0.9532,119.0823,2.3972,30121.7335,124.9277,49.0469,238.9093,36.5364,75.9244,374.9013,749.8027,789.266,1183.8989,75.8035,-1.1839,10.395423,15.593133,2.799122,29,215,300,5,0.03207536,0.00395337,0.05088190,0E-8,0.000000,0.912219,0.000000,-0.04848366,2026-03-31,2026-08-01,83,4123,1621,124,0.669355,0.205295,0.230786,0.106918,,,,,,,,GLOBAL_BASELINE_NO_ENTITY_RANKING,,,NOT_APPLICABLE_GLOBAL_BASELINE,HF9g-P5,,,,X 全窗基线 · 不参与实体赏罚,15055785,1506,A168_HF9F_20260827_0900,2026-08-27 09:00:00
2026-05-30,92755421,2101,0,789.2659826362,0E-10,0E-10,0.5000000,2,2,0.49324550000000000,0.493245500000,0.01910635448239258,0.01910635448239258,0.01910635448239258,0E-17,ELIGIBLE,R03b_20260811_FULL_v1,L1_ELIGIBILITY,v2026-08-11,2026-03-21..2026-08-06,baccarat_bet02_101_all_pairs_incl_sentinel,round_win = game_pnl > 0 (decisive only),COMPATIBILITY_ONLY_NOT_PRODUCTION,2500103.8841,2280641.3266,9883.8276,11764,10369,-0.00395337,-0.05088190,-0.00239824,-0.00395337,-9883.8276,2500103.8841,OK,0.0000,395.3531,4.0000,96.0000,AG03-UNRESOLVED,ALL5_LEVELS_bet23_to_bet27,395.3531,395.3531,395.3531,395.3531,395.3531,4.000000,4.000000,4.000000,4.000000,4.000000,96.000000,96.000000,96.000000,96.000000,96.000000,5.0,1976.7655,1824.8244,7907.0621,8059.0032,PENDING_AG03,FALSE,NOT_FOR_ENFORCEMENT,9488.4745,2189415.6736,9883.8276,9488.4745,395.3531,0.00395337,0.00379523,395.3531,9488.4745,0.00379523,395.3531,395.3531,395.3531,395.3531,395.3531,9488.4745,0.00379523,1976.7655,1824.8244,7907.0621,8059.0032,0.00316269,0.00322347,0.00015813,212.5216,219.9480,0.9532,119.0823,2.3972,30121.7335,124.9277,49.0469,238.9093,36.5364,75.9244,374.9013,749.8027,789.266,1183.8989,75.8035,-1.1839,10.395423,15.593133,2.799122,29,215,300,5,0.03207536,0.00395337,0.05088190,0E-8,0.000000,0.912219,0.000000,-0.04848366,2026-03-31,2026-08-01,83,4123,1621,124,0.669355,0.205295,0.230786,0.106918,,,,,,,,GLOBAL_BASELINE_NO_ENTITY_RANKING,,,NOT_APPLICABLE_GLOBAL_BASELINE,HF9g-P5,,,,X 全窗基线 · 不参与实体赏罚,15055786,1506,A168_HF9F_20260827_0900,2026-08-27 09:00:00
2026-05-30,92755421,2106,0,394.6329913181,-394.6329913181,-394.6329913181,0E-7,1,1,0.49324550000000000,0.493245500000,-0.9865810262130424,-0.9865810262130424,-0.9865810262130424,0E-17,ELIGIBLE,R03b_20260811_FULL_v1,L1_ELIGIBILITY,v2026-08-11,2026-03-21..2026-08-06,baccarat_bet02_101_all_pairs_incl_sentinel,round_win = game_pnl > 0 (decisive only),COMPATIBILITY_ONLY_NOT_PRODUCTION,2500103.8841,2280641.3266,9883.8276,11764,10369,-0.00395337,-0.05088190,-0.00239824,-0.00395337,-9883.8276,2500103.8841,OK,0.0000,395.3531,4.0000,96.0000,AG03-UNRESOLVED,ALL5_LEVELS_bet23_to_bet27,395.3531,395.3531,395.3531,395.3531,395.3531,4.000000,4.000000,4.000000,4.000000,4.000000,96.000000,96.000000,96.000000,96.000000,96.000000,5.0,1976.7655,1824.8244,7907.0621,8059.0032,PENDING_AG03,FALSE,NOT_FOR_ENFORCEMENT,9488.4745,2189415.6736,9883.8276,9488.4745,395.3531,0.00395337,0.00379523,395.3531,9488.4745,0.00379523,395.3531,395.3531,395.3531,395.3531,395.3531,9488.4745,0.00379523,1976.7655,1824.8244,7907.0621,8059.0032,0.00316269,0.00322347,0.00015813,212.5216,219.9480,0.9532,119.0823,2.3972,30121.7335,124.9277,49.0469,238.9093,36.5364,75.9244,374.9013,749.8027,789.266,1183.8989,75.8035,-1.1839,10.395423,15.593133,2.799122,29,215,300,5,0.03207536,0.00395337,0.05088190,0E-8,0.000000,0.912219,0.000000,-0.04848366,2026-03-31,2026-08-01,83,4123,1621,124,0.669355,0.205295,0.230786,0.106918,,,,,,,,GLOBAL_BASELINE_NO_ENTITY_RANKING,,,NOT_APPLICABLE_GLOBAL_BASELINE,HF9g-P5,,,,X 全窗基线 · 不参与实体赏罚,15055787,1506,A168_HF9F_20260827_0900,2026-08-27 09:00:00
2026-05-30,92755421,2115,0,157.8531965272,-157.8531965272,-157.8531965272,0E-7,1,1,0.50665070000000000,0.506650700000,-1.013391052207602,-1.013391052207602,-1.013391052207602,0E-17,ELIGIBLE,R03b_20260811_FULL_v1,L1_ELIGIBILITY,v2026-08-11,2026-03-21..2026-08-06,baccarat_bet02_101_all_pairs_incl_sentinel,round_win = game_pnl > 0 (decisive only),COMPATIBILITY_ONLY_NOT_PRODUCTION,2500103.8841,2280641.3266,9883.8276,11764,10369,-0.00395337,-0.05088190,-0.00239824,-0.00395337,-9883.8276,2500103.8841,OK,0.0000,395.3531,4.0000,96.0000,AG03-UNRESOLVED,ALL5_LEVELS_bet23_to_bet27,395.3531,395.3531,395.3531,395.3531,395.3531,4.000000,4.000000,4.000000,4.000000,4.000000,96.000000,96.000000,96.000000,96.000000,96.000000,5.0,1976.7655,1824.8244,7907.0621,8059.0032,PENDING_AG03,FALSE,NOT_FOR_ENFORCEMENT,9488.4745,2189415.6736,9883.8276,9488.4745,395.3531,0.00395337,0.00379523,395.3531,9488.4745,0.00379523,395.3531,395.3531,395.3531,395.3531,395.3531,9488.4745,0.00379523,1976.7655,1824.8244,7907.0621,8059.0032,0.00316269,0.00322347,0.00015813,212.5216,219.9480,0.9532,119.0823,2.3972,30121.7335,124.9277,49.0469,238.9093,36.5364,75.9244,374.9013,749.8027,789.266,1183.8989,75.8035,-1.1839,10.395423,15.593133,2.799122,29,215,300,5,0.03207536,0.00395337,0.05088190,0E-8,0.000000,0.912219,0.000000,-0.04848366,2026-03-31,2026-08-01,83,4123,1621,124,0.669355,0.205295,0.230786,0.106918,,,,,,,,GLOBAL_BASELINE_NO_ENTITY_RANKING,,,NOT_APPLICABLE_GLOBAL_BASELINE,HF9g-P5,,,,X 全窗基线 · 不参与实体赏罚,15055788,1506,A168_HF9F_20260827_0900,2026-08-27 09:00:00
2026-05-30,92755421,2117,0,394.6329913181,-394.6329913181,-394.6329913181,0E-7,1,1,0.50665070000000000,0.506650700000,-1.013391052207602,-1.013391052207602,-1.013391052207602,0E-17,ELIGIBLE,R03b_20260811_FULL_v1,L1_ELIGIBILITY,v2026-08-11,2026-03-21..2026-08-06,baccarat_bet02_101_all_pairs_incl_sentinel,round_win = game_pnl > 0 (decisive only),COMPATIBILITY_ONLY_NOT_PRODUCTION,2500103.8841,2280641.3266,9883.8276,11764,10369,-0.00395337,-0.05088190,-0.00239824,-0.00395337,-9883.8276,2500103.8841,OK,0.0000,395.3531,4.0000,96.0000,AG03-UNRESOLVED,ALL5_LEVELS_bet23_to_bet27,395.3531,395.3531,395.3531,395.3531,395.3531,4.000000,4.000000,4.000000,4.000000,4.000000,96.000000,96.000000,96.000000,96.000000,96.000000,5.0,1976.7655,1824.8244,7907.0621,8059.0032,PENDING_AG03,FALSE,NOT_FOR_ENFORCEMENT,9488.4745,2189415.6736,9883.8276,9488.4745,395.3531,0.00395337,0.00379523,395.3531,9488.4745,0.00379523,395.3531,395.3531,395.3531,395.3531,395.3531,9488.4745,0.00379523,1976.7655,1824.8244,7907.0621,8059.0032,0.00316269,0.00322347,0.00015813,212.5216,219.9480,0.9532,119.0823,2.3972,30121.7335,124.9277,49.0469,238.9093,36.5364,75.9244,374.9013,749.8027,789.266,1183.8989,75.8035,-1.1839,10.395423,15.593133,2.799122,29,215,300,5,0.03207536,0.00395337,0.05088190,0E-8,0.000000,0.912219,0.000000,-0.04848366,2026-03-31,2026-08-01,83,4123,1621,124,0.669355,0.205295,0.230786,0.106918,,,,,,,,GLOBAL_BASELINE_NO_ENTITY_RANKING,,,NOT_APPLICABLE_GLOBAL_BASELINE,HF9g-P5,,,,X 全窗基线 · 不参与实体赏罚,15055789,1506,A168_HF9F_20260827_0900,2026-08-27 09:00:00
2026-05-30,92755421,2134,0,2150.7498026836,177.5848460932,177.5848460932,0.5000000,6,6,0.49994810000000000,0.499948100000,0.00025425703667063243,0.00025425703667063243,0.00025425703667063243,0E-17,ELIGIBLE,R03b_20260811_FULL_v1,L1_ELIGIBILITY,v2026-08-11,2026-03-21..2026-08-06,baccarat_bet02_101_all_pairs_incl_sentinel,round_win = game_pnl > 0 (decisive only),COMPATIBILITY_ONLY_NOT_PRODUCTION,2500103.8841,2280641.3266,9883.8276,11764,10369,-0.00395337,-0.05088190,-0.00239824,-0.00395337,-9883.8276,2500103.8841,OK,0.0000,395.3531,4.0000,96.0000,AG03-UNRESOLVED,ALL5_LEVELS_bet23_to_bet27,395.3531,395.3531,395.3531,395.3531,395.3531,4.000000,4.000000,4.000000,4.000000,4.000000,96.000000,96.000000,96.000000,96.000000,96.000000,5.0,1976.7655,1824.8244,7907.0621,8059.0032,PENDING_AG03,FALSE,NOT_FOR_ENFORCEMENT,9488.4745,2189415.6736,9883.8276,9488.4745,395.3531,0.00395337,0.00379523,395.3531,9488.4745,0.00379523,395.3531,395.3531,395.3531,395.3531,395.3531,9488.4745,0.00379523,1976.7655,1824.8244,7907.0621,8059.0032,0.00316269,0.00322347,0.00015813,212.5216,219.9480,0.9532,119.0823,2.3972,30121.7335,124.9277,49.0469,238.9093,36.5364,75.9244,374.9013,749.8027,789.266,1183.8989,75.8035,-1.1839,10.395423,15.593133,2.799122,29,215,300,5,0.03207536,0.00395337,0.05088190,0E-8,0.000000,0.912219,0.000000,-0.04848366,2026-03-31,2026-08-01,83,4123,1621,124,0.669355,0.205295,0.230786,0.106918,,,,,,,,GLOBAL_BASELINE_NO_ENTITY_RANKING,,,NOT_APPLICABLE_GLOBAL_BASELINE,HF9g-P5,,,,X 全窗基线 · 不参与实体赏罚,15055790,1506,A168_HF9F_20260827_0900,2026-08-27 09:00:00
2026-05-30,92755421,2145,0,394.6329913181,-394.6329913181,-394.6329913181,0E-7,1,1,0.49324550000000000,0.493245500000,-0.9865810262130424,-0.9865810262130424,-0.9865810262130424,0E-17,ELIGIBLE,R03b_20260811_FULL_v1,L1_ELIGIBILITY,v2026-08-11,2026-03-21..2026-08-06,baccarat_bet02_101_all_pairs_incl_sentinel,round_win = game_pnl > 0 (decisive only),COMPATIBILITY_ONLY_NOT_PRODUCTION,2500103.8841,2280641.3266,9883.8276,11764,10369,-0.00395337,-0.05088190,-0.00239824,-0.00395337,-9883.8276,2500103.8841,OK,0.0000,395.3531,4.0000,96.0000,AG03-UNRESOLVED,ALL5_LEVELS_bet23_to_bet27,395.3531,395.3531,395.3531,395.3531,395.3531,4.000000,4.000000,4.000000,4.000000,4.000000,96.000000,96.000000,96.000000,96.000000,96.000000,5.0,1976.7655,1824.8244,7907.0621,8059.0032,PENDING_AG03,FALSE,NOT_FOR_ENFORCEMENT,9488.4745,2189415.6736,9883.8276,9488.4745,395.3531,0.00395337,0.00379523,395.3531,9488.4745,0.00379523,395.3531,395.3531,395.3531,395.3531,395.3531,9488.4745,0.00379523,1976.7655,1824.8244,7907.0621,8059.0032,0.00316269,0.00322347,0.00015813,212.5216,219.9480,0.9532,119.0823,2.3972,30121.7335,124.9277,49.0469,238.9093,36.5364,75.9244,374.9013,749.8027,789.266,1183.8989,75.8035,-1.1839,10.395423,15.593133,2.799122,29,215,300,5,0.03207536,0.00395337,0.05088190,0E-8,0.000000,0.912219,0.000000,-0.04848366,2026-03-31,2026-08-01,83,4123,1621,124,0.669355,0.205295,0.230786,0.106918,,,,,,,,GLOBAL_BASELINE_NO_ENTITY_RANKING,,,NOT_APPLICABLE_GLOBAL_BASELINE,HF9g-P5,,,,X 全窗基线 · 不参与实体赏罚,15055791,1506,A168_HF9F_20260827_0900,2026-08-27 09:00:00
2026-05-30,92755421,2153,0,2385.5564325178,825.7695343332,825.7695343332,0.7142857,10,9,0.49979940470809332,0.474336688889,1.1349549608785012,1.2713666597021793,1.1349549608785012,0.02546271581909332,ELIGIBLE,R03b_20260811_FULL_v1,L1_ELIGIBILITY,v2026-08-11,2026-03-21..2026-08-06,baccarat_bet02_101_all_pairs_incl_sentinel,round_win = game_pnl > 0 (decisive only),COMPATIBILITY_ONLY_NOT_PRODUCTION,2500103.8841,2280641.3266,9883.8276,11764,10369,-0.00395337,-0.05088190,-0.00239824,-0.00395337,-9883.8276,2500103.8841,OK,0.0000,395.3531,4.0000,96.0000,AG03-UNRESOLVED,ALL5_LEVELS_bet23_to_bet27,395.3531,395.3531,395.3531,395.3531,395.3531,4.000000,4.000000,4.000000,4.000000,4.000000,96.000000,96.000000,96.000000,96.000000,96.000000,5.0,1976.7655,1824.8244,7907.0621,8059.0032,PENDING_AG03,FALSE,NOT_FOR_ENFORCEMENT,9488.4745,2189415.6736,9883.8276,9488.4745,395.3531,0.00395337,0.00379523,395.3531,9488.4745,0.00379523,395.3531,395.3531,395.3531,395.3531,395.3531,9488.4745,0.00379523,1976.7655,1824.8244,7907.0621,8059.0032,0.00316269,0.00322347,0.00015813,212.5216,219.9480,0.9532,119.0823,2.3972,30121.7335,124.9277,49.0469,238.9093,36.5364,75.9244,374.9013,749.8027,789.266,1183.8989,75.8035,-1.1839,10.395423,15.593133,2.799122,29,215,300,5,0.03207536,0.00395337,0.05088190,0E-8,0.000000,0.912219,0.000000,-0.04848366,2026-03-31,2026-08-01,83,4123,1621,124,0.669355,0.205295,0.230786,0.106918,,,,,,,,GLOBAL_BASELINE_NO_ENTITY_RANKING,,,NOT_APPLICABLE_GLOBAL_BASELINE,HF9g-P5,,,,X 全窗基线 · 不参与实体赏罚,15055792,1506,A168_HF9F_20260827_0900,2026-08-27 09:00:00
2026-05-30,92755421,2155,0,118.3898973954,-118.3898973954,-118.3898973954,0E-7,1,1,0.49324550000000000,0.493245500000,-0.9865810262130424,-0.9865810262130424,-0.9865810262130424,0E-17,ELIGIBLE,R03b_20260811_FULL_v1,L1_ELIGIBILITY,v2026-08-11,2026-03-21..2026-08-06,baccarat_bet02_101_all_pairs_incl_sentinel,round_win = game_pnl > 0 (decisive only),COMPATIBILITY_ONLY_NOT_PRODUCTION,2500103.8841,2280641.3266,9883.8276,11764,10369,-0.00395337,-0.05088190,-0.00239824,-0.00395337,-9883.8276,2500103.8841,OK,0.0000,395.3531,4.0000,96.0000,AG03-UNRESOLVED,ALL5_LEVELS_bet23_to_bet27,395.3531,395.3531,395.3531,395.3531,395.3531,4.000000,4.000000,4.000000,4.000000,4.000000,96.000000,96.000000,96.000000,96.000000,96.000000,5.0,1976.7655,1824.8244,7907.0621,8059.0032,PENDING_AG03,FALSE,NOT_FOR_ENFORCEMENT,9488.4745,2189415.6736,9883.8276,9488.4745,395.3531,0.00395337,0.00379523,395.3531,9488.4745,0.00379523,395.3531,395.3531,395.3531,395.3531,395.3531,9488.4745,0.00379523,1976.7655,1824.8244,7907.0621,8059.0032,0.00316269,0.00322347,0.00015813,212.5216,219.9480,0.9532,119.0823,2.3972,30121.7335,124.9277,49.0469,238.9093,36.5364,75.9244,374.9013,749.8027,789.266,1183.8989,75.8035,-1.1839,10.395423,15.593133,2.799122,29,215,300,5,0.03207536,0.00395337,0.05088190,0E-8,0.000000,0.912219,0.000000,-0.04848366,2026-03-31,2026-08-01,83,4123,1621,124,0.669355,0.205295,0.230786,0.106918,,,,,,,,GLOBAL_BASELINE_NO_ENTITY_RANKING,,,NOT_APPLICABLE_GLOBAL_BASELINE,HF9g-P5,,,,X 全窗基线 · 不参与实体赏罚,15055793,1506,A168_HF9F_20260827_0900,2026-08-27 09:00:00
2026-05-30,92755421,2156,0,1934.4909234413,374.1120757696,374.1120757696,0.6000000,6,5,0.49841819453094679,0.451166520000,0.4542899179829827,0.6688009916148089,0.4542899179829827,0.04725167453094679,ELIGIBLE,R03b_20260811_FULL_v1,L1_ELIGIBILITY,v2026-08-11,2026-03-21..2026-08-06,baccarat_bet02_101_all_pairs_incl_sentinel,round_win = game_pnl > 0 (decisive only),COMPATIBILITY_ONLY_NOT_PRODUCTION,2500103.8841,2280641.3266,9883.8276,11764,10369,-0.00395337,-0.05088190,-0.00239824,-0.00395337,-9883.8276,2500103.8841,OK,0.0000,395.3531,4.0000,96.0000,AG03-UNRESOLVED,ALL5_LEVELS_bet23_to_bet27,395.3531,395.3531,395.3531,395.3531,395.3531,4.000000,4.000000,4.000000,4.000000,4.000000,96.000000,96.000000,96.000000,96.000000,96.000000,5.0,1976.7655,1824.8244,7907.0621,8059.0032,PENDING_AG03,FALSE,NOT_FOR_ENFORCEMENT,9488.4745,2189415.6736,9883.8276,9488.4745,395.3531,0.00395337,0.00379523,395.3531,9488.4745,0.00379523,395.3531,395.3531,395.3531,395.3531,395.3531,9488.4745,0.00379523,1976.7655,1824.8244,7907.0621,8059.0032,0.00316269,0.00322347,0.00015813,212.5216,219.9480,0.9532,119.0823,2.3972,30121.7335,124.9277,49.0469,238.9093,36.5364,75.9244,374.9013,749.8027,789.266,1183.8989,75.8035,-1.1839,10.395423,15.593133,2.799122,29,215,300,5,0.03207536,0.00395337,0.05088190,0E-8,0.000000,0.912219,0.000000,-0.04848366,2026-03-31,2026-08-01,83,4123,1621,124,0.669355,0.205295,0.230786,0.106918,,,,,,,,GLOBAL_BASELINE_NO_ENTITY_RANKING,,,NOT_APPLICABLE_GLOBAL_BASELINE,HF9g-P5,,,,X 全窗基线 · 不参与实体赏罚,15055794,1506,A168_HF9F_20260827_0900,2026-08-27 09:00:00
2026-05-30,92755421,2169,0,1578.5319652724,-19.7316495659,-19.7316495659,0.5000000,4,4,0.49994810000000000,0.499948100000,0.00020760000111838688,0.00020760000111838688,0.00020760000111838688,0E-17,ELIGIBLE,R03b_20260811_FULL_v1,L1_ELIGIBILITY,v2026-08-11,2026-03-21..2026-08-06,baccarat_bet02_101_all_pairs_incl_sentinel,round_win = game_pnl > 0 (decisive only),COMPATIBILITY_ONLY_NOT_PRODUCTION,2500103.8841,2280641.3266,9883.8276,11764,10369,-0.00395337,-0.05088190,-0.00239824,-0.00395337,-9883.8276,2500103.8841,OK,0.0000,395.3531,4.0000,96.0000,AG03-UNRESOLVED,ALL5_LEVELS_bet23_to_bet27,395.3531,395.3531,395.3531,395.3531,395.3531,4.000000,4.000000,4.000000,4.000000,4.000000,96.000000,96.000000,96.000000,96.000000,96.000000,5.0,1976.7655,1824.8244,7907.0621,8059.0032,PENDING_AG03,FALSE,NOT_FOR_ENFORCEMENT,9488.4745,2189415.6736,9883.8276,9488.4745,395.3531,0.00395337,0.00379523,395.3531,9488.4745,0.00379523,395.3531,395.3531,395.3531,395.3531,395.3531,9488.4745,0.00379523,1976.7655,1824.8244,7907.0621,8059.0032,0.00316269,0.00322347,0.00015813,212.5216,219.9480,0.9532,119.0823,2.3972,30121.7335,124.9277,49.0469,238.9093,36.5364,75.9244,374.9013,749.8027,789.266,1183.8989,75.8035,-1.1839,10.395423,15.593133,2.799122,29,215,300,5,0.03207536,0.00395337,0.05088190,0E-8,0.000000,0.912219,0.000000,-0.04848366,2026-03-31,2026-08-01,83,4123,1621,124,0.669355,0.205295,0.230786,0.106918,,,,,,,,GLOBAL_BASELINE_NO_ENTITY_RANKING,,,NOT_APPLICABLE_GLOBAL_BASELINE,HF9g-P5,,,,X 全窗基线 · 不参与实体赏罚,15055795,1506,A168_HF9F_20260827_0900,2026-08-27 09:00:00
2026-05-30,92755421,2171,0,1091.1602209944,-120.3630623520,-120.3630623520,0.6666667,8,6,0.49913059095983278,0.421996766667,0.8207570387556679,1.2134907606607164,0.8207570387556679,0.07713382429283278,ELIGIBLE,R03b_20260811_FULL_v1,L1_ELIGIBILITY,v2026-08-11,2026-03-21..2026-08-06,baccarat_bet02_101_all_pairs_incl_sentinel,round_win = game_pnl > 0 (decisive only),COMPATIBILITY_ONLY_NOT_PRODUCTION,2500103.8841,2280641.3266,9883.8276,11764,10369,-0.00395337,-0.05088190,-0.00239824,-0.00395337,-9883.8276,2500103.8841,OK,0.0000,395.3531,4.0000,96.0000,AG03-UNRESOLVED,ALL5_LEVELS_bet23_to_bet27,395.3531,395.3531,395.3531,395.3531,395.3531,4.000000,4.000000,4.000000,4.000000,4.000000,96.000000,96.000000,96.000000,96.000000,96.000000,5.0,1976.7655,1824.8244,7907.0621,8059.0032,PENDING_AG03,FALSE,NOT_FOR_ENFORCEMENT,9488.4745,2189415.6736,9883.8276,9488.4745,395.3531,0.00395337,0.00379523,395.3531,9488.4745,0.00379523,395.3531,395.3531,395.3531,395.3531,395.3531,9488.4745,0.00379523,1976.7655,1824.8244,7907.0621,8059.0032,0.00316269,0.00322347,0.00015813,212.5216,219.9480,0.9532,119.0823,2.3972,30121.7335,124.9277,49.0469,238.9093,36.5364,75.9244,374.9013,749.8027,789.266,1183.8989,75.8035,-1.1839,10.395423,15.593133,2.799122,29,215,300,5,0.03207536,0.00395337,0.05088190,0E-8,0.000000,0.912219,0.000000,-0.04848366,2026-03-31,2026-08-01,83,4123,1621,124,0.669355,0.205295,0.230786,0.106918,,,,,,,,GLOBAL_BASELINE_NO_ENTITY_RANKING,,,NOT_APPLICABLE_GLOBAL_BASELINE,HF9g-P5,,,,X 全窗基线 · 不参与实体赏罚,15055796,1506,A168_HF9F_20260827_0900,2026-08-27 09:00:00
2026-05-30,92755421,2177,0,1933.7016574587,0E-10,0E-10,0.5000000,5,5,0.49860758000000000,0.498607580000,0.005569701597489473,0.005569701597489473,0.005569701597489473,0E-17,ELIGIBLE,R03b_20260811_FULL_v1,L1_ELIGIBILITY,v2026-08-11,2026-03-21..2026-08-06,baccarat_bet02_101_all_pairs_incl_sentinel,round_win = game_pnl > 0 (decisive only),COMPATIBILITY_ONLY_NOT_PRODUCTION,2500103.8841,2280641.3266,9883.8276,11764,10369,-0.00395337,-0.05088190,-0.00239824,-0.00395337,-9883.8276,2500103.8841,OK,0.0000,395.3531,4.0000,96.0000,AG03-UNRESOLVED,ALL5_LEVELS_bet23_to_bet27,395.3531,395.3531,395.3531,395.3531,395.3531,4.000000,4.000000,4.000000,4.000000,4.000000,96.000000,96.000000,96.000000,96.000000,96.000000,5.0,1976.7655,1824.8244,7907.0621,8059.0032,PENDING_AG03,FALSE,NOT_FOR_ENFORCEMENT,9488.4745,2189415.6736,9883.8276,9488.4745,395.3531,0.00395337,0.00379523,395.3531,9488.4745,0.00379523,395.3531,395.3531,395.3531,395.3531,395.3531,9488.4745,0.00379523,1976.7655,1824.8244,7907.0621,8059.0032,0.00316269,0.00322347,0.00015813,212.5216,219.9480,0.9532,119.0823,2.3972,30121.7335,124.9277,49.0469,238.9093,36.5364,75.9244,374.9013,749.8027,789.266,1183.8989,75.8035,-1.1839,10.395423,15.593133,2.799122,29,215,300,5,0.03207536,0.00395337,0.05088190,0E-8,0.000000,0.912219,0.000000,-0.04848366,2026-03-31,2026-08-01,83,4123,1621,124,0.669355,0.205295,0.230786,0.106918,,,,,,,,GLOBAL_BASELINE_NO_ENTITY_RANKING,,,NOT_APPLICABLE_GLOBAL_BASELINE,HF9g-P5,,,,X 全窗基线 · 不参与实体赏罚,15055797,1506,A168_HF9F_20260827_0900,2026-08-27 09:00:00
2026-05-30,92755421,2196,0,1775.8484609314,-217.0481452249,-217.0481452249,0.4000000,5,5,0.49860758000000000,0.498607580000,-0.440988213962219,-0.440988213962219,-0.440988213962219,0E-17,ELIGIBLE,R03b_20260811_FULL_v1,L1_ELIGIBILITY,v2026-08-11,2026-03-21..2026-08-06,baccarat_bet02_101_all_pairs_incl_sentinel,round_win = game_pnl > 0 (decisive only),COMPATIBILITY_ONLY_NOT_PRODUCTION,2500103.8841,2280641.3266,9883.8276,11764,10369,-0.00395337,-0.05088190,-0.00239824,-0.00395337,-9883.8276,2500103.8841,OK,0.0000,395.3531,4.0000,96.0000,AG03-UNRESOLVED,ALL5_LEVELS_bet23_to_bet27,395.3531,395.3531,395.3531,395.3531,395.3531,4.000000,4.000000,4.000000,4.000000,4.000000,96.000000,96.000000,96.000000,96.000000,96.000000,5.0,1976.7655,1824.8244,7907.0621,8059.0032,PENDING_AG03,FALSE,NOT_FOR_ENFORCEMENT,9488.4745,2189415.6736,9883.8276,9488.4745,395.3531,0.00395337,0.00379523,395.3531,9488.4745,0.00379523,395.3531,395.3531,395.3531,395.3531,395.3531,9488.4745,0.00379523,1976.7655,1824.8244,7907.0621,8059.0032,0.00316269,0.00322347,0.00015813,212.5216,219.9480,0.9532,119.0823,2.3972,30121.7335,124.9277,49.0469,238.9093,36.5364,75.9244,374.9013,749.8027,789.266,1183.8989,75.8035,-1.1839,10.395423,15.593133,2.799122,29,215,300,5,0.03207536,0.00395337,0.05088190,0E-8,0.000000,0.912219,0.000000,-0.04848366,2026-03-31,2026-08-01,83,4123,1621,124,0.669355,0.205295,0.230786,0.106918,,,,,,,,GLOBAL_BASELINE_NO_ENTITY_RANKING,,,NOT_APPLICABLE_GLOBAL_BASELINE,HF9g-P5,,,,X 全窗基线 · 不参与实体赏罚,15055798,1506,A168_HF9F_20260827_0900,2026-08-27 09:00:00
2026-05-30,92755421,2208,0,394.6329913181,-394.6329913181,-394.6329913181,0E-7,1,1,0.50665070000000000,0.506650700000,-1.013391052207602,-1.013391052207602,-1.013391052207602,0E-17,ELIGIBLE,R03b_20260811_FULL_v1,L1_ELIGIBILITY,v2026-08-11,2026-03-21..2026-08-06,baccarat_bet02_101_all_pairs_incl_sentinel,round_win = game_pnl > 0 (decisive only),COMPATIBILITY_ONLY_NOT_PRODUCTION,2500103.8841,2280641.3266,9883.8276,11764,10369,-0.00395337,-0.05088190,-0.00239824,-0.00395337,-9883.8276,2500103.8841,OK,0.0000,395.3531,4.0000,96.0000,AG03-UNRESOLVED,ALL5_LEVELS_bet23_to_bet27,395.3531,395.3531,395.3531,395.3531,395.3531,4.000000,4.000000,4.000000,4.000000,4.000000,96.000000,96.000000,96.000000,96.000000,96.000000,5.0,1976.7655,1824.8244,7907.0621,8059.0032,PENDING_AG03,FALSE,NOT_FOR_ENFORCEMENT,9488.4745,2189415.6736,9883.8276,9488.4745,395.3531,0.00395337,0.00379523,395.3531,9488.4745,0.00379523,395.3531,395.3531,395.3531,395.3531,395.3531,9488.4745,0.00379523,1976.7655,1824.8244,7907.0621,8059.0032,0.00316269,0.00322347,0.00015813,212.5216,219.9480,0.9532,119.0823,2.3972,30121.7335,124.9277,49.0469,238.9093,36.5364,75.9244,374.9013,749.8027,789.266,1183.8989,75.8035,-1.1839,10.395423,15.593133,2.799122,29,215,300,5,0.03207536,0.00395337,0.05088190,0E-8,0.000000,0.912219,0.000000,-0.04848366,2026-03-31,2026-08-01,83,4123,1621,124,0.669355,0.205295,0.230786,0.106918,,,,,,,,GLOBAL_BASELINE_NO_ENTITY_RANKING,,,NOT_APPLICABLE_GLOBAL_BASELINE,HF9g-P5,,,,X 全窗基线 · 不参与实体赏罚,15055799,1506,A168_HF9F_20260827_0900,2026-08-27 09:00:00
2026-05-30,92755421,2216,0,631.4127861089,388.7134964484,388.7134964484,0.6666667,3,3,0.50218230000000000,0.502182300000,0.5697959874915163,0.5697959874915164,0.5697959874915163,0E-17,ELIGIBLE,R03b_20260811_FULL_v1,L1_ELIGIBILITY,v2026-08-11,2026-03-21..2026-08-06,baccarat_bet02_101_all_pairs_incl_sentinel,round_win = game_pnl > 0 (decisive only),COMPATIBILITY_ONLY_NOT_PRODUCTION,2500103.8841,2280641.3266,9883.8276,11764,10369,-0.00395337,-0.05088190,-0.00239824,-0.00395337,-9883.8276,2500103.8841,OK,0.0000,395.3531,4.0000,96.0000,AG03-UNRESOLVED,ALL5_LEVELS_bet23_to_bet27,395.3531,395.3531,395.3531,395.3531,395.3531,4.000000,4.000000,4.000000,4.000000,4.000000,96.000000,96.000000,96.000000,96.000000,96.000000,5.0,1976.7655,1824.8244,7907.0621,8059.0032,PENDING_AG03,FALSE,NOT_FOR_ENFORCEMENT,9488.4745,2189415.6736,9883.8276,9488.4745,395.3531,0.00395337,0.00379523,395.3531,9488.4745,0.00379523,395.3531,395.3531,395.3531,395.3531,395.3531,9488.4745,0.00379523,1976.7655,1824.8244,7907.0621,8059.0032,0.00316269,0.00322347,0.00015813,212.5216,219.9480,0.9532,119.0823,2.3972,30121.7335,124.9277,49.0469,238.9093,36.5364,75.9244,374.9013,749.8027,789.266,1183.8989,75.8035,-1.1839,10.395423,15.593133,2.799122,29,215,300,5,0.03207536,0.00395337,0.05088190,0E-8,0.000000,0.912219,0.000000,-0.04848366,2026-03-31,2026-08-01,83,4123,1621,124,0.669355,0.205295,0.230786,0.106918,,,,,,,,GLOBAL_BASELINE_NO_ENTITY_RANKING,,,NOT_APPLICABLE_GLOBAL_BASELINE,HF9g-P5,,,,X 全窗基线 · 不参与实体赏罚,15055800,1506,A168_HF9F_20260827_0900,2026-08-27 09:00:00
2026-05-30,92755421,2218,0,1756.9060773480,137.3322809787,137.3322809787,0.3333333,4,3,0.49273622623084054,0.418645466667,-0.5522460974883112,-0.29952129269995326,-0.5522460974883112,0.07409075956384054,ELIGIBLE,R03b_20260811_FULL_v1,L1_ELIGIBILITY,v2026-08-11,2026-03-21..2026-08-06,baccarat_bet02_101_all_pairs_incl_sentinel,round_win = game_pnl > 0 (decisive only),COMPATIBILITY_ONLY_NOT_PRODUCTION,2500103.8841,2280641.3266,9883.8276,11764,10369,-0.00395337,-0.05088190,-0.00239824,-0.00395337,-9883.8276,2500103.8841,OK,0.0000,395.3531,4.0000,96.0000,AG03-UNRESOLVED,ALL5_LEVELS_bet23_to_bet27,395.3531,395.3531,395.3531,395.3531,395.3531,4.000000,4.000000,4.000000,4.000000,4.000000,96.000000,96.000000,96.000000,96.000000,96.000000,5.0,1976.7655,1824.8244,7907.0621,8059.0032,PENDING_AG03,FALSE,NOT_FOR_ENFORCEMENT,9488.4745,2189415.6736,9883.8276,9488.4745,395.3531,0.00395337,0.00379523,395.3531,9488.4745,0.00379523,395.3531,395.3531,395.3531,395.3531,395.3531,9488.4745,0.00379523,1976.7655,1824.8244,7907.0621,8059.0032,0.00316269,0.00322347,0.00015813,212.5216,219.9480,0.9532,119.0823,2.3972,30121.7335,124.9277,49.0469,238.9093,36.5364,75.9244,374.9013,749.8027,789.266,1183.8989,75.8035,-1.1839,10.395423,15.593133,2.799122,29,215,300,5,0.03207536,0.00395337,0.05088190,0E-8,0.000000,0.912219,0.000000,-0.04848366,2026-03-31,2026-08-01,83,4123,1621,124,0.669355,0.205295,0.230786,0.106918,,,,,,,,GLOBAL_BASELINE_NO_ENTITY_RANKING,,,NOT_APPLICABLE_GLOBAL_BASELINE,HF9g-P5,,,,X 全窗基线 · 不参与实体赏罚,15055801,1506,A168_HF9F_20260827_0900,2026-08-27 09:00:00
2026-05-30,92755421,2220,0,394.6329913181,-394.6329913181,-394.6329913181,0E-7,1,1,0.50665070000000000,0.506650700000,-1.013391052207602,-1.013391052207602,-1.013391052207602,0E-17,ELIGIBLE,R03b_20260811_FULL_v1,L1_ELIGIBILITY,v2026-08-11,2026-03-21..2026-08-06,baccarat_bet02_101_all_pairs_incl_sentinel,round_win = game_pnl > 0 (decisive only),COMPATIBILITY_ONLY_NOT_PRODUCTION,2500103.8841,2280641.3266,9883.8276,11764,10369,-0.00395337,-0.05088190,-0.00239824,-0.00395337,-9883.8276,2500103.8841,OK,0.0000,395.3531,4.0000,96.0000,AG03-UNRESOLVED,ALL5_LEVELS_bet23_to_bet27,395.3531,395.3531,395.3531,395.3531,395.3531,4.000000,4.000000,4.000000,4.000000,4.000000,96.000000,96.000000,96.000000,96.000000,96.000000,5.0,1976.7655,1824.8244,7907.0621,8059.0032,PENDING_AG03,FALSE,NOT_FOR_ENFORCEMENT,9488.4745,2189415.6736,9883.8276,9488.4745,395.3531,0.00395337,0.00379523,395.3531,9488.4745,0.00379523,395.3531,395.3531,395.3531,395.3531,395.3531,9488.4745,0.00379523,1976.7655,1824.8244,7907.0621,8059.0032,0.00316269,0.00322347,0.00015813,212.5216,219.9480,0.9532,119.0823,2.3972,30121.7335,124.9277,49.0469,238.9093,36.5364,75.9244,374.9013,749.8027,789.266,1183.8989,75.8035,-1.1839,10.395423,15.593133,2.799122,29,215,300,5,0.03207536,0.00395337,0.05088190,0E-8,0.000000,0.912219,0.000000,-0.04848366,2026-03-31,2026-08-01,83,4123,1621,124,0.669355,0.205295,0.230786,0.106918,,,,,,,,GLOBAL_BASELINE_NO_ENTITY_RANKING,,,NOT_APPLICABLE_GLOBAL_BASELINE,HF9g-P5,,,,X 全窗基线 · 不参与实体赏罚,15055802,1506,A168_HF9F_20260827_0900,2026-08-27 09:00:00
2026-05-30,92755421,2222,0,1262.8255722178,-19.7316495659,-19.7316495659,0.5000000,5,5,0.50128862000000000,0.501288620000,-0.0051544971185412255,-0.0051544971185412255,-0.0051544971185412255,0E-17,ELIGIBLE,R03b_20260811_FULL_v1,L1_ELIGIBILITY,v2026-08-11,2026-03-21..2026-08-06,baccarat_bet02_101_all_pairs_incl_sentinel,round_win = game_pnl > 0 (decisive only),COMPATIBILITY_ONLY_NOT_PRODUCTION,2500103.8841,2280641.3266,9883.8276,11764,10369,-0.00395337,-0.05088190,-0.00239824,-0.00395337,-9883.8276,2500103.8841,OK,0.0000,395.3531,4.0000,96.0000,AG03-UNRESOLVED,ALL5_LEVELS_bet23_to_bet27,395.3531,395.3531,395.3531,395.3531,395.3531,4.000000,4.000000,4.000000,4.000000,4.000000,96.000000,96.000000,96.000000,96.000000,96.000000,5.0,1976.7655,1824.8244,7907.0621,8059.0032,PENDING_AG03,FALSE,NOT_FOR_ENFORCEMENT,9488.4745,2189415.6736,9883.8276,9488.4745,395.3531,0.00395337,0.00379523,395.3531,9488.4745,0.00379523,395.3531,395.3531,395.3531,395.3531,395.3531,9488.4745,0.00379523,1976.7655,1824.8244,7907.0621,8059.0032,0.00316269,0.00322347,0.00015813,212.5216,219.9480,0.9532,119.0823,2.3972,30121.7335,124.9277,49.0469,238.9093,36.5364,75.9244,374.9013,749.8027,789.266,1183.8989,75.8035,-1.1839,10.395423,15.593133,2.799122,29,215,300,5,0.03207536,0.00395337,0.05088190,0E-8,0.000000,0.912219,0.000000,-0.04848366,2026-03-31,2026-08-01,83,4123,1621,124,0.669355,0.205295,0.230786,0.106918,,,,,,,,GLOBAL_BASELINE_NO_ENTITY_RANKING,,,NOT_APPLICABLE_GLOBAL_BASELINE,HF9g-P5,,,,X 全窗基线 · 不参与实体赏罚,15055803,1506,A168_HF9F_20260827_0900,2026-08-27 09:00:00
2026-05-30,92755421,2223,0,2207.9715864247,-5.9194948696,-5.9194948696,0.5555556,11,9,0.49955712658616626,0.449470011111,0.3359907056166861,0.6397887708700951,0.3359907056166861,0.05008711547516626,ELIGIBLE,R03b_20260811_FULL_v1,L1_ELIGIBILITY,v2026-08-11,2026-03-21..2026-08-06,baccarat_bet02_101_all_pairs_incl_sentinel,round_win = game_pnl > 0 (decisive only),COMPATIBILITY_ONLY_NOT_PRODUCTION,2500103.8841,2280641.3266,9883.8276,11764,10369,-0.00395337,-0.05088190,-0.00239824,-0.00395337,-9883.8276,2500103.8841,OK,0.0000,395.3531,4.0000,96.0000,AG03-UNRESOLVED,ALL5_LEVELS_bet23_to_bet27,395.3531,395.3531,395.3531,395.3531,395.3531,4.000000,4.000000,4.000000,4.000000,4.000000,96.000000,96.000000,96.000000,96.000000,96.000000,5.0,1976.7655,1824.8244,7907.0621,8059.0032,PENDING_AG03,FALSE,NOT_FOR_ENFORCEMENT,9488.4745,2189415.6736,9883.8276,9488.4745,395.3531,0.00395337,0.00379523,395.3531,9488.4745,0.00379523,395.3531,395.3531,395.3531,395.3531,395.3531,9488.4745,0.00379523,1976.7655,1824.8244,7907.0621,8059.0032,0.00316269,0.00322347,0.00015813,212.5216,219.9480,0.9532,119.0823,2.3972,30121.7335,124.9277,49.0469,238.9093,36.5364,75.9244,374.9013,749.8027,789.266,1183.8989,75.8035,-1.1839,10.395423,15.593133,2.799122,29,215,300,5,0.03207536,0.00395337,0.05088190,0E-8,0.000000,0.912219,0.000000,-0.04848366,2026-03-31,2026-08-01,83,4123,1621,124,0.669355,0.205295,0.230786,0.106918,,,,,,,,GLOBAL_BASELINE_NO_ENTITY_RANKING,,,NOT_APPLICABLE_GLOBAL_BASELINE,HF9g-P5,,,,X 全窗基线 · 不参与实体赏罚,15055804,1506,A168_HF9F_20260827_0900,2026-08-27 09:00:00
2026-05-30,92755421,2224,0,1164.1673243884,394.6329913181,394.6329913181,0.6666667,3,3,0.49771390000000000,0.497713900000,0.5852756695216578,0.5852756695216578,0.5852756695216578,0E-17,ELIGIBLE,R03b_20260811_FULL_v1,L1_ELIGIBILITY,v2026-08-11,2026-03-21..2026-08-06,baccarat_bet02_101_all_pairs_incl_sentinel,round_win = game_pnl > 0 (decisive only),COMPATIBILITY_ONLY_NOT_PRODUCTION,2500103.8841,2280641.3266,9883.8276,11764,10369,-0.00395337,-0.05088190,-0.00239824,-0.00395337,-9883.8276,2500103.8841,OK,0.0000,395.3531,4.0000,96.0000,AG03-UNRESOLVED,ALL5_LEVELS_bet23_to_bet27,395.3531,395.3531,395.3531,395.3531,395.3531,4.000000,4.000000,4.000000,4.000000,4.000000,96.000000,96.000000,96.000000,96.000000,96.000000,5.0,1976.7655,1824.8244,7907.0621,8059.0032,PENDING_AG03,FALSE,NOT_FOR_ENFORCEMENT,9488.4745,2189415.6736,9883.8276,9488.4745,395.3531,0.00395337,0.00379523,395.3531,9488.4745,0.00379523,395.3531,395.3531,395.3531,395.3531,395.3531,9488.4745,0.00379523,1976.7655,1824.8244,7907.0621,8059.0032,0.00316269,0.00322347,0.00015813,212.5216,219.9480,0.9532,119.0823,2.3972,30121.7335,124.9277,49.0469,238.9093,36.5364,75.9244,374.9013,749.8027,789.266,1183.8989,75.8035,-1.1839,10.395423,15.593133,2.799122,29,215,300,5,0.03207536,0.00395337,0.05088190,0E-8,0.000000,0.912219,0.000000,-0.04848366,2026-03-31,2026-08-01,83,4123,1621,124,0.669355,0.205295,0.230786,0.106918,,,,,,,,GLOBAL_BASELINE_NO_ENTITY_RANKING,,,NOT_APPLICABLE_GLOBAL_BASELINE,HF9g-P5,,,,X 全窗基线 · 不参与实体赏罚,15055805,1506,A168_HF9F_20260827_0900,2026-08-27 09:00:00
2026-05-30,92755421,2229,0,197.3164956590,-197.3164956590,-197.3164956590,0E-7,1,1,0.50665070000000000,0.506650700000,-1.013391052207602,-1.013391052207602,-1.013391052207602,0E-17,ELIGIBLE,R03b_20260811_FULL_v1,L1_ELIGIBILITY,v2026-08-11,2026-03-21..2026-08-06,baccarat_bet02_101_all_pairs_incl_sentinel,round_win = game_pnl > 0 (decisive only),COMPATIBILITY_ONLY_NOT_PRODUCTION,2500103.8841,2280641.3266,9883.8276,11764,10369,-0.00395337,-0.05088190,-0.00239824,-0.00395337,-9883.8276,2500103.8841,OK,0.0000,395.3531,4.0000,96.0000,AG03-UNRESOLVED,ALL5_LEVELS_bet23_to_bet27,395.3531,395.3531,395.3531,395.3531,395.3531,4.000000,4.000000,4.000000,4.000000,4.000000,96.000000,96.000000,96.000000,96.000000,96.000000,5.0,1976.7655,1824.8244,7907.0621,8059.0032,PENDING_AG03,FALSE,NOT_FOR_ENFORCEMENT,9488.4745,2189415.6736,9883.8276,9488.4745,395.3531,0.00395337,0.00379523,395.3531,9488.4745,0.00379523,395.3531,395.3531,395.3531,395.3531,395.3531,9488.4745,0.00379523,1976.7655,1824.8244,7907.0621,8059.0032,0.00316269,0.00322347,0.00015813,212.5216,219.9480,0.9532,119.0823,2.3972,30121.7335,124.9277,49.0469,238.9093,36.5364,75.9244,374.9013,749.8027,789.266,1183.8989,75.8035,-1.1839,10.395423,15.593133,2.799122,29,215,300,5,0.03207536,0.00395337,0.05088190,0E-8,0.000000,0.912219,0.000000,-0.04848366,2026-03-31,2026-08-01,83,4123,1621,124,0.669355,0.205295,0.230786,0.106918,,,,,,,,GLOBAL_BASELINE_NO_ENTITY_RANKING,,,NOT_APPLICABLE_GLOBAL_BASELINE,HF9g-P5,,,,X 全窗基线 · 不参与实体赏罚,15055806,1506,A168_HF9F_20260827_0900,2026-08-27 09:00:00
2026-05-30,92755421,2234,0,394.6329913181,-394.6329913181,-394.6329913181,0E-7,1,1,0.50665070000000000,0.506650700000,-1.013391052207602,-1.013391052207602,-1.013391052207602,0E-17,ELIGIBLE,R03b_20260811_FULL_v1,L1_ELIGIBILITY,v2026-08-11,2026-03-21..2026-08-06,baccarat_bet02_101_all_pairs_incl_sentinel,round_win = game_pnl > 0 (decisive only),COMPATIBILITY_ONLY_NOT_PRODUCTION,2500103.8841,2280641.3266,9883.8276,11764,10369,-0.00395337,-0.05088190,-0.00239824,-0.00395337,-9883.8276,2500103.8841,OK,0.0000,395.3531,4.0000,96.0000,AG03-UNRESOLVED,ALL5_LEVELS_bet23_to_bet27,395.3531,395.3531,395.3531,395.3531,395.3531,4.000000,4.000000,4.000000,4.000000,4.000000,96.000000,96.000000,96.000000,96.000000,96.000000,5.0,1976.7655,1824.8244,7907.0621,8059.0032,PENDING_AG03,FALSE,NOT_FOR_ENFORCEMENT,9488.4745,2189415.6736,9883.8276,9488.4745,395.3531,0.00395337,0.00379523,395.3531,9488.4745,0.00379523,395.3531,395.3531,395.3531,395.3531,395.3531,9488.4745,0.00379523,1976.7655,1824.8244,7907.0621,8059.0032,0.00316269,0.00322347,0.00015813,212.5216,219.9480,0.9532,119.0823,2.3972,30121.7335,124.9277,49.0469,238.9093,36.5364,75.9244,374.9013,749.8027,789.266,1183.8989,75.8035,-1.1839,10.395423,15.593133,2.799122,29,215,300,5,0.03207536,0.00395337,0.05088190,0E-8,0.000000,0.912219,0.000000,-0.04848366,2026-03-31,2026-08-01,83,4123,1621,124,0.669355,0.205295,0.230786,0.106918,,,,,,,,GLOBAL_BASELINE_NO_ENTITY_RANKING,,,NOT_APPLICABLE_GLOBAL_BASELINE,HF9g-P5,,,,X 全窗基线 · 不参与实体赏罚,15055807,1506,A168_HF9F_20260827_0900,2026-08-27 09:00:00
2026-05-30,92755421,2235,0,394.6329913181,-394.6329913181,-394.6329913181,0E-7,1,1,0.49324550000000000,0.493245500000,-0.9865810262130424,-0.9865810262130424,-0.9865810262130424,0E-17,ELIGIBLE,R03b_20260811_FULL_v1,L1_ELIGIBILITY,v2026-08-11,2026-03-21..2026-08-06,baccarat_bet02_101_all_pairs_incl_sentinel,round_win = game_pnl > 0 (decisive only),COMPATIBILITY_ONLY_NOT_PRODUCTION,2500103.8841,2280641.3266,9883.8276,11764,10369,-0.00395337,-0.05088190,-0.00239824,-0.00395337,-9883.8276,2500103.8841,OK,0.0000,395.3531,4.0000,96.0000,AG03-UNRESOLVED,ALL5_LEVELS_bet23_to_bet27,395.3531,395.3531,395.3531,395.3531,395.3531,4.000000,4.000000,4.000000,4.000000,4.000000,96.000000,96.000000,96.000000,96.000000,96.000000,5.0,1976.7655,1824.8244,7907.0621,8059.0032,PENDING_AG03,FALSE,NOT_FOR_ENFORCEMENT,9488.4745,2189415.6736,9883.8276,9488.4745,395.3531,0.00395337,0.00379523,395.3531,9488.4745,0.00379523,395.3531,395.3531,395.3531,395.3531,395.3531,9488.4745,0.00379523,1976.7655,1824.8244,7907.0621,8059.0032,0.00316269,0.00322347,0.00015813,212.5216,219.9480,0.9532,119.0823,2.3972,30121.7335,124.9277,49.0469,238.9093,36.5364,75.9244,374.9013,749.8027,789.266,1183.8989,75.8035,-1.1839,10.395423,15.593133,2.799122,29,215,300,5,0.03207536,0.00395337,0.05088190,0E-8,0.000000,0.912219,0.000000,-0.04848366,2026-03-31,2026-08-01,83,4123,1621,124,0.669355,0.205295,0.230786,0.106918,,,,,,,,GLOBAL_BASELINE_NO_ENTITY_RANKING,,,NOT_APPLICABLE_GLOBAL_BASELINE,HF9g-P5,,,,X 全窗基线 · 不参与实体赏罚,15055808,1506,A168_HF9F_20260827_0900,2026-08-27 09:00:00
2026-05-30,92755421,2244,0,769.5343330703,0E-10,0E-10,0.5000000,2,2,0.49994810000000000,0.499948100000,0.00014679536856514622,0.00014679536856514622,0.00014679536856514622,0E-17,ELIGIBLE,R03b_20260811_FULL_v1,L1_ELIGIBILITY,v2026-08-11,2026-03-21..2026-08-06,baccarat_bet02_101_all_pairs_incl_sentinel,round_win = game_pnl > 0 (decisive only),COMPATIBILITY_ONLY_NOT_PRODUCTION,2500103.8841,2280641.3266,9883.8276,11764,10369,-0.00395337,-0.05088190,-0.00239824,-0.00395337,-9883.8276,2500103.8841,OK,0.0000,395.3531,4.0000,96.0000,AG03-UNRESOLVED,ALL5_LEVELS_bet23_to_bet27,395.3531,395.3531,395.3531,395.3531,395.3531,4.000000,4.000000,4.000000,4.000000,4.000000,96.000000,96.000000,96.000000,96.000000,96.000000,5.0,1976.7655,1824.8244,7907.0621,8059.0032,PENDING_AG03,FALSE,NOT_FOR_ENFORCEMENT,9488.4745,2189415.6736,9883.8276,9488.4745,395.3531,0.00395337,0.00379523,395.3531,9488.4745,0.00379523,395.3531,395.3531,395.3531,395.3531,395.3531,9488.4745,0.00379523,1976.7655,1824.8244,7907.0621,8059.0032,0.00316269,0.00322347,0.00015813,212.5216,219.9480,0.9532,119.0823,2.3972,30121.7335,124.9277,49.0469,238.9093,36.5364,75.9244,374.9013,749.8027,789.266,1183.8989,75.8035,-1.1839,10.395423,15.593133,2.799122,29,215,300,5,0.03207536,0.00395337,0.05088190,0E-8,0.000000,0.912219,0.000000,-0.04848366,2026-03-31,2026-08-01,83,4123,1621,124,0.669355,0.205295,0.230786,0.106918,,,,,,,,GLOBAL_BASELINE_NO_ENTITY_RANKING,,,NOT_APPLICABLE_GLOBAL_BASELINE,HF9g-P5,,,,X 全窗基线 · 不参与实体赏罚,15055809,1506,A168_HF9F_20260827_0900,2026-08-27 09:00:00
2026-05-30,92755421,2248,0,394.6329913181,-394.6329913181,-394.6329913181,0E-7,1,1,0.49324550000000000,0.493245500000,-0.9865810262130424,-0.9865810262130424,-0.9865810262130424,0E-17,ELIGIBLE,R03b_20260811_FULL_v1,L1_ELIGIBILITY,v2026-08-11,2026-03-21..2026-08-06,baccarat_bet02_101_all_pairs_incl_sentinel,round_win = game_pnl > 0 (decisive only),COMPATIBILITY_ONLY_NOT_PRODUCTION,2500103.8841,2280641.3266,9883.8276,11764,10369,-0.00395337,-0.05088190,-0.00239824,-0.00395337,-9883.8276,2500103.8841,OK,0.0000,395.3531,4.0000,96.0000,AG03-UNRESOLVED,ALL5_LEVELS_bet23_to_bet27,395.3531,395.3531,395.3531,395.3531,395.3531,4.000000,4.000000,4.000000,4.000000,4.000000,96.000000,96.000000,96.000000,96.000000,96.000000,5.0,1976.7655,1824.8244,7907.0621,8059.0032,PENDING_AG03,FALSE,NOT_FOR_ENFORCEMENT,9488.4745,2189415.6736,9883.8276,9488.4745,395.3531,0.00395337,0.00379523,395.3531,9488.4745,0.00379523,395.3531,395.3531,395.3531,395.3531,395.3531,9488.4745,0.00379523,1976.7655,1824.8244,7907.0621,8059.0032,0.00316269,0.00322347,0.00015813,212.5216,219.9480,0.9532,119.0823,2.3972,30121.7335,124.9277,49.0469,238.9093,36.5364,75.9244,374.9013,749.8027,789.266,1183.8989,75.8035,-1.1839,10.395423,15.593133,2.799122,29,215,300,5,0.03207536,0.00395337,0.05088190,0E-8,0.000000,0.912219,0.000000,-0.04848366,2026-03-31,2026-08-01,83,4123,1621,124,0.669355,0.205295,0.230786,0.106918,,,,,,,,GLOBAL_BASELINE_NO_ENTITY_RANKING,,,NOT_APPLICABLE_GLOBAL_BASELINE,HF9g-P5,,,,X 全窗基线 · 不参与实体赏罚,15055810,1506,A168_HF9F_20260827_0900,2026-08-27 09:00:00
2026-05-30,92755421,2250,0,1519.3370165747,712.3125493292,712.3125493292,0.7500000,4,4,0.49994810000000000,0.499948100000,1.0002076053883384,1.0002076053883384,1.0002076053883384,0E-17,ELIGIBLE,R03b_20260811_FULL_v1,L1_ELIGIBILITY,v2026-08-11,2026-03-21..2026-08-06,baccarat_bet02_101_all_pairs_incl_sentinel,round_win = game_pnl > 0 (decisive only),COMPATIBILITY_ONLY_NOT_PRODUCTION,2500103.8841,2280641.3266,9883.8276,11764,10369,-0.00395337,-0.05088190,-0.00239824,-0.00395337,-9883.8276,2500103.8841,OK,0.0000,395.3531,4.0000,96.0000,AG03-UNRESOLVED,ALL5_LEVELS_bet23_to_bet27,395.3531,395.3531,395.3531,395.3531,395.3531,4.000000,4.000000,4.000000,4.000000,4.000000,96.000000,96.000000,96.000000,96.000000,96.000000,5.0,1976.7655,1824.8244,7907.0621,8059.0032,PENDING_AG03,FALSE,NOT_FOR_ENFORCEMENT,9488.4745,2189415.6736,9883.8276,9488.4745,395.3531,0.00395337,0.00379523,395.3531,9488.4745,0.00379523,395.3531,395.3531,395.3531,395.3531,395.3531,9488.4745,0.00379523,1976.7655,1824.8244,7907.0621,8059.0032,0.00316269,0.00322347,0.00015813,212.5216,219.9480,0.9532,119.0823,2.3972,30121.7335,124.9277,49.0469,238.9093,36.5364,75.9244,374.9013,749.8027,789.266,1183.8989,75.8035,-1.1839,10.395423,15.593133,2.799122,29,215,300,5,0.03207536,0.00395337,0.05088190,0E-8,0.000000,0.912219,0.000000,-0.04848366,2026-03-31,2026-08-01,83,4123,1621,124,0.669355,0.205295,0.230786,0.106918,,,,,,,,GLOBAL_BASELINE_NO_ENTITY_RANKING,,,NOT_APPLICABLE_GLOBAL_BASELINE,HF9g-P5,,,,X 全窗基线 · 不参与实体赏罚,15055811,1506,A168_HF9F_20260827_0900,2026-08-27 09:00:00
2026-05-30,92755421,2267,0,789.2659826362,0E-10,0E-10,0.5000000,2,2,0.49994810000000000,0.499948100000,0.00014679536856514622,0.00014679536856514622,0.00014679536856514622,0E-17,ELIGIBLE,R03b_20260811_FULL_v1,L1_ELIGIBILITY,v2026-08-11,2026-03-21..2026-08-06,baccarat_bet02_101_all_pairs_incl_sentinel,round_win = game_pnl > 0 (decisive only),COMPATIBILITY_ONLY_NOT_PRODUCTION,2500103.8841,2280641.3266,9883.8276,11764,10369,-0.00395337,-0.05088190,-0.00239824,-0.00395337,-9883.8276,2500103.8841,OK,0.0000,395.3531,4.0000,96.0000,AG03-UNRESOLVED,ALL5_LEVELS_bet23_to_bet27,395.3531,395.3531,395.3531,395.3531,395.3531,4.000000,4.000000,4.000000,4.000000,4.000000,96.000000,96.000000,96.000000,96.000000,96.000000,5.0,1976.7655,1824.8244,7907.0621,8059.0032,PENDING_AG03,FALSE,NOT_FOR_ENFORCEMENT,9488.4745,2189415.6736,9883.8276,9488.4745,395.3531,0.00395337,0.00379523,395.3531,9488.4745,0.00379523,395.3531,395.3531,395.3531,395.3531,395.3531,9488.4745,0.00379523,1976.7655,1824.8244,7907.0621,8059.0032,0.00316269,0.00322347,0.00015813,212.5216,219.9480,0.9532,119.0823,2.3972,30121.7335,124.9277,49.0469,238.9093,36.5364,75.9244,374.9013,749.8027,789.266,1183.8989,75.8035,-1.1839,10.395423,15.593133,2.799122,29,215,300,5,0.03207536,0.00395337,0.05088190,0E-8,0.000000,0.912219,0.000000,-0.04848366,2026-03-31,2026-08-01,83,4123,1621,124,0.669355,0.205295,0.230786,0.106918,,,,,,,,GLOBAL_BASELINE_NO_ENTITY_RANKING,,,NOT_APPLICABLE_GLOBAL_BASELINE,HF9g-P5,,,,X 全窗基线 · 不参与实体赏罚,15055812,1506,A168_HF9F_20260827_0900,2026-08-27 09:00:00
2026-05-30,92755421,2278,0,394.6329913181,-394.6329913181,-394.6329913181,0E-7,1,1,0.50665070000000000,0.506650700000,-1.013391052207602,-1.013391052207602,-1.013391052207602,0E-17,ELIGIBLE,R03b_20260811_FULL_v1,L1_ELIGIBILITY,v2026-08-11,2026-03-21..2026-08-06,baccarat_bet02_101_all_pairs_incl_sentinel,round_win = game_pnl > 0 (decisive only),COMPATIBILITY_ONLY_NOT_PRODUCTION,2500103.8841,2280641.3266,9883.8276,11764,10369,-0.00395337,-0.05088190,-0.00239824,-0.00395337,-9883.8276,2500103.8841,OK,0.0000,395.3531,4.0000,96.0000,AG03-UNRESOLVED,ALL5_LEVELS_bet23_to_bet27,395.3531,395.3531,395.3531,395.3531,395.3531,4.000000,4.000000,4.000000,4.000000,4.000000,96.000000,96.000000,96.000000,96.000000,96.000000,5.0,1976.7655,1824.8244,7907.0621,8059.0032,PENDING_AG03,FALSE,NOT_FOR_ENFORCEMENT,9488.4745,2189415.6736,9883.8276,9488.4745,395.3531,0.00395337,0.00379523,395.3531,9488.4745,0.00379523,395.3531,395.3531,395.3531,395.3531,395.3531,9488.4745,0.00379523,1976.7655,1824.8244,7907.0621,8059.0032,0.00316269,0.00322347,0.00015813,212.5216,219.9480,0.9532,119.0823,2.3972,30121.7335,124.9277,49.0469,238.9093,36.5364,75.9244,374.9013,749.8027,789.266,1183.8989,75.8035,-1.1839,10.395423,15.593133,2.799122,29,215,300,5,0.03207536,0.00395337,0.05088190,0E-8,0.000000,0.912219,0.000000,-0.04848366,2026-03-31,2026-08-01,83,4123,1621,124,0.669355,0.205295,0.230786,0.106918,,,,,,,,GLOBAL_BASELINE_NO_ENTITY_RANKING,,,NOT_APPLICABLE_GLOBAL_BASELINE,HF9g-P5,,,,X 全窗基线 · 不参与实体赏罚,15055813,1506,A168_HF9F_20260827_0900,2026-08-27 09:00:00
2026-05-30,92755421,471,0,2923.0465666930,19.9289660616,19.9289660616,0.5000000,7,6,0.49736948243103419,0.458179683333,0.012887029954789018,0.2055972897970772,0.012887029954789018,0.03918979909803419,ELIGIBLE,R03b_20260811_FULL_v1,L1_ELIGIBILITY,v2026-08-11,2026-03-21..2026-08-06,baccarat_bet02_101_all_pairs_incl_sentinel,round_win = game_pnl > 0 (decisive only),COMPATIBILITY_ONLY_NOT_PRODUCTION,2500103.8841,2280641.3266,9883.8276,11764,10369,-0.00395337,-0.05088190,-0.00239824,-0.00395337,-9883.8276,2500103.8841,OK,0.0000,395.3531,4.0000,96.0000,AG03-UNRESOLVED,ALL5_LEVELS_bet23_to_bet27,395.3531,395.3531,395.3531,395.3531,395.3531,4.000000,4.000000,4.000000,4.000000,4.000000,96.000000,96.000000,96.000000,96.000000,96.000000,5.0,1976.7655,1824.8244,7907.0621,8059.0032,PENDING_AG03,FALSE,NOT_FOR_ENFORCEMENT,9488.4745,2189415.6736,9883.8276,9488.4745,395.3531,0.00395337,0.00379523,395.3531,9488.4745,0.00379523,395.3531,395.3531,395.3531,395.3531,395.3531,9488.4745,0.00379523,1976.7655,1824.8244,7907.0621,8059.0032,0.00316269,0.00322347,0.00015813,212.5216,219.9480,0.9532,119.0823,2.3972,30121.7335,124.9277,49.0469,238.9093,36.5364,75.9244,374.9013,749.8027,789.266,1183.8989,75.8035,-1.1839,10.395423,15.593133,2.799122,29,215,300,5,0.03207536,0.00395337,0.05088190,0E-8,0.000000,0.912219,0.000000,-0.04848366,2026-03-31,2026-08-01,83,4123,1621,124,0.669355,0.205295,0.230786,0.106918,,,,,,,,GLOBAL_BASELINE_NO_ENTITY_RANKING,,,NOT_APPLICABLE_GLOBAL_BASELINE,HF9g-P5,,,,X 全窗基线 · 不参与实体赏罚,15055814,1506,A168_HF9F_20260827_0900,2026-08-27 09:00:00
2026-05-30,92755421,526,0,384.7671665351,0E-10,0E-10,0.5000000,2,2,0.50665070000000000,0.506650700000,-0.018812684590367487,-0.018812684590367487,-0.018812684590367487,0E-17,ELIGIBLE,R03b_20260811_FULL_v1,L1_ELIGIBILITY,v2026-08-11,2026-03-21..2026-08-06,baccarat_bet02_101_all_pairs_incl_sentinel,round_win = game_pnl > 0 (decisive only),COMPATIBILITY_ONLY_NOT_PRODUCTION,2500103.8841,2280641.3266,9883.8276,11764,10369,-0.00395337,-0.05088190,-0.00239824,-0.00395337,-9883.8276,2500103.8841,OK,0.0000,395.3531,4.0000,96.0000,AG03-UNRESOLVED,ALL5_LEVELS_bet23_to_bet27,395.3531,395.3531,395.3531,395.3531,395.3531,4.000000,4.000000,4.000000,4.000000,4.000000,96.000000,96.000000,96.000000,96.000000,96.000000,5.0,1976.7655,1824.8244,7907.0621,8059.0032,PENDING_AG03,FALSE,NOT_FOR_ENFORCEMENT,9488.4745,2189415.6736,9883.8276,9488.4745,395.3531,0.00395337,0.00379523,395.3531,9488.4745,0.00379523,395.3531,395.3531,395.3531,395.3531,395.3531,9488.4745,0.00379523,1976.7655,1824.8244,7907.0621,8059.0032,0.00316269,0.00322347,0.00015813,212.5216,219.9480,0.9532,119.0823,2.3972,30121.7335,124.9277,49.0469,238.9093,36.5364,75.9244,374.9013,749.8027,789.266,1183.8989,75.8035,-1.1839,10.395423,15.593133,2.799122,29,215,300,5,0.03207536,0.00395337,0.05088190,0E-8,0.000000,0.912219,0.000000,-0.04848366,2026-03-31,2026-08-01,83,4123,1621,124,0.669355,0.205295,0.230786,0.106918,,,,,,,,GLOBAL_BASELINE_NO_ENTITY_RANKING,,,NOT_APPLICABLE_GLOBAL_BASELINE,HF9g-P5,,,,X 全窗基线 · 不参与实体赏罚,15055815,1506,A168_HF9F_20260827_0900,2026-08-27 09:00:00
2026-05-30,92755421,550,0,789.2659826362,-394.6329913181,-394.6329913181,0E-7,2,2,0.49324550000000000,0.493245500000,-0.9865810262130424,-0.9865810262130424,-0.9865810262130424,0E-17,ELIGIBLE,R03b_20260811_FULL_v1,L1_ELIGIBILITY,v2026-08-11,2026-03-21..2026-08-06,baccarat_bet02_101_all_pairs_incl_sentinel,round_win = game_pnl > 0 (decisive only),COMPATIBILITY_ONLY_NOT_PRODUCTION,2500103.8841,2280641.3266,9883.8276,11764,10369,-0.00395337,-0.05088190,-0.00239824,-0.00395337,-9883.8276,2500103.8841,OK,0.0000,395.3531,4.0000,96.0000,AG03-UNRESOLVED,ALL5_LEVELS_bet23_to_bet27,395.3531,395.3531,395.3531,395.3531,395.3531,4.000000,4.000000,4.000000,4.000000,4.000000,96.000000,96.000000,96.000000,96.000000,96.000000,5.0,1976.7655,1824.8244,7907.0621,8059.0032,PENDING_AG03,FALSE,NOT_FOR_ENFORCEMENT,9488.4745,2189415.6736,9883.8276,9488.4745,395.3531,0.00395337,0.00379523,395.3531,9488.4745,0.00379523,395.3531,395.3531,395.3531,395.3531,395.3531,9488.4745,0.00379523,1976.7655,1824.8244,7907.0621,8059.0032,0.00316269,0.00322347,0.00015813,212.5216,219.9480,0.9532,119.0823,2.3972,30121.7335,124.9277,49.0469,238.9093,36.5364,75.9244,374.9013,749.8027,789.266,1183.8989,75.8035,-1.1839,10.395423,15.593133,2.799122,29,215,300,5,0.03207536,0.00395337,0.05088190,0E-8,0.000000,0.912219,0.000000,-0.04848366,2026-03-31,2026-08-01,83,4123,1621,124,0.669355,0.205295,0.230786,0.106918,,,,,,,,GLOBAL_BASELINE_NO_ENTITY_RANKING,,,NOT_APPLICABLE_GLOBAL_BASELINE,HF9g-P5,,,,X 全窗基线 · 不参与实体赏罚,15055816,1506,A168_HF9F_20260827_0900,2026-08-27 09:00:00
2026-05-30,92755421,752,0,1183.8989739543,374.9013417522,374.9013417522,0.6666667,3,3,0.49771390000000000,0.497713900000,0.5852756695216578,0.5852756695216578,0.5852756695216578,0E-17,ELIGIBLE,R03b_20260811_FULL_v1,L1_ELIGIBILITY,v2026-08-11,2026-03-21..2026-08-06,baccarat_bet02_101_all_pairs_incl_sentinel,round_win = game_pnl > 0 (decisive only),COMPATIBILITY_ONLY_NOT_PRODUCTION,2500103.8841,2280641.3266,9883.8276,11764,10369,-0.00395337,-0.05088190,-0.00239824,-0.00395337,-9883.8276,2500103.8841,OK,0.0000,395.3531,4.0000,96.0000,AG03-UNRESOLVED,ALL5_LEVELS_bet23_to_bet27,395.3531,395.3531,395.3531,395.3531,395.3531,4.000000,4.000000,4.000000,4.000000,4.000000,96.000000,96.000000,96.000000,96.000000,96.000000,5.0,1976.7655,1824.8244,7907.0621,8059.0032,PENDING_AG03,FALSE,NOT_FOR_ENFORCEMENT,9488.4745,2189415.6736,9883.8276,9488.4745,395.3531,0.00395337,0.00379523,395.3531,9488.4745,0.00379523,395.3531,395.3531,395.3531,395.3531,395.3531,9488.4745,0.00379523,1976.7655,1824.8244,7907.0621,8059.0032,0.00316269,0.00322347,0.00015813,212.5216,219.9480,0.9532,119.0823,2.3972,30121.7335,124.9277,49.0469,238.9093,36.5364,75.9244,374.9013,749.8027,789.266,1183.8989,75.8035,-1.1839,10.395423,15.593133,2.799122,29,215,300,5,0.03207536,0.00395337,0.05088190,0E-8,0.000000,0.912219,0.000000,-0.04848366,2026-03-31,2026-08-01,83,4123,1621,124,0.669355,0.205295,0.230786,0.106918,,,,,,,,GLOBAL_BASELINE_NO_ENTITY_RANKING,,,NOT_APPLICABLE_GLOBAL_BASELINE,HF9g-P5,,,,X 全窗基线 · 不参与实体赏罚,15055817,1506,A168_HF9F_20260827_0900,2026-08-27 09:00:00
2026-05-30,92755421,763,0,394.6329913181,-394.6329913181,-394.6329913181,0E-7,1,1,0.50665070000000000,0.506650700000,-1.013391052207602,-1.013391052207602,-1.013391052207602,0E-17,ELIGIBLE,R03b_20260811_FULL_v1,L1_ELIGIBILITY,v2026-08-11,2026-03-21..2026-08-06,baccarat_bet02_101_all_pairs_incl_sentinel,round_win = game_pnl > 0 (decisive only),COMPATIBILITY_ONLY_NOT_PRODUCTION,2500103.8841,2280641.3266,9883.8276,11764,10369,-0.00395337,-0.05088190,-0.00239824,-0.00395337,-9883.8276,2500103.8841,OK,0.0000,395.3531,4.0000,96.0000,AG03-UNRESOLVED,ALL5_LEVELS_bet23_to_bet27,395.3531,395.3531,395.3531,395.3531,395.3531,4.000000,4.000000,4.000000,4.000000,4.000000,96.000000,96.000000,96.000000,96.000000,96.000000,5.0,1976.7655,1824.8244,7907.0621,8059.0032,PENDING_AG03,FALSE,NOT_FOR_ENFORCEMENT,9488.4745,2189415.6736,9883.8276,9488.4745,395.3531,0.00395337,0.00379523,395.3531,9488.4745,0.00379523,395.3531,395.3531,395.3531,395.3531,395.3531,9488.4745,0.00379523,1976.7655,1824.8244,7907.0621,8059.0032,0.00316269,0.00322347,0.00015813,212.5216,219.9480,0.9532,119.0823,2.3972,30121.7335,124.9277,49.0469,238.9093,36.5364,75.9244,374.9013,749.8027,789.266,1183.8989,75.8035,-1.1839,10.395423,15.593133,2.799122,29,215,300,5,0.03207536,0.00395337,0.05088190,0E-8,0.000000,0.912219,0.000000,-0.04848366,2026-03-31,2026-08-01,83,4123,1621,124,0.669355,0.205295,0.230786,0.106918,,,,,,,,GLOBAL_BASELINE_NO_ENTITY_RANKING,,,NOT_APPLICABLE_GLOBAL_BASELINE,HF9g-P5,,,,X 全窗基线 · 不参与实体赏罚,15055818,1506,A168_HF9F_20260827_0900,2026-08-27 09:00:00
2026-05-30,92755421,772,0,1164.1673243884,394.6329913181,394.6329913181,0.6666667,3,3,0.49771390000000000,0.497713900000,0.5852756695216578,0.5852756695216578,0.5852756695216578,0E-17,ELIGIBLE,R03b_20260811_FULL_v1,L1_ELIGIBILITY,v2026-08-11,2026-03-21..2026-08-06,baccarat_bet02_101_all_pairs_incl_sentinel,round_win = game_pnl > 0 (decisive only),COMPATIBILITY_ONLY_NOT_PRODUCTION,2500103.8841,2280641.3266,9883.8276,11764,10369,-0.00395337,-0.05088190,-0.00239824,-0.00395337,-9883.8276,2500103.8841,OK,0.0000,395.3531,4.0000,96.0000,AG03-UNRESOLVED,ALL5_LEVELS_bet23_to_bet27,395.3531,395.3531,395.3531,395.3531,395.3531,4.000000,4.000000,4.000000,4.000000,4.000000,96.000000,96.000000,96.000000,96.000000,96.000000,5.0,1976.7655,1824.8244,7907.0621,8059.0032,PENDING_AG03,FALSE,NOT_FOR_ENFORCEMENT,9488.4745,2189415.6736,9883.8276,9488.4745,395.3531,0.00395337,0.00379523,395.3531,9488.4745,0.00379523,395.3531,395.3531,395.3531,395.3531,395.3531,9488.4745,0.00379523,1976.7655,1824.8244,7907.0621,8059.0032,0.00316269,0.00322347,0.00015813,212.5216,219.9480,0.9532,119.0823,2.3972,30121.7335,124.9277,49.0469,238.9093,36.5364,75.9244,374.9013,749.8027,789.266,1183.8989,75.8035,-1.1839,10.395423,15.593133,2.799122,29,215,300,5,0.03207536,0.00395337,0.05088190,0E-8,0.000000,0.912219,0.000000,-0.04848366,2026-03-31,2026-08-01,83,4123,1621,124,0.669355,0.205295,0.230786,0.106918,,,,,,,,GLOBAL_BASELINE_NO_ENTITY_RANKING,,,NOT_APPLICABLE_GLOBAL_BASELINE,HF9g-P5,,,,X 全窗基线 · 不参与实体赏罚,15055819,1506,A168_HF9F_20260827_0900,2026-08-27 09:00:00
2026-05-30,92755421,919,0,1183.8989739543,-19.7316495659,-19.7316495659,0.5000000,3,3,0.50218230000000000,0.502182300000,-0.00617253530718887,-0.00617253530718887,-0.00617253530718887,0E-17,ELIGIBLE,R03b_20260811_FULL_v1,L1_ELIGIBILITY,v2026-08-11,2026-03-21..2026-08-06,baccarat_bet02_101_all_pairs_incl_sentinel,round_win = game_pnl > 0 (decisive only),COMPATIBILITY_ONLY_NOT_PRODUCTION,2500103.8841,2280641.3266,9883.8276,11764,10369,-0.00395337,-0.05088190,-0.00239824,-0.00395337,-9883.8276,2500103.8841,OK,0.0000,395.3531,4.0000,96.0000,AG03-UNRESOLVED,ALL5_LEVELS_bet23_to_bet27,395.3531,395.3531,395.3531,395.3531,395.3531,4.000000,4.000000,4.000000,4.000000,4.000000,96.000000,96.000000,96.000000,96.000000,96.000000,5.0,1976.7655,1824.8244,7907.0621,8059.0032,PENDING_AG03,FALSE,NOT_FOR_ENFORCEMENT,9488.4745,2189415.6736,9883.8276,9488.4745,395.3531,0.00395337,0.00379523,395.3531,9488.4745,0.00379523,395.3531,395.3531,395.3531,395.3531,395.3531,9488.4745,0.00379523,1976.7655,1824.8244,7907.0621,8059.0032,0.00316269,0.00322347,0.00015813,212.5216,219.9480,0.9532,119.0823,2.3972,30121.7335,124.9277,49.0469,238.9093,36.5364,75.9244,374.9013,749.8027,789.266,1183.8989,75.8035,-1.1839,10.395423,15.593133,2.799122,29,215,300,5,0.03207536,0.00395337,0.05088190,0E-8,0.000000,0.912219,0.000000,-0.04848366,2026-03-31,2026-08-01,83,4123,1621,124,0.669355,0.205295,0.230786,0.106918,,,,,,,,GLOBAL_BASELINE_NO_ENTITY_RANKING,,,NOT_APPLICABLE_GLOBAL_BASELINE,HF9g-P5,,,,X 全窗基线 · 不参与实体赏罚,15055820,1506,A168_HF9F_20260827_0900,2026-08-27 09:00:00
2026-05-31,92755421,-1,1,11467.6400947112,591.1602209949,591.1602209949,0.5645161,76,67,0.49883140936723466,0.467884623881,1.0344068248734974,1.5249032784140306,1.0344068248734974,0.03094678548623466,SENTINEL_DEALER,R03b_20260811_FULL_v1,L1_ELIGIBILITY,v2026-08-11,2026-03-21..2026-08-06,baccarat_bet02_101_all_pairs_incl_sentinel,round_win = game_pnl > 0 (decisive only),COMPATIBILITY_ONLY_NOT_PRODUCTION,2500103.8841,2280641.3266,9883.8276,11764,10369,-0.00395337,-0.05088190,-0.00239824,-0.00395337,-9883.8276,2500103.8841,OK,0.0000,395.3531,4.0000,96.0000,AG03-UNRESOLVED,ALL5_LEVELS_bet23_to_bet27,395.3531,395.3531,395.3531,395.3531,395.3531,4.000000,4.000000,4.000000,4.000000,4.000000,96.000000,96.000000,96.000000,96.000000,96.000000,5.0,1976.7655,1824.8244,7907.0621,8059.0032,PENDING_AG03,FALSE,NOT_FOR_ENFORCEMENT,9488.4745,2189415.6736,9883.8276,9488.4745,395.3531,0.00395337,0.00379523,395.3531,9488.4745,0.00379523,395.3531,395.3531,395.3531,395.3531,395.3531,9488.4745,0.00379523,1976.7655,1824.8244,7907.0621,8059.0032,0.00316269,0.00322347,0.00015813,212.5216,219.9480,0.9532,119.0823,2.3972,30121.7335,124.9277,49.0469,238.9093,36.5364,75.9244,374.9013,749.8027,789.266,1183.8989,75.8035,-1.1839,10.395423,15.593133,2.799122,29,215,300,5,0.03207536,0.00395337,0.05088190,0E-8,0.000000,0.912219,0.000000,-0.04848366,2026-03-31,2026-08-01,83,4123,1621,124,0.669355,0.205295,0.230786,0.106918,,,,,,,,GLOBAL_BASELINE_NO_ENTITY_RANKING,,,NOT_APPLICABLE_GLOBAL_BASELINE,HF9g-P5,,,,X 全窗基线 · 不参与实体赏罚,15055821,1506,A168_HF9F_20260827_0900,2026-08-27 09:00:00
2026-05-31,92755421,1004,0,118.3898973954,-118.3898973954,-118.3898973954,0E-7,1,1,0.50665070000000000,0.506650700000,-1.013391052207602,-1.013391052207602,-1.013391052207602,0E-17,ELIGIBLE,R03b_20260811_FULL_v1,L1_ELIGIBILITY,v2026-08-11,2026-03-21..2026-08-06,baccarat_bet02_101_all_pairs_incl_sentinel,round_win = game_pnl > 0 (decisive only),COMPATIBILITY_ONLY_NOT_PRODUCTION,2500103.8841,2280641.3266,9883.8276,11764,10369,-0.00395337,-0.05088190,-0.00239824,-0.00395337,-9883.8276,2500103.8841,OK,0.0000,395.3531,4.0000,96.0000,AG03-UNRESOLVED,ALL5_LEVELS_bet23_to_bet27,395.3531,395.3531,395.3531,395.3531,395.3531,4.000000,4.000000,4.000000,4.000000,4.000000,96.000000,96.000000,96.000000,96.000000,96.000000,5.0,1976.7655,1824.8244,7907.0621,8059.0032,PENDING_AG03,FALSE,NOT_FOR_ENFORCEMENT,9488.4745,2189415.6736,9883.8276,9488.4745,395.3531,0.00395337,0.00379523,395.3531,9488.4745,0.00379523,395.3531,395.3531,395.3531,395.3531,395.3531,9488.4745,0.00379523,1976.7655,1824.8244,7907.0621,8059.0032,0.00316269,0.00322347,0.00015813,212.5216,219.9480,0.9532,119.0823,2.3972,30121.7335,124.9277,49.0469,238.9093,36.5364,75.9244,374.9013,749.8027,789.266,1183.8989,75.8035,-1.1839,10.395423,15.593133,2.799122,29,215,300,5,0.03207536,0.00395337,0.05088190,0E-8,0.000000,0.912219,0.000000,-0.04848366,2026-03-31,2026-08-01,83,4123,1621,124,0.669355,0.205295,0.230786,0.106918,,,,,,,,GLOBAL_BASELINE_NO_ENTITY_RANKING,,,NOT_APPLICABLE_GLOBAL_BASELINE,HF9g-P5,,,,X 全窗基线 · 不参与实体赏罚,15055822,1506,A168_HF9F_20260827_0900,2026-08-27 09:00:00
2026-05-31,92755421,1115,0,118.3898973954,-118.3898973954,-118.3898973954,0E-7,1,1,0.50665070000000000,0.506650700000,-1.013391052207602,-1.013391052207602,-1.013391052207602,0E-17,ELIGIBLE,R03b_20260811_FULL_v1,L1_ELIGIBILITY,v2026-08-11,2026-03-21..2026-08-06,baccarat_bet02_101_all_pairs_incl_sentinel,round_win = game_pnl > 0 (decisive only),COMPATIBILITY_ONLY_NOT_PRODUCTION,2500103.8841,2280641.3266,9883.8276,11764,10369,-0.00395337,-0.05088190,-0.00239824,-0.00395337,-9883.8276,2500103.8841,OK,0.0000,395.3531,4.0000,96.0000,AG03-UNRESOLVED,ALL5_LEVELS_bet23_to_bet27,395.3531,395.3531,395.3531,395.3531,395.3531,4.000000,4.000000,4.000000,4.000000,4.000000,96.000000,96.000000,96.000000,96.000000,96.000000,5.0,1976.7655,1824.8244,7907.0621,8059.0032,PENDING_AG03,FALSE,NOT_FOR_ENFORCEMENT,9488.4745,2189415.6736,9883.8276,9488.4745,395.3531,0.00395337,0.00379523,395.3531,9488.4745,0.00379523,395.3531,395.3531,395.3531,395.3531,395.3531,9488.4745,0.00379523,1976.7655,1824.8244,7907.0621,8059.0032,0.00316269,0.00322347,0.00015813,212.5216,219.9480,0.9532,119.0823,2.3972,30121.7335,124.9277,49.0469,238.9093,36.5364,75.9244,374.9013,749.8027,789.266,1183.8989,75.8035,-1.1839,10.395423,15.593133,2.799122,29,215,300,5,0.03207536,0.00395337,0.05088190,0E-8,0.000000,0.912219,0.000000,-0.04848366,2026-03-31,2026-08-01,83,4123,1621,124,0.669355,0.205295,0.230786,0.106918,,,,,,,,GLOBAL_BASELINE_NO_ENTITY_RANKING,,,NOT_APPLICABLE_GLOBAL_BASELINE,HF9g-P5,,,,X 全窗基线 · 不参与实体赏罚,15055823,1506,A168_HF9F_20260827_0900,2026-08-27 09:00:00
2026-05-31,92755421,1151,0,447.9084451460,13.8121546962,13.8121546962,0.5000000,4,4,0.49994810000000000,0.499948100000,0.00020760000111838688,0.00020760000111838688,0.00020760000111838688,0E-17,ELIGIBLE,R03b_20260811_FULL_v1,L1_ELIGIBILITY,v2026-08-11,2026-03-21..2026-08-06,baccarat_bet02_101_all_pairs_incl_sentinel,round_win = game_pnl > 0 (decisive only),COMPATIBILITY_ONLY_NOT_PRODUCTION,2500103.8841,2280641.3266,9883.8276,11764,10369,-0.00395337,-0.05088190,-0.00239824,-0.00395337,-9883.8276,2500103.8841,OK,0.0000,395.3531,4.0000,96.0000,AG03-UNRESOLVED,ALL5_LEVELS_bet23_to_bet27,395.3531,395.3531,395.3531,395.3531,395.3531,4.000000,4.000000,4.000000,4.000000,4.000000,96.000000,96.000000,96.000000,96.000000,96.000000,5.0,1976.7655,1824.8244,7907.0621,8059.0032,PENDING_AG03,FALSE,NOT_FOR_ENFORCEMENT,9488.4745,2189415.6736,9883.8276,9488.4745,395.3531,0.00395337,0.00379523,395.3531,9488.4745,0.00379523,395.3531,395.3531,395.3531,395.3531,395.3531,9488.4745,0.00379523,1976.7655,1824.8244,7907.0621,8059.0032,0.00316269,0.00322347,0.00015813,212.5216,219.9480,0.9532,119.0823,2.3972,30121.7335,124.9277,49.0469,238.9093,36.5364,75.9244,374.9013,749.8027,789.266,1183.8989,75.8035,-1.1839,10.395423,15.593133,2.799122,29,215,300,5,0.03207536,0.00395337,0.05088190,0E-8,0.000000,0.912219,0.000000,-0.04848366,2026-03-31,2026-08-01,83,4123,1621,124,0.669355,0.205295,0.230786,0.106918,,,,,,,,GLOBAL_BASELINE_NO_ENTITY_RANKING,,,NOT_APPLICABLE_GLOBAL_BASELINE,HF9g-P5,,,,X 全窗基线 · 不参与实体赏罚,15055824,1506,A168_HF9F_20260827_0900,2026-08-27 09:00:00
2026-05-31,92755421,1205,0,197.3164956590,-197.3164956590,-197.3164956590,0E-7,1,1,0.50665070000000000,0.506650700000,-1.013391052207602,-1.013391052207602,-1.013391052207602,0E-17,ELIGIBLE,R03b_20260811_FULL_v1,L1_ELIGIBILITY,v2026-08-11,2026-03-21..2026-08-06,baccarat_bet02_101_all_pairs_incl_sentinel,round_win = game_pnl > 0 (decisive only),COMPATIBILITY_ONLY_NOT_PRODUCTION,2500103.8841,2280641.3266,9883.8276,11764,10369,-0.00395337,-0.05088190,-0.00239824,-0.00395337,-9883.8276,2500103.8841,OK,0.0000,395.3531,4.0000,96.0000,AG03-UNRESOLVED,ALL5_LEVELS_bet23_to_bet27,395.3531,395.3531,395.3531,395.3531,395.3531,4.000000,4.000000,4.000000,4.000000,4.000000,96.000000,96.000000,96.000000,96.000000,96.000000,5.0,1976.7655,1824.8244,7907.0621,8059.0032,PENDING_AG03,FALSE,NOT_FOR_ENFORCEMENT,9488.4745,2189415.6736,9883.8276,9488.4745,395.3531,0.00395337,0.00379523,395.3531,9488.4745,0.00379523,395.3531,395.3531,395.3531,395.3531,395.3531,9488.4745,0.00379523,1976.7655,1824.8244,7907.0621,8059.0032,0.00316269,0.00322347,0.00015813,212.5216,219.9480,0.9532,119.0823,2.3972,30121.7335,124.9277,49.0469,238.9093,36.5364,75.9244,374.9013,749.8027,789.266,1183.8989,75.8035,-1.1839,10.395423,15.593133,2.799122,29,215,300,5,0.03207536,0.00395337,0.05088190,0E-8,0.000000,0.912219,0.000000,-0.04848366,2026-03-31,2026-08-01,83,4123,1621,124,0.669355,0.205295,0.230786,0.106918,,,,,,,,GLOBAL_BASELINE_NO_ENTITY_RANKING,,,NOT_APPLICABLE_GLOBAL_BASELINE,HF9g-P5,,,,X 全窗基线 · 不参与实体赏罚,15055825,1506,A168_HF9F_20260827_0900,2026-08-27 09:00:00
2026-05-31,92755421,1221,0,118.3898973954,112.4704025257,112.4704025257,1.0000000,1,1,0.50665070000000000,0.506650700000,0.9867858985152569,0.9867858985152569,0.9867858985152569,0E-17,ELIGIBLE,R03b_20260811_FULL_v1,L1_ELIGIBILITY,v2026-08-11,2026-03-21..2026-08-06,baccarat_bet02_101_all_pairs_incl_sentinel,round_win = game_pnl > 0 (decisive only),COMPATIBILITY_ONLY_NOT_PRODUCTION,2500103.8841,2280641.3266,9883.8276,11764,10369,-0.00395337,-0.05088190,-0.00239824,-0.00395337,-9883.8276,2500103.8841,OK,0.0000,395.3531,4.0000,96.0000,AG03-UNRESOLVED,ALL5_LEVELS_bet23_to_bet27,395.3531,395.3531,395.3531,395.3531,395.3531,4.000000,4.000000,4.000000,4.000000,4.000000,96.000000,96.000000,96.000000,96.000000,96.000000,5.0,1976.7655,1824.8244,7907.0621,8059.0032,PENDING_AG03,FALSE,NOT_FOR_ENFORCEMENT,9488.4745,2189415.6736,9883.8276,9488.4745,395.3531,0.00395337,0.00379523,395.3531,9488.4745,0.00379523,395.3531,395.3531,395.3531,395.3531,395.3531,9488.4745,0.00379523,1976.7655,1824.8244,7907.0621,8059.0032,0.00316269,0.00322347,0.00015813,212.5216,219.9480,0.9532,119.0823,2.3972,30121.7335,124.9277,49.0469,238.9093,36.5364,75.9244,374.9013,749.8027,789.266,1183.8989,75.8035,-1.1839,10.395423,15.593133,2.799122,29,215,300,5,0.03207536,0.00395337,0.05088190,0E-8,0.000000,0.912219,0.000000,-0.04848366,2026-03-31,2026-08-01,83,4123,1621,124,0.669355,0.205295,0.230786,0.106918,,,,,,,,GLOBAL_BASELINE_NO_ENTITY_RANKING,,,NOT_APPLICABLE_GLOBAL_BASELINE,HF9g-P5,,,,X 全窗基线 · 不参与实体赏罚,15055826,1506,A168_HF9F_20260827_0900,2026-08-27 09:00:00
2026-05-31,92755421,1302,0,394.6329913181,-394.6329913181,-394.6329913181,0E-7,1,1,0.49324550000000000,0.493245500000,-0.9865810262130424,-0.9865810262130424,-0.9865810262130424,0E-17,ELIGIBLE,R03b_20260811_FULL_v1,L1_ELIGIBILITY,v2026-08-11,2026-03-21..2026-08-06,baccarat_bet02_101_all_pairs_incl_sentinel,round_win = game_pnl > 0 (decisive only),COMPATIBILITY_ONLY_NOT_PRODUCTION,2500103.8841,2280641.3266,9883.8276,11764,10369,-0.00395337,-0.05088190,-0.00239824,-0.00395337,-9883.8276,2500103.8841,OK,0.0000,395.3531,4.0000,96.0000,AG03-UNRESOLVED,ALL5_LEVELS_bet23_to_bet27,395.3531,395.3531,395.3531,395.3531,395.3531,4.000000,4.000000,4.000000,4.000000,4.000000,96.000000,96.000000,96.000000,96.000000,96.000000,5.0,1976.7655,1824.8244,7907.0621,8059.0032,PENDING_AG03,FALSE,NOT_FOR_ENFORCEMENT,9488.4745,2189415.6736,9883.8276,9488.4745,395.3531,0.00395337,0.00379523,395.3531,9488.4745,0.00379523,395.3531,395.3531,395.3531,395.3531,395.3531,9488.4745,0.00379523,1976.7655,1824.8244,7907.0621,8059.0032,0.00316269,0.00322347,0.00015813,212.5216,219.9480,0.9532,119.0823,2.3972,30121.7335,124.9277,49.0469,238.9093,36.5364,75.9244,374.9013,749.8027,789.266,1183.8989,75.8035,-1.1839,10.395423,15.593133,2.799122,29,215,300,5,0.03207536,0.00395337,0.05088190,0E-8,0.000000,0.912219,0.000000,-0.04848366,2026-03-31,2026-08-01,83,4123,1621,124,0.669355,0.205295,0.230786,0.106918,,,,,,,,GLOBAL_BASELINE_NO_ENTITY_RANKING,,,NOT_APPLICABLE_GLOBAL_BASELINE,HF9g-P5,,,,X 全窗基线 · 不参与实体赏罚,15055827,1506,A168_HF9F_20260827_0900,2026-08-27 09:00:00
2026-05-31,92755421,1318,0,757.6953433307,-408.4451460142,-408.4451460142,0.2500000,6,4,0.49229631612899473,0.381345450000,-0.969300320982924,-0.5408310762186845,-0.969300320982924,0.11095086612899473,ELIGIBLE,R03b_20260811_FULL_v1,L1_ELIGIBILITY,v2026-08-11,2026-03-21..2026-08-06,baccarat_bet02_101_all_pairs_incl_sentinel,round_win = game_pnl > 0 (decisive only),COMPATIBILITY_ONLY_NOT_PRODUCTION,2500103.8841,2280641.3266,9883.8276,11764,10369,-0.00395337,-0.05088190,-0.00239824,-0.00395337,-9883.8276,2500103.8841,OK,0.0000,395.3531,4.0000,96.0000,AG03-UNRESOLVED,ALL5_LEVELS_bet23_to_bet27,395.3531,395.3531,395.3531,395.3531,395.3531,4.000000,4.000000,4.000000,4.000000,4.000000,96.000000,96.000000,96.000000,96.000000,96.000000,5.0,1976.7655,1824.8244,7907.0621,8059.0032,PENDING_AG03,FALSE,NOT_FOR_ENFORCEMENT,9488.4745,2189415.6736,9883.8276,9488.4745,395.3531,0.00395337,0.00379523,395.3531,9488.4745,0.00379523,395.3531,395.3531,395.3531,395.3531,395.3531,9488.4745,0.00379523,1976.7655,1824.8244,7907.0621,8059.0032,0.00316269,0.00322347,0.00015813,212.5216,219.9480,0.9532,119.0823,2.3972,30121.7335,124.9277,49.0469,238.9093,36.5364,75.9244,374.9013,749.8027,789.266,1183.8989,75.8035,-1.1839,10.395423,15.593133,2.799122,29,215,300,5,0.03207536,0.00395337,0.05088190,0E-8,0.000000,0.912219,0.000000,-0.04848366,2026-03-31,2026-08-01,83,4123,1621,124,0.669355,0.205295,0.230786,0.106918,,,,,,,,GLOBAL_BASELINE_NO_ENTITY_RANKING,,,NOT_APPLICABLE_GLOBAL_BASELINE,HF9g-P5,,,,X 全窗基线 · 不参与实体赏罚,15055828,1506,A168_HF9F_20260827_0900,2026-08-27 09:00:00
2026-05-31,92755421,1331,0,779.4001578532,-207.1823204420,-207.1823204420,0.5000000,3,3,0.50665070000000000,0.506650700000,-0.018812684590367487,-0.018812684590367487,-0.018812684590367487,0E-17,ELIGIBLE,R03b_20260811_FULL_v1,L1_ELIGIBILITY,v2026-08-11,2026-03-21..2026-08-06,baccarat_bet02_101_all_pairs_incl_sentinel,round_win = game_pnl > 0 (decisive only),COMPATIBILITY_ONLY_NOT_PRODUCTION,2500103.8841,2280641.3266,9883.8276,11764,10369,-0.00395337,-0.05088190,-0.00239824,-0.00395337,-9883.8276,2500103.8841,OK,0.0000,395.3531,4.0000,96.0000,AG03-UNRESOLVED,ALL5_LEVELS_bet23_to_bet27,395.3531,395.3531,395.3531,395.3531,395.3531,4.000000,4.000000,4.000000,4.000000,4.000000,96.000000,96.000000,96.000000,96.000000,96.000000,5.0,1976.7655,1824.8244,7907.0621,8059.0032,PENDING_AG03,FALSE,NOT_FOR_ENFORCEMENT,9488.4745,2189415.6736,9883.8276,9488.4745,395.3531,0.00395337,0.00379523,395.3531,9488.4745,0.00379523,395.3531,395.3531,395.3531,395.3531,395.3531,9488.4745,0.00379523,1976.7655,1824.8244,7907.0621,8059.0032,0.00316269,0.00322347,0.00015813,212.5216,219.9480,0.9532,119.0823,2.3972,30121.7335,124.9277,49.0469,238.9093,36.5364,75.9244,374.9013,749.8027,789.266,1183.8989,75.8035,-1.1839,10.395423,15.593133,2.799122,29,215,300,5,0.03207536,0.00395337,0.05088190,0E-8,0.000000,0.912219,0.000000,-0.04848366,2026-03-31,2026-08-01,83,4123,1621,124,0.669355,0.205295,0.230786,0.106918,,,,,,,,GLOBAL_BASELINE_NO_ENTITY_RANKING,,,NOT_APPLICABLE_GLOBAL_BASELINE,HF9g-P5,,,,X 全窗基线 · 不参与实体赏罚,15055829,1506,A168_HF9F_20260827_0900,2026-08-27 09:00:00
2026-05-31,92755421,1353,0,591.9494869770,343.3307024468,343.3307024468,0.8000000,5,5,0.49860758000000000,0.498607580000,1.3478731046594083,1.3478731046594083,1.3478731046594083,0E-17,ELIGIBLE,R03b_20260811_FULL_v1,L1_ELIGIBILITY,v2026-08-11,2026-03-21..2026-08-06,baccarat_bet02_101_all_pairs_incl_sentinel,round_win = game_pnl > 0 (decisive only),COMPATIBILITY_ONLY_NOT_PRODUCTION,2500103.8841,2280641.3266,9883.8276,11764,10369,-0.00395337,-0.05088190,-0.00239824,-0.00395337,-9883.8276,2500103.8841,OK,0.0000,395.3531,4.0000,96.0000,AG03-UNRESOLVED,ALL5_LEVELS_bet23_to_bet27,395.3531,395.3531,395.3531,395.3531,395.3531,4.000000,4.000000,4.000000,4.000000,4.000000,96.000000,96.000000,96.000000,96.000000,96.000000,5.0,1976.7655,1824.8244,7907.0621,8059.0032,PENDING_AG03,FALSE,NOT_FOR_ENFORCEMENT,9488.4745,2189415.6736,9883.8276,9488.4745,395.3531,0.00395337,0.00379523,395.3531,9488.4745,0.00379523,395.3531,395.3531,395.3531,395.3531,395.3531,9488.4745,0.00379523,1976.7655,1824.8244,7907.0621,8059.0032,0.00316269,0.00322347,0.00015813,212.5216,219.9480,0.9532,119.0823,2.3972,30121.7335,124.9277,49.0469,238.9093,36.5364,75.9244,374.9013,749.8027,789.266,1183.8989,75.8035,-1.1839,10.395423,15.593133,2.799122,29,215,300,5,0.03207536,0.00395337,0.05088190,0E-8,0.000000,0.912219,0.000000,-0.04848366,2026-03-31,2026-08-01,83,4123,1621,124,0.669355,0.205295,0.230786,0.106918,,,,,,,,GLOBAL_BASELINE_NO_ENTITY_RANKING,,,NOT_APPLICABLE_GLOBAL_BASELINE,HF9g-P5,,,,X 全窗基线 · 不参与实体赏罚,15055830,1506,A168_HF9F_20260827_0900,2026-08-27 09:00:00
2026-05-31,92755421,1382,0,359.1160220994,-122.3362273086,-122.3362273086,0.3333333,4,3,0.49246856881717858,0.416411266667,-0.5513231746216682,-0.2918983409005622,-0.5513231746216682,0.07605730215017858,ELIGIBLE,R03b_20260811_FULL_v1,L1_ELIGIBILITY,v2026-08-11,2026-03-21..2026-08-06,baccarat_bet02_101_all_pairs_incl_sentinel,round_win = game_pnl > 0 (decisive only),COMPATIBILITY_ONLY_NOT_PRODUCTION,2500103.8841,2280641.3266,9883.8276,11764,10369,-0.00395337,-0.05088190,-0.00239824,-0.00395337,-9883.8276,2500103.8841,OK,0.0000,395.3531,4.0000,96.0000,AG03-UNRESOLVED,ALL5_LEVELS_bet23_to_bet27,395.3531,395.3531,395.3531,395.3531,395.3531,4.000000,4.000000,4.000000,4.000000,4.000000,96.000000,96.000000,96.000000,96.000000,96.000000,5.0,1976.7655,1824.8244,7907.0621,8059.0032,PENDING_AG03,FALSE,NOT_FOR_ENFORCEMENT,9488.4745,2189415.6736,9883.8276,9488.4745,395.3531,0.00395337,0.00379523,395.3531,9488.4745,0.00379523,395.3531,395.3531,395.3531,395.3531,395.3531,9488.4745,0.00379523,1976.7655,1824.8244,7907.0621,8059.0032,0.00316269,0.00322347,0.00015813,212.5216,219.9480,0.9532,119.0823,2.3972,30121.7335,124.9277,49.0469,238.9093,36.5364,75.9244,374.9013,749.8027,789.266,1183.8989,75.8035,-1.1839,10.395423,15.593133,2.799122,29,215,300,5,0.03207536,0.00395337,0.05088190,0E-8,0.000000,0.912219,0.000000,-0.04848366,2026-03-31,2026-08-01,83,4123,1621,124,0.669355,0.205295,0.230786,0.106918,,,,,,,,GLOBAL_BASELINE_NO_ENTITY_RANKING,,,NOT_APPLICABLE_GLOBAL_BASELINE,HF9g-P5,,,,X 全窗基线 · 不参与实体赏罚,15055831,1506,A168_HF9F_20260827_0900,2026-08-27 09:00:00
2026-05-31,92755421,1384,0,118.3898973954,-118.3898973954,-118.3898973954,0E-7,1,1,0.50665070000000000,0.506650700000,-1.013391052207602,-1.013391052207602,-1.013391052207602,0E-17,ELIGIBLE,R03b_20260811_FULL_v1,L1_ELIGIBILITY,v2026-08-11,2026-03-21..2026-08-06,baccarat_bet02_101_all_pairs_incl_sentinel,round_win = game_pnl > 0 (decisive only),COMPATIBILITY_ONLY_NOT_PRODUCTION,2500103.8841,2280641.3266,9883.8276,11764,10369,-0.00395337,-0.05088190,-0.00239824,-0.00395337,-9883.8276,2500103.8841,OK,0.0000,395.3531,4.0000,96.0000,AG03-UNRESOLVED,ALL5_LEVELS_bet23_to_bet27,395.3531,395.3531,395.3531,395.3531,395.3531,4.000000,4.000000,4.000000,4.000000,4.000000,96.000000,96.000000,96.000000,96.000000,96.000000,5.0,1976.7655,1824.8244,7907.0621,8059.0032,PENDING_AG03,FALSE,NOT_FOR_ENFORCEMENT,9488.4745,2189415.6736,9883.8276,9488.4745,395.3531,0.00395337,0.00379523,395.3531,9488.4745,0.00379523,395.3531,395.3531,395.3531,395.3531,395.3531,9488.4745,0.00379523,1976.7655,1824.8244,7907.0621,8059.0032,0.00316269,0.00322347,0.00015813,212.5216,219.9480,0.9532,119.0823,2.3972,30121.7335,124.9277,49.0469,238.9093,36.5364,75.9244,374.9013,749.8027,789.266,1183.8989,75.8035,-1.1839,10.395423,15.593133,2.799122,29,215,300,5,0.03207536,0.00395337,0.05088190,0E-8,0.000000,0.912219,0.000000,-0.04848366,2026-03-31,2026-08-01,83,4123,1621,124,0.669355,0.205295,0.230786,0.106918,,,,,,,,GLOBAL_BASELINE_NO_ENTITY_RANKING,,,NOT_APPLICABLE_GLOBAL_BASELINE,HF9g-P5,,,,X 全窗基线 · 不参与实体赏罚,15055832,1506,A168_HF9F_20260827_0900,2026-08-27 09:00:00
2026-05-31,92755421,1509,0,789.2659826360,-394.6329913180,-394.6329913180,0E-7,4,4,0.49324550000000000,0.493245500000,-1.3952362676504506,-1.3952362676504506,-1.3952362676504506,0E-17,ELIGIBLE,R03b_20260811_FULL_v1,L1_ELIGIBILITY,v2026-08-11,2026-03-21..2026-08-06,baccarat_bet02_101_all_pairs_incl_sentinel,round_win = game_pnl > 0 (decisive only),COMPATIBILITY_ONLY_NOT_PRODUCTION,2500103.8841,2280641.3266,9883.8276,11764,10369,-0.00395337,-0.05088190,-0.00239824,-0.00395337,-9883.8276,2500103.8841,OK,0.0000,395.3531,4.0000,96.0000,AG03-UNRESOLVED,ALL5_LEVELS_bet23_to_bet27,395.3531,395.3531,395.3531,395.3531,395.3531,4.000000,4.000000,4.000000,4.000000,4.000000,96.000000,96.000000,96.000000,96.000000,96.000000,5.0,1976.7655,1824.8244,7907.0621,8059.0032,PENDING_AG03,FALSE,NOT_FOR_ENFORCEMENT,9488.4745,2189415.6736,9883.8276,9488.4745,395.3531,0.00395337,0.00379523,395.3531,9488.4745,0.00379523,395.3531,395.3531,395.3531,395.3531,395.3531,9488.4745,0.00379523,1976.7655,1824.8244,7907.0621,8059.0032,0.00316269,0.00322347,0.00015813,212.5216,219.9480,0.9532,119.0823,2.3972,30121.7335,124.9277,49.0469,238.9093,36.5364,75.9244,374.9013,749.8027,789.266,1183.8989,75.8035,-1.1839,10.395423,15.593133,2.799122,29,215,300,5,0.03207536,0.00395337,0.05088190,0E-8,0.000000,0.912219,0.000000,-0.04848366,2026-03-31,2026-08-01,83,4123,1621,124,0.669355,0.205295,0.230786,0.106918,,,,,,,,GLOBAL_BASELINE_NO_ENTITY_RANKING,,,NOT_APPLICABLE_GLOBAL_BASELINE,HF9g-P5,,,,X 全窗基线 · 不参与实体赏罚,15055833,1506,A168_HF9F_20260827_0900,2026-08-27 09:00:00
2026-05-31,92755421,1654,0,868.1925808997,-400.5524861878,-400.5524861878,0.4000000,5,5,0.50128862000000000,0.501288620000,-0.4529779837142727,-0.4529779837142727,-0.4529779837142727,0E-17,ELIGIBLE,R03b_20260811_FULL_v1,L1_ELIGIBILITY,v2026-08-11,2026-03-21..2026-08-06,baccarat_bet02_101_all_pairs_incl_sentinel,round_win = game_pnl > 0 (decisive only),COMPATIBILITY_ONLY_NOT_PRODUCTION,2500103.8841,2280641.3266,9883.8276,11764,10369,-0.00395337,-0.05088190,-0.00239824,-0.00395337,-9883.8276,2500103.8841,OK,0.0000,395.3531,4.0000,96.0000,AG03-UNRESOLVED,ALL5_LEVELS_bet23_to_bet27,395.3531,395.3531,395.3531,395.3531,395.3531,4.000000,4.000000,4.000000,4.000000,4.000000,96.000000,96.000000,96.000000,96.000000,96.000000,5.0,1976.7655,1824.8244,7907.0621,8059.0032,PENDING_AG03,FALSE,NOT_FOR_ENFORCEMENT,9488.4745,2189415.6736,9883.8276,9488.4745,395.3531,0.00395337,0.00379523,395.3531,9488.4745,0.00379523,395.3531,395.3531,395.3531,395.3531,395.3531,9488.4745,0.00379523,1976.7655,1824.8244,7907.0621,8059.0032,0.00316269,0.00322347,0.00015813,212.5216,219.9480,0.9532,119.0823,2.3972,30121.7335,124.9277,49.0469,238.9093,36.5364,75.9244,374.9013,749.8027,789.266,1183.8989,75.8035,-1.1839,10.395423,15.593133,2.799122,29,215,300,5,0.03207536,0.00395337,0.05088190,0E-8,0.000000,0.912219,0.000000,-0.04848366,2026-03-31,2026-08-01,83,4123,1621,124,0.669355,0.205295,0.230786,0.106918,,,,,,,,GLOBAL_BASELINE_NO_ENTITY_RANKING,,,NOT_APPLICABLE_GLOBAL_BASELINE,HF9g-P5,,,,X 全窗基线 · 不参与实体赏罚,15055834,1506,A168_HF9F_20260827_0900,2026-08-27 09:00:00
2026-05-31,92755421,1702,0,394.6329913181,-394.6329913181,-394.6329913181,0E-7,1,1,0.50665070000000000,0.506650700000,-1.013391052207602,-1.013391052207602,-1.013391052207602,0E-17,ELIGIBLE,R03b_20260811_FULL_v1,L1_ELIGIBILITY,v2026-08-11,2026-03-21..2026-08-06,baccarat_bet02_101_all_pairs_incl_sentinel,round_win = game_pnl > 0 (decisive only),COMPATIBILITY_ONLY_NOT_PRODUCTION,2500103.8841,2280641.3266,9883.8276,11764,10369,-0.00395337,-0.05088190,-0.00239824,-0.00395337,-9883.8276,2500103.8841,OK,0.0000,395.3531,4.0000,96.0000,AG03-UNRESOLVED,ALL5_LEVELS_bet23_to_bet27,395.3531,395.3531,395.3531,395.3531,395.3531,4.000000,4.000000,4.000000,4.000000,4.000000,96.000000,96.000000,96.000000,96.000000,96.000000,5.0,1976.7655,1824.8244,7907.0621,8059.0032,PENDING_AG03,FALSE,NOT_FOR_ENFORCEMENT,9488.4745,2189415.6736,9883.8276,9488.4745,395.3531,0.00395337,0.00379523,395.3531,9488.4745,0.00379523,395.3531,395.3531,395.3531,395.3531,395.3531,9488.4745,0.00379523,1976.7655,1824.8244,7907.0621,8059.0032,0.00316269,0.00322347,0.00015813,212.5216,219.9480,0.9532,119.0823,2.3972,30121.7335,124.9277,49.0469,238.9093,36.5364,75.9244,374.9013,749.8027,789.266,1183.8989,75.8035,-1.1839,10.395423,15.593133,2.799122,29,215,300,5,0.03207536,0.00395337,0.05088190,0E-8,0.000000,0.912219,0.000000,-0.04848366,2026-03-31,2026-08-01,83,4123,1621,124,0.669355,0.205295,0.230786,0.106918,,,,,,,,GLOBAL_BASELINE_NO_ENTITY_RANKING,,,NOT_APPLICABLE_GLOBAL_BASELINE,HF9g-P5,,,,X 全窗基线 · 不参与实体赏罚,15055835,1506,A168_HF9F_20260827_0900,2026-08-27 09:00:00
2026-05-31,92755421,1941,0,382.7940015785,157.8531965271,157.8531965271,0.7500000,4,4,0.49994810000000000,0.499948100000,1.0002076053883384,1.0002076053883384,1.0002076053883384,0E-17,ELIGIBLE,R03b_20260811_FULL_v1,L1_ELIGIBILITY,v2026-08-11,2026-03-21..2026-08-06,baccarat_bet02_101_all_pairs_incl_sentinel,round_win = game_pnl > 0 (decisive only),COMPATIBILITY_ONLY_NOT_PRODUCTION,2500103.8841,2280641.3266,9883.8276,11764,10369,-0.00395337,-0.05088190,-0.00239824,-0.00395337,-9883.8276,2500103.8841,OK,0.0000,395.3531,4.0000,96.0000,AG03-UNRESOLVED,ALL5_LEVELS_bet23_to_bet27,395.3531,395.3531,395.3531,395.3531,395.3531,4.000000,4.000000,4.000000,4.000000,4.000000,96.000000,96.000000,96.000000,96.000000,96.000000,5.0,1976.7655,1824.8244,7907.0621,8059.0032,PENDING_AG03,FALSE,NOT_FOR_ENFORCEMENT,9488.4745,2189415.6736,9883.8276,9488.4745,395.3531,0.00395337,0.00379523,395.3531,9488.4745,0.00379523,395.3531,395.3531,395.3531,395.3531,395.3531,9488.4745,0.00379523,1976.7655,1824.8244,7907.0621,8059.0032,0.00316269,0.00322347,0.00015813,212.5216,219.9480,0.9532,119.0823,2.3972,30121.7335,124.9277,49.0469,238.9093,36.5364,75.9244,374.9013,749.8027,789.266,1183.8989,75.8035,-1.1839,10.395423,15.593133,2.799122,29,215,300,5,0.03207536,0.00395337,0.05088190,0E-8,0.000000,0.912219,0.000000,-0.04848366,2026-03-31,2026-08-01,83,4123,1621,124,0.669355,0.205295,0.230786,0.106918,,,,,,,,GLOBAL_BASELINE_NO_ENTITY_RANKING,,,NOT_APPLICABLE_GLOBAL_BASELINE,HF9g-P5,,,,X 全窗基线 · 不参与实体赏罚,15055836,1506,A168_HF9F_20260827_0900,2026-08-27 09:00:00
2026-05-31,92755421,1957,0,197.3164956590,-197.3164956590,-197.3164956590,0E-7,1,1,0.50665070000000000,0.506650700000,-1.013391052207602,-1.013391052207602,-1.013391052207602,0E-17,ELIGIBLE,R03b_20260811_FULL_v1,L1_ELIGIBILITY,v2026-08-11,2026-03-21..2026-08-06,baccarat_bet02_101_all_pairs_incl_sentinel,round_win = game_pnl > 0 (decisive only),COMPATIBILITY_ONLY_NOT_PRODUCTION,2500103.8841,2280641.3266,9883.8276,11764,10369,-0.00395337,-0.05088190,-0.00239824,-0.00395337,-9883.8276,2500103.8841,OK,0.0000,395.3531,4.0000,96.0000,AG03-UNRESOLVED,ALL5_LEVELS_bet23_to_bet27,395.3531,395.3531,395.3531,395.3531,395.3531,4.000000,4.000000,4.000000,4.000000,4.000000,96.000000,96.000000,96.000000,96.000000,96.000000,5.0,1976.7655,1824.8244,7907.0621,8059.0032,PENDING_AG03,FALSE,NOT_FOR_ENFORCEMENT,9488.4745,2189415.6736,9883.8276,9488.4745,395.3531,0.00395337,0.00379523,395.3531,9488.4745,0.00379523,395.3531,395.3531,395.3531,395.3531,395.3531,9488.4745,0.00379523,1976.7655,1824.8244,7907.0621,8059.0032,0.00316269,0.00322347,0.00015813,212.5216,219.9480,0.9532,119.0823,2.3972,30121.7335,124.9277,49.0469,238.9093,36.5364,75.9244,374.9013,749.8027,789.266,1183.8989,75.8035,-1.1839,10.395423,15.593133,2.799122,29,215,300,5,0.03207536,0.00395337,0.05088190,0E-8,0.000000,0.912219,0.000000,-0.04848366,2026-03-31,2026-08-01,83,4123,1621,124,0.669355,0.205295,0.230786,0.106918,,,,,,,,GLOBAL_BASELINE_NO_ENTITY_RANKING,,,NOT_APPLICABLE_GLOBAL_BASELINE,HF9g-P5,,,,X 全窗基线 · 不参与实体赏罚,15055837,1506,A168_HF9F_20260827_0900,2026-08-27 09:00:00
2026-05-31,92755421,1966,0,749.8026835042,-282.1625887923,-282.1625887923,0.4000000,5,5,0.50128862000000000,0.501288620000,-0.4529779837142727,-0.4529779837142727,-0.4529779837142727,0E-17,ELIGIBLE,R03b_20260811_FULL_v1,L1_ELIGIBILITY,v2026-08-11,2026-03-21..2026-08-06,baccarat_bet02_101_all_pairs_incl_sentinel,round_win = game_pnl > 0 (decisive only),COMPATIBILITY_ONLY_NOT_PRODUCTION,2500103.8841,2280641.3266,9883.8276,11764,10369,-0.00395337,-0.05088190,-0.00239824,-0.00395337,-9883.8276,2500103.8841,OK,0.0000,395.3531,4.0000,96.0000,AG03-UNRESOLVED,ALL5_LEVELS_bet23_to_bet27,395.3531,395.3531,395.3531,395.3531,395.3531,4.000000,4.000000,4.000000,4.000000,4.000000,96.000000,96.000000,96.000000,96.000000,96.000000,5.0,1976.7655,1824.8244,7907.0621,8059.0032,PENDING_AG03,FALSE,NOT_FOR_ENFORCEMENT,9488.4745,2189415.6736,9883.8276,9488.4745,395.3531,0.00395337,0.00379523,395.3531,9488.4745,0.00379523,395.3531,395.3531,395.3531,395.3531,395.3531,9488.4745,0.00379523,1976.7655,1824.8244,7907.0621,8059.0032,0.00316269,0.00322347,0.00015813,212.5216,219.9480,0.9532,119.0823,2.3972,30121.7335,124.9277,49.0469,238.9093,36.5364,75.9244,374.9013,749.8027,789.266,1183.8989,75.8035,-1.1839,10.395423,15.593133,2.799122,29,215,300,5,0.03207536,0.00395337,0.05088190,0E-8,0.000000,0.912219,0.000000,-0.04848366,2026-03-31,2026-08-01,83,4123,1621,124,0.669355,0.205295,0.230786,0.106918,,,,,,,,GLOBAL_BASELINE_NO_ENTITY_RANKING,,,NOT_APPLICABLE_GLOBAL_BASELINE,HF9g-P5,,,,X 全窗基线 · 不参与实体赏罚,15055838,1506,A168_HF9F_20260827_0900,2026-08-27 09:00:00
2026-05-31,92755421,2106,0,394.6329913180,0E-10,0E-10,0.5000000,2,2,0.49994810000000000,0.499948100000,0.00014679536856514622,0.00014679536856514622,0.00014679536856514622,0E-17,ELIGIBLE,R03b_20260811_FULL_v1,L1_ELIGIBILITY,v2026-08-11,2026-03-21..2026-08-06,baccarat_bet02_101_all_pairs_incl_sentinel,round_win = game_pnl > 0 (decisive only),COMPATIBILITY_ONLY_NOT_PRODUCTION,2500103.8841,2280641.3266,9883.8276,11764,10369,-0.00395337,-0.05088190,-0.00239824,-0.00395337,-9883.8276,2500103.8841,OK,0.0000,395.3531,4.0000,96.0000,AG03-UNRESOLVED,ALL5_LEVELS_bet23_to_bet27,395.3531,395.3531,395.3531,395.3531,395.3531,4.000000,4.000000,4.000000,4.000000,4.000000,96.000000,96.000000,96.000000,96.000000,96.000000,5.0,1976.7655,1824.8244,7907.0621,8059.0032,PENDING_AG03,FALSE,NOT_FOR_ENFORCEMENT,9488.4745,2189415.6736,9883.8276,9488.4745,395.3531,0.00395337,0.00379523,395.3531,9488.4745,0.00379523,395.3531,395.3531,395.3531,395.3531,395.3531,9488.4745,0.00379523,1976.7655,1824.8244,7907.0621,8059.0032,0.00316269,0.00322347,0.00015813,212.5216,219.9480,0.9532,119.0823,2.3972,30121.7335,124.9277,49.0469,238.9093,36.5364,75.9244,374.9013,749.8027,789.266,1183.8989,75.8035,-1.1839,10.395423,15.593133,2.799122,29,215,300,5,0.03207536,0.00395337,0.05088190,0E-8,0.000000,0.912219,0.000000,-0.04848366,2026-03-31,2026-08-01,83,4123,1621,124,0.669355,0.205295,0.230786,0.106918,,,,,,,,GLOBAL_BASELINE_NO_ENTITY_RANKING,,,NOT_APPLICABLE_GLOBAL_BASELINE,HF9g-P5,,,,X 全窗基线 · 不参与实体赏罚,15055839,1506,A168_HF9F_20260827_0900,2026-08-27 09:00:00
2026-05-31,92755421,2156,0,236.7797947908,-118.3898973954,-118.3898973954,0E-7,2,2,0.49324550000000000,0.493245500000,-0.9865810262130424,-0.9865810262130424,-0.9865810262130424,0E-17,ELIGIBLE,R03b_20260811_FULL_v1,L1_ELIGIBILITY,v2026-08-11,2026-03-21..2026-08-06,baccarat_bet02_101_all_pairs_incl_sentinel,round_win = game_pnl > 0 (decisive only),COMPATIBILITY_ONLY_NOT_PRODUCTION,2500103.8841,2280641.3266,9883.8276,11764,10369,-0.00395337,-0.05088190,-0.00239824,-0.00395337,-9883.8276,2500103.8841,OK,0.0000,395.3531,4.0000,96.0000,AG03-UNRESOLVED,ALL5_LEVELS_bet23_to_bet27,395.3531,395.3531,395.3531,395.3531,395.3531,4.000000,4.000000,4.000000,4.000000,4.000000,96.000000,96.000000,96.000000,96.000000,96.000000,5.0,1976.7655,1824.8244,7907.0621,8059.0032,PENDING_AG03,FALSE,NOT_FOR_ENFORCEMENT,9488.4745,2189415.6736,9883.8276,9488.4745,395.3531,0.00395337,0.00379523,395.3531,9488.4745,0.00379523,395.3531,395.3531,395.3531,395.3531,395.3531,9488.4745,0.00379523,1976.7655,1824.8244,7907.0621,8059.0032,0.00316269,0.00322347,0.00015813,212.5216,219.9480,0.9532,119.0823,2.3972,30121.7335,124.9277,49.0469,238.9093,36.5364,75.9244,374.9013,749.8027,789.266,1183.8989,75.8035,-1.1839,10.395423,15.593133,2.799122,29,215,300,5,0.03207536,0.00395337,0.05088190,0E-8,0.000000,0.912219,0.000000,-0.04848366,2026-03-31,2026-08-01,83,4123,1621,124,0.669355,0.205295,0.230786,0.106918,,,,,,,,GLOBAL_BASELINE_NO_ENTITY_RANKING,,,NOT_APPLICABLE_GLOBAL_BASELINE,HF9g-P5,,,,X 全窗基线 · 不参与实体赏罚,15055840,1506,A168_HF9F_20260827_0900,2026-08-27 09:00:00
2026-05-31,92755421,2160,0,1464.0883977899,734.0173638517,734.0173638517,0.7500000,11,10,0.49975826322579895,0.477568090000,1.4155811975151993,1.5426608946537732,1.4155811975151993,0.02219017322579895,ELIGIBLE,R03b_20260811_FULL_v1,L1_ELIGIBILITY,v2026-08-11,2026-03-21..2026-08-06,baccarat_bet02_101_all_pairs_incl_sentinel,round_win = game_pnl > 0 (decisive only),COMPATIBILITY_ONLY_NOT_PRODUCTION,2500103.8841,2280641.3266,9883.8276,11764,10369,-0.00395337,-0.05088190,-0.00239824,-0.00395337,-9883.8276,2500103.8841,OK,0.0000,395.3531,4.0000,96.0000,AG03-UNRESOLVED,ALL5_LEVELS_bet23_to_bet27,395.3531,395.3531,395.3531,395.3531,395.3531,4.000000,4.000000,4.000000,4.000000,4.000000,96.000000,96.000000,96.000000,96.000000,96.000000,5.0,1976.7655,1824.8244,7907.0621,8059.0032,PENDING_AG03,FALSE,NOT_FOR_ENFORCEMENT,9488.4745,2189415.6736,9883.8276,9488.4745,395.3531,0.00395337,0.00379523,395.3531,9488.4745,0.00379523,395.3531,395.3531,395.3531,395.3531,395.3531,9488.4745,0.00379523,1976.7655,1824.8244,7907.0621,8059.0032,0.00316269,0.00322347,0.00015813,212.5216,219.9480,0.9532,119.0823,2.3972,30121.7335,124.9277,49.0469,238.9093,36.5364,75.9244,374.9013,749.8027,789.266,1183.8989,75.8035,-1.1839,10.395423,15.593133,2.799122,29,215,300,5,0.03207536,0.00395337,0.05088190,0E-8,0.000000,0.912219,0.000000,-0.04848366,2026-03-31,2026-08-01,83,4123,1621,124,0.669355,0.205295,0.230786,0.106918,,,,,,,,GLOBAL_BASELINE_NO_ENTITY_RANKING,,,NOT_APPLICABLE_GLOBAL_BASELINE,HF9g-P5,,,,X 全窗基线 · 不参与实体赏罚,15055841,1506,A168_HF9F_20260827_0900,2026-08-27 09:00:00
2026-05-31,92755421,2167,0,394.6329913180,0E-10,0E-10,0.5000000,2,2,0.49324550000000000,0.493245500000,0.01910635448239258,0.01910635448239258,0.01910635448239258,0E-17,ELIGIBLE,R03b_20260811_FULL_v1,L1_ELIGIBILITY,v2026-08-11,2026-03-21..2026-08-06,baccarat_bet02_101_all_pairs_incl_sentinel,round_win = game_pnl > 0 (decisive only),COMPATIBILITY_ONLY_NOT_PRODUCTION,2500103.8841,2280641.3266,9883.8276,11764,10369,-0.00395337,-0.05088190,-0.00239824,-0.00395337,-9883.8276,2500103.8841,OK,0.0000,395.3531,4.0000,96.0000,AG03-UNRESOLVED,ALL5_LEVELS_bet23_to_bet27,395.3531,395.3531,395.3531,395.3531,395.3531,4.000000,4.000000,4.000000,4.000000,4.000000,96.000000,96.000000,96.000000,96.000000,96.000000,5.0,1976.7655,1824.8244,7907.0621,8059.0032,PENDING_AG03,FALSE,NOT_FOR_ENFORCEMENT,9488.4745,2189415.6736,9883.8276,9488.4745,395.3531,0.00395337,0.00379523,395.3531,9488.4745,0.00379523,395.3531,395.3531,395.3531,395.3531,395.3531,9488.4745,0.00379523,1976.7655,1824.8244,7907.0621,8059.0032,0.00316269,0.00322347,0.00015813,212.5216,219.9480,0.9532,119.0823,2.3972,30121.7335,124.9277,49.0469,238.9093,36.5364,75.9244,374.9013,749.8027,789.266,1183.8989,75.8035,-1.1839,10.395423,15.593133,2.799122,29,215,300,5,0.03207536,0.00395337,0.05088190,0E-8,0.000000,0.912219,0.000000,-0.04848366,2026-03-31,2026-08-01,83,4123,1621,124,0.669355,0.205295,0.230786,0.106918,,,,,,,,GLOBAL_BASELINE_NO_ENTITY_RANKING,,,NOT_APPLICABLE_GLOBAL_BASELINE,HF9g-P5,,,,X 全窗基线 · 不参与实体赏罚,15055842,1506,A168_HF9F_20260827_0900,2026-08-27 09:00:00
2026-05-31,92755421,2169,0,120.3630623520,116.4167324388,116.4167324388,1.0000000,2,1,0.48546827704914156,0.256040200000,1.0294983380870122,1.7045928232243774,1.0294983380870122,0.22942807704914156,ELIGIBLE,R03b_20260811_FULL_v1,L1_ELIGIBILITY,v2026-08-11,2026-03-21..2026-08-06,baccarat_bet02_101_all_pairs_incl_sentinel,round_win = game_pnl > 0 (decisive only),COMPATIBILITY_ONLY_NOT_PRODUCTION,2500103.8841,2280641.3266,9883.8276,11764,10369,-0.00395337,-0.05088190,-0.00239824,-0.00395337,-9883.8276,2500103.8841,OK,0.0000,395.3531,4.0000,96.0000,AG03-UNRESOLVED,ALL5_LEVELS_bet23_to_bet27,395.3531,395.3531,395.3531,395.3531,395.3531,4.000000,4.000000,4.000000,4.000000,4.000000,96.000000,96.000000,96.000000,96.000000,96.000000,5.0,1976.7655,1824.8244,7907.0621,8059.0032,PENDING_AG03,FALSE,NOT_FOR_ENFORCEMENT,9488.4745,2189415.6736,9883.8276,9488.4745,395.3531,0.00395337,0.00379523,395.3531,9488.4745,0.00379523,395.3531,395.3531,395.3531,395.3531,395.3531,9488.4745,0.00379523,1976.7655,1824.8244,7907.0621,8059.0032,0.00316269,0.00322347,0.00015813,212.5216,219.9480,0.9532,119.0823,2.3972,30121.7335,124.9277,49.0469,238.9093,36.5364,75.9244,374.9013,749.8027,789.266,1183.8989,75.8035,-1.1839,10.395423,15.593133,2.799122,29,215,300,5,0.03207536,0.00395337,0.05088190,0E-8,0.000000,0.912219,0.000000,-0.04848366,2026-03-31,2026-08-01,83,4123,1621,124,0.669355,0.205295,0.230786,0.106918,,,,,,,,GLOBAL_BASELINE_NO_ENTITY_RANKING,,,NOT_APPLICABLE_GLOBAL_BASELINE,HF9g-P5,,,,X 全窗基线 · 不参与实体赏罚,15055843,1506,A168_HF9F_20260827_0900,2026-08-27 09:00:00
2026-05-31,92755421,2175,0,2328.3346487768,749.8026835044,749.8026835044,0.7500000,6,6,0.49994810000000000,0.499948100000,1.0002076053883384,1.0002076053883384,1.0002076053883384,0E-17,ELIGIBLE,R03b_20260811_FULL_v1,L1_ELIGIBILITY,v2026-08-11,2026-03-21..2026-08-06,baccarat_bet02_101_all_pairs_incl_sentinel,round_win = game_pnl > 0 (decisive only),COMPATIBILITY_ONLY_NOT_PRODUCTION,2500103.8841,2280641.3266,9883.8276,11764,10369,-0.00395337,-0.05088190,-0.00239824,-0.00395337,-9883.8276,2500103.8841,OK,0.0000,395.3531,4.0000,96.0000,AG03-UNRESOLVED,ALL5_LEVELS_bet23_to_bet27,395.3531,395.3531,395.3531,395.3531,395.3531,4.000000,4.000000,4.000000,4.000000,4.000000,96.000000,96.000000,96.000000,96.000000,96.000000,5.0,1976.7655,1824.8244,7907.0621,8059.0032,PENDING_AG03,FALSE,NOT_FOR_ENFORCEMENT,9488.4745,2189415.6736,9883.8276,9488.4745,395.3531,0.00395337,0.00379523,395.3531,9488.4745,0.00379523,395.3531,395.3531,395.3531,395.3531,395.3531,9488.4745,0.00379523,1976.7655,1824.8244,7907.0621,8059.0032,0.00316269,0.00322347,0.00015813,212.5216,219.9480,0.9532,119.0823,2.3972,30121.7335,124.9277,49.0469,238.9093,36.5364,75.9244,374.9013,749.8027,789.266,1183.8989,75.8035,-1.1839,10.395423,15.593133,2.799122,29,215,300,5,0.03207536,0.00395337,0.05088190,0E-8,0.000000,0.912219,0.000000,-0.04848366,2026-03-31,2026-08-01,83,4123,1621,124,0.669355,0.205295,0.230786,0.106918,,,,,,,,GLOBAL_BASELINE_NO_ENTITY_RANKING,,,NOT_APPLICABLE_GLOBAL_BASELINE,HF9g-P5,,,,X 全窗基线 · 不参与实体赏罚,15055844,1506,A168_HF9F_20260827_0900,2026-08-27 09:00:00
2026-05-31,92755421,2196,0,1677.1902131018,112.4704025258,112.4704025258,0.5000000,6,6,0.50218230000000000,0.502182300000,-0.01069114476356389,-0.01069114476356389,-0.01069114476356389,0E-17,ELIGIBLE,R03b_20260811_FULL_v1,L1_ELIGIBILITY,v2026-08-11,2026-03-21..2026-08-06,baccarat_bet02_101_all_pairs_incl_sentinel,round_win = game_pnl > 0 (decisive only),COMPATIBILITY_ONLY_NOT_PRODUCTION,2500103.8841,2280641.3266,9883.8276,11764,10369,-0.00395337,-0.05088190,-0.00239824,-0.00395337,-9883.8276,2500103.8841,OK,0.0000,395.3531,4.0000,96.0000,AG03-UNRESOLVED,ALL5_LEVELS_bet23_to_bet27,395.3531,395.3531,395.3531,395.3531,395.3531,4.000000,4.000000,4.000000,4.000000,4.000000,96.000000,96.000000,96.000000,96.000000,96.000000,5.0,1976.7655,1824.8244,7907.0621,8059.0032,PENDING_AG03,FALSE,NOT_FOR_ENFORCEMENT,9488.4745,2189415.6736,9883.8276,9488.4745,395.3531,0.00395337,0.00379523,395.3531,9488.4745,0.00379523,395.3531,395.3531,395.3531,395.3531,395.3531,9488.4745,0.00379523,1976.7655,1824.8244,7907.0621,8059.0032,0.00316269,0.00322347,0.00015813,212.5216,219.9480,0.9532,119.0823,2.3972,30121.7335,124.9277,49.0469,238.9093,36.5364,75.9244,374.9013,749.8027,789.266,1183.8989,75.8035,-1.1839,10.395423,15.593133,2.799122,29,215,300,5,0.03207536,0.00395337,0.05088190,0E-8,0.000000,0.912219,0.000000,-0.04848366,2026-03-31,2026-08-01,83,4123,1621,124,0.669355,0.205295,0.230786,0.106918,,,,,,,,GLOBAL_BASELINE_NO_ENTITY_RANKING,,,NOT_APPLICABLE_GLOBAL_BASELINE,HF9g-P5,,,,X 全窗基线 · 不参与实体赏罚,15055845,1506,A168_HF9F_20260827_0900,2026-08-27 09:00:00
2026-05-31,92755421,2218,0,197.3164956590,197.3164956590,197.3164956590,1.0000000,1,1,0.49324550000000000,0.493245500000,1.01360149184955,1.01360149184955,1.01360149184955,0E-17,ELIGIBLE,R03b_20260811_FULL_v1,L1_ELIGIBILITY,v2026-08-11,2026-03-21..2026-08-06,baccarat_bet02_101_all_pairs_incl_sentinel,round_win = game_pnl > 0 (decisive only),COMPATIBILITY_ONLY_NOT_PRODUCTION,2500103.8841,2280641.3266,9883.8276,11764,10369,-0.00395337,-0.05088190,-0.00239824,-0.00395337,-9883.8276,2500103.8841,OK,0.0000,395.3531,4.0000,96.0000,AG03-UNRESOLVED,ALL5_LEVELS_bet23_to_bet27,395.3531,395.3531,395.3531,395.3531,395.3531,4.000000,4.000000,4.000000,4.000000,4.000000,96.000000,96.000000,96.000000,96.000000,96.000000,5.0,1976.7655,1824.8244,7907.0621,8059.0032,PENDING_AG03,FALSE,NOT_FOR_ENFORCEMENT,9488.4745,2189415.6736,9883.8276,9488.4745,395.3531,0.00395337,0.00379523,395.3531,9488.4745,0.00379523,395.3531,395.3531,395.3531,395.3531,395.3531,9488.4745,0.00379523,1976.7655,1824.8244,7907.0621,8059.0032,0.00316269,0.00322347,0.00015813,212.5216,219.9480,0.9532,119.0823,2.3972,30121.7335,124.9277,49.0469,238.9093,36.5364,75.9244,374.9013,749.8027,789.266,1183.8989,75.8035,-1.1839,10.395423,15.593133,2.799122,29,215,300,5,0.03207536,0.00395337,0.05088190,0E-8,0.000000,0.912219,0.000000,-0.04848366,2026-03-31,2026-08-01,83,4123,1621,124,0.669355,0.205295,0.230786,0.106918,,,,,,,,GLOBAL_BASELINE_NO_ENTITY_RANKING,,,NOT_APPLICABLE_GLOBAL_BASELINE,HF9g-P5,,,,X 全窗基线 · 不参与实体赏罚,15055846,1506,A168_HF9F_20260827_0900,2026-08-27 09:00:00
2026-05-31,92755421,2223,0,1381.2154696132,187.4506708760,187.4506708760,0.7500000,5,5,0.50128862000000000,0.501288620000,0.9948488239810122,0.9948488239810122,0.9948488239810122,0E-17,ELIGIBLE,R03b_20260811_FULL_v1,L1_ELIGIBILITY,v2026-08-11,2026-03-21..2026-08-06,baccarat_bet02_101_all_pairs_incl_sentinel,round_win = game_pnl > 0 (decisive only),COMPATIBILITY_ONLY_NOT_PRODUCTION,2500103.8841,2280641.3266,9883.8276,11764,10369,-0.00395337,-0.05088190,-0.00239824,-0.00395337,-9883.8276,2500103.8841,OK,0.0000,395.3531,4.0000,96.0000,AG03-UNRESOLVED,ALL5_LEVELS_bet23_to_bet27,395.3531,395.3531,395.3531,395.3531,395.3531,4.000000,4.000000,4.000000,4.000000,4.000000,96.000000,96.000000,96.000000,96.000000,96.000000,5.0,1976.7655,1824.8244,7907.0621,8059.0032,PENDING_AG03,FALSE,NOT_FOR_ENFORCEMENT,9488.4745,2189415.6736,9883.8276,9488.4745,395.3531,0.00395337,0.00379523,395.3531,9488.4745,0.00379523,395.3531,395.3531,395.3531,395.3531,395.3531,9488.4745,0.00379523,1976.7655,1824.8244,7907.0621,8059.0032,0.00316269,0.00322347,0.00015813,212.5216,219.9480,0.9532,119.0823,2.3972,30121.7335,124.9277,49.0469,238.9093,36.5364,75.9244,374.9013,749.8027,789.266,1183.8989,75.8035,-1.1839,10.395423,15.593133,2.799122,29,215,300,5,0.03207536,0.00395337,0.05088190,0E-8,0.000000,0.912219,0.000000,-0.04848366,2026-03-31,2026-08-01,83,4123,1621,124,0.669355,0.205295,0.230786,0.106918,,,,,,,,GLOBAL_BASELINE_NO_ENTITY_RANKING,,,NOT_APPLICABLE_GLOBAL_BASELINE,HF9g-P5,,,,X 全窗基线 · 不参与实体赏罚,15055847,1506,A168_HF9F_20260827_0900,2026-08-27 09:00:00
2026-05-31,92755421,2234,0,118.3898973954,-118.3898973954,-118.3898973954,0E-7,1,1,0.50665070000000000,0.506650700000,-1.013391052207602,-1.013391052207602,-1.013391052207602,0E-17,ELIGIBLE,R03b_20260811_FULL_v1,L1_ELIGIBILITY,v2026-08-11,2026-03-21..2026-08-06,baccarat_bet02_101_all_pairs_incl_sentinel,round_win = game_pnl > 0 (decisive only),COMPATIBILITY_ONLY_NOT_PRODUCTION,2500103.8841,2280641.3266,9883.8276,11764,10369,-0.00395337,-0.05088190,-0.00239824,-0.00395337,-9883.8276,2500103.8841,OK,0.0000,395.3531,4.0000,96.0000,AG03-UNRESOLVED,ALL5_LEVELS_bet23_to_bet27,395.3531,395.3531,395.3531,395.3531,395.3531,4.000000,4.000000,4.000000,4.000000,4.000000,96.000000,96.000000,96.000000,96.000000,96.000000,5.0,1976.7655,1824.8244,7907.0621,8059.0032,PENDING_AG03,FALSE,NOT_FOR_ENFORCEMENT,9488.4745,2189415.6736,9883.8276,9488.4745,395.3531,0.00395337,0.00379523,395.3531,9488.4745,0.00379523,395.3531,395.3531,395.3531,395.3531,395.3531,9488.4745,0.00379523,1976.7655,1824.8244,7907.0621,8059.0032,0.00316269,0.00322347,0.00015813,212.5216,219.9480,0.9532,119.0823,2.3972,30121.7335,124.9277,49.0469,238.9093,36.5364,75.9244,374.9013,749.8027,789.266,1183.8989,75.8035,-1.1839,10.395423,15.593133,2.799122,29,215,300,5,0.03207536,0.00395337,0.05088190,0E-8,0.000000,0.912219,0.000000,-0.04848366,2026-03-31,2026-08-01,83,4123,1621,124,0.669355,0.205295,0.230786,0.106918,,,,,,,,GLOBAL_BASELINE_NO_ENTITY_RANKING,,,NOT_APPLICABLE_GLOBAL_BASELINE,HF9g-P5,,,,X 全窗基线 · 不参与实体赏罚,15055848,1506,A168_HF9F_20260827_0900,2026-08-27 09:00:00
2026-05-31,92755421,2235,0,384.7671665351,0E-10,0E-10,0.5000000,3,2,0.49495430421050234,0.381345450000,0.014272109561322754,0.3454745057990616,0.014272109561322754,0.11360885421050234,ELIGIBLE,R03b_20260811_FULL_v1,L1_ELIGIBILITY,v2026-08-11,2026-03-21..2026-08-06,baccarat_bet02_101_all_pairs_incl_sentinel,round_win = game_pnl > 0 (decisive only),COMPATIBILITY_ONLY_NOT_PRODUCTION,2500103.8841,2280641.3266,9883.8276,11764,10369,-0.00395337,-0.05088190,-0.00239824,-0.00395337,-9883.8276,2500103.8841,OK,0.0000,395.3531,4.0000,96.0000,AG03-UNRESOLVED,ALL5_LEVELS_bet23_to_bet27,395.3531,395.3531,395.3531,395.3531,395.3531,4.000000,4.000000,4.000000,4.000000,4.000000,96.000000,96.000000,96.000000,96.000000,96.000000,5.0,1976.7655,1824.8244,7907.0621,8059.0032,PENDING_AG03,FALSE,NOT_FOR_ENFORCEMENT,9488.4745,2189415.6736,9883.8276,9488.4745,395.3531,0.00395337,0.00379523,395.3531,9488.4745,0.00379523,395.3531,395.3531,395.3531,395.3531,395.3531,9488.4745,0.00379523,1976.7655,1824.8244,7907.0621,8059.0032,0.00316269,0.00322347,0.00015813,212.5216,219.9480,0.9532,119.0823,2.3972,30121.7335,124.9277,49.0469,238.9093,36.5364,75.9244,374.9013,749.8027,789.266,1183.8989,75.8035,-1.1839,10.395423,15.593133,2.799122,29,215,300,5,0.03207536,0.00395337,0.05088190,0E-8,0.000000,0.912219,0.000000,-0.04848366,2026-03-31,2026-08-01,83,4123,1621,124,0.669355,0.205295,0.230786,0.106918,,,,,,,,GLOBAL_BASELINE_NO_ENTITY_RANKING,,,NOT_APPLICABLE_GLOBAL_BASELINE,HF9g-P5,,,,X 全窗基线 · 不参与实体赏罚,15055849,1506,A168_HF9F_20260827_0900,2026-08-27 09:00:00
2026-05-31,92755421,2250,0,477.5059194948,-240.7261247040,-240.7261247040,0.2500000,5,4,0.49277090806449737,0.437295475000,-0.9711851453883821,-0.7551436682447525,-0.9711851453883821,0.05547543306449737,ELIGIBLE,R03b_20260811_FULL_v1,L1_ELIGIBILITY,v2026-08-11,2026-03-21..2026-08-06,baccarat_bet02_101_all_pairs_incl_sentinel,round_win = game_pnl > 0 (decisive only),COMPATIBILITY_ONLY_NOT_PRODUCTION,2500103.8841,2280641.3266,9883.8276,11764,10369,-0.00395337,-0.05088190,-0.00239824,-0.00395337,-9883.8276,2500103.8841,OK,0.0000,395.3531,4.0000,96.0000,AG03-UNRESOLVED,ALL5_LEVELS_bet23_to_bet27,395.3531,395.3531,395.3531,395.3531,395.3531,4.000000,4.000000,4.000000,4.000000,4.000000,96.000000,96.000000,96.000000,96.000000,96.000000,5.0,1976.7655,1824.8244,7907.0621,8059.0032,PENDING_AG03,FALSE,NOT_FOR_ENFORCEMENT,9488.4745,2189415.6736,9883.8276,9488.4745,395.3531,0.00395337,0.00379523,395.3531,9488.4745,0.00379523,395.3531,395.3531,395.3531,395.3531,395.3531,9488.4745,0.00379523,1976.7655,1824.8244,7907.0621,8059.0032,0.00316269,0.00322347,0.00015813,212.5216,219.9480,0.9532,119.0823,2.3972,30121.7335,124.9277,49.0469,238.9093,36.5364,75.9244,374.9013,749.8027,789.266,1183.8989,75.8035,-1.1839,10.395423,15.593133,2.799122,29,215,300,5,0.03207536,0.00395337,0.05088190,0E-8,0.000000,0.912219,0.000000,-0.04848366,2026-03-31,2026-08-01,83,4123,1621,124,0.669355,0.205295,0.230786,0.106918,,,,,,,,GLOBAL_BASELINE_NO_ENTITY_RANKING,,,NOT_APPLICABLE_GLOBAL_BASELINE,HF9g-P5,,,,X 全窗基线 · 不参与实体赏罚,15055850,1506,A168_HF9F_20260827_0900,2026-08-27 09:00:00
2026-05-31,92755421,2252,0,4672.0599842150,3506.9060773481,3506.9060773481,0.9090909,19,12,0.49754883458069749,0.359344141667,2.729894096951275,3.8000677670116394,2.729894096951275,0.13820469291369749,ELIGIBLE,R03b_20260811_FULL_v1,L1_ELIGIBILITY,v2026-08-11,2026-03-21..2026-08-06,baccarat_bet02_101_all_pairs_incl_sentinel,round_win = game_pnl > 0 (decisive only),COMPATIBILITY_ONLY_NOT_PRODUCTION,2500103.8841,2280641.3266,9883.8276,11764,10369,-0.00395337,-0.05088190,-0.00239824,-0.00395337,-9883.8276,2500103.8841,OK,0.0000,395.3531,4.0000,96.0000,AG03-UNRESOLVED,ALL5_LEVELS_bet23_to_bet27,395.3531,395.3531,395.3531,395.3531,395.3531,4.000000,4.000000,4.000000,4.000000,4.000000,96.000000,96.000000,96.000000,96.000000,96.000000,5.0,1976.7655,1824.8244,7907.0621,8059.0032,PENDING_AG03,FALSE,NOT_FOR_ENFORCEMENT,9488.4745,2189415.6736,9883.8276,9488.4745,395.3531,0.00395337,0.00379523,395.3531,9488.4745,0.00379523,395.3531,395.3531,395.3531,395.3531,395.3531,9488.4745,0.00379523,1976.7655,1824.8244,7907.0621,8059.0032,0.00316269,0.00322347,0.00015813,212.5216,219.9480,0.9532,119.0823,2.3972,30121.7335,124.9277,49.0469,238.9093,36.5364,75.9244,374.9013,749.8027,789.266,1183.8989,75.8035,-1.1839,10.395423,15.593133,2.799122,29,215,300,5,0.03207536,0.00395337,0.05088190,0E-8,0.000000,0.912219,0.000000,-0.04848366,2026-03-31,2026-08-01,83,4123,1621,124,0.669355,0.205295,0.230786,0.106918,,,,,,,,GLOBAL_BASELINE_NO_ENTITY_RANKING,,,NOT_APPLICABLE_GLOBAL_BASELINE,HF9g-P5,,,,X 全窗基线 · 不参与实体赏罚,15055851,1506,A168_HF9F_20260827_0900,2026-08-27 09:00:00
2026-05-31,92755421,2261,0,118.3898973954,-118.3898973954,-118.3898973954,0E-7,1,1,0.50665070000000000,0.506650700000,-1.013391052207602,-1.013391052207602,-1.013391052207602,0E-17,ELIGIBLE,R03b_20260811_FULL_v1,L1_ELIGIBILITY,v2026-08-11,2026-03-21..2026-08-06,baccarat_bet02_101_all_pairs_incl_sentinel,round_win = game_pnl > 0 (decisive only),COMPATIBILITY_ONLY_NOT_PRODUCTION,2500103.8841,2280641.3266,9883.8276,11764,10369,-0.00395337,-0.05088190,-0.00239824,-0.00395337,-9883.8276,2500103.8841,OK,0.0000,395.3531,4.0000,96.0000,AG03-UNRESOLVED,ALL5_LEVELS_bet23_to_bet27,395.3531,395.3531,395.3531,395.3531,395.3531,4.000000,4.000000,4.000000,4.000000,4.000000,96.000000,96.000000,96.000000,96.000000,96.000000,5.0,1976.7655,1824.8244,7907.0621,8059.0032,PENDING_AG03,FALSE,NOT_FOR_ENFORCEMENT,9488.4745,2189415.6736,9883.8276,9488.4745,395.3531,0.00395337,0.00379523,395.3531,9488.4745,0.00379523,395.3531,395.3531,395.3531,395.3531,395.3531,9488.4745,0.00379523,1976.7655,1824.8244,7907.0621,8059.0032,0.00316269,0.00322347,0.00015813,212.5216,219.9480,0.9532,119.0823,2.3972,30121.7335,124.9277,49.0469,238.9093,36.5364,75.9244,374.9013,749.8027,789.266,1183.8989,75.8035,-1.1839,10.395423,15.593133,2.799122,29,215,300,5,0.03207536,0.00395337,0.05088190,0E-8,0.000000,0.912219,0.000000,-0.04848366,2026-03-31,2026-08-01,83,4123,1621,124,0.669355,0.205295,0.230786,0.106918,,,,,,,,GLOBAL_BASELINE_NO_ENTITY_RANKING,,,NOT_APPLICABLE_GLOBAL_BASELINE,HF9g-P5,,,,X 全窗基线 · 不参与实体赏罚,15055852,1506,A168_HF9F_20260827_0900,2026-08-27 09:00:00
2026-05-31,92755421,2266,0,872.1389108129,-635.3591160221,-635.3591160221,0.2000000,6,5,0.49814142129030715,0.452507040000,-1.3333381813985599,-1.1343747562972317,-1.3333381813985599,0.04563438129030715,ELIGIBLE,R03b_20260811_FULL_v1,L1_ELIGIBILITY,v2026-08-11,2026-03-21..2026-08-06,baccarat_bet02_101_all_pairs_incl_sentinel,round_win = game_pnl > 0 (decisive only),COMPATIBILITY_ONLY_NOT_PRODUCTION,2500103.8841,2280641.3266,9883.8276,11764,10369,-0.00395337,-0.05088190,-0.00239824,-0.00395337,-9883.8276,2500103.8841,OK,0.0000,395.3531,4.0000,96.0000,AG03-UNRESOLVED,ALL5_LEVELS_bet23_to_bet27,395.3531,395.3531,395.3531,395.3531,395.3531,4.000000,4.000000,4.000000,4.000000,4.000000,96.000000,96.000000,96.000000,96.000000,96.000000,5.0,1976.7655,1824.8244,7907.0621,8059.0032,PENDING_AG03,FALSE,NOT_FOR_ENFORCEMENT,9488.4745,2189415.6736,9883.8276,9488.4745,395.3531,0.00395337,0.00379523,395.3531,9488.4745,0.00379523,395.3531,395.3531,395.3531,395.3531,395.3531,9488.4745,0.00379523,1976.7655,1824.8244,7907.0621,8059.0032,0.00316269,0.00322347,0.00015813,212.5216,219.9480,0.9532,119.0823,2.3972,30121.7335,124.9277,49.0469,238.9093,36.5364,75.9244,374.9013,749.8027,789.266,1183.8989,75.8035,-1.1839,10.395423,15.593133,2.799122,29,215,300,5,0.03207536,0.00395337,0.05088190,0E-8,0.000000,0.912219,0.000000,-0.04848366,2026-03-31,2026-08-01,83,4123,1621,124,0.669355,0.205295,0.230786,0.106918,,,,,,,,GLOBAL_BASELINE_NO_ENTITY_RANKING,,,NOT_APPLICABLE_GLOBAL_BASELINE,HF9g-P5,,,,X 全窗基线 · 不参与实体赏罚,15055853,1506,A168_HF9F_20260827_0900,2026-08-27 09:00:00
2026-05-31,92755421,2267,0,118.3898973954,118.3898973954,118.3898973954,1.0000000,1,1,0.49324550000000000,0.493245500000,1.01360149184955,1.01360149184955,1.01360149184955,0E-17,ELIGIBLE,R03b_20260811_FULL_v1,L1_ELIGIBILITY,v2026-08-11,2026-03-21..2026-08-06,baccarat_bet02_101_all_pairs_incl_sentinel,round_win = game_pnl > 0 (decisive only),COMPATIBILITY_ONLY_NOT_PRODUCTION,2500103.8841,2280641.3266,9883.8276,11764,10369,-0.00395337,-0.05088190,-0.00239824,-0.00395337,-9883.8276,2500103.8841,OK,0.0000,395.3531,4.0000,96.0000,AG03-UNRESOLVED,ALL5_LEVELS_bet23_to_bet27,395.3531,395.3531,395.3531,395.3531,395.3531,4.000000,4.000000,4.000000,4.000000,4.000000,96.000000,96.000000,96.000000,96.000000,96.000000,5.0,1976.7655,1824.8244,7907.0621,8059.0032,PENDING_AG03,FALSE,NOT_FOR_ENFORCEMENT,9488.4745,2189415.6736,9883.8276,9488.4745,395.3531,0.00395337,0.00379523,395.3531,9488.4745,0.00379523,395.3531,395.3531,395.3531,395.3531,395.3531,9488.4745,0.00379523,1976.7655,1824.8244,7907.0621,8059.0032,0.00316269,0.00322347,0.00015813,212.5216,219.9480,0.9532,119.0823,2.3972,30121.7335,124.9277,49.0469,238.9093,36.5364,75.9244,374.9013,749.8027,789.266,1183.8989,75.8035,-1.1839,10.395423,15.593133,2.799122,29,215,300,5,0.03207536,0.00395337,0.05088190,0E-8,0.000000,0.912219,0.000000,-0.04848366,2026-03-31,2026-08-01,83,4123,1621,124,0.669355,0.205295,0.230786,0.106918,,,,,,,,GLOBAL_BASELINE_NO_ENTITY_RANKING,,,NOT_APPLICABLE_GLOBAL_BASELINE,HF9g-P5,,,,X 全窗基线 · 不参与实体赏罚,15055854,1506,A168_HF9F_20260827_0900,2026-08-27 09:00:00
2026-05-31,92755421,2276,0,359.1160220994,0E-10,0E-10,0.5000000,4,3,0.49693696881717858,0.420879666667,0.00866372305183299,0.22664165188301974,0.00866372305183299,0.07605730215017858,ELIGIBLE,R03b_20260811_FULL_v1,L1_ELIGIBILITY,v2026-08-11,2026-03-21..2026-08-06,baccarat_bet02_101_all_pairs_incl_sentinel,round_win = game_pnl > 0 (decisive only),COMPATIBILITY_ONLY_NOT_PRODUCTION,2500103.8841,2280641.3266,9883.8276,11764,10369,-0.00395337,-0.05088190,-0.00239824,-0.00395337,-9883.8276,2500103.8841,OK,0.0000,395.3531,4.0000,96.0000,AG03-UNRESOLVED,ALL5_LEVELS_bet23_to_bet27,395.3531,395.3531,395.3531,395.3531,395.3531,4.000000,4.000000,4.000000,4.000000,4.000000,96.000000,96.000000,96.000000,96.000000,96.000000,5.0,1976.7655,1824.8244,7907.0621,8059.0032,PENDING_AG03,FALSE,NOT_FOR_ENFORCEMENT,9488.4745,2189415.6736,9883.8276,9488.4745,395.3531,0.00395337,0.00379523,395.3531,9488.4745,0.00379523,395.3531,395.3531,395.3531,395.3531,395.3531,9488.4745,0.00379523,1976.7655,1824.8244,7907.0621,8059.0032,0.00316269,0.00322347,0.00015813,212.5216,219.9480,0.9532,119.0823,2.3972,30121.7335,124.9277,49.0469,238.9093,36.5364,75.9244,374.9013,749.8027,789.266,1183.8989,75.8035,-1.1839,10.395423,15.593133,2.799122,29,215,300,5,0.03207536,0.00395337,0.05088190,0E-8,0.000000,0.912219,0.000000,-0.04848366,2026-03-31,2026-08-01,83,4123,1621,124,0.669355,0.205295,0.230786,0.106918,,,,,,,,GLOBAL_BASELINE_NO_ENTITY_RANKING,,,NOT_APPLICABLE_GLOBAL_BASELINE,HF9g-P5,,,,X 全窗基线 · 不参与实体赏罚,15055855,1506,A168_HF9F_20260827_0900,2026-08-27 09:00:00
2026-05-31,92755421,526,0,118.3898973954,118.3898973954,118.3898973954,1.0000000,1,1,0.49324550000000000,0.493245500000,1.01360149184955,1.01360149184955,1.01360149184955,0E-17,ELIGIBLE,R03b_20260811_FULL_v1,L1_ELIGIBILITY,v2026-08-11,2026-03-21..2026-08-06,baccarat_bet02_101_all_pairs_incl_sentinel,round_win = game_pnl > 0 (decisive only),COMPATIBILITY_ONLY_NOT_PRODUCTION,2500103.8841,2280641.3266,9883.8276,11764,10369,-0.00395337,-0.05088190,-0.00239824,-0.00395337,-9883.8276,2500103.8841,OK,0.0000,395.3531,4.0000,96.0000,AG03-UNRESOLVED,ALL5_LEVELS_bet23_to_bet27,395.3531,395.3531,395.3531,395.3531,395.3531,4.000000,4.000000,4.000000,4.000000,4.000000,96.000000,96.000000,96.000000,96.000000,96.000000,5.0,1976.7655,1824.8244,7907.0621,8059.0032,PENDING_AG03,FALSE,NOT_FOR_ENFORCEMENT,9488.4745,2189415.6736,9883.8276,9488.4745,395.3531,0.00395337,0.00379523,395.3531,9488.4745,0.00379523,395.3531,395.3531,395.3531,395.3531,395.3531,9488.4745,0.00379523,1976.7655,1824.8244,7907.0621,8059.0032,0.00316269,0.00322347,0.00015813,212.5216,219.9480,0.9532,119.0823,2.3972,30121.7335,124.9277,49.0469,238.9093,36.5364,75.9244,374.9013,749.8027,789.266,1183.8989,75.8035,-1.1839,10.395423,15.593133,2.799122,29,215,300,5,0.03207536,0.00395337,0.05088190,0E-8,0.000000,0.912219,0.000000,-0.04848366,2026-03-31,2026-08-01,83,4123,1621,124,0.669355,0.205295,0.230786,0.106918,,,,,,,,GLOBAL_BASELINE_NO_ENTITY_RANKING,,,NOT_APPLICABLE_GLOBAL_BASELINE,HF9g-P5,,,,X 全窗基线 · 不参与实体赏罚,15055856,1506,A168_HF9F_20260827_0900,2026-08-27 09:00:00
2026-05-31,92755421,595,0,236.7797947908,0E-10,0E-10,0.5000000,2,2,0.49994810000000000,0.499948100000,0.00014679536856514622,0.00014679536856514622,0.00014679536856514622,0E-17,ELIGIBLE,R03b_20260811_FULL_v1,L1_ELIGIBILITY,v2026-08-11,2026-03-21..2026-08-06,baccarat_bet02_101_all_pairs_incl_sentinel,round_win = game_pnl > 0 (decisive only),COMPATIBILITY_ONLY_NOT_PRODUCTION,2500103.8841,2280641.3266,9883.8276,11764,10369,-0.00395337,-0.05088190,-0.00239824,-0.00395337,-9883.8276,2500103.8841,OK,0.0000,395.3531,4.0000,96.0000,AG03-UNRESOLVED,ALL5_LEVELS_bet23_to_bet27,395.3531,395.3531,395.3531,395.3531,395.3531,4.000000,4.000000,4.000000,4.000000,4.000000,96.000000,96.000000,96.000000,96.000000,96.000000,5.0,1976.7655,1824.8244,7907.0621,8059.0032,PENDING_AG03,FALSE,NOT_FOR_ENFORCEMENT,9488.4745,2189415.6736,9883.8276,9488.4745,395.3531,0.00395337,0.00379523,395.3531,9488.4745,0.00379523,395.3531,395.3531,395.3531,395.3531,395.3531,9488.4745,0.00379523,1976.7655,1824.8244,7907.0621,8059.0032,0.00316269,0.00322347,0.00015813,212.5216,219.9480,0.9532,119.0823,2.3972,30121.7335,124.9277,49.0469,238.9093,36.5364,75.9244,374.9013,749.8027,789.266,1183.8989,75.8035,-1.1839,10.395423,15.593133,2.799122,29,215,300,5,0.03207536,0.00395337,0.05088190,0E-8,0.000000,0.912219,0.000000,-0.04848366,2026-03-31,2026-08-01,83,4123,1621,124,0.669355,0.205295,0.230786,0.106918,,,,,,,,GLOBAL_BASELINE_NO_ENTITY_RANKING,,,NOT_APPLICABLE_GLOBAL_BASELINE,HF9g-P5,,,,X 全窗基线 · 不参与实体赏罚,15055857,1506,A168_HF9F_20260827_0900,2026-08-27 09:00:00
2026-06-01,92755421,-1,1,8941.2345304075,-1366.8286386761,-1366.8286386761,0.4166667,27,26,0.50092020686092361,0.491598196154,-0.8255141280560019,-0.7342797249436538,-0.8255141280560019,0.00932201070692361,SENTINEL_DEALER,R03b_20260811_FULL_v1,L1_ELIGIBILITY,v2026-08-11,2026-03-21..2026-08-06,baccarat_bet02_101_all_pairs_incl_sentinel,round_win = game_pnl > 0 (decisive only),COMPATIBILITY_ONLY_NOT_PRODUCTION,2500103.8841,2280641.3266,9883.8276,11764,10369,-0.00395337,-0.05088190,-0.00239824,-0.00395337,-9883.8276,2500103.8841,OK,0.0000,395.3531,4.0000,96.0000,AG03-UNRESOLVED,ALL5_LEVELS_bet23_to_bet27,395.3531,395.3531,395.3531,395.3531,395.3531,4.000000,4.000000,4.000000,4.000000,4.000000,96.000000,96.000000,96.000000,96.000000,96.000000,5.0,1976.7655,1824.8244,7907.0621,8059.0032,PENDING_AG03,FALSE,NOT_FOR_ENFORCEMENT,9488.4745,2189415.6736,9883.8276,9488.4745,395.3531,0.00395337,0.00379523,395.3531,9488.4745,0.00379523,395.3531,395.3531,395.3531,395.3531,395.3531,9488.4745,0.00379523,1976.7655,1824.8244,7907.0621,8059.0032,0.00316269,0.00322347,0.00015813,212.5216,219.9480,0.9532,119.0823,2.3972,30121.7335,124.9277,49.0469,238.9093,36.5364,75.9244,374.9013,749.8027,789.266,1183.8989,75.8035,-1.1839,10.395423,15.593133,2.799122,29,215,300,5,0.03207536,0.00395337,0.05088190,0E-8,0.000000,0.912219,0.000000,-0.04848366,2026-03-31,2026-08-01,83,4123,1621,124,0.669355,0.205295,0.230786,0.106918,,,,,,,,GLOBAL_BASELINE_NO_ENTITY_RANKING,,,NOT_APPLICABLE_GLOBAL_BASELINE,HF9g-P5,,,,X 全窗基线 · 不参与实体赏罚,15055858,1506,A168_HF9F_20260827_0900,2026-08-27 09:00:00
2026-06-01,92755421,1109,0,379.6218965910,379.6218965910,379.6218965910,1.0000000,1,1,0.49324550000000000,0.493245500000,1.01360149184955,1.01360149184955,1.01360149184955,0E-17,ELIGIBLE,R03b_20260811_FULL_v1,L1_ELIGIBILITY,v2026-08-11,2026-03-21..2026-08-06,baccarat_bet02_101_all_pairs_incl_sentinel,round_win = game_pnl > 0 (decisive only),COMPATIBILITY_ONLY_NOT_PRODUCTION,2500103.8841,2280641.3266,9883.8276,11764,10369,-0.00395337,-0.05088190,-0.00239824,-0.00395337,-9883.8276,2500103.8841,OK,0.0000,395.3531,4.0000,96.0000,AG03-UNRESOLVED,ALL5_LEVELS_bet23_to_bet27,395.3531,395.3531,395.3531,395.3531,395.3531,4.000000,4.000000,4.000000,4.000000,4.000000,96.000000,96.000000,96.000000,96.000000,96.000000,5.0,1976.7655,1824.8244,7907.0621,8059.0032,PENDING_AG03,FALSE,NOT_FOR_ENFORCEMENT,9488.4745,2189415.6736,9883.8276,9488.4745,395.3531,0.00395337,0.00379523,395.3531,9488.4745,0.00379523,395.3531,395.3531,395.3531,395.3531,395.3531,9488.4745,0.00379523,1976.7655,1824.8244,7907.0621,8059.0032,0.00316269,0.00322347,0.00015813,212.5216,219.9480,0.9532,119.0823,2.3972,30121.7335,124.9277,49.0469,238.9093,36.5364,75.9244,374.9013,749.8027,789.266,1183.8989,75.8035,-1.1839,10.395423,15.593133,2.799122,29,215,300,5,0.03207536,0.00395337,0.05088190,0E-8,0.000000,0.912219,0.000000,-0.04848366,2026-03-31,2026-08-01,83,4123,1621,124,0.669355,0.205295,0.230786,0.106918,,,,,,,,GLOBAL_BASELINE_NO_ENTITY_RANKING,,,NOT_APPLICABLE_GLOBAL_BASELINE,HF9g-P5,,,,X 全窗基线 · 不参与实体赏罚,15055859,1506,A168_HF9F_20260827_0900,2026-08-27 09:00:00
2026-06-01,92755421,1205,0,740.2626983524,0E-10,0E-10,0.5000000,2,2,0.49994810000000000,0.499948100000,0.00014679536856514622,0.00014679536856514622,0.00014679536856514622,0E-17,ELIGIBLE,R03b_20260811_FULL_v1,L1_ELIGIBILITY,v2026-08-11,2026-03-21..2026-08-06,baccarat_bet02_101_all_pairs_incl_sentinel,round_win = game_pnl > 0 (decisive only),COMPATIBILITY_ONLY_NOT_PRODUCTION,2500103.8841,2280641.3266,9883.8276,11764,10369,-0.00395337,-0.05088190,-0.00239824,-0.00395337,-9883.8276,2500103.8841,OK,0.0000,395.3531,4.0000,96.0000,AG03-UNRESOLVED,ALL5_LEVELS_bet23_to_bet27,395.3531,395.3531,395.3531,395.3531,395.3531,4.000000,4.000000,4.000000,4.000000,4.000000,96.000000,96.000000,96.000000,96.000000,96.000000,5.0,1976.7655,1824.8244,7907.0621,8059.0032,PENDING_AG03,FALSE,NOT_FOR_ENFORCEMENT,9488.4745,2189415.6736,9883.8276,9488.4745,395.3531,0.00395337,0.00379523,395.3531,9488.4745,0.00379523,395.3531,395.3531,395.3531,395.3531,395.3531,9488.4745,0.00379523,1976.7655,1824.8244,7907.0621,8059.0032,0.00316269,0.00322347,0.00015813,212.5216,219.9480,0.9532,119.0823,2.3972,30121.7335,124.9277,49.0469,238.9093,36.5364,75.9244,374.9013,749.8027,789.266,1183.8989,75.8035,-1.1839,10.395423,15.593133,2.799122,29,215,300,5,0.03207536,0.00395337,0.05088190,0E-8,0.000000,0.912219,0.000000,-0.04848366,2026-03-31,2026-08-01,83,4123,1621,124,0.669355,0.205295,0.230786,0.106918,,,,,,,,GLOBAL_BASELINE_NO_ENTITY_RANKING,,,NOT_APPLICABLE_GLOBAL_BASELINE,HF9g-P5,,,,X 全窗基线 · 不参与实体赏罚,15055860,1506,A168_HF9F_20260827_0900,2026-08-27 09:00:00
2026-06-01,92755421,1210,0,113.8865689773,-113.8865689773,-113.8865689773,0E-7,1,1,0.50665070000000000,0.506650700000,-1.013391052207602,-1.013391052207602,-1.013391052207602,0E-17,ELIGIBLE,R03b_20260811_FULL_v1,L1_ELIGIBILITY,v2026-08-11,2026-03-21..2026-08-06,baccarat_bet02_101_all_pairs_incl_sentinel,round_win = game_pnl > 0 (decisive only),COMPATIBILITY_ONLY_NOT_PRODUCTION,2500103.8841,2280641.3266,9883.8276,11764,10369,-0.00395337,-0.05088190,-0.00239824,-0.00395337,-9883.8276,2500103.8841,OK,0.0000,395.3531,4.0000,96.0000,AG03-UNRESOLVED,ALL5_LEVELS_bet23_to_bet27,395.3531,395.3531,395.3531,395.3531,395.3531,4.000000,4.000000,4.000000,4.000000,4.000000,96.000000,96.000000,96.000000,96.000000,96.000000,5.0,1976.7655,1824.8244,7907.0621,8059.0032,PENDING_AG03,FALSE,NOT_FOR_ENFORCEMENT,9488.4745,2189415.6736,9883.8276,9488.4745,395.3531,0.00395337,0.00379523,395.3531,9488.4745,0.00379523,395.3531,395.3531,395.3531,395.3531,395.3531,9488.4745,0.00379523,1976.7655,1824.8244,7907.0621,8059.0032,0.00316269,0.00322347,0.00015813,212.5216,219.9480,0.9532,119.0823,2.3972,30121.7335,124.9277,49.0469,238.9093,36.5364,75.9244,374.9013,749.8027,789.266,1183.8989,75.8035,-1.1839,10.395423,15.593133,2.799122,29,215,300,5,0.03207536,0.00395337,0.05088190,0E-8,0.000000,0.912219,0.000000,-0.04848366,2026-03-31,2026-08-01,83,4123,1621,124,0.669355,0.205295,0.230786,0.106918,,,,,,,,GLOBAL_BASELINE_NO_ENTITY_RANKING,,,NOT_APPLICABLE_GLOBAL_BASELINE,HF9g-P5,,,,X 全窗基线 · 不参与实体赏罚,15055861,1506,A168_HF9F_20260827_0900,2026-08-27 09:00:00
2026-06-01,92755421,1221,0,379.6218965910,-379.6218965910,-379.6218965910,0E-7,1,1,0.49324550000000000,0.493245500000,-0.9865810262130424,-0.9865810262130424,-0.9865810262130424,0E-17,ELIGIBLE,R03b_20260811_FULL_v1,L1_ELIGIBILITY,v2026-08-11,2026-03-21..2026-08-06,baccarat_bet02_101_all_pairs_incl_sentinel,round_win = game_pnl > 0 (decisive only),COMPATIBILITY_ONLY_NOT_PRODUCTION,2500103.8841,2280641.3266,9883.8276,11764,10369,-0.00395337,-0.05088190,-0.00239824,-0.00395337,-9883.8276,2500103.8841,OK,0.0000,395.3531,4.0000,96.0000,AG03-UNRESOLVED,ALL5_LEVELS_bet23_to_bet27,395.3531,395.3531,395.3531,395.3531,395.3531,4.000000,4.000000,4.000000,4.000000,4.000000,96.000000,96.000000,96.000000,96.000000,96.000000,5.0,1976.7655,1824.8244,7907.0621,8059.0032,PENDING_AG03,FALSE,NOT_FOR_ENFORCEMENT,9488.4745,2189415.6736,9883.8276,9488.4745,395.3531,0.00395337,0.00379523,395.3531,9488.4745,0.00379523,395.3531,395.3531,395.3531,395.3531,395.3531,9488.4745,0.00379523,1976.7655,1824.8244,7907.0621,8059.0032,0.00316269,0.00322347,0.00015813,212.5216,219.9480,0.9532,119.0823,2.3972,30121.7335,124.9277,49.0469,238.9093,36.5364,75.9244,374.9013,749.8027,789.266,1183.8989,75.8035,-1.1839,10.395423,15.593133,2.799122,29,215,300,5,0.03207536,0.00395337,0.05088190,0E-8,0.000000,0.912219,0.000000,-0.04848366,2026-03-31,2026-08-01,83,4123,1621,124,0.669355,0.205295,0.230786,0.106918,,,,,,,,GLOBAL_BASELINE_NO_ENTITY_RANKING,,,NOT_APPLICABLE_GLOBAL_BASELINE,HF9g-P5,,,,X 全窗基线 · 不参与实体赏罚,15055862,1506,A168_HF9F_20260827_0900,2026-08-27 09:00:00
2026-06-01,92755421,1318,0,1898.1094829550,740.2626983524,740.2626983524,0.7500000,5,5,0.50128862000000000,0.501288620000,0.9948488239810122,0.9948488239810122,0.9948488239810122,0E-17,ELIGIBLE,R03b_20260811_FULL_v1,L1_ELIGIBILITY,v2026-08-11,2026-03-21..2026-08-06,baccarat_bet02_101_all_pairs_incl_sentinel,round_win = game_pnl > 0 (decisive only),COMPATIBILITY_ONLY_NOT_PRODUCTION,2500103.8841,2280641.3266,9883.8276,11764,10369,-0.00395337,-0.05088190,-0.00239824,-0.00395337,-9883.8276,2500103.8841,OK,0.0000,395.3531,4.0000,96.0000,AG03-UNRESOLVED,ALL5_LEVELS_bet23_to_bet27,395.3531,395.3531,395.3531,395.3531,395.3531,4.000000,4.000000,4.000000,4.000000,4.000000,96.000000,96.000000,96.000000,96.000000,96.000000,5.0,1976.7655,1824.8244,7907.0621,8059.0032,PENDING_AG03,FALSE,NOT_FOR_ENFORCEMENT,9488.4745,2189415.6736,9883.8276,9488.4745,395.3531,0.00395337,0.00379523,395.3531,9488.4745,0.00379523,395.3531,395.3531,395.3531,395.3531,395.3531,9488.4745,0.00379523,1976.7655,1824.8244,7907.0621,8059.0032,0.00316269,0.00322347,0.00015813,212.5216,219.9480,0.9532,119.0823,2.3972,30121.7335,124.9277,49.0469,238.9093,36.5364,75.9244,374.9013,749.8027,789.266,1183.8989,75.8035,-1.1839,10.395423,15.593133,2.799122,29,215,300,5,0.03207536,0.00395337,0.05088190,0E-8,0.000000,0.912219,0.000000,-0.04848366,2026-03-31,2026-08-01,83,4123,1621,124,0.669355,0.205295,0.230786,0.106918,,,,,,,,GLOBAL_BASELINE_NO_ENTITY_RANKING,,,NOT_APPLICABLE_GLOBAL_BASELINE,HF9g-P5,,,,X 全窗基线 · 不参与实体赏罚,15055863,1506,A168_HF9F_20260827_0900,2026-08-27 09:00:00
2026-06-01,92755421,1330,0,759.2437931820,-18.9810948296,-18.9810948296,0.5000000,2,2,0.49994810000000000,0.499948100000,0.00014679536856514622,0.00014679536856514622,0.00014679536856514622,0E-17,ELIGIBLE,R03b_20260811_FULL_v1,L1_ELIGIBILITY,v2026-08-11,2026-03-21..2026-08-06,baccarat_bet02_101_all_pairs_incl_sentinel,round_win = game_pnl > 0 (decisive only),COMPATIBILITY_ONLY_NOT_PRODUCTION,2500103.8841,2280641.3266,9883.8276,11764,10369,-0.00395337,-0.05088190,-0.00239824,-0.00395337,-9883.8276,2500103.8841,OK,0.0000,395.3531,4.0000,96.0000,AG03-UNRESOLVED,ALL5_LEVELS_bet23_to_bet27,395.3531,395.3531,395.3531,395.3531,395.3531,4.000000,4.000000,4.000000,4.000000,4.000000,96.000000,96.000000,96.000000,96.000000,96.000000,5.0,1976.7655,1824.8244,7907.0621,8059.0032,PENDING_AG03,FALSE,NOT_FOR_ENFORCEMENT,9488.4745,2189415.6736,9883.8276,9488.4745,395.3531,0.00395337,0.00379523,395.3531,9488.4745,0.00379523,395.3531,395.3531,395.3531,395.3531,395.3531,9488.4745,0.00379523,1976.7655,1824.8244,7907.0621,8059.0032,0.00316269,0.00322347,0.00015813,212.5216,219.9480,0.9532,119.0823,2.3972,30121.7335,124.9277,49.0469,238.9093,36.5364,75.9244,374.9013,749.8027,789.266,1183.8989,75.8035,-1.1839,10.395423,15.593133,2.799122,29,215,300,5,0.03207536,0.00395337,0.05088190,0E-8,0.000000,0.912219,0.000000,-0.04848366,2026-03-31,2026-08-01,83,4123,1621,124,0.669355,0.205295,0.230786,0.106918,,,,,,,,GLOBAL_BASELINE_NO_ENTITY_RANKING,,,NOT_APPLICABLE_GLOBAL_BASELINE,HF9g-P5,,,,X 全窗基线 · 不参与实体赏罚,15055864,1506,A168_HF9F_20260827_0900,2026-08-27 09:00:00
2026-06-01,92755421,1363,0,1138.8656897730,-379.6218965910,-379.6218965910,0.3333333,3,3,0.50218230000000000,0.502182300000,-0.5849155494134425,-0.5849155494134426,-0.5849155494134425,0E-17,ELIGIBLE,R03b_20260811_FULL_v1,L1_ELIGIBILITY,v2026-08-11,2026-03-21..2026-08-06,baccarat_bet02_101_all_pairs_incl_sentinel,round_win = game_pnl > 0 (decisive only),COMPATIBILITY_ONLY_NOT_PRODUCTION,2500103.8841,2280641.3266,9883.8276,11764,10369,-0.00395337,-0.05088190,-0.00239824,-0.00395337,-9883.8276,2500103.8841,OK,0.0000,395.3531,4.0000,96.0000,AG03-UNRESOLVED,ALL5_LEVELS_bet23_to_bet27,395.3531,395.3531,395.3531,395.3531,395.3531,4.000000,4.000000,4.000000,4.000000,4.000000,96.000000,96.000000,96.000000,96.000000,96.000000,5.0,1976.7655,1824.8244,7907.0621,8059.0032,PENDING_AG03,FALSE,NOT_FOR_ENFORCEMENT,9488.4745,2189415.6736,9883.8276,9488.4745,395.3531,0.00395337,0.00379523,395.3531,9488.4745,0.00379523,395.3531,395.3531,395.3531,395.3531,395.3531,9488.4745,0.00379523,1976.7655,1824.8244,7907.0621,8059.0032,0.00316269,0.00322347,0.00015813,212.5216,219.9480,0.9532,119.0823,2.3972,30121.7335,124.9277,49.0469,238.9093,36.5364,75.9244,374.9013,749.8027,789.266,1183.8989,75.8035,-1.1839,10.395423,15.593133,2.799122,29,215,300,5,0.03207536,0.00395337,0.05088190,0E-8,0.000000,0.912219,0.000000,-0.04848366,2026-03-31,2026-08-01,83,4123,1621,124,0.669355,0.205295,0.230786,0.106918,,,,,,,,GLOBAL_BASELINE_NO_ENTITY_RANKING,,,NOT_APPLICABLE_GLOBAL_BASELINE,HF9g-P5,,,,X 全窗基线 · 不参与实体赏罚,15055865,1506,A168_HF9F_20260827_0900,2026-08-27 09:00:00
2026-06-01,92755421,1396,0,2942.0696985800,-37.9621896592,-37.9621896592,0.5000000,8,8,0.49659680000000000,0.496596800000,0.019251852328098087,0.01925185232809809,0.019251852328098087,0E-17,ELIGIBLE,R03b_20260811_FULL_v1,L1_ELIGIBILITY,v2026-08-11,2026-03-21..2026-08-06,baccarat_bet02_101_all_pairs_incl_sentinel,round_win = game_pnl > 0 (decisive only),COMPATIBILITY_ONLY_NOT_PRODUCTION,2500103.8841,2280641.3266,9883.8276,11764,10369,-0.00395337,-0.05088190,-0.00239824,-0.00395337,-9883.8276,2500103.8841,OK,0.0000,395.3531,4.0000,96.0000,AG03-UNRESOLVED,ALL5_LEVELS_bet23_to_bet27,395.3531,395.3531,395.3531,395.3531,395.3531,4.000000,4.000000,4.000000,4.000000,4.000000,96.000000,96.000000,96.000000,96.000000,96.000000,5.0,1976.7655,1824.8244,7907.0621,8059.0032,PENDING_AG03,FALSE,NOT_FOR_ENFORCEMENT,9488.4745,2189415.6736,9883.8276,9488.4745,395.3531,0.00395337,0.00379523,395.3531,9488.4745,0.00379523,395.3531,395.3531,395.3531,395.3531,395.3531,9488.4745,0.00379523,1976.7655,1824.8244,7907.0621,8059.0032,0.00316269,0.00322347,0.00015813,212.5216,219.9480,0.9532,119.0823,2.3972,30121.7335,124.9277,49.0469,238.9093,36.5364,75.9244,374.9013,749.8027,789.266,1183.8989,75.8035,-1.1839,10.395423,15.593133,2.799122,29,215,300,5,0.03207536,0.00395337,0.05088190,0E-8,0.000000,0.912219,0.000000,-0.04848366,2026-03-31,2026-08-01,83,4123,1621,124,0.669355,0.205295,0.230786,0.106918,,,,,,,,GLOBAL_BASELINE_NO_ENTITY_RANKING,,,NOT_APPLICABLE_GLOBAL_BASELINE,HF9g-P5,,,,X 全窗基线 · 不参与实体赏罚,15055866,1506,A168_HF9F_20260827_0900,2026-08-27 09:00:00
2026-06-01,92755421,1402,0,1518.4875863640,0E-10,0E-10,0.5000000,4,4,0.49994810000000000,0.499948100000,0.00020760000111838688,0.00020760000111838688,0.00020760000111838688,0E-17,ELIGIBLE,R03b_20260811_FULL_v1,L1_ELIGIBILITY,v2026-08-11,2026-03-21..2026-08-06,baccarat_bet02_101_all_pairs_incl_sentinel,round_win = game_pnl > 0 (decisive only),COMPATIBILITY_ONLY_NOT_PRODUCTION,2500103.8841,2280641.3266,9883.8276,11764,10369,-0.00395337,-0.05088190,-0.00239824,-0.00395337,-9883.8276,2500103.8841,OK,0.0000,395.3531,4.0000,96.0000,AG03-UNRESOLVED,ALL5_LEVELS_bet23_to_bet27,395.3531,395.3531,395.3531,395.3531,395.3531,4.000000,4.000000,4.000000,4.000000,4.000000,96.000000,96.000000,96.000000,96.000000,96.000000,5.0,1976.7655,1824.8244,7907.0621,8059.0032,PENDING_AG03,FALSE,NOT_FOR_ENFORCEMENT,9488.4745,2189415.6736,9883.8276,9488.4745,395.3531,0.00395337,0.00379523,395.3531,9488.4745,0.00379523,395.3531,395.3531,395.3531,395.3531,395.3531,9488.4745,0.00379523,1976.7655,1824.8244,7907.0621,8059.0032,0.00316269,0.00322347,0.00015813,212.5216,219.9480,0.9532,119.0823,2.3972,30121.7335,124.9277,49.0469,238.9093,36.5364,75.9244,374.9013,749.8027,789.266,1183.8989,75.8035,-1.1839,10.395423,15.593133,2.799122,29,215,300,5,0.03207536,0.00395337,0.05088190,0E-8,0.000000,0.912219,0.000000,-0.04848366,2026-03-31,2026-08-01,83,4123,1621,124,0.669355,0.205295,0.230786,0.106918,,,,,,,,GLOBAL_BASELINE_NO_ENTITY_RANKING,,,NOT_APPLICABLE_GLOBAL_BASELINE,HF9g-P5,,,,X 全窗基线 · 不参与实体赏罚,15055867,1506,A168_HF9F_20260827_0900,2026-08-27 09:00:00
2026-06-01,92755421,1485,0,189.8109482955,-189.8109482955,-189.8109482955,0E-7,1,1,0.50665070000000000,0.506650700000,-1.013391052207602,-1.013391052207602,-1.013391052207602,0E-17,ELIGIBLE,R03b_20260811_FULL_v1,L1_ELIGIBILITY,v2026-08-11,2026-03-21..2026-08-06,baccarat_bet02_101_all_pairs_incl_sentinel,round_win = game_pnl > 0 (decisive only),COMPATIBILITY_ONLY_NOT_PRODUCTION,2500103.8841,2280641.3266,9883.8276,11764,10369,-0.00395337,-0.05088190,-0.00239824,-0.00395337,-9883.8276,2500103.8841,OK,0.0000,395.3531,4.0000,96.0000,AG03-UNRESOLVED,ALL5_LEVELS_bet23_to_bet27,395.3531,395.3531,395.3531,395.3531,395.3531,4.000000,4.000000,4.000000,4.000000,4.000000,96.000000,96.000000,96.000000,96.000000,96.000000,5.0,1976.7655,1824.8244,7907.0621,8059.0032,PENDING_AG03,FALSE,NOT_FOR_ENFORCEMENT,9488.4745,2189415.6736,9883.8276,9488.4745,395.3531,0.00395337,0.00379523,395.3531,9488.4745,0.00379523,395.3531,395.3531,395.3531,395.3531,395.3531,9488.4745,0.00379523,1976.7655,1824.8244,7907.0621,8059.0032,0.00316269,0.00322347,0.00015813,212.5216,219.9480,0.9532,119.0823,2.3972,30121.7335,124.9277,49.0469,238.9093,36.5364,75.9244,374.9013,749.8027,789.266,1183.8989,75.8035,-1.1839,10.395423,15.593133,2.799122,29,215,300,5,0.03207536,0.00395337,0.05088190,0E-8,0.000000,0.912219,0.000000,-0.04848366,2026-03-31,2026-08-01,83,4123,1621,124,0.669355,0.205295,0.230786,0.106918,,,,,,,,GLOBAL_BASELINE_NO_ENTITY_RANKING,,,NOT_APPLICABLE_GLOBAL_BASELINE,HF9g-P5,,,,X 全窗基线 · 不参与实体赏罚,15055868,1506,A168_HF9F_20260827_0900,2026-08-27 09:00:00
2026-06-01,92755421,1645,0,379.6218965910,-379.6218965910,-379.6218965910,0E-7,1,1,0.49324550000000000,0.493245500000,-0.9865810262130424,-0.9865810262130424,-0.9865810262130424,0E-17,ELIGIBLE,R03b_20260811_FULL_v1,L1_ELIGIBILITY,v2026-08-11,2026-03-21..2026-08-06,baccarat_bet02_101_all_pairs_incl_sentinel,round_win = game_pnl > 0 (decisive only),COMPATIBILITY_ONLY_NOT_PRODUCTION,2500103.8841,2280641.3266,9883.8276,11764,10369,-0.00395337,-0.05088190,-0.00239824,-0.00395337,-9883.8276,2500103.8841,OK,0.0000,395.3531,4.0000,96.0000,AG03-UNRESOLVED,ALL5_LEVELS_bet23_to_bet27,395.3531,395.3531,395.3531,395.3531,395.3531,4.000000,4.000000,4.000000,4.000000,4.000000,96.000000,96.000000,96.000000,96.000000,96.000000,5.0,1976.7655,1824.8244,7907.0621,8059.0032,PENDING_AG03,FALSE,NOT_FOR_ENFORCEMENT,9488.4745,2189415.6736,9883.8276,9488.4745,395.3531,0.00395337,0.00379523,395.3531,9488.4745,0.00379523,395.3531,395.3531,395.3531,395.3531,395.3531,9488.4745,0.00379523,1976.7655,1824.8244,7907.0621,8059.0032,0.00316269,0.00322347,0.00015813,212.5216,219.9480,0.9532,119.0823,2.3972,30121.7335,124.9277,49.0469,238.9093,36.5364,75.9244,374.9013,749.8027,789.266,1183.8989,75.8035,-1.1839,10.395423,15.593133,2.799122,29,215,300,5,0.03207536,0.00395337,0.05088190,0E-8,0.000000,0.912219,0.000000,-0.04848366,2026-03-31,2026-08-01,83,4123,1621,124,0.669355,0.205295,0.230786,0.106918,,,,,,,,GLOBAL_BASELINE_NO_ENTITY_RANKING,,,NOT_APPLICABLE_GLOBAL_BASELINE,HF9g-P5,,,,X 全窗基线 · 不参与实体赏罚,15055869,1506,A168_HF9F_20260827_0900,2026-08-27 09:00:00
2026-06-01,92755421,1654,0,379.6218965910,-379.6218965910,-379.6218965910,0E-7,1,1,0.50665070000000000,0.506650700000,-1.013391052207602,-1.013391052207602,-1.013391052207602,0E-17,ELIGIBLE,R03b_20260811_FULL_v1,L1_ELIGIBILITY,v2026-08-11,2026-03-21..2026-08-06,baccarat_bet02_101_all_pairs_incl_sentinel,round_win = game_pnl > 0 (decisive only),COMPATIBILITY_ONLY_NOT_PRODUCTION,2500103.8841,2280641.3266,9883.8276,11764,10369,-0.00395337,-0.05088190,-0.00239824,-0.00395337,-9883.8276,2500103.8841,OK,0.0000,395.3531,4.0000,96.0000,AG03-UNRESOLVED,ALL5_LEVELS_bet23_to_bet27,395.3531,395.3531,395.3531,395.3531,395.3531,4.000000,4.000000,4.000000,4.000000,4.000000,96.000000,96.000000,96.000000,96.000000,96.000000,5.0,1976.7655,1824.8244,7907.0621,8059.0032,PENDING_AG03,FALSE,NOT_FOR_ENFORCEMENT,9488.4745,2189415.6736,9883.8276,9488.4745,395.3531,0.00395337,0.00379523,395.3531,9488.4745,0.00379523,395.3531,395.3531,395.3531,395.3531,395.3531,9488.4745,0.00379523,1976.7655,1824.8244,7907.0621,8059.0032,0.00316269,0.00322347,0.00015813,212.5216,219.9480,0.9532,119.0823,2.3972,30121.7335,124.9277,49.0469,238.9093,36.5364,75.9244,374.9013,749.8027,789.266,1183.8989,75.8035,-1.1839,10.395423,15.593133,2.799122,29,215,300,5,0.03207536,0.00395337,0.05088190,0E-8,0.000000,0.912219,0.000000,-0.04848366,2026-03-31,2026-08-01,83,4123,1621,124,0.669355,0.205295,0.230786,0.106918,,,,,,,,GLOBAL_BASELINE_NO_ENTITY_RANKING,,,NOT_APPLICABLE_GLOBAL_BASELINE,HF9g-P5,,,,X 全窗基线 · 不参与实体赏罚,15055870,1506,A168_HF9F_20260827_0900,2026-08-27 09:00:00
2026-06-01,92755421,1935,0,741.4015640422,-741.4015640422,-741.4015640422,0E-7,3,2,0.49918028919200693,0.377994150000,-1.411896967470618,-1.1024535556035449,-1.411896967470618,0.12118613919200693,ELIGIBLE,R03b_20260811_FULL_v1,L1_ELIGIBILITY,v2026-08-11,2026-03-21..2026-08-06,baccarat_bet02_101_all_pairs_incl_sentinel,round_win = game_pnl > 0 (decisive only),COMPATIBILITY_ONLY_NOT_PRODUCTION,2500103.8841,2280641.3266,9883.8276,11764,10369,-0.00395337,-0.05088190,-0.00239824,-0.00395337,-9883.8276,2500103.8841,OK,0.0000,395.3531,4.0000,96.0000,AG03-UNRESOLVED,ALL5_LEVELS_bet23_to_bet27,395.3531,395.3531,395.3531,395.3531,395.3531,4.000000,4.000000,4.000000,4.000000,4.000000,96.000000,96.000000,96.000000,96.000000,96.000000,5.0,1976.7655,1824.8244,7907.0621,8059.0032,PENDING_AG03,FALSE,NOT_FOR_ENFORCEMENT,9488.4745,2189415.6736,9883.8276,9488.4745,395.3531,0.00395337,0.00379523,395.3531,9488.4745,0.00379523,395.3531,395.3531,395.3531,395.3531,395.3531,9488.4745,0.00379523,1976.7655,1824.8244,7907.0621,8059.0032,0.00316269,0.00322347,0.00015813,212.5216,219.9480,0.9532,119.0823,2.3972,30121.7335,124.9277,49.0469,238.9093,36.5364,75.9244,374.9013,749.8027,789.266,1183.8989,75.8035,-1.1839,10.395423,15.593133,2.799122,29,215,300,5,0.03207536,0.00395337,0.05088190,0E-8,0.000000,0.912219,0.000000,-0.04848366,2026-03-31,2026-08-01,83,4123,1621,124,0.669355,0.205295,0.230786,0.106918,,,,,,,,GLOBAL_BASELINE_NO_ENTITY_RANKING,,,NOT_APPLICABLE_GLOBAL_BASELINE,HF9g-P5,,,,X 全窗基线 · 不参与实体赏罚,15055871,1506,A168_HF9F_20260827_0900,2026-08-27 09:00:00
2026-06-01,92755421,1956,0,1480.5253967048,-18.9810948296,-18.9810948296,0.5000000,4,4,0.49994810000000000,0.499948100000,0.00020760000111838688,0.00020760000111838688,0.00020760000111838688,0E-17,ELIGIBLE,R03b_20260811_FULL_v1,L1_ELIGIBILITY,v2026-08-11,2026-03-21..2026-08-06,baccarat_bet02_101_all_pairs_incl_sentinel,round_win = game_pnl > 0 (decisive only),COMPATIBILITY_ONLY_NOT_PRODUCTION,2500103.8841,2280641.3266,9883.8276,11764,10369,-0.00395337,-0.05088190,-0.00239824,-0.00395337,-9883.8276,2500103.8841,OK,0.0000,395.3531,4.0000,96.0000,AG03-UNRESOLVED,ALL5_LEVELS_bet23_to_bet27,395.3531,395.3531,395.3531,395.3531,395.3531,4.000000,4.000000,4.000000,4.000000,4.000000,96.000000,96.000000,96.000000,96.000000,96.000000,5.0,1976.7655,1824.8244,7907.0621,8059.0032,PENDING_AG03,FALSE,NOT_FOR_ENFORCEMENT,9488.4745,2189415.6736,9883.8276,9488.4745,395.3531,0.00395337,0.00379523,395.3531,9488.4745,0.00379523,395.3531,395.3531,395.3531,395.3531,395.3531,9488.4745,0.00379523,1976.7655,1824.8244,7907.0621,8059.0032,0.00316269,0.00322347,0.00015813,212.5216,219.9480,0.9532,119.0823,2.3972,30121.7335,124.9277,49.0469,238.9093,36.5364,75.9244,374.9013,749.8027,789.266,1183.8989,75.8035,-1.1839,10.395423,15.593133,2.799122,29,215,300,5,0.03207536,0.00395337,0.05088190,0E-8,0.000000,0.912219,0.000000,-0.04848366,2026-03-31,2026-08-01,83,4123,1621,124,0.669355,0.205295,0.230786,0.106918,,,,,,,,GLOBAL_BASELINE_NO_ENTITY_RANKING,,,NOT_APPLICABLE_GLOBAL_BASELINE,HF9g-P5,,,,X 全窗基线 · 不参与实体赏罚,15055872,1506,A168_HF9F_20260827_0900,2026-08-27 09:00:00
2026-06-01,92755421,1985,0,2220.7880950572,740.2626983524,740.2626983524,0.6666667,6,6,0.49994810000000000,0.499948100000,0.8167508423630434,0.8167508423630434,0.8167508423630434,0E-17,ELIGIBLE,R03b_20260811_FULL_v1,L1_ELIGIBILITY,v2026-08-11,2026-03-21..2026-08-06,baccarat_bet02_101_all_pairs_incl_sentinel,round_win = game_pnl > 0 (decisive only),COMPATIBILITY_ONLY_NOT_PRODUCTION,2500103.8841,2280641.3266,9883.8276,11764,10369,-0.00395337,-0.05088190,-0.00239824,-0.00395337,-9883.8276,2500103.8841,OK,0.0000,395.3531,4.0000,96.0000,AG03-UNRESOLVED,ALL5_LEVELS_bet23_to_bet27,395.3531,395.3531,395.3531,395.3531,395.3531,4.000000,4.000000,4.000000,4.000000,4.000000,96.000000,96.000000,96.000000,96.000000,96.000000,5.0,1976.7655,1824.8244,7907.0621,8059.0032,PENDING_AG03,FALSE,NOT_FOR_ENFORCEMENT,9488.4745,2189415.6736,9883.8276,9488.4745,395.3531,0.00395337,0.00379523,395.3531,9488.4745,0.00379523,395.3531,395.3531,395.3531,395.3531,395.3531,9488.4745,0.00379523,1976.7655,1824.8244,7907.0621,8059.0032,0.00316269,0.00322347,0.00015813,212.5216,219.9480,0.9532,119.0823,2.3972,30121.7335,124.9277,49.0469,238.9093,36.5364,75.9244,374.9013,749.8027,789.266,1183.8989,75.8035,-1.1839,10.395423,15.593133,2.799122,29,215,300,5,0.03207536,0.00395337,0.05088190,0E-8,0.000000,0.912219,0.000000,-0.04848366,2026-03-31,2026-08-01,83,4123,1621,124,0.669355,0.205295,0.230786,0.106918,,,,,,,,GLOBAL_BASELINE_NO_ENTITY_RANKING,,,NOT_APPLICABLE_GLOBAL_BASELINE,HF9g-P5,,,,X 全窗基线 · 不参与实体赏罚,15055873,1506,A168_HF9F_20260827_0900,2026-08-27 09:00:00
2026-06-01,92755421,1994,0,379.6218965910,-379.6218965910,-379.6218965910,0E-7,1,1,0.50665070000000000,0.506650700000,-1.013391052207602,-1.013391052207602,-1.013391052207602,0E-17,ELIGIBLE,R03b_20260811_FULL_v1,L1_ELIGIBILITY,v2026-08-11,2026-03-21..2026-08-06,baccarat_bet02_101_all_pairs_incl_sentinel,round_win = game_pnl > 0 (decisive only),COMPATIBILITY_ONLY_NOT_PRODUCTION,2500103.8841,2280641.3266,9883.8276,11764,10369,-0.00395337,-0.05088190,-0.00239824,-0.00395337,-9883.8276,2500103.8841,OK,0.0000,395.3531,4.0000,96.0000,AG03-UNRESOLVED,ALL5_LEVELS_bet23_to_bet27,395.3531,395.3531,395.3531,395.3531,395.3531,4.000000,4.000000,4.000000,4.000000,4.000000,96.000000,96.000000,96.000000,96.000000,96.000000,5.0,1976.7655,1824.8244,7907.0621,8059.0032,PENDING_AG03,FALSE,NOT_FOR_ENFORCEMENT,9488.4745,2189415.6736,9883.8276,9488.4745,395.3531,0.00395337,0.00379523,395.3531,9488.4745,0.00379523,395.3531,395.3531,395.3531,395.3531,395.3531,9488.4745,0.00379523,1976.7655,1824.8244,7907.0621,8059.0032,0.00316269,0.00322347,0.00015813,212.5216,219.9480,0.9532,119.0823,2.3972,30121.7335,124.9277,49.0469,238.9093,36.5364,75.9244,374.9013,749.8027,789.266,1183.8989,75.8035,-1.1839,10.395423,15.593133,2.799122,29,215,300,5,0.03207536,0.00395337,0.05088190,0E-8,0.000000,0.912219,0.000000,-0.04848366,2026-03-31,2026-08-01,83,4123,1621,124,0.669355,0.205295,0.230786,0.106918,,,,,,,,GLOBAL_BASELINE_NO_ENTITY_RANKING,,,NOT_APPLICABLE_GLOBAL_BASELINE,HF9g-P5,,,,X 全窗基线 · 不参与实体赏罚,15055874,1506,A168_HF9F_20260827_0900,2026-08-27 09:00:00
2026-06-01,92755421,2089,0,1860.1472932958,684.2684686052,684.2684686052,0.7500000,5,5,0.50128862000000000,0.501288620000,0.9948488239810122,0.9948488239810122,0.9948488239810122,0E-17,ELIGIBLE,R03b_20260811_FULL_v1,L1_ELIGIBILITY,v2026-08-11,2026-03-21..2026-08-06,baccarat_bet02_101_all_pairs_incl_sentinel,round_win = game_pnl > 0 (decisive only),COMPATIBILITY_ONLY_NOT_PRODUCTION,2500103.8841,2280641.3266,9883.8276,11764,10369,-0.00395337,-0.05088190,-0.00239824,-0.00395337,-9883.8276,2500103.8841,OK,0.0000,395.3531,4.0000,96.0000,AG03-UNRESOLVED,ALL5_LEVELS_bet23_to_bet27,395.3531,395.3531,395.3531,395.3531,395.3531,4.000000,4.000000,4.000000,4.000000,4.000000,96.000000,96.000000,96.000000,96.000000,96.000000,5.0,1976.7655,1824.8244,7907.0621,8059.0032,PENDING_AG03,FALSE,NOT_FOR_ENFORCEMENT,9488.4745,2189415.6736,9883.8276,9488.4745,395.3531,0.00395337,0.00379523,395.3531,9488.4745,0.00379523,395.3531,395.3531,395.3531,395.3531,395.3531,9488.4745,0.00379523,1976.7655,1824.8244,7907.0621,8059.0032,0.00316269,0.00322347,0.00015813,212.5216,219.9480,0.9532,119.0823,2.3972,30121.7335,124.9277,49.0469,238.9093,36.5364,75.9244,374.9013,749.8027,789.266,1183.8989,75.8035,-1.1839,10.395423,15.593133,2.799122,29,215,300,5,0.03207536,0.00395337,0.05088190,0E-8,0.000000,0.912219,0.000000,-0.04848366,2026-03-31,2026-08-01,83,4123,1621,124,0.669355,0.205295,0.230786,0.106918,,,,,,,,GLOBAL_BASELINE_NO_ENTITY_RANKING,,,NOT_APPLICABLE_GLOBAL_BASELINE,HF9g-P5,,,,X 全窗基线 · 不参与实体赏罚,15055875,1506,A168_HF9F_20260827_0900,2026-08-27 09:00:00
2026-06-01,92755421,2106,0,379.6218965910,-379.6218965910,-379.6218965910,0E-7,1,1,0.49324550000000000,0.493245500000,-0.9865810262130424,-0.9865810262130424,-0.9865810262130424,0E-17,ELIGIBLE,R03b_20260811_FULL_v1,L1_ELIGIBILITY,v2026-08-11,2026-03-21..2026-08-06,baccarat_bet02_101_all_pairs_incl_sentinel,round_win = game_pnl > 0 (decisive only),COMPATIBILITY_ONLY_NOT_PRODUCTION,2500103.8841,2280641.3266,9883.8276,11764,10369,-0.00395337,-0.05088190,-0.00239824,-0.00395337,-9883.8276,2500103.8841,OK,0.0000,395.3531,4.0000,96.0000,AG03-UNRESOLVED,ALL5_LEVELS_bet23_to_bet27,395.3531,395.3531,395.3531,395.3531,395.3531,4.000000,4.000000,4.000000,4.000000,4.000000,96.000000,96.000000,96.000000,96.000000,96.000000,5.0,1976.7655,1824.8244,7907.0621,8059.0032,PENDING_AG03,FALSE,NOT_FOR_ENFORCEMENT,9488.4745,2189415.6736,9883.8276,9488.4745,395.3531,0.00395337,0.00379523,395.3531,9488.4745,0.00379523,395.3531,395.3531,395.3531,395.3531,395.3531,9488.4745,0.00379523,1976.7655,1824.8244,7907.0621,8059.0032,0.00316269,0.00322347,0.00015813,212.5216,219.9480,0.9532,119.0823,2.3972,30121.7335,124.9277,49.0469,238.9093,36.5364,75.9244,374.9013,749.8027,789.266,1183.8989,75.8035,-1.1839,10.395423,15.593133,2.799122,29,215,300,5,0.03207536,0.00395337,0.05088190,0E-8,0.000000,0.912219,0.000000,-0.04848366,2026-03-31,2026-08-01,83,4123,1621,124,0.669355,0.205295,0.230786,0.106918,,,,,,,,GLOBAL_BASELINE_NO_ENTITY_RANKING,,,NOT_APPLICABLE_GLOBAL_BASELINE,HF9g-P5,,,,X 全窗基线 · 不参与实体赏罚,15055876,1506,A168_HF9F_20260827_0900,2026-08-27 09:00:00
2026-06-01,92755421,2121,0,379.6218965910,-379.6218965910,-379.6218965910,0E-7,1,1,0.49324550000000000,0.493245500000,-0.9865810262130424,-0.9865810262130424,-0.9865810262130424,0E-17,ELIGIBLE,R03b_20260811_FULL_v1,L1_ELIGIBILITY,v2026-08-11,2026-03-21..2026-08-06,baccarat_bet02_101_all_pairs_incl_sentinel,round_win = game_pnl > 0 (decisive only),COMPATIBILITY_ONLY_NOT_PRODUCTION,2500103.8841,2280641.3266,9883.8276,11764,10369,-0.00395337,-0.05088190,-0.00239824,-0.00395337,-9883.8276,2500103.8841,OK,0.0000,395.3531,4.0000,96.0000,AG03-UNRESOLVED,ALL5_LEVELS_bet23_to_bet27,395.3531,395.3531,395.3531,395.3531,395.3531,4.000000,4.000000,4.000000,4.000000,4.000000,96.000000,96.000000,96.000000,96.000000,96.000000,5.0,1976.7655,1824.8244,7907.0621,8059.0032,PENDING_AG03,FALSE,NOT_FOR_ENFORCEMENT,9488.4745,2189415.6736,9883.8276,9488.4745,395.3531,0.00395337,0.00379523,395.3531,9488.4745,0.00379523,395.3531,395.3531,395.3531,395.3531,395.3531,9488.4745,0.00379523,1976.7655,1824.8244,7907.0621,8059.0032,0.00316269,0.00322347,0.00015813,212.5216,219.9480,0.9532,119.0823,2.3972,30121.7335,124.9277,49.0469,238.9093,36.5364,75.9244,374.9013,749.8027,789.266,1183.8989,75.8035,-1.1839,10.395423,15.593133,2.799122,29,215,300,5,0.03207536,0.00395337,0.05088190,0E-8,0.000000,0.912219,0.000000,-0.04848366,2026-03-31,2026-08-01,83,4123,1621,124,0.669355,0.205295,0.230786,0.106918,,,,,,,,GLOBAL_BASELINE_NO_ENTITY_RANKING,,,NOT_APPLICABLE_GLOBAL_BASELINE,HF9g-P5,,,,X 全窗基线 · 不参与实体赏罚,15055877,1506,A168_HF9F_20260827_0900,2026-08-27 09:00:00
2026-06-01,92755421,2123,0,1481.2846404980,-778.0350770632,-778.0350770632,0.2500000,5,4,0.49634763476890164,0.437295475000,-0.9854168298975654,-0.7551436682447525,-0.9854168298975654,0.05905215976890164,ELIGIBLE,R03b_20260811_FULL_v1,L1_ELIGIBILITY,v2026-08-11,2026-03-21..2026-08-06,baccarat_bet02_101_all_pairs_incl_sentinel,round_win = game_pnl > 0 (decisive only),COMPATIBILITY_ONLY_NOT_PRODUCTION,2500103.8841,2280641.3266,9883.8276,11764,10369,-0.00395337,-0.05088190,-0.00239824,-0.00395337,-9883.8276,2500103.8841,OK,0.0000,395.3531,4.0000,96.0000,AG03-UNRESOLVED,ALL5_LEVELS_bet23_to_bet27,395.3531,395.3531,395.3531,395.3531,395.3531,4.000000,4.000000,4.000000,4.000000,4.000000,96.000000,96.000000,96.000000,96.000000,96.000000,5.0,1976.7655,1824.8244,7907.0621,8059.0032,PENDING_AG03,FALSE,NOT_FOR_ENFORCEMENT,9488.4745,2189415.6736,9883.8276,9488.4745,395.3531,0.00395337,0.00379523,395.3531,9488.4745,0.00379523,395.3531,395.3531,395.3531,395.3531,395.3531,9488.4745,0.00379523,1976.7655,1824.8244,7907.0621,8059.0032,0.00316269,0.00322347,0.00015813,212.5216,219.9480,0.9532,119.0823,2.3972,30121.7335,124.9277,49.0469,238.9093,36.5364,75.9244,374.9013,749.8027,789.266,1183.8989,75.8035,-1.1839,10.395423,15.593133,2.799122,29,215,300,5,0.03207536,0.00395337,0.05088190,0E-8,0.000000,0.912219,0.000000,-0.04848366,2026-03-31,2026-08-01,83,4123,1621,124,0.669355,0.205295,0.230786,0.106918,,,,,,,,GLOBAL_BASELINE_NO_ENTITY_RANKING,,,NOT_APPLICABLE_GLOBAL_BASELINE,HF9g-P5,,,,X 全窗基线 · 不参与实体赏罚,15055878,1506,A168_HF9F_20260827_0900,2026-08-27 09:00:00
2026-06-01,92755421,2127,0,1138.8656897730,-379.6218965910,-379.6218965910,0.3333333,3,3,0.50218230000000000,0.502182300000,-0.5849155494134425,-0.5849155494134426,-0.5849155494134425,0E-17,ELIGIBLE,R03b_20260811_FULL_v1,L1_ELIGIBILITY,v2026-08-11,2026-03-21..2026-08-06,baccarat_bet02_101_all_pairs_incl_sentinel,round_win = game_pnl > 0 (decisive only),COMPATIBILITY_ONLY_NOT_PRODUCTION,2500103.8841,2280641.3266,9883.8276,11764,10369,-0.00395337,-0.05088190,-0.00239824,-0.00395337,-9883.8276,2500103.8841,OK,0.0000,395.3531,4.0000,96.0000,AG03-UNRESOLVED,ALL5_LEVELS_bet23_to_bet27,395.3531,395.3531,395.3531,395.3531,395.3531,4.000000,4.000000,4.000000,4.000000,4.000000,96.000000,96.000000,96.000000,96.000000,96.000000,5.0,1976.7655,1824.8244,7907.0621,8059.0032,PENDING_AG03,FALSE,NOT_FOR_ENFORCEMENT,9488.4745,2189415.6736,9883.8276,9488.4745,395.3531,0.00395337,0.00379523,395.3531,9488.4745,0.00379523,395.3531,395.3531,395.3531,395.3531,395.3531,9488.4745,0.00379523,1976.7655,1824.8244,7907.0621,8059.0032,0.00316269,0.00322347,0.00015813,212.5216,219.9480,0.9532,119.0823,2.3972,30121.7335,124.9277,49.0469,238.9093,36.5364,75.9244,374.9013,749.8027,789.266,1183.8989,75.8035,-1.1839,10.395423,15.593133,2.799122,29,215,300,5,0.03207536,0.00395337,0.05088190,0E-8,0.000000,0.912219,0.000000,-0.04848366,2026-03-31,2026-08-01,83,4123,1621,124,0.669355,0.205295,0.230786,0.106918,,,,,,,,GLOBAL_BASELINE_NO_ENTITY_RANKING,,,NOT_APPLICABLE_GLOBAL_BASELINE,HF9g-P5,,,,X 全窗基线 · 不参与实体赏罚,15055879,1506,A168_HF9F_20260827_0900,2026-08-27 09:00:00
2026-06-01,92755421,2147,0,740.2626983524,0E-10,0E-10,0.5000000,2,2,0.49994810000000000,0.499948100000,0.00014679536856514622,0.00014679536856514622,0.00014679536856514622,0E-17,ELIGIBLE,R03b_20260811_FULL_v1,L1_ELIGIBILITY,v2026-08-11,2026-03-21..2026-08-06,baccarat_bet02_101_all_pairs_incl_sentinel,round_win = game_pnl > 0 (decisive only),COMPATIBILITY_ONLY_NOT_PRODUCTION,2500103.8841,2280641.3266,9883.8276,11764,10369,-0.00395337,-0.05088190,-0.00239824,-0.00395337,-9883.8276,2500103.8841,OK,0.0000,395.3531,4.0000,96.0000,AG03-UNRESOLVED,ALL5_LEVELS_bet23_to_bet27,395.3531,395.3531,395.3531,395.3531,395.3531,4.000000,4.000000,4.000000,4.000000,4.000000,96.000000,96.000000,96.000000,96.000000,96.000000,5.0,1976.7655,1824.8244,7907.0621,8059.0032,PENDING_AG03,FALSE,NOT_FOR_ENFORCEMENT,9488.4745,2189415.6736,9883.8276,9488.4745,395.3531,0.00395337,0.00379523,395.3531,9488.4745,0.00379523,395.3531,395.3531,395.3531,395.3531,395.3531,9488.4745,0.00379523,1976.7655,1824.8244,7907.0621,8059.0032,0.00316269,0.00322347,0.00015813,212.5216,219.9480,0.9532,119.0823,2.3972,30121.7335,124.9277,49.0469,238.9093,36.5364,75.9244,374.9013,749.8027,789.266,1183.8989,75.8035,-1.1839,10.395423,15.593133,2.799122,29,215,300,5,0.03207536,0.00395337,0.05088190,0E-8,0.000000,0.912219,0.000000,-0.04848366,2026-03-31,2026-08-01,83,4123,1621,124,0.669355,0.205295,0.230786,0.106918,,,,,,,,GLOBAL_BASELINE_NO_ENTITY_RANKING,,,NOT_APPLICABLE_GLOBAL_BASELINE,HF9g-P5,,,,X 全窗基线 · 不参与实体赏罚,15055880,1506,A168_HF9F_20260827_0900,2026-08-27 09:00:00
2026-06-01,92755421,2156,0,1423.5821122162,645.3572242046,645.3572242046,0.7500000,4,4,0.49994810000000000,0.499948100000,1.0002076053883384,1.0002076053883384,1.0002076053883384,0E-17,ELIGIBLE,R03b_20260811_FULL_v1,L1_ELIGIBILITY,v2026-08-11,2026-03-21..2026-08-06,baccarat_bet02_101_all_pairs_incl_sentinel,round_win = game_pnl > 0 (decisive only),COMPATIBILITY_ONLY_NOT_PRODUCTION,2500103.8841,2280641.3266,9883.8276,11764,10369,-0.00395337,-0.05088190,-0.00239824,-0.00395337,-9883.8276,2500103.8841,OK,0.0000,395.3531,4.0000,96.0000,AG03-UNRESOLVED,ALL5_LEVELS_bet23_to_bet27,395.3531,395.3531,395.3531,395.3531,395.3531,4.000000,4.000000,4.000000,4.000000,4.000000,96.000000,96.000000,96.000000,96.000000,96.000000,5.0,1976.7655,1824.8244,7907.0621,8059.0032,PENDING_AG03,FALSE,NOT_FOR_ENFORCEMENT,9488.4745,2189415.6736,9883.8276,9488.4745,395.3531,0.00395337,0.00379523,395.3531,9488.4745,0.00379523,395.3531,395.3531,395.3531,395.3531,395.3531,9488.4745,0.00379523,1976.7655,1824.8244,7907.0621,8059.0032,0.00316269,0.00322347,0.00015813,212.5216,219.9480,0.9532,119.0823,2.3972,30121.7335,124.9277,49.0469,238.9093,36.5364,75.9244,374.9013,749.8027,789.266,1183.8989,75.8035,-1.1839,10.395423,15.593133,2.799122,29,215,300,5,0.03207536,0.00395337,0.05088190,0E-8,0.000000,0.912219,0.000000,-0.04848366,2026-03-31,2026-08-01,83,4123,1621,124,0.669355,0.205295,0.230786,0.106918,,,,,,,,GLOBAL_BASELINE_NO_ENTITY_RANKING,,,NOT_APPLICABLE_GLOBAL_BASELINE,HF9g-P5,,,,X 全窗基线 · 不参与实体赏罚,15055881,1506,A168_HF9F_20260827_0900,2026-08-27 09:00:00
2026-06-01,92755421,2167,0,740.2626983524,0E-10,0E-10,0.5000000,2,2,0.49994810000000000,0.499948100000,0.00014679536856514622,0.00014679536856514622,0.00014679536856514622,0E-17,ELIGIBLE,R03b_20260811_FULL_v1,L1_ELIGIBILITY,v2026-08-11,2026-03-21..2026-08-06,baccarat_bet02_101_all_pairs_incl_sentinel,round_win = game_pnl > 0 (decisive only),COMPATIBILITY_ONLY_NOT_PRODUCTION,2500103.8841,2280641.3266,9883.8276,11764,10369,-0.00395337,-0.05088190,-0.00239824,-0.00395337,-9883.8276,2500103.8841,OK,0.0000,395.3531,4.0000,96.0000,AG03-UNRESOLVED,ALL5_LEVELS_bet23_to_bet27,395.3531,395.3531,395.3531,395.3531,395.3531,4.000000,4.000000,4.000000,4.000000,4.000000,96.000000,96.000000,96.000000,96.000000,96.000000,5.0,1976.7655,1824.8244,7907.0621,8059.0032,PENDING_AG03,FALSE,NOT_FOR_ENFORCEMENT,9488.4745,2189415.6736,9883.8276,9488.4745,395.3531,0.00395337,0.00379523,395.3531,9488.4745,0.00379523,395.3531,395.3531,395.3531,395.3531,395.3531,9488.4745,0.00379523,1976.7655,1824.8244,7907.0621,8059.0032,0.00316269,0.00322347,0.00015813,212.5216,219.9480,0.9532,119.0823,2.3972,30121.7335,124.9277,49.0469,238.9093,36.5364,75.9244,374.9013,749.8027,789.266,1183.8989,75.8035,-1.1839,10.395423,15.593133,2.799122,29,215,300,5,0.03207536,0.00395337,0.05088190,0E-8,0.000000,0.912219,0.000000,-0.04848366,2026-03-31,2026-08-01,83,4123,1621,124,0.669355,0.205295,0.230786,0.106918,,,,,,,,GLOBAL_BASELINE_NO_ENTITY_RANKING,,,NOT_APPLICABLE_GLOBAL_BASELINE,HF9g-P5,,,,X 全窗基线 · 不参与实体赏罚,15055882,1506,A168_HF9F_20260827_0900,2026-08-27 09:00:00
2026-06-01,92755421,2171,0,360.6408017614,-360.6408017614,-360.6408017614,0E-7,1,1,0.50665070000000000,0.506650700000,-1.013391052207602,-1.013391052207602,-1.013391052207602,0E-17,ELIGIBLE,R03b_20260811_FULL_v1,L1_ELIGIBILITY,v2026-08-11,2026-03-21..2026-08-06,baccarat_bet02_101_all_pairs_incl_sentinel,round_win = game_pnl > 0 (decisive only),COMPATIBILITY_ONLY_NOT_PRODUCTION,2500103.8841,2280641.3266,9883.8276,11764,10369,-0.00395337,-0.05088190,-0.00239824,-0.00395337,-9883.8276,2500103.8841,OK,0.0000,395.3531,4.0000,96.0000,AG03-UNRESOLVED,ALL5_LEVELS_bet23_to_bet27,395.3531,395.3531,395.3531,395.3531,395.3531,4.000000,4.000000,4.000000,4.000000,4.000000,96.000000,96.000000,96.000000,96.000000,96.000000,5.0,1976.7655,1824.8244,7907.0621,8059.0032,PENDING_AG03,FALSE,NOT_FOR_ENFORCEMENT,9488.4745,2189415.6736,9883.8276,9488.4745,395.3531,0.00395337,0.00379523,395.3531,9488.4745,0.00379523,395.3531,395.3531,395.3531,395.3531,395.3531,9488.4745,0.00379523,1976.7655,1824.8244,7907.0621,8059.0032,0.00316269,0.00322347,0.00015813,212.5216,219.9480,0.9532,119.0823,2.3972,30121.7335,124.9277,49.0469,238.9093,36.5364,75.9244,374.9013,749.8027,789.266,1183.8989,75.8035,-1.1839,10.395423,15.593133,2.799122,29,215,300,5,0.03207536,0.00395337,0.05088190,0E-8,0.000000,0.912219,0.000000,-0.04848366,2026-03-31,2026-08-01,83,4123,1621,124,0.669355,0.205295,0.230786,0.106918,,,,,,,,GLOBAL_BASELINE_NO_ENTITY_RANKING,,,NOT_APPLICABLE_GLOBAL_BASELINE,HF9g-P5,,,,X 全窗基线 · 不参与实体赏罚,15055883,1506,A168_HF9F_20260827_0900,2026-08-27 09:00:00
2026-06-01,92755421,2174,0,398.6029914205,153.9366790675,153.9366790675,0.7500000,5,4,0.49323474245278793,0.440646775000,1.0271550576158162,1.2462244638917332,1.0271550576158162,0.05258796745278793,ELIGIBLE,R03b_20260811_FULL_v1,L1_ELIGIBILITY,v2026-08-11,2026-03-21..2026-08-06,baccarat_bet02_101_all_pairs_incl_sentinel,round_win = game_pnl > 0 (decisive only),COMPATIBILITY_ONLY_NOT_PRODUCTION,2500103.8841,2280641.3266,9883.8276,11764,10369,-0.00395337,-0.05088190,-0.00239824,-0.00395337,-9883.8276,2500103.8841,OK,0.0000,395.3531,4.0000,96.0000,AG03-UNRESOLVED,ALL5_LEVELS_bet23_to_bet27,395.3531,395.3531,395.3531,395.3531,395.3531,4.000000,4.000000,4.000000,4.000000,4.000000,96.000000,96.000000,96.000000,96.000000,96.000000,5.0,1976.7655,1824.8244,7907.0621,8059.0032,PENDING_AG03,FALSE,NOT_FOR_ENFORCEMENT,9488.4745,2189415.6736,9883.8276,9488.4745,395.3531,0.00395337,0.00379523,395.3531,9488.4745,0.00379523,395.3531,395.3531,395.3531,395.3531,395.3531,9488.4745,0.00379523,1976.7655,1824.8244,7907.0621,8059.0032,0.00316269,0.00322347,0.00015813,212.5216,219.9480,0.9532,119.0823,2.3972,30121.7335,124.9277,49.0469,238.9093,36.5364,75.9244,374.9013,749.8027,789.266,1183.8989,75.8035,-1.1839,10.395423,15.593133,2.799122,29,215,300,5,0.03207536,0.00395337,0.05088190,0E-8,0.000000,0.912219,0.000000,-0.04848366,2026-03-31,2026-08-01,83,4123,1621,124,0.669355,0.205295,0.230786,0.106918,,,,,,,,GLOBAL_BASELINE_NO_ENTITY_RANKING,,,NOT_APPLICABLE_GLOBAL_BASELINE,HF9g-P5,,,,X 全窗基线 · 不参与实体赏罚,15055884,1506,A168_HF9F_20260827_0900,2026-08-27 09:00:00
2026-06-01,92755421,2209,0,740.2626983524,0E-10,0E-10,0.5000000,2,2,0.49994810000000000,0.499948100000,0.00014679536856514622,0.00014679536856514622,0.00014679536856514622,0E-17,ELIGIBLE,R03b_20260811_FULL_v1,L1_ELIGIBILITY,v2026-08-11,2026-03-21..2026-08-06,baccarat_bet02_101_all_pairs_incl_sentinel,round_win = game_pnl > 0 (decisive only),COMPATIBILITY_ONLY_NOT_PRODUCTION,2500103.8841,2280641.3266,9883.8276,11764,10369,-0.00395337,-0.05088190,-0.00239824,-0.00395337,-9883.8276,2500103.8841,OK,0.0000,395.3531,4.0000,96.0000,AG03-UNRESOLVED,ALL5_LEVELS_bet23_to_bet27,395.3531,395.3531,395.3531,395.3531,395.3531,4.000000,4.000000,4.000000,4.000000,4.000000,96.000000,96.000000,96.000000,96.000000,96.000000,5.0,1976.7655,1824.8244,7907.0621,8059.0032,PENDING_AG03,FALSE,NOT_FOR_ENFORCEMENT,9488.4745,2189415.6736,9883.8276,9488.4745,395.3531,0.00395337,0.00379523,395.3531,9488.4745,0.00379523,395.3531,395.3531,395.3531,395.3531,395.3531,9488.4745,0.00379523,1976.7655,1824.8244,7907.0621,8059.0032,0.00316269,0.00322347,0.00015813,212.5216,219.9480,0.9532,119.0823,2.3972,30121.7335,124.9277,49.0469,238.9093,36.5364,75.9244,374.9013,749.8027,789.266,1183.8989,75.8035,-1.1839,10.395423,15.593133,2.799122,29,215,300,5,0.03207536,0.00395337,0.05088190,0E-8,0.000000,0.912219,0.000000,-0.04848366,2026-03-31,2026-08-01,83,4123,1621,124,0.669355,0.205295,0.230786,0.106918,,,,,,,,GLOBAL_BASELINE_NO_ENTITY_RANKING,,,NOT_APPLICABLE_GLOBAL_BASELINE,HF9g-P5,,,,X 全窗基线 · 不参与实体赏罚,15055885,1506,A168_HF9F_20260827_0900,2026-08-27 09:00:00
2026-06-01,92755421,2218,0,379.6218965910,-379.6218965910,-379.6218965910,0E-7,1,1,0.49324550000000000,0.493245500000,-0.9865810262130424,-0.9865810262130424,-0.9865810262130424,0E-17,ELIGIBLE,R03b_20260811_FULL_v1,L1_ELIGIBILITY,v2026-08-11,2026-03-21..2026-08-06,baccarat_bet02_101_all_pairs_incl_sentinel,round_win = game_pnl > 0 (decisive only),COMPATIBILITY_ONLY_NOT_PRODUCTION,2500103.8841,2280641.3266,9883.8276,11764,10369,-0.00395337,-0.05088190,-0.00239824,-0.00395337,-9883.8276,2500103.8841,OK,0.0000,395.3531,4.0000,96.0000,AG03-UNRESOLVED,ALL5_LEVELS_bet23_to_bet27,395.3531,395.3531,395.3531,395.3531,395.3531,4.000000,4.000000,4.000000,4.000000,4.000000,96.000000,96.000000,96.000000,96.000000,96.000000,5.0,1976.7655,1824.8244,7907.0621,8059.0032,PENDING_AG03,FALSE,NOT_FOR_ENFORCEMENT,9488.4745,2189415.6736,9883.8276,9488.4745,395.3531,0.00395337,0.00379523,395.3531,9488.4745,0.00379523,395.3531,395.3531,395.3531,395.3531,395.3531,9488.4745,0.00379523,1976.7655,1824.8244,7907.0621,8059.0032,0.00316269,0.00322347,0.00015813,212.5216,219.9480,0.9532,119.0823,2.3972,30121.7335,124.9277,49.0469,238.9093,36.5364,75.9244,374.9013,749.8027,789.266,1183.8989,75.8035,-1.1839,10.395423,15.593133,2.799122,29,215,300,5,0.03207536,0.00395337,0.05088190,0E-8,0.000000,0.912219,0.000000,-0.04848366,2026-03-31,2026-08-01,83,4123,1621,124,0.669355,0.205295,0.230786,0.106918,,,,,,,,GLOBAL_BASELINE_NO_ENTITY_RANKING,,,NOT_APPLICABLE_GLOBAL_BASELINE,HF9g-P5,,,,X 全窗基线 · 不参与实体赏罚,15055886,1506,A168_HF9F_20260827_0900,2026-08-27 09:00:00
2026-06-01,92755421,2229,0,2220.7880950572,-18.9810948296,-18.9810948296,0.5000000,6,6,0.50218230000000000,0.502182300000,-0.01069114476356389,-0.01069114476356389,-0.01069114476356389,0E-17,ELIGIBLE,R03b_20260811_FULL_v1,L1_ELIGIBILITY,v2026-08-11,2026-03-21..2026-08-06,baccarat_bet02_101_all_pairs_incl_sentinel,round_win = game_pnl > 0 (decisive only),COMPATIBILITY_ONLY_NOT_PRODUCTION,2500103.8841,2280641.3266,9883.8276,11764,10369,-0.00395337,-0.05088190,-0.00239824,-0.00395337,-9883.8276,2500103.8841,OK,0.0000,395.3531,4.0000,96.0000,AG03-UNRESOLVED,ALL5_LEVELS_bet23_to_bet27,395.3531,395.3531,395.3531,395.3531,395.3531,4.000000,4.000000,4.000000,4.000000,4.000000,96.000000,96.000000,96.000000,96.000000,96.000000,5.0,1976.7655,1824.8244,7907.0621,8059.0032,PENDING_AG03,FALSE,NOT_FOR_ENFORCEMENT,9488.4745,2189415.6736,9883.8276,9488.4745,395.3531,0.00395337,0.00379523,395.3531,9488.4745,0.00379523,395.3531,395.3531,395.3531,395.3531,395.3531,9488.4745,0.00379523,1976.7655,1824.8244,7907.0621,8059.0032,0.00316269,0.00322347,0.00015813,212.5216,219.9480,0.9532,119.0823,2.3972,30121.7335,124.9277,49.0469,238.9093,36.5364,75.9244,374.9013,749.8027,789.266,1183.8989,75.8035,-1.1839,10.395423,15.593133,2.799122,29,215,300,5,0.03207536,0.00395337,0.05088190,0E-8,0.000000,0.912219,0.000000,-0.04848366,2026-03-31,2026-08-01,83,4123,1621,124,0.669355,0.205295,0.230786,0.106918,,,,,,,,GLOBAL_BASELINE_NO_ENTITY_RANKING,,,NOT_APPLICABLE_GLOBAL_BASELINE,HF9g-P5,,,,X 全窗基线 · 不参与实体赏罚,15055887,1506,A168_HF9F_20260827_0900,2026-08-27 09:00:00
2026-06-01,92755421,2241,0,1138.8656897730,379.6218965910,379.6218965910,0.6666667,3,3,0.49771390000000000,0.497713900000,0.5852756695216578,0.5852756695216578,0.5852756695216578,0E-17,ELIGIBLE,R03b_20260811_FULL_v1,L1_ELIGIBILITY,v2026-08-11,2026-03-21..2026-08-06,baccarat_bet02_101_all_pairs_incl_sentinel,round_win = game_pnl > 0 (decisive only),COMPATIBILITY_ONLY_NOT_PRODUCTION,2500103.8841,2280641.3266,9883.8276,11764,10369,-0.00395337,-0.05088190,-0.00239824,-0.00395337,-9883.8276,2500103.8841,OK,0.0000,395.3531,4.0000,96.0000,AG03-UNRESOLVED,ALL5_LEVELS_bet23_to_bet27,395.3531,395.3531,395.3531,395.3531,395.3531,4.000000,4.000000,4.000000,4.000000,4.000000,96.000000,96.000000,96.000000,96.000000,96.000000,5.0,1976.7655,1824.8244,7907.0621,8059.0032,PENDING_AG03,FALSE,NOT_FOR_ENFORCEMENT,9488.4745,2189415.6736,9883.8276,9488.4745,395.3531,0.00395337,0.00379523,395.3531,9488.4745,0.00379523,395.3531,395.3531,395.3531,395.3531,395.3531,9488.4745,0.00379523,1976.7655,1824.8244,7907.0621,8059.0032,0.00316269,0.00322347,0.00015813,212.5216,219.9480,0.9532,119.0823,2.3972,30121.7335,124.9277,49.0469,238.9093,36.5364,75.9244,374.9013,749.8027,789.266,1183.8989,75.8035,-1.1839,10.395423,15.593133,2.799122,29,215,300,5,0.03207536,0.00395337,0.05088190,0E-8,0.000000,0.912219,0.000000,-0.04848366,2026-03-31,2026-08-01,83,4123,1621,124,0.669355,0.205295,0.230786,0.106918,,,,,,,,GLOBAL_BASELINE_NO_ENTITY_RANKING,,,NOT_APPLICABLE_GLOBAL_BASELINE,HF9g-P5,,,,X 全窗基线 · 不参与实体赏罚,15055888,1506,A168_HF9F_20260827_0900,2026-08-27 09:00:00
2026-06-01,92755421,2242,0,360.6408017614,-360.6408017614,-360.6408017614,0E-7,1,1,0.49324550000000000,0.493245500000,-0.9865810262130424,-0.9865810262130424,-0.9865810262130424,0E-17,ELIGIBLE,R03b_20260811_FULL_v1,L1_ELIGIBILITY,v2026-08-11,2026-03-21..2026-08-06,baccarat_bet02_101_all_pairs_incl_sentinel,round_win = game_pnl > 0 (decisive only),COMPATIBILITY_ONLY_NOT_PRODUCTION,2500103.8841,2280641.3266,9883.8276,11764,10369,-0.00395337,-0.05088190,-0.00239824,-0.00395337,-9883.8276,2500103.8841,OK,0.0000,395.3531,4.0000,96.0000,AG03-UNRESOLVED,ALL5_LEVELS_bet23_to_bet27,395.3531,395.3531,395.3531,395.3531,395.3531,4.000000,4.000000,4.000000,4.000000,4.000000,96.000000,96.000000,96.000000,96.000000,96.000000,5.0,1976.7655,1824.8244,7907.0621,8059.0032,PENDING_AG03,FALSE,NOT_FOR_ENFORCEMENT,9488.4745,2189415.6736,9883.8276,9488.4745,395.3531,0.00395337,0.00379523,395.3531,9488.4745,0.00379523,395.3531,395.3531,395.3531,395.3531,395.3531,9488.4745,0.00379523,1976.7655,1824.8244,7907.0621,8059.0032,0.00316269,0.00322347,0.00015813,212.5216,219.9480,0.9532,119.0823,2.3972,30121.7335,124.9277,49.0469,238.9093,36.5364,75.9244,374.9013,749.8027,789.266,1183.8989,75.8035,-1.1839,10.395423,15.593133,2.799122,29,215,300,5,0.03207536,0.00395337,0.05088190,0E-8,0.000000,0.912219,0.000000,-0.04848366,2026-03-31,2026-08-01,83,4123,1621,124,0.669355,0.205295,0.230786,0.106918,,,,,,,,GLOBAL_BASELINE_NO_ENTITY_RANKING,,,NOT_APPLICABLE_GLOBAL_BASELINE,HF9g-P5,,,,X 全窗基线 · 不参与实体赏罚,15055889,1506,A168_HF9F_20260827_0900,2026-08-27 09:00:00
2026-06-01,92755421,2258,0,2239.7691898868,721.2816035228,721.2816035228,0.6666667,6,6,0.49771390000000000,0.497713900000,0.8277047895645219,0.8277047895645219,0.8277047895645219,0E-17,ELIGIBLE,R03b_20260811_FULL_v1,L1_ELIGIBILITY,v2026-08-11,2026-03-21..2026-08-06,baccarat_bet02_101_all_pairs_incl_sentinel,round_win = game_pnl > 0 (decisive only),COMPATIBILITY_ONLY_NOT_PRODUCTION,2500103.8841,2280641.3266,9883.8276,11764,10369,-0.00395337,-0.05088190,-0.00239824,-0.00395337,-9883.8276,2500103.8841,OK,0.0000,395.3531,4.0000,96.0000,AG03-UNRESOLVED,ALL5_LEVELS_bet23_to_bet27,395.3531,395.3531,395.3531,395.3531,395.3531,4.000000,4.000000,4.000000,4.000000,4.000000,96.000000,96.000000,96.000000,96.000000,96.000000,5.0,1976.7655,1824.8244,7907.0621,8059.0032,PENDING_AG03,FALSE,NOT_FOR_ENFORCEMENT,9488.4745,2189415.6736,9883.8276,9488.4745,395.3531,0.00395337,0.00379523,395.3531,9488.4745,0.00379523,395.3531,395.3531,395.3531,395.3531,395.3531,9488.4745,0.00379523,1976.7655,1824.8244,7907.0621,8059.0032,0.00316269,0.00322347,0.00015813,212.5216,219.9480,0.9532,119.0823,2.3972,30121.7335,124.9277,49.0469,238.9093,36.5364,75.9244,374.9013,749.8027,789.266,1183.8989,75.8035,-1.1839,10.395423,15.593133,2.799122,29,215,300,5,0.03207536,0.00395337,0.05088190,0E-8,0.000000,0.912219,0.000000,-0.04848366,2026-03-31,2026-08-01,83,4123,1621,124,0.669355,0.205295,0.230786,0.106918,,,,,,,,GLOBAL_BASELINE_NO_ENTITY_RANKING,,,NOT_APPLICABLE_GLOBAL_BASELINE,HF9g-P5,,,,X 全窗基线 · 不参与实体赏罚,15055890,1506,A168_HF9F_20260827_0900,2026-08-27 09:00:00
2026-06-01,92755421,529,0,379.6218965910,-379.6218965910,-379.6218965910,0E-7,1,1,0.49324550000000000,0.493245500000,-0.9865810262130424,-0.9865810262130424,-0.9865810262130424,0E-17,ELIGIBLE,R03b_20260811_FULL_v1,L1_ELIGIBILITY,v2026-08-11,2026-03-21..2026-08-06,baccarat_bet02_101_all_pairs_incl_sentinel,round_win = game_pnl > 0 (decisive only),COMPATIBILITY_ONLY_NOT_PRODUCTION,2500103.8841,2280641.3266,9883.8276,11764,10369,-0.00395337,-0.05088190,-0.00239824,-0.00395337,-9883.8276,2500103.8841,OK,0.0000,395.3531,4.0000,96.0000,AG03-UNRESOLVED,ALL5_LEVELS_bet23_to_bet27,395.3531,395.3531,395.3531,395.3531,395.3531,4.000000,4.000000,4.000000,4.000000,4.000000,96.000000,96.000000,96.000000,96.000000,96.000000,5.0,1976.7655,1824.8244,7907.0621,8059.0032,PENDING_AG03,FALSE,NOT_FOR_ENFORCEMENT,9488.4745,2189415.6736,9883.8276,9488.4745,395.3531,0.00395337,0.00379523,395.3531,9488.4745,0.00379523,395.3531,395.3531,395.3531,395.3531,395.3531,9488.4745,0.00379523,1976.7655,1824.8244,7907.0621,8059.0032,0.00316269,0.00322347,0.00015813,212.5216,219.9480,0.9532,119.0823,2.3972,30121.7335,124.9277,49.0469,238.9093,36.5364,75.9244,374.9013,749.8027,789.266,1183.8989,75.8035,-1.1839,10.395423,15.593133,2.799122,29,215,300,5,0.03207536,0.00395337,0.05088190,0E-8,0.000000,0.912219,0.000000,-0.04848366,2026-03-31,2026-08-01,83,4123,1621,124,0.669355,0.205295,0.230786,0.106918,,,,,,,,GLOBAL_BASELINE_NO_ENTITY_RANKING,,,NOT_APPLICABLE_GLOBAL_BASELINE,HF9g-P5,,,,X 全窗基线 · 不参与实体赏罚,15055891,1506,A168_HF9F_20260827_0900,2026-08-27 09:00:00
2026-06-01,92755421,550,0,379.6218965910,-379.6218965910,-379.6218965910,0E-7,1,1,0.49324550000000000,0.493245500000,-0.9865810262130424,-0.9865810262130424,-0.9865810262130424,0E-17,ELIGIBLE,R03b_20260811_FULL_v1,L1_ELIGIBILITY,v2026-08-11,2026-03-21..2026-08-06,baccarat_bet02_101_all_pairs_incl_sentinel,round_win = game_pnl > 0 (decisive only),COMPATIBILITY_ONLY_NOT_PRODUCTION,2500103.8841,2280641.3266,9883.8276,11764,10369,-0.00395337,-0.05088190,-0.00239824,-0.00395337,-9883.8276,2500103.8841,OK,0.0000,395.3531,4.0000,96.0000,AG03-UNRESOLVED,ALL5_LEVELS_bet23_to_bet27,395.3531,395.3531,395.3531,395.3531,395.3531,4.000000,4.000000,4.000000,4.000000,4.000000,96.000000,96.000000,96.000000,96.000000,96.000000,5.0,1976.7655,1824.8244,7907.0621,8059.0032,PENDING_AG03,FALSE,NOT_FOR_ENFORCEMENT,9488.4745,2189415.6736,9883.8276,9488.4745,395.3531,0.00395337,0.00379523,395.3531,9488.4745,0.00379523,395.3531,395.3531,395.3531,395.3531,395.3531,9488.4745,0.00379523,1976.7655,1824.8244,7907.0621,8059.0032,0.00316269,0.00322347,0.00015813,212.5216,219.9480,0.9532,119.0823,2.3972,30121.7335,124.9277,49.0469,238.9093,36.5364,75.9244,374.9013,749.8027,789.266,1183.8989,75.8035,-1.1839,10.395423,15.593133,2.799122,29,215,300,5,0.03207536,0.00395337,0.05088190,0E-8,0.000000,0.912219,0.000000,-0.04848366,2026-03-31,2026-08-01,83,4123,1621,124,0.669355,0.205295,0.230786,0.106918,,,,,,,,GLOBAL_BASELINE_NO_ENTITY_RANKING,,,NOT_APPLICABLE_GLOBAL_BASELINE,HF9g-P5,,,,X 全窗基线 · 不参与实体赏罚,15055892,1506,A168_HF9F_20260827_0900,2026-08-27 09:00:00
2026-06-01,92755421,763,0,2239.7691898868,1443.5122617872,1443.5122617872,0.8333333,6,6,0.49994810000000000,0.499948100000,1.6332474276894162,1.6332474276894162,1.6332474276894162,0E-17,ELIGIBLE,R03b_20260811_FULL_v1,L1_ELIGIBILITY,v2026-08-11,2026-03-21..2026-08-06,baccarat_bet02_101_all_pairs_incl_sentinel,round_win = game_pnl > 0 (decisive only),COMPATIBILITY_ONLY_NOT_PRODUCTION,2500103.8841,2280641.3266,9883.8276,11764,10369,-0.00395337,-0.05088190,-0.00239824,-0.00395337,-9883.8276,2500103.8841,OK,0.0000,395.3531,4.0000,96.0000,AG03-UNRESOLVED,ALL5_LEVELS_bet23_to_bet27,395.3531,395.3531,395.3531,395.3531,395.3531,4.000000,4.000000,4.000000,4.000000,4.000000,96.000000,96.000000,96.000000,96.000000,96.000000,5.0,1976.7655,1824.8244,7907.0621,8059.0032,PENDING_AG03,FALSE,NOT_FOR_ENFORCEMENT,9488.4745,2189415.6736,9883.8276,9488.4745,395.3531,0.00395337,0.00379523,395.3531,9488.4745,0.00379523,395.3531,395.3531,395.3531,395.3531,395.3531,9488.4745,0.00379523,1976.7655,1824.8244,7907.0621,8059.0032,0.00316269,0.00322347,0.00015813,212.5216,219.9480,0.9532,119.0823,2.3972,30121.7335,124.9277,49.0469,238.9093,36.5364,75.9244,374.9013,749.8027,789.266,1183.8989,75.8035,-1.1839,10.395423,15.593133,2.799122,29,215,300,5,0.03207536,0.00395337,0.05088190,0E-8,0.000000,0.912219,0.000000,-0.04848366,2026-03-31,2026-08-01,83,4123,1621,124,0.669355,0.205295,0.230786,0.106918,,,,,,,,GLOBAL_BASELINE_NO_ENTITY_RANKING,,,NOT_APPLICABLE_GLOBAL_BASELINE,HF9g-P5,,,,X 全窗基线 · 不参与实体赏罚,15055893,1506,A168_HF9F_20260827_0900,2026-08-27 09:00:00
2026-06-01,92755421,919,0,1898.1094829550,0E-10,0E-10,0.5000000,5,5,0.50128862000000000,0.501288620000,-0.0051544971185412255,-0.0051544971185412255,-0.0051544971185412255,0E-17,ELIGIBLE,R03b_20260811_FULL_v1,L1_ELIGIBILITY,v2026-08-11,2026-03-21..2026-08-06,baccarat_bet02_101_all_pairs_incl_sentinel,round_win = game_pnl > 0 (decisive only),COMPATIBILITY_ONLY_NOT_PRODUCTION,2500103.8841,2280641.3266,9883.8276,11764,10369,-0.00395337,-0.05088190,-0.00239824,-0.00395337,-9883.8276,2500103.8841,OK,0.0000,395.3531,4.0000,96.0000,AG03-UNRESOLVED,ALL5_LEVELS_bet23_to_bet27,395.3531,395.3531,395.3531,395.3531,395.3531,4.000000,4.000000,4.000000,4.000000,4.000000,96.000000,96.000000,96.000000,96.000000,96.000000,5.0,1976.7655,1824.8244,7907.0621,8059.0032,PENDING_AG03,FALSE,NOT_FOR_ENFORCEMENT,9488.4745,2189415.6736,9883.8276,9488.4745,395.3531,0.00395337,0.00379523,395.3531,9488.4745,0.00379523,395.3531,395.3531,395.3531,395.3531,395.3531,9488.4745,0.00379523,1976.7655,1824.8244,7907.0621,8059.0032,0.00316269,0.00322347,0.00015813,212.5216,219.9480,0.9532,119.0823,2.3972,30121.7335,124.9277,49.0469,238.9093,36.5364,75.9244,374.9013,749.8027,789.266,1183.8989,75.8035,-1.1839,10.395423,15.593133,2.799122,29,215,300,5,0.03207536,0.00395337,0.05088190,0E-8,0.000000,0.912219,0.000000,-0.04848366,2026-03-31,2026-08-01,83,4123,1621,124,0.669355,0.205295,0.230786,0.106918,,,,,,,,GLOBAL_BASELINE_NO_ENTITY_RANKING,,,NOT_APPLICABLE_GLOBAL_BASELINE,HF9g-P5,,,,X 全窗基线 · 不参与实体赏罚,15055894,1506,A168_HF9F_20260827_0900,2026-08-27 09:00:00
2026-06-01,92755421,925,0,759.2437931820,0E-10,0E-10,0.5000000,2,2,0.49994810000000000,0.499948100000,0.00014679536856514622,0.00014679536856514622,0.00014679536856514622,0E-17,ELIGIBLE,R03b_20260811_FULL_v1,L1_ELIGIBILITY,v2026-08-11,2026-03-21..2026-08-06,baccarat_bet02_101_all_pairs_incl_sentinel,round_win = game_pnl > 0 (decisive only),COMPATIBILITY_ONLY_NOT_PRODUCTION,2500103.8841,2280641.3266,9883.8276,11764,10369,-0.00395337,-0.05088190,-0.00239824,-0.00395337,-9883.8276,2500103.8841,OK,0.0000,395.3531,4.0000,96.0000,AG03-UNRESOLVED,ALL5_LEVELS_bet23_to_bet27,395.3531,395.3531,395.3531,395.3531,395.3531,4.000000,4.000000,4.000000,4.000000,4.000000,96.000000,96.000000,96.000000,96.000000,96.000000,5.0,1976.7655,1824.8244,7907.0621,8059.0032,PENDING_AG03,FALSE,NOT_FOR_ENFORCEMENT,9488.4745,2189415.6736,9883.8276,9488.4745,395.3531,0.00395337,0.00379523,395.3531,9488.4745,0.00379523,395.3531,395.3531,395.3531,395.3531,395.3531,9488.4745,0.00379523,1976.7655,1824.8244,7907.0621,8059.0032,0.00316269,0.00322347,0.00015813,212.5216,219.9480,0.9532,119.0823,2.3972,30121.7335,124.9277,49.0469,238.9093,36.5364,75.9244,374.9013,749.8027,789.266,1183.8989,75.8035,-1.1839,10.395423,15.593133,2.799122,29,215,300,5,0.03207536,0.00395337,0.05088190,0E-8,0.000000,0.912219,0.000000,-0.04848366,2026-03-31,2026-08-01,83,4123,1621,124,0.669355,0.205295,0.230786,0.106918,,,,,,,,GLOBAL_BASELINE_NO_ENTITY_RANKING,,,NOT_APPLICABLE_GLOBAL_BASELINE,HF9g-P5,,,,X 全窗基线 · 不参与实体赏罚,15055895,1506,A168_HF9F_20260827_0900,2026-08-27 09:00:00
2026-06-02,92755421,-1,1,14588.4898640952,848.6257687342,848.6257687342,0.5333333,80,64,0.49106544378125966,0.432919925000,0.6549158966248553,1.5697892563768492,0.6549158966248553,0.05814551878125966,SENTINEL_DEALER,R03b_20260811_FULL_v1,L1_ELIGIBILITY,v2026-08-11,2026-03-21..2026-08-06,baccarat_bet02_101_all_pairs_incl_sentinel,round_win = game_pnl > 0 (decisive only),COMPATIBILITY_ONLY_NOT_PRODUCTION,2500103.8841,2280641.3266,9883.8276,11764,10369,-0.00395337,-0.05088190,-0.00239824,-0.00395337,-9883.8276,2500103.8841,OK,0.0000,395.3531,4.0000,96.0000,AG03-UNRESOLVED,ALL5_LEVELS_bet23_to_bet27,395.3531,395.3531,395.3531,395.3531,395.3531,4.000000,4.000000,4.000000,4.000000,4.000000,96.000000,96.000000,96.000000,96.000000,96.000000,5.0,1976.7655,1824.8244,7907.0621,8059.0032,PENDING_AG03,FALSE,NOT_FOR_ENFORCEMENT,9488.4745,2189415.6736,9883.8276,9488.4745,395.3531,0.00395337,0.00379523,395.3531,9488.4745,0.00379523,395.3531,395.3531,395.3531,395.3531,395.3531,9488.4745,0.00379523,1976.7655,1824.8244,7907.0621,8059.0032,0.00316269,0.00322347,0.00015813,212.5216,219.9480,0.9532,119.0823,2.3972,30121.7335,124.9277,49.0469,238.9093,36.5364,75.9244,374.9013,749.8027,789.266,1183.8989,75.8035,-1.1839,10.395423,15.593133,2.799122,29,215,300,5,0.03207536,0.00395337,0.05088190,0E-8,0.000000,0.912219,0.000000,-0.04848366,2026-03-31,2026-08-01,83,4123,1621,124,0.669355,0.205295,0.230786,0.106918,,,,,,,,GLOBAL_BASELINE_NO_ENTITY_RANKING,,,NOT_APPLICABLE_GLOBAL_BASELINE,HF9g-P5,,,,X 全窗基线 · 不参与实体赏罚,15055896,1506,A168_HF9F_20260827_0900,2026-08-27 09:00:00
2026-06-02,92755421,1004,0,318.8823931364,-318.8823931364,-318.8823931364,0E-7,3,2,0.49297147352942798,0.381345450000,-1.394471668578472,-1.1103251487403623,-1.394471668578472,0.11162602352942798,ELIGIBLE,R03b_20260811_FULL_v1,L1_ELIGIBILITY,v2026-08-11,2026-03-21..2026-08-06,baccarat_bet02_101_all_pairs_incl_sentinel,round_win = game_pnl > 0 (decisive only),COMPATIBILITY_ONLY_NOT_PRODUCTION,2500103.8841,2280641.3266,9883.8276,11764,10369,-0.00395337,-0.05088190,-0.00239824,-0.00395337,-9883.8276,2500103.8841,OK,0.0000,395.3531,4.0000,96.0000,AG03-UNRESOLVED,ALL5_LEVELS_bet23_to_bet27,395.3531,395.3531,395.3531,395.3531,395.3531,4.000000,4.000000,4.000000,4.000000,4.000000,96.000000,96.000000,96.000000,96.000000,96.000000,5.0,1976.7655,1824.8244,7907.0621,8059.0032,PENDING_AG03,FALSE,NOT_FOR_ENFORCEMENT,9488.4745,2189415.6736,9883.8276,9488.4745,395.3531,0.00395337,0.00379523,395.3531,9488.4745,0.00379523,395.3531,395.3531,395.3531,395.3531,395.3531,9488.4745,0.00379523,1976.7655,1824.8244,7907.0621,8059.0032,0.00316269,0.00322347,0.00015813,212.5216,219.9480,0.9532,119.0823,2.3972,30121.7335,124.9277,49.0469,238.9093,36.5364,75.9244,374.9013,749.8027,789.266,1183.8989,75.8035,-1.1839,10.395423,15.593133,2.799122,29,215,300,5,0.03207536,0.00395337,0.05088190,0E-8,0.000000,0.912219,0.000000,-0.04848366,2026-03-31,2026-08-01,83,4123,1621,124,0.669355,0.205295,0.230786,0.106918,,,,,,,,GLOBAL_BASELINE_NO_ENTITY_RANKING,,,NOT_APPLICABLE_GLOBAL_BASELINE,HF9g-P5,,,,X 全窗基线 · 不参与实体赏罚,15055897,1506,A168_HF9F_20260827_0900,2026-08-27 09:00:00
2026-06-02,92755421,1017,0,1149.4951028775,-399.7418571103,-399.7418571103,0.2000000,9,6,0.49560220494572462,0.381345450000,-1.3220243875972808,-0.8348496616462173,-1.3220243875972808,0.11425675494572462,ELIGIBLE,R03b_20260811_FULL_v1,L1_ELIGIBILITY,v2026-08-11,2026-03-21..2026-08-06,baccarat_bet02_101_all_pairs_incl_sentinel,round_win = game_pnl > 0 (decisive only),COMPATIBILITY_ONLY_NOT_PRODUCTION,2500103.8841,2280641.3266,9883.8276,11764,10369,-0.00395337,-0.05088190,-0.00239824,-0.00395337,-9883.8276,2500103.8841,OK,0.0000,395.3531,4.0000,96.0000,AG03-UNRESOLVED,ALL5_LEVELS_bet23_to_bet27,395.3531,395.3531,395.3531,395.3531,395.3531,4.000000,4.000000,4.000000,4.000000,4.000000,96.000000,96.000000,96.000000,96.000000,96.000000,5.0,1976.7655,1824.8244,7907.0621,8059.0032,PENDING_AG03,FALSE,NOT_FOR_ENFORCEMENT,9488.4745,2189415.6736,9883.8276,9488.4745,395.3531,0.00395337,0.00379523,395.3531,9488.4745,0.00379523,395.3531,395.3531,395.3531,395.3531,395.3531,9488.4745,0.00379523,1976.7655,1824.8244,7907.0621,8059.0032,0.00316269,0.00322347,0.00015813,212.5216,219.9480,0.9532,119.0823,2.3972,30121.7335,124.9277,49.0469,238.9093,36.5364,75.9244,374.9013,749.8027,789.266,1183.8989,75.8035,-1.1839,10.395423,15.593133,2.799122,29,215,300,5,0.03207536,0.00395337,0.05088190,0E-8,0.000000,0.912219,0.000000,-0.04848366,2026-03-31,2026-08-01,83,4123,1621,124,0.669355,0.205295,0.230786,0.106918,,,,,,,,GLOBAL_BASELINE_NO_ENTITY_RANKING,,,NOT_APPLICABLE_GLOBAL_BASELINE,HF9g-P5,,,,X 全窗基线 · 不参与实体赏罚,15055898,1506,A168_HF9F_20260827_0900,2026-08-27 09:00:00
2026-06-02,92755421,1150,0,189.8109482955,-189.8109482955,-189.8109482955,0E-7,1,1,0.49324550000000000,0.493245500000,-0.9865810262130424,-0.9865810262130424,-0.9865810262130424,0E-17,ELIGIBLE,R03b_20260811_FULL_v1,L1_ELIGIBILITY,v2026-08-11,2026-03-21..2026-08-06,baccarat_bet02_101_all_pairs_incl_sentinel,round_win = game_pnl > 0 (decisive only),COMPATIBILITY_ONLY_NOT_PRODUCTION,2500103.8841,2280641.3266,9883.8276,11764,10369,-0.00395337,-0.05088190,-0.00239824,-0.00395337,-9883.8276,2500103.8841,OK,0.0000,395.3531,4.0000,96.0000,AG03-UNRESOLVED,ALL5_LEVELS_bet23_to_bet27,395.3531,395.3531,395.3531,395.3531,395.3531,4.000000,4.000000,4.000000,4.000000,4.000000,96.000000,96.000000,96.000000,96.000000,96.000000,5.0,1976.7655,1824.8244,7907.0621,8059.0032,PENDING_AG03,FALSE,NOT_FOR_ENFORCEMENT,9488.4745,2189415.6736,9883.8276,9488.4745,395.3531,0.00395337,0.00379523,395.3531,9488.4745,0.00379523,395.3531,395.3531,395.3531,395.3531,395.3531,9488.4745,0.00379523,1976.7655,1824.8244,7907.0621,8059.0032,0.00316269,0.00322347,0.00015813,212.5216,219.9480,0.9532,119.0823,2.3972,30121.7335,124.9277,49.0469,238.9093,36.5364,75.9244,374.9013,749.8027,789.266,1183.8989,75.8035,-1.1839,10.395423,15.593133,2.799122,29,215,300,5,0.03207536,0.00395337,0.05088190,0E-8,0.000000,0.912219,0.000000,-0.04848366,2026-03-31,2026-08-01,83,4123,1621,124,0.669355,0.205295,0.230786,0.106918,,,,,,,,GLOBAL_BASELINE_NO_ENTITY_RANKING,,,NOT_APPLICABLE_GLOBAL_BASELINE,HF9g-P5,,,,X 全窗基线 · 不参与实体赏罚,15055899,1506,A168_HF9F_20260827_0900,2026-08-27 09:00:00
2026-06-02,92755421,1205,0,653.7089059297,105.5348872523,105.5348872523,0.5000000,7,4,0.49022124194272635,0.318692825000,0.03912251505600099,0.7781930762383612,0.03912251505600099,0.17152841694272635,ELIGIBLE,R03b_20260811_FULL_v1,L1_ELIGIBILITY,v2026-08-11,2026-03-21..2026-08-06,baccarat_bet02_101_all_pairs_incl_sentinel,round_win = game_pnl > 0 (decisive only),COMPATIBILITY_ONLY_NOT_PRODUCTION,2500103.8841,2280641.3266,9883.8276,11764,10369,-0.00395337,-0.05088190,-0.00239824,-0.00395337,-9883.8276,2500103.8841,OK,0.0000,395.3531,4.0000,96.0000,AG03-UNRESOLVED,ALL5_LEVELS_bet23_to_bet27,395.3531,395.3531,395.3531,395.3531,395.3531,4.000000,4.000000,4.000000,4.000000,4.000000,96.000000,96.000000,96.000000,96.000000,96.000000,5.0,1976.7655,1824.8244,7907.0621,8059.0032,PENDING_AG03,FALSE,NOT_FOR_ENFORCEMENT,9488.4745,2189415.6736,9883.8276,9488.4745,395.3531,0.00395337,0.00379523,395.3531,9488.4745,0.00379523,395.3531,395.3531,395.3531,395.3531,395.3531,9488.4745,0.00379523,1976.7655,1824.8244,7907.0621,8059.0032,0.00316269,0.00322347,0.00015813,212.5216,219.9480,0.9532,119.0823,2.3972,30121.7335,124.9277,49.0469,238.9093,36.5364,75.9244,374.9013,749.8027,789.266,1183.8989,75.8035,-1.1839,10.395423,15.593133,2.799122,29,215,300,5,0.03207536,0.00395337,0.05088190,0E-8,0.000000,0.912219,0.000000,-0.04848366,2026-03-31,2026-08-01,83,4123,1621,124,0.669355,0.205295,0.230786,0.106918,,,,,,,,GLOBAL_BASELINE_NO_ENTITY_RANKING,,,NOT_APPLICABLE_GLOBAL_BASELINE,HF9g-P5,,,,X 全窗基线 · 不参与实体赏罚,15055900,1506,A168_HF9F_20260827_0900,2026-08-27 09:00:00
2026-06-02,92755421,1221,0,719.0038721433,175.0056943285,175.0056943285,0.6666667,5,4,0.49771965772443842,0.440646775000,0.585255693194551,0.7885312667700745,0.585255693194551,0.05707288272443842,ELIGIBLE,R03b_20260811_FULL_v1,L1_ELIGIBILITY,v2026-08-11,2026-03-21..2026-08-06,baccarat_bet02_101_all_pairs_incl_sentinel,round_win = game_pnl > 0 (decisive only),COMPATIBILITY_ONLY_NOT_PRODUCTION,2500103.8841,2280641.3266,9883.8276,11764,10369,-0.00395337,-0.05088190,-0.00239824,-0.00395337,-9883.8276,2500103.8841,OK,0.0000,395.3531,4.0000,96.0000,AG03-UNRESOLVED,ALL5_LEVELS_bet23_to_bet27,395.3531,395.3531,395.3531,395.3531,395.3531,4.000000,4.000000,4.000000,4.000000,4.000000,96.000000,96.000000,96.000000,96.000000,96.000000,5.0,1976.7655,1824.8244,7907.0621,8059.0032,PENDING_AG03,FALSE,NOT_FOR_ENFORCEMENT,9488.4745,2189415.6736,9883.8276,9488.4745,395.3531,0.00395337,0.00379523,395.3531,9488.4745,0.00379523,395.3531,395.3531,395.3531,395.3531,395.3531,9488.4745,0.00379523,1976.7655,1824.8244,7907.0621,8059.0032,0.00316269,0.00322347,0.00015813,212.5216,219.9480,0.9532,119.0823,2.3972,30121.7335,124.9277,49.0469,238.9093,36.5364,75.9244,374.9013,749.8027,789.266,1183.8989,75.8035,-1.1839,10.395423,15.593133,2.799122,29,215,300,5,0.03207536,0.00395337,0.05088190,0E-8,0.000000,0.912219,0.000000,-0.04848366,2026-03-31,2026-08-01,83,4123,1621,124,0.669355,0.205295,0.230786,0.106918,,,,,,,,GLOBAL_BASELINE_NO_ENTITY_RANKING,,,NOT_APPLICABLE_GLOBAL_BASELINE,HF9g-P5,,,,X 全窗基线 · 不参与实体赏罚,15055901,1506,A168_HF9F_20260827_0900,2026-08-27 09:00:00
2026-06-02,92755421,1302,0,1176.8278794321,-132.8676638069,-132.8676638069,0.4000000,5,5,0.49860758000000000,0.498607580000,-0.440988213962219,-0.440988213962219,-0.440988213962219,0E-17,ELIGIBLE,R03b_20260811_FULL_v1,L1_ELIGIBILITY,v2026-08-11,2026-03-21..2026-08-06,baccarat_bet02_101_all_pairs_incl_sentinel,round_win = game_pnl > 0 (decisive only),COMPATIBILITY_ONLY_NOT_PRODUCTION,2500103.8841,2280641.3266,9883.8276,11764,10369,-0.00395337,-0.05088190,-0.00239824,-0.00395337,-9883.8276,2500103.8841,OK,0.0000,395.3531,4.0000,96.0000,AG03-UNRESOLVED,ALL5_LEVELS_bet23_to_bet27,395.3531,395.3531,395.3531,395.3531,395.3531,4.000000,4.000000,4.000000,4.000000,4.000000,96.000000,96.000000,96.000000,96.000000,96.000000,5.0,1976.7655,1824.8244,7907.0621,8059.0032,PENDING_AG03,FALSE,NOT_FOR_ENFORCEMENT,9488.4745,2189415.6736,9883.8276,9488.4745,395.3531,0.00395337,0.00379523,395.3531,9488.4745,0.00379523,395.3531,395.3531,395.3531,395.3531,395.3531,9488.4745,0.00379523,1976.7655,1824.8244,7907.0621,8059.0032,0.00316269,0.00322347,0.00015813,212.5216,219.9480,0.9532,119.0823,2.3972,30121.7335,124.9277,49.0469,238.9093,36.5364,75.9244,374.9013,749.8027,789.266,1183.8989,75.8035,-1.1839,10.395423,15.593133,2.799122,29,215,300,5,0.03207536,0.00395337,0.05088190,0E-8,0.000000,0.912219,0.000000,-0.04848366,2026-03-31,2026-08-01,83,4123,1621,124,0.669355,0.205295,0.230786,0.106918,,,,,,,,GLOBAL_BASELINE_NO_ENTITY_RANKING,,,NOT_APPLICABLE_GLOBAL_BASELINE,HF9g-P5,,,,X 全窗基线 · 不参与实体赏罚,15055902,1506,A168_HF9F_20260827_0900,2026-08-27 09:00:00
2026-06-02,92755421,1330,0,1291.0940703060,496.2607243186,496.2607243186,0.7142857,8,7,0.50122972870557126,0.468934171429,1.127389716113965,1.3007915107314048,1.127389716113965,0.03229555727657126,ELIGIBLE,R03b_20260811_FULL_v1,L1_ELIGIBILITY,v2026-08-11,2026-03-21..2026-08-06,baccarat_bet02_101_all_pairs_incl_sentinel,round_win = game_pnl > 0 (decisive only),COMPATIBILITY_ONLY_NOT_PRODUCTION,2500103.8841,2280641.3266,9883.8276,11764,10369,-0.00395337,-0.05088190,-0.00239824,-0.00395337,-9883.8276,2500103.8841,OK,0.0000,395.3531,4.0000,96.0000,AG03-UNRESOLVED,ALL5_LEVELS_bet23_to_bet27,395.3531,395.3531,395.3531,395.3531,395.3531,4.000000,4.000000,4.000000,4.000000,4.000000,96.000000,96.000000,96.000000,96.000000,96.000000,5.0,1976.7655,1824.8244,7907.0621,8059.0032,PENDING_AG03,FALSE,NOT_FOR_ENFORCEMENT,9488.4745,2189415.6736,9883.8276,9488.4745,395.3531,0.00395337,0.00379523,395.3531,9488.4745,0.00379523,395.3531,395.3531,395.3531,395.3531,395.3531,9488.4745,0.00379523,1976.7655,1824.8244,7907.0621,8059.0032,0.00316269,0.00322347,0.00015813,212.5216,219.9480,0.9532,119.0823,2.3972,30121.7335,124.9277,49.0469,238.9093,36.5364,75.9244,374.9013,749.8027,789.266,1183.8989,75.8035,-1.1839,10.395423,15.593133,2.799122,29,215,300,5,0.03207536,0.00395337,0.05088190,0E-8,0.000000,0.912219,0.000000,-0.04848366,2026-03-31,2026-08-01,83,4123,1621,124,0.669355,0.205295,0.230786,0.106918,,,,,,,,GLOBAL_BASELINE_NO_ENTITY_RANKING,,,NOT_APPLICABLE_GLOBAL_BASELINE,HF9g-P5,,,,X 全窗基线 · 不参与实体赏罚,15055903,1506,A168_HF9F_20260827_0900,2026-08-27 09:00:00
2026-06-02,92755421,1399,0,569.4328448865,-189.8109482955,-189.8109482955,0.5000000,2,2,0.49994810000000000,0.499948100000,0.00014679536856514622,0.00014679536856514622,0.00014679536856514622,0E-17,ELIGIBLE,R03b_20260811_FULL_v1,L1_ELIGIBILITY,v2026-08-11,2026-03-21..2026-08-06,baccarat_bet02_101_all_pairs_incl_sentinel,round_win = game_pnl > 0 (decisive only),COMPATIBILITY_ONLY_NOT_PRODUCTION,2500103.8841,2280641.3266,9883.8276,11764,10369,-0.00395337,-0.05088190,-0.00239824,-0.00395337,-9883.8276,2500103.8841,OK,0.0000,395.3531,4.0000,96.0000,AG03-UNRESOLVED,ALL5_LEVELS_bet23_to_bet27,395.3531,395.3531,395.3531,395.3531,395.3531,4.000000,4.000000,4.000000,4.000000,4.000000,96.000000,96.000000,96.000000,96.000000,96.000000,5.0,1976.7655,1824.8244,7907.0621,8059.0032,PENDING_AG03,FALSE,NOT_FOR_ENFORCEMENT,9488.4745,2189415.6736,9883.8276,9488.4745,395.3531,0.00395337,0.00379523,395.3531,9488.4745,0.00379523,395.3531,395.3531,395.3531,395.3531,395.3531,9488.4745,0.00379523,1976.7655,1824.8244,7907.0621,8059.0032,0.00316269,0.00322347,0.00015813,212.5216,219.9480,0.9532,119.0823,2.3972,30121.7335,124.9277,49.0469,238.9093,36.5364,75.9244,374.9013,749.8027,789.266,1183.8989,75.8035,-1.1839,10.395423,15.593133,2.799122,29,215,300,5,0.03207536,0.00395337,0.05088190,0E-8,0.000000,0.912219,0.000000,-0.04848366,2026-03-31,2026-08-01,83,4123,1621,124,0.669355,0.205295,0.230786,0.106918,,,,,,,,GLOBAL_BASELINE_NO_ENTITY_RANKING,,,NOT_APPLICABLE_GLOBAL_BASELINE,HF9g-P5,,,,X 全窗基线 · 不参与实体赏罚,15055904,1506,A168_HF9F_20260827_0900,2026-08-27 09:00:00
2026-06-02,92755421,1490,0,1423.5821122162,645.3572242046,645.3572242046,0.7500000,4,4,0.49994810000000000,0.499948100000,1.0002076053883384,1.0002076053883384,1.0002076053883384,0E-17,ELIGIBLE,R03b_20260811_FULL_v1,L1_ELIGIBILITY,v2026-08-11,2026-03-21..2026-08-06,baccarat_bet02_101_all_pairs_incl_sentinel,round_win = game_pnl > 0 (decisive only),COMPATIBILITY_ONLY_NOT_PRODUCTION,2500103.8841,2280641.3266,9883.8276,11764,10369,-0.00395337,-0.05088190,-0.00239824,-0.00395337,-9883.8276,2500103.8841,OK,0.0000,395.3531,4.0000,96.0000,AG03-UNRESOLVED,ALL5_LEVELS_bet23_to_bet27,395.3531,395.3531,395.3531,395.3531,395.3531,4.000000,4.000000,4.000000,4.000000,4.000000,96.000000,96.000000,96.000000,96.000000,96.000000,5.0,1976.7655,1824.8244,7907.0621,8059.0032,PENDING_AG03,FALSE,NOT_FOR_ENFORCEMENT,9488.4745,2189415.6736,9883.8276,9488.4745,395.3531,0.00395337,0.00379523,395.3531,9488.4745,0.00379523,395.3531,395.3531,395.3531,395.3531,395.3531,9488.4745,0.00379523,1976.7655,1824.8244,7907.0621,8059.0032,0.00316269,0.00322347,0.00015813,212.5216,219.9480,0.9532,119.0823,2.3972,30121.7335,124.9277,49.0469,238.9093,36.5364,75.9244,374.9013,749.8027,789.266,1183.8989,75.8035,-1.1839,10.395423,15.593133,2.799122,29,215,300,5,0.03207536,0.00395337,0.05088190,0E-8,0.000000,0.912219,0.000000,-0.04848366,2026-03-31,2026-08-01,83,4123,1621,124,0.669355,0.205295,0.230786,0.106918,,,,,,,,GLOBAL_BASELINE_NO_ENTITY_RANKING,,,NOT_APPLICABLE_GLOBAL_BASELINE,HF9g-P5,,,,X 全窗基线 · 不参与实体赏罚,15055905,1506,A168_HF9F_20260827_0900,2026-08-27 09:00:00
2026-06-02,92755421,1505,0,525.7763267785,126.6039025130,126.6039025130,0.6666667,5,3,0.49670990703095077,0.341811233333,0.5887602320152377,1.186266766288797,0.5887602320152377,0.15489867369795077,ELIGIBLE,R03b_20260811_FULL_v1,L1_ELIGIBILITY,v2026-08-11,2026-03-21..2026-08-06,baccarat_bet02_101_all_pairs_incl_sentinel,round_win = game_pnl > 0 (decisive only),COMPATIBILITY_ONLY_NOT_PRODUCTION,2500103.8841,2280641.3266,9883.8276,11764,10369,-0.00395337,-0.05088190,-0.00239824,-0.00395337,-9883.8276,2500103.8841,OK,0.0000,395.3531,4.0000,96.0000,AG03-UNRESOLVED,ALL5_LEVELS_bet23_to_bet27,395.3531,395.3531,395.3531,395.3531,395.3531,4.000000,4.000000,4.000000,4.000000,4.000000,96.000000,96.000000,96.000000,96.000000,96.000000,5.0,1976.7655,1824.8244,7907.0621,8059.0032,PENDING_AG03,FALSE,NOT_FOR_ENFORCEMENT,9488.4745,2189415.6736,9883.8276,9488.4745,395.3531,0.00395337,0.00379523,395.3531,9488.4745,0.00379523,395.3531,395.3531,395.3531,395.3531,395.3531,9488.4745,0.00379523,1976.7655,1824.8244,7907.0621,8059.0032,0.00316269,0.00322347,0.00015813,212.5216,219.9480,0.9532,119.0823,2.3972,30121.7335,124.9277,49.0469,238.9093,36.5364,75.9244,374.9013,749.8027,789.266,1183.8989,75.8035,-1.1839,10.395423,15.593133,2.799122,29,215,300,5,0.03207536,0.00395337,0.05088190,0E-8,0.000000,0.912219,0.000000,-0.04848366,2026-03-31,2026-08-01,83,4123,1621,124,0.669355,0.205295,0.230786,0.106918,,,,,,,,GLOBAL_BASELINE_NO_ENTITY_RANKING,,,NOT_APPLICABLE_GLOBAL_BASELINE,HF9g-P5,,,,X 全窗基线 · 不参与实体赏罚,15055906,1506,A168_HF9F_20260827_0900,2026-08-27 09:00:00
2026-06-02,92755421,1507,0,1400.8047984208,-489.2377192317,-489.2377192317,0.3333333,8,7,0.50327368601397722,0.469891685714,-0.8325521466998459,-0.6702127803720506,-0.8325521466998459,0.03338200029997722,ELIGIBLE,R03b_20260811_FULL_v1,L1_ELIGIBILITY,v2026-08-11,2026-03-21..2026-08-06,baccarat_bet02_101_all_pairs_incl_sentinel,round_win = game_pnl > 0 (decisive only),COMPATIBILITY_ONLY_NOT_PRODUCTION,2500103.8841,2280641.3266,9883.8276,11764,10369,-0.00395337,-0.05088190,-0.00239824,-0.00395337,-9883.8276,2500103.8841,OK,0.0000,395.3531,4.0000,96.0000,AG03-UNRESOLVED,ALL5_LEVELS_bet23_to_bet27,395.3531,395.3531,395.3531,395.3531,395.3531,4.000000,4.000000,4.000000,4.000000,4.000000,96.000000,96.000000,96.000000,96.000000,96.000000,5.0,1976.7655,1824.8244,7907.0621,8059.0032,PENDING_AG03,FALSE,NOT_FOR_ENFORCEMENT,9488.4745,2189415.6736,9883.8276,9488.4745,395.3531,0.00395337,0.00379523,395.3531,9488.4745,0.00379523,395.3531,395.3531,395.3531,395.3531,395.3531,9488.4745,0.00379523,1976.7655,1824.8244,7907.0621,8059.0032,0.00316269,0.00322347,0.00015813,212.5216,219.9480,0.9532,119.0823,2.3972,30121.7335,124.9277,49.0469,238.9093,36.5364,75.9244,374.9013,749.8027,789.266,1183.8989,75.8035,-1.1839,10.395423,15.593133,2.799122,29,215,300,5,0.03207536,0.00395337,0.05088190,0E-8,0.000000,0.912219,0.000000,-0.04848366,2026-03-31,2026-08-01,83,4123,1621,124,0.669355,0.205295,0.230786,0.106918,,,,,,,,GLOBAL_BASELINE_NO_ENTITY_RANKING,,,NOT_APPLICABLE_GLOBAL_BASELINE,HF9g-P5,,,,X 全窗基线 · 不参与实体赏罚,15055907,1506,A168_HF9F_20260827_0900,2026-08-27 09:00:00
2026-06-02,92755421,1645,0,379.6218965910,-379.6218965910,-379.6218965910,0E-7,1,1,0.49324550000000000,0.493245500000,-0.9865810262130424,-0.9865810262130424,-0.9865810262130424,0E-17,ELIGIBLE,R03b_20260811_FULL_v1,L1_ELIGIBILITY,v2026-08-11,2026-03-21..2026-08-06,baccarat_bet02_101_all_pairs_incl_sentinel,round_win = game_pnl > 0 (decisive only),COMPATIBILITY_ONLY_NOT_PRODUCTION,2500103.8841,2280641.3266,9883.8276,11764,10369,-0.00395337,-0.05088190,-0.00239824,-0.00395337,-9883.8276,2500103.8841,OK,0.0000,395.3531,4.0000,96.0000,AG03-UNRESOLVED,ALL5_LEVELS_bet23_to_bet27,395.3531,395.3531,395.3531,395.3531,395.3531,4.000000,4.000000,4.000000,4.000000,4.000000,96.000000,96.000000,96.000000,96.000000,96.000000,5.0,1976.7655,1824.8244,7907.0621,8059.0032,PENDING_AG03,FALSE,NOT_FOR_ENFORCEMENT,9488.4745,2189415.6736,9883.8276,9488.4745,395.3531,0.00395337,0.00379523,395.3531,9488.4745,0.00379523,395.3531,395.3531,395.3531,395.3531,395.3531,9488.4745,0.00379523,1976.7655,1824.8244,7907.0621,8059.0032,0.00316269,0.00322347,0.00015813,212.5216,219.9480,0.9532,119.0823,2.3972,30121.7335,124.9277,49.0469,238.9093,36.5364,75.9244,374.9013,749.8027,789.266,1183.8989,75.8035,-1.1839,10.395423,15.593133,2.799122,29,215,300,5,0.03207536,0.00395337,0.05088190,0E-8,0.000000,0.912219,0.000000,-0.04848366,2026-03-31,2026-08-01,83,4123,1621,124,0.669355,0.205295,0.230786,0.106918,,,,,,,,GLOBAL_BASELINE_NO_ENTITY_RANKING,,,NOT_APPLICABLE_GLOBAL_BASELINE,HF9g-P5,,,,X 全窗基线 · 不参与实体赏罚,15055908,1506,A168_HF9F_20260827_0900,2026-08-27 09:00:00
2026-06-02,92755421,1704,0,189.8109482955,-189.8109482955,-189.8109482955,0E-7,1,1,0.50665070000000000,0.506650700000,-1.013391052207602,-1.013391052207602,-1.013391052207602,0E-17,ELIGIBLE,R03b_20260811_FULL_v1,L1_ELIGIBILITY,v2026-08-11,2026-03-21..2026-08-06,baccarat_bet02_101_all_pairs_incl_sentinel,round_win = game_pnl > 0 (decisive only),COMPATIBILITY_ONLY_NOT_PRODUCTION,2500103.8841,2280641.3266,9883.8276,11764,10369,-0.00395337,-0.05088190,-0.00239824,-0.00395337,-9883.8276,2500103.8841,OK,0.0000,395.3531,4.0000,96.0000,AG03-UNRESOLVED,ALL5_LEVELS_bet23_to_bet27,395.3531,395.3531,395.3531,395.3531,395.3531,4.000000,4.000000,4.000000,4.000000,4.000000,96.000000,96.000000,96.000000,96.000000,96.000000,5.0,1976.7655,1824.8244,7907.0621,8059.0032,PENDING_AG03,FALSE,NOT_FOR_ENFORCEMENT,9488.4745,2189415.6736,9883.8276,9488.4745,395.3531,0.00395337,0.00379523,395.3531,9488.4745,0.00379523,395.3531,395.3531,395.3531,395.3531,395.3531,9488.4745,0.00379523,1976.7655,1824.8244,7907.0621,8059.0032,0.00316269,0.00322347,0.00015813,212.5216,219.9480,0.9532,119.0823,2.3972,30121.7335,124.9277,49.0469,238.9093,36.5364,75.9244,374.9013,749.8027,789.266,1183.8989,75.8035,-1.1839,10.395423,15.593133,2.799122,29,215,300,5,0.03207536,0.00395337,0.05088190,0E-8,0.000000,0.912219,0.000000,-0.04848366,2026-03-31,2026-08-01,83,4123,1621,124,0.669355,0.205295,0.230786,0.106918,,,,,,,,GLOBAL_BASELINE_NO_ENTITY_RANKING,,,NOT_APPLICABLE_GLOBAL_BASELINE,HF9g-P5,,,,X 全窗基线 · 不参与实体赏罚,15055909,1506,A168_HF9F_20260827_0900,2026-08-27 09:00:00
2026-06-02,92755421,1941,0,189.8109482955,-189.8109482955,-189.8109482955,0E-7,1,1,0.49324550000000000,0.493245500000,-0.9865810262130424,-0.9865810262130424,-0.9865810262130424,0E-17,ELIGIBLE,R03b_20260811_FULL_v1,L1_ELIGIBILITY,v2026-08-11,2026-03-21..2026-08-06,baccarat_bet02_101_all_pairs_incl_sentinel,round_win = game_pnl > 0 (decisive only),COMPATIBILITY_ONLY_NOT_PRODUCTION,2500103.8841,2280641.3266,9883.8276,11764,10369,-0.00395337,-0.05088190,-0.00239824,-0.00395337,-9883.8276,2500103.8841,OK,0.0000,395.3531,4.0000,96.0000,AG03-UNRESOLVED,ALL5_LEVELS_bet23_to_bet27,395.3531,395.3531,395.3531,395.3531,395.3531,4.000000,4.000000,4.000000,4.000000,4.000000,96.000000,96.000000,96.000000,96.000000,96.000000,5.0,1976.7655,1824.8244,7907.0621,8059.0032,PENDING_AG03,FALSE,NOT_FOR_ENFORCEMENT,9488.4745,2189415.6736,9883.8276,9488.4745,395.3531,0.00395337,0.00379523,395.3531,9488.4745,0.00379523,395.3531,395.3531,395.3531,395.3531,395.3531,9488.4745,0.00379523,1976.7655,1824.8244,7907.0621,8059.0032,0.00316269,0.00322347,0.00015813,212.5216,219.9480,0.9532,119.0823,2.3972,30121.7335,124.9277,49.0469,238.9093,36.5364,75.9244,374.9013,749.8027,789.266,1183.8989,75.8035,-1.1839,10.395423,15.593133,2.799122,29,215,300,5,0.03207536,0.00395337,0.05088190,0E-8,0.000000,0.912219,0.000000,-0.04848366,2026-03-31,2026-08-01,83,4123,1621,124,0.669355,0.205295,0.230786,0.106918,,,,,,,,GLOBAL_BASELINE_NO_ENTITY_RANKING,,,NOT_APPLICABLE_GLOBAL_BASELINE,HF9g-P5,,,,X 全窗基线 · 不参与实体赏罚,15055910,1506,A168_HF9F_20260827_0900,2026-08-27 09:00:00
2026-06-02,92755421,1942,0,1127.8566547719,-38.1520006074,-38.1520006074,0.6000000,7,5,0.49916477641522698,0.406406500000,0.45094945808759773,0.881355020437069,0.45094945808759773,0.09275827641522698,ELIGIBLE,R03b_20260811_FULL_v1,L1_ELIGIBILITY,v2026-08-11,2026-03-21..2026-08-06,baccarat_bet02_101_all_pairs_incl_sentinel,round_win = game_pnl > 0 (decisive only),COMPATIBILITY_ONLY_NOT_PRODUCTION,2500103.8841,2280641.3266,9883.8276,11764,10369,-0.00395337,-0.05088190,-0.00239824,-0.00395337,-9883.8276,2500103.8841,OK,0.0000,395.3531,4.0000,96.0000,AG03-UNRESOLVED,ALL5_LEVELS_bet23_to_bet27,395.3531,395.3531,395.3531,395.3531,395.3531,4.000000,4.000000,4.000000,4.000000,4.000000,96.000000,96.000000,96.000000,96.000000,96.000000,5.0,1976.7655,1824.8244,7907.0621,8059.0032,PENDING_AG03,FALSE,NOT_FOR_ENFORCEMENT,9488.4745,2189415.6736,9883.8276,9488.4745,395.3531,0.00395337,0.00379523,395.3531,9488.4745,0.00379523,395.3531,395.3531,395.3531,395.3531,395.3531,9488.4745,0.00379523,1976.7655,1824.8244,7907.0621,8059.0032,0.00316269,0.00322347,0.00015813,212.5216,219.9480,0.9532,119.0823,2.3972,30121.7335,124.9277,49.0469,238.9093,36.5364,75.9244,374.9013,749.8027,789.266,1183.8989,75.8035,-1.1839,10.395423,15.593133,2.799122,29,215,300,5,0.03207536,0.00395337,0.05088190,0E-8,0.000000,0.912219,0.000000,-0.04848366,2026-03-31,2026-08-01,83,4123,1621,124,0.669355,0.205295,0.230786,0.106918,,,,,,,,GLOBAL_BASELINE_NO_ENTITY_RANKING,,,NOT_APPLICABLE_GLOBAL_BASELINE,HF9g-P5,,,,X 全窗基线 · 不参与实体赏罚,15055911,1506,A168_HF9F_20260827_0900,2026-08-27 09:00:00
2026-06-02,92755421,1951,0,379.6218965910,-379.6218965910,-379.6218965910,0E-7,2,2,0.49994810000000000,0.499948100000,-1.4140667746232096,-1.4140667746232096,-1.4140667746232096,0E-17,ELIGIBLE,R03b_20260811_FULL_v1,L1_ELIGIBILITY,v2026-08-11,2026-03-21..2026-08-06,baccarat_bet02_101_all_pairs_incl_sentinel,round_win = game_pnl > 0 (decisive only),COMPATIBILITY_ONLY_NOT_PRODUCTION,2500103.8841,2280641.3266,9883.8276,11764,10369,-0.00395337,-0.05088190,-0.00239824,-0.00395337,-9883.8276,2500103.8841,OK,0.0000,395.3531,4.0000,96.0000,AG03-UNRESOLVED,ALL5_LEVELS_bet23_to_bet27,395.3531,395.3531,395.3531,395.3531,395.3531,4.000000,4.000000,4.000000,4.000000,4.000000,96.000000,96.000000,96.000000,96.000000,96.000000,5.0,1976.7655,1824.8244,7907.0621,8059.0032,PENDING_AG03,FALSE,NOT_FOR_ENFORCEMENT,9488.4745,2189415.6736,9883.8276,9488.4745,395.3531,0.00395337,0.00379523,395.3531,9488.4745,0.00379523,395.3531,395.3531,395.3531,395.3531,395.3531,9488.4745,0.00379523,1976.7655,1824.8244,7907.0621,8059.0032,0.00316269,0.00322347,0.00015813,212.5216,219.9480,0.9532,119.0823,2.3972,30121.7335,124.9277,49.0469,238.9093,36.5364,75.9244,374.9013,749.8027,789.266,1183.8989,75.8035,-1.1839,10.395423,15.593133,2.799122,29,215,300,5,0.03207536,0.00395337,0.05088190,0E-8,0.000000,0.912219,0.000000,-0.04848366,2026-03-31,2026-08-01,83,4123,1621,124,0.669355,0.205295,0.230786,0.106918,,,,,,,,GLOBAL_BASELINE_NO_ENTITY_RANKING,,,NOT_APPLICABLE_GLOBAL_BASELINE,HF9g-P5,,,,X 全窗基线 · 不参与实体赏罚,15055912,1506,A168_HF9F_20260827_0900,2026-08-27 09:00:00
2026-06-02,92755421,1966,0,379.6218965910,-379.6218965910,-379.6218965910,0E-7,1,1,0.49324550000000000,0.493245500000,-0.9865810262130424,-0.9865810262130424,-0.9865810262130424,0E-17,ELIGIBLE,R03b_20260811_FULL_v1,L1_ELIGIBILITY,v2026-08-11,2026-03-21..2026-08-06,baccarat_bet02_101_all_pairs_incl_sentinel,round_win = game_pnl > 0 (decisive only),COMPATIBILITY_ONLY_NOT_PRODUCTION,2500103.8841,2280641.3266,9883.8276,11764,10369,-0.00395337,-0.05088190,-0.00239824,-0.00395337,-9883.8276,2500103.8841,OK,0.0000,395.3531,4.0000,96.0000,AG03-UNRESOLVED,ALL5_LEVELS_bet23_to_bet27,395.3531,395.3531,395.3531,395.3531,395.3531,4.000000,4.000000,4.000000,4.000000,4.000000,96.000000,96.000000,96.000000,96.000000,96.000000,5.0,1976.7655,1824.8244,7907.0621,8059.0032,PENDING_AG03,FALSE,NOT_FOR_ENFORCEMENT,9488.4745,2189415.6736,9883.8276,9488.4745,395.3531,0.00395337,0.00379523,395.3531,9488.4745,0.00379523,395.3531,395.3531,395.3531,395.3531,395.3531,9488.4745,0.00379523,1976.7655,1824.8244,7907.0621,8059.0032,0.00316269,0.00322347,0.00015813,212.5216,219.9480,0.9532,119.0823,2.3972,30121.7335,124.9277,49.0469,238.9093,36.5364,75.9244,374.9013,749.8027,789.266,1183.8989,75.8035,-1.1839,10.395423,15.593133,2.799122,29,215,300,5,0.03207536,0.00395337,0.05088190,0E-8,0.000000,0.912219,0.000000,-0.04848366,2026-03-31,2026-08-01,83,4123,1621,124,0.669355,0.205295,0.230786,0.106918,,,,,,,,GLOBAL_BASELINE_NO_ENTITY_RANKING,,,NOT_APPLICABLE_GLOBAL_BASELINE,HF9g-P5,,,,X 全窗基线 · 不参与实体赏罚,15055913,1506,A168_HF9F_20260827_0900,2026-08-27 09:00:00
2026-06-02,92755421,1985,0,379.6218965910,-379.6218965910,-379.6218965910,0E-7,1,1,0.50665070000000000,0.506650700000,-1.013391052207602,-1.013391052207602,-1.013391052207602,0E-17,ELIGIBLE,R03b_20260811_FULL_v1,L1_ELIGIBILITY,v2026-08-11,2026-03-21..2026-08-06,baccarat_bet02_101_all_pairs_incl_sentinel,round_win = game_pnl > 0 (decisive only),COMPATIBILITY_ONLY_NOT_PRODUCTION,2500103.8841,2280641.3266,9883.8276,11764,10369,-0.00395337,-0.05088190,-0.00239824,-0.00395337,-9883.8276,2500103.8841,OK,0.0000,395.3531,4.0000,96.0000,AG03-UNRESOLVED,ALL5_LEVELS_bet23_to_bet27,395.3531,395.3531,395.3531,395.3531,395.3531,4.000000,4.000000,4.000000,4.000000,4.000000,96.000000,96.000000,96.000000,96.000000,96.000000,5.0,1976.7655,1824.8244,7907.0621,8059.0032,PENDING_AG03,FALSE,NOT_FOR_ENFORCEMENT,9488.4745,2189415.6736,9883.8276,9488.4745,395.3531,0.00395337,0.00379523,395.3531,9488.4745,0.00379523,395.3531,395.3531,395.3531,395.3531,395.3531,9488.4745,0.00379523,1976.7655,1824.8244,7907.0621,8059.0032,0.00316269,0.00322347,0.00015813,212.5216,219.9480,0.9532,119.0823,2.3972,30121.7335,124.9277,49.0469,238.9093,36.5364,75.9244,374.9013,749.8027,789.266,1183.8989,75.8035,-1.1839,10.395423,15.593133,2.799122,29,215,300,5,0.03207536,0.00395337,0.05088190,0E-8,0.000000,0.912219,0.000000,-0.04848366,2026-03-31,2026-08-01,83,4123,1621,124,0.669355,0.205295,0.230786,0.106918,,,,,,,,GLOBAL_BASELINE_NO_ENTITY_RANKING,,,NOT_APPLICABLE_GLOBAL_BASELINE,HF9g-P5,,,,X 全窗基线 · 不参与实体赏罚,15055914,1506,A168_HF9F_20260827_0900,2026-08-27 09:00:00
2026-06-02,92755421,2063,0,1442.5632070456,0E-10,0E-10,0.5000000,4,4,0.49994810000000000,0.499948100000,0.00014679536856514622,0.00014679536856514622,0.00014679536856514622,0E-17,ELIGIBLE,R03b_20260811_FULL_v1,L1_ELIGIBILITY,v2026-08-11,2026-03-21..2026-08-06,baccarat_bet02_101_all_pairs_incl_sentinel,round_win = game_pnl > 0 (decisive only),COMPATIBILITY_ONLY_NOT_PRODUCTION,2500103.8841,2280641.3266,9883.8276,11764,10369,-0.00395337,-0.05088190,-0.00239824,-0.00395337,-9883.8276,2500103.8841,OK,0.0000,395.3531,4.0000,96.0000,AG03-UNRESOLVED,ALL5_LEVELS_bet23_to_bet27,395.3531,395.3531,395.3531,395.3531,395.3531,4.000000,4.000000,4.000000,4.000000,4.000000,96.000000,96.000000,96.000000,96.000000,96.000000,5.0,1976.7655,1824.8244,7907.0621,8059.0032,PENDING_AG03,FALSE,NOT_FOR_ENFORCEMENT,9488.4745,2189415.6736,9883.8276,9488.4745,395.3531,0.00395337,0.00379523,395.3531,9488.4745,0.00379523,395.3531,395.3531,395.3531,395.3531,395.3531,9488.4745,0.00379523,1976.7655,1824.8244,7907.0621,8059.0032,0.00316269,0.00322347,0.00015813,212.5216,219.9480,0.9532,119.0823,2.3972,30121.7335,124.9277,49.0469,238.9093,36.5364,75.9244,374.9013,749.8027,789.266,1183.8989,75.8035,-1.1839,10.395423,15.593133,2.799122,29,215,300,5,0.03207536,0.00395337,0.05088190,0E-8,0.000000,0.912219,0.000000,-0.04848366,2026-03-31,2026-08-01,83,4123,1621,124,0.669355,0.205295,0.230786,0.106918,,,,,,,,GLOBAL_BASELINE_NO_ENTITY_RANKING,,,NOT_APPLICABLE_GLOBAL_BASELINE,HF9g-P5,,,,X 全窗基线 · 不参与实体赏罚,15055915,1506,A168_HF9F_20260827_0900,2026-08-27 09:00:00
2026-06-02,92755421,2117,0,751.6513552502,368.2332396932,368.2332396932,0.7500000,5,4,0.50212511633660610,0.443998075000,0.9915084902355639,1.2317582025514213,0.9915084902355639,0.05812704133660610,ELIGIBLE,R03b_20260811_FULL_v1,L1_ELIGIBILITY,v2026-08-11,2026-03-21..2026-08-06,baccarat_bet02_101_all_pairs_incl_sentinel,round_win = game_pnl > 0 (decisive only),COMPATIBILITY_ONLY_NOT_PRODUCTION,2500103.8841,2280641.3266,9883.8276,11764,10369,-0.00395337,-0.05088190,-0.00239824,-0.00395337,-9883.8276,2500103.8841,OK,0.0000,395.3531,4.0000,96.0000,AG03-UNRESOLVED,ALL5_LEVELS_bet23_to_bet27,395.3531,395.3531,395.3531,395.3531,395.3531,4.000000,4.000000,4.000000,4.000000,4.000000,96.000000,96.000000,96.000000,96.000000,96.000000,5.0,1976.7655,1824.8244,7907.0621,8059.0032,PENDING_AG03,FALSE,NOT_FOR_ENFORCEMENT,9488.4745,2189415.6736,9883.8276,9488.4745,395.3531,0.00395337,0.00379523,395.3531,9488.4745,0.00379523,395.3531,395.3531,395.3531,395.3531,395.3531,9488.4745,0.00379523,1976.7655,1824.8244,7907.0621,8059.0032,0.00316269,0.00322347,0.00015813,212.5216,219.9480,0.9532,119.0823,2.3972,30121.7335,124.9277,49.0469,238.9093,36.5364,75.9244,374.9013,749.8027,789.266,1183.8989,75.8035,-1.1839,10.395423,15.593133,2.799122,29,215,300,5,0.03207536,0.00395337,0.05088190,0E-8,0.000000,0.912219,0.000000,-0.04848366,2026-03-31,2026-08-01,83,4123,1621,124,0.669355,0.205295,0.230786,0.106918,,,,,,,,GLOBAL_BASELINE_NO_ENTITY_RANKING,,,NOT_APPLICABLE_GLOBAL_BASELINE,HF9g-P5,,,,X 全窗基线 · 不参与实体赏罚,15055916,1506,A168_HF9F_20260827_0900,2026-08-27 09:00:00
2026-06-02,92755421,2142,0,379.6218965910,0E-10,0E-10,0.5000000,2,2,0.49994810000000000,0.499948100000,0.00014679536856514622,0.00014679536856514622,0.00014679536856514622,0E-17,ELIGIBLE,R03b_20260811_FULL_v1,L1_ELIGIBILITY,v2026-08-11,2026-03-21..2026-08-06,baccarat_bet02_101_all_pairs_incl_sentinel,round_win = game_pnl > 0 (decisive only),COMPATIBILITY_ONLY_NOT_PRODUCTION,2500103.8841,2280641.3266,9883.8276,11764,10369,-0.00395337,-0.05088190,-0.00239824,-0.00395337,-9883.8276,2500103.8841,OK,0.0000,395.3531,4.0000,96.0000,AG03-UNRESOLVED,ALL5_LEVELS_bet23_to_bet27,395.3531,395.3531,395.3531,395.3531,395.3531,4.000000,4.000000,4.000000,4.000000,4.000000,96.000000,96.000000,96.000000,96.000000,96.000000,5.0,1976.7655,1824.8244,7907.0621,8059.0032,PENDING_AG03,FALSE,NOT_FOR_ENFORCEMENT,9488.4745,2189415.6736,9883.8276,9488.4745,395.3531,0.00395337,0.00379523,395.3531,9488.4745,0.00379523,395.3531,395.3531,395.3531,395.3531,395.3531,9488.4745,0.00379523,1976.7655,1824.8244,7907.0621,8059.0032,0.00316269,0.00322347,0.00015813,212.5216,219.9480,0.9532,119.0823,2.3972,30121.7335,124.9277,49.0469,238.9093,36.5364,75.9244,374.9013,749.8027,789.266,1183.8989,75.8035,-1.1839,10.395423,15.593133,2.799122,29,215,300,5,0.03207536,0.00395337,0.05088190,0E-8,0.000000,0.912219,0.000000,-0.04848366,2026-03-31,2026-08-01,83,4123,1621,124,0.669355,0.205295,0.230786,0.106918,,,,,,,,GLOBAL_BASELINE_NO_ENTITY_RANKING,,,NOT_APPLICABLE_GLOBAL_BASELINE,HF9g-P5,,,,X 全窗基线 · 不参与实体赏罚,15055917,1506,A168_HF9F_20260827_0900,2026-08-27 09:00:00
2026-06-02,92755421,2152,0,730.7721509376,333.1182142586,333.1182142586,0.7500000,4,4,0.49994810000000000,0.499948100000,1.0002076053883384,1.0002076053883384,1.0002076053883384,0E-17,ELIGIBLE,R03b_20260811_FULL_v1,L1_ELIGIBILITY,v2026-08-11,2026-03-21..2026-08-06,baccarat_bet02_101_all_pairs_incl_sentinel,round_win = game_pnl > 0 (decisive only),COMPATIBILITY_ONLY_NOT_PRODUCTION,2500103.8841,2280641.3266,9883.8276,11764,10369,-0.00395337,-0.05088190,-0.00239824,-0.00395337,-9883.8276,2500103.8841,OK,0.0000,395.3531,4.0000,96.0000,AG03-UNRESOLVED,ALL5_LEVELS_bet23_to_bet27,395.3531,395.3531,395.3531,395.3531,395.3531,4.000000,4.000000,4.000000,4.000000,4.000000,96.000000,96.000000,96.000000,96.000000,96.000000,5.0,1976.7655,1824.8244,7907.0621,8059.0032,PENDING_AG03,FALSE,NOT_FOR_ENFORCEMENT,9488.4745,2189415.6736,9883.8276,9488.4745,395.3531,0.00395337,0.00379523,395.3531,9488.4745,0.00379523,395.3531,395.3531,395.3531,395.3531,395.3531,9488.4745,0.00379523,1976.7655,1824.8244,7907.0621,8059.0032,0.00316269,0.00322347,0.00015813,212.5216,219.9480,0.9532,119.0823,2.3972,30121.7335,124.9277,49.0469,238.9093,36.5364,75.9244,374.9013,749.8027,789.266,1183.8989,75.8035,-1.1839,10.395423,15.593133,2.799122,29,215,300,5,0.03207536,0.00395337,0.05088190,0E-8,0.000000,0.912219,0.000000,-0.04848366,2026-03-31,2026-08-01,83,4123,1621,124,0.669355,0.205295,0.230786,0.106918,,,,,,,,GLOBAL_BASELINE_NO_ENTITY_RANKING,,,NOT_APPLICABLE_GLOBAL_BASELINE,HF9g-P5,,,,X 全窗基线 · 不参与实体赏罚,15055918,1506,A168_HF9F_20260827_0900,2026-08-27 09:00:00
2026-06-02,92755421,2155,0,151.8487586364,-151.8487586364,-151.8487586364,0E-7,1,1,0.50665070000000000,0.506650700000,-1.013391052207602,-1.013391052207602,-1.013391052207602,0E-17,ELIGIBLE,R03b_20260811_FULL_v1,L1_ELIGIBILITY,v2026-08-11,2026-03-21..2026-08-06,baccarat_bet02_101_all_pairs_incl_sentinel,round_win = game_pnl > 0 (decisive only),COMPATIBILITY_ONLY_NOT_PRODUCTION,2500103.8841,2280641.3266,9883.8276,11764,10369,-0.00395337,-0.05088190,-0.00239824,-0.00395337,-9883.8276,2500103.8841,OK,0.0000,395.3531,4.0000,96.0000,AG03-UNRESOLVED,ALL5_LEVELS_bet23_to_bet27,395.3531,395.3531,395.3531,395.3531,395.3531,4.000000,4.000000,4.000000,4.000000,4.000000,96.000000,96.000000,96.000000,96.000000,96.000000,5.0,1976.7655,1824.8244,7907.0621,8059.0032,PENDING_AG03,FALSE,NOT_FOR_ENFORCEMENT,9488.4745,2189415.6736,9883.8276,9488.4745,395.3531,0.00395337,0.00379523,395.3531,9488.4745,0.00379523,395.3531,395.3531,395.3531,395.3531,395.3531,9488.4745,0.00379523,1976.7655,1824.8244,7907.0621,8059.0032,0.00316269,0.00322347,0.00015813,212.5216,219.9480,0.9532,119.0823,2.3972,30121.7335,124.9277,49.0469,238.9093,36.5364,75.9244,374.9013,749.8027,789.266,1183.8989,75.8035,-1.1839,10.395423,15.593133,2.799122,29,215,300,5,0.03207536,0.00395337,0.05088190,0E-8,0.000000,0.912219,0.000000,-0.04848366,2026-03-31,2026-08-01,83,4123,1621,124,0.669355,0.205295,0.230786,0.106918,,,,,,,,GLOBAL_BASELINE_NO_ENTITY_RANKING,,,NOT_APPLICABLE_GLOBAL_BASELINE,HF9g-P5,,,,X 全窗基线 · 不参与实体赏罚,15055919,1506,A168_HF9F_20260827_0900,2026-08-27 09:00:00
2026-06-02,92755421,2160,0,559.9422974717,189.8109482955,189.8109482955,0.6666667,3,3,0.49771390000000000,0.497713900000,0.5852756695216578,0.5852756695216578,0.5852756695216578,0E-17,ELIGIBLE,R03b_20260811_FULL_v1,L1_ELIGIBILITY,v2026-08-11,2026-03-21..2026-08-06,baccarat_bet02_101_all_pairs_incl_sentinel,round_win = game_pnl > 0 (decisive only),COMPATIBILITY_ONLY_NOT_PRODUCTION,2500103.8841,2280641.3266,9883.8276,11764,10369,-0.00395337,-0.05088190,-0.00239824,-0.00395337,-9883.8276,2500103.8841,OK,0.0000,395.3531,4.0000,96.0000,AG03-UNRESOLVED,ALL5_LEVELS_bet23_to_bet27,395.3531,395.3531,395.3531,395.3531,395.3531,4.000000,4.000000,4.000000,4.000000,4.000000,96.000000,96.000000,96.000000,96.000000,96.000000,5.0,1976.7655,1824.8244,7907.0621,8059.0032,PENDING_AG03,FALSE,NOT_FOR_ENFORCEMENT,9488.4745,2189415.6736,9883.8276,9488.4745,395.3531,0.00395337,0.00379523,395.3531,9488.4745,0.00379523,395.3531,395.3531,395.3531,395.3531,395.3531,9488.4745,0.00379523,1976.7655,1824.8244,7907.0621,8059.0032,0.00316269,0.00322347,0.00015813,212.5216,219.9480,0.9532,119.0823,2.3972,30121.7335,124.9277,49.0469,238.9093,36.5364,75.9244,374.9013,749.8027,789.266,1183.8989,75.8035,-1.1839,10.395423,15.593133,2.799122,29,215,300,5,0.03207536,0.00395337,0.05088190,0E-8,0.000000,0.912219,0.000000,-0.04848366,2026-03-31,2026-08-01,83,4123,1621,124,0.669355,0.205295,0.230786,0.106918,,,,,,,,GLOBAL_BASELINE_NO_ENTITY_RANKING,,,NOT_APPLICABLE_GLOBAL_BASELINE,HF9g-P5,,,,X 全窗基线 · 不参与实体赏罚,15055920,1506,A168_HF9F_20260827_0900,2026-08-27 09:00:00
2026-06-02,92755421,2169,0,2835.7755675348,709.8929466251,709.8929466251,0.6666667,15,15,0.50128862000000000,0.501288620000,1.1457765223579128,1.1457765223579128,1.1457765223579128,0E-17,ELIGIBLE,R03b_20260811_FULL_v1,L1_ELIGIBILITY,v2026-08-11,2026-03-21..2026-08-06,baccarat_bet02_101_all_pairs_incl_sentinel,round_win = game_pnl > 0 (decisive only),COMPATIBILITY_ONLY_NOT_PRODUCTION,2500103.8841,2280641.3266,9883.8276,11764,10369,-0.00395337,-0.05088190,-0.00239824,-0.00395337,-9883.8276,2500103.8841,OK,0.0000,395.3531,4.0000,96.0000,AG03-UNRESOLVED,ALL5_LEVELS_bet23_to_bet27,395.3531,395.3531,395.3531,395.3531,395.3531,4.000000,4.000000,4.000000,4.000000,4.000000,96.000000,96.000000,96.000000,96.000000,96.000000,5.0,1976.7655,1824.8244,7907.0621,8059.0032,PENDING_AG03,FALSE,NOT_FOR_ENFORCEMENT,9488.4745,2189415.6736,9883.8276,9488.4745,395.3531,0.00395337,0.00379523,395.3531,9488.4745,0.00379523,395.3531,395.3531,395.3531,395.3531,395.3531,9488.4745,0.00379523,1976.7655,1824.8244,7907.0621,8059.0032,0.00316269,0.00322347,0.00015813,212.5216,219.9480,0.9532,119.0823,2.3972,30121.7335,124.9277,49.0469,238.9093,36.5364,75.9244,374.9013,749.8027,789.266,1183.8989,75.8035,-1.1839,10.395423,15.593133,2.799122,29,215,300,5,0.03207536,0.00395337,0.05088190,0E-8,0.000000,0.912219,0.000000,-0.04848366,2026-03-31,2026-08-01,83,4123,1621,124,0.669355,0.205295,0.230786,0.106918,,,,,,,,GLOBAL_BASELINE_NO_ENTITY_RANKING,,,NOT_APPLICABLE_GLOBAL_BASELINE,HF9g-P5,,,,X 全窗基线 · 不参与实体赏罚,15055921,1506,A168_HF9F_20260827_0900,2026-08-27 09:00:00
2026-06-02,92755421,2171,0,1508.9970389492,351.1502543466,351.1502543466,0.6250000,8,8,0.49994810000000000,0.499948100000,0.7074003757330176,0.7074003757330176,0.7074003757330176,0E-17,ELIGIBLE,R03b_20260811_FULL_v1,L1_ELIGIBILITY,v2026-08-11,2026-03-21..2026-08-06,baccarat_bet02_101_all_pairs_incl_sentinel,round_win = game_pnl > 0 (decisive only),COMPATIBILITY_ONLY_NOT_PRODUCTION,2500103.8841,2280641.3266,9883.8276,11764,10369,-0.00395337,-0.05088190,-0.00239824,-0.00395337,-9883.8276,2500103.8841,OK,0.0000,395.3531,4.0000,96.0000,AG03-UNRESOLVED,ALL5_LEVELS_bet23_to_bet27,395.3531,395.3531,395.3531,395.3531,395.3531,4.000000,4.000000,4.000000,4.000000,4.000000,96.000000,96.000000,96.000000,96.000000,96.000000,5.0,1976.7655,1824.8244,7907.0621,8059.0032,PENDING_AG03,FALSE,NOT_FOR_ENFORCEMENT,9488.4745,2189415.6736,9883.8276,9488.4745,395.3531,0.00395337,0.00379523,395.3531,9488.4745,0.00379523,395.3531,395.3531,395.3531,395.3531,395.3531,9488.4745,0.00379523,1976.7655,1824.8244,7907.0621,8059.0032,0.00316269,0.00322347,0.00015813,212.5216,219.9480,0.9532,119.0823,2.3972,30121.7335,124.9277,49.0469,238.9093,36.5364,75.9244,374.9013,749.8027,789.266,1183.8989,75.8035,-1.1839,10.395423,15.593133,2.799122,29,215,300,5,0.03207536,0.00395337,0.05088190,0E-8,0.000000,0.912219,0.000000,-0.04848366,2026-03-31,2026-08-01,83,4123,1621,124,0.669355,0.205295,0.230786,0.106918,,,,,,,,GLOBAL_BASELINE_NO_ENTITY_RANKING,,,NOT_APPLICABLE_GLOBAL_BASELINE,HF9g-P5,,,,X 全窗基线 · 不参与实体赏罚,15055922,1506,A168_HF9F_20260827_0900,2026-08-27 09:00:00
2026-06-02,92755421,2175,0,189.8109482955,-189.8109482955,-189.8109482955,0E-7,1,1,0.50665070000000000,0.506650700000,-1.013391052207602,-1.013391052207602,-1.013391052207602,0E-17,ELIGIBLE,R03b_20260811_FULL_v1,L1_ELIGIBILITY,v2026-08-11,2026-03-21..2026-08-06,baccarat_bet02_101_all_pairs_incl_sentinel,round_win = game_pnl > 0 (decisive only),COMPATIBILITY_ONLY_NOT_PRODUCTION,2500103.8841,2280641.3266,9883.8276,11764,10369,-0.00395337,-0.05088190,-0.00239824,-0.00395337,-9883.8276,2500103.8841,OK,0.0000,395.3531,4.0000,96.0000,AG03-UNRESOLVED,ALL5_LEVELS_bet23_to_bet27,395.3531,395.3531,395.3531,395.3531,395.3531,4.000000,4.000000,4.000000,4.000000,4.000000,96.000000,96.000000,96.000000,96.000000,96.000000,5.0,1976.7655,1824.8244,7907.0621,8059.0032,PENDING_AG03,FALSE,NOT_FOR_ENFORCEMENT,9488.4745,2189415.6736,9883.8276,9488.4745,395.3531,0.00395337,0.00379523,395.3531,9488.4745,0.00379523,395.3531,395.3531,395.3531,395.3531,395.3531,9488.4745,0.00379523,1976.7655,1824.8244,7907.0621,8059.0032,0.00316269,0.00322347,0.00015813,212.5216,219.9480,0.9532,119.0823,2.3972,30121.7335,124.9277,49.0469,238.9093,36.5364,75.9244,374.9013,749.8027,789.266,1183.8989,75.8035,-1.1839,10.395423,15.593133,2.799122,29,215,300,5,0.03207536,0.00395337,0.05088190,0E-8,0.000000,0.912219,0.000000,-0.04848366,2026-03-31,2026-08-01,83,4123,1621,124,0.669355,0.205295,0.230786,0.106918,,,,,,,,GLOBAL_BASELINE_NO_ENTITY_RANKING,,,NOT_APPLICABLE_GLOBAL_BASELINE,HF9g-P5,,,,X 全窗基线 · 不参与实体赏罚,15055923,1506,A168_HF9F_20260827_0900,2026-08-27 09:00:00
2026-06-02,92755421,2196,0,573.2290638524,-383.4181155569,-383.4181155569,0E-7,4,3,0.49452556143791673,0.416411266667,-1.3988133577753368,-1.194600752967797,-1.3988133577753368,0.07811429477091673,ELIGIBLE,R03b_20260811_FULL_v1,L1_ELIGIBILITY,v2026-08-11,2026-03-21..2026-08-06,baccarat_bet02_101_all_pairs_incl_sentinel,round_win = game_pnl > 0 (decisive only),COMPATIBILITY_ONLY_NOT_PRODUCTION,2500103.8841,2280641.3266,9883.8276,11764,10369,-0.00395337,-0.05088190,-0.00239824,-0.00395337,-9883.8276,2500103.8841,OK,0.0000,395.3531,4.0000,96.0000,AG03-UNRESOLVED,ALL5_LEVELS_bet23_to_bet27,395.3531,395.3531,395.3531,395.3531,395.3531,4.000000,4.000000,4.000000,4.000000,4.000000,96.000000,96.000000,96.000000,96.000000,96.000000,5.0,1976.7655,1824.8244,7907.0621,8059.0032,PENDING_AG03,FALSE,NOT_FOR_ENFORCEMENT,9488.4745,2189415.6736,9883.8276,9488.4745,395.3531,0.00395337,0.00379523,395.3531,9488.4745,0.00379523,395.3531,395.3531,395.3531,395.3531,395.3531,9488.4745,0.00379523,1976.7655,1824.8244,7907.0621,8059.0032,0.00316269,0.00322347,0.00015813,212.5216,219.9480,0.9532,119.0823,2.3972,30121.7335,124.9277,49.0469,238.9093,36.5364,75.9244,374.9013,749.8027,789.266,1183.8989,75.8035,-1.1839,10.395423,15.593133,2.799122,29,215,300,5,0.03207536,0.00395337,0.05088190,0E-8,0.000000,0.912219,0.000000,-0.04848366,2026-03-31,2026-08-01,83,4123,1621,124,0.669355,0.205295,0.230786,0.106918,,,,,,,,GLOBAL_BASELINE_NO_ENTITY_RANKING,,,NOT_APPLICABLE_GLOBAL_BASELINE,HF9g-P5,,,,X 全窗基线 · 不参与实体赏罚,15055924,1506,A168_HF9F_20260827_0900,2026-08-27 09:00:00
2026-06-02,92755421,2205,0,272.5685217523,-272.5685217523,-272.5685217523,0E-7,4,3,0.33204670634922524,0.260508600000,-1.2212010467518861,-1.0280283608976142,-1.2212010467518861,0.07153810634922524,ELIGIBLE,R03b_20260811_FULL_v1,L1_ELIGIBILITY,v2026-08-11,2026-03-21..2026-08-06,baccarat_bet02_101_all_pairs_incl_sentinel,round_win = game_pnl > 0 (decisive only),COMPATIBILITY_ONLY_NOT_PRODUCTION,2500103.8841,2280641.3266,9883.8276,11764,10369,-0.00395337,-0.05088190,-0.00239824,-0.00395337,-9883.8276,2500103.8841,OK,0.0000,395.3531,4.0000,96.0000,AG03-UNRESOLVED,ALL5_LEVELS_bet23_to_bet27,395.3531,395.3531,395.3531,395.3531,395.3531,4.000000,4.000000,4.000000,4.000000,4.000000,96.000000,96.000000,96.000000,96.000000,96.000000,5.0,1976.7655,1824.8244,7907.0621,8059.0032,PENDING_AG03,FALSE,NOT_FOR_ENFORCEMENT,9488.4745,2189415.6736,9883.8276,9488.4745,395.3531,0.00395337,0.00379523,395.3531,9488.4745,0.00379523,395.3531,395.3531,395.3531,395.3531,395.3531,9488.4745,0.00379523,1976.7655,1824.8244,7907.0621,8059.0032,0.00316269,0.00322347,0.00015813,212.5216,219.9480,0.9532,119.0823,2.3972,30121.7335,124.9277,49.0469,238.9093,36.5364,75.9244,374.9013,749.8027,789.266,1183.8989,75.8035,-1.1839,10.395423,15.593133,2.799122,29,215,300,5,0.03207536,0.00395337,0.05088190,0E-8,0.000000,0.912219,0.000000,-0.04848366,2026-03-31,2026-08-01,83,4123,1621,124,0.669355,0.205295,0.230786,0.106918,,,,,,,,GLOBAL_BASELINE_NO_ENTITY_RANKING,,,NOT_APPLICABLE_GLOBAL_BASELINE,HF9g-P5,,,,X 全窗基线 · 不参与实体赏罚,15055925,1506,A168_HF9F_20260827_0900,2026-08-27 09:00:00
2026-06-02,92755421,2212,0,189.8109482955,-189.8109482955,-189.8109482955,0E-7,1,1,0.50665070000000000,0.506650700000,-1.013391052207602,-1.013391052207602,-1.013391052207602,0E-17,ELIGIBLE,R03b_20260811_FULL_v1,L1_ELIGIBILITY,v2026-08-11,2026-03-21..2026-08-06,baccarat_bet02_101_all_pairs_incl_sentinel,round_win = game_pnl > 0 (decisive only),COMPATIBILITY_ONLY_NOT_PRODUCTION,2500103.8841,2280641.3266,9883.8276,11764,10369,-0.00395337,-0.05088190,-0.00239824,-0.00395337,-9883.8276,2500103.8841,OK,0.0000,395.3531,4.0000,96.0000,AG03-UNRESOLVED,ALL5_LEVELS_bet23_to_bet27,395.3531,395.3531,395.3531,395.3531,395.3531,4.000000,4.000000,4.000000,4.000000,4.000000,96.000000,96.000000,96.000000,96.000000,96.000000,5.0,1976.7655,1824.8244,7907.0621,8059.0032,PENDING_AG03,FALSE,NOT_FOR_ENFORCEMENT,9488.4745,2189415.6736,9883.8276,9488.4745,395.3531,0.00395337,0.00379523,395.3531,9488.4745,0.00379523,395.3531,395.3531,395.3531,395.3531,395.3531,9488.4745,0.00379523,1976.7655,1824.8244,7907.0621,8059.0032,0.00316269,0.00322347,0.00015813,212.5216,219.9480,0.9532,119.0823,2.3972,30121.7335,124.9277,49.0469,238.9093,36.5364,75.9244,374.9013,749.8027,789.266,1183.8989,75.8035,-1.1839,10.395423,15.593133,2.799122,29,215,300,5,0.03207536,0.00395337,0.05088190,0E-8,0.000000,0.912219,0.000000,-0.04848366,2026-03-31,2026-08-01,83,4123,1621,124,0.669355,0.205295,0.230786,0.106918,,,,,,,,GLOBAL_BASELINE_NO_ENTITY_RANKING,,,NOT_APPLICABLE_GLOBAL_BASELINE,HF9g-P5,,,,X 全窗基线 · 不参与实体赏罚,15055926,1506,A168_HF9F_20260827_0900,2026-08-27 09:00:00
2026-06-02,92755421,2220,0,170.8298534659,-170.8298534659,-170.8298534659,0E-7,6,6,0.10013753333333333,0.100137533333,-0.8171203019170497,-0.8171203019155383,-0.8171203019170497,3.3333E-13,ELIGIBLE,R03b_20260811_FULL_v1,L1_ELIGIBILITY,v2026-08-11,2026-03-21..2026-08-06,baccarat_bet02_101_all_pairs_incl_sentinel,round_win = game_pnl > 0 (decisive only),COMPATIBILITY_ONLY_NOT_PRODUCTION,2500103.8841,2280641.3266,9883.8276,11764,10369,-0.00395337,-0.05088190,-0.00239824,-0.00395337,-9883.8276,2500103.8841,OK,0.0000,395.3531,4.0000,96.0000,AG03-UNRESOLVED,ALL5_LEVELS_bet23_to_bet27,395.3531,395.3531,395.3531,395.3531,395.3531,4.000000,4.000000,4.000000,4.000000,4.000000,96.000000,96.000000,96.000000,96.000000,96.000000,5.0,1976.7655,1824.8244,7907.0621,8059.0032,PENDING_AG03,FALSE,NOT_FOR_ENFORCEMENT,9488.4745,2189415.6736,9883.8276,9488.4745,395.3531,0.00395337,0.00379523,395.3531,9488.4745,0.00379523,395.3531,395.3531,395.3531,395.3531,395.3531,9488.4745,0.00379523,1976.7655,1824.8244,7907.0621,8059.0032,0.00316269,0.00322347,0.00015813,212.5216,219.9480,0.9532,119.0823,2.3972,30121.7335,124.9277,49.0469,238.9093,36.5364,75.9244,374.9013,749.8027,789.266,1183.8989,75.8035,-1.1839,10.395423,15.593133,2.799122,29,215,300,5,0.03207536,0.00395337,0.05088190,0E-8,0.000000,0.912219,0.000000,-0.04848366,2026-03-31,2026-08-01,83,4123,1621,124,0.669355,0.205295,0.230786,0.106918,,,,,,,,GLOBAL_BASELINE_NO_ENTITY_RANKING,,,NOT_APPLICABLE_GLOBAL_BASELINE,HF9g-P5,,,,X 全窗基线 · 不参与实体赏罚,15055927,1506,A168_HF9F_20260827_0900,2026-08-27 09:00:00
2026-06-02,92755421,2222,0,383.4181155569,-383.4181155569,-383.4181155569,0E-7,3,2,0.49529701568628652,0.381345450000,-1.4009734889791814,-1.1103251487403623,-1.4009734889791814,0.11395156568628652,ELIGIBLE,R03b_20260811_FULL_v1,L1_ELIGIBILITY,v2026-08-11,2026-03-21..2026-08-06,baccarat_bet02_101_all_pairs_incl_sentinel,round_win = game_pnl > 0 (decisive only),COMPATIBILITY_ONLY_NOT_PRODUCTION,2500103.8841,2280641.3266,9883.8276,11764,10369,-0.00395337,-0.05088190,-0.00239824,-0.00395337,-9883.8276,2500103.8841,OK,0.0000,395.3531,4.0000,96.0000,AG03-UNRESOLVED,ALL5_LEVELS_bet23_to_bet27,395.3531,395.3531,395.3531,395.3531,395.3531,4.000000,4.000000,4.000000,4.000000,4.000000,96.000000,96.000000,96.000000,96.000000,96.000000,5.0,1976.7655,1824.8244,7907.0621,8059.0032,PENDING_AG03,FALSE,NOT_FOR_ENFORCEMENT,9488.4745,2189415.6736,9883.8276,9488.4745,395.3531,0.00395337,0.00379523,395.3531,9488.4745,0.00379523,395.3531,395.3531,395.3531,395.3531,395.3531,9488.4745,0.00379523,1976.7655,1824.8244,7907.0621,8059.0032,0.00316269,0.00322347,0.00015813,212.5216,219.9480,0.9532,119.0823,2.3972,30121.7335,124.9277,49.0469,238.9093,36.5364,75.9244,374.9013,749.8027,789.266,1183.8989,75.8035,-1.1839,10.395423,15.593133,2.799122,29,215,300,5,0.03207536,0.00395337,0.05088190,0E-8,0.000000,0.912219,0.000000,-0.04848366,2026-03-31,2026-08-01,83,4123,1621,124,0.669355,0.205295,0.230786,0.106918,,,,,,,,GLOBAL_BASELINE_NO_ENTITY_RANKING,,,NOT_APPLICABLE_GLOBAL_BASELINE,HF9g-P5,,,,X 全窗基线 · 不参与实体赏罚,15055928,1506,A168_HF9F_20260827_0900,2026-08-27 09:00:00
2026-06-02,92755421,2229,0,189.8109482955,-189.8109482955,-189.8109482955,0E-7,1,1,0.49324550000000000,0.493245500000,-0.9865810262130424,-0.9865810262130424,-0.9865810262130424,0E-17,ELIGIBLE,R03b_20260811_FULL_v1,L1_ELIGIBILITY,v2026-08-11,2026-03-21..2026-08-06,baccarat_bet02_101_all_pairs_incl_sentinel,round_win = game_pnl > 0 (decisive only),COMPATIBILITY_ONLY_NOT_PRODUCTION,2500103.8841,2280641.3266,9883.8276,11764,10369,-0.00395337,-0.05088190,-0.00239824,-0.00395337,-9883.8276,2500103.8841,OK,0.0000,395.3531,4.0000,96.0000,AG03-UNRESOLVED,ALL5_LEVELS_bet23_to_bet27,395.3531,395.3531,395.3531,395.3531,395.3531,4.000000,4.000000,4.000000,4.000000,4.000000,96.000000,96.000000,96.000000,96.000000,96.000000,5.0,1976.7655,1824.8244,7907.0621,8059.0032,PENDING_AG03,FALSE,NOT_FOR_ENFORCEMENT,9488.4745,2189415.6736,9883.8276,9488.4745,395.3531,0.00395337,0.00379523,395.3531,9488.4745,0.00379523,395.3531,395.3531,395.3531,395.3531,395.3531,9488.4745,0.00379523,1976.7655,1824.8244,7907.0621,8059.0032,0.00316269,0.00322347,0.00015813,212.5216,219.9480,0.9532,119.0823,2.3972,30121.7335,124.9277,49.0469,238.9093,36.5364,75.9244,374.9013,749.8027,789.266,1183.8989,75.8035,-1.1839,10.395423,15.593133,2.799122,29,215,300,5,0.03207536,0.00395337,0.05088190,0E-8,0.000000,0.912219,0.000000,-0.04848366,2026-03-31,2026-08-01,83,4123,1621,124,0.669355,0.205295,0.230786,0.106918,,,,,,,,GLOBAL_BASELINE_NO_ENTITY_RANKING,,,NOT_APPLICABLE_GLOBAL_BASELINE,HF9g-P5,,,,X 全窗基线 · 不参与实体赏罚,15055929,1506,A168_HF9F_20260827_0900,2026-08-27 09:00:00
2026-06-02,92755421,2233,0,379.6218965910,-379.6218965910,-379.6218965910,0E-7,1,1,0.49324550000000000,0.493245500000,-0.9865810262130424,-0.9865810262130424,-0.9865810262130424,0E-17,ELIGIBLE,R03b_20260811_FULL_v1,L1_ELIGIBILITY,v2026-08-11,2026-03-21..2026-08-06,baccarat_bet02_101_all_pairs_incl_sentinel,round_win = game_pnl > 0 (decisive only),COMPATIBILITY_ONLY_NOT_PRODUCTION,2500103.8841,2280641.3266,9883.8276,11764,10369,-0.00395337,-0.05088190,-0.00239824,-0.00395337,-9883.8276,2500103.8841,OK,0.0000,395.3531,4.0000,96.0000,AG03-UNRESOLVED,ALL5_LEVELS_bet23_to_bet27,395.3531,395.3531,395.3531,395.3531,395.3531,4.000000,4.000000,4.000000,4.000000,4.000000,96.000000,96.000000,96.000000,96.000000,96.000000,5.0,1976.7655,1824.8244,7907.0621,8059.0032,PENDING_AG03,FALSE,NOT_FOR_ENFORCEMENT,9488.4745,2189415.6736,9883.8276,9488.4745,395.3531,0.00395337,0.00379523,395.3531,9488.4745,0.00379523,395.3531,395.3531,395.3531,395.3531,395.3531,9488.4745,0.00379523,1976.7655,1824.8244,7907.0621,8059.0032,0.00316269,0.00322347,0.00015813,212.5216,219.9480,0.9532,119.0823,2.3972,30121.7335,124.9277,49.0469,238.9093,36.5364,75.9244,374.9013,749.8027,789.266,1183.8989,75.8035,-1.1839,10.395423,15.593133,2.799122,29,215,300,5,0.03207536,0.00395337,0.05088190,0E-8,0.000000,0.912219,0.000000,-0.04848366,2026-03-31,2026-08-01,83,4123,1621,124,0.669355,0.205295,0.230786,0.106918,,,,,,,,GLOBAL_BASELINE_NO_ENTITY_RANKING,,,NOT_APPLICABLE_GLOBAL_BASELINE,HF9g-P5,,,,X 全窗基线 · 不参与实体赏罚,15055930,1506,A168_HF9F_20260827_0900,2026-08-27 09:00:00
2026-06-02,92755421,2234,0,569.4328448865,0E-10,0E-10,0.5000000,3,3,0.50218230000000000,0.502182300000,-0.00617253530718887,-0.00617253530718887,-0.00617253530718887,0E-17,ELIGIBLE,R03b_20260811_FULL_v1,L1_ELIGIBILITY,v2026-08-11,2026-03-21..2026-08-06,baccarat_bet02_101_all_pairs_incl_sentinel,round_win = game_pnl > 0 (decisive only),COMPATIBILITY_ONLY_NOT_PRODUCTION,2500103.8841,2280641.3266,9883.8276,11764,10369,-0.00395337,-0.05088190,-0.00239824,-0.00395337,-9883.8276,2500103.8841,OK,0.0000,395.3531,4.0000,96.0000,AG03-UNRESOLVED,ALL5_LEVELS_bet23_to_bet27,395.3531,395.3531,395.3531,395.3531,395.3531,4.000000,4.000000,4.000000,4.000000,4.000000,96.000000,96.000000,96.000000,96.000000,96.000000,5.0,1976.7655,1824.8244,7907.0621,8059.0032,PENDING_AG03,FALSE,NOT_FOR_ENFORCEMENT,9488.4745,2189415.6736,9883.8276,9488.4745,395.3531,0.00395337,0.00379523,395.3531,9488.4745,0.00379523,395.3531,395.3531,395.3531,395.3531,395.3531,9488.4745,0.00379523,1976.7655,1824.8244,7907.0621,8059.0032,0.00316269,0.00322347,0.00015813,212.5216,219.9480,0.9532,119.0823,2.3972,30121.7335,124.9277,49.0469,238.9093,36.5364,75.9244,374.9013,749.8027,789.266,1183.8989,75.8035,-1.1839,10.395423,15.593133,2.799122,29,215,300,5,0.03207536,0.00395337,0.05088190,0E-8,0.000000,0.912219,0.000000,-0.04848366,2026-03-31,2026-08-01,83,4123,1621,124,0.669355,0.205295,0.230786,0.106918,,,,,,,,GLOBAL_BASELINE_NO_ENTITY_RANKING,,,NOT_APPLICABLE_GLOBAL_BASELINE,HF9g-P5,,,,X 全窗基线 · 不参与实体赏罚,15055931,1506,A168_HF9F_20260827_0900,2026-08-27 09:00:00
2026-06-02,92755421,2248,0,379.6218965910,-379.6218965910,-379.6218965910,0E-7,2,2,0.49994810000000000,0.499948100000,-1.4140667746232096,-1.4140667746232096,-1.4140667746232096,0E-17,ELIGIBLE,R03b_20260811_FULL_v1,L1_ELIGIBILITY,v2026-08-11,2026-03-21..2026-08-06,baccarat_bet02_101_all_pairs_incl_sentinel,round_win = game_pnl > 0 (decisive only),COMPATIBILITY_ONLY_NOT_PRODUCTION,2500103.8841,2280641.3266,9883.8276,11764,10369,-0.00395337,-0.05088190,-0.00239824,-0.00395337,-9883.8276,2500103.8841,OK,0.0000,395.3531,4.0000,96.0000,AG03-UNRESOLVED,ALL5_LEVELS_bet23_to_bet27,395.3531,395.3531,395.3531,395.3531,395.3531,4.000000,4.000000,4.000000,4.000000,4.000000,96.000000,96.000000,96.000000,96.000000,96.000000,5.0,1976.7655,1824.8244,7907.0621,8059.0032,PENDING_AG03,FALSE,NOT_FOR_ENFORCEMENT,9488.4745,2189415.6736,9883.8276,9488.4745,395.3531,0.00395337,0.00379523,395.3531,9488.4745,0.00379523,395.3531,395.3531,395.3531,395.3531,395.3531,9488.4745,0.00379523,1976.7655,1824.8244,7907.0621,8059.0032,0.00316269,0.00322347,0.00015813,212.5216,219.9480,0.9532,119.0823,2.3972,30121.7335,124.9277,49.0469,238.9093,36.5364,75.9244,374.9013,749.8027,789.266,1183.8989,75.8035,-1.1839,10.395423,15.593133,2.799122,29,215,300,5,0.03207536,0.00395337,0.05088190,0E-8,0.000000,0.912219,0.000000,-0.04848366,2026-03-31,2026-08-01,83,4123,1621,124,0.669355,0.205295,0.230786,0.106918,,,,,,,,GLOBAL_BASELINE_NO_ENTITY_RANKING,,,NOT_APPLICABLE_GLOBAL_BASELINE,HF9g-P5,,,,X 全窗基线 · 不参与实体赏罚,15055932,1506,A168_HF9F_20260827_0900,2026-08-27 09:00:00
2026-06-02,92755421,2250,0,379.6218965910,-379.6218965910,-379.6218965910,0E-7,2,2,0.50665070000000000,0.506650700000,-1.4331513700195317,-1.4331513700195317,-1.4331513700195317,0E-17,ELIGIBLE,R03b_20260811_FULL_v1,L1_ELIGIBILITY,v2026-08-11,2026-03-21..2026-08-06,baccarat_bet02_101_all_pairs_incl_sentinel,round_win = game_pnl > 0 (decisive only),COMPATIBILITY_ONLY_NOT_PRODUCTION,2500103.8841,2280641.3266,9883.8276,11764,10369,-0.00395337,-0.05088190,-0.00239824,-0.00395337,-9883.8276,2500103.8841,OK,0.0000,395.3531,4.0000,96.0000,AG03-UNRESOLVED,ALL5_LEVELS_bet23_to_bet27,395.3531,395.3531,395.3531,395.3531,395.3531,4.000000,4.000000,4.000000,4.000000,4.000000,96.000000,96.000000,96.000000,96.000000,96.000000,5.0,1976.7655,1824.8244,7907.0621,8059.0032,PENDING_AG03,FALSE,NOT_FOR_ENFORCEMENT,9488.4745,2189415.6736,9883.8276,9488.4745,395.3531,0.00395337,0.00379523,395.3531,9488.4745,0.00379523,395.3531,395.3531,395.3531,395.3531,395.3531,9488.4745,0.00379523,1976.7655,1824.8244,7907.0621,8059.0032,0.00316269,0.00322347,0.00015813,212.5216,219.9480,0.9532,119.0823,2.3972,30121.7335,124.9277,49.0469,238.9093,36.5364,75.9244,374.9013,749.8027,789.266,1183.8989,75.8035,-1.1839,10.395423,15.593133,2.799122,29,215,300,5,0.03207536,0.00395337,0.05088190,0E-8,0.000000,0.912219,0.000000,-0.04848366,2026-03-31,2026-08-01,83,4123,1621,124,0.669355,0.205295,0.230786,0.106918,,,,,,,,GLOBAL_BASELINE_NO_ENTITY_RANKING,,,NOT_APPLICABLE_GLOBAL_BASELINE,HF9g-P5,,,,X 全窗基线 · 不参与实体赏罚,15055933,1506,A168_HF9F_20260827_0900,2026-08-27 09:00:00
2026-06-02,92755421,2251,0,1119.8845949434,341.6597069318,341.6597069318,0.6666667,3,3,0.49771390000000000,0.497713900000,0.5852756695216578,0.5852756695216578,0.5852756695216578,0E-17,ELIGIBLE,R03b_20260811_FULL_v1,L1_ELIGIBILITY,v2026-08-11,2026-03-21..2026-08-06,baccarat_bet02_101_all_pairs_incl_sentinel,round_win = game_pnl > 0 (decisive only),COMPATIBILITY_ONLY_NOT_PRODUCTION,2500103.8841,2280641.3266,9883.8276,11764,10369,-0.00395337,-0.05088190,-0.00239824,-0.00395337,-9883.8276,2500103.8841,OK,0.0000,395.3531,4.0000,96.0000,AG03-UNRESOLVED,ALL5_LEVELS_bet23_to_bet27,395.3531,395.3531,395.3531,395.3531,395.3531,4.000000,4.000000,4.000000,4.000000,4.000000,96.000000,96.000000,96.000000,96.000000,96.000000,5.0,1976.7655,1824.8244,7907.0621,8059.0032,PENDING_AG03,FALSE,NOT_FOR_ENFORCEMENT,9488.4745,2189415.6736,9883.8276,9488.4745,395.3531,0.00395337,0.00379523,395.3531,9488.4745,0.00379523,395.3531,395.3531,395.3531,395.3531,395.3531,9488.4745,0.00379523,1976.7655,1824.8244,7907.0621,8059.0032,0.00316269,0.00322347,0.00015813,212.5216,219.9480,0.9532,119.0823,2.3972,30121.7335,124.9277,49.0469,238.9093,36.5364,75.9244,374.9013,749.8027,789.266,1183.8989,75.8035,-1.1839,10.395423,15.593133,2.799122,29,215,300,5,0.03207536,0.00395337,0.05088190,0E-8,0.000000,0.912219,0.000000,-0.04848366,2026-03-31,2026-08-01,83,4123,1621,124,0.669355,0.205295,0.230786,0.106918,,,,,,,,GLOBAL_BASELINE_NO_ENTITY_RANKING,,,NOT_APPLICABLE_GLOBAL_BASELINE,HF9g-P5,,,,X 全窗基线 · 不参与实体赏罚,15055934,1506,A168_HF9F_20260827_0900,2026-08-27 09:00:00
2026-06-02,92755421,2254,0,379.6218965910,-379.6218965910,-379.6218965910,0E-7,1,1,0.50665070000000000,0.506650700000,-1.013391052207602,-1.013391052207602,-1.013391052207602,0E-17,ELIGIBLE,R03b_20260811_FULL_v1,L1_ELIGIBILITY,v2026-08-11,2026-03-21..2026-08-06,baccarat_bet02_101_all_pairs_incl_sentinel,round_win = game_pnl > 0 (decisive only),COMPATIBILITY_ONLY_NOT_PRODUCTION,2500103.8841,2280641.3266,9883.8276,11764,10369,-0.00395337,-0.05088190,-0.00239824,-0.00395337,-9883.8276,2500103.8841,OK,0.0000,395.3531,4.0000,96.0000,AG03-UNRESOLVED,ALL5_LEVELS_bet23_to_bet27,395.3531,395.3531,395.3531,395.3531,395.3531,4.000000,4.000000,4.000000,4.000000,4.000000,96.000000,96.000000,96.000000,96.000000,96.000000,5.0,1976.7655,1824.8244,7907.0621,8059.0032,PENDING_AG03,FALSE,NOT_FOR_ENFORCEMENT,9488.4745,2189415.6736,9883.8276,9488.4745,395.3531,0.00395337,0.00379523,395.3531,9488.4745,0.00379523,395.3531,395.3531,395.3531,395.3531,395.3531,9488.4745,0.00379523,1976.7655,1824.8244,7907.0621,8059.0032,0.00316269,0.00322347,0.00015813,212.5216,219.9480,0.9532,119.0823,2.3972,30121.7335,124.9277,49.0469,238.9093,36.5364,75.9244,374.9013,749.8027,789.266,1183.8989,75.8035,-1.1839,10.395423,15.593133,2.799122,29,215,300,5,0.03207536,0.00395337,0.05088190,0E-8,0.000000,0.912219,0.000000,-0.04848366,2026-03-31,2026-08-01,83,4123,1621,124,0.669355,0.205295,0.230786,0.106918,,,,,,,,GLOBAL_BASELINE_NO_ENTITY_RANKING,,,NOT_APPLICABLE_GLOBAL_BASELINE,HF9g-P5,,,,X 全窗基线 · 不参与实体赏罚,15055935,1506,A168_HF9F_20260827_0900,2026-08-27 09:00:00
2026-06-02,92755421,2267,0,1660.8457975856,-230.0508693342,-230.0508693342,0.5000000,6,5,0.50282185811762002,0.455188080000,-0.011287612235788034,0.17997194359409932,-0.011287612235788034,0.04763377811762002,ELIGIBLE,R03b_20260811_FULL_v1,L1_ELIGIBILITY,v2026-08-11,2026-03-21..2026-08-06,baccarat_bet02_101_all_pairs_incl_sentinel,round_win = game_pnl > 0 (decisive only),COMPATIBILITY_ONLY_NOT_PRODUCTION,2500103.8841,2280641.3266,9883.8276,11764,10369,-0.00395337,-0.05088190,-0.00239824,-0.00395337,-9883.8276,2500103.8841,OK,0.0000,395.3531,4.0000,96.0000,AG03-UNRESOLVED,ALL5_LEVELS_bet23_to_bet27,395.3531,395.3531,395.3531,395.3531,395.3531,4.000000,4.000000,4.000000,4.000000,4.000000,96.000000,96.000000,96.000000,96.000000,96.000000,5.0,1976.7655,1824.8244,7907.0621,8059.0032,PENDING_AG03,FALSE,NOT_FOR_ENFORCEMENT,9488.4745,2189415.6736,9883.8276,9488.4745,395.3531,0.00395337,0.00379523,395.3531,9488.4745,0.00379523,395.3531,395.3531,395.3531,395.3531,395.3531,9488.4745,0.00379523,1976.7655,1824.8244,7907.0621,8059.0032,0.00316269,0.00322347,0.00015813,212.5216,219.9480,0.9532,119.0823,2.3972,30121.7335,124.9277,49.0469,238.9093,36.5364,75.9244,374.9013,749.8027,789.266,1183.8989,75.8035,-1.1839,10.395423,15.593133,2.799122,29,215,300,5,0.03207536,0.00395337,0.05088190,0E-8,0.000000,0.912219,0.000000,-0.04848366,2026-03-31,2026-08-01,83,4123,1621,124,0.669355,0.205295,0.230786,0.106918,,,,,,,,GLOBAL_BASELINE_NO_ENTITY_RANKING,,,NOT_APPLICABLE_GLOBAL_BASELINE,HF9g-P5,,,,X 全窗基线 · 不参与实体赏罚,15055936,1506,A168_HF9F_20260827_0900,2026-08-27 09:00:00
2026-06-02,92755421,2276,0,189.8109482955,-189.8109482955,-189.8109482955,0E-7,1,1,0.50665070000000000,0.506650700000,-1.013391052207602,-1.013391052207602,-1.013391052207602,0E-17,ELIGIBLE,R03b_20260811_FULL_v1,L1_ELIGIBILITY,v2026-08-11,2026-03-21..2026-08-06,baccarat_bet02_101_all_pairs_incl_sentinel,round_win = game_pnl > 0 (decisive only),COMPATIBILITY_ONLY_NOT_PRODUCTION,2500103.8841,2280641.3266,9883.8276,11764,10369,-0.00395337,-0.05088190,-0.00239824,-0.00395337,-9883.8276,2500103.8841,OK,0.0000,395.3531,4.0000,96.0000,AG03-UNRESOLVED,ALL5_LEVELS_bet23_to_bet27,395.3531,395.3531,395.3531,395.3531,395.3531,4.000000,4.000000,4.000000,4.000000,4.000000,96.000000,96.000000,96.000000,96.000000,96.000000,5.0,1976.7655,1824.8244,7907.0621,8059.0032,PENDING_AG03,FALSE,NOT_FOR_ENFORCEMENT,9488.4745,2189415.6736,9883.8276,9488.4745,395.3531,0.00395337,0.00379523,395.3531,9488.4745,0.00379523,395.3531,395.3531,395.3531,395.3531,395.3531,9488.4745,0.00379523,1976.7655,1824.8244,7907.0621,8059.0032,0.00316269,0.00322347,0.00015813,212.5216,219.9480,0.9532,119.0823,2.3972,30121.7335,124.9277,49.0469,238.9093,36.5364,75.9244,374.9013,749.8027,789.266,1183.8989,75.8035,-1.1839,10.395423,15.593133,2.799122,29,215,300,5,0.03207536,0.00395337,0.05088190,0E-8,0.000000,0.912219,0.000000,-0.04848366,2026-03-31,2026-08-01,83,4123,1621,124,0.669355,0.205295,0.230786,0.106918,,,,,,,,GLOBAL_BASELINE_NO_ENTITY_RANKING,,,NOT_APPLICABLE_GLOBAL_BASELINE,HF9g-P5,,,,X 全窗基线 · 不参与实体赏罚,15055937,1506,A168_HF9F_20260827_0900,2026-08-27 09:00:00
2026-06-02,92755421,462,0,379.6218965910,-379.6218965910,-379.6218965910,0E-7,1,1,0.50665070000000000,0.506650700000,-1.013391052207602,-1.013391052207602,-1.013391052207602,0E-17,ELIGIBLE,R03b_20260811_FULL_v1,L1_ELIGIBILITY,v2026-08-11,2026-03-21..2026-08-06,baccarat_bet02_101_all_pairs_incl_sentinel,round_win = game_pnl > 0 (decisive only),COMPATIBILITY_ONLY_NOT_PRODUCTION,2500103.8841,2280641.3266,9883.8276,11764,10369,-0.00395337,-0.05088190,-0.00239824,-0.00395337,-9883.8276,2500103.8841,OK,0.0000,395.3531,4.0000,96.0000,AG03-UNRESOLVED,ALL5_LEVELS_bet23_to_bet27,395.3531,395.3531,395.3531,395.3531,395.3531,4.000000,4.000000,4.000000,4.000000,4.000000,96.000000,96.000000,96.000000,96.000000,96.000000,5.0,1976.7655,1824.8244,7907.0621,8059.0032,PENDING_AG03,FALSE,NOT_FOR_ENFORCEMENT,9488.4745,2189415.6736,9883.8276,9488.4745,395.3531,0.00395337,0.00379523,395.3531,9488.4745,0.00379523,395.3531,395.3531,395.3531,395.3531,395.3531,9488.4745,0.00379523,1976.7655,1824.8244,7907.0621,8059.0032,0.00316269,0.00322347,0.00015813,212.5216,219.9480,0.9532,119.0823,2.3972,30121.7335,124.9277,49.0469,238.9093,36.5364,75.9244,374.9013,749.8027,789.266,1183.8989,75.8035,-1.1839,10.395423,15.593133,2.799122,29,215,300,5,0.03207536,0.00395337,0.05088190,0E-8,0.000000,0.912219,0.000000,-0.04848366,2026-03-31,2026-08-01,83,4123,1621,124,0.669355,0.205295,0.230786,0.106918,,,,,,,,GLOBAL_BASELINE_NO_ENTITY_RANKING,,,NOT_APPLICABLE_GLOBAL_BASELINE,HF9g-P5,,,,X 全窗基线 · 不参与实体赏罚,15055938,1506,A168_HF9F_20260827_0900,2026-08-27 09:00:00
2026-06-02,92755421,550,0,955.8879356161,-280.5405815807,-280.5405815807,0.2000000,7,5,0.50056689473479265,0.407747020000,-1.344176880781599,-0.9453024420504853,-1.344176880781599,0.09281987473479265,ELIGIBLE,R03b_20260811_FULL_v1,L1_ELIGIBILITY,v2026-08-11,2026-03-21..2026-08-06,baccarat_bet02_101_all_pairs_incl_sentinel,round_win = game_pnl > 0 (decisive only),COMPATIBILITY_ONLY_NOT_PRODUCTION,2500103.8841,2280641.3266,9883.8276,11764,10369,-0.00395337,-0.05088190,-0.00239824,-0.00395337,-9883.8276,2500103.8841,OK,0.0000,395.3531,4.0000,96.0000,AG03-UNRESOLVED,ALL5_LEVELS_bet23_to_bet27,395.3531,395.3531,395.3531,395.3531,395.3531,4.000000,4.000000,4.000000,4.000000,4.000000,96.000000,96.000000,96.000000,96.000000,96.000000,5.0,1976.7655,1824.8244,7907.0621,8059.0032,PENDING_AG03,FALSE,NOT_FOR_ENFORCEMENT,9488.4745,2189415.6736,9883.8276,9488.4745,395.3531,0.00395337,0.00379523,395.3531,9488.4745,0.00379523,395.3531,395.3531,395.3531,395.3531,395.3531,9488.4745,0.00379523,1976.7655,1824.8244,7907.0621,8059.0032,0.00316269,0.00322347,0.00015813,212.5216,219.9480,0.9532,119.0823,2.3972,30121.7335,124.9277,49.0469,238.9093,36.5364,75.9244,374.9013,749.8027,789.266,1183.8989,75.8035,-1.1839,10.395423,15.593133,2.799122,29,215,300,5,0.03207536,0.00395337,0.05088190,0E-8,0.000000,0.912219,0.000000,-0.04848366,2026-03-31,2026-08-01,83,4123,1621,124,0.669355,0.205295,0.230786,0.106918,,,,,,,,GLOBAL_BASELINE_NO_ENTITY_RANKING,,,NOT_APPLICABLE_GLOBAL_BASELINE,HF9g-P5,,,,X 全窗基线 · 不参与实体赏罚,15055939,1506,A168_HF9F_20260827_0900,2026-08-27 09:00:00
2026-06-02,92755421,772,0,1100.9035001138,0E-10,0E-10,0.5000000,3,3,0.49771390000000000,0.497713900000,0.006466134837551399,0.0064661348375514,0.006466134837551399,0E-17,ELIGIBLE,R03b_20260811_FULL_v1,L1_ELIGIBILITY,v2026-08-11,2026-03-21..2026-08-06,baccarat_bet02_101_all_pairs_incl_sentinel,round_win = game_pnl > 0 (decisive only),COMPATIBILITY_ONLY_NOT_PRODUCTION,2500103.8841,2280641.3266,9883.8276,11764,10369,-0.00395337,-0.05088190,-0.00239824,-0.00395337,-9883.8276,2500103.8841,OK,0.0000,395.3531,4.0000,96.0000,AG03-UNRESOLVED,ALL5_LEVELS_bet23_to_bet27,395.3531,395.3531,395.3531,395.3531,395.3531,4.000000,4.000000,4.000000,4.000000,4.000000,96.000000,96.000000,96.000000,96.000000,96.000000,5.0,1976.7655,1824.8244,7907.0621,8059.0032,PENDING_AG03,FALSE,NOT_FOR_ENFORCEMENT,9488.4745,2189415.6736,9883.8276,9488.4745,395.3531,0.00395337,0.00379523,395.3531,9488.4745,0.00379523,395.3531,395.3531,395.3531,395.3531,395.3531,9488.4745,0.00379523,1976.7655,1824.8244,7907.0621,8059.0032,0.00316269,0.00322347,0.00015813,212.5216,219.9480,0.9532,119.0823,2.3972,30121.7335,124.9277,49.0469,238.9093,36.5364,75.9244,374.9013,749.8027,789.266,1183.8989,75.8035,-1.1839,10.395423,15.593133,2.799122,29,215,300,5,0.03207536,0.00395337,0.05088190,0E-8,0.000000,0.912219,0.000000,-0.04848366,2026-03-31,2026-08-01,83,4123,1621,124,0.669355,0.205295,0.230786,0.106918,,,,,,,,GLOBAL_BASELINE_NO_ENTITY_RANKING,,,NOT_APPLICABLE_GLOBAL_BASELINE,HF9g-P5,,,,X 全窗基线 · 不参与实体赏罚,15055940,1506,A168_HF9F_20260827_0900,2026-08-27 09:00:00
2026-06-06,92755421,-1,1,472.6292612555,-209.7410978665,-209.7410978665,0.2857143,19,16,0.49649368328168830,0.457147756250,-1.5773673653718354,-1.2876283205492314,-1.5773673653718354,0.03934592703168830,SENTINEL_DEALER,R03b_20260811_FULL_v1,L1_ELIGIBILITY,v2026-08-11,2026-03-21..2026-08-06,baccarat_bet02_101_all_pairs_incl_sentinel,round_win = game_pnl > 0 (decisive only),COMPATIBILITY_ONLY_NOT_PRODUCTION,2500103.8841,2280641.3266,9883.8276,11764,10369,-0.00395337,-0.05088190,-0.00239824,-0.00395337,-9883.8276,2500103.8841,OK,0.0000,395.3531,4.0000,96.0000,AG03-UNRESOLVED,ALL5_LEVELS_bet23_to_bet27,395.3531,395.3531,395.3531,395.3531,395.3531,4.000000,4.000000,4.000000,4.000000,4.000000,96.000000,96.000000,96.000000,96.000000,96.000000,5.0,1976.7655,1824.8244,7907.0621,8059.0032,PENDING_AG03,FALSE,NOT_FOR_ENFORCEMENT,9488.4745,2189415.6736,9883.8276,9488.4745,395.3531,0.00395337,0.00379523,395.3531,9488.4745,0.00379523,395.3531,395.3531,395.3531,395.3531,395.3531,9488.4745,0.00379523,1976.7655,1824.8244,7907.0621,8059.0032,0.00316269,0.00322347,0.00015813,212.5216,219.9480,0.9532,119.0823,2.3972,30121.7335,124.9277,49.0469,238.9093,36.5364,75.9244,374.9013,749.8027,789.266,1183.8989,75.8035,-1.1839,10.395423,15.593133,2.799122,29,215,300,5,0.03207536,0.00395337,0.05088190,0E-8,0.000000,0.912219,0.000000,-0.04848366,2026-03-31,2026-08-01,83,4123,1621,124,0.669355,0.205295,0.230786,0.106918,,,,,,,,GLOBAL_BASELINE_NO_ENTITY_RANKING,,,NOT_APPLICABLE_GLOBAL_BASELINE,HF9g-P5,,,,X 全窗基线 · 不参与实体赏罚,15055941,1506,A168_HF9F_20260827_0900,2026-08-27 09:00:00
2026-06-06,92755421,1017,0,36.0640801761,36.0640801761,36.0640801761,1.0000000,1,1,0.49324550000000000,0.493245500000,1.01360149184955,1.01360149184955,1.01360149184955,0E-17,ELIGIBLE,R03b_20260811_FULL_v1,L1_ELIGIBILITY,v2026-08-11,2026-03-21..2026-08-06,baccarat_bet02_101_all_pairs_incl_sentinel,round_win = game_pnl > 0 (decisive only),COMPATIBILITY_ONLY_NOT_PRODUCTION,2500103.8841,2280641.3266,9883.8276,11764,10369,-0.00395337,-0.05088190,-0.00239824,-0.00395337,-9883.8276,2500103.8841,OK,0.0000,395.3531,4.0000,96.0000,AG03-UNRESOLVED,ALL5_LEVELS_bet23_to_bet27,395.3531,395.3531,395.3531,395.3531,395.3531,4.000000,4.000000,4.000000,4.000000,4.000000,96.000000,96.000000,96.000000,96.000000,96.000000,5.0,1976.7655,1824.8244,7907.0621,8059.0032,PENDING_AG03,FALSE,NOT_FOR_ENFORCEMENT,9488.4745,2189415.6736,9883.8276,9488.4745,395.3531,0.00395337,0.00379523,395.3531,9488.4745,0.00379523,395.3531,395.3531,395.3531,395.3531,395.3531,9488.4745,0.00379523,1976.7655,1824.8244,7907.0621,8059.0032,0.00316269,0.00322347,0.00015813,212.5216,219.9480,0.9532,119.0823,2.3972,30121.7335,124.9277,49.0469,238.9093,36.5364,75.9244,374.9013,749.8027,789.266,1183.8989,75.8035,-1.1839,10.395423,15.593133,2.799122,29,215,300,5,0.03207536,0.00395337,0.05088190,0E-8,0.000000,0.912219,0.000000,-0.04848366,2026-03-31,2026-08-01,83,4123,1621,124,0.669355,0.205295,0.230786,0.106918,,,,,,,,GLOBAL_BASELINE_NO_ENTITY_RANKING,,,NOT_APPLICABLE_GLOBAL_BASELINE,HF9g-P5,,,,X 全窗基线 · 不参与实体赏罚,15055942,1506,A168_HF9F_20260827_0900,2026-08-27 09:00:00
2026-06-06,92755421,1151,0,146.1544301874,36.0640801761,36.0640801761,0.6666667,4,4,0.49994810000000000,0.499948100000,0.5775300591747329,0.5775300591747329,0.5775300591747329,0E-17,ELIGIBLE,R03b_20260811_FULL_v1,L1_ELIGIBILITY,v2026-08-11,2026-03-21..2026-08-06,baccarat_bet02_101_all_pairs_incl_sentinel,round_win = game_pnl > 0 (decisive only),COMPATIBILITY_ONLY_NOT_PRODUCTION,2500103.8841,2280641.3266,9883.8276,11764,10369,-0.00395337,-0.05088190,-0.00239824,-0.00395337,-9883.8276,2500103.8841,OK,0.0000,395.3531,4.0000,96.0000,AG03-UNRESOLVED,ALL5_LEVELS_bet23_to_bet27,395.3531,395.3531,395.3531,395.3531,395.3531,4.000000,4.000000,4.000000,4.000000,4.000000,96.000000,96.000000,96.000000,96.000000,96.000000,5.0,1976.7655,1824.8244,7907.0621,8059.0032,PENDING_AG03,FALSE,NOT_FOR_ENFORCEMENT,9488.4745,2189415.6736,9883.8276,9488.4745,395.3531,0.00395337,0.00379523,395.3531,9488.4745,0.00379523,395.3531,395.3531,395.3531,395.3531,395.3531,9488.4745,0.00379523,1976.7655,1824.8244,7907.0621,8059.0032,0.00316269,0.00322347,0.00015813,212.5216,219.9480,0.9532,119.0823,2.3972,30121.7335,124.9277,49.0469,238.9093,36.5364,75.9244,374.9013,749.8027,789.266,1183.8989,75.8035,-1.1839,10.395423,15.593133,2.799122,29,215,300,5,0.03207536,0.00395337,0.05088190,0E-8,0.000000,0.912219,0.000000,-0.04848366,2026-03-31,2026-08-01,83,4123,1621,124,0.669355,0.205295,0.230786,0.106918,,,,,,,,GLOBAL_BASELINE_NO_ENTITY_RANKING,,,NOT_APPLICABLE_GLOBAL_BASELINE,HF9g-P5,,,,X 全窗基线 · 不参与实体赏罚,15055943,1506,A168_HF9F_20260827_0900,2026-08-27 09:00:00
2026-06-06,92755421,1221,0,74.0262698352,0E-10,0E-10,0.5000000,2,2,0.49994810000000000,0.499948100000,0.00014679536856514622,0.00014679536856514622,0.00014679536856514622,0E-17,ELIGIBLE,R03b_20260811_FULL_v1,L1_ELIGIBILITY,v2026-08-11,2026-03-21..2026-08-06,baccarat_bet02_101_all_pairs_incl_sentinel,round_win = game_pnl > 0 (decisive only),COMPATIBILITY_ONLY_NOT_PRODUCTION,2500103.8841,2280641.3266,9883.8276,11764,10369,-0.00395337,-0.05088190,-0.00239824,-0.00395337,-9883.8276,2500103.8841,OK,0.0000,395.3531,4.0000,96.0000,AG03-UNRESOLVED,ALL5_LEVELS_bet23_to_bet27,395.3531,395.3531,395.3531,395.3531,395.3531,4.000000,4.000000,4.000000,4.000000,4.000000,96.000000,96.000000,96.000000,96.000000,96.000000,5.0,1976.7655,1824.8244,7907.0621,8059.0032,PENDING_AG03,FALSE,NOT_FOR_ENFORCEMENT,9488.4745,2189415.6736,9883.8276,9488.4745,395.3531,0.00395337,0.00379523,395.3531,9488.4745,0.00379523,395.3531,395.3531,395.3531,395.3531,395.3531,9488.4745,0.00379523,1976.7655,1824.8244,7907.0621,8059.0032,0.00316269,0.00322347,0.00015813,212.5216,219.9480,0.9532,119.0823,2.3972,30121.7335,124.9277,49.0469,238.9093,36.5364,75.9244,374.9013,749.8027,789.266,1183.8989,75.8035,-1.1839,10.395423,15.593133,2.799122,29,215,300,5,0.03207536,0.00395337,0.05088190,0E-8,0.000000,0.912219,0.000000,-0.04848366,2026-03-31,2026-08-01,83,4123,1621,124,0.669355,0.205295,0.230786,0.106918,,,,,,,,GLOBAL_BASELINE_NO_ENTITY_RANKING,,,NOT_APPLICABLE_GLOBAL_BASELINE,HF9g-P5,,,,X 全窗基线 · 不参与实体赏罚,15055944,1506,A168_HF9F_20260827_0900,2026-08-27 09:00:00
2026-06-06,92755421,1257,0,15.9441196568,-15.9441196568,-15.9441196568,0E-7,1,1,0.49324550000000000,0.493245500000,-0.9865810262130424,-0.9865810262130424,-0.9865810262130424,0E-17,ELIGIBLE,R03b_20260811_FULL_v1,L1_ELIGIBILITY,v2026-08-11,2026-03-21..2026-08-06,baccarat_bet02_101_all_pairs_incl_sentinel,round_win = game_pnl > 0 (decisive only),COMPATIBILITY_ONLY_NOT_PRODUCTION,2500103.8841,2280641.3266,9883.8276,11764,10369,-0.00395337,-0.05088190,-0.00239824,-0.00395337,-9883.8276,2500103.8841,OK,0.0000,395.3531,4.0000,96.0000,AG03-UNRESOLVED,ALL5_LEVELS_bet23_to_bet27,395.3531,395.3531,395.3531,395.3531,395.3531,4.000000,4.000000,4.000000,4.000000,4.000000,96.000000,96.000000,96.000000,96.000000,96.000000,5.0,1976.7655,1824.8244,7907.0621,8059.0032,PENDING_AG03,FALSE,NOT_FOR_ENFORCEMENT,9488.4745,2189415.6736,9883.8276,9488.4745,395.3531,0.00395337,0.00379523,395.3531,9488.4745,0.00379523,395.3531,395.3531,395.3531,395.3531,395.3531,9488.4745,0.00379523,1976.7655,1824.8244,7907.0621,8059.0032,0.00316269,0.00322347,0.00015813,212.5216,219.9480,0.9532,119.0823,2.3972,30121.7335,124.9277,49.0469,238.9093,36.5364,75.9244,374.9013,749.8027,789.266,1183.8989,75.8035,-1.1839,10.395423,15.593133,2.799122,29,215,300,5,0.03207536,0.00395337,0.05088190,0E-8,0.000000,0.912219,0.000000,-0.04848366,2026-03-31,2026-08-01,83,4123,1621,124,0.669355,0.205295,0.230786,0.106918,,,,,,,,GLOBAL_BASELINE_NO_ENTITY_RANKING,,,NOT_APPLICABLE_GLOBAL_BASELINE,HF9g-P5,,,,X 全窗基线 · 不参与实体赏罚,15055945,1506,A168_HF9F_20260827_0900,2026-08-27 09:00:00
2026-06-06,92755421,1623,0,37.9621896591,-37.9621896591,-37.9621896591,0E-7,1,1,0.50665070000000000,0.506650700000,-1.013391052207602,-1.013391052207602,-1.013391052207602,0E-17,ELIGIBLE,R03b_20260811_FULL_v1,L1_ELIGIBILITY,v2026-08-11,2026-03-21..2026-08-06,baccarat_bet02_101_all_pairs_incl_sentinel,round_win = game_pnl > 0 (decisive only),COMPATIBILITY_ONLY_NOT_PRODUCTION,2500103.8841,2280641.3266,9883.8276,11764,10369,-0.00395337,-0.05088190,-0.00239824,-0.00395337,-9883.8276,2500103.8841,OK,0.0000,395.3531,4.0000,96.0000,AG03-UNRESOLVED,ALL5_LEVELS_bet23_to_bet27,395.3531,395.3531,395.3531,395.3531,395.3531,4.000000,4.000000,4.000000,4.000000,4.000000,96.000000,96.000000,96.000000,96.000000,96.000000,5.0,1976.7655,1824.8244,7907.0621,8059.0032,PENDING_AG03,FALSE,NOT_FOR_ENFORCEMENT,9488.4745,2189415.6736,9883.8276,9488.4745,395.3531,0.00395337,0.00379523,395.3531,9488.4745,0.00379523,395.3531,395.3531,395.3531,395.3531,395.3531,9488.4745,0.00379523,1976.7655,1824.8244,7907.0621,8059.0032,0.00316269,0.00322347,0.00015813,212.5216,219.9480,0.9532,119.0823,2.3972,30121.7335,124.9277,49.0469,238.9093,36.5364,75.9244,374.9013,749.8027,789.266,1183.8989,75.8035,-1.1839,10.395423,15.593133,2.799122,29,215,300,5,0.03207536,0.00395337,0.05088190,0E-8,0.000000,0.912219,0.000000,-0.04848366,2026-03-31,2026-08-01,83,4123,1621,124,0.669355,0.205295,0.230786,0.106918,,,,,,,,GLOBAL_BASELINE_NO_ENTITY_RANKING,,,NOT_APPLICABLE_GLOBAL_BASELINE,HF9g-P5,,,,X 全窗基线 · 不参与实体赏罚,15055946,1506,A168_HF9F_20260827_0900,2026-08-27 09:00:00
2026-06-06,92755421,1940,0,34.1659706932,-34.1659706932,-34.1659706932,0E-7,1,1,0.49324550000000000,0.493245500000,-0.9865810262130424,-0.9865810262130424,-0.9865810262130424,0E-17,ELIGIBLE,R03b_20260811_FULL_v1,L1_ELIGIBILITY,v2026-08-11,2026-03-21..2026-08-06,baccarat_bet02_101_all_pairs_incl_sentinel,round_win = game_pnl > 0 (decisive only),COMPATIBILITY_ONLY_NOT_PRODUCTION,2500103.8841,2280641.3266,9883.8276,11764,10369,-0.00395337,-0.05088190,-0.00239824,-0.00395337,-9883.8276,2500103.8841,OK,0.0000,395.3531,4.0000,96.0000,AG03-UNRESOLVED,ALL5_LEVELS_bet23_to_bet27,395.3531,395.3531,395.3531,395.3531,395.3531,4.000000,4.000000,4.000000,4.000000,4.000000,96.000000,96.000000,96.000000,96.000000,96.000000,5.0,1976.7655,1824.8244,7907.0621,8059.0032,PENDING_AG03,FALSE,NOT_FOR_ENFORCEMENT,9488.4745,2189415.6736,9883.8276,9488.4745,395.3531,0.00395337,0.00379523,395.3531,9488.4745,0.00379523,395.3531,395.3531,395.3531,395.3531,395.3531,9488.4745,0.00379523,1976.7655,1824.8244,7907.0621,8059.0032,0.00316269,0.00322347,0.00015813,212.5216,219.9480,0.9532,119.0823,2.3972,30121.7335,124.9277,49.0469,238.9093,36.5364,75.9244,374.9013,749.8027,789.266,1183.8989,75.8035,-1.1839,10.395423,15.593133,2.799122,29,215,300,5,0.03207536,0.00395337,0.05088190,0E-8,0.000000,0.912219,0.000000,-0.04848366,2026-03-31,2026-08-01,83,4123,1621,124,0.669355,0.205295,0.230786,0.106918,,,,,,,,GLOBAL_BASELINE_NO_ENTITY_RANKING,,,NOT_APPLICABLE_GLOBAL_BASELINE,HF9g-P5,,,,X 全窗基线 · 不参与实体赏罚,15055947,1506,A168_HF9F_20260827_0900,2026-08-27 09:00:00
2026-06-06,92755421,1994,0,74.0262698352,0E-10,0E-10,0.5000000,2,2,0.49994810000000000,0.499948100000,0.00014679536856514622,0.00014679536856514622,0.00014679536856514622,0E-17,ELIGIBLE,R03b_20260811_FULL_v1,L1_ELIGIBILITY,v2026-08-11,2026-03-21..2026-08-06,baccarat_bet02_101_all_pairs_incl_sentinel,round_win = game_pnl > 0 (decisive only),COMPATIBILITY_ONLY_NOT_PRODUCTION,2500103.8841,2280641.3266,9883.8276,11764,10369,-0.00395337,-0.05088190,-0.00239824,-0.00395337,-9883.8276,2500103.8841,OK,0.0000,395.3531,4.0000,96.0000,AG03-UNRESOLVED,ALL5_LEVELS_bet23_to_bet27,395.3531,395.3531,395.3531,395.3531,395.3531,4.000000,4.000000,4.000000,4.000000,4.000000,96.000000,96.000000,96.000000,96.000000,96.000000,5.0,1976.7655,1824.8244,7907.0621,8059.0032,PENDING_AG03,FALSE,NOT_FOR_ENFORCEMENT,9488.4745,2189415.6736,9883.8276,9488.4745,395.3531,0.00395337,0.00379523,395.3531,9488.4745,0.00379523,395.3531,395.3531,395.3531,395.3531,395.3531,9488.4745,0.00379523,1976.7655,1824.8244,7907.0621,8059.0032,0.00316269,0.00322347,0.00015813,212.5216,219.9480,0.9532,119.0823,2.3972,30121.7335,124.9277,49.0469,238.9093,36.5364,75.9244,374.9013,749.8027,789.266,1183.8989,75.8035,-1.1839,10.395423,15.593133,2.799122,29,215,300,5,0.03207536,0.00395337,0.05088190,0E-8,0.000000,0.912219,0.000000,-0.04848366,2026-03-31,2026-08-01,83,4123,1621,124,0.669355,0.205295,0.230786,0.106918,,,,,,,,GLOBAL_BASELINE_NO_ENTITY_RANKING,,,NOT_APPLICABLE_GLOBAL_BASELINE,HF9g-P5,,,,X 全窗基线 · 不参与实体赏罚,15055948,1506,A168_HF9F_20260827_0900,2026-08-27 09:00:00
2026-06-06,92755421,2101,0,261.9391086477,110.0903500113,110.0903500113,0.7142857,7,7,0.50090561428571429,0.500905614286,1.129103210700875,1.1291032106993646,1.129103210700875,-2.8571E-13,ELIGIBLE,R03b_20260811_FULL_v1,L1_ELIGIBILITY,v2026-08-11,2026-03-21..2026-08-06,baccarat_bet02_101_all_pairs_incl_sentinel,round_win = game_pnl > 0 (decisive only),COMPATIBILITY_ONLY_NOT_PRODUCTION,2500103.8841,2280641.3266,9883.8276,11764,10369,-0.00395337,-0.05088190,-0.00239824,-0.00395337,-9883.8276,2500103.8841,OK,0.0000,395.3531,4.0000,96.0000,AG03-UNRESOLVED,ALL5_LEVELS_bet23_to_bet27,395.3531,395.3531,395.3531,395.3531,395.3531,4.000000,4.000000,4.000000,4.000000,4.000000,96.000000,96.000000,96.000000,96.000000,96.000000,5.0,1976.7655,1824.8244,7907.0621,8059.0032,PENDING_AG03,FALSE,NOT_FOR_ENFORCEMENT,9488.4745,2189415.6736,9883.8276,9488.4745,395.3531,0.00395337,0.00379523,395.3531,9488.4745,0.00379523,395.3531,395.3531,395.3531,395.3531,395.3531,9488.4745,0.00379523,1976.7655,1824.8244,7907.0621,8059.0032,0.00316269,0.00322347,0.00015813,212.5216,219.9480,0.9532,119.0823,2.3972,30121.7335,124.9277,49.0469,238.9093,36.5364,75.9244,374.9013,749.8027,789.266,1183.8989,75.8035,-1.1839,10.395423,15.593133,2.799122,29,215,300,5,0.03207536,0.00395337,0.05088190,0E-8,0.000000,0.912219,0.000000,-0.04848366,2026-03-31,2026-08-01,83,4123,1621,124,0.669355,0.205295,0.230786,0.106918,,,,,,,,GLOBAL_BASELINE_NO_ENTITY_RANKING,,,NOT_APPLICABLE_GLOBAL_BASELINE,HF9g-P5,,,,X 全窗基线 · 不参与实体赏罚,15055949,1506,A168_HF9F_20260827_0900,2026-08-27 09:00:00
2026-06-06,92755421,2117,0,184.1166198465,-1.8981094830,-1.8981094830,0.5000000,5,5,0.50128862000000000,0.501288620000,-0.0051544971185412255,-0.0051544971185412255,-0.0051544971185412255,0E-17,ELIGIBLE,R03b_20260811_FULL_v1,L1_ELIGIBILITY,v2026-08-11,2026-03-21..2026-08-06,baccarat_bet02_101_all_pairs_incl_sentinel,round_win = game_pnl > 0 (decisive only),COMPATIBILITY_ONLY_NOT_PRODUCTION,2500103.8841,2280641.3266,9883.8276,11764,10369,-0.00395337,-0.05088190,-0.00239824,-0.00395337,-9883.8276,2500103.8841,OK,0.0000,395.3531,4.0000,96.0000,AG03-UNRESOLVED,ALL5_LEVELS_bet23_to_bet27,395.3531,395.3531,395.3531,395.3531,395.3531,4.000000,4.000000,4.000000,4.000000,4.000000,96.000000,96.000000,96.000000,96.000000,96.000000,5.0,1976.7655,1824.8244,7907.0621,8059.0032,PENDING_AG03,FALSE,NOT_FOR_ENFORCEMENT,9488.4745,2189415.6736,9883.8276,9488.4745,395.3531,0.00395337,0.00379523,395.3531,9488.4745,0.00379523,395.3531,395.3531,395.3531,395.3531,395.3531,9488.4745,0.00379523,1976.7655,1824.8244,7907.0621,8059.0032,0.00316269,0.00322347,0.00015813,212.5216,219.9480,0.9532,119.0823,2.3972,30121.7335,124.9277,49.0469,238.9093,36.5364,75.9244,374.9013,749.8027,789.266,1183.8989,75.8035,-1.1839,10.395423,15.593133,2.799122,29,215,300,5,0.03207536,0.00395337,0.05088190,0E-8,0.000000,0.912219,0.000000,-0.04848366,2026-03-31,2026-08-01,83,4123,1621,124,0.669355,0.205295,0.230786,0.106918,,,,,,,,GLOBAL_BASELINE_NO_ENTITY_RANKING,,,NOT_APPLICABLE_GLOBAL_BASELINE,HF9g-P5,,,,X 全窗基线 · 不参与实体赏罚,15055950,1506,A168_HF9F_20260827_0900,2026-08-27 09:00:00
2026-06-06,92755421,2152,0,75.9243793182,-75.9243793182,-75.9243793182,0E-7,1,1,0.50665070000000000,0.506650700000,-1.013391052207602,-1.013391052207602,-1.013391052207602,0E-17,ELIGIBLE,R03b_20260811_FULL_v1,L1_ELIGIBILITY,v2026-08-11,2026-03-21..2026-08-06,baccarat_bet02_101_all_pairs_incl_sentinel,round_win = game_pnl > 0 (decisive only),COMPATIBILITY_ONLY_NOT_PRODUCTION,2500103.8841,2280641.3266,9883.8276,11764,10369,-0.00395337,-0.05088190,-0.00239824,-0.00395337,-9883.8276,2500103.8841,OK,0.0000,395.3531,4.0000,96.0000,AG03-UNRESOLVED,ALL5_LEVELS_bet23_to_bet27,395.3531,395.3531,395.3531,395.3531,395.3531,4.000000,4.000000,4.000000,4.000000,4.000000,96.000000,96.000000,96.000000,96.000000,96.000000,5.0,1976.7655,1824.8244,7907.0621,8059.0032,PENDING_AG03,FALSE,NOT_FOR_ENFORCEMENT,9488.4745,2189415.6736,9883.8276,9488.4745,395.3531,0.00395337,0.00379523,395.3531,9488.4745,0.00379523,395.3531,395.3531,395.3531,395.3531,395.3531,9488.4745,0.00379523,1976.7655,1824.8244,7907.0621,8059.0032,0.00316269,0.00322347,0.00015813,212.5216,219.9480,0.9532,119.0823,2.3972,30121.7335,124.9277,49.0469,238.9093,36.5364,75.9244,374.9013,749.8027,789.266,1183.8989,75.8035,-1.1839,10.395423,15.593133,2.799122,29,215,300,5,0.03207536,0.00395337,0.05088190,0E-8,0.000000,0.912219,0.000000,-0.04848366,2026-03-31,2026-08-01,83,4123,1621,124,0.669355,0.205295,0.230786,0.106918,,,,,,,,GLOBAL_BASELINE_NO_ENTITY_RANKING,,,NOT_APPLICABLE_GLOBAL_BASELINE,HF9g-P5,,,,X 全窗基线 · 不参与实体赏罚,15055951,1506,A168_HF9F_20260827_0900,2026-08-27 09:00:00
2026-06-06,92755421,2155,0,93.7666084578,16.0010629414,16.0010629414,0.6000000,5,5,0.50128862000000000,0.501288620000,0.4414521777673877,0.4414521777673877,0.4414521777673877,0E-17,ELIGIBLE,R03b_20260811_FULL_v1,L1_ELIGIBILITY,v2026-08-11,2026-03-21..2026-08-06,baccarat_bet02_101_all_pairs_incl_sentinel,round_win = game_pnl > 0 (decisive only),COMPATIBILITY_ONLY_NOT_PRODUCTION,2500103.8841,2280641.3266,9883.8276,11764,10369,-0.00395337,-0.05088190,-0.00239824,-0.00395337,-9883.8276,2500103.8841,OK,0.0000,395.3531,4.0000,96.0000,AG03-UNRESOLVED,ALL5_LEVELS_bet23_to_bet27,395.3531,395.3531,395.3531,395.3531,395.3531,4.000000,4.000000,4.000000,4.000000,4.000000,96.000000,96.000000,96.000000,96.000000,96.000000,5.0,1976.7655,1824.8244,7907.0621,8059.0032,PENDING_AG03,FALSE,NOT_FOR_ENFORCEMENT,9488.4745,2189415.6736,9883.8276,9488.4745,395.3531,0.00395337,0.00379523,395.3531,9488.4745,0.00379523,395.3531,395.3531,395.3531,395.3531,395.3531,9488.4745,0.00379523,1976.7655,1824.8244,7907.0621,8059.0032,0.00316269,0.00322347,0.00015813,212.5216,219.9480,0.9532,119.0823,2.3972,30121.7335,124.9277,49.0469,238.9093,36.5364,75.9244,374.9013,749.8027,789.266,1183.8989,75.8035,-1.1839,10.395423,15.593133,2.799122,29,215,300,5,0.03207536,0.00395337,0.05088190,0E-8,0.000000,0.912219,0.000000,-0.04848366,2026-03-31,2026-08-01,83,4123,1621,124,0.669355,0.205295,0.230786,0.106918,,,,,,,,GLOBAL_BASELINE_NO_ENTITY_RANKING,,,NOT_APPLICABLE_GLOBAL_BASELINE,HF9g-P5,,,,X 全窗基线 · 不参与实体赏罚,15055952,1506,A168_HF9F_20260827_0900,2026-08-27 09:00:00
2026-06-06,92755421,2276,0,75.9243793182,0E-10,0E-10,0.5000000,2,2,0.49994810000000000,0.499948100000,0.00014679536856514622,0.00014679536856514622,0.00014679536856514622,0E-17,ELIGIBLE,R03b_20260811_FULL_v1,L1_ELIGIBILITY,v2026-08-11,2026-03-21..2026-08-06,baccarat_bet02_101_all_pairs_incl_sentinel,round_win = game_pnl > 0 (decisive only),COMPATIBILITY_ONLY_NOT_PRODUCTION,2500103.8841,2280641.3266,9883.8276,11764,10369,-0.00395337,-0.05088190,-0.00239824,-0.00395337,-9883.8276,2500103.8841,OK,0.0000,395.3531,4.0000,96.0000,AG03-UNRESOLVED,ALL5_LEVELS_bet23_to_bet27,395.3531,395.3531,395.3531,395.3531,395.3531,4.000000,4.000000,4.000000,4.000000,4.000000,96.000000,96.000000,96.000000,96.000000,96.000000,5.0,1976.7655,1824.8244,7907.0621,8059.0032,PENDING_AG03,FALSE,NOT_FOR_ENFORCEMENT,9488.4745,2189415.6736,9883.8276,9488.4745,395.3531,0.00395337,0.00379523,395.3531,9488.4745,0.00379523,395.3531,395.3531,395.3531,395.3531,395.3531,9488.4745,0.00379523,1976.7655,1824.8244,7907.0621,8059.0032,0.00316269,0.00322347,0.00015813,212.5216,219.9480,0.9532,119.0823,2.3972,30121.7335,124.9277,49.0469,238.9093,36.5364,75.9244,374.9013,749.8027,789.266,1183.8989,75.8035,-1.1839,10.395423,15.593133,2.799122,29,215,300,5,0.03207536,0.00395337,0.05088190,0E-8,0.000000,0.912219,0.000000,-0.04848366,2026-03-31,2026-08-01,83,4123,1621,124,0.669355,0.205295,0.230786,0.106918,,,,,,,,GLOBAL_BASELINE_NO_ENTITY_RANKING,,,NOT_APPLICABLE_GLOBAL_BASELINE,HF9g-P5,,,,X 全窗基线 · 不参与实体赏罚,15055953,1506,A168_HF9F_20260827_0900,2026-08-27 09:00:00
2026-06-06,92755421,583,0,34.1659706932,-34.1659706932,-34.1659706932,0E-7,1,1,0.50665070000000000,0.506650700000,-1.013391052207602,-1.013391052207602,-1.013391052207602,0E-17,ELIGIBLE,R03b_20260811_FULL_v1,L1_ELIGIBILITY,v2026-08-11,2026-03-21..2026-08-06,baccarat_bet02_101_all_pairs_incl_sentinel,round_win = game_pnl > 0 (decisive only),COMPATIBILITY_ONLY_NOT_PRODUCTION,2500103.8841,2280641.3266,9883.8276,11764,10369,-0.00395337,-0.05088190,-0.00239824,-0.00395337,-9883.8276,2500103.8841,OK,0.0000,395.3531,4.0000,96.0000,AG03-UNRESOLVED,ALL5_LEVELS_bet23_to_bet27,395.3531,395.3531,395.3531,395.3531,395.3531,4.000000,4.000000,4.000000,4.000000,4.000000,96.000000,96.000000,96.000000,96.000000,96.000000,5.0,1976.7655,1824.8244,7907.0621,8059.0032,PENDING_AG03,FALSE,NOT_FOR_ENFORCEMENT,9488.4745,2189415.6736,9883.8276,9488.4745,395.3531,0.00395337,0.00379523,395.3531,9488.4745,0.00379523,395.3531,395.3531,395.3531,395.3531,395.3531,9488.4745,0.00379523,1976.7655,1824.8244,7907.0621,8059.0032,0.00316269,0.00322347,0.00015813,212.5216,219.9480,0.9532,119.0823,2.3972,30121.7335,124.9277,49.0469,238.9093,36.5364,75.9244,374.9013,749.8027,789.266,1183.8989,75.8035,-1.1839,10.395423,15.593133,2.799122,29,215,300,5,0.03207536,0.00395337,0.05088190,0E-8,0.000000,0.912219,0.000000,-0.04848366,2026-03-31,2026-08-01,83,4123,1621,124,0.669355,0.205295,0.230786,0.106918,,,,,,,,GLOBAL_BASELINE_NO_ENTITY_RANKING,,,NOT_APPLICABLE_GLOBAL_BASELINE,HF9g-P5,,,,X 全窗基线 · 不参与实体赏罚,15055954,1506,A168_HF9F_20260827_0900,2026-08-27 09:00:00
2026-06-11,92755421,-1,1,388.7328221085,81.1441803965,81.1441803965,0.6315789,27,21,0.49264306624859349,0.430898471429,1.2113460649018915,1.766442763900061,1.2113460649018915,0.06174459481959349,SENTINEL_DEALER,R03b_20260811_FULL_v1,L1_ELIGIBILITY,v2026-08-11,2026-03-21..2026-08-06,baccarat_bet02_101_all_pairs_incl_sentinel,round_win = game_pnl > 0 (decisive only),COMPATIBILITY_ONLY_NOT_PRODUCTION,2500103.8841,2280641.3266,9883.8276,11764,10369,-0.00395337,-0.05088190,-0.00239824,-0.00395337,-9883.8276,2500103.8841,OK,0.0000,395.3531,4.0000,96.0000,AG03-UNRESOLVED,ALL5_LEVELS_bet23_to_bet27,395.3531,395.3531,395.3531,395.3531,395.3531,4.000000,4.000000,4.000000,4.000000,4.000000,96.000000,96.000000,96.000000,96.000000,96.000000,5.0,1976.7655,1824.8244,7907.0621,8059.0032,PENDING_AG03,FALSE,NOT_FOR_ENFORCEMENT,9488.4745,2189415.6736,9883.8276,9488.4745,395.3531,0.00395337,0.00379523,395.3531,9488.4745,0.00379523,395.3531,395.3531,395.3531,395.3531,395.3531,9488.4745,0.00379523,1976.7655,1824.8244,7907.0621,8059.0032,0.00316269,0.00322347,0.00015813,212.5216,219.9480,0.9532,119.0823,2.3972,30121.7335,124.9277,49.0469,238.9093,36.5364,75.9244,374.9013,749.8027,789.266,1183.8989,75.8035,-1.1839,10.395423,15.593133,2.799122,29,215,300,5,0.03207536,0.00395337,0.05088190,0E-8,0.000000,0.912219,0.000000,-0.04848366,2026-03-31,2026-08-01,83,4123,1621,124,0.669355,0.205295,0.230786,0.106918,,,,,,,,GLOBAL_BASELINE_NO_ENTITY_RANKING,,,NOT_APPLICABLE_GLOBAL_BASELINE,HF9g-P5,,,,X 全窗基线 · 不参与实体赏罚,15055955,1506,A168_HF9F_20260827_0900,2026-08-27 09:00:00
2026-06-11,92755421,1017,0,18.9810948295,-18.9810948295,-18.9810948295,0E-7,1,1,0.49324550000000000,0.493245500000,-0.9865810262130424,-0.9865810262130424,-0.9865810262130424,0E-17,ELIGIBLE,R03b_20260811_FULL_v1,L1_ELIGIBILITY,v2026-08-11,2026-03-21..2026-08-06,baccarat_bet02_101_all_pairs_incl_sentinel,round_win = game_pnl > 0 (decisive only),COMPATIBILITY_ONLY_NOT_PRODUCTION,2500103.8841,2280641.3266,9883.8276,11764,10369,-0.00395337,-0.05088190,-0.00239824,-0.00395337,-9883.8276,2500103.8841,OK,0.0000,395.3531,4.0000,96.0000,AG03-UNRESOLVED,ALL5_LEVELS_bet23_to_bet27,395.3531,395.3531,395.3531,395.3531,395.3531,4.000000,4.000000,4.000000,4.000000,4.000000,96.000000,96.000000,96.000000,96.000000,96.000000,5.0,1976.7655,1824.8244,7907.0621,8059.0032,PENDING_AG03,FALSE,NOT_FOR_ENFORCEMENT,9488.4745,2189415.6736,9883.8276,9488.4745,395.3531,0.00395337,0.00379523,395.3531,9488.4745,0.00379523,395.3531,395.3531,395.3531,395.3531,395.3531,9488.4745,0.00379523,1976.7655,1824.8244,7907.0621,8059.0032,0.00316269,0.00322347,0.00015813,212.5216,219.9480,0.9532,119.0823,2.3972,30121.7335,124.9277,49.0469,238.9093,36.5364,75.9244,374.9013,749.8027,789.266,1183.8989,75.8035,-1.1839,10.395423,15.593133,2.799122,29,215,300,5,0.03207536,0.00395337,0.05088190,0E-8,0.000000,0.912219,0.000000,-0.04848366,2026-03-31,2026-08-01,83,4123,1621,124,0.669355,0.205295,0.230786,0.106918,,,,,,,,GLOBAL_BASELINE_NO_ENTITY_RANKING,,,NOT_APPLICABLE_GLOBAL_BASELINE,HF9g-P5,,,,X 全窗基线 · 不参与实体赏罚,15055956,1506,A168_HF9F_20260827_0900,2026-08-27 09:00:00
2026-06-11,92755421,1215,0,133.6269075999,-24.4856123301,-24.4856123301,0.4000000,8,6,0.49366073733050192,0.424230966667,-0.4188972201584276,-0.10963025071880302,-0.4188972201584276,0.06942977066350192,ELIGIBLE,R03b_20260811_FULL_v1,L1_ELIGIBILITY,v2026-08-11,2026-03-21..2026-08-06,baccarat_bet02_101_all_pairs_incl_sentinel,round_win = game_pnl > 0 (decisive only),COMPATIBILITY_ONLY_NOT_PRODUCTION,2500103.8841,2280641.3266,9883.8276,11764,10369,-0.00395337,-0.05088190,-0.00239824,-0.00395337,-9883.8276,2500103.8841,OK,0.0000,395.3531,4.0000,96.0000,AG03-UNRESOLVED,ALL5_LEVELS_bet23_to_bet27,395.3531,395.3531,395.3531,395.3531,395.3531,4.000000,4.000000,4.000000,4.000000,4.000000,96.000000,96.000000,96.000000,96.000000,96.000000,5.0,1976.7655,1824.8244,7907.0621,8059.0032,PENDING_AG03,FALSE,NOT_FOR_ENFORCEMENT,9488.4745,2189415.6736,9883.8276,9488.4745,395.3531,0.00395337,0.00379523,395.3531,9488.4745,0.00379523,395.3531,395.3531,395.3531,395.3531,395.3531,9488.4745,0.00379523,1976.7655,1824.8244,7907.0621,8059.0032,0.00316269,0.00322347,0.00015813,212.5216,219.9480,0.9532,119.0823,2.3972,30121.7335,124.9277,49.0469,238.9093,36.5364,75.9244,374.9013,749.8027,789.266,1183.8989,75.8035,-1.1839,10.395423,15.593133,2.799122,29,215,300,5,0.03207536,0.00395337,0.05088190,0E-8,0.000000,0.912219,0.000000,-0.04848366,2026-03-31,2026-08-01,83,4123,1621,124,0.669355,0.205295,0.230786,0.106918,,,,,,,,GLOBAL_BASELINE_NO_ENTITY_RANKING,,,NOT_APPLICABLE_GLOBAL_BASELINE,HF9g-P5,,,,X 全窗基线 · 不参与实体赏罚,15055957,1506,A168_HF9F_20260827_0900,2026-08-27 09:00:00
2026-06-11,92755421,1325,0,221.3195657122,58.8413939715,58.8413939715,0.6000000,17,12,0.48364445741076772,0.397761258333,0.736291092656441,1.3066785712687994,0.736291092656441,0.08588319907776772,ELIGIBLE,R03b_20260811_FULL_v1,L1_ELIGIBILITY,v2026-08-11,2026-03-21..2026-08-06,baccarat_bet02_101_all_pairs_incl_sentinel,round_win = game_pnl > 0 (decisive only),COMPATIBILITY_ONLY_NOT_PRODUCTION,2500103.8841,2280641.3266,9883.8276,11764,10369,-0.00395337,-0.05088190,-0.00239824,-0.00395337,-9883.8276,2500103.8841,OK,0.0000,395.3531,4.0000,96.0000,AG03-UNRESOLVED,ALL5_LEVELS_bet23_to_bet27,395.3531,395.3531,395.3531,395.3531,395.3531,4.000000,4.000000,4.000000,4.000000,4.000000,96.000000,96.000000,96.000000,96.000000,96.000000,5.0,1976.7655,1824.8244,7907.0621,8059.0032,PENDING_AG03,FALSE,NOT_FOR_ENFORCEMENT,9488.4745,2189415.6736,9883.8276,9488.4745,395.3531,0.00395337,0.00379523,395.3531,9488.4745,0.00379523,395.3531,395.3531,395.3531,395.3531,395.3531,9488.4745,0.00379523,1976.7655,1824.8244,7907.0621,8059.0032,0.00316269,0.00322347,0.00015813,212.5216,219.9480,0.9532,119.0823,2.3972,30121.7335,124.9277,49.0469,238.9093,36.5364,75.9244,374.9013,749.8027,789.266,1183.8989,75.8035,-1.1839,10.395423,15.593133,2.799122,29,215,300,5,0.03207536,0.00395337,0.05088190,0E-8,0.000000,0.912219,0.000000,-0.04848366,2026-03-31,2026-08-01,83,4123,1621,124,0.669355,0.205295,0.230786,0.106918,,,,,,,,GLOBAL_BASELINE_NO_ENTITY_RANKING,,,NOT_APPLICABLE_GLOBAL_BASELINE,HF9g-P5,,,,X 全窗基线 · 不参与实体赏罚,15055958,1506,A168_HF9F_20260827_0900,2026-08-27 09:00:00
2026-06-11,92755421,1396,0,36.0640801761,-36.0640801761,-36.0640801761,0E-7,2,2,0.49994810000000000,0.499948100000,-1.4140667746232096,-1.4140667746232096,-1.4140667746232096,0E-17,ELIGIBLE,R03b_20260811_FULL_v1,L1_ELIGIBILITY,v2026-08-11,2026-03-21..2026-08-06,baccarat_bet02_101_all_pairs_incl_sentinel,round_win = game_pnl > 0 (decisive only),COMPATIBILITY_ONLY_NOT_PRODUCTION,2500103.8841,2280641.3266,9883.8276,11764,10369,-0.00395337,-0.05088190,-0.00239824,-0.00395337,-9883.8276,2500103.8841,OK,0.0000,395.3531,4.0000,96.0000,AG03-UNRESOLVED,ALL5_LEVELS_bet23_to_bet27,395.3531,395.3531,395.3531,395.3531,395.3531,4.000000,4.000000,4.000000,4.000000,4.000000,96.000000,96.000000,96.000000,96.000000,96.000000,5.0,1976.7655,1824.8244,7907.0621,8059.0032,PENDING_AG03,FALSE,NOT_FOR_ENFORCEMENT,9488.4745,2189415.6736,9883.8276,9488.4745,395.3531,0.00395337,0.00379523,395.3531,9488.4745,0.00379523,395.3531,395.3531,395.3531,395.3531,395.3531,9488.4745,0.00379523,1976.7655,1824.8244,7907.0621,8059.0032,0.00316269,0.00322347,0.00015813,212.5216,219.9480,0.9532,119.0823,2.3972,30121.7335,124.9277,49.0469,238.9093,36.5364,75.9244,374.9013,749.8027,789.266,1183.8989,75.8035,-1.1839,10.395423,15.593133,2.799122,29,215,300,5,0.03207536,0.00395337,0.05088190,0E-8,0.000000,0.912219,0.000000,-0.04848366,2026-03-31,2026-08-01,83,4123,1621,124,0.669355,0.205295,0.230786,0.106918,,,,,,,,GLOBAL_BASELINE_NO_ENTITY_RANKING,,,NOT_APPLICABLE_GLOBAL_BASELINE,HF9g-P5,,,,X 全窗基线 · 不参与实体赏罚,15055959,1506,A168_HF9F_20260827_0900,2026-08-27 09:00:00
2026-06-11,92755421,1490,0,36.8233239693,0.1898109483,0.1898109483,0.5000000,3,2,0.48985425744658222,0.381345450000,0.028702403073560378,0.3454745057990616,0.028702403073560378,0.10850880744658222,ELIGIBLE,R03b_20260811_FULL_v1,L1_ELIGIBILITY,v2026-08-11,2026-03-21..2026-08-06,baccarat_bet02_101_all_pairs_incl_sentinel,round_win = game_pnl > 0 (decisive only),COMPATIBILITY_ONLY_NOT_PRODUCTION,2500103.8841,2280641.3266,9883.8276,11764,10369,-0.00395337,-0.05088190,-0.00239824,-0.00395337,-9883.8276,2500103.8841,OK,0.0000,395.3531,4.0000,96.0000,AG03-UNRESOLVED,ALL5_LEVELS_bet23_to_bet27,395.3531,395.3531,395.3531,395.3531,395.3531,4.000000,4.000000,4.000000,4.000000,4.000000,96.000000,96.000000,96.000000,96.000000,96.000000,5.0,1976.7655,1824.8244,7907.0621,8059.0032,PENDING_AG03,FALSE,NOT_FOR_ENFORCEMENT,9488.4745,2189415.6736,9883.8276,9488.4745,395.3531,0.00395337,0.00379523,395.3531,9488.4745,0.00379523,395.3531,395.3531,395.3531,395.3531,395.3531,9488.4745,0.00379523,1976.7655,1824.8244,7907.0621,8059.0032,0.00316269,0.00322347,0.00015813,212.5216,219.9480,0.9532,119.0823,2.3972,30121.7335,124.9277,49.0469,238.9093,36.5364,75.9244,374.9013,749.8027,789.266,1183.8989,75.8035,-1.1839,10.395423,15.593133,2.799122,29,215,300,5,0.03207536,0.00395337,0.05088190,0E-8,0.000000,0.912219,0.000000,-0.04848366,2026-03-31,2026-08-01,83,4123,1621,124,0.669355,0.205295,0.230786,0.106918,,,,,,,,GLOBAL_BASELINE_NO_ENTITY_RANKING,,,NOT_APPLICABLE_GLOBAL_BASELINE,HF9g-P5,,,,X 全窗基线 · 不参与实体赏罚,15055960,1506,A168_HF9F_20260827_0900,2026-08-27 09:00:00
2026-06-11,92755421,1646,0,20.4995824159,-20.4995824159,-20.4995824159,0E-7,2,1,0.47051619629541495,0.262742800000,-0.9426727405767434,-0.5969746651759844,-0.9426727405767434,0.20777339629541495,ELIGIBLE,R03b_20260811_FULL_v1,L1_ELIGIBILITY,v2026-08-11,2026-03-21..2026-08-06,baccarat_bet02_101_all_pairs_incl_sentinel,round_win = game_pnl > 0 (decisive only),COMPATIBILITY_ONLY_NOT_PRODUCTION,2500103.8841,2280641.3266,9883.8276,11764,10369,-0.00395337,-0.05088190,-0.00239824,-0.00395337,-9883.8276,2500103.8841,OK,0.0000,395.3531,4.0000,96.0000,AG03-UNRESOLVED,ALL5_LEVELS_bet23_to_bet27,395.3531,395.3531,395.3531,395.3531,395.3531,4.000000,4.000000,4.000000,4.000000,4.000000,96.000000,96.000000,96.000000,96.000000,96.000000,5.0,1976.7655,1824.8244,7907.0621,8059.0032,PENDING_AG03,FALSE,NOT_FOR_ENFORCEMENT,9488.4745,2189415.6736,9883.8276,9488.4745,395.3531,0.00395337,0.00379523,395.3531,9488.4745,0.00379523,395.3531,395.3531,395.3531,395.3531,395.3531,9488.4745,0.00379523,1976.7655,1824.8244,7907.0621,8059.0032,0.00316269,0.00322347,0.00015813,212.5216,219.9480,0.9532,119.0823,2.3972,30121.7335,124.9277,49.0469,238.9093,36.5364,75.9244,374.9013,749.8027,789.266,1183.8989,75.8035,-1.1839,10.395423,15.593133,2.799122,29,215,300,5,0.03207536,0.00395337,0.05088190,0E-8,0.000000,0.912219,0.000000,-0.04848366,2026-03-31,2026-08-01,83,4123,1621,124,0.669355,0.205295,0.230786,0.106918,,,,,,,,GLOBAL_BASELINE_NO_ENTITY_RANKING,,,NOT_APPLICABLE_GLOBAL_BASELINE,HF9g-P5,,,,X 全窗基线 · 不参与实体赏罚,15055961,1506,A168_HF9F_20260827_0900,2026-08-27 09:00:00
2026-06-11,92755421,1710,0,132.4880419101,-5.3147065522,-5.3147065522,0.5000000,10,7,0.48670874981256122,0.396373657143,0.06513657978151034,0.5189306380474519,0.06513657978151034,0.09033509266956122,ELIGIBLE,R03b_20260811_FULL_v1,L1_ELIGIBILITY,v2026-08-11,2026-03-21..2026-08-06,baccarat_bet02_101_all_pairs_incl_sentinel,round_win = game_pnl > 0 (decisive only),COMPATIBILITY_ONLY_NOT_PRODUCTION,2500103.8841,2280641.3266,9883.8276,11764,10369,-0.00395337,-0.05088190,-0.00239824,-0.00395337,-9883.8276,2500103.8841,OK,0.0000,395.3531,4.0000,96.0000,AG03-UNRESOLVED,ALL5_LEVELS_bet23_to_bet27,395.3531,395.3531,395.3531,395.3531,395.3531,4.000000,4.000000,4.000000,4.000000,4.000000,96.000000,96.000000,96.000000,96.000000,96.000000,5.0,1976.7655,1824.8244,7907.0621,8059.0032,PENDING_AG03,FALSE,NOT_FOR_ENFORCEMENT,9488.4745,2189415.6736,9883.8276,9488.4745,395.3531,0.00395337,0.00379523,395.3531,9488.4745,0.00379523,395.3531,395.3531,395.3531,395.3531,395.3531,9488.4745,0.00379523,1976.7655,1824.8244,7907.0621,8059.0032,0.00316269,0.00322347,0.00015813,212.5216,219.9480,0.9532,119.0823,2.3972,30121.7335,124.9277,49.0469,238.9093,36.5364,75.9244,374.9013,749.8027,789.266,1183.8989,75.8035,-1.1839,10.395423,15.593133,2.799122,29,215,300,5,0.03207536,0.00395337,0.05088190,0E-8,0.000000,0.912219,0.000000,-0.04848366,2026-03-31,2026-08-01,83,4123,1621,124,0.669355,0.205295,0.230786,0.106918,,,,,,,,GLOBAL_BASELINE_NO_ENTITY_RANKING,,,NOT_APPLICABLE_GLOBAL_BASELINE,HF9g-P5,,,,X 全窗基线 · 不参与实体赏罚,15055962,1506,A168_HF9F_20260827_0900,2026-08-27 09:00:00
2026-06-11,92755421,2082,0,72.1281603522,-36.0640801761,-36.0640801761,0E-7,2,2,0.49324550000000000,0.493245500000,-0.9865810262130424,-0.9865810262130424,-0.9865810262130424,0E-17,ELIGIBLE,R03b_20260811_FULL_v1,L1_ELIGIBILITY,v2026-08-11,2026-03-21..2026-08-06,baccarat_bet02_101_all_pairs_incl_sentinel,round_win = game_pnl > 0 (decisive only),COMPATIBILITY_ONLY_NOT_PRODUCTION,2500103.8841,2280641.3266,9883.8276,11764,10369,-0.00395337,-0.05088190,-0.00239824,-0.00395337,-9883.8276,2500103.8841,OK,0.0000,395.3531,4.0000,96.0000,AG03-UNRESOLVED,ALL5_LEVELS_bet23_to_bet27,395.3531,395.3531,395.3531,395.3531,395.3531,4.000000,4.000000,4.000000,4.000000,4.000000,96.000000,96.000000,96.000000,96.000000,96.000000,5.0,1976.7655,1824.8244,7907.0621,8059.0032,PENDING_AG03,FALSE,NOT_FOR_ENFORCEMENT,9488.4745,2189415.6736,9883.8276,9488.4745,395.3531,0.00395337,0.00379523,395.3531,9488.4745,0.00379523,395.3531,395.3531,395.3531,395.3531,395.3531,9488.4745,0.00379523,1976.7655,1824.8244,7907.0621,8059.0032,0.00316269,0.00322347,0.00015813,212.5216,219.9480,0.9532,119.0823,2.3972,30121.7335,124.9277,49.0469,238.9093,36.5364,75.9244,374.9013,749.8027,789.266,1183.8989,75.8035,-1.1839,10.395423,15.593133,2.799122,29,215,300,5,0.03207536,0.00395337,0.05088190,0E-8,0.000000,0.912219,0.000000,-0.04848366,2026-03-31,2026-08-01,83,4123,1621,124,0.669355,0.205295,0.230786,0.106918,,,,,,,,GLOBAL_BASELINE_NO_ENTITY_RANKING,,,NOT_APPLICABLE_GLOBAL_BASELINE,HF9g-P5,,,,X 全窗基线 · 不参与实体赏罚,15055963,1506,A168_HF9F_20260827_0900,2026-08-27 09:00:00
2026-06-11,92755421,2108,0,70.2300508693,0.0949054741,0.0949054741,0.5000000,2,2,0.49994810000000000,0.499948100000,0.00014679536856514622,0.00014679536856514622,0.00014679536856514622,0E-17,ELIGIBLE,R03b_20260811_FULL_v1,L1_ELIGIBILITY,v2026-08-11,2026-03-21..2026-08-06,baccarat_bet02_101_all_pairs_incl_sentinel,round_win = game_pnl > 0 (decisive only),COMPATIBILITY_ONLY_NOT_PRODUCTION,2500103.8841,2280641.3266,9883.8276,11764,10369,-0.00395337,-0.05088190,-0.00239824,-0.00395337,-9883.8276,2500103.8841,OK,0.0000,395.3531,4.0000,96.0000,AG03-UNRESOLVED,ALL5_LEVELS_bet23_to_bet27,395.3531,395.3531,395.3531,395.3531,395.3531,4.000000,4.000000,4.000000,4.000000,4.000000,96.000000,96.000000,96.000000,96.000000,96.000000,5.0,1976.7655,1824.8244,7907.0621,8059.0032,PENDING_AG03,FALSE,NOT_FOR_ENFORCEMENT,9488.4745,2189415.6736,9883.8276,9488.4745,395.3531,0.00395337,0.00379523,395.3531,9488.4745,0.00379523,395.3531,395.3531,395.3531,395.3531,395.3531,9488.4745,0.00379523,1976.7655,1824.8244,7907.0621,8059.0032,0.00316269,0.00322347,0.00015813,212.5216,219.9480,0.9532,119.0823,2.3972,30121.7335,124.9277,49.0469,238.9093,36.5364,75.9244,374.9013,749.8027,789.266,1183.8989,75.8035,-1.1839,10.395423,15.593133,2.799122,29,215,300,5,0.03207536,0.00395337,0.05088190,0E-8,0.000000,0.912219,0.000000,-0.04848366,2026-03-31,2026-08-01,83,4123,1621,124,0.669355,0.205295,0.230786,0.106918,,,,,,,,GLOBAL_BASELINE_NO_ENTITY_RANKING,,,NOT_APPLICABLE_GLOBAL_BASELINE,HF9g-P5,,,,X 全窗基线 · 不参与实体赏罚,15055964,1506,A168_HF9F_20260827_0900,2026-08-27 09:00:00
2026-06-11,92755421,2142,0,153.3672462227,-3.4165970694,-3.4165970694,0.5000000,6,5,0.49753619076914523,0.452507040000,0.009855356575189793,0.1908346768460562,0.009855356575189793,0.04502915076914523,ELIGIBLE,R03b_20260811_FULL_v1,L1_ELIGIBILITY,v2026-08-11,2026-03-21..2026-08-06,baccarat_bet02_101_all_pairs_incl_sentinel,round_win = game_pnl > 0 (decisive only),COMPATIBILITY_ONLY_NOT_PRODUCTION,2500103.8841,2280641.3266,9883.8276,11764,10369,-0.00395337,-0.05088190,-0.00239824,-0.00395337,-9883.8276,2500103.8841,OK,0.0000,395.3531,4.0000,96.0000,AG03-UNRESOLVED,ALL5_LEVELS_bet23_to_bet27,395.3531,395.3531,395.3531,395.3531,395.3531,4.000000,4.000000,4.000000,4.000000,4.000000,96.000000,96.000000,96.000000,96.000000,96.000000,5.0,1976.7655,1824.8244,7907.0621,8059.0032,PENDING_AG03,FALSE,NOT_FOR_ENFORCEMENT,9488.4745,2189415.6736,9883.8276,9488.4745,395.3531,0.00395337,0.00379523,395.3531,9488.4745,0.00379523,395.3531,395.3531,395.3531,395.3531,395.3531,9488.4745,0.00379523,1976.7655,1824.8244,7907.0621,8059.0032,0.00316269,0.00322347,0.00015813,212.5216,219.9480,0.9532,119.0823,2.3972,30121.7335,124.9277,49.0469,238.9093,36.5364,75.9244,374.9013,749.8027,789.266,1183.8989,75.8035,-1.1839,10.395423,15.593133,2.799122,29,215,300,5,0.03207536,0.00395337,0.05088190,0E-8,0.000000,0.912219,0.000000,-0.04848366,2026-03-31,2026-08-01,83,4123,1621,124,0.669355,0.205295,0.230786,0.106918,,,,,,,,GLOBAL_BASELINE_NO_ENTITY_RANKING,,,NOT_APPLICABLE_GLOBAL_BASELINE,HF9g-P5,,,,X 全窗基线 · 不参与实体赏罚,15055965,1506,A168_HF9F_20260827_0900,2026-08-27 09:00:00
2026-06-11,92755421,2229,0,18.9810948295,-18.9810948295,-18.9810948295,0E-7,1,1,0.49324550000000000,0.493245500000,-0.9865810262130424,-0.9865810262130424,-0.9865810262130424,0E-17,ELIGIBLE,R03b_20260811_FULL_v1,L1_ELIGIBILITY,v2026-08-11,2026-03-21..2026-08-06,baccarat_bet02_101_all_pairs_incl_sentinel,round_win = game_pnl > 0 (decisive only),COMPATIBILITY_ONLY_NOT_PRODUCTION,2500103.8841,2280641.3266,9883.8276,11764,10369,-0.00395337,-0.05088190,-0.00239824,-0.00395337,-9883.8276,2500103.8841,OK,0.0000,395.3531,4.0000,96.0000,AG03-UNRESOLVED,ALL5_LEVELS_bet23_to_bet27,395.3531,395.3531,395.3531,395.3531,395.3531,4.000000,4.000000,4.000000,4.000000,4.000000,96.000000,96.000000,96.000000,96.000000,96.000000,5.0,1976.7655,1824.8244,7907.0621,8059.0032,PENDING_AG03,FALSE,NOT_FOR_ENFORCEMENT,9488.4745,2189415.6736,9883.8276,9488.4745,395.3531,0.00395337,0.00379523,395.3531,9488.4745,0.00379523,395.3531,395.3531,395.3531,395.3531,395.3531,9488.4745,0.00379523,1976.7655,1824.8244,7907.0621,8059.0032,0.00316269,0.00322347,0.00015813,212.5216,219.9480,0.9532,119.0823,2.3972,30121.7335,124.9277,49.0469,238.9093,36.5364,75.9244,374.9013,749.8027,789.266,1183.8989,75.8035,-1.1839,10.395423,15.593133,2.799122,29,215,300,5,0.03207536,0.00395337,0.05088190,0E-8,0.000000,0.912219,0.000000,-0.04848366,2026-03-31,2026-08-01,83,4123,1621,124,0.669355,0.205295,0.230786,0.106918,,,,,,,,GLOBAL_BASELINE_NO_ENTITY_RANKING,,,NOT_APPLICABLE_GLOBAL_BASELINE,HF9g-P5,,,,X 全窗基线 · 不参与实体赏罚,15055966,1506,A168_HF9F_20260827_0900,2026-08-27 09:00:00
2026-06-11,92755421,2233,0,37.2029458659,-0.1898109483,-0.1898109483,0.5000000,3,2,0.48512276874967456,0.381345450000,0.04209780371893155,0.3454745057990616,0.04209780371893155,0.10377731874967456,ELIGIBLE,R03b_20260811_FULL_v1,L1_ELIGIBILITY,v2026-08-11,2026-03-21..2026-08-06,baccarat_bet02_101_all_pairs_incl_sentinel,round_win = game_pnl > 0 (decisive only),COMPATIBILITY_ONLY_NOT_PRODUCTION,2500103.8841,2280641.3266,9883.8276,11764,10369,-0.00395337,-0.05088190,-0.00239824,-0.00395337,-9883.8276,2500103.8841,OK,0.0000,395.3531,4.0000,96.0000,AG03-UNRESOLVED,ALL5_LEVELS_bet23_to_bet27,395.3531,395.3531,395.3531,395.3531,395.3531,4.000000,4.000000,4.000000,4.000000,4.000000,96.000000,96.000000,96.000000,96.000000,96.000000,5.0,1976.7655,1824.8244,7907.0621,8059.0032,PENDING_AG03,FALSE,NOT_FOR_ENFORCEMENT,9488.4745,2189415.6736,9883.8276,9488.4745,395.3531,0.00395337,0.00379523,395.3531,9488.4745,0.00379523,395.3531,395.3531,395.3531,395.3531,395.3531,9488.4745,0.00379523,1976.7655,1824.8244,7907.0621,8059.0032,0.00316269,0.00322347,0.00015813,212.5216,219.9480,0.9532,119.0823,2.3972,30121.7335,124.9277,49.0469,238.9093,36.5364,75.9244,374.9013,749.8027,789.266,1183.8989,75.8035,-1.1839,10.395423,15.593133,2.799122,29,215,300,5,0.03207536,0.00395337,0.05088190,0E-8,0.000000,0.912219,0.000000,-0.04848366,2026-03-31,2026-08-01,83,4123,1621,124,0.669355,0.205295,0.230786,0.106918,,,,,,,,GLOBAL_BASELINE_NO_ENTITY_RANKING,,,NOT_APPLICABLE_GLOBAL_BASELINE,HF9g-P5,,,,X 全窗基线 · 不参与实体赏罚,15055967,1506,A168_HF9F_20260827_0900,2026-08-27 09:00:00
2026-06-11,92755421,2280,0,37.2029458659,-0.1898109483,-0.1898109483,0.5000000,3,2,0.48512276874967456,0.381345450000,0.04209780371893155,0.3454745057990616,0.04209780371893155,0.10377731874967456,ELIGIBLE,R03b_20260811_FULL_v1,L1_ELIGIBILITY,v2026-08-11,2026-03-21..2026-08-06,baccarat_bet02_101_all_pairs_incl_sentinel,round_win = game_pnl > 0 (decisive only),COMPATIBILITY_ONLY_NOT_PRODUCTION,2500103.8841,2280641.3266,9883.8276,11764,10369,-0.00395337,-0.05088190,-0.00239824,-0.00395337,-9883.8276,2500103.8841,OK,0.0000,395.3531,4.0000,96.0000,AG03-UNRESOLVED,ALL5_LEVELS_bet23_to_bet27,395.3531,395.3531,395.3531,395.3531,395.3531,4.000000,4.000000,4.000000,4.000000,4.000000,96.000000,96.000000,96.000000,96.000000,96.000000,5.0,1976.7655,1824.8244,7907.0621,8059.0032,PENDING_AG03,FALSE,NOT_FOR_ENFORCEMENT,9488.4745,2189415.6736,9883.8276,9488.4745,395.3531,0.00395337,0.00379523,395.3531,9488.4745,0.00379523,395.3531,395.3531,395.3531,395.3531,395.3531,9488.4745,0.00379523,1976.7655,1824.8244,7907.0621,8059.0032,0.00316269,0.00322347,0.00015813,212.5216,219.9480,0.9532,119.0823,2.3972,30121.7335,124.9277,49.0469,238.9093,36.5364,75.9244,374.9013,749.8027,789.266,1183.8989,75.8035,-1.1839,10.395423,15.593133,2.799122,29,215,300,5,0.03207536,0.00395337,0.05088190,0E-8,0.000000,0.912219,0.000000,-0.04848366,2026-03-31,2026-08-01,83,4123,1621,124,0.669355,0.205295,0.230786,0.106918,,,,,,,,GLOBAL_BASELINE_NO_ENTITY_RANKING,,,NOT_APPLICABLE_GLOBAL_BASELINE,HF9g-P5,,,,X 全窗基线 · 不参与实体赏罚,15055968,1506,A168_HF9F_20260827_0900,2026-08-27 09:00:00
2026-06-12,92755421,-1,1,686.7360109321,-127.7427682027,-127.7427682027,0.4137931,40,33,0.49165290191099452,0.448616278788,-0.8386925714984548,-0.37705341987275276,-0.8386925714984548,0.04303662312299452,SENTINEL_DEALER,R03b_20260811_FULL_v1,L1_ELIGIBILITY,v2026-08-11,2026-03-21..2026-08-06,baccarat_bet02_101_all_pairs_incl_sentinel,round_win = game_pnl > 0 (decisive only),COMPATIBILITY_ONLY_NOT_PRODUCTION,2500103.8841,2280641.3266,9883.8276,11764,10369,-0.00395337,-0.05088190,-0.00239824,-0.00395337,-9883.8276,2500103.8841,OK,0.0000,395.3531,4.0000,96.0000,AG03-UNRESOLVED,ALL5_LEVELS_bet23_to_bet27,395.3531,395.3531,395.3531,395.3531,395.3531,4.000000,4.000000,4.000000,4.000000,4.000000,96.000000,96.000000,96.000000,96.000000,96.000000,5.0,1976.7655,1824.8244,7907.0621,8059.0032,PENDING_AG03,FALSE,NOT_FOR_ENFORCEMENT,9488.4745,2189415.6736,9883.8276,9488.4745,395.3531,0.00395337,0.00379523,395.3531,9488.4745,0.00379523,395.3531,395.3531,395.3531,395.3531,395.3531,9488.4745,0.00379523,1976.7655,1824.8244,7907.0621,8059.0032,0.00316269,0.00322347,0.00015813,212.5216,219.9480,0.9532,119.0823,2.3972,30121.7335,124.9277,49.0469,238.9093,36.5364,75.9244,374.9013,749.8027,789.266,1183.8989,75.8035,-1.1839,10.395423,15.593133,2.799122,29,215,300,5,0.03207536,0.00395337,0.05088190,0E-8,0.000000,0.912219,0.000000,-0.04848366,2026-03-31,2026-08-01,83,4123,1621,124,0.669355,0.205295,0.230786,0.106918,,,,,,,,GLOBAL_BASELINE_NO_ENTITY_RANKING,,,NOT_APPLICABLE_GLOBAL_BASELINE,HF9g-P5,,,,X 全窗基线 · 不参与实体赏罚,15055969,1506,A168_HF9F_20260827_0900,2026-08-27 09:00:00
2026-06-12,92755421,1215,0,37.9621896590,0E-10,0E-10,0.5000000,2,2,0.49994810000000000,0.499948100000,0.00014679536856514622,0.00014679536856514622,0.00014679536856514622,0E-17,ELIGIBLE,R03b_20260811_FULL_v1,L1_ELIGIBILITY,v2026-08-11,2026-03-21..2026-08-06,baccarat_bet02_101_all_pairs_incl_sentinel,round_win = game_pnl > 0 (decisive only),COMPATIBILITY_ONLY_NOT_PRODUCTION,2500103.8841,2280641.3266,9883.8276,11764,10369,-0.00395337,-0.05088190,-0.00239824,-0.00395337,-9883.8276,2500103.8841,OK,0.0000,395.3531,4.0000,96.0000,AG03-UNRESOLVED,ALL5_LEVELS_bet23_to_bet27,395.3531,395.3531,395.3531,395.3531,395.3531,4.000000,4.000000,4.000000,4.000000,4.000000,96.000000,96.000000,96.000000,96.000000,96.000000,5.0,1976.7655,1824.8244,7907.0621,8059.0032,PENDING_AG03,FALSE,NOT_FOR_ENFORCEMENT,9488.4745,2189415.6736,9883.8276,9488.4745,395.3531,0.00395337,0.00379523,395.3531,9488.4745,0.00379523,395.3531,395.3531,395.3531,395.3531,395.3531,9488.4745,0.00379523,1976.7655,1824.8244,7907.0621,8059.0032,0.00316269,0.00322347,0.00015813,212.5216,219.9480,0.9532,119.0823,2.3972,30121.7335,124.9277,49.0469,238.9093,36.5364,75.9244,374.9013,749.8027,789.266,1183.8989,75.8035,-1.1839,10.395423,15.593133,2.799122,29,215,300,5,0.03207536,0.00395337,0.05088190,0E-8,0.000000,0.912219,0.000000,-0.04848366,2026-03-31,2026-08-01,83,4123,1621,124,0.669355,0.205295,0.230786,0.106918,,,,,,,,GLOBAL_BASELINE_NO_ENTITY_RANKING,,,NOT_APPLICABLE_GLOBAL_BASELINE,HF9g-P5,,,,X 全窗基线 · 不参与实体赏罚,15055970,1506,A168_HF9F_20260827_0900,2026-08-27 09:00:00
2026-06-12,92755421,1304,0,37.9621896590,0E-10,0E-10,0.5000000,2,2,0.49994810000000000,0.499948100000,0.00014679536856514622,0.00014679536856514622,0.00014679536856514622,0E-17,ELIGIBLE,R03b_20260811_FULL_v1,L1_ELIGIBILITY,v2026-08-11,2026-03-21..2026-08-06,baccarat_bet02_101_all_pairs_incl_sentinel,round_win = game_pnl > 0 (decisive only),COMPATIBILITY_ONLY_NOT_PRODUCTION,2500103.8841,2280641.3266,9883.8276,11764,10369,-0.00395337,-0.05088190,-0.00239824,-0.00395337,-9883.8276,2500103.8841,OK,0.0000,395.3531,4.0000,96.0000,AG03-UNRESOLVED,ALL5_LEVELS_bet23_to_bet27,395.3531,395.3531,395.3531,395.3531,395.3531,4.000000,4.000000,4.000000,4.000000,4.000000,96.000000,96.000000,96.000000,96.000000,96.000000,5.0,1976.7655,1824.8244,7907.0621,8059.0032,PENDING_AG03,FALSE,NOT_FOR_ENFORCEMENT,9488.4745,2189415.6736,9883.8276,9488.4745,395.3531,0.00395337,0.00379523,395.3531,9488.4745,0.00379523,395.3531,395.3531,395.3531,395.3531,395.3531,9488.4745,0.00379523,1976.7655,1824.8244,7907.0621,8059.0032,0.00316269,0.00322347,0.00015813,212.5216,219.9480,0.9532,119.0823,2.3972,30121.7335,124.9277,49.0469,238.9093,36.5364,75.9244,374.9013,749.8027,789.266,1183.8989,75.8035,-1.1839,10.395423,15.593133,2.799122,29,215,300,5,0.03207536,0.00395337,0.05088190,0E-8,0.000000,0.912219,0.000000,-0.04848366,2026-03-31,2026-08-01,83,4123,1621,124,0.669355,0.205295,0.230786,0.106918,,,,,,,,GLOBAL_BASELINE_NO_ENTITY_RANKING,,,NOT_APPLICABLE_GLOBAL_BASELINE,HF9g-P5,,,,X 全窗基线 · 不参与实体赏罚,15055971,1506,A168_HF9F_20260827_0900,2026-08-27 09:00:00
2026-06-12,92755421,1323,0,15.1848758636,-15.1848758636,-15.1848758636,0E-7,1,1,0.49324550000000000,0.493245500000,-0.9865810262130424,-0.9865810262130424,-0.9865810262130424,0E-17,ELIGIBLE,R03b_20260811_FULL_v1,L1_ELIGIBILITY,v2026-08-11,2026-03-21..2026-08-06,baccarat_bet02_101_all_pairs_incl_sentinel,round_win = game_pnl > 0 (decisive only),COMPATIBILITY_ONLY_NOT_PRODUCTION,2500103.8841,2280641.3266,9883.8276,11764,10369,-0.00395337,-0.05088190,-0.00239824,-0.00395337,-9883.8276,2500103.8841,OK,0.0000,395.3531,4.0000,96.0000,AG03-UNRESOLVED,ALL5_LEVELS_bet23_to_bet27,395.3531,395.3531,395.3531,395.3531,395.3531,4.000000,4.000000,4.000000,4.000000,4.000000,96.000000,96.000000,96.000000,96.000000,96.000000,5.0,1976.7655,1824.8244,7907.0621,8059.0032,PENDING_AG03,FALSE,NOT_FOR_ENFORCEMENT,9488.4745,2189415.6736,9883.8276,9488.4745,395.3531,0.00395337,0.00379523,395.3531,9488.4745,0.00379523,395.3531,395.3531,395.3531,395.3531,395.3531,9488.4745,0.00379523,1976.7655,1824.8244,7907.0621,8059.0032,0.00316269,0.00322347,0.00015813,212.5216,219.9480,0.9532,119.0823,2.3972,30121.7335,124.9277,49.0469,238.9093,36.5364,75.9244,374.9013,749.8027,789.266,1183.8989,75.8035,-1.1839,10.395423,15.593133,2.799122,29,215,300,5,0.03207536,0.00395337,0.05088190,0E-8,0.000000,0.912219,0.000000,-0.04848366,2026-03-31,2026-08-01,83,4123,1621,124,0.669355,0.205295,0.230786,0.106918,,,,,,,,GLOBAL_BASELINE_NO_ENTITY_RANKING,,,NOT_APPLICABLE_GLOBAL_BASELINE,HF9g-P5,,,,X 全窗基线 · 不参与实体赏罚,15055972,1506,A168_HF9F_20260827_0900,2026-08-27 09:00:00
2026-06-12,92755421,1325,0,56.9432844885,-18.9810948295,-18.9810948295,0.3333333,3,3,0.49771390000000000,0.497713900000,-0.5694369385616226,-0.5694369385616226,-0.5694369385616226,0E-17,ELIGIBLE,R03b_20260811_FULL_v1,L1_ELIGIBILITY,v2026-08-11,2026-03-21..2026-08-06,baccarat_bet02_101_all_pairs_incl_sentinel,round_win = game_pnl > 0 (decisive only),COMPATIBILITY_ONLY_NOT_PRODUCTION,2500103.8841,2280641.3266,9883.8276,11764,10369,-0.00395337,-0.05088190,-0.00239824,-0.00395337,-9883.8276,2500103.8841,OK,0.0000,395.3531,4.0000,96.0000,AG03-UNRESOLVED,ALL5_LEVELS_bet23_to_bet27,395.3531,395.3531,395.3531,395.3531,395.3531,4.000000,4.000000,4.000000,4.000000,4.000000,96.000000,96.000000,96.000000,96.000000,96.000000,5.0,1976.7655,1824.8244,7907.0621,8059.0032,PENDING_AG03,FALSE,NOT_FOR_ENFORCEMENT,9488.4745,2189415.6736,9883.8276,9488.4745,395.3531,0.00395337,0.00379523,395.3531,9488.4745,0.00379523,395.3531,395.3531,395.3531,395.3531,395.3531,9488.4745,0.00379523,1976.7655,1824.8244,7907.0621,8059.0032,0.00316269,0.00322347,0.00015813,212.5216,219.9480,0.9532,119.0823,2.3972,30121.7335,124.9277,49.0469,238.9093,36.5364,75.9244,374.9013,749.8027,789.266,1183.8989,75.8035,-1.1839,10.395423,15.593133,2.799122,29,215,300,5,0.03207536,0.00395337,0.05088190,0E-8,0.000000,0.912219,0.000000,-0.04848366,2026-03-31,2026-08-01,83,4123,1621,124,0.669355,0.205295,0.230786,0.106918,,,,,,,,GLOBAL_BASELINE_NO_ENTITY_RANKING,,,NOT_APPLICABLE_GLOBAL_BASELINE,HF9g-P5,,,,X 全窗基线 · 不参与实体赏罚,15055973,1506,A168_HF9F_20260827_0900,2026-08-27 09:00:00
2026-06-12,92755421,1396,0,115.0254346668,-21.0690152607,-21.0690152607,0.4000000,8,6,0.48587766795851738,0.418645466667,-0.3842098910288677,-0.08451125121777231,-0.3842098910288677,0.06723220129151738,ELIGIBLE,R03b_20260811_FULL_v1,L1_ELIGIBILITY,v2026-08-11,2026-03-21..2026-08-06,baccarat_bet02_101_all_pairs_incl_sentinel,round_win = game_pnl > 0 (decisive only),COMPATIBILITY_ONLY_NOT_PRODUCTION,2500103.8841,2280641.3266,9883.8276,11764,10369,-0.00395337,-0.05088190,-0.00239824,-0.00395337,-9883.8276,2500103.8841,OK,0.0000,395.3531,4.0000,96.0000,AG03-UNRESOLVED,ALL5_LEVELS_bet23_to_bet27,395.3531,395.3531,395.3531,395.3531,395.3531,4.000000,4.000000,4.000000,4.000000,4.000000,96.000000,96.000000,96.000000,96.000000,96.000000,5.0,1976.7655,1824.8244,7907.0621,8059.0032,PENDING_AG03,FALSE,NOT_FOR_ENFORCEMENT,9488.4745,2189415.6736,9883.8276,9488.4745,395.3531,0.00395337,0.00379523,395.3531,9488.4745,0.00379523,395.3531,395.3531,395.3531,395.3531,395.3531,9488.4745,0.00379523,1976.7655,1824.8244,7907.0621,8059.0032,0.00316269,0.00322347,0.00015813,212.5216,219.9480,0.9532,119.0823,2.3972,30121.7335,124.9277,49.0469,238.9093,36.5364,75.9244,374.9013,749.8027,789.266,1183.8989,75.8035,-1.1839,10.395423,15.593133,2.799122,29,215,300,5,0.03207536,0.00395337,0.05088190,0E-8,0.000000,0.912219,0.000000,-0.04848366,2026-03-31,2026-08-01,83,4123,1621,124,0.669355,0.205295,0.230786,0.106918,,,,,,,,GLOBAL_BASELINE_NO_ENTITY_RANKING,,,NOT_APPLICABLE_GLOBAL_BASELINE,HF9g-P5,,,,X 全窗基线 · 不参与实体赏罚,15055974,1506,A168_HF9F_20260827_0900,2026-08-27 09:00:00
2026-06-12,92755421,1490,0,41.7584086250,-41.7584086250,-41.7584086250,0E-7,2,1,0.46230380909101529,0.262742800000,-0.9272466136312623,-0.5969746651759844,-0.9272466136312623,0.19956100909101529,ELIGIBLE,R03b_20260811_FULL_v1,L1_ELIGIBILITY,v2026-08-11,2026-03-21..2026-08-06,baccarat_bet02_101_all_pairs_incl_sentinel,round_win = game_pnl > 0 (decisive only),COMPATIBILITY_ONLY_NOT_PRODUCTION,2500103.8841,2280641.3266,9883.8276,11764,10369,-0.00395337,-0.05088190,-0.00239824,-0.00395337,-9883.8276,2500103.8841,OK,0.0000,395.3531,4.0000,96.0000,AG03-UNRESOLVED,ALL5_LEVELS_bet23_to_bet27,395.3531,395.3531,395.3531,395.3531,395.3531,4.000000,4.000000,4.000000,4.000000,4.000000,96.000000,96.000000,96.000000,96.000000,96.000000,5.0,1976.7655,1824.8244,7907.0621,8059.0032,PENDING_AG03,FALSE,NOT_FOR_ENFORCEMENT,9488.4745,2189415.6736,9883.8276,9488.4745,395.3531,0.00395337,0.00379523,395.3531,9488.4745,0.00379523,395.3531,395.3531,395.3531,395.3531,395.3531,9488.4745,0.00379523,1976.7655,1824.8244,7907.0621,8059.0032,0.00316269,0.00322347,0.00015813,212.5216,219.9480,0.9532,119.0823,2.3972,30121.7335,124.9277,49.0469,238.9093,36.5364,75.9244,374.9013,749.8027,789.266,1183.8989,75.8035,-1.1839,10.395423,15.593133,2.799122,29,215,300,5,0.03207536,0.00395337,0.05088190,0E-8,0.000000,0.912219,0.000000,-0.04848366,2026-03-31,2026-08-01,83,4123,1621,124,0.669355,0.205295,0.230786,0.106918,,,,,,,,GLOBAL_BASELINE_NO_ENTITY_RANKING,,,NOT_APPLICABLE_GLOBAL_BASELINE,HF9g-P5,,,,X 全窗基线 · 不参与实体赏罚,15055975,1506,A168_HF9F_20260827_0900,2026-08-27 09:00:00
2026-06-12,92755421,1507,0,18.9810948295,-18.9810948295,-18.9810948295,0E-7,1,1,0.50665070000000000,0.506650700000,-1.013391052207602,-1.013391052207602,-1.013391052207602,0E-17,ELIGIBLE,R03b_20260811_FULL_v1,L1_ELIGIBILITY,v2026-08-11,2026-03-21..2026-08-06,baccarat_bet02_101_all_pairs_incl_sentinel,round_win = game_pnl > 0 (decisive only),COMPATIBILITY_ONLY_NOT_PRODUCTION,2500103.8841,2280641.3266,9883.8276,11764,10369,-0.00395337,-0.05088190,-0.00239824,-0.00395337,-9883.8276,2500103.8841,OK,0.0000,395.3531,4.0000,96.0000,AG03-UNRESOLVED,ALL5_LEVELS_bet23_to_bet27,395.3531,395.3531,395.3531,395.3531,395.3531,4.000000,4.000000,4.000000,4.000000,4.000000,96.000000,96.000000,96.000000,96.000000,96.000000,5.0,1976.7655,1824.8244,7907.0621,8059.0032,PENDING_AG03,FALSE,NOT_FOR_ENFORCEMENT,9488.4745,2189415.6736,9883.8276,9488.4745,395.3531,0.00395337,0.00379523,395.3531,9488.4745,0.00379523,395.3531,395.3531,395.3531,395.3531,395.3531,9488.4745,0.00379523,1976.7655,1824.8244,7907.0621,8059.0032,0.00316269,0.00322347,0.00015813,212.5216,219.9480,0.9532,119.0823,2.3972,30121.7335,124.9277,49.0469,238.9093,36.5364,75.9244,374.9013,749.8027,789.266,1183.8989,75.8035,-1.1839,10.395423,15.593133,2.799122,29,215,300,5,0.03207536,0.00395337,0.05088190,0E-8,0.000000,0.912219,0.000000,-0.04848366,2026-03-31,2026-08-01,83,4123,1621,124,0.669355,0.205295,0.230786,0.106918,,,,,,,,GLOBAL_BASELINE_NO_ENTITY_RANKING,,,NOT_APPLICABLE_GLOBAL_BASELINE,HF9g-P5,,,,X 全窗基线 · 不参与实体赏罚,15055976,1506,A168_HF9F_20260827_0900,2026-08-27 09:00:00
2026-06-12,92755421,1646,0,37.9621896590,0E-10,0E-10,0.5000000,2,2,0.49994810000000000,0.499948100000,0.00014679536856514622,0.00014679536856514622,0.00014679536856514622,0E-17,ELIGIBLE,R03b_20260811_FULL_v1,L1_ELIGIBILITY,v2026-08-11,2026-03-21..2026-08-06,baccarat_bet02_101_all_pairs_incl_sentinel,round_win = game_pnl > 0 (decisive only),COMPATIBILITY_ONLY_NOT_PRODUCTION,2500103.8841,2280641.3266,9883.8276,11764,10369,-0.00395337,-0.05088190,-0.00239824,-0.00395337,-9883.8276,2500103.8841,OK,0.0000,395.3531,4.0000,96.0000,AG03-UNRESOLVED,ALL5_LEVELS_bet23_to_bet27,395.3531,395.3531,395.3531,395.3531,395.3531,4.000000,4.000000,4.000000,4.000000,4.000000,96.000000,96.000000,96.000000,96.000000,96.000000,5.0,1976.7655,1824.8244,7907.0621,8059.0032,PENDING_AG03,FALSE,NOT_FOR_ENFORCEMENT,9488.4745,2189415.6736,9883.8276,9488.4745,395.3531,0.00395337,0.00379523,395.3531,9488.4745,0.00379523,395.3531,395.3531,395.3531,395.3531,395.3531,9488.4745,0.00379523,1976.7655,1824.8244,7907.0621,8059.0032,0.00316269,0.00322347,0.00015813,212.5216,219.9480,0.9532,119.0823,2.3972,30121.7335,124.9277,49.0469,238.9093,36.5364,75.9244,374.9013,749.8027,789.266,1183.8989,75.8035,-1.1839,10.395423,15.593133,2.799122,29,215,300,5,0.03207536,0.00395337,0.05088190,0E-8,0.000000,0.912219,0.000000,-0.04848366,2026-03-31,2026-08-01,83,4123,1621,124,0.669355,0.205295,0.230786,0.106918,,,,,,,,GLOBAL_BASELINE_NO_ENTITY_RANKING,,,NOT_APPLICABLE_GLOBAL_BASELINE,HF9g-P5,,,,X 全窗基线 · 不参与实体赏罚,15055977,1506,A168_HF9F_20260827_0900,2026-08-27 09:00:00
2026-06-12,92755421,1704,0,136.2842608759,35.3048363831,35.3048363831,0.6666667,9,7,0.48820659024089512,0.433132671429,0.8745155503861871,1.154448460146075,0.8745155503861871,0.05507391881189512,ELIGIBLE,R03b_20260811_FULL_v1,L1_ELIGIBILITY,v2026-08-11,2026-03-21..2026-08-06,baccarat_bet02_101_all_pairs_incl_sentinel,round_win = game_pnl > 0 (decisive only),COMPATIBILITY_ONLY_NOT_PRODUCTION,2500103.8841,2280641.3266,9883.8276,11764,10369,-0.00395337,-0.05088190,-0.00239824,-0.00395337,-9883.8276,2500103.8841,OK,0.0000,395.3531,4.0000,96.0000,AG03-UNRESOLVED,ALL5_LEVELS_bet23_to_bet27,395.3531,395.3531,395.3531,395.3531,395.3531,4.000000,4.000000,4.000000,4.000000,4.000000,96.000000,96.000000,96.000000,96.000000,96.000000,5.0,1976.7655,1824.8244,7907.0621,8059.0032,PENDING_AG03,FALSE,NOT_FOR_ENFORCEMENT,9488.4745,2189415.6736,9883.8276,9488.4745,395.3531,0.00395337,0.00379523,395.3531,9488.4745,0.00379523,395.3531,395.3531,395.3531,395.3531,395.3531,9488.4745,0.00379523,1976.7655,1824.8244,7907.0621,8059.0032,0.00316269,0.00322347,0.00015813,212.5216,219.9480,0.9532,119.0823,2.3972,30121.7335,124.9277,49.0469,238.9093,36.5364,75.9244,374.9013,749.8027,789.266,1183.8989,75.8035,-1.1839,10.395423,15.593133,2.799122,29,215,300,5,0.03207536,0.00395337,0.05088190,0E-8,0.000000,0.912219,0.000000,-0.04848366,2026-03-31,2026-08-01,83,4123,1621,124,0.669355,0.205295,0.230786,0.106918,,,,,,,,GLOBAL_BASELINE_NO_ENTITY_RANKING,,,NOT_APPLICABLE_GLOBAL_BASELINE,HF9g-P5,,,,X 全窗基线 · 不参与实体赏罚,15055978,1506,A168_HF9F_20260827_0900,2026-08-27 09:00:00
2026-06-12,92755421,1710,0,304.0771391692,-62.9223293600,-62.9223293600,0.4000000,17,13,0.48587676377803260,0.421806007692,-0.5433491456444846,-0.13963136803086468,-0.5433491456444846,0.06407075608603260,ELIGIBLE,R03b_20260811_FULL_v1,L1_ELIGIBILITY,v2026-08-11,2026-03-21..2026-08-06,baccarat_bet02_101_all_pairs_incl_sentinel,round_win = game_pnl > 0 (decisive only),COMPATIBILITY_ONLY_NOT_PRODUCTION,2500103.8841,2280641.3266,9883.8276,11764,10369,-0.00395337,-0.05088190,-0.00239824,-0.00395337,-9883.8276,2500103.8841,OK,0.0000,395.3531,4.0000,96.0000,AG03-UNRESOLVED,ALL5_LEVELS_bet23_to_bet27,395.3531,395.3531,395.3531,395.3531,395.3531,4.000000,4.000000,4.000000,4.000000,4.000000,96.000000,96.000000,96.000000,96.000000,96.000000,5.0,1976.7655,1824.8244,7907.0621,8059.0032,PENDING_AG03,FALSE,NOT_FOR_ENFORCEMENT,9488.4745,2189415.6736,9883.8276,9488.4745,395.3531,0.00395337,0.00379523,395.3531,9488.4745,0.00379523,395.3531,395.3531,395.3531,395.3531,395.3531,9488.4745,0.00379523,1976.7655,1824.8244,7907.0621,8059.0032,0.00316269,0.00322347,0.00015813,212.5216,219.9480,0.9532,119.0823,2.3972,30121.7335,124.9277,49.0469,238.9093,36.5364,75.9244,374.9013,749.8027,789.266,1183.8989,75.8035,-1.1839,10.395423,15.593133,2.799122,29,215,300,5,0.03207536,0.00395337,0.05088190,0E-8,0.000000,0.912219,0.000000,-0.04848366,2026-03-31,2026-08-01,83,4123,1621,124,0.669355,0.205295,0.230786,0.106918,,,,,,,,GLOBAL_BASELINE_NO_ENTITY_RANKING,,,NOT_APPLICABLE_GLOBAL_BASELINE,HF9g-P5,,,,X 全窗基线 · 不参与实体赏罚,15055979,1506,A168_HF9F_20260827_0900,2026-08-27 09:00:00
2026-06-12,92755421,1951,0,114.2661908737,-5.9790448712,-5.9790448712,0.5000000,8,6,0.49039111371833069,0.419762566667,0.04708243188330786,0.39824279564139065,0.04708243188330786,0.07062854705133069,ELIGIBLE,R03b_20260811_FULL_v1,L1_ELIGIBILITY,v2026-08-11,2026-03-21..2026-08-06,baccarat_bet02_101_all_pairs_incl_sentinel,round_win = game_pnl > 0 (decisive only),COMPATIBILITY_ONLY_NOT_PRODUCTION,2500103.8841,2280641.3266,9883.8276,11764,10369,-0.00395337,-0.05088190,-0.00239824,-0.00395337,-9883.8276,2500103.8841,OK,0.0000,395.3531,4.0000,96.0000,AG03-UNRESOLVED,ALL5_LEVELS_bet23_to_bet27,395.3531,395.3531,395.3531,395.3531,395.3531,4.000000,4.000000,4.000000,4.000000,4.000000,96.000000,96.000000,96.000000,96.000000,96.000000,5.0,1976.7655,1824.8244,7907.0621,8059.0032,PENDING_AG03,FALSE,NOT_FOR_ENFORCEMENT,9488.4745,2189415.6736,9883.8276,9488.4745,395.3531,0.00395337,0.00379523,395.3531,9488.4745,0.00379523,395.3531,395.3531,395.3531,395.3531,395.3531,9488.4745,0.00379523,1976.7655,1824.8244,7907.0621,8059.0032,0.00316269,0.00322347,0.00015813,212.5216,219.9480,0.9532,119.0823,2.3972,30121.7335,124.9277,49.0469,238.9093,36.5364,75.9244,374.9013,749.8027,789.266,1183.8989,75.8035,-1.1839,10.395423,15.593133,2.799122,29,215,300,5,0.03207536,0.00395337,0.05088190,0E-8,0.000000,0.912219,0.000000,-0.04848366,2026-03-31,2026-08-01,83,4123,1621,124,0.669355,0.205295,0.230786,0.106918,,,,,,,,GLOBAL_BASELINE_NO_ENTITY_RANKING,,,NOT_APPLICABLE_GLOBAL_BASELINE,HF9g-P5,,,,X 全窗基线 · 不参与实体赏罚,15055980,1506,A168_HF9F_20260827_0900,2026-08-27 09:00:00
2026-06-12,92755421,2108,0,18.9810948295,-18.9810948295,-18.9810948295,0E-7,1,1,0.50665070000000000,0.506650700000,-1.013391052207602,-1.013391052207602,-1.013391052207602,0E-17,ELIGIBLE,R03b_20260811_FULL_v1,L1_ELIGIBILITY,v2026-08-11,2026-03-21..2026-08-06,baccarat_bet02_101_all_pairs_incl_sentinel,round_win = game_pnl > 0 (decisive only),COMPATIBILITY_ONLY_NOT_PRODUCTION,2500103.8841,2280641.3266,9883.8276,11764,10369,-0.00395337,-0.05088190,-0.00239824,-0.00395337,-9883.8276,2500103.8841,OK,0.0000,395.3531,4.0000,96.0000,AG03-UNRESOLVED,ALL5_LEVELS_bet23_to_bet27,395.3531,395.3531,395.3531,395.3531,395.3531,4.000000,4.000000,4.000000,4.000000,4.000000,96.000000,96.000000,96.000000,96.000000,96.000000,5.0,1976.7655,1824.8244,7907.0621,8059.0032,PENDING_AG03,FALSE,NOT_FOR_ENFORCEMENT,9488.4745,2189415.6736,9883.8276,9488.4745,395.3531,0.00395337,0.00379523,395.3531,9488.4745,0.00379523,395.3531,395.3531,395.3531,395.3531,395.3531,9488.4745,0.00379523,1976.7655,1824.8244,7907.0621,8059.0032,0.00316269,0.00322347,0.00015813,212.5216,219.9480,0.9532,119.0823,2.3972,30121.7335,124.9277,49.0469,238.9093,36.5364,75.9244,374.9013,749.8027,789.266,1183.8989,75.8035,-1.1839,10.395423,15.593133,2.799122,29,215,300,5,0.03207536,0.00395337,0.05088190,0E-8,0.000000,0.912219,0.000000,-0.04848366,2026-03-31,2026-08-01,83,4123,1621,124,0.669355,0.205295,0.230786,0.106918,,,,,,,,GLOBAL_BASELINE_NO_ENTITY_RANKING,,,NOT_APPLICABLE_GLOBAL_BASELINE,HF9g-P5,,,,X 全窗基线 · 不参与实体赏罚,15055981,1506,A168_HF9F_20260827_0900,2026-08-27 09:00:00
2026-06-12,92755421,2142,0,131.7287981170,152.0385695847,152.0385695847,0.8571429,12,7,0.48236195800519012,0.327643200000,1.9843891838979457,2.9847930377386045,1.9843891838979457,0.15471875800519012,ELIGIBLE,R03b_20260811_FULL_v1,L1_ELIGIBILITY,v2026-08-11,2026-03-21..2026-08-06,baccarat_bet02_101_all_pairs_incl_sentinel,round_win = game_pnl > 0 (decisive only),COMPATIBILITY_ONLY_NOT_PRODUCTION,2500103.8841,2280641.3266,9883.8276,11764,10369,-0.00395337,-0.05088190,-0.00239824,-0.00395337,-9883.8276,2500103.8841,OK,0.0000,395.3531,4.0000,96.0000,AG03-UNRESOLVED,ALL5_LEVELS_bet23_to_bet27,395.3531,395.3531,395.3531,395.3531,395.3531,4.000000,4.000000,4.000000,4.000000,4.000000,96.000000,96.000000,96.000000,96.000000,96.000000,5.0,1976.7655,1824.8244,7907.0621,8059.0032,PENDING_AG03,FALSE,NOT_FOR_ENFORCEMENT,9488.4745,2189415.6736,9883.8276,9488.4745,395.3531,0.00395337,0.00379523,395.3531,9488.4745,0.00379523,395.3531,395.3531,395.3531,395.3531,395.3531,9488.4745,0.00379523,1976.7655,1824.8244,7907.0621,8059.0032,0.00316269,0.00322347,0.00015813,212.5216,219.9480,0.9532,119.0823,2.3972,30121.7335,124.9277,49.0469,238.9093,36.5364,75.9244,374.9013,749.8027,789.266,1183.8989,75.8035,-1.1839,10.395423,15.593133,2.799122,29,215,300,5,0.03207536,0.00395337,0.05088190,0E-8,0.000000,0.912219,0.000000,-0.04848366,2026-03-31,2026-08-01,83,4123,1621,124,0.669355,0.205295,0.230786,0.106918,,,,,,,,GLOBAL_BASELINE_NO_ENTITY_RANKING,,,NOT_APPLICABLE_GLOBAL_BASELINE,HF9g-P5,,,,X 全窗基线 · 不参与实体赏罚,15055982,1506,A168_HF9F_20260827_0900,2026-08-27 09:00:00
2026-06-12,92755421,2145,0,37.9621896591,-37.9621896591,-37.9621896591,0E-7,1,1,0.49324550000000000,0.493245500000,-0.9865810262130424,-0.9865810262130424,-0.9865810262130424,0E-17,ELIGIBLE,R03b_20260811_FULL_v1,L1_ELIGIBILITY,v2026-08-11,2026-03-21..2026-08-06,baccarat_bet02_101_all_pairs_incl_sentinel,round_win = game_pnl > 0 (decisive only),COMPATIBILITY_ONLY_NOT_PRODUCTION,2500103.8841,2280641.3266,9883.8276,11764,10369,-0.00395337,-0.05088190,-0.00239824,-0.00395337,-9883.8276,2500103.8841,OK,0.0000,395.3531,4.0000,96.0000,AG03-UNRESOLVED,ALL5_LEVELS_bet23_to_bet27,395.3531,395.3531,395.3531,395.3531,395.3531,4.000000,4.000000,4.000000,4.000000,4.000000,96.000000,96.000000,96.000000,96.000000,96.000000,5.0,1976.7655,1824.8244,7907.0621,8059.0032,PENDING_AG03,FALSE,NOT_FOR_ENFORCEMENT,9488.4745,2189415.6736,9883.8276,9488.4745,395.3531,0.00395337,0.00379523,395.3531,9488.4745,0.00379523,395.3531,395.3531,395.3531,395.3531,395.3531,9488.4745,0.00379523,1976.7655,1824.8244,7907.0621,8059.0032,0.00316269,0.00322347,0.00015813,212.5216,219.9480,0.9532,119.0823,2.3972,30121.7335,124.9277,49.0469,238.9093,36.5364,75.9244,374.9013,749.8027,789.266,1183.8989,75.8035,-1.1839,10.395423,15.593133,2.799122,29,215,300,5,0.03207536,0.00395337,0.05088190,0E-8,0.000000,0.912219,0.000000,-0.04848366,2026-03-31,2026-08-01,83,4123,1621,124,0.669355,0.205295,0.230786,0.106918,,,,,,,,GLOBAL_BASELINE_NO_ENTITY_RANKING,,,NOT_APPLICABLE_GLOBAL_BASELINE,HF9g-P5,,,,X 全窗基线 · 不参与实体赏罚,15055983,1506,A168_HF9F_20260827_0900,2026-08-27 09:00:00
2026-06-12,92755421,2152,0,18.9810948295,-18.9810948295,-18.9810948295,0E-7,1,1,0.50665070000000000,0.506650700000,-1.013391052207602,-1.013391052207602,-1.013391052207602,0E-17,ELIGIBLE,R03b_20260811_FULL_v1,L1_ELIGIBILITY,v2026-08-11,2026-03-21..2026-08-06,baccarat_bet02_101_all_pairs_incl_sentinel,round_win = game_pnl > 0 (decisive only),COMPATIBILITY_ONLY_NOT_PRODUCTION,2500103.8841,2280641.3266,9883.8276,11764,10369,-0.00395337,-0.05088190,-0.00239824,-0.00395337,-9883.8276,2500103.8841,OK,0.0000,395.3531,4.0000,96.0000,AG03-UNRESOLVED,ALL5_LEVELS_bet23_to_bet27,395.3531,395.3531,395.3531,395.3531,395.3531,4.000000,4.000000,4.000000,4.000000,4.000000,96.000000,96.000000,96.000000,96.000000,96.000000,5.0,1976.7655,1824.8244,7907.0621,8059.0032,PENDING_AG03,FALSE,NOT_FOR_ENFORCEMENT,9488.4745,2189415.6736,9883.8276,9488.4745,395.3531,0.00395337,0.00379523,395.3531,9488.4745,0.00379523,395.3531,395.3531,395.3531,395.3531,395.3531,9488.4745,0.00379523,1976.7655,1824.8244,7907.0621,8059.0032,0.00316269,0.00322347,0.00015813,212.5216,219.9480,0.9532,119.0823,2.3972,30121.7335,124.9277,49.0469,238.9093,36.5364,75.9244,374.9013,749.8027,789.266,1183.8989,75.8035,-1.1839,10.395423,15.593133,2.799122,29,215,300,5,0.03207536,0.00395337,0.05088190,0E-8,0.000000,0.912219,0.000000,-0.04848366,2026-03-31,2026-08-01,83,4123,1621,124,0.669355,0.205295,0.230786,0.106918,,,,,,,,GLOBAL_BASELINE_NO_ENTITY_RANKING,,,NOT_APPLICABLE_GLOBAL_BASELINE,HF9g-P5,,,,X 全窗基线 · 不参与实体赏罚,15055984,1506,A168_HF9F_20260827_0900,2026-08-27 09:00:00
2026-06-12,92755421,2170,0,61.8783691442,-24.8652342266,-24.8652342266,0.3333333,5,3,0.46111962142087746,0.337342833333,-0.4440091252412734,-0.014688270143978827,-0.4440091252412734,0.12377678808787746,ELIGIBLE,R03b_20260811_FULL_v1,L1_ELIGIBILITY,v2026-08-11,2026-03-21..2026-08-06,baccarat_bet02_101_all_pairs_incl_sentinel,round_win = game_pnl > 0 (decisive only),COMPATIBILITY_ONLY_NOT_PRODUCTION,2500103.8841,2280641.3266,9883.8276,11764,10369,-0.00395337,-0.05088190,-0.00239824,-0.00395337,-9883.8276,2500103.8841,OK,0.0000,395.3531,4.0000,96.0000,AG03-UNRESOLVED,ALL5_LEVELS_bet23_to_bet27,395.3531,395.3531,395.3531,395.3531,395.3531,4.000000,4.000000,4.000000,4.000000,4.000000,96.000000,96.000000,96.000000,96.000000,96.000000,5.0,1976.7655,1824.8244,7907.0621,8059.0032,PENDING_AG03,FALSE,NOT_FOR_ENFORCEMENT,9488.4745,2189415.6736,9883.8276,9488.4745,395.3531,0.00395337,0.00379523,395.3531,9488.4745,0.00379523,395.3531,395.3531,395.3531,395.3531,395.3531,9488.4745,0.00379523,1976.7655,1824.8244,7907.0621,8059.0032,0.00316269,0.00322347,0.00015813,212.5216,219.9480,0.9532,119.0823,2.3972,30121.7335,124.9277,49.0469,238.9093,36.5364,75.9244,374.9013,749.8027,789.266,1183.8989,75.8035,-1.1839,10.395423,15.593133,2.799122,29,215,300,5,0.03207536,0.00395337,0.05088190,0E-8,0.000000,0.912219,0.000000,-0.04848366,2026-03-31,2026-08-01,83,4123,1621,124,0.669355,0.205295,0.230786,0.106918,,,,,,,,GLOBAL_BASELINE_NO_ENTITY_RANKING,,,NOT_APPLICABLE_GLOBAL_BASELINE,HF9g-P5,,,,X 全窗基线 · 不参与实体赏罚,15055985,1506,A168_HF9F_20260827_0900,2026-08-27 09:00:00
2026-06-12,92755421,2201,0,75.9243793182,0E-10,0E-10,0.5000000,2,2,0.49994810000000000,0.499948100000,0.00014679536856514622,0.00014679536856514622,0.00014679536856514622,0E-17,ELIGIBLE,R03b_20260811_FULL_v1,L1_ELIGIBILITY,v2026-08-11,2026-03-21..2026-08-06,baccarat_bet02_101_all_pairs_incl_sentinel,round_win = game_pnl > 0 (decisive only),COMPATIBILITY_ONLY_NOT_PRODUCTION,2500103.8841,2280641.3266,9883.8276,11764,10369,-0.00395337,-0.05088190,-0.00239824,-0.00395337,-9883.8276,2500103.8841,OK,0.0000,395.3531,4.0000,96.0000,AG03-UNRESOLVED,ALL5_LEVELS_bet23_to_bet27,395.3531,395.3531,395.3531,395.3531,395.3531,4.000000,4.000000,4.000000,4.000000,4.000000,96.000000,96.000000,96.000000,96.000000,96.000000,5.0,1976.7655,1824.8244,7907.0621,8059.0032,PENDING_AG03,FALSE,NOT_FOR_ENFORCEMENT,9488.4745,2189415.6736,9883.8276,9488.4745,395.3531,0.00395337,0.00379523,395.3531,9488.4745,0.00379523,395.3531,395.3531,395.3531,395.3531,395.3531,9488.4745,0.00379523,1976.7655,1824.8244,7907.0621,8059.0032,0.00316269,0.00322347,0.00015813,212.5216,219.9480,0.9532,119.0823,2.3972,30121.7335,124.9277,49.0469,238.9093,36.5364,75.9244,374.9013,749.8027,789.266,1183.8989,75.8035,-1.1839,10.395423,15.593133,2.799122,29,215,300,5,0.03207536,0.00395337,0.05088190,0E-8,0.000000,0.912219,0.000000,-0.04848366,2026-03-31,2026-08-01,83,4123,1621,124,0.669355,0.205295,0.230786,0.106918,,,,,,,,GLOBAL_BASELINE_NO_ENTITY_RANKING,,,NOT_APPLICABLE_GLOBAL_BASELINE,HF9g-P5,,,,X 全窗基线 · 不参与实体赏罚,15055986,1506,A168_HF9F_20260827_0900,2026-08-27 09:00:00
2026-06-12,92755421,2212,0,53.9063093159,17.2727962949,17.2727962949,0.6666667,4,3,0.49545307163105481,0.423113866667,0.5931258168311929,0.8538470354145791,0.5931258168311929,0.07233920496405481,ELIGIBLE,R03b_20260811_FULL_v1,L1_ELIGIBILITY,v2026-08-11,2026-03-21..2026-08-06,baccarat_bet02_101_all_pairs_incl_sentinel,round_win = game_pnl > 0 (decisive only),COMPATIBILITY_ONLY_NOT_PRODUCTION,2500103.8841,2280641.3266,9883.8276,11764,10369,-0.00395337,-0.05088190,-0.00239824,-0.00395337,-9883.8276,2500103.8841,OK,0.0000,395.3531,4.0000,96.0000,AG03-UNRESOLVED,ALL5_LEVELS_bet23_to_bet27,395.3531,395.3531,395.3531,395.3531,395.3531,4.000000,4.000000,4.000000,4.000000,4.000000,96.000000,96.000000,96.000000,96.000000,96.000000,5.0,1976.7655,1824.8244,7907.0621,8059.0032,PENDING_AG03,FALSE,NOT_FOR_ENFORCEMENT,9488.4745,2189415.6736,9883.8276,9488.4745,395.3531,0.00395337,0.00379523,395.3531,9488.4745,0.00379523,395.3531,395.3531,395.3531,395.3531,395.3531,9488.4745,0.00379523,1976.7655,1824.8244,7907.0621,8059.0032,0.00316269,0.00322347,0.00015813,212.5216,219.9480,0.9532,119.0823,2.3972,30121.7335,124.9277,49.0469,238.9093,36.5364,75.9244,374.9013,749.8027,789.266,1183.8989,75.8035,-1.1839,10.395423,15.593133,2.799122,29,215,300,5,0.03207536,0.00395337,0.05088190,0E-8,0.000000,0.912219,0.000000,-0.04848366,2026-03-31,2026-08-01,83,4123,1621,124,0.669355,0.205295,0.230786,0.106918,,,,,,,,GLOBAL_BASELINE_NO_ENTITY_RANKING,,,NOT_APPLICABLE_GLOBAL_BASELINE,HF9g-P5,,,,X 全窗基线 · 不参与实体赏罚,15055987,1506,A168_HF9F_20260827_0900,2026-08-27 09:00:00
2026-06-12,92755421,2216,0,18.9810948295,-18.9810948295,-18.9810948295,0E-7,1,1,0.50665070000000000,0.506650700000,-1.013391052207602,-1.013391052207602,-1.013391052207602,0E-17,ELIGIBLE,R03b_20260811_FULL_v1,L1_ELIGIBILITY,v2026-08-11,2026-03-21..2026-08-06,baccarat_bet02_101_all_pairs_incl_sentinel,round_win = game_pnl > 0 (decisive only),COMPATIBILITY_ONLY_NOT_PRODUCTION,2500103.8841,2280641.3266,9883.8276,11764,10369,-0.00395337,-0.05088190,-0.00239824,-0.00395337,-9883.8276,2500103.8841,OK,0.0000,395.3531,4.0000,96.0000,AG03-UNRESOLVED,ALL5_LEVELS_bet23_to_bet27,395.3531,395.3531,395.3531,395.3531,395.3531,4.000000,4.000000,4.000000,4.000000,4.000000,96.000000,96.000000,96.000000,96.000000,96.000000,5.0,1976.7655,1824.8244,7907.0621,8059.0032,PENDING_AG03,FALSE,NOT_FOR_ENFORCEMENT,9488.4745,2189415.6736,9883.8276,9488.4745,395.3531,0.00395337,0.00379523,395.3531,9488.4745,0.00379523,395.3531,395.3531,395.3531,395.3531,395.3531,9488.4745,0.00379523,1976.7655,1824.8244,7907.0621,8059.0032,0.00316269,0.00322347,0.00015813,212.5216,219.9480,0.9532,119.0823,2.3972,30121.7335,124.9277,49.0469,238.9093,36.5364,75.9244,374.9013,749.8027,789.266,1183.8989,75.8035,-1.1839,10.395423,15.593133,2.799122,29,215,300,5,0.03207536,0.00395337,0.05088190,0E-8,0.000000,0.912219,0.000000,-0.04848366,2026-03-31,2026-08-01,83,4123,1621,124,0.669355,0.205295,0.230786,0.106918,,,,,,,,GLOBAL_BASELINE_NO_ENTITY_RANKING,,,NOT_APPLICABLE_GLOBAL_BASELINE,HF9g-P5,,,,X 全窗基线 · 不参与实体赏罚,15055988,1506,A168_HF9F_20260827_0900,2026-08-27 09:00:00
2026-06-12,92755421,2223,0,37.9621896591,-37.9621896591,-37.9621896591,0E-7,1,1,0.50665070000000000,0.506650700000,-1.013391052207602,-1.013391052207602,-1.013391052207602,0E-17,ELIGIBLE,R03b_20260811_FULL_v1,L1_ELIGIBILITY,v2026-08-11,2026-03-21..2026-08-06,baccarat_bet02_101_all_pairs_incl_sentinel,round_win = game_pnl > 0 (decisive only),COMPATIBILITY_ONLY_NOT_PRODUCTION,2500103.8841,2280641.3266,9883.8276,11764,10369,-0.00395337,-0.05088190,-0.00239824,-0.00395337,-9883.8276,2500103.8841,OK,0.0000,395.3531,4.0000,96.0000,AG03-UNRESOLVED,ALL5_LEVELS_bet23_to_bet27,395.3531,395.3531,395.3531,395.3531,395.3531,4.000000,4.000000,4.000000,4.000000,4.000000,96.000000,96.000000,96.000000,96.000000,96.000000,5.0,1976.7655,1824.8244,7907.0621,8059.0032,PENDING_AG03,FALSE,NOT_FOR_ENFORCEMENT,9488.4745,2189415.6736,9883.8276,9488.4745,395.3531,0.00395337,0.00379523,395.3531,9488.4745,0.00379523,395.3531,395.3531,395.3531,395.3531,395.3531,9488.4745,0.00379523,1976.7655,1824.8244,7907.0621,8059.0032,0.00316269,0.00322347,0.00015813,212.5216,219.9480,0.9532,119.0823,2.3972,30121.7335,124.9277,49.0469,238.9093,36.5364,75.9244,374.9013,749.8027,789.266,1183.8989,75.8035,-1.1839,10.395423,15.593133,2.799122,29,215,300,5,0.03207536,0.00395337,0.05088190,0E-8,0.000000,0.912219,0.000000,-0.04848366,2026-03-31,2026-08-01,83,4123,1621,124,0.669355,0.205295,0.230786,0.106918,,,,,,,,GLOBAL_BASELINE_NO_ENTITY_RANKING,,,NOT_APPLICABLE_GLOBAL_BASELINE,HF9g-P5,,,,X 全窗基线 · 不参与实体赏罚,15055989,1506,A168_HF9F_20260827_0900,2026-08-27 09:00:00
2026-06-12,92755421,2224,0,188.2924607088,26.3837218131,26.3837218131,0.6250000,13,10,0.49254404163998496,0.430797290000,0.7493673721870083,1.109252250728599,0.7493673721870083,0.06174675163998496,ELIGIBLE,R03b_20260811_FULL_v1,L1_ELIGIBILITY,v2026-08-11,2026-03-21..2026-08-06,baccarat_bet02_101_all_pairs_incl_sentinel,round_win = game_pnl > 0 (decisive only),COMPATIBILITY_ONLY_NOT_PRODUCTION,2500103.8841,2280641.3266,9883.8276,11764,10369,-0.00395337,-0.05088190,-0.00239824,-0.00395337,-9883.8276,2500103.8841,OK,0.0000,395.3531,4.0000,96.0000,AG03-UNRESOLVED,ALL5_LEVELS_bet23_to_bet27,395.3531,395.3531,395.3531,395.3531,395.3531,4.000000,4.000000,4.000000,4.000000,4.000000,96.000000,96.000000,96.000000,96.000000,96.000000,5.0,1976.7655,1824.8244,7907.0621,8059.0032,PENDING_AG03,FALSE,NOT_FOR_ENFORCEMENT,9488.4745,2189415.6736,9883.8276,9488.4745,395.3531,0.00395337,0.00379523,395.3531,9488.4745,0.00379523,395.3531,395.3531,395.3531,395.3531,395.3531,9488.4745,0.00379523,1976.7655,1824.8244,7907.0621,8059.0032,0.00316269,0.00322347,0.00015813,212.5216,219.9480,0.9532,119.0823,2.3972,30121.7335,124.9277,49.0469,238.9093,36.5364,75.9244,374.9013,749.8027,789.266,1183.8989,75.8035,-1.1839,10.395423,15.593133,2.799122,29,215,300,5,0.03207536,0.00395337,0.05088190,0E-8,0.000000,0.912219,0.000000,-0.04848366,2026-03-31,2026-08-01,83,4123,1621,124,0.669355,0.205295,0.230786,0.106918,,,,,,,,GLOBAL_BASELINE_NO_ENTITY_RANKING,,,NOT_APPLICABLE_GLOBAL_BASELINE,HF9g-P5,,,,X 全窗基线 · 不参与实体赏罚,15055990,1506,A168_HF9F_20260827_0900,2026-08-27 09:00:00
2026-06-12,92755421,2229,0,36.8233239693,0.1898109483,0.1898109483,0.5000000,3,2,0.48985425744658222,0.381345450000,0.028702403073560378,0.3454745057990616,0.028702403073560378,0.10850880744658222,ELIGIBLE,R03b_20260811_FULL_v1,L1_ELIGIBILITY,v2026-08-11,2026-03-21..2026-08-06,baccarat_bet02_101_all_pairs_incl_sentinel,round_win = game_pnl > 0 (decisive only),COMPATIBILITY_ONLY_NOT_PRODUCTION,2500103.8841,2280641.3266,9883.8276,11764,10369,-0.00395337,-0.05088190,-0.00239824,-0.00395337,-9883.8276,2500103.8841,OK,0.0000,395.3531,4.0000,96.0000,AG03-UNRESOLVED,ALL5_LEVELS_bet23_to_bet27,395.3531,395.3531,395.3531,395.3531,395.3531,4.000000,4.000000,4.000000,4.000000,4.000000,96.000000,96.000000,96.000000,96.000000,96.000000,5.0,1976.7655,1824.8244,7907.0621,8059.0032,PENDING_AG03,FALSE,NOT_FOR_ENFORCEMENT,9488.4745,2189415.6736,9883.8276,9488.4745,395.3531,0.00395337,0.00379523,395.3531,9488.4745,0.00379523,395.3531,395.3531,395.3531,395.3531,395.3531,9488.4745,0.00379523,1976.7655,1824.8244,7907.0621,8059.0032,0.00316269,0.00322347,0.00015813,212.5216,219.9480,0.9532,119.0823,2.3972,30121.7335,124.9277,49.0469,238.9093,36.5364,75.9244,374.9013,749.8027,789.266,1183.8989,75.8035,-1.1839,10.395423,15.593133,2.799122,29,215,300,5,0.03207536,0.00395337,0.05088190,0E-8,0.000000,0.912219,0.000000,-0.04848366,2026-03-31,2026-08-01,83,4123,1621,124,0.669355,0.205295,0.230786,0.106918,,,,,,,,GLOBAL_BASELINE_NO_ENTITY_RANKING,,,NOT_APPLICABLE_GLOBAL_BASELINE,HF9g-P5,,,,X 全窗基线 · 不参与实体赏罚,15055991,1506,A168_HF9F_20260827_0900,2026-08-27 09:00:00
2026-06-12,92755421,2233,0,74.0262698352,-2.8471642244,-2.8471642244,0.5000000,6,4,0.48748851309812839,0.381345450000,0.05006162308474036,0.4885747315551754,0.05006162308474036,0.10614306309812839,ELIGIBLE,R03b_20260811_FULL_v1,L1_ELIGIBILITY,v2026-08-11,2026-03-21..2026-08-06,baccarat_bet02_101_all_pairs_incl_sentinel,round_win = game_pnl > 0 (decisive only),COMPATIBILITY_ONLY_NOT_PRODUCTION,2500103.8841,2280641.3266,9883.8276,11764,10369,-0.00395337,-0.05088190,-0.00239824,-0.00395337,-9883.8276,2500103.8841,OK,0.0000,395.3531,4.0000,96.0000,AG03-UNRESOLVED,ALL5_LEVELS_bet23_to_bet27,395.3531,395.3531,395.3531,395.3531,395.3531,4.000000,4.000000,4.000000,4.000000,4.000000,96.000000,96.000000,96.000000,96.000000,96.000000,5.0,1976.7655,1824.8244,7907.0621,8059.0032,PENDING_AG03,FALSE,NOT_FOR_ENFORCEMENT,9488.4745,2189415.6736,9883.8276,9488.4745,395.3531,0.00395337,0.00379523,395.3531,9488.4745,0.00379523,395.3531,395.3531,395.3531,395.3531,395.3531,9488.4745,0.00379523,1976.7655,1824.8244,7907.0621,8059.0032,0.00316269,0.00322347,0.00015813,212.5216,219.9480,0.9532,119.0823,2.3972,30121.7335,124.9277,49.0469,238.9093,36.5364,75.9244,374.9013,749.8027,789.266,1183.8989,75.8035,-1.1839,10.395423,15.593133,2.799122,29,215,300,5,0.03207536,0.00395337,0.05088190,0E-8,0.000000,0.912219,0.000000,-0.04848366,2026-03-31,2026-08-01,83,4123,1621,124,0.669355,0.205295,0.230786,0.106918,,,,,,,,GLOBAL_BASELINE_NO_ENTITY_RANKING,,,NOT_APPLICABLE_GLOBAL_BASELINE,HF9g-P5,,,,X 全窗基线 · 不参与实体赏罚,15055992,1506,A168_HF9F_20260827_0900,2026-08-27 09:00:00
2026-06-12,92755421,2278,0,93.7666084578,19.1709057778,19.1709057778,0.6000000,6,5,0.49457004297863289,0.451166520000,0.47152490763852134,0.6688009916148089,0.47152490763852134,0.04340352297863289,ELIGIBLE,R03b_20260811_FULL_v1,L1_ELIGIBILITY,v2026-08-11,2026-03-21..2026-08-06,baccarat_bet02_101_all_pairs_incl_sentinel,round_win = game_pnl > 0 (decisive only),COMPATIBILITY_ONLY_NOT_PRODUCTION,2500103.8841,2280641.3266,9883.8276,11764,10369,-0.00395337,-0.05088190,-0.00239824,-0.00395337,-9883.8276,2500103.8841,OK,0.0000,395.3531,4.0000,96.0000,AG03-UNRESOLVED,ALL5_LEVELS_bet23_to_bet27,395.3531,395.3531,395.3531,395.3531,395.3531,4.000000,4.000000,4.000000,4.000000,4.000000,96.000000,96.000000,96.000000,96.000000,96.000000,5.0,1976.7655,1824.8244,7907.0621,8059.0032,PENDING_AG03,FALSE,NOT_FOR_ENFORCEMENT,9488.4745,2189415.6736,9883.8276,9488.4745,395.3531,0.00395337,0.00379523,395.3531,9488.4745,0.00379523,395.3531,395.3531,395.3531,395.3531,395.3531,9488.4745,0.00379523,1976.7655,1824.8244,7907.0621,8059.0032,0.00316269,0.00322347,0.00015813,212.5216,219.9480,0.9532,119.0823,2.3972,30121.7335,124.9277,49.0469,238.9093,36.5364,75.9244,374.9013,749.8027,789.266,1183.8989,75.8035,-1.1839,10.395423,15.593133,2.799122,29,215,300,5,0.03207536,0.00395337,0.05088190,0E-8,0.000000,0.912219,0.000000,-0.04848366,2026-03-31,2026-08-01,83,4123,1621,124,0.669355,0.205295,0.230786,0.106918,,,,,,,,GLOBAL_BASELINE_NO_ENTITY_RANKING,,,NOT_APPLICABLE_GLOBAL_BASELINE,HF9g-P5,,,,X 全窗基线 · 不参与实体赏罚,15055993,1506,A168_HF9F_20260827_0900,2026-08-27 09:00:00
2026-06-12,92755421,2280,0,18.9810948295,-18.9810948295,-18.9810948295,0E-7,1,1,0.50665070000000000,0.506650700000,-1.013391052207602,-1.013391052207602,-1.013391052207602,0E-17,ELIGIBLE,R03b_20260811_FULL_v1,L1_ELIGIBILITY,v2026-08-11,2026-03-21..2026-08-06,baccarat_bet02_101_all_pairs_incl_sentinel,round_win = game_pnl > 0 (decisive only),COMPATIBILITY_ONLY_NOT_PRODUCTION,2500103.8841,2280641.3266,9883.8276,11764,10369,-0.00395337,-0.05088190,-0.00239824,-0.00395337,-9883.8276,2500103.8841,OK,0.0000,395.3531,4.0000,96.0000,AG03-UNRESOLVED,ALL5_LEVELS_bet23_to_bet27,395.3531,395.3531,395.3531,395.3531,395.3531,4.000000,4.000000,4.000000,4.000000,4.000000,96.000000,96.000000,96.000000,96.000000,96.000000,5.0,1976.7655,1824.8244,7907.0621,8059.0032,PENDING_AG03,FALSE,NOT_FOR_ENFORCEMENT,9488.4745,2189415.6736,9883.8276,9488.4745,395.3531,0.00395337,0.00379523,395.3531,9488.4745,0.00379523,395.3531,395.3531,395.3531,395.3531,395.3531,9488.4745,0.00379523,1976.7655,1824.8244,7907.0621,8059.0032,0.00316269,0.00322347,0.00015813,212.5216,219.9480,0.9532,119.0823,2.3972,30121.7335,124.9277,49.0469,238.9093,36.5364,75.9244,374.9013,749.8027,789.266,1183.8989,75.8035,-1.1839,10.395423,15.593133,2.799122,29,215,300,5,0.03207536,0.00395337,0.05088190,0E-8,0.000000,0.912219,0.000000,-0.04848366,2026-03-31,2026-08-01,83,4123,1621,124,0.669355,0.205295,0.230786,0.106918,,,,,,,,GLOBAL_BASELINE_NO_ENTITY_RANKING,,,NOT_APPLICABLE_GLOBAL_BASELINE,HF9g-P5,,,,X 全窗基线 · 不参与实体赏罚,15055994,1506,A168_HF9F_20260827_0900,2026-08-27 09:00:00
2026-06-12,92755421,526,0,18.9810948295,0E-10,0E-10,,1,1,0.50665070000000000,0.506650700000,,,,0E-17,NO_DECISIVE_ROUND,R03b_20260811_FULL_v1,L1_ELIGIBILITY,v2026-08-11,2026-03-21..2026-08-06,baccarat_bet02_101_all_pairs_incl_sentinel,round_win = game_pnl > 0 (decisive only),COMPATIBILITY_ONLY_NOT_PRODUCTION,2500103.8841,2280641.3266,9883.8276,11764,10369,-0.00395337,-0.05088190,-0.00239824,-0.00395337,-9883.8276,2500103.8841,OK,0.0000,395.3531,4.0000,96.0000,AG03-UNRESOLVED,ALL5_LEVELS_bet23_to_bet27,395.3531,395.3531,395.3531,395.3531,395.3531,4.000000,4.000000,4.000000,4.000000,4.000000,96.000000,96.000000,96.000000,96.000000,96.000000,5.0,1976.7655,1824.8244,7907.0621,8059.0032,PENDING_AG03,FALSE,NOT_FOR_ENFORCEMENT,9488.4745,2189415.6736,9883.8276,9488.4745,395.3531,0.00395337,0.00379523,395.3531,9488.4745,0.00379523,395.3531,395.3531,395.3531,395.3531,395.3531,9488.4745,0.00379523,1976.7655,1824.8244,7907.0621,8059.0032,0.00316269,0.00322347,0.00015813,212.5216,219.9480,0.9532,119.0823,2.3972,30121.7335,124.9277,49.0469,238.9093,36.5364,75.9244,374.9013,749.8027,789.266,1183.8989,75.8035,-1.1839,10.395423,15.593133,2.799122,29,215,300,5,0.03207536,0.00395337,0.05088190,0E-8,0.000000,0.912219,0.000000,-0.04848366,2026-03-31,2026-08-01,83,4123,1621,124,0.669355,0.205295,0.230786,0.106918,,,,,,,,GLOBAL_BASELINE_NO_ENTITY_RANKING,,,NOT_APPLICABLE_GLOBAL_BASELINE,HF9g-P5,,,,X 全窗基线 · 不参与实体赏罚,15055995,1506,A168_HF9F_20260827_0900,2026-08-27 09:00:00
2026-06-12,92755421,986,0,18.9810948295,18.0320400881,18.0320400881,1.0000000,1,1,0.50665070000000000,0.506650700000,0.9867858985152569,0.9867858985152569,0.9867858985152569,0E-17,ELIGIBLE,R03b_20260811_FULL_v1,L1_ELIGIBILITY,v2026-08-11,2026-03-21..2026-08-06,baccarat_bet02_101_all_pairs_incl_sentinel,round_win = game_pnl > 0 (decisive only),COMPATIBILITY_ONLY_NOT_PRODUCTION,2500103.8841,2280641.3266,9883.8276,11764,10369,-0.00395337,-0.05088190,-0.00239824,-0.00395337,-9883.8276,2500103.8841,OK,0.0000,395.3531,4.0000,96.0000,AG03-UNRESOLVED,ALL5_LEVELS_bet23_to_bet27,395.3531,395.3531,395.3531,395.3531,395.3531,4.000000,4.000000,4.000000,4.000000,4.000000,96.000000,96.000000,96.000000,96.000000,96.000000,5.0,1976.7655,1824.8244,7907.0621,8059.0032,PENDING_AG03,FALSE,NOT_FOR_ENFORCEMENT,9488.4745,2189415.6736,9883.8276,9488.4745,395.3531,0.00395337,0.00379523,395.3531,9488.4745,0.00379523,395.3531,395.3531,395.3531,395.3531,395.3531,9488.4745,0.00379523,1976.7655,1824.8244,7907.0621,8059.0032,0.00316269,0.00322347,0.00015813,212.5216,219.9480,0.9532,119.0823,2.3972,30121.7335,124.9277,49.0469,238.9093,36.5364,75.9244,374.9013,749.8027,789.266,1183.8989,75.8035,-1.1839,10.395423,15.593133,2.799122,29,215,300,5,0.03207536,0.00395337,0.05088190,0E-8,0.000000,0.912219,0.000000,-0.04848366,2026-03-31,2026-08-01,83,4123,1621,124,0.669355,0.205295,0.230786,0.106918,,,,,,,,GLOBAL_BASELINE_NO_ENTITY_RANKING,,,NOT_APPLICABLE_GLOBAL_BASELINE,HF9g-P5,,,,X 全窗基线 · 不参与实体赏罚,15055996,1506,A168_HF9F_20260827_0900,2026-08-27 09:00:00
2026-06-17,92755421,-1,1,1200.7440589172,124.5159820817,124.5159820817,0.5714286,25,23,0.50089275244527759,0.480778639130,0.6464724898802225,0.8314349452498224,0.6464724898802225,0.02011411331527759,SENTINEL_DEALER,R03b_20260811_FULL_v1,L1_ELIGIBILITY,v2026-08-11,2026-03-21..2026-08-06,baccarat_bet02_101_all_pairs_incl_sentinel,round_win = game_pnl > 0 (decisive only),COMPATIBILITY_ONLY_NOT_PRODUCTION,2500103.8841,2280641.3266,9883.8276,11764,10369,-0.00395337,-0.05088190,-0.00239824,-0.00395337,-9883.8276,2500103.8841,OK,0.0000,395.3531,4.0000,96.0000,AG03-UNRESOLVED,ALL5_LEVELS_bet23_to_bet27,395.3531,395.3531,395.3531,395.3531,395.3531,4.000000,4.000000,4.000000,4.000000,4.000000,96.000000,96.000000,96.000000,96.000000,96.000000,5.0,1976.7655,1824.8244,7907.0621,8059.0032,PENDING_AG03,FALSE,NOT_FOR_ENFORCEMENT,9488.4745,2189415.6736,9883.8276,9488.4745,395.3531,0.00395337,0.00379523,395.3531,9488.4745,0.00379523,395.3531,395.3531,395.3531,395.3531,395.3531,9488.4745,0.00379523,1976.7655,1824.8244,7907.0621,8059.0032,0.00316269,0.00322347,0.00015813,212.5216,219.9480,0.9532,119.0823,2.3972,30121.7335,124.9277,49.0469,238.9093,36.5364,75.9244,374.9013,749.8027,789.266,1183.8989,75.8035,-1.1839,10.395423,15.593133,2.799122,29,215,300,5,0.03207536,0.00395337,0.05088190,0E-8,0.000000,0.912219,0.000000,-0.04848366,2026-03-31,2026-08-01,83,4123,1621,124,0.669355,0.205295,0.230786,0.106918,,,,,,,,GLOBAL_BASELINE_NO_ENTITY_RANKING,,,NOT_APPLICABLE_GLOBAL_BASELINE,HF9g-P5,,,,X 全窗基线 · 不参与实体赏罚,15055997,1506,A168_HF9F_20260827_0900,2026-08-27 09:00:00
2026-06-17,92755421,1385,0,208.7920431250,-56.9432844886,-56.9432844886,0.3333333,3,3,0.50218230000000000,0.502182300000,-0.5849155494134425,-0.5849155494134426,-0.5849155494134425,0E-17,ELIGIBLE,R03b_20260811_FULL_v1,L1_ELIGIBILITY,v2026-08-11,2026-03-21..2026-08-06,baccarat_bet02_101_all_pairs_incl_sentinel,round_win = game_pnl > 0 (decisive only),COMPATIBILITY_ONLY_NOT_PRODUCTION,2500103.8841,2280641.3266,9883.8276,11764,10369,-0.00395337,-0.05088190,-0.00239824,-0.00395337,-9883.8276,2500103.8841,OK,0.0000,395.3531,4.0000,96.0000,AG03-UNRESOLVED,ALL5_LEVELS_bet23_to_bet27,395.3531,395.3531,395.3531,395.3531,395.3531,4.000000,4.000000,4.000000,4.000000,4.000000,96.000000,96.000000,96.000000,96.000000,96.000000,5.0,1976.7655,1824.8244,7907.0621,8059.0032,PENDING_AG03,FALSE,NOT_FOR_ENFORCEMENT,9488.4745,2189415.6736,9883.8276,9488.4745,395.3531,0.00395337,0.00379523,395.3531,9488.4745,0.00379523,395.3531,395.3531,395.3531,395.3531,395.3531,9488.4745,0.00379523,1976.7655,1824.8244,7907.0621,8059.0032,0.00316269,0.00322347,0.00015813,212.5216,219.9480,0.9532,119.0823,2.3972,30121.7335,124.9277,49.0469,238.9093,36.5364,75.9244,374.9013,749.8027,789.266,1183.8989,75.8035,-1.1839,10.395423,15.593133,2.799122,29,215,300,5,0.03207536,0.00395337,0.05088190,0E-8,0.000000,0.912219,0.000000,-0.04848366,2026-03-31,2026-08-01,83,4123,1621,124,0.669355,0.205295,0.230786,0.106918,,,,,,,,GLOBAL_BASELINE_NO_ENTITY_RANKING,,,NOT_APPLICABLE_GLOBAL_BASELINE,HF9g-P5,,,,X 全窗基线 · 不参与实体赏罚,15055998,1506,A168_HF9F_20260827_0900,2026-08-27 09:00:00
2026-06-17,92755421,1654,0,113.8865689773,-113.8865689773,-113.8865689773,0E-7,2,2,0.49324550000000000,0.493245500000,-1.3952362676504506,-1.3952362676504506,-1.3952362676504506,0E-17,ELIGIBLE,R03b_20260811_FULL_v1,L1_ELIGIBILITY,v2026-08-11,2026-03-21..2026-08-06,baccarat_bet02_101_all_pairs_incl_sentinel,round_win = game_pnl > 0 (decisive only),COMPATIBILITY_ONLY_NOT_PRODUCTION,2500103.8841,2280641.3266,9883.8276,11764,10369,-0.00395337,-0.05088190,-0.00239824,-0.00395337,-9883.8276,2500103.8841,OK,0.0000,395.3531,4.0000,96.0000,AG03-UNRESOLVED,ALL5_LEVELS_bet23_to_bet27,395.3531,395.3531,395.3531,395.3531,395.3531,4.000000,4.000000,4.000000,4.000000,4.000000,96.000000,96.000000,96.000000,96.000000,96.000000,5.0,1976.7655,1824.8244,7907.0621,8059.0032,PENDING_AG03,FALSE,NOT_FOR_ENFORCEMENT,9488.4745,2189415.6736,9883.8276,9488.4745,395.3531,0.00395337,0.00379523,395.3531,9488.4745,0.00379523,395.3531,395.3531,395.3531,395.3531,395.3531,9488.4745,0.00379523,1976.7655,1824.8244,7907.0621,8059.0032,0.00316269,0.00322347,0.00015813,212.5216,219.9480,0.9532,119.0823,2.3972,30121.7335,124.9277,49.0469,238.9093,36.5364,75.9244,374.9013,749.8027,789.266,1183.8989,75.8035,-1.1839,10.395423,15.593133,2.799122,29,215,300,5,0.03207536,0.00395337,0.05088190,0E-8,0.000000,0.912219,0.000000,-0.04848366,2026-03-31,2026-08-01,83,4123,1621,124,0.669355,0.205295,0.230786,0.106918,,,,,,,,GLOBAL_BASELINE_NO_ENTITY_RANKING,,,NOT_APPLICABLE_GLOBAL_BASELINE,HF9g-P5,,,,X 全窗基线 · 不参与实体赏罚,15055999,1506,A168_HF9F_20260827_0900,2026-08-27 09:00:00
2026-06-17,92755421,1702,0,37.9621896591,-37.9621896591,-37.9621896591,0E-7,1,1,0.49324550000000000,0.493245500000,-0.9865810262130424,-0.9865810262130424,-0.9865810262130424,0E-17,ELIGIBLE,R03b_20260811_FULL_v1,L1_ELIGIBILITY,v2026-08-11,2026-03-21..2026-08-06,baccarat_bet02_101_all_pairs_incl_sentinel,round_win = game_pnl > 0 (decisive only),COMPATIBILITY_ONLY_NOT_PRODUCTION,2500103.8841,2280641.3266,9883.8276,11764,10369,-0.00395337,-0.05088190,-0.00239824,-0.00395337,-9883.8276,2500103.8841,OK,0.0000,395.3531,4.0000,96.0000,AG03-UNRESOLVED,ALL5_LEVELS_bet23_to_bet27,395.3531,395.3531,395.3531,395.3531,395.3531,4.000000,4.000000,4.000000,4.000000,4.000000,96.000000,96.000000,96.000000,96.000000,96.000000,5.0,1976.7655,1824.8244,7907.0621,8059.0032,PENDING_AG03,FALSE,NOT_FOR_ENFORCEMENT,9488.4745,2189415.6736,9883.8276,9488.4745,395.3531,0.00395337,0.00379523,395.3531,9488.4745,0.00379523,395.3531,395.3531,395.3531,395.3531,395.3531,9488.4745,0.00379523,1976.7655,1824.8244,7907.0621,8059.0032,0.00316269,0.00322347,0.00015813,212.5216,219.9480,0.9532,119.0823,2.3972,30121.7335,124.9277,49.0469,238.9093,36.5364,75.9244,374.9013,749.8027,789.266,1183.8989,75.8035,-1.1839,10.395423,15.593133,2.799122,29,215,300,5,0.03207536,0.00395337,0.05088190,0E-8,0.000000,0.912219,0.000000,-0.04848366,2026-03-31,2026-08-01,83,4123,1621,124,0.669355,0.205295,0.230786,0.106918,,,,,,,,GLOBAL_BASELINE_NO_ENTITY_RANKING,,,NOT_APPLICABLE_GLOBAL_BASELINE,HF9g-P5,,,,X 全窗基线 · 不参与实体赏罚,15056000,1506,A168_HF9F_20260827_0900,2026-08-27 09:00:00
2026-06-17,92755421,2256,0,75.9243793182,-75.9243793182,-75.9243793182,0E-7,1,1,0.50665070000000000,0.506650700000,-1.013391052207602,-1.013391052207602,-1.013391052207602,0E-17,ELIGIBLE,R03b_20260811_FULL_v1,L1_ELIGIBILITY,v2026-08-11,2026-03-21..2026-08-06,baccarat_bet02_101_all_pairs_incl_sentinel,round_win = game_pnl > 0 (decisive only),COMPATIBILITY_ONLY_NOT_PRODUCTION,2500103.8841,2280641.3266,9883.8276,11764,10369,-0.00395337,-0.05088190,-0.00239824,-0.00395337,-9883.8276,2500103.8841,OK,0.0000,395.3531,4.0000,96.0000,AG03-UNRESOLVED,ALL5_LEVELS_bet23_to_bet27,395.3531,395.3531,395.3531,395.3531,395.3531,4.000000,4.000000,4.000000,4.000000,4.000000,96.000000,96.000000,96.000000,96.000000,96.000000,5.0,1976.7655,1824.8244,7907.0621,8059.0032,PENDING_AG03,FALSE,NOT_FOR_ENFORCEMENT,9488.4745,2189415.6736,9883.8276,9488.4745,395.3531,0.00395337,0.00379523,395.3531,9488.4745,0.00379523,395.3531,395.3531,395.3531,395.3531,395.3531,9488.4745,0.00379523,1976.7655,1824.8244,7907.0621,8059.0032,0.00316269,0.00322347,0.00015813,212.5216,219.9480,0.9532,119.0823,2.3972,30121.7335,124.9277,49.0469,238.9093,36.5364,75.9244,374.9013,749.8027,789.266,1183.8989,75.8035,-1.1839,10.395423,15.593133,2.799122,29,215,300,5,0.03207536,0.00395337,0.05088190,0E-8,0.000000,0.912219,0.000000,-0.04848366,2026-03-31,2026-08-01,83,4123,1621,124,0.669355,0.205295,0.230786,0.106918,,,,,,,,GLOBAL_BASELINE_NO_ENTITY_RANKING,,,NOT_APPLICABLE_GLOBAL_BASELINE,HF9g-P5,,,,X 全窗基线 · 不参与实体赏罚,15056001,1506,A168_HF9F_20260827_0900,2026-08-27 09:00:00
2026-06-17,92755421,2281,0,30.3697517273,-30.3697517273,-30.3697517273,0E-7,1,1,0.49324550000000000,0.493245500000,-0.9865810262130424,-0.9865810262130424,-0.9865810262130424,0E-17,ELIGIBLE,R03b_20260811_FULL_v1,L1_ELIGIBILITY,v2026-08-11,2026-03-21..2026-08-06,baccarat_bet02_101_all_pairs_incl_sentinel,round_win = game_pnl > 0 (decisive only),COMPATIBILITY_ONLY_NOT_PRODUCTION,2500103.8841,2280641.3266,9883.8276,11764,10369,-0.00395337,-0.05088190,-0.00239824,-0.00395337,-9883.8276,2500103.8841,OK,0.0000,395.3531,4.0000,96.0000,AG03-UNRESOLVED,ALL5_LEVELS_bet23_to_bet27,395.3531,395.3531,395.3531,395.3531,395.3531,4.000000,4.000000,4.000000,4.000000,4.000000,96.000000,96.000000,96.000000,96.000000,96.000000,5.0,1976.7655,1824.8244,7907.0621,8059.0032,PENDING_AG03,FALSE,NOT_FOR_ENFORCEMENT,9488.4745,2189415.6736,9883.8276,9488.4745,395.3531,0.00395337,0.00379523,395.3531,9488.4745,0.00379523,395.3531,395.3531,395.3531,395.3531,395.3531,9488.4745,0.00379523,1976.7655,1824.8244,7907.0621,8059.0032,0.00316269,0.00322347,0.00015813,212.5216,219.9480,0.9532,119.0823,2.3972,30121.7335,124.9277,49.0469,238.9093,36.5364,75.9244,374.9013,749.8027,789.266,1183.8989,75.8035,-1.1839,10.395423,15.593133,2.799122,29,215,300,5,0.03207536,0.00395337,0.05088190,0E-8,0.000000,0.912219,0.000000,-0.04848366,2026-03-31,2026-08-01,83,4123,1621,124,0.669355,0.205295,0.230786,0.106918,,,,,,,,GLOBAL_BASELINE_NO_ENTITY_RANKING,,,NOT_APPLICABLE_GLOBAL_BASELINE,HF9g-P5,,,,X 全窗基线 · 不参与实体赏罚,15056002,1506,A168_HF9F_20260827_0900,2026-08-27 09:00:00
2026-06-18,92755421,-1,1,18.9810948295,-18.9810948295,-18.9810948295,0E-7,1,1,0.49324550000000000,0.493245500000,-0.9865810262130424,-0.9865810262130424,-0.9865810262130424,0E-17,SENTINEL_DEALER,R03b_20260811_FULL_v1,L1_ELIGIBILITY,v2026-08-11,2026-03-21..2026-08-06,baccarat_bet02_101_all_pairs_incl_sentinel,round_win = game_pnl > 0 (decisive only),COMPATIBILITY_ONLY_NOT_PRODUCTION,2500103.8841,2280641.3266,9883.8276,11764,10369,-0.00395337,-0.05088190,-0.00239824,-0.00395337,-9883.8276,2500103.8841,OK,0.0000,395.3531,4.0000,96.0000,AG03-UNRESOLVED,ALL5_LEVELS_bet23_to_bet27,395.3531,395.3531,395.3531,395.3531,395.3531,4.000000,4.000000,4.000000,4.000000,4.000000,96.000000,96.000000,96.000000,96.000000,96.000000,5.0,1976.7655,1824.8244,7907.0621,8059.0032,PENDING_AG03,FALSE,NOT_FOR_ENFORCEMENT,9488.4745,2189415.6736,9883.8276,9488.4745,395.3531,0.00395337,0.00379523,395.3531,9488.4745,0.00379523,395.3531,395.3531,395.3531,395.3531,395.3531,9488.4745,0.00379523,1976.7655,1824.8244,7907.0621,8059.0032,0.00316269,0.00322347,0.00015813,212.5216,219.9480,0.9532,119.0823,2.3972,30121.7335,124.9277,49.0469,238.9093,36.5364,75.9244,374.9013,749.8027,789.266,1183.8989,75.8035,-1.1839,10.395423,15.593133,2.799122,29,215,300,5,0.03207536,0.00395337,0.05088190,0E-8,0.000000,0.912219,0.000000,-0.04848366,2026-03-31,2026-08-01,83,4123,1621,124,0.669355,0.205295,0.230786,0.106918,,,,,,,,GLOBAL_BASELINE_NO_ENTITY_RANKING,,,NOT_APPLICABLE_GLOBAL_BASELINE,HF9g-P5,,,,X 全窗基线 · 不参与实体赏罚,15056003,1506,A168_HF9F_20260827_0900,2026-08-27 09:00:00
2026-06-18,92755421,1401,0,18.9810948295,-18.9810948295,-18.9810948295,0E-7,1,1,0.49324550000000000,0.493245500000,-0.9865810262130424,-0.9865810262130424,-0.9865810262130424,0E-17,ELIGIBLE,R03b_20260811_FULL_v1,L1_ELIGIBILITY,v2026-08-11,2026-03-21..2026-08-06,baccarat_bet02_101_all_pairs_incl_sentinel,round_win = game_pnl > 0 (decisive only),COMPATIBILITY_ONLY_NOT_PRODUCTION,2500103.8841,2280641.3266,9883.8276,11764,10369,-0.00395337,-0.05088190,-0.00239824,-0.00395337,-9883.8276,2500103.8841,OK,0.0000,395.3531,4.0000,96.0000,AG03-UNRESOLVED,ALL5_LEVELS_bet23_to_bet27,395.3531,395.3531,395.3531,395.3531,395.3531,4.000000,4.000000,4.000000,4.000000,4.000000,96.000000,96.000000,96.000000,96.000000,96.000000,5.0,1976.7655,1824.8244,7907.0621,8059.0032,PENDING_AG03,FALSE,NOT_FOR_ENFORCEMENT,9488.4745,2189415.6736,9883.8276,9488.4745,395.3531,0.00395337,0.00379523,395.3531,9488.4745,0.00379523,395.3531,395.3531,395.3531,395.3531,395.3531,9488.4745,0.00379523,1976.7655,1824.8244,7907.0621,8059.0032,0.00316269,0.00322347,0.00015813,212.5216,219.9480,0.9532,119.0823,2.3972,30121.7335,124.9277,49.0469,238.9093,36.5364,75.9244,374.9013,749.8027,789.266,1183.8989,75.8035,-1.1839,10.395423,15.593133,2.799122,29,215,300,5,0.03207536,0.00395337,0.05088190,0E-8,0.000000,0.912219,0.000000,-0.04848366,2026-03-31,2026-08-01,83,4123,1621,124,0.669355,0.205295,0.230786,0.106918,,,,,,,,GLOBAL_BASELINE_NO_ENTITY_RANKING,,,NOT_APPLICABLE_GLOBAL_BASELINE,HF9g-P5,,,,X 全窗基线 · 不参与实体赏罚,15056004,1506,A168_HF9F_20260827_0900,2026-08-27 09:00:00
2026-06-18,92755421,1957,0,38.3418115556,-19.3607167261,-19.3607167261,0E-7,3,2,0.50186819215673924,0.384696750000,-1.419507516343455,-1.118226170218197,-1.419507516343455,0.11717144215673924,ELIGIBLE,R03b_20260811_FULL_v1,L1_ELIGIBILITY,v2026-08-11,2026-03-21..2026-08-06,baccarat_bet02_101_all_pairs_incl_sentinel,round_win = game_pnl > 0 (decisive only),COMPATIBILITY_ONLY_NOT_PRODUCTION,2500103.8841,2280641.3266,9883.8276,11764,10369,-0.00395337,-0.05088190,-0.00239824,-0.00395337,-9883.8276,2500103.8841,OK,0.0000,395.3531,4.0000,96.0000,AG03-UNRESOLVED,ALL5_LEVELS_bet23_to_bet27,395.3531,395.3531,395.3531,395.3531,395.3531,4.000000,4.000000,4.000000,4.000000,4.000000,96.000000,96.000000,96.000000,96.000000,96.000000,5.0,1976.7655,1824.8244,7907.0621,8059.0032,PENDING_AG03,FALSE,NOT_FOR_ENFORCEMENT,9488.4745,2189415.6736,9883.8276,9488.4745,395.3531,0.00395337,0.00379523,395.3531,9488.4745,0.00379523,395.3531,395.3531,395.3531,395.3531,395.3531,9488.4745,0.00379523,1976.7655,1824.8244,7907.0621,8059.0032,0.00316269,0.00322347,0.00015813,212.5216,219.9480,0.9532,119.0823,2.3972,30121.7335,124.9277,49.0469,238.9093,36.5364,75.9244,374.9013,749.8027,789.266,1183.8989,75.8035,-1.1839,10.395423,15.593133,2.799122,29,215,300,5,0.03207536,0.00395337,0.05088190,0E-8,0.000000,0.912219,0.000000,-0.04848366,2026-03-31,2026-08-01,83,4123,1621,124,0.669355,0.205295,0.230786,0.106918,,,,,,,,GLOBAL_BASELINE_NO_ENTITY_RANKING,,,NOT_APPLICABLE_GLOBAL_BASELINE,HF9g-P5,,,,X 全窗基线 · 不参与实体赏罚,15056005,1506,A168_HF9F_20260827_0900,2026-08-27 09:00:00
2026-06-18,92755421,2229,0,41.7584086250,-41.7584086250,-41.7584086250,0E-7,2,1,0.46230380909101529,0.262742800000,-0.9272466136312623,-0.5969746651759844,-0.9272466136312623,0.19956100909101529,ELIGIBLE,R03b_20260811_FULL_v1,L1_ELIGIBILITY,v2026-08-11,2026-03-21..2026-08-06,baccarat_bet02_101_all_pairs_incl_sentinel,round_win = game_pnl > 0 (decisive only),COMPATIBILITY_ONLY_NOT_PRODUCTION,2500103.8841,2280641.3266,9883.8276,11764,10369,-0.00395337,-0.05088190,-0.00239824,-0.00395337,-9883.8276,2500103.8841,OK,0.0000,395.3531,4.0000,96.0000,AG03-UNRESOLVED,ALL5_LEVELS_bet23_to_bet27,395.3531,395.3531,395.3531,395.3531,395.3531,4.000000,4.000000,4.000000,4.000000,4.000000,96.000000,96.000000,96.000000,96.000000,96.000000,5.0,1976.7655,1824.8244,7907.0621,8059.0032,PENDING_AG03,FALSE,NOT_FOR_ENFORCEMENT,9488.4745,2189415.6736,9883.8276,9488.4745,395.3531,0.00395337,0.00379523,395.3531,9488.4745,0.00379523,395.3531,395.3531,395.3531,395.3531,395.3531,9488.4745,0.00379523,1976.7655,1824.8244,7907.0621,8059.0032,0.00316269,0.00322347,0.00015813,212.5216,219.9480,0.9532,119.0823,2.3972,30121.7335,124.9277,49.0469,238.9093,36.5364,75.9244,374.9013,749.8027,789.266,1183.8989,75.8035,-1.1839,10.395423,15.593133,2.799122,29,215,300,5,0.03207536,0.00395337,0.05088190,0E-8,0.000000,0.912219,0.000000,-0.04848366,2026-03-31,2026-08-01,83,4123,1621,124,0.669355,0.205295,0.230786,0.106918,,,,,,,,GLOBAL_BASELINE_NO_ENTITY_RANKING,,,NOT_APPLICABLE_GLOBAL_BASELINE,HF9g-P5,,,,X 全窗基线 · 不参与实体赏罚,15056006,1506,A168_HF9F_20260827_0900,2026-08-27 09:00:00
2026-06-18,92755421,763,0,37.9621896590,0E-10,0E-10,0.5000000,2,2,0.49994810000000000,0.499948100000,0.00014679536856514622,0.00014679536856514622,0.00014679536856514622,0E-17,ELIGIBLE,R03b_20260811_FULL_v1,L1_ELIGIBILITY,v2026-08-11,2026-03-21..2026-08-06,baccarat_bet02_101_all_pairs_incl_sentinel,round_win = game_pnl > 0 (decisive only),COMPATIBILITY_ONLY_NOT_PRODUCTION,2500103.8841,2280641.3266,9883.8276,11764,10369,-0.00395337,-0.05088190,-0.00239824,-0.00395337,-9883.8276,2500103.8841,OK,0.0000,395.3531,4.0000,96.0000,AG03-UNRESOLVED,ALL5_LEVELS_bet23_to_bet27,395.3531,395.3531,395.3531,395.3531,395.3531,4.000000,4.000000,4.000000,4.000000,4.000000,96.000000,96.000000,96.000000,96.000000,96.000000,5.0,1976.7655,1824.8244,7907.0621,8059.0032,PENDING_AG03,FALSE,NOT_FOR_ENFORCEMENT,9488.4745,2189415.6736,9883.8276,9488.4745,395.3531,0.00395337,0.00379523,395.3531,9488.4745,0.00379523,395.3531,395.3531,395.3531,395.3531,395.3531,9488.4745,0.00379523,1976.7655,1824.8244,7907.0621,8059.0032,0.00316269,0.00322347,0.00015813,212.5216,219.9480,0.9532,119.0823,2.3972,30121.7335,124.9277,49.0469,238.9093,36.5364,75.9244,374.9013,749.8027,789.266,1183.8989,75.8035,-1.1839,10.395423,15.593133,2.799122,29,215,300,5,0.03207536,0.00395337,0.05088190,0E-8,0.000000,0.912219,0.000000,-0.04848366,2026-03-31,2026-08-01,83,4123,1621,124,0.669355,0.205295,0.230786,0.106918,,,,,,,,GLOBAL_BASELINE_NO_ENTITY_RANKING,,,NOT_APPLICABLE_GLOBAL_BASELINE,HF9g-P5,,,,X 全窗基线 · 不参与实体赏罚,15056007,1506,A168_HF9F_20260827_0900,2026-08-27 09:00:00
2026-06-19,92755421,-1,1,7650.1404601017,198.0297623567,198.0297623567,0.5333333,38,32,0.49698702358528849,0.453377543750,0.39816110372150876,0.8797044856353148,0.39816110372150876,0.04360947983528849,SENTINEL_DEALER,R03b_20260811_FULL_v1,L1_ELIGIBILITY,v2026-08-11,2026-03-21..2026-08-06,baccarat_bet02_101_all_pairs_incl_sentinel,round_win = game_pnl > 0 (decisive only),COMPATIBILITY_ONLY_NOT_PRODUCTION,2500103.8841,2280641.3266,9883.8276,11764,10369,-0.00395337,-0.05088190,-0.00239824,-0.00395337,-9883.8276,2500103.8841,OK,0.0000,395.3531,4.0000,96.0000,AG03-UNRESOLVED,ALL5_LEVELS_bet23_to_bet27,395.3531,395.3531,395.3531,395.3531,395.3531,4.000000,4.000000,4.000000,4.000000,4.000000,96.000000,96.000000,96.000000,96.000000,96.000000,5.0,1976.7655,1824.8244,7907.0621,8059.0032,PENDING_AG03,FALSE,NOT_FOR_ENFORCEMENT,9488.4745,2189415.6736,9883.8276,9488.4745,395.3531,0.00395337,0.00379523,395.3531,9488.4745,0.00379523,395.3531,395.3531,395.3531,395.3531,395.3531,9488.4745,0.00379523,1976.7655,1824.8244,7907.0621,8059.0032,0.00316269,0.00322347,0.00015813,212.5216,219.9480,0.9532,119.0823,2.3972,30121.7335,124.9277,49.0469,238.9093,36.5364,75.9244,374.9013,749.8027,789.266,1183.8989,75.8035,-1.1839,10.395423,15.593133,2.799122,29,215,300,5,0.03207536,0.00395337,0.05088190,0E-8,0.000000,0.912219,0.000000,-0.04848366,2026-03-31,2026-08-01,83,4123,1621,124,0.669355,0.205295,0.230786,0.106918,,,,,,,,GLOBAL_BASELINE_NO_ENTITY_RANKING,,,NOT_APPLICABLE_GLOBAL_BASELINE,HF9g-P5,,,,X 全窗基线 · 不参与实体赏罚,15056008,1506,A168_HF9F_20260827_0900,2026-08-27 09:00:00
2026-06-19,92755421,1078,0,151.8487586364,-151.8487586364,-151.8487586364,0E-7,1,1,0.50665070000000000,0.506650700000,-1.013391052207602,-1.013391052207602,-1.013391052207602,0E-17,ELIGIBLE,R03b_20260811_FULL_v1,L1_ELIGIBILITY,v2026-08-11,2026-03-21..2026-08-06,baccarat_bet02_101_all_pairs_incl_sentinel,round_win = game_pnl > 0 (decisive only),COMPATIBILITY_ONLY_NOT_PRODUCTION,2500103.8841,2280641.3266,9883.8276,11764,10369,-0.00395337,-0.05088190,-0.00239824,-0.00395337,-9883.8276,2500103.8841,OK,0.0000,395.3531,4.0000,96.0000,AG03-UNRESOLVED,ALL5_LEVELS_bet23_to_bet27,395.3531,395.3531,395.3531,395.3531,395.3531,4.000000,4.000000,4.000000,4.000000,4.000000,96.000000,96.000000,96.000000,96.000000,96.000000,5.0,1976.7655,1824.8244,7907.0621,8059.0032,PENDING_AG03,FALSE,NOT_FOR_ENFORCEMENT,9488.4745,2189415.6736,9883.8276,9488.4745,395.3531,0.00395337,0.00379523,395.3531,9488.4745,0.00379523,395.3531,395.3531,395.3531,395.3531,395.3531,9488.4745,0.00379523,1976.7655,1824.8244,7907.0621,8059.0032,0.00316269,0.00322347,0.00015813,212.5216,219.9480,0.9532,119.0823,2.3972,30121.7335,124.9277,49.0469,238.9093,36.5364,75.9244,374.9013,749.8027,789.266,1183.8989,75.8035,-1.1839,10.395423,15.593133,2.799122,29,215,300,5,0.03207536,0.00395337,0.05088190,0E-8,0.000000,0.912219,0.000000,-0.04848366,2026-03-31,2026-08-01,83,4123,1621,124,0.669355,0.205295,0.230786,0.106918,,,,,,,,GLOBAL_BASELINE_NO_ENTITY_RANKING,,,NOT_APPLICABLE_GLOBAL_BASELINE,HF9g-P5,,,,X 全窗基线 · 不参与实体赏罚,15056009,1506,A168_HF9F_20260827_0900,2026-08-27 09:00:00
2026-06-19,92755421,1109,0,1461.5443018753,361.5898565029,361.5898565029,0.6666667,4,4,0.50665070000000000,0.506650700000,0.5543606114942035,0.5543606114942035,0.5543606114942035,0E-17,ELIGIBLE,R03b_20260811_FULL_v1,L1_ELIGIBILITY,v2026-08-11,2026-03-21..2026-08-06,baccarat_bet02_101_all_pairs_incl_sentinel,round_win = game_pnl > 0 (decisive only),COMPATIBILITY_ONLY_NOT_PRODUCTION,2500103.8841,2280641.3266,9883.8276,11764,10369,-0.00395337,-0.05088190,-0.00239824,-0.00395337,-9883.8276,2500103.8841,OK,0.0000,395.3531,4.0000,96.0000,AG03-UNRESOLVED,ALL5_LEVELS_bet23_to_bet27,395.3531,395.3531,395.3531,395.3531,395.3531,4.000000,4.000000,4.000000,4.000000,4.000000,96.000000,96.000000,96.000000,96.000000,96.000000,5.0,1976.7655,1824.8244,7907.0621,8059.0032,PENDING_AG03,FALSE,NOT_FOR_ENFORCEMENT,9488.4745,2189415.6736,9883.8276,9488.4745,395.3531,0.00395337,0.00379523,395.3531,9488.4745,0.00379523,395.3531,395.3531,395.3531,395.3531,395.3531,9488.4745,0.00379523,1976.7655,1824.8244,7907.0621,8059.0032,0.00316269,0.00322347,0.00015813,212.5216,219.9480,0.9532,119.0823,2.3972,30121.7335,124.9277,49.0469,238.9093,36.5364,75.9244,374.9013,749.8027,789.266,1183.8989,75.8035,-1.1839,10.395423,15.593133,2.799122,29,215,300,5,0.03207536,0.00395337,0.05088190,0E-8,0.000000,0.912219,0.000000,-0.04848366,2026-03-31,2026-08-01,83,4123,1621,124,0.669355,0.205295,0.230786,0.106918,,,,,,,,GLOBAL_BASELINE_NO_ENTITY_RANKING,,,NOT_APPLICABLE_GLOBAL_BASELINE,HF9g-P5,,,,X 全窗基线 · 不参与实体赏罚,15056010,1506,A168_HF9F_20260827_0900,2026-08-27 09:00:00
2026-06-19,92755421,1115,0,1009.7942449321,265.7353276137,265.7353276137,0.6666667,7,7,0.49707555714285714,0.497075557143,0.8308375778672678,0.8308375778665665,0.8308375778672678,-1.4286E-13,ELIGIBLE,R03b_20260811_FULL_v1,L1_ELIGIBILITY,v2026-08-11,2026-03-21..2026-08-06,baccarat_bet02_101_all_pairs_incl_sentinel,round_win = game_pnl > 0 (decisive only),COMPATIBILITY_ONLY_NOT_PRODUCTION,2500103.8841,2280641.3266,9883.8276,11764,10369,-0.00395337,-0.05088190,-0.00239824,-0.00395337,-9883.8276,2500103.8841,OK,0.0000,395.3531,4.0000,96.0000,AG03-UNRESOLVED,ALL5_LEVELS_bet23_to_bet27,395.3531,395.3531,395.3531,395.3531,395.3531,4.000000,4.000000,4.000000,4.000000,4.000000,96.000000,96.000000,96.000000,96.000000,96.000000,5.0,1976.7655,1824.8244,7907.0621,8059.0032,PENDING_AG03,FALSE,NOT_FOR_ENFORCEMENT,9488.4745,2189415.6736,9883.8276,9488.4745,395.3531,0.00395337,0.00379523,395.3531,9488.4745,0.00379523,395.3531,395.3531,395.3531,395.3531,395.3531,9488.4745,0.00379523,1976.7655,1824.8244,7907.0621,8059.0032,0.00316269,0.00322347,0.00015813,212.5216,219.9480,0.9532,119.0823,2.3972,30121.7335,124.9277,49.0469,238.9093,36.5364,75.9244,374.9013,749.8027,789.266,1183.8989,75.8035,-1.1839,10.395423,15.593133,2.799122,29,215,300,5,0.03207536,0.00395337,0.05088190,0E-8,0.000000,0.912219,0.000000,-0.04848366,2026-03-31,2026-08-01,83,4123,1621,124,0.669355,0.205295,0.230786,0.106918,,,,,,,,GLOBAL_BASELINE_NO_ENTITY_RANKING,,,NOT_APPLICABLE_GLOBAL_BASELINE,HF9g-P5,,,,X 全窗基线 · 不参与实体赏罚,15056011,1506,A168_HF9F_20260827_0900,2026-08-27 09:00:00
2026-06-19,92755421,1353,0,592.5897805786,132.8676638068,132.8676638068,0.6666667,5,4,0.49964476841431510,0.440646775000,0.578580973521027,0.7885312667700745,0.578580973521027,0.05899799341431510,ELIGIBLE,R03b_20260811_FULL_v1,L1_ELIGIBILITY,v2026-08-11,2026-03-21..2026-08-06,baccarat_bet02_101_all_pairs_incl_sentinel,round_win = game_pnl > 0 (decisive only),COMPATIBILITY_ONLY_NOT_PRODUCTION,2500103.8841,2280641.3266,9883.8276,11764,10369,-0.00395337,-0.05088190,-0.00239824,-0.00395337,-9883.8276,2500103.8841,OK,0.0000,395.3531,4.0000,96.0000,AG03-UNRESOLVED,ALL5_LEVELS_bet23_to_bet27,395.3531,395.3531,395.3531,395.3531,395.3531,4.000000,4.000000,4.000000,4.000000,4.000000,96.000000,96.000000,96.000000,96.000000,96.000000,5.0,1976.7655,1824.8244,7907.0621,8059.0032,PENDING_AG03,FALSE,NOT_FOR_ENFORCEMENT,9488.4745,2189415.6736,9883.8276,9488.4745,395.3531,0.00395337,0.00379523,395.3531,9488.4745,0.00379523,395.3531,395.3531,395.3531,395.3531,395.3531,9488.4745,0.00379523,1976.7655,1824.8244,7907.0621,8059.0032,0.00316269,0.00322347,0.00015813,212.5216,219.9480,0.9532,119.0823,2.3972,30121.7335,124.9277,49.0469,238.9093,36.5364,75.9244,374.9013,749.8027,789.266,1183.8989,75.8035,-1.1839,10.395423,15.593133,2.799122,29,215,300,5,0.03207536,0.00395337,0.05088190,0E-8,0.000000,0.912219,0.000000,-0.04848366,2026-03-31,2026-08-01,83,4123,1621,124,0.669355,0.205295,0.230786,0.106918,,,,,,,,GLOBAL_BASELINE_NO_ENTITY_RANKING,,,NOT_APPLICABLE_GLOBAL_BASELINE,HF9g-P5,,,,X 全窗基线 · 不参与实体赏罚,15056012,1506,A168_HF9F_20260827_0900,2026-08-27 09:00:00
2026-06-19,92755421,1509,0,151.8487586364,-151.8487586364,-151.8487586364,0E-7,1,1,0.50665070000000000,0.506650700000,-1.013391052207602,-1.013391052207602,-1.013391052207602,0E-17,ELIGIBLE,R03b_20260811_FULL_v1,L1_ELIGIBILITY,v2026-08-11,2026-03-21..2026-08-06,baccarat_bet02_101_all_pairs_incl_sentinel,round_win = game_pnl > 0 (decisive only),COMPATIBILITY_ONLY_NOT_PRODUCTION,2500103.8841,2280641.3266,9883.8276,11764,10369,-0.00395337,-0.05088190,-0.00239824,-0.00395337,-9883.8276,2500103.8841,OK,0.0000,395.3531,4.0000,96.0000,AG03-UNRESOLVED,ALL5_LEVELS_bet23_to_bet27,395.3531,395.3531,395.3531,395.3531,395.3531,4.000000,4.000000,4.000000,4.000000,4.000000,96.000000,96.000000,96.000000,96.000000,96.000000,5.0,1976.7655,1824.8244,7907.0621,8059.0032,PENDING_AG03,FALSE,NOT_FOR_ENFORCEMENT,9488.4745,2189415.6736,9883.8276,9488.4745,395.3531,0.00395337,0.00379523,395.3531,9488.4745,0.00379523,395.3531,395.3531,395.3531,395.3531,395.3531,9488.4745,0.00379523,1976.7655,1824.8244,7907.0621,8059.0032,0.00316269,0.00322347,0.00015813,212.5216,219.9480,0.9532,119.0823,2.3972,30121.7335,124.9277,49.0469,238.9093,36.5364,75.9244,374.9013,749.8027,789.266,1183.8989,75.8035,-1.1839,10.395423,15.593133,2.799122,29,215,300,5,0.03207536,0.00395337,0.05088190,0E-8,0.000000,0.912219,0.000000,-0.04848366,2026-03-31,2026-08-01,83,4123,1621,124,0.669355,0.205295,0.230786,0.106918,,,,,,,,GLOBAL_BASELINE_NO_ENTITY_RANKING,,,NOT_APPLICABLE_GLOBAL_BASELINE,HF9g-P5,,,,X 全窗基线 · 不参与实体赏罚,15056013,1506,A168_HF9F_20260827_0900,2026-08-27 09:00:00
2026-06-19,92755421,1646,0,132.8676638068,132.8676638068,132.8676638068,1.0000000,1,1,0.49324550000000000,0.493245500000,1.01360149184955,1.01360149184955,1.01360149184955,0E-17,ELIGIBLE,R03b_20260811_FULL_v1,L1_ELIGIBILITY,v2026-08-11,2026-03-21..2026-08-06,baccarat_bet02_101_all_pairs_incl_sentinel,round_win = game_pnl > 0 (decisive only),COMPATIBILITY_ONLY_NOT_PRODUCTION,2500103.8841,2280641.3266,9883.8276,11764,10369,-0.00395337,-0.05088190,-0.00239824,-0.00395337,-9883.8276,2500103.8841,OK,0.0000,395.3531,4.0000,96.0000,AG03-UNRESOLVED,ALL5_LEVELS_bet23_to_bet27,395.3531,395.3531,395.3531,395.3531,395.3531,4.000000,4.000000,4.000000,4.000000,4.000000,96.000000,96.000000,96.000000,96.000000,96.000000,5.0,1976.7655,1824.8244,7907.0621,8059.0032,PENDING_AG03,FALSE,NOT_FOR_ENFORCEMENT,9488.4745,2189415.6736,9883.8276,9488.4745,395.3531,0.00395337,0.00379523,395.3531,9488.4745,0.00379523,395.3531,395.3531,395.3531,395.3531,395.3531,9488.4745,0.00379523,1976.7655,1824.8244,7907.0621,8059.0032,0.00316269,0.00322347,0.00015813,212.5216,219.9480,0.9532,119.0823,2.3972,30121.7335,124.9277,49.0469,238.9093,36.5364,75.9244,374.9013,749.8027,789.266,1183.8989,75.8035,-1.1839,10.395423,15.593133,2.799122,29,215,300,5,0.03207536,0.00395337,0.05088190,0E-8,0.000000,0.912219,0.000000,-0.04848366,2026-03-31,2026-08-01,83,4123,1621,124,0.669355,0.205295,0.230786,0.106918,,,,,,,,GLOBAL_BASELINE_NO_ENTITY_RANKING,,,NOT_APPLICABLE_GLOBAL_BASELINE,HF9g-P5,,,,X 全窗基线 · 不参与实体赏罚,15056014,1506,A168_HF9F_20260827_0900,2026-08-27 09:00:00
2026-06-19,92755421,1710,0,873.1303621593,75.9243793182,75.9243793182,0.6666667,4,4,0.49659680000000000,0.496596800000,0.5891529468324541,0.589152946832454,0.5891529468324541,0E-17,ELIGIBLE,R03b_20260811_FULL_v1,L1_ELIGIBILITY,v2026-08-11,2026-03-21..2026-08-06,baccarat_bet02_101_all_pairs_incl_sentinel,round_win = game_pnl > 0 (decisive only),COMPATIBILITY_ONLY_NOT_PRODUCTION,2500103.8841,2280641.3266,9883.8276,11764,10369,-0.00395337,-0.05088190,-0.00239824,-0.00395337,-9883.8276,2500103.8841,OK,0.0000,395.3531,4.0000,96.0000,AG03-UNRESOLVED,ALL5_LEVELS_bet23_to_bet27,395.3531,395.3531,395.3531,395.3531,395.3531,4.000000,4.000000,4.000000,4.000000,4.000000,96.000000,96.000000,96.000000,96.000000,96.000000,5.0,1976.7655,1824.8244,7907.0621,8059.0032,PENDING_AG03,FALSE,NOT_FOR_ENFORCEMENT,9488.4745,2189415.6736,9883.8276,9488.4745,395.3531,0.00395337,0.00379523,395.3531,9488.4745,0.00379523,395.3531,395.3531,395.3531,395.3531,395.3531,9488.4745,0.00379523,1976.7655,1824.8244,7907.0621,8059.0032,0.00316269,0.00322347,0.00015813,212.5216,219.9480,0.9532,119.0823,2.3972,30121.7335,124.9277,49.0469,238.9093,36.5364,75.9244,374.9013,749.8027,789.266,1183.8989,75.8035,-1.1839,10.395423,15.593133,2.799122,29,215,300,5,0.03207536,0.00395337,0.05088190,0E-8,0.000000,0.912219,0.000000,-0.04848366,2026-03-31,2026-08-01,83,4123,1621,124,0.669355,0.205295,0.230786,0.106918,,,,,,,,GLOBAL_BASELINE_NO_ENTITY_RANKING,,,NOT_APPLICABLE_GLOBAL_BASELINE,HF9g-P5,,,,X 全窗基线 · 不参与实体赏罚,15056015,1506,A168_HF9F_20260827_0900,2026-08-27 09:00:00
2026-06-19,92755421,1942,0,1100.9035001139,324.5767215853,324.5767215853,0.6666667,3,3,0.50218230000000000,0.502182300000,0.5697959874915163,0.5697959874915164,0.5697959874915163,0E-17,ELIGIBLE,R03b_20260811_FULL_v1,L1_ELIGIBILITY,v2026-08-11,2026-03-21..2026-08-06,baccarat_bet02_101_all_pairs_incl_sentinel,round_win = game_pnl > 0 (decisive only),COMPATIBILITY_ONLY_NOT_PRODUCTION,2500103.8841,2280641.3266,9883.8276,11764,10369,-0.00395337,-0.05088190,-0.00239824,-0.00395337,-9883.8276,2500103.8841,OK,0.0000,395.3531,4.0000,96.0000,AG03-UNRESOLVED,ALL5_LEVELS_bet23_to_bet27,395.3531,395.3531,395.3531,395.3531,395.3531,4.000000,4.000000,4.000000,4.000000,4.000000,96.000000,96.000000,96.000000,96.000000,96.000000,5.0,1976.7655,1824.8244,7907.0621,8059.0032,PENDING_AG03,FALSE,NOT_FOR_ENFORCEMENT,9488.4745,2189415.6736,9883.8276,9488.4745,395.3531,0.00395337,0.00379523,395.3531,9488.4745,0.00379523,395.3531,395.3531,395.3531,395.3531,395.3531,9488.4745,0.00379523,1976.7655,1824.8244,7907.0621,8059.0032,0.00316269,0.00322347,0.00015813,212.5216,219.9480,0.9532,119.0823,2.3972,30121.7335,124.9277,49.0469,238.9093,36.5364,75.9244,374.9013,749.8027,789.266,1183.8989,75.8035,-1.1839,10.395423,15.593133,2.799122,29,215,300,5,0.03207536,0.00395337,0.05088190,0E-8,0.000000,0.912219,0.000000,-0.04848366,2026-03-31,2026-08-01,83,4123,1621,124,0.669355,0.205295,0.230786,0.106918,,,,,,,,GLOBAL_BASELINE_NO_ENTITY_RANKING,,,NOT_APPLICABLE_GLOBAL_BASELINE,HF9g-P5,,,,X 全窗基线 · 不参与实体赏罚,15056016,1506,A168_HF9F_20260827_0900,2026-08-27 09:00:00
2026-06-19,92755421,2093,0,296.1050793410,0E-10,0E-10,0.5000000,2,2,0.49994810000000000,0.499948100000,0.00014679536856514622,0.00014679536856514622,0.00014679536856514622,0E-17,ELIGIBLE,R03b_20260811_FULL_v1,L1_ELIGIBILITY,v2026-08-11,2026-03-21..2026-08-06,baccarat_bet02_101_all_pairs_incl_sentinel,round_win = game_pnl > 0 (decisive only),COMPATIBILITY_ONLY_NOT_PRODUCTION,2500103.8841,2280641.3266,9883.8276,11764,10369,-0.00395337,-0.05088190,-0.00239824,-0.00395337,-9883.8276,2500103.8841,OK,0.0000,395.3531,4.0000,96.0000,AG03-UNRESOLVED,ALL5_LEVELS_bet23_to_bet27,395.3531,395.3531,395.3531,395.3531,395.3531,4.000000,4.000000,4.000000,4.000000,4.000000,96.000000,96.000000,96.000000,96.000000,96.000000,5.0,1976.7655,1824.8244,7907.0621,8059.0032,PENDING_AG03,FALSE,NOT_FOR_ENFORCEMENT,9488.4745,2189415.6736,9883.8276,9488.4745,395.3531,0.00395337,0.00379523,395.3531,9488.4745,0.00379523,395.3531,395.3531,395.3531,395.3531,395.3531,9488.4745,0.00379523,1976.7655,1824.8244,7907.0621,8059.0032,0.00316269,0.00322347,0.00015813,212.5216,219.9480,0.9532,119.0823,2.3972,30121.7335,124.9277,49.0469,238.9093,36.5364,75.9244,374.9013,749.8027,789.266,1183.8989,75.8035,-1.1839,10.395423,15.593133,2.799122,29,215,300,5,0.03207536,0.00395337,0.05088190,0E-8,0.000000,0.912219,0.000000,-0.04848366,2026-03-31,2026-08-01,83,4123,1621,124,0.669355,0.205295,0.230786,0.106918,,,,,,,,GLOBAL_BASELINE_NO_ENTITY_RANKING,,,NOT_APPLICABLE_GLOBAL_BASELINE,HF9g-P5,,,,X 全窗基线 · 不参与实体赏罚,15056017,1506,A168_HF9F_20260827_0900,2026-08-27 09:00:00
2026-06-19,92755421,2106,0,305.5956267558,-305.5956267558,-305.5956267558,0E-7,1,1,0.49324550000000000,0.493245500000,-0.9865810262130424,-0.9865810262130424,-0.9865810262130424,0E-17,ELIGIBLE,R03b_20260811_FULL_v1,L1_ELIGIBILITY,v2026-08-11,2026-03-21..2026-08-06,baccarat_bet02_101_all_pairs_incl_sentinel,round_win = game_pnl > 0 (decisive only),COMPATIBILITY_ONLY_NOT_PRODUCTION,2500103.8841,2280641.3266,9883.8276,11764,10369,-0.00395337,-0.05088190,-0.00239824,-0.00395337,-9883.8276,2500103.8841,OK,0.0000,395.3531,4.0000,96.0000,AG03-UNRESOLVED,ALL5_LEVELS_bet23_to_bet27,395.3531,395.3531,395.3531,395.3531,395.3531,4.000000,4.000000,4.000000,4.000000,4.000000,96.000000,96.000000,96.000000,96.000000,96.000000,5.0,1976.7655,1824.8244,7907.0621,8059.0032,PENDING_AG03,FALSE,NOT_FOR_ENFORCEMENT,9488.4745,2189415.6736,9883.8276,9488.4745,395.3531,0.00395337,0.00379523,395.3531,9488.4745,0.00379523,395.3531,395.3531,395.3531,395.3531,395.3531,9488.4745,0.00379523,1976.7655,1824.8244,7907.0621,8059.0032,0.00316269,0.00322347,0.00015813,212.5216,219.9480,0.9532,119.0823,2.3972,30121.7335,124.9277,49.0469,238.9093,36.5364,75.9244,374.9013,749.8027,789.266,1183.8989,75.8035,-1.1839,10.395423,15.593133,2.799122,29,215,300,5,0.03207536,0.00395337,0.05088190,0E-8,0.000000,0.912219,0.000000,-0.04848366,2026-03-31,2026-08-01,83,4123,1621,124,0.669355,0.205295,0.230786,0.106918,,,,,,,,GLOBAL_BASELINE_NO_ENTITY_RANKING,,,NOT_APPLICABLE_GLOBAL_BASELINE,HF9g-P5,,,,X 全窗基线 · 不参与实体赏罚,15056018,1506,A168_HF9F_20260827_0900,2026-08-27 09:00:00
2026-06-19,92755421,2123,0,1043.9602156252,-778.2248880116,-778.2248880116,0.2500000,4,4,0.49994810000000000,0.499948100000,-0.9997924053861017,-0.9997924053861017,-0.9997924053861017,0E-17,ELIGIBLE,R03b_20260811_FULL_v1,L1_ELIGIBILITY,v2026-08-11,2026-03-21..2026-08-06,baccarat_bet02_101_all_pairs_incl_sentinel,round_win = game_pnl > 0 (decisive only),COMPATIBILITY_ONLY_NOT_PRODUCTION,2500103.8841,2280641.3266,9883.8276,11764,10369,-0.00395337,-0.05088190,-0.00239824,-0.00395337,-9883.8276,2500103.8841,OK,0.0000,395.3531,4.0000,96.0000,AG03-UNRESOLVED,ALL5_LEVELS_bet23_to_bet27,395.3531,395.3531,395.3531,395.3531,395.3531,4.000000,4.000000,4.000000,4.000000,4.000000,96.000000,96.000000,96.000000,96.000000,96.000000,5.0,1976.7655,1824.8244,7907.0621,8059.0032,PENDING_AG03,FALSE,NOT_FOR_ENFORCEMENT,9488.4745,2189415.6736,9883.8276,9488.4745,395.3531,0.00395337,0.00379523,395.3531,9488.4745,0.00379523,395.3531,395.3531,395.3531,395.3531,395.3531,9488.4745,0.00379523,1976.7655,1824.8244,7907.0621,8059.0032,0.00316269,0.00322347,0.00015813,212.5216,219.9480,0.9532,119.0823,2.3972,30121.7335,124.9277,49.0469,238.9093,36.5364,75.9244,374.9013,749.8027,789.266,1183.8989,75.8035,-1.1839,10.395423,15.593133,2.799122,29,215,300,5,0.03207536,0.00395337,0.05088190,0E-8,0.000000,0.912219,0.000000,-0.04848366,2026-03-31,2026-08-01,83,4123,1621,124,0.669355,0.205295,0.230786,0.106918,,,,,,,,GLOBAL_BASELINE_NO_ENTITY_RANKING,,,NOT_APPLICABLE_GLOBAL_BASELINE,HF9g-P5,,,,X 全窗基线 · 不参与实体赏罚,15056019,1506,A168_HF9F_20260827_0900,2026-08-27 09:00:00
2026-06-19,92755421,2134,0,132.8676638068,-132.8676638068,-132.8676638068,0E-7,1,1,0.50665070000000000,0.506650700000,-1.013391052207602,-1.013391052207602,-1.013391052207602,0E-17,ELIGIBLE,R03b_20260811_FULL_v1,L1_ELIGIBILITY,v2026-08-11,2026-03-21..2026-08-06,baccarat_bet02_101_all_pairs_incl_sentinel,round_win = game_pnl > 0 (decisive only),COMPATIBILITY_ONLY_NOT_PRODUCTION,2500103.8841,2280641.3266,9883.8276,11764,10369,-0.00395337,-0.05088190,-0.00239824,-0.00395337,-9883.8276,2500103.8841,OK,0.0000,395.3531,4.0000,96.0000,AG03-UNRESOLVED,ALL5_LEVELS_bet23_to_bet27,395.3531,395.3531,395.3531,395.3531,395.3531,4.000000,4.000000,4.000000,4.000000,4.000000,96.000000,96.000000,96.000000,96.000000,96.000000,5.0,1976.7655,1824.8244,7907.0621,8059.0032,PENDING_AG03,FALSE,NOT_FOR_ENFORCEMENT,9488.4745,2189415.6736,9883.8276,9488.4745,395.3531,0.00395337,0.00379523,395.3531,9488.4745,0.00379523,395.3531,395.3531,395.3531,395.3531,395.3531,9488.4745,0.00379523,1976.7655,1824.8244,7907.0621,8059.0032,0.00316269,0.00322347,0.00015813,212.5216,219.9480,0.9532,119.0823,2.3972,30121.7335,124.9277,49.0469,238.9093,36.5364,75.9244,374.9013,749.8027,789.266,1183.8989,75.8035,-1.1839,10.395423,15.593133,2.799122,29,215,300,5,0.03207536,0.00395337,0.05088190,0E-8,0.000000,0.912219,0.000000,-0.04848366,2026-03-31,2026-08-01,83,4123,1621,124,0.669355,0.205295,0.230786,0.106918,,,,,,,,GLOBAL_BASELINE_NO_ENTITY_RANKING,,,NOT_APPLICABLE_GLOBAL_BASELINE,HF9g-P5,,,,X 全窗基线 · 不参与实体赏罚,15056020,1506,A168_HF9F_20260827_0900,2026-08-27 09:00:00
2026-06-19,92755421,2201,0,151.8487586364,-151.8487586364,-151.8487586364,0E-7,1,1,0.50665070000000000,0.506650700000,-1.013391052207602,-1.013391052207602,-1.013391052207602,0E-17,ELIGIBLE,R03b_20260811_FULL_v1,L1_ELIGIBILITY,v2026-08-11,2026-03-21..2026-08-06,baccarat_bet02_101_all_pairs_incl_sentinel,round_win = game_pnl > 0 (decisive only),COMPATIBILITY_ONLY_NOT_PRODUCTION,2500103.8841,2280641.3266,9883.8276,11764,10369,-0.00395337,-0.05088190,-0.00239824,-0.00395337,-9883.8276,2500103.8841,OK,0.0000,395.3531,4.0000,96.0000,AG03-UNRESOLVED,ALL5_LEVELS_bet23_to_bet27,395.3531,395.3531,395.3531,395.3531,395.3531,4.000000,4.000000,4.000000,4.000000,4.000000,96.000000,96.000000,96.000000,96.000000,96.000000,5.0,1976.7655,1824.8244,7907.0621,8059.0032,PENDING_AG03,FALSE,NOT_FOR_ENFORCEMENT,9488.4745,2189415.6736,9883.8276,9488.4745,395.3531,0.00395337,0.00379523,395.3531,9488.4745,0.00379523,395.3531,395.3531,395.3531,395.3531,395.3531,9488.4745,0.00379523,1976.7655,1824.8244,7907.0621,8059.0032,0.00316269,0.00322347,0.00015813,212.5216,219.9480,0.9532,119.0823,2.3972,30121.7335,124.9277,49.0469,238.9093,36.5364,75.9244,374.9013,749.8027,789.266,1183.8989,75.8035,-1.1839,10.395423,15.593133,2.799122,29,215,300,5,0.03207536,0.00395337,0.05088190,0E-8,0.000000,0.912219,0.000000,-0.04848366,2026-03-31,2026-08-01,83,4123,1621,124,0.669355,0.205295,0.230786,0.106918,,,,,,,,GLOBAL_BASELINE_NO_ENTITY_RANKING,,,NOT_APPLICABLE_GLOBAL_BASELINE,HF9g-P5,,,,X 全窗基线 · 不参与实体赏罚,15056021,1506,A168_HF9F_20260827_0900,2026-08-27 09:00:00
2026-06-19,92755421,2216,0,669.6530255865,4.1758408625,4.1758408625,0.5000000,5,4,0.49398696173595552,0.437295475000,0.024053892534418538,0.2528140363457515,0.024053892534418538,0.05669148673595552,ELIGIBLE,R03b_20260811_FULL_v1,L1_ELIGIBILITY,v2026-08-11,2026-03-21..2026-08-06,baccarat_bet02_101_all_pairs_incl_sentinel,round_win = game_pnl > 0 (decisive only),COMPATIBILITY_ONLY_NOT_PRODUCTION,2500103.8841,2280641.3266,9883.8276,11764,10369,-0.00395337,-0.05088190,-0.00239824,-0.00395337,-9883.8276,2500103.8841,OK,0.0000,395.3531,4.0000,96.0000,AG03-UNRESOLVED,ALL5_LEVELS_bet23_to_bet27,395.3531,395.3531,395.3531,395.3531,395.3531,4.000000,4.000000,4.000000,4.000000,4.000000,96.000000,96.000000,96.000000,96.000000,96.000000,5.0,1976.7655,1824.8244,7907.0621,8059.0032,PENDING_AG03,FALSE,NOT_FOR_ENFORCEMENT,9488.4745,2189415.6736,9883.8276,9488.4745,395.3531,0.00395337,0.00379523,395.3531,9488.4745,0.00379523,395.3531,395.3531,395.3531,395.3531,395.3531,9488.4745,0.00379523,1976.7655,1824.8244,7907.0621,8059.0032,0.00316269,0.00322347,0.00015813,212.5216,219.9480,0.9532,119.0823,2.3972,30121.7335,124.9277,49.0469,238.9093,36.5364,75.9244,374.9013,749.8027,789.266,1183.8989,75.8035,-1.1839,10.395423,15.593133,2.799122,29,215,300,5,0.03207536,0.00395337,0.05088190,0E-8,0.000000,0.912219,0.000000,-0.04848366,2026-03-31,2026-08-01,83,4123,1621,124,0.669355,0.205295,0.230786,0.106918,,,,,,,,GLOBAL_BASELINE_NO_ENTITY_RANKING,,,NOT_APPLICABLE_GLOBAL_BASELINE,HF9g-P5,,,,X 全窗基线 · 不参与实体赏罚,15056022,1506,A168_HF9F_20260827_0900,2026-08-27 09:00:00
2026-06-19,92755421,2218,0,370.1313491762,0E-10,0E-10,0.5000000,2,2,0.50665070000000000,0.506650700000,-0.018812684590367487,-0.018812684590367487,-0.018812684590367487,0E-17,ELIGIBLE,R03b_20260811_FULL_v1,L1_ELIGIBILITY,v2026-08-11,2026-03-21..2026-08-06,baccarat_bet02_101_all_pairs_incl_sentinel,round_win = game_pnl > 0 (decisive only),COMPATIBILITY_ONLY_NOT_PRODUCTION,2500103.8841,2280641.3266,9883.8276,11764,10369,-0.00395337,-0.05088190,-0.00239824,-0.00395337,-9883.8276,2500103.8841,OK,0.0000,395.3531,4.0000,96.0000,AG03-UNRESOLVED,ALL5_LEVELS_bet23_to_bet27,395.3531,395.3531,395.3531,395.3531,395.3531,4.000000,4.000000,4.000000,4.000000,4.000000,96.000000,96.000000,96.000000,96.000000,96.000000,5.0,1976.7655,1824.8244,7907.0621,8059.0032,PENDING_AG03,FALSE,NOT_FOR_ENFORCEMENT,9488.4745,2189415.6736,9883.8276,9488.4745,395.3531,0.00395337,0.00379523,395.3531,9488.4745,0.00379523,395.3531,395.3531,395.3531,395.3531,395.3531,9488.4745,0.00379523,1976.7655,1824.8244,7907.0621,8059.0032,0.00316269,0.00322347,0.00015813,212.5216,219.9480,0.9532,119.0823,2.3972,30121.7335,124.9277,49.0469,238.9093,36.5364,75.9244,374.9013,749.8027,789.266,1183.8989,75.8035,-1.1839,10.395423,15.593133,2.799122,29,215,300,5,0.03207536,0.00395337,0.05088190,0E-8,0.000000,0.912219,0.000000,-0.04848366,2026-03-31,2026-08-01,83,4123,1621,124,0.669355,0.205295,0.230786,0.106918,,,,,,,,GLOBAL_BASELINE_NO_ENTITY_RANKING,,,NOT_APPLICABLE_GLOBAL_BASELINE,HF9g-P5,,,,X 全窗基线 · 不参与实体赏罚,15056023,1506,A168_HF9F_20260827_0900,2026-08-27 09:00:00
2026-06-19,92755421,2220,0,379.6218965910,-379.6218965910,-379.6218965910,0E-7,2,2,0.49994810000000000,0.499948100000,-1.4140667746232096,-1.4140667746232096,-1.4140667746232096,0E-17,ELIGIBLE,R03b_20260811_FULL_v1,L1_ELIGIBILITY,v2026-08-11,2026-03-21..2026-08-06,baccarat_bet02_101_all_pairs_incl_sentinel,round_win = game_pnl > 0 (decisive only),COMPATIBILITY_ONLY_NOT_PRODUCTION,2500103.8841,2280641.3266,9883.8276,11764,10369,-0.00395337,-0.05088190,-0.00239824,-0.00395337,-9883.8276,2500103.8841,OK,0.0000,395.3531,4.0000,96.0000,AG03-UNRESOLVED,ALL5_LEVELS_bet23_to_bet27,395.3531,395.3531,395.3531,395.3531,395.3531,4.000000,4.000000,4.000000,4.000000,4.000000,96.000000,96.000000,96.000000,96.000000,96.000000,5.0,1976.7655,1824.8244,7907.0621,8059.0032,PENDING_AG03,FALSE,NOT_FOR_ENFORCEMENT,9488.4745,2189415.6736,9883.8276,9488.4745,395.3531,0.00395337,0.00379523,395.3531,9488.4745,0.00379523,395.3531,395.3531,395.3531,395.3531,395.3531,9488.4745,0.00379523,1976.7655,1824.8244,7907.0621,8059.0032,0.00316269,0.00322347,0.00015813,212.5216,219.9480,0.9532,119.0823,2.3972,30121.7335,124.9277,49.0469,238.9093,36.5364,75.9244,374.9013,749.8027,789.266,1183.8989,75.8035,-1.1839,10.395423,15.593133,2.799122,29,215,300,5,0.03207536,0.00395337,0.05088190,0E-8,0.000000,0.912219,0.000000,-0.04848366,2026-03-31,2026-08-01,83,4123,1621,124,0.669355,0.205295,0.230786,0.106918,,,,,,,,GLOBAL_BASELINE_NO_ENTITY_RANKING,,,NOT_APPLICABLE_GLOBAL_BASELINE,HF9g-P5,,,,X 全窗基线 · 不参与实体赏罚,15056024,1506,A168_HF9F_20260827_0900,2026-08-27 09:00:00
2026-06-19,92755421,2222,0,360.6408017614,-360.6408017614,-360.6408017614,0E-7,1,1,0.50665070000000000,0.506650700000,-1.013391052207602,-1.013391052207602,-1.013391052207602,0E-17,ELIGIBLE,R03b_20260811_FULL_v1,L1_ELIGIBILITY,v2026-08-11,2026-03-21..2026-08-06,baccarat_bet02_101_all_pairs_incl_sentinel,round_win = game_pnl > 0 (decisive only),COMPATIBILITY_ONLY_NOT_PRODUCTION,2500103.8841,2280641.3266,9883.8276,11764,10369,-0.00395337,-0.05088190,-0.00239824,-0.00395337,-9883.8276,2500103.8841,OK,0.0000,395.3531,4.0000,96.0000,AG03-UNRESOLVED,ALL5_LEVELS_bet23_to_bet27,395.3531,395.3531,395.3531,395.3531,395.3531,4.000000,4.000000,4.000000,4.000000,4.000000,96.000000,96.000000,96.000000,96.000000,96.000000,5.0,1976.7655,1824.8244,7907.0621,8059.0032,PENDING_AG03,FALSE,NOT_FOR_ENFORCEMENT,9488.4745,2189415.6736,9883.8276,9488.4745,395.3531,0.00395337,0.00379523,395.3531,9488.4745,0.00379523,395.3531,395.3531,395.3531,395.3531,395.3531,9488.4745,0.00379523,1976.7655,1824.8244,7907.0621,8059.0032,0.00316269,0.00322347,0.00015813,212.5216,219.9480,0.9532,119.0823,2.3972,30121.7335,124.9277,49.0469,238.9093,36.5364,75.9244,374.9013,749.8027,789.266,1183.8989,75.8035,-1.1839,10.395423,15.593133,2.799122,29,215,300,5,0.03207536,0.00395337,0.05088190,0E-8,0.000000,0.912219,0.000000,-0.04848366,2026-03-31,2026-08-01,83,4123,1621,124,0.669355,0.205295,0.230786,0.106918,,,,,,,,GLOBAL_BASELINE_NO_ENTITY_RANKING,,,NOT_APPLICABLE_GLOBAL_BASELINE,HF9g-P5,,,,X 全窗基线 · 不参与实体赏罚,15056025,1506,A168_HF9F_20260827_0900,2026-08-27 09:00:00
2026-06-19,92755421,2254,0,379.6218965910,-379.6218965910,-379.6218965910,0E-7,1,1,0.49324550000000000,0.493245500000,-0.9865810262130424,-0.9865810262130424,-0.9865810262130424,0E-17,ELIGIBLE,R03b_20260811_FULL_v1,L1_ELIGIBILITY,v2026-08-11,2026-03-21..2026-08-06,baccarat_bet02_101_all_pairs_incl_sentinel,round_win = game_pnl > 0 (decisive only),COMPATIBILITY_ONLY_NOT_PRODUCTION,2500103.8841,2280641.3266,9883.8276,11764,10369,-0.00395337,-0.05088190,-0.00239824,-0.00395337,-9883.8276,2500103.8841,OK,0.0000,395.3531,4.0000,96.0000,AG03-UNRESOLVED,ALL5_LEVELS_bet23_to_bet27,395.3531,395.3531,395.3531,395.3531,395.3531,4.000000,4.000000,4.000000,4.000000,4.000000,96.000000,96.000000,96.000000,96.000000,96.000000,5.0,1976.7655,1824.8244,7907.0621,8059.0032,PENDING_AG03,FALSE,NOT_FOR_ENFORCEMENT,9488.4745,2189415.6736,9883.8276,9488.4745,395.3531,0.00395337,0.00379523,395.3531,9488.4745,0.00379523,395.3531,395.3531,395.3531,395.3531,395.3531,9488.4745,0.00379523,1976.7655,1824.8244,7907.0621,8059.0032,0.00316269,0.00322347,0.00015813,212.5216,219.9480,0.9532,119.0823,2.3972,30121.7335,124.9277,49.0469,238.9093,36.5364,75.9244,374.9013,749.8027,789.266,1183.8989,75.8035,-1.1839,10.395423,15.593133,2.799122,29,215,300,5,0.03207536,0.00395337,0.05088190,0E-8,0.000000,0.912219,0.000000,-0.04848366,2026-03-31,2026-08-01,83,4123,1621,124,0.669355,0.205295,0.230786,0.106918,,,,,,,,GLOBAL_BASELINE_NO_ENTITY_RANKING,,,NOT_APPLICABLE_GLOBAL_BASELINE,HF9g-P5,,,,X 全窗基线 · 不参与实体赏罚,15056026,1506,A168_HF9F_20260827_0900,2026-08-27 09:00:00
2026-06-19,92755421,2258,0,1167.7169539139,823.3998937059,823.3998937059,0.8750000,11,8,0.49734834482918357,0.410158287500,2.136350413127225,2.673047027725598,2.136350413127225,0.08719005732918357,ELIGIBLE,R03b_20260811_FULL_v1,L1_ELIGIBILITY,v2026-08-11,2026-03-21..2026-08-06,baccarat_bet02_101_all_pairs_incl_sentinel,round_win = game_pnl > 0 (decisive only),COMPATIBILITY_ONLY_NOT_PRODUCTION,2500103.8841,2280641.3266,9883.8276,11764,10369,-0.00395337,-0.05088190,-0.00239824,-0.00395337,-9883.8276,2500103.8841,OK,0.0000,395.3531,4.0000,96.0000,AG03-UNRESOLVED,ALL5_LEVELS_bet23_to_bet27,395.3531,395.3531,395.3531,395.3531,395.3531,4.000000,4.000000,4.000000,4.000000,4.000000,96.000000,96.000000,96.000000,96.000000,96.000000,5.0,1976.7655,1824.8244,7907.0621,8059.0032,PENDING_AG03,FALSE,NOT_FOR_ENFORCEMENT,9488.4745,2189415.6736,9883.8276,9488.4745,395.3531,0.00395337,0.00379523,395.3531,9488.4745,0.00379523,395.3531,395.3531,395.3531,395.3531,395.3531,9488.4745,0.00379523,1976.7655,1824.8244,7907.0621,8059.0032,0.00316269,0.00322347,0.00015813,212.5216,219.9480,0.9532,119.0823,2.3972,30121.7335,124.9277,49.0469,238.9093,36.5364,75.9244,374.9013,749.8027,789.266,1183.8989,75.8035,-1.1839,10.395423,15.593133,2.799122,29,215,300,5,0.03207536,0.00395337,0.05088190,0E-8,0.000000,0.912219,0.000000,-0.04848366,2026-03-31,2026-08-01,83,4123,1621,124,0.669355,0.205295,0.230786,0.106918,,,,,,,,GLOBAL_BASELINE_NO_ENTITY_RANKING,,,NOT_APPLICABLE_GLOBAL_BASELINE,HF9g-P5,,,,X 全窗基线 · 不参与实体赏罚,15056027,1506,A168_HF9F_20260827_0900,2026-08-27 09:00:00
2026-06-19,92755421,2266,0,379.6218965910,0E-10,0E-10,0.5000000,2,2,0.49994810000000000,0.499948100000,0.00014679536856514622,0.00014679536856514622,0.00014679536856514622,0E-17,ELIGIBLE,R03b_20260811_FULL_v1,L1_ELIGIBILITY,v2026-08-11,2026-03-21..2026-08-06,baccarat_bet02_101_all_pairs_incl_sentinel,round_win = game_pnl > 0 (decisive only),COMPATIBILITY_ONLY_NOT_PRODUCTION,2500103.8841,2280641.3266,9883.8276,11764,10369,-0.00395337,-0.05088190,-0.00239824,-0.00395337,-9883.8276,2500103.8841,OK,0.0000,395.3531,4.0000,96.0000,AG03-UNRESOLVED,ALL5_LEVELS_bet23_to_bet27,395.3531,395.3531,395.3531,395.3531,395.3531,4.000000,4.000000,4.000000,4.000000,4.000000,96.000000,96.000000,96.000000,96.000000,96.000000,5.0,1976.7655,1824.8244,7907.0621,8059.0032,PENDING_AG03,FALSE,NOT_FOR_ENFORCEMENT,9488.4745,2189415.6736,9883.8276,9488.4745,395.3531,0.00395337,0.00379523,395.3531,9488.4745,0.00379523,395.3531,395.3531,395.3531,395.3531,395.3531,9488.4745,0.00379523,1976.7655,1824.8244,7907.0621,8059.0032,0.00316269,0.00322347,0.00015813,212.5216,219.9480,0.9532,119.0823,2.3972,30121.7335,124.9277,49.0469,238.9093,36.5364,75.9244,374.9013,749.8027,789.266,1183.8989,75.8035,-1.1839,10.395423,15.593133,2.799122,29,215,300,5,0.03207536,0.00395337,0.05088190,0E-8,0.000000,0.912219,0.000000,-0.04848366,2026-03-31,2026-08-01,83,4123,1621,124,0.669355,0.205295,0.230786,0.106918,,,,,,,,GLOBAL_BASELINE_NO_ENTITY_RANKING,,,NOT_APPLICABLE_GLOBAL_BASELINE,HF9g-P5,,,,X 全窗基线 · 不参与实体赏罚,15056028,1506,A168_HF9F_20260827_0900,2026-08-27 09:00:00
2026-06-19,92755421,2278,0,379.6218965910,-379.6218965910,-379.6218965910,0E-7,1,1,0.50665070000000000,0.506650700000,-1.013391052207602,-1.013391052207602,-1.013391052207602,0E-17,ELIGIBLE,R03b_20260811_FULL_v1,L1_ELIGIBILITY,v2026-08-11,2026-03-21..2026-08-06,baccarat_bet02_101_all_pairs_incl_sentinel,round_win = game_pnl > 0 (decisive only),COMPATIBILITY_ONLY_NOT_PRODUCTION,2500103.8841,2280641.3266,9883.8276,11764,10369,-0.00395337,-0.05088190,-0.00239824,-0.00395337,-9883.8276,2500103.8841,OK,0.0000,395.3531,4.0000,96.0000,AG03-UNRESOLVED,ALL5_LEVELS_bet23_to_bet27,395.3531,395.3531,395.3531,395.3531,395.3531,4.000000,4.000000,4.000000,4.000000,4.000000,96.000000,96.000000,96.000000,96.000000,96.000000,5.0,1976.7655,1824.8244,7907.0621,8059.0032,PENDING_AG03,FALSE,NOT_FOR_ENFORCEMENT,9488.4745,2189415.6736,9883.8276,9488.4745,395.3531,0.00395337,0.00379523,395.3531,9488.4745,0.00379523,395.3531,395.3531,395.3531,395.3531,395.3531,9488.4745,0.00379523,1976.7655,1824.8244,7907.0621,8059.0032,0.00316269,0.00322347,0.00015813,212.5216,219.9480,0.9532,119.0823,2.3972,30121.7335,124.9277,49.0469,238.9093,36.5364,75.9244,374.9013,749.8027,789.266,1183.8989,75.8035,-1.1839,10.395423,15.593133,2.799122,29,215,300,5,0.03207536,0.00395337,0.05088190,0E-8,0.000000,0.912219,0.000000,-0.04848366,2026-03-31,2026-08-01,83,4123,1621,124,0.669355,0.205295,0.230786,0.106918,,,,,,,,GLOBAL_BASELINE_NO_ENTITY_RANKING,,,NOT_APPLICABLE_GLOBAL_BASELINE,HF9g-P5,,,,X 全窗基线 · 不参与实体赏罚,15056029,1506,A168_HF9F_20260827_0900,2026-08-27 09:00:00
2026-06-19,92755421,2280,0,1289.9552046163,644.3512261788,644.3512261788,0.8333333,12,8,0.49535624323159827,0.380507625000,1.6558142460760739,2.284583499139893,1.6558142460760739,0.11484861823159827,ELIGIBLE,R03b_20260811_FULL_v1,L1_ELIGIBILITY,v2026-08-11,2026-03-21..2026-08-06,baccarat_bet02_101_all_pairs_incl_sentinel,round_win = game_pnl > 0 (decisive only),COMPATIBILITY_ONLY_NOT_PRODUCTION,2500103.8841,2280641.3266,9883.8276,11764,10369,-0.00395337,-0.05088190,-0.00239824,-0.00395337,-9883.8276,2500103.8841,OK,0.0000,395.3531,4.0000,96.0000,AG03-UNRESOLVED,ALL5_LEVELS_bet23_to_bet27,395.3531,395.3531,395.3531,395.3531,395.3531,4.000000,4.000000,4.000000,4.000000,4.000000,96.000000,96.000000,96.000000,96.000000,96.000000,5.0,1976.7655,1824.8244,7907.0621,8059.0032,PENDING_AG03,FALSE,NOT_FOR_ENFORCEMENT,9488.4745,2189415.6736,9883.8276,9488.4745,395.3531,0.00395337,0.00379523,395.3531,9488.4745,0.00379523,395.3531,395.3531,395.3531,395.3531,395.3531,9488.4745,0.00379523,1976.7655,1824.8244,7907.0621,8059.0032,0.00316269,0.00322347,0.00015813,212.5216,219.9480,0.9532,119.0823,2.3972,30121.7335,124.9277,49.0469,238.9093,36.5364,75.9244,374.9013,749.8027,789.266,1183.8989,75.8035,-1.1839,10.395423,15.593133,2.799122,29,215,300,5,0.03207536,0.00395337,0.05088190,0E-8,0.000000,0.912219,0.000000,-0.04848366,2026-03-31,2026-08-01,83,4123,1621,124,0.669355,0.205295,0.230786,0.106918,,,,,,,,GLOBAL_BASELINE_NO_ENTITY_RANKING,,,NOT_APPLICABLE_GLOBAL_BASELINE,HF9g-P5,,,,X 全窗基线 · 不参与实体赏罚,15056030,1506,A168_HF9F_20260827_0900,2026-08-27 09:00:00
2026-06-19,92755421,550,0,379.6218965910,-379.6218965910,-379.6218965910,0E-7,1,1,0.50665070000000000,0.506650700000,-1.013391052207602,-1.013391052207602,-1.013391052207602,0E-17,ELIGIBLE,R03b_20260811_FULL_v1,L1_ELIGIBILITY,v2026-08-11,2026-03-21..2026-08-06,baccarat_bet02_101_all_pairs_incl_sentinel,round_win = game_pnl > 0 (decisive only),COMPATIBILITY_ONLY_NOT_PRODUCTION,2500103.8841,2280641.3266,9883.8276,11764,10369,-0.00395337,-0.05088190,-0.00239824,-0.00395337,-9883.8276,2500103.8841,OK,0.0000,395.3531,4.0000,96.0000,AG03-UNRESOLVED,ALL5_LEVELS_bet23_to_bet27,395.3531,395.3531,395.3531,395.3531,395.3531,4.000000,4.000000,4.000000,4.000000,4.000000,96.000000,96.000000,96.000000,96.000000,96.000000,5.0,1976.7655,1824.8244,7907.0621,8059.0032,PENDING_AG03,FALSE,NOT_FOR_ENFORCEMENT,9488.4745,2189415.6736,9883.8276,9488.4745,395.3531,0.00395337,0.00379523,395.3531,9488.4745,0.00379523,395.3531,395.3531,395.3531,395.3531,395.3531,9488.4745,0.00379523,1976.7655,1824.8244,7907.0621,8059.0032,0.00316269,0.00322347,0.00015813,212.5216,219.9480,0.9532,119.0823,2.3972,30121.7335,124.9277,49.0469,238.9093,36.5364,75.9244,374.9013,749.8027,789.266,1183.8989,75.8035,-1.1839,10.395423,15.593133,2.799122,29,215,300,5,0.03207536,0.00395337,0.05088190,0E-8,0.000000,0.912219,0.000000,-0.04848366,2026-03-31,2026-08-01,83,4123,1621,124,0.669355,0.205295,0.230786,0.106918,,,,,,,,GLOBAL_BASELINE_NO_ENTITY_RANKING,,,NOT_APPLICABLE_GLOBAL_BASELINE,HF9g-P5,,,,X 全窗基线 · 不参与实体赏罚,15056031,1506,A168_HF9F_20260827_0900,2026-08-27 09:00:00
2026-06-19,92755421,583,0,759.2437931820,0E-10,0E-10,,2,2,0.50665070000000000,0.506650700000,,,,0E-17,NO_DECISIVE_ROUND,R03b_20260811_FULL_v1,L1_ELIGIBILITY,v2026-08-11,2026-03-21..2026-08-06,baccarat_bet02_101_all_pairs_incl_sentinel,round_win = game_pnl > 0 (decisive only),COMPATIBILITY_ONLY_NOT_PRODUCTION,2500103.8841,2280641.3266,9883.8276,11764,10369,-0.00395337,-0.05088190,-0.00239824,-0.00395337,-9883.8276,2500103.8841,OK,0.0000,395.3531,4.0000,96.0000,AG03-UNRESOLVED,ALL5_LEVELS_bet23_to_bet27,395.3531,395.3531,395.3531,395.3531,395.3531,4.000000,4.000000,4.000000,4.000000,4.000000,96.000000,96.000000,96.000000,96.000000,96.000000,5.0,1976.7655,1824.8244,7907.0621,8059.0032,PENDING_AG03,FALSE,NOT_FOR_ENFORCEMENT,9488.4745,2189415.6736,9883.8276,9488.4745,395.3531,0.00395337,0.00379523,395.3531,9488.4745,0.00379523,395.3531,395.3531,395.3531,395.3531,395.3531,9488.4745,0.00379523,1976.7655,1824.8244,7907.0621,8059.0032,0.00316269,0.00322347,0.00015813,212.5216,219.9480,0.9532,119.0823,2.3972,30121.7335,124.9277,49.0469,238.9093,36.5364,75.9244,374.9013,749.8027,789.266,1183.8989,75.8035,-1.1839,10.395423,15.593133,2.799122,29,215,300,5,0.03207536,0.00395337,0.05088190,0E-8,0.000000,0.912219,0.000000,-0.04848366,2026-03-31,2026-08-01,83,4123,1621,124,0.669355,0.205295,0.230786,0.106918,,,,,,,,GLOBAL_BASELINE_NO_ENTITY_RANKING,,,NOT_APPLICABLE_GLOBAL_BASELINE,HF9g-P5,,,,X 全窗基线 · 不参与实体赏罚,15056032,1506,A168_HF9F_20260827_0900,2026-08-27 09:00:00
2026-06-19,92755421,919,0,303.6975172728,0E-10,0E-10,0.5000000,2,2,0.49994810000000000,0.499948100000,0.00014679536856514622,0.00014679536856514622,0.00014679536856514622,0E-17,ELIGIBLE,R03b_20260811_FULL_v1,L1_ELIGIBILITY,v2026-08-11,2026-03-21..2026-08-06,baccarat_bet02_101_all_pairs_incl_sentinel,round_win = game_pnl > 0 (decisive only),COMPATIBILITY_ONLY_NOT_PRODUCTION,2500103.8841,2280641.3266,9883.8276,11764,10369,-0.00395337,-0.05088190,-0.00239824,-0.00395337,-9883.8276,2500103.8841,OK,0.0000,395.3531,4.0000,96.0000,AG03-UNRESOLVED,ALL5_LEVELS_bet23_to_bet27,395.3531,395.3531,395.3531,395.3531,395.3531,4.000000,4.000000,4.000000,4.000000,4.000000,96.000000,96.000000,96.000000,96.000000,96.000000,5.0,1976.7655,1824.8244,7907.0621,8059.0032,PENDING_AG03,FALSE,NOT_FOR_ENFORCEMENT,9488.4745,2189415.6736,9883.8276,9488.4745,395.3531,0.00395337,0.00379523,395.3531,9488.4745,0.00379523,395.3531,395.3531,395.3531,395.3531,395.3531,9488.4745,0.00379523,1976.7655,1824.8244,7907.0621,8059.0032,0.00316269,0.00322347,0.00015813,212.5216,219.9480,0.9532,119.0823,2.3972,30121.7335,124.9277,49.0469,238.9093,36.5364,75.9244,374.9013,749.8027,789.266,1183.8989,75.8035,-1.1839,10.395423,15.593133,2.799122,29,215,300,5,0.03207536,0.00395337,0.05088190,0E-8,0.000000,0.912219,0.000000,-0.04848366,2026-03-31,2026-08-01,83,4123,1621,124,0.669355,0.205295,0.230786,0.106918,,,,,,,,GLOBAL_BASELINE_NO_ENTITY_RANKING,,,NOT_APPLICABLE_GLOBAL_BASELINE,HF9g-P5,,,,X 全窗基线 · 不参与实体赏罚,15056033,1506,A168_HF9F_20260827_0900,2026-08-27 09:00:00
2026-06-19,92755421,948,0,379.6218965910,-379.6218965910,-379.6218965910,0E-7,1,1,0.50665070000000000,0.506650700000,-1.013391052207602,-1.013391052207602,-1.013391052207602,0E-17,ELIGIBLE,R03b_20260811_FULL_v1,L1_ELIGIBILITY,v2026-08-11,2026-03-21..2026-08-06,baccarat_bet02_101_all_pairs_incl_sentinel,round_win = game_pnl > 0 (decisive only),COMPATIBILITY_ONLY_NOT_PRODUCTION,2500103.8841,2280641.3266,9883.8276,11764,10369,-0.00395337,-0.05088190,-0.00239824,-0.00395337,-9883.8276,2500103.8841,OK,0.0000,395.3531,4.0000,96.0000,AG03-UNRESOLVED,ALL5_LEVELS_bet23_to_bet27,395.3531,395.3531,395.3531,395.3531,395.3531,4.000000,4.000000,4.000000,4.000000,4.000000,96.000000,96.000000,96.000000,96.000000,96.000000,5.0,1976.7655,1824.8244,7907.0621,8059.0032,PENDING_AG03,FALSE,NOT_FOR_ENFORCEMENT,9488.4745,2189415.6736,9883.8276,9488.4745,395.3531,0.00395337,0.00379523,395.3531,9488.4745,0.00379523,395.3531,395.3531,395.3531,395.3531,395.3531,9488.4745,0.00379523,1976.7655,1824.8244,7907.0621,8059.0032,0.00316269,0.00322347,0.00015813,212.5216,219.9480,0.9532,119.0823,2.3972,30121.7335,124.9277,49.0469,238.9093,36.5364,75.9244,374.9013,749.8027,789.266,1183.8989,75.8035,-1.1839,10.395423,15.593133,2.799122,29,215,300,5,0.03207536,0.00395337,0.05088190,0E-8,0.000000,0.912219,0.000000,-0.04848366,2026-03-31,2026-08-01,83,4123,1621,124,0.669355,0.205295,0.230786,0.106918,,,,,,,,GLOBAL_BASELINE_NO_ENTITY_RANKING,,,NOT_APPLICABLE_GLOBAL_BASELINE,HF9g-P5,,,,X 全窗基线 · 不参与实体赏罚,15056034,1506,A168_HF9F_20260827_0900,2026-08-27 09:00:00
2026-06-19,92755421,970,0,2306.2030217903,1110.3940475285,1110.3940475285,0.7777778,10,9,0.49946017126436793,0.499948100000,1.6699066123526265,1.6669780756470443,1.6699066123526265,-0.00048792873563207,ELIGIBLE,R03b_20260811_FULL_v1,L1_ELIGIBILITY,v2026-08-11,2026-03-21..2026-08-06,baccarat_bet02_101_all_pairs_incl_sentinel,round_win = game_pnl > 0 (decisive only),COMPATIBILITY_ONLY_NOT_PRODUCTION,2500103.8841,2280641.3266,9883.8276,11764,10369,-0.00395337,-0.05088190,-0.00239824,-0.00395337,-9883.8276,2500103.8841,OK,0.0000,395.3531,4.0000,96.0000,AG03-UNRESOLVED,ALL5_LEVELS_bet23_to_bet27,395.3531,395.3531,395.3531,395.3531,395.3531,4.000000,4.000000,4.000000,4.000000,4.000000,96.000000,96.000000,96.000000,96.000000,96.000000,5.0,1976.7655,1824.8244,7907.0621,8059.0032,PENDING_AG03,FALSE,NOT_FOR_ENFORCEMENT,9488.4745,2189415.6736,9883.8276,9488.4745,395.3531,0.00395337,0.00379523,395.3531,9488.4745,0.00379523,395.3531,395.3531,395.3531,395.3531,395.3531,9488.4745,0.00379523,1976.7655,1824.8244,7907.0621,8059.0032,0.00316269,0.00322347,0.00015813,212.5216,219.9480,0.9532,119.0823,2.3972,30121.7335,124.9277,49.0469,238.9093,36.5364,75.9244,374.9013,749.8027,789.266,1183.8989,75.8035,-1.1839,10.395423,15.593133,2.799122,29,215,300,5,0.03207536,0.00395337,0.05088190,0E-8,0.000000,0.912219,0.000000,-0.04848366,2026-03-31,2026-08-01,83,4123,1621,124,0.669355,0.205295,0.230786,0.106918,,,,,,,,GLOBAL_BASELINE_NO_ENTITY_RANKING,,,NOT_APPLICABLE_GLOBAL_BASELINE,HF9g-P5,,,,X 全窗基线 · 不参与实体赏罚,15056035,1506,A168_HF9F_20260827_0900,2026-08-27 09:00:00
2026-06-20,92755421,-1,1,2190.4183433301,-759.2437931820,-759.2437931820,0.3750000,9,9,0.50069283333333333,0.500692833333,-0.7110267209840203,-0.7110267209821342,-0.7110267209840203,3.3333E-13,SENTINEL_DEALER,R03b_20260811_FULL_v1,L1_ELIGIBILITY,v2026-08-11,2026-03-21..2026-08-06,baccarat_bet02_101_all_pairs_incl_sentinel,round_win = game_pnl > 0 (decisive only),COMPATIBILITY_ONLY_NOT_PRODUCTION,2500103.8841,2280641.3266,9883.8276,11764,10369,-0.00395337,-0.05088190,-0.00239824,-0.00395337,-9883.8276,2500103.8841,OK,0.0000,395.3531,4.0000,96.0000,AG03-UNRESOLVED,ALL5_LEVELS_bet23_to_bet27,395.3531,395.3531,395.3531,395.3531,395.3531,4.000000,4.000000,4.000000,4.000000,4.000000,96.000000,96.000000,96.000000,96.000000,96.000000,5.0,1976.7655,1824.8244,7907.0621,8059.0032,PENDING_AG03,FALSE,NOT_FOR_ENFORCEMENT,9488.4745,2189415.6736,9883.8276,9488.4745,395.3531,0.00395337,0.00379523,395.3531,9488.4745,0.00379523,395.3531,395.3531,395.3531,395.3531,395.3531,9488.4745,0.00379523,1976.7655,1824.8244,7907.0621,8059.0032,0.00316269,0.00322347,0.00015813,212.5216,219.9480,0.9532,119.0823,2.3972,30121.7335,124.9277,49.0469,238.9093,36.5364,75.9244,374.9013,749.8027,789.266,1183.8989,75.8035,-1.1839,10.395423,15.593133,2.799122,29,215,300,5,0.03207536,0.00395337,0.05088190,0E-8,0.000000,0.912219,0.000000,-0.04848366,2026-03-31,2026-08-01,83,4123,1621,124,0.669355,0.205295,0.230786,0.106918,,,,,,,,GLOBAL_BASELINE_NO_ENTITY_RANKING,,,NOT_APPLICABLE_GLOBAL_BASELINE,HF9g-P5,,,,X 全窗基线 · 不参与实体赏罚,15056036,1506,A168_HF9F_20260827_0900,2026-08-27 09:00:00
2026-06-20,92755421,1115,0,189.8109482955,-189.8109482955,-189.8109482955,0E-7,1,1,0.49324550000000000,0.493245500000,-0.9865810262130424,-0.9865810262130424,-0.9865810262130424,0E-17,ELIGIBLE,R03b_20260811_FULL_v1,L1_ELIGIBILITY,v2026-08-11,2026-03-21..2026-08-06,baccarat_bet02_101_all_pairs_incl_sentinel,round_win = game_pnl > 0 (decisive only),COMPATIBILITY_ONLY_NOT_PRODUCTION,2500103.8841,2280641.3266,9883.8276,11764,10369,-0.00395337,-0.05088190,-0.00239824,-0.00395337,-9883.8276,2500103.8841,OK,0.0000,395.3531,4.0000,96.0000,AG03-UNRESOLVED,ALL5_LEVELS_bet23_to_bet27,395.3531,395.3531,395.3531,395.3531,395.3531,4.000000,4.000000,4.000000,4.000000,4.000000,96.000000,96.000000,96.000000,96.000000,96.000000,5.0,1976.7655,1824.8244,7907.0621,8059.0032,PENDING_AG03,FALSE,NOT_FOR_ENFORCEMENT,9488.4745,2189415.6736,9883.8276,9488.4745,395.3531,0.00395337,0.00379523,395.3531,9488.4745,0.00379523,395.3531,395.3531,395.3531,395.3531,395.3531,9488.4745,0.00379523,1976.7655,1824.8244,7907.0621,8059.0032,0.00316269,0.00322347,0.00015813,212.5216,219.9480,0.9532,119.0823,2.3972,30121.7335,124.9277,49.0469,238.9093,36.5364,75.9244,374.9013,749.8027,789.266,1183.8989,75.8035,-1.1839,10.395423,15.593133,2.799122,29,215,300,5,0.03207536,0.00395337,0.05088190,0E-8,0.000000,0.912219,0.000000,-0.04848366,2026-03-31,2026-08-01,83,4123,1621,124,0.669355,0.205295,0.230786,0.106918,,,,,,,,GLOBAL_BASELINE_NO_ENTITY_RANKING,,,NOT_APPLICABLE_GLOBAL_BASELINE,HF9g-P5,,,,X 全窗基线 · 不参与实体赏罚,15056037,1506,A168_HF9F_20260827_0900,2026-08-27 09:00:00
2026-06-20,92755421,1151,0,303.6975172728,-75.9243793182,-75.9243793182,0.3333333,4,4,0.49659680000000000,0.496596800000,-0.5655743394288276,-0.5655743394288276,-0.5655743394288276,0E-17,ELIGIBLE,R03b_20260811_FULL_v1,L1_ELIGIBILITY,v2026-08-11,2026-03-21..2026-08-06,baccarat_bet02_101_all_pairs_incl_sentinel,round_win = game_pnl > 0 (decisive only),COMPATIBILITY_ONLY_NOT_PRODUCTION,2500103.8841,2280641.3266,9883.8276,11764,10369,-0.00395337,-0.05088190,-0.00239824,-0.00395337,-9883.8276,2500103.8841,OK,0.0000,395.3531,4.0000,96.0000,AG03-UNRESOLVED,ALL5_LEVELS_bet23_to_bet27,395.3531,395.3531,395.3531,395.3531,395.3531,4.000000,4.000000,4.000000,4.000000,4.000000,96.000000,96.000000,96.000000,96.000000,96.000000,5.0,1976.7655,1824.8244,7907.0621,8059.0032,PENDING_AG03,FALSE,NOT_FOR_ENFORCEMENT,9488.4745,2189415.6736,9883.8276,9488.4745,395.3531,0.00395337,0.00379523,395.3531,9488.4745,0.00379523,395.3531,395.3531,395.3531,395.3531,395.3531,9488.4745,0.00379523,1976.7655,1824.8244,7907.0621,8059.0032,0.00316269,0.00322347,0.00015813,212.5216,219.9480,0.9532,119.0823,2.3972,30121.7335,124.9277,49.0469,238.9093,36.5364,75.9244,374.9013,749.8027,789.266,1183.8989,75.8035,-1.1839,10.395423,15.593133,2.799122,29,215,300,5,0.03207536,0.00395337,0.05088190,0E-8,0.000000,0.912219,0.000000,-0.04848366,2026-03-31,2026-08-01,83,4123,1621,124,0.669355,0.205295,0.230786,0.106918,,,,,,,,GLOBAL_BASELINE_NO_ENTITY_RANKING,,,NOT_APPLICABLE_GLOBAL_BASELINE,HF9g-P5,,,,X 全窗基线 · 不参与实体赏罚,15056038,1506,A168_HF9F_20260827_0900,2026-08-27 09:00:00
2026-06-20,92755421,1299,0,1829.7775415684,353.0483638296,353.0483638296,0.4000000,7,5,0.49928398166667162,0.405065980000,-0.44401191944133755,-0.023075503512721692,-0.44401191944133755,0.09421800166667162,ELIGIBLE,R03b_20260811_FULL_v1,L1_ELIGIBILITY,v2026-08-11,2026-03-21..2026-08-06,baccarat_bet02_101_all_pairs_incl_sentinel,round_win = game_pnl > 0 (decisive only),COMPATIBILITY_ONLY_NOT_PRODUCTION,2500103.8841,2280641.3266,9883.8276,11764,10369,-0.00395337,-0.05088190,-0.00239824,-0.00395337,-9883.8276,2500103.8841,OK,0.0000,395.3531,4.0000,96.0000,AG03-UNRESOLVED,ALL5_LEVELS_bet23_to_bet27,395.3531,395.3531,395.3531,395.3531,395.3531,4.000000,4.000000,4.000000,4.000000,4.000000,96.000000,96.000000,96.000000,96.000000,96.000000,5.0,1976.7655,1824.8244,7907.0621,8059.0032,PENDING_AG03,FALSE,NOT_FOR_ENFORCEMENT,9488.4745,2189415.6736,9883.8276,9488.4745,395.3531,0.00395337,0.00379523,395.3531,9488.4745,0.00379523,395.3531,395.3531,395.3531,395.3531,395.3531,9488.4745,0.00379523,1976.7655,1824.8244,7907.0621,8059.0032,0.00316269,0.00322347,0.00015813,212.5216,219.9480,0.9532,119.0823,2.3972,30121.7335,124.9277,49.0469,238.9093,36.5364,75.9244,374.9013,749.8027,789.266,1183.8989,75.8035,-1.1839,10.395423,15.593133,2.799122,29,215,300,5,0.03207536,0.00395337,0.05088190,0E-8,0.000000,0.912219,0.000000,-0.04848366,2026-03-31,2026-08-01,83,4123,1621,124,0.669355,0.205295,0.230786,0.106918,,,,,,,,GLOBAL_BASELINE_NO_ENTITY_RANKING,,,NOT_APPLICABLE_GLOBAL_BASELINE,HF9g-P5,,,,X 全窗基线 · 不参与实体赏罚,15056039,1506,A168_HF9F_20260827_0900,2026-08-27 09:00:00
2026-06-20,92755421,1383,0,299.9012983069,-3.7962189659,-3.7962189659,0.5000000,5,4,0.49414076904763362,0.438971125000,0.023438533181939784,0.24595450179306358,0.023438533181939784,0.05516964404763362,ELIGIBLE,R03b_20260811_FULL_v1,L1_ELIGIBILITY,v2026-08-11,2026-03-21..2026-08-06,baccarat_bet02_101_all_pairs_incl_sentinel,round_win = game_pnl > 0 (decisive only),COMPATIBILITY_ONLY_NOT_PRODUCTION,2500103.8841,2280641.3266,9883.8276,11764,10369,-0.00395337,-0.05088190,-0.00239824,-0.00395337,-9883.8276,2500103.8841,OK,0.0000,395.3531,4.0000,96.0000,AG03-UNRESOLVED,ALL5_LEVELS_bet23_to_bet27,395.3531,395.3531,395.3531,395.3531,395.3531,4.000000,4.000000,4.000000,4.000000,4.000000,96.000000,96.000000,96.000000,96.000000,96.000000,5.0,1976.7655,1824.8244,7907.0621,8059.0032,PENDING_AG03,FALSE,NOT_FOR_ENFORCEMENT,9488.4745,2189415.6736,9883.8276,9488.4745,395.3531,0.00395337,0.00379523,395.3531,9488.4745,0.00379523,395.3531,395.3531,395.3531,395.3531,395.3531,9488.4745,0.00379523,1976.7655,1824.8244,7907.0621,8059.0032,0.00316269,0.00322347,0.00015813,212.5216,219.9480,0.9532,119.0823,2.3972,30121.7335,124.9277,49.0469,238.9093,36.5364,75.9244,374.9013,749.8027,789.266,1183.8989,75.8035,-1.1839,10.395423,15.593133,2.799122,29,215,300,5,0.03207536,0.00395337,0.05088190,0E-8,0.000000,0.912219,0.000000,-0.04848366,2026-03-31,2026-08-01,83,4123,1621,124,0.669355,0.205295,0.230786,0.106918,,,,,,,,GLOBAL_BASELINE_NO_ENTITY_RANKING,,,NOT_APPLICABLE_GLOBAL_BASELINE,HF9g-P5,,,,X 全窗基线 · 不参与实体赏罚,15056040,1506,A168_HF9F_20260827_0900,2026-08-27 09:00:00
2026-06-20,92755421,1384,0,148.0525396705,0E-10,0E-10,0.5000000,2,2,0.49994810000000000,0.499948100000,0.00014679536856514622,0.00014679536856514622,0.00014679536856514622,0E-17,ELIGIBLE,R03b_20260811_FULL_v1,L1_ELIGIBILITY,v2026-08-11,2026-03-21..2026-08-06,baccarat_bet02_101_all_pairs_incl_sentinel,round_win = game_pnl > 0 (decisive only),COMPATIBILITY_ONLY_NOT_PRODUCTION,2500103.8841,2280641.3266,9883.8276,11764,10369,-0.00395337,-0.05088190,-0.00239824,-0.00395337,-9883.8276,2500103.8841,OK,0.0000,395.3531,4.0000,96.0000,AG03-UNRESOLVED,ALL5_LEVELS_bet23_to_bet27,395.3531,395.3531,395.3531,395.3531,395.3531,4.000000,4.000000,4.000000,4.000000,4.000000,96.000000,96.000000,96.000000,96.000000,96.000000,5.0,1976.7655,1824.8244,7907.0621,8059.0032,PENDING_AG03,FALSE,NOT_FOR_ENFORCEMENT,9488.4745,2189415.6736,9883.8276,9488.4745,395.3531,0.00395337,0.00379523,395.3531,9488.4745,0.00379523,395.3531,395.3531,395.3531,395.3531,395.3531,9488.4745,0.00379523,1976.7655,1824.8244,7907.0621,8059.0032,0.00316269,0.00322347,0.00015813,212.5216,219.9480,0.9532,119.0823,2.3972,30121.7335,124.9277,49.0469,238.9093,36.5364,75.9244,374.9013,749.8027,789.266,1183.8989,75.8035,-1.1839,10.395423,15.593133,2.799122,29,215,300,5,0.03207536,0.00395337,0.05088190,0E-8,0.000000,0.912219,0.000000,-0.04848366,2026-03-31,2026-08-01,83,4123,1621,124,0.669355,0.205295,0.230786,0.106918,,,,,,,,GLOBAL_BASELINE_NO_ENTITY_RANKING,,,NOT_APPLICABLE_GLOBAL_BASELINE,HF9g-P5,,,,X 全窗基线 · 不参与实体赏罚,15056041,1506,A168_HF9F_20260827_0900,2026-08-27 09:00:00
2026-06-20,92755421,1714,0,2675.9547490699,361.0204236581,361.0204236581,0.5714286,10,7,0.48999343689896444,0.391586085714,0.4310005498363557,0.974828285111288,0.4310005498363557,0.09840735118496444,ELIGIBLE,R03b_20260811_FULL_v1,L1_ELIGIBILITY,v2026-08-11,2026-03-21..2026-08-06,baccarat_bet02_101_all_pairs_incl_sentinel,round_win = game_pnl > 0 (decisive only),COMPATIBILITY_ONLY_NOT_PRODUCTION,2500103.8841,2280641.3266,9883.8276,11764,10369,-0.00395337,-0.05088190,-0.00239824,-0.00395337,-9883.8276,2500103.8841,OK,0.0000,395.3531,4.0000,96.0000,AG03-UNRESOLVED,ALL5_LEVELS_bet23_to_bet27,395.3531,395.3531,395.3531,395.3531,395.3531,4.000000,4.000000,4.000000,4.000000,4.000000,96.000000,96.000000,96.000000,96.000000,96.000000,5.0,1976.7655,1824.8244,7907.0621,8059.0032,PENDING_AG03,FALSE,NOT_FOR_ENFORCEMENT,9488.4745,2189415.6736,9883.8276,9488.4745,395.3531,0.00395337,0.00379523,395.3531,9488.4745,0.00379523,395.3531,395.3531,395.3531,395.3531,395.3531,9488.4745,0.00379523,1976.7655,1824.8244,7907.0621,8059.0032,0.00316269,0.00322347,0.00015813,212.5216,219.9480,0.9532,119.0823,2.3972,30121.7335,124.9277,49.0469,238.9093,36.5364,75.9244,374.9013,749.8027,789.266,1183.8989,75.8035,-1.1839,10.395423,15.593133,2.799122,29,215,300,5,0.03207536,0.00395337,0.05088190,0E-8,0.000000,0.912219,0.000000,-0.04848366,2026-03-31,2026-08-01,83,4123,1621,124,0.669355,0.205295,0.230786,0.106918,,,,,,,,GLOBAL_BASELINE_NO_ENTITY_RANKING,,,NOT_APPLICABLE_GLOBAL_BASELINE,HF9g-P5,,,,X 全窗基线 · 不参与实体赏罚,15056042,1506,A168_HF9F_20260827_0900,2026-08-27 09:00:00
2026-06-20,92755421,1935,0,516.2857793638,72.1281603523,72.1281603523,0.6000000,8,7,0.49576330272109653,0.465104114286,0.46617741743171326,0.6047473679267833,0.46617741743171326,0.03065918843509653,ELIGIBLE,R03b_20260811_FULL_v1,L1_ELIGIBILITY,v2026-08-11,2026-03-21..2026-08-06,baccarat_bet02_101_all_pairs_incl_sentinel,round_win = game_pnl > 0 (decisive only),COMPATIBILITY_ONLY_NOT_PRODUCTION,2500103.8841,2280641.3266,9883.8276,11764,10369,-0.00395337,-0.05088190,-0.00239824,-0.00395337,-9883.8276,2500103.8841,OK,0.0000,395.3531,4.0000,96.0000,AG03-UNRESOLVED,ALL5_LEVELS_bet23_to_bet27,395.3531,395.3531,395.3531,395.3531,395.3531,4.000000,4.000000,4.000000,4.000000,4.000000,96.000000,96.000000,96.000000,96.000000,96.000000,5.0,1976.7655,1824.8244,7907.0621,8059.0032,PENDING_AG03,FALSE,NOT_FOR_ENFORCEMENT,9488.4745,2189415.6736,9883.8276,9488.4745,395.3531,0.00395337,0.00379523,395.3531,9488.4745,0.00379523,395.3531,395.3531,395.3531,395.3531,395.3531,9488.4745,0.00379523,1976.7655,1824.8244,7907.0621,8059.0032,0.00316269,0.00322347,0.00015813,212.5216,219.9480,0.9532,119.0823,2.3972,30121.7335,124.9277,49.0469,238.9093,36.5364,75.9244,374.9013,749.8027,789.266,1183.8989,75.8035,-1.1839,10.395423,15.593133,2.799122,29,215,300,5,0.03207536,0.00395337,0.05088190,0E-8,0.000000,0.912219,0.000000,-0.04848366,2026-03-31,2026-08-01,83,4123,1621,124,0.669355,0.205295,0.230786,0.106918,,,,,,,,GLOBAL_BASELINE_NO_ENTITY_RANKING,,,NOT_APPLICABLE_GLOBAL_BASELINE,HF9g-P5,,,,X 全窗基线 · 不参与实体赏罚,15056043,1506,A168_HF9F_20260827_0900,2026-08-27 09:00:00
2026-06-20,92755421,1940,0,379.6218965910,-379.6218965910,-379.6218965910,0E-7,1,1,0.49324550000000000,0.493245500000,-0.9865810262130424,-0.9865810262130424,-0.9865810262130424,0E-17,ELIGIBLE,R03b_20260811_FULL_v1,L1_ELIGIBILITY,v2026-08-11,2026-03-21..2026-08-06,baccarat_bet02_101_all_pairs_incl_sentinel,round_win = game_pnl > 0 (decisive only),COMPATIBILITY_ONLY_NOT_PRODUCTION,2500103.8841,2280641.3266,9883.8276,11764,10369,-0.00395337,-0.05088190,-0.00239824,-0.00395337,-9883.8276,2500103.8841,OK,0.0000,395.3531,4.0000,96.0000,AG03-UNRESOLVED,ALL5_LEVELS_bet23_to_bet27,395.3531,395.3531,395.3531,395.3531,395.3531,4.000000,4.000000,4.000000,4.000000,4.000000,96.000000,96.000000,96.000000,96.000000,96.000000,5.0,1976.7655,1824.8244,7907.0621,8059.0032,PENDING_AG03,FALSE,NOT_FOR_ENFORCEMENT,9488.4745,2189415.6736,9883.8276,9488.4745,395.3531,0.00395337,0.00379523,395.3531,9488.4745,0.00379523,395.3531,395.3531,395.3531,395.3531,395.3531,9488.4745,0.00379523,1976.7655,1824.8244,7907.0621,8059.0032,0.00316269,0.00322347,0.00015813,212.5216,219.9480,0.9532,119.0823,2.3972,30121.7335,124.9277,49.0469,238.9093,36.5364,75.9244,374.9013,749.8027,789.266,1183.8989,75.8035,-1.1839,10.395423,15.593133,2.799122,29,215,300,5,0.03207536,0.00395337,0.05088190,0E-8,0.000000,0.912219,0.000000,-0.04848366,2026-03-31,2026-08-01,83,4123,1621,124,0.669355,0.205295,0.230786,0.106918,,,,,,,,GLOBAL_BASELINE_NO_ENTITY_RANKING,,,NOT_APPLICABLE_GLOBAL_BASELINE,HF9g-P5,,,,X 全窗基线 · 不参与实体赏罚,15056044,1506,A168_HF9F_20260827_0900,2026-08-27 09:00:00
2026-06-20,92755421,2103,0,383.4181155569,-383.4181155569,-383.4181155569,0E-7,2,1,0.50182084059407200,0.262742800000,-1.0036483363229767,-0.5969746651759844,-1.0036483363229767,0.23907804059407200,ELIGIBLE,R03b_20260811_FULL_v1,L1_ELIGIBILITY,v2026-08-11,2026-03-21..2026-08-06,baccarat_bet02_101_all_pairs_incl_sentinel,round_win = game_pnl > 0 (decisive only),COMPATIBILITY_ONLY_NOT_PRODUCTION,2500103.8841,2280641.3266,9883.8276,11764,10369,-0.00395337,-0.05088190,-0.00239824,-0.00395337,-9883.8276,2500103.8841,OK,0.0000,395.3531,4.0000,96.0000,AG03-UNRESOLVED,ALL5_LEVELS_bet23_to_bet27,395.3531,395.3531,395.3531,395.3531,395.3531,4.000000,4.000000,4.000000,4.000000,4.000000,96.000000,96.000000,96.000000,96.000000,96.000000,5.0,1976.7655,1824.8244,7907.0621,8059.0032,PENDING_AG03,FALSE,NOT_FOR_ENFORCEMENT,9488.4745,2189415.6736,9883.8276,9488.4745,395.3531,0.00395337,0.00379523,395.3531,9488.4745,0.00379523,395.3531,395.3531,395.3531,395.3531,395.3531,9488.4745,0.00379523,1976.7655,1824.8244,7907.0621,8059.0032,0.00316269,0.00322347,0.00015813,212.5216,219.9480,0.9532,119.0823,2.3972,30121.7335,124.9277,49.0469,238.9093,36.5364,75.9244,374.9013,749.8027,789.266,1183.8989,75.8035,-1.1839,10.395423,15.593133,2.799122,29,215,300,5,0.03207536,0.00395337,0.05088190,0E-8,0.000000,0.912219,0.000000,-0.04848366,2026-03-31,2026-08-01,83,4123,1621,124,0.669355,0.205295,0.230786,0.106918,,,,,,,,GLOBAL_BASELINE_NO_ENTITY_RANKING,,,NOT_APPLICABLE_GLOBAL_BASELINE,HF9g-P5,,,,X 全窗基线 · 不参与实体赏罚,15056045,1506,A168_HF9F_20260827_0900,2026-08-27 09:00:00
2026-06-20,92755421,2123,0,455.5462759092,-455.5462759092,-455.5462759092,0E-7,2,2,0.49994810000000000,0.499948100000,-1.4140667746232096,-1.4140667746232096,-1.4140667746232096,0E-17,ELIGIBLE,R03b_20260811_FULL_v1,L1_ELIGIBILITY,v2026-08-11,2026-03-21..2026-08-06,baccarat_bet02_101_all_pairs_incl_sentinel,round_win = game_pnl > 0 (decisive only),COMPATIBILITY_ONLY_NOT_PRODUCTION,2500103.8841,2280641.3266,9883.8276,11764,10369,-0.00395337,-0.05088190,-0.00239824,-0.00395337,-9883.8276,2500103.8841,OK,0.0000,395.3531,4.0000,96.0000,AG03-UNRESOLVED,ALL5_LEVELS_bet23_to_bet27,395.3531,395.3531,395.3531,395.3531,395.3531,4.000000,4.000000,4.000000,4.000000,4.000000,96.000000,96.000000,96.000000,96.000000,96.000000,5.0,1976.7655,1824.8244,7907.0621,8059.0032,PENDING_AG03,FALSE,NOT_FOR_ENFORCEMENT,9488.4745,2189415.6736,9883.8276,9488.4745,395.3531,0.00395337,0.00379523,395.3531,9488.4745,0.00379523,395.3531,395.3531,395.3531,395.3531,395.3531,9488.4745,0.00379523,1976.7655,1824.8244,7907.0621,8059.0032,0.00316269,0.00322347,0.00015813,212.5216,219.9480,0.9532,119.0823,2.3972,30121.7335,124.9277,49.0469,238.9093,36.5364,75.9244,374.9013,749.8027,789.266,1183.8989,75.8035,-1.1839,10.395423,15.593133,2.799122,29,215,300,5,0.03207536,0.00395337,0.05088190,0E-8,0.000000,0.912219,0.000000,-0.04848366,2026-03-31,2026-08-01,83,4123,1621,124,0.669355,0.205295,0.230786,0.106918,,,,,,,,GLOBAL_BASELINE_NO_ENTITY_RANKING,,,NOT_APPLICABLE_GLOBAL_BASELINE,HF9g-P5,,,,X 全窗基线 · 不参与实体赏罚,15056046,1506,A168_HF9F_20260827_0900,2026-08-27 09:00:00
2026-06-20,92755421,2141,0,1141.9026649457,-162.4781717409,-162.4781717409,0.6666667,8,7,0.49446890549452860,0.463189085714,0.843644920290984,0.9995450292667538,0.843644920290984,0.03127981978052860,ELIGIBLE,R03b_20260811_FULL_v1,L1_ELIGIBILITY,v2026-08-11,2026-03-21..2026-08-06,baccarat_bet02_101_all_pairs_incl_sentinel,round_win = game_pnl > 0 (decisive only),COMPATIBILITY_ONLY_NOT_PRODUCTION,2500103.8841,2280641.3266,9883.8276,11764,10369,-0.00395337,-0.05088190,-0.00239824,-0.00395337,-9883.8276,2500103.8841,OK,0.0000,395.3531,4.0000,96.0000,AG03-UNRESOLVED,ALL5_LEVELS_bet23_to_bet27,395.3531,395.3531,395.3531,395.3531,395.3531,4.000000,4.000000,4.000000,4.000000,4.000000,96.000000,96.000000,96.000000,96.000000,96.000000,5.0,1976.7655,1824.8244,7907.0621,8059.0032,PENDING_AG03,FALSE,NOT_FOR_ENFORCEMENT,9488.4745,2189415.6736,9883.8276,9488.4745,395.3531,0.00395337,0.00379523,395.3531,9488.4745,0.00379523,395.3531,395.3531,395.3531,395.3531,395.3531,9488.4745,0.00379523,1976.7655,1824.8244,7907.0621,8059.0032,0.00316269,0.00322347,0.00015813,212.5216,219.9480,0.9532,119.0823,2.3972,30121.7335,124.9277,49.0469,238.9093,36.5364,75.9244,374.9013,749.8027,789.266,1183.8989,75.8035,-1.1839,10.395423,15.593133,2.799122,29,215,300,5,0.03207536,0.00395337,0.05088190,0E-8,0.000000,0.912219,0.000000,-0.04848366,2026-03-31,2026-08-01,83,4123,1621,124,0.669355,0.205295,0.230786,0.106918,,,,,,,,GLOBAL_BASELINE_NO_ENTITY_RANKING,,,NOT_APPLICABLE_GLOBAL_BASELINE,HF9g-P5,,,,X 全窗基线 · 不参与实体赏罚,15056047,1506,A168_HF9F_20260827_0900,2026-08-27 09:00:00
2026-06-20,92755421,2155,0,379.6218965910,-379.6218965910,-379.6218965910,0E-7,1,1,0.50665070000000000,0.506650700000,-1.013391052207602,-1.013391052207602,-1.013391052207602,0E-17,ELIGIBLE,R03b_20260811_FULL_v1,L1_ELIGIBILITY,v2026-08-11,2026-03-21..2026-08-06,baccarat_bet02_101_all_pairs_incl_sentinel,round_win = game_pnl > 0 (decisive only),COMPATIBILITY_ONLY_NOT_PRODUCTION,2500103.8841,2280641.3266,9883.8276,11764,10369,-0.00395337,-0.05088190,-0.00239824,-0.00395337,-9883.8276,2500103.8841,OK,0.0000,395.3531,4.0000,96.0000,AG03-UNRESOLVED,ALL5_LEVELS_bet23_to_bet27,395.3531,395.3531,395.3531,395.3531,395.3531,4.000000,4.000000,4.000000,4.000000,4.000000,96.000000,96.000000,96.000000,96.000000,96.000000,5.0,1976.7655,1824.8244,7907.0621,8059.0032,PENDING_AG03,FALSE,NOT_FOR_ENFORCEMENT,9488.4745,2189415.6736,9883.8276,9488.4745,395.3531,0.00395337,0.00379523,395.3531,9488.4745,0.00379523,395.3531,395.3531,395.3531,395.3531,395.3531,9488.4745,0.00379523,1976.7655,1824.8244,7907.0621,8059.0032,0.00316269,0.00322347,0.00015813,212.5216,219.9480,0.9532,119.0823,2.3972,30121.7335,124.9277,49.0469,238.9093,36.5364,75.9244,374.9013,749.8027,789.266,1183.8989,75.8035,-1.1839,10.395423,15.593133,2.799122,29,215,300,5,0.03207536,0.00395337,0.05088190,0E-8,0.000000,0.912219,0.000000,-0.04848366,2026-03-31,2026-08-01,83,4123,1621,124,0.669355,0.205295,0.230786,0.106918,,,,,,,,GLOBAL_BASELINE_NO_ENTITY_RANKING,,,NOT_APPLICABLE_GLOBAL_BASELINE,HF9g-P5,,,,X 全窗基线 · 不参与实体赏罚,15056048,1506,A168_HF9F_20260827_0900,2026-08-27 09:00:00
2026-06-20,92755421,2177,0,151.8487586364,0E-10,0E-10,0.5000000,2,2,0.49994810000000000,0.499948100000,0.00014679536856514622,0.00014679536856514622,0.00014679536856514622,0E-17,ELIGIBLE,R03b_20260811_FULL_v1,L1_ELIGIBILITY,v2026-08-11,2026-03-21..2026-08-06,baccarat_bet02_101_all_pairs_incl_sentinel,round_win = game_pnl > 0 (decisive only),COMPATIBILITY_ONLY_NOT_PRODUCTION,2500103.8841,2280641.3266,9883.8276,11764,10369,-0.00395337,-0.05088190,-0.00239824,-0.00395337,-9883.8276,2500103.8841,OK,0.0000,395.3531,4.0000,96.0000,AG03-UNRESOLVED,ALL5_LEVELS_bet23_to_bet27,395.3531,395.3531,395.3531,395.3531,395.3531,4.000000,4.000000,4.000000,4.000000,4.000000,96.000000,96.000000,96.000000,96.000000,96.000000,5.0,1976.7655,1824.8244,7907.0621,8059.0032,PENDING_AG03,FALSE,NOT_FOR_ENFORCEMENT,9488.4745,2189415.6736,9883.8276,9488.4745,395.3531,0.00395337,0.00379523,395.3531,9488.4745,0.00379523,395.3531,395.3531,395.3531,395.3531,395.3531,9488.4745,0.00379523,1976.7655,1824.8244,7907.0621,8059.0032,0.00316269,0.00322347,0.00015813,212.5216,219.9480,0.9532,119.0823,2.3972,30121.7335,124.9277,49.0469,238.9093,36.5364,75.9244,374.9013,749.8027,789.266,1183.8989,75.8035,-1.1839,10.395423,15.593133,2.799122,29,215,300,5,0.03207536,0.00395337,0.05088190,0E-8,0.000000,0.912219,0.000000,-0.04848366,2026-03-31,2026-08-01,83,4123,1621,124,0.669355,0.205295,0.230786,0.106918,,,,,,,,GLOBAL_BASELINE_NO_ENTITY_RANKING,,,NOT_APPLICABLE_GLOBAL_BASELINE,HF9g-P5,,,,X 全窗基线 · 不参与实体赏罚,15056049,1506,A168_HF9F_20260827_0900,2026-08-27 09:00:00
2026-06-20,92755421,2218,0,79.7205982841,-79.7205982841,-79.7205982841,0E-7,2,1,0.48342137619053447,0.262742800000,-0.9673746659567615,-0.5969746651759844,-0.9673746659567615,0.22067857619053447,ELIGIBLE,R03b_20260811_FULL_v1,L1_ELIGIBILITY,v2026-08-11,2026-03-21..2026-08-06,baccarat_bet02_101_all_pairs_incl_sentinel,round_win = game_pnl > 0 (decisive only),COMPATIBILITY_ONLY_NOT_PRODUCTION,2500103.8841,2280641.3266,9883.8276,11764,10369,-0.00395337,-0.05088190,-0.00239824,-0.00395337,-9883.8276,2500103.8841,OK,0.0000,395.3531,4.0000,96.0000,AG03-UNRESOLVED,ALL5_LEVELS_bet23_to_bet27,395.3531,395.3531,395.3531,395.3531,395.3531,4.000000,4.000000,4.000000,4.000000,4.000000,96.000000,96.000000,96.000000,96.000000,96.000000,5.0,1976.7655,1824.8244,7907.0621,8059.0032,PENDING_AG03,FALSE,NOT_FOR_ENFORCEMENT,9488.4745,2189415.6736,9883.8276,9488.4745,395.3531,0.00395337,0.00379523,395.3531,9488.4745,0.00379523,395.3531,395.3531,395.3531,395.3531,395.3531,9488.4745,0.00379523,1976.7655,1824.8244,7907.0621,8059.0032,0.00316269,0.00322347,0.00015813,212.5216,219.9480,0.9532,119.0823,2.3972,30121.7335,124.9277,49.0469,238.9093,36.5364,75.9244,374.9013,749.8027,789.266,1183.8989,75.8035,-1.1839,10.395423,15.593133,2.799122,29,215,300,5,0.03207536,0.00395337,0.05088190,0E-8,0.000000,0.912219,0.000000,-0.04848366,2026-03-31,2026-08-01,83,4123,1621,124,0.669355,0.205295,0.230786,0.106918,,,,,,,,GLOBAL_BASELINE_NO_ENTITY_RANKING,,,NOT_APPLICABLE_GLOBAL_BASELINE,HF9g-P5,,,,X 全窗基线 · 不参与实体赏罚,15056050,1506,A168_HF9F_20260827_0900,2026-08-27 09:00:00
2026-06-20,92755421,2242,0,379.6218965910,-379.6218965910,-379.6218965910,0E-7,1,1,0.50665070000000000,0.506650700000,-1.013391052207602,-1.013391052207602,-1.013391052207602,0E-17,ELIGIBLE,R03b_20260811_FULL_v1,L1_ELIGIBILITY,v2026-08-11,2026-03-21..2026-08-06,baccarat_bet02_101_all_pairs_incl_sentinel,round_win = game_pnl > 0 (decisive only),COMPATIBILITY_ONLY_NOT_PRODUCTION,2500103.8841,2280641.3266,9883.8276,11764,10369,-0.00395337,-0.05088190,-0.00239824,-0.00395337,-9883.8276,2500103.8841,OK,0.0000,395.3531,4.0000,96.0000,AG03-UNRESOLVED,ALL5_LEVELS_bet23_to_bet27,395.3531,395.3531,395.3531,395.3531,395.3531,4.000000,4.000000,4.000000,4.000000,4.000000,96.000000,96.000000,96.000000,96.000000,96.000000,5.0,1976.7655,1824.8244,7907.0621,8059.0032,PENDING_AG03,FALSE,NOT_FOR_ENFORCEMENT,9488.4745,2189415.6736,9883.8276,9488.4745,395.3531,0.00395337,0.00379523,395.3531,9488.4745,0.00379523,395.3531,395.3531,395.3531,395.3531,395.3531,9488.4745,0.00379523,1976.7655,1824.8244,7907.0621,8059.0032,0.00316269,0.00322347,0.00015813,212.5216,219.9480,0.9532,119.0823,2.3972,30121.7335,124.9277,49.0469,238.9093,36.5364,75.9244,374.9013,749.8027,789.266,1183.8989,75.8035,-1.1839,10.395423,15.593133,2.799122,29,215,300,5,0.03207536,0.00395337,0.05088190,0E-8,0.000000,0.912219,0.000000,-0.04848366,2026-03-31,2026-08-01,83,4123,1621,124,0.669355,0.205295,0.230786,0.106918,,,,,,,,GLOBAL_BASELINE_NO_ENTITY_RANKING,,,NOT_APPLICABLE_GLOBAL_BASELINE,HF9g-P5,,,,X 全窗基线 · 不参与实体赏罚,15056051,1506,A168_HF9F_20260827_0900,2026-08-27 09:00:00
2026-06-20,92755421,2258,0,75.9243793182,-75.9243793182,-75.9243793182,0E-7,1,1,0.50665070000000000,0.506650700000,-1.013391052207602,-1.013391052207602,-1.013391052207602,0E-17,ELIGIBLE,R03b_20260811_FULL_v1,L1_ELIGIBILITY,v2026-08-11,2026-03-21..2026-08-06,baccarat_bet02_101_all_pairs_incl_sentinel,round_win = game_pnl > 0 (decisive only),COMPATIBILITY_ONLY_NOT_PRODUCTION,2500103.8841,2280641.3266,9883.8276,11764,10369,-0.00395337,-0.05088190,-0.00239824,-0.00395337,-9883.8276,2500103.8841,OK,0.0000,395.3531,4.0000,96.0000,AG03-UNRESOLVED,ALL5_LEVELS_bet23_to_bet27,395.3531,395.3531,395.3531,395.3531,395.3531,4.000000,4.000000,4.000000,4.000000,4.000000,96.000000,96.000000,96.000000,96.000000,96.000000,5.0,1976.7655,1824.8244,7907.0621,8059.0032,PENDING_AG03,FALSE,NOT_FOR_ENFORCEMENT,9488.4745,2189415.6736,9883.8276,9488.4745,395.3531,0.00395337,0.00379523,395.3531,9488.4745,0.00379523,395.3531,395.3531,395.3531,395.3531,395.3531,9488.4745,0.00379523,1976.7655,1824.8244,7907.0621,8059.0032,0.00316269,0.00322347,0.00015813,212.5216,219.9480,0.9532,119.0823,2.3972,30121.7335,124.9277,49.0469,238.9093,36.5364,75.9244,374.9013,749.8027,789.266,1183.8989,75.8035,-1.1839,10.395423,15.593133,2.799122,29,215,300,5,0.03207536,0.00395337,0.05088190,0E-8,0.000000,0.912219,0.000000,-0.04848366,2026-03-31,2026-08-01,83,4123,1621,124,0.669355,0.205295,0.230786,0.106918,,,,,,,,GLOBAL_BASELINE_NO_ENTITY_RANKING,,,NOT_APPLICABLE_GLOBAL_BASELINE,HF9g-P5,,,,X 全窗基线 · 不参与实体赏罚,15056052,1506,A168_HF9F_20260827_0900,2026-08-27 09:00:00
2026-06-20,92755421,462,0,440.3614000456,151.8487586364,151.8487586364,0.7500000,6,6,0.49994810000000000,0.499948100000,1.0002076053883384,1.0002076053883384,1.0002076053883384,0E-17,ELIGIBLE,R03b_20260811_FULL_v1,L1_ELIGIBILITY,v2026-08-11,2026-03-21..2026-08-06,baccarat_bet02_101_all_pairs_incl_sentinel,round_win = game_pnl > 0 (decisive only),COMPATIBILITY_ONLY_NOT_PRODUCTION,2500103.8841,2280641.3266,9883.8276,11764,10369,-0.00395337,-0.05088190,-0.00239824,-0.00395337,-9883.8276,2500103.8841,OK,0.0000,395.3531,4.0000,96.0000,AG03-UNRESOLVED,ALL5_LEVELS_bet23_to_bet27,395.3531,395.3531,395.3531,395.3531,395.3531,4.000000,4.000000,4.000000,4.000000,4.000000,96.000000,96.000000,96.000000,96.000000,96.000000,5.0,1976.7655,1824.8244,7907.0621,8059.0032,PENDING_AG03,FALSE,NOT_FOR_ENFORCEMENT,9488.4745,2189415.6736,9883.8276,9488.4745,395.3531,0.00395337,0.00379523,395.3531,9488.4745,0.00379523,395.3531,395.3531,395.3531,395.3531,395.3531,9488.4745,0.00379523,1976.7655,1824.8244,7907.0621,8059.0032,0.00316269,0.00322347,0.00015813,212.5216,219.9480,0.9532,119.0823,2.3972,30121.7335,124.9277,49.0469,238.9093,36.5364,75.9244,374.9013,749.8027,789.266,1183.8989,75.8035,-1.1839,10.395423,15.593133,2.799122,29,215,300,5,0.03207536,0.00395337,0.05088190,0E-8,0.000000,0.912219,0.000000,-0.04848366,2026-03-31,2026-08-01,83,4123,1621,124,0.669355,0.205295,0.230786,0.106918,,,,,,,,GLOBAL_BASELINE_NO_ENTITY_RANKING,,,NOT_APPLICABLE_GLOBAL_BASELINE,HF9g-P5,,,,X 全窗基线 · 不参与实体赏罚,15056053,1506,A168_HF9F_20260827_0900,2026-08-27 09:00:00
2026-06-20,92755421,948,0,75.9243793182,-75.9243793182,-75.9243793182,0E-7,1,1,0.49324550000000000,0.493245500000,-0.9865810262130424,-0.9865810262130424,-0.9865810262130424,0E-17,ELIGIBLE,R03b_20260811_FULL_v1,L1_ELIGIBILITY,v2026-08-11,2026-03-21..2026-08-06,baccarat_bet02_101_all_pairs_incl_sentinel,round_win = game_pnl > 0 (decisive only),COMPATIBILITY_ONLY_NOT_PRODUCTION,2500103.8841,2280641.3266,9883.8276,11764,10369,-0.00395337,-0.05088190,-0.00239824,-0.00395337,-9883.8276,2500103.8841,OK,0.0000,395.3531,4.0000,96.0000,AG03-UNRESOLVED,ALL5_LEVELS_bet23_to_bet27,395.3531,395.3531,395.3531,395.3531,395.3531,4.000000,4.000000,4.000000,4.000000,4.000000,96.000000,96.000000,96.000000,96.000000,96.000000,5.0,1976.7655,1824.8244,7907.0621,8059.0032,PENDING_AG03,FALSE,NOT_FOR_ENFORCEMENT,9488.4745,2189415.6736,9883.8276,9488.4745,395.3531,0.00395337,0.00379523,395.3531,9488.4745,0.00379523,395.3531,395.3531,395.3531,395.3531,395.3531,9488.4745,0.00379523,1976.7655,1824.8244,7907.0621,8059.0032,0.00316269,0.00322347,0.00015813,212.5216,219.9480,0.9532,119.0823,2.3972,30121.7335,124.9277,49.0469,238.9093,36.5364,75.9244,374.9013,749.8027,789.266,1183.8989,75.8035,-1.1839,10.395423,15.593133,2.799122,29,215,300,5,0.03207536,0.00395337,0.05088190,0E-8,0.000000,0.912219,0.000000,-0.04848366,2026-03-31,2026-08-01,83,4123,1621,124,0.669355,0.205295,0.230786,0.106918,,,,,,,,GLOBAL_BASELINE_NO_ENTITY_RANKING,,,NOT_APPLICABLE_GLOBAL_BASELINE,HF9g-P5,,,,X 全窗基线 · 不参与实体赏罚,15056054,1506,A168_HF9F_20260827_0900,2026-08-27 09:00:00
2026-06-22,92755421,-1,1,4271.5055804419,-43.6565181083,-43.6565181083,0.5000000,42,39,0.50006916441433164,0.482560846154,-0.0008299729799203905,0.20939725040563634,-0.0008299729799203905,0.01750831826033164,SENTINEL_DEALER,R03b_20260811_FULL_v1,L1_ELIGIBILITY,v2026-08-11,2026-03-21..2026-08-06,baccarat_bet02_101_all_pairs_incl_sentinel,round_win = game_pnl > 0 (decisive only),COMPATIBILITY_ONLY_NOT_PRODUCTION,2500103.8841,2280641.3266,9883.8276,11764,10369,-0.00395337,-0.05088190,-0.00239824,-0.00395337,-9883.8276,2500103.8841,OK,0.0000,395.3531,4.0000,96.0000,AG03-UNRESOLVED,ALL5_LEVELS_bet23_to_bet27,395.3531,395.3531,395.3531,395.3531,395.3531,4.000000,4.000000,4.000000,4.000000,4.000000,96.000000,96.000000,96.000000,96.000000,96.000000,5.0,1976.7655,1824.8244,7907.0621,8059.0032,PENDING_AG03,FALSE,NOT_FOR_ENFORCEMENT,9488.4745,2189415.6736,9883.8276,9488.4745,395.3531,0.00395337,0.00379523,395.3531,9488.4745,0.00379523,395.3531,395.3531,395.3531,395.3531,395.3531,9488.4745,0.00379523,1976.7655,1824.8244,7907.0621,8059.0032,0.00316269,0.00322347,0.00015813,212.5216,219.9480,0.9532,119.0823,2.3972,30121.7335,124.9277,49.0469,238.9093,36.5364,75.9244,374.9013,749.8027,789.266,1183.8989,75.8035,-1.1839,10.395423,15.593133,2.799122,29,215,300,5,0.03207536,0.00395337,0.05088190,0E-8,0.000000,0.912219,0.000000,-0.04848366,2026-03-31,2026-08-01,83,4123,1621,124,0.669355,0.205295,0.230786,0.106918,,,,,,,,GLOBAL_BASELINE_NO_ENTITY_RANKING,,,NOT_APPLICABLE_GLOBAL_BASELINE,HF9g-P5,,,,X 全窗基线 · 不参与实体赏罚,15056055,1506,A168_HF9F_20260827_0900,2026-08-27 09:00:00
2026-06-22,92755421,1094,0,768.7343405967,303.9822336951,303.9822336951,0.8000000,8,7,0.50149176162461829,0.468934171429,1.3349753672975473,1.483437452648576,1.3349753672975473,0.03255759019561829,ELIGIBLE,R03b_20260811_FULL_v1,L1_ELIGIBILITY,v2026-08-11,2026-03-21..2026-08-06,baccarat_bet02_101_all_pairs_incl_sentinel,round_win = game_pnl > 0 (decisive only),COMPATIBILITY_ONLY_NOT_PRODUCTION,2500103.8841,2280641.3266,9883.8276,11764,10369,-0.00395337,-0.05088190,-0.00239824,-0.00395337,-9883.8276,2500103.8841,OK,0.0000,395.3531,4.0000,96.0000,AG03-UNRESOLVED,ALL5_LEVELS_bet23_to_bet27,395.3531,395.3531,395.3531,395.3531,395.3531,4.000000,4.000000,4.000000,4.000000,4.000000,96.000000,96.000000,96.000000,96.000000,96.000000,5.0,1976.7655,1824.8244,7907.0621,8059.0032,PENDING_AG03,FALSE,NOT_FOR_ENFORCEMENT,9488.4745,2189415.6736,9883.8276,9488.4745,395.3531,0.00395337,0.00379523,395.3531,9488.4745,0.00379523,395.3531,395.3531,395.3531,395.3531,395.3531,9488.4745,0.00379523,1976.7655,1824.8244,7907.0621,8059.0032,0.00316269,0.00322347,0.00015813,212.5216,219.9480,0.9532,119.0823,2.3972,30121.7335,124.9277,49.0469,238.9093,36.5364,75.9244,374.9013,749.8027,789.266,1183.8989,75.8035,-1.1839,10.395423,15.593133,2.799122,29,215,300,5,0.03207536,0.00395337,0.05088190,0E-8,0.000000,0.912219,0.000000,-0.04848366,2026-03-31,2026-08-01,83,4123,1621,124,0.669355,0.205295,0.230786,0.106918,,,,,,,,GLOBAL_BASELINE_NO_ENTITY_RANKING,,,NOT_APPLICABLE_GLOBAL_BASELINE,HF9g-P5,,,,X 全窗基线 · 不参与实体赏罚,15056056,1506,A168_HF9F_20260827_0900,2026-08-27 09:00:00
2026-06-22,92755421,1205,0,208.7920431250,-208.7920431250,-208.7920431250,0E-7,2,2,0.49324550000000000,0.493245500000,-1.3952362676504506,-1.3952362676504506,-1.3952362676504506,0E-17,ELIGIBLE,R03b_20260811_FULL_v1,L1_ELIGIBILITY,v2026-08-11,2026-03-21..2026-08-06,baccarat_bet02_101_all_pairs_incl_sentinel,round_win = game_pnl > 0 (decisive only),COMPATIBILITY_ONLY_NOT_PRODUCTION,2500103.8841,2280641.3266,9883.8276,11764,10369,-0.00395337,-0.05088190,-0.00239824,-0.00395337,-9883.8276,2500103.8841,OK,0.0000,395.3531,4.0000,96.0000,AG03-UNRESOLVED,ALL5_LEVELS_bet23_to_bet27,395.3531,395.3531,395.3531,395.3531,395.3531,4.000000,4.000000,4.000000,4.000000,4.000000,96.000000,96.000000,96.000000,96.000000,96.000000,5.0,1976.7655,1824.8244,7907.0621,8059.0032,PENDING_AG03,FALSE,NOT_FOR_ENFORCEMENT,9488.4745,2189415.6736,9883.8276,9488.4745,395.3531,0.00395337,0.00379523,395.3531,9488.4745,0.00379523,395.3531,395.3531,395.3531,395.3531,395.3531,9488.4745,0.00379523,1976.7655,1824.8244,7907.0621,8059.0032,0.00316269,0.00322347,0.00015813,212.5216,219.9480,0.9532,119.0823,2.3972,30121.7335,124.9277,49.0469,238.9093,36.5364,75.9244,374.9013,749.8027,789.266,1183.8989,75.8035,-1.1839,10.395423,15.593133,2.799122,29,215,300,5,0.03207536,0.00395337,0.05088190,0E-8,0.000000,0.912219,0.000000,-0.04848366,2026-03-31,2026-08-01,83,4123,1621,124,0.669355,0.205295,0.230786,0.106918,,,,,,,,GLOBAL_BASELINE_NO_ENTITY_RANKING,,,NOT_APPLICABLE_GLOBAL_BASELINE,HF9g-P5,,,,X 全窗基线 · 不参与实体赏罚,15056057,1506,A168_HF9F_20260827_0900,2026-08-27 09:00:00
2026-06-22,92755421,1307,0,227.7731379546,-5.6943284489,-5.6943284489,0.5000000,2,2,0.49994810000000000,0.499948100000,0.00014679536856514622,0.00014679536856514622,0.00014679536856514622,0E-17,ELIGIBLE,R03b_20260811_FULL_v1,L1_ELIGIBILITY,v2026-08-11,2026-03-21..2026-08-06,baccarat_bet02_101_all_pairs_incl_sentinel,round_win = game_pnl > 0 (decisive only),COMPATIBILITY_ONLY_NOT_PRODUCTION,2500103.8841,2280641.3266,9883.8276,11764,10369,-0.00395337,-0.05088190,-0.00239824,-0.00395337,-9883.8276,2500103.8841,OK,0.0000,395.3531,4.0000,96.0000,AG03-UNRESOLVED,ALL5_LEVELS_bet23_to_bet27,395.3531,395.3531,395.3531,395.3531,395.3531,4.000000,4.000000,4.000000,4.000000,4.000000,96.000000,96.000000,96.000000,96.000000,96.000000,5.0,1976.7655,1824.8244,7907.0621,8059.0032,PENDING_AG03,FALSE,NOT_FOR_ENFORCEMENT,9488.4745,2189415.6736,9883.8276,9488.4745,395.3531,0.00395337,0.00379523,395.3531,9488.4745,0.00379523,395.3531,395.3531,395.3531,395.3531,395.3531,9488.4745,0.00379523,1976.7655,1824.8244,7907.0621,8059.0032,0.00316269,0.00322347,0.00015813,212.5216,219.9480,0.9532,119.0823,2.3972,30121.7335,124.9277,49.0469,238.9093,36.5364,75.9244,374.9013,749.8027,789.266,1183.8989,75.8035,-1.1839,10.395423,15.593133,2.799122,29,215,300,5,0.03207536,0.00395337,0.05088190,0E-8,0.000000,0.912219,0.000000,-0.04848366,2026-03-31,2026-08-01,83,4123,1621,124,0.669355,0.205295,0.230786,0.106918,,,,,,,,GLOBAL_BASELINE_NO_ENTITY_RANKING,,,NOT_APPLICABLE_GLOBAL_BASELINE,HF9g-P5,,,,X 全窗基线 · 不参与实体赏罚,15056058,1506,A168_HF9F_20260827_0900,2026-08-27 09:00:00
2026-06-22,92755421,1353,0,113.5069470807,-113.5069470807,-113.5069470807,0E-7,2,1,0.49196728127098350,0.262742800000,-0.9840615630359182,-0.5969746651759844,-0.9840615630359182,0.22922448127098350,ELIGIBLE,R03b_20260811_FULL_v1,L1_ELIGIBILITY,v2026-08-11,2026-03-21..2026-08-06,baccarat_bet02_101_all_pairs_incl_sentinel,round_win = game_pnl > 0 (decisive only),COMPATIBILITY_ONLY_NOT_PRODUCTION,2500103.8841,2280641.3266,9883.8276,11764,10369,-0.00395337,-0.05088190,-0.00239824,-0.00395337,-9883.8276,2500103.8841,OK,0.0000,395.3531,4.0000,96.0000,AG03-UNRESOLVED,ALL5_LEVELS_bet23_to_bet27,395.3531,395.3531,395.3531,395.3531,395.3531,4.000000,4.000000,4.000000,4.000000,4.000000,96.000000,96.000000,96.000000,96.000000,96.000000,5.0,1976.7655,1824.8244,7907.0621,8059.0032,PENDING_AG03,FALSE,NOT_FOR_ENFORCEMENT,9488.4745,2189415.6736,9883.8276,9488.4745,395.3531,0.00395337,0.00379523,395.3531,9488.4745,0.00379523,395.3531,395.3531,395.3531,395.3531,395.3531,9488.4745,0.00379523,1976.7655,1824.8244,7907.0621,8059.0032,0.00316269,0.00322347,0.00015813,212.5216,219.9480,0.9532,119.0823,2.3972,30121.7335,124.9277,49.0469,238.9093,36.5364,75.9244,374.9013,749.8027,789.266,1183.8989,75.8035,-1.1839,10.395423,15.593133,2.799122,29,215,300,5,0.03207536,0.00395337,0.05088190,0E-8,0.000000,0.912219,0.000000,-0.04848366,2026-03-31,2026-08-01,83,4123,1621,124,0.669355,0.205295,0.230786,0.106918,,,,,,,,GLOBAL_BASELINE_NO_ENTITY_RANKING,,,NOT_APPLICABLE_GLOBAL_BASELINE,HF9g-P5,,,,X 全窗基线 · 不参与实体赏罚,15056059,1506,A168_HF9F_20260827_0900,2026-08-27 09:00:00
2026-06-22,92755421,1382,0,548.9332624705,-108.5718624249,-108.5718624249,0.4000000,7,5,0.49286461678326411,0.402384940000,-0.4153454873630375,-0.01087503927561754,-0.4153454873630375,0.09047967678326411,ELIGIBLE,R03b_20260811_FULL_v1,L1_ELIGIBILITY,v2026-08-11,2026-03-21..2026-08-06,baccarat_bet02_101_all_pairs_incl_sentinel,round_win = game_pnl > 0 (decisive only),COMPATIBILITY_ONLY_NOT_PRODUCTION,2500103.8841,2280641.3266,9883.8276,11764,10369,-0.00395337,-0.05088190,-0.00239824,-0.00395337,-9883.8276,2500103.8841,OK,0.0000,395.3531,4.0000,96.0000,AG03-UNRESOLVED,ALL5_LEVELS_bet23_to_bet27,395.3531,395.3531,395.3531,395.3531,395.3531,4.000000,4.000000,4.000000,4.000000,4.000000,96.000000,96.000000,96.000000,96.000000,96.000000,5.0,1976.7655,1824.8244,7907.0621,8059.0032,PENDING_AG03,FALSE,NOT_FOR_ENFORCEMENT,9488.4745,2189415.6736,9883.8276,9488.4745,395.3531,0.00395337,0.00379523,395.3531,9488.4745,0.00379523,395.3531,395.3531,395.3531,395.3531,395.3531,9488.4745,0.00379523,1976.7655,1824.8244,7907.0621,8059.0032,0.00316269,0.00322347,0.00015813,212.5216,219.9480,0.9532,119.0823,2.3972,30121.7335,124.9277,49.0469,238.9093,36.5364,75.9244,374.9013,749.8027,789.266,1183.8989,75.8035,-1.1839,10.395423,15.593133,2.799122,29,215,300,5,0.03207536,0.00395337,0.05088190,0E-8,0.000000,0.912219,0.000000,-0.04848366,2026-03-31,2026-08-01,83,4123,1621,124,0.669355,0.205295,0.230786,0.106918,,,,,,,,GLOBAL_BASELINE_NO_ENTITY_RANKING,,,NOT_APPLICABLE_GLOBAL_BASELINE,HF9g-P5,,,,X 全窗基线 · 不参与实体赏罚,15056060,1506,A168_HF9F_20260827_0900,2026-08-27 09:00:00
2026-06-22,92755421,1384,0,322.6786121023,-94.9054741477,-94.9054741477,0E-7,3,3,0.50665070000000000,0.506650700000,-1.013391052207602,-1.013391052207602,-1.013391052207602,0E-17,ELIGIBLE,R03b_20260811_FULL_v1,L1_ELIGIBILITY,v2026-08-11,2026-03-21..2026-08-06,baccarat_bet02_101_all_pairs_incl_sentinel,round_win = game_pnl > 0 (decisive only),COMPATIBILITY_ONLY_NOT_PRODUCTION,2500103.8841,2280641.3266,9883.8276,11764,10369,-0.00395337,-0.05088190,-0.00239824,-0.00395337,-9883.8276,2500103.8841,OK,0.0000,395.3531,4.0000,96.0000,AG03-UNRESOLVED,ALL5_LEVELS_bet23_to_bet27,395.3531,395.3531,395.3531,395.3531,395.3531,4.000000,4.000000,4.000000,4.000000,4.000000,96.000000,96.000000,96.000000,96.000000,96.000000,5.0,1976.7655,1824.8244,7907.0621,8059.0032,PENDING_AG03,FALSE,NOT_FOR_ENFORCEMENT,9488.4745,2189415.6736,9883.8276,9488.4745,395.3531,0.00395337,0.00379523,395.3531,9488.4745,0.00379523,395.3531,395.3531,395.3531,395.3531,395.3531,9488.4745,0.00379523,1976.7655,1824.8244,7907.0621,8059.0032,0.00316269,0.00322347,0.00015813,212.5216,219.9480,0.9532,119.0823,2.3972,30121.7335,124.9277,49.0469,238.9093,36.5364,75.9244,374.9013,749.8027,789.266,1183.8989,75.8035,-1.1839,10.395423,15.593133,2.799122,29,215,300,5,0.03207536,0.00395337,0.05088190,0E-8,0.000000,0.912219,0.000000,-0.04848366,2026-03-31,2026-08-01,83,4123,1621,124,0.669355,0.205295,0.230786,0.106918,,,,,,,,GLOBAL_BASELINE_NO_ENTITY_RANKING,,,NOT_APPLICABLE_GLOBAL_BASELINE,HF9g-P5,,,,X 全窗基线 · 不参与实体赏罚,15056061,1506,A168_HF9F_20260827_0900,2026-08-27 09:00:00
2026-06-22,92755421,1509,0,552.3498595399,313.1880646875,313.1880646875,0.8000000,6,5,0.49814142129033060,0.452507040000,1.3499619295917993,1.5610940661892185,1.3499619295917993,0.04563438129033060,ELIGIBLE,R03b_20260811_FULL_v1,L1_ELIGIBILITY,v2026-08-11,2026-03-21..2026-08-06,baccarat_bet02_101_all_pairs_incl_sentinel,round_win = game_pnl > 0 (decisive only),COMPATIBILITY_ONLY_NOT_PRODUCTION,2500103.8841,2280641.3266,9883.8276,11764,10369,-0.00395337,-0.05088190,-0.00239824,-0.00395337,-9883.8276,2500103.8841,OK,0.0000,395.3531,4.0000,96.0000,AG03-UNRESOLVED,ALL5_LEVELS_bet23_to_bet27,395.3531,395.3531,395.3531,395.3531,395.3531,4.000000,4.000000,4.000000,4.000000,4.000000,96.000000,96.000000,96.000000,96.000000,96.000000,5.0,1976.7655,1824.8244,7907.0621,8059.0032,PENDING_AG03,FALSE,NOT_FOR_ENFORCEMENT,9488.4745,2189415.6736,9883.8276,9488.4745,395.3531,0.00395337,0.00379523,395.3531,9488.4745,0.00379523,395.3531,395.3531,395.3531,395.3531,395.3531,9488.4745,0.00379523,1976.7655,1824.8244,7907.0621,8059.0032,0.00316269,0.00322347,0.00015813,212.5216,219.9480,0.9532,119.0823,2.3972,30121.7335,124.9277,49.0469,238.9093,36.5364,75.9244,374.9013,749.8027,789.266,1183.8989,75.8035,-1.1839,10.395423,15.593133,2.799122,29,215,300,5,0.03207536,0.00395337,0.05088190,0E-8,0.000000,0.912219,0.000000,-0.04848366,2026-03-31,2026-08-01,83,4123,1621,124,0.669355,0.205295,0.230786,0.106918,,,,,,,,GLOBAL_BASELINE_NO_ENTITY_RANKING,,,NOT_APPLICABLE_GLOBAL_BASELINE,HF9g-P5,,,,X 全窗基线 · 不参与实体赏罚,15056062,1506,A168_HF9F_20260827_0900,2026-08-27 09:00:00
2026-06-22,92755421,1646,0,113.8865689773,-113.8865689773,-113.8865689773,0E-7,1,1,0.49324550000000000,0.493245500000,-0.9865810262130424,-0.9865810262130424,-0.9865810262130424,0E-17,ELIGIBLE,R03b_20260811_FULL_v1,L1_ELIGIBILITY,v2026-08-11,2026-03-21..2026-08-06,baccarat_bet02_101_all_pairs_incl_sentinel,round_win = game_pnl > 0 (decisive only),COMPATIBILITY_ONLY_NOT_PRODUCTION,2500103.8841,2280641.3266,9883.8276,11764,10369,-0.00395337,-0.05088190,-0.00239824,-0.00395337,-9883.8276,2500103.8841,OK,0.0000,395.3531,4.0000,96.0000,AG03-UNRESOLVED,ALL5_LEVELS_bet23_to_bet27,395.3531,395.3531,395.3531,395.3531,395.3531,4.000000,4.000000,4.000000,4.000000,4.000000,96.000000,96.000000,96.000000,96.000000,96.000000,5.0,1976.7655,1824.8244,7907.0621,8059.0032,PENDING_AG03,FALSE,NOT_FOR_ENFORCEMENT,9488.4745,2189415.6736,9883.8276,9488.4745,395.3531,0.00395337,0.00379523,395.3531,9488.4745,0.00379523,395.3531,395.3531,395.3531,395.3531,395.3531,9488.4745,0.00379523,1976.7655,1824.8244,7907.0621,8059.0032,0.00316269,0.00322347,0.00015813,212.5216,219.9480,0.9532,119.0823,2.3972,30121.7335,124.9277,49.0469,238.9093,36.5364,75.9244,374.9013,749.8027,789.266,1183.8989,75.8035,-1.1839,10.395423,15.593133,2.799122,29,215,300,5,0.03207536,0.00395337,0.05088190,0E-8,0.000000,0.912219,0.000000,-0.04848366,2026-03-31,2026-08-01,83,4123,1621,124,0.669355,0.205295,0.230786,0.106918,,,,,,,,GLOBAL_BASELINE_NO_ENTITY_RANKING,,,NOT_APPLICABLE_GLOBAL_BASELINE,HF9g-P5,,,,X 全窗基线 · 不参与实体赏罚,15056063,1506,A168_HF9F_20260827_0900,2026-08-27 09:00:00
2026-06-22,92755421,1654,0,726.9759319718,-83.5168172501,-83.5168172501,0.4285714,7,7,0.49899058571428571,0.498990585714,-0.3726239140161595,-0.3726239140146481,-0.3726239140161595,2.8571E-13,ELIGIBLE,R03b_20260811_FULL_v1,L1_ELIGIBILITY,v2026-08-11,2026-03-21..2026-08-06,baccarat_bet02_101_all_pairs_incl_sentinel,round_win = game_pnl > 0 (decisive only),COMPATIBILITY_ONLY_NOT_PRODUCTION,2500103.8841,2280641.3266,9883.8276,11764,10369,-0.00395337,-0.05088190,-0.00239824,-0.00395337,-9883.8276,2500103.8841,OK,0.0000,395.3531,4.0000,96.0000,AG03-UNRESOLVED,ALL5_LEVELS_bet23_to_bet27,395.3531,395.3531,395.3531,395.3531,395.3531,4.000000,4.000000,4.000000,4.000000,4.000000,96.000000,96.000000,96.000000,96.000000,96.000000,5.0,1976.7655,1824.8244,7907.0621,8059.0032,PENDING_AG03,FALSE,NOT_FOR_ENFORCEMENT,9488.4745,2189415.6736,9883.8276,9488.4745,395.3531,0.00395337,0.00379523,395.3531,9488.4745,0.00379523,395.3531,395.3531,395.3531,395.3531,395.3531,9488.4745,0.00379523,1976.7655,1824.8244,7907.0621,8059.0032,0.00316269,0.00322347,0.00015813,212.5216,219.9480,0.9532,119.0823,2.3972,30121.7335,124.9277,49.0469,238.9093,36.5364,75.9244,374.9013,749.8027,789.266,1183.8989,75.8035,-1.1839,10.395423,15.593133,2.799122,29,215,300,5,0.03207536,0.00395337,0.05088190,0E-8,0.000000,0.912219,0.000000,-0.04848366,2026-03-31,2026-08-01,83,4123,1621,124,0.669355,0.205295,0.230786,0.106918,,,,,,,,GLOBAL_BASELINE_NO_ENTITY_RANKING,,,NOT_APPLICABLE_GLOBAL_BASELINE,HF9g-P5,,,,X 全窗基线 · 不参与实体赏罚,15056064,1506,A168_HF9F_20260827_0900,2026-08-27 09:00:00
2026-06-22,92755421,1963,0,852.2511578465,404.2973198696,404.2973198696,0.7500000,12,8,0.49611543016603045,0.381345450000,1.4362313535255105,2.146748666137547,1.4362313535255105,0.11476998016603045,ELIGIBLE,R03b_20260811_FULL_v1,L1_ELIGIBILITY,v2026-08-11,2026-03-21..2026-08-06,baccarat_bet02_101_all_pairs_incl_sentinel,round_win = game_pnl > 0 (decisive only),COMPATIBILITY_ONLY_NOT_PRODUCTION,2500103.8841,2280641.3266,9883.8276,11764,10369,-0.00395337,-0.05088190,-0.00239824,-0.00395337,-9883.8276,2500103.8841,OK,0.0000,395.3531,4.0000,96.0000,AG03-UNRESOLVED,ALL5_LEVELS_bet23_to_bet27,395.3531,395.3531,395.3531,395.3531,395.3531,4.000000,4.000000,4.000000,4.000000,4.000000,96.000000,96.000000,96.000000,96.000000,96.000000,5.0,1976.7655,1824.8244,7907.0621,8059.0032,PENDING_AG03,FALSE,NOT_FOR_ENFORCEMENT,9488.4745,2189415.6736,9883.8276,9488.4745,395.3531,0.00395337,0.00379523,395.3531,9488.4745,0.00379523,395.3531,395.3531,395.3531,395.3531,395.3531,9488.4745,0.00379523,1976.7655,1824.8244,7907.0621,8059.0032,0.00316269,0.00322347,0.00015813,212.5216,219.9480,0.9532,119.0823,2.3972,30121.7335,124.9277,49.0469,238.9093,36.5364,75.9244,374.9013,749.8027,789.266,1183.8989,75.8035,-1.1839,10.395423,15.593133,2.799122,29,215,300,5,0.03207536,0.00395337,0.05088190,0E-8,0.000000,0.912219,0.000000,-0.04848366,2026-03-31,2026-08-01,83,4123,1621,124,0.669355,0.205295,0.230786,0.106918,,,,,,,,GLOBAL_BASELINE_NO_ENTITY_RANKING,,,NOT_APPLICABLE_GLOBAL_BASELINE,HF9g-P5,,,,X 全窗基线 · 不参与实体赏罚,15056065,1506,A168_HF9F_20260827_0900,2026-08-27 09:00:00
2026-06-22,92755421,2129,0,438.4632905626,227.7731379545,227.7731379545,0.7500000,4,4,0.49994810000000000,0.499948100000,1.0002076053883384,1.0002076053883384,1.0002076053883384,0E-17,ELIGIBLE,R03b_20260811_FULL_v1,L1_ELIGIBILITY,v2026-08-11,2026-03-21..2026-08-06,baccarat_bet02_101_all_pairs_incl_sentinel,round_win = game_pnl > 0 (decisive only),COMPATIBILITY_ONLY_NOT_PRODUCTION,2500103.8841,2280641.3266,9883.8276,11764,10369,-0.00395337,-0.05088190,-0.00239824,-0.00395337,-9883.8276,2500103.8841,OK,0.0000,395.3531,4.0000,96.0000,AG03-UNRESOLVED,ALL5_LEVELS_bet23_to_bet27,395.3531,395.3531,395.3531,395.3531,395.3531,4.000000,4.000000,4.000000,4.000000,4.000000,96.000000,96.000000,96.000000,96.000000,96.000000,5.0,1976.7655,1824.8244,7907.0621,8059.0032,PENDING_AG03,FALSE,NOT_FOR_ENFORCEMENT,9488.4745,2189415.6736,9883.8276,9488.4745,395.3531,0.00395337,0.00379523,395.3531,9488.4745,0.00379523,395.3531,395.3531,395.3531,395.3531,395.3531,9488.4745,0.00379523,1976.7655,1824.8244,7907.0621,8059.0032,0.00316269,0.00322347,0.00015813,212.5216,219.9480,0.9532,119.0823,2.3972,30121.7335,124.9277,49.0469,238.9093,36.5364,75.9244,374.9013,749.8027,789.266,1183.8989,75.8035,-1.1839,10.395423,15.593133,2.799122,29,215,300,5,0.03207536,0.00395337,0.05088190,0E-8,0.000000,0.912219,0.000000,-0.04848366,2026-03-31,2026-08-01,83,4123,1621,124,0.669355,0.205295,0.230786,0.106918,,,,,,,,GLOBAL_BASELINE_NO_ENTITY_RANKING,,,NOT_APPLICABLE_GLOBAL_BASELINE,HF9g-P5,,,,X 全窗基线 · 不参与实体赏罚,15056066,1506,A168_HF9F_20260827_0900,2026-08-27 09:00:00
2026-06-22,92755421,2134,0,341.6597069319,-227.7731379546,-227.7731379546,0E-7,3,3,0.49771390000000000,0.497713900000,-1.4077622098436522,-1.4077622098436524,-1.4077622098436522,0E-17,ELIGIBLE,R03b_20260811_FULL_v1,L1_ELIGIBILITY,v2026-08-11,2026-03-21..2026-08-06,baccarat_bet02_101_all_pairs_incl_sentinel,round_win = game_pnl > 0 (decisive only),COMPATIBILITY_ONLY_NOT_PRODUCTION,2500103.8841,2280641.3266,9883.8276,11764,10369,-0.00395337,-0.05088190,-0.00239824,-0.00395337,-9883.8276,2500103.8841,OK,0.0000,395.3531,4.0000,96.0000,AG03-UNRESOLVED,ALL5_LEVELS_bet23_to_bet27,395.3531,395.3531,395.3531,395.3531,395.3531,4.000000,4.000000,4.000000,4.000000,4.000000,96.000000,96.000000,96.000000,96.000000,96.000000,5.0,1976.7655,1824.8244,7907.0621,8059.0032,PENDING_AG03,FALSE,NOT_FOR_ENFORCEMENT,9488.4745,2189415.6736,9883.8276,9488.4745,395.3531,0.00395337,0.00379523,395.3531,9488.4745,0.00379523,395.3531,395.3531,395.3531,395.3531,395.3531,9488.4745,0.00379523,1976.7655,1824.8244,7907.0621,8059.0032,0.00316269,0.00322347,0.00015813,212.5216,219.9480,0.9532,119.0823,2.3972,30121.7335,124.9277,49.0469,238.9093,36.5364,75.9244,374.9013,749.8027,789.266,1183.8989,75.8035,-1.1839,10.395423,15.593133,2.799122,29,215,300,5,0.03207536,0.00395337,0.05088190,0E-8,0.000000,0.912219,0.000000,-0.04848366,2026-03-31,2026-08-01,83,4123,1621,124,0.669355,0.205295,0.230786,0.106918,,,,,,,,GLOBAL_BASELINE_NO_ENTITY_RANKING,,,NOT_APPLICABLE_GLOBAL_BASELINE,HF9g-P5,,,,X 全窗基线 · 不参与实体赏罚,15056067,1506,A168_HF9F_20260827_0900,2026-08-27 09:00:00
2026-06-22,92755421,2141,0,354.9464733125,-132.8676638068,-132.8676638068,0.3333333,3,3,0.49771390000000000,0.497713900000,-0.5694369385616226,-0.5694369385616226,-0.5694369385616226,0E-17,ELIGIBLE,R03b_20260811_FULL_v1,L1_ELIGIBILITY,v2026-08-11,2026-03-21..2026-08-06,baccarat_bet02_101_all_pairs_incl_sentinel,round_win = game_pnl > 0 (decisive only),COMPATIBILITY_ONLY_NOT_PRODUCTION,2500103.8841,2280641.3266,9883.8276,11764,10369,-0.00395337,-0.05088190,-0.00239824,-0.00395337,-9883.8276,2500103.8841,OK,0.0000,395.3531,4.0000,96.0000,AG03-UNRESOLVED,ALL5_LEVELS_bet23_to_bet27,395.3531,395.3531,395.3531,395.3531,395.3531,4.000000,4.000000,4.000000,4.000000,4.000000,96.000000,96.000000,96.000000,96.000000,96.000000,5.0,1976.7655,1824.8244,7907.0621,8059.0032,PENDING_AG03,FALSE,NOT_FOR_ENFORCEMENT,9488.4745,2189415.6736,9883.8276,9488.4745,395.3531,0.00395337,0.00379523,395.3531,9488.4745,0.00379523,395.3531,395.3531,395.3531,395.3531,395.3531,9488.4745,0.00379523,1976.7655,1824.8244,7907.0621,8059.0032,0.00316269,0.00322347,0.00015813,212.5216,219.9480,0.9532,119.0823,2.3972,30121.7335,124.9277,49.0469,238.9093,36.5364,75.9244,374.9013,749.8027,789.266,1183.8989,75.8035,-1.1839,10.395423,15.593133,2.799122,29,215,300,5,0.03207536,0.00395337,0.05088190,0E-8,0.000000,0.912219,0.000000,-0.04848366,2026-03-31,2026-08-01,83,4123,1621,124,0.669355,0.205295,0.230786,0.106918,,,,,,,,GLOBAL_BASELINE_NO_ENTITY_RANKING,,,NOT_APPLICABLE_GLOBAL_BASELINE,HF9g-P5,,,,X 全窗基线 · 不参与实体赏罚,15056068,1506,A168_HF9F_20260827_0900,2026-08-27 09:00:00
2026-06-22,92755421,2153,0,341.6597069319,0E-10,0E-10,0.5000000,3,3,0.49324550000000000,0.493245500000,0.01910635448239258,0.01910635448239258,0.01910635448239258,0E-17,ELIGIBLE,R03b_20260811_FULL_v1,L1_ELIGIBILITY,v2026-08-11,2026-03-21..2026-08-06,baccarat_bet02_101_all_pairs_incl_sentinel,round_win = game_pnl > 0 (decisive only),COMPATIBILITY_ONLY_NOT_PRODUCTION,2500103.8841,2280641.3266,9883.8276,11764,10369,-0.00395337,-0.05088190,-0.00239824,-0.00395337,-9883.8276,2500103.8841,OK,0.0000,395.3531,4.0000,96.0000,AG03-UNRESOLVED,ALL5_LEVELS_bet23_to_bet27,395.3531,395.3531,395.3531,395.3531,395.3531,4.000000,4.000000,4.000000,4.000000,4.000000,96.000000,96.000000,96.000000,96.000000,96.000000,5.0,1976.7655,1824.8244,7907.0621,8059.0032,PENDING_AG03,FALSE,NOT_FOR_ENFORCEMENT,9488.4745,2189415.6736,9883.8276,9488.4745,395.3531,0.00395337,0.00379523,395.3531,9488.4745,0.00379523,395.3531,395.3531,395.3531,395.3531,395.3531,9488.4745,0.00379523,1976.7655,1824.8244,7907.0621,8059.0032,0.00316269,0.00322347,0.00015813,212.5216,219.9480,0.9532,119.0823,2.3972,30121.7335,124.9277,49.0469,238.9093,36.5364,75.9244,374.9013,749.8027,789.266,1183.8989,75.8035,-1.1839,10.395423,15.593133,2.799122,29,215,300,5,0.03207536,0.00395337,0.05088190,0E-8,0.000000,0.912219,0.000000,-0.04848366,2026-03-31,2026-08-01,83,4123,1621,124,0.669355,0.205295,0.230786,0.106918,,,,,,,,GLOBAL_BASELINE_NO_ENTITY_RANKING,,,NOT_APPLICABLE_GLOBAL_BASELINE,HF9g-P5,,,,X 全窗基线 · 不参与实体赏罚,15056069,1506,A168_HF9F_20260827_0900,2026-08-27 09:00:00
2026-06-22,92755421,2169,0,227.7731379546,0E-10,0E-10,0.5000000,2,2,0.49994810000000000,0.499948100000,0.00014679536856514622,0.00014679536856514622,0.00014679536856514622,0E-17,ELIGIBLE,R03b_20260811_FULL_v1,L1_ELIGIBILITY,v2026-08-11,2026-03-21..2026-08-06,baccarat_bet02_101_all_pairs_incl_sentinel,round_win = game_pnl > 0 (decisive only),COMPATIBILITY_ONLY_NOT_PRODUCTION,2500103.8841,2280641.3266,9883.8276,11764,10369,-0.00395337,-0.05088190,-0.00239824,-0.00395337,-9883.8276,2500103.8841,OK,0.0000,395.3531,4.0000,96.0000,AG03-UNRESOLVED,ALL5_LEVELS_bet23_to_bet27,395.3531,395.3531,395.3531,395.3531,395.3531,4.000000,4.000000,4.000000,4.000000,4.000000,96.000000,96.000000,96.000000,96.000000,96.000000,5.0,1976.7655,1824.8244,7907.0621,8059.0032,PENDING_AG03,FALSE,NOT_FOR_ENFORCEMENT,9488.4745,2189415.6736,9883.8276,9488.4745,395.3531,0.00395337,0.00379523,395.3531,9488.4745,0.00379523,395.3531,395.3531,395.3531,395.3531,395.3531,9488.4745,0.00379523,1976.7655,1824.8244,7907.0621,8059.0032,0.00316269,0.00322347,0.00015813,212.5216,219.9480,0.9532,119.0823,2.3972,30121.7335,124.9277,49.0469,238.9093,36.5364,75.9244,374.9013,749.8027,789.266,1183.8989,75.8035,-1.1839,10.395423,15.593133,2.799122,29,215,300,5,0.03207536,0.00395337,0.05088190,0E-8,0.000000,0.912219,0.000000,-0.04848366,2026-03-31,2026-08-01,83,4123,1621,124,0.669355,0.205295,0.230786,0.106918,,,,,,,,GLOBAL_BASELINE_NO_ENTITY_RANKING,,,NOT_APPLICABLE_GLOBAL_BASELINE,HF9g-P5,,,,X 全窗基线 · 不参与实体赏罚,15056070,1506,A168_HF9F_20260827_0900,2026-08-27 09:00:00
2026-06-22,92755421,2196,0,94.9054741477,-94.9054741477,-94.9054741477,0E-7,1,1,0.50665070000000000,0.506650700000,-1.013391052207602,-1.013391052207602,-1.013391052207602,0E-17,ELIGIBLE,R03b_20260811_FULL_v1,L1_ELIGIBILITY,v2026-08-11,2026-03-21..2026-08-06,baccarat_bet02_101_all_pairs_incl_sentinel,round_win = game_pnl > 0 (decisive only),COMPATIBILITY_ONLY_NOT_PRODUCTION,2500103.8841,2280641.3266,9883.8276,11764,10369,-0.00395337,-0.05088190,-0.00239824,-0.00395337,-9883.8276,2500103.8841,OK,0.0000,395.3531,4.0000,96.0000,AG03-UNRESOLVED,ALL5_LEVELS_bet23_to_bet27,395.3531,395.3531,395.3531,395.3531,395.3531,4.000000,4.000000,4.000000,4.000000,4.000000,96.000000,96.000000,96.000000,96.000000,96.000000,5.0,1976.7655,1824.8244,7907.0621,8059.0032,PENDING_AG03,FALSE,NOT_FOR_ENFORCEMENT,9488.4745,2189415.6736,9883.8276,9488.4745,395.3531,0.00395337,0.00379523,395.3531,9488.4745,0.00379523,395.3531,395.3531,395.3531,395.3531,395.3531,9488.4745,0.00379523,1976.7655,1824.8244,7907.0621,8059.0032,0.00316269,0.00322347,0.00015813,212.5216,219.9480,0.9532,119.0823,2.3972,30121.7335,124.9277,49.0469,238.9093,36.5364,75.9244,374.9013,749.8027,789.266,1183.8989,75.8035,-1.1839,10.395423,15.593133,2.799122,29,215,300,5,0.03207536,0.00395337,0.05088190,0E-8,0.000000,0.912219,0.000000,-0.04848366,2026-03-31,2026-08-01,83,4123,1621,124,0.669355,0.205295,0.230786,0.106918,,,,,,,,GLOBAL_BASELINE_NO_ENTITY_RANKING,,,NOT_APPLICABLE_GLOBAL_BASELINE,HF9g-P5,,,,X 全窗基线 · 不参与实体赏罚,15056071,1506,A168_HF9F_20260827_0900,2026-08-27 09:00:00
2026-06-22,92755421,2201,0,444.1576190114,113.8865689773,113.8865689773,0.6666667,4,4,0.49659680000000000,0.496596800000,0.5891529468324541,0.589152946832454,0.5891529468324541,0E-17,ELIGIBLE,R03b_20260811_FULL_v1,L1_ELIGIBILITY,v2026-08-11,2026-03-21..2026-08-06,baccarat_bet02_101_all_pairs_incl_sentinel,round_win = game_pnl > 0 (decisive only),COMPATIBILITY_ONLY_NOT_PRODUCTION,2500103.8841,2280641.3266,9883.8276,11764,10369,-0.00395337,-0.05088190,-0.00239824,-0.00395337,-9883.8276,2500103.8841,OK,0.0000,395.3531,4.0000,96.0000,AG03-UNRESOLVED,ALL5_LEVELS_bet23_to_bet27,395.3531,395.3531,395.3531,395.3531,395.3531,4.000000,4.000000,4.000000,4.000000,4.000000,96.000000,96.000000,96.000000,96.000000,96.000000,5.0,1976.7655,1824.8244,7907.0621,8059.0032,PENDING_AG03,FALSE,NOT_FOR_ENFORCEMENT,9488.4745,2189415.6736,9883.8276,9488.4745,395.3531,0.00395337,0.00379523,395.3531,9488.4745,0.00379523,395.3531,395.3531,395.3531,395.3531,395.3531,9488.4745,0.00379523,1976.7655,1824.8244,7907.0621,8059.0032,0.00316269,0.00322347,0.00015813,212.5216,219.9480,0.9532,119.0823,2.3972,30121.7335,124.9277,49.0469,238.9093,36.5364,75.9244,374.9013,749.8027,789.266,1183.8989,75.8035,-1.1839,10.395423,15.593133,2.799122,29,215,300,5,0.03207536,0.00395337,0.05088190,0E-8,0.000000,0.912219,0.000000,-0.04848366,2026-03-31,2026-08-01,83,4123,1621,124,0.669355,0.205295,0.230786,0.106918,,,,,,,,GLOBAL_BASELINE_NO_ENTITY_RANKING,,,NOT_APPLICABLE_GLOBAL_BASELINE,HF9g-P5,,,,X 全窗基线 · 不参与实体赏罚,15056072,1506,A168_HF9F_20260827_0900,2026-08-27 09:00:00
2026-06-22,92755421,2205,0,430.8708526307,235.3655758864,235.3655758864,0.7500000,4,4,0.49994810000000000,0.499948100000,1.0002076053883384,1.0002076053883384,1.0002076053883384,0E-17,ELIGIBLE,R03b_20260811_FULL_v1,L1_ELIGIBILITY,v2026-08-11,2026-03-21..2026-08-06,baccarat_bet02_101_all_pairs_incl_sentinel,round_win = game_pnl > 0 (decisive only),COMPATIBILITY_ONLY_NOT_PRODUCTION,2500103.8841,2280641.3266,9883.8276,11764,10369,-0.00395337,-0.05088190,-0.00239824,-0.00395337,-9883.8276,2500103.8841,OK,0.0000,395.3531,4.0000,96.0000,AG03-UNRESOLVED,ALL5_LEVELS_bet23_to_bet27,395.3531,395.3531,395.3531,395.3531,395.3531,4.000000,4.000000,4.000000,4.000000,4.000000,96.000000,96.000000,96.000000,96.000000,96.000000,5.0,1976.7655,1824.8244,7907.0621,8059.0032,PENDING_AG03,FALSE,NOT_FOR_ENFORCEMENT,9488.4745,2189415.6736,9883.8276,9488.4745,395.3531,0.00395337,0.00379523,395.3531,9488.4745,0.00379523,395.3531,395.3531,395.3531,395.3531,395.3531,9488.4745,0.00379523,1976.7655,1824.8244,7907.0621,8059.0032,0.00316269,0.00322347,0.00015813,212.5216,219.9480,0.9532,119.0823,2.3972,30121.7335,124.9277,49.0469,238.9093,36.5364,75.9244,374.9013,749.8027,789.266,1183.8989,75.8035,-1.1839,10.395423,15.593133,2.799122,29,215,300,5,0.03207536,0.00395337,0.05088190,0E-8,0.000000,0.912219,0.000000,-0.04848366,2026-03-31,2026-08-01,83,4123,1621,124,0.669355,0.205295,0.230786,0.106918,,,,,,,,GLOBAL_BASELINE_NO_ENTITY_RANKING,,,NOT_APPLICABLE_GLOBAL_BASELINE,HF9g-P5,,,,X 全窗基线 · 不参与实体赏罚,15056073,1506,A168_HF9F_20260827_0900,2026-08-27 09:00:00
2026-06-22,92755421,2229,0,94.9054741477,-94.9054741477,-94.9054741477,0E-7,1,1,0.50665070000000000,0.506650700000,-1.013391052207602,-1.013391052207602,-1.013391052207602,0E-17,ELIGIBLE,R03b_20260811_FULL_v1,L1_ELIGIBILITY,v2026-08-11,2026-03-21..2026-08-06,baccarat_bet02_101_all_pairs_incl_sentinel,round_win = game_pnl > 0 (decisive only),COMPATIBILITY_ONLY_NOT_PRODUCTION,2500103.8841,2280641.3266,9883.8276,11764,10369,-0.00395337,-0.05088190,-0.00239824,-0.00395337,-9883.8276,2500103.8841,OK,0.0000,395.3531,4.0000,96.0000,AG03-UNRESOLVED,ALL5_LEVELS_bet23_to_bet27,395.3531,395.3531,395.3531,395.3531,395.3531,4.000000,4.000000,4.000000,4.000000,4.000000,96.000000,96.000000,96.000000,96.000000,96.000000,5.0,1976.7655,1824.8244,7907.0621,8059.0032,PENDING_AG03,FALSE,NOT_FOR_ENFORCEMENT,9488.4745,2189415.6736,9883.8276,9488.4745,395.3531,0.00395337,0.00379523,395.3531,9488.4745,0.00379523,395.3531,395.3531,395.3531,395.3531,395.3531,9488.4745,0.00379523,1976.7655,1824.8244,7907.0621,8059.0032,0.00316269,0.00322347,0.00015813,212.5216,219.9480,0.9532,119.0823,2.3972,30121.7335,124.9277,49.0469,238.9093,36.5364,75.9244,374.9013,749.8027,789.266,1183.8989,75.8035,-1.1839,10.395423,15.593133,2.799122,29,215,300,5,0.03207536,0.00395337,0.05088190,0E-8,0.000000,0.912219,0.000000,-0.04848366,2026-03-31,2026-08-01,83,4123,1621,124,0.669355,0.205295,0.230786,0.106918,,,,,,,,GLOBAL_BASELINE_NO_ENTITY_RANKING,,,NOT_APPLICABLE_GLOBAL_BASELINE,HF9g-P5,,,,X 全窗基线 · 不参与实体赏罚,15056074,1506,A168_HF9F_20260827_0900,2026-08-27 09:00:00
2026-06-22,92755421,2234,0,1417.8877837674,-37.7723787110,-37.7723787110,0.5000000,15,13,0.50011993007845118,0.463970561538,-0.0008308999808347015,0.25026987848981525,-0.0008308999808347015,0.03614936854045118,ELIGIBLE,R03b_20260811_FULL_v1,L1_ELIGIBILITY,v2026-08-11,2026-03-21..2026-08-06,baccarat_bet02_101_all_pairs_incl_sentinel,round_win = game_pnl > 0 (decisive only),COMPATIBILITY_ONLY_NOT_PRODUCTION,2500103.8841,2280641.3266,9883.8276,11764,10369,-0.00395337,-0.05088190,-0.00239824,-0.00395337,-9883.8276,2500103.8841,OK,0.0000,395.3531,4.0000,96.0000,AG03-UNRESOLVED,ALL5_LEVELS_bet23_to_bet27,395.3531,395.3531,395.3531,395.3531,395.3531,4.000000,4.000000,4.000000,4.000000,4.000000,96.000000,96.000000,96.000000,96.000000,96.000000,5.0,1976.7655,1824.8244,7907.0621,8059.0032,PENDING_AG03,FALSE,NOT_FOR_ENFORCEMENT,9488.4745,2189415.6736,9883.8276,9488.4745,395.3531,0.00395337,0.00379523,395.3531,9488.4745,0.00379523,395.3531,395.3531,395.3531,395.3531,395.3531,9488.4745,0.00379523,1976.7655,1824.8244,7907.0621,8059.0032,0.00316269,0.00322347,0.00015813,212.5216,219.9480,0.9532,119.0823,2.3972,30121.7335,124.9277,49.0469,238.9093,36.5364,75.9244,374.9013,749.8027,789.266,1183.8989,75.8035,-1.1839,10.395423,15.593133,2.799122,29,215,300,5,0.03207536,0.00395337,0.05088190,0E-8,0.000000,0.912219,0.000000,-0.04848366,2026-03-31,2026-08-01,83,4123,1621,124,0.669355,0.205295,0.230786,0.106918,,,,,,,,GLOBAL_BASELINE_NO_ENTITY_RANKING,,,NOT_APPLICABLE_GLOBAL_BASELINE,HF9g-P5,,,,X 全窗基线 · 不参与实体赏罚,15056075,1506,A168_HF9F_20260827_0900,2026-08-27 09:00:00
2026-06-22,92755421,2246,0,227.7731379546,-227.7731379546,-227.7731379546,0E-7,2,2,0.49994810000000000,0.499948100000,-1.4140667746232096,-1.4140667746232096,-1.4140667746232096,0E-17,ELIGIBLE,R03b_20260811_FULL_v1,L1_ELIGIBILITY,v2026-08-11,2026-03-21..2026-08-06,baccarat_bet02_101_all_pairs_incl_sentinel,round_win = game_pnl > 0 (decisive only),COMPATIBILITY_ONLY_NOT_PRODUCTION,2500103.8841,2280641.3266,9883.8276,11764,10369,-0.00395337,-0.05088190,-0.00239824,-0.00395337,-9883.8276,2500103.8841,OK,0.0000,395.3531,4.0000,96.0000,AG03-UNRESOLVED,ALL5_LEVELS_bet23_to_bet27,395.3531,395.3531,395.3531,395.3531,395.3531,4.000000,4.000000,4.000000,4.000000,4.000000,96.000000,96.000000,96.000000,96.000000,96.000000,5.0,1976.7655,1824.8244,7907.0621,8059.0032,PENDING_AG03,FALSE,NOT_FOR_ENFORCEMENT,9488.4745,2189415.6736,9883.8276,9488.4745,395.3531,0.00395337,0.00379523,395.3531,9488.4745,0.00379523,395.3531,395.3531,395.3531,395.3531,395.3531,9488.4745,0.00379523,1976.7655,1824.8244,7907.0621,8059.0032,0.00316269,0.00322347,0.00015813,212.5216,219.9480,0.9532,119.0823,2.3972,30121.7335,124.9277,49.0469,238.9093,36.5364,75.9244,374.9013,749.8027,789.266,1183.8989,75.8035,-1.1839,10.395423,15.593133,2.799122,29,215,300,5,0.03207536,0.00395337,0.05088190,0E-8,0.000000,0.912219,0.000000,-0.04848366,2026-03-31,2026-08-01,83,4123,1621,124,0.669355,0.205295,0.230786,0.106918,,,,,,,,GLOBAL_BASELINE_NO_ENTITY_RANKING,,,NOT_APPLICABLE_GLOBAL_BASELINE,HF9g-P5,,,,X 全窗基线 · 不参与实体赏罚,15056076,1506,A168_HF9F_20260827_0900,2026-08-27 09:00:00
2026-06-22,92755421,2251,0,322.6786121023,-322.6786121023,-322.6786121023,0E-7,3,3,0.49324550000000000,0.493245500000,-1.708808463184432,-1.7088084631844318,-1.708808463184432,0E-17,ELIGIBLE,R03b_20260811_FULL_v1,L1_ELIGIBILITY,v2026-08-11,2026-03-21..2026-08-06,baccarat_bet02_101_all_pairs_incl_sentinel,round_win = game_pnl > 0 (decisive only),COMPATIBILITY_ONLY_NOT_PRODUCTION,2500103.8841,2280641.3266,9883.8276,11764,10369,-0.00395337,-0.05088190,-0.00239824,-0.00395337,-9883.8276,2500103.8841,OK,0.0000,395.3531,4.0000,96.0000,AG03-UNRESOLVED,ALL5_LEVELS_bet23_to_bet27,395.3531,395.3531,395.3531,395.3531,395.3531,4.000000,4.000000,4.000000,4.000000,4.000000,96.000000,96.000000,96.000000,96.000000,96.000000,5.0,1976.7655,1824.8244,7907.0621,8059.0032,PENDING_AG03,FALSE,NOT_FOR_ENFORCEMENT,9488.4745,2189415.6736,9883.8276,9488.4745,395.3531,0.00395337,0.00379523,395.3531,9488.4745,0.00379523,395.3531,395.3531,395.3531,395.3531,395.3531,9488.4745,0.00379523,1976.7655,1824.8244,7907.0621,8059.0032,0.00316269,0.00322347,0.00015813,212.5216,219.9480,0.9532,119.0823,2.3972,30121.7335,124.9277,49.0469,238.9093,36.5364,75.9244,374.9013,749.8027,789.266,1183.8989,75.8035,-1.1839,10.395423,15.593133,2.799122,29,215,300,5,0.03207536,0.00395337,0.05088190,0E-8,0.000000,0.912219,0.000000,-0.04848366,2026-03-31,2026-08-01,83,4123,1621,124,0.669355,0.205295,0.230786,0.106918,,,,,,,,GLOBAL_BASELINE_NO_ENTITY_RANKING,,,NOT_APPLICABLE_GLOBAL_BASELINE,HF9g-P5,,,,X 全窗基线 · 不参与实体赏罚,15056077,1506,A168_HF9F_20260827_0900,2026-08-27 09:00:00
2026-06-22,92755421,2254,0,449.8519474603,227.7731379546,227.7731379546,0.7500000,4,4,0.49994810000000000,0.499948100000,1.0002076053883384,1.0002076053883384,1.0002076053883384,0E-17,ELIGIBLE,R03b_20260811_FULL_v1,L1_ELIGIBILITY,v2026-08-11,2026-03-21..2026-08-06,baccarat_bet02_101_all_pairs_incl_sentinel,round_win = game_pnl > 0 (decisive only),COMPATIBILITY_ONLY_NOT_PRODUCTION,2500103.8841,2280641.3266,9883.8276,11764,10369,-0.00395337,-0.05088190,-0.00239824,-0.00395337,-9883.8276,2500103.8841,OK,0.0000,395.3531,4.0000,96.0000,AG03-UNRESOLVED,ALL5_LEVELS_bet23_to_bet27,395.3531,395.3531,395.3531,395.3531,395.3531,4.000000,4.000000,4.000000,4.000000,4.000000,96.000000,96.000000,96.000000,96.000000,96.000000,5.0,1976.7655,1824.8244,7907.0621,8059.0032,PENDING_AG03,FALSE,NOT_FOR_ENFORCEMENT,9488.4745,2189415.6736,9883.8276,9488.4745,395.3531,0.00395337,0.00379523,395.3531,9488.4745,0.00379523,395.3531,395.3531,395.3531,395.3531,395.3531,9488.4745,0.00379523,1976.7655,1824.8244,7907.0621,8059.0032,0.00316269,0.00322347,0.00015813,212.5216,219.9480,0.9532,119.0823,2.3972,30121.7335,124.9277,49.0469,238.9093,36.5364,75.9244,374.9013,749.8027,789.266,1183.8989,75.8035,-1.1839,10.395423,15.593133,2.799122,29,215,300,5,0.03207536,0.00395337,0.05088190,0E-8,0.000000,0.912219,0.000000,-0.04848366,2026-03-31,2026-08-01,83,4123,1621,124,0.669355,0.205295,0.230786,0.106918,,,,,,,,GLOBAL_BASELINE_NO_ENTITY_RANKING,,,NOT_APPLICABLE_GLOBAL_BASELINE,HF9g-P5,,,,X 全窗基线 · 不参与实体赏罚,15056078,1506,A168_HF9F_20260827_0900,2026-08-27 09:00:00
2026-06-22,92755421,2271,0,132.8676638068,-132.8676638068,-132.8676638068,0E-7,1,1,0.49324550000000000,0.493245500000,-0.9865810262130424,-0.9865810262130424,-0.9865810262130424,0E-17,ELIGIBLE,R03b_20260811_FULL_v1,L1_ELIGIBILITY,v2026-08-11,2026-03-21..2026-08-06,baccarat_bet02_101_all_pairs_incl_sentinel,round_win = game_pnl > 0 (decisive only),COMPATIBILITY_ONLY_NOT_PRODUCTION,2500103.8841,2280641.3266,9883.8276,11764,10369,-0.00395337,-0.05088190,-0.00239824,-0.00395337,-9883.8276,2500103.8841,OK,0.0000,395.3531,4.0000,96.0000,AG03-UNRESOLVED,ALL5_LEVELS_bet23_to_bet27,395.3531,395.3531,395.3531,395.3531,395.3531,4.000000,4.000000,4.000000,4.000000,4.000000,96.000000,96.000000,96.000000,96.000000,96.000000,5.0,1976.7655,1824.8244,7907.0621,8059.0032,PENDING_AG03,FALSE,NOT_FOR_ENFORCEMENT,9488.4745,2189415.6736,9883.8276,9488.4745,395.3531,0.00395337,0.00379523,395.3531,9488.4745,0.00379523,395.3531,395.3531,395.3531,395.3531,395.3531,9488.4745,0.00379523,1976.7655,1824.8244,7907.0621,8059.0032,0.00316269,0.00322347,0.00015813,212.5216,219.9480,0.9532,119.0823,2.3972,30121.7335,124.9277,49.0469,238.9093,36.5364,75.9244,374.9013,749.8027,789.266,1183.8989,75.8035,-1.1839,10.395423,15.593133,2.799122,29,215,300,5,0.03207536,0.00395337,0.05088190,0E-8,0.000000,0.912219,0.000000,-0.04848366,2026-03-31,2026-08-01,83,4123,1621,124,0.669355,0.205295,0.230786,0.106918,,,,,,,,GLOBAL_BASELINE_NO_ENTITY_RANKING,,,NOT_APPLICABLE_GLOBAL_BASELINE,HF9g-P5,,,,X 全窗基线 · 不参与实体赏罚,15056079,1506,A168_HF9F_20260827_0900,2026-08-27 09:00:00
2026-06-22,92755421,2280,0,113.8865689773,-113.8865689773,-113.8865689773,0E-7,1,1,0.49324550000000000,0.493245500000,-0.9865810262130424,-0.9865810262130424,-0.9865810262130424,0E-17,ELIGIBLE,R03b_20260811_FULL_v1,L1_ELIGIBILITY,v2026-08-11,2026-03-21..2026-08-06,baccarat_bet02_101_all_pairs_incl_sentinel,round_win = game_pnl > 0 (decisive only),COMPATIBILITY_ONLY_NOT_PRODUCTION,2500103.8841,2280641.3266,9883.8276,11764,10369,-0.00395337,-0.05088190,-0.00239824,-0.00395337,-9883.8276,2500103.8841,OK,0.0000,395.3531,4.0000,96.0000,AG03-UNRESOLVED,ALL5_LEVELS_bet23_to_bet27,395.3531,395.3531,395.3531,395.3531,395.3531,4.000000,4.000000,4.000000,4.000000,4.000000,96.000000,96.000000,96.000000,96.000000,96.000000,5.0,1976.7655,1824.8244,7907.0621,8059.0032,PENDING_AG03,FALSE,NOT_FOR_ENFORCEMENT,9488.4745,2189415.6736,9883.8276,9488.4745,395.3531,0.00395337,0.00379523,395.3531,9488.4745,0.00379523,395.3531,395.3531,395.3531,395.3531,395.3531,9488.4745,0.00379523,1976.7655,1824.8244,7907.0621,8059.0032,0.00316269,0.00322347,0.00015813,212.5216,219.9480,0.9532,119.0823,2.3972,30121.7335,124.9277,49.0469,238.9093,36.5364,75.9244,374.9013,749.8027,789.266,1183.8989,75.8035,-1.1839,10.395423,15.593133,2.799122,29,215,300,5,0.03207536,0.00395337,0.05088190,0E-8,0.000000,0.912219,0.000000,-0.04848366,2026-03-31,2026-08-01,83,4123,1621,124,0.669355,0.205295,0.230786,0.106918,,,,,,,,GLOBAL_BASELINE_NO_ENTITY_RANKING,,,NOT_APPLICABLE_GLOBAL_BASELINE,HF9g-P5,,,,X 全窗基线 · 不参与实体赏罚,15056080,1506,A168_HF9F_20260827_0900,2026-08-27 09:00:00
2026-06-22,92755421,529,0,227.7731379546,-227.7731379546,-227.7731379546,0E-7,2,2,0.50665070000000000,0.506650700000,-1.4331513700195317,-1.4331513700195317,-1.4331513700195317,0E-17,ELIGIBLE,R03b_20260811_FULL_v1,L1_ELIGIBILITY,v2026-08-11,2026-03-21..2026-08-06,baccarat_bet02_101_all_pairs_incl_sentinel,round_win = game_pnl > 0 (decisive only),COMPATIBILITY_ONLY_NOT_PRODUCTION,2500103.8841,2280641.3266,9883.8276,11764,10369,-0.00395337,-0.05088190,-0.00239824,-0.00395337,-9883.8276,2500103.8841,OK,0.0000,395.3531,4.0000,96.0000,AG03-UNRESOLVED,ALL5_LEVELS_bet23_to_bet27,395.3531,395.3531,395.3531,395.3531,395.3531,4.000000,4.000000,4.000000,4.000000,4.000000,96.000000,96.000000,96.000000,96.000000,96.000000,5.0,1976.7655,1824.8244,7907.0621,8059.0032,PENDING_AG03,FALSE,NOT_FOR_ENFORCEMENT,9488.4745,2189415.6736,9883.8276,9488.4745,395.3531,0.00395337,0.00379523,395.3531,9488.4745,0.00379523,395.3531,395.3531,395.3531,395.3531,395.3531,9488.4745,0.00379523,1976.7655,1824.8244,7907.0621,8059.0032,0.00316269,0.00322347,0.00015813,212.5216,219.9480,0.9532,119.0823,2.3972,30121.7335,124.9277,49.0469,238.9093,36.5364,75.9244,374.9013,749.8027,789.266,1183.8989,75.8035,-1.1839,10.395423,15.593133,2.799122,29,215,300,5,0.03207536,0.00395337,0.05088190,0E-8,0.000000,0.912219,0.000000,-0.04848366,2026-03-31,2026-08-01,83,4123,1621,124,0.669355,0.205295,0.230786,0.106918,,,,,,,,GLOBAL_BASELINE_NO_ENTITY_RANKING,,,NOT_APPLICABLE_GLOBAL_BASELINE,HF9g-P5,,,,X 全窗基线 · 不参与实体赏罚,15056081,1506,A168_HF9F_20260827_0900,2026-08-27 09:00:00
2026-06-22,92755421,789,0,214.4863715740,-108.1922405285,-108.1922405285,0E-7,3,2,0.48908400350867577,0.374642850000,-1.383668254099766,-1.0946106322994384,-1.383668254099766,0.11444115350867577,ELIGIBLE,R03b_20260811_FULL_v1,L1_ELIGIBILITY,v2026-08-11,2026-03-21..2026-08-06,baccarat_bet02_101_all_pairs_incl_sentinel,round_win = game_pnl > 0 (decisive only),COMPATIBILITY_ONLY_NOT_PRODUCTION,2500103.8841,2280641.3266,9883.8276,11764,10369,-0.00395337,-0.05088190,-0.00239824,-0.00395337,-9883.8276,2500103.8841,OK,0.0000,395.3531,4.0000,96.0000,AG03-UNRESOLVED,ALL5_LEVELS_bet23_to_bet27,395.3531,395.3531,395.3531,395.3531,395.3531,4.000000,4.000000,4.000000,4.000000,4.000000,96.000000,96.000000,96.000000,96.000000,96.000000,5.0,1976.7655,1824.8244,7907.0621,8059.0032,PENDING_AG03,FALSE,NOT_FOR_ENFORCEMENT,9488.4745,2189415.6736,9883.8276,9488.4745,395.3531,0.00395337,0.00379523,395.3531,9488.4745,0.00379523,395.3531,395.3531,395.3531,395.3531,395.3531,9488.4745,0.00379523,1976.7655,1824.8244,7907.0621,8059.0032,0.00316269,0.00322347,0.00015813,212.5216,219.9480,0.9532,119.0823,2.3972,30121.7335,124.9277,49.0469,238.9093,36.5364,75.9244,374.9013,749.8027,789.266,1183.8989,75.8035,-1.1839,10.395423,15.593133,2.799122,29,215,300,5,0.03207536,0.00395337,0.05088190,0E-8,0.000000,0.912219,0.000000,-0.04848366,2026-03-31,2026-08-01,83,4123,1621,124,0.669355,0.205295,0.230786,0.106918,,,,,,,,GLOBAL_BASELINE_NO_ENTITY_RANKING,,,NOT_APPLICABLE_GLOBAL_BASELINE,HF9g-P5,,,,X 全窗基线 · 不参与实体赏罚,15056082,1506,A168_HF9F_20260827_0900,2026-08-27 09:00:00
2026-06-22,92755421,919,0,94.9054741477,-94.9054741477,-94.9054741477,0E-7,1,1,0.49324550000000000,0.493245500000,-0.9865810262130424,-0.9865810262130424,-0.9865810262130424,0E-17,ELIGIBLE,R03b_20260811_FULL_v1,L1_ELIGIBILITY,v2026-08-11,2026-03-21..2026-08-06,baccarat_bet02_101_all_pairs_incl_sentinel,round_win = game_pnl > 0 (decisive only),COMPATIBILITY_ONLY_NOT_PRODUCTION,2500103.8841,2280641.3266,9883.8276,11764,10369,-0.00395337,-0.05088190,-0.00239824,-0.00395337,-9883.8276,2500103.8841,OK,0.0000,395.3531,4.0000,96.0000,AG03-UNRESOLVED,ALL5_LEVELS_bet23_to_bet27,395.3531,395.3531,395.3531,395.3531,395.3531,4.000000,4.000000,4.000000,4.000000,4.000000,96.000000,96.000000,96.000000,96.000000,96.000000,5.0,1976.7655,1824.8244,7907.0621,8059.0032,PENDING_AG03,FALSE,NOT_FOR_ENFORCEMENT,9488.4745,2189415.6736,9883.8276,9488.4745,395.3531,0.00395337,0.00379523,395.3531,9488.4745,0.00379523,395.3531,395.3531,395.3531,395.3531,395.3531,9488.4745,0.00379523,1976.7655,1824.8244,7907.0621,8059.0032,0.00316269,0.00322347,0.00015813,212.5216,219.9480,0.9532,119.0823,2.3972,30121.7335,124.9277,49.0469,238.9093,36.5364,75.9244,374.9013,749.8027,789.266,1183.8989,75.8035,-1.1839,10.395423,15.593133,2.799122,29,215,300,5,0.03207536,0.00395337,0.05088190,0E-8,0.000000,0.912219,0.000000,-0.04848366,2026-03-31,2026-08-01,83,4123,1621,124,0.669355,0.205295,0.230786,0.106918,,,,,,,,GLOBAL_BASELINE_NO_ENTITY_RANKING,,,NOT_APPLICABLE_GLOBAL_BASELINE,HF9g-P5,,,,X 全窗基线 · 不参与实体赏罚,15056083,1506,A168_HF9F_20260827_0900,2026-08-27 09:00:00
2026-06-22,92755421,969,0,341.6597069319,0E-10,0E-10,0.5000000,3,3,0.49771390000000000,0.497713900000,0.006466134837551399,0.0064661348375514,0.006466134837551399,0E-17,ELIGIBLE,R03b_20260811_FULL_v1,L1_ELIGIBILITY,v2026-08-11,2026-03-21..2026-08-06,baccarat_bet02_101_all_pairs_incl_sentinel,round_win = game_pnl > 0 (decisive only),COMPATIBILITY_ONLY_NOT_PRODUCTION,2500103.8841,2280641.3266,9883.8276,11764,10369,-0.00395337,-0.05088190,-0.00239824,-0.00395337,-9883.8276,2500103.8841,OK,0.0000,395.3531,4.0000,96.0000,AG03-UNRESOLVED,ALL5_LEVELS_bet23_to_bet27,395.3531,395.3531,395.3531,395.3531,395.3531,4.000000,4.000000,4.000000,4.000000,4.000000,96.000000,96.000000,96.000000,96.000000,96.000000,5.0,1976.7655,1824.8244,7907.0621,8059.0032,PENDING_AG03,FALSE,NOT_FOR_ENFORCEMENT,9488.4745,2189415.6736,9883.8276,9488.4745,395.3531,0.00395337,0.00379523,395.3531,9488.4745,0.00379523,395.3531,395.3531,395.3531,395.3531,395.3531,9488.4745,0.00379523,1976.7655,1824.8244,7907.0621,8059.0032,0.00316269,0.00322347,0.00015813,212.5216,219.9480,0.9532,119.0823,2.3972,30121.7335,124.9277,49.0469,238.9093,36.5364,75.9244,374.9013,749.8027,789.266,1183.8989,75.8035,-1.1839,10.395423,15.593133,2.799122,29,215,300,5,0.03207536,0.00395337,0.05088190,0E-8,0.000000,0.912219,0.000000,-0.04848366,2026-03-31,2026-08-01,83,4123,1621,124,0.669355,0.205295,0.230786,0.106918,,,,,,,,GLOBAL_BASELINE_NO_ENTITY_RANKING,,,NOT_APPLICABLE_GLOBAL_BASELINE,HF9g-P5,,,,X 全窗基线 · 不参与实体赏罚,15056084,1506,A168_HF9F_20260827_0900,2026-08-27 09:00:00
2026-06-22,92755421,994,0,222.0788095057,0E-10,0E-10,0.5000000,2,2,0.49994810000000000,0.499948100000,0.00014679536856514622,0.00014679536856514622,0.00014679536856514622,0E-17,ELIGIBLE,R03b_20260811_FULL_v1,L1_ELIGIBILITY,v2026-08-11,2026-03-21..2026-08-06,baccarat_bet02_101_all_pairs_incl_sentinel,round_win = game_pnl > 0 (decisive only),COMPATIBILITY_ONLY_NOT_PRODUCTION,2500103.8841,2280641.3266,9883.8276,11764,10369,-0.00395337,-0.05088190,-0.00239824,-0.00395337,-9883.8276,2500103.8841,OK,0.0000,395.3531,4.0000,96.0000,AG03-UNRESOLVED,ALL5_LEVELS_bet23_to_bet27,395.3531,395.3531,395.3531,395.3531,395.3531,4.000000,4.000000,4.000000,4.000000,4.000000,96.000000,96.000000,96.000000,96.000000,96.000000,5.0,1976.7655,1824.8244,7907.0621,8059.0032,PENDING_AG03,FALSE,NOT_FOR_ENFORCEMENT,9488.4745,2189415.6736,9883.8276,9488.4745,395.3531,0.00395337,0.00379523,395.3531,9488.4745,0.00379523,395.3531,395.3531,395.3531,395.3531,395.3531,9488.4745,0.00379523,1976.7655,1824.8244,7907.0621,8059.0032,0.00316269,0.00322347,0.00015813,212.5216,219.9480,0.9532,119.0823,2.3972,30121.7335,124.9277,49.0469,238.9093,36.5364,75.9244,374.9013,749.8027,789.266,1183.8989,75.8035,-1.1839,10.395423,15.593133,2.799122,29,215,300,5,0.03207536,0.00395337,0.05088190,0E-8,0.000000,0.912219,0.000000,-0.04848366,2026-03-31,2026-08-01,83,4123,1621,124,0.669355,0.205295,0.230786,0.106918,,,,,,,,GLOBAL_BASELINE_NO_ENTITY_RANKING,,,NOT_APPLICABLE_GLOBAL_BASELINE,HF9g-P5,,,,X 全窗基线 · 不参与实体赏罚,15056085,1506,A168_HF9F_20260827_0900,2026-08-27 09:00:00
2026-06-23,92755421,-1,1,176.5241819148,-30.3697517274,-30.3697517274,0.5000000,4,4,0.50329940000000000,0.503299400000,-0.01319788734859681,-0.01319788734859681,-0.01319788734859681,0E-17,SENTINEL_DEALER,R03b_20260811_FULL_v1,L1_ELIGIBILITY,v2026-08-11,2026-03-21..2026-08-06,baccarat_bet02_101_all_pairs_incl_sentinel,round_win = game_pnl > 0 (decisive only),COMPATIBILITY_ONLY_NOT_PRODUCTION,2500103.8841,2280641.3266,9883.8276,11764,10369,-0.00395337,-0.05088190,-0.00239824,-0.00395337,-9883.8276,2500103.8841,OK,0.0000,395.3531,4.0000,96.0000,AG03-UNRESOLVED,ALL5_LEVELS_bet23_to_bet27,395.3531,395.3531,395.3531,395.3531,395.3531,4.000000,4.000000,4.000000,4.000000,4.000000,96.000000,96.000000,96.000000,96.000000,96.000000,5.0,1976.7655,1824.8244,7907.0621,8059.0032,PENDING_AG03,FALSE,NOT_FOR_ENFORCEMENT,9488.4745,2189415.6736,9883.8276,9488.4745,395.3531,0.00395337,0.00379523,395.3531,9488.4745,0.00379523,395.3531,395.3531,395.3531,395.3531,395.3531,9488.4745,0.00379523,1976.7655,1824.8244,7907.0621,8059.0032,0.00316269,0.00322347,0.00015813,212.5216,219.9480,0.9532,119.0823,2.3972,30121.7335,124.9277,49.0469,238.9093,36.5364,75.9244,374.9013,749.8027,789.266,1183.8989,75.8035,-1.1839,10.395423,15.593133,2.799122,29,215,300,5,0.03207536,0.00395337,0.05088190,0E-8,0.000000,0.912219,0.000000,-0.04848366,2026-03-31,2026-08-01,83,4123,1621,124,0.669355,0.205295,0.230786,0.106918,,,,,,,,GLOBAL_BASELINE_NO_ENTITY_RANKING,,,NOT_APPLICABLE_GLOBAL_BASELINE,HF9g-P5,,,,X 全窗基线 · 不参与实体赏罚,15056086,1506,A168_HF9F_20260827_0900,2026-08-27 09:00:00
2026-06-23,92755421,1115,0,37.9621896591,-37.9621896591,-37.9621896591,0E-7,1,1,0.49324550000000000,0.493245500000,-0.9865810262130424,-0.9865810262130424,-0.9865810262130424,0E-17,ELIGIBLE,R03b_20260811_FULL_v1,L1_ELIGIBILITY,v2026-08-11,2026-03-21..2026-08-06,baccarat_bet02_101_all_pairs_incl_sentinel,round_win = game_pnl > 0 (decisive only),COMPATIBILITY_ONLY_NOT_PRODUCTION,2500103.8841,2280641.3266,9883.8276,11764,10369,-0.00395337,-0.05088190,-0.00239824,-0.00395337,-9883.8276,2500103.8841,OK,0.0000,395.3531,4.0000,96.0000,AG03-UNRESOLVED,ALL5_LEVELS_bet23_to_bet27,395.3531,395.3531,395.3531,395.3531,395.3531,4.000000,4.000000,4.000000,4.000000,4.000000,96.000000,96.000000,96.000000,96.000000,96.000000,5.0,1976.7655,1824.8244,7907.0621,8059.0032,PENDING_AG03,FALSE,NOT_FOR_ENFORCEMENT,9488.4745,2189415.6736,9883.8276,9488.4745,395.3531,0.00395337,0.00379523,395.3531,9488.4745,0.00379523,395.3531,395.3531,395.3531,395.3531,395.3531,9488.4745,0.00379523,1976.7655,1824.8244,7907.0621,8059.0032,0.00316269,0.00322347,0.00015813,212.5216,219.9480,0.9532,119.0823,2.3972,30121.7335,124.9277,49.0469,238.9093,36.5364,75.9244,374.9013,749.8027,789.266,1183.8989,75.8035,-1.1839,10.395423,15.593133,2.799122,29,215,300,5,0.03207536,0.00395337,0.05088190,0E-8,0.000000,0.912219,0.000000,-0.04848366,2026-03-31,2026-08-01,83,4123,1621,124,0.669355,0.205295,0.230786,0.106918,,,,,,,,GLOBAL_BASELINE_NO_ENTITY_RANKING,,,NOT_APPLICABLE_GLOBAL_BASELINE,HF9g-P5,,,,X 全窗基线 · 不参与实体赏罚,15056087,1506,A168_HF9F_20260827_0900,2026-08-27 09:00:00
2026-06-23,92755421,1330,0,36.0640801761,-36.0640801761,-36.0640801761,0E-7,1,1,0.50665070000000000,0.506650700000,-1.013391052207602,-1.013391052207602,-1.013391052207602,0E-17,ELIGIBLE,R03b_20260811_FULL_v1,L1_ELIGIBILITY,v2026-08-11,2026-03-21..2026-08-06,baccarat_bet02_101_all_pairs_incl_sentinel,round_win = game_pnl > 0 (decisive only),COMPATIBILITY_ONLY_NOT_PRODUCTION,2500103.8841,2280641.3266,9883.8276,11764,10369,-0.00395337,-0.05088190,-0.00239824,-0.00395337,-9883.8276,2500103.8841,OK,0.0000,395.3531,4.0000,96.0000,AG03-UNRESOLVED,ALL5_LEVELS_bet23_to_bet27,395.3531,395.3531,395.3531,395.3531,395.3531,4.000000,4.000000,4.000000,4.000000,4.000000,96.000000,96.000000,96.000000,96.000000,96.000000,5.0,1976.7655,1824.8244,7907.0621,8059.0032,PENDING_AG03,FALSE,NOT_FOR_ENFORCEMENT,9488.4745,2189415.6736,9883.8276,9488.4745,395.3531,0.00395337,0.00379523,395.3531,9488.4745,0.00379523,395.3531,395.3531,395.3531,395.3531,395.3531,9488.4745,0.00379523,1976.7655,1824.8244,7907.0621,8059.0032,0.00316269,0.00322347,0.00015813,212.5216,219.9480,0.9532,119.0823,2.3972,30121.7335,124.9277,49.0469,238.9093,36.5364,75.9244,374.9013,749.8027,789.266,1183.8989,75.8035,-1.1839,10.395423,15.593133,2.799122,29,215,300,5,0.03207536,0.00395337,0.05088190,0E-8,0.000000,0.912219,0.000000,-0.04848366,2026-03-31,2026-08-01,83,4123,1621,124,0.669355,0.205295,0.230786,0.106918,,,,,,,,GLOBAL_BASELINE_NO_ENTITY_RANKING,,,NOT_APPLICABLE_GLOBAL_BASELINE,HF9g-P5,,,,X 全窗基线 · 不参与实体赏罚,15056088,1506,A168_HF9F_20260827_0900,2026-08-27 09:00:00
2026-06-23,92755421,1374,0,74.0262698352,70.3249563434,70.3249563434,1.0000000,2,2,0.50665070000000000,0.506650700000,1.3955260008387969,1.3955260008387969,1.3955260008387969,0E-17,ELIGIBLE,R03b_20260811_FULL_v1,L1_ELIGIBILITY,v2026-08-11,2026-03-21..2026-08-06,baccarat_bet02_101_all_pairs_incl_sentinel,round_win = game_pnl > 0 (decisive only),COMPATIBILITY_ONLY_NOT_PRODUCTION,2500103.8841,2280641.3266,9883.8276,11764,10369,-0.00395337,-0.05088190,-0.00239824,-0.00395337,-9883.8276,2500103.8841,OK,0.0000,395.3531,4.0000,96.0000,AG03-UNRESOLVED,ALL5_LEVELS_bet23_to_bet27,395.3531,395.3531,395.3531,395.3531,395.3531,4.000000,4.000000,4.000000,4.000000,4.000000,96.000000,96.000000,96.000000,96.000000,96.000000,5.0,1976.7655,1824.8244,7907.0621,8059.0032,PENDING_AG03,FALSE,NOT_FOR_ENFORCEMENT,9488.4745,2189415.6736,9883.8276,9488.4745,395.3531,0.00395337,0.00379523,395.3531,9488.4745,0.00379523,395.3531,395.3531,395.3531,395.3531,395.3531,9488.4745,0.00379523,1976.7655,1824.8244,7907.0621,8059.0032,0.00316269,0.00322347,0.00015813,212.5216,219.9480,0.9532,119.0823,2.3972,30121.7335,124.9277,49.0469,238.9093,36.5364,75.9244,374.9013,749.8027,789.266,1183.8989,75.8035,-1.1839,10.395423,15.593133,2.799122,29,215,300,5,0.03207536,0.00395337,0.05088190,0E-8,0.000000,0.912219,0.000000,-0.04848366,2026-03-31,2026-08-01,83,4123,1621,124,0.669355,0.205295,0.230786,0.106918,,,,,,,,GLOBAL_BASELINE_NO_ENTITY_RANKING,,,NOT_APPLICABLE_GLOBAL_BASELINE,HF9g-P5,,,,X 全窗基线 · 不参与实体赏罚,15056089,1506,A168_HF9F_20260827_0900,2026-08-27 09:00:00
2026-06-23,92755421,1505,0,37.9621896591,-37.9621896591,-37.9621896591,0E-7,1,1,0.50665070000000000,0.506650700000,-1.013391052207602,-1.013391052207602,-1.013391052207602,0E-17,ELIGIBLE,R03b_20260811_FULL_v1,L1_ELIGIBILITY,v2026-08-11,2026-03-21..2026-08-06,baccarat_bet02_101_all_pairs_incl_sentinel,round_win = game_pnl > 0 (decisive only),COMPATIBILITY_ONLY_NOT_PRODUCTION,2500103.8841,2280641.3266,9883.8276,11764,10369,-0.00395337,-0.05088190,-0.00239824,-0.00395337,-9883.8276,2500103.8841,OK,0.0000,395.3531,4.0000,96.0000,AG03-UNRESOLVED,ALL5_LEVELS_bet23_to_bet27,395.3531,395.3531,395.3531,395.3531,395.3531,4.000000,4.000000,4.000000,4.000000,4.000000,96.000000,96.000000,96.000000,96.000000,96.000000,5.0,1976.7655,1824.8244,7907.0621,8059.0032,PENDING_AG03,FALSE,NOT_FOR_ENFORCEMENT,9488.4745,2189415.6736,9883.8276,9488.4745,395.3531,0.00395337,0.00379523,395.3531,9488.4745,0.00379523,395.3531,395.3531,395.3531,395.3531,395.3531,9488.4745,0.00379523,1976.7655,1824.8244,7907.0621,8059.0032,0.00316269,0.00322347,0.00015813,212.5216,219.9480,0.9532,119.0823,2.3972,30121.7335,124.9277,49.0469,238.9093,36.5364,75.9244,374.9013,749.8027,789.266,1183.8989,75.8035,-1.1839,10.395423,15.593133,2.799122,29,215,300,5,0.03207536,0.00395337,0.05088190,0E-8,0.000000,0.912219,0.000000,-0.04848366,2026-03-31,2026-08-01,83,4123,1621,124,0.669355,0.205295,0.230786,0.106918,,,,,,,,GLOBAL_BASELINE_NO_ENTITY_RANKING,,,NOT_APPLICABLE_GLOBAL_BASELINE,HF9g-P5,,,,X 全窗基线 · 不参与实体赏罚,15056090,1506,A168_HF9F_20260827_0900,2026-08-27 09:00:00
2026-06-23,92755421,1947,0,37.9621896591,-37.9621896591,-37.9621896591,0E-7,1,1,0.50665070000000000,0.506650700000,-1.013391052207602,-1.013391052207602,-1.013391052207602,0E-17,ELIGIBLE,R03b_20260811_FULL_v1,L1_ELIGIBILITY,v2026-08-11,2026-03-21..2026-08-06,baccarat_bet02_101_all_pairs_incl_sentinel,round_win = game_pnl > 0 (decisive only),COMPATIBILITY_ONLY_NOT_PRODUCTION,2500103.8841,2280641.3266,9883.8276,11764,10369,-0.00395337,-0.05088190,-0.00239824,-0.00395337,-9883.8276,2500103.8841,OK,0.0000,395.3531,4.0000,96.0000,AG03-UNRESOLVED,ALL5_LEVELS_bet23_to_bet27,395.3531,395.3531,395.3531,395.3531,395.3531,4.000000,4.000000,4.000000,4.000000,4.000000,96.000000,96.000000,96.000000,96.000000,96.000000,5.0,1976.7655,1824.8244,7907.0621,8059.0032,PENDING_AG03,FALSE,NOT_FOR_ENFORCEMENT,9488.4745,2189415.6736,9883.8276,9488.4745,395.3531,0.00395337,0.00379523,395.3531,9488.4745,0.00379523,395.3531,395.3531,395.3531,395.3531,395.3531,9488.4745,0.00379523,1976.7655,1824.8244,7907.0621,8059.0032,0.00316269,0.00322347,0.00015813,212.5216,219.9480,0.9532,119.0823,2.3972,30121.7335,124.9277,49.0469,238.9093,36.5364,75.9244,374.9013,749.8027,789.266,1183.8989,75.8035,-1.1839,10.395423,15.593133,2.799122,29,215,300,5,0.03207536,0.00395337,0.05088190,0E-8,0.000000,0.912219,0.000000,-0.04848366,2026-03-31,2026-08-01,83,4123,1621,124,0.669355,0.205295,0.230786,0.106918,,,,,,,,GLOBAL_BASELINE_NO_ENTITY_RANKING,,,NOT_APPLICABLE_GLOBAL_BASELINE,HF9g-P5,,,,X 全窗基线 · 不参与实体赏罚,15056091,1506,A168_HF9F_20260827_0900,2026-08-27 09:00:00
2026-06-23,92755421,2108,0,180.3204008806,72.2230658263,72.2230658263,0.7500000,5,5,0.49860758000000000,0.498607580000,1.005573579286957,1.005573579286957,1.005573579286957,0E-17,ELIGIBLE,R03b_20260811_FULL_v1,L1_ELIGIBILITY,v2026-08-11,2026-03-21..2026-08-06,baccarat_bet02_101_all_pairs_incl_sentinel,round_win = game_pnl > 0 (decisive only),COMPATIBILITY_ONLY_NOT_PRODUCTION,2500103.8841,2280641.3266,9883.8276,11764,10369,-0.00395337,-0.05088190,-0.00239824,-0.00395337,-9883.8276,2500103.8841,OK,0.0000,395.3531,4.0000,96.0000,AG03-UNRESOLVED,ALL5_LEVELS_bet23_to_bet27,395.3531,395.3531,395.3531,395.3531,395.3531,4.000000,4.000000,4.000000,4.000000,4.000000,96.000000,96.000000,96.000000,96.000000,96.000000,5.0,1976.7655,1824.8244,7907.0621,8059.0032,PENDING_AG03,FALSE,NOT_FOR_ENFORCEMENT,9488.4745,2189415.6736,9883.8276,9488.4745,395.3531,0.00395337,0.00379523,395.3531,9488.4745,0.00379523,395.3531,395.3531,395.3531,395.3531,395.3531,9488.4745,0.00379523,1976.7655,1824.8244,7907.0621,8059.0032,0.00316269,0.00322347,0.00015813,212.5216,219.9480,0.9532,119.0823,2.3972,30121.7335,124.9277,49.0469,238.9093,36.5364,75.9244,374.9013,749.8027,789.266,1183.8989,75.8035,-1.1839,10.395423,15.593133,2.799122,29,215,300,5,0.03207536,0.00395337,0.05088190,0E-8,0.000000,0.912219,0.000000,-0.04848366,2026-03-31,2026-08-01,83,4123,1621,124,0.669355,0.205295,0.230786,0.106918,,,,,,,,GLOBAL_BASELINE_NO_ENTITY_RANKING,,,NOT_APPLICABLE_GLOBAL_BASELINE,HF9g-P5,,,,X 全窗基线 · 不参与实体赏罚,15056092,1506,A168_HF9F_20260827_0900,2026-08-27 09:00:00
2026-06-23,92755421,2209,0,113.8865689773,0E-10,0E-10,0.5000000,3,3,0.50218230000000000,0.502182300000,-0.00617253530718887,-0.00617253530718887,-0.00617253530718887,0E-17,ELIGIBLE,R03b_20260811_FULL_v1,L1_ELIGIBILITY,v2026-08-11,2026-03-21..2026-08-06,baccarat_bet02_101_all_pairs_incl_sentinel,round_win = game_pnl > 0 (decisive only),COMPATIBILITY_ONLY_NOT_PRODUCTION,2500103.8841,2280641.3266,9883.8276,11764,10369,-0.00395337,-0.05088190,-0.00239824,-0.00395337,-9883.8276,2500103.8841,OK,0.0000,395.3531,4.0000,96.0000,AG03-UNRESOLVED,ALL5_LEVELS_bet23_to_bet27,395.3531,395.3531,395.3531,395.3531,395.3531,4.000000,4.000000,4.000000,4.000000,4.000000,96.000000,96.000000,96.000000,96.000000,96.000000,5.0,1976.7655,1824.8244,7907.0621,8059.0032,PENDING_AG03,FALSE,NOT_FOR_ENFORCEMENT,9488.4745,2189415.6736,9883.8276,9488.4745,395.3531,0.00395337,0.00379523,395.3531,9488.4745,0.00379523,395.3531,395.3531,395.3531,395.3531,395.3531,9488.4745,0.00379523,1976.7655,1824.8244,7907.0621,8059.0032,0.00316269,0.00322347,0.00015813,212.5216,219.9480,0.9532,119.0823,2.3972,30121.7335,124.9277,49.0469,238.9093,36.5364,75.9244,374.9013,749.8027,789.266,1183.8989,75.8035,-1.1839,10.395423,15.593133,2.799122,29,215,300,5,0.03207536,0.00395337,0.05088190,0E-8,0.000000,0.912219,0.000000,-0.04848366,2026-03-31,2026-08-01,83,4123,1621,124,0.669355,0.205295,0.230786,0.106918,,,,,,,,GLOBAL_BASELINE_NO_ENTITY_RANKING,,,NOT_APPLICABLE_GLOBAL_BASELINE,HF9g-P5,,,,X 全窗基线 · 不参与实体赏罚,15056093,1506,A168_HF9F_20260827_0900,2026-08-27 09:00:00
2026-06-23,92755421,2224,0,37.9621896591,-37.9621896591,-37.9621896591,0E-7,1,1,0.49324550000000000,0.493245500000,-0.9865810262130424,-0.9865810262130424,-0.9865810262130424,0E-17,ELIGIBLE,R03b_20260811_FULL_v1,L1_ELIGIBILITY,v2026-08-11,2026-03-21..2026-08-06,baccarat_bet02_101_all_pairs_incl_sentinel,round_win = game_pnl > 0 (decisive only),COMPATIBILITY_ONLY_NOT_PRODUCTION,2500103.8841,2280641.3266,9883.8276,11764,10369,-0.00395337,-0.05088190,-0.00239824,-0.00395337,-9883.8276,2500103.8841,OK,0.0000,395.3531,4.0000,96.0000,AG03-UNRESOLVED,ALL5_LEVELS_bet23_to_bet27,395.3531,395.3531,395.3531,395.3531,395.3531,4.000000,4.000000,4.000000,4.000000,4.000000,96.000000,96.000000,96.000000,96.000000,96.000000,5.0,1976.7655,1824.8244,7907.0621,8059.0032,PENDING_AG03,FALSE,NOT_FOR_ENFORCEMENT,9488.4745,2189415.6736,9883.8276,9488.4745,395.3531,0.00395337,0.00379523,395.3531,9488.4745,0.00379523,395.3531,395.3531,395.3531,395.3531,395.3531,9488.4745,0.00379523,1976.7655,1824.8244,7907.0621,8059.0032,0.00316269,0.00322347,0.00015813,212.5216,219.9480,0.9532,119.0823,2.3972,30121.7335,124.9277,49.0469,238.9093,36.5364,75.9244,374.9013,749.8027,789.266,1183.8989,75.8035,-1.1839,10.395423,15.593133,2.799122,29,215,300,5,0.03207536,0.00395337,0.05088190,0E-8,0.000000,0.912219,0.000000,-0.04848366,2026-03-31,2026-08-01,83,4123,1621,124,0.669355,0.205295,0.230786,0.106918,,,,,,,,GLOBAL_BASELINE_NO_ENTITY_RANKING,,,NOT_APPLICABLE_GLOBAL_BASELINE,HF9g-P5,,,,X 全窗基线 · 不参与实体赏罚,15056094,1506,A168_HF9F_20260827_0900,2026-08-27 09:00:00
2026-06-24,92755421,-1,1,4596.0823020272,-18.2218510364,-18.2218510364,0.5000000,71,67,0.50034050115950422,0.489827161194,-0.005275022503679966,0.15762956960612595,-0.005275022503679966,0.01051333996550422,SENTINEL_DEALER,R03b_20260811_FULL_v1,L1_ELIGIBILITY,v2026-08-11,2026-03-21..2026-08-06,baccarat_bet02_101_all_pairs_incl_sentinel,round_win = game_pnl > 0 (decisive only),COMPATIBILITY_ONLY_NOT_PRODUCTION,2500103.8841,2280641.3266,9883.8276,11764,10369,-0.00395337,-0.05088190,-0.00239824,-0.00395337,-9883.8276,2500103.8841,OK,0.0000,395.3531,4.0000,96.0000,AG03-UNRESOLVED,ALL5_LEVELS_bet23_to_bet27,395.3531,395.3531,395.3531,395.3531,395.3531,4.000000,4.000000,4.000000,4.000000,4.000000,96.000000,96.000000,96.000000,96.000000,96.000000,5.0,1976.7655,1824.8244,7907.0621,8059.0032,PENDING_AG03,FALSE,NOT_FOR_ENFORCEMENT,9488.4745,2189415.6736,9883.8276,9488.4745,395.3531,0.00395337,0.00379523,395.3531,9488.4745,0.00379523,395.3531,395.3531,395.3531,395.3531,395.3531,9488.4745,0.00379523,1976.7655,1824.8244,7907.0621,8059.0032,0.00316269,0.00322347,0.00015813,212.5216,219.9480,0.9532,119.0823,2.3972,30121.7335,124.9277,49.0469,238.9093,36.5364,75.9244,374.9013,749.8027,789.266,1183.8989,75.8035,-1.1839,10.395423,15.593133,2.799122,29,215,300,5,0.03207536,0.00395337,0.05088190,0E-8,0.000000,0.912219,0.000000,-0.04848366,2026-03-31,2026-08-01,83,4123,1621,124,0.669355,0.205295,0.230786,0.106918,,,,,,,,GLOBAL_BASELINE_NO_ENTITY_RANKING,,,NOT_APPLICABLE_GLOBAL_BASELINE,HF9g-P5,,,,X 全窗基线 · 不参与实体赏罚,15056095,1506,A168_HF9F_20260827_0900,2026-08-27 09:00:00
2026-06-24,92755421,1094,0,790.7524105990,38.7214334523,38.7214334523,0.5384615,14,13,0.49919083907284199,0.481185953846,0.2831854113652265,0.4133128172688847,0.2831854113652265,0.01800488522684199,ELIGIBLE,R03b_20260811_FULL_v1,L1_ELIGIBILITY,v2026-08-11,2026-03-21..2026-08-06,baccarat_bet02_101_all_pairs_incl_sentinel,round_win = game_pnl > 0 (decisive only),COMPATIBILITY_ONLY_NOT_PRODUCTION,2500103.8841,2280641.3266,9883.8276,11764,10369,-0.00395337,-0.05088190,-0.00239824,-0.00395337,-9883.8276,2500103.8841,OK,0.0000,395.3531,4.0000,96.0000,AG03-UNRESOLVED,ALL5_LEVELS_bet23_to_bet27,395.3531,395.3531,395.3531,395.3531,395.3531,4.000000,4.000000,4.000000,4.000000,4.000000,96.000000,96.000000,96.000000,96.000000,96.000000,5.0,1976.7655,1824.8244,7907.0621,8059.0032,PENDING_AG03,FALSE,NOT_FOR_ENFORCEMENT,9488.4745,2189415.6736,9883.8276,9488.4745,395.3531,0.00395337,0.00379523,395.3531,9488.4745,0.00379523,395.3531,395.3531,395.3531,395.3531,395.3531,9488.4745,0.00379523,1976.7655,1824.8244,7907.0621,8059.0032,0.00316269,0.00322347,0.00015813,212.5216,219.9480,0.9532,119.0823,2.3972,30121.7335,124.9277,49.0469,238.9093,36.5364,75.9244,374.9013,749.8027,789.266,1183.8989,75.8035,-1.1839,10.395423,15.593133,2.799122,29,215,300,5,0.03207536,0.00395337,0.05088190,0E-8,0.000000,0.912219,0.000000,-0.04848366,2026-03-31,2026-08-01,83,4123,1621,124,0.669355,0.205295,0.230786,0.106918,,,,,,,,GLOBAL_BASELINE_NO_ENTITY_RANKING,,,NOT_APPLICABLE_GLOBAL_BASELINE,HF9g-P5,,,,X 全窗基线 · 不参与实体赏罚,15056096,1506,A168_HF9F_20260827_0900,2026-08-27 09:00:00
2026-06-24,92755421,1114,0,75.9243793182,-75.9243793182,-75.9243793182,0E-7,1,1,0.49324550000000000,0.493245500000,-0.9865810262130424,-0.9865810262130424,-0.9865810262130424,0E-17,ELIGIBLE,R03b_20260811_FULL_v1,L1_ELIGIBILITY,v2026-08-11,2026-03-21..2026-08-06,baccarat_bet02_101_all_pairs_incl_sentinel,round_win = game_pnl > 0 (decisive only),COMPATIBILITY_ONLY_NOT_PRODUCTION,2500103.8841,2280641.3266,9883.8276,11764,10369,-0.00395337,-0.05088190,-0.00239824,-0.00395337,-9883.8276,2500103.8841,OK,0.0000,395.3531,4.0000,96.0000,AG03-UNRESOLVED,ALL5_LEVELS_bet23_to_bet27,395.3531,395.3531,395.3531,395.3531,395.3531,4.000000,4.000000,4.000000,4.000000,4.000000,96.000000,96.000000,96.000000,96.000000,96.000000,5.0,1976.7655,1824.8244,7907.0621,8059.0032,PENDING_AG03,FALSE,NOT_FOR_ENFORCEMENT,9488.4745,2189415.6736,9883.8276,9488.4745,395.3531,0.00395337,0.00379523,395.3531,9488.4745,0.00379523,395.3531,395.3531,395.3531,395.3531,395.3531,9488.4745,0.00379523,1976.7655,1824.8244,7907.0621,8059.0032,0.00316269,0.00322347,0.00015813,212.5216,219.9480,0.9532,119.0823,2.3972,30121.7335,124.9277,49.0469,238.9093,36.5364,75.9244,374.9013,749.8027,789.266,1183.8989,75.8035,-1.1839,10.395423,15.593133,2.799122,29,215,300,5,0.03207536,0.00395337,0.05088190,0E-8,0.000000,0.912219,0.000000,-0.04848366,2026-03-31,2026-08-01,83,4123,1621,124,0.669355,0.205295,0.230786,0.106918,,,,,,,,GLOBAL_BASELINE_NO_ENTITY_RANKING,,,NOT_APPLICABLE_GLOBAL_BASELINE,HF9g-P5,,,,X 全窗基线 · 不参与实体赏罚,15056097,1506,A168_HF9F_20260827_0900,2026-08-27 09:00:00
2026-06-24,92755421,1115,0,901.6020044035,102.8775339761,102.8775339761,0.6153846,17,16,0.49557693522727918,0.483447118750,0.8639792735851641,0.951936618782738,0.8639792735851641,0.01212981647727918,ELIGIBLE,R03b_20260811_FULL_v1,L1_ELIGIBILITY,v2026-08-11,2026-03-21..2026-08-06,baccarat_bet02_101_all_pairs_incl_sentinel,round_win = game_pnl > 0 (decisive only),COMPATIBILITY_ONLY_NOT_PRODUCTION,2500103.8841,2280641.3266,9883.8276,11764,10369,-0.00395337,-0.05088190,-0.00239824,-0.00395337,-9883.8276,2500103.8841,OK,0.0000,395.3531,4.0000,96.0000,AG03-UNRESOLVED,ALL5_LEVELS_bet23_to_bet27,395.3531,395.3531,395.3531,395.3531,395.3531,4.000000,4.000000,4.000000,4.000000,4.000000,96.000000,96.000000,96.000000,96.000000,96.000000,5.0,1976.7655,1824.8244,7907.0621,8059.0032,PENDING_AG03,FALSE,NOT_FOR_ENFORCEMENT,9488.4745,2189415.6736,9883.8276,9488.4745,395.3531,0.00395337,0.00379523,395.3531,9488.4745,0.00379523,395.3531,395.3531,395.3531,395.3531,395.3531,9488.4745,0.00379523,1976.7655,1824.8244,7907.0621,8059.0032,0.00316269,0.00322347,0.00015813,212.5216,219.9480,0.9532,119.0823,2.3972,30121.7335,124.9277,49.0469,238.9093,36.5364,75.9244,374.9013,749.8027,789.266,1183.8989,75.8035,-1.1839,10.395423,15.593133,2.799122,29,215,300,5,0.03207536,0.00395337,0.05088190,0E-8,0.000000,0.912219,0.000000,-0.04848366,2026-03-31,2026-08-01,83,4123,1621,124,0.669355,0.205295,0.230786,0.106918,,,,,,,,GLOBAL_BASELINE_NO_ENTITY_RANKING,,,NOT_APPLICABLE_GLOBAL_BASELINE,HF9g-P5,,,,X 全窗基线 · 不参与实体赏罚,15056098,1506,A168_HF9F_20260827_0900,2026-08-27 09:00:00
2026-06-24,92755421,1210,0,168.9317439829,-94.9054741477,-94.9054741477,0.2500000,4,4,0.49994810000000000,0.499948100000,-0.9997924053861017,-0.9997924053861017,-0.9997924053861017,0E-17,ELIGIBLE,R03b_20260811_FULL_v1,L1_ELIGIBILITY,v2026-08-11,2026-03-21..2026-08-06,baccarat_bet02_101_all_pairs_incl_sentinel,round_win = game_pnl > 0 (decisive only),COMPATIBILITY_ONLY_NOT_PRODUCTION,2500103.8841,2280641.3266,9883.8276,11764,10369,-0.00395337,-0.05088190,-0.00239824,-0.00395337,-9883.8276,2500103.8841,OK,0.0000,395.3531,4.0000,96.0000,AG03-UNRESOLVED,ALL5_LEVELS_bet23_to_bet27,395.3531,395.3531,395.3531,395.3531,395.3531,4.000000,4.000000,4.000000,4.000000,4.000000,96.000000,96.000000,96.000000,96.000000,96.000000,5.0,1976.7655,1824.8244,7907.0621,8059.0032,PENDING_AG03,FALSE,NOT_FOR_ENFORCEMENT,9488.4745,2189415.6736,9883.8276,9488.4745,395.3531,0.00395337,0.00379523,395.3531,9488.4745,0.00379523,395.3531,395.3531,395.3531,395.3531,395.3531,9488.4745,0.00379523,1976.7655,1824.8244,7907.0621,8059.0032,0.00316269,0.00322347,0.00015813,212.5216,219.9480,0.9532,119.0823,2.3972,30121.7335,124.9277,49.0469,238.9093,36.5364,75.9244,374.9013,749.8027,789.266,1183.8989,75.8035,-1.1839,10.395423,15.593133,2.799122,29,215,300,5,0.03207536,0.00395337,0.05088190,0E-8,0.000000,0.912219,0.000000,-0.04848366,2026-03-31,2026-08-01,83,4123,1621,124,0.669355,0.205295,0.230786,0.106918,,,,,,,,GLOBAL_BASELINE_NO_ENTITY_RANKING,,,NOT_APPLICABLE_GLOBAL_BASELINE,HF9g-P5,,,,X 全窗基线 · 不参与实体赏罚,15056099,1506,A168_HF9F_20260827_0900,2026-08-27 09:00:00
2026-06-24,92755421,1306,0,873.1303621593,266.1149495103,266.1149495103,0.6666667,12,12,0.49883100000000000,0.498831000000,1.162802786041663,1.162802786041663,1.162802786041663,0E-17,ELIGIBLE,R03b_20260811_FULL_v1,L1_ELIGIBILITY,v2026-08-11,2026-03-21..2026-08-06,baccarat_bet02_101_all_pairs_incl_sentinel,round_win = game_pnl > 0 (decisive only),COMPATIBILITY_ONLY_NOT_PRODUCTION,2500103.8841,2280641.3266,9883.8276,11764,10369,-0.00395337,-0.05088190,-0.00239824,-0.00395337,-9883.8276,2500103.8841,OK,0.0000,395.3531,4.0000,96.0000,AG03-UNRESOLVED,ALL5_LEVELS_bet23_to_bet27,395.3531,395.3531,395.3531,395.3531,395.3531,4.000000,4.000000,4.000000,4.000000,4.000000,96.000000,96.000000,96.000000,96.000000,96.000000,5.0,1976.7655,1824.8244,7907.0621,8059.0032,PENDING_AG03,FALSE,NOT_FOR_ENFORCEMENT,9488.4745,2189415.6736,9883.8276,9488.4745,395.3531,0.00395337,0.00379523,395.3531,9488.4745,0.00379523,395.3531,395.3531,395.3531,395.3531,395.3531,9488.4745,0.00379523,1976.7655,1824.8244,7907.0621,8059.0032,0.00316269,0.00322347,0.00015813,212.5216,219.9480,0.9532,119.0823,2.3972,30121.7335,124.9277,49.0469,238.9093,36.5364,75.9244,374.9013,749.8027,789.266,1183.8989,75.8035,-1.1839,10.395423,15.593133,2.799122,29,215,300,5,0.03207536,0.00395337,0.05088190,0E-8,0.000000,0.912219,0.000000,-0.04848366,2026-03-31,2026-08-01,83,4123,1621,124,0.669355,0.205295,0.230786,0.106918,,,,,,,,GLOBAL_BASELINE_NO_ENTITY_RANKING,,,NOT_APPLICABLE_GLOBAL_BASELINE,HF9g-P5,,,,X 全窗基线 · 不参与实体赏罚,15056100,1506,A168_HF9F_20260827_0900,2026-08-27 09:00:00
2026-06-24,92755421,1353,0,41.3787867284,-41.3787867284,-41.3787867284,0E-7,2,1,0.46637233119286605,0.262742800000,-0.9348613788174788,-0.5969746651759844,-0.9348613788174788,0.20362953119286605,ELIGIBLE,R03b_20260811_FULL_v1,L1_ELIGIBILITY,v2026-08-11,2026-03-21..2026-08-06,baccarat_bet02_101_all_pairs_incl_sentinel,round_win = game_pnl > 0 (decisive only),COMPATIBILITY_ONLY_NOT_PRODUCTION,2500103.8841,2280641.3266,9883.8276,11764,10369,-0.00395337,-0.05088190,-0.00239824,-0.00395337,-9883.8276,2500103.8841,OK,0.0000,395.3531,4.0000,96.0000,AG03-UNRESOLVED,ALL5_LEVELS_bet23_to_bet27,395.3531,395.3531,395.3531,395.3531,395.3531,4.000000,4.000000,4.000000,4.000000,4.000000,96.000000,96.000000,96.000000,96.000000,96.000000,5.0,1976.7655,1824.8244,7907.0621,8059.0032,PENDING_AG03,FALSE,NOT_FOR_ENFORCEMENT,9488.4745,2189415.6736,9883.8276,9488.4745,395.3531,0.00395337,0.00379523,395.3531,9488.4745,0.00379523,395.3531,395.3531,395.3531,395.3531,395.3531,9488.4745,0.00379523,1976.7655,1824.8244,7907.0621,8059.0032,0.00316269,0.00322347,0.00015813,212.5216,219.9480,0.9532,119.0823,2.3972,30121.7335,124.9277,49.0469,238.9093,36.5364,75.9244,374.9013,749.8027,789.266,1183.8989,75.8035,-1.1839,10.395423,15.593133,2.799122,29,215,300,5,0.03207536,0.00395337,0.05088190,0E-8,0.000000,0.912219,0.000000,-0.04848366,2026-03-31,2026-08-01,83,4123,1621,124,0.669355,0.205295,0.230786,0.106918,,,,,,,,GLOBAL_BASELINE_NO_ENTITY_RANKING,,,NOT_APPLICABLE_GLOBAL_BASELINE,HF9g-P5,,,,X 全窗基线 · 不参与实体赏罚,15056101,1506,A168_HF9F_20260827_0900,2026-08-27 09:00:00
2026-06-24,92755421,1485,0,75.9243793182,-75.9243793182,-75.9243793182,0E-7,1,1,0.50665070000000000,0.506650700000,-1.013391052207602,-1.013391052207602,-1.013391052207602,0E-17,ELIGIBLE,R03b_20260811_FULL_v1,L1_ELIGIBILITY,v2026-08-11,2026-03-21..2026-08-06,baccarat_bet02_101_all_pairs_incl_sentinel,round_win = game_pnl > 0 (decisive only),COMPATIBILITY_ONLY_NOT_PRODUCTION,2500103.8841,2280641.3266,9883.8276,11764,10369,-0.00395337,-0.05088190,-0.00239824,-0.00395337,-9883.8276,2500103.8841,OK,0.0000,395.3531,4.0000,96.0000,AG03-UNRESOLVED,ALL5_LEVELS_bet23_to_bet27,395.3531,395.3531,395.3531,395.3531,395.3531,4.000000,4.000000,4.000000,4.000000,4.000000,96.000000,96.000000,96.000000,96.000000,96.000000,5.0,1976.7655,1824.8244,7907.0621,8059.0032,PENDING_AG03,FALSE,NOT_FOR_ENFORCEMENT,9488.4745,2189415.6736,9883.8276,9488.4745,395.3531,0.00395337,0.00379523,395.3531,9488.4745,0.00379523,395.3531,395.3531,395.3531,395.3531,395.3531,9488.4745,0.00379523,1976.7655,1824.8244,7907.0621,8059.0032,0.00316269,0.00322347,0.00015813,212.5216,219.9480,0.9532,119.0823,2.3972,30121.7335,124.9277,49.0469,238.9093,36.5364,75.9244,374.9013,749.8027,789.266,1183.8989,75.8035,-1.1839,10.395423,15.593133,2.799122,29,215,300,5,0.03207536,0.00395337,0.05088190,0E-8,0.000000,0.912219,0.000000,-0.04848366,2026-03-31,2026-08-01,83,4123,1621,124,0.669355,0.205295,0.230786,0.106918,,,,,,,,GLOBAL_BASELINE_NO_ENTITY_RANKING,,,NOT_APPLICABLE_GLOBAL_BASELINE,HF9g-P5,,,,X 全窗基线 · 不参与实体赏罚,15056102,1506,A168_HF9F_20260827_0900,2026-08-27 09:00:00
2026-06-24,92755421,1507,0,225.8750284716,0E-10,0E-10,0.5000000,6,6,0.49994810000000000,0.499948100000,0.00025425703667063243,0.00025425703667063243,0.00025425703667063243,0E-17,ELIGIBLE,R03b_20260811_FULL_v1,L1_ELIGIBILITY,v2026-08-11,2026-03-21..2026-08-06,baccarat_bet02_101_all_pairs_incl_sentinel,round_win = game_pnl > 0 (decisive only),COMPATIBILITY_ONLY_NOT_PRODUCTION,2500103.8841,2280641.3266,9883.8276,11764,10369,-0.00395337,-0.05088190,-0.00239824,-0.00395337,-9883.8276,2500103.8841,OK,0.0000,395.3531,4.0000,96.0000,AG03-UNRESOLVED,ALL5_LEVELS_bet23_to_bet27,395.3531,395.3531,395.3531,395.3531,395.3531,4.000000,4.000000,4.000000,4.000000,4.000000,96.000000,96.000000,96.000000,96.000000,96.000000,5.0,1976.7655,1824.8244,7907.0621,8059.0032,PENDING_AG03,FALSE,NOT_FOR_ENFORCEMENT,9488.4745,2189415.6736,9883.8276,9488.4745,395.3531,0.00395337,0.00379523,395.3531,9488.4745,0.00379523,395.3531,395.3531,395.3531,395.3531,395.3531,9488.4745,0.00379523,1976.7655,1824.8244,7907.0621,8059.0032,0.00316269,0.00322347,0.00015813,212.5216,219.9480,0.9532,119.0823,2.3972,30121.7335,124.9277,49.0469,238.9093,36.5364,75.9244,374.9013,749.8027,789.266,1183.8989,75.8035,-1.1839,10.395423,15.593133,2.799122,29,215,300,5,0.03207536,0.00395337,0.05088190,0E-8,0.000000,0.912219,0.000000,-0.04848366,2026-03-31,2026-08-01,83,4123,1621,124,0.669355,0.205295,0.230786,0.106918,,,,,,,,GLOBAL_BASELINE_NO_ENTITY_RANKING,,,NOT_APPLICABLE_GLOBAL_BASELINE,HF9g-P5,,,,X 全窗基线 · 不参与实体赏罚,15056103,1506,A168_HF9F_20260827_0900,2026-08-27 09:00:00
2026-06-24,92755421,1509,0,75.9243793182,0E-10,0E-10,,1,1,0.50665070000000000,0.506650700000,,,,0E-17,NO_DECISIVE_ROUND,R03b_20260811_FULL_v1,L1_ELIGIBILITY,v2026-08-11,2026-03-21..2026-08-06,baccarat_bet02_101_all_pairs_incl_sentinel,round_win = game_pnl > 0 (decisive only),COMPATIBILITY_ONLY_NOT_PRODUCTION,2500103.8841,2280641.3266,9883.8276,11764,10369,-0.00395337,-0.05088190,-0.00239824,-0.00395337,-9883.8276,2500103.8841,OK,0.0000,395.3531,4.0000,96.0000,AG03-UNRESOLVED,ALL5_LEVELS_bet23_to_bet27,395.3531,395.3531,395.3531,395.3531,395.3531,4.000000,4.000000,4.000000,4.000000,4.000000,96.000000,96.000000,96.000000,96.000000,96.000000,5.0,1976.7655,1824.8244,7907.0621,8059.0032,PENDING_AG03,FALSE,NOT_FOR_ENFORCEMENT,9488.4745,2189415.6736,9883.8276,9488.4745,395.3531,0.00395337,0.00379523,395.3531,9488.4745,0.00379523,395.3531,395.3531,395.3531,395.3531,395.3531,9488.4745,0.00379523,1976.7655,1824.8244,7907.0621,8059.0032,0.00316269,0.00322347,0.00015813,212.5216,219.9480,0.9532,119.0823,2.3972,30121.7335,124.9277,49.0469,238.9093,36.5364,75.9244,374.9013,749.8027,789.266,1183.8989,75.8035,-1.1839,10.395423,15.593133,2.799122,29,215,300,5,0.03207536,0.00395337,0.05088190,0E-8,0.000000,0.912219,0.000000,-0.04848366,2026-03-31,2026-08-01,83,4123,1621,124,0.669355,0.205295,0.230786,0.106918,,,,,,,,GLOBAL_BASELINE_NO_ENTITY_RANKING,,,NOT_APPLICABLE_GLOBAL_BASELINE,HF9g-P5,,,,X 全窗基线 · 不参与实体赏罚,15056104,1506,A168_HF9F_20260827_0900,2026-08-27 09:00:00
2026-06-24,92755421,1645,0,151.8487586364,0E-10,0E-10,0.5000000,2,2,0.49994810000000000,0.499948100000,0.00014679536856514622,0.00014679536856514622,0.00014679536856514622,0E-17,ELIGIBLE,R03b_20260811_FULL_v1,L1_ELIGIBILITY,v2026-08-11,2026-03-21..2026-08-06,baccarat_bet02_101_all_pairs_incl_sentinel,round_win = game_pnl > 0 (decisive only),COMPATIBILITY_ONLY_NOT_PRODUCTION,2500103.8841,2280641.3266,9883.8276,11764,10369,-0.00395337,-0.05088190,-0.00239824,-0.00395337,-9883.8276,2500103.8841,OK,0.0000,395.3531,4.0000,96.0000,AG03-UNRESOLVED,ALL5_LEVELS_bet23_to_bet27,395.3531,395.3531,395.3531,395.3531,395.3531,4.000000,4.000000,4.000000,4.000000,4.000000,96.000000,96.000000,96.000000,96.000000,96.000000,5.0,1976.7655,1824.8244,7907.0621,8059.0032,PENDING_AG03,FALSE,NOT_FOR_ENFORCEMENT,9488.4745,2189415.6736,9883.8276,9488.4745,395.3531,0.00395337,0.00379523,395.3531,9488.4745,0.00379523,395.3531,395.3531,395.3531,395.3531,395.3531,9488.4745,0.00379523,1976.7655,1824.8244,7907.0621,8059.0032,0.00316269,0.00322347,0.00015813,212.5216,219.9480,0.9532,119.0823,2.3972,30121.7335,124.9277,49.0469,238.9093,36.5364,75.9244,374.9013,749.8027,789.266,1183.8989,75.8035,-1.1839,10.395423,15.593133,2.799122,29,215,300,5,0.03207536,0.00395337,0.05088190,0E-8,0.000000,0.912219,0.000000,-0.04848366,2026-03-31,2026-08-01,83,4123,1621,124,0.669355,0.205295,0.230786,0.106918,,,,,,,,GLOBAL_BASELINE_NO_ENTITY_RANKING,,,NOT_APPLICABLE_GLOBAL_BASELINE,HF9g-P5,,,,X 全窗基线 · 不参与实体赏罚,15056105,1506,A168_HF9F_20260827_0900,2026-08-27 09:00:00
2026-06-24,92755421,1963,0,891.7318350921,372.8836079264,372.8836079264,0.6666667,19,18,0.49885657529238925,0.486025294444,1.4239195660743114,1.5333919077054468,1.4239195660743114,0.01283128084838925,ELIGIBLE,R03b_20260811_FULL_v1,L1_ELIGIBILITY,v2026-08-11,2026-03-21..2026-08-06,baccarat_bet02_101_all_pairs_incl_sentinel,round_win = game_pnl > 0 (decisive only),COMPATIBILITY_ONLY_NOT_PRODUCTION,2500103.8841,2280641.3266,9883.8276,11764,10369,-0.00395337,-0.05088190,-0.00239824,-0.00395337,-9883.8276,2500103.8841,OK,0.0000,395.3531,4.0000,96.0000,AG03-UNRESOLVED,ALL5_LEVELS_bet23_to_bet27,395.3531,395.3531,395.3531,395.3531,395.3531,4.000000,4.000000,4.000000,4.000000,4.000000,96.000000,96.000000,96.000000,96.000000,96.000000,5.0,1976.7655,1824.8244,7907.0621,8059.0032,PENDING_AG03,FALSE,NOT_FOR_ENFORCEMENT,9488.4745,2189415.6736,9883.8276,9488.4745,395.3531,0.00395337,0.00379523,395.3531,9488.4745,0.00379523,395.3531,395.3531,395.3531,395.3531,395.3531,9488.4745,0.00379523,1976.7655,1824.8244,7907.0621,8059.0032,0.00316269,0.00322347,0.00015813,212.5216,219.9480,0.9532,119.0823,2.3972,30121.7335,124.9277,49.0469,238.9093,36.5364,75.9244,374.9013,749.8027,789.266,1183.8989,75.8035,-1.1839,10.395423,15.593133,2.799122,29,215,300,5,0.03207536,0.00395337,0.05088190,0E-8,0.000000,0.912219,0.000000,-0.04848366,2026-03-31,2026-08-01,83,4123,1621,124,0.669355,0.205295,0.230786,0.106918,,,,,,,,GLOBAL_BASELINE_NO_ENTITY_RANKING,,,NOT_APPLICABLE_GLOBAL_BASELINE,HF9g-P5,,,,X 全窗基线 · 不参与实体赏罚,15056106,1506,A168_HF9F_20260827_0900,2026-08-27 09:00:00
2026-06-24,92755421,1990,0,373.9275681420,290.4107508918,290.4107508918,0.9000000,10,10,0.49994810000000000,0.499948100000,2.5301503861863055,2.5301503861863055,2.5301503861863055,0E-17,ELIGIBLE,R03b_20260811_FULL_v1,L1_ELIGIBILITY,v2026-08-11,2026-03-21..2026-08-06,baccarat_bet02_101_all_pairs_incl_sentinel,round_win = game_pnl > 0 (decisive only),COMPATIBILITY_ONLY_NOT_PRODUCTION,2500103.8841,2280641.3266,9883.8276,11764,10369,-0.00395337,-0.05088190,-0.00239824,-0.00395337,-9883.8276,2500103.8841,OK,0.0000,395.3531,4.0000,96.0000,AG03-UNRESOLVED,ALL5_LEVELS_bet23_to_bet27,395.3531,395.3531,395.3531,395.3531,395.3531,4.000000,4.000000,4.000000,4.000000,4.000000,96.000000,96.000000,96.000000,96.000000,96.000000,5.0,1976.7655,1824.8244,7907.0621,8059.0032,PENDING_AG03,FALSE,NOT_FOR_ENFORCEMENT,9488.4745,2189415.6736,9883.8276,9488.4745,395.3531,0.00395337,0.00379523,395.3531,9488.4745,0.00379523,395.3531,395.3531,395.3531,395.3531,395.3531,9488.4745,0.00379523,1976.7655,1824.8244,7907.0621,8059.0032,0.00316269,0.00322347,0.00015813,212.5216,219.9480,0.9532,119.0823,2.3972,30121.7335,124.9277,49.0469,238.9093,36.5364,75.9244,374.9013,749.8027,789.266,1183.8989,75.8035,-1.1839,10.395423,15.593133,2.799122,29,215,300,5,0.03207536,0.00395337,0.05088190,0E-8,0.000000,0.912219,0.000000,-0.04848366,2026-03-31,2026-08-01,83,4123,1621,124,0.669355,0.205295,0.230786,0.106918,,,,,,,,GLOBAL_BASELINE_NO_ENTITY_RANKING,,,NOT_APPLICABLE_GLOBAL_BASELINE,HF9g-P5,,,,X 全窗基线 · 不参与实体赏罚,15056107,1506,A168_HF9F_20260827_0900,2026-08-27 09:00:00
2026-06-24,92755421,1996,0,274.0870093387,151.4691367399,151.4691367399,0.7500000,5,4,0.49838753881575161,0.440646775000,1.0064550783795514,1.2462244638917332,1.0064550783795514,0.05774076381575161,ELIGIBLE,R03b_20260811_FULL_v1,L1_ELIGIBILITY,v2026-08-11,2026-03-21..2026-08-06,baccarat_bet02_101_all_pairs_incl_sentinel,round_win = game_pnl > 0 (decisive only),COMPATIBILITY_ONLY_NOT_PRODUCTION,2500103.8841,2280641.3266,9883.8276,11764,10369,-0.00395337,-0.05088190,-0.00239824,-0.00395337,-9883.8276,2500103.8841,OK,0.0000,395.3531,4.0000,96.0000,AG03-UNRESOLVED,ALL5_LEVELS_bet23_to_bet27,395.3531,395.3531,395.3531,395.3531,395.3531,4.000000,4.000000,4.000000,4.000000,4.000000,96.000000,96.000000,96.000000,96.000000,96.000000,5.0,1976.7655,1824.8244,7907.0621,8059.0032,PENDING_AG03,FALSE,NOT_FOR_ENFORCEMENT,9488.4745,2189415.6736,9883.8276,9488.4745,395.3531,0.00395337,0.00379523,395.3531,9488.4745,0.00379523,395.3531,395.3531,395.3531,395.3531,395.3531,9488.4745,0.00379523,1976.7655,1824.8244,7907.0621,8059.0032,0.00316269,0.00322347,0.00015813,212.5216,219.9480,0.9532,119.0823,2.3972,30121.7335,124.9277,49.0469,238.9093,36.5364,75.9244,374.9013,749.8027,789.266,1183.8989,75.8035,-1.1839,10.395423,15.593133,2.799122,29,215,300,5,0.03207536,0.00395337,0.05088190,0E-8,0.000000,0.912219,0.000000,-0.04848366,2026-03-31,2026-08-01,83,4123,1621,124,0.669355,0.205295,0.230786,0.106918,,,,,,,,GLOBAL_BASELINE_NO_ENTITY_RANKING,,,NOT_APPLICABLE_GLOBAL_BASELINE,HF9g-P5,,,,X 全窗基线 · 不参与实体赏罚,15056108,1506,A168_HF9F_20260827_0900,2026-08-27 09:00:00
2026-06-24,92755421,2088,0,432.7689621137,11.3886568978,11.3886568978,0.5000000,6,6,0.49771390000000000,0.497713900000,0.011199674067230152,0.011199674067230152,0.011199674067230152,0E-17,ELIGIBLE,R03b_20260811_FULL_v1,L1_ELIGIBILITY,v2026-08-11,2026-03-21..2026-08-06,baccarat_bet02_101_all_pairs_incl_sentinel,round_win = game_pnl > 0 (decisive only),COMPATIBILITY_ONLY_NOT_PRODUCTION,2500103.8841,2280641.3266,9883.8276,11764,10369,-0.00395337,-0.05088190,-0.00239824,-0.00395337,-9883.8276,2500103.8841,OK,0.0000,395.3531,4.0000,96.0000,AG03-UNRESOLVED,ALL5_LEVELS_bet23_to_bet27,395.3531,395.3531,395.3531,395.3531,395.3531,4.000000,4.000000,4.000000,4.000000,4.000000,96.000000,96.000000,96.000000,96.000000,96.000000,5.0,1976.7655,1824.8244,7907.0621,8059.0032,PENDING_AG03,FALSE,NOT_FOR_ENFORCEMENT,9488.4745,2189415.6736,9883.8276,9488.4745,395.3531,0.00395337,0.00379523,395.3531,9488.4745,0.00379523,395.3531,395.3531,395.3531,395.3531,395.3531,9488.4745,0.00379523,1976.7655,1824.8244,7907.0621,8059.0032,0.00316269,0.00322347,0.00015813,212.5216,219.9480,0.9532,119.0823,2.3972,30121.7335,124.9277,49.0469,238.9093,36.5364,75.9244,374.9013,749.8027,789.266,1183.8989,75.8035,-1.1839,10.395423,15.593133,2.799122,29,215,300,5,0.03207536,0.00395337,0.05088190,0E-8,0.000000,0.912219,0.000000,-0.04848366,2026-03-31,2026-08-01,83,4123,1621,124,0.669355,0.205295,0.230786,0.106918,,,,,,,,GLOBAL_BASELINE_NO_ENTITY_RANKING,,,NOT_APPLICABLE_GLOBAL_BASELINE,HF9g-P5,,,,X 全窗基线 · 不参与实体赏罚,15056109,1506,A168_HF9F_20260827_0900,2026-08-27 09:00:00
2026-06-24,92755421,2093,0,227.7731379546,0E-10,0E-10,0.5000000,3,3,0.50218230000000000,0.502182300000,-0.00617253530718887,-0.00617253530718887,-0.00617253530718887,0E-17,ELIGIBLE,R03b_20260811_FULL_v1,L1_ELIGIBILITY,v2026-08-11,2026-03-21..2026-08-06,baccarat_bet02_101_all_pairs_incl_sentinel,round_win = game_pnl > 0 (decisive only),COMPATIBILITY_ONLY_NOT_PRODUCTION,2500103.8841,2280641.3266,9883.8276,11764,10369,-0.00395337,-0.05088190,-0.00239824,-0.00395337,-9883.8276,2500103.8841,OK,0.0000,395.3531,4.0000,96.0000,AG03-UNRESOLVED,ALL5_LEVELS_bet23_to_bet27,395.3531,395.3531,395.3531,395.3531,395.3531,4.000000,4.000000,4.000000,4.000000,4.000000,96.000000,96.000000,96.000000,96.000000,96.000000,5.0,1976.7655,1824.8244,7907.0621,8059.0032,PENDING_AG03,FALSE,NOT_FOR_ENFORCEMENT,9488.4745,2189415.6736,9883.8276,9488.4745,395.3531,0.00395337,0.00379523,395.3531,9488.4745,0.00379523,395.3531,395.3531,395.3531,395.3531,395.3531,9488.4745,0.00379523,1976.7655,1824.8244,7907.0621,8059.0032,0.00316269,0.00322347,0.00015813,212.5216,219.9480,0.9532,119.0823,2.3972,30121.7335,124.9277,49.0469,238.9093,36.5364,75.9244,374.9013,749.8027,789.266,1183.8989,75.8035,-1.1839,10.395423,15.593133,2.799122,29,215,300,5,0.03207536,0.00395337,0.05088190,0E-8,0.000000,0.912219,0.000000,-0.04848366,2026-03-31,2026-08-01,83,4123,1621,124,0.669355,0.205295,0.230786,0.106918,,,,,,,,GLOBAL_BASELINE_NO_ENTITY_RANKING,,,NOT_APPLICABLE_GLOBAL_BASELINE,HF9g-P5,,,,X 全窗基线 · 不参与实体赏罚,15056110,1506,A168_HF9F_20260827_0900,2026-08-27 09:00:00
2026-06-24,92755421,2106,0,227.7731379546,0E-10,0E-10,0.5000000,3,3,0.49771390000000000,0.497713900000,0.006466134837551399,0.0064661348375514,0.006466134837551399,0E-17,ELIGIBLE,R03b_20260811_FULL_v1,L1_ELIGIBILITY,v2026-08-11,2026-03-21..2026-08-06,baccarat_bet02_101_all_pairs_incl_sentinel,round_win = game_pnl > 0 (decisive only),COMPATIBILITY_ONLY_NOT_PRODUCTION,2500103.8841,2280641.3266,9883.8276,11764,10369,-0.00395337,-0.05088190,-0.00239824,-0.00395337,-9883.8276,2500103.8841,OK,0.0000,395.3531,4.0000,96.0000,AG03-UNRESOLVED,ALL5_LEVELS_bet23_to_bet27,395.3531,395.3531,395.3531,395.3531,395.3531,4.000000,4.000000,4.000000,4.000000,4.000000,96.000000,96.000000,96.000000,96.000000,96.000000,5.0,1976.7655,1824.8244,7907.0621,8059.0032,PENDING_AG03,FALSE,NOT_FOR_ENFORCEMENT,9488.4745,2189415.6736,9883.8276,9488.4745,395.3531,0.00395337,0.00379523,395.3531,9488.4745,0.00379523,395.3531,395.3531,395.3531,395.3531,395.3531,9488.4745,0.00379523,1976.7655,1824.8244,7907.0621,8059.0032,0.00316269,0.00322347,0.00015813,212.5216,219.9480,0.9532,119.0823,2.3972,30121.7335,124.9277,49.0469,238.9093,36.5364,75.9244,374.9013,749.8027,789.266,1183.8989,75.8035,-1.1839,10.395423,15.593133,2.799122,29,215,300,5,0.03207536,0.00395337,0.05088190,0E-8,0.000000,0.912219,0.000000,-0.04848366,2026-03-31,2026-08-01,83,4123,1621,124,0.669355,0.205295,0.230786,0.106918,,,,,,,,GLOBAL_BASELINE_NO_ENTITY_RANKING,,,NOT_APPLICABLE_GLOBAL_BASELINE,HF9g-P5,,,,X 全窗基线 · 不参与实体赏罚,15056111,1506,A168_HF9F_20260827_0900,2026-08-27 09:00:00
2026-06-24,92755421,2115,0,286.6145319262,26.4786272872,26.4786272872,0.6000000,9,7,0.48720703082013298,0.428345100000,0.50459068266307,0.7756706172686224,0.50459068266307,0.05886193082013298,ELIGIBLE,R03b_20260811_FULL_v1,L1_ELIGIBILITY,v2026-08-11,2026-03-21..2026-08-06,baccarat_bet02_101_all_pairs_incl_sentinel,round_win = game_pnl > 0 (decisive only),COMPATIBILITY_ONLY_NOT_PRODUCTION,2500103.8841,2280641.3266,9883.8276,11764,10369,-0.00395337,-0.05088190,-0.00239824,-0.00395337,-9883.8276,2500103.8841,OK,0.0000,395.3531,4.0000,96.0000,AG03-UNRESOLVED,ALL5_LEVELS_bet23_to_bet27,395.3531,395.3531,395.3531,395.3531,395.3531,4.000000,4.000000,4.000000,4.000000,4.000000,96.000000,96.000000,96.000000,96.000000,96.000000,5.0,1976.7655,1824.8244,7907.0621,8059.0032,PENDING_AG03,FALSE,NOT_FOR_ENFORCEMENT,9488.4745,2189415.6736,9883.8276,9488.4745,395.3531,0.00395337,0.00379523,395.3531,9488.4745,0.00379523,395.3531,395.3531,395.3531,395.3531,395.3531,9488.4745,0.00379523,1976.7655,1824.8244,7907.0621,8059.0032,0.00316269,0.00322347,0.00015813,212.5216,219.9480,0.9532,119.0823,2.3972,30121.7335,124.9277,49.0469,238.9093,36.5364,75.9244,374.9013,749.8027,789.266,1183.8989,75.8035,-1.1839,10.395423,15.593133,2.799122,29,215,300,5,0.03207536,0.00395337,0.05088190,0E-8,0.000000,0.912219,0.000000,-0.04848366,2026-03-31,2026-08-01,83,4123,1621,124,0.669355,0.205295,0.230786,0.106918,,,,,,,,GLOBAL_BASELINE_NO_ENTITY_RANKING,,,NOT_APPLICABLE_GLOBAL_BASELINE,HF9g-P5,,,,X 全窗基线 · 不参与实体赏罚,15056112,1506,A168_HF9F_20260827_0900,2026-08-27 09:00:00
2026-06-24,92755421,2123,0,241.4395262318,81.6187077671,81.6187077671,0.7500000,5,4,0.49601410161298123,0.438971125000,1.015975876462708,1.2534878284071604,1.015975876462708,0.05704297661298123,ELIGIBLE,R03b_20260811_FULL_v1,L1_ELIGIBILITY,v2026-08-11,2026-03-21..2026-08-06,baccarat_bet02_101_all_pairs_incl_sentinel,round_win = game_pnl > 0 (decisive only),COMPATIBILITY_ONLY_NOT_PRODUCTION,2500103.8841,2280641.3266,9883.8276,11764,10369,-0.00395337,-0.05088190,-0.00239824,-0.00395337,-9883.8276,2500103.8841,OK,0.0000,395.3531,4.0000,96.0000,AG03-UNRESOLVED,ALL5_LEVELS_bet23_to_bet27,395.3531,395.3531,395.3531,395.3531,395.3531,4.000000,4.000000,4.000000,4.000000,4.000000,96.000000,96.000000,96.000000,96.000000,96.000000,5.0,1976.7655,1824.8244,7907.0621,8059.0032,PENDING_AG03,FALSE,NOT_FOR_ENFORCEMENT,9488.4745,2189415.6736,9883.8276,9488.4745,395.3531,0.00395337,0.00379523,395.3531,9488.4745,0.00379523,395.3531,395.3531,395.3531,395.3531,395.3531,9488.4745,0.00379523,1976.7655,1824.8244,7907.0621,8059.0032,0.00316269,0.00322347,0.00015813,212.5216,219.9480,0.9532,119.0823,2.3972,30121.7335,124.9277,49.0469,238.9093,36.5364,75.9244,374.9013,749.8027,789.266,1183.8989,75.8035,-1.1839,10.395423,15.593133,2.799122,29,215,300,5,0.03207536,0.00395337,0.05088190,0E-8,0.000000,0.912219,0.000000,-0.04848366,2026-03-31,2026-08-01,83,4123,1621,124,0.669355,0.205295,0.230786,0.106918,,,,,,,,GLOBAL_BASELINE_NO_ENTITY_RANKING,,,NOT_APPLICABLE_GLOBAL_BASELINE,HF9g-P5,,,,X 全窗基线 · 不参与实体赏罚,15056113,1506,A168_HF9F_20260827_0900,2026-08-27 09:00:00
2026-06-24,92755421,2130,0,37.9621896591,-37.9621896591,-37.9621896591,0E-7,1,1,0.50665070000000000,0.506650700000,-1.013391052207602,-1.013391052207602,-1.013391052207602,0E-17,ELIGIBLE,R03b_20260811_FULL_v1,L1_ELIGIBILITY,v2026-08-11,2026-03-21..2026-08-06,baccarat_bet02_101_all_pairs_incl_sentinel,round_win = game_pnl > 0 (decisive only),COMPATIBILITY_ONLY_NOT_PRODUCTION,2500103.8841,2280641.3266,9883.8276,11764,10369,-0.00395337,-0.05088190,-0.00239824,-0.00395337,-9883.8276,2500103.8841,OK,0.0000,395.3531,4.0000,96.0000,AG03-UNRESOLVED,ALL5_LEVELS_bet23_to_bet27,395.3531,395.3531,395.3531,395.3531,395.3531,4.000000,4.000000,4.000000,4.000000,4.000000,96.000000,96.000000,96.000000,96.000000,96.000000,5.0,1976.7655,1824.8244,7907.0621,8059.0032,PENDING_AG03,FALSE,NOT_FOR_ENFORCEMENT,9488.4745,2189415.6736,9883.8276,9488.4745,395.3531,0.00395337,0.00379523,395.3531,9488.4745,0.00379523,395.3531,395.3531,395.3531,395.3531,395.3531,9488.4745,0.00379523,1976.7655,1824.8244,7907.0621,8059.0032,0.00316269,0.00322347,0.00015813,212.5216,219.9480,0.9532,119.0823,2.3972,30121.7335,124.9277,49.0469,238.9093,36.5364,75.9244,374.9013,749.8027,789.266,1183.8989,75.8035,-1.1839,10.395423,15.593133,2.799122,29,215,300,5,0.03207536,0.00395337,0.05088190,0E-8,0.000000,0.912219,0.000000,-0.04848366,2026-03-31,2026-08-01,83,4123,1621,124,0.669355,0.205295,0.230786,0.106918,,,,,,,,GLOBAL_BASELINE_NO_ENTITY_RANKING,,,NOT_APPLICABLE_GLOBAL_BASELINE,HF9g-P5,,,,X 全窗基线 · 不参与实体赏罚,15056114,1506,A168_HF9F_20260827_0900,2026-08-27 09:00:00
2026-06-24,92755421,2141,0,186.0147293296,37.9621896591,37.9621896591,0.6666667,3,3,0.49771390000000000,0.497713900000,0.5852756695216578,0.5852756695216578,0.5852756695216578,0E-17,ELIGIBLE,R03b_20260811_FULL_v1,L1_ELIGIBILITY,v2026-08-11,2026-03-21..2026-08-06,baccarat_bet02_101_all_pairs_incl_sentinel,round_win = game_pnl > 0 (decisive only),COMPATIBILITY_ONLY_NOT_PRODUCTION,2500103.8841,2280641.3266,9883.8276,11764,10369,-0.00395337,-0.05088190,-0.00239824,-0.00395337,-9883.8276,2500103.8841,OK,0.0000,395.3531,4.0000,96.0000,AG03-UNRESOLVED,ALL5_LEVELS_bet23_to_bet27,395.3531,395.3531,395.3531,395.3531,395.3531,4.000000,4.000000,4.000000,4.000000,4.000000,96.000000,96.000000,96.000000,96.000000,96.000000,5.0,1976.7655,1824.8244,7907.0621,8059.0032,PENDING_AG03,FALSE,NOT_FOR_ENFORCEMENT,9488.4745,2189415.6736,9883.8276,9488.4745,395.3531,0.00395337,0.00379523,395.3531,9488.4745,0.00379523,395.3531,395.3531,395.3531,395.3531,395.3531,9488.4745,0.00379523,1976.7655,1824.8244,7907.0621,8059.0032,0.00316269,0.00322347,0.00015813,212.5216,219.9480,0.9532,119.0823,2.3972,30121.7335,124.9277,49.0469,238.9093,36.5364,75.9244,374.9013,749.8027,789.266,1183.8989,75.8035,-1.1839,10.395423,15.593133,2.799122,29,215,300,5,0.03207536,0.00395337,0.05088190,0E-8,0.000000,0.912219,0.000000,-0.04848366,2026-03-31,2026-08-01,83,4123,1621,124,0.669355,0.205295,0.230786,0.106918,,,,,,,,GLOBAL_BASELINE_NO_ENTITY_RANKING,,,NOT_APPLICABLE_GLOBAL_BASELINE,HF9g-P5,,,,X 全窗基线 · 不参与实体赏罚,15056115,1506,A168_HF9F_20260827_0900,2026-08-27 09:00:00
2026-06-24,92755421,2155,0,113.8865689773,-113.8865689773,-113.8865689773,0E-7,1,1,0.49324550000000000,0.493245500000,-0.9865810262130424,-0.9865810262130424,-0.9865810262130424,0E-17,ELIGIBLE,R03b_20260811_FULL_v1,L1_ELIGIBILITY,v2026-08-11,2026-03-21..2026-08-06,baccarat_bet02_101_all_pairs_incl_sentinel,round_win = game_pnl > 0 (decisive only),COMPATIBILITY_ONLY_NOT_PRODUCTION,2500103.8841,2280641.3266,9883.8276,11764,10369,-0.00395337,-0.05088190,-0.00239824,-0.00395337,-9883.8276,2500103.8841,OK,0.0000,395.3531,4.0000,96.0000,AG03-UNRESOLVED,ALL5_LEVELS_bet23_to_bet27,395.3531,395.3531,395.3531,395.3531,395.3531,4.000000,4.000000,4.000000,4.000000,4.000000,96.000000,96.000000,96.000000,96.000000,96.000000,5.0,1976.7655,1824.8244,7907.0621,8059.0032,PENDING_AG03,FALSE,NOT_FOR_ENFORCEMENT,9488.4745,2189415.6736,9883.8276,9488.4745,395.3531,0.00395337,0.00379523,395.3531,9488.4745,0.00379523,395.3531,395.3531,395.3531,395.3531,395.3531,9488.4745,0.00379523,1976.7655,1824.8244,7907.0621,8059.0032,0.00316269,0.00322347,0.00015813,212.5216,219.9480,0.9532,119.0823,2.3972,30121.7335,124.9277,49.0469,238.9093,36.5364,75.9244,374.9013,749.8027,789.266,1183.8989,75.8035,-1.1839,10.395423,15.593133,2.799122,29,215,300,5,0.03207536,0.00395337,0.05088190,0E-8,0.000000,0.912219,0.000000,-0.04848366,2026-03-31,2026-08-01,83,4123,1621,124,0.669355,0.205295,0.230786,0.106918,,,,,,,,GLOBAL_BASELINE_NO_ENTITY_RANKING,,,NOT_APPLICABLE_GLOBAL_BASELINE,HF9g-P5,,,,X 全窗基线 · 不参与实体赏罚,15056116,1506,A168_HF9F_20260827_0900,2026-08-27 09:00:00
2026-06-24,92755421,2170,0,265.7353276137,-189.8109482955,-189.8109482955,0E-7,4,4,0.49324550000000000,0.493245500000,-1.708808463184432,-1.7088084631844318,-1.708808463184432,0E-17,ELIGIBLE,R03b_20260811_FULL_v1,L1_ELIGIBILITY,v2026-08-11,2026-03-21..2026-08-06,baccarat_bet02_101_all_pairs_incl_sentinel,round_win = game_pnl > 0 (decisive only),COMPATIBILITY_ONLY_NOT_PRODUCTION,2500103.8841,2280641.3266,9883.8276,11764,10369,-0.00395337,-0.05088190,-0.00239824,-0.00395337,-9883.8276,2500103.8841,OK,0.0000,395.3531,4.0000,96.0000,AG03-UNRESOLVED,ALL5_LEVELS_bet23_to_bet27,395.3531,395.3531,395.3531,395.3531,395.3531,4.000000,4.000000,4.000000,4.000000,4.000000,96.000000,96.000000,96.000000,96.000000,96.000000,5.0,1976.7655,1824.8244,7907.0621,8059.0032,PENDING_AG03,FALSE,NOT_FOR_ENFORCEMENT,9488.4745,2189415.6736,9883.8276,9488.4745,395.3531,0.00395337,0.00379523,395.3531,9488.4745,0.00379523,395.3531,395.3531,395.3531,395.3531,395.3531,9488.4745,0.00379523,1976.7655,1824.8244,7907.0621,8059.0032,0.00316269,0.00322347,0.00015813,212.5216,219.9480,0.9532,119.0823,2.3972,30121.7335,124.9277,49.0469,238.9093,36.5364,75.9244,374.9013,749.8027,789.266,1183.8989,75.8035,-1.1839,10.395423,15.593133,2.799122,29,215,300,5,0.03207536,0.00395337,0.05088190,0E-8,0.000000,0.912219,0.000000,-0.04848366,2026-03-31,2026-08-01,83,4123,1621,124,0.669355,0.205295,0.230786,0.106918,,,,,,,,GLOBAL_BASELINE_NO_ENTITY_RANKING,,,NOT_APPLICABLE_GLOBAL_BASELINE,HF9g-P5,,,,X 全窗基线 · 不参与实体赏罚,15056117,1506,A168_HF9F_20260827_0900,2026-08-27 09:00:00
2026-06-24,92755421,2174,0,576.2660390251,297.8513400652,297.8513400652,0.7777778,10,9,0.49905035589221918,0.473591955556,1.6723675476782254,1.827665886427847,1.6723675476782254,0.02545840033621918,ELIGIBLE,R03b_20260811_FULL_v1,L1_ELIGIBILITY,v2026-08-11,2026-03-21..2026-08-06,baccarat_bet02_101_all_pairs_incl_sentinel,round_win = game_pnl > 0 (decisive only),COMPATIBILITY_ONLY_NOT_PRODUCTION,2500103.8841,2280641.3266,9883.8276,11764,10369,-0.00395337,-0.05088190,-0.00239824,-0.00395337,-9883.8276,2500103.8841,OK,0.0000,395.3531,4.0000,96.0000,AG03-UNRESOLVED,ALL5_LEVELS_bet23_to_bet27,395.3531,395.3531,395.3531,395.3531,395.3531,4.000000,4.000000,4.000000,4.000000,4.000000,96.000000,96.000000,96.000000,96.000000,96.000000,5.0,1976.7655,1824.8244,7907.0621,8059.0032,PENDING_AG03,FALSE,NOT_FOR_ENFORCEMENT,9488.4745,2189415.6736,9883.8276,9488.4745,395.3531,0.00395337,0.00379523,395.3531,9488.4745,0.00379523,395.3531,395.3531,395.3531,395.3531,395.3531,9488.4745,0.00379523,1976.7655,1824.8244,7907.0621,8059.0032,0.00316269,0.00322347,0.00015813,212.5216,219.9480,0.9532,119.0823,2.3972,30121.7335,124.9277,49.0469,238.9093,36.5364,75.9244,374.9013,749.8027,789.266,1183.8989,75.8035,-1.1839,10.395423,15.593133,2.799122,29,215,300,5,0.03207536,0.00395337,0.05088190,0E-8,0.000000,0.912219,0.000000,-0.04848366,2026-03-31,2026-08-01,83,4123,1621,124,0.669355,0.205295,0.230786,0.106918,,,,,,,,GLOBAL_BASELINE_NO_ENTITY_RANKING,,,NOT_APPLICABLE_GLOBAL_BASELINE,HF9g-P5,,,,X 全窗基线 · 不参与实体赏罚,15056118,1506,A168_HF9F_20260827_0900,2026-08-27 09:00:00
2026-06-24,92755421,2196,0,299.9012983069,0E-10,0E-10,0.5000000,4,4,0.50329940000000000,0.503299400000,-0.01319788734859681,-0.01319788734859681,-0.01319788734859681,0E-17,ELIGIBLE,R03b_20260811_FULL_v1,L1_ELIGIBILITY,v2026-08-11,2026-03-21..2026-08-06,baccarat_bet02_101_all_pairs_incl_sentinel,round_win = game_pnl > 0 (decisive only),COMPATIBILITY_ONLY_NOT_PRODUCTION,2500103.8841,2280641.3266,9883.8276,11764,10369,-0.00395337,-0.05088190,-0.00239824,-0.00395337,-9883.8276,2500103.8841,OK,0.0000,395.3531,4.0000,96.0000,AG03-UNRESOLVED,ALL5_LEVELS_bet23_to_bet27,395.3531,395.3531,395.3531,395.3531,395.3531,4.000000,4.000000,4.000000,4.000000,4.000000,96.000000,96.000000,96.000000,96.000000,96.000000,5.0,1976.7655,1824.8244,7907.0621,8059.0032,PENDING_AG03,FALSE,NOT_FOR_ENFORCEMENT,9488.4745,2189415.6736,9883.8276,9488.4745,395.3531,0.00395337,0.00379523,395.3531,9488.4745,0.00379523,395.3531,395.3531,395.3531,395.3531,395.3531,9488.4745,0.00379523,1976.7655,1824.8244,7907.0621,8059.0032,0.00316269,0.00322347,0.00015813,212.5216,219.9480,0.9532,119.0823,2.3972,30121.7335,124.9277,49.0469,238.9093,36.5364,75.9244,374.9013,749.8027,789.266,1183.8989,75.8035,-1.1839,10.395423,15.593133,2.799122,29,215,300,5,0.03207536,0.00395337,0.05088190,0E-8,0.000000,0.912219,0.000000,-0.04848366,2026-03-31,2026-08-01,83,4123,1621,124,0.669355,0.205295,0.230786,0.106918,,,,,,,,GLOBAL_BASELINE_NO_ENTITY_RANKING,,,NOT_APPLICABLE_GLOBAL_BASELINE,HF9g-P5,,,,X 全窗基线 · 不参与实体赏罚,15056119,1506,A168_HF9F_20260827_0900,2026-08-27 09:00:00
2026-06-24,92755421,2201,0,75.9243793182,-75.9243793182,-75.9243793182,0E-7,1,1,0.50665070000000000,0.506650700000,-1.013391052207602,-1.013391052207602,-1.013391052207602,0E-17,ELIGIBLE,R03b_20260811_FULL_v1,L1_ELIGIBILITY,v2026-08-11,2026-03-21..2026-08-06,baccarat_bet02_101_all_pairs_incl_sentinel,round_win = game_pnl > 0 (decisive only),COMPATIBILITY_ONLY_NOT_PRODUCTION,2500103.8841,2280641.3266,9883.8276,11764,10369,-0.00395337,-0.05088190,-0.00239824,-0.00395337,-9883.8276,2500103.8841,OK,0.0000,395.3531,4.0000,96.0000,AG03-UNRESOLVED,ALL5_LEVELS_bet23_to_bet27,395.3531,395.3531,395.3531,395.3531,395.3531,4.000000,4.000000,4.000000,4.000000,4.000000,96.000000,96.000000,96.000000,96.000000,96.000000,5.0,1976.7655,1824.8244,7907.0621,8059.0032,PENDING_AG03,FALSE,NOT_FOR_ENFORCEMENT,9488.4745,2189415.6736,9883.8276,9488.4745,395.3531,0.00395337,0.00379523,395.3531,9488.4745,0.00379523,395.3531,395.3531,395.3531,395.3531,395.3531,9488.4745,0.00379523,1976.7655,1824.8244,7907.0621,8059.0032,0.00316269,0.00322347,0.00015813,212.5216,219.9480,0.9532,119.0823,2.3972,30121.7335,124.9277,49.0469,238.9093,36.5364,75.9244,374.9013,749.8027,789.266,1183.8989,75.8035,-1.1839,10.395423,15.593133,2.799122,29,215,300,5,0.03207536,0.00395337,0.05088190,0E-8,0.000000,0.912219,0.000000,-0.04848366,2026-03-31,2026-08-01,83,4123,1621,124,0.669355,0.205295,0.230786,0.106918,,,,,,,,GLOBAL_BASELINE_NO_ENTITY_RANKING,,,NOT_APPLICABLE_GLOBAL_BASELINE,HF9g-P5,,,,X 全窗基线 · 不参与实体赏罚,15056120,1506,A168_HF9F_20260827_0900,2026-08-27 09:00:00
2026-06-24,92755421,2205,0,149.9506491534,75.9243793182,75.9243793182,0.7500000,4,4,0.49994810000000000,0.499948100000,1.0002076053883384,1.0002076053883384,1.0002076053883384,0E-17,ELIGIBLE,R03b_20260811_FULL_v1,L1_ELIGIBILITY,v2026-08-11,2026-03-21..2026-08-06,baccarat_bet02_101_all_pairs_incl_sentinel,round_win = game_pnl > 0 (decisive only),COMPATIBILITY_ONLY_NOT_PRODUCTION,2500103.8841,2280641.3266,9883.8276,11764,10369,-0.00395337,-0.05088190,-0.00239824,-0.00395337,-9883.8276,2500103.8841,OK,0.0000,395.3531,4.0000,96.0000,AG03-UNRESOLVED,ALL5_LEVELS_bet23_to_bet27,395.3531,395.3531,395.3531,395.3531,395.3531,4.000000,4.000000,4.000000,4.000000,4.000000,96.000000,96.000000,96.000000,96.000000,96.000000,5.0,1976.7655,1824.8244,7907.0621,8059.0032,PENDING_AG03,FALSE,NOT_FOR_ENFORCEMENT,9488.4745,2189415.6736,9883.8276,9488.4745,395.3531,0.00395337,0.00379523,395.3531,9488.4745,0.00379523,395.3531,395.3531,395.3531,395.3531,395.3531,9488.4745,0.00379523,1976.7655,1824.8244,7907.0621,8059.0032,0.00316269,0.00322347,0.00015813,212.5216,219.9480,0.9532,119.0823,2.3972,30121.7335,124.9277,49.0469,238.9093,36.5364,75.9244,374.9013,749.8027,789.266,1183.8989,75.8035,-1.1839,10.395423,15.593133,2.799122,29,215,300,5,0.03207536,0.00395337,0.05088190,0E-8,0.000000,0.912219,0.000000,-0.04848366,2026-03-31,2026-08-01,83,4123,1621,124,0.669355,0.205295,0.230786,0.106918,,,,,,,,GLOBAL_BASELINE_NO_ENTITY_RANKING,,,NOT_APPLICABLE_GLOBAL_BASELINE,HF9g-P5,,,,X 全窗基线 · 不参与实体赏罚,15056121,1506,A168_HF9F_20260827_0900,2026-08-27 09:00:00
2026-06-24,92755421,2209,0,493.5084655683,-493.5084655683,-493.5084655683,0E-7,6,6,0.49994810000000000,0.499948100000,-2.4492354989424476,-2.4492354989424476,-2.4492354989424476,0E-17,ELIGIBLE,R03b_20260811_FULL_v1,L1_ELIGIBILITY,v2026-08-11,2026-03-21..2026-08-06,baccarat_bet02_101_all_pairs_incl_sentinel,round_win = game_pnl > 0 (decisive only),COMPATIBILITY_ONLY_NOT_PRODUCTION,2500103.8841,2280641.3266,9883.8276,11764,10369,-0.00395337,-0.05088190,-0.00239824,-0.00395337,-9883.8276,2500103.8841,OK,0.0000,395.3531,4.0000,96.0000,AG03-UNRESOLVED,ALL5_LEVELS_bet23_to_bet27,395.3531,395.3531,395.3531,395.3531,395.3531,4.000000,4.000000,4.000000,4.000000,4.000000,96.000000,96.000000,96.000000,96.000000,96.000000,5.0,1976.7655,1824.8244,7907.0621,8059.0032,PENDING_AG03,FALSE,NOT_FOR_ENFORCEMENT,9488.4745,2189415.6736,9883.8276,9488.4745,395.3531,0.00395337,0.00379523,395.3531,9488.4745,0.00379523,395.3531,395.3531,395.3531,395.3531,395.3531,9488.4745,0.00379523,1976.7655,1824.8244,7907.0621,8059.0032,0.00316269,0.00322347,0.00015813,212.5216,219.9480,0.9532,119.0823,2.3972,30121.7335,124.9277,49.0469,238.9093,36.5364,75.9244,374.9013,749.8027,789.266,1183.8989,75.8035,-1.1839,10.395423,15.593133,2.799122,29,215,300,5,0.03207536,0.00395337,0.05088190,0E-8,0.000000,0.912219,0.000000,-0.04848366,2026-03-31,2026-08-01,83,4123,1621,124,0.669355,0.205295,0.230786,0.106918,,,,,,,,GLOBAL_BASELINE_NO_ENTITY_RANKING,,,NOT_APPLICABLE_GLOBAL_BASELINE,HF9g-P5,,,,X 全窗基线 · 不参与实体赏罚,15056122,1506,A168_HF9F_20260827_0900,2026-08-27 09:00:00
2026-06-24,92755421,2216,0,75.9243793182,-75.9243793182,-75.9243793182,0E-7,1,1,0.50665070000000000,0.506650700000,-1.013391052207602,-1.013391052207602,-1.013391052207602,0E-17,ELIGIBLE,R03b_20260811_FULL_v1,L1_ELIGIBILITY,v2026-08-11,2026-03-21..2026-08-06,baccarat_bet02_101_all_pairs_incl_sentinel,round_win = game_pnl > 0 (decisive only),COMPATIBILITY_ONLY_NOT_PRODUCTION,2500103.8841,2280641.3266,9883.8276,11764,10369,-0.00395337,-0.05088190,-0.00239824,-0.00395337,-9883.8276,2500103.8841,OK,0.0000,395.3531,4.0000,96.0000,AG03-UNRESOLVED,ALL5_LEVELS_bet23_to_bet27,395.3531,395.3531,395.3531,395.3531,395.3531,4.000000,4.000000,4.000000,4.000000,4.000000,96.000000,96.000000,96.000000,96.000000,96.000000,5.0,1976.7655,1824.8244,7907.0621,8059.0032,PENDING_AG03,FALSE,NOT_FOR_ENFORCEMENT,9488.4745,2189415.6736,9883.8276,9488.4745,395.3531,0.00395337,0.00379523,395.3531,9488.4745,0.00379523,395.3531,395.3531,395.3531,395.3531,395.3531,9488.4745,0.00379523,1976.7655,1824.8244,7907.0621,8059.0032,0.00316269,0.00322347,0.00015813,212.5216,219.9480,0.9532,119.0823,2.3972,30121.7335,124.9277,49.0469,238.9093,36.5364,75.9244,374.9013,749.8027,789.266,1183.8989,75.8035,-1.1839,10.395423,15.593133,2.799122,29,215,300,5,0.03207536,0.00395337,0.05088190,0E-8,0.000000,0.912219,0.000000,-0.04848366,2026-03-31,2026-08-01,83,4123,1621,124,0.669355,0.205295,0.230786,0.106918,,,,,,,,GLOBAL_BASELINE_NO_ENTITY_RANKING,,,NOT_APPLICABLE_GLOBAL_BASELINE,HF9g-P5,,,,X 全窗基线 · 不参与实体赏罚,15056123,1506,A168_HF9F_20260827_0900,2026-08-27 09:00:00
2026-06-24,92755421,2218,0,75.9243793182,-75.9243793182,-75.9243793182,0E-7,1,1,0.50665070000000000,0.506650700000,-1.013391052207602,-1.013391052207602,-1.013391052207602,0E-17,ELIGIBLE,R03b_20260811_FULL_v1,L1_ELIGIBILITY,v2026-08-11,2026-03-21..2026-08-06,baccarat_bet02_101_all_pairs_incl_sentinel,round_win = game_pnl > 0 (decisive only),COMPATIBILITY_ONLY_NOT_PRODUCTION,2500103.8841,2280641.3266,9883.8276,11764,10369,-0.00395337,-0.05088190,-0.00239824,-0.00395337,-9883.8276,2500103.8841,OK,0.0000,395.3531,4.0000,96.0000,AG03-UNRESOLVED,ALL5_LEVELS_bet23_to_bet27,395.3531,395.3531,395.3531,395.3531,395.3531,4.000000,4.000000,4.000000,4.000000,4.000000,96.000000,96.000000,96.000000,96.000000,96.000000,5.0,1976.7655,1824.8244,7907.0621,8059.0032,PENDING_AG03,FALSE,NOT_FOR_ENFORCEMENT,9488.4745,2189415.6736,9883.8276,9488.4745,395.3531,0.00395337,0.00379523,395.3531,9488.4745,0.00379523,395.3531,395.3531,395.3531,395.3531,395.3531,9488.4745,0.00379523,1976.7655,1824.8244,7907.0621,8059.0032,0.00316269,0.00322347,0.00015813,212.5216,219.9480,0.9532,119.0823,2.3972,30121.7335,124.9277,49.0469,238.9093,36.5364,75.9244,374.9013,749.8027,789.266,1183.8989,75.8035,-1.1839,10.395423,15.593133,2.799122,29,215,300,5,0.03207536,0.00395337,0.05088190,0E-8,0.000000,0.912219,0.000000,-0.04848366,2026-03-31,2026-08-01,83,4123,1621,124,0.669355,0.205295,0.230786,0.106918,,,,,,,,GLOBAL_BASELINE_NO_ENTITY_RANKING,,,NOT_APPLICABLE_GLOBAL_BASELINE,HF9g-P5,,,,X 全窗基线 · 不参与实体赏罚,15056124,1506,A168_HF9F_20260827_0900,2026-08-27 09:00:00
2026-06-24,92755421,2222,0,151.8487586364,-151.8487586364,-151.8487586364,0E-7,3,3,0.49771390000000000,0.497713900000,-1.724149546644903,-1.724149546644903,-1.724149546644903,0E-17,ELIGIBLE,R03b_20260811_FULL_v1,L1_ELIGIBILITY,v2026-08-11,2026-03-21..2026-08-06,baccarat_bet02_101_all_pairs_incl_sentinel,round_win = game_pnl > 0 (decisive only),COMPATIBILITY_ONLY_NOT_PRODUCTION,2500103.8841,2280641.3266,9883.8276,11764,10369,-0.00395337,-0.05088190,-0.00239824,-0.00395337,-9883.8276,2500103.8841,OK,0.0000,395.3531,4.0000,96.0000,AG03-UNRESOLVED,ALL5_LEVELS_bet23_to_bet27,395.3531,395.3531,395.3531,395.3531,395.3531,4.000000,4.000000,4.000000,4.000000,4.000000,96.000000,96.000000,96.000000,96.000000,96.000000,5.0,1976.7655,1824.8244,7907.0621,8059.0032,PENDING_AG03,FALSE,NOT_FOR_ENFORCEMENT,9488.4745,2189415.6736,9883.8276,9488.4745,395.3531,0.00395337,0.00379523,395.3531,9488.4745,0.00379523,395.3531,395.3531,395.3531,395.3531,395.3531,9488.4745,0.00379523,1976.7655,1824.8244,7907.0621,8059.0032,0.00316269,0.00322347,0.00015813,212.5216,219.9480,0.9532,119.0823,2.3972,30121.7335,124.9277,49.0469,238.9093,36.5364,75.9244,374.9013,749.8027,789.266,1183.8989,75.8035,-1.1839,10.395423,15.593133,2.799122,29,215,300,5,0.03207536,0.00395337,0.05088190,0E-8,0.000000,0.912219,0.000000,-0.04848366,2026-03-31,2026-08-01,83,4123,1621,124,0.669355,0.205295,0.230786,0.106918,,,,,,,,GLOBAL_BASELINE_NO_ENTITY_RANKING,,,NOT_APPLICABLE_GLOBAL_BASELINE,HF9g-P5,,,,X 全窗基线 · 不参与实体赏罚,15056125,1506,A168_HF9F_20260827_0900,2026-08-27 09:00:00
2026-06-24,92755421,2224,0,223.9769189886,70.3249563434,70.3249563434,0.7500000,6,6,0.50218230000000000,0.502182300000,0.9912802418570135,0.9912802418570135,0.9912802418570135,0E-17,ELIGIBLE,R03b_20260811_FULL_v1,L1_ELIGIBILITY,v2026-08-11,2026-03-21..2026-08-06,baccarat_bet02_101_all_pairs_incl_sentinel,round_win = game_pnl > 0 (decisive only),COMPATIBILITY_ONLY_NOT_PRODUCTION,2500103.8841,2280641.3266,9883.8276,11764,10369,-0.00395337,-0.05088190,-0.00239824,-0.00395337,-9883.8276,2500103.8841,OK,0.0000,395.3531,4.0000,96.0000,AG03-UNRESOLVED,ALL5_LEVELS_bet23_to_bet27,395.3531,395.3531,395.3531,395.3531,395.3531,4.000000,4.000000,4.000000,4.000000,4.000000,96.000000,96.000000,96.000000,96.000000,96.000000,5.0,1976.7655,1824.8244,7907.0621,8059.0032,PENDING_AG03,FALSE,NOT_FOR_ENFORCEMENT,9488.4745,2189415.6736,9883.8276,9488.4745,395.3531,0.00395337,0.00379523,395.3531,9488.4745,0.00379523,395.3531,395.3531,395.3531,395.3531,395.3531,9488.4745,0.00379523,1976.7655,1824.8244,7907.0621,8059.0032,0.00316269,0.00322347,0.00015813,212.5216,219.9480,0.9532,119.0823,2.3972,30121.7335,124.9277,49.0469,238.9093,36.5364,75.9244,374.9013,749.8027,789.266,1183.8989,75.8035,-1.1839,10.395423,15.593133,2.799122,29,215,300,5,0.03207536,0.00395337,0.05088190,0E-8,0.000000,0.912219,0.000000,-0.04848366,2026-03-31,2026-08-01,83,4123,1621,124,0.669355,0.205295,0.230786,0.106918,,,,,,,,GLOBAL_BASELINE_NO_ENTITY_RANKING,,,NOT_APPLICABLE_GLOBAL_BASELINE,HF9g-P5,,,,X 全窗基线 · 不参与实体赏罚,15056126,1506,A168_HF9F_20260827_0900,2026-08-27 09:00:00
2026-06-24,92755421,2229,0,303.6975172728,-303.6975172728,-303.6975172728,0E-7,4,4,0.50329940000000000,0.503299400000,-2.013241432932159,-2.013241432932159,-2.013241432932159,0E-17,ELIGIBLE,R03b_20260811_FULL_v1,L1_ELIGIBILITY,v2026-08-11,2026-03-21..2026-08-06,baccarat_bet02_101_all_pairs_incl_sentinel,round_win = game_pnl > 0 (decisive only),COMPATIBILITY_ONLY_NOT_PRODUCTION,2500103.8841,2280641.3266,9883.8276,11764,10369,-0.00395337,-0.05088190,-0.00239824,-0.00395337,-9883.8276,2500103.8841,OK,0.0000,395.3531,4.0000,96.0000,AG03-UNRESOLVED,ALL5_LEVELS_bet23_to_bet27,395.3531,395.3531,395.3531,395.3531,395.3531,4.000000,4.000000,4.000000,4.000000,4.000000,96.000000,96.000000,96.000000,96.000000,96.000000,5.0,1976.7655,1824.8244,7907.0621,8059.0032,PENDING_AG03,FALSE,NOT_FOR_ENFORCEMENT,9488.4745,2189415.6736,9883.8276,9488.4745,395.3531,0.00395337,0.00379523,395.3531,9488.4745,0.00379523,395.3531,395.3531,395.3531,395.3531,395.3531,9488.4745,0.00379523,1976.7655,1824.8244,7907.0621,8059.0032,0.00316269,0.00322347,0.00015813,212.5216,219.9480,0.9532,119.0823,2.3972,30121.7335,124.9277,49.0469,238.9093,36.5364,75.9244,374.9013,749.8027,789.266,1183.8989,75.8035,-1.1839,10.395423,15.593133,2.799122,29,215,300,5,0.03207536,0.00395337,0.05088190,0E-8,0.000000,0.912219,0.000000,-0.04848366,2026-03-31,2026-08-01,83,4123,1621,124,0.669355,0.205295,0.230786,0.106918,,,,,,,,GLOBAL_BASELINE_NO_ENTITY_RANKING,,,NOT_APPLICABLE_GLOBAL_BASELINE,HF9g-P5,,,,X 全窗基线 · 不参与实体赏罚,15056127,1506,A168_HF9F_20260827_0900,2026-08-27 09:00:00
2026-06-24,92755421,2235,0,37.9621896591,-37.9621896591,-37.9621896591,0E-7,1,1,0.50665070000000000,0.506650700000,-1.013391052207602,-1.013391052207602,-1.013391052207602,0E-17,ELIGIBLE,R03b_20260811_FULL_v1,L1_ELIGIBILITY,v2026-08-11,2026-03-21..2026-08-06,baccarat_bet02_101_all_pairs_incl_sentinel,round_win = game_pnl > 0 (decisive only),COMPATIBILITY_ONLY_NOT_PRODUCTION,2500103.8841,2280641.3266,9883.8276,11764,10369,-0.00395337,-0.05088190,-0.00239824,-0.00395337,-9883.8276,2500103.8841,OK,0.0000,395.3531,4.0000,96.0000,AG03-UNRESOLVED,ALL5_LEVELS_bet23_to_bet27,395.3531,395.3531,395.3531,395.3531,395.3531,4.000000,4.000000,4.000000,4.000000,4.000000,96.000000,96.000000,96.000000,96.000000,96.000000,5.0,1976.7655,1824.8244,7907.0621,8059.0032,PENDING_AG03,FALSE,NOT_FOR_ENFORCEMENT,9488.4745,2189415.6736,9883.8276,9488.4745,395.3531,0.00395337,0.00379523,395.3531,9488.4745,0.00379523,395.3531,395.3531,395.3531,395.3531,395.3531,9488.4745,0.00379523,1976.7655,1824.8244,7907.0621,8059.0032,0.00316269,0.00322347,0.00015813,212.5216,219.9480,0.9532,119.0823,2.3972,30121.7335,124.9277,49.0469,238.9093,36.5364,75.9244,374.9013,749.8027,789.266,1183.8989,75.8035,-1.1839,10.395423,15.593133,2.799122,29,215,300,5,0.03207536,0.00395337,0.05088190,0E-8,0.000000,0.912219,0.000000,-0.04848366,2026-03-31,2026-08-01,83,4123,1621,124,0.669355,0.205295,0.230786,0.106918,,,,,,,,GLOBAL_BASELINE_NO_ENTITY_RANKING,,,NOT_APPLICABLE_GLOBAL_BASELINE,HF9g-P5,,,,X 全窗基线 · 不参与实体赏罚,15056128,1506,A168_HF9F_20260827_0900,2026-08-27 09:00:00
2026-06-24,92755421,2241,0,299.9012983069,0E-10,0E-10,0.5000000,4,4,0.49659680000000000,0.496596800000,0.013613115331600182,0.013613115331600183,0.013613115331600182,0E-17,ELIGIBLE,R03b_20260811_FULL_v1,L1_ELIGIBILITY,v2026-08-11,2026-03-21..2026-08-06,baccarat_bet02_101_all_pairs_incl_sentinel,round_win = game_pnl > 0 (decisive only),COMPATIBILITY_ONLY_NOT_PRODUCTION,2500103.8841,2280641.3266,9883.8276,11764,10369,-0.00395337,-0.05088190,-0.00239824,-0.00395337,-9883.8276,2500103.8841,OK,0.0000,395.3531,4.0000,96.0000,AG03-UNRESOLVED,ALL5_LEVELS_bet23_to_bet27,395.3531,395.3531,395.3531,395.3531,395.3531,4.000000,4.000000,4.000000,4.000000,4.000000,96.000000,96.000000,96.000000,96.000000,96.000000,5.0,1976.7655,1824.8244,7907.0621,8059.0032,PENDING_AG03,FALSE,NOT_FOR_ENFORCEMENT,9488.4745,2189415.6736,9883.8276,9488.4745,395.3531,0.00395337,0.00379523,395.3531,9488.4745,0.00379523,395.3531,395.3531,395.3531,395.3531,395.3531,9488.4745,0.00379523,1976.7655,1824.8244,7907.0621,8059.0032,0.00316269,0.00322347,0.00015813,212.5216,219.9480,0.9532,119.0823,2.3972,30121.7335,124.9277,49.0469,238.9093,36.5364,75.9244,374.9013,749.8027,789.266,1183.8989,75.8035,-1.1839,10.395423,15.593133,2.799122,29,215,300,5,0.03207536,0.00395337,0.05088190,0E-8,0.000000,0.912219,0.000000,-0.04848366,2026-03-31,2026-08-01,83,4123,1621,124,0.669355,0.205295,0.230786,0.106918,,,,,,,,GLOBAL_BASELINE_NO_ENTITY_RANKING,,,NOT_APPLICABLE_GLOBAL_BASELINE,HF9g-P5,,,,X 全窗基线 · 不参与实体赏罚,15056129,1506,A168_HF9F_20260827_0900,2026-08-27 09:00:00
2026-06-24,92755421,2256,0,151.8487586364,0E-10,0E-10,0.5000000,2,2,0.49324550000000000,0.493245500000,0.01910635448239258,0.01910635448239258,0.01910635448239258,0E-17,ELIGIBLE,R03b_20260811_FULL_v1,L1_ELIGIBILITY,v2026-08-11,2026-03-21..2026-08-06,baccarat_bet02_101_all_pairs_incl_sentinel,round_win = game_pnl > 0 (decisive only),COMPATIBILITY_ONLY_NOT_PRODUCTION,2500103.8841,2280641.3266,9883.8276,11764,10369,-0.00395337,-0.05088190,-0.00239824,-0.00395337,-9883.8276,2500103.8841,OK,0.0000,395.3531,4.0000,96.0000,AG03-UNRESOLVED,ALL5_LEVELS_bet23_to_bet27,395.3531,395.3531,395.3531,395.3531,395.3531,4.000000,4.000000,4.000000,4.000000,4.000000,96.000000,96.000000,96.000000,96.000000,96.000000,5.0,1976.7655,1824.8244,7907.0621,8059.0032,PENDING_AG03,FALSE,NOT_FOR_ENFORCEMENT,9488.4745,2189415.6736,9883.8276,9488.4745,395.3531,0.00395337,0.00379523,395.3531,9488.4745,0.00379523,395.3531,395.3531,395.3531,395.3531,395.3531,9488.4745,0.00379523,1976.7655,1824.8244,7907.0621,8059.0032,0.00316269,0.00322347,0.00015813,212.5216,219.9480,0.9532,119.0823,2.3972,30121.7335,124.9277,49.0469,238.9093,36.5364,75.9244,374.9013,749.8027,789.266,1183.8989,75.8035,-1.1839,10.395423,15.593133,2.799122,29,215,300,5,0.03207536,0.00395337,0.05088190,0E-8,0.000000,0.912219,0.000000,-0.04848366,2026-03-31,2026-08-01,83,4123,1621,124,0.669355,0.205295,0.230786,0.106918,,,,,,,,GLOBAL_BASELINE_NO_ENTITY_RANKING,,,NOT_APPLICABLE_GLOBAL_BASELINE,HF9g-P5,,,,X 全窗基线 · 不参与实体赏罚,15056130,1506,A168_HF9F_20260827_0900,2026-08-27 09:00:00
2026-06-24,92755421,2267,0,37.9621896591,-37.9621896591,-37.9621896591,0E-7,1,1,0.49324550000000000,0.493245500000,-0.9865810262130424,-0.9865810262130424,-0.9865810262130424,0E-17,ELIGIBLE,R03b_20260811_FULL_v1,L1_ELIGIBILITY,v2026-08-11,2026-03-21..2026-08-06,baccarat_bet02_101_all_pairs_incl_sentinel,round_win = game_pnl > 0 (decisive only),COMPATIBILITY_ONLY_NOT_PRODUCTION,2500103.8841,2280641.3266,9883.8276,11764,10369,-0.00395337,-0.05088190,-0.00239824,-0.00395337,-9883.8276,2500103.8841,OK,0.0000,395.3531,4.0000,96.0000,AG03-UNRESOLVED,ALL5_LEVELS_bet23_to_bet27,395.3531,395.3531,395.3531,395.3531,395.3531,4.000000,4.000000,4.000000,4.000000,4.000000,96.000000,96.000000,96.000000,96.000000,96.000000,5.0,1976.7655,1824.8244,7907.0621,8059.0032,PENDING_AG03,FALSE,NOT_FOR_ENFORCEMENT,9488.4745,2189415.6736,9883.8276,9488.4745,395.3531,0.00395337,0.00379523,395.3531,9488.4745,0.00379523,395.3531,395.3531,395.3531,395.3531,395.3531,9488.4745,0.00379523,1976.7655,1824.8244,7907.0621,8059.0032,0.00316269,0.00322347,0.00015813,212.5216,219.9480,0.9532,119.0823,2.3972,30121.7335,124.9277,49.0469,238.9093,36.5364,75.9244,374.9013,749.8027,789.266,1183.8989,75.8035,-1.1839,10.395423,15.593133,2.799122,29,215,300,5,0.03207536,0.00395337,0.05088190,0E-8,0.000000,0.912219,0.000000,-0.04848366,2026-03-31,2026-08-01,83,4123,1621,124,0.669355,0.205295,0.230786,0.106918,,,,,,,,GLOBAL_BASELINE_NO_ENTITY_RANKING,,,NOT_APPLICABLE_GLOBAL_BASELINE,HF9g-P5,,,,X 全窗基线 · 不参与实体赏罚,15056131,1506,A168_HF9F_20260827_0900,2026-08-27 09:00:00
2026-06-24,92755421,462,0,113.8865689773,-113.8865689773,-113.8865689773,0E-7,2,2,0.49994810000000000,0.499948100000,-1.4140667746232096,-1.4140667746232096,-1.4140667746232096,0E-17,ELIGIBLE,R03b_20260811_FULL_v1,L1_ELIGIBILITY,v2026-08-11,2026-03-21..2026-08-06,baccarat_bet02_101_all_pairs_incl_sentinel,round_win = game_pnl > 0 (decisive only),COMPATIBILITY_ONLY_NOT_PRODUCTION,2500103.8841,2280641.3266,9883.8276,11764,10369,-0.00395337,-0.05088190,-0.00239824,-0.00395337,-9883.8276,2500103.8841,OK,0.0000,395.3531,4.0000,96.0000,AG03-UNRESOLVED,ALL5_LEVELS_bet23_to_bet27,395.3531,395.3531,395.3531,395.3531,395.3531,4.000000,4.000000,4.000000,4.000000,4.000000,96.000000,96.000000,96.000000,96.000000,96.000000,5.0,1976.7655,1824.8244,7907.0621,8059.0032,PENDING_AG03,FALSE,NOT_FOR_ENFORCEMENT,9488.4745,2189415.6736,9883.8276,9488.4745,395.3531,0.00395337,0.00379523,395.3531,9488.4745,0.00379523,395.3531,395.3531,395.3531,395.3531,395.3531,9488.4745,0.00379523,1976.7655,1824.8244,7907.0621,8059.0032,0.00316269,0.00322347,0.00015813,212.5216,219.9480,0.9532,119.0823,2.3972,30121.7335,124.9277,49.0469,238.9093,36.5364,75.9244,374.9013,749.8027,789.266,1183.8989,75.8035,-1.1839,10.395423,15.593133,2.799122,29,215,300,5,0.03207536,0.00395337,0.05088190,0E-8,0.000000,0.912219,0.000000,-0.04848366,2026-03-31,2026-08-01,83,4123,1621,124,0.669355,0.205295,0.230786,0.106918,,,,,,,,GLOBAL_BASELINE_NO_ENTITY_RANKING,,,NOT_APPLICABLE_GLOBAL_BASELINE,HF9g-P5,,,,X 全窗基线 · 不参与实体赏罚,15056132,1506,A168_HF9F_20260827_0900,2026-08-27 09:00:00
2026-06-24,92755421,529,0,227.7731379546,-79.7205982841,-79.7205982841,0.3333333,3,3,0.50665070000000000,0.506650700000,-0.6004420894325239,-0.6004420894325239,-0.6004420894325239,0E-17,ELIGIBLE,R03b_20260811_FULL_v1,L1_ELIGIBILITY,v2026-08-11,2026-03-21..2026-08-06,baccarat_bet02_101_all_pairs_incl_sentinel,round_win = game_pnl > 0 (decisive only),COMPATIBILITY_ONLY_NOT_PRODUCTION,2500103.8841,2280641.3266,9883.8276,11764,10369,-0.00395337,-0.05088190,-0.00239824,-0.00395337,-9883.8276,2500103.8841,OK,0.0000,395.3531,4.0000,96.0000,AG03-UNRESOLVED,ALL5_LEVELS_bet23_to_bet27,395.3531,395.3531,395.3531,395.3531,395.3531,4.000000,4.000000,4.000000,4.000000,4.000000,96.000000,96.000000,96.000000,96.000000,96.000000,5.0,1976.7655,1824.8244,7907.0621,8059.0032,PENDING_AG03,FALSE,NOT_FOR_ENFORCEMENT,9488.4745,2189415.6736,9883.8276,9488.4745,395.3531,0.00395337,0.00379523,395.3531,9488.4745,0.00379523,395.3531,395.3531,395.3531,395.3531,395.3531,9488.4745,0.00379523,1976.7655,1824.8244,7907.0621,8059.0032,0.00316269,0.00322347,0.00015813,212.5216,219.9480,0.9532,119.0823,2.3972,30121.7335,124.9277,49.0469,238.9093,36.5364,75.9244,374.9013,749.8027,789.266,1183.8989,75.8035,-1.1839,10.395423,15.593133,2.799122,29,215,300,5,0.03207536,0.00395337,0.05088190,0E-8,0.000000,0.912219,0.000000,-0.04848366,2026-03-31,2026-08-01,83,4123,1621,124,0.669355,0.205295,0.230786,0.106918,,,,,,,,GLOBAL_BASELINE_NO_ENTITY_RANKING,,,NOT_APPLICABLE_GLOBAL_BASELINE,HF9g-P5,,,,X 全窗基线 · 不参与实体赏罚,15056133,1506,A168_HF9F_20260827_0900,2026-08-27 09:00:00
2026-06-24,92755421,752,0,151.8487586364,0E-10,0E-10,0.5000000,2,2,0.49994810000000000,0.499948100000,0.00014679536856514622,0.00014679536856514622,0.00014679536856514622,0E-17,ELIGIBLE,R03b_20260811_FULL_v1,L1_ELIGIBILITY,v2026-08-11,2026-03-21..2026-08-06,baccarat_bet02_101_all_pairs_incl_sentinel,round_win = game_pnl > 0 (decisive only),COMPATIBILITY_ONLY_NOT_PRODUCTION,2500103.8841,2280641.3266,9883.8276,11764,10369,-0.00395337,-0.05088190,-0.00239824,-0.00395337,-9883.8276,2500103.8841,OK,0.0000,395.3531,4.0000,96.0000,AG03-UNRESOLVED,ALL5_LEVELS_bet23_to_bet27,395.3531,395.3531,395.3531,395.3531,395.3531,4.000000,4.000000,4.000000,4.000000,4.000000,96.000000,96.000000,96.000000,96.000000,96.000000,5.0,1976.7655,1824.8244,7907.0621,8059.0032,PENDING_AG03,FALSE,NOT_FOR_ENFORCEMENT,9488.4745,2189415.6736,9883.8276,9488.4745,395.3531,0.00395337,0.00379523,395.3531,9488.4745,0.00379523,395.3531,395.3531,395.3531,395.3531,395.3531,9488.4745,0.00379523,1976.7655,1824.8244,7907.0621,8059.0032,0.00316269,0.00322347,0.00015813,212.5216,219.9480,0.9532,119.0823,2.3972,30121.7335,124.9277,49.0469,238.9093,36.5364,75.9244,374.9013,749.8027,789.266,1183.8989,75.8035,-1.1839,10.395423,15.593133,2.799122,29,215,300,5,0.03207536,0.00395337,0.05088190,0E-8,0.000000,0.912219,0.000000,-0.04848366,2026-03-31,2026-08-01,83,4123,1621,124,0.669355,0.205295,0.230786,0.106918,,,,,,,,GLOBAL_BASELINE_NO_ENTITY_RANKING,,,NOT_APPLICABLE_GLOBAL_BASELINE,HF9g-P5,,,,X 全窗基线 · 不参与实体赏罚,15056134,1506,A168_HF9F_20260827_0900,2026-08-27 09:00:00
2026-06-24,92755421,763,0,149.9506491534,75.9243793182,75.9243793182,0.7500000,4,4,0.49994810000000000,0.499948100000,1.0002076053883384,1.0002076053883384,1.0002076053883384,0E-17,ELIGIBLE,R03b_20260811_FULL_v1,L1_ELIGIBILITY,v2026-08-11,2026-03-21..2026-08-06,baccarat_bet02_101_all_pairs_incl_sentinel,round_win = game_pnl > 0 (decisive only),COMPATIBILITY_ONLY_NOT_PRODUCTION,2500103.8841,2280641.3266,9883.8276,11764,10369,-0.00395337,-0.05088190,-0.00239824,-0.00395337,-9883.8276,2500103.8841,OK,0.0000,395.3531,4.0000,96.0000,AG03-UNRESOLVED,ALL5_LEVELS_bet23_to_bet27,395.3531,395.3531,395.3531,395.3531,395.3531,4.000000,4.000000,4.000000,4.000000,4.000000,96.000000,96.000000,96.000000,96.000000,96.000000,5.0,1976.7655,1824.8244,7907.0621,8059.0032,PENDING_AG03,FALSE,NOT_FOR_ENFORCEMENT,9488.4745,2189415.6736,9883.8276,9488.4745,395.3531,0.00395337,0.00379523,395.3531,9488.4745,0.00379523,395.3531,395.3531,395.3531,395.3531,395.3531,9488.4745,0.00379523,1976.7655,1824.8244,7907.0621,8059.0032,0.00316269,0.00322347,0.00015813,212.5216,219.9480,0.9532,119.0823,2.3972,30121.7335,124.9277,49.0469,238.9093,36.5364,75.9244,374.9013,749.8027,789.266,1183.8989,75.8035,-1.1839,10.395423,15.593133,2.799122,29,215,300,5,0.03207536,0.00395337,0.05088190,0E-8,0.000000,0.912219,0.000000,-0.04848366,2026-03-31,2026-08-01,83,4123,1621,124,0.669355,0.205295,0.230786,0.106918,,,,,,,,GLOBAL_BASELINE_NO_ENTITY_RANKING,,,NOT_APPLICABLE_GLOBAL_BASELINE,HF9g-P5,,,,X 全窗基线 · 不参与实体赏罚,15056135,1506,A168_HF9F_20260827_0900,2026-08-27 09:00:00
2026-06-24,92755421,986,0,542.8593121251,53.5266874193,53.5266874193,0.5714286,8,8,0.49994810000000000,0.499948100000,0.37823910403297295,0.37823910403297295,0.37823910403297295,0E-17,ELIGIBLE,R03b_20260811_FULL_v1,L1_ELIGIBILITY,v2026-08-11,2026-03-21..2026-08-06,baccarat_bet02_101_all_pairs_incl_sentinel,round_win = game_pnl > 0 (decisive only),COMPATIBILITY_ONLY_NOT_PRODUCTION,2500103.8841,2280641.3266,9883.8276,11764,10369,-0.00395337,-0.05088190,-0.00239824,-0.00395337,-9883.8276,2500103.8841,OK,0.0000,395.3531,4.0000,96.0000,AG03-UNRESOLVED,ALL5_LEVELS_bet23_to_bet27,395.3531,395.3531,395.3531,395.3531,395.3531,4.000000,4.000000,4.000000,4.000000,4.000000,96.000000,96.000000,96.000000,96.000000,96.000000,5.0,1976.7655,1824.8244,7907.0621,8059.0032,PENDING_AG03,FALSE,NOT_FOR_ENFORCEMENT,9488.4745,2189415.6736,9883.8276,9488.4745,395.3531,0.00395337,0.00379523,395.3531,9488.4745,0.00379523,395.3531,395.3531,395.3531,395.3531,395.3531,9488.4745,0.00379523,1976.7655,1824.8244,7907.0621,8059.0032,0.00316269,0.00322347,0.00015813,212.5216,219.9480,0.9532,119.0823,2.3972,30121.7335,124.9277,49.0469,238.9093,36.5364,75.9244,374.9013,749.8027,789.266,1183.8989,75.8035,-1.1839,10.395423,15.593133,2.799122,29,215,300,5,0.03207536,0.00395337,0.05088190,0E-8,0.000000,0.912219,0.000000,-0.04848366,2026-03-31,2026-08-01,83,4123,1621,124,0.669355,0.205295,0.230786,0.106918,,,,,,,,GLOBAL_BASELINE_NO_ENTITY_RANKING,,,NOT_APPLICABLE_GLOBAL_BASELINE,HF9g-P5,,,,X 全窗基线 · 不参与实体赏罚,15056136,1506,A168_HF9F_20260827_0900,2026-08-27 09:00:00
2026-06-24,92755421,989,0,151.8487586364,0E-10,0E-10,0.5000000,2,2,0.49994810000000000,0.499948100000,0.00014679536856514622,0.00014679536856514622,0.00014679536856514622,0E-17,ELIGIBLE,R03b_20260811_FULL_v1,L1_ELIGIBILITY,v2026-08-11,2026-03-21..2026-08-06,baccarat_bet02_101_all_pairs_incl_sentinel,round_win = game_pnl > 0 (decisive only),COMPATIBILITY_ONLY_NOT_PRODUCTION,2500103.8841,2280641.3266,9883.8276,11764,10369,-0.00395337,-0.05088190,-0.00239824,-0.00395337,-9883.8276,2500103.8841,OK,0.0000,395.3531,4.0000,96.0000,AG03-UNRESOLVED,ALL5_LEVELS_bet23_to_bet27,395.3531,395.3531,395.3531,395.3531,395.3531,4.000000,4.000000,4.000000,4.000000,4.000000,96.000000,96.000000,96.000000,96.000000,96.000000,5.0,1976.7655,1824.8244,7907.0621,8059.0032,PENDING_AG03,FALSE,NOT_FOR_ENFORCEMENT,9488.4745,2189415.6736,9883.8276,9488.4745,395.3531,0.00395337,0.00379523,395.3531,9488.4745,0.00379523,395.3531,395.3531,395.3531,395.3531,395.3531,9488.4745,0.00379523,1976.7655,1824.8244,7907.0621,8059.0032,0.00316269,0.00322347,0.00015813,212.5216,219.9480,0.9532,119.0823,2.3972,30121.7335,124.9277,49.0469,238.9093,36.5364,75.9244,374.9013,749.8027,789.266,1183.8989,75.8035,-1.1839,10.395423,15.593133,2.799122,29,215,300,5,0.03207536,0.00395337,0.05088190,0E-8,0.000000,0.912219,0.000000,-0.04848366,2026-03-31,2026-08-01,83,4123,1621,124,0.669355,0.205295,0.230786,0.106918,,,,,,,,GLOBAL_BASELINE_NO_ENTITY_RANKING,,,NOT_APPLICABLE_GLOBAL_BASELINE,HF9g-P5,,,,X 全窗基线 · 不参与实体赏罚,15056137,1506,A168_HF9F_20260827_0900,2026-08-27 09:00:00
2026-06-24,92755421,994,0,269.5315465796,-269.5315465796,-269.5315465796,0E-7,6,5,0.49932379523810689,0.455188080000,-2.2330459400054936,-2.0438882266544747,-2.2330459400054936,0.04413571523810689,ELIGIBLE,R03b_20260811_FULL_v1,L1_ELIGIBILITY,v2026-08-11,2026-03-21..2026-08-06,baccarat_bet02_101_all_pairs_incl_sentinel,round_win = game_pnl > 0 (decisive only),COMPATIBILITY_ONLY_NOT_PRODUCTION,2500103.8841,2280641.3266,9883.8276,11764,10369,-0.00395337,-0.05088190,-0.00239824,-0.00395337,-9883.8276,2500103.8841,OK,0.0000,395.3531,4.0000,96.0000,AG03-UNRESOLVED,ALL5_LEVELS_bet23_to_bet27,395.3531,395.3531,395.3531,395.3531,395.3531,4.000000,4.000000,4.000000,4.000000,4.000000,96.000000,96.000000,96.000000,96.000000,96.000000,5.0,1976.7655,1824.8244,7907.0621,8059.0032,PENDING_AG03,FALSE,NOT_FOR_ENFORCEMENT,9488.4745,2189415.6736,9883.8276,9488.4745,395.3531,0.00395337,0.00379523,395.3531,9488.4745,0.00379523,395.3531,395.3531,395.3531,395.3531,395.3531,9488.4745,0.00379523,1976.7655,1824.8244,7907.0621,8059.0032,0.00316269,0.00322347,0.00015813,212.5216,219.9480,0.9532,119.0823,2.3972,30121.7335,124.9277,49.0469,238.9093,36.5364,75.9244,374.9013,749.8027,789.266,1183.8989,75.8035,-1.1839,10.395423,15.593133,2.799122,29,215,300,5,0.03207536,0.00395337,0.05088190,0E-8,0.000000,0.912219,0.000000,-0.04848366,2026-03-31,2026-08-01,83,4123,1621,124,0.669355,0.205295,0.230786,0.106918,,,,,,,,GLOBAL_BASELINE_NO_ENTITY_RANKING,,,NOT_APPLICABLE_GLOBAL_BASELINE,HF9g-P5,,,,X 全窗基线 · 不参与实体赏罚,15056138,1506,A168_HF9F_20260827_0900,2026-08-27 09:00:00
2026-06-25,92755421,-1,1,2917.0146534052,296.0481360566,296.0481360566,0.5675676,43,39,0.49960295970079143,0.476478658974,0.8268254009200808,1.1093726086451858,0.8268254009200808,0.02312430072679143,SENTINEL_DEALER,R03b_20260811_FULL_v1,L1_ELIGIBILITY,v2026-08-11,2026-03-21..2026-08-06,baccarat_bet02_101_all_pairs_incl_sentinel,round_win = game_pnl > 0 (decisive only),COMPATIBILITY_ONLY_NOT_PRODUCTION,2500103.8841,2280641.3266,9883.8276,11764,10369,-0.00395337,-0.05088190,-0.00239824,-0.00395337,-9883.8276,2500103.8841,OK,0.0000,395.3531,4.0000,96.0000,AG03-UNRESOLVED,ALL5_LEVELS_bet23_to_bet27,395.3531,395.3531,395.3531,395.3531,395.3531,4.000000,4.000000,4.000000,4.000000,4.000000,96.000000,96.000000,96.000000,96.000000,96.000000,5.0,1976.7655,1824.8244,7907.0621,8059.0032,PENDING_AG03,FALSE,NOT_FOR_ENFORCEMENT,9488.4745,2189415.6736,9883.8276,9488.4745,395.3531,0.00395337,0.00379523,395.3531,9488.4745,0.00379523,395.3531,395.3531,395.3531,395.3531,395.3531,9488.4745,0.00379523,1976.7655,1824.8244,7907.0621,8059.0032,0.00316269,0.00322347,0.00015813,212.5216,219.9480,0.9532,119.0823,2.3972,30121.7335,124.9277,49.0469,238.9093,36.5364,75.9244,374.9013,749.8027,789.266,1183.8989,75.8035,-1.1839,10.395423,15.593133,2.799122,29,215,300,5,0.03207536,0.00395337,0.05088190,0E-8,0.000000,0.912219,0.000000,-0.04848366,2026-03-31,2026-08-01,83,4123,1621,124,0.669355,0.205295,0.230786,0.106918,,,,,,,,GLOBAL_BASELINE_NO_ENTITY_RANKING,,,NOT_APPLICABLE_GLOBAL_BASELINE,HF9g-P5,,,,X 全窗基线 · 不参与实体赏罚,15056139,1506,A168_HF9F_20260827_0900,2026-08-27 09:00:00
2026-06-25,92755421,1017,0,148.0525396705,0E-10,0E-10,0.5000000,2,2,0.49994810000000000,0.499948100000,0.00014679536856514622,0.00014679536856514622,0.00014679536856514622,0E-17,ELIGIBLE,R03b_20260811_FULL_v1,L1_ELIGIBILITY,v2026-08-11,2026-03-21..2026-08-06,baccarat_bet02_101_all_pairs_incl_sentinel,round_win = game_pnl > 0 (decisive only),COMPATIBILITY_ONLY_NOT_PRODUCTION,2500103.8841,2280641.3266,9883.8276,11764,10369,-0.00395337,-0.05088190,-0.00239824,-0.00395337,-9883.8276,2500103.8841,OK,0.0000,395.3531,4.0000,96.0000,AG03-UNRESOLVED,ALL5_LEVELS_bet23_to_bet27,395.3531,395.3531,395.3531,395.3531,395.3531,4.000000,4.000000,4.000000,4.000000,4.000000,96.000000,96.000000,96.000000,96.000000,96.000000,5.0,1976.7655,1824.8244,7907.0621,8059.0032,PENDING_AG03,FALSE,NOT_FOR_ENFORCEMENT,9488.4745,2189415.6736,9883.8276,9488.4745,395.3531,0.00395337,0.00379523,395.3531,9488.4745,0.00379523,395.3531,395.3531,395.3531,395.3531,395.3531,9488.4745,0.00379523,1976.7655,1824.8244,7907.0621,8059.0032,0.00316269,0.00322347,0.00015813,212.5216,219.9480,0.9532,119.0823,2.3972,30121.7335,124.9277,49.0469,238.9093,36.5364,75.9244,374.9013,749.8027,789.266,1183.8989,75.8035,-1.1839,10.395423,15.593133,2.799122,29,215,300,5,0.03207536,0.00395337,0.05088190,0E-8,0.000000,0.912219,0.000000,-0.04848366,2026-03-31,2026-08-01,83,4123,1621,124,0.669355,0.205295,0.230786,0.106918,,,,,,,,GLOBAL_BASELINE_NO_ENTITY_RANKING,,,NOT_APPLICABLE_GLOBAL_BASELINE,HF9g-P5,,,,X 全窗基线 · 不参与实体赏罚,15056140,1506,A168_HF9F_20260827_0900,2026-08-27 09:00:00
2026-06-25,92755421,1151,0,79.7205982841,-79.7205982841,-79.7205982841,0E-7,2,1,0.47065451904767572,0.256040200000,-0.9429344687667368,-0.5866503638730671,-0.9429344687667368,0.21461431904767572,ELIGIBLE,R03b_20260811_FULL_v1,L1_ELIGIBILITY,v2026-08-11,2026-03-21..2026-08-06,baccarat_bet02_101_all_pairs_incl_sentinel,round_win = game_pnl > 0 (decisive only),COMPATIBILITY_ONLY_NOT_PRODUCTION,2500103.8841,2280641.3266,9883.8276,11764,10369,-0.00395337,-0.05088190,-0.00239824,-0.00395337,-9883.8276,2500103.8841,OK,0.0000,395.3531,4.0000,96.0000,AG03-UNRESOLVED,ALL5_LEVELS_bet23_to_bet27,395.3531,395.3531,395.3531,395.3531,395.3531,4.000000,4.000000,4.000000,4.000000,4.000000,96.000000,96.000000,96.000000,96.000000,96.000000,5.0,1976.7655,1824.8244,7907.0621,8059.0032,PENDING_AG03,FALSE,NOT_FOR_ENFORCEMENT,9488.4745,2189415.6736,9883.8276,9488.4745,395.3531,0.00395337,0.00379523,395.3531,9488.4745,0.00379523,395.3531,395.3531,395.3531,395.3531,395.3531,9488.4745,0.00379523,1976.7655,1824.8244,7907.0621,8059.0032,0.00316269,0.00322347,0.00015813,212.5216,219.9480,0.9532,119.0823,2.3972,30121.7335,124.9277,49.0469,238.9093,36.5364,75.9244,374.9013,749.8027,789.266,1183.8989,75.8035,-1.1839,10.395423,15.593133,2.799122,29,215,300,5,0.03207536,0.00395337,0.05088190,0E-8,0.000000,0.912219,0.000000,-0.04848366,2026-03-31,2026-08-01,83,4123,1621,124,0.669355,0.205295,0.230786,0.106918,,,,,,,,GLOBAL_BASELINE_NO_ENTITY_RANKING,,,NOT_APPLICABLE_GLOBAL_BASELINE,HF9g-P5,,,,X 全窗基线 · 不参与实体赏罚,15056141,1506,A168_HF9F_20260827_0900,2026-08-27 09:00:00
2026-06-25,92755421,1221,0,148.0525396705,0E-10,0E-10,0.5000000,2,2,0.49994810000000000,0.499948100000,0.00014679536856514622,0.00014679536856514622,0.00014679536856514622,0E-17,ELIGIBLE,R03b_20260811_FULL_v1,L1_ELIGIBILITY,v2026-08-11,2026-03-21..2026-08-06,baccarat_bet02_101_all_pairs_incl_sentinel,round_win = game_pnl > 0 (decisive only),COMPATIBILITY_ONLY_NOT_PRODUCTION,2500103.8841,2280641.3266,9883.8276,11764,10369,-0.00395337,-0.05088190,-0.00239824,-0.00395337,-9883.8276,2500103.8841,OK,0.0000,395.3531,4.0000,96.0000,AG03-UNRESOLVED,ALL5_LEVELS_bet23_to_bet27,395.3531,395.3531,395.3531,395.3531,395.3531,4.000000,4.000000,4.000000,4.000000,4.000000,96.000000,96.000000,96.000000,96.000000,96.000000,5.0,1976.7655,1824.8244,7907.0621,8059.0032,PENDING_AG03,FALSE,NOT_FOR_ENFORCEMENT,9488.4745,2189415.6736,9883.8276,9488.4745,395.3531,0.00395337,0.00379523,395.3531,9488.4745,0.00379523,395.3531,395.3531,395.3531,395.3531,395.3531,9488.4745,0.00379523,1976.7655,1824.8244,7907.0621,8059.0032,0.00316269,0.00322347,0.00015813,212.5216,219.9480,0.9532,119.0823,2.3972,30121.7335,124.9277,49.0469,238.9093,36.5364,75.9244,374.9013,749.8027,789.266,1183.8989,75.8035,-1.1839,10.395423,15.593133,2.799122,29,215,300,5,0.03207536,0.00395337,0.05088190,0E-8,0.000000,0.912219,0.000000,-0.04848366,2026-03-31,2026-08-01,83,4123,1621,124,0.669355,0.205295,0.230786,0.106918,,,,,,,,GLOBAL_BASELINE_NO_ENTITY_RANKING,,,NOT_APPLICABLE_GLOBAL_BASELINE,HF9g-P5,,,,X 全窗基线 · 不参与实体赏罚,15056142,1506,A168_HF9F_20260827_0900,2026-08-27 09:00:00
2026-06-25,92755421,1302,0,49.3508465568,46.8833042290,46.8833042290,1.0000000,1,1,0.50665070000000000,0.506650700000,0.9867858985152569,0.9867858985152569,0.9867858985152569,0E-17,ELIGIBLE,R03b_20260811_FULL_v1,L1_ELIGIBILITY,v2026-08-11,2026-03-21..2026-08-06,baccarat_bet02_101_all_pairs_incl_sentinel,round_win = game_pnl > 0 (decisive only),COMPATIBILITY_ONLY_NOT_PRODUCTION,2500103.8841,2280641.3266,9883.8276,11764,10369,-0.00395337,-0.05088190,-0.00239824,-0.00395337,-9883.8276,2500103.8841,OK,0.0000,395.3531,4.0000,96.0000,AG03-UNRESOLVED,ALL5_LEVELS_bet23_to_bet27,395.3531,395.3531,395.3531,395.3531,395.3531,4.000000,4.000000,4.000000,4.000000,4.000000,96.000000,96.000000,96.000000,96.000000,96.000000,5.0,1976.7655,1824.8244,7907.0621,8059.0032,PENDING_AG03,FALSE,NOT_FOR_ENFORCEMENT,9488.4745,2189415.6736,9883.8276,9488.4745,395.3531,0.00395337,0.00379523,395.3531,9488.4745,0.00379523,395.3531,395.3531,395.3531,395.3531,395.3531,9488.4745,0.00379523,1976.7655,1824.8244,7907.0621,8059.0032,0.00316269,0.00322347,0.00015813,212.5216,219.9480,0.9532,119.0823,2.3972,30121.7335,124.9277,49.0469,238.9093,36.5364,75.9244,374.9013,749.8027,789.266,1183.8989,75.8035,-1.1839,10.395423,15.593133,2.799122,29,215,300,5,0.03207536,0.00395337,0.05088190,0E-8,0.000000,0.912219,0.000000,-0.04848366,2026-03-31,2026-08-01,83,4123,1621,124,0.669355,0.205295,0.230786,0.106918,,,,,,,,GLOBAL_BASELINE_NO_ENTITY_RANKING,,,NOT_APPLICABLE_GLOBAL_BASELINE,HF9g-P5,,,,X 全窗基线 · 不参与实体赏罚,15056143,1506,A168_HF9F_20260827_0900,2026-08-27 09:00:00
2026-06-25,92755421,1304,0,368.2332396933,209.1716650217,209.1716650217,0.8000000,5,5,0.49860758000000000,0.498607580000,1.3478731046594083,1.3478731046594083,1.3478731046594083,0E-17,ELIGIBLE,R03b_20260811_FULL_v1,L1_ELIGIBILITY,v2026-08-11,2026-03-21..2026-08-06,baccarat_bet02_101_all_pairs_incl_sentinel,round_win = game_pnl > 0 (decisive only),COMPATIBILITY_ONLY_NOT_PRODUCTION,2500103.8841,2280641.3266,9883.8276,11764,10369,-0.00395337,-0.05088190,-0.00239824,-0.00395337,-9883.8276,2500103.8841,OK,0.0000,395.3531,4.0000,96.0000,AG03-UNRESOLVED,ALL5_LEVELS_bet23_to_bet27,395.3531,395.3531,395.3531,395.3531,395.3531,4.000000,4.000000,4.000000,4.000000,4.000000,96.000000,96.000000,96.000000,96.000000,96.000000,5.0,1976.7655,1824.8244,7907.0621,8059.0032,PENDING_AG03,FALSE,NOT_FOR_ENFORCEMENT,9488.4745,2189415.6736,9883.8276,9488.4745,395.3531,0.00395337,0.00379523,395.3531,9488.4745,0.00379523,395.3531,395.3531,395.3531,395.3531,395.3531,9488.4745,0.00379523,1976.7655,1824.8244,7907.0621,8059.0032,0.00316269,0.00322347,0.00015813,212.5216,219.9480,0.9532,119.0823,2.3972,30121.7335,124.9277,49.0469,238.9093,36.5364,75.9244,374.9013,749.8027,789.266,1183.8989,75.8035,-1.1839,10.395423,15.593133,2.799122,29,215,300,5,0.03207536,0.00395337,0.05088190,0E-8,0.000000,0.912219,0.000000,-0.04848366,2026-03-31,2026-08-01,83,4123,1621,124,0.669355,0.205295,0.230786,0.106918,,,,,,,,GLOBAL_BASELINE_NO_ENTITY_RANKING,,,NOT_APPLICABLE_GLOBAL_BASELINE,HF9g-P5,,,,X 全窗基线 · 不参与实体赏罚,15056144,1506,A168_HF9F_20260827_0900,2026-08-27 09:00:00
2026-06-25,92755421,1353,0,31.5086174171,-31.5086174171,-31.5086174171,0E-7,2,1,0.47609812891528170,0.256040200000,-0.9532861044532872,-0.5866503638730671,-0.9532861044532872,0.22005792891528170,ELIGIBLE,R03b_20260811_FULL_v1,L1_ELIGIBILITY,v2026-08-11,2026-03-21..2026-08-06,baccarat_bet02_101_all_pairs_incl_sentinel,round_win = game_pnl > 0 (decisive only),COMPATIBILITY_ONLY_NOT_PRODUCTION,2500103.8841,2280641.3266,9883.8276,11764,10369,-0.00395337,-0.05088190,-0.00239824,-0.00395337,-9883.8276,2500103.8841,OK,0.0000,395.3531,4.0000,96.0000,AG03-UNRESOLVED,ALL5_LEVELS_bet23_to_bet27,395.3531,395.3531,395.3531,395.3531,395.3531,4.000000,4.000000,4.000000,4.000000,4.000000,96.000000,96.000000,96.000000,96.000000,96.000000,5.0,1976.7655,1824.8244,7907.0621,8059.0032,PENDING_AG03,FALSE,NOT_FOR_ENFORCEMENT,9488.4745,2189415.6736,9883.8276,9488.4745,395.3531,0.00395337,0.00379523,395.3531,9488.4745,0.00379523,395.3531,395.3531,395.3531,395.3531,395.3531,9488.4745,0.00379523,1976.7655,1824.8244,7907.0621,8059.0032,0.00316269,0.00322347,0.00015813,212.5216,219.9480,0.9532,119.0823,2.3972,30121.7335,124.9277,49.0469,238.9093,36.5364,75.9244,374.9013,749.8027,789.266,1183.8989,75.8035,-1.1839,10.395423,15.593133,2.799122,29,215,300,5,0.03207536,0.00395337,0.05088190,0E-8,0.000000,0.912219,0.000000,-0.04848366,2026-03-31,2026-08-01,83,4123,1621,124,0.669355,0.205295,0.230786,0.106918,,,,,,,,GLOBAL_BASELINE_NO_ENTITY_RANKING,,,NOT_APPLICABLE_GLOBAL_BASELINE,HF9g-P5,,,,X 全窗基线 · 不参与实体赏罚,15056145,1506,A168_HF9F_20260827_0900,2026-08-27 09:00:00
2026-06-25,92755421,1385,0,75.9243793182,-75.9243793182,-75.9243793182,0E-7,1,1,0.49324550000000000,0.493245500000,-0.9865810262130424,-0.9865810262130424,-0.9865810262130424,0E-17,ELIGIBLE,R03b_20260811_FULL_v1,L1_ELIGIBILITY,v2026-08-11,2026-03-21..2026-08-06,baccarat_bet02_101_all_pairs_incl_sentinel,round_win = game_pnl > 0 (decisive only),COMPATIBILITY_ONLY_NOT_PRODUCTION,2500103.8841,2280641.3266,9883.8276,11764,10369,-0.00395337,-0.05088190,-0.00239824,-0.00395337,-9883.8276,2500103.8841,OK,0.0000,395.3531,4.0000,96.0000,AG03-UNRESOLVED,ALL5_LEVELS_bet23_to_bet27,395.3531,395.3531,395.3531,395.3531,395.3531,4.000000,4.000000,4.000000,4.000000,4.000000,96.000000,96.000000,96.000000,96.000000,96.000000,5.0,1976.7655,1824.8244,7907.0621,8059.0032,PENDING_AG03,FALSE,NOT_FOR_ENFORCEMENT,9488.4745,2189415.6736,9883.8276,9488.4745,395.3531,0.00395337,0.00379523,395.3531,9488.4745,0.00379523,395.3531,395.3531,395.3531,395.3531,395.3531,9488.4745,0.00379523,1976.7655,1824.8244,7907.0621,8059.0032,0.00316269,0.00322347,0.00015813,212.5216,219.9480,0.9532,119.0823,2.3972,30121.7335,124.9277,49.0469,238.9093,36.5364,75.9244,374.9013,749.8027,789.266,1183.8989,75.8035,-1.1839,10.395423,15.593133,2.799122,29,215,300,5,0.03207536,0.00395337,0.05088190,0E-8,0.000000,0.912219,0.000000,-0.04848366,2026-03-31,2026-08-01,83,4123,1621,124,0.669355,0.205295,0.230786,0.106918,,,,,,,,GLOBAL_BASELINE_NO_ENTITY_RANKING,,,NOT_APPLICABLE_GLOBAL_BASELINE,HF9g-P5,,,,X 全窗基线 · 不参与实体赏罚,15056146,1506,A168_HF9F_20260827_0900,2026-08-27 09:00:00
2026-06-25,92755421,1941,0,75.9243793182,-75.9243793182,-75.9243793182,0E-7,1,1,0.50665070000000000,0.506650700000,-1.013391052207602,-1.013391052207602,-1.013391052207602,0E-17,ELIGIBLE,R03b_20260811_FULL_v1,L1_ELIGIBILITY,v2026-08-11,2026-03-21..2026-08-06,baccarat_bet02_101_all_pairs_incl_sentinel,round_win = game_pnl > 0 (decisive only),COMPATIBILITY_ONLY_NOT_PRODUCTION,2500103.8841,2280641.3266,9883.8276,11764,10369,-0.00395337,-0.05088190,-0.00239824,-0.00395337,-9883.8276,2500103.8841,OK,0.0000,395.3531,4.0000,96.0000,AG03-UNRESOLVED,ALL5_LEVELS_bet23_to_bet27,395.3531,395.3531,395.3531,395.3531,395.3531,4.000000,4.000000,4.000000,4.000000,4.000000,96.000000,96.000000,96.000000,96.000000,96.000000,5.0,1976.7655,1824.8244,7907.0621,8059.0032,PENDING_AG03,FALSE,NOT_FOR_ENFORCEMENT,9488.4745,2189415.6736,9883.8276,9488.4745,395.3531,0.00395337,0.00379523,395.3531,9488.4745,0.00379523,395.3531,395.3531,395.3531,395.3531,395.3531,9488.4745,0.00379523,1976.7655,1824.8244,7907.0621,8059.0032,0.00316269,0.00322347,0.00015813,212.5216,219.9480,0.9532,119.0823,2.3972,30121.7335,124.9277,49.0469,238.9093,36.5364,75.9244,374.9013,749.8027,789.266,1183.8989,75.8035,-1.1839,10.395423,15.593133,2.799122,29,215,300,5,0.03207536,0.00395337,0.05088190,0E-8,0.000000,0.912219,0.000000,-0.04848366,2026-03-31,2026-08-01,83,4123,1621,124,0.669355,0.205295,0.230786,0.106918,,,,,,,,GLOBAL_BASELINE_NO_ENTITY_RANKING,,,NOT_APPLICABLE_GLOBAL_BASELINE,HF9g-P5,,,,X 全窗基线 · 不参与实体赏罚,15056147,1506,A168_HF9F_20260827_0900,2026-08-27 09:00:00
2026-06-25,92755421,1957,0,75.9243793182,-75.9243793182,-75.9243793182,0E-7,1,1,0.49324550000000000,0.493245500000,-0.9865810262130424,-0.9865810262130424,-0.9865810262130424,0E-17,ELIGIBLE,R03b_20260811_FULL_v1,L1_ELIGIBILITY,v2026-08-11,2026-03-21..2026-08-06,baccarat_bet02_101_all_pairs_incl_sentinel,round_win = game_pnl > 0 (decisive only),COMPATIBILITY_ONLY_NOT_PRODUCTION,2500103.8841,2280641.3266,9883.8276,11764,10369,-0.00395337,-0.05088190,-0.00239824,-0.00395337,-9883.8276,2500103.8841,OK,0.0000,395.3531,4.0000,96.0000,AG03-UNRESOLVED,ALL5_LEVELS_bet23_to_bet27,395.3531,395.3531,395.3531,395.3531,395.3531,4.000000,4.000000,4.000000,4.000000,4.000000,96.000000,96.000000,96.000000,96.000000,96.000000,5.0,1976.7655,1824.8244,7907.0621,8059.0032,PENDING_AG03,FALSE,NOT_FOR_ENFORCEMENT,9488.4745,2189415.6736,9883.8276,9488.4745,395.3531,0.00395337,0.00379523,395.3531,9488.4745,0.00379523,395.3531,395.3531,395.3531,395.3531,395.3531,9488.4745,0.00379523,1976.7655,1824.8244,7907.0621,8059.0032,0.00316269,0.00322347,0.00015813,212.5216,219.9480,0.9532,119.0823,2.3972,30121.7335,124.9277,49.0469,238.9093,36.5364,75.9244,374.9013,749.8027,789.266,1183.8989,75.8035,-1.1839,10.395423,15.593133,2.799122,29,215,300,5,0.03207536,0.00395337,0.05088190,0E-8,0.000000,0.912219,0.000000,-0.04848366,2026-03-31,2026-08-01,83,4123,1621,124,0.669355,0.205295,0.230786,0.106918,,,,,,,,GLOBAL_BASELINE_NO_ENTITY_RANKING,,,NOT_APPLICABLE_GLOBAL_BASELINE,HF9g-P5,,,,X 全窗基线 · 不参与实体赏罚,15056148,1506,A168_HF9F_20260827_0900,2026-08-27 09:00:00
2026-06-25,92755421,2089,0,75.9243793182,-75.9243793182,-75.9243793182,0E-7,1,1,0.50665070000000000,0.506650700000,-1.013391052207602,-1.013391052207602,-1.013391052207602,0E-17,ELIGIBLE,R03b_20260811_FULL_v1,L1_ELIGIBILITY,v2026-08-11,2026-03-21..2026-08-06,baccarat_bet02_101_all_pairs_incl_sentinel,round_win = game_pnl > 0 (decisive only),COMPATIBILITY_ONLY_NOT_PRODUCTION,2500103.8841,2280641.3266,9883.8276,11764,10369,-0.00395337,-0.05088190,-0.00239824,-0.00395337,-9883.8276,2500103.8841,OK,0.0000,395.3531,4.0000,96.0000,AG03-UNRESOLVED,ALL5_LEVELS_bet23_to_bet27,395.3531,395.3531,395.3531,395.3531,395.3531,4.000000,4.000000,4.000000,4.000000,4.000000,96.000000,96.000000,96.000000,96.000000,96.000000,5.0,1976.7655,1824.8244,7907.0621,8059.0032,PENDING_AG03,FALSE,NOT_FOR_ENFORCEMENT,9488.4745,2189415.6736,9883.8276,9488.4745,395.3531,0.00395337,0.00379523,395.3531,9488.4745,0.00379523,395.3531,395.3531,395.3531,395.3531,395.3531,9488.4745,0.00379523,1976.7655,1824.8244,7907.0621,8059.0032,0.00316269,0.00322347,0.00015813,212.5216,219.9480,0.9532,119.0823,2.3972,30121.7335,124.9277,49.0469,238.9093,36.5364,75.9244,374.9013,749.8027,789.266,1183.8989,75.8035,-1.1839,10.395423,15.593133,2.799122,29,215,300,5,0.03207536,0.00395337,0.05088190,0E-8,0.000000,0.912219,0.000000,-0.04848366,2026-03-31,2026-08-01,83,4123,1621,124,0.669355,0.205295,0.230786,0.106918,,,,,,,,GLOBAL_BASELINE_NO_ENTITY_RANKING,,,NOT_APPLICABLE_GLOBAL_BASELINE,HF9g-P5,,,,X 全窗基线 · 不参与实体赏罚,15056149,1506,A168_HF9F_20260827_0900,2026-08-27 09:00:00
2026-06-25,92755421,2101,0,296.1050793410,0E-10,0E-10,0.5000000,5,4,0.49430035476191893,0.440646775000,0.022800062364089137,0.2391035070213683,0.022800062364089137,0.05365357976191893,ELIGIBLE,R03b_20260811_FULL_v1,L1_ELIGIBILITY,v2026-08-11,2026-03-21..2026-08-06,baccarat_bet02_101_all_pairs_incl_sentinel,round_win = game_pnl > 0 (decisive only),COMPATIBILITY_ONLY_NOT_PRODUCTION,2500103.8841,2280641.3266,9883.8276,11764,10369,-0.00395337,-0.05088190,-0.00239824,-0.00395337,-9883.8276,2500103.8841,OK,0.0000,395.3531,4.0000,96.0000,AG03-UNRESOLVED,ALL5_LEVELS_bet23_to_bet27,395.3531,395.3531,395.3531,395.3531,395.3531,4.000000,4.000000,4.000000,4.000000,4.000000,96.000000,96.000000,96.000000,96.000000,96.000000,5.0,1976.7655,1824.8244,7907.0621,8059.0032,PENDING_AG03,FALSE,NOT_FOR_ENFORCEMENT,9488.4745,2189415.6736,9883.8276,9488.4745,395.3531,0.00395337,0.00379523,395.3531,9488.4745,0.00379523,395.3531,395.3531,395.3531,395.3531,395.3531,9488.4745,0.00379523,1976.7655,1824.8244,7907.0621,8059.0032,0.00316269,0.00322347,0.00015813,212.5216,219.9480,0.9532,119.0823,2.3972,30121.7335,124.9277,49.0469,238.9093,36.5364,75.9244,374.9013,749.8027,789.266,1183.8989,75.8035,-1.1839,10.395423,15.593133,2.799122,29,215,300,5,0.03207536,0.00395337,0.05088190,0E-8,0.000000,0.912219,0.000000,-0.04848366,2026-03-31,2026-08-01,83,4123,1621,124,0.669355,0.205295,0.230786,0.106918,,,,,,,,GLOBAL_BASELINE_NO_ENTITY_RANKING,,,NOT_APPLICABLE_GLOBAL_BASELINE,HF9g-P5,,,,X 全窗基线 · 不参与实体赏罚,15056150,1506,A168_HF9F_20260827_0900,2026-08-27 09:00:00
2026-06-25,92755421,2107,0,414.9267329740,148.4131804723,148.4131804723,0.6666667,7,6,0.50575726446884378,0.465999383333,0.7883441231913272,0.9853457462838647,0.7883441231913272,0.03975788113584378,ELIGIBLE,R03b_20260811_FULL_v1,L1_ELIGIBILITY,v2026-08-11,2026-03-21..2026-08-06,baccarat_bet02_101_all_pairs_incl_sentinel,round_win = game_pnl > 0 (decisive only),COMPATIBILITY_ONLY_NOT_PRODUCTION,2500103.8841,2280641.3266,9883.8276,11764,10369,-0.00395337,-0.05088190,-0.00239824,-0.00395337,-9883.8276,2500103.8841,OK,0.0000,395.3531,4.0000,96.0000,AG03-UNRESOLVED,ALL5_LEVELS_bet23_to_bet27,395.3531,395.3531,395.3531,395.3531,395.3531,4.000000,4.000000,4.000000,4.000000,4.000000,96.000000,96.000000,96.000000,96.000000,96.000000,5.0,1976.7655,1824.8244,7907.0621,8059.0032,PENDING_AG03,FALSE,NOT_FOR_ENFORCEMENT,9488.4745,2189415.6736,9883.8276,9488.4745,395.3531,0.00395337,0.00379523,395.3531,9488.4745,0.00379523,395.3531,395.3531,395.3531,395.3531,395.3531,9488.4745,0.00379523,1976.7655,1824.8244,7907.0621,8059.0032,0.00316269,0.00322347,0.00015813,212.5216,219.9480,0.9532,119.0823,2.3972,30121.7335,124.9277,49.0469,238.9093,36.5364,75.9244,374.9013,749.8027,789.266,1183.8989,75.8035,-1.1839,10.395423,15.593133,2.799122,29,215,300,5,0.03207536,0.00395337,0.05088190,0E-8,0.000000,0.912219,0.000000,-0.04848366,2026-03-31,2026-08-01,83,4123,1621,124,0.669355,0.205295,0.230786,0.106918,,,,,,,,GLOBAL_BASELINE_NO_ENTITY_RANKING,,,NOT_APPLICABLE_GLOBAL_BASELINE,HF9g-P5,,,,X 全窗基线 · 不参与实体赏罚,15056151,1506,A168_HF9F_20260827_0900,2026-08-27 09:00:00
2026-06-25,92755421,2117,0,75.9243793182,-75.9243793182,-75.9243793182,0E-7,1,1,0.49324550000000000,0.493245500000,-0.9865810262130424,-0.9865810262130424,-0.9865810262130424,0E-17,ELIGIBLE,R03b_20260811_FULL_v1,L1_ELIGIBILITY,v2026-08-11,2026-03-21..2026-08-06,baccarat_bet02_101_all_pairs_incl_sentinel,round_win = game_pnl > 0 (decisive only),COMPATIBILITY_ONLY_NOT_PRODUCTION,2500103.8841,2280641.3266,9883.8276,11764,10369,-0.00395337,-0.05088190,-0.00239824,-0.00395337,-9883.8276,2500103.8841,OK,0.0000,395.3531,4.0000,96.0000,AG03-UNRESOLVED,ALL5_LEVELS_bet23_to_bet27,395.3531,395.3531,395.3531,395.3531,395.3531,4.000000,4.000000,4.000000,4.000000,4.000000,96.000000,96.000000,96.000000,96.000000,96.000000,5.0,1976.7655,1824.8244,7907.0621,8059.0032,PENDING_AG03,FALSE,NOT_FOR_ENFORCEMENT,9488.4745,2189415.6736,9883.8276,9488.4745,395.3531,0.00395337,0.00379523,395.3531,9488.4745,0.00379523,395.3531,395.3531,395.3531,395.3531,395.3531,9488.4745,0.00379523,1976.7655,1824.8244,7907.0621,8059.0032,0.00316269,0.00322347,0.00015813,212.5216,219.9480,0.9532,119.0823,2.3972,30121.7335,124.9277,49.0469,238.9093,36.5364,75.9244,374.9013,749.8027,789.266,1183.8989,75.8035,-1.1839,10.395423,15.593133,2.799122,29,215,300,5,0.03207536,0.00395337,0.05088190,0E-8,0.000000,0.912219,0.000000,-0.04848366,2026-03-31,2026-08-01,83,4123,1621,124,0.669355,0.205295,0.230786,0.106918,,,,,,,,GLOBAL_BASELINE_NO_ENTITY_RANKING,,,NOT_APPLICABLE_GLOBAL_BASELINE,HF9g-P5,,,,X 全窗基线 · 不参与实体赏罚,15056152,1506,A168_HF9F_20260827_0900,2026-08-27 09:00:00
2026-06-25,92755421,2123,0,75.9243793182,-75.9243793182,-75.9243793182,0E-7,1,1,0.50665070000000000,0.506650700000,-1.013391052207602,-1.013391052207602,-1.013391052207602,0E-17,ELIGIBLE,R03b_20260811_FULL_v1,L1_ELIGIBILITY,v2026-08-11,2026-03-21..2026-08-06,baccarat_bet02_101_all_pairs_incl_sentinel,round_win = game_pnl > 0 (decisive only),COMPATIBILITY_ONLY_NOT_PRODUCTION,2500103.8841,2280641.3266,9883.8276,11764,10369,-0.00395337,-0.05088190,-0.00239824,-0.00395337,-9883.8276,2500103.8841,OK,0.0000,395.3531,4.0000,96.0000,AG03-UNRESOLVED,ALL5_LEVELS_bet23_to_bet27,395.3531,395.3531,395.3531,395.3531,395.3531,4.000000,4.000000,4.000000,4.000000,4.000000,96.000000,96.000000,96.000000,96.000000,96.000000,5.0,1976.7655,1824.8244,7907.0621,8059.0032,PENDING_AG03,FALSE,NOT_FOR_ENFORCEMENT,9488.4745,2189415.6736,9883.8276,9488.4745,395.3531,0.00395337,0.00379523,395.3531,9488.4745,0.00379523,395.3531,395.3531,395.3531,395.3531,395.3531,9488.4745,0.00379523,1976.7655,1824.8244,7907.0621,8059.0032,0.00316269,0.00322347,0.00015813,212.5216,219.9480,0.9532,119.0823,2.3972,30121.7335,124.9277,49.0469,238.9093,36.5364,75.9244,374.9013,749.8027,789.266,1183.8989,75.8035,-1.1839,10.395423,15.593133,2.799122,29,215,300,5,0.03207536,0.00395337,0.05088190,0E-8,0.000000,0.912219,0.000000,-0.04848366,2026-03-31,2026-08-01,83,4123,1621,124,0.669355,0.205295,0.230786,0.106918,,,,,,,,GLOBAL_BASELINE_NO_ENTITY_RANKING,,,NOT_APPLICABLE_GLOBAL_BASELINE,HF9g-P5,,,,X 全窗基线 · 不参与实体赏罚,15056153,1506,A168_HF9F_20260827_0900,2026-08-27 09:00:00
2026-06-25,92755421,2129,0,75.9243793182,75.9243793182,75.9243793182,1.0000000,1,1,0.49324550000000000,0.493245500000,1.01360149184955,1.01360149184955,1.01360149184955,0E-17,ELIGIBLE,R03b_20260811_FULL_v1,L1_ELIGIBILITY,v2026-08-11,2026-03-21..2026-08-06,baccarat_bet02_101_all_pairs_incl_sentinel,round_win = game_pnl > 0 (decisive only),COMPATIBILITY_ONLY_NOT_PRODUCTION,2500103.8841,2280641.3266,9883.8276,11764,10369,-0.00395337,-0.05088190,-0.00239824,-0.00395337,-9883.8276,2500103.8841,OK,0.0000,395.3531,4.0000,96.0000,AG03-UNRESOLVED,ALL5_LEVELS_bet23_to_bet27,395.3531,395.3531,395.3531,395.3531,395.3531,4.000000,4.000000,4.000000,4.000000,4.000000,96.000000,96.000000,96.000000,96.000000,96.000000,5.0,1976.7655,1824.8244,7907.0621,8059.0032,PENDING_AG03,FALSE,NOT_FOR_ENFORCEMENT,9488.4745,2189415.6736,9883.8276,9488.4745,395.3531,0.00395337,0.00379523,395.3531,9488.4745,0.00379523,395.3531,395.3531,395.3531,395.3531,395.3531,9488.4745,0.00379523,1976.7655,1824.8244,7907.0621,8059.0032,0.00316269,0.00322347,0.00015813,212.5216,219.9480,0.9532,119.0823,2.3972,30121.7335,124.9277,49.0469,238.9093,36.5364,75.9244,374.9013,749.8027,789.266,1183.8989,75.8035,-1.1839,10.395423,15.593133,2.799122,29,215,300,5,0.03207536,0.00395337,0.05088190,0E-8,0.000000,0.912219,0.000000,-0.04848366,2026-03-31,2026-08-01,83,4123,1621,124,0.669355,0.205295,0.230786,0.106918,,,,,,,,GLOBAL_BASELINE_NO_ENTITY_RANKING,,,NOT_APPLICABLE_GLOBAL_BASELINE,HF9g-P5,,,,X 全窗基线 · 不参与实体赏罚,15056154,1506,A168_HF9F_20260827_0900,2026-08-27 09:00:00
2026-06-25,92755421,2130,0,151.8487586364,75.9243793182,75.9243793182,1.0000000,2,2,0.49994810000000000,0.499948100000,1.0001038053877793,1.0001038053877793,1.0001038053877793,0E-17,ELIGIBLE,R03b_20260811_FULL_v1,L1_ELIGIBILITY,v2026-08-11,2026-03-21..2026-08-06,baccarat_bet02_101_all_pairs_incl_sentinel,round_win = game_pnl > 0 (decisive only),COMPATIBILITY_ONLY_NOT_PRODUCTION,2500103.8841,2280641.3266,9883.8276,11764,10369,-0.00395337,-0.05088190,-0.00239824,-0.00395337,-9883.8276,2500103.8841,OK,0.0000,395.3531,4.0000,96.0000,AG03-UNRESOLVED,ALL5_LEVELS_bet23_to_bet27,395.3531,395.3531,395.3531,395.3531,395.3531,4.000000,4.000000,4.000000,4.000000,4.000000,96.000000,96.000000,96.000000,96.000000,96.000000,5.0,1976.7655,1824.8244,7907.0621,8059.0032,PENDING_AG03,FALSE,NOT_FOR_ENFORCEMENT,9488.4745,2189415.6736,9883.8276,9488.4745,395.3531,0.00395337,0.00379523,395.3531,9488.4745,0.00379523,395.3531,395.3531,395.3531,395.3531,395.3531,9488.4745,0.00379523,1976.7655,1824.8244,7907.0621,8059.0032,0.00316269,0.00322347,0.00015813,212.5216,219.9480,0.9532,119.0823,2.3972,30121.7335,124.9277,49.0469,238.9093,36.5364,75.9244,374.9013,749.8027,789.266,1183.8989,75.8035,-1.1839,10.395423,15.593133,2.799122,29,215,300,5,0.03207536,0.00395337,0.05088190,0E-8,0.000000,0.912219,0.000000,-0.04848366,2026-03-31,2026-08-01,83,4123,1621,124,0.669355,0.205295,0.230786,0.106918,,,,,,,,GLOBAL_BASELINE_NO_ENTITY_RANKING,,,NOT_APPLICABLE_GLOBAL_BASELINE,HF9g-P5,,,,X 全窗基线 · 不参与实体赏罚,15056155,1506,A168_HF9F_20260827_0900,2026-08-27 09:00:00
2026-06-25,92755421,2134,0,79.7205982841,-79.7205982841,-79.7205982841,0E-7,2,1,0.47065451904767572,0.256040200000,-0.9429344687667368,-0.5866503638730671,-0.9429344687667368,0.21461431904767572,ELIGIBLE,R03b_20260811_FULL_v1,L1_ELIGIBILITY,v2026-08-11,2026-03-21..2026-08-06,baccarat_bet02_101_all_pairs_incl_sentinel,round_win = game_pnl > 0 (decisive only),COMPATIBILITY_ONLY_NOT_PRODUCTION,2500103.8841,2280641.3266,9883.8276,11764,10369,-0.00395337,-0.05088190,-0.00239824,-0.00395337,-9883.8276,2500103.8841,OK,0.0000,395.3531,4.0000,96.0000,AG03-UNRESOLVED,ALL5_LEVELS_bet23_to_bet27,395.3531,395.3531,395.3531,395.3531,395.3531,4.000000,4.000000,4.000000,4.000000,4.000000,96.000000,96.000000,96.000000,96.000000,96.000000,5.0,1976.7655,1824.8244,7907.0621,8059.0032,PENDING_AG03,FALSE,NOT_FOR_ENFORCEMENT,9488.4745,2189415.6736,9883.8276,9488.4745,395.3531,0.00395337,0.00379523,395.3531,9488.4745,0.00379523,395.3531,395.3531,395.3531,395.3531,395.3531,9488.4745,0.00379523,1976.7655,1824.8244,7907.0621,8059.0032,0.00316269,0.00322347,0.00015813,212.5216,219.9480,0.9532,119.0823,2.3972,30121.7335,124.9277,49.0469,238.9093,36.5364,75.9244,374.9013,749.8027,789.266,1183.8989,75.8035,-1.1839,10.395423,15.593133,2.799122,29,215,300,5,0.03207536,0.00395337,0.05088190,0E-8,0.000000,0.912219,0.000000,-0.04848366,2026-03-31,2026-08-01,83,4123,1621,124,0.669355,0.205295,0.230786,0.106918,,,,,,,,GLOBAL_BASELINE_NO_ENTITY_RANKING,,,NOT_APPLICABLE_GLOBAL_BASELINE,HF9g-P5,,,,X 全窗基线 · 不参与实体赏罚,15056156,1506,A168_HF9F_20260827_0900,2026-08-27 09:00:00
2026-06-25,92755421,2175,0,151.8487586364,-151.8487586364,-151.8487586364,0E-7,2,2,0.50665070000000000,0.506650700000,-1.4331513700195317,-1.4331513700195317,-1.4331513700195317,0E-17,ELIGIBLE,R03b_20260811_FULL_v1,L1_ELIGIBILITY,v2026-08-11,2026-03-21..2026-08-06,baccarat_bet02_101_all_pairs_incl_sentinel,round_win = game_pnl > 0 (decisive only),COMPATIBILITY_ONLY_NOT_PRODUCTION,2500103.8841,2280641.3266,9883.8276,11764,10369,-0.00395337,-0.05088190,-0.00239824,-0.00395337,-9883.8276,2500103.8841,OK,0.0000,395.3531,4.0000,96.0000,AG03-UNRESOLVED,ALL5_LEVELS_bet23_to_bet27,395.3531,395.3531,395.3531,395.3531,395.3531,4.000000,4.000000,4.000000,4.000000,4.000000,96.000000,96.000000,96.000000,96.000000,96.000000,5.0,1976.7655,1824.8244,7907.0621,8059.0032,PENDING_AG03,FALSE,NOT_FOR_ENFORCEMENT,9488.4745,2189415.6736,9883.8276,9488.4745,395.3531,0.00395337,0.00379523,395.3531,9488.4745,0.00379523,395.3531,395.3531,395.3531,395.3531,395.3531,9488.4745,0.00379523,1976.7655,1824.8244,7907.0621,8059.0032,0.00316269,0.00322347,0.00015813,212.5216,219.9480,0.9532,119.0823,2.3972,30121.7335,124.9277,49.0469,238.9093,36.5364,75.9244,374.9013,749.8027,789.266,1183.8989,75.8035,-1.1839,10.395423,15.593133,2.799122,29,215,300,5,0.03207536,0.00395337,0.05088190,0E-8,0.000000,0.912219,0.000000,-0.04848366,2026-03-31,2026-08-01,83,4123,1621,124,0.669355,0.205295,0.230786,0.106918,,,,,,,,GLOBAL_BASELINE_NO_ENTITY_RANKING,,,NOT_APPLICABLE_GLOBAL_BASELINE,HF9g-P5,,,,X 全窗基线 · 不参与实体赏罚,15056157,1506,A168_HF9F_20260827_0900,2026-08-27 09:00:00
2026-06-25,92755421,2235,0,169.6909877762,17.5954749069,17.5954749069,0.5000000,3,2,0.49505726907205205,0.381345450000,0.013980837363803483,0.3454745057990616,0.013980837363803483,0.11371181907205205,ELIGIBLE,R03b_20260811_FULL_v1,L1_ELIGIBILITY,v2026-08-11,2026-03-21..2026-08-06,baccarat_bet02_101_all_pairs_incl_sentinel,round_win = game_pnl > 0 (decisive only),COMPATIBILITY_ONLY_NOT_PRODUCTION,2500103.8841,2280641.3266,9883.8276,11764,10369,-0.00395337,-0.05088190,-0.00239824,-0.00395337,-9883.8276,2500103.8841,OK,0.0000,395.3531,4.0000,96.0000,AG03-UNRESOLVED,ALL5_LEVELS_bet23_to_bet27,395.3531,395.3531,395.3531,395.3531,395.3531,4.000000,4.000000,4.000000,4.000000,4.000000,96.000000,96.000000,96.000000,96.000000,96.000000,5.0,1976.7655,1824.8244,7907.0621,8059.0032,PENDING_AG03,FALSE,NOT_FOR_ENFORCEMENT,9488.4745,2189415.6736,9883.8276,9488.4745,395.3531,0.00395337,0.00379523,395.3531,9488.4745,0.00379523,395.3531,395.3531,395.3531,395.3531,395.3531,9488.4745,0.00379523,1976.7655,1824.8244,7907.0621,8059.0032,0.00316269,0.00322347,0.00015813,212.5216,219.9480,0.9532,119.0823,2.3972,30121.7335,124.9277,49.0469,238.9093,36.5364,75.9244,374.9013,749.8027,789.266,1183.8989,75.8035,-1.1839,10.395423,15.593133,2.799122,29,215,300,5,0.03207536,0.00395337,0.05088190,0E-8,0.000000,0.912219,0.000000,-0.04848366,2026-03-31,2026-08-01,83,4123,1621,124,0.669355,0.205295,0.230786,0.106918,,,,,,,,GLOBAL_BASELINE_NO_ENTITY_RANKING,,,NOT_APPLICABLE_GLOBAL_BASELINE,HF9g-P5,,,,X 全窗基线 · 不参与实体赏罚,15056158,1506,A168_HF9F_20260827_0900,2026-08-27 09:00:00
2026-06-25,92755421,2271,0,113.8865689773,-113.8865689773,-113.8865689773,0E-7,1,1,0.49324550000000000,0.493245500000,-0.9865810262130424,-0.9865810262130424,-0.9865810262130424,0E-17,ELIGIBLE,R03b_20260811_FULL_v1,L1_ELIGIBILITY,v2026-08-11,2026-03-21..2026-08-06,baccarat_bet02_101_all_pairs_incl_sentinel,round_win = game_pnl > 0 (decisive only),COMPATIBILITY_ONLY_NOT_PRODUCTION,2500103.8841,2280641.3266,9883.8276,11764,10369,-0.00395337,-0.05088190,-0.00239824,-0.00395337,-9883.8276,2500103.8841,OK,0.0000,395.3531,4.0000,96.0000,AG03-UNRESOLVED,ALL5_LEVELS_bet23_to_bet27,395.3531,395.3531,395.3531,395.3531,395.3531,4.000000,4.000000,4.000000,4.000000,4.000000,96.000000,96.000000,96.000000,96.000000,96.000000,5.0,1976.7655,1824.8244,7907.0621,8059.0032,PENDING_AG03,FALSE,NOT_FOR_ENFORCEMENT,9488.4745,2189415.6736,9883.8276,9488.4745,395.3531,0.00395337,0.00379523,395.3531,9488.4745,0.00379523,395.3531,395.3531,395.3531,395.3531,395.3531,9488.4745,0.00379523,1976.7655,1824.8244,7907.0621,8059.0032,0.00316269,0.00322347,0.00015813,212.5216,219.9480,0.9532,119.0823,2.3972,30121.7335,124.9277,49.0469,238.9093,36.5364,75.9244,374.9013,749.8027,789.266,1183.8989,75.8035,-1.1839,10.395423,15.593133,2.799122,29,215,300,5,0.03207536,0.00395337,0.05088190,0E-8,0.000000,0.912219,0.000000,-0.04848366,2026-03-31,2026-08-01,83,4123,1621,124,0.669355,0.205295,0.230786,0.106918,,,,,,,,GLOBAL_BASELINE_NO_ENTITY_RANKING,,,NOT_APPLICABLE_GLOBAL_BASELINE,HF9g-P5,,,,X 全窗基线 · 不参与实体赏罚,15056159,1506,A168_HF9F_20260827_0900,2026-08-27 09:00:00
2026-06-25,92755421,763,0,78.9613544909,-78.9613544909,-78.9613544909,0E-7,2,1,0.48788855384632017,0.262742800000,-0.9760635016125706,-0.5969746651759844,-0.9760635016125706,0.22514575384632017,ELIGIBLE,R03b_20260811_FULL_v1,L1_ELIGIBILITY,v2026-08-11,2026-03-21..2026-08-06,baccarat_bet02_101_all_pairs_incl_sentinel,round_win = game_pnl > 0 (decisive only),COMPATIBILITY_ONLY_NOT_PRODUCTION,2500103.8841,2280641.3266,9883.8276,11764,10369,-0.00395337,-0.05088190,-0.00239824,-0.00395337,-9883.8276,2500103.8841,OK,0.0000,395.3531,4.0000,96.0000,AG03-UNRESOLVED,ALL5_LEVELS_bet23_to_bet27,395.3531,395.3531,395.3531,395.3531,395.3531,4.000000,4.000000,4.000000,4.000000,4.000000,96.000000,96.000000,96.000000,96.000000,96.000000,5.0,1976.7655,1824.8244,7907.0621,8059.0032,PENDING_AG03,FALSE,NOT_FOR_ENFORCEMENT,9488.4745,2189415.6736,9883.8276,9488.4745,395.3531,0.00395337,0.00379523,395.3531,9488.4745,0.00379523,395.3531,395.3531,395.3531,395.3531,395.3531,9488.4745,0.00379523,1976.7655,1824.8244,7907.0621,8059.0032,0.00316269,0.00322347,0.00015813,212.5216,219.9480,0.9532,119.0823,2.3972,30121.7335,124.9277,49.0469,238.9093,36.5364,75.9244,374.9013,749.8027,789.266,1183.8989,75.8035,-1.1839,10.395423,15.593133,2.799122,29,215,300,5,0.03207536,0.00395337,0.05088190,0E-8,0.000000,0.912219,0.000000,-0.04848366,2026-03-31,2026-08-01,83,4123,1621,124,0.669355,0.205295,0.230786,0.106918,,,,,,,,GLOBAL_BASELINE_NO_ENTITY_RANKING,,,NOT_APPLICABLE_GLOBAL_BASELINE,HF9g-P5,,,,X 全窗基线 · 不参与实体赏罚,15056160,1506,A168_HF9F_20260827_0900,2026-08-27 09:00:00
2026-06-25,92755421,970,0,292.3088603751,151.8487586364,151.8487586364,0.7500000,4,4,0.49994810000000000,0.499948100000,1.0002076053883384,1.0002076053883384,1.0002076053883384,0E-17,ELIGIBLE,R03b_20260811_FULL_v1,L1_ELIGIBILITY,v2026-08-11,2026-03-21..2026-08-06,baccarat_bet02_101_all_pairs_incl_sentinel,round_win = game_pnl > 0 (decisive only),COMPATIBILITY_ONLY_NOT_PRODUCTION,2500103.8841,2280641.3266,9883.8276,11764,10369,-0.00395337,-0.05088190,-0.00239824,-0.00395337,-9883.8276,2500103.8841,OK,0.0000,395.3531,4.0000,96.0000,AG03-UNRESOLVED,ALL5_LEVELS_bet23_to_bet27,395.3531,395.3531,395.3531,395.3531,395.3531,4.000000,4.000000,4.000000,4.000000,4.000000,96.000000,96.000000,96.000000,96.000000,96.000000,5.0,1976.7655,1824.8244,7907.0621,8059.0032,PENDING_AG03,FALSE,NOT_FOR_ENFORCEMENT,9488.4745,2189415.6736,9883.8276,9488.4745,395.3531,0.00395337,0.00379523,395.3531,9488.4745,0.00379523,395.3531,395.3531,395.3531,395.3531,395.3531,9488.4745,0.00379523,1976.7655,1824.8244,7907.0621,8059.0032,0.00316269,0.00322347,0.00015813,212.5216,219.9480,0.9532,119.0823,2.3972,30121.7335,124.9277,49.0469,238.9093,36.5364,75.9244,374.9013,749.8027,789.266,1183.8989,75.8035,-1.1839,10.395423,15.593133,2.799122,29,215,300,5,0.03207536,0.00395337,0.05088190,0E-8,0.000000,0.912219,0.000000,-0.04848366,2026-03-31,2026-08-01,83,4123,1621,124,0.669355,0.205295,0.230786,0.106918,,,,,,,,GLOBAL_BASELINE_NO_ENTITY_RANKING,,,NOT_APPLICABLE_GLOBAL_BASELINE,HF9g-P5,,,,X 全窗基线 · 不参与实体赏罚,15056161,1506,A168_HF9F_20260827_0900,2026-08-27 09:00:00
2026-06-25,92755421,994,0,293.0681041682,97.9424493205,97.9424493205,0.6666667,5,3,0.49156668822857958,0.337342833333,0.6066504151178158,1.2064340763830153,0.6066504151178158,0.15422385489557958,ELIGIBLE,R03b_20260811_FULL_v1,L1_ELIGIBILITY,v2026-08-11,2026-03-21..2026-08-06,baccarat_bet02_101_all_pairs_incl_sentinel,round_win = game_pnl > 0 (decisive only),COMPATIBILITY_ONLY_NOT_PRODUCTION,2500103.8841,2280641.3266,9883.8276,11764,10369,-0.00395337,-0.05088190,-0.00239824,-0.00395337,-9883.8276,2500103.8841,OK,0.0000,395.3531,4.0000,96.0000,AG03-UNRESOLVED,ALL5_LEVELS_bet23_to_bet27,395.3531,395.3531,395.3531,395.3531,395.3531,4.000000,4.000000,4.000000,4.000000,4.000000,96.000000,96.000000,96.000000,96.000000,96.000000,5.0,1976.7655,1824.8244,7907.0621,8059.0032,PENDING_AG03,FALSE,NOT_FOR_ENFORCEMENT,9488.4745,2189415.6736,9883.8276,9488.4745,395.3531,0.00395337,0.00379523,395.3531,9488.4745,0.00379523,395.3531,395.3531,395.3531,395.3531,395.3531,9488.4745,0.00379523,1976.7655,1824.8244,7907.0621,8059.0032,0.00316269,0.00322347,0.00015813,212.5216,219.9480,0.9532,119.0823,2.3972,30121.7335,124.9277,49.0469,238.9093,36.5364,75.9244,374.9013,749.8027,789.266,1183.8989,75.8035,-1.1839,10.395423,15.593133,2.799122,29,215,300,5,0.03207536,0.00395337,0.05088190,0E-8,0.000000,0.912219,0.000000,-0.04848366,2026-03-31,2026-08-01,83,4123,1621,124,0.669355,0.205295,0.230786,0.106918,,,,,,,,GLOBAL_BASELINE_NO_ENTITY_RANKING,,,NOT_APPLICABLE_GLOBAL_BASELINE,HF9g-P5,,,,X 全窗基线 · 不参与实体赏罚,15056162,1506,A168_HF9F_20260827_0900,2026-08-27 09:00:00
2026-06-27,92755421,-1,1,37.9621896591,-37.9621896591,-37.9621896591,0E-7,1,1,0.49324550000000000,0.493245500000,-0.9865810262130424,-0.9865810262130424,-0.9865810262130424,0E-17,SENTINEL_DEALER,R03b_20260811_FULL_v1,L1_ELIGIBILITY,v2026-08-11,2026-03-21..2026-08-06,baccarat_bet02_101_all_pairs_incl_sentinel,round_win = game_pnl > 0 (decisive only),COMPATIBILITY_ONLY_NOT_PRODUCTION,2500103.8841,2280641.3266,9883.8276,11764,10369,-0.00395337,-0.05088190,-0.00239824,-0.00395337,-9883.8276,2500103.8841,OK,0.0000,395.3531,4.0000,96.0000,AG03-UNRESOLVED,ALL5_LEVELS_bet23_to_bet27,395.3531,395.3531,395.3531,395.3531,395.3531,4.000000,4.000000,4.000000,4.000000,4.000000,96.000000,96.000000,96.000000,96.000000,96.000000,5.0,1976.7655,1824.8244,7907.0621,8059.0032,PENDING_AG03,FALSE,NOT_FOR_ENFORCEMENT,9488.4745,2189415.6736,9883.8276,9488.4745,395.3531,0.00395337,0.00379523,395.3531,9488.4745,0.00379523,395.3531,395.3531,395.3531,395.3531,395.3531,9488.4745,0.00379523,1976.7655,1824.8244,7907.0621,8059.0032,0.00316269,0.00322347,0.00015813,212.5216,219.9480,0.9532,119.0823,2.3972,30121.7335,124.9277,49.0469,238.9093,36.5364,75.9244,374.9013,749.8027,789.266,1183.8989,75.8035,-1.1839,10.395423,15.593133,2.799122,29,215,300,5,0.03207536,0.00395337,0.05088190,0E-8,0.000000,0.912219,0.000000,-0.04848366,2026-03-31,2026-08-01,83,4123,1621,124,0.669355,0.205295,0.230786,0.106918,,,,,,,,GLOBAL_BASELINE_NO_ENTITY_RANKING,,,NOT_APPLICABLE_GLOBAL_BASELINE,HF9g-P5,,,,X 全窗基线 · 不参与实体赏罚,15056163,1506,A168_HF9F_20260827_0900,2026-08-27 09:00:00
2026-06-27,92755421,1017,0,33.7863487966,-33.7863487966,-33.7863487966,0E-7,1,1,0.50665070000000000,0.506650700000,-1.013391052207602,-1.013391052207602,-1.013391052207602,0E-17,ELIGIBLE,R03b_20260811_FULL_v1,L1_ELIGIBILITY,v2026-08-11,2026-03-21..2026-08-06,baccarat_bet02_101_all_pairs_incl_sentinel,round_win = game_pnl > 0 (decisive only),COMPATIBILITY_ONLY_NOT_PRODUCTION,2500103.8841,2280641.3266,9883.8276,11764,10369,-0.00395337,-0.05088190,-0.00239824,-0.00395337,-9883.8276,2500103.8841,OK,0.0000,395.3531,4.0000,96.0000,AG03-UNRESOLVED,ALL5_LEVELS_bet23_to_bet27,395.3531,395.3531,395.3531,395.3531,395.3531,4.000000,4.000000,4.000000,4.000000,4.000000,96.000000,96.000000,96.000000,96.000000,96.000000,5.0,1976.7655,1824.8244,7907.0621,8059.0032,PENDING_AG03,FALSE,NOT_FOR_ENFORCEMENT,9488.4745,2189415.6736,9883.8276,9488.4745,395.3531,0.00395337,0.00379523,395.3531,9488.4745,0.00379523,395.3531,395.3531,395.3531,395.3531,395.3531,9488.4745,0.00379523,1976.7655,1824.8244,7907.0621,8059.0032,0.00316269,0.00322347,0.00015813,212.5216,219.9480,0.9532,119.0823,2.3972,30121.7335,124.9277,49.0469,238.9093,36.5364,75.9244,374.9013,749.8027,789.266,1183.8989,75.8035,-1.1839,10.395423,15.593133,2.799122,29,215,300,5,0.03207536,0.00395337,0.05088190,0E-8,0.000000,0.912219,0.000000,-0.04848366,2026-03-31,2026-08-01,83,4123,1621,124,0.669355,0.205295,0.230786,0.106918,,,,,,,,GLOBAL_BASELINE_NO_ENTITY_RANKING,,,NOT_APPLICABLE_GLOBAL_BASELINE,HF9g-P5,,,,X 全窗基线 · 不参与实体赏罚,15056164,1506,A168_HF9F_20260827_0900,2026-08-27 09:00:00
2026-06-27,92755421,1330,0,41.7584086250,-41.7584086250,-41.7584086250,0E-7,2,1,0.46230380909101529,0.262742800000,-0.9272466136312623,-0.5969746651759844,-0.9272466136312623,0.19956100909101529,ELIGIBLE,R03b_20260811_FULL_v1,L1_ELIGIBILITY,v2026-08-11,2026-03-21..2026-08-06,baccarat_bet02_101_all_pairs_incl_sentinel,round_win = game_pnl > 0 (decisive only),COMPATIBILITY_ONLY_NOT_PRODUCTION,2500103.8841,2280641.3266,9883.8276,11764,10369,-0.00395337,-0.05088190,-0.00239824,-0.00395337,-9883.8276,2500103.8841,OK,0.0000,395.3531,4.0000,96.0000,AG03-UNRESOLVED,ALL5_LEVELS_bet23_to_bet27,395.3531,395.3531,395.3531,395.3531,395.3531,4.000000,4.000000,4.000000,4.000000,4.000000,96.000000,96.000000,96.000000,96.000000,96.000000,5.0,1976.7655,1824.8244,7907.0621,8059.0032,PENDING_AG03,FALSE,NOT_FOR_ENFORCEMENT,9488.4745,2189415.6736,9883.8276,9488.4745,395.3531,0.00395337,0.00379523,395.3531,9488.4745,0.00379523,395.3531,395.3531,395.3531,395.3531,395.3531,9488.4745,0.00379523,1976.7655,1824.8244,7907.0621,8059.0032,0.00316269,0.00322347,0.00015813,212.5216,219.9480,0.9532,119.0823,2.3972,30121.7335,124.9277,49.0469,238.9093,36.5364,75.9244,374.9013,749.8027,789.266,1183.8989,75.8035,-1.1839,10.395423,15.593133,2.799122,29,215,300,5,0.03207536,0.00395337,0.05088190,0E-8,0.000000,0.912219,0.000000,-0.04848366,2026-03-31,2026-08-01,83,4123,1621,124,0.669355,0.205295,0.230786,0.106918,,,,,,,,GLOBAL_BASELINE_NO_ENTITY_RANKING,,,NOT_APPLICABLE_GLOBAL_BASELINE,HF9g-P5,,,,X 全窗基线 · 不参与实体赏罚,15056165,1506,A168_HF9F_20260827_0900,2026-08-27 09:00:00
2026-06-27,92755421,2127,0,37.9621896591,-37.9621896591,-37.9621896591,0E-7,1,1,0.50665070000000000,0.506650700000,-1.013391052207602,-1.013391052207602,-1.013391052207602,0E-17,ELIGIBLE,R03b_20260811_FULL_v1,L1_ELIGIBILITY,v2026-08-11,2026-03-21..2026-08-06,baccarat_bet02_101_all_pairs_incl_sentinel,round_win = game_pnl > 0 (decisive only),COMPATIBILITY_ONLY_NOT_PRODUCTION,2500103.8841,2280641.3266,9883.8276,11764,10369,-0.00395337,-0.05088190,-0.00239824,-0.00395337,-9883.8276,2500103.8841,OK,0.0000,395.3531,4.0000,96.0000,AG03-UNRESOLVED,ALL5_LEVELS_bet23_to_bet27,395.3531,395.3531,395.3531,395.3531,395.3531,4.000000,4.000000,4.000000,4.000000,4.000000,96.000000,96.000000,96.000000,96.000000,96.000000,5.0,1976.7655,1824.8244,7907.0621,8059.0032,PENDING_AG03,FALSE,NOT_FOR_ENFORCEMENT,9488.4745,2189415.6736,9883.8276,9488.4745,395.3531,0.00395337,0.00379523,395.3531,9488.4745,0.00379523,395.3531,395.3531,395.3531,395.3531,395.3531,9488.4745,0.00379523,1976.7655,1824.8244,7907.0621,8059.0032,0.00316269,0.00322347,0.00015813,212.5216,219.9480,0.9532,119.0823,2.3972,30121.7335,124.9277,49.0469,238.9093,36.5364,75.9244,374.9013,749.8027,789.266,1183.8989,75.8035,-1.1839,10.395423,15.593133,2.799122,29,215,300,5,0.03207536,0.00395337,0.05088190,0E-8,0.000000,0.912219,0.000000,-0.04848366,2026-03-31,2026-08-01,83,4123,1621,124,0.669355,0.205295,0.230786,0.106918,,,,,,,,GLOBAL_BASELINE_NO_ENTITY_RANKING,,,NOT_APPLICABLE_GLOBAL_BASELINE,HF9g-P5,,,,X 全窗基线 · 不参与实体赏罚,15056166,1506,A168_HF9F_20260827_0900,2026-08-27 09:00:00
2026-06-27,92755421,2222,0,134.0065294965,50.7364664795,50.7364664795,0.7500000,5,4,0.48688160535734774,0.438971125000,1.0528360108480779,1.2534878284071604,1.0528360108480779,0.04791048035734774,ELIGIBLE,R03b_20260811_FULL_v1,L1_ELIGIBILITY,v2026-08-11,2026-03-21..2026-08-06,baccarat_bet02_101_all_pairs_incl_sentinel,round_win = game_pnl > 0 (decisive only),COMPATIBILITY_ONLY_NOT_PRODUCTION,2500103.8841,2280641.3266,9883.8276,11764,10369,-0.00395337,-0.05088190,-0.00239824,-0.00395337,-9883.8276,2500103.8841,OK,0.0000,395.3531,4.0000,96.0000,AG03-UNRESOLVED,ALL5_LEVELS_bet23_to_bet27,395.3531,395.3531,395.3531,395.3531,395.3531,4.000000,4.000000,4.000000,4.000000,4.000000,96.000000,96.000000,96.000000,96.000000,96.000000,5.0,1976.7655,1824.8244,7907.0621,8059.0032,PENDING_AG03,FALSE,NOT_FOR_ENFORCEMENT,9488.4745,2189415.6736,9883.8276,9488.4745,395.3531,0.00395337,0.00379523,395.3531,9488.4745,0.00379523,395.3531,395.3531,395.3531,395.3531,395.3531,9488.4745,0.00379523,1976.7655,1824.8244,7907.0621,8059.0032,0.00316269,0.00322347,0.00015813,212.5216,219.9480,0.9532,119.0823,2.3972,30121.7335,124.9277,49.0469,238.9093,36.5364,75.9244,374.9013,749.8027,789.266,1183.8989,75.8035,-1.1839,10.395423,15.593133,2.799122,29,215,300,5,0.03207536,0.00395337,0.05088190,0E-8,0.000000,0.912219,0.000000,-0.04848366,2026-03-31,2026-08-01,83,4123,1621,124,0.669355,0.205295,0.230786,0.106918,,,,,,,,GLOBAL_BASELINE_NO_ENTITY_RANKING,,,NOT_APPLICABLE_GLOBAL_BASELINE,HF9g-P5,,,,X 全窗基线 · 不参与实体赏罚,15056167,1506,A168_HF9F_20260827_0900,2026-08-27 09:00:00
2026-06-28,92755421,-1,1,971.8320552730,231.5693569205,231.5693569205,0.6153846,14,13,0.49666357838828275,0.480154784615,0.8561286332951659,0.9759251828559726,0.8561286332951659,0.01650879377328275,SENTINEL_DEALER,R03b_20260811_FULL_v1,L1_ELIGIBILITY,v2026-08-11,2026-03-21..2026-08-06,baccarat_bet02_101_all_pairs_incl_sentinel,round_win = game_pnl > 0 (decisive only),COMPATIBILITY_ONLY_NOT_PRODUCTION,2500103.8841,2280641.3266,9883.8276,11764,10369,-0.00395337,-0.05088190,-0.00239824,-0.00395337,-9883.8276,2500103.8841,OK,0.0000,395.3531,4.0000,96.0000,AG03-UNRESOLVED,ALL5_LEVELS_bet23_to_bet27,395.3531,395.3531,395.3531,395.3531,395.3531,4.000000,4.000000,4.000000,4.000000,4.000000,96.000000,96.000000,96.000000,96.000000,96.000000,5.0,1976.7655,1824.8244,7907.0621,8059.0032,PENDING_AG03,FALSE,NOT_FOR_ENFORCEMENT,9488.4745,2189415.6736,9883.8276,9488.4745,395.3531,0.00395337,0.00379523,395.3531,9488.4745,0.00379523,395.3531,395.3531,395.3531,395.3531,395.3531,9488.4745,0.00379523,1976.7655,1824.8244,7907.0621,8059.0032,0.00316269,0.00322347,0.00015813,212.5216,219.9480,0.9532,119.0823,2.3972,30121.7335,124.9277,49.0469,238.9093,36.5364,75.9244,374.9013,749.8027,789.266,1183.8989,75.8035,-1.1839,10.395423,15.593133,2.799122,29,215,300,5,0.03207536,0.00395337,0.05088190,0E-8,0.000000,0.912219,0.000000,-0.04848366,2026-03-31,2026-08-01,83,4123,1621,124,0.669355,0.205295,0.230786,0.106918,,,,,,,,GLOBAL_BASELINE_NO_ENTITY_RANKING,,,NOT_APPLICABLE_GLOBAL_BASELINE,HF9g-P5,,,,X 全窗基线 · 不参与实体赏罚,15056168,1506,A168_HF9F_20260827_0900,2026-08-27 09:00:00
2026-06-28,92755421,1205,0,75.9243793182,-75.9243793182,-75.9243793182,0E-7,1,1,0.50665070000000000,0.506650700000,-1.013391052207602,-1.013391052207602,-1.013391052207602,0E-17,ELIGIBLE,R03b_20260811_FULL_v1,L1_ELIGIBILITY,v2026-08-11,2026-03-21..2026-08-06,baccarat_bet02_101_all_pairs_incl_sentinel,round_win = game_pnl > 0 (decisive only),COMPATIBILITY_ONLY_NOT_PRODUCTION,2500103.8841,2280641.3266,9883.8276,11764,10369,-0.00395337,-0.05088190,-0.00239824,-0.00395337,-9883.8276,2500103.8841,OK,0.0000,395.3531,4.0000,96.0000,AG03-UNRESOLVED,ALL5_LEVELS_bet23_to_bet27,395.3531,395.3531,395.3531,395.3531,395.3531,4.000000,4.000000,4.000000,4.000000,4.000000,96.000000,96.000000,96.000000,96.000000,96.000000,5.0,1976.7655,1824.8244,7907.0621,8059.0032,PENDING_AG03,FALSE,NOT_FOR_ENFORCEMENT,9488.4745,2189415.6736,9883.8276,9488.4745,395.3531,0.00395337,0.00379523,395.3531,9488.4745,0.00379523,395.3531,395.3531,395.3531,395.3531,395.3531,9488.4745,0.00379523,1976.7655,1824.8244,7907.0621,8059.0032,0.00316269,0.00322347,0.00015813,212.5216,219.9480,0.9532,119.0823,2.3972,30121.7335,124.9277,49.0469,238.9093,36.5364,75.9244,374.9013,749.8027,789.266,1183.8989,75.8035,-1.1839,10.395423,15.593133,2.799122,29,215,300,5,0.03207536,0.00395337,0.05088190,0E-8,0.000000,0.912219,0.000000,-0.04848366,2026-03-31,2026-08-01,83,4123,1621,124,0.669355,0.205295,0.230786,0.106918,,,,,,,,GLOBAL_BASELINE_NO_ENTITY_RANKING,,,NOT_APPLICABLE_GLOBAL_BASELINE,HF9g-P5,,,,X 全窗基线 · 不参与实体赏罚,15056169,1506,A168_HF9F_20260827_0900,2026-08-27 09:00:00
2026-06-28,92755421,1323,0,75.9243793182,72.1281603523,72.1281603523,1.0000000,1,1,0.50665070000000000,0.506650700000,0.9867858985152569,0.9867858985152569,0.9867858985152569,0E-17,ELIGIBLE,R03b_20260811_FULL_v1,L1_ELIGIBILITY,v2026-08-11,2026-03-21..2026-08-06,baccarat_bet02_101_all_pairs_incl_sentinel,round_win = game_pnl > 0 (decisive only),COMPATIBILITY_ONLY_NOT_PRODUCTION,2500103.8841,2280641.3266,9883.8276,11764,10369,-0.00395337,-0.05088190,-0.00239824,-0.00395337,-9883.8276,2500103.8841,OK,0.0000,395.3531,4.0000,96.0000,AG03-UNRESOLVED,ALL5_LEVELS_bet23_to_bet27,395.3531,395.3531,395.3531,395.3531,395.3531,4.000000,4.000000,4.000000,4.000000,4.000000,96.000000,96.000000,96.000000,96.000000,96.000000,5.0,1976.7655,1824.8244,7907.0621,8059.0032,PENDING_AG03,FALSE,NOT_FOR_ENFORCEMENT,9488.4745,2189415.6736,9883.8276,9488.4745,395.3531,0.00395337,0.00379523,395.3531,9488.4745,0.00379523,395.3531,395.3531,395.3531,395.3531,395.3531,9488.4745,0.00379523,1976.7655,1824.8244,7907.0621,8059.0032,0.00316269,0.00322347,0.00015813,212.5216,219.9480,0.9532,119.0823,2.3972,30121.7335,124.9277,49.0469,238.9093,36.5364,75.9244,374.9013,749.8027,789.266,1183.8989,75.8035,-1.1839,10.395423,15.593133,2.799122,29,215,300,5,0.03207536,0.00395337,0.05088190,0E-8,0.000000,0.912219,0.000000,-0.04848366,2026-03-31,2026-08-01,83,4123,1621,124,0.669355,0.205295,0.230786,0.106918,,,,,,,,GLOBAL_BASELINE_NO_ENTITY_RANKING,,,NOT_APPLICABLE_GLOBAL_BASELINE,HF9g-P5,,,,X 全窗基线 · 不参与实体赏罚,15056170,1506,A168_HF9F_20260827_0900,2026-08-27 09:00:00
2026-06-28,92755421,1384,0,79.3409763875,-79.3409763875,-79.3409763875,0E-7,2,1,0.48564427799054241,0.262742800000,-0.97168914307739,-0.5969746651759844,-0.97168914307739,0.22290147799054241,ELIGIBLE,R03b_20260811_FULL_v1,L1_ELIGIBILITY,v2026-08-11,2026-03-21..2026-08-06,baccarat_bet02_101_all_pairs_incl_sentinel,round_win = game_pnl > 0 (decisive only),COMPATIBILITY_ONLY_NOT_PRODUCTION,2500103.8841,2280641.3266,9883.8276,11764,10369,-0.00395337,-0.05088190,-0.00239824,-0.00395337,-9883.8276,2500103.8841,OK,0.0000,395.3531,4.0000,96.0000,AG03-UNRESOLVED,ALL5_LEVELS_bet23_to_bet27,395.3531,395.3531,395.3531,395.3531,395.3531,4.000000,4.000000,4.000000,4.000000,4.000000,96.000000,96.000000,96.000000,96.000000,96.000000,5.0,1976.7655,1824.8244,7907.0621,8059.0032,PENDING_AG03,FALSE,NOT_FOR_ENFORCEMENT,9488.4745,2189415.6736,9883.8276,9488.4745,395.3531,0.00395337,0.00379523,395.3531,9488.4745,0.00379523,395.3531,395.3531,395.3531,395.3531,395.3531,9488.4745,0.00379523,1976.7655,1824.8244,7907.0621,8059.0032,0.00316269,0.00322347,0.00015813,212.5216,219.9480,0.9532,119.0823,2.3972,30121.7335,124.9277,49.0469,238.9093,36.5364,75.9244,374.9013,749.8027,789.266,1183.8989,75.8035,-1.1839,10.395423,15.593133,2.799122,29,215,300,5,0.03207536,0.00395337,0.05088190,0E-8,0.000000,0.912219,0.000000,-0.04848366,2026-03-31,2026-08-01,83,4123,1621,124,0.669355,0.205295,0.230786,0.106918,,,,,,,,GLOBAL_BASELINE_NO_ENTITY_RANKING,,,NOT_APPLICABLE_GLOBAL_BASELINE,HF9g-P5,,,,X 全窗基线 · 不参与实体赏罚,15056171,1506,A168_HF9F_20260827_0900,2026-08-27 09:00:00
2026-06-28,92755421,1385,0,136.6638827728,3.9860299142,3.9860299142,0.5000000,2,2,0.50665070000000000,0.506650700000,-0.018812684590367487,-0.018812684590367487,-0.018812684590367487,0E-17,ELIGIBLE,R03b_20260811_FULL_v1,L1_ELIGIBILITY,v2026-08-11,2026-03-21..2026-08-06,baccarat_bet02_101_all_pairs_incl_sentinel,round_win = game_pnl > 0 (decisive only),COMPATIBILITY_ONLY_NOT_PRODUCTION,2500103.8841,2280641.3266,9883.8276,11764,10369,-0.00395337,-0.05088190,-0.00239824,-0.00395337,-9883.8276,2500103.8841,OK,0.0000,395.3531,4.0000,96.0000,AG03-UNRESOLVED,ALL5_LEVELS_bet23_to_bet27,395.3531,395.3531,395.3531,395.3531,395.3531,4.000000,4.000000,4.000000,4.000000,4.000000,96.000000,96.000000,96.000000,96.000000,96.000000,5.0,1976.7655,1824.8244,7907.0621,8059.0032,PENDING_AG03,FALSE,NOT_FOR_ENFORCEMENT,9488.4745,2189415.6736,9883.8276,9488.4745,395.3531,0.00395337,0.00379523,395.3531,9488.4745,0.00379523,395.3531,395.3531,395.3531,395.3531,395.3531,9488.4745,0.00379523,1976.7655,1824.8244,7907.0621,8059.0032,0.00316269,0.00322347,0.00015813,212.5216,219.9480,0.9532,119.0823,2.3972,30121.7335,124.9277,49.0469,238.9093,36.5364,75.9244,374.9013,749.8027,789.266,1183.8989,75.8035,-1.1839,10.395423,15.593133,2.799122,29,215,300,5,0.03207536,0.00395337,0.05088190,0E-8,0.000000,0.912219,0.000000,-0.04848366,2026-03-31,2026-08-01,83,4123,1621,124,0.669355,0.205295,0.230786,0.106918,,,,,,,,GLOBAL_BASELINE_NO_ENTITY_RANKING,,,NOT_APPLICABLE_GLOBAL_BASELINE,HF9g-P5,,,,X 全窗基线 · 不参与实体赏罚,15056172,1506,A168_HF9F_20260827_0900,2026-08-27 09:00:00
2026-06-28,92755421,1401,0,148.0525396705,0E-10,0E-10,0.5000000,2,2,0.49994810000000000,0.499948100000,0.00014679536856514622,0.00014679536856514622,0.00014679536856514622,0E-17,ELIGIBLE,R03b_20260811_FULL_v1,L1_ELIGIBILITY,v2026-08-11,2026-03-21..2026-08-06,baccarat_bet02_101_all_pairs_incl_sentinel,round_win = game_pnl > 0 (decisive only),COMPATIBILITY_ONLY_NOT_PRODUCTION,2500103.8841,2280641.3266,9883.8276,11764,10369,-0.00395337,-0.05088190,-0.00239824,-0.00395337,-9883.8276,2500103.8841,OK,0.0000,395.3531,4.0000,96.0000,AG03-UNRESOLVED,ALL5_LEVELS_bet23_to_bet27,395.3531,395.3531,395.3531,395.3531,395.3531,4.000000,4.000000,4.000000,4.000000,4.000000,96.000000,96.000000,96.000000,96.000000,96.000000,5.0,1976.7655,1824.8244,7907.0621,8059.0032,PENDING_AG03,FALSE,NOT_FOR_ENFORCEMENT,9488.4745,2189415.6736,9883.8276,9488.4745,395.3531,0.00395337,0.00379523,395.3531,9488.4745,0.00379523,395.3531,395.3531,395.3531,395.3531,395.3531,9488.4745,0.00379523,1976.7655,1824.8244,7907.0621,8059.0032,0.00316269,0.00322347,0.00015813,212.5216,219.9480,0.9532,119.0823,2.3972,30121.7335,124.9277,49.0469,238.9093,36.5364,75.9244,374.9013,749.8027,789.266,1183.8989,75.8035,-1.1839,10.395423,15.593133,2.799122,29,215,300,5,0.03207536,0.00395337,0.05088190,0E-8,0.000000,0.912219,0.000000,-0.04848366,2026-03-31,2026-08-01,83,4123,1621,124,0.669355,0.205295,0.230786,0.106918,,,,,,,,GLOBAL_BASELINE_NO_ENTITY_RANKING,,,NOT_APPLICABLE_GLOBAL_BASELINE,HF9g-P5,,,,X 全窗基线 · 不参与实体赏罚,15056173,1506,A168_HF9F_20260827_0900,2026-08-27 09:00:00
2026-06-28,92755421,1509,0,299.9012983069,-75.9243793182,-75.9243793182,0.3333333,4,4,0.50329940000000000,0.503299400000,-0.5887925454369916,-0.5887925454369916,-0.5887925454369916,0E-17,ELIGIBLE,R03b_20260811_FULL_v1,L1_ELIGIBILITY,v2026-08-11,2026-03-21..2026-08-06,baccarat_bet02_101_all_pairs_incl_sentinel,round_win = game_pnl > 0 (decisive only),COMPATIBILITY_ONLY_NOT_PRODUCTION,2500103.8841,2280641.3266,9883.8276,11764,10369,-0.00395337,-0.05088190,-0.00239824,-0.00395337,-9883.8276,2500103.8841,OK,0.0000,395.3531,4.0000,96.0000,AG03-UNRESOLVED,ALL5_LEVELS_bet23_to_bet27,395.3531,395.3531,395.3531,395.3531,395.3531,4.000000,4.000000,4.000000,4.000000,4.000000,96.000000,96.000000,96.000000,96.000000,96.000000,5.0,1976.7655,1824.8244,7907.0621,8059.0032,PENDING_AG03,FALSE,NOT_FOR_ENFORCEMENT,9488.4745,2189415.6736,9883.8276,9488.4745,395.3531,0.00395337,0.00379523,395.3531,9488.4745,0.00379523,395.3531,395.3531,395.3531,395.3531,395.3531,9488.4745,0.00379523,1976.7655,1824.8244,7907.0621,8059.0032,0.00316269,0.00322347,0.00015813,212.5216,219.9480,0.9532,119.0823,2.3972,30121.7335,124.9277,49.0469,238.9093,36.5364,75.9244,374.9013,749.8027,789.266,1183.8989,75.8035,-1.1839,10.395423,15.593133,2.799122,29,215,300,5,0.03207536,0.00395337,0.05088190,0E-8,0.000000,0.912219,0.000000,-0.04848366,2026-03-31,2026-08-01,83,4123,1621,124,0.669355,0.205295,0.230786,0.106918,,,,,,,,GLOBAL_BASELINE_NO_ENTITY_RANKING,,,NOT_APPLICABLE_GLOBAL_BASELINE,HF9g-P5,,,,X 全窗基线 · 不参与实体赏罚,15056174,1506,A168_HF9F_20260827_0900,2026-08-27 09:00:00
2026-06-28,92755421,1702,0,223.9769189887,220.1807000228,220.1807000228,1.0000000,3,3,0.49771390000000000,0.497713900000,1.739988277604938,1.739988277604938,1.739988277604938,0E-17,ELIGIBLE,R03b_20260811_FULL_v1,L1_ELIGIBILITY,v2026-08-11,2026-03-21..2026-08-06,baccarat_bet02_101_all_pairs_incl_sentinel,round_win = game_pnl > 0 (decisive only),COMPATIBILITY_ONLY_NOT_PRODUCTION,2500103.8841,2280641.3266,9883.8276,11764,10369,-0.00395337,-0.05088190,-0.00239824,-0.00395337,-9883.8276,2500103.8841,OK,0.0000,395.3531,4.0000,96.0000,AG03-UNRESOLVED,ALL5_LEVELS_bet23_to_bet27,395.3531,395.3531,395.3531,395.3531,395.3531,4.000000,4.000000,4.000000,4.000000,4.000000,96.000000,96.000000,96.000000,96.000000,96.000000,5.0,1976.7655,1824.8244,7907.0621,8059.0032,PENDING_AG03,FALSE,NOT_FOR_ENFORCEMENT,9488.4745,2189415.6736,9883.8276,9488.4745,395.3531,0.00395337,0.00379523,395.3531,9488.4745,0.00379523,395.3531,395.3531,395.3531,395.3531,395.3531,9488.4745,0.00379523,1976.7655,1824.8244,7907.0621,8059.0032,0.00316269,0.00322347,0.00015813,212.5216,219.9480,0.9532,119.0823,2.3972,30121.7335,124.9277,49.0469,238.9093,36.5364,75.9244,374.9013,749.8027,789.266,1183.8989,75.8035,-1.1839,10.395423,15.593133,2.799122,29,215,300,5,0.03207536,0.00395337,0.05088190,0E-8,0.000000,0.912219,0.000000,-0.04848366,2026-03-31,2026-08-01,83,4123,1621,124,0.669355,0.205295,0.230786,0.106918,,,,,,,,GLOBAL_BASELINE_NO_ENTITY_RANKING,,,NOT_APPLICABLE_GLOBAL_BASELINE,HF9g-P5,,,,X 全窗基线 · 不参与实体赏罚,15056175,1506,A168_HF9F_20260827_0900,2026-08-27 09:00:00
2026-06-28,92755421,1942,0,212.5882620910,76.1141902665,76.1141902665,0.6666667,3,3,0.50665070000000000,0.506650700000,0.5543606114942035,0.5543606114942035,0.5543606114942035,0E-17,ELIGIBLE,R03b_20260811_FULL_v1,L1_ELIGIBILITY,v2026-08-11,2026-03-21..2026-08-06,baccarat_bet02_101_all_pairs_incl_sentinel,round_win = game_pnl > 0 (decisive only),COMPATIBILITY_ONLY_NOT_PRODUCTION,2500103.8841,2280641.3266,9883.8276,11764,10369,-0.00395337,-0.05088190,-0.00239824,-0.00395337,-9883.8276,2500103.8841,OK,0.0000,395.3531,4.0000,96.0000,AG03-UNRESOLVED,ALL5_LEVELS_bet23_to_bet27,395.3531,395.3531,395.3531,395.3531,395.3531,4.000000,4.000000,4.000000,4.000000,4.000000,96.000000,96.000000,96.000000,96.000000,96.000000,5.0,1976.7655,1824.8244,7907.0621,8059.0032,PENDING_AG03,FALSE,NOT_FOR_ENFORCEMENT,9488.4745,2189415.6736,9883.8276,9488.4745,395.3531,0.00395337,0.00379523,395.3531,9488.4745,0.00379523,395.3531,395.3531,395.3531,395.3531,395.3531,9488.4745,0.00379523,1976.7655,1824.8244,7907.0621,8059.0032,0.00316269,0.00322347,0.00015813,212.5216,219.9480,0.9532,119.0823,2.3972,30121.7335,124.9277,49.0469,238.9093,36.5364,75.9244,374.9013,749.8027,789.266,1183.8989,75.8035,-1.1839,10.395423,15.593133,2.799122,29,215,300,5,0.03207536,0.00395337,0.05088190,0E-8,0.000000,0.912219,0.000000,-0.04848366,2026-03-31,2026-08-01,83,4123,1621,124,0.669355,0.205295,0.230786,0.106918,,,,,,,,GLOBAL_BASELINE_NO_ENTITY_RANKING,,,NOT_APPLICABLE_GLOBAL_BASELINE,HF9g-P5,,,,X 全窗基线 · 不参与实体赏罚,15056176,1506,A168_HF9F_20260827_0900,2026-08-27 09:00:00
2026-06-28,92755421,2127,0,227.0138941614,72.8874041455,72.8874041455,0.6666667,4,3,0.49163171282056674,0.418645466667,0.6064238058443092,0.8707745022662297,0.6064238058443092,0.07298624615356674,ELIGIBLE,R03b_20260811_FULL_v1,L1_ELIGIBILITY,v2026-08-11,2026-03-21..2026-08-06,baccarat_bet02_101_all_pairs_incl_sentinel,round_win = game_pnl > 0 (decisive only),COMPATIBILITY_ONLY_NOT_PRODUCTION,2500103.8841,2280641.3266,9883.8276,11764,10369,-0.00395337,-0.05088190,-0.00239824,-0.00395337,-9883.8276,2500103.8841,OK,0.0000,395.3531,4.0000,96.0000,AG03-UNRESOLVED,ALL5_LEVELS_bet23_to_bet27,395.3531,395.3531,395.3531,395.3531,395.3531,4.000000,4.000000,4.000000,4.000000,4.000000,96.000000,96.000000,96.000000,96.000000,96.000000,5.0,1976.7655,1824.8244,7907.0621,8059.0032,PENDING_AG03,FALSE,NOT_FOR_ENFORCEMENT,9488.4745,2189415.6736,9883.8276,9488.4745,395.3531,0.00395337,0.00379523,395.3531,9488.4745,0.00379523,395.3531,395.3531,395.3531,395.3531,395.3531,9488.4745,0.00379523,1976.7655,1824.8244,7907.0621,8059.0032,0.00316269,0.00322347,0.00015813,212.5216,219.9480,0.9532,119.0823,2.3972,30121.7335,124.9277,49.0469,238.9093,36.5364,75.9244,374.9013,749.8027,789.266,1183.8989,75.8035,-1.1839,10.395423,15.593133,2.799122,29,215,300,5,0.03207536,0.00395337,0.05088190,0E-8,0.000000,0.912219,0.000000,-0.04848366,2026-03-31,2026-08-01,83,4123,1621,124,0.669355,0.205295,0.230786,0.106918,,,,,,,,GLOBAL_BASELINE_NO_ENTITY_RANKING,,,NOT_APPLICABLE_GLOBAL_BASELINE,HF9g-P5,,,,X 全窗基线 · 不参与实体赏罚,15056177,1506,A168_HF9F_20260827_0900,2026-08-27 09:00:00
2026-06-28,92755421,2169,0,425.9357679751,227.3935160581,227.3935160581,0.8000000,7,6,0.49667352587716774,0.458179683333,1.356547252917758,1.5340422381504497,1.356547252917758,0.03849384254416774,ELIGIBLE,R03b_20260811_FULL_v1,L1_ELIGIBILITY,v2026-08-11,2026-03-21..2026-08-06,baccarat_bet02_101_all_pairs_incl_sentinel,round_win = game_pnl > 0 (decisive only),COMPATIBILITY_ONLY_NOT_PRODUCTION,2500103.8841,2280641.3266,9883.8276,11764,10369,-0.00395337,-0.05088190,-0.00239824,-0.00395337,-9883.8276,2500103.8841,OK,0.0000,395.3531,4.0000,96.0000,AG03-UNRESOLVED,ALL5_LEVELS_bet23_to_bet27,395.3531,395.3531,395.3531,395.3531,395.3531,4.000000,4.000000,4.000000,4.000000,4.000000,96.000000,96.000000,96.000000,96.000000,96.000000,5.0,1976.7655,1824.8244,7907.0621,8059.0032,PENDING_AG03,FALSE,NOT_FOR_ENFORCEMENT,9488.4745,2189415.6736,9883.8276,9488.4745,395.3531,0.00395337,0.00379523,395.3531,9488.4745,0.00379523,395.3531,395.3531,395.3531,395.3531,395.3531,9488.4745,0.00379523,1976.7655,1824.8244,7907.0621,8059.0032,0.00316269,0.00322347,0.00015813,212.5216,219.9480,0.9532,119.0823,2.3972,30121.7335,124.9277,49.0469,238.9093,36.5364,75.9244,374.9013,749.8027,789.266,1183.8989,75.8035,-1.1839,10.395423,15.593133,2.799122,29,215,300,5,0.03207536,0.00395337,0.05088190,0E-8,0.000000,0.912219,0.000000,-0.04848366,2026-03-31,2026-08-01,83,4123,1621,124,0.669355,0.205295,0.230786,0.106918,,,,,,,,GLOBAL_BASELINE_NO_ENTITY_RANKING,,,NOT_APPLICABLE_GLOBAL_BASELINE,HF9g-P5,,,,X 全窗基线 · 不参与实体赏罚,15056178,1506,A168_HF9F_20260827_0900,2026-08-27 09:00:00
2026-06-28,92755421,2252,0,75.9243793182,72.1281603523,72.1281603523,1.0000000,1,1,0.50665070000000000,0.506650700000,0.9867858985152569,0.9867858985152569,0.9867858985152569,0E-17,ELIGIBLE,R03b_20260811_FULL_v1,L1_ELIGIBILITY,v2026-08-11,2026-03-21..2026-08-06,baccarat_bet02_101_all_pairs_incl_sentinel,round_win = game_pnl > 0 (decisive only),COMPATIBILITY_ONLY_NOT_PRODUCTION,2500103.8841,2280641.3266,9883.8276,11764,10369,-0.00395337,-0.05088190,-0.00239824,-0.00395337,-9883.8276,2500103.8841,OK,0.0000,395.3531,4.0000,96.0000,AG03-UNRESOLVED,ALL5_LEVELS_bet23_to_bet27,395.3531,395.3531,395.3531,395.3531,395.3531,4.000000,4.000000,4.000000,4.000000,4.000000,96.000000,96.000000,96.000000,96.000000,96.000000,5.0,1976.7655,1824.8244,7907.0621,8059.0032,PENDING_AG03,FALSE,NOT_FOR_ENFORCEMENT,9488.4745,2189415.6736,9883.8276,9488.4745,395.3531,0.00395337,0.00379523,395.3531,9488.4745,0.00379523,395.3531,395.3531,395.3531,395.3531,395.3531,9488.4745,0.00379523,1976.7655,1824.8244,7907.0621,8059.0032,0.00316269,0.00322347,0.00015813,212.5216,219.9480,0.9532,119.0823,2.3972,30121.7335,124.9277,49.0469,238.9093,36.5364,75.9244,374.9013,749.8027,789.266,1183.8989,75.8035,-1.1839,10.395423,15.593133,2.799122,29,215,300,5,0.03207536,0.00395337,0.05088190,0E-8,0.000000,0.912219,0.000000,-0.04848366,2026-03-31,2026-08-01,83,4123,1621,124,0.669355,0.205295,0.230786,0.106918,,,,,,,,GLOBAL_BASELINE_NO_ENTITY_RANKING,,,NOT_APPLICABLE_GLOBAL_BASELINE,HF9g-P5,,,,X 全窗基线 · 不参与实体赏罚,15056179,1506,A168_HF9F_20260827_0900,2026-08-27 09:00:00
2026-06-29,92755421,-1,1,2346.4429428291,353.4279857264,353.4279857264,0.5862069,34,32,0.49921499747477327,0.484913312500,0.9369325815606855,1.0914622525724305,0.9369325815606855,0.01430168497477327,SENTINEL_DEALER,R03b_20260811_FULL_v1,L1_ELIGIBILITY,v2026-08-11,2026-03-21..2026-08-06,baccarat_bet02_101_all_pairs_incl_sentinel,round_win = game_pnl > 0 (decisive only),COMPATIBILITY_ONLY_NOT_PRODUCTION,2500103.8841,2280641.3266,9883.8276,11764,10369,-0.00395337,-0.05088190,-0.00239824,-0.00395337,-9883.8276,2500103.8841,OK,0.0000,395.3531,4.0000,96.0000,AG03-UNRESOLVED,ALL5_LEVELS_bet23_to_bet27,395.3531,395.3531,395.3531,395.3531,395.3531,4.000000,4.000000,4.000000,4.000000,4.000000,96.000000,96.000000,96.000000,96.000000,96.000000,5.0,1976.7655,1824.8244,7907.0621,8059.0032,PENDING_AG03,FALSE,NOT_FOR_ENFORCEMENT,9488.4745,2189415.6736,9883.8276,9488.4745,395.3531,0.00395337,0.00379523,395.3531,9488.4745,0.00379523,395.3531,395.3531,395.3531,395.3531,395.3531,9488.4745,0.00379523,1976.7655,1824.8244,7907.0621,8059.0032,0.00316269,0.00322347,0.00015813,212.5216,219.9480,0.9532,119.0823,2.3972,30121.7335,124.9277,49.0469,238.9093,36.5364,75.9244,374.9013,749.8027,789.266,1183.8989,75.8035,-1.1839,10.395423,15.593133,2.799122,29,215,300,5,0.03207536,0.00395337,0.05088190,0E-8,0.000000,0.912219,0.000000,-0.04848366,2026-03-31,2026-08-01,83,4123,1621,124,0.669355,0.205295,0.230786,0.106918,,,,,,,,GLOBAL_BASELINE_NO_ENTITY_RANKING,,,NOT_APPLICABLE_GLOBAL_BASELINE,HF9g-P5,,,,X 全窗基线 · 不参与实体赏罚,15056180,1506,A168_HF9F_20260827_0900,2026-08-27 09:00:00
2026-06-29,92755421,1017,0,75.9243793182,-75.9243793182,-75.9243793182,0E-7,1,1,0.49324550000000000,0.493245500000,-0.9865810262130424,-0.9865810262130424,-0.9865810262130424,0E-17,ELIGIBLE,R03b_20260811_FULL_v1,L1_ELIGIBILITY,v2026-08-11,2026-03-21..2026-08-06,baccarat_bet02_101_all_pairs_incl_sentinel,round_win = game_pnl > 0 (decisive only),COMPATIBILITY_ONLY_NOT_PRODUCTION,2500103.8841,2280641.3266,9883.8276,11764,10369,-0.00395337,-0.05088190,-0.00239824,-0.00395337,-9883.8276,2500103.8841,OK,0.0000,395.3531,4.0000,96.0000,AG03-UNRESOLVED,ALL5_LEVELS_bet23_to_bet27,395.3531,395.3531,395.3531,395.3531,395.3531,4.000000,4.000000,4.000000,4.000000,4.000000,96.000000,96.000000,96.000000,96.000000,96.000000,5.0,1976.7655,1824.8244,7907.0621,8059.0032,PENDING_AG03,FALSE,NOT_FOR_ENFORCEMENT,9488.4745,2189415.6736,9883.8276,9488.4745,395.3531,0.00395337,0.00379523,395.3531,9488.4745,0.00379523,395.3531,395.3531,395.3531,395.3531,395.3531,9488.4745,0.00379523,1976.7655,1824.8244,7907.0621,8059.0032,0.00316269,0.00322347,0.00015813,212.5216,219.9480,0.9532,119.0823,2.3972,30121.7335,124.9277,49.0469,238.9093,36.5364,75.9244,374.9013,749.8027,789.266,1183.8989,75.8035,-1.1839,10.395423,15.593133,2.799122,29,215,300,5,0.03207536,0.00395337,0.05088190,0E-8,0.000000,0.912219,0.000000,-0.04848366,2026-03-31,2026-08-01,83,4123,1621,124,0.669355,0.205295,0.230786,0.106918,,,,,,,,GLOBAL_BASELINE_NO_ENTITY_RANKING,,,NOT_APPLICABLE_GLOBAL_BASELINE,HF9g-P5,,,,X 全窗基线 · 不参与实体赏罚,15056181,1506,A168_HF9F_20260827_0900,2026-08-27 09:00:00
2026-06-29,92755421,1306,0,75.9243793182,72.1281603523,72.1281603523,1.0000000,1,1,0.50665070000000000,0.506650700000,0.9867858985152569,0.9867858985152569,0.9867858985152569,0E-17,ELIGIBLE,R03b_20260811_FULL_v1,L1_ELIGIBILITY,v2026-08-11,2026-03-21..2026-08-06,baccarat_bet02_101_all_pairs_incl_sentinel,round_win = game_pnl > 0 (decisive only),COMPATIBILITY_ONLY_NOT_PRODUCTION,2500103.8841,2280641.3266,9883.8276,11764,10369,-0.00395337,-0.05088190,-0.00239824,-0.00395337,-9883.8276,2500103.8841,OK,0.0000,395.3531,4.0000,96.0000,AG03-UNRESOLVED,ALL5_LEVELS_bet23_to_bet27,395.3531,395.3531,395.3531,395.3531,395.3531,4.000000,4.000000,4.000000,4.000000,4.000000,96.000000,96.000000,96.000000,96.000000,96.000000,5.0,1976.7655,1824.8244,7907.0621,8059.0032,PENDING_AG03,FALSE,NOT_FOR_ENFORCEMENT,9488.4745,2189415.6736,9883.8276,9488.4745,395.3531,0.00395337,0.00379523,395.3531,9488.4745,0.00379523,395.3531,395.3531,395.3531,395.3531,395.3531,9488.4745,0.00379523,1976.7655,1824.8244,7907.0621,8059.0032,0.00316269,0.00322347,0.00015813,212.5216,219.9480,0.9532,119.0823,2.3972,30121.7335,124.9277,49.0469,238.9093,36.5364,75.9244,374.9013,749.8027,789.266,1183.8989,75.8035,-1.1839,10.395423,15.593133,2.799122,29,215,300,5,0.03207536,0.00395337,0.05088190,0E-8,0.000000,0.912219,0.000000,-0.04848366,2026-03-31,2026-08-01,83,4123,1621,124,0.669355,0.205295,0.230786,0.106918,,,,,,,,GLOBAL_BASELINE_NO_ENTITY_RANKING,,,NOT_APPLICABLE_GLOBAL_BASELINE,HF9g-P5,,,,X 全窗基线 · 不参与实体赏罚,15056182,1506,A168_HF9F_20260827_0900,2026-08-27 09:00:00
2026-06-29,92755421,1318,0,652.9496621365,220.5603219195,220.5603219195,0.8000000,8,7,0.50218230000000000,0.501863128571,1.3318939303776811,1.3333178788150823,1.3318939303776811,0.00031917142900000,ELIGIBLE,R03b_20260811_FULL_v1,L1_ELIGIBILITY,v2026-08-11,2026-03-21..2026-08-06,baccarat_bet02_101_all_pairs_incl_sentinel,round_win = game_pnl > 0 (decisive only),COMPATIBILITY_ONLY_NOT_PRODUCTION,2500103.8841,2280641.3266,9883.8276,11764,10369,-0.00395337,-0.05088190,-0.00239824,-0.00395337,-9883.8276,2500103.8841,OK,0.0000,395.3531,4.0000,96.0000,AG03-UNRESOLVED,ALL5_LEVELS_bet23_to_bet27,395.3531,395.3531,395.3531,395.3531,395.3531,4.000000,4.000000,4.000000,4.000000,4.000000,96.000000,96.000000,96.000000,96.000000,96.000000,5.0,1976.7655,1824.8244,7907.0621,8059.0032,PENDING_AG03,FALSE,NOT_FOR_ENFORCEMENT,9488.4745,2189415.6736,9883.8276,9488.4745,395.3531,0.00395337,0.00379523,395.3531,9488.4745,0.00379523,395.3531,395.3531,395.3531,395.3531,395.3531,9488.4745,0.00379523,1976.7655,1824.8244,7907.0621,8059.0032,0.00316269,0.00322347,0.00015813,212.5216,219.9480,0.9532,119.0823,2.3972,30121.7335,124.9277,49.0469,238.9093,36.5364,75.9244,374.9013,749.8027,789.266,1183.8989,75.8035,-1.1839,10.395423,15.593133,2.799122,29,215,300,5,0.03207536,0.00395337,0.05088190,0E-8,0.000000,0.912219,0.000000,-0.04848366,2026-03-31,2026-08-01,83,4123,1621,124,0.669355,0.205295,0.230786,0.106918,,,,,,,,GLOBAL_BASELINE_NO_ENTITY_RANKING,,,NOT_APPLICABLE_GLOBAL_BASELINE,HF9g-P5,,,,X 全窗基线 · 不参与实体赏罚,15056183,1506,A168_HF9F_20260827_0900,2026-08-27 09:00:00
2026-06-29,92755421,1323,0,75.9243793182,-75.9243793182,-75.9243793182,0E-7,1,1,0.50665070000000000,0.506650700000,-1.013391052207602,-1.013391052207602,-1.013391052207602,0E-17,ELIGIBLE,R03b_20260811_FULL_v1,L1_ELIGIBILITY,v2026-08-11,2026-03-21..2026-08-06,baccarat_bet02_101_all_pairs_incl_sentinel,round_win = game_pnl > 0 (decisive only),COMPATIBILITY_ONLY_NOT_PRODUCTION,2500103.8841,2280641.3266,9883.8276,11764,10369,-0.00395337,-0.05088190,-0.00239824,-0.00395337,-9883.8276,2500103.8841,OK,0.0000,395.3531,4.0000,96.0000,AG03-UNRESOLVED,ALL5_LEVELS_bet23_to_bet27,395.3531,395.3531,395.3531,395.3531,395.3531,4.000000,4.000000,4.000000,4.000000,4.000000,96.000000,96.000000,96.000000,96.000000,96.000000,5.0,1976.7655,1824.8244,7907.0621,8059.0032,PENDING_AG03,FALSE,NOT_FOR_ENFORCEMENT,9488.4745,2189415.6736,9883.8276,9488.4745,395.3531,0.00395337,0.00379523,395.3531,9488.4745,0.00379523,395.3531,395.3531,395.3531,395.3531,395.3531,9488.4745,0.00379523,1976.7655,1824.8244,7907.0621,8059.0032,0.00316269,0.00322347,0.00015813,212.5216,219.9480,0.9532,119.0823,2.3972,30121.7335,124.9277,49.0469,238.9093,36.5364,75.9244,374.9013,749.8027,789.266,1183.8989,75.8035,-1.1839,10.395423,15.593133,2.799122,29,215,300,5,0.03207536,0.00395337,0.05088190,0E-8,0.000000,0.912219,0.000000,-0.04848366,2026-03-31,2026-08-01,83,4123,1621,124,0.669355,0.205295,0.230786,0.106918,,,,,,,,GLOBAL_BASELINE_NO_ENTITY_RANKING,,,NOT_APPLICABLE_GLOBAL_BASELINE,HF9g-P5,,,,X 全窗基线 · 不参与实体赏罚,15056184,1506,A168_HF9F_20260827_0900,2026-08-27 09:00:00
2026-06-29,92755421,1353,0,75.9243793182,-75.9243793182,-75.9243793182,0E-7,1,1,0.50665070000000000,0.506650700000,-1.013391052207602,-1.013391052207602,-1.013391052207602,0E-17,ELIGIBLE,R03b_20260811_FULL_v1,L1_ELIGIBILITY,v2026-08-11,2026-03-21..2026-08-06,baccarat_bet02_101_all_pairs_incl_sentinel,round_win = game_pnl > 0 (decisive only),COMPATIBILITY_ONLY_NOT_PRODUCTION,2500103.8841,2280641.3266,9883.8276,11764,10369,-0.00395337,-0.05088190,-0.00239824,-0.00395337,-9883.8276,2500103.8841,OK,0.0000,395.3531,4.0000,96.0000,AG03-UNRESOLVED,ALL5_LEVELS_bet23_to_bet27,395.3531,395.3531,395.3531,395.3531,395.3531,4.000000,4.000000,4.000000,4.000000,4.000000,96.000000,96.000000,96.000000,96.000000,96.000000,5.0,1976.7655,1824.8244,7907.0621,8059.0032,PENDING_AG03,FALSE,NOT_FOR_ENFORCEMENT,9488.4745,2189415.6736,9883.8276,9488.4745,395.3531,0.00395337,0.00379523,395.3531,9488.4745,0.00379523,395.3531,395.3531,395.3531,395.3531,395.3531,9488.4745,0.00379523,1976.7655,1824.8244,7907.0621,8059.0032,0.00316269,0.00322347,0.00015813,212.5216,219.9480,0.9532,119.0823,2.3972,30121.7335,124.9277,49.0469,238.9093,36.5364,75.9244,374.9013,749.8027,789.266,1183.8989,75.8035,-1.1839,10.395423,15.593133,2.799122,29,215,300,5,0.03207536,0.00395337,0.05088190,0E-8,0.000000,0.912219,0.000000,-0.04848366,2026-03-31,2026-08-01,83,4123,1621,124,0.669355,0.205295,0.230786,0.106918,,,,,,,,GLOBAL_BASELINE_NO_ENTITY_RANKING,,,NOT_APPLICABLE_GLOBAL_BASELINE,HF9g-P5,,,,X 全窗基线 · 不参与实体赏罚,15056185,1506,A168_HF9F_20260827_0900,2026-08-27 09:00:00
2026-06-29,92755421,1396,0,790.3727887025,-19.7403386228,-19.7403386228,0.5000000,12,11,0.49877129593300059,0.477774654545,0.00777103030815755,0.14070450205079096,0.00777103030815755,0.02099664138800059,ELIGIBLE,R03b_20260811_FULL_v1,L1_ELIGIBILITY,v2026-08-11,2026-03-21..2026-08-06,baccarat_bet02_101_all_pairs_incl_sentinel,round_win = game_pnl > 0 (decisive only),COMPATIBILITY_ONLY_NOT_PRODUCTION,2500103.8841,2280641.3266,9883.8276,11764,10369,-0.00395337,-0.05088190,-0.00239824,-0.00395337,-9883.8276,2500103.8841,OK,0.0000,395.3531,4.0000,96.0000,AG03-UNRESOLVED,ALL5_LEVELS_bet23_to_bet27,395.3531,395.3531,395.3531,395.3531,395.3531,4.000000,4.000000,4.000000,4.000000,4.000000,96.000000,96.000000,96.000000,96.000000,96.000000,5.0,1976.7655,1824.8244,7907.0621,8059.0032,PENDING_AG03,FALSE,NOT_FOR_ENFORCEMENT,9488.4745,2189415.6736,9883.8276,9488.4745,395.3531,0.00395337,0.00379523,395.3531,9488.4745,0.00379523,395.3531,395.3531,395.3531,395.3531,395.3531,9488.4745,0.00379523,1976.7655,1824.8244,7907.0621,8059.0032,0.00316269,0.00322347,0.00015813,212.5216,219.9480,0.9532,119.0823,2.3972,30121.7335,124.9277,49.0469,238.9093,36.5364,75.9244,374.9013,749.8027,789.266,1183.8989,75.8035,-1.1839,10.395423,15.593133,2.799122,29,215,300,5,0.03207536,0.00395337,0.05088190,0E-8,0.000000,0.912219,0.000000,-0.04848366,2026-03-31,2026-08-01,83,4123,1621,124,0.669355,0.205295,0.230786,0.106918,,,,,,,,GLOBAL_BASELINE_NO_ENTITY_RANKING,,,NOT_APPLICABLE_GLOBAL_BASELINE,HF9g-P5,,,,X 全窗基线 · 不参与实体赏罚,15056186,1506,A168_HF9F_20260827_0900,2026-08-27 09:00:00
2026-06-29,92755421,1400,0,227.7731379546,-75.9243793182,-75.9243793182,0.3333333,3,3,0.50218230000000000,0.502182300000,-0.5849155494134425,-0.5849155494134426,-0.5849155494134425,0E-17,ELIGIBLE,R03b_20260811_FULL_v1,L1_ELIGIBILITY,v2026-08-11,2026-03-21..2026-08-06,baccarat_bet02_101_all_pairs_incl_sentinel,round_win = game_pnl > 0 (decisive only),COMPATIBILITY_ONLY_NOT_PRODUCTION,2500103.8841,2280641.3266,9883.8276,11764,10369,-0.00395337,-0.05088190,-0.00239824,-0.00395337,-9883.8276,2500103.8841,OK,0.0000,395.3531,4.0000,96.0000,AG03-UNRESOLVED,ALL5_LEVELS_bet23_to_bet27,395.3531,395.3531,395.3531,395.3531,395.3531,4.000000,4.000000,4.000000,4.000000,4.000000,96.000000,96.000000,96.000000,96.000000,96.000000,5.0,1976.7655,1824.8244,7907.0621,8059.0032,PENDING_AG03,FALSE,NOT_FOR_ENFORCEMENT,9488.4745,2189415.6736,9883.8276,9488.4745,395.3531,0.00395337,0.00379523,395.3531,9488.4745,0.00379523,395.3531,395.3531,395.3531,395.3531,395.3531,9488.4745,0.00379523,1976.7655,1824.8244,7907.0621,8059.0032,0.00316269,0.00322347,0.00015813,212.5216,219.9480,0.9532,119.0823,2.3972,30121.7335,124.9277,49.0469,238.9093,36.5364,75.9244,374.9013,749.8027,789.266,1183.8989,75.8035,-1.1839,10.395423,15.593133,2.799122,29,215,300,5,0.03207536,0.00395337,0.05088190,0E-8,0.000000,0.912219,0.000000,-0.04848366,2026-03-31,2026-08-01,83,4123,1621,124,0.669355,0.205295,0.230786,0.106918,,,,,,,,GLOBAL_BASELINE_NO_ENTITY_RANKING,,,NOT_APPLICABLE_GLOBAL_BASELINE,HF9g-P5,,,,X 全窗基线 · 不参与实体赏罚,15056187,1506,A168_HF9F_20260827_0900,2026-08-27 09:00:00
2026-06-29,92755421,1485,0,75.9243793182,-75.9243793182,-75.9243793182,0E-7,1,1,0.49324550000000000,0.493245500000,-0.9865810262130424,-0.9865810262130424,-0.9865810262130424,0E-17,ELIGIBLE,R03b_20260811_FULL_v1,L1_ELIGIBILITY,v2026-08-11,2026-03-21..2026-08-06,baccarat_bet02_101_all_pairs_incl_sentinel,round_win = game_pnl > 0 (decisive only),COMPATIBILITY_ONLY_NOT_PRODUCTION,2500103.8841,2280641.3266,9883.8276,11764,10369,-0.00395337,-0.05088190,-0.00239824,-0.00395337,-9883.8276,2500103.8841,OK,0.0000,395.3531,4.0000,96.0000,AG03-UNRESOLVED,ALL5_LEVELS_bet23_to_bet27,395.3531,395.3531,395.3531,395.3531,395.3531,4.000000,4.000000,4.000000,4.000000,4.000000,96.000000,96.000000,96.000000,96.000000,96.000000,5.0,1976.7655,1824.8244,7907.0621,8059.0032,PENDING_AG03,FALSE,NOT_FOR_ENFORCEMENT,9488.4745,2189415.6736,9883.8276,9488.4745,395.3531,0.00395337,0.00379523,395.3531,9488.4745,0.00379523,395.3531,395.3531,395.3531,395.3531,395.3531,9488.4745,0.00379523,1976.7655,1824.8244,7907.0621,8059.0032,0.00316269,0.00322347,0.00015813,212.5216,219.9480,0.9532,119.0823,2.3972,30121.7335,124.9277,49.0469,238.9093,36.5364,75.9244,374.9013,749.8027,789.266,1183.8989,75.8035,-1.1839,10.395423,15.593133,2.799122,29,215,300,5,0.03207536,0.00395337,0.05088190,0E-8,0.000000,0.912219,0.000000,-0.04848366,2026-03-31,2026-08-01,83,4123,1621,124,0.669355,0.205295,0.230786,0.106918,,,,,,,,GLOBAL_BASELINE_NO_ENTITY_RANKING,,,NOT_APPLICABLE_GLOBAL_BASELINE,HF9g-P5,,,,X 全窗基线 · 不参与实体赏罚,15056188,1506,A168_HF9F_20260827_0900,2026-08-27 09:00:00
2026-06-29,92755421,1646,0,280.9202034773,-18.9810948296,-18.9810948296,0.5000000,4,4,0.49659680000000000,0.496596800000,0.013613115331600182,0.013613115331600183,0.013613115331600182,0E-17,ELIGIBLE,R03b_20260811_FULL_v1,L1_ELIGIBILITY,v2026-08-11,2026-03-21..2026-08-06,baccarat_bet02_101_all_pairs_incl_sentinel,round_win = game_pnl > 0 (decisive only),COMPATIBILITY_ONLY_NOT_PRODUCTION,2500103.8841,2280641.3266,9883.8276,11764,10369,-0.00395337,-0.05088190,-0.00239824,-0.00395337,-9883.8276,2500103.8841,OK,0.0000,395.3531,4.0000,96.0000,AG03-UNRESOLVED,ALL5_LEVELS_bet23_to_bet27,395.3531,395.3531,395.3531,395.3531,395.3531,4.000000,4.000000,4.000000,4.000000,4.000000,96.000000,96.000000,96.000000,96.000000,96.000000,5.0,1976.7655,1824.8244,7907.0621,8059.0032,PENDING_AG03,FALSE,NOT_FOR_ENFORCEMENT,9488.4745,2189415.6736,9883.8276,9488.4745,395.3531,0.00395337,0.00379523,395.3531,9488.4745,0.00379523,395.3531,395.3531,395.3531,395.3531,395.3531,9488.4745,0.00379523,1976.7655,1824.8244,7907.0621,8059.0032,0.00316269,0.00322347,0.00015813,212.5216,219.9480,0.9532,119.0823,2.3972,30121.7335,124.9277,49.0469,238.9093,36.5364,75.9244,374.9013,749.8027,789.266,1183.8989,75.8035,-1.1839,10.395423,15.593133,2.799122,29,215,300,5,0.03207536,0.00395337,0.05088190,0E-8,0.000000,0.912219,0.000000,-0.04848366,2026-03-31,2026-08-01,83,4123,1621,124,0.669355,0.205295,0.230786,0.106918,,,,,,,,GLOBAL_BASELINE_NO_ENTITY_RANKING,,,NOT_APPLICABLE_GLOBAL_BASELINE,HF9g-P5,,,,X 全窗基线 · 不参与实体赏罚,15056189,1506,A168_HF9F_20260827_0900,2026-08-27 09:00:00
2026-06-29,92755421,1942,0,184.4962417432,37.5825677625,37.5825677625,0.5000000,2,2,0.49994810000000000,0.499948100000,0.00014679536856514622,0.00014679536856514622,0.00014679536856514622,0E-17,ELIGIBLE,R03b_20260811_FULL_v1,L1_ELIGIBILITY,v2026-08-11,2026-03-21..2026-08-06,baccarat_bet02_101_all_pairs_incl_sentinel,round_win = game_pnl > 0 (decisive only),COMPATIBILITY_ONLY_NOT_PRODUCTION,2500103.8841,2280641.3266,9883.8276,11764,10369,-0.00395337,-0.05088190,-0.00239824,-0.00395337,-9883.8276,2500103.8841,OK,0.0000,395.3531,4.0000,96.0000,AG03-UNRESOLVED,ALL5_LEVELS_bet23_to_bet27,395.3531,395.3531,395.3531,395.3531,395.3531,4.000000,4.000000,4.000000,4.000000,4.000000,96.000000,96.000000,96.000000,96.000000,96.000000,5.0,1976.7655,1824.8244,7907.0621,8059.0032,PENDING_AG03,FALSE,NOT_FOR_ENFORCEMENT,9488.4745,2189415.6736,9883.8276,9488.4745,395.3531,0.00395337,0.00379523,395.3531,9488.4745,0.00379523,395.3531,395.3531,395.3531,395.3531,395.3531,9488.4745,0.00379523,1976.7655,1824.8244,7907.0621,8059.0032,0.00316269,0.00322347,0.00015813,212.5216,219.9480,0.9532,119.0823,2.3972,30121.7335,124.9277,49.0469,238.9093,36.5364,75.9244,374.9013,749.8027,789.266,1183.8989,75.8035,-1.1839,10.395423,15.593133,2.799122,29,215,300,5,0.03207536,0.00395337,0.05088190,0E-8,0.000000,0.912219,0.000000,-0.04848366,2026-03-31,2026-08-01,83,4123,1621,124,0.669355,0.205295,0.230786,0.106918,,,,,,,,GLOBAL_BASELINE_NO_ENTITY_RANKING,,,NOT_APPLICABLE_GLOBAL_BASELINE,HF9g-P5,,,,X 全窗基线 · 不参与实体赏罚,15056190,1506,A168_HF9F_20260827_0900,2026-08-27 09:00:00
2026-06-29,92755421,1951,0,561.8404069547,543.4287449701,543.4287449701,1.0000000,8,8,0.50162375000000000,0.501623750000,2.819256673999432,2.819256673999432,2.819256673999432,0E-17,ELIGIBLE,R03b_20260811_FULL_v1,L1_ELIGIBILITY,v2026-08-11,2026-03-21..2026-08-06,baccarat_bet02_101_all_pairs_incl_sentinel,round_win = game_pnl > 0 (decisive only),COMPATIBILITY_ONLY_NOT_PRODUCTION,2500103.8841,2280641.3266,9883.8276,11764,10369,-0.00395337,-0.05088190,-0.00239824,-0.00395337,-9883.8276,2500103.8841,OK,0.0000,395.3531,4.0000,96.0000,AG03-UNRESOLVED,ALL5_LEVELS_bet23_to_bet27,395.3531,395.3531,395.3531,395.3531,395.3531,4.000000,4.000000,4.000000,4.000000,4.000000,96.000000,96.000000,96.000000,96.000000,96.000000,5.0,1976.7655,1824.8244,7907.0621,8059.0032,PENDING_AG03,FALSE,NOT_FOR_ENFORCEMENT,9488.4745,2189415.6736,9883.8276,9488.4745,395.3531,0.00395337,0.00379523,395.3531,9488.4745,0.00379523,395.3531,395.3531,395.3531,395.3531,395.3531,9488.4745,0.00379523,1976.7655,1824.8244,7907.0621,8059.0032,0.00316269,0.00322347,0.00015813,212.5216,219.9480,0.9532,119.0823,2.3972,30121.7335,124.9277,49.0469,238.9093,36.5364,75.9244,374.9013,749.8027,789.266,1183.8989,75.8035,-1.1839,10.395423,15.593133,2.799122,29,215,300,5,0.03207536,0.00395337,0.05088190,0E-8,0.000000,0.912219,0.000000,-0.04848366,2026-03-31,2026-08-01,83,4123,1621,124,0.669355,0.205295,0.230786,0.106918,,,,,,,,GLOBAL_BASELINE_NO_ENTITY_RANKING,,,NOT_APPLICABLE_GLOBAL_BASELINE,HF9g-P5,,,,X 全窗基线 · 不参与实体赏罚,15056191,1506,A168_HF9F_20260827_0900,2026-08-27 09:00:00
2026-06-29,92755421,1963,0,493.5084655683,345.8355477944,345.8355477944,0.8571429,7,7,0.49899058571428571,0.498990585714,1.8951675454273618,1.8951675454288757,1.8951675454273618,2.8571E-13,ELIGIBLE,R03b_20260811_FULL_v1,L1_ELIGIBILITY,v2026-08-11,2026-03-21..2026-08-06,baccarat_bet02_101_all_pairs_incl_sentinel,round_win = game_pnl > 0 (decisive only),COMPATIBILITY_ONLY_NOT_PRODUCTION,2500103.8841,2280641.3266,9883.8276,11764,10369,-0.00395337,-0.05088190,-0.00239824,-0.00395337,-9883.8276,2500103.8841,OK,0.0000,395.3531,4.0000,96.0000,AG03-UNRESOLVED,ALL5_LEVELS_bet23_to_bet27,395.3531,395.3531,395.3531,395.3531,395.3531,4.000000,4.000000,4.000000,4.000000,4.000000,96.000000,96.000000,96.000000,96.000000,96.000000,5.0,1976.7655,1824.8244,7907.0621,8059.0032,PENDING_AG03,FALSE,NOT_FOR_ENFORCEMENT,9488.4745,2189415.6736,9883.8276,9488.4745,395.3531,0.00395337,0.00379523,395.3531,9488.4745,0.00379523,395.3531,395.3531,395.3531,395.3531,395.3531,9488.4745,0.00379523,1976.7655,1824.8244,7907.0621,8059.0032,0.00316269,0.00322347,0.00015813,212.5216,219.9480,0.9532,119.0823,2.3972,30121.7335,124.9277,49.0469,238.9093,36.5364,75.9244,374.9013,749.8027,789.266,1183.8989,75.8035,-1.1839,10.395423,15.593133,2.799122,29,215,300,5,0.03207536,0.00395337,0.05088190,0E-8,0.000000,0.912219,0.000000,-0.04848366,2026-03-31,2026-08-01,83,4123,1621,124,0.669355,0.205295,0.230786,0.106918,,,,,,,,GLOBAL_BASELINE_NO_ENTITY_RANKING,,,NOT_APPLICABLE_GLOBAL_BASELINE,HF9g-P5,,,,X 全窗基线 · 不参与实体赏罚,15056192,1506,A168_HF9F_20260827_0900,2026-08-27 09:00:00
2026-06-29,92755421,1994,0,75.9243793182,-75.9243793182,-75.9243793182,0E-7,1,1,0.49324550000000000,0.493245500000,-0.9865810262130424,-0.9865810262130424,-0.9865810262130424,0E-17,ELIGIBLE,R03b_20260811_FULL_v1,L1_ELIGIBILITY,v2026-08-11,2026-03-21..2026-08-06,baccarat_bet02_101_all_pairs_incl_sentinel,round_win = game_pnl > 0 (decisive only),COMPATIBILITY_ONLY_NOT_PRODUCTION,2500103.8841,2280641.3266,9883.8276,11764,10369,-0.00395337,-0.05088190,-0.00239824,-0.00395337,-9883.8276,2500103.8841,OK,0.0000,395.3531,4.0000,96.0000,AG03-UNRESOLVED,ALL5_LEVELS_bet23_to_bet27,395.3531,395.3531,395.3531,395.3531,395.3531,4.000000,4.000000,4.000000,4.000000,4.000000,96.000000,96.000000,96.000000,96.000000,96.000000,5.0,1976.7655,1824.8244,7907.0621,8059.0032,PENDING_AG03,FALSE,NOT_FOR_ENFORCEMENT,9488.4745,2189415.6736,9883.8276,9488.4745,395.3531,0.00395337,0.00379523,395.3531,9488.4745,0.00379523,395.3531,395.3531,395.3531,395.3531,395.3531,9488.4745,0.00379523,1976.7655,1824.8244,7907.0621,8059.0032,0.00316269,0.00322347,0.00015813,212.5216,219.9480,0.9532,119.0823,2.3972,30121.7335,124.9277,49.0469,238.9093,36.5364,75.9244,374.9013,749.8027,789.266,1183.8989,75.8035,-1.1839,10.395423,15.593133,2.799122,29,215,300,5,0.03207536,0.00395337,0.05088190,0E-8,0.000000,0.912219,0.000000,-0.04848366,2026-03-31,2026-08-01,83,4123,1621,124,0.669355,0.205295,0.230786,0.106918,,,,,,,,GLOBAL_BASELINE_NO_ENTITY_RANKING,,,NOT_APPLICABLE_GLOBAL_BASELINE,HF9g-P5,,,,X 全窗基线 · 不参与实体赏罚,15056193,1506,A168_HF9F_20260827_0900,2026-08-27 09:00:00
2026-06-29,92755421,2059,0,227.7731379546,75.9243793182,75.9243793182,1.0000000,3,3,0.50218230000000000,0.502182300000,0.99564488342984,0.99564488342984,0.99564488342984,0E-17,ELIGIBLE,R03b_20260811_FULL_v1,L1_ELIGIBILITY,v2026-08-11,2026-03-21..2026-08-06,baccarat_bet02_101_all_pairs_incl_sentinel,round_win = game_pnl > 0 (decisive only),COMPATIBILITY_ONLY_NOT_PRODUCTION,2500103.8841,2280641.3266,9883.8276,11764,10369,-0.00395337,-0.05088190,-0.00239824,-0.00395337,-9883.8276,2500103.8841,OK,0.0000,395.3531,4.0000,96.0000,AG03-UNRESOLVED,ALL5_LEVELS_bet23_to_bet27,395.3531,395.3531,395.3531,395.3531,395.3531,4.000000,4.000000,4.000000,4.000000,4.000000,96.000000,96.000000,96.000000,96.000000,96.000000,5.0,1976.7655,1824.8244,7907.0621,8059.0032,PENDING_AG03,FALSE,NOT_FOR_ENFORCEMENT,9488.4745,2189415.6736,9883.8276,9488.4745,395.3531,0.00395337,0.00379523,395.3531,9488.4745,0.00379523,395.3531,395.3531,395.3531,395.3531,395.3531,9488.4745,0.00379523,1976.7655,1824.8244,7907.0621,8059.0032,0.00316269,0.00322347,0.00015813,212.5216,219.9480,0.9532,119.0823,2.3972,30121.7335,124.9277,49.0469,238.9093,36.5364,75.9244,374.9013,749.8027,789.266,1183.8989,75.8035,-1.1839,10.395423,15.593133,2.799122,29,215,300,5,0.03207536,0.00395337,0.05088190,0E-8,0.000000,0.912219,0.000000,-0.04848366,2026-03-31,2026-08-01,83,4123,1621,124,0.669355,0.205295,0.230786,0.106918,,,,,,,,GLOBAL_BASELINE_NO_ENTITY_RANKING,,,NOT_APPLICABLE_GLOBAL_BASELINE,HF9g-P5,,,,X 全窗基线 · 不参与实体赏罚,15056194,1506,A168_HF9F_20260827_0900,2026-08-27 09:00:00
2026-06-29,92755421,2101,0,151.8487586364,0E-10,0E-10,0.5000000,2,2,0.49994810000000000,0.499948100000,0.00014679536856514622,0.00014679536856514622,0.00014679536856514622,0E-17,ELIGIBLE,R03b_20260811_FULL_v1,L1_ELIGIBILITY,v2026-08-11,2026-03-21..2026-08-06,baccarat_bet02_101_all_pairs_incl_sentinel,round_win = game_pnl > 0 (decisive only),COMPATIBILITY_ONLY_NOT_PRODUCTION,2500103.8841,2280641.3266,9883.8276,11764,10369,-0.00395337,-0.05088190,-0.00239824,-0.00395337,-9883.8276,2500103.8841,OK,0.0000,395.3531,4.0000,96.0000,AG03-UNRESOLVED,ALL5_LEVELS_bet23_to_bet27,395.3531,395.3531,395.3531,395.3531,395.3531,4.000000,4.000000,4.000000,4.000000,4.000000,96.000000,96.000000,96.000000,96.000000,96.000000,5.0,1976.7655,1824.8244,7907.0621,8059.0032,PENDING_AG03,FALSE,NOT_FOR_ENFORCEMENT,9488.4745,2189415.6736,9883.8276,9488.4745,395.3531,0.00395337,0.00379523,395.3531,9488.4745,0.00379523,395.3531,395.3531,395.3531,395.3531,395.3531,9488.4745,0.00379523,1976.7655,1824.8244,7907.0621,8059.0032,0.00316269,0.00322347,0.00015813,212.5216,219.9480,0.9532,119.0823,2.3972,30121.7335,124.9277,49.0469,238.9093,36.5364,75.9244,374.9013,749.8027,789.266,1183.8989,75.8035,-1.1839,10.395423,15.593133,2.799122,29,215,300,5,0.03207536,0.00395337,0.05088190,0E-8,0.000000,0.912219,0.000000,-0.04848366,2026-03-31,2026-08-01,83,4123,1621,124,0.669355,0.205295,0.230786,0.106918,,,,,,,,GLOBAL_BASELINE_NO_ENTITY_RANKING,,,NOT_APPLICABLE_GLOBAL_BASELINE,HF9g-P5,,,,X 全窗基线 · 不参与实体赏罚,15056195,1506,A168_HF9F_20260827_0900,2026-08-27 09:00:00
2026-06-29,92755421,2108,0,296.1050793410,-14.8052539670,-14.8052539670,0.5000000,4,4,0.50329940000000000,0.503299400000,-0.01319788734859681,-0.01319788734859681,-0.01319788734859681,0E-17,ELIGIBLE,R03b_20260811_FULL_v1,L1_ELIGIBILITY,v2026-08-11,2026-03-21..2026-08-06,baccarat_bet02_101_all_pairs_incl_sentinel,round_win = game_pnl > 0 (decisive only),COMPATIBILITY_ONLY_NOT_PRODUCTION,2500103.8841,2280641.3266,9883.8276,11764,10369,-0.00395337,-0.05088190,-0.00239824,-0.00395337,-9883.8276,2500103.8841,OK,0.0000,395.3531,4.0000,96.0000,AG03-UNRESOLVED,ALL5_LEVELS_bet23_to_bet27,395.3531,395.3531,395.3531,395.3531,395.3531,4.000000,4.000000,4.000000,4.000000,4.000000,96.000000,96.000000,96.000000,96.000000,96.000000,5.0,1976.7655,1824.8244,7907.0621,8059.0032,PENDING_AG03,FALSE,NOT_FOR_ENFORCEMENT,9488.4745,2189415.6736,9883.8276,9488.4745,395.3531,0.00395337,0.00379523,395.3531,9488.4745,0.00379523,395.3531,395.3531,395.3531,395.3531,395.3531,9488.4745,0.00379523,1976.7655,1824.8244,7907.0621,8059.0032,0.00316269,0.00322347,0.00015813,212.5216,219.9480,0.9532,119.0823,2.3972,30121.7335,124.9277,49.0469,238.9093,36.5364,75.9244,374.9013,749.8027,789.266,1183.8989,75.8035,-1.1839,10.395423,15.593133,2.799122,29,215,300,5,0.03207536,0.00395337,0.05088190,0E-8,0.000000,0.912219,0.000000,-0.04848366,2026-03-31,2026-08-01,83,4123,1621,124,0.669355,0.205295,0.230786,0.106918,,,,,,,,GLOBAL_BASELINE_NO_ENTITY_RANKING,,,NOT_APPLICABLE_GLOBAL_BASELINE,HF9g-P5,,,,X 全窗基线 · 不参与实体赏罚,15056196,1506,A168_HF9F_20260827_0900,2026-08-27 09:00:00
2026-06-29,92755421,2121,0,479.4624553944,337.1042441728,337.1042441728,0.8333333,8,7,0.49766170448176069,0.465104114286,1.644466406383153,1.8083569212914994,1.644466406383153,0.03255759019576069,ELIGIBLE,R03b_20260811_FULL_v1,L1_ELIGIBILITY,v2026-08-11,2026-03-21..2026-08-06,baccarat_bet02_101_all_pairs_incl_sentinel,round_win = game_pnl > 0 (decisive only),COMPATIBILITY_ONLY_NOT_PRODUCTION,2500103.8841,2280641.3266,9883.8276,11764,10369,-0.00395337,-0.05088190,-0.00239824,-0.00395337,-9883.8276,2500103.8841,OK,0.0000,395.3531,4.0000,96.0000,AG03-UNRESOLVED,ALL5_LEVELS_bet23_to_bet27,395.3531,395.3531,395.3531,395.3531,395.3531,4.000000,4.000000,4.000000,4.000000,4.000000,96.000000,96.000000,96.000000,96.000000,96.000000,5.0,1976.7655,1824.8244,7907.0621,8059.0032,PENDING_AG03,FALSE,NOT_FOR_ENFORCEMENT,9488.4745,2189415.6736,9883.8276,9488.4745,395.3531,0.00395337,0.00379523,395.3531,9488.4745,0.00379523,395.3531,395.3531,395.3531,395.3531,395.3531,9488.4745,0.00379523,1976.7655,1824.8244,7907.0621,8059.0032,0.00316269,0.00322347,0.00015813,212.5216,219.9480,0.9532,119.0823,2.3972,30121.7335,124.9277,49.0469,238.9093,36.5364,75.9244,374.9013,749.8027,789.266,1183.8989,75.8035,-1.1839,10.395423,15.593133,2.799122,29,215,300,5,0.03207536,0.00395337,0.05088190,0E-8,0.000000,0.912219,0.000000,-0.04848366,2026-03-31,2026-08-01,83,4123,1621,124,0.669355,0.205295,0.230786,0.106918,,,,,,,,GLOBAL_BASELINE_NO_ENTITY_RANKING,,,NOT_APPLICABLE_GLOBAL_BASELINE,HF9g-P5,,,,X 全窗基线 · 不参与实体赏罚,15056197,1506,A168_HF9F_20260827_0900,2026-08-27 09:00:00
2026-06-29,92755421,2130,0,227.7731379546,75.9243793182,75.9243793182,0.6666667,3,3,0.49771390000000000,0.497713900000,0.5852756695216578,0.5852756695216578,0.5852756695216578,0E-17,ELIGIBLE,R03b_20260811_FULL_v1,L1_ELIGIBILITY,v2026-08-11,2026-03-21..2026-08-06,baccarat_bet02_101_all_pairs_incl_sentinel,round_win = game_pnl > 0 (decisive only),COMPATIBILITY_ONLY_NOT_PRODUCTION,2500103.8841,2280641.3266,9883.8276,11764,10369,-0.00395337,-0.05088190,-0.00239824,-0.00395337,-9883.8276,2500103.8841,OK,0.0000,395.3531,4.0000,96.0000,AG03-UNRESOLVED,ALL5_LEVELS_bet23_to_bet27,395.3531,395.3531,395.3531,395.3531,395.3531,4.000000,4.000000,4.000000,4.000000,4.000000,96.000000,96.000000,96.000000,96.000000,96.000000,5.0,1976.7655,1824.8244,7907.0621,8059.0032,PENDING_AG03,FALSE,NOT_FOR_ENFORCEMENT,9488.4745,2189415.6736,9883.8276,9488.4745,395.3531,0.00395337,0.00379523,395.3531,9488.4745,0.00379523,395.3531,395.3531,395.3531,395.3531,395.3531,9488.4745,0.00379523,1976.7655,1824.8244,7907.0621,8059.0032,0.00316269,0.00322347,0.00015813,212.5216,219.9480,0.9532,119.0823,2.3972,30121.7335,124.9277,49.0469,238.9093,36.5364,75.9244,374.9013,749.8027,789.266,1183.8989,75.8035,-1.1839,10.395423,15.593133,2.799122,29,215,300,5,0.03207536,0.00395337,0.05088190,0E-8,0.000000,0.912219,0.000000,-0.04848366,2026-03-31,2026-08-01,83,4123,1621,124,0.669355,0.205295,0.230786,0.106918,,,,,,,,GLOBAL_BASELINE_NO_ENTITY_RANKING,,,NOT_APPLICABLE_GLOBAL_BASELINE,HF9g-P5,,,,X 全窗基线 · 不参与实体赏罚,15056198,1506,A168_HF9F_20260827_0900,2026-08-27 09:00:00
2026-06-29,92755421,2145,0,151.8487586364,-75.9243793182,-75.9243793182,0E-7,2,2,0.49324550000000000,0.493245500000,-0.9865810262130424,-0.9865810262130424,-0.9865810262130424,0E-17,ELIGIBLE,R03b_20260811_FULL_v1,L1_ELIGIBILITY,v2026-08-11,2026-03-21..2026-08-06,baccarat_bet02_101_all_pairs_incl_sentinel,round_win = game_pnl > 0 (decisive only),COMPATIBILITY_ONLY_NOT_PRODUCTION,2500103.8841,2280641.3266,9883.8276,11764,10369,-0.00395337,-0.05088190,-0.00239824,-0.00395337,-9883.8276,2500103.8841,OK,0.0000,395.3531,4.0000,96.0000,AG03-UNRESOLVED,ALL5_LEVELS_bet23_to_bet27,395.3531,395.3531,395.3531,395.3531,395.3531,4.000000,4.000000,4.000000,4.000000,4.000000,96.000000,96.000000,96.000000,96.000000,96.000000,5.0,1976.7655,1824.8244,7907.0621,8059.0032,PENDING_AG03,FALSE,NOT_FOR_ENFORCEMENT,9488.4745,2189415.6736,9883.8276,9488.4745,395.3531,0.00395337,0.00379523,395.3531,9488.4745,0.00379523,395.3531,395.3531,395.3531,395.3531,395.3531,9488.4745,0.00379523,1976.7655,1824.8244,7907.0621,8059.0032,0.00316269,0.00322347,0.00015813,212.5216,219.9480,0.9532,119.0823,2.3972,30121.7335,124.9277,49.0469,238.9093,36.5364,75.9244,374.9013,749.8027,789.266,1183.8989,75.8035,-1.1839,10.395423,15.593133,2.799122,29,215,300,5,0.03207536,0.00395337,0.05088190,0E-8,0.000000,0.912219,0.000000,-0.04848366,2026-03-31,2026-08-01,83,4123,1621,124,0.669355,0.205295,0.230786,0.106918,,,,,,,,GLOBAL_BASELINE_NO_ENTITY_RANKING,,,NOT_APPLICABLE_GLOBAL_BASELINE,HF9g-P5,,,,X 全窗基线 · 不参与实体赏罚,15056199,1506,A168_HF9F_20260827_0900,2026-08-27 09:00:00
2026-06-29,92755421,2147,0,151.8487586364,0E-10,0E-10,0.5000000,2,2,0.49994810000000000,0.499948100000,0.00014679536856514622,0.00014679536856514622,0.00014679536856514622,0E-17,ELIGIBLE,R03b_20260811_FULL_v1,L1_ELIGIBILITY,v2026-08-11,2026-03-21..2026-08-06,baccarat_bet02_101_all_pairs_incl_sentinel,round_win = game_pnl > 0 (decisive only),COMPATIBILITY_ONLY_NOT_PRODUCTION,2500103.8841,2280641.3266,9883.8276,11764,10369,-0.00395337,-0.05088190,-0.00239824,-0.00395337,-9883.8276,2500103.8841,OK,0.0000,395.3531,4.0000,96.0000,AG03-UNRESOLVED,ALL5_LEVELS_bet23_to_bet27,395.3531,395.3531,395.3531,395.3531,395.3531,4.000000,4.000000,4.000000,4.000000,4.000000,96.000000,96.000000,96.000000,96.000000,96.000000,5.0,1976.7655,1824.8244,7907.0621,8059.0032,PENDING_AG03,FALSE,NOT_FOR_ENFORCEMENT,9488.4745,2189415.6736,9883.8276,9488.4745,395.3531,0.00395337,0.00379523,395.3531,9488.4745,0.00379523,395.3531,395.3531,395.3531,395.3531,395.3531,9488.4745,0.00379523,1976.7655,1824.8244,7907.0621,8059.0032,0.00316269,0.00322347,0.00015813,212.5216,219.9480,0.9532,119.0823,2.3972,30121.7335,124.9277,49.0469,238.9093,36.5364,75.9244,374.9013,749.8027,789.266,1183.8989,75.8035,-1.1839,10.395423,15.593133,2.799122,29,215,300,5,0.03207536,0.00395337,0.05088190,0E-8,0.000000,0.912219,0.000000,-0.04848366,2026-03-31,2026-08-01,83,4123,1621,124,0.669355,0.205295,0.230786,0.106918,,,,,,,,GLOBAL_BASELINE_NO_ENTITY_RANKING,,,NOT_APPLICABLE_GLOBAL_BASELINE,HF9g-P5,,,,X 全窗基线 · 不参与实体赏罚,15056200,1506,A168_HF9F_20260827_0900,2026-08-27 09:00:00
2026-06-29,92755421,2152,0,1074.3299673526,284.9062333916,284.9062333916,0.6666667,14,11,0.49850260290006762,0.484759584848,1.0089889073157108,1.0919498637314187,1.0089889073157108,0.01374301805206762,ELIGIBLE,R03b_20260811_FULL_v1,L1_ELIGIBILITY,v2026-08-11,2026-03-21..2026-08-06,baccarat_bet02_101_all_pairs_incl_sentinel,round_win = game_pnl > 0 (decisive only),COMPATIBILITY_ONLY_NOT_PRODUCTION,2500103.8841,2280641.3266,9883.8276,11764,10369,-0.00395337,-0.05088190,-0.00239824,-0.00395337,-9883.8276,2500103.8841,OK,0.0000,395.3531,4.0000,96.0000,AG03-UNRESOLVED,ALL5_LEVELS_bet23_to_bet27,395.3531,395.3531,395.3531,395.3531,395.3531,4.000000,4.000000,4.000000,4.000000,4.000000,96.000000,96.000000,96.000000,96.000000,96.000000,5.0,1976.7655,1824.8244,7907.0621,8059.0032,PENDING_AG03,FALSE,NOT_FOR_ENFORCEMENT,9488.4745,2189415.6736,9883.8276,9488.4745,395.3531,0.00395337,0.00379523,395.3531,9488.4745,0.00379523,395.3531,395.3531,395.3531,395.3531,395.3531,9488.4745,0.00379523,1976.7655,1824.8244,7907.0621,8059.0032,0.00316269,0.00322347,0.00015813,212.5216,219.9480,0.9532,119.0823,2.3972,30121.7335,124.9277,49.0469,238.9093,36.5364,75.9244,374.9013,749.8027,789.266,1183.8989,75.8035,-1.1839,10.395423,15.593133,2.799122,29,215,300,5,0.03207536,0.00395337,0.05088190,0E-8,0.000000,0.912219,0.000000,-0.04848366,2026-03-31,2026-08-01,83,4123,1621,124,0.669355,0.205295,0.230786,0.106918,,,,,,,,GLOBAL_BASELINE_NO_ENTITY_RANKING,,,NOT_APPLICABLE_GLOBAL_BASELINE,HF9g-P5,,,,X 全窗基线 · 不参与实体赏罚,15056201,1506,A168_HF9F_20260827_0900,2026-08-27 09:00:00
2026-06-29,92755421,2170,0,288.5126414092,280.9202034774,280.9202034774,1.0000000,4,4,0.49994810000000000,0.499948100000,2.0002076107755586,2.0002076107755586,2.0002076107755586,0E-17,ELIGIBLE,R03b_20260811_FULL_v1,L1_ELIGIBILITY,v2026-08-11,2026-03-21..2026-08-06,baccarat_bet02_101_all_pairs_incl_sentinel,round_win = game_pnl > 0 (decisive only),COMPATIBILITY_ONLY_NOT_PRODUCTION,2500103.8841,2280641.3266,9883.8276,11764,10369,-0.00395337,-0.05088190,-0.00239824,-0.00395337,-9883.8276,2500103.8841,OK,0.0000,395.3531,4.0000,96.0000,AG03-UNRESOLVED,ALL5_LEVELS_bet23_to_bet27,395.3531,395.3531,395.3531,395.3531,395.3531,4.000000,4.000000,4.000000,4.000000,4.000000,96.000000,96.000000,96.000000,96.000000,96.000000,5.0,1976.7655,1824.8244,7907.0621,8059.0032,PENDING_AG03,FALSE,NOT_FOR_ENFORCEMENT,9488.4745,2189415.6736,9883.8276,9488.4745,395.3531,0.00395337,0.00379523,395.3531,9488.4745,0.00379523,395.3531,395.3531,395.3531,395.3531,395.3531,9488.4745,0.00379523,1976.7655,1824.8244,7907.0621,8059.0032,0.00316269,0.00322347,0.00015813,212.5216,219.9480,0.9532,119.0823,2.3972,30121.7335,124.9277,49.0469,238.9093,36.5364,75.9244,374.9013,749.8027,789.266,1183.8989,75.8035,-1.1839,10.395423,15.593133,2.799122,29,215,300,5,0.03207536,0.00395337,0.05088190,0E-8,0.000000,0.912219,0.000000,-0.04848366,2026-03-31,2026-08-01,83,4123,1621,124,0.669355,0.205295,0.230786,0.106918,,,,,,,,GLOBAL_BASELINE_NO_ENTITY_RANKING,,,NOT_APPLICABLE_GLOBAL_BASELINE,HF9g-P5,,,,X 全窗基线 · 不参与实体赏罚,15056202,1506,A168_HF9F_20260827_0900,2026-08-27 09:00:00
2026-06-29,92755421,2188,0,113.8865689773,-113.8865689773,-113.8865689773,0E-7,1,1,0.49324550000000000,0.493245500000,-0.9865810262130424,-0.9865810262130424,-0.9865810262130424,0E-17,ELIGIBLE,R03b_20260811_FULL_v1,L1_ELIGIBILITY,v2026-08-11,2026-03-21..2026-08-06,baccarat_bet02_101_all_pairs_incl_sentinel,round_win = game_pnl > 0 (decisive only),COMPATIBILITY_ONLY_NOT_PRODUCTION,2500103.8841,2280641.3266,9883.8276,11764,10369,-0.00395337,-0.05088190,-0.00239824,-0.00395337,-9883.8276,2500103.8841,OK,0.0000,395.3531,4.0000,96.0000,AG03-UNRESOLVED,ALL5_LEVELS_bet23_to_bet27,395.3531,395.3531,395.3531,395.3531,395.3531,4.000000,4.000000,4.000000,4.000000,4.000000,96.000000,96.000000,96.000000,96.000000,96.000000,5.0,1976.7655,1824.8244,7907.0621,8059.0032,PENDING_AG03,FALSE,NOT_FOR_ENFORCEMENT,9488.4745,2189415.6736,9883.8276,9488.4745,395.3531,0.00395337,0.00379523,395.3531,9488.4745,0.00379523,395.3531,395.3531,395.3531,395.3531,395.3531,9488.4745,0.00379523,1976.7655,1824.8244,7907.0621,8059.0032,0.00316269,0.00322347,0.00015813,212.5216,219.9480,0.9532,119.0823,2.3972,30121.7335,124.9277,49.0469,238.9093,36.5364,75.9244,374.9013,749.8027,789.266,1183.8989,75.8035,-1.1839,10.395423,15.593133,2.799122,29,215,300,5,0.03207536,0.00395337,0.05088190,0E-8,0.000000,0.912219,0.000000,-0.04848366,2026-03-31,2026-08-01,83,4123,1621,124,0.669355,0.205295,0.230786,0.106918,,,,,,,,GLOBAL_BASELINE_NO_ENTITY_RANKING,,,NOT_APPLICABLE_GLOBAL_BASELINE,HF9g-P5,,,,X 全窗基线 · 不参与实体赏罚,15056203,1506,A168_HF9F_20260827_0900,2026-08-27 09:00:00
2026-06-29,92755421,2201,0,75.9243793182,-75.9243793182,-75.9243793182,0E-7,1,1,0.50665070000000000,0.506650700000,-1.013391052207602,-1.013391052207602,-1.013391052207602,0E-17,ELIGIBLE,R03b_20260811_FULL_v1,L1_ELIGIBILITY,v2026-08-11,2026-03-21..2026-08-06,baccarat_bet02_101_all_pairs_incl_sentinel,round_win = game_pnl > 0 (decisive only),COMPATIBILITY_ONLY_NOT_PRODUCTION,2500103.8841,2280641.3266,9883.8276,11764,10369,-0.00395337,-0.05088190,-0.00239824,-0.00395337,-9883.8276,2500103.8841,OK,0.0000,395.3531,4.0000,96.0000,AG03-UNRESOLVED,ALL5_LEVELS_bet23_to_bet27,395.3531,395.3531,395.3531,395.3531,395.3531,4.000000,4.000000,4.000000,4.000000,4.000000,96.000000,96.000000,96.000000,96.000000,96.000000,5.0,1976.7655,1824.8244,7907.0621,8059.0032,PENDING_AG03,FALSE,NOT_FOR_ENFORCEMENT,9488.4745,2189415.6736,9883.8276,9488.4745,395.3531,0.00395337,0.00379523,395.3531,9488.4745,0.00379523,395.3531,395.3531,395.3531,395.3531,395.3531,9488.4745,0.00379523,1976.7655,1824.8244,7907.0621,8059.0032,0.00316269,0.00322347,0.00015813,212.5216,219.9480,0.9532,119.0823,2.3972,30121.7335,124.9277,49.0469,238.9093,36.5364,75.9244,374.9013,749.8027,789.266,1183.8989,75.8035,-1.1839,10.395423,15.593133,2.799122,29,215,300,5,0.03207536,0.00395337,0.05088190,0E-8,0.000000,0.912219,0.000000,-0.04848366,2026-03-31,2026-08-01,83,4123,1621,124,0.669355,0.205295,0.230786,0.106918,,,,,,,,GLOBAL_BASELINE_NO_ENTITY_RANKING,,,NOT_APPLICABLE_GLOBAL_BASELINE,HF9g-P5,,,,X 全窗基线 · 不参与实体赏罚,15056204,1506,A168_HF9F_20260827_0900,2026-08-27 09:00:00
2026-06-29,92755421,2212,0,273.3277655455,152.2283805331,152.2283805331,0.7500000,4,4,0.49994810000000000,0.499948100000,1.0002076053883384,1.0002076053883384,1.0002076053883384,0E-17,ELIGIBLE,R03b_20260811_FULL_v1,L1_ELIGIBILITY,v2026-08-11,2026-03-21..2026-08-06,baccarat_bet02_101_all_pairs_incl_sentinel,round_win = game_pnl > 0 (decisive only),COMPATIBILITY_ONLY_NOT_PRODUCTION,2500103.8841,2280641.3266,9883.8276,11764,10369,-0.00395337,-0.05088190,-0.00239824,-0.00395337,-9883.8276,2500103.8841,OK,0.0000,395.3531,4.0000,96.0000,AG03-UNRESOLVED,ALL5_LEVELS_bet23_to_bet27,395.3531,395.3531,395.3531,395.3531,395.3531,4.000000,4.000000,4.000000,4.000000,4.000000,96.000000,96.000000,96.000000,96.000000,96.000000,5.0,1976.7655,1824.8244,7907.0621,8059.0032,PENDING_AG03,FALSE,NOT_FOR_ENFORCEMENT,9488.4745,2189415.6736,9883.8276,9488.4745,395.3531,0.00395337,0.00379523,395.3531,9488.4745,0.00379523,395.3531,395.3531,395.3531,395.3531,395.3531,9488.4745,0.00379523,1976.7655,1824.8244,7907.0621,8059.0032,0.00316269,0.00322347,0.00015813,212.5216,219.9480,0.9532,119.0823,2.3972,30121.7335,124.9277,49.0469,238.9093,36.5364,75.9244,374.9013,749.8027,789.266,1183.8989,75.8035,-1.1839,10.395423,15.593133,2.799122,29,215,300,5,0.03207536,0.00395337,0.05088190,0E-8,0.000000,0.912219,0.000000,-0.04848366,2026-03-31,2026-08-01,83,4123,1621,124,0.669355,0.205295,0.230786,0.106918,,,,,,,,GLOBAL_BASELINE_NO_ENTITY_RANKING,,,NOT_APPLICABLE_GLOBAL_BASELINE,HF9g-P5,,,,X 全窗基线 · 不参与实体赏罚,15056205,1506,A168_HF9F_20260827_0900,2026-08-27 09:00:00
2026-06-29,92755421,2218,0,303.6975172728,-75.9243793182,-75.9243793182,0.3333333,4,4,0.50329940000000000,0.503299400000,-0.5887925454369916,-0.5887925454369916,-0.5887925454369916,0E-17,ELIGIBLE,R03b_20260811_FULL_v1,L1_ELIGIBILITY,v2026-08-11,2026-03-21..2026-08-06,baccarat_bet02_101_all_pairs_incl_sentinel,round_win = game_pnl > 0 (decisive only),COMPATIBILITY_ONLY_NOT_PRODUCTION,2500103.8841,2280641.3266,9883.8276,11764,10369,-0.00395337,-0.05088190,-0.00239824,-0.00395337,-9883.8276,2500103.8841,OK,0.0000,395.3531,4.0000,96.0000,AG03-UNRESOLVED,ALL5_LEVELS_bet23_to_bet27,395.3531,395.3531,395.3531,395.3531,395.3531,4.000000,4.000000,4.000000,4.000000,4.000000,96.000000,96.000000,96.000000,96.000000,96.000000,5.0,1976.7655,1824.8244,7907.0621,8059.0032,PENDING_AG03,FALSE,NOT_FOR_ENFORCEMENT,9488.4745,2189415.6736,9883.8276,9488.4745,395.3531,0.00395337,0.00379523,395.3531,9488.4745,0.00379523,395.3531,395.3531,395.3531,395.3531,395.3531,9488.4745,0.00379523,1976.7655,1824.8244,7907.0621,8059.0032,0.00316269,0.00322347,0.00015813,212.5216,219.9480,0.9532,119.0823,2.3972,30121.7335,124.9277,49.0469,238.9093,36.5364,75.9244,374.9013,749.8027,789.266,1183.8989,75.8035,-1.1839,10.395423,15.593133,2.799122,29,215,300,5,0.03207536,0.00395337,0.05088190,0E-8,0.000000,0.912219,0.000000,-0.04848366,2026-03-31,2026-08-01,83,4123,1621,124,0.669355,0.205295,0.230786,0.106918,,,,,,,,GLOBAL_BASELINE_NO_ENTITY_RANKING,,,NOT_APPLICABLE_GLOBAL_BASELINE,HF9g-P5,,,,X 全窗基线 · 不参与实体赏罚,15056206,1506,A168_HF9F_20260827_0900,2026-08-27 09:00:00
2026-06-29,92755421,2222,0,293.8273479615,-5.1248956040,-5.1248956040,0.5000000,6,4,0.49497755461458588,0.381345450000,0.020090795146138665,0.4885747315551754,0.020090795146138665,0.11363210461458588,ELIGIBLE,R03b_20260811_FULL_v1,L1_ELIGIBILITY,v2026-08-11,2026-03-21..2026-08-06,baccarat_bet02_101_all_pairs_incl_sentinel,round_win = game_pnl > 0 (decisive only),COMPATIBILITY_ONLY_NOT_PRODUCTION,2500103.8841,2280641.3266,9883.8276,11764,10369,-0.00395337,-0.05088190,-0.00239824,-0.00395337,-9883.8276,2500103.8841,OK,0.0000,395.3531,4.0000,96.0000,AG03-UNRESOLVED,ALL5_LEVELS_bet23_to_bet27,395.3531,395.3531,395.3531,395.3531,395.3531,4.000000,4.000000,4.000000,4.000000,4.000000,96.000000,96.000000,96.000000,96.000000,96.000000,5.0,1976.7655,1824.8244,7907.0621,8059.0032,PENDING_AG03,FALSE,NOT_FOR_ENFORCEMENT,9488.4745,2189415.6736,9883.8276,9488.4745,395.3531,0.00395337,0.00379523,395.3531,9488.4745,0.00379523,395.3531,395.3531,395.3531,395.3531,395.3531,9488.4745,0.00379523,1976.7655,1824.8244,7907.0621,8059.0032,0.00316269,0.00322347,0.00015813,212.5216,219.9480,0.9532,119.0823,2.3972,30121.7335,124.9277,49.0469,238.9093,36.5364,75.9244,374.9013,749.8027,789.266,1183.8989,75.8035,-1.1839,10.395423,15.593133,2.799122,29,215,300,5,0.03207536,0.00395337,0.05088190,0E-8,0.000000,0.912219,0.000000,-0.04848366,2026-03-31,2026-08-01,83,4123,1621,124,0.669355,0.205295,0.230786,0.106918,,,,,,,,GLOBAL_BASELINE_NO_ENTITY_RANKING,,,NOT_APPLICABLE_GLOBAL_BASELINE,HF9g-P5,,,,X 全窗基线 · 不参与实体赏罚,15056207,1506,A168_HF9F_20260827_0900,2026-08-27 09:00:00
2026-06-29,92755421,2224,0,68.3319413864,-68.3319413864,-68.3319413864,0E-7,1,1,0.50665070000000000,0.506650700000,-1.013391052207602,-1.013391052207602,-1.013391052207602,0E-17,ELIGIBLE,R03b_20260811_FULL_v1,L1_ELIGIBILITY,v2026-08-11,2026-03-21..2026-08-06,baccarat_bet02_101_all_pairs_incl_sentinel,round_win = game_pnl > 0 (decisive only),COMPATIBILITY_ONLY_NOT_PRODUCTION,2500103.8841,2280641.3266,9883.8276,11764,10369,-0.00395337,-0.05088190,-0.00239824,-0.00395337,-9883.8276,2500103.8841,OK,0.0000,395.3531,4.0000,96.0000,AG03-UNRESOLVED,ALL5_LEVELS_bet23_to_bet27,395.3531,395.3531,395.3531,395.3531,395.3531,4.000000,4.000000,4.000000,4.000000,4.000000,96.000000,96.000000,96.000000,96.000000,96.000000,5.0,1976.7655,1824.8244,7907.0621,8059.0032,PENDING_AG03,FALSE,NOT_FOR_ENFORCEMENT,9488.4745,2189415.6736,9883.8276,9488.4745,395.3531,0.00395337,0.00379523,395.3531,9488.4745,0.00379523,395.3531,395.3531,395.3531,395.3531,395.3531,9488.4745,0.00379523,1976.7655,1824.8244,7907.0621,8059.0032,0.00316269,0.00322347,0.00015813,212.5216,219.9480,0.9532,119.0823,2.3972,30121.7335,124.9277,49.0469,238.9093,36.5364,75.9244,374.9013,749.8027,789.266,1183.8989,75.8035,-1.1839,10.395423,15.593133,2.799122,29,215,300,5,0.03207536,0.00395337,0.05088190,0E-8,0.000000,0.912219,0.000000,-0.04848366,2026-03-31,2026-08-01,83,4123,1621,124,0.669355,0.205295,0.230786,0.106918,,,,,,,,GLOBAL_BASELINE_NO_ENTITY_RANKING,,,NOT_APPLICABLE_GLOBAL_BASELINE,HF9g-P5,,,,X 全窗基线 · 不参与实体赏罚,15056208,1506,A168_HF9F_20260827_0900,2026-08-27 09:00:00
2026-06-29,92755421,2251,0,151.8487586364,-151.8487586364,-151.8487586364,0E-7,2,2,0.50665070000000000,0.506650700000,-1.4331513700195317,-1.4331513700195317,-1.4331513700195317,0E-17,ELIGIBLE,R03b_20260811_FULL_v1,L1_ELIGIBILITY,v2026-08-11,2026-03-21..2026-08-06,baccarat_bet02_101_all_pairs_incl_sentinel,round_win = game_pnl > 0 (decisive only),COMPATIBILITY_ONLY_NOT_PRODUCTION,2500103.8841,2280641.3266,9883.8276,11764,10369,-0.00395337,-0.05088190,-0.00239824,-0.00395337,-9883.8276,2500103.8841,OK,0.0000,395.3531,4.0000,96.0000,AG03-UNRESOLVED,ALL5_LEVELS_bet23_to_bet27,395.3531,395.3531,395.3531,395.3531,395.3531,4.000000,4.000000,4.000000,4.000000,4.000000,96.000000,96.000000,96.000000,96.000000,96.000000,5.0,1976.7655,1824.8244,7907.0621,8059.0032,PENDING_AG03,FALSE,NOT_FOR_ENFORCEMENT,9488.4745,2189415.6736,9883.8276,9488.4745,395.3531,0.00395337,0.00379523,395.3531,9488.4745,0.00379523,395.3531,395.3531,395.3531,395.3531,395.3531,9488.4745,0.00379523,1976.7655,1824.8244,7907.0621,8059.0032,0.00316269,0.00322347,0.00015813,212.5216,219.9480,0.9532,119.0823,2.3972,30121.7335,124.9277,49.0469,238.9093,36.5364,75.9244,374.9013,749.8027,789.266,1183.8989,75.8035,-1.1839,10.395423,15.593133,2.799122,29,215,300,5,0.03207536,0.00395337,0.05088190,0E-8,0.000000,0.912219,0.000000,-0.04848366,2026-03-31,2026-08-01,83,4123,1621,124,0.669355,0.205295,0.230786,0.106918,,,,,,,,GLOBAL_BASELINE_NO_ENTITY_RANKING,,,NOT_APPLICABLE_GLOBAL_BASELINE,HF9g-P5,,,,X 全窗基线 · 不参与实体赏罚,15056209,1506,A168_HF9F_20260827_0900,2026-08-27 09:00:00
2026-06-29,92755421,2258,0,284.7164224433,75.9243793182,75.9243793182,0.6666667,4,4,0.50329940000000000,0.503299400000,0.5659331339966515,0.5659331339966515,0.5659331339966515,0E-17,ELIGIBLE,R03b_20260811_FULL_v1,L1_ELIGIBILITY,v2026-08-11,2026-03-21..2026-08-06,baccarat_bet02_101_all_pairs_incl_sentinel,round_win = game_pnl > 0 (decisive only),COMPATIBILITY_ONLY_NOT_PRODUCTION,2500103.8841,2280641.3266,9883.8276,11764,10369,-0.00395337,-0.05088190,-0.00239824,-0.00395337,-9883.8276,2500103.8841,OK,0.0000,395.3531,4.0000,96.0000,AG03-UNRESOLVED,ALL5_LEVELS_bet23_to_bet27,395.3531,395.3531,395.3531,395.3531,395.3531,4.000000,4.000000,4.000000,4.000000,4.000000,96.000000,96.000000,96.000000,96.000000,96.000000,5.0,1976.7655,1824.8244,7907.0621,8059.0032,PENDING_AG03,FALSE,NOT_FOR_ENFORCEMENT,9488.4745,2189415.6736,9883.8276,9488.4745,395.3531,0.00395337,0.00379523,395.3531,9488.4745,0.00379523,395.3531,395.3531,395.3531,395.3531,395.3531,9488.4745,0.00379523,1976.7655,1824.8244,7907.0621,8059.0032,0.00316269,0.00322347,0.00015813,212.5216,219.9480,0.9532,119.0823,2.3972,30121.7335,124.9277,49.0469,238.9093,36.5364,75.9244,374.9013,749.8027,789.266,1183.8989,75.8035,-1.1839,10.395423,15.593133,2.799122,29,215,300,5,0.03207536,0.00395337,0.05088190,0E-8,0.000000,0.912219,0.000000,-0.04848366,2026-03-31,2026-08-01,83,4123,1621,124,0.669355,0.205295,0.230786,0.106918,,,,,,,,GLOBAL_BASELINE_NO_ENTITY_RANKING,,,NOT_APPLICABLE_GLOBAL_BASELINE,HF9g-P5,,,,X 全窗基线 · 不参与实体赏罚,15056210,1506,A168_HF9F_20260827_0900,2026-08-27 09:00:00
2026-06-29,92755421,2280,0,75.9243793182,-75.9243793182,-75.9243793182,0E-7,1,1,0.49324550000000000,0.493245500000,-0.9865810262130424,-0.9865810262130424,-0.9865810262130424,0E-17,ELIGIBLE,R03b_20260811_FULL_v1,L1_ELIGIBILITY,v2026-08-11,2026-03-21..2026-08-06,baccarat_bet02_101_all_pairs_incl_sentinel,round_win = game_pnl > 0 (decisive only),COMPATIBILITY_ONLY_NOT_PRODUCTION,2500103.8841,2280641.3266,9883.8276,11764,10369,-0.00395337,-0.05088190,-0.00239824,-0.00395337,-9883.8276,2500103.8841,OK,0.0000,395.3531,4.0000,96.0000,AG03-UNRESOLVED,ALL5_LEVELS_bet23_to_bet27,395.3531,395.3531,395.3531,395.3531,395.3531,4.000000,4.000000,4.000000,4.000000,4.000000,96.000000,96.000000,96.000000,96.000000,96.000000,5.0,1976.7655,1824.8244,7907.0621,8059.0032,PENDING_AG03,FALSE,NOT_FOR_ENFORCEMENT,9488.4745,2189415.6736,9883.8276,9488.4745,395.3531,0.00395337,0.00379523,395.3531,9488.4745,0.00379523,395.3531,395.3531,395.3531,395.3531,395.3531,9488.4745,0.00379523,1976.7655,1824.8244,7907.0621,8059.0032,0.00316269,0.00322347,0.00015813,212.5216,219.9480,0.9532,119.0823,2.3972,30121.7335,124.9277,49.0469,238.9093,36.5364,75.9244,374.9013,749.8027,789.266,1183.8989,75.8035,-1.1839,10.395423,15.593133,2.799122,29,215,300,5,0.03207536,0.00395337,0.05088190,0E-8,0.000000,0.912219,0.000000,-0.04848366,2026-03-31,2026-08-01,83,4123,1621,124,0.669355,0.205295,0.230786,0.106918,,,,,,,,GLOBAL_BASELINE_NO_ENTITY_RANKING,,,NOT_APPLICABLE_GLOBAL_BASELINE,HF9g-P5,,,,X 全窗基线 · 不参与实体赏罚,15056211,1506,A168_HF9F_20260827_0900,2026-08-27 09:00:00
2026-06-29,92755421,2288,0,208.7920431250,-132.8676638068,-132.8676638068,0E-7,3,3,0.50665070000000000,0.506650700000,-1.4331513700195317,-1.4331513700195317,-1.4331513700195317,0E-17,ELIGIBLE,R03b_20260811_FULL_v1,L1_ELIGIBILITY,v2026-08-11,2026-03-21..2026-08-06,baccarat_bet02_101_all_pairs_incl_sentinel,round_win = game_pnl > 0 (decisive only),COMPATIBILITY_ONLY_NOT_PRODUCTION,2500103.8841,2280641.3266,9883.8276,11764,10369,-0.00395337,-0.05088190,-0.00239824,-0.00395337,-9883.8276,2500103.8841,OK,0.0000,395.3531,4.0000,96.0000,AG03-UNRESOLVED,ALL5_LEVELS_bet23_to_bet27,395.3531,395.3531,395.3531,395.3531,395.3531,4.000000,4.000000,4.000000,4.000000,4.000000,96.000000,96.000000,96.000000,96.000000,96.000000,5.0,1976.7655,1824.8244,7907.0621,8059.0032,PENDING_AG03,FALSE,NOT_FOR_ENFORCEMENT,9488.4745,2189415.6736,9883.8276,9488.4745,395.3531,0.00395337,0.00379523,395.3531,9488.4745,0.00379523,395.3531,395.3531,395.3531,395.3531,395.3531,9488.4745,0.00379523,1976.7655,1824.8244,7907.0621,8059.0032,0.00316269,0.00322347,0.00015813,212.5216,219.9480,0.9532,119.0823,2.3972,30121.7335,124.9277,49.0469,238.9093,36.5364,75.9244,374.9013,749.8027,789.266,1183.8989,75.8035,-1.1839,10.395423,15.593133,2.799122,29,215,300,5,0.03207536,0.00395337,0.05088190,0E-8,0.000000,0.912219,0.000000,-0.04848366,2026-03-31,2026-08-01,83,4123,1621,124,0.669355,0.205295,0.230786,0.106918,,,,,,,,GLOBAL_BASELINE_NO_ENTITY_RANKING,,,NOT_APPLICABLE_GLOBAL_BASELINE,HF9g-P5,,,,X 全窗基线 · 不参与实体赏罚,15056212,1506,A168_HF9F_20260827_0900,2026-08-27 09:00:00
2026-06-29,92755421,462,0,75.9243793182,-75.9243793182,-75.9243793182,0E-7,1,1,0.50665070000000000,0.506650700000,-1.013391052207602,-1.013391052207602,-1.013391052207602,0E-17,ELIGIBLE,R03b_20260811_FULL_v1,L1_ELIGIBILITY,v2026-08-11,2026-03-21..2026-08-06,baccarat_bet02_101_all_pairs_incl_sentinel,round_win = game_pnl > 0 (decisive only),COMPATIBILITY_ONLY_NOT_PRODUCTION,2500103.8841,2280641.3266,9883.8276,11764,10369,-0.00395337,-0.05088190,-0.00239824,-0.00395337,-9883.8276,2500103.8841,OK,0.0000,395.3531,4.0000,96.0000,AG03-UNRESOLVED,ALL5_LEVELS_bet23_to_bet27,395.3531,395.3531,395.3531,395.3531,395.3531,4.000000,4.000000,4.000000,4.000000,4.000000,96.000000,96.000000,96.000000,96.000000,96.000000,5.0,1976.7655,1824.8244,7907.0621,8059.0032,PENDING_AG03,FALSE,NOT_FOR_ENFORCEMENT,9488.4745,2189415.6736,9883.8276,9488.4745,395.3531,0.00395337,0.00379523,395.3531,9488.4745,0.00379523,395.3531,395.3531,395.3531,395.3531,395.3531,9488.4745,0.00379523,1976.7655,1824.8244,7907.0621,8059.0032,0.00316269,0.00322347,0.00015813,212.5216,219.9480,0.9532,119.0823,2.3972,30121.7335,124.9277,49.0469,238.9093,36.5364,75.9244,374.9013,749.8027,789.266,1183.8989,75.8035,-1.1839,10.395423,15.593133,2.799122,29,215,300,5,0.03207536,0.00395337,0.05088190,0E-8,0.000000,0.912219,0.000000,-0.04848366,2026-03-31,2026-08-01,83,4123,1621,124,0.669355,0.205295,0.230786,0.106918,,,,,,,,GLOBAL_BASELINE_NO_ENTITY_RANKING,,,NOT_APPLICABLE_GLOBAL_BASELINE,HF9g-P5,,,,X 全窗基线 · 不参与实体赏罚,15056213,1506,A168_HF9F_20260827_0900,2026-08-27 09:00:00
2026-06-29,92755421,526,0,75.9243793182,-75.9243793182,-75.9243793182,0E-7,1,1,0.50665070000000000,0.506650700000,-1.013391052207602,-1.013391052207602,-1.013391052207602,0E-17,ELIGIBLE,R03b_20260811_FULL_v1,L1_ELIGIBILITY,v2026-08-11,2026-03-21..2026-08-06,baccarat_bet02_101_all_pairs_incl_sentinel,round_win = game_pnl > 0 (decisive only),COMPATIBILITY_ONLY_NOT_PRODUCTION,2500103.8841,2280641.3266,9883.8276,11764,10369,-0.00395337,-0.05088190,-0.00239824,-0.00395337,-9883.8276,2500103.8841,OK,0.0000,395.3531,4.0000,96.0000,AG03-UNRESOLVED,ALL5_LEVELS_bet23_to_bet27,395.3531,395.3531,395.3531,395.3531,395.3531,4.000000,4.000000,4.000000,4.000000,4.000000,96.000000,96.000000,96.000000,96.000000,96.000000,5.0,1976.7655,1824.8244,7907.0621,8059.0032,PENDING_AG03,FALSE,NOT_FOR_ENFORCEMENT,9488.4745,2189415.6736,9883.8276,9488.4745,395.3531,0.00395337,0.00379523,395.3531,9488.4745,0.00379523,395.3531,395.3531,395.3531,395.3531,395.3531,9488.4745,0.00379523,1976.7655,1824.8244,7907.0621,8059.0032,0.00316269,0.00322347,0.00015813,212.5216,219.9480,0.9532,119.0823,2.3972,30121.7335,124.9277,49.0469,238.9093,36.5364,75.9244,374.9013,749.8027,789.266,1183.8989,75.8035,-1.1839,10.395423,15.593133,2.799122,29,215,300,5,0.03207536,0.00395337,0.05088190,0E-8,0.000000,0.912219,0.000000,-0.04848366,2026-03-31,2026-08-01,83,4123,1621,124,0.669355,0.205295,0.230786,0.106918,,,,,,,,GLOBAL_BASELINE_NO_ENTITY_RANKING,,,NOT_APPLICABLE_GLOBAL_BASELINE,HF9g-P5,,,,X 全窗基线 · 不参与实体赏罚,15056214,1506,A168_HF9F_20260827_0900,2026-08-27 09:00:00
2026-06-29,92755421,529,0,75.9243793182,-75.9243793182,-75.9243793182,0E-7,1,1,0.50665070000000000,0.506650700000,-1.013391052207602,-1.013391052207602,-1.013391052207602,0E-17,ELIGIBLE,R03b_20260811_FULL_v1,L1_ELIGIBILITY,v2026-08-11,2026-03-21..2026-08-06,baccarat_bet02_101_all_pairs_incl_sentinel,round_win = game_pnl > 0 (decisive only),COMPATIBILITY_ONLY_NOT_PRODUCTION,2500103.8841,2280641.3266,9883.8276,11764,10369,-0.00395337,-0.05088190,-0.00239824,-0.00395337,-9883.8276,2500103.8841,OK,0.0000,395.3531,4.0000,96.0000,AG03-UNRESOLVED,ALL5_LEVELS_bet23_to_bet27,395.3531,395.3531,395.3531,395.3531,395.3531,4.000000,4.000000,4.000000,4.000000,4.000000,96.000000,96.000000,96.000000,96.000000,96.000000,5.0,1976.7655,1824.8244,7907.0621,8059.0032,PENDING_AG03,FALSE,NOT_FOR_ENFORCEMENT,9488.4745,2189415.6736,9883.8276,9488.4745,395.3531,0.00395337,0.00379523,395.3531,9488.4745,0.00379523,395.3531,395.3531,395.3531,395.3531,395.3531,9488.4745,0.00379523,1976.7655,1824.8244,7907.0621,8059.0032,0.00316269,0.00322347,0.00015813,212.5216,219.9480,0.9532,119.0823,2.3972,30121.7335,124.9277,49.0469,238.9093,36.5364,75.9244,374.9013,749.8027,789.266,1183.8989,75.8035,-1.1839,10.395423,15.593133,2.799122,29,215,300,5,0.03207536,0.00395337,0.05088190,0E-8,0.000000,0.912219,0.000000,-0.04848366,2026-03-31,2026-08-01,83,4123,1621,124,0.669355,0.205295,0.230786,0.106918,,,,,,,,GLOBAL_BASELINE_NO_ENTITY_RANKING,,,NOT_APPLICABLE_GLOBAL_BASELINE,HF9g-P5,,,,X 全窗基线 · 不参与实体赏罚,15056215,1506,A168_HF9F_20260827_0900,2026-08-27 09:00:00
2026-06-29,92755421,550,0,804.7984207729,281.1100144256,281.1100144256,0.7000000,11,11,0.49568280909090909,0.495682809091,1.292263548469205,1.2922635484686278,1.292263548469205,-9.091E-14,ELIGIBLE,R03b_20260811_FULL_v1,L1_ELIGIBILITY,v2026-08-11,2026-03-21..2026-08-06,baccarat_bet02_101_all_pairs_incl_sentinel,round_win = game_pnl > 0 (decisive only),COMPATIBILITY_ONLY_NOT_PRODUCTION,2500103.8841,2280641.3266,9883.8276,11764,10369,-0.00395337,-0.05088190,-0.00239824,-0.00395337,-9883.8276,2500103.8841,OK,0.0000,395.3531,4.0000,96.0000,AG03-UNRESOLVED,ALL5_LEVELS_bet23_to_bet27,395.3531,395.3531,395.3531,395.3531,395.3531,4.000000,4.000000,4.000000,4.000000,4.000000,96.000000,96.000000,96.000000,96.000000,96.000000,5.0,1976.7655,1824.8244,7907.0621,8059.0032,PENDING_AG03,FALSE,NOT_FOR_ENFORCEMENT,9488.4745,2189415.6736,9883.8276,9488.4745,395.3531,0.00395337,0.00379523,395.3531,9488.4745,0.00379523,395.3531,395.3531,395.3531,395.3531,395.3531,9488.4745,0.00379523,1976.7655,1824.8244,7907.0621,8059.0032,0.00316269,0.00322347,0.00015813,212.5216,219.9480,0.9532,119.0823,2.3972,30121.7335,124.9277,49.0469,238.9093,36.5364,75.9244,374.9013,749.8027,789.266,1183.8989,75.8035,-1.1839,10.395423,15.593133,2.799122,29,215,300,5,0.03207536,0.00395337,0.05088190,0E-8,0.000000,0.912219,0.000000,-0.04848366,2026-03-31,2026-08-01,83,4123,1621,124,0.669355,0.205295,0.230786,0.106918,,,,,,,,GLOBAL_BASELINE_NO_ENTITY_RANKING,,,NOT_APPLICABLE_GLOBAL_BASELINE,HF9g-P5,,,,X 全窗基线 · 不参与实体赏罚,15056216,1506,A168_HF9F_20260827_0900,2026-08-27 09:00:00
2026-06-29,92755421,763,0,227.7731379546,-75.9243793182,-75.9243793182,0.3333333,3,3,0.50218230000000000,0.502182300000,-0.5849155494134425,-0.5849155494134426,-0.5849155494134425,0E-17,ELIGIBLE,R03b_20260811_FULL_v1,L1_ELIGIBILITY,v2026-08-11,2026-03-21..2026-08-06,baccarat_bet02_101_all_pairs_incl_sentinel,round_win = game_pnl > 0 (decisive only),COMPATIBILITY_ONLY_NOT_PRODUCTION,2500103.8841,2280641.3266,9883.8276,11764,10369,-0.00395337,-0.05088190,-0.00239824,-0.00395337,-9883.8276,2500103.8841,OK,0.0000,395.3531,4.0000,96.0000,AG03-UNRESOLVED,ALL5_LEVELS_bet23_to_bet27,395.3531,395.3531,395.3531,395.3531,395.3531,4.000000,4.000000,4.000000,4.000000,4.000000,96.000000,96.000000,96.000000,96.000000,96.000000,5.0,1976.7655,1824.8244,7907.0621,8059.0032,PENDING_AG03,FALSE,NOT_FOR_ENFORCEMENT,9488.4745,2189415.6736,9883.8276,9488.4745,395.3531,0.00395337,0.00379523,395.3531,9488.4745,0.00379523,395.3531,395.3531,395.3531,395.3531,395.3531,9488.4745,0.00379523,1976.7655,1824.8244,7907.0621,8059.0032,0.00316269,0.00322347,0.00015813,212.5216,219.9480,0.9532,119.0823,2.3972,30121.7335,124.9277,49.0469,238.9093,36.5364,75.9244,374.9013,749.8027,789.266,1183.8989,75.8035,-1.1839,10.395423,15.593133,2.799122,29,215,300,5,0.03207536,0.00395337,0.05088190,0E-8,0.000000,0.912219,0.000000,-0.04848366,2026-03-31,2026-08-01,83,4123,1621,124,0.669355,0.205295,0.230786,0.106918,,,,,,,,GLOBAL_BASELINE_NO_ENTITY_RANKING,,,NOT_APPLICABLE_GLOBAL_BASELINE,HF9g-P5,,,,X 全窗基线 · 不参与实体赏罚,15056217,1506,A168_HF9F_20260827_0900,2026-08-27 09:00:00
2026-06-29,92755421,772,0,75.9243793182,-75.9243793182,-75.9243793182,0E-7,1,1,0.49324550000000000,0.493245500000,-0.9865810262130424,-0.9865810262130424,-0.9865810262130424,0E-17,ELIGIBLE,R03b_20260811_FULL_v1,L1_ELIGIBILITY,v2026-08-11,2026-03-21..2026-08-06,baccarat_bet02_101_all_pairs_incl_sentinel,round_win = game_pnl > 0 (decisive only),COMPATIBILITY_ONLY_NOT_PRODUCTION,2500103.8841,2280641.3266,9883.8276,11764,10369,-0.00395337,-0.05088190,-0.00239824,-0.00395337,-9883.8276,2500103.8841,OK,0.0000,395.3531,4.0000,96.0000,AG03-UNRESOLVED,ALL5_LEVELS_bet23_to_bet27,395.3531,395.3531,395.3531,395.3531,395.3531,4.000000,4.000000,4.000000,4.000000,4.000000,96.000000,96.000000,96.000000,96.000000,96.000000,5.0,1976.7655,1824.8244,7907.0621,8059.0032,PENDING_AG03,FALSE,NOT_FOR_ENFORCEMENT,9488.4745,2189415.6736,9883.8276,9488.4745,395.3531,0.00395337,0.00379523,395.3531,9488.4745,0.00379523,395.3531,395.3531,395.3531,395.3531,395.3531,9488.4745,0.00379523,1976.7655,1824.8244,7907.0621,8059.0032,0.00316269,0.00322347,0.00015813,212.5216,219.9480,0.9532,119.0823,2.3972,30121.7335,124.9277,49.0469,238.9093,36.5364,75.9244,374.9013,749.8027,789.266,1183.8989,75.8035,-1.1839,10.395423,15.593133,2.799122,29,215,300,5,0.03207536,0.00395337,0.05088190,0E-8,0.000000,0.912219,0.000000,-0.04848366,2026-03-31,2026-08-01,83,4123,1621,124,0.669355,0.205295,0.230786,0.106918,,,,,,,,GLOBAL_BASELINE_NO_ENTITY_RANKING,,,NOT_APPLICABLE_GLOBAL_BASELINE,HF9g-P5,,,,X 全窗基线 · 不参与实体赏罚,15056218,1506,A168_HF9F_20260827_0900,2026-08-27 09:00:00
2026-06-29,92755421,919,0,292.3088603751,151.8487586364,151.8487586364,0.7500000,4,4,0.49994810000000000,0.499948100000,1.0002076053883384,1.0002076053883384,1.0002076053883384,0E-17,ELIGIBLE,R03b_20260811_FULL_v1,L1_ELIGIBILITY,v2026-08-11,2026-03-21..2026-08-06,baccarat_bet02_101_all_pairs_incl_sentinel,round_win = game_pnl > 0 (decisive only),COMPATIBILITY_ONLY_NOT_PRODUCTION,2500103.8841,2280641.3266,9883.8276,11764,10369,-0.00395337,-0.05088190,-0.00239824,-0.00395337,-9883.8276,2500103.8841,OK,0.0000,395.3531,4.0000,96.0000,AG03-UNRESOLVED,ALL5_LEVELS_bet23_to_bet27,395.3531,395.3531,395.3531,395.3531,395.3531,4.000000,4.000000,4.000000,4.000000,4.000000,96.000000,96.000000,96.000000,96.000000,96.000000,5.0,1976.7655,1824.8244,7907.0621,8059.0032,PENDING_AG03,FALSE,NOT_FOR_ENFORCEMENT,9488.4745,2189415.6736,9883.8276,9488.4745,395.3531,0.00395337,0.00379523,395.3531,9488.4745,0.00379523,395.3531,395.3531,395.3531,395.3531,395.3531,9488.4745,0.00379523,1976.7655,1824.8244,7907.0621,8059.0032,0.00316269,0.00322347,0.00015813,212.5216,219.9480,0.9532,119.0823,2.3972,30121.7335,124.9277,49.0469,238.9093,36.5364,75.9244,374.9013,749.8027,789.266,1183.8989,75.8035,-1.1839,10.395423,15.593133,2.799122,29,215,300,5,0.03207536,0.00395337,0.05088190,0E-8,0.000000,0.912219,0.000000,-0.04848366,2026-03-31,2026-08-01,83,4123,1621,124,0.669355,0.205295,0.230786,0.106918,,,,,,,,GLOBAL_BASELINE_NO_ENTITY_RANKING,,,NOT_APPLICABLE_GLOBAL_BASELINE,HF9g-P5,,,,X 全窗基线 · 不参与实体赏罚,15056219,1506,A168_HF9F_20260827_0900,2026-08-27 09:00:00
2026-06-29,92755421,925,0,75.9243793182,-75.9243793182,-75.9243793182,0E-7,1,1,0.50665070000000000,0.506650700000,-1.013391052207602,-1.013391052207602,-1.013391052207602,0E-17,ELIGIBLE,R03b_20260811_FULL_v1,L1_ELIGIBILITY,v2026-08-11,2026-03-21..2026-08-06,baccarat_bet02_101_all_pairs_incl_sentinel,round_win = game_pnl > 0 (decisive only),COMPATIBILITY_ONLY_NOT_PRODUCTION,2500103.8841,2280641.3266,9883.8276,11764,10369,-0.00395337,-0.05088190,-0.00239824,-0.00395337,-9883.8276,2500103.8841,OK,0.0000,395.3531,4.0000,96.0000,AG03-UNRESOLVED,ALL5_LEVELS_bet23_to_bet27,395.3531,395.3531,395.3531,395.3531,395.3531,4.000000,4.000000,4.000000,4.000000,4.000000,96.000000,96.000000,96.000000,96.000000,96.000000,5.0,1976.7655,1824.8244,7907.0621,8059.0032,PENDING_AG03,FALSE,NOT_FOR_ENFORCEMENT,9488.4745,2189415.6736,9883.8276,9488.4745,395.3531,0.00395337,0.00379523,395.3531,9488.4745,0.00379523,395.3531,395.3531,395.3531,395.3531,395.3531,9488.4745,0.00379523,1976.7655,1824.8244,7907.0621,8059.0032,0.00316269,0.00322347,0.00015813,212.5216,219.9480,0.9532,119.0823,2.3972,30121.7335,124.9277,49.0469,238.9093,36.5364,75.9244,374.9013,749.8027,789.266,1183.8989,75.8035,-1.1839,10.395423,15.593133,2.799122,29,215,300,5,0.03207536,0.00395337,0.05088190,0E-8,0.000000,0.912219,0.000000,-0.04848366,2026-03-31,2026-08-01,83,4123,1621,124,0.669355,0.205295,0.230786,0.106918,,,,,,,,GLOBAL_BASELINE_NO_ENTITY_RANKING,,,NOT_APPLICABLE_GLOBAL_BASELINE,HF9g-P5,,,,X 全窗基线 · 不参与实体赏罚,15056220,1506,A168_HF9F_20260827_0900,2026-08-27 09:00:00
2026-06-29,92755421,987,0,191.7090577784,59.7904487130,59.7904487130,0.6666667,3,3,0.49771390000000000,0.497713900000,0.5852756695216578,0.5852756695216578,0.5852756695216578,0E-17,ELIGIBLE,R03b_20260811_FULL_v1,L1_ELIGIBILITY,v2026-08-11,2026-03-21..2026-08-06,baccarat_bet02_101_all_pairs_incl_sentinel,round_win = game_pnl > 0 (decisive only),COMPATIBILITY_ONLY_NOT_PRODUCTION,2500103.8841,2280641.3266,9883.8276,11764,10369,-0.00395337,-0.05088190,-0.00239824,-0.00395337,-9883.8276,2500103.8841,OK,0.0000,395.3531,4.0000,96.0000,AG03-UNRESOLVED,ALL5_LEVELS_bet23_to_bet27,395.3531,395.3531,395.3531,395.3531,395.3531,4.000000,4.000000,4.000000,4.000000,4.000000,96.000000,96.000000,96.000000,96.000000,96.000000,5.0,1976.7655,1824.8244,7907.0621,8059.0032,PENDING_AG03,FALSE,NOT_FOR_ENFORCEMENT,9488.4745,2189415.6736,9883.8276,9488.4745,395.3531,0.00395337,0.00379523,395.3531,9488.4745,0.00379523,395.3531,395.3531,395.3531,395.3531,395.3531,9488.4745,0.00379523,1976.7655,1824.8244,7907.0621,8059.0032,0.00316269,0.00322347,0.00015813,212.5216,219.9480,0.9532,119.0823,2.3972,30121.7335,124.9277,49.0469,238.9093,36.5364,75.9244,374.9013,749.8027,789.266,1183.8989,75.8035,-1.1839,10.395423,15.593133,2.799122,29,215,300,5,0.03207536,0.00395337,0.05088190,0E-8,0.000000,0.912219,0.000000,-0.04848366,2026-03-31,2026-08-01,83,4123,1621,124,0.669355,0.205295,0.230786,0.106918,,,,,,,,GLOBAL_BASELINE_NO_ENTITY_RANKING,,,NOT_APPLICABLE_GLOBAL_BASELINE,HF9g-P5,,,,X 全窗基线 · 不参与实体赏罚,15056221,1506,A168_HF9F_20260827_0900,2026-08-27 09:00:00
2026-06-30,92755421,-1,1,2286.0830612711,-1059.1450914889,-1059.1450914889,0.3043478,27,26,0.50046202960812601,0.492371573077,-1.8810621619383447,-1.8036703597179022,-1.8810621619383447,0.00809045653112601,SENTINEL_DEALER,R03b_20260811_FULL_v1,L1_ELIGIBILITY,v2026-08-11,2026-03-21..2026-08-06,baccarat_bet02_101_all_pairs_incl_sentinel,round_win = game_pnl > 0 (decisive only),COMPATIBILITY_ONLY_NOT_PRODUCTION,2500103.8841,2280641.3266,9883.8276,11764,10369,-0.00395337,-0.05088190,-0.00239824,-0.00395337,-9883.8276,2500103.8841,OK,0.0000,395.3531,4.0000,96.0000,AG03-UNRESOLVED,ALL5_LEVELS_bet23_to_bet27,395.3531,395.3531,395.3531,395.3531,395.3531,4.000000,4.000000,4.000000,4.000000,4.000000,96.000000,96.000000,96.000000,96.000000,96.000000,5.0,1976.7655,1824.8244,7907.0621,8059.0032,PENDING_AG03,FALSE,NOT_FOR_ENFORCEMENT,9488.4745,2189415.6736,9883.8276,9488.4745,395.3531,0.00395337,0.00379523,395.3531,9488.4745,0.00379523,395.3531,395.3531,395.3531,395.3531,395.3531,9488.4745,0.00379523,1976.7655,1824.8244,7907.0621,8059.0032,0.00316269,0.00322347,0.00015813,212.5216,219.9480,0.9532,119.0823,2.3972,30121.7335,124.9277,49.0469,238.9093,36.5364,75.9244,374.9013,749.8027,789.266,1183.8989,75.8035,-1.1839,10.395423,15.593133,2.799122,29,215,300,5,0.03207536,0.00395337,0.05088190,0E-8,0.000000,0.912219,0.000000,-0.04848366,2026-03-31,2026-08-01,83,4123,1621,124,0.669355,0.205295,0.230786,0.106918,,,,,,,,GLOBAL_BASELINE_NO_ENTITY_RANKING,,,NOT_APPLICABLE_GLOBAL_BASELINE,HF9g-P5,,,,X 全窗基线 · 不参与实体赏罚,15056222,1506,A168_HF9F_20260827_0900,2026-08-27 09:00:00
2026-06-30,92755421,1221,0,151.8487586364,0E-10,0E-10,0.5000000,2,2,0.49324550000000000,0.493245500000,0.01910635448239258,0.01910635448239258,0.01910635448239258,0E-17,ELIGIBLE,R03b_20260811_FULL_v1,L1_ELIGIBILITY,v2026-08-11,2026-03-21..2026-08-06,baccarat_bet02_101_all_pairs_incl_sentinel,round_win = game_pnl > 0 (decisive only),COMPATIBILITY_ONLY_NOT_PRODUCTION,2500103.8841,2280641.3266,9883.8276,11764,10369,-0.00395337,-0.05088190,-0.00239824,-0.00395337,-9883.8276,2500103.8841,OK,0.0000,395.3531,4.0000,96.0000,AG03-UNRESOLVED,ALL5_LEVELS_bet23_to_bet27,395.3531,395.3531,395.3531,395.3531,395.3531,4.000000,4.000000,4.000000,4.000000,4.000000,96.000000,96.000000,96.000000,96.000000,96.000000,5.0,1976.7655,1824.8244,7907.0621,8059.0032,PENDING_AG03,FALSE,NOT_FOR_ENFORCEMENT,9488.4745,2189415.6736,9883.8276,9488.4745,395.3531,0.00395337,0.00379523,395.3531,9488.4745,0.00379523,395.3531,395.3531,395.3531,395.3531,395.3531,9488.4745,0.00379523,1976.7655,1824.8244,7907.0621,8059.0032,0.00316269,0.00322347,0.00015813,212.5216,219.9480,0.9532,119.0823,2.3972,30121.7335,124.9277,49.0469,238.9093,36.5364,75.9244,374.9013,749.8027,789.266,1183.8989,75.8035,-1.1839,10.395423,15.593133,2.799122,29,215,300,5,0.03207536,0.00395337,0.05088190,0E-8,0.000000,0.912219,0.000000,-0.04848366,2026-03-31,2026-08-01,83,4123,1621,124,0.669355,0.205295,0.230786,0.106918,,,,,,,,GLOBAL_BASELINE_NO_ENTITY_RANKING,,,NOT_APPLICABLE_GLOBAL_BASELINE,HF9g-P5,,,,X 全窗基线 · 不参与实体赏罚,15056223,1506,A168_HF9F_20260827_0900,2026-08-27 09:00:00
2026-06-30,92755421,1304,0,151.8487586364,0E-10,0E-10,0.5000000,2,2,0.49994810000000000,0.499948100000,0.00014679536856514622,0.00014679536856514622,0.00014679536856514622,0E-17,ELIGIBLE,R03b_20260811_FULL_v1,L1_ELIGIBILITY,v2026-08-11,2026-03-21..2026-08-06,baccarat_bet02_101_all_pairs_incl_sentinel,round_win = game_pnl > 0 (decisive only),COMPATIBILITY_ONLY_NOT_PRODUCTION,2500103.8841,2280641.3266,9883.8276,11764,10369,-0.00395337,-0.05088190,-0.00239824,-0.00395337,-9883.8276,2500103.8841,OK,0.0000,395.3531,4.0000,96.0000,AG03-UNRESOLVED,ALL5_LEVELS_bet23_to_bet27,395.3531,395.3531,395.3531,395.3531,395.3531,4.000000,4.000000,4.000000,4.000000,4.000000,96.000000,96.000000,96.000000,96.000000,96.000000,5.0,1976.7655,1824.8244,7907.0621,8059.0032,PENDING_AG03,FALSE,NOT_FOR_ENFORCEMENT,9488.4745,2189415.6736,9883.8276,9488.4745,395.3531,0.00395337,0.00379523,395.3531,9488.4745,0.00379523,395.3531,395.3531,395.3531,395.3531,395.3531,9488.4745,0.00379523,1976.7655,1824.8244,7907.0621,8059.0032,0.00316269,0.00322347,0.00015813,212.5216,219.9480,0.9532,119.0823,2.3972,30121.7335,124.9277,49.0469,238.9093,36.5364,75.9244,374.9013,749.8027,789.266,1183.8989,75.8035,-1.1839,10.395423,15.593133,2.799122,29,215,300,5,0.03207536,0.00395337,0.05088190,0E-8,0.000000,0.912219,0.000000,-0.04848366,2026-03-31,2026-08-01,83,4123,1621,124,0.669355,0.205295,0.230786,0.106918,,,,,,,,GLOBAL_BASELINE_NO_ENTITY_RANKING,,,NOT_APPLICABLE_GLOBAL_BASELINE,HF9g-P5,,,,X 全窗基线 · 不参与实体赏罚,15056224,1506,A168_HF9F_20260827_0900,2026-08-27 09:00:00
2026-06-30,92755421,1323,0,151.8487586364,-151.8487586364,-151.8487586364,0E-7,1,1,0.50665070000000000,0.506650700000,-1.013391052207602,-1.013391052207602,-1.013391052207602,0E-17,ELIGIBLE,R03b_20260811_FULL_v1,L1_ELIGIBILITY,v2026-08-11,2026-03-21..2026-08-06,baccarat_bet02_101_all_pairs_incl_sentinel,round_win = game_pnl > 0 (decisive only),COMPATIBILITY_ONLY_NOT_PRODUCTION,2500103.8841,2280641.3266,9883.8276,11764,10369,-0.00395337,-0.05088190,-0.00239824,-0.00395337,-9883.8276,2500103.8841,OK,0.0000,395.3531,4.0000,96.0000,AG03-UNRESOLVED,ALL5_LEVELS_bet23_to_bet27,395.3531,395.3531,395.3531,395.3531,395.3531,4.000000,4.000000,4.000000,4.000000,4.000000,96.000000,96.000000,96.000000,96.000000,96.000000,5.0,1976.7655,1824.8244,7907.0621,8059.0032,PENDING_AG03,FALSE,NOT_FOR_ENFORCEMENT,9488.4745,2189415.6736,9883.8276,9488.4745,395.3531,0.00395337,0.00379523,395.3531,9488.4745,0.00379523,395.3531,395.3531,395.3531,395.3531,395.3531,9488.4745,0.00379523,1976.7655,1824.8244,7907.0621,8059.0032,0.00316269,0.00322347,0.00015813,212.5216,219.9480,0.9532,119.0823,2.3972,30121.7335,124.9277,49.0469,238.9093,36.5364,75.9244,374.9013,749.8027,789.266,1183.8989,75.8035,-1.1839,10.395423,15.593133,2.799122,29,215,300,5,0.03207536,0.00395337,0.05088190,0E-8,0.000000,0.912219,0.000000,-0.04848366,2026-03-31,2026-08-01,83,4123,1621,124,0.669355,0.205295,0.230786,0.106918,,,,,,,,GLOBAL_BASELINE_NO_ENTITY_RANKING,,,NOT_APPLICABLE_GLOBAL_BASELINE,HF9g-P5,,,,X 全窗基线 · 不参与实体赏罚,15056225,1506,A168_HF9F_20260827_0900,2026-08-27 09:00:00
2026-06-30,92755421,1382,0,216.3844810569,75.9243793182,75.9243793182,0.6666667,3,3,0.49771390000000000,0.497713900000,0.5852756695216578,0.5852756695216578,0.5852756695216578,0E-17,ELIGIBLE,R03b_20260811_FULL_v1,L1_ELIGIBILITY,v2026-08-11,2026-03-21..2026-08-06,baccarat_bet02_101_all_pairs_incl_sentinel,round_win = game_pnl > 0 (decisive only),COMPATIBILITY_ONLY_NOT_PRODUCTION,2500103.8841,2280641.3266,9883.8276,11764,10369,-0.00395337,-0.05088190,-0.00239824,-0.00395337,-9883.8276,2500103.8841,OK,0.0000,395.3531,4.0000,96.0000,AG03-UNRESOLVED,ALL5_LEVELS_bet23_to_bet27,395.3531,395.3531,395.3531,395.3531,395.3531,4.000000,4.000000,4.000000,4.000000,4.000000,96.000000,96.000000,96.000000,96.000000,96.000000,5.0,1976.7655,1824.8244,7907.0621,8059.0032,PENDING_AG03,FALSE,NOT_FOR_ENFORCEMENT,9488.4745,2189415.6736,9883.8276,9488.4745,395.3531,0.00395337,0.00379523,395.3531,9488.4745,0.00379523,395.3531,395.3531,395.3531,395.3531,395.3531,9488.4745,0.00379523,1976.7655,1824.8244,7907.0621,8059.0032,0.00316269,0.00322347,0.00015813,212.5216,219.9480,0.9532,119.0823,2.3972,30121.7335,124.9277,49.0469,238.9093,36.5364,75.9244,374.9013,749.8027,789.266,1183.8989,75.8035,-1.1839,10.395423,15.593133,2.799122,29,215,300,5,0.03207536,0.00395337,0.05088190,0E-8,0.000000,0.912219,0.000000,-0.04848366,2026-03-31,2026-08-01,83,4123,1621,124,0.669355,0.205295,0.230786,0.106918,,,,,,,,GLOBAL_BASELINE_NO_ENTITY_RANKING,,,NOT_APPLICABLE_GLOBAL_BASELINE,HF9g-P5,,,,X 全窗基线 · 不参与实体赏罚,15056226,1506,A168_HF9F_20260827_0900,2026-08-27 09:00:00
2026-06-30,92755421,1396,0,151.8487586364,-75.9243793182,-75.9243793182,0E-7,2,2,0.50665070000000000,0.506650700000,-1.013391052207602,-1.013391052207602,-1.013391052207602,0E-17,ELIGIBLE,R03b_20260811_FULL_v1,L1_ELIGIBILITY,v2026-08-11,2026-03-21..2026-08-06,baccarat_bet02_101_all_pairs_incl_sentinel,round_win = game_pnl > 0 (decisive only),COMPATIBILITY_ONLY_NOT_PRODUCTION,2500103.8841,2280641.3266,9883.8276,11764,10369,-0.00395337,-0.05088190,-0.00239824,-0.00395337,-9883.8276,2500103.8841,OK,0.0000,395.3531,4.0000,96.0000,AG03-UNRESOLVED,ALL5_LEVELS_bet23_to_bet27,395.3531,395.3531,395.3531,395.3531,395.3531,4.000000,4.000000,4.000000,4.000000,4.000000,96.000000,96.000000,96.000000,96.000000,96.000000,5.0,1976.7655,1824.8244,7907.0621,8059.0032,PENDING_AG03,FALSE,NOT_FOR_ENFORCEMENT,9488.4745,2189415.6736,9883.8276,9488.4745,395.3531,0.00395337,0.00379523,395.3531,9488.4745,0.00379523,395.3531,395.3531,395.3531,395.3531,395.3531,9488.4745,0.00379523,1976.7655,1824.8244,7907.0621,8059.0032,0.00316269,0.00322347,0.00015813,212.5216,219.9480,0.9532,119.0823,2.3972,30121.7335,124.9277,49.0469,238.9093,36.5364,75.9244,374.9013,749.8027,789.266,1183.8989,75.8035,-1.1839,10.395423,15.593133,2.799122,29,215,300,5,0.03207536,0.00395337,0.05088190,0E-8,0.000000,0.912219,0.000000,-0.04848366,2026-03-31,2026-08-01,83,4123,1621,124,0.669355,0.205295,0.230786,0.106918,,,,,,,,GLOBAL_BASELINE_NO_ENTITY_RANKING,,,NOT_APPLICABLE_GLOBAL_BASELINE,HF9g-P5,,,,X 全窗基线 · 不参与实体赏罚,15056227,1506,A168_HF9F_20260827_0900,2026-08-27 09:00:00
2026-06-30,92755421,1399,0,306.3548705489,-6.4535722420,-6.4535722420,0.5000000,5,4,0.49917535338169799,0.442322425000,0.0032985909595721744,0.23226080057400214,0.0032985909595721744,0.05685292838169799,ELIGIBLE,R03b_20260811_FULL_v1,L1_ELIGIBILITY,v2026-08-11,2026-03-21..2026-08-06,baccarat_bet02_101_all_pairs_incl_sentinel,round_win = game_pnl > 0 (decisive only),COMPATIBILITY_ONLY_NOT_PRODUCTION,2500103.8841,2280641.3266,9883.8276,11764,10369,-0.00395337,-0.05088190,-0.00239824,-0.00395337,-9883.8276,2500103.8841,OK,0.0000,395.3531,4.0000,96.0000,AG03-UNRESOLVED,ALL5_LEVELS_bet23_to_bet27,395.3531,395.3531,395.3531,395.3531,395.3531,4.000000,4.000000,4.000000,4.000000,4.000000,96.000000,96.000000,96.000000,96.000000,96.000000,5.0,1976.7655,1824.8244,7907.0621,8059.0032,PENDING_AG03,FALSE,NOT_FOR_ENFORCEMENT,9488.4745,2189415.6736,9883.8276,9488.4745,395.3531,0.00395337,0.00379523,395.3531,9488.4745,0.00379523,395.3531,395.3531,395.3531,395.3531,395.3531,9488.4745,0.00379523,1976.7655,1824.8244,7907.0621,8059.0032,0.00316269,0.00322347,0.00015813,212.5216,219.9480,0.9532,119.0823,2.3972,30121.7335,124.9277,49.0469,238.9093,36.5364,75.9244,374.9013,749.8027,789.266,1183.8989,75.8035,-1.1839,10.395423,15.593133,2.799122,29,215,300,5,0.03207536,0.00395337,0.05088190,0E-8,0.000000,0.912219,0.000000,-0.04848366,2026-03-31,2026-08-01,83,4123,1621,124,0.669355,0.205295,0.230786,0.106918,,,,,,,,GLOBAL_BASELINE_NO_ENTITY_RANKING,,,NOT_APPLICABLE_GLOBAL_BASELINE,HF9g-P5,,,,X 全窗基线 · 不参与实体赏罚,15056228,1506,A168_HF9F_20260827_0900,2026-08-27 09:00:00
2026-06-30,92755421,1400,0,364.4370207274,76.1141902665,76.1141902665,0.6000000,5,5,0.50128862000000000,0.501288620000,0.4414521777673877,0.4414521777673877,0.4414521777673877,0E-17,ELIGIBLE,R03b_20260811_FULL_v1,L1_ELIGIBILITY,v2026-08-11,2026-03-21..2026-08-06,baccarat_bet02_101_all_pairs_incl_sentinel,round_win = game_pnl > 0 (decisive only),COMPATIBILITY_ONLY_NOT_PRODUCTION,2500103.8841,2280641.3266,9883.8276,11764,10369,-0.00395337,-0.05088190,-0.00239824,-0.00395337,-9883.8276,2500103.8841,OK,0.0000,395.3531,4.0000,96.0000,AG03-UNRESOLVED,ALL5_LEVELS_bet23_to_bet27,395.3531,395.3531,395.3531,395.3531,395.3531,4.000000,4.000000,4.000000,4.000000,4.000000,96.000000,96.000000,96.000000,96.000000,96.000000,5.0,1976.7655,1824.8244,7907.0621,8059.0032,PENDING_AG03,FALSE,NOT_FOR_ENFORCEMENT,9488.4745,2189415.6736,9883.8276,9488.4745,395.3531,0.00395337,0.00379523,395.3531,9488.4745,0.00379523,395.3531,395.3531,395.3531,395.3531,395.3531,9488.4745,0.00379523,1976.7655,1824.8244,7907.0621,8059.0032,0.00316269,0.00322347,0.00015813,212.5216,219.9480,0.9532,119.0823,2.3972,30121.7335,124.9277,49.0469,238.9093,36.5364,75.9244,374.9013,749.8027,789.266,1183.8989,75.8035,-1.1839,10.395423,15.593133,2.799122,29,215,300,5,0.03207536,0.00395337,0.05088190,0E-8,0.000000,0.912219,0.000000,-0.04848366,2026-03-31,2026-08-01,83,4123,1621,124,0.669355,0.205295,0.230786,0.106918,,,,,,,,GLOBAL_BASELINE_NO_ENTITY_RANKING,,,NOT_APPLICABLE_GLOBAL_BASELINE,HF9g-P5,,,,X 全窗基线 · 不参与实体赏罚,15056229,1506,A168_HF9F_20260827_0900,2026-08-27 09:00:00
2026-06-30,92755421,1507,0,75.9243793182,-75.9243793182,-75.9243793182,0E-7,1,1,0.50665070000000000,0.506650700000,-1.013391052207602,-1.013391052207602,-1.013391052207602,0E-17,ELIGIBLE,R03b_20260811_FULL_v1,L1_ELIGIBILITY,v2026-08-11,2026-03-21..2026-08-06,baccarat_bet02_101_all_pairs_incl_sentinel,round_win = game_pnl > 0 (decisive only),COMPATIBILITY_ONLY_NOT_PRODUCTION,2500103.8841,2280641.3266,9883.8276,11764,10369,-0.00395337,-0.05088190,-0.00239824,-0.00395337,-9883.8276,2500103.8841,OK,0.0000,395.3531,4.0000,96.0000,AG03-UNRESOLVED,ALL5_LEVELS_bet23_to_bet27,395.3531,395.3531,395.3531,395.3531,395.3531,4.000000,4.000000,4.000000,4.000000,4.000000,96.000000,96.000000,96.000000,96.000000,96.000000,5.0,1976.7655,1824.8244,7907.0621,8059.0032,PENDING_AG03,FALSE,NOT_FOR_ENFORCEMENT,9488.4745,2189415.6736,9883.8276,9488.4745,395.3531,0.00395337,0.00379523,395.3531,9488.4745,0.00379523,395.3531,395.3531,395.3531,395.3531,395.3531,9488.4745,0.00379523,1976.7655,1824.8244,7907.0621,8059.0032,0.00316269,0.00322347,0.00015813,212.5216,219.9480,0.9532,119.0823,2.3972,30121.7335,124.9277,49.0469,238.9093,36.5364,75.9244,374.9013,749.8027,789.266,1183.8989,75.8035,-1.1839,10.395423,15.593133,2.799122,29,215,300,5,0.03207536,0.00395337,0.05088190,0E-8,0.000000,0.912219,0.000000,-0.04848366,2026-03-31,2026-08-01,83,4123,1621,124,0.669355,0.205295,0.230786,0.106918,,,,,,,,GLOBAL_BASELINE_NO_ENTITY_RANKING,,,NOT_APPLICABLE_GLOBAL_BASELINE,HF9g-P5,,,,X 全窗基线 · 不参与实体赏罚,15056230,1506,A168_HF9F_20260827_0900,2026-08-27 09:00:00
2026-06-30,92755421,1509,0,75.9243793182,-75.9243793182,-75.9243793182,0E-7,1,1,0.50665070000000000,0.506650700000,-1.013391052207602,-1.013391052207602,-1.013391052207602,0E-17,ELIGIBLE,R03b_20260811_FULL_v1,L1_ELIGIBILITY,v2026-08-11,2026-03-21..2026-08-06,baccarat_bet02_101_all_pairs_incl_sentinel,round_win = game_pnl > 0 (decisive only),COMPATIBILITY_ONLY_NOT_PRODUCTION,2500103.8841,2280641.3266,9883.8276,11764,10369,-0.00395337,-0.05088190,-0.00239824,-0.00395337,-9883.8276,2500103.8841,OK,0.0000,395.3531,4.0000,96.0000,AG03-UNRESOLVED,ALL5_LEVELS_bet23_to_bet27,395.3531,395.3531,395.3531,395.3531,395.3531,4.000000,4.000000,4.000000,4.000000,4.000000,96.000000,96.000000,96.000000,96.000000,96.000000,5.0,1976.7655,1824.8244,7907.0621,8059.0032,PENDING_AG03,FALSE,NOT_FOR_ENFORCEMENT,9488.4745,2189415.6736,9883.8276,9488.4745,395.3531,0.00395337,0.00379523,395.3531,9488.4745,0.00379523,395.3531,395.3531,395.3531,395.3531,395.3531,9488.4745,0.00379523,1976.7655,1824.8244,7907.0621,8059.0032,0.00316269,0.00322347,0.00015813,212.5216,219.9480,0.9532,119.0823,2.3972,30121.7335,124.9277,49.0469,238.9093,36.5364,75.9244,374.9013,749.8027,789.266,1183.8989,75.8035,-1.1839,10.395423,15.593133,2.799122,29,215,300,5,0.03207536,0.00395337,0.05088190,0E-8,0.000000,0.912219,0.000000,-0.04848366,2026-03-31,2026-08-01,83,4123,1621,124,0.669355,0.205295,0.230786,0.106918,,,,,,,,GLOBAL_BASELINE_NO_ENTITY_RANKING,,,NOT_APPLICABLE_GLOBAL_BASELINE,HF9g-P5,,,,X 全窗基线 · 不参与实体赏罚,15056231,1506,A168_HF9F_20260827_0900,2026-08-27 09:00:00
2026-06-30,92755421,1942,0,189.8109482955,-189.8109482955,-189.8109482955,0E-7,1,1,0.49324550000000000,0.493245500000,-0.9865810262130424,-0.9865810262130424,-0.9865810262130424,0E-17,ELIGIBLE,R03b_20260811_FULL_v1,L1_ELIGIBILITY,v2026-08-11,2026-03-21..2026-08-06,baccarat_bet02_101_all_pairs_incl_sentinel,round_win = game_pnl > 0 (decisive only),COMPATIBILITY_ONLY_NOT_PRODUCTION,2500103.8841,2280641.3266,9883.8276,11764,10369,-0.00395337,-0.05088190,-0.00239824,-0.00395337,-9883.8276,2500103.8841,OK,0.0000,395.3531,4.0000,96.0000,AG03-UNRESOLVED,ALL5_LEVELS_bet23_to_bet27,395.3531,395.3531,395.3531,395.3531,395.3531,4.000000,4.000000,4.000000,4.000000,4.000000,96.000000,96.000000,96.000000,96.000000,96.000000,5.0,1976.7655,1824.8244,7907.0621,8059.0032,PENDING_AG03,FALSE,NOT_FOR_ENFORCEMENT,9488.4745,2189415.6736,9883.8276,9488.4745,395.3531,0.00395337,0.00379523,395.3531,9488.4745,0.00379523,395.3531,395.3531,395.3531,395.3531,395.3531,9488.4745,0.00379523,1976.7655,1824.8244,7907.0621,8059.0032,0.00316269,0.00322347,0.00015813,212.5216,219.9480,0.9532,119.0823,2.3972,30121.7335,124.9277,49.0469,238.9093,36.5364,75.9244,374.9013,749.8027,789.266,1183.8989,75.8035,-1.1839,10.395423,15.593133,2.799122,29,215,300,5,0.03207536,0.00395337,0.05088190,0E-8,0.000000,0.912219,0.000000,-0.04848366,2026-03-31,2026-08-01,83,4123,1621,124,0.669355,0.205295,0.230786,0.106918,,,,,,,,GLOBAL_BASELINE_NO_ENTITY_RANKING,,,NOT_APPLICABLE_GLOBAL_BASELINE,HF9g-P5,,,,X 全窗基线 · 不参与实体赏罚,15056232,1506,A168_HF9F_20260827_0900,2026-08-27 09:00:00
2026-06-30,92755421,1949,0,75.9243793182,-75.9243793182,-75.9243793182,0E-7,1,1,0.50665070000000000,0.506650700000,-1.013391052207602,-1.013391052207602,-1.013391052207602,0E-17,ELIGIBLE,R03b_20260811_FULL_v1,L1_ELIGIBILITY,v2026-08-11,2026-03-21..2026-08-06,baccarat_bet02_101_all_pairs_incl_sentinel,round_win = game_pnl > 0 (decisive only),COMPATIBILITY_ONLY_NOT_PRODUCTION,2500103.8841,2280641.3266,9883.8276,11764,10369,-0.00395337,-0.05088190,-0.00239824,-0.00395337,-9883.8276,2500103.8841,OK,0.0000,395.3531,4.0000,96.0000,AG03-UNRESOLVED,ALL5_LEVELS_bet23_to_bet27,395.3531,395.3531,395.3531,395.3531,395.3531,4.000000,4.000000,4.000000,4.000000,4.000000,96.000000,96.000000,96.000000,96.000000,96.000000,5.0,1976.7655,1824.8244,7907.0621,8059.0032,PENDING_AG03,FALSE,NOT_FOR_ENFORCEMENT,9488.4745,2189415.6736,9883.8276,9488.4745,395.3531,0.00395337,0.00379523,395.3531,9488.4745,0.00379523,395.3531,395.3531,395.3531,395.3531,395.3531,9488.4745,0.00379523,1976.7655,1824.8244,7907.0621,8059.0032,0.00316269,0.00322347,0.00015813,212.5216,219.9480,0.9532,119.0823,2.3972,30121.7335,124.9277,49.0469,238.9093,36.5364,75.9244,374.9013,749.8027,789.266,1183.8989,75.8035,-1.1839,10.395423,15.593133,2.799122,29,215,300,5,0.03207536,0.00395337,0.05088190,0E-8,0.000000,0.912219,0.000000,-0.04848366,2026-03-31,2026-08-01,83,4123,1621,124,0.669355,0.205295,0.230786,0.106918,,,,,,,,GLOBAL_BASELINE_NO_ENTITY_RANKING,,,NOT_APPLICABLE_GLOBAL_BASELINE,HF9g-P5,,,,X 全窗基线 · 不参与实体赏罚,15056233,1506,A168_HF9F_20260827_0900,2026-08-27 09:00:00
2026-06-30,92755421,2082,0,155.2653557057,-155.2653557057,-155.2653557057,0E-7,3,2,0.49614748899527121,0.384696750000,-1.4033586732199241,-1.118226170218197,-1.4033586732199241,0.11145073899527121,ELIGIBLE,R03b_20260811_FULL_v1,L1_ELIGIBILITY,v2026-08-11,2026-03-21..2026-08-06,baccarat_bet02_101_all_pairs_incl_sentinel,round_win = game_pnl > 0 (decisive only),COMPATIBILITY_ONLY_NOT_PRODUCTION,2500103.8841,2280641.3266,9883.8276,11764,10369,-0.00395337,-0.05088190,-0.00239824,-0.00395337,-9883.8276,2500103.8841,OK,0.0000,395.3531,4.0000,96.0000,AG03-UNRESOLVED,ALL5_LEVELS_bet23_to_bet27,395.3531,395.3531,395.3531,395.3531,395.3531,4.000000,4.000000,4.000000,4.000000,4.000000,96.000000,96.000000,96.000000,96.000000,96.000000,5.0,1976.7655,1824.8244,7907.0621,8059.0032,PENDING_AG03,FALSE,NOT_FOR_ENFORCEMENT,9488.4745,2189415.6736,9883.8276,9488.4745,395.3531,0.00395337,0.00379523,395.3531,9488.4745,0.00379523,395.3531,395.3531,395.3531,395.3531,395.3531,9488.4745,0.00379523,1976.7655,1824.8244,7907.0621,8059.0032,0.00316269,0.00322347,0.00015813,212.5216,219.9480,0.9532,119.0823,2.3972,30121.7335,124.9277,49.0469,238.9093,36.5364,75.9244,374.9013,749.8027,789.266,1183.8989,75.8035,-1.1839,10.395423,15.593133,2.799122,29,215,300,5,0.03207536,0.00395337,0.05088190,0E-8,0.000000,0.912219,0.000000,-0.04848366,2026-03-31,2026-08-01,83,4123,1621,124,0.669355,0.205295,0.230786,0.106918,,,,,,,,GLOBAL_BASELINE_NO_ENTITY_RANKING,,,NOT_APPLICABLE_GLOBAL_BASELINE,HF9g-P5,,,,X 全窗基线 · 不参与实体赏罚,15056234,1506,A168_HF9F_20260827_0900,2026-08-27 09:00:00
2026-06-30,92755421,2084,0,273.3277655455,152.2283805331,152.2283805331,0.7500000,4,4,0.49994810000000000,0.499948100000,1.0002076053883384,1.0002076053883384,1.0002076053883384,0E-17,ELIGIBLE,R03b_20260811_FULL_v1,L1_ELIGIBILITY,v2026-08-11,2026-03-21..2026-08-06,baccarat_bet02_101_all_pairs_incl_sentinel,round_win = game_pnl > 0 (decisive only),COMPATIBILITY_ONLY_NOT_PRODUCTION,2500103.8841,2280641.3266,9883.8276,11764,10369,-0.00395337,-0.05088190,-0.00239824,-0.00395337,-9883.8276,2500103.8841,OK,0.0000,395.3531,4.0000,96.0000,AG03-UNRESOLVED,ALL5_LEVELS_bet23_to_bet27,395.3531,395.3531,395.3531,395.3531,395.3531,4.000000,4.000000,4.000000,4.000000,4.000000,96.000000,96.000000,96.000000,96.000000,96.000000,5.0,1976.7655,1824.8244,7907.0621,8059.0032,PENDING_AG03,FALSE,NOT_FOR_ENFORCEMENT,9488.4745,2189415.6736,9883.8276,9488.4745,395.3531,0.00395337,0.00379523,395.3531,9488.4745,0.00379523,395.3531,395.3531,395.3531,395.3531,395.3531,9488.4745,0.00379523,1976.7655,1824.8244,7907.0621,8059.0032,0.00316269,0.00322347,0.00015813,212.5216,219.9480,0.9532,119.0823,2.3972,30121.7335,124.9277,49.0469,238.9093,36.5364,75.9244,374.9013,749.8027,789.266,1183.8989,75.8035,-1.1839,10.395423,15.593133,2.799122,29,215,300,5,0.03207536,0.00395337,0.05088190,0E-8,0.000000,0.912219,0.000000,-0.04848366,2026-03-31,2026-08-01,83,4123,1621,124,0.669355,0.205295,0.230786,0.106918,,,,,,,,GLOBAL_BASELINE_NO_ENTITY_RANKING,,,NOT_APPLICABLE_GLOBAL_BASELINE,HF9g-P5,,,,X 全窗基线 · 不参与实体赏罚,15056235,1506,A168_HF9F_20260827_0900,2026-08-27 09:00:00
2026-06-30,92755421,2130,0,75.9243793182,-75.9243793182,-75.9243793182,0E-7,1,1,0.49324550000000000,0.493245500000,-0.9865810262130424,-0.9865810262130424,-0.9865810262130424,0E-17,ELIGIBLE,R03b_20260811_FULL_v1,L1_ELIGIBILITY,v2026-08-11,2026-03-21..2026-08-06,baccarat_bet02_101_all_pairs_incl_sentinel,round_win = game_pnl > 0 (decisive only),COMPATIBILITY_ONLY_NOT_PRODUCTION,2500103.8841,2280641.3266,9883.8276,11764,10369,-0.00395337,-0.05088190,-0.00239824,-0.00395337,-9883.8276,2500103.8841,OK,0.0000,395.3531,4.0000,96.0000,AG03-UNRESOLVED,ALL5_LEVELS_bet23_to_bet27,395.3531,395.3531,395.3531,395.3531,395.3531,4.000000,4.000000,4.000000,4.000000,4.000000,96.000000,96.000000,96.000000,96.000000,96.000000,5.0,1976.7655,1824.8244,7907.0621,8059.0032,PENDING_AG03,FALSE,NOT_FOR_ENFORCEMENT,9488.4745,2189415.6736,9883.8276,9488.4745,395.3531,0.00395337,0.00379523,395.3531,9488.4745,0.00379523,395.3531,395.3531,395.3531,395.3531,395.3531,9488.4745,0.00379523,1976.7655,1824.8244,7907.0621,8059.0032,0.00316269,0.00322347,0.00015813,212.5216,219.9480,0.9532,119.0823,2.3972,30121.7335,124.9277,49.0469,238.9093,36.5364,75.9244,374.9013,749.8027,789.266,1183.8989,75.8035,-1.1839,10.395423,15.593133,2.799122,29,215,300,5,0.03207536,0.00395337,0.05088190,0E-8,0.000000,0.912219,0.000000,-0.04848366,2026-03-31,2026-08-01,83,4123,1621,124,0.669355,0.205295,0.230786,0.106918,,,,,,,,GLOBAL_BASELINE_NO_ENTITY_RANKING,,,NOT_APPLICABLE_GLOBAL_BASELINE,HF9g-P5,,,,X 全窗基线 · 不参与实体赏罚,15056236,1506,A168_HF9F_20260827_0900,2026-08-27 09:00:00
2026-06-30,92755421,2147,0,75.9243793182,-75.9243793182,-75.9243793182,0E-7,1,1,0.49324550000000000,0.493245500000,-0.9865810262130424,-0.9865810262130424,-0.9865810262130424,0E-17,ELIGIBLE,R03b_20260811_FULL_v1,L1_ELIGIBILITY,v2026-08-11,2026-03-21..2026-08-06,baccarat_bet02_101_all_pairs_incl_sentinel,round_win = game_pnl > 0 (decisive only),COMPATIBILITY_ONLY_NOT_PRODUCTION,2500103.8841,2280641.3266,9883.8276,11764,10369,-0.00395337,-0.05088190,-0.00239824,-0.00395337,-9883.8276,2500103.8841,OK,0.0000,395.3531,4.0000,96.0000,AG03-UNRESOLVED,ALL5_LEVELS_bet23_to_bet27,395.3531,395.3531,395.3531,395.3531,395.3531,4.000000,4.000000,4.000000,4.000000,4.000000,96.000000,96.000000,96.000000,96.000000,96.000000,5.0,1976.7655,1824.8244,7907.0621,8059.0032,PENDING_AG03,FALSE,NOT_FOR_ENFORCEMENT,9488.4745,2189415.6736,9883.8276,9488.4745,395.3531,0.00395337,0.00379523,395.3531,9488.4745,0.00379523,395.3531,395.3531,395.3531,395.3531,395.3531,9488.4745,0.00379523,1976.7655,1824.8244,7907.0621,8059.0032,0.00316269,0.00322347,0.00015813,212.5216,219.9480,0.9532,119.0823,2.3972,30121.7335,124.9277,49.0469,238.9093,36.5364,75.9244,374.9013,749.8027,789.266,1183.8989,75.8035,-1.1839,10.395423,15.593133,2.799122,29,215,300,5,0.03207536,0.00395337,0.05088190,0E-8,0.000000,0.912219,0.000000,-0.04848366,2026-03-31,2026-08-01,83,4123,1621,124,0.669355,0.205295,0.230786,0.106918,,,,,,,,GLOBAL_BASELINE_NO_ENTITY_RANKING,,,NOT_APPLICABLE_GLOBAL_BASELINE,HF9g-P5,,,,X 全窗基线 · 不参与实体赏罚,15056237,1506,A168_HF9F_20260827_0900,2026-08-27 09:00:00
2026-06-30,92755421,2160,0,212.5882620910,76.1141902665,76.1141902665,0.6666667,3,3,0.50218230000000000,0.502182300000,0.5697959874915163,0.5697959874915164,0.5697959874915163,0E-17,ELIGIBLE,R03b_20260811_FULL_v1,L1_ELIGIBILITY,v2026-08-11,2026-03-21..2026-08-06,baccarat_bet02_101_all_pairs_incl_sentinel,round_win = game_pnl > 0 (decisive only),COMPATIBILITY_ONLY_NOT_PRODUCTION,2500103.8841,2280641.3266,9883.8276,11764,10369,-0.00395337,-0.05088190,-0.00239824,-0.00395337,-9883.8276,2500103.8841,OK,0.0000,395.3531,4.0000,96.0000,AG03-UNRESOLVED,ALL5_LEVELS_bet23_to_bet27,395.3531,395.3531,395.3531,395.3531,395.3531,4.000000,4.000000,4.000000,4.000000,4.000000,96.000000,96.000000,96.000000,96.000000,96.000000,5.0,1976.7655,1824.8244,7907.0621,8059.0032,PENDING_AG03,FALSE,NOT_FOR_ENFORCEMENT,9488.4745,2189415.6736,9883.8276,9488.4745,395.3531,0.00395337,0.00379523,395.3531,9488.4745,0.00379523,395.3531,395.3531,395.3531,395.3531,395.3531,9488.4745,0.00379523,1976.7655,1824.8244,7907.0621,8059.0032,0.00316269,0.00322347,0.00015813,212.5216,219.9480,0.9532,119.0823,2.3972,30121.7335,124.9277,49.0469,238.9093,36.5364,75.9244,374.9013,749.8027,789.266,1183.8989,75.8035,-1.1839,10.395423,15.593133,2.799122,29,215,300,5,0.03207536,0.00395337,0.05088190,0E-8,0.000000,0.912219,0.000000,-0.04848366,2026-03-31,2026-08-01,83,4123,1621,124,0.669355,0.205295,0.230786,0.106918,,,,,,,,GLOBAL_BASELINE_NO_ENTITY_RANKING,,,NOT_APPLICABLE_GLOBAL_BASELINE,HF9g-P5,,,,X 全窗基线 · 不参与实体赏罚,15056238,1506,A168_HF9F_20260827_0900,2026-08-27 09:00:00
2026-06-30,92755421,2175,0,166.6540126034,18.4116619847,18.4116619847,0.5000000,2,2,0.50665070000000000,0.506650700000,-0.018812684590367487,-0.018812684590367487,-0.018812684590367487,0E-17,ELIGIBLE,R03b_20260811_FULL_v1,L1_ELIGIBILITY,v2026-08-11,2026-03-21..2026-08-06,baccarat_bet02_101_all_pairs_incl_sentinel,round_win = game_pnl > 0 (decisive only),COMPATIBILITY_ONLY_NOT_PRODUCTION,2500103.8841,2280641.3266,9883.8276,11764,10369,-0.00395337,-0.05088190,-0.00239824,-0.00395337,-9883.8276,2500103.8841,OK,0.0000,395.3531,4.0000,96.0000,AG03-UNRESOLVED,ALL5_LEVELS_bet23_to_bet27,395.3531,395.3531,395.3531,395.3531,395.3531,4.000000,4.000000,4.000000,4.000000,4.000000,96.000000,96.000000,96.000000,96.000000,96.000000,5.0,1976.7655,1824.8244,7907.0621,8059.0032,PENDING_AG03,FALSE,NOT_FOR_ENFORCEMENT,9488.4745,2189415.6736,9883.8276,9488.4745,395.3531,0.00395337,0.00379523,395.3531,9488.4745,0.00379523,395.3531,395.3531,395.3531,395.3531,395.3531,9488.4745,0.00379523,1976.7655,1824.8244,7907.0621,8059.0032,0.00316269,0.00322347,0.00015813,212.5216,219.9480,0.9532,119.0823,2.3972,30121.7335,124.9277,49.0469,238.9093,36.5364,75.9244,374.9013,749.8027,789.266,1183.8989,75.8035,-1.1839,10.395423,15.593133,2.799122,29,215,300,5,0.03207536,0.00395337,0.05088190,0E-8,0.000000,0.912219,0.000000,-0.04848366,2026-03-31,2026-08-01,83,4123,1621,124,0.669355,0.205295,0.230786,0.106918,,,,,,,,GLOBAL_BASELINE_NO_ENTITY_RANKING,,,NOT_APPLICABLE_GLOBAL_BASELINE,HF9g-P5,,,,X 全窗基线 · 不参与实体赏罚,15056239,1506,A168_HF9F_20260827_0900,2026-08-27 09:00:00
2026-06-30,92755421,2177,0,292.3088603751,133.2472857035,133.2472857035,0.7500000,4,4,0.49994810000000000,0.499948100000,1.0002076053883384,1.0002076053883384,1.0002076053883384,0E-17,ELIGIBLE,R03b_20260811_FULL_v1,L1_ELIGIBILITY,v2026-08-11,2026-03-21..2026-08-06,baccarat_bet02_101_all_pairs_incl_sentinel,round_win = game_pnl > 0 (decisive only),COMPATIBILITY_ONLY_NOT_PRODUCTION,2500103.8841,2280641.3266,9883.8276,11764,10369,-0.00395337,-0.05088190,-0.00239824,-0.00395337,-9883.8276,2500103.8841,OK,0.0000,395.3531,4.0000,96.0000,AG03-UNRESOLVED,ALL5_LEVELS_bet23_to_bet27,395.3531,395.3531,395.3531,395.3531,395.3531,4.000000,4.000000,4.000000,4.000000,4.000000,96.000000,96.000000,96.000000,96.000000,96.000000,5.0,1976.7655,1824.8244,7907.0621,8059.0032,PENDING_AG03,FALSE,NOT_FOR_ENFORCEMENT,9488.4745,2189415.6736,9883.8276,9488.4745,395.3531,0.00395337,0.00379523,395.3531,9488.4745,0.00379523,395.3531,395.3531,395.3531,395.3531,395.3531,9488.4745,0.00379523,1976.7655,1824.8244,7907.0621,8059.0032,0.00316269,0.00322347,0.00015813,212.5216,219.9480,0.9532,119.0823,2.3972,30121.7335,124.9277,49.0469,238.9093,36.5364,75.9244,374.9013,749.8027,789.266,1183.8989,75.8035,-1.1839,10.395423,15.593133,2.799122,29,215,300,5,0.03207536,0.00395337,0.05088190,0E-8,0.000000,0.912219,0.000000,-0.04848366,2026-03-31,2026-08-01,83,4123,1621,124,0.669355,0.205295,0.230786,0.106918,,,,,,,,GLOBAL_BASELINE_NO_ENTITY_RANKING,,,NOT_APPLICABLE_GLOBAL_BASELINE,HF9g-P5,,,,X 全窗基线 · 不参与实体赏罚,15056240,1506,A168_HF9F_20260827_0900,2026-08-27 09:00:00
2026-06-30,92755421,2188,0,1287.6774732366,801.6095968415,801.6095968415,0.8750000,13,9,0.49445455478436219,0.392289322222,2.1528225300011017,2.7962772027829343,2.1528225300011017,0.10216523256236219,ELIGIBLE,R03b_20260811_FULL_v1,L1_ELIGIBILITY,v2026-08-11,2026-03-21..2026-08-06,baccarat_bet02_101_all_pairs_incl_sentinel,round_win = game_pnl > 0 (decisive only),COMPATIBILITY_ONLY_NOT_PRODUCTION,2500103.8841,2280641.3266,9883.8276,11764,10369,-0.00395337,-0.05088190,-0.00239824,-0.00395337,-9883.8276,2500103.8841,OK,0.0000,395.3531,4.0000,96.0000,AG03-UNRESOLVED,ALL5_LEVELS_bet23_to_bet27,395.3531,395.3531,395.3531,395.3531,395.3531,4.000000,4.000000,4.000000,4.000000,4.000000,96.000000,96.000000,96.000000,96.000000,96.000000,5.0,1976.7655,1824.8244,7907.0621,8059.0032,PENDING_AG03,FALSE,NOT_FOR_ENFORCEMENT,9488.4745,2189415.6736,9883.8276,9488.4745,395.3531,0.00395337,0.00379523,395.3531,9488.4745,0.00379523,395.3531,395.3531,395.3531,395.3531,395.3531,9488.4745,0.00379523,1976.7655,1824.8244,7907.0621,8059.0032,0.00316269,0.00322347,0.00015813,212.5216,219.9480,0.9532,119.0823,2.3972,30121.7335,124.9277,49.0469,238.9093,36.5364,75.9244,374.9013,749.8027,789.266,1183.8989,75.8035,-1.1839,10.395423,15.593133,2.799122,29,215,300,5,0.03207536,0.00395337,0.05088190,0E-8,0.000000,0.912219,0.000000,-0.04848366,2026-03-31,2026-08-01,83,4123,1621,124,0.669355,0.205295,0.230786,0.106918,,,,,,,,GLOBAL_BASELINE_NO_ENTITY_RANKING,,,NOT_APPLICABLE_GLOBAL_BASELINE,HF9g-P5,,,,X 全窗基线 · 不参与实体赏罚,15056241,1506,A168_HF9F_20260827_0900,2026-08-27 09:00:00
2026-06-30,92755421,2218,0,527.6744362615,75.9243793182,75.9243793182,0.6000000,5,5,0.49860758000000000,0.498607580000,0.4534424453485946,0.4534424453485946,0.4534424453485946,0E-17,ELIGIBLE,R03b_20260811_FULL_v1,L1_ELIGIBILITY,v2026-08-11,2026-03-21..2026-08-06,baccarat_bet02_101_all_pairs_incl_sentinel,round_win = game_pnl > 0 (decisive only),COMPATIBILITY_ONLY_NOT_PRODUCTION,2500103.8841,2280641.3266,9883.8276,11764,10369,-0.00395337,-0.05088190,-0.00239824,-0.00395337,-9883.8276,2500103.8841,OK,0.0000,395.3531,4.0000,96.0000,AG03-UNRESOLVED,ALL5_LEVELS_bet23_to_bet27,395.3531,395.3531,395.3531,395.3531,395.3531,4.000000,4.000000,4.000000,4.000000,4.000000,96.000000,96.000000,96.000000,96.000000,96.000000,5.0,1976.7655,1824.8244,7907.0621,8059.0032,PENDING_AG03,FALSE,NOT_FOR_ENFORCEMENT,9488.4745,2189415.6736,9883.8276,9488.4745,395.3531,0.00395337,0.00379523,395.3531,9488.4745,0.00379523,395.3531,395.3531,395.3531,395.3531,395.3531,9488.4745,0.00379523,1976.7655,1824.8244,7907.0621,8059.0032,0.00316269,0.00322347,0.00015813,212.5216,219.9480,0.9532,119.0823,2.3972,30121.7335,124.9277,49.0469,238.9093,36.5364,75.9244,374.9013,749.8027,789.266,1183.8989,75.8035,-1.1839,10.395423,15.593133,2.799122,29,215,300,5,0.03207536,0.00395337,0.05088190,0E-8,0.000000,0.912219,0.000000,-0.04848366,2026-03-31,2026-08-01,83,4123,1621,124,0.669355,0.205295,0.230786,0.106918,,,,,,,,GLOBAL_BASELINE_NO_ENTITY_RANKING,,,NOT_APPLICABLE_GLOBAL_BASELINE,HF9g-P5,,,,X 全窗基线 · 不参与实体赏罚,15056242,1506,A168_HF9F_20260827_0900,2026-08-27 09:00:00
2026-06-30,92755421,2222,0,75.9243793182,-75.9243793182,-75.9243793182,0E-7,1,1,0.49324550000000000,0.493245500000,-0.9865810262130424,-0.9865810262130424,-0.9865810262130424,0E-17,ELIGIBLE,R03b_20260811_FULL_v1,L1_ELIGIBILITY,v2026-08-11,2026-03-21..2026-08-06,baccarat_bet02_101_all_pairs_incl_sentinel,round_win = game_pnl > 0 (decisive only),COMPATIBILITY_ONLY_NOT_PRODUCTION,2500103.8841,2280641.3266,9883.8276,11764,10369,-0.00395337,-0.05088190,-0.00239824,-0.00395337,-9883.8276,2500103.8841,OK,0.0000,395.3531,4.0000,96.0000,AG03-UNRESOLVED,ALL5_LEVELS_bet23_to_bet27,395.3531,395.3531,395.3531,395.3531,395.3531,4.000000,4.000000,4.000000,4.000000,4.000000,96.000000,96.000000,96.000000,96.000000,96.000000,5.0,1976.7655,1824.8244,7907.0621,8059.0032,PENDING_AG03,FALSE,NOT_FOR_ENFORCEMENT,9488.4745,2189415.6736,9883.8276,9488.4745,395.3531,0.00395337,0.00379523,395.3531,9488.4745,0.00379523,395.3531,395.3531,395.3531,395.3531,395.3531,9488.4745,0.00379523,1976.7655,1824.8244,7907.0621,8059.0032,0.00316269,0.00322347,0.00015813,212.5216,219.9480,0.9532,119.0823,2.3972,30121.7335,124.9277,49.0469,238.9093,36.5364,75.9244,374.9013,749.8027,789.266,1183.8989,75.8035,-1.1839,10.395423,15.593133,2.799122,29,215,300,5,0.03207536,0.00395337,0.05088190,0E-8,0.000000,0.912219,0.000000,-0.04848366,2026-03-31,2026-08-01,83,4123,1621,124,0.669355,0.205295,0.230786,0.106918,,,,,,,,GLOBAL_BASELINE_NO_ENTITY_RANKING,,,NOT_APPLICABLE_GLOBAL_BASELINE,HF9g-P5,,,,X 全窗基线 · 不参与实体赏罚,15056243,1506,A168_HF9F_20260827_0900,2026-08-27 09:00:00
2026-06-30,92755421,2224,0,148.0525396705,0E-10,0E-10,0.5000000,2,2,0.49994810000000000,0.499948100000,0.00014679536856514622,0.00014679536856514622,0.00014679536856514622,0E-17,ELIGIBLE,R03b_20260811_FULL_v1,L1_ELIGIBILITY,v2026-08-11,2026-03-21..2026-08-06,baccarat_bet02_101_all_pairs_incl_sentinel,round_win = game_pnl > 0 (decisive only),COMPATIBILITY_ONLY_NOT_PRODUCTION,2500103.8841,2280641.3266,9883.8276,11764,10369,-0.00395337,-0.05088190,-0.00239824,-0.00395337,-9883.8276,2500103.8841,OK,0.0000,395.3531,4.0000,96.0000,AG03-UNRESOLVED,ALL5_LEVELS_bet23_to_bet27,395.3531,395.3531,395.3531,395.3531,395.3531,4.000000,4.000000,4.000000,4.000000,4.000000,96.000000,96.000000,96.000000,96.000000,96.000000,5.0,1976.7655,1824.8244,7907.0621,8059.0032,PENDING_AG03,FALSE,NOT_FOR_ENFORCEMENT,9488.4745,2189415.6736,9883.8276,9488.4745,395.3531,0.00395337,0.00379523,395.3531,9488.4745,0.00379523,395.3531,395.3531,395.3531,395.3531,395.3531,9488.4745,0.00379523,1976.7655,1824.8244,7907.0621,8059.0032,0.00316269,0.00322347,0.00015813,212.5216,219.9480,0.9532,119.0823,2.3972,30121.7335,124.9277,49.0469,238.9093,36.5364,75.9244,374.9013,749.8027,789.266,1183.8989,75.8035,-1.1839,10.395423,15.593133,2.799122,29,215,300,5,0.03207536,0.00395337,0.05088190,0E-8,0.000000,0.912219,0.000000,-0.04848366,2026-03-31,2026-08-01,83,4123,1621,124,0.669355,0.205295,0.230786,0.106918,,,,,,,,GLOBAL_BASELINE_NO_ENTITY_RANKING,,,NOT_APPLICABLE_GLOBAL_BASELINE,HF9g-P5,,,,X 全窗基线 · 不参与实体赏罚,15056244,1506,A168_HF9F_20260827_0900,2026-08-27 09:00:00
2026-06-30,92755421,2235,0,151.8487586364,-75.9243793182,-75.9243793182,0E-7,2,2,0.50665070000000000,0.506650700000,-1.013391052207602,-1.013391052207602,-1.013391052207602,0E-17,ELIGIBLE,R03b_20260811_FULL_v1,L1_ELIGIBILITY,v2026-08-11,2026-03-21..2026-08-06,baccarat_bet02_101_all_pairs_incl_sentinel,round_win = game_pnl > 0 (decisive only),COMPATIBILITY_ONLY_NOT_PRODUCTION,2500103.8841,2280641.3266,9883.8276,11764,10369,-0.00395337,-0.05088190,-0.00239824,-0.00395337,-9883.8276,2500103.8841,OK,0.0000,395.3531,4.0000,96.0000,AG03-UNRESOLVED,ALL5_LEVELS_bet23_to_bet27,395.3531,395.3531,395.3531,395.3531,395.3531,4.000000,4.000000,4.000000,4.000000,4.000000,96.000000,96.000000,96.000000,96.000000,96.000000,5.0,1976.7655,1824.8244,7907.0621,8059.0032,PENDING_AG03,FALSE,NOT_FOR_ENFORCEMENT,9488.4745,2189415.6736,9883.8276,9488.4745,395.3531,0.00395337,0.00379523,395.3531,9488.4745,0.00379523,395.3531,395.3531,395.3531,395.3531,395.3531,9488.4745,0.00379523,1976.7655,1824.8244,7907.0621,8059.0032,0.00316269,0.00322347,0.00015813,212.5216,219.9480,0.9532,119.0823,2.3972,30121.7335,124.9277,49.0469,238.9093,36.5364,75.9244,374.9013,749.8027,789.266,1183.8989,75.8035,-1.1839,10.395423,15.593133,2.799122,29,215,300,5,0.03207536,0.00395337,0.05088190,0E-8,0.000000,0.912219,0.000000,-0.04848366,2026-03-31,2026-08-01,83,4123,1621,124,0.669355,0.205295,0.230786,0.106918,,,,,,,,GLOBAL_BASELINE_NO_ENTITY_RANKING,,,NOT_APPLICABLE_GLOBAL_BASELINE,HF9g-P5,,,,X 全窗基线 · 不参与实体赏罚,15056245,1506,A168_HF9F_20260827_0900,2026-08-27 09:00:00
2026-06-30,92755421,2251,0,372.0294586592,75.9243793182,75.9243793182,0.6000000,5,5,0.50128862000000000,0.501288620000,0.4414521777673877,0.4414521777673877,0.4414521777673877,0E-17,ELIGIBLE,R03b_20260811_FULL_v1,L1_ELIGIBILITY,v2026-08-11,2026-03-21..2026-08-06,baccarat_bet02_101_all_pairs_incl_sentinel,round_win = game_pnl > 0 (decisive only),COMPATIBILITY_ONLY_NOT_PRODUCTION,2500103.8841,2280641.3266,9883.8276,11764,10369,-0.00395337,-0.05088190,-0.00239824,-0.00395337,-9883.8276,2500103.8841,OK,0.0000,395.3531,4.0000,96.0000,AG03-UNRESOLVED,ALL5_LEVELS_bet23_to_bet27,395.3531,395.3531,395.3531,395.3531,395.3531,4.000000,4.000000,4.000000,4.000000,4.000000,96.000000,96.000000,96.000000,96.000000,96.000000,5.0,1976.7655,1824.8244,7907.0621,8059.0032,PENDING_AG03,FALSE,NOT_FOR_ENFORCEMENT,9488.4745,2189415.6736,9883.8276,9488.4745,395.3531,0.00395337,0.00379523,395.3531,9488.4745,0.00379523,395.3531,395.3531,395.3531,395.3531,395.3531,9488.4745,0.00379523,1976.7655,1824.8244,7907.0621,8059.0032,0.00316269,0.00322347,0.00015813,212.5216,219.9480,0.9532,119.0823,2.3972,30121.7335,124.9277,49.0469,238.9093,36.5364,75.9244,374.9013,749.8027,789.266,1183.8989,75.8035,-1.1839,10.395423,15.593133,2.799122,29,215,300,5,0.03207536,0.00395337,0.05088190,0E-8,0.000000,0.912219,0.000000,-0.04848366,2026-03-31,2026-08-01,83,4123,1621,124,0.669355,0.205295,0.230786,0.106918,,,,,,,,GLOBAL_BASELINE_NO_ENTITY_RANKING,,,NOT_APPLICABLE_GLOBAL_BASELINE,HF9g-P5,,,,X 全窗基线 · 不参与实体赏罚,15056246,1506,A168_HF9F_20260827_0900,2026-08-27 09:00:00
2026-06-30,92755421,2256,0,79.3409763875,60.7395034546,60.7395034546,1.0000000,2,1,0.48564427799054241,0.262742800000,1.0291357139516326,1.6751129626333576,1.0291357139516326,0.22290147799054241,ELIGIBLE,R03b_20260811_FULL_v1,L1_ELIGIBILITY,v2026-08-11,2026-03-21..2026-08-06,baccarat_bet02_101_all_pairs_incl_sentinel,round_win = game_pnl > 0 (decisive only),COMPATIBILITY_ONLY_NOT_PRODUCTION,2500103.8841,2280641.3266,9883.8276,11764,10369,-0.00395337,-0.05088190,-0.00239824,-0.00395337,-9883.8276,2500103.8841,OK,0.0000,395.3531,4.0000,96.0000,AG03-UNRESOLVED,ALL5_LEVELS_bet23_to_bet27,395.3531,395.3531,395.3531,395.3531,395.3531,4.000000,4.000000,4.000000,4.000000,4.000000,96.000000,96.000000,96.000000,96.000000,96.000000,5.0,1976.7655,1824.8244,7907.0621,8059.0032,PENDING_AG03,FALSE,NOT_FOR_ENFORCEMENT,9488.4745,2189415.6736,9883.8276,9488.4745,395.3531,0.00395337,0.00379523,395.3531,9488.4745,0.00379523,395.3531,395.3531,395.3531,395.3531,395.3531,9488.4745,0.00379523,1976.7655,1824.8244,7907.0621,8059.0032,0.00316269,0.00322347,0.00015813,212.5216,219.9480,0.9532,119.0823,2.3972,30121.7335,124.9277,49.0469,238.9093,36.5364,75.9244,374.9013,749.8027,789.266,1183.8989,75.8035,-1.1839,10.395423,15.593133,2.799122,29,215,300,5,0.03207536,0.00395337,0.05088190,0E-8,0.000000,0.912219,0.000000,-0.04848366,2026-03-31,2026-08-01,83,4123,1621,124,0.669355,0.205295,0.230786,0.106918,,,,,,,,GLOBAL_BASELINE_NO_ENTITY_RANKING,,,NOT_APPLICABLE_GLOBAL_BASELINE,HF9g-P5,,,,X 全窗基线 · 不参与实体赏罚,15056247,1506,A168_HF9F_20260827_0900,2026-08-27 09:00:00
2026-06-30,92755421,2274,0,421.3803052160,76.3040012149,76.3040012149,0.6000000,6,6,0.49771390000000000,0.497713900000,0.4574421269484404,0.45744212694844033,0.4574421269484404,0E-17,ELIGIBLE,R03b_20260811_FULL_v1,L1_ELIGIBILITY,v2026-08-11,2026-03-21..2026-08-06,baccarat_bet02_101_all_pairs_incl_sentinel,round_win = game_pnl > 0 (decisive only),COMPATIBILITY_ONLY_NOT_PRODUCTION,2500103.8841,2280641.3266,9883.8276,11764,10369,-0.00395337,-0.05088190,-0.00239824,-0.00395337,-9883.8276,2500103.8841,OK,0.0000,395.3531,4.0000,96.0000,AG03-UNRESOLVED,ALL5_LEVELS_bet23_to_bet27,395.3531,395.3531,395.3531,395.3531,395.3531,4.000000,4.000000,4.000000,4.000000,4.000000,96.000000,96.000000,96.000000,96.000000,96.000000,5.0,1976.7655,1824.8244,7907.0621,8059.0032,PENDING_AG03,FALSE,NOT_FOR_ENFORCEMENT,9488.4745,2189415.6736,9883.8276,9488.4745,395.3531,0.00395337,0.00379523,395.3531,9488.4745,0.00379523,395.3531,395.3531,395.3531,395.3531,395.3531,9488.4745,0.00379523,1976.7655,1824.8244,7907.0621,8059.0032,0.00316269,0.00322347,0.00015813,212.5216,219.9480,0.9532,119.0823,2.3972,30121.7335,124.9277,49.0469,238.9093,36.5364,75.9244,374.9013,749.8027,789.266,1183.8989,75.8035,-1.1839,10.395423,15.593133,2.799122,29,215,300,5,0.03207536,0.00395337,0.05088190,0E-8,0.000000,0.912219,0.000000,-0.04848366,2026-03-31,2026-08-01,83,4123,1621,124,0.669355,0.205295,0.230786,0.106918,,,,,,,,GLOBAL_BASELINE_NO_ENTITY_RANKING,,,NOT_APPLICABLE_GLOBAL_BASELINE,HF9g-P5,,,,X 全窗基线 · 不参与实体赏罚,15056248,1506,A168_HF9F_20260827_0900,2026-08-27 09:00:00
2026-06-30,92755421,550,0,220.1807000228,0E-10,0E-10,0.5000000,3,3,0.49771390000000000,0.497713900000,0.006466134837551399,0.0064661348375514,0.006466134837551399,0E-17,ELIGIBLE,R03b_20260811_FULL_v1,L1_ELIGIBILITY,v2026-08-11,2026-03-21..2026-08-06,baccarat_bet02_101_all_pairs_incl_sentinel,round_win = game_pnl > 0 (decisive only),COMPATIBILITY_ONLY_NOT_PRODUCTION,2500103.8841,2280641.3266,9883.8276,11764,10369,-0.00395337,-0.05088190,-0.00239824,-0.00395337,-9883.8276,2500103.8841,OK,0.0000,395.3531,4.0000,96.0000,AG03-UNRESOLVED,ALL5_LEVELS_bet23_to_bet27,395.3531,395.3531,395.3531,395.3531,395.3531,4.000000,4.000000,4.000000,4.000000,4.000000,96.000000,96.000000,96.000000,96.000000,96.000000,5.0,1976.7655,1824.8244,7907.0621,8059.0032,PENDING_AG03,FALSE,NOT_FOR_ENFORCEMENT,9488.4745,2189415.6736,9883.8276,9488.4745,395.3531,0.00395337,0.00379523,395.3531,9488.4745,0.00379523,395.3531,395.3531,395.3531,395.3531,395.3531,9488.4745,0.00379523,1976.7655,1824.8244,7907.0621,8059.0032,0.00316269,0.00322347,0.00015813,212.5216,219.9480,0.9532,119.0823,2.3972,30121.7335,124.9277,49.0469,238.9093,36.5364,75.9244,374.9013,749.8027,789.266,1183.8989,75.8035,-1.1839,10.395423,15.593133,2.799122,29,215,300,5,0.03207536,0.00395337,0.05088190,0E-8,0.000000,0.912219,0.000000,-0.04848366,2026-03-31,2026-08-01,83,4123,1621,124,0.669355,0.205295,0.230786,0.106918,,,,,,,,GLOBAL_BASELINE_NO_ENTITY_RANKING,,,NOT_APPLICABLE_GLOBAL_BASELINE,HF9g-P5,,,,X 全窗基线 · 不参与实体赏罚,15056249,1506,A168_HF9F_20260827_0900,2026-08-27 09:00:00
2026-06-30,92755421,583,0,151.8487586364,-151.8487586364,-151.8487586364,0E-7,2,2,0.49994810000000000,0.499948100000,-1.4140667746232096,-1.4140667746232096,-1.4140667746232096,0E-17,ELIGIBLE,R03b_20260811_FULL_v1,L1_ELIGIBILITY,v2026-08-11,2026-03-21..2026-08-06,baccarat_bet02_101_all_pairs_incl_sentinel,round_win = game_pnl > 0 (decisive only),COMPATIBILITY_ONLY_NOT_PRODUCTION,2500103.8841,2280641.3266,9883.8276,11764,10369,-0.00395337,-0.05088190,-0.00239824,-0.00395337,-9883.8276,2500103.8841,OK,0.0000,395.3531,4.0000,96.0000,AG03-UNRESOLVED,ALL5_LEVELS_bet23_to_bet27,395.3531,395.3531,395.3531,395.3531,395.3531,4.000000,4.000000,4.000000,4.000000,4.000000,96.000000,96.000000,96.000000,96.000000,96.000000,5.0,1976.7655,1824.8244,7907.0621,8059.0032,PENDING_AG03,FALSE,NOT_FOR_ENFORCEMENT,9488.4745,2189415.6736,9883.8276,9488.4745,395.3531,0.00395337,0.00379523,395.3531,9488.4745,0.00379523,395.3531,395.3531,395.3531,395.3531,395.3531,9488.4745,0.00379523,1976.7655,1824.8244,7907.0621,8059.0032,0.00316269,0.00322347,0.00015813,212.5216,219.9480,0.9532,119.0823,2.3972,30121.7335,124.9277,49.0469,238.9093,36.5364,75.9244,374.9013,749.8027,789.266,1183.8989,75.8035,-1.1839,10.395423,15.593133,2.799122,29,215,300,5,0.03207536,0.00395337,0.05088190,0E-8,0.000000,0.912219,0.000000,-0.04848366,2026-03-31,2026-08-01,83,4123,1621,124,0.669355,0.205295,0.230786,0.106918,,,,,,,,GLOBAL_BASELINE_NO_ENTITY_RANKING,,,NOT_APPLICABLE_GLOBAL_BASELINE,HF9g-P5,,,,X 全窗基线 · 不参与实体赏罚,15056250,1506,A168_HF9F_20260827_0900,2026-08-27 09:00:00
2026-06-30,92755421,595,0,151.8487586364,0E-10,0E-10,0.5000000,2,2,0.49994810000000000,0.499948100000,0.00014679536856514622,0.00014679536856514622,0.00014679536856514622,0E-17,ELIGIBLE,R03b_20260811_FULL_v1,L1_ELIGIBILITY,v2026-08-11,2026-03-21..2026-08-06,baccarat_bet02_101_all_pairs_incl_sentinel,round_win = game_pnl > 0 (decisive only),COMPATIBILITY_ONLY_NOT_PRODUCTION,2500103.8841,2280641.3266,9883.8276,11764,10369,-0.00395337,-0.05088190,-0.00239824,-0.00395337,-9883.8276,2500103.8841,OK,0.0000,395.3531,4.0000,96.0000,AG03-UNRESOLVED,ALL5_LEVELS_bet23_to_bet27,395.3531,395.3531,395.3531,395.3531,395.3531,4.000000,4.000000,4.000000,4.000000,4.000000,96.000000,96.000000,96.000000,96.000000,96.000000,5.0,1976.7655,1824.8244,7907.0621,8059.0032,PENDING_AG03,FALSE,NOT_FOR_ENFORCEMENT,9488.4745,2189415.6736,9883.8276,9488.4745,395.3531,0.00395337,0.00379523,395.3531,9488.4745,0.00379523,395.3531,395.3531,395.3531,395.3531,395.3531,9488.4745,0.00379523,1976.7655,1824.8244,7907.0621,8059.0032,0.00316269,0.00322347,0.00015813,212.5216,219.9480,0.9532,119.0823,2.3972,30121.7335,124.9277,49.0469,238.9093,36.5364,75.9244,374.9013,749.8027,789.266,1183.8989,75.8035,-1.1839,10.395423,15.593133,2.799122,29,215,300,5,0.03207536,0.00395337,0.05088190,0E-8,0.000000,0.912219,0.000000,-0.04848366,2026-03-31,2026-08-01,83,4123,1621,124,0.669355,0.205295,0.230786,0.106918,,,,,,,,GLOBAL_BASELINE_NO_ENTITY_RANKING,,,NOT_APPLICABLE_GLOBAL_BASELINE,HF9g-P5,,,,X 全窗基线 · 不参与实体赏罚,15056251,1506,A168_HF9F_20260827_0900,2026-08-27 09:00:00
2026-06-30,92755421,763,0,75.9243793182,-75.9243793182,-75.9243793182,0E-7,1,1,0.49324550000000000,0.493245500000,-0.9865810262130424,-0.9865810262130424,-0.9865810262130424,0E-17,ELIGIBLE,R03b_20260811_FULL_v1,L1_ELIGIBILITY,v2026-08-11,2026-03-21..2026-08-06,baccarat_bet02_101_all_pairs_incl_sentinel,round_win = game_pnl > 0 (decisive only),COMPATIBILITY_ONLY_NOT_PRODUCTION,2500103.8841,2280641.3266,9883.8276,11764,10369,-0.00395337,-0.05088190,-0.00239824,-0.00395337,-9883.8276,2500103.8841,OK,0.0000,395.3531,4.0000,96.0000,AG03-UNRESOLVED,ALL5_LEVELS_bet23_to_bet27,395.3531,395.3531,395.3531,395.3531,395.3531,4.000000,4.000000,4.000000,4.000000,4.000000,96.000000,96.000000,96.000000,96.000000,96.000000,5.0,1976.7655,1824.8244,7907.0621,8059.0032,PENDING_AG03,FALSE,NOT_FOR_ENFORCEMENT,9488.4745,2189415.6736,9883.8276,9488.4745,395.3531,0.00395337,0.00379523,395.3531,9488.4745,0.00379523,395.3531,395.3531,395.3531,395.3531,395.3531,9488.4745,0.00379523,1976.7655,1824.8244,7907.0621,8059.0032,0.00316269,0.00322347,0.00015813,212.5216,219.9480,0.9532,119.0823,2.3972,30121.7335,124.9277,49.0469,238.9093,36.5364,75.9244,374.9013,749.8027,789.266,1183.8989,75.8035,-1.1839,10.395423,15.593133,2.799122,29,215,300,5,0.03207536,0.00395337,0.05088190,0E-8,0.000000,0.912219,0.000000,-0.04848366,2026-03-31,2026-08-01,83,4123,1621,124,0.669355,0.205295,0.230786,0.106918,,,,,,,,GLOBAL_BASELINE_NO_ENTITY_RANKING,,,NOT_APPLICABLE_GLOBAL_BASELINE,HF9g-P5,,,,X 全窗基线 · 不参与实体赏罚,15056252,1506,A168_HF9F_20260827_0900,2026-08-27 09:00:00
2026-06-30,92755421,919,0,151.8487586364,-75.9243793182,-75.9243793182,0E-7,2,2,0.50665070000000000,0.506650700000,-1.013391052207602,-1.013391052207602,-1.013391052207602,0E-17,ELIGIBLE,R03b_20260811_FULL_v1,L1_ELIGIBILITY,v2026-08-11,2026-03-21..2026-08-06,baccarat_bet02_101_all_pairs_incl_sentinel,round_win = game_pnl > 0 (decisive only),COMPATIBILITY_ONLY_NOT_PRODUCTION,2500103.8841,2280641.3266,9883.8276,11764,10369,-0.00395337,-0.05088190,-0.00239824,-0.00395337,-9883.8276,2500103.8841,OK,0.0000,395.3531,4.0000,96.0000,AG03-UNRESOLVED,ALL5_LEVELS_bet23_to_bet27,395.3531,395.3531,395.3531,395.3531,395.3531,4.000000,4.000000,4.000000,4.000000,4.000000,96.000000,96.000000,96.000000,96.000000,96.000000,5.0,1976.7655,1824.8244,7907.0621,8059.0032,PENDING_AG03,FALSE,NOT_FOR_ENFORCEMENT,9488.4745,2189415.6736,9883.8276,9488.4745,395.3531,0.00395337,0.00379523,395.3531,9488.4745,0.00379523,395.3531,395.3531,395.3531,395.3531,395.3531,9488.4745,0.00379523,1976.7655,1824.8244,7907.0621,8059.0032,0.00316269,0.00322347,0.00015813,212.5216,219.9480,0.9532,119.0823,2.3972,30121.7335,124.9277,49.0469,238.9093,36.5364,75.9244,374.9013,749.8027,789.266,1183.8989,75.8035,-1.1839,10.395423,15.593133,2.799122,29,215,300,5,0.03207536,0.00395337,0.05088190,0E-8,0.000000,0.912219,0.000000,-0.04848366,2026-03-31,2026-08-01,83,4123,1621,124,0.669355,0.205295,0.230786,0.106918,,,,,,,,GLOBAL_BASELINE_NO_ENTITY_RANKING,,,NOT_APPLICABLE_GLOBAL_BASELINE,HF9g-P5,,,,X 全窗基线 · 不参与实体赏罚,15056253,1506,A168_HF9F_20260827_0900,2026-08-27 09:00:00
2026-06-30,92755421,925,0,652.9496621365,-151.4691367397,-151.4691367397,0.4285714,8,8,0.49827245000000000,0.498272450000,-0.36882533912701604,-0.36882533912701604,-0.36882533912701604,0E-17,ELIGIBLE,R03b_20260811_FULL_v1,L1_ELIGIBILITY,v2026-08-11,2026-03-21..2026-08-06,baccarat_bet02_101_all_pairs_incl_sentinel,round_win = game_pnl > 0 (decisive only),COMPATIBILITY_ONLY_NOT_PRODUCTION,2500103.8841,2280641.3266,9883.8276,11764,10369,-0.00395337,-0.05088190,-0.00239824,-0.00395337,-9883.8276,2500103.8841,OK,0.0000,395.3531,4.0000,96.0000,AG03-UNRESOLVED,ALL5_LEVELS_bet23_to_bet27,395.3531,395.3531,395.3531,395.3531,395.3531,4.000000,4.000000,4.000000,4.000000,4.000000,96.000000,96.000000,96.000000,96.000000,96.000000,5.0,1976.7655,1824.8244,7907.0621,8059.0032,PENDING_AG03,FALSE,NOT_FOR_ENFORCEMENT,9488.4745,2189415.6736,9883.8276,9488.4745,395.3531,0.00395337,0.00379523,395.3531,9488.4745,0.00379523,395.3531,395.3531,395.3531,395.3531,395.3531,9488.4745,0.00379523,1976.7655,1824.8244,7907.0621,8059.0032,0.00316269,0.00322347,0.00015813,212.5216,219.9480,0.9532,119.0823,2.3972,30121.7335,124.9277,49.0469,238.9093,36.5364,75.9244,374.9013,749.8027,789.266,1183.8989,75.8035,-1.1839,10.395423,15.593133,2.799122,29,215,300,5,0.03207536,0.00395337,0.05088190,0E-8,0.000000,0.912219,0.000000,-0.04848366,2026-03-31,2026-08-01,83,4123,1621,124,0.669355,0.205295,0.230786,0.106918,,,,,,,,GLOBAL_BASELINE_NO_ENTITY_RANKING,,,NOT_APPLICABLE_GLOBAL_BASELINE,HF9g-P5,,,,X 全窗基线 · 不参与实体赏罚,15056254,1506,A168_HF9F_20260827_0900,2026-08-27 09:00:00
2026-06-30,92755421,994,0,741.0219421457,-0.7592437932,-0.7592437932,0.5000000,11,10,0.49945392229165514,0.476227570000,0.0030890838473391735,0.13462942358588345,0.0030890838473391735,0.02322635229165514,ELIGIBLE,R03b_20260811_FULL_v1,L1_ELIGIBILITY,v2026-08-11,2026-03-21..2026-08-06,baccarat_bet02_101_all_pairs_incl_sentinel,round_win = game_pnl > 0 (decisive only),COMPATIBILITY_ONLY_NOT_PRODUCTION,2500103.8841,2280641.3266,9883.8276,11764,10369,-0.00395337,-0.05088190,-0.00239824,-0.00395337,-9883.8276,2500103.8841,OK,0.0000,395.3531,4.0000,96.0000,AG03-UNRESOLVED,ALL5_LEVELS_bet23_to_bet27,395.3531,395.3531,395.3531,395.3531,395.3531,4.000000,4.000000,4.000000,4.000000,4.000000,96.000000,96.000000,96.000000,96.000000,96.000000,5.0,1976.7655,1824.8244,7907.0621,8059.0032,PENDING_AG03,FALSE,NOT_FOR_ENFORCEMENT,9488.4745,2189415.6736,9883.8276,9488.4745,395.3531,0.00395337,0.00379523,395.3531,9488.4745,0.00379523,395.3531,395.3531,395.3531,395.3531,395.3531,9488.4745,0.00379523,1976.7655,1824.8244,7907.0621,8059.0032,0.00316269,0.00322347,0.00015813,212.5216,219.9480,0.9532,119.0823,2.3972,30121.7335,124.9277,49.0469,238.9093,36.5364,75.9244,374.9013,749.8027,789.266,1183.8989,75.8035,-1.1839,10.395423,15.593133,2.799122,29,215,300,5,0.03207536,0.00395337,0.05088190,0E-8,0.000000,0.912219,0.000000,-0.04848366,2026-03-31,2026-08-01,83,4123,1621,124,0.669355,0.205295,0.230786,0.106918,,,,,,,,GLOBAL_BASELINE_NO_ENTITY_RANKING,,,NOT_APPLICABLE_GLOBAL_BASELINE,HF9g-P5,,,,X 全窗基线 · 不参与实体赏罚,15056255,1506,A168_HF9F_20260827_0900,2026-08-27 09:00:00
2026-07-01,92755421,-1,1,2704.2904790781,-1004.3966040025,-1004.3966040025,0.3200000,27,26,0.49880768990383487,0.490824819231,-1.7880819829323051,-1.7085358791018415,-1.7880819829323051,0.00798287067283487,SENTINEL_DEALER,R03b_20260811_FULL_v1,L1_ELIGIBILITY,v2026-08-11,2026-03-21..2026-08-06,baccarat_bet02_101_all_pairs_incl_sentinel,round_win = game_pnl > 0 (decisive only),COMPATIBILITY_ONLY_NOT_PRODUCTION,2500103.8841,2280641.3266,9883.8276,11764,10369,-0.00395337,-0.05088190,-0.00239824,-0.00395337,-9883.8276,2500103.8841,OK,0.0000,395.3531,4.0000,96.0000,AG03-UNRESOLVED,ALL5_LEVELS_bet23_to_bet27,395.3531,395.3531,395.3531,395.3531,395.3531,4.000000,4.000000,4.000000,4.000000,4.000000,96.000000,96.000000,96.000000,96.000000,96.000000,5.0,1976.7655,1824.8244,7907.0621,8059.0032,PENDING_AG03,FALSE,NOT_FOR_ENFORCEMENT,9488.4745,2189415.6736,9883.8276,9488.4745,395.3531,0.00395337,0.00379523,395.3531,9488.4745,0.00379523,395.3531,395.3531,395.3531,395.3531,395.3531,9488.4745,0.00379523,1976.7655,1824.8244,7907.0621,8059.0032,0.00316269,0.00322347,0.00015813,212.5216,219.9480,0.9532,119.0823,2.3972,30121.7335,124.9277,49.0469,238.9093,36.5364,75.9244,374.9013,749.8027,789.266,1183.8989,75.8035,-1.1839,10.395423,15.593133,2.799122,29,215,300,5,0.03207536,0.00395337,0.05088190,0E-8,0.000000,0.912219,0.000000,-0.04848366,2026-03-31,2026-08-01,83,4123,1621,124,0.669355,0.205295,0.230786,0.106918,,,,,,,,GLOBAL_BASELINE_NO_ENTITY_RANKING,,,NOT_APPLICABLE_GLOBAL_BASELINE,HF9g-P5,,,,X 全窗基线 · 不参与实体赏罚,15056256,1506,A168_HF9F_20260827_0900,2026-08-27 09:00:00
2026-07-01,92755421,1151,0,288.0533656761,75.8035172831,75.8035172831,0.6666667,4,4,0.49994810000000000,0.499948100000,0.5775300591747329,0.5775300591747329,0.5775300591747329,0E-17,ELIGIBLE,R03b_20260811_FULL_v1,L1_ELIGIBILITY,v2026-08-11,2026-03-21..2026-08-06,baccarat_bet02_101_all_pairs_incl_sentinel,round_win = game_pnl > 0 (decisive only),COMPATIBILITY_ONLY_NOT_PRODUCTION,2500103.8841,2280641.3266,9883.8276,11764,10369,-0.00395337,-0.05088190,-0.00239824,-0.00395337,-9883.8276,2500103.8841,OK,0.0000,395.3531,4.0000,96.0000,AG03-UNRESOLVED,ALL5_LEVELS_bet23_to_bet27,395.3531,395.3531,395.3531,395.3531,395.3531,4.000000,4.000000,4.000000,4.000000,4.000000,96.000000,96.000000,96.000000,96.000000,96.000000,5.0,1976.7655,1824.8244,7907.0621,8059.0032,PENDING_AG03,FALSE,NOT_FOR_ENFORCEMENT,9488.4745,2189415.6736,9883.8276,9488.4745,395.3531,0.00395337,0.00379523,395.3531,9488.4745,0.00379523,395.3531,395.3531,395.3531,395.3531,395.3531,9488.4745,0.00379523,1976.7655,1824.8244,7907.0621,8059.0032,0.00316269,0.00322347,0.00015813,212.5216,219.9480,0.9532,119.0823,2.3972,30121.7335,124.9277,49.0469,238.9093,36.5364,75.9244,374.9013,749.8027,789.266,1183.8989,75.8035,-1.1839,10.395423,15.593133,2.799122,29,215,300,5,0.03207536,0.00395337,0.05088190,0E-8,0.000000,0.912219,0.000000,-0.04848366,2026-03-31,2026-08-01,83,4123,1621,124,0.669355,0.205295,0.230786,0.106918,,,,,,,,GLOBAL_BASELINE_NO_ENTITY_RANKING,,,NOT_APPLICABLE_GLOBAL_BASELINE,HF9g-P5,,,,X 全窗基线 · 不参与实体赏罚,15056257,1506,A168_HF9F_20260827_0900,2026-08-27 09:00:00
2026-07-01,92755421,1157,0,151.6070345664,-151.6070345664,-151.6070345664,0E-7,2,2,0.49994810000000000,0.499948100000,-1.4140667746232096,-1.4140667746232096,-1.4140667746232096,0E-17,ELIGIBLE,R03b_20260811_FULL_v1,L1_ELIGIBILITY,v2026-08-11,2026-03-21..2026-08-06,baccarat_bet02_101_all_pairs_incl_sentinel,round_win = game_pnl > 0 (decisive only),COMPATIBILITY_ONLY_NOT_PRODUCTION,2500103.8841,2280641.3266,9883.8276,11764,10369,-0.00395337,-0.05088190,-0.00239824,-0.00395337,-9883.8276,2500103.8841,OK,0.0000,395.3531,4.0000,96.0000,AG03-UNRESOLVED,ALL5_LEVELS_bet23_to_bet27,395.3531,395.3531,395.3531,395.3531,395.3531,4.000000,4.000000,4.000000,4.000000,4.000000,96.000000,96.000000,96.000000,96.000000,96.000000,5.0,1976.7655,1824.8244,7907.0621,8059.0032,PENDING_AG03,FALSE,NOT_FOR_ENFORCEMENT,9488.4745,2189415.6736,9883.8276,9488.4745,395.3531,0.00395337,0.00379523,395.3531,9488.4745,0.00379523,395.3531,395.3531,395.3531,395.3531,395.3531,9488.4745,0.00379523,1976.7655,1824.8244,7907.0621,8059.0032,0.00316269,0.00322347,0.00015813,212.5216,219.9480,0.9532,119.0823,2.3972,30121.7335,124.9277,49.0469,238.9093,36.5364,75.9244,374.9013,749.8027,789.266,1183.8989,75.8035,-1.1839,10.395423,15.593133,2.799122,29,215,300,5,0.03207536,0.00395337,0.05088190,0E-8,0.000000,0.912219,0.000000,-0.04848366,2026-03-31,2026-08-01,83,4123,1621,124,0.669355,0.205295,0.230786,0.106918,,,,,,,,GLOBAL_BASELINE_NO_ENTITY_RANKING,,,NOT_APPLICABLE_GLOBAL_BASELINE,HF9g-P5,,,,X 全窗基线 · 不参与实体赏罚,15056258,1506,A168_HF9F_20260827_0900,2026-08-27 09:00:00
2026-07-01,92755421,1304,0,570.4214675561,-64.4329896908,-64.4329896908,0.5000000,8,6,0.49419994545096768,0.419762566667,0.028416260197144477,0.39824279564139065,0.028416260197144477,0.07443737878396768,ELIGIBLE,R03b_20260811_FULL_v1,L1_ELIGIBILITY,v2026-08-11,2026-03-21..2026-08-06,baccarat_bet02_101_all_pairs_incl_sentinel,round_win = game_pnl > 0 (decisive only),COMPATIBILITY_ONLY_NOT_PRODUCTION,2500103.8841,2280641.3266,9883.8276,11764,10369,-0.00395337,-0.05088190,-0.00239824,-0.00395337,-9883.8276,2500103.8841,OK,0.0000,395.3531,4.0000,96.0000,AG03-UNRESOLVED,ALL5_LEVELS_bet23_to_bet27,395.3531,395.3531,395.3531,395.3531,395.3531,4.000000,4.000000,4.000000,4.000000,4.000000,96.000000,96.000000,96.000000,96.000000,96.000000,5.0,1976.7655,1824.8244,7907.0621,8059.0032,PENDING_AG03,FALSE,NOT_FOR_ENFORCEMENT,9488.4745,2189415.6736,9883.8276,9488.4745,395.3531,0.00395337,0.00379523,395.3531,9488.4745,0.00379523,395.3531,395.3531,395.3531,395.3531,395.3531,9488.4745,0.00379523,1976.7655,1824.8244,7907.0621,8059.0032,0.00316269,0.00322347,0.00015813,212.5216,219.9480,0.9532,119.0823,2.3972,30121.7335,124.9277,49.0469,238.9093,36.5364,75.9244,374.9013,749.8027,789.266,1183.8989,75.8035,-1.1839,10.395423,15.593133,2.799122,29,215,300,5,0.03207536,0.00395337,0.05088190,0E-8,0.000000,0.912219,0.000000,-0.04848366,2026-03-31,2026-08-01,83,4123,1621,124,0.669355,0.205295,0.230786,0.106918,,,,,,,,GLOBAL_BASELINE_NO_ENTITY_RANKING,,,NOT_APPLICABLE_GLOBAL_BASELINE,HF9g-P5,,,,X 全窗基线 · 不参与实体赏罚,15056259,1506,A168_HF9F_20260827_0900,2026-08-27 09:00:00
2026-07-01,92755421,1384,0,500.3032140691,151.9860521527,151.9860521527,0.6666667,7,7,0.50090561428571429,0.500905614286,0.8120613271247304,0.8120613271233317,0.8120613271247304,-2.8571E-13,ELIGIBLE,R03b_20260811_FULL_v1,L1_ELIGIBILITY,v2026-08-11,2026-03-21..2026-08-06,baccarat_bet02_101_all_pairs_incl_sentinel,round_win = game_pnl > 0 (decisive only),COMPATIBILITY_ONLY_NOT_PRODUCTION,2500103.8841,2280641.3266,9883.8276,11764,10369,-0.00395337,-0.05088190,-0.00239824,-0.00395337,-9883.8276,2500103.8841,OK,0.0000,395.3531,4.0000,96.0000,AG03-UNRESOLVED,ALL5_LEVELS_bet23_to_bet27,395.3531,395.3531,395.3531,395.3531,395.3531,4.000000,4.000000,4.000000,4.000000,4.000000,96.000000,96.000000,96.000000,96.000000,96.000000,5.0,1976.7655,1824.8244,7907.0621,8059.0032,PENDING_AG03,FALSE,NOT_FOR_ENFORCEMENT,9488.4745,2189415.6736,9883.8276,9488.4745,395.3531,0.00395337,0.00379523,395.3531,9488.4745,0.00379523,395.3531,395.3531,395.3531,395.3531,395.3531,9488.4745,0.00379523,1976.7655,1824.8244,7907.0621,8059.0032,0.00316269,0.00322347,0.00015813,212.5216,219.9480,0.9532,119.0823,2.3972,30121.7335,124.9277,49.0469,238.9093,36.5364,75.9244,374.9013,749.8027,789.266,1183.8989,75.8035,-1.1839,10.395423,15.593133,2.799122,29,215,300,5,0.03207536,0.00395337,0.05088190,0E-8,0.000000,0.912219,0.000000,-0.04848366,2026-03-31,2026-08-01,83,4123,1621,124,0.669355,0.205295,0.230786,0.106918,,,,,,,,GLOBAL_BASELINE_NO_ENTITY_RANKING,,,NOT_APPLICABLE_GLOBAL_BASELINE,HF9g-P5,,,,X 全窗基线 · 不参与实体赏罚,15056260,1506,A168_HF9F_20260827_0900,2026-08-27 09:00:00
2026-07-01,92755421,1385,0,75.8035172832,-75.8035172832,-75.8035172832,0E-7,1,1,0.49324550000000000,0.493245500000,-0.9865810262130424,-0.9865810262130424,-0.9865810262130424,0E-17,ELIGIBLE,R03b_20260811_FULL_v1,L1_ELIGIBILITY,v2026-08-11,2026-03-21..2026-08-06,baccarat_bet02_101_all_pairs_incl_sentinel,round_win = game_pnl > 0 (decisive only),COMPATIBILITY_ONLY_NOT_PRODUCTION,2500103.8841,2280641.3266,9883.8276,11764,10369,-0.00395337,-0.05088190,-0.00239824,-0.00395337,-9883.8276,2500103.8841,OK,0.0000,395.3531,4.0000,96.0000,AG03-UNRESOLVED,ALL5_LEVELS_bet23_to_bet27,395.3531,395.3531,395.3531,395.3531,395.3531,4.000000,4.000000,4.000000,4.000000,4.000000,96.000000,96.000000,96.000000,96.000000,96.000000,5.0,1976.7655,1824.8244,7907.0621,8059.0032,PENDING_AG03,FALSE,NOT_FOR_ENFORCEMENT,9488.4745,2189415.6736,9883.8276,9488.4745,395.3531,0.00395337,0.00379523,395.3531,9488.4745,0.00379523,395.3531,395.3531,395.3531,395.3531,395.3531,9488.4745,0.00379523,1976.7655,1824.8244,7907.0621,8059.0032,0.00316269,0.00322347,0.00015813,212.5216,219.9480,0.9532,119.0823,2.3972,30121.7335,124.9277,49.0469,238.9093,36.5364,75.9244,374.9013,749.8027,789.266,1183.8989,75.8035,-1.1839,10.395423,15.593133,2.799122,29,215,300,5,0.03207536,0.00395337,0.05088190,0E-8,0.000000,0.912219,0.000000,-0.04848366,2026-03-31,2026-08-01,83,4123,1621,124,0.669355,0.205295,0.230786,0.106918,,,,,,,,GLOBAL_BASELINE_NO_ENTITY_RANKING,,,NOT_APPLICABLE_GLOBAL_BASELINE,HF9g-P5,,,,X 全窗基线 · 不参与实体赏罚,15056261,1506,A168_HF9F_20260827_0900,2026-08-27 09:00:00
2026-07-01,92755421,1507,0,151.6070345664,-151.6070345664,-151.6070345664,0E-7,2,2,0.49324550000000000,0.493245500000,-1.3952362676504506,-1.3952362676504506,-1.3952362676504506,0E-17,ELIGIBLE,R03b_20260811_FULL_v1,L1_ELIGIBILITY,v2026-08-11,2026-03-21..2026-08-06,baccarat_bet02_101_all_pairs_incl_sentinel,round_win = game_pnl > 0 (decisive only),COMPATIBILITY_ONLY_NOT_PRODUCTION,2500103.8841,2280641.3266,9883.8276,11764,10369,-0.00395337,-0.05088190,-0.00239824,-0.00395337,-9883.8276,2500103.8841,OK,0.0000,395.3531,4.0000,96.0000,AG03-UNRESOLVED,ALL5_LEVELS_bet23_to_bet27,395.3531,395.3531,395.3531,395.3531,395.3531,4.000000,4.000000,4.000000,4.000000,4.000000,96.000000,96.000000,96.000000,96.000000,96.000000,5.0,1976.7655,1824.8244,7907.0621,8059.0032,PENDING_AG03,FALSE,NOT_FOR_ENFORCEMENT,9488.4745,2189415.6736,9883.8276,9488.4745,395.3531,0.00395337,0.00379523,395.3531,9488.4745,0.00379523,395.3531,395.3531,395.3531,395.3531,395.3531,9488.4745,0.00379523,1976.7655,1824.8244,7907.0621,8059.0032,0.00316269,0.00322347,0.00015813,212.5216,219.9480,0.9532,119.0823,2.3972,30121.7335,124.9277,49.0469,238.9093,36.5364,75.9244,374.9013,749.8027,789.266,1183.8989,75.8035,-1.1839,10.395423,15.593133,2.799122,29,215,300,5,0.03207536,0.00395337,0.05088190,0E-8,0.000000,0.912219,0.000000,-0.04848366,2026-03-31,2026-08-01,83,4123,1621,124,0.669355,0.205295,0.230786,0.106918,,,,,,,,GLOBAL_BASELINE_NO_ENTITY_RANKING,,,NOT_APPLICABLE_GLOBAL_BASELINE,HF9g-P5,,,,X 全窗基线 · 不参与实体赏罚,15056262,1506,A168_HF9F_20260827_0900,2026-08-27 09:00:00
2026-07-01,92755421,1704,0,291.8435415403,151.6070345663,151.6070345663,0.7500000,4,4,0.49994810000000000,0.499948100000,1.0002076053883384,1.0002076053883384,1.0002076053883384,0E-17,ELIGIBLE,R03b_20260811_FULL_v1,L1_ELIGIBILITY,v2026-08-11,2026-03-21..2026-08-06,baccarat_bet02_101_all_pairs_incl_sentinel,round_win = game_pnl > 0 (decisive only),COMPATIBILITY_ONLY_NOT_PRODUCTION,2500103.8841,2280641.3266,9883.8276,11764,10369,-0.00395337,-0.05088190,-0.00239824,-0.00395337,-9883.8276,2500103.8841,OK,0.0000,395.3531,4.0000,96.0000,AG03-UNRESOLVED,ALL5_LEVELS_bet23_to_bet27,395.3531,395.3531,395.3531,395.3531,395.3531,4.000000,4.000000,4.000000,4.000000,4.000000,96.000000,96.000000,96.000000,96.000000,96.000000,5.0,1976.7655,1824.8244,7907.0621,8059.0032,PENDING_AG03,FALSE,NOT_FOR_ENFORCEMENT,9488.4745,2189415.6736,9883.8276,9488.4745,395.3531,0.00395337,0.00379523,395.3531,9488.4745,0.00379523,395.3531,395.3531,395.3531,395.3531,395.3531,9488.4745,0.00379523,1976.7655,1824.8244,7907.0621,8059.0032,0.00316269,0.00322347,0.00015813,212.5216,219.9480,0.9532,119.0823,2.3972,30121.7335,124.9277,49.0469,238.9093,36.5364,75.9244,374.9013,749.8027,789.266,1183.8989,75.8035,-1.1839,10.395423,15.593133,2.799122,29,215,300,5,0.03207536,0.00395337,0.05088190,0E-8,0.000000,0.912219,0.000000,-0.04848366,2026-03-31,2026-08-01,83,4123,1621,124,0.669355,0.205295,0.230786,0.106918,,,,,,,,GLOBAL_BASELINE_NO_ENTITY_RANKING,,,NOT_APPLICABLE_GLOBAL_BASELINE,HF9g-P5,,,,X 全窗基线 · 不参与实体赏罚,15056263,1506,A168_HF9F_20260827_0900,2026-08-27 09:00:00
2026-07-01,92755421,1935,0,147.8168587022,144.0266828380,144.0266828380,1.0000000,2,2,0.49994810000000000,0.499948100000,1.4143603653603398,1.4143603653603398,1.4143603653603398,0E-17,ELIGIBLE,R03b_20260811_FULL_v1,L1_ELIGIBILITY,v2026-08-11,2026-03-21..2026-08-06,baccarat_bet02_101_all_pairs_incl_sentinel,round_win = game_pnl > 0 (decisive only),COMPATIBILITY_ONLY_NOT_PRODUCTION,2500103.8841,2280641.3266,9883.8276,11764,10369,-0.00395337,-0.05088190,-0.00239824,-0.00395337,-9883.8276,2500103.8841,OK,0.0000,395.3531,4.0000,96.0000,AG03-UNRESOLVED,ALL5_LEVELS_bet23_to_bet27,395.3531,395.3531,395.3531,395.3531,395.3531,4.000000,4.000000,4.000000,4.000000,4.000000,96.000000,96.000000,96.000000,96.000000,96.000000,5.0,1976.7655,1824.8244,7907.0621,8059.0032,PENDING_AG03,FALSE,NOT_FOR_ENFORCEMENT,9488.4745,2189415.6736,9883.8276,9488.4745,395.3531,0.00395337,0.00379523,395.3531,9488.4745,0.00379523,395.3531,395.3531,395.3531,395.3531,395.3531,9488.4745,0.00379523,1976.7655,1824.8244,7907.0621,8059.0032,0.00316269,0.00322347,0.00015813,212.5216,219.9480,0.9532,119.0823,2.3972,30121.7335,124.9277,49.0469,238.9093,36.5364,75.9244,374.9013,749.8027,789.266,1183.8989,75.8035,-1.1839,10.395423,15.593133,2.799122,29,215,300,5,0.03207536,0.00395337,0.05088190,0E-8,0.000000,0.912219,0.000000,-0.04848366,2026-03-31,2026-08-01,83,4123,1621,124,0.669355,0.205295,0.230786,0.106918,,,,,,,,GLOBAL_BASELINE_NO_ENTITY_RANKING,,,NOT_APPLICABLE_GLOBAL_BASELINE,HF9g-P5,,,,X 全窗基线 · 不参与实体赏罚,15056264,1506,A168_HF9F_20260827_0900,2026-08-27 09:00:00
2026-07-01,92755421,1947,0,216.0400242571,75.8035172831,75.8035172831,0.6666667,3,3,0.50218230000000000,0.502182300000,0.5697959874915163,0.5697959874915164,0.5697959874915163,0E-17,ELIGIBLE,R03b_20260811_FULL_v1,L1_ELIGIBILITY,v2026-08-11,2026-03-21..2026-08-06,baccarat_bet02_101_all_pairs_incl_sentinel,round_win = game_pnl > 0 (decisive only),COMPATIBILITY_ONLY_NOT_PRODUCTION,2500103.8841,2280641.3266,9883.8276,11764,10369,-0.00395337,-0.05088190,-0.00239824,-0.00395337,-9883.8276,2500103.8841,OK,0.0000,395.3531,4.0000,96.0000,AG03-UNRESOLVED,ALL5_LEVELS_bet23_to_bet27,395.3531,395.3531,395.3531,395.3531,395.3531,4.000000,4.000000,4.000000,4.000000,4.000000,96.000000,96.000000,96.000000,96.000000,96.000000,5.0,1976.7655,1824.8244,7907.0621,8059.0032,PENDING_AG03,FALSE,NOT_FOR_ENFORCEMENT,9488.4745,2189415.6736,9883.8276,9488.4745,395.3531,0.00395337,0.00379523,395.3531,9488.4745,0.00379523,395.3531,395.3531,395.3531,395.3531,395.3531,9488.4745,0.00379523,1976.7655,1824.8244,7907.0621,8059.0032,0.00316269,0.00322347,0.00015813,212.5216,219.9480,0.9532,119.0823,2.3972,30121.7335,124.9277,49.0469,238.9093,36.5364,75.9244,374.9013,749.8027,789.266,1183.8989,75.8035,-1.1839,10.395423,15.593133,2.799122,29,215,300,5,0.03207536,0.00395337,0.05088190,0E-8,0.000000,0.912219,0.000000,-0.04848366,2026-03-31,2026-08-01,83,4123,1621,124,0.669355,0.205295,0.230786,0.106918,,,,,,,,GLOBAL_BASELINE_NO_ENTITY_RANKING,,,NOT_APPLICABLE_GLOBAL_BASELINE,HF9g-P5,,,,X 全窗基线 · 不参与实体赏罚,15056265,1506,A168_HF9F_20260827_0900,2026-08-27 09:00:00
2026-07-01,92755421,1966,0,291.8435415403,-1E-10,-1E-10,0.5000000,4,4,0.49994810000000000,0.499948100000,0.00020760000111838688,0.00020760000111838688,0.00020760000111838688,0E-17,ELIGIBLE,R03b_20260811_FULL_v1,L1_ELIGIBILITY,v2026-08-11,2026-03-21..2026-08-06,baccarat_bet02_101_all_pairs_incl_sentinel,round_win = game_pnl > 0 (decisive only),COMPATIBILITY_ONLY_NOT_PRODUCTION,2500103.8841,2280641.3266,9883.8276,11764,10369,-0.00395337,-0.05088190,-0.00239824,-0.00395337,-9883.8276,2500103.8841,OK,0.0000,395.3531,4.0000,96.0000,AG03-UNRESOLVED,ALL5_LEVELS_bet23_to_bet27,395.3531,395.3531,395.3531,395.3531,395.3531,4.000000,4.000000,4.000000,4.000000,4.000000,96.000000,96.000000,96.000000,96.000000,96.000000,5.0,1976.7655,1824.8244,7907.0621,8059.0032,PENDING_AG03,FALSE,NOT_FOR_ENFORCEMENT,9488.4745,2189415.6736,9883.8276,9488.4745,395.3531,0.00395337,0.00379523,395.3531,9488.4745,0.00379523,395.3531,395.3531,395.3531,395.3531,395.3531,9488.4745,0.00379523,1976.7655,1824.8244,7907.0621,8059.0032,0.00316269,0.00322347,0.00015813,212.5216,219.9480,0.9532,119.0823,2.3972,30121.7335,124.9277,49.0469,238.9093,36.5364,75.9244,374.9013,749.8027,789.266,1183.8989,75.8035,-1.1839,10.395423,15.593133,2.799122,29,215,300,5,0.03207536,0.00395337,0.05088190,0E-8,0.000000,0.912219,0.000000,-0.04848366,2026-03-31,2026-08-01,83,4123,1621,124,0.669355,0.205295,0.230786,0.106918,,,,,,,,GLOBAL_BASELINE_NO_ENTITY_RANKING,,,NOT_APPLICABLE_GLOBAL_BASELINE,HF9g-P5,,,,X 全窗基线 · 不参与实体赏罚,15056266,1506,A168_HF9F_20260827_0900,2026-08-27 09:00:00
2026-07-01,92755421,1990,0,549.9545178896,170.6526682838,170.6526682838,0.6666667,3,3,0.50218230000000000,0.502182300000,0.5697959874915163,0.5697959874915164,0.5697959874915163,0E-17,ELIGIBLE,R03b_20260811_FULL_v1,L1_ELIGIBILITY,v2026-08-11,2026-03-21..2026-08-06,baccarat_bet02_101_all_pairs_incl_sentinel,round_win = game_pnl > 0 (decisive only),COMPATIBILITY_ONLY_NOT_PRODUCTION,2500103.8841,2280641.3266,9883.8276,11764,10369,-0.00395337,-0.05088190,-0.00239824,-0.00395337,-9883.8276,2500103.8841,OK,0.0000,395.3531,4.0000,96.0000,AG03-UNRESOLVED,ALL5_LEVELS_bet23_to_bet27,395.3531,395.3531,395.3531,395.3531,395.3531,4.000000,4.000000,4.000000,4.000000,4.000000,96.000000,96.000000,96.000000,96.000000,96.000000,5.0,1976.7655,1824.8244,7907.0621,8059.0032,PENDING_AG03,FALSE,NOT_FOR_ENFORCEMENT,9488.4745,2189415.6736,9883.8276,9488.4745,395.3531,0.00395337,0.00379523,395.3531,9488.4745,0.00379523,395.3531,395.3531,395.3531,395.3531,395.3531,9488.4745,0.00379523,1976.7655,1824.8244,7907.0621,8059.0032,0.00316269,0.00322347,0.00015813,212.5216,219.9480,0.9532,119.0823,2.3972,30121.7335,124.9277,49.0469,238.9093,36.5364,75.9244,374.9013,749.8027,789.266,1183.8989,75.8035,-1.1839,10.395423,15.593133,2.799122,29,215,300,5,0.03207536,0.00395337,0.05088190,0E-8,0.000000,0.912219,0.000000,-0.04848366,2026-03-31,2026-08-01,83,4123,1621,124,0.669355,0.205295,0.230786,0.106918,,,,,,,,GLOBAL_BASELINE_NO_ENTITY_RANKING,,,NOT_APPLICABLE_GLOBAL_BASELINE,HF9g-P5,,,,X 全窗基线 · 不参与实体赏罚,15056267,1506,A168_HF9F_20260827_0900,2026-08-27 09:00:00
2026-07-01,92755421,1994,0,147.8168587022,0E-10,0E-10,0.5000000,2,2,0.50665070000000000,0.506650700000,-0.018812684590367487,-0.018812684590367487,-0.018812684590367487,0E-17,ELIGIBLE,R03b_20260811_FULL_v1,L1_ELIGIBILITY,v2026-08-11,2026-03-21..2026-08-06,baccarat_bet02_101_all_pairs_incl_sentinel,round_win = game_pnl > 0 (decisive only),COMPATIBILITY_ONLY_NOT_PRODUCTION,2500103.8841,2280641.3266,9883.8276,11764,10369,-0.00395337,-0.05088190,-0.00239824,-0.00395337,-9883.8276,2500103.8841,OK,0.0000,395.3531,4.0000,96.0000,AG03-UNRESOLVED,ALL5_LEVELS_bet23_to_bet27,395.3531,395.3531,395.3531,395.3531,395.3531,4.000000,4.000000,4.000000,4.000000,4.000000,96.000000,96.000000,96.000000,96.000000,96.000000,5.0,1976.7655,1824.8244,7907.0621,8059.0032,PENDING_AG03,FALSE,NOT_FOR_ENFORCEMENT,9488.4745,2189415.6736,9883.8276,9488.4745,395.3531,0.00395337,0.00379523,395.3531,9488.4745,0.00379523,395.3531,395.3531,395.3531,395.3531,395.3531,9488.4745,0.00379523,1976.7655,1824.8244,7907.0621,8059.0032,0.00316269,0.00322347,0.00015813,212.5216,219.9480,0.9532,119.0823,2.3972,30121.7335,124.9277,49.0469,238.9093,36.5364,75.9244,374.9013,749.8027,789.266,1183.8989,75.8035,-1.1839,10.395423,15.593133,2.799122,29,215,300,5,0.03207536,0.00395337,0.05088190,0E-8,0.000000,0.912219,0.000000,-0.04848366,2026-03-31,2026-08-01,83,4123,1621,124,0.669355,0.205295,0.230786,0.106918,,,,,,,,GLOBAL_BASELINE_NO_ENTITY_RANKING,,,NOT_APPLICABLE_GLOBAL_BASELINE,HF9g-P5,,,,X 全窗基线 · 不参与实体赏罚,15056268,1506,A168_HF9F_20260827_0900,2026-08-27 09:00:00
2026-07-01,92755421,2106,0,443.4505761067,75.8035172831,75.8035172831,0.6000000,6,6,0.49994810000000000,0.499948100000,0.44744570176651083,0.44744570176651083,0.44744570176651083,0E-17,ELIGIBLE,R03b_20260811_FULL_v1,L1_ELIGIBILITY,v2026-08-11,2026-03-21..2026-08-06,baccarat_bet02_101_all_pairs_incl_sentinel,round_win = game_pnl > 0 (decisive only),COMPATIBILITY_ONLY_NOT_PRODUCTION,2500103.8841,2280641.3266,9883.8276,11764,10369,-0.00395337,-0.05088190,-0.00239824,-0.00395337,-9883.8276,2500103.8841,OK,0.0000,395.3531,4.0000,96.0000,AG03-UNRESOLVED,ALL5_LEVELS_bet23_to_bet27,395.3531,395.3531,395.3531,395.3531,395.3531,4.000000,4.000000,4.000000,4.000000,4.000000,96.000000,96.000000,96.000000,96.000000,96.000000,5.0,1976.7655,1824.8244,7907.0621,8059.0032,PENDING_AG03,FALSE,NOT_FOR_ENFORCEMENT,9488.4745,2189415.6736,9883.8276,9488.4745,395.3531,0.00395337,0.00379523,395.3531,9488.4745,0.00379523,395.3531,395.3531,395.3531,395.3531,395.3531,9488.4745,0.00379523,1976.7655,1824.8244,7907.0621,8059.0032,0.00316269,0.00322347,0.00015813,212.5216,219.9480,0.9532,119.0823,2.3972,30121.7335,124.9277,49.0469,238.9093,36.5364,75.9244,374.9013,749.8027,789.266,1183.8989,75.8035,-1.1839,10.395423,15.593133,2.799122,29,215,300,5,0.03207536,0.00395337,0.05088190,0E-8,0.000000,0.912219,0.000000,-0.04848366,2026-03-31,2026-08-01,83,4123,1621,124,0.669355,0.205295,0.230786,0.106918,,,,,,,,GLOBAL_BASELINE_NO_ENTITY_RANKING,,,NOT_APPLICABLE_GLOBAL_BASELINE,HF9g-P5,,,,X 全窗基线 · 不参与实体赏罚,15056269,1506,A168_HF9F_20260827_0900,2026-08-27 09:00:00
2026-07-01,92755421,2117,0,483.2474226804,113.7052759248,113.7052759248,0.6666667,3,3,0.50218230000000000,0.502182300000,0.5697959874915163,0.5697959874915164,0.5697959874915163,0E-17,ELIGIBLE,R03b_20260811_FULL_v1,L1_ELIGIBILITY,v2026-08-11,2026-03-21..2026-08-06,baccarat_bet02_101_all_pairs_incl_sentinel,round_win = game_pnl > 0 (decisive only),COMPATIBILITY_ONLY_NOT_PRODUCTION,2500103.8841,2280641.3266,9883.8276,11764,10369,-0.00395337,-0.05088190,-0.00239824,-0.00395337,-9883.8276,2500103.8841,OK,0.0000,395.3531,4.0000,96.0000,AG03-UNRESOLVED,ALL5_LEVELS_bet23_to_bet27,395.3531,395.3531,395.3531,395.3531,395.3531,4.000000,4.000000,4.000000,4.000000,4.000000,96.000000,96.000000,96.000000,96.000000,96.000000,5.0,1976.7655,1824.8244,7907.0621,8059.0032,PENDING_AG03,FALSE,NOT_FOR_ENFORCEMENT,9488.4745,2189415.6736,9883.8276,9488.4745,395.3531,0.00395337,0.00379523,395.3531,9488.4745,0.00379523,395.3531,395.3531,395.3531,395.3531,395.3531,9488.4745,0.00379523,1976.7655,1824.8244,7907.0621,8059.0032,0.00316269,0.00322347,0.00015813,212.5216,219.9480,0.9532,119.0823,2.3972,30121.7335,124.9277,49.0469,238.9093,36.5364,75.9244,374.9013,749.8027,789.266,1183.8989,75.8035,-1.1839,10.395423,15.593133,2.799122,29,215,300,5,0.03207536,0.00395337,0.05088190,0E-8,0.000000,0.912219,0.000000,-0.04848366,2026-03-31,2026-08-01,83,4123,1621,124,0.669355,0.205295,0.230786,0.106918,,,,,,,,GLOBAL_BASELINE_NO_ENTITY_RANKING,,,NOT_APPLICABLE_GLOBAL_BASELINE,HF9g-P5,,,,X 全窗基线 · 不参与实体赏罚,15056270,1506,A168_HF9F_20260827_0900,2026-08-27 09:00:00
2026-07-01,92755421,2123,0,341.1158277744,-189.5087932080,-189.5087932080,0.3333333,3,3,0.49771390000000000,0.497713900000,-0.5694369385616226,-0.5694369385616226,-0.5694369385616226,0E-17,ELIGIBLE,R03b_20260811_FULL_v1,L1_ELIGIBILITY,v2026-08-11,2026-03-21..2026-08-06,baccarat_bet02_101_all_pairs_incl_sentinel,round_win = game_pnl > 0 (decisive only),COMPATIBILITY_ONLY_NOT_PRODUCTION,2500103.8841,2280641.3266,9883.8276,11764,10369,-0.00395337,-0.05088190,-0.00239824,-0.00395337,-9883.8276,2500103.8841,OK,0.0000,395.3531,4.0000,96.0000,AG03-UNRESOLVED,ALL5_LEVELS_bet23_to_bet27,395.3531,395.3531,395.3531,395.3531,395.3531,4.000000,4.000000,4.000000,4.000000,4.000000,96.000000,96.000000,96.000000,96.000000,96.000000,5.0,1976.7655,1824.8244,7907.0621,8059.0032,PENDING_AG03,FALSE,NOT_FOR_ENFORCEMENT,9488.4745,2189415.6736,9883.8276,9488.4745,395.3531,0.00395337,0.00379523,395.3531,9488.4745,0.00379523,395.3531,395.3531,395.3531,395.3531,395.3531,9488.4745,0.00379523,1976.7655,1824.8244,7907.0621,8059.0032,0.00316269,0.00322347,0.00015813,212.5216,219.9480,0.9532,119.0823,2.3972,30121.7335,124.9277,49.0469,238.9093,36.5364,75.9244,374.9013,749.8027,789.266,1183.8989,75.8035,-1.1839,10.395423,15.593133,2.799122,29,215,300,5,0.03207536,0.00395337,0.05088190,0E-8,0.000000,0.912219,0.000000,-0.04848366,2026-03-31,2026-08-01,83,4123,1621,124,0.669355,0.205295,0.230786,0.106918,,,,,,,,GLOBAL_BASELINE_NO_ENTITY_RANKING,,,NOT_APPLICABLE_GLOBAL_BASELINE,HF9g-P5,,,,X 全窗基线 · 不参与实体赏罚,15056271,1506,A168_HF9F_20260827_0900,2026-08-27 09:00:00
2026-07-01,92755421,2153,0,189.5087932080,-189.5087932080,-189.5087932080,0E-7,1,1,0.50665070000000000,0.506650700000,-1.013391052207602,-1.013391052207602,-1.013391052207602,0E-17,ELIGIBLE,R03b_20260811_FULL_v1,L1_ELIGIBILITY,v2026-08-11,2026-03-21..2026-08-06,baccarat_bet02_101_all_pairs_incl_sentinel,round_win = game_pnl > 0 (decisive only),COMPATIBILITY_ONLY_NOT_PRODUCTION,2500103.8841,2280641.3266,9883.8276,11764,10369,-0.00395337,-0.05088190,-0.00239824,-0.00395337,-9883.8276,2500103.8841,OK,0.0000,395.3531,4.0000,96.0000,AG03-UNRESOLVED,ALL5_LEVELS_bet23_to_bet27,395.3531,395.3531,395.3531,395.3531,395.3531,4.000000,4.000000,4.000000,4.000000,4.000000,96.000000,96.000000,96.000000,96.000000,96.000000,5.0,1976.7655,1824.8244,7907.0621,8059.0032,PENDING_AG03,FALSE,NOT_FOR_ENFORCEMENT,9488.4745,2189415.6736,9883.8276,9488.4745,395.3531,0.00395337,0.00379523,395.3531,9488.4745,0.00379523,395.3531,395.3531,395.3531,395.3531,395.3531,9488.4745,0.00379523,1976.7655,1824.8244,7907.0621,8059.0032,0.00316269,0.00322347,0.00015813,212.5216,219.9480,0.9532,119.0823,2.3972,30121.7335,124.9277,49.0469,238.9093,36.5364,75.9244,374.9013,749.8027,789.266,1183.8989,75.8035,-1.1839,10.395423,15.593133,2.799122,29,215,300,5,0.03207536,0.00395337,0.05088190,0E-8,0.000000,0.912219,0.000000,-0.04848366,2026-03-31,2026-08-01,83,4123,1621,124,0.669355,0.205295,0.230786,0.106918,,,,,,,,GLOBAL_BASELINE_NO_ENTITY_RANKING,,,NOT_APPLICABLE_GLOBAL_BASELINE,HF9g-P5,,,,X 全窗基线 · 不参与实体赏罚,15056272,1506,A168_HF9F_20260827_0900,2026-08-27 09:00:00
2026-07-01,92755421,2156,0,77.6986052153,-77.6986052153,-77.6986052153,0E-7,2,1,0.48167450975597842,0.256040200000,-0.963996702764482,-0.5866503638730671,-0.963996702764482,0.22563430975597842,ELIGIBLE,R03b_20260811_FULL_v1,L1_ELIGIBILITY,v2026-08-11,2026-03-21..2026-08-06,baccarat_bet02_101_all_pairs_incl_sentinel,round_win = game_pnl > 0 (decisive only),COMPATIBILITY_ONLY_NOT_PRODUCTION,2500103.8841,2280641.3266,9883.8276,11764,10369,-0.00395337,-0.05088190,-0.00239824,-0.00395337,-9883.8276,2500103.8841,OK,0.0000,395.3531,4.0000,96.0000,AG03-UNRESOLVED,ALL5_LEVELS_bet23_to_bet27,395.3531,395.3531,395.3531,395.3531,395.3531,4.000000,4.000000,4.000000,4.000000,4.000000,96.000000,96.000000,96.000000,96.000000,96.000000,5.0,1976.7655,1824.8244,7907.0621,8059.0032,PENDING_AG03,FALSE,NOT_FOR_ENFORCEMENT,9488.4745,2189415.6736,9883.8276,9488.4745,395.3531,0.00395337,0.00379523,395.3531,9488.4745,0.00379523,395.3531,395.3531,395.3531,395.3531,395.3531,9488.4745,0.00379523,1976.7655,1824.8244,7907.0621,8059.0032,0.00316269,0.00322347,0.00015813,212.5216,219.9480,0.9532,119.0823,2.3972,30121.7335,124.9277,49.0469,238.9093,36.5364,75.9244,374.9013,749.8027,789.266,1183.8989,75.8035,-1.1839,10.395423,15.593133,2.799122,29,215,300,5,0.03207536,0.00395337,0.05088190,0E-8,0.000000,0.912219,0.000000,-0.04848366,2026-03-31,2026-08-01,83,4123,1621,124,0.669355,0.205295,0.230786,0.106918,,,,,,,,GLOBAL_BASELINE_NO_ENTITY_RANKING,,,NOT_APPLICABLE_GLOBAL_BASELINE,HF9g-P5,,,,X 全窗基线 · 不参与实体赏罚,15056273,1506,A168_HF9F_20260827_0900,2026-08-27 09:00:00
2026-07-01,92755421,2189,0,288.8114008489,75.2349909036,75.2349909036,0.6666667,5,4,0.50192029941866177,0.443998075000,0.570702365874268,0.7762308489480623,0.570702365874268,0.05792222441866177,ELIGIBLE,R03b_20260811_FULL_v1,L1_ELIGIBILITY,v2026-08-11,2026-03-21..2026-08-06,baccarat_bet02_101_all_pairs_incl_sentinel,round_win = game_pnl > 0 (decisive only),COMPATIBILITY_ONLY_NOT_PRODUCTION,2500103.8841,2280641.3266,9883.8276,11764,10369,-0.00395337,-0.05088190,-0.00239824,-0.00395337,-9883.8276,2500103.8841,OK,0.0000,395.3531,4.0000,96.0000,AG03-UNRESOLVED,ALL5_LEVELS_bet23_to_bet27,395.3531,395.3531,395.3531,395.3531,395.3531,4.000000,4.000000,4.000000,4.000000,4.000000,96.000000,96.000000,96.000000,96.000000,96.000000,5.0,1976.7655,1824.8244,7907.0621,8059.0032,PENDING_AG03,FALSE,NOT_FOR_ENFORCEMENT,9488.4745,2189415.6736,9883.8276,9488.4745,395.3531,0.00395337,0.00379523,395.3531,9488.4745,0.00379523,395.3531,395.3531,395.3531,395.3531,395.3531,9488.4745,0.00379523,1976.7655,1824.8244,7907.0621,8059.0032,0.00316269,0.00322347,0.00015813,212.5216,219.9480,0.9532,119.0823,2.3972,30121.7335,124.9277,49.0469,238.9093,36.5364,75.9244,374.9013,749.8027,789.266,1183.8989,75.8035,-1.1839,10.395423,15.593133,2.799122,29,215,300,5,0.03207536,0.00395337,0.05088190,0E-8,0.000000,0.912219,0.000000,-0.04848366,2026-03-31,2026-08-01,83,4123,1621,124,0.669355,0.205295,0.230786,0.106918,,,,,,,,GLOBAL_BASELINE_NO_ENTITY_RANKING,,,NOT_APPLICABLE_GLOBAL_BASELINE,HF9g-P5,,,,X 全窗基线 · 不参与实体赏罚,15056274,1506,A168_HF9F_20260827_0900,2026-08-27 09:00:00
2026-07-01,92755421,2191,0,68.2231655549,-68.2231655549,-68.2231655549,0E-7,1,1,0.50665070000000000,0.506650700000,-1.013391052207602,-1.013391052207602,-1.013391052207602,0E-17,ELIGIBLE,R03b_20260811_FULL_v1,L1_ELIGIBILITY,v2026-08-11,2026-03-21..2026-08-06,baccarat_bet02_101_all_pairs_incl_sentinel,round_win = game_pnl > 0 (decisive only),COMPATIBILITY_ONLY_NOT_PRODUCTION,2500103.8841,2280641.3266,9883.8276,11764,10369,-0.00395337,-0.05088190,-0.00239824,-0.00395337,-9883.8276,2500103.8841,OK,0.0000,395.3531,4.0000,96.0000,AG03-UNRESOLVED,ALL5_LEVELS_bet23_to_bet27,395.3531,395.3531,395.3531,395.3531,395.3531,4.000000,4.000000,4.000000,4.000000,4.000000,96.000000,96.000000,96.000000,96.000000,96.000000,5.0,1976.7655,1824.8244,7907.0621,8059.0032,PENDING_AG03,FALSE,NOT_FOR_ENFORCEMENT,9488.4745,2189415.6736,9883.8276,9488.4745,395.3531,0.00395337,0.00379523,395.3531,9488.4745,0.00379523,395.3531,395.3531,395.3531,395.3531,395.3531,9488.4745,0.00379523,1976.7655,1824.8244,7907.0621,8059.0032,0.00316269,0.00322347,0.00015813,212.5216,219.9480,0.9532,119.0823,2.3972,30121.7335,124.9277,49.0469,238.9093,36.5364,75.9244,374.9013,749.8027,789.266,1183.8989,75.8035,-1.1839,10.395423,15.593133,2.799122,29,215,300,5,0.03207536,0.00395337,0.05088190,0E-8,0.000000,0.912219,0.000000,-0.04848366,2026-03-31,2026-08-01,83,4123,1621,124,0.669355,0.205295,0.230786,0.106918,,,,,,,,GLOBAL_BASELINE_NO_ENTITY_RANKING,,,NOT_APPLICABLE_GLOBAL_BASELINE,HF9g-P5,,,,X 全窗基线 · 不参与实体赏罚,15056275,1506,A168_HF9F_20260827_0900,2026-08-27 09:00:00
2026-07-01,92755421,2196,0,955.8823529413,32.9745300182,32.9745300182,0.4000000,8,7,0.50145421204480379,0.467976657143,-0.45371894846434435,-0.3046262796823513,-0.45371894846434435,0.03347755490180379,ELIGIBLE,R03b_20260811_FULL_v1,L1_ELIGIBILITY,v2026-08-11,2026-03-21..2026-08-06,baccarat_bet02_101_all_pairs_incl_sentinel,round_win = game_pnl > 0 (decisive only),COMPATIBILITY_ONLY_NOT_PRODUCTION,2500103.8841,2280641.3266,9883.8276,11764,10369,-0.00395337,-0.05088190,-0.00239824,-0.00395337,-9883.8276,2500103.8841,OK,0.0000,395.3531,4.0000,96.0000,AG03-UNRESOLVED,ALL5_LEVELS_bet23_to_bet27,395.3531,395.3531,395.3531,395.3531,395.3531,4.000000,4.000000,4.000000,4.000000,4.000000,96.000000,96.000000,96.000000,96.000000,96.000000,5.0,1976.7655,1824.8244,7907.0621,8059.0032,PENDING_AG03,FALSE,NOT_FOR_ENFORCEMENT,9488.4745,2189415.6736,9883.8276,9488.4745,395.3531,0.00395337,0.00379523,395.3531,9488.4745,0.00379523,395.3531,395.3531,395.3531,395.3531,395.3531,9488.4745,0.00379523,1976.7655,1824.8244,7907.0621,8059.0032,0.00316269,0.00322347,0.00015813,212.5216,219.9480,0.9532,119.0823,2.3972,30121.7335,124.9277,49.0469,238.9093,36.5364,75.9244,374.9013,749.8027,789.266,1183.8989,75.8035,-1.1839,10.395423,15.593133,2.799122,29,215,300,5,0.03207536,0.00395337,0.05088190,0E-8,0.000000,0.912219,0.000000,-0.04848366,2026-03-31,2026-08-01,83,4123,1621,124,0.669355,0.205295,0.230786,0.106918,,,,,,,,GLOBAL_BASELINE_NO_ENTITY_RANKING,,,NOT_APPLICABLE_GLOBAL_BASELINE,HF9g-P5,,,,X 全窗基线 · 不参与实体赏罚,15056276,1506,A168_HF9F_20260827_0900,2026-08-27 09:00:00
2026-07-01,92755421,2209,0,189.5087932080,-189.5087932080,-189.5087932080,0E-7,1,1,0.50665070000000000,0.506650700000,-1.013391052207602,-1.013391052207602,-1.013391052207602,0E-17,ELIGIBLE,R03b_20260811_FULL_v1,L1_ELIGIBILITY,v2026-08-11,2026-03-21..2026-08-06,baccarat_bet02_101_all_pairs_incl_sentinel,round_win = game_pnl > 0 (decisive only),COMPATIBILITY_ONLY_NOT_PRODUCTION,2500103.8841,2280641.3266,9883.8276,11764,10369,-0.00395337,-0.05088190,-0.00239824,-0.00395337,-9883.8276,2500103.8841,OK,0.0000,395.3531,4.0000,96.0000,AG03-UNRESOLVED,ALL5_LEVELS_bet23_to_bet27,395.3531,395.3531,395.3531,395.3531,395.3531,4.000000,4.000000,4.000000,4.000000,4.000000,96.000000,96.000000,96.000000,96.000000,96.000000,5.0,1976.7655,1824.8244,7907.0621,8059.0032,PENDING_AG03,FALSE,NOT_FOR_ENFORCEMENT,9488.4745,2189415.6736,9883.8276,9488.4745,395.3531,0.00395337,0.00379523,395.3531,9488.4745,0.00379523,395.3531,395.3531,395.3531,395.3531,395.3531,9488.4745,0.00379523,1976.7655,1824.8244,7907.0621,8059.0032,0.00316269,0.00322347,0.00015813,212.5216,219.9480,0.9532,119.0823,2.3972,30121.7335,124.9277,49.0469,238.9093,36.5364,75.9244,374.9013,749.8027,789.266,1183.8989,75.8035,-1.1839,10.395423,15.593133,2.799122,29,215,300,5,0.03207536,0.00395337,0.05088190,0E-8,0.000000,0.912219,0.000000,-0.04848366,2026-03-31,2026-08-01,83,4123,1621,124,0.669355,0.205295,0.230786,0.106918,,,,,,,,GLOBAL_BASELINE_NO_ENTITY_RANKING,,,NOT_APPLICABLE_GLOBAL_BASELINE,HF9g-P5,,,,X 全窗基线 · 不参与实体赏罚,15056277,1506,A168_HF9F_20260827_0900,2026-08-27 09:00:00
2026-07-01,92755421,2239,0,318.3747725894,-170.5579138872,-170.5579138872,0.3333333,3,3,0.50218230000000000,0.502182300000,-0.5849155494134425,-0.5849155494134426,-0.5849155494134425,0E-17,ELIGIBLE,R03b_20260811_FULL_v1,L1_ELIGIBILITY,v2026-08-11,2026-03-21..2026-08-06,baccarat_bet02_101_all_pairs_incl_sentinel,round_win = game_pnl > 0 (decisive only),COMPATIBILITY_ONLY_NOT_PRODUCTION,2500103.8841,2280641.3266,9883.8276,11764,10369,-0.00395337,-0.05088190,-0.00239824,-0.00395337,-9883.8276,2500103.8841,OK,0.0000,395.3531,4.0000,96.0000,AG03-UNRESOLVED,ALL5_LEVELS_bet23_to_bet27,395.3531,395.3531,395.3531,395.3531,395.3531,4.000000,4.000000,4.000000,4.000000,4.000000,96.000000,96.000000,96.000000,96.000000,96.000000,5.0,1976.7655,1824.8244,7907.0621,8059.0032,PENDING_AG03,FALSE,NOT_FOR_ENFORCEMENT,9488.4745,2189415.6736,9883.8276,9488.4745,395.3531,0.00395337,0.00379523,395.3531,9488.4745,0.00379523,395.3531,395.3531,395.3531,395.3531,395.3531,9488.4745,0.00379523,1976.7655,1824.8244,7907.0621,8059.0032,0.00316269,0.00322347,0.00015813,212.5216,219.9480,0.9532,119.0823,2.3972,30121.7335,124.9277,49.0469,238.9093,36.5364,75.9244,374.9013,749.8027,789.266,1183.8989,75.8035,-1.1839,10.395423,15.593133,2.799122,29,215,300,5,0.03207536,0.00395337,0.05088190,0E-8,0.000000,0.912219,0.000000,-0.04848366,2026-03-31,2026-08-01,83,4123,1621,124,0.669355,0.205295,0.230786,0.106918,,,,,,,,GLOBAL_BASELINE_NO_ENTITY_RANKING,,,NOT_APPLICABLE_GLOBAL_BASELINE,HF9g-P5,,,,X 全窗基线 · 不参与实体赏罚,15056278,1506,A168_HF9F_20260827_0900,2026-08-27 09:00:00
2026-07-01,92755421,2266,0,189.5087932080,-189.5087932080,-189.5087932080,0E-7,1,1,0.49324550000000000,0.493245500000,-0.9865810262130424,-0.9865810262130424,-0.9865810262130424,0E-17,ELIGIBLE,R03b_20260811_FULL_v1,L1_ELIGIBILITY,v2026-08-11,2026-03-21..2026-08-06,baccarat_bet02_101_all_pairs_incl_sentinel,round_win = game_pnl > 0 (decisive only),COMPATIBILITY_ONLY_NOT_PRODUCTION,2500103.8841,2280641.3266,9883.8276,11764,10369,-0.00395337,-0.05088190,-0.00239824,-0.00395337,-9883.8276,2500103.8841,OK,0.0000,395.3531,4.0000,96.0000,AG03-UNRESOLVED,ALL5_LEVELS_bet23_to_bet27,395.3531,395.3531,395.3531,395.3531,395.3531,4.000000,4.000000,4.000000,4.000000,4.000000,96.000000,96.000000,96.000000,96.000000,96.000000,5.0,1976.7655,1824.8244,7907.0621,8059.0032,PENDING_AG03,FALSE,NOT_FOR_ENFORCEMENT,9488.4745,2189415.6736,9883.8276,9488.4745,395.3531,0.00395337,0.00379523,395.3531,9488.4745,0.00379523,395.3531,395.3531,395.3531,395.3531,395.3531,9488.4745,0.00379523,1976.7655,1824.8244,7907.0621,8059.0032,0.00316269,0.00322347,0.00015813,212.5216,219.9480,0.9532,119.0823,2.3972,30121.7335,124.9277,49.0469,238.9093,36.5364,75.9244,374.9013,749.8027,789.266,1183.8989,75.8035,-1.1839,10.395423,15.593133,2.799122,29,215,300,5,0.03207536,0.00395337,0.05088190,0E-8,0.000000,0.912219,0.000000,-0.04848366,2026-03-31,2026-08-01,83,4123,1621,124,0.669355,0.205295,0.230786,0.106918,,,,,,,,GLOBAL_BASELINE_NO_ENTITY_RANKING,,,NOT_APPLICABLE_GLOBAL_BASELINE,HF9g-P5,,,,X 全窗基线 · 不参与实体赏罚,15056279,1506,A168_HF9F_20260827_0900,2026-08-27 09:00:00
2026-07-01,92755421,2280,0,189.5087932080,-189.5087932080,-189.5087932080,0E-7,1,1,0.49324550000000000,0.493245500000,-0.9865810262130424,-0.9865810262130424,-0.9865810262130424,0E-17,ELIGIBLE,R03b_20260811_FULL_v1,L1_ELIGIBILITY,v2026-08-11,2026-03-21..2026-08-06,baccarat_bet02_101_all_pairs_incl_sentinel,round_win = game_pnl > 0 (decisive only),COMPATIBILITY_ONLY_NOT_PRODUCTION,2500103.8841,2280641.3266,9883.8276,11764,10369,-0.00395337,-0.05088190,-0.00239824,-0.00395337,-9883.8276,2500103.8841,OK,0.0000,395.3531,4.0000,96.0000,AG03-UNRESOLVED,ALL5_LEVELS_bet23_to_bet27,395.3531,395.3531,395.3531,395.3531,395.3531,4.000000,4.000000,4.000000,4.000000,4.000000,96.000000,96.000000,96.000000,96.000000,96.000000,5.0,1976.7655,1824.8244,7907.0621,8059.0032,PENDING_AG03,FALSE,NOT_FOR_ENFORCEMENT,9488.4745,2189415.6736,9883.8276,9488.4745,395.3531,0.00395337,0.00379523,395.3531,9488.4745,0.00379523,395.3531,395.3531,395.3531,395.3531,395.3531,9488.4745,0.00379523,1976.7655,1824.8244,7907.0621,8059.0032,0.00316269,0.00322347,0.00015813,212.5216,219.9480,0.9532,119.0823,2.3972,30121.7335,124.9277,49.0469,238.9093,36.5364,75.9244,374.9013,749.8027,789.266,1183.8989,75.8035,-1.1839,10.395423,15.593133,2.799122,29,215,300,5,0.03207536,0.00395337,0.05088190,0E-8,0.000000,0.912219,0.000000,-0.04848366,2026-03-31,2026-08-01,83,4123,1621,124,0.669355,0.205295,0.230786,0.106918,,,,,,,,GLOBAL_BASELINE_NO_ENTITY_RANKING,,,NOT_APPLICABLE_GLOBAL_BASELINE,HF9g-P5,,,,X 全窗基线 · 不参与实体赏罚,15056280,1506,A168_HF9F_20260827_0900,2026-08-27 09:00:00
2026-07-01,92755421,2281,0,189.5087932080,-189.5087932080,-189.5087932080,0E-7,1,1,0.49324550000000000,0.493245500000,-0.9865810262130424,-0.9865810262130424,-0.9865810262130424,0E-17,ELIGIBLE,R03b_20260811_FULL_v1,L1_ELIGIBILITY,v2026-08-11,2026-03-21..2026-08-06,baccarat_bet02_101_all_pairs_incl_sentinel,round_win = game_pnl > 0 (decisive only),COMPATIBILITY_ONLY_NOT_PRODUCTION,2500103.8841,2280641.3266,9883.8276,11764,10369,-0.00395337,-0.05088190,-0.00239824,-0.00395337,-9883.8276,2500103.8841,OK,0.0000,395.3531,4.0000,96.0000,AG03-UNRESOLVED,ALL5_LEVELS_bet23_to_bet27,395.3531,395.3531,395.3531,395.3531,395.3531,4.000000,4.000000,4.000000,4.000000,4.000000,96.000000,96.000000,96.000000,96.000000,96.000000,5.0,1976.7655,1824.8244,7907.0621,8059.0032,PENDING_AG03,FALSE,NOT_FOR_ENFORCEMENT,9488.4745,2189415.6736,9883.8276,9488.4745,395.3531,0.00395337,0.00379523,395.3531,9488.4745,0.00379523,395.3531,395.3531,395.3531,395.3531,395.3531,9488.4745,0.00379523,1976.7655,1824.8244,7907.0621,8059.0032,0.00316269,0.00322347,0.00015813,212.5216,219.9480,0.9532,119.0823,2.3972,30121.7335,124.9277,49.0469,238.9093,36.5364,75.9244,374.9013,749.8027,789.266,1183.8989,75.8035,-1.1839,10.395423,15.593133,2.799122,29,215,300,5,0.03207536,0.00395337,0.05088190,0E-8,0.000000,0.912219,0.000000,-0.04848366,2026-03-31,2026-08-01,83,4123,1621,124,0.669355,0.205295,0.230786,0.106918,,,,,,,,GLOBAL_BASELINE_NO_ENTITY_RANKING,,,NOT_APPLICABLE_GLOBAL_BASELINE,HF9g-P5,,,,X 全窗基线 · 不参与实体赏罚,15056281,1506,A168_HF9F_20260827_0900,2026-08-27 09:00:00
2026-07-01,92755421,925,0,288.0533656761,75.8035172831,75.8035172831,0.6666667,4,4,0.49994810000000000,0.499948100000,0.5775300591747329,0.5775300591747329,0.5775300591747329,0E-17,ELIGIBLE,R03b_20260811_FULL_v1,L1_ELIGIBILITY,v2026-08-11,2026-03-21..2026-08-06,baccarat_bet02_101_all_pairs_incl_sentinel,round_win = game_pnl > 0 (decisive only),COMPATIBILITY_ONLY_NOT_PRODUCTION,2500103.8841,2280641.3266,9883.8276,11764,10369,-0.00395337,-0.05088190,-0.00239824,-0.00395337,-9883.8276,2500103.8841,OK,0.0000,395.3531,4.0000,96.0000,AG03-UNRESOLVED,ALL5_LEVELS_bet23_to_bet27,395.3531,395.3531,395.3531,395.3531,395.3531,4.000000,4.000000,4.000000,4.000000,4.000000,96.000000,96.000000,96.000000,96.000000,96.000000,5.0,1976.7655,1824.8244,7907.0621,8059.0032,PENDING_AG03,FALSE,NOT_FOR_ENFORCEMENT,9488.4745,2189415.6736,9883.8276,9488.4745,395.3531,0.00395337,0.00379523,395.3531,9488.4745,0.00379523,395.3531,395.3531,395.3531,395.3531,395.3531,9488.4745,0.00379523,1976.7655,1824.8244,7907.0621,8059.0032,0.00316269,0.00322347,0.00015813,212.5216,219.9480,0.9532,119.0823,2.3972,30121.7335,124.9277,49.0469,238.9093,36.5364,75.9244,374.9013,749.8027,789.266,1183.8989,75.8035,-1.1839,10.395423,15.593133,2.799122,29,215,300,5,0.03207536,0.00395337,0.05088190,0E-8,0.000000,0.912219,0.000000,-0.04848366,2026-03-31,2026-08-01,83,4123,1621,124,0.669355,0.205295,0.230786,0.106918,,,,,,,,GLOBAL_BASELINE_NO_ENTITY_RANKING,,,NOT_APPLICABLE_GLOBAL_BASELINE,HF9g-P5,,,,X 全窗基线 · 不参与实体赏罚,15056282,1506,A168_HF9F_20260827_0900,2026-08-27 09:00:00
2026-07-07,92755421,-1,1,1326.5615524560,-492.7228623408,-492.7228623408,0.2857143,7,7,0.49899058571428571,0.498990585714,-1.1285544004973334,-1.1285544004958228,-1.1285544004973334,2.8571E-13,SENTINEL_DEALER,R03b_20260811_FULL_v1,L1_ELIGIBILITY,v2026-08-11,2026-03-21..2026-08-06,baccarat_bet02_101_all_pairs_incl_sentinel,round_win = game_pnl > 0 (decisive only),COMPATIBILITY_ONLY_NOT_PRODUCTION,2500103.8841,2280641.3266,9883.8276,11764,10369,-0.00395337,-0.05088190,-0.00239824,-0.00395337,-9883.8276,2500103.8841,OK,0.0000,395.3531,4.0000,96.0000,AG03-UNRESOLVED,ALL5_LEVELS_bet23_to_bet27,395.3531,395.3531,395.3531,395.3531,395.3531,4.000000,4.000000,4.000000,4.000000,4.000000,96.000000,96.000000,96.000000,96.000000,96.000000,5.0,1976.7655,1824.8244,7907.0621,8059.0032,PENDING_AG03,FALSE,NOT_FOR_ENFORCEMENT,9488.4745,2189415.6736,9883.8276,9488.4745,395.3531,0.00395337,0.00379523,395.3531,9488.4745,0.00379523,395.3531,395.3531,395.3531,395.3531,395.3531,9488.4745,0.00379523,1976.7655,1824.8244,7907.0621,8059.0032,0.00316269,0.00322347,0.00015813,212.5216,219.9480,0.9532,119.0823,2.3972,30121.7335,124.9277,49.0469,238.9093,36.5364,75.9244,374.9013,749.8027,789.266,1183.8989,75.8035,-1.1839,10.395423,15.593133,2.799122,29,215,300,5,0.03207536,0.00395337,0.05088190,0E-8,0.000000,0.912219,0.000000,-0.04848366,2026-03-31,2026-08-01,83,4123,1621,124,0.669355,0.205295,0.230786,0.106918,,,,,,,,GLOBAL_BASELINE_NO_ENTITY_RANKING,,,NOT_APPLICABLE_GLOBAL_BASELINE,HF9g-P5,,,,X 全窗基线 · 不参与实体赏罚,15056283,1506,A168_HF9F_20260827_0900,2026-08-27 09:00:00
2026-07-07,92755421,1151,0,189.5087932080,-189.5087932080,-189.5087932080,0E-7,1,1,0.49324550000000000,0.493245500000,-0.9865810262130424,-0.9865810262130424,-0.9865810262130424,0E-17,ELIGIBLE,R03b_20260811_FULL_v1,L1_ELIGIBILITY,v2026-08-11,2026-03-21..2026-08-06,baccarat_bet02_101_all_pairs_incl_sentinel,round_win = game_pnl > 0 (decisive only),COMPATIBILITY_ONLY_NOT_PRODUCTION,2500103.8841,2280641.3266,9883.8276,11764,10369,-0.00395337,-0.05088190,-0.00239824,-0.00395337,-9883.8276,2500103.8841,OK,0.0000,395.3531,4.0000,96.0000,AG03-UNRESOLVED,ALL5_LEVELS_bet23_to_bet27,395.3531,395.3531,395.3531,395.3531,395.3531,4.000000,4.000000,4.000000,4.000000,4.000000,96.000000,96.000000,96.000000,96.000000,96.000000,5.0,1976.7655,1824.8244,7907.0621,8059.0032,PENDING_AG03,FALSE,NOT_FOR_ENFORCEMENT,9488.4745,2189415.6736,9883.8276,9488.4745,395.3531,0.00395337,0.00379523,395.3531,9488.4745,0.00379523,395.3531,395.3531,395.3531,395.3531,395.3531,9488.4745,0.00379523,1976.7655,1824.8244,7907.0621,8059.0032,0.00316269,0.00322347,0.00015813,212.5216,219.9480,0.9532,119.0823,2.3972,30121.7335,124.9277,49.0469,238.9093,36.5364,75.9244,374.9013,749.8027,789.266,1183.8989,75.8035,-1.1839,10.395423,15.593133,2.799122,29,215,300,5,0.03207536,0.00395337,0.05088190,0E-8,0.000000,0.912219,0.000000,-0.04848366,2026-03-31,2026-08-01,83,4123,1621,124,0.669355,0.205295,0.230786,0.106918,,,,,,,,GLOBAL_BASELINE_NO_ENTITY_RANKING,,,NOT_APPLICABLE_GLOBAL_BASELINE,HF9g-P5,,,,X 全窗基线 · 不参与实体赏罚,15056284,1506,A168_HF9F_20260827_0900,2026-08-27 09:00:00
2026-07-07,92755421,1157,0,189.5087932080,-189.5087932080,-189.5087932080,0E-7,1,1,0.49324550000000000,0.493245500000,-0.9865810262130424,-0.9865810262130424,-0.9865810262130424,0E-17,ELIGIBLE,R03b_20260811_FULL_v1,L1_ELIGIBILITY,v2026-08-11,2026-03-21..2026-08-06,baccarat_bet02_101_all_pairs_incl_sentinel,round_win = game_pnl > 0 (decisive only),COMPATIBILITY_ONLY_NOT_PRODUCTION,2500103.8841,2280641.3266,9883.8276,11764,10369,-0.00395337,-0.05088190,-0.00239824,-0.00395337,-9883.8276,2500103.8841,OK,0.0000,395.3531,4.0000,96.0000,AG03-UNRESOLVED,ALL5_LEVELS_bet23_to_bet27,395.3531,395.3531,395.3531,395.3531,395.3531,4.000000,4.000000,4.000000,4.000000,4.000000,96.000000,96.000000,96.000000,96.000000,96.000000,5.0,1976.7655,1824.8244,7907.0621,8059.0032,PENDING_AG03,FALSE,NOT_FOR_ENFORCEMENT,9488.4745,2189415.6736,9883.8276,9488.4745,395.3531,0.00395337,0.00379523,395.3531,9488.4745,0.00379523,395.3531,395.3531,395.3531,395.3531,395.3531,9488.4745,0.00379523,1976.7655,1824.8244,7907.0621,8059.0032,0.00316269,0.00322347,0.00015813,212.5216,219.9480,0.9532,119.0823,2.3972,30121.7335,124.9277,49.0469,238.9093,36.5364,75.9244,374.9013,749.8027,789.266,1183.8989,75.8035,-1.1839,10.395423,15.593133,2.799122,29,215,300,5,0.03207536,0.00395337,0.05088190,0E-8,0.000000,0.912219,0.000000,-0.04848366,2026-03-31,2026-08-01,83,4123,1621,124,0.669355,0.205295,0.230786,0.106918,,,,,,,,GLOBAL_BASELINE_NO_ENTITY_RANKING,,,NOT_APPLICABLE_GLOBAL_BASELINE,HF9g-P5,,,,X 全窗基线 · 不参与实体赏罚,15056285,1506,A168_HF9F_20260827_0900,2026-08-27 09:00:00
2026-07-07,92755421,1399,0,379.0175864160,0E-10,0E-10,0.5000000,2,2,0.49994810000000000,0.499948100000,0.00014679536856514622,0.00014679536856514622,0.00014679536856514622,0E-17,ELIGIBLE,R03b_20260811_FULL_v1,L1_ELIGIBILITY,v2026-08-11,2026-03-21..2026-08-06,baccarat_bet02_101_all_pairs_incl_sentinel,round_win = game_pnl > 0 (decisive only),COMPATIBILITY_ONLY_NOT_PRODUCTION,2500103.8841,2280641.3266,9883.8276,11764,10369,-0.00395337,-0.05088190,-0.00239824,-0.00395337,-9883.8276,2500103.8841,OK,0.0000,395.3531,4.0000,96.0000,AG03-UNRESOLVED,ALL5_LEVELS_bet23_to_bet27,395.3531,395.3531,395.3531,395.3531,395.3531,4.000000,4.000000,4.000000,4.000000,4.000000,96.000000,96.000000,96.000000,96.000000,96.000000,5.0,1976.7655,1824.8244,7907.0621,8059.0032,PENDING_AG03,FALSE,NOT_FOR_ENFORCEMENT,9488.4745,2189415.6736,9883.8276,9488.4745,395.3531,0.00395337,0.00379523,395.3531,9488.4745,0.00379523,395.3531,395.3531,395.3531,395.3531,395.3531,9488.4745,0.00379523,1976.7655,1824.8244,7907.0621,8059.0032,0.00316269,0.00322347,0.00015813,212.5216,219.9480,0.9532,119.0823,2.3972,30121.7335,124.9277,49.0469,238.9093,36.5364,75.9244,374.9013,749.8027,789.266,1183.8989,75.8035,-1.1839,10.395423,15.593133,2.799122,29,215,300,5,0.03207536,0.00395337,0.05088190,0E-8,0.000000,0.912219,0.000000,-0.04848366,2026-03-31,2026-08-01,83,4123,1621,124,0.669355,0.205295,0.230786,0.106918,,,,,,,,GLOBAL_BASELINE_NO_ENTITY_RANKING,,,NOT_APPLICABLE_GLOBAL_BASELINE,HF9g-P5,,,,X 全窗基线 · 不参与实体赏罚,15056286,1506,A168_HF9F_20260827_0900,2026-08-27 09:00:00
2026-07-07,92755421,1947,0,151.6070345664,-151.6070345664,-151.6070345664,0E-7,1,1,0.50665070000000000,0.506650700000,-1.013391052207602,-1.013391052207602,-1.013391052207602,0E-17,ELIGIBLE,R03b_20260811_FULL_v1,L1_ELIGIBILITY,v2026-08-11,2026-03-21..2026-08-06,baccarat_bet02_101_all_pairs_incl_sentinel,round_win = game_pnl > 0 (decisive only),COMPATIBILITY_ONLY_NOT_PRODUCTION,2500103.8841,2280641.3266,9883.8276,11764,10369,-0.00395337,-0.05088190,-0.00239824,-0.00395337,-9883.8276,2500103.8841,OK,0.0000,395.3531,4.0000,96.0000,AG03-UNRESOLVED,ALL5_LEVELS_bet23_to_bet27,395.3531,395.3531,395.3531,395.3531,395.3531,4.000000,4.000000,4.000000,4.000000,4.000000,96.000000,96.000000,96.000000,96.000000,96.000000,5.0,1976.7655,1824.8244,7907.0621,8059.0032,PENDING_AG03,FALSE,NOT_FOR_ENFORCEMENT,9488.4745,2189415.6736,9883.8276,9488.4745,395.3531,0.00395337,0.00379523,395.3531,9488.4745,0.00379523,395.3531,395.3531,395.3531,395.3531,395.3531,9488.4745,0.00379523,1976.7655,1824.8244,7907.0621,8059.0032,0.00316269,0.00322347,0.00015813,212.5216,219.9480,0.9532,119.0823,2.3972,30121.7335,124.9277,49.0469,238.9093,36.5364,75.9244,374.9013,749.8027,789.266,1183.8989,75.8035,-1.1839,10.395423,15.593133,2.799122,29,215,300,5,0.03207536,0.00395337,0.05088190,0E-8,0.000000,0.912219,0.000000,-0.04848366,2026-03-31,2026-08-01,83,4123,1621,124,0.669355,0.205295,0.230786,0.106918,,,,,,,,GLOBAL_BASELINE_NO_ENTITY_RANKING,,,NOT_APPLICABLE_GLOBAL_BASELINE,HF9g-P5,,,,X 全窗基线 · 不参与实体赏罚,15056287,1506,A168_HF9F_20260827_0900,2026-08-27 09:00:00
2026-07-07,92755421,2188,0,379.0175864160,0E-10,0E-10,0.5000000,2,2,0.49994810000000000,0.499948100000,0.00014679536856514622,0.00014679536856514622,0.00014679536856514622,0E-17,ELIGIBLE,R03b_20260811_FULL_v1,L1_ELIGIBILITY,v2026-08-11,2026-03-21..2026-08-06,baccarat_bet02_101_all_pairs_incl_sentinel,round_win = game_pnl > 0 (decisive only),COMPATIBILITY_ONLY_NOT_PRODUCTION,2500103.8841,2280641.3266,9883.8276,11764,10369,-0.00395337,-0.05088190,-0.00239824,-0.00395337,-9883.8276,2500103.8841,OK,0.0000,395.3531,4.0000,96.0000,AG03-UNRESOLVED,ALL5_LEVELS_bet23_to_bet27,395.3531,395.3531,395.3531,395.3531,395.3531,4.000000,4.000000,4.000000,4.000000,4.000000,96.000000,96.000000,96.000000,96.000000,96.000000,5.0,1976.7655,1824.8244,7907.0621,8059.0032,PENDING_AG03,FALSE,NOT_FOR_ENFORCEMENT,9488.4745,2189415.6736,9883.8276,9488.4745,395.3531,0.00395337,0.00379523,395.3531,9488.4745,0.00379523,395.3531,395.3531,395.3531,395.3531,395.3531,9488.4745,0.00379523,1976.7655,1824.8244,7907.0621,8059.0032,0.00316269,0.00322347,0.00015813,212.5216,219.9480,0.9532,119.0823,2.3972,30121.7335,124.9277,49.0469,238.9093,36.5364,75.9244,374.9013,749.8027,789.266,1183.8989,75.8035,-1.1839,10.395423,15.593133,2.799122,29,215,300,5,0.03207536,0.00395337,0.05088190,0E-8,0.000000,0.912219,0.000000,-0.04848366,2026-03-31,2026-08-01,83,4123,1621,124,0.669355,0.205295,0.230786,0.106918,,,,,,,,GLOBAL_BASELINE_NO_ENTITY_RANKING,,,NOT_APPLICABLE_GLOBAL_BASELINE,HF9g-P5,,,,X 全窗基线 · 不参与实体赏罚,15056288,1506,A168_HF9F_20260827_0900,2026-08-27 09:00:00
2026-07-07,92755421,2222,0,151.6070345664,-151.6070345664,-151.6070345664,0E-7,1,1,0.49324550000000000,0.493245500000,-0.9865810262130424,-0.9865810262130424,-0.9865810262130424,0E-17,ELIGIBLE,R03b_20260811_FULL_v1,L1_ELIGIBILITY,v2026-08-11,2026-03-21..2026-08-06,baccarat_bet02_101_all_pairs_incl_sentinel,round_win = game_pnl > 0 (decisive only),COMPATIBILITY_ONLY_NOT_PRODUCTION,2500103.8841,2280641.3266,9883.8276,11764,10369,-0.00395337,-0.05088190,-0.00239824,-0.00395337,-9883.8276,2500103.8841,OK,0.0000,395.3531,4.0000,96.0000,AG03-UNRESOLVED,ALL5_LEVELS_bet23_to_bet27,395.3531,395.3531,395.3531,395.3531,395.3531,4.000000,4.000000,4.000000,4.000000,4.000000,96.000000,96.000000,96.000000,96.000000,96.000000,5.0,1976.7655,1824.8244,7907.0621,8059.0032,PENDING_AG03,FALSE,NOT_FOR_ENFORCEMENT,9488.4745,2189415.6736,9883.8276,9488.4745,395.3531,0.00395337,0.00379523,395.3531,9488.4745,0.00379523,395.3531,395.3531,395.3531,395.3531,395.3531,9488.4745,0.00379523,1976.7655,1824.8244,7907.0621,8059.0032,0.00316269,0.00322347,0.00015813,212.5216,219.9480,0.9532,119.0823,2.3972,30121.7335,124.9277,49.0469,238.9093,36.5364,75.9244,374.9013,749.8027,789.266,1183.8989,75.8035,-1.1839,10.395423,15.593133,2.799122,29,215,300,5,0.03207536,0.00395337,0.05088190,0E-8,0.000000,0.912219,0.000000,-0.04848366,2026-03-31,2026-08-01,83,4123,1621,124,0.669355,0.205295,0.230786,0.106918,,,,,,,,GLOBAL_BASELINE_NO_ENTITY_RANKING,,,NOT_APPLICABLE_GLOBAL_BASELINE,HF9g-P5,,,,X 全窗基线 · 不参与实体赏罚,15056289,1506,A168_HF9F_20260827_0900,2026-08-27 09:00:00
2026-07-07,92755421,2223,0,189.5087932080,-189.5087932080,-189.5087932080,0E-7,1,1,0.50665070000000000,0.506650700000,-1.013391052207602,-1.013391052207602,-1.013391052207602,0E-17,ELIGIBLE,R03b_20260811_FULL_v1,L1_ELIGIBILITY,v2026-08-11,2026-03-21..2026-08-06,baccarat_bet02_101_all_pairs_incl_sentinel,round_win = game_pnl > 0 (decisive only),COMPATIBILITY_ONLY_NOT_PRODUCTION,2500103.8841,2280641.3266,9883.8276,11764,10369,-0.00395337,-0.05088190,-0.00239824,-0.00395337,-9883.8276,2500103.8841,OK,0.0000,395.3531,4.0000,96.0000,AG03-UNRESOLVED,ALL5_LEVELS_bet23_to_bet27,395.3531,395.3531,395.3531,395.3531,395.3531,4.000000,4.000000,4.000000,4.000000,4.000000,96.000000,96.000000,96.000000,96.000000,96.000000,5.0,1976.7655,1824.8244,7907.0621,8059.0032,PENDING_AG03,FALSE,NOT_FOR_ENFORCEMENT,9488.4745,2189415.6736,9883.8276,9488.4745,395.3531,0.00395337,0.00379523,395.3531,9488.4745,0.00379523,395.3531,395.3531,395.3531,395.3531,395.3531,9488.4745,0.00379523,1976.7655,1824.8244,7907.0621,8059.0032,0.00316269,0.00322347,0.00015813,212.5216,219.9480,0.9532,119.0823,2.3972,30121.7335,124.9277,49.0469,238.9093,36.5364,75.9244,374.9013,749.8027,789.266,1183.8989,75.8035,-1.1839,10.395423,15.593133,2.799122,29,215,300,5,0.03207536,0.00395337,0.05088190,0E-8,0.000000,0.912219,0.000000,-0.04848366,2026-03-31,2026-08-01,83,4123,1621,124,0.669355,0.205295,0.230786,0.106918,,,,,,,,GLOBAL_BASELINE_NO_ENTITY_RANKING,,,NOT_APPLICABLE_GLOBAL_BASELINE,HF9g-P5,,,,X 全窗基线 · 不参与实体赏罚,15056290,1506,A168_HF9F_20260827_0900,2026-08-27 09:00:00
2026-07-07,92755421,2233,0,189.5087932080,-189.5087932080,-189.5087932080,0E-7,1,1,0.49324550000000000,0.493245500000,-0.9865810262130424,-0.9865810262130424,-0.9865810262130424,0E-17,ELIGIBLE,R03b_20260811_FULL_v1,L1_ELIGIBILITY,v2026-08-11,2026-03-21..2026-08-06,baccarat_bet02_101_all_pairs_incl_sentinel,round_win = game_pnl > 0 (decisive only),COMPATIBILITY_ONLY_NOT_PRODUCTION,2500103.8841,2280641.3266,9883.8276,11764,10369,-0.00395337,-0.05088190,-0.00239824,-0.00395337,-9883.8276,2500103.8841,OK,0.0000,395.3531,4.0000,96.0000,AG03-UNRESOLVED,ALL5_LEVELS_bet23_to_bet27,395.3531,395.3531,395.3531,395.3531,395.3531,4.000000,4.000000,4.000000,4.000000,4.000000,96.000000,96.000000,96.000000,96.000000,96.000000,5.0,1976.7655,1824.8244,7907.0621,8059.0032,PENDING_AG03,FALSE,NOT_FOR_ENFORCEMENT,9488.4745,2189415.6736,9883.8276,9488.4745,395.3531,0.00395337,0.00379523,395.3531,9488.4745,0.00379523,395.3531,395.3531,395.3531,395.3531,395.3531,9488.4745,0.00379523,1976.7655,1824.8244,7907.0621,8059.0032,0.00316269,0.00322347,0.00015813,212.5216,219.9480,0.9532,119.0823,2.3972,30121.7335,124.9277,49.0469,238.9093,36.5364,75.9244,374.9013,749.8027,789.266,1183.8989,75.8035,-1.1839,10.395423,15.593133,2.799122,29,215,300,5,0.03207536,0.00395337,0.05088190,0E-8,0.000000,0.912219,0.000000,-0.04848366,2026-03-31,2026-08-01,83,4123,1621,124,0.669355,0.205295,0.230786,0.106918,,,,,,,,GLOBAL_BASELINE_NO_ENTITY_RANKING,,,NOT_APPLICABLE_GLOBAL_BASELINE,HF9g-P5,,,,X 全窗基线 · 不参与实体赏罚,15056291,1506,A168_HF9F_20260827_0900,2026-08-27 09:00:00
2026-07-07,92755421,2242,0,189.5087932080,-189.5087932080,-189.5087932080,0E-7,1,1,0.50665070000000000,0.506650700000,-1.013391052207602,-1.013391052207602,-1.013391052207602,0E-17,ELIGIBLE,R03b_20260811_FULL_v1,L1_ELIGIBILITY,v2026-08-11,2026-03-21..2026-08-06,baccarat_bet02_101_all_pairs_incl_sentinel,round_win = game_pnl > 0 (decisive only),COMPATIBILITY_ONLY_NOT_PRODUCTION,2500103.8841,2280641.3266,9883.8276,11764,10369,-0.00395337,-0.05088190,-0.00239824,-0.00395337,-9883.8276,2500103.8841,OK,0.0000,395.3531,4.0000,96.0000,AG03-UNRESOLVED,ALL5_LEVELS_bet23_to_bet27,395.3531,395.3531,395.3531,395.3531,395.3531,4.000000,4.000000,4.000000,4.000000,4.000000,96.000000,96.000000,96.000000,96.000000,96.000000,5.0,1976.7655,1824.8244,7907.0621,8059.0032,PENDING_AG03,FALSE,NOT_FOR_ENFORCEMENT,9488.4745,2189415.6736,9883.8276,9488.4745,395.3531,0.00395337,0.00379523,395.3531,9488.4745,0.00379523,395.3531,395.3531,395.3531,395.3531,395.3531,9488.4745,0.00379523,1976.7655,1824.8244,7907.0621,8059.0032,0.00316269,0.00322347,0.00015813,212.5216,219.9480,0.9532,119.0823,2.3972,30121.7335,124.9277,49.0469,238.9093,36.5364,75.9244,374.9013,749.8027,789.266,1183.8989,75.8035,-1.1839,10.395423,15.593133,2.799122,29,215,300,5,0.03207536,0.00395337,0.05088190,0E-8,0.000000,0.912219,0.000000,-0.04848366,2026-03-31,2026-08-01,83,4123,1621,124,0.669355,0.205295,0.230786,0.106918,,,,,,,,GLOBAL_BASELINE_NO_ENTITY_RANKING,,,NOT_APPLICABLE_GLOBAL_BASELINE,HF9g-P5,,,,X 全窗基线 · 不参与实体赏罚,15056292,1506,A168_HF9F_20260827_0900,2026-08-27 09:00:00
2026-07-07,92755421,2258,0,369.5421467556,0E-10,0E-10,0.5000000,2,2,0.50665070000000000,0.506650700000,-0.018812684590367487,-0.018812684590367487,-0.018812684590367487,0E-17,ELIGIBLE,R03b_20260811_FULL_v1,L1_ELIGIBILITY,v2026-08-11,2026-03-21..2026-08-06,baccarat_bet02_101_all_pairs_incl_sentinel,round_win = game_pnl > 0 (decisive only),COMPATIBILITY_ONLY_NOT_PRODUCTION,2500103.8841,2280641.3266,9883.8276,11764,10369,-0.00395337,-0.05088190,-0.00239824,-0.00395337,-9883.8276,2500103.8841,OK,0.0000,395.3531,4.0000,96.0000,AG03-UNRESOLVED,ALL5_LEVELS_bet23_to_bet27,395.3531,395.3531,395.3531,395.3531,395.3531,4.000000,4.000000,4.000000,4.000000,4.000000,96.000000,96.000000,96.000000,96.000000,96.000000,5.0,1976.7655,1824.8244,7907.0621,8059.0032,PENDING_AG03,FALSE,NOT_FOR_ENFORCEMENT,9488.4745,2189415.6736,9883.8276,9488.4745,395.3531,0.00395337,0.00379523,395.3531,9488.4745,0.00379523,395.3531,395.3531,395.3531,395.3531,395.3531,9488.4745,0.00379523,1976.7655,1824.8244,7907.0621,8059.0032,0.00316269,0.00322347,0.00015813,212.5216,219.9480,0.9532,119.0823,2.3972,30121.7335,124.9277,49.0469,238.9093,36.5364,75.9244,374.9013,749.8027,789.266,1183.8989,75.8035,-1.1839,10.395423,15.593133,2.799122,29,215,300,5,0.03207536,0.00395337,0.05088190,0E-8,0.000000,0.912219,0.000000,-0.04848366,2026-03-31,2026-08-01,83,4123,1621,124,0.669355,0.205295,0.230786,0.106918,,,,,,,,GLOBAL_BASELINE_NO_ENTITY_RANKING,,,NOT_APPLICABLE_GLOBAL_BASELINE,HF9g-P5,,,,X 全窗基线 · 不参与实体赏罚,15056293,1506,A168_HF9F_20260827_0900,2026-08-27 09:00:00
2026-07-07,92755421,2280,0,113.7052759248,-113.7052759248,-113.7052759248,0E-7,1,1,0.50665070000000000,0.506650700000,-1.013391052207602,-1.013391052207602,-1.013391052207602,0E-17,ELIGIBLE,R03b_20260811_FULL_v1,L1_ELIGIBILITY,v2026-08-11,2026-03-21..2026-08-06,baccarat_bet02_101_all_pairs_incl_sentinel,round_win = game_pnl > 0 (decisive only),COMPATIBILITY_ONLY_NOT_PRODUCTION,2500103.8841,2280641.3266,9883.8276,11764,10369,-0.00395337,-0.05088190,-0.00239824,-0.00395337,-9883.8276,2500103.8841,OK,0.0000,395.3531,4.0000,96.0000,AG03-UNRESOLVED,ALL5_LEVELS_bet23_to_bet27,395.3531,395.3531,395.3531,395.3531,395.3531,4.000000,4.000000,4.000000,4.000000,4.000000,96.000000,96.000000,96.000000,96.000000,96.000000,5.0,1976.7655,1824.8244,7907.0621,8059.0032,PENDING_AG03,FALSE,NOT_FOR_ENFORCEMENT,9488.4745,2189415.6736,9883.8276,9488.4745,395.3531,0.00395337,0.00379523,395.3531,9488.4745,0.00379523,395.3531,395.3531,395.3531,395.3531,395.3531,9488.4745,0.00379523,1976.7655,1824.8244,7907.0621,8059.0032,0.00316269,0.00322347,0.00015813,212.5216,219.9480,0.9532,119.0823,2.3972,30121.7335,124.9277,49.0469,238.9093,36.5364,75.9244,374.9013,749.8027,789.266,1183.8989,75.8035,-1.1839,10.395423,15.593133,2.799122,29,215,300,5,0.03207536,0.00395337,0.05088190,0E-8,0.000000,0.912219,0.000000,-0.04848366,2026-03-31,2026-08-01,83,4123,1621,124,0.669355,0.205295,0.230786,0.106918,,,,,,,,GLOBAL_BASELINE_NO_ENTITY_RANKING,,,NOT_APPLICABLE_GLOBAL_BASELINE,HF9g-P5,,,,X 全窗基线 · 不参与实体赏罚,15056294,1506,A168_HF9F_20260827_0900,2026-08-27 09:00:00
2026-07-07,92755421,2281,0,189.5087932080,-189.5087932080,-189.5087932080,0E-7,1,1,0.49324550000000000,0.493245500000,-0.9865810262130424,-0.9865810262130424,-0.9865810262130424,0E-17,ELIGIBLE,R03b_20260811_FULL_v1,L1_ELIGIBILITY,v2026-08-11,2026-03-21..2026-08-06,baccarat_bet02_101_all_pairs_incl_sentinel,round_win = game_pnl > 0 (decisive only),COMPATIBILITY_ONLY_NOT_PRODUCTION,2500103.8841,2280641.3266,9883.8276,11764,10369,-0.00395337,-0.05088190,-0.00239824,-0.00395337,-9883.8276,2500103.8841,OK,0.0000,395.3531,4.0000,96.0000,AG03-UNRESOLVED,ALL5_LEVELS_bet23_to_bet27,395.3531,395.3531,395.3531,395.3531,395.3531,4.000000,4.000000,4.000000,4.000000,4.000000,96.000000,96.000000,96.000000,96.000000,96.000000,5.0,1976.7655,1824.8244,7907.0621,8059.0032,PENDING_AG03,FALSE,NOT_FOR_ENFORCEMENT,9488.4745,2189415.6736,9883.8276,9488.4745,395.3531,0.00395337,0.00379523,395.3531,9488.4745,0.00379523,395.3531,395.3531,395.3531,395.3531,395.3531,9488.4745,0.00379523,1976.7655,1824.8244,7907.0621,8059.0032,0.00316269,0.00322347,0.00015813,212.5216,219.9480,0.9532,119.0823,2.3972,30121.7335,124.9277,49.0469,238.9093,36.5364,75.9244,374.9013,749.8027,789.266,1183.8989,75.8035,-1.1839,10.395423,15.593133,2.799122,29,215,300,5,0.03207536,0.00395337,0.05088190,0E-8,0.000000,0.912219,0.000000,-0.04848366,2026-03-31,2026-08-01,83,4123,1621,124,0.669355,0.205295,0.230786,0.106918,,,,,,,,GLOBAL_BASELINE_NO_ENTITY_RANKING,,,NOT_APPLICABLE_GLOBAL_BASELINE,HF9g-P5,,,,X 全窗基线 · 不参与实体赏罚,15056295,1506,A168_HF9F_20260827_0900,2026-08-27 09:00:00
2026-07-07,92755421,529,0,303.2140691328,-303.2140691328,-303.2140691328,0E-7,2,2,0.49994810000000000,0.499948100000,-1.4140667746232096,-1.4140667746232096,-1.4140667746232096,0E-17,ELIGIBLE,R03b_20260811_FULL_v1,L1_ELIGIBILITY,v2026-08-11,2026-03-21..2026-08-06,baccarat_bet02_101_all_pairs_incl_sentinel,round_win = game_pnl > 0 (decisive only),COMPATIBILITY_ONLY_NOT_PRODUCTION,2500103.8841,2280641.3266,9883.8276,11764,10369,-0.00395337,-0.05088190,-0.00239824,-0.00395337,-9883.8276,2500103.8841,OK,0.0000,395.3531,4.0000,96.0000,AG03-UNRESOLVED,ALL5_LEVELS_bet23_to_bet27,395.3531,395.3531,395.3531,395.3531,395.3531,4.000000,4.000000,4.000000,4.000000,4.000000,96.000000,96.000000,96.000000,96.000000,96.000000,5.0,1976.7655,1824.8244,7907.0621,8059.0032,PENDING_AG03,FALSE,NOT_FOR_ENFORCEMENT,9488.4745,2189415.6736,9883.8276,9488.4745,395.3531,0.00395337,0.00379523,395.3531,9488.4745,0.00379523,395.3531,395.3531,395.3531,395.3531,395.3531,9488.4745,0.00379523,1976.7655,1824.8244,7907.0621,8059.0032,0.00316269,0.00322347,0.00015813,212.5216,219.9480,0.9532,119.0823,2.3972,30121.7335,124.9277,49.0469,238.9093,36.5364,75.9244,374.9013,749.8027,789.266,1183.8989,75.8035,-1.1839,10.395423,15.593133,2.799122,29,215,300,5,0.03207536,0.00395337,0.05088190,0E-8,0.000000,0.912219,0.000000,-0.04848366,2026-03-31,2026-08-01,83,4123,1621,124,0.669355,0.205295,0.230786,0.106918,,,,,,,,GLOBAL_BASELINE_NO_ENTITY_RANKING,,,NOT_APPLICABLE_GLOBAL_BASELINE,HF9g-P5,,,,X 全窗基线 · 不参与实体赏罚,15056296,1506,A168_HF9F_20260827_0900,2026-08-27 09:00:00
2026-07-07,92755421,948,0,189.5087932080,-189.5087932080,-189.5087932080,0E-7,1,1,0.50665070000000000,0.506650700000,-1.013391052207602,-1.013391052207602,-1.013391052207602,0E-17,ELIGIBLE,R03b_20260811_FULL_v1,L1_ELIGIBILITY,v2026-08-11,2026-03-21..2026-08-06,baccarat_bet02_101_all_pairs_incl_sentinel,round_win = game_pnl > 0 (decisive only),COMPATIBILITY_ONLY_NOT_PRODUCTION,2500103.8841,2280641.3266,9883.8276,11764,10369,-0.00395337,-0.05088190,-0.00239824,-0.00395337,-9883.8276,2500103.8841,OK,0.0000,395.3531,4.0000,96.0000,AG03-UNRESOLVED,ALL5_LEVELS_bet23_to_bet27,395.3531,395.3531,395.3531,395.3531,395.3531,4.000000,4.000000,4.000000,4.000000,4.000000,96.000000,96.000000,96.000000,96.000000,96.000000,5.0,1976.7655,1824.8244,7907.0621,8059.0032,PENDING_AG03,FALSE,NOT_FOR_ENFORCEMENT,9488.4745,2189415.6736,9883.8276,9488.4745,395.3531,0.00395337,0.00379523,395.3531,9488.4745,0.00379523,395.3531,395.3531,395.3531,395.3531,395.3531,9488.4745,0.00379523,1976.7655,1824.8244,7907.0621,8059.0032,0.00316269,0.00322347,0.00015813,212.5216,219.9480,0.9532,119.0823,2.3972,30121.7335,124.9277,49.0469,238.9093,36.5364,75.9244,374.9013,749.8027,789.266,1183.8989,75.8035,-1.1839,10.395423,15.593133,2.799122,29,215,300,5,0.03207536,0.00395337,0.05088190,0E-8,0.000000,0.912219,0.000000,-0.04848366,2026-03-31,2026-08-01,83,4123,1621,124,0.669355,0.205295,0.230786,0.106918,,,,,,,,GLOBAL_BASELINE_NO_ENTITY_RANKING,,,NOT_APPLICABLE_GLOBAL_BASELINE,HF9g-P5,,,,X 全窗基线 · 不参与实体赏罚,15056297,1506,A168_HF9F_20260827_0900,2026-08-27 09:00:00
2026-07-07,92755421,986,0,189.5087932080,-189.5087932080,-189.5087932080,0E-7,1,1,0.50665070000000000,0.506650700000,-1.013391052207602,-1.013391052207602,-1.013391052207602,0E-17,ELIGIBLE,R03b_20260811_FULL_v1,L1_ELIGIBILITY,v2026-08-11,2026-03-21..2026-08-06,baccarat_bet02_101_all_pairs_incl_sentinel,round_win = game_pnl > 0 (decisive only),COMPATIBILITY_ONLY_NOT_PRODUCTION,2500103.8841,2280641.3266,9883.8276,11764,10369,-0.00395337,-0.05088190,-0.00239824,-0.00395337,-9883.8276,2500103.8841,OK,0.0000,395.3531,4.0000,96.0000,AG03-UNRESOLVED,ALL5_LEVELS_bet23_to_bet27,395.3531,395.3531,395.3531,395.3531,395.3531,4.000000,4.000000,4.000000,4.000000,4.000000,96.000000,96.000000,96.000000,96.000000,96.000000,5.0,1976.7655,1824.8244,7907.0621,8059.0032,PENDING_AG03,FALSE,NOT_FOR_ENFORCEMENT,9488.4745,2189415.6736,9883.8276,9488.4745,395.3531,0.00395337,0.00379523,395.3531,9488.4745,0.00379523,395.3531,395.3531,395.3531,395.3531,395.3531,9488.4745,0.00379523,1976.7655,1824.8244,7907.0621,8059.0032,0.00316269,0.00322347,0.00015813,212.5216,219.9480,0.9532,119.0823,2.3972,30121.7335,124.9277,49.0469,238.9093,36.5364,75.9244,374.9013,749.8027,789.266,1183.8989,75.8035,-1.1839,10.395423,15.593133,2.799122,29,215,300,5,0.03207536,0.00395337,0.05088190,0E-8,0.000000,0.912219,0.000000,-0.04848366,2026-03-31,2026-08-01,83,4123,1621,124,0.669355,0.205295,0.230786,0.106918,,,,,,,,GLOBAL_BASELINE_NO_ENTITY_RANKING,,,NOT_APPLICABLE_GLOBAL_BASELINE,HF9g-P5,,,,X 全窗基线 · 不参与实体赏罚,15056298,1506,A168_HF9F_20260827_0900,2026-08-27 09:00:00
2026-07-08,92755421,-1,1,25.0151607035,-25.0151607035,-25.0151607035,0E-7,1,1,0.49324550000000000,0.493245500000,-0.9865810262130424,-0.9865810262130424,-0.9865810262130424,0E-17,SENTINEL_DEALER,R03b_20260811_FULL_v1,L1_ELIGIBILITY,v2026-08-11,2026-03-21..2026-08-06,baccarat_bet02_101_all_pairs_incl_sentinel,round_win = game_pnl > 0 (decisive only),COMPATIBILITY_ONLY_NOT_PRODUCTION,2500103.8841,2280641.3266,9883.8276,11764,10369,-0.00395337,-0.05088190,-0.00239824,-0.00395337,-9883.8276,2500103.8841,OK,0.0000,395.3531,4.0000,96.0000,AG03-UNRESOLVED,ALL5_LEVELS_bet23_to_bet27,395.3531,395.3531,395.3531,395.3531,395.3531,4.000000,4.000000,4.000000,4.000000,4.000000,96.000000,96.000000,96.000000,96.000000,96.000000,5.0,1976.7655,1824.8244,7907.0621,8059.0032,PENDING_AG03,FALSE,NOT_FOR_ENFORCEMENT,9488.4745,2189415.6736,9883.8276,9488.4745,395.3531,0.00395337,0.00379523,395.3531,9488.4745,0.00379523,395.3531,395.3531,395.3531,395.3531,395.3531,9488.4745,0.00379523,1976.7655,1824.8244,7907.0621,8059.0032,0.00316269,0.00322347,0.00015813,212.5216,219.9480,0.9532,119.0823,2.3972,30121.7335,124.9277,49.0469,238.9093,36.5364,75.9244,374.9013,749.8027,789.266,1183.8989,75.8035,-1.1839,10.395423,15.593133,2.799122,29,215,300,5,0.03207536,0.00395337,0.05088190,0E-8,0.000000,0.912219,0.000000,-0.04848366,2026-03-31,2026-08-01,83,4123,1621,124,0.669355,0.205295,0.230786,0.106918,,,,,,,,GLOBAL_BASELINE_NO_ENTITY_RANKING,,,NOT_APPLICABLE_GLOBAL_BASELINE,HF9g-P5,,,,X 全窗基线 · 不参与实体赏罚,15056299,1506,A168_HF9F_20260827_0900,2026-08-27 09:00:00
2026-07-08,92755421,2209,0,12.8865979381,12.2422680412,12.2422680412,1.0000000,1,1,0.50665070000000000,0.506650700000,0.9867858985152569,0.9867858985152569,0.9867858985152569,0E-17,ELIGIBLE,R03b_20260811_FULL_v1,L1_ELIGIBILITY,v2026-08-11,2026-03-21..2026-08-06,baccarat_bet02_101_all_pairs_incl_sentinel,round_win = game_pnl > 0 (decisive only),COMPATIBILITY_ONLY_NOT_PRODUCTION,2500103.8841,2280641.3266,9883.8276,11764,10369,-0.00395337,-0.05088190,-0.00239824,-0.00395337,-9883.8276,2500103.8841,OK,0.0000,395.3531,4.0000,96.0000,AG03-UNRESOLVED,ALL5_LEVELS_bet23_to_bet27,395.3531,395.3531,395.3531,395.3531,395.3531,4.000000,4.000000,4.000000,4.000000,4.000000,96.000000,96.000000,96.000000,96.000000,96.000000,5.0,1976.7655,1824.8244,7907.0621,8059.0032,PENDING_AG03,FALSE,NOT_FOR_ENFORCEMENT,9488.4745,2189415.6736,9883.8276,9488.4745,395.3531,0.00395337,0.00379523,395.3531,9488.4745,0.00379523,395.3531,395.3531,395.3531,395.3531,395.3531,9488.4745,0.00379523,1976.7655,1824.8244,7907.0621,8059.0032,0.00316269,0.00322347,0.00015813,212.5216,219.9480,0.9532,119.0823,2.3972,30121.7335,124.9277,49.0469,238.9093,36.5364,75.9244,374.9013,749.8027,789.266,1183.8989,75.8035,-1.1839,10.395423,15.593133,2.799122,29,215,300,5,0.03207536,0.00395337,0.05088190,0E-8,0.000000,0.912219,0.000000,-0.04848366,2026-03-31,2026-08-01,83,4123,1621,124,0.669355,0.205295,0.230786,0.106918,,,,,,,,GLOBAL_BASELINE_NO_ENTITY_RANKING,,,NOT_APPLICABLE_GLOBAL_BASELINE,HF9g-P5,,,,X 全窗基线 · 不参与实体赏罚,15056300,1506,A168_HF9F_20260827_0900,2026-08-27 09:00:00
2026-07-11,92755421,-1,1,796.6949666464,11.9390539720,11.9390539720,0.5000000,12,11,0.50250740789212838,0.480821290909,-0.015858439332676888,0.1213861366857701,-0.015858439332676888,0.02168611698312838,SENTINEL_DEALER,R03b_20260811_FULL_v1,L1_ELIGIBILITY,v2026-08-11,2026-03-21..2026-08-06,baccarat_bet02_101_all_pairs_incl_sentinel,round_win = game_pnl > 0 (decisive only),COMPATIBILITY_ONLY_NOT_PRODUCTION,2500103.8841,2280641.3266,9883.8276,11764,10369,-0.00395337,-0.05088190,-0.00239824,-0.00395337,-9883.8276,2500103.8841,OK,0.0000,395.3531,4.0000,96.0000,AG03-UNRESOLVED,ALL5_LEVELS_bet23_to_bet27,395.3531,395.3531,395.3531,395.3531,395.3531,4.000000,4.000000,4.000000,4.000000,4.000000,96.000000,96.000000,96.000000,96.000000,96.000000,5.0,1976.7655,1824.8244,7907.0621,8059.0032,PENDING_AG03,FALSE,NOT_FOR_ENFORCEMENT,9488.4745,2189415.6736,9883.8276,9488.4745,395.3531,0.00395337,0.00379523,395.3531,9488.4745,0.00379523,395.3531,395.3531,395.3531,395.3531,395.3531,9488.4745,0.00379523,1976.7655,1824.8244,7907.0621,8059.0032,0.00316269,0.00322347,0.00015813,212.5216,219.9480,0.9532,119.0823,2.3972,30121.7335,124.9277,49.0469,238.9093,36.5364,75.9244,374.9013,749.8027,789.266,1183.8989,75.8035,-1.1839,10.395423,15.593133,2.799122,29,215,300,5,0.03207536,0.00395337,0.05088190,0E-8,0.000000,0.912219,0.000000,-0.04848366,2026-03-31,2026-08-01,83,4123,1621,124,0.669355,0.205295,0.230786,0.106918,,,,,,,,GLOBAL_BASELINE_NO_ENTITY_RANKING,,,NOT_APPLICABLE_GLOBAL_BASELINE,HF9g-P5,,,,X 全窗基线 · 不参与实体赏罚,15056301,1506,A168_HF9F_20260827_0900,2026-08-27 09:00:00
2026-07-11,92755421,1109,0,76.1825348696,-76.1825348696,-76.1825348696,0E-7,1,1,0.49324550000000000,0.493245500000,-0.9865810262130424,-0.9865810262130424,-0.9865810262130424,0E-17,ELIGIBLE,R03b_20260811_FULL_v1,L1_ELIGIBILITY,v2026-08-11,2026-03-21..2026-08-06,baccarat_bet02_101_all_pairs_incl_sentinel,round_win = game_pnl > 0 (decisive only),COMPATIBILITY_ONLY_NOT_PRODUCTION,2500103.8841,2280641.3266,9883.8276,11764,10369,-0.00395337,-0.05088190,-0.00239824,-0.00395337,-9883.8276,2500103.8841,OK,0.0000,395.3531,4.0000,96.0000,AG03-UNRESOLVED,ALL5_LEVELS_bet23_to_bet27,395.3531,395.3531,395.3531,395.3531,395.3531,4.000000,4.000000,4.000000,4.000000,4.000000,96.000000,96.000000,96.000000,96.000000,96.000000,5.0,1976.7655,1824.8244,7907.0621,8059.0032,PENDING_AG03,FALSE,NOT_FOR_ENFORCEMENT,9488.4745,2189415.6736,9883.8276,9488.4745,395.3531,0.00395337,0.00379523,395.3531,9488.4745,0.00379523,395.3531,395.3531,395.3531,395.3531,395.3531,9488.4745,0.00379523,1976.7655,1824.8244,7907.0621,8059.0032,0.00316269,0.00322347,0.00015813,212.5216,219.9480,0.9532,119.0823,2.3972,30121.7335,124.9277,49.0469,238.9093,36.5364,75.9244,374.9013,749.8027,789.266,1183.8989,75.8035,-1.1839,10.395423,15.593133,2.799122,29,215,300,5,0.03207536,0.00395337,0.05088190,0E-8,0.000000,0.912219,0.000000,-0.04848366,2026-03-31,2026-08-01,83,4123,1621,124,0.669355,0.205295,0.230786,0.106918,,,,,,,,GLOBAL_BASELINE_NO_ENTITY_RANKING,,,NOT_APPLICABLE_GLOBAL_BASELINE,HF9g-P5,,,,X 全窗基线 · 不参与实体赏罚,15056302,1506,A168_HF9F_20260827_0900,2026-08-27 09:00:00
2026-07-11,92755421,1115,0,151.6070345664,-75.8035172832,-75.8035172832,0E-7,2,2,0.49994810000000000,0.499948100000,-0.9998962053866608,-0.9998962053866608,-0.9998962053866608,0E-17,ELIGIBLE,R03b_20260811_FULL_v1,L1_ELIGIBILITY,v2026-08-11,2026-03-21..2026-08-06,baccarat_bet02_101_all_pairs_incl_sentinel,round_win = game_pnl > 0 (decisive only),COMPATIBILITY_ONLY_NOT_PRODUCTION,2500103.8841,2280641.3266,9883.8276,11764,10369,-0.00395337,-0.05088190,-0.00239824,-0.00395337,-9883.8276,2500103.8841,OK,0.0000,395.3531,4.0000,96.0000,AG03-UNRESOLVED,ALL5_LEVELS_bet23_to_bet27,395.3531,395.3531,395.3531,395.3531,395.3531,4.000000,4.000000,4.000000,4.000000,4.000000,96.000000,96.000000,96.000000,96.000000,96.000000,5.0,1976.7655,1824.8244,7907.0621,8059.0032,PENDING_AG03,FALSE,NOT_FOR_ENFORCEMENT,9488.4745,2189415.6736,9883.8276,9488.4745,395.3531,0.00395337,0.00379523,395.3531,9488.4745,0.00379523,395.3531,395.3531,395.3531,395.3531,395.3531,9488.4745,0.00379523,1976.7655,1824.8244,7907.0621,8059.0032,0.00316269,0.00322347,0.00015813,212.5216,219.9480,0.9532,119.0823,2.3972,30121.7335,124.9277,49.0469,238.9093,36.5364,75.9244,374.9013,749.8027,789.266,1183.8989,75.8035,-1.1839,10.395423,15.593133,2.799122,29,215,300,5,0.03207536,0.00395337,0.05088190,0E-8,0.000000,0.912219,0.000000,-0.04848366,2026-03-31,2026-08-01,83,4123,1621,124,0.669355,0.205295,0.230786,0.106918,,,,,,,,GLOBAL_BASELINE_NO_ENTITY_RANKING,,,NOT_APPLICABLE_GLOBAL_BASELINE,HF9g-P5,,,,X 全窗基线 · 不参与实体赏罚,15056303,1506,A168_HF9F_20260827_0900,2026-08-27 09:00:00
2026-07-11,92755421,1331,0,56.8526379624,-56.8526379624,-56.8526379624,0E-7,1,1,0.49324550000000000,0.493245500000,-0.9865810262130424,-0.9865810262130424,-0.9865810262130424,0E-17,ELIGIBLE,R03b_20260811_FULL_v1,L1_ELIGIBILITY,v2026-08-11,2026-03-21..2026-08-06,baccarat_bet02_101_all_pairs_incl_sentinel,round_win = game_pnl > 0 (decisive only),COMPATIBILITY_ONLY_NOT_PRODUCTION,2500103.8841,2280641.3266,9883.8276,11764,10369,-0.00395337,-0.05088190,-0.00239824,-0.00395337,-9883.8276,2500103.8841,OK,0.0000,395.3531,4.0000,96.0000,AG03-UNRESOLVED,ALL5_LEVELS_bet23_to_bet27,395.3531,395.3531,395.3531,395.3531,395.3531,4.000000,4.000000,4.000000,4.000000,4.000000,96.000000,96.000000,96.000000,96.000000,96.000000,5.0,1976.7655,1824.8244,7907.0621,8059.0032,PENDING_AG03,FALSE,NOT_FOR_ENFORCEMENT,9488.4745,2189415.6736,9883.8276,9488.4745,395.3531,0.00395337,0.00379523,395.3531,9488.4745,0.00379523,395.3531,395.3531,395.3531,395.3531,395.3531,9488.4745,0.00379523,1976.7655,1824.8244,7907.0621,8059.0032,0.00316269,0.00322347,0.00015813,212.5216,219.9480,0.9532,119.0823,2.3972,30121.7335,124.9277,49.0469,238.9093,36.5364,75.9244,374.9013,749.8027,789.266,1183.8989,75.8035,-1.1839,10.395423,15.593133,2.799122,29,215,300,5,0.03207536,0.00395337,0.05088190,0E-8,0.000000,0.912219,0.000000,-0.04848366,2026-03-31,2026-08-01,83,4123,1621,124,0.669355,0.205295,0.230786,0.106918,,,,,,,,GLOBAL_BASELINE_NO_ENTITY_RANKING,,,NOT_APPLICABLE_GLOBAL_BASELINE,HF9g-P5,,,,X 全窗基线 · 不参与实体赏罚,15056304,1506,A168_HF9F_20260827_0900,2026-08-27 09:00:00
2026-07-11,92755421,1396,0,72.0133414190,68.4126743481,68.4126743481,1.0000000,1,1,0.50665070000000000,0.506650700000,0.9867858985152569,0.9867858985152569,0.9867858985152569,0E-17,ELIGIBLE,R03b_20260811_FULL_v1,L1_ELIGIBILITY,v2026-08-11,2026-03-21..2026-08-06,baccarat_bet02_101_all_pairs_incl_sentinel,round_win = game_pnl > 0 (decisive only),COMPATIBILITY_ONLY_NOT_PRODUCTION,2500103.8841,2280641.3266,9883.8276,11764,10369,-0.00395337,-0.05088190,-0.00239824,-0.00395337,-9883.8276,2500103.8841,OK,0.0000,395.3531,4.0000,96.0000,AG03-UNRESOLVED,ALL5_LEVELS_bet23_to_bet27,395.3531,395.3531,395.3531,395.3531,395.3531,4.000000,4.000000,4.000000,4.000000,4.000000,96.000000,96.000000,96.000000,96.000000,96.000000,5.0,1976.7655,1824.8244,7907.0621,8059.0032,PENDING_AG03,FALSE,NOT_FOR_ENFORCEMENT,9488.4745,2189415.6736,9883.8276,9488.4745,395.3531,0.00395337,0.00379523,395.3531,9488.4745,0.00379523,395.3531,395.3531,395.3531,395.3531,395.3531,9488.4745,0.00379523,1976.7655,1824.8244,7907.0621,8059.0032,0.00316269,0.00322347,0.00015813,212.5216,219.9480,0.9532,119.0823,2.3972,30121.7335,124.9277,49.0469,238.9093,36.5364,75.9244,374.9013,749.8027,789.266,1183.8989,75.8035,-1.1839,10.395423,15.593133,2.799122,29,215,300,5,0.03207536,0.00395337,0.05088190,0E-8,0.000000,0.912219,0.000000,-0.04848366,2026-03-31,2026-08-01,83,4123,1621,124,0.669355,0.205295,0.230786,0.106918,,,,,,,,GLOBAL_BASELINE_NO_ENTITY_RANKING,,,NOT_APPLICABLE_GLOBAL_BASELINE,HF9g-P5,,,,X 全窗基线 · 不参与实体赏罚,15056305,1506,A168_HF9F_20260827_0900,2026-08-27 09:00:00
2026-07-11,92755421,1505,0,259.6270466950,-37.9017586416,-37.9017586416,0.3333333,3,3,0.49771390000000000,0.497713900000,-0.5694369385616226,-0.5694369385616226,-0.5694369385616226,0E-17,ELIGIBLE,R03b_20260811_FULL_v1,L1_ELIGIBILITY,v2026-08-11,2026-03-21..2026-08-06,baccarat_bet02_101_all_pairs_incl_sentinel,round_win = game_pnl > 0 (decisive only),COMPATIBILITY_ONLY_NOT_PRODUCTION,2500103.8841,2280641.3266,9883.8276,11764,10369,-0.00395337,-0.05088190,-0.00239824,-0.00395337,-9883.8276,2500103.8841,OK,0.0000,395.3531,4.0000,96.0000,AG03-UNRESOLVED,ALL5_LEVELS_bet23_to_bet27,395.3531,395.3531,395.3531,395.3531,395.3531,4.000000,4.000000,4.000000,4.000000,4.000000,96.000000,96.000000,96.000000,96.000000,96.000000,5.0,1976.7655,1824.8244,7907.0621,8059.0032,PENDING_AG03,FALSE,NOT_FOR_ENFORCEMENT,9488.4745,2189415.6736,9883.8276,9488.4745,395.3531,0.00395337,0.00379523,395.3531,9488.4745,0.00379523,395.3531,395.3531,395.3531,395.3531,395.3531,9488.4745,0.00379523,1976.7655,1824.8244,7907.0621,8059.0032,0.00316269,0.00322347,0.00015813,212.5216,219.9480,0.9532,119.0823,2.3972,30121.7335,124.9277,49.0469,238.9093,36.5364,75.9244,374.9013,749.8027,789.266,1183.8989,75.8035,-1.1839,10.395423,15.593133,2.799122,29,215,300,5,0.03207536,0.00395337,0.05088190,0E-8,0.000000,0.912219,0.000000,-0.04848366,2026-03-31,2026-08-01,83,4123,1621,124,0.669355,0.205295,0.230786,0.106918,,,,,,,,GLOBAL_BASELINE_NO_ENTITY_RANKING,,,NOT_APPLICABLE_GLOBAL_BASELINE,HF9g-P5,,,,X 全窗基线 · 不参与实体赏罚,15056306,1506,A168_HF9F_20260827_0900,2026-08-27 09:00:00
2026-07-11,92755421,1941,0,228.1685870224,-0.7580351728,-0.7580351728,0.5000000,4,3,0.49614818844891033,0.418645466667,0.010894891558385442,0.23321314622742723,0.010894891558385442,0.07750272178191033,ELIGIBLE,R03b_20260811_FULL_v1,L1_ELIGIBILITY,v2026-08-11,2026-03-21..2026-08-06,baccarat_bet02_101_all_pairs_incl_sentinel,round_win = game_pnl > 0 (decisive only),COMPATIBILITY_ONLY_NOT_PRODUCTION,2500103.8841,2280641.3266,9883.8276,11764,10369,-0.00395337,-0.05088190,-0.00239824,-0.00395337,-9883.8276,2500103.8841,OK,0.0000,395.3531,4.0000,96.0000,AG03-UNRESOLVED,ALL5_LEVELS_bet23_to_bet27,395.3531,395.3531,395.3531,395.3531,395.3531,4.000000,4.000000,4.000000,4.000000,4.000000,96.000000,96.000000,96.000000,96.000000,96.000000,5.0,1976.7655,1824.8244,7907.0621,8059.0032,PENDING_AG03,FALSE,NOT_FOR_ENFORCEMENT,9488.4745,2189415.6736,9883.8276,9488.4745,395.3531,0.00395337,0.00379523,395.3531,9488.4745,0.00379523,395.3531,395.3531,395.3531,395.3531,395.3531,9488.4745,0.00379523,1976.7655,1824.8244,7907.0621,8059.0032,0.00316269,0.00322347,0.00015813,212.5216,219.9480,0.9532,119.0823,2.3972,30121.7335,124.9277,49.0469,238.9093,36.5364,75.9244,374.9013,749.8027,789.266,1183.8989,75.8035,-1.1839,10.395423,15.593133,2.799122,29,215,300,5,0.03207536,0.00395337,0.05088190,0E-8,0.000000,0.912219,0.000000,-0.04848366,2026-03-31,2026-08-01,83,4123,1621,124,0.669355,0.205295,0.230786,0.106918,,,,,,,,GLOBAL_BASELINE_NO_ENTITY_RANKING,,,NOT_APPLICABLE_GLOBAL_BASELINE,HF9g-P5,,,,X 全窗基线 · 不参与实体赏罚,15056307,1506,A168_HF9F_20260827_0900,2026-08-27 09:00:00
2026-07-11,92755421,2108,0,75.8035172832,-75.8035172832,-75.8035172832,0E-7,1,1,0.50665070000000000,0.506650700000,-1.013391052207602,-1.013391052207602,-1.013391052207602,0E-17,ELIGIBLE,R03b_20260811_FULL_v1,L1_ELIGIBILITY,v2026-08-11,2026-03-21..2026-08-06,baccarat_bet02_101_all_pairs_incl_sentinel,round_win = game_pnl > 0 (decisive only),COMPATIBILITY_ONLY_NOT_PRODUCTION,2500103.8841,2280641.3266,9883.8276,11764,10369,-0.00395337,-0.05088190,-0.00239824,-0.00395337,-9883.8276,2500103.8841,OK,0.0000,395.3531,4.0000,96.0000,AG03-UNRESOLVED,ALL5_LEVELS_bet23_to_bet27,395.3531,395.3531,395.3531,395.3531,395.3531,4.000000,4.000000,4.000000,4.000000,4.000000,96.000000,96.000000,96.000000,96.000000,96.000000,5.0,1976.7655,1824.8244,7907.0621,8059.0032,PENDING_AG03,FALSE,NOT_FOR_ENFORCEMENT,9488.4745,2189415.6736,9883.8276,9488.4745,395.3531,0.00395337,0.00379523,395.3531,9488.4745,0.00379523,395.3531,395.3531,395.3531,395.3531,395.3531,9488.4745,0.00379523,1976.7655,1824.8244,7907.0621,8059.0032,0.00316269,0.00322347,0.00015813,212.5216,219.9480,0.9532,119.0823,2.3972,30121.7335,124.9277,49.0469,238.9093,36.5364,75.9244,374.9013,749.8027,789.266,1183.8989,75.8035,-1.1839,10.395423,15.593133,2.799122,29,215,300,5,0.03207536,0.00395337,0.05088190,0E-8,0.000000,0.912219,0.000000,-0.04848366,2026-03-31,2026-08-01,83,4123,1621,124,0.669355,0.205295,0.230786,0.106918,,,,,,,,GLOBAL_BASELINE_NO_ENTITY_RANKING,,,NOT_APPLICABLE_GLOBAL_BASELINE,HF9g-P5,,,,X 全窗基线 · 不参与实体赏罚,15056308,1506,A168_HF9F_20260827_0900,2026-08-27 09:00:00
2026-07-11,92755421,2152,0,337.3256519102,178.3277744087,178.3277744087,0.8000000,5,5,0.50128862000000000,0.501288620000,1.335882339249048,1.335882339249048,1.335882339249048,0E-17,ELIGIBLE,R03b_20260811_FULL_v1,L1_ELIGIBILITY,v2026-08-11,2026-03-21..2026-08-06,baccarat_bet02_101_all_pairs_incl_sentinel,round_win = game_pnl > 0 (decisive only),COMPATIBILITY_ONLY_NOT_PRODUCTION,2500103.8841,2280641.3266,9883.8276,11764,10369,-0.00395337,-0.05088190,-0.00239824,-0.00395337,-9883.8276,2500103.8841,OK,0.0000,395.3531,4.0000,96.0000,AG03-UNRESOLVED,ALL5_LEVELS_bet23_to_bet27,395.3531,395.3531,395.3531,395.3531,395.3531,4.000000,4.000000,4.000000,4.000000,4.000000,96.000000,96.000000,96.000000,96.000000,96.000000,5.0,1976.7655,1824.8244,7907.0621,8059.0032,PENDING_AG03,FALSE,NOT_FOR_ENFORCEMENT,9488.4745,2189415.6736,9883.8276,9488.4745,395.3531,0.00395337,0.00379523,395.3531,9488.4745,0.00379523,395.3531,395.3531,395.3531,395.3531,395.3531,9488.4745,0.00379523,1976.7655,1824.8244,7907.0621,8059.0032,0.00316269,0.00322347,0.00015813,212.5216,219.9480,0.9532,119.0823,2.3972,30121.7335,124.9277,49.0469,238.9093,36.5364,75.9244,374.9013,749.8027,789.266,1183.8989,75.8035,-1.1839,10.395423,15.593133,2.799122,29,215,300,5,0.03207536,0.00395337,0.05088190,0E-8,0.000000,0.912219,0.000000,-0.04848366,2026-03-31,2026-08-01,83,4123,1621,124,0.669355,0.205295,0.230786,0.106918,,,,,,,,GLOBAL_BASELINE_NO_ENTITY_RANKING,,,NOT_APPLICABLE_GLOBAL_BASELINE,HF9g-P5,,,,X 全窗基线 · 不参与实体赏罚,15056309,1506,A168_HF9F_20260827_0900,2026-08-27 09:00:00
2026-07-11,92755421,2205,0,64.4329896907,-64.4329896907,-64.4329896907,0E-7,1,1,0.50665070000000000,0.506650700000,-1.013391052207602,-1.013391052207602,-1.013391052207602,0E-17,ELIGIBLE,R03b_20260811_FULL_v1,L1_ELIGIBILITY,v2026-08-11,2026-03-21..2026-08-06,baccarat_bet02_101_all_pairs_incl_sentinel,round_win = game_pnl > 0 (decisive only),COMPATIBILITY_ONLY_NOT_PRODUCTION,2500103.8841,2280641.3266,9883.8276,11764,10369,-0.00395337,-0.05088190,-0.00239824,-0.00395337,-9883.8276,2500103.8841,OK,0.0000,395.3531,4.0000,96.0000,AG03-UNRESOLVED,ALL5_LEVELS_bet23_to_bet27,395.3531,395.3531,395.3531,395.3531,395.3531,4.000000,4.000000,4.000000,4.000000,4.000000,96.000000,96.000000,96.000000,96.000000,96.000000,5.0,1976.7655,1824.8244,7907.0621,8059.0032,PENDING_AG03,FALSE,NOT_FOR_ENFORCEMENT,9488.4745,2189415.6736,9883.8276,9488.4745,395.3531,0.00395337,0.00379523,395.3531,9488.4745,0.00379523,395.3531,395.3531,395.3531,395.3531,395.3531,9488.4745,0.00379523,1976.7655,1824.8244,7907.0621,8059.0032,0.00316269,0.00322347,0.00015813,212.5216,219.9480,0.9532,119.0823,2.3972,30121.7335,124.9277,49.0469,238.9093,36.5364,75.9244,374.9013,749.8027,789.266,1183.8989,75.8035,-1.1839,10.395423,15.593133,2.799122,29,215,300,5,0.03207536,0.00395337,0.05088190,0E-8,0.000000,0.912219,0.000000,-0.04848366,2026-03-31,2026-08-01,83,4123,1621,124,0.669355,0.205295,0.230786,0.106918,,,,,,,,GLOBAL_BASELINE_NO_ENTITY_RANKING,,,NOT_APPLICABLE_GLOBAL_BASELINE,HF9g-P5,,,,X 全窗基线 · 不参与实体赏罚,15056310,1506,A168_HF9F_20260827_0900,2026-08-27 09:00:00
2026-07-11,92755421,2251,0,151.6070345664,-56.8526379624,-56.8526379624,0E-7,2,2,0.49324550000000000,0.493245500000,-0.9865810262130424,-0.9865810262130424,-0.9865810262130424,0E-17,ELIGIBLE,R03b_20260811_FULL_v1,L1_ELIGIBILITY,v2026-08-11,2026-03-21..2026-08-06,baccarat_bet02_101_all_pairs_incl_sentinel,round_win = game_pnl > 0 (decisive only),COMPATIBILITY_ONLY_NOT_PRODUCTION,2500103.8841,2280641.3266,9883.8276,11764,10369,-0.00395337,-0.05088190,-0.00239824,-0.00395337,-9883.8276,2500103.8841,OK,0.0000,395.3531,4.0000,96.0000,AG03-UNRESOLVED,ALL5_LEVELS_bet23_to_bet27,395.3531,395.3531,395.3531,395.3531,395.3531,4.000000,4.000000,4.000000,4.000000,4.000000,96.000000,96.000000,96.000000,96.000000,96.000000,5.0,1976.7655,1824.8244,7907.0621,8059.0032,PENDING_AG03,FALSE,NOT_FOR_ENFORCEMENT,9488.4745,2189415.6736,9883.8276,9488.4745,395.3531,0.00395337,0.00379523,395.3531,9488.4745,0.00379523,395.3531,395.3531,395.3531,395.3531,395.3531,9488.4745,0.00379523,1976.7655,1824.8244,7907.0621,8059.0032,0.00316269,0.00322347,0.00015813,212.5216,219.9480,0.9532,119.0823,2.3972,30121.7335,124.9277,49.0469,238.9093,36.5364,75.9244,374.9013,749.8027,789.266,1183.8989,75.8035,-1.1839,10.395423,15.593133,2.799122,29,215,300,5,0.03207536,0.00395337,0.05088190,0E-8,0.000000,0.912219,0.000000,-0.04848366,2026-03-31,2026-08-01,83,4123,1621,124,0.669355,0.205295,0.230786,0.106918,,,,,,,,GLOBAL_BASELINE_NO_ENTITY_RANKING,,,NOT_APPLICABLE_GLOBAL_BASELINE,HF9g-P5,,,,X 全窗基线 · 不参与实体赏罚,15056311,1506,A168_HF9F_20260827_0900,2026-08-27 09:00:00
2026-07-11,92755421,2258,0,79.5936931474,-79.5936931474,-79.5936931474,0E-7,2,1,0.48342137619024271,0.262742800000,-0.9673746659561964,-0.5969746651759844,-0.9673746659561964,0.22067857619024271,ELIGIBLE,R03b_20260811_FULL_v1,L1_ELIGIBILITY,v2026-08-11,2026-03-21..2026-08-06,baccarat_bet02_101_all_pairs_incl_sentinel,round_win = game_pnl > 0 (decisive only),COMPATIBILITY_ONLY_NOT_PRODUCTION,2500103.8841,2280641.3266,9883.8276,11764,10369,-0.00395337,-0.05088190,-0.00239824,-0.00395337,-9883.8276,2500103.8841,OK,0.0000,395.3531,4.0000,96.0000,AG03-UNRESOLVED,ALL5_LEVELS_bet23_to_bet27,395.3531,395.3531,395.3531,395.3531,395.3531,4.000000,4.000000,4.000000,4.000000,4.000000,96.000000,96.000000,96.000000,96.000000,96.000000,5.0,1976.7655,1824.8244,7907.0621,8059.0032,PENDING_AG03,FALSE,NOT_FOR_ENFORCEMENT,9488.4745,2189415.6736,9883.8276,9488.4745,395.3531,0.00395337,0.00379523,395.3531,9488.4745,0.00379523,395.3531,395.3531,395.3531,395.3531,395.3531,9488.4745,0.00379523,1976.7655,1824.8244,7907.0621,8059.0032,0.00316269,0.00322347,0.00015813,212.5216,219.9480,0.9532,119.0823,2.3972,30121.7335,124.9277,49.0469,238.9093,36.5364,75.9244,374.9013,749.8027,789.266,1183.8989,75.8035,-1.1839,10.395423,15.593133,2.799122,29,215,300,5,0.03207536,0.00395337,0.05088190,0E-8,0.000000,0.912219,0.000000,-0.04848366,2026-03-31,2026-08-01,83,4123,1621,124,0.669355,0.205295,0.230786,0.106918,,,,,,,,GLOBAL_BASELINE_NO_ENTITY_RANKING,,,NOT_APPLICABLE_GLOBAL_BASELINE,HF9g-P5,,,,X 全窗基线 · 不参与实体赏罚,15056312,1506,A168_HF9F_20260827_0900,2026-08-27 09:00:00
2026-07-11,92755421,986,0,75.8035172832,-75.8035172832,-75.8035172832,0E-7,1,1,0.50665070000000000,0.506650700000,-1.013391052207602,-1.013391052207602,-1.013391052207602,0E-17,ELIGIBLE,R03b_20260811_FULL_v1,L1_ELIGIBILITY,v2026-08-11,2026-03-21..2026-08-06,baccarat_bet02_101_all_pairs_incl_sentinel,round_win = game_pnl > 0 (decisive only),COMPATIBILITY_ONLY_NOT_PRODUCTION,2500103.8841,2280641.3266,9883.8276,11764,10369,-0.00395337,-0.05088190,-0.00239824,-0.00395337,-9883.8276,2500103.8841,OK,0.0000,395.3531,4.0000,96.0000,AG03-UNRESOLVED,ALL5_LEVELS_bet23_to_bet27,395.3531,395.3531,395.3531,395.3531,395.3531,4.000000,4.000000,4.000000,4.000000,4.000000,96.000000,96.000000,96.000000,96.000000,96.000000,5.0,1976.7655,1824.8244,7907.0621,8059.0032,PENDING_AG03,FALSE,NOT_FOR_ENFORCEMENT,9488.4745,2189415.6736,9883.8276,9488.4745,395.3531,0.00395337,0.00379523,395.3531,9488.4745,0.00379523,395.3531,395.3531,395.3531,395.3531,395.3531,9488.4745,0.00379523,1976.7655,1824.8244,7907.0621,8059.0032,0.00316269,0.00322347,0.00015813,212.5216,219.9480,0.9532,119.0823,2.3972,30121.7335,124.9277,49.0469,238.9093,36.5364,75.9244,374.9013,749.8027,789.266,1183.8989,75.8035,-1.1839,10.395423,15.593133,2.799122,29,215,300,5,0.03207536,0.00395337,0.05088190,0E-8,0.000000,0.912219,0.000000,-0.04848366,2026-03-31,2026-08-01,83,4123,1621,124,0.669355,0.205295,0.230786,0.106918,,,,,,,,GLOBAL_BASELINE_NO_ENTITY_RANKING,,,NOT_APPLICABLE_GLOBAL_BASELINE,HF9g-P5,,,,X 全窗基线 · 不参与实体赏罚,15056313,1506,A168_HF9F_20260827_0900,2026-08-27 09:00:00
2026-07-12,92755421,-1,1,1585.8095815643,-390.0090964219,-390.0090964219,0.4210526,21,19,0.50170419028913220,0.477095731579,-0.7031080721490133,-0.4890858425098688,-0.7031080721490133,0.02460845871013220,SENTINEL_DEALER,R03b_20260811_FULL_v1,L1_ELIGIBILITY,v2026-08-11,2026-03-21..2026-08-06,baccarat_bet02_101_all_pairs_incl_sentinel,round_win = game_pnl > 0 (decisive only),COMPATIBILITY_ONLY_NOT_PRODUCTION,2500103.8841,2280641.3266,9883.8276,11764,10369,-0.00395337,-0.05088190,-0.00239824,-0.00395337,-9883.8276,2500103.8841,OK,0.0000,395.3531,4.0000,96.0000,AG03-UNRESOLVED,ALL5_LEVELS_bet23_to_bet27,395.3531,395.3531,395.3531,395.3531,395.3531,4.000000,4.000000,4.000000,4.000000,4.000000,96.000000,96.000000,96.000000,96.000000,96.000000,5.0,1976.7655,1824.8244,7907.0621,8059.0032,PENDING_AG03,FALSE,NOT_FOR_ENFORCEMENT,9488.4745,2189415.6736,9883.8276,9488.4745,395.3531,0.00395337,0.00379523,395.3531,9488.4745,0.00379523,395.3531,395.3531,395.3531,395.3531,395.3531,9488.4745,0.00379523,1976.7655,1824.8244,7907.0621,8059.0032,0.00316269,0.00322347,0.00015813,212.5216,219.9480,0.9532,119.0823,2.3972,30121.7335,124.9277,49.0469,238.9093,36.5364,75.9244,374.9013,749.8027,789.266,1183.8989,75.8035,-1.1839,10.395423,15.593133,2.799122,29,215,300,5,0.03207536,0.00395337,0.05088190,0E-8,0.000000,0.912219,0.000000,-0.04848366,2026-03-31,2026-08-01,83,4123,1621,124,0.669355,0.205295,0.230786,0.106918,,,,,,,,GLOBAL_BASELINE_NO_ENTITY_RANKING,,,NOT_APPLICABLE_GLOBAL_BASELINE,HF9g-P5,,,,X 全窗基线 · 不参与实体赏罚,15056314,1506,A168_HF9F_20260827_0900,2026-08-27 09:00:00
2026-07-12,92755421,1307,0,167.9047907822,-0.1895087931,-0.1895087931,0.5000000,4,3,0.49886474335677802,0.423113866667,0.0032109989599680452,0.2200844400096609,0.0032109989599680452,0.07575087668977802,ELIGIBLE,R03b_20260811_FULL_v1,L1_ELIGIBILITY,v2026-08-11,2026-03-21..2026-08-06,baccarat_bet02_101_all_pairs_incl_sentinel,round_win = game_pnl > 0 (decisive only),COMPATIBILITY_ONLY_NOT_PRODUCTION,2500103.8841,2280641.3266,9883.8276,11764,10369,-0.00395337,-0.05088190,-0.00239824,-0.00395337,-9883.8276,2500103.8841,OK,0.0000,395.3531,4.0000,96.0000,AG03-UNRESOLVED,ALL5_LEVELS_bet23_to_bet27,395.3531,395.3531,395.3531,395.3531,395.3531,4.000000,4.000000,4.000000,4.000000,4.000000,96.000000,96.000000,96.000000,96.000000,96.000000,5.0,1976.7655,1824.8244,7907.0621,8059.0032,PENDING_AG03,FALSE,NOT_FOR_ENFORCEMENT,9488.4745,2189415.6736,9883.8276,9488.4745,395.3531,0.00395337,0.00379523,395.3531,9488.4745,0.00379523,395.3531,395.3531,395.3531,395.3531,395.3531,9488.4745,0.00379523,1976.7655,1824.8244,7907.0621,8059.0032,0.00316269,0.00322347,0.00015813,212.5216,219.9480,0.9532,119.0823,2.3972,30121.7335,124.9277,49.0469,238.9093,36.5364,75.9244,374.9013,749.8027,789.266,1183.8989,75.8035,-1.1839,10.395423,15.593133,2.799122,29,215,300,5,0.03207536,0.00395337,0.05088190,0E-8,0.000000,0.912219,0.000000,-0.04848366,2026-03-31,2026-08-01,83,4123,1621,124,0.669355,0.205295,0.230786,0.106918,,,,,,,,GLOBAL_BASELINE_NO_ENTITY_RANKING,,,NOT_APPLICABLE_GLOBAL_BASELINE,HF9g-P5,,,,X 全窗基线 · 不参与实体赏罚,15056315,1506,A168_HF9F_20260827_0900,2026-08-27 09:00:00
2026-07-12,92755421,1331,0,151.6070345664,0E-10,0E-10,0.5000000,2,2,0.49994810000000000,0.499948100000,0.00014679536856514622,0.00014679536856514622,0.00014679536856514622,0E-17,ELIGIBLE,R03b_20260811_FULL_v1,L1_ELIGIBILITY,v2026-08-11,2026-03-21..2026-08-06,baccarat_bet02_101_all_pairs_incl_sentinel,round_win = game_pnl > 0 (decisive only),COMPATIBILITY_ONLY_NOT_PRODUCTION,2500103.8841,2280641.3266,9883.8276,11764,10369,-0.00395337,-0.05088190,-0.00239824,-0.00395337,-9883.8276,2500103.8841,OK,0.0000,395.3531,4.0000,96.0000,AG03-UNRESOLVED,ALL5_LEVELS_bet23_to_bet27,395.3531,395.3531,395.3531,395.3531,395.3531,4.000000,4.000000,4.000000,4.000000,4.000000,96.000000,96.000000,96.000000,96.000000,96.000000,5.0,1976.7655,1824.8244,7907.0621,8059.0032,PENDING_AG03,FALSE,NOT_FOR_ENFORCEMENT,9488.4745,2189415.6736,9883.8276,9488.4745,395.3531,0.00395337,0.00379523,395.3531,9488.4745,0.00379523,395.3531,395.3531,395.3531,395.3531,395.3531,9488.4745,0.00379523,1976.7655,1824.8244,7907.0621,8059.0032,0.00316269,0.00322347,0.00015813,212.5216,219.9480,0.9532,119.0823,2.3972,30121.7335,124.9277,49.0469,238.9093,36.5364,75.9244,374.9013,749.8027,789.266,1183.8989,75.8035,-1.1839,10.395423,15.593133,2.799122,29,215,300,5,0.03207536,0.00395337,0.05088190,0E-8,0.000000,0.912219,0.000000,-0.04848366,2026-03-31,2026-08-01,83,4123,1621,124,0.669355,0.205295,0.230786,0.106918,,,,,,,,GLOBAL_BASELINE_NO_ENTITY_RANKING,,,NOT_APPLICABLE_GLOBAL_BASELINE,HF9g-P5,,,,X 全窗基线 · 不参与实体赏罚,15056316,1506,A168_HF9F_20260827_0900,2026-08-27 09:00:00
2026-07-12,92755421,1396,0,151.6070345664,-151.6070345664,-151.6070345664,0E-7,1,1,0.50665070000000000,0.506650700000,-1.013391052207602,-1.013391052207602,-1.013391052207602,0E-17,ELIGIBLE,R03b_20260811_FULL_v1,L1_ELIGIBILITY,v2026-08-11,2026-03-21..2026-08-06,baccarat_bet02_101_all_pairs_incl_sentinel,round_win = game_pnl > 0 (decisive only),COMPATIBILITY_ONLY_NOT_PRODUCTION,2500103.8841,2280641.3266,9883.8276,11764,10369,-0.00395337,-0.05088190,-0.00239824,-0.00395337,-9883.8276,2500103.8841,OK,0.0000,395.3531,4.0000,96.0000,AG03-UNRESOLVED,ALL5_LEVELS_bet23_to_bet27,395.3531,395.3531,395.3531,395.3531,395.3531,4.000000,4.000000,4.000000,4.000000,4.000000,96.000000,96.000000,96.000000,96.000000,96.000000,5.0,1976.7655,1824.8244,7907.0621,8059.0032,PENDING_AG03,FALSE,NOT_FOR_ENFORCEMENT,9488.4745,2189415.6736,9883.8276,9488.4745,395.3531,0.00395337,0.00379523,395.3531,9488.4745,0.00379523,395.3531,395.3531,395.3531,395.3531,395.3531,9488.4745,0.00379523,1976.7655,1824.8244,7907.0621,8059.0032,0.00316269,0.00322347,0.00015813,212.5216,219.9480,0.9532,119.0823,2.3972,30121.7335,124.9277,49.0469,238.9093,36.5364,75.9244,374.9013,749.8027,789.266,1183.8989,75.8035,-1.1839,10.395423,15.593133,2.799122,29,215,300,5,0.03207536,0.00395337,0.05088190,0E-8,0.000000,0.912219,0.000000,-0.04848366,2026-03-31,2026-08-01,83,4123,1621,124,0.669355,0.205295,0.230786,0.106918,,,,,,,,GLOBAL_BASELINE_NO_ENTITY_RANKING,,,NOT_APPLICABLE_GLOBAL_BASELINE,HF9g-P5,,,,X 全窗基线 · 不参与实体赏罚,15056317,1506,A168_HF9F_20260827_0900,2026-08-27 09:00:00
2026-07-12,92755421,1505,0,227.4105518496,-227.4105518496,-227.4105518496,0E-7,2,2,0.49994810000000000,0.499948100000,-1.4140667746232096,-1.4140667746232096,-1.4140667746232096,0E-17,ELIGIBLE,R03b_20260811_FULL_v1,L1_ELIGIBILITY,v2026-08-11,2026-03-21..2026-08-06,baccarat_bet02_101_all_pairs_incl_sentinel,round_win = game_pnl > 0 (decisive only),COMPATIBILITY_ONLY_NOT_PRODUCTION,2500103.8841,2280641.3266,9883.8276,11764,10369,-0.00395337,-0.05088190,-0.00239824,-0.00395337,-9883.8276,2500103.8841,OK,0.0000,395.3531,4.0000,96.0000,AG03-UNRESOLVED,ALL5_LEVELS_bet23_to_bet27,395.3531,395.3531,395.3531,395.3531,395.3531,4.000000,4.000000,4.000000,4.000000,4.000000,96.000000,96.000000,96.000000,96.000000,96.000000,5.0,1976.7655,1824.8244,7907.0621,8059.0032,PENDING_AG03,FALSE,NOT_FOR_ENFORCEMENT,9488.4745,2189415.6736,9883.8276,9488.4745,395.3531,0.00395337,0.00379523,395.3531,9488.4745,0.00379523,395.3531,395.3531,395.3531,395.3531,395.3531,9488.4745,0.00379523,1976.7655,1824.8244,7907.0621,8059.0032,0.00316269,0.00322347,0.00015813,212.5216,219.9480,0.9532,119.0823,2.3972,30121.7335,124.9277,49.0469,238.9093,36.5364,75.9244,374.9013,749.8027,789.266,1183.8989,75.8035,-1.1839,10.395423,15.593133,2.799122,29,215,300,5,0.03207536,0.00395337,0.05088190,0E-8,0.000000,0.912219,0.000000,-0.04848366,2026-03-31,2026-08-01,83,4123,1621,124,0.669355,0.205295,0.230786,0.106918,,,,,,,,GLOBAL_BASELINE_NO_ENTITY_RANKING,,,NOT_APPLICABLE_GLOBAL_BASELINE,HF9g-P5,,,,X 全窗基线 · 不参与实体赏罚,15056318,1506,A168_HF9F_20260827_0900,2026-08-27 09:00:00
2026-07-12,92755421,1710,0,56.8526379624,-56.8526379624,-56.8526379624,0E-7,1,1,0.50665070000000000,0.506650700000,-1.013391052207602,-1.013391052207602,-1.013391052207602,0E-17,ELIGIBLE,R03b_20260811_FULL_v1,L1_ELIGIBILITY,v2026-08-11,2026-03-21..2026-08-06,baccarat_bet02_101_all_pairs_incl_sentinel,round_win = game_pnl > 0 (decisive only),COMPATIBILITY_ONLY_NOT_PRODUCTION,2500103.8841,2280641.3266,9883.8276,11764,10369,-0.00395337,-0.05088190,-0.00239824,-0.00395337,-9883.8276,2500103.8841,OK,0.0000,395.3531,4.0000,96.0000,AG03-UNRESOLVED,ALL5_LEVELS_bet23_to_bet27,395.3531,395.3531,395.3531,395.3531,395.3531,4.000000,4.000000,4.000000,4.000000,4.000000,96.000000,96.000000,96.000000,96.000000,96.000000,5.0,1976.7655,1824.8244,7907.0621,8059.0032,PENDING_AG03,FALSE,NOT_FOR_ENFORCEMENT,9488.4745,2189415.6736,9883.8276,9488.4745,395.3531,0.00395337,0.00379523,395.3531,9488.4745,0.00379523,395.3531,395.3531,395.3531,395.3531,395.3531,9488.4745,0.00379523,1976.7655,1824.8244,7907.0621,8059.0032,0.00316269,0.00322347,0.00015813,212.5216,219.9480,0.9532,119.0823,2.3972,30121.7335,124.9277,49.0469,238.9093,36.5364,75.9244,374.9013,749.8027,789.266,1183.8989,75.8035,-1.1839,10.395423,15.593133,2.799122,29,215,300,5,0.03207536,0.00395337,0.05088190,0E-8,0.000000,0.912219,0.000000,-0.04848366,2026-03-31,2026-08-01,83,4123,1621,124,0.669355,0.205295,0.230786,0.106918,,,,,,,,GLOBAL_BASELINE_NO_ENTITY_RANKING,,,NOT_APPLICABLE_GLOBAL_BASELINE,HF9g-P5,,,,X 全窗基线 · 不参与实体赏罚,15056319,1506,A168_HF9F_20260827_0900,2026-08-27 09:00:00
2026-07-12,92755421,2108,0,670.8611279563,133.0351728319,133.0351728319,0.6666667,7,7,0.50090561428571429,0.500905614286,0.8120613271247304,0.8120613271233317,0.8120613271247304,-2.8571E-13,ELIGIBLE,R03b_20260811_FULL_v1,L1_ELIGIBILITY,v2026-08-11,2026-03-21..2026-08-06,baccarat_bet02_101_all_pairs_incl_sentinel,round_win = game_pnl > 0 (decisive only),COMPATIBILITY_ONLY_NOT_PRODUCTION,2500103.8841,2280641.3266,9883.8276,11764,10369,-0.00395337,-0.05088190,-0.00239824,-0.00395337,-9883.8276,2500103.8841,OK,0.0000,395.3531,4.0000,96.0000,AG03-UNRESOLVED,ALL5_LEVELS_bet23_to_bet27,395.3531,395.3531,395.3531,395.3531,395.3531,4.000000,4.000000,4.000000,4.000000,4.000000,96.000000,96.000000,96.000000,96.000000,96.000000,5.0,1976.7655,1824.8244,7907.0621,8059.0032,PENDING_AG03,FALSE,NOT_FOR_ENFORCEMENT,9488.4745,2189415.6736,9883.8276,9488.4745,395.3531,0.00395337,0.00379523,395.3531,9488.4745,0.00379523,395.3531,395.3531,395.3531,395.3531,395.3531,9488.4745,0.00379523,1976.7655,1824.8244,7907.0621,8059.0032,0.00316269,0.00322347,0.00015813,212.5216,219.9480,0.9532,119.0823,2.3972,30121.7335,124.9277,49.0469,238.9093,36.5364,75.9244,374.9013,749.8027,789.266,1183.8989,75.8035,-1.1839,10.395423,15.593133,2.799122,29,215,300,5,0.03207536,0.00395337,0.05088190,0E-8,0.000000,0.912219,0.000000,-0.04848366,2026-03-31,2026-08-01,83,4123,1621,124,0.669355,0.205295,0.230786,0.106918,,,,,,,,GLOBAL_BASELINE_NO_ENTITY_RANKING,,,NOT_APPLICABLE_GLOBAL_BASELINE,HF9g-P5,,,,X 全窗基线 · 不参与实体赏罚,15056320,1506,A168_HF9F_20260827_0900,2026-08-27 09:00:00
2026-07-12,92755421,2141,0,486.2795633717,8.7174044875,8.7174044875,0.5000000,4,3,0.49414421903683241,0.418645466667,0.016563785701828107,0.23321314622742723,0.016563785701828107,0.07549875236983241,ELIGIBLE,R03b_20260811_FULL_v1,L1_ELIGIBILITY,v2026-08-11,2026-03-21..2026-08-06,baccarat_bet02_101_all_pairs_incl_sentinel,round_win = game_pnl > 0 (decisive only),COMPATIBILITY_ONLY_NOT_PRODUCTION,2500103.8841,2280641.3266,9883.8276,11764,10369,-0.00395337,-0.05088190,-0.00239824,-0.00395337,-9883.8276,2500103.8841,OK,0.0000,395.3531,4.0000,96.0000,AG03-UNRESOLVED,ALL5_LEVELS_bet23_to_bet27,395.3531,395.3531,395.3531,395.3531,395.3531,4.000000,4.000000,4.000000,4.000000,4.000000,96.000000,96.000000,96.000000,96.000000,96.000000,5.0,1976.7655,1824.8244,7907.0621,8059.0032,PENDING_AG03,FALSE,NOT_FOR_ENFORCEMENT,9488.4745,2189415.6736,9883.8276,9488.4745,395.3531,0.00395337,0.00379523,395.3531,9488.4745,0.00379523,395.3531,395.3531,395.3531,395.3531,395.3531,9488.4745,0.00379523,1976.7655,1824.8244,7907.0621,8059.0032,0.00316269,0.00322347,0.00015813,212.5216,219.9480,0.9532,119.0823,2.3972,30121.7335,124.9277,49.0469,238.9093,36.5364,75.9244,374.9013,749.8027,789.266,1183.8989,75.8035,-1.1839,10.395423,15.593133,2.799122,29,215,300,5,0.03207536,0.00395337,0.05088190,0E-8,0.000000,0.912219,0.000000,-0.04848366,2026-03-31,2026-08-01,83,4123,1621,124,0.669355,0.205295,0.230786,0.106918,,,,,,,,GLOBAL_BASELINE_NO_ENTITY_RANKING,,,NOT_APPLICABLE_GLOBAL_BASELINE,HF9g-P5,,,,X 全窗基线 · 不参与实体赏罚,15056321,1506,A168_HF9F_20260827_0900,2026-08-27 09:00:00
2026-07-12,92755421,2152,0,227.4105518496,0E-10,0E-10,0.5000000,3,3,0.49324550000000000,0.493245500000,0.01910635448239258,0.01910635448239258,0.01910635448239258,0E-17,ELIGIBLE,R03b_20260811_FULL_v1,L1_ELIGIBILITY,v2026-08-11,2026-03-21..2026-08-06,baccarat_bet02_101_all_pairs_incl_sentinel,round_win = game_pnl > 0 (decisive only),COMPATIBILITY_ONLY_NOT_PRODUCTION,2500103.8841,2280641.3266,9883.8276,11764,10369,-0.00395337,-0.05088190,-0.00239824,-0.00395337,-9883.8276,2500103.8841,OK,0.0000,395.3531,4.0000,96.0000,AG03-UNRESOLVED,ALL5_LEVELS_bet23_to_bet27,395.3531,395.3531,395.3531,395.3531,395.3531,4.000000,4.000000,4.000000,4.000000,4.000000,96.000000,96.000000,96.000000,96.000000,96.000000,5.0,1976.7655,1824.8244,7907.0621,8059.0032,PENDING_AG03,FALSE,NOT_FOR_ENFORCEMENT,9488.4745,2189415.6736,9883.8276,9488.4745,395.3531,0.00395337,0.00379523,395.3531,9488.4745,0.00379523,395.3531,395.3531,395.3531,395.3531,395.3531,9488.4745,0.00379523,1976.7655,1824.8244,7907.0621,8059.0032,0.00316269,0.00322347,0.00015813,212.5216,219.9480,0.9532,119.0823,2.3972,30121.7335,124.9277,49.0469,238.9093,36.5364,75.9244,374.9013,749.8027,789.266,1183.8989,75.8035,-1.1839,10.395423,15.593133,2.799122,29,215,300,5,0.03207536,0.00395337,0.05088190,0E-8,0.000000,0.912219,0.000000,-0.04848366,2026-03-31,2026-08-01,83,4123,1621,124,0.669355,0.205295,0.230786,0.106918,,,,,,,,GLOBAL_BASELINE_NO_ENTITY_RANKING,,,NOT_APPLICABLE_GLOBAL_BASELINE,HF9g-P5,,,,X 全窗基线 · 不参与实体赏罚,15056322,1506,A168_HF9F_20260827_0900,2026-08-27 09:00:00
2026-07-12,92755421,2209,0,220.9672528804,56.6631291693,56.6631291693,0.5000000,5,4,0.49410863251758352,0.437295475000,0.02356710593061233,0.2528140363457515,0.02356710593061233,0.05681315751758352,ELIGIBLE,R03b_20260811_FULL_v1,L1_ELIGIBILITY,v2026-08-11,2026-03-21..2026-08-06,baccarat_bet02_101_all_pairs_incl_sentinel,round_win = game_pnl > 0 (decisive only),COMPATIBILITY_ONLY_NOT_PRODUCTION,2500103.8841,2280641.3266,9883.8276,11764,10369,-0.00395337,-0.05088190,-0.00239824,-0.00395337,-9883.8276,2500103.8841,OK,0.0000,395.3531,4.0000,96.0000,AG03-UNRESOLVED,ALL5_LEVELS_bet23_to_bet27,395.3531,395.3531,395.3531,395.3531,395.3531,4.000000,4.000000,4.000000,4.000000,4.000000,96.000000,96.000000,96.000000,96.000000,96.000000,5.0,1976.7655,1824.8244,7907.0621,8059.0032,PENDING_AG03,FALSE,NOT_FOR_ENFORCEMENT,9488.4745,2189415.6736,9883.8276,9488.4745,395.3531,0.00395337,0.00379523,395.3531,9488.4745,0.00379523,395.3531,395.3531,395.3531,395.3531,395.3531,9488.4745,0.00379523,1976.7655,1824.8244,7907.0621,8059.0032,0.00316269,0.00322347,0.00015813,212.5216,219.9480,0.9532,119.0823,2.3972,30121.7335,124.9277,49.0469,238.9093,36.5364,75.9244,374.9013,749.8027,789.266,1183.8989,75.8035,-1.1839,10.395423,15.593133,2.799122,29,215,300,5,0.03207536,0.00395337,0.05088190,0E-8,0.000000,0.912219,0.000000,-0.04848366,2026-03-31,2026-08-01,83,4123,1621,124,0.669355,0.205295,0.230786,0.106918,,,,,,,,GLOBAL_BASELINE_NO_ENTITY_RANKING,,,NOT_APPLICABLE_GLOBAL_BASELINE,HF9g-P5,,,,X 全窗基线 · 不参与实体赏罚,15056323,1506,A168_HF9F_20260827_0900,2026-08-27 09:00:00
2026-07-12,92755421,2224,0,75.8035172832,-75.8035172832,-75.8035172832,0E-7,1,1,0.50665070000000000,0.506650700000,-1.013391052207602,-1.013391052207602,-1.013391052207602,0E-17,ELIGIBLE,R03b_20260811_FULL_v1,L1_ELIGIBILITY,v2026-08-11,2026-03-21..2026-08-06,baccarat_bet02_101_all_pairs_incl_sentinel,round_win = game_pnl > 0 (decisive only),COMPATIBILITY_ONLY_NOT_PRODUCTION,2500103.8841,2280641.3266,9883.8276,11764,10369,-0.00395337,-0.05088190,-0.00239824,-0.00395337,-9883.8276,2500103.8841,OK,0.0000,395.3531,4.0000,96.0000,AG03-UNRESOLVED,ALL5_LEVELS_bet23_to_bet27,395.3531,395.3531,395.3531,395.3531,395.3531,4.000000,4.000000,4.000000,4.000000,4.000000,96.000000,96.000000,96.000000,96.000000,96.000000,5.0,1976.7655,1824.8244,7907.0621,8059.0032,PENDING_AG03,FALSE,NOT_FOR_ENFORCEMENT,9488.4745,2189415.6736,9883.8276,9488.4745,395.3531,0.00395337,0.00379523,395.3531,9488.4745,0.00379523,395.3531,395.3531,395.3531,395.3531,395.3531,9488.4745,0.00379523,1976.7655,1824.8244,7907.0621,8059.0032,0.00316269,0.00322347,0.00015813,212.5216,219.9480,0.9532,119.0823,2.3972,30121.7335,124.9277,49.0469,238.9093,36.5364,75.9244,374.9013,749.8027,789.266,1183.8989,75.8035,-1.1839,10.395423,15.593133,2.799122,29,215,300,5,0.03207536,0.00395337,0.05088190,0E-8,0.000000,0.912219,0.000000,-0.04848366,2026-03-31,2026-08-01,83,4123,1621,124,0.669355,0.205295,0.230786,0.106918,,,,,,,,GLOBAL_BASELINE_NO_ENTITY_RANKING,,,NOT_APPLICABLE_GLOBAL_BASELINE,HF9g-P5,,,,X 全窗基线 · 不参与实体赏罚,15056324,1506,A168_HF9F_20260827_0900,2026-08-27 09:00:00
2026-07-12,92755421,2235,0,151.6070345664,0E-10,0E-10,0.5000000,2,2,0.49994810000000000,0.499948100000,0.00014679536856514622,0.00014679536856514622,0.00014679536856514622,0E-17,ELIGIBLE,R03b_20260811_FULL_v1,L1_ELIGIBILITY,v2026-08-11,2026-03-21..2026-08-06,baccarat_bet02_101_all_pairs_incl_sentinel,round_win = game_pnl > 0 (decisive only),COMPATIBILITY_ONLY_NOT_PRODUCTION,2500103.8841,2280641.3266,9883.8276,11764,10369,-0.00395337,-0.05088190,-0.00239824,-0.00395337,-9883.8276,2500103.8841,OK,0.0000,395.3531,4.0000,96.0000,AG03-UNRESOLVED,ALL5_LEVELS_bet23_to_bet27,395.3531,395.3531,395.3531,395.3531,395.3531,4.000000,4.000000,4.000000,4.000000,4.000000,96.000000,96.000000,96.000000,96.000000,96.000000,5.0,1976.7655,1824.8244,7907.0621,8059.0032,PENDING_AG03,FALSE,NOT_FOR_ENFORCEMENT,9488.4745,2189415.6736,9883.8276,9488.4745,395.3531,0.00395337,0.00379523,395.3531,9488.4745,0.00379523,395.3531,395.3531,395.3531,395.3531,395.3531,9488.4745,0.00379523,1976.7655,1824.8244,7907.0621,8059.0032,0.00316269,0.00322347,0.00015813,212.5216,219.9480,0.9532,119.0823,2.3972,30121.7335,124.9277,49.0469,238.9093,36.5364,75.9244,374.9013,749.8027,789.266,1183.8989,75.8035,-1.1839,10.395423,15.593133,2.799122,29,215,300,5,0.03207536,0.00395337,0.05088190,0E-8,0.000000,0.912219,0.000000,-0.04848366,2026-03-31,2026-08-01,83,4123,1621,124,0.669355,0.205295,0.230786,0.106918,,,,,,,,GLOBAL_BASELINE_NO_ENTITY_RANKING,,,NOT_APPLICABLE_GLOBAL_BASELINE,HF9g-P5,,,,X 全窗基线 · 不参与实体赏罚,15056325,1506,A168_HF9F_20260827_0900,2026-08-27 09:00:00
2026-07-12,92755421,2289,0,75.8035172832,-75.8035172832,-75.8035172832,0E-7,1,1,0.49324550000000000,0.493245500000,-0.9865810262130424,-0.9865810262130424,-0.9865810262130424,0E-17,ELIGIBLE,R03b_20260811_FULL_v1,L1_ELIGIBILITY,v2026-08-11,2026-03-21..2026-08-06,baccarat_bet02_101_all_pairs_incl_sentinel,round_win = game_pnl > 0 (decisive only),COMPATIBILITY_ONLY_NOT_PRODUCTION,2500103.8841,2280641.3266,9883.8276,11764,10369,-0.00395337,-0.05088190,-0.00239824,-0.00395337,-9883.8276,2500103.8841,OK,0.0000,395.3531,4.0000,96.0000,AG03-UNRESOLVED,ALL5_LEVELS_bet23_to_bet27,395.3531,395.3531,395.3531,395.3531,395.3531,4.000000,4.000000,4.000000,4.000000,4.000000,96.000000,96.000000,96.000000,96.000000,96.000000,5.0,1976.7655,1824.8244,7907.0621,8059.0032,PENDING_AG03,FALSE,NOT_FOR_ENFORCEMENT,9488.4745,2189415.6736,9883.8276,9488.4745,395.3531,0.00395337,0.00379523,395.3531,9488.4745,0.00379523,395.3531,395.3531,395.3531,395.3531,395.3531,9488.4745,0.00379523,1976.7655,1824.8244,7907.0621,8059.0032,0.00316269,0.00322347,0.00015813,212.5216,219.9480,0.9532,119.0823,2.3972,30121.7335,124.9277,49.0469,238.9093,36.5364,75.9244,374.9013,749.8027,789.266,1183.8989,75.8035,-1.1839,10.395423,15.593133,2.799122,29,215,300,5,0.03207536,0.00395337,0.05088190,0E-8,0.000000,0.912219,0.000000,-0.04848366,2026-03-31,2026-08-01,83,4123,1621,124,0.669355,0.205295,0.230786,0.106918,,,,,,,,GLOBAL_BASELINE_NO_ENTITY_RANKING,,,NOT_APPLICABLE_GLOBAL_BASELINE,HF9g-P5,,,,X 全窗基线 · 不参与实体赏罚,15056326,1506,A168_HF9F_20260827_0900,2026-08-27 09:00:00
2026-07-12,92755421,529,0,199.7422680413,-81.4887810795,-81.4887810795,0.3333333,5,3,0.48721750553669809,0.339577033333,-0.5332446939649149,-0.022836125246207564,-0.5332446939649149,0.14764047220369809,ELIGIBLE,R03b_20260811_FULL_v1,L1_ELIGIBILITY,v2026-08-11,2026-03-21..2026-08-06,baccarat_bet02_101_all_pairs_incl_sentinel,round_win = game_pnl > 0 (decisive only),COMPATIBILITY_ONLY_NOT_PRODUCTION,2500103.8841,2280641.3266,9883.8276,11764,10369,-0.00395337,-0.05088190,-0.00239824,-0.00395337,-9883.8276,2500103.8841,OK,0.0000,395.3531,4.0000,96.0000,AG03-UNRESOLVED,ALL5_LEVELS_bet23_to_bet27,395.3531,395.3531,395.3531,395.3531,395.3531,4.000000,4.000000,4.000000,4.000000,4.000000,96.000000,96.000000,96.000000,96.000000,96.000000,5.0,1976.7655,1824.8244,7907.0621,8059.0032,PENDING_AG03,FALSE,NOT_FOR_ENFORCEMENT,9488.4745,2189415.6736,9883.8276,9488.4745,395.3531,0.00395337,0.00379523,395.3531,9488.4745,0.00379523,395.3531,395.3531,395.3531,395.3531,395.3531,9488.4745,0.00379523,1976.7655,1824.8244,7907.0621,8059.0032,0.00316269,0.00322347,0.00015813,212.5216,219.9480,0.9532,119.0823,2.3972,30121.7335,124.9277,49.0469,238.9093,36.5364,75.9244,374.9013,749.8027,789.266,1183.8989,75.8035,-1.1839,10.395423,15.593133,2.799122,29,215,300,5,0.03207536,0.00395337,0.05088190,0E-8,0.000000,0.912219,0.000000,-0.04848366,2026-03-31,2026-08-01,83,4123,1621,124,0.669355,0.205295,0.230786,0.106918,,,,,,,,GLOBAL_BASELINE_NO_ENTITY_RANKING,,,NOT_APPLICABLE_GLOBAL_BASELINE,HF9g-P5,,,,X 全窗基线 · 不参与实体赏罚,15056327,1506,A168_HF9F_20260827_0900,2026-08-27 09:00:00
2026-07-12,92755421,550,0,223.6203759854,68.2231655548,68.2231655548,0.6666667,3,3,0.50218230000000000,0.502182300000,0.5697959874915163,0.5697959874915164,0.5697959874915163,0E-17,ELIGIBLE,R03b_20260811_FULL_v1,L1_ELIGIBILITY,v2026-08-11,2026-03-21..2026-08-06,baccarat_bet02_101_all_pairs_incl_sentinel,round_win = game_pnl > 0 (decisive only),COMPATIBILITY_ONLY_NOT_PRODUCTION,2500103.8841,2280641.3266,9883.8276,11764,10369,-0.00395337,-0.05088190,-0.00239824,-0.00395337,-9883.8276,2500103.8841,OK,0.0000,395.3531,4.0000,96.0000,AG03-UNRESOLVED,ALL5_LEVELS_bet23_to_bet27,395.3531,395.3531,395.3531,395.3531,395.3531,4.000000,4.000000,4.000000,4.000000,4.000000,96.000000,96.000000,96.000000,96.000000,96.000000,5.0,1976.7655,1824.8244,7907.0621,8059.0032,PENDING_AG03,FALSE,NOT_FOR_ENFORCEMENT,9488.4745,2189415.6736,9883.8276,9488.4745,395.3531,0.00395337,0.00379523,395.3531,9488.4745,0.00379523,395.3531,395.3531,395.3531,395.3531,395.3531,9488.4745,0.00379523,1976.7655,1824.8244,7907.0621,8059.0032,0.00316269,0.00322347,0.00015813,212.5216,219.9480,0.9532,119.0823,2.3972,30121.7335,124.9277,49.0469,238.9093,36.5364,75.9244,374.9013,749.8027,789.266,1183.8989,75.8035,-1.1839,10.395423,15.593133,2.799122,29,215,300,5,0.03207536,0.00395337,0.05088190,0E-8,0.000000,0.912219,0.000000,-0.04848366,2026-03-31,2026-08-01,83,4123,1621,124,0.669355,0.205295,0.230786,0.106918,,,,,,,,GLOBAL_BASELINE_NO_ENTITY_RANKING,,,NOT_APPLICABLE_GLOBAL_BASELINE,HF9g-P5,,,,X 全窗基线 · 不参与实体赏罚,15056328,1506,A168_HF9F_20260827_0900,2026-08-27 09:00:00
2026-07-12,92755421,772,0,56.8526379624,-56.8526379624,-56.8526379624,0E-7,1,1,0.49324550000000000,0.493245500000,-0.9865810262130424,-0.9865810262130424,-0.9865810262130424,0E-17,ELIGIBLE,R03b_20260811_FULL_v1,L1_ELIGIBILITY,v2026-08-11,2026-03-21..2026-08-06,baccarat_bet02_101_all_pairs_incl_sentinel,round_win = game_pnl > 0 (decisive only),COMPATIBILITY_ONLY_NOT_PRODUCTION,2500103.8841,2280641.3266,9883.8276,11764,10369,-0.00395337,-0.05088190,-0.00239824,-0.00395337,-9883.8276,2500103.8841,OK,0.0000,395.3531,4.0000,96.0000,AG03-UNRESOLVED,ALL5_LEVELS_bet23_to_bet27,395.3531,395.3531,395.3531,395.3531,395.3531,4.000000,4.000000,4.000000,4.000000,4.000000,96.000000,96.000000,96.000000,96.000000,96.000000,5.0,1976.7655,1824.8244,7907.0621,8059.0032,PENDING_AG03,FALSE,NOT_FOR_ENFORCEMENT,9488.4745,2189415.6736,9883.8276,9488.4745,395.3531,0.00395337,0.00379523,395.3531,9488.4745,0.00379523,395.3531,395.3531,395.3531,395.3531,395.3531,9488.4745,0.00379523,1976.7655,1824.8244,7907.0621,8059.0032,0.00316269,0.00322347,0.00015813,212.5216,219.9480,0.9532,119.0823,2.3972,30121.7335,124.9277,49.0469,238.9093,36.5364,75.9244,374.9013,749.8027,789.266,1183.8989,75.8035,-1.1839,10.395423,15.593133,2.799122,29,215,300,5,0.03207536,0.00395337,0.05088190,0E-8,0.000000,0.912219,0.000000,-0.04848366,2026-03-31,2026-08-01,83,4123,1621,124,0.669355,0.205295,0.230786,0.106918,,,,,,,,GLOBAL_BASELINE_NO_ENTITY_RANKING,,,NOT_APPLICABLE_GLOBAL_BASELINE,HF9g-P5,,,,X 全窗基线 · 不参与实体赏罚,15056329,1506,A168_HF9F_20260827_0900,2026-08-27 09:00:00
2026-07-12,92755421,919,0,303.2140691328,0E-10,0E-10,0.5000000,4,4,0.49994810000000000,0.499948100000,0.00020760000111838688,0.00020760000111838688,0.00020760000111838688,0E-17,ELIGIBLE,R03b_20260811_FULL_v1,L1_ELIGIBILITY,v2026-08-11,2026-03-21..2026-08-06,baccarat_bet02_101_all_pairs_incl_sentinel,round_win = game_pnl > 0 (decisive only),COMPATIBILITY_ONLY_NOT_PRODUCTION,2500103.8841,2280641.3266,9883.8276,11764,10369,-0.00395337,-0.05088190,-0.00239824,-0.00395337,-9883.8276,2500103.8841,OK,0.0000,395.3531,4.0000,96.0000,AG03-UNRESOLVED,ALL5_LEVELS_bet23_to_bet27,395.3531,395.3531,395.3531,395.3531,395.3531,4.000000,4.000000,4.000000,4.000000,4.000000,96.000000,96.000000,96.000000,96.000000,96.000000,5.0,1976.7655,1824.8244,7907.0621,8059.0032,PENDING_AG03,FALSE,NOT_FOR_ENFORCEMENT,9488.4745,2189415.6736,9883.8276,9488.4745,395.3531,0.00395337,0.00379523,395.3531,9488.4745,0.00379523,395.3531,395.3531,395.3531,395.3531,395.3531,9488.4745,0.00379523,1976.7655,1824.8244,7907.0621,8059.0032,0.00316269,0.00322347,0.00015813,212.5216,219.9480,0.9532,119.0823,2.3972,30121.7335,124.9277,49.0469,238.9093,36.5364,75.9244,374.9013,749.8027,789.266,1183.8989,75.8035,-1.1839,10.395423,15.593133,2.799122,29,215,300,5,0.03207536,0.00395337,0.05088190,0E-8,0.000000,0.912219,0.000000,-0.04848366,2026-03-31,2026-08-01,83,4123,1621,124,0.669355,0.205295,0.230786,0.106918,,,,,,,,GLOBAL_BASELINE_NO_ENTITY_RANKING,,,NOT_APPLICABLE_GLOBAL_BASELINE,HF9g-P5,,,,X 全窗基线 · 不参与实体赏罚,15056330,1506,A168_HF9F_20260827_0900,2026-08-27 09:00:00
2026-07-12,92755421,986,0,441.9345057611,-290.3274711947,-290.3274711947,0E-7,6,5,0.50137725234970024,0.456528600000,-1.7368283385858982,-1.5874727353122347,-1.7368283385858982,0.04484865234970024,ELIGIBLE,R03b_20260811_FULL_v1,L1_ELIGIBILITY,v2026-08-11,2026-03-21..2026-08-06,baccarat_bet02_101_all_pairs_incl_sentinel,round_win = game_pnl > 0 (decisive only),COMPATIBILITY_ONLY_NOT_PRODUCTION,2500103.8841,2280641.3266,9883.8276,11764,10369,-0.00395337,-0.05088190,-0.00239824,-0.00395337,-9883.8276,2500103.8841,OK,0.0000,395.3531,4.0000,96.0000,AG03-UNRESOLVED,ALL5_LEVELS_bet23_to_bet27,395.3531,395.3531,395.3531,395.3531,395.3531,4.000000,4.000000,4.000000,4.000000,4.000000,96.000000,96.000000,96.000000,96.000000,96.000000,5.0,1976.7655,1824.8244,7907.0621,8059.0032,PENDING_AG03,FALSE,NOT_FOR_ENFORCEMENT,9488.4745,2189415.6736,9883.8276,9488.4745,395.3531,0.00395337,0.00379523,395.3531,9488.4745,0.00379523,395.3531,395.3531,395.3531,395.3531,395.3531,9488.4745,0.00379523,1976.7655,1824.8244,7907.0621,8059.0032,0.00316269,0.00322347,0.00015813,212.5216,219.9480,0.9532,119.0823,2.3972,30121.7335,124.9277,49.0469,238.9093,36.5364,75.9244,374.9013,749.8027,789.266,1183.8989,75.8035,-1.1839,10.395423,15.593133,2.799122,29,215,300,5,0.03207536,0.00395337,0.05088190,0E-8,0.000000,0.912219,0.000000,-0.04848366,2026-03-31,2026-08-01,83,4123,1621,124,0.669355,0.205295,0.230786,0.106918,,,,,,,,GLOBAL_BASELINE_NO_ENTITY_RANKING,,,NOT_APPLICABLE_GLOBAL_BASELINE,HF9g-P5,,,,X 全窗基线 · 不参与实体赏罚,15056331,1506,A168_HF9F_20260827_0900,2026-08-27 09:00:00
2026-07-14,92755421,2196,0,17.4348089751,-17.4348089751,-17.4348089751,0E-7,2,1,0.44302255217366974,0.262742800000,-0.8918547134757384,-0.5969746651759844,-0.8918547134757384,0.18027975217366974,ELIGIBLE,R03b_20260811_FULL_v1,L1_ELIGIBILITY,v2026-08-11,2026-03-21..2026-08-06,baccarat_bet02_101_all_pairs_incl_sentinel,round_win = game_pnl > 0 (decisive only),COMPATIBILITY_ONLY_NOT_PRODUCTION,2500103.8841,2280641.3266,9883.8276,11764,10369,-0.00395337,-0.05088190,-0.00239824,-0.00395337,-9883.8276,2500103.8841,OK,0.0000,395.3531,4.0000,96.0000,AG03-UNRESOLVED,ALL5_LEVELS_bet23_to_bet27,395.3531,395.3531,395.3531,395.3531,395.3531,4.000000,4.000000,4.000000,4.000000,4.000000,96.000000,96.000000,96.000000,96.000000,96.000000,5.0,1976.7655,1824.8244,7907.0621,8059.0032,PENDING_AG03,FALSE,NOT_FOR_ENFORCEMENT,9488.4745,2189415.6736,9883.8276,9488.4745,395.3531,0.00395337,0.00379523,395.3531,9488.4745,0.00379523,395.3531,395.3531,395.3531,395.3531,395.3531,9488.4745,0.00379523,1976.7655,1824.8244,7907.0621,8059.0032,0.00316269,0.00322347,0.00015813,212.5216,219.9480,0.9532,119.0823,2.3972,30121.7335,124.9277,49.0469,238.9093,36.5364,75.9244,374.9013,749.8027,789.266,1183.8989,75.8035,-1.1839,10.395423,15.593133,2.799122,29,215,300,5,0.03207536,0.00395337,0.05088190,0E-8,0.000000,0.912219,0.000000,-0.04848366,2026-03-31,2026-08-01,83,4123,1621,124,0.669355,0.205295,0.230786,0.106918,,,,,,,,GLOBAL_BASELINE_NO_ENTITY_RANKING,,,NOT_APPLICABLE_GLOBAL_BASELINE,HF9g-P5,,,,X 全窗基线 · 不参与实体赏罚,15056332,1506,A168_HF9F_20260827_0900,2026-08-27 09:00:00
2026-07-16,92755421,-1,1,1836.3402061851,181.1704063067,181.1704063067,0.5652174,27,25,0.50023678558575446,0.481775988000,0.6232721445088878,0.8008739653180241,0.6232721445088878,0.01846079758575446,SENTINEL_DEALER,R03b_20260811_FULL_v1,L1_ELIGIBILITY,v2026-08-11,2026-03-21..2026-08-06,baccarat_bet02_101_all_pairs_incl_sentinel,round_win = game_pnl > 0 (decisive only),COMPATIBILITY_ONLY_NOT_PRODUCTION,2500103.8841,2280641.3266,9883.8276,11764,10369,-0.00395337,-0.05088190,-0.00239824,-0.00395337,-9883.8276,2500103.8841,OK,0.0000,395.3531,4.0000,96.0000,AG03-UNRESOLVED,ALL5_LEVELS_bet23_to_bet27,395.3531,395.3531,395.3531,395.3531,395.3531,4.000000,4.000000,4.000000,4.000000,4.000000,96.000000,96.000000,96.000000,96.000000,96.000000,5.0,1976.7655,1824.8244,7907.0621,8059.0032,PENDING_AG03,FALSE,NOT_FOR_ENFORCEMENT,9488.4745,2189415.6736,9883.8276,9488.4745,395.3531,0.00395337,0.00379523,395.3531,9488.4745,0.00379523,395.3531,395.3531,395.3531,395.3531,395.3531,9488.4745,0.00379523,1976.7655,1824.8244,7907.0621,8059.0032,0.00316269,0.00322347,0.00015813,212.5216,219.9480,0.9532,119.0823,2.3972,30121.7335,124.9277,49.0469,238.9093,36.5364,75.9244,374.9013,749.8027,789.266,1183.8989,75.8035,-1.1839,10.395423,15.593133,2.799122,29,215,300,5,0.03207536,0.00395337,0.05088190,0E-8,0.000000,0.912219,0.000000,-0.04848366,2026-03-31,2026-08-01,83,4123,1621,124,0.669355,0.205295,0.230786,0.106918,,,,,,,,GLOBAL_BASELINE_NO_ENTITY_RANKING,,,NOT_APPLICABLE_GLOBAL_BASELINE,HF9g-P5,,,,X 全窗基线 · 不参与实体赏罚,15056333,1506,A168_HF9F_20260827_0900,2026-08-27 09:00:00
2026-07-16,92755421,1205,0,129.6240145542,-65.1910248635,-65.1910248635,0E-7,3,2,0.49048729883732354,0.374642850000,-1.3875587275988768,-1.0946106322994384,-1.3875587275988768,0.11584444883732354,ELIGIBLE,R03b_20260811_FULL_v1,L1_ELIGIBILITY,v2026-08-11,2026-03-21..2026-08-06,baccarat_bet02_101_all_pairs_incl_sentinel,round_win = game_pnl > 0 (decisive only),COMPATIBILITY_ONLY_NOT_PRODUCTION,2500103.8841,2280641.3266,9883.8276,11764,10369,-0.00395337,-0.05088190,-0.00239824,-0.00395337,-9883.8276,2500103.8841,OK,0.0000,395.3531,4.0000,96.0000,AG03-UNRESOLVED,ALL5_LEVELS_bet23_to_bet27,395.3531,395.3531,395.3531,395.3531,395.3531,4.000000,4.000000,4.000000,4.000000,4.000000,96.000000,96.000000,96.000000,96.000000,96.000000,5.0,1976.7655,1824.8244,7907.0621,8059.0032,PENDING_AG03,FALSE,NOT_FOR_ENFORCEMENT,9488.4745,2189415.6736,9883.8276,9488.4745,395.3531,0.00395337,0.00379523,395.3531,9488.4745,0.00379523,395.3531,395.3531,395.3531,395.3531,395.3531,9488.4745,0.00379523,1976.7655,1824.8244,7907.0621,8059.0032,0.00316269,0.00322347,0.00015813,212.5216,219.9480,0.9532,119.0823,2.3972,30121.7335,124.9277,49.0469,238.9093,36.5364,75.9244,374.9013,749.8027,789.266,1183.8989,75.8035,-1.1839,10.395423,15.593133,2.799122,29,215,300,5,0.03207536,0.00395337,0.05088190,0E-8,0.000000,0.912219,0.000000,-0.04848366,2026-03-31,2026-08-01,83,4123,1621,124,0.669355,0.205295,0.230786,0.106918,,,,,,,,GLOBAL_BASELINE_NO_ENTITY_RANKING,,,NOT_APPLICABLE_GLOBAL_BASELINE,HF9g-P5,,,,X 全窗基线 · 不参与实体赏罚,15056334,1506,A168_HF9F_20260827_0900,2026-08-27 09:00:00
2026-07-16,92755421,1323,0,379.0175864160,-227.4105518496,-227.4105518496,0E-7,5,5,0.49860758000000000,0.498607580000,-1.727234020849126,-1.727234020849126,-1.727234020849126,0E-17,ELIGIBLE,R03b_20260811_FULL_v1,L1_ELIGIBILITY,v2026-08-11,2026-03-21..2026-08-06,baccarat_bet02_101_all_pairs_incl_sentinel,round_win = game_pnl > 0 (decisive only),COMPATIBILITY_ONLY_NOT_PRODUCTION,2500103.8841,2280641.3266,9883.8276,11764,10369,-0.00395337,-0.05088190,-0.00239824,-0.00395337,-9883.8276,2500103.8841,OK,0.0000,395.3531,4.0000,96.0000,AG03-UNRESOLVED,ALL5_LEVELS_bet23_to_bet27,395.3531,395.3531,395.3531,395.3531,395.3531,4.000000,4.000000,4.000000,4.000000,4.000000,96.000000,96.000000,96.000000,96.000000,96.000000,5.0,1976.7655,1824.8244,7907.0621,8059.0032,PENDING_AG03,FALSE,NOT_FOR_ENFORCEMENT,9488.4745,2189415.6736,9883.8276,9488.4745,395.3531,0.00395337,0.00379523,395.3531,9488.4745,0.00379523,395.3531,395.3531,395.3531,395.3531,395.3531,9488.4745,0.00379523,1976.7655,1824.8244,7907.0621,8059.0032,0.00316269,0.00322347,0.00015813,212.5216,219.9480,0.9532,119.0823,2.3972,30121.7335,124.9277,49.0469,238.9093,36.5364,75.9244,374.9013,749.8027,789.266,1183.8989,75.8035,-1.1839,10.395423,15.593133,2.799122,29,215,300,5,0.03207536,0.00395337,0.05088190,0E-8,0.000000,0.912219,0.000000,-0.04848366,2026-03-31,2026-08-01,83,4123,1621,124,0.669355,0.205295,0.230786,0.106918,,,,,,,,GLOBAL_BASELINE_NO_ENTITY_RANKING,,,NOT_APPLICABLE_GLOBAL_BASELINE,HF9g-P5,,,,X 全窗基线 · 不参与实体赏罚,15056335,1506,A168_HF9F_20260827_0900,2026-08-27 09:00:00
2026-07-16,92755421,1363,0,273.6506973923,114.2738023044,114.2738023044,0.7500000,5,4,0.49871265572921760,0.440646775000,1.0051527086779013,1.2462244638917332,1.0051527086779013,0.05806588072921760,ELIGIBLE,R03b_20260811_FULL_v1,L1_ELIGIBILITY,v2026-08-11,2026-03-21..2026-08-06,baccarat_bet02_101_all_pairs_incl_sentinel,round_win = game_pnl > 0 (decisive only),COMPATIBILITY_ONLY_NOT_PRODUCTION,2500103.8841,2280641.3266,9883.8276,11764,10369,-0.00395337,-0.05088190,-0.00239824,-0.00395337,-9883.8276,2500103.8841,OK,0.0000,395.3531,4.0000,96.0000,AG03-UNRESOLVED,ALL5_LEVELS_bet23_to_bet27,395.3531,395.3531,395.3531,395.3531,395.3531,4.000000,4.000000,4.000000,4.000000,4.000000,96.000000,96.000000,96.000000,96.000000,96.000000,5.0,1976.7655,1824.8244,7907.0621,8059.0032,PENDING_AG03,FALSE,NOT_FOR_ENFORCEMENT,9488.4745,2189415.6736,9883.8276,9488.4745,395.3531,0.00395337,0.00379523,395.3531,9488.4745,0.00379523,395.3531,395.3531,395.3531,395.3531,395.3531,9488.4745,0.00379523,1976.7655,1824.8244,7907.0621,8059.0032,0.00316269,0.00322347,0.00015813,212.5216,219.9480,0.9532,119.0823,2.3972,30121.7335,124.9277,49.0469,238.9093,36.5364,75.9244,374.9013,749.8027,789.266,1183.8989,75.8035,-1.1839,10.395423,15.593133,2.799122,29,215,300,5,0.03207536,0.00395337,0.05088190,0E-8,0.000000,0.912219,0.000000,-0.04848366,2026-03-31,2026-08-01,83,4123,1621,124,0.669355,0.205295,0.230786,0.106918,,,,,,,,GLOBAL_BASELINE_NO_ENTITY_RANKING,,,NOT_APPLICABLE_GLOBAL_BASELINE,HF9g-P5,,,,X 全窗基线 · 不参与实体赏罚,15056336,1506,A168_HF9F_20260827_0900,2026-08-27 09:00:00
2026-07-16,92755421,1399,0,227.4105518496,0E-10,0E-10,0.5000000,3,3,0.50218230000000000,0.502182300000,-0.00617253530718887,-0.00617253530718887,-0.00617253530718887,0E-17,ELIGIBLE,R03b_20260811_FULL_v1,L1_ELIGIBILITY,v2026-08-11,2026-03-21..2026-08-06,baccarat_bet02_101_all_pairs_incl_sentinel,round_win = game_pnl > 0 (decisive only),COMPATIBILITY_ONLY_NOT_PRODUCTION,2500103.8841,2280641.3266,9883.8276,11764,10369,-0.00395337,-0.05088190,-0.00239824,-0.00395337,-9883.8276,2500103.8841,OK,0.0000,395.3531,4.0000,96.0000,AG03-UNRESOLVED,ALL5_LEVELS_bet23_to_bet27,395.3531,395.3531,395.3531,395.3531,395.3531,4.000000,4.000000,4.000000,4.000000,4.000000,96.000000,96.000000,96.000000,96.000000,96.000000,5.0,1976.7655,1824.8244,7907.0621,8059.0032,PENDING_AG03,FALSE,NOT_FOR_ENFORCEMENT,9488.4745,2189415.6736,9883.8276,9488.4745,395.3531,0.00395337,0.00379523,395.3531,9488.4745,0.00379523,395.3531,395.3531,395.3531,395.3531,395.3531,9488.4745,0.00379523,1976.7655,1824.8244,7907.0621,8059.0032,0.00316269,0.00322347,0.00015813,212.5216,219.9480,0.9532,119.0823,2.3972,30121.7335,124.9277,49.0469,238.9093,36.5364,75.9244,374.9013,749.8027,789.266,1183.8989,75.8035,-1.1839,10.395423,15.593133,2.799122,29,215,300,5,0.03207536,0.00395337,0.05088190,0E-8,0.000000,0.912219,0.000000,-0.04848366,2026-03-31,2026-08-01,83,4123,1621,124,0.669355,0.205295,0.230786,0.106918,,,,,,,,GLOBAL_BASELINE_NO_ENTITY_RANKING,,,NOT_APPLICABLE_GLOBAL_BASELINE,HF9g-P5,,,,X 全窗基线 · 不参与实体赏罚,15056337,1506,A168_HF9F_20260827_0900,2026-08-27 09:00:00
2026-07-16,92755421,1505,0,75.8035172832,-75.8035172832,-75.8035172832,0E-7,1,1,0.50665070000000000,0.506650700000,-1.013391052207602,-1.013391052207602,-1.013391052207602,0E-17,ELIGIBLE,R03b_20260811_FULL_v1,L1_ELIGIBILITY,v2026-08-11,2026-03-21..2026-08-06,baccarat_bet02_101_all_pairs_incl_sentinel,round_win = game_pnl > 0 (decisive only),COMPATIBILITY_ONLY_NOT_PRODUCTION,2500103.8841,2280641.3266,9883.8276,11764,10369,-0.00395337,-0.05088190,-0.00239824,-0.00395337,-9883.8276,2500103.8841,OK,0.0000,395.3531,4.0000,96.0000,AG03-UNRESOLVED,ALL5_LEVELS_bet23_to_bet27,395.3531,395.3531,395.3531,395.3531,395.3531,4.000000,4.000000,4.000000,4.000000,4.000000,96.000000,96.000000,96.000000,96.000000,96.000000,5.0,1976.7655,1824.8244,7907.0621,8059.0032,PENDING_AG03,FALSE,NOT_FOR_ENFORCEMENT,9488.4745,2189415.6736,9883.8276,9488.4745,395.3531,0.00395337,0.00379523,395.3531,9488.4745,0.00379523,395.3531,395.3531,395.3531,395.3531,395.3531,9488.4745,0.00379523,1976.7655,1824.8244,7907.0621,8059.0032,0.00316269,0.00322347,0.00015813,212.5216,219.9480,0.9532,119.0823,2.3972,30121.7335,124.9277,49.0469,238.9093,36.5364,75.9244,374.9013,749.8027,789.266,1183.8989,75.8035,-1.1839,10.395423,15.593133,2.799122,29,215,300,5,0.03207536,0.00395337,0.05088190,0E-8,0.000000,0.912219,0.000000,-0.04848366,2026-03-31,2026-08-01,83,4123,1621,124,0.669355,0.205295,0.230786,0.106918,,,,,,,,GLOBAL_BASELINE_NO_ENTITY_RANKING,,,NOT_APPLICABLE_GLOBAL_BASELINE,HF9g-P5,,,,X 全窗基线 · 不参与实体赏罚,15056338,1506,A168_HF9F_20260827_0900,2026-08-27 09:00:00
2026-07-16,92755421,1646,0,75.8035172832,-75.8035172832,-75.8035172832,0E-7,1,1,0.50665070000000000,0.506650700000,-1.013391052207602,-1.013391052207602,-1.013391052207602,0E-17,ELIGIBLE,R03b_20260811_FULL_v1,L1_ELIGIBILITY,v2026-08-11,2026-03-21..2026-08-06,baccarat_bet02_101_all_pairs_incl_sentinel,round_win = game_pnl > 0 (decisive only),COMPATIBILITY_ONLY_NOT_PRODUCTION,2500103.8841,2280641.3266,9883.8276,11764,10369,-0.00395337,-0.05088190,-0.00239824,-0.00395337,-9883.8276,2500103.8841,OK,0.0000,395.3531,4.0000,96.0000,AG03-UNRESOLVED,ALL5_LEVELS_bet23_to_bet27,395.3531,395.3531,395.3531,395.3531,395.3531,4.000000,4.000000,4.000000,4.000000,4.000000,96.000000,96.000000,96.000000,96.000000,96.000000,5.0,1976.7655,1824.8244,7907.0621,8059.0032,PENDING_AG03,FALSE,NOT_FOR_ENFORCEMENT,9488.4745,2189415.6736,9883.8276,9488.4745,395.3531,0.00395337,0.00379523,395.3531,9488.4745,0.00379523,395.3531,395.3531,395.3531,395.3531,395.3531,9488.4745,0.00379523,1976.7655,1824.8244,7907.0621,8059.0032,0.00316269,0.00322347,0.00015813,212.5216,219.9480,0.9532,119.0823,2.3972,30121.7335,124.9277,49.0469,238.9093,36.5364,75.9244,374.9013,749.8027,789.266,1183.8989,75.8035,-1.1839,10.395423,15.593133,2.799122,29,215,300,5,0.03207536,0.00395337,0.05088190,0E-8,0.000000,0.912219,0.000000,-0.04848366,2026-03-31,2026-08-01,83,4123,1621,124,0.669355,0.205295,0.230786,0.106918,,,,,,,,GLOBAL_BASELINE_NO_ENTITY_RANKING,,,NOT_APPLICABLE_GLOBAL_BASELINE,HF9g-P5,,,,X 全窗基线 · 不参与实体赏罚,15056339,1506,A168_HF9F_20260827_0900,2026-08-27 09:00:00
2026-07-16,92755421,1963,0,272.8926622195,151.9860521527,151.9860521527,0.7500000,4,4,0.49994810000000000,0.499948100000,1.0002076053883384,1.0002076053883384,1.0002076053883384,0E-17,ELIGIBLE,R03b_20260811_FULL_v1,L1_ELIGIBILITY,v2026-08-11,2026-03-21..2026-08-06,baccarat_bet02_101_all_pairs_incl_sentinel,round_win = game_pnl > 0 (decisive only),COMPATIBILITY_ONLY_NOT_PRODUCTION,2500103.8841,2280641.3266,9883.8276,11764,10369,-0.00395337,-0.05088190,-0.00239824,-0.00395337,-9883.8276,2500103.8841,OK,0.0000,395.3531,4.0000,96.0000,AG03-UNRESOLVED,ALL5_LEVELS_bet23_to_bet27,395.3531,395.3531,395.3531,395.3531,395.3531,4.000000,4.000000,4.000000,4.000000,4.000000,96.000000,96.000000,96.000000,96.000000,96.000000,5.0,1976.7655,1824.8244,7907.0621,8059.0032,PENDING_AG03,FALSE,NOT_FOR_ENFORCEMENT,9488.4745,2189415.6736,9883.8276,9488.4745,395.3531,0.00395337,0.00379523,395.3531,9488.4745,0.00379523,395.3531,395.3531,395.3531,395.3531,395.3531,9488.4745,0.00379523,1976.7655,1824.8244,7907.0621,8059.0032,0.00316269,0.00322347,0.00015813,212.5216,219.9480,0.9532,119.0823,2.3972,30121.7335,124.9277,49.0469,238.9093,36.5364,75.9244,374.9013,749.8027,789.266,1183.8989,75.8035,-1.1839,10.395423,15.593133,2.799122,29,215,300,5,0.03207536,0.00395337,0.05088190,0E-8,0.000000,0.912219,0.000000,-0.04848366,2026-03-31,2026-08-01,83,4123,1621,124,0.669355,0.205295,0.230786,0.106918,,,,,,,,GLOBAL_BASELINE_NO_ENTITY_RANKING,,,NOT_APPLICABLE_GLOBAL_BASELINE,HF9g-P5,,,,X 全窗基线 · 不参与实体赏罚,15056340,1506,A168_HF9F_20260827_0900,2026-08-27 09:00:00
2026-07-16,92755421,2088,0,68.2231655549,-68.2231655549,-68.2231655549,0E-7,1,1,0.49324550000000000,0.493245500000,-0.9865810262130424,-0.9865810262130424,-0.9865810262130424,0E-17,ELIGIBLE,R03b_20260811_FULL_v1,L1_ELIGIBILITY,v2026-08-11,2026-03-21..2026-08-06,baccarat_bet02_101_all_pairs_incl_sentinel,round_win = game_pnl > 0 (decisive only),COMPATIBILITY_ONLY_NOT_PRODUCTION,2500103.8841,2280641.3266,9883.8276,11764,10369,-0.00395337,-0.05088190,-0.00239824,-0.00395337,-9883.8276,2500103.8841,OK,0.0000,395.3531,4.0000,96.0000,AG03-UNRESOLVED,ALL5_LEVELS_bet23_to_bet27,395.3531,395.3531,395.3531,395.3531,395.3531,4.000000,4.000000,4.000000,4.000000,4.000000,96.000000,96.000000,96.000000,96.000000,96.000000,5.0,1976.7655,1824.8244,7907.0621,8059.0032,PENDING_AG03,FALSE,NOT_FOR_ENFORCEMENT,9488.4745,2189415.6736,9883.8276,9488.4745,395.3531,0.00395337,0.00379523,395.3531,9488.4745,0.00379523,395.3531,395.3531,395.3531,395.3531,395.3531,9488.4745,0.00379523,1976.7655,1824.8244,7907.0621,8059.0032,0.00316269,0.00322347,0.00015813,212.5216,219.9480,0.9532,119.0823,2.3972,30121.7335,124.9277,49.0469,238.9093,36.5364,75.9244,374.9013,749.8027,789.266,1183.8989,75.8035,-1.1839,10.395423,15.593133,2.799122,29,215,300,5,0.03207536,0.00395337,0.05088190,0E-8,0.000000,0.912219,0.000000,-0.04848366,2026-03-31,2026-08-01,83,4123,1621,124,0.669355,0.205295,0.230786,0.106918,,,,,,,,GLOBAL_BASELINE_NO_ENTITY_RANKING,,,NOT_APPLICABLE_GLOBAL_BASELINE,HF9g-P5,,,,X 全窗基线 · 不参与实体赏罚,15056341,1506,A168_HF9F_20260827_0900,2026-08-27 09:00:00
2026-07-16,92755421,2108,0,337.3256519102,179.0858095815,179.0858095815,0.8000000,5,5,0.49860758000000000,0.498607580000,1.3478731046594083,1.3478731046594083,1.3478731046594083,0E-17,ELIGIBLE,R03b_20260811_FULL_v1,L1_ELIGIBILITY,v2026-08-11,2026-03-21..2026-08-06,baccarat_bet02_101_all_pairs_incl_sentinel,round_win = game_pnl > 0 (decisive only),COMPATIBILITY_ONLY_NOT_PRODUCTION,2500103.8841,2280641.3266,9883.8276,11764,10369,-0.00395337,-0.05088190,-0.00239824,-0.00395337,-9883.8276,2500103.8841,OK,0.0000,395.3531,4.0000,96.0000,AG03-UNRESOLVED,ALL5_LEVELS_bet23_to_bet27,395.3531,395.3531,395.3531,395.3531,395.3531,4.000000,4.000000,4.000000,4.000000,4.000000,96.000000,96.000000,96.000000,96.000000,96.000000,5.0,1976.7655,1824.8244,7907.0621,8059.0032,PENDING_AG03,FALSE,NOT_FOR_ENFORCEMENT,9488.4745,2189415.6736,9883.8276,9488.4745,395.3531,0.00395337,0.00379523,395.3531,9488.4745,0.00379523,395.3531,395.3531,395.3531,395.3531,395.3531,9488.4745,0.00379523,1976.7655,1824.8244,7907.0621,8059.0032,0.00316269,0.00322347,0.00015813,212.5216,219.9480,0.9532,119.0823,2.3972,30121.7335,124.9277,49.0469,238.9093,36.5364,75.9244,374.9013,749.8027,789.266,1183.8989,75.8035,-1.1839,10.395423,15.593133,2.799122,29,215,300,5,0.03207536,0.00395337,0.05088190,0E-8,0.000000,0.912219,0.000000,-0.04848366,2026-03-31,2026-08-01,83,4123,1621,124,0.669355,0.205295,0.230786,0.106918,,,,,,,,GLOBAL_BASELINE_NO_ENTITY_RANKING,,,NOT_APPLICABLE_GLOBAL_BASELINE,HF9g-P5,,,,X 全窗基线 · 不参与实体赏罚,15056342,1506,A168_HF9F_20260827_0900,2026-08-27 09:00:00
2026-07-16,92755421,2155,0,75.8035172832,-75.8035172832,-75.8035172832,0E-7,1,1,0.50665070000000000,0.506650700000,-1.013391052207602,-1.013391052207602,-1.013391052207602,0E-17,ELIGIBLE,R03b_20260811_FULL_v1,L1_ELIGIBILITY,v2026-08-11,2026-03-21..2026-08-06,baccarat_bet02_101_all_pairs_incl_sentinel,round_win = game_pnl > 0 (decisive only),COMPATIBILITY_ONLY_NOT_PRODUCTION,2500103.8841,2280641.3266,9883.8276,11764,10369,-0.00395337,-0.05088190,-0.00239824,-0.00395337,-9883.8276,2500103.8841,OK,0.0000,395.3531,4.0000,96.0000,AG03-UNRESOLVED,ALL5_LEVELS_bet23_to_bet27,395.3531,395.3531,395.3531,395.3531,395.3531,4.000000,4.000000,4.000000,4.000000,4.000000,96.000000,96.000000,96.000000,96.000000,96.000000,5.0,1976.7655,1824.8244,7907.0621,8059.0032,PENDING_AG03,FALSE,NOT_FOR_ENFORCEMENT,9488.4745,2189415.6736,9883.8276,9488.4745,395.3531,0.00395337,0.00379523,395.3531,9488.4745,0.00379523,395.3531,395.3531,395.3531,395.3531,395.3531,9488.4745,0.00379523,1976.7655,1824.8244,7907.0621,8059.0032,0.00316269,0.00322347,0.00015813,212.5216,219.9480,0.9532,119.0823,2.3972,30121.7335,124.9277,49.0469,238.9093,36.5364,75.9244,374.9013,749.8027,789.266,1183.8989,75.8035,-1.1839,10.395423,15.593133,2.799122,29,215,300,5,0.03207536,0.00395337,0.05088190,0E-8,0.000000,0.912219,0.000000,-0.04848366,2026-03-31,2026-08-01,83,4123,1621,124,0.669355,0.205295,0.230786,0.106918,,,,,,,,GLOBAL_BASELINE_NO_ENTITY_RANKING,,,NOT_APPLICABLE_GLOBAL_BASELINE,HF9g-P5,,,,X 全窗基线 · 不参与实体赏罚,15056343,1506,A168_HF9F_20260827_0900,2026-08-27 09:00:00
2026-07-16,92755421,2167,0,72.0133414190,-72.0133414190,-72.0133414190,0E-7,1,1,0.49324550000000000,0.493245500000,-0.9865810262130424,-0.9865810262130424,-0.9865810262130424,0E-17,ELIGIBLE,R03b_20260811_FULL_v1,L1_ELIGIBILITY,v2026-08-11,2026-03-21..2026-08-06,baccarat_bet02_101_all_pairs_incl_sentinel,round_win = game_pnl > 0 (decisive only),COMPATIBILITY_ONLY_NOT_PRODUCTION,2500103.8841,2280641.3266,9883.8276,11764,10369,-0.00395337,-0.05088190,-0.00239824,-0.00395337,-9883.8276,2500103.8841,OK,0.0000,395.3531,4.0000,96.0000,AG03-UNRESOLVED,ALL5_LEVELS_bet23_to_bet27,395.3531,395.3531,395.3531,395.3531,395.3531,4.000000,4.000000,4.000000,4.000000,4.000000,96.000000,96.000000,96.000000,96.000000,96.000000,5.0,1976.7655,1824.8244,7907.0621,8059.0032,PENDING_AG03,FALSE,NOT_FOR_ENFORCEMENT,9488.4745,2189415.6736,9883.8276,9488.4745,395.3531,0.00395337,0.00379523,395.3531,9488.4745,0.00379523,395.3531,395.3531,395.3531,395.3531,395.3531,9488.4745,0.00379523,1976.7655,1824.8244,7907.0621,8059.0032,0.00316269,0.00322347,0.00015813,212.5216,219.9480,0.9532,119.0823,2.3972,30121.7335,124.9277,49.0469,238.9093,36.5364,75.9244,374.9013,749.8027,789.266,1183.8989,75.8035,-1.1839,10.395423,15.593133,2.799122,29,215,300,5,0.03207536,0.00395337,0.05088190,0E-8,0.000000,0.912219,0.000000,-0.04848366,2026-03-31,2026-08-01,83,4123,1621,124,0.669355,0.205295,0.230786,0.106918,,,,,,,,GLOBAL_BASELINE_NO_ENTITY_RANKING,,,NOT_APPLICABLE_GLOBAL_BASELINE,HF9g-P5,,,,X 全窗基线 · 不参与实体赏罚,15056344,1506,A168_HF9F_20260827_0900,2026-08-27 09:00:00
2026-07-16,92755421,2210,0,151.6070345664,-3.7901758642,-3.7901758642,0.5000000,2,2,0.50665070000000000,0.506650700000,-0.018812684590367487,-0.018812684590367487,-0.018812684590367487,0E-17,ELIGIBLE,R03b_20260811_FULL_v1,L1_ELIGIBILITY,v2026-08-11,2026-03-21..2026-08-06,baccarat_bet02_101_all_pairs_incl_sentinel,round_win = game_pnl > 0 (decisive only),COMPATIBILITY_ONLY_NOT_PRODUCTION,2500103.8841,2280641.3266,9883.8276,11764,10369,-0.00395337,-0.05088190,-0.00239824,-0.00395337,-9883.8276,2500103.8841,OK,0.0000,395.3531,4.0000,96.0000,AG03-UNRESOLVED,ALL5_LEVELS_bet23_to_bet27,395.3531,395.3531,395.3531,395.3531,395.3531,4.000000,4.000000,4.000000,4.000000,4.000000,96.000000,96.000000,96.000000,96.000000,96.000000,5.0,1976.7655,1824.8244,7907.0621,8059.0032,PENDING_AG03,FALSE,NOT_FOR_ENFORCEMENT,9488.4745,2189415.6736,9883.8276,9488.4745,395.3531,0.00395337,0.00379523,395.3531,9488.4745,0.00379523,395.3531,395.3531,395.3531,395.3531,395.3531,9488.4745,0.00379523,1976.7655,1824.8244,7907.0621,8059.0032,0.00316269,0.00322347,0.00015813,212.5216,219.9480,0.9532,119.0823,2.3972,30121.7335,124.9277,49.0469,238.9093,36.5364,75.9244,374.9013,749.8027,789.266,1183.8989,75.8035,-1.1839,10.395423,15.593133,2.799122,29,215,300,5,0.03207536,0.00395337,0.05088190,0E-8,0.000000,0.912219,0.000000,-0.04848366,2026-03-31,2026-08-01,83,4123,1621,124,0.669355,0.205295,0.230786,0.106918,,,,,,,,GLOBAL_BASELINE_NO_ENTITY_RANKING,,,NOT_APPLICABLE_GLOBAL_BASELINE,HF9g-P5,,,,X 全窗基线 · 不参与实体赏罚,15056345,1506,A168_HF9F_20260827_0900,2026-08-27 09:00:00
2026-07-16,92755421,2220,0,75.8035172832,-75.8035172832,-75.8035172832,0E-7,1,1,0.49324550000000000,0.493245500000,-0.9865810262130424,-0.9865810262130424,-0.9865810262130424,0E-17,ELIGIBLE,R03b_20260811_FULL_v1,L1_ELIGIBILITY,v2026-08-11,2026-03-21..2026-08-06,baccarat_bet02_101_all_pairs_incl_sentinel,round_win = game_pnl > 0 (decisive only),COMPATIBILITY_ONLY_NOT_PRODUCTION,2500103.8841,2280641.3266,9883.8276,11764,10369,-0.00395337,-0.05088190,-0.00239824,-0.00395337,-9883.8276,2500103.8841,OK,0.0000,395.3531,4.0000,96.0000,AG03-UNRESOLVED,ALL5_LEVELS_bet23_to_bet27,395.3531,395.3531,395.3531,395.3531,395.3531,4.000000,4.000000,4.000000,4.000000,4.000000,96.000000,96.000000,96.000000,96.000000,96.000000,5.0,1976.7655,1824.8244,7907.0621,8059.0032,PENDING_AG03,FALSE,NOT_FOR_ENFORCEMENT,9488.4745,2189415.6736,9883.8276,9488.4745,395.3531,0.00395337,0.00379523,395.3531,9488.4745,0.00379523,395.3531,395.3531,395.3531,395.3531,395.3531,9488.4745,0.00379523,1976.7655,1824.8244,7907.0621,8059.0032,0.00316269,0.00322347,0.00015813,212.5216,219.9480,0.9532,119.0823,2.3972,30121.7335,124.9277,49.0469,238.9093,36.5364,75.9244,374.9013,749.8027,789.266,1183.8989,75.8035,-1.1839,10.395423,15.593133,2.799122,29,215,300,5,0.03207536,0.00395337,0.05088190,0E-8,0.000000,0.912219,0.000000,-0.04848366,2026-03-31,2026-08-01,83,4123,1621,124,0.669355,0.205295,0.230786,0.106918,,,,,,,,GLOBAL_BASELINE_NO_ENTITY_RANKING,,,NOT_APPLICABLE_GLOBAL_BASELINE,HF9g-P5,,,,X 全窗基线 · 不参与实体赏罚,15056346,1506,A168_HF9F_20260827_0900,2026-08-27 09:00:00
2026-07-16,92755421,2233,0,375.2274105518,147.8168587022,147.8168587022,0.7500000,5,4,0.50078592500000000,0.501623750000,0.9968575314749039,0.9935102389205961,0.9968575314749039,-0.00083782500000000,ELIGIBLE,R03b_20260811_FULL_v1,L1_ELIGIBILITY,v2026-08-11,2026-03-21..2026-08-06,baccarat_bet02_101_all_pairs_incl_sentinel,round_win = game_pnl > 0 (decisive only),COMPATIBILITY_ONLY_NOT_PRODUCTION,2500103.8841,2280641.3266,9883.8276,11764,10369,-0.00395337,-0.05088190,-0.00239824,-0.00395337,-9883.8276,2500103.8841,OK,0.0000,395.3531,4.0000,96.0000,AG03-UNRESOLVED,ALL5_LEVELS_bet23_to_bet27,395.3531,395.3531,395.3531,395.3531,395.3531,4.000000,4.000000,4.000000,4.000000,4.000000,96.000000,96.000000,96.000000,96.000000,96.000000,5.0,1976.7655,1824.8244,7907.0621,8059.0032,PENDING_AG03,FALSE,NOT_FOR_ENFORCEMENT,9488.4745,2189415.6736,9883.8276,9488.4745,395.3531,0.00395337,0.00379523,395.3531,9488.4745,0.00379523,395.3531,395.3531,395.3531,395.3531,395.3531,9488.4745,0.00379523,1976.7655,1824.8244,7907.0621,8059.0032,0.00316269,0.00322347,0.00015813,212.5216,219.9480,0.9532,119.0823,2.3972,30121.7335,124.9277,49.0469,238.9093,36.5364,75.9244,374.9013,749.8027,789.266,1183.8989,75.8035,-1.1839,10.395423,15.593133,2.799122,29,215,300,5,0.03207536,0.00395337,0.05088190,0E-8,0.000000,0.912219,0.000000,-0.04848366,2026-03-31,2026-08-01,83,4123,1621,124,0.669355,0.205295,0.230786,0.106918,,,,,,,,GLOBAL_BASELINE_NO_ENTITY_RANKING,,,NOT_APPLICABLE_GLOBAL_BASELINE,HF9g-P5,,,,X 全窗基线 · 不参与实体赏罚,15056347,1506,A168_HF9F_20260827_0900,2026-08-27 09:00:00
2026-07-16,92755421,2271,0,75.8035172832,-75.8035172832,-75.8035172832,0E-7,1,1,0.49324550000000000,0.493245500000,-0.9865810262130424,-0.9865810262130424,-0.9865810262130424,0E-17,ELIGIBLE,R03b_20260811_FULL_v1,L1_ELIGIBILITY,v2026-08-11,2026-03-21..2026-08-06,baccarat_bet02_101_all_pairs_incl_sentinel,round_win = game_pnl > 0 (decisive only),COMPATIBILITY_ONLY_NOT_PRODUCTION,2500103.8841,2280641.3266,9883.8276,11764,10369,-0.00395337,-0.05088190,-0.00239824,-0.00395337,-9883.8276,2500103.8841,OK,0.0000,395.3531,4.0000,96.0000,AG03-UNRESOLVED,ALL5_LEVELS_bet23_to_bet27,395.3531,395.3531,395.3531,395.3531,395.3531,4.000000,4.000000,4.000000,4.000000,4.000000,96.000000,96.000000,96.000000,96.000000,96.000000,5.0,1976.7655,1824.8244,7907.0621,8059.0032,PENDING_AG03,FALSE,NOT_FOR_ENFORCEMENT,9488.4745,2189415.6736,9883.8276,9488.4745,395.3531,0.00395337,0.00379523,395.3531,9488.4745,0.00379523,395.3531,395.3531,395.3531,395.3531,395.3531,9488.4745,0.00379523,1976.7655,1824.8244,7907.0621,8059.0032,0.00316269,0.00322347,0.00015813,212.5216,219.9480,0.9532,119.0823,2.3972,30121.7335,124.9277,49.0469,238.9093,36.5364,75.9244,374.9013,749.8027,789.266,1183.8989,75.8035,-1.1839,10.395423,15.593133,2.799122,29,215,300,5,0.03207536,0.00395337,0.05088190,0E-8,0.000000,0.912219,0.000000,-0.04848366,2026-03-31,2026-08-01,83,4123,1621,124,0.669355,0.205295,0.230786,0.106918,,,,,,,,GLOBAL_BASELINE_NO_ENTITY_RANKING,,,NOT_APPLICABLE_GLOBAL_BASELINE,HF9g-P5,,,,X 全窗基线 · 不参与实体赏罚,15056348,1506,A168_HF9F_20260827_0900,2026-08-27 09:00:00
2026-07-16,92755421,2278,0,75.8035172832,-75.8035172832,-75.8035172832,0E-7,1,1,0.49324550000000000,0.493245500000,-0.9865810262130424,-0.9865810262130424,-0.9865810262130424,0E-17,ELIGIBLE,R03b_20260811_FULL_v1,L1_ELIGIBILITY,v2026-08-11,2026-03-21..2026-08-06,baccarat_bet02_101_all_pairs_incl_sentinel,round_win = game_pnl > 0 (decisive only),COMPATIBILITY_ONLY_NOT_PRODUCTION,2500103.8841,2280641.3266,9883.8276,11764,10369,-0.00395337,-0.05088190,-0.00239824,-0.00395337,-9883.8276,2500103.8841,OK,0.0000,395.3531,4.0000,96.0000,AG03-UNRESOLVED,ALL5_LEVELS_bet23_to_bet27,395.3531,395.3531,395.3531,395.3531,395.3531,4.000000,4.000000,4.000000,4.000000,4.000000,96.000000,96.000000,96.000000,96.000000,96.000000,5.0,1976.7655,1824.8244,7907.0621,8059.0032,PENDING_AG03,FALSE,NOT_FOR_ENFORCEMENT,9488.4745,2189415.6736,9883.8276,9488.4745,395.3531,0.00395337,0.00379523,395.3531,9488.4745,0.00379523,395.3531,395.3531,395.3531,395.3531,395.3531,9488.4745,0.00379523,1976.7655,1824.8244,7907.0621,8059.0032,0.00316269,0.00322347,0.00015813,212.5216,219.9480,0.9532,119.0823,2.3972,30121.7335,124.9277,49.0469,238.9093,36.5364,75.9244,374.9013,749.8027,789.266,1183.8989,75.8035,-1.1839,10.395423,15.593133,2.799122,29,215,300,5,0.03207536,0.00395337,0.05088190,0E-8,0.000000,0.912219,0.000000,-0.04848366,2026-03-31,2026-08-01,83,4123,1621,124,0.669355,0.205295,0.230786,0.106918,,,,,,,,GLOBAL_BASELINE_NO_ENTITY_RANKING,,,NOT_APPLICABLE_GLOBAL_BASELINE,HF9g-P5,,,,X 全窗基线 · 不参与实体赏罚,15056349,1506,A168_HF9F_20260827_0900,2026-08-27 09:00:00
2026-07-16,92755421,2287,0,132.6561552456,-132.6561552456,-132.6561552456,0E-7,2,2,0.49994810000000000,0.499948100000,-1.4140667746232096,-1.4140667746232096,-1.4140667746232096,0E-17,ELIGIBLE,R03b_20260811_FULL_v1,L1_ELIGIBILITY,v2026-08-11,2026-03-21..2026-08-06,baccarat_bet02_101_all_pairs_incl_sentinel,round_win = game_pnl > 0 (decisive only),COMPATIBILITY_ONLY_NOT_PRODUCTION,2500103.8841,2280641.3266,9883.8276,11764,10369,-0.00395337,-0.05088190,-0.00239824,-0.00395337,-9883.8276,2500103.8841,OK,0.0000,395.3531,4.0000,96.0000,AG03-UNRESOLVED,ALL5_LEVELS_bet23_to_bet27,395.3531,395.3531,395.3531,395.3531,395.3531,4.000000,4.000000,4.000000,4.000000,4.000000,96.000000,96.000000,96.000000,96.000000,96.000000,5.0,1976.7655,1824.8244,7907.0621,8059.0032,PENDING_AG03,FALSE,NOT_FOR_ENFORCEMENT,9488.4745,2189415.6736,9883.8276,9488.4745,395.3531,0.00395337,0.00379523,395.3531,9488.4745,0.00379523,395.3531,395.3531,395.3531,395.3531,395.3531,9488.4745,0.00379523,1976.7655,1824.8244,7907.0621,8059.0032,0.00316269,0.00322347,0.00015813,212.5216,219.9480,0.9532,119.0823,2.3972,30121.7335,124.9277,49.0469,238.9093,36.5364,75.9244,374.9013,749.8027,789.266,1183.8989,75.8035,-1.1839,10.395423,15.593133,2.799122,29,215,300,5,0.03207536,0.00395337,0.05088190,0E-8,0.000000,0.912219,0.000000,-0.04848366,2026-03-31,2026-08-01,83,4123,1621,124,0.669355,0.205295,0.230786,0.106918,,,,,,,,GLOBAL_BASELINE_NO_ENTITY_RANKING,,,NOT_APPLICABLE_GLOBAL_BASELINE,HF9g-P5,,,,X 全窗基线 · 不参与实体赏罚,15056350,1506,A168_HF9F_20260827_0900,2026-08-27 09:00:00
2026-07-16,92755421,2288,0,151.6070345664,-3.7901758642,-3.7901758642,0.5000000,2,2,0.50665070000000000,0.506650700000,-0.018812684590367487,-0.018812684590367487,-0.018812684590367487,0E-17,ELIGIBLE,R03b_20260811_FULL_v1,L1_ELIGIBILITY,v2026-08-11,2026-03-21..2026-08-06,baccarat_bet02_101_all_pairs_incl_sentinel,round_win = game_pnl > 0 (decisive only),COMPATIBILITY_ONLY_NOT_PRODUCTION,2500103.8841,2280641.3266,9883.8276,11764,10369,-0.00395337,-0.05088190,-0.00239824,-0.00395337,-9883.8276,2500103.8841,OK,0.0000,395.3531,4.0000,96.0000,AG03-UNRESOLVED,ALL5_LEVELS_bet23_to_bet27,395.3531,395.3531,395.3531,395.3531,395.3531,4.000000,4.000000,4.000000,4.000000,4.000000,96.000000,96.000000,96.000000,96.000000,96.000000,5.0,1976.7655,1824.8244,7907.0621,8059.0032,PENDING_AG03,FALSE,NOT_FOR_ENFORCEMENT,9488.4745,2189415.6736,9883.8276,9488.4745,395.3531,0.00395337,0.00379523,395.3531,9488.4745,0.00379523,395.3531,395.3531,395.3531,395.3531,395.3531,9488.4745,0.00379523,1976.7655,1824.8244,7907.0621,8059.0032,0.00316269,0.00322347,0.00015813,212.5216,219.9480,0.9532,119.0823,2.3972,30121.7335,124.9277,49.0469,238.9093,36.5364,75.9244,374.9013,749.8027,789.266,1183.8989,75.8035,-1.1839,10.395423,15.593133,2.799122,29,215,300,5,0.03207536,0.00395337,0.05088190,0E-8,0.000000,0.912219,0.000000,-0.04848366,2026-03-31,2026-08-01,83,4123,1621,124,0.669355,0.205295,0.230786,0.106918,,,,,,,,GLOBAL_BASELINE_NO_ENTITY_RANKING,,,NOT_APPLICABLE_GLOBAL_BASELINE,HF9g-P5,,,,X 全窗基线 · 不参与实体赏罚,15056351,1506,A168_HF9F_20260827_0900,2026-08-27 09:00:00
2026-07-16,92755421,2289,0,151.6070345664,-151.6070345664,-151.6070345664,0E-7,2,2,0.50665070000000000,0.506650700000,-1.4331513700195317,-1.4331513700195317,-1.4331513700195317,0E-17,ELIGIBLE,R03b_20260811_FULL_v1,L1_ELIGIBILITY,v2026-08-11,2026-03-21..2026-08-06,baccarat_bet02_101_all_pairs_incl_sentinel,round_win = game_pnl > 0 (decisive only),COMPATIBILITY_ONLY_NOT_PRODUCTION,2500103.8841,2280641.3266,9883.8276,11764,10369,-0.00395337,-0.05088190,-0.00239824,-0.00395337,-9883.8276,2500103.8841,OK,0.0000,395.3531,4.0000,96.0000,AG03-UNRESOLVED,ALL5_LEVELS_bet23_to_bet27,395.3531,395.3531,395.3531,395.3531,395.3531,4.000000,4.000000,4.000000,4.000000,4.000000,96.000000,96.000000,96.000000,96.000000,96.000000,5.0,1976.7655,1824.8244,7907.0621,8059.0032,PENDING_AG03,FALSE,NOT_FOR_ENFORCEMENT,9488.4745,2189415.6736,9883.8276,9488.4745,395.3531,0.00395337,0.00379523,395.3531,9488.4745,0.00379523,395.3531,395.3531,395.3531,395.3531,395.3531,9488.4745,0.00379523,1976.7655,1824.8244,7907.0621,8059.0032,0.00316269,0.00322347,0.00015813,212.5216,219.9480,0.9532,119.0823,2.3972,30121.7335,124.9277,49.0469,238.9093,36.5364,75.9244,374.9013,749.8027,789.266,1183.8989,75.8035,-1.1839,10.395423,15.593133,2.799122,29,215,300,5,0.03207536,0.00395337,0.05088190,0E-8,0.000000,0.912219,0.000000,-0.04848366,2026-03-31,2026-08-01,83,4123,1621,124,0.669355,0.205295,0.230786,0.106918,,,,,,,,GLOBAL_BASELINE_NO_ENTITY_RANKING,,,NOT_APPLICABLE_GLOBAL_BASELINE,HF9g-P5,,,,X 全窗基线 · 不参与实体赏罚,15056352,1506,A168_HF9F_20260827_0900,2026-08-27 09:00:00
2026-07-16,92755421,595,0,75.8035172832,-75.8035172832,-75.8035172832,0E-7,1,1,0.49324550000000000,0.493245500000,-0.9865810262130424,-0.9865810262130424,-0.9865810262130424,0E-17,ELIGIBLE,R03b_20260811_FULL_v1,L1_ELIGIBILITY,v2026-08-11,2026-03-21..2026-08-06,baccarat_bet02_101_all_pairs_incl_sentinel,round_win = game_pnl > 0 (decisive only),COMPATIBILITY_ONLY_NOT_PRODUCTION,2500103.8841,2280641.3266,9883.8276,11764,10369,-0.00395337,-0.05088190,-0.00239824,-0.00395337,-9883.8276,2500103.8841,OK,0.0000,395.3531,4.0000,96.0000,AG03-UNRESOLVED,ALL5_LEVELS_bet23_to_bet27,395.3531,395.3531,395.3531,395.3531,395.3531,4.000000,4.000000,4.000000,4.000000,4.000000,96.000000,96.000000,96.000000,96.000000,96.000000,5.0,1976.7655,1824.8244,7907.0621,8059.0032,PENDING_AG03,FALSE,NOT_FOR_ENFORCEMENT,9488.4745,2189415.6736,9883.8276,9488.4745,395.3531,0.00395337,0.00379523,395.3531,9488.4745,0.00379523,395.3531,395.3531,395.3531,395.3531,395.3531,9488.4745,0.00379523,1976.7655,1824.8244,7907.0621,8059.0032,0.00316269,0.00322347,0.00015813,212.5216,219.9480,0.9532,119.0823,2.3972,30121.7335,124.9277,49.0469,238.9093,36.5364,75.9244,374.9013,749.8027,789.266,1183.8989,75.8035,-1.1839,10.395423,15.593133,2.799122,29,215,300,5,0.03207536,0.00395337,0.05088190,0E-8,0.000000,0.912219,0.000000,-0.04848366,2026-03-31,2026-08-01,83,4123,1621,124,0.669355,0.205295,0.230786,0.106918,,,,,,,,GLOBAL_BASELINE_NO_ENTITY_RANKING,,,NOT_APPLICABLE_GLOBAL_BASELINE,HF9g-P5,,,,X 全窗基线 · 不参与实体赏罚,15056353,1506,A168_HF9F_20260827_0900,2026-08-27 09:00:00
2026-07-16,92755421,919,0,223.6203759854,75.8035172832,75.8035172832,0.6666667,3,3,0.49771390000000000,0.497713900000,0.5852756695216578,0.5852756695216578,0.5852756695216578,0E-17,ELIGIBLE,R03b_20260811_FULL_v1,L1_ELIGIBILITY,v2026-08-11,2026-03-21..2026-08-06,baccarat_bet02_101_all_pairs_incl_sentinel,round_win = game_pnl > 0 (decisive only),COMPATIBILITY_ONLY_NOT_PRODUCTION,2500103.8841,2280641.3266,9883.8276,11764,10369,-0.00395337,-0.05088190,-0.00239824,-0.00395337,-9883.8276,2500103.8841,OK,0.0000,395.3531,4.0000,96.0000,AG03-UNRESOLVED,ALL5_LEVELS_bet23_to_bet27,395.3531,395.3531,395.3531,395.3531,395.3531,4.000000,4.000000,4.000000,4.000000,4.000000,96.000000,96.000000,96.000000,96.000000,96.000000,5.0,1976.7655,1824.8244,7907.0621,8059.0032,PENDING_AG03,FALSE,NOT_FOR_ENFORCEMENT,9488.4745,2189415.6736,9883.8276,9488.4745,395.3531,0.00395337,0.00379523,395.3531,9488.4745,0.00379523,395.3531,395.3531,395.3531,395.3531,395.3531,9488.4745,0.00379523,1976.7655,1824.8244,7907.0621,8059.0032,0.00316269,0.00322347,0.00015813,212.5216,219.9480,0.9532,119.0823,2.3972,30121.7335,124.9277,49.0469,238.9093,36.5364,75.9244,374.9013,749.8027,789.266,1183.8989,75.8035,-1.1839,10.395423,15.593133,2.799122,29,215,300,5,0.03207536,0.00395337,0.05088190,0E-8,0.000000,0.912219,0.000000,-0.04848366,2026-03-31,2026-08-01,83,4123,1621,124,0.669355,0.205295,0.230786,0.106918,,,,,,,,GLOBAL_BASELINE_NO_ENTITY_RANKING,,,NOT_APPLICABLE_GLOBAL_BASELINE,HF9g-P5,,,,X 全窗基线 · 不参与实体赏罚,15056354,1506,A168_HF9F_20260827_0900,2026-08-27 09:00:00
2026-07-16,92755421,986,0,421.4675560945,151.2280169799,151.2280169799,0.7500000,7,6,0.49890772587723632,0.460413883333,1.0043714930503638,1.1619920154696044,1.0043714930503638,0.03849384254423632,ELIGIBLE,R03b_20260811_FULL_v1,L1_ELIGIBILITY,v2026-08-11,2026-03-21..2026-08-06,baccarat_bet02_101_all_pairs_incl_sentinel,round_win = game_pnl > 0 (decisive only),COMPATIBILITY_ONLY_NOT_PRODUCTION,2500103.8841,2280641.3266,9883.8276,11764,10369,-0.00395337,-0.05088190,-0.00239824,-0.00395337,-9883.8276,2500103.8841,OK,0.0000,395.3531,4.0000,96.0000,AG03-UNRESOLVED,ALL5_LEVELS_bet23_to_bet27,395.3531,395.3531,395.3531,395.3531,395.3531,4.000000,4.000000,4.000000,4.000000,4.000000,96.000000,96.000000,96.000000,96.000000,96.000000,5.0,1976.7655,1824.8244,7907.0621,8059.0032,PENDING_AG03,FALSE,NOT_FOR_ENFORCEMENT,9488.4745,2189415.6736,9883.8276,9488.4745,395.3531,0.00395337,0.00379523,395.3531,9488.4745,0.00379523,395.3531,395.3531,395.3531,395.3531,395.3531,9488.4745,0.00379523,1976.7655,1824.8244,7907.0621,8059.0032,0.00316269,0.00322347,0.00015813,212.5216,219.9480,0.9532,119.0823,2.3972,30121.7335,124.9277,49.0469,238.9093,36.5364,75.9244,374.9013,749.8027,789.266,1183.8989,75.8035,-1.1839,10.395423,15.593133,2.799122,29,215,300,5,0.03207536,0.00395337,0.05088190,0E-8,0.000000,0.912219,0.000000,-0.04848366,2026-03-31,2026-08-01,83,4123,1621,124,0.669355,0.205295,0.230786,0.106918,,,,,,,,GLOBAL_BASELINE_NO_ENTITY_RANKING,,,NOT_APPLICABLE_GLOBAL_BASELINE,HF9g-P5,,,,X 全窗基线 · 不参与实体赏罚,15056355,1506,A168_HF9F_20260827_0900,2026-08-27 09:00:00
2026-07-17,92755421,-1,1,1524.0297149786,-680.4313220134,-680.4313220134,0.2500000,45,43,0.49919911820193818,0.489694667442,-3.1521512613502987,-3.032568553700684,-3.1521512613502987,0.00950445075993818,SENTINEL_DEALER,R03b_20260811_FULL_v1,L1_ELIGIBILITY,v2026-08-11,2026-03-21..2026-08-06,baccarat_bet02_101_all_pairs_incl_sentinel,round_win = game_pnl > 0 (decisive only),COMPATIBILITY_ONLY_NOT_PRODUCTION,2500103.8841,2280641.3266,9883.8276,11764,10369,-0.00395337,-0.05088190,-0.00239824,-0.00395337,-9883.8276,2500103.8841,OK,0.0000,395.3531,4.0000,96.0000,AG03-UNRESOLVED,ALL5_LEVELS_bet23_to_bet27,395.3531,395.3531,395.3531,395.3531,395.3531,4.000000,4.000000,4.000000,4.000000,4.000000,96.000000,96.000000,96.000000,96.000000,96.000000,5.0,1976.7655,1824.8244,7907.0621,8059.0032,PENDING_AG03,FALSE,NOT_FOR_ENFORCEMENT,9488.4745,2189415.6736,9883.8276,9488.4745,395.3531,0.00395337,0.00379523,395.3531,9488.4745,0.00379523,395.3531,395.3531,395.3531,395.3531,395.3531,9488.4745,0.00379523,1976.7655,1824.8244,7907.0621,8059.0032,0.00316269,0.00322347,0.00015813,212.5216,219.9480,0.9532,119.0823,2.3972,30121.7335,124.9277,49.0469,238.9093,36.5364,75.9244,374.9013,749.8027,789.266,1183.8989,75.8035,-1.1839,10.395423,15.593133,2.799122,29,215,300,5,0.03207536,0.00395337,0.05088190,0E-8,0.000000,0.912219,0.000000,-0.04848366,2026-03-31,2026-08-01,83,4123,1621,124,0.669355,0.205295,0.230786,0.106918,,,,,,,,GLOBAL_BASELINE_NO_ENTITY_RANKING,,,NOT_APPLICABLE_GLOBAL_BASELINE,HF9g-P5,,,,X 全窗基线 · 不参与实体赏罚,15056356,1506,A168_HF9F_20260827_0900,2026-08-27 09:00:00
2026-07-17,92755421,1007,0,111.8101879927,34.1115827774,34.1115827774,0.6666667,3,3,0.50218230000000000,0.502182300000,0.5697959874915163,0.5697959874915164,0.5697959874915163,0E-17,ELIGIBLE,R03b_20260811_FULL_v1,L1_ELIGIBILITY,v2026-08-11,2026-03-21..2026-08-06,baccarat_bet02_101_all_pairs_incl_sentinel,round_win = game_pnl > 0 (decisive only),COMPATIBILITY_ONLY_NOT_PRODUCTION,2500103.8841,2280641.3266,9883.8276,11764,10369,-0.00395337,-0.05088190,-0.00239824,-0.00395337,-9883.8276,2500103.8841,OK,0.0000,395.3531,4.0000,96.0000,AG03-UNRESOLVED,ALL5_LEVELS_bet23_to_bet27,395.3531,395.3531,395.3531,395.3531,395.3531,4.000000,4.000000,4.000000,4.000000,4.000000,96.000000,96.000000,96.000000,96.000000,96.000000,5.0,1976.7655,1824.8244,7907.0621,8059.0032,PENDING_AG03,FALSE,NOT_FOR_ENFORCEMENT,9488.4745,2189415.6736,9883.8276,9488.4745,395.3531,0.00395337,0.00379523,395.3531,9488.4745,0.00379523,395.3531,395.3531,395.3531,395.3531,395.3531,9488.4745,0.00379523,1976.7655,1824.8244,7907.0621,8059.0032,0.00316269,0.00322347,0.00015813,212.5216,219.9480,0.9532,119.0823,2.3972,30121.7335,124.9277,49.0469,238.9093,36.5364,75.9244,374.9013,749.8027,789.266,1183.8989,75.8035,-1.1839,10.395423,15.593133,2.799122,29,215,300,5,0.03207536,0.00395337,0.05088190,0E-8,0.000000,0.912219,0.000000,-0.04848366,2026-03-31,2026-08-01,83,4123,1621,124,0.669355,0.205295,0.230786,0.106918,,,,,,,,GLOBAL_BASELINE_NO_ENTITY_RANKING,,,NOT_APPLICABLE_GLOBAL_BASELINE,HF9g-P5,,,,X 全窗基线 · 不参与实体赏罚,15056357,1506,A168_HF9F_20260827_0900,2026-08-27 09:00:00
2026-07-17,92755421,1094,0,83.3838690115,-46.4296543359,-46.4296543359,0.3333333,5,3,0.47285551402758364,0.337342833333,-0.48403283099750416,-0.014688270143978827,-0.48403283099750416,0.13551268069458364,ELIGIBLE,R03b_20260811_FULL_v1,L1_ELIGIBILITY,v2026-08-11,2026-03-21..2026-08-06,baccarat_bet02_101_all_pairs_incl_sentinel,round_win = game_pnl > 0 (decisive only),COMPATIBILITY_ONLY_NOT_PRODUCTION,2500103.8841,2280641.3266,9883.8276,11764,10369,-0.00395337,-0.05088190,-0.00239824,-0.00395337,-9883.8276,2500103.8841,OK,0.0000,395.3531,4.0000,96.0000,AG03-UNRESOLVED,ALL5_LEVELS_bet23_to_bet27,395.3531,395.3531,395.3531,395.3531,395.3531,4.000000,4.000000,4.000000,4.000000,4.000000,96.000000,96.000000,96.000000,96.000000,96.000000,5.0,1976.7655,1824.8244,7907.0621,8059.0032,PENDING_AG03,FALSE,NOT_FOR_ENFORCEMENT,9488.4745,2189415.6736,9883.8276,9488.4745,395.3531,0.00395337,0.00379523,395.3531,9488.4745,0.00379523,395.3531,395.3531,395.3531,395.3531,395.3531,9488.4745,0.00379523,1976.7655,1824.8244,7907.0621,8059.0032,0.00316269,0.00322347,0.00015813,212.5216,219.9480,0.9532,119.0823,2.3972,30121.7335,124.9277,49.0469,238.9093,36.5364,75.9244,374.9013,749.8027,789.266,1183.8989,75.8035,-1.1839,10.395423,15.593133,2.799122,29,215,300,5,0.03207536,0.00395337,0.05088190,0E-8,0.000000,0.912219,0.000000,-0.04848366,2026-03-31,2026-08-01,83,4123,1621,124,0.669355,0.205295,0.230786,0.106918,,,,,,,,GLOBAL_BASELINE_NO_ENTITY_RANKING,,,NOT_APPLICABLE_GLOBAL_BASELINE,HF9g-P5,,,,X 全窗基线 · 不参与实体赏罚,15056358,1506,A168_HF9F_20260827_0900,2026-08-27 09:00:00
2026-07-17,92755421,1109,0,111.8101879927,-37.9017586416,-37.9017586416,0.3333333,3,3,0.50665070000000000,0.506650700000,-0.6004420894325239,-0.6004420894325239,-0.6004420894325239,0E-17,ELIGIBLE,R03b_20260811_FULL_v1,L1_ELIGIBILITY,v2026-08-11,2026-03-21..2026-08-06,baccarat_bet02_101_all_pairs_incl_sentinel,round_win = game_pnl > 0 (decisive only),COMPATIBILITY_ONLY_NOT_PRODUCTION,2500103.8841,2280641.3266,9883.8276,11764,10369,-0.00395337,-0.05088190,-0.00239824,-0.00395337,-9883.8276,2500103.8841,OK,0.0000,395.3531,4.0000,96.0000,AG03-UNRESOLVED,ALL5_LEVELS_bet23_to_bet27,395.3531,395.3531,395.3531,395.3531,395.3531,4.000000,4.000000,4.000000,4.000000,4.000000,96.000000,96.000000,96.000000,96.000000,96.000000,5.0,1976.7655,1824.8244,7907.0621,8059.0032,PENDING_AG03,FALSE,NOT_FOR_ENFORCEMENT,9488.4745,2189415.6736,9883.8276,9488.4745,395.3531,0.00395337,0.00379523,395.3531,9488.4745,0.00379523,395.3531,395.3531,395.3531,395.3531,395.3531,9488.4745,0.00379523,1976.7655,1824.8244,7907.0621,8059.0032,0.00316269,0.00322347,0.00015813,212.5216,219.9480,0.9532,119.0823,2.3972,30121.7335,124.9277,49.0469,238.9093,36.5364,75.9244,374.9013,749.8027,789.266,1183.8989,75.8035,-1.1839,10.395423,15.593133,2.799122,29,215,300,5,0.03207536,0.00395337,0.05088190,0E-8,0.000000,0.912219,0.000000,-0.04848366,2026-03-31,2026-08-01,83,4123,1621,124,0.669355,0.205295,0.230786,0.106918,,,,,,,,GLOBAL_BASELINE_NO_ENTITY_RANKING,,,NOT_APPLICABLE_GLOBAL_BASELINE,HF9g-P5,,,,X 全窗基线 · 不参与实体赏罚,15056359,1506,A168_HF9F_20260827_0900,2026-08-27 09:00:00
2026-07-17,92755421,1151,0,37.9017586416,-37.9017586416,-37.9017586416,0E-7,1,1,0.49324550000000000,0.493245500000,-0.9865810262130424,-0.9865810262130424,-0.9865810262130424,0E-17,ELIGIBLE,R03b_20260811_FULL_v1,L1_ELIGIBILITY,v2026-08-11,2026-03-21..2026-08-06,baccarat_bet02_101_all_pairs_incl_sentinel,round_win = game_pnl > 0 (decisive only),COMPATIBILITY_ONLY_NOT_PRODUCTION,2500103.8841,2280641.3266,9883.8276,11764,10369,-0.00395337,-0.05088190,-0.00239824,-0.00395337,-9883.8276,2500103.8841,OK,0.0000,395.3531,4.0000,96.0000,AG03-UNRESOLVED,ALL5_LEVELS_bet23_to_bet27,395.3531,395.3531,395.3531,395.3531,395.3531,4.000000,4.000000,4.000000,4.000000,4.000000,96.000000,96.000000,96.000000,96.000000,96.000000,5.0,1976.7655,1824.8244,7907.0621,8059.0032,PENDING_AG03,FALSE,NOT_FOR_ENFORCEMENT,9488.4745,2189415.6736,9883.8276,9488.4745,395.3531,0.00395337,0.00379523,395.3531,9488.4745,0.00379523,395.3531,395.3531,395.3531,395.3531,395.3531,9488.4745,0.00379523,1976.7655,1824.8244,7907.0621,8059.0032,0.00316269,0.00322347,0.00015813,212.5216,219.9480,0.9532,119.0823,2.3972,30121.7335,124.9277,49.0469,238.9093,36.5364,75.9244,374.9013,749.8027,789.266,1183.8989,75.8035,-1.1839,10.395423,15.593133,2.799122,29,215,300,5,0.03207536,0.00395337,0.05088190,0E-8,0.000000,0.912219,0.000000,-0.04848366,2026-03-31,2026-08-01,83,4123,1621,124,0.669355,0.205295,0.230786,0.106918,,,,,,,,GLOBAL_BASELINE_NO_ENTITY_RANKING,,,NOT_APPLICABLE_GLOBAL_BASELINE,HF9g-P5,,,,X 全窗基线 · 不参与实体赏罚,15056360,1506,A168_HF9F_20260827_0900,2026-08-27 09:00:00
2026-07-17,92755421,1205,0,37.9017586416,-37.9017586416,-37.9017586416,0E-7,1,1,0.50665070000000000,0.506650700000,-1.013391052207602,-1.013391052207602,-1.013391052207602,0E-17,ELIGIBLE,R03b_20260811_FULL_v1,L1_ELIGIBILITY,v2026-08-11,2026-03-21..2026-08-06,baccarat_bet02_101_all_pairs_incl_sentinel,round_win = game_pnl > 0 (decisive only),COMPATIBILITY_ONLY_NOT_PRODUCTION,2500103.8841,2280641.3266,9883.8276,11764,10369,-0.00395337,-0.05088190,-0.00239824,-0.00395337,-9883.8276,2500103.8841,OK,0.0000,395.3531,4.0000,96.0000,AG03-UNRESOLVED,ALL5_LEVELS_bet23_to_bet27,395.3531,395.3531,395.3531,395.3531,395.3531,4.000000,4.000000,4.000000,4.000000,4.000000,96.000000,96.000000,96.000000,96.000000,96.000000,5.0,1976.7655,1824.8244,7907.0621,8059.0032,PENDING_AG03,FALSE,NOT_FOR_ENFORCEMENT,9488.4745,2189415.6736,9883.8276,9488.4745,395.3531,0.00395337,0.00379523,395.3531,9488.4745,0.00379523,395.3531,395.3531,395.3531,395.3531,395.3531,9488.4745,0.00379523,1976.7655,1824.8244,7907.0621,8059.0032,0.00316269,0.00322347,0.00015813,212.5216,219.9480,0.9532,119.0823,2.3972,30121.7335,124.9277,49.0469,238.9093,36.5364,75.9244,374.9013,749.8027,789.266,1183.8989,75.8035,-1.1839,10.395423,15.593133,2.799122,29,215,300,5,0.03207536,0.00395337,0.05088190,0E-8,0.000000,0.912219,0.000000,-0.04848366,2026-03-31,2026-08-01,83,4123,1621,124,0.669355,0.205295,0.230786,0.106918,,,,,,,,GLOBAL_BASELINE_NO_ENTITY_RANKING,,,NOT_APPLICABLE_GLOBAL_BASELINE,HF9g-P5,,,,X 全窗基线 · 不参与实体赏罚,15056361,1506,A168_HF9F_20260827_0900,2026-08-27 09:00:00
2026-07-17,92755421,1302,0,198.9842328683,-56.8526379624,-56.8526379624,0.3333333,6,6,0.50218230000000000,0.502182300000,-0.8271955028234007,-0.8271955028234007,-0.8271955028234007,0E-17,ELIGIBLE,R03b_20260811_FULL_v1,L1_ELIGIBILITY,v2026-08-11,2026-03-21..2026-08-06,baccarat_bet02_101_all_pairs_incl_sentinel,round_win = game_pnl > 0 (decisive only),COMPATIBILITY_ONLY_NOT_PRODUCTION,2500103.8841,2280641.3266,9883.8276,11764,10369,-0.00395337,-0.05088190,-0.00239824,-0.00395337,-9883.8276,2500103.8841,OK,0.0000,395.3531,4.0000,96.0000,AG03-UNRESOLVED,ALL5_LEVELS_bet23_to_bet27,395.3531,395.3531,395.3531,395.3531,395.3531,4.000000,4.000000,4.000000,4.000000,4.000000,96.000000,96.000000,96.000000,96.000000,96.000000,5.0,1976.7655,1824.8244,7907.0621,8059.0032,PENDING_AG03,FALSE,NOT_FOR_ENFORCEMENT,9488.4745,2189415.6736,9883.8276,9488.4745,395.3531,0.00395337,0.00379523,395.3531,9488.4745,0.00379523,395.3531,395.3531,395.3531,395.3531,395.3531,9488.4745,0.00379523,1976.7655,1824.8244,7907.0621,8059.0032,0.00316269,0.00322347,0.00015813,212.5216,219.9480,0.9532,119.0823,2.3972,30121.7335,124.9277,49.0469,238.9093,36.5364,75.9244,374.9013,749.8027,789.266,1183.8989,75.8035,-1.1839,10.395423,15.593133,2.799122,29,215,300,5,0.03207536,0.00395337,0.05088190,0E-8,0.000000,0.912219,0.000000,-0.04848366,2026-03-31,2026-08-01,83,4123,1621,124,0.669355,0.205295,0.230786,0.106918,,,,,,,,GLOBAL_BASELINE_NO_ENTITY_RANKING,,,NOT_APPLICABLE_GLOBAL_BASELINE,HF9g-P5,,,,X 全窗基线 · 不参与实体赏罚,15056362,1506,A168_HF9F_20260827_0900,2026-08-27 09:00:00
2026-07-17,92755421,1304,0,59.5057610673,-0.3790175864,-0.3790175864,0.5000000,3,2,0.49378692337687671,0.381345450000,0.017574591341386787,0.3454745057990616,0.017574591341386787,0.11244147337687671,ELIGIBLE,R03b_20260811_FULL_v1,L1_ELIGIBILITY,v2026-08-11,2026-03-21..2026-08-06,baccarat_bet02_101_all_pairs_incl_sentinel,round_win = game_pnl > 0 (decisive only),COMPATIBILITY_ONLY_NOT_PRODUCTION,2500103.8841,2280641.3266,9883.8276,11764,10369,-0.00395337,-0.05088190,-0.00239824,-0.00395337,-9883.8276,2500103.8841,OK,0.0000,395.3531,4.0000,96.0000,AG03-UNRESOLVED,ALL5_LEVELS_bet23_to_bet27,395.3531,395.3531,395.3531,395.3531,395.3531,4.000000,4.000000,4.000000,4.000000,4.000000,96.000000,96.000000,96.000000,96.000000,96.000000,5.0,1976.7655,1824.8244,7907.0621,8059.0032,PENDING_AG03,FALSE,NOT_FOR_ENFORCEMENT,9488.4745,2189415.6736,9883.8276,9488.4745,395.3531,0.00395337,0.00379523,395.3531,9488.4745,0.00379523,395.3531,395.3531,395.3531,395.3531,395.3531,9488.4745,0.00379523,1976.7655,1824.8244,7907.0621,8059.0032,0.00316269,0.00322347,0.00015813,212.5216,219.9480,0.9532,119.0823,2.3972,30121.7335,124.9277,49.0469,238.9093,36.5364,75.9244,374.9013,749.8027,789.266,1183.8989,75.8035,-1.1839,10.395423,15.593133,2.799122,29,215,300,5,0.03207536,0.00395337,0.05088190,0E-8,0.000000,0.912219,0.000000,-0.04848366,2026-03-31,2026-08-01,83,4123,1621,124,0.669355,0.205295,0.230786,0.106918,,,,,,,,GLOBAL_BASELINE_NO_ENTITY_RANKING,,,NOT_APPLICABLE_GLOBAL_BASELINE,HF9g-P5,,,,X 全窗基线 · 不参与实体赏罚,15056363,1506,A168_HF9F_20260827_0900,2026-08-27 09:00:00
2026-07-17,92755421,1306,0,781.5342631898,331.9057004244,331.9057004244,0.7777778,24,22,0.49768883467891859,0.478383981818,2.376658881918745,2.542817986589321,2.376658881918745,0.01930485286091859,ELIGIBLE,R03b_20260811_FULL_v1,L1_ELIGIBILITY,v2026-08-11,2026-03-21..2026-08-06,baccarat_bet02_101_all_pairs_incl_sentinel,round_win = game_pnl > 0 (decisive only),COMPATIBILITY_ONLY_NOT_PRODUCTION,2500103.8841,2280641.3266,9883.8276,11764,10369,-0.00395337,-0.05088190,-0.00239824,-0.00395337,-9883.8276,2500103.8841,OK,0.0000,395.3531,4.0000,96.0000,AG03-UNRESOLVED,ALL5_LEVELS_bet23_to_bet27,395.3531,395.3531,395.3531,395.3531,395.3531,4.000000,4.000000,4.000000,4.000000,4.000000,96.000000,96.000000,96.000000,96.000000,96.000000,5.0,1976.7655,1824.8244,7907.0621,8059.0032,PENDING_AG03,FALSE,NOT_FOR_ENFORCEMENT,9488.4745,2189415.6736,9883.8276,9488.4745,395.3531,0.00395337,0.00379523,395.3531,9488.4745,0.00379523,395.3531,395.3531,395.3531,395.3531,395.3531,9488.4745,0.00379523,1976.7655,1824.8244,7907.0621,8059.0032,0.00316269,0.00322347,0.00015813,212.5216,219.9480,0.9532,119.0823,2.3972,30121.7335,124.9277,49.0469,238.9093,36.5364,75.9244,374.9013,749.8027,789.266,1183.8989,75.8035,-1.1839,10.395423,15.593133,2.799122,29,215,300,5,0.03207536,0.00395337,0.05088190,0E-8,0.000000,0.912219,0.000000,-0.04848366,2026-03-31,2026-08-01,83,4123,1621,124,0.669355,0.205295,0.230786,0.106918,,,,,,,,GLOBAL_BASELINE_NO_ENTITY_RANKING,,,NOT_APPLICABLE_GLOBAL_BASELINE,HF9g-P5,,,,X 全窗基线 · 不参与实体赏罚,15056364,1506,A168_HF9F_20260827_0900,2026-08-27 09:00:00
2026-07-17,92755421,1307,0,190.6458459672,-40.9338993329,-40.9338993329,0.4000000,7,5,0.48982132729041323,0.405065980000,-0.4017764483301313,-0.023075503512721692,-0.4017764483301313,0.08475534729041323,ELIGIBLE,R03b_20260811_FULL_v1,L1_ELIGIBILITY,v2026-08-11,2026-03-21..2026-08-06,baccarat_bet02_101_all_pairs_incl_sentinel,round_win = game_pnl > 0 (decisive only),COMPATIBILITY_ONLY_NOT_PRODUCTION,2500103.8841,2280641.3266,9883.8276,11764,10369,-0.00395337,-0.05088190,-0.00239824,-0.00395337,-9883.8276,2500103.8841,OK,0.0000,395.3531,4.0000,96.0000,AG03-UNRESOLVED,ALL5_LEVELS_bet23_to_bet27,395.3531,395.3531,395.3531,395.3531,395.3531,4.000000,4.000000,4.000000,4.000000,4.000000,96.000000,96.000000,96.000000,96.000000,96.000000,5.0,1976.7655,1824.8244,7907.0621,8059.0032,PENDING_AG03,FALSE,NOT_FOR_ENFORCEMENT,9488.4745,2189415.6736,9883.8276,9488.4745,395.3531,0.00395337,0.00379523,395.3531,9488.4745,0.00379523,395.3531,395.3531,395.3531,395.3531,395.3531,9488.4745,0.00379523,1976.7655,1824.8244,7907.0621,8059.0032,0.00316269,0.00322347,0.00015813,212.5216,219.9480,0.9532,119.0823,2.3972,30121.7335,124.9277,49.0469,238.9093,36.5364,75.9244,374.9013,749.8027,789.266,1183.8989,75.8035,-1.1839,10.395423,15.593133,2.799122,29,215,300,5,0.03207536,0.00395337,0.05088190,0E-8,0.000000,0.912219,0.000000,-0.04848366,2026-03-31,2026-08-01,83,4123,1621,124,0.669355,0.205295,0.230786,0.106918,,,,,,,,GLOBAL_BASELINE_NO_ENTITY_RANKING,,,NOT_APPLICABLE_GLOBAL_BASELINE,HF9g-P5,,,,X 全窗基线 · 不参与实体赏罚,15056365,1506,A168_HF9F_20260827_0900,2026-08-27 09:00:00
2026-07-17,92755421,1318,0,37.9017586416,-37.9017586416,-37.9017586416,0E-7,1,1,0.49324550000000000,0.493245500000,-0.9865810262130424,-0.9865810262130424,-0.9865810262130424,0E-17,ELIGIBLE,R03b_20260811_FULL_v1,L1_ELIGIBILITY,v2026-08-11,2026-03-21..2026-08-06,baccarat_bet02_101_all_pairs_incl_sentinel,round_win = game_pnl > 0 (decisive only),COMPATIBILITY_ONLY_NOT_PRODUCTION,2500103.8841,2280641.3266,9883.8276,11764,10369,-0.00395337,-0.05088190,-0.00239824,-0.00395337,-9883.8276,2500103.8841,OK,0.0000,395.3531,4.0000,96.0000,AG03-UNRESOLVED,ALL5_LEVELS_bet23_to_bet27,395.3531,395.3531,395.3531,395.3531,395.3531,4.000000,4.000000,4.000000,4.000000,4.000000,96.000000,96.000000,96.000000,96.000000,96.000000,5.0,1976.7655,1824.8244,7907.0621,8059.0032,PENDING_AG03,FALSE,NOT_FOR_ENFORCEMENT,9488.4745,2189415.6736,9883.8276,9488.4745,395.3531,0.00395337,0.00379523,395.3531,9488.4745,0.00379523,395.3531,395.3531,395.3531,395.3531,395.3531,9488.4745,0.00379523,1976.7655,1824.8244,7907.0621,8059.0032,0.00316269,0.00322347,0.00015813,212.5216,219.9480,0.9532,119.0823,2.3972,30121.7335,124.9277,49.0469,238.9093,36.5364,75.9244,374.9013,749.8027,789.266,1183.8989,75.8035,-1.1839,10.395423,15.593133,2.799122,29,215,300,5,0.03207536,0.00395337,0.05088190,0E-8,0.000000,0.912219,0.000000,-0.04848366,2026-03-31,2026-08-01,83,4123,1621,124,0.669355,0.205295,0.230786,0.106918,,,,,,,,GLOBAL_BASELINE_NO_ENTITY_RANKING,,,NOT_APPLICABLE_GLOBAL_BASELINE,HF9g-P5,,,,X 全窗基线 · 不参与实体赏罚,15056366,1506,A168_HF9F_20260827_0900,2026-08-27 09:00:00
2026-07-17,92755421,1323,0,92.8593086718,15.2554578534,15.2554578534,0.6000000,7,5,0.49120686367060408,0.405065980000,0.48661295154847434,0.8879230994316916,0.48661295154847434,0.08614088367060408,ELIGIBLE,R03b_20260811_FULL_v1,L1_ELIGIBILITY,v2026-08-11,2026-03-21..2026-08-06,baccarat_bet02_101_all_pairs_incl_sentinel,round_win = game_pnl > 0 (decisive only),COMPATIBILITY_ONLY_NOT_PRODUCTION,2500103.8841,2280641.3266,9883.8276,11764,10369,-0.00395337,-0.05088190,-0.00239824,-0.00395337,-9883.8276,2500103.8841,OK,0.0000,395.3531,4.0000,96.0000,AG03-UNRESOLVED,ALL5_LEVELS_bet23_to_bet27,395.3531,395.3531,395.3531,395.3531,395.3531,4.000000,4.000000,4.000000,4.000000,4.000000,96.000000,96.000000,96.000000,96.000000,96.000000,5.0,1976.7655,1824.8244,7907.0621,8059.0032,PENDING_AG03,FALSE,NOT_FOR_ENFORCEMENT,9488.4745,2189415.6736,9883.8276,9488.4745,395.3531,0.00395337,0.00379523,395.3531,9488.4745,0.00379523,395.3531,395.3531,395.3531,395.3531,395.3531,9488.4745,0.00379523,1976.7655,1824.8244,7907.0621,8059.0032,0.00316269,0.00322347,0.00015813,212.5216,219.9480,0.9532,119.0823,2.3972,30121.7335,124.9277,49.0469,238.9093,36.5364,75.9244,374.9013,749.8027,789.266,1183.8989,75.8035,-1.1839,10.395423,15.593133,2.799122,29,215,300,5,0.03207536,0.00395337,0.05088190,0E-8,0.000000,0.912219,0.000000,-0.04848366,2026-03-31,2026-08-01,83,4123,1621,124,0.669355,0.205295,0.230786,0.106918,,,,,,,,GLOBAL_BASELINE_NO_ENTITY_RANKING,,,NOT_APPLICABLE_GLOBAL_BASELINE,HF9g-P5,,,,X 全窗基线 · 不参与实体赏罚,15056367,1506,A168_HF9F_20260827_0900,2026-08-27 09:00:00
2026-07-17,92755421,1374,0,255.8368708307,102.4295027288,102.4295027288,0.7142857,7,7,0.50090561428571429,0.500905614286,1.129103210700875,1.1291032106993646,1.129103210700875,-2.8571E-13,ELIGIBLE,R03b_20260811_FULL_v1,L1_ELIGIBILITY,v2026-08-11,2026-03-21..2026-08-06,baccarat_bet02_101_all_pairs_incl_sentinel,round_win = game_pnl > 0 (decisive only),COMPATIBILITY_ONLY_NOT_PRODUCTION,2500103.8841,2280641.3266,9883.8276,11764,10369,-0.00395337,-0.05088190,-0.00239824,-0.00395337,-9883.8276,2500103.8841,OK,0.0000,395.3531,4.0000,96.0000,AG03-UNRESOLVED,ALL5_LEVELS_bet23_to_bet27,395.3531,395.3531,395.3531,395.3531,395.3531,4.000000,4.000000,4.000000,4.000000,4.000000,96.000000,96.000000,96.000000,96.000000,96.000000,5.0,1976.7655,1824.8244,7907.0621,8059.0032,PENDING_AG03,FALSE,NOT_FOR_ENFORCEMENT,9488.4745,2189415.6736,9883.8276,9488.4745,395.3531,0.00395337,0.00379523,395.3531,9488.4745,0.00379523,395.3531,395.3531,395.3531,395.3531,395.3531,9488.4745,0.00379523,1976.7655,1824.8244,7907.0621,8059.0032,0.00316269,0.00322347,0.00015813,212.5216,219.9480,0.9532,119.0823,2.3972,30121.7335,124.9277,49.0469,238.9093,36.5364,75.9244,374.9013,749.8027,789.266,1183.8989,75.8035,-1.1839,10.395423,15.593133,2.799122,29,215,300,5,0.03207536,0.00395337,0.05088190,0E-8,0.000000,0.912219,0.000000,-0.04848366,2026-03-31,2026-08-01,83,4123,1621,124,0.669355,0.205295,0.230786,0.106918,,,,,,,,GLOBAL_BASELINE_NO_ENTITY_RANKING,,,NOT_APPLICABLE_GLOBAL_BASELINE,HF9g-P5,,,,X 全窗基线 · 不参与实体赏罚,15056368,1506,A168_HF9F_20260827_0900,2026-08-27 09:00:00
2026-07-17,92755421,1383,0,37.9017586416,-37.9017586416,-37.9017586416,0E-7,1,1,0.50665070000000000,0.506650700000,-1.013391052207602,-1.013391052207602,-1.013391052207602,0E-17,ELIGIBLE,R03b_20260811_FULL_v1,L1_ELIGIBILITY,v2026-08-11,2026-03-21..2026-08-06,baccarat_bet02_101_all_pairs_incl_sentinel,round_win = game_pnl > 0 (decisive only),COMPATIBILITY_ONLY_NOT_PRODUCTION,2500103.8841,2280641.3266,9883.8276,11764,10369,-0.00395337,-0.05088190,-0.00239824,-0.00395337,-9883.8276,2500103.8841,OK,0.0000,395.3531,4.0000,96.0000,AG03-UNRESOLVED,ALL5_LEVELS_bet23_to_bet27,395.3531,395.3531,395.3531,395.3531,395.3531,4.000000,4.000000,4.000000,4.000000,4.000000,96.000000,96.000000,96.000000,96.000000,96.000000,5.0,1976.7655,1824.8244,7907.0621,8059.0032,PENDING_AG03,FALSE,NOT_FOR_ENFORCEMENT,9488.4745,2189415.6736,9883.8276,9488.4745,395.3531,0.00395337,0.00379523,395.3531,9488.4745,0.00379523,395.3531,395.3531,395.3531,395.3531,395.3531,9488.4745,0.00379523,1976.7655,1824.8244,7907.0621,8059.0032,0.00316269,0.00322347,0.00015813,212.5216,219.9480,0.9532,119.0823,2.3972,30121.7335,124.9277,49.0469,238.9093,36.5364,75.9244,374.9013,749.8027,789.266,1183.8989,75.8035,-1.1839,10.395423,15.593133,2.799122,29,215,300,5,0.03207536,0.00395337,0.05088190,0E-8,0.000000,0.912219,0.000000,-0.04848366,2026-03-31,2026-08-01,83,4123,1621,124,0.669355,0.205295,0.230786,0.106918,,,,,,,,GLOBAL_BASELINE_NO_ENTITY_RANKING,,,NOT_APPLICABLE_GLOBAL_BASELINE,HF9g-P5,,,,X 全窗基线 · 不参与实体赏罚,15056369,1506,A168_HF9F_20260827_0900,2026-08-27 09:00:00
2026-07-17,92755421,1399,0,74.6664645239,-37.7122498483,-37.7122498483,0.3333333,4,3,0.49545307163147010,0.423113866667,-0.5616224703566352,-0.31475245706473504,-0.5616224703566352,0.07233920496447010,ELIGIBLE,R03b_20260811_FULL_v1,L1_ELIGIBILITY,v2026-08-11,2026-03-21..2026-08-06,baccarat_bet02_101_all_pairs_incl_sentinel,round_win = game_pnl > 0 (decisive only),COMPATIBILITY_ONLY_NOT_PRODUCTION,2500103.8841,2280641.3266,9883.8276,11764,10369,-0.00395337,-0.05088190,-0.00239824,-0.00395337,-9883.8276,2500103.8841,OK,0.0000,395.3531,4.0000,96.0000,AG03-UNRESOLVED,ALL5_LEVELS_bet23_to_bet27,395.3531,395.3531,395.3531,395.3531,395.3531,4.000000,4.000000,4.000000,4.000000,4.000000,96.000000,96.000000,96.000000,96.000000,96.000000,5.0,1976.7655,1824.8244,7907.0621,8059.0032,PENDING_AG03,FALSE,NOT_FOR_ENFORCEMENT,9488.4745,2189415.6736,9883.8276,9488.4745,395.3531,0.00395337,0.00379523,395.3531,9488.4745,0.00379523,395.3531,395.3531,395.3531,395.3531,395.3531,9488.4745,0.00379523,1976.7655,1824.8244,7907.0621,8059.0032,0.00316269,0.00322347,0.00015813,212.5216,219.9480,0.9532,119.0823,2.3972,30121.7335,124.9277,49.0469,238.9093,36.5364,75.9244,374.9013,749.8027,789.266,1183.8989,75.8035,-1.1839,10.395423,15.593133,2.799122,29,215,300,5,0.03207536,0.00395337,0.05088190,0E-8,0.000000,0.912219,0.000000,-0.04848366,2026-03-31,2026-08-01,83,4123,1621,124,0.669355,0.205295,0.230786,0.106918,,,,,,,,GLOBAL_BASELINE_NO_ENTITY_RANKING,,,NOT_APPLICABLE_GLOBAL_BASELINE,HF9g-P5,,,,X 全窗基线 · 不参与实体赏罚,15056370,1506,A168_HF9F_20260827_0900,2026-08-27 09:00:00
2026-07-17,92755421,1402,0,149.7119466343,0E-10,0E-10,0.5000000,4,4,0.49659680000000000,0.496596800000,0.013613115331600182,0.013613115331600183,0.013613115331600182,0E-17,ELIGIBLE,R03b_20260811_FULL_v1,L1_ELIGIBILITY,v2026-08-11,2026-03-21..2026-08-06,baccarat_bet02_101_all_pairs_incl_sentinel,round_win = game_pnl > 0 (decisive only),COMPATIBILITY_ONLY_NOT_PRODUCTION,2500103.8841,2280641.3266,9883.8276,11764,10369,-0.00395337,-0.05088190,-0.00239824,-0.00395337,-9883.8276,2500103.8841,OK,0.0000,395.3531,4.0000,96.0000,AG03-UNRESOLVED,ALL5_LEVELS_bet23_to_bet27,395.3531,395.3531,395.3531,395.3531,395.3531,4.000000,4.000000,4.000000,4.000000,4.000000,96.000000,96.000000,96.000000,96.000000,96.000000,5.0,1976.7655,1824.8244,7907.0621,8059.0032,PENDING_AG03,FALSE,NOT_FOR_ENFORCEMENT,9488.4745,2189415.6736,9883.8276,9488.4745,395.3531,0.00395337,0.00379523,395.3531,9488.4745,0.00379523,395.3531,395.3531,395.3531,395.3531,395.3531,9488.4745,0.00379523,1976.7655,1824.8244,7907.0621,8059.0032,0.00316269,0.00322347,0.00015813,212.5216,219.9480,0.9532,119.0823,2.3972,30121.7335,124.9277,49.0469,238.9093,36.5364,75.9244,374.9013,749.8027,789.266,1183.8989,75.8035,-1.1839,10.395423,15.593133,2.799122,29,215,300,5,0.03207536,0.00395337,0.05088190,0E-8,0.000000,0.912219,0.000000,-0.04848366,2026-03-31,2026-08-01,83,4123,1621,124,0.669355,0.205295,0.230786,0.106918,,,,,,,,GLOBAL_BASELINE_NO_ENTITY_RANKING,,,NOT_APPLICABLE_GLOBAL_BASELINE,HF9g-P5,,,,X 全窗基线 · 不参与实体赏罚,15056371,1506,A168_HF9F_20260827_0900,2026-08-27 09:00:00
2026-07-17,92755421,1490,0,129.6240145542,53.2519708915,53.2519708915,0.6000000,6,5,0.49457004297888206,0.451166520000,0.47152490763740434,0.6688009916148089,0.47152490763740434,0.04340352297888206,ELIGIBLE,R03b_20260811_FULL_v1,L1_ELIGIBILITY,v2026-08-11,2026-03-21..2026-08-06,baccarat_bet02_101_all_pairs_incl_sentinel,round_win = game_pnl > 0 (decisive only),COMPATIBILITY_ONLY_NOT_PRODUCTION,2500103.8841,2280641.3266,9883.8276,11764,10369,-0.00395337,-0.05088190,-0.00239824,-0.00395337,-9883.8276,2500103.8841,OK,0.0000,395.3531,4.0000,96.0000,AG03-UNRESOLVED,ALL5_LEVELS_bet23_to_bet27,395.3531,395.3531,395.3531,395.3531,395.3531,4.000000,4.000000,4.000000,4.000000,4.000000,96.000000,96.000000,96.000000,96.000000,96.000000,5.0,1976.7655,1824.8244,7907.0621,8059.0032,PENDING_AG03,FALSE,NOT_FOR_ENFORCEMENT,9488.4745,2189415.6736,9883.8276,9488.4745,395.3531,0.00395337,0.00379523,395.3531,9488.4745,0.00379523,395.3531,395.3531,395.3531,395.3531,395.3531,9488.4745,0.00379523,1976.7655,1824.8244,7907.0621,8059.0032,0.00316269,0.00322347,0.00015813,212.5216,219.9480,0.9532,119.0823,2.3972,30121.7335,124.9277,49.0469,238.9093,36.5364,75.9244,374.9013,749.8027,789.266,1183.8989,75.8035,-1.1839,10.395423,15.593133,2.799122,29,215,300,5,0.03207536,0.00395337,0.05088190,0E-8,0.000000,0.912219,0.000000,-0.04848366,2026-03-31,2026-08-01,83,4123,1621,124,0.669355,0.205295,0.230786,0.106918,,,,,,,,GLOBAL_BASELINE_NO_ENTITY_RANKING,,,NOT_APPLICABLE_GLOBAL_BASELINE,HF9g-P5,,,,X 全窗基线 · 不参与实体赏罚,15056372,1506,A168_HF9F_20260827_0900,2026-08-27 09:00:00
2026-07-17,92755421,1505,0,37.9017586416,-37.9017586416,-37.9017586416,0E-7,1,1,0.49324550000000000,0.493245500000,-0.9865810262130424,-0.9865810262130424,-0.9865810262130424,0E-17,ELIGIBLE,R03b_20260811_FULL_v1,L1_ELIGIBILITY,v2026-08-11,2026-03-21..2026-08-06,baccarat_bet02_101_all_pairs_incl_sentinel,round_win = game_pnl > 0 (decisive only),COMPATIBILITY_ONLY_NOT_PRODUCTION,2500103.8841,2280641.3266,9883.8276,11764,10369,-0.00395337,-0.05088190,-0.00239824,-0.00395337,-9883.8276,2500103.8841,OK,0.0000,395.3531,4.0000,96.0000,AG03-UNRESOLVED,ALL5_LEVELS_bet23_to_bet27,395.3531,395.3531,395.3531,395.3531,395.3531,4.000000,4.000000,4.000000,4.000000,4.000000,96.000000,96.000000,96.000000,96.000000,96.000000,5.0,1976.7655,1824.8244,7907.0621,8059.0032,PENDING_AG03,FALSE,NOT_FOR_ENFORCEMENT,9488.4745,2189415.6736,9883.8276,9488.4745,395.3531,0.00395337,0.00379523,395.3531,9488.4745,0.00379523,395.3531,395.3531,395.3531,395.3531,395.3531,9488.4745,0.00379523,1976.7655,1824.8244,7907.0621,8059.0032,0.00316269,0.00322347,0.00015813,212.5216,219.9480,0.9532,119.0823,2.3972,30121.7335,124.9277,49.0469,238.9093,36.5364,75.9244,374.9013,749.8027,789.266,1183.8989,75.8035,-1.1839,10.395423,15.593133,2.799122,29,215,300,5,0.03207536,0.00395337,0.05088190,0E-8,0.000000,0.912219,0.000000,-0.04848366,2026-03-31,2026-08-01,83,4123,1621,124,0.669355,0.205295,0.230786,0.106918,,,,,,,,GLOBAL_BASELINE_NO_ENTITY_RANKING,,,NOT_APPLICABLE_GLOBAL_BASELINE,HF9g-P5,,,,X 全窗基线 · 不参与实体赏罚,15056373,1506,A168_HF9F_20260827_0900,2026-08-27 09:00:00
2026-07-17,92755421,1509,0,185.7186173438,-1.8950879321,-1.8950879321,0.5000000,5,5,0.50396966000000000,0.503969660000,-0.0158791404612453,-0.0158791404612453,-0.0158791404612453,0E-17,ELIGIBLE,R03b_20260811_FULL_v1,L1_ELIGIBILITY,v2026-08-11,2026-03-21..2026-08-06,baccarat_bet02_101_all_pairs_incl_sentinel,round_win = game_pnl > 0 (decisive only),COMPATIBILITY_ONLY_NOT_PRODUCTION,2500103.8841,2280641.3266,9883.8276,11764,10369,-0.00395337,-0.05088190,-0.00239824,-0.00395337,-9883.8276,2500103.8841,OK,0.0000,395.3531,4.0000,96.0000,AG03-UNRESOLVED,ALL5_LEVELS_bet23_to_bet27,395.3531,395.3531,395.3531,395.3531,395.3531,4.000000,4.000000,4.000000,4.000000,4.000000,96.000000,96.000000,96.000000,96.000000,96.000000,5.0,1976.7655,1824.8244,7907.0621,8059.0032,PENDING_AG03,FALSE,NOT_FOR_ENFORCEMENT,9488.4745,2189415.6736,9883.8276,9488.4745,395.3531,0.00395337,0.00379523,395.3531,9488.4745,0.00379523,395.3531,395.3531,395.3531,395.3531,395.3531,9488.4745,0.00379523,1976.7655,1824.8244,7907.0621,8059.0032,0.00316269,0.00322347,0.00015813,212.5216,219.9480,0.9532,119.0823,2.3972,30121.7335,124.9277,49.0469,238.9093,36.5364,75.9244,374.9013,749.8027,789.266,1183.8989,75.8035,-1.1839,10.395423,15.593133,2.799122,29,215,300,5,0.03207536,0.00395337,0.05088190,0E-8,0.000000,0.912219,0.000000,-0.04848366,2026-03-31,2026-08-01,83,4123,1621,124,0.669355,0.205295,0.230786,0.106918,,,,,,,,GLOBAL_BASELINE_NO_ENTITY_RANKING,,,NOT_APPLICABLE_GLOBAL_BASELINE,HF9g-P5,,,,X 全窗基线 · 不参与实体赏罚,15056374,1506,A168_HF9F_20260827_0900,2026-08-27 09:00:00
2026-07-17,92755421,1645,0,18.9508793208,-18.9508793208,-18.9508793208,0E-7,1,1,0.49324550000000000,0.493245500000,-0.9865810262130424,-0.9865810262130424,-0.9865810262130424,0E-17,ELIGIBLE,R03b_20260811_FULL_v1,L1_ELIGIBILITY,v2026-08-11,2026-03-21..2026-08-06,baccarat_bet02_101_all_pairs_incl_sentinel,round_win = game_pnl > 0 (decisive only),COMPATIBILITY_ONLY_NOT_PRODUCTION,2500103.8841,2280641.3266,9883.8276,11764,10369,-0.00395337,-0.05088190,-0.00239824,-0.00395337,-9883.8276,2500103.8841,OK,0.0000,395.3531,4.0000,96.0000,AG03-UNRESOLVED,ALL5_LEVELS_bet23_to_bet27,395.3531,395.3531,395.3531,395.3531,395.3531,4.000000,4.000000,4.000000,4.000000,4.000000,96.000000,96.000000,96.000000,96.000000,96.000000,5.0,1976.7655,1824.8244,7907.0621,8059.0032,PENDING_AG03,FALSE,NOT_FOR_ENFORCEMENT,9488.4745,2189415.6736,9883.8276,9488.4745,395.3531,0.00395337,0.00379523,395.3531,9488.4745,0.00379523,395.3531,395.3531,395.3531,395.3531,395.3531,9488.4745,0.00379523,1976.7655,1824.8244,7907.0621,8059.0032,0.00316269,0.00322347,0.00015813,212.5216,219.9480,0.9532,119.0823,2.3972,30121.7335,124.9277,49.0469,238.9093,36.5364,75.9244,374.9013,749.8027,789.266,1183.8989,75.8035,-1.1839,10.395423,15.593133,2.799122,29,215,300,5,0.03207536,0.00395337,0.05088190,0E-8,0.000000,0.912219,0.000000,-0.04848366,2026-03-31,2026-08-01,83,4123,1621,124,0.669355,0.205295,0.230786,0.106918,,,,,,,,GLOBAL_BASELINE_NO_ENTITY_RANKING,,,NOT_APPLICABLE_GLOBAL_BASELINE,HF9g-P5,,,,X 全窗基线 · 不参与实体赏罚,15056375,1506,A168_HF9F_20260827_0900,2026-08-27 09:00:00
2026-07-17,92755421,1704,0,37.9017586416,0E-10,0E-10,0.5000000,2,2,0.49994810000000000,0.499948100000,0.00014679536856514622,0.00014679536856514622,0.00014679536856514622,0E-17,ELIGIBLE,R03b_20260811_FULL_v1,L1_ELIGIBILITY,v2026-08-11,2026-03-21..2026-08-06,baccarat_bet02_101_all_pairs_incl_sentinel,round_win = game_pnl > 0 (decisive only),COMPATIBILITY_ONLY_NOT_PRODUCTION,2500103.8841,2280641.3266,9883.8276,11764,10369,-0.00395337,-0.05088190,-0.00239824,-0.00395337,-9883.8276,2500103.8841,OK,0.0000,395.3531,4.0000,96.0000,AG03-UNRESOLVED,ALL5_LEVELS_bet23_to_bet27,395.3531,395.3531,395.3531,395.3531,395.3531,4.000000,4.000000,4.000000,4.000000,4.000000,96.000000,96.000000,96.000000,96.000000,96.000000,5.0,1976.7655,1824.8244,7907.0621,8059.0032,PENDING_AG03,FALSE,NOT_FOR_ENFORCEMENT,9488.4745,2189415.6736,9883.8276,9488.4745,395.3531,0.00395337,0.00379523,395.3531,9488.4745,0.00379523,395.3531,395.3531,395.3531,395.3531,395.3531,9488.4745,0.00379523,1976.7655,1824.8244,7907.0621,8059.0032,0.00316269,0.00322347,0.00015813,212.5216,219.9480,0.9532,119.0823,2.3972,30121.7335,124.9277,49.0469,238.9093,36.5364,75.9244,374.9013,749.8027,789.266,1183.8989,75.8035,-1.1839,10.395423,15.593133,2.799122,29,215,300,5,0.03207536,0.00395337,0.05088190,0E-8,0.000000,0.912219,0.000000,-0.04848366,2026-03-31,2026-08-01,83,4123,1621,124,0.669355,0.205295,0.230786,0.106918,,,,,,,,GLOBAL_BASELINE_NO_ENTITY_RANKING,,,NOT_APPLICABLE_GLOBAL_BASELINE,HF9g-P5,,,,X 全窗基线 · 不参与实体赏罚,15056376,1506,A168_HF9F_20260827_0900,2026-08-27 09:00:00
2026-07-17,92755421,1714,0,34.1115827774,-34.1115827774,-34.1115827774,0E-7,1,1,0.50665070000000000,0.506650700000,-1.013391052207602,-1.013391052207602,-1.013391052207602,0E-17,ELIGIBLE,R03b_20260811_FULL_v1,L1_ELIGIBILITY,v2026-08-11,2026-03-21..2026-08-06,baccarat_bet02_101_all_pairs_incl_sentinel,round_win = game_pnl > 0 (decisive only),COMPATIBILITY_ONLY_NOT_PRODUCTION,2500103.8841,2280641.3266,9883.8276,11764,10369,-0.00395337,-0.05088190,-0.00239824,-0.00395337,-9883.8276,2500103.8841,OK,0.0000,395.3531,4.0000,96.0000,AG03-UNRESOLVED,ALL5_LEVELS_bet23_to_bet27,395.3531,395.3531,395.3531,395.3531,395.3531,4.000000,4.000000,4.000000,4.000000,4.000000,96.000000,96.000000,96.000000,96.000000,96.000000,5.0,1976.7655,1824.8244,7907.0621,8059.0032,PENDING_AG03,FALSE,NOT_FOR_ENFORCEMENT,9488.4745,2189415.6736,9883.8276,9488.4745,395.3531,0.00395337,0.00379523,395.3531,9488.4745,0.00379523,395.3531,395.3531,395.3531,395.3531,395.3531,9488.4745,0.00379523,1976.7655,1824.8244,7907.0621,8059.0032,0.00316269,0.00322347,0.00015813,212.5216,219.9480,0.9532,119.0823,2.3972,30121.7335,124.9277,49.0469,238.9093,36.5364,75.9244,374.9013,749.8027,789.266,1183.8989,75.8035,-1.1839,10.395423,15.593133,2.799122,29,215,300,5,0.03207536,0.00395337,0.05088190,0E-8,0.000000,0.912219,0.000000,-0.04848366,2026-03-31,2026-08-01,83,4123,1621,124,0.669355,0.205295,0.230786,0.106918,,,,,,,,GLOBAL_BASELINE_NO_ENTITY_RANKING,,,NOT_APPLICABLE_GLOBAL_BASELINE,HF9g-P5,,,,X 全窗基线 · 不参与实体赏罚,15056377,1506,A168_HF9F_20260827_0900,2026-08-27 09:00:00
2026-07-17,92755421,1985,0,181.9284414796,67.4651303820,67.4651303820,0.6666667,6,6,0.50218230000000000,0.502182300000,0.8058132132962729,0.8058132132962729,0.8058132132962729,0E-17,ELIGIBLE,R03b_20260811_FULL_v1,L1_ELIGIBILITY,v2026-08-11,2026-03-21..2026-08-06,baccarat_bet02_101_all_pairs_incl_sentinel,round_win = game_pnl > 0 (decisive only),COMPATIBILITY_ONLY_NOT_PRODUCTION,2500103.8841,2280641.3266,9883.8276,11764,10369,-0.00395337,-0.05088190,-0.00239824,-0.00395337,-9883.8276,2500103.8841,OK,0.0000,395.3531,4.0000,96.0000,AG03-UNRESOLVED,ALL5_LEVELS_bet23_to_bet27,395.3531,395.3531,395.3531,395.3531,395.3531,4.000000,4.000000,4.000000,4.000000,4.000000,96.000000,96.000000,96.000000,96.000000,96.000000,5.0,1976.7655,1824.8244,7907.0621,8059.0032,PENDING_AG03,FALSE,NOT_FOR_ENFORCEMENT,9488.4745,2189415.6736,9883.8276,9488.4745,395.3531,0.00395337,0.00379523,395.3531,9488.4745,0.00379523,395.3531,395.3531,395.3531,395.3531,395.3531,9488.4745,0.00379523,1976.7655,1824.8244,7907.0621,8059.0032,0.00316269,0.00322347,0.00015813,212.5216,219.9480,0.9532,119.0823,2.3972,30121.7335,124.9277,49.0469,238.9093,36.5364,75.9244,374.9013,749.8027,789.266,1183.8989,75.8035,-1.1839,10.395423,15.593133,2.799122,29,215,300,5,0.03207536,0.00395337,0.05088190,0E-8,0.000000,0.912219,0.000000,-0.04848366,2026-03-31,2026-08-01,83,4123,1621,124,0.669355,0.205295,0.230786,0.106918,,,,,,,,GLOBAL_BASELINE_NO_ENTITY_RANKING,,,NOT_APPLICABLE_GLOBAL_BASELINE,HF9g-P5,,,,X 全窗基线 · 不参与实体赏罚,15056378,1506,A168_HF9F_20260827_0900,2026-08-27 09:00:00
2026-07-17,92755421,1994,0,72.0133414190,-5.4957550030,-5.4957550030,0.5000000,2,2,0.49994810000000000,0.499948100000,0.00014679536856514622,0.00014679536856514622,0.00014679536856514622,0E-17,ELIGIBLE,R03b_20260811_FULL_v1,L1_ELIGIBILITY,v2026-08-11,2026-03-21..2026-08-06,baccarat_bet02_101_all_pairs_incl_sentinel,round_win = game_pnl > 0 (decisive only),COMPATIBILITY_ONLY_NOT_PRODUCTION,2500103.8841,2280641.3266,9883.8276,11764,10369,-0.00395337,-0.05088190,-0.00239824,-0.00395337,-9883.8276,2500103.8841,OK,0.0000,395.3531,4.0000,96.0000,AG03-UNRESOLVED,ALL5_LEVELS_bet23_to_bet27,395.3531,395.3531,395.3531,395.3531,395.3531,4.000000,4.000000,4.000000,4.000000,4.000000,96.000000,96.000000,96.000000,96.000000,96.000000,5.0,1976.7655,1824.8244,7907.0621,8059.0032,PENDING_AG03,FALSE,NOT_FOR_ENFORCEMENT,9488.4745,2189415.6736,9883.8276,9488.4745,395.3531,0.00395337,0.00379523,395.3531,9488.4745,0.00379523,395.3531,395.3531,395.3531,395.3531,395.3531,9488.4745,0.00379523,1976.7655,1824.8244,7907.0621,8059.0032,0.00316269,0.00322347,0.00015813,212.5216,219.9480,0.9532,119.0823,2.3972,30121.7335,124.9277,49.0469,238.9093,36.5364,75.9244,374.9013,749.8027,789.266,1183.8989,75.8035,-1.1839,10.395423,15.593133,2.799122,29,215,300,5,0.03207536,0.00395337,0.05088190,0E-8,0.000000,0.912219,0.000000,-0.04848366,2026-03-31,2026-08-01,83,4123,1621,124,0.669355,0.205295,0.230786,0.106918,,,,,,,,GLOBAL_BASELINE_NO_ENTITY_RANKING,,,NOT_APPLICABLE_GLOBAL_BASELINE,HF9g-P5,,,,X 全窗基线 · 不参与实体赏罚,15056379,1506,A168_HF9F_20260827_0900,2026-08-27 09:00:00
2026-07-17,92755421,2075,0,133.7932080048,-21.0354760460,-21.0354760460,0.4000000,6,5,0.49308513698135201,0.449826000000,-0.4163292037112592,-0.22395910198606184,-0.4163292037112592,0.04325913698135201,ELIGIBLE,R03b_20260811_FULL_v1,L1_ELIGIBILITY,v2026-08-11,2026-03-21..2026-08-06,baccarat_bet02_101_all_pairs_incl_sentinel,round_win = game_pnl > 0 (decisive only),COMPATIBILITY_ONLY_NOT_PRODUCTION,2500103.8841,2280641.3266,9883.8276,11764,10369,-0.00395337,-0.05088190,-0.00239824,-0.00395337,-9883.8276,2500103.8841,OK,0.0000,395.3531,4.0000,96.0000,AG03-UNRESOLVED,ALL5_LEVELS_bet23_to_bet27,395.3531,395.3531,395.3531,395.3531,395.3531,4.000000,4.000000,4.000000,4.000000,4.000000,96.000000,96.000000,96.000000,96.000000,96.000000,5.0,1976.7655,1824.8244,7907.0621,8059.0032,PENDING_AG03,FALSE,NOT_FOR_ENFORCEMENT,9488.4745,2189415.6736,9883.8276,9488.4745,395.3531,0.00395337,0.00379523,395.3531,9488.4745,0.00379523,395.3531,395.3531,395.3531,395.3531,395.3531,9488.4745,0.00379523,1976.7655,1824.8244,7907.0621,8059.0032,0.00316269,0.00322347,0.00015813,212.5216,219.9480,0.9532,119.0823,2.3972,30121.7335,124.9277,49.0469,238.9093,36.5364,75.9244,374.9013,749.8027,789.266,1183.8989,75.8035,-1.1839,10.395423,15.593133,2.799122,29,215,300,5,0.03207536,0.00395337,0.05088190,0E-8,0.000000,0.912219,0.000000,-0.04848366,2026-03-31,2026-08-01,83,4123,1621,124,0.669355,0.205295,0.230786,0.106918,,,,,,,,GLOBAL_BASELINE_NO_ENTITY_RANKING,,,NOT_APPLICABLE_GLOBAL_BASELINE,HF9g-P5,,,,X 全窗基线 · 不参与实体赏罚,15056380,1506,A168_HF9F_20260827_0900,2026-08-27 09:00:00
2026-07-17,92755421,2103,0,94.7543966040,-94.7543966040,-94.7543966040,0E-7,3,3,0.49771390000000000,0.497713900000,-1.724149546644903,-1.724149546644903,-1.724149546644903,0E-17,ELIGIBLE,R03b_20260811_FULL_v1,L1_ELIGIBILITY,v2026-08-11,2026-03-21..2026-08-06,baccarat_bet02_101_all_pairs_incl_sentinel,round_win = game_pnl > 0 (decisive only),COMPATIBILITY_ONLY_NOT_PRODUCTION,2500103.8841,2280641.3266,9883.8276,11764,10369,-0.00395337,-0.05088190,-0.00239824,-0.00395337,-9883.8276,2500103.8841,OK,0.0000,395.3531,4.0000,96.0000,AG03-UNRESOLVED,ALL5_LEVELS_bet23_to_bet27,395.3531,395.3531,395.3531,395.3531,395.3531,4.000000,4.000000,4.000000,4.000000,4.000000,96.000000,96.000000,96.000000,96.000000,96.000000,5.0,1976.7655,1824.8244,7907.0621,8059.0032,PENDING_AG03,FALSE,NOT_FOR_ENFORCEMENT,9488.4745,2189415.6736,9883.8276,9488.4745,395.3531,0.00395337,0.00379523,395.3531,9488.4745,0.00379523,395.3531,395.3531,395.3531,395.3531,395.3531,9488.4745,0.00379523,1976.7655,1824.8244,7907.0621,8059.0032,0.00316269,0.00322347,0.00015813,212.5216,219.9480,0.9532,119.0823,2.3972,30121.7335,124.9277,49.0469,238.9093,36.5364,75.9244,374.9013,749.8027,789.266,1183.8989,75.8035,-1.1839,10.395423,15.593133,2.799122,29,215,300,5,0.03207536,0.00395337,0.05088190,0E-8,0.000000,0.912219,0.000000,-0.04848366,2026-03-31,2026-08-01,83,4123,1621,124,0.669355,0.205295,0.230786,0.106918,,,,,,,,GLOBAL_BASELINE_NO_ENTITY_RANKING,,,NOT_APPLICABLE_GLOBAL_BASELINE,HF9g-P5,,,,X 全窗基线 · 不参与实体赏罚,15056381,1506,A168_HF9F_20260827_0900,2026-08-27 09:00:00
2026-07-17,92755421,2121,0,63.2959369314,-63.2959369314,-63.2959369314,0E-7,2,2,0.49994810000000000,0.499948100000,-1.4140667746232096,-1.4140667746232096,-1.4140667746232096,0E-17,ELIGIBLE,R03b_20260811_FULL_v1,L1_ELIGIBILITY,v2026-08-11,2026-03-21..2026-08-06,baccarat_bet02_101_all_pairs_incl_sentinel,round_win = game_pnl > 0 (decisive only),COMPATIBILITY_ONLY_NOT_PRODUCTION,2500103.8841,2280641.3266,9883.8276,11764,10369,-0.00395337,-0.05088190,-0.00239824,-0.00395337,-9883.8276,2500103.8841,OK,0.0000,395.3531,4.0000,96.0000,AG03-UNRESOLVED,ALL5_LEVELS_bet23_to_bet27,395.3531,395.3531,395.3531,395.3531,395.3531,4.000000,4.000000,4.000000,4.000000,4.000000,96.000000,96.000000,96.000000,96.000000,96.000000,5.0,1976.7655,1824.8244,7907.0621,8059.0032,PENDING_AG03,FALSE,NOT_FOR_ENFORCEMENT,9488.4745,2189415.6736,9883.8276,9488.4745,395.3531,0.00395337,0.00379523,395.3531,9488.4745,0.00379523,395.3531,395.3531,395.3531,395.3531,395.3531,9488.4745,0.00379523,1976.7655,1824.8244,7907.0621,8059.0032,0.00316269,0.00322347,0.00015813,212.5216,219.9480,0.9532,119.0823,2.3972,30121.7335,124.9277,49.0469,238.9093,36.5364,75.9244,374.9013,749.8027,789.266,1183.8989,75.8035,-1.1839,10.395423,15.593133,2.799122,29,215,300,5,0.03207536,0.00395337,0.05088190,0E-8,0.000000,0.912219,0.000000,-0.04848366,2026-03-31,2026-08-01,83,4123,1621,124,0.669355,0.205295,0.230786,0.106918,,,,,,,,GLOBAL_BASELINE_NO_ENTITY_RANKING,,,NOT_APPLICABLE_GLOBAL_BASELINE,HF9g-P5,,,,X 全窗基线 · 不参与实体赏罚,15056382,1506,A168_HF9F_20260827_0900,2026-08-27 09:00:00
2026-07-17,92755421,2129,0,75.8035172832,-37.9017586416,-37.9017586416,0E-7,2,2,0.50665070000000000,0.506650700000,-1.013391052207602,-1.013391052207602,-1.013391052207602,0E-17,ELIGIBLE,R03b_20260811_FULL_v1,L1_ELIGIBILITY,v2026-08-11,2026-03-21..2026-08-06,baccarat_bet02_101_all_pairs_incl_sentinel,round_win = game_pnl > 0 (decisive only),COMPATIBILITY_ONLY_NOT_PRODUCTION,2500103.8841,2280641.3266,9883.8276,11764,10369,-0.00395337,-0.05088190,-0.00239824,-0.00395337,-9883.8276,2500103.8841,OK,0.0000,395.3531,4.0000,96.0000,AG03-UNRESOLVED,ALL5_LEVELS_bet23_to_bet27,395.3531,395.3531,395.3531,395.3531,395.3531,4.000000,4.000000,4.000000,4.000000,4.000000,96.000000,96.000000,96.000000,96.000000,96.000000,5.0,1976.7655,1824.8244,7907.0621,8059.0032,PENDING_AG03,FALSE,NOT_FOR_ENFORCEMENT,9488.4745,2189415.6736,9883.8276,9488.4745,395.3531,0.00395337,0.00379523,395.3531,9488.4745,0.00379523,395.3531,395.3531,395.3531,395.3531,395.3531,9488.4745,0.00379523,1976.7655,1824.8244,7907.0621,8059.0032,0.00316269,0.00322347,0.00015813,212.5216,219.9480,0.9532,119.0823,2.3972,30121.7335,124.9277,49.0469,238.9093,36.5364,75.9244,374.9013,749.8027,789.266,1183.8989,75.8035,-1.1839,10.395423,15.593133,2.799122,29,215,300,5,0.03207536,0.00395337,0.05088190,0E-8,0.000000,0.912219,0.000000,-0.04848366,2026-03-31,2026-08-01,83,4123,1621,124,0.669355,0.205295,0.230786,0.106918,,,,,,,,GLOBAL_BASELINE_NO_ENTITY_RANKING,,,NOT_APPLICABLE_GLOBAL_BASELINE,HF9g-P5,,,,X 全窗基线 · 不参与实体赏罚,15056383,1506,A168_HF9F_20260827_0900,2026-08-27 09:00:00
2026-07-17,92755421,2130,0,34.1115827774,-34.1115827774,-34.1115827774,0E-7,1,1,0.49324550000000000,0.493245500000,-0.9865810262130424,-0.9865810262130424,-0.9865810262130424,0E-17,ELIGIBLE,R03b_20260811_FULL_v1,L1_ELIGIBILITY,v2026-08-11,2026-03-21..2026-08-06,baccarat_bet02_101_all_pairs_incl_sentinel,round_win = game_pnl > 0 (decisive only),COMPATIBILITY_ONLY_NOT_PRODUCTION,2500103.8841,2280641.3266,9883.8276,11764,10369,-0.00395337,-0.05088190,-0.00239824,-0.00395337,-9883.8276,2500103.8841,OK,0.0000,395.3531,4.0000,96.0000,AG03-UNRESOLVED,ALL5_LEVELS_bet23_to_bet27,395.3531,395.3531,395.3531,395.3531,395.3531,4.000000,4.000000,4.000000,4.000000,4.000000,96.000000,96.000000,96.000000,96.000000,96.000000,5.0,1976.7655,1824.8244,7907.0621,8059.0032,PENDING_AG03,FALSE,NOT_FOR_ENFORCEMENT,9488.4745,2189415.6736,9883.8276,9488.4745,395.3531,0.00395337,0.00379523,395.3531,9488.4745,0.00379523,395.3531,395.3531,395.3531,395.3531,395.3531,9488.4745,0.00379523,1976.7655,1824.8244,7907.0621,8059.0032,0.00316269,0.00322347,0.00015813,212.5216,219.9480,0.9532,119.0823,2.3972,30121.7335,124.9277,49.0469,238.9093,36.5364,75.9244,374.9013,749.8027,789.266,1183.8989,75.8035,-1.1839,10.395423,15.593133,2.799122,29,215,300,5,0.03207536,0.00395337,0.05088190,0E-8,0.000000,0.912219,0.000000,-0.04848366,2026-03-31,2026-08-01,83,4123,1621,124,0.669355,0.205295,0.230786,0.106918,,,,,,,,GLOBAL_BASELINE_NO_ENTITY_RANKING,,,NOT_APPLICABLE_GLOBAL_BASELINE,HF9g-P5,,,,X 全窗基线 · 不参与实体赏罚,15056384,1506,A168_HF9F_20260827_0900,2026-08-27 09:00:00
2026-07-17,92755421,2153,0,149.7119466343,34.1115827774,34.1115827774,0.6666667,4,4,0.50329940000000000,0.503299400000,0.5659331339966515,0.5659331339966515,0.5659331339966515,0E-17,ELIGIBLE,R03b_20260811_FULL_v1,L1_ELIGIBILITY,v2026-08-11,2026-03-21..2026-08-06,baccarat_bet02_101_all_pairs_incl_sentinel,round_win = game_pnl > 0 (decisive only),COMPATIBILITY_ONLY_NOT_PRODUCTION,2500103.8841,2280641.3266,9883.8276,11764,10369,-0.00395337,-0.05088190,-0.00239824,-0.00395337,-9883.8276,2500103.8841,OK,0.0000,395.3531,4.0000,96.0000,AG03-UNRESOLVED,ALL5_LEVELS_bet23_to_bet27,395.3531,395.3531,395.3531,395.3531,395.3531,4.000000,4.000000,4.000000,4.000000,4.000000,96.000000,96.000000,96.000000,96.000000,96.000000,5.0,1976.7655,1824.8244,7907.0621,8059.0032,PENDING_AG03,FALSE,NOT_FOR_ENFORCEMENT,9488.4745,2189415.6736,9883.8276,9488.4745,395.3531,0.00395337,0.00379523,395.3531,9488.4745,0.00379523,395.3531,395.3531,395.3531,395.3531,395.3531,9488.4745,0.00379523,1976.7655,1824.8244,7907.0621,8059.0032,0.00316269,0.00322347,0.00015813,212.5216,219.9480,0.9532,119.0823,2.3972,30121.7335,124.9277,49.0469,238.9093,36.5364,75.9244,374.9013,749.8027,789.266,1183.8989,75.8035,-1.1839,10.395423,15.593133,2.799122,29,215,300,5,0.03207536,0.00395337,0.05088190,0E-8,0.000000,0.912219,0.000000,-0.04848366,2026-03-31,2026-08-01,83,4123,1621,124,0.669355,0.205295,0.230786,0.106918,,,,,,,,GLOBAL_BASELINE_NO_ENTITY_RANKING,,,NOT_APPLICABLE_GLOBAL_BASELINE,HF9g-P5,,,,X 全窗基线 · 不参与实体赏罚,15056385,1506,A168_HF9F_20260827_0900,2026-08-27 09:00:00
2026-07-17,92755421,2155,0,56.0946027895,14.9711946635,14.9711946635,0.6666667,4,3,0.49229874583371362,0.423113866667,0.6040998579345241,0.8538470354145791,0.6040998579345241,0.06918487916671362,ELIGIBLE,R03b_20260811_FULL_v1,L1_ELIGIBILITY,v2026-08-11,2026-03-21..2026-08-06,baccarat_bet02_101_all_pairs_incl_sentinel,round_win = game_pnl > 0 (decisive only),COMPATIBILITY_ONLY_NOT_PRODUCTION,2500103.8841,2280641.3266,9883.8276,11764,10369,-0.00395337,-0.05088190,-0.00239824,-0.00395337,-9883.8276,2500103.8841,OK,0.0000,395.3531,4.0000,96.0000,AG03-UNRESOLVED,ALL5_LEVELS_bet23_to_bet27,395.3531,395.3531,395.3531,395.3531,395.3531,4.000000,4.000000,4.000000,4.000000,4.000000,96.000000,96.000000,96.000000,96.000000,96.000000,5.0,1976.7655,1824.8244,7907.0621,8059.0032,PENDING_AG03,FALSE,NOT_FOR_ENFORCEMENT,9488.4745,2189415.6736,9883.8276,9488.4745,395.3531,0.00395337,0.00379523,395.3531,9488.4745,0.00379523,395.3531,395.3531,395.3531,395.3531,395.3531,9488.4745,0.00379523,1976.7655,1824.8244,7907.0621,8059.0032,0.00316269,0.00322347,0.00015813,212.5216,219.9480,0.9532,119.0823,2.3972,30121.7335,124.9277,49.0469,238.9093,36.5364,75.9244,374.9013,749.8027,789.266,1183.8989,75.8035,-1.1839,10.395423,15.593133,2.799122,29,215,300,5,0.03207536,0.00395337,0.05088190,0E-8,0.000000,0.912219,0.000000,-0.04848366,2026-03-31,2026-08-01,83,4123,1621,124,0.669355,0.205295,0.230786,0.106918,,,,,,,,GLOBAL_BASELINE_NO_ENTITY_RANKING,,,NOT_APPLICABLE_GLOBAL_BASELINE,HF9g-P5,,,,X 全窗基线 · 不参与实体赏罚,15056386,1506,A168_HF9F_20260827_0900,2026-08-27 09:00:00
2026-07-17,92755421,2156,0,76.1825348696,-2.2741055185,-2.2741055185,0.3333333,3,3,0.33957703333333333,0.339577033333,-0.02283612524742126,-0.022836125246207564,-0.02283612524742126,3.3333E-13,ELIGIBLE,R03b_20260811_FULL_v1,L1_ELIGIBILITY,v2026-08-11,2026-03-21..2026-08-06,baccarat_bet02_101_all_pairs_incl_sentinel,round_win = game_pnl > 0 (decisive only),COMPATIBILITY_ONLY_NOT_PRODUCTION,2500103.8841,2280641.3266,9883.8276,11764,10369,-0.00395337,-0.05088190,-0.00239824,-0.00395337,-9883.8276,2500103.8841,OK,0.0000,395.3531,4.0000,96.0000,AG03-UNRESOLVED,ALL5_LEVELS_bet23_to_bet27,395.3531,395.3531,395.3531,395.3531,395.3531,4.000000,4.000000,4.000000,4.000000,4.000000,96.000000,96.000000,96.000000,96.000000,96.000000,5.0,1976.7655,1824.8244,7907.0621,8059.0032,PENDING_AG03,FALSE,NOT_FOR_ENFORCEMENT,9488.4745,2189415.6736,9883.8276,9488.4745,395.3531,0.00395337,0.00379523,395.3531,9488.4745,0.00379523,395.3531,395.3531,395.3531,395.3531,395.3531,9488.4745,0.00379523,1976.7655,1824.8244,7907.0621,8059.0032,0.00316269,0.00322347,0.00015813,212.5216,219.9480,0.9532,119.0823,2.3972,30121.7335,124.9277,49.0469,238.9093,36.5364,75.9244,374.9013,749.8027,789.266,1183.8989,75.8035,-1.1839,10.395423,15.593133,2.799122,29,215,300,5,0.03207536,0.00395337,0.05088190,0E-8,0.000000,0.912219,0.000000,-0.04848366,2026-03-31,2026-08-01,83,4123,1621,124,0.669355,0.205295,0.230786,0.106918,,,,,,,,GLOBAL_BASELINE_NO_ENTITY_RANKING,,,NOT_APPLICABLE_GLOBAL_BASELINE,HF9g-P5,,,,X 全窗基线 · 不参与实体赏罚,15056387,1506,A168_HF9F_20260827_0900,2026-08-27 09:00:00
2026-07-17,92755421,2160,0,75.8035172832,-37.9017586416,-37.9017586416,0E-7,2,2,0.49324550000000000,0.493245500000,-0.9865810262130424,-0.9865810262130424,-0.9865810262130424,0E-17,ELIGIBLE,R03b_20260811_FULL_v1,L1_ELIGIBILITY,v2026-08-11,2026-03-21..2026-08-06,baccarat_bet02_101_all_pairs_incl_sentinel,round_win = game_pnl > 0 (decisive only),COMPATIBILITY_ONLY_NOT_PRODUCTION,2500103.8841,2280641.3266,9883.8276,11764,10369,-0.00395337,-0.05088190,-0.00239824,-0.00395337,-9883.8276,2500103.8841,OK,0.0000,395.3531,4.0000,96.0000,AG03-UNRESOLVED,ALL5_LEVELS_bet23_to_bet27,395.3531,395.3531,395.3531,395.3531,395.3531,4.000000,4.000000,4.000000,4.000000,4.000000,96.000000,96.000000,96.000000,96.000000,96.000000,5.0,1976.7655,1824.8244,7907.0621,8059.0032,PENDING_AG03,FALSE,NOT_FOR_ENFORCEMENT,9488.4745,2189415.6736,9883.8276,9488.4745,395.3531,0.00395337,0.00379523,395.3531,9488.4745,0.00379523,395.3531,395.3531,395.3531,395.3531,395.3531,9488.4745,0.00379523,1976.7655,1824.8244,7907.0621,8059.0032,0.00316269,0.00322347,0.00015813,212.5216,219.9480,0.9532,119.0823,2.3972,30121.7335,124.9277,49.0469,238.9093,36.5364,75.9244,374.9013,749.8027,789.266,1183.8989,75.8035,-1.1839,10.395423,15.593133,2.799122,29,215,300,5,0.03207536,0.00395337,0.05088190,0E-8,0.000000,0.912219,0.000000,-0.04848366,2026-03-31,2026-08-01,83,4123,1621,124,0.669355,0.205295,0.230786,0.106918,,,,,,,,GLOBAL_BASELINE_NO_ENTITY_RANKING,,,NOT_APPLICABLE_GLOBAL_BASELINE,HF9g-P5,,,,X 全窗基线 · 不参与实体赏罚,15056388,1506,A168_HF9F_20260827_0900,2026-08-27 09:00:00
2026-07-17,92755421,2174,0,191.7828987265,-2.2741055185,-2.2741055185,0.5000000,6,5,0.49055585396225524,0.448485480000,0.03778332468484305,0.20716051607716354,0.03778332468484305,0.04207037396225524,ELIGIBLE,R03b_20260811_FULL_v1,L1_ELIGIBILITY,v2026-08-11,2026-03-21..2026-08-06,baccarat_bet02_101_all_pairs_incl_sentinel,round_win = game_pnl > 0 (decisive only),COMPATIBILITY_ONLY_NOT_PRODUCTION,2500103.8841,2280641.3266,9883.8276,11764,10369,-0.00395337,-0.05088190,-0.00239824,-0.00395337,-9883.8276,2500103.8841,OK,0.0000,395.3531,4.0000,96.0000,AG03-UNRESOLVED,ALL5_LEVELS_bet23_to_bet27,395.3531,395.3531,395.3531,395.3531,395.3531,4.000000,4.000000,4.000000,4.000000,4.000000,96.000000,96.000000,96.000000,96.000000,96.000000,5.0,1976.7655,1824.8244,7907.0621,8059.0032,PENDING_AG03,FALSE,NOT_FOR_ENFORCEMENT,9488.4745,2189415.6736,9883.8276,9488.4745,395.3531,0.00395337,0.00379523,395.3531,9488.4745,0.00379523,395.3531,395.3531,395.3531,395.3531,395.3531,9488.4745,0.00379523,1976.7655,1824.8244,7907.0621,8059.0032,0.00316269,0.00322347,0.00015813,212.5216,219.9480,0.9532,119.0823,2.3972,30121.7335,124.9277,49.0469,238.9093,36.5364,75.9244,374.9013,749.8027,789.266,1183.8989,75.8035,-1.1839,10.395423,15.593133,2.799122,29,215,300,5,0.03207536,0.00395337,0.05088190,0E-8,0.000000,0.912219,0.000000,-0.04848366,2026-03-31,2026-08-01,83,4123,1621,124,0.669355,0.205295,0.230786,0.106918,,,,,,,,GLOBAL_BASELINE_NO_ENTITY_RANKING,,,NOT_APPLICABLE_GLOBAL_BASELINE,HF9g-P5,,,,X 全窗基线 · 不参与实体赏罚,15056389,1506,A168_HF9F_20260827_0900,2026-08-27 09:00:00
2026-07-17,92755421,2188,0,108.0200121285,37.9017586416,37.9017586416,0.6666667,3,3,0.50218230000000000,0.502182300000,0.5697959874915163,0.5697959874915164,0.5697959874915163,0E-17,ELIGIBLE,R03b_20260811_FULL_v1,L1_ELIGIBILITY,v2026-08-11,2026-03-21..2026-08-06,baccarat_bet02_101_all_pairs_incl_sentinel,round_win = game_pnl > 0 (decisive only),COMPATIBILITY_ONLY_NOT_PRODUCTION,2500103.8841,2280641.3266,9883.8276,11764,10369,-0.00395337,-0.05088190,-0.00239824,-0.00395337,-9883.8276,2500103.8841,OK,0.0000,395.3531,4.0000,96.0000,AG03-UNRESOLVED,ALL5_LEVELS_bet23_to_bet27,395.3531,395.3531,395.3531,395.3531,395.3531,4.000000,4.000000,4.000000,4.000000,4.000000,96.000000,96.000000,96.000000,96.000000,96.000000,5.0,1976.7655,1824.8244,7907.0621,8059.0032,PENDING_AG03,FALSE,NOT_FOR_ENFORCEMENT,9488.4745,2189415.6736,9883.8276,9488.4745,395.3531,0.00395337,0.00379523,395.3531,9488.4745,0.00379523,395.3531,395.3531,395.3531,395.3531,395.3531,9488.4745,0.00379523,1976.7655,1824.8244,7907.0621,8059.0032,0.00316269,0.00322347,0.00015813,212.5216,219.9480,0.9532,119.0823,2.3972,30121.7335,124.9277,49.0469,238.9093,36.5364,75.9244,374.9013,749.8027,789.266,1183.8989,75.8035,-1.1839,10.395423,15.593133,2.799122,29,215,300,5,0.03207536,0.00395337,0.05088190,0E-8,0.000000,0.912219,0.000000,-0.04848366,2026-03-31,2026-08-01,83,4123,1621,124,0.669355,0.205295,0.230786,0.106918,,,,,,,,GLOBAL_BASELINE_NO_ENTITY_RANKING,,,NOT_APPLICABLE_GLOBAL_BASELINE,HF9g-P5,,,,X 全窗基线 · 不参与实体赏罚,15056390,1506,A168_HF9F_20260827_0900,2026-08-27 09:00:00
2026-07-17,92755421,2212,0,18.1928441479,-18.1928441479,-18.1928441479,0E-7,2,1,0.46359483750114086,0.256040200000,-0.9296571655533431,-0.5866503638730671,-0.9296571655533431,0.20755463750114086,ELIGIBLE,R03b_20260811_FULL_v1,L1_ELIGIBILITY,v2026-08-11,2026-03-21..2026-08-06,baccarat_bet02_101_all_pairs_incl_sentinel,round_win = game_pnl > 0 (decisive only),COMPATIBILITY_ONLY_NOT_PRODUCTION,2500103.8841,2280641.3266,9883.8276,11764,10369,-0.00395337,-0.05088190,-0.00239824,-0.00395337,-9883.8276,2500103.8841,OK,0.0000,395.3531,4.0000,96.0000,AG03-UNRESOLVED,ALL5_LEVELS_bet23_to_bet27,395.3531,395.3531,395.3531,395.3531,395.3531,4.000000,4.000000,4.000000,4.000000,4.000000,96.000000,96.000000,96.000000,96.000000,96.000000,5.0,1976.7655,1824.8244,7907.0621,8059.0032,PENDING_AG03,FALSE,NOT_FOR_ENFORCEMENT,9488.4745,2189415.6736,9883.8276,9488.4745,395.3531,0.00395337,0.00379523,395.3531,9488.4745,0.00379523,395.3531,395.3531,395.3531,395.3531,395.3531,9488.4745,0.00379523,1976.7655,1824.8244,7907.0621,8059.0032,0.00316269,0.00322347,0.00015813,212.5216,219.9480,0.9532,119.0823,2.3972,30121.7335,124.9277,49.0469,238.9093,36.5364,75.9244,374.9013,749.8027,789.266,1183.8989,75.8035,-1.1839,10.395423,15.593133,2.799122,29,215,300,5,0.03207536,0.00395337,0.05088190,0E-8,0.000000,0.912219,0.000000,-0.04848366,2026-03-31,2026-08-01,83,4123,1621,124,0.669355,0.205295,0.230786,0.106918,,,,,,,,GLOBAL_BASELINE_NO_ENTITY_RANKING,,,NOT_APPLICABLE_GLOBAL_BASELINE,HF9g-P5,,,,X 全窗基线 · 不参与实体赏罚,15056391,1506,A168_HF9F_20260827_0900,2026-08-27 09:00:00
2026-07-17,92755421,2216,0,37.9017586416,-37.9017586416,-37.9017586416,0E-7,1,1,0.49324550000000000,0.493245500000,-0.9865810262130424,-0.9865810262130424,-0.9865810262130424,0E-17,ELIGIBLE,R03b_20260811_FULL_v1,L1_ELIGIBILITY,v2026-08-11,2026-03-21..2026-08-06,baccarat_bet02_101_all_pairs_incl_sentinel,round_win = game_pnl > 0 (decisive only),COMPATIBILITY_ONLY_NOT_PRODUCTION,2500103.8841,2280641.3266,9883.8276,11764,10369,-0.00395337,-0.05088190,-0.00239824,-0.00395337,-9883.8276,2500103.8841,OK,0.0000,395.3531,4.0000,96.0000,AG03-UNRESOLVED,ALL5_LEVELS_bet23_to_bet27,395.3531,395.3531,395.3531,395.3531,395.3531,4.000000,4.000000,4.000000,4.000000,4.000000,96.000000,96.000000,96.000000,96.000000,96.000000,5.0,1976.7655,1824.8244,7907.0621,8059.0032,PENDING_AG03,FALSE,NOT_FOR_ENFORCEMENT,9488.4745,2189415.6736,9883.8276,9488.4745,395.3531,0.00395337,0.00379523,395.3531,9488.4745,0.00379523,395.3531,395.3531,395.3531,395.3531,395.3531,9488.4745,0.00379523,1976.7655,1824.8244,7907.0621,8059.0032,0.00316269,0.00322347,0.00015813,212.5216,219.9480,0.9532,119.0823,2.3972,30121.7335,124.9277,49.0469,238.9093,36.5364,75.9244,374.9013,749.8027,789.266,1183.8989,75.8035,-1.1839,10.395423,15.593133,2.799122,29,215,300,5,0.03207536,0.00395337,0.05088190,0E-8,0.000000,0.912219,0.000000,-0.04848366,2026-03-31,2026-08-01,83,4123,1621,124,0.669355,0.205295,0.230786,0.106918,,,,,,,,GLOBAL_BASELINE_NO_ENTITY_RANKING,,,NOT_APPLICABLE_GLOBAL_BASELINE,HF9g-P5,,,,X 全窗基线 · 不参与实体赏罚,15056392,1506,A168_HF9F_20260827_0900,2026-08-27 09:00:00
2026-07-17,92755421,2222,0,149.7119466343,0E-10,0E-10,0.5000000,4,4,0.49994810000000000,0.499948100000,0.00020760000111838688,0.00020760000111838688,0.00020760000111838688,0E-17,ELIGIBLE,R03b_20260811_FULL_v1,L1_ELIGIBILITY,v2026-08-11,2026-03-21..2026-08-06,baccarat_bet02_101_all_pairs_incl_sentinel,round_win = game_pnl > 0 (decisive only),COMPATIBILITY_ONLY_NOT_PRODUCTION,2500103.8841,2280641.3266,9883.8276,11764,10369,-0.00395337,-0.05088190,-0.00239824,-0.00395337,-9883.8276,2500103.8841,OK,0.0000,395.3531,4.0000,96.0000,AG03-UNRESOLVED,ALL5_LEVELS_bet23_to_bet27,395.3531,395.3531,395.3531,395.3531,395.3531,4.000000,4.000000,4.000000,4.000000,4.000000,96.000000,96.000000,96.000000,96.000000,96.000000,5.0,1976.7655,1824.8244,7907.0621,8059.0032,PENDING_AG03,FALSE,NOT_FOR_ENFORCEMENT,9488.4745,2189415.6736,9883.8276,9488.4745,395.3531,0.00395337,0.00379523,395.3531,9488.4745,0.00379523,395.3531,395.3531,395.3531,395.3531,395.3531,9488.4745,0.00379523,1976.7655,1824.8244,7907.0621,8059.0032,0.00316269,0.00322347,0.00015813,212.5216,219.9480,0.9532,119.0823,2.3972,30121.7335,124.9277,49.0469,238.9093,36.5364,75.9244,374.9013,749.8027,789.266,1183.8989,75.8035,-1.1839,10.395423,15.593133,2.799122,29,215,300,5,0.03207536,0.00395337,0.05088190,0E-8,0.000000,0.912219,0.000000,-0.04848366,2026-03-31,2026-08-01,83,4123,1621,124,0.669355,0.205295,0.230786,0.106918,,,,,,,,GLOBAL_BASELINE_NO_ENTITY_RANKING,,,NOT_APPLICABLE_GLOBAL_BASELINE,HF9g-P5,,,,X 全窗基线 · 不参与实体赏罚,15056393,1506,A168_HF9F_20260827_0900,2026-08-27 09:00:00
2026-07-17,92755421,2229,0,221.7252880533,73.9084293511,73.9084293511,0.6666667,6,6,0.49994810000000000,0.499948100000,0.8167508423630434,0.8167508423630434,0.8167508423630434,0E-17,ELIGIBLE,R03b_20260811_FULL_v1,L1_ELIGIBILITY,v2026-08-11,2026-03-21..2026-08-06,baccarat_bet02_101_all_pairs_incl_sentinel,round_win = game_pnl > 0 (decisive only),COMPATIBILITY_ONLY_NOT_PRODUCTION,2500103.8841,2280641.3266,9883.8276,11764,10369,-0.00395337,-0.05088190,-0.00239824,-0.00395337,-9883.8276,2500103.8841,OK,0.0000,395.3531,4.0000,96.0000,AG03-UNRESOLVED,ALL5_LEVELS_bet23_to_bet27,395.3531,395.3531,395.3531,395.3531,395.3531,4.000000,4.000000,4.000000,4.000000,4.000000,96.000000,96.000000,96.000000,96.000000,96.000000,5.0,1976.7655,1824.8244,7907.0621,8059.0032,PENDING_AG03,FALSE,NOT_FOR_ENFORCEMENT,9488.4745,2189415.6736,9883.8276,9488.4745,395.3531,0.00395337,0.00379523,395.3531,9488.4745,0.00379523,395.3531,395.3531,395.3531,395.3531,395.3531,9488.4745,0.00379523,1976.7655,1824.8244,7907.0621,8059.0032,0.00316269,0.00322347,0.00015813,212.5216,219.9480,0.9532,119.0823,2.3972,30121.7335,124.9277,49.0469,238.9093,36.5364,75.9244,374.9013,749.8027,789.266,1183.8989,75.8035,-1.1839,10.395423,15.593133,2.799122,29,215,300,5,0.03207536,0.00395337,0.05088190,0E-8,0.000000,0.912219,0.000000,-0.04848366,2026-03-31,2026-08-01,83,4123,1621,124,0.669355,0.205295,0.230786,0.106918,,,,,,,,GLOBAL_BASELINE_NO_ENTITY_RANKING,,,NOT_APPLICABLE_GLOBAL_BASELINE,HF9g-P5,,,,X 全窗基线 · 不参与实体赏罚,15056394,1506,A168_HF9F_20260827_0900,2026-08-27 09:00:00
2026-07-17,92755421,2235,0,259.6270466949,37.9017586416,37.9017586416,0.6000000,7,7,0.49899058571428571,0.498990585714,0.4517287539699235,0.45172875397120177,0.4517287539699235,2.8571E-13,ELIGIBLE,R03b_20260811_FULL_v1,L1_ELIGIBILITY,v2026-08-11,2026-03-21..2026-08-06,baccarat_bet02_101_all_pairs_incl_sentinel,round_win = game_pnl > 0 (decisive only),COMPATIBILITY_ONLY_NOT_PRODUCTION,2500103.8841,2280641.3266,9883.8276,11764,10369,-0.00395337,-0.05088190,-0.00239824,-0.00395337,-9883.8276,2500103.8841,OK,0.0000,395.3531,4.0000,96.0000,AG03-UNRESOLVED,ALL5_LEVELS_bet23_to_bet27,395.3531,395.3531,395.3531,395.3531,395.3531,4.000000,4.000000,4.000000,4.000000,4.000000,96.000000,96.000000,96.000000,96.000000,96.000000,5.0,1976.7655,1824.8244,7907.0621,8059.0032,PENDING_AG03,FALSE,NOT_FOR_ENFORCEMENT,9488.4745,2189415.6736,9883.8276,9488.4745,395.3531,0.00395337,0.00379523,395.3531,9488.4745,0.00379523,395.3531,395.3531,395.3531,395.3531,395.3531,9488.4745,0.00379523,1976.7655,1824.8244,7907.0621,8059.0032,0.00316269,0.00322347,0.00015813,212.5216,219.9480,0.9532,119.0823,2.3972,30121.7335,124.9277,49.0469,238.9093,36.5364,75.9244,374.9013,749.8027,789.266,1183.8989,75.8035,-1.1839,10.395423,15.593133,2.799122,29,215,300,5,0.03207536,0.00395337,0.05088190,0E-8,0.000000,0.912219,0.000000,-0.04848366,2026-03-31,2026-08-01,83,4123,1621,124,0.669355,0.205295,0.230786,0.106918,,,,,,,,GLOBAL_BASELINE_NO_ENTITY_RANKING,,,NOT_APPLICABLE_GLOBAL_BASELINE,HF9g-P5,,,,X 全窗基线 · 不参与实体赏罚,15056395,1506,A168_HF9F_20260827_0900,2026-08-27 09:00:00
2026-07-17,92755421,2239,0,151.6070345664,37.9017586416,37.9017586416,0.6666667,4,4,0.49659680000000000,0.496596800000,0.5891529468324541,0.589152946832454,0.5891529468324541,0E-17,ELIGIBLE,R03b_20260811_FULL_v1,L1_ELIGIBILITY,v2026-08-11,2026-03-21..2026-08-06,baccarat_bet02_101_all_pairs_incl_sentinel,round_win = game_pnl > 0 (decisive only),COMPATIBILITY_ONLY_NOT_PRODUCTION,2500103.8841,2280641.3266,9883.8276,11764,10369,-0.00395337,-0.05088190,-0.00239824,-0.00395337,-9883.8276,2500103.8841,OK,0.0000,395.3531,4.0000,96.0000,AG03-UNRESOLVED,ALL5_LEVELS_bet23_to_bet27,395.3531,395.3531,395.3531,395.3531,395.3531,4.000000,4.000000,4.000000,4.000000,4.000000,96.000000,96.000000,96.000000,96.000000,96.000000,5.0,1976.7655,1824.8244,7907.0621,8059.0032,PENDING_AG03,FALSE,NOT_FOR_ENFORCEMENT,9488.4745,2189415.6736,9883.8276,9488.4745,395.3531,0.00395337,0.00379523,395.3531,9488.4745,0.00379523,395.3531,395.3531,395.3531,395.3531,395.3531,9488.4745,0.00379523,1976.7655,1824.8244,7907.0621,8059.0032,0.00316269,0.00322347,0.00015813,212.5216,219.9480,0.9532,119.0823,2.3972,30121.7335,124.9277,49.0469,238.9093,36.5364,75.9244,374.9013,749.8027,789.266,1183.8989,75.8035,-1.1839,10.395423,15.593133,2.799122,29,215,300,5,0.03207536,0.00395337,0.05088190,0E-8,0.000000,0.912219,0.000000,-0.04848366,2026-03-31,2026-08-01,83,4123,1621,124,0.669355,0.205295,0.230786,0.106918,,,,,,,,GLOBAL_BASELINE_NO_ENTITY_RANKING,,,NOT_APPLICABLE_GLOBAL_BASELINE,HF9g-P5,,,,X 全窗基线 · 不参与实体赏罚,15056396,1506,A168_HF9F_20260827_0900,2026-08-27 09:00:00
2026-07-17,92755421,2241,0,75.0454821103,-1.1370527592,-1.1370527592,0.5000000,3,2,0.49918413163295459,0.384696750000,0.002307627291679227,0.3351603871392501,0.002307627291679227,0.11448738163295459,ELIGIBLE,R03b_20260811_FULL_v1,L1_ELIGIBILITY,v2026-08-11,2026-03-21..2026-08-06,baccarat_bet02_101_all_pairs_incl_sentinel,round_win = game_pnl > 0 (decisive only),COMPATIBILITY_ONLY_NOT_PRODUCTION,2500103.8841,2280641.3266,9883.8276,11764,10369,-0.00395337,-0.05088190,-0.00239824,-0.00395337,-9883.8276,2500103.8841,OK,0.0000,395.3531,4.0000,96.0000,AG03-UNRESOLVED,ALL5_LEVELS_bet23_to_bet27,395.3531,395.3531,395.3531,395.3531,395.3531,4.000000,4.000000,4.000000,4.000000,4.000000,96.000000,96.000000,96.000000,96.000000,96.000000,5.0,1976.7655,1824.8244,7907.0621,8059.0032,PENDING_AG03,FALSE,NOT_FOR_ENFORCEMENT,9488.4745,2189415.6736,9883.8276,9488.4745,395.3531,0.00395337,0.00379523,395.3531,9488.4745,0.00379523,395.3531,395.3531,395.3531,395.3531,395.3531,9488.4745,0.00379523,1976.7655,1824.8244,7907.0621,8059.0032,0.00316269,0.00322347,0.00015813,212.5216,219.9480,0.9532,119.0823,2.3972,30121.7335,124.9277,49.0469,238.9093,36.5364,75.9244,374.9013,749.8027,789.266,1183.8989,75.8035,-1.1839,10.395423,15.593133,2.799122,29,215,300,5,0.03207536,0.00395337,0.05088190,0E-8,0.000000,0.912219,0.000000,-0.04848366,2026-03-31,2026-08-01,83,4123,1621,124,0.669355,0.205295,0.230786,0.106918,,,,,,,,GLOBAL_BASELINE_NO_ENTITY_RANKING,,,NOT_APPLICABLE_GLOBAL_BASELINE,HF9g-P5,,,,X 全窗基线 · 不参与实体赏罚,15056397,1506,A168_HF9F_20260827_0900,2026-08-27 09:00:00
2026-07-17,92755421,2254,0,32.5955124318,-32.5955124318,-32.5955124318,0E-7,1,1,0.49324550000000000,0.493245500000,-0.9865810262130424,-0.9865810262130424,-0.9865810262130424,0E-17,ELIGIBLE,R03b_20260811_FULL_v1,L1_ELIGIBILITY,v2026-08-11,2026-03-21..2026-08-06,baccarat_bet02_101_all_pairs_incl_sentinel,round_win = game_pnl > 0 (decisive only),COMPATIBILITY_ONLY_NOT_PRODUCTION,2500103.8841,2280641.3266,9883.8276,11764,10369,-0.00395337,-0.05088190,-0.00239824,-0.00395337,-9883.8276,2500103.8841,OK,0.0000,395.3531,4.0000,96.0000,AG03-UNRESOLVED,ALL5_LEVELS_bet23_to_bet27,395.3531,395.3531,395.3531,395.3531,395.3531,4.000000,4.000000,4.000000,4.000000,4.000000,96.000000,96.000000,96.000000,96.000000,96.000000,5.0,1976.7655,1824.8244,7907.0621,8059.0032,PENDING_AG03,FALSE,NOT_FOR_ENFORCEMENT,9488.4745,2189415.6736,9883.8276,9488.4745,395.3531,0.00395337,0.00379523,395.3531,9488.4745,0.00379523,395.3531,395.3531,395.3531,395.3531,395.3531,9488.4745,0.00379523,1976.7655,1824.8244,7907.0621,8059.0032,0.00316269,0.00322347,0.00015813,212.5216,219.9480,0.9532,119.0823,2.3972,30121.7335,124.9277,49.0469,238.9093,36.5364,75.9244,374.9013,749.8027,789.266,1183.8989,75.8035,-1.1839,10.395423,15.593133,2.799122,29,215,300,5,0.03207536,0.00395337,0.05088190,0E-8,0.000000,0.912219,0.000000,-0.04848366,2026-03-31,2026-08-01,83,4123,1621,124,0.669355,0.205295,0.230786,0.106918,,,,,,,,GLOBAL_BASELINE_NO_ENTITY_RANKING,,,NOT_APPLICABLE_GLOBAL_BASELINE,HF9g-P5,,,,X 全窗基线 · 不参与实体赏罚,15056398,1506,A168_HF9F_20260827_0900,2026-08-27 09:00:00
2026-07-17,92755421,2258,0,94.7543966040,-57.8001819284,-57.8001819284,0.3333333,3,3,0.50218230000000000,0.502182300000,-0.5849155494134425,-0.5849155494134426,-0.5849155494134425,0E-17,ELIGIBLE,R03b_20260811_FULL_v1,L1_ELIGIBILITY,v2026-08-11,2026-03-21..2026-08-06,baccarat_bet02_101_all_pairs_incl_sentinel,round_win = game_pnl > 0 (decisive only),COMPATIBILITY_ONLY_NOT_PRODUCTION,2500103.8841,2280641.3266,9883.8276,11764,10369,-0.00395337,-0.05088190,-0.00239824,-0.00395337,-9883.8276,2500103.8841,OK,0.0000,395.3531,4.0000,96.0000,AG03-UNRESOLVED,ALL5_LEVELS_bet23_to_bet27,395.3531,395.3531,395.3531,395.3531,395.3531,4.000000,4.000000,4.000000,4.000000,4.000000,96.000000,96.000000,96.000000,96.000000,96.000000,5.0,1976.7655,1824.8244,7907.0621,8059.0032,PENDING_AG03,FALSE,NOT_FOR_ENFORCEMENT,9488.4745,2189415.6736,9883.8276,9488.4745,395.3531,0.00395337,0.00379523,395.3531,9488.4745,0.00379523,395.3531,395.3531,395.3531,395.3531,395.3531,9488.4745,0.00379523,1976.7655,1824.8244,7907.0621,8059.0032,0.00316269,0.00322347,0.00015813,212.5216,219.9480,0.9532,119.0823,2.3972,30121.7335,124.9277,49.0469,238.9093,36.5364,75.9244,374.9013,749.8027,789.266,1183.8989,75.8035,-1.1839,10.395423,15.593133,2.799122,29,215,300,5,0.03207536,0.00395337,0.05088190,0E-8,0.000000,0.912219,0.000000,-0.04848366,2026-03-31,2026-08-01,83,4123,1621,124,0.669355,0.205295,0.230786,0.106918,,,,,,,,GLOBAL_BASELINE_NO_ENTITY_RANKING,,,NOT_APPLICABLE_GLOBAL_BASELINE,HF9g-P5,,,,X 全窗基线 · 不参与实体赏罚,15056399,1506,A168_HF9F_20260827_0900,2026-08-27 09:00:00
2026-07-17,92755421,2267,0,59.8847786537,15.9187386295,15.9187386295,0.6666667,5,3,0.47438667781611335,0.339577033333,0.666953093639682,1.1963194634499565,0.666953093639682,0.13480964448311335,ELIGIBLE,R03b_20260811_FULL_v1,L1_ELIGIBILITY,v2026-08-11,2026-03-21..2026-08-06,baccarat_bet02_101_all_pairs_incl_sentinel,round_win = game_pnl > 0 (decisive only),COMPATIBILITY_ONLY_NOT_PRODUCTION,2500103.8841,2280641.3266,9883.8276,11764,10369,-0.00395337,-0.05088190,-0.00239824,-0.00395337,-9883.8276,2500103.8841,OK,0.0000,395.3531,4.0000,96.0000,AG03-UNRESOLVED,ALL5_LEVELS_bet23_to_bet27,395.3531,395.3531,395.3531,395.3531,395.3531,4.000000,4.000000,4.000000,4.000000,4.000000,96.000000,96.000000,96.000000,96.000000,96.000000,5.0,1976.7655,1824.8244,7907.0621,8059.0032,PENDING_AG03,FALSE,NOT_FOR_ENFORCEMENT,9488.4745,2189415.6736,9883.8276,9488.4745,395.3531,0.00395337,0.00379523,395.3531,9488.4745,0.00379523,395.3531,395.3531,395.3531,395.3531,395.3531,9488.4745,0.00379523,1976.7655,1824.8244,7907.0621,8059.0032,0.00316269,0.00322347,0.00015813,212.5216,219.9480,0.9532,119.0823,2.3972,30121.7335,124.9277,49.0469,238.9093,36.5364,75.9244,374.9013,749.8027,789.266,1183.8989,75.8035,-1.1839,10.395423,15.593133,2.799122,29,215,300,5,0.03207536,0.00395337,0.05088190,0E-8,0.000000,0.912219,0.000000,-0.04848366,2026-03-31,2026-08-01,83,4123,1621,124,0.669355,0.205295,0.230786,0.106918,,,,,,,,GLOBAL_BASELINE_NO_ENTITY_RANKING,,,NOT_APPLICABLE_GLOBAL_BASELINE,HF9g-P5,,,,X 全窗基线 · 不参与实体赏罚,15056400,1506,A168_HF9F_20260827_0900,2026-08-27 09:00:00
2026-07-17,92755421,2280,0,66.3280776228,-66.3280776228,-66.3280776228,0E-7,2,2,0.49994810000000000,0.499948100000,-1.4140667746232096,-1.4140667746232096,-1.4140667746232096,0E-17,ELIGIBLE,R03b_20260811_FULL_v1,L1_ELIGIBILITY,v2026-08-11,2026-03-21..2026-08-06,baccarat_bet02_101_all_pairs_incl_sentinel,round_win = game_pnl > 0 (decisive only),COMPATIBILITY_ONLY_NOT_PRODUCTION,2500103.8841,2280641.3266,9883.8276,11764,10369,-0.00395337,-0.05088190,-0.00239824,-0.00395337,-9883.8276,2500103.8841,OK,0.0000,395.3531,4.0000,96.0000,AG03-UNRESOLVED,ALL5_LEVELS_bet23_to_bet27,395.3531,395.3531,395.3531,395.3531,395.3531,4.000000,4.000000,4.000000,4.000000,4.000000,96.000000,96.000000,96.000000,96.000000,96.000000,5.0,1976.7655,1824.8244,7907.0621,8059.0032,PENDING_AG03,FALSE,NOT_FOR_ENFORCEMENT,9488.4745,2189415.6736,9883.8276,9488.4745,395.3531,0.00395337,0.00379523,395.3531,9488.4745,0.00379523,395.3531,395.3531,395.3531,395.3531,395.3531,9488.4745,0.00379523,1976.7655,1824.8244,7907.0621,8059.0032,0.00316269,0.00322347,0.00015813,212.5216,219.9480,0.9532,119.0823,2.3972,30121.7335,124.9277,49.0469,238.9093,36.5364,75.9244,374.9013,749.8027,789.266,1183.8989,75.8035,-1.1839,10.395423,15.593133,2.799122,29,215,300,5,0.03207536,0.00395337,0.05088190,0E-8,0.000000,0.912219,0.000000,-0.04848366,2026-03-31,2026-08-01,83,4123,1621,124,0.669355,0.205295,0.230786,0.106918,,,,,,,,GLOBAL_BASELINE_NO_ENTITY_RANKING,,,NOT_APPLICABLE_GLOBAL_BASELINE,HF9g-P5,,,,X 全窗基线 · 不参与实体赏罚,15056401,1506,A168_HF9F_20260827_0900,2026-08-27 09:00:00
2026-07-17,92755421,2281,0,180.0333535475,0E-10,0E-10,0.5000000,5,5,0.49592654000000000,0.495926540000,0.016294380756781617,0.016294380756781617,0.016294380756781617,0E-17,ELIGIBLE,R03b_20260811_FULL_v1,L1_ELIGIBILITY,v2026-08-11,2026-03-21..2026-08-06,baccarat_bet02_101_all_pairs_incl_sentinel,round_win = game_pnl > 0 (decisive only),COMPATIBILITY_ONLY_NOT_PRODUCTION,2500103.8841,2280641.3266,9883.8276,11764,10369,-0.00395337,-0.05088190,-0.00239824,-0.00395337,-9883.8276,2500103.8841,OK,0.0000,395.3531,4.0000,96.0000,AG03-UNRESOLVED,ALL5_LEVELS_bet23_to_bet27,395.3531,395.3531,395.3531,395.3531,395.3531,4.000000,4.000000,4.000000,4.000000,4.000000,96.000000,96.000000,96.000000,96.000000,96.000000,5.0,1976.7655,1824.8244,7907.0621,8059.0032,PENDING_AG03,FALSE,NOT_FOR_ENFORCEMENT,9488.4745,2189415.6736,9883.8276,9488.4745,395.3531,0.00395337,0.00379523,395.3531,9488.4745,0.00379523,395.3531,395.3531,395.3531,395.3531,395.3531,9488.4745,0.00379523,1976.7655,1824.8244,7907.0621,8059.0032,0.00316269,0.00322347,0.00015813,212.5216,219.9480,0.9532,119.0823,2.3972,30121.7335,124.9277,49.0469,238.9093,36.5364,75.9244,374.9013,749.8027,789.266,1183.8989,75.8035,-1.1839,10.395423,15.593133,2.799122,29,215,300,5,0.03207536,0.00395337,0.05088190,0E-8,0.000000,0.912219,0.000000,-0.04848366,2026-03-31,2026-08-01,83,4123,1621,124,0.669355,0.205295,0.230786,0.106918,,,,,,,,GLOBAL_BASELINE_NO_ENTITY_RANKING,,,NOT_APPLICABLE_GLOBAL_BASELINE,HF9g-P5,,,,X 全窗基线 · 不参与实体赏罚,15056402,1506,A168_HF9F_20260827_0900,2026-08-27 09:00:00
2026-07-17,92755421,583,0,37.9017586416,-37.9017586416,-37.9017586416,0E-7,1,1,0.49324550000000000,0.493245500000,-0.9865810262130424,-0.9865810262130424,-0.9865810262130424,0E-17,ELIGIBLE,R03b_20260811_FULL_v1,L1_ELIGIBILITY,v2026-08-11,2026-03-21..2026-08-06,baccarat_bet02_101_all_pairs_incl_sentinel,round_win = game_pnl > 0 (decisive only),COMPATIBILITY_ONLY_NOT_PRODUCTION,2500103.8841,2280641.3266,9883.8276,11764,10369,-0.00395337,-0.05088190,-0.00239824,-0.00395337,-9883.8276,2500103.8841,OK,0.0000,395.3531,4.0000,96.0000,AG03-UNRESOLVED,ALL5_LEVELS_bet23_to_bet27,395.3531,395.3531,395.3531,395.3531,395.3531,4.000000,4.000000,4.000000,4.000000,4.000000,96.000000,96.000000,96.000000,96.000000,96.000000,5.0,1976.7655,1824.8244,7907.0621,8059.0032,PENDING_AG03,FALSE,NOT_FOR_ENFORCEMENT,9488.4745,2189415.6736,9883.8276,9488.4745,395.3531,0.00395337,0.00379523,395.3531,9488.4745,0.00379523,395.3531,395.3531,395.3531,395.3531,395.3531,9488.4745,0.00379523,1976.7655,1824.8244,7907.0621,8059.0032,0.00316269,0.00322347,0.00015813,212.5216,219.9480,0.9532,119.0823,2.3972,30121.7335,124.9277,49.0469,238.9093,36.5364,75.9244,374.9013,749.8027,789.266,1183.8989,75.8035,-1.1839,10.395423,15.593133,2.799122,29,215,300,5,0.03207536,0.00395337,0.05088190,0E-8,0.000000,0.912219,0.000000,-0.04848366,2026-03-31,2026-08-01,83,4123,1621,124,0.669355,0.205295,0.230786,0.106918,,,,,,,,GLOBAL_BASELINE_NO_ENTITY_RANKING,,,NOT_APPLICABLE_GLOBAL_BASELINE,HF9g-P5,,,,X 全窗基线 · 不参与实体赏罚,15056403,1506,A168_HF9F_20260827_0900,2026-08-27 09:00:00
2026-07-17,92755421,919,0,111.8101879927,-37.9017586416,-37.9017586416,0.3333333,3,3,0.50218230000000000,0.502182300000,-0.5849155494134425,-0.5849155494134426,-0.5849155494134425,0E-17,ELIGIBLE,R03b_20260811_FULL_v1,L1_ELIGIBILITY,v2026-08-11,2026-03-21..2026-08-06,baccarat_bet02_101_all_pairs_incl_sentinel,round_win = game_pnl > 0 (decisive only),COMPATIBILITY_ONLY_NOT_PRODUCTION,2500103.8841,2280641.3266,9883.8276,11764,10369,-0.00395337,-0.05088190,-0.00239824,-0.00395337,-9883.8276,2500103.8841,OK,0.0000,395.3531,4.0000,96.0000,AG03-UNRESOLVED,ALL5_LEVELS_bet23_to_bet27,395.3531,395.3531,395.3531,395.3531,395.3531,4.000000,4.000000,4.000000,4.000000,4.000000,96.000000,96.000000,96.000000,96.000000,96.000000,5.0,1976.7655,1824.8244,7907.0621,8059.0032,PENDING_AG03,FALSE,NOT_FOR_ENFORCEMENT,9488.4745,2189415.6736,9883.8276,9488.4745,395.3531,0.00395337,0.00379523,395.3531,9488.4745,0.00379523,395.3531,395.3531,395.3531,395.3531,395.3531,9488.4745,0.00379523,1976.7655,1824.8244,7907.0621,8059.0032,0.00316269,0.00322347,0.00015813,212.5216,219.9480,0.9532,119.0823,2.3972,30121.7335,124.9277,49.0469,238.9093,36.5364,75.9244,374.9013,749.8027,789.266,1183.8989,75.8035,-1.1839,10.395423,15.593133,2.799122,29,215,300,5,0.03207536,0.00395337,0.05088190,0E-8,0.000000,0.912219,0.000000,-0.04848366,2026-03-31,2026-08-01,83,4123,1621,124,0.669355,0.205295,0.230786,0.106918,,,,,,,,GLOBAL_BASELINE_NO_ENTITY_RANKING,,,NOT_APPLICABLE_GLOBAL_BASELINE,HF9g-P5,,,,X 全窗基线 · 不参与实体赏罚,15056404,1506,A168_HF9F_20260827_0900,2026-08-27 09:00:00
2026-07-17,92755421,948,0,37.9017586416,-37.9017586416,-37.9017586416,0E-7,1,1,0.50665070000000000,0.506650700000,-1.013391052207602,-1.013391052207602,-1.013391052207602,0E-17,ELIGIBLE,R03b_20260811_FULL_v1,L1_ELIGIBILITY,v2026-08-11,2026-03-21..2026-08-06,baccarat_bet02_101_all_pairs_incl_sentinel,round_win = game_pnl > 0 (decisive only),COMPATIBILITY_ONLY_NOT_PRODUCTION,2500103.8841,2280641.3266,9883.8276,11764,10369,-0.00395337,-0.05088190,-0.00239824,-0.00395337,-9883.8276,2500103.8841,OK,0.0000,395.3531,4.0000,96.0000,AG03-UNRESOLVED,ALL5_LEVELS_bet23_to_bet27,395.3531,395.3531,395.3531,395.3531,395.3531,4.000000,4.000000,4.000000,4.000000,4.000000,96.000000,96.000000,96.000000,96.000000,96.000000,5.0,1976.7655,1824.8244,7907.0621,8059.0032,PENDING_AG03,FALSE,NOT_FOR_ENFORCEMENT,9488.4745,2189415.6736,9883.8276,9488.4745,395.3531,0.00395337,0.00379523,395.3531,9488.4745,0.00379523,395.3531,395.3531,395.3531,395.3531,395.3531,9488.4745,0.00379523,1976.7655,1824.8244,7907.0621,8059.0032,0.00316269,0.00322347,0.00015813,212.5216,219.9480,0.9532,119.0823,2.3972,30121.7335,124.9277,49.0469,238.9093,36.5364,75.9244,374.9013,749.8027,789.266,1183.8989,75.8035,-1.1839,10.395423,15.593133,2.799122,29,215,300,5,0.03207536,0.00395337,0.05088190,0E-8,0.000000,0.912219,0.000000,-0.04848366,2026-03-31,2026-08-01,83,4123,1621,124,0.669355,0.205295,0.230786,0.106918,,,,,,,,GLOBAL_BASELINE_NO_ENTITY_RANKING,,,NOT_APPLICABLE_GLOBAL_BASELINE,HF9g-P5,,,,X 全窗基线 · 不参与实体赏罚,15056405,1506,A168_HF9F_20260827_0900,2026-08-27 09:00:00
2026-07-17,92755421,994,0,75.8035172832,-75.8035172832,-75.8035172832,0E-7,2,2,0.49994810000000000,0.499948100000,-1.4140667746232096,-1.4140667746232096,-1.4140667746232096,0E-17,ELIGIBLE,R03b_20260811_FULL_v1,L1_ELIGIBILITY,v2026-08-11,2026-03-21..2026-08-06,baccarat_bet02_101_all_pairs_incl_sentinel,round_win = game_pnl > 0 (decisive only),COMPATIBILITY_ONLY_NOT_PRODUCTION,2500103.8841,2280641.3266,9883.8276,11764,10369,-0.00395337,-0.05088190,-0.00239824,-0.00395337,-9883.8276,2500103.8841,OK,0.0000,395.3531,4.0000,96.0000,AG03-UNRESOLVED,ALL5_LEVELS_bet23_to_bet27,395.3531,395.3531,395.3531,395.3531,395.3531,4.000000,4.000000,4.000000,4.000000,4.000000,96.000000,96.000000,96.000000,96.000000,96.000000,5.0,1976.7655,1824.8244,7907.0621,8059.0032,PENDING_AG03,FALSE,NOT_FOR_ENFORCEMENT,9488.4745,2189415.6736,9883.8276,9488.4745,395.3531,0.00395337,0.00379523,395.3531,9488.4745,0.00379523,395.3531,395.3531,395.3531,395.3531,395.3531,9488.4745,0.00379523,1976.7655,1824.8244,7907.0621,8059.0032,0.00316269,0.00322347,0.00015813,212.5216,219.9480,0.9532,119.0823,2.3972,30121.7335,124.9277,49.0469,238.9093,36.5364,75.9244,374.9013,749.8027,789.266,1183.8989,75.8035,-1.1839,10.395423,15.593133,2.799122,29,215,300,5,0.03207536,0.00395337,0.05088190,0E-8,0.000000,0.912219,0.000000,-0.04848366,2026-03-31,2026-08-01,83,4123,1621,124,0.669355,0.205295,0.230786,0.106918,,,,,,,,GLOBAL_BASELINE_NO_ENTITY_RANKING,,,NOT_APPLICABLE_GLOBAL_BASELINE,HF9g-P5,,,,X 全窗基线 · 不参与实体赏罚,15056406,1506,A168_HF9F_20260827_0900,2026-08-27 09:00:00
2026-07-18,92755421,-1,1,131.8981200727,-38.0912674347,-38.0912674347,0.4000000,7,6,0.49053792291685681,0.455945483333,-0.40497042159577484,-0.251172659115215,-0.40497042159577484,0.03459243958385681,SENTINEL_DEALER,R03b_20260811_FULL_v1,L1_ELIGIBILITY,v2026-08-11,2026-03-21..2026-08-06,baccarat_bet02_101_all_pairs_incl_sentinel,round_win = game_pnl > 0 (decisive only),COMPATIBILITY_ONLY_NOT_PRODUCTION,2500103.8841,2280641.3266,9883.8276,11764,10369,-0.00395337,-0.05088190,-0.00239824,-0.00395337,-9883.8276,2500103.8841,OK,0.0000,395.3531,4.0000,96.0000,AG03-UNRESOLVED,ALL5_LEVELS_bet23_to_bet27,395.3531,395.3531,395.3531,395.3531,395.3531,4.000000,4.000000,4.000000,4.000000,4.000000,96.000000,96.000000,96.000000,96.000000,96.000000,5.0,1976.7655,1824.8244,7907.0621,8059.0032,PENDING_AG03,FALSE,NOT_FOR_ENFORCEMENT,9488.4745,2189415.6736,9883.8276,9488.4745,395.3531,0.00395337,0.00379523,395.3531,9488.4745,0.00379523,395.3531,395.3531,395.3531,395.3531,395.3531,9488.4745,0.00379523,1976.7655,1824.8244,7907.0621,8059.0032,0.00316269,0.00322347,0.00015813,212.5216,219.9480,0.9532,119.0823,2.3972,30121.7335,124.9277,49.0469,238.9093,36.5364,75.9244,374.9013,749.8027,789.266,1183.8989,75.8035,-1.1839,10.395423,15.593133,2.799122,29,215,300,5,0.03207536,0.00395337,0.05088190,0E-8,0.000000,0.912219,0.000000,-0.04848366,2026-03-31,2026-08-01,83,4123,1621,124,0.669355,0.205295,0.230786,0.106918,,,,,,,,GLOBAL_BASELINE_NO_ENTITY_RANKING,,,NOT_APPLICABLE_GLOBAL_BASELINE,HF9g-P5,,,,X 全窗基线 · 不参与实体赏罚,15056407,1506,A168_HF9F_20260827_0900,2026-08-27 09:00:00
2026-07-18,92755421,1307,0,18.9508793208,-18.9508793208,-18.9508793208,0E-7,1,1,0.49324550000000000,0.493245500000,-0.9865810262130424,-0.9865810262130424,-0.9865810262130424,0E-17,ELIGIBLE,R03b_20260811_FULL_v1,L1_ELIGIBILITY,v2026-08-11,2026-03-21..2026-08-06,baccarat_bet02_101_all_pairs_incl_sentinel,round_win = game_pnl > 0 (decisive only),COMPATIBILITY_ONLY_NOT_PRODUCTION,2500103.8841,2280641.3266,9883.8276,11764,10369,-0.00395337,-0.05088190,-0.00239824,-0.00395337,-9883.8276,2500103.8841,OK,0.0000,395.3531,4.0000,96.0000,AG03-UNRESOLVED,ALL5_LEVELS_bet23_to_bet27,395.3531,395.3531,395.3531,395.3531,395.3531,4.000000,4.000000,4.000000,4.000000,4.000000,96.000000,96.000000,96.000000,96.000000,96.000000,5.0,1976.7655,1824.8244,7907.0621,8059.0032,PENDING_AG03,FALSE,NOT_FOR_ENFORCEMENT,9488.4745,2189415.6736,9883.8276,9488.4745,395.3531,0.00395337,0.00379523,395.3531,9488.4745,0.00379523,395.3531,395.3531,395.3531,395.3531,395.3531,9488.4745,0.00379523,1976.7655,1824.8244,7907.0621,8059.0032,0.00316269,0.00322347,0.00015813,212.5216,219.9480,0.9532,119.0823,2.3972,30121.7335,124.9277,49.0469,238.9093,36.5364,75.9244,374.9013,749.8027,789.266,1183.8989,75.8035,-1.1839,10.395423,15.593133,2.799122,29,215,300,5,0.03207536,0.00395337,0.05088190,0E-8,0.000000,0.912219,0.000000,-0.04848366,2026-03-31,2026-08-01,83,4123,1621,124,0.669355,0.205295,0.230786,0.106918,,,,,,,,GLOBAL_BASELINE_NO_ENTITY_RANKING,,,NOT_APPLICABLE_GLOBAL_BASELINE,HF9g-P5,,,,X 全窗基线 · 不参与实体赏罚,15056408,1506,A168_HF9F_20260827_0900,2026-08-27 09:00:00
2026-07-18,92755421,1323,0,37.9017586416,-37.9017586416,-37.9017586416,0E-7,1,1,0.50665070000000000,0.506650700000,-1.013391052207602,-1.013391052207602,-1.013391052207602,0E-17,ELIGIBLE,R03b_20260811_FULL_v1,L1_ELIGIBILITY,v2026-08-11,2026-03-21..2026-08-06,baccarat_bet02_101_all_pairs_incl_sentinel,round_win = game_pnl > 0 (decisive only),COMPATIBILITY_ONLY_NOT_PRODUCTION,2500103.8841,2280641.3266,9883.8276,11764,10369,-0.00395337,-0.05088190,-0.00239824,-0.00395337,-9883.8276,2500103.8841,OK,0.0000,395.3531,4.0000,96.0000,AG03-UNRESOLVED,ALL5_LEVELS_bet23_to_bet27,395.3531,395.3531,395.3531,395.3531,395.3531,4.000000,4.000000,4.000000,4.000000,4.000000,96.000000,96.000000,96.000000,96.000000,96.000000,5.0,1976.7655,1824.8244,7907.0621,8059.0032,PENDING_AG03,FALSE,NOT_FOR_ENFORCEMENT,9488.4745,2189415.6736,9883.8276,9488.4745,395.3531,0.00395337,0.00379523,395.3531,9488.4745,0.00379523,395.3531,395.3531,395.3531,395.3531,395.3531,9488.4745,0.00379523,1976.7655,1824.8244,7907.0621,8059.0032,0.00316269,0.00322347,0.00015813,212.5216,219.9480,0.9532,119.0823,2.3972,30121.7335,124.9277,49.0469,238.9093,36.5364,75.9244,374.9013,749.8027,789.266,1183.8989,75.8035,-1.1839,10.395423,15.593133,2.799122,29,215,300,5,0.03207536,0.00395337,0.05088190,0E-8,0.000000,0.912219,0.000000,-0.04848366,2026-03-31,2026-08-01,83,4123,1621,124,0.669355,0.205295,0.230786,0.106918,,,,,,,,GLOBAL_BASELINE_NO_ENTITY_RANKING,,,NOT_APPLICABLE_GLOBAL_BASELINE,HF9g-P5,,,,X 全窗基线 · 不参与实体赏罚,15056409,1506,A168_HF9F_20260827_0900,2026-08-27 09:00:00
2026-07-18,92755421,1331,0,37.1437234687,-0.1895087931,-0.1895087931,0.5000000,3,2,0.48512276875057043,0.381345450000,0.04209780371639427,0.3454745057990616,0.04209780371639427,0.10377731875057043,ELIGIBLE,R03b_20260811_FULL_v1,L1_ELIGIBILITY,v2026-08-11,2026-03-21..2026-08-06,baccarat_bet02_101_all_pairs_incl_sentinel,round_win = game_pnl > 0 (decisive only),COMPATIBILITY_ONLY_NOT_PRODUCTION,2500103.8841,2280641.3266,9883.8276,11764,10369,-0.00395337,-0.05088190,-0.00239824,-0.00395337,-9883.8276,2500103.8841,OK,0.0000,395.3531,4.0000,96.0000,AG03-UNRESOLVED,ALL5_LEVELS_bet23_to_bet27,395.3531,395.3531,395.3531,395.3531,395.3531,4.000000,4.000000,4.000000,4.000000,4.000000,96.000000,96.000000,96.000000,96.000000,96.000000,5.0,1976.7655,1824.8244,7907.0621,8059.0032,PENDING_AG03,FALSE,NOT_FOR_ENFORCEMENT,9488.4745,2189415.6736,9883.8276,9488.4745,395.3531,0.00395337,0.00379523,395.3531,9488.4745,0.00379523,395.3531,395.3531,395.3531,395.3531,395.3531,9488.4745,0.00379523,1976.7655,1824.8244,7907.0621,8059.0032,0.00316269,0.00322347,0.00015813,212.5216,219.9480,0.9532,119.0823,2.3972,30121.7335,124.9277,49.0469,238.9093,36.5364,75.9244,374.9013,749.8027,789.266,1183.8989,75.8035,-1.1839,10.395423,15.593133,2.799122,29,215,300,5,0.03207536,0.00395337,0.05088190,0E-8,0.000000,0.912219,0.000000,-0.04848366,2026-03-31,2026-08-01,83,4123,1621,124,0.669355,0.205295,0.230786,0.106918,,,,,,,,GLOBAL_BASELINE_NO_ENTITY_RANKING,,,NOT_APPLICABLE_GLOBAL_BASELINE,HF9g-P5,,,,X 全窗基线 · 不参与实体赏罚,15056410,1506,A168_HF9F_20260827_0900,2026-08-27 09:00:00
2026-07-18,92755421,1399,0,36.7647058823,0.1895087933,0.1895087933,0.5000000,3,2,0.48985425744720515,0.381345450000,0.028702403071797382,0.3454745057990616,0.028702403071797382,0.10850880744720515,ELIGIBLE,R03b_20260811_FULL_v1,L1_ELIGIBILITY,v2026-08-11,2026-03-21..2026-08-06,baccarat_bet02_101_all_pairs_incl_sentinel,round_win = game_pnl > 0 (decisive only),COMPATIBILITY_ONLY_NOT_PRODUCTION,2500103.8841,2280641.3266,9883.8276,11764,10369,-0.00395337,-0.05088190,-0.00239824,-0.00395337,-9883.8276,2500103.8841,OK,0.0000,395.3531,4.0000,96.0000,AG03-UNRESOLVED,ALL5_LEVELS_bet23_to_bet27,395.3531,395.3531,395.3531,395.3531,395.3531,4.000000,4.000000,4.000000,4.000000,4.000000,96.000000,96.000000,96.000000,96.000000,96.000000,5.0,1976.7655,1824.8244,7907.0621,8059.0032,PENDING_AG03,FALSE,NOT_FOR_ENFORCEMENT,9488.4745,2189415.6736,9883.8276,9488.4745,395.3531,0.00395337,0.00379523,395.3531,9488.4745,0.00379523,395.3531,395.3531,395.3531,395.3531,395.3531,9488.4745,0.00379523,1976.7655,1824.8244,7907.0621,8059.0032,0.00316269,0.00322347,0.00015813,212.5216,219.9480,0.9532,119.0823,2.3972,30121.7335,124.9277,49.0469,238.9093,36.5364,75.9244,374.9013,749.8027,789.266,1183.8989,75.8035,-1.1839,10.395423,15.593133,2.799122,29,215,300,5,0.03207536,0.00395337,0.05088190,0E-8,0.000000,0.912219,0.000000,-0.04848366,2026-03-31,2026-08-01,83,4123,1621,124,0.669355,0.205295,0.230786,0.106918,,,,,,,,GLOBAL_BASELINE_NO_ENTITY_RANKING,,,NOT_APPLICABLE_GLOBAL_BASELINE,HF9g-P5,,,,X 全窗基线 · 不参与实体赏罚,15056411,1506,A168_HF9F_20260827_0900,2026-08-27 09:00:00
2026-07-18,92755421,1985,0,37.9017586416,-37.9017586416,-37.9017586416,0E-7,1,1,0.49324550000000000,0.493245500000,-0.9865810262130424,-0.9865810262130424,-0.9865810262130424,0E-17,ELIGIBLE,R03b_20260811_FULL_v1,L1_ELIGIBILITY,v2026-08-11,2026-03-21..2026-08-06,baccarat_bet02_101_all_pairs_incl_sentinel,round_win = game_pnl > 0 (decisive only),COMPATIBILITY_ONLY_NOT_PRODUCTION,2500103.8841,2280641.3266,9883.8276,11764,10369,-0.00395337,-0.05088190,-0.00239824,-0.00395337,-9883.8276,2500103.8841,OK,0.0000,395.3531,4.0000,96.0000,AG03-UNRESOLVED,ALL5_LEVELS_bet23_to_bet27,395.3531,395.3531,395.3531,395.3531,395.3531,4.000000,4.000000,4.000000,4.000000,4.000000,96.000000,96.000000,96.000000,96.000000,96.000000,5.0,1976.7655,1824.8244,7907.0621,8059.0032,PENDING_AG03,FALSE,NOT_FOR_ENFORCEMENT,9488.4745,2189415.6736,9883.8276,9488.4745,395.3531,0.00395337,0.00379523,395.3531,9488.4745,0.00379523,395.3531,395.3531,395.3531,395.3531,395.3531,9488.4745,0.00379523,1976.7655,1824.8244,7907.0621,8059.0032,0.00316269,0.00322347,0.00015813,212.5216,219.9480,0.9532,119.0823,2.3972,30121.7335,124.9277,49.0469,238.9093,36.5364,75.9244,374.9013,749.8027,789.266,1183.8989,75.8035,-1.1839,10.395423,15.593133,2.799122,29,215,300,5,0.03207536,0.00395337,0.05088190,0E-8,0.000000,0.912219,0.000000,-0.04848366,2026-03-31,2026-08-01,83,4123,1621,124,0.669355,0.205295,0.230786,0.106918,,,,,,,,GLOBAL_BASELINE_NO_ENTITY_RANKING,,,NOT_APPLICABLE_GLOBAL_BASELINE,HF9g-P5,,,,X 全窗基线 · 不参与实体赏罚,15056412,1506,A168_HF9F_20260827_0900,2026-08-27 09:00:00
2026-07-18,92755421,2229,0,37.9017586416,0E-10,0E-10,0.5000000,2,2,0.49994810000000000,0.499948100000,0.00014679536856514622,0.00014679536856514622,0.00014679536856514622,0E-17,ELIGIBLE,R03b_20260811_FULL_v1,L1_ELIGIBILITY,v2026-08-11,2026-03-21..2026-08-06,baccarat_bet02_101_all_pairs_incl_sentinel,round_win = game_pnl > 0 (decisive only),COMPATIBILITY_ONLY_NOT_PRODUCTION,2500103.8841,2280641.3266,9883.8276,11764,10369,-0.00395337,-0.05088190,-0.00239824,-0.00395337,-9883.8276,2500103.8841,OK,0.0000,395.3531,4.0000,96.0000,AG03-UNRESOLVED,ALL5_LEVELS_bet23_to_bet27,395.3531,395.3531,395.3531,395.3531,395.3531,4.000000,4.000000,4.000000,4.000000,4.000000,96.000000,96.000000,96.000000,96.000000,96.000000,5.0,1976.7655,1824.8244,7907.0621,8059.0032,PENDING_AG03,FALSE,NOT_FOR_ENFORCEMENT,9488.4745,2189415.6736,9883.8276,9488.4745,395.3531,0.00395337,0.00379523,395.3531,9488.4745,0.00379523,395.3531,395.3531,395.3531,395.3531,395.3531,9488.4745,0.00379523,1976.7655,1824.8244,7907.0621,8059.0032,0.00316269,0.00322347,0.00015813,212.5216,219.9480,0.9532,119.0823,2.3972,30121.7335,124.9277,49.0469,238.9093,36.5364,75.9244,374.9013,749.8027,789.266,1183.8989,75.8035,-1.1839,10.395423,15.593133,2.799122,29,215,300,5,0.03207536,0.00395337,0.05088190,0E-8,0.000000,0.912219,0.000000,-0.04848366,2026-03-31,2026-08-01,83,4123,1621,124,0.669355,0.205295,0.230786,0.106918,,,,,,,,GLOBAL_BASELINE_NO_ENTITY_RANKING,,,NOT_APPLICABLE_GLOBAL_BASELINE,HF9g-P5,,,,X 全窗基线 · 不参与实体赏罚,15056413,1506,A168_HF9F_20260827_0900,2026-08-27 09:00:00
2026-07-18,92755421,2235,0,3.0321406913,-3.0321406913,-3.0321406913,0E-7,1,1,0.01883490000000000,0.018834900000,-0.1385513026636974,-0.1385513026636974,-0.1385513026636974,0E-17,ELIGIBLE,R03b_20260811_FULL_v1,L1_ELIGIBILITY,v2026-08-11,2026-03-21..2026-08-06,baccarat_bet02_101_all_pairs_incl_sentinel,round_win = game_pnl > 0 (decisive only),COMPATIBILITY_ONLY_NOT_PRODUCTION,2500103.8841,2280641.3266,9883.8276,11764,10369,-0.00395337,-0.05088190,-0.00239824,-0.00395337,-9883.8276,2500103.8841,OK,0.0000,395.3531,4.0000,96.0000,AG03-UNRESOLVED,ALL5_LEVELS_bet23_to_bet27,395.3531,395.3531,395.3531,395.3531,395.3531,4.000000,4.000000,4.000000,4.000000,4.000000,96.000000,96.000000,96.000000,96.000000,96.000000,5.0,1976.7655,1824.8244,7907.0621,8059.0032,PENDING_AG03,FALSE,NOT_FOR_ENFORCEMENT,9488.4745,2189415.6736,9883.8276,9488.4745,395.3531,0.00395337,0.00379523,395.3531,9488.4745,0.00379523,395.3531,395.3531,395.3531,395.3531,395.3531,9488.4745,0.00379523,1976.7655,1824.8244,7907.0621,8059.0032,0.00316269,0.00322347,0.00015813,212.5216,219.9480,0.9532,119.0823,2.3972,30121.7335,124.9277,49.0469,238.9093,36.5364,75.9244,374.9013,749.8027,789.266,1183.8989,75.8035,-1.1839,10.395423,15.593133,2.799122,29,215,300,5,0.03207536,0.00395337,0.05088190,0E-8,0.000000,0.912219,0.000000,-0.04848366,2026-03-31,2026-08-01,83,4123,1621,124,0.669355,0.205295,0.230786,0.106918,,,,,,,,GLOBAL_BASELINE_NO_ENTITY_RANKING,,,NOT_APPLICABLE_GLOBAL_BASELINE,HF9g-P5,,,,X 全窗基线 · 不参与实体赏罚,15056414,1506,A168_HF9F_20260827_0900,2026-08-27 09:00:00
2026-07-18,92755421,2281,0,37.9017586416,-18.9508793208,-18.9508793208,0E-7,2,2,0.49324550000000000,0.493245500000,-0.9865810262130424,-0.9865810262130424,-0.9865810262130424,0E-17,ELIGIBLE,R03b_20260811_FULL_v1,L1_ELIGIBILITY,v2026-08-11,2026-03-21..2026-08-06,baccarat_bet02_101_all_pairs_incl_sentinel,round_win = game_pnl > 0 (decisive only),COMPATIBILITY_ONLY_NOT_PRODUCTION,2500103.8841,2280641.3266,9883.8276,11764,10369,-0.00395337,-0.05088190,-0.00239824,-0.00395337,-9883.8276,2500103.8841,OK,0.0000,395.3531,4.0000,96.0000,AG03-UNRESOLVED,ALL5_LEVELS_bet23_to_bet27,395.3531,395.3531,395.3531,395.3531,395.3531,4.000000,4.000000,4.000000,4.000000,4.000000,96.000000,96.000000,96.000000,96.000000,96.000000,5.0,1976.7655,1824.8244,7907.0621,8059.0032,PENDING_AG03,FALSE,NOT_FOR_ENFORCEMENT,9488.4745,2189415.6736,9883.8276,9488.4745,395.3531,0.00395337,0.00379523,395.3531,9488.4745,0.00379523,395.3531,395.3531,395.3531,395.3531,395.3531,9488.4745,0.00379523,1976.7655,1824.8244,7907.0621,8059.0032,0.00316269,0.00322347,0.00015813,212.5216,219.9480,0.9532,119.0823,2.3972,30121.7335,124.9277,49.0469,238.9093,36.5364,75.9244,374.9013,749.8027,789.266,1183.8989,75.8035,-1.1839,10.395423,15.593133,2.799122,29,215,300,5,0.03207536,0.00395337,0.05088190,0E-8,0.000000,0.912219,0.000000,-0.04848366,2026-03-31,2026-08-01,83,4123,1621,124,0.669355,0.205295,0.230786,0.106918,,,,,,,,GLOBAL_BASELINE_NO_ENTITY_RANKING,,,NOT_APPLICABLE_GLOBAL_BASELINE,HF9g-P5,,,,X 全窗基线 · 不参与实体赏罚,15056415,1506,A168_HF9F_20260827_0900,2026-08-27 09:00:00
2026-07-21,92755421,-1,1,902.0618556701,19.3298969071,19.3298969071,0.5238095,25,24,0.49703399015149791,0.488947445833,0.24540613734028918,0.3195943145766678,0.24540613734028918,0.00808654431849791,SENTINEL_DEALER,R03b_20260811_FULL_v1,L1_ELIGIBILITY,v2026-08-11,2026-03-21..2026-08-06,baccarat_bet02_101_all_pairs_incl_sentinel,round_win = game_pnl > 0 (decisive only),COMPATIBILITY_ONLY_NOT_PRODUCTION,2500103.8841,2280641.3266,9883.8276,11764,10369,-0.00395337,-0.05088190,-0.00239824,-0.00395337,-9883.8276,2500103.8841,OK,0.0000,395.3531,4.0000,96.0000,AG03-UNRESOLVED,ALL5_LEVELS_bet23_to_bet27,395.3531,395.3531,395.3531,395.3531,395.3531,4.000000,4.000000,4.000000,4.000000,4.000000,96.000000,96.000000,96.000000,96.000000,96.000000,5.0,1976.7655,1824.8244,7907.0621,8059.0032,PENDING_AG03,FALSE,NOT_FOR_ENFORCEMENT,9488.4745,2189415.6736,9883.8276,9488.4745,395.3531,0.00395337,0.00379523,395.3531,9488.4745,0.00379523,395.3531,395.3531,395.3531,395.3531,395.3531,9488.4745,0.00379523,1976.7655,1824.8244,7907.0621,8059.0032,0.00316269,0.00322347,0.00015813,212.5216,219.9480,0.9532,119.0823,2.3972,30121.7335,124.9277,49.0469,238.9093,36.5364,75.9244,374.9013,749.8027,789.266,1183.8989,75.8035,-1.1839,10.395423,15.593133,2.799122,29,215,300,5,0.03207536,0.00395337,0.05088190,0E-8,0.000000,0.912219,0.000000,-0.04848366,2026-03-31,2026-08-01,83,4123,1621,124,0.669355,0.205295,0.230786,0.106918,,,,,,,,GLOBAL_BASELINE_NO_ENTITY_RANKING,,,NOT_APPLICABLE_GLOBAL_BASELINE,HF9g-P5,,,,X 全窗基线 · 不参与实体赏罚,15056416,1506,A168_HF9F_20260827_0900,2026-08-27 09:00:00
2026-07-21,92755421,1017,0,37.9017586416,-37.9017586416,-37.9017586416,0E-7,1,1,0.50665070000000000,0.506650700000,-1.013391052207602,-1.013391052207602,-1.013391052207602,0E-17,ELIGIBLE,R03b_20260811_FULL_v1,L1_ELIGIBILITY,v2026-08-11,2026-03-21..2026-08-06,baccarat_bet02_101_all_pairs_incl_sentinel,round_win = game_pnl > 0 (decisive only),COMPATIBILITY_ONLY_NOT_PRODUCTION,2500103.8841,2280641.3266,9883.8276,11764,10369,-0.00395337,-0.05088190,-0.00239824,-0.00395337,-9883.8276,2500103.8841,OK,0.0000,395.3531,4.0000,96.0000,AG03-UNRESOLVED,ALL5_LEVELS_bet23_to_bet27,395.3531,395.3531,395.3531,395.3531,395.3531,4.000000,4.000000,4.000000,4.000000,4.000000,96.000000,96.000000,96.000000,96.000000,96.000000,5.0,1976.7655,1824.8244,7907.0621,8059.0032,PENDING_AG03,FALSE,NOT_FOR_ENFORCEMENT,9488.4745,2189415.6736,9883.8276,9488.4745,395.3531,0.00395337,0.00379523,395.3531,9488.4745,0.00379523,395.3531,395.3531,395.3531,395.3531,395.3531,9488.4745,0.00379523,1976.7655,1824.8244,7907.0621,8059.0032,0.00316269,0.00322347,0.00015813,212.5216,219.9480,0.9532,119.0823,2.3972,30121.7335,124.9277,49.0469,238.9093,36.5364,75.9244,374.9013,749.8027,789.266,1183.8989,75.8035,-1.1839,10.395423,15.593133,2.799122,29,215,300,5,0.03207536,0.00395337,0.05088190,0E-8,0.000000,0.912219,0.000000,-0.04848366,2026-03-31,2026-08-01,83,4123,1621,124,0.669355,0.205295,0.230786,0.106918,,,,,,,,GLOBAL_BASELINE_NO_ENTITY_RANKING,,,NOT_APPLICABLE_GLOBAL_BASELINE,HF9g-P5,,,,X 全窗基线 · 不参与实体赏罚,15056417,1506,A168_HF9F_20260827_0900,2026-08-27 09:00:00
2026-07-21,92755421,1302,0,75.8035172832,-37.9017586416,-37.9017586416,0E-7,2,2,0.49324550000000000,0.493245500000,-0.9865810262130424,-0.9865810262130424,-0.9865810262130424,0E-17,ELIGIBLE,R03b_20260811_FULL_v1,L1_ELIGIBILITY,v2026-08-11,2026-03-21..2026-08-06,baccarat_bet02_101_all_pairs_incl_sentinel,round_win = game_pnl > 0 (decisive only),COMPATIBILITY_ONLY_NOT_PRODUCTION,2500103.8841,2280641.3266,9883.8276,11764,10369,-0.00395337,-0.05088190,-0.00239824,-0.00395337,-9883.8276,2500103.8841,OK,0.0000,395.3531,4.0000,96.0000,AG03-UNRESOLVED,ALL5_LEVELS_bet23_to_bet27,395.3531,395.3531,395.3531,395.3531,395.3531,4.000000,4.000000,4.000000,4.000000,4.000000,96.000000,96.000000,96.000000,96.000000,96.000000,5.0,1976.7655,1824.8244,7907.0621,8059.0032,PENDING_AG03,FALSE,NOT_FOR_ENFORCEMENT,9488.4745,2189415.6736,9883.8276,9488.4745,395.3531,0.00395337,0.00379523,395.3531,9488.4745,0.00379523,395.3531,395.3531,395.3531,395.3531,395.3531,9488.4745,0.00379523,1976.7655,1824.8244,7907.0621,8059.0032,0.00316269,0.00322347,0.00015813,212.5216,219.9480,0.9532,119.0823,2.3972,30121.7335,124.9277,49.0469,238.9093,36.5364,75.9244,374.9013,749.8027,789.266,1183.8989,75.8035,-1.1839,10.395423,15.593133,2.799122,29,215,300,5,0.03207536,0.00395337,0.05088190,0E-8,0.000000,0.912219,0.000000,-0.04848366,2026-03-31,2026-08-01,83,4123,1621,124,0.669355,0.205295,0.230786,0.106918,,,,,,,,GLOBAL_BASELINE_NO_ENTITY_RANKING,,,NOT_APPLICABLE_GLOBAL_BASELINE,HF9g-P5,,,,X 全窗基线 · 不参与实体赏罚,15056418,1506,A168_HF9F_20260827_0900,2026-08-27 09:00:00
2026-07-21,92755421,1307,0,150.0909642207,-0.3790175864,-0.3790175864,0.5000000,4,4,0.50329940000000000,0.503299400000,-0.009332315641528947,-0.009332315641528947,-0.009332315641528947,0E-17,ELIGIBLE,R03b_20260811_FULL_v1,L1_ELIGIBILITY,v2026-08-11,2026-03-21..2026-08-06,baccarat_bet02_101_all_pairs_incl_sentinel,round_win = game_pnl > 0 (decisive only),COMPATIBILITY_ONLY_NOT_PRODUCTION,2500103.8841,2280641.3266,9883.8276,11764,10369,-0.00395337,-0.05088190,-0.00239824,-0.00395337,-9883.8276,2500103.8841,OK,0.0000,395.3531,4.0000,96.0000,AG03-UNRESOLVED,ALL5_LEVELS_bet23_to_bet27,395.3531,395.3531,395.3531,395.3531,395.3531,4.000000,4.000000,4.000000,4.000000,4.000000,96.000000,96.000000,96.000000,96.000000,96.000000,5.0,1976.7655,1824.8244,7907.0621,8059.0032,PENDING_AG03,FALSE,NOT_FOR_ENFORCEMENT,9488.4745,2189415.6736,9883.8276,9488.4745,395.3531,0.00395337,0.00379523,395.3531,9488.4745,0.00379523,395.3531,395.3531,395.3531,395.3531,395.3531,9488.4745,0.00379523,1976.7655,1824.8244,7907.0621,8059.0032,0.00316269,0.00322347,0.00015813,212.5216,219.9480,0.9532,119.0823,2.3972,30121.7335,124.9277,49.0469,238.9093,36.5364,75.9244,374.9013,749.8027,789.266,1183.8989,75.8035,-1.1839,10.395423,15.593133,2.799122,29,215,300,5,0.03207536,0.00395337,0.05088190,0E-8,0.000000,0.912219,0.000000,-0.04848366,2026-03-31,2026-08-01,83,4123,1621,124,0.669355,0.205295,0.230786,0.106918,,,,,,,,GLOBAL_BASELINE_NO_ENTITY_RANKING,,,NOT_APPLICABLE_GLOBAL_BASELINE,HF9g-P5,,,,X 全窗基线 · 不参与实体赏罚,15056419,1506,A168_HF9F_20260827_0900,2026-08-27 09:00:00
2026-07-21,92755421,1353,0,37.9017586416,37.9017586416,37.9017586416,1.0000000,1,1,0.49324550000000000,0.493245500000,1.01360149184955,1.01360149184955,1.01360149184955,0E-17,ELIGIBLE,R03b_20260811_FULL_v1,L1_ELIGIBILITY,v2026-08-11,2026-03-21..2026-08-06,baccarat_bet02_101_all_pairs_incl_sentinel,round_win = game_pnl > 0 (decisive only),COMPATIBILITY_ONLY_NOT_PRODUCTION,2500103.8841,2280641.3266,9883.8276,11764,10369,-0.00395337,-0.05088190,-0.00239824,-0.00395337,-9883.8276,2500103.8841,OK,0.0000,395.3531,4.0000,96.0000,AG03-UNRESOLVED,ALL5_LEVELS_bet23_to_bet27,395.3531,395.3531,395.3531,395.3531,395.3531,4.000000,4.000000,4.000000,4.000000,4.000000,96.000000,96.000000,96.000000,96.000000,96.000000,5.0,1976.7655,1824.8244,7907.0621,8059.0032,PENDING_AG03,FALSE,NOT_FOR_ENFORCEMENT,9488.4745,2189415.6736,9883.8276,9488.4745,395.3531,0.00395337,0.00379523,395.3531,9488.4745,0.00379523,395.3531,395.3531,395.3531,395.3531,395.3531,9488.4745,0.00379523,1976.7655,1824.8244,7907.0621,8059.0032,0.00316269,0.00322347,0.00015813,212.5216,219.9480,0.9532,119.0823,2.3972,30121.7335,124.9277,49.0469,238.9093,36.5364,75.9244,374.9013,749.8027,789.266,1183.8989,75.8035,-1.1839,10.395423,15.593133,2.799122,29,215,300,5,0.03207536,0.00395337,0.05088190,0E-8,0.000000,0.912219,0.000000,-0.04848366,2026-03-31,2026-08-01,83,4123,1621,124,0.669355,0.205295,0.230786,0.106918,,,,,,,,GLOBAL_BASELINE_NO_ENTITY_RANKING,,,NOT_APPLICABLE_GLOBAL_BASELINE,HF9g-P5,,,,X 全窗基线 · 不参与实体赏罚,15056420,1506,A168_HF9F_20260827_0900,2026-08-27 09:00:00
2026-07-21,92755421,1374,0,75.8035172832,-75.8035172832,-75.8035172832,0E-7,2,2,0.50665070000000000,0.506650700000,-1.4331513700195317,-1.4331513700195317,-1.4331513700195317,0E-17,ELIGIBLE,R03b_20260811_FULL_v1,L1_ELIGIBILITY,v2026-08-11,2026-03-21..2026-08-06,baccarat_bet02_101_all_pairs_incl_sentinel,round_win = game_pnl > 0 (decisive only),COMPATIBILITY_ONLY_NOT_PRODUCTION,2500103.8841,2280641.3266,9883.8276,11764,10369,-0.00395337,-0.05088190,-0.00239824,-0.00395337,-9883.8276,2500103.8841,OK,0.0000,395.3531,4.0000,96.0000,AG03-UNRESOLVED,ALL5_LEVELS_bet23_to_bet27,395.3531,395.3531,395.3531,395.3531,395.3531,4.000000,4.000000,4.000000,4.000000,4.000000,96.000000,96.000000,96.000000,96.000000,96.000000,5.0,1976.7655,1824.8244,7907.0621,8059.0032,PENDING_AG03,FALSE,NOT_FOR_ENFORCEMENT,9488.4745,2189415.6736,9883.8276,9488.4745,395.3531,0.00395337,0.00379523,395.3531,9488.4745,0.00379523,395.3531,395.3531,395.3531,395.3531,395.3531,9488.4745,0.00379523,1976.7655,1824.8244,7907.0621,8059.0032,0.00316269,0.00322347,0.00015813,212.5216,219.9480,0.9532,119.0823,2.3972,30121.7335,124.9277,49.0469,238.9093,36.5364,75.9244,374.9013,749.8027,789.266,1183.8989,75.8035,-1.1839,10.395423,15.593133,2.799122,29,215,300,5,0.03207536,0.00395337,0.05088190,0E-8,0.000000,0.912219,0.000000,-0.04848366,2026-03-31,2026-08-01,83,4123,1621,124,0.669355,0.205295,0.230786,0.106918,,,,,,,,GLOBAL_BASELINE_NO_ENTITY_RANKING,,,NOT_APPLICABLE_GLOBAL_BASELINE,HF9g-P5,,,,X 全窗基线 · 不参与实体赏罚,15056421,1506,A168_HF9F_20260827_0900,2026-08-27 09:00:00
2026-07-21,92755421,1399,0,145.9217707701,0E-10,0E-10,0.5000000,4,4,0.49994810000000000,0.499948100000,0.00020760000111838688,0.00020760000111838688,0.00020760000111838688,0E-17,ELIGIBLE,R03b_20260811_FULL_v1,L1_ELIGIBILITY,v2026-08-11,2026-03-21..2026-08-06,baccarat_bet02_101_all_pairs_incl_sentinel,round_win = game_pnl > 0 (decisive only),COMPATIBILITY_ONLY_NOT_PRODUCTION,2500103.8841,2280641.3266,9883.8276,11764,10369,-0.00395337,-0.05088190,-0.00239824,-0.00395337,-9883.8276,2500103.8841,OK,0.0000,395.3531,4.0000,96.0000,AG03-UNRESOLVED,ALL5_LEVELS_bet23_to_bet27,395.3531,395.3531,395.3531,395.3531,395.3531,4.000000,4.000000,4.000000,4.000000,4.000000,96.000000,96.000000,96.000000,96.000000,96.000000,5.0,1976.7655,1824.8244,7907.0621,8059.0032,PENDING_AG03,FALSE,NOT_FOR_ENFORCEMENT,9488.4745,2189415.6736,9883.8276,9488.4745,395.3531,0.00395337,0.00379523,395.3531,9488.4745,0.00379523,395.3531,395.3531,395.3531,395.3531,395.3531,9488.4745,0.00379523,1976.7655,1824.8244,7907.0621,8059.0032,0.00316269,0.00322347,0.00015813,212.5216,219.9480,0.9532,119.0823,2.3972,30121.7335,124.9277,49.0469,238.9093,36.5364,75.9244,374.9013,749.8027,789.266,1183.8989,75.8035,-1.1839,10.395423,15.593133,2.799122,29,215,300,5,0.03207536,0.00395337,0.05088190,0E-8,0.000000,0.912219,0.000000,-0.04848366,2026-03-31,2026-08-01,83,4123,1621,124,0.669355,0.205295,0.230786,0.106918,,,,,,,,GLOBAL_BASELINE_NO_ENTITY_RANKING,,,NOT_APPLICABLE_GLOBAL_BASELINE,HF9g-P5,,,,X 全窗基线 · 不参与实体赏罚,15056422,1506,A168_HF9F_20260827_0900,2026-08-27 09:00:00
2026-07-21,92755421,1645,0,113.7052759248,0E-10,0E-10,0.5000000,3,3,0.50218230000000000,0.502182300000,-0.00617253530718887,-0.00617253530718887,-0.00617253530718887,0E-17,ELIGIBLE,R03b_20260811_FULL_v1,L1_ELIGIBILITY,v2026-08-11,2026-03-21..2026-08-06,baccarat_bet02_101_all_pairs_incl_sentinel,round_win = game_pnl > 0 (decisive only),COMPATIBILITY_ONLY_NOT_PRODUCTION,2500103.8841,2280641.3266,9883.8276,11764,10369,-0.00395337,-0.05088190,-0.00239824,-0.00395337,-9883.8276,2500103.8841,OK,0.0000,395.3531,4.0000,96.0000,AG03-UNRESOLVED,ALL5_LEVELS_bet23_to_bet27,395.3531,395.3531,395.3531,395.3531,395.3531,4.000000,4.000000,4.000000,4.000000,4.000000,96.000000,96.000000,96.000000,96.000000,96.000000,5.0,1976.7655,1824.8244,7907.0621,8059.0032,PENDING_AG03,FALSE,NOT_FOR_ENFORCEMENT,9488.4745,2189415.6736,9883.8276,9488.4745,395.3531,0.00395337,0.00379523,395.3531,9488.4745,0.00379523,395.3531,395.3531,395.3531,395.3531,395.3531,9488.4745,0.00379523,1976.7655,1824.8244,7907.0621,8059.0032,0.00316269,0.00322347,0.00015813,212.5216,219.9480,0.9532,119.0823,2.3972,30121.7335,124.9277,49.0469,238.9093,36.5364,75.9244,374.9013,749.8027,789.266,1183.8989,75.8035,-1.1839,10.395423,15.593133,2.799122,29,215,300,5,0.03207536,0.00395337,0.05088190,0E-8,0.000000,0.912219,0.000000,-0.04848366,2026-03-31,2026-08-01,83,4123,1621,124,0.669355,0.205295,0.230786,0.106918,,,,,,,,GLOBAL_BASELINE_NO_ENTITY_RANKING,,,NOT_APPLICABLE_GLOBAL_BASELINE,HF9g-P5,,,,X 全窗基线 · 不参与实体赏罚,15056423,1506,A168_HF9F_20260827_0900,2026-08-27 09:00:00
2026-07-21,92755421,1935,0,108.0200121285,37.9017586416,37.9017586416,0.6666667,3,3,0.50218230000000000,0.502182300000,0.5697959874915163,0.5697959874915164,0.5697959874915163,0E-17,ELIGIBLE,R03b_20260811_FULL_v1,L1_ELIGIBILITY,v2026-08-11,2026-03-21..2026-08-06,baccarat_bet02_101_all_pairs_incl_sentinel,round_win = game_pnl > 0 (decisive only),COMPATIBILITY_ONLY_NOT_PRODUCTION,2500103.8841,2280641.3266,9883.8276,11764,10369,-0.00395337,-0.05088190,-0.00239824,-0.00395337,-9883.8276,2500103.8841,OK,0.0000,395.3531,4.0000,96.0000,AG03-UNRESOLVED,ALL5_LEVELS_bet23_to_bet27,395.3531,395.3531,395.3531,395.3531,395.3531,4.000000,4.000000,4.000000,4.000000,4.000000,96.000000,96.000000,96.000000,96.000000,96.000000,5.0,1976.7655,1824.8244,7907.0621,8059.0032,PENDING_AG03,FALSE,NOT_FOR_ENFORCEMENT,9488.4745,2189415.6736,9883.8276,9488.4745,395.3531,0.00395337,0.00379523,395.3531,9488.4745,0.00379523,395.3531,395.3531,395.3531,395.3531,395.3531,9488.4745,0.00379523,1976.7655,1824.8244,7907.0621,8059.0032,0.00316269,0.00322347,0.00015813,212.5216,219.9480,0.9532,119.0823,2.3972,30121.7335,124.9277,49.0469,238.9093,36.5364,75.9244,374.9013,749.8027,789.266,1183.8989,75.8035,-1.1839,10.395423,15.593133,2.799122,29,215,300,5,0.03207536,0.00395337,0.05088190,0E-8,0.000000,0.912219,0.000000,-0.04848366,2026-03-31,2026-08-01,83,4123,1621,124,0.669355,0.205295,0.230786,0.106918,,,,,,,,GLOBAL_BASELINE_NO_ENTITY_RANKING,,,NOT_APPLICABLE_GLOBAL_BASELINE,HF9g-P5,,,,X 全窗基线 · 不参与实体赏罚,15056424,1506,A168_HF9F_20260827_0900,2026-08-27 09:00:00
2026-07-21,92755421,1940,0,26.5312310491,-26.5312310491,-26.5312310491,0E-7,1,1,0.50665070000000000,0.506650700000,-1.013391052207602,-1.013391052207602,-1.013391052207602,0E-17,ELIGIBLE,R03b_20260811_FULL_v1,L1_ELIGIBILITY,v2026-08-11,2026-03-21..2026-08-06,baccarat_bet02_101_all_pairs_incl_sentinel,round_win = game_pnl > 0 (decisive only),COMPATIBILITY_ONLY_NOT_PRODUCTION,2500103.8841,2280641.3266,9883.8276,11764,10369,-0.00395337,-0.05088190,-0.00239824,-0.00395337,-9883.8276,2500103.8841,OK,0.0000,395.3531,4.0000,96.0000,AG03-UNRESOLVED,ALL5_LEVELS_bet23_to_bet27,395.3531,395.3531,395.3531,395.3531,395.3531,4.000000,4.000000,4.000000,4.000000,4.000000,96.000000,96.000000,96.000000,96.000000,96.000000,5.0,1976.7655,1824.8244,7907.0621,8059.0032,PENDING_AG03,FALSE,NOT_FOR_ENFORCEMENT,9488.4745,2189415.6736,9883.8276,9488.4745,395.3531,0.00395337,0.00379523,395.3531,9488.4745,0.00379523,395.3531,395.3531,395.3531,395.3531,395.3531,9488.4745,0.00379523,1976.7655,1824.8244,7907.0621,8059.0032,0.00316269,0.00322347,0.00015813,212.5216,219.9480,0.9532,119.0823,2.3972,30121.7335,124.9277,49.0469,238.9093,36.5364,75.9244,374.9013,749.8027,789.266,1183.8989,75.8035,-1.1839,10.395423,15.593133,2.799122,29,215,300,5,0.03207536,0.00395337,0.05088190,0E-8,0.000000,0.912219,0.000000,-0.04848366,2026-03-31,2026-08-01,83,4123,1621,124,0.669355,0.205295,0.230786,0.106918,,,,,,,,GLOBAL_BASELINE_NO_ENTITY_RANKING,,,NOT_APPLICABLE_GLOBAL_BASELINE,HF9g-P5,,,,X 全窗基线 · 不参与实体赏罚,15056425,1506,A168_HF9F_20260827_0900,2026-08-27 09:00:00
2026-07-21,92755421,1941,0,73.9084293511,0E-10,0E-10,0.5000000,2,2,0.49994810000000000,0.499948100000,0.00014679536856514622,0.00014679536856514622,0.00014679536856514622,0E-17,ELIGIBLE,R03b_20260811_FULL_v1,L1_ELIGIBILITY,v2026-08-11,2026-03-21..2026-08-06,baccarat_bet02_101_all_pairs_incl_sentinel,round_win = game_pnl > 0 (decisive only),COMPATIBILITY_ONLY_NOT_PRODUCTION,2500103.8841,2280641.3266,9883.8276,11764,10369,-0.00395337,-0.05088190,-0.00239824,-0.00395337,-9883.8276,2500103.8841,OK,0.0000,395.3531,4.0000,96.0000,AG03-UNRESOLVED,ALL5_LEVELS_bet23_to_bet27,395.3531,395.3531,395.3531,395.3531,395.3531,4.000000,4.000000,4.000000,4.000000,4.000000,96.000000,96.000000,96.000000,96.000000,96.000000,5.0,1976.7655,1824.8244,7907.0621,8059.0032,PENDING_AG03,FALSE,NOT_FOR_ENFORCEMENT,9488.4745,2189415.6736,9883.8276,9488.4745,395.3531,0.00395337,0.00379523,395.3531,9488.4745,0.00379523,395.3531,395.3531,395.3531,395.3531,395.3531,9488.4745,0.00379523,1976.7655,1824.8244,7907.0621,8059.0032,0.00316269,0.00322347,0.00015813,212.5216,219.9480,0.9532,119.0823,2.3972,30121.7335,124.9277,49.0469,238.9093,36.5364,75.9244,374.9013,749.8027,789.266,1183.8989,75.8035,-1.1839,10.395423,15.593133,2.799122,29,215,300,5,0.03207536,0.00395337,0.05088190,0E-8,0.000000,0.912219,0.000000,-0.04848366,2026-03-31,2026-08-01,83,4123,1621,124,0.669355,0.205295,0.230786,0.106918,,,,,,,,GLOBAL_BASELINE_NO_ENTITY_RANKING,,,NOT_APPLICABLE_GLOBAL_BASELINE,HF9g-P5,,,,X 全窗基线 · 不参与实体赏罚,15056426,1506,A168_HF9F_20260827_0900,2026-08-27 09:00:00
2026-07-21,92755421,1942,0,149.7119466343,0E-10,0E-10,0.5000000,4,4,0.50329940000000000,0.503299400000,-0.009332315641528947,-0.009332315641528947,-0.009332315641528947,0E-17,ELIGIBLE,R03b_20260811_FULL_v1,L1_ELIGIBILITY,v2026-08-11,2026-03-21..2026-08-06,baccarat_bet02_101_all_pairs_incl_sentinel,round_win = game_pnl > 0 (decisive only),COMPATIBILITY_ONLY_NOT_PRODUCTION,2500103.8841,2280641.3266,9883.8276,11764,10369,-0.00395337,-0.05088190,-0.00239824,-0.00395337,-9883.8276,2500103.8841,OK,0.0000,395.3531,4.0000,96.0000,AG03-UNRESOLVED,ALL5_LEVELS_bet23_to_bet27,395.3531,395.3531,395.3531,395.3531,395.3531,4.000000,4.000000,4.000000,4.000000,4.000000,96.000000,96.000000,96.000000,96.000000,96.000000,5.0,1976.7655,1824.8244,7907.0621,8059.0032,PENDING_AG03,FALSE,NOT_FOR_ENFORCEMENT,9488.4745,2189415.6736,9883.8276,9488.4745,395.3531,0.00395337,0.00379523,395.3531,9488.4745,0.00379523,395.3531,395.3531,395.3531,395.3531,395.3531,9488.4745,0.00379523,1976.7655,1824.8244,7907.0621,8059.0032,0.00316269,0.00322347,0.00015813,212.5216,219.9480,0.9532,119.0823,2.3972,30121.7335,124.9277,49.0469,238.9093,36.5364,75.9244,374.9013,749.8027,789.266,1183.8989,75.8035,-1.1839,10.395423,15.593133,2.799122,29,215,300,5,0.03207536,0.00395337,0.05088190,0E-8,0.000000,0.912219,0.000000,-0.04848366,2026-03-31,2026-08-01,83,4123,1621,124,0.669355,0.205295,0.230786,0.106918,,,,,,,,GLOBAL_BASELINE_NO_ENTITY_RANKING,,,NOT_APPLICABLE_GLOBAL_BASELINE,HF9g-P5,,,,X 全窗基线 · 不参与实体赏罚,15056427,1506,A168_HF9F_20260827_0900,2026-08-27 09:00:00
2026-07-21,92755421,2115,0,75.8035172832,-37.9017586416,-37.9017586416,0E-7,2,2,0.49324550000000000,0.493245500000,-0.9865810262130424,-0.9865810262130424,-0.9865810262130424,0E-17,ELIGIBLE,R03b_20260811_FULL_v1,L1_ELIGIBILITY,v2026-08-11,2026-03-21..2026-08-06,baccarat_bet02_101_all_pairs_incl_sentinel,round_win = game_pnl > 0 (decisive only),COMPATIBILITY_ONLY_NOT_PRODUCTION,2500103.8841,2280641.3266,9883.8276,11764,10369,-0.00395337,-0.05088190,-0.00239824,-0.00395337,-9883.8276,2500103.8841,OK,0.0000,395.3531,4.0000,96.0000,AG03-UNRESOLVED,ALL5_LEVELS_bet23_to_bet27,395.3531,395.3531,395.3531,395.3531,395.3531,4.000000,4.000000,4.000000,4.000000,4.000000,96.000000,96.000000,96.000000,96.000000,96.000000,5.0,1976.7655,1824.8244,7907.0621,8059.0032,PENDING_AG03,FALSE,NOT_FOR_ENFORCEMENT,9488.4745,2189415.6736,9883.8276,9488.4745,395.3531,0.00395337,0.00379523,395.3531,9488.4745,0.00379523,395.3531,395.3531,395.3531,395.3531,395.3531,9488.4745,0.00379523,1976.7655,1824.8244,7907.0621,8059.0032,0.00316269,0.00322347,0.00015813,212.5216,219.9480,0.9532,119.0823,2.3972,30121.7335,124.9277,49.0469,238.9093,36.5364,75.9244,374.9013,749.8027,789.266,1183.8989,75.8035,-1.1839,10.395423,15.593133,2.799122,29,215,300,5,0.03207536,0.00395337,0.05088190,0E-8,0.000000,0.912219,0.000000,-0.04848366,2026-03-31,2026-08-01,83,4123,1621,124,0.669355,0.205295,0.230786,0.106918,,,,,,,,GLOBAL_BASELINE_NO_ENTITY_RANKING,,,NOT_APPLICABLE_GLOBAL_BASELINE,HF9g-P5,,,,X 全窗基线 · 不参与实体赏罚,15056428,1506,A168_HF9F_20260827_0900,2026-08-27 09:00:00
2026-07-21,92755421,2152,0,37.9017586416,-37.9017586416,-37.9017586416,0E-7,1,1,0.49324550000000000,0.493245500000,-0.9865810262130424,-0.9865810262130424,-0.9865810262130424,0E-17,ELIGIBLE,R03b_20260811_FULL_v1,L1_ELIGIBILITY,v2026-08-11,2026-03-21..2026-08-06,baccarat_bet02_101_all_pairs_incl_sentinel,round_win = game_pnl > 0 (decisive only),COMPATIBILITY_ONLY_NOT_PRODUCTION,2500103.8841,2280641.3266,9883.8276,11764,10369,-0.00395337,-0.05088190,-0.00239824,-0.00395337,-9883.8276,2500103.8841,OK,0.0000,395.3531,4.0000,96.0000,AG03-UNRESOLVED,ALL5_LEVELS_bet23_to_bet27,395.3531,395.3531,395.3531,395.3531,395.3531,4.000000,4.000000,4.000000,4.000000,4.000000,96.000000,96.000000,96.000000,96.000000,96.000000,5.0,1976.7655,1824.8244,7907.0621,8059.0032,PENDING_AG03,FALSE,NOT_FOR_ENFORCEMENT,9488.4745,2189415.6736,9883.8276,9488.4745,395.3531,0.00395337,0.00379523,395.3531,9488.4745,0.00379523,395.3531,395.3531,395.3531,395.3531,395.3531,9488.4745,0.00379523,1976.7655,1824.8244,7907.0621,8059.0032,0.00316269,0.00322347,0.00015813,212.5216,219.9480,0.9532,119.0823,2.3972,30121.7335,124.9277,49.0469,238.9093,36.5364,75.9244,374.9013,749.8027,789.266,1183.8989,75.8035,-1.1839,10.395423,15.593133,2.799122,29,215,300,5,0.03207536,0.00395337,0.05088190,0E-8,0.000000,0.912219,0.000000,-0.04848366,2026-03-31,2026-08-01,83,4123,1621,124,0.669355,0.205295,0.230786,0.106918,,,,,,,,GLOBAL_BASELINE_NO_ENTITY_RANKING,,,NOT_APPLICABLE_GLOBAL_BASELINE,HF9g-P5,,,,X 全窗基线 · 不参与实体赏罚,15056429,1506,A168_HF9F_20260827_0900,2026-08-27 09:00:00
2026-07-21,92755421,2174,0,151.6070345664,-75.8035172832,-75.8035172832,0E-7,4,4,0.50329940000000000,0.503299400000,-1.4235766693920513,-1.4235766693920513,-1.4235766693920513,0E-17,ELIGIBLE,R03b_20260811_FULL_v1,L1_ELIGIBILITY,v2026-08-11,2026-03-21..2026-08-06,baccarat_bet02_101_all_pairs_incl_sentinel,round_win = game_pnl > 0 (decisive only),COMPATIBILITY_ONLY_NOT_PRODUCTION,2500103.8841,2280641.3266,9883.8276,11764,10369,-0.00395337,-0.05088190,-0.00239824,-0.00395337,-9883.8276,2500103.8841,OK,0.0000,395.3531,4.0000,96.0000,AG03-UNRESOLVED,ALL5_LEVELS_bet23_to_bet27,395.3531,395.3531,395.3531,395.3531,395.3531,4.000000,4.000000,4.000000,4.000000,4.000000,96.000000,96.000000,96.000000,96.000000,96.000000,5.0,1976.7655,1824.8244,7907.0621,8059.0032,PENDING_AG03,FALSE,NOT_FOR_ENFORCEMENT,9488.4745,2189415.6736,9883.8276,9488.4745,395.3531,0.00395337,0.00379523,395.3531,9488.4745,0.00379523,395.3531,395.3531,395.3531,395.3531,395.3531,9488.4745,0.00379523,1976.7655,1824.8244,7907.0621,8059.0032,0.00316269,0.00322347,0.00015813,212.5216,219.9480,0.9532,119.0823,2.3972,30121.7335,124.9277,49.0469,238.9093,36.5364,75.9244,374.9013,749.8027,789.266,1183.8989,75.8035,-1.1839,10.395423,15.593133,2.799122,29,215,300,5,0.03207536,0.00395337,0.05088190,0E-8,0.000000,0.912219,0.000000,-0.04848366,2026-03-31,2026-08-01,83,4123,1621,124,0.669355,0.205295,0.230786,0.106918,,,,,,,,GLOBAL_BASELINE_NO_ENTITY_RANKING,,,NOT_APPLICABLE_GLOBAL_BASELINE,HF9g-P5,,,,X 全窗基线 · 不参与实体赏罚,15056430,1506,A168_HF9F_20260827_0900,2026-08-27 09:00:00
2026-07-21,92755421,2188,0,37.9017586416,-37.9017586416,-37.9017586416,0E-7,1,1,0.50665070000000000,0.506650700000,-1.013391052207602,-1.013391052207602,-1.013391052207602,0E-17,ELIGIBLE,R03b_20260811_FULL_v1,L1_ELIGIBILITY,v2026-08-11,2026-03-21..2026-08-06,baccarat_bet02_101_all_pairs_incl_sentinel,round_win = game_pnl > 0 (decisive only),COMPATIBILITY_ONLY_NOT_PRODUCTION,2500103.8841,2280641.3266,9883.8276,11764,10369,-0.00395337,-0.05088190,-0.00239824,-0.00395337,-9883.8276,2500103.8841,OK,0.0000,395.3531,4.0000,96.0000,AG03-UNRESOLVED,ALL5_LEVELS_bet23_to_bet27,395.3531,395.3531,395.3531,395.3531,395.3531,4.000000,4.000000,4.000000,4.000000,4.000000,96.000000,96.000000,96.000000,96.000000,96.000000,5.0,1976.7655,1824.8244,7907.0621,8059.0032,PENDING_AG03,FALSE,NOT_FOR_ENFORCEMENT,9488.4745,2189415.6736,9883.8276,9488.4745,395.3531,0.00395337,0.00379523,395.3531,9488.4745,0.00379523,395.3531,395.3531,395.3531,395.3531,395.3531,9488.4745,0.00379523,1976.7655,1824.8244,7907.0621,8059.0032,0.00316269,0.00322347,0.00015813,212.5216,219.9480,0.9532,119.0823,2.3972,30121.7335,124.9277,49.0469,238.9093,36.5364,75.9244,374.9013,749.8027,789.266,1183.8989,75.8035,-1.1839,10.395423,15.593133,2.799122,29,215,300,5,0.03207536,0.00395337,0.05088190,0E-8,0.000000,0.912219,0.000000,-0.04848366,2026-03-31,2026-08-01,83,4123,1621,124,0.669355,0.205295,0.230786,0.106918,,,,,,,,GLOBAL_BASELINE_NO_ENTITY_RANKING,,,NOT_APPLICABLE_GLOBAL_BASELINE,HF9g-P5,,,,X 全窗基线 · 不参与实体赏罚,15056431,1506,A168_HF9F_20260827_0900,2026-08-27 09:00:00
2026-07-21,92755421,2212,0,108.0200121285,37.9017586416,37.9017586416,0.6666667,3,3,0.50218230000000000,0.502182300000,0.5697959874915163,0.5697959874915164,0.5697959874915163,0E-17,ELIGIBLE,R03b_20260811_FULL_v1,L1_ELIGIBILITY,v2026-08-11,2026-03-21..2026-08-06,baccarat_bet02_101_all_pairs_incl_sentinel,round_win = game_pnl > 0 (decisive only),COMPATIBILITY_ONLY_NOT_PRODUCTION,2500103.8841,2280641.3266,9883.8276,11764,10369,-0.00395337,-0.05088190,-0.00239824,-0.00395337,-9883.8276,2500103.8841,OK,0.0000,395.3531,4.0000,96.0000,AG03-UNRESOLVED,ALL5_LEVELS_bet23_to_bet27,395.3531,395.3531,395.3531,395.3531,395.3531,4.000000,4.000000,4.000000,4.000000,4.000000,96.000000,96.000000,96.000000,96.000000,96.000000,5.0,1976.7655,1824.8244,7907.0621,8059.0032,PENDING_AG03,FALSE,NOT_FOR_ENFORCEMENT,9488.4745,2189415.6736,9883.8276,9488.4745,395.3531,0.00395337,0.00379523,395.3531,9488.4745,0.00379523,395.3531,395.3531,395.3531,395.3531,395.3531,9488.4745,0.00379523,1976.7655,1824.8244,7907.0621,8059.0032,0.00316269,0.00322347,0.00015813,212.5216,219.9480,0.9532,119.0823,2.3972,30121.7335,124.9277,49.0469,238.9093,36.5364,75.9244,374.9013,749.8027,789.266,1183.8989,75.8035,-1.1839,10.395423,15.593133,2.799122,29,215,300,5,0.03207536,0.00395337,0.05088190,0E-8,0.000000,0.912219,0.000000,-0.04848366,2026-03-31,2026-08-01,83,4123,1621,124,0.669355,0.205295,0.230786,0.106918,,,,,,,,GLOBAL_BASELINE_NO_ENTITY_RANKING,,,NOT_APPLICABLE_GLOBAL_BASELINE,HF9g-P5,,,,X 全窗基线 · 不参与实体赏罚,15056432,1506,A168_HF9F_20260827_0900,2026-08-27 09:00:00
2026-07-21,92755421,2214,0,37.9017586416,-37.9017586416,-37.9017586416,0E-7,1,1,0.50665070000000000,0.506650700000,-1.013391052207602,-1.013391052207602,-1.013391052207602,0E-17,ELIGIBLE,R03b_20260811_FULL_v1,L1_ELIGIBILITY,v2026-08-11,2026-03-21..2026-08-06,baccarat_bet02_101_all_pairs_incl_sentinel,round_win = game_pnl > 0 (decisive only),COMPATIBILITY_ONLY_NOT_PRODUCTION,2500103.8841,2280641.3266,9883.8276,11764,10369,-0.00395337,-0.05088190,-0.00239824,-0.00395337,-9883.8276,2500103.8841,OK,0.0000,395.3531,4.0000,96.0000,AG03-UNRESOLVED,ALL5_LEVELS_bet23_to_bet27,395.3531,395.3531,395.3531,395.3531,395.3531,4.000000,4.000000,4.000000,4.000000,4.000000,96.000000,96.000000,96.000000,96.000000,96.000000,5.0,1976.7655,1824.8244,7907.0621,8059.0032,PENDING_AG03,FALSE,NOT_FOR_ENFORCEMENT,9488.4745,2189415.6736,9883.8276,9488.4745,395.3531,0.00395337,0.00379523,395.3531,9488.4745,0.00379523,395.3531,395.3531,395.3531,395.3531,395.3531,9488.4745,0.00379523,1976.7655,1824.8244,7907.0621,8059.0032,0.00316269,0.00322347,0.00015813,212.5216,219.9480,0.9532,119.0823,2.3972,30121.7335,124.9277,49.0469,238.9093,36.5364,75.9244,374.9013,749.8027,789.266,1183.8989,75.8035,-1.1839,10.395423,15.593133,2.799122,29,215,300,5,0.03207536,0.00395337,0.05088190,0E-8,0.000000,0.912219,0.000000,-0.04848366,2026-03-31,2026-08-01,83,4123,1621,124,0.669355,0.205295,0.230786,0.106918,,,,,,,,GLOBAL_BASELINE_NO_ENTITY_RANKING,,,NOT_APPLICABLE_GLOBAL_BASELINE,HF9g-P5,,,,X 全窗基线 · 不参与实体赏罚,15056433,1506,A168_HF9F_20260827_0900,2026-08-27 09:00:00
2026-07-21,92755421,2239,0,255.8368708308,102.4295027289,102.4295027289,0.7142857,7,7,0.50090561428571429,0.500905614286,1.129103210700875,1.1291032106993646,1.129103210700875,-2.8571E-13,ELIGIBLE,R03b_20260811_FULL_v1,L1_ELIGIBILITY,v2026-08-11,2026-03-21..2026-08-06,baccarat_bet02_101_all_pairs_incl_sentinel,round_win = game_pnl > 0 (decisive only),COMPATIBILITY_ONLY_NOT_PRODUCTION,2500103.8841,2280641.3266,9883.8276,11764,10369,-0.00395337,-0.05088190,-0.00239824,-0.00395337,-9883.8276,2500103.8841,OK,0.0000,395.3531,4.0000,96.0000,AG03-UNRESOLVED,ALL5_LEVELS_bet23_to_bet27,395.3531,395.3531,395.3531,395.3531,395.3531,4.000000,4.000000,4.000000,4.000000,4.000000,96.000000,96.000000,96.000000,96.000000,96.000000,5.0,1976.7655,1824.8244,7907.0621,8059.0032,PENDING_AG03,FALSE,NOT_FOR_ENFORCEMENT,9488.4745,2189415.6736,9883.8276,9488.4745,395.3531,0.00395337,0.00379523,395.3531,9488.4745,0.00379523,395.3531,395.3531,395.3531,395.3531,395.3531,9488.4745,0.00379523,1976.7655,1824.8244,7907.0621,8059.0032,0.00316269,0.00322347,0.00015813,212.5216,219.9480,0.9532,119.0823,2.3972,30121.7335,124.9277,49.0469,238.9093,36.5364,75.9244,374.9013,749.8027,789.266,1183.8989,75.8035,-1.1839,10.395423,15.593133,2.799122,29,215,300,5,0.03207536,0.00395337,0.05088190,0E-8,0.000000,0.912219,0.000000,-0.04848366,2026-03-31,2026-08-01,83,4123,1621,124,0.669355,0.205295,0.230786,0.106918,,,,,,,,GLOBAL_BASELINE_NO_ENTITY_RANKING,,,NOT_APPLICABLE_GLOBAL_BASELINE,HF9g-P5,,,,X 全窗基线 · 不参与实体赏罚,15056434,1506,A168_HF9F_20260827_0900,2026-08-27 09:00:00
2026-07-21,92755421,2254,0,33.3535476046,-33.3535476046,-33.3535476046,0E-7,1,1,0.49324550000000000,0.493245500000,-0.9865810262130424,-0.9865810262130424,-0.9865810262130424,0E-17,ELIGIBLE,R03b_20260811_FULL_v1,L1_ELIGIBILITY,v2026-08-11,2026-03-21..2026-08-06,baccarat_bet02_101_all_pairs_incl_sentinel,round_win = game_pnl > 0 (decisive only),COMPATIBILITY_ONLY_NOT_PRODUCTION,2500103.8841,2280641.3266,9883.8276,11764,10369,-0.00395337,-0.05088190,-0.00239824,-0.00395337,-9883.8276,2500103.8841,OK,0.0000,395.3531,4.0000,96.0000,AG03-UNRESOLVED,ALL5_LEVELS_bet23_to_bet27,395.3531,395.3531,395.3531,395.3531,395.3531,4.000000,4.000000,4.000000,4.000000,4.000000,96.000000,96.000000,96.000000,96.000000,96.000000,5.0,1976.7655,1824.8244,7907.0621,8059.0032,PENDING_AG03,FALSE,NOT_FOR_ENFORCEMENT,9488.4745,2189415.6736,9883.8276,9488.4745,395.3531,0.00395337,0.00379523,395.3531,9488.4745,0.00379523,395.3531,395.3531,395.3531,395.3531,395.3531,9488.4745,0.00379523,1976.7655,1824.8244,7907.0621,8059.0032,0.00316269,0.00322347,0.00015813,212.5216,219.9480,0.9532,119.0823,2.3972,30121.7335,124.9277,49.0469,238.9093,36.5364,75.9244,374.9013,749.8027,789.266,1183.8989,75.8035,-1.1839,10.395423,15.593133,2.799122,29,215,300,5,0.03207536,0.00395337,0.05088190,0E-8,0.000000,0.912219,0.000000,-0.04848366,2026-03-31,2026-08-01,83,4123,1621,124,0.669355,0.205295,0.230786,0.106918,,,,,,,,GLOBAL_BASELINE_NO_ENTITY_RANKING,,,NOT_APPLICABLE_GLOBAL_BASELINE,HF9g-P5,,,,X 全窗基线 · 不参与实体赏罚,15056435,1506,A168_HF9F_20260827_0900,2026-08-27 09:00:00
2026-07-21,92755421,752,0,75.8035172832,-75.8035172832,-75.8035172832,0E-7,2,2,0.50665070000000000,0.506650700000,-1.4331513700195317,-1.4331513700195317,-1.4331513700195317,0E-17,ELIGIBLE,R03b_20260811_FULL_v1,L1_ELIGIBILITY,v2026-08-11,2026-03-21..2026-08-06,baccarat_bet02_101_all_pairs_incl_sentinel,round_win = game_pnl > 0 (decisive only),COMPATIBILITY_ONLY_NOT_PRODUCTION,2500103.8841,2280641.3266,9883.8276,11764,10369,-0.00395337,-0.05088190,-0.00239824,-0.00395337,-9883.8276,2500103.8841,OK,0.0000,395.3531,4.0000,96.0000,AG03-UNRESOLVED,ALL5_LEVELS_bet23_to_bet27,395.3531,395.3531,395.3531,395.3531,395.3531,4.000000,4.000000,4.000000,4.000000,4.000000,96.000000,96.000000,96.000000,96.000000,96.000000,5.0,1976.7655,1824.8244,7907.0621,8059.0032,PENDING_AG03,FALSE,NOT_FOR_ENFORCEMENT,9488.4745,2189415.6736,9883.8276,9488.4745,395.3531,0.00395337,0.00379523,395.3531,9488.4745,0.00379523,395.3531,395.3531,395.3531,395.3531,395.3531,9488.4745,0.00379523,1976.7655,1824.8244,7907.0621,8059.0032,0.00316269,0.00322347,0.00015813,212.5216,219.9480,0.9532,119.0823,2.3972,30121.7335,124.9277,49.0469,238.9093,36.5364,75.9244,374.9013,749.8027,789.266,1183.8989,75.8035,-1.1839,10.395423,15.593133,2.799122,29,215,300,5,0.03207536,0.00395337,0.05088190,0E-8,0.000000,0.912219,0.000000,-0.04848366,2026-03-31,2026-08-01,83,4123,1621,124,0.669355,0.205295,0.230786,0.106918,,,,,,,,GLOBAL_BASELINE_NO_ENTITY_RANKING,,,NOT_APPLICABLE_GLOBAL_BASELINE,HF9g-P5,,,,X 全窗基线 · 不参与实体赏罚,15056436,1506,A168_HF9F_20260827_0900,2026-08-27 09:00:00
2026-07-22,92755421,-1,1,5699.2874469368,805.6587325645,805.6587325645,0.6170213,110,104,0.49816701780959010,0.485940938462,2.304685071866289,2.542747442995089,2.304685071866289,0.01222607934759010,SENTINEL_DEALER,R03b_20260811_FULL_v1,L1_ELIGIBILITY,v2026-08-11,2026-03-21..2026-08-06,baccarat_bet02_101_all_pairs_incl_sentinel,round_win = game_pnl > 0 (decisive only),COMPATIBILITY_ONLY_NOT_PRODUCTION,2500103.8841,2280641.3266,9883.8276,11764,10369,-0.00395337,-0.05088190,-0.00239824,-0.00395337,-9883.8276,2500103.8841,OK,0.0000,395.3531,4.0000,96.0000,AG03-UNRESOLVED,ALL5_LEVELS_bet23_to_bet27,395.3531,395.3531,395.3531,395.3531,395.3531,4.000000,4.000000,4.000000,4.000000,4.000000,96.000000,96.000000,96.000000,96.000000,96.000000,5.0,1976.7655,1824.8244,7907.0621,8059.0032,PENDING_AG03,FALSE,NOT_FOR_ENFORCEMENT,9488.4745,2189415.6736,9883.8276,9488.4745,395.3531,0.00395337,0.00379523,395.3531,9488.4745,0.00379523,395.3531,395.3531,395.3531,395.3531,395.3531,9488.4745,0.00379523,1976.7655,1824.8244,7907.0621,8059.0032,0.00316269,0.00322347,0.00015813,212.5216,219.9480,0.9532,119.0823,2.3972,30121.7335,124.9277,49.0469,238.9093,36.5364,75.9244,374.9013,749.8027,789.266,1183.8989,75.8035,-1.1839,10.395423,15.593133,2.799122,29,215,300,5,0.03207536,0.00395337,0.05088190,0E-8,0.000000,0.912219,0.000000,-0.04848366,2026-03-31,2026-08-01,83,4123,1621,124,0.669355,0.205295,0.230786,0.106918,,,,,,,,GLOBAL_BASELINE_NO_ENTITY_RANKING,,,NOT_APPLICABLE_GLOBAL_BASELINE,HF9g-P5,,,,X 全窗基线 · 不参与实体赏罚,15056437,1506,A168_HF9F_20260827_0900,2026-08-27 09:00:00
2026-07-22,92755421,1109,0,75.8035172832,-75.8035172832,-75.8035172832,0E-7,1,1,0.49324550000000000,0.493245500000,-0.9865810262130424,-0.9865810262130424,-0.9865810262130424,0E-17,ELIGIBLE,R03b_20260811_FULL_v1,L1_ELIGIBILITY,v2026-08-11,2026-03-21..2026-08-06,baccarat_bet02_101_all_pairs_incl_sentinel,round_win = game_pnl > 0 (decisive only),COMPATIBILITY_ONLY_NOT_PRODUCTION,2500103.8841,2280641.3266,9883.8276,11764,10369,-0.00395337,-0.05088190,-0.00239824,-0.00395337,-9883.8276,2500103.8841,OK,0.0000,395.3531,4.0000,96.0000,AG03-UNRESOLVED,ALL5_LEVELS_bet23_to_bet27,395.3531,395.3531,395.3531,395.3531,395.3531,4.000000,4.000000,4.000000,4.000000,4.000000,96.000000,96.000000,96.000000,96.000000,96.000000,5.0,1976.7655,1824.8244,7907.0621,8059.0032,PENDING_AG03,FALSE,NOT_FOR_ENFORCEMENT,9488.4745,2189415.6736,9883.8276,9488.4745,395.3531,0.00395337,0.00379523,395.3531,9488.4745,0.00379523,395.3531,395.3531,395.3531,395.3531,395.3531,9488.4745,0.00379523,1976.7655,1824.8244,7907.0621,8059.0032,0.00316269,0.00322347,0.00015813,212.5216,219.9480,0.9532,119.0823,2.3972,30121.7335,124.9277,49.0469,238.9093,36.5364,75.9244,374.9013,749.8027,789.266,1183.8989,75.8035,-1.1839,10.395423,15.593133,2.799122,29,215,300,5,0.03207536,0.00395337,0.05088190,0E-8,0.000000,0.912219,0.000000,-0.04848366,2026-03-31,2026-08-01,83,4123,1621,124,0.669355,0.205295,0.230786,0.106918,,,,,,,,GLOBAL_BASELINE_NO_ENTITY_RANKING,,,NOT_APPLICABLE_GLOBAL_BASELINE,HF9g-P5,,,,X 全窗基线 · 不参与实体赏罚,15056438,1506,A168_HF9F_20260827_0900,2026-08-27 09:00:00
2026-07-22,92755421,1115,0,113.7052759248,-113.7052759248,-113.7052759248,0E-7,2,2,0.49994810000000000,0.499948100000,-1.4140667746232096,-1.4140667746232096,-1.4140667746232096,0E-17,ELIGIBLE,R03b_20260811_FULL_v1,L1_ELIGIBILITY,v2026-08-11,2026-03-21..2026-08-06,baccarat_bet02_101_all_pairs_incl_sentinel,round_win = game_pnl > 0 (decisive only),COMPATIBILITY_ONLY_NOT_PRODUCTION,2500103.8841,2280641.3266,9883.8276,11764,10369,-0.00395337,-0.05088190,-0.00239824,-0.00395337,-9883.8276,2500103.8841,OK,0.0000,395.3531,4.0000,96.0000,AG03-UNRESOLVED,ALL5_LEVELS_bet23_to_bet27,395.3531,395.3531,395.3531,395.3531,395.3531,4.000000,4.000000,4.000000,4.000000,4.000000,96.000000,96.000000,96.000000,96.000000,96.000000,5.0,1976.7655,1824.8244,7907.0621,8059.0032,PENDING_AG03,FALSE,NOT_FOR_ENFORCEMENT,9488.4745,2189415.6736,9883.8276,9488.4745,395.3531,0.00395337,0.00379523,395.3531,9488.4745,0.00379523,395.3531,395.3531,395.3531,395.3531,395.3531,9488.4745,0.00379523,1976.7655,1824.8244,7907.0621,8059.0032,0.00316269,0.00322347,0.00015813,212.5216,219.9480,0.9532,119.0823,2.3972,30121.7335,124.9277,49.0469,238.9093,36.5364,75.9244,374.9013,749.8027,789.266,1183.8989,75.8035,-1.1839,10.395423,15.593133,2.799122,29,215,300,5,0.03207536,0.00395337,0.05088190,0E-8,0.000000,0.912219,0.000000,-0.04848366,2026-03-31,2026-08-01,83,4123,1621,124,0.669355,0.205295,0.230786,0.106918,,,,,,,,GLOBAL_BASELINE_NO_ENTITY_RANKING,,,NOT_APPLICABLE_GLOBAL_BASELINE,HF9g-P5,,,,X 全窗基线 · 不参与实体赏罚,15056439,1506,A168_HF9F_20260827_0900,2026-08-27 09:00:00
2026-07-22,92755421,1157,0,75.8035172832,-75.8035172832,-75.8035172832,0E-7,1,1,0.50665070000000000,0.506650700000,-1.013391052207602,-1.013391052207602,-1.013391052207602,0E-17,ELIGIBLE,R03b_20260811_FULL_v1,L1_ELIGIBILITY,v2026-08-11,2026-03-21..2026-08-06,baccarat_bet02_101_all_pairs_incl_sentinel,round_win = game_pnl > 0 (decisive only),COMPATIBILITY_ONLY_NOT_PRODUCTION,2500103.8841,2280641.3266,9883.8276,11764,10369,-0.00395337,-0.05088190,-0.00239824,-0.00395337,-9883.8276,2500103.8841,OK,0.0000,395.3531,4.0000,96.0000,AG03-UNRESOLVED,ALL5_LEVELS_bet23_to_bet27,395.3531,395.3531,395.3531,395.3531,395.3531,4.000000,4.000000,4.000000,4.000000,4.000000,96.000000,96.000000,96.000000,96.000000,96.000000,5.0,1976.7655,1824.8244,7907.0621,8059.0032,PENDING_AG03,FALSE,NOT_FOR_ENFORCEMENT,9488.4745,2189415.6736,9883.8276,9488.4745,395.3531,0.00395337,0.00379523,395.3531,9488.4745,0.00379523,395.3531,395.3531,395.3531,395.3531,395.3531,9488.4745,0.00379523,1976.7655,1824.8244,7907.0621,8059.0032,0.00316269,0.00322347,0.00015813,212.5216,219.9480,0.9532,119.0823,2.3972,30121.7335,124.9277,49.0469,238.9093,36.5364,75.9244,374.9013,749.8027,789.266,1183.8989,75.8035,-1.1839,10.395423,15.593133,2.799122,29,215,300,5,0.03207536,0.00395337,0.05088190,0E-8,0.000000,0.912219,0.000000,-0.04848366,2026-03-31,2026-08-01,83,4123,1621,124,0.669355,0.205295,0.230786,0.106918,,,,,,,,GLOBAL_BASELINE_NO_ENTITY_RANKING,,,NOT_APPLICABLE_GLOBAL_BASELINE,HF9g-P5,,,,X 全窗基线 · 不参与实体赏罚,15056440,1506,A168_HF9F_20260827_0900,2026-08-27 09:00:00
2026-07-22,92755421,1306,0,147.8168587022,0E-10,0E-10,0.5000000,2,2,0.49994810000000000,0.499948100000,0.00014679536856514622,0.00014679536856514622,0.00014679536856514622,0E-17,ELIGIBLE,R03b_20260811_FULL_v1,L1_ELIGIBILITY,v2026-08-11,2026-03-21..2026-08-06,baccarat_bet02_101_all_pairs_incl_sentinel,round_win = game_pnl > 0 (decisive only),COMPATIBILITY_ONLY_NOT_PRODUCTION,2500103.8841,2280641.3266,9883.8276,11764,10369,-0.00395337,-0.05088190,-0.00239824,-0.00395337,-9883.8276,2500103.8841,OK,0.0000,395.3531,4.0000,96.0000,AG03-UNRESOLVED,ALL5_LEVELS_bet23_to_bet27,395.3531,395.3531,395.3531,395.3531,395.3531,4.000000,4.000000,4.000000,4.000000,4.000000,96.000000,96.000000,96.000000,96.000000,96.000000,5.0,1976.7655,1824.8244,7907.0621,8059.0032,PENDING_AG03,FALSE,NOT_FOR_ENFORCEMENT,9488.4745,2189415.6736,9883.8276,9488.4745,395.3531,0.00395337,0.00379523,395.3531,9488.4745,0.00379523,395.3531,395.3531,395.3531,395.3531,395.3531,9488.4745,0.00379523,1976.7655,1824.8244,7907.0621,8059.0032,0.00316269,0.00322347,0.00015813,212.5216,219.9480,0.9532,119.0823,2.3972,30121.7335,124.9277,49.0469,238.9093,36.5364,75.9244,374.9013,749.8027,789.266,1183.8989,75.8035,-1.1839,10.395423,15.593133,2.799122,29,215,300,5,0.03207536,0.00395337,0.05088190,0E-8,0.000000,0.912219,0.000000,-0.04848366,2026-03-31,2026-08-01,83,4123,1621,124,0.669355,0.205295,0.230786,0.106918,,,,,,,,GLOBAL_BASELINE_NO_ENTITY_RANKING,,,NOT_APPLICABLE_GLOBAL_BASELINE,HF9g-P5,,,,X 全窗基线 · 不参与实体赏罚,15056441,1506,A168_HF9F_20260827_0900,2026-08-27 09:00:00
2026-07-22,92755421,1323,0,329.7453001819,189.5087932079,189.5087932079,0.8000000,5,5,0.49860758000000000,0.498607580000,1.3478731046594083,1.3478731046594083,1.3478731046594083,0E-17,ELIGIBLE,R03b_20260811_FULL_v1,L1_ELIGIBILITY,v2026-08-11,2026-03-21..2026-08-06,baccarat_bet02_101_all_pairs_incl_sentinel,round_win = game_pnl > 0 (decisive only),COMPATIBILITY_ONLY_NOT_PRODUCTION,2500103.8841,2280641.3266,9883.8276,11764,10369,-0.00395337,-0.05088190,-0.00239824,-0.00395337,-9883.8276,2500103.8841,OK,0.0000,395.3531,4.0000,96.0000,AG03-UNRESOLVED,ALL5_LEVELS_bet23_to_bet27,395.3531,395.3531,395.3531,395.3531,395.3531,4.000000,4.000000,4.000000,4.000000,4.000000,96.000000,96.000000,96.000000,96.000000,96.000000,5.0,1976.7655,1824.8244,7907.0621,8059.0032,PENDING_AG03,FALSE,NOT_FOR_ENFORCEMENT,9488.4745,2189415.6736,9883.8276,9488.4745,395.3531,0.00395337,0.00379523,395.3531,9488.4745,0.00379523,395.3531,395.3531,395.3531,395.3531,395.3531,9488.4745,0.00379523,1976.7655,1824.8244,7907.0621,8059.0032,0.00316269,0.00322347,0.00015813,212.5216,219.9480,0.9532,119.0823,2.3972,30121.7335,124.9277,49.0469,238.9093,36.5364,75.9244,374.9013,749.8027,789.266,1183.8989,75.8035,-1.1839,10.395423,15.593133,2.799122,29,215,300,5,0.03207536,0.00395337,0.05088190,0E-8,0.000000,0.912219,0.000000,-0.04848366,2026-03-31,2026-08-01,83,4123,1621,124,0.669355,0.205295,0.230786,0.106918,,,,,,,,GLOBAL_BASELINE_NO_ENTITY_RANKING,,,NOT_APPLICABLE_GLOBAL_BASELINE,HF9g-P5,,,,X 全窗基线 · 不参与实体赏罚,15056442,1506,A168_HF9F_20260827_0900,2026-08-27 09:00:00
2026-07-22,92755421,1325,0,667.0709520921,219.8302001212,219.8302001212,0.7142857,9,9,0.49920336666666667,0.499203366667,1.138110250946487,1.138110250944722,1.138110250946487,-3.3333E-13,ELIGIBLE,R03b_20260811_FULL_v1,L1_ELIGIBILITY,v2026-08-11,2026-03-21..2026-08-06,baccarat_bet02_101_all_pairs_incl_sentinel,round_win = game_pnl > 0 (decisive only),COMPATIBILITY_ONLY_NOT_PRODUCTION,2500103.8841,2280641.3266,9883.8276,11764,10369,-0.00395337,-0.05088190,-0.00239824,-0.00395337,-9883.8276,2500103.8841,OK,0.0000,395.3531,4.0000,96.0000,AG03-UNRESOLVED,ALL5_LEVELS_bet23_to_bet27,395.3531,395.3531,395.3531,395.3531,395.3531,4.000000,4.000000,4.000000,4.000000,4.000000,96.000000,96.000000,96.000000,96.000000,96.000000,5.0,1976.7655,1824.8244,7907.0621,8059.0032,PENDING_AG03,FALSE,NOT_FOR_ENFORCEMENT,9488.4745,2189415.6736,9883.8276,9488.4745,395.3531,0.00395337,0.00379523,395.3531,9488.4745,0.00379523,395.3531,395.3531,395.3531,395.3531,395.3531,9488.4745,0.00379523,1976.7655,1824.8244,7907.0621,8059.0032,0.00316269,0.00322347,0.00015813,212.5216,219.9480,0.9532,119.0823,2.3972,30121.7335,124.9277,49.0469,238.9093,36.5364,75.9244,374.9013,749.8027,789.266,1183.8989,75.8035,-1.1839,10.395423,15.593133,2.799122,29,215,300,5,0.03207536,0.00395337,0.05088190,0E-8,0.000000,0.912219,0.000000,-0.04848366,2026-03-31,2026-08-01,83,4123,1621,124,0.669355,0.205295,0.230786,0.106918,,,,,,,,GLOBAL_BASELINE_NO_ENTITY_RANKING,,,NOT_APPLICABLE_GLOBAL_BASELINE,HF9g-P5,,,,X 全窗基线 · 不参与实体赏罚,15056443,1506,A168_HF9F_20260827_0900,2026-08-27 09:00:00
2026-07-22,92755421,1330,0,75.8035172832,-75.8035172832,-75.8035172832,0E-7,2,2,0.49324550000000000,0.493245500000,-1.3952362676504506,-1.3952362676504506,-1.3952362676504506,0E-17,ELIGIBLE,R03b_20260811_FULL_v1,L1_ELIGIBILITY,v2026-08-11,2026-03-21..2026-08-06,baccarat_bet02_101_all_pairs_incl_sentinel,round_win = game_pnl > 0 (decisive only),COMPATIBILITY_ONLY_NOT_PRODUCTION,2500103.8841,2280641.3266,9883.8276,11764,10369,-0.00395337,-0.05088190,-0.00239824,-0.00395337,-9883.8276,2500103.8841,OK,0.0000,395.3531,4.0000,96.0000,AG03-UNRESOLVED,ALL5_LEVELS_bet23_to_bet27,395.3531,395.3531,395.3531,395.3531,395.3531,4.000000,4.000000,4.000000,4.000000,4.000000,96.000000,96.000000,96.000000,96.000000,96.000000,5.0,1976.7655,1824.8244,7907.0621,8059.0032,PENDING_AG03,FALSE,NOT_FOR_ENFORCEMENT,9488.4745,2189415.6736,9883.8276,9488.4745,395.3531,0.00395337,0.00379523,395.3531,9488.4745,0.00379523,395.3531,395.3531,395.3531,395.3531,395.3531,9488.4745,0.00379523,1976.7655,1824.8244,7907.0621,8059.0032,0.00316269,0.00322347,0.00015813,212.5216,219.9480,0.9532,119.0823,2.3972,30121.7335,124.9277,49.0469,238.9093,36.5364,75.9244,374.9013,749.8027,789.266,1183.8989,75.8035,-1.1839,10.395423,15.593133,2.799122,29,215,300,5,0.03207536,0.00395337,0.05088190,0E-8,0.000000,0.912219,0.000000,-0.04848366,2026-03-31,2026-08-01,83,4123,1621,124,0.669355,0.205295,0.230786,0.106918,,,,,,,,GLOBAL_BASELINE_NO_ENTITY_RANKING,,,NOT_APPLICABLE_GLOBAL_BASELINE,HF9g-P5,,,,X 全窗基线 · 不参与实体赏罚,15056444,1506,A168_HF9F_20260827_0900,2026-08-27 09:00:00
2026-07-22,92755421,1331,0,73.9084293511,0E-10,0E-10,0.5000000,2,2,0.49994810000000000,0.499948100000,0.00014679536856514622,0.00014679536856514622,0.00014679536856514622,0E-17,ELIGIBLE,R03b_20260811_FULL_v1,L1_ELIGIBILITY,v2026-08-11,2026-03-21..2026-08-06,baccarat_bet02_101_all_pairs_incl_sentinel,round_win = game_pnl > 0 (decisive only),COMPATIBILITY_ONLY_NOT_PRODUCTION,2500103.8841,2280641.3266,9883.8276,11764,10369,-0.00395337,-0.05088190,-0.00239824,-0.00395337,-9883.8276,2500103.8841,OK,0.0000,395.3531,4.0000,96.0000,AG03-UNRESOLVED,ALL5_LEVELS_bet23_to_bet27,395.3531,395.3531,395.3531,395.3531,395.3531,4.000000,4.000000,4.000000,4.000000,4.000000,96.000000,96.000000,96.000000,96.000000,96.000000,5.0,1976.7655,1824.8244,7907.0621,8059.0032,PENDING_AG03,FALSE,NOT_FOR_ENFORCEMENT,9488.4745,2189415.6736,9883.8276,9488.4745,395.3531,0.00395337,0.00379523,395.3531,9488.4745,0.00379523,395.3531,395.3531,395.3531,395.3531,395.3531,9488.4745,0.00379523,1976.7655,1824.8244,7907.0621,8059.0032,0.00316269,0.00322347,0.00015813,212.5216,219.9480,0.9532,119.0823,2.3972,30121.7335,124.9277,49.0469,238.9093,36.5364,75.9244,374.9013,749.8027,789.266,1183.8989,75.8035,-1.1839,10.395423,15.593133,2.799122,29,215,300,5,0.03207536,0.00395337,0.05088190,0E-8,0.000000,0.912219,0.000000,-0.04848366,2026-03-31,2026-08-01,83,4123,1621,124,0.669355,0.205295,0.230786,0.106918,,,,,,,,GLOBAL_BASELINE_NO_ENTITY_RANKING,,,NOT_APPLICABLE_GLOBAL_BASELINE,HF9g-P5,,,,X 全窗基线 · 不参与实体赏罚,15056445,1506,A168_HF9F_20260827_0900,2026-08-27 09:00:00
2026-07-22,92755421,1353,0,72.0133414190,72.0133414190,72.0133414190,1.0000000,1,1,0.49324550000000000,0.493245500000,1.01360149184955,1.01360149184955,1.01360149184955,0E-17,ELIGIBLE,R03b_20260811_FULL_v1,L1_ELIGIBILITY,v2026-08-11,2026-03-21..2026-08-06,baccarat_bet02_101_all_pairs_incl_sentinel,round_win = game_pnl > 0 (decisive only),COMPATIBILITY_ONLY_NOT_PRODUCTION,2500103.8841,2280641.3266,9883.8276,11764,10369,-0.00395337,-0.05088190,-0.00239824,-0.00395337,-9883.8276,2500103.8841,OK,0.0000,395.3531,4.0000,96.0000,AG03-UNRESOLVED,ALL5_LEVELS_bet23_to_bet27,395.3531,395.3531,395.3531,395.3531,395.3531,4.000000,4.000000,4.000000,4.000000,4.000000,96.000000,96.000000,96.000000,96.000000,96.000000,5.0,1976.7655,1824.8244,7907.0621,8059.0032,PENDING_AG03,FALSE,NOT_FOR_ENFORCEMENT,9488.4745,2189415.6736,9883.8276,9488.4745,395.3531,0.00395337,0.00379523,395.3531,9488.4745,0.00379523,395.3531,395.3531,395.3531,395.3531,395.3531,9488.4745,0.00379523,1976.7655,1824.8244,7907.0621,8059.0032,0.00316269,0.00322347,0.00015813,212.5216,219.9480,0.9532,119.0823,2.3972,30121.7335,124.9277,49.0469,238.9093,36.5364,75.9244,374.9013,749.8027,789.266,1183.8989,75.8035,-1.1839,10.395423,15.593133,2.799122,29,215,300,5,0.03207536,0.00395337,0.05088190,0E-8,0.000000,0.912219,0.000000,-0.04848366,2026-03-31,2026-08-01,83,4123,1621,124,0.669355,0.205295,0.230786,0.106918,,,,,,,,GLOBAL_BASELINE_NO_ENTITY_RANKING,,,NOT_APPLICABLE_GLOBAL_BASELINE,HF9g-P5,,,,X 全窗基线 · 不参与实体赏罚,15056446,1506,A168_HF9F_20260827_0900,2026-08-27 09:00:00
2026-07-22,92755421,1363,0,75.8035172832,-75.8035172832,-75.8035172832,0E-7,1,1,0.50665070000000000,0.506650700000,-1.013391052207602,-1.013391052207602,-1.013391052207602,0E-17,ELIGIBLE,R03b_20260811_FULL_v1,L1_ELIGIBILITY,v2026-08-11,2026-03-21..2026-08-06,baccarat_bet02_101_all_pairs_incl_sentinel,round_win = game_pnl > 0 (decisive only),COMPATIBILITY_ONLY_NOT_PRODUCTION,2500103.8841,2280641.3266,9883.8276,11764,10369,-0.00395337,-0.05088190,-0.00239824,-0.00395337,-9883.8276,2500103.8841,OK,0.0000,395.3531,4.0000,96.0000,AG03-UNRESOLVED,ALL5_LEVELS_bet23_to_bet27,395.3531,395.3531,395.3531,395.3531,395.3531,4.000000,4.000000,4.000000,4.000000,4.000000,96.000000,96.000000,96.000000,96.000000,96.000000,5.0,1976.7655,1824.8244,7907.0621,8059.0032,PENDING_AG03,FALSE,NOT_FOR_ENFORCEMENT,9488.4745,2189415.6736,9883.8276,9488.4745,395.3531,0.00395337,0.00379523,395.3531,9488.4745,0.00379523,395.3531,395.3531,395.3531,395.3531,395.3531,9488.4745,0.00379523,1976.7655,1824.8244,7907.0621,8059.0032,0.00316269,0.00322347,0.00015813,212.5216,219.9480,0.9532,119.0823,2.3972,30121.7335,124.9277,49.0469,238.9093,36.5364,75.9244,374.9013,749.8027,789.266,1183.8989,75.8035,-1.1839,10.395423,15.593133,2.799122,29,215,300,5,0.03207536,0.00395337,0.05088190,0E-8,0.000000,0.912219,0.000000,-0.04848366,2026-03-31,2026-08-01,83,4123,1621,124,0.669355,0.205295,0.230786,0.106918,,,,,,,,GLOBAL_BASELINE_NO_ENTITY_RANKING,,,NOT_APPLICABLE_GLOBAL_BASELINE,HF9g-P5,,,,X 全窗基线 · 不参与实体赏罚,15056447,1506,A168_HF9F_20260827_0900,2026-08-27 09:00:00
2026-07-22,92755421,1384,0,425.2577319587,-30.7004244997,-30.7004244997,0.5000000,7,6,0.49890772587723632,0.460413883333,0.005351041288305657,0.1945422509435816,0.005351041288305657,0.03849384254423632,ELIGIBLE,R03b_20260811_FULL_v1,L1_ELIGIBILITY,v2026-08-11,2026-03-21..2026-08-06,baccarat_bet02_101_all_pairs_incl_sentinel,round_win = game_pnl > 0 (decisive only),COMPATIBILITY_ONLY_NOT_PRODUCTION,2500103.8841,2280641.3266,9883.8276,11764,10369,-0.00395337,-0.05088190,-0.00239824,-0.00395337,-9883.8276,2500103.8841,OK,0.0000,395.3531,4.0000,96.0000,AG03-UNRESOLVED,ALL5_LEVELS_bet23_to_bet27,395.3531,395.3531,395.3531,395.3531,395.3531,4.000000,4.000000,4.000000,4.000000,4.000000,96.000000,96.000000,96.000000,96.000000,96.000000,5.0,1976.7655,1824.8244,7907.0621,8059.0032,PENDING_AG03,FALSE,NOT_FOR_ENFORCEMENT,9488.4745,2189415.6736,9883.8276,9488.4745,395.3531,0.00395337,0.00379523,395.3531,9488.4745,0.00379523,395.3531,395.3531,395.3531,395.3531,395.3531,9488.4745,0.00379523,1976.7655,1824.8244,7907.0621,8059.0032,0.00316269,0.00322347,0.00015813,212.5216,219.9480,0.9532,119.0823,2.3972,30121.7335,124.9277,49.0469,238.9093,36.5364,75.9244,374.9013,749.8027,789.266,1183.8989,75.8035,-1.1839,10.395423,15.593133,2.799122,29,215,300,5,0.03207536,0.00395337,0.05088190,0E-8,0.000000,0.912219,0.000000,-0.04848366,2026-03-31,2026-08-01,83,4123,1621,124,0.669355,0.205295,0.230786,0.106918,,,,,,,,GLOBAL_BASELINE_NO_ENTITY_RANKING,,,NOT_APPLICABLE_GLOBAL_BASELINE,HF9g-P5,,,,X 全窗基线 · 不参与实体赏罚,15056448,1506,A168_HF9F_20260827_0900,2026-08-27 09:00:00
2026-07-22,92755421,1396,0,75.8035172832,-75.8035172832,-75.8035172832,0E-7,1,1,0.49324550000000000,0.493245500000,-0.9865810262130424,-0.9865810262130424,-0.9865810262130424,0E-17,ELIGIBLE,R03b_20260811_FULL_v1,L1_ELIGIBILITY,v2026-08-11,2026-03-21..2026-08-06,baccarat_bet02_101_all_pairs_incl_sentinel,round_win = game_pnl > 0 (decisive only),COMPATIBILITY_ONLY_NOT_PRODUCTION,2500103.8841,2280641.3266,9883.8276,11764,10369,-0.00395337,-0.05088190,-0.00239824,-0.00395337,-9883.8276,2500103.8841,OK,0.0000,395.3531,4.0000,96.0000,AG03-UNRESOLVED,ALL5_LEVELS_bet23_to_bet27,395.3531,395.3531,395.3531,395.3531,395.3531,4.000000,4.000000,4.000000,4.000000,4.000000,96.000000,96.000000,96.000000,96.000000,96.000000,5.0,1976.7655,1824.8244,7907.0621,8059.0032,PENDING_AG03,FALSE,NOT_FOR_ENFORCEMENT,9488.4745,2189415.6736,9883.8276,9488.4745,395.3531,0.00395337,0.00379523,395.3531,9488.4745,0.00379523,395.3531,395.3531,395.3531,395.3531,395.3531,9488.4745,0.00379523,1976.7655,1824.8244,7907.0621,8059.0032,0.00316269,0.00322347,0.00015813,212.5216,219.9480,0.9532,119.0823,2.3972,30121.7335,124.9277,49.0469,238.9093,36.5364,75.9244,374.9013,749.8027,789.266,1183.8989,75.8035,-1.1839,10.395423,15.593133,2.799122,29,215,300,5,0.03207536,0.00395337,0.05088190,0E-8,0.000000,0.912219,0.000000,-0.04848366,2026-03-31,2026-08-01,83,4123,1621,124,0.669355,0.205295,0.230786,0.106918,,,,,,,,GLOBAL_BASELINE_NO_ENTITY_RANKING,,,NOT_APPLICABLE_GLOBAL_BASELINE,HF9g-P5,,,,X 全窗基线 · 不参与实体赏罚,15056449,1506,A168_HF9F_20260827_0900,2026-08-27 09:00:00
2026-07-22,92755421,1399,0,75.8035172832,-75.8035172832,-75.8035172832,0E-7,1,1,0.49324550000000000,0.493245500000,-0.9865810262130424,-0.9865810262130424,-0.9865810262130424,0E-17,ELIGIBLE,R03b_20260811_FULL_v1,L1_ELIGIBILITY,v2026-08-11,2026-03-21..2026-08-06,baccarat_bet02_101_all_pairs_incl_sentinel,round_win = game_pnl > 0 (decisive only),COMPATIBILITY_ONLY_NOT_PRODUCTION,2500103.8841,2280641.3266,9883.8276,11764,10369,-0.00395337,-0.05088190,-0.00239824,-0.00395337,-9883.8276,2500103.8841,OK,0.0000,395.3531,4.0000,96.0000,AG03-UNRESOLVED,ALL5_LEVELS_bet23_to_bet27,395.3531,395.3531,395.3531,395.3531,395.3531,4.000000,4.000000,4.000000,4.000000,4.000000,96.000000,96.000000,96.000000,96.000000,96.000000,5.0,1976.7655,1824.8244,7907.0621,8059.0032,PENDING_AG03,FALSE,NOT_FOR_ENFORCEMENT,9488.4745,2189415.6736,9883.8276,9488.4745,395.3531,0.00395337,0.00379523,395.3531,9488.4745,0.00379523,395.3531,395.3531,395.3531,395.3531,395.3531,9488.4745,0.00379523,1976.7655,1824.8244,7907.0621,8059.0032,0.00316269,0.00322347,0.00015813,212.5216,219.9480,0.9532,119.0823,2.3972,30121.7335,124.9277,49.0469,238.9093,36.5364,75.9244,374.9013,749.8027,789.266,1183.8989,75.8035,-1.1839,10.395423,15.593133,2.799122,29,215,300,5,0.03207536,0.00395337,0.05088190,0E-8,0.000000,0.912219,0.000000,-0.04848366,2026-03-31,2026-08-01,83,4123,1621,124,0.669355,0.205295,0.230786,0.106918,,,,,,,,GLOBAL_BASELINE_NO_ENTITY_RANKING,,,NOT_APPLICABLE_GLOBAL_BASELINE,HF9g-P5,,,,X 全窗基线 · 不参与实体赏罚,15056450,1506,A168_HF9F_20260827_0900,2026-08-27 09:00:00
2026-07-22,92755421,1402,0,278.9569436021,151.1332625834,151.1332625834,0.7500000,4,4,0.49994810000000000,0.499948100000,1.0002076053883384,1.0002076053883384,1.0002076053883384,0E-17,ELIGIBLE,R03b_20260811_FULL_v1,L1_ELIGIBILITY,v2026-08-11,2026-03-21..2026-08-06,baccarat_bet02_101_all_pairs_incl_sentinel,round_win = game_pnl > 0 (decisive only),COMPATIBILITY_ONLY_NOT_PRODUCTION,2500103.8841,2280641.3266,9883.8276,11764,10369,-0.00395337,-0.05088190,-0.00239824,-0.00395337,-9883.8276,2500103.8841,OK,0.0000,395.3531,4.0000,96.0000,AG03-UNRESOLVED,ALL5_LEVELS_bet23_to_bet27,395.3531,395.3531,395.3531,395.3531,395.3531,4.000000,4.000000,4.000000,4.000000,4.000000,96.000000,96.000000,96.000000,96.000000,96.000000,5.0,1976.7655,1824.8244,7907.0621,8059.0032,PENDING_AG03,FALSE,NOT_FOR_ENFORCEMENT,9488.4745,2189415.6736,9883.8276,9488.4745,395.3531,0.00395337,0.00379523,395.3531,9488.4745,0.00379523,395.3531,395.3531,395.3531,395.3531,395.3531,9488.4745,0.00379523,1976.7655,1824.8244,7907.0621,8059.0032,0.00316269,0.00322347,0.00015813,212.5216,219.9480,0.9532,119.0823,2.3972,30121.7335,124.9277,49.0469,238.9093,36.5364,75.9244,374.9013,749.8027,789.266,1183.8989,75.8035,-1.1839,10.395423,15.593133,2.799122,29,215,300,5,0.03207536,0.00395337,0.05088190,0E-8,0.000000,0.912219,0.000000,-0.04848366,2026-03-31,2026-08-01,83,4123,1621,124,0.669355,0.205295,0.230786,0.106918,,,,,,,,GLOBAL_BASELINE_NO_ENTITY_RANKING,,,NOT_APPLICABLE_GLOBAL_BASELINE,HF9g-P5,,,,X 全窗基线 · 不参与实体赏罚,15056451,1506,A168_HF9F_20260827_0900,2026-08-27 09:00:00
2026-07-22,92755421,1485,0,151.6070345664,-151.6070345664,-151.6070345664,0E-7,2,2,0.49994810000000000,0.499948100000,-1.4140667746232096,-1.4140667746232096,-1.4140667746232096,0E-17,ELIGIBLE,R03b_20260811_FULL_v1,L1_ELIGIBILITY,v2026-08-11,2026-03-21..2026-08-06,baccarat_bet02_101_all_pairs_incl_sentinel,round_win = game_pnl > 0 (decisive only),COMPATIBILITY_ONLY_NOT_PRODUCTION,2500103.8841,2280641.3266,9883.8276,11764,10369,-0.00395337,-0.05088190,-0.00239824,-0.00395337,-9883.8276,2500103.8841,OK,0.0000,395.3531,4.0000,96.0000,AG03-UNRESOLVED,ALL5_LEVELS_bet23_to_bet27,395.3531,395.3531,395.3531,395.3531,395.3531,4.000000,4.000000,4.000000,4.000000,4.000000,96.000000,96.000000,96.000000,96.000000,96.000000,5.0,1976.7655,1824.8244,7907.0621,8059.0032,PENDING_AG03,FALSE,NOT_FOR_ENFORCEMENT,9488.4745,2189415.6736,9883.8276,9488.4745,395.3531,0.00395337,0.00379523,395.3531,9488.4745,0.00379523,395.3531,395.3531,395.3531,395.3531,395.3531,9488.4745,0.00379523,1976.7655,1824.8244,7907.0621,8059.0032,0.00316269,0.00322347,0.00015813,212.5216,219.9480,0.9532,119.0823,2.3972,30121.7335,124.9277,49.0469,238.9093,36.5364,75.9244,374.9013,749.8027,789.266,1183.8989,75.8035,-1.1839,10.395423,15.593133,2.799122,29,215,300,5,0.03207536,0.00395337,0.05088190,0E-8,0.000000,0.912219,0.000000,-0.04848366,2026-03-31,2026-08-01,83,4123,1621,124,0.669355,0.205295,0.230786,0.106918,,,,,,,,GLOBAL_BASELINE_NO_ENTITY_RANKING,,,NOT_APPLICABLE_GLOBAL_BASELINE,HF9g-P5,,,,X 全窗基线 · 不参与实体赏罚,15056452,1506,A168_HF9F_20260827_0900,2026-08-27 09:00:00
2026-07-22,92755421,1507,0,72.0133414190,-72.0133414190,-72.0133414190,0E-7,1,1,0.50665070000000000,0.506650700000,-1.013391052207602,-1.013391052207602,-1.013391052207602,0E-17,ELIGIBLE,R03b_20260811_FULL_v1,L1_ELIGIBILITY,v2026-08-11,2026-03-21..2026-08-06,baccarat_bet02_101_all_pairs_incl_sentinel,round_win = game_pnl > 0 (decisive only),COMPATIBILITY_ONLY_NOT_PRODUCTION,2500103.8841,2280641.3266,9883.8276,11764,10369,-0.00395337,-0.05088190,-0.00239824,-0.00395337,-9883.8276,2500103.8841,OK,0.0000,395.3531,4.0000,96.0000,AG03-UNRESOLVED,ALL5_LEVELS_bet23_to_bet27,395.3531,395.3531,395.3531,395.3531,395.3531,4.000000,4.000000,4.000000,4.000000,4.000000,96.000000,96.000000,96.000000,96.000000,96.000000,5.0,1976.7655,1824.8244,7907.0621,8059.0032,PENDING_AG03,FALSE,NOT_FOR_ENFORCEMENT,9488.4745,2189415.6736,9883.8276,9488.4745,395.3531,0.00395337,0.00379523,395.3531,9488.4745,0.00379523,395.3531,395.3531,395.3531,395.3531,395.3531,9488.4745,0.00379523,1976.7655,1824.8244,7907.0621,8059.0032,0.00316269,0.00322347,0.00015813,212.5216,219.9480,0.9532,119.0823,2.3972,30121.7335,124.9277,49.0469,238.9093,36.5364,75.9244,374.9013,749.8027,789.266,1183.8989,75.8035,-1.1839,10.395423,15.593133,2.799122,29,215,300,5,0.03207536,0.00395337,0.05088190,0E-8,0.000000,0.912219,0.000000,-0.04848366,2026-03-31,2026-08-01,83,4123,1621,124,0.669355,0.205295,0.230786,0.106918,,,,,,,,GLOBAL_BASELINE_NO_ENTITY_RANKING,,,NOT_APPLICABLE_GLOBAL_BASELINE,HF9g-P5,,,,X 全窗基线 · 不参与实体赏罚,15056453,1506,A168_HF9F_20260827_0900,2026-08-27 09:00:00
2026-07-22,92755421,1654,0,231.2007277138,68.2231655548,68.2231655548,0.6666667,4,3,0.49443919206341424,0.420879666667,0.5966503740290376,0.862295573878678,0.5966503740290376,0.07355952539641424,ELIGIBLE,R03b_20260811_FULL_v1,L1_ELIGIBILITY,v2026-08-11,2026-03-21..2026-08-06,baccarat_bet02_101_all_pairs_incl_sentinel,round_win = game_pnl > 0 (decisive only),COMPATIBILITY_ONLY_NOT_PRODUCTION,2500103.8841,2280641.3266,9883.8276,11764,10369,-0.00395337,-0.05088190,-0.00239824,-0.00395337,-9883.8276,2500103.8841,OK,0.0000,395.3531,4.0000,96.0000,AG03-UNRESOLVED,ALL5_LEVELS_bet23_to_bet27,395.3531,395.3531,395.3531,395.3531,395.3531,4.000000,4.000000,4.000000,4.000000,4.000000,96.000000,96.000000,96.000000,96.000000,96.000000,5.0,1976.7655,1824.8244,7907.0621,8059.0032,PENDING_AG03,FALSE,NOT_FOR_ENFORCEMENT,9488.4745,2189415.6736,9883.8276,9488.4745,395.3531,0.00395337,0.00379523,395.3531,9488.4745,0.00379523,395.3531,395.3531,395.3531,395.3531,395.3531,9488.4745,0.00379523,1976.7655,1824.8244,7907.0621,8059.0032,0.00316269,0.00322347,0.00015813,212.5216,219.9480,0.9532,119.0823,2.3972,30121.7335,124.9277,49.0469,238.9093,36.5364,75.9244,374.9013,749.8027,789.266,1183.8989,75.8035,-1.1839,10.395423,15.593133,2.799122,29,215,300,5,0.03207536,0.00395337,0.05088190,0E-8,0.000000,0.912219,0.000000,-0.04848366,2026-03-31,2026-08-01,83,4123,1621,124,0.669355,0.205295,0.230786,0.106918,,,,,,,,GLOBAL_BASELINE_NO_ENTITY_RANKING,,,NOT_APPLICABLE_GLOBAL_BASELINE,HF9g-P5,,,,X 全窗基线 · 不参与实体赏罚,15056454,1506,A168_HF9F_20260827_0900,2026-08-27 09:00:00
2026-07-22,92755421,1710,0,111.0521528198,-1.1370527592,-1.1370527592,0.5000000,4,3,0.49297782427203877,0.416411266667,0.01986367139340064,0.2397993804982212,0.01986367139340064,0.07656655760503877,ELIGIBLE,R03b_20260811_FULL_v1,L1_ELIGIBILITY,v2026-08-11,2026-03-21..2026-08-06,baccarat_bet02_101_all_pairs_incl_sentinel,round_win = game_pnl > 0 (decisive only),COMPATIBILITY_ONLY_NOT_PRODUCTION,2500103.8841,2280641.3266,9883.8276,11764,10369,-0.00395337,-0.05088190,-0.00239824,-0.00395337,-9883.8276,2500103.8841,OK,0.0000,395.3531,4.0000,96.0000,AG03-UNRESOLVED,ALL5_LEVELS_bet23_to_bet27,395.3531,395.3531,395.3531,395.3531,395.3531,4.000000,4.000000,4.000000,4.000000,4.000000,96.000000,96.000000,96.000000,96.000000,96.000000,5.0,1976.7655,1824.8244,7907.0621,8059.0032,PENDING_AG03,FALSE,NOT_FOR_ENFORCEMENT,9488.4745,2189415.6736,9883.8276,9488.4745,395.3531,0.00395337,0.00379523,395.3531,9488.4745,0.00379523,395.3531,395.3531,395.3531,395.3531,395.3531,9488.4745,0.00379523,1976.7655,1824.8244,7907.0621,8059.0032,0.00316269,0.00322347,0.00015813,212.5216,219.9480,0.9532,119.0823,2.3972,30121.7335,124.9277,49.0469,238.9093,36.5364,75.9244,374.9013,749.8027,789.266,1183.8989,75.8035,-1.1839,10.395423,15.593133,2.799122,29,215,300,5,0.03207536,0.00395337,0.05088190,0E-8,0.000000,0.912219,0.000000,-0.04848366,2026-03-31,2026-08-01,83,4123,1621,124,0.669355,0.205295,0.230786,0.106918,,,,,,,,GLOBAL_BASELINE_NO_ENTITY_RANKING,,,NOT_APPLICABLE_GLOBAL_BASELINE,HF9g-P5,,,,X 全窗基线 · 不参与实体赏罚,15056455,1506,A168_HF9F_20260827_0900,2026-08-27 09:00:00
2026-07-22,92755421,1947,0,379.0175864160,-227.4105518496,-227.4105518496,0E-7,5,5,0.50128862000000000,0.501288620000,-1.736520485330431,-1.736520485330431,-1.736520485330431,0E-17,ELIGIBLE,R03b_20260811_FULL_v1,L1_ELIGIBILITY,v2026-08-11,2026-03-21..2026-08-06,baccarat_bet02_101_all_pairs_incl_sentinel,round_win = game_pnl > 0 (decisive only),COMPATIBILITY_ONLY_NOT_PRODUCTION,2500103.8841,2280641.3266,9883.8276,11764,10369,-0.00395337,-0.05088190,-0.00239824,-0.00395337,-9883.8276,2500103.8841,OK,0.0000,395.3531,4.0000,96.0000,AG03-UNRESOLVED,ALL5_LEVELS_bet23_to_bet27,395.3531,395.3531,395.3531,395.3531,395.3531,4.000000,4.000000,4.000000,4.000000,4.000000,96.000000,96.000000,96.000000,96.000000,96.000000,5.0,1976.7655,1824.8244,7907.0621,8059.0032,PENDING_AG03,FALSE,NOT_FOR_ENFORCEMENT,9488.4745,2189415.6736,9883.8276,9488.4745,395.3531,0.00395337,0.00379523,395.3531,9488.4745,0.00379523,395.3531,395.3531,395.3531,395.3531,395.3531,9488.4745,0.00379523,1976.7655,1824.8244,7907.0621,8059.0032,0.00316269,0.00322347,0.00015813,212.5216,219.9480,0.9532,119.0823,2.3972,30121.7335,124.9277,49.0469,238.9093,36.5364,75.9244,374.9013,749.8027,789.266,1183.8989,75.8035,-1.1839,10.395423,15.593133,2.799122,29,215,300,5,0.03207536,0.00395337,0.05088190,0E-8,0.000000,0.912219,0.000000,-0.04848366,2026-03-31,2026-08-01,83,4123,1621,124,0.669355,0.205295,0.230786,0.106918,,,,,,,,GLOBAL_BASELINE_NO_ENTITY_RANKING,,,NOT_APPLICABLE_GLOBAL_BASELINE,HF9g-P5,,,,X 全窗基线 · 不参与实体赏罚,15056456,1506,A168_HF9F_20260827_0900,2026-08-27 09:00:00
2026-07-22,92755421,1966,0,75.8035172832,-75.8035172832,-75.8035172832,0E-7,1,1,0.49324550000000000,0.493245500000,-0.9865810262130424,-0.9865810262130424,-0.9865810262130424,0E-17,ELIGIBLE,R03b_20260811_FULL_v1,L1_ELIGIBILITY,v2026-08-11,2026-03-21..2026-08-06,baccarat_bet02_101_all_pairs_incl_sentinel,round_win = game_pnl > 0 (decisive only),COMPATIBILITY_ONLY_NOT_PRODUCTION,2500103.8841,2280641.3266,9883.8276,11764,10369,-0.00395337,-0.05088190,-0.00239824,-0.00395337,-9883.8276,2500103.8841,OK,0.0000,395.3531,4.0000,96.0000,AG03-UNRESOLVED,ALL5_LEVELS_bet23_to_bet27,395.3531,395.3531,395.3531,395.3531,395.3531,4.000000,4.000000,4.000000,4.000000,4.000000,96.000000,96.000000,96.000000,96.000000,96.000000,5.0,1976.7655,1824.8244,7907.0621,8059.0032,PENDING_AG03,FALSE,NOT_FOR_ENFORCEMENT,9488.4745,2189415.6736,9883.8276,9488.4745,395.3531,0.00395337,0.00379523,395.3531,9488.4745,0.00379523,395.3531,395.3531,395.3531,395.3531,395.3531,9488.4745,0.00379523,1976.7655,1824.8244,7907.0621,8059.0032,0.00316269,0.00322347,0.00015813,212.5216,219.9480,0.9532,119.0823,2.3972,30121.7335,124.9277,49.0469,238.9093,36.5364,75.9244,374.9013,749.8027,789.266,1183.8989,75.8035,-1.1839,10.395423,15.593133,2.799122,29,215,300,5,0.03207536,0.00395337,0.05088190,0E-8,0.000000,0.912219,0.000000,-0.04848366,2026-03-31,2026-08-01,83,4123,1621,124,0.669355,0.205295,0.230786,0.106918,,,,,,,,GLOBAL_BASELINE_NO_ENTITY_RANKING,,,NOT_APPLICABLE_GLOBAL_BASELINE,HF9g-P5,,,,X 全窗基线 · 不参与实体赏罚,15056457,1506,A168_HF9F_20260827_0900,2026-08-27 09:00:00
2026-07-22,92755421,2068,0,41.6919345058,-41.6919345058,-41.6919345058,0E-7,2,1,0.45011726363594986,0.256040200000,-0.904748334749474,-0.5866503638730671,-0.904748334749474,0.19407706363594986,ELIGIBLE,R03b_20260811_FULL_v1,L1_ELIGIBILITY,v2026-08-11,2026-03-21..2026-08-06,baccarat_bet02_101_all_pairs_incl_sentinel,round_win = game_pnl > 0 (decisive only),COMPATIBILITY_ONLY_NOT_PRODUCTION,2500103.8841,2280641.3266,9883.8276,11764,10369,-0.00395337,-0.05088190,-0.00239824,-0.00395337,-9883.8276,2500103.8841,OK,0.0000,395.3531,4.0000,96.0000,AG03-UNRESOLVED,ALL5_LEVELS_bet23_to_bet27,395.3531,395.3531,395.3531,395.3531,395.3531,4.000000,4.000000,4.000000,4.000000,4.000000,96.000000,96.000000,96.000000,96.000000,96.000000,5.0,1976.7655,1824.8244,7907.0621,8059.0032,PENDING_AG03,FALSE,NOT_FOR_ENFORCEMENT,9488.4745,2189415.6736,9883.8276,9488.4745,395.3531,0.00395337,0.00379523,395.3531,9488.4745,0.00379523,395.3531,395.3531,395.3531,395.3531,395.3531,9488.4745,0.00379523,1976.7655,1824.8244,7907.0621,8059.0032,0.00316269,0.00322347,0.00015813,212.5216,219.9480,0.9532,119.0823,2.3972,30121.7335,124.9277,49.0469,238.9093,36.5364,75.9244,374.9013,749.8027,789.266,1183.8989,75.8035,-1.1839,10.395423,15.593133,2.799122,29,215,300,5,0.03207536,0.00395337,0.05088190,0E-8,0.000000,0.912219,0.000000,-0.04848366,2026-03-31,2026-08-01,83,4123,1621,124,0.669355,0.205295,0.230786,0.106918,,,,,,,,GLOBAL_BASELINE_NO_ENTITY_RANKING,,,NOT_APPLICABLE_GLOBAL_BASELINE,HF9g-P5,,,,X 全窗基线 · 不参与实体赏罚,15056458,1506,A168_HF9F_20260827_0900,2026-08-27 09:00:00
2026-07-22,92755421,2072,0,478.6992116433,-190.4563371740,-190.4563371740,0.2857143,8,7,0.50179077135824128,0.467976657143,-1.1433766236911902,-0.9664259822077305,-1.1433766236911902,0.03381411421524128,ELIGIBLE,R03b_20260811_FULL_v1,L1_ELIGIBILITY,v2026-08-11,2026-03-21..2026-08-06,baccarat_bet02_101_all_pairs_incl_sentinel,round_win = game_pnl > 0 (decisive only),COMPATIBILITY_ONLY_NOT_PRODUCTION,2500103.8841,2280641.3266,9883.8276,11764,10369,-0.00395337,-0.05088190,-0.00239824,-0.00395337,-9883.8276,2500103.8841,OK,0.0000,395.3531,4.0000,96.0000,AG03-UNRESOLVED,ALL5_LEVELS_bet23_to_bet27,395.3531,395.3531,395.3531,395.3531,395.3531,4.000000,4.000000,4.000000,4.000000,4.000000,96.000000,96.000000,96.000000,96.000000,96.000000,5.0,1976.7655,1824.8244,7907.0621,8059.0032,PENDING_AG03,FALSE,NOT_FOR_ENFORCEMENT,9488.4745,2189415.6736,9883.8276,9488.4745,395.3531,0.00395337,0.00379523,395.3531,9488.4745,0.00379523,395.3531,395.3531,395.3531,395.3531,395.3531,9488.4745,0.00379523,1976.7655,1824.8244,7907.0621,8059.0032,0.00316269,0.00322347,0.00015813,212.5216,219.9480,0.9532,119.0823,2.3972,30121.7335,124.9277,49.0469,238.9093,36.5364,75.9244,374.9013,749.8027,789.266,1183.8989,75.8035,-1.1839,10.395423,15.593133,2.799122,29,215,300,5,0.03207536,0.00395337,0.05088190,0E-8,0.000000,0.912219,0.000000,-0.04848366,2026-03-31,2026-08-01,83,4123,1621,124,0.669355,0.205295,0.230786,0.106918,,,,,,,,GLOBAL_BASELINE_NO_ENTITY_RANKING,,,NOT_APPLICABLE_GLOBAL_BASELINE,HF9g-P5,,,,X 全窗基线 · 不参与实体赏罚,15056459,1506,A168_HF9F_20260827_0900,2026-08-27 09:00:00
2026-07-22,92755421,2106,0,341.1158277744,7.9593693147,7.9593693147,0.5000000,5,5,0.50128862000000000,0.501288620000,-0.0051544971185412255,-0.0051544971185412255,-0.0051544971185412255,0E-17,ELIGIBLE,R03b_20260811_FULL_v1,L1_ELIGIBILITY,v2026-08-11,2026-03-21..2026-08-06,baccarat_bet02_101_all_pairs_incl_sentinel,round_win = game_pnl > 0 (decisive only),COMPATIBILITY_ONLY_NOT_PRODUCTION,2500103.8841,2280641.3266,9883.8276,11764,10369,-0.00395337,-0.05088190,-0.00239824,-0.00395337,-9883.8276,2500103.8841,OK,0.0000,395.3531,4.0000,96.0000,AG03-UNRESOLVED,ALL5_LEVELS_bet23_to_bet27,395.3531,395.3531,395.3531,395.3531,395.3531,4.000000,4.000000,4.000000,4.000000,4.000000,96.000000,96.000000,96.000000,96.000000,96.000000,5.0,1976.7655,1824.8244,7907.0621,8059.0032,PENDING_AG03,FALSE,NOT_FOR_ENFORCEMENT,9488.4745,2189415.6736,9883.8276,9488.4745,395.3531,0.00395337,0.00379523,395.3531,9488.4745,0.00379523,395.3531,395.3531,395.3531,395.3531,395.3531,9488.4745,0.00379523,1976.7655,1824.8244,7907.0621,8059.0032,0.00316269,0.00322347,0.00015813,212.5216,219.9480,0.9532,119.0823,2.3972,30121.7335,124.9277,49.0469,238.9093,36.5364,75.9244,374.9013,749.8027,789.266,1183.8989,75.8035,-1.1839,10.395423,15.593133,2.799122,29,215,300,5,0.03207536,0.00395337,0.05088190,0E-8,0.000000,0.912219,0.000000,-0.04848366,2026-03-31,2026-08-01,83,4123,1621,124,0.669355,0.205295,0.230786,0.106918,,,,,,,,GLOBAL_BASELINE_NO_ENTITY_RANKING,,,NOT_APPLICABLE_GLOBAL_BASELINE,HF9g-P5,,,,X 全窗基线 · 不参与实体赏罚,15056460,1506,A168_HF9F_20260827_0900,2026-08-27 09:00:00
2026-07-22,92755421,2117,0,151.6070345664,0E-10,0E-10,0.5000000,2,2,0.49324550000000000,0.493245500000,0.01910635448239258,0.01910635448239258,0.01910635448239258,0E-17,ELIGIBLE,R03b_20260811_FULL_v1,L1_ELIGIBILITY,v2026-08-11,2026-03-21..2026-08-06,baccarat_bet02_101_all_pairs_incl_sentinel,round_win = game_pnl > 0 (decisive only),COMPATIBILITY_ONLY_NOT_PRODUCTION,2500103.8841,2280641.3266,9883.8276,11764,10369,-0.00395337,-0.05088190,-0.00239824,-0.00395337,-9883.8276,2500103.8841,OK,0.0000,395.3531,4.0000,96.0000,AG03-UNRESOLVED,ALL5_LEVELS_bet23_to_bet27,395.3531,395.3531,395.3531,395.3531,395.3531,4.000000,4.000000,4.000000,4.000000,4.000000,96.000000,96.000000,96.000000,96.000000,96.000000,5.0,1976.7655,1824.8244,7907.0621,8059.0032,PENDING_AG03,FALSE,NOT_FOR_ENFORCEMENT,9488.4745,2189415.6736,9883.8276,9488.4745,395.3531,0.00395337,0.00379523,395.3531,9488.4745,0.00379523,395.3531,395.3531,395.3531,395.3531,395.3531,9488.4745,0.00379523,1976.7655,1824.8244,7907.0621,8059.0032,0.00316269,0.00322347,0.00015813,212.5216,219.9480,0.9532,119.0823,2.3972,30121.7335,124.9277,49.0469,238.9093,36.5364,75.9244,374.9013,749.8027,789.266,1183.8989,75.8035,-1.1839,10.395423,15.593133,2.799122,29,215,300,5,0.03207536,0.00395337,0.05088190,0E-8,0.000000,0.912219,0.000000,-0.04848366,2026-03-31,2026-08-01,83,4123,1621,124,0.669355,0.205295,0.230786,0.106918,,,,,,,,GLOBAL_BASELINE_NO_ENTITY_RANKING,,,NOT_APPLICABLE_GLOBAL_BASELINE,HF9g-P5,,,,X 全窗基线 · 不参与实体赏罚,15056461,1506,A168_HF9F_20260827_0900,2026-08-27 09:00:00
2026-07-22,92755421,2121,0,113.7052759248,-37.9017586416,-37.9017586416,0.3333333,3,3,0.49771390000000000,0.497713900000,-0.5694369385616226,-0.5694369385616226,-0.5694369385616226,0E-17,ELIGIBLE,R03b_20260811_FULL_v1,L1_ELIGIBILITY,v2026-08-11,2026-03-21..2026-08-06,baccarat_bet02_101_all_pairs_incl_sentinel,round_win = game_pnl > 0 (decisive only),COMPATIBILITY_ONLY_NOT_PRODUCTION,2500103.8841,2280641.3266,9883.8276,11764,10369,-0.00395337,-0.05088190,-0.00239824,-0.00395337,-9883.8276,2500103.8841,OK,0.0000,395.3531,4.0000,96.0000,AG03-UNRESOLVED,ALL5_LEVELS_bet23_to_bet27,395.3531,395.3531,395.3531,395.3531,395.3531,4.000000,4.000000,4.000000,4.000000,4.000000,96.000000,96.000000,96.000000,96.000000,96.000000,5.0,1976.7655,1824.8244,7907.0621,8059.0032,PENDING_AG03,FALSE,NOT_FOR_ENFORCEMENT,9488.4745,2189415.6736,9883.8276,9488.4745,395.3531,0.00395337,0.00379523,395.3531,9488.4745,0.00379523,395.3531,395.3531,395.3531,395.3531,395.3531,9488.4745,0.00379523,1976.7655,1824.8244,7907.0621,8059.0032,0.00316269,0.00322347,0.00015813,212.5216,219.9480,0.9532,119.0823,2.3972,30121.7335,124.9277,49.0469,238.9093,36.5364,75.9244,374.9013,749.8027,789.266,1183.8989,75.8035,-1.1839,10.395423,15.593133,2.799122,29,215,300,5,0.03207536,0.00395337,0.05088190,0E-8,0.000000,0.912219,0.000000,-0.04848366,2026-03-31,2026-08-01,83,4123,1621,124,0.669355,0.205295,0.230786,0.106918,,,,,,,,GLOBAL_BASELINE_NO_ENTITY_RANKING,,,NOT_APPLICABLE_GLOBAL_BASELINE,HF9g-P5,,,,X 全窗基线 · 不参与实体赏罚,15056462,1506,A168_HF9F_20260827_0900,2026-08-27 09:00:00
2026-07-22,92755421,2129,0,75.8035172832,-75.8035172832,-75.8035172832,0E-7,1,1,0.49324550000000000,0.493245500000,-0.9865810262130424,-0.9865810262130424,-0.9865810262130424,0E-17,ELIGIBLE,R03b_20260811_FULL_v1,L1_ELIGIBILITY,v2026-08-11,2026-03-21..2026-08-06,baccarat_bet02_101_all_pairs_incl_sentinel,round_win = game_pnl > 0 (decisive only),COMPATIBILITY_ONLY_NOT_PRODUCTION,2500103.8841,2280641.3266,9883.8276,11764,10369,-0.00395337,-0.05088190,-0.00239824,-0.00395337,-9883.8276,2500103.8841,OK,0.0000,395.3531,4.0000,96.0000,AG03-UNRESOLVED,ALL5_LEVELS_bet23_to_bet27,395.3531,395.3531,395.3531,395.3531,395.3531,4.000000,4.000000,4.000000,4.000000,4.000000,96.000000,96.000000,96.000000,96.000000,96.000000,5.0,1976.7655,1824.8244,7907.0621,8059.0032,PENDING_AG03,FALSE,NOT_FOR_ENFORCEMENT,9488.4745,2189415.6736,9883.8276,9488.4745,395.3531,0.00395337,0.00379523,395.3531,9488.4745,0.00379523,395.3531,395.3531,395.3531,395.3531,395.3531,9488.4745,0.00379523,1976.7655,1824.8244,7907.0621,8059.0032,0.00316269,0.00322347,0.00015813,212.5216,219.9480,0.9532,119.0823,2.3972,30121.7335,124.9277,49.0469,238.9093,36.5364,75.9244,374.9013,749.8027,789.266,1183.8989,75.8035,-1.1839,10.395423,15.593133,2.799122,29,215,300,5,0.03207536,0.00395337,0.05088190,0E-8,0.000000,0.912219,0.000000,-0.04848366,2026-03-31,2026-08-01,83,4123,1621,124,0.669355,0.205295,0.230786,0.106918,,,,,,,,GLOBAL_BASELINE_NO_ENTITY_RANKING,,,NOT_APPLICABLE_GLOBAL_BASELINE,HF9g-P5,,,,X 全窗基线 · 不参与实体赏罚,15056463,1506,A168_HF9F_20260827_0900,2026-08-27 09:00:00
2026-07-22,92755421,2130,0,189.5087932080,-113.7052759248,-113.7052759248,0.2500000,4,4,0.49659680000000000,0.496596800000,-0.9864100490137353,-0.9864100490137354,-0.9864100490137353,0E-17,ELIGIBLE,R03b_20260811_FULL_v1,L1_ELIGIBILITY,v2026-08-11,2026-03-21..2026-08-06,baccarat_bet02_101_all_pairs_incl_sentinel,round_win = game_pnl > 0 (decisive only),COMPATIBILITY_ONLY_NOT_PRODUCTION,2500103.8841,2280641.3266,9883.8276,11764,10369,-0.00395337,-0.05088190,-0.00239824,-0.00395337,-9883.8276,2500103.8841,OK,0.0000,395.3531,4.0000,96.0000,AG03-UNRESOLVED,ALL5_LEVELS_bet23_to_bet27,395.3531,395.3531,395.3531,395.3531,395.3531,4.000000,4.000000,4.000000,4.000000,4.000000,96.000000,96.000000,96.000000,96.000000,96.000000,5.0,1976.7655,1824.8244,7907.0621,8059.0032,PENDING_AG03,FALSE,NOT_FOR_ENFORCEMENT,9488.4745,2189415.6736,9883.8276,9488.4745,395.3531,0.00395337,0.00379523,395.3531,9488.4745,0.00379523,395.3531,395.3531,395.3531,395.3531,395.3531,9488.4745,0.00379523,1976.7655,1824.8244,7907.0621,8059.0032,0.00316269,0.00322347,0.00015813,212.5216,219.9480,0.9532,119.0823,2.3972,30121.7335,124.9277,49.0469,238.9093,36.5364,75.9244,374.9013,749.8027,789.266,1183.8989,75.8035,-1.1839,10.395423,15.593133,2.799122,29,215,300,5,0.03207536,0.00395337,0.05088190,0E-8,0.000000,0.912219,0.000000,-0.04848366,2026-03-31,2026-08-01,83,4123,1621,124,0.669355,0.205295,0.230786,0.106918,,,,,,,,GLOBAL_BASELINE_NO_ENTITY_RANKING,,,NOT_APPLICABLE_GLOBAL_BASELINE,HF9g-P5,,,,X 全窗基线 · 不参与实体赏罚,15056464,1506,A168_HF9F_20260827_0900,2026-08-27 09:00:00
2026-07-22,92755421,2134,0,73.9084293511,0E-10,0E-10,0.5000000,2,2,0.50665070000000000,0.506650700000,-0.018812684590367487,-0.018812684590367487,-0.018812684590367487,0E-17,ELIGIBLE,R03b_20260811_FULL_v1,L1_ELIGIBILITY,v2026-08-11,2026-03-21..2026-08-06,baccarat_bet02_101_all_pairs_incl_sentinel,round_win = game_pnl > 0 (decisive only),COMPATIBILITY_ONLY_NOT_PRODUCTION,2500103.8841,2280641.3266,9883.8276,11764,10369,-0.00395337,-0.05088190,-0.00239824,-0.00395337,-9883.8276,2500103.8841,OK,0.0000,395.3531,4.0000,96.0000,AG03-UNRESOLVED,ALL5_LEVELS_bet23_to_bet27,395.3531,395.3531,395.3531,395.3531,395.3531,4.000000,4.000000,4.000000,4.000000,4.000000,96.000000,96.000000,96.000000,96.000000,96.000000,5.0,1976.7655,1824.8244,7907.0621,8059.0032,PENDING_AG03,FALSE,NOT_FOR_ENFORCEMENT,9488.4745,2189415.6736,9883.8276,9488.4745,395.3531,0.00395337,0.00379523,395.3531,9488.4745,0.00379523,395.3531,395.3531,395.3531,395.3531,395.3531,9488.4745,0.00379523,1976.7655,1824.8244,7907.0621,8059.0032,0.00316269,0.00322347,0.00015813,212.5216,219.9480,0.9532,119.0823,2.3972,30121.7335,124.9277,49.0469,238.9093,36.5364,75.9244,374.9013,749.8027,789.266,1183.8989,75.8035,-1.1839,10.395423,15.593133,2.799122,29,215,300,5,0.03207536,0.00395337,0.05088190,0E-8,0.000000,0.912219,0.000000,-0.04848366,2026-03-31,2026-08-01,83,4123,1621,124,0.669355,0.205295,0.230786,0.106918,,,,,,,,GLOBAL_BASELINE_NO_ENTITY_RANKING,,,NOT_APPLICABLE_GLOBAL_BASELINE,HF9g-P5,,,,X 全窗基线 · 不参与实体赏罚,15056465,1506,A168_HF9F_20260827_0900,2026-08-27 09:00:00
2026-07-22,92755421,2142,0,295.6337174045,-162.5985445725,-162.5985445725,0.2500000,4,4,0.49994810000000000,0.499948100000,-0.9997924053861017,-0.9997924053861017,-0.9997924053861017,0E-17,ELIGIBLE,R03b_20260811_FULL_v1,L1_ELIGIBILITY,v2026-08-11,2026-03-21..2026-08-06,baccarat_bet02_101_all_pairs_incl_sentinel,round_win = game_pnl > 0 (decisive only),COMPATIBILITY_ONLY_NOT_PRODUCTION,2500103.8841,2280641.3266,9883.8276,11764,10369,-0.00395337,-0.05088190,-0.00239824,-0.00395337,-9883.8276,2500103.8841,OK,0.0000,395.3531,4.0000,96.0000,AG03-UNRESOLVED,ALL5_LEVELS_bet23_to_bet27,395.3531,395.3531,395.3531,395.3531,395.3531,4.000000,4.000000,4.000000,4.000000,4.000000,96.000000,96.000000,96.000000,96.000000,96.000000,5.0,1976.7655,1824.8244,7907.0621,8059.0032,PENDING_AG03,FALSE,NOT_FOR_ENFORCEMENT,9488.4745,2189415.6736,9883.8276,9488.4745,395.3531,0.00395337,0.00379523,395.3531,9488.4745,0.00379523,395.3531,395.3531,395.3531,395.3531,395.3531,9488.4745,0.00379523,1976.7655,1824.8244,7907.0621,8059.0032,0.00316269,0.00322347,0.00015813,212.5216,219.9480,0.9532,119.0823,2.3972,30121.7335,124.9277,49.0469,238.9093,36.5364,75.9244,374.9013,749.8027,789.266,1183.8989,75.8035,-1.1839,10.395423,15.593133,2.799122,29,215,300,5,0.03207536,0.00395337,0.05088190,0E-8,0.000000,0.912219,0.000000,-0.04848366,2026-03-31,2026-08-01,83,4123,1621,124,0.669355,0.205295,0.230786,0.106918,,,,,,,,GLOBAL_BASELINE_NO_ENTITY_RANKING,,,NOT_APPLICABLE_GLOBAL_BASELINE,HF9g-P5,,,,X 全窗基线 · 不参与实体赏罚,15056466,1506,A168_HF9F_20260827_0900,2026-08-27 09:00:00
2026-07-22,92755421,2153,0,109.9151000606,36.0066707095,36.0066707095,0.6666667,3,3,0.50218230000000000,0.502182300000,0.5697959874915163,0.5697959874915164,0.5697959874915163,0E-17,ELIGIBLE,R03b_20260811_FULL_v1,L1_ELIGIBILITY,v2026-08-11,2026-03-21..2026-08-06,baccarat_bet02_101_all_pairs_incl_sentinel,round_win = game_pnl > 0 (decisive only),COMPATIBILITY_ONLY_NOT_PRODUCTION,2500103.8841,2280641.3266,9883.8276,11764,10369,-0.00395337,-0.05088190,-0.00239824,-0.00395337,-9883.8276,2500103.8841,OK,0.0000,395.3531,4.0000,96.0000,AG03-UNRESOLVED,ALL5_LEVELS_bet23_to_bet27,395.3531,395.3531,395.3531,395.3531,395.3531,4.000000,4.000000,4.000000,4.000000,4.000000,96.000000,96.000000,96.000000,96.000000,96.000000,5.0,1976.7655,1824.8244,7907.0621,8059.0032,PENDING_AG03,FALSE,NOT_FOR_ENFORCEMENT,9488.4745,2189415.6736,9883.8276,9488.4745,395.3531,0.00395337,0.00379523,395.3531,9488.4745,0.00379523,395.3531,395.3531,395.3531,395.3531,395.3531,9488.4745,0.00379523,1976.7655,1824.8244,7907.0621,8059.0032,0.00316269,0.00322347,0.00015813,212.5216,219.9480,0.9532,119.0823,2.3972,30121.7335,124.9277,49.0469,238.9093,36.5364,75.9244,374.9013,749.8027,789.266,1183.8989,75.8035,-1.1839,10.395423,15.593133,2.799122,29,215,300,5,0.03207536,0.00395337,0.05088190,0E-8,0.000000,0.912219,0.000000,-0.04848366,2026-03-31,2026-08-01,83,4123,1621,124,0.669355,0.205295,0.230786,0.106918,,,,,,,,GLOBAL_BASELINE_NO_ENTITY_RANKING,,,NOT_APPLICABLE_GLOBAL_BASELINE,HF9g-P5,,,,X 全窗基线 · 不参与实体赏罚,15056467,1506,A168_HF9F_20260827_0900,2026-08-27 09:00:00
2026-07-22,92755421,2155,0,227.4105518496,0E-10,0E-10,0.5000000,3,3,0.49771390000000000,0.497713900000,0.006466134837551399,0.0064661348375514,0.006466134837551399,0E-17,ELIGIBLE,R03b_20260811_FULL_v1,L1_ELIGIBILITY,v2026-08-11,2026-03-21..2026-08-06,baccarat_bet02_101_all_pairs_incl_sentinel,round_win = game_pnl > 0 (decisive only),COMPATIBILITY_ONLY_NOT_PRODUCTION,2500103.8841,2280641.3266,9883.8276,11764,10369,-0.00395337,-0.05088190,-0.00239824,-0.00395337,-9883.8276,2500103.8841,OK,0.0000,395.3531,4.0000,96.0000,AG03-UNRESOLVED,ALL5_LEVELS_bet23_to_bet27,395.3531,395.3531,395.3531,395.3531,395.3531,4.000000,4.000000,4.000000,4.000000,4.000000,96.000000,96.000000,96.000000,96.000000,96.000000,5.0,1976.7655,1824.8244,7907.0621,8059.0032,PENDING_AG03,FALSE,NOT_FOR_ENFORCEMENT,9488.4745,2189415.6736,9883.8276,9488.4745,395.3531,0.00395337,0.00379523,395.3531,9488.4745,0.00379523,395.3531,395.3531,395.3531,395.3531,395.3531,9488.4745,0.00379523,1976.7655,1824.8244,7907.0621,8059.0032,0.00316269,0.00322347,0.00015813,212.5216,219.9480,0.9532,119.0823,2.3972,30121.7335,124.9277,49.0469,238.9093,36.5364,75.9244,374.9013,749.8027,789.266,1183.8989,75.8035,-1.1839,10.395423,15.593133,2.799122,29,215,300,5,0.03207536,0.00395337,0.05088190,0E-8,0.000000,0.912219,0.000000,-0.04848366,2026-03-31,2026-08-01,83,4123,1621,124,0.669355,0.205295,0.230786,0.106918,,,,,,,,GLOBAL_BASELINE_NO_ENTITY_RANKING,,,NOT_APPLICABLE_GLOBAL_BASELINE,HF9g-P5,,,,X 全窗基线 · 不参与实体赏罚,15056468,1506,A168_HF9F_20260827_0900,2026-08-27 09:00:00
2026-07-22,92755421,2156,0,144.0266828380,-109.9151000606,-109.9151000606,0E-7,3,3,0.49324550000000000,0.493245500000,-1.3952362676504506,-1.3952362676504506,-1.3952362676504506,0E-17,ELIGIBLE,R03b_20260811_FULL_v1,L1_ELIGIBILITY,v2026-08-11,2026-03-21..2026-08-06,baccarat_bet02_101_all_pairs_incl_sentinel,round_win = game_pnl > 0 (decisive only),COMPATIBILITY_ONLY_NOT_PRODUCTION,2500103.8841,2280641.3266,9883.8276,11764,10369,-0.00395337,-0.05088190,-0.00239824,-0.00395337,-9883.8276,2500103.8841,OK,0.0000,395.3531,4.0000,96.0000,AG03-UNRESOLVED,ALL5_LEVELS_bet23_to_bet27,395.3531,395.3531,395.3531,395.3531,395.3531,4.000000,4.000000,4.000000,4.000000,4.000000,96.000000,96.000000,96.000000,96.000000,96.000000,5.0,1976.7655,1824.8244,7907.0621,8059.0032,PENDING_AG03,FALSE,NOT_FOR_ENFORCEMENT,9488.4745,2189415.6736,9883.8276,9488.4745,395.3531,0.00395337,0.00379523,395.3531,9488.4745,0.00379523,395.3531,395.3531,395.3531,395.3531,395.3531,9488.4745,0.00379523,1976.7655,1824.8244,7907.0621,8059.0032,0.00316269,0.00322347,0.00015813,212.5216,219.9480,0.9532,119.0823,2.3972,30121.7335,124.9277,49.0469,238.9093,36.5364,75.9244,374.9013,749.8027,789.266,1183.8989,75.8035,-1.1839,10.395423,15.593133,2.799122,29,215,300,5,0.03207536,0.00395337,0.05088190,0E-8,0.000000,0.912219,0.000000,-0.04848366,2026-03-31,2026-08-01,83,4123,1621,124,0.669355,0.205295,0.230786,0.106918,,,,,,,,GLOBAL_BASELINE_NO_ENTITY_RANKING,,,NOT_APPLICABLE_GLOBAL_BASELINE,HF9g-P5,,,,X 全窗基线 · 不参与实体赏罚,15056469,1506,A168_HF9F_20260827_0900,2026-08-27 09:00:00
2026-07-22,92755421,2171,0,151.6070345664,-151.6070345664,-151.6070345664,0E-7,2,2,0.49994810000000000,0.499948100000,-1.4140667746232096,-1.4140667746232096,-1.4140667746232096,0E-17,ELIGIBLE,R03b_20260811_FULL_v1,L1_ELIGIBILITY,v2026-08-11,2026-03-21..2026-08-06,baccarat_bet02_101_all_pairs_incl_sentinel,round_win = game_pnl > 0 (decisive only),COMPATIBILITY_ONLY_NOT_PRODUCTION,2500103.8841,2280641.3266,9883.8276,11764,10369,-0.00395337,-0.05088190,-0.00239824,-0.00395337,-9883.8276,2500103.8841,OK,0.0000,395.3531,4.0000,96.0000,AG03-UNRESOLVED,ALL5_LEVELS_bet23_to_bet27,395.3531,395.3531,395.3531,395.3531,395.3531,4.000000,4.000000,4.000000,4.000000,4.000000,96.000000,96.000000,96.000000,96.000000,96.000000,5.0,1976.7655,1824.8244,7907.0621,8059.0032,PENDING_AG03,FALSE,NOT_FOR_ENFORCEMENT,9488.4745,2189415.6736,9883.8276,9488.4745,395.3531,0.00395337,0.00379523,395.3531,9488.4745,0.00379523,395.3531,395.3531,395.3531,395.3531,395.3531,9488.4745,0.00379523,1976.7655,1824.8244,7907.0621,8059.0032,0.00316269,0.00322347,0.00015813,212.5216,219.9480,0.9532,119.0823,2.3972,30121.7335,124.9277,49.0469,238.9093,36.5364,75.9244,374.9013,749.8027,789.266,1183.8989,75.8035,-1.1839,10.395423,15.593133,2.799122,29,215,300,5,0.03207536,0.00395337,0.05088190,0E-8,0.000000,0.912219,0.000000,-0.04848366,2026-03-31,2026-08-01,83,4123,1621,124,0.669355,0.205295,0.230786,0.106918,,,,,,,,GLOBAL_BASELINE_NO_ENTITY_RANKING,,,NOT_APPLICABLE_GLOBAL_BASELINE,HF9g-P5,,,,X 全窗基线 · 不参与实体赏罚,15056470,1506,A168_HF9F_20260827_0900,2026-08-27 09:00:00
2026-07-22,92755421,2175,0,223.6203759854,-75.8035172832,-75.8035172832,0.3333333,3,3,0.49771390000000000,0.497713900000,-0.5694369385616226,-0.5694369385616226,-0.5694369385616226,0E-17,ELIGIBLE,R03b_20260811_FULL_v1,L1_ELIGIBILITY,v2026-08-11,2026-03-21..2026-08-06,baccarat_bet02_101_all_pairs_incl_sentinel,round_win = game_pnl > 0 (decisive only),COMPATIBILITY_ONLY_NOT_PRODUCTION,2500103.8841,2280641.3266,9883.8276,11764,10369,-0.00395337,-0.05088190,-0.00239824,-0.00395337,-9883.8276,2500103.8841,OK,0.0000,395.3531,4.0000,96.0000,AG03-UNRESOLVED,ALL5_LEVELS_bet23_to_bet27,395.3531,395.3531,395.3531,395.3531,395.3531,4.000000,4.000000,4.000000,4.000000,4.000000,96.000000,96.000000,96.000000,96.000000,96.000000,5.0,1976.7655,1824.8244,7907.0621,8059.0032,PENDING_AG03,FALSE,NOT_FOR_ENFORCEMENT,9488.4745,2189415.6736,9883.8276,9488.4745,395.3531,0.00395337,0.00379523,395.3531,9488.4745,0.00379523,395.3531,395.3531,395.3531,395.3531,395.3531,9488.4745,0.00379523,1976.7655,1824.8244,7907.0621,8059.0032,0.00316269,0.00322347,0.00015813,212.5216,219.9480,0.9532,119.0823,2.3972,30121.7335,124.9277,49.0469,238.9093,36.5364,75.9244,374.9013,749.8027,789.266,1183.8989,75.8035,-1.1839,10.395423,15.593133,2.799122,29,215,300,5,0.03207536,0.00395337,0.05088190,0E-8,0.000000,0.912219,0.000000,-0.04848366,2026-03-31,2026-08-01,83,4123,1621,124,0.669355,0.205295,0.230786,0.106918,,,,,,,,GLOBAL_BASELINE_NO_ENTITY_RANKING,,,NOT_APPLICABLE_GLOBAL_BASELINE,HF9g-P5,,,,X 全窗基线 · 不参与实体赏罚,15056471,1506,A168_HF9F_20260827_0900,2026-08-27 09:00:00
2026-07-22,92755421,2201,0,75.8035172832,0E-10,0E-10,0.5000000,2,2,0.49324550000000000,0.493245500000,0.01910635448239258,0.01910635448239258,0.01910635448239258,0E-17,ELIGIBLE,R03b_20260811_FULL_v1,L1_ELIGIBILITY,v2026-08-11,2026-03-21..2026-08-06,baccarat_bet02_101_all_pairs_incl_sentinel,round_win = game_pnl > 0 (decisive only),COMPATIBILITY_ONLY_NOT_PRODUCTION,2500103.8841,2280641.3266,9883.8276,11764,10369,-0.00395337,-0.05088190,-0.00239824,-0.00395337,-9883.8276,2500103.8841,OK,0.0000,395.3531,4.0000,96.0000,AG03-UNRESOLVED,ALL5_LEVELS_bet23_to_bet27,395.3531,395.3531,395.3531,395.3531,395.3531,4.000000,4.000000,4.000000,4.000000,4.000000,96.000000,96.000000,96.000000,96.000000,96.000000,5.0,1976.7655,1824.8244,7907.0621,8059.0032,PENDING_AG03,FALSE,NOT_FOR_ENFORCEMENT,9488.4745,2189415.6736,9883.8276,9488.4745,395.3531,0.00395337,0.00379523,395.3531,9488.4745,0.00379523,395.3531,395.3531,395.3531,395.3531,395.3531,9488.4745,0.00379523,1976.7655,1824.8244,7907.0621,8059.0032,0.00316269,0.00322347,0.00015813,212.5216,219.9480,0.9532,119.0823,2.3972,30121.7335,124.9277,49.0469,238.9093,36.5364,75.9244,374.9013,749.8027,789.266,1183.8989,75.8035,-1.1839,10.395423,15.593133,2.799122,29,215,300,5,0.03207536,0.00395337,0.05088190,0E-8,0.000000,0.912219,0.000000,-0.04848366,2026-03-31,2026-08-01,83,4123,1621,124,0.669355,0.205295,0.230786,0.106918,,,,,,,,GLOBAL_BASELINE_NO_ENTITY_RANKING,,,NOT_APPLICABLE_GLOBAL_BASELINE,HF9g-P5,,,,X 全窗基线 · 不参与实体赏罚,15056472,1506,A168_HF9F_20260827_0900,2026-08-27 09:00:00
2026-07-22,92755421,2209,0,299.4238932686,-75.8035172832,-75.8035172832,0.3333333,4,4,0.50329940000000000,0.503299400000,-0.5887925454369916,-0.5887925454369916,-0.5887925454369916,0E-17,ELIGIBLE,R03b_20260811_FULL_v1,L1_ELIGIBILITY,v2026-08-11,2026-03-21..2026-08-06,baccarat_bet02_101_all_pairs_incl_sentinel,round_win = game_pnl > 0 (decisive only),COMPATIBILITY_ONLY_NOT_PRODUCTION,2500103.8841,2280641.3266,9883.8276,11764,10369,-0.00395337,-0.05088190,-0.00239824,-0.00395337,-9883.8276,2500103.8841,OK,0.0000,395.3531,4.0000,96.0000,AG03-UNRESOLVED,ALL5_LEVELS_bet23_to_bet27,395.3531,395.3531,395.3531,395.3531,395.3531,4.000000,4.000000,4.000000,4.000000,4.000000,96.000000,96.000000,96.000000,96.000000,96.000000,5.0,1976.7655,1824.8244,7907.0621,8059.0032,PENDING_AG03,FALSE,NOT_FOR_ENFORCEMENT,9488.4745,2189415.6736,9883.8276,9488.4745,395.3531,0.00395337,0.00379523,395.3531,9488.4745,0.00379523,395.3531,395.3531,395.3531,395.3531,395.3531,9488.4745,0.00379523,1976.7655,1824.8244,7907.0621,8059.0032,0.00316269,0.00322347,0.00015813,212.5216,219.9480,0.9532,119.0823,2.3972,30121.7335,124.9277,49.0469,238.9093,36.5364,75.9244,374.9013,749.8027,789.266,1183.8989,75.8035,-1.1839,10.395423,15.593133,2.799122,29,215,300,5,0.03207536,0.00395337,0.05088190,0E-8,0.000000,0.912219,0.000000,-0.04848366,2026-03-31,2026-08-01,83,4123,1621,124,0.669355,0.205295,0.230786,0.106918,,,,,,,,GLOBAL_BASELINE_NO_ENTITY_RANKING,,,NOT_APPLICABLE_GLOBAL_BASELINE,HF9g-P5,,,,X 全窗基线 · 不参与实体赏罚,15056473,1506,A168_HF9F_20260827_0900,2026-08-27 09:00:00
2026-07-22,92755421,2216,0,75.8035172832,-75.8035172832,-75.8035172832,0E-7,1,1,0.49324550000000000,0.493245500000,-0.9865810262130424,-0.9865810262130424,-0.9865810262130424,0E-17,ELIGIBLE,R03b_20260811_FULL_v1,L1_ELIGIBILITY,v2026-08-11,2026-03-21..2026-08-06,baccarat_bet02_101_all_pairs_incl_sentinel,round_win = game_pnl > 0 (decisive only),COMPATIBILITY_ONLY_NOT_PRODUCTION,2500103.8841,2280641.3266,9883.8276,11764,10369,-0.00395337,-0.05088190,-0.00239824,-0.00395337,-9883.8276,2500103.8841,OK,0.0000,395.3531,4.0000,96.0000,AG03-UNRESOLVED,ALL5_LEVELS_bet23_to_bet27,395.3531,395.3531,395.3531,395.3531,395.3531,4.000000,4.000000,4.000000,4.000000,4.000000,96.000000,96.000000,96.000000,96.000000,96.000000,5.0,1976.7655,1824.8244,7907.0621,8059.0032,PENDING_AG03,FALSE,NOT_FOR_ENFORCEMENT,9488.4745,2189415.6736,9883.8276,9488.4745,395.3531,0.00395337,0.00379523,395.3531,9488.4745,0.00379523,395.3531,395.3531,395.3531,395.3531,395.3531,9488.4745,0.00379523,1976.7655,1824.8244,7907.0621,8059.0032,0.00316269,0.00322347,0.00015813,212.5216,219.9480,0.9532,119.0823,2.3972,30121.7335,124.9277,49.0469,238.9093,36.5364,75.9244,374.9013,749.8027,789.266,1183.8989,75.8035,-1.1839,10.395423,15.593133,2.799122,29,215,300,5,0.03207536,0.00395337,0.05088190,0E-8,0.000000,0.912219,0.000000,-0.04848366,2026-03-31,2026-08-01,83,4123,1621,124,0.669355,0.205295,0.230786,0.106918,,,,,,,,GLOBAL_BASELINE_NO_ENTITY_RANKING,,,NOT_APPLICABLE_GLOBAL_BASELINE,HF9g-P5,,,,X 全窗基线 · 不参与实体赏罚,15056474,1506,A168_HF9F_20260827_0900,2026-08-27 09:00:00
2026-07-22,92755421,2218,0,147.8168587022,0E-10,0E-10,0.5000000,2,2,0.49994810000000000,0.499948100000,0.00014679536856514622,0.00014679536856514622,0.00014679536856514622,0E-17,ELIGIBLE,R03b_20260811_FULL_v1,L1_ELIGIBILITY,v2026-08-11,2026-03-21..2026-08-06,baccarat_bet02_101_all_pairs_incl_sentinel,round_win = game_pnl > 0 (decisive only),COMPATIBILITY_ONLY_NOT_PRODUCTION,2500103.8841,2280641.3266,9883.8276,11764,10369,-0.00395337,-0.05088190,-0.00239824,-0.00395337,-9883.8276,2500103.8841,OK,0.0000,395.3531,4.0000,96.0000,AG03-UNRESOLVED,ALL5_LEVELS_bet23_to_bet27,395.3531,395.3531,395.3531,395.3531,395.3531,4.000000,4.000000,4.000000,4.000000,4.000000,96.000000,96.000000,96.000000,96.000000,96.000000,5.0,1976.7655,1824.8244,7907.0621,8059.0032,PENDING_AG03,FALSE,NOT_FOR_ENFORCEMENT,9488.4745,2189415.6736,9883.8276,9488.4745,395.3531,0.00395337,0.00379523,395.3531,9488.4745,0.00379523,395.3531,395.3531,395.3531,395.3531,395.3531,9488.4745,0.00379523,1976.7655,1824.8244,7907.0621,8059.0032,0.00316269,0.00322347,0.00015813,212.5216,219.9480,0.9532,119.0823,2.3972,30121.7335,124.9277,49.0469,238.9093,36.5364,75.9244,374.9013,749.8027,789.266,1183.8989,75.8035,-1.1839,10.395423,15.593133,2.799122,29,215,300,5,0.03207536,0.00395337,0.05088190,0E-8,0.000000,0.912219,0.000000,-0.04848366,2026-03-31,2026-08-01,83,4123,1621,124,0.669355,0.205295,0.230786,0.106918,,,,,,,,GLOBAL_BASELINE_NO_ENTITY_RANKING,,,NOT_APPLICABLE_GLOBAL_BASELINE,HF9g-P5,,,,X 全窗基线 · 不参与实体赏罚,15056475,1506,A168_HF9F_20260827_0900,2026-08-27 09:00:00
2026-07-22,92755421,2223,0,75.8035172832,-75.8035172832,-75.8035172832,0E-7,1,1,0.49324550000000000,0.493245500000,-0.9865810262130424,-0.9865810262130424,-0.9865810262130424,0E-17,ELIGIBLE,R03b_20260811_FULL_v1,L1_ELIGIBILITY,v2026-08-11,2026-03-21..2026-08-06,baccarat_bet02_101_all_pairs_incl_sentinel,round_win = game_pnl > 0 (decisive only),COMPATIBILITY_ONLY_NOT_PRODUCTION,2500103.8841,2280641.3266,9883.8276,11764,10369,-0.00395337,-0.05088190,-0.00239824,-0.00395337,-9883.8276,2500103.8841,OK,0.0000,395.3531,4.0000,96.0000,AG03-UNRESOLVED,ALL5_LEVELS_bet23_to_bet27,395.3531,395.3531,395.3531,395.3531,395.3531,4.000000,4.000000,4.000000,4.000000,4.000000,96.000000,96.000000,96.000000,96.000000,96.000000,5.0,1976.7655,1824.8244,7907.0621,8059.0032,PENDING_AG03,FALSE,NOT_FOR_ENFORCEMENT,9488.4745,2189415.6736,9883.8276,9488.4745,395.3531,0.00395337,0.00379523,395.3531,9488.4745,0.00379523,395.3531,395.3531,395.3531,395.3531,395.3531,9488.4745,0.00379523,1976.7655,1824.8244,7907.0621,8059.0032,0.00316269,0.00322347,0.00015813,212.5216,219.9480,0.9532,119.0823,2.3972,30121.7335,124.9277,49.0469,238.9093,36.5364,75.9244,374.9013,749.8027,789.266,1183.8989,75.8035,-1.1839,10.395423,15.593133,2.799122,29,215,300,5,0.03207536,0.00395337,0.05088190,0E-8,0.000000,0.912219,0.000000,-0.04848366,2026-03-31,2026-08-01,83,4123,1621,124,0.669355,0.205295,0.230786,0.106918,,,,,,,,GLOBAL_BASELINE_NO_ENTITY_RANKING,,,NOT_APPLICABLE_GLOBAL_BASELINE,HF9g-P5,,,,X 全窗基线 · 不参与实体赏罚,15056476,1506,A168_HF9F_20260827_0900,2026-08-27 09:00:00
2026-07-22,92755421,2224,0,147.8168587022,0E-10,0E-10,0.5000000,2,2,0.49994810000000000,0.499948100000,0.00014679536856514622,0.00014679536856514622,0.00014679536856514622,0E-17,ELIGIBLE,R03b_20260811_FULL_v1,L1_ELIGIBILITY,v2026-08-11,2026-03-21..2026-08-06,baccarat_bet02_101_all_pairs_incl_sentinel,round_win = game_pnl > 0 (decisive only),COMPATIBILITY_ONLY_NOT_PRODUCTION,2500103.8841,2280641.3266,9883.8276,11764,10369,-0.00395337,-0.05088190,-0.00239824,-0.00395337,-9883.8276,2500103.8841,OK,0.0000,395.3531,4.0000,96.0000,AG03-UNRESOLVED,ALL5_LEVELS_bet23_to_bet27,395.3531,395.3531,395.3531,395.3531,395.3531,4.000000,4.000000,4.000000,4.000000,4.000000,96.000000,96.000000,96.000000,96.000000,96.000000,5.0,1976.7655,1824.8244,7907.0621,8059.0032,PENDING_AG03,FALSE,NOT_FOR_ENFORCEMENT,9488.4745,2189415.6736,9883.8276,9488.4745,395.3531,0.00395337,0.00379523,395.3531,9488.4745,0.00379523,395.3531,395.3531,395.3531,395.3531,395.3531,9488.4745,0.00379523,1976.7655,1824.8244,7907.0621,8059.0032,0.00316269,0.00322347,0.00015813,212.5216,219.9480,0.9532,119.0823,2.3972,30121.7335,124.9277,49.0469,238.9093,36.5364,75.9244,374.9013,749.8027,789.266,1183.8989,75.8035,-1.1839,10.395423,15.593133,2.799122,29,215,300,5,0.03207536,0.00395337,0.05088190,0E-8,0.000000,0.912219,0.000000,-0.04848366,2026-03-31,2026-08-01,83,4123,1621,124,0.669355,0.205295,0.230786,0.106918,,,,,,,,GLOBAL_BASELINE_NO_ENTITY_RANKING,,,NOT_APPLICABLE_GLOBAL_BASELINE,HF9g-P5,,,,X 全窗基线 · 不参与实体赏罚,15056477,1506,A168_HF9F_20260827_0900,2026-08-27 09:00:00
2026-07-22,92755421,2233,0,37.9017586416,-37.9017586416,-37.9017586416,0E-7,1,1,0.50665070000000000,0.506650700000,-1.013391052207602,-1.013391052207602,-1.013391052207602,0E-17,ELIGIBLE,R03b_20260811_FULL_v1,L1_ELIGIBILITY,v2026-08-11,2026-03-21..2026-08-06,baccarat_bet02_101_all_pairs_incl_sentinel,round_win = game_pnl > 0 (decisive only),COMPATIBILITY_ONLY_NOT_PRODUCTION,2500103.8841,2280641.3266,9883.8276,11764,10369,-0.00395337,-0.05088190,-0.00239824,-0.00395337,-9883.8276,2500103.8841,OK,0.0000,395.3531,4.0000,96.0000,AG03-UNRESOLVED,ALL5_LEVELS_bet23_to_bet27,395.3531,395.3531,395.3531,395.3531,395.3531,4.000000,4.000000,4.000000,4.000000,4.000000,96.000000,96.000000,96.000000,96.000000,96.000000,5.0,1976.7655,1824.8244,7907.0621,8059.0032,PENDING_AG03,FALSE,NOT_FOR_ENFORCEMENT,9488.4745,2189415.6736,9883.8276,9488.4745,395.3531,0.00395337,0.00379523,395.3531,9488.4745,0.00379523,395.3531,395.3531,395.3531,395.3531,395.3531,9488.4745,0.00379523,1976.7655,1824.8244,7907.0621,8059.0032,0.00316269,0.00322347,0.00015813,212.5216,219.9480,0.9532,119.0823,2.3972,30121.7335,124.9277,49.0469,238.9093,36.5364,75.9244,374.9013,749.8027,789.266,1183.8989,75.8035,-1.1839,10.395423,15.593133,2.799122,29,215,300,5,0.03207536,0.00395337,0.05088190,0E-8,0.000000,0.912219,0.000000,-0.04848366,2026-03-31,2026-08-01,83,4123,1621,124,0.669355,0.205295,0.230786,0.106918,,,,,,,,GLOBAL_BASELINE_NO_ENTITY_RANKING,,,NOT_APPLICABLE_GLOBAL_BASELINE,HF9g-P5,,,,X 全窗基线 · 不参与实体赏罚,15056478,1506,A168_HF9F_20260827_0900,2026-08-27 09:00:00
2026-07-22,92755421,2234,0,37.9017586416,-37.9017586416,-37.9017586416,0E-7,1,1,0.49324550000000000,0.493245500000,-0.9865810262130424,-0.9865810262130424,-0.9865810262130424,0E-17,ELIGIBLE,R03b_20260811_FULL_v1,L1_ELIGIBILITY,v2026-08-11,2026-03-21..2026-08-06,baccarat_bet02_101_all_pairs_incl_sentinel,round_win = game_pnl > 0 (decisive only),COMPATIBILITY_ONLY_NOT_PRODUCTION,2500103.8841,2280641.3266,9883.8276,11764,10369,-0.00395337,-0.05088190,-0.00239824,-0.00395337,-9883.8276,2500103.8841,OK,0.0000,395.3531,4.0000,96.0000,AG03-UNRESOLVED,ALL5_LEVELS_bet23_to_bet27,395.3531,395.3531,395.3531,395.3531,395.3531,4.000000,4.000000,4.000000,4.000000,4.000000,96.000000,96.000000,96.000000,96.000000,96.000000,5.0,1976.7655,1824.8244,7907.0621,8059.0032,PENDING_AG03,FALSE,NOT_FOR_ENFORCEMENT,9488.4745,2189415.6736,9883.8276,9488.4745,395.3531,0.00395337,0.00379523,395.3531,9488.4745,0.00379523,395.3531,395.3531,395.3531,395.3531,395.3531,9488.4745,0.00379523,1976.7655,1824.8244,7907.0621,8059.0032,0.00316269,0.00322347,0.00015813,212.5216,219.9480,0.9532,119.0823,2.3972,30121.7335,124.9277,49.0469,238.9093,36.5364,75.9244,374.9013,749.8027,789.266,1183.8989,75.8035,-1.1839,10.395423,15.593133,2.799122,29,215,300,5,0.03207536,0.00395337,0.05088190,0E-8,0.000000,0.912219,0.000000,-0.04848366,2026-03-31,2026-08-01,83,4123,1621,124,0.669355,0.205295,0.230786,0.106918,,,,,,,,GLOBAL_BASELINE_NO_ENTITY_RANKING,,,NOT_APPLICABLE_GLOBAL_BASELINE,HF9g-P5,,,,X 全窗基线 · 不参与实体赏罚,15056479,1506,A168_HF9F_20260827_0900,2026-08-27 09:00:00
2026-07-22,92755421,2235,0,223.6203759854,-75.8035172832,-75.8035172832,0.3333333,3,3,0.50218230000000000,0.502182300000,-0.5849155494134425,-0.5849155494134426,-0.5849155494134425,0E-17,ELIGIBLE,R03b_20260811_FULL_v1,L1_ELIGIBILITY,v2026-08-11,2026-03-21..2026-08-06,baccarat_bet02_101_all_pairs_incl_sentinel,round_win = game_pnl > 0 (decisive only),COMPATIBILITY_ONLY_NOT_PRODUCTION,2500103.8841,2280641.3266,9883.8276,11764,10369,-0.00395337,-0.05088190,-0.00239824,-0.00395337,-9883.8276,2500103.8841,OK,0.0000,395.3531,4.0000,96.0000,AG03-UNRESOLVED,ALL5_LEVELS_bet23_to_bet27,395.3531,395.3531,395.3531,395.3531,395.3531,4.000000,4.000000,4.000000,4.000000,4.000000,96.000000,96.000000,96.000000,96.000000,96.000000,5.0,1976.7655,1824.8244,7907.0621,8059.0032,PENDING_AG03,FALSE,NOT_FOR_ENFORCEMENT,9488.4745,2189415.6736,9883.8276,9488.4745,395.3531,0.00395337,0.00379523,395.3531,9488.4745,0.00379523,395.3531,395.3531,395.3531,395.3531,395.3531,9488.4745,0.00379523,1976.7655,1824.8244,7907.0621,8059.0032,0.00316269,0.00322347,0.00015813,212.5216,219.9480,0.9532,119.0823,2.3972,30121.7335,124.9277,49.0469,238.9093,36.5364,75.9244,374.9013,749.8027,789.266,1183.8989,75.8035,-1.1839,10.395423,15.593133,2.799122,29,215,300,5,0.03207536,0.00395337,0.05088190,0E-8,0.000000,0.912219,0.000000,-0.04848366,2026-03-31,2026-08-01,83,4123,1621,124,0.669355,0.205295,0.230786,0.106918,,,,,,,,GLOBAL_BASELINE_NO_ENTITY_RANKING,,,NOT_APPLICABLE_GLOBAL_BASELINE,HF9g-P5,,,,X 全窗基线 · 不参与实体赏罚,15056480,1506,A168_HF9F_20260827_0900,2026-08-27 09:00:00
2026-07-22,92755421,2250,0,263.4172225591,37.9017586416,37.9017586416,0.6000000,5,5,0.49592654000000000,0.495926540000,0.46544610904919037,0.46544610904919037,0.46544610904919037,0E-17,ELIGIBLE,R03b_20260811_FULL_v1,L1_ELIGIBILITY,v2026-08-11,2026-03-21..2026-08-06,baccarat_bet02_101_all_pairs_incl_sentinel,round_win = game_pnl > 0 (decisive only),COMPATIBILITY_ONLY_NOT_PRODUCTION,2500103.8841,2280641.3266,9883.8276,11764,10369,-0.00395337,-0.05088190,-0.00239824,-0.00395337,-9883.8276,2500103.8841,OK,0.0000,395.3531,4.0000,96.0000,AG03-UNRESOLVED,ALL5_LEVELS_bet23_to_bet27,395.3531,395.3531,395.3531,395.3531,395.3531,4.000000,4.000000,4.000000,4.000000,4.000000,96.000000,96.000000,96.000000,96.000000,96.000000,5.0,1976.7655,1824.8244,7907.0621,8059.0032,PENDING_AG03,FALSE,NOT_FOR_ENFORCEMENT,9488.4745,2189415.6736,9883.8276,9488.4745,395.3531,0.00395337,0.00379523,395.3531,9488.4745,0.00379523,395.3531,395.3531,395.3531,395.3531,395.3531,9488.4745,0.00379523,1976.7655,1824.8244,7907.0621,8059.0032,0.00316269,0.00322347,0.00015813,212.5216,219.9480,0.9532,119.0823,2.3972,30121.7335,124.9277,49.0469,238.9093,36.5364,75.9244,374.9013,749.8027,789.266,1183.8989,75.8035,-1.1839,10.395423,15.593133,2.799122,29,215,300,5,0.03207536,0.00395337,0.05088190,0E-8,0.000000,0.912219,0.000000,-0.04848366,2026-03-31,2026-08-01,83,4123,1621,124,0.669355,0.205295,0.230786,0.106918,,,,,,,,GLOBAL_BASELINE_NO_ENTITY_RANKING,,,NOT_APPLICABLE_GLOBAL_BASELINE,HF9g-P5,,,,X 全窗基线 · 不参与实体赏罚,15056481,1506,A168_HF9F_20260827_0900,2026-08-27 09:00:00
2026-07-22,92755421,2251,0,357.4135839903,-94.9439053972,-94.9439053972,0.3333333,6,6,0.49994810000000000,0.499948100000,-0.8162423282897021,-0.8162423282897021,-0.8162423282897021,0E-17,ELIGIBLE,R03b_20260811_FULL_v1,L1_ELIGIBILITY,v2026-08-11,2026-03-21..2026-08-06,baccarat_bet02_101_all_pairs_incl_sentinel,round_win = game_pnl > 0 (decisive only),COMPATIBILITY_ONLY_NOT_PRODUCTION,2500103.8841,2280641.3266,9883.8276,11764,10369,-0.00395337,-0.05088190,-0.00239824,-0.00395337,-9883.8276,2500103.8841,OK,0.0000,395.3531,4.0000,96.0000,AG03-UNRESOLVED,ALL5_LEVELS_bet23_to_bet27,395.3531,395.3531,395.3531,395.3531,395.3531,4.000000,4.000000,4.000000,4.000000,4.000000,96.000000,96.000000,96.000000,96.000000,96.000000,5.0,1976.7655,1824.8244,7907.0621,8059.0032,PENDING_AG03,FALSE,NOT_FOR_ENFORCEMENT,9488.4745,2189415.6736,9883.8276,9488.4745,395.3531,0.00395337,0.00379523,395.3531,9488.4745,0.00379523,395.3531,395.3531,395.3531,395.3531,395.3531,9488.4745,0.00379523,1976.7655,1824.8244,7907.0621,8059.0032,0.00316269,0.00322347,0.00015813,212.5216,219.9480,0.9532,119.0823,2.3972,30121.7335,124.9277,49.0469,238.9093,36.5364,75.9244,374.9013,749.8027,789.266,1183.8989,75.8035,-1.1839,10.395423,15.593133,2.799122,29,215,300,5,0.03207536,0.00395337,0.05088190,0E-8,0.000000,0.912219,0.000000,-0.04848366,2026-03-31,2026-08-01,83,4123,1621,124,0.669355,0.205295,0.230786,0.106918,,,,,,,,GLOBAL_BASELINE_NO_ENTITY_RANKING,,,NOT_APPLICABLE_GLOBAL_BASELINE,HF9g-P5,,,,X 全窗基线 · 不参与实体赏罚,15056482,1506,A168_HF9F_20260827_0900,2026-08-27 09:00:00
2026-07-22,92755421,2252,0,111.8101879927,-36.0066707095,-36.0066707095,0.3333333,3,3,0.50218230000000000,0.502182300000,-0.5849155494134425,-0.5849155494134426,-0.5849155494134425,0E-17,ELIGIBLE,R03b_20260811_FULL_v1,L1_ELIGIBILITY,v2026-08-11,2026-03-21..2026-08-06,baccarat_bet02_101_all_pairs_incl_sentinel,round_win = game_pnl > 0 (decisive only),COMPATIBILITY_ONLY_NOT_PRODUCTION,2500103.8841,2280641.3266,9883.8276,11764,10369,-0.00395337,-0.05088190,-0.00239824,-0.00395337,-9883.8276,2500103.8841,OK,0.0000,395.3531,4.0000,96.0000,AG03-UNRESOLVED,ALL5_LEVELS_bet23_to_bet27,395.3531,395.3531,395.3531,395.3531,395.3531,4.000000,4.000000,4.000000,4.000000,4.000000,96.000000,96.000000,96.000000,96.000000,96.000000,5.0,1976.7655,1824.8244,7907.0621,8059.0032,PENDING_AG03,FALSE,NOT_FOR_ENFORCEMENT,9488.4745,2189415.6736,9883.8276,9488.4745,395.3531,0.00395337,0.00379523,395.3531,9488.4745,0.00379523,395.3531,395.3531,395.3531,395.3531,395.3531,9488.4745,0.00379523,1976.7655,1824.8244,7907.0621,8059.0032,0.00316269,0.00322347,0.00015813,212.5216,219.9480,0.9532,119.0823,2.3972,30121.7335,124.9277,49.0469,238.9093,36.5364,75.9244,374.9013,749.8027,789.266,1183.8989,75.8035,-1.1839,10.395423,15.593133,2.799122,29,215,300,5,0.03207536,0.00395337,0.05088190,0E-8,0.000000,0.912219,0.000000,-0.04848366,2026-03-31,2026-08-01,83,4123,1621,124,0.669355,0.205295,0.230786,0.106918,,,,,,,,GLOBAL_BASELINE_NO_ENTITY_RANKING,,,NOT_APPLICABLE_GLOBAL_BASELINE,HF9g-P5,,,,X 全窗基线 · 不参与实体赏罚,15056483,1506,A168_HF9F_20260827_0900,2026-08-27 09:00:00
2026-07-22,92755421,2258,0,75.8035172832,-75.8035172832,-75.8035172832,0E-7,1,1,0.50665070000000000,0.506650700000,-1.013391052207602,-1.013391052207602,-1.013391052207602,0E-17,ELIGIBLE,R03b_20260811_FULL_v1,L1_ELIGIBILITY,v2026-08-11,2026-03-21..2026-08-06,baccarat_bet02_101_all_pairs_incl_sentinel,round_win = game_pnl > 0 (decisive only),COMPATIBILITY_ONLY_NOT_PRODUCTION,2500103.8841,2280641.3266,9883.8276,11764,10369,-0.00395337,-0.05088190,-0.00239824,-0.00395337,-9883.8276,2500103.8841,OK,0.0000,395.3531,4.0000,96.0000,AG03-UNRESOLVED,ALL5_LEVELS_bet23_to_bet27,395.3531,395.3531,395.3531,395.3531,395.3531,4.000000,4.000000,4.000000,4.000000,4.000000,96.000000,96.000000,96.000000,96.000000,96.000000,5.0,1976.7655,1824.8244,7907.0621,8059.0032,PENDING_AG03,FALSE,NOT_FOR_ENFORCEMENT,9488.4745,2189415.6736,9883.8276,9488.4745,395.3531,0.00395337,0.00379523,395.3531,9488.4745,0.00379523,395.3531,395.3531,395.3531,395.3531,395.3531,9488.4745,0.00379523,1976.7655,1824.8244,7907.0621,8059.0032,0.00316269,0.00322347,0.00015813,212.5216,219.9480,0.9532,119.0823,2.3972,30121.7335,124.9277,49.0469,238.9093,36.5364,75.9244,374.9013,749.8027,789.266,1183.8989,75.8035,-1.1839,10.395423,15.593133,2.799122,29,215,300,5,0.03207536,0.00395337,0.05088190,0E-8,0.000000,0.912219,0.000000,-0.04848366,2026-03-31,2026-08-01,83,4123,1621,124,0.669355,0.205295,0.230786,0.106918,,,,,,,,GLOBAL_BASELINE_NO_ENTITY_RANKING,,,NOT_APPLICABLE_GLOBAL_BASELINE,HF9g-P5,,,,X 全窗基线 · 不参与实体赏罚,15056484,1506,A168_HF9F_20260827_0900,2026-08-27 09:00:00
2026-07-22,92755421,2261,0,75.8035172832,-75.8035172832,-75.8035172832,0E-7,1,1,0.49324550000000000,0.493245500000,-0.9865810262130424,-0.9865810262130424,-0.9865810262130424,0E-17,ELIGIBLE,R03b_20260811_FULL_v1,L1_ELIGIBILITY,v2026-08-11,2026-03-21..2026-08-06,baccarat_bet02_101_all_pairs_incl_sentinel,round_win = game_pnl > 0 (decisive only),COMPATIBILITY_ONLY_NOT_PRODUCTION,2500103.8841,2280641.3266,9883.8276,11764,10369,-0.00395337,-0.05088190,-0.00239824,-0.00395337,-9883.8276,2500103.8841,OK,0.0000,395.3531,4.0000,96.0000,AG03-UNRESOLVED,ALL5_LEVELS_bet23_to_bet27,395.3531,395.3531,395.3531,395.3531,395.3531,4.000000,4.000000,4.000000,4.000000,4.000000,96.000000,96.000000,96.000000,96.000000,96.000000,5.0,1976.7655,1824.8244,7907.0621,8059.0032,PENDING_AG03,FALSE,NOT_FOR_ENFORCEMENT,9488.4745,2189415.6736,9883.8276,9488.4745,395.3531,0.00395337,0.00379523,395.3531,9488.4745,0.00379523,395.3531,395.3531,395.3531,395.3531,395.3531,9488.4745,0.00379523,1976.7655,1824.8244,7907.0621,8059.0032,0.00316269,0.00322347,0.00015813,212.5216,219.9480,0.9532,119.0823,2.3972,30121.7335,124.9277,49.0469,238.9093,36.5364,75.9244,374.9013,749.8027,789.266,1183.8989,75.8035,-1.1839,10.395423,15.593133,2.799122,29,215,300,5,0.03207536,0.00395337,0.05088190,0E-8,0.000000,0.912219,0.000000,-0.04848366,2026-03-31,2026-08-01,83,4123,1621,124,0.669355,0.205295,0.230786,0.106918,,,,,,,,GLOBAL_BASELINE_NO_ENTITY_RANKING,,,NOT_APPLICABLE_GLOBAL_BASELINE,HF9g-P5,,,,X 全窗基线 · 不参与实体赏罚,15056485,1506,A168_HF9F_20260827_0900,2026-08-27 09:00:00
2026-07-22,92755421,2267,0,37.9017586416,-37.9017586416,-37.9017586416,0E-7,1,1,0.49324550000000000,0.493245500000,-0.9865810262130424,-0.9865810262130424,-0.9865810262130424,0E-17,ELIGIBLE,R03b_20260811_FULL_v1,L1_ELIGIBILITY,v2026-08-11,2026-03-21..2026-08-06,baccarat_bet02_101_all_pairs_incl_sentinel,round_win = game_pnl > 0 (decisive only),COMPATIBILITY_ONLY_NOT_PRODUCTION,2500103.8841,2280641.3266,9883.8276,11764,10369,-0.00395337,-0.05088190,-0.00239824,-0.00395337,-9883.8276,2500103.8841,OK,0.0000,395.3531,4.0000,96.0000,AG03-UNRESOLVED,ALL5_LEVELS_bet23_to_bet27,395.3531,395.3531,395.3531,395.3531,395.3531,4.000000,4.000000,4.000000,4.000000,4.000000,96.000000,96.000000,96.000000,96.000000,96.000000,5.0,1976.7655,1824.8244,7907.0621,8059.0032,PENDING_AG03,FALSE,NOT_FOR_ENFORCEMENT,9488.4745,2189415.6736,9883.8276,9488.4745,395.3531,0.00395337,0.00379523,395.3531,9488.4745,0.00379523,395.3531,395.3531,395.3531,395.3531,395.3531,9488.4745,0.00379523,1976.7655,1824.8244,7907.0621,8059.0032,0.00316269,0.00322347,0.00015813,212.5216,219.9480,0.9532,119.0823,2.3972,30121.7335,124.9277,49.0469,238.9093,36.5364,75.9244,374.9013,749.8027,789.266,1183.8989,75.8035,-1.1839,10.395423,15.593133,2.799122,29,215,300,5,0.03207536,0.00395337,0.05088190,0E-8,0.000000,0.912219,0.000000,-0.04848366,2026-03-31,2026-08-01,83,4123,1621,124,0.669355,0.205295,0.230786,0.106918,,,,,,,,GLOBAL_BASELINE_NO_ENTITY_RANKING,,,NOT_APPLICABLE_GLOBAL_BASELINE,HF9g-P5,,,,X 全窗基线 · 不参与实体赏罚,15056486,1506,A168_HF9F_20260827_0900,2026-08-27 09:00:00
2026-07-22,92755421,2280,0,225.8944815039,-159.3768950879,-159.3768950879,0.2500000,5,4,0.49658604245281905,0.443998075000,-0.9863671625071937,-0.78090593763564,-0.9863671625071937,0.05258796745281905,ELIGIBLE,R03b_20260811_FULL_v1,L1_ELIGIBILITY,v2026-08-11,2026-03-21..2026-08-06,baccarat_bet02_101_all_pairs_incl_sentinel,round_win = game_pnl > 0 (decisive only),COMPATIBILITY_ONLY_NOT_PRODUCTION,2500103.8841,2280641.3266,9883.8276,11764,10369,-0.00395337,-0.05088190,-0.00239824,-0.00395337,-9883.8276,2500103.8841,OK,0.0000,395.3531,4.0000,96.0000,AG03-UNRESOLVED,ALL5_LEVELS_bet23_to_bet27,395.3531,395.3531,395.3531,395.3531,395.3531,4.000000,4.000000,4.000000,4.000000,4.000000,96.000000,96.000000,96.000000,96.000000,96.000000,5.0,1976.7655,1824.8244,7907.0621,8059.0032,PENDING_AG03,FALSE,NOT_FOR_ENFORCEMENT,9488.4745,2189415.6736,9883.8276,9488.4745,395.3531,0.00395337,0.00379523,395.3531,9488.4745,0.00379523,395.3531,395.3531,395.3531,395.3531,395.3531,9488.4745,0.00379523,1976.7655,1824.8244,7907.0621,8059.0032,0.00316269,0.00322347,0.00015813,212.5216,219.9480,0.9532,119.0823,2.3972,30121.7335,124.9277,49.0469,238.9093,36.5364,75.9244,374.9013,749.8027,789.266,1183.8989,75.8035,-1.1839,10.395423,15.593133,2.799122,29,215,300,5,0.03207536,0.00395337,0.05088190,0E-8,0.000000,0.912219,0.000000,-0.04848366,2026-03-31,2026-08-01,83,4123,1621,124,0.669355,0.205295,0.230786,0.106918,,,,,,,,GLOBAL_BASELINE_NO_ENTITY_RANKING,,,NOT_APPLICABLE_GLOBAL_BASELINE,HF9g-P5,,,,X 全窗基线 · 不参与实体赏罚,15056487,1506,A168_HF9F_20260827_0900,2026-08-27 09:00:00
2026-07-22,92755421,2289,0,265.3123104912,-37.9017586416,-37.9017586416,0.4000000,5,5,0.49324550000000000,0.493245500000,-0.4170446088060018,-0.4170446088060018,-0.4170446088060018,0E-17,ELIGIBLE,R03b_20260811_FULL_v1,L1_ELIGIBILITY,v2026-08-11,2026-03-21..2026-08-06,baccarat_bet02_101_all_pairs_incl_sentinel,round_win = game_pnl > 0 (decisive only),COMPATIBILITY_ONLY_NOT_PRODUCTION,2500103.8841,2280641.3266,9883.8276,11764,10369,-0.00395337,-0.05088190,-0.00239824,-0.00395337,-9883.8276,2500103.8841,OK,0.0000,395.3531,4.0000,96.0000,AG03-UNRESOLVED,ALL5_LEVELS_bet23_to_bet27,395.3531,395.3531,395.3531,395.3531,395.3531,4.000000,4.000000,4.000000,4.000000,4.000000,96.000000,96.000000,96.000000,96.000000,96.000000,5.0,1976.7655,1824.8244,7907.0621,8059.0032,PENDING_AG03,FALSE,NOT_FOR_ENFORCEMENT,9488.4745,2189415.6736,9883.8276,9488.4745,395.3531,0.00395337,0.00379523,395.3531,9488.4745,0.00379523,395.3531,395.3531,395.3531,395.3531,395.3531,9488.4745,0.00379523,1976.7655,1824.8244,7907.0621,8059.0032,0.00316269,0.00322347,0.00015813,212.5216,219.9480,0.9532,119.0823,2.3972,30121.7335,124.9277,49.0469,238.9093,36.5364,75.9244,374.9013,749.8027,789.266,1183.8989,75.8035,-1.1839,10.395423,15.593133,2.799122,29,215,300,5,0.03207536,0.00395337,0.05088190,0E-8,0.000000,0.912219,0.000000,-0.04848366,2026-03-31,2026-08-01,83,4123,1621,124,0.669355,0.205295,0.230786,0.106918,,,,,,,,GLOBAL_BASELINE_NO_ENTITY_RANKING,,,NOT_APPLICABLE_GLOBAL_BASELINE,HF9g-P5,,,,X 全窗基线 · 不参与实体赏罚,15056488,1506,A168_HF9F_20260827_0900,2026-08-27 09:00:00
2026-07-22,92755421,462,0,282.3681018798,273.2716798059,273.2716798059,1.0000000,5,5,0.50128862000000000,0.501288620000,2.2303125007307085,2.2303125007307085,2.2303125007307085,0E-17,ELIGIBLE,R03b_20260811_FULL_v1,L1_ELIGIBILITY,v2026-08-11,2026-03-21..2026-08-06,baccarat_bet02_101_all_pairs_incl_sentinel,round_win = game_pnl > 0 (decisive only),COMPATIBILITY_ONLY_NOT_PRODUCTION,2500103.8841,2280641.3266,9883.8276,11764,10369,-0.00395337,-0.05088190,-0.00239824,-0.00395337,-9883.8276,2500103.8841,OK,0.0000,395.3531,4.0000,96.0000,AG03-UNRESOLVED,ALL5_LEVELS_bet23_to_bet27,395.3531,395.3531,395.3531,395.3531,395.3531,4.000000,4.000000,4.000000,4.000000,4.000000,96.000000,96.000000,96.000000,96.000000,96.000000,5.0,1976.7655,1824.8244,7907.0621,8059.0032,PENDING_AG03,FALSE,NOT_FOR_ENFORCEMENT,9488.4745,2189415.6736,9883.8276,9488.4745,395.3531,0.00395337,0.00379523,395.3531,9488.4745,0.00379523,395.3531,395.3531,395.3531,395.3531,395.3531,9488.4745,0.00379523,1976.7655,1824.8244,7907.0621,8059.0032,0.00316269,0.00322347,0.00015813,212.5216,219.9480,0.9532,119.0823,2.3972,30121.7335,124.9277,49.0469,238.9093,36.5364,75.9244,374.9013,749.8027,789.266,1183.8989,75.8035,-1.1839,10.395423,15.593133,2.799122,29,215,300,5,0.03207536,0.00395337,0.05088190,0E-8,0.000000,0.912219,0.000000,-0.04848366,2026-03-31,2026-08-01,83,4123,1621,124,0.669355,0.205295,0.230786,0.106918,,,,,,,,GLOBAL_BASELINE_NO_ENTITY_RANKING,,,NOT_APPLICABLE_GLOBAL_BASELINE,HF9g-P5,,,,X 全窗基线 · 不参与实体赏罚,15056489,1506,A168_HF9F_20260827_0900,2026-08-27 09:00:00
2026-07-22,92755421,526,0,147.8168587022,0E-10,0E-10,0.5000000,2,2,0.50665070000000000,0.506650700000,-0.018812684590367487,-0.018812684590367487,-0.018812684590367487,0E-17,ELIGIBLE,R03b_20260811_FULL_v1,L1_ELIGIBILITY,v2026-08-11,2026-03-21..2026-08-06,baccarat_bet02_101_all_pairs_incl_sentinel,round_win = game_pnl > 0 (decisive only),COMPATIBILITY_ONLY_NOT_PRODUCTION,2500103.8841,2280641.3266,9883.8276,11764,10369,-0.00395337,-0.05088190,-0.00239824,-0.00395337,-9883.8276,2500103.8841,OK,0.0000,395.3531,4.0000,96.0000,AG03-UNRESOLVED,ALL5_LEVELS_bet23_to_bet27,395.3531,395.3531,395.3531,395.3531,395.3531,4.000000,4.000000,4.000000,4.000000,4.000000,96.000000,96.000000,96.000000,96.000000,96.000000,5.0,1976.7655,1824.8244,7907.0621,8059.0032,PENDING_AG03,FALSE,NOT_FOR_ENFORCEMENT,9488.4745,2189415.6736,9883.8276,9488.4745,395.3531,0.00395337,0.00379523,395.3531,9488.4745,0.00379523,395.3531,395.3531,395.3531,395.3531,395.3531,9488.4745,0.00379523,1976.7655,1824.8244,7907.0621,8059.0032,0.00316269,0.00322347,0.00015813,212.5216,219.9480,0.9532,119.0823,2.3972,30121.7335,124.9277,49.0469,238.9093,36.5364,75.9244,374.9013,749.8027,789.266,1183.8989,75.8035,-1.1839,10.395423,15.593133,2.799122,29,215,300,5,0.03207536,0.00395337,0.05088190,0E-8,0.000000,0.912219,0.000000,-0.04848366,2026-03-31,2026-08-01,83,4123,1621,124,0.669355,0.205295,0.230786,0.106918,,,,,,,,GLOBAL_BASELINE_NO_ENTITY_RANKING,,,NOT_APPLICABLE_GLOBAL_BASELINE,HF9g-P5,,,,X 全窗基线 · 不参与实体赏罚,15056490,1506,A168_HF9F_20260827_0900,2026-08-27 09:00:00
2026-07-22,92755421,550,0,151.6070345664,-3.7901758642,-3.7901758642,0.5000000,2,2,0.49994810000000000,0.499948100000,0.00014679536856514622,0.00014679536856514622,0.00014679536856514622,0E-17,ELIGIBLE,R03b_20260811_FULL_v1,L1_ELIGIBILITY,v2026-08-11,2026-03-21..2026-08-06,baccarat_bet02_101_all_pairs_incl_sentinel,round_win = game_pnl > 0 (decisive only),COMPATIBILITY_ONLY_NOT_PRODUCTION,2500103.8841,2280641.3266,9883.8276,11764,10369,-0.00395337,-0.05088190,-0.00239824,-0.00395337,-9883.8276,2500103.8841,OK,0.0000,395.3531,4.0000,96.0000,AG03-UNRESOLVED,ALL5_LEVELS_bet23_to_bet27,395.3531,395.3531,395.3531,395.3531,395.3531,4.000000,4.000000,4.000000,4.000000,4.000000,96.000000,96.000000,96.000000,96.000000,96.000000,5.0,1976.7655,1824.8244,7907.0621,8059.0032,PENDING_AG03,FALSE,NOT_FOR_ENFORCEMENT,9488.4745,2189415.6736,9883.8276,9488.4745,395.3531,0.00395337,0.00379523,395.3531,9488.4745,0.00379523,395.3531,395.3531,395.3531,395.3531,395.3531,9488.4745,0.00379523,1976.7655,1824.8244,7907.0621,8059.0032,0.00316269,0.00322347,0.00015813,212.5216,219.9480,0.9532,119.0823,2.3972,30121.7335,124.9277,49.0469,238.9093,36.5364,75.9244,374.9013,749.8027,789.266,1183.8989,75.8035,-1.1839,10.395423,15.593133,2.799122,29,215,300,5,0.03207536,0.00395337,0.05088190,0E-8,0.000000,0.912219,0.000000,-0.04848366,2026-03-31,2026-08-01,83,4123,1621,124,0.669355,0.205295,0.230786,0.106918,,,,,,,,GLOBAL_BASELINE_NO_ENTITY_RANKING,,,NOT_APPLICABLE_GLOBAL_BASELINE,HF9g-P5,,,,X 全窗基线 · 不参与实体赏罚,15056491,1506,A168_HF9F_20260827_0900,2026-08-27 09:00:00
2026-07-22,92755421,925,0,724.6816252273,477.1831412975,477.1831412975,0.8888889,13,10,0.49340132505010526,0.426775730000,2.373132056289945,2.802898997682069,2.373132056289945,0.06662559505010526,ELIGIBLE,R03b_20260811_FULL_v1,L1_ELIGIBILITY,v2026-08-11,2026-03-21..2026-08-06,baccarat_bet02_101_all_pairs_incl_sentinel,round_win = game_pnl > 0 (decisive only),COMPATIBILITY_ONLY_NOT_PRODUCTION,2500103.8841,2280641.3266,9883.8276,11764,10369,-0.00395337,-0.05088190,-0.00239824,-0.00395337,-9883.8276,2500103.8841,OK,0.0000,395.3531,4.0000,96.0000,AG03-UNRESOLVED,ALL5_LEVELS_bet23_to_bet27,395.3531,395.3531,395.3531,395.3531,395.3531,4.000000,4.000000,4.000000,4.000000,4.000000,96.000000,96.000000,96.000000,96.000000,96.000000,5.0,1976.7655,1824.8244,7907.0621,8059.0032,PENDING_AG03,FALSE,NOT_FOR_ENFORCEMENT,9488.4745,2189415.6736,9883.8276,9488.4745,395.3531,0.00395337,0.00379523,395.3531,9488.4745,0.00379523,395.3531,395.3531,395.3531,395.3531,395.3531,9488.4745,0.00379523,1976.7655,1824.8244,7907.0621,8059.0032,0.00316269,0.00322347,0.00015813,212.5216,219.9480,0.9532,119.0823,2.3972,30121.7335,124.9277,49.0469,238.9093,36.5364,75.9244,374.9013,749.8027,789.266,1183.8989,75.8035,-1.1839,10.395423,15.593133,2.799122,29,215,300,5,0.03207536,0.00395337,0.05088190,0E-8,0.000000,0.912219,0.000000,-0.04848366,2026-03-31,2026-08-01,83,4123,1621,124,0.669355,0.205295,0.230786,0.106918,,,,,,,,GLOBAL_BASELINE_NO_ENTITY_RANKING,,,NOT_APPLICABLE_GLOBAL_BASELINE,HF9g-P5,,,,X 全窗基线 · 不参与实体赏罚,15056492,1506,A168_HF9F_20260827_0900,2026-08-27 09:00:00
2026-07-22,92755421,948,0,727.7137659186,189.6983020011,189.6983020011,0.6250000,11,11,0.49812011818181818,0.498120118182,0.7177460716217712,0.7177460716207416,0.7177460716217712,-1.8182E-13,ELIGIBLE,R03b_20260811_FULL_v1,L1_ELIGIBILITY,v2026-08-11,2026-03-21..2026-08-06,baccarat_bet02_101_all_pairs_incl_sentinel,round_win = game_pnl > 0 (decisive only),COMPATIBILITY_ONLY_NOT_PRODUCTION,2500103.8841,2280641.3266,9883.8276,11764,10369,-0.00395337,-0.05088190,-0.00239824,-0.00395337,-9883.8276,2500103.8841,OK,0.0000,395.3531,4.0000,96.0000,AG03-UNRESOLVED,ALL5_LEVELS_bet23_to_bet27,395.3531,395.3531,395.3531,395.3531,395.3531,4.000000,4.000000,4.000000,4.000000,4.000000,96.000000,96.000000,96.000000,96.000000,96.000000,5.0,1976.7655,1824.8244,7907.0621,8059.0032,PENDING_AG03,FALSE,NOT_FOR_ENFORCEMENT,9488.4745,2189415.6736,9883.8276,9488.4745,395.3531,0.00395337,0.00379523,395.3531,9488.4745,0.00379523,395.3531,395.3531,395.3531,395.3531,395.3531,9488.4745,0.00379523,1976.7655,1824.8244,7907.0621,8059.0032,0.00316269,0.00322347,0.00015813,212.5216,219.9480,0.9532,119.0823,2.3972,30121.7335,124.9277,49.0469,238.9093,36.5364,75.9244,374.9013,749.8027,789.266,1183.8989,75.8035,-1.1839,10.395423,15.593133,2.799122,29,215,300,5,0.03207536,0.00395337,0.05088190,0E-8,0.000000,0.912219,0.000000,-0.04848366,2026-03-31,2026-08-01,83,4123,1621,124,0.669355,0.205295,0.230786,0.106918,,,,,,,,GLOBAL_BASELINE_NO_ENTITY_RANKING,,,NOT_APPLICABLE_GLOBAL_BASELINE,HF9g-P5,,,,X 全窗基线 · 不参与实体赏罚,15056493,1506,A168_HF9F_20260827_0900,2026-08-27 09:00:00
2026-07-22,92755421,986,0,272.8926622195,151.9860521527,151.9860521527,0.7500000,4,4,0.49994810000000000,0.499948100000,1.0002076053883384,1.0002076053883384,1.0002076053883384,0E-17,ELIGIBLE,R03b_20260811_FULL_v1,L1_ELIGIBILITY,v2026-08-11,2026-03-21..2026-08-06,baccarat_bet02_101_all_pairs_incl_sentinel,round_win = game_pnl > 0 (decisive only),COMPATIBILITY_ONLY_NOT_PRODUCTION,2500103.8841,2280641.3266,9883.8276,11764,10369,-0.00395337,-0.05088190,-0.00239824,-0.00395337,-9883.8276,2500103.8841,OK,0.0000,395.3531,4.0000,96.0000,AG03-UNRESOLVED,ALL5_LEVELS_bet23_to_bet27,395.3531,395.3531,395.3531,395.3531,395.3531,4.000000,4.000000,4.000000,4.000000,4.000000,96.000000,96.000000,96.000000,96.000000,96.000000,5.0,1976.7655,1824.8244,7907.0621,8059.0032,PENDING_AG03,FALSE,NOT_FOR_ENFORCEMENT,9488.4745,2189415.6736,9883.8276,9488.4745,395.3531,0.00395337,0.00379523,395.3531,9488.4745,0.00379523,395.3531,395.3531,395.3531,395.3531,395.3531,9488.4745,0.00379523,1976.7655,1824.8244,7907.0621,8059.0032,0.00316269,0.00322347,0.00015813,212.5216,219.9480,0.9532,119.0823,2.3972,30121.7335,124.9277,49.0469,238.9093,36.5364,75.9244,374.9013,749.8027,789.266,1183.8989,75.8035,-1.1839,10.395423,15.593133,2.799122,29,215,300,5,0.03207536,0.00395337,0.05088190,0E-8,0.000000,0.912219,0.000000,-0.04848366,2026-03-31,2026-08-01,83,4123,1621,124,0.669355,0.205295,0.230786,0.106918,,,,,,,,GLOBAL_BASELINE_NO_ENTITY_RANKING,,,NOT_APPLICABLE_GLOBAL_BASELINE,HF9g-P5,,,,X 全窗基线 · 不参与实体赏罚,15056494,1506,A168_HF9F_20260827_0900,2026-08-27 09:00:00
2026-07-23,92755421,-1,1,8242.1164342016,-364.4443602193,-364.4443602193,0.4529915,140,133,0.49923492623151984,0.488219542857,-1.0004004546808778,-0.7623117214298997,-1.0004004546808778,0.01101538337451984,SENTINEL_DEALER,R03b_20260811_FULL_v1,L1_ELIGIBILITY,v2026-08-11,2026-03-21..2026-08-06,baccarat_bet02_101_all_pairs_incl_sentinel,round_win = game_pnl > 0 (decisive only),COMPATIBILITY_ONLY_NOT_PRODUCTION,2500103.8841,2280641.3266,9883.8276,11764,10369,-0.00395337,-0.05088190,-0.00239824,-0.00395337,-9883.8276,2500103.8841,OK,0.0000,395.3531,4.0000,96.0000,AG03-UNRESOLVED,ALL5_LEVELS_bet23_to_bet27,395.3531,395.3531,395.3531,395.3531,395.3531,4.000000,4.000000,4.000000,4.000000,4.000000,96.000000,96.000000,96.000000,96.000000,96.000000,5.0,1976.7655,1824.8244,7907.0621,8059.0032,PENDING_AG03,FALSE,NOT_FOR_ENFORCEMENT,9488.4745,2189415.6736,9883.8276,9488.4745,395.3531,0.00395337,0.00379523,395.3531,9488.4745,0.00379523,395.3531,395.3531,395.3531,395.3531,395.3531,9488.4745,0.00379523,1976.7655,1824.8244,7907.0621,8059.0032,0.00316269,0.00322347,0.00015813,212.5216,219.9480,0.9532,119.0823,2.3972,30121.7335,124.9277,49.0469,238.9093,36.5364,75.9244,374.9013,749.8027,789.266,1183.8989,75.8035,-1.1839,10.395423,15.593133,2.799122,29,215,300,5,0.03207536,0.00395337,0.05088190,0E-8,0.000000,0.912219,0.000000,-0.04848366,2026-03-31,2026-08-01,83,4123,1621,124,0.669355,0.205295,0.230786,0.106918,,,,,,,,GLOBAL_BASELINE_NO_ENTITY_RANKING,,,NOT_APPLICABLE_GLOBAL_BASELINE,HF9g-P5,,,,X 全窗基线 · 不参与实体赏罚,15056495,1506,A168_HF9F_20260827_0900,2026-08-27 09:00:00
2026-07-23,92755421,1017,0,151.6070345664,-151.6070345664,-151.6070345664,0E-7,2,2,0.50665070000000000,0.506650700000,-1.4331513700195317,-1.4331513700195317,-1.4331513700195317,0E-17,ELIGIBLE,R03b_20260811_FULL_v1,L1_ELIGIBILITY,v2026-08-11,2026-03-21..2026-08-06,baccarat_bet02_101_all_pairs_incl_sentinel,round_win = game_pnl > 0 (decisive only),COMPATIBILITY_ONLY_NOT_PRODUCTION,2500103.8841,2280641.3266,9883.8276,11764,10369,-0.00395337,-0.05088190,-0.00239824,-0.00395337,-9883.8276,2500103.8841,OK,0.0000,395.3531,4.0000,96.0000,AG03-UNRESOLVED,ALL5_LEVELS_bet23_to_bet27,395.3531,395.3531,395.3531,395.3531,395.3531,4.000000,4.000000,4.000000,4.000000,4.000000,96.000000,96.000000,96.000000,96.000000,96.000000,5.0,1976.7655,1824.8244,7907.0621,8059.0032,PENDING_AG03,FALSE,NOT_FOR_ENFORCEMENT,9488.4745,2189415.6736,9883.8276,9488.4745,395.3531,0.00395337,0.00379523,395.3531,9488.4745,0.00379523,395.3531,395.3531,395.3531,395.3531,395.3531,9488.4745,0.00379523,1976.7655,1824.8244,7907.0621,8059.0032,0.00316269,0.00322347,0.00015813,212.5216,219.9480,0.9532,119.0823,2.3972,30121.7335,124.9277,49.0469,238.9093,36.5364,75.9244,374.9013,749.8027,789.266,1183.8989,75.8035,-1.1839,10.395423,15.593133,2.799122,29,215,300,5,0.03207536,0.00395337,0.05088190,0E-8,0.000000,0.912219,0.000000,-0.04848366,2026-03-31,2026-08-01,83,4123,1621,124,0.669355,0.205295,0.230786,0.106918,,,,,,,,GLOBAL_BASELINE_NO_ENTITY_RANKING,,,NOT_APPLICABLE_GLOBAL_BASELINE,HF9g-P5,,,,X 全窗基线 · 不参与实体赏罚,15056496,1506,A168_HF9F_20260827_0900,2026-08-27 09:00:00
2026-07-23,92755421,1094,0,227.4105518496,-75.8035172832,-75.8035172832,0.3333333,3,3,0.49771390000000000,0.497713900000,-0.5694369385616226,-0.5694369385616226,-0.5694369385616226,0E-17,ELIGIBLE,R03b_20260811_FULL_v1,L1_ELIGIBILITY,v2026-08-11,2026-03-21..2026-08-06,baccarat_bet02_101_all_pairs_incl_sentinel,round_win = game_pnl > 0 (decisive only),COMPATIBILITY_ONLY_NOT_PRODUCTION,2500103.8841,2280641.3266,9883.8276,11764,10369,-0.00395337,-0.05088190,-0.00239824,-0.00395337,-9883.8276,2500103.8841,OK,0.0000,395.3531,4.0000,96.0000,AG03-UNRESOLVED,ALL5_LEVELS_bet23_to_bet27,395.3531,395.3531,395.3531,395.3531,395.3531,4.000000,4.000000,4.000000,4.000000,4.000000,96.000000,96.000000,96.000000,96.000000,96.000000,5.0,1976.7655,1824.8244,7907.0621,8059.0032,PENDING_AG03,FALSE,NOT_FOR_ENFORCEMENT,9488.4745,2189415.6736,9883.8276,9488.4745,395.3531,0.00395337,0.00379523,395.3531,9488.4745,0.00379523,395.3531,395.3531,395.3531,395.3531,395.3531,9488.4745,0.00379523,1976.7655,1824.8244,7907.0621,8059.0032,0.00316269,0.00322347,0.00015813,212.5216,219.9480,0.9532,119.0823,2.3972,30121.7335,124.9277,49.0469,238.9093,36.5364,75.9244,374.9013,749.8027,789.266,1183.8989,75.8035,-1.1839,10.395423,15.593133,2.799122,29,215,300,5,0.03207536,0.00395337,0.05088190,0E-8,0.000000,0.912219,0.000000,-0.04848366,2026-03-31,2026-08-01,83,4123,1621,124,0.669355,0.205295,0.230786,0.106918,,,,,,,,GLOBAL_BASELINE_NO_ENTITY_RANKING,,,NOT_APPLICABLE_GLOBAL_BASELINE,HF9g-P5,,,,X 全窗基线 · 不参与实体赏罚,15056497,1506,A168_HF9F_20260827_0900,2026-08-27 09:00:00
2026-07-23,92755421,1115,0,706.4887810795,232.0345664038,232.0345664038,0.7272727,14,13,0.49975708608056861,0.483248292308,1.5091682096465429,1.6195842106373457,1.5091682096465429,0.01650879377256861,ELIGIBLE,R03b_20260811_FULL_v1,L1_ELIGIBILITY,v2026-08-11,2026-03-21..2026-08-06,baccarat_bet02_101_all_pairs_incl_sentinel,round_win = game_pnl > 0 (decisive only),COMPATIBILITY_ONLY_NOT_PRODUCTION,2500103.8841,2280641.3266,9883.8276,11764,10369,-0.00395337,-0.05088190,-0.00239824,-0.00395337,-9883.8276,2500103.8841,OK,0.0000,395.3531,4.0000,96.0000,AG03-UNRESOLVED,ALL5_LEVELS_bet23_to_bet27,395.3531,395.3531,395.3531,395.3531,395.3531,4.000000,4.000000,4.000000,4.000000,4.000000,96.000000,96.000000,96.000000,96.000000,96.000000,5.0,1976.7655,1824.8244,7907.0621,8059.0032,PENDING_AG03,FALSE,NOT_FOR_ENFORCEMENT,9488.4745,2189415.6736,9883.8276,9488.4745,395.3531,0.00395337,0.00379523,395.3531,9488.4745,0.00379523,395.3531,395.3531,395.3531,395.3531,395.3531,9488.4745,0.00379523,1976.7655,1824.8244,7907.0621,8059.0032,0.00316269,0.00322347,0.00015813,212.5216,219.9480,0.9532,119.0823,2.3972,30121.7335,124.9277,49.0469,238.9093,36.5364,75.9244,374.9013,749.8027,789.266,1183.8989,75.8035,-1.1839,10.395423,15.593133,2.799122,29,215,300,5,0.03207536,0.00395337,0.05088190,0E-8,0.000000,0.912219,0.000000,-0.04848366,2026-03-31,2026-08-01,83,4123,1621,124,0.669355,0.205295,0.230786,0.106918,,,,,,,,GLOBAL_BASELINE_NO_ENTITY_RANKING,,,NOT_APPLICABLE_GLOBAL_BASELINE,HF9g-P5,,,,X 全窗基线 · 不参与实体赏罚,15056498,1506,A168_HF9F_20260827_0900,2026-08-27 09:00:00
2026-07-23,92755421,1157,0,113.7052759248,-75.8035172832,-75.8035172832,0E-7,3,3,0.49324550000000000,0.493245500000,-1.3952362676504506,-1.3952362676504506,-1.3952362676504506,0E-17,ELIGIBLE,R03b_20260811_FULL_v1,L1_ELIGIBILITY,v2026-08-11,2026-03-21..2026-08-06,baccarat_bet02_101_all_pairs_incl_sentinel,round_win = game_pnl > 0 (decisive only),COMPATIBILITY_ONLY_NOT_PRODUCTION,2500103.8841,2280641.3266,9883.8276,11764,10369,-0.00395337,-0.05088190,-0.00239824,-0.00395337,-9883.8276,2500103.8841,OK,0.0000,395.3531,4.0000,96.0000,AG03-UNRESOLVED,ALL5_LEVELS_bet23_to_bet27,395.3531,395.3531,395.3531,395.3531,395.3531,4.000000,4.000000,4.000000,4.000000,4.000000,96.000000,96.000000,96.000000,96.000000,96.000000,5.0,1976.7655,1824.8244,7907.0621,8059.0032,PENDING_AG03,FALSE,NOT_FOR_ENFORCEMENT,9488.4745,2189415.6736,9883.8276,9488.4745,395.3531,0.00395337,0.00379523,395.3531,9488.4745,0.00379523,395.3531,395.3531,395.3531,395.3531,395.3531,9488.4745,0.00379523,1976.7655,1824.8244,7907.0621,8059.0032,0.00316269,0.00322347,0.00015813,212.5216,219.9480,0.9532,119.0823,2.3972,30121.7335,124.9277,49.0469,238.9093,36.5364,75.9244,374.9013,749.8027,789.266,1183.8989,75.8035,-1.1839,10.395423,15.593133,2.799122,29,215,300,5,0.03207536,0.00395337,0.05088190,0E-8,0.000000,0.912219,0.000000,-0.04848366,2026-03-31,2026-08-01,83,4123,1621,124,0.669355,0.205295,0.230786,0.106918,,,,,,,,GLOBAL_BASELINE_NO_ENTITY_RANKING,,,NOT_APPLICABLE_GLOBAL_BASELINE,HF9g-P5,,,,X 全窗基线 · 不参与实体赏罚,15056499,1506,A168_HF9F_20260827_0900,2026-08-27 09:00:00
2026-07-23,92755421,1205,0,147.8168587022,37.9017586416,37.9017586416,0.6666667,4,4,0.49659680000000000,0.496596800000,0.5891529468324541,0.589152946832454,0.5891529468324541,0E-17,ELIGIBLE,R03b_20260811_FULL_v1,L1_ELIGIBILITY,v2026-08-11,2026-03-21..2026-08-06,baccarat_bet02_101_all_pairs_incl_sentinel,round_win = game_pnl > 0 (decisive only),COMPATIBILITY_ONLY_NOT_PRODUCTION,2500103.8841,2280641.3266,9883.8276,11764,10369,-0.00395337,-0.05088190,-0.00239824,-0.00395337,-9883.8276,2500103.8841,OK,0.0000,395.3531,4.0000,96.0000,AG03-UNRESOLVED,ALL5_LEVELS_bet23_to_bet27,395.3531,395.3531,395.3531,395.3531,395.3531,4.000000,4.000000,4.000000,4.000000,4.000000,96.000000,96.000000,96.000000,96.000000,96.000000,5.0,1976.7655,1824.8244,7907.0621,8059.0032,PENDING_AG03,FALSE,NOT_FOR_ENFORCEMENT,9488.4745,2189415.6736,9883.8276,9488.4745,395.3531,0.00395337,0.00379523,395.3531,9488.4745,0.00379523,395.3531,395.3531,395.3531,395.3531,395.3531,9488.4745,0.00379523,1976.7655,1824.8244,7907.0621,8059.0032,0.00316269,0.00322347,0.00015813,212.5216,219.9480,0.9532,119.0823,2.3972,30121.7335,124.9277,49.0469,238.9093,36.5364,75.9244,374.9013,749.8027,789.266,1183.8989,75.8035,-1.1839,10.395423,15.593133,2.799122,29,215,300,5,0.03207536,0.00395337,0.05088190,0E-8,0.000000,0.912219,0.000000,-0.04848366,2026-03-31,2026-08-01,83,4123,1621,124,0.669355,0.205295,0.230786,0.106918,,,,,,,,GLOBAL_BASELINE_NO_ENTITY_RANKING,,,NOT_APPLICABLE_GLOBAL_BASELINE,HF9g-P5,,,,X 全窗基线 · 不参与实体赏罚,15056500,1506,A168_HF9F_20260827_0900,2026-08-27 09:00:00
2026-07-23,92755421,1302,0,151.6070345664,-75.8035172832,-75.8035172832,0E-7,2,2,0.49324550000000000,0.493245500000,-0.9865810262130424,-0.9865810262130424,-0.9865810262130424,0E-17,ELIGIBLE,R03b_20260811_FULL_v1,L1_ELIGIBILITY,v2026-08-11,2026-03-21..2026-08-06,baccarat_bet02_101_all_pairs_incl_sentinel,round_win = game_pnl > 0 (decisive only),COMPATIBILITY_ONLY_NOT_PRODUCTION,2500103.8841,2280641.3266,9883.8276,11764,10369,-0.00395337,-0.05088190,-0.00239824,-0.00395337,-9883.8276,2500103.8841,OK,0.0000,395.3531,4.0000,96.0000,AG03-UNRESOLVED,ALL5_LEVELS_bet23_to_bet27,395.3531,395.3531,395.3531,395.3531,395.3531,4.000000,4.000000,4.000000,4.000000,4.000000,96.000000,96.000000,96.000000,96.000000,96.000000,5.0,1976.7655,1824.8244,7907.0621,8059.0032,PENDING_AG03,FALSE,NOT_FOR_ENFORCEMENT,9488.4745,2189415.6736,9883.8276,9488.4745,395.3531,0.00395337,0.00379523,395.3531,9488.4745,0.00379523,395.3531,395.3531,395.3531,395.3531,395.3531,9488.4745,0.00379523,1976.7655,1824.8244,7907.0621,8059.0032,0.00316269,0.00322347,0.00015813,212.5216,219.9480,0.9532,119.0823,2.3972,30121.7335,124.9277,49.0469,238.9093,36.5364,75.9244,374.9013,749.8027,789.266,1183.8989,75.8035,-1.1839,10.395423,15.593133,2.799122,29,215,300,5,0.03207536,0.00395337,0.05088190,0E-8,0.000000,0.912219,0.000000,-0.04848366,2026-03-31,2026-08-01,83,4123,1621,124,0.669355,0.205295,0.230786,0.106918,,,,,,,,GLOBAL_BASELINE_NO_ENTITY_RANKING,,,NOT_APPLICABLE_GLOBAL_BASELINE,HF9g-P5,,,,X 全窗基线 · 不参与实体赏罚,15056501,1506,A168_HF9F_20260827_0900,2026-08-27 09:00:00
2026-07-23,92755421,1307,0,75.8035172832,-75.8035172832,-75.8035172832,0E-7,1,1,0.49324550000000000,0.493245500000,-0.9865810262130424,-0.9865810262130424,-0.9865810262130424,0E-17,ELIGIBLE,R03b_20260811_FULL_v1,L1_ELIGIBILITY,v2026-08-11,2026-03-21..2026-08-06,baccarat_bet02_101_all_pairs_incl_sentinel,round_win = game_pnl > 0 (decisive only),COMPATIBILITY_ONLY_NOT_PRODUCTION,2500103.8841,2280641.3266,9883.8276,11764,10369,-0.00395337,-0.05088190,-0.00239824,-0.00395337,-9883.8276,2500103.8841,OK,0.0000,395.3531,4.0000,96.0000,AG03-UNRESOLVED,ALL5_LEVELS_bet23_to_bet27,395.3531,395.3531,395.3531,395.3531,395.3531,4.000000,4.000000,4.000000,4.000000,4.000000,96.000000,96.000000,96.000000,96.000000,96.000000,5.0,1976.7655,1824.8244,7907.0621,8059.0032,PENDING_AG03,FALSE,NOT_FOR_ENFORCEMENT,9488.4745,2189415.6736,9883.8276,9488.4745,395.3531,0.00395337,0.00379523,395.3531,9488.4745,0.00379523,395.3531,395.3531,395.3531,395.3531,395.3531,9488.4745,0.00379523,1976.7655,1824.8244,7907.0621,8059.0032,0.00316269,0.00322347,0.00015813,212.5216,219.9480,0.9532,119.0823,2.3972,30121.7335,124.9277,49.0469,238.9093,36.5364,75.9244,374.9013,749.8027,789.266,1183.8989,75.8035,-1.1839,10.395423,15.593133,2.799122,29,215,300,5,0.03207536,0.00395337,0.05088190,0E-8,0.000000,0.912219,0.000000,-0.04848366,2026-03-31,2026-08-01,83,4123,1621,124,0.669355,0.205295,0.230786,0.106918,,,,,,,,GLOBAL_BASELINE_NO_ENTITY_RANKING,,,NOT_APPLICABLE_GLOBAL_BASELINE,HF9g-P5,,,,X 全窗基线 · 不参与实体赏罚,15056502,1506,A168_HF9F_20260827_0900,2026-08-27 09:00:00
2026-07-23,92755421,1323,0,151.6070345664,0E-10,0E-10,0.5000000,3,3,0.50218230000000000,0.502182300000,-0.00617253530718887,-0.00617253530718887,-0.00617253530718887,0E-17,ELIGIBLE,R03b_20260811_FULL_v1,L1_ELIGIBILITY,v2026-08-11,2026-03-21..2026-08-06,baccarat_bet02_101_all_pairs_incl_sentinel,round_win = game_pnl > 0 (decisive only),COMPATIBILITY_ONLY_NOT_PRODUCTION,2500103.8841,2280641.3266,9883.8276,11764,10369,-0.00395337,-0.05088190,-0.00239824,-0.00395337,-9883.8276,2500103.8841,OK,0.0000,395.3531,4.0000,96.0000,AG03-UNRESOLVED,ALL5_LEVELS_bet23_to_bet27,395.3531,395.3531,395.3531,395.3531,395.3531,4.000000,4.000000,4.000000,4.000000,4.000000,96.000000,96.000000,96.000000,96.000000,96.000000,5.0,1976.7655,1824.8244,7907.0621,8059.0032,PENDING_AG03,FALSE,NOT_FOR_ENFORCEMENT,9488.4745,2189415.6736,9883.8276,9488.4745,395.3531,0.00395337,0.00379523,395.3531,9488.4745,0.00379523,395.3531,395.3531,395.3531,395.3531,395.3531,9488.4745,0.00379523,1976.7655,1824.8244,7907.0621,8059.0032,0.00316269,0.00322347,0.00015813,212.5216,219.9480,0.9532,119.0823,2.3972,30121.7335,124.9277,49.0469,238.9093,36.5364,75.9244,374.9013,749.8027,789.266,1183.8989,75.8035,-1.1839,10.395423,15.593133,2.799122,29,215,300,5,0.03207536,0.00395337,0.05088190,0E-8,0.000000,0.912219,0.000000,-0.04848366,2026-03-31,2026-08-01,83,4123,1621,124,0.669355,0.205295,0.230786,0.106918,,,,,,,,GLOBAL_BASELINE_NO_ENTITY_RANKING,,,NOT_APPLICABLE_GLOBAL_BASELINE,HF9g-P5,,,,X 全窗基线 · 不参与实体赏罚,15056503,1506,A168_HF9F_20260827_0900,2026-08-27 09:00:00
2026-07-23,92755421,1383,0,203.1534263190,4.2639478471,4.2639478471,0.5000000,5,4,0.49232597812492459,0.438971125000,0.030699703561912206,0.24595450179306358,0.030699703561912206,0.05335485312492459,ELIGIBLE,R03b_20260811_FULL_v1,L1_ELIGIBILITY,v2026-08-11,2026-03-21..2026-08-06,baccarat_bet02_101_all_pairs_incl_sentinel,round_win = game_pnl > 0 (decisive only),COMPATIBILITY_ONLY_NOT_PRODUCTION,2500103.8841,2280641.3266,9883.8276,11764,10369,-0.00395337,-0.05088190,-0.00239824,-0.00395337,-9883.8276,2500103.8841,OK,0.0000,395.3531,4.0000,96.0000,AG03-UNRESOLVED,ALL5_LEVELS_bet23_to_bet27,395.3531,395.3531,395.3531,395.3531,395.3531,4.000000,4.000000,4.000000,4.000000,4.000000,96.000000,96.000000,96.000000,96.000000,96.000000,5.0,1976.7655,1824.8244,7907.0621,8059.0032,PENDING_AG03,FALSE,NOT_FOR_ENFORCEMENT,9488.4745,2189415.6736,9883.8276,9488.4745,395.3531,0.00395337,0.00379523,395.3531,9488.4745,0.00379523,395.3531,395.3531,395.3531,395.3531,395.3531,9488.4745,0.00379523,1976.7655,1824.8244,7907.0621,8059.0032,0.00316269,0.00322347,0.00015813,212.5216,219.9480,0.9532,119.0823,2.3972,30121.7335,124.9277,49.0469,238.9093,36.5364,75.9244,374.9013,749.8027,789.266,1183.8989,75.8035,-1.1839,10.395423,15.593133,2.799122,29,215,300,5,0.03207536,0.00395337,0.05088190,0E-8,0.000000,0.912219,0.000000,-0.04848366,2026-03-31,2026-08-01,83,4123,1621,124,0.669355,0.205295,0.230786,0.106918,,,,,,,,GLOBAL_BASELINE_NO_ENTITY_RANKING,,,NOT_APPLICABLE_GLOBAL_BASELINE,HF9g-P5,,,,X 全窗基线 · 不参与实体赏罚,15056504,1506,A168_HF9F_20260827_0900,2026-08-27 09:00:00
2026-07-23,92755421,1384,0,492.7228623407,11.7495451789,11.7495451789,0.5000000,8,8,0.49994810000000000,0.499948100000,0.00025425703667063243,0.00025425703667063243,0.00025425703667063243,0E-17,ELIGIBLE,R03b_20260811_FULL_v1,L1_ELIGIBILITY,v2026-08-11,2026-03-21..2026-08-06,baccarat_bet02_101_all_pairs_incl_sentinel,round_win = game_pnl > 0 (decisive only),COMPATIBILITY_ONLY_NOT_PRODUCTION,2500103.8841,2280641.3266,9883.8276,11764,10369,-0.00395337,-0.05088190,-0.00239824,-0.00395337,-9883.8276,2500103.8841,OK,0.0000,395.3531,4.0000,96.0000,AG03-UNRESOLVED,ALL5_LEVELS_bet23_to_bet27,395.3531,395.3531,395.3531,395.3531,395.3531,4.000000,4.000000,4.000000,4.000000,4.000000,96.000000,96.000000,96.000000,96.000000,96.000000,5.0,1976.7655,1824.8244,7907.0621,8059.0032,PENDING_AG03,FALSE,NOT_FOR_ENFORCEMENT,9488.4745,2189415.6736,9883.8276,9488.4745,395.3531,0.00395337,0.00379523,395.3531,9488.4745,0.00379523,395.3531,395.3531,395.3531,395.3531,395.3531,9488.4745,0.00379523,1976.7655,1824.8244,7907.0621,8059.0032,0.00316269,0.00322347,0.00015813,212.5216,219.9480,0.9532,119.0823,2.3972,30121.7335,124.9277,49.0469,238.9093,36.5364,75.9244,374.9013,749.8027,789.266,1183.8989,75.8035,-1.1839,10.395423,15.593133,2.799122,29,215,300,5,0.03207536,0.00395337,0.05088190,0E-8,0.000000,0.912219,0.000000,-0.04848366,2026-03-31,2026-08-01,83,4123,1621,124,0.669355,0.205295,0.230786,0.106918,,,,,,,,GLOBAL_BASELINE_NO_ENTITY_RANKING,,,NOT_APPLICABLE_GLOBAL_BASELINE,HF9g-P5,,,,X 全窗基线 · 不参与实体赏罚,15056505,1506,A168_HF9F_20260827_0900,2026-08-27 09:00:00
2026-07-23,92755421,1405,0,196.3311097635,-48.5142510613,-48.5142510613,0.3333333,3,3,0.50218230000000000,0.502182300000,-0.5849155494134425,-0.5849155494134426,-0.5849155494134425,0E-17,ELIGIBLE,R03b_20260811_FULL_v1,L1_ELIGIBILITY,v2026-08-11,2026-03-21..2026-08-06,baccarat_bet02_101_all_pairs_incl_sentinel,round_win = game_pnl > 0 (decisive only),COMPATIBILITY_ONLY_NOT_PRODUCTION,2500103.8841,2280641.3266,9883.8276,11764,10369,-0.00395337,-0.05088190,-0.00239824,-0.00395337,-9883.8276,2500103.8841,OK,0.0000,395.3531,4.0000,96.0000,AG03-UNRESOLVED,ALL5_LEVELS_bet23_to_bet27,395.3531,395.3531,395.3531,395.3531,395.3531,4.000000,4.000000,4.000000,4.000000,4.000000,96.000000,96.000000,96.000000,96.000000,96.000000,5.0,1976.7655,1824.8244,7907.0621,8059.0032,PENDING_AG03,FALSE,NOT_FOR_ENFORCEMENT,9488.4745,2189415.6736,9883.8276,9488.4745,395.3531,0.00395337,0.00379523,395.3531,9488.4745,0.00379523,395.3531,395.3531,395.3531,395.3531,395.3531,9488.4745,0.00379523,1976.7655,1824.8244,7907.0621,8059.0032,0.00316269,0.00322347,0.00015813,212.5216,219.9480,0.9532,119.0823,2.3972,30121.7335,124.9277,49.0469,238.9093,36.5364,75.9244,374.9013,749.8027,789.266,1183.8989,75.8035,-1.1839,10.395423,15.593133,2.799122,29,215,300,5,0.03207536,0.00395337,0.05088190,0E-8,0.000000,0.912219,0.000000,-0.04848366,2026-03-31,2026-08-01,83,4123,1621,124,0.669355,0.205295,0.230786,0.106918,,,,,,,,GLOBAL_BASELINE_NO_ENTITY_RANKING,,,NOT_APPLICABLE_GLOBAL_BASELINE,HF9g-P5,,,,X 全窗基线 · 不参与实体赏罚,15056506,1506,A168_HF9F_20260827_0900,2026-08-27 09:00:00
2026-07-23,92755421,1485,0,223.6203759854,-3.7901758642,-3.7901758642,0.4285714,7,7,0.43313267142857143,0.433132671429,-0.02435460165928664,-0.02435460166157213,-0.02435460165928664,-4.2857E-13,ELIGIBLE,R03b_20260811_FULL_v1,L1_ELIGIBILITY,v2026-08-11,2026-03-21..2026-08-06,baccarat_bet02_101_all_pairs_incl_sentinel,round_win = game_pnl > 0 (decisive only),COMPATIBILITY_ONLY_NOT_PRODUCTION,2500103.8841,2280641.3266,9883.8276,11764,10369,-0.00395337,-0.05088190,-0.00239824,-0.00395337,-9883.8276,2500103.8841,OK,0.0000,395.3531,4.0000,96.0000,AG03-UNRESOLVED,ALL5_LEVELS_bet23_to_bet27,395.3531,395.3531,395.3531,395.3531,395.3531,4.000000,4.000000,4.000000,4.000000,4.000000,96.000000,96.000000,96.000000,96.000000,96.000000,5.0,1976.7655,1824.8244,7907.0621,8059.0032,PENDING_AG03,FALSE,NOT_FOR_ENFORCEMENT,9488.4745,2189415.6736,9883.8276,9488.4745,395.3531,0.00395337,0.00379523,395.3531,9488.4745,0.00379523,395.3531,395.3531,395.3531,395.3531,395.3531,9488.4745,0.00379523,1976.7655,1824.8244,7907.0621,8059.0032,0.00316269,0.00322347,0.00015813,212.5216,219.9480,0.9532,119.0823,2.3972,30121.7335,124.9277,49.0469,238.9093,36.5364,75.9244,374.9013,749.8027,789.266,1183.8989,75.8035,-1.1839,10.395423,15.593133,2.799122,29,215,300,5,0.03207536,0.00395337,0.05088190,0E-8,0.000000,0.912219,0.000000,-0.04848366,2026-03-31,2026-08-01,83,4123,1621,124,0.669355,0.205295,0.230786,0.106918,,,,,,,,GLOBAL_BASELINE_NO_ENTITY_RANKING,,,NOT_APPLICABLE_GLOBAL_BASELINE,HF9g-P5,,,,X 全窗基线 · 不参与实体赏罚,15056507,1506,A168_HF9F_20260827_0900,2026-08-27 09:00:00
2026-07-23,92755421,1505,0,595.0576106730,-79.5936931474,-79.5936931474,0.4000000,8,8,0.49994810000000000,0.499948100000,-0.4469814940518811,-0.4469814940518811,-0.4469814940518811,0E-17,ELIGIBLE,R03b_20260811_FULL_v1,L1_ELIGIBILITY,v2026-08-11,2026-03-21..2026-08-06,baccarat_bet02_101_all_pairs_incl_sentinel,round_win = game_pnl > 0 (decisive only),COMPATIBILITY_ONLY_NOT_PRODUCTION,2500103.8841,2280641.3266,9883.8276,11764,10369,-0.00395337,-0.05088190,-0.00239824,-0.00395337,-9883.8276,2500103.8841,OK,0.0000,395.3531,4.0000,96.0000,AG03-UNRESOLVED,ALL5_LEVELS_bet23_to_bet27,395.3531,395.3531,395.3531,395.3531,395.3531,4.000000,4.000000,4.000000,4.000000,4.000000,96.000000,96.000000,96.000000,96.000000,96.000000,5.0,1976.7655,1824.8244,7907.0621,8059.0032,PENDING_AG03,FALSE,NOT_FOR_ENFORCEMENT,9488.4745,2189415.6736,9883.8276,9488.4745,395.3531,0.00395337,0.00379523,395.3531,9488.4745,0.00379523,395.3531,395.3531,395.3531,395.3531,395.3531,9488.4745,0.00379523,1976.7655,1824.8244,7907.0621,8059.0032,0.00316269,0.00322347,0.00015813,212.5216,219.9480,0.9532,119.0823,2.3972,30121.7335,124.9277,49.0469,238.9093,36.5364,75.9244,374.9013,749.8027,789.266,1183.8989,75.8035,-1.1839,10.395423,15.593133,2.799122,29,215,300,5,0.03207536,0.00395337,0.05088190,0E-8,0.000000,0.912219,0.000000,-0.04848366,2026-03-31,2026-08-01,83,4123,1621,124,0.669355,0.205295,0.230786,0.106918,,,,,,,,GLOBAL_BASELINE_NO_ENTITY_RANKING,,,NOT_APPLICABLE_GLOBAL_BASELINE,HF9g-P5,,,,X 全窗基线 · 不参与实体赏罚,15056508,1506,A168_HF9F_20260827_0900,2026-08-27 09:00:00
2026-07-23,92755421,1507,0,225.5154639175,-151.6070345664,-151.6070345664,0.2500000,4,4,0.50329940000000000,0.503299400000,-1.013219660140378,-1.013219660140378,-1.013219660140378,0E-17,ELIGIBLE,R03b_20260811_FULL_v1,L1_ELIGIBILITY,v2026-08-11,2026-03-21..2026-08-06,baccarat_bet02_101_all_pairs_incl_sentinel,round_win = game_pnl > 0 (decisive only),COMPATIBILITY_ONLY_NOT_PRODUCTION,2500103.8841,2280641.3266,9883.8276,11764,10369,-0.00395337,-0.05088190,-0.00239824,-0.00395337,-9883.8276,2500103.8841,OK,0.0000,395.3531,4.0000,96.0000,AG03-UNRESOLVED,ALL5_LEVELS_bet23_to_bet27,395.3531,395.3531,395.3531,395.3531,395.3531,4.000000,4.000000,4.000000,4.000000,4.000000,96.000000,96.000000,96.000000,96.000000,96.000000,5.0,1976.7655,1824.8244,7907.0621,8059.0032,PENDING_AG03,FALSE,NOT_FOR_ENFORCEMENT,9488.4745,2189415.6736,9883.8276,9488.4745,395.3531,0.00395337,0.00379523,395.3531,9488.4745,0.00379523,395.3531,395.3531,395.3531,395.3531,395.3531,9488.4745,0.00379523,1976.7655,1824.8244,7907.0621,8059.0032,0.00316269,0.00322347,0.00015813,212.5216,219.9480,0.9532,119.0823,2.3972,30121.7335,124.9277,49.0469,238.9093,36.5364,75.9244,374.9013,749.8027,789.266,1183.8989,75.8035,-1.1839,10.395423,15.593133,2.799122,29,215,300,5,0.03207536,0.00395337,0.05088190,0E-8,0.000000,0.912219,0.000000,-0.04848366,2026-03-31,2026-08-01,83,4123,1621,124,0.669355,0.205295,0.230786,0.106918,,,,,,,,GLOBAL_BASELINE_NO_ENTITY_RANKING,,,NOT_APPLICABLE_GLOBAL_BASELINE,HF9g-P5,,,,X 全窗基线 · 不参与实体赏罚,15056509,1506,A168_HF9F_20260827_0900,2026-08-27 09:00:00
2026-07-23,92755421,1509,0,147.8168587022,0E-10,0E-10,0.5000000,2,2,0.49994810000000000,0.499948100000,0.00014679536856514622,0.00014679536856514622,0.00014679536856514622,0E-17,ELIGIBLE,R03b_20260811_FULL_v1,L1_ELIGIBILITY,v2026-08-11,2026-03-21..2026-08-06,baccarat_bet02_101_all_pairs_incl_sentinel,round_win = game_pnl > 0 (decisive only),COMPATIBILITY_ONLY_NOT_PRODUCTION,2500103.8841,2280641.3266,9883.8276,11764,10369,-0.00395337,-0.05088190,-0.00239824,-0.00395337,-9883.8276,2500103.8841,OK,0.0000,395.3531,4.0000,96.0000,AG03-UNRESOLVED,ALL5_LEVELS_bet23_to_bet27,395.3531,395.3531,395.3531,395.3531,395.3531,4.000000,4.000000,4.000000,4.000000,4.000000,96.000000,96.000000,96.000000,96.000000,96.000000,5.0,1976.7655,1824.8244,7907.0621,8059.0032,PENDING_AG03,FALSE,NOT_FOR_ENFORCEMENT,9488.4745,2189415.6736,9883.8276,9488.4745,395.3531,0.00395337,0.00379523,395.3531,9488.4745,0.00379523,395.3531,395.3531,395.3531,395.3531,395.3531,9488.4745,0.00379523,1976.7655,1824.8244,7907.0621,8059.0032,0.00316269,0.00322347,0.00015813,212.5216,219.9480,0.9532,119.0823,2.3972,30121.7335,124.9277,49.0469,238.9093,36.5364,75.9244,374.9013,749.8027,789.266,1183.8989,75.8035,-1.1839,10.395423,15.593133,2.799122,29,215,300,5,0.03207536,0.00395337,0.05088190,0E-8,0.000000,0.912219,0.000000,-0.04848366,2026-03-31,2026-08-01,83,4123,1621,124,0.669355,0.205295,0.230786,0.106918,,,,,,,,GLOBAL_BASELINE_NO_ENTITY_RANKING,,,NOT_APPLICABLE_GLOBAL_BASELINE,HF9g-P5,,,,X 全窗基线 · 不参与实体赏罚,15056510,1506,A168_HF9F_20260827_0900,2026-08-27 09:00:00
2026-07-23,92755421,1623,0,811.8556701029,182.6864766523,182.6864766523,0.6470588,19,17,0.50029396634918134,0.474012947059,1.2102542257367566,1.428904113473442,1.2102542257367566,0.02628101929018134,ELIGIBLE,R03b_20260811_FULL_v1,L1_ELIGIBILITY,v2026-08-11,2026-03-21..2026-08-06,baccarat_bet02_101_all_pairs_incl_sentinel,round_win = game_pnl > 0 (decisive only),COMPATIBILITY_ONLY_NOT_PRODUCTION,2500103.8841,2280641.3266,9883.8276,11764,10369,-0.00395337,-0.05088190,-0.00239824,-0.00395337,-9883.8276,2500103.8841,OK,0.0000,395.3531,4.0000,96.0000,AG03-UNRESOLVED,ALL5_LEVELS_bet23_to_bet27,395.3531,395.3531,395.3531,395.3531,395.3531,4.000000,4.000000,4.000000,4.000000,4.000000,96.000000,96.000000,96.000000,96.000000,96.000000,5.0,1976.7655,1824.8244,7907.0621,8059.0032,PENDING_AG03,FALSE,NOT_FOR_ENFORCEMENT,9488.4745,2189415.6736,9883.8276,9488.4745,395.3531,0.00395337,0.00379523,395.3531,9488.4745,0.00379523,395.3531,395.3531,395.3531,395.3531,395.3531,9488.4745,0.00379523,1976.7655,1824.8244,7907.0621,8059.0032,0.00316269,0.00322347,0.00015813,212.5216,219.9480,0.9532,119.0823,2.3972,30121.7335,124.9277,49.0469,238.9093,36.5364,75.9244,374.9013,749.8027,789.266,1183.8989,75.8035,-1.1839,10.395423,15.593133,2.799122,29,215,300,5,0.03207536,0.00395337,0.05088190,0E-8,0.000000,0.912219,0.000000,-0.04848366,2026-03-31,2026-08-01,83,4123,1621,124,0.669355,0.205295,0.230786,0.106918,,,,,,,,GLOBAL_BASELINE_NO_ENTITY_RANKING,,,NOT_APPLICABLE_GLOBAL_BASELINE,HF9g-P5,,,,X 全窗基线 · 不参与实体赏罚,15056511,1506,A168_HF9F_20260827_0900,2026-08-27 09:00:00
2026-07-23,92755421,1714,0,329.7453001818,98.8288356579,98.8288356579,0.7500000,8,8,0.50162375000000000,0.501623750000,1.4050356542380409,1.4050356542380409,1.4050356542380409,0E-17,ELIGIBLE,R03b_20260811_FULL_v1,L1_ELIGIBILITY,v2026-08-11,2026-03-21..2026-08-06,baccarat_bet02_101_all_pairs_incl_sentinel,round_win = game_pnl > 0 (decisive only),COMPATIBILITY_ONLY_NOT_PRODUCTION,2500103.8841,2280641.3266,9883.8276,11764,10369,-0.00395337,-0.05088190,-0.00239824,-0.00395337,-9883.8276,2500103.8841,OK,0.0000,395.3531,4.0000,96.0000,AG03-UNRESOLVED,ALL5_LEVELS_bet23_to_bet27,395.3531,395.3531,395.3531,395.3531,395.3531,4.000000,4.000000,4.000000,4.000000,4.000000,96.000000,96.000000,96.000000,96.000000,96.000000,5.0,1976.7655,1824.8244,7907.0621,8059.0032,PENDING_AG03,FALSE,NOT_FOR_ENFORCEMENT,9488.4745,2189415.6736,9883.8276,9488.4745,395.3531,0.00395337,0.00379523,395.3531,9488.4745,0.00379523,395.3531,395.3531,395.3531,395.3531,395.3531,9488.4745,0.00379523,1976.7655,1824.8244,7907.0621,8059.0032,0.00316269,0.00322347,0.00015813,212.5216,219.9480,0.9532,119.0823,2.3972,30121.7335,124.9277,49.0469,238.9093,36.5364,75.9244,374.9013,749.8027,789.266,1183.8989,75.8035,-1.1839,10.395423,15.593133,2.799122,29,215,300,5,0.03207536,0.00395337,0.05088190,0E-8,0.000000,0.912219,0.000000,-0.04848366,2026-03-31,2026-08-01,83,4123,1621,124,0.669355,0.205295,0.230786,0.106918,,,,,,,,GLOBAL_BASELINE_NO_ENTITY_RANKING,,,NOT_APPLICABLE_GLOBAL_BASELINE,HF9g-P5,,,,X 全窗基线 · 不参与实体赏罚,15056512,1506,A168_HF9F_20260827_0900,2026-08-27 09:00:00
2026-07-23,92755421,1750,0,216.0400242571,75.8035172831,75.8035172831,0.6666667,3,3,0.50218230000000000,0.502182300000,0.5697959874915163,0.5697959874915164,0.5697959874915163,0E-17,ELIGIBLE,R03b_20260811_FULL_v1,L1_ELIGIBILITY,v2026-08-11,2026-03-21..2026-08-06,baccarat_bet02_101_all_pairs_incl_sentinel,round_win = game_pnl > 0 (decisive only),COMPATIBILITY_ONLY_NOT_PRODUCTION,2500103.8841,2280641.3266,9883.8276,11764,10369,-0.00395337,-0.05088190,-0.00239824,-0.00395337,-9883.8276,2500103.8841,OK,0.0000,395.3531,4.0000,96.0000,AG03-UNRESOLVED,ALL5_LEVELS_bet23_to_bet27,395.3531,395.3531,395.3531,395.3531,395.3531,4.000000,4.000000,4.000000,4.000000,4.000000,96.000000,96.000000,96.000000,96.000000,96.000000,5.0,1976.7655,1824.8244,7907.0621,8059.0032,PENDING_AG03,FALSE,NOT_FOR_ENFORCEMENT,9488.4745,2189415.6736,9883.8276,9488.4745,395.3531,0.00395337,0.00379523,395.3531,9488.4745,0.00379523,395.3531,395.3531,395.3531,395.3531,395.3531,9488.4745,0.00379523,1976.7655,1824.8244,7907.0621,8059.0032,0.00316269,0.00322347,0.00015813,212.5216,219.9480,0.9532,119.0823,2.3972,30121.7335,124.9277,49.0469,238.9093,36.5364,75.9244,374.9013,749.8027,789.266,1183.8989,75.8035,-1.1839,10.395423,15.593133,2.799122,29,215,300,5,0.03207536,0.00395337,0.05088190,0E-8,0.000000,0.912219,0.000000,-0.04848366,2026-03-31,2026-08-01,83,4123,1621,124,0.669355,0.205295,0.230786,0.106918,,,,,,,,GLOBAL_BASELINE_NO_ENTITY_RANKING,,,NOT_APPLICABLE_GLOBAL_BASELINE,HF9g-P5,,,,X 全窗基线 · 不参与实体赏罚,15056513,1506,A168_HF9F_20260827_0900,2026-08-27 09:00:00
2026-07-23,92755421,1935,0,147.8168587022,0E-10,0E-10,0.5000000,2,2,0.49994810000000000,0.499948100000,0.00014679536856514622,0.00014679536856514622,0.00014679536856514622,0E-17,ELIGIBLE,R03b_20260811_FULL_v1,L1_ELIGIBILITY,v2026-08-11,2026-03-21..2026-08-06,baccarat_bet02_101_all_pairs_incl_sentinel,round_win = game_pnl > 0 (decisive only),COMPATIBILITY_ONLY_NOT_PRODUCTION,2500103.8841,2280641.3266,9883.8276,11764,10369,-0.00395337,-0.05088190,-0.00239824,-0.00395337,-9883.8276,2500103.8841,OK,0.0000,395.3531,4.0000,96.0000,AG03-UNRESOLVED,ALL5_LEVELS_bet23_to_bet27,395.3531,395.3531,395.3531,395.3531,395.3531,4.000000,4.000000,4.000000,4.000000,4.000000,96.000000,96.000000,96.000000,96.000000,96.000000,5.0,1976.7655,1824.8244,7907.0621,8059.0032,PENDING_AG03,FALSE,NOT_FOR_ENFORCEMENT,9488.4745,2189415.6736,9883.8276,9488.4745,395.3531,0.00395337,0.00379523,395.3531,9488.4745,0.00379523,395.3531,395.3531,395.3531,395.3531,395.3531,9488.4745,0.00379523,1976.7655,1824.8244,7907.0621,8059.0032,0.00316269,0.00322347,0.00015813,212.5216,219.9480,0.9532,119.0823,2.3972,30121.7335,124.9277,49.0469,238.9093,36.5364,75.9244,374.9013,749.8027,789.266,1183.8989,75.8035,-1.1839,10.395423,15.593133,2.799122,29,215,300,5,0.03207536,0.00395337,0.05088190,0E-8,0.000000,0.912219,0.000000,-0.04848366,2026-03-31,2026-08-01,83,4123,1621,124,0.669355,0.205295,0.230786,0.106918,,,,,,,,GLOBAL_BASELINE_NO_ENTITY_RANKING,,,NOT_APPLICABLE_GLOBAL_BASELINE,HF9g-P5,,,,X 全窗基线 · 不参与实体赏罚,15056514,1506,A168_HF9F_20260827_0900,2026-08-27 09:00:00
2026-07-23,92755421,1940,0,151.6070345664,0E-10,0E-10,,2,2,0.50665070000000000,0.506650700000,,,,0E-17,NO_DECISIVE_ROUND,R03b_20260811_FULL_v1,L1_ELIGIBILITY,v2026-08-11,2026-03-21..2026-08-06,baccarat_bet02_101_all_pairs_incl_sentinel,round_win = game_pnl > 0 (decisive only),COMPATIBILITY_ONLY_NOT_PRODUCTION,2500103.8841,2280641.3266,9883.8276,11764,10369,-0.00395337,-0.05088190,-0.00239824,-0.00395337,-9883.8276,2500103.8841,OK,0.0000,395.3531,4.0000,96.0000,AG03-UNRESOLVED,ALL5_LEVELS_bet23_to_bet27,395.3531,395.3531,395.3531,395.3531,395.3531,4.000000,4.000000,4.000000,4.000000,4.000000,96.000000,96.000000,96.000000,96.000000,96.000000,5.0,1976.7655,1824.8244,7907.0621,8059.0032,PENDING_AG03,FALSE,NOT_FOR_ENFORCEMENT,9488.4745,2189415.6736,9883.8276,9488.4745,395.3531,0.00395337,0.00379523,395.3531,9488.4745,0.00379523,395.3531,395.3531,395.3531,395.3531,395.3531,9488.4745,0.00379523,1976.7655,1824.8244,7907.0621,8059.0032,0.00316269,0.00322347,0.00015813,212.5216,219.9480,0.9532,119.0823,2.3972,30121.7335,124.9277,49.0469,238.9093,36.5364,75.9244,374.9013,749.8027,789.266,1183.8989,75.8035,-1.1839,10.395423,15.593133,2.799122,29,215,300,5,0.03207536,0.00395337,0.05088190,0E-8,0.000000,0.912219,0.000000,-0.04848366,2026-03-31,2026-08-01,83,4123,1621,124,0.669355,0.205295,0.230786,0.106918,,,,,,,,GLOBAL_BASELINE_NO_ENTITY_RANKING,,,NOT_APPLICABLE_GLOBAL_BASELINE,HF9g-P5,,,,X 全窗基线 · 不参与实体赏罚,15056515,1506,A168_HF9F_20260827_0900,2026-08-27 09:00:00
2026-07-23,92755421,1947,0,397.2104305640,227.2210430561,227.2210430561,0.8750000,10,8,0.49347206554784152,0.439808950000,2.158431883668287,2.4798466999890505,2.158431883668287,0.05366311554784152,ELIGIBLE,R03b_20260811_FULL_v1,L1_ELIGIBILITY,v2026-08-11,2026-03-21..2026-08-06,baccarat_bet02_101_all_pairs_incl_sentinel,round_win = game_pnl > 0 (decisive only),COMPATIBILITY_ONLY_NOT_PRODUCTION,2500103.8841,2280641.3266,9883.8276,11764,10369,-0.00395337,-0.05088190,-0.00239824,-0.00395337,-9883.8276,2500103.8841,OK,0.0000,395.3531,4.0000,96.0000,AG03-UNRESOLVED,ALL5_LEVELS_bet23_to_bet27,395.3531,395.3531,395.3531,395.3531,395.3531,4.000000,4.000000,4.000000,4.000000,4.000000,96.000000,96.000000,96.000000,96.000000,96.000000,5.0,1976.7655,1824.8244,7907.0621,8059.0032,PENDING_AG03,FALSE,NOT_FOR_ENFORCEMENT,9488.4745,2189415.6736,9883.8276,9488.4745,395.3531,0.00395337,0.00379523,395.3531,9488.4745,0.00379523,395.3531,395.3531,395.3531,395.3531,395.3531,9488.4745,0.00379523,1976.7655,1824.8244,7907.0621,8059.0032,0.00316269,0.00322347,0.00015813,212.5216,219.9480,0.9532,119.0823,2.3972,30121.7335,124.9277,49.0469,238.9093,36.5364,75.9244,374.9013,749.8027,789.266,1183.8989,75.8035,-1.1839,10.395423,15.593133,2.799122,29,215,300,5,0.03207536,0.00395337,0.05088190,0E-8,0.000000,0.912219,0.000000,-0.04848366,2026-03-31,2026-08-01,83,4123,1621,124,0.669355,0.205295,0.230786,0.106918,,,,,,,,GLOBAL_BASELINE_NO_ENTITY_RANKING,,,NOT_APPLICABLE_GLOBAL_BASELINE,HF9g-P5,,,,X 全窗基线 · 不参与实体赏罚,15056516,1506,A168_HF9F_20260827_0900,2026-08-27 09:00:00
2026-07-23,92755421,1951,0,439.6604002425,0.1895087932,0.1895087932,0.5000000,6,6,0.49994810000000000,0.499948100000,0.00020760000111838688,0.00020760000111838688,0.00020760000111838688,0E-17,ELIGIBLE,R03b_20260811_FULL_v1,L1_ELIGIBILITY,v2026-08-11,2026-03-21..2026-08-06,baccarat_bet02_101_all_pairs_incl_sentinel,round_win = game_pnl > 0 (decisive only),COMPATIBILITY_ONLY_NOT_PRODUCTION,2500103.8841,2280641.3266,9883.8276,11764,10369,-0.00395337,-0.05088190,-0.00239824,-0.00395337,-9883.8276,2500103.8841,OK,0.0000,395.3531,4.0000,96.0000,AG03-UNRESOLVED,ALL5_LEVELS_bet23_to_bet27,395.3531,395.3531,395.3531,395.3531,395.3531,4.000000,4.000000,4.000000,4.000000,4.000000,96.000000,96.000000,96.000000,96.000000,96.000000,5.0,1976.7655,1824.8244,7907.0621,8059.0032,PENDING_AG03,FALSE,NOT_FOR_ENFORCEMENT,9488.4745,2189415.6736,9883.8276,9488.4745,395.3531,0.00395337,0.00379523,395.3531,9488.4745,0.00379523,395.3531,395.3531,395.3531,395.3531,395.3531,9488.4745,0.00379523,1976.7655,1824.8244,7907.0621,8059.0032,0.00316269,0.00322347,0.00015813,212.5216,219.9480,0.9532,119.0823,2.3972,30121.7335,124.9277,49.0469,238.9093,36.5364,75.9244,374.9013,749.8027,789.266,1183.8989,75.8035,-1.1839,10.395423,15.593133,2.799122,29,215,300,5,0.03207536,0.00395337,0.05088190,0E-8,0.000000,0.912219,0.000000,-0.04848366,2026-03-31,2026-08-01,83,4123,1621,124,0.669355,0.205295,0.230786,0.106918,,,,,,,,GLOBAL_BASELINE_NO_ENTITY_RANKING,,,NOT_APPLICABLE_GLOBAL_BASELINE,HF9g-P5,,,,X 全窗基线 · 不参与实体赏罚,15056517,1506,A168_HF9F_20260827_0900,2026-08-27 09:00:00
2026-07-23,92755421,2081,0,75.8035172832,-75.8035172832,-75.8035172832,0E-7,1,1,0.49324550000000000,0.493245500000,-0.9865810262130424,-0.9865810262130424,-0.9865810262130424,0E-17,ELIGIBLE,R03b_20260811_FULL_v1,L1_ELIGIBILITY,v2026-08-11,2026-03-21..2026-08-06,baccarat_bet02_101_all_pairs_incl_sentinel,round_win = game_pnl > 0 (decisive only),COMPATIBILITY_ONLY_NOT_PRODUCTION,2500103.8841,2280641.3266,9883.8276,11764,10369,-0.00395337,-0.05088190,-0.00239824,-0.00395337,-9883.8276,2500103.8841,OK,0.0000,395.3531,4.0000,96.0000,AG03-UNRESOLVED,ALL5_LEVELS_bet23_to_bet27,395.3531,395.3531,395.3531,395.3531,395.3531,4.000000,4.000000,4.000000,4.000000,4.000000,96.000000,96.000000,96.000000,96.000000,96.000000,5.0,1976.7655,1824.8244,7907.0621,8059.0032,PENDING_AG03,FALSE,NOT_FOR_ENFORCEMENT,9488.4745,2189415.6736,9883.8276,9488.4745,395.3531,0.00395337,0.00379523,395.3531,9488.4745,0.00379523,395.3531,395.3531,395.3531,395.3531,395.3531,9488.4745,0.00379523,1976.7655,1824.8244,7907.0621,8059.0032,0.00316269,0.00322347,0.00015813,212.5216,219.9480,0.9532,119.0823,2.3972,30121.7335,124.9277,49.0469,238.9093,36.5364,75.9244,374.9013,749.8027,789.266,1183.8989,75.8035,-1.1839,10.395423,15.593133,2.799122,29,215,300,5,0.03207536,0.00395337,0.05088190,0E-8,0.000000,0.912219,0.000000,-0.04848366,2026-03-31,2026-08-01,83,4123,1621,124,0.669355,0.205295,0.230786,0.106918,,,,,,,,GLOBAL_BASELINE_NO_ENTITY_RANKING,,,NOT_APPLICABLE_GLOBAL_BASELINE,HF9g-P5,,,,X 全窗基线 · 不参与实体赏罚,15056518,1506,A168_HF9F_20260827_0900,2026-08-27 09:00:00
2026-07-23,92755421,2088,0,379.0175864160,-227.4105518496,-227.4105518496,0.1666667,6,6,0.49994810000000000,0.499948100000,-1.6327389136160748,-1.6327389136160748,-1.6327389136160748,0E-17,ELIGIBLE,R03b_20260811_FULL_v1,L1_ELIGIBILITY,v2026-08-11,2026-03-21..2026-08-06,baccarat_bet02_101_all_pairs_incl_sentinel,round_win = game_pnl > 0 (decisive only),COMPATIBILITY_ONLY_NOT_PRODUCTION,2500103.8841,2280641.3266,9883.8276,11764,10369,-0.00395337,-0.05088190,-0.00239824,-0.00395337,-9883.8276,2500103.8841,OK,0.0000,395.3531,4.0000,96.0000,AG03-UNRESOLVED,ALL5_LEVELS_bet23_to_bet27,395.3531,395.3531,395.3531,395.3531,395.3531,4.000000,4.000000,4.000000,4.000000,4.000000,96.000000,96.000000,96.000000,96.000000,96.000000,5.0,1976.7655,1824.8244,7907.0621,8059.0032,PENDING_AG03,FALSE,NOT_FOR_ENFORCEMENT,9488.4745,2189415.6736,9883.8276,9488.4745,395.3531,0.00395337,0.00379523,395.3531,9488.4745,0.00379523,395.3531,395.3531,395.3531,395.3531,395.3531,9488.4745,0.00379523,1976.7655,1824.8244,7907.0621,8059.0032,0.00316269,0.00322347,0.00015813,212.5216,219.9480,0.9532,119.0823,2.3972,30121.7335,124.9277,49.0469,238.9093,36.5364,75.9244,374.9013,749.8027,789.266,1183.8989,75.8035,-1.1839,10.395423,15.593133,2.799122,29,215,300,5,0.03207536,0.00395337,0.05088190,0E-8,0.000000,0.912219,0.000000,-0.04848366,2026-03-31,2026-08-01,83,4123,1621,124,0.669355,0.205295,0.230786,0.106918,,,,,,,,GLOBAL_BASELINE_NO_ENTITY_RANKING,,,NOT_APPLICABLE_GLOBAL_BASELINE,HF9g-P5,,,,X 全窗基线 · 不参与实体赏罚,15056519,1506,A168_HF9F_20260827_0900,2026-08-27 09:00:00
2026-07-23,92755421,2107,0,329.7453001819,113.7052759247,113.7052759247,0.6000000,5,5,0.50128862000000000,0.501288620000,0.4414521777673877,0.4414521777673877,0.4414521777673877,0E-17,ELIGIBLE,R03b_20260811_FULL_v1,L1_ELIGIBILITY,v2026-08-11,2026-03-21..2026-08-06,baccarat_bet02_101_all_pairs_incl_sentinel,round_win = game_pnl > 0 (decisive only),COMPATIBILITY_ONLY_NOT_PRODUCTION,2500103.8841,2280641.3266,9883.8276,11764,10369,-0.00395337,-0.05088190,-0.00239824,-0.00395337,-9883.8276,2500103.8841,OK,0.0000,395.3531,4.0000,96.0000,AG03-UNRESOLVED,ALL5_LEVELS_bet23_to_bet27,395.3531,395.3531,395.3531,395.3531,395.3531,4.000000,4.000000,4.000000,4.000000,4.000000,96.000000,96.000000,96.000000,96.000000,96.000000,5.0,1976.7655,1824.8244,7907.0621,8059.0032,PENDING_AG03,FALSE,NOT_FOR_ENFORCEMENT,9488.4745,2189415.6736,9883.8276,9488.4745,395.3531,0.00395337,0.00379523,395.3531,9488.4745,0.00379523,395.3531,395.3531,395.3531,395.3531,395.3531,9488.4745,0.00379523,1976.7655,1824.8244,7907.0621,8059.0032,0.00316269,0.00322347,0.00015813,212.5216,219.9480,0.9532,119.0823,2.3972,30121.7335,124.9277,49.0469,238.9093,36.5364,75.9244,374.9013,749.8027,789.266,1183.8989,75.8035,-1.1839,10.395423,15.593133,2.799122,29,215,300,5,0.03207536,0.00395337,0.05088190,0E-8,0.000000,0.912219,0.000000,-0.04848366,2026-03-31,2026-08-01,83,4123,1621,124,0.669355,0.205295,0.230786,0.106918,,,,,,,,GLOBAL_BASELINE_NO_ENTITY_RANKING,,,NOT_APPLICABLE_GLOBAL_BASELINE,HF9g-P5,,,,X 全窗基线 · 不参与实体赏罚,15056520,1506,A168_HF9F_20260827_0900,2026-08-27 09:00:00
2026-07-23,92755421,2117,0,149.7119466343,-75.8035172832,-75.8035172832,0.3333333,3,3,0.49771390000000000,0.497713900000,-0.5694369385616226,-0.5694369385616226,-0.5694369385616226,0E-17,ELIGIBLE,R03b_20260811_FULL_v1,L1_ELIGIBILITY,v2026-08-11,2026-03-21..2026-08-06,baccarat_bet02_101_all_pairs_incl_sentinel,round_win = game_pnl > 0 (decisive only),COMPATIBILITY_ONLY_NOT_PRODUCTION,2500103.8841,2280641.3266,9883.8276,11764,10369,-0.00395337,-0.05088190,-0.00239824,-0.00395337,-9883.8276,2500103.8841,OK,0.0000,395.3531,4.0000,96.0000,AG03-UNRESOLVED,ALL5_LEVELS_bet23_to_bet27,395.3531,395.3531,395.3531,395.3531,395.3531,4.000000,4.000000,4.000000,4.000000,4.000000,96.000000,96.000000,96.000000,96.000000,96.000000,5.0,1976.7655,1824.8244,7907.0621,8059.0032,PENDING_AG03,FALSE,NOT_FOR_ENFORCEMENT,9488.4745,2189415.6736,9883.8276,9488.4745,395.3531,0.00395337,0.00379523,395.3531,9488.4745,0.00379523,395.3531,395.3531,395.3531,395.3531,395.3531,9488.4745,0.00379523,1976.7655,1824.8244,7907.0621,8059.0032,0.00316269,0.00322347,0.00015813,212.5216,219.9480,0.9532,119.0823,2.3972,30121.7335,124.9277,49.0469,238.9093,36.5364,75.9244,374.9013,749.8027,789.266,1183.8989,75.8035,-1.1839,10.395423,15.593133,2.799122,29,215,300,5,0.03207536,0.00395337,0.05088190,0E-8,0.000000,0.912219,0.000000,-0.04848366,2026-03-31,2026-08-01,83,4123,1621,124,0.669355,0.205295,0.230786,0.106918,,,,,,,,GLOBAL_BASELINE_NO_ENTITY_RANKING,,,NOT_APPLICABLE_GLOBAL_BASELINE,HF9g-P5,,,,X 全窗基线 · 不参与实体赏罚,15056521,1506,A168_HF9F_20260827_0900,2026-08-27 09:00:00
2026-07-23,92755421,2123,0,822.4681625226,-157.1975439661,-157.1975439661,0.4285714,16,16,0.49994810000000000,0.499948100000,-0.5341341026655996,-0.5341341026655996,-0.5341341026655996,0E-17,ELIGIBLE,R03b_20260811_FULL_v1,L1_ELIGIBILITY,v2026-08-11,2026-03-21..2026-08-06,baccarat_bet02_101_all_pairs_incl_sentinel,round_win = game_pnl > 0 (decisive only),COMPATIBILITY_ONLY_NOT_PRODUCTION,2500103.8841,2280641.3266,9883.8276,11764,10369,-0.00395337,-0.05088190,-0.00239824,-0.00395337,-9883.8276,2500103.8841,OK,0.0000,395.3531,4.0000,96.0000,AG03-UNRESOLVED,ALL5_LEVELS_bet23_to_bet27,395.3531,395.3531,395.3531,395.3531,395.3531,4.000000,4.000000,4.000000,4.000000,4.000000,96.000000,96.000000,96.000000,96.000000,96.000000,5.0,1976.7655,1824.8244,7907.0621,8059.0032,PENDING_AG03,FALSE,NOT_FOR_ENFORCEMENT,9488.4745,2189415.6736,9883.8276,9488.4745,395.3531,0.00395337,0.00379523,395.3531,9488.4745,0.00379523,395.3531,395.3531,395.3531,395.3531,395.3531,9488.4745,0.00379523,1976.7655,1824.8244,7907.0621,8059.0032,0.00316269,0.00322347,0.00015813,212.5216,219.9480,0.9532,119.0823,2.3972,30121.7335,124.9277,49.0469,238.9093,36.5364,75.9244,374.9013,749.8027,789.266,1183.8989,75.8035,-1.1839,10.395423,15.593133,2.799122,29,215,300,5,0.03207536,0.00395337,0.05088190,0E-8,0.000000,0.912219,0.000000,-0.04848366,2026-03-31,2026-08-01,83,4123,1621,124,0.669355,0.205295,0.230786,0.106918,,,,,,,,GLOBAL_BASELINE_NO_ENTITY_RANKING,,,NOT_APPLICABLE_GLOBAL_BASELINE,HF9g-P5,,,,X 全窗基线 · 不参与实体赏罚,15056522,1506,A168_HF9F_20260827_0900,2026-08-27 09:00:00
2026-07-23,92755421,2127,0,151.6070345664,-151.6070345664,-151.6070345664,0E-7,2,2,0.49324550000000000,0.493245500000,-1.3952362676504506,-1.3952362676504506,-1.3952362676504506,0E-17,ELIGIBLE,R03b_20260811_FULL_v1,L1_ELIGIBILITY,v2026-08-11,2026-03-21..2026-08-06,baccarat_bet02_101_all_pairs_incl_sentinel,round_win = game_pnl > 0 (decisive only),COMPATIBILITY_ONLY_NOT_PRODUCTION,2500103.8841,2280641.3266,9883.8276,11764,10369,-0.00395337,-0.05088190,-0.00239824,-0.00395337,-9883.8276,2500103.8841,OK,0.0000,395.3531,4.0000,96.0000,AG03-UNRESOLVED,ALL5_LEVELS_bet23_to_bet27,395.3531,395.3531,395.3531,395.3531,395.3531,4.000000,4.000000,4.000000,4.000000,4.000000,96.000000,96.000000,96.000000,96.000000,96.000000,5.0,1976.7655,1824.8244,7907.0621,8059.0032,PENDING_AG03,FALSE,NOT_FOR_ENFORCEMENT,9488.4745,2189415.6736,9883.8276,9488.4745,395.3531,0.00395337,0.00379523,395.3531,9488.4745,0.00379523,395.3531,395.3531,395.3531,395.3531,395.3531,9488.4745,0.00379523,1976.7655,1824.8244,7907.0621,8059.0032,0.00316269,0.00322347,0.00015813,212.5216,219.9480,0.9532,119.0823,2.3972,30121.7335,124.9277,49.0469,238.9093,36.5364,75.9244,374.9013,749.8027,789.266,1183.8989,75.8035,-1.1839,10.395423,15.593133,2.799122,29,215,300,5,0.03207536,0.00395337,0.05088190,0E-8,0.000000,0.912219,0.000000,-0.04848366,2026-03-31,2026-08-01,83,4123,1621,124,0.669355,0.205295,0.230786,0.106918,,,,,,,,GLOBAL_BASELINE_NO_ENTITY_RANKING,,,NOT_APPLICABLE_GLOBAL_BASELINE,HF9g-P5,,,,X 全窗基线 · 不参与实体赏罚,15056523,1506,A168_HF9F_20260827_0900,2026-08-27 09:00:00
2026-07-23,92755421,2130,0,343.0109157065,217.9351121891,217.9351121891,0.8000000,6,5,0.49017610848479331,0.448485480000,1.3858420828195284,1.5804312278568753,1.3858420828195284,0.04169062848479331,ELIGIBLE,R03b_20260811_FULL_v1,L1_ELIGIBILITY,v2026-08-11,2026-03-21..2026-08-06,baccarat_bet02_101_all_pairs_incl_sentinel,round_win = game_pnl > 0 (decisive only),COMPATIBILITY_ONLY_NOT_PRODUCTION,2500103.8841,2280641.3266,9883.8276,11764,10369,-0.00395337,-0.05088190,-0.00239824,-0.00395337,-9883.8276,2500103.8841,OK,0.0000,395.3531,4.0000,96.0000,AG03-UNRESOLVED,ALL5_LEVELS_bet23_to_bet27,395.3531,395.3531,395.3531,395.3531,395.3531,4.000000,4.000000,4.000000,4.000000,4.000000,96.000000,96.000000,96.000000,96.000000,96.000000,5.0,1976.7655,1824.8244,7907.0621,8059.0032,PENDING_AG03,FALSE,NOT_FOR_ENFORCEMENT,9488.4745,2189415.6736,9883.8276,9488.4745,395.3531,0.00395337,0.00379523,395.3531,9488.4745,0.00379523,395.3531,395.3531,395.3531,395.3531,395.3531,9488.4745,0.00379523,1976.7655,1824.8244,7907.0621,8059.0032,0.00316269,0.00322347,0.00015813,212.5216,219.9480,0.9532,119.0823,2.3972,30121.7335,124.9277,49.0469,238.9093,36.5364,75.9244,374.9013,749.8027,789.266,1183.8989,75.8035,-1.1839,10.395423,15.593133,2.799122,29,215,300,5,0.03207536,0.00395337,0.05088190,0E-8,0.000000,0.912219,0.000000,-0.04848366,2026-03-31,2026-08-01,83,4123,1621,124,0.669355,0.205295,0.230786,0.106918,,,,,,,,GLOBAL_BASELINE_NO_ENTITY_RANKING,,,NOT_APPLICABLE_GLOBAL_BASELINE,HF9g-P5,,,,X 全窗基线 · 不参与实体赏罚,15056524,1506,A168_HF9F_20260827_0900,2026-08-27 09:00:00
2026-07-23,92755421,2142,0,223.6203759854,-75.8035172832,-75.8035172832,0.3333333,3,3,0.49771390000000000,0.497713900000,-0.5694369385616226,-0.5694369385616226,-0.5694369385616226,0E-17,ELIGIBLE,R03b_20260811_FULL_v1,L1_ELIGIBILITY,v2026-08-11,2026-03-21..2026-08-06,baccarat_bet02_101_all_pairs_incl_sentinel,round_win = game_pnl > 0 (decisive only),COMPATIBILITY_ONLY_NOT_PRODUCTION,2500103.8841,2280641.3266,9883.8276,11764,10369,-0.00395337,-0.05088190,-0.00239824,-0.00395337,-9883.8276,2500103.8841,OK,0.0000,395.3531,4.0000,96.0000,AG03-UNRESOLVED,ALL5_LEVELS_bet23_to_bet27,395.3531,395.3531,395.3531,395.3531,395.3531,4.000000,4.000000,4.000000,4.000000,4.000000,96.000000,96.000000,96.000000,96.000000,96.000000,5.0,1976.7655,1824.8244,7907.0621,8059.0032,PENDING_AG03,FALSE,NOT_FOR_ENFORCEMENT,9488.4745,2189415.6736,9883.8276,9488.4745,395.3531,0.00395337,0.00379523,395.3531,9488.4745,0.00379523,395.3531,395.3531,395.3531,395.3531,395.3531,9488.4745,0.00379523,1976.7655,1824.8244,7907.0621,8059.0032,0.00316269,0.00322347,0.00015813,212.5216,219.9480,0.9532,119.0823,2.3972,30121.7335,124.9277,49.0469,238.9093,36.5364,75.9244,374.9013,749.8027,789.266,1183.8989,75.8035,-1.1839,10.395423,15.593133,2.799122,29,215,300,5,0.03207536,0.00395337,0.05088190,0E-8,0.000000,0.912219,0.000000,-0.04848366,2026-03-31,2026-08-01,83,4123,1621,124,0.669355,0.205295,0.230786,0.106918,,,,,,,,GLOBAL_BASELINE_NO_ENTITY_RANKING,,,NOT_APPLICABLE_GLOBAL_BASELINE,HF9g-P5,,,,X 全窗基线 · 不参与实体赏罚,15056525,1506,A168_HF9F_20260827_0900,2026-08-27 09:00:00
2026-07-23,92755421,2153,0,66.3280776228,-66.3280776228,-66.3280776228,0E-7,1,1,0.49324550000000000,0.493245500000,-0.9865810262130424,-0.9865810262130424,-0.9865810262130424,0E-17,ELIGIBLE,R03b_20260811_FULL_v1,L1_ELIGIBILITY,v2026-08-11,2026-03-21..2026-08-06,baccarat_bet02_101_all_pairs_incl_sentinel,round_win = game_pnl > 0 (decisive only),COMPATIBILITY_ONLY_NOT_PRODUCTION,2500103.8841,2280641.3266,9883.8276,11764,10369,-0.00395337,-0.05088190,-0.00239824,-0.00395337,-9883.8276,2500103.8841,OK,0.0000,395.3531,4.0000,96.0000,AG03-UNRESOLVED,ALL5_LEVELS_bet23_to_bet27,395.3531,395.3531,395.3531,395.3531,395.3531,4.000000,4.000000,4.000000,4.000000,4.000000,96.000000,96.000000,96.000000,96.000000,96.000000,5.0,1976.7655,1824.8244,7907.0621,8059.0032,PENDING_AG03,FALSE,NOT_FOR_ENFORCEMENT,9488.4745,2189415.6736,9883.8276,9488.4745,395.3531,0.00395337,0.00379523,395.3531,9488.4745,0.00379523,395.3531,395.3531,395.3531,395.3531,395.3531,9488.4745,0.00379523,1976.7655,1824.8244,7907.0621,8059.0032,0.00316269,0.00322347,0.00015813,212.5216,219.9480,0.9532,119.0823,2.3972,30121.7335,124.9277,49.0469,238.9093,36.5364,75.9244,374.9013,749.8027,789.266,1183.8989,75.8035,-1.1839,10.395423,15.593133,2.799122,29,215,300,5,0.03207536,0.00395337,0.05088190,0E-8,0.000000,0.912219,0.000000,-0.04848366,2026-03-31,2026-08-01,83,4123,1621,124,0.669355,0.205295,0.230786,0.106918,,,,,,,,GLOBAL_BASELINE_NO_ENTITY_RANKING,,,NOT_APPLICABLE_GLOBAL_BASELINE,HF9g-P5,,,,X 全窗基线 · 不参与实体赏罚,15056526,1506,A168_HF9F_20260827_0900,2026-08-27 09:00:00
2026-07-23,92755421,2160,0,277.4408732565,-30.7004244997,-30.7004244997,0.5000000,5,4,0.49838753881585449,0.440646775000,0.0064498782764370825,0.2391035070213683,0.0064498782764370825,0.05774076381585449,ELIGIBLE,R03b_20260811_FULL_v1,L1_ELIGIBILITY,v2026-08-11,2026-03-21..2026-08-06,baccarat_bet02_101_all_pairs_incl_sentinel,round_win = game_pnl > 0 (decisive only),COMPATIBILITY_ONLY_NOT_PRODUCTION,2500103.8841,2280641.3266,9883.8276,11764,10369,-0.00395337,-0.05088190,-0.00239824,-0.00395337,-9883.8276,2500103.8841,OK,0.0000,395.3531,4.0000,96.0000,AG03-UNRESOLVED,ALL5_LEVELS_bet23_to_bet27,395.3531,395.3531,395.3531,395.3531,395.3531,4.000000,4.000000,4.000000,4.000000,4.000000,96.000000,96.000000,96.000000,96.000000,96.000000,5.0,1976.7655,1824.8244,7907.0621,8059.0032,PENDING_AG03,FALSE,NOT_FOR_ENFORCEMENT,9488.4745,2189415.6736,9883.8276,9488.4745,395.3531,0.00395337,0.00379523,395.3531,9488.4745,0.00379523,395.3531,395.3531,395.3531,395.3531,395.3531,9488.4745,0.00379523,1976.7655,1824.8244,7907.0621,8059.0032,0.00316269,0.00322347,0.00015813,212.5216,219.9480,0.9532,119.0823,2.3972,30121.7335,124.9277,49.0469,238.9093,36.5364,75.9244,374.9013,749.8027,789.266,1183.8989,75.8035,-1.1839,10.395423,15.593133,2.799122,29,215,300,5,0.03207536,0.00395337,0.05088190,0E-8,0.000000,0.912219,0.000000,-0.04848366,2026-03-31,2026-08-01,83,4123,1621,124,0.669355,0.205295,0.230786,0.106918,,,,,,,,GLOBAL_BASELINE_NO_ENTITY_RANKING,,,NOT_APPLICABLE_GLOBAL_BASELINE,HF9g-P5,,,,X 全窗基线 · 不参与实体赏罚,15056527,1506,A168_HF9F_20260827_0900,2026-08-27 09:00:00
2026-07-23,92755421,2169,0,151.6070345664,-151.6070345664,-151.6070345664,0E-7,2,2,0.49324550000000000,0.493245500000,-1.3952362676504506,-1.3952362676504506,-1.3952362676504506,0E-17,ELIGIBLE,R03b_20260811_FULL_v1,L1_ELIGIBILITY,v2026-08-11,2026-03-21..2026-08-06,baccarat_bet02_101_all_pairs_incl_sentinel,round_win = game_pnl > 0 (decisive only),COMPATIBILITY_ONLY_NOT_PRODUCTION,2500103.8841,2280641.3266,9883.8276,11764,10369,-0.00395337,-0.05088190,-0.00239824,-0.00395337,-9883.8276,2500103.8841,OK,0.0000,395.3531,4.0000,96.0000,AG03-UNRESOLVED,ALL5_LEVELS_bet23_to_bet27,395.3531,395.3531,395.3531,395.3531,395.3531,4.000000,4.000000,4.000000,4.000000,4.000000,96.000000,96.000000,96.000000,96.000000,96.000000,5.0,1976.7655,1824.8244,7907.0621,8059.0032,PENDING_AG03,FALSE,NOT_FOR_ENFORCEMENT,9488.4745,2189415.6736,9883.8276,9488.4745,395.3531,0.00395337,0.00379523,395.3531,9488.4745,0.00379523,395.3531,395.3531,395.3531,395.3531,395.3531,9488.4745,0.00379523,1976.7655,1824.8244,7907.0621,8059.0032,0.00316269,0.00322347,0.00015813,212.5216,219.9480,0.9532,119.0823,2.3972,30121.7335,124.9277,49.0469,238.9093,36.5364,75.9244,374.9013,749.8027,789.266,1183.8989,75.8035,-1.1839,10.395423,15.593133,2.799122,29,215,300,5,0.03207536,0.00395337,0.05088190,0E-8,0.000000,0.912219,0.000000,-0.04848366,2026-03-31,2026-08-01,83,4123,1621,124,0.669355,0.205295,0.230786,0.106918,,,,,,,,GLOBAL_BASELINE_NO_ENTITY_RANKING,,,NOT_APPLICABLE_GLOBAL_BASELINE,HF9g-P5,,,,X 全窗基线 · 不参与实体赏罚,15056528,1506,A168_HF9F_20260827_0900,2026-08-27 09:00:00
2026-07-23,92755421,2170,0,216.0400242571,75.8035172831,75.8035172831,0.6666667,3,3,0.50218230000000000,0.502182300000,0.5697959874915163,0.5697959874915164,0.5697959874915163,0E-17,ELIGIBLE,R03b_20260811_FULL_v1,L1_ELIGIBILITY,v2026-08-11,2026-03-21..2026-08-06,baccarat_bet02_101_all_pairs_incl_sentinel,round_win = game_pnl > 0 (decisive only),COMPATIBILITY_ONLY_NOT_PRODUCTION,2500103.8841,2280641.3266,9883.8276,11764,10369,-0.00395337,-0.05088190,-0.00239824,-0.00395337,-9883.8276,2500103.8841,OK,0.0000,395.3531,4.0000,96.0000,AG03-UNRESOLVED,ALL5_LEVELS_bet23_to_bet27,395.3531,395.3531,395.3531,395.3531,395.3531,4.000000,4.000000,4.000000,4.000000,4.000000,96.000000,96.000000,96.000000,96.000000,96.000000,5.0,1976.7655,1824.8244,7907.0621,8059.0032,PENDING_AG03,FALSE,NOT_FOR_ENFORCEMENT,9488.4745,2189415.6736,9883.8276,9488.4745,395.3531,0.00395337,0.00379523,395.3531,9488.4745,0.00379523,395.3531,395.3531,395.3531,395.3531,395.3531,9488.4745,0.00379523,1976.7655,1824.8244,7907.0621,8059.0032,0.00316269,0.00322347,0.00015813,212.5216,219.9480,0.9532,119.0823,2.3972,30121.7335,124.9277,49.0469,238.9093,36.5364,75.9244,374.9013,749.8027,789.266,1183.8989,75.8035,-1.1839,10.395423,15.593133,2.799122,29,215,300,5,0.03207536,0.00395337,0.05088190,0E-8,0.000000,0.912219,0.000000,-0.04848366,2026-03-31,2026-08-01,83,4123,1621,124,0.669355,0.205295,0.230786,0.106918,,,,,,,,GLOBAL_BASELINE_NO_ENTITY_RANKING,,,NOT_APPLICABLE_GLOBAL_BASELINE,HF9g-P5,,,,X 全窗基线 · 不参与实体赏罚,15056529,1506,A168_HF9F_20260827_0900,2026-08-27 09:00:00
2026-07-23,92755421,2171,0,731.5039417829,-28.4263189814,-28.4263189814,0.5000000,15,13,0.49475916029862843,0.461908223077,0.03314780156796341,0.24161573160027838,0.03314780156796341,0.03285093722162843,ELIGIBLE,R03b_20260811_FULL_v1,L1_ELIGIBILITY,v2026-08-11,2026-03-21..2026-08-06,baccarat_bet02_101_all_pairs_incl_sentinel,round_win = game_pnl > 0 (decisive only),COMPATIBILITY_ONLY_NOT_PRODUCTION,2500103.8841,2280641.3266,9883.8276,11764,10369,-0.00395337,-0.05088190,-0.00239824,-0.00395337,-9883.8276,2500103.8841,OK,0.0000,395.3531,4.0000,96.0000,AG03-UNRESOLVED,ALL5_LEVELS_bet23_to_bet27,395.3531,395.3531,395.3531,395.3531,395.3531,4.000000,4.000000,4.000000,4.000000,4.000000,96.000000,96.000000,96.000000,96.000000,96.000000,5.0,1976.7655,1824.8244,7907.0621,8059.0032,PENDING_AG03,FALSE,NOT_FOR_ENFORCEMENT,9488.4745,2189415.6736,9883.8276,9488.4745,395.3531,0.00395337,0.00379523,395.3531,9488.4745,0.00379523,395.3531,395.3531,395.3531,395.3531,395.3531,9488.4745,0.00379523,1976.7655,1824.8244,7907.0621,8059.0032,0.00316269,0.00322347,0.00015813,212.5216,219.9480,0.9532,119.0823,2.3972,30121.7335,124.9277,49.0469,238.9093,36.5364,75.9244,374.9013,749.8027,789.266,1183.8989,75.8035,-1.1839,10.395423,15.593133,2.799122,29,215,300,5,0.03207536,0.00395337,0.05088190,0E-8,0.000000,0.912219,0.000000,-0.04848366,2026-03-31,2026-08-01,83,4123,1621,124,0.669355,0.205295,0.230786,0.106918,,,,,,,,GLOBAL_BASELINE_NO_ENTITY_RANKING,,,NOT_APPLICABLE_GLOBAL_BASELINE,HF9g-P5,,,,X 全窗基线 · 不参与实体赏罚,15056530,1506,A168_HF9F_20260827_0900,2026-08-27 09:00:00
2026-07-23,92755421,2201,0,151.6070345664,-3.7901758642,-3.7901758642,0.5000000,2,2,0.49994810000000000,0.499948100000,0.00014679536856514622,0.00014679536856514622,0.00014679536856514622,0E-17,ELIGIBLE,R03b_20260811_FULL_v1,L1_ELIGIBILITY,v2026-08-11,2026-03-21..2026-08-06,baccarat_bet02_101_all_pairs_incl_sentinel,round_win = game_pnl > 0 (decisive only),COMPATIBILITY_ONLY_NOT_PRODUCTION,2500103.8841,2280641.3266,9883.8276,11764,10369,-0.00395337,-0.05088190,-0.00239824,-0.00395337,-9883.8276,2500103.8841,OK,0.0000,395.3531,4.0000,96.0000,AG03-UNRESOLVED,ALL5_LEVELS_bet23_to_bet27,395.3531,395.3531,395.3531,395.3531,395.3531,4.000000,4.000000,4.000000,4.000000,4.000000,96.000000,96.000000,96.000000,96.000000,96.000000,5.0,1976.7655,1824.8244,7907.0621,8059.0032,PENDING_AG03,FALSE,NOT_FOR_ENFORCEMENT,9488.4745,2189415.6736,9883.8276,9488.4745,395.3531,0.00395337,0.00379523,395.3531,9488.4745,0.00379523,395.3531,395.3531,395.3531,395.3531,395.3531,9488.4745,0.00379523,1976.7655,1824.8244,7907.0621,8059.0032,0.00316269,0.00322347,0.00015813,212.5216,219.9480,0.9532,119.0823,2.3972,30121.7335,124.9277,49.0469,238.9093,36.5364,75.9244,374.9013,749.8027,789.266,1183.8989,75.8035,-1.1839,10.395423,15.593133,2.799122,29,215,300,5,0.03207536,0.00395337,0.05088190,0E-8,0.000000,0.912219,0.000000,-0.04848366,2026-03-31,2026-08-01,83,4123,1621,124,0.669355,0.205295,0.230786,0.106918,,,,,,,,GLOBAL_BASELINE_NO_ENTITY_RANKING,,,NOT_APPLICABLE_GLOBAL_BASELINE,HF9g-P5,,,,X 全窗基线 · 不参与实体赏罚,15056531,1506,A168_HF9F_20260827_0900,2026-08-27 09:00:00
2026-07-23,92755421,2205,0,151.6070345664,0E-10,0E-10,0.5000000,2,2,0.49994810000000000,0.499948100000,0.00014679536856514622,0.00014679536856514622,0.00014679536856514622,0E-17,ELIGIBLE,R03b_20260811_FULL_v1,L1_ELIGIBILITY,v2026-08-11,2026-03-21..2026-08-06,baccarat_bet02_101_all_pairs_incl_sentinel,round_win = game_pnl > 0 (decisive only),COMPATIBILITY_ONLY_NOT_PRODUCTION,2500103.8841,2280641.3266,9883.8276,11764,10369,-0.00395337,-0.05088190,-0.00239824,-0.00395337,-9883.8276,2500103.8841,OK,0.0000,395.3531,4.0000,96.0000,AG03-UNRESOLVED,ALL5_LEVELS_bet23_to_bet27,395.3531,395.3531,395.3531,395.3531,395.3531,4.000000,4.000000,4.000000,4.000000,4.000000,96.000000,96.000000,96.000000,96.000000,96.000000,5.0,1976.7655,1824.8244,7907.0621,8059.0032,PENDING_AG03,FALSE,NOT_FOR_ENFORCEMENT,9488.4745,2189415.6736,9883.8276,9488.4745,395.3531,0.00395337,0.00379523,395.3531,9488.4745,0.00379523,395.3531,395.3531,395.3531,395.3531,395.3531,9488.4745,0.00379523,1976.7655,1824.8244,7907.0621,8059.0032,0.00316269,0.00322347,0.00015813,212.5216,219.9480,0.9532,119.0823,2.3972,30121.7335,124.9277,49.0469,238.9093,36.5364,75.9244,374.9013,749.8027,789.266,1183.8989,75.8035,-1.1839,10.395423,15.593133,2.799122,29,215,300,5,0.03207536,0.00395337,0.05088190,0E-8,0.000000,0.912219,0.000000,-0.04848366,2026-03-31,2026-08-01,83,4123,1621,124,0.669355,0.205295,0.230786,0.106918,,,,,,,,GLOBAL_BASELINE_NO_ENTITY_RANKING,,,NOT_APPLICABLE_GLOBAL_BASELINE,HF9g-P5,,,,X 全窗基线 · 不参与实体赏罚,15056532,1506,A168_HF9F_20260827_0900,2026-08-27 09:00:00
2026-07-23,92755421,2220,0,1213.2352941173,458.0427531835,458.0427531835,0.7368421,23,21,0.49948142514428203,0.478633804762,2.0692635485490407,2.253065830031773,2.0692635485490407,0.02084762038228203,ELIGIBLE,R03b_20260811_FULL_v1,L1_ELIGIBILITY,v2026-08-11,2026-03-21..2026-08-06,baccarat_bet02_101_all_pairs_incl_sentinel,round_win = game_pnl > 0 (decisive only),COMPATIBILITY_ONLY_NOT_PRODUCTION,2500103.8841,2280641.3266,9883.8276,11764,10369,-0.00395337,-0.05088190,-0.00239824,-0.00395337,-9883.8276,2500103.8841,OK,0.0000,395.3531,4.0000,96.0000,AG03-UNRESOLVED,ALL5_LEVELS_bet23_to_bet27,395.3531,395.3531,395.3531,395.3531,395.3531,4.000000,4.000000,4.000000,4.000000,4.000000,96.000000,96.000000,96.000000,96.000000,96.000000,5.0,1976.7655,1824.8244,7907.0621,8059.0032,PENDING_AG03,FALSE,NOT_FOR_ENFORCEMENT,9488.4745,2189415.6736,9883.8276,9488.4745,395.3531,0.00395337,0.00379523,395.3531,9488.4745,0.00379523,395.3531,395.3531,395.3531,395.3531,395.3531,9488.4745,0.00379523,1976.7655,1824.8244,7907.0621,8059.0032,0.00316269,0.00322347,0.00015813,212.5216,219.9480,0.9532,119.0823,2.3972,30121.7335,124.9277,49.0469,238.9093,36.5364,75.9244,374.9013,749.8027,789.266,1183.8989,75.8035,-1.1839,10.395423,15.593133,2.799122,29,215,300,5,0.03207536,0.00395337,0.05088190,0E-8,0.000000,0.912219,0.000000,-0.04848366,2026-03-31,2026-08-01,83,4123,1621,124,0.669355,0.205295,0.230786,0.106918,,,,,,,,GLOBAL_BASELINE_NO_ENTITY_RANKING,,,NOT_APPLICABLE_GLOBAL_BASELINE,HF9g-P5,,,,X 全窗基线 · 不参与实体赏罚,15056533,1506,A168_HF9F_20260827_0900,2026-08-27 09:00:00
2026-07-23,92755421,2223,0,76.1825348696,-76.1825348696,-76.1825348696,0E-7,1,1,0.49324550000000000,0.493245500000,-0.9865810262130424,-0.9865810262130424,-0.9865810262130424,0E-17,ELIGIBLE,R03b_20260811_FULL_v1,L1_ELIGIBILITY,v2026-08-11,2026-03-21..2026-08-06,baccarat_bet02_101_all_pairs_incl_sentinel,round_win = game_pnl > 0 (decisive only),COMPATIBILITY_ONLY_NOT_PRODUCTION,2500103.8841,2280641.3266,9883.8276,11764,10369,-0.00395337,-0.05088190,-0.00239824,-0.00395337,-9883.8276,2500103.8841,OK,0.0000,395.3531,4.0000,96.0000,AG03-UNRESOLVED,ALL5_LEVELS_bet23_to_bet27,395.3531,395.3531,395.3531,395.3531,395.3531,4.000000,4.000000,4.000000,4.000000,4.000000,96.000000,96.000000,96.000000,96.000000,96.000000,5.0,1976.7655,1824.8244,7907.0621,8059.0032,PENDING_AG03,FALSE,NOT_FOR_ENFORCEMENT,9488.4745,2189415.6736,9883.8276,9488.4745,395.3531,0.00395337,0.00379523,395.3531,9488.4745,0.00379523,395.3531,395.3531,395.3531,395.3531,395.3531,9488.4745,0.00379523,1976.7655,1824.8244,7907.0621,8059.0032,0.00316269,0.00322347,0.00015813,212.5216,219.9480,0.9532,119.0823,2.3972,30121.7335,124.9277,49.0469,238.9093,36.5364,75.9244,374.9013,749.8027,789.266,1183.8989,75.8035,-1.1839,10.395423,15.593133,2.799122,29,215,300,5,0.03207536,0.00395337,0.05088190,0E-8,0.000000,0.912219,0.000000,-0.04848366,2026-03-31,2026-08-01,83,4123,1621,124,0.669355,0.205295,0.230786,0.106918,,,,,,,,GLOBAL_BASELINE_NO_ENTITY_RANKING,,,NOT_APPLICABLE_GLOBAL_BASELINE,HF9g-P5,,,,X 全窗基线 · 不参与实体赏罚,15056534,1506,A168_HF9F_20260827_0900,2026-08-27 09:00:00
2026-07-23,92755421,2229,0,147.8168587022,0E-10,0E-10,0.5000000,2,2,0.49994810000000000,0.499948100000,0.00014679536856514622,0.00014679536856514622,0.00014679536856514622,0E-17,ELIGIBLE,R03b_20260811_FULL_v1,L1_ELIGIBILITY,v2026-08-11,2026-03-21..2026-08-06,baccarat_bet02_101_all_pairs_incl_sentinel,round_win = game_pnl > 0 (decisive only),COMPATIBILITY_ONLY_NOT_PRODUCTION,2500103.8841,2280641.3266,9883.8276,11764,10369,-0.00395337,-0.05088190,-0.00239824,-0.00395337,-9883.8276,2500103.8841,OK,0.0000,395.3531,4.0000,96.0000,AG03-UNRESOLVED,ALL5_LEVELS_bet23_to_bet27,395.3531,395.3531,395.3531,395.3531,395.3531,4.000000,4.000000,4.000000,4.000000,4.000000,96.000000,96.000000,96.000000,96.000000,96.000000,5.0,1976.7655,1824.8244,7907.0621,8059.0032,PENDING_AG03,FALSE,NOT_FOR_ENFORCEMENT,9488.4745,2189415.6736,9883.8276,9488.4745,395.3531,0.00395337,0.00379523,395.3531,9488.4745,0.00379523,395.3531,395.3531,395.3531,395.3531,395.3531,9488.4745,0.00379523,1976.7655,1824.8244,7907.0621,8059.0032,0.00316269,0.00322347,0.00015813,212.5216,219.9480,0.9532,119.0823,2.3972,30121.7335,124.9277,49.0469,238.9093,36.5364,75.9244,374.9013,749.8027,789.266,1183.8989,75.8035,-1.1839,10.395423,15.593133,2.799122,29,215,300,5,0.03207536,0.00395337,0.05088190,0E-8,0.000000,0.912219,0.000000,-0.04848366,2026-03-31,2026-08-01,83,4123,1621,124,0.669355,0.205295,0.230786,0.106918,,,,,,,,GLOBAL_BASELINE_NO_ENTITY_RANKING,,,NOT_APPLICABLE_GLOBAL_BASELINE,HF9g-P5,,,,X 全窗基线 · 不参与实体赏罚,15056535,1506,A168_HF9F_20260827_0900,2026-08-27 09:00:00
2026-07-23,92755421,2234,0,658.3535476044,63.9592177076,63.9592177076,0.5384615,15,15,0.46876756666666667,0.468767566667,0.5035537359443996,0.5035537359419702,0.5035537359443996,-3.3333E-13,ELIGIBLE,R03b_20260811_FULL_v1,L1_ELIGIBILITY,v2026-08-11,2026-03-21..2026-08-06,baccarat_bet02_101_all_pairs_incl_sentinel,round_win = game_pnl > 0 (decisive only),COMPATIBILITY_ONLY_NOT_PRODUCTION,2500103.8841,2280641.3266,9883.8276,11764,10369,-0.00395337,-0.05088190,-0.00239824,-0.00395337,-9883.8276,2500103.8841,OK,0.0000,395.3531,4.0000,96.0000,AG03-UNRESOLVED,ALL5_LEVELS_bet23_to_bet27,395.3531,395.3531,395.3531,395.3531,395.3531,4.000000,4.000000,4.000000,4.000000,4.000000,96.000000,96.000000,96.000000,96.000000,96.000000,5.0,1976.7655,1824.8244,7907.0621,8059.0032,PENDING_AG03,FALSE,NOT_FOR_ENFORCEMENT,9488.4745,2189415.6736,9883.8276,9488.4745,395.3531,0.00395337,0.00379523,395.3531,9488.4745,0.00379523,395.3531,395.3531,395.3531,395.3531,395.3531,9488.4745,0.00379523,1976.7655,1824.8244,7907.0621,8059.0032,0.00316269,0.00322347,0.00015813,212.5216,219.9480,0.9532,119.0823,2.3972,30121.7335,124.9277,49.0469,238.9093,36.5364,75.9244,374.9013,749.8027,789.266,1183.8989,75.8035,-1.1839,10.395423,15.593133,2.799122,29,215,300,5,0.03207536,0.00395337,0.05088190,0E-8,0.000000,0.912219,0.000000,-0.04848366,2026-03-31,2026-08-01,83,4123,1621,124,0.669355,0.205295,0.230786,0.106918,,,,,,,,GLOBAL_BASELINE_NO_ENTITY_RANKING,,,NOT_APPLICABLE_GLOBAL_BASELINE,HF9g-P5,,,,X 全窗基线 · 不参与实体赏罚,15056536,1506,A168_HF9F_20260827_0900,2026-08-27 09:00:00
2026-07-23,92755421,2235,0,303.2140691328,-75.8035172832,-75.8035172832,0.3333333,6,6,0.49771390000000000,0.497713900000,-0.8053054414300617,-0.8053054414300617,-0.8053054414300617,0E-17,ELIGIBLE,R03b_20260811_FULL_v1,L1_ELIGIBILITY,v2026-08-11,2026-03-21..2026-08-06,baccarat_bet02_101_all_pairs_incl_sentinel,round_win = game_pnl > 0 (decisive only),COMPATIBILITY_ONLY_NOT_PRODUCTION,2500103.8841,2280641.3266,9883.8276,11764,10369,-0.00395337,-0.05088190,-0.00239824,-0.00395337,-9883.8276,2500103.8841,OK,0.0000,395.3531,4.0000,96.0000,AG03-UNRESOLVED,ALL5_LEVELS_bet23_to_bet27,395.3531,395.3531,395.3531,395.3531,395.3531,4.000000,4.000000,4.000000,4.000000,4.000000,96.000000,96.000000,96.000000,96.000000,96.000000,5.0,1976.7655,1824.8244,7907.0621,8059.0032,PENDING_AG03,FALSE,NOT_FOR_ENFORCEMENT,9488.4745,2189415.6736,9883.8276,9488.4745,395.3531,0.00395337,0.00379523,395.3531,9488.4745,0.00379523,395.3531,395.3531,395.3531,395.3531,395.3531,9488.4745,0.00379523,1976.7655,1824.8244,7907.0621,8059.0032,0.00316269,0.00322347,0.00015813,212.5216,219.9480,0.9532,119.0823,2.3972,30121.7335,124.9277,49.0469,238.9093,36.5364,75.9244,374.9013,749.8027,789.266,1183.8989,75.8035,-1.1839,10.395423,15.593133,2.799122,29,215,300,5,0.03207536,0.00395337,0.05088190,0E-8,0.000000,0.912219,0.000000,-0.04848366,2026-03-31,2026-08-01,83,4123,1621,124,0.669355,0.205295,0.230786,0.106918,,,,,,,,GLOBAL_BASELINE_NO_ENTITY_RANKING,,,NOT_APPLICABLE_GLOBAL_BASELINE,HF9g-P5,,,,X 全窗基线 · 不参与实体赏罚,15056537,1506,A168_HF9F_20260827_0900,2026-08-27 09:00:00
2026-07-23,92755421,2239,0,223.6203759854,75.8035172832,75.8035172832,0.6666667,3,3,0.49771390000000000,0.497713900000,0.5852756695216578,0.5852756695216578,0.5852756695216578,0E-17,ELIGIBLE,R03b_20260811_FULL_v1,L1_ELIGIBILITY,v2026-08-11,2026-03-21..2026-08-06,baccarat_bet02_101_all_pairs_incl_sentinel,round_win = game_pnl > 0 (decisive only),COMPATIBILITY_ONLY_NOT_PRODUCTION,2500103.8841,2280641.3266,9883.8276,11764,10369,-0.00395337,-0.05088190,-0.00239824,-0.00395337,-9883.8276,2500103.8841,OK,0.0000,395.3531,4.0000,96.0000,AG03-UNRESOLVED,ALL5_LEVELS_bet23_to_bet27,395.3531,395.3531,395.3531,395.3531,395.3531,4.000000,4.000000,4.000000,4.000000,4.000000,96.000000,96.000000,96.000000,96.000000,96.000000,5.0,1976.7655,1824.8244,7907.0621,8059.0032,PENDING_AG03,FALSE,NOT_FOR_ENFORCEMENT,9488.4745,2189415.6736,9883.8276,9488.4745,395.3531,0.00395337,0.00379523,395.3531,9488.4745,0.00379523,395.3531,395.3531,395.3531,395.3531,395.3531,9488.4745,0.00379523,1976.7655,1824.8244,7907.0621,8059.0032,0.00316269,0.00322347,0.00015813,212.5216,219.9480,0.9532,119.0823,2.3972,30121.7335,124.9277,49.0469,238.9093,36.5364,75.9244,374.9013,749.8027,789.266,1183.8989,75.8035,-1.1839,10.395423,15.593133,2.799122,29,215,300,5,0.03207536,0.00395337,0.05088190,0E-8,0.000000,0.912219,0.000000,-0.04848366,2026-03-31,2026-08-01,83,4123,1621,124,0.669355,0.205295,0.230786,0.106918,,,,,,,,GLOBAL_BASELINE_NO_ENTITY_RANKING,,,NOT_APPLICABLE_GLOBAL_BASELINE,HF9g-P5,,,,X 全窗基线 · 不参与实体赏罚,15056538,1506,A168_HF9F_20260827_0900,2026-08-27 09:00:00
2026-07-23,92755421,2258,0,1196.5585203151,363.2883565796,363.2883565796,0.6521739,27,23,0.49432779135550146,0.457237917391,1.514104245013894,1.876636199921765,1.514104245013894,0.03708987396450146,ELIGIBLE,R03b_20260811_FULL_v1,L1_ELIGIBILITY,v2026-08-11,2026-03-21..2026-08-06,baccarat_bet02_101_all_pairs_incl_sentinel,round_win = game_pnl > 0 (decisive only),COMPATIBILITY_ONLY_NOT_PRODUCTION,2500103.8841,2280641.3266,9883.8276,11764,10369,-0.00395337,-0.05088190,-0.00239824,-0.00395337,-9883.8276,2500103.8841,OK,0.0000,395.3531,4.0000,96.0000,AG03-UNRESOLVED,ALL5_LEVELS_bet23_to_bet27,395.3531,395.3531,395.3531,395.3531,395.3531,4.000000,4.000000,4.000000,4.000000,4.000000,96.000000,96.000000,96.000000,96.000000,96.000000,5.0,1976.7655,1824.8244,7907.0621,8059.0032,PENDING_AG03,FALSE,NOT_FOR_ENFORCEMENT,9488.4745,2189415.6736,9883.8276,9488.4745,395.3531,0.00395337,0.00379523,395.3531,9488.4745,0.00379523,395.3531,395.3531,395.3531,395.3531,395.3531,9488.4745,0.00379523,1976.7655,1824.8244,7907.0621,8059.0032,0.00316269,0.00322347,0.00015813,212.5216,219.9480,0.9532,119.0823,2.3972,30121.7335,124.9277,49.0469,238.9093,36.5364,75.9244,374.9013,749.8027,789.266,1183.8989,75.8035,-1.1839,10.395423,15.593133,2.799122,29,215,300,5,0.03207536,0.00395337,0.05088190,0E-8,0.000000,0.912219,0.000000,-0.04848366,2026-03-31,2026-08-01,83,4123,1621,124,0.669355,0.205295,0.230786,0.106918,,,,,,,,GLOBAL_BASELINE_NO_ENTITY_RANKING,,,NOT_APPLICABLE_GLOBAL_BASELINE,HF9g-P5,,,,X 全窗基线 · 不参与实体赏罚,15056539,1506,A168_HF9F_20260827_0900,2026-08-27 09:00:00
2026-07-23,92755421,2261,0,629.5482110368,244.2768344449,244.2768344449,0.7333333,16,15,0.49888887460315947,0.484581253333,1.8160034526251319,1.9277421385166775,1.8160034526251319,0.01430762127015947,ELIGIBLE,R03b_20260811_FULL_v1,L1_ELIGIBILITY,v2026-08-11,2026-03-21..2026-08-06,baccarat_bet02_101_all_pairs_incl_sentinel,round_win = game_pnl > 0 (decisive only),COMPATIBILITY_ONLY_NOT_PRODUCTION,2500103.8841,2280641.3266,9883.8276,11764,10369,-0.00395337,-0.05088190,-0.00239824,-0.00395337,-9883.8276,2500103.8841,OK,0.0000,395.3531,4.0000,96.0000,AG03-UNRESOLVED,ALL5_LEVELS_bet23_to_bet27,395.3531,395.3531,395.3531,395.3531,395.3531,4.000000,4.000000,4.000000,4.000000,4.000000,96.000000,96.000000,96.000000,96.000000,96.000000,5.0,1976.7655,1824.8244,7907.0621,8059.0032,PENDING_AG03,FALSE,NOT_FOR_ENFORCEMENT,9488.4745,2189415.6736,9883.8276,9488.4745,395.3531,0.00395337,0.00379523,395.3531,9488.4745,0.00379523,395.3531,395.3531,395.3531,395.3531,395.3531,9488.4745,0.00379523,1976.7655,1824.8244,7907.0621,8059.0032,0.00316269,0.00322347,0.00015813,212.5216,219.9480,0.9532,119.0823,2.3972,30121.7335,124.9277,49.0469,238.9093,36.5364,75.9244,374.9013,749.8027,789.266,1183.8989,75.8035,-1.1839,10.395423,15.593133,2.799122,29,215,300,5,0.03207536,0.00395337,0.05088190,0E-8,0.000000,0.912219,0.000000,-0.04848366,2026-03-31,2026-08-01,83,4123,1621,124,0.669355,0.205295,0.230786,0.106918,,,,,,,,GLOBAL_BASELINE_NO_ENTITY_RANKING,,,NOT_APPLICABLE_GLOBAL_BASELINE,HF9g-P5,,,,X 全窗基线 · 不参与实体赏罚,15056540,1506,A168_HF9F_20260827_0900,2026-08-27 09:00:00
2026-07-23,92755421,2280,0,209.5967252881,-82.4742268041,-82.4742268041,0.2500000,4,4,0.49994810000000000,0.499948100000,-0.9997924053861017,-0.9997924053861017,-0.9997924053861017,0E-17,ELIGIBLE,R03b_20260811_FULL_v1,L1_ELIGIBILITY,v2026-08-11,2026-03-21..2026-08-06,baccarat_bet02_101_all_pairs_incl_sentinel,round_win = game_pnl > 0 (decisive only),COMPATIBILITY_ONLY_NOT_PRODUCTION,2500103.8841,2280641.3266,9883.8276,11764,10369,-0.00395337,-0.05088190,-0.00239824,-0.00395337,-9883.8276,2500103.8841,OK,0.0000,395.3531,4.0000,96.0000,AG03-UNRESOLVED,ALL5_LEVELS_bet23_to_bet27,395.3531,395.3531,395.3531,395.3531,395.3531,4.000000,4.000000,4.000000,4.000000,4.000000,96.000000,96.000000,96.000000,96.000000,96.000000,5.0,1976.7655,1824.8244,7907.0621,8059.0032,PENDING_AG03,FALSE,NOT_FOR_ENFORCEMENT,9488.4745,2189415.6736,9883.8276,9488.4745,395.3531,0.00395337,0.00379523,395.3531,9488.4745,0.00379523,395.3531,395.3531,395.3531,395.3531,395.3531,9488.4745,0.00379523,1976.7655,1824.8244,7907.0621,8059.0032,0.00316269,0.00322347,0.00015813,212.5216,219.9480,0.9532,119.0823,2.3972,30121.7335,124.9277,49.0469,238.9093,36.5364,75.9244,374.9013,749.8027,789.266,1183.8989,75.8035,-1.1839,10.395423,15.593133,2.799122,29,215,300,5,0.03207536,0.00395337,0.05088190,0E-8,0.000000,0.912219,0.000000,-0.04848366,2026-03-31,2026-08-01,83,4123,1621,124,0.669355,0.205295,0.230786,0.106918,,,,,,,,GLOBAL_BASELINE_NO_ENTITY_RANKING,,,NOT_APPLICABLE_GLOBAL_BASELINE,HF9g-P5,,,,X 全窗基线 · 不参与实体赏罚,15056541,1506,A168_HF9F_20260827_0900,2026-08-27 09:00:00
2026-07-23,92755421,2287,0,475.2880533657,14.5921770770,14.5921770770,0.5000000,8,7,0.49766170448176178,0.465104114286,0.0114553870432682,0.17137210517614423,0.0114553870432682,0.03255759019576178,ELIGIBLE,R03b_20260811_FULL_v1,L1_ELIGIBILITY,v2026-08-11,2026-03-21..2026-08-06,baccarat_bet02_101_all_pairs_incl_sentinel,round_win = game_pnl > 0 (decisive only),COMPATIBILITY_ONLY_NOT_PRODUCTION,2500103.8841,2280641.3266,9883.8276,11764,10369,-0.00395337,-0.05088190,-0.00239824,-0.00395337,-9883.8276,2500103.8841,OK,0.0000,395.3531,4.0000,96.0000,AG03-UNRESOLVED,ALL5_LEVELS_bet23_to_bet27,395.3531,395.3531,395.3531,395.3531,395.3531,4.000000,4.000000,4.000000,4.000000,4.000000,96.000000,96.000000,96.000000,96.000000,96.000000,5.0,1976.7655,1824.8244,7907.0621,8059.0032,PENDING_AG03,FALSE,NOT_FOR_ENFORCEMENT,9488.4745,2189415.6736,9883.8276,9488.4745,395.3531,0.00395337,0.00379523,395.3531,9488.4745,0.00379523,395.3531,395.3531,395.3531,395.3531,395.3531,9488.4745,0.00379523,1976.7655,1824.8244,7907.0621,8059.0032,0.00316269,0.00322347,0.00015813,212.5216,219.9480,0.9532,119.0823,2.3972,30121.7335,124.9277,49.0469,238.9093,36.5364,75.9244,374.9013,749.8027,789.266,1183.8989,75.8035,-1.1839,10.395423,15.593133,2.799122,29,215,300,5,0.03207536,0.00395337,0.05088190,0E-8,0.000000,0.912219,0.000000,-0.04848366,2026-03-31,2026-08-01,83,4123,1621,124,0.669355,0.205295,0.230786,0.106918,,,,,,,,GLOBAL_BASELINE_NO_ENTITY_RANKING,,,NOT_APPLICABLE_GLOBAL_BASELINE,HF9g-P5,,,,X 全窗基线 · 不参与实体赏罚,15056542,1506,A168_HF9F_20260827_0900,2026-08-27 09:00:00
2026-07-23,92755421,462,0,227.4105518496,-79.5936931474,-79.5936931474,0.3333333,3,3,0.50218230000000000,0.502182300000,-0.5849155494134425,-0.5849155494134426,-0.5849155494134425,0E-17,ELIGIBLE,R03b_20260811_FULL_v1,L1_ELIGIBILITY,v2026-08-11,2026-03-21..2026-08-06,baccarat_bet02_101_all_pairs_incl_sentinel,round_win = game_pnl > 0 (decisive only),COMPATIBILITY_ONLY_NOT_PRODUCTION,2500103.8841,2280641.3266,9883.8276,11764,10369,-0.00395337,-0.05088190,-0.00239824,-0.00395337,-9883.8276,2500103.8841,OK,0.0000,395.3531,4.0000,96.0000,AG03-UNRESOLVED,ALL5_LEVELS_bet23_to_bet27,395.3531,395.3531,395.3531,395.3531,395.3531,4.000000,4.000000,4.000000,4.000000,4.000000,96.000000,96.000000,96.000000,96.000000,96.000000,5.0,1976.7655,1824.8244,7907.0621,8059.0032,PENDING_AG03,FALSE,NOT_FOR_ENFORCEMENT,9488.4745,2189415.6736,9883.8276,9488.4745,395.3531,0.00395337,0.00379523,395.3531,9488.4745,0.00379523,395.3531,395.3531,395.3531,395.3531,395.3531,9488.4745,0.00379523,1976.7655,1824.8244,7907.0621,8059.0032,0.00316269,0.00322347,0.00015813,212.5216,219.9480,0.9532,119.0823,2.3972,30121.7335,124.9277,49.0469,238.9093,36.5364,75.9244,374.9013,749.8027,789.266,1183.8989,75.8035,-1.1839,10.395423,15.593133,2.799122,29,215,300,5,0.03207536,0.00395337,0.05088190,0E-8,0.000000,0.912219,0.000000,-0.04848366,2026-03-31,2026-08-01,83,4123,1621,124,0.669355,0.205295,0.230786,0.106918,,,,,,,,GLOBAL_BASELINE_NO_ENTITY_RANKING,,,NOT_APPLICABLE_GLOBAL_BASELINE,HF9g-P5,,,,X 全窗基线 · 不参与实体赏罚,15056543,1506,A168_HF9F_20260827_0900,2026-08-27 09:00:00
2026-07-23,92755421,471,0,189.5087932080,-75.8035172832,-75.8035172832,0.3333333,4,4,0.50329940000000000,0.503299400000,-0.5887925454369916,-0.5887925454369916,-0.5887925454369916,0E-17,ELIGIBLE,R03b_20260811_FULL_v1,L1_ELIGIBILITY,v2026-08-11,2026-03-21..2026-08-06,baccarat_bet02_101_all_pairs_incl_sentinel,round_win = game_pnl > 0 (decisive only),COMPATIBILITY_ONLY_NOT_PRODUCTION,2500103.8841,2280641.3266,9883.8276,11764,10369,-0.00395337,-0.05088190,-0.00239824,-0.00395337,-9883.8276,2500103.8841,OK,0.0000,395.3531,4.0000,96.0000,AG03-UNRESOLVED,ALL5_LEVELS_bet23_to_bet27,395.3531,395.3531,395.3531,395.3531,395.3531,4.000000,4.000000,4.000000,4.000000,4.000000,96.000000,96.000000,96.000000,96.000000,96.000000,5.0,1976.7655,1824.8244,7907.0621,8059.0032,PENDING_AG03,FALSE,NOT_FOR_ENFORCEMENT,9488.4745,2189415.6736,9883.8276,9488.4745,395.3531,0.00395337,0.00379523,395.3531,9488.4745,0.00379523,395.3531,395.3531,395.3531,395.3531,395.3531,9488.4745,0.00379523,1976.7655,1824.8244,7907.0621,8059.0032,0.00316269,0.00322347,0.00015813,212.5216,219.9480,0.9532,119.0823,2.3972,30121.7335,124.9277,49.0469,238.9093,36.5364,75.9244,374.9013,749.8027,789.266,1183.8989,75.8035,-1.1839,10.395423,15.593133,2.799122,29,215,300,5,0.03207536,0.00395337,0.05088190,0E-8,0.000000,0.912219,0.000000,-0.04848366,2026-03-31,2026-08-01,83,4123,1621,124,0.669355,0.205295,0.230786,0.106918,,,,,,,,GLOBAL_BASELINE_NO_ENTITY_RANKING,,,NOT_APPLICABLE_GLOBAL_BASELINE,HF9g-P5,,,,X 全窗基线 · 不参与实体赏罚,15056544,1506,A168_HF9F_20260827_0900,2026-08-27 09:00:00
2026-07-23,92755421,526,0,223.6203759854,0E-10,0E-10,0.5000000,6,6,0.50218230000000000,0.502182300000,-0.01069114476356389,-0.01069114476356389,-0.01069114476356389,0E-17,ELIGIBLE,R03b_20260811_FULL_v1,L1_ELIGIBILITY,v2026-08-11,2026-03-21..2026-08-06,baccarat_bet02_101_all_pairs_incl_sentinel,round_win = game_pnl > 0 (decisive only),COMPATIBILITY_ONLY_NOT_PRODUCTION,2500103.8841,2280641.3266,9883.8276,11764,10369,-0.00395337,-0.05088190,-0.00239824,-0.00395337,-9883.8276,2500103.8841,OK,0.0000,395.3531,4.0000,96.0000,AG03-UNRESOLVED,ALL5_LEVELS_bet23_to_bet27,395.3531,395.3531,395.3531,395.3531,395.3531,4.000000,4.000000,4.000000,4.000000,4.000000,96.000000,96.000000,96.000000,96.000000,96.000000,5.0,1976.7655,1824.8244,7907.0621,8059.0032,PENDING_AG03,FALSE,NOT_FOR_ENFORCEMENT,9488.4745,2189415.6736,9883.8276,9488.4745,395.3531,0.00395337,0.00379523,395.3531,9488.4745,0.00379523,395.3531,395.3531,395.3531,395.3531,395.3531,9488.4745,0.00379523,1976.7655,1824.8244,7907.0621,8059.0032,0.00316269,0.00322347,0.00015813,212.5216,219.9480,0.9532,119.0823,2.3972,30121.7335,124.9277,49.0469,238.9093,36.5364,75.9244,374.9013,749.8027,789.266,1183.8989,75.8035,-1.1839,10.395423,15.593133,2.799122,29,215,300,5,0.03207536,0.00395337,0.05088190,0E-8,0.000000,0.912219,0.000000,-0.04848366,2026-03-31,2026-08-01,83,4123,1621,124,0.669355,0.205295,0.230786,0.106918,,,,,,,,GLOBAL_BASELINE_NO_ENTITY_RANKING,,,NOT_APPLICABLE_GLOBAL_BASELINE,HF9g-P5,,,,X 全窗基线 · 不参与实体赏罚,15056545,1506,A168_HF9F_20260827_0900,2026-08-27 09:00:00
2026-07-23,92755421,595,0,286.1582777439,-34.1115827774,-34.1115827774,0.5000000,6,6,0.50441650000000000,0.504416500000,-0.01766668920767576,-0.017666689207675765,-0.01766668920767576,0E-17,ELIGIBLE,R03b_20260811_FULL_v1,L1_ELIGIBILITY,v2026-08-11,2026-03-21..2026-08-06,baccarat_bet02_101_all_pairs_incl_sentinel,round_win = game_pnl > 0 (decisive only),COMPATIBILITY_ONLY_NOT_PRODUCTION,2500103.8841,2280641.3266,9883.8276,11764,10369,-0.00395337,-0.05088190,-0.00239824,-0.00395337,-9883.8276,2500103.8841,OK,0.0000,395.3531,4.0000,96.0000,AG03-UNRESOLVED,ALL5_LEVELS_bet23_to_bet27,395.3531,395.3531,395.3531,395.3531,395.3531,4.000000,4.000000,4.000000,4.000000,4.000000,96.000000,96.000000,96.000000,96.000000,96.000000,5.0,1976.7655,1824.8244,7907.0621,8059.0032,PENDING_AG03,FALSE,NOT_FOR_ENFORCEMENT,9488.4745,2189415.6736,9883.8276,9488.4745,395.3531,0.00395337,0.00379523,395.3531,9488.4745,0.00379523,395.3531,395.3531,395.3531,395.3531,395.3531,9488.4745,0.00379523,1976.7655,1824.8244,7907.0621,8059.0032,0.00316269,0.00322347,0.00015813,212.5216,219.9480,0.9532,119.0823,2.3972,30121.7335,124.9277,49.0469,238.9093,36.5364,75.9244,374.9013,749.8027,789.266,1183.8989,75.8035,-1.1839,10.395423,15.593133,2.799122,29,215,300,5,0.03207536,0.00395337,0.05088190,0E-8,0.000000,0.912219,0.000000,-0.04848366,2026-03-31,2026-08-01,83,4123,1621,124,0.669355,0.205295,0.230786,0.106918,,,,,,,,GLOBAL_BASELINE_NO_ENTITY_RANKING,,,NOT_APPLICABLE_GLOBAL_BASELINE,HF9g-P5,,,,X 全窗基线 · 不参与实体赏罚,15056546,1506,A168_HF9F_20260827_0900,2026-08-27 09:00:00
2026-07-23,92755421,919,0,149.7119466343,-75.8035172832,-75.8035172832,0.3333333,3,3,0.50665070000000000,0.506650700000,-0.6004420894325239,-0.6004420894325239,-0.6004420894325239,0E-17,ELIGIBLE,R03b_20260811_FULL_v1,L1_ELIGIBILITY,v2026-08-11,2026-03-21..2026-08-06,baccarat_bet02_101_all_pairs_incl_sentinel,round_win = game_pnl > 0 (decisive only),COMPATIBILITY_ONLY_NOT_PRODUCTION,2500103.8841,2280641.3266,9883.8276,11764,10369,-0.00395337,-0.05088190,-0.00239824,-0.00395337,-9883.8276,2500103.8841,OK,0.0000,395.3531,4.0000,96.0000,AG03-UNRESOLVED,ALL5_LEVELS_bet23_to_bet27,395.3531,395.3531,395.3531,395.3531,395.3531,4.000000,4.000000,4.000000,4.000000,4.000000,96.000000,96.000000,96.000000,96.000000,96.000000,5.0,1976.7655,1824.8244,7907.0621,8059.0032,PENDING_AG03,FALSE,NOT_FOR_ENFORCEMENT,9488.4745,2189415.6736,9883.8276,9488.4745,395.3531,0.00395337,0.00379523,395.3531,9488.4745,0.00379523,395.3531,395.3531,395.3531,395.3531,395.3531,9488.4745,0.00379523,1976.7655,1824.8244,7907.0621,8059.0032,0.00316269,0.00322347,0.00015813,212.5216,219.9480,0.9532,119.0823,2.3972,30121.7335,124.9277,49.0469,238.9093,36.5364,75.9244,374.9013,749.8027,789.266,1183.8989,75.8035,-1.1839,10.395423,15.593133,2.799122,29,215,300,5,0.03207536,0.00395337,0.05088190,0E-8,0.000000,0.912219,0.000000,-0.04848366,2026-03-31,2026-08-01,83,4123,1621,124,0.669355,0.205295,0.230786,0.106918,,,,,,,,GLOBAL_BASELINE_NO_ENTITY_RANKING,,,NOT_APPLICABLE_GLOBAL_BASELINE,HF9g-P5,,,,X 全窗基线 · 不参与实体赏罚,15056547,1506,A168_HF9F_20260827_0900,2026-08-27 09:00:00
2026-07-23,92755421,948,0,504.0933899333,6.0642813826,6.0642813826,0.5000000,10,9,0.49922792102100640,0.473591955556,0.004367543460304073,0.14959525506457919,0.004367543460304073,0.02563596546500640,ELIGIBLE,R03b_20260811_FULL_v1,L1_ELIGIBILITY,v2026-08-11,2026-03-21..2026-08-06,baccarat_bet02_101_all_pairs_incl_sentinel,round_win = game_pnl > 0 (decisive only),COMPATIBILITY_ONLY_NOT_PRODUCTION,2500103.8841,2280641.3266,9883.8276,11764,10369,-0.00395337,-0.05088190,-0.00239824,-0.00395337,-9883.8276,2500103.8841,OK,0.0000,395.3531,4.0000,96.0000,AG03-UNRESOLVED,ALL5_LEVELS_bet23_to_bet27,395.3531,395.3531,395.3531,395.3531,395.3531,4.000000,4.000000,4.000000,4.000000,4.000000,96.000000,96.000000,96.000000,96.000000,96.000000,5.0,1976.7655,1824.8244,7907.0621,8059.0032,PENDING_AG03,FALSE,NOT_FOR_ENFORCEMENT,9488.4745,2189415.6736,9883.8276,9488.4745,395.3531,0.00395337,0.00379523,395.3531,9488.4745,0.00379523,395.3531,395.3531,395.3531,395.3531,395.3531,9488.4745,0.00379523,1976.7655,1824.8244,7907.0621,8059.0032,0.00316269,0.00322347,0.00015813,212.5216,219.9480,0.9532,119.0823,2.3972,30121.7335,124.9277,49.0469,238.9093,36.5364,75.9244,374.9013,749.8027,789.266,1183.8989,75.8035,-1.1839,10.395423,15.593133,2.799122,29,215,300,5,0.03207536,0.00395337,0.05088190,0E-8,0.000000,0.912219,0.000000,-0.04848366,2026-03-31,2026-08-01,83,4123,1621,124,0.669355,0.205295,0.230786,0.106918,,,,,,,,GLOBAL_BASELINE_NO_ENTITY_RANKING,,,NOT_APPLICABLE_GLOBAL_BASELINE,HF9g-P5,,,,X 全窗基线 · 不参与实体赏罚,15056548,1506,A168_HF9F_20260827_0900,2026-08-27 09:00:00
2026-07-23,92755421,987,0,151.6070345664,0E-10,0E-10,0.5000000,2,2,0.49994810000000000,0.499948100000,0.00014679536856514622,0.00014679536856514622,0.00014679536856514622,0E-17,ELIGIBLE,R03b_20260811_FULL_v1,L1_ELIGIBILITY,v2026-08-11,2026-03-21..2026-08-06,baccarat_bet02_101_all_pairs_incl_sentinel,round_win = game_pnl > 0 (decisive only),COMPATIBILITY_ONLY_NOT_PRODUCTION,2500103.8841,2280641.3266,9883.8276,11764,10369,-0.00395337,-0.05088190,-0.00239824,-0.00395337,-9883.8276,2500103.8841,OK,0.0000,395.3531,4.0000,96.0000,AG03-UNRESOLVED,ALL5_LEVELS_bet23_to_bet27,395.3531,395.3531,395.3531,395.3531,395.3531,4.000000,4.000000,4.000000,4.000000,4.000000,96.000000,96.000000,96.000000,96.000000,96.000000,5.0,1976.7655,1824.8244,7907.0621,8059.0032,PENDING_AG03,FALSE,NOT_FOR_ENFORCEMENT,9488.4745,2189415.6736,9883.8276,9488.4745,395.3531,0.00395337,0.00379523,395.3531,9488.4745,0.00379523,395.3531,395.3531,395.3531,395.3531,395.3531,9488.4745,0.00379523,1976.7655,1824.8244,7907.0621,8059.0032,0.00316269,0.00322347,0.00015813,212.5216,219.9480,0.9532,119.0823,2.3972,30121.7335,124.9277,49.0469,238.9093,36.5364,75.9244,374.9013,749.8027,789.266,1183.8989,75.8035,-1.1839,10.395423,15.593133,2.799122,29,215,300,5,0.03207536,0.00395337,0.05088190,0E-8,0.000000,0.912219,0.000000,-0.04848366,2026-03-31,2026-08-01,83,4123,1621,124,0.669355,0.205295,0.230786,0.106918,,,,,,,,GLOBAL_BASELINE_NO_ENTITY_RANKING,,,NOT_APPLICABLE_GLOBAL_BASELINE,HF9g-P5,,,,X 全窗基线 · 不参与实体赏罚,15056549,1506,A168_HF9F_20260827_0900,2026-08-27 09:00:00
2026-07-24,92755421,-1,1,1896.6040024256,541.8056397813,541.8056397813,0.6666667,28,26,0.49892316526204620,0.481701538462,1.6435477560684117,1.8134955829998147,1.6435477560684117,0.01722162680004620,SENTINEL_DEALER,R03b_20260811_FULL_v1,L1_ELIGIBILITY,v2026-08-11,2026-03-21..2026-08-06,baccarat_bet02_101_all_pairs_incl_sentinel,round_win = game_pnl > 0 (decisive only),COMPATIBILITY_ONLY_NOT_PRODUCTION,2500103.8841,2280641.3266,9883.8276,11764,10369,-0.00395337,-0.05088190,-0.00239824,-0.00395337,-9883.8276,2500103.8841,OK,0.0000,395.3531,4.0000,96.0000,AG03-UNRESOLVED,ALL5_LEVELS_bet23_to_bet27,395.3531,395.3531,395.3531,395.3531,395.3531,4.000000,4.000000,4.000000,4.000000,4.000000,96.000000,96.000000,96.000000,96.000000,96.000000,5.0,1976.7655,1824.8244,7907.0621,8059.0032,PENDING_AG03,FALSE,NOT_FOR_ENFORCEMENT,9488.4745,2189415.6736,9883.8276,9488.4745,395.3531,0.00395337,0.00379523,395.3531,9488.4745,0.00379523,395.3531,395.3531,395.3531,395.3531,395.3531,9488.4745,0.00379523,1976.7655,1824.8244,7907.0621,8059.0032,0.00316269,0.00322347,0.00015813,212.5216,219.9480,0.9532,119.0823,2.3972,30121.7335,124.9277,49.0469,238.9093,36.5364,75.9244,374.9013,749.8027,789.266,1183.8989,75.8035,-1.1839,10.395423,15.593133,2.799122,29,215,300,5,0.03207536,0.00395337,0.05088190,0E-8,0.000000,0.912219,0.000000,-0.04848366,2026-03-31,2026-08-01,83,4123,1621,124,0.669355,0.205295,0.230786,0.106918,,,,,,,,GLOBAL_BASELINE_NO_ENTITY_RANKING,,,NOT_APPLICABLE_GLOBAL_BASELINE,HF9g-P5,,,,X 全窗基线 · 不参与实体赏罚,15056550,1506,A168_HF9F_20260827_0900,2026-08-27 09:00:00
2026-07-24,92755421,1151,0,75.8035172832,-75.8035172832,-75.8035172832,0E-7,1,1,0.49324550000000000,0.493245500000,-0.9865810262130424,-0.9865810262130424,-0.9865810262130424,0E-17,ELIGIBLE,R03b_20260811_FULL_v1,L1_ELIGIBILITY,v2026-08-11,2026-03-21..2026-08-06,baccarat_bet02_101_all_pairs_incl_sentinel,round_win = game_pnl > 0 (decisive only),COMPATIBILITY_ONLY_NOT_PRODUCTION,2500103.8841,2280641.3266,9883.8276,11764,10369,-0.00395337,-0.05088190,-0.00239824,-0.00395337,-9883.8276,2500103.8841,OK,0.0000,395.3531,4.0000,96.0000,AG03-UNRESOLVED,ALL5_LEVELS_bet23_to_bet27,395.3531,395.3531,395.3531,395.3531,395.3531,4.000000,4.000000,4.000000,4.000000,4.000000,96.000000,96.000000,96.000000,96.000000,96.000000,5.0,1976.7655,1824.8244,7907.0621,8059.0032,PENDING_AG03,FALSE,NOT_FOR_ENFORCEMENT,9488.4745,2189415.6736,9883.8276,9488.4745,395.3531,0.00395337,0.00379523,395.3531,9488.4745,0.00379523,395.3531,395.3531,395.3531,395.3531,395.3531,9488.4745,0.00379523,1976.7655,1824.8244,7907.0621,8059.0032,0.00316269,0.00322347,0.00015813,212.5216,219.9480,0.9532,119.0823,2.3972,30121.7335,124.9277,49.0469,238.9093,36.5364,75.9244,374.9013,749.8027,789.266,1183.8989,75.8035,-1.1839,10.395423,15.593133,2.799122,29,215,300,5,0.03207536,0.00395337,0.05088190,0E-8,0.000000,0.912219,0.000000,-0.04848366,2026-03-31,2026-08-01,83,4123,1621,124,0.669355,0.205295,0.230786,0.106918,,,,,,,,GLOBAL_BASELINE_NO_ENTITY_RANKING,,,NOT_APPLICABLE_GLOBAL_BASELINE,HF9g-P5,,,,X 全窗基线 · 不参与实体赏罚,15056551,1506,A168_HF9F_20260827_0900,2026-08-27 09:00:00
2026-07-24,92755421,1210,0,295.6337174044,75.8035172832,75.8035172832,0.6666667,4,4,0.49659680000000000,0.496596800000,0.5891529468324541,0.589152946832454,0.5891529468324541,0E-17,ELIGIBLE,R03b_20260811_FULL_v1,L1_ELIGIBILITY,v2026-08-11,2026-03-21..2026-08-06,baccarat_bet02_101_all_pairs_incl_sentinel,round_win = game_pnl > 0 (decisive only),COMPATIBILITY_ONLY_NOT_PRODUCTION,2500103.8841,2280641.3266,9883.8276,11764,10369,-0.00395337,-0.05088190,-0.00239824,-0.00395337,-9883.8276,2500103.8841,OK,0.0000,395.3531,4.0000,96.0000,AG03-UNRESOLVED,ALL5_LEVELS_bet23_to_bet27,395.3531,395.3531,395.3531,395.3531,395.3531,4.000000,4.000000,4.000000,4.000000,4.000000,96.000000,96.000000,96.000000,96.000000,96.000000,5.0,1976.7655,1824.8244,7907.0621,8059.0032,PENDING_AG03,FALSE,NOT_FOR_ENFORCEMENT,9488.4745,2189415.6736,9883.8276,9488.4745,395.3531,0.00395337,0.00379523,395.3531,9488.4745,0.00379523,395.3531,395.3531,395.3531,395.3531,395.3531,9488.4745,0.00379523,1976.7655,1824.8244,7907.0621,8059.0032,0.00316269,0.00322347,0.00015813,212.5216,219.9480,0.9532,119.0823,2.3972,30121.7335,124.9277,49.0469,238.9093,36.5364,75.9244,374.9013,749.8027,789.266,1183.8989,75.8035,-1.1839,10.395423,15.593133,2.799122,29,215,300,5,0.03207536,0.00395337,0.05088190,0E-8,0.000000,0.912219,0.000000,-0.04848366,2026-03-31,2026-08-01,83,4123,1621,124,0.669355,0.205295,0.230786,0.106918,,,,,,,,GLOBAL_BASELINE_NO_ENTITY_RANKING,,,NOT_APPLICABLE_GLOBAL_BASELINE,HF9g-P5,,,,X 全窗基线 · 不参与实体赏罚,15056552,1506,A168_HF9F_20260827_0900,2026-08-27 09:00:00
2026-07-24,92755421,1300,0,151.6070345664,-3.7901758642,-3.7901758642,0.5000000,2,2,0.49994810000000000,0.499948100000,0.00014679536856514622,0.00014679536856514622,0.00014679536856514622,0E-17,ELIGIBLE,R03b_20260811_FULL_v1,L1_ELIGIBILITY,v2026-08-11,2026-03-21..2026-08-06,baccarat_bet02_101_all_pairs_incl_sentinel,round_win = game_pnl > 0 (decisive only),COMPATIBILITY_ONLY_NOT_PRODUCTION,2500103.8841,2280641.3266,9883.8276,11764,10369,-0.00395337,-0.05088190,-0.00239824,-0.00395337,-9883.8276,2500103.8841,OK,0.0000,395.3531,4.0000,96.0000,AG03-UNRESOLVED,ALL5_LEVELS_bet23_to_bet27,395.3531,395.3531,395.3531,395.3531,395.3531,4.000000,4.000000,4.000000,4.000000,4.000000,96.000000,96.000000,96.000000,96.000000,96.000000,5.0,1976.7655,1824.8244,7907.0621,8059.0032,PENDING_AG03,FALSE,NOT_FOR_ENFORCEMENT,9488.4745,2189415.6736,9883.8276,9488.4745,395.3531,0.00395337,0.00379523,395.3531,9488.4745,0.00379523,395.3531,395.3531,395.3531,395.3531,395.3531,9488.4745,0.00379523,1976.7655,1824.8244,7907.0621,8059.0032,0.00316269,0.00322347,0.00015813,212.5216,219.9480,0.9532,119.0823,2.3972,30121.7335,124.9277,49.0469,238.9093,36.5364,75.9244,374.9013,749.8027,789.266,1183.8989,75.8035,-1.1839,10.395423,15.593133,2.799122,29,215,300,5,0.03207536,0.00395337,0.05088190,0E-8,0.000000,0.912219,0.000000,-0.04848366,2026-03-31,2026-08-01,83,4123,1621,124,0.669355,0.205295,0.230786,0.106918,,,,,,,,GLOBAL_BASELINE_NO_ENTITY_RANKING,,,NOT_APPLICABLE_GLOBAL_BASELINE,HF9g-P5,,,,X 全窗基线 · 不参与实体赏罚,15056553,1506,A168_HF9F_20260827_0900,2026-08-27 09:00:00
2026-07-24,92755421,1750,0,379.0175864160,227.4105518496,227.4105518496,0.8000000,5,5,0.49324550000000000,0.493245500000,1.3719730223118614,1.3719730223118614,1.3719730223118614,0E-17,ELIGIBLE,R03b_20260811_FULL_v1,L1_ELIGIBILITY,v2026-08-11,2026-03-21..2026-08-06,baccarat_bet02_101_all_pairs_incl_sentinel,round_win = game_pnl > 0 (decisive only),COMPATIBILITY_ONLY_NOT_PRODUCTION,2500103.8841,2280641.3266,9883.8276,11764,10369,-0.00395337,-0.05088190,-0.00239824,-0.00395337,-9883.8276,2500103.8841,OK,0.0000,395.3531,4.0000,96.0000,AG03-UNRESOLVED,ALL5_LEVELS_bet23_to_bet27,395.3531,395.3531,395.3531,395.3531,395.3531,4.000000,4.000000,4.000000,4.000000,4.000000,96.000000,96.000000,96.000000,96.000000,96.000000,5.0,1976.7655,1824.8244,7907.0621,8059.0032,PENDING_AG03,FALSE,NOT_FOR_ENFORCEMENT,9488.4745,2189415.6736,9883.8276,9488.4745,395.3531,0.00395337,0.00379523,395.3531,9488.4745,0.00379523,395.3531,395.3531,395.3531,395.3531,395.3531,9488.4745,0.00379523,1976.7655,1824.8244,7907.0621,8059.0032,0.00316269,0.00322347,0.00015813,212.5216,219.9480,0.9532,119.0823,2.3972,30121.7335,124.9277,49.0469,238.9093,36.5364,75.9244,374.9013,749.8027,789.266,1183.8989,75.8035,-1.1839,10.395423,15.593133,2.799122,29,215,300,5,0.03207536,0.00395337,0.05088190,0E-8,0.000000,0.912219,0.000000,-0.04848366,2026-03-31,2026-08-01,83,4123,1621,124,0.669355,0.205295,0.230786,0.106918,,,,,,,,GLOBAL_BASELINE_NO_ENTITY_RANKING,,,NOT_APPLICABLE_GLOBAL_BASELINE,HF9g-P5,,,,X 全窗基线 · 不参与实体赏罚,15056554,1506,A168_HF9F_20260827_0900,2026-08-27 09:00:00
2026-07-24,92755421,2121,0,112.1892055791,-38.2807762280,-38.2807762280,0.5000000,2,2,0.49994810000000000,0.499948100000,0.00014679536856514622,0.00014679536856514622,0.00014679536856514622,0E-17,ELIGIBLE,R03b_20260811_FULL_v1,L1_ELIGIBILITY,v2026-08-11,2026-03-21..2026-08-06,baccarat_bet02_101_all_pairs_incl_sentinel,round_win = game_pnl > 0 (decisive only),COMPATIBILITY_ONLY_NOT_PRODUCTION,2500103.8841,2280641.3266,9883.8276,11764,10369,-0.00395337,-0.05088190,-0.00239824,-0.00395337,-9883.8276,2500103.8841,OK,0.0000,395.3531,4.0000,96.0000,AG03-UNRESOLVED,ALL5_LEVELS_bet23_to_bet27,395.3531,395.3531,395.3531,395.3531,395.3531,4.000000,4.000000,4.000000,4.000000,4.000000,96.000000,96.000000,96.000000,96.000000,96.000000,5.0,1976.7655,1824.8244,7907.0621,8059.0032,PENDING_AG03,FALSE,NOT_FOR_ENFORCEMENT,9488.4745,2189415.6736,9883.8276,9488.4745,395.3531,0.00395337,0.00379523,395.3531,9488.4745,0.00379523,395.3531,395.3531,395.3531,395.3531,395.3531,9488.4745,0.00379523,1976.7655,1824.8244,7907.0621,8059.0032,0.00316269,0.00322347,0.00015813,212.5216,219.9480,0.9532,119.0823,2.3972,30121.7335,124.9277,49.0469,238.9093,36.5364,75.9244,374.9013,749.8027,789.266,1183.8989,75.8035,-1.1839,10.395423,15.593133,2.799122,29,215,300,5,0.03207536,0.00395337,0.05088190,0E-8,0.000000,0.912219,0.000000,-0.04848366,2026-03-31,2026-08-01,83,4123,1621,124,0.669355,0.205295,0.230786,0.106918,,,,,,,,GLOBAL_BASELINE_NO_ENTITY_RANKING,,,NOT_APPLICABLE_GLOBAL_BASELINE,HF9g-P5,,,,X 全窗基线 · 不参与实体赏罚,15056555,1506,A168_HF9F_20260827_0900,2026-08-27 09:00:00
2026-07-24,92755421,2127,0,75.8035172832,-75.8035172832,-75.8035172832,0E-7,1,1,0.49324550000000000,0.493245500000,-0.9865810262130424,-0.9865810262130424,-0.9865810262130424,0E-17,ELIGIBLE,R03b_20260811_FULL_v1,L1_ELIGIBILITY,v2026-08-11,2026-03-21..2026-08-06,baccarat_bet02_101_all_pairs_incl_sentinel,round_win = game_pnl > 0 (decisive only),COMPATIBILITY_ONLY_NOT_PRODUCTION,2500103.8841,2280641.3266,9883.8276,11764,10369,-0.00395337,-0.05088190,-0.00239824,-0.00395337,-9883.8276,2500103.8841,OK,0.0000,395.3531,4.0000,96.0000,AG03-UNRESOLVED,ALL5_LEVELS_bet23_to_bet27,395.3531,395.3531,395.3531,395.3531,395.3531,4.000000,4.000000,4.000000,4.000000,4.000000,96.000000,96.000000,96.000000,96.000000,96.000000,5.0,1976.7655,1824.8244,7907.0621,8059.0032,PENDING_AG03,FALSE,NOT_FOR_ENFORCEMENT,9488.4745,2189415.6736,9883.8276,9488.4745,395.3531,0.00395337,0.00379523,395.3531,9488.4745,0.00379523,395.3531,395.3531,395.3531,395.3531,395.3531,9488.4745,0.00379523,1976.7655,1824.8244,7907.0621,8059.0032,0.00316269,0.00322347,0.00015813,212.5216,219.9480,0.9532,119.0823,2.3972,30121.7335,124.9277,49.0469,238.9093,36.5364,75.9244,374.9013,749.8027,789.266,1183.8989,75.8035,-1.1839,10.395423,15.593133,2.799122,29,215,300,5,0.03207536,0.00395337,0.05088190,0E-8,0.000000,0.912219,0.000000,-0.04848366,2026-03-31,2026-08-01,83,4123,1621,124,0.669355,0.205295,0.230786,0.106918,,,,,,,,GLOBAL_BASELINE_NO_ENTITY_RANKING,,,NOT_APPLICABLE_GLOBAL_BASELINE,HF9g-P5,,,,X 全窗基线 · 不参与实体赏罚,15056556,1506,A168_HF9F_20260827_0900,2026-08-27 09:00:00
2026-07-24,92755421,2142,0,75.8035172832,-75.8035172832,-75.8035172832,0E-7,1,1,0.50665070000000000,0.506650700000,-1.013391052207602,-1.013391052207602,-1.013391052207602,0E-17,ELIGIBLE,R03b_20260811_FULL_v1,L1_ELIGIBILITY,v2026-08-11,2026-03-21..2026-08-06,baccarat_bet02_101_all_pairs_incl_sentinel,round_win = game_pnl > 0 (decisive only),COMPATIBILITY_ONLY_NOT_PRODUCTION,2500103.8841,2280641.3266,9883.8276,11764,10369,-0.00395337,-0.05088190,-0.00239824,-0.00395337,-9883.8276,2500103.8841,OK,0.0000,395.3531,4.0000,96.0000,AG03-UNRESOLVED,ALL5_LEVELS_bet23_to_bet27,395.3531,395.3531,395.3531,395.3531,395.3531,4.000000,4.000000,4.000000,4.000000,4.000000,96.000000,96.000000,96.000000,96.000000,96.000000,5.0,1976.7655,1824.8244,7907.0621,8059.0032,PENDING_AG03,FALSE,NOT_FOR_ENFORCEMENT,9488.4745,2189415.6736,9883.8276,9488.4745,395.3531,0.00395337,0.00379523,395.3531,9488.4745,0.00379523,395.3531,395.3531,395.3531,395.3531,395.3531,9488.4745,0.00379523,1976.7655,1824.8244,7907.0621,8059.0032,0.00316269,0.00322347,0.00015813,212.5216,219.9480,0.9532,119.0823,2.3972,30121.7335,124.9277,49.0469,238.9093,36.5364,75.9244,374.9013,749.8027,789.266,1183.8989,75.8035,-1.1839,10.395423,15.593133,2.799122,29,215,300,5,0.03207536,0.00395337,0.05088190,0E-8,0.000000,0.912219,0.000000,-0.04848366,2026-03-31,2026-08-01,83,4123,1621,124,0.669355,0.205295,0.230786,0.106918,,,,,,,,GLOBAL_BASELINE_NO_ENTITY_RANKING,,,NOT_APPLICABLE_GLOBAL_BASELINE,HF9g-P5,,,,X 全窗基线 · 不参与实体赏罚,15056557,1506,A168_HF9F_20260827_0900,2026-08-27 09:00:00
2026-07-24,92755421,2169,0,155.3972104306,68.2231655548,68.2231655548,0.5000000,3,2,0.48865260952369599,0.381345450000,0.032103535595574655,0.3454745057990616,0.032103535595574655,0.10730715952369599,ELIGIBLE,R03b_20260811_FULL_v1,L1_ELIGIBILITY,v2026-08-11,2026-03-21..2026-08-06,baccarat_bet02_101_all_pairs_incl_sentinel,round_win = game_pnl > 0 (decisive only),COMPATIBILITY_ONLY_NOT_PRODUCTION,2500103.8841,2280641.3266,9883.8276,11764,10369,-0.00395337,-0.05088190,-0.00239824,-0.00395337,-9883.8276,2500103.8841,OK,0.0000,395.3531,4.0000,96.0000,AG03-UNRESOLVED,ALL5_LEVELS_bet23_to_bet27,395.3531,395.3531,395.3531,395.3531,395.3531,4.000000,4.000000,4.000000,4.000000,4.000000,96.000000,96.000000,96.000000,96.000000,96.000000,5.0,1976.7655,1824.8244,7907.0621,8059.0032,PENDING_AG03,FALSE,NOT_FOR_ENFORCEMENT,9488.4745,2189415.6736,9883.8276,9488.4745,395.3531,0.00395337,0.00379523,395.3531,9488.4745,0.00379523,395.3531,395.3531,395.3531,395.3531,395.3531,9488.4745,0.00379523,1976.7655,1824.8244,7907.0621,8059.0032,0.00316269,0.00322347,0.00015813,212.5216,219.9480,0.9532,119.0823,2.3972,30121.7335,124.9277,49.0469,238.9093,36.5364,75.9244,374.9013,749.8027,789.266,1183.8989,75.8035,-1.1839,10.395423,15.593133,2.799122,29,215,300,5,0.03207536,0.00395337,0.05088190,0E-8,0.000000,0.912219,0.000000,-0.04848366,2026-03-31,2026-08-01,83,4123,1621,124,0.669355,0.205295,0.230786,0.106918,,,,,,,,GLOBAL_BASELINE_NO_ENTITY_RANKING,,,NOT_APPLICABLE_GLOBAL_BASELINE,HF9g-P5,,,,X 全窗基线 · 不参与实体赏罚,15056558,1506,A168_HF9F_20260827_0900,2026-08-27 09:00:00
2026-07-24,92755421,2170,0,151.6070345664,-75.8035172832,-75.8035172832,0E-7,2,2,0.50665070000000000,0.506650700000,-1.013391052207602,-1.013391052207602,-1.013391052207602,0E-17,ELIGIBLE,R03b_20260811_FULL_v1,L1_ELIGIBILITY,v2026-08-11,2026-03-21..2026-08-06,baccarat_bet02_101_all_pairs_incl_sentinel,round_win = game_pnl > 0 (decisive only),COMPATIBILITY_ONLY_NOT_PRODUCTION,2500103.8841,2280641.3266,9883.8276,11764,10369,-0.00395337,-0.05088190,-0.00239824,-0.00395337,-9883.8276,2500103.8841,OK,0.0000,395.3531,4.0000,96.0000,AG03-UNRESOLVED,ALL5_LEVELS_bet23_to_bet27,395.3531,395.3531,395.3531,395.3531,395.3531,4.000000,4.000000,4.000000,4.000000,4.000000,96.000000,96.000000,96.000000,96.000000,96.000000,5.0,1976.7655,1824.8244,7907.0621,8059.0032,PENDING_AG03,FALSE,NOT_FOR_ENFORCEMENT,9488.4745,2189415.6736,9883.8276,9488.4745,395.3531,0.00395337,0.00379523,395.3531,9488.4745,0.00379523,395.3531,395.3531,395.3531,395.3531,395.3531,9488.4745,0.00379523,1976.7655,1824.8244,7907.0621,8059.0032,0.00316269,0.00322347,0.00015813,212.5216,219.9480,0.9532,119.0823,2.3972,30121.7335,124.9277,49.0469,238.9093,36.5364,75.9244,374.9013,749.8027,789.266,1183.8989,75.8035,-1.1839,10.395423,15.593133,2.799122,29,215,300,5,0.03207536,0.00395337,0.05088190,0E-8,0.000000,0.912219,0.000000,-0.04848366,2026-03-31,2026-08-01,83,4123,1621,124,0.669355,0.205295,0.230786,0.106918,,,,,,,,GLOBAL_BASELINE_NO_ENTITY_RANKING,,,NOT_APPLICABLE_GLOBAL_BASELINE,HF9g-P5,,,,X 全窗基线 · 不参与实体赏罚,15056559,1506,A168_HF9F_20260827_0900,2026-08-27 09:00:00
2026-07-24,92755421,2205,0,124.6967859309,-124.6967859309,-124.6967859309,0E-7,3,2,0.48774311085252756,0.384696750000,-1.379960533568962,-1.118226170218197,-1.379960533568962,0.10304636085252756,ELIGIBLE,R03b_20260811_FULL_v1,L1_ELIGIBILITY,v2026-08-11,2026-03-21..2026-08-06,baccarat_bet02_101_all_pairs_incl_sentinel,round_win = game_pnl > 0 (decisive only),COMPATIBILITY_ONLY_NOT_PRODUCTION,2500103.8841,2280641.3266,9883.8276,11764,10369,-0.00395337,-0.05088190,-0.00239824,-0.00395337,-9883.8276,2500103.8841,OK,0.0000,395.3531,4.0000,96.0000,AG03-UNRESOLVED,ALL5_LEVELS_bet23_to_bet27,395.3531,395.3531,395.3531,395.3531,395.3531,4.000000,4.000000,4.000000,4.000000,4.000000,96.000000,96.000000,96.000000,96.000000,96.000000,5.0,1976.7655,1824.8244,7907.0621,8059.0032,PENDING_AG03,FALSE,NOT_FOR_ENFORCEMENT,9488.4745,2189415.6736,9883.8276,9488.4745,395.3531,0.00395337,0.00379523,395.3531,9488.4745,0.00379523,395.3531,395.3531,395.3531,395.3531,395.3531,9488.4745,0.00379523,1976.7655,1824.8244,7907.0621,8059.0032,0.00316269,0.00322347,0.00015813,212.5216,219.9480,0.9532,119.0823,2.3972,30121.7335,124.9277,49.0469,238.9093,36.5364,75.9244,374.9013,749.8027,789.266,1183.8989,75.8035,-1.1839,10.395423,15.593133,2.799122,29,215,300,5,0.03207536,0.00395337,0.05088190,0E-8,0.000000,0.912219,0.000000,-0.04848366,2026-03-31,2026-08-01,83,4123,1621,124,0.669355,0.205295,0.230786,0.106918,,,,,,,,GLOBAL_BASELINE_NO_ENTITY_RANKING,,,NOT_APPLICABLE_GLOBAL_BASELINE,HF9g-P5,,,,X 全窗基线 · 不参与实体赏罚,15056560,1506,A168_HF9F_20260827_0900,2026-08-27 09:00:00
2026-07-24,92755421,2223,0,451.0309278350,0E-10,0E-10,0.5000000,6,6,0.50218230000000000,0.502182300000,-0.01069114476356389,-0.01069114476356389,-0.01069114476356389,0E-17,ELIGIBLE,R03b_20260811_FULL_v1,L1_ELIGIBILITY,v2026-08-11,2026-03-21..2026-08-06,baccarat_bet02_101_all_pairs_incl_sentinel,round_win = game_pnl > 0 (decisive only),COMPATIBILITY_ONLY_NOT_PRODUCTION,2500103.8841,2280641.3266,9883.8276,11764,10369,-0.00395337,-0.05088190,-0.00239824,-0.00395337,-9883.8276,2500103.8841,OK,0.0000,395.3531,4.0000,96.0000,AG03-UNRESOLVED,ALL5_LEVELS_bet23_to_bet27,395.3531,395.3531,395.3531,395.3531,395.3531,4.000000,4.000000,4.000000,4.000000,4.000000,96.000000,96.000000,96.000000,96.000000,96.000000,5.0,1976.7655,1824.8244,7907.0621,8059.0032,PENDING_AG03,FALSE,NOT_FOR_ENFORCEMENT,9488.4745,2189415.6736,9883.8276,9488.4745,395.3531,0.00395337,0.00379523,395.3531,9488.4745,0.00379523,395.3531,395.3531,395.3531,395.3531,395.3531,9488.4745,0.00379523,1976.7655,1824.8244,7907.0621,8059.0032,0.00316269,0.00322347,0.00015813,212.5216,219.9480,0.9532,119.0823,2.3972,30121.7335,124.9277,49.0469,238.9093,36.5364,75.9244,374.9013,749.8027,789.266,1183.8989,75.8035,-1.1839,10.395423,15.593133,2.799122,29,215,300,5,0.03207536,0.00395337,0.05088190,0E-8,0.000000,0.912219,0.000000,-0.04848366,2026-03-31,2026-08-01,83,4123,1621,124,0.669355,0.205295,0.230786,0.106918,,,,,,,,GLOBAL_BASELINE_NO_ENTITY_RANKING,,,NOT_APPLICABLE_GLOBAL_BASELINE,HF9g-P5,,,,X 全窗基线 · 不参与实体赏罚,15056561,1506,A168_HF9F_20260827_0900,2026-08-27 09:00:00
2026-07-24,92755421,772,0,75.8035172832,-75.8035172832,-75.8035172832,0E-7,1,1,0.50665070000000000,0.506650700000,-1.013391052207602,-1.013391052207602,-1.013391052207602,0E-17,ELIGIBLE,R03b_20260811_FULL_v1,L1_ELIGIBILITY,v2026-08-11,2026-03-21..2026-08-06,baccarat_bet02_101_all_pairs_incl_sentinel,round_win = game_pnl > 0 (decisive only),COMPATIBILITY_ONLY_NOT_PRODUCTION,2500103.8841,2280641.3266,9883.8276,11764,10369,-0.00395337,-0.05088190,-0.00239824,-0.00395337,-9883.8276,2500103.8841,OK,0.0000,395.3531,4.0000,96.0000,AG03-UNRESOLVED,ALL5_LEVELS_bet23_to_bet27,395.3531,395.3531,395.3531,395.3531,395.3531,4.000000,4.000000,4.000000,4.000000,4.000000,96.000000,96.000000,96.000000,96.000000,96.000000,5.0,1976.7655,1824.8244,7907.0621,8059.0032,PENDING_AG03,FALSE,NOT_FOR_ENFORCEMENT,9488.4745,2189415.6736,9883.8276,9488.4745,395.3531,0.00395337,0.00379523,395.3531,9488.4745,0.00379523,395.3531,395.3531,395.3531,395.3531,395.3531,9488.4745,0.00379523,1976.7655,1824.8244,7907.0621,8059.0032,0.00316269,0.00322347,0.00015813,212.5216,219.9480,0.9532,119.0823,2.3972,30121.7335,124.9277,49.0469,238.9093,36.5364,75.9244,374.9013,749.8027,789.266,1183.8989,75.8035,-1.1839,10.395423,15.593133,2.799122,29,215,300,5,0.03207536,0.00395337,0.05088190,0E-8,0.000000,0.912219,0.000000,-0.04848366,2026-03-31,2026-08-01,83,4123,1621,124,0.669355,0.205295,0.230786,0.106918,,,,,,,,GLOBAL_BASELINE_NO_ENTITY_RANKING,,,NOT_APPLICABLE_GLOBAL_BASELINE,HF9g-P5,,,,X 全窗基线 · 不参与实体赏罚,15056562,1506,A168_HF9F_20260827_0900,2026-08-27 09:00:00
2026-07-25,92755421,-1,1,1451.6373559732,-121.2856276534,-121.2856276534,0.4500000,21,20,0.49878663380951214,0.487752705000,-0.43636220324278985,-0.33777180305888654,-0.43636220324278985,0.01103392880951214,SENTINEL_DEALER,R03b_20260811_FULL_v1,L1_ELIGIBILITY,v2026-08-11,2026-03-21..2026-08-06,baccarat_bet02_101_all_pairs_incl_sentinel,round_win = game_pnl > 0 (decisive only),COMPATIBILITY_ONLY_NOT_PRODUCTION,2500103.8841,2280641.3266,9883.8276,11764,10369,-0.00395337,-0.05088190,-0.00239824,-0.00395337,-9883.8276,2500103.8841,OK,0.0000,395.3531,4.0000,96.0000,AG03-UNRESOLVED,ALL5_LEVELS_bet23_to_bet27,395.3531,395.3531,395.3531,395.3531,395.3531,4.000000,4.000000,4.000000,4.000000,4.000000,96.000000,96.000000,96.000000,96.000000,96.000000,5.0,1976.7655,1824.8244,7907.0621,8059.0032,PENDING_AG03,FALSE,NOT_FOR_ENFORCEMENT,9488.4745,2189415.6736,9883.8276,9488.4745,395.3531,0.00395337,0.00379523,395.3531,9488.4745,0.00379523,395.3531,395.3531,395.3531,395.3531,395.3531,9488.4745,0.00379523,1976.7655,1824.8244,7907.0621,8059.0032,0.00316269,0.00322347,0.00015813,212.5216,219.9480,0.9532,119.0823,2.3972,30121.7335,124.9277,49.0469,238.9093,36.5364,75.9244,374.9013,749.8027,789.266,1183.8989,75.8035,-1.1839,10.395423,15.593133,2.799122,29,215,300,5,0.03207536,0.00395337,0.05088190,0E-8,0.000000,0.912219,0.000000,-0.04848366,2026-03-31,2026-08-01,83,4123,1621,124,0.669355,0.205295,0.230786,0.106918,,,,,,,,GLOBAL_BASELINE_NO_ENTITY_RANKING,,,NOT_APPLICABLE_GLOBAL_BASELINE,HF9g-P5,,,,X 全窗基线 · 不参与实体赏罚,15056563,1506,A168_HF9F_20260827_0900,2026-08-27 09:00:00
2026-07-25,92755421,1017,0,75.8035172832,-75.8035172832,-75.8035172832,0E-7,1,1,0.50665070000000000,0.506650700000,-1.013391052207602,-1.013391052207602,-1.013391052207602,0E-17,ELIGIBLE,R03b_20260811_FULL_v1,L1_ELIGIBILITY,v2026-08-11,2026-03-21..2026-08-06,baccarat_bet02_101_all_pairs_incl_sentinel,round_win = game_pnl > 0 (decisive only),COMPATIBILITY_ONLY_NOT_PRODUCTION,2500103.8841,2280641.3266,9883.8276,11764,10369,-0.00395337,-0.05088190,-0.00239824,-0.00395337,-9883.8276,2500103.8841,OK,0.0000,395.3531,4.0000,96.0000,AG03-UNRESOLVED,ALL5_LEVELS_bet23_to_bet27,395.3531,395.3531,395.3531,395.3531,395.3531,4.000000,4.000000,4.000000,4.000000,4.000000,96.000000,96.000000,96.000000,96.000000,96.000000,5.0,1976.7655,1824.8244,7907.0621,8059.0032,PENDING_AG03,FALSE,NOT_FOR_ENFORCEMENT,9488.4745,2189415.6736,9883.8276,9488.4745,395.3531,0.00395337,0.00379523,395.3531,9488.4745,0.00379523,395.3531,395.3531,395.3531,395.3531,395.3531,9488.4745,0.00379523,1976.7655,1824.8244,7907.0621,8059.0032,0.00316269,0.00322347,0.00015813,212.5216,219.9480,0.9532,119.0823,2.3972,30121.7335,124.9277,49.0469,238.9093,36.5364,75.9244,374.9013,749.8027,789.266,1183.8989,75.8035,-1.1839,10.395423,15.593133,2.799122,29,215,300,5,0.03207536,0.00395337,0.05088190,0E-8,0.000000,0.912219,0.000000,-0.04848366,2026-03-31,2026-08-01,83,4123,1621,124,0.669355,0.205295,0.230786,0.106918,,,,,,,,GLOBAL_BASELINE_NO_ENTITY_RANKING,,,NOT_APPLICABLE_GLOBAL_BASELINE,HF9g-P5,,,,X 全窗基线 · 不参与实体赏罚,15056564,1506,A168_HF9F_20260827_0900,2026-08-27 09:00:00
2026-07-25,92755421,1302,0,147.8168587022,-147.8168587022,-147.8168587022,0E-7,2,2,0.49994810000000000,0.499948100000,-1.4140667746232096,-1.4140667746232096,-1.4140667746232096,0E-17,ELIGIBLE,R03b_20260811_FULL_v1,L1_ELIGIBILITY,v2026-08-11,2026-03-21..2026-08-06,baccarat_bet02_101_all_pairs_incl_sentinel,round_win = game_pnl > 0 (decisive only),COMPATIBILITY_ONLY_NOT_PRODUCTION,2500103.8841,2280641.3266,9883.8276,11764,10369,-0.00395337,-0.05088190,-0.00239824,-0.00395337,-9883.8276,2500103.8841,OK,0.0000,395.3531,4.0000,96.0000,AG03-UNRESOLVED,ALL5_LEVELS_bet23_to_bet27,395.3531,395.3531,395.3531,395.3531,395.3531,4.000000,4.000000,4.000000,4.000000,4.000000,96.000000,96.000000,96.000000,96.000000,96.000000,5.0,1976.7655,1824.8244,7907.0621,8059.0032,PENDING_AG03,FALSE,NOT_FOR_ENFORCEMENT,9488.4745,2189415.6736,9883.8276,9488.4745,395.3531,0.00395337,0.00379523,395.3531,9488.4745,0.00379523,395.3531,395.3531,395.3531,395.3531,395.3531,9488.4745,0.00379523,1976.7655,1824.8244,7907.0621,8059.0032,0.00316269,0.00322347,0.00015813,212.5216,219.9480,0.9532,119.0823,2.3972,30121.7335,124.9277,49.0469,238.9093,36.5364,75.9244,374.9013,749.8027,789.266,1183.8989,75.8035,-1.1839,10.395423,15.593133,2.799122,29,215,300,5,0.03207536,0.00395337,0.05088190,0E-8,0.000000,0.912219,0.000000,-0.04848366,2026-03-31,2026-08-01,83,4123,1621,124,0.669355,0.205295,0.230786,0.106918,,,,,,,,GLOBAL_BASELINE_NO_ENTITY_RANKING,,,NOT_APPLICABLE_GLOBAL_BASELINE,HF9g-P5,,,,X 全窗基线 · 不参与实体赏罚,15056565,1506,A168_HF9F_20260827_0900,2026-08-27 09:00:00
2026-07-25,92755421,1385,0,151.6070345664,-151.6070345664,-151.6070345664,0E-7,2,2,0.49994810000000000,0.499948100000,-1.4140667746232096,-1.4140667746232096,-1.4140667746232096,0E-17,ELIGIBLE,R03b_20260811_FULL_v1,L1_ELIGIBILITY,v2026-08-11,2026-03-21..2026-08-06,baccarat_bet02_101_all_pairs_incl_sentinel,round_win = game_pnl > 0 (decisive only),COMPATIBILITY_ONLY_NOT_PRODUCTION,2500103.8841,2280641.3266,9883.8276,11764,10369,-0.00395337,-0.05088190,-0.00239824,-0.00395337,-9883.8276,2500103.8841,OK,0.0000,395.3531,4.0000,96.0000,AG03-UNRESOLVED,ALL5_LEVELS_bet23_to_bet27,395.3531,395.3531,395.3531,395.3531,395.3531,4.000000,4.000000,4.000000,4.000000,4.000000,96.000000,96.000000,96.000000,96.000000,96.000000,5.0,1976.7655,1824.8244,7907.0621,8059.0032,PENDING_AG03,FALSE,NOT_FOR_ENFORCEMENT,9488.4745,2189415.6736,9883.8276,9488.4745,395.3531,0.00395337,0.00379523,395.3531,9488.4745,0.00379523,395.3531,395.3531,395.3531,395.3531,395.3531,9488.4745,0.00379523,1976.7655,1824.8244,7907.0621,8059.0032,0.00316269,0.00322347,0.00015813,212.5216,219.9480,0.9532,119.0823,2.3972,30121.7335,124.9277,49.0469,238.9093,36.5364,75.9244,374.9013,749.8027,789.266,1183.8989,75.8035,-1.1839,10.395423,15.593133,2.799122,29,215,300,5,0.03207536,0.00395337,0.05088190,0E-8,0.000000,0.912219,0.000000,-0.04848366,2026-03-31,2026-08-01,83,4123,1621,124,0.669355,0.205295,0.230786,0.106918,,,,,,,,GLOBAL_BASELINE_NO_ENTITY_RANKING,,,NOT_APPLICABLE_GLOBAL_BASELINE,HF9g-P5,,,,X 全窗基线 · 不参与实体赏罚,15056566,1506,A168_HF9F_20260827_0900,2026-08-27 09:00:00
2026-07-25,92755421,1399,0,151.6070345664,0E-10,0E-10,0.5000000,2,2,0.49994810000000000,0.499948100000,0.00014679536856514622,0.00014679536856514622,0.00014679536856514622,0E-17,ELIGIBLE,R03b_20260811_FULL_v1,L1_ELIGIBILITY,v2026-08-11,2026-03-21..2026-08-06,baccarat_bet02_101_all_pairs_incl_sentinel,round_win = game_pnl > 0 (decisive only),COMPATIBILITY_ONLY_NOT_PRODUCTION,2500103.8841,2280641.3266,9883.8276,11764,10369,-0.00395337,-0.05088190,-0.00239824,-0.00395337,-9883.8276,2500103.8841,OK,0.0000,395.3531,4.0000,96.0000,AG03-UNRESOLVED,ALL5_LEVELS_bet23_to_bet27,395.3531,395.3531,395.3531,395.3531,395.3531,4.000000,4.000000,4.000000,4.000000,4.000000,96.000000,96.000000,96.000000,96.000000,96.000000,5.0,1976.7655,1824.8244,7907.0621,8059.0032,PENDING_AG03,FALSE,NOT_FOR_ENFORCEMENT,9488.4745,2189415.6736,9883.8276,9488.4745,395.3531,0.00395337,0.00379523,395.3531,9488.4745,0.00379523,395.3531,395.3531,395.3531,395.3531,395.3531,9488.4745,0.00379523,1976.7655,1824.8244,7907.0621,8059.0032,0.00316269,0.00322347,0.00015813,212.5216,219.9480,0.9532,119.0823,2.3972,30121.7335,124.9277,49.0469,238.9093,36.5364,75.9244,374.9013,749.8027,789.266,1183.8989,75.8035,-1.1839,10.395423,15.593133,2.799122,29,215,300,5,0.03207536,0.00395337,0.05088190,0E-8,0.000000,0.912219,0.000000,-0.04848366,2026-03-31,2026-08-01,83,4123,1621,124,0.669355,0.205295,0.230786,0.106918,,,,,,,,GLOBAL_BASELINE_NO_ENTITY_RANKING,,,NOT_APPLICABLE_GLOBAL_BASELINE,HF9g-P5,,,,X 全窗基线 · 不参与实体赏罚,15056567,1506,A168_HF9F_20260827_0900,2026-08-27 09:00:00
2026-07-25,92755421,1402,0,136.4463311097,3.9796846574,3.9796846574,0.5000000,2,2,0.49994810000000000,0.499948100000,0.00014679536856514622,0.00014679536856514622,0.00014679536856514622,0E-17,ELIGIBLE,R03b_20260811_FULL_v1,L1_ELIGIBILITY,v2026-08-11,2026-03-21..2026-08-06,baccarat_bet02_101_all_pairs_incl_sentinel,round_win = game_pnl > 0 (decisive only),COMPATIBILITY_ONLY_NOT_PRODUCTION,2500103.8841,2280641.3266,9883.8276,11764,10369,-0.00395337,-0.05088190,-0.00239824,-0.00395337,-9883.8276,2500103.8841,OK,0.0000,395.3531,4.0000,96.0000,AG03-UNRESOLVED,ALL5_LEVELS_bet23_to_bet27,395.3531,395.3531,395.3531,395.3531,395.3531,4.000000,4.000000,4.000000,4.000000,4.000000,96.000000,96.000000,96.000000,96.000000,96.000000,5.0,1976.7655,1824.8244,7907.0621,8059.0032,PENDING_AG03,FALSE,NOT_FOR_ENFORCEMENT,9488.4745,2189415.6736,9883.8276,9488.4745,395.3531,0.00395337,0.00379523,395.3531,9488.4745,0.00379523,395.3531,395.3531,395.3531,395.3531,395.3531,9488.4745,0.00379523,1976.7655,1824.8244,7907.0621,8059.0032,0.00316269,0.00322347,0.00015813,212.5216,219.9480,0.9532,119.0823,2.3972,30121.7335,124.9277,49.0469,238.9093,36.5364,75.9244,374.9013,749.8027,789.266,1183.8989,75.8035,-1.1839,10.395423,15.593133,2.799122,29,215,300,5,0.03207536,0.00395337,0.05088190,0E-8,0.000000,0.912219,0.000000,-0.04848366,2026-03-31,2026-08-01,83,4123,1621,124,0.669355,0.205295,0.230786,0.106918,,,,,,,,GLOBAL_BASELINE_NO_ENTITY_RANKING,,,NOT_APPLICABLE_GLOBAL_BASELINE,HF9g-P5,,,,X 全窗基线 · 不参与实体赏罚,15056568,1506,A168_HF9F_20260827_0900,2026-08-27 09:00:00
2026-07-25,92755421,1509,0,147.8168587022,0E-10,0E-10,0.5000000,2,2,0.49994810000000000,0.499948100000,0.00014679536856514622,0.00014679536856514622,0.00014679536856514622,0E-17,ELIGIBLE,R03b_20260811_FULL_v1,L1_ELIGIBILITY,v2026-08-11,2026-03-21..2026-08-06,baccarat_bet02_101_all_pairs_incl_sentinel,round_win = game_pnl > 0 (decisive only),COMPATIBILITY_ONLY_NOT_PRODUCTION,2500103.8841,2280641.3266,9883.8276,11764,10369,-0.00395337,-0.05088190,-0.00239824,-0.00395337,-9883.8276,2500103.8841,OK,0.0000,395.3531,4.0000,96.0000,AG03-UNRESOLVED,ALL5_LEVELS_bet23_to_bet27,395.3531,395.3531,395.3531,395.3531,395.3531,4.000000,4.000000,4.000000,4.000000,4.000000,96.000000,96.000000,96.000000,96.000000,96.000000,5.0,1976.7655,1824.8244,7907.0621,8059.0032,PENDING_AG03,FALSE,NOT_FOR_ENFORCEMENT,9488.4745,2189415.6736,9883.8276,9488.4745,395.3531,0.00395337,0.00379523,395.3531,9488.4745,0.00379523,395.3531,395.3531,395.3531,395.3531,395.3531,9488.4745,0.00379523,1976.7655,1824.8244,7907.0621,8059.0032,0.00316269,0.00322347,0.00015813,212.5216,219.9480,0.9532,119.0823,2.3972,30121.7335,124.9277,49.0469,238.9093,36.5364,75.9244,374.9013,749.8027,789.266,1183.8989,75.8035,-1.1839,10.395423,15.593133,2.799122,29,215,300,5,0.03207536,0.00395337,0.05088190,0E-8,0.000000,0.912219,0.000000,-0.04848366,2026-03-31,2026-08-01,83,4123,1621,124,0.669355,0.205295,0.230786,0.106918,,,,,,,,GLOBAL_BASELINE_NO_ENTITY_RANKING,,,NOT_APPLICABLE_GLOBAL_BASELINE,HF9g-P5,,,,X 全窗基线 · 不参与实体赏罚,15056569,1506,A168_HF9F_20260827_0900,2026-08-27 09:00:00
2026-07-25,92755421,1750,0,75.8035172832,72.0133414190,72.0133414190,1.0000000,1,1,0.50665070000000000,0.506650700000,0.9867858985152569,0.9867858985152569,0.9867858985152569,0E-17,ELIGIBLE,R03b_20260811_FULL_v1,L1_ELIGIBILITY,v2026-08-11,2026-03-21..2026-08-06,baccarat_bet02_101_all_pairs_incl_sentinel,round_win = game_pnl > 0 (decisive only),COMPATIBILITY_ONLY_NOT_PRODUCTION,2500103.8841,2280641.3266,9883.8276,11764,10369,-0.00395337,-0.05088190,-0.00239824,-0.00395337,-9883.8276,2500103.8841,OK,0.0000,395.3531,4.0000,96.0000,AG03-UNRESOLVED,ALL5_LEVELS_bet23_to_bet27,395.3531,395.3531,395.3531,395.3531,395.3531,4.000000,4.000000,4.000000,4.000000,4.000000,96.000000,96.000000,96.000000,96.000000,96.000000,5.0,1976.7655,1824.8244,7907.0621,8059.0032,PENDING_AG03,FALSE,NOT_FOR_ENFORCEMENT,9488.4745,2189415.6736,9883.8276,9488.4745,395.3531,0.00395337,0.00379523,395.3531,9488.4745,0.00379523,395.3531,395.3531,395.3531,395.3531,395.3531,9488.4745,0.00379523,1976.7655,1824.8244,7907.0621,8059.0032,0.00316269,0.00322347,0.00015813,212.5216,219.9480,0.9532,119.0823,2.3972,30121.7335,124.9277,49.0469,238.9093,36.5364,75.9244,374.9013,749.8027,789.266,1183.8989,75.8035,-1.1839,10.395423,15.593133,2.799122,29,215,300,5,0.03207536,0.00395337,0.05088190,0E-8,0.000000,0.912219,0.000000,-0.04848366,2026-03-31,2026-08-01,83,4123,1621,124,0.669355,0.205295,0.230786,0.106918,,,,,,,,GLOBAL_BASELINE_NO_ENTITY_RANKING,,,NOT_APPLICABLE_GLOBAL_BASELINE,HF9g-P5,,,,X 全窗基线 · 不参与实体赏罚,15056570,1506,A168_HF9F_20260827_0900,2026-08-27 09:00:00
2026-07-25,92755421,1941,0,147.8168587022,0E-10,0E-10,0.5000000,2,2,0.49994810000000000,0.499948100000,0.00014679536856514622,0.00014679536856514622,0.00014679536856514622,0E-17,ELIGIBLE,R03b_20260811_FULL_v1,L1_ELIGIBILITY,v2026-08-11,2026-03-21..2026-08-06,baccarat_bet02_101_all_pairs_incl_sentinel,round_win = game_pnl > 0 (decisive only),COMPATIBILITY_ONLY_NOT_PRODUCTION,2500103.8841,2280641.3266,9883.8276,11764,10369,-0.00395337,-0.05088190,-0.00239824,-0.00395337,-9883.8276,2500103.8841,OK,0.0000,395.3531,4.0000,96.0000,AG03-UNRESOLVED,ALL5_LEVELS_bet23_to_bet27,395.3531,395.3531,395.3531,395.3531,395.3531,4.000000,4.000000,4.000000,4.000000,4.000000,96.000000,96.000000,96.000000,96.000000,96.000000,5.0,1976.7655,1824.8244,7907.0621,8059.0032,PENDING_AG03,FALSE,NOT_FOR_ENFORCEMENT,9488.4745,2189415.6736,9883.8276,9488.4745,395.3531,0.00395337,0.00379523,395.3531,9488.4745,0.00379523,395.3531,395.3531,395.3531,395.3531,395.3531,9488.4745,0.00379523,1976.7655,1824.8244,7907.0621,8059.0032,0.00316269,0.00322347,0.00015813,212.5216,219.9480,0.9532,119.0823,2.3972,30121.7335,124.9277,49.0469,238.9093,36.5364,75.9244,374.9013,749.8027,789.266,1183.8989,75.8035,-1.1839,10.395423,15.593133,2.799122,29,215,300,5,0.03207536,0.00395337,0.05088190,0E-8,0.000000,0.912219,0.000000,-0.04848366,2026-03-31,2026-08-01,83,4123,1621,124,0.669355,0.205295,0.230786,0.106918,,,,,,,,GLOBAL_BASELINE_NO_ENTITY_RANKING,,,NOT_APPLICABLE_GLOBAL_BASELINE,HF9g-P5,,,,X 全窗基线 · 不参与实体赏罚,15056571,1506,A168_HF9F_20260827_0900,2026-08-27 09:00:00
2026-07-25,92755421,2073,0,75.8035172832,-75.8035172832,-75.8035172832,0E-7,1,1,0.50665070000000000,0.506650700000,-1.013391052207602,-1.013391052207602,-1.013391052207602,0E-17,ELIGIBLE,R03b_20260811_FULL_v1,L1_ELIGIBILITY,v2026-08-11,2026-03-21..2026-08-06,baccarat_bet02_101_all_pairs_incl_sentinel,round_win = game_pnl > 0 (decisive only),COMPATIBILITY_ONLY_NOT_PRODUCTION,2500103.8841,2280641.3266,9883.8276,11764,10369,-0.00395337,-0.05088190,-0.00239824,-0.00395337,-9883.8276,2500103.8841,OK,0.0000,395.3531,4.0000,96.0000,AG03-UNRESOLVED,ALL5_LEVELS_bet23_to_bet27,395.3531,395.3531,395.3531,395.3531,395.3531,4.000000,4.000000,4.000000,4.000000,4.000000,96.000000,96.000000,96.000000,96.000000,96.000000,5.0,1976.7655,1824.8244,7907.0621,8059.0032,PENDING_AG03,FALSE,NOT_FOR_ENFORCEMENT,9488.4745,2189415.6736,9883.8276,9488.4745,395.3531,0.00395337,0.00379523,395.3531,9488.4745,0.00379523,395.3531,395.3531,395.3531,395.3531,395.3531,9488.4745,0.00379523,1976.7655,1824.8244,7907.0621,8059.0032,0.00316269,0.00322347,0.00015813,212.5216,219.9480,0.9532,119.0823,2.3972,30121.7335,124.9277,49.0469,238.9093,36.5364,75.9244,374.9013,749.8027,789.266,1183.8989,75.8035,-1.1839,10.395423,15.593133,2.799122,29,215,300,5,0.03207536,0.00395337,0.05088190,0E-8,0.000000,0.912219,0.000000,-0.04848366,2026-03-31,2026-08-01,83,4123,1621,124,0.669355,0.205295,0.230786,0.106918,,,,,,,,GLOBAL_BASELINE_NO_ENTITY_RANKING,,,NOT_APPLICABLE_GLOBAL_BASELINE,HF9g-P5,,,,X 全窗基线 · 不参与实体赏罚,15056572,1506,A168_HF9F_20260827_0900,2026-08-27 09:00:00
2026-07-25,92755421,2103,0,132.6561552456,-56.8526379624,-56.8526379624,0E-7,2,2,0.50665070000000000,0.506650700000,-1.013391052207602,-1.013391052207602,-1.013391052207602,0E-17,ELIGIBLE,R03b_20260811_FULL_v1,L1_ELIGIBILITY,v2026-08-11,2026-03-21..2026-08-06,baccarat_bet02_101_all_pairs_incl_sentinel,round_win = game_pnl > 0 (decisive only),COMPATIBILITY_ONLY_NOT_PRODUCTION,2500103.8841,2280641.3266,9883.8276,11764,10369,-0.00395337,-0.05088190,-0.00239824,-0.00395337,-9883.8276,2500103.8841,OK,0.0000,395.3531,4.0000,96.0000,AG03-UNRESOLVED,ALL5_LEVELS_bet23_to_bet27,395.3531,395.3531,395.3531,395.3531,395.3531,4.000000,4.000000,4.000000,4.000000,4.000000,96.000000,96.000000,96.000000,96.000000,96.000000,5.0,1976.7655,1824.8244,7907.0621,8059.0032,PENDING_AG03,FALSE,NOT_FOR_ENFORCEMENT,9488.4745,2189415.6736,9883.8276,9488.4745,395.3531,0.00395337,0.00379523,395.3531,9488.4745,0.00379523,395.3531,395.3531,395.3531,395.3531,395.3531,9488.4745,0.00379523,1976.7655,1824.8244,7907.0621,8059.0032,0.00316269,0.00322347,0.00015813,212.5216,219.9480,0.9532,119.0823,2.3972,30121.7335,124.9277,49.0469,238.9093,36.5364,75.9244,374.9013,749.8027,789.266,1183.8989,75.8035,-1.1839,10.395423,15.593133,2.799122,29,215,300,5,0.03207536,0.00395337,0.05088190,0E-8,0.000000,0.912219,0.000000,-0.04848366,2026-03-31,2026-08-01,83,4123,1621,124,0.669355,0.205295,0.230786,0.106918,,,,,,,,GLOBAL_BASELINE_NO_ENTITY_RANKING,,,NOT_APPLICABLE_GLOBAL_BASELINE,HF9g-P5,,,,X 全窗基线 · 不参与实体赏罚,15056573,1506,A168_HF9F_20260827_0900,2026-08-27 09:00:00
2026-07-25,92755421,2106,0,75.8035172832,-75.8035172832,-75.8035172832,0E-7,1,1,0.50665070000000000,0.506650700000,-1.013391052207602,-1.013391052207602,-1.013391052207602,0E-17,ELIGIBLE,R03b_20260811_FULL_v1,L1_ELIGIBILITY,v2026-08-11,2026-03-21..2026-08-06,baccarat_bet02_101_all_pairs_incl_sentinel,round_win = game_pnl > 0 (decisive only),COMPATIBILITY_ONLY_NOT_PRODUCTION,2500103.8841,2280641.3266,9883.8276,11764,10369,-0.00395337,-0.05088190,-0.00239824,-0.00395337,-9883.8276,2500103.8841,OK,0.0000,395.3531,4.0000,96.0000,AG03-UNRESOLVED,ALL5_LEVELS_bet23_to_bet27,395.3531,395.3531,395.3531,395.3531,395.3531,4.000000,4.000000,4.000000,4.000000,4.000000,96.000000,96.000000,96.000000,96.000000,96.000000,5.0,1976.7655,1824.8244,7907.0621,8059.0032,PENDING_AG03,FALSE,NOT_FOR_ENFORCEMENT,9488.4745,2189415.6736,9883.8276,9488.4745,395.3531,0.00395337,0.00379523,395.3531,9488.4745,0.00379523,395.3531,395.3531,395.3531,395.3531,395.3531,9488.4745,0.00379523,1976.7655,1824.8244,7907.0621,8059.0032,0.00316269,0.00322347,0.00015813,212.5216,219.9480,0.9532,119.0823,2.3972,30121.7335,124.9277,49.0469,238.9093,36.5364,75.9244,374.9013,749.8027,789.266,1183.8989,75.8035,-1.1839,10.395423,15.593133,2.799122,29,215,300,5,0.03207536,0.00395337,0.05088190,0E-8,0.000000,0.912219,0.000000,-0.04848366,2026-03-31,2026-08-01,83,4123,1621,124,0.669355,0.205295,0.230786,0.106918,,,,,,,,GLOBAL_BASELINE_NO_ENTITY_RANKING,,,NOT_APPLICABLE_GLOBAL_BASELINE,HF9g-P5,,,,X 全窗基线 · 不参与实体赏罚,15056574,1506,A168_HF9F_20260827_0900,2026-08-27 09:00:00
2026-07-25,92755421,2145,0,424.1206791995,265.5018192844,265.5018192844,0.8333333,7,6,0.49732543440859843,0.459296783333,1.6461193543637807,1.8384993861168937,1.6461193543637807,0.03802865107559843,ELIGIBLE,R03b_20260811_FULL_v1,L1_ELIGIBILITY,v2026-08-11,2026-03-21..2026-08-06,baccarat_bet02_101_all_pairs_incl_sentinel,round_win = game_pnl > 0 (decisive only),COMPATIBILITY_ONLY_NOT_PRODUCTION,2500103.8841,2280641.3266,9883.8276,11764,10369,-0.00395337,-0.05088190,-0.00239824,-0.00395337,-9883.8276,2500103.8841,OK,0.0000,395.3531,4.0000,96.0000,AG03-UNRESOLVED,ALL5_LEVELS_bet23_to_bet27,395.3531,395.3531,395.3531,395.3531,395.3531,4.000000,4.000000,4.000000,4.000000,4.000000,96.000000,96.000000,96.000000,96.000000,96.000000,5.0,1976.7655,1824.8244,7907.0621,8059.0032,PENDING_AG03,FALSE,NOT_FOR_ENFORCEMENT,9488.4745,2189415.6736,9883.8276,9488.4745,395.3531,0.00395337,0.00379523,395.3531,9488.4745,0.00379523,395.3531,395.3531,395.3531,395.3531,395.3531,9488.4745,0.00379523,1976.7655,1824.8244,7907.0621,8059.0032,0.00316269,0.00322347,0.00015813,212.5216,219.9480,0.9532,119.0823,2.3972,30121.7335,124.9277,49.0469,238.9093,36.5364,75.9244,374.9013,749.8027,789.266,1183.8989,75.8035,-1.1839,10.395423,15.593133,2.799122,29,215,300,5,0.03207536,0.00395337,0.05088190,0E-8,0.000000,0.912219,0.000000,-0.04848366,2026-03-31,2026-08-01,83,4123,1621,124,0.669355,0.205295,0.230786,0.106918,,,,,,,,GLOBAL_BASELINE_NO_ENTITY_RANKING,,,NOT_APPLICABLE_GLOBAL_BASELINE,HF9g-P5,,,,X 全窗基线 · 不参与实体赏罚,15056575,1506,A168_HF9F_20260827_0900,2026-08-27 09:00:00
2026-07-25,92755421,2170,0,78.8356579745,-78.8356579745,-78.8356579745,0E-7,2,1,0.47499893846170048,0.256040200000,-0.9511877067033464,-0.5866503638730671,-0.9511877067033464,0.21895873846170048,ELIGIBLE,R03b_20260811_FULL_v1,L1_ELIGIBILITY,v2026-08-11,2026-03-21..2026-08-06,baccarat_bet02_101_all_pairs_incl_sentinel,round_win = game_pnl > 0 (decisive only),COMPATIBILITY_ONLY_NOT_PRODUCTION,2500103.8841,2280641.3266,9883.8276,11764,10369,-0.00395337,-0.05088190,-0.00239824,-0.00395337,-9883.8276,2500103.8841,OK,0.0000,395.3531,4.0000,96.0000,AG03-UNRESOLVED,ALL5_LEVELS_bet23_to_bet27,395.3531,395.3531,395.3531,395.3531,395.3531,4.000000,4.000000,4.000000,4.000000,4.000000,96.000000,96.000000,96.000000,96.000000,96.000000,5.0,1976.7655,1824.8244,7907.0621,8059.0032,PENDING_AG03,FALSE,NOT_FOR_ENFORCEMENT,9488.4745,2189415.6736,9883.8276,9488.4745,395.3531,0.00395337,0.00379523,395.3531,9488.4745,0.00379523,395.3531,395.3531,395.3531,395.3531,395.3531,9488.4745,0.00379523,1976.7655,1824.8244,7907.0621,8059.0032,0.00316269,0.00322347,0.00015813,212.5216,219.9480,0.9532,119.0823,2.3972,30121.7335,124.9277,49.0469,238.9093,36.5364,75.9244,374.9013,749.8027,789.266,1183.8989,75.8035,-1.1839,10.395423,15.593133,2.799122,29,215,300,5,0.03207536,0.00395337,0.05088190,0E-8,0.000000,0.912219,0.000000,-0.04848366,2026-03-31,2026-08-01,83,4123,1621,124,0.669355,0.205295,0.230786,0.106918,,,,,,,,GLOBAL_BASELINE_NO_ENTITY_RANKING,,,NOT_APPLICABLE_GLOBAL_BASELINE,HF9g-P5,,,,X 全窗基线 · 不参与实体赏罚,15056576,1506,A168_HF9F_20260827_0900,2026-08-27 09:00:00
2026-07-25,92755421,2267,0,75.8035172832,-75.8035172832,-75.8035172832,0E-7,1,1,0.49324550000000000,0.493245500000,-0.9865810262130424,-0.9865810262130424,-0.9865810262130424,0E-17,ELIGIBLE,R03b_20260811_FULL_v1,L1_ELIGIBILITY,v2026-08-11,2026-03-21..2026-08-06,baccarat_bet02_101_all_pairs_incl_sentinel,round_win = game_pnl > 0 (decisive only),COMPATIBILITY_ONLY_NOT_PRODUCTION,2500103.8841,2280641.3266,9883.8276,11764,10369,-0.00395337,-0.05088190,-0.00239824,-0.00395337,-9883.8276,2500103.8841,OK,0.0000,395.3531,4.0000,96.0000,AG03-UNRESOLVED,ALL5_LEVELS_bet23_to_bet27,395.3531,395.3531,395.3531,395.3531,395.3531,4.000000,4.000000,4.000000,4.000000,4.000000,96.000000,96.000000,96.000000,96.000000,96.000000,5.0,1976.7655,1824.8244,7907.0621,8059.0032,PENDING_AG03,FALSE,NOT_FOR_ENFORCEMENT,9488.4745,2189415.6736,9883.8276,9488.4745,395.3531,0.00395337,0.00379523,395.3531,9488.4745,0.00379523,395.3531,395.3531,395.3531,395.3531,395.3531,9488.4745,0.00379523,1976.7655,1824.8244,7907.0621,8059.0032,0.00316269,0.00322347,0.00015813,212.5216,219.9480,0.9532,119.0823,2.3972,30121.7335,124.9277,49.0469,238.9093,36.5364,75.9244,374.9013,749.8027,789.266,1183.8989,75.8035,-1.1839,10.395423,15.593133,2.799122,29,215,300,5,0.03207536,0.00395337,0.05088190,0E-8,0.000000,0.912219,0.000000,-0.04848366,2026-03-31,2026-08-01,83,4123,1621,124,0.669355,0.205295,0.230786,0.106918,,,,,,,,GLOBAL_BASELINE_NO_ENTITY_RANKING,,,NOT_APPLICABLE_GLOBAL_BASELINE,HF9g-P5,,,,X 全窗基线 · 不参与实体赏罚,15056577,1506,A168_HF9F_20260827_0900,2026-08-27 09:00:00
2026-07-25,92755421,2271,0,273.6506973923,151.2280169799,151.2280169799,0.7500000,4,4,0.49994810000000000,0.499948100000,1.0002076053883384,1.0002076053883384,1.0002076053883384,0E-17,ELIGIBLE,R03b_20260811_FULL_v1,L1_ELIGIBILITY,v2026-08-11,2026-03-21..2026-08-06,baccarat_bet02_101_all_pairs_incl_sentinel,round_win = game_pnl > 0 (decisive only),COMPATIBILITY_ONLY_NOT_PRODUCTION,2500103.8841,2280641.3266,9883.8276,11764,10369,-0.00395337,-0.05088190,-0.00239824,-0.00395337,-9883.8276,2500103.8841,OK,0.0000,395.3531,4.0000,96.0000,AG03-UNRESOLVED,ALL5_LEVELS_bet23_to_bet27,395.3531,395.3531,395.3531,395.3531,395.3531,4.000000,4.000000,4.000000,4.000000,4.000000,96.000000,96.000000,96.000000,96.000000,96.000000,5.0,1976.7655,1824.8244,7907.0621,8059.0032,PENDING_AG03,FALSE,NOT_FOR_ENFORCEMENT,9488.4745,2189415.6736,9883.8276,9488.4745,395.3531,0.00395337,0.00379523,395.3531,9488.4745,0.00379523,395.3531,395.3531,395.3531,395.3531,395.3531,9488.4745,0.00379523,1976.7655,1824.8244,7907.0621,8059.0032,0.00316269,0.00322347,0.00015813,212.5216,219.9480,0.9532,119.0823,2.3972,30121.7335,124.9277,49.0469,238.9093,36.5364,75.9244,374.9013,749.8027,789.266,1183.8989,75.8035,-1.1839,10.395423,15.593133,2.799122,29,215,300,5,0.03207536,0.00395337,0.05088190,0E-8,0.000000,0.912219,0.000000,-0.04848366,2026-03-31,2026-08-01,83,4123,1621,124,0.669355,0.205295,0.230786,0.106918,,,,,,,,GLOBAL_BASELINE_NO_ENTITY_RANKING,,,NOT_APPLICABLE_GLOBAL_BASELINE,HF9g-P5,,,,X 全窗基线 · 不参与实体赏罚,15056578,1506,A168_HF9F_20260827_0900,2026-08-27 09:00:00
2026-07-25,92755421,763,0,151.6070345664,0E-10,0E-10,0.5000000,2,2,0.49994810000000000,0.499948100000,0.00014679536856514622,0.00014679536856514622,0.00014679536856514622,0E-17,ELIGIBLE,R03b_20260811_FULL_v1,L1_ELIGIBILITY,v2026-08-11,2026-03-21..2026-08-06,baccarat_bet02_101_all_pairs_incl_sentinel,round_win = game_pnl > 0 (decisive only),COMPATIBILITY_ONLY_NOT_PRODUCTION,2500103.8841,2280641.3266,9883.8276,11764,10369,-0.00395337,-0.05088190,-0.00239824,-0.00395337,-9883.8276,2500103.8841,OK,0.0000,395.3531,4.0000,96.0000,AG03-UNRESOLVED,ALL5_LEVELS_bet23_to_bet27,395.3531,395.3531,395.3531,395.3531,395.3531,4.000000,4.000000,4.000000,4.000000,4.000000,96.000000,96.000000,96.000000,96.000000,96.000000,5.0,1976.7655,1824.8244,7907.0621,8059.0032,PENDING_AG03,FALSE,NOT_FOR_ENFORCEMENT,9488.4745,2189415.6736,9883.8276,9488.4745,395.3531,0.00395337,0.00379523,395.3531,9488.4745,0.00379523,395.3531,395.3531,395.3531,395.3531,395.3531,9488.4745,0.00379523,1976.7655,1824.8244,7907.0621,8059.0032,0.00316269,0.00322347,0.00015813,212.5216,219.9480,0.9532,119.0823,2.3972,30121.7335,124.9277,49.0469,238.9093,36.5364,75.9244,374.9013,749.8027,789.266,1183.8989,75.8035,-1.1839,10.395423,15.593133,2.799122,29,215,300,5,0.03207536,0.00395337,0.05088190,0E-8,0.000000,0.912219,0.000000,-0.04848366,2026-03-31,2026-08-01,83,4123,1621,124,0.669355,0.205295,0.230786,0.106918,,,,,,,,GLOBAL_BASELINE_NO_ENTITY_RANKING,,,NOT_APPLICABLE_GLOBAL_BASELINE,HF9g-P5,,,,X 全窗基线 · 不参与实体赏罚,15056579,1506,A168_HF9F_20260827_0900,2026-08-27 09:00:00
2026-07-25,92755421,801,0,219.8302001212,0E-10,0E-10,0.5000000,3,3,0.50665070000000000,0.506650700000,-0.018812684590367487,-0.018812684590367487,-0.018812684590367487,0E-17,ELIGIBLE,R03b_20260811_FULL_v1,L1_ELIGIBILITY,v2026-08-11,2026-03-21..2026-08-06,baccarat_bet02_101_all_pairs_incl_sentinel,round_win = game_pnl > 0 (decisive only),COMPATIBILITY_ONLY_NOT_PRODUCTION,2500103.8841,2280641.3266,9883.8276,11764,10369,-0.00395337,-0.05088190,-0.00239824,-0.00395337,-9883.8276,2500103.8841,OK,0.0000,395.3531,4.0000,96.0000,AG03-UNRESOLVED,ALL5_LEVELS_bet23_to_bet27,395.3531,395.3531,395.3531,395.3531,395.3531,4.000000,4.000000,4.000000,4.000000,4.000000,96.000000,96.000000,96.000000,96.000000,96.000000,5.0,1976.7655,1824.8244,7907.0621,8059.0032,PENDING_AG03,FALSE,NOT_FOR_ENFORCEMENT,9488.4745,2189415.6736,9883.8276,9488.4745,395.3531,0.00395337,0.00379523,395.3531,9488.4745,0.00379523,395.3531,395.3531,395.3531,395.3531,395.3531,9488.4745,0.00379523,1976.7655,1824.8244,7907.0621,8059.0032,0.00316269,0.00322347,0.00015813,212.5216,219.9480,0.9532,119.0823,2.3972,30121.7335,124.9277,49.0469,238.9093,36.5364,75.9244,374.9013,749.8027,789.266,1183.8989,75.8035,-1.1839,10.395423,15.593133,2.799122,29,215,300,5,0.03207536,0.00395337,0.05088190,0E-8,0.000000,0.912219,0.000000,-0.04848366,2026-03-31,2026-08-01,83,4123,1621,124,0.669355,0.205295,0.230786,0.106918,,,,,,,,GLOBAL_BASELINE_NO_ENTITY_RANKING,,,NOT_APPLICABLE_GLOBAL_BASELINE,HF9g-P5,,,,X 全窗基线 · 不参与实体赏罚,15056580,1506,A168_HF9F_20260827_0900,2026-08-27 09:00:00
2026-07-28,92755421,-1,1,30.3214069132,-30.3214069132,-30.3214069132,0E-7,2,2,0.49994810000000000,0.499948100000,-1.4140667746232096,-1.4140667746232096,-1.4140667746232096,0E-17,SENTINEL_DEALER,R03b_20260811_FULL_v1,L1_ELIGIBILITY,v2026-08-11,2026-03-21..2026-08-06,baccarat_bet02_101_all_pairs_incl_sentinel,round_win = game_pnl > 0 (decisive only),COMPATIBILITY_ONLY_NOT_PRODUCTION,2500103.8841,2280641.3266,9883.8276,11764,10369,-0.00395337,-0.05088190,-0.00239824,-0.00395337,-9883.8276,2500103.8841,OK,0.0000,395.3531,4.0000,96.0000,AG03-UNRESOLVED,ALL5_LEVELS_bet23_to_bet27,395.3531,395.3531,395.3531,395.3531,395.3531,4.000000,4.000000,4.000000,4.000000,4.000000,96.000000,96.000000,96.000000,96.000000,96.000000,5.0,1976.7655,1824.8244,7907.0621,8059.0032,PENDING_AG03,FALSE,NOT_FOR_ENFORCEMENT,9488.4745,2189415.6736,9883.8276,9488.4745,395.3531,0.00395337,0.00379523,395.3531,9488.4745,0.00379523,395.3531,395.3531,395.3531,395.3531,395.3531,9488.4745,0.00379523,1976.7655,1824.8244,7907.0621,8059.0032,0.00316269,0.00322347,0.00015813,212.5216,219.9480,0.9532,119.0823,2.3972,30121.7335,124.9277,49.0469,238.9093,36.5364,75.9244,374.9013,749.8027,789.266,1183.8989,75.8035,-1.1839,10.395423,15.593133,2.799122,29,215,300,5,0.03207536,0.00395337,0.05088190,0E-8,0.000000,0.912219,0.000000,-0.04848366,2026-03-31,2026-08-01,83,4123,1621,124,0.669355,0.205295,0.230786,0.106918,,,,,,,,GLOBAL_BASELINE_NO_ENTITY_RANKING,,,NOT_APPLICABLE_GLOBAL_BASELINE,HF9g-P5,,,,X 全窗基线 · 不参与实体赏罚,15056581,1506,A168_HF9F_20260827_0900,2026-08-27 09:00:00
2026-07-28,92755421,2115,0,33.3535476046,-3.7901758642,-3.7901758642,0.5000000,2,2,0.49994810000000000,0.499948100000,0.00014679536856514622,0.00014679536856514622,0.00014679536856514622,0E-17,ELIGIBLE,R03b_20260811_FULL_v1,L1_ELIGIBILITY,v2026-08-11,2026-03-21..2026-08-06,baccarat_bet02_101_all_pairs_incl_sentinel,round_win = game_pnl > 0 (decisive only),COMPATIBILITY_ONLY_NOT_PRODUCTION,2500103.8841,2280641.3266,9883.8276,11764,10369,-0.00395337,-0.05088190,-0.00239824,-0.00395337,-9883.8276,2500103.8841,OK,0.0000,395.3531,4.0000,96.0000,AG03-UNRESOLVED,ALL5_LEVELS_bet23_to_bet27,395.3531,395.3531,395.3531,395.3531,395.3531,4.000000,4.000000,4.000000,4.000000,4.000000,96.000000,96.000000,96.000000,96.000000,96.000000,5.0,1976.7655,1824.8244,7907.0621,8059.0032,PENDING_AG03,FALSE,NOT_FOR_ENFORCEMENT,9488.4745,2189415.6736,9883.8276,9488.4745,395.3531,0.00395337,0.00379523,395.3531,9488.4745,0.00379523,395.3531,395.3531,395.3531,395.3531,395.3531,9488.4745,0.00379523,1976.7655,1824.8244,7907.0621,8059.0032,0.00316269,0.00322347,0.00015813,212.5216,219.9480,0.9532,119.0823,2.3972,30121.7335,124.9277,49.0469,238.9093,36.5364,75.9244,374.9013,749.8027,789.266,1183.8989,75.8035,-1.1839,10.395423,15.593133,2.799122,29,215,300,5,0.03207536,0.00395337,0.05088190,0E-8,0.000000,0.912219,0.000000,-0.04848366,2026-03-31,2026-08-01,83,4123,1621,124,0.669355,0.205295,0.230786,0.106918,,,,,,,,GLOBAL_BASELINE_NO_ENTITY_RANKING,,,NOT_APPLICABLE_GLOBAL_BASELINE,HF9g-P5,,,,X 全窗基线 · 不参与实体赏罚,15056582,1506,A168_HF9F_20260827_0900,2026-08-27 09:00:00
2026-07-28,92755421,2167,0,108.7780473015,65.9301091571,65.9301091571,0.8333333,7,6,0.49123710357141489,0.459296783333,1.6761798536466246,1.8384993861168937,1.6761798536466246,0.03194032023841489,ELIGIBLE,R03b_20260811_FULL_v1,L1_ELIGIBILITY,v2026-08-11,2026-03-21..2026-08-06,baccarat_bet02_101_all_pairs_incl_sentinel,round_win = game_pnl > 0 (decisive only),COMPATIBILITY_ONLY_NOT_PRODUCTION,2500103.8841,2280641.3266,9883.8276,11764,10369,-0.00395337,-0.05088190,-0.00239824,-0.00395337,-9883.8276,2500103.8841,OK,0.0000,395.3531,4.0000,96.0000,AG03-UNRESOLVED,ALL5_LEVELS_bet23_to_bet27,395.3531,395.3531,395.3531,395.3531,395.3531,4.000000,4.000000,4.000000,4.000000,4.000000,96.000000,96.000000,96.000000,96.000000,96.000000,5.0,1976.7655,1824.8244,7907.0621,8059.0032,PENDING_AG03,FALSE,NOT_FOR_ENFORCEMENT,9488.4745,2189415.6736,9883.8276,9488.4745,395.3531,0.00395337,0.00379523,395.3531,9488.4745,0.00379523,395.3531,395.3531,395.3531,395.3531,395.3531,9488.4745,0.00379523,1976.7655,1824.8244,7907.0621,8059.0032,0.00316269,0.00322347,0.00015813,212.5216,219.9480,0.9532,119.0823,2.3972,30121.7335,124.9277,49.0469,238.9093,36.5364,75.9244,374.9013,749.8027,789.266,1183.8989,75.8035,-1.1839,10.395423,15.593133,2.799122,29,215,300,5,0.03207536,0.00395337,0.05088190,0E-8,0.000000,0.912219,0.000000,-0.04848366,2026-03-31,2026-08-01,83,4123,1621,124,0.669355,0.205295,0.230786,0.106918,,,,,,,,GLOBAL_BASELINE_NO_ENTITY_RANKING,,,NOT_APPLICABLE_GLOBAL_BASELINE,HF9g-P5,,,,X 全窗基线 · 不参与实体赏罚,15056583,1506,A168_HF9F_20260827_0900,2026-08-27 09:00:00
2026-07-28,92755421,2171,0,18.9508793208,-18.9508793208,-18.9508793208,0E-7,1,1,0.50665070000000000,0.506650700000,-1.013391052207602,-1.013391052207602,-1.013391052207602,0E-17,ELIGIBLE,R03b_20260811_FULL_v1,L1_ELIGIBILITY,v2026-08-11,2026-03-21..2026-08-06,baccarat_bet02_101_all_pairs_incl_sentinel,round_win = game_pnl > 0 (decisive only),COMPATIBILITY_ONLY_NOT_PRODUCTION,2500103.8841,2280641.3266,9883.8276,11764,10369,-0.00395337,-0.05088190,-0.00239824,-0.00395337,-9883.8276,2500103.8841,OK,0.0000,395.3531,4.0000,96.0000,AG03-UNRESOLVED,ALL5_LEVELS_bet23_to_bet27,395.3531,395.3531,395.3531,395.3531,395.3531,4.000000,4.000000,4.000000,4.000000,4.000000,96.000000,96.000000,96.000000,96.000000,96.000000,5.0,1976.7655,1824.8244,7907.0621,8059.0032,PENDING_AG03,FALSE,NOT_FOR_ENFORCEMENT,9488.4745,2189415.6736,9883.8276,9488.4745,395.3531,0.00395337,0.00379523,395.3531,9488.4745,0.00379523,395.3531,395.3531,395.3531,395.3531,395.3531,9488.4745,0.00379523,1976.7655,1824.8244,7907.0621,8059.0032,0.00316269,0.00322347,0.00015813,212.5216,219.9480,0.9532,119.0823,2.3972,30121.7335,124.9277,49.0469,238.9093,36.5364,75.9244,374.9013,749.8027,789.266,1183.8989,75.8035,-1.1839,10.395423,15.593133,2.799122,29,215,300,5,0.03207536,0.00395337,0.05088190,0E-8,0.000000,0.912219,0.000000,-0.04848366,2026-03-31,2026-08-01,83,4123,1621,124,0.669355,0.205295,0.230786,0.106918,,,,,,,,GLOBAL_BASELINE_NO_ENTITY_RANKING,,,NOT_APPLICABLE_GLOBAL_BASELINE,HF9g-P5,,,,X 全窗基线 · 不参与实体赏罚,15056584,1506,A168_HF9F_20260827_0900,2026-08-27 09:00:00
2026-07-28,92755421,2212,0,15.1607034566,-15.1607034566,-15.1607034566,0E-7,1,1,0.49324550000000000,0.493245500000,-0.9865810262130424,-0.9865810262130424,-0.9865810262130424,0E-17,ELIGIBLE,R03b_20260811_FULL_v1,L1_ELIGIBILITY,v2026-08-11,2026-03-21..2026-08-06,baccarat_bet02_101_all_pairs_incl_sentinel,round_win = game_pnl > 0 (decisive only),COMPATIBILITY_ONLY_NOT_PRODUCTION,2500103.8841,2280641.3266,9883.8276,11764,10369,-0.00395337,-0.05088190,-0.00239824,-0.00395337,-9883.8276,2500103.8841,OK,0.0000,395.3531,4.0000,96.0000,AG03-UNRESOLVED,ALL5_LEVELS_bet23_to_bet27,395.3531,395.3531,395.3531,395.3531,395.3531,4.000000,4.000000,4.000000,4.000000,4.000000,96.000000,96.000000,96.000000,96.000000,96.000000,5.0,1976.7655,1824.8244,7907.0621,8059.0032,PENDING_AG03,FALSE,NOT_FOR_ENFORCEMENT,9488.4745,2189415.6736,9883.8276,9488.4745,395.3531,0.00395337,0.00379523,395.3531,9488.4745,0.00379523,395.3531,395.3531,395.3531,395.3531,395.3531,9488.4745,0.00379523,1976.7655,1824.8244,7907.0621,8059.0032,0.00316269,0.00322347,0.00015813,212.5216,219.9480,0.9532,119.0823,2.3972,30121.7335,124.9277,49.0469,238.9093,36.5364,75.9244,374.9013,749.8027,789.266,1183.8989,75.8035,-1.1839,10.395423,15.593133,2.799122,29,215,300,5,0.03207536,0.00395337,0.05088190,0E-8,0.000000,0.912219,0.000000,-0.04848366,2026-03-31,2026-08-01,83,4123,1621,124,0.669355,0.205295,0.230786,0.106918,,,,,,,,GLOBAL_BASELINE_NO_ENTITY_RANKING,,,NOT_APPLICABLE_GLOBAL_BASELINE,HF9g-P5,,,,X 全窗基线 · 不参与实体赏罚,15056585,1506,A168_HF9F_20260827_0900,2026-08-27 09:00:00
2026-07-28,92755421,2224,0,15.1607034566,14.4026682838,14.4026682838,1.0000000,1,1,0.50665070000000000,0.506650700000,0.9867858985152569,0.9867858985152569,0.9867858985152569,0E-17,ELIGIBLE,R03b_20260811_FULL_v1,L1_ELIGIBILITY,v2026-08-11,2026-03-21..2026-08-06,baccarat_bet02_101_all_pairs_incl_sentinel,round_win = game_pnl > 0 (decisive only),COMPATIBILITY_ONLY_NOT_PRODUCTION,2500103.8841,2280641.3266,9883.8276,11764,10369,-0.00395337,-0.05088190,-0.00239824,-0.00395337,-9883.8276,2500103.8841,OK,0.0000,395.3531,4.0000,96.0000,AG03-UNRESOLVED,ALL5_LEVELS_bet23_to_bet27,395.3531,395.3531,395.3531,395.3531,395.3531,4.000000,4.000000,4.000000,4.000000,4.000000,96.000000,96.000000,96.000000,96.000000,96.000000,5.0,1976.7655,1824.8244,7907.0621,8059.0032,PENDING_AG03,FALSE,NOT_FOR_ENFORCEMENT,9488.4745,2189415.6736,9883.8276,9488.4745,395.3531,0.00395337,0.00379523,395.3531,9488.4745,0.00379523,395.3531,395.3531,395.3531,395.3531,395.3531,9488.4745,0.00379523,1976.7655,1824.8244,7907.0621,8059.0032,0.00316269,0.00322347,0.00015813,212.5216,219.9480,0.9532,119.0823,2.3972,30121.7335,124.9277,49.0469,238.9093,36.5364,75.9244,374.9013,749.8027,789.266,1183.8989,75.8035,-1.1839,10.395423,15.593133,2.799122,29,215,300,5,0.03207536,0.00395337,0.05088190,0E-8,0.000000,0.912219,0.000000,-0.04848366,2026-03-31,2026-08-01,83,4123,1621,124,0.669355,0.205295,0.230786,0.106918,,,,,,,,GLOBAL_BASELINE_NO_ENTITY_RANKING,,,NOT_APPLICABLE_GLOBAL_BASELINE,HF9g-P5,,,,X 全窗基线 · 不参与实体赏罚,15056586,1506,A168_HF9F_20260827_0900,2026-08-27 09:00:00
2026-07-28,92755421,2254,0,98.9235900546,61.6661613098,61.6661613098,0.8333333,6,6,0.49994810000000000,0.499948100000,1.6332474276894162,1.6332474276894162,1.6332474276894162,0E-17,ELIGIBLE,R03b_20260811_FULL_v1,L1_ELIGIBILITY,v2026-08-11,2026-03-21..2026-08-06,baccarat_bet02_101_all_pairs_incl_sentinel,round_win = game_pnl > 0 (decisive only),COMPATIBILITY_ONLY_NOT_PRODUCTION,2500103.8841,2280641.3266,9883.8276,11764,10369,-0.00395337,-0.05088190,-0.00239824,-0.00395337,-9883.8276,2500103.8841,OK,0.0000,395.3531,4.0000,96.0000,AG03-UNRESOLVED,ALL5_LEVELS_bet23_to_bet27,395.3531,395.3531,395.3531,395.3531,395.3531,4.000000,4.000000,4.000000,4.000000,4.000000,96.000000,96.000000,96.000000,96.000000,96.000000,5.0,1976.7655,1824.8244,7907.0621,8059.0032,PENDING_AG03,FALSE,NOT_FOR_ENFORCEMENT,9488.4745,2189415.6736,9883.8276,9488.4745,395.3531,0.00395337,0.00379523,395.3531,9488.4745,0.00379523,395.3531,395.3531,395.3531,395.3531,395.3531,9488.4745,0.00379523,1976.7655,1824.8244,7907.0621,8059.0032,0.00316269,0.00322347,0.00015813,212.5216,219.9480,0.9532,119.0823,2.3972,30121.7335,124.9277,49.0469,238.9093,36.5364,75.9244,374.9013,749.8027,789.266,1183.8989,75.8035,-1.1839,10.395423,15.593133,2.799122,29,215,300,5,0.03207536,0.00395337,0.05088190,0E-8,0.000000,0.912219,0.000000,-0.04848366,2026-03-31,2026-08-01,83,4123,1621,124,0.669355,0.205295,0.230786,0.106918,,,,,,,,GLOBAL_BASELINE_NO_ENTITY_RANKING,,,NOT_APPLICABLE_GLOBAL_BASELINE,HF9g-P5,,,,X 全窗基线 · 不参与实体赏罚,15056587,1506,A168_HF9F_20260827_0900,2026-08-27 09:00:00
2026-07-28,92755421,2289,0,29.5633717404,0E-10,0E-10,0.5000000,2,2,0.49994810000000000,0.499948100000,0.00014679536856514622,0.00014679536856514622,0.00014679536856514622,0E-17,ELIGIBLE,R03b_20260811_FULL_v1,L1_ELIGIBILITY,v2026-08-11,2026-03-21..2026-08-06,baccarat_bet02_101_all_pairs_incl_sentinel,round_win = game_pnl > 0 (decisive only),COMPATIBILITY_ONLY_NOT_PRODUCTION,2500103.8841,2280641.3266,9883.8276,11764,10369,-0.00395337,-0.05088190,-0.00239824,-0.00395337,-9883.8276,2500103.8841,OK,0.0000,395.3531,4.0000,96.0000,AG03-UNRESOLVED,ALL5_LEVELS_bet23_to_bet27,395.3531,395.3531,395.3531,395.3531,395.3531,4.000000,4.000000,4.000000,4.000000,4.000000,96.000000,96.000000,96.000000,96.000000,96.000000,5.0,1976.7655,1824.8244,7907.0621,8059.0032,PENDING_AG03,FALSE,NOT_FOR_ENFORCEMENT,9488.4745,2189415.6736,9883.8276,9488.4745,395.3531,0.00395337,0.00379523,395.3531,9488.4745,0.00379523,395.3531,395.3531,395.3531,395.3531,395.3531,9488.4745,0.00379523,1976.7655,1824.8244,7907.0621,8059.0032,0.00316269,0.00322347,0.00015813,212.5216,219.9480,0.9532,119.0823,2.3972,30121.7335,124.9277,49.0469,238.9093,36.5364,75.9244,374.9013,749.8027,789.266,1183.8989,75.8035,-1.1839,10.395423,15.593133,2.799122,29,215,300,5,0.03207536,0.00395337,0.05088190,0E-8,0.000000,0.912219,0.000000,-0.04848366,2026-03-31,2026-08-01,83,4123,1621,124,0.669355,0.205295,0.230786,0.106918,,,,,,,,GLOBAL_BASELINE_NO_ENTITY_RANKING,,,NOT_APPLICABLE_GLOBAL_BASELINE,HF9g-P5,,,,X 全窗基线 · 不参与实体赏罚,15056588,1506,A168_HF9F_20260827_0900,2026-08-27 09:00:00
2026-07-29,92755421,-1,1,739.0842935114,26.4743784116,26.4743784116,0.5277778,41,40,0.49927136655173753,0.494855792500,0.34207729793493596,0.39508473403925154,0.34207729793493596,0.00441557405173753,SENTINEL_DEALER,R03b_20260811_FULL_v1,L1_ELIGIBILITY,v2026-08-11,2026-03-21..2026-08-06,baccarat_bet02_101_all_pairs_incl_sentinel,round_win = game_pnl > 0 (decisive only),COMPATIBILITY_ONLY_NOT_PRODUCTION,2500103.8841,2280641.3266,9883.8276,11764,10369,-0.00395337,-0.05088190,-0.00239824,-0.00395337,-9883.8276,2500103.8841,OK,0.0000,395.3531,4.0000,96.0000,AG03-UNRESOLVED,ALL5_LEVELS_bet23_to_bet27,395.3531,395.3531,395.3531,395.3531,395.3531,4.000000,4.000000,4.000000,4.000000,4.000000,96.000000,96.000000,96.000000,96.000000,96.000000,5.0,1976.7655,1824.8244,7907.0621,8059.0032,PENDING_AG03,FALSE,NOT_FOR_ENFORCEMENT,9488.4745,2189415.6736,9883.8276,9488.4745,395.3531,0.00395337,0.00379523,395.3531,9488.4745,0.00379523,395.3531,395.3531,395.3531,395.3531,395.3531,9488.4745,0.00379523,1976.7655,1824.8244,7907.0621,8059.0032,0.00316269,0.00322347,0.00015813,212.5216,219.9480,0.9532,119.0823,2.3972,30121.7335,124.9277,49.0469,238.9093,36.5364,75.9244,374.9013,749.8027,789.266,1183.8989,75.8035,-1.1839,10.395423,15.593133,2.799122,29,215,300,5,0.03207536,0.00395337,0.05088190,0E-8,0.000000,0.912219,0.000000,-0.04848366,2026-03-31,2026-08-01,83,4123,1621,124,0.669355,0.205295,0.230786,0.106918,,,,,,,,GLOBAL_BASELINE_NO_ENTITY_RANKING,,,NOT_APPLICABLE_GLOBAL_BASELINE,HF9g-P5,,,,X 全窗基线 · 不参与实体赏罚,15056589,1506,A168_HF9F_20260827_0900,2026-08-27 09:00:00
2026-07-29,92755421,1157,0,18.9508793208,-18.9508793208,-18.9508793208,0E-7,1,1,0.50665070000000000,0.506650700000,-1.013391052207602,-1.013391052207602,-1.013391052207602,0E-17,ELIGIBLE,R03b_20260811_FULL_v1,L1_ELIGIBILITY,v2026-08-11,2026-03-21..2026-08-06,baccarat_bet02_101_all_pairs_incl_sentinel,round_win = game_pnl > 0 (decisive only),COMPATIBILITY_ONLY_NOT_PRODUCTION,2500103.8841,2280641.3266,9883.8276,11764,10369,-0.00395337,-0.05088190,-0.00239824,-0.00395337,-9883.8276,2500103.8841,OK,0.0000,395.3531,4.0000,96.0000,AG03-UNRESOLVED,ALL5_LEVELS_bet23_to_bet27,395.3531,395.3531,395.3531,395.3531,395.3531,4.000000,4.000000,4.000000,4.000000,4.000000,96.000000,96.000000,96.000000,96.000000,96.000000,5.0,1976.7655,1824.8244,7907.0621,8059.0032,PENDING_AG03,FALSE,NOT_FOR_ENFORCEMENT,9488.4745,2189415.6736,9883.8276,9488.4745,395.3531,0.00395337,0.00379523,395.3531,9488.4745,0.00379523,395.3531,395.3531,395.3531,395.3531,395.3531,9488.4745,0.00379523,1976.7655,1824.8244,7907.0621,8059.0032,0.00316269,0.00322347,0.00015813,212.5216,219.9480,0.9532,119.0823,2.3972,30121.7335,124.9277,49.0469,238.9093,36.5364,75.9244,374.9013,749.8027,789.266,1183.8989,75.8035,-1.1839,10.395423,15.593133,2.799122,29,215,300,5,0.03207536,0.00395337,0.05088190,0E-8,0.000000,0.912219,0.000000,-0.04848366,2026-03-31,2026-08-01,83,4123,1621,124,0.669355,0.205295,0.230786,0.106918,,,,,,,,GLOBAL_BASELINE_NO_ENTITY_RANKING,,,NOT_APPLICABLE_GLOBAL_BASELINE,HF9g-P5,,,,X 全窗基线 · 不参与实体赏罚,15056590,1506,A168_HF9F_20260827_0900,2026-08-27 09:00:00
2026-07-29,92755421,1205,0,52.6834445119,19.0077319588,19.0077319588,0.6666667,3,3,0.50218230000000000,0.502182300000,0.5697959874915163,0.5697959874915164,0.5697959874915163,0E-17,ELIGIBLE,R03b_20260811_FULL_v1,L1_ELIGIBILITY,v2026-08-11,2026-03-21..2026-08-06,baccarat_bet02_101_all_pairs_incl_sentinel,round_win = game_pnl > 0 (decisive only),COMPATIBILITY_ONLY_NOT_PRODUCTION,2500103.8841,2280641.3266,9883.8276,11764,10369,-0.00395337,-0.05088190,-0.00239824,-0.00395337,-9883.8276,2500103.8841,OK,0.0000,395.3531,4.0000,96.0000,AG03-UNRESOLVED,ALL5_LEVELS_bet23_to_bet27,395.3531,395.3531,395.3531,395.3531,395.3531,4.000000,4.000000,4.000000,4.000000,4.000000,96.000000,96.000000,96.000000,96.000000,96.000000,5.0,1976.7655,1824.8244,7907.0621,8059.0032,PENDING_AG03,FALSE,NOT_FOR_ENFORCEMENT,9488.4745,2189415.6736,9883.8276,9488.4745,395.3531,0.00395337,0.00379523,395.3531,9488.4745,0.00379523,395.3531,395.3531,395.3531,395.3531,395.3531,9488.4745,0.00379523,1976.7655,1824.8244,7907.0621,8059.0032,0.00316269,0.00322347,0.00015813,212.5216,219.9480,0.9532,119.0823,2.3972,30121.7335,124.9277,49.0469,238.9093,36.5364,75.9244,374.9013,749.8027,789.266,1183.8989,75.8035,-1.1839,10.395423,15.593133,2.799122,29,215,300,5,0.03207536,0.00395337,0.05088190,0E-8,0.000000,0.912219,0.000000,-0.04848366,2026-03-31,2026-08-01,83,4123,1621,124,0.669355,0.205295,0.230786,0.106918,,,,,,,,GLOBAL_BASELINE_NO_ENTITY_RANKING,,,NOT_APPLICABLE_GLOBAL_BASELINE,HF9g-P5,,,,X 全窗基线 · 不参与实体赏罚,15056591,1506,A168_HF9F_20260827_0900,2026-08-27 09:00:00
2026-07-29,92755421,1318,0,52.6834445119,19.0077319588,19.0077319588,0.6666667,3,3,0.50218230000000000,0.502182300000,0.5697959874915163,0.5697959874915164,0.5697959874915163,0E-17,ELIGIBLE,R03b_20260811_FULL_v1,L1_ELIGIBILITY,v2026-08-11,2026-03-21..2026-08-06,baccarat_bet02_101_all_pairs_incl_sentinel,round_win = game_pnl > 0 (decisive only),COMPATIBILITY_ONLY_NOT_PRODUCTION,2500103.8841,2280641.3266,9883.8276,11764,10369,-0.00395337,-0.05088190,-0.00239824,-0.00395337,-9883.8276,2500103.8841,OK,0.0000,395.3531,4.0000,96.0000,AG03-UNRESOLVED,ALL5_LEVELS_bet23_to_bet27,395.3531,395.3531,395.3531,395.3531,395.3531,4.000000,4.000000,4.000000,4.000000,4.000000,96.000000,96.000000,96.000000,96.000000,96.000000,5.0,1976.7655,1824.8244,7907.0621,8059.0032,PENDING_AG03,FALSE,NOT_FOR_ENFORCEMENT,9488.4745,2189415.6736,9883.8276,9488.4745,395.3531,0.00395337,0.00379523,395.3531,9488.4745,0.00379523,395.3531,395.3531,395.3531,395.3531,395.3531,9488.4745,0.00379523,1976.7655,1824.8244,7907.0621,8059.0032,0.00316269,0.00322347,0.00015813,212.5216,219.9480,0.9532,119.0823,2.3972,30121.7335,124.9277,49.0469,238.9093,36.5364,75.9244,374.9013,749.8027,789.266,1183.8989,75.8035,-1.1839,10.395423,15.593133,2.799122,29,215,300,5,0.03207536,0.00395337,0.05088190,0E-8,0.000000,0.912219,0.000000,-0.04848366,2026-03-31,2026-08-01,83,4123,1621,124,0.669355,0.205295,0.230786,0.106918,,,,,,,,GLOBAL_BASELINE_NO_ENTITY_RANKING,,,NOT_APPLICABLE_GLOBAL_BASELINE,HF9g-P5,,,,X 全窗基线 · 不参与实体赏罚,15056592,1506,A168_HF9F_20260827_0900,2026-08-27 09:00:00
2026-07-29,92755421,1330,0,19.7089144936,-19.7089144936,-19.7089144936,0E-7,2,1,0.48788855384691542,0.262742800000,-0.9760635016137332,-0.5969746651759844,-0.9760635016137332,0.22514575384691542,ELIGIBLE,R03b_20260811_FULL_v1,L1_ELIGIBILITY,v2026-08-11,2026-03-21..2026-08-06,baccarat_bet02_101_all_pairs_incl_sentinel,round_win = game_pnl > 0 (decisive only),COMPATIBILITY_ONLY_NOT_PRODUCTION,2500103.8841,2280641.3266,9883.8276,11764,10369,-0.00395337,-0.05088190,-0.00239824,-0.00395337,-9883.8276,2500103.8841,OK,0.0000,395.3531,4.0000,96.0000,AG03-UNRESOLVED,ALL5_LEVELS_bet23_to_bet27,395.3531,395.3531,395.3531,395.3531,395.3531,4.000000,4.000000,4.000000,4.000000,4.000000,96.000000,96.000000,96.000000,96.000000,96.000000,5.0,1976.7655,1824.8244,7907.0621,8059.0032,PENDING_AG03,FALSE,NOT_FOR_ENFORCEMENT,9488.4745,2189415.6736,9883.8276,9488.4745,395.3531,0.00395337,0.00379523,395.3531,9488.4745,0.00379523,395.3531,395.3531,395.3531,395.3531,395.3531,9488.4745,0.00379523,1976.7655,1824.8244,7907.0621,8059.0032,0.00316269,0.00322347,0.00015813,212.5216,219.9480,0.9532,119.0823,2.3972,30121.7335,124.9277,49.0469,238.9093,36.5364,75.9244,374.9013,749.8027,789.266,1183.8989,75.8035,-1.1839,10.395423,15.593133,2.799122,29,215,300,5,0.03207536,0.00395337,0.05088190,0E-8,0.000000,0.912219,0.000000,-0.04848366,2026-03-31,2026-08-01,83,4123,1621,124,0.669355,0.205295,0.230786,0.106918,,,,,,,,GLOBAL_BASELINE_NO_ENTITY_RANKING,,,NOT_APPLICABLE_GLOBAL_BASELINE,HF9g-P5,,,,X 全窗基线 · 不参与实体赏罚,15056593,1506,A168_HF9F_20260827_0900,2026-08-27 09:00:00
2026-07-29,92755421,1396,0,18.9508793208,-18.9508793208,-18.9508793208,0E-7,1,1,0.50665070000000000,0.506650700000,-1.013391052207602,-1.013391052207602,-1.013391052207602,0E-17,ELIGIBLE,R03b_20260811_FULL_v1,L1_ELIGIBILITY,v2026-08-11,2026-03-21..2026-08-06,baccarat_bet02_101_all_pairs_incl_sentinel,round_win = game_pnl > 0 (decisive only),COMPATIBILITY_ONLY_NOT_PRODUCTION,2500103.8841,2280641.3266,9883.8276,11764,10369,-0.00395337,-0.05088190,-0.00239824,-0.00395337,-9883.8276,2500103.8841,OK,0.0000,395.3531,4.0000,96.0000,AG03-UNRESOLVED,ALL5_LEVELS_bet23_to_bet27,395.3531,395.3531,395.3531,395.3531,395.3531,4.000000,4.000000,4.000000,4.000000,4.000000,96.000000,96.000000,96.000000,96.000000,96.000000,5.0,1976.7655,1824.8244,7907.0621,8059.0032,PENDING_AG03,FALSE,NOT_FOR_ENFORCEMENT,9488.4745,2189415.6736,9883.8276,9488.4745,395.3531,0.00395337,0.00379523,395.3531,9488.4745,0.00379523,395.3531,395.3531,395.3531,395.3531,395.3531,9488.4745,0.00379523,1976.7655,1824.8244,7907.0621,8059.0032,0.00316269,0.00322347,0.00015813,212.5216,219.9480,0.9532,119.0823,2.3972,30121.7335,124.9277,49.0469,238.9093,36.5364,75.9244,374.9013,749.8027,789.266,1183.8989,75.8035,-1.1839,10.395423,15.593133,2.799122,29,215,300,5,0.03207536,0.00395337,0.05088190,0E-8,0.000000,0.912219,0.000000,-0.04848366,2026-03-31,2026-08-01,83,4123,1621,124,0.669355,0.205295,0.230786,0.106918,,,,,,,,GLOBAL_BASELINE_NO_ENTITY_RANKING,,,NOT_APPLICABLE_GLOBAL_BASELINE,HF9g-P5,,,,X 全窗基线 · 不参与实体赏罚,15056594,1506,A168_HF9F_20260827_0900,2026-08-27 09:00:00
2026-07-29,92755421,1645,0,53.4414796847,18.9887810795,18.9887810795,0.6666667,3,3,0.50218230000000000,0.502182300000,0.5697959874915163,0.5697959874915164,0.5697959874915163,0E-17,ELIGIBLE,R03b_20260811_FULL_v1,L1_ELIGIBILITY,v2026-08-11,2026-03-21..2026-08-06,baccarat_bet02_101_all_pairs_incl_sentinel,round_win = game_pnl > 0 (decisive only),COMPATIBILITY_ONLY_NOT_PRODUCTION,2500103.8841,2280641.3266,9883.8276,11764,10369,-0.00395337,-0.05088190,-0.00239824,-0.00395337,-9883.8276,2500103.8841,OK,0.0000,395.3531,4.0000,96.0000,AG03-UNRESOLVED,ALL5_LEVELS_bet23_to_bet27,395.3531,395.3531,395.3531,395.3531,395.3531,4.000000,4.000000,4.000000,4.000000,4.000000,96.000000,96.000000,96.000000,96.000000,96.000000,5.0,1976.7655,1824.8244,7907.0621,8059.0032,PENDING_AG03,FALSE,NOT_FOR_ENFORCEMENT,9488.4745,2189415.6736,9883.8276,9488.4745,395.3531,0.00395337,0.00379523,395.3531,9488.4745,0.00379523,395.3531,395.3531,395.3531,395.3531,395.3531,9488.4745,0.00379523,1976.7655,1824.8244,7907.0621,8059.0032,0.00316269,0.00322347,0.00015813,212.5216,219.9480,0.9532,119.0823,2.3972,30121.7335,124.9277,49.0469,238.9093,36.5364,75.9244,374.9013,749.8027,789.266,1183.8989,75.8035,-1.1839,10.395423,15.593133,2.799122,29,215,300,5,0.03207536,0.00395337,0.05088190,0E-8,0.000000,0.912219,0.000000,-0.04848366,2026-03-31,2026-08-01,83,4123,1621,124,0.669355,0.205295,0.230786,0.106918,,,,,,,,GLOBAL_BASELINE_NO_ENTITY_RANKING,,,NOT_APPLICABLE_GLOBAL_BASELINE,HF9g-P5,,,,X 全窗基线 · 不参与实体赏罚,15056595,1506,A168_HF9F_20260827_0900,2026-08-27 09:00:00
2026-07-29,92755421,2074,0,69.7392359005,37.5985445726,37.5985445726,0.7500000,4,4,0.49994810000000000,0.499948100000,1.0002076053883384,1.0002076053883384,1.0002076053883384,0E-17,ELIGIBLE,R03b_20260811_FULL_v1,L1_ELIGIBILITY,v2026-08-11,2026-03-21..2026-08-06,baccarat_bet02_101_all_pairs_incl_sentinel,round_win = game_pnl > 0 (decisive only),COMPATIBILITY_ONLY_NOT_PRODUCTION,2500103.8841,2280641.3266,9883.8276,11764,10369,-0.00395337,-0.05088190,-0.00239824,-0.00395337,-9883.8276,2500103.8841,OK,0.0000,395.3531,4.0000,96.0000,AG03-UNRESOLVED,ALL5_LEVELS_bet23_to_bet27,395.3531,395.3531,395.3531,395.3531,395.3531,4.000000,4.000000,4.000000,4.000000,4.000000,96.000000,96.000000,96.000000,96.000000,96.000000,5.0,1976.7655,1824.8244,7907.0621,8059.0032,PENDING_AG03,FALSE,NOT_FOR_ENFORCEMENT,9488.4745,2189415.6736,9883.8276,9488.4745,395.3531,0.00395337,0.00379523,395.3531,9488.4745,0.00379523,395.3531,395.3531,395.3531,395.3531,395.3531,9488.4745,0.00379523,1976.7655,1824.8244,7907.0621,8059.0032,0.00316269,0.00322347,0.00015813,212.5216,219.9480,0.9532,119.0823,2.3972,30121.7335,124.9277,49.0469,238.9093,36.5364,75.9244,374.9013,749.8027,789.266,1183.8989,75.8035,-1.1839,10.395423,15.593133,2.799122,29,215,300,5,0.03207536,0.00395337,0.05088190,0E-8,0.000000,0.912219,0.000000,-0.04848366,2026-03-31,2026-08-01,83,4123,1621,124,0.669355,0.205295,0.230786,0.106918,,,,,,,,GLOBAL_BASELINE_NO_ENTITY_RANKING,,,NOT_APPLICABLE_GLOBAL_BASELINE,HF9g-P5,,,,X 全窗基线 · 不参与实体赏罚,15056596,1506,A168_HF9F_20260827_0900,2026-08-27 09:00:00
2026-07-29,92755421,2115,0,18.9508793208,-18.9508793208,-18.9508793208,0E-7,1,1,0.49324550000000000,0.493245500000,-0.9865810262130424,-0.9865810262130424,-0.9865810262130424,0E-17,ELIGIBLE,R03b_20260811_FULL_v1,L1_ELIGIBILITY,v2026-08-11,2026-03-21..2026-08-06,baccarat_bet02_101_all_pairs_incl_sentinel,round_win = game_pnl > 0 (decisive only),COMPATIBILITY_ONLY_NOT_PRODUCTION,2500103.8841,2280641.3266,9883.8276,11764,10369,-0.00395337,-0.05088190,-0.00239824,-0.00395337,-9883.8276,2500103.8841,OK,0.0000,395.3531,4.0000,96.0000,AG03-UNRESOLVED,ALL5_LEVELS_bet23_to_bet27,395.3531,395.3531,395.3531,395.3531,395.3531,4.000000,4.000000,4.000000,4.000000,4.000000,96.000000,96.000000,96.000000,96.000000,96.000000,5.0,1976.7655,1824.8244,7907.0621,8059.0032,PENDING_AG03,FALSE,NOT_FOR_ENFORCEMENT,9488.4745,2189415.6736,9883.8276,9488.4745,395.3531,0.00395337,0.00379523,395.3531,9488.4745,0.00379523,395.3531,395.3531,395.3531,395.3531,395.3531,9488.4745,0.00379523,1976.7655,1824.8244,7907.0621,8059.0032,0.00316269,0.00322347,0.00015813,212.5216,219.9480,0.9532,119.0823,2.3972,30121.7335,124.9277,49.0469,238.9093,36.5364,75.9244,374.9013,749.8027,789.266,1183.8989,75.8035,-1.1839,10.395423,15.593133,2.799122,29,215,300,5,0.03207536,0.00395337,0.05088190,0E-8,0.000000,0.912219,0.000000,-0.04848366,2026-03-31,2026-08-01,83,4123,1621,124,0.669355,0.205295,0.230786,0.106918,,,,,,,,GLOBAL_BASELINE_NO_ENTITY_RANKING,,,NOT_APPLICABLE_GLOBAL_BASELINE,HF9g-P5,,,,X 全窗基线 · 不参与实体赏罚,15056597,1506,A168_HF9F_20260827_0900,2026-08-27 09:00:00
2026-07-29,92755421,2123,0,56.8526379624,-37.9017586416,-37.9017586416,0E-7,3,3,0.50218230000000000,0.502182300000,-1.4203995680682369,-1.4203995680682369,-1.4203995680682369,0E-17,ELIGIBLE,R03b_20260811_FULL_v1,L1_ELIGIBILITY,v2026-08-11,2026-03-21..2026-08-06,baccarat_bet02_101_all_pairs_incl_sentinel,round_win = game_pnl > 0 (decisive only),COMPATIBILITY_ONLY_NOT_PRODUCTION,2500103.8841,2280641.3266,9883.8276,11764,10369,-0.00395337,-0.05088190,-0.00239824,-0.00395337,-9883.8276,2500103.8841,OK,0.0000,395.3531,4.0000,96.0000,AG03-UNRESOLVED,ALL5_LEVELS_bet23_to_bet27,395.3531,395.3531,395.3531,395.3531,395.3531,4.000000,4.000000,4.000000,4.000000,4.000000,96.000000,96.000000,96.000000,96.000000,96.000000,5.0,1976.7655,1824.8244,7907.0621,8059.0032,PENDING_AG03,FALSE,NOT_FOR_ENFORCEMENT,9488.4745,2189415.6736,9883.8276,9488.4745,395.3531,0.00395337,0.00379523,395.3531,9488.4745,0.00379523,395.3531,395.3531,395.3531,395.3531,395.3531,9488.4745,0.00379523,1976.7655,1824.8244,7907.0621,8059.0032,0.00316269,0.00322347,0.00015813,212.5216,219.9480,0.9532,119.0823,2.3972,30121.7335,124.9277,49.0469,238.9093,36.5364,75.9244,374.9013,749.8027,789.266,1183.8989,75.8035,-1.1839,10.395423,15.593133,2.799122,29,215,300,5,0.03207536,0.00395337,0.05088190,0E-8,0.000000,0.912219,0.000000,-0.04848366,2026-03-31,2026-08-01,83,4123,1621,124,0.669355,0.205295,0.230786,0.106918,,,,,,,,GLOBAL_BASELINE_NO_ENTITY_RANKING,,,NOT_APPLICABLE_GLOBAL_BASELINE,HF9g-P5,,,,X 全窗基线 · 不参与实体赏罚,15056598,1506,A168_HF9F_20260827_0900,2026-08-27 09:00:00
2026-07-29,92755421,2129,0,20.4669496665,-20.4669496665,-20.4669496665,0E-7,2,1,0.45810397407330143,0.256040200000,-0.9194413823177493,-0.5866503638730671,-0.9194413823177493,0.20206377407330143,ELIGIBLE,R03b_20260811_FULL_v1,L1_ELIGIBILITY,v2026-08-11,2026-03-21..2026-08-06,baccarat_bet02_101_all_pairs_incl_sentinel,round_win = game_pnl > 0 (decisive only),COMPATIBILITY_ONLY_NOT_PRODUCTION,2500103.8841,2280641.3266,9883.8276,11764,10369,-0.00395337,-0.05088190,-0.00239824,-0.00395337,-9883.8276,2500103.8841,OK,0.0000,395.3531,4.0000,96.0000,AG03-UNRESOLVED,ALL5_LEVELS_bet23_to_bet27,395.3531,395.3531,395.3531,395.3531,395.3531,4.000000,4.000000,4.000000,4.000000,4.000000,96.000000,96.000000,96.000000,96.000000,96.000000,5.0,1976.7655,1824.8244,7907.0621,8059.0032,PENDING_AG03,FALSE,NOT_FOR_ENFORCEMENT,9488.4745,2189415.6736,9883.8276,9488.4745,395.3531,0.00395337,0.00379523,395.3531,9488.4745,0.00379523,395.3531,395.3531,395.3531,395.3531,395.3531,9488.4745,0.00379523,1976.7655,1824.8244,7907.0621,8059.0032,0.00316269,0.00322347,0.00015813,212.5216,219.9480,0.9532,119.0823,2.3972,30121.7335,124.9277,49.0469,238.9093,36.5364,75.9244,374.9013,749.8027,789.266,1183.8989,75.8035,-1.1839,10.395423,15.593133,2.799122,29,215,300,5,0.03207536,0.00395337,0.05088190,0E-8,0.000000,0.912219,0.000000,-0.04848366,2026-03-31,2026-08-01,83,4123,1621,124,0.669355,0.205295,0.230786,0.106918,,,,,,,,GLOBAL_BASELINE_NO_ENTITY_RANKING,,,NOT_APPLICABLE_GLOBAL_BASELINE,HF9g-P5,,,,X 全窗基线 · 不参与实体赏罚,15056599,1506,A168_HF9F_20260827_0900,2026-08-27 09:00:00
2026-07-29,92755421,2242,0,56.0946027896,-19.1403881140,-19.1403881140,0.3333333,3,3,0.50218230000000000,0.502182300000,-0.5849155494134425,-0.5849155494134426,-0.5849155494134425,0E-17,ELIGIBLE,R03b_20260811_FULL_v1,L1_ELIGIBILITY,v2026-08-11,2026-03-21..2026-08-06,baccarat_bet02_101_all_pairs_incl_sentinel,round_win = game_pnl > 0 (decisive only),COMPATIBILITY_ONLY_NOT_PRODUCTION,2500103.8841,2280641.3266,9883.8276,11764,10369,-0.00395337,-0.05088190,-0.00239824,-0.00395337,-9883.8276,2500103.8841,OK,0.0000,395.3531,4.0000,96.0000,AG03-UNRESOLVED,ALL5_LEVELS_bet23_to_bet27,395.3531,395.3531,395.3531,395.3531,395.3531,4.000000,4.000000,4.000000,4.000000,4.000000,96.000000,96.000000,96.000000,96.000000,96.000000,5.0,1976.7655,1824.8244,7907.0621,8059.0032,PENDING_AG03,FALSE,NOT_FOR_ENFORCEMENT,9488.4745,2189415.6736,9883.8276,9488.4745,395.3531,0.00395337,0.00379523,395.3531,9488.4745,0.00379523,395.3531,395.3531,395.3531,395.3531,395.3531,9488.4745,0.00379523,1976.7655,1824.8244,7907.0621,8059.0032,0.00316269,0.00322347,0.00015813,212.5216,219.9480,0.9532,119.0823,2.3972,30121.7335,124.9277,49.0469,238.9093,36.5364,75.9244,374.9013,749.8027,789.266,1183.8989,75.8035,-1.1839,10.395423,15.593133,2.799122,29,215,300,5,0.03207536,0.00395337,0.05088190,0E-8,0.000000,0.912219,0.000000,-0.04848366,2026-03-31,2026-08-01,83,4123,1621,124,0.669355,0.205295,0.230786,0.106918,,,,,,,,GLOBAL_BASELINE_NO_ENTITY_RANKING,,,NOT_APPLICABLE_GLOBAL_BASELINE,HF9g-P5,,,,X 全窗基线 · 不参与实体赏罚,15056600,1506,A168_HF9F_20260827_0900,2026-08-27 09:00:00
2026-07-29,92755421,2250,0,56.0946027896,-0.1895087932,-0.1895087932,0.5000000,3,3,0.50218230000000000,0.502182300000,-0.00617253530718887,-0.00617253530718887,-0.00617253530718887,0E-17,ELIGIBLE,R03b_20260811_FULL_v1,L1_ELIGIBILITY,v2026-08-11,2026-03-21..2026-08-06,baccarat_bet02_101_all_pairs_incl_sentinel,round_win = game_pnl > 0 (decisive only),COMPATIBILITY_ONLY_NOT_PRODUCTION,2500103.8841,2280641.3266,9883.8276,11764,10369,-0.00395337,-0.05088190,-0.00239824,-0.00395337,-9883.8276,2500103.8841,OK,0.0000,395.3531,4.0000,96.0000,AG03-UNRESOLVED,ALL5_LEVELS_bet23_to_bet27,395.3531,395.3531,395.3531,395.3531,395.3531,4.000000,4.000000,4.000000,4.000000,4.000000,96.000000,96.000000,96.000000,96.000000,96.000000,5.0,1976.7655,1824.8244,7907.0621,8059.0032,PENDING_AG03,FALSE,NOT_FOR_ENFORCEMENT,9488.4745,2189415.6736,9883.8276,9488.4745,395.3531,0.00395337,0.00379523,395.3531,9488.4745,0.00379523,395.3531,395.3531,395.3531,395.3531,395.3531,9488.4745,0.00379523,1976.7655,1824.8244,7907.0621,8059.0032,0.00316269,0.00322347,0.00015813,212.5216,219.9480,0.9532,119.0823,2.3972,30121.7335,124.9277,49.0469,238.9093,36.5364,75.9244,374.9013,749.8027,789.266,1183.8989,75.8035,-1.1839,10.395423,15.593133,2.799122,29,215,300,5,0.03207536,0.00395337,0.05088190,0E-8,0.000000,0.912219,0.000000,-0.04848366,2026-03-31,2026-08-01,83,4123,1621,124,0.669355,0.205295,0.230786,0.106918,,,,,,,,GLOBAL_BASELINE_NO_ENTITY_RANKING,,,NOT_APPLICABLE_GLOBAL_BASELINE,HF9g-P5,,,,X 全窗基线 · 不参与实体赏罚,15056601,1506,A168_HF9F_20260827_0900,2026-08-27 09:00:00
2026-07-29,92755421,2252,0,105.7459066100,9.4754396604,9.4754396604,0.6000000,7,6,0.49293139215706068,0.457062583333,0.4788732271867017,0.6416056945346741,0.4788732271867017,0.03586880882406068,ELIGIBLE,R03b_20260811_FULL_v1,L1_ELIGIBILITY,v2026-08-11,2026-03-21..2026-08-06,baccarat_bet02_101_all_pairs_incl_sentinel,round_win = game_pnl > 0 (decisive only),COMPATIBILITY_ONLY_NOT_PRODUCTION,2500103.8841,2280641.3266,9883.8276,11764,10369,-0.00395337,-0.05088190,-0.00239824,-0.00395337,-9883.8276,2500103.8841,OK,0.0000,395.3531,4.0000,96.0000,AG03-UNRESOLVED,ALL5_LEVELS_bet23_to_bet27,395.3531,395.3531,395.3531,395.3531,395.3531,4.000000,4.000000,4.000000,4.000000,4.000000,96.000000,96.000000,96.000000,96.000000,96.000000,5.0,1976.7655,1824.8244,7907.0621,8059.0032,PENDING_AG03,FALSE,NOT_FOR_ENFORCEMENT,9488.4745,2189415.6736,9883.8276,9488.4745,395.3531,0.00395337,0.00379523,395.3531,9488.4745,0.00379523,395.3531,395.3531,395.3531,395.3531,395.3531,9488.4745,0.00379523,1976.7655,1824.8244,7907.0621,8059.0032,0.00316269,0.00322347,0.00015813,212.5216,219.9480,0.9532,119.0823,2.3972,30121.7335,124.9277,49.0469,238.9093,36.5364,75.9244,374.9013,749.8027,789.266,1183.8989,75.8035,-1.1839,10.395423,15.593133,2.799122,29,215,300,5,0.03207536,0.00395337,0.05088190,0E-8,0.000000,0.912219,0.000000,-0.04848366,2026-03-31,2026-08-01,83,4123,1621,124,0.669355,0.205295,0.230786,0.106918,,,,,,,,GLOBAL_BASELINE_NO_ENTITY_RANKING,,,NOT_APPLICABLE_GLOBAL_BASELINE,HF9g-P5,,,,X 全窗基线 · 不参与实体赏罚,15056602,1506,A168_HF9F_20260827_0900,2026-08-27 09:00:00
2026-07-29,92755421,462,0,55.7155852032,19.1403881140,19.1403881140,0.6666667,3,3,0.49771390000000000,0.497713900000,0.5852756695216578,0.5852756695216578,0.5852756695216578,0E-17,ELIGIBLE,R03b_20260811_FULL_v1,L1_ELIGIBILITY,v2026-08-11,2026-03-21..2026-08-06,baccarat_bet02_101_all_pairs_incl_sentinel,round_win = game_pnl > 0 (decisive only),COMPATIBILITY_ONLY_NOT_PRODUCTION,2500103.8841,2280641.3266,9883.8276,11764,10369,-0.00395337,-0.05088190,-0.00239824,-0.00395337,-9883.8276,2500103.8841,OK,0.0000,395.3531,4.0000,96.0000,AG03-UNRESOLVED,ALL5_LEVELS_bet23_to_bet27,395.3531,395.3531,395.3531,395.3531,395.3531,4.000000,4.000000,4.000000,4.000000,4.000000,96.000000,96.000000,96.000000,96.000000,96.000000,5.0,1976.7655,1824.8244,7907.0621,8059.0032,PENDING_AG03,FALSE,NOT_FOR_ENFORCEMENT,9488.4745,2189415.6736,9883.8276,9488.4745,395.3531,0.00395337,0.00379523,395.3531,9488.4745,0.00379523,395.3531,395.3531,395.3531,395.3531,395.3531,9488.4745,0.00379523,1976.7655,1824.8244,7907.0621,8059.0032,0.00316269,0.00322347,0.00015813,212.5216,219.9480,0.9532,119.0823,2.3972,30121.7335,124.9277,49.0469,238.9093,36.5364,75.9244,374.9013,749.8027,789.266,1183.8989,75.8035,-1.1839,10.395423,15.593133,2.799122,29,215,300,5,0.03207536,0.00395337,0.05088190,0E-8,0.000000,0.912219,0.000000,-0.04848366,2026-03-31,2026-08-01,83,4123,1621,124,0.669355,0.205295,0.230786,0.106918,,,,,,,,GLOBAL_BASELINE_NO_ENTITY_RANKING,,,NOT_APPLICABLE_GLOBAL_BASELINE,HF9g-P5,,,,X 全窗基线 · 不参与实体赏罚,15056603,1506,A168_HF9F_20260827_0900,2026-08-27 09:00:00
2026-07-29,92755421,526,0,18.9508793208,-18.9508793208,-18.9508793208,0E-7,1,1,0.50665070000000000,0.506650700000,-1.013391052207602,-1.013391052207602,-1.013391052207602,0E-17,ELIGIBLE,R03b_20260811_FULL_v1,L1_ELIGIBILITY,v2026-08-11,2026-03-21..2026-08-06,baccarat_bet02_101_all_pairs_incl_sentinel,round_win = game_pnl > 0 (decisive only),COMPATIBILITY_ONLY_NOT_PRODUCTION,2500103.8841,2280641.3266,9883.8276,11764,10369,-0.00395337,-0.05088190,-0.00239824,-0.00395337,-9883.8276,2500103.8841,OK,0.0000,395.3531,4.0000,96.0000,AG03-UNRESOLVED,ALL5_LEVELS_bet23_to_bet27,395.3531,395.3531,395.3531,395.3531,395.3531,4.000000,4.000000,4.000000,4.000000,4.000000,96.000000,96.000000,96.000000,96.000000,96.000000,5.0,1976.7655,1824.8244,7907.0621,8059.0032,PENDING_AG03,FALSE,NOT_FOR_ENFORCEMENT,9488.4745,2189415.6736,9883.8276,9488.4745,395.3531,0.00395337,0.00379523,395.3531,9488.4745,0.00379523,395.3531,395.3531,395.3531,395.3531,395.3531,9488.4745,0.00379523,1976.7655,1824.8244,7907.0621,8059.0032,0.00316269,0.00322347,0.00015813,212.5216,219.9480,0.9532,119.0823,2.3972,30121.7335,124.9277,49.0469,238.9093,36.5364,75.9244,374.9013,749.8027,789.266,1183.8989,75.8035,-1.1839,10.395423,15.593133,2.799122,29,215,300,5,0.03207536,0.00395337,0.05088190,0E-8,0.000000,0.912219,0.000000,-0.04848366,2026-03-31,2026-08-01,83,4123,1621,124,0.669355,0.205295,0.230786,0.106918,,,,,,,,GLOBAL_BASELINE_NO_ENTITY_RANKING,,,NOT_APPLICABLE_GLOBAL_BASELINE,HF9g-P5,,,,X 全窗基线 · 不参与实体赏罚,15056604,1506,A168_HF9F_20260827_0900,2026-08-27 09:00:00
2026-07-29,92755421,529,0,18.9508793208,-18.9508793208,-18.9508793208,0E-7,1,1,0.50665070000000000,0.506650700000,-1.013391052207602,-1.013391052207602,-1.013391052207602,0E-17,ELIGIBLE,R03b_20260811_FULL_v1,L1_ELIGIBILITY,v2026-08-11,2026-03-21..2026-08-06,baccarat_bet02_101_all_pairs_incl_sentinel,round_win = game_pnl > 0 (decisive only),COMPATIBILITY_ONLY_NOT_PRODUCTION,2500103.8841,2280641.3266,9883.8276,11764,10369,-0.00395337,-0.05088190,-0.00239824,-0.00395337,-9883.8276,2500103.8841,OK,0.0000,395.3531,4.0000,96.0000,AG03-UNRESOLVED,ALL5_LEVELS_bet23_to_bet27,395.3531,395.3531,395.3531,395.3531,395.3531,4.000000,4.000000,4.000000,4.000000,4.000000,96.000000,96.000000,96.000000,96.000000,96.000000,5.0,1976.7655,1824.8244,7907.0621,8059.0032,PENDING_AG03,FALSE,NOT_FOR_ENFORCEMENT,9488.4745,2189415.6736,9883.8276,9488.4745,395.3531,0.00395337,0.00379523,395.3531,9488.4745,0.00379523,395.3531,395.3531,395.3531,395.3531,395.3531,9488.4745,0.00379523,1976.7655,1824.8244,7907.0621,8059.0032,0.00316269,0.00322347,0.00015813,212.5216,219.9480,0.9532,119.0823,2.3972,30121.7335,124.9277,49.0469,238.9093,36.5364,75.9244,374.9013,749.8027,789.266,1183.8989,75.8035,-1.1839,10.395423,15.593133,2.799122,29,215,300,5,0.03207536,0.00395337,0.05088190,0E-8,0.000000,0.912219,0.000000,-0.04848366,2026-03-31,2026-08-01,83,4123,1621,124,0.669355,0.205295,0.230786,0.106918,,,,,,,,GLOBAL_BASELINE_NO_ENTITY_RANKING,,,NOT_APPLICABLE_GLOBAL_BASELINE,HF9g-P5,,,,X 全窗基线 · 不参与实体赏罚,15056605,1506,A168_HF9F_20260827_0900,2026-08-27 09:00:00
2026-07-29,92755421,583,0,18.9508793208,-18.9508793208,-18.9508793208,0E-7,1,1,0.49324550000000000,0.493245500000,-0.9865810262130424,-0.9865810262130424,-0.9865810262130424,0E-17,ELIGIBLE,R03b_20260811_FULL_v1,L1_ELIGIBILITY,v2026-08-11,2026-03-21..2026-08-06,baccarat_bet02_101_all_pairs_incl_sentinel,round_win = game_pnl > 0 (decisive only),COMPATIBILITY_ONLY_NOT_PRODUCTION,2500103.8841,2280641.3266,9883.8276,11764,10369,-0.00395337,-0.05088190,-0.00239824,-0.00395337,-9883.8276,2500103.8841,OK,0.0000,395.3531,4.0000,96.0000,AG03-UNRESOLVED,ALL5_LEVELS_bet23_to_bet27,395.3531,395.3531,395.3531,395.3531,395.3531,4.000000,4.000000,4.000000,4.000000,4.000000,96.000000,96.000000,96.000000,96.000000,96.000000,5.0,1976.7655,1824.8244,7907.0621,8059.0032,PENDING_AG03,FALSE,NOT_FOR_ENFORCEMENT,9488.4745,2189415.6736,9883.8276,9488.4745,395.3531,0.00395337,0.00379523,395.3531,9488.4745,0.00379523,395.3531,395.3531,395.3531,395.3531,395.3531,9488.4745,0.00379523,1976.7655,1824.8244,7907.0621,8059.0032,0.00316269,0.00322347,0.00015813,212.5216,219.9480,0.9532,119.0823,2.3972,30121.7335,124.9277,49.0469,238.9093,36.5364,75.9244,374.9013,749.8027,789.266,1183.8989,75.8035,-1.1839,10.395423,15.593133,2.799122,29,215,300,5,0.03207536,0.00395337,0.05088190,0E-8,0.000000,0.912219,0.000000,-0.04848366,2026-03-31,2026-08-01,83,4123,1621,124,0.669355,0.205295,0.230786,0.106918,,,,,,,,GLOBAL_BASELINE_NO_ENTITY_RANKING,,,NOT_APPLICABLE_GLOBAL_BASELINE,HF9g-P5,,,,X 全窗基线 · 不参与实体赏罚,15056606,1506,A168_HF9F_20260827_0900,2026-08-27 09:00:00
2026-07-29,92755421,919,0,53.8204972711,-16.8662825955,-16.8662825955,0.3333333,3,3,0.50218230000000000,0.502182300000,-0.5849155494134425,-0.5849155494134426,-0.5849155494134425,0E-17,ELIGIBLE,R03b_20260811_FULL_v1,L1_ELIGIBILITY,v2026-08-11,2026-03-21..2026-08-06,baccarat_bet02_101_all_pairs_incl_sentinel,round_win = game_pnl > 0 (decisive only),COMPATIBILITY_ONLY_NOT_PRODUCTION,2500103.8841,2280641.3266,9883.8276,11764,10369,-0.00395337,-0.05088190,-0.00239824,-0.00395337,-9883.8276,2500103.8841,OK,0.0000,395.3531,4.0000,96.0000,AG03-UNRESOLVED,ALL5_LEVELS_bet23_to_bet27,395.3531,395.3531,395.3531,395.3531,395.3531,4.000000,4.000000,4.000000,4.000000,4.000000,96.000000,96.000000,96.000000,96.000000,96.000000,5.0,1976.7655,1824.8244,7907.0621,8059.0032,PENDING_AG03,FALSE,NOT_FOR_ENFORCEMENT,9488.4745,2189415.6736,9883.8276,9488.4745,395.3531,0.00395337,0.00379523,395.3531,9488.4745,0.00379523,395.3531,395.3531,395.3531,395.3531,395.3531,9488.4745,0.00379523,1976.7655,1824.8244,7907.0621,8059.0032,0.00316269,0.00322347,0.00015813,212.5216,219.9480,0.9532,119.0823,2.3972,30121.7335,124.9277,49.0469,238.9093,36.5364,75.9244,374.9013,749.8027,789.266,1183.8989,75.8035,-1.1839,10.395423,15.593133,2.799122,29,215,300,5,0.03207536,0.00395337,0.05088190,0E-8,0.000000,0.912219,0.000000,-0.04848366,2026-03-31,2026-08-01,83,4123,1621,124,0.669355,0.205295,0.230786,0.106918,,,,,,,,GLOBAL_BASELINE_NO_ENTITY_RANKING,,,NOT_APPLICABLE_GLOBAL_BASELINE,HF9g-P5,,,,X 全窗基线 · 不参与实体赏罚,15056607,1506,A168_HF9F_20260827_0900,2026-08-27 09:00:00
2026-07-29,92755421,986,0,53.0624620982,-7.5803517283,-7.5803517283,0.3333333,4,4,0.49659680000000000,0.496596800000,-0.5655743394288276,-0.5655743394288276,-0.5655743394288276,0E-17,ELIGIBLE,R03b_20260811_FULL_v1,L1_ELIGIBILITY,v2026-08-11,2026-03-21..2026-08-06,baccarat_bet02_101_all_pairs_incl_sentinel,round_win = game_pnl > 0 (decisive only),COMPATIBILITY_ONLY_NOT_PRODUCTION,2500103.8841,2280641.3266,9883.8276,11764,10369,-0.00395337,-0.05088190,-0.00239824,-0.00395337,-9883.8276,2500103.8841,OK,0.0000,395.3531,4.0000,96.0000,AG03-UNRESOLVED,ALL5_LEVELS_bet23_to_bet27,395.3531,395.3531,395.3531,395.3531,395.3531,4.000000,4.000000,4.000000,4.000000,4.000000,96.000000,96.000000,96.000000,96.000000,96.000000,5.0,1976.7655,1824.8244,7907.0621,8059.0032,PENDING_AG03,FALSE,NOT_FOR_ENFORCEMENT,9488.4745,2189415.6736,9883.8276,9488.4745,395.3531,0.00395337,0.00379523,395.3531,9488.4745,0.00379523,395.3531,395.3531,395.3531,395.3531,395.3531,9488.4745,0.00379523,1976.7655,1824.8244,7907.0621,8059.0032,0.00316269,0.00322347,0.00015813,212.5216,219.9480,0.9532,119.0823,2.3972,30121.7335,124.9277,49.0469,238.9093,36.5364,75.9244,374.9013,749.8027,789.266,1183.8989,75.8035,-1.1839,10.395423,15.593133,2.799122,29,215,300,5,0.03207536,0.00395337,0.05088190,0E-8,0.000000,0.912219,0.000000,-0.04848366,2026-03-31,2026-08-01,83,4123,1621,124,0.669355,0.205295,0.230786,0.106918,,,,,,,,GLOBAL_BASELINE_NO_ENTITY_RANKING,,,NOT_APPLICABLE_GLOBAL_BASELINE,HF9g-P5,,,,X 全窗基线 · 不参与实体赏罚,15056608,1506,A168_HF9F_20260827_0900,2026-08-27 09:00:00
2026-07-31,92755421,-1,1,970.4846805006,-175.8558693537,-175.8558693537,0.3636364,26,25,0.50102051600000000,0.501020516000,-1.2887802712034802,-1.2887802712034802,-1.2887802712034802,0E-17,SENTINEL_DEALER,R03b_20260811_FULL_v1,L1_ELIGIBILITY,v2026-08-11,2026-03-21..2026-08-06,baccarat_bet02_101_all_pairs_incl_sentinel,round_win = game_pnl > 0 (decisive only),COMPATIBILITY_ONLY_NOT_PRODUCTION,2500103.8841,2280641.3266,9883.8276,11764,10369,-0.00395337,-0.05088190,-0.00239824,-0.00395337,-9883.8276,2500103.8841,OK,0.0000,395.3531,4.0000,96.0000,AG03-UNRESOLVED,ALL5_LEVELS_bet23_to_bet27,395.3531,395.3531,395.3531,395.3531,395.3531,4.000000,4.000000,4.000000,4.000000,4.000000,96.000000,96.000000,96.000000,96.000000,96.000000,5.0,1976.7655,1824.8244,7907.0621,8059.0032,PENDING_AG03,FALSE,NOT_FOR_ENFORCEMENT,9488.4745,2189415.6736,9883.8276,9488.4745,395.3531,0.00395337,0.00379523,395.3531,9488.4745,0.00379523,395.3531,395.3531,395.3531,395.3531,395.3531,9488.4745,0.00379523,1976.7655,1824.8244,7907.0621,8059.0032,0.00316269,0.00322347,0.00015813,212.5216,219.9480,0.9532,119.0823,2.3972,30121.7335,124.9277,49.0469,238.9093,36.5364,75.9244,374.9013,749.8027,789.266,1183.8989,75.8035,-1.1839,10.395423,15.593133,2.799122,29,215,300,5,0.03207536,0.00395337,0.05088190,0E-8,0.000000,0.912219,0.000000,-0.04848366,2026-03-31,2026-08-01,83,4123,1621,124,0.669355,0.205295,0.230786,0.106918,,,,,,,,GLOBAL_BASELINE_NO_ENTITY_RANKING,,,NOT_APPLICABLE_GLOBAL_BASELINE,HF9g-P5,,,,X 全窗基线 · 不参与实体赏罚,15056609,1506,A168_HF9F_20260827_0900,2026-08-27 09:00:00
2026-07-31,92755421,1205,0,37.4559892127,-37.4559892127,-37.4559892127,0E-7,1,1,0.50665070000000000,0.506650700000,-1.013391052207602,-1.013391052207602,-1.013391052207602,0E-17,ELIGIBLE,R03b_20260811_FULL_v1,L1_ELIGIBILITY,v2026-08-11,2026-03-21..2026-08-06,baccarat_bet02_101_all_pairs_incl_sentinel,round_win = game_pnl > 0 (decisive only),COMPATIBILITY_ONLY_NOT_PRODUCTION,2500103.8841,2280641.3266,9883.8276,11764,10369,-0.00395337,-0.05088190,-0.00239824,-0.00395337,-9883.8276,2500103.8841,OK,0.0000,395.3531,4.0000,96.0000,AG03-UNRESOLVED,ALL5_LEVELS_bet23_to_bet27,395.3531,395.3531,395.3531,395.3531,395.3531,4.000000,4.000000,4.000000,4.000000,4.000000,96.000000,96.000000,96.000000,96.000000,96.000000,5.0,1976.7655,1824.8244,7907.0621,8059.0032,PENDING_AG03,FALSE,NOT_FOR_ENFORCEMENT,9488.4745,2189415.6736,9883.8276,9488.4745,395.3531,0.00395337,0.00379523,395.3531,9488.4745,0.00379523,395.3531,395.3531,395.3531,395.3531,395.3531,9488.4745,0.00379523,1976.7655,1824.8244,7907.0621,8059.0032,0.00316269,0.00322347,0.00015813,212.5216,219.9480,0.9532,119.0823,2.3972,30121.7335,124.9277,49.0469,238.9093,36.5364,75.9244,374.9013,749.8027,789.266,1183.8989,75.8035,-1.1839,10.395423,15.593133,2.799122,29,215,300,5,0.03207536,0.00395337,0.05088190,0E-8,0.000000,0.912219,0.000000,-0.04848366,2026-03-31,2026-08-01,83,4123,1621,124,0.669355,0.205295,0.230786,0.106918,,,,,,,,GLOBAL_BASELINE_NO_ENTITY_RANKING,,,NOT_APPLICABLE_GLOBAL_BASELINE,HF9g-P5,,,,X 全窗基线 · 不参与实体赏罚,15056610,1506,A168_HF9F_20260827_0900,2026-08-27 09:00:00
2026-07-31,92755421,1330,0,110.4951681774,33.7103902913,33.7103902913,0.6666667,3,3,0.50218230000000000,0.502182300000,0.5697959874915163,0.5697959874915164,0.5697959874915163,0E-17,ELIGIBLE,R03b_20260811_FULL_v1,L1_ELIGIBILITY,v2026-08-11,2026-03-21..2026-08-06,baccarat_bet02_101_all_pairs_incl_sentinel,round_win = game_pnl > 0 (decisive only),COMPATIBILITY_ONLY_NOT_PRODUCTION,2500103.8841,2280641.3266,9883.8276,11764,10369,-0.00395337,-0.05088190,-0.00239824,-0.00395337,-9883.8276,2500103.8841,OK,0.0000,395.3531,4.0000,96.0000,AG03-UNRESOLVED,ALL5_LEVELS_bet23_to_bet27,395.3531,395.3531,395.3531,395.3531,395.3531,4.000000,4.000000,4.000000,4.000000,4.000000,96.000000,96.000000,96.000000,96.000000,96.000000,5.0,1976.7655,1824.8244,7907.0621,8059.0032,PENDING_AG03,FALSE,NOT_FOR_ENFORCEMENT,9488.4745,2189415.6736,9883.8276,9488.4745,395.3531,0.00395337,0.00379523,395.3531,9488.4745,0.00379523,395.3531,395.3531,395.3531,395.3531,395.3531,9488.4745,0.00379523,1976.7655,1824.8244,7907.0621,8059.0032,0.00316269,0.00322347,0.00015813,212.5216,219.9480,0.9532,119.0823,2.3972,30121.7335,124.9277,49.0469,238.9093,36.5364,75.9244,374.9013,749.8027,789.266,1183.8989,75.8035,-1.1839,10.395423,15.593133,2.799122,29,215,300,5,0.03207536,0.00395337,0.05088190,0E-8,0.000000,0.912219,0.000000,-0.04848366,2026-03-31,2026-08-01,83,4123,1621,124,0.669355,0.205295,0.230786,0.106918,,,,,,,,GLOBAL_BASELINE_NO_ENTITY_RANKING,,,NOT_APPLICABLE_GLOBAL_BASELINE,HF9g-P5,,,,X 全窗基线 · 不参与实体赏罚,15056611,1506,A168_HF9F_20260827_0900,2026-08-27 09:00:00
2026-07-31,92755421,1951,0,37.4559892127,-37.4559892127,-37.4559892127,0E-7,1,1,0.50665070000000000,0.506650700000,-1.013391052207602,-1.013391052207602,-1.013391052207602,0E-17,ELIGIBLE,R03b_20260811_FULL_v1,L1_ELIGIBILITY,v2026-08-11,2026-03-21..2026-08-06,baccarat_bet02_101_all_pairs_incl_sentinel,round_win = game_pnl > 0 (decisive only),COMPATIBILITY_ONLY_NOT_PRODUCTION,2500103.8841,2280641.3266,9883.8276,11764,10369,-0.00395337,-0.05088190,-0.00239824,-0.00395337,-9883.8276,2500103.8841,OK,0.0000,395.3531,4.0000,96.0000,AG03-UNRESOLVED,ALL5_LEVELS_bet23_to_bet27,395.3531,395.3531,395.3531,395.3531,395.3531,4.000000,4.000000,4.000000,4.000000,4.000000,96.000000,96.000000,96.000000,96.000000,96.000000,5.0,1976.7655,1824.8244,7907.0621,8059.0032,PENDING_AG03,FALSE,NOT_FOR_ENFORCEMENT,9488.4745,2189415.6736,9883.8276,9488.4745,395.3531,0.00395337,0.00379523,395.3531,9488.4745,0.00379523,395.3531,395.3531,395.3531,395.3531,395.3531,9488.4745,0.00379523,1976.7655,1824.8244,7907.0621,8059.0032,0.00316269,0.00322347,0.00015813,212.5216,219.9480,0.9532,119.0823,2.3972,30121.7335,124.9277,49.0469,238.9093,36.5364,75.9244,374.9013,749.8027,789.266,1183.8989,75.8035,-1.1839,10.395423,15.593133,2.799122,29,215,300,5,0.03207536,0.00395337,0.05088190,0E-8,0.000000,0.912219,0.000000,-0.04848366,2026-03-31,2026-08-01,83,4123,1621,124,0.669355,0.205295,0.230786,0.106918,,,,,,,,GLOBAL_BASELINE_NO_ENTITY_RANKING,,,NOT_APPLICABLE_GLOBAL_BASELINE,HF9g-P5,,,,X 全窗基线 · 不参与实体赏罚,15056612,1506,A168_HF9F_20260827_0900,2026-08-27 09:00:00
2026-07-31,92755421,1966,0,64.4243014458,-9.6449172223,-9.6449172223,0.5000000,2,2,0.49994810000000000,0.499948100000,0.00014679536856514622,0.00014679536856514622,0.00014679536856514622,0E-17,ELIGIBLE,R03b_20260811_FULL_v1,L1_ELIGIBILITY,v2026-08-11,2026-03-21..2026-08-06,baccarat_bet02_101_all_pairs_incl_sentinel,round_win = game_pnl > 0 (decisive only),COMPATIBILITY_ONLY_NOT_PRODUCTION,2500103.8841,2280641.3266,9883.8276,11764,10369,-0.00395337,-0.05088190,-0.00239824,-0.00395337,-9883.8276,2500103.8841,OK,0.0000,395.3531,4.0000,96.0000,AG03-UNRESOLVED,ALL5_LEVELS_bet23_to_bet27,395.3531,395.3531,395.3531,395.3531,395.3531,4.000000,4.000000,4.000000,4.000000,4.000000,96.000000,96.000000,96.000000,96.000000,96.000000,5.0,1976.7655,1824.8244,7907.0621,8059.0032,PENDING_AG03,FALSE,NOT_FOR_ENFORCEMENT,9488.4745,2189415.6736,9883.8276,9488.4745,395.3531,0.00395337,0.00379523,395.3531,9488.4745,0.00379523,395.3531,395.3531,395.3531,395.3531,395.3531,9488.4745,0.00379523,1976.7655,1824.8244,7907.0621,8059.0032,0.00316269,0.00322347,0.00015813,212.5216,219.9480,0.9532,119.0823,2.3972,30121.7335,124.9277,49.0469,238.9093,36.5364,75.9244,374.9013,749.8027,789.266,1183.8989,75.8035,-1.1839,10.395423,15.593133,2.799122,29,215,300,5,0.03207536,0.00395337,0.05088190,0E-8,0.000000,0.912219,0.000000,-0.04848366,2026-03-31,2026-08-01,83,4123,1621,124,0.669355,0.205295,0.230786,0.106918,,,,,,,,GLOBAL_BASELINE_NO_ENTITY_RANKING,,,NOT_APPLICABLE_GLOBAL_BASELINE,HF9g-P5,,,,X 全窗基线 · 不参与实体赏罚,15056613,1506,A168_HF9F_20260827_0900,2026-08-27 09:00:00
2026-07-31,92755421,2115,0,37.4559892127,-37.4559892127,-37.4559892127,0E-7,1,1,0.49324550000000000,0.493245500000,-0.9865810262130424,-0.9865810262130424,-0.9865810262130424,0E-17,ELIGIBLE,R03b_20260811_FULL_v1,L1_ELIGIBILITY,v2026-08-11,2026-03-21..2026-08-06,baccarat_bet02_101_all_pairs_incl_sentinel,round_win = game_pnl > 0 (decisive only),COMPATIBILITY_ONLY_NOT_PRODUCTION,2500103.8841,2280641.3266,9883.8276,11764,10369,-0.00395337,-0.05088190,-0.00239824,-0.00395337,-9883.8276,2500103.8841,OK,0.0000,395.3531,4.0000,96.0000,AG03-UNRESOLVED,ALL5_LEVELS_bet23_to_bet27,395.3531,395.3531,395.3531,395.3531,395.3531,4.000000,4.000000,4.000000,4.000000,4.000000,96.000000,96.000000,96.000000,96.000000,96.000000,5.0,1976.7655,1824.8244,7907.0621,8059.0032,PENDING_AG03,FALSE,NOT_FOR_ENFORCEMENT,9488.4745,2189415.6736,9883.8276,9488.4745,395.3531,0.00395337,0.00379523,395.3531,9488.4745,0.00379523,395.3531,395.3531,395.3531,395.3531,395.3531,9488.4745,0.00379523,1976.7655,1824.8244,7907.0621,8059.0032,0.00316269,0.00322347,0.00015813,212.5216,219.9480,0.9532,119.0823,2.3972,30121.7335,124.9277,49.0469,238.9093,36.5364,75.9244,374.9013,749.8027,789.266,1183.8989,75.8035,-1.1839,10.395423,15.593133,2.799122,29,215,300,5,0.03207536,0.00395337,0.05088190,0E-8,0.000000,0.912219,0.000000,-0.04848366,2026-03-31,2026-08-01,83,4123,1621,124,0.669355,0.205295,0.230786,0.106918,,,,,,,,GLOBAL_BASELINE_NO_ENTITY_RANKING,,,NOT_APPLICABLE_GLOBAL_BASELINE,HF9g-P5,,,,X 全窗基线 · 不参与实体赏罚,15056614,1506,A168_HF9F_20260827_0900,2026-08-27 09:00:00
2026-07-31,92755421,2174,0,112.3679676381,-37.4559892127,-37.4559892127,0.3333333,3,3,0.50218230000000000,0.502182300000,-0.5849155494134425,-0.5849155494134426,-0.5849155494134425,0E-17,ELIGIBLE,R03b_20260811_FULL_v1,L1_ELIGIBILITY,v2026-08-11,2026-03-21..2026-08-06,baccarat_bet02_101_all_pairs_incl_sentinel,round_win = game_pnl > 0 (decisive only),COMPATIBILITY_ONLY_NOT_PRODUCTION,2500103.8841,2280641.3266,9883.8276,11764,10369,-0.00395337,-0.05088190,-0.00239824,-0.00395337,-9883.8276,2500103.8841,OK,0.0000,395.3531,4.0000,96.0000,AG03-UNRESOLVED,ALL5_LEVELS_bet23_to_bet27,395.3531,395.3531,395.3531,395.3531,395.3531,4.000000,4.000000,4.000000,4.000000,4.000000,96.000000,96.000000,96.000000,96.000000,96.000000,5.0,1976.7655,1824.8244,7907.0621,8059.0032,PENDING_AG03,FALSE,NOT_FOR_ENFORCEMENT,9488.4745,2189415.6736,9883.8276,9488.4745,395.3531,0.00395337,0.00379523,395.3531,9488.4745,0.00379523,395.3531,395.3531,395.3531,395.3531,395.3531,9488.4745,0.00379523,1976.7655,1824.8244,7907.0621,8059.0032,0.00316269,0.00322347,0.00015813,212.5216,219.9480,0.9532,119.0823,2.3972,30121.7335,124.9277,49.0469,238.9093,36.5364,75.9244,374.9013,749.8027,789.266,1183.8989,75.8035,-1.1839,10.395423,15.593133,2.799122,29,215,300,5,0.03207536,0.00395337,0.05088190,0E-8,0.000000,0.912219,0.000000,-0.04848366,2026-03-31,2026-08-01,83,4123,1621,124,0.669355,0.205295,0.230786,0.106918,,,,,,,,GLOBAL_BASELINE_NO_ENTITY_RANKING,,,NOT_APPLICABLE_GLOBAL_BASELINE,HF9g-P5,,,,X 全窗基线 · 不参与实体赏罚,15056615,1506,A168_HF9F_20260827_0900,2026-08-27 09:00:00
2026-07-31,92755421,2201,0,164.8063525357,35.5831897520,35.5831897520,0.6666667,4,4,0.49994810000000000,0.499948100000,0.5775300591747329,0.5775300591747329,0.5775300591747329,0E-17,ELIGIBLE,R03b_20260811_FULL_v1,L1_ELIGIBILITY,v2026-08-11,2026-03-21..2026-08-06,baccarat_bet02_101_all_pairs_incl_sentinel,round_win = game_pnl > 0 (decisive only),COMPATIBILITY_ONLY_NOT_PRODUCTION,2500103.8841,2280641.3266,9883.8276,11764,10369,-0.00395337,-0.05088190,-0.00239824,-0.00395337,-9883.8276,2500103.8841,OK,0.0000,395.3531,4.0000,96.0000,AG03-UNRESOLVED,ALL5_LEVELS_bet23_to_bet27,395.3531,395.3531,395.3531,395.3531,395.3531,4.000000,4.000000,4.000000,4.000000,4.000000,96.000000,96.000000,96.000000,96.000000,96.000000,5.0,1976.7655,1824.8244,7907.0621,8059.0032,PENDING_AG03,FALSE,NOT_FOR_ENFORCEMENT,9488.4745,2189415.6736,9883.8276,9488.4745,395.3531,0.00395337,0.00379523,395.3531,9488.4745,0.00379523,395.3531,395.3531,395.3531,395.3531,395.3531,9488.4745,0.00379523,1976.7655,1824.8244,7907.0621,8059.0032,0.00316269,0.00322347,0.00015813,212.5216,219.9480,0.9532,119.0823,2.3972,30121.7335,124.9277,49.0469,238.9093,36.5364,75.9244,374.9013,749.8027,789.266,1183.8989,75.8035,-1.1839,10.395423,15.593133,2.799122,29,215,300,5,0.03207536,0.00395337,0.05088190,0E-8,0.000000,0.912219,0.000000,-0.04848366,2026-03-31,2026-08-01,83,4123,1621,124,0.669355,0.205295,0.230786,0.106918,,,,,,,,GLOBAL_BASELINE_NO_ENTITY_RANKING,,,NOT_APPLICABLE_GLOBAL_BASELINE,HF9g-P5,,,,X 全窗基线 · 不参与实体赏罚,15056616,1506,A168_HF9F_20260827_0900,2026-08-27 09:00:00
2026-07-31,92755421,2205,0,37.4559892127,-37.4559892127,-37.4559892127,0E-7,1,1,0.50665070000000000,0.506650700000,-1.013391052207602,-1.013391052207602,-1.013391052207602,0E-17,ELIGIBLE,R03b_20260811_FULL_v1,L1_ELIGIBILITY,v2026-08-11,2026-03-21..2026-08-06,baccarat_bet02_101_all_pairs_incl_sentinel,round_win = game_pnl > 0 (decisive only),COMPATIBILITY_ONLY_NOT_PRODUCTION,2500103.8841,2280641.3266,9883.8276,11764,10369,-0.00395337,-0.05088190,-0.00239824,-0.00395337,-9883.8276,2500103.8841,OK,0.0000,395.3531,4.0000,96.0000,AG03-UNRESOLVED,ALL5_LEVELS_bet23_to_bet27,395.3531,395.3531,395.3531,395.3531,395.3531,4.000000,4.000000,4.000000,4.000000,4.000000,96.000000,96.000000,96.000000,96.000000,96.000000,5.0,1976.7655,1824.8244,7907.0621,8059.0032,PENDING_AG03,FALSE,NOT_FOR_ENFORCEMENT,9488.4745,2189415.6736,9883.8276,9488.4745,395.3531,0.00395337,0.00379523,395.3531,9488.4745,0.00379523,395.3531,395.3531,395.3531,395.3531,395.3531,9488.4745,0.00379523,1976.7655,1824.8244,7907.0621,8059.0032,0.00316269,0.00322347,0.00015813,212.5216,219.9480,0.9532,119.0823,2.3972,30121.7335,124.9277,49.0469,238.9093,36.5364,75.9244,374.9013,749.8027,789.266,1183.8989,75.8035,-1.1839,10.395423,15.593133,2.799122,29,215,300,5,0.03207536,0.00395337,0.05088190,0E-8,0.000000,0.912219,0.000000,-0.04848366,2026-03-31,2026-08-01,83,4123,1621,124,0.669355,0.205295,0.230786,0.106918,,,,,,,,GLOBAL_BASELINE_NO_ENTITY_RANKING,,,NOT_APPLICABLE_GLOBAL_BASELINE,HF9g-P5,,,,X 全窗基线 · 不参与实体赏罚,15056617,1506,A168_HF9F_20260827_0900,2026-08-27 09:00:00
2026-07-31,92755421,2218,0,262.1919244889,69.2935800433,69.2935800433,0.7500000,7,7,0.50665070000000000,0.506650700000,0.9734833216690844,0.9734833216690844,0.9734833216690844,0E-17,ELIGIBLE,R03b_20260811_FULL_v1,L1_ELIGIBILITY,v2026-08-11,2026-03-21..2026-08-06,baccarat_bet02_101_all_pairs_incl_sentinel,round_win = game_pnl > 0 (decisive only),COMPATIBILITY_ONLY_NOT_PRODUCTION,2500103.8841,2280641.3266,9883.8276,11764,10369,-0.00395337,-0.05088190,-0.00239824,-0.00395337,-9883.8276,2500103.8841,OK,0.0000,395.3531,4.0000,96.0000,AG03-UNRESOLVED,ALL5_LEVELS_bet23_to_bet27,395.3531,395.3531,395.3531,395.3531,395.3531,4.000000,4.000000,4.000000,4.000000,4.000000,96.000000,96.000000,96.000000,96.000000,96.000000,5.0,1976.7655,1824.8244,7907.0621,8059.0032,PENDING_AG03,FALSE,NOT_FOR_ENFORCEMENT,9488.4745,2189415.6736,9883.8276,9488.4745,395.3531,0.00395337,0.00379523,395.3531,9488.4745,0.00379523,395.3531,395.3531,395.3531,395.3531,395.3531,9488.4745,0.00379523,1976.7655,1824.8244,7907.0621,8059.0032,0.00316269,0.00322347,0.00015813,212.5216,219.9480,0.9532,119.0823,2.3972,30121.7335,124.9277,49.0469,238.9093,36.5364,75.9244,374.9013,749.8027,789.266,1183.8989,75.8035,-1.1839,10.395423,15.593133,2.799122,29,215,300,5,0.03207536,0.00395337,0.05088190,0E-8,0.000000,0.912219,0.000000,-0.04848366,2026-03-31,2026-08-01,83,4123,1621,124,0.669355,0.205295,0.230786,0.106918,,,,,,,,GLOBAL_BASELINE_NO_ENTITY_RANKING,,,NOT_APPLICABLE_GLOBAL_BASELINE,HF9g-P5,,,,X 全窗基线 · 不参与实体赏罚,15056618,1506,A168_HF9F_20260827_0900,2026-08-27 09:00:00
2026-07-31,92755421,2220,0,37.4559892127,0E-10,0E-10,,1,1,0.50665070000000000,0.506650700000,,,,0E-17,NO_DECISIVE_ROUND,R03b_20260811_FULL_v1,L1_ELIGIBILITY,v2026-08-11,2026-03-21..2026-08-06,baccarat_bet02_101_all_pairs_incl_sentinel,round_win = game_pnl > 0 (decisive only),COMPATIBILITY_ONLY_NOT_PRODUCTION,2500103.8841,2280641.3266,9883.8276,11764,10369,-0.00395337,-0.05088190,-0.00239824,-0.00395337,-9883.8276,2500103.8841,OK,0.0000,395.3531,4.0000,96.0000,AG03-UNRESOLVED,ALL5_LEVELS_bet23_to_bet27,395.3531,395.3531,395.3531,395.3531,395.3531,4.000000,4.000000,4.000000,4.000000,4.000000,96.000000,96.000000,96.000000,96.000000,96.000000,5.0,1976.7655,1824.8244,7907.0621,8059.0032,PENDING_AG03,FALSE,NOT_FOR_ENFORCEMENT,9488.4745,2189415.6736,9883.8276,9488.4745,395.3531,0.00395337,0.00379523,395.3531,9488.4745,0.00379523,395.3531,395.3531,395.3531,395.3531,395.3531,9488.4745,0.00379523,1976.7655,1824.8244,7907.0621,8059.0032,0.00316269,0.00322347,0.00015813,212.5216,219.9480,0.9532,119.0823,2.3972,30121.7335,124.9277,49.0469,238.9093,36.5364,75.9244,374.9013,749.8027,789.266,1183.8989,75.8035,-1.1839,10.395423,15.593133,2.799122,29,215,300,5,0.03207536,0.00395337,0.05088190,0E-8,0.000000,0.912219,0.000000,-0.04848366,2026-03-31,2026-08-01,83,4123,1621,124,0.669355,0.205295,0.230786,0.106918,,,,,,,,GLOBAL_BASELINE_NO_ENTITY_RANKING,,,NOT_APPLICABLE_GLOBAL_BASELINE,HF9g-P5,,,,X 全窗基线 · 不参与实体赏罚,15056619,1506,A168_HF9F_20260827_0900,2026-08-27 09:00:00
2026-07-31,92755421,2235,0,71.1663795041,-71.1663795041,-71.1663795041,0E-7,2,2,0.50665070000000000,0.506650700000,-1.4331513700195317,-1.4331513700195317,-1.4331513700195317,0E-17,ELIGIBLE,R03b_20260811_FULL_v1,L1_ELIGIBILITY,v2026-08-11,2026-03-21..2026-08-06,baccarat_bet02_101_all_pairs_incl_sentinel,round_win = game_pnl > 0 (decisive only),COMPATIBILITY_ONLY_NOT_PRODUCTION,2500103.8841,2280641.3266,9883.8276,11764,10369,-0.00395337,-0.05088190,-0.00239824,-0.00395337,-9883.8276,2500103.8841,OK,0.0000,395.3531,4.0000,96.0000,AG03-UNRESOLVED,ALL5_LEVELS_bet23_to_bet27,395.3531,395.3531,395.3531,395.3531,395.3531,4.000000,4.000000,4.000000,4.000000,4.000000,96.000000,96.000000,96.000000,96.000000,96.000000,5.0,1976.7655,1824.8244,7907.0621,8059.0032,PENDING_AG03,FALSE,NOT_FOR_ENFORCEMENT,9488.4745,2189415.6736,9883.8276,9488.4745,395.3531,0.00395337,0.00379523,395.3531,9488.4745,0.00379523,395.3531,395.3531,395.3531,395.3531,395.3531,9488.4745,0.00379523,1976.7655,1824.8244,7907.0621,8059.0032,0.00316269,0.00322347,0.00015813,212.5216,219.9480,0.9532,119.0823,2.3972,30121.7335,124.9277,49.0469,238.9093,36.5364,75.9244,374.9013,749.8027,789.266,1183.8989,75.8035,-1.1839,10.395423,15.593133,2.799122,29,215,300,5,0.03207536,0.00395337,0.05088190,0E-8,0.000000,0.912219,0.000000,-0.04848366,2026-03-31,2026-08-01,83,4123,1621,124,0.669355,0.205295,0.230786,0.106918,,,,,,,,GLOBAL_BASELINE_NO_ENTITY_RANKING,,,NOT_APPLICABLE_GLOBAL_BASELINE,HF9g-P5,,,,X 全窗基线 · 不参与实体赏罚,15056620,1506,A168_HF9F_20260827_0900,2026-08-27 09:00:00
2026-07-31,92755421,2241,0,475.3165031088,36.0513896172,36.0513896172,0.6000000,13,12,0.49950168782052085,0.480739541667,0.6356074506414319,0.754829605276445,0.6356074506414319,0.01876214615352085,ELIGIBLE,R03b_20260811_FULL_v1,L1_ELIGIBILITY,v2026-08-11,2026-03-21..2026-08-06,baccarat_bet02_101_all_pairs_incl_sentinel,round_win = game_pnl > 0 (decisive only),COMPATIBILITY_ONLY_NOT_PRODUCTION,2500103.8841,2280641.3266,9883.8276,11764,10369,-0.00395337,-0.05088190,-0.00239824,-0.00395337,-9883.8276,2500103.8841,OK,0.0000,395.3531,4.0000,96.0000,AG03-UNRESOLVED,ALL5_LEVELS_bet23_to_bet27,395.3531,395.3531,395.3531,395.3531,395.3531,4.000000,4.000000,4.000000,4.000000,4.000000,96.000000,96.000000,96.000000,96.000000,96.000000,5.0,1976.7655,1824.8244,7907.0621,8059.0032,PENDING_AG03,FALSE,NOT_FOR_ENFORCEMENT,9488.4745,2189415.6736,9883.8276,9488.4745,395.3531,0.00395337,0.00379523,395.3531,9488.4745,0.00379523,395.3531,395.3531,395.3531,395.3531,395.3531,9488.4745,0.00379523,1976.7655,1824.8244,7907.0621,8059.0032,0.00316269,0.00322347,0.00015813,212.5216,219.9480,0.9532,119.0823,2.3972,30121.7335,124.9277,49.0469,238.9093,36.5364,75.9244,374.9013,749.8027,789.266,1183.8989,75.8035,-1.1839,10.395423,15.593133,2.799122,29,215,300,5,0.03207536,0.00395337,0.05088190,0E-8,0.000000,0.912219,0.000000,-0.04848366,2026-03-31,2026-08-01,83,4123,1621,124,0.669355,0.205295,0.230786,0.106918,,,,,,,,GLOBAL_BASELINE_NO_ENTITY_RANKING,,,NOT_APPLICABLE_GLOBAL_BASELINE,HF9g-P5,,,,X 全窗基线 · 不参与实体赏罚,15056621,1506,A168_HF9F_20260827_0900,2026-08-27 09:00:00
2026-07-31,92755421,2242,0,112.3679676381,0E-10,0E-10,0.5000000,3,3,0.50218230000000000,0.502182300000,-0.00617253530718887,-0.00617253530718887,-0.00617253530718887,0E-17,ELIGIBLE,R03b_20260811_FULL_v1,L1_ELIGIBILITY,v2026-08-11,2026-03-21..2026-08-06,baccarat_bet02_101_all_pairs_incl_sentinel,round_win = game_pnl > 0 (decisive only),COMPATIBILITY_ONLY_NOT_PRODUCTION,2500103.8841,2280641.3266,9883.8276,11764,10369,-0.00395337,-0.05088190,-0.00239824,-0.00395337,-9883.8276,2500103.8841,OK,0.0000,395.3531,4.0000,96.0000,AG03-UNRESOLVED,ALL5_LEVELS_bet23_to_bet27,395.3531,395.3531,395.3531,395.3531,395.3531,4.000000,4.000000,4.000000,4.000000,4.000000,96.000000,96.000000,96.000000,96.000000,96.000000,5.0,1976.7655,1824.8244,7907.0621,8059.0032,PENDING_AG03,FALSE,NOT_FOR_ENFORCEMENT,9488.4745,2189415.6736,9883.8276,9488.4745,395.3531,0.00395337,0.00379523,395.3531,9488.4745,0.00379523,395.3531,395.3531,395.3531,395.3531,395.3531,9488.4745,0.00379523,1976.7655,1824.8244,7907.0621,8059.0032,0.00316269,0.00322347,0.00015813,212.5216,219.9480,0.9532,119.0823,2.3972,30121.7335,124.9277,49.0469,238.9093,36.5364,75.9244,374.9013,749.8027,789.266,1183.8989,75.8035,-1.1839,10.395423,15.593133,2.799122,29,215,300,5,0.03207536,0.00395337,0.05088190,0E-8,0.000000,0.912219,0.000000,-0.04848366,2026-03-31,2026-08-01,83,4123,1621,124,0.669355,0.205295,0.230786,0.106918,,,,,,,,GLOBAL_BASELINE_NO_ENTITY_RANKING,,,NOT_APPLICABLE_GLOBAL_BASELINE,HF9g-P5,,,,X 全窗基线 · 不参与实体赏罚,15056622,1506,A168_HF9F_20260827_0900,2026-08-27 09:00:00
2026-07-31,92755421,2248,0,353.5845381677,161.0607536145,161.0607536145,0.6250000,12,8,0.47972876269821441,0.379669800000,0.8224544250247114,1.429820492717324,0.8224544250247114,0.10005896269821441,ELIGIBLE,R03b_20260811_FULL_v1,L1_ELIGIBILITY,v2026-08-11,2026-03-21..2026-08-06,baccarat_bet02_101_all_pairs_incl_sentinel,round_win = game_pnl > 0 (decisive only),COMPATIBILITY_ONLY_NOT_PRODUCTION,2500103.8841,2280641.3266,9883.8276,11764,10369,-0.00395337,-0.05088190,-0.00239824,-0.00395337,-9883.8276,2500103.8841,OK,0.0000,395.3531,4.0000,96.0000,AG03-UNRESOLVED,ALL5_LEVELS_bet23_to_bet27,395.3531,395.3531,395.3531,395.3531,395.3531,4.000000,4.000000,4.000000,4.000000,4.000000,96.000000,96.000000,96.000000,96.000000,96.000000,5.0,1976.7655,1824.8244,7907.0621,8059.0032,PENDING_AG03,FALSE,NOT_FOR_ENFORCEMENT,9488.4745,2189415.6736,9883.8276,9488.4745,395.3531,0.00395337,0.00379523,395.3531,9488.4745,0.00379523,395.3531,395.3531,395.3531,395.3531,395.3531,9488.4745,0.00379523,1976.7655,1824.8244,7907.0621,8059.0032,0.00316269,0.00322347,0.00015813,212.5216,219.9480,0.9532,119.0823,2.3972,30121.7335,124.9277,49.0469,238.9093,36.5364,75.9244,374.9013,749.8027,789.266,1183.8989,75.8035,-1.1839,10.395423,15.593133,2.799122,29,215,300,5,0.03207536,0.00395337,0.05088190,0E-8,0.000000,0.912219,0.000000,-0.04848366,2026-03-31,2026-08-01,83,4123,1621,124,0.669355,0.205295,0.230786,0.106918,,,,,,,,GLOBAL_BASELINE_NO_ENTITY_RANKING,,,NOT_APPLICABLE_GLOBAL_BASELINE,HF9g-P5,,,,X 全窗基线 · 不参与实体赏罚,15056623,1506,A168_HF9F_20260827_0900,2026-08-27 09:00:00
2026-07-31,92755421,2250,0,101.1311708742,-33.7103902914,-33.7103902914,0E-7,3,3,0.50665070000000000,0.506650700000,-1.013391052207602,-1.013391052207602,-1.013391052207602,0E-17,ELIGIBLE,R03b_20260811_FULL_v1,L1_ELIGIBILITY,v2026-08-11,2026-03-21..2026-08-06,baccarat_bet02_101_all_pairs_incl_sentinel,round_win = game_pnl > 0 (decisive only),COMPATIBILITY_ONLY_NOT_PRODUCTION,2500103.8841,2280641.3266,9883.8276,11764,10369,-0.00395337,-0.05088190,-0.00239824,-0.00395337,-9883.8276,2500103.8841,OK,0.0000,395.3531,4.0000,96.0000,AG03-UNRESOLVED,ALL5_LEVELS_bet23_to_bet27,395.3531,395.3531,395.3531,395.3531,395.3531,4.000000,4.000000,4.000000,4.000000,4.000000,96.000000,96.000000,96.000000,96.000000,96.000000,5.0,1976.7655,1824.8244,7907.0621,8059.0032,PENDING_AG03,FALSE,NOT_FOR_ENFORCEMENT,9488.4745,2189415.6736,9883.8276,9488.4745,395.3531,0.00395337,0.00379523,395.3531,9488.4745,0.00379523,395.3531,395.3531,395.3531,395.3531,395.3531,9488.4745,0.00379523,1976.7655,1824.8244,7907.0621,8059.0032,0.00316269,0.00322347,0.00015813,212.5216,219.9480,0.9532,119.0823,2.3972,30121.7335,124.9277,49.0469,238.9093,36.5364,75.9244,374.9013,749.8027,789.266,1183.8989,75.8035,-1.1839,10.395423,15.593133,2.799122,29,215,300,5,0.03207536,0.00395337,0.05088190,0E-8,0.000000,0.912219,0.000000,-0.04848366,2026-03-31,2026-08-01,83,4123,1621,124,0.669355,0.205295,0.230786,0.106918,,,,,,,,GLOBAL_BASELINE_NO_ENTITY_RANKING,,,NOT_APPLICABLE_GLOBAL_BASELINE,HF9g-P5,,,,X 全窗基线 · 不参与实体赏罚,15056624,1506,A168_HF9F_20260827_0900,2026-08-27 09:00:00
2026-07-31,92755421,2252,0,147.9511573901,0E-10,0E-10,0.5000000,4,4,0.49659680000000000,0.496596800000,0.013613115331600182,0.013613115331600183,0.013613115331600182,0E-17,ELIGIBLE,R03b_20260811_FULL_v1,L1_ELIGIBILITY,v2026-08-11,2026-03-21..2026-08-06,baccarat_bet02_101_all_pairs_incl_sentinel,round_win = game_pnl > 0 (decisive only),COMPATIBILITY_ONLY_NOT_PRODUCTION,2500103.8841,2280641.3266,9883.8276,11764,10369,-0.00395337,-0.05088190,-0.00239824,-0.00395337,-9883.8276,2500103.8841,OK,0.0000,395.3531,4.0000,96.0000,AG03-UNRESOLVED,ALL5_LEVELS_bet23_to_bet27,395.3531,395.3531,395.3531,395.3531,395.3531,4.000000,4.000000,4.000000,4.000000,4.000000,96.000000,96.000000,96.000000,96.000000,96.000000,5.0,1976.7655,1824.8244,7907.0621,8059.0032,PENDING_AG03,FALSE,NOT_FOR_ENFORCEMENT,9488.4745,2189415.6736,9883.8276,9488.4745,395.3531,0.00395337,0.00379523,395.3531,9488.4745,0.00379523,395.3531,395.3531,395.3531,395.3531,395.3531,9488.4745,0.00379523,1976.7655,1824.8244,7907.0621,8059.0032,0.00316269,0.00322347,0.00015813,212.5216,219.9480,0.9532,119.0823,2.3972,30121.7335,124.9277,49.0469,238.9093,36.5364,75.9244,374.9013,749.8027,789.266,1183.8989,75.8035,-1.1839,10.395423,15.593133,2.799122,29,215,300,5,0.03207536,0.00395337,0.05088190,0E-8,0.000000,0.912219,0.000000,-0.04848366,2026-03-31,2026-08-01,83,4123,1621,124,0.669355,0.205295,0.230786,0.106918,,,,,,,,GLOBAL_BASELINE_NO_ENTITY_RANKING,,,NOT_APPLICABLE_GLOBAL_BASELINE,HF9g-P5,,,,X 全窗基线 · 不参与实体赏罚,15056625,1506,A168_HF9F_20260827_0900,2026-08-27 09:00:00
2026-07-31,92755421,462,0,73.0391789647,0E-10,0E-10,0.5000000,2,2,0.49994810000000000,0.499948100000,0.00014679536856514622,0.00014679536856514622,0.00014679536856514622,0E-17,ELIGIBLE,R03b_20260811_FULL_v1,L1_ELIGIBILITY,v2026-08-11,2026-03-21..2026-08-06,baccarat_bet02_101_all_pairs_incl_sentinel,round_win = game_pnl > 0 (decisive only),COMPATIBILITY_ONLY_NOT_PRODUCTION,2500103.8841,2280641.3266,9883.8276,11764,10369,-0.00395337,-0.05088190,-0.00239824,-0.00395337,-9883.8276,2500103.8841,OK,0.0000,395.3531,4.0000,96.0000,AG03-UNRESOLVED,ALL5_LEVELS_bet23_to_bet27,395.3531,395.3531,395.3531,395.3531,395.3531,4.000000,4.000000,4.000000,4.000000,4.000000,96.000000,96.000000,96.000000,96.000000,96.000000,5.0,1976.7655,1824.8244,7907.0621,8059.0032,PENDING_AG03,FALSE,NOT_FOR_ENFORCEMENT,9488.4745,2189415.6736,9883.8276,9488.4745,395.3531,0.00395337,0.00379523,395.3531,9488.4745,0.00379523,395.3531,395.3531,395.3531,395.3531,395.3531,9488.4745,0.00379523,1976.7655,1824.8244,7907.0621,8059.0032,0.00316269,0.00322347,0.00015813,212.5216,219.9480,0.9532,119.0823,2.3972,30121.7335,124.9277,49.0469,238.9093,36.5364,75.9244,374.9013,749.8027,789.266,1183.8989,75.8035,-1.1839,10.395423,15.593133,2.799122,29,215,300,5,0.03207536,0.00395337,0.05088190,0E-8,0.000000,0.912219,0.000000,-0.04848366,2026-03-31,2026-08-01,83,4123,1621,124,0.669355,0.205295,0.230786,0.106918,,,,,,,,GLOBAL_BASELINE_NO_ENTITY_RANKING,,,NOT_APPLICABLE_GLOBAL_BASELINE,HF9g-P5,,,,X 全窗基线 · 不参与实体赏罚,15056626,1506,A168_HF9F_20260827_0900,2026-08-27 09:00:00
2026-07-31,92755421,550,0,37.4559892127,-37.4559892127,-37.4559892127,0E-7,1,1,0.50665070000000000,0.506650700000,-1.013391052207602,-1.013391052207602,-1.013391052207602,0E-17,ELIGIBLE,R03b_20260811_FULL_v1,L1_ELIGIBILITY,v2026-08-11,2026-03-21..2026-08-06,baccarat_bet02_101_all_pairs_incl_sentinel,round_win = game_pnl > 0 (decisive only),COMPATIBILITY_ONLY_NOT_PRODUCTION,2500103.8841,2280641.3266,9883.8276,11764,10369,-0.00395337,-0.05088190,-0.00239824,-0.00395337,-9883.8276,2500103.8841,OK,0.0000,395.3531,4.0000,96.0000,AG03-UNRESOLVED,ALL5_LEVELS_bet23_to_bet27,395.3531,395.3531,395.3531,395.3531,395.3531,4.000000,4.000000,4.000000,4.000000,4.000000,96.000000,96.000000,96.000000,96.000000,96.000000,5.0,1976.7655,1824.8244,7907.0621,8059.0032,PENDING_AG03,FALSE,NOT_FOR_ENFORCEMENT,9488.4745,2189415.6736,9883.8276,9488.4745,395.3531,0.00395337,0.00379523,395.3531,9488.4745,0.00379523,395.3531,395.3531,395.3531,395.3531,395.3531,9488.4745,0.00379523,1976.7655,1824.8244,7907.0621,8059.0032,0.00316269,0.00322347,0.00015813,212.5216,219.9480,0.9532,119.0823,2.3972,30121.7335,124.9277,49.0469,238.9093,36.5364,75.9244,374.9013,749.8027,789.266,1183.8989,75.8035,-1.1839,10.395423,15.593133,2.799122,29,215,300,5,0.03207536,0.00395337,0.05088190,0E-8,0.000000,0.912219,0.000000,-0.04848366,2026-03-31,2026-08-01,83,4123,1621,124,0.669355,0.205295,0.230786,0.106918,,,,,,,,GLOBAL_BASELINE_NO_ENTITY_RANKING,,,NOT_APPLICABLE_GLOBAL_BASELINE,HF9g-P5,,,,X 全窗基线 · 不参与实体赏罚,15056627,1506,A168_HF9F_20260827_0900,2026-08-27 09:00:00
2026-07-31,92755421,919,0,252.8279271855,28.2792718554,28.2792718554,0.5714286,7,7,0.50282064285714286,0.502820642857,0.36304481076852674,0.3630448107692821,0.36304481076852674,1.4286E-13,ELIGIBLE,R03b_20260811_FULL_v1,L1_ELIGIBILITY,v2026-08-11,2026-03-21..2026-08-06,baccarat_bet02_101_all_pairs_incl_sentinel,round_win = game_pnl > 0 (decisive only),COMPATIBILITY_ONLY_NOT_PRODUCTION,2500103.8841,2280641.3266,9883.8276,11764,10369,-0.00395337,-0.05088190,-0.00239824,-0.00395337,-9883.8276,2500103.8841,OK,0.0000,395.3531,4.0000,96.0000,AG03-UNRESOLVED,ALL5_LEVELS_bet23_to_bet27,395.3531,395.3531,395.3531,395.3531,395.3531,4.000000,4.000000,4.000000,4.000000,4.000000,96.000000,96.000000,96.000000,96.000000,96.000000,5.0,1976.7655,1824.8244,7907.0621,8059.0032,PENDING_AG03,FALSE,NOT_FOR_ENFORCEMENT,9488.4745,2189415.6736,9883.8276,9488.4745,395.3531,0.00395337,0.00379523,395.3531,9488.4745,0.00379523,395.3531,395.3531,395.3531,395.3531,395.3531,9488.4745,0.00379523,1976.7655,1824.8244,7907.0621,8059.0032,0.00316269,0.00322347,0.00015813,212.5216,219.9480,0.9532,119.0823,2.3972,30121.7335,124.9277,49.0469,238.9093,36.5364,75.9244,374.9013,749.8027,789.266,1183.8989,75.8035,-1.1839,10.395423,15.593133,2.799122,29,215,300,5,0.03207536,0.00395337,0.05088190,0E-8,0.000000,0.912219,0.000000,-0.04848366,2026-03-31,2026-08-01,83,4123,1621,124,0.669355,0.205295,0.230786,0.106918,,,,,,,,GLOBAL_BASELINE_NO_ENTITY_RANKING,,,NOT_APPLICABLE_GLOBAL_BASELINE,HF9g-P5,,,,X 全窗基线 · 不参与实体赏罚,15056628,1506,A168_HF9F_20260827_0900,2026-08-27 09:00:00
2026-07-31,92755421,948,0,74.9119784254,-74.9119784254,-74.9119784254,0E-7,2,2,0.49994810000000000,0.499948100000,-1.4140667746232096,-1.4140667746232096,-1.4140667746232096,0E-17,ELIGIBLE,R03b_20260811_FULL_v1,L1_ELIGIBILITY,v2026-08-11,2026-03-21..2026-08-06,baccarat_bet02_101_all_pairs_incl_sentinel,round_win = game_pnl > 0 (decisive only),COMPATIBILITY_ONLY_NOT_PRODUCTION,2500103.8841,2280641.3266,9883.8276,11764,10369,-0.00395337,-0.05088190,-0.00239824,-0.00395337,-9883.8276,2500103.8841,OK,0.0000,395.3531,4.0000,96.0000,AG03-UNRESOLVED,ALL5_LEVELS_bet23_to_bet27,395.3531,395.3531,395.3531,395.3531,395.3531,4.000000,4.000000,4.000000,4.000000,4.000000,96.000000,96.000000,96.000000,96.000000,96.000000,5.0,1976.7655,1824.8244,7907.0621,8059.0032,PENDING_AG03,FALSE,NOT_FOR_ENFORCEMENT,9488.4745,2189415.6736,9883.8276,9488.4745,395.3531,0.00395337,0.00379523,395.3531,9488.4745,0.00379523,395.3531,395.3531,395.3531,395.3531,395.3531,9488.4745,0.00379523,1976.7655,1824.8244,7907.0621,8059.0032,0.00316269,0.00322347,0.00015813,212.5216,219.9480,0.9532,119.0823,2.3972,30121.7335,124.9277,49.0469,238.9093,36.5364,75.9244,374.9013,749.8027,789.266,1183.8989,75.8035,-1.1839,10.395423,15.593133,2.799122,29,215,300,5,0.03207536,0.00395337,0.05088190,0E-8,0.000000,0.912219,0.000000,-0.04848366,2026-03-31,2026-08-01,83,4123,1621,124,0.669355,0.205295,0.230786,0.106918,,,,,,,,GLOBAL_BASELINE_NO_ENTITY_RANKING,,,NOT_APPLICABLE_GLOBAL_BASELINE,HF9g-P5,,,,X 全窗基线 · 不参与实体赏罚,15056629,1506,A168_HF9F_20260827_0900,2026-08-27 09:00:00
2026-08-01,92755421,-1,1,137.8380403024,-70.4172597197,-70.4172597197,0.1666667,7,6,0.49702535151517394,0.463765183333,-1.6184490620067973,-1.4593166373408253,-1.6184490620067973,0.03326016818217394,SENTINEL_DEALER,R03b_20260811_FULL_v1,L1_ELIGIBILITY,v2026-08-11,2026-03-21..2026-08-06,baccarat_bet02_101_all_pairs_incl_sentinel,round_win = game_pnl > 0 (decisive only),COMPATIBILITY_ONLY_NOT_PRODUCTION,2500103.8841,2280641.3266,9883.8276,11764,10369,-0.00395337,-0.05088190,-0.00239824,-0.00395337,-9883.8276,2500103.8841,OK,0.0000,395.3531,4.0000,96.0000,AG03-UNRESOLVED,ALL5_LEVELS_bet23_to_bet27,395.3531,395.3531,395.3531,395.3531,395.3531,4.000000,4.000000,4.000000,4.000000,4.000000,96.000000,96.000000,96.000000,96.000000,96.000000,5.0,1976.7655,1824.8244,7907.0621,8059.0032,PENDING_AG03,FALSE,NOT_FOR_ENFORCEMENT,9488.4745,2189415.6736,9883.8276,9488.4745,395.3531,0.00395337,0.00379523,395.3531,9488.4745,0.00379523,395.3531,395.3531,395.3531,395.3531,395.3531,9488.4745,0.00379523,1976.7655,1824.8244,7907.0621,8059.0032,0.00316269,0.00322347,0.00015813,212.5216,219.9480,0.9532,119.0823,2.3972,30121.7335,124.9277,49.0469,238.9093,36.5364,75.9244,374.9013,749.8027,789.266,1183.8989,75.8035,-1.1839,10.395423,15.593133,2.799122,29,215,300,5,0.03207536,0.00395337,0.05088190,0E-8,0.000000,0.912219,0.000000,-0.04848366,2026-03-31,2026-08-01,83,4123,1621,124,0.669355,0.205295,0.230786,0.106918,,,,,,,,GLOBAL_BASELINE_NO_ENTITY_RANKING,,,NOT_APPLICABLE_GLOBAL_BASELINE,HF9g-P5,,,,X 全窗基线 · 不参与实体赏罚,15056630,1506,A168_HF9F_20260827_0900,2026-08-27 09:00:00
2026-08-01,92755421,1004,0,38.5796688890,-38.5796688890,-38.5796688890,0E-7,3,2,0.48614199245257519,0.377994150000,-1.3755456310301168,-1.1024535556035449,-1.3755456310301168,0.10814784245257519,ELIGIBLE,R03b_20260811_FULL_v1,L1_ELIGIBILITY,v2026-08-11,2026-03-21..2026-08-06,baccarat_bet02_101_all_pairs_incl_sentinel,round_win = game_pnl > 0 (decisive only),COMPATIBILITY_ONLY_NOT_PRODUCTION,2500103.8841,2280641.3266,9883.8276,11764,10369,-0.00395337,-0.05088190,-0.00239824,-0.00395337,-9883.8276,2500103.8841,OK,0.0000,395.3531,4.0000,96.0000,AG03-UNRESOLVED,ALL5_LEVELS_bet23_to_bet27,395.3531,395.3531,395.3531,395.3531,395.3531,4.000000,4.000000,4.000000,4.000000,4.000000,96.000000,96.000000,96.000000,96.000000,96.000000,5.0,1976.7655,1824.8244,7907.0621,8059.0032,PENDING_AG03,FALSE,NOT_FOR_ENFORCEMENT,9488.4745,2189415.6736,9883.8276,9488.4745,395.3531,0.00395337,0.00379523,395.3531,9488.4745,0.00379523,395.3531,395.3531,395.3531,395.3531,395.3531,9488.4745,0.00379523,1976.7655,1824.8244,7907.0621,8059.0032,0.00316269,0.00322347,0.00015813,212.5216,219.9480,0.9532,119.0823,2.3972,30121.7335,124.9277,49.0469,238.9093,36.5364,75.9244,374.9013,749.8027,789.266,1183.8989,75.8035,-1.1839,10.395423,15.593133,2.799122,29,215,300,5,0.03207536,0.00395337,0.05088190,0E-8,0.000000,0.912219,0.000000,-0.04848366,2026-03-31,2026-08-01,83,4123,1621,124,0.669355,0.205295,0.230786,0.106918,,,,,,,,GLOBAL_BASELINE_NO_ENTITY_RANKING,,,NOT_APPLICABLE_GLOBAL_BASELINE,HF9g-P5,,,,X 全窗基线 · 不参与实体赏罚,15056631,1506,A168_HF9F_20260827_0900,2026-08-27 09:00:00
2026-08-01,92755421,1205,0,18.7279946063,-18.7279946063,-18.7279946063,0E-7,1,1,0.50665070000000000,0.506650700000,-1.013391052207602,-1.013391052207602,-1.013391052207602,0E-17,ELIGIBLE,R03b_20260811_FULL_v1,L1_ELIGIBILITY,v2026-08-11,2026-03-21..2026-08-06,baccarat_bet02_101_all_pairs_incl_sentinel,round_win = game_pnl > 0 (decisive only),COMPATIBILITY_ONLY_NOT_PRODUCTION,2500103.8841,2280641.3266,9883.8276,11764,10369,-0.00395337,-0.05088190,-0.00239824,-0.00395337,-9883.8276,2500103.8841,OK,0.0000,395.3531,4.0000,96.0000,AG03-UNRESOLVED,ALL5_LEVELS_bet23_to_bet27,395.3531,395.3531,395.3531,395.3531,395.3531,4.000000,4.000000,4.000000,4.000000,4.000000,96.000000,96.000000,96.000000,96.000000,96.000000,5.0,1976.7655,1824.8244,7907.0621,8059.0032,PENDING_AG03,FALSE,NOT_FOR_ENFORCEMENT,9488.4745,2189415.6736,9883.8276,9488.4745,395.3531,0.00395337,0.00379523,395.3531,9488.4745,0.00379523,395.3531,395.3531,395.3531,395.3531,395.3531,9488.4745,0.00379523,1976.7655,1824.8244,7907.0621,8059.0032,0.00316269,0.00322347,0.00015813,212.5216,219.9480,0.9532,119.0823,2.3972,30121.7335,124.9277,49.0469,238.9093,36.5364,75.9244,374.9013,749.8027,789.266,1183.8989,75.8035,-1.1839,10.395423,15.593133,2.799122,29,215,300,5,0.03207536,0.00395337,0.05088190,0E-8,0.000000,0.912219,0.000000,-0.04848366,2026-03-31,2026-08-01,83,4123,1621,124,0.669355,0.205295,0.230786,0.106918,,,,,,,,GLOBAL_BASELINE_NO_ENTITY_RANKING,,,NOT_APPLICABLE_GLOBAL_BASELINE,HF9g-P5,,,,X 全窗基线 · 不参与实体赏罚,15056632,1506,A168_HF9F_20260827_0900,2026-08-27 09:00:00
2026-08-01,92755421,1323,0,18.7279946063,-18.7279946063,-18.7279946063,0E-7,1,1,0.50665070000000000,0.506650700000,-1.013391052207602,-1.013391052207602,-1.013391052207602,0E-17,ELIGIBLE,R03b_20260811_FULL_v1,L1_ELIGIBILITY,v2026-08-11,2026-03-21..2026-08-06,baccarat_bet02_101_all_pairs_incl_sentinel,round_win = game_pnl > 0 (decisive only),COMPATIBILITY_ONLY_NOT_PRODUCTION,2500103.8841,2280641.3266,9883.8276,11764,10369,-0.00395337,-0.05088190,-0.00239824,-0.00395337,-9883.8276,2500103.8841,OK,0.0000,395.3531,4.0000,96.0000,AG03-UNRESOLVED,ALL5_LEVELS_bet23_to_bet27,395.3531,395.3531,395.3531,395.3531,395.3531,4.000000,4.000000,4.000000,4.000000,4.000000,96.000000,96.000000,96.000000,96.000000,96.000000,5.0,1976.7655,1824.8244,7907.0621,8059.0032,PENDING_AG03,FALSE,NOT_FOR_ENFORCEMENT,9488.4745,2189415.6736,9883.8276,9488.4745,395.3531,0.00395337,0.00379523,395.3531,9488.4745,0.00379523,395.3531,395.3531,395.3531,395.3531,395.3531,9488.4745,0.00379523,1976.7655,1824.8244,7907.0621,8059.0032,0.00316269,0.00322347,0.00015813,212.5216,219.9480,0.9532,119.0823,2.3972,30121.7335,124.9277,49.0469,238.9093,36.5364,75.9244,374.9013,749.8027,789.266,1183.8989,75.8035,-1.1839,10.395423,15.593133,2.799122,29,215,300,5,0.03207536,0.00395337,0.05088190,0E-8,0.000000,0.912219,0.000000,-0.04848366,2026-03-31,2026-08-01,83,4123,1621,124,0.669355,0.205295,0.230786,0.106918,,,,,,,,GLOBAL_BASELINE_NO_ENTITY_RANKING,,,NOT_APPLICABLE_GLOBAL_BASELINE,HF9g-P5,,,,X 全窗基线 · 不参与实体赏罚,15056633,1506,A168_HF9F_20260827_0900,2026-08-27 09:00:00
2026-08-01,92755421,1382,0,18.7279946063,-18.7279946063,-18.7279946063,0E-7,1,1,0.49324550000000000,0.493245500000,-0.9865810262130424,-0.9865810262130424,-0.9865810262130424,0E-17,ELIGIBLE,R03b_20260811_FULL_v1,L1_ELIGIBILITY,v2026-08-11,2026-03-21..2026-08-06,baccarat_bet02_101_all_pairs_incl_sentinel,round_win = game_pnl > 0 (decisive only),COMPATIBILITY_ONLY_NOT_PRODUCTION,2500103.8841,2280641.3266,9883.8276,11764,10369,-0.00395337,-0.05088190,-0.00239824,-0.00395337,-9883.8276,2500103.8841,OK,0.0000,395.3531,4.0000,96.0000,AG03-UNRESOLVED,ALL5_LEVELS_bet23_to_bet27,395.3531,395.3531,395.3531,395.3531,395.3531,4.000000,4.000000,4.000000,4.000000,4.000000,96.000000,96.000000,96.000000,96.000000,96.000000,5.0,1976.7655,1824.8244,7907.0621,8059.0032,PENDING_AG03,FALSE,NOT_FOR_ENFORCEMENT,9488.4745,2189415.6736,9883.8276,9488.4745,395.3531,0.00395337,0.00379523,395.3531,9488.4745,0.00379523,395.3531,395.3531,395.3531,395.3531,395.3531,9488.4745,0.00379523,1976.7655,1824.8244,7907.0621,8059.0032,0.00316269,0.00322347,0.00015813,212.5216,219.9480,0.9532,119.0823,2.3972,30121.7335,124.9277,49.0469,238.9093,36.5364,75.9244,374.9013,749.8027,789.266,1183.8989,75.8035,-1.1839,10.395423,15.593133,2.799122,29,215,300,5,0.03207536,0.00395337,0.05088190,0E-8,0.000000,0.912219,0.000000,-0.04848366,2026-03-31,2026-08-01,83,4123,1621,124,0.669355,0.205295,0.230786,0.106918,,,,,,,,GLOBAL_BASELINE_NO_ENTITY_RANKING,,,NOT_APPLICABLE_GLOBAL_BASELINE,HF9g-P5,,,,X 全窗基线 · 不参与实体赏罚,15056634,1506,A168_HF9F_20260827_0900,2026-08-27 09:00:00
2026-08-01,92755421,1654,0,36.7068694284,-0.1872799461,-0.1872799461,0.5000000,2,2,0.49994810000000000,0.499948100000,0.00014679536856514622,0.00014679536856514622,0.00014679536856514622,0E-17,ELIGIBLE,R03b_20260811_FULL_v1,L1_ELIGIBILITY,v2026-08-11,2026-03-21..2026-08-06,baccarat_bet02_101_all_pairs_incl_sentinel,round_win = game_pnl > 0 (decisive only),COMPATIBILITY_ONLY_NOT_PRODUCTION,2500103.8841,2280641.3266,9883.8276,11764,10369,-0.00395337,-0.05088190,-0.00239824,-0.00395337,-9883.8276,2500103.8841,OK,0.0000,395.3531,4.0000,96.0000,AG03-UNRESOLVED,ALL5_LEVELS_bet23_to_bet27,395.3531,395.3531,395.3531,395.3531,395.3531,4.000000,4.000000,4.000000,4.000000,4.000000,96.000000,96.000000,96.000000,96.000000,96.000000,5.0,1976.7655,1824.8244,7907.0621,8059.0032,PENDING_AG03,FALSE,NOT_FOR_ENFORCEMENT,9488.4745,2189415.6736,9883.8276,9488.4745,395.3531,0.00395337,0.00379523,395.3531,9488.4745,0.00379523,395.3531,395.3531,395.3531,395.3531,395.3531,9488.4745,0.00379523,1976.7655,1824.8244,7907.0621,8059.0032,0.00316269,0.00322347,0.00015813,212.5216,219.9480,0.9532,119.0823,2.3972,30121.7335,124.9277,49.0469,238.9093,36.5364,75.9244,374.9013,749.8027,789.266,1183.8989,75.8035,-1.1839,10.395423,15.593133,2.799122,29,215,300,5,0.03207536,0.00395337,0.05088190,0E-8,0.000000,0.912219,0.000000,-0.04848366,2026-03-31,2026-08-01,83,4123,1621,124,0.669355,0.205295,0.230786,0.106918,,,,,,,,GLOBAL_BASELINE_NO_ENTITY_RANKING,,,NOT_APPLICABLE_GLOBAL_BASELINE,HF9g-P5,,,,X 全窗基线 · 不参与实体赏罚,15056635,1506,A168_HF9F_20260827_0900,2026-08-27 09:00:00
2026-08-01,92755421,2167,0,37.4559892126,0E-10,0E-10,0.5000000,2,2,0.49994810000000000,0.499948100000,0.00014679536856514622,0.00014679536856514622,0.00014679536856514622,0E-17,ELIGIBLE,R03b_20260811_FULL_v1,L1_ELIGIBILITY,v2026-08-11,2026-03-21..2026-08-06,baccarat_bet02_101_all_pairs_incl_sentinel,round_win = game_pnl > 0 (decisive only),COMPATIBILITY_ONLY_NOT_PRODUCTION,2500103.8841,2280641.3266,9883.8276,11764,10369,-0.00395337,-0.05088190,-0.00239824,-0.00395337,-9883.8276,2500103.8841,OK,0.0000,395.3531,4.0000,96.0000,AG03-UNRESOLVED,ALL5_LEVELS_bet23_to_bet27,395.3531,395.3531,395.3531,395.3531,395.3531,4.000000,4.000000,4.000000,4.000000,4.000000,96.000000,96.000000,96.000000,96.000000,96.000000,5.0,1976.7655,1824.8244,7907.0621,8059.0032,PENDING_AG03,FALSE,NOT_FOR_ENFORCEMENT,9488.4745,2189415.6736,9883.8276,9488.4745,395.3531,0.00395337,0.00379523,395.3531,9488.4745,0.00379523,395.3531,395.3531,395.3531,395.3531,395.3531,9488.4745,0.00379523,1976.7655,1824.8244,7907.0621,8059.0032,0.00316269,0.00322347,0.00015813,212.5216,219.9480,0.9532,119.0823,2.3972,30121.7335,124.9277,49.0469,238.9093,36.5364,75.9244,374.9013,749.8027,789.266,1183.8989,75.8035,-1.1839,10.395423,15.593133,2.799122,29,215,300,5,0.03207536,0.00395337,0.05088190,0E-8,0.000000,0.912219,0.000000,-0.04848366,2026-03-31,2026-08-01,83,4123,1621,124,0.669355,0.205295,0.230786,0.106918,,,,,,,,GLOBAL_BASELINE_NO_ENTITY_RANKING,,,NOT_APPLICABLE_GLOBAL_BASELINE,HF9g-P5,,,,X 全窗基线 · 不参与实体赏罚,15056636,1506,A168_HF9F_20260827_0900,2026-08-27 09:00:00
2026-08-01,92755421,2169,0,18.7279946063,-18.7279946063,-18.7279946063,0E-7,1,1,0.49324550000000000,0.493245500000,-0.9865810262130424,-0.9865810262130424,-0.9865810262130424,0E-17,ELIGIBLE,R03b_20260811_FULL_v1,L1_ELIGIBILITY,v2026-08-11,2026-03-21..2026-08-06,baccarat_bet02_101_all_pairs_incl_sentinel,round_win = game_pnl > 0 (decisive only),COMPATIBILITY_ONLY_NOT_PRODUCTION,2500103.8841,2280641.3266,9883.8276,11764,10369,-0.00395337,-0.05088190,-0.00239824,-0.00395337,-9883.8276,2500103.8841,OK,0.0000,395.3531,4.0000,96.0000,AG03-UNRESOLVED,ALL5_LEVELS_bet23_to_bet27,395.3531,395.3531,395.3531,395.3531,395.3531,4.000000,4.000000,4.000000,4.000000,4.000000,96.000000,96.000000,96.000000,96.000000,96.000000,5.0,1976.7655,1824.8244,7907.0621,8059.0032,PENDING_AG03,FALSE,NOT_FOR_ENFORCEMENT,9488.4745,2189415.6736,9883.8276,9488.4745,395.3531,0.00395337,0.00379523,395.3531,9488.4745,0.00379523,395.3531,395.3531,395.3531,395.3531,395.3531,9488.4745,0.00379523,1976.7655,1824.8244,7907.0621,8059.0032,0.00316269,0.00322347,0.00015813,212.5216,219.9480,0.9532,119.0823,2.3972,30121.7335,124.9277,49.0469,238.9093,36.5364,75.9244,374.9013,749.8027,789.266,1183.8989,75.8035,-1.1839,10.395423,15.593133,2.799122,29,215,300,5,0.03207536,0.00395337,0.05088190,0E-8,0.000000,0.912219,0.000000,-0.04848366,2026-03-31,2026-08-01,83,4123,1621,124,0.669355,0.205295,0.230786,0.106918,,,,,,,,GLOBAL_BASELINE_NO_ENTITY_RANKING,,,NOT_APPLICABLE_GLOBAL_BASELINE,HF9g-P5,,,,X 全窗基线 · 不参与实体赏罚,15056637,1506,A168_HF9F_20260827_0900,2026-08-27 09:00:00
2026-08-01,92755421,2212,0,56.1839838189,-18.7279946063,-18.7279946063,0E-7,3,3,0.49324550000000000,0.493245500000,-0.9865810262130424,-0.9865810262130424,-0.9865810262130424,0E-17,ELIGIBLE,R03b_20260811_FULL_v1,L1_ELIGIBILITY,v2026-08-11,2026-03-21..2026-08-06,baccarat_bet02_101_all_pairs_incl_sentinel,round_win = game_pnl > 0 (decisive only),COMPATIBILITY_ONLY_NOT_PRODUCTION,2500103.8841,2280641.3266,9883.8276,11764,10369,-0.00395337,-0.05088190,-0.00239824,-0.00395337,-9883.8276,2500103.8841,OK,0.0000,395.3531,4.0000,96.0000,AG03-UNRESOLVED,ALL5_LEVELS_bet23_to_bet27,395.3531,395.3531,395.3531,395.3531,395.3531,4.000000,4.000000,4.000000,4.000000,4.000000,96.000000,96.000000,96.000000,96.000000,96.000000,5.0,1976.7655,1824.8244,7907.0621,8059.0032,PENDING_AG03,FALSE,NOT_FOR_ENFORCEMENT,9488.4745,2189415.6736,9883.8276,9488.4745,395.3531,0.00395337,0.00379523,395.3531,9488.4745,0.00379523,395.3531,395.3531,395.3531,395.3531,395.3531,9488.4745,0.00379523,1976.7655,1824.8244,7907.0621,8059.0032,0.00316269,0.00322347,0.00015813,212.5216,219.9480,0.9532,119.0823,2.3972,30121.7335,124.9277,49.0469,238.9093,36.5364,75.9244,374.9013,749.8027,789.266,1183.8989,75.8035,-1.1839,10.395423,15.593133,2.799122,29,215,300,5,0.03207536,0.00395337,0.05088190,0E-8,0.000000,0.912219,0.000000,-0.04848366,2026-03-31,2026-08-01,83,4123,1621,124,0.669355,0.205295,0.230786,0.106918,,,,,,,,GLOBAL_BASELINE_NO_ENTITY_RANKING,,,NOT_APPLICABLE_GLOBAL_BASELINE,HF9g-P5,,,,X 全窗基线 · 不参与实体赏罚,15056638,1506,A168_HF9F_20260827_0900,2026-08-27 09:00:00
2026-08-03,153805768,2101,0,3618.1943487251,-387.6636802205,-387.6636802205,0.5000000,7,7,0.49516052857142857,0.495160528571,0.023709581855318605,0.023709581857418456,0.023709581855318605,4.2857E-13,ELIGIBLE,R03b_20260811_FULL_v1,L1_ELIGIBILITY,v2026-08-11,2026-03-21..2026-08-06,baccarat_bet02_101_all_pairs_incl_sentinel,round_win = game_pnl > 0 (decisive only),COMPATIBILITY_ONLY_NOT_PRODUCTION,107095.9683,90004.3074,9887.1468,155,155,-0.09232044,-0.09232044,,-0.09232044,-9887.1468,107095.9683,OK,0.0000,395.4859,4.0000,96.0000,AG03-UNRESOLVED,ALL5_LEVELS_bet23_to_bet27,395.4859,395.4859,395.4859,395.4859,395.4859,4.000000,4.000000,4.000000,4.000000,4.000000,96.000000,96.000000,96.000000,96.000000,96.000000,5.0,1977.4294,1825.4372,7909.7174,8061.7096,PENDING_AG03,FALSE,NOT_FOR_ENFORCEMENT,9491.6609,86404.1351,9887.1468,9491.6609,395.4859,0.09232044,0.08862762,395.4859,9491.6609,0.08862762,395.4859,395.4859,395.4859,395.4859,395.4859,9491.6609,0.08862762,1977.4294,1825.4372,7909.7174,8061.7096,0.07385635,0.07527557,0.00369282,690.9417,580.6730,63.7880,3295.7156,353.1124,35698.6561,51.6667,690.9417,,516.8849,689.1799,861.4749,861.4749,1119.9174,1292.2123,585.8029,0.0,1.625,1.875,1.002556,13,26,1,2,1.00000000,0.09232044,0.09232044,0E-8,0.000000,0.840408,1.000000,,2026-08-03,2026-08-05,3,28,19,3,1.000000,,1.000000,3.333333,,,,,,,,GLOBAL_BASELINE_NO_ENTITY_RANKING,,,NOT_APPLICABLE_GLOBAL_BASELINE,HF9g-P5,,,,X 全窗基线 · 不参与实体赏罚,15056639,1506,A168_HF9F_20260827_0900,2026-08-27 09:00:00
2026-08-03,153805768,2121,0,5082.7015851138,172.2949689869,172.2949689869,0.5555556,10,10,0.50128862000000000,0.501288620000,0.3256026946887059,0.3256026946887059,0.3256026946887059,0E-17,ELIGIBLE,R03b_20260811_FULL_v1,L1_ELIGIBILITY,v2026-08-11,2026-03-21..2026-08-06,baccarat_bet02_101_all_pairs_incl_sentinel,round_win = game_pnl > 0 (decisive only),COMPATIBILITY_ONLY_NOT_PRODUCTION,107095.9683,90004.3074,9887.1468,155,155,-0.09232044,-0.09232044,,-0.09232044,-9887.1468,107095.9683,OK,0.0000,395.4859,4.0000,96.0000,AG03-UNRESOLVED,ALL5_LEVELS_bet23_to_bet27,395.4859,395.4859,395.4859,395.4859,395.4859,4.000000,4.000000,4.000000,4.000000,4.000000,96.000000,96.000000,96.000000,96.000000,96.000000,5.0,1977.4294,1825.4372,7909.7174,8061.7096,PENDING_AG03,FALSE,NOT_FOR_ENFORCEMENT,9491.6609,86404.1351,9887.1468,9491.6609,395.4859,0.09232044,0.08862762,395.4859,9491.6609,0.08862762,395.4859,395.4859,395.4859,395.4859,395.4859,9491.6609,0.08862762,1977.4294,1825.4372,7909.7174,8061.7096,0.07385635,0.07527557,0.00369282,690.9417,580.6730,63.7880,3295.7156,353.1124,35698.6561,51.6667,690.9417,,516.8849,689.1799,861.4749,861.4749,1119.9174,1292.2123,585.8029,0.0,1.625,1.875,1.002556,13,26,1,2,1.00000000,0.09232044,0.09232044,0E-8,0.000000,0.840408,1.000000,,2026-08-03,2026-08-05,3,28,19,3,1.000000,,1.000000,3.333333,,,,,,,,GLOBAL_BASELINE_NO_ENTITY_RANKING,,,NOT_APPLICABLE_GLOBAL_BASELINE,HF9g-P5,,,,X 全窗基线 · 不参与实体赏罚,15056640,1506,A168_HF9F_20260827_0900,2026-08-27 09:00:00
2026-08-03,153805768,2153,0,4583.0461750517,-2067.5396278429,-2067.5396278429,0.2857143,7,7,0.49516052857142857,0.495160528571,-1.108337260079107,-1.1083372600768482,-1.108337260079107,4.2857E-13,ELIGIBLE,R03b_20260811_FULL_v1,L1_ELIGIBILITY,v2026-08-11,2026-03-21..2026-08-06,baccarat_bet02_101_all_pairs_incl_sentinel,round_win = game_pnl > 0 (decisive only),COMPATIBILITY_ONLY_NOT_PRODUCTION,107095.9683,90004.3074,9887.1468,155,155,-0.09232044,-0.09232044,,-0.09232044,-9887.1468,107095.9683,OK,0.0000,395.4859,4.0000,96.0000,AG03-UNRESOLVED,ALL5_LEVELS_bet23_to_bet27,395.4859,395.4859,395.4859,395.4859,395.4859,4.000000,4.000000,4.000000,4.000000,4.000000,96.000000,96.000000,96.000000,96.000000,96.000000,5.0,1977.4294,1825.4372,7909.7174,8061.7096,PENDING_AG03,FALSE,NOT_FOR_ENFORCEMENT,9491.6609,86404.1351,9887.1468,9491.6609,395.4859,0.09232044,0.08862762,395.4859,9491.6609,0.08862762,395.4859,395.4859,395.4859,395.4859,395.4859,9491.6609,0.08862762,1977.4294,1825.4372,7909.7174,8061.7096,0.07385635,0.07527557,0.00369282,690.9417,580.6730,63.7880,3295.7156,353.1124,35698.6561,51.6667,690.9417,,516.8849,689.1799,861.4749,861.4749,1119.9174,1292.2123,585.8029,0.0,1.625,1.875,1.002556,13,26,1,2,1.00000000,0.09232044,0.09232044,0E-8,0.000000,0.840408,1.000000,,2026-08-03,2026-08-05,3,28,19,3,1.000000,,1.000000,3.333333,,,,,,,,GLOBAL_BASELINE_NO_ENTITY_RANKING,,,NOT_APPLICABLE_GLOBAL_BASELINE,HF9g-P5,,,,X 全窗基线 · 不参与实体赏罚,15056641,1506,A168_HF9F_20260827_0900,2026-08-27 09:00:00
2026-08-03,153805768,2174,0,4634.7346657477,189.5244658856,189.5244658856,0.5000000,9,9,0.49622443333333333,0.496224433333,0.021358439276243733,0.02135843927812949,0.021358439276243733,3.3333E-13,ELIGIBLE,R03b_20260811_FULL_v1,L1_ELIGIBILITY,v2026-08-11,2026-03-21..2026-08-06,baccarat_bet02_101_all_pairs_incl_sentinel,round_win = game_pnl > 0 (decisive only),COMPATIBILITY_ONLY_NOT_PRODUCTION,107095.9683,90004.3074,9887.1468,155,155,-0.09232044,-0.09232044,,-0.09232044,-9887.1468,107095.9683,OK,0.0000,395.4859,4.0000,96.0000,AG03-UNRESOLVED,ALL5_LEVELS_bet23_to_bet27,395.4859,395.4859,395.4859,395.4859,395.4859,4.000000,4.000000,4.000000,4.000000,4.000000,96.000000,96.000000,96.000000,96.000000,96.000000,5.0,1977.4294,1825.4372,7909.7174,8061.7096,PENDING_AG03,FALSE,NOT_FOR_ENFORCEMENT,9491.6609,86404.1351,9887.1468,9491.6609,395.4859,0.09232044,0.08862762,395.4859,9491.6609,0.08862762,395.4859,395.4859,395.4859,395.4859,395.4859,9491.6609,0.08862762,1977.4294,1825.4372,7909.7174,8061.7096,0.07385635,0.07527557,0.00369282,690.9417,580.6730,63.7880,3295.7156,353.1124,35698.6561,51.6667,690.9417,,516.8849,689.1799,861.4749,861.4749,1119.9174,1292.2123,585.8029,0.0,1.625,1.875,1.002556,13,26,1,2,1.00000000,0.09232044,0.09232044,0E-8,0.000000,0.840408,1.000000,,2026-08-03,2026-08-05,3,28,19,3,1.000000,,1.000000,3.333333,,,,,,,,GLOBAL_BASELINE_NO_ENTITY_RANKING,,,NOT_APPLICABLE_GLOBAL_BASELINE,HF9g-P5,,,,X 全窗基线 · 不参与实体赏罚,15056642,1506,A168_HF9F_20260827_0900,2026-08-27 09:00:00
2026-08-03,153805768,2281,0,3532.0468642316,-2196.7608545831,-2196.7608545831,0.2500000,8,8,0.50162375000000000,0.501623750000,-1.4234063852847412,-1.4234063852847412,-1.4234063852847412,0E-17,ELIGIBLE,R03b_20260811_FULL_v1,L1_ELIGIBILITY,v2026-08-11,2026-03-21..2026-08-06,baccarat_bet02_101_all_pairs_incl_sentinel,round_win = game_pnl > 0 (decisive only),COMPATIBILITY_ONLY_NOT_PRODUCTION,107095.9683,90004.3074,9887.1468,155,155,-0.09232044,-0.09232044,,-0.09232044,-9887.1468,107095.9683,OK,0.0000,395.4859,4.0000,96.0000,AG03-UNRESOLVED,ALL5_LEVELS_bet23_to_bet27,395.4859,395.4859,395.4859,395.4859,395.4859,4.000000,4.000000,4.000000,4.000000,4.000000,96.000000,96.000000,96.000000,96.000000,96.000000,5.0,1977.4294,1825.4372,7909.7174,8061.7096,PENDING_AG03,FALSE,NOT_FOR_ENFORCEMENT,9491.6609,86404.1351,9887.1468,9491.6609,395.4859,0.09232044,0.08862762,395.4859,9491.6609,0.08862762,395.4859,395.4859,395.4859,395.4859,395.4859,9491.6609,0.08862762,1977.4294,1825.4372,7909.7174,8061.7096,0.07385635,0.07527557,0.00369282,690.9417,580.6730,63.7880,3295.7156,353.1124,35698.6561,51.6667,690.9417,,516.8849,689.1799,861.4749,861.4749,1119.9174,1292.2123,585.8029,0.0,1.625,1.875,1.002556,13,26,1,2,1.00000000,0.09232044,0.09232044,0E-8,0.000000,0.840408,1.000000,,2026-08-03,2026-08-05,3,28,19,3,1.000000,,1.000000,3.333333,,,,,,,,GLOBAL_BASELINE_NO_ENTITY_RANKING,,,NOT_APPLICABLE_GLOBAL_BASELINE,HF9g-P5,,,,X 全窗基线 · 不参与实体赏罚,15056643,1506,A168_HF9F_20260827_0900,2026-08-27 09:00:00
2026-08-04,153805768,1385,0,223.9834596830,-223.9834596830,-223.9834596830,0E-7,1,1,0.50665070000000000,0.506650700000,-1.013391052207602,-1.013391052207602,-1.013391052207602,0E-17,ELIGIBLE,R03b_20260811_FULL_v1,L1_ELIGIBILITY,v2026-08-11,2026-03-21..2026-08-06,baccarat_bet02_101_all_pairs_incl_sentinel,round_win = game_pnl > 0 (decisive only),COMPATIBILITY_ONLY_NOT_PRODUCTION,107095.9683,90004.3074,9887.1468,155,155,-0.09232044,-0.09232044,,-0.09232044,-9887.1468,107095.9683,OK,0.0000,395.4859,4.0000,96.0000,AG03-UNRESOLVED,ALL5_LEVELS_bet23_to_bet27,395.4859,395.4859,395.4859,395.4859,395.4859,4.000000,4.000000,4.000000,4.000000,4.000000,96.000000,96.000000,96.000000,96.000000,96.000000,5.0,1977.4294,1825.4372,7909.7174,8061.7096,PENDING_AG03,FALSE,NOT_FOR_ENFORCEMENT,9491.6609,86404.1351,9887.1468,9491.6609,395.4859,0.09232044,0.08862762,395.4859,9491.6609,0.08862762,395.4859,395.4859,395.4859,395.4859,395.4859,9491.6609,0.08862762,1977.4294,1825.4372,7909.7174,8061.7096,0.07385635,0.07527557,0.00369282,690.9417,580.6730,63.7880,3295.7156,353.1124,35698.6561,51.6667,690.9417,,516.8849,689.1799,861.4749,861.4749,1119.9174,1292.2123,585.8029,0.0,1.625,1.875,1.002556,13,26,1,2,1.00000000,0.09232044,0.09232044,0E-8,0.000000,0.840408,1.000000,,2026-08-03,2026-08-05,3,28,19,3,1.000000,,1.000000,3.333333,,,,,,,,GLOBAL_BASELINE_NO_ENTITY_RANKING,,,NOT_APPLICABLE_GLOBAL_BASELINE,HF9g-P5,,,,X 全窗基线 · 不参与实体赏罚,15056644,1506,A168_HF9F_20260827_0900,2026-08-27 09:00:00
2026-08-04,153805768,1490,0,2067.5396278429,-465.1964162647,-465.1964162647,0.3333333,4,4,0.49324550000000000,0.493245500000,-0.5540025479526107,-0.5540025479526106,-0.5540025479526107,0E-17,ELIGIBLE,R03b_20260811_FULL_v1,L1_ELIGIBILITY,v2026-08-11,2026-03-21..2026-08-06,baccarat_bet02_101_all_pairs_incl_sentinel,round_win = game_pnl > 0 (decisive only),COMPATIBILITY_ONLY_NOT_PRODUCTION,107095.9683,90004.3074,9887.1468,155,155,-0.09232044,-0.09232044,,-0.09232044,-9887.1468,107095.9683,OK,0.0000,395.4859,4.0000,96.0000,AG03-UNRESOLVED,ALL5_LEVELS_bet23_to_bet27,395.4859,395.4859,395.4859,395.4859,395.4859,4.000000,4.000000,4.000000,4.000000,4.000000,96.000000,96.000000,96.000000,96.000000,96.000000,5.0,1977.4294,1825.4372,7909.7174,8061.7096,PENDING_AG03,FALSE,NOT_FOR_ENFORCEMENT,9491.6609,86404.1351,9887.1468,9491.6609,395.4859,0.09232044,0.08862762,395.4859,9491.6609,0.08862762,395.4859,395.4859,395.4859,395.4859,395.4859,9491.6609,0.08862762,1977.4294,1825.4372,7909.7174,8061.7096,0.07385635,0.07527557,0.00369282,690.9417,580.6730,63.7880,3295.7156,353.1124,35698.6561,51.6667,690.9417,,516.8849,689.1799,861.4749,861.4749,1119.9174,1292.2123,585.8029,0.0,1.625,1.875,1.002556,13,26,1,2,1.00000000,0.09232044,0.09232044,0E-8,0.000000,0.840408,1.000000,,2026-08-03,2026-08-05,3,28,19,3,1.000000,,1.000000,3.333333,,,,,,,,GLOBAL_BASELINE_NO_ENTITY_RANKING,,,NOT_APPLICABLE_GLOBAL_BASELINE,HF9g-P5,,,,X 全窗基线 · 不参与实体赏罚,15056645,1506,A168_HF9F_20260827_0900,2026-08-27 09:00:00
2026-08-04,153805768,2242,0,1964.1626464507,275.6719503790,275.6719503790,0.6000000,5,5,0.50128862000000000,0.501288620000,0.4414521777673877,0.4414521777673877,0.4414521777673877,0E-17,ELIGIBLE,R03b_20260811_FULL_v1,L1_ELIGIBILITY,v2026-08-11,2026-03-21..2026-08-06,baccarat_bet02_101_all_pairs_incl_sentinel,round_win = game_pnl > 0 (decisive only),COMPATIBILITY_ONLY_NOT_PRODUCTION,107095.9683,90004.3074,9887.1468,155,155,-0.09232044,-0.09232044,,-0.09232044,-9887.1468,107095.9683,OK,0.0000,395.4859,4.0000,96.0000,AG03-UNRESOLVED,ALL5_LEVELS_bet23_to_bet27,395.4859,395.4859,395.4859,395.4859,395.4859,4.000000,4.000000,4.000000,4.000000,4.000000,96.000000,96.000000,96.000000,96.000000,96.000000,5.0,1977.4294,1825.4372,7909.7174,8061.7096,PENDING_AG03,FALSE,NOT_FOR_ENFORCEMENT,9491.6609,86404.1351,9887.1468,9491.6609,395.4859,0.09232044,0.08862762,395.4859,9491.6609,0.08862762,395.4859,395.4859,395.4859,395.4859,395.4859,9491.6609,0.08862762,1977.4294,1825.4372,7909.7174,8061.7096,0.07385635,0.07527557,0.00369282,690.9417,580.6730,63.7880,3295.7156,353.1124,35698.6561,51.6667,690.9417,,516.8849,689.1799,861.4749,861.4749,1119.9174,1292.2123,585.8029,0.0,1.625,1.875,1.002556,13,26,1,2,1.00000000,0.09232044,0.09232044,0E-8,0.000000,0.840408,1.000000,,2026-08-03,2026-08-05,3,28,19,3,1.000000,,1.000000,3.333333,,,,,,,,GLOBAL_BASELINE_NO_ENTITY_RANKING,,,NOT_APPLICABLE_GLOBAL_BASELINE,HF9g-P5,,,,X 全窗基线 · 不参与实体赏罚,15056646,1506,A168_HF9F_20260827_0900,2026-08-27 09:00:00
2026-08-04,153805768,2248,0,1206.0647829083,947.6223294280,947.6223294280,1.0000000,3,3,0.49771390000000000,0.497713900000,1.739988277604938,1.739988277604938,1.739988277604938,0E-17,ELIGIBLE,R03b_20260811_FULL_v1,L1_ELIGIBILITY,v2026-08-11,2026-03-21..2026-08-06,baccarat_bet02_101_all_pairs_incl_sentinel,round_win = game_pnl > 0 (decisive only),COMPATIBILITY_ONLY_NOT_PRODUCTION,107095.9683,90004.3074,9887.1468,155,155,-0.09232044,-0.09232044,,-0.09232044,-9887.1468,107095.9683,OK,0.0000,395.4859,4.0000,96.0000,AG03-UNRESOLVED,ALL5_LEVELS_bet23_to_bet27,395.4859,395.4859,395.4859,395.4859,395.4859,4.000000,4.000000,4.000000,4.000000,4.000000,96.000000,96.000000,96.000000,96.000000,96.000000,5.0,1977.4294,1825.4372,7909.7174,8061.7096,PENDING_AG03,FALSE,NOT_FOR_ENFORCEMENT,9491.6609,86404.1351,9887.1468,9491.6609,395.4859,0.09232044,0.08862762,395.4859,9491.6609,0.08862762,395.4859,395.4859,395.4859,395.4859,395.4859,9491.6609,0.08862762,1977.4294,1825.4372,7909.7174,8061.7096,0.07385635,0.07527557,0.00369282,690.9417,580.6730,63.7880,3295.7156,353.1124,35698.6561,51.6667,690.9417,,516.8849,689.1799,861.4749,861.4749,1119.9174,1292.2123,585.8029,0.0,1.625,1.875,1.002556,13,26,1,2,1.00000000,0.09232044,0.09232044,0E-8,0.000000,0.840408,1.000000,,2026-08-03,2026-08-05,3,28,19,3,1.000000,,1.000000,3.333333,,,,,,,,GLOBAL_BASELINE_NO_ENTITY_RANKING,,,NOT_APPLICABLE_GLOBAL_BASELINE,HF9g-P5,,,,X 全窗基线 · 不参与实体赏罚,15056647,1506,A168_HF9F_20260827_0900,2026-08-27 09:00:00
2026-08-04,153805768,763,0,3687.1123363198,-1309.4417643004,-1309.4417643004,0.3750000,9,9,0.49771390000000000,0.497713900000,-0.694181902665499,-0.6941819026654991,-0.694181902665499,0E-17,ELIGIBLE,R03b_20260811_FULL_v1,L1_ELIGIBILITY,v2026-08-11,2026-03-21..2026-08-06,baccarat_bet02_101_all_pairs_incl_sentinel,round_win = game_pnl > 0 (decisive only),COMPATIBILITY_ONLY_NOT_PRODUCTION,107095.9683,90004.3074,9887.1468,155,155,-0.09232044,-0.09232044,,-0.09232044,-9887.1468,107095.9683,OK,0.0000,395.4859,4.0000,96.0000,AG03-UNRESOLVED,ALL5_LEVELS_bet23_to_bet27,395.4859,395.4859,395.4859,395.4859,395.4859,4.000000,4.000000,4.000000,4.000000,4.000000,96.000000,96.000000,96.000000,96.000000,96.000000,5.0,1977.4294,1825.4372,7909.7174,8061.7096,PENDING_AG03,FALSE,NOT_FOR_ENFORCEMENT,9491.6609,86404.1351,9887.1468,9491.6609,395.4859,0.09232044,0.08862762,395.4859,9491.6609,0.08862762,395.4859,395.4859,395.4859,395.4859,395.4859,9491.6609,0.08862762,1977.4294,1825.4372,7909.7174,8061.7096,0.07385635,0.07527557,0.00369282,690.9417,580.6730,63.7880,3295.7156,353.1124,35698.6561,51.6667,690.9417,,516.8849,689.1799,861.4749,861.4749,1119.9174,1292.2123,585.8029,0.0,1.625,1.875,1.002556,13,26,1,2,1.00000000,0.09232044,0.09232044,0E-8,0.000000,0.840408,1.000000,,2026-08-03,2026-08-05,3,28,19,3,1.000000,,1.000000,3.333333,,,,,,,,GLOBAL_BASELINE_NO_ENTITY_RANKING,,,NOT_APPLICABLE_GLOBAL_BASELINE,HF9g-P5,,,,X 全窗基线 · 不参与实体赏罚,15056648,1506,A168_HF9F_20260827_0900,2026-08-27 09:00:00
2026-08-05,153805768,-1,1,7839.4210889040,-3532.0468642315,-3532.0468642315,0.2500000,9,9,0.49324550000000000,0.493245500000,-1.376129913168058,-1.376129913168058,-1.376129913168058,0E-17,SENTINEL_DEALER,R03b_20260811_FULL_v1,L1_ELIGIBILITY,v2026-08-11,2026-03-21..2026-08-06,baccarat_bet02_101_all_pairs_incl_sentinel,round_win = game_pnl > 0 (decisive only),COMPATIBILITY_ONLY_NOT_PRODUCTION,107095.9683,90004.3074,9887.1468,155,155,-0.09232044,-0.09232044,,-0.09232044,-9887.1468,107095.9683,OK,0.0000,395.4859,4.0000,96.0000,AG03-UNRESOLVED,ALL5_LEVELS_bet23_to_bet27,395.4859,395.4859,395.4859,395.4859,395.4859,4.000000,4.000000,4.000000,4.000000,4.000000,96.000000,96.000000,96.000000,96.000000,96.000000,5.0,1977.4294,1825.4372,7909.7174,8061.7096,PENDING_AG03,FALSE,NOT_FOR_ENFORCEMENT,9491.6609,86404.1351,9887.1468,9491.6609,395.4859,0.09232044,0.08862762,395.4859,9491.6609,0.08862762,395.4859,395.4859,395.4859,395.4859,395.4859,9491.6609,0.08862762,1977.4294,1825.4372,7909.7174,8061.7096,0.07385635,0.07527557,0.00369282,690.9417,580.6730,63.7880,3295.7156,353.1124,35698.6561,51.6667,690.9417,,516.8849,689.1799,861.4749,861.4749,1119.9174,1292.2123,585.8029,0.0,1.625,1.875,1.002556,13,26,1,2,1.00000000,0.09232044,0.09232044,0E-8,0.000000,0.840408,1.000000,,2026-08-03,2026-08-05,3,28,19,3,1.000000,,1.000000,3.333333,,,,,,,,GLOBAL_BASELINE_NO_ENTITY_RANKING,,,NOT_APPLICABLE_GLOBAL_BASELINE,HF9g-P5,,,,X 全窗基线 · 不参与实体赏罚,15056649,1506,A168_HF9F_20260827_0900,2026-08-27 09:00:00
2026-08-05,153805768,1017,0,3101.3094417642,3101.3094417642,3101.3094417642,1.0000000,5,5,0.49860758000000000,0.498607580000,2.242303763970222,2.242303763970222,2.242303763970222,0E-17,ELIGIBLE,R03b_20260811_FULL_v1,L1_ELIGIBILITY,v2026-08-11,2026-03-21..2026-08-06,baccarat_bet02_101_all_pairs_incl_sentinel,round_win = game_pnl > 0 (decisive only),COMPATIBILITY_ONLY_NOT_PRODUCTION,107095.9683,90004.3074,9887.1468,155,155,-0.09232044,-0.09232044,,-0.09232044,-9887.1468,107095.9683,OK,0.0000,395.4859,4.0000,96.0000,AG03-UNRESOLVED,ALL5_LEVELS_bet23_to_bet27,395.4859,395.4859,395.4859,395.4859,395.4859,4.000000,4.000000,4.000000,4.000000,4.000000,96.000000,96.000000,96.000000,96.000000,96.000000,5.0,1977.4294,1825.4372,7909.7174,8061.7096,PENDING_AG03,FALSE,NOT_FOR_ENFORCEMENT,9491.6609,86404.1351,9887.1468,9491.6609,395.4859,0.09232044,0.08862762,395.4859,9491.6609,0.08862762,395.4859,395.4859,395.4859,395.4859,395.4859,9491.6609,0.08862762,1977.4294,1825.4372,7909.7174,8061.7096,0.07385635,0.07527557,0.00369282,690.9417,580.6730,63.7880,3295.7156,353.1124,35698.6561,51.6667,690.9417,,516.8849,689.1799,861.4749,861.4749,1119.9174,1292.2123,585.8029,0.0,1.625,1.875,1.002556,13,26,1,2,1.00000000,0.09232044,0.09232044,0E-8,0.000000,0.840408,1.000000,,2026-08-03,2026-08-05,3,28,19,3,1.000000,,1.000000,3.333333,,,,,,,,GLOBAL_BASELINE_NO_ENTITY_RANKING,,,NOT_APPLICABLE_GLOBAL_BASELINE,HF9g-P5,,,,X 全窗基线 · 不参与实体赏罚,15056650,1506,A168_HF9F_20260827_0900,2026-08-27 09:00:00
2026-08-05,153805768,1205,0,1119.9172984149,0E-10,0E-10,,1,1,0.50665070000000000,0.506650700000,,,,0E-17,NO_DECISIVE_ROUND,R03b_20260811_FULL_v1,L1_ELIGIBILITY,v2026-08-11,2026-03-21..2026-08-06,baccarat_bet02_101_all_pairs_incl_sentinel,round_win = game_pnl > 0 (decisive only),COMPATIBILITY_ONLY_NOT_PRODUCTION,107095.9683,90004.3074,9887.1468,155,155,-0.09232044,-0.09232044,,-0.09232044,-9887.1468,107095.9683,OK,0.0000,395.4859,4.0000,96.0000,AG03-UNRESOLVED,ALL5_LEVELS_bet23_to_bet27,395.4859,395.4859,395.4859,395.4859,395.4859,4.000000,4.000000,4.000000,4.000000,4.000000,96.000000,96.000000,96.000000,96.000000,96.000000,5.0,1977.4294,1825.4372,7909.7174,8061.7096,PENDING_AG03,FALSE,NOT_FOR_ENFORCEMENT,9491.6609,86404.1351,9887.1468,9491.6609,395.4859,0.09232044,0.08862762,395.4859,9491.6609,0.08862762,395.4859,395.4859,395.4859,395.4859,395.4859,9491.6609,0.08862762,1977.4294,1825.4372,7909.7174,8061.7096,0.07385635,0.07527557,0.00369282,690.9417,580.6730,63.7880,3295.7156,353.1124,35698.6561,51.6667,690.9417,,516.8849,689.1799,861.4749,861.4749,1119.9174,1292.2123,585.8029,0.0,1.625,1.875,1.002556,13,26,1,2,1.00000000,0.09232044,0.09232044,0E-8,0.000000,0.840408,1.000000,,2026-08-03,2026-08-05,3,28,19,3,1.000000,,1.000000,3.333333,,,,,,,,GLOBAL_BASELINE_NO_ENTITY_RANKING,,,NOT_APPLICABLE_GLOBAL_BASELINE,HF9g-P5,,,,X 全窗基线 · 不参与实体赏罚,15056651,1506,A168_HF9F_20260827_0900,2026-08-27 09:00:00
2026-08-05,153805768,1210,0,3445.8993797380,861.4748449345,861.4748449345,0.6666667,4,4,0.49659680000000000,0.496596800000,0.5891529468324541,0.589152946832454,0.5891529468324541,0E-17,ELIGIBLE,R03b_20260811_FULL_v1,L1_ELIGIBILITY,v2026-08-11,2026-03-21..2026-08-06,baccarat_bet02_101_all_pairs_incl_sentinel,round_win = game_pnl > 0 (decisive only),COMPATIBILITY_ONLY_NOT_PRODUCTION,107095.9683,90004.3074,9887.1468,155,155,-0.09232044,-0.09232044,,-0.09232044,-9887.1468,107095.9683,OK,0.0000,395.4859,4.0000,96.0000,AG03-UNRESOLVED,ALL5_LEVELS_bet23_to_bet27,395.4859,395.4859,395.4859,395.4859,395.4859,4.000000,4.000000,4.000000,4.000000,4.000000,96.000000,96.000000,96.000000,96.000000,96.000000,5.0,1977.4294,1825.4372,7909.7174,8061.7096,PENDING_AG03,FALSE,NOT_FOR_ENFORCEMENT,9491.6609,86404.1351,9887.1468,9491.6609,395.4859,0.09232044,0.08862762,395.4859,9491.6609,0.08862762,395.4859,395.4859,395.4859,395.4859,395.4859,9491.6609,0.08862762,1977.4294,1825.4372,7909.7174,8061.7096,0.07385635,0.07527557,0.00369282,690.9417,580.6730,63.7880,3295.7156,353.1124,35698.6561,51.6667,690.9417,,516.8849,689.1799,861.4749,861.4749,1119.9174,1292.2123,585.8029,0.0,1.625,1.875,1.002556,13,26,1,2,1.00000000,0.09232044,0.09232044,0E-8,0.000000,0.840408,1.000000,,2026-08-03,2026-08-05,3,28,19,3,1.000000,,1.000000,3.333333,,,,,,,,GLOBAL_BASELINE_NO_ENTITY_RANKING,,,NOT_APPLICABLE_GLOBAL_BASELINE,HF9g-P5,,,,X 全窗基线 · 不参与实体赏罚,15056652,1506,A168_HF9F_20260827_0900,2026-08-27 09:00:00
2026-08-05,153805768,1323,0,6891.7987594762,-4307.3742246726,-4307.3742246726,0E-7,6,6,0.50441650000000000,0.504416500000,-2.017744715662534,-2.017744715662534,-2.017744715662534,0E-17,ELIGIBLE,R03b_20260811_FULL_v1,L1_ELIGIBILITY,v2026-08-11,2026-03-21..2026-08-06,baccarat_bet02_101_all_pairs_incl_sentinel,round_win = game_pnl > 0 (decisive only),COMPATIBILITY_ONLY_NOT_PRODUCTION,107095.9683,90004.3074,9887.1468,155,155,-0.09232044,-0.09232044,,-0.09232044,-9887.1468,107095.9683,OK,0.0000,395.4859,4.0000,96.0000,AG03-UNRESOLVED,ALL5_LEVELS_bet23_to_bet27,395.4859,395.4859,395.4859,395.4859,395.4859,4.000000,4.000000,4.000000,4.000000,4.000000,96.000000,96.000000,96.000000,96.000000,96.000000,5.0,1977.4294,1825.4372,7909.7174,8061.7096,PENDING_AG03,FALSE,NOT_FOR_ENFORCEMENT,9491.6609,86404.1351,9887.1468,9491.6609,395.4859,0.09232044,0.08862762,395.4859,9491.6609,0.08862762,395.4859,395.4859,395.4859,395.4859,395.4859,9491.6609,0.08862762,1977.4294,1825.4372,7909.7174,8061.7096,0.07385635,0.07527557,0.00369282,690.9417,580.6730,63.7880,3295.7156,353.1124,35698.6561,51.6667,690.9417,,516.8849,689.1799,861.4749,861.4749,1119.9174,1292.2123,585.8029,0.0,1.625,1.875,1.002556,13,26,1,2,1.00000000,0.09232044,0.09232044,0E-8,0.000000,0.840408,1.000000,,2026-08-03,2026-08-05,3,28,19,3,1.000000,,1.000000,3.333333,,,,,,,,GLOBAL_BASELINE_NO_ENTITY_RANKING,,,NOT_APPLICABLE_GLOBAL_BASELINE,HF9g-P5,,,,X 全窗基线 · 不参与实体赏罚,15056653,1506,A168_HF9F_20260827_0900,2026-08-27 09:00:00
2026-08-05,153805768,1382,0,2377.6705720193,-103.3769813921,-103.3769813921,0.5000000,3,3,0.49324550000000000,0.493245500000,0.01910635448239258,0.01910635448239258,0.01910635448239258,0E-17,ELIGIBLE,R03b_20260811_FULL_v1,L1_ELIGIBILITY,v2026-08-11,2026-03-21..2026-08-06,baccarat_bet02_101_all_pairs_incl_sentinel,round_win = game_pnl > 0 (decisive only),COMPATIBILITY_ONLY_NOT_PRODUCTION,107095.9683,90004.3074,9887.1468,155,155,-0.09232044,-0.09232044,,-0.09232044,-9887.1468,107095.9683,OK,0.0000,395.4859,4.0000,96.0000,AG03-UNRESOLVED,ALL5_LEVELS_bet23_to_bet27,395.4859,395.4859,395.4859,395.4859,395.4859,4.000000,4.000000,4.000000,4.000000,4.000000,96.000000,96.000000,96.000000,96.000000,96.000000,5.0,1977.4294,1825.4372,7909.7174,8061.7096,PENDING_AG03,FALSE,NOT_FOR_ENFORCEMENT,9491.6609,86404.1351,9887.1468,9491.6609,395.4859,0.09232044,0.08862762,395.4859,9491.6609,0.08862762,395.4859,395.4859,395.4859,395.4859,395.4859,9491.6609,0.08862762,1977.4294,1825.4372,7909.7174,8061.7096,0.07385635,0.07527557,0.00369282,690.9417,580.6730,63.7880,3295.7156,353.1124,35698.6561,51.6667,690.9417,,516.8849,689.1799,861.4749,861.4749,1119.9174,1292.2123,585.8029,0.0,1.625,1.875,1.002556,13,26,1,2,1.00000000,0.09232044,0.09232044,0E-8,0.000000,0.840408,1.000000,,2026-08-03,2026-08-05,3,28,19,3,1.000000,,1.000000,3.333333,,,,,,,,GLOBAL_BASELINE_NO_ENTITY_RANKING,,,NOT_APPLICABLE_GLOBAL_BASELINE,HF9g-P5,,,,X 全窗基线 · 不参与实体赏罚,15056654,1506,A168_HF9F_20260827_0900,2026-08-27 09:00:00
2026-08-05,153805768,1402,0,19882.8394210884,534.1144038594,534.1144038594,0.5454545,24,24,0.49827245000000000,0.498272450000,0.44260993008669564,0.44260993008669564,0.44260993008669564,0E-17,ELIGIBLE,R03b_20260811_FULL_v1,L1_ELIGIBILITY,v2026-08-11,2026-03-21..2026-08-06,baccarat_bet02_101_all_pairs_incl_sentinel,round_win = game_pnl > 0 (decisive only),COMPATIBILITY_ONLY_NOT_PRODUCTION,107095.9683,90004.3074,9887.1468,155,155,-0.09232044,-0.09232044,,-0.09232044,-9887.1468,107095.9683,OK,0.0000,395.4859,4.0000,96.0000,AG03-UNRESOLVED,ALL5_LEVELS_bet23_to_bet27,395.4859,395.4859,395.4859,395.4859,395.4859,4.000000,4.000000,4.000000,4.000000,4.000000,96.000000,96.000000,96.000000,96.000000,96.000000,5.0,1977.4294,1825.4372,7909.7174,8061.7096,PENDING_AG03,FALSE,NOT_FOR_ENFORCEMENT,9491.6609,86404.1351,9887.1468,9491.6609,395.4859,0.09232044,0.08862762,395.4859,9491.6609,0.08862762,395.4859,395.4859,395.4859,395.4859,395.4859,9491.6609,0.08862762,1977.4294,1825.4372,7909.7174,8061.7096,0.07385635,0.07527557,0.00369282,690.9417,580.6730,63.7880,3295.7156,353.1124,35698.6561,51.6667,690.9417,,516.8849,689.1799,861.4749,861.4749,1119.9174,1292.2123,585.8029,0.0,1.625,1.875,1.002556,13,26,1,2,1.00000000,0.09232044,0.09232044,0E-8,0.000000,0.840408,1.000000,,2026-08-03,2026-08-05,3,28,19,3,1.000000,,1.000000,3.333333,,,,,,,,GLOBAL_BASELINE_NO_ENTITY_RANKING,,,NOT_APPLICABLE_GLOBAL_BASELINE,HF9g-P5,,,,X 全窗基线 · 不参与实体赏罚,15056655,1506,A168_HF9F_20260827_0900,2026-08-27 09:00:00
2026-08-05,153805768,1485,0,1722.9496898690,0E-10,0E-10,0.5000000,2,2,0.49324550000000000,0.493245500000,0.01910635448239258,0.01910635448239258,0.01910635448239258,0E-17,ELIGIBLE,R03b_20260811_FULL_v1,L1_ELIGIBILITY,v2026-08-11,2026-03-21..2026-08-06,baccarat_bet02_101_all_pairs_incl_sentinel,round_win = game_pnl > 0 (decisive only),COMPATIBILITY_ONLY_NOT_PRODUCTION,107095.9683,90004.3074,9887.1468,155,155,-0.09232044,-0.09232044,,-0.09232044,-9887.1468,107095.9683,OK,0.0000,395.4859,4.0000,96.0000,AG03-UNRESOLVED,ALL5_LEVELS_bet23_to_bet27,395.4859,395.4859,395.4859,395.4859,395.4859,4.000000,4.000000,4.000000,4.000000,4.000000,96.000000,96.000000,96.000000,96.000000,96.000000,5.0,1977.4294,1825.4372,7909.7174,8061.7096,PENDING_AG03,FALSE,NOT_FOR_ENFORCEMENT,9491.6609,86404.1351,9887.1468,9491.6609,395.4859,0.09232044,0.08862762,395.4859,9491.6609,0.08862762,395.4859,395.4859,395.4859,395.4859,395.4859,9491.6609,0.08862762,1977.4294,1825.4372,7909.7174,8061.7096,0.07385635,0.07527557,0.00369282,690.9417,580.6730,63.7880,3295.7156,353.1124,35698.6561,51.6667,690.9417,,516.8849,689.1799,861.4749,861.4749,1119.9174,1292.2123,585.8029,0.0,1.625,1.875,1.002556,13,26,1,2,1.00000000,0.09232044,0.09232044,0E-8,0.000000,0.840408,1.000000,,2026-08-03,2026-08-05,3,28,19,3,1.000000,,1.000000,3.333333,,,,,,,,GLOBAL_BASELINE_NO_ENTITY_RANKING,,,NOT_APPLICABLE_GLOBAL_BASELINE,HF9g-P5,,,,X 全窗基线 · 不参与实体赏罚,15056656,1506,A168_HF9F_20260827_0900,2026-08-27 09:00:00
2026-08-05,153805768,1710,0,3532.0468642316,1722.9496898691,1722.9496898691,0.7500000,5,5,0.50396966000000000,0.503969660000,0.9841523774297893,0.9841523774297894,0.9841523774297893,0E-17,ELIGIBLE,R03b_20260811_FULL_v1,L1_ELIGIBILITY,v2026-08-11,2026-03-21..2026-08-06,baccarat_bet02_101_all_pairs_incl_sentinel,round_win = game_pnl > 0 (decisive only),COMPATIBILITY_ONLY_NOT_PRODUCTION,107095.9683,90004.3074,9887.1468,155,155,-0.09232044,-0.09232044,,-0.09232044,-9887.1468,107095.9683,OK,0.0000,395.4859,4.0000,96.0000,AG03-UNRESOLVED,ALL5_LEVELS_bet23_to_bet27,395.4859,395.4859,395.4859,395.4859,395.4859,4.000000,4.000000,4.000000,4.000000,4.000000,96.000000,96.000000,96.000000,96.000000,96.000000,5.0,1977.4294,1825.4372,7909.7174,8061.7096,PENDING_AG03,FALSE,NOT_FOR_ENFORCEMENT,9491.6609,86404.1351,9887.1468,9491.6609,395.4859,0.09232044,0.08862762,395.4859,9491.6609,0.08862762,395.4859,395.4859,395.4859,395.4859,395.4859,9491.6609,0.08862762,1977.4294,1825.4372,7909.7174,8061.7096,0.07385635,0.07527557,0.00369282,690.9417,580.6730,63.7880,3295.7156,353.1124,35698.6561,51.6667,690.9417,,516.8849,689.1799,861.4749,861.4749,1119.9174,1292.2123,585.8029,0.0,1.625,1.875,1.002556,13,26,1,2,1.00000000,0.09232044,0.09232044,0E-8,0.000000,0.840408,1.000000,,2026-08-03,2026-08-05,3,28,19,3,1.000000,,1.000000,3.333333,,,,,,,,GLOBAL_BASELINE_NO_ENTITY_RANKING,,,NOT_APPLICABLE_GLOBAL_BASELINE,HF9g-P5,,,,X 全窗基线 · 不参与实体赏罚,15056657,1506,A168_HF9F_20260827_0900,2026-08-27 09:00:00
2026-08-05,153805768,1940,0,4807.0296347347,-620.2618883529,-620.2618883529,0.5000000,8,8,0.49994810000000000,0.499948100000,0.00025425703667063243,0.00025425703667063243,0.00025425703667063243,0E-17,ELIGIBLE,R03b_20260811_FULL_v1,L1_ELIGIBILITY,v2026-08-11,2026-03-21..2026-08-06,baccarat_bet02_101_all_pairs_incl_sentinel,round_win = game_pnl > 0 (decisive only),COMPATIBILITY_ONLY_NOT_PRODUCTION,107095.9683,90004.3074,9887.1468,155,155,-0.09232044,-0.09232044,,-0.09232044,-9887.1468,107095.9683,OK,0.0000,395.4859,4.0000,96.0000,AG03-UNRESOLVED,ALL5_LEVELS_bet23_to_bet27,395.4859,395.4859,395.4859,395.4859,395.4859,4.000000,4.000000,4.000000,4.000000,4.000000,96.000000,96.000000,96.000000,96.000000,96.000000,5.0,1977.4294,1825.4372,7909.7174,8061.7096,PENDING_AG03,FALSE,NOT_FOR_ENFORCEMENT,9491.6609,86404.1351,9887.1468,9491.6609,395.4859,0.09232044,0.08862762,395.4859,9491.6609,0.08862762,395.4859,395.4859,395.4859,395.4859,395.4859,9491.6609,0.08862762,1977.4294,1825.4372,7909.7174,8061.7096,0.07385635,0.07527557,0.00369282,690.9417,580.6730,63.7880,3295.7156,353.1124,35698.6561,51.6667,690.9417,,516.8849,689.1799,861.4749,861.4749,1119.9174,1292.2123,585.8029,0.0,1.625,1.875,1.002556,13,26,1,2,1.00000000,0.09232044,0.09232044,0E-8,0.000000,0.840408,1.000000,,2026-08-03,2026-08-05,3,28,19,3,1.000000,,1.000000,3.333333,,,,,,,,GLOBAL_BASELINE_NO_ENTITY_RANKING,,,NOT_APPLICABLE_GLOBAL_BASELINE,HF9g-P5,,,,X 全窗基线 · 不参与实体赏罚,15056658,1506,A168_HF9F_20260827_0900,2026-08-27 09:00:00
2026-08-05,153805768,2103,0,4307.3742246726,1722.9496898691,1722.9496898691,0.6666667,4,4,0.49324550000000000,0.493245500000,0.6008033672792107,0.6008033672792106,0.6008033672792107,0E-17,ELIGIBLE,R03b_20260811_FULL_v1,L1_ELIGIBILITY,v2026-08-11,2026-03-21..2026-08-06,baccarat_bet02_101_all_pairs_incl_sentinel,round_win = game_pnl > 0 (decisive only),COMPATIBILITY_ONLY_NOT_PRODUCTION,107095.9683,90004.3074,9887.1468,155,155,-0.09232044,-0.09232044,,-0.09232044,-9887.1468,107095.9683,OK,0.0000,395.4859,4.0000,96.0000,AG03-UNRESOLVED,ALL5_LEVELS_bet23_to_bet27,395.4859,395.4859,395.4859,395.4859,395.4859,4.000000,4.000000,4.000000,4.000000,4.000000,96.000000,96.000000,96.000000,96.000000,96.000000,5.0,1977.4294,1825.4372,7909.7174,8061.7096,PENDING_AG03,FALSE,NOT_FOR_ENFORCEMENT,9491.6609,86404.1351,9887.1468,9491.6609,395.4859,0.09232044,0.08862762,395.4859,9491.6609,0.08862762,395.4859,395.4859,395.4859,395.4859,395.4859,9491.6609,0.08862762,1977.4294,1825.4372,7909.7174,8061.7096,0.07385635,0.07527557,0.00369282,690.9417,580.6730,63.7880,3295.7156,353.1124,35698.6561,51.6667,690.9417,,516.8849,689.1799,861.4749,861.4749,1119.9174,1292.2123,585.8029,0.0,1.625,1.875,1.002556,13,26,1,2,1.00000000,0.09232044,0.09232044,0E-8,0.000000,0.840408,1.000000,,2026-08-03,2026-08-05,3,28,19,3,1.000000,,1.000000,3.333333,,,,,,,,GLOBAL_BASELINE_NO_ENTITY_RANKING,,,NOT_APPLICABLE_GLOBAL_BASELINE,HF9g-P5,,,,X 全窗基线 · 不参与实体赏罚,15056659,1506,A168_HF9F_20260827_0900,2026-08-27 09:00:00
2026-08-05,153805768,2115,0,2584.4245348035,-861.4748449345,-861.4748449345,0.3333333,3,3,0.49324550000000000,0.493245500000,-0.5540025479526107,-0.5540025479526106,-0.5540025479526107,0E-17,ELIGIBLE,R03b_20260811_FULL_v1,L1_ELIGIBILITY,v2026-08-11,2026-03-21..2026-08-06,baccarat_bet02_101_all_pairs_incl_sentinel,round_win = game_pnl > 0 (decisive only),COMPATIBILITY_ONLY_NOT_PRODUCTION,107095.9683,90004.3074,9887.1468,155,155,-0.09232044,-0.09232044,,-0.09232044,-9887.1468,107095.9683,OK,0.0000,395.4859,4.0000,96.0000,AG03-UNRESOLVED,ALL5_LEVELS_bet23_to_bet27,395.4859,395.4859,395.4859,395.4859,395.4859,4.000000,4.000000,4.000000,4.000000,4.000000,96.000000,96.000000,96.000000,96.000000,96.000000,5.0,1977.4294,1825.4372,7909.7174,8061.7096,PENDING_AG03,FALSE,NOT_FOR_ENFORCEMENT,9491.6609,86404.1351,9887.1468,9491.6609,395.4859,0.09232044,0.08862762,395.4859,9491.6609,0.08862762,395.4859,395.4859,395.4859,395.4859,395.4859,9491.6609,0.08862762,1977.4294,1825.4372,7909.7174,8061.7096,0.07385635,0.07527557,0.00369282,690.9417,580.6730,63.7880,3295.7156,353.1124,35698.6561,51.6667,690.9417,,516.8849,689.1799,861.4749,861.4749,1119.9174,1292.2123,585.8029,0.0,1.625,1.875,1.002556,13,26,1,2,1.00000000,0.09232044,0.09232044,0E-8,0.000000,0.840408,1.000000,,2026-08-03,2026-08-05,3,28,19,3,1.000000,,1.000000,3.333333,,,,,,,,GLOBAL_BASELINE_NO_ENTITY_RANKING,,,NOT_APPLICABLE_GLOBAL_BASELINE,HF9g-P5,,,,X 全窗基线 · 不参与实体赏罚,15056660,1506,A168_HF9F_20260827_0900,2026-08-27 09:00:00
2026-08-05,153805768,2134,0,2584.4245348035,-2584.4245348035,-2584.4245348035,0E-7,3,3,0.49324550000000000,0.493245500000,-1.708808463184432,-1.7088084631844318,-1.708808463184432,0E-17,ELIGIBLE,R03b_20260811_FULL_v1,L1_ELIGIBILITY,v2026-08-11,2026-03-21..2026-08-06,baccarat_bet02_101_all_pairs_incl_sentinel,round_win = game_pnl > 0 (decisive only),COMPATIBILITY_ONLY_NOT_PRODUCTION,107095.9683,90004.3074,9887.1468,155,155,-0.09232044,-0.09232044,,-0.09232044,-9887.1468,107095.9683,OK,0.0000,395.4859,4.0000,96.0000,AG03-UNRESOLVED,ALL5_LEVELS_bet23_to_bet27,395.4859,395.4859,395.4859,395.4859,395.4859,4.000000,4.000000,4.000000,4.000000,4.000000,96.000000,96.000000,96.000000,96.000000,96.000000,5.0,1977.4294,1825.4372,7909.7174,8061.7096,PENDING_AG03,FALSE,NOT_FOR_ENFORCEMENT,9491.6609,86404.1351,9887.1468,9491.6609,395.4859,0.09232044,0.08862762,395.4859,9491.6609,0.08862762,395.4859,395.4859,395.4859,395.4859,395.4859,9491.6609,0.08862762,1977.4294,1825.4372,7909.7174,8061.7096,0.07385635,0.07527557,0.00369282,690.9417,580.6730,63.7880,3295.7156,353.1124,35698.6561,51.6667,690.9417,,516.8849,689.1799,861.4749,861.4749,1119.9174,1292.2123,585.8029,0.0,1.625,1.875,1.002556,13,26,1,2,1.00000000,0.09232044,0.09232044,0E-8,0.000000,0.840408,1.000000,,2026-08-03,2026-08-05,3,28,19,3,1.000000,,1.000000,3.333333,,,,,,,,GLOBAL_BASELINE_NO_ENTITY_RANKING,,,NOT_APPLICABLE_GLOBAL_BASELINE,HF9g-P5,,,,X 全窗基线 · 不参与实体赏罚,15056661,1506,A168_HF9F_20260827_0900,2026-08-27 09:00:00
2026-08-05,153805768,2155,0,2487.0778773259,-1625.6030323914,-1625.6030323914,0E-7,3,3,0.50665070000000000,0.506650700000,-1.4331513700195317,-1.4331513700195317,-1.4331513700195317,0E-17,ELIGIBLE,R03b_20260811_FULL_v1,L1_ELIGIBILITY,v2026-08-11,2026-03-21..2026-08-06,baccarat_bet02_101_all_pairs_incl_sentinel,round_win = game_pnl > 0 (decisive only),COMPATIBILITY_ONLY_NOT_PRODUCTION,107095.9683,90004.3074,9887.1468,155,155,-0.09232044,-0.09232044,,-0.09232044,-9887.1468,107095.9683,OK,0.0000,395.4859,4.0000,96.0000,AG03-UNRESOLVED,ALL5_LEVELS_bet23_to_bet27,395.4859,395.4859,395.4859,395.4859,395.4859,4.000000,4.000000,4.000000,4.000000,4.000000,96.000000,96.000000,96.000000,96.000000,96.000000,5.0,1977.4294,1825.4372,7909.7174,8061.7096,PENDING_AG03,FALSE,NOT_FOR_ENFORCEMENT,9491.6609,86404.1351,9887.1468,9491.6609,395.4859,0.09232044,0.08862762,395.4859,9491.6609,0.08862762,395.4859,395.4859,395.4859,395.4859,395.4859,9491.6609,0.08862762,1977.4294,1825.4372,7909.7174,8061.7096,0.07385635,0.07527557,0.00369282,690.9417,580.6730,63.7880,3295.7156,353.1124,35698.6561,51.6667,690.9417,,516.8849,689.1799,861.4749,861.4749,1119.9174,1292.2123,585.8029,0.0,1.625,1.875,1.002556,13,26,1,2,1.00000000,0.09232044,0.09232044,0E-8,0.000000,0.840408,1.000000,,2026-08-03,2026-08-05,3,28,19,3,1.000000,,1.000000,3.333333,,,,,,,,GLOBAL_BASELINE_NO_ENTITY_RANKING,,,NOT_APPLICABLE_GLOBAL_BASELINE,HF9g-P5,,,,X 全窗基线 · 不参与实体赏罚,15056662,1506,A168_HF9F_20260827_0900,2026-08-27 09:00:00
2026-08-05,153805768,2169,0,3781.8745692625,353.2046864231,353.2046864231,0.5000000,5,5,0.50128862000000000,0.501288620000,-0.0051544971185412255,-0.0051544971185412255,-0.0051544971185412255,0E-17,ELIGIBLE,R03b_20260811_FULL_v1,L1_ELIGIBILITY,v2026-08-11,2026-03-21..2026-08-06,baccarat_bet02_101_all_pairs_incl_sentinel,round_win = game_pnl > 0 (decisive only),COMPATIBILITY_ONLY_NOT_PRODUCTION,107095.9683,90004.3074,9887.1468,155,155,-0.09232044,-0.09232044,,-0.09232044,-9887.1468,107095.9683,OK,0.0000,395.4859,4.0000,96.0000,AG03-UNRESOLVED,ALL5_LEVELS_bet23_to_bet27,395.4859,395.4859,395.4859,395.4859,395.4859,4.000000,4.000000,4.000000,4.000000,4.000000,96.000000,96.000000,96.000000,96.000000,96.000000,5.0,1977.4294,1825.4372,7909.7174,8061.7096,PENDING_AG03,FALSE,NOT_FOR_ENFORCEMENT,9491.6609,86404.1351,9887.1468,9491.6609,395.4859,0.09232044,0.08862762,395.4859,9491.6609,0.08862762,395.4859,395.4859,395.4859,395.4859,395.4859,9491.6609,0.08862762,1977.4294,1825.4372,7909.7174,8061.7096,0.07385635,0.07527557,0.00369282,690.9417,580.6730,63.7880,3295.7156,353.1124,35698.6561,51.6667,690.9417,,516.8849,689.1799,861.4749,861.4749,1119.9174,1292.2123,585.8029,0.0,1.625,1.875,1.002556,13,26,1,2,1.00000000,0.09232044,0.09232044,0E-8,0.000000,0.840408,1.000000,,2026-08-03,2026-08-05,3,28,19,3,1.000000,,1.000000,3.333333,,,,,,,,GLOBAL_BASELINE_NO_ENTITY_RANKING,,,NOT_APPLICABLE_GLOBAL_BASELINE,HF9g-P5,,,,X 全窗基线 · 不参与实体赏罚,15056663,1506,A168_HF9F_20260827_0900,2026-08-27 09:00:00
2026-08-05,153805768,2281,0,5168.8490696070,-344.5899379738,-344.5899379738,0.4000000,6,6,0.49547970000000000,0.495479700000,-0.42701565021644644,-0.42701565021644644,-0.42701565021644644,0E-17,ELIGIBLE,R03b_20260811_FULL_v1,L1_ELIGIBILITY,v2026-08-11,2026-03-21..2026-08-06,baccarat_bet02_101_all_pairs_incl_sentinel,round_win = game_pnl > 0 (decisive only),COMPATIBILITY_ONLY_NOT_PRODUCTION,107095.9683,90004.3074,9887.1468,155,155,-0.09232044,-0.09232044,,-0.09232044,-9887.1468,107095.9683,OK,0.0000,395.4859,4.0000,96.0000,AG03-UNRESOLVED,ALL5_LEVELS_bet23_to_bet27,395.4859,395.4859,395.4859,395.4859,395.4859,4.000000,4.000000,4.000000,4.000000,4.000000,96.000000,96.000000,96.000000,96.000000,96.000000,5.0,1977.4294,1825.4372,7909.7174,8061.7096,PENDING_AG03,FALSE,NOT_FOR_ENFORCEMENT,9491.6609,86404.1351,9887.1468,9491.6609,395.4859,0.09232044,0.08862762,395.4859,9491.6609,0.08862762,395.4859,395.4859,395.4859,395.4859,395.4859,9491.6609,0.08862762,1977.4294,1825.4372,7909.7174,8061.7096,0.07385635,0.07527557,0.00369282,690.9417,580.6730,63.7880,3295.7156,353.1124,35698.6561,51.6667,690.9417,,516.8849,689.1799,861.4749,861.4749,1119.9174,1292.2123,585.8029,0.0,1.625,1.875,1.002556,13,26,1,2,1.00000000,0.09232044,0.09232044,0E-8,0.000000,0.840408,1.000000,,2026-08-03,2026-08-05,3,28,19,3,1.000000,,1.000000,3.333333,,,,,,,,GLOBAL_BASELINE_NO_ENTITY_RANKING,,,NOT_APPLICABLE_GLOBAL_BASELINE,HF9g-P5,,,,X 全窗基线 · 不参与实体赏罚,15056664,1506,A168_HF9F_20260827_0900,2026-08-27 09:00:00
2026-08-05,153805768,789,0,861.4748449345,861.4748449345,861.4748449345,1.0000000,1,1,0.50665070000000000,0.506650700000,0.9867858985152569,0.9867858985152569,0.9867858985152569,0E-17,ELIGIBLE,R03b_20260811_FULL_v1,L1_ELIGIBILITY,v2026-08-11,2026-03-21..2026-08-06,baccarat_bet02_101_all_pairs_incl_sentinel,round_win = game_pnl > 0 (decisive only),COMPATIBILITY_ONLY_NOT_PRODUCTION,107095.9683,90004.3074,9887.1468,155,155,-0.09232044,-0.09232044,,-0.09232044,-9887.1468,107095.9683,OK,0.0000,395.4859,4.0000,96.0000,AG03-UNRESOLVED,ALL5_LEVELS_bet23_to_bet27,395.4859,395.4859,395.4859,395.4859,395.4859,4.000000,4.000000,4.000000,4.000000,4.000000,96.000000,96.000000,96.000000,96.000000,96.000000,5.0,1977.4294,1825.4372,7909.7174,8061.7096,PENDING_AG03,FALSE,NOT_FOR_ENFORCEMENT,9491.6609,86404.1351,9887.1468,9491.6609,395.4859,0.09232044,0.08862762,395.4859,9491.6609,0.08862762,395.4859,395.4859,395.4859,395.4859,395.4859,9491.6609,0.08862762,1977.4294,1825.4372,7909.7174,8061.7096,0.07385635,0.07527557,0.00369282,690.9417,580.6730,63.7880,3295.7156,353.1124,35698.6561,51.6667,690.9417,,516.8849,689.1799,861.4749,861.4749,1119.9174,1292.2123,585.8029,0.0,1.625,1.875,1.002556,13,26,1,2,1.00000000,0.09232044,0.09232044,0E-8,0.000000,0.840408,1.000000,,2026-08-03,2026-08-05,3,28,19,3,1.000000,,1.000000,3.333333,,,,,,,,GLOBAL_BASELINE_NO_ENTITY_RANKING,,,NOT_APPLICABLE_GLOBAL_BASELINE,HF9g-P5,,,,X 全窗基线 · 不参与实体赏罚,15056665,1506,A168_HF9F_20260827_0900,2026-08-27 09:00:00
2026-03-23,146711891,-1,1,1974.8795323485,-394.9759064697,-394.9759064697,0.5000000,10,9,0.49845863333333333,0.498458633333,0.008719328009411992,0.008719328011297618,0.008719328009411992,3.3333E-13,SENTINEL_DEALER,R03b_20260811_FULL_v1,L1_ELIGIBILITY,v2026-08-11,2026-03-21..2026-08-06,baccarat_bet02_101_all_pairs_incl_sentinel,round_win = game_pnl > 0 (decisive only),COMPATIBILITY_ONLY_NOT_PRODUCTION,161981.4376,145477.9019,9895.5916,610,586,-0.06109090,,-0.06109090,-0.06109090,-9895.5916,161981.4376,OK,0.0000,395.8237,4.0000,96.0000,AG03-UNRESOLVED,ALL5_LEVELS_bet23_to_bet27,395.8237,395.8237,395.8237,395.8237,395.8237,4.000000,4.000000,4.000000,4.000000,4.000000,96.000000,96.000000,96.000000,96.000000,96.000000,5.0,1979.1183,1826.9964,7916.4733,8068.5952,PENDING_AG03,FALSE,NOT_FOR_ENFORCEMENT,9499.7679,139658.7858,9895.5916,9499.7679,395.8237,0.06109090,0.05864726,395.8237,9499.7679,0.05864726,395.8237,395.8237,395.8237,395.8237,395.8237,9499.7679,0.05864726,1979.1183,1826.9964,7916.4733,8068.5952,0.04887272,0.04981185,0.00244364,265.5433,248.2558,16.8867,471.2186,46.4582,7713.4018,27.9048,,265.5433,130.8798,132.8436,523.5191,526.6345,579.298,1056.2184,131.6586,0.0,4.360753,7.950843,1.998918,28,109,27,6,0E-8,0.06109090,,0E-8,0.000000,0.898115,0.919672,,2026-03-23,2026-06-16,21,213,160,86,0.244186,,,0.000000,,,,,,,,GLOBAL_BASELINE_NO_ENTITY_RANKING,,,NOT_APPLICABLE_GLOBAL_BASELINE,HF9g-P5,,,,X 全窗基线 · 不参与实体赏罚,15056666,1506,A168_HF9F_20260827_0900,2026-08-27 09:00:00
2026-03-23,146711891,1210,0,120.3359928377,-120.3359928377,-120.3359928377,0E-7,2,2,0.50665070000000000,0.506650700000,-1.4331513700195317,-1.4331513700195317,-1.4331513700195317,0E-17,ELIGIBLE,R03b_20260811_FULL_v1,L1_ELIGIBILITY,v2026-08-11,2026-03-21..2026-08-06,baccarat_bet02_101_all_pairs_incl_sentinel,round_win = game_pnl > 0 (decisive only),COMPATIBILITY_ONLY_NOT_PRODUCTION,161981.4376,145477.9019,9895.5916,610,586,-0.06109090,,-0.06109090,-0.06109090,-9895.5916,161981.4376,OK,0.0000,395.8237,4.0000,96.0000,AG03-UNRESOLVED,ALL5_LEVELS_bet23_to_bet27,395.8237,395.8237,395.8237,395.8237,395.8237,4.000000,4.000000,4.000000,4.000000,4.000000,96.000000,96.000000,96.000000,96.000000,96.000000,5.0,1979.1183,1826.9964,7916.4733,8068.5952,PENDING_AG03,FALSE,NOT_FOR_ENFORCEMENT,9499.7679,139658.7858,9895.5916,9499.7679,395.8237,0.06109090,0.05864726,395.8237,9499.7679,0.05864726,395.8237,395.8237,395.8237,395.8237,395.8237,9499.7679,0.05864726,1979.1183,1826.9964,7916.4733,8068.5952,0.04887272,0.04981185,0.00244364,265.5433,248.2558,16.8867,471.2186,46.4582,7713.4018,27.9048,,265.5433,130.8798,132.8436,523.5191,526.6345,579.298,1056.2184,131.6586,0.0,4.360753,7.950843,1.998918,28,109,27,6,0E-8,0.06109090,,0E-8,0.000000,0.898115,0.919672,,2026-03-23,2026-06-16,21,213,160,86,0.244186,,,0.000000,,,,,,,,GLOBAL_BASELINE_NO_ENTITY_RANKING,,,NOT_APPLICABLE_GLOBAL_BASELINE,HF9g-P5,,,,X 全窗基线 · 不参与实体赏罚,15056667,1506,A168_HF9F_20260827_0900,2026-08-27 09:00:00
2026-03-23,146711891,1283,0,131.6586354899,131.6586354899,131.6586354899,1.0000000,1,1,0.50665070000000000,0.506650700000,0.9867858985152569,0.9867858985152569,0.9867858985152569,0E-17,ELIGIBLE,R03b_20260811_FULL_v1,L1_ELIGIBILITY,v2026-08-11,2026-03-21..2026-08-06,baccarat_bet02_101_all_pairs_incl_sentinel,round_win = game_pnl > 0 (decisive only),COMPATIBILITY_ONLY_NOT_PRODUCTION,161981.4376,145477.9019,9895.5916,610,586,-0.06109090,,-0.06109090,-0.06109090,-9895.5916,161981.4376,OK,0.0000,395.8237,4.0000,96.0000,AG03-UNRESOLVED,ALL5_LEVELS_bet23_to_bet27,395.8237,395.8237,395.8237,395.8237,395.8237,4.000000,4.000000,4.000000,4.000000,4.000000,96.000000,96.000000,96.000000,96.000000,96.000000,5.0,1979.1183,1826.9964,7916.4733,8068.5952,PENDING_AG03,FALSE,NOT_FOR_ENFORCEMENT,9499.7679,139658.7858,9895.5916,9499.7679,395.8237,0.06109090,0.05864726,395.8237,9499.7679,0.05864726,395.8237,395.8237,395.8237,395.8237,395.8237,9499.7679,0.05864726,1979.1183,1826.9964,7916.4733,8068.5952,0.04887272,0.04981185,0.00244364,265.5433,248.2558,16.8867,471.2186,46.4582,7713.4018,27.9048,,265.5433,130.8798,132.8436,523.5191,526.6345,579.298,1056.2184,131.6586,0.0,4.360753,7.950843,1.998918,28,109,27,6,0E-8,0.06109090,,0E-8,0.000000,0.898115,0.919672,,2026-03-23,2026-06-16,21,213,160,86,0.244186,,,0.000000,,,,,,,,GLOBAL_BASELINE_NO_ENTITY_RANKING,,,NOT_APPLICABLE_GLOBAL_BASELINE,HF9g-P5,,,,X 全窗基线 · 不参与实体赏罚,15056668,1506,A168_HF9F_20260827_0900,2026-08-27 09:00:00
2026-03-23,146711891,1291,0,264.8971746057,-264.8971746057,-264.8971746057,0E-7,2,2,0.49994810000000000,0.499948100000,-1.4140667746232096,-1.4140667746232096,-1.4140667746232096,0E-17,ELIGIBLE,R03b_20260811_FULL_v1,L1_ELIGIBILITY,v2026-08-11,2026-03-21..2026-08-06,baccarat_bet02_101_all_pairs_incl_sentinel,round_win = game_pnl > 0 (decisive only),COMPATIBILITY_ONLY_NOT_PRODUCTION,161981.4376,145477.9019,9895.5916,610,586,-0.06109090,,-0.06109090,-0.06109090,-9895.5916,161981.4376,OK,0.0000,395.8237,4.0000,96.0000,AG03-UNRESOLVED,ALL5_LEVELS_bet23_to_bet27,395.8237,395.8237,395.8237,395.8237,395.8237,4.000000,4.000000,4.000000,4.000000,4.000000,96.000000,96.000000,96.000000,96.000000,96.000000,5.0,1979.1183,1826.9964,7916.4733,8068.5952,PENDING_AG03,FALSE,NOT_FOR_ENFORCEMENT,9499.7679,139658.7858,9895.5916,9499.7679,395.8237,0.06109090,0.05864726,395.8237,9499.7679,0.05864726,395.8237,395.8237,395.8237,395.8237,395.8237,9499.7679,0.05864726,1979.1183,1826.9964,7916.4733,8068.5952,0.04887272,0.04981185,0.00244364,265.5433,248.2558,16.8867,471.2186,46.4582,7713.4018,27.9048,,265.5433,130.8798,132.8436,523.5191,526.6345,579.298,1056.2184,131.6586,0.0,4.360753,7.950843,1.998918,28,109,27,6,0E-8,0.06109090,,0E-8,0.000000,0.898115,0.919672,,2026-03-23,2026-06-16,21,213,160,86,0.244186,,,0.000000,,,,,,,,GLOBAL_BASELINE_NO_ENTITY_RANKING,,,NOT_APPLICABLE_GLOBAL_BASELINE,HF9g-P5,,,,X 全窗基线 · 不参与实体赏罚,15056669,1506,A168_HF9F_20260827_0900,2026-08-27 09:00:00
2026-03-23,146711891,1306,0,1053.2690839192,0E-10,0E-10,0.5000000,2,2,0.49994810000000000,0.499948100000,0.00014679536856514622,0.00014679536856514622,0.00014679536856514622,0E-17,ELIGIBLE,R03b_20260811_FULL_v1,L1_ELIGIBILITY,v2026-08-11,2026-03-21..2026-08-06,baccarat_bet02_101_all_pairs_incl_sentinel,round_win = game_pnl > 0 (decisive only),COMPATIBILITY_ONLY_NOT_PRODUCTION,161981.4376,145477.9019,9895.5916,610,586,-0.06109090,,-0.06109090,-0.06109090,-9895.5916,161981.4376,OK,0.0000,395.8237,4.0000,96.0000,AG03-UNRESOLVED,ALL5_LEVELS_bet23_to_bet27,395.8237,395.8237,395.8237,395.8237,395.8237,4.000000,4.000000,4.000000,4.000000,4.000000,96.000000,96.000000,96.000000,96.000000,96.000000,5.0,1979.1183,1826.9964,7916.4733,8068.5952,PENDING_AG03,FALSE,NOT_FOR_ENFORCEMENT,9499.7679,139658.7858,9895.5916,9499.7679,395.8237,0.06109090,0.05864726,395.8237,9499.7679,0.05864726,395.8237,395.8237,395.8237,395.8237,395.8237,9499.7679,0.05864726,1979.1183,1826.9964,7916.4733,8068.5952,0.04887272,0.04981185,0.00244364,265.5433,248.2558,16.8867,471.2186,46.4582,7713.4018,27.9048,,265.5433,130.8798,132.8436,523.5191,526.6345,579.298,1056.2184,131.6586,0.0,4.360753,7.950843,1.998918,28,109,27,6,0E-8,0.06109090,,0E-8,0.000000,0.898115,0.919672,,2026-03-23,2026-06-16,21,213,160,86,0.244186,,,0.000000,,,,,,,,GLOBAL_BASELINE_NO_ENTITY_RANKING,,,NOT_APPLICABLE_GLOBAL_BASELINE,HF9g-P5,,,,X 全窗基线 · 不参与实体赏罚,15056670,1506,A168_HF9F_20260827_0900,2026-08-27 09:00:00
2026-03-23,146711891,1363,0,134.2918081997,-134.2918081997,-134.2918081997,0E-7,1,1,0.49324550000000000,0.493245500000,-0.9865810262130424,-0.9865810262130424,-0.9865810262130424,0E-17,ELIGIBLE,R03b_20260811_FULL_v1,L1_ELIGIBILITY,v2026-08-11,2026-03-21..2026-08-06,baccarat_bet02_101_all_pairs_incl_sentinel,round_win = game_pnl > 0 (decisive only),COMPATIBILITY_ONLY_NOT_PRODUCTION,161981.4376,145477.9019,9895.5916,610,586,-0.06109090,,-0.06109090,-0.06109090,-9895.5916,161981.4376,OK,0.0000,395.8237,4.0000,96.0000,AG03-UNRESOLVED,ALL5_LEVELS_bet23_to_bet27,395.8237,395.8237,395.8237,395.8237,395.8237,4.000000,4.000000,4.000000,4.000000,4.000000,96.000000,96.000000,96.000000,96.000000,96.000000,5.0,1979.1183,1826.9964,7916.4733,8068.5952,PENDING_AG03,FALSE,NOT_FOR_ENFORCEMENT,9499.7679,139658.7858,9895.5916,9499.7679,395.8237,0.06109090,0.05864726,395.8237,9499.7679,0.05864726,395.8237,395.8237,395.8237,395.8237,395.8237,9499.7679,0.05864726,1979.1183,1826.9964,7916.4733,8068.5952,0.04887272,0.04981185,0.00244364,265.5433,248.2558,16.8867,471.2186,46.4582,7713.4018,27.9048,,265.5433,130.8798,132.8436,523.5191,526.6345,579.298,1056.2184,131.6586,0.0,4.360753,7.950843,1.998918,28,109,27,6,0E-8,0.06109090,,0E-8,0.000000,0.898115,0.919672,,2026-03-23,2026-06-16,21,213,160,86,0.244186,,,0.000000,,,,,,,,GLOBAL_BASELINE_NO_ENTITY_RANKING,,,NOT_APPLICABLE_GLOBAL_BASELINE,HF9g-P5,,,,X 全窗基线 · 不参与实体赏罚,15056671,1506,A168_HF9F_20260827_0900,2026-08-27 09:00:00
2026-03-23,146711891,1382,0,263.3172709798,263.3172709798,263.3172709798,1.0000000,1,1,0.50665070000000000,0.506650700000,0.9867858985152569,0.9867858985152569,0.9867858985152569,0E-17,ELIGIBLE,R03b_20260811_FULL_v1,L1_ELIGIBILITY,v2026-08-11,2026-03-21..2026-08-06,baccarat_bet02_101_all_pairs_incl_sentinel,round_win = game_pnl > 0 (decisive only),COMPATIBILITY_ONLY_NOT_PRODUCTION,161981.4376,145477.9019,9895.5916,610,586,-0.06109090,,-0.06109090,-0.06109090,-9895.5916,161981.4376,OK,0.0000,395.8237,4.0000,96.0000,AG03-UNRESOLVED,ALL5_LEVELS_bet23_to_bet27,395.8237,395.8237,395.8237,395.8237,395.8237,4.000000,4.000000,4.000000,4.000000,4.000000,96.000000,96.000000,96.000000,96.000000,96.000000,5.0,1979.1183,1826.9964,7916.4733,8068.5952,PENDING_AG03,FALSE,NOT_FOR_ENFORCEMENT,9499.7679,139658.7858,9895.5916,9499.7679,395.8237,0.06109090,0.05864726,395.8237,9499.7679,0.05864726,395.8237,395.8237,395.8237,395.8237,395.8237,9499.7679,0.05864726,1979.1183,1826.9964,7916.4733,8068.5952,0.04887272,0.04981185,0.00244364,265.5433,248.2558,16.8867,471.2186,46.4582,7713.4018,27.9048,,265.5433,130.8798,132.8436,523.5191,526.6345,579.298,1056.2184,131.6586,0.0,4.360753,7.950843,1.998918,28,109,27,6,0E-8,0.06109090,,0E-8,0.000000,0.898115,0.919672,,2026-03-23,2026-06-16,21,213,160,86,0.244186,,,0.000000,,,,,,,,GLOBAL_BASELINE_NO_ENTITY_RANKING,,,NOT_APPLICABLE_GLOBAL_BASELINE,HF9g-P5,,,,X 全窗基线 · 不参与实体赏罚,15056672,1506,A168_HF9F_20260827_0900,2026-08-27 09:00:00
2026-03-23,146711891,1385,0,263.3172709798,0E-10,0E-10,,2,2,0.50665070000000000,0.506650700000,,,,0E-17,NO_DECISIVE_ROUND,R03b_20260811_FULL_v1,L1_ELIGIBILITY,v2026-08-11,2026-03-21..2026-08-06,baccarat_bet02_101_all_pairs_incl_sentinel,round_win = game_pnl > 0 (decisive only),COMPATIBILITY_ONLY_NOT_PRODUCTION,161981.4376,145477.9019,9895.5916,610,586,-0.06109090,,-0.06109090,-0.06109090,-9895.5916,161981.4376,OK,0.0000,395.8237,4.0000,96.0000,AG03-UNRESOLVED,ALL5_LEVELS_bet23_to_bet27,395.8237,395.8237,395.8237,395.8237,395.8237,4.000000,4.000000,4.000000,4.000000,4.000000,96.000000,96.000000,96.000000,96.000000,96.000000,5.0,1979.1183,1826.9964,7916.4733,8068.5952,PENDING_AG03,FALSE,NOT_FOR_ENFORCEMENT,9499.7679,139658.7858,9895.5916,9499.7679,395.8237,0.06109090,0.05864726,395.8237,9499.7679,0.05864726,395.8237,395.8237,395.8237,395.8237,395.8237,9499.7679,0.05864726,1979.1183,1826.9964,7916.4733,8068.5952,0.04887272,0.04981185,0.00244364,265.5433,248.2558,16.8867,471.2186,46.4582,7713.4018,27.9048,,265.5433,130.8798,132.8436,523.5191,526.6345,579.298,1056.2184,131.6586,0.0,4.360753,7.950843,1.998918,28,109,27,6,0E-8,0.06109090,,0E-8,0.000000,0.898115,0.919672,,2026-03-23,2026-06-16,21,213,160,86,0.244186,,,0.000000,,,,,,,,GLOBAL_BASELINE_NO_ENTITY_RANKING,,,NOT_APPLICABLE_GLOBAL_BASELINE,HF9g-P5,,,,X 全窗基线 · 不参与实体赏罚,15056673,1506,A168_HF9F_20260827_0900,2026-08-27 09:00:00
2026-03-23,146711891,1396,0,204.8608368223,204.8608368223,204.8608368223,1.0000000,3,3,0.50665070000000000,0.506650700000,1.7091633124209307,1.7091633124209307,1.7091633124209307,0E-17,ELIGIBLE,R03b_20260811_FULL_v1,L1_ELIGIBILITY,v2026-08-11,2026-03-21..2026-08-06,baccarat_bet02_101_all_pairs_incl_sentinel,round_win = game_pnl > 0 (decisive only),COMPATIBILITY_ONLY_NOT_PRODUCTION,161981.4376,145477.9019,9895.5916,610,586,-0.06109090,,-0.06109090,-0.06109090,-9895.5916,161981.4376,OK,0.0000,395.8237,4.0000,96.0000,AG03-UNRESOLVED,ALL5_LEVELS_bet23_to_bet27,395.8237,395.8237,395.8237,395.8237,395.8237,4.000000,4.000000,4.000000,4.000000,4.000000,96.000000,96.000000,96.000000,96.000000,96.000000,5.0,1979.1183,1826.9964,7916.4733,8068.5952,PENDING_AG03,FALSE,NOT_FOR_ENFORCEMENT,9499.7679,139658.7858,9895.5916,9499.7679,395.8237,0.06109090,0.05864726,395.8237,9499.7679,0.05864726,395.8237,395.8237,395.8237,395.8237,395.8237,9499.7679,0.05864726,1979.1183,1826.9964,7916.4733,8068.5952,0.04887272,0.04981185,0.00244364,265.5433,248.2558,16.8867,471.2186,46.4582,7713.4018,27.9048,,265.5433,130.8798,132.8436,523.5191,526.6345,579.298,1056.2184,131.6586,0.0,4.360753,7.950843,1.998918,28,109,27,6,0E-8,0.06109090,,0E-8,0.000000,0.898115,0.919672,,2026-03-23,2026-06-16,21,213,160,86,0.244186,,,0.000000,,,,,,,,GLOBAL_BASELINE_NO_ENTITY_RANKING,,,NOT_APPLICABLE_GLOBAL_BASELINE,HF9g-P5,,,,X 全窗基线 · 不参与实体赏罚,15056674,1506,A168_HF9F_20260827_0900,2026-08-27 09:00:00
2026-03-23,146711891,1400,0,263.3172709798,263.3172709798,263.3172709798,1.0000000,1,1,0.49324550000000000,0.493245500000,1.01360149184955,1.01360149184955,1.01360149184955,0E-17,ELIGIBLE,R03b_20260811_FULL_v1,L1_ELIGIBILITY,v2026-08-11,2026-03-21..2026-08-06,baccarat_bet02_101_all_pairs_incl_sentinel,round_win = game_pnl > 0 (decisive only),COMPATIBILITY_ONLY_NOT_PRODUCTION,161981.4376,145477.9019,9895.5916,610,586,-0.06109090,,-0.06109090,-0.06109090,-9895.5916,161981.4376,OK,0.0000,395.8237,4.0000,96.0000,AG03-UNRESOLVED,ALL5_LEVELS_bet23_to_bet27,395.8237,395.8237,395.8237,395.8237,395.8237,4.000000,4.000000,4.000000,4.000000,4.000000,96.000000,96.000000,96.000000,96.000000,96.000000,5.0,1979.1183,1826.9964,7916.4733,8068.5952,PENDING_AG03,FALSE,NOT_FOR_ENFORCEMENT,9499.7679,139658.7858,9895.5916,9499.7679,395.8237,0.06109090,0.05864726,395.8237,9499.7679,0.05864726,395.8237,395.8237,395.8237,395.8237,395.8237,9499.7679,0.05864726,1979.1183,1826.9964,7916.4733,8068.5952,0.04887272,0.04981185,0.00244364,265.5433,248.2558,16.8867,471.2186,46.4582,7713.4018,27.9048,,265.5433,130.8798,132.8436,523.5191,526.6345,579.298,1056.2184,131.6586,0.0,4.360753,7.950843,1.998918,28,109,27,6,0E-8,0.06109090,,0E-8,0.000000,0.898115,0.919672,,2026-03-23,2026-06-16,21,213,160,86,0.244186,,,0.000000,,,,,,,,GLOBAL_BASELINE_NO_ENTITY_RANKING,,,NOT_APPLICABLE_GLOBAL_BASELINE,HF9g-P5,,,,X 全窗基线 · 不参与实体赏罚,15056675,1506,A168_HF9F_20260827_0900,2026-08-27 09:00:00
2026-03-23,146711891,1401,0,1843.2208968586,-526.6345419596,-526.6345419596,0.3333333,4,4,0.50329940000000000,0.503299400000,-0.5887925454369916,-0.5887925454369916,-0.5887925454369916,0E-17,ELIGIBLE,R03b_20260811_FULL_v1,L1_ELIGIBILITY,v2026-08-11,2026-03-21..2026-08-06,baccarat_bet02_101_all_pairs_incl_sentinel,round_win = game_pnl > 0 (decisive only),COMPATIBILITY_ONLY_NOT_PRODUCTION,161981.4376,145477.9019,9895.5916,610,586,-0.06109090,,-0.06109090,-0.06109090,-9895.5916,161981.4376,OK,0.0000,395.8237,4.0000,96.0000,AG03-UNRESOLVED,ALL5_LEVELS_bet23_to_bet27,395.8237,395.8237,395.8237,395.8237,395.8237,4.000000,4.000000,4.000000,4.000000,4.000000,96.000000,96.000000,96.000000,96.000000,96.000000,5.0,1979.1183,1826.9964,7916.4733,8068.5952,PENDING_AG03,FALSE,NOT_FOR_ENFORCEMENT,9499.7679,139658.7858,9895.5916,9499.7679,395.8237,0.06109090,0.05864726,395.8237,9499.7679,0.05864726,395.8237,395.8237,395.8237,395.8237,395.8237,9499.7679,0.05864726,1979.1183,1826.9964,7916.4733,8068.5952,0.04887272,0.04981185,0.00244364,265.5433,248.2558,16.8867,471.2186,46.4582,7713.4018,27.9048,,265.5433,130.8798,132.8436,523.5191,526.6345,579.298,1056.2184,131.6586,0.0,4.360753,7.950843,1.998918,28,109,27,6,0E-8,0.06109090,,0E-8,0.000000,0.898115,0.919672,,2026-03-23,2026-06-16,21,213,160,86,0.244186,,,0.000000,,,,,,,,GLOBAL_BASELINE_NO_ENTITY_RANKING,,,NOT_APPLICABLE_GLOBAL_BASELINE,HF9g-P5,,,,X 全窗基线 · 不参与实体赏罚,15056676,1506,A168_HF9F_20260827_0900,2026-08-27 09:00:00
2026-03-23,146711891,1491,0,955.8416936567,-255.4177528505,-255.4177528505,0.2500000,4,4,0.49324550000000000,0.493245500000,-0.9730707933947887,-0.9730707933947887,-0.9730707933947887,0E-17,ELIGIBLE,R03b_20260811_FULL_v1,L1_ELIGIBILITY,v2026-08-11,2026-03-21..2026-08-06,baccarat_bet02_101_all_pairs_incl_sentinel,round_win = game_pnl > 0 (decisive only),COMPATIBILITY_ONLY_NOT_PRODUCTION,161981.4376,145477.9019,9895.5916,610,586,-0.06109090,,-0.06109090,-0.06109090,-9895.5916,161981.4376,OK,0.0000,395.8237,4.0000,96.0000,AG03-UNRESOLVED,ALL5_LEVELS_bet23_to_bet27,395.8237,395.8237,395.8237,395.8237,395.8237,4.000000,4.000000,4.000000,4.000000,4.000000,96.000000,96.000000,96.000000,96.000000,96.000000,5.0,1979.1183,1826.9964,7916.4733,8068.5952,PENDING_AG03,FALSE,NOT_FOR_ENFORCEMENT,9499.7679,139658.7858,9895.5916,9499.7679,395.8237,0.06109090,0.05864726,395.8237,9499.7679,0.05864726,395.8237,395.8237,395.8237,395.8237,395.8237,9499.7679,0.05864726,1979.1183,1826.9964,7916.4733,8068.5952,0.04887272,0.04981185,0.00244364,265.5433,248.2558,16.8867,471.2186,46.4582,7713.4018,27.9048,,265.5433,130.8798,132.8436,523.5191,526.6345,579.298,1056.2184,131.6586,0.0,4.360753,7.950843,1.998918,28,109,27,6,0E-8,0.06109090,,0E-8,0.000000,0.898115,0.919672,,2026-03-23,2026-06-16,21,213,160,86,0.244186,,,0.000000,,,,,,,,GLOBAL_BASELINE_NO_ENTITY_RANKING,,,NOT_APPLICABLE_GLOBAL_BASELINE,HF9g-P5,,,,X 全窗基线 · 不参与实体赏罚,15056677,1506,A168_HF9F_20260827_0900,2026-08-27 09:00:00
2026-03-23,146711891,1957,0,421.3076335677,147.4576717487,147.4576717487,0.6666667,3,3,0.50218230000000000,0.502182300000,0.5697959874915163,0.5697959874915164,0.5697959874915163,0E-17,ELIGIBLE,R03b_20260811_FULL_v1,L1_ELIGIBILITY,v2026-08-11,2026-03-21..2026-08-06,baccarat_bet02_101_all_pairs_incl_sentinel,round_win = game_pnl > 0 (decisive only),COMPATIBILITY_ONLY_NOT_PRODUCTION,161981.4376,145477.9019,9895.5916,610,586,-0.06109090,,-0.06109090,-0.06109090,-9895.5916,161981.4376,OK,0.0000,395.8237,4.0000,96.0000,AG03-UNRESOLVED,ALL5_LEVELS_bet23_to_bet27,395.8237,395.8237,395.8237,395.8237,395.8237,4.000000,4.000000,4.000000,4.000000,4.000000,96.000000,96.000000,96.000000,96.000000,96.000000,5.0,1979.1183,1826.9964,7916.4733,8068.5952,PENDING_AG03,FALSE,NOT_FOR_ENFORCEMENT,9499.7679,139658.7858,9895.5916,9499.7679,395.8237,0.06109090,0.05864726,395.8237,9499.7679,0.05864726,395.8237,395.8237,395.8237,395.8237,395.8237,9499.7679,0.05864726,1979.1183,1826.9964,7916.4733,8068.5952,0.04887272,0.04981185,0.00244364,265.5433,248.2558,16.8867,471.2186,46.4582,7713.4018,27.9048,,265.5433,130.8798,132.8436,523.5191,526.6345,579.298,1056.2184,131.6586,0.0,4.360753,7.950843,1.998918,28,109,27,6,0E-8,0.06109090,,0E-8,0.000000,0.898115,0.919672,,2026-03-23,2026-06-16,21,213,160,86,0.244186,,,0.000000,,,,,,,,GLOBAL_BASELINE_NO_ENTITY_RANKING,,,NOT_APPLICABLE_GLOBAL_BASELINE,HF9g-P5,,,,X 全窗基线 · 不参与实体赏罚,15056678,1506,A168_HF9F_20260827_0900,2026-08-27 09:00:00
2026-03-23,146711891,1963,0,131.6586354899,-131.6586354899,-131.6586354899,0E-7,1,1,0.49324550000000000,0.493245500000,-0.9865810262130424,-0.9865810262130424,-0.9865810262130424,0E-17,ELIGIBLE,R03b_20260811_FULL_v1,L1_ELIGIBILITY,v2026-08-11,2026-03-21..2026-08-06,baccarat_bet02_101_all_pairs_incl_sentinel,round_win = game_pnl > 0 (decisive only),COMPATIBILITY_ONLY_NOT_PRODUCTION,161981.4376,145477.9019,9895.5916,610,586,-0.06109090,,-0.06109090,-0.06109090,-9895.5916,161981.4376,OK,0.0000,395.8237,4.0000,96.0000,AG03-UNRESOLVED,ALL5_LEVELS_bet23_to_bet27,395.8237,395.8237,395.8237,395.8237,395.8237,4.000000,4.000000,4.000000,4.000000,4.000000,96.000000,96.000000,96.000000,96.000000,96.000000,5.0,1979.1183,1826.9964,7916.4733,8068.5952,PENDING_AG03,FALSE,NOT_FOR_ENFORCEMENT,9499.7679,139658.7858,9895.5916,9499.7679,395.8237,0.06109090,0.05864726,395.8237,9499.7679,0.05864726,395.8237,395.8237,395.8237,395.8237,395.8237,9499.7679,0.05864726,1979.1183,1826.9964,7916.4733,8068.5952,0.04887272,0.04981185,0.00244364,265.5433,248.2558,16.8867,471.2186,46.4582,7713.4018,27.9048,,265.5433,130.8798,132.8436,523.5191,526.6345,579.298,1056.2184,131.6586,0.0,4.360753,7.950843,1.998918,28,109,27,6,0E-8,0.06109090,,0E-8,0.000000,0.898115,0.919672,,2026-03-23,2026-06-16,21,213,160,86,0.244186,,,0.000000,,,,,,,,GLOBAL_BASELINE_NO_ENTITY_RANKING,,,NOT_APPLICABLE_GLOBAL_BASELINE,HF9g-P5,,,,X 全窗基线 · 不参与实体赏罚,15056679,1506,A168_HF9F_20260827_0900,2026-08-27 09:00:00
2026-03-23,146711891,1991,0,263.3172709798,-263.3172709798,-263.3172709798,0E-7,1,1,0.50665070000000000,0.506650700000,-1.013391052207602,-1.013391052207602,-1.013391052207602,0E-17,ELIGIBLE,R03b_20260811_FULL_v1,L1_ELIGIBILITY,v2026-08-11,2026-03-21..2026-08-06,baccarat_bet02_101_all_pairs_incl_sentinel,round_win = game_pnl > 0 (decisive only),COMPATIBILITY_ONLY_NOT_PRODUCTION,161981.4376,145477.9019,9895.5916,610,586,-0.06109090,,-0.06109090,-0.06109090,-9895.5916,161981.4376,OK,0.0000,395.8237,4.0000,96.0000,AG03-UNRESOLVED,ALL5_LEVELS_bet23_to_bet27,395.8237,395.8237,395.8237,395.8237,395.8237,4.000000,4.000000,4.000000,4.000000,4.000000,96.000000,96.000000,96.000000,96.000000,96.000000,5.0,1979.1183,1826.9964,7916.4733,8068.5952,PENDING_AG03,FALSE,NOT_FOR_ENFORCEMENT,9499.7679,139658.7858,9895.5916,9499.7679,395.8237,0.06109090,0.05864726,395.8237,9499.7679,0.05864726,395.8237,395.8237,395.8237,395.8237,395.8237,9499.7679,0.05864726,1979.1183,1826.9964,7916.4733,8068.5952,0.04887272,0.04981185,0.00244364,265.5433,248.2558,16.8867,471.2186,46.4582,7713.4018,27.9048,,265.5433,130.8798,132.8436,523.5191,526.6345,579.298,1056.2184,131.6586,0.0,4.360753,7.950843,1.998918,28,109,27,6,0E-8,0.06109090,,0E-8,0.000000,0.898115,0.919672,,2026-03-23,2026-06-16,21,213,160,86,0.244186,,,0.000000,,,,,,,,GLOBAL_BASELINE_NO_ENTITY_RANKING,,,NOT_APPLICABLE_GLOBAL_BASELINE,HF9g-P5,,,,X 全窗基线 · 不参与实体赏罚,15056680,1506,A168_HF9F_20260827_0900,2026-08-27 09:00:00
2026-03-23,146711891,2117,0,921.6104484293,131.6586354899,131.6586354899,0.5000000,5,5,0.50396966000000000,0.503969660000,-0.011228247899560234,-0.011228247899560234,-0.011228247899560234,0E-17,ELIGIBLE,R03b_20260811_FULL_v1,L1_ELIGIBILITY,v2026-08-11,2026-03-21..2026-08-06,baccarat_bet02_101_all_pairs_incl_sentinel,round_win = game_pnl > 0 (decisive only),COMPATIBILITY_ONLY_NOT_PRODUCTION,161981.4376,145477.9019,9895.5916,610,586,-0.06109090,,-0.06109090,-0.06109090,-9895.5916,161981.4376,OK,0.0000,395.8237,4.0000,96.0000,AG03-UNRESOLVED,ALL5_LEVELS_bet23_to_bet27,395.8237,395.8237,395.8237,395.8237,395.8237,4.000000,4.000000,4.000000,4.000000,4.000000,96.000000,96.000000,96.000000,96.000000,96.000000,5.0,1979.1183,1826.9964,7916.4733,8068.5952,PENDING_AG03,FALSE,NOT_FOR_ENFORCEMENT,9499.7679,139658.7858,9895.5916,9499.7679,395.8237,0.06109090,0.05864726,395.8237,9499.7679,0.05864726,395.8237,395.8237,395.8237,395.8237,395.8237,9499.7679,0.05864726,1979.1183,1826.9964,7916.4733,8068.5952,0.04887272,0.04981185,0.00244364,265.5433,248.2558,16.8867,471.2186,46.4582,7713.4018,27.9048,,265.5433,130.8798,132.8436,523.5191,526.6345,579.298,1056.2184,131.6586,0.0,4.360753,7.950843,1.998918,28,109,27,6,0E-8,0.06109090,,0E-8,0.000000,0.898115,0.919672,,2026-03-23,2026-06-16,21,213,160,86,0.244186,,,0.000000,,,,,,,,GLOBAL_BASELINE_NO_ENTITY_RANKING,,,NOT_APPLICABLE_GLOBAL_BASELINE,HF9g-P5,,,,X 全窗基线 · 不参与实体赏罚,15056681,1506,A168_HF9F_20260827_0900,2026-08-27 09:00:00
2026-03-23,146711891,2129,0,132.4485873028,132.4485873028,132.4485873028,1.0000000,1,1,0.50665070000000000,0.506650700000,0.9867858985152569,0.9867858985152569,0.9867858985152569,0E-17,ELIGIBLE,R03b_20260811_FULL_v1,L1_ELIGIBILITY,v2026-08-11,2026-03-21..2026-08-06,baccarat_bet02_101_all_pairs_incl_sentinel,round_win = game_pnl > 0 (decisive only),COMPATIBILITY_ONLY_NOT_PRODUCTION,161981.4376,145477.9019,9895.5916,610,586,-0.06109090,,-0.06109090,-0.06109090,-9895.5916,161981.4376,OK,0.0000,395.8237,4.0000,96.0000,AG03-UNRESOLVED,ALL5_LEVELS_bet23_to_bet27,395.8237,395.8237,395.8237,395.8237,395.8237,4.000000,4.000000,4.000000,4.000000,4.000000,96.000000,96.000000,96.000000,96.000000,96.000000,5.0,1979.1183,1826.9964,7916.4733,8068.5952,PENDING_AG03,FALSE,NOT_FOR_ENFORCEMENT,9499.7679,139658.7858,9895.5916,9499.7679,395.8237,0.06109090,0.05864726,395.8237,9499.7679,0.05864726,395.8237,395.8237,395.8237,395.8237,395.8237,9499.7679,0.05864726,1979.1183,1826.9964,7916.4733,8068.5952,0.04887272,0.04981185,0.00244364,265.5433,248.2558,16.8867,471.2186,46.4582,7713.4018,27.9048,,265.5433,130.8798,132.8436,523.5191,526.6345,579.298,1056.2184,131.6586,0.0,4.360753,7.950843,1.998918,28,109,27,6,0E-8,0.06109090,,0E-8,0.000000,0.898115,0.919672,,2026-03-23,2026-06-16,21,213,160,86,0.244186,,,0.000000,,,,,,,,GLOBAL_BASELINE_NO_ENTITY_RANKING,,,NOT_APPLICABLE_GLOBAL_BASELINE,HF9g-P5,,,,X 全窗基线 · 不参与实体赏罚,15056682,1506,A168_HF9F_20260827_0900,2026-08-27 09:00:00
2026-03-23,146711891,2141,0,131.6586354899,131.6586354899,131.6586354899,1.0000000,1,1,0.49324550000000000,0.493245500000,1.01360149184955,1.01360149184955,1.01360149184955,0E-17,ELIGIBLE,R03b_20260811_FULL_v1,L1_ELIGIBILITY,v2026-08-11,2026-03-21..2026-08-06,baccarat_bet02_101_all_pairs_incl_sentinel,round_win = game_pnl > 0 (decisive only),COMPATIBILITY_ONLY_NOT_PRODUCTION,161981.4376,145477.9019,9895.5916,610,586,-0.06109090,,-0.06109090,-0.06109090,-9895.5916,161981.4376,OK,0.0000,395.8237,4.0000,96.0000,AG03-UNRESOLVED,ALL5_LEVELS_bet23_to_bet27,395.8237,395.8237,395.8237,395.8237,395.8237,4.000000,4.000000,4.000000,4.000000,4.000000,96.000000,96.000000,96.000000,96.000000,96.000000,5.0,1979.1183,1826.9964,7916.4733,8068.5952,PENDING_AG03,FALSE,NOT_FOR_ENFORCEMENT,9499.7679,139658.7858,9895.5916,9499.7679,395.8237,0.06109090,0.05864726,395.8237,9499.7679,0.05864726,395.8237,395.8237,395.8237,395.8237,395.8237,9499.7679,0.05864726,1979.1183,1826.9964,7916.4733,8068.5952,0.04887272,0.04981185,0.00244364,265.5433,248.2558,16.8867,471.2186,46.4582,7713.4018,27.9048,,265.5433,130.8798,132.8436,523.5191,526.6345,579.298,1056.2184,131.6586,0.0,4.360753,7.950843,1.998918,28,109,27,6,0E-8,0.06109090,,0E-8,0.000000,0.898115,0.919672,,2026-03-23,2026-06-16,21,213,160,86,0.244186,,,0.000000,,,,,,,,GLOBAL_BASELINE_NO_ENTITY_RANKING,,,NOT_APPLICABLE_GLOBAL_BASELINE,HF9g-P5,,,,X 全窗基线 · 不参与实体赏罚,15056683,1506,A168_HF9F_20260827_0900,2026-08-27 09:00:00
2026-03-23,146711891,2160,0,131.6586354899,-131.6586354899,-131.6586354899,0E-7,1,1,0.50665070000000000,0.506650700000,-1.013391052207602,-1.013391052207602,-1.013391052207602,0E-17,ELIGIBLE,R03b_20260811_FULL_v1,L1_ELIGIBILITY,v2026-08-11,2026-03-21..2026-08-06,baccarat_bet02_101_all_pairs_incl_sentinel,round_win = game_pnl > 0 (decisive only),COMPATIBILITY_ONLY_NOT_PRODUCTION,161981.4376,145477.9019,9895.5916,610,586,-0.06109090,,-0.06109090,-0.06109090,-9895.5916,161981.4376,OK,0.0000,395.8237,4.0000,96.0000,AG03-UNRESOLVED,ALL5_LEVELS_bet23_to_bet27,395.8237,395.8237,395.8237,395.8237,395.8237,4.000000,4.000000,4.000000,4.000000,4.000000,96.000000,96.000000,96.000000,96.000000,96.000000,5.0,1979.1183,1826.9964,7916.4733,8068.5952,PENDING_AG03,FALSE,NOT_FOR_ENFORCEMENT,9499.7679,139658.7858,9895.5916,9499.7679,395.8237,0.06109090,0.05864726,395.8237,9499.7679,0.05864726,395.8237,395.8237,395.8237,395.8237,395.8237,9499.7679,0.05864726,1979.1183,1826.9964,7916.4733,8068.5952,0.04887272,0.04981185,0.00244364,265.5433,248.2558,16.8867,471.2186,46.4582,7713.4018,27.9048,,265.5433,130.8798,132.8436,523.5191,526.6345,579.298,1056.2184,131.6586,0.0,4.360753,7.950843,1.998918,28,109,27,6,0E-8,0.06109090,,0E-8,0.000000,0.898115,0.919672,,2026-03-23,2026-06-16,21,213,160,86,0.244186,,,0.000000,,,,,,,,GLOBAL_BASELINE_NO_ENTITY_RANKING,,,NOT_APPLICABLE_GLOBAL_BASELINE,HF9g-P5,,,,X 全窗基线 · 不参与实体赏罚,15056684,1506,A168_HF9F_20260827_0900,2026-08-27 09:00:00
2026-03-23,146711891,2170,0,143.5079126840,119.8093582958,119.8093582958,0.5000000,2,2,0.27340345000000000,0.273403450000,0.7189846693536254,0.7189846693536254,0.7189846693536254,0E-17,ELIGIBLE,R03b_20260811_FULL_v1,L1_ELIGIBILITY,v2026-08-11,2026-03-21..2026-08-06,baccarat_bet02_101_all_pairs_incl_sentinel,round_win = game_pnl > 0 (decisive only),COMPATIBILITY_ONLY_NOT_PRODUCTION,161981.4376,145477.9019,9895.5916,610,586,-0.06109090,,-0.06109090,-0.06109090,-9895.5916,161981.4376,OK,0.0000,395.8237,4.0000,96.0000,AG03-UNRESOLVED,ALL5_LEVELS_bet23_to_bet27,395.8237,395.8237,395.8237,395.8237,395.8237,4.000000,4.000000,4.000000,4.000000,4.000000,96.000000,96.000000,96.000000,96.000000,96.000000,5.0,1979.1183,1826.9964,7916.4733,8068.5952,PENDING_AG03,FALSE,NOT_FOR_ENFORCEMENT,9499.7679,139658.7858,9895.5916,9499.7679,395.8237,0.06109090,0.05864726,395.8237,9499.7679,0.05864726,395.8237,395.8237,395.8237,395.8237,395.8237,9499.7679,0.05864726,1979.1183,1826.9964,7916.4733,8068.5952,0.04887272,0.04981185,0.00244364,265.5433,248.2558,16.8867,471.2186,46.4582,7713.4018,27.9048,,265.5433,130.8798,132.8436,523.5191,526.6345,579.298,1056.2184,131.6586,0.0,4.360753,7.950843,1.998918,28,109,27,6,0E-8,0.06109090,,0E-8,0.000000,0.898115,0.919672,,2026-03-23,2026-06-16,21,213,160,86,0.244186,,,0.000000,,,,,,,,GLOBAL_BASELINE_NO_ENTITY_RANKING,,,NOT_APPLICABLE_GLOBAL_BASELINE,HF9g-P5,,,,X 全窗基线 · 不参与实体赏罚,15056685,1506,A168_HF9F_20260827_0900,2026-08-27 09:00:00
2026-03-23,146711891,2174,0,579.2979961556,0E-10,0E-10,,2,2,0.50665070000000000,0.506650700000,,,,0E-17,NO_DECISIVE_ROUND,R03b_20260811_FULL_v1,L1_ELIGIBILITY,v2026-08-11,2026-03-21..2026-08-06,baccarat_bet02_101_all_pairs_incl_sentinel,round_win = game_pnl > 0 (decisive only),COMPATIBILITY_ONLY_NOT_PRODUCTION,161981.4376,145477.9019,9895.5916,610,586,-0.06109090,,-0.06109090,-0.06109090,-9895.5916,161981.4376,OK,0.0000,395.8237,4.0000,96.0000,AG03-UNRESOLVED,ALL5_LEVELS_bet23_to_bet27,395.8237,395.8237,395.8237,395.8237,395.8237,4.000000,4.000000,4.000000,4.000000,4.000000,96.000000,96.000000,96.000000,96.000000,96.000000,5.0,1979.1183,1826.9964,7916.4733,8068.5952,PENDING_AG03,FALSE,NOT_FOR_ENFORCEMENT,9499.7679,139658.7858,9895.5916,9499.7679,395.8237,0.06109090,0.05864726,395.8237,9499.7679,0.05864726,395.8237,395.8237,395.8237,395.8237,395.8237,9499.7679,0.05864726,1979.1183,1826.9964,7916.4733,8068.5952,0.04887272,0.04981185,0.00244364,265.5433,248.2558,16.8867,471.2186,46.4582,7713.4018,27.9048,,265.5433,130.8798,132.8436,523.5191,526.6345,579.298,1056.2184,131.6586,0.0,4.360753,7.950843,1.998918,28,109,27,6,0E-8,0.06109090,,0E-8,0.000000,0.898115,0.919672,,2026-03-23,2026-06-16,21,213,160,86,0.244186,,,0.000000,,,,,,,,GLOBAL_BASELINE_NO_ENTITY_RANKING,,,NOT_APPLICABLE_GLOBAL_BASELINE,HF9g-P5,,,,X 全窗基线 · 不参与实体赏罚,15056686,1506,A168_HF9F_20260827_0900,2026-08-27 09:00:00
2026-03-23,146711891,2177,0,48.9770124022,48.9770124022,48.9770124022,1.0000000,2,2,0.49994810000000000,0.499948100000,1.4143603653603398,1.4143603653603398,1.4143603653603398,0E-17,ELIGIBLE,R03b_20260811_FULL_v1,L1_ELIGIBILITY,v2026-08-11,2026-03-21..2026-08-06,baccarat_bet02_101_all_pairs_incl_sentinel,round_win = game_pnl > 0 (decisive only),COMPATIBILITY_ONLY_NOT_PRODUCTION,161981.4376,145477.9019,9895.5916,610,586,-0.06109090,,-0.06109090,-0.06109090,-9895.5916,161981.4376,OK,0.0000,395.8237,4.0000,96.0000,AG03-UNRESOLVED,ALL5_LEVELS_bet23_to_bet27,395.8237,395.8237,395.8237,395.8237,395.8237,4.000000,4.000000,4.000000,4.000000,4.000000,96.000000,96.000000,96.000000,96.000000,96.000000,5.0,1979.1183,1826.9964,7916.4733,8068.5952,PENDING_AG03,FALSE,NOT_FOR_ENFORCEMENT,9499.7679,139658.7858,9895.5916,9499.7679,395.8237,0.06109090,0.05864726,395.8237,9499.7679,0.05864726,395.8237,395.8237,395.8237,395.8237,395.8237,9499.7679,0.05864726,1979.1183,1826.9964,7916.4733,8068.5952,0.04887272,0.04981185,0.00244364,265.5433,248.2558,16.8867,471.2186,46.4582,7713.4018,27.9048,,265.5433,130.8798,132.8436,523.5191,526.6345,579.298,1056.2184,131.6586,0.0,4.360753,7.950843,1.998918,28,109,27,6,0E-8,0.06109090,,0E-8,0.000000,0.898115,0.919672,,2026-03-23,2026-06-16,21,213,160,86,0.244186,,,0.000000,,,,,,,,GLOBAL_BASELINE_NO_ENTITY_RANKING,,,NOT_APPLICABLE_GLOBAL_BASELINE,HF9g-P5,,,,X 全窗基线 · 不参与实体赏罚,15056687,1506,A168_HF9F_20260827_0900,2026-08-27 09:00:00
2026-03-23,146711891,2201,0,352.5818258420,-352.5818258420,-352.5818258420,0E-7,2,2,0.50665070000000000,0.506650700000,-1.4331513700195317,-1.4331513700195317,-1.4331513700195317,0E-17,ELIGIBLE,R03b_20260811_FULL_v1,L1_ELIGIBILITY,v2026-08-11,2026-03-21..2026-08-06,baccarat_bet02_101_all_pairs_incl_sentinel,round_win = game_pnl > 0 (decisive only),COMPATIBILITY_ONLY_NOT_PRODUCTION,161981.4376,145477.9019,9895.5916,610,586,-0.06109090,,-0.06109090,-0.06109090,-9895.5916,161981.4376,OK,0.0000,395.8237,4.0000,96.0000,AG03-UNRESOLVED,ALL5_LEVELS_bet23_to_bet27,395.8237,395.8237,395.8237,395.8237,395.8237,4.000000,4.000000,4.000000,4.000000,4.000000,96.000000,96.000000,96.000000,96.000000,96.000000,5.0,1979.1183,1826.9964,7916.4733,8068.5952,PENDING_AG03,FALSE,NOT_FOR_ENFORCEMENT,9499.7679,139658.7858,9895.5916,9499.7679,395.8237,0.06109090,0.05864726,395.8237,9499.7679,0.05864726,395.8237,395.8237,395.8237,395.8237,395.8237,9499.7679,0.05864726,1979.1183,1826.9964,7916.4733,8068.5952,0.04887272,0.04981185,0.00244364,265.5433,248.2558,16.8867,471.2186,46.4582,7713.4018,27.9048,,265.5433,130.8798,132.8436,523.5191,526.6345,579.298,1056.2184,131.6586,0.0,4.360753,7.950843,1.998918,28,109,27,6,0E-8,0.06109090,,0E-8,0.000000,0.898115,0.919672,,2026-03-23,2026-06-16,21,213,160,86,0.244186,,,0.000000,,,,,,,,GLOBAL_BASELINE_NO_ENTITY_RANKING,,,NOT_APPLICABLE_GLOBAL_BASELINE,HF9g-P5,,,,X 全窗基线 · 不参与实体赏罚,15056688,1506,A168_HF9F_20260827_0900,2026-08-27 09:00:00
2026-03-23,146711891,2202,0,6377.5443031308,3407.3254864786,3407.3254864786,0.8181818,12,12,0.50106520000000000,0.501065200000,2.103518448115178,2.103518448115178,2.103518448115178,0E-17,ELIGIBLE,R03b_20260811_FULL_v1,L1_ELIGIBILITY,v2026-08-11,2026-03-21..2026-08-06,baccarat_bet02_101_all_pairs_incl_sentinel,round_win = game_pnl > 0 (decisive only),COMPATIBILITY_ONLY_NOT_PRODUCTION,161981.4376,145477.9019,9895.5916,610,586,-0.06109090,,-0.06109090,-0.06109090,-9895.5916,161981.4376,OK,0.0000,395.8237,4.0000,96.0000,AG03-UNRESOLVED,ALL5_LEVELS_bet23_to_bet27,395.8237,395.8237,395.8237,395.8237,395.8237,4.000000,4.000000,4.000000,4.000000,4.000000,96.000000,96.000000,96.000000,96.000000,96.000000,5.0,1979.1183,1826.9964,7916.4733,8068.5952,PENDING_AG03,FALSE,NOT_FOR_ENFORCEMENT,9499.7679,139658.7858,9895.5916,9499.7679,395.8237,0.06109090,0.05864726,395.8237,9499.7679,0.05864726,395.8237,395.8237,395.8237,395.8237,395.8237,9499.7679,0.05864726,1979.1183,1826.9964,7916.4733,8068.5952,0.04887272,0.04981185,0.00244364,265.5433,248.2558,16.8867,471.2186,46.4582,7713.4018,27.9048,,265.5433,130.8798,132.8436,523.5191,526.6345,579.298,1056.2184,131.6586,0.0,4.360753,7.950843,1.998918,28,109,27,6,0E-8,0.06109090,,0E-8,0.000000,0.898115,0.919672,,2026-03-23,2026-06-16,21,213,160,86,0.244186,,,0.000000,,,,,,,,GLOBAL_BASELINE_NO_ENTITY_RANKING,,,NOT_APPLICABLE_GLOBAL_BASELINE,HF9g-P5,,,,X 全窗基线 · 不参与实体赏罚,15056689,1506,A168_HF9F_20260827_0900,2026-08-27 09:00:00
2026-03-23,146711891,2212,0,263.3172709798,0E-10,0E-10,0.5000000,2,2,0.49324550000000000,0.493245500000,0.01910635448239258,0.01910635448239258,0.01910635448239258,0E-17,ELIGIBLE,R03b_20260811_FULL_v1,L1_ELIGIBILITY,v2026-08-11,2026-03-21..2026-08-06,baccarat_bet02_101_all_pairs_incl_sentinel,round_win = game_pnl > 0 (decisive only),COMPATIBILITY_ONLY_NOT_PRODUCTION,161981.4376,145477.9019,9895.5916,610,586,-0.06109090,,-0.06109090,-0.06109090,-9895.5916,161981.4376,OK,0.0000,395.8237,4.0000,96.0000,AG03-UNRESOLVED,ALL5_LEVELS_bet23_to_bet27,395.8237,395.8237,395.8237,395.8237,395.8237,4.000000,4.000000,4.000000,4.000000,4.000000,96.000000,96.000000,96.000000,96.000000,96.000000,5.0,1979.1183,1826.9964,7916.4733,8068.5952,PENDING_AG03,FALSE,NOT_FOR_ENFORCEMENT,9499.7679,139658.7858,9895.5916,9499.7679,395.8237,0.06109090,0.05864726,395.8237,9499.7679,0.05864726,395.8237,395.8237,395.8237,395.8237,395.8237,9499.7679,0.05864726,1979.1183,1826.9964,7916.4733,8068.5952,0.04887272,0.04981185,0.00244364,265.5433,248.2558,16.8867,471.2186,46.4582,7713.4018,27.9048,,265.5433,130.8798,132.8436,523.5191,526.6345,579.298,1056.2184,131.6586,0.0,4.360753,7.950843,1.998918,28,109,27,6,0E-8,0.06109090,,0E-8,0.000000,0.898115,0.919672,,2026-03-23,2026-06-16,21,213,160,86,0.244186,,,0.000000,,,,,,,,GLOBAL_BASELINE_NO_ENTITY_RANKING,,,NOT_APPLICABLE_GLOBAL_BASELINE,HF9g-P5,,,,X 全窗基线 · 不参与实体赏罚,15056690,1506,A168_HF9F_20260827_0900,2026-08-27 09:00:00
2026-03-23,146711891,2216,0,105.3269083919,-105.3269083919,-105.3269083919,0E-7,1,1,0.50665070000000000,0.506650700000,-1.013391052207602,-1.013391052207602,-1.013391052207602,0E-17,ELIGIBLE,R03b_20260811_FULL_v1,L1_ELIGIBILITY,v2026-08-11,2026-03-21..2026-08-06,baccarat_bet02_101_all_pairs_incl_sentinel,round_win = game_pnl > 0 (decisive only),COMPATIBILITY_ONLY_NOT_PRODUCTION,161981.4376,145477.9019,9895.5916,610,586,-0.06109090,,-0.06109090,-0.06109090,-9895.5916,161981.4376,OK,0.0000,395.8237,4.0000,96.0000,AG03-UNRESOLVED,ALL5_LEVELS_bet23_to_bet27,395.8237,395.8237,395.8237,395.8237,395.8237,4.000000,4.000000,4.000000,4.000000,4.000000,96.000000,96.000000,96.000000,96.000000,96.000000,5.0,1979.1183,1826.9964,7916.4733,8068.5952,PENDING_AG03,FALSE,NOT_FOR_ENFORCEMENT,9499.7679,139658.7858,9895.5916,9499.7679,395.8237,0.06109090,0.05864726,395.8237,9499.7679,0.05864726,395.8237,395.8237,395.8237,395.8237,395.8237,9499.7679,0.05864726,1979.1183,1826.9964,7916.4733,8068.5952,0.04887272,0.04981185,0.00244364,265.5433,248.2558,16.8867,471.2186,46.4582,7713.4018,27.9048,,265.5433,130.8798,132.8436,523.5191,526.6345,579.298,1056.2184,131.6586,0.0,4.360753,7.950843,1.998918,28,109,27,6,0E-8,0.06109090,,0E-8,0.000000,0.898115,0.919672,,2026-03-23,2026-06-16,21,213,160,86,0.244186,,,0.000000,,,,,,,,GLOBAL_BASELINE_NO_ENTITY_RANKING,,,NOT_APPLICABLE_GLOBAL_BASELINE,HF9g-P5,,,,X 全窗基线 · 不参与实体赏罚,15056691,1506,A168_HF9F_20260827_0900,2026-08-27 09:00:00
2026-03-23,146711891,2233,0,1189.6674302868,264.8971746057,264.8971746057,0.6666667,5,5,0.49860758000000000,0.498607580000,0.5821760110496081,0.5821760110496081,0.5821760110496081,0E-17,ELIGIBLE,R03b_20260811_FULL_v1,L1_ELIGIBILITY,v2026-08-11,2026-03-21..2026-08-06,baccarat_bet02_101_all_pairs_incl_sentinel,round_win = game_pnl > 0 (decisive only),COMPATIBILITY_ONLY_NOT_PRODUCTION,161981.4376,145477.9019,9895.5916,610,586,-0.06109090,,-0.06109090,-0.06109090,-9895.5916,161981.4376,OK,0.0000,395.8237,4.0000,96.0000,AG03-UNRESOLVED,ALL5_LEVELS_bet23_to_bet27,395.8237,395.8237,395.8237,395.8237,395.8237,4.000000,4.000000,4.000000,4.000000,4.000000,96.000000,96.000000,96.000000,96.000000,96.000000,5.0,1979.1183,1826.9964,7916.4733,8068.5952,PENDING_AG03,FALSE,NOT_FOR_ENFORCEMENT,9499.7679,139658.7858,9895.5916,9499.7679,395.8237,0.06109090,0.05864726,395.8237,9499.7679,0.05864726,395.8237,395.8237,395.8237,395.8237,395.8237,9499.7679,0.05864726,1979.1183,1826.9964,7916.4733,8068.5952,0.04887272,0.04981185,0.00244364,265.5433,248.2558,16.8867,471.2186,46.4582,7713.4018,27.9048,,265.5433,130.8798,132.8436,523.5191,526.6345,579.298,1056.2184,131.6586,0.0,4.360753,7.950843,1.998918,28,109,27,6,0E-8,0.06109090,,0E-8,0.000000,0.898115,0.919672,,2026-03-23,2026-06-16,21,213,160,86,0.244186,,,0.000000,,,,,,,,GLOBAL_BASELINE_NO_ENTITY_RANKING,,,NOT_APPLICABLE_GLOBAL_BASELINE,HF9g-P5,,,,X 全窗基线 · 不参与实体赏罚,15056692,1506,A168_HF9F_20260827_0900,2026-08-27 09:00:00
2026-03-23,146711891,2235,0,394.9759064697,0E-10,0E-10,0.5000000,3,3,0.49771390000000000,0.497713900000,0.006466134837551399,0.0064661348375514,0.006466134837551399,0E-17,ELIGIBLE,R03b_20260811_FULL_v1,L1_ELIGIBILITY,v2026-08-11,2026-03-21..2026-08-06,baccarat_bet02_101_all_pairs_incl_sentinel,round_win = game_pnl > 0 (decisive only),COMPATIBILITY_ONLY_NOT_PRODUCTION,161981.4376,145477.9019,9895.5916,610,586,-0.06109090,,-0.06109090,-0.06109090,-9895.5916,161981.4376,OK,0.0000,395.8237,4.0000,96.0000,AG03-UNRESOLVED,ALL5_LEVELS_bet23_to_bet27,395.8237,395.8237,395.8237,395.8237,395.8237,4.000000,4.000000,4.000000,4.000000,4.000000,96.000000,96.000000,96.000000,96.000000,96.000000,5.0,1979.1183,1826.9964,7916.4733,8068.5952,PENDING_AG03,FALSE,NOT_FOR_ENFORCEMENT,9499.7679,139658.7858,9895.5916,9499.7679,395.8237,0.06109090,0.05864726,395.8237,9499.7679,0.05864726,395.8237,395.8237,395.8237,395.8237,395.8237,9499.7679,0.05864726,1979.1183,1826.9964,7916.4733,8068.5952,0.04887272,0.04981185,0.00244364,265.5433,248.2558,16.8867,471.2186,46.4582,7713.4018,27.9048,,265.5433,130.8798,132.8436,523.5191,526.6345,579.298,1056.2184,131.6586,0.0,4.360753,7.950843,1.998918,28,109,27,6,0E-8,0.06109090,,0E-8,0.000000,0.898115,0.919672,,2026-03-23,2026-06-16,21,213,160,86,0.244186,,,0.000000,,,,,,,,GLOBAL_BASELINE_NO_ENTITY_RANKING,,,NOT_APPLICABLE_GLOBAL_BASELINE,HF9g-P5,,,,X 全窗基线 · 不参与实体赏罚,15056693,1506,A168_HF9F_20260827_0900,2026-08-27 09:00:00
2026-03-23,146711891,2239,0,421.3076335677,-421.3076335677,-421.3076335677,0E-7,3,3,0.50218230000000000,0.502182300000,-1.7396270863184011,-1.7396270863184016,-1.7396270863184011,0E-17,ELIGIBLE,R03b_20260811_FULL_v1,L1_ELIGIBILITY,v2026-08-11,2026-03-21..2026-08-06,baccarat_bet02_101_all_pairs_incl_sentinel,round_win = game_pnl > 0 (decisive only),COMPATIBILITY_ONLY_NOT_PRODUCTION,161981.4376,145477.9019,9895.5916,610,586,-0.06109090,,-0.06109090,-0.06109090,-9895.5916,161981.4376,OK,0.0000,395.8237,4.0000,96.0000,AG03-UNRESOLVED,ALL5_LEVELS_bet23_to_bet27,395.8237,395.8237,395.8237,395.8237,395.8237,4.000000,4.000000,4.000000,4.000000,4.000000,96.000000,96.000000,96.000000,96.000000,96.000000,5.0,1979.1183,1826.9964,7916.4733,8068.5952,PENDING_AG03,FALSE,NOT_FOR_ENFORCEMENT,9499.7679,139658.7858,9895.5916,9499.7679,395.8237,0.06109090,0.05864726,395.8237,9499.7679,0.05864726,395.8237,395.8237,395.8237,395.8237,395.8237,9499.7679,0.05864726,1979.1183,1826.9964,7916.4733,8068.5952,0.04887272,0.04981185,0.00244364,265.5433,248.2558,16.8867,471.2186,46.4582,7713.4018,27.9048,,265.5433,130.8798,132.8436,523.5191,526.6345,579.298,1056.2184,131.6586,0.0,4.360753,7.950843,1.998918,28,109,27,6,0E-8,0.06109090,,0E-8,0.000000,0.898115,0.919672,,2026-03-23,2026-06-16,21,213,160,86,0.244186,,,0.000000,,,,,,,,GLOBAL_BASELINE_NO_ENTITY_RANKING,,,NOT_APPLICABLE_GLOBAL_BASELINE,HF9g-P5,,,,X 全窗基线 · 不参与实体赏罚,15056694,1506,A168_HF9F_20260827_0900,2026-08-27 09:00:00
2026-03-23,146711891,2248,0,147.4576717487,-147.4576717487,-147.4576717487,0E-7,1,1,0.50665070000000000,0.506650700000,-1.013391052207602,-1.013391052207602,-1.013391052207602,0E-17,ELIGIBLE,R03b_20260811_FULL_v1,L1_ELIGIBILITY,v2026-08-11,2026-03-21..2026-08-06,baccarat_bet02_101_all_pairs_incl_sentinel,round_win = game_pnl > 0 (decisive only),COMPATIBILITY_ONLY_NOT_PRODUCTION,161981.4376,145477.9019,9895.5916,610,586,-0.06109090,,-0.06109090,-0.06109090,-9895.5916,161981.4376,OK,0.0000,395.8237,4.0000,96.0000,AG03-UNRESOLVED,ALL5_LEVELS_bet23_to_bet27,395.8237,395.8237,395.8237,395.8237,395.8237,4.000000,4.000000,4.000000,4.000000,4.000000,96.000000,96.000000,96.000000,96.000000,96.000000,5.0,1979.1183,1826.9964,7916.4733,8068.5952,PENDING_AG03,FALSE,NOT_FOR_ENFORCEMENT,9499.7679,139658.7858,9895.5916,9499.7679,395.8237,0.06109090,0.05864726,395.8237,9499.7679,0.05864726,395.8237,395.8237,395.8237,395.8237,395.8237,9499.7679,0.05864726,1979.1183,1826.9964,7916.4733,8068.5952,0.04887272,0.04981185,0.00244364,265.5433,248.2558,16.8867,471.2186,46.4582,7713.4018,27.9048,,265.5433,130.8798,132.8436,523.5191,526.6345,579.298,1056.2184,131.6586,0.0,4.360753,7.950843,1.998918,28,109,27,6,0E-8,0.06109090,,0E-8,0.000000,0.898115,0.919672,,2026-03-23,2026-06-16,21,213,160,86,0.244186,,,0.000000,,,,,,,,GLOBAL_BASELINE_NO_ENTITY_RANKING,,,NOT_APPLICABLE_GLOBAL_BASELINE,HF9g-P5,,,,X 全窗基线 · 不参与实体赏罚,15056695,1506,A168_HF9F_20260827_0900,2026-08-27 09:00:00
2026-03-23,146711891,2251,0,675.6721173342,-675.6721173342,-675.6721173342,0E-7,2,2,0.49994810000000000,0.499948100000,-1.4140667746232096,-1.4140667746232096,-1.4140667746232096,0E-17,ELIGIBLE,R03b_20260811_FULL_v1,L1_ELIGIBILITY,v2026-08-11,2026-03-21..2026-08-06,baccarat_bet02_101_all_pairs_incl_sentinel,round_win = game_pnl > 0 (decisive only),COMPATIBILITY_ONLY_NOT_PRODUCTION,161981.4376,145477.9019,9895.5916,610,586,-0.06109090,,-0.06109090,-0.06109090,-9895.5916,161981.4376,OK,0.0000,395.8237,4.0000,96.0000,AG03-UNRESOLVED,ALL5_LEVELS_bet23_to_bet27,395.8237,395.8237,395.8237,395.8237,395.8237,4.000000,4.000000,4.000000,4.000000,4.000000,96.000000,96.000000,96.000000,96.000000,96.000000,5.0,1979.1183,1826.9964,7916.4733,8068.5952,PENDING_AG03,FALSE,NOT_FOR_ENFORCEMENT,9499.7679,139658.7858,9895.5916,9499.7679,395.8237,0.06109090,0.05864726,395.8237,9499.7679,0.05864726,395.8237,395.8237,395.8237,395.8237,395.8237,9499.7679,0.05864726,1979.1183,1826.9964,7916.4733,8068.5952,0.04887272,0.04981185,0.00244364,265.5433,248.2558,16.8867,471.2186,46.4582,7713.4018,27.9048,,265.5433,130.8798,132.8436,523.5191,526.6345,579.298,1056.2184,131.6586,0.0,4.360753,7.950843,1.998918,28,109,27,6,0E-8,0.06109090,,0E-8,0.000000,0.898115,0.919672,,2026-03-23,2026-06-16,21,213,160,86,0.244186,,,0.000000,,,,,,,,GLOBAL_BASELINE_NO_ENTITY_RANKING,,,NOT_APPLICABLE_GLOBAL_BASELINE,HF9g-P5,,,,X 全窗基线 · 不参与实体赏罚,15056696,1506,A168_HF9F_20260827_0900,2026-08-27 09:00:00
2026-03-23,146711891,2264,0,263.3172709798,263.3172709798,263.3172709798,1.0000000,1,1,0.50665070000000000,0.506650700000,0.9867858985152569,0.9867858985152569,0.9867858985152569,0E-17,ELIGIBLE,R03b_20260811_FULL_v1,L1_ELIGIBILITY,v2026-08-11,2026-03-21..2026-08-06,baccarat_bet02_101_all_pairs_incl_sentinel,round_win = game_pnl > 0 (decisive only),COMPATIBILITY_ONLY_NOT_PRODUCTION,161981.4376,145477.9019,9895.5916,610,586,-0.06109090,,-0.06109090,-0.06109090,-9895.5916,161981.4376,OK,0.0000,395.8237,4.0000,96.0000,AG03-UNRESOLVED,ALL5_LEVELS_bet23_to_bet27,395.8237,395.8237,395.8237,395.8237,395.8237,4.000000,4.000000,4.000000,4.000000,4.000000,96.000000,96.000000,96.000000,96.000000,96.000000,5.0,1979.1183,1826.9964,7916.4733,8068.5952,PENDING_AG03,FALSE,NOT_FOR_ENFORCEMENT,9499.7679,139658.7858,9895.5916,9499.7679,395.8237,0.06109090,0.05864726,395.8237,9499.7679,0.05864726,395.8237,395.8237,395.8237,395.8237,395.8237,9499.7679,0.05864726,1979.1183,1826.9964,7916.4733,8068.5952,0.04887272,0.04981185,0.00244364,265.5433,248.2558,16.8867,471.2186,46.4582,7713.4018,27.9048,,265.5433,130.8798,132.8436,523.5191,526.6345,579.298,1056.2184,131.6586,0.0,4.360753,7.950843,1.998918,28,109,27,6,0E-8,0.06109090,,0E-8,0.000000,0.898115,0.919672,,2026-03-23,2026-06-16,21,213,160,86,0.244186,,,0.000000,,,,,,,,GLOBAL_BASELINE_NO_ENTITY_RANKING,,,NOT_APPLICABLE_GLOBAL_BASELINE,HF9g-P5,,,,X 全窗基线 · 不参与实体赏罚,15056697,1506,A168_HF9F_20260827_0900,2026-08-27 09:00:00
2026-03-23,146711891,595,0,526.6345419596,526.6345419596,526.6345419596,1.0000000,1,1,0.49324550000000000,0.493245500000,1.01360149184955,1.01360149184955,1.01360149184955,0E-17,ELIGIBLE,R03b_20260811_FULL_v1,L1_ELIGIBILITY,v2026-08-11,2026-03-21..2026-08-06,baccarat_bet02_101_all_pairs_incl_sentinel,round_win = game_pnl > 0 (decisive only),COMPATIBILITY_ONLY_NOT_PRODUCTION,161981.4376,145477.9019,9895.5916,610,586,-0.06109090,,-0.06109090,-0.06109090,-9895.5916,161981.4376,OK,0.0000,395.8237,4.0000,96.0000,AG03-UNRESOLVED,ALL5_LEVELS_bet23_to_bet27,395.8237,395.8237,395.8237,395.8237,395.8237,4.000000,4.000000,4.000000,4.000000,4.000000,96.000000,96.000000,96.000000,96.000000,96.000000,5.0,1979.1183,1826.9964,7916.4733,8068.5952,PENDING_AG03,FALSE,NOT_FOR_ENFORCEMENT,9499.7679,139658.7858,9895.5916,9499.7679,395.8237,0.06109090,0.05864726,395.8237,9499.7679,0.05864726,395.8237,395.8237,395.8237,395.8237,395.8237,9499.7679,0.05864726,1979.1183,1826.9964,7916.4733,8068.5952,0.04887272,0.04981185,0.00244364,265.5433,248.2558,16.8867,471.2186,46.4582,7713.4018,27.9048,,265.5433,130.8798,132.8436,523.5191,526.6345,579.298,1056.2184,131.6586,0.0,4.360753,7.950843,1.998918,28,109,27,6,0E-8,0.06109090,,0E-8,0.000000,0.898115,0.919672,,2026-03-23,2026-06-16,21,213,160,86,0.244186,,,0.000000,,,,,,,,GLOBAL_BASELINE_NO_ENTITY_RANKING,,,NOT_APPLICABLE_GLOBAL_BASELINE,HF9g-P5,,,,X 全窗基线 · 不参与实体赏罚,15056698,1506,A168_HF9F_20260827_0900,2026-08-27 09:00:00
2026-03-23,146711891,919,0,289.6489980778,263.3172709798,263.3172709798,1.0000000,2,2,0.49994810000000000,0.499948100000,1.0001038053877793,1.0001038053877793,1.0001038053877793,0E-17,ELIGIBLE,R03b_20260811_FULL_v1,L1_ELIGIBILITY,v2026-08-11,2026-03-21..2026-08-06,baccarat_bet02_101_all_pairs_incl_sentinel,round_win = game_pnl > 0 (decisive only),COMPATIBILITY_ONLY_NOT_PRODUCTION,161981.4376,145477.9019,9895.5916,610,586,-0.06109090,,-0.06109090,-0.06109090,-9895.5916,161981.4376,OK,0.0000,395.8237,4.0000,96.0000,AG03-UNRESOLVED,ALL5_LEVELS_bet23_to_bet27,395.8237,395.8237,395.8237,395.8237,395.8237,4.000000,4.000000,4.000000,4.000000,4.000000,96.000000,96.000000,96.000000,96.000000,96.000000,5.0,1979.1183,1826.9964,7916.4733,8068.5952,PENDING_AG03,FALSE,NOT_FOR_ENFORCEMENT,9499.7679,139658.7858,9895.5916,9499.7679,395.8237,0.06109090,0.05864726,395.8237,9499.7679,0.05864726,395.8237,395.8237,395.8237,395.8237,395.8237,9499.7679,0.05864726,1979.1183,1826.9964,7916.4733,8068.5952,0.04887272,0.04981185,0.00244364,265.5433,248.2558,16.8867,471.2186,46.4582,7713.4018,27.9048,,265.5433,130.8798,132.8436,523.5191,526.6345,579.298,1056.2184,131.6586,0.0,4.360753,7.950843,1.998918,28,109,27,6,0E-8,0.06109090,,0E-8,0.000000,0.898115,0.919672,,2026-03-23,2026-06-16,21,213,160,86,0.244186,,,0.000000,,,,,,,,GLOBAL_BASELINE_NO_ENTITY_RANKING,,,NOT_APPLICABLE_GLOBAL_BASELINE,HF9g-P5,,,,X 全窗基线 · 不参与实体赏罚,15056699,1506,A168_HF9F_20260827_0900,2026-08-27 09:00:00
2026-03-24,146711891,-1,1,921.6104484293,-342.3124522739,-342.3124522739,0.3750000,8,8,0.49827245000000000,0.498272450000,-0.6973384449544185,-0.6973384449544185,-0.6973384449544185,0E-17,SENTINEL_DEALER,R03b_20260811_FULL_v1,L1_ELIGIBILITY,v2026-08-11,2026-03-21..2026-08-06,baccarat_bet02_101_all_pairs_incl_sentinel,round_win = game_pnl > 0 (decisive only),COMPATIBILITY_ONLY_NOT_PRODUCTION,161981.4376,145477.9019,9895.5916,610,586,-0.06109090,,-0.06109090,-0.06109090,-9895.5916,161981.4376,OK,0.0000,395.8237,4.0000,96.0000,AG03-UNRESOLVED,ALL5_LEVELS_bet23_to_bet27,395.8237,395.8237,395.8237,395.8237,395.8237,4.000000,4.000000,4.000000,4.000000,4.000000,96.000000,96.000000,96.000000,96.000000,96.000000,5.0,1979.1183,1826.9964,7916.4733,8068.5952,PENDING_AG03,FALSE,NOT_FOR_ENFORCEMENT,9499.7679,139658.7858,9895.5916,9499.7679,395.8237,0.06109090,0.05864726,395.8237,9499.7679,0.05864726,395.8237,395.8237,395.8237,395.8237,395.8237,9499.7679,0.05864726,1979.1183,1826.9964,7916.4733,8068.5952,0.04887272,0.04981185,0.00244364,265.5433,248.2558,16.8867,471.2186,46.4582,7713.4018,27.9048,,265.5433,130.8798,132.8436,523.5191,526.6345,579.298,1056.2184,131.6586,0.0,4.360753,7.950843,1.998918,28,109,27,6,0E-8,0.06109090,,0E-8,0.000000,0.898115,0.919672,,2026-03-23,2026-06-16,21,213,160,86,0.244186,,,0.000000,,,,,,,,GLOBAL_BASELINE_NO_ENTITY_RANKING,,,NOT_APPLICABLE_GLOBAL_BASELINE,HF9g-P5,,,,X 全窗基线 · 不参与实体赏罚,15056700,1506,A168_HF9F_20260827_0900,2026-08-27 09:00:00
2026-03-24,146711891,1205,0,52.6634541960,52.6634541960,52.6634541960,1.0000000,1,1,0.50665070000000000,0.506650700000,0.9867858985152569,0.9867858985152569,0.9867858985152569,0E-17,ELIGIBLE,R03b_20260811_FULL_v1,L1_ELIGIBILITY,v2026-08-11,2026-03-21..2026-08-06,baccarat_bet02_101_all_pairs_incl_sentinel,round_win = game_pnl > 0 (decisive only),COMPATIBILITY_ONLY_NOT_PRODUCTION,161981.4376,145477.9019,9895.5916,610,586,-0.06109090,,-0.06109090,-0.06109090,-9895.5916,161981.4376,OK,0.0000,395.8237,4.0000,96.0000,AG03-UNRESOLVED,ALL5_LEVELS_bet23_to_bet27,395.8237,395.8237,395.8237,395.8237,395.8237,4.000000,4.000000,4.000000,4.000000,4.000000,96.000000,96.000000,96.000000,96.000000,96.000000,5.0,1979.1183,1826.9964,7916.4733,8068.5952,PENDING_AG03,FALSE,NOT_FOR_ENFORCEMENT,9499.7679,139658.7858,9895.5916,9499.7679,395.8237,0.06109090,0.05864726,395.8237,9499.7679,0.05864726,395.8237,395.8237,395.8237,395.8237,395.8237,9499.7679,0.05864726,1979.1183,1826.9964,7916.4733,8068.5952,0.04887272,0.04981185,0.00244364,265.5433,248.2558,16.8867,471.2186,46.4582,7713.4018,27.9048,,265.5433,130.8798,132.8436,523.5191,526.6345,579.298,1056.2184,131.6586,0.0,4.360753,7.950843,1.998918,28,109,27,6,0E-8,0.06109090,,0E-8,0.000000,0.898115,0.919672,,2026-03-23,2026-06-16,21,213,160,86,0.244186,,,0.000000,,,,,,,,GLOBAL_BASELINE_NO_ENTITY_RANKING,,,NOT_APPLICABLE_GLOBAL_BASELINE,HF9g-P5,,,,X 全窗基线 · 不参与实体赏罚,15056701,1506,A168_HF9F_20260827_0900,2026-08-27 09:00:00
2026-03-24,146711891,1330,0,394.9759064697,-131.6586354899,-131.6586354899,0.3333333,3,3,0.49324550000000000,0.493245500000,-0.5540025479526107,-0.5540025479526106,-0.5540025479526107,0E-17,ELIGIBLE,R03b_20260811_FULL_v1,L1_ELIGIBILITY,v2026-08-11,2026-03-21..2026-08-06,baccarat_bet02_101_all_pairs_incl_sentinel,round_win = game_pnl > 0 (decisive only),COMPATIBILITY_ONLY_NOT_PRODUCTION,161981.4376,145477.9019,9895.5916,610,586,-0.06109090,,-0.06109090,-0.06109090,-9895.5916,161981.4376,OK,0.0000,395.8237,4.0000,96.0000,AG03-UNRESOLVED,ALL5_LEVELS_bet23_to_bet27,395.8237,395.8237,395.8237,395.8237,395.8237,4.000000,4.000000,4.000000,4.000000,4.000000,96.000000,96.000000,96.000000,96.000000,96.000000,5.0,1979.1183,1826.9964,7916.4733,8068.5952,PENDING_AG03,FALSE,NOT_FOR_ENFORCEMENT,9499.7679,139658.7858,9895.5916,9499.7679,395.8237,0.06109090,0.05864726,395.8237,9499.7679,0.05864726,395.8237,395.8237,395.8237,395.8237,395.8237,9499.7679,0.05864726,1979.1183,1826.9964,7916.4733,8068.5952,0.04887272,0.04981185,0.00244364,265.5433,248.2558,16.8867,471.2186,46.4582,7713.4018,27.9048,,265.5433,130.8798,132.8436,523.5191,526.6345,579.298,1056.2184,131.6586,0.0,4.360753,7.950843,1.998918,28,109,27,6,0E-8,0.06109090,,0E-8,0.000000,0.898115,0.919672,,2026-03-23,2026-06-16,21,213,160,86,0.244186,,,0.000000,,,,,,,,GLOBAL_BASELINE_NO_ENTITY_RANKING,,,NOT_APPLICABLE_GLOBAL_BASELINE,HF9g-P5,,,,X 全窗基线 · 不参与实体赏罚,15056702,1506,A168_HF9F_20260827_0900,2026-08-27 09:00:00
2026-03-24,146711891,1401,0,526.6345419596,0E-10,0E-10,0.6666667,3,3,0.49771390000000000,0.497713900000,0.5852756695216578,0.5852756695216578,0.5852756695216578,0E-17,ELIGIBLE,R03b_20260811_FULL_v1,L1_ELIGIBILITY,v2026-08-11,2026-03-21..2026-08-06,baccarat_bet02_101_all_pairs_incl_sentinel,round_win = game_pnl > 0 (decisive only),COMPATIBILITY_ONLY_NOT_PRODUCTION,161981.4376,145477.9019,9895.5916,610,586,-0.06109090,,-0.06109090,-0.06109090,-9895.5916,161981.4376,OK,0.0000,395.8237,4.0000,96.0000,AG03-UNRESOLVED,ALL5_LEVELS_bet23_to_bet27,395.8237,395.8237,395.8237,395.8237,395.8237,4.000000,4.000000,4.000000,4.000000,4.000000,96.000000,96.000000,96.000000,96.000000,96.000000,5.0,1979.1183,1826.9964,7916.4733,8068.5952,PENDING_AG03,FALSE,NOT_FOR_ENFORCEMENT,9499.7679,139658.7858,9895.5916,9499.7679,395.8237,0.06109090,0.05864726,395.8237,9499.7679,0.05864726,395.8237,395.8237,395.8237,395.8237,395.8237,9499.7679,0.05864726,1979.1183,1826.9964,7916.4733,8068.5952,0.04887272,0.04981185,0.00244364,265.5433,248.2558,16.8867,471.2186,46.4582,7713.4018,27.9048,,265.5433,130.8798,132.8436,523.5191,526.6345,579.298,1056.2184,131.6586,0.0,4.360753,7.950843,1.998918,28,109,27,6,0E-8,0.06109090,,0E-8,0.000000,0.898115,0.919672,,2026-03-23,2026-06-16,21,213,160,86,0.244186,,,0.000000,,,,,,,,GLOBAL_BASELINE_NO_ENTITY_RANKING,,,NOT_APPLICABLE_GLOBAL_BASELINE,HF9g-P5,,,,X 全窗基线 · 不参与实体赏罚,15056703,1506,A168_HF9F_20260827_0900,2026-08-27 09:00:00
2026-03-24,146711891,1949,0,26.3317270980,26.3317270980,26.3317270980,1.0000000,1,1,0.50665070000000000,0.506650700000,0.9867858985152569,0.9867858985152569,0.9867858985152569,0E-17,ELIGIBLE,R03b_20260811_FULL_v1,L1_ELIGIBILITY,v2026-08-11,2026-03-21..2026-08-06,baccarat_bet02_101_all_pairs_incl_sentinel,round_win = game_pnl > 0 (decisive only),COMPATIBILITY_ONLY_NOT_PRODUCTION,161981.4376,145477.9019,9895.5916,610,586,-0.06109090,,-0.06109090,-0.06109090,-9895.5916,161981.4376,OK,0.0000,395.8237,4.0000,96.0000,AG03-UNRESOLVED,ALL5_LEVELS_bet23_to_bet27,395.8237,395.8237,395.8237,395.8237,395.8237,4.000000,4.000000,4.000000,4.000000,4.000000,96.000000,96.000000,96.000000,96.000000,96.000000,5.0,1979.1183,1826.9964,7916.4733,8068.5952,PENDING_AG03,FALSE,NOT_FOR_ENFORCEMENT,9499.7679,139658.7858,9895.5916,9499.7679,395.8237,0.06109090,0.05864726,395.8237,9499.7679,0.05864726,395.8237,395.8237,395.8237,395.8237,395.8237,9499.7679,0.05864726,1979.1183,1826.9964,7916.4733,8068.5952,0.04887272,0.04981185,0.00244364,265.5433,248.2558,16.8867,471.2186,46.4582,7713.4018,27.9048,,265.5433,130.8798,132.8436,523.5191,526.6345,579.298,1056.2184,131.6586,0.0,4.360753,7.950843,1.998918,28,109,27,6,0E-8,0.06109090,,0E-8,0.000000,0.898115,0.919672,,2026-03-23,2026-06-16,21,213,160,86,0.244186,,,0.000000,,,,,,,,GLOBAL_BASELINE_NO_ENTITY_RANKING,,,NOT_APPLICABLE_GLOBAL_BASELINE,HF9g-P5,,,,X 全窗基线 · 不参与实体赏罚,15056704,1506,A168_HF9F_20260827_0900,2026-08-27 09:00:00
2026-03-24,146711891,2117,0,396.2924928246,-396.2924928246,-396.2924928246,0E-7,1,1,0.50665070000000000,0.506650700000,-1.013391052207602,-1.013391052207602,-1.013391052207602,0E-17,ELIGIBLE,R03b_20260811_FULL_v1,L1_ELIGIBILITY,v2026-08-11,2026-03-21..2026-08-06,baccarat_bet02_101_all_pairs_incl_sentinel,round_win = game_pnl > 0 (decisive only),COMPATIBILITY_ONLY_NOT_PRODUCTION,161981.4376,145477.9019,9895.5916,610,586,-0.06109090,,-0.06109090,-0.06109090,-9895.5916,161981.4376,OK,0.0000,395.8237,4.0000,96.0000,AG03-UNRESOLVED,ALL5_LEVELS_bet23_to_bet27,395.8237,395.8237,395.8237,395.8237,395.8237,4.000000,4.000000,4.000000,4.000000,4.000000,96.000000,96.000000,96.000000,96.000000,96.000000,5.0,1979.1183,1826.9964,7916.4733,8068.5952,PENDING_AG03,FALSE,NOT_FOR_ENFORCEMENT,9499.7679,139658.7858,9895.5916,9499.7679,395.8237,0.06109090,0.05864726,395.8237,9499.7679,0.05864726,395.8237,395.8237,395.8237,395.8237,395.8237,9499.7679,0.05864726,1979.1183,1826.9964,7916.4733,8068.5952,0.04887272,0.04981185,0.00244364,265.5433,248.2558,16.8867,471.2186,46.4582,7713.4018,27.9048,,265.5433,130.8798,132.8436,523.5191,526.6345,579.298,1056.2184,131.6586,0.0,4.360753,7.950843,1.998918,28,109,27,6,0E-8,0.06109090,,0E-8,0.000000,0.898115,0.919672,,2026-03-23,2026-06-16,21,213,160,86,0.244186,,,0.000000,,,,,,,,GLOBAL_BASELINE_NO_ENTITY_RANKING,,,NOT_APPLICABLE_GLOBAL_BASELINE,HF9g-P5,,,,X 全窗基线 · 不参与实体赏罚,15056705,1506,A168_HF9F_20260827_0900,2026-08-27 09:00:00
2026-03-24,146711891,2162,0,157.9903625880,-78.9951812940,-78.9951812940,0.3333333,3,3,0.50218230000000000,0.502182300000,-0.5849155494134425,-0.5849155494134426,-0.5849155494134425,0E-17,ELIGIBLE,R03b_20260811_FULL_v1,L1_ELIGIBILITY,v2026-08-11,2026-03-21..2026-08-06,baccarat_bet02_101_all_pairs_incl_sentinel,round_win = game_pnl > 0 (decisive only),COMPATIBILITY_ONLY_NOT_PRODUCTION,161981.4376,145477.9019,9895.5916,610,586,-0.06109090,,-0.06109090,-0.06109090,-9895.5916,161981.4376,OK,0.0000,395.8237,4.0000,96.0000,AG03-UNRESOLVED,ALL5_LEVELS_bet23_to_bet27,395.8237,395.8237,395.8237,395.8237,395.8237,4.000000,4.000000,4.000000,4.000000,4.000000,96.000000,96.000000,96.000000,96.000000,96.000000,5.0,1979.1183,1826.9964,7916.4733,8068.5952,PENDING_AG03,FALSE,NOT_FOR_ENFORCEMENT,9499.7679,139658.7858,9895.5916,9499.7679,395.8237,0.06109090,0.05864726,395.8237,9499.7679,0.05864726,395.8237,395.8237,395.8237,395.8237,395.8237,9499.7679,0.05864726,1979.1183,1826.9964,7916.4733,8068.5952,0.04887272,0.04981185,0.00244364,265.5433,248.2558,16.8867,471.2186,46.4582,7713.4018,27.9048,,265.5433,130.8798,132.8436,523.5191,526.6345,579.298,1056.2184,131.6586,0.0,4.360753,7.950843,1.998918,28,109,27,6,0E-8,0.06109090,,0E-8,0.000000,0.898115,0.919672,,2026-03-23,2026-06-16,21,213,160,86,0.244186,,,0.000000,,,,,,,,GLOBAL_BASELINE_NO_ENTITY_RANKING,,,NOT_APPLICABLE_GLOBAL_BASELINE,HF9g-P5,,,,X 全窗基线 · 不参与实体赏罚,15056706,1506,A168_HF9F_20260827_0900,2026-08-27 09:00:00
2026-03-24,146711891,2209,0,474.7610395766,53.4534060089,53.4534060089,0.5000000,3,3,0.50218230000000000,0.502182300000,-0.00617253530718887,-0.00617253530718887,-0.00617253530718887,0E-17,ELIGIBLE,R03b_20260811_FULL_v1,L1_ELIGIBILITY,v2026-08-11,2026-03-21..2026-08-06,baccarat_bet02_101_all_pairs_incl_sentinel,round_win = game_pnl > 0 (decisive only),COMPATIBILITY_ONLY_NOT_PRODUCTION,161981.4376,145477.9019,9895.5916,610,586,-0.06109090,,-0.06109090,-0.06109090,-9895.5916,161981.4376,OK,0.0000,395.8237,4.0000,96.0000,AG03-UNRESOLVED,ALL5_LEVELS_bet23_to_bet27,395.8237,395.8237,395.8237,395.8237,395.8237,4.000000,4.000000,4.000000,4.000000,4.000000,96.000000,96.000000,96.000000,96.000000,96.000000,5.0,1979.1183,1826.9964,7916.4733,8068.5952,PENDING_AG03,FALSE,NOT_FOR_ENFORCEMENT,9499.7679,139658.7858,9895.5916,9499.7679,395.8237,0.06109090,0.05864726,395.8237,9499.7679,0.05864726,395.8237,395.8237,395.8237,395.8237,395.8237,9499.7679,0.05864726,1979.1183,1826.9964,7916.4733,8068.5952,0.04887272,0.04981185,0.00244364,265.5433,248.2558,16.8867,471.2186,46.4582,7713.4018,27.9048,,265.5433,130.8798,132.8436,523.5191,526.6345,579.298,1056.2184,131.6586,0.0,4.360753,7.950843,1.998918,28,109,27,6,0E-8,0.06109090,,0E-8,0.000000,0.898115,0.919672,,2026-03-23,2026-06-16,21,213,160,86,0.244186,,,0.000000,,,,,,,,GLOBAL_BASELINE_NO_ENTITY_RANKING,,,NOT_APPLICABLE_GLOBAL_BASELINE,HF9g-P5,,,,X 全窗基线 · 不参与实体赏罚,15056707,1506,A168_HF9F_20260827_0900,2026-08-27 09:00:00
2026-03-24,146711891,2216,0,958.4748663665,-136.9249809095,-136.9249809095,0.5000000,4,4,0.50665070000000000,0.506650700000,-0.02660515369234503,-0.02660515369234503,-0.02660515369234503,0E-17,ELIGIBLE,R03b_20260811_FULL_v1,L1_ELIGIBILITY,v2026-08-11,2026-03-21..2026-08-06,baccarat_bet02_101_all_pairs_incl_sentinel,round_win = game_pnl > 0 (decisive only),COMPATIBILITY_ONLY_NOT_PRODUCTION,161981.4376,145477.9019,9895.5916,610,586,-0.06109090,,-0.06109090,-0.06109090,-9895.5916,161981.4376,OK,0.0000,395.8237,4.0000,96.0000,AG03-UNRESOLVED,ALL5_LEVELS_bet23_to_bet27,395.8237,395.8237,395.8237,395.8237,395.8237,4.000000,4.000000,4.000000,4.000000,4.000000,96.000000,96.000000,96.000000,96.000000,96.000000,5.0,1979.1183,1826.9964,7916.4733,8068.5952,PENDING_AG03,FALSE,NOT_FOR_ENFORCEMENT,9499.7679,139658.7858,9895.5916,9499.7679,395.8237,0.06109090,0.05864726,395.8237,9499.7679,0.05864726,395.8237,395.8237,395.8237,395.8237,395.8237,9499.7679,0.05864726,1979.1183,1826.9964,7916.4733,8068.5952,0.04887272,0.04981185,0.00244364,265.5433,248.2558,16.8867,471.2186,46.4582,7713.4018,27.9048,,265.5433,130.8798,132.8436,523.5191,526.6345,579.298,1056.2184,131.6586,0.0,4.360753,7.950843,1.998918,28,109,27,6,0E-8,0.06109090,,0E-8,0.000000,0.898115,0.919672,,2026-03-23,2026-06-16,21,213,160,86,0.244186,,,0.000000,,,,,,,,GLOBAL_BASELINE_NO_ENTITY_RANKING,,,NOT_APPLICABLE_GLOBAL_BASELINE,HF9g-P5,,,,X 全窗基线 · 不参与实体赏罚,15056708,1506,A168_HF9F_20260827_0900,2026-08-27 09:00:00
2026-03-24,146711891,2218,0,264.1072227927,-264.1072227927,-264.1072227927,0E-7,1,1,0.50665070000000000,0.506650700000,-1.013391052207602,-1.013391052207602,-1.013391052207602,0E-17,ELIGIBLE,R03b_20260811_FULL_v1,L1_ELIGIBILITY,v2026-08-11,2026-03-21..2026-08-06,baccarat_bet02_101_all_pairs_incl_sentinel,round_win = game_pnl > 0 (decisive only),COMPATIBILITY_ONLY_NOT_PRODUCTION,161981.4376,145477.9019,9895.5916,610,586,-0.06109090,,-0.06109090,-0.06109090,-9895.5916,161981.4376,OK,0.0000,395.8237,4.0000,96.0000,AG03-UNRESOLVED,ALL5_LEVELS_bet23_to_bet27,395.8237,395.8237,395.8237,395.8237,395.8237,4.000000,4.000000,4.000000,4.000000,4.000000,96.000000,96.000000,96.000000,96.000000,96.000000,5.0,1979.1183,1826.9964,7916.4733,8068.5952,PENDING_AG03,FALSE,NOT_FOR_ENFORCEMENT,9499.7679,139658.7858,9895.5916,9499.7679,395.8237,0.06109090,0.05864726,395.8237,9499.7679,0.05864726,395.8237,395.8237,395.8237,395.8237,395.8237,9499.7679,0.05864726,1979.1183,1826.9964,7916.4733,8068.5952,0.04887272,0.04981185,0.00244364,265.5433,248.2558,16.8867,471.2186,46.4582,7713.4018,27.9048,,265.5433,130.8798,132.8436,523.5191,526.6345,579.298,1056.2184,131.6586,0.0,4.360753,7.950843,1.998918,28,109,27,6,0E-8,0.06109090,,0E-8,0.000000,0.898115,0.919672,,2026-03-23,2026-06-16,21,213,160,86,0.244186,,,0.000000,,,,,,,,GLOBAL_BASELINE_NO_ENTITY_RANKING,,,NOT_APPLICABLE_GLOBAL_BASELINE,HF9g-P5,,,,X 全窗基线 · 不参与实体赏罚,15056709,1506,A168_HF9F_20260827_0900,2026-08-27 09:00:00
2026-03-24,146711891,2224,0,52.6634541960,-52.6634541960,-52.6634541960,0E-7,1,1,0.49324550000000000,0.493245500000,-0.9865810262130424,-0.9865810262130424,-0.9865810262130424,0E-17,ELIGIBLE,R03b_20260811_FULL_v1,L1_ELIGIBILITY,v2026-08-11,2026-03-21..2026-08-06,baccarat_bet02_101_all_pairs_incl_sentinel,round_win = game_pnl > 0 (decisive only),COMPATIBILITY_ONLY_NOT_PRODUCTION,161981.4376,145477.9019,9895.5916,610,586,-0.06109090,,-0.06109090,-0.06109090,-9895.5916,161981.4376,OK,0.0000,395.8237,4.0000,96.0000,AG03-UNRESOLVED,ALL5_LEVELS_bet23_to_bet27,395.8237,395.8237,395.8237,395.8237,395.8237,4.000000,4.000000,4.000000,4.000000,4.000000,96.000000,96.000000,96.000000,96.000000,96.000000,5.0,1979.1183,1826.9964,7916.4733,8068.5952,PENDING_AG03,FALSE,NOT_FOR_ENFORCEMENT,9499.7679,139658.7858,9895.5916,9499.7679,395.8237,0.06109090,0.05864726,395.8237,9499.7679,0.05864726,395.8237,395.8237,395.8237,395.8237,395.8237,9499.7679,0.05864726,1979.1183,1826.9964,7916.4733,8068.5952,0.04887272,0.04981185,0.00244364,265.5433,248.2558,16.8867,471.2186,46.4582,7713.4018,27.9048,,265.5433,130.8798,132.8436,523.5191,526.6345,579.298,1056.2184,131.6586,0.0,4.360753,7.950843,1.998918,28,109,27,6,0E-8,0.06109090,,0E-8,0.000000,0.898115,0.919672,,2026-03-23,2026-06-16,21,213,160,86,0.244186,,,0.000000,,,,,,,,GLOBAL_BASELINE_NO_ENTITY_RANKING,,,NOT_APPLICABLE_GLOBAL_BASELINE,HF9g-P5,,,,X 全窗基线 · 不参与实体赏罚,15056710,1506,A168_HF9F_20260827_0900,2026-08-27 09:00:00
2026-03-24,146711891,2242,0,52.6634541960,0E-10,0E-10,,1,1,0.49324550000000000,0.493245500000,,,,0E-17,NO_DECISIVE_ROUND,R03b_20260811_FULL_v1,L1_ELIGIBILITY,v2026-08-11,2026-03-21..2026-08-06,baccarat_bet02_101_all_pairs_incl_sentinel,round_win = game_pnl > 0 (decisive only),COMPATIBILITY_ONLY_NOT_PRODUCTION,161981.4376,145477.9019,9895.5916,610,586,-0.06109090,,-0.06109090,-0.06109090,-9895.5916,161981.4376,OK,0.0000,395.8237,4.0000,96.0000,AG03-UNRESOLVED,ALL5_LEVELS_bet23_to_bet27,395.8237,395.8237,395.8237,395.8237,395.8237,4.000000,4.000000,4.000000,4.000000,4.000000,96.000000,96.000000,96.000000,96.000000,96.000000,5.0,1979.1183,1826.9964,7916.4733,8068.5952,PENDING_AG03,FALSE,NOT_FOR_ENFORCEMENT,9499.7679,139658.7858,9895.5916,9499.7679,395.8237,0.06109090,0.05864726,395.8237,9499.7679,0.05864726,395.8237,395.8237,395.8237,395.8237,395.8237,9499.7679,0.05864726,1979.1183,1826.9964,7916.4733,8068.5952,0.04887272,0.04981185,0.00244364,265.5433,248.2558,16.8867,471.2186,46.4582,7713.4018,27.9048,,265.5433,130.8798,132.8436,523.5191,526.6345,579.298,1056.2184,131.6586,0.0,4.360753,7.950843,1.998918,28,109,27,6,0E-8,0.06109090,,0E-8,0.000000,0.898115,0.919672,,2026-03-23,2026-06-16,21,213,160,86,0.244186,,,0.000000,,,,,,,,GLOBAL_BASELINE_NO_ENTITY_RANKING,,,NOT_APPLICABLE_GLOBAL_BASELINE,HF9g-P5,,,,X 全窗基线 · 不参与实体赏罚,15056711,1506,A168_HF9F_20260827_0900,2026-08-27 09:00:00
2026-03-24,146711891,2251,0,184.3220896859,184.3220896859,184.3220896859,1.0000000,2,2,0.49994810000000000,0.499948100000,1.4143603653603398,1.4143603653603398,1.4143603653603398,0E-17,ELIGIBLE,R03b_20260811_FULL_v1,L1_ELIGIBILITY,v2026-08-11,2026-03-21..2026-08-06,baccarat_bet02_101_all_pairs_incl_sentinel,round_win = game_pnl > 0 (decisive only),COMPATIBILITY_ONLY_NOT_PRODUCTION,161981.4376,145477.9019,9895.5916,610,586,-0.06109090,,-0.06109090,-0.06109090,-9895.5916,161981.4376,OK,0.0000,395.8237,4.0000,96.0000,AG03-UNRESOLVED,ALL5_LEVELS_bet23_to_bet27,395.8237,395.8237,395.8237,395.8237,395.8237,4.000000,4.000000,4.000000,4.000000,4.000000,96.000000,96.000000,96.000000,96.000000,96.000000,5.0,1979.1183,1826.9964,7916.4733,8068.5952,PENDING_AG03,FALSE,NOT_FOR_ENFORCEMENT,9499.7679,139658.7858,9895.5916,9499.7679,395.8237,0.06109090,0.05864726,395.8237,9499.7679,0.05864726,395.8237,395.8237,395.8237,395.8237,395.8237,9499.7679,0.05864726,1979.1183,1826.9964,7916.4733,8068.5952,0.04887272,0.04981185,0.00244364,265.5433,248.2558,16.8867,471.2186,46.4582,7713.4018,27.9048,,265.5433,130.8798,132.8436,523.5191,526.6345,579.298,1056.2184,131.6586,0.0,4.360753,7.950843,1.998918,28,109,27,6,0E-8,0.06109090,,0E-8,0.000000,0.898115,0.919672,,2026-03-23,2026-06-16,21,213,160,86,0.244186,,,0.000000,,,,,,,,GLOBAL_BASELINE_NO_ENTITY_RANKING,,,NOT_APPLICABLE_GLOBAL_BASELINE,HF9g-P5,,,,X 全窗基线 · 不参与实体赏罚,15056712,1506,A168_HF9F_20260827_0900,2026-08-27 09:00:00
2026-03-24,146711891,752,0,157.9903625879,-157.9903625879,-157.9903625879,0E-7,1,1,0.49324550000000000,0.493245500000,-0.9865810262130424,-0.9865810262130424,-0.9865810262130424,0E-17,ELIGIBLE,R03b_20260811_FULL_v1,L1_ELIGIBILITY,v2026-08-11,2026-03-21..2026-08-06,baccarat_bet02_101_all_pairs_incl_sentinel,round_win = game_pnl > 0 (decisive only),COMPATIBILITY_ONLY_NOT_PRODUCTION,161981.4376,145477.9019,9895.5916,610,586,-0.06109090,,-0.06109090,-0.06109090,-9895.5916,161981.4376,OK,0.0000,395.8237,4.0000,96.0000,AG03-UNRESOLVED,ALL5_LEVELS_bet23_to_bet27,395.8237,395.8237,395.8237,395.8237,395.8237,4.000000,4.000000,4.000000,4.000000,4.000000,96.000000,96.000000,96.000000,96.000000,96.000000,5.0,1979.1183,1826.9964,7916.4733,8068.5952,PENDING_AG03,FALSE,NOT_FOR_ENFORCEMENT,9499.7679,139658.7858,9895.5916,9499.7679,395.8237,0.06109090,0.05864726,395.8237,9499.7679,0.05864726,395.8237,395.8237,395.8237,395.8237,395.8237,9499.7679,0.05864726,1979.1183,1826.9964,7916.4733,8068.5952,0.04887272,0.04981185,0.00244364,265.5433,248.2558,16.8867,471.2186,46.4582,7713.4018,27.9048,,265.5433,130.8798,132.8436,523.5191,526.6345,579.298,1056.2184,131.6586,0.0,4.360753,7.950843,1.998918,28,109,27,6,0E-8,0.06109090,,0E-8,0.000000,0.898115,0.919672,,2026-03-23,2026-06-16,21,213,160,86,0.244186,,,0.000000,,,,,,,,GLOBAL_BASELINE_NO_ENTITY_RANKING,,,NOT_APPLICABLE_GLOBAL_BASELINE,HF9g-P5,,,,X 全窗基线 · 不参与实体赏罚,15056713,1506,A168_HF9F_20260827_0900,2026-08-27 09:00:00
2026-03-24,146711891,970,0,80.5750849198,-80.5750849198,-80.5750849198,0E-7,1,1,0.49324550000000000,0.493245500000,-0.9865810262130424,-0.9865810262130424,-0.9865810262130424,0E-17,ELIGIBLE,R03b_20260811_FULL_v1,L1_ELIGIBILITY,v2026-08-11,2026-03-21..2026-08-06,baccarat_bet02_101_all_pairs_incl_sentinel,round_win = game_pnl > 0 (decisive only),COMPATIBILITY_ONLY_NOT_PRODUCTION,161981.4376,145477.9019,9895.5916,610,586,-0.06109090,,-0.06109090,-0.06109090,-9895.5916,161981.4376,OK,0.0000,395.8237,4.0000,96.0000,AG03-UNRESOLVED,ALL5_LEVELS_bet23_to_bet27,395.8237,395.8237,395.8237,395.8237,395.8237,4.000000,4.000000,4.000000,4.000000,4.000000,96.000000,96.000000,96.000000,96.000000,96.000000,5.0,1979.1183,1826.9964,7916.4733,8068.5952,PENDING_AG03,FALSE,NOT_FOR_ENFORCEMENT,9499.7679,139658.7858,9895.5916,9499.7679,395.8237,0.06109090,0.05864726,395.8237,9499.7679,0.05864726,395.8237,395.8237,395.8237,395.8237,395.8237,9499.7679,0.05864726,1979.1183,1826.9964,7916.4733,8068.5952,0.04887272,0.04981185,0.00244364,265.5433,248.2558,16.8867,471.2186,46.4582,7713.4018,27.9048,,265.5433,130.8798,132.8436,523.5191,526.6345,579.298,1056.2184,131.6586,0.0,4.360753,7.950843,1.998918,28,109,27,6,0E-8,0.06109090,,0E-8,0.000000,0.898115,0.919672,,2026-03-23,2026-06-16,21,213,160,86,0.244186,,,0.000000,,,,,,,,GLOBAL_BASELINE_NO_ENTITY_RANKING,,,NOT_APPLICABLE_GLOBAL_BASELINE,HF9g-P5,,,,X 全窗基线 · 不参与实体赏罚,15056714,1506,A168_HF9F_20260827_0900,2026-08-27 09:00:00
2026-03-25,146711891,-1,1,1579.9036258788,-1053.2690839192,-1053.2690839192,0.2500000,4,4,0.49994810000000000,0.499948100000,-0.9997924053861017,-0.9997924053861017,-0.9997924053861017,0E-17,SENTINEL_DEALER,R03b_20260811_FULL_v1,L1_ELIGIBILITY,v2026-08-11,2026-03-21..2026-08-06,baccarat_bet02_101_all_pairs_incl_sentinel,round_win = game_pnl > 0 (decisive only),COMPATIBILITY_ONLY_NOT_PRODUCTION,161981.4376,145477.9019,9895.5916,610,586,-0.06109090,,-0.06109090,-0.06109090,-9895.5916,161981.4376,OK,0.0000,395.8237,4.0000,96.0000,AG03-UNRESOLVED,ALL5_LEVELS_bet23_to_bet27,395.8237,395.8237,395.8237,395.8237,395.8237,4.000000,4.000000,4.000000,4.000000,4.000000,96.000000,96.000000,96.000000,96.000000,96.000000,5.0,1979.1183,1826.9964,7916.4733,8068.5952,PENDING_AG03,FALSE,NOT_FOR_ENFORCEMENT,9499.7679,139658.7858,9895.5916,9499.7679,395.8237,0.06109090,0.05864726,395.8237,9499.7679,0.05864726,395.8237,395.8237,395.8237,395.8237,395.8237,9499.7679,0.05864726,1979.1183,1826.9964,7916.4733,8068.5952,0.04887272,0.04981185,0.00244364,265.5433,248.2558,16.8867,471.2186,46.4582,7713.4018,27.9048,,265.5433,130.8798,132.8436,523.5191,526.6345,579.298,1056.2184,131.6586,0.0,4.360753,7.950843,1.998918,28,109,27,6,0E-8,0.06109090,,0E-8,0.000000,0.898115,0.919672,,2026-03-23,2026-06-16,21,213,160,86,0.244186,,,0.000000,,,,,,,,GLOBAL_BASELINE_NO_ENTITY_RANKING,,,NOT_APPLICABLE_GLOBAL_BASELINE,HF9g-P5,,,,X 全窗基线 · 不参与实体赏罚,15056715,1506,A168_HF9F_20260827_0900,2026-08-27 09:00:00
2026-03-25,146711891,1151,0,3949.7590646970,263.3172709798,263.3172709798,0.5000000,7,7,0.49899058571428571,0.498990585714,0.004945109955477372,0.0049451099568770685,0.004945109955477372,2.8571E-13,ELIGIBLE,R03b_20260811_FULL_v1,L1_ELIGIBILITY,v2026-08-11,2026-03-21..2026-08-06,baccarat_bet02_101_all_pairs_incl_sentinel,round_win = game_pnl > 0 (decisive only),COMPATIBILITY_ONLY_NOT_PRODUCTION,161981.4376,145477.9019,9895.5916,610,586,-0.06109090,,-0.06109090,-0.06109090,-9895.5916,161981.4376,OK,0.0000,395.8237,4.0000,96.0000,AG03-UNRESOLVED,ALL5_LEVELS_bet23_to_bet27,395.8237,395.8237,395.8237,395.8237,395.8237,4.000000,4.000000,4.000000,4.000000,4.000000,96.000000,96.000000,96.000000,96.000000,96.000000,5.0,1979.1183,1826.9964,7916.4733,8068.5952,PENDING_AG03,FALSE,NOT_FOR_ENFORCEMENT,9499.7679,139658.7858,9895.5916,9499.7679,395.8237,0.06109090,0.05864726,395.8237,9499.7679,0.05864726,395.8237,395.8237,395.8237,395.8237,395.8237,9499.7679,0.05864726,1979.1183,1826.9964,7916.4733,8068.5952,0.04887272,0.04981185,0.00244364,265.5433,248.2558,16.8867,471.2186,46.4582,7713.4018,27.9048,,265.5433,130.8798,132.8436,523.5191,526.6345,579.298,1056.2184,131.6586,0.0,4.360753,7.950843,1.998918,28,109,27,6,0E-8,0.06109090,,0E-8,0.000000,0.898115,0.919672,,2026-03-23,2026-06-16,21,213,160,86,0.244186,,,0.000000,,,,,,,,GLOBAL_BASELINE_NO_ENTITY_RANKING,,,NOT_APPLICABLE_GLOBAL_BASELINE,HF9g-P5,,,,X 全窗基线 · 不参与实体赏罚,15056716,1506,A168_HF9F_20260827_0900,2026-08-27 09:00:00
2026-03-25,146711891,1307,0,1728.9412012533,464.2810121916,464.2810121916,1.0000000,4,4,0.50329940000000000,0.503299400000,1.4049120381089935,1.4049120381089935,1.4049120381089935,0E-17,ELIGIBLE,R03b_20260811_FULL_v1,L1_ELIGIBILITY,v2026-08-11,2026-03-21..2026-08-06,baccarat_bet02_101_all_pairs_incl_sentinel,round_win = game_pnl > 0 (decisive only),COMPATIBILITY_ONLY_NOT_PRODUCTION,161981.4376,145477.9019,9895.5916,610,586,-0.06109090,,-0.06109090,-0.06109090,-9895.5916,161981.4376,OK,0.0000,395.8237,4.0000,96.0000,AG03-UNRESOLVED,ALL5_LEVELS_bet23_to_bet27,395.8237,395.8237,395.8237,395.8237,395.8237,4.000000,4.000000,4.000000,4.000000,4.000000,96.000000,96.000000,96.000000,96.000000,96.000000,5.0,1979.1183,1826.9964,7916.4733,8068.5952,PENDING_AG03,FALSE,NOT_FOR_ENFORCEMENT,9499.7679,139658.7858,9895.5916,9499.7679,395.8237,0.06109090,0.05864726,395.8237,9499.7679,0.05864726,395.8237,395.8237,395.8237,395.8237,395.8237,9499.7679,0.05864726,1979.1183,1826.9964,7916.4733,8068.5952,0.04887272,0.04981185,0.00244364,265.5433,248.2558,16.8867,471.2186,46.4582,7713.4018,27.9048,,265.5433,130.8798,132.8436,523.5191,526.6345,579.298,1056.2184,131.6586,0.0,4.360753,7.950843,1.998918,28,109,27,6,0E-8,0.06109090,,0E-8,0.000000,0.898115,0.919672,,2026-03-23,2026-06-16,21,213,160,86,0.244186,,,0.000000,,,,,,,,GLOBAL_BASELINE_NO_ENTITY_RANKING,,,NOT_APPLICABLE_GLOBAL_BASELINE,HF9g-P5,,,,X 全窗基线 · 不参与实体赏罚,15056717,1506,A168_HF9F_20260827_0900,2026-08-27 09:00:00
2026-03-25,146711891,1330,0,1066.4349474682,-513.4686784106,-513.4686784106,0.5000000,4,4,0.49324550000000000,0.493245500000,0.027020465636507562,0.027020465636507562,0.027020465636507562,0E-17,ELIGIBLE,R03b_20260811_FULL_v1,L1_ELIGIBILITY,v2026-08-11,2026-03-21..2026-08-06,baccarat_bet02_101_all_pairs_incl_sentinel,round_win = game_pnl > 0 (decisive only),COMPATIBILITY_ONLY_NOT_PRODUCTION,161981.4376,145477.9019,9895.5916,610,586,-0.06109090,,-0.06109090,-0.06109090,-9895.5916,161981.4376,OK,0.0000,395.8237,4.0000,96.0000,AG03-UNRESOLVED,ALL5_LEVELS_bet23_to_bet27,395.8237,395.8237,395.8237,395.8237,395.8237,4.000000,4.000000,4.000000,4.000000,4.000000,96.000000,96.000000,96.000000,96.000000,96.000000,5.0,1979.1183,1826.9964,7916.4733,8068.5952,PENDING_AG03,FALSE,NOT_FOR_ENFORCEMENT,9499.7679,139658.7858,9895.5916,9499.7679,395.8237,0.06109090,0.05864726,395.8237,9499.7679,0.05864726,395.8237,395.8237,395.8237,395.8237,395.8237,9499.7679,0.05864726,1979.1183,1826.9964,7916.4733,8068.5952,0.04887272,0.04981185,0.00244364,265.5433,248.2558,16.8867,471.2186,46.4582,7713.4018,27.9048,,265.5433,130.8798,132.8436,523.5191,526.6345,579.298,1056.2184,131.6586,0.0,4.360753,7.950843,1.998918,28,109,27,6,0E-8,0.06109090,,0E-8,0.000000,0.898115,0.919672,,2026-03-23,2026-06-16,21,213,160,86,0.244186,,,0.000000,,,,,,,,GLOBAL_BASELINE_NO_ENTITY_RANKING,,,NOT_APPLICABLE_GLOBAL_BASELINE,HF9g-P5,,,,X 全窗基线 · 不参与实体赏罚,15056718,1506,A168_HF9F_20260827_0900,2026-08-27 09:00:00
2026-03-25,146711891,1401,0,2896.4899807778,-2369.8554388182,-2369.8554388182,0.1428571,7,7,0.50090561428571429,0.500905614286,-1.8946175331089474,-1.8946175331104613,-1.8946175331089474,-2.8571E-13,ELIGIBLE,R03b_20260811_FULL_v1,L1_ELIGIBILITY,v2026-08-11,2026-03-21..2026-08-06,baccarat_bet02_101_all_pairs_incl_sentinel,round_win = game_pnl > 0 (decisive only),COMPATIBILITY_ONLY_NOT_PRODUCTION,161981.4376,145477.9019,9895.5916,610,586,-0.06109090,,-0.06109090,-0.06109090,-9895.5916,161981.4376,OK,0.0000,395.8237,4.0000,96.0000,AG03-UNRESOLVED,ALL5_LEVELS_bet23_to_bet27,395.8237,395.8237,395.8237,395.8237,395.8237,4.000000,4.000000,4.000000,4.000000,4.000000,96.000000,96.000000,96.000000,96.000000,96.000000,5.0,1979.1183,1826.9964,7916.4733,8068.5952,PENDING_AG03,FALSE,NOT_FOR_ENFORCEMENT,9499.7679,139658.7858,9895.5916,9499.7679,395.8237,0.06109090,0.05864726,395.8237,9499.7679,0.05864726,395.8237,395.8237,395.8237,395.8237,395.8237,9499.7679,0.05864726,1979.1183,1826.9964,7916.4733,8068.5952,0.04887272,0.04981185,0.00244364,265.5433,248.2558,16.8867,471.2186,46.4582,7713.4018,27.9048,,265.5433,130.8798,132.8436,523.5191,526.6345,579.298,1056.2184,131.6586,0.0,4.360753,7.950843,1.998918,28,109,27,6,0E-8,0.06109090,,0E-8,0.000000,0.898115,0.919672,,2026-03-23,2026-06-16,21,213,160,86,0.244186,,,0.000000,,,,,,,,GLOBAL_BASELINE_NO_ENTITY_RANKING,,,NOT_APPLICABLE_GLOBAL_BASELINE,HF9g-P5,,,,X 全窗基线 · 不参与实体赏罚,15056719,1506,A168_HF9F_20260827_0900,2026-08-27 09:00:00
2026-03-25,146711891,1645,0,624.3252494931,-624.3252494931,-624.3252494931,0E-7,1,1,0.50665070000000000,0.506650700000,-1.013391052207602,-1.013391052207602,-1.013391052207602,0E-17,ELIGIBLE,R03b_20260811_FULL_v1,L1_ELIGIBILITY,v2026-08-11,2026-03-21..2026-08-06,baccarat_bet02_101_all_pairs_incl_sentinel,round_win = game_pnl > 0 (decisive only),COMPATIBILITY_ONLY_NOT_PRODUCTION,161981.4376,145477.9019,9895.5916,610,586,-0.06109090,,-0.06109090,-0.06109090,-9895.5916,161981.4376,OK,0.0000,395.8237,4.0000,96.0000,AG03-UNRESOLVED,ALL5_LEVELS_bet23_to_bet27,395.8237,395.8237,395.8237,395.8237,395.8237,4.000000,4.000000,4.000000,4.000000,4.000000,96.000000,96.000000,96.000000,96.000000,96.000000,5.0,1979.1183,1826.9964,7916.4733,8068.5952,PENDING_AG03,FALSE,NOT_FOR_ENFORCEMENT,9499.7679,139658.7858,9895.5916,9499.7679,395.8237,0.06109090,0.05864726,395.8237,9499.7679,0.05864726,395.8237,395.8237,395.8237,395.8237,395.8237,9499.7679,0.05864726,1979.1183,1826.9964,7916.4733,8068.5952,0.04887272,0.04981185,0.00244364,265.5433,248.2558,16.8867,471.2186,46.4582,7713.4018,27.9048,,265.5433,130.8798,132.8436,523.5191,526.6345,579.298,1056.2184,131.6586,0.0,4.360753,7.950843,1.998918,28,109,27,6,0E-8,0.06109090,,0E-8,0.000000,0.898115,0.919672,,2026-03-23,2026-06-16,21,213,160,86,0.244186,,,0.000000,,,,,,,,GLOBAL_BASELINE_NO_ENTITY_RANKING,,,NOT_APPLICABLE_GLOBAL_BASELINE,HF9g-P5,,,,X 全窗基线 · 不参与实体赏罚,15056720,1506,A168_HF9F_20260827_0900,2026-08-27 09:00:00
2026-03-25,146711891,1654,0,605.6297232536,-552.9662690576,-552.9662690576,0.5000000,2,2,0.49994810000000000,0.499948100000,0.00014679536856514622,0.00014679536856514622,0.00014679536856514622,0E-17,ELIGIBLE,R03b_20260811_FULL_v1,L1_ELIGIBILITY,v2026-08-11,2026-03-21..2026-08-06,baccarat_bet02_101_all_pairs_incl_sentinel,round_win = game_pnl > 0 (decisive only),COMPATIBILITY_ONLY_NOT_PRODUCTION,161981.4376,145477.9019,9895.5916,610,586,-0.06109090,,-0.06109090,-0.06109090,-9895.5916,161981.4376,OK,0.0000,395.8237,4.0000,96.0000,AG03-UNRESOLVED,ALL5_LEVELS_bet23_to_bet27,395.8237,395.8237,395.8237,395.8237,395.8237,4.000000,4.000000,4.000000,4.000000,4.000000,96.000000,96.000000,96.000000,96.000000,96.000000,5.0,1979.1183,1826.9964,7916.4733,8068.5952,PENDING_AG03,FALSE,NOT_FOR_ENFORCEMENT,9499.7679,139658.7858,9895.5916,9499.7679,395.8237,0.06109090,0.05864726,395.8237,9499.7679,0.05864726,395.8237,395.8237,395.8237,395.8237,395.8237,9499.7679,0.05864726,1979.1183,1826.9964,7916.4733,8068.5952,0.04887272,0.04981185,0.00244364,265.5433,248.2558,16.8867,471.2186,46.4582,7713.4018,27.9048,,265.5433,130.8798,132.8436,523.5191,526.6345,579.298,1056.2184,131.6586,0.0,4.360753,7.950843,1.998918,28,109,27,6,0E-8,0.06109090,,0E-8,0.000000,0.898115,0.919672,,2026-03-23,2026-06-16,21,213,160,86,0.244186,,,0.000000,,,,,,,,GLOBAL_BASELINE_NO_ENTITY_RANKING,,,NOT_APPLICABLE_GLOBAL_BASELINE,HF9g-P5,,,,X 全窗基线 · 不参与实体赏罚,15056721,1506,A168_HF9F_20260827_0900,2026-08-27 09:00:00
2026-03-25,146711891,1994,0,1053.2690839192,789.9518129394,789.9518129394,1.0000000,2,2,0.49994810000000000,0.499948100000,1.4143603653603398,1.4143603653603398,1.4143603653603398,0E-17,ELIGIBLE,R03b_20260811_FULL_v1,L1_ELIGIBILITY,v2026-08-11,2026-03-21..2026-08-06,baccarat_bet02_101_all_pairs_incl_sentinel,round_win = game_pnl > 0 (decisive only),COMPATIBILITY_ONLY_NOT_PRODUCTION,161981.4376,145477.9019,9895.5916,610,586,-0.06109090,,-0.06109090,-0.06109090,-9895.5916,161981.4376,OK,0.0000,395.8237,4.0000,96.0000,AG03-UNRESOLVED,ALL5_LEVELS_bet23_to_bet27,395.8237,395.8237,395.8237,395.8237,395.8237,4.000000,4.000000,4.000000,4.000000,4.000000,96.000000,96.000000,96.000000,96.000000,96.000000,5.0,1979.1183,1826.9964,7916.4733,8068.5952,PENDING_AG03,FALSE,NOT_FOR_ENFORCEMENT,9499.7679,139658.7858,9895.5916,9499.7679,395.8237,0.06109090,0.05864726,395.8237,9499.7679,0.05864726,395.8237,395.8237,395.8237,395.8237,395.8237,9499.7679,0.05864726,1979.1183,1826.9964,7916.4733,8068.5952,0.04887272,0.04981185,0.00244364,265.5433,248.2558,16.8867,471.2186,46.4582,7713.4018,27.9048,,265.5433,130.8798,132.8436,523.5191,526.6345,579.298,1056.2184,131.6586,0.0,4.360753,7.950843,1.998918,28,109,27,6,0E-8,0.06109090,,0E-8,0.000000,0.898115,0.919672,,2026-03-23,2026-06-16,21,213,160,86,0.244186,,,0.000000,,,,,,,,GLOBAL_BASELINE_NO_ENTITY_RANKING,,,NOT_APPLICABLE_GLOBAL_BASELINE,HF9g-P5,,,,X 全窗基线 · 不参与实体赏罚,15056722,1506,A168_HF9F_20260827_0900,2026-08-27 09:00:00
2026-03-25,146711891,2106,0,1053.2690839192,0E-10,0E-10,0.5000000,2,2,0.49324550000000000,0.493245500000,0.01910635448239258,0.01910635448239258,0.01910635448239258,0E-17,ELIGIBLE,R03b_20260811_FULL_v1,L1_ELIGIBILITY,v2026-08-11,2026-03-21..2026-08-06,baccarat_bet02_101_all_pairs_incl_sentinel,round_win = game_pnl > 0 (decisive only),COMPATIBILITY_ONLY_NOT_PRODUCTION,161981.4376,145477.9019,9895.5916,610,586,-0.06109090,,-0.06109090,-0.06109090,-9895.5916,161981.4376,OK,0.0000,395.8237,4.0000,96.0000,AG03-UNRESOLVED,ALL5_LEVELS_bet23_to_bet27,395.8237,395.8237,395.8237,395.8237,395.8237,4.000000,4.000000,4.000000,4.000000,4.000000,96.000000,96.000000,96.000000,96.000000,96.000000,5.0,1979.1183,1826.9964,7916.4733,8068.5952,PENDING_AG03,FALSE,NOT_FOR_ENFORCEMENT,9499.7679,139658.7858,9895.5916,9499.7679,395.8237,0.06109090,0.05864726,395.8237,9499.7679,0.05864726,395.8237,395.8237,395.8237,395.8237,395.8237,9499.7679,0.05864726,1979.1183,1826.9964,7916.4733,8068.5952,0.04887272,0.04981185,0.00244364,265.5433,248.2558,16.8867,471.2186,46.4582,7713.4018,27.9048,,265.5433,130.8798,132.8436,523.5191,526.6345,579.298,1056.2184,131.6586,0.0,4.360753,7.950843,1.998918,28,109,27,6,0E-8,0.06109090,,0E-8,0.000000,0.898115,0.919672,,2026-03-23,2026-06-16,21,213,160,86,0.244186,,,0.000000,,,,,,,,GLOBAL_BASELINE_NO_ENTITY_RANKING,,,NOT_APPLICABLE_GLOBAL_BASELINE,HF9g-P5,,,,X 全窗基线 · 不参与实体赏罚,15056723,1506,A168_HF9F_20260827_0900,2026-08-27 09:00:00
2026-03-25,146711891,2117,0,2686.6261158069,-2686.6261158069,-2686.6261158069,0E-7,4,4,0.50665070000000000,0.506650700000,-2.026782104415204,-2.026782104415204,-2.026782104415204,0E-17,ELIGIBLE,R03b_20260811_FULL_v1,L1_ELIGIBILITY,v2026-08-11,2026-03-21..2026-08-06,baccarat_bet02_101_all_pairs_incl_sentinel,round_win = game_pnl > 0 (decisive only),COMPATIBILITY_ONLY_NOT_PRODUCTION,161981.4376,145477.9019,9895.5916,610,586,-0.06109090,,-0.06109090,-0.06109090,-9895.5916,161981.4376,OK,0.0000,395.8237,4.0000,96.0000,AG03-UNRESOLVED,ALL5_LEVELS_bet23_to_bet27,395.8237,395.8237,395.8237,395.8237,395.8237,4.000000,4.000000,4.000000,4.000000,4.000000,96.000000,96.000000,96.000000,96.000000,96.000000,5.0,1979.1183,1826.9964,7916.4733,8068.5952,PENDING_AG03,FALSE,NOT_FOR_ENFORCEMENT,9499.7679,139658.7858,9895.5916,9499.7679,395.8237,0.06109090,0.05864726,395.8237,9499.7679,0.05864726,395.8237,395.8237,395.8237,395.8237,395.8237,9499.7679,0.05864726,1979.1183,1826.9964,7916.4733,8068.5952,0.04887272,0.04981185,0.00244364,265.5433,248.2558,16.8867,471.2186,46.4582,7713.4018,27.9048,,265.5433,130.8798,132.8436,523.5191,526.6345,579.298,1056.2184,131.6586,0.0,4.360753,7.950843,1.998918,28,109,27,6,0E-8,0.06109090,,0E-8,0.000000,0.898115,0.919672,,2026-03-23,2026-06-16,21,213,160,86,0.244186,,,0.000000,,,,,,,,GLOBAL_BASELINE_NO_ENTITY_RANKING,,,NOT_APPLICABLE_GLOBAL_BASELINE,HF9g-P5,,,,X 全窗基线 · 不参与实体赏罚,15056724,1506,A168_HF9F_20260827_0900,2026-08-27 09:00:00
2026-03-25,146711891,2121,0,526.6345419596,-526.6345419596,-526.6345419596,0E-7,1,1,0.49324550000000000,0.493245500000,-0.9865810262130424,-0.9865810262130424,-0.9865810262130424,0E-17,ELIGIBLE,R03b_20260811_FULL_v1,L1_ELIGIBILITY,v2026-08-11,2026-03-21..2026-08-06,baccarat_bet02_101_all_pairs_incl_sentinel,round_win = game_pnl > 0 (decisive only),COMPATIBILITY_ONLY_NOT_PRODUCTION,161981.4376,145477.9019,9895.5916,610,586,-0.06109090,,-0.06109090,-0.06109090,-9895.5916,161981.4376,OK,0.0000,395.8237,4.0000,96.0000,AG03-UNRESOLVED,ALL5_LEVELS_bet23_to_bet27,395.8237,395.8237,395.8237,395.8237,395.8237,4.000000,4.000000,4.000000,4.000000,4.000000,96.000000,96.000000,96.000000,96.000000,96.000000,5.0,1979.1183,1826.9964,7916.4733,8068.5952,PENDING_AG03,FALSE,NOT_FOR_ENFORCEMENT,9499.7679,139658.7858,9895.5916,9499.7679,395.8237,0.06109090,0.05864726,395.8237,9499.7679,0.05864726,395.8237,395.8237,395.8237,395.8237,395.8237,9499.7679,0.05864726,1979.1183,1826.9964,7916.4733,8068.5952,0.04887272,0.04981185,0.00244364,265.5433,248.2558,16.8867,471.2186,46.4582,7713.4018,27.9048,,265.5433,130.8798,132.8436,523.5191,526.6345,579.298,1056.2184,131.6586,0.0,4.360753,7.950843,1.998918,28,109,27,6,0E-8,0.06109090,,0E-8,0.000000,0.898115,0.919672,,2026-03-23,2026-06-16,21,213,160,86,0.244186,,,0.000000,,,,,,,,GLOBAL_BASELINE_NO_ENTITY_RANKING,,,NOT_APPLICABLE_GLOBAL_BASELINE,HF9g-P5,,,,X 全窗基线 · 不参与实体赏罚,15056725,1506,A168_HF9F_20260827_0900,2026-08-27 09:00:00
2026-03-25,146711891,2201,0,263.3172709798,-263.3172709798,-263.3172709798,0E-7,1,1,0.50665070000000000,0.506650700000,-1.013391052207602,-1.013391052207602,-1.013391052207602,0E-17,ELIGIBLE,R03b_20260811_FULL_v1,L1_ELIGIBILITY,v2026-08-11,2026-03-21..2026-08-06,baccarat_bet02_101_all_pairs_incl_sentinel,round_win = game_pnl > 0 (decisive only),COMPATIBILITY_ONLY_NOT_PRODUCTION,161981.4376,145477.9019,9895.5916,610,586,-0.06109090,,-0.06109090,-0.06109090,-9895.5916,161981.4376,OK,0.0000,395.8237,4.0000,96.0000,AG03-UNRESOLVED,ALL5_LEVELS_bet23_to_bet27,395.8237,395.8237,395.8237,395.8237,395.8237,4.000000,4.000000,4.000000,4.000000,4.000000,96.000000,96.000000,96.000000,96.000000,96.000000,5.0,1979.1183,1826.9964,7916.4733,8068.5952,PENDING_AG03,FALSE,NOT_FOR_ENFORCEMENT,9499.7679,139658.7858,9895.5916,9499.7679,395.8237,0.06109090,0.05864726,395.8237,9499.7679,0.05864726,395.8237,395.8237,395.8237,395.8237,395.8237,9499.7679,0.05864726,1979.1183,1826.9964,7916.4733,8068.5952,0.04887272,0.04981185,0.00244364,265.5433,248.2558,16.8867,471.2186,46.4582,7713.4018,27.9048,,265.5433,130.8798,132.8436,523.5191,526.6345,579.298,1056.2184,131.6586,0.0,4.360753,7.950843,1.998918,28,109,27,6,0E-8,0.06109090,,0E-8,0.000000,0.898115,0.919672,,2026-03-23,2026-06-16,21,213,160,86,0.244186,,,0.000000,,,,,,,,GLOBAL_BASELINE_NO_ENTITY_RANKING,,,NOT_APPLICABLE_GLOBAL_BASELINE,HF9g-P5,,,,X 全窗基线 · 不参与实体赏罚,15056726,1506,A168_HF9F_20260827_0900,2026-08-27 09:00:00
2026-03-25,146711891,2246,0,1843.2208968586,-263.3172709798,-263.3172709798,0.4285714,7,7,0.50090561428571429,0.500905614286,-0.38275716120403624,-0.38275716120554854,-0.38275716120403624,-2.8571E-13,ELIGIBLE,R03b_20260811_FULL_v1,L1_ELIGIBILITY,v2026-08-11,2026-03-21..2026-08-06,baccarat_bet02_101_all_pairs_incl_sentinel,round_win = game_pnl > 0 (decisive only),COMPATIBILITY_ONLY_NOT_PRODUCTION,161981.4376,145477.9019,9895.5916,610,586,-0.06109090,,-0.06109090,-0.06109090,-9895.5916,161981.4376,OK,0.0000,395.8237,4.0000,96.0000,AG03-UNRESOLVED,ALL5_LEVELS_bet23_to_bet27,395.8237,395.8237,395.8237,395.8237,395.8237,4.000000,4.000000,4.000000,4.000000,4.000000,96.000000,96.000000,96.000000,96.000000,96.000000,5.0,1979.1183,1826.9964,7916.4733,8068.5952,PENDING_AG03,FALSE,NOT_FOR_ENFORCEMENT,9499.7679,139658.7858,9895.5916,9499.7679,395.8237,0.06109090,0.05864726,395.8237,9499.7679,0.05864726,395.8237,395.8237,395.8237,395.8237,395.8237,9499.7679,0.05864726,1979.1183,1826.9964,7916.4733,8068.5952,0.04887272,0.04981185,0.00244364,265.5433,248.2558,16.8867,471.2186,46.4582,7713.4018,27.9048,,265.5433,130.8798,132.8436,523.5191,526.6345,579.298,1056.2184,131.6586,0.0,4.360753,7.950843,1.998918,28,109,27,6,0E-8,0.06109090,,0E-8,0.000000,0.898115,0.919672,,2026-03-23,2026-06-16,21,213,160,86,0.244186,,,0.000000,,,,,,,,GLOBAL_BASELINE_NO_ENTITY_RANKING,,,NOT_APPLICABLE_GLOBAL_BASELINE,HF9g-P5,,,,X 全窗基线 · 不参与实体赏罚,15056727,1506,A168_HF9F_20260827_0900,2026-08-27 09:00:00
2026-03-25,146711891,2258,0,526.6345419596,-526.6345419596,-526.6345419596,0E-7,1,1,0.49324550000000000,0.493245500000,-0.9865810262130424,-0.9865810262130424,-0.9865810262130424,0E-17,ELIGIBLE,R03b_20260811_FULL_v1,L1_ELIGIBILITY,v2026-08-11,2026-03-21..2026-08-06,baccarat_bet02_101_all_pairs_incl_sentinel,round_win = game_pnl > 0 (decisive only),COMPATIBILITY_ONLY_NOT_PRODUCTION,161981.4376,145477.9019,9895.5916,610,586,-0.06109090,,-0.06109090,-0.06109090,-9895.5916,161981.4376,OK,0.0000,395.8237,4.0000,96.0000,AG03-UNRESOLVED,ALL5_LEVELS_bet23_to_bet27,395.8237,395.8237,395.8237,395.8237,395.8237,4.000000,4.000000,4.000000,4.000000,4.000000,96.000000,96.000000,96.000000,96.000000,96.000000,5.0,1979.1183,1826.9964,7916.4733,8068.5952,PENDING_AG03,FALSE,NOT_FOR_ENFORCEMENT,9499.7679,139658.7858,9895.5916,9499.7679,395.8237,0.06109090,0.05864726,395.8237,9499.7679,0.05864726,395.8237,395.8237,395.8237,395.8237,395.8237,9499.7679,0.05864726,1979.1183,1826.9964,7916.4733,8068.5952,0.04887272,0.04981185,0.00244364,265.5433,248.2558,16.8867,471.2186,46.4582,7713.4018,27.9048,,265.5433,130.8798,132.8436,523.5191,526.6345,579.298,1056.2184,131.6586,0.0,4.360753,7.950843,1.998918,28,109,27,6,0E-8,0.06109090,,0E-8,0.000000,0.898115,0.919672,,2026-03-23,2026-06-16,21,213,160,86,0.244186,,,0.000000,,,,,,,,GLOBAL_BASELINE_NO_ENTITY_RANKING,,,NOT_APPLICABLE_GLOBAL_BASELINE,HF9g-P5,,,,X 全窗基线 · 不参与实体赏罚,15056728,1506,A168_HF9F_20260827_0900,2026-08-27 09:00:00
2026-03-25,146711891,948,0,263.3172709798,-263.3172709798,-263.3172709798,0E-7,1,1,0.49324550000000000,0.493245500000,-0.9865810262130424,-0.9865810262130424,-0.9865810262130424,0E-17,ELIGIBLE,R03b_20260811_FULL_v1,L1_ELIGIBILITY,v2026-08-11,2026-03-21..2026-08-06,baccarat_bet02_101_all_pairs_incl_sentinel,round_win = game_pnl > 0 (decisive only),COMPATIBILITY_ONLY_NOT_PRODUCTION,161981.4376,145477.9019,9895.5916,610,586,-0.06109090,,-0.06109090,-0.06109090,-9895.5916,161981.4376,OK,0.0000,395.8237,4.0000,96.0000,AG03-UNRESOLVED,ALL5_LEVELS_bet23_to_bet27,395.8237,395.8237,395.8237,395.8237,395.8237,4.000000,4.000000,4.000000,4.000000,4.000000,96.000000,96.000000,96.000000,96.000000,96.000000,5.0,1979.1183,1826.9964,7916.4733,8068.5952,PENDING_AG03,FALSE,NOT_FOR_ENFORCEMENT,9499.7679,139658.7858,9895.5916,9499.7679,395.8237,0.06109090,0.05864726,395.8237,9499.7679,0.05864726,395.8237,395.8237,395.8237,395.8237,395.8237,9499.7679,0.05864726,1979.1183,1826.9964,7916.4733,8068.5952,0.04887272,0.04981185,0.00244364,265.5433,248.2558,16.8867,471.2186,46.4582,7713.4018,27.9048,,265.5433,130.8798,132.8436,523.5191,526.6345,579.298,1056.2184,131.6586,0.0,4.360753,7.950843,1.998918,28,109,27,6,0E-8,0.06109090,,0E-8,0.000000,0.898115,0.919672,,2026-03-23,2026-06-16,21,213,160,86,0.244186,,,0.000000,,,,,,,,GLOBAL_BASELINE_NO_ENTITY_RANKING,,,NOT_APPLICABLE_GLOBAL_BASELINE,HF9g-P5,,,,X 全窗基线 · 不参与实体赏罚,15056729,1506,A168_HF9F_20260827_0900,2026-08-27 09:00:00
2026-03-26,146711891,1115,0,333.3596650605,-111.1198883535,-111.1198883535,0.5000000,2,2,0.49324550000000000,0.493245500000,0.01910635448239258,0.01910635448239258,0.01910635448239258,0E-17,ELIGIBLE,R03b_20260811_FULL_v1,L1_ELIGIBILITY,v2026-08-11,2026-03-21..2026-08-06,baccarat_bet02_101_all_pairs_incl_sentinel,round_win = game_pnl > 0 (decisive only),COMPATIBILITY_ONLY_NOT_PRODUCTION,161981.4376,145477.9019,9895.5916,610,586,-0.06109090,,-0.06109090,-0.06109090,-9895.5916,161981.4376,OK,0.0000,395.8237,4.0000,96.0000,AG03-UNRESOLVED,ALL5_LEVELS_bet23_to_bet27,395.8237,395.8237,395.8237,395.8237,395.8237,4.000000,4.000000,4.000000,4.000000,4.000000,96.000000,96.000000,96.000000,96.000000,96.000000,5.0,1979.1183,1826.9964,7916.4733,8068.5952,PENDING_AG03,FALSE,NOT_FOR_ENFORCEMENT,9499.7679,139658.7858,9895.5916,9499.7679,395.8237,0.06109090,0.05864726,395.8237,9499.7679,0.05864726,395.8237,395.8237,395.8237,395.8237,395.8237,9499.7679,0.05864726,1979.1183,1826.9964,7916.4733,8068.5952,0.04887272,0.04981185,0.00244364,265.5433,248.2558,16.8867,471.2186,46.4582,7713.4018,27.9048,,265.5433,130.8798,132.8436,523.5191,526.6345,579.298,1056.2184,131.6586,0.0,4.360753,7.950843,1.998918,28,109,27,6,0E-8,0.06109090,,0E-8,0.000000,0.898115,0.919672,,2026-03-23,2026-06-16,21,213,160,86,0.244186,,,0.000000,,,,,,,,GLOBAL_BASELINE_NO_ENTITY_RANKING,,,NOT_APPLICABLE_GLOBAL_BASELINE,HF9g-P5,,,,X 全窗基线 · 不参与实体赏罚,15056730,1506,A168_HF9F_20260827_0900,2026-08-27 09:00:00
2026-03-26,146711891,1299,0,196.4346841510,-8.9527872134,-8.9527872134,0.4000000,7,5,0.19274468912033220,0.163919100000,1.1748813357567256,1.4259586195553884,1.1748813357567256,0.02882558912033220,ELIGIBLE,R03b_20260811_FULL_v1,L1_ELIGIBILITY,v2026-08-11,2026-03-21..2026-08-06,baccarat_bet02_101_all_pairs_incl_sentinel,round_win = game_pnl > 0 (decisive only),COMPATIBILITY_ONLY_NOT_PRODUCTION,161981.4376,145477.9019,9895.5916,610,586,-0.06109090,,-0.06109090,-0.06109090,-9895.5916,161981.4376,OK,0.0000,395.8237,4.0000,96.0000,AG03-UNRESOLVED,ALL5_LEVELS_bet23_to_bet27,395.8237,395.8237,395.8237,395.8237,395.8237,4.000000,4.000000,4.000000,4.000000,4.000000,96.000000,96.000000,96.000000,96.000000,96.000000,5.0,1979.1183,1826.9964,7916.4733,8068.5952,PENDING_AG03,FALSE,NOT_FOR_ENFORCEMENT,9499.7679,139658.7858,9895.5916,9499.7679,395.8237,0.06109090,0.05864726,395.8237,9499.7679,0.05864726,395.8237,395.8237,395.8237,395.8237,395.8237,9499.7679,0.05864726,1979.1183,1826.9964,7916.4733,8068.5952,0.04887272,0.04981185,0.00244364,265.5433,248.2558,16.8867,471.2186,46.4582,7713.4018,27.9048,,265.5433,130.8798,132.8436,523.5191,526.6345,579.298,1056.2184,131.6586,0.0,4.360753,7.950843,1.998918,28,109,27,6,0E-8,0.06109090,,0E-8,0.000000,0.898115,0.919672,,2026-03-23,2026-06-16,21,213,160,86,0.244186,,,0.000000,,,,,,,,GLOBAL_BASELINE_NO_ENTITY_RANKING,,,NOT_APPLICABLE_GLOBAL_BASELINE,HF9g-P5,,,,X 全窗基线 · 不参与实体赏罚,15056731,1506,A168_HF9F_20260827_0900,2026-08-27 09:00:00
2026-03-26,146711891,1750,0,13.1658635490,12.5075703715,12.5075703715,1.0000000,1,1,0.50665070000000000,0.506650700000,0.9867858985152569,0.9867858985152569,0.9867858985152569,0E-17,ELIGIBLE,R03b_20260811_FULL_v1,L1_ELIGIBILITY,v2026-08-11,2026-03-21..2026-08-06,baccarat_bet02_101_all_pairs_incl_sentinel,round_win = game_pnl > 0 (decisive only),COMPATIBILITY_ONLY_NOT_PRODUCTION,161981.4376,145477.9019,9895.5916,610,586,-0.06109090,,-0.06109090,-0.06109090,-9895.5916,161981.4376,OK,0.0000,395.8237,4.0000,96.0000,AG03-UNRESOLVED,ALL5_LEVELS_bet23_to_bet27,395.8237,395.8237,395.8237,395.8237,395.8237,4.000000,4.000000,4.000000,4.000000,4.000000,96.000000,96.000000,96.000000,96.000000,96.000000,5.0,1979.1183,1826.9964,7916.4733,8068.5952,PENDING_AG03,FALSE,NOT_FOR_ENFORCEMENT,9499.7679,139658.7858,9895.5916,9499.7679,395.8237,0.06109090,0.05864726,395.8237,9499.7679,0.05864726,395.8237,395.8237,395.8237,395.8237,395.8237,9499.7679,0.05864726,1979.1183,1826.9964,7916.4733,8068.5952,0.04887272,0.04981185,0.00244364,265.5433,248.2558,16.8867,471.2186,46.4582,7713.4018,27.9048,,265.5433,130.8798,132.8436,523.5191,526.6345,579.298,1056.2184,131.6586,0.0,4.360753,7.950843,1.998918,28,109,27,6,0E-8,0.06109090,,0E-8,0.000000,0.898115,0.919672,,2026-03-23,2026-06-16,21,213,160,86,0.244186,,,0.000000,,,,,,,,GLOBAL_BASELINE_NO_ENTITY_RANKING,,,NOT_APPLICABLE_GLOBAL_BASELINE,HF9g-P5,,,,X 全窗基线 · 不参与实体赏罚,15056732,1506,A168_HF9F_20260827_0900,2026-08-27 09:00:00
2026-03-26,146711891,2123,0,52.6634541960,-52.6634541960,-52.6634541960,0E-7,2,1,0.28741650000000000,0.287416500000,-0.6350939377956173,-0.6350939377956173,-0.6350939377956173,0E-17,ELIGIBLE,R03b_20260811_FULL_v1,L1_ELIGIBILITY,v2026-08-11,2026-03-21..2026-08-06,baccarat_bet02_101_all_pairs_incl_sentinel,round_win = game_pnl > 0 (decisive only),COMPATIBILITY_ONLY_NOT_PRODUCTION,161981.4376,145477.9019,9895.5916,610,586,-0.06109090,,-0.06109090,-0.06109090,-9895.5916,161981.4376,OK,0.0000,395.8237,4.0000,96.0000,AG03-UNRESOLVED,ALL5_LEVELS_bet23_to_bet27,395.8237,395.8237,395.8237,395.8237,395.8237,4.000000,4.000000,4.000000,4.000000,4.000000,96.000000,96.000000,96.000000,96.000000,96.000000,5.0,1979.1183,1826.9964,7916.4733,8068.5952,PENDING_AG03,FALSE,NOT_FOR_ENFORCEMENT,9499.7679,139658.7858,9895.5916,9499.7679,395.8237,0.06109090,0.05864726,395.8237,9499.7679,0.05864726,395.8237,395.8237,395.8237,395.8237,395.8237,9499.7679,0.05864726,1979.1183,1826.9964,7916.4733,8068.5952,0.04887272,0.04981185,0.00244364,265.5433,248.2558,16.8867,471.2186,46.4582,7713.4018,27.9048,,265.5433,130.8798,132.8436,523.5191,526.6345,579.298,1056.2184,131.6586,0.0,4.360753,7.950843,1.998918,28,109,27,6,0E-8,0.06109090,,0E-8,0.000000,0.898115,0.919672,,2026-03-23,2026-06-16,21,213,160,86,0.244186,,,0.000000,,,,,,,,GLOBAL_BASELINE_NO_ENTITY_RANKING,,,NOT_APPLICABLE_GLOBAL_BASELINE,HF9g-P5,,,,X 全窗基线 · 不参与实体赏罚,15056733,1506,A168_HF9F_20260827_0900,2026-08-27 09:00:00
2026-03-26,146711891,2160,0,26.3317270980,26.3317270980,26.3317270980,1.0000000,1,1,0.49324550000000000,0.493245500000,1.01360149184955,1.01360149184955,1.01360149184955,0E-17,ELIGIBLE,R03b_20260811_FULL_v1,L1_ELIGIBILITY,v2026-08-11,2026-03-21..2026-08-06,baccarat_bet02_101_all_pairs_incl_sentinel,round_win = game_pnl > 0 (decisive only),COMPATIBILITY_ONLY_NOT_PRODUCTION,161981.4376,145477.9019,9895.5916,610,586,-0.06109090,,-0.06109090,-0.06109090,-9895.5916,161981.4376,OK,0.0000,395.8237,4.0000,96.0000,AG03-UNRESOLVED,ALL5_LEVELS_bet23_to_bet27,395.8237,395.8237,395.8237,395.8237,395.8237,4.000000,4.000000,4.000000,4.000000,4.000000,96.000000,96.000000,96.000000,96.000000,96.000000,5.0,1979.1183,1826.9964,7916.4733,8068.5952,PENDING_AG03,FALSE,NOT_FOR_ENFORCEMENT,9499.7679,139658.7858,9895.5916,9499.7679,395.8237,0.06109090,0.05864726,395.8237,9499.7679,0.05864726,395.8237,395.8237,395.8237,395.8237,395.8237,9499.7679,0.05864726,1979.1183,1826.9964,7916.4733,8068.5952,0.04887272,0.04981185,0.00244364,265.5433,248.2558,16.8867,471.2186,46.4582,7713.4018,27.9048,,265.5433,130.8798,132.8436,523.5191,526.6345,579.298,1056.2184,131.6586,0.0,4.360753,7.950843,1.998918,28,109,27,6,0E-8,0.06109090,,0E-8,0.000000,0.898115,0.919672,,2026-03-23,2026-06-16,21,213,160,86,0.244186,,,0.000000,,,,,,,,GLOBAL_BASELINE_NO_ENTITY_RANKING,,,NOT_APPLICABLE_GLOBAL_BASELINE,HF9g-P5,,,,X 全窗基线 · 不参与实体赏罚,15056734,1506,A168_HF9F_20260827_0900,2026-08-27 09:00:00
2026-03-26,146711891,550,0,132.7119045739,53.7167232799,53.7167232799,0.6666667,4,3,0.46351788692809184,0.427954033333,0.7056087748728078,0.8356453583429717,0.7056087748728078,0.03556385359509184,ELIGIBLE,R03b_20260811_FULL_v1,L1_ELIGIBILITY,v2026-08-11,2026-03-21..2026-08-06,baccarat_bet02_101_all_pairs_incl_sentinel,round_win = game_pnl > 0 (decisive only),COMPATIBILITY_ONLY_NOT_PRODUCTION,161981.4376,145477.9019,9895.5916,610,586,-0.06109090,,-0.06109090,-0.06109090,-9895.5916,161981.4376,OK,0.0000,395.8237,4.0000,96.0000,AG03-UNRESOLVED,ALL5_LEVELS_bet23_to_bet27,395.8237,395.8237,395.8237,395.8237,395.8237,4.000000,4.000000,4.000000,4.000000,4.000000,96.000000,96.000000,96.000000,96.000000,96.000000,5.0,1979.1183,1826.9964,7916.4733,8068.5952,PENDING_AG03,FALSE,NOT_FOR_ENFORCEMENT,9499.7679,139658.7858,9895.5916,9499.7679,395.8237,0.06109090,0.05864726,395.8237,9499.7679,0.05864726,395.8237,395.8237,395.8237,395.8237,395.8237,9499.7679,0.05864726,1979.1183,1826.9964,7916.4733,8068.5952,0.04887272,0.04981185,0.00244364,265.5433,248.2558,16.8867,471.2186,46.4582,7713.4018,27.9048,,265.5433,130.8798,132.8436,523.5191,526.6345,579.298,1056.2184,131.6586,0.0,4.360753,7.950843,1.998918,28,109,27,6,0E-8,0.06109090,,0E-8,0.000000,0.898115,0.919672,,2026-03-23,2026-06-16,21,213,160,86,0.244186,,,0.000000,,,,,,,,GLOBAL_BASELINE_NO_ENTITY_RANKING,,,NOT_APPLICABLE_GLOBAL_BASELINE,HF9g-P5,,,,X 全窗基线 · 不参与实体赏罚,15056735,1506,A168_HF9F_20260827_0900,2026-08-27 09:00:00
2026-03-27,146711891,-1,1,526.6345419596,263.3172709798,263.3172709798,1.0000000,1,1,0.50665070000000000,0.506650700000,0.9867858985152569,0.9867858985152569,0.9867858985152569,0E-17,SENTINEL_DEALER,R03b_20260811_FULL_v1,L1_ELIGIBILITY,v2026-08-11,2026-03-21..2026-08-06,baccarat_bet02_101_all_pairs_incl_sentinel,round_win = game_pnl > 0 (decisive only),COMPATIBILITY_ONLY_NOT_PRODUCTION,161981.4376,145477.9019,9895.5916,610,586,-0.06109090,,-0.06109090,-0.06109090,-9895.5916,161981.4376,OK,0.0000,395.8237,4.0000,96.0000,AG03-UNRESOLVED,ALL5_LEVELS_bet23_to_bet27,395.8237,395.8237,395.8237,395.8237,395.8237,4.000000,4.000000,4.000000,4.000000,4.000000,96.000000,96.000000,96.000000,96.000000,96.000000,5.0,1979.1183,1826.9964,7916.4733,8068.5952,PENDING_AG03,FALSE,NOT_FOR_ENFORCEMENT,9499.7679,139658.7858,9895.5916,9499.7679,395.8237,0.06109090,0.05864726,395.8237,9499.7679,0.05864726,395.8237,395.8237,395.8237,395.8237,395.8237,9499.7679,0.05864726,1979.1183,1826.9964,7916.4733,8068.5952,0.04887272,0.04981185,0.00244364,265.5433,248.2558,16.8867,471.2186,46.4582,7713.4018,27.9048,,265.5433,130.8798,132.8436,523.5191,526.6345,579.298,1056.2184,131.6586,0.0,4.360753,7.950843,1.998918,28,109,27,6,0E-8,0.06109090,,0E-8,0.000000,0.898115,0.919672,,2026-03-23,2026-06-16,21,213,160,86,0.244186,,,0.000000,,,,,,,,GLOBAL_BASELINE_NO_ENTITY_RANKING,,,NOT_APPLICABLE_GLOBAL_BASELINE,HF9g-P5,,,,X 全窗基线 · 不参与实体赏罚,15056736,1506,A168_HF9F_20260827_0900,2026-08-27 09:00:00
2026-03-27,146711891,1210,0,263.3172709798,263.3172709798,263.3172709798,1.0000000,1,1,0.50665070000000000,0.506650700000,0.9867858985152569,0.9867858985152569,0.9867858985152569,0E-17,ELIGIBLE,R03b_20260811_FULL_v1,L1_ELIGIBILITY,v2026-08-11,2026-03-21..2026-08-06,baccarat_bet02_101_all_pairs_incl_sentinel,round_win = game_pnl > 0 (decisive only),COMPATIBILITY_ONLY_NOT_PRODUCTION,161981.4376,145477.9019,9895.5916,610,586,-0.06109090,,-0.06109090,-0.06109090,-9895.5916,161981.4376,OK,0.0000,395.8237,4.0000,96.0000,AG03-UNRESOLVED,ALL5_LEVELS_bet23_to_bet27,395.8237,395.8237,395.8237,395.8237,395.8237,4.000000,4.000000,4.000000,4.000000,4.000000,96.000000,96.000000,96.000000,96.000000,96.000000,5.0,1979.1183,1826.9964,7916.4733,8068.5952,PENDING_AG03,FALSE,NOT_FOR_ENFORCEMENT,9499.7679,139658.7858,9895.5916,9499.7679,395.8237,0.06109090,0.05864726,395.8237,9499.7679,0.05864726,395.8237,395.8237,395.8237,395.8237,395.8237,9499.7679,0.05864726,1979.1183,1826.9964,7916.4733,8068.5952,0.04887272,0.04981185,0.00244364,265.5433,248.2558,16.8867,471.2186,46.4582,7713.4018,27.9048,,265.5433,130.8798,132.8436,523.5191,526.6345,579.298,1056.2184,131.6586,0.0,4.360753,7.950843,1.998918,28,109,27,6,0E-8,0.06109090,,0E-8,0.000000,0.898115,0.919672,,2026-03-23,2026-06-16,21,213,160,86,0.244186,,,0.000000,,,,,,,,GLOBAL_BASELINE_NO_ENTITY_RANKING,,,NOT_APPLICABLE_GLOBAL_BASELINE,HF9g-P5,,,,X 全窗基线 · 不参与实体赏罚,15056737,1506,A168_HF9F_20260827_0900,2026-08-27 09:00:00
2026-03-27,146711891,1330,0,1579.9036258788,0E-10,0E-10,0.5000000,3,3,0.49771390000000000,0.497713900000,0.006466134837551399,0.0064661348375514,0.006466134837551399,0E-17,ELIGIBLE,R03b_20260811_FULL_v1,L1_ELIGIBILITY,v2026-08-11,2026-03-21..2026-08-06,baccarat_bet02_101_all_pairs_incl_sentinel,round_win = game_pnl > 0 (decisive only),COMPATIBILITY_ONLY_NOT_PRODUCTION,161981.4376,145477.9019,9895.5916,610,586,-0.06109090,,-0.06109090,-0.06109090,-9895.5916,161981.4376,OK,0.0000,395.8237,4.0000,96.0000,AG03-UNRESOLVED,ALL5_LEVELS_bet23_to_bet27,395.8237,395.8237,395.8237,395.8237,395.8237,4.000000,4.000000,4.000000,4.000000,4.000000,96.000000,96.000000,96.000000,96.000000,96.000000,5.0,1979.1183,1826.9964,7916.4733,8068.5952,PENDING_AG03,FALSE,NOT_FOR_ENFORCEMENT,9499.7679,139658.7858,9895.5916,9499.7679,395.8237,0.06109090,0.05864726,395.8237,9499.7679,0.05864726,395.8237,395.8237,395.8237,395.8237,395.8237,9499.7679,0.05864726,1979.1183,1826.9964,7916.4733,8068.5952,0.04887272,0.04981185,0.00244364,265.5433,248.2558,16.8867,471.2186,46.4582,7713.4018,27.9048,,265.5433,130.8798,132.8436,523.5191,526.6345,579.298,1056.2184,131.6586,0.0,4.360753,7.950843,1.998918,28,109,27,6,0E-8,0.06109090,,0E-8,0.000000,0.898115,0.919672,,2026-03-23,2026-06-16,21,213,160,86,0.244186,,,0.000000,,,,,,,,GLOBAL_BASELINE_NO_ENTITY_RANKING,,,NOT_APPLICABLE_GLOBAL_BASELINE,HF9g-P5,,,,X 全窗基线 · 不参与实体赏罚,15056738,1506,A168_HF9F_20260827_0900,2026-08-27 09:00:00
2026-03-27,146711891,1384,0,1053.2690839192,-1053.2690839192,-1053.2690839192,0E-7,2,2,0.50665070000000000,0.506650700000,-1.4331513700195317,-1.4331513700195317,-1.4331513700195317,0E-17,ELIGIBLE,R03b_20260811_FULL_v1,L1_ELIGIBILITY,v2026-08-11,2026-03-21..2026-08-06,baccarat_bet02_101_all_pairs_incl_sentinel,round_win = game_pnl > 0 (decisive only),COMPATIBILITY_ONLY_NOT_PRODUCTION,161981.4376,145477.9019,9895.5916,610,586,-0.06109090,,-0.06109090,-0.06109090,-9895.5916,161981.4376,OK,0.0000,395.8237,4.0000,96.0000,AG03-UNRESOLVED,ALL5_LEVELS_bet23_to_bet27,395.8237,395.8237,395.8237,395.8237,395.8237,4.000000,4.000000,4.000000,4.000000,4.000000,96.000000,96.000000,96.000000,96.000000,96.000000,5.0,1979.1183,1826.9964,7916.4733,8068.5952,PENDING_AG03,FALSE,NOT_FOR_ENFORCEMENT,9499.7679,139658.7858,9895.5916,9499.7679,395.8237,0.06109090,0.05864726,395.8237,9499.7679,0.05864726,395.8237,395.8237,395.8237,395.8237,395.8237,9499.7679,0.05864726,1979.1183,1826.9964,7916.4733,8068.5952,0.04887272,0.04981185,0.00244364,265.5433,248.2558,16.8867,471.2186,46.4582,7713.4018,27.9048,,265.5433,130.8798,132.8436,523.5191,526.6345,579.298,1056.2184,131.6586,0.0,4.360753,7.950843,1.998918,28,109,27,6,0E-8,0.06109090,,0E-8,0.000000,0.898115,0.919672,,2026-03-23,2026-06-16,21,213,160,86,0.244186,,,0.000000,,,,,,,,GLOBAL_BASELINE_NO_ENTITY_RANKING,,,NOT_APPLICABLE_GLOBAL_BASELINE,HF9g-P5,,,,X 全窗基线 · 不参与实体赏罚,15056739,1506,A168_HF9F_20260827_0900,2026-08-27 09:00:00
2026-03-27,146711891,1401,0,536.6405982568,-536.6405982568,-536.6405982568,0E-7,1,1,0.50665070000000000,0.506650700000,-1.013391052207602,-1.013391052207602,-1.013391052207602,0E-17,ELIGIBLE,R03b_20260811_FULL_v1,L1_ELIGIBILITY,v2026-08-11,2026-03-21..2026-08-06,baccarat_bet02_101_all_pairs_incl_sentinel,round_win = game_pnl > 0 (decisive only),COMPATIBILITY_ONLY_NOT_PRODUCTION,161981.4376,145477.9019,9895.5916,610,586,-0.06109090,,-0.06109090,-0.06109090,-9895.5916,161981.4376,OK,0.0000,395.8237,4.0000,96.0000,AG03-UNRESOLVED,ALL5_LEVELS_bet23_to_bet27,395.8237,395.8237,395.8237,395.8237,395.8237,4.000000,4.000000,4.000000,4.000000,4.000000,96.000000,96.000000,96.000000,96.000000,96.000000,5.0,1979.1183,1826.9964,7916.4733,8068.5952,PENDING_AG03,FALSE,NOT_FOR_ENFORCEMENT,9499.7679,139658.7858,9895.5916,9499.7679,395.8237,0.06109090,0.05864726,395.8237,9499.7679,0.05864726,395.8237,395.8237,395.8237,395.8237,395.8237,9499.7679,0.05864726,1979.1183,1826.9964,7916.4733,8068.5952,0.04887272,0.04981185,0.00244364,265.5433,248.2558,16.8867,471.2186,46.4582,7713.4018,27.9048,,265.5433,130.8798,132.8436,523.5191,526.6345,579.298,1056.2184,131.6586,0.0,4.360753,7.950843,1.998918,28,109,27,6,0E-8,0.06109090,,0E-8,0.000000,0.898115,0.919672,,2026-03-23,2026-06-16,21,213,160,86,0.244186,,,0.000000,,,,,,,,GLOBAL_BASELINE_NO_ENTITY_RANKING,,,NOT_APPLICABLE_GLOBAL_BASELINE,HF9g-P5,,,,X 全窗基线 · 不参与实体赏罚,15056740,1506,A168_HF9F_20260827_0900,2026-08-27 09:00:00
2026-03-27,146711891,1402,0,4348.4214129604,2966.4665455407,2966.4665455407,0.7142857,7,7,0.50282064285714286,0.502820642857,1.1189857854549734,1.1189857854557275,1.1189857854549734,1.4286E-13,ELIGIBLE,R03b_20260811_FULL_v1,L1_ELIGIBILITY,v2026-08-11,2026-03-21..2026-08-06,baccarat_bet02_101_all_pairs_incl_sentinel,round_win = game_pnl > 0 (decisive only),COMPATIBILITY_ONLY_NOT_PRODUCTION,161981.4376,145477.9019,9895.5916,610,586,-0.06109090,,-0.06109090,-0.06109090,-9895.5916,161981.4376,OK,0.0000,395.8237,4.0000,96.0000,AG03-UNRESOLVED,ALL5_LEVELS_bet23_to_bet27,395.8237,395.8237,395.8237,395.8237,395.8237,4.000000,4.000000,4.000000,4.000000,4.000000,96.000000,96.000000,96.000000,96.000000,96.000000,5.0,1979.1183,1826.9964,7916.4733,8068.5952,PENDING_AG03,FALSE,NOT_FOR_ENFORCEMENT,9499.7679,139658.7858,9895.5916,9499.7679,395.8237,0.06109090,0.05864726,395.8237,9499.7679,0.05864726,395.8237,395.8237,395.8237,395.8237,395.8237,9499.7679,0.05864726,1979.1183,1826.9964,7916.4733,8068.5952,0.04887272,0.04981185,0.00244364,265.5433,248.2558,16.8867,471.2186,46.4582,7713.4018,27.9048,,265.5433,130.8798,132.8436,523.5191,526.6345,579.298,1056.2184,131.6586,0.0,4.360753,7.950843,1.998918,28,109,27,6,0E-8,0.06109090,,0E-8,0.000000,0.898115,0.919672,,2026-03-23,2026-06-16,21,213,160,86,0.244186,,,0.000000,,,,,,,,GLOBAL_BASELINE_NO_ENTITY_RANKING,,,NOT_APPLICABLE_GLOBAL_BASELINE,HF9g-P5,,,,X 全窗基线 · 不参与实体赏罚,15056741,1506,A168_HF9F_20260827_0900,2026-08-27 09:00:00
2026-03-27,146711891,1509,0,263.3172709798,-263.3172709798,-263.3172709798,0E-7,1,1,0.49324550000000000,0.493245500000,-0.9865810262130424,-0.9865810262130424,-0.9865810262130424,0E-17,ELIGIBLE,R03b_20260811_FULL_v1,L1_ELIGIBILITY,v2026-08-11,2026-03-21..2026-08-06,baccarat_bet02_101_all_pairs_incl_sentinel,round_win = game_pnl > 0 (decisive only),COMPATIBILITY_ONLY_NOT_PRODUCTION,161981.4376,145477.9019,9895.5916,610,586,-0.06109090,,-0.06109090,-0.06109090,-9895.5916,161981.4376,OK,0.0000,395.8237,4.0000,96.0000,AG03-UNRESOLVED,ALL5_LEVELS_bet23_to_bet27,395.8237,395.8237,395.8237,395.8237,395.8237,4.000000,4.000000,4.000000,4.000000,4.000000,96.000000,96.000000,96.000000,96.000000,96.000000,5.0,1979.1183,1826.9964,7916.4733,8068.5952,PENDING_AG03,FALSE,NOT_FOR_ENFORCEMENT,9499.7679,139658.7858,9895.5916,9499.7679,395.8237,0.06109090,0.05864726,395.8237,9499.7679,0.05864726,395.8237,395.8237,395.8237,395.8237,395.8237,9499.7679,0.05864726,1979.1183,1826.9964,7916.4733,8068.5952,0.04887272,0.04981185,0.00244364,265.5433,248.2558,16.8867,471.2186,46.4582,7713.4018,27.9048,,265.5433,130.8798,132.8436,523.5191,526.6345,579.298,1056.2184,131.6586,0.0,4.360753,7.950843,1.998918,28,109,27,6,0E-8,0.06109090,,0E-8,0.000000,0.898115,0.919672,,2026-03-23,2026-06-16,21,213,160,86,0.244186,,,0.000000,,,,,,,,GLOBAL_BASELINE_NO_ENTITY_RANKING,,,NOT_APPLICABLE_GLOBAL_BASELINE,HF9g-P5,,,,X 全窗基线 · 不参与实体赏罚,15056742,1506,A168_HF9F_20260827_0900,2026-08-27 09:00:00
2026-03-27,146711891,2088,0,684.6249045475,-684.6249045475,-684.6249045475,0E-7,1,1,0.49324550000000000,0.493245500000,-0.9865810262130424,-0.9865810262130424,-0.9865810262130424,0E-17,ELIGIBLE,R03b_20260811_FULL_v1,L1_ELIGIBILITY,v2026-08-11,2026-03-21..2026-08-06,baccarat_bet02_101_all_pairs_incl_sentinel,round_win = game_pnl > 0 (decisive only),COMPATIBILITY_ONLY_NOT_PRODUCTION,161981.4376,145477.9019,9895.5916,610,586,-0.06109090,,-0.06109090,-0.06109090,-9895.5916,161981.4376,OK,0.0000,395.8237,4.0000,96.0000,AG03-UNRESOLVED,ALL5_LEVELS_bet23_to_bet27,395.8237,395.8237,395.8237,395.8237,395.8237,4.000000,4.000000,4.000000,4.000000,4.000000,96.000000,96.000000,96.000000,96.000000,96.000000,5.0,1979.1183,1826.9964,7916.4733,8068.5952,PENDING_AG03,FALSE,NOT_FOR_ENFORCEMENT,9499.7679,139658.7858,9895.5916,9499.7679,395.8237,0.06109090,0.05864726,395.8237,9499.7679,0.05864726,395.8237,395.8237,395.8237,395.8237,395.8237,9499.7679,0.05864726,1979.1183,1826.9964,7916.4733,8068.5952,0.04887272,0.04981185,0.00244364,265.5433,248.2558,16.8867,471.2186,46.4582,7713.4018,27.9048,,265.5433,130.8798,132.8436,523.5191,526.6345,579.298,1056.2184,131.6586,0.0,4.360753,7.950843,1.998918,28,109,27,6,0E-8,0.06109090,,0E-8,0.000000,0.898115,0.919672,,2026-03-23,2026-06-16,21,213,160,86,0.244186,,,0.000000,,,,,,,,GLOBAL_BASELINE_NO_ENTITY_RANKING,,,NOT_APPLICABLE_GLOBAL_BASELINE,HF9g-P5,,,,X 全窗基线 · 不参与实体赏罚,15056743,1506,A168_HF9F_20260827_0900,2026-08-27 09:00:00
2026-03-27,146711891,2106,0,263.3172709798,-263.3172709798,-263.3172709798,0E-7,1,1,0.50665070000000000,0.506650700000,-1.013391052207602,-1.013391052207602,-1.013391052207602,0E-17,ELIGIBLE,R03b_20260811_FULL_v1,L1_ELIGIBILITY,v2026-08-11,2026-03-21..2026-08-06,baccarat_bet02_101_all_pairs_incl_sentinel,round_win = game_pnl > 0 (decisive only),COMPATIBILITY_ONLY_NOT_PRODUCTION,161981.4376,145477.9019,9895.5916,610,586,-0.06109090,,-0.06109090,-0.06109090,-9895.5916,161981.4376,OK,0.0000,395.8237,4.0000,96.0000,AG03-UNRESOLVED,ALL5_LEVELS_bet23_to_bet27,395.8237,395.8237,395.8237,395.8237,395.8237,4.000000,4.000000,4.000000,4.000000,4.000000,96.000000,96.000000,96.000000,96.000000,96.000000,5.0,1979.1183,1826.9964,7916.4733,8068.5952,PENDING_AG03,FALSE,NOT_FOR_ENFORCEMENT,9499.7679,139658.7858,9895.5916,9499.7679,395.8237,0.06109090,0.05864726,395.8237,9499.7679,0.05864726,395.8237,395.8237,395.8237,395.8237,395.8237,9499.7679,0.05864726,1979.1183,1826.9964,7916.4733,8068.5952,0.04887272,0.04981185,0.00244364,265.5433,248.2558,16.8867,471.2186,46.4582,7713.4018,27.9048,,265.5433,130.8798,132.8436,523.5191,526.6345,579.298,1056.2184,131.6586,0.0,4.360753,7.950843,1.998918,28,109,27,6,0E-8,0.06109090,,0E-8,0.000000,0.898115,0.919672,,2026-03-23,2026-06-16,21,213,160,86,0.244186,,,0.000000,,,,,,,,GLOBAL_BASELINE_NO_ENTITY_RANKING,,,NOT_APPLICABLE_GLOBAL_BASELINE,HF9g-P5,,,,X 全窗基线 · 不参与实体赏罚,15056744,1506,A168_HF9F_20260827_0900,2026-08-27 09:00:00
2026-03-27,146711891,2129,0,2909.6558443268,-803.1176764884,-803.1176764884,0.4000000,5,5,0.49860758000000000,0.498607580000,-0.440988213962219,-0.440988213962219,-0.440988213962219,0E-17,ELIGIBLE,R03b_20260811_FULL_v1,L1_ELIGIBILITY,v2026-08-11,2026-03-21..2026-08-06,baccarat_bet02_101_all_pairs_incl_sentinel,round_win = game_pnl > 0 (decisive only),COMPATIBILITY_ONLY_NOT_PRODUCTION,161981.4376,145477.9019,9895.5916,610,586,-0.06109090,,-0.06109090,-0.06109090,-9895.5916,161981.4376,OK,0.0000,395.8237,4.0000,96.0000,AG03-UNRESOLVED,ALL5_LEVELS_bet23_to_bet27,395.8237,395.8237,395.8237,395.8237,395.8237,4.000000,4.000000,4.000000,4.000000,4.000000,96.000000,96.000000,96.000000,96.000000,96.000000,5.0,1979.1183,1826.9964,7916.4733,8068.5952,PENDING_AG03,FALSE,NOT_FOR_ENFORCEMENT,9499.7679,139658.7858,9895.5916,9499.7679,395.8237,0.06109090,0.05864726,395.8237,9499.7679,0.05864726,395.8237,395.8237,395.8237,395.8237,395.8237,9499.7679,0.05864726,1979.1183,1826.9964,7916.4733,8068.5952,0.04887272,0.04981185,0.00244364,265.5433,248.2558,16.8867,471.2186,46.4582,7713.4018,27.9048,,265.5433,130.8798,132.8436,523.5191,526.6345,579.298,1056.2184,131.6586,0.0,4.360753,7.950843,1.998918,28,109,27,6,0E-8,0.06109090,,0E-8,0.000000,0.898115,0.919672,,2026-03-23,2026-06-16,21,213,160,86,0.244186,,,0.000000,,,,,,,,GLOBAL_BASELINE_NO_ENTITY_RANKING,,,NOT_APPLICABLE_GLOBAL_BASELINE,HF9g-P5,,,,X 全窗基线 · 不参与实体赏罚,15056745,1506,A168_HF9F_20260827_0900,2026-08-27 09:00:00
2026-03-27,146711891,2134,0,792.3216683782,-792.3216683782,-792.3216683782,0E-7,2,2,0.50665070000000000,0.506650700000,-1.4331513700195317,-1.4331513700195317,-1.4331513700195317,0E-17,ELIGIBLE,R03b_20260811_FULL_v1,L1_ELIGIBILITY,v2026-08-11,2026-03-21..2026-08-06,baccarat_bet02_101_all_pairs_incl_sentinel,round_win = game_pnl > 0 (decisive only),COMPATIBILITY_ONLY_NOT_PRODUCTION,161981.4376,145477.9019,9895.5916,610,586,-0.06109090,,-0.06109090,-0.06109090,-9895.5916,161981.4376,OK,0.0000,395.8237,4.0000,96.0000,AG03-UNRESOLVED,ALL5_LEVELS_bet23_to_bet27,395.8237,395.8237,395.8237,395.8237,395.8237,4.000000,4.000000,4.000000,4.000000,4.000000,96.000000,96.000000,96.000000,96.000000,96.000000,5.0,1979.1183,1826.9964,7916.4733,8068.5952,PENDING_AG03,FALSE,NOT_FOR_ENFORCEMENT,9499.7679,139658.7858,9895.5916,9499.7679,395.8237,0.06109090,0.05864726,395.8237,9499.7679,0.05864726,395.8237,395.8237,395.8237,395.8237,395.8237,9499.7679,0.05864726,1979.1183,1826.9964,7916.4733,8068.5952,0.04887272,0.04981185,0.00244364,265.5433,248.2558,16.8867,471.2186,46.4582,7713.4018,27.9048,,265.5433,130.8798,132.8436,523.5191,526.6345,579.298,1056.2184,131.6586,0.0,4.360753,7.950843,1.998918,28,109,27,6,0E-8,0.06109090,,0E-8,0.000000,0.898115,0.919672,,2026-03-23,2026-06-16,21,213,160,86,0.244186,,,0.000000,,,,,,,,GLOBAL_BASELINE_NO_ENTITY_RANKING,,,NOT_APPLICABLE_GLOBAL_BASELINE,HF9g-P5,,,,X 全窗基线 · 不参与实体赏罚,15056746,1506,A168_HF9F_20260827_0900,2026-08-27 09:00:00
2026-03-27,146711891,2177,0,789.9518129394,789.9518129394,789.9518129394,1.0000000,1,1,0.49324550000000000,0.493245500000,1.01360149184955,1.01360149184955,1.01360149184955,0E-17,ELIGIBLE,R03b_20260811_FULL_v1,L1_ELIGIBILITY,v2026-08-11,2026-03-21..2026-08-06,baccarat_bet02_101_all_pairs_incl_sentinel,round_win = game_pnl > 0 (decisive only),COMPATIBILITY_ONLY_NOT_PRODUCTION,161981.4376,145477.9019,9895.5916,610,586,-0.06109090,,-0.06109090,-0.06109090,-9895.5916,161981.4376,OK,0.0000,395.8237,4.0000,96.0000,AG03-UNRESOLVED,ALL5_LEVELS_bet23_to_bet27,395.8237,395.8237,395.8237,395.8237,395.8237,4.000000,4.000000,4.000000,4.000000,4.000000,96.000000,96.000000,96.000000,96.000000,96.000000,5.0,1979.1183,1826.9964,7916.4733,8068.5952,PENDING_AG03,FALSE,NOT_FOR_ENFORCEMENT,9499.7679,139658.7858,9895.5916,9499.7679,395.8237,0.06109090,0.05864726,395.8237,9499.7679,0.05864726,395.8237,395.8237,395.8237,395.8237,395.8237,9499.7679,0.05864726,1979.1183,1826.9964,7916.4733,8068.5952,0.04887272,0.04981185,0.00244364,265.5433,248.2558,16.8867,471.2186,46.4582,7713.4018,27.9048,,265.5433,130.8798,132.8436,523.5191,526.6345,579.298,1056.2184,131.6586,0.0,4.360753,7.950843,1.998918,28,109,27,6,0E-8,0.06109090,,0E-8,0.000000,0.898115,0.919672,,2026-03-23,2026-06-16,21,213,160,86,0.244186,,,0.000000,,,,,,,,GLOBAL_BASELINE_NO_ENTITY_RANKING,,,NOT_APPLICABLE_GLOBAL_BASELINE,HF9g-P5,,,,X 全窗基线 · 不参与实体赏罚,15056747,1506,A168_HF9F_20260827_0900,2026-08-27 09:00:00
2026-03-27,146711891,2196,0,3718.0398662348,1585.1699712984,1585.1699712984,0.6666667,6,6,0.50441650000000000,0.504416500000,0.7948912480929629,0.7948912480929629,0.7948912480929629,0E-17,ELIGIBLE,R03b_20260811_FULL_v1,L1_ELIGIBILITY,v2026-08-11,2026-03-21..2026-08-06,baccarat_bet02_101_all_pairs_incl_sentinel,round_win = game_pnl > 0 (decisive only),COMPATIBILITY_ONLY_NOT_PRODUCTION,161981.4376,145477.9019,9895.5916,610,586,-0.06109090,,-0.06109090,-0.06109090,-9895.5916,161981.4376,OK,0.0000,395.8237,4.0000,96.0000,AG03-UNRESOLVED,ALL5_LEVELS_bet23_to_bet27,395.8237,395.8237,395.8237,395.8237,395.8237,4.000000,4.000000,4.000000,4.000000,4.000000,96.000000,96.000000,96.000000,96.000000,96.000000,5.0,1979.1183,1826.9964,7916.4733,8068.5952,PENDING_AG03,FALSE,NOT_FOR_ENFORCEMENT,9499.7679,139658.7858,9895.5916,9499.7679,395.8237,0.06109090,0.05864726,395.8237,9499.7679,0.05864726,395.8237,395.8237,395.8237,395.8237,395.8237,9499.7679,0.05864726,1979.1183,1826.9964,7916.4733,8068.5952,0.04887272,0.04981185,0.00244364,265.5433,248.2558,16.8867,471.2186,46.4582,7713.4018,27.9048,,265.5433,130.8798,132.8436,523.5191,526.6345,579.298,1056.2184,131.6586,0.0,4.360753,7.950843,1.998918,28,109,27,6,0E-8,0.06109090,,0E-8,0.000000,0.898115,0.919672,,2026-03-23,2026-06-16,21,213,160,86,0.244186,,,0.000000,,,,,,,,GLOBAL_BASELINE_NO_ENTITY_RANKING,,,NOT_APPLICABLE_GLOBAL_BASELINE,HF9g-P5,,,,X 全窗基线 · 不参与实体赏罚,15056748,1506,A168_HF9F_20260827_0900,2026-08-27 09:00:00
2026-03-27,146711891,2202,0,4265.7397898728,-1092.7666745662,-1092.7666745662,0.3333333,7,7,0.50282064285714286,0.502820642857,-0.8303280647496518,-0.8303280647489506,-0.8303280647496518,1.4286E-13,ELIGIBLE,R03b_20260811_FULL_v1,L1_ELIGIBILITY,v2026-08-11,2026-03-21..2026-08-06,baccarat_bet02_101_all_pairs_incl_sentinel,round_win = game_pnl > 0 (decisive only),COMPATIBILITY_ONLY_NOT_PRODUCTION,161981.4376,145477.9019,9895.5916,610,586,-0.06109090,,-0.06109090,-0.06109090,-9895.5916,161981.4376,OK,0.0000,395.8237,4.0000,96.0000,AG03-UNRESOLVED,ALL5_LEVELS_bet23_to_bet27,395.8237,395.8237,395.8237,395.8237,395.8237,4.000000,4.000000,4.000000,4.000000,4.000000,96.000000,96.000000,96.000000,96.000000,96.000000,5.0,1979.1183,1826.9964,7916.4733,8068.5952,PENDING_AG03,FALSE,NOT_FOR_ENFORCEMENT,9499.7679,139658.7858,9895.5916,9499.7679,395.8237,0.06109090,0.05864726,395.8237,9499.7679,0.05864726,395.8237,395.8237,395.8237,395.8237,395.8237,9499.7679,0.05864726,1979.1183,1826.9964,7916.4733,8068.5952,0.04887272,0.04981185,0.00244364,265.5433,248.2558,16.8867,471.2186,46.4582,7713.4018,27.9048,,265.5433,130.8798,132.8436,523.5191,526.6345,579.298,1056.2184,131.6586,0.0,4.360753,7.950843,1.998918,28,109,27,6,0E-8,0.06109090,,0E-8,0.000000,0.898115,0.919672,,2026-03-23,2026-06-16,21,213,160,86,0.244186,,,0.000000,,,,,,,,GLOBAL_BASELINE_NO_ENTITY_RANKING,,,NOT_APPLICABLE_GLOBAL_BASELINE,HF9g-P5,,,,X 全窗基线 · 不参与实体赏罚,15056749,1506,A168_HF9F_20260827_0900,2026-08-27 09:00:00
2026-03-27,146711891,2223,0,803.3809937594,-267.7936645864,-267.7936645864,0.5000000,2,2,0.49994810000000000,0.499948100000,0.00014679536856514622,0.00014679536856514622,0.00014679536856514622,0E-17,ELIGIBLE,R03b_20260811_FULL_v1,L1_ELIGIBILITY,v2026-08-11,2026-03-21..2026-08-06,baccarat_bet02_101_all_pairs_incl_sentinel,round_win = game_pnl > 0 (decisive only),COMPATIBILITY_ONLY_NOT_PRODUCTION,161981.4376,145477.9019,9895.5916,610,586,-0.06109090,,-0.06109090,-0.06109090,-9895.5916,161981.4376,OK,0.0000,395.8237,4.0000,96.0000,AG03-UNRESOLVED,ALL5_LEVELS_bet23_to_bet27,395.8237,395.8237,395.8237,395.8237,395.8237,4.000000,4.000000,4.000000,4.000000,4.000000,96.000000,96.000000,96.000000,96.000000,96.000000,5.0,1979.1183,1826.9964,7916.4733,8068.5952,PENDING_AG03,FALSE,NOT_FOR_ENFORCEMENT,9499.7679,139658.7858,9895.5916,9499.7679,395.8237,0.06109090,0.05864726,395.8237,9499.7679,0.05864726,395.8237,395.8237,395.8237,395.8237,395.8237,9499.7679,0.05864726,1979.1183,1826.9964,7916.4733,8068.5952,0.04887272,0.04981185,0.00244364,265.5433,248.2558,16.8867,471.2186,46.4582,7713.4018,27.9048,,265.5433,130.8798,132.8436,523.5191,526.6345,579.298,1056.2184,131.6586,0.0,4.360753,7.950843,1.998918,28,109,27,6,0E-8,0.06109090,,0E-8,0.000000,0.898115,0.919672,,2026-03-23,2026-06-16,21,213,160,86,0.244186,,,0.000000,,,,,,,,GLOBAL_BASELINE_NO_ENTITY_RANKING,,,NOT_APPLICABLE_GLOBAL_BASELINE,HF9g-P5,,,,X 全窗基线 · 不参与实体赏罚,15056750,1506,A168_HF9F_20260827_0900,2026-08-27 09:00:00
2026-03-27,146711891,2252,0,2633.1727097980,1579.9036258788,1579.9036258788,0.6666667,3,3,0.50218230000000000,0.502182300000,0.5697959874915163,0.5697959874915164,0.5697959874915163,0E-17,ELIGIBLE,R03b_20260811_FULL_v1,L1_ELIGIBILITY,v2026-08-11,2026-03-21..2026-08-06,baccarat_bet02_101_all_pairs_incl_sentinel,round_win = game_pnl > 0 (decisive only),COMPATIBILITY_ONLY_NOT_PRODUCTION,161981.4376,145477.9019,9895.5916,610,586,-0.06109090,,-0.06109090,-0.06109090,-9895.5916,161981.4376,OK,0.0000,395.8237,4.0000,96.0000,AG03-UNRESOLVED,ALL5_LEVELS_bet23_to_bet27,395.8237,395.8237,395.8237,395.8237,395.8237,4.000000,4.000000,4.000000,4.000000,4.000000,96.000000,96.000000,96.000000,96.000000,96.000000,5.0,1979.1183,1826.9964,7916.4733,8068.5952,PENDING_AG03,FALSE,NOT_FOR_ENFORCEMENT,9499.7679,139658.7858,9895.5916,9499.7679,395.8237,0.06109090,0.05864726,395.8237,9499.7679,0.05864726,395.8237,395.8237,395.8237,395.8237,395.8237,9499.7679,0.05864726,1979.1183,1826.9964,7916.4733,8068.5952,0.04887272,0.04981185,0.00244364,265.5433,248.2558,16.8867,471.2186,46.4582,7713.4018,27.9048,,265.5433,130.8798,132.8436,523.5191,526.6345,579.298,1056.2184,131.6586,0.0,4.360753,7.950843,1.998918,28,109,27,6,0E-8,0.06109090,,0E-8,0.000000,0.898115,0.919672,,2026-03-23,2026-06-16,21,213,160,86,0.244186,,,0.000000,,,,,,,,GLOBAL_BASELINE_NO_ENTITY_RANKING,,,NOT_APPLICABLE_GLOBAL_BASELINE,HF9g-P5,,,,X 全窗基线 · 不参与实体赏罚,15056751,1506,A168_HF9F_20260827_0900,2026-08-27 09:00:00
2026-03-27,146711891,2258,0,526.6345419596,-526.6345419596,-526.6345419596,0E-7,1,1,0.50665070000000000,0.506650700000,-1.013391052207602,-1.013391052207602,-1.013391052207602,0E-17,ELIGIBLE,R03b_20260811_FULL_v1,L1_ELIGIBILITY,v2026-08-11,2026-03-21..2026-08-06,baccarat_bet02_101_all_pairs_incl_sentinel,round_win = game_pnl > 0 (decisive only),COMPATIBILITY_ONLY_NOT_PRODUCTION,161981.4376,145477.9019,9895.5916,610,586,-0.06109090,,-0.06109090,-0.06109090,-9895.5916,161981.4376,OK,0.0000,395.8237,4.0000,96.0000,AG03-UNRESOLVED,ALL5_LEVELS_bet23_to_bet27,395.8237,395.8237,395.8237,395.8237,395.8237,4.000000,4.000000,4.000000,4.000000,4.000000,96.000000,96.000000,96.000000,96.000000,96.000000,5.0,1979.1183,1826.9964,7916.4733,8068.5952,PENDING_AG03,FALSE,NOT_FOR_ENFORCEMENT,9499.7679,139658.7858,9895.5916,9499.7679,395.8237,0.06109090,0.05864726,395.8237,9499.7679,0.05864726,395.8237,395.8237,395.8237,395.8237,395.8237,9499.7679,0.05864726,1979.1183,1826.9964,7916.4733,8068.5952,0.04887272,0.04981185,0.00244364,265.5433,248.2558,16.8867,471.2186,46.4582,7713.4018,27.9048,,265.5433,130.8798,132.8436,523.5191,526.6345,579.298,1056.2184,131.6586,0.0,4.360753,7.950843,1.998918,28,109,27,6,0E-8,0.06109090,,0E-8,0.000000,0.898115,0.919672,,2026-03-23,2026-06-16,21,213,160,86,0.244186,,,0.000000,,,,,,,,GLOBAL_BASELINE_NO_ENTITY_RANKING,,,NOT_APPLICABLE_GLOBAL_BASELINE,HF9g-P5,,,,X 全窗基线 · 不参与实体赏罚,15056752,1506,A168_HF9F_20260827_0900,2026-08-27 09:00:00
2026-03-27,146711891,462,0,53.9800405509,-53.9800405509,-53.9800405509,0E-7,1,1,0.50665070000000000,0.506650700000,-1.013391052207602,-1.013391052207602,-1.013391052207602,0E-17,ELIGIBLE,R03b_20260811_FULL_v1,L1_ELIGIBILITY,v2026-08-11,2026-03-21..2026-08-06,baccarat_bet02_101_all_pairs_incl_sentinel,round_win = game_pnl > 0 (decisive only),COMPATIBILITY_ONLY_NOT_PRODUCTION,161981.4376,145477.9019,9895.5916,610,586,-0.06109090,,-0.06109090,-0.06109090,-9895.5916,161981.4376,OK,0.0000,395.8237,4.0000,96.0000,AG03-UNRESOLVED,ALL5_LEVELS_bet23_to_bet27,395.8237,395.8237,395.8237,395.8237,395.8237,4.000000,4.000000,4.000000,4.000000,4.000000,96.000000,96.000000,96.000000,96.000000,96.000000,5.0,1979.1183,1826.9964,7916.4733,8068.5952,PENDING_AG03,FALSE,NOT_FOR_ENFORCEMENT,9499.7679,139658.7858,9895.5916,9499.7679,395.8237,0.06109090,0.05864726,395.8237,9499.7679,0.05864726,395.8237,395.8237,395.8237,395.8237,395.8237,9499.7679,0.05864726,1979.1183,1826.9964,7916.4733,8068.5952,0.04887272,0.04981185,0.00244364,265.5433,248.2558,16.8867,471.2186,46.4582,7713.4018,27.9048,,265.5433,130.8798,132.8436,523.5191,526.6345,579.298,1056.2184,131.6586,0.0,4.360753,7.950843,1.998918,28,109,27,6,0E-8,0.06109090,,0E-8,0.000000,0.898115,0.919672,,2026-03-23,2026-06-16,21,213,160,86,0.244186,,,0.000000,,,,,,,,GLOBAL_BASELINE_NO_ENTITY_RANKING,,,NOT_APPLICABLE_GLOBAL_BASELINE,HF9g-P5,,,,X 全窗基线 · 不参与实体赏罚,15056753,1506,A168_HF9F_20260827_0900,2026-08-27 09:00:00
2026-03-28,146711891,1509,0,25.0151407431,-17.1156226137,-17.1156226137,0.3333333,3,3,0.49771390000000000,0.497713900000,-0.5694369385616226,-0.5694369385616226,-0.5694369385616226,0E-17,ELIGIBLE,R03b_20260811_FULL_v1,L1_ELIGIBILITY,v2026-08-11,2026-03-21..2026-08-06,baccarat_bet02_101_all_pairs_incl_sentinel,round_win = game_pnl > 0 (decisive only),COMPATIBILITY_ONLY_NOT_PRODUCTION,161981.4376,145477.9019,9895.5916,610,586,-0.06109090,,-0.06109090,-0.06109090,-9895.5916,161981.4376,OK,0.0000,395.8237,4.0000,96.0000,AG03-UNRESOLVED,ALL5_LEVELS_bet23_to_bet27,395.8237,395.8237,395.8237,395.8237,395.8237,4.000000,4.000000,4.000000,4.000000,4.000000,96.000000,96.000000,96.000000,96.000000,96.000000,5.0,1979.1183,1826.9964,7916.4733,8068.5952,PENDING_AG03,FALSE,NOT_FOR_ENFORCEMENT,9499.7679,139658.7858,9895.5916,9499.7679,395.8237,0.06109090,0.05864726,395.8237,9499.7679,0.05864726,395.8237,395.8237,395.8237,395.8237,395.8237,9499.7679,0.05864726,1979.1183,1826.9964,7916.4733,8068.5952,0.04887272,0.04981185,0.00244364,265.5433,248.2558,16.8867,471.2186,46.4582,7713.4018,27.9048,,265.5433,130.8798,132.8436,523.5191,526.6345,579.298,1056.2184,131.6586,0.0,4.360753,7.950843,1.998918,28,109,27,6,0E-8,0.06109090,,0E-8,0.000000,0.898115,0.919672,,2026-03-23,2026-06-16,21,213,160,86,0.244186,,,0.000000,,,,,,,,GLOBAL_BASELINE_NO_ENTITY_RANKING,,,NOT_APPLICABLE_GLOBAL_BASELINE,HF9g-P5,,,,X 全窗基线 · 不参与实体赏罚,15056754,1506,A168_HF9F_20260827_0900,2026-08-27 09:00:00
2026-03-29,146711891,1109,0,263.5805882508,131.6586354899,131.6586354899,1.0000000,2,2,0.49994810000000000,0.499948100000,1.0001038053877793,1.0001038053877793,1.0001038053877793,0E-17,ELIGIBLE,R03b_20260811_FULL_v1,L1_ELIGIBILITY,v2026-08-11,2026-03-21..2026-08-06,baccarat_bet02_101_all_pairs_incl_sentinel,round_win = game_pnl > 0 (decisive only),COMPATIBILITY_ONLY_NOT_PRODUCTION,161981.4376,145477.9019,9895.5916,610,586,-0.06109090,,-0.06109090,-0.06109090,-9895.5916,161981.4376,OK,0.0000,395.8237,4.0000,96.0000,AG03-UNRESOLVED,ALL5_LEVELS_bet23_to_bet27,395.8237,395.8237,395.8237,395.8237,395.8237,4.000000,4.000000,4.000000,4.000000,4.000000,96.000000,96.000000,96.000000,96.000000,96.000000,5.0,1979.1183,1826.9964,7916.4733,8068.5952,PENDING_AG03,FALSE,NOT_FOR_ENFORCEMENT,9499.7679,139658.7858,9895.5916,9499.7679,395.8237,0.06109090,0.05864726,395.8237,9499.7679,0.05864726,395.8237,395.8237,395.8237,395.8237,395.8237,9499.7679,0.05864726,1979.1183,1826.9964,7916.4733,8068.5952,0.04887272,0.04981185,0.00244364,265.5433,248.2558,16.8867,471.2186,46.4582,7713.4018,27.9048,,265.5433,130.8798,132.8436,523.5191,526.6345,579.298,1056.2184,131.6586,0.0,4.360753,7.950843,1.998918,28,109,27,6,0E-8,0.06109090,,0E-8,0.000000,0.898115,0.919672,,2026-03-23,2026-06-16,21,213,160,86,0.244186,,,0.000000,,,,,,,,GLOBAL_BASELINE_NO_ENTITY_RANKING,,,NOT_APPLICABLE_GLOBAL_BASELINE,HF9g-P5,,,,X 全窗基线 · 不参与实体赏罚,15056755,1506,A168_HF9F_20260827_0900,2026-08-27 09:00:00
2026-03-29,146711891,1645,0,13.6924980909,-13.6924980909,-13.6924980909,0E-7,1,1,0.08158750000000000,0.081587500000,-0.29805260355172214,-0.2980526035517222,-0.29805260355172214,0E-17,ELIGIBLE,R03b_20260811_FULL_v1,L1_ELIGIBILITY,v2026-08-11,2026-03-21..2026-08-06,baccarat_bet02_101_all_pairs_incl_sentinel,round_win = game_pnl > 0 (decisive only),COMPATIBILITY_ONLY_NOT_PRODUCTION,161981.4376,145477.9019,9895.5916,610,586,-0.06109090,,-0.06109090,-0.06109090,-9895.5916,161981.4376,OK,0.0000,395.8237,4.0000,96.0000,AG03-UNRESOLVED,ALL5_LEVELS_bet23_to_bet27,395.8237,395.8237,395.8237,395.8237,395.8237,4.000000,4.000000,4.000000,4.000000,4.000000,96.000000,96.000000,96.000000,96.000000,96.000000,5.0,1979.1183,1826.9964,7916.4733,8068.5952,PENDING_AG03,FALSE,NOT_FOR_ENFORCEMENT,9499.7679,139658.7858,9895.5916,9499.7679,395.8237,0.06109090,0.05864726,395.8237,9499.7679,0.05864726,395.8237,395.8237,395.8237,395.8237,395.8237,9499.7679,0.05864726,1979.1183,1826.9964,7916.4733,8068.5952,0.04887272,0.04981185,0.00244364,265.5433,248.2558,16.8867,471.2186,46.4582,7713.4018,27.9048,,265.5433,130.8798,132.8436,523.5191,526.6345,579.298,1056.2184,131.6586,0.0,4.360753,7.950843,1.998918,28,109,27,6,0E-8,0.06109090,,0E-8,0.000000,0.898115,0.919672,,2026-03-23,2026-06-16,21,213,160,86,0.244186,,,0.000000,,,,,,,,GLOBAL_BASELINE_NO_ENTITY_RANKING,,,NOT_APPLICABLE_GLOBAL_BASELINE,HF9g-P5,,,,X 全窗基线 · 不参与实体赏罚,15056756,1506,A168_HF9F_20260827_0900,2026-08-27 09:00:00
2026-03-29,146711891,986,0,460.8052242147,197.4879532349,197.4879532349,0.7500000,4,4,0.49994810000000000,0.499948100000,1.0002076053883384,1.0002076053883384,1.0002076053883384,0E-17,ELIGIBLE,R03b_20260811_FULL_v1,L1_ELIGIBILITY,v2026-08-11,2026-03-21..2026-08-06,baccarat_bet02_101_all_pairs_incl_sentinel,round_win = game_pnl > 0 (decisive only),COMPATIBILITY_ONLY_NOT_PRODUCTION,161981.4376,145477.9019,9895.5916,610,586,-0.06109090,,-0.06109090,-0.06109090,-9895.5916,161981.4376,OK,0.0000,395.8237,4.0000,96.0000,AG03-UNRESOLVED,ALL5_LEVELS_bet23_to_bet27,395.8237,395.8237,395.8237,395.8237,395.8237,4.000000,4.000000,4.000000,4.000000,4.000000,96.000000,96.000000,96.000000,96.000000,96.000000,5.0,1979.1183,1826.9964,7916.4733,8068.5952,PENDING_AG03,FALSE,NOT_FOR_ENFORCEMENT,9499.7679,139658.7858,9895.5916,9499.7679,395.8237,0.06109090,0.05864726,395.8237,9499.7679,0.05864726,395.8237,395.8237,395.8237,395.8237,395.8237,9499.7679,0.05864726,1979.1183,1826.9964,7916.4733,8068.5952,0.04887272,0.04981185,0.00244364,265.5433,248.2558,16.8867,471.2186,46.4582,7713.4018,27.9048,,265.5433,130.8798,132.8436,523.5191,526.6345,579.298,1056.2184,131.6586,0.0,4.360753,7.950843,1.998918,28,109,27,6,0E-8,0.06109090,,0E-8,0.000000,0.898115,0.919672,,2026-03-23,2026-06-16,21,213,160,86,0.244186,,,0.000000,,,,,,,,GLOBAL_BASELINE_NO_ENTITY_RANKING,,,NOT_APPLICABLE_GLOBAL_BASELINE,HF9g-P5,,,,X 全窗基线 · 不参与实体赏罚,15056757,1506,A168_HF9F_20260827_0900,2026-08-27 09:00:00
2026-03-30,146711891,-1,1,78.9951812939,78.9951812939,78.9951812939,1.0000000,1,1,0.49324550000000000,0.493245500000,1.01360149184955,1.01360149184955,1.01360149184955,0E-17,SENTINEL_DEALER,R03b_20260811_FULL_v1,L1_ELIGIBILITY,v2026-08-11,2026-03-21..2026-08-06,baccarat_bet02_101_all_pairs_incl_sentinel,round_win = game_pnl > 0 (decisive only),COMPATIBILITY_ONLY_NOT_PRODUCTION,161981.4376,145477.9019,9895.5916,610,586,-0.06109090,,-0.06109090,-0.06109090,-9895.5916,161981.4376,OK,0.0000,395.8237,4.0000,96.0000,AG03-UNRESOLVED,ALL5_LEVELS_bet23_to_bet27,395.8237,395.8237,395.8237,395.8237,395.8237,4.000000,4.000000,4.000000,4.000000,4.000000,96.000000,96.000000,96.000000,96.000000,96.000000,5.0,1979.1183,1826.9964,7916.4733,8068.5952,PENDING_AG03,FALSE,NOT_FOR_ENFORCEMENT,9499.7679,139658.7858,9895.5916,9499.7679,395.8237,0.06109090,0.05864726,395.8237,9499.7679,0.05864726,395.8237,395.8237,395.8237,395.8237,395.8237,9499.7679,0.05864726,1979.1183,1826.9964,7916.4733,8068.5952,0.04887272,0.04981185,0.00244364,265.5433,248.2558,16.8867,471.2186,46.4582,7713.4018,27.9048,,265.5433,130.8798,132.8436,523.5191,526.6345,579.298,1056.2184,131.6586,0.0,4.360753,7.950843,1.998918,28,109,27,6,0E-8,0.06109090,,0E-8,0.000000,0.898115,0.919672,,2026-03-23,2026-06-16,21,213,160,86,0.244186,,,0.000000,,,,,,,,GLOBAL_BASELINE_NO_ENTITY_RANKING,,,NOT_APPLICABLE_GLOBAL_BASELINE,HF9g-P5,,,,X 全窗基线 · 不参与实体赏罚,15056758,1506,A168_HF9F_20260827_0900,2026-08-27 09:00:00
2026-03-30,146711891,2235,0,643.5474102746,93.7409484688,93.7409484688,0.6000000,5,5,0.49860758000000000,0.498607580000,0.4534424453485946,0.4534424453485946,0.4534424453485946,0E-17,ELIGIBLE,R03b_20260811_FULL_v1,L1_ELIGIBILITY,v2026-08-11,2026-03-21..2026-08-06,baccarat_bet02_101_all_pairs_incl_sentinel,round_win = game_pnl > 0 (decisive only),COMPATIBILITY_ONLY_NOT_PRODUCTION,161981.4376,145477.9019,9895.5916,610,586,-0.06109090,,-0.06109090,-0.06109090,-9895.5916,161981.4376,OK,0.0000,395.8237,4.0000,96.0000,AG03-UNRESOLVED,ALL5_LEVELS_bet23_to_bet27,395.8237,395.8237,395.8237,395.8237,395.8237,4.000000,4.000000,4.000000,4.000000,4.000000,96.000000,96.000000,96.000000,96.000000,96.000000,5.0,1979.1183,1826.9964,7916.4733,8068.5952,PENDING_AG03,FALSE,NOT_FOR_ENFORCEMENT,9499.7679,139658.7858,9895.5916,9499.7679,395.8237,0.06109090,0.05864726,395.8237,9499.7679,0.05864726,395.8237,395.8237,395.8237,395.8237,395.8237,9499.7679,0.05864726,1979.1183,1826.9964,7916.4733,8068.5952,0.04887272,0.04981185,0.00244364,265.5433,248.2558,16.8867,471.2186,46.4582,7713.4018,27.9048,,265.5433,130.8798,132.8436,523.5191,526.6345,579.298,1056.2184,131.6586,0.0,4.360753,7.950843,1.998918,28,109,27,6,0E-8,0.06109090,,0E-8,0.000000,0.898115,0.919672,,2026-03-23,2026-06-16,21,213,160,86,0.244186,,,0.000000,,,,,,,,GLOBAL_BASELINE_NO_ENTITY_RANKING,,,NOT_APPLICABLE_GLOBAL_BASELINE,HF9g-P5,,,,X 全窗基线 · 不参与实体赏罚,15056759,1506,A168_HF9F_20260827_0900,2026-08-27 09:00:00
2026-04-02,146711891,-1,1,654.3988691988,-654.3988691988,-654.3988691988,0E-7,3,3,0.49771390000000000,0.497713900000,-1.724149546644903,-1.724149546644903,-1.724149546644903,0E-17,SENTINEL_DEALER,R03b_20260811_FULL_v1,L1_ELIGIBILITY,v2026-08-11,2026-03-21..2026-08-06,baccarat_bet02_101_all_pairs_incl_sentinel,round_win = game_pnl > 0 (decisive only),COMPATIBILITY_ONLY_NOT_PRODUCTION,161981.4376,145477.9019,9895.5916,610,586,-0.06109090,,-0.06109090,-0.06109090,-9895.5916,161981.4376,OK,0.0000,395.8237,4.0000,96.0000,AG03-UNRESOLVED,ALL5_LEVELS_bet23_to_bet27,395.8237,395.8237,395.8237,395.8237,395.8237,4.000000,4.000000,4.000000,4.000000,4.000000,96.000000,96.000000,96.000000,96.000000,96.000000,5.0,1979.1183,1826.9964,7916.4733,8068.5952,PENDING_AG03,FALSE,NOT_FOR_ENFORCEMENT,9499.7679,139658.7858,9895.5916,9499.7679,395.8237,0.06109090,0.05864726,395.8237,9499.7679,0.05864726,395.8237,395.8237,395.8237,395.8237,395.8237,9499.7679,0.05864726,1979.1183,1826.9964,7916.4733,8068.5952,0.04887272,0.04981185,0.00244364,265.5433,248.2558,16.8867,471.2186,46.4582,7713.4018,27.9048,,265.5433,130.8798,132.8436,523.5191,526.6345,579.298,1056.2184,131.6586,0.0,4.360753,7.950843,1.998918,28,109,27,6,0E-8,0.06109090,,0E-8,0.000000,0.898115,0.919672,,2026-03-23,2026-06-16,21,213,160,86,0.244186,,,0.000000,,,,,,,,GLOBAL_BASELINE_NO_ENTITY_RANKING,,,NOT_APPLICABLE_GLOBAL_BASELINE,HF9g-P5,,,,X 全窗基线 · 不参与实体赏罚,15056760,1506,A168_HF9F_20260827_0900,2026-08-27 09:00:00
2026-04-02,146711891,1004,0,261.7595476795,0E-10,0E-10,,1,1,0.50665070000000000,0.506650700000,,,,0E-17,NO_DECISIVE_ROUND,R03b_20260811_FULL_v1,L1_ELIGIBILITY,v2026-08-11,2026-03-21..2026-08-06,baccarat_bet02_101_all_pairs_incl_sentinel,round_win = game_pnl > 0 (decisive only),COMPATIBILITY_ONLY_NOT_PRODUCTION,161981.4376,145477.9019,9895.5916,610,586,-0.06109090,,-0.06109090,-0.06109090,-9895.5916,161981.4376,OK,0.0000,395.8237,4.0000,96.0000,AG03-UNRESOLVED,ALL5_LEVELS_bet23_to_bet27,395.8237,395.8237,395.8237,395.8237,395.8237,4.000000,4.000000,4.000000,4.000000,4.000000,96.000000,96.000000,96.000000,96.000000,96.000000,5.0,1979.1183,1826.9964,7916.4733,8068.5952,PENDING_AG03,FALSE,NOT_FOR_ENFORCEMENT,9499.7679,139658.7858,9895.5916,9499.7679,395.8237,0.06109090,0.05864726,395.8237,9499.7679,0.05864726,395.8237,395.8237,395.8237,395.8237,395.8237,9499.7679,0.05864726,1979.1183,1826.9964,7916.4733,8068.5952,0.04887272,0.04981185,0.00244364,265.5433,248.2558,16.8867,471.2186,46.4582,7713.4018,27.9048,,265.5433,130.8798,132.8436,523.5191,526.6345,579.298,1056.2184,131.6586,0.0,4.360753,7.950843,1.998918,28,109,27,6,0E-8,0.06109090,,0E-8,0.000000,0.898115,0.919672,,2026-03-23,2026-06-16,21,213,160,86,0.244186,,,0.000000,,,,,,,,GLOBAL_BASELINE_NO_ENTITY_RANKING,,,NOT_APPLICABLE_GLOBAL_BASELINE,HF9g-P5,,,,X 全窗基线 · 不参与实体赏罚,15056761,1506,A168_HF9F_20260827_0900,2026-08-27 09:00:00
2026-04-02,146711891,1401,0,785.2786430387,65.4398869198,65.4398869198,0.5000000,4,4,0.49659680000000000,0.496596800000,0.013613115331600182,0.013613115331600183,0.013613115331600182,0E-17,ELIGIBLE,R03b_20260811_FULL_v1,L1_ELIGIBILITY,v2026-08-11,2026-03-21..2026-08-06,baccarat_bet02_101_all_pairs_incl_sentinel,round_win = game_pnl > 0 (decisive only),COMPATIBILITY_ONLY_NOT_PRODUCTION,161981.4376,145477.9019,9895.5916,610,586,-0.06109090,,-0.06109090,-0.06109090,-9895.5916,161981.4376,OK,0.0000,395.8237,4.0000,96.0000,AG03-UNRESOLVED,ALL5_LEVELS_bet23_to_bet27,395.8237,395.8237,395.8237,395.8237,395.8237,4.000000,4.000000,4.000000,4.000000,4.000000,96.000000,96.000000,96.000000,96.000000,96.000000,5.0,1979.1183,1826.9964,7916.4733,8068.5952,PENDING_AG03,FALSE,NOT_FOR_ENFORCEMENT,9499.7679,139658.7858,9895.5916,9499.7679,395.8237,0.06109090,0.05864726,395.8237,9499.7679,0.05864726,395.8237,395.8237,395.8237,395.8237,395.8237,9499.7679,0.05864726,1979.1183,1826.9964,7916.4733,8068.5952,0.04887272,0.04981185,0.00244364,265.5433,248.2558,16.8867,471.2186,46.4582,7713.4018,27.9048,,265.5433,130.8798,132.8436,523.5191,526.6345,579.298,1056.2184,131.6586,0.0,4.360753,7.950843,1.998918,28,109,27,6,0E-8,0.06109090,,0E-8,0.000000,0.898115,0.919672,,2026-03-23,2026-06-16,21,213,160,86,0.244186,,,0.000000,,,,,,,,GLOBAL_BASELINE_NO_ENTITY_RANKING,,,NOT_APPLICABLE_GLOBAL_BASELINE,HF9g-P5,,,,X 全窗基线 · 不参与实体赏罚,15056762,1506,A168_HF9F_20260827_0900,2026-08-27 09:00:00
2026-04-02,146711891,1490,0,1332.3560976889,-410.9624898569,-410.9624898569,0.4285714,14,8,0.49347272013862027,0.398067585417,-0.3434546217853508,0.16487367045968493,-0.3434546217853508,0.09540513472162027,ELIGIBLE,R03b_20260811_FULL_v1,L1_ELIGIBILITY,v2026-08-11,2026-03-21..2026-08-06,baccarat_bet02_101_all_pairs_incl_sentinel,round_win = game_pnl > 0 (decisive only),COMPATIBILITY_ONLY_NOT_PRODUCTION,161981.4376,145477.9019,9895.5916,610,586,-0.06109090,,-0.06109090,-0.06109090,-9895.5916,161981.4376,OK,0.0000,395.8237,4.0000,96.0000,AG03-UNRESOLVED,ALL5_LEVELS_bet23_to_bet27,395.8237,395.8237,395.8237,395.8237,395.8237,4.000000,4.000000,4.000000,4.000000,4.000000,96.000000,96.000000,96.000000,96.000000,96.000000,5.0,1979.1183,1826.9964,7916.4733,8068.5952,PENDING_AG03,FALSE,NOT_FOR_ENFORCEMENT,9499.7679,139658.7858,9895.5916,9499.7679,395.8237,0.06109090,0.05864726,395.8237,9499.7679,0.05864726,395.8237,395.8237,395.8237,395.8237,395.8237,9499.7679,0.05864726,1979.1183,1826.9964,7916.4733,8068.5952,0.04887272,0.04981185,0.00244364,265.5433,248.2558,16.8867,471.2186,46.4582,7713.4018,27.9048,,265.5433,130.8798,132.8436,523.5191,526.6345,579.298,1056.2184,131.6586,0.0,4.360753,7.950843,1.998918,28,109,27,6,0E-8,0.06109090,,0E-8,0.000000,0.898115,0.919672,,2026-03-23,2026-06-16,21,213,160,86,0.244186,,,0.000000,,,,,,,,GLOBAL_BASELINE_NO_ENTITY_RANKING,,,NOT_APPLICABLE_GLOBAL_BASELINE,HF9g-P5,,,,X 全窗基线 · 不参与实体赏罚,15056763,1506,A168_HF9F_20260827_0900,2026-08-27 09:00:00
2026-04-02,146711891,1623,0,1047.0381907180,1047.0381907180,1047.0381907180,1.0000000,2,2,0.50665070000000000,0.506650700000,1.3955260008387969,1.3955260008387969,1.3955260008387969,0E-17,ELIGIBLE,R03b_20260811_FULL_v1,L1_ELIGIBILITY,v2026-08-11,2026-03-21..2026-08-06,baccarat_bet02_101_all_pairs_incl_sentinel,round_win = game_pnl > 0 (decisive only),COMPATIBILITY_ONLY_NOT_PRODUCTION,161981.4376,145477.9019,9895.5916,610,586,-0.06109090,,-0.06109090,-0.06109090,-9895.5916,161981.4376,OK,0.0000,395.8237,4.0000,96.0000,AG03-UNRESOLVED,ALL5_LEVELS_bet23_to_bet27,395.8237,395.8237,395.8237,395.8237,395.8237,4.000000,4.000000,4.000000,4.000000,4.000000,96.000000,96.000000,96.000000,96.000000,96.000000,5.0,1979.1183,1826.9964,7916.4733,8068.5952,PENDING_AG03,FALSE,NOT_FOR_ENFORCEMENT,9499.7679,139658.7858,9895.5916,9499.7679,395.8237,0.06109090,0.05864726,395.8237,9499.7679,0.05864726,395.8237,395.8237,395.8237,395.8237,395.8237,9499.7679,0.05864726,1979.1183,1826.9964,7916.4733,8068.5952,0.04887272,0.04981185,0.00244364,265.5433,248.2558,16.8867,471.2186,46.4582,7713.4018,27.9048,,265.5433,130.8798,132.8436,523.5191,526.6345,579.298,1056.2184,131.6586,0.0,4.360753,7.950843,1.998918,28,109,27,6,0E-8,0.06109090,,0E-8,0.000000,0.898115,0.919672,,2026-03-23,2026-06-16,21,213,160,86,0.244186,,,0.000000,,,,,,,,GLOBAL_BASELINE_NO_ENTITY_RANKING,,,NOT_APPLICABLE_GLOBAL_BASELINE,HF9g-P5,,,,X 全窗基线 · 不参与实体赏罚,15056764,1506,A168_HF9F_20260827_0900,2026-08-27 09:00:00
2026-04-02,146711891,1714,0,1230.2698740937,1230.2698740937,1230.2698740937,1.0000000,3,3,0.50218230000000000,0.502182300000,1.724507524396475,1.7245075243964754,1.724507524396475,0E-17,ELIGIBLE,R03b_20260811_FULL_v1,L1_ELIGIBILITY,v2026-08-11,2026-03-21..2026-08-06,baccarat_bet02_101_all_pairs_incl_sentinel,round_win = game_pnl > 0 (decisive only),COMPATIBILITY_ONLY_NOT_PRODUCTION,161981.4376,145477.9019,9895.5916,610,586,-0.06109090,,-0.06109090,-0.06109090,-9895.5916,161981.4376,OK,0.0000,395.8237,4.0000,96.0000,AG03-UNRESOLVED,ALL5_LEVELS_bet23_to_bet27,395.8237,395.8237,395.8237,395.8237,395.8237,4.000000,4.000000,4.000000,4.000000,4.000000,96.000000,96.000000,96.000000,96.000000,96.000000,5.0,1979.1183,1826.9964,7916.4733,8068.5952,PENDING_AG03,FALSE,NOT_FOR_ENFORCEMENT,9499.7679,139658.7858,9895.5916,9499.7679,395.8237,0.06109090,0.05864726,395.8237,9499.7679,0.05864726,395.8237,395.8237,395.8237,395.8237,395.8237,9499.7679,0.05864726,1979.1183,1826.9964,7916.4733,8068.5952,0.04887272,0.04981185,0.00244364,265.5433,248.2558,16.8867,471.2186,46.4582,7713.4018,27.9048,,265.5433,130.8798,132.8436,523.5191,526.6345,579.298,1056.2184,131.6586,0.0,4.360753,7.950843,1.998918,28,109,27,6,0E-8,0.06109090,,0E-8,0.000000,0.898115,0.919672,,2026-03-23,2026-06-16,21,213,160,86,0.244186,,,0.000000,,,,,,,,GLOBAL_BASELINE_NO_ENTITY_RANKING,,,NOT_APPLICABLE_GLOBAL_BASELINE,HF9g-P5,,,,X 全窗基线 · 不参与实体赏罚,15056765,1506,A168_HF9F_20260827_0900,2026-08-27 09:00:00
2026-04-02,146711891,2152,0,424.0504672410,5.2351909535,5.2351909535,0.3333333,9,3,0.47053755571831143,0.226420266667,-0.4761166595526184,0.44246734442827806,-0.4761166595526184,0.24411728905131143,ELIGIBLE,R03b_20260811_FULL_v1,L1_ELIGIBILITY,v2026-08-11,2026-03-21..2026-08-06,baccarat_bet02_101_all_pairs_incl_sentinel,round_win = game_pnl > 0 (decisive only),COMPATIBILITY_ONLY_NOT_PRODUCTION,161981.4376,145477.9019,9895.5916,610,586,-0.06109090,,-0.06109090,-0.06109090,-9895.5916,161981.4376,OK,0.0000,395.8237,4.0000,96.0000,AG03-UNRESOLVED,ALL5_LEVELS_bet23_to_bet27,395.8237,395.8237,395.8237,395.8237,395.8237,4.000000,4.000000,4.000000,4.000000,4.000000,96.000000,96.000000,96.000000,96.000000,96.000000,5.0,1979.1183,1826.9964,7916.4733,8068.5952,PENDING_AG03,FALSE,NOT_FOR_ENFORCEMENT,9499.7679,139658.7858,9895.5916,9499.7679,395.8237,0.06109090,0.05864726,395.8237,9499.7679,0.05864726,395.8237,395.8237,395.8237,395.8237,395.8237,9499.7679,0.05864726,1979.1183,1826.9964,7916.4733,8068.5952,0.04887272,0.04981185,0.00244364,265.5433,248.2558,16.8867,471.2186,46.4582,7713.4018,27.9048,,265.5433,130.8798,132.8436,523.5191,526.6345,579.298,1056.2184,131.6586,0.0,4.360753,7.950843,1.998918,28,109,27,6,0E-8,0.06109090,,0E-8,0.000000,0.898115,0.919672,,2026-03-23,2026-06-16,21,213,160,86,0.244186,,,0.000000,,,,,,,,GLOBAL_BASELINE_NO_ENTITY_RANKING,,,NOT_APPLICABLE_GLOBAL_BASELINE,HF9g-P5,,,,X 全窗基线 · 不参与实体赏罚,15056766,1506,A168_HF9F_20260827_0900,2026-08-27 09:00:00
2026-04-02,146711891,2160,0,130.8797738398,-130.8797738398,-130.8797738398,0E-7,1,1,0.50665070000000000,0.506650700000,-1.013391052207602,-1.013391052207602,-1.013391052207602,0E-17,ELIGIBLE,R03b_20260811_FULL_v1,L1_ELIGIBILITY,v2026-08-11,2026-03-21..2026-08-06,baccarat_bet02_101_all_pairs_incl_sentinel,round_win = game_pnl > 0 (decisive only),COMPATIBILITY_ONLY_NOT_PRODUCTION,161981.4376,145477.9019,9895.5916,610,586,-0.06109090,,-0.06109090,-0.06109090,-9895.5916,161981.4376,OK,0.0000,395.8237,4.0000,96.0000,AG03-UNRESOLVED,ALL5_LEVELS_bet23_to_bet27,395.8237,395.8237,395.8237,395.8237,395.8237,4.000000,4.000000,4.000000,4.000000,4.000000,96.000000,96.000000,96.000000,96.000000,96.000000,5.0,1979.1183,1826.9964,7916.4733,8068.5952,PENDING_AG03,FALSE,NOT_FOR_ENFORCEMENT,9499.7679,139658.7858,9895.5916,9499.7679,395.8237,0.06109090,0.05864726,395.8237,9499.7679,0.05864726,395.8237,395.8237,395.8237,395.8237,395.8237,9499.7679,0.05864726,1979.1183,1826.9964,7916.4733,8068.5952,0.04887272,0.04981185,0.00244364,265.5433,248.2558,16.8867,471.2186,46.4582,7713.4018,27.9048,,265.5433,130.8798,132.8436,523.5191,526.6345,579.298,1056.2184,131.6586,0.0,4.360753,7.950843,1.998918,28,109,27,6,0E-8,0.06109090,,0E-8,0.000000,0.898115,0.919672,,2026-03-23,2026-06-16,21,213,160,86,0.244186,,,0.000000,,,,,,,,GLOBAL_BASELINE_NO_ENTITY_RANKING,,,NOT_APPLICABLE_GLOBAL_BASELINE,HF9g-P5,,,,X 全窗基线 · 不参与实体赏罚,15056767,1506,A168_HF9F_20260827_0900,2026-08-27 09:00:00
2026-04-02,146711891,2171,0,761.7202837475,-506.5047247599,-506.5047247599,0.2000000,5,5,0.50665070000000000,0.506650700000,-1.3715049547573244,-1.3715049547573244,-1.3715049547573244,0E-17,ELIGIBLE,R03b_20260811_FULL_v1,L1_ELIGIBILITY,v2026-08-11,2026-03-21..2026-08-06,baccarat_bet02_101_all_pairs_incl_sentinel,round_win = game_pnl > 0 (decisive only),COMPATIBILITY_ONLY_NOT_PRODUCTION,161981.4376,145477.9019,9895.5916,610,586,-0.06109090,,-0.06109090,-0.06109090,-9895.5916,161981.4376,OK,0.0000,395.8237,4.0000,96.0000,AG03-UNRESOLVED,ALL5_LEVELS_bet23_to_bet27,395.8237,395.8237,395.8237,395.8237,395.8237,4.000000,4.000000,4.000000,4.000000,4.000000,96.000000,96.000000,96.000000,96.000000,96.000000,5.0,1979.1183,1826.9964,7916.4733,8068.5952,PENDING_AG03,FALSE,NOT_FOR_ENFORCEMENT,9499.7679,139658.7858,9895.5916,9499.7679,395.8237,0.06109090,0.05864726,395.8237,9499.7679,0.05864726,395.8237,395.8237,395.8237,395.8237,395.8237,9499.7679,0.05864726,1979.1183,1826.9964,7916.4733,8068.5952,0.04887272,0.04981185,0.00244364,265.5433,248.2558,16.8867,471.2186,46.4582,7713.4018,27.9048,,265.5433,130.8798,132.8436,523.5191,526.6345,579.298,1056.2184,131.6586,0.0,4.360753,7.950843,1.998918,28,109,27,6,0E-8,0.06109090,,0E-8,0.000000,0.898115,0.919672,,2026-03-23,2026-06-16,21,213,160,86,0.244186,,,0.000000,,,,,,,,GLOBAL_BASELINE_NO_ENTITY_RANKING,,,NOT_APPLICABLE_GLOBAL_BASELINE,HF9g-P5,,,,X 全窗基线 · 不参与实体赏罚,15056768,1506,A168_HF9F_20260827_0900,2026-08-27 09:00:00
2026-04-02,146711891,2220,0,2094.0763814360,1047.0381907180,1047.0381907180,0.7500000,4,4,0.50329940000000000,0.503299400000,0.9868238854431842,0.9868238854431842,0.9868238854431842,0E-17,ELIGIBLE,R03b_20260811_FULL_v1,L1_ELIGIBILITY,v2026-08-11,2026-03-21..2026-08-06,baccarat_bet02_101_all_pairs_incl_sentinel,round_win = game_pnl > 0 (decisive only),COMPATIBILITY_ONLY_NOT_PRODUCTION,161981.4376,145477.9019,9895.5916,610,586,-0.06109090,,-0.06109090,-0.06109090,-9895.5916,161981.4376,OK,0.0000,395.8237,4.0000,96.0000,AG03-UNRESOLVED,ALL5_LEVELS_bet23_to_bet27,395.8237,395.8237,395.8237,395.8237,395.8237,4.000000,4.000000,4.000000,4.000000,4.000000,96.000000,96.000000,96.000000,96.000000,96.000000,5.0,1979.1183,1826.9964,7916.4733,8068.5952,PENDING_AG03,FALSE,NOT_FOR_ENFORCEMENT,9499.7679,139658.7858,9895.5916,9499.7679,395.8237,0.06109090,0.05864726,395.8237,9499.7679,0.05864726,395.8237,395.8237,395.8237,395.8237,395.8237,9499.7679,0.05864726,1979.1183,1826.9964,7916.4733,8068.5952,0.04887272,0.04981185,0.00244364,265.5433,248.2558,16.8867,471.2186,46.4582,7713.4018,27.9048,,265.5433,130.8798,132.8436,523.5191,526.6345,579.298,1056.2184,131.6586,0.0,4.360753,7.950843,1.998918,28,109,27,6,0E-8,0.06109090,,0E-8,0.000000,0.898115,0.919672,,2026-03-23,2026-06-16,21,213,160,86,0.244186,,,0.000000,,,,,,,,GLOBAL_BASELINE_NO_ENTITY_RANKING,,,NOT_APPLICABLE_GLOBAL_BASELINE,HF9g-P5,,,,X 全窗基线 · 不参与实体赏罚,15056769,1506,A168_HF9F_20260827_0900,2026-08-27 09:00:00
2026-04-02,146711891,2223,0,3769.3374865849,523.5190953590,523.5190953590,0.6666667,12,12,0.50106520000000000,0.501065200000,1.1473232199242855,1.1473232199242858,1.1473232199242855,0E-17,ELIGIBLE,R03b_20260811_FULL_v1,L1_ELIGIBILITY,v2026-08-11,2026-03-21..2026-08-06,baccarat_bet02_101_all_pairs_incl_sentinel,round_win = game_pnl > 0 (decisive only),COMPATIBILITY_ONLY_NOT_PRODUCTION,161981.4376,145477.9019,9895.5916,610,586,-0.06109090,,-0.06109090,-0.06109090,-9895.5916,161981.4376,OK,0.0000,395.8237,4.0000,96.0000,AG03-UNRESOLVED,ALL5_LEVELS_bet23_to_bet27,395.8237,395.8237,395.8237,395.8237,395.8237,4.000000,4.000000,4.000000,4.000000,4.000000,96.000000,96.000000,96.000000,96.000000,96.000000,5.0,1979.1183,1826.9964,7916.4733,8068.5952,PENDING_AG03,FALSE,NOT_FOR_ENFORCEMENT,9499.7679,139658.7858,9895.5916,9499.7679,395.8237,0.06109090,0.05864726,395.8237,9499.7679,0.05864726,395.8237,395.8237,395.8237,395.8237,395.8237,9499.7679,0.05864726,1979.1183,1826.9964,7916.4733,8068.5952,0.04887272,0.04981185,0.00244364,265.5433,248.2558,16.8867,471.2186,46.4582,7713.4018,27.9048,,265.5433,130.8798,132.8436,523.5191,526.6345,579.298,1056.2184,131.6586,0.0,4.360753,7.950843,1.998918,28,109,27,6,0E-8,0.06109090,,0E-8,0.000000,0.898115,0.919672,,2026-03-23,2026-06-16,21,213,160,86,0.244186,,,0.000000,,,,,,,,GLOBAL_BASELINE_NO_ENTITY_RANKING,,,NOT_APPLICABLE_GLOBAL_BASELINE,HF9g-P5,,,,X 全窗基线 · 不参与实体赏罚,15056770,1506,A168_HF9F_20260827_0900,2026-08-27 09:00:00
2026-04-02,146711891,2224,0,523.5190953590,0E-10,0E-10,0.5000000,2,2,0.49994810000000000,0.499948100000,0.00014679536856514622,0.00014679536856514622,0.00014679536856514622,0E-17,ELIGIBLE,R03b_20260811_FULL_v1,L1_ELIGIBILITY,v2026-08-11,2026-03-21..2026-08-06,baccarat_bet02_101_all_pairs_incl_sentinel,round_win = game_pnl > 0 (decisive only),COMPATIBILITY_ONLY_NOT_PRODUCTION,161981.4376,145477.9019,9895.5916,610,586,-0.06109090,,-0.06109090,-0.06109090,-9895.5916,161981.4376,OK,0.0000,395.8237,4.0000,96.0000,AG03-UNRESOLVED,ALL5_LEVELS_bet23_to_bet27,395.8237,395.8237,395.8237,395.8237,395.8237,4.000000,4.000000,4.000000,4.000000,4.000000,96.000000,96.000000,96.000000,96.000000,96.000000,5.0,1979.1183,1826.9964,7916.4733,8068.5952,PENDING_AG03,FALSE,NOT_FOR_ENFORCEMENT,9499.7679,139658.7858,9895.5916,9499.7679,395.8237,0.06109090,0.05864726,395.8237,9499.7679,0.05864726,395.8237,395.8237,395.8237,395.8237,395.8237,9499.7679,0.05864726,1979.1183,1826.9964,7916.4733,8068.5952,0.04887272,0.04981185,0.00244364,265.5433,248.2558,16.8867,471.2186,46.4582,7713.4018,27.9048,,265.5433,130.8798,132.8436,523.5191,526.6345,579.298,1056.2184,131.6586,0.0,4.360753,7.950843,1.998918,28,109,27,6,0E-8,0.06109090,,0E-8,0.000000,0.898115,0.919672,,2026-03-23,2026-06-16,21,213,160,86,0.244186,,,0.000000,,,,,,,,GLOBAL_BASELINE_NO_ENTITY_RANKING,,,NOT_APPLICABLE_GLOBAL_BASELINE,HF9g-P5,,,,X 全窗基线 · 不参与实体赏罚,15056771,1506,A168_HF9F_20260827_0900,2026-08-27 09:00:00
2026-04-02,146711891,2233,0,863.8065073426,-589.4825013744,-589.4825013744,0.1428571,8,8,0.50162375000000000,0.501623750000,-1.898424453090589,-1.898424453090589,-1.898424453090589,0E-17,ELIGIBLE,R03b_20260811_FULL_v1,L1_ELIGIBILITY,v2026-08-11,2026-03-21..2026-08-06,baccarat_bet02_101_all_pairs_incl_sentinel,round_win = game_pnl > 0 (decisive only),COMPATIBILITY_ONLY_NOT_PRODUCTION,161981.4376,145477.9019,9895.5916,610,586,-0.06109090,,-0.06109090,-0.06109090,-9895.5916,161981.4376,OK,0.0000,395.8237,4.0000,96.0000,AG03-UNRESOLVED,ALL5_LEVELS_bet23_to_bet27,395.8237,395.8237,395.8237,395.8237,395.8237,4.000000,4.000000,4.000000,4.000000,4.000000,96.000000,96.000000,96.000000,96.000000,96.000000,5.0,1979.1183,1826.9964,7916.4733,8068.5952,PENDING_AG03,FALSE,NOT_FOR_ENFORCEMENT,9499.7679,139658.7858,9895.5916,9499.7679,395.8237,0.06109090,0.05864726,395.8237,9499.7679,0.05864726,395.8237,395.8237,395.8237,395.8237,395.8237,9499.7679,0.05864726,1979.1183,1826.9964,7916.4733,8068.5952,0.04887272,0.04981185,0.00244364,265.5433,248.2558,16.8867,471.2186,46.4582,7713.4018,27.9048,,265.5433,130.8798,132.8436,523.5191,526.6345,579.298,1056.2184,131.6586,0.0,4.360753,7.950843,1.998918,28,109,27,6,0E-8,0.06109090,,0E-8,0.000000,0.898115,0.919672,,2026-03-23,2026-06-16,21,213,160,86,0.244186,,,0.000000,,,,,,,,GLOBAL_BASELINE_NO_ENTITY_RANKING,,,NOT_APPLICABLE_GLOBAL_BASELINE,HF9g-P5,,,,X 全窗基线 · 不参与实体赏罚,15056772,1506,A168_HF9F_20260827_0900,2026-08-27 09:00:00
2026-04-02,146711891,2250,0,931.3404706439,327.1994345994,327.1994345994,0.7500000,7,6,0.49371085757574891,0.465643266667,1.0252376759973867,1.1401216832902863,1.0252376759973867,0.02806759090874891,ELIGIBLE,R03b_20260811_FULL_v1,L1_ELIGIBILITY,v2026-08-11,2026-03-21..2026-08-06,baccarat_bet02_101_all_pairs_incl_sentinel,round_win = game_pnl > 0 (decisive only),COMPATIBILITY_ONLY_NOT_PRODUCTION,161981.4376,145477.9019,9895.5916,610,586,-0.06109090,,-0.06109090,-0.06109090,-9895.5916,161981.4376,OK,0.0000,395.8237,4.0000,96.0000,AG03-UNRESOLVED,ALL5_LEVELS_bet23_to_bet27,395.8237,395.8237,395.8237,395.8237,395.8237,4.000000,4.000000,4.000000,4.000000,4.000000,96.000000,96.000000,96.000000,96.000000,96.000000,5.0,1979.1183,1826.9964,7916.4733,8068.5952,PENDING_AG03,FALSE,NOT_FOR_ENFORCEMENT,9499.7679,139658.7858,9895.5916,9499.7679,395.8237,0.06109090,0.05864726,395.8237,9499.7679,0.05864726,395.8237,395.8237,395.8237,395.8237,395.8237,9499.7679,0.05864726,1979.1183,1826.9964,7916.4733,8068.5952,0.04887272,0.04981185,0.00244364,265.5433,248.2558,16.8867,471.2186,46.4582,7713.4018,27.9048,,265.5433,130.8798,132.8436,523.5191,526.6345,579.298,1056.2184,131.6586,0.0,4.360753,7.950843,1.998918,28,109,27,6,0E-8,0.06109090,,0E-8,0.000000,0.898115,0.919672,,2026-03-23,2026-06-16,21,213,160,86,0.244186,,,0.000000,,,,,,,,GLOBAL_BASELINE_NO_ENTITY_RANKING,,,NOT_APPLICABLE_GLOBAL_BASELINE,HF9g-P5,,,,X 全窗基线 · 不参与实体赏罚,15056773,1506,A168_HF9F_20260827_0900,2026-08-27 09:00:00
2026-04-02,146711891,2258,0,263.0683454179,-263.0683454179,-263.0683454179,0E-7,1,1,0.50665070000000000,0.506650700000,-1.013391052207602,-1.013391052207602,-1.013391052207602,0E-17,ELIGIBLE,R03b_20260811_FULL_v1,L1_ELIGIBILITY,v2026-08-11,2026-03-21..2026-08-06,baccarat_bet02_101_all_pairs_incl_sentinel,round_win = game_pnl > 0 (decisive only),COMPATIBILITY_ONLY_NOT_PRODUCTION,161981.4376,145477.9019,9895.5916,610,586,-0.06109090,,-0.06109090,-0.06109090,-9895.5916,161981.4376,OK,0.0000,395.8237,4.0000,96.0000,AG03-UNRESOLVED,ALL5_LEVELS_bet23_to_bet27,395.8237,395.8237,395.8237,395.8237,395.8237,4.000000,4.000000,4.000000,4.000000,4.000000,96.000000,96.000000,96.000000,96.000000,96.000000,5.0,1979.1183,1826.9964,7916.4733,8068.5952,PENDING_AG03,FALSE,NOT_FOR_ENFORCEMENT,9499.7679,139658.7858,9895.5916,9499.7679,395.8237,0.06109090,0.05864726,395.8237,9499.7679,0.05864726,395.8237,395.8237,395.8237,395.8237,395.8237,9499.7679,0.05864726,1979.1183,1826.9964,7916.4733,8068.5952,0.04887272,0.04981185,0.00244364,265.5433,248.2558,16.8867,471.2186,46.4582,7713.4018,27.9048,,265.5433,130.8798,132.8436,523.5191,526.6345,579.298,1056.2184,131.6586,0.0,4.360753,7.950843,1.998918,28,109,27,6,0E-8,0.06109090,,0E-8,0.000000,0.898115,0.919672,,2026-03-23,2026-06-16,21,213,160,86,0.244186,,,0.000000,,,,,,,,GLOBAL_BASELINE_NO_ENTITY_RANKING,,,NOT_APPLICABLE_GLOBAL_BASELINE,HF9g-P5,,,,X 全窗基线 · 不参与实体赏罚,15056774,1506,A168_HF9F_20260827_0900,2026-08-27 09:00:00
2026-04-02,146711891,2266,0,261.7595476795,-261.7595476795,-261.7595476795,0E-7,1,1,0.49324550000000000,0.493245500000,-0.9865810262130424,-0.9865810262130424,-0.9865810262130424,0E-17,ELIGIBLE,R03b_20260811_FULL_v1,L1_ELIGIBILITY,v2026-08-11,2026-03-21..2026-08-06,baccarat_bet02_101_all_pairs_incl_sentinel,round_win = game_pnl > 0 (decisive only),COMPATIBILITY_ONLY_NOT_PRODUCTION,161981.4376,145477.9019,9895.5916,610,586,-0.06109090,,-0.06109090,-0.06109090,-9895.5916,161981.4376,OK,0.0000,395.8237,4.0000,96.0000,AG03-UNRESOLVED,ALL5_LEVELS_bet23_to_bet27,395.8237,395.8237,395.8237,395.8237,395.8237,4.000000,4.000000,4.000000,4.000000,4.000000,96.000000,96.000000,96.000000,96.000000,96.000000,5.0,1979.1183,1826.9964,7916.4733,8068.5952,PENDING_AG03,FALSE,NOT_FOR_ENFORCEMENT,9499.7679,139658.7858,9895.5916,9499.7679,395.8237,0.06109090,0.05864726,395.8237,9499.7679,0.05864726,395.8237,395.8237,395.8237,395.8237,395.8237,9499.7679,0.05864726,1979.1183,1826.9964,7916.4733,8068.5952,0.04887272,0.04981185,0.00244364,265.5433,248.2558,16.8867,471.2186,46.4582,7713.4018,27.9048,,265.5433,130.8798,132.8436,523.5191,526.6345,579.298,1056.2184,131.6586,0.0,4.360753,7.950843,1.998918,28,109,27,6,0E-8,0.06109090,,0E-8,0.000000,0.898115,0.919672,,2026-03-23,2026-06-16,21,213,160,86,0.244186,,,0.000000,,,,,,,,GLOBAL_BASELINE_NO_ENTITY_RANKING,,,NOT_APPLICABLE_GLOBAL_BASELINE,HF9g-P5,,,,X 全窗基线 · 不参与实体赏罚,15056775,1506,A168_HF9F_20260827_0900,2026-08-27 09:00:00
2026-04-02,146711891,462,0,643.9284872919,128.2621783630,128.2621783630,0.6666667,9,7,0.49600111176469628,0.441114885714,0.8361137935556519,1.1127170885795707,0.8361137935556519,0.05488622605069628,ELIGIBLE,R03b_20260811_FULL_v1,L1_ELIGIBILITY,v2026-08-11,2026-03-21..2026-08-06,baccarat_bet02_101_all_pairs_incl_sentinel,round_win = game_pnl > 0 (decisive only),COMPATIBILITY_ONLY_NOT_PRODUCTION,161981.4376,145477.9019,9895.5916,610,586,-0.06109090,,-0.06109090,-0.06109090,-9895.5916,161981.4376,OK,0.0000,395.8237,4.0000,96.0000,AG03-UNRESOLVED,ALL5_LEVELS_bet23_to_bet27,395.8237,395.8237,395.8237,395.8237,395.8237,4.000000,4.000000,4.000000,4.000000,4.000000,96.000000,96.000000,96.000000,96.000000,96.000000,5.0,1979.1183,1826.9964,7916.4733,8068.5952,PENDING_AG03,FALSE,NOT_FOR_ENFORCEMENT,9499.7679,139658.7858,9895.5916,9499.7679,395.8237,0.06109090,0.05864726,395.8237,9499.7679,0.05864726,395.8237,395.8237,395.8237,395.8237,395.8237,9499.7679,0.05864726,1979.1183,1826.9964,7916.4733,8068.5952,0.04887272,0.04981185,0.00244364,265.5433,248.2558,16.8867,471.2186,46.4582,7713.4018,27.9048,,265.5433,130.8798,132.8436,523.5191,526.6345,579.298,1056.2184,131.6586,0.0,4.360753,7.950843,1.998918,28,109,27,6,0E-8,0.06109090,,0E-8,0.000000,0.898115,0.919672,,2026-03-23,2026-06-16,21,213,160,86,0.244186,,,0.000000,,,,,,,,GLOBAL_BASELINE_NO_ENTITY_RANKING,,,NOT_APPLICABLE_GLOBAL_BASELINE,HF9g-P5,,,,X 全窗基线 · 不参与实体赏罚,15056776,1506,A168_HF9F_20260827_0900,2026-08-27 09:00:00
2026-04-02,146711891,752,0,392.6393215194,130.8797738398,130.8797738398,0.6666667,3,3,0.50665070000000000,0.506650700000,0.5543606114942035,0.5543606114942035,0.5543606114942035,0E-17,ELIGIBLE,R03b_20260811_FULL_v1,L1_ELIGIBILITY,v2026-08-11,2026-03-21..2026-08-06,baccarat_bet02_101_all_pairs_incl_sentinel,round_win = game_pnl > 0 (decisive only),COMPATIBILITY_ONLY_NOT_PRODUCTION,161981.4376,145477.9019,9895.5916,610,586,-0.06109090,,-0.06109090,-0.06109090,-9895.5916,161981.4376,OK,0.0000,395.8237,4.0000,96.0000,AG03-UNRESOLVED,ALL5_LEVELS_bet23_to_bet27,395.8237,395.8237,395.8237,395.8237,395.8237,4.000000,4.000000,4.000000,4.000000,4.000000,96.000000,96.000000,96.000000,96.000000,96.000000,5.0,1979.1183,1826.9964,7916.4733,8068.5952,PENDING_AG03,FALSE,NOT_FOR_ENFORCEMENT,9499.7679,139658.7858,9895.5916,9499.7679,395.8237,0.06109090,0.05864726,395.8237,9499.7679,0.05864726,395.8237,395.8237,395.8237,395.8237,395.8237,9499.7679,0.05864726,1979.1183,1826.9964,7916.4733,8068.5952,0.04887272,0.04981185,0.00244364,265.5433,248.2558,16.8867,471.2186,46.4582,7713.4018,27.9048,,265.5433,130.8798,132.8436,523.5191,526.6345,579.298,1056.2184,131.6586,0.0,4.360753,7.950843,1.998918,28,109,27,6,0E-8,0.06109090,,0E-8,0.000000,0.898115,0.919672,,2026-03-23,2026-06-16,21,213,160,86,0.244186,,,0.000000,,,,,,,,GLOBAL_BASELINE_NO_ENTITY_RANKING,,,NOT_APPLICABLE_GLOBAL_BASELINE,HF9g-P5,,,,X 全窗基线 · 不参与实体赏罚,15056777,1506,A168_HF9F_20260827_0900,2026-08-27 09:00:00
2026-04-02,146711891,948,0,497.3431405911,392.6393215193,392.6393215193,0.7500000,4,4,0.49994810000000000,0.499948100000,1.0002076053883384,1.0002076053883384,1.0002076053883384,0E-17,ELIGIBLE,R03b_20260811_FULL_v1,L1_ELIGIBILITY,v2026-08-11,2026-03-21..2026-08-06,baccarat_bet02_101_all_pairs_incl_sentinel,round_win = game_pnl > 0 (decisive only),COMPATIBILITY_ONLY_NOT_PRODUCTION,161981.4376,145477.9019,9895.5916,610,586,-0.06109090,,-0.06109090,-0.06109090,-9895.5916,161981.4376,OK,0.0000,395.8237,4.0000,96.0000,AG03-UNRESOLVED,ALL5_LEVELS_bet23_to_bet27,395.8237,395.8237,395.8237,395.8237,395.8237,4.000000,4.000000,4.000000,4.000000,4.000000,96.000000,96.000000,96.000000,96.000000,96.000000,5.0,1979.1183,1826.9964,7916.4733,8068.5952,PENDING_AG03,FALSE,NOT_FOR_ENFORCEMENT,9499.7679,139658.7858,9895.5916,9499.7679,395.8237,0.06109090,0.05864726,395.8237,9499.7679,0.05864726,395.8237,395.8237,395.8237,395.8237,395.8237,9499.7679,0.05864726,1979.1183,1826.9964,7916.4733,8068.5952,0.04887272,0.04981185,0.00244364,265.5433,248.2558,16.8867,471.2186,46.4582,7713.4018,27.9048,,265.5433,130.8798,132.8436,523.5191,526.6345,579.298,1056.2184,131.6586,0.0,4.360753,7.950843,1.998918,28,109,27,6,0E-8,0.06109090,,0E-8,0.000000,0.898115,0.919672,,2026-03-23,2026-06-16,21,213,160,86,0.244186,,,0.000000,,,,,,,,GLOBAL_BASELINE_NO_ENTITY_RANKING,,,NOT_APPLICABLE_GLOBAL_BASELINE,HF9g-P5,,,,X 全窗基线 · 不参与实体赏罚,15056778,1506,A168_HF9F_20260827_0900,2026-08-27 09:00:00
2026-04-02,146711891,970,0,497.3431405912,235.5835929116,235.5835929116,0.7500000,4,4,0.50329940000000000,0.503299400000,0.9868238854431842,0.9868238854431842,0.9868238854431842,0E-17,ELIGIBLE,R03b_20260811_FULL_v1,L1_ELIGIBILITY,v2026-08-11,2026-03-21..2026-08-06,baccarat_bet02_101_all_pairs_incl_sentinel,round_win = game_pnl > 0 (decisive only),COMPATIBILITY_ONLY_NOT_PRODUCTION,161981.4376,145477.9019,9895.5916,610,586,-0.06109090,,-0.06109090,-0.06109090,-9895.5916,161981.4376,OK,0.0000,395.8237,4.0000,96.0000,AG03-UNRESOLVED,ALL5_LEVELS_bet23_to_bet27,395.8237,395.8237,395.8237,395.8237,395.8237,4.000000,4.000000,4.000000,4.000000,4.000000,96.000000,96.000000,96.000000,96.000000,96.000000,5.0,1979.1183,1826.9964,7916.4733,8068.5952,PENDING_AG03,FALSE,NOT_FOR_ENFORCEMENT,9499.7679,139658.7858,9895.5916,9499.7679,395.8237,0.06109090,0.05864726,395.8237,9499.7679,0.05864726,395.8237,395.8237,395.8237,395.8237,395.8237,9499.7679,0.05864726,1979.1183,1826.9964,7916.4733,8068.5952,0.04887272,0.04981185,0.00244364,265.5433,248.2558,16.8867,471.2186,46.4582,7713.4018,27.9048,,265.5433,130.8798,132.8436,523.5191,526.6345,579.298,1056.2184,131.6586,0.0,4.360753,7.950843,1.998918,28,109,27,6,0E-8,0.06109090,,0E-8,0.000000,0.898115,0.919672,,2026-03-23,2026-06-16,21,213,160,86,0.244186,,,0.000000,,,,,,,,GLOBAL_BASELINE_NO_ENTITY_RANKING,,,NOT_APPLICABLE_GLOBAL_BASELINE,HF9g-P5,,,,X 全窗基线 · 不参与实体赏罚,15056779,1506,A168_HF9F_20260827_0900,2026-08-27 09:00:00
2026-04-02,146711891,987,0,130.8797738398,130.8797738398,130.8797738398,1.0000000,1,1,0.49324550000000000,0.493245500000,1.01360149184955,1.01360149184955,1.01360149184955,0E-17,ELIGIBLE,R03b_20260811_FULL_v1,L1_ELIGIBILITY,v2026-08-11,2026-03-21..2026-08-06,baccarat_bet02_101_all_pairs_incl_sentinel,round_win = game_pnl > 0 (decisive only),COMPATIBILITY_ONLY_NOT_PRODUCTION,161981.4376,145477.9019,9895.5916,610,586,-0.06109090,,-0.06109090,-0.06109090,-9895.5916,161981.4376,OK,0.0000,395.8237,4.0000,96.0000,AG03-UNRESOLVED,ALL5_LEVELS_bet23_to_bet27,395.8237,395.8237,395.8237,395.8237,395.8237,4.000000,4.000000,4.000000,4.000000,4.000000,96.000000,96.000000,96.000000,96.000000,96.000000,5.0,1979.1183,1826.9964,7916.4733,8068.5952,PENDING_AG03,FALSE,NOT_FOR_ENFORCEMENT,9499.7679,139658.7858,9895.5916,9499.7679,395.8237,0.06109090,0.05864726,395.8237,9499.7679,0.05864726,395.8237,395.8237,395.8237,395.8237,395.8237,9499.7679,0.05864726,1979.1183,1826.9964,7916.4733,8068.5952,0.04887272,0.04981185,0.00244364,265.5433,248.2558,16.8867,471.2186,46.4582,7713.4018,27.9048,,265.5433,130.8798,132.8436,523.5191,526.6345,579.298,1056.2184,131.6586,0.0,4.360753,7.950843,1.998918,28,109,27,6,0E-8,0.06109090,,0E-8,0.000000,0.898115,0.919672,,2026-03-23,2026-06-16,21,213,160,86,0.244186,,,0.000000,,,,,,,,GLOBAL_BASELINE_NO_ENTITY_RANKING,,,NOT_APPLICABLE_GLOBAL_BASELINE,HF9g-P5,,,,X 全窗基线 · 不参与实体赏罚,15056780,1506,A168_HF9F_20260827_0900,2026-08-27 09:00:00
2026-04-07,146711891,-1,1,261.7595476796,0E-10,0E-10,0.5000000,2,2,0.50665070000000000,0.506650700000,-0.018812684590367487,-0.018812684590367487,-0.018812684590367487,0E-17,SENTINEL_DEALER,R03b_20260811_FULL_v1,L1_ELIGIBILITY,v2026-08-11,2026-03-21..2026-08-06,baccarat_bet02_101_all_pairs_incl_sentinel,round_win = game_pnl > 0 (decisive only),COMPATIBILITY_ONLY_NOT_PRODUCTION,161981.4376,145477.9019,9895.5916,610,586,-0.06109090,,-0.06109090,-0.06109090,-9895.5916,161981.4376,OK,0.0000,395.8237,4.0000,96.0000,AG03-UNRESOLVED,ALL5_LEVELS_bet23_to_bet27,395.8237,395.8237,395.8237,395.8237,395.8237,4.000000,4.000000,4.000000,4.000000,4.000000,96.000000,96.000000,96.000000,96.000000,96.000000,5.0,1979.1183,1826.9964,7916.4733,8068.5952,PENDING_AG03,FALSE,NOT_FOR_ENFORCEMENT,9499.7679,139658.7858,9895.5916,9499.7679,395.8237,0.06109090,0.05864726,395.8237,9499.7679,0.05864726,395.8237,395.8237,395.8237,395.8237,395.8237,9499.7679,0.05864726,1979.1183,1826.9964,7916.4733,8068.5952,0.04887272,0.04981185,0.00244364,265.5433,248.2558,16.8867,471.2186,46.4582,7713.4018,27.9048,,265.5433,130.8798,132.8436,523.5191,526.6345,579.298,1056.2184,131.6586,0.0,4.360753,7.950843,1.998918,28,109,27,6,0E-8,0.06109090,,0E-8,0.000000,0.898115,0.919672,,2026-03-23,2026-06-16,21,213,160,86,0.244186,,,0.000000,,,,,,,,GLOBAL_BASELINE_NO_ENTITY_RANKING,,,NOT_APPLICABLE_GLOBAL_BASELINE,HF9g-P5,,,,X 全窗基线 · 不参与实体赏罚,15056781,1506,A168_HF9F_20260827_0900,2026-08-27 09:00:00
2026-04-07,146711891,1078,0,1701.4370599173,-523.5190953591,-523.5190953591,0.3636364,12,12,0.50441650000000000,0.504416500000,-0.933866212220107,-0.933866212220107,-0.933866212220107,0E-17,ELIGIBLE,R03b_20260811_FULL_v1,L1_ELIGIBILITY,v2026-08-11,2026-03-21..2026-08-06,baccarat_bet02_101_all_pairs_incl_sentinel,round_win = game_pnl > 0 (decisive only),COMPATIBILITY_ONLY_NOT_PRODUCTION,161981.4376,145477.9019,9895.5916,610,586,-0.06109090,,-0.06109090,-0.06109090,-9895.5916,161981.4376,OK,0.0000,395.8237,4.0000,96.0000,AG03-UNRESOLVED,ALL5_LEVELS_bet23_to_bet27,395.8237,395.8237,395.8237,395.8237,395.8237,4.000000,4.000000,4.000000,4.000000,4.000000,96.000000,96.000000,96.000000,96.000000,96.000000,5.0,1979.1183,1826.9964,7916.4733,8068.5952,PENDING_AG03,FALSE,NOT_FOR_ENFORCEMENT,9499.7679,139658.7858,9895.5916,9499.7679,395.8237,0.06109090,0.05864726,395.8237,9499.7679,0.05864726,395.8237,395.8237,395.8237,395.8237,395.8237,9499.7679,0.05864726,1979.1183,1826.9964,7916.4733,8068.5952,0.04887272,0.04981185,0.00244364,265.5433,248.2558,16.8867,471.2186,46.4582,7713.4018,27.9048,,265.5433,130.8798,132.8436,523.5191,526.6345,579.298,1056.2184,131.6586,0.0,4.360753,7.950843,1.998918,28,109,27,6,0E-8,0.06109090,,0E-8,0.000000,0.898115,0.919672,,2026-03-23,2026-06-16,21,213,160,86,0.244186,,,0.000000,,,,,,,,GLOBAL_BASELINE_NO_ENTITY_RANKING,,,NOT_APPLICABLE_GLOBAL_BASELINE,HF9g-P5,,,,X 全窗基线 · 不参与实体赏罚,15056782,1506,A168_HF9F_20260827_0900,2026-08-27 09:00:00
2026-04-07,146711891,1256,0,785.2786430386,-261.7595476794,-261.7595476794,0.6666667,3,3,0.49771390000000000,0.497713900000,0.5852756695216578,0.5852756695216578,0.5852756695216578,0E-17,ELIGIBLE,R03b_20260811_FULL_v1,L1_ELIGIBILITY,v2026-08-11,2026-03-21..2026-08-06,baccarat_bet02_101_all_pairs_incl_sentinel,round_win = game_pnl > 0 (decisive only),COMPATIBILITY_ONLY_NOT_PRODUCTION,161981.4376,145477.9019,9895.5916,610,586,-0.06109090,,-0.06109090,-0.06109090,-9895.5916,161981.4376,OK,0.0000,395.8237,4.0000,96.0000,AG03-UNRESOLVED,ALL5_LEVELS_bet23_to_bet27,395.8237,395.8237,395.8237,395.8237,395.8237,4.000000,4.000000,4.000000,4.000000,4.000000,96.000000,96.000000,96.000000,96.000000,96.000000,5.0,1979.1183,1826.9964,7916.4733,8068.5952,PENDING_AG03,FALSE,NOT_FOR_ENFORCEMENT,9499.7679,139658.7858,9895.5916,9499.7679,395.8237,0.06109090,0.05864726,395.8237,9499.7679,0.05864726,395.8237,395.8237,395.8237,395.8237,395.8237,9499.7679,0.05864726,1979.1183,1826.9964,7916.4733,8068.5952,0.04887272,0.04981185,0.00244364,265.5433,248.2558,16.8867,471.2186,46.4582,7713.4018,27.9048,,265.5433,130.8798,132.8436,523.5191,526.6345,579.298,1056.2184,131.6586,0.0,4.360753,7.950843,1.998918,28,109,27,6,0E-8,0.06109090,,0E-8,0.000000,0.898115,0.919672,,2026-03-23,2026-06-16,21,213,160,86,0.244186,,,0.000000,,,,,,,,GLOBAL_BASELINE_NO_ENTITY_RANKING,,,NOT_APPLICABLE_GLOBAL_BASELINE,HF9g-P5,,,,X 全窗基线 · 不参与实体赏罚,15056783,1506,A168_HF9F_20260827_0900,2026-08-27 09:00:00
2026-04-07,146711891,1307,0,301.0234798315,104.7038190717,104.7038190717,0.7500000,4,4,0.50329940000000000,0.503299400000,0.9868238854431842,0.9868238854431842,0.9868238854431842,0E-17,ELIGIBLE,R03b_20260811_FULL_v1,L1_ELIGIBILITY,v2026-08-11,2026-03-21..2026-08-06,baccarat_bet02_101_all_pairs_incl_sentinel,round_win = game_pnl > 0 (decisive only),COMPATIBILITY_ONLY_NOT_PRODUCTION,161981.4376,145477.9019,9895.5916,610,586,-0.06109090,,-0.06109090,-0.06109090,-9895.5916,161981.4376,OK,0.0000,395.8237,4.0000,96.0000,AG03-UNRESOLVED,ALL5_LEVELS_bet23_to_bet27,395.8237,395.8237,395.8237,395.8237,395.8237,4.000000,4.000000,4.000000,4.000000,4.000000,96.000000,96.000000,96.000000,96.000000,96.000000,5.0,1979.1183,1826.9964,7916.4733,8068.5952,PENDING_AG03,FALSE,NOT_FOR_ENFORCEMENT,9499.7679,139658.7858,9895.5916,9499.7679,395.8237,0.06109090,0.05864726,395.8237,9499.7679,0.05864726,395.8237,395.8237,395.8237,395.8237,395.8237,9499.7679,0.05864726,1979.1183,1826.9964,7916.4733,8068.5952,0.04887272,0.04981185,0.00244364,265.5433,248.2558,16.8867,471.2186,46.4582,7713.4018,27.9048,,265.5433,130.8798,132.8436,523.5191,526.6345,579.298,1056.2184,131.6586,0.0,4.360753,7.950843,1.998918,28,109,27,6,0E-8,0.06109090,,0E-8,0.000000,0.898115,0.919672,,2026-03-23,2026-06-16,21,213,160,86,0.244186,,,0.000000,,,,,,,,GLOBAL_BASELINE_NO_ENTITY_RANKING,,,NOT_APPLICABLE_GLOBAL_BASELINE,HF9g-P5,,,,X 全窗基线 · 不参与实体赏罚,15056784,1506,A168_HF9F_20260827_0900,2026-08-27 09:00:00
2026-04-07,146711891,1318,0,526.9219694788,-526.9219694788,-526.9219694788,0E-7,2,2,0.49324550000000000,0.493245500000,-1.3952362676504506,-1.3952362676504506,-1.3952362676504506,0E-17,ELIGIBLE,R03b_20260811_FULL_v1,L1_ELIGIBILITY,v2026-08-11,2026-03-21..2026-08-06,baccarat_bet02_101_all_pairs_incl_sentinel,round_win = game_pnl > 0 (decisive only),COMPATIBILITY_ONLY_NOT_PRODUCTION,161981.4376,145477.9019,9895.5916,610,586,-0.06109090,,-0.06109090,-0.06109090,-9895.5916,161981.4376,OK,0.0000,395.8237,4.0000,96.0000,AG03-UNRESOLVED,ALL5_LEVELS_bet23_to_bet27,395.8237,395.8237,395.8237,395.8237,395.8237,4.000000,4.000000,4.000000,4.000000,4.000000,96.000000,96.000000,96.000000,96.000000,96.000000,5.0,1979.1183,1826.9964,7916.4733,8068.5952,PENDING_AG03,FALSE,NOT_FOR_ENFORCEMENT,9499.7679,139658.7858,9895.5916,9499.7679,395.8237,0.06109090,0.05864726,395.8237,9499.7679,0.05864726,395.8237,395.8237,395.8237,395.8237,395.8237,9499.7679,0.05864726,1979.1183,1826.9964,7916.4733,8068.5952,0.04887272,0.04981185,0.00244364,265.5433,248.2558,16.8867,471.2186,46.4582,7713.4018,27.9048,,265.5433,130.8798,132.8436,523.5191,526.6345,579.298,1056.2184,131.6586,0.0,4.360753,7.950843,1.998918,28,109,27,6,0E-8,0.06109090,,0E-8,0.000000,0.898115,0.919672,,2026-03-23,2026-06-16,21,213,160,86,0.244186,,,0.000000,,,,,,,,GLOBAL_BASELINE_NO_ENTITY_RANKING,,,NOT_APPLICABLE_GLOBAL_BASELINE,HF9g-P5,,,,X 全窗基线 · 不参与实体赏罚,15056785,1506,A168_HF9F_20260827_0900,2026-08-27 09:00:00
2026-04-07,146711891,1330,0,52.3519095359,-52.3519095359,-52.3519095359,0E-7,1,1,0.50665070000000000,0.506650700000,-1.013391052207602,-1.013391052207602,-1.013391052207602,0E-17,ELIGIBLE,R03b_20260811_FULL_v1,L1_ELIGIBILITY,v2026-08-11,2026-03-21..2026-08-06,baccarat_bet02_101_all_pairs_incl_sentinel,round_win = game_pnl > 0 (decisive only),COMPATIBILITY_ONLY_NOT_PRODUCTION,161981.4376,145477.9019,9895.5916,610,586,-0.06109090,,-0.06109090,-0.06109090,-9895.5916,161981.4376,OK,0.0000,395.8237,4.0000,96.0000,AG03-UNRESOLVED,ALL5_LEVELS_bet23_to_bet27,395.8237,395.8237,395.8237,395.8237,395.8237,4.000000,4.000000,4.000000,4.000000,4.000000,96.000000,96.000000,96.000000,96.000000,96.000000,5.0,1979.1183,1826.9964,7916.4733,8068.5952,PENDING_AG03,FALSE,NOT_FOR_ENFORCEMENT,9499.7679,139658.7858,9895.5916,9499.7679,395.8237,0.06109090,0.05864726,395.8237,9499.7679,0.05864726,395.8237,395.8237,395.8237,395.8237,395.8237,9499.7679,0.05864726,1979.1183,1826.9964,7916.4733,8068.5952,0.04887272,0.04981185,0.00244364,265.5433,248.2558,16.8867,471.2186,46.4582,7713.4018,27.9048,,265.5433,130.8798,132.8436,523.5191,526.6345,579.298,1056.2184,131.6586,0.0,4.360753,7.950843,1.998918,28,109,27,6,0E-8,0.06109090,,0E-8,0.000000,0.898115,0.919672,,2026-03-23,2026-06-16,21,213,160,86,0.244186,,,0.000000,,,,,,,,GLOBAL_BASELINE_NO_ENTITY_RANKING,,,NOT_APPLICABLE_GLOBAL_BASELINE,HF9g-P5,,,,X 全窗基线 · 不参与实体赏罚,15056786,1506,A168_HF9F_20260827_0900,2026-08-27 09:00:00
2026-04-07,146711891,1363,0,405.7272989033,75.9102688271,75.9102688271,0.5714286,7,7,0.49324550000000000,0.493245500000,0.4137436818725812,0.41374368187258126,0.4137436818725812,0E-17,ELIGIBLE,R03b_20260811_FULL_v1,L1_ELIGIBILITY,v2026-08-11,2026-03-21..2026-08-06,baccarat_bet02_101_all_pairs_incl_sentinel,round_win = game_pnl > 0 (decisive only),COMPATIBILITY_ONLY_NOT_PRODUCTION,161981.4376,145477.9019,9895.5916,610,586,-0.06109090,,-0.06109090,-0.06109090,-9895.5916,161981.4376,OK,0.0000,395.8237,4.0000,96.0000,AG03-UNRESOLVED,ALL5_LEVELS_bet23_to_bet27,395.8237,395.8237,395.8237,395.8237,395.8237,4.000000,4.000000,4.000000,4.000000,4.000000,96.000000,96.000000,96.000000,96.000000,96.000000,5.0,1979.1183,1826.9964,7916.4733,8068.5952,PENDING_AG03,FALSE,NOT_FOR_ENFORCEMENT,9499.7679,139658.7858,9895.5916,9499.7679,395.8237,0.06109090,0.05864726,395.8237,9499.7679,0.05864726,395.8237,395.8237,395.8237,395.8237,395.8237,9499.7679,0.05864726,1979.1183,1826.9964,7916.4733,8068.5952,0.04887272,0.04981185,0.00244364,265.5433,248.2558,16.8867,471.2186,46.4582,7713.4018,27.9048,,265.5433,130.8798,132.8436,523.5191,526.6345,579.298,1056.2184,131.6586,0.0,4.360753,7.950843,1.998918,28,109,27,6,0E-8,0.06109090,,0E-8,0.000000,0.898115,0.919672,,2026-03-23,2026-06-16,21,213,160,86,0.244186,,,0.000000,,,,,,,,GLOBAL_BASELINE_NO_ENTITY_RANKING,,,NOT_APPLICABLE_GLOBAL_BASELINE,HF9g-P5,,,,X 全窗基线 · 不参与实体赏罚,15056787,1506,A168_HF9F_20260827_0900,2026-08-27 09:00:00
2026-04-07,146711891,1400,0,261.7595476796,0E-10,0E-10,0.5000000,5,4,0.50078592500000080,0.501623750000,-0.0031437038835997176,-0.006495034249238073,-0.0031437038835997176,-0.00083782499999920,ELIGIBLE,R03b_20260811_FULL_v1,L1_ELIGIBILITY,v2026-08-11,2026-03-21..2026-08-06,baccarat_bet02_101_all_pairs_incl_sentinel,round_win = game_pnl > 0 (decisive only),COMPATIBILITY_ONLY_NOT_PRODUCTION,161981.4376,145477.9019,9895.5916,610,586,-0.06109090,,-0.06109090,-0.06109090,-9895.5916,161981.4376,OK,0.0000,395.8237,4.0000,96.0000,AG03-UNRESOLVED,ALL5_LEVELS_bet23_to_bet27,395.8237,395.8237,395.8237,395.8237,395.8237,4.000000,4.000000,4.000000,4.000000,4.000000,96.000000,96.000000,96.000000,96.000000,96.000000,5.0,1979.1183,1826.9964,7916.4733,8068.5952,PENDING_AG03,FALSE,NOT_FOR_ENFORCEMENT,9499.7679,139658.7858,9895.5916,9499.7679,395.8237,0.06109090,0.05864726,395.8237,9499.7679,0.05864726,395.8237,395.8237,395.8237,395.8237,395.8237,9499.7679,0.05864726,1979.1183,1826.9964,7916.4733,8068.5952,0.04887272,0.04981185,0.00244364,265.5433,248.2558,16.8867,471.2186,46.4582,7713.4018,27.9048,,265.5433,130.8798,132.8436,523.5191,526.6345,579.298,1056.2184,131.6586,0.0,4.360753,7.950843,1.998918,28,109,27,6,0E-8,0.06109090,,0E-8,0.000000,0.898115,0.919672,,2026-03-23,2026-06-16,21,213,160,86,0.244186,,,0.000000,,,,,,,,GLOBAL_BASELINE_NO_ENTITY_RANKING,,,NOT_APPLICABLE_GLOBAL_BASELINE,HF9g-P5,,,,X 全窗基线 · 不参与实体赏罚,15056788,1506,A168_HF9F_20260827_0900,2026-08-27 09:00:00
2026-04-07,146711891,1401,0,261.7595476796,130.8797738398,130.8797738398,1.0000000,2,2,0.49324550000000000,0.493245500000,1.01360149184955,1.01360149184955,1.01360149184955,0E-17,ELIGIBLE,R03b_20260811_FULL_v1,L1_ELIGIBILITY,v2026-08-11,2026-03-21..2026-08-06,baccarat_bet02_101_all_pairs_incl_sentinel,round_win = game_pnl > 0 (decisive only),COMPATIBILITY_ONLY_NOT_PRODUCTION,161981.4376,145477.9019,9895.5916,610,586,-0.06109090,,-0.06109090,-0.06109090,-9895.5916,161981.4376,OK,0.0000,395.8237,4.0000,96.0000,AG03-UNRESOLVED,ALL5_LEVELS_bet23_to_bet27,395.8237,395.8237,395.8237,395.8237,395.8237,4.000000,4.000000,4.000000,4.000000,4.000000,96.000000,96.000000,96.000000,96.000000,96.000000,5.0,1979.1183,1826.9964,7916.4733,8068.5952,PENDING_AG03,FALSE,NOT_FOR_ENFORCEMENT,9499.7679,139658.7858,9895.5916,9499.7679,395.8237,0.06109090,0.05864726,395.8237,9499.7679,0.05864726,395.8237,395.8237,395.8237,395.8237,395.8237,9499.7679,0.05864726,1979.1183,1826.9964,7916.4733,8068.5952,0.04887272,0.04981185,0.00244364,265.5433,248.2558,16.8867,471.2186,46.4582,7713.4018,27.9048,,265.5433,130.8798,132.8436,523.5191,526.6345,579.298,1056.2184,131.6586,0.0,4.360753,7.950843,1.998918,28,109,27,6,0E-8,0.06109090,,0E-8,0.000000,0.898115,0.919672,,2026-03-23,2026-06-16,21,213,160,86,0.244186,,,0.000000,,,,,,,,GLOBAL_BASELINE_NO_ENTITY_RANKING,,,NOT_APPLICABLE_GLOBAL_BASELINE,HF9g-P5,,,,X 全窗基线 · 不参与实体赏罚,15056789,1506,A168_HF9F_20260827_0900,2026-08-27 09:00:00
2026-04-07,146711891,1485,0,261.7595476796,261.7595476796,261.7595476796,1.0000000,2,2,0.50665070000000000,0.506650700000,1.3955260008387969,1.3955260008387969,1.3955260008387969,0E-17,ELIGIBLE,R03b_20260811_FULL_v1,L1_ELIGIBILITY,v2026-08-11,2026-03-21..2026-08-06,baccarat_bet02_101_all_pairs_incl_sentinel,round_win = game_pnl > 0 (decisive only),COMPATIBILITY_ONLY_NOT_PRODUCTION,161981.4376,145477.9019,9895.5916,610,586,-0.06109090,,-0.06109090,-0.06109090,-9895.5916,161981.4376,OK,0.0000,395.8237,4.0000,96.0000,AG03-UNRESOLVED,ALL5_LEVELS_bet23_to_bet27,395.8237,395.8237,395.8237,395.8237,395.8237,4.000000,4.000000,4.000000,4.000000,4.000000,96.000000,96.000000,96.000000,96.000000,96.000000,5.0,1979.1183,1826.9964,7916.4733,8068.5952,PENDING_AG03,FALSE,NOT_FOR_ENFORCEMENT,9499.7679,139658.7858,9895.5916,9499.7679,395.8237,0.06109090,0.05864726,395.8237,9499.7679,0.05864726,395.8237,395.8237,395.8237,395.8237,395.8237,9499.7679,0.05864726,1979.1183,1826.9964,7916.4733,8068.5952,0.04887272,0.04981185,0.00244364,265.5433,248.2558,16.8867,471.2186,46.4582,7713.4018,27.9048,,265.5433,130.8798,132.8436,523.5191,526.6345,579.298,1056.2184,131.6586,0.0,4.360753,7.950843,1.998918,28,109,27,6,0E-8,0.06109090,,0E-8,0.000000,0.898115,0.919672,,2026-03-23,2026-06-16,21,213,160,86,0.244186,,,0.000000,,,,,,,,GLOBAL_BASELINE_NO_ENTITY_RANKING,,,NOT_APPLICABLE_GLOBAL_BASELINE,HF9g-P5,,,,X 全窗基线 · 不参与实体赏罚,15056790,1506,A168_HF9F_20260827_0900,2026-08-27 09:00:00
2026-04-07,146711891,1710,0,52.3519095359,0E-10,0E-10,,1,1,0.50665070000000000,0.506650700000,,,,0E-17,NO_DECISIVE_ROUND,R03b_20260811_FULL_v1,L1_ELIGIBILITY,v2026-08-11,2026-03-21..2026-08-06,baccarat_bet02_101_all_pairs_incl_sentinel,round_win = game_pnl > 0 (decisive only),COMPATIBILITY_ONLY_NOT_PRODUCTION,161981.4376,145477.9019,9895.5916,610,586,-0.06109090,,-0.06109090,-0.06109090,-9895.5916,161981.4376,OK,0.0000,395.8237,4.0000,96.0000,AG03-UNRESOLVED,ALL5_LEVELS_bet23_to_bet27,395.8237,395.8237,395.8237,395.8237,395.8237,4.000000,4.000000,4.000000,4.000000,4.000000,96.000000,96.000000,96.000000,96.000000,96.000000,5.0,1979.1183,1826.9964,7916.4733,8068.5952,PENDING_AG03,FALSE,NOT_FOR_ENFORCEMENT,9499.7679,139658.7858,9895.5916,9499.7679,395.8237,0.06109090,0.05864726,395.8237,9499.7679,0.05864726,395.8237,395.8237,395.8237,395.8237,395.8237,9499.7679,0.05864726,1979.1183,1826.9964,7916.4733,8068.5952,0.04887272,0.04981185,0.00244364,265.5433,248.2558,16.8867,471.2186,46.4582,7713.4018,27.9048,,265.5433,130.8798,132.8436,523.5191,526.6345,579.298,1056.2184,131.6586,0.0,4.360753,7.950843,1.998918,28,109,27,6,0E-8,0.06109090,,0E-8,0.000000,0.898115,0.919672,,2026-03-23,2026-06-16,21,213,160,86,0.244186,,,0.000000,,,,,,,,GLOBAL_BASELINE_NO_ENTITY_RANKING,,,NOT_APPLICABLE_GLOBAL_BASELINE,HF9g-P5,,,,X 全窗基线 · 不参与实体赏罚,15056791,1506,A168_HF9F_20260827_0900,2026-08-27 09:00:00
2026-04-07,146711891,1935,0,52.3519095359,0E-10,0E-10,,1,1,0.50665070000000000,0.506650700000,,,,0E-17,NO_DECISIVE_ROUND,R03b_20260811_FULL_v1,L1_ELIGIBILITY,v2026-08-11,2026-03-21..2026-08-06,baccarat_bet02_101_all_pairs_incl_sentinel,round_win = game_pnl > 0 (decisive only),COMPATIBILITY_ONLY_NOT_PRODUCTION,161981.4376,145477.9019,9895.5916,610,586,-0.06109090,,-0.06109090,-0.06109090,-9895.5916,161981.4376,OK,0.0000,395.8237,4.0000,96.0000,AG03-UNRESOLVED,ALL5_LEVELS_bet23_to_bet27,395.8237,395.8237,395.8237,395.8237,395.8237,4.000000,4.000000,4.000000,4.000000,4.000000,96.000000,96.000000,96.000000,96.000000,96.000000,5.0,1979.1183,1826.9964,7916.4733,8068.5952,PENDING_AG03,FALSE,NOT_FOR_ENFORCEMENT,9499.7679,139658.7858,9895.5916,9499.7679,395.8237,0.06109090,0.05864726,395.8237,9499.7679,0.05864726,395.8237,395.8237,395.8237,395.8237,395.8237,9499.7679,0.05864726,1979.1183,1826.9964,7916.4733,8068.5952,0.04887272,0.04981185,0.00244364,265.5433,248.2558,16.8867,471.2186,46.4582,7713.4018,27.9048,,265.5433,130.8798,132.8436,523.5191,526.6345,579.298,1056.2184,131.6586,0.0,4.360753,7.950843,1.998918,28,109,27,6,0E-8,0.06109090,,0E-8,0.000000,0.898115,0.919672,,2026-03-23,2026-06-16,21,213,160,86,0.244186,,,0.000000,,,,,,,,GLOBAL_BASELINE_NO_ENTITY_RANKING,,,NOT_APPLICABLE_GLOBAL_BASELINE,HF9g-P5,,,,X 全窗基线 · 不参与实体赏罚,15056792,1506,A168_HF9F_20260827_0900,2026-08-27 09:00:00
2026-04-07,146711891,1985,0,970.8661623437,-367.2486453945,-367.2486453945,0.4166667,14,14,0.49899058571428571,0.498990585714,-0.5703580041709995,-0.5703580041690207,-0.5703580041709995,2.8571E-13,ELIGIBLE,R03b_20260811_FULL_v1,L1_ELIGIBILITY,v2026-08-11,2026-03-21..2026-08-06,baccarat_bet02_101_all_pairs_incl_sentinel,round_win = game_pnl > 0 (decisive only),COMPATIBILITY_ONLY_NOT_PRODUCTION,161981.4376,145477.9019,9895.5916,610,586,-0.06109090,,-0.06109090,-0.06109090,-9895.5916,161981.4376,OK,0.0000,395.8237,4.0000,96.0000,AG03-UNRESOLVED,ALL5_LEVELS_bet23_to_bet27,395.8237,395.8237,395.8237,395.8237,395.8237,4.000000,4.000000,4.000000,4.000000,4.000000,96.000000,96.000000,96.000000,96.000000,96.000000,5.0,1979.1183,1826.9964,7916.4733,8068.5952,PENDING_AG03,FALSE,NOT_FOR_ENFORCEMENT,9499.7679,139658.7858,9895.5916,9499.7679,395.8237,0.06109090,0.05864726,395.8237,9499.7679,0.05864726,395.8237,395.8237,395.8237,395.8237,395.8237,9499.7679,0.05864726,1979.1183,1826.9964,7916.4733,8068.5952,0.04887272,0.04981185,0.00244364,265.5433,248.2558,16.8867,471.2186,46.4582,7713.4018,27.9048,,265.5433,130.8798,132.8436,523.5191,526.6345,579.298,1056.2184,131.6586,0.0,4.360753,7.950843,1.998918,28,109,27,6,0E-8,0.06109090,,0E-8,0.000000,0.898115,0.919672,,2026-03-23,2026-06-16,21,213,160,86,0.244186,,,0.000000,,,,,,,,GLOBAL_BASELINE_NO_ENTITY_RANKING,,,NOT_APPLICABLE_GLOBAL_BASELINE,HF9g-P5,,,,X 全窗基线 · 不参与实体赏罚,15056793,1506,A168_HF9F_20260827_0900,2026-08-27 09:00:00
2026-04-07,146711891,2196,0,52.3519095359,52.3519095359,52.3519095359,1.0000000,1,1,0.49324550000000000,0.493245500000,1.01360149184955,1.01360149184955,1.01360149184955,0E-17,ELIGIBLE,R03b_20260811_FULL_v1,L1_ELIGIBILITY,v2026-08-11,2026-03-21..2026-08-06,baccarat_bet02_101_all_pairs_incl_sentinel,round_win = game_pnl > 0 (decisive only),COMPATIBILITY_ONLY_NOT_PRODUCTION,161981.4376,145477.9019,9895.5916,610,586,-0.06109090,,-0.06109090,-0.06109090,-9895.5916,161981.4376,OK,0.0000,395.8237,4.0000,96.0000,AG03-UNRESOLVED,ALL5_LEVELS_bet23_to_bet27,395.8237,395.8237,395.8237,395.8237,395.8237,4.000000,4.000000,4.000000,4.000000,4.000000,96.000000,96.000000,96.000000,96.000000,96.000000,5.0,1979.1183,1826.9964,7916.4733,8068.5952,PENDING_AG03,FALSE,NOT_FOR_ENFORCEMENT,9499.7679,139658.7858,9895.5916,9499.7679,395.8237,0.06109090,0.05864726,395.8237,9499.7679,0.05864726,395.8237,395.8237,395.8237,395.8237,395.8237,9499.7679,0.05864726,1979.1183,1826.9964,7916.4733,8068.5952,0.04887272,0.04981185,0.00244364,265.5433,248.2558,16.8867,471.2186,46.4582,7713.4018,27.9048,,265.5433,130.8798,132.8436,523.5191,526.6345,579.298,1056.2184,131.6586,0.0,4.360753,7.950843,1.998918,28,109,27,6,0E-8,0.06109090,,0E-8,0.000000,0.898115,0.919672,,2026-03-23,2026-06-16,21,213,160,86,0.244186,,,0.000000,,,,,,,,GLOBAL_BASELINE_NO_ENTITY_RANKING,,,NOT_APPLICABLE_GLOBAL_BASELINE,HF9g-P5,,,,X 全窗基线 · 不参与实体赏罚,15056794,1506,A168_HF9F_20260827_0900,2026-08-27 09:00:00
2026-04-07,146711891,526,0,130.8797738398,-130.8797738398,-130.8797738398,0E-7,1,1,0.50665070000000000,0.506650700000,-1.013391052207602,-1.013391052207602,-1.013391052207602,0E-17,ELIGIBLE,R03b_20260811_FULL_v1,L1_ELIGIBILITY,v2026-08-11,2026-03-21..2026-08-06,baccarat_bet02_101_all_pairs_incl_sentinel,round_win = game_pnl > 0 (decisive only),COMPATIBILITY_ONLY_NOT_PRODUCTION,161981.4376,145477.9019,9895.5916,610,586,-0.06109090,,-0.06109090,-0.06109090,-9895.5916,161981.4376,OK,0.0000,395.8237,4.0000,96.0000,AG03-UNRESOLVED,ALL5_LEVELS_bet23_to_bet27,395.8237,395.8237,395.8237,395.8237,395.8237,4.000000,4.000000,4.000000,4.000000,4.000000,96.000000,96.000000,96.000000,96.000000,96.000000,5.0,1979.1183,1826.9964,7916.4733,8068.5952,PENDING_AG03,FALSE,NOT_FOR_ENFORCEMENT,9499.7679,139658.7858,9895.5916,9499.7679,395.8237,0.06109090,0.05864726,395.8237,9499.7679,0.05864726,395.8237,395.8237,395.8237,395.8237,395.8237,9499.7679,0.05864726,1979.1183,1826.9964,7916.4733,8068.5952,0.04887272,0.04981185,0.00244364,265.5433,248.2558,16.8867,471.2186,46.4582,7713.4018,27.9048,,265.5433,130.8798,132.8436,523.5191,526.6345,579.298,1056.2184,131.6586,0.0,4.360753,7.950843,1.998918,28,109,27,6,0E-8,0.06109090,,0E-8,0.000000,0.898115,0.919672,,2026-03-23,2026-06-16,21,213,160,86,0.244186,,,0.000000,,,,,,,,GLOBAL_BASELINE_NO_ENTITY_RANKING,,,NOT_APPLICABLE_GLOBAL_BASELINE,HF9g-P5,,,,X 全窗基线 · 不参与实体赏罚,15056795,1506,A168_HF9F_20260827_0900,2026-08-27 09:00:00
2026-04-08,146711891,-1,1,4449.9123105515,261.7595476795,261.7595476795,0.5714286,8,8,0.49659680000000000,0.496596800000,0.3959816871769319,0.3959816871769319,0.3959816871769319,0E-17,SENTINEL_DEALER,R03b_20260811_FULL_v1,L1_ELIGIBILITY,v2026-08-11,2026-03-21..2026-08-06,baccarat_bet02_101_all_pairs_incl_sentinel,round_win = game_pnl > 0 (decisive only),COMPATIBILITY_ONLY_NOT_PRODUCTION,161981.4376,145477.9019,9895.5916,610,586,-0.06109090,,-0.06109090,-0.06109090,-9895.5916,161981.4376,OK,0.0000,395.8237,4.0000,96.0000,AG03-UNRESOLVED,ALL5_LEVELS_bet23_to_bet27,395.8237,395.8237,395.8237,395.8237,395.8237,4.000000,4.000000,4.000000,4.000000,4.000000,96.000000,96.000000,96.000000,96.000000,96.000000,5.0,1979.1183,1826.9964,7916.4733,8068.5952,PENDING_AG03,FALSE,NOT_FOR_ENFORCEMENT,9499.7679,139658.7858,9895.5916,9499.7679,395.8237,0.06109090,0.05864726,395.8237,9499.7679,0.05864726,395.8237,395.8237,395.8237,395.8237,395.8237,9499.7679,0.05864726,1979.1183,1826.9964,7916.4733,8068.5952,0.04887272,0.04981185,0.00244364,265.5433,248.2558,16.8867,471.2186,46.4582,7713.4018,27.9048,,265.5433,130.8798,132.8436,523.5191,526.6345,579.298,1056.2184,131.6586,0.0,4.360753,7.950843,1.998918,28,109,27,6,0E-8,0.06109090,,0E-8,0.000000,0.898115,0.919672,,2026-03-23,2026-06-16,21,213,160,86,0.244186,,,0.000000,,,,,,,,GLOBAL_BASELINE_NO_ENTITY_RANKING,,,NOT_APPLICABLE_GLOBAL_BASELINE,HF9g-P5,,,,X 全窗基线 · 不参与实体赏罚,15056796,1506,A168_HF9F_20260827_0900,2026-08-27 09:00:00
2026-04-08,146711891,1307,0,523.5190953590,-523.5190953590,-523.5190953590,0E-7,1,1,0.50665070000000000,0.506650700000,-1.013391052207602,-1.013391052207602,-1.013391052207602,0E-17,ELIGIBLE,R03b_20260811_FULL_v1,L1_ELIGIBILITY,v2026-08-11,2026-03-21..2026-08-06,baccarat_bet02_101_all_pairs_incl_sentinel,round_win = game_pnl > 0 (decisive only),COMPATIBILITY_ONLY_NOT_PRODUCTION,161981.4376,145477.9019,9895.5916,610,586,-0.06109090,,-0.06109090,-0.06109090,-9895.5916,161981.4376,OK,0.0000,395.8237,4.0000,96.0000,AG03-UNRESOLVED,ALL5_LEVELS_bet23_to_bet27,395.8237,395.8237,395.8237,395.8237,395.8237,4.000000,4.000000,4.000000,4.000000,4.000000,96.000000,96.000000,96.000000,96.000000,96.000000,5.0,1979.1183,1826.9964,7916.4733,8068.5952,PENDING_AG03,FALSE,NOT_FOR_ENFORCEMENT,9499.7679,139658.7858,9895.5916,9499.7679,395.8237,0.06109090,0.05864726,395.8237,9499.7679,0.05864726,395.8237,395.8237,395.8237,395.8237,395.8237,9499.7679,0.05864726,1979.1183,1826.9964,7916.4733,8068.5952,0.04887272,0.04981185,0.00244364,265.5433,248.2558,16.8867,471.2186,46.4582,7713.4018,27.9048,,265.5433,130.8798,132.8436,523.5191,526.6345,579.298,1056.2184,131.6586,0.0,4.360753,7.950843,1.998918,28,109,27,6,0E-8,0.06109090,,0E-8,0.000000,0.898115,0.919672,,2026-03-23,2026-06-16,21,213,160,86,0.244186,,,0.000000,,,,,,,,GLOBAL_BASELINE_NO_ENTITY_RANKING,,,NOT_APPLICABLE_GLOBAL_BASELINE,HF9g-P5,,,,X 全窗基线 · 不参与实体赏罚,15056797,1506,A168_HF9F_20260827_0900,2026-08-27 09:00:00
2026-04-08,146711891,1330,0,15967.3324084496,-2355.8359291155,-2355.8359291155,0.4400000,27,27,0.50416825555555556,0.504168255556,-0.6417048543580789,-0.6417048543625283,-0.6417048543580789,-4.4444E-13,ELIGIBLE,R03b_20260811_FULL_v1,L1_ELIGIBILITY,v2026-08-11,2026-03-21..2026-08-06,baccarat_bet02_101_all_pairs_incl_sentinel,round_win = game_pnl > 0 (decisive only),COMPATIBILITY_ONLY_NOT_PRODUCTION,161981.4376,145477.9019,9895.5916,610,586,-0.06109090,,-0.06109090,-0.06109090,-9895.5916,161981.4376,OK,0.0000,395.8237,4.0000,96.0000,AG03-UNRESOLVED,ALL5_LEVELS_bet23_to_bet27,395.8237,395.8237,395.8237,395.8237,395.8237,4.000000,4.000000,4.000000,4.000000,4.000000,96.000000,96.000000,96.000000,96.000000,96.000000,5.0,1979.1183,1826.9964,7916.4733,8068.5952,PENDING_AG03,FALSE,NOT_FOR_ENFORCEMENT,9499.7679,139658.7858,9895.5916,9499.7679,395.8237,0.06109090,0.05864726,395.8237,9499.7679,0.05864726,395.8237,395.8237,395.8237,395.8237,395.8237,9499.7679,0.05864726,1979.1183,1826.9964,7916.4733,8068.5952,0.04887272,0.04981185,0.00244364,265.5433,248.2558,16.8867,471.2186,46.4582,7713.4018,27.9048,,265.5433,130.8798,132.8436,523.5191,526.6345,579.298,1056.2184,131.6586,0.0,4.360753,7.950843,1.998918,28,109,27,6,0E-8,0.06109090,,0E-8,0.000000,0.898115,0.919672,,2026-03-23,2026-06-16,21,213,160,86,0.244186,,,0.000000,,,,,,,,GLOBAL_BASELINE_NO_ENTITY_RANKING,,,NOT_APPLICABLE_GLOBAL_BASELINE,HF9g-P5,,,,X 全窗基线 · 不参与实体赏罚,15056798,1506,A168_HF9F_20260827_0900,2026-08-27 09:00:00
2026-04-08,146711891,1363,0,4711.6718582310,0E-10,0E-10,0.5000000,9,9,0.49920336666666667,0.499203366667,0.004506444376759088,0.004506444374873482,0.004506444376759088,-3.3333E-13,ELIGIBLE,R03b_20260811_FULL_v1,L1_ELIGIBILITY,v2026-08-11,2026-03-21..2026-08-06,baccarat_bet02_101_all_pairs_incl_sentinel,round_win = game_pnl > 0 (decisive only),COMPATIBILITY_ONLY_NOT_PRODUCTION,161981.4376,145477.9019,9895.5916,610,586,-0.06109090,,-0.06109090,-0.06109090,-9895.5916,161981.4376,OK,0.0000,395.8237,4.0000,96.0000,AG03-UNRESOLVED,ALL5_LEVELS_bet23_to_bet27,395.8237,395.8237,395.8237,395.8237,395.8237,4.000000,4.000000,4.000000,4.000000,4.000000,96.000000,96.000000,96.000000,96.000000,96.000000,5.0,1979.1183,1826.9964,7916.4733,8068.5952,PENDING_AG03,FALSE,NOT_FOR_ENFORCEMENT,9499.7679,139658.7858,9895.5916,9499.7679,395.8237,0.06109090,0.05864726,395.8237,9499.7679,0.05864726,395.8237,395.8237,395.8237,395.8237,395.8237,9499.7679,0.05864726,1979.1183,1826.9964,7916.4733,8068.5952,0.04887272,0.04981185,0.00244364,265.5433,248.2558,16.8867,471.2186,46.4582,7713.4018,27.9048,,265.5433,130.8798,132.8436,523.5191,526.6345,579.298,1056.2184,131.6586,0.0,4.360753,7.950843,1.998918,28,109,27,6,0E-8,0.06109090,,0E-8,0.000000,0.898115,0.919672,,2026-03-23,2026-06-16,21,213,160,86,0.244186,,,0.000000,,,,,,,,GLOBAL_BASELINE_NO_ENTITY_RANKING,,,NOT_APPLICABLE_GLOBAL_BASELINE,HF9g-P5,,,,X 全窗基线 · 不参与实体赏罚,15056799,1506,A168_HF9F_20260827_0900,2026-08-27 09:00:00
2026-04-08,146711891,1402,0,5251.6818050938,-3157.6054236578,-3157.6054236578,0.1250000,10,10,0.49860758000000000,0.498607580000,-2.1134518218436553,-2.1134518218436553,-2.1134518218436553,0E-17,ELIGIBLE,R03b_20260811_FULL_v1,L1_ELIGIBILITY,v2026-08-11,2026-03-21..2026-08-06,baccarat_bet02_101_all_pairs_incl_sentinel,round_win = game_pnl > 0 (decisive only),COMPATIBILITY_ONLY_NOT_PRODUCTION,161981.4376,145477.9019,9895.5916,610,586,-0.06109090,,-0.06109090,-0.06109090,-9895.5916,161981.4376,OK,0.0000,395.8237,4.0000,96.0000,AG03-UNRESOLVED,ALL5_LEVELS_bet23_to_bet27,395.8237,395.8237,395.8237,395.8237,395.8237,4.000000,4.000000,4.000000,4.000000,4.000000,96.000000,96.000000,96.000000,96.000000,96.000000,5.0,1979.1183,1826.9964,7916.4733,8068.5952,PENDING_AG03,FALSE,NOT_FOR_ENFORCEMENT,9499.7679,139658.7858,9895.5916,9499.7679,395.8237,0.06109090,0.05864726,395.8237,9499.7679,0.05864726,395.8237,395.8237,395.8237,395.8237,395.8237,9499.7679,0.05864726,1979.1183,1826.9964,7916.4733,8068.5952,0.04887272,0.04981185,0.00244364,265.5433,248.2558,16.8867,471.2186,46.4582,7713.4018,27.9048,,265.5433,130.8798,132.8436,523.5191,526.6345,579.298,1056.2184,131.6586,0.0,4.360753,7.950843,1.998918,28,109,27,6,0E-8,0.06109090,,0E-8,0.000000,0.898115,0.919672,,2026-03-23,2026-06-16,21,213,160,86,0.244186,,,0.000000,,,,,,,,GLOBAL_BASELINE_NO_ENTITY_RANKING,,,NOT_APPLICABLE_GLOBAL_BASELINE,HF9g-P5,,,,X 全窗基线 · 不参与实体赏罚,15056800,1506,A168_HF9F_20260827_0900,2026-08-27 09:00:00
2026-04-08,146711891,1405,0,523.5190953590,523.5190953590,523.5190953590,1.0000000,1,1,0.49324550000000000,0.493245500000,1.01360149184955,1.01360149184955,1.01360149184955,0E-17,ELIGIBLE,R03b_20260811_FULL_v1,L1_ELIGIBILITY,v2026-08-11,2026-03-21..2026-08-06,baccarat_bet02_101_all_pairs_incl_sentinel,round_win = game_pnl > 0 (decisive only),COMPATIBILITY_ONLY_NOT_PRODUCTION,161981.4376,145477.9019,9895.5916,610,586,-0.06109090,,-0.06109090,-0.06109090,-9895.5916,161981.4376,OK,0.0000,395.8237,4.0000,96.0000,AG03-UNRESOLVED,ALL5_LEVELS_bet23_to_bet27,395.8237,395.8237,395.8237,395.8237,395.8237,4.000000,4.000000,4.000000,4.000000,4.000000,96.000000,96.000000,96.000000,96.000000,96.000000,5.0,1979.1183,1826.9964,7916.4733,8068.5952,PENDING_AG03,FALSE,NOT_FOR_ENFORCEMENT,9499.7679,139658.7858,9895.5916,9499.7679,395.8237,0.06109090,0.05864726,395.8237,9499.7679,0.05864726,395.8237,395.8237,395.8237,395.8237,395.8237,9499.7679,0.05864726,1979.1183,1826.9964,7916.4733,8068.5952,0.04887272,0.04981185,0.00244364,265.5433,248.2558,16.8867,471.2186,46.4582,7713.4018,27.9048,,265.5433,130.8798,132.8436,523.5191,526.6345,579.298,1056.2184,131.6586,0.0,4.360753,7.950843,1.998918,28,109,27,6,0E-8,0.06109090,,0E-8,0.000000,0.898115,0.919672,,2026-03-23,2026-06-16,21,213,160,86,0.244186,,,0.000000,,,,,,,,GLOBAL_BASELINE_NO_ENTITY_RANKING,,,NOT_APPLICABLE_GLOBAL_BASELINE,HF9g-P5,,,,X 全窗基线 · 不参与实体赏罚,15056801,1506,A168_HF9F_20260827_0900,2026-08-27 09:00:00
2026-04-08,146711891,1490,0,261.7595476795,-261.7595476795,-261.7595476795,0E-7,1,1,0.49324550000000000,0.493245500000,-0.9865810262130424,-0.9865810262130424,-0.9865810262130424,0E-17,ELIGIBLE,R03b_20260811_FULL_v1,L1_ELIGIBILITY,v2026-08-11,2026-03-21..2026-08-06,baccarat_bet02_101_all_pairs_incl_sentinel,round_win = game_pnl > 0 (decisive only),COMPATIBILITY_ONLY_NOT_PRODUCTION,161981.4376,145477.9019,9895.5916,610,586,-0.06109090,,-0.06109090,-0.06109090,-9895.5916,161981.4376,OK,0.0000,395.8237,4.0000,96.0000,AG03-UNRESOLVED,ALL5_LEVELS_bet23_to_bet27,395.8237,395.8237,395.8237,395.8237,395.8237,4.000000,4.000000,4.000000,4.000000,4.000000,96.000000,96.000000,96.000000,96.000000,96.000000,5.0,1979.1183,1826.9964,7916.4733,8068.5952,PENDING_AG03,FALSE,NOT_FOR_ENFORCEMENT,9499.7679,139658.7858,9895.5916,9499.7679,395.8237,0.06109090,0.05864726,395.8237,9499.7679,0.05864726,395.8237,395.8237,395.8237,395.8237,395.8237,9499.7679,0.05864726,1979.1183,1826.9964,7916.4733,8068.5952,0.04887272,0.04981185,0.00244364,265.5433,248.2558,16.8867,471.2186,46.4582,7713.4018,27.9048,,265.5433,130.8798,132.8436,523.5191,526.6345,579.298,1056.2184,131.6586,0.0,4.360753,7.950843,1.998918,28,109,27,6,0E-8,0.06109090,,0E-8,0.000000,0.898115,0.919672,,2026-03-23,2026-06-16,21,213,160,86,0.244186,,,0.000000,,,,,,,,GLOBAL_BASELINE_NO_ENTITY_RANKING,,,NOT_APPLICABLE_GLOBAL_BASELINE,HF9g-P5,,,,X 全窗基线 · 不参与实体赏罚,15056802,1506,A168_HF9F_20260827_0900,2026-08-27 09:00:00
2026-04-08,146711891,1507,0,1832.3168337565,-1832.3168337565,-1832.3168337565,0E-7,4,4,0.49994810000000000,0.499948100000,-1.9997924107733216,-1.9997924107733216,-1.9997924107733216,0E-17,ELIGIBLE,R03b_20260811_FULL_v1,L1_ELIGIBILITY,v2026-08-11,2026-03-21..2026-08-06,baccarat_bet02_101_all_pairs_incl_sentinel,round_win = game_pnl > 0 (decisive only),COMPATIBILITY_ONLY_NOT_PRODUCTION,161981.4376,145477.9019,9895.5916,610,586,-0.06109090,,-0.06109090,-0.06109090,-9895.5916,161981.4376,OK,0.0000,395.8237,4.0000,96.0000,AG03-UNRESOLVED,ALL5_LEVELS_bet23_to_bet27,395.8237,395.8237,395.8237,395.8237,395.8237,4.000000,4.000000,4.000000,4.000000,4.000000,96.000000,96.000000,96.000000,96.000000,96.000000,5.0,1979.1183,1826.9964,7916.4733,8068.5952,PENDING_AG03,FALSE,NOT_FOR_ENFORCEMENT,9499.7679,139658.7858,9895.5916,9499.7679,395.8237,0.06109090,0.05864726,395.8237,9499.7679,0.05864726,395.8237,395.8237,395.8237,395.8237,395.8237,9499.7679,0.05864726,1979.1183,1826.9964,7916.4733,8068.5952,0.04887272,0.04981185,0.00244364,265.5433,248.2558,16.8867,471.2186,46.4582,7713.4018,27.9048,,265.5433,130.8798,132.8436,523.5191,526.6345,579.298,1056.2184,131.6586,0.0,4.360753,7.950843,1.998918,28,109,27,6,0E-8,0.06109090,,0E-8,0.000000,0.898115,0.919672,,2026-03-23,2026-06-16,21,213,160,86,0.244186,,,0.000000,,,,,,,,GLOBAL_BASELINE_NO_ENTITY_RANKING,,,NOT_APPLICABLE_GLOBAL_BASELINE,HF9g-P5,,,,X 全窗基线 · 不参与实体赏罚,15056803,1506,A168_HF9F_20260827_0900,2026-08-27 09:00:00
2026-04-08,146711891,1704,0,1308.7977383975,261.7595476795,261.7595476795,0.6666667,3,3,0.50218230000000000,0.502182300000,0.5697959874915163,0.5697959874915164,0.5697959874915163,0E-17,ELIGIBLE,R03b_20260811_FULL_v1,L1_ELIGIBILITY,v2026-08-11,2026-03-21..2026-08-06,baccarat_bet02_101_all_pairs_incl_sentinel,round_win = game_pnl > 0 (decisive only),COMPATIBILITY_ONLY_NOT_PRODUCTION,161981.4376,145477.9019,9895.5916,610,586,-0.06109090,,-0.06109090,-0.06109090,-9895.5916,161981.4376,OK,0.0000,395.8237,4.0000,96.0000,AG03-UNRESOLVED,ALL5_LEVELS_bet23_to_bet27,395.8237,395.8237,395.8237,395.8237,395.8237,4.000000,4.000000,4.000000,4.000000,4.000000,96.000000,96.000000,96.000000,96.000000,96.000000,5.0,1979.1183,1826.9964,7916.4733,8068.5952,PENDING_AG03,FALSE,NOT_FOR_ENFORCEMENT,9499.7679,139658.7858,9895.5916,9499.7679,395.8237,0.06109090,0.05864726,395.8237,9499.7679,0.05864726,395.8237,395.8237,395.8237,395.8237,395.8237,9499.7679,0.05864726,1979.1183,1826.9964,7916.4733,8068.5952,0.04887272,0.04981185,0.00244364,265.5433,248.2558,16.8867,471.2186,46.4582,7713.4018,27.9048,,265.5433,130.8798,132.8436,523.5191,526.6345,579.298,1056.2184,131.6586,0.0,4.360753,7.950843,1.998918,28,109,27,6,0E-8,0.06109090,,0E-8,0.000000,0.898115,0.919672,,2026-03-23,2026-06-16,21,213,160,86,0.244186,,,0.000000,,,,,,,,GLOBAL_BASELINE_NO_ENTITY_RANKING,,,NOT_APPLICABLE_GLOBAL_BASELINE,HF9g-P5,,,,X 全窗基线 · 不参与实体赏罚,15056804,1506,A168_HF9F_20260827_0900,2026-08-27 09:00:00
2026-04-08,146711891,1957,0,523.5190953590,523.5190953590,523.5190953590,1.0000000,1,1,0.50665070000000000,0.506650700000,0.9867858985152569,0.9867858985152569,0.9867858985152569,0E-17,ELIGIBLE,R03b_20260811_FULL_v1,L1_ELIGIBILITY,v2026-08-11,2026-03-21..2026-08-06,baccarat_bet02_101_all_pairs_incl_sentinel,round_win = game_pnl > 0 (decisive only),COMPATIBILITY_ONLY_NOT_PRODUCTION,161981.4376,145477.9019,9895.5916,610,586,-0.06109090,,-0.06109090,-0.06109090,-9895.5916,161981.4376,OK,0.0000,395.8237,4.0000,96.0000,AG03-UNRESOLVED,ALL5_LEVELS_bet23_to_bet27,395.8237,395.8237,395.8237,395.8237,395.8237,4.000000,4.000000,4.000000,4.000000,4.000000,96.000000,96.000000,96.000000,96.000000,96.000000,5.0,1979.1183,1826.9964,7916.4733,8068.5952,PENDING_AG03,FALSE,NOT_FOR_ENFORCEMENT,9499.7679,139658.7858,9895.5916,9499.7679,395.8237,0.06109090,0.05864726,395.8237,9499.7679,0.05864726,395.8237,395.8237,395.8237,395.8237,395.8237,9499.7679,0.05864726,1979.1183,1826.9964,7916.4733,8068.5952,0.04887272,0.04981185,0.00244364,265.5433,248.2558,16.8867,471.2186,46.4582,7713.4018,27.9048,,265.5433,130.8798,132.8436,523.5191,526.6345,579.298,1056.2184,131.6586,0.0,4.360753,7.950843,1.998918,28,109,27,6,0E-8,0.06109090,,0E-8,0.000000,0.898115,0.919672,,2026-03-23,2026-06-16,21,213,160,86,0.244186,,,0.000000,,,,,,,,GLOBAL_BASELINE_NO_ENTITY_RANKING,,,NOT_APPLICABLE_GLOBAL_BASELINE,HF9g-P5,,,,X 全窗基线 · 不参与实体赏罚,15056805,1506,A168_HF9F_20260827_0900,2026-08-27 09:00:00
2026-04-08,146711891,2106,0,1047.0381907180,523.5190953590,523.5190953590,1.0000000,2,2,0.49994810000000000,0.499948100000,1.0001038053877793,1.0001038053877793,1.0001038053877793,0E-17,ELIGIBLE,R03b_20260811_FULL_v1,L1_ELIGIBILITY,v2026-08-11,2026-03-21..2026-08-06,baccarat_bet02_101_all_pairs_incl_sentinel,round_win = game_pnl > 0 (decisive only),COMPATIBILITY_ONLY_NOT_PRODUCTION,161981.4376,145477.9019,9895.5916,610,586,-0.06109090,,-0.06109090,-0.06109090,-9895.5916,161981.4376,OK,0.0000,395.8237,4.0000,96.0000,AG03-UNRESOLVED,ALL5_LEVELS_bet23_to_bet27,395.8237,395.8237,395.8237,395.8237,395.8237,4.000000,4.000000,4.000000,4.000000,4.000000,96.000000,96.000000,96.000000,96.000000,96.000000,5.0,1979.1183,1826.9964,7916.4733,8068.5952,PENDING_AG03,FALSE,NOT_FOR_ENFORCEMENT,9499.7679,139658.7858,9895.5916,9499.7679,395.8237,0.06109090,0.05864726,395.8237,9499.7679,0.05864726,395.8237,395.8237,395.8237,395.8237,395.8237,9499.7679,0.05864726,1979.1183,1826.9964,7916.4733,8068.5952,0.04887272,0.04981185,0.00244364,265.5433,248.2558,16.8867,471.2186,46.4582,7713.4018,27.9048,,265.5433,130.8798,132.8436,523.5191,526.6345,579.298,1056.2184,131.6586,0.0,4.360753,7.950843,1.998918,28,109,27,6,0E-8,0.06109090,,0E-8,0.000000,0.898115,0.919672,,2026-03-23,2026-06-16,21,213,160,86,0.244186,,,0.000000,,,,,,,,GLOBAL_BASELINE_NO_ENTITY_RANKING,,,NOT_APPLICABLE_GLOBAL_BASELINE,HF9g-P5,,,,X 全窗基线 · 不参与实体赏罚,15056806,1506,A168_HF9F_20260827_0900,2026-08-27 09:00:00
2026-04-08,146711891,2145,0,1570.5572860770,0E-10,0E-10,0.5000000,2,2,0.49994810000000000,0.499948100000,0.00014679536856514622,0.00014679536856514622,0.00014679536856514622,0E-17,ELIGIBLE,R03b_20260811_FULL_v1,L1_ELIGIBILITY,v2026-08-11,2026-03-21..2026-08-06,baccarat_bet02_101_all_pairs_incl_sentinel,round_win = game_pnl > 0 (decisive only),COMPATIBILITY_ONLY_NOT_PRODUCTION,161981.4376,145477.9019,9895.5916,610,586,-0.06109090,,-0.06109090,-0.06109090,-9895.5916,161981.4376,OK,0.0000,395.8237,4.0000,96.0000,AG03-UNRESOLVED,ALL5_LEVELS_bet23_to_bet27,395.8237,395.8237,395.8237,395.8237,395.8237,4.000000,4.000000,4.000000,4.000000,4.000000,96.000000,96.000000,96.000000,96.000000,96.000000,5.0,1979.1183,1826.9964,7916.4733,8068.5952,PENDING_AG03,FALSE,NOT_FOR_ENFORCEMENT,9499.7679,139658.7858,9895.5916,9499.7679,395.8237,0.06109090,0.05864726,395.8237,9499.7679,0.05864726,395.8237,395.8237,395.8237,395.8237,395.8237,9499.7679,0.05864726,1979.1183,1826.9964,7916.4733,8068.5952,0.04887272,0.04981185,0.00244364,265.5433,248.2558,16.8867,471.2186,46.4582,7713.4018,27.9048,,265.5433,130.8798,132.8436,523.5191,526.6345,579.298,1056.2184,131.6586,0.0,4.360753,7.950843,1.998918,28,109,27,6,0E-8,0.06109090,,0E-8,0.000000,0.898115,0.919672,,2026-03-23,2026-06-16,21,213,160,86,0.244186,,,0.000000,,,,,,,,GLOBAL_BASELINE_NO_ENTITY_RANKING,,,NOT_APPLICABLE_GLOBAL_BASELINE,HF9g-P5,,,,X 全窗基线 · 不参与实体赏罚,15056807,1506,A168_HF9F_20260827_0900,2026-08-27 09:00:00
2026-04-08,146711891,2196,0,5235.1909535900,2094.0763814360,2094.0763814360,0.7500000,10,10,0.50665070000000000,0.506650700000,1.3767133162484293,1.3767133162484293,1.3767133162484293,0E-17,ELIGIBLE,R03b_20260811_FULL_v1,L1_ELIGIBILITY,v2026-08-11,2026-03-21..2026-08-06,baccarat_bet02_101_all_pairs_incl_sentinel,round_win = game_pnl > 0 (decisive only),COMPATIBILITY_ONLY_NOT_PRODUCTION,161981.4376,145477.9019,9895.5916,610,586,-0.06109090,,-0.06109090,-0.06109090,-9895.5916,161981.4376,OK,0.0000,395.8237,4.0000,96.0000,AG03-UNRESOLVED,ALL5_LEVELS_bet23_to_bet27,395.8237,395.8237,395.8237,395.8237,395.8237,4.000000,4.000000,4.000000,4.000000,4.000000,96.000000,96.000000,96.000000,96.000000,96.000000,5.0,1979.1183,1826.9964,7916.4733,8068.5952,PENDING_AG03,FALSE,NOT_FOR_ENFORCEMENT,9499.7679,139658.7858,9895.5916,9499.7679,395.8237,0.06109090,0.05864726,395.8237,9499.7679,0.05864726,395.8237,395.8237,395.8237,395.8237,395.8237,9499.7679,0.05864726,1979.1183,1826.9964,7916.4733,8068.5952,0.04887272,0.04981185,0.00244364,265.5433,248.2558,16.8867,471.2186,46.4582,7713.4018,27.9048,,265.5433,130.8798,132.8436,523.5191,526.6345,579.298,1056.2184,131.6586,0.0,4.360753,7.950843,1.998918,28,109,27,6,0E-8,0.06109090,,0E-8,0.000000,0.898115,0.919672,,2026-03-23,2026-06-16,21,213,160,86,0.244186,,,0.000000,,,,,,,,GLOBAL_BASELINE_NO_ENTITY_RANKING,,,NOT_APPLICABLE_GLOBAL_BASELINE,HF9g-P5,,,,X 全窗基线 · 不参与实体赏罚,15056808,1506,A168_HF9F_20260827_0900,2026-08-27 09:00:00
2026-04-08,146711891,2201,0,1832.3168337565,785.2786430385,785.2786430385,0.7500000,4,4,0.49659680000000000,0.496596800000,1.0136362796769356,1.0136362796769358,1.0136362796769356,0E-17,ELIGIBLE,R03b_20260811_FULL_v1,L1_ELIGIBILITY,v2026-08-11,2026-03-21..2026-08-06,baccarat_bet02_101_all_pairs_incl_sentinel,round_win = game_pnl > 0 (decisive only),COMPATIBILITY_ONLY_NOT_PRODUCTION,161981.4376,145477.9019,9895.5916,610,586,-0.06109090,,-0.06109090,-0.06109090,-9895.5916,161981.4376,OK,0.0000,395.8237,4.0000,96.0000,AG03-UNRESOLVED,ALL5_LEVELS_bet23_to_bet27,395.8237,395.8237,395.8237,395.8237,395.8237,4.000000,4.000000,4.000000,4.000000,4.000000,96.000000,96.000000,96.000000,96.000000,96.000000,5.0,1979.1183,1826.9964,7916.4733,8068.5952,PENDING_AG03,FALSE,NOT_FOR_ENFORCEMENT,9499.7679,139658.7858,9895.5916,9499.7679,395.8237,0.06109090,0.05864726,395.8237,9499.7679,0.05864726,395.8237,395.8237,395.8237,395.8237,395.8237,9499.7679,0.05864726,1979.1183,1826.9964,7916.4733,8068.5952,0.04887272,0.04981185,0.00244364,265.5433,248.2558,16.8867,471.2186,46.4582,7713.4018,27.9048,,265.5433,130.8798,132.8436,523.5191,526.6345,579.298,1056.2184,131.6586,0.0,4.360753,7.950843,1.998918,28,109,27,6,0E-8,0.06109090,,0E-8,0.000000,0.898115,0.919672,,2026-03-23,2026-06-16,21,213,160,86,0.244186,,,0.000000,,,,,,,,GLOBAL_BASELINE_NO_ENTITY_RANKING,,,NOT_APPLICABLE_GLOBAL_BASELINE,HF9g-P5,,,,X 全窗基线 · 不参与实体赏罚,15056809,1506,A168_HF9F_20260827_0900,2026-08-27 09:00:00
2026-04-09,146711891,1353,0,327.1994345995,13.0879773839,13.0879773839,0.5000000,4,4,0.49659680000000000,0.496596800000,0.013613115331600182,0.013613115331600183,0.013613115331600182,0E-17,ELIGIBLE,R03b_20260811_FULL_v1,L1_ELIGIBILITY,v2026-08-11,2026-03-21..2026-08-06,baccarat_bet02_101_all_pairs_incl_sentinel,round_win = game_pnl > 0 (decisive only),COMPATIBILITY_ONLY_NOT_PRODUCTION,161981.4376,145477.9019,9895.5916,610,586,-0.06109090,,-0.06109090,-0.06109090,-9895.5916,161981.4376,OK,0.0000,395.8237,4.0000,96.0000,AG03-UNRESOLVED,ALL5_LEVELS_bet23_to_bet27,395.8237,395.8237,395.8237,395.8237,395.8237,4.000000,4.000000,4.000000,4.000000,4.000000,96.000000,96.000000,96.000000,96.000000,96.000000,5.0,1979.1183,1826.9964,7916.4733,8068.5952,PENDING_AG03,FALSE,NOT_FOR_ENFORCEMENT,9499.7679,139658.7858,9895.5916,9499.7679,395.8237,0.06109090,0.05864726,395.8237,9499.7679,0.05864726,395.8237,395.8237,395.8237,395.8237,395.8237,9499.7679,0.05864726,1979.1183,1826.9964,7916.4733,8068.5952,0.04887272,0.04981185,0.00244364,265.5433,248.2558,16.8867,471.2186,46.4582,7713.4018,27.9048,,265.5433,130.8798,132.8436,523.5191,526.6345,579.298,1056.2184,131.6586,0.0,4.360753,7.950843,1.998918,28,109,27,6,0E-8,0.06109090,,0E-8,0.000000,0.898115,0.919672,,2026-03-23,2026-06-16,21,213,160,86,0.244186,,,0.000000,,,,,,,,GLOBAL_BASELINE_NO_ENTITY_RANKING,,,NOT_APPLICABLE_GLOBAL_BASELINE,HF9g-P5,,,,X 全窗基线 · 不参与实体赏罚,15056810,1506,A168_HF9F_20260827_0900,2026-08-27 09:00:00
2026-04-09,146711891,1396,0,157.0557286078,-157.0557286078,-157.0557286078,0E-7,2,2,0.49994810000000000,0.499948100000,-1.4140667746232096,-1.4140667746232096,-1.4140667746232096,0E-17,ELIGIBLE,R03b_20260811_FULL_v1,L1_ELIGIBILITY,v2026-08-11,2026-03-21..2026-08-06,baccarat_bet02_101_all_pairs_incl_sentinel,round_win = game_pnl > 0 (decisive only),COMPATIBILITY_ONLY_NOT_PRODUCTION,161981.4376,145477.9019,9895.5916,610,586,-0.06109090,,-0.06109090,-0.06109090,-9895.5916,161981.4376,OK,0.0000,395.8237,4.0000,96.0000,AG03-UNRESOLVED,ALL5_LEVELS_bet23_to_bet27,395.8237,395.8237,395.8237,395.8237,395.8237,4.000000,4.000000,4.000000,4.000000,4.000000,96.000000,96.000000,96.000000,96.000000,96.000000,5.0,1979.1183,1826.9964,7916.4733,8068.5952,PENDING_AG03,FALSE,NOT_FOR_ENFORCEMENT,9499.7679,139658.7858,9895.5916,9499.7679,395.8237,0.06109090,0.05864726,395.8237,9499.7679,0.05864726,395.8237,395.8237,395.8237,395.8237,395.8237,9499.7679,0.05864726,1979.1183,1826.9964,7916.4733,8068.5952,0.04887272,0.04981185,0.00244364,265.5433,248.2558,16.8867,471.2186,46.4582,7713.4018,27.9048,,265.5433,130.8798,132.8436,523.5191,526.6345,579.298,1056.2184,131.6586,0.0,4.360753,7.950843,1.998918,28,109,27,6,0E-8,0.06109090,,0E-8,0.000000,0.898115,0.919672,,2026-03-23,2026-06-16,21,213,160,86,0.244186,,,0.000000,,,,,,,,GLOBAL_BASELINE_NO_ENTITY_RANKING,,,NOT_APPLICABLE_GLOBAL_BASELINE,HF9g-P5,,,,X 全窗基线 · 不参与实体赏罚,15056811,1506,A168_HF9F_20260827_0900,2026-08-27 09:00:00
2026-04-09,146711891,2174,0,420.1240740257,420.1240740257,420.1240740257,1.0000000,3,3,0.50218230000000000,0.502182300000,1.724507524396475,1.7245075243964754,1.724507524396475,0E-17,ELIGIBLE,R03b_20260811_FULL_v1,L1_ELIGIBILITY,v2026-08-11,2026-03-21..2026-08-06,baccarat_bet02_101_all_pairs_incl_sentinel,round_win = game_pnl > 0 (decisive only),COMPATIBILITY_ONLY_NOT_PRODUCTION,161981.4376,145477.9019,9895.5916,610,586,-0.06109090,,-0.06109090,-0.06109090,-9895.5916,161981.4376,OK,0.0000,395.8237,4.0000,96.0000,AG03-UNRESOLVED,ALL5_LEVELS_bet23_to_bet27,395.8237,395.8237,395.8237,395.8237,395.8237,4.000000,4.000000,4.000000,4.000000,4.000000,96.000000,96.000000,96.000000,96.000000,96.000000,5.0,1979.1183,1826.9964,7916.4733,8068.5952,PENDING_AG03,FALSE,NOT_FOR_ENFORCEMENT,9499.7679,139658.7858,9895.5916,9499.7679,395.8237,0.06109090,0.05864726,395.8237,9499.7679,0.05864726,395.8237,395.8237,395.8237,395.8237,395.8237,9499.7679,0.05864726,1979.1183,1826.9964,7916.4733,8068.5952,0.04887272,0.04981185,0.00244364,265.5433,248.2558,16.8867,471.2186,46.4582,7713.4018,27.9048,,265.5433,130.8798,132.8436,523.5191,526.6345,579.298,1056.2184,131.6586,0.0,4.360753,7.950843,1.998918,28,109,27,6,0E-8,0.06109090,,0E-8,0.000000,0.898115,0.919672,,2026-03-23,2026-06-16,21,213,160,86,0.244186,,,0.000000,,,,,,,,GLOBAL_BASELINE_NO_ENTITY_RANKING,,,NOT_APPLICABLE_GLOBAL_BASELINE,HF9g-P5,,,,X 全窗基线 · 不参与实体赏罚,15056812,1506,A168_HF9F_20260827_0900,2026-08-27 09:00:00
2026-04-09,146711891,2196,0,52.3519095359,52.3519095359,52.3519095359,1.0000000,1,1,0.49324550000000000,0.493245500000,1.01360149184955,1.01360149184955,1.01360149184955,0E-17,ELIGIBLE,R03b_20260811_FULL_v1,L1_ELIGIBILITY,v2026-08-11,2026-03-21..2026-08-06,baccarat_bet02_101_all_pairs_incl_sentinel,round_win = game_pnl > 0 (decisive only),COMPATIBILITY_ONLY_NOT_PRODUCTION,161981.4376,145477.9019,9895.5916,610,586,-0.06109090,,-0.06109090,-0.06109090,-9895.5916,161981.4376,OK,0.0000,395.8237,4.0000,96.0000,AG03-UNRESOLVED,ALL5_LEVELS_bet23_to_bet27,395.8237,395.8237,395.8237,395.8237,395.8237,4.000000,4.000000,4.000000,4.000000,4.000000,96.000000,96.000000,96.000000,96.000000,96.000000,5.0,1979.1183,1826.9964,7916.4733,8068.5952,PENDING_AG03,FALSE,NOT_FOR_ENFORCEMENT,9499.7679,139658.7858,9895.5916,9499.7679,395.8237,0.06109090,0.05864726,395.8237,9499.7679,0.05864726,395.8237,395.8237,395.8237,395.8237,395.8237,9499.7679,0.05864726,1979.1183,1826.9964,7916.4733,8068.5952,0.04887272,0.04981185,0.00244364,265.5433,248.2558,16.8867,471.2186,46.4582,7713.4018,27.9048,,265.5433,130.8798,132.8436,523.5191,526.6345,579.298,1056.2184,131.6586,0.0,4.360753,7.950843,1.998918,28,109,27,6,0E-8,0.06109090,,0E-8,0.000000,0.898115,0.919672,,2026-03-23,2026-06-16,21,213,160,86,0.244186,,,0.000000,,,,,,,,GLOBAL_BASELINE_NO_ENTITY_RANKING,,,NOT_APPLICABLE_GLOBAL_BASELINE,HF9g-P5,,,,X 全窗基线 · 不参与实体赏罚,15056813,1506,A168_HF9F_20260827_0900,2026-08-27 09:00:00
2026-04-09,146711891,550,0,78.5278643039,78.5278643039,78.5278643039,1.0000000,1,1,0.49324550000000000,0.493245500000,1.01360149184955,1.01360149184955,1.01360149184955,0E-17,ELIGIBLE,R03b_20260811_FULL_v1,L1_ELIGIBILITY,v2026-08-11,2026-03-21..2026-08-06,baccarat_bet02_101_all_pairs_incl_sentinel,round_win = game_pnl > 0 (decisive only),COMPATIBILITY_ONLY_NOT_PRODUCTION,161981.4376,145477.9019,9895.5916,610,586,-0.06109090,,-0.06109090,-0.06109090,-9895.5916,161981.4376,OK,0.0000,395.8237,4.0000,96.0000,AG03-UNRESOLVED,ALL5_LEVELS_bet23_to_bet27,395.8237,395.8237,395.8237,395.8237,395.8237,4.000000,4.000000,4.000000,4.000000,4.000000,96.000000,96.000000,96.000000,96.000000,96.000000,5.0,1979.1183,1826.9964,7916.4733,8068.5952,PENDING_AG03,FALSE,NOT_FOR_ENFORCEMENT,9499.7679,139658.7858,9895.5916,9499.7679,395.8237,0.06109090,0.05864726,395.8237,9499.7679,0.05864726,395.8237,395.8237,395.8237,395.8237,395.8237,9499.7679,0.05864726,1979.1183,1826.9964,7916.4733,8068.5952,0.04887272,0.04981185,0.00244364,265.5433,248.2558,16.8867,471.2186,46.4582,7713.4018,27.9048,,265.5433,130.8798,132.8436,523.5191,526.6345,579.298,1056.2184,131.6586,0.0,4.360753,7.950843,1.998918,28,109,27,6,0E-8,0.06109090,,0E-8,0.000000,0.898115,0.919672,,2026-03-23,2026-06-16,21,213,160,86,0.244186,,,0.000000,,,,,,,,GLOBAL_BASELINE_NO_ENTITY_RANKING,,,NOT_APPLICABLE_GLOBAL_BASELINE,HF9g-P5,,,,X 全窗基线 · 不参与实体赏罚,15056814,1506,A168_HF9F_20260827_0900,2026-08-27 09:00:00
2026-04-09,146711891,987,0,261.7595476797,-78.5278643039,-78.5278643039,0.3333333,4,4,0.49324550000000000,0.493245500000,-0.5540025479526107,-0.5540025479526106,-0.5540025479526107,0E-17,ELIGIBLE,R03b_20260811_FULL_v1,L1_ELIGIBILITY,v2026-08-11,2026-03-21..2026-08-06,baccarat_bet02_101_all_pairs_incl_sentinel,round_win = game_pnl > 0 (decisive only),COMPATIBILITY_ONLY_NOT_PRODUCTION,161981.4376,145477.9019,9895.5916,610,586,-0.06109090,,-0.06109090,-0.06109090,-9895.5916,161981.4376,OK,0.0000,395.8237,4.0000,96.0000,AG03-UNRESOLVED,ALL5_LEVELS_bet23_to_bet27,395.8237,395.8237,395.8237,395.8237,395.8237,4.000000,4.000000,4.000000,4.000000,4.000000,96.000000,96.000000,96.000000,96.000000,96.000000,5.0,1979.1183,1826.9964,7916.4733,8068.5952,PENDING_AG03,FALSE,NOT_FOR_ENFORCEMENT,9499.7679,139658.7858,9895.5916,9499.7679,395.8237,0.06109090,0.05864726,395.8237,9499.7679,0.05864726,395.8237,395.8237,395.8237,395.8237,395.8237,9499.7679,0.05864726,1979.1183,1826.9964,7916.4733,8068.5952,0.04887272,0.04981185,0.00244364,265.5433,248.2558,16.8867,471.2186,46.4582,7713.4018,27.9048,,265.5433,130.8798,132.8436,523.5191,526.6345,579.298,1056.2184,131.6586,0.0,4.360753,7.950843,1.998918,28,109,27,6,0E-8,0.06109090,,0E-8,0.000000,0.898115,0.919672,,2026-03-23,2026-06-16,21,213,160,86,0.244186,,,0.000000,,,,,,,,GLOBAL_BASELINE_NO_ENTITY_RANKING,,,NOT_APPLICABLE_GLOBAL_BASELINE,HF9g-P5,,,,X 全窗基线 · 不参与实体赏罚,15056815,1506,A168_HF9F_20260827_0900,2026-08-27 09:00:00
2026-04-14,146711891,1325,0,10.7321414549,0E-10,0E-10,,1,1,0.50665070000000000,0.506650700000,,,,0E-17,NO_DECISIVE_ROUND,R03b_20260811_FULL_v1,L1_ELIGIBILITY,v2026-08-11,2026-03-21..2026-08-06,baccarat_bet02_101_all_pairs_incl_sentinel,round_win = game_pnl > 0 (decisive only),COMPATIBILITY_ONLY_NOT_PRODUCTION,161981.4376,145477.9019,9895.5916,610,586,-0.06109090,,-0.06109090,-0.06109090,-9895.5916,161981.4376,OK,0.0000,395.8237,4.0000,96.0000,AG03-UNRESOLVED,ALL5_LEVELS_bet23_to_bet27,395.8237,395.8237,395.8237,395.8237,395.8237,4.000000,4.000000,4.000000,4.000000,4.000000,96.000000,96.000000,96.000000,96.000000,96.000000,5.0,1979.1183,1826.9964,7916.4733,8068.5952,PENDING_AG03,FALSE,NOT_FOR_ENFORCEMENT,9499.7679,139658.7858,9895.5916,9499.7679,395.8237,0.06109090,0.05864726,395.8237,9499.7679,0.05864726,395.8237,395.8237,395.8237,395.8237,395.8237,9499.7679,0.05864726,1979.1183,1826.9964,7916.4733,8068.5952,0.04887272,0.04981185,0.00244364,265.5433,248.2558,16.8867,471.2186,46.4582,7713.4018,27.9048,,265.5433,130.8798,132.8436,523.5191,526.6345,579.298,1056.2184,131.6586,0.0,4.360753,7.950843,1.998918,28,109,27,6,0E-8,0.06109090,,0E-8,0.000000,0.898115,0.919672,,2026-03-23,2026-06-16,21,213,160,86,0.244186,,,0.000000,,,,,,,,GLOBAL_BASELINE_NO_ENTITY_RANKING,,,NOT_APPLICABLE_GLOBAL_BASELINE,HF9g-P5,,,,X 全窗基线 · 不参与实体赏罚,15056816,1506,A168_HF9F_20260827_0900,2026-08-27 09:00:00
2026-04-14,146711891,1646,0,10.7321414549,-10.7321414549,-10.7321414549,0E-7,1,1,0.50665070000000000,0.506650700000,-1.013391052207602,-1.013391052207602,-1.013391052207602,0E-17,ELIGIBLE,R03b_20260811_FULL_v1,L1_ELIGIBILITY,v2026-08-11,2026-03-21..2026-08-06,baccarat_bet02_101_all_pairs_incl_sentinel,round_win = game_pnl > 0 (decisive only),COMPATIBILITY_ONLY_NOT_PRODUCTION,161981.4376,145477.9019,9895.5916,610,586,-0.06109090,,-0.06109090,-0.06109090,-9895.5916,161981.4376,OK,0.0000,395.8237,4.0000,96.0000,AG03-UNRESOLVED,ALL5_LEVELS_bet23_to_bet27,395.8237,395.8237,395.8237,395.8237,395.8237,4.000000,4.000000,4.000000,4.000000,4.000000,96.000000,96.000000,96.000000,96.000000,96.000000,5.0,1979.1183,1826.9964,7916.4733,8068.5952,PENDING_AG03,FALSE,NOT_FOR_ENFORCEMENT,9499.7679,139658.7858,9895.5916,9499.7679,395.8237,0.06109090,0.05864726,395.8237,9499.7679,0.05864726,395.8237,395.8237,395.8237,395.8237,395.8237,9499.7679,0.05864726,1979.1183,1826.9964,7916.4733,8068.5952,0.04887272,0.04981185,0.00244364,265.5433,248.2558,16.8867,471.2186,46.4582,7713.4018,27.9048,,265.5433,130.8798,132.8436,523.5191,526.6345,579.298,1056.2184,131.6586,0.0,4.360753,7.950843,1.998918,28,109,27,6,0E-8,0.06109090,,0E-8,0.000000,0.898115,0.919672,,2026-03-23,2026-06-16,21,213,160,86,0.244186,,,0.000000,,,,,,,,GLOBAL_BASELINE_NO_ENTITY_RANKING,,,NOT_APPLICABLE_GLOBAL_BASELINE,HF9g-P5,,,,X 全窗基线 · 不参与实体赏罚,15056817,1506,A168_HF9F_20260827_0900,2026-08-27 09:00:00
2026-04-16,146711891,-1,1,392.6393215193,-392.6393215193,-392.6393215193,0E-7,2,2,0.49994810000000000,0.499948100000,-1.4140667746232096,-1.4140667746232096,-1.4140667746232096,0E-17,SENTINEL_DEALER,R03b_20260811_FULL_v1,L1_ELIGIBILITY,v2026-08-11,2026-03-21..2026-08-06,baccarat_bet02_101_all_pairs_incl_sentinel,round_win = game_pnl > 0 (decisive only),COMPATIBILITY_ONLY_NOT_PRODUCTION,161981.4376,145477.9019,9895.5916,610,586,-0.06109090,,-0.06109090,-0.06109090,-9895.5916,161981.4376,OK,0.0000,395.8237,4.0000,96.0000,AG03-UNRESOLVED,ALL5_LEVELS_bet23_to_bet27,395.8237,395.8237,395.8237,395.8237,395.8237,4.000000,4.000000,4.000000,4.000000,4.000000,96.000000,96.000000,96.000000,96.000000,96.000000,5.0,1979.1183,1826.9964,7916.4733,8068.5952,PENDING_AG03,FALSE,NOT_FOR_ENFORCEMENT,9499.7679,139658.7858,9895.5916,9499.7679,395.8237,0.06109090,0.05864726,395.8237,9499.7679,0.05864726,395.8237,395.8237,395.8237,395.8237,395.8237,9499.7679,0.05864726,1979.1183,1826.9964,7916.4733,8068.5952,0.04887272,0.04981185,0.00244364,265.5433,248.2558,16.8867,471.2186,46.4582,7713.4018,27.9048,,265.5433,130.8798,132.8436,523.5191,526.6345,579.298,1056.2184,131.6586,0.0,4.360753,7.950843,1.998918,28,109,27,6,0E-8,0.06109090,,0E-8,0.000000,0.898115,0.919672,,2026-03-23,2026-06-16,21,213,160,86,0.244186,,,0.000000,,,,,,,,GLOBAL_BASELINE_NO_ENTITY_RANKING,,,NOT_APPLICABLE_GLOBAL_BASELINE,HF9g-P5,,,,X 全窗基线 · 不参与实体赏罚,15056818,1506,A168_HF9F_20260827_0900,2026-08-27 09:00:00
2026-04-16,146711891,1115,0,392.6393215194,130.8797738398,130.8797738398,0.6666667,3,3,0.49771390000000000,0.497713900000,0.5852756695216578,0.5852756695216578,0.5852756695216578,0E-17,ELIGIBLE,R03b_20260811_FULL_v1,L1_ELIGIBILITY,v2026-08-11,2026-03-21..2026-08-06,baccarat_bet02_101_all_pairs_incl_sentinel,round_win = game_pnl > 0 (decisive only),COMPATIBILITY_ONLY_NOT_PRODUCTION,161981.4376,145477.9019,9895.5916,610,586,-0.06109090,,-0.06109090,-0.06109090,-9895.5916,161981.4376,OK,0.0000,395.8237,4.0000,96.0000,AG03-UNRESOLVED,ALL5_LEVELS_bet23_to_bet27,395.8237,395.8237,395.8237,395.8237,395.8237,4.000000,4.000000,4.000000,4.000000,4.000000,96.000000,96.000000,96.000000,96.000000,96.000000,5.0,1979.1183,1826.9964,7916.4733,8068.5952,PENDING_AG03,FALSE,NOT_FOR_ENFORCEMENT,9499.7679,139658.7858,9895.5916,9499.7679,395.8237,0.06109090,0.05864726,395.8237,9499.7679,0.05864726,395.8237,395.8237,395.8237,395.8237,395.8237,9499.7679,0.05864726,1979.1183,1826.9964,7916.4733,8068.5952,0.04887272,0.04981185,0.00244364,265.5433,248.2558,16.8867,471.2186,46.4582,7713.4018,27.9048,,265.5433,130.8798,132.8436,523.5191,526.6345,579.298,1056.2184,131.6586,0.0,4.360753,7.950843,1.998918,28,109,27,6,0E-8,0.06109090,,0E-8,0.000000,0.898115,0.919672,,2026-03-23,2026-06-16,21,213,160,86,0.244186,,,0.000000,,,,,,,,GLOBAL_BASELINE_NO_ENTITY_RANKING,,,NOT_APPLICABLE_GLOBAL_BASELINE,HF9g-P5,,,,X 全窗基线 · 不参与实体赏罚,15056819,1506,A168_HF9F_20260827_0900,2026-08-27 09:00:00
2026-04-16,146711891,1157,0,1047.0381907183,-130.8797738397,-130.8797738397,0.4000000,7,6,0.49696916666666648,0.496596800000,-0.4336672641417468,-0.43200402927662157,-0.4336672641417468,0.00037236666666648,ELIGIBLE,R03b_20260811_FULL_v1,L1_ELIGIBILITY,v2026-08-11,2026-03-21..2026-08-06,baccarat_bet02_101_all_pairs_incl_sentinel,round_win = game_pnl > 0 (decisive only),COMPATIBILITY_ONLY_NOT_PRODUCTION,161981.4376,145477.9019,9895.5916,610,586,-0.06109090,,-0.06109090,-0.06109090,-9895.5916,161981.4376,OK,0.0000,395.8237,4.0000,96.0000,AG03-UNRESOLVED,ALL5_LEVELS_bet23_to_bet27,395.8237,395.8237,395.8237,395.8237,395.8237,4.000000,4.000000,4.000000,4.000000,4.000000,96.000000,96.000000,96.000000,96.000000,96.000000,5.0,1979.1183,1826.9964,7916.4733,8068.5952,PENDING_AG03,FALSE,NOT_FOR_ENFORCEMENT,9499.7679,139658.7858,9895.5916,9499.7679,395.8237,0.06109090,0.05864726,395.8237,9499.7679,0.05864726,395.8237,395.8237,395.8237,395.8237,395.8237,9499.7679,0.05864726,1979.1183,1826.9964,7916.4733,8068.5952,0.04887272,0.04981185,0.00244364,265.5433,248.2558,16.8867,471.2186,46.4582,7713.4018,27.9048,,265.5433,130.8798,132.8436,523.5191,526.6345,579.298,1056.2184,131.6586,0.0,4.360753,7.950843,1.998918,28,109,27,6,0E-8,0.06109090,,0E-8,0.000000,0.898115,0.919672,,2026-03-23,2026-06-16,21,213,160,86,0.244186,,,0.000000,,,,,,,,GLOBAL_BASELINE_NO_ENTITY_RANKING,,,NOT_APPLICABLE_GLOBAL_BASELINE,HF9g-P5,,,,X 全窗基线 · 不参与实体赏罚,15056820,1506,A168_HF9F_20260827_0900,2026-08-27 09:00:00
2026-04-16,146711891,1221,0,130.8797738398,130.8797738398,130.8797738398,1.0000000,1,1,0.49324550000000000,0.493245500000,1.01360149184955,1.01360149184955,1.01360149184955,0E-17,ELIGIBLE,R03b_20260811_FULL_v1,L1_ELIGIBILITY,v2026-08-11,2026-03-21..2026-08-06,baccarat_bet02_101_all_pairs_incl_sentinel,round_win = game_pnl > 0 (decisive only),COMPATIBILITY_ONLY_NOT_PRODUCTION,161981.4376,145477.9019,9895.5916,610,586,-0.06109090,,-0.06109090,-0.06109090,-9895.5916,161981.4376,OK,0.0000,395.8237,4.0000,96.0000,AG03-UNRESOLVED,ALL5_LEVELS_bet23_to_bet27,395.8237,395.8237,395.8237,395.8237,395.8237,4.000000,4.000000,4.000000,4.000000,4.000000,96.000000,96.000000,96.000000,96.000000,96.000000,5.0,1979.1183,1826.9964,7916.4733,8068.5952,PENDING_AG03,FALSE,NOT_FOR_ENFORCEMENT,9499.7679,139658.7858,9895.5916,9499.7679,395.8237,0.06109090,0.05864726,395.8237,9499.7679,0.05864726,395.8237,395.8237,395.8237,395.8237,395.8237,9499.7679,0.05864726,1979.1183,1826.9964,7916.4733,8068.5952,0.04887272,0.04981185,0.00244364,265.5433,248.2558,16.8867,471.2186,46.4582,7713.4018,27.9048,,265.5433,130.8798,132.8436,523.5191,526.6345,579.298,1056.2184,131.6586,0.0,4.360753,7.950843,1.998918,28,109,27,6,0E-8,0.06109090,,0E-8,0.000000,0.898115,0.919672,,2026-03-23,2026-06-16,21,213,160,86,0.244186,,,0.000000,,,,,,,,GLOBAL_BASELINE_NO_ENTITY_RANKING,,,NOT_APPLICABLE_GLOBAL_BASELINE,HF9g-P5,,,,X 全窗基线 · 不参与实体赏罚,15056821,1506,A168_HF9F_20260827_0900,2026-08-27 09:00:00
2026-04-16,146711891,1307,0,136.1149647933,136.1149647933,136.1149647933,1.0000000,1,1,0.50665070000000000,0.506650700000,0.9867858985152569,0.9867858985152569,0.9867858985152569,0E-17,ELIGIBLE,R03b_20260811_FULL_v1,L1_ELIGIBILITY,v2026-08-11,2026-03-21..2026-08-06,baccarat_bet02_101_all_pairs_incl_sentinel,round_win = game_pnl > 0 (decisive only),COMPATIBILITY_ONLY_NOT_PRODUCTION,161981.4376,145477.9019,9895.5916,610,586,-0.06109090,,-0.06109090,-0.06109090,-9895.5916,161981.4376,OK,0.0000,395.8237,4.0000,96.0000,AG03-UNRESOLVED,ALL5_LEVELS_bet23_to_bet27,395.8237,395.8237,395.8237,395.8237,395.8237,4.000000,4.000000,4.000000,4.000000,4.000000,96.000000,96.000000,96.000000,96.000000,96.000000,5.0,1979.1183,1826.9964,7916.4733,8068.5952,PENDING_AG03,FALSE,NOT_FOR_ENFORCEMENT,9499.7679,139658.7858,9895.5916,9499.7679,395.8237,0.06109090,0.05864726,395.8237,9499.7679,0.05864726,395.8237,395.8237,395.8237,395.8237,395.8237,9499.7679,0.05864726,1979.1183,1826.9964,7916.4733,8068.5952,0.04887272,0.04981185,0.00244364,265.5433,248.2558,16.8867,471.2186,46.4582,7713.4018,27.9048,,265.5433,130.8798,132.8436,523.5191,526.6345,579.298,1056.2184,131.6586,0.0,4.360753,7.950843,1.998918,28,109,27,6,0E-8,0.06109090,,0E-8,0.000000,0.898115,0.919672,,2026-03-23,2026-06-16,21,213,160,86,0.244186,,,0.000000,,,,,,,,GLOBAL_BASELINE_NO_ENTITY_RANKING,,,NOT_APPLICABLE_GLOBAL_BASELINE,HF9g-P5,,,,X 全窗基线 · 不参与实体赏罚,15056822,1506,A168_HF9F_20260827_0900,2026-08-27 09:00:00
2026-04-16,146711891,1325,0,261.7595476796,-261.7595476796,-261.7595476796,0E-7,2,2,0.50665070000000000,0.506650700000,-1.4331513700195317,-1.4331513700195317,-1.4331513700195317,0E-17,ELIGIBLE,R03b_20260811_FULL_v1,L1_ELIGIBILITY,v2026-08-11,2026-03-21..2026-08-06,baccarat_bet02_101_all_pairs_incl_sentinel,round_win = game_pnl > 0 (decisive only),COMPATIBILITY_ONLY_NOT_PRODUCTION,161981.4376,145477.9019,9895.5916,610,586,-0.06109090,,-0.06109090,-0.06109090,-9895.5916,161981.4376,OK,0.0000,395.8237,4.0000,96.0000,AG03-UNRESOLVED,ALL5_LEVELS_bet23_to_bet27,395.8237,395.8237,395.8237,395.8237,395.8237,4.000000,4.000000,4.000000,4.000000,4.000000,96.000000,96.000000,96.000000,96.000000,96.000000,5.0,1979.1183,1826.9964,7916.4733,8068.5952,PENDING_AG03,FALSE,NOT_FOR_ENFORCEMENT,9499.7679,139658.7858,9895.5916,9499.7679,395.8237,0.06109090,0.05864726,395.8237,9499.7679,0.05864726,395.8237,395.8237,395.8237,395.8237,395.8237,9499.7679,0.05864726,1979.1183,1826.9964,7916.4733,8068.5952,0.04887272,0.04981185,0.00244364,265.5433,248.2558,16.8867,471.2186,46.4582,7713.4018,27.9048,,265.5433,130.8798,132.8436,523.5191,526.6345,579.298,1056.2184,131.6586,0.0,4.360753,7.950843,1.998918,28,109,27,6,0E-8,0.06109090,,0E-8,0.000000,0.898115,0.919672,,2026-03-23,2026-06-16,21,213,160,86,0.244186,,,0.000000,,,,,,,,GLOBAL_BASELINE_NO_ENTITY_RANKING,,,NOT_APPLICABLE_GLOBAL_BASELINE,HF9g-P5,,,,X 全窗基线 · 不参与实体赏罚,15056823,1506,A168_HF9F_20260827_0900,2026-08-27 09:00:00
2026-04-16,146711891,1507,0,261.7595476796,261.7595476796,261.7595476796,1.0000000,2,2,0.49324550000000000,0.493245500000,1.4334489766152358,1.4334489766152358,1.4334489766152358,0E-17,ELIGIBLE,R03b_20260811_FULL_v1,L1_ELIGIBILITY,v2026-08-11,2026-03-21..2026-08-06,baccarat_bet02_101_all_pairs_incl_sentinel,round_win = game_pnl > 0 (decisive only),COMPATIBILITY_ONLY_NOT_PRODUCTION,161981.4376,145477.9019,9895.5916,610,586,-0.06109090,,-0.06109090,-0.06109090,-9895.5916,161981.4376,OK,0.0000,395.8237,4.0000,96.0000,AG03-UNRESOLVED,ALL5_LEVELS_bet23_to_bet27,395.8237,395.8237,395.8237,395.8237,395.8237,4.000000,4.000000,4.000000,4.000000,4.000000,96.000000,96.000000,96.000000,96.000000,96.000000,5.0,1979.1183,1826.9964,7916.4733,8068.5952,PENDING_AG03,FALSE,NOT_FOR_ENFORCEMENT,9499.7679,139658.7858,9895.5916,9499.7679,395.8237,0.06109090,0.05864726,395.8237,9499.7679,0.05864726,395.8237,395.8237,395.8237,395.8237,395.8237,9499.7679,0.05864726,1979.1183,1826.9964,7916.4733,8068.5952,0.04887272,0.04981185,0.00244364,265.5433,248.2558,16.8867,471.2186,46.4582,7713.4018,27.9048,,265.5433,130.8798,132.8436,523.5191,526.6345,579.298,1056.2184,131.6586,0.0,4.360753,7.950843,1.998918,28,109,27,6,0E-8,0.06109090,,0E-8,0.000000,0.898115,0.919672,,2026-03-23,2026-06-16,21,213,160,86,0.244186,,,0.000000,,,,,,,,GLOBAL_BASELINE_NO_ENTITY_RANKING,,,NOT_APPLICABLE_GLOBAL_BASELINE,HF9g-P5,,,,X 全窗基线 · 不参与实体赏罚,15056824,1506,A168_HF9F_20260827_0900,2026-08-27 09:00:00
2026-04-16,146711891,1702,0,657.0164646758,-133.4973693166,-133.4973693166,0.4000000,6,5,0.49951179921568361,0.455979690000,-0.44503050735635563,-0.25132470705683785,-0.44503050735635563,0.04353210921568361,ELIGIBLE,R03b_20260811_FULL_v1,L1_ELIGIBILITY,v2026-08-11,2026-03-21..2026-08-06,baccarat_bet02_101_all_pairs_incl_sentinel,round_win = game_pnl > 0 (decisive only),COMPATIBILITY_ONLY_NOT_PRODUCTION,161981.4376,145477.9019,9895.5916,610,586,-0.06109090,,-0.06109090,-0.06109090,-9895.5916,161981.4376,OK,0.0000,395.8237,4.0000,96.0000,AG03-UNRESOLVED,ALL5_LEVELS_bet23_to_bet27,395.8237,395.8237,395.8237,395.8237,395.8237,4.000000,4.000000,4.000000,4.000000,4.000000,96.000000,96.000000,96.000000,96.000000,96.000000,5.0,1979.1183,1826.9964,7916.4733,8068.5952,PENDING_AG03,FALSE,NOT_FOR_ENFORCEMENT,9499.7679,139658.7858,9895.5916,9499.7679,395.8237,0.06109090,0.05864726,395.8237,9499.7679,0.05864726,395.8237,395.8237,395.8237,395.8237,395.8237,9499.7679,0.05864726,1979.1183,1826.9964,7916.4733,8068.5952,0.04887272,0.04981185,0.00244364,265.5433,248.2558,16.8867,471.2186,46.4582,7713.4018,27.9048,,265.5433,130.8798,132.8436,523.5191,526.6345,579.298,1056.2184,131.6586,0.0,4.360753,7.950843,1.998918,28,109,27,6,0E-8,0.06109090,,0E-8,0.000000,0.898115,0.919672,,2026-03-23,2026-06-16,21,213,160,86,0.244186,,,0.000000,,,,,,,,GLOBAL_BASELINE_NO_ENTITY_RANKING,,,NOT_APPLICABLE_GLOBAL_BASELINE,HF9g-P5,,,,X 全窗基线 · 不参与实体赏罚,15056825,1506,A168_HF9F_20260827_0900,2026-08-27 09:00:00
2026-04-16,146711891,1704,0,261.7595476796,-261.7595476796,-261.7595476796,0E-7,2,2,0.49324550000000000,0.493245500000,-1.3952362676504506,-1.3952362676504506,-1.3952362676504506,0E-17,ELIGIBLE,R03b_20260811_FULL_v1,L1_ELIGIBILITY,v2026-08-11,2026-03-21..2026-08-06,baccarat_bet02_101_all_pairs_incl_sentinel,round_win = game_pnl > 0 (decisive only),COMPATIBILITY_ONLY_NOT_PRODUCTION,161981.4376,145477.9019,9895.5916,610,586,-0.06109090,,-0.06109090,-0.06109090,-9895.5916,161981.4376,OK,0.0000,395.8237,4.0000,96.0000,AG03-UNRESOLVED,ALL5_LEVELS_bet23_to_bet27,395.8237,395.8237,395.8237,395.8237,395.8237,4.000000,4.000000,4.000000,4.000000,4.000000,96.000000,96.000000,96.000000,96.000000,96.000000,5.0,1979.1183,1826.9964,7916.4733,8068.5952,PENDING_AG03,FALSE,NOT_FOR_ENFORCEMENT,9499.7679,139658.7858,9895.5916,9499.7679,395.8237,0.06109090,0.05864726,395.8237,9499.7679,0.05864726,395.8237,395.8237,395.8237,395.8237,395.8237,9499.7679,0.05864726,1979.1183,1826.9964,7916.4733,8068.5952,0.04887272,0.04981185,0.00244364,265.5433,248.2558,16.8867,471.2186,46.4582,7713.4018,27.9048,,265.5433,130.8798,132.8436,523.5191,526.6345,579.298,1056.2184,131.6586,0.0,4.360753,7.950843,1.998918,28,109,27,6,0E-8,0.06109090,,0E-8,0.000000,0.898115,0.919672,,2026-03-23,2026-06-16,21,213,160,86,0.244186,,,0.000000,,,,,,,,GLOBAL_BASELINE_NO_ENTITY_RANKING,,,NOT_APPLICABLE_GLOBAL_BASELINE,HF9g-P5,,,,X 全窗基线 · 不参与实体赏罚,15056826,1506,A168_HF9F_20260827_0900,2026-08-27 09:00:00
2026-04-16,146711891,1710,0,588.9589822790,261.7595476795,261.7595476795,0.7500000,4,4,0.50665070000000000,0.506650700000,0.9734833216690844,0.9734833216690844,0.9734833216690844,0E-17,ELIGIBLE,R03b_20260811_FULL_v1,L1_ELIGIBILITY,v2026-08-11,2026-03-21..2026-08-06,baccarat_bet02_101_all_pairs_incl_sentinel,round_win = game_pnl > 0 (decisive only),COMPATIBILITY_ONLY_NOT_PRODUCTION,161981.4376,145477.9019,9895.5916,610,586,-0.06109090,,-0.06109090,-0.06109090,-9895.5916,161981.4376,OK,0.0000,395.8237,4.0000,96.0000,AG03-UNRESOLVED,ALL5_LEVELS_bet23_to_bet27,395.8237,395.8237,395.8237,395.8237,395.8237,4.000000,4.000000,4.000000,4.000000,4.000000,96.000000,96.000000,96.000000,96.000000,96.000000,5.0,1979.1183,1826.9964,7916.4733,8068.5952,PENDING_AG03,FALSE,NOT_FOR_ENFORCEMENT,9499.7679,139658.7858,9895.5916,9499.7679,395.8237,0.06109090,0.05864726,395.8237,9499.7679,0.05864726,395.8237,395.8237,395.8237,395.8237,395.8237,9499.7679,0.05864726,1979.1183,1826.9964,7916.4733,8068.5952,0.04887272,0.04981185,0.00244364,265.5433,248.2558,16.8867,471.2186,46.4582,7713.4018,27.9048,,265.5433,130.8798,132.8436,523.5191,526.6345,579.298,1056.2184,131.6586,0.0,4.360753,7.950843,1.998918,28,109,27,6,0E-8,0.06109090,,0E-8,0.000000,0.898115,0.919672,,2026-03-23,2026-06-16,21,213,160,86,0.244186,,,0.000000,,,,,,,,GLOBAL_BASELINE_NO_ENTITY_RANKING,,,NOT_APPLICABLE_GLOBAL_BASELINE,HF9g-P5,,,,X 全窗基线 · 不参与实体赏罚,15056827,1506,A168_HF9F_20260827_0900,2026-08-27 09:00:00
2026-04-16,146711891,1942,0,130.8797738398,130.8797738398,130.8797738398,1.0000000,1,1,0.49324550000000000,0.493245500000,1.01360149184955,1.01360149184955,1.01360149184955,0E-17,ELIGIBLE,R03b_20260811_FULL_v1,L1_ELIGIBILITY,v2026-08-11,2026-03-21..2026-08-06,baccarat_bet02_101_all_pairs_incl_sentinel,round_win = game_pnl > 0 (decisive only),COMPATIBILITY_ONLY_NOT_PRODUCTION,161981.4376,145477.9019,9895.5916,610,586,-0.06109090,,-0.06109090,-0.06109090,-9895.5916,161981.4376,OK,0.0000,395.8237,4.0000,96.0000,AG03-UNRESOLVED,ALL5_LEVELS_bet23_to_bet27,395.8237,395.8237,395.8237,395.8237,395.8237,4.000000,4.000000,4.000000,4.000000,4.000000,96.000000,96.000000,96.000000,96.000000,96.000000,5.0,1979.1183,1826.9964,7916.4733,8068.5952,PENDING_AG03,FALSE,NOT_FOR_ENFORCEMENT,9499.7679,139658.7858,9895.5916,9499.7679,395.8237,0.06109090,0.05864726,395.8237,9499.7679,0.05864726,395.8237,395.8237,395.8237,395.8237,395.8237,9499.7679,0.05864726,1979.1183,1826.9964,7916.4733,8068.5952,0.04887272,0.04981185,0.00244364,265.5433,248.2558,16.8867,471.2186,46.4582,7713.4018,27.9048,,265.5433,130.8798,132.8436,523.5191,526.6345,579.298,1056.2184,131.6586,0.0,4.360753,7.950843,1.998918,28,109,27,6,0E-8,0.06109090,,0E-8,0.000000,0.898115,0.919672,,2026-03-23,2026-06-16,21,213,160,86,0.244186,,,0.000000,,,,,,,,GLOBAL_BASELINE_NO_ENTITY_RANKING,,,NOT_APPLICABLE_GLOBAL_BASELINE,HF9g-P5,,,,X 全窗基线 · 不参与实体赏罚,15056828,1506,A168_HF9F_20260827_0900,2026-08-27 09:00:00
2026-04-16,146711891,1966,0,1313.5094102559,261.2360285843,261.2360285843,0.6250000,9,8,0.49771389999999986,0.497434625000,0.7200464420157054,0.7216282320050266,0.7200464420157054,0.00027927499999986,ELIGIBLE,R03b_20260811_FULL_v1,L1_ELIGIBILITY,v2026-08-11,2026-03-21..2026-08-06,baccarat_bet02_101_all_pairs_incl_sentinel,round_win = game_pnl > 0 (decisive only),COMPATIBILITY_ONLY_NOT_PRODUCTION,161981.4376,145477.9019,9895.5916,610,586,-0.06109090,,-0.06109090,-0.06109090,-9895.5916,161981.4376,OK,0.0000,395.8237,4.0000,96.0000,AG03-UNRESOLVED,ALL5_LEVELS_bet23_to_bet27,395.8237,395.8237,395.8237,395.8237,395.8237,4.000000,4.000000,4.000000,4.000000,4.000000,96.000000,96.000000,96.000000,96.000000,96.000000,5.0,1979.1183,1826.9964,7916.4733,8068.5952,PENDING_AG03,FALSE,NOT_FOR_ENFORCEMENT,9499.7679,139658.7858,9895.5916,9499.7679,395.8237,0.06109090,0.05864726,395.8237,9499.7679,0.05864726,395.8237,395.8237,395.8237,395.8237,395.8237,9499.7679,0.05864726,1979.1183,1826.9964,7916.4733,8068.5952,0.04887272,0.04981185,0.00244364,265.5433,248.2558,16.8867,471.2186,46.4582,7713.4018,27.9048,,265.5433,130.8798,132.8436,523.5191,526.6345,579.298,1056.2184,131.6586,0.0,4.360753,7.950843,1.998918,28,109,27,6,0E-8,0.06109090,,0E-8,0.000000,0.898115,0.919672,,2026-03-23,2026-06-16,21,213,160,86,0.244186,,,0.000000,,,,,,,,GLOBAL_BASELINE_NO_ENTITY_RANKING,,,NOT_APPLICABLE_GLOBAL_BASELINE,HF9g-P5,,,,X 全窗基线 · 不参与实体赏罚,15056829,1506,A168_HF9F_20260827_0900,2026-08-27 09:00:00
2026-04-16,146711891,2108,0,523.5190953591,261.7595476795,261.7595476795,0.6666667,3,3,0.49771390000000000,0.497713900000,0.5852756695216578,0.5852756695216578,0.5852756695216578,0E-17,ELIGIBLE,R03b_20260811_FULL_v1,L1_ELIGIBILITY,v2026-08-11,2026-03-21..2026-08-06,baccarat_bet02_101_all_pairs_incl_sentinel,round_win = game_pnl > 0 (decisive only),COMPATIBILITY_ONLY_NOT_PRODUCTION,161981.4376,145477.9019,9895.5916,610,586,-0.06109090,,-0.06109090,-0.06109090,-9895.5916,161981.4376,OK,0.0000,395.8237,4.0000,96.0000,AG03-UNRESOLVED,ALL5_LEVELS_bet23_to_bet27,395.8237,395.8237,395.8237,395.8237,395.8237,4.000000,4.000000,4.000000,4.000000,4.000000,96.000000,96.000000,96.000000,96.000000,96.000000,5.0,1979.1183,1826.9964,7916.4733,8068.5952,PENDING_AG03,FALSE,NOT_FOR_ENFORCEMENT,9499.7679,139658.7858,9895.5916,9499.7679,395.8237,0.06109090,0.05864726,395.8237,9499.7679,0.05864726,395.8237,395.8237,395.8237,395.8237,395.8237,9499.7679,0.05864726,1979.1183,1826.9964,7916.4733,8068.5952,0.04887272,0.04981185,0.00244364,265.5433,248.2558,16.8867,471.2186,46.4582,7713.4018,27.9048,,265.5433,130.8798,132.8436,523.5191,526.6345,579.298,1056.2184,131.6586,0.0,4.360753,7.950843,1.998918,28,109,27,6,0E-8,0.06109090,,0E-8,0.000000,0.898115,0.919672,,2026-03-23,2026-06-16,21,213,160,86,0.244186,,,0.000000,,,,,,,,GLOBAL_BASELINE_NO_ENTITY_RANKING,,,NOT_APPLICABLE_GLOBAL_BASELINE,HF9g-P5,,,,X 全窗基线 · 不参与实体赏罚,15056830,1506,A168_HF9F_20260827_0900,2026-08-27 09:00:00
2026-04-16,146711891,2117,0,130.8797738398,-130.8797738398,-130.8797738398,0E-7,1,1,0.49324550000000000,0.493245500000,-0.9865810262130424,-0.9865810262130424,-0.9865810262130424,0E-17,ELIGIBLE,R03b_20260811_FULL_v1,L1_ELIGIBILITY,v2026-08-11,2026-03-21..2026-08-06,baccarat_bet02_101_all_pairs_incl_sentinel,round_win = game_pnl > 0 (decisive only),COMPATIBILITY_ONLY_NOT_PRODUCTION,161981.4376,145477.9019,9895.5916,610,586,-0.06109090,,-0.06109090,-0.06109090,-9895.5916,161981.4376,OK,0.0000,395.8237,4.0000,96.0000,AG03-UNRESOLVED,ALL5_LEVELS_bet23_to_bet27,395.8237,395.8237,395.8237,395.8237,395.8237,4.000000,4.000000,4.000000,4.000000,4.000000,96.000000,96.000000,96.000000,96.000000,96.000000,5.0,1979.1183,1826.9964,7916.4733,8068.5952,PENDING_AG03,FALSE,NOT_FOR_ENFORCEMENT,9499.7679,139658.7858,9895.5916,9499.7679,395.8237,0.06109090,0.05864726,395.8237,9499.7679,0.05864726,395.8237,395.8237,395.8237,395.8237,395.8237,9499.7679,0.05864726,1979.1183,1826.9964,7916.4733,8068.5952,0.04887272,0.04981185,0.00244364,265.5433,248.2558,16.8867,471.2186,46.4582,7713.4018,27.9048,,265.5433,130.8798,132.8436,523.5191,526.6345,579.298,1056.2184,131.6586,0.0,4.360753,7.950843,1.998918,28,109,27,6,0E-8,0.06109090,,0E-8,0.000000,0.898115,0.919672,,2026-03-23,2026-06-16,21,213,160,86,0.244186,,,0.000000,,,,,,,,GLOBAL_BASELINE_NO_ENTITY_RANKING,,,NOT_APPLICABLE_GLOBAL_BASELINE,HF9g-P5,,,,X 全窗基线 · 不参与实体赏罚,15056831,1506,A168_HF9F_20260827_0900,2026-08-27 09:00:00
2026-04-16,146711891,2156,0,130.8797738398,130.8797738398,130.8797738398,1.0000000,1,1,0.49324550000000000,0.493245500000,1.01360149184955,1.01360149184955,1.01360149184955,0E-17,ELIGIBLE,R03b_20260811_FULL_v1,L1_ELIGIBILITY,v2026-08-11,2026-03-21..2026-08-06,baccarat_bet02_101_all_pairs_incl_sentinel,round_win = game_pnl > 0 (decisive only),COMPATIBILITY_ONLY_NOT_PRODUCTION,161981.4376,145477.9019,9895.5916,610,586,-0.06109090,,-0.06109090,-0.06109090,-9895.5916,161981.4376,OK,0.0000,395.8237,4.0000,96.0000,AG03-UNRESOLVED,ALL5_LEVELS_bet23_to_bet27,395.8237,395.8237,395.8237,395.8237,395.8237,4.000000,4.000000,4.000000,4.000000,4.000000,96.000000,96.000000,96.000000,96.000000,96.000000,5.0,1979.1183,1826.9964,7916.4733,8068.5952,PENDING_AG03,FALSE,NOT_FOR_ENFORCEMENT,9499.7679,139658.7858,9895.5916,9499.7679,395.8237,0.06109090,0.05864726,395.8237,9499.7679,0.05864726,395.8237,395.8237,395.8237,395.8237,395.8237,9499.7679,0.05864726,1979.1183,1826.9964,7916.4733,8068.5952,0.04887272,0.04981185,0.00244364,265.5433,248.2558,16.8867,471.2186,46.4582,7713.4018,27.9048,,265.5433,130.8798,132.8436,523.5191,526.6345,579.298,1056.2184,131.6586,0.0,4.360753,7.950843,1.998918,28,109,27,6,0E-8,0.06109090,,0E-8,0.000000,0.898115,0.919672,,2026-03-23,2026-06-16,21,213,160,86,0.244186,,,0.000000,,,,,,,,GLOBAL_BASELINE_NO_ENTITY_RANKING,,,NOT_APPLICABLE_GLOBAL_BASELINE,HF9g-P5,,,,X 全窗基线 · 不参与实体赏罚,15056832,1506,A168_HF9F_20260827_0900,2026-08-27 09:00:00
2026-04-16,146711891,2169,0,588.9589822790,65.4398869200,65.4398869200,0.6666667,4,4,0.49994810000000000,0.499948100000,0.5775300591747329,0.5775300591747329,0.5775300591747329,0E-17,ELIGIBLE,R03b_20260811_FULL_v1,L1_ELIGIBILITY,v2026-08-11,2026-03-21..2026-08-06,baccarat_bet02_101_all_pairs_incl_sentinel,round_win = game_pnl > 0 (decisive only),COMPATIBILITY_ONLY_NOT_PRODUCTION,161981.4376,145477.9019,9895.5916,610,586,-0.06109090,,-0.06109090,-0.06109090,-9895.5916,161981.4376,OK,0.0000,395.8237,4.0000,96.0000,AG03-UNRESOLVED,ALL5_LEVELS_bet23_to_bet27,395.8237,395.8237,395.8237,395.8237,395.8237,4.000000,4.000000,4.000000,4.000000,4.000000,96.000000,96.000000,96.000000,96.000000,96.000000,5.0,1979.1183,1826.9964,7916.4733,8068.5952,PENDING_AG03,FALSE,NOT_FOR_ENFORCEMENT,9499.7679,139658.7858,9895.5916,9499.7679,395.8237,0.06109090,0.05864726,395.8237,9499.7679,0.05864726,395.8237,395.8237,395.8237,395.8237,395.8237,9499.7679,0.05864726,1979.1183,1826.9964,7916.4733,8068.5952,0.04887272,0.04981185,0.00244364,265.5433,248.2558,16.8867,471.2186,46.4582,7713.4018,27.9048,,265.5433,130.8798,132.8436,523.5191,526.6345,579.298,1056.2184,131.6586,0.0,4.360753,7.950843,1.998918,28,109,27,6,0E-8,0.06109090,,0E-8,0.000000,0.898115,0.919672,,2026-03-23,2026-06-16,21,213,160,86,0.244186,,,0.000000,,,,,,,,GLOBAL_BASELINE_NO_ENTITY_RANKING,,,NOT_APPLICABLE_GLOBAL_BASELINE,HF9g-P5,,,,X 全窗基线 · 不参与实体赏罚,15056833,1506,A168_HF9F_20260827_0900,2026-08-27 09:00:00
2026-04-16,146711891,2222,0,261.7595476795,-261.7595476795,-261.7595476795,0E-7,1,1,0.49324550000000000,0.493245500000,-0.9865810262130424,-0.9865810262130424,-0.9865810262130424,0E-17,ELIGIBLE,R03b_20260811_FULL_v1,L1_ELIGIBILITY,v2026-08-11,2026-03-21..2026-08-06,baccarat_bet02_101_all_pairs_incl_sentinel,round_win = game_pnl > 0 (decisive only),COMPATIBILITY_ONLY_NOT_PRODUCTION,161981.4376,145477.9019,9895.5916,610,586,-0.06109090,,-0.06109090,-0.06109090,-9895.5916,161981.4376,OK,0.0000,395.8237,4.0000,96.0000,AG03-UNRESOLVED,ALL5_LEVELS_bet23_to_bet27,395.8237,395.8237,395.8237,395.8237,395.8237,4.000000,4.000000,4.000000,4.000000,4.000000,96.000000,96.000000,96.000000,96.000000,96.000000,5.0,1979.1183,1826.9964,7916.4733,8068.5952,PENDING_AG03,FALSE,NOT_FOR_ENFORCEMENT,9499.7679,139658.7858,9895.5916,9499.7679,395.8237,0.06109090,0.05864726,395.8237,9499.7679,0.05864726,395.8237,395.8237,395.8237,395.8237,395.8237,9499.7679,0.05864726,1979.1183,1826.9964,7916.4733,8068.5952,0.04887272,0.04981185,0.00244364,265.5433,248.2558,16.8867,471.2186,46.4582,7713.4018,27.9048,,265.5433,130.8798,132.8436,523.5191,526.6345,579.298,1056.2184,131.6586,0.0,4.360753,7.950843,1.998918,28,109,27,6,0E-8,0.06109090,,0E-8,0.000000,0.898115,0.919672,,2026-03-23,2026-06-16,21,213,160,86,0.244186,,,0.000000,,,,,,,,GLOBAL_BASELINE_NO_ENTITY_RANKING,,,NOT_APPLICABLE_GLOBAL_BASELINE,HF9g-P5,,,,X 全窗基线 · 不参与实体赏罚,15056834,1506,A168_HF9F_20260827_0900,2026-08-27 09:00:00
2026-04-16,146711891,2233,0,1087.0874015130,-105.4890977148,-105.4890977148,0.3333333,7,7,0.49899058571428571,0.498990585714,-0.8115531348621552,-0.8115531348607564,-0.8115531348621552,2.8571E-13,ELIGIBLE,R03b_20260811_FULL_v1,L1_ELIGIBILITY,v2026-08-11,2026-03-21..2026-08-06,baccarat_bet02_101_all_pairs_incl_sentinel,round_win = game_pnl > 0 (decisive only),COMPATIBILITY_ONLY_NOT_PRODUCTION,161981.4376,145477.9019,9895.5916,610,586,-0.06109090,,-0.06109090,-0.06109090,-9895.5916,161981.4376,OK,0.0000,395.8237,4.0000,96.0000,AG03-UNRESOLVED,ALL5_LEVELS_bet23_to_bet27,395.8237,395.8237,395.8237,395.8237,395.8237,4.000000,4.000000,4.000000,4.000000,4.000000,96.000000,96.000000,96.000000,96.000000,96.000000,5.0,1979.1183,1826.9964,7916.4733,8068.5952,PENDING_AG03,FALSE,NOT_FOR_ENFORCEMENT,9499.7679,139658.7858,9895.5916,9499.7679,395.8237,0.06109090,0.05864726,395.8237,9499.7679,0.05864726,395.8237,395.8237,395.8237,395.8237,395.8237,9499.7679,0.05864726,1979.1183,1826.9964,7916.4733,8068.5952,0.04887272,0.04981185,0.00244364,265.5433,248.2558,16.8867,471.2186,46.4582,7713.4018,27.9048,,265.5433,130.8798,132.8436,523.5191,526.6345,579.298,1056.2184,131.6586,0.0,4.360753,7.950843,1.998918,28,109,27,6,0E-8,0.06109090,,0E-8,0.000000,0.898115,0.919672,,2026-03-23,2026-06-16,21,213,160,86,0.244186,,,0.000000,,,,,,,,GLOBAL_BASELINE_NO_ENTITY_RANKING,,,NOT_APPLICABLE_GLOBAL_BASELINE,HF9g-P5,,,,X 全窗基线 · 不参与实体赏罚,15056835,1506,A168_HF9F_20260827_0900,2026-08-27 09:00:00
2026-04-16,146711891,2242,0,130.8797738398,65.4398869199,65.4398869199,1.0000000,1,1,0.50665070000000000,0.506650700000,0.9867858985152569,0.9867858985152569,0.9867858985152569,0E-17,ELIGIBLE,R03b_20260811_FULL_v1,L1_ELIGIBILITY,v2026-08-11,2026-03-21..2026-08-06,baccarat_bet02_101_all_pairs_incl_sentinel,round_win = game_pnl > 0 (decisive only),COMPATIBILITY_ONLY_NOT_PRODUCTION,161981.4376,145477.9019,9895.5916,610,586,-0.06109090,,-0.06109090,-0.06109090,-9895.5916,161981.4376,OK,0.0000,395.8237,4.0000,96.0000,AG03-UNRESOLVED,ALL5_LEVELS_bet23_to_bet27,395.8237,395.8237,395.8237,395.8237,395.8237,4.000000,4.000000,4.000000,4.000000,4.000000,96.000000,96.000000,96.000000,96.000000,96.000000,5.0,1979.1183,1826.9964,7916.4733,8068.5952,PENDING_AG03,FALSE,NOT_FOR_ENFORCEMENT,9499.7679,139658.7858,9895.5916,9499.7679,395.8237,0.06109090,0.05864726,395.8237,9499.7679,0.05864726,395.8237,395.8237,395.8237,395.8237,395.8237,9499.7679,0.05864726,1979.1183,1826.9964,7916.4733,8068.5952,0.04887272,0.04981185,0.00244364,265.5433,248.2558,16.8867,471.2186,46.4582,7713.4018,27.9048,,265.5433,130.8798,132.8436,523.5191,526.6345,579.298,1056.2184,131.6586,0.0,4.360753,7.950843,1.998918,28,109,27,6,0E-8,0.06109090,,0E-8,0.000000,0.898115,0.919672,,2026-03-23,2026-06-16,21,213,160,86,0.244186,,,0.000000,,,,,,,,GLOBAL_BASELINE_NO_ENTITY_RANKING,,,NOT_APPLICABLE_GLOBAL_BASELINE,HF9g-P5,,,,X 全窗基线 · 不参与实体赏罚,15056836,1506,A168_HF9F_20260827_0900,2026-08-27 09:00:00
2026-04-16,146711891,948,0,523.5190953592,0E-10,0E-10,0.5000000,4,4,0.50329940000000000,0.503299400000,-0.01319788734859681,-0.01319788734859681,-0.01319788734859681,0E-17,ELIGIBLE,R03b_20260811_FULL_v1,L1_ELIGIBILITY,v2026-08-11,2026-03-21..2026-08-06,baccarat_bet02_101_all_pairs_incl_sentinel,round_win = game_pnl > 0 (decisive only),COMPATIBILITY_ONLY_NOT_PRODUCTION,161981.4376,145477.9019,9895.5916,610,586,-0.06109090,,-0.06109090,-0.06109090,-9895.5916,161981.4376,OK,0.0000,395.8237,4.0000,96.0000,AG03-UNRESOLVED,ALL5_LEVELS_bet23_to_bet27,395.8237,395.8237,395.8237,395.8237,395.8237,4.000000,4.000000,4.000000,4.000000,4.000000,96.000000,96.000000,96.000000,96.000000,96.000000,5.0,1979.1183,1826.9964,7916.4733,8068.5952,PENDING_AG03,FALSE,NOT_FOR_ENFORCEMENT,9499.7679,139658.7858,9895.5916,9499.7679,395.8237,0.06109090,0.05864726,395.8237,9499.7679,0.05864726,395.8237,395.8237,395.8237,395.8237,395.8237,9499.7679,0.05864726,1979.1183,1826.9964,7916.4733,8068.5952,0.04887272,0.04981185,0.00244364,265.5433,248.2558,16.8867,471.2186,46.4582,7713.4018,27.9048,,265.5433,130.8798,132.8436,523.5191,526.6345,579.298,1056.2184,131.6586,0.0,4.360753,7.950843,1.998918,28,109,27,6,0E-8,0.06109090,,0E-8,0.000000,0.898115,0.919672,,2026-03-23,2026-06-16,21,213,160,86,0.244186,,,0.000000,,,,,,,,GLOBAL_BASELINE_NO_ENTITY_RANKING,,,NOT_APPLICABLE_GLOBAL_BASELINE,HF9g-P5,,,,X 全窗基线 · 不参与实体赏罚,15056837,1506,A168_HF9F_20260827_0900,2026-08-27 09:00:00
2026-04-17,146711891,2171,0,184.2787215664,-184.2787215664,-184.2787215664,0E-7,2,2,0.49994810000000000,0.499948100000,-1.4140667746232096,-1.4140667746232096,-1.4140667746232096,0E-17,ELIGIBLE,R03b_20260811_FULL_v1,L1_ELIGIBILITY,v2026-08-11,2026-03-21..2026-08-06,baccarat_bet02_101_all_pairs_incl_sentinel,round_win = game_pnl > 0 (decisive only),COMPATIBILITY_ONLY_NOT_PRODUCTION,161981.4376,145477.9019,9895.5916,610,586,-0.06109090,,-0.06109090,-0.06109090,-9895.5916,161981.4376,OK,0.0000,395.8237,4.0000,96.0000,AG03-UNRESOLVED,ALL5_LEVELS_bet23_to_bet27,395.8237,395.8237,395.8237,395.8237,395.8237,4.000000,4.000000,4.000000,4.000000,4.000000,96.000000,96.000000,96.000000,96.000000,96.000000,5.0,1979.1183,1826.9964,7916.4733,8068.5952,PENDING_AG03,FALSE,NOT_FOR_ENFORCEMENT,9499.7679,139658.7858,9895.5916,9499.7679,395.8237,0.06109090,0.05864726,395.8237,9499.7679,0.05864726,395.8237,395.8237,395.8237,395.8237,395.8237,9499.7679,0.05864726,1979.1183,1826.9964,7916.4733,8068.5952,0.04887272,0.04981185,0.00244364,265.5433,248.2558,16.8867,471.2186,46.4582,7713.4018,27.9048,,265.5433,130.8798,132.8436,523.5191,526.6345,579.298,1056.2184,131.6586,0.0,4.360753,7.950843,1.998918,28,109,27,6,0E-8,0.06109090,,0E-8,0.000000,0.898115,0.919672,,2026-03-23,2026-06-16,21,213,160,86,0.244186,,,0.000000,,,,,,,,GLOBAL_BASELINE_NO_ENTITY_RANKING,,,NOT_APPLICABLE_GLOBAL_BASELINE,HF9g-P5,,,,X 全窗基线 · 不参与实体赏罚,15056838,1506,A168_HF9F_20260827_0900,2026-08-27 09:00:00
2026-04-25,146711891,1396,0,261.7595476795,-261.7595476795,-261.7595476795,0E-7,1,1,0.50665070000000000,0.506650700000,-1.013391052207602,-1.013391052207602,-1.013391052207602,0E-17,ELIGIBLE,R03b_20260811_FULL_v1,L1_ELIGIBILITY,v2026-08-11,2026-03-21..2026-08-06,baccarat_bet02_101_all_pairs_incl_sentinel,round_win = game_pnl > 0 (decisive only),COMPATIBILITY_ONLY_NOT_PRODUCTION,161981.4376,145477.9019,9895.5916,610,586,-0.06109090,,-0.06109090,-0.06109090,-9895.5916,161981.4376,OK,0.0000,395.8237,4.0000,96.0000,AG03-UNRESOLVED,ALL5_LEVELS_bet23_to_bet27,395.8237,395.8237,395.8237,395.8237,395.8237,4.000000,4.000000,4.000000,4.000000,4.000000,96.000000,96.000000,96.000000,96.000000,96.000000,5.0,1979.1183,1826.9964,7916.4733,8068.5952,PENDING_AG03,FALSE,NOT_FOR_ENFORCEMENT,9499.7679,139658.7858,9895.5916,9499.7679,395.8237,0.06109090,0.05864726,395.8237,9499.7679,0.05864726,395.8237,395.8237,395.8237,395.8237,395.8237,9499.7679,0.05864726,1979.1183,1826.9964,7916.4733,8068.5952,0.04887272,0.04981185,0.00244364,265.5433,248.2558,16.8867,471.2186,46.4582,7713.4018,27.9048,,265.5433,130.8798,132.8436,523.5191,526.6345,579.298,1056.2184,131.6586,0.0,4.360753,7.950843,1.998918,28,109,27,6,0E-8,0.06109090,,0E-8,0.000000,0.898115,0.919672,,2026-03-23,2026-06-16,21,213,160,86,0.244186,,,0.000000,,,,,,,,GLOBAL_BASELINE_NO_ENTITY_RANKING,,,NOT_APPLICABLE_GLOBAL_BASELINE,HF9g-P5,,,,X 全窗基线 · 不参与实体赏罚,15056839,1506,A168_HF9F_20260827_0900,2026-08-27 09:00:00
2026-04-25,146711891,1401,0,130.8797738398,-130.8797738398,-130.8797738398,0E-7,1,1,0.49324550000000000,0.493245500000,-0.9865810262130424,-0.9865810262130424,-0.9865810262130424,0E-17,ELIGIBLE,R03b_20260811_FULL_v1,L1_ELIGIBILITY,v2026-08-11,2026-03-21..2026-08-06,baccarat_bet02_101_all_pairs_incl_sentinel,round_win = game_pnl > 0 (decisive only),COMPATIBILITY_ONLY_NOT_PRODUCTION,161981.4376,145477.9019,9895.5916,610,586,-0.06109090,,-0.06109090,-0.06109090,-9895.5916,161981.4376,OK,0.0000,395.8237,4.0000,96.0000,AG03-UNRESOLVED,ALL5_LEVELS_bet23_to_bet27,395.8237,395.8237,395.8237,395.8237,395.8237,4.000000,4.000000,4.000000,4.000000,4.000000,96.000000,96.000000,96.000000,96.000000,96.000000,5.0,1979.1183,1826.9964,7916.4733,8068.5952,PENDING_AG03,FALSE,NOT_FOR_ENFORCEMENT,9499.7679,139658.7858,9895.5916,9499.7679,395.8237,0.06109090,0.05864726,395.8237,9499.7679,0.05864726,395.8237,395.8237,395.8237,395.8237,395.8237,9499.7679,0.05864726,1979.1183,1826.9964,7916.4733,8068.5952,0.04887272,0.04981185,0.00244364,265.5433,248.2558,16.8867,471.2186,46.4582,7713.4018,27.9048,,265.5433,130.8798,132.8436,523.5191,526.6345,579.298,1056.2184,131.6586,0.0,4.360753,7.950843,1.998918,28,109,27,6,0E-8,0.06109090,,0E-8,0.000000,0.898115,0.919672,,2026-03-23,2026-06-16,21,213,160,86,0.244186,,,0.000000,,,,,,,,GLOBAL_BASELINE_NO_ENTITY_RANKING,,,NOT_APPLICABLE_GLOBAL_BASELINE,HF9g-P5,,,,X 全窗基线 · 不参与实体赏罚,15056840,1506,A168_HF9F_20260827_0900,2026-08-27 09:00:00
2026-04-25,146711891,2088,0,788.9432767060,-788.9432767060,-788.9432767060,0E-7,2,2,0.50665070000000000,0.506650700000,-1.4331513700195317,-1.4331513700195317,-1.4331513700195317,0E-17,ELIGIBLE,R03b_20260811_FULL_v1,L1_ELIGIBILITY,v2026-08-11,2026-03-21..2026-08-06,baccarat_bet02_101_all_pairs_incl_sentinel,round_win = game_pnl > 0 (decisive only),COMPATIBILITY_ONLY_NOT_PRODUCTION,161981.4376,145477.9019,9895.5916,610,586,-0.06109090,,-0.06109090,-0.06109090,-9895.5916,161981.4376,OK,0.0000,395.8237,4.0000,96.0000,AG03-UNRESOLVED,ALL5_LEVELS_bet23_to_bet27,395.8237,395.8237,395.8237,395.8237,395.8237,4.000000,4.000000,4.000000,4.000000,4.000000,96.000000,96.000000,96.000000,96.000000,96.000000,5.0,1979.1183,1826.9964,7916.4733,8068.5952,PENDING_AG03,FALSE,NOT_FOR_ENFORCEMENT,9499.7679,139658.7858,9895.5916,9499.7679,395.8237,0.06109090,0.05864726,395.8237,9499.7679,0.05864726,395.8237,395.8237,395.8237,395.8237,395.8237,9499.7679,0.05864726,1979.1183,1826.9964,7916.4733,8068.5952,0.04887272,0.04981185,0.00244364,265.5433,248.2558,16.8867,471.2186,46.4582,7713.4018,27.9048,,265.5433,130.8798,132.8436,523.5191,526.6345,579.298,1056.2184,131.6586,0.0,4.360753,7.950843,1.998918,28,109,27,6,0E-8,0.06109090,,0E-8,0.000000,0.898115,0.919672,,2026-03-23,2026-06-16,21,213,160,86,0.244186,,,0.000000,,,,,,,,GLOBAL_BASELINE_NO_ENTITY_RANKING,,,NOT_APPLICABLE_GLOBAL_BASELINE,HF9g-P5,,,,X 全窗基线 · 不参与实体赏罚,15056841,1506,A168_HF9F_20260827_0900,2026-08-27 09:00:00
2026-04-25,146711891,2129,0,130.8797738398,130.8797738398,130.8797738398,1.0000000,1,1,0.49324550000000000,0.493245500000,1.01360149184955,1.01360149184955,1.01360149184955,0E-17,ELIGIBLE,R03b_20260811_FULL_v1,L1_ELIGIBILITY,v2026-08-11,2026-03-21..2026-08-06,baccarat_bet02_101_all_pairs_incl_sentinel,round_win = game_pnl > 0 (decisive only),COMPATIBILITY_ONLY_NOT_PRODUCTION,161981.4376,145477.9019,9895.5916,610,586,-0.06109090,,-0.06109090,-0.06109090,-9895.5916,161981.4376,OK,0.0000,395.8237,4.0000,96.0000,AG03-UNRESOLVED,ALL5_LEVELS_bet23_to_bet27,395.8237,395.8237,395.8237,395.8237,395.8237,4.000000,4.000000,4.000000,4.000000,4.000000,96.000000,96.000000,96.000000,96.000000,96.000000,5.0,1979.1183,1826.9964,7916.4733,8068.5952,PENDING_AG03,FALSE,NOT_FOR_ENFORCEMENT,9499.7679,139658.7858,9895.5916,9499.7679,395.8237,0.06109090,0.05864726,395.8237,9499.7679,0.05864726,395.8237,395.8237,395.8237,395.8237,395.8237,9499.7679,0.05864726,1979.1183,1826.9964,7916.4733,8068.5952,0.04887272,0.04981185,0.00244364,265.5433,248.2558,16.8867,471.2186,46.4582,7713.4018,27.9048,,265.5433,130.8798,132.8436,523.5191,526.6345,579.298,1056.2184,131.6586,0.0,4.360753,7.950843,1.998918,28,109,27,6,0E-8,0.06109090,,0E-8,0.000000,0.898115,0.919672,,2026-03-23,2026-06-16,21,213,160,86,0.244186,,,0.000000,,,,,,,,GLOBAL_BASELINE_NO_ENTITY_RANKING,,,NOT_APPLICABLE_GLOBAL_BASELINE,HF9g-P5,,,,X 全窗基线 · 不参与实体赏罚,15056842,1506,A168_HF9F_20260827_0900,2026-08-27 09:00:00
2026-04-25,146711891,2258,0,916.1584168783,130.8797738398,130.8797738398,0.5000000,3,3,0.50665070000000000,0.506650700000,-0.018812684590367487,-0.018812684590367487,-0.018812684590367487,0E-17,ELIGIBLE,R03b_20260811_FULL_v1,L1_ELIGIBILITY,v2026-08-11,2026-03-21..2026-08-06,baccarat_bet02_101_all_pairs_incl_sentinel,round_win = game_pnl > 0 (decisive only),COMPATIBILITY_ONLY_NOT_PRODUCTION,161981.4376,145477.9019,9895.5916,610,586,-0.06109090,,-0.06109090,-0.06109090,-9895.5916,161981.4376,OK,0.0000,395.8237,4.0000,96.0000,AG03-UNRESOLVED,ALL5_LEVELS_bet23_to_bet27,395.8237,395.8237,395.8237,395.8237,395.8237,4.000000,4.000000,4.000000,4.000000,4.000000,96.000000,96.000000,96.000000,96.000000,96.000000,5.0,1979.1183,1826.9964,7916.4733,8068.5952,PENDING_AG03,FALSE,NOT_FOR_ENFORCEMENT,9499.7679,139658.7858,9895.5916,9499.7679,395.8237,0.06109090,0.05864726,395.8237,9499.7679,0.05864726,395.8237,395.8237,395.8237,395.8237,395.8237,9499.7679,0.05864726,1979.1183,1826.9964,7916.4733,8068.5952,0.04887272,0.04981185,0.00244364,265.5433,248.2558,16.8867,471.2186,46.4582,7713.4018,27.9048,,265.5433,130.8798,132.8436,523.5191,526.6345,579.298,1056.2184,131.6586,0.0,4.360753,7.950843,1.998918,28,109,27,6,0E-8,0.06109090,,0E-8,0.000000,0.898115,0.919672,,2026-03-23,2026-06-16,21,213,160,86,0.244186,,,0.000000,,,,,,,,GLOBAL_BASELINE_NO_ENTITY_RANKING,,,NOT_APPLICABLE_GLOBAL_BASELINE,HF9g-P5,,,,X 全窗基线 · 不参与实体赏罚,15056843,1506,A168_HF9F_20260827_0900,2026-08-27 09:00:00
2026-04-25,146711891,2266,0,261.7595476796,-130.8797738398,-130.8797738398,0E-7,2,2,0.49324550000000000,0.493245500000,-0.9865810262130424,-0.9865810262130424,-0.9865810262130424,0E-17,ELIGIBLE,R03b_20260811_FULL_v1,L1_ELIGIBILITY,v2026-08-11,2026-03-21..2026-08-06,baccarat_bet02_101_all_pairs_incl_sentinel,round_win = game_pnl > 0 (decisive only),COMPATIBILITY_ONLY_NOT_PRODUCTION,161981.4376,145477.9019,9895.5916,610,586,-0.06109090,,-0.06109090,-0.06109090,-9895.5916,161981.4376,OK,0.0000,395.8237,4.0000,96.0000,AG03-UNRESOLVED,ALL5_LEVELS_bet23_to_bet27,395.8237,395.8237,395.8237,395.8237,395.8237,4.000000,4.000000,4.000000,4.000000,4.000000,96.000000,96.000000,96.000000,96.000000,96.000000,5.0,1979.1183,1826.9964,7916.4733,8068.5952,PENDING_AG03,FALSE,NOT_FOR_ENFORCEMENT,9499.7679,139658.7858,9895.5916,9499.7679,395.8237,0.06109090,0.05864726,395.8237,9499.7679,0.05864726,395.8237,395.8237,395.8237,395.8237,395.8237,9499.7679,0.05864726,1979.1183,1826.9964,7916.4733,8068.5952,0.04887272,0.04981185,0.00244364,265.5433,248.2558,16.8867,471.2186,46.4582,7713.4018,27.9048,,265.5433,130.8798,132.8436,523.5191,526.6345,579.298,1056.2184,131.6586,0.0,4.360753,7.950843,1.998918,28,109,27,6,0E-8,0.06109090,,0E-8,0.000000,0.898115,0.919672,,2026-03-23,2026-06-16,21,213,160,86,0.244186,,,0.000000,,,,,,,,GLOBAL_BASELINE_NO_ENTITY_RANKING,,,NOT_APPLICABLE_GLOBAL_BASELINE,HF9g-P5,,,,X 全窗基线 · 不参与实体赏罚,15056844,1506,A168_HF9F_20260827_0900,2026-08-27 09:00:00
2026-05-06,146711891,1205,0,518.9144310103,518.9144310103,518.9144310103,1.0000000,1,1,0.50665070000000000,0.506650700000,0.9867858985152569,0.9867858985152569,0.9867858985152569,0E-17,ELIGIBLE,R03b_20260811_FULL_v1,L1_ELIGIBILITY,v2026-08-11,2026-03-21..2026-08-06,baccarat_bet02_101_all_pairs_incl_sentinel,round_win = game_pnl > 0 (decisive only),COMPATIBILITY_ONLY_NOT_PRODUCTION,161981.4376,145477.9019,9895.5916,610,586,-0.06109090,,-0.06109090,-0.06109090,-9895.5916,161981.4376,OK,0.0000,395.8237,4.0000,96.0000,AG03-UNRESOLVED,ALL5_LEVELS_bet23_to_bet27,395.8237,395.8237,395.8237,395.8237,395.8237,4.000000,4.000000,4.000000,4.000000,4.000000,96.000000,96.000000,96.000000,96.000000,96.000000,5.0,1979.1183,1826.9964,7916.4733,8068.5952,PENDING_AG03,FALSE,NOT_FOR_ENFORCEMENT,9499.7679,139658.7858,9895.5916,9499.7679,395.8237,0.06109090,0.05864726,395.8237,9499.7679,0.05864726,395.8237,395.8237,395.8237,395.8237,395.8237,9499.7679,0.05864726,1979.1183,1826.9964,7916.4733,8068.5952,0.04887272,0.04981185,0.00244364,265.5433,248.2558,16.8867,471.2186,46.4582,7713.4018,27.9048,,265.5433,130.8798,132.8436,523.5191,526.6345,579.298,1056.2184,131.6586,0.0,4.360753,7.950843,1.998918,28,109,27,6,0E-8,0.06109090,,0E-8,0.000000,0.898115,0.919672,,2026-03-23,2026-06-16,21,213,160,86,0.244186,,,0.000000,,,,,,,,GLOBAL_BASELINE_NO_ENTITY_RANKING,,,NOT_APPLICABLE_GLOBAL_BASELINE,HF9g-P5,,,,X 全窗基线 · 不参与实体赏罚,15056845,1506,A168_HF9F_20260827_0900,2026-08-27 09:00:00
2026-05-08,146711891,2145,0,780.7067614550,-780.7067614550,-780.7067614550,0E-7,1,1,0.49324550000000000,0.493245500000,-0.9865810262130424,-0.9865810262130424,-0.9865810262130424,0E-17,ELIGIBLE,R03b_20260811_FULL_v1,L1_ELIGIBILITY,v2026-08-11,2026-03-21..2026-08-06,baccarat_bet02_101_all_pairs_incl_sentinel,round_win = game_pnl > 0 (decisive only),COMPATIBILITY_ONLY_NOT_PRODUCTION,161981.4376,145477.9019,9895.5916,610,586,-0.06109090,,-0.06109090,-0.06109090,-9895.5916,161981.4376,OK,0.0000,395.8237,4.0000,96.0000,AG03-UNRESOLVED,ALL5_LEVELS_bet23_to_bet27,395.8237,395.8237,395.8237,395.8237,395.8237,4.000000,4.000000,4.000000,4.000000,4.000000,96.000000,96.000000,96.000000,96.000000,96.000000,5.0,1979.1183,1826.9964,7916.4733,8068.5952,PENDING_AG03,FALSE,NOT_FOR_ENFORCEMENT,9499.7679,139658.7858,9895.5916,9499.7679,395.8237,0.06109090,0.05864726,395.8237,9499.7679,0.05864726,395.8237,395.8237,395.8237,395.8237,395.8237,9499.7679,0.05864726,1979.1183,1826.9964,7916.4733,8068.5952,0.04887272,0.04981185,0.00244364,265.5433,248.2558,16.8867,471.2186,46.4582,7713.4018,27.9048,,265.5433,130.8798,132.8436,523.5191,526.6345,579.298,1056.2184,131.6586,0.0,4.360753,7.950843,1.998918,28,109,27,6,0E-8,0.06109090,,0E-8,0.000000,0.898115,0.919672,,2026-03-23,2026-06-16,21,213,160,86,0.244186,,,0.000000,,,,,,,,GLOBAL_BASELINE_NO_ENTITY_RANKING,,,NOT_APPLICABLE_GLOBAL_BASELINE,HF9g-P5,,,,X 全窗基线 · 不参与实体赏罚,15056846,1506,A168_HF9F_20260827_0900,2026-08-27 09:00:00
2026-05-15,146711891,1396,0,518.9144310104,0E-10,0E-10,0.5000000,2,2,0.49324550000000000,0.493245500000,0.01910635448239258,0.01910635448239258,0.01910635448239258,0E-17,ELIGIBLE,R03b_20260811_FULL_v1,L1_ELIGIBILITY,v2026-08-11,2026-03-21..2026-08-06,baccarat_bet02_101_all_pairs_incl_sentinel,round_win = game_pnl > 0 (decisive only),COMPATIBILITY_ONLY_NOT_PRODUCTION,161981.4376,145477.9019,9895.5916,610,586,-0.06109090,,-0.06109090,-0.06109090,-9895.5916,161981.4376,OK,0.0000,395.8237,4.0000,96.0000,AG03-UNRESOLVED,ALL5_LEVELS_bet23_to_bet27,395.8237,395.8237,395.8237,395.8237,395.8237,4.000000,4.000000,4.000000,4.000000,4.000000,96.000000,96.000000,96.000000,96.000000,96.000000,5.0,1979.1183,1826.9964,7916.4733,8068.5952,PENDING_AG03,FALSE,NOT_FOR_ENFORCEMENT,9499.7679,139658.7858,9895.5916,9499.7679,395.8237,0.06109090,0.05864726,395.8237,9499.7679,0.05864726,395.8237,395.8237,395.8237,395.8237,395.8237,9499.7679,0.05864726,1979.1183,1826.9964,7916.4733,8068.5952,0.04887272,0.04981185,0.00244364,265.5433,248.2558,16.8867,471.2186,46.4582,7713.4018,27.9048,,265.5433,130.8798,132.8436,523.5191,526.6345,579.298,1056.2184,131.6586,0.0,4.360753,7.950843,1.998918,28,109,27,6,0E-8,0.06109090,,0E-8,0.000000,0.898115,0.919672,,2026-03-23,2026-06-16,21,213,160,86,0.244186,,,0.000000,,,,,,,,GLOBAL_BASELINE_NO_ENTITY_RANKING,,,NOT_APPLICABLE_GLOBAL_BASELINE,HF9g-P5,,,,X 全窗基线 · 不参与实体赏罚,15056847,1506,A168_HF9F_20260827_0900,2026-08-27 09:00:00
2026-05-15,146711891,2093,0,259.4572155052,-259.4572155052,-259.4572155052,0E-7,1,1,0.49324550000000000,0.493245500000,-0.9865810262130424,-0.9865810262130424,-0.9865810262130424,0E-17,ELIGIBLE,R03b_20260811_FULL_v1,L1_ELIGIBILITY,v2026-08-11,2026-03-21..2026-08-06,baccarat_bet02_101_all_pairs_incl_sentinel,round_win = game_pnl > 0 (decisive only),COMPATIBILITY_ONLY_NOT_PRODUCTION,161981.4376,145477.9019,9895.5916,610,586,-0.06109090,,-0.06109090,-0.06109090,-9895.5916,161981.4376,OK,0.0000,395.8237,4.0000,96.0000,AG03-UNRESOLVED,ALL5_LEVELS_bet23_to_bet27,395.8237,395.8237,395.8237,395.8237,395.8237,4.000000,4.000000,4.000000,4.000000,4.000000,96.000000,96.000000,96.000000,96.000000,96.000000,5.0,1979.1183,1826.9964,7916.4733,8068.5952,PENDING_AG03,FALSE,NOT_FOR_ENFORCEMENT,9499.7679,139658.7858,9895.5916,9499.7679,395.8237,0.06109090,0.05864726,395.8237,9499.7679,0.05864726,395.8237,395.8237,395.8237,395.8237,395.8237,9499.7679,0.05864726,1979.1183,1826.9964,7916.4733,8068.5952,0.04887272,0.04981185,0.00244364,265.5433,248.2558,16.8867,471.2186,46.4582,7713.4018,27.9048,,265.5433,130.8798,132.8436,523.5191,526.6345,579.298,1056.2184,131.6586,0.0,4.360753,7.950843,1.998918,28,109,27,6,0E-8,0.06109090,,0E-8,0.000000,0.898115,0.919672,,2026-03-23,2026-06-16,21,213,160,86,0.244186,,,0.000000,,,,,,,,GLOBAL_BASELINE_NO_ENTITY_RANKING,,,NOT_APPLICABLE_GLOBAL_BASELINE,HF9g-P5,,,,X 全窗基线 · 不参与实体赏罚,15056848,1506,A168_HF9F_20260827_0900,2026-08-27 09:00:00
2026-05-15,146711891,2174,0,522.8062892429,-522.8062892429,-522.8062892429,0E-7,2,2,0.49994810000000000,0.499948100000,-1.4140667746232096,-1.4140667746232096,-1.4140667746232096,0E-17,ELIGIBLE,R03b_20260811_FULL_v1,L1_ELIGIBILITY,v2026-08-11,2026-03-21..2026-08-06,baccarat_bet02_101_all_pairs_incl_sentinel,round_win = game_pnl > 0 (decisive only),COMPATIBILITY_ONLY_NOT_PRODUCTION,161981.4376,145477.9019,9895.5916,610,586,-0.06109090,,-0.06109090,-0.06109090,-9895.5916,161981.4376,OK,0.0000,395.8237,4.0000,96.0000,AG03-UNRESOLVED,ALL5_LEVELS_bet23_to_bet27,395.8237,395.8237,395.8237,395.8237,395.8237,4.000000,4.000000,4.000000,4.000000,4.000000,96.000000,96.000000,96.000000,96.000000,96.000000,5.0,1979.1183,1826.9964,7916.4733,8068.5952,PENDING_AG03,FALSE,NOT_FOR_ENFORCEMENT,9499.7679,139658.7858,9895.5916,9499.7679,395.8237,0.06109090,0.05864726,395.8237,9499.7679,0.05864726,395.8237,395.8237,395.8237,395.8237,395.8237,9499.7679,0.05864726,1979.1183,1826.9964,7916.4733,8068.5952,0.04887272,0.04981185,0.00244364,265.5433,248.2558,16.8867,471.2186,46.4582,7713.4018,27.9048,,265.5433,130.8798,132.8436,523.5191,526.6345,579.298,1056.2184,131.6586,0.0,4.360753,7.950843,1.998918,28,109,27,6,0E-8,0.06109090,,0E-8,0.000000,0.898115,0.919672,,2026-03-23,2026-06-16,21,213,160,86,0.244186,,,0.000000,,,,,,,,GLOBAL_BASELINE_NO_ENTITY_RANKING,,,NOT_APPLICABLE_GLOBAL_BASELINE,HF9g-P5,,,,X 全窗基线 · 不参与实体赏罚,15056849,1506,A168_HF9F_20260827_0900,2026-08-27 09:00:00
2026-06-12,146711891,-1,1,51.4310695091,-51.4310695091,-51.4310695091,0E-7,1,1,0.49324550000000000,0.493245500000,-0.9865810262130424,-0.9865810262130424,-0.9865810262130424,0E-17,SENTINEL_DEALER,R03b_20260811_FULL_v1,L1_ELIGIBILITY,v2026-08-11,2026-03-21..2026-08-06,baccarat_bet02_101_all_pairs_incl_sentinel,round_win = game_pnl > 0 (decisive only),COMPATIBILITY_ONLY_NOT_PRODUCTION,161981.4376,145477.9019,9895.5916,610,586,-0.06109090,,-0.06109090,-0.06109090,-9895.5916,161981.4376,OK,0.0000,395.8237,4.0000,96.0000,AG03-UNRESOLVED,ALL5_LEVELS_bet23_to_bet27,395.8237,395.8237,395.8237,395.8237,395.8237,4.000000,4.000000,4.000000,4.000000,4.000000,96.000000,96.000000,96.000000,96.000000,96.000000,5.0,1979.1183,1826.9964,7916.4733,8068.5952,PENDING_AG03,FALSE,NOT_FOR_ENFORCEMENT,9499.7679,139658.7858,9895.5916,9499.7679,395.8237,0.06109090,0.05864726,395.8237,9499.7679,0.05864726,395.8237,395.8237,395.8237,395.8237,395.8237,9499.7679,0.05864726,1979.1183,1826.9964,7916.4733,8068.5952,0.04887272,0.04981185,0.00244364,265.5433,248.2558,16.8867,471.2186,46.4582,7713.4018,27.9048,,265.5433,130.8798,132.8436,523.5191,526.6345,579.298,1056.2184,131.6586,0.0,4.360753,7.950843,1.998918,28,109,27,6,0E-8,0.06109090,,0E-8,0.000000,0.898115,0.919672,,2026-03-23,2026-06-16,21,213,160,86,0.244186,,,0.000000,,,,,,,,GLOBAL_BASELINE_NO_ENTITY_RANKING,,,NOT_APPLICABLE_GLOBAL_BASELINE,HF9g-P5,,,,X 全窗基线 · 不参与实体赏罚,15056850,1506,A168_HF9F_20260827_0900,2026-08-27 09:00:00
2026-06-12,146711891,2142,0,78.1752256538,78.1752256538,78.1752256538,1.0000000,1,1,0.49324550000000000,0.493245500000,1.01360149184955,1.01360149184955,1.01360149184955,0E-17,ELIGIBLE,R03b_20260811_FULL_v1,L1_ELIGIBILITY,v2026-08-11,2026-03-21..2026-08-06,baccarat_bet02_101_all_pairs_incl_sentinel,round_win = game_pnl > 0 (decisive only),COMPATIBILITY_ONLY_NOT_PRODUCTION,161981.4376,145477.9019,9895.5916,610,586,-0.06109090,,-0.06109090,-0.06109090,-9895.5916,161981.4376,OK,0.0000,395.8237,4.0000,96.0000,AG03-UNRESOLVED,ALL5_LEVELS_bet23_to_bet27,395.8237,395.8237,395.8237,395.8237,395.8237,4.000000,4.000000,4.000000,4.000000,4.000000,96.000000,96.000000,96.000000,96.000000,96.000000,5.0,1979.1183,1826.9964,7916.4733,8068.5952,PENDING_AG03,FALSE,NOT_FOR_ENFORCEMENT,9499.7679,139658.7858,9895.5916,9499.7679,395.8237,0.06109090,0.05864726,395.8237,9499.7679,0.05864726,395.8237,395.8237,395.8237,395.8237,395.8237,9499.7679,0.05864726,1979.1183,1826.9964,7916.4733,8068.5952,0.04887272,0.04981185,0.00244364,265.5433,248.2558,16.8867,471.2186,46.4582,7713.4018,27.9048,,265.5433,130.8798,132.8436,523.5191,526.6345,579.298,1056.2184,131.6586,0.0,4.360753,7.950843,1.998918,28,109,27,6,0E-8,0.06109090,,0E-8,0.000000,0.898115,0.919672,,2026-03-23,2026-06-16,21,213,160,86,0.244186,,,0.000000,,,,,,,,GLOBAL_BASELINE_NO_ENTITY_RANKING,,,NOT_APPLICABLE_GLOBAL_BASELINE,HF9g-P5,,,,X 全窗基线 · 不参与实体赏罚,15056851,1506,A168_HF9F_20260827_0900,2026-08-27 09:00:00
2026-06-12,146711891,2170,0,77.1466042636,77.1466042636,77.1466042636,1.0000000,1,1,0.50665070000000000,0.506650700000,0.9867858985152569,0.9867858985152569,0.9867858985152569,0E-17,ELIGIBLE,R03b_20260811_FULL_v1,L1_ELIGIBILITY,v2026-08-11,2026-03-21..2026-08-06,baccarat_bet02_101_all_pairs_incl_sentinel,round_win = game_pnl > 0 (decisive only),COMPATIBILITY_ONLY_NOT_PRODUCTION,161981.4376,145477.9019,9895.5916,610,586,-0.06109090,,-0.06109090,-0.06109090,-9895.5916,161981.4376,OK,0.0000,395.8237,4.0000,96.0000,AG03-UNRESOLVED,ALL5_LEVELS_bet23_to_bet27,395.8237,395.8237,395.8237,395.8237,395.8237,4.000000,4.000000,4.000000,4.000000,4.000000,96.000000,96.000000,96.000000,96.000000,96.000000,5.0,1979.1183,1826.9964,7916.4733,8068.5952,PENDING_AG03,FALSE,NOT_FOR_ENFORCEMENT,9499.7679,139658.7858,9895.5916,9499.7679,395.8237,0.06109090,0.05864726,395.8237,9499.7679,0.05864726,395.8237,395.8237,395.8237,395.8237,395.8237,9499.7679,0.05864726,1979.1183,1826.9964,7916.4733,8068.5952,0.04887272,0.04981185,0.00244364,265.5433,248.2558,16.8867,471.2186,46.4582,7713.4018,27.9048,,265.5433,130.8798,132.8436,523.5191,526.6345,579.298,1056.2184,131.6586,0.0,4.360753,7.950843,1.998918,28,109,27,6,0E-8,0.06109090,,0E-8,0.000000,0.898115,0.919672,,2026-03-23,2026-06-16,21,213,160,86,0.244186,,,0.000000,,,,,,,,GLOBAL_BASELINE_NO_ENTITY_RANKING,,,NOT_APPLICABLE_GLOBAL_BASELINE,HF9g-P5,,,,X 全窗基线 · 不参与实体赏罚,15056852,1506,A168_HF9F_20260827_0900,2026-08-27 09:00:00
2026-06-12,146711891,2216,0,66.8603903618,-66.8603903618,-66.8603903618,0E-7,1,1,0.50665070000000000,0.506650700000,-1.013391052207602,-1.013391052207602,-1.013391052207602,0E-17,ELIGIBLE,R03b_20260811_FULL_v1,L1_ELIGIBILITY,v2026-08-11,2026-03-21..2026-08-06,baccarat_bet02_101_all_pairs_incl_sentinel,round_win = game_pnl > 0 (decisive only),COMPATIBILITY_ONLY_NOT_PRODUCTION,161981.4376,145477.9019,9895.5916,610,586,-0.06109090,,-0.06109090,-0.06109090,-9895.5916,161981.4376,OK,0.0000,395.8237,4.0000,96.0000,AG03-UNRESOLVED,ALL5_LEVELS_bet23_to_bet27,395.8237,395.8237,395.8237,395.8237,395.8237,4.000000,4.000000,4.000000,4.000000,4.000000,96.000000,96.000000,96.000000,96.000000,96.000000,5.0,1979.1183,1826.9964,7916.4733,8068.5952,PENDING_AG03,FALSE,NOT_FOR_ENFORCEMENT,9499.7679,139658.7858,9895.5916,9499.7679,395.8237,0.06109090,0.05864726,395.8237,9499.7679,0.05864726,395.8237,395.8237,395.8237,395.8237,395.8237,9499.7679,0.05864726,1979.1183,1826.9964,7916.4733,8068.5952,0.04887272,0.04981185,0.00244364,265.5433,248.2558,16.8867,471.2186,46.4582,7713.4018,27.9048,,265.5433,130.8798,132.8436,523.5191,526.6345,579.298,1056.2184,131.6586,0.0,4.360753,7.950843,1.998918,28,109,27,6,0E-8,0.06109090,,0E-8,0.000000,0.898115,0.919672,,2026-03-23,2026-06-16,21,213,160,86,0.244186,,,0.000000,,,,,,,,GLOBAL_BASELINE_NO_ENTITY_RANKING,,,NOT_APPLICABLE_GLOBAL_BASELINE,HF9g-P5,,,,X 全窗基线 · 不参与实体赏罚,15056853,1506,A168_HF9F_20260827_0900,2026-08-27 09:00:00
2026-06-12,146711891,526,0,488.5951603363,51.4310695091,51.4310695091,0.5714286,7,7,0.50473567142857143,0.504735671429,0.35292148522900274,0.3529214852267378,0.35292148522900274,-4.2857E-13,ELIGIBLE,R03b_20260811_FULL_v1,L1_ELIGIBILITY,v2026-08-11,2026-03-21..2026-08-06,baccarat_bet02_101_all_pairs_incl_sentinel,round_win = game_pnl > 0 (decisive only),COMPATIBILITY_ONLY_NOT_PRODUCTION,161981.4376,145477.9019,9895.5916,610,586,-0.06109090,,-0.06109090,-0.06109090,-9895.5916,161981.4376,OK,0.0000,395.8237,4.0000,96.0000,AG03-UNRESOLVED,ALL5_LEVELS_bet23_to_bet27,395.8237,395.8237,395.8237,395.8237,395.8237,4.000000,4.000000,4.000000,4.000000,4.000000,96.000000,96.000000,96.000000,96.000000,96.000000,5.0,1979.1183,1826.9964,7916.4733,8068.5952,PENDING_AG03,FALSE,NOT_FOR_ENFORCEMENT,9499.7679,139658.7858,9895.5916,9499.7679,395.8237,0.06109090,0.05864726,395.8237,9499.7679,0.05864726,395.8237,395.8237,395.8237,395.8237,395.8237,9499.7679,0.05864726,1979.1183,1826.9964,7916.4733,8068.5952,0.04887272,0.04981185,0.00244364,265.5433,248.2558,16.8867,471.2186,46.4582,7713.4018,27.9048,,265.5433,130.8798,132.8436,523.5191,526.6345,579.298,1056.2184,131.6586,0.0,4.360753,7.950843,1.998918,28,109,27,6,0E-8,0.06109090,,0E-8,0.000000,0.898115,0.919672,,2026-03-23,2026-06-16,21,213,160,86,0.244186,,,0.000000,,,,,,,,GLOBAL_BASELINE_NO_ENTITY_RANKING,,,NOT_APPLICABLE_GLOBAL_BASELINE,HF9g-P5,,,,X 全窗基线 · 不参与实体赏罚,15056854,1506,A168_HF9F_20260827_0900,2026-08-27 09:00:00
2026-06-16,146711891,-1,1,128.5776737727,-128.5776737727,-128.5776737727,0E-7,1,1,0.49324550000000000,0.493245500000,-0.9865810262130424,-0.9865810262130424,-0.9865810262130424,0E-17,SENTINEL_DEALER,R03b_20260811_FULL_v1,L1_ELIGIBILITY,v2026-08-11,2026-03-21..2026-08-06,baccarat_bet02_101_all_pairs_incl_sentinel,round_win = game_pnl > 0 (decisive only),COMPATIBILITY_ONLY_NOT_PRODUCTION,161981.4376,145477.9019,9895.5916,610,586,-0.06109090,,-0.06109090,-0.06109090,-9895.5916,161981.4376,OK,0.0000,395.8237,4.0000,96.0000,AG03-UNRESOLVED,ALL5_LEVELS_bet23_to_bet27,395.8237,395.8237,395.8237,395.8237,395.8237,4.000000,4.000000,4.000000,4.000000,4.000000,96.000000,96.000000,96.000000,96.000000,96.000000,5.0,1979.1183,1826.9964,7916.4733,8068.5952,PENDING_AG03,FALSE,NOT_FOR_ENFORCEMENT,9499.7679,139658.7858,9895.5916,9499.7679,395.8237,0.06109090,0.05864726,395.8237,9499.7679,0.05864726,395.8237,395.8237,395.8237,395.8237,395.8237,9499.7679,0.05864726,1979.1183,1826.9964,7916.4733,8068.5952,0.04887272,0.04981185,0.00244364,265.5433,248.2558,16.8867,471.2186,46.4582,7713.4018,27.9048,,265.5433,130.8798,132.8436,523.5191,526.6345,579.298,1056.2184,131.6586,0.0,4.360753,7.950843,1.998918,28,109,27,6,0E-8,0.06109090,,0E-8,0.000000,0.898115,0.919672,,2026-03-23,2026-06-16,21,213,160,86,0.244186,,,0.000000,,,,,,,,GLOBAL_BASELINE_NO_ENTITY_RANKING,,,NOT_APPLICABLE_GLOBAL_BASELINE,HF9g-P5,,,,X 全窗基线 · 不参与实体赏罚,15056855,1506,A168_HF9F_20260827_0900,2026-08-27 09:00:00
2026-06-16,146711891,1331,0,385.7330213182,-128.5776737728,-128.5776737728,0.5000000,2,2,0.49994810000000000,0.499948100000,0.00014679536856514622,0.00014679536856514622,0.00014679536856514622,0E-17,ELIGIBLE,R03b_20260811_FULL_v1,L1_ELIGIBILITY,v2026-08-11,2026-03-21..2026-08-06,baccarat_bet02_101_all_pairs_incl_sentinel,round_win = game_pnl > 0 (decisive only),COMPATIBILITY_ONLY_NOT_PRODUCTION,161981.4376,145477.9019,9895.5916,610,586,-0.06109090,,-0.06109090,-0.06109090,-9895.5916,161981.4376,OK,0.0000,395.8237,4.0000,96.0000,AG03-UNRESOLVED,ALL5_LEVELS_bet23_to_bet27,395.8237,395.8237,395.8237,395.8237,395.8237,4.000000,4.000000,4.000000,4.000000,4.000000,96.000000,96.000000,96.000000,96.000000,96.000000,5.0,1979.1183,1826.9964,7916.4733,8068.5952,PENDING_AG03,FALSE,NOT_FOR_ENFORCEMENT,9499.7679,139658.7858,9895.5916,9499.7679,395.8237,0.06109090,0.05864726,395.8237,9499.7679,0.05864726,395.8237,395.8237,395.8237,395.8237,395.8237,9499.7679,0.05864726,1979.1183,1826.9964,7916.4733,8068.5952,0.04887272,0.04981185,0.00244364,265.5433,248.2558,16.8867,471.2186,46.4582,7713.4018,27.9048,,265.5433,130.8798,132.8436,523.5191,526.6345,579.298,1056.2184,131.6586,0.0,4.360753,7.950843,1.998918,28,109,27,6,0E-8,0.06109090,,0E-8,0.000000,0.898115,0.919672,,2026-03-23,2026-06-16,21,213,160,86,0.244186,,,0.000000,,,,,,,,GLOBAL_BASELINE_NO_ENTITY_RANKING,,,NOT_APPLICABLE_GLOBAL_BASELINE,HF9g-P5,,,,X 全窗基线 · 不参与实体赏罚,15056856,1506,A168_HF9F_20260827_0900,2026-08-27 09:00:00
2026-06-16,146711891,1505,0,77.1466042636,0E-10,0E-10,,1,1,0.50665070000000000,0.506650700000,,,,0E-17,NO_DECISIVE_ROUND,R03b_20260811_FULL_v1,L1_ELIGIBILITY,v2026-08-11,2026-03-21..2026-08-06,baccarat_bet02_101_all_pairs_incl_sentinel,round_win = game_pnl > 0 (decisive only),COMPATIBILITY_ONLY_NOT_PRODUCTION,161981.4376,145477.9019,9895.5916,610,586,-0.06109090,,-0.06109090,-0.06109090,-9895.5916,161981.4376,OK,0.0000,395.8237,4.0000,96.0000,AG03-UNRESOLVED,ALL5_LEVELS_bet23_to_bet27,395.8237,395.8237,395.8237,395.8237,395.8237,4.000000,4.000000,4.000000,4.000000,4.000000,96.000000,96.000000,96.000000,96.000000,96.000000,5.0,1979.1183,1826.9964,7916.4733,8068.5952,PENDING_AG03,FALSE,NOT_FOR_ENFORCEMENT,9499.7679,139658.7858,9895.5916,9499.7679,395.8237,0.06109090,0.05864726,395.8237,9499.7679,0.05864726,395.8237,395.8237,395.8237,395.8237,395.8237,9499.7679,0.05864726,1979.1183,1826.9964,7916.4733,8068.5952,0.04887272,0.04981185,0.00244364,265.5433,248.2558,16.8867,471.2186,46.4582,7713.4018,27.9048,,265.5433,130.8798,132.8436,523.5191,526.6345,579.298,1056.2184,131.6586,0.0,4.360753,7.950843,1.998918,28,109,27,6,0E-8,0.06109090,,0E-8,0.000000,0.898115,0.919672,,2026-03-23,2026-06-16,21,213,160,86,0.244186,,,0.000000,,,,,,,,GLOBAL_BASELINE_NO_ENTITY_RANKING,,,NOT_APPLICABLE_GLOBAL_BASELINE,HF9g-P5,,,,X 全窗基线 · 不参与实体赏罚,15056857,1506,A168_HF9F_20260827_0900,2026-08-27 09:00:00
2026-06-16,146711891,2201,0,1329.7503021575,-273.0989790933,-273.0989790933,0.5000000,9,9,0.50218230000000000,0.502182300000,-0.01234507061437774,-0.01234507061437774,-0.01234507061437774,0E-17,ELIGIBLE,R03b_20260811_FULL_v1,L1_ELIGIBILITY,v2026-08-11,2026-03-21..2026-08-06,baccarat_bet02_101_all_pairs_incl_sentinel,round_win = game_pnl > 0 (decisive only),COMPATIBILITY_ONLY_NOT_PRODUCTION,161981.4376,145477.9019,9895.5916,610,586,-0.06109090,,-0.06109090,-0.06109090,-9895.5916,161981.4376,OK,0.0000,395.8237,4.0000,96.0000,AG03-UNRESOLVED,ALL5_LEVELS_bet23_to_bet27,395.8237,395.8237,395.8237,395.8237,395.8237,4.000000,4.000000,4.000000,4.000000,4.000000,96.000000,96.000000,96.000000,96.000000,96.000000,5.0,1979.1183,1826.9964,7916.4733,8068.5952,PENDING_AG03,FALSE,NOT_FOR_ENFORCEMENT,9499.7679,139658.7858,9895.5916,9499.7679,395.8237,0.06109090,0.05864726,395.8237,9499.7679,0.05864726,395.8237,395.8237,395.8237,395.8237,395.8237,9499.7679,0.05864726,1979.1183,1826.9964,7916.4733,8068.5952,0.04887272,0.04981185,0.00244364,265.5433,248.2558,16.8867,471.2186,46.4582,7713.4018,27.9048,,265.5433,130.8798,132.8436,523.5191,526.6345,579.298,1056.2184,131.6586,0.0,4.360753,7.950843,1.998918,28,109,27,6,0E-8,0.06109090,,0E-8,0.000000,0.898115,0.919672,,2026-03-23,2026-06-16,21,213,160,86,0.244186,,,0.000000,,,,,,,,GLOBAL_BASELINE_NO_ENTITY_RANKING,,,NOT_APPLICABLE_GLOBAL_BASELINE,HF9g-P5,,,,X 全窗基线 · 不参与实体赏罚,15056858,1506,A168_HF9F_20260827_0900,2026-08-27 09:00:00
2026-06-16,146711891,2271,0,128.5776737727,-128.5776737727,-128.5776737727,0E-7,1,1,0.50665070000000000,0.506650700000,-1.013391052207602,-1.013391052207602,-1.013391052207602,0E-17,ELIGIBLE,R03b_20260811_FULL_v1,L1_ELIGIBILITY,v2026-08-11,2026-03-21..2026-08-06,baccarat_bet02_101_all_pairs_incl_sentinel,round_win = game_pnl > 0 (decisive only),COMPATIBILITY_ONLY_NOT_PRODUCTION,161981.4376,145477.9019,9895.5916,610,586,-0.06109090,,-0.06109090,-0.06109090,-9895.5916,161981.4376,OK,0.0000,395.8237,4.0000,96.0000,AG03-UNRESOLVED,ALL5_LEVELS_bet23_to_bet27,395.8237,395.8237,395.8237,395.8237,395.8237,4.000000,4.000000,4.000000,4.000000,4.000000,96.000000,96.000000,96.000000,96.000000,96.000000,5.0,1979.1183,1826.9964,7916.4733,8068.5952,PENDING_AG03,FALSE,NOT_FOR_ENFORCEMENT,9499.7679,139658.7858,9895.5916,9499.7679,395.8237,0.06109090,0.05864726,395.8237,9499.7679,0.05864726,395.8237,395.8237,395.8237,395.8237,395.8237,9499.7679,0.05864726,1979.1183,1826.9964,7916.4733,8068.5952,0.04887272,0.04981185,0.00244364,265.5433,248.2558,16.8867,471.2186,46.4582,7713.4018,27.9048,,265.5433,130.8798,132.8436,523.5191,526.6345,579.298,1056.2184,131.6586,0.0,4.360753,7.950843,1.998918,28,109,27,6,0E-8,0.06109090,,0E-8,0.000000,0.898115,0.919672,,2026-03-23,2026-06-16,21,213,160,86,0.244186,,,0.000000,,,,,,,,GLOBAL_BASELINE_NO_ENTITY_RANKING,,,NOT_APPLICABLE_GLOBAL_BASELINE,HF9g-P5,,,,X 全窗基线 · 不参与实体赏罚,15056859,1506,A168_HF9F_20260827_0900,2026-08-27 09:00:00
2026-03-21,146105613,1307,0,52.6634541960,-1.3165863549,-1.3165863549,0.5000000,2,2,0.50665070000000000,0.506650700000,-0.018812684590367487,-0.018812684590367487,-0.018812684590367487,0E-17,ELIGIBLE,R03b_20260811_FULL_v1,L1_ELIGIBILITY,v2026-08-11,2026-03-21..2026-08-06,baccarat_bet02_101_all_pairs_incl_sentinel,round_win = game_pnl > 0 (decisive only),COMPATIBILITY_ONLY_NOT_PRODUCTION,732117.8161,661229.4611,9899.8402,15172,15172,-0.01352220,,-0.01352220,-0.01352220,-9899.8402,732117.8161,OK,0.0000,395.9936,4.0000,96.0000,AG03-UNRESOLVED,ALL5_LEVELS_bet23_to_bet27,395.9936,395.9936,494.9920,494.9920,494.9920,4.000000,4.000000,5.000000,5.000000,5.000000,96.000000,96.000000,95.000000,95.000000,95.000000,5.0,2276.9632,2077.4141,7622.8770,7822.4261,PENDING_AG03,FALSE,NOT_FOR_ENFORCEMENT,9503.8466,634780.2826,9899.8402,9503.8466,395.9936,0.01352220,0.01298131,395.9936,9503.8466,0.01298131,395.9936,395.9936,494.9920,494.9920,494.9920,9503.8466,0.01298131,2276.9632,2077.4141,7622.8770,7822.4261,0.01041209,0.01068465,0.00054089,48.2545,43.5822,0.6525,899.9855,26.3996,66556.1651,1379.2727,,48.2545,52.3519,52.3519,52.3519,52.6635,78.5279,78.5279,52.3519,0.0,1.5,1.5,0.921734,8,96,3,1,0E-8,0.01352220,,0E-8,0.000000,0.903174,0.000000,,2026-03-21,2026-04-19,11,375,68,30,0.366667,,,0.000000,,,,,,,,GLOBAL_BASELINE_NO_ENTITY_RANKING,,,NOT_APPLICABLE_GLOBAL_BASELINE,HF9g-P5,,,,X 全窗基线 · 不参与实体赏罚,15056860,1506,A168_HF9F_20260827_0900,2026-08-27 09:00:00
2026-03-21,146105613,1374,0,52.6634541960,-1.3165863549,-1.3165863549,0.5000000,2,2,0.50665070000000000,0.506650700000,-0.018812684590367487,-0.018812684590367487,-0.018812684590367487,0E-17,ELIGIBLE,R03b_20260811_FULL_v1,L1_ELIGIBILITY,v2026-08-11,2026-03-21..2026-08-06,baccarat_bet02_101_all_pairs_incl_sentinel,round_win = game_pnl > 0 (decisive only),COMPATIBILITY_ONLY_NOT_PRODUCTION,732117.8161,661229.4611,9899.8402,15172,15172,-0.01352220,,-0.01352220,-0.01352220,-9899.8402,732117.8161,OK,0.0000,395.9936,4.0000,96.0000,AG03-UNRESOLVED,ALL5_LEVELS_bet23_to_bet27,395.9936,395.9936,494.9920,494.9920,494.9920,4.000000,4.000000,5.000000,5.000000,5.000000,96.000000,96.000000,95.000000,95.000000,95.000000,5.0,2276.9632,2077.4141,7622.8770,7822.4261,PENDING_AG03,FALSE,NOT_FOR_ENFORCEMENT,9503.8466,634780.2826,9899.8402,9503.8466,395.9936,0.01352220,0.01298131,395.9936,9503.8466,0.01298131,395.9936,395.9936,494.9920,494.9920,494.9920,9503.8466,0.01298131,2276.9632,2077.4141,7622.8770,7822.4261,0.01041209,0.01068465,0.00054089,48.2545,43.5822,0.6525,899.9855,26.3996,66556.1651,1379.2727,,48.2545,52.3519,52.3519,52.3519,52.6635,78.5279,78.5279,52.3519,0.0,1.5,1.5,0.921734,8,96,3,1,0E-8,0.01352220,,0E-8,0.000000,0.903174,0.000000,,2026-03-21,2026-04-19,11,375,68,30,0.366667,,,0.000000,,,,,,,,GLOBAL_BASELINE_NO_ENTITY_RANKING,,,NOT_APPLICABLE_GLOBAL_BASELINE,HF9g-P5,,,,X 全窗基线 · 不参与实体赏罚,15056861,1506,A168_HF9F_20260827_0900,2026-08-27 09:00:00
2026-03-21,146105613,1384,0,26.3317270980,25.0151407431,25.0151407431,1.0000000,1,1,0.50665070000000000,0.506650700000,0.9867858985152569,0.9867858985152569,0.9867858985152569,0E-17,ELIGIBLE,R03b_20260811_FULL_v1,L1_ELIGIBILITY,v2026-08-11,2026-03-21..2026-08-06,baccarat_bet02_101_all_pairs_incl_sentinel,round_win = game_pnl > 0 (decisive only),COMPATIBILITY_ONLY_NOT_PRODUCTION,732117.8161,661229.4611,9899.8402,15172,15172,-0.01352220,,-0.01352220,-0.01352220,-9899.8402,732117.8161,OK,0.0000,395.9936,4.0000,96.0000,AG03-UNRESOLVED,ALL5_LEVELS_bet23_to_bet27,395.9936,395.9936,494.9920,494.9920,494.9920,4.000000,4.000000,5.000000,5.000000,5.000000,96.000000,96.000000,95.000000,95.000000,95.000000,5.0,2276.9632,2077.4141,7622.8770,7822.4261,PENDING_AG03,FALSE,NOT_FOR_ENFORCEMENT,9503.8466,634780.2826,9899.8402,9503.8466,395.9936,0.01352220,0.01298131,395.9936,9503.8466,0.01298131,395.9936,395.9936,494.9920,494.9920,494.9920,9503.8466,0.01298131,2276.9632,2077.4141,7622.8770,7822.4261,0.01041209,0.01068465,0.00054089,48.2545,43.5822,0.6525,899.9855,26.3996,66556.1651,1379.2727,,48.2545,52.3519,52.3519,52.3519,52.6635,78.5279,78.5279,52.3519,0.0,1.5,1.5,0.921734,8,96,3,1,0E-8,0.01352220,,0E-8,0.000000,0.903174,0.000000,,2026-03-21,2026-04-19,11,375,68,30,0.366667,,,0.000000,,,,,,,,GLOBAL_BASELINE_NO_ENTITY_RANKING,,,NOT_APPLICABLE_GLOBAL_BASELINE,HF9g-P5,,,,X 全窗基线 · 不参与实体赏罚,15056862,1506,A168_HF9F_20260827_0900,2026-08-27 09:00:00
2026-03-21,146105613,2220,0,78.9951812940,-78.9951812940,-78.9951812940,0E-7,3,3,0.50665070000000000,0.506650700000,-1.7552447903592512,-1.7552447903592512,-1.7552447903592512,0E-17,ELIGIBLE,R03b_20260811_FULL_v1,L1_ELIGIBILITY,v2026-08-11,2026-03-21..2026-08-06,baccarat_bet02_101_all_pairs_incl_sentinel,round_win = game_pnl > 0 (decisive only),COMPATIBILITY_ONLY_NOT_PRODUCTION,732117.8161,661229.4611,9899.8402,15172,15172,-0.01352220,,-0.01352220,-0.01352220,-9899.8402,732117.8161,OK,0.0000,395.9936,4.0000,96.0000,AG03-UNRESOLVED,ALL5_LEVELS_bet23_to_bet27,395.9936,395.9936,494.9920,494.9920,494.9920,4.000000,4.000000,5.000000,5.000000,5.000000,96.000000,96.000000,95.000000,95.000000,95.000000,5.0,2276.9632,2077.4141,7622.8770,7822.4261,PENDING_AG03,FALSE,NOT_FOR_ENFORCEMENT,9503.8466,634780.2826,9899.8402,9503.8466,395.9936,0.01352220,0.01298131,395.9936,9503.8466,0.01298131,395.9936,395.9936,494.9920,494.9920,494.9920,9503.8466,0.01298131,2276.9632,2077.4141,7622.8770,7822.4261,0.01041209,0.01068465,0.00054089,48.2545,43.5822,0.6525,899.9855,26.3996,66556.1651,1379.2727,,48.2545,52.3519,52.3519,52.3519,52.6635,78.5279,78.5279,52.3519,0.0,1.5,1.5,0.921734,8,96,3,1,0E-8,0.01352220,,0E-8,0.000000,0.903174,0.000000,,2026-03-21,2026-04-19,11,375,68,30,0.366667,,,0.000000,,,,,,,,GLOBAL_BASELINE_NO_ENTITY_RANKING,,,NOT_APPLICABLE_GLOBAL_BASELINE,HF9g-P5,,,,X 全窗基线 · 不参与实体赏罚,15056863,1506,A168_HF9F_20260827_0900,2026-08-27 09:00:00
2026-03-21,146105613,2244,0,52.6634541960,-1.3165863549,-1.3165863549,0.5000000,2,2,0.50665070000000000,0.506650700000,-0.018812684590367487,-0.018812684590367487,-0.018812684590367487,0E-17,ELIGIBLE,R03b_20260811_FULL_v1,L1_ELIGIBILITY,v2026-08-11,2026-03-21..2026-08-06,baccarat_bet02_101_all_pairs_incl_sentinel,round_win = game_pnl > 0 (decisive only),COMPATIBILITY_ONLY_NOT_PRODUCTION,732117.8161,661229.4611,9899.8402,15172,15172,-0.01352220,,-0.01352220,-0.01352220,-9899.8402,732117.8161,OK,0.0000,395.9936,4.0000,96.0000,AG03-UNRESOLVED,ALL5_LEVELS_bet23_to_bet27,395.9936,395.9936,494.9920,494.9920,494.9920,4.000000,4.000000,5.000000,5.000000,5.000000,96.000000,96.000000,95.000000,95.000000,95.000000,5.0,2276.9632,2077.4141,7622.8770,7822.4261,PENDING_AG03,FALSE,NOT_FOR_ENFORCEMENT,9503.8466,634780.2826,9899.8402,9503.8466,395.9936,0.01352220,0.01298131,395.9936,9503.8466,0.01298131,395.9936,395.9936,494.9920,494.9920,494.9920,9503.8466,0.01298131,2276.9632,2077.4141,7622.8770,7822.4261,0.01041209,0.01068465,0.00054089,48.2545,43.5822,0.6525,899.9855,26.3996,66556.1651,1379.2727,,48.2545,52.3519,52.3519,52.3519,52.6635,78.5279,78.5279,52.3519,0.0,1.5,1.5,0.921734,8,96,3,1,0E-8,0.01352220,,0E-8,0.000000,0.903174,0.000000,,2026-03-21,2026-04-19,11,375,68,30,0.366667,,,0.000000,,,,,,,,GLOBAL_BASELINE_NO_ENTITY_RANKING,,,NOT_APPLICABLE_GLOBAL_BASELINE,HF9g-P5,,,,X 全窗基线 · 不参与实体赏罚,15056864,1506,A168_HF9F_20260827_0900,2026-08-27 09:00:00
2026-03-21,146105613,970,0,52.6634541960,-52.6634541960,-52.6634541960,0E-7,2,2,0.50665070000000000,0.506650700000,-1.4331513700195317,-1.4331513700195317,-1.4331513700195317,0E-17,ELIGIBLE,R03b_20260811_FULL_v1,L1_ELIGIBILITY,v2026-08-11,2026-03-21..2026-08-06,baccarat_bet02_101_all_pairs_incl_sentinel,round_win = game_pnl > 0 (decisive only),COMPATIBILITY_ONLY_NOT_PRODUCTION,732117.8161,661229.4611,9899.8402,15172,15172,-0.01352220,,-0.01352220,-0.01352220,-9899.8402,732117.8161,OK,0.0000,395.9936,4.0000,96.0000,AG03-UNRESOLVED,ALL5_LEVELS_bet23_to_bet27,395.9936,395.9936,494.9920,494.9920,494.9920,4.000000,4.000000,5.000000,5.000000,5.000000,96.000000,96.000000,95.000000,95.000000,95.000000,5.0,2276.9632,2077.4141,7622.8770,7822.4261,PENDING_AG03,FALSE,NOT_FOR_ENFORCEMENT,9503.8466,634780.2826,9899.8402,9503.8466,395.9936,0.01352220,0.01298131,395.9936,9503.8466,0.01298131,395.9936,395.9936,494.9920,494.9920,494.9920,9503.8466,0.01298131,2276.9632,2077.4141,7622.8770,7822.4261,0.01041209,0.01068465,0.00054089,48.2545,43.5822,0.6525,899.9855,26.3996,66556.1651,1379.2727,,48.2545,52.3519,52.3519,52.3519,52.6635,78.5279,78.5279,52.3519,0.0,1.5,1.5,0.921734,8,96,3,1,0E-8,0.01352220,,0E-8,0.000000,0.903174,0.000000,,2026-03-21,2026-04-19,11,375,68,30,0.366667,,,0.000000,,,,,,,,GLOBAL_BASELINE_NO_ENTITY_RANKING,,,NOT_APPLICABLE_GLOBAL_BASELINE,HF9g-P5,,,,X 全窗基线 · 不参与实体赏罚,15056865,1506,A168_HF9F_20260827_0900,2026-08-27 09:00:00
2026-03-26,146105613,1384,0,526.6345419600,-113.2264265214,-113.2264265214,0.3750000,20,20,0.50665070000000000,0.506650700000,-1.0532987827461195,-1.0532987827461195,-1.0532987827461195,0E-17,ELIGIBLE,R03b_20260811_FULL_v1,L1_ELIGIBILITY,v2026-08-11,2026-03-21..2026-08-06,baccarat_bet02_101_all_pairs_incl_sentinel,round_win = game_pnl > 0 (decisive only),COMPATIBILITY_ONLY_NOT_PRODUCTION,732117.8161,661229.4611,9899.8402,15172,15172,-0.01352220,,-0.01352220,-0.01352220,-9899.8402,732117.8161,OK,0.0000,395.9936,4.0000,96.0000,AG03-UNRESOLVED,ALL5_LEVELS_bet23_to_bet27,395.9936,395.9936,494.9920,494.9920,494.9920,4.000000,4.000000,5.000000,5.000000,5.000000,96.000000,96.000000,95.000000,95.000000,95.000000,5.0,2276.9632,2077.4141,7622.8770,7822.4261,PENDING_AG03,FALSE,NOT_FOR_ENFORCEMENT,9503.8466,634780.2826,9899.8402,9503.8466,395.9936,0.01352220,0.01298131,395.9936,9503.8466,0.01298131,395.9936,395.9936,494.9920,494.9920,494.9920,9503.8466,0.01298131,2276.9632,2077.4141,7622.8770,7822.4261,0.01041209,0.01068465,0.00054089,48.2545,43.5822,0.6525,899.9855,26.3996,66556.1651,1379.2727,,48.2545,52.3519,52.3519,52.3519,52.6635,78.5279,78.5279,52.3519,0.0,1.5,1.5,0.921734,8,96,3,1,0E-8,0.01352220,,0E-8,0.000000,0.903174,0.000000,,2026-03-21,2026-04-19,11,375,68,30,0.366667,,,0.000000,,,,,,,,GLOBAL_BASELINE_NO_ENTITY_RANKING,,,NOT_APPLICABLE_GLOBAL_BASELINE,HF9g-P5,,,,X 全窗基线 · 不参与实体赏罚,15056866,1506,A168_HF9F_20260827_0900,2026-08-27 09:00:00
2026-03-26,146105613,1509,0,210.6538167840,-56.6132132607,-56.6132132607,0.3750000,8,8,0.50665070000000000,0.506650700000,-0.7447947118953172,-0.7447947118953172,-0.7447947118953172,0E-17,ELIGIBLE,R03b_20260811_FULL_v1,L1_ELIGIBILITY,v2026-08-11,2026-03-21..2026-08-06,baccarat_bet02_101_all_pairs_incl_sentinel,round_win = game_pnl > 0 (decisive only),COMPATIBILITY_ONLY_NOT_PRODUCTION,732117.8161,661229.4611,9899.8402,15172,15172,-0.01352220,,-0.01352220,-0.01352220,-9899.8402,732117.8161,OK,0.0000,395.9936,4.0000,96.0000,AG03-UNRESOLVED,ALL5_LEVELS_bet23_to_bet27,395.9936,395.9936,494.9920,494.9920,494.9920,4.000000,4.000000,5.000000,5.000000,5.000000,96.000000,96.000000,95.000000,95.000000,95.000000,5.0,2276.9632,2077.4141,7622.8770,7822.4261,PENDING_AG03,FALSE,NOT_FOR_ENFORCEMENT,9503.8466,634780.2826,9899.8402,9503.8466,395.9936,0.01352220,0.01298131,395.9936,9503.8466,0.01298131,395.9936,395.9936,494.9920,494.9920,494.9920,9503.8466,0.01298131,2276.9632,2077.4141,7622.8770,7822.4261,0.01041209,0.01068465,0.00054089,48.2545,43.5822,0.6525,899.9855,26.3996,66556.1651,1379.2727,,48.2545,52.3519,52.3519,52.3519,52.6635,78.5279,78.5279,52.3519,0.0,1.5,1.5,0.921734,8,96,3,1,0E-8,0.01352220,,0E-8,0.000000,0.903174,0.000000,,2026-03-21,2026-04-19,11,375,68,30,0.366667,,,0.000000,,,,,,,,GLOBAL_BASELINE_NO_ENTITY_RANKING,,,NOT_APPLICABLE_GLOBAL_BASELINE,HF9g-P5,,,,X 全窗基线 · 不参与实体赏罚,15056867,1506,A168_HF9F_20260827_0900,2026-08-27 09:00:00
2026-03-26,146105613,2093,0,605.6297232540,10.5326908392,10.5326908392,0.5217391,23,23,0.50665070000000000,0.506650700000,0.14473594506505763,0.14473594506505763,0.14473594506505763,0E-17,ELIGIBLE,R03b_20260811_FULL_v1,L1_ELIGIBILITY,v2026-08-11,2026-03-21..2026-08-06,baccarat_bet02_101_all_pairs_incl_sentinel,round_win = game_pnl > 0 (decisive only),COMPATIBILITY_ONLY_NOT_PRODUCTION,732117.8161,661229.4611,9899.8402,15172,15172,-0.01352220,,-0.01352220,-0.01352220,-9899.8402,732117.8161,OK,0.0000,395.9936,4.0000,96.0000,AG03-UNRESOLVED,ALL5_LEVELS_bet23_to_bet27,395.9936,395.9936,494.9920,494.9920,494.9920,4.000000,4.000000,5.000000,5.000000,5.000000,96.000000,96.000000,95.000000,95.000000,95.000000,5.0,2276.9632,2077.4141,7622.8770,7822.4261,PENDING_AG03,FALSE,NOT_FOR_ENFORCEMENT,9503.8466,634780.2826,9899.8402,9503.8466,395.9936,0.01352220,0.01298131,395.9936,9503.8466,0.01298131,395.9936,395.9936,494.9920,494.9920,494.9920,9503.8466,0.01298131,2276.9632,2077.4141,7622.8770,7822.4261,0.01041209,0.01068465,0.00054089,48.2545,43.5822,0.6525,899.9855,26.3996,66556.1651,1379.2727,,48.2545,52.3519,52.3519,52.3519,52.6635,78.5279,78.5279,52.3519,0.0,1.5,1.5,0.921734,8,96,3,1,0E-8,0.01352220,,0E-8,0.000000,0.903174,0.000000,,2026-03-21,2026-04-19,11,375,68,30,0.366667,,,0.000000,,,,,,,,GLOBAL_BASELINE_NO_ENTITY_RANKING,,,NOT_APPLICABLE_GLOBAL_BASELINE,HF9g-P5,,,,X 全窗基线 · 不参与实体赏罚,15056868,1506,A168_HF9F_20260827_0900,2026-08-27 09:00:00
2026-03-26,146105613,2117,0,315.9807251760,-84.2615267136,-84.2615267136,0.3636364,12,12,0.50665070000000000,0.506650700000,-0.9487337188524743,-0.9487337188524743,-0.9487337188524743,0E-17,ELIGIBLE,R03b_20260811_FULL_v1,L1_ELIGIBILITY,v2026-08-11,2026-03-21..2026-08-06,baccarat_bet02_101_all_pairs_incl_sentinel,round_win = game_pnl > 0 (decisive only),COMPATIBILITY_ONLY_NOT_PRODUCTION,732117.8161,661229.4611,9899.8402,15172,15172,-0.01352220,,-0.01352220,-0.01352220,-9899.8402,732117.8161,OK,0.0000,395.9936,4.0000,96.0000,AG03-UNRESOLVED,ALL5_LEVELS_bet23_to_bet27,395.9936,395.9936,494.9920,494.9920,494.9920,4.000000,4.000000,5.000000,5.000000,5.000000,96.000000,96.000000,95.000000,95.000000,95.000000,5.0,2276.9632,2077.4141,7622.8770,7822.4261,PENDING_AG03,FALSE,NOT_FOR_ENFORCEMENT,9503.8466,634780.2826,9899.8402,9503.8466,395.9936,0.01352220,0.01298131,395.9936,9503.8466,0.01298131,395.9936,395.9936,494.9920,494.9920,494.9920,9503.8466,0.01298131,2276.9632,2077.4141,7622.8770,7822.4261,0.01041209,0.01068465,0.00054089,48.2545,43.5822,0.6525,899.9855,26.3996,66556.1651,1379.2727,,48.2545,52.3519,52.3519,52.3519,52.6635,78.5279,78.5279,52.3519,0.0,1.5,1.5,0.921734,8,96,3,1,0E-8,0.01352220,,0E-8,0.000000,0.903174,0.000000,,2026-03-21,2026-04-19,11,375,68,30,0.366667,,,0.000000,,,,,,,,GLOBAL_BASELINE_NO_ENTITY_RANKING,,,NOT_APPLICABLE_GLOBAL_BASELINE,HF9g-P5,,,,X 全窗基线 · 不参与实体赏罚,15056869,1506,A168_HF9F_20260827_0900,2026-08-27 09:00:00
2026-03-26,146105613,2141,0,289.6489980780,-84.2615267136,-84.2615267136,0.3636364,11,11,0.50665070000000000,0.506650700000,-0.9487337188524743,-0.9487337188524743,-0.9487337188524743,0E-17,ELIGIBLE,R03b_20260811_FULL_v1,L1_ELIGIBILITY,v2026-08-11,2026-03-21..2026-08-06,baccarat_bet02_101_all_pairs_incl_sentinel,round_win = game_pnl > 0 (decisive only),COMPATIBILITY_ONLY_NOT_PRODUCTION,732117.8161,661229.4611,9899.8402,15172,15172,-0.01352220,,-0.01352220,-0.01352220,-9899.8402,732117.8161,OK,0.0000,395.9936,4.0000,96.0000,AG03-UNRESOLVED,ALL5_LEVELS_bet23_to_bet27,395.9936,395.9936,494.9920,494.9920,494.9920,4.000000,4.000000,5.000000,5.000000,5.000000,96.000000,96.000000,95.000000,95.000000,95.000000,5.0,2276.9632,2077.4141,7622.8770,7822.4261,PENDING_AG03,FALSE,NOT_FOR_ENFORCEMENT,9503.8466,634780.2826,9899.8402,9503.8466,395.9936,0.01352220,0.01298131,395.9936,9503.8466,0.01298131,395.9936,395.9936,494.9920,494.9920,494.9920,9503.8466,0.01298131,2276.9632,2077.4141,7622.8770,7822.4261,0.01041209,0.01068465,0.00054089,48.2545,43.5822,0.6525,899.9855,26.3996,66556.1651,1379.2727,,48.2545,52.3519,52.3519,52.3519,52.6635,78.5279,78.5279,52.3519,0.0,1.5,1.5,0.921734,8,96,3,1,0E-8,0.01352220,,0E-8,0.000000,0.903174,0.000000,,2026-03-21,2026-04-19,11,375,68,30,0.366667,,,0.000000,,,,,,,,GLOBAL_BASELINE_NO_ENTITY_RANKING,,,NOT_APPLICABLE_GLOBAL_BASELINE,HF9g-P5,,,,X 全窗基线 · 不参与实体赏罚,15056870,1506,A168_HF9F_20260827_0900,2026-08-27 09:00:00
2026-03-26,146105613,2171,0,263.3172709800,71.0956631646,71.0956631646,0.6666667,10,10,0.50665070000000000,0.506650700000,0.9601807448229117,0.9601807448229117,0.9601807448229117,0E-17,ELIGIBLE,R03b_20260811_FULL_v1,L1_ELIGIBILITY,v2026-08-11,2026-03-21..2026-08-06,baccarat_bet02_101_all_pairs_incl_sentinel,round_win = game_pnl > 0 (decisive only),COMPATIBILITY_ONLY_NOT_PRODUCTION,732117.8161,661229.4611,9899.8402,15172,15172,-0.01352220,,-0.01352220,-0.01352220,-9899.8402,732117.8161,OK,0.0000,395.9936,4.0000,96.0000,AG03-UNRESOLVED,ALL5_LEVELS_bet23_to_bet27,395.9936,395.9936,494.9920,494.9920,494.9920,4.000000,4.000000,5.000000,5.000000,5.000000,96.000000,96.000000,95.000000,95.000000,95.000000,5.0,2276.9632,2077.4141,7622.8770,7822.4261,PENDING_AG03,FALSE,NOT_FOR_ENFORCEMENT,9503.8466,634780.2826,9899.8402,9503.8466,395.9936,0.01352220,0.01298131,395.9936,9503.8466,0.01298131,395.9936,395.9936,494.9920,494.9920,494.9920,9503.8466,0.01298131,2276.9632,2077.4141,7622.8770,7822.4261,0.01041209,0.01068465,0.00054089,48.2545,43.5822,0.6525,899.9855,26.3996,66556.1651,1379.2727,,48.2545,52.3519,52.3519,52.3519,52.6635,78.5279,78.5279,52.3519,0.0,1.5,1.5,0.921734,8,96,3,1,0E-8,0.01352220,,0E-8,0.000000,0.903174,0.000000,,2026-03-21,2026-04-19,11,375,68,30,0.366667,,,0.000000,,,,,,,,GLOBAL_BASELINE_NO_ENTITY_RANKING,,,NOT_APPLICABLE_GLOBAL_BASELINE,HF9g-P5,,,,X 全窗基线 · 不参与实体赏罚,15056871,1506,A168_HF9F_20260827_0900,2026-08-27 09:00:00
2026-03-26,146105613,2177,0,263.3172709800,19.7487953235,19.7487953235,0.5555556,10,10,0.50665070000000000,0.506650700000,0.2934550945819589,0.2934550945819589,0.2934550945819589,0E-17,ELIGIBLE,R03b_20260811_FULL_v1,L1_ELIGIBILITY,v2026-08-11,2026-03-21..2026-08-06,baccarat_bet02_101_all_pairs_incl_sentinel,round_win = game_pnl > 0 (decisive only),COMPATIBILITY_ONLY_NOT_PRODUCTION,732117.8161,661229.4611,9899.8402,15172,15172,-0.01352220,,-0.01352220,-0.01352220,-9899.8402,732117.8161,OK,0.0000,395.9936,4.0000,96.0000,AG03-UNRESOLVED,ALL5_LEVELS_bet23_to_bet27,395.9936,395.9936,494.9920,494.9920,494.9920,4.000000,4.000000,5.000000,5.000000,5.000000,96.000000,96.000000,95.000000,95.000000,95.000000,5.0,2276.9632,2077.4141,7622.8770,7822.4261,PENDING_AG03,FALSE,NOT_FOR_ENFORCEMENT,9503.8466,634780.2826,9899.8402,9503.8466,395.9936,0.01352220,0.01298131,395.9936,9503.8466,0.01298131,395.9936,395.9936,494.9920,494.9920,494.9920,9503.8466,0.01298131,2276.9632,2077.4141,7622.8770,7822.4261,0.01041209,0.01068465,0.00054089,48.2545,43.5822,0.6525,899.9855,26.3996,66556.1651,1379.2727,,48.2545,52.3519,52.3519,52.3519,52.6635,78.5279,78.5279,52.3519,0.0,1.5,1.5,0.921734,8,96,3,1,0E-8,0.01352220,,0E-8,0.000000,0.903174,0.000000,,2026-03-21,2026-04-19,11,375,68,30,0.366667,,,0.000000,,,,,,,,GLOBAL_BASELINE_NO_ENTITY_RANKING,,,NOT_APPLICABLE_GLOBAL_BASELINE,HF9g-P5,,,,X 全窗基线 · 不参与实体赏罚,15056872,1506,A168_HF9F_20260827_0900,2026-08-27 09:00:00
2026-03-26,146105613,2244,0,210.6538167840,-5.2663454196,-5.2663454196,0.5000000,8,8,0.50665070000000000,0.506650700000,-0.037625369180734974,-0.037625369180734974,-0.037625369180734974,0E-17,ELIGIBLE,R03b_20260811_FULL_v1,L1_ELIGIBILITY,v2026-08-11,2026-03-21..2026-08-06,baccarat_bet02_101_all_pairs_incl_sentinel,round_win = game_pnl > 0 (decisive only),COMPATIBILITY_ONLY_NOT_PRODUCTION,732117.8161,661229.4611,9899.8402,15172,15172,-0.01352220,,-0.01352220,-0.01352220,-9899.8402,732117.8161,OK,0.0000,395.9936,4.0000,96.0000,AG03-UNRESOLVED,ALL5_LEVELS_bet23_to_bet27,395.9936,395.9936,494.9920,494.9920,494.9920,4.000000,4.000000,5.000000,5.000000,5.000000,96.000000,96.000000,95.000000,95.000000,95.000000,5.0,2276.9632,2077.4141,7622.8770,7822.4261,PENDING_AG03,FALSE,NOT_FOR_ENFORCEMENT,9503.8466,634780.2826,9899.8402,9503.8466,395.9936,0.01352220,0.01298131,395.9936,9503.8466,0.01298131,395.9936,395.9936,494.9920,494.9920,494.9920,9503.8466,0.01298131,2276.9632,2077.4141,7622.8770,7822.4261,0.01041209,0.01068465,0.00054089,48.2545,43.5822,0.6525,899.9855,26.3996,66556.1651,1379.2727,,48.2545,52.3519,52.3519,52.3519,52.6635,78.5279,78.5279,52.3519,0.0,1.5,1.5,0.921734,8,96,3,1,0E-8,0.01352220,,0E-8,0.000000,0.903174,0.000000,,2026-03-21,2026-04-19,11,375,68,30,0.366667,,,0.000000,,,,,,,,GLOBAL_BASELINE_NO_ENTITY_RANKING,,,NOT_APPLICABLE_GLOBAL_BASELINE,HF9g-P5,,,,X 全窗基线 · 不参与实体赏罚,15056873,1506,A168_HF9F_20260827_0900,2026-08-27 09:00:00
2026-03-26,146105613,2248,0,368.6441793720,119.8093582959,119.8093582959,0.6923077,14,14,0.50665070000000000,0.506650700000,1.3389100608992626,1.3389100608992626,1.3389100608992626,0E-17,ELIGIBLE,R03b_20260811_FULL_v1,L1_ELIGIBILITY,v2026-08-11,2026-03-21..2026-08-06,baccarat_bet02_101_all_pairs_incl_sentinel,round_win = game_pnl > 0 (decisive only),COMPATIBILITY_ONLY_NOT_PRODUCTION,732117.8161,661229.4611,9899.8402,15172,15172,-0.01352220,,-0.01352220,-0.01352220,-9899.8402,732117.8161,OK,0.0000,395.9936,4.0000,96.0000,AG03-UNRESOLVED,ALL5_LEVELS_bet23_to_bet27,395.9936,395.9936,494.9920,494.9920,494.9920,4.000000,4.000000,5.000000,5.000000,5.000000,96.000000,96.000000,95.000000,95.000000,95.000000,5.0,2276.9632,2077.4141,7622.8770,7822.4261,PENDING_AG03,FALSE,NOT_FOR_ENFORCEMENT,9503.8466,634780.2826,9899.8402,9503.8466,395.9936,0.01352220,0.01298131,395.9936,9503.8466,0.01298131,395.9936,395.9936,494.9920,494.9920,494.9920,9503.8466,0.01298131,2276.9632,2077.4141,7622.8770,7822.4261,0.01041209,0.01068465,0.00054089,48.2545,43.5822,0.6525,899.9855,26.3996,66556.1651,1379.2727,,48.2545,52.3519,52.3519,52.3519,52.6635,78.5279,78.5279,52.3519,0.0,1.5,1.5,0.921734,8,96,3,1,0E-8,0.01352220,,0E-8,0.000000,0.903174,0.000000,,2026-03-21,2026-04-19,11,375,68,30,0.366667,,,0.000000,,,,,,,,GLOBAL_BASELINE_NO_ENTITY_RANKING,,,NOT_APPLICABLE_GLOBAL_BASELINE,HF9g-P5,,,,X 全窗基线 · 不参与实体赏罚,15056874,1506,A168_HF9F_20260827_0900,2026-08-27 09:00:00
2026-03-26,146105613,986,0,368.6441793720,-7.8995181294,-7.8995181294,0.5000000,14,14,0.50665070000000000,0.506650700000,-0.04608147793832031,-0.04608147793832031,-0.04608147793832031,0E-17,ELIGIBLE,R03b_20260811_FULL_v1,L1_ELIGIBILITY,v2026-08-11,2026-03-21..2026-08-06,baccarat_bet02_101_all_pairs_incl_sentinel,round_win = game_pnl > 0 (decisive only),COMPATIBILITY_ONLY_NOT_PRODUCTION,732117.8161,661229.4611,9899.8402,15172,15172,-0.01352220,,-0.01352220,-0.01352220,-9899.8402,732117.8161,OK,0.0000,395.9936,4.0000,96.0000,AG03-UNRESOLVED,ALL5_LEVELS_bet23_to_bet27,395.9936,395.9936,494.9920,494.9920,494.9920,4.000000,4.000000,5.000000,5.000000,5.000000,96.000000,96.000000,95.000000,95.000000,95.000000,5.0,2276.9632,2077.4141,7622.8770,7822.4261,PENDING_AG03,FALSE,NOT_FOR_ENFORCEMENT,9503.8466,634780.2826,9899.8402,9503.8466,395.9936,0.01352220,0.01298131,395.9936,9503.8466,0.01298131,395.9936,395.9936,494.9920,494.9920,494.9920,9503.8466,0.01298131,2276.9632,2077.4141,7622.8770,7822.4261,0.01041209,0.01068465,0.00054089,48.2545,43.5822,0.6525,899.9855,26.3996,66556.1651,1379.2727,,48.2545,52.3519,52.3519,52.3519,52.6635,78.5279,78.5279,52.3519,0.0,1.5,1.5,0.921734,8,96,3,1,0E-8,0.01352220,,0E-8,0.000000,0.903174,0.000000,,2026-03-21,2026-04-19,11,375,68,30,0.366667,,,0.000000,,,,,,,,GLOBAL_BASELINE_NO_ENTITY_RANKING,,,NOT_APPLICABLE_GLOBAL_BASELINE,HF9g-P5,,,,X 全窗基线 · 不参与实体赏罚,15056875,1506,A168_HF9F_20260827_0900,2026-08-27 09:00:00
2026-03-27,146105613,1210,0,8531.4795797520,876.8465123634,876.8465123634,0.5686275,162,162,0.50665070000000000,0.506650700000,1.5333557959549275,1.5333557959549275,1.5333557959549275,0E-17,ELIGIBLE,R03b_20260811_FULL_v1,L1_ELIGIBILITY,v2026-08-11,2026-03-21..2026-08-06,baccarat_bet02_101_all_pairs_incl_sentinel,round_win = game_pnl > 0 (decisive only),COMPATIBILITY_ONLY_NOT_PRODUCTION,732117.8161,661229.4611,9899.8402,15172,15172,-0.01352220,,-0.01352220,-0.01352220,-9899.8402,732117.8161,OK,0.0000,395.9936,4.0000,96.0000,AG03-UNRESOLVED,ALL5_LEVELS_bet23_to_bet27,395.9936,395.9936,494.9920,494.9920,494.9920,4.000000,4.000000,5.000000,5.000000,5.000000,96.000000,96.000000,95.000000,95.000000,95.000000,5.0,2276.9632,2077.4141,7622.8770,7822.4261,PENDING_AG03,FALSE,NOT_FOR_ENFORCEMENT,9503.8466,634780.2826,9899.8402,9503.8466,395.9936,0.01352220,0.01298131,395.9936,9503.8466,0.01298131,395.9936,395.9936,494.9920,494.9920,494.9920,9503.8466,0.01298131,2276.9632,2077.4141,7622.8770,7822.4261,0.01041209,0.01068465,0.00054089,48.2545,43.5822,0.6525,899.9855,26.3996,66556.1651,1379.2727,,48.2545,52.3519,52.3519,52.3519,52.6635,78.5279,78.5279,52.3519,0.0,1.5,1.5,0.921734,8,96,3,1,0E-8,0.01352220,,0E-8,0.000000,0.903174,0.000000,,2026-03-21,2026-04-19,11,375,68,30,0.366667,,,0.000000,,,,,,,,GLOBAL_BASELINE_NO_ENTITY_RANKING,,,NOT_APPLICABLE_GLOBAL_BASELINE,HF9g-P5,,,,X 全窗基线 · 不参与实体赏罚,15056876,1506,A168_HF9F_20260827_0900,2026-08-27 09:00:00
2026-03-27,146105613,1306,0,3370.4610685440,-181.6889169762,-181.6889169762,0.4833333,64,64,0.50665070000000000,0.506650700000,-0.36126305116099316,-0.3612630511609932,-0.36126305116099316,0E-17,ELIGIBLE,R03b_20260811_FULL_v1,L1_ELIGIBILITY,v2026-08-11,2026-03-21..2026-08-06,baccarat_bet02_101_all_pairs_incl_sentinel,round_win = game_pnl > 0 (decisive only),COMPATIBILITY_ONLY_NOT_PRODUCTION,732117.8161,661229.4611,9899.8402,15172,15172,-0.01352220,,-0.01352220,-0.01352220,-9899.8402,732117.8161,OK,0.0000,395.9936,4.0000,96.0000,AG03-UNRESOLVED,ALL5_LEVELS_bet23_to_bet27,395.9936,395.9936,494.9920,494.9920,494.9920,4.000000,4.000000,5.000000,5.000000,5.000000,96.000000,96.000000,95.000000,95.000000,95.000000,5.0,2276.9632,2077.4141,7622.8770,7822.4261,PENDING_AG03,FALSE,NOT_FOR_ENFORCEMENT,9503.8466,634780.2826,9899.8402,9503.8466,395.9936,0.01352220,0.01298131,395.9936,9503.8466,0.01298131,395.9936,395.9936,494.9920,494.9920,494.9920,9503.8466,0.01298131,2276.9632,2077.4141,7622.8770,7822.4261,0.01041209,0.01068465,0.00054089,48.2545,43.5822,0.6525,899.9855,26.3996,66556.1651,1379.2727,,48.2545,52.3519,52.3519,52.3519,52.6635,78.5279,78.5279,52.3519,0.0,1.5,1.5,0.921734,8,96,3,1,0E-8,0.01352220,,0E-8,0.000000,0.903174,0.000000,,2026-03-21,2026-04-19,11,375,68,30,0.366667,,,0.000000,,,,,,,,GLOBAL_BASELINE_NO_ENTITY_RANKING,,,NOT_APPLICABLE_GLOBAL_BASELINE,HF9g-P5,,,,X 全窗基线 · 不参与实体赏罚,15056877,1506,A168_HF9F_20260827_0900,2026-08-27 09:00:00
2026-03-27,146105613,1400,0,2896.4899807800,-323.8802433054,-323.8802433054,0.4509804,55,55,0.50665070000000000,0.506650700000,-0.7952013876194055,-0.7952013876194055,-0.7952013876194055,0E-17,ELIGIBLE,R03b_20260811_FULL_v1,L1_ELIGIBILITY,v2026-08-11,2026-03-21..2026-08-06,baccarat_bet02_101_all_pairs_incl_sentinel,round_win = game_pnl > 0 (decisive only),COMPATIBILITY_ONLY_NOT_PRODUCTION,732117.8161,661229.4611,9899.8402,15172,15172,-0.01352220,,-0.01352220,-0.01352220,-9899.8402,732117.8161,OK,0.0000,395.9936,4.0000,96.0000,AG03-UNRESOLVED,ALL5_LEVELS_bet23_to_bet27,395.9936,395.9936,494.9920,494.9920,494.9920,4.000000,4.000000,5.000000,5.000000,5.000000,96.000000,96.000000,95.000000,95.000000,95.000000,5.0,2276.9632,2077.4141,7622.8770,7822.4261,PENDING_AG03,FALSE,NOT_FOR_ENFORCEMENT,9503.8466,634780.2826,9899.8402,9503.8466,395.9936,0.01352220,0.01298131,395.9936,9503.8466,0.01298131,395.9936,395.9936,494.9920,494.9920,494.9920,9503.8466,0.01298131,2276.9632,2077.4141,7622.8770,7822.4261,0.01041209,0.01068465,0.00054089,48.2545,43.5822,0.6525,899.9855,26.3996,66556.1651,1379.2727,,48.2545,52.3519,52.3519,52.3519,52.6635,78.5279,78.5279,52.3519,0.0,1.5,1.5,0.921734,8,96,3,1,0E-8,0.01352220,,0E-8,0.000000,0.903174,0.000000,,2026-03-21,2026-04-19,11,375,68,30,0.366667,,,0.000000,,,,,,,,GLOBAL_BASELINE_NO_ENTITY_RANKING,,,NOT_APPLICABLE_GLOBAL_BASELINE,HF9g-P5,,,,X 全窗基线 · 不参与实体赏罚,15056878,1506,A168_HF9F_20260827_0900,2026-08-27 09:00:00
2026-03-27,146105613,1401,0,7004.2394080680,197.4879532350,197.4879532350,0.5284553,133,133,0.50665070000000000,0.506650700000,0.48369187300818156,0.48369187300818167,0.48369187300818156,0E-17,ELIGIBLE,R03b_20260811_FULL_v1,L1_ELIGIBILITY,v2026-08-11,2026-03-21..2026-08-06,baccarat_bet02_101_all_pairs_incl_sentinel,round_win = game_pnl > 0 (decisive only),COMPATIBILITY_ONLY_NOT_PRODUCTION,732117.8161,661229.4611,9899.8402,15172,15172,-0.01352220,,-0.01352220,-0.01352220,-9899.8402,732117.8161,OK,0.0000,395.9936,4.0000,96.0000,AG03-UNRESOLVED,ALL5_LEVELS_bet23_to_bet27,395.9936,395.9936,494.9920,494.9920,494.9920,4.000000,4.000000,5.000000,5.000000,5.000000,96.000000,96.000000,95.000000,95.000000,95.000000,5.0,2276.9632,2077.4141,7622.8770,7822.4261,PENDING_AG03,FALSE,NOT_FOR_ENFORCEMENT,9503.8466,634780.2826,9899.8402,9503.8466,395.9936,0.01352220,0.01298131,395.9936,9503.8466,0.01298131,395.9936,395.9936,494.9920,494.9920,494.9920,9503.8466,0.01298131,2276.9632,2077.4141,7622.8770,7822.4261,0.01041209,0.01068465,0.00054089,48.2545,43.5822,0.6525,899.9855,26.3996,66556.1651,1379.2727,,48.2545,52.3519,52.3519,52.3519,52.6635,78.5279,78.5279,52.3519,0.0,1.5,1.5,0.921734,8,96,3,1,0E-8,0.01352220,,0E-8,0.000000,0.903174,0.000000,,2026-03-21,2026-04-19,11,375,68,30,0.366667,,,0.000000,,,,,,,,GLOBAL_BASELINE_NO_ENTITY_RANKING,,,NOT_APPLICABLE_GLOBAL_BASELINE,HF9g-P5,,,,X 全窗基线 · 不参与实体赏罚,15056879,1506,A168_HF9F_20260827_0900,2026-08-27 09:00:00
2026-03-27,146105613,1402,0,6740.9221370880,-768.8864312616,-768.8864312616,0.4482759,128,128,0.50665070000000000,0.506650700000,-1.2575437431876981,-1.2575437431876981,-1.2575437431876981,0E-17,ELIGIBLE,R03b_20260811_FULL_v1,L1_ELIGIBILITY,v2026-08-11,2026-03-21..2026-08-06,baccarat_bet02_101_all_pairs_incl_sentinel,round_win = game_pnl > 0 (decisive only),COMPATIBILITY_ONLY_NOT_PRODUCTION,732117.8161,661229.4611,9899.8402,15172,15172,-0.01352220,,-0.01352220,-0.01352220,-9899.8402,732117.8161,OK,0.0000,395.9936,4.0000,96.0000,AG03-UNRESOLVED,ALL5_LEVELS_bet23_to_bet27,395.9936,395.9936,494.9920,494.9920,494.9920,4.000000,4.000000,5.000000,5.000000,5.000000,96.000000,96.000000,95.000000,95.000000,95.000000,5.0,2276.9632,2077.4141,7622.8770,7822.4261,PENDING_AG03,FALSE,NOT_FOR_ENFORCEMENT,9503.8466,634780.2826,9899.8402,9503.8466,395.9936,0.01352220,0.01298131,395.9936,9503.8466,0.01298131,395.9936,395.9936,494.9920,494.9920,494.9920,9503.8466,0.01298131,2276.9632,2077.4141,7622.8770,7822.4261,0.01041209,0.01068465,0.00054089,48.2545,43.5822,0.6525,899.9855,26.3996,66556.1651,1379.2727,,48.2545,52.3519,52.3519,52.3519,52.6635,78.5279,78.5279,52.3519,0.0,1.5,1.5,0.921734,8,96,3,1,0E-8,0.01352220,,0E-8,0.000000,0.903174,0.000000,,2026-03-21,2026-04-19,11,375,68,30,0.366667,,,0.000000,,,,,,,,GLOBAL_BASELINE_NO_ENTITY_RANKING,,,NOT_APPLICABLE_GLOBAL_BASELINE,HF9g-P5,,,,X 全窗基线 · 不参与实体赏罚,15056880,1506,A168_HF9F_20260827_0900,2026-08-27 09:00:00
2026-03-27,146105613,1505,0,6530.2683203040,315.9807251760,315.9807251760,0.5405405,124,124,0.50665070000000000,0.506650700000,0.7141664318923148,0.7141664318923148,0.7141664318923148,0E-17,ELIGIBLE,R03b_20260811_FULL_v1,L1_ELIGIBILITY,v2026-08-11,2026-03-21..2026-08-06,baccarat_bet02_101_all_pairs_incl_sentinel,round_win = game_pnl > 0 (decisive only),COMPATIBILITY_ONLY_NOT_PRODUCTION,732117.8161,661229.4611,9899.8402,15172,15172,-0.01352220,,-0.01352220,-0.01352220,-9899.8402,732117.8161,OK,0.0000,395.9936,4.0000,96.0000,AG03-UNRESOLVED,ALL5_LEVELS_bet23_to_bet27,395.9936,395.9936,494.9920,494.9920,494.9920,4.000000,4.000000,5.000000,5.000000,5.000000,96.000000,96.000000,95.000000,95.000000,95.000000,5.0,2276.9632,2077.4141,7622.8770,7822.4261,PENDING_AG03,FALSE,NOT_FOR_ENFORCEMENT,9503.8466,634780.2826,9899.8402,9503.8466,395.9936,0.01352220,0.01298131,395.9936,9503.8466,0.01298131,395.9936,395.9936,494.9920,494.9920,494.9920,9503.8466,0.01298131,2276.9632,2077.4141,7622.8770,7822.4261,0.01041209,0.01068465,0.00054089,48.2545,43.5822,0.6525,899.9855,26.3996,66556.1651,1379.2727,,48.2545,52.3519,52.3519,52.3519,52.6635,78.5279,78.5279,52.3519,0.0,1.5,1.5,0.921734,8,96,3,1,0E-8,0.01352220,,0E-8,0.000000,0.903174,0.000000,,2026-03-21,2026-04-19,11,375,68,30,0.366667,,,0.000000,,,,,,,,GLOBAL_BASELINE_NO_ENTITY_RANKING,,,NOT_APPLICABLE_GLOBAL_BASELINE,HF9g-P5,,,,X 全窗基线 · 不参与实体赏罚,15056881,1506,A168_HF9F_20260827_0900,2026-08-27 09:00:00
2026-03-27,146105613,1507,0,1211.2594465080,229.0860257526,229.0860257526,0.6190476,23,23,0.50665070000000000,0.506650700000,1.0302259203779542,1.0302259203779542,1.0302259203779542,0E-17,ELIGIBLE,R03b_20260811_FULL_v1,L1_ELIGIBILITY,v2026-08-11,2026-03-21..2026-08-06,baccarat_bet02_101_all_pairs_incl_sentinel,round_win = game_pnl > 0 (decisive only),COMPATIBILITY_ONLY_NOT_PRODUCTION,732117.8161,661229.4611,9899.8402,15172,15172,-0.01352220,,-0.01352220,-0.01352220,-9899.8402,732117.8161,OK,0.0000,395.9936,4.0000,96.0000,AG03-UNRESOLVED,ALL5_LEVELS_bet23_to_bet27,395.9936,395.9936,494.9920,494.9920,494.9920,4.000000,4.000000,5.000000,5.000000,5.000000,96.000000,96.000000,95.000000,95.000000,95.000000,5.0,2276.9632,2077.4141,7622.8770,7822.4261,PENDING_AG03,FALSE,NOT_FOR_ENFORCEMENT,9503.8466,634780.2826,9899.8402,9503.8466,395.9936,0.01352220,0.01298131,395.9936,9503.8466,0.01298131,395.9936,395.9936,494.9920,494.9920,494.9920,9503.8466,0.01298131,2276.9632,2077.4141,7622.8770,7822.4261,0.01041209,0.01068465,0.00054089,48.2545,43.5822,0.6525,899.9855,26.3996,66556.1651,1379.2727,,48.2545,52.3519,52.3519,52.3519,52.6635,78.5279,78.5279,52.3519,0.0,1.5,1.5,0.921734,8,96,3,1,0E-8,0.01352220,,0E-8,0.000000,0.903174,0.000000,,2026-03-21,2026-04-19,11,375,68,30,0.366667,,,0.000000,,,,,,,,GLOBAL_BASELINE_NO_ENTITY_RANKING,,,NOT_APPLICABLE_GLOBAL_BASELINE,HF9g-P5,,,,X 全窗基线 · 不参与实体赏罚,15056882,1506,A168_HF9F_20260827_0900,2026-08-27 09:00:00
2026-03-27,146105613,1935,0,1105.9325381160,334.4129341446,334.4129341446,0.6842105,21,21,0.50665070000000000,0.506650700000,1.5480676324125848,1.5480676324125848,1.5480676324125848,0E-17,ELIGIBLE,R03b_20260811_FULL_v1,L1_ELIGIBILITY,v2026-08-11,2026-03-21..2026-08-06,baccarat_bet02_101_all_pairs_incl_sentinel,round_win = game_pnl > 0 (decisive only),COMPATIBILITY_ONLY_NOT_PRODUCTION,732117.8161,661229.4611,9899.8402,15172,15172,-0.01352220,,-0.01352220,-0.01352220,-9899.8402,732117.8161,OK,0.0000,395.9936,4.0000,96.0000,AG03-UNRESOLVED,ALL5_LEVELS_bet23_to_bet27,395.9936,395.9936,494.9920,494.9920,494.9920,4.000000,4.000000,5.000000,5.000000,5.000000,96.000000,96.000000,95.000000,95.000000,95.000000,5.0,2276.9632,2077.4141,7622.8770,7822.4261,PENDING_AG03,FALSE,NOT_FOR_ENFORCEMENT,9503.8466,634780.2826,9899.8402,9503.8466,395.9936,0.01352220,0.01298131,395.9936,9503.8466,0.01298131,395.9936,395.9936,494.9920,494.9920,494.9920,9503.8466,0.01298131,2276.9632,2077.4141,7622.8770,7822.4261,0.01041209,0.01068465,0.00054089,48.2545,43.5822,0.6525,899.9855,26.3996,66556.1651,1379.2727,,48.2545,52.3519,52.3519,52.3519,52.6635,78.5279,78.5279,52.3519,0.0,1.5,1.5,0.921734,8,96,3,1,0E-8,0.01352220,,0E-8,0.000000,0.903174,0.000000,,2026-03-21,2026-04-19,11,375,68,30,0.366667,,,0.000000,,,,,,,,GLOBAL_BASELINE_NO_ENTITY_RANKING,,,NOT_APPLICABLE_GLOBAL_BASELINE,HF9g-P5,,,,X 全窗基线 · 不参与实体赏罚,15056883,1506,A168_HF9F_20260827_0900,2026-08-27 09:00:00
2026-03-27,146105613,1957,0,1369.2498090960,-181.6889169762,-181.6889169762,0.4285714,26,26,0.50665070000000000,0.506650700000,-0.7156716567636565,-0.7156716567636565,-0.7156716567636565,0E-17,ELIGIBLE,R03b_20260811_FULL_v1,L1_ELIGIBILITY,v2026-08-11,2026-03-21..2026-08-06,baccarat_bet02_101_all_pairs_incl_sentinel,round_win = game_pnl > 0 (decisive only),COMPATIBILITY_ONLY_NOT_PRODUCTION,732117.8161,661229.4611,9899.8402,15172,15172,-0.01352220,,-0.01352220,-0.01352220,-9899.8402,732117.8161,OK,0.0000,395.9936,4.0000,96.0000,AG03-UNRESOLVED,ALL5_LEVELS_bet23_to_bet27,395.9936,395.9936,494.9920,494.9920,494.9920,4.000000,4.000000,5.000000,5.000000,5.000000,96.000000,96.000000,95.000000,95.000000,95.000000,5.0,2276.9632,2077.4141,7622.8770,7822.4261,PENDING_AG03,FALSE,NOT_FOR_ENFORCEMENT,9503.8466,634780.2826,9899.8402,9503.8466,395.9936,0.01352220,0.01298131,395.9936,9503.8466,0.01298131,395.9936,395.9936,494.9920,494.9920,494.9920,9503.8466,0.01298131,2276.9632,2077.4141,7622.8770,7822.4261,0.01041209,0.01068465,0.00054089,48.2545,43.5822,0.6525,899.9855,26.3996,66556.1651,1379.2727,,48.2545,52.3519,52.3519,52.3519,52.6635,78.5279,78.5279,52.3519,0.0,1.5,1.5,0.921734,8,96,3,1,0E-8,0.01352220,,0E-8,0.000000,0.903174,0.000000,,2026-03-21,2026-04-19,11,375,68,30,0.366667,,,0.000000,,,,,,,,GLOBAL_BASELINE_NO_ENTITY_RANKING,,,NOT_APPLICABLE_GLOBAL_BASELINE,HF9g-P5,,,,X 全窗基线 · 不参与实体赏罚,15056884,1506,A168_HF9F_20260827_0900,2026-08-27 09:00:00
2026-03-27,146105613,2103,0,2633.1727098000,-57.9297996156,-57.9297996156,0.5000000,50,50,0.50665070000000000,0.506650700000,-0.08823931228724705,-0.08823931228724705,-0.08823931228724705,0E-17,ELIGIBLE,R03b_20260811_FULL_v1,L1_ELIGIBILITY,v2026-08-11,2026-03-21..2026-08-06,baccarat_bet02_101_all_pairs_incl_sentinel,round_win = game_pnl > 0 (decisive only),COMPATIBILITY_ONLY_NOT_PRODUCTION,732117.8161,661229.4611,9899.8402,15172,15172,-0.01352220,,-0.01352220,-0.01352220,-9899.8402,732117.8161,OK,0.0000,395.9936,4.0000,96.0000,AG03-UNRESOLVED,ALL5_LEVELS_bet23_to_bet27,395.9936,395.9936,494.9920,494.9920,494.9920,4.000000,4.000000,5.000000,5.000000,5.000000,96.000000,96.000000,95.000000,95.000000,95.000000,5.0,2276.9632,2077.4141,7622.8770,7822.4261,PENDING_AG03,FALSE,NOT_FOR_ENFORCEMENT,9503.8466,634780.2826,9899.8402,9503.8466,395.9936,0.01352220,0.01298131,395.9936,9503.8466,0.01298131,395.9936,395.9936,494.9920,494.9920,494.9920,9503.8466,0.01298131,2276.9632,2077.4141,7622.8770,7822.4261,0.01041209,0.01068465,0.00054089,48.2545,43.5822,0.6525,899.9855,26.3996,66556.1651,1379.2727,,48.2545,52.3519,52.3519,52.3519,52.6635,78.5279,78.5279,52.3519,0.0,1.5,1.5,0.921734,8,96,3,1,0E-8,0.01352220,,0E-8,0.000000,0.903174,0.000000,,2026-03-21,2026-04-19,11,375,68,30,0.366667,,,0.000000,,,,,,,,GLOBAL_BASELINE_NO_ENTITY_RANKING,,,NOT_APPLICABLE_GLOBAL_BASELINE,HF9g-P5,,,,X 全窗基线 · 不参与实体赏罚,15056885,1506,A168_HF9F_20260827_0900,2026-08-27 09:00:00
2026-03-27,146105613,2145,0,3581.1148853280,-126.3922900704,-126.3922900704,0.4912281,68,68,0.50665070000000000,0.506650700000,-0.23289720730547464,-0.23289720730547464,-0.23289720730547464,0E-17,ELIGIBLE,R03b_20260811_FULL_v1,L1_ELIGIBILITY,v2026-08-11,2026-03-21..2026-08-06,baccarat_bet02_101_all_pairs_incl_sentinel,round_win = game_pnl > 0 (decisive only),COMPATIBILITY_ONLY_NOT_PRODUCTION,732117.8161,661229.4611,9899.8402,15172,15172,-0.01352220,,-0.01352220,-0.01352220,-9899.8402,732117.8161,OK,0.0000,395.9936,4.0000,96.0000,AG03-UNRESOLVED,ALL5_LEVELS_bet23_to_bet27,395.9936,395.9936,494.9920,494.9920,494.9920,4.000000,4.000000,5.000000,5.000000,5.000000,96.000000,96.000000,95.000000,95.000000,95.000000,5.0,2276.9632,2077.4141,7622.8770,7822.4261,PENDING_AG03,FALSE,NOT_FOR_ENFORCEMENT,9503.8466,634780.2826,9899.8402,9503.8466,395.9936,0.01352220,0.01298131,395.9936,9503.8466,0.01298131,395.9936,395.9936,494.9920,494.9920,494.9920,9503.8466,0.01298131,2276.9632,2077.4141,7622.8770,7822.4261,0.01041209,0.01068465,0.00054089,48.2545,43.5822,0.6525,899.9855,26.3996,66556.1651,1379.2727,,48.2545,52.3519,52.3519,52.3519,52.6635,78.5279,78.5279,52.3519,0.0,1.5,1.5,0.921734,8,96,3,1,0E-8,0.01352220,,0E-8,0.000000,0.903174,0.000000,,2026-03-21,2026-04-19,11,375,68,30,0.366667,,,0.000000,,,,,,,,GLOBAL_BASELINE_NO_ENTITY_RANKING,,,NOT_APPLICABLE_GLOBAL_BASELINE,HF9g-P5,,,,X 全窗基线 · 不参与实体赏罚,15056886,1506,A168_HF9F_20260827_0900,2026-08-27 09:00:00
2026-03-27,146105613,2152,0,2106.5381678400,-510.8355057012,-510.8355057012,0.3783784,40,40,0.50665070000000000,0.506650700000,-1.5606382090829105,-1.5606382090829105,-1.5606382090829105,0E-17,ELIGIBLE,R03b_20260811_FULL_v1,L1_ELIGIBILITY,v2026-08-11,2026-03-21..2026-08-06,baccarat_bet02_101_all_pairs_incl_sentinel,round_win = game_pnl > 0 (decisive only),COMPATIBILITY_ONLY_NOT_PRODUCTION,732117.8161,661229.4611,9899.8402,15172,15172,-0.01352220,,-0.01352220,-0.01352220,-9899.8402,732117.8161,OK,0.0000,395.9936,4.0000,96.0000,AG03-UNRESOLVED,ALL5_LEVELS_bet23_to_bet27,395.9936,395.9936,494.9920,494.9920,494.9920,4.000000,4.000000,5.000000,5.000000,5.000000,96.000000,96.000000,95.000000,95.000000,95.000000,5.0,2276.9632,2077.4141,7622.8770,7822.4261,PENDING_AG03,FALSE,NOT_FOR_ENFORCEMENT,9503.8466,634780.2826,9899.8402,9503.8466,395.9936,0.01352220,0.01298131,395.9936,9503.8466,0.01298131,395.9936,395.9936,494.9920,494.9920,494.9920,9503.8466,0.01298131,2276.9632,2077.4141,7622.8770,7822.4261,0.01041209,0.01068465,0.00054089,48.2545,43.5822,0.6525,899.9855,26.3996,66556.1651,1379.2727,,48.2545,52.3519,52.3519,52.3519,52.6635,78.5279,78.5279,52.3519,0.0,1.5,1.5,0.921734,8,96,3,1,0E-8,0.01352220,,0E-8,0.000000,0.903174,0.000000,,2026-03-21,2026-04-19,11,375,68,30,0.366667,,,0.000000,,,,,,,,GLOBAL_BASELINE_NO_ENTITY_RANKING,,,NOT_APPLICABLE_GLOBAL_BASELINE,HF9g-P5,,,,X 全窗基线 · 不参与实体赏罚,15056887,1506,A168_HF9F_20260827_0900,2026-08-27 09:00:00
2026-03-27,146105613,2169,0,3317.7976143480,-331.7797614348,-331.7797614348,0.4561404,63,63,0.50665070000000000,0.506650700000,-0.7627570255230987,-0.7627570255230987,-0.7627570255230987,0E-17,ELIGIBLE,R03b_20260811_FULL_v1,L1_ELIGIBILITY,v2026-08-11,2026-03-21..2026-08-06,baccarat_bet02_101_all_pairs_incl_sentinel,round_win = game_pnl > 0 (decisive only),COMPATIBILITY_ONLY_NOT_PRODUCTION,732117.8161,661229.4611,9899.8402,15172,15172,-0.01352220,,-0.01352220,-0.01352220,-9899.8402,732117.8161,OK,0.0000,395.9936,4.0000,96.0000,AG03-UNRESOLVED,ALL5_LEVELS_bet23_to_bet27,395.9936,395.9936,494.9920,494.9920,494.9920,4.000000,4.000000,5.000000,5.000000,5.000000,96.000000,96.000000,95.000000,95.000000,95.000000,5.0,2276.9632,2077.4141,7622.8770,7822.4261,PENDING_AG03,FALSE,NOT_FOR_ENFORCEMENT,9503.8466,634780.2826,9899.8402,9503.8466,395.9936,0.01352220,0.01298131,395.9936,9503.8466,0.01298131,395.9936,395.9936,494.9920,494.9920,494.9920,9503.8466,0.01298131,2276.9632,2077.4141,7622.8770,7822.4261,0.01041209,0.01068465,0.00054089,48.2545,43.5822,0.6525,899.9855,26.3996,66556.1651,1379.2727,,48.2545,52.3519,52.3519,52.3519,52.6635,78.5279,78.5279,52.3519,0.0,1.5,1.5,0.921734,8,96,3,1,0E-8,0.01352220,,0E-8,0.000000,0.903174,0.000000,,2026-03-21,2026-04-19,11,375,68,30,0.366667,,,0.000000,,,,,,,,GLOBAL_BASELINE_NO_ENTITY_RANKING,,,NOT_APPLICABLE_GLOBAL_BASELINE,HF9g-P5,,,,X 全窗基线 · 不参与实体赏罚,15056888,1506,A168_HF9F_20260827_0900,2026-08-27 09:00:00
2026-03-27,146105613,2188,0,1105.9325381160,-176.4225715566,-176.4225715566,0.4117647,21,21,0.50665070000000000,0.506650700000,-0.7825191798199178,-0.7825191798199178,-0.7825191798199178,0E-17,ELIGIBLE,R03b_20260811_FULL_v1,L1_ELIGIBILITY,v2026-08-11,2026-03-21..2026-08-06,baccarat_bet02_101_all_pairs_incl_sentinel,round_win = game_pnl > 0 (decisive only),COMPATIBILITY_ONLY_NOT_PRODUCTION,732117.8161,661229.4611,9899.8402,15172,15172,-0.01352220,,-0.01352220,-0.01352220,-9899.8402,732117.8161,OK,0.0000,395.9936,4.0000,96.0000,AG03-UNRESOLVED,ALL5_LEVELS_bet23_to_bet27,395.9936,395.9936,494.9920,494.9920,494.9920,4.000000,4.000000,5.000000,5.000000,5.000000,96.000000,96.000000,95.000000,95.000000,95.000000,5.0,2276.9632,2077.4141,7622.8770,7822.4261,PENDING_AG03,FALSE,NOT_FOR_ENFORCEMENT,9503.8466,634780.2826,9899.8402,9503.8466,395.9936,0.01352220,0.01298131,395.9936,9503.8466,0.01298131,395.9936,395.9936,494.9920,494.9920,494.9920,9503.8466,0.01298131,2276.9632,2077.4141,7622.8770,7822.4261,0.01041209,0.01068465,0.00054089,48.2545,43.5822,0.6525,899.9855,26.3996,66556.1651,1379.2727,,48.2545,52.3519,52.3519,52.3519,52.6635,78.5279,78.5279,52.3519,0.0,1.5,1.5,0.921734,8,96,3,1,0E-8,0.01352220,,0E-8,0.000000,0.903174,0.000000,,2026-03-21,2026-04-19,11,375,68,30,0.366667,,,0.000000,,,,,,,,GLOBAL_BASELINE_NO_ENTITY_RANKING,,,NOT_APPLICABLE_GLOBAL_BASELINE,HF9g-P5,,,,X 全窗基线 · 不参与实体赏罚,15056889,1506,A168_HF9F_20260827_0900,2026-08-27 09:00:00
2026-03-27,146105613,2196,0,7688.8643126160,-118.4927719410,-118.4927719410,0.5038760,146,146,0.50665070000000000,0.506650700000,-0.06303534889097899,-0.06303534889097899,-0.06303534889097899,0E-17,ELIGIBLE,R03b_20260811_FULL_v1,L1_ELIGIBILITY,v2026-08-11,2026-03-21..2026-08-06,baccarat_bet02_101_all_pairs_incl_sentinel,round_win = game_pnl > 0 (decisive only),COMPATIBILITY_ONLY_NOT_PRODUCTION,732117.8161,661229.4611,9899.8402,15172,15172,-0.01352220,,-0.01352220,-0.01352220,-9899.8402,732117.8161,OK,0.0000,395.9936,4.0000,96.0000,AG03-UNRESOLVED,ALL5_LEVELS_bet23_to_bet27,395.9936,395.9936,494.9920,494.9920,494.9920,4.000000,4.000000,5.000000,5.000000,5.000000,96.000000,96.000000,95.000000,95.000000,95.000000,5.0,2276.9632,2077.4141,7622.8770,7822.4261,PENDING_AG03,FALSE,NOT_FOR_ENFORCEMENT,9503.8466,634780.2826,9899.8402,9503.8466,395.9936,0.01352220,0.01298131,395.9936,9503.8466,0.01298131,395.9936,395.9936,494.9920,494.9920,494.9920,9503.8466,0.01298131,2276.9632,2077.4141,7622.8770,7822.4261,0.01041209,0.01068465,0.00054089,48.2545,43.5822,0.6525,899.9855,26.3996,66556.1651,1379.2727,,48.2545,52.3519,52.3519,52.3519,52.6635,78.5279,78.5279,52.3519,0.0,1.5,1.5,0.921734,8,96,3,1,0E-8,0.01352220,,0E-8,0.000000,0.903174,0.000000,,2026-03-21,2026-04-19,11,375,68,30,0.366667,,,0.000000,,,,,,,,GLOBAL_BASELINE_NO_ENTITY_RANKING,,,NOT_APPLICABLE_GLOBAL_BASELINE,HF9g-P5,,,,X 全窗基线 · 不参与实体赏罚,15056890,1506,A168_HF9F_20260827_0900,2026-08-27 09:00:00
2026-03-27,146105613,2224,0,3528.4514311320,-331.7797614348,-331.7797614348,0.4561404,67,67,0.50665070000000000,0.506650700000,-0.7627570255230987,-0.7627570255230987,-0.7627570255230987,0E-17,ELIGIBLE,R03b_20260811_FULL_v1,L1_ELIGIBILITY,v2026-08-11,2026-03-21..2026-08-06,baccarat_bet02_101_all_pairs_incl_sentinel,round_win = game_pnl > 0 (decisive only),COMPATIBILITY_ONLY_NOT_PRODUCTION,732117.8161,661229.4611,9899.8402,15172,15172,-0.01352220,,-0.01352220,-0.01352220,-9899.8402,732117.8161,OK,0.0000,395.9936,4.0000,96.0000,AG03-UNRESOLVED,ALL5_LEVELS_bet23_to_bet27,395.9936,395.9936,494.9920,494.9920,494.9920,4.000000,4.000000,5.000000,5.000000,5.000000,96.000000,96.000000,95.000000,95.000000,95.000000,5.0,2276.9632,2077.4141,7622.8770,7822.4261,PENDING_AG03,FALSE,NOT_FOR_ENFORCEMENT,9503.8466,634780.2826,9899.8402,9503.8466,395.9936,0.01352220,0.01298131,395.9936,9503.8466,0.01298131,395.9936,395.9936,494.9920,494.9920,494.9920,9503.8466,0.01298131,2276.9632,2077.4141,7622.8770,7822.4261,0.01041209,0.01068465,0.00054089,48.2545,43.5822,0.6525,899.9855,26.3996,66556.1651,1379.2727,,48.2545,52.3519,52.3519,52.3519,52.6635,78.5279,78.5279,52.3519,0.0,1.5,1.5,0.921734,8,96,3,1,0E-8,0.01352220,,0E-8,0.000000,0.903174,0.000000,,2026-03-21,2026-04-19,11,375,68,30,0.366667,,,0.000000,,,,,,,,GLOBAL_BASELINE_NO_ENTITY_RANKING,,,NOT_APPLICABLE_GLOBAL_BASELINE,HF9g-P5,,,,X 全窗基线 · 不参与实体赏罚,15056891,1506,A168_HF9F_20260827_0900,2026-08-27 09:00:00
2026-03-27,146105613,2232,0,4107.7494272880,421.3076335680,421.3076335680,0.5714286,78,78,0.50665070000000000,0.506650700000,1.0840370146466924,1.0840370146466924,1.0840370146466924,0E-17,ELIGIBLE,R03b_20260811_FULL_v1,L1_ELIGIBILITY,v2026-08-11,2026-03-21..2026-08-06,baccarat_bet02_101_all_pairs_incl_sentinel,round_win = game_pnl > 0 (decisive only),COMPATIBILITY_ONLY_NOT_PRODUCTION,732117.8161,661229.4611,9899.8402,15172,15172,-0.01352220,,-0.01352220,-0.01352220,-9899.8402,732117.8161,OK,0.0000,395.9936,4.0000,96.0000,AG03-UNRESOLVED,ALL5_LEVELS_bet23_to_bet27,395.9936,395.9936,494.9920,494.9920,494.9920,4.000000,4.000000,5.000000,5.000000,5.000000,96.000000,96.000000,95.000000,95.000000,95.000000,5.0,2276.9632,2077.4141,7622.8770,7822.4261,PENDING_AG03,FALSE,NOT_FOR_ENFORCEMENT,9503.8466,634780.2826,9899.8402,9503.8466,395.9936,0.01352220,0.01298131,395.9936,9503.8466,0.01298131,395.9936,395.9936,494.9920,494.9920,494.9920,9503.8466,0.01298131,2276.9632,2077.4141,7622.8770,7822.4261,0.01041209,0.01068465,0.00054089,48.2545,43.5822,0.6525,899.9855,26.3996,66556.1651,1379.2727,,48.2545,52.3519,52.3519,52.3519,52.6635,78.5279,78.5279,52.3519,0.0,1.5,1.5,0.921734,8,96,3,1,0E-8,0.01352220,,0E-8,0.000000,0.903174,0.000000,,2026-03-21,2026-04-19,11,375,68,30,0.366667,,,0.000000,,,,,,,,GLOBAL_BASELINE_NO_ENTITY_RANKING,,,NOT_APPLICABLE_GLOBAL_BASELINE,HF9g-P5,,,,X 全窗基线 · 不参与实体赏罚,15056892,1506,A168_HF9F_20260827_0900,2026-08-27 09:00:00
2026-03-27,146105613,2233,0,7741.5277668120,23.6985543882,23.6985543882,0.5144928,147,147,0.50665070000000000,0.506650700000,0.18426284365129295,0.18426284365129292,0.18426284365129295,0E-17,ELIGIBLE,R03b_20260811_FULL_v1,L1_ELIGIBILITY,v2026-08-11,2026-03-21..2026-08-06,baccarat_bet02_101_all_pairs_incl_sentinel,round_win = game_pnl > 0 (decisive only),COMPATIBILITY_ONLY_NOT_PRODUCTION,732117.8161,661229.4611,9899.8402,15172,15172,-0.01352220,,-0.01352220,-0.01352220,-9899.8402,732117.8161,OK,0.0000,395.9936,4.0000,96.0000,AG03-UNRESOLVED,ALL5_LEVELS_bet23_to_bet27,395.9936,395.9936,494.9920,494.9920,494.9920,4.000000,4.000000,5.000000,5.000000,5.000000,96.000000,96.000000,95.000000,95.000000,95.000000,5.0,2276.9632,2077.4141,7622.8770,7822.4261,PENDING_AG03,FALSE,NOT_FOR_ENFORCEMENT,9503.8466,634780.2826,9899.8402,9503.8466,395.9936,0.01352220,0.01298131,395.9936,9503.8466,0.01298131,395.9936,395.9936,494.9920,494.9920,494.9920,9503.8466,0.01298131,2276.9632,2077.4141,7622.8770,7822.4261,0.01041209,0.01068465,0.00054089,48.2545,43.5822,0.6525,899.9855,26.3996,66556.1651,1379.2727,,48.2545,52.3519,52.3519,52.3519,52.6635,78.5279,78.5279,52.3519,0.0,1.5,1.5,0.921734,8,96,3,1,0E-8,0.01352220,,0E-8,0.000000,0.903174,0.000000,,2026-03-21,2026-04-19,11,375,68,30,0.366667,,,0.000000,,,,,,,,GLOBAL_BASELINE_NO_ENTITY_RANKING,,,NOT_APPLICABLE_GLOBAL_BASELINE,HF9g-P5,,,,X 全窗基线 · 不参与实体赏罚,15056893,1506,A168_HF9F_20260827_0900,2026-08-27 09:00:00
2026-03-27,146105613,2241,0,2159.2016220360,-608.2628959638,-608.2628959638,0.3333333,41,41,0.50665070000000000,0.506650700000,-1.9914411189847026,-1.9914411189847026,-1.9914411189847026,0E-17,ELIGIBLE,R03b_20260811_FULL_v1,L1_ELIGIBILITY,v2026-08-11,2026-03-21..2026-08-06,baccarat_bet02_101_all_pairs_incl_sentinel,round_win = game_pnl > 0 (decisive only),COMPATIBILITY_ONLY_NOT_PRODUCTION,732117.8161,661229.4611,9899.8402,15172,15172,-0.01352220,,-0.01352220,-0.01352220,-9899.8402,732117.8161,OK,0.0000,395.9936,4.0000,96.0000,AG03-UNRESOLVED,ALL5_LEVELS_bet23_to_bet27,395.9936,395.9936,494.9920,494.9920,494.9920,4.000000,4.000000,5.000000,5.000000,5.000000,96.000000,96.000000,95.000000,95.000000,95.000000,5.0,2276.9632,2077.4141,7622.8770,7822.4261,PENDING_AG03,FALSE,NOT_FOR_ENFORCEMENT,9503.8466,634780.2826,9899.8402,9503.8466,395.9936,0.01352220,0.01298131,395.9936,9503.8466,0.01298131,395.9936,395.9936,494.9920,494.9920,494.9920,9503.8466,0.01298131,2276.9632,2077.4141,7622.8770,7822.4261,0.01041209,0.01068465,0.00054089,48.2545,43.5822,0.6525,899.9855,26.3996,66556.1651,1379.2727,,48.2545,52.3519,52.3519,52.3519,52.6635,78.5279,78.5279,52.3519,0.0,1.5,1.5,0.921734,8,96,3,1,0E-8,0.01352220,,0E-8,0.000000,0.903174,0.000000,,2026-03-21,2026-04-19,11,375,68,30,0.366667,,,0.000000,,,,,,,,GLOBAL_BASELINE_NO_ENTITY_RANKING,,,NOT_APPLICABLE_GLOBAL_BASELINE,HF9g-P5,,,,X 全窗基线 · 不参与实体赏罚,15056894,1506,A168_HF9F_20260827_0900,2026-08-27 09:00:00
2026-03-27,146105613,2251,0,3159.8072517600,184.3220896860,184.3220896860,0.5454545,60,60,0.50665070000000000,0.506650700000,0.5756049622586907,0.5756049622586907,0.5756049622586907,0E-17,ELIGIBLE,R03b_20260811_FULL_v1,L1_ELIGIBILITY,v2026-08-11,2026-03-21..2026-08-06,baccarat_bet02_101_all_pairs_incl_sentinel,round_win = game_pnl > 0 (decisive only),COMPATIBILITY_ONLY_NOT_PRODUCTION,732117.8161,661229.4611,9899.8402,15172,15172,-0.01352220,,-0.01352220,-0.01352220,-9899.8402,732117.8161,OK,0.0000,395.9936,4.0000,96.0000,AG03-UNRESOLVED,ALL5_LEVELS_bet23_to_bet27,395.9936,395.9936,494.9920,494.9920,494.9920,4.000000,4.000000,5.000000,5.000000,5.000000,96.000000,96.000000,95.000000,95.000000,95.000000,5.0,2276.9632,2077.4141,7622.8770,7822.4261,PENDING_AG03,FALSE,NOT_FOR_ENFORCEMENT,9503.8466,634780.2826,9899.8402,9503.8466,395.9936,0.01352220,0.01298131,395.9936,9503.8466,0.01298131,395.9936,395.9936,494.9920,494.9920,494.9920,9503.8466,0.01298131,2276.9632,2077.4141,7622.8770,7822.4261,0.01041209,0.01068465,0.00054089,48.2545,43.5822,0.6525,899.9855,26.3996,66556.1651,1379.2727,,48.2545,52.3519,52.3519,52.3519,52.6635,78.5279,78.5279,52.3519,0.0,1.5,1.5,0.921734,8,96,3,1,0E-8,0.01352220,,0E-8,0.000000,0.903174,0.000000,,2026-03-21,2026-04-19,11,375,68,30,0.366667,,,0.000000,,,,,,,,GLOBAL_BASELINE_NO_ENTITY_RANKING,,,NOT_APPLICABLE_GLOBAL_BASELINE,HF9g-P5,,,,X 全窗基线 · 不参与实体赏罚,15056895,1506,A168_HF9F_20260827_0900,2026-08-27 09:00:00
2026-03-27,146105613,2254,0,3475.7879769360,229.0860257526,229.0860257526,0.5500000,66,66,0.50665070000000000,0.506650700000,0.6716238847880154,0.6716238847880154,0.6716238847880154,0E-17,ELIGIBLE,R03b_20260811_FULL_v1,L1_ELIGIBILITY,v2026-08-11,2026-03-21..2026-08-06,baccarat_bet02_101_all_pairs_incl_sentinel,round_win = game_pnl > 0 (decisive only),COMPATIBILITY_ONLY_NOT_PRODUCTION,732117.8161,661229.4611,9899.8402,15172,15172,-0.01352220,,-0.01352220,-0.01352220,-9899.8402,732117.8161,OK,0.0000,395.9936,4.0000,96.0000,AG03-UNRESOLVED,ALL5_LEVELS_bet23_to_bet27,395.9936,395.9936,494.9920,494.9920,494.9920,4.000000,4.000000,5.000000,5.000000,5.000000,96.000000,96.000000,95.000000,95.000000,95.000000,5.0,2276.9632,2077.4141,7622.8770,7822.4261,PENDING_AG03,FALSE,NOT_FOR_ENFORCEMENT,9503.8466,634780.2826,9899.8402,9503.8466,395.9936,0.01352220,0.01298131,395.9936,9503.8466,0.01298131,395.9936,395.9936,494.9920,494.9920,494.9920,9503.8466,0.01298131,2276.9632,2077.4141,7622.8770,7822.4261,0.01041209,0.01068465,0.00054089,48.2545,43.5822,0.6525,899.9855,26.3996,66556.1651,1379.2727,,48.2545,52.3519,52.3519,52.3519,52.6635,78.5279,78.5279,52.3519,0.0,1.5,1.5,0.921734,8,96,3,1,0E-8,0.01352220,,0E-8,0.000000,0.903174,0.000000,,2026-03-21,2026-04-19,11,375,68,30,0.366667,,,0.000000,,,,,,,,GLOBAL_BASELINE_NO_ENTITY_RANKING,,,NOT_APPLICABLE_GLOBAL_BASELINE,HF9g-P5,,,,X 全窗基线 · 不参与实体赏罚,15056896,1506,A168_HF9F_20260827_0900,2026-08-27 09:00:00
2026-03-27,146105613,2258,0,3159.8072517600,437.1066698268,437.1066698268,0.5862069,60,60,0.50665070000000000,0.506650700000,1.2118710954545096,1.2118710954545096,1.2118710954545096,0E-17,ELIGIBLE,R03b_20260811_FULL_v1,L1_ELIGIBILITY,v2026-08-11,2026-03-21..2026-08-06,baccarat_bet02_101_all_pairs_incl_sentinel,round_win = game_pnl > 0 (decisive only),COMPATIBILITY_ONLY_NOT_PRODUCTION,732117.8161,661229.4611,9899.8402,15172,15172,-0.01352220,,-0.01352220,-0.01352220,-9899.8402,732117.8161,OK,0.0000,395.9936,4.0000,96.0000,AG03-UNRESOLVED,ALL5_LEVELS_bet23_to_bet27,395.9936,395.9936,494.9920,494.9920,494.9920,4.000000,4.000000,5.000000,5.000000,5.000000,96.000000,96.000000,95.000000,95.000000,95.000000,5.0,2276.9632,2077.4141,7622.8770,7822.4261,PENDING_AG03,FALSE,NOT_FOR_ENFORCEMENT,9503.8466,634780.2826,9899.8402,9503.8466,395.9936,0.01352220,0.01298131,395.9936,9503.8466,0.01298131,395.9936,395.9936,494.9920,494.9920,494.9920,9503.8466,0.01298131,2276.9632,2077.4141,7622.8770,7822.4261,0.01041209,0.01068465,0.00054089,48.2545,43.5822,0.6525,899.9855,26.3996,66556.1651,1379.2727,,48.2545,52.3519,52.3519,52.3519,52.6635,78.5279,78.5279,52.3519,0.0,1.5,1.5,0.921734,8,96,3,1,0E-8,0.01352220,,0E-8,0.000000,0.903174,0.000000,,2026-03-21,2026-04-19,11,375,68,30,0.366667,,,0.000000,,,,,,,,GLOBAL_BASELINE_NO_ENTITY_RANKING,,,NOT_APPLICABLE_GLOBAL_BASELINE,HF9g-P5,,,,X 全窗基线 · 不参与实体赏罚,15056897,1506,A168_HF9F_20260827_0900,2026-08-27 09:00:00
2026-03-27,146105613,2264,0,3844.4321563080,-342.3124522740,-342.3124522740,0.4615385,73,73,0.50665070000000000,0.506650700000,-0.7274773462862963,-0.7274773462862963,-0.7274773462862963,0E-17,ELIGIBLE,R03b_20260811_FULL_v1,L1_ELIGIBILITY,v2026-08-11,2026-03-21..2026-08-06,baccarat_bet02_101_all_pairs_incl_sentinel,round_win = game_pnl > 0 (decisive only),COMPATIBILITY_ONLY_NOT_PRODUCTION,732117.8161,661229.4611,9899.8402,15172,15172,-0.01352220,,-0.01352220,-0.01352220,-9899.8402,732117.8161,OK,0.0000,395.9936,4.0000,96.0000,AG03-UNRESOLVED,ALL5_LEVELS_bet23_to_bet27,395.9936,395.9936,494.9920,494.9920,494.9920,4.000000,4.000000,5.000000,5.000000,5.000000,96.000000,96.000000,95.000000,95.000000,95.000000,5.0,2276.9632,2077.4141,7622.8770,7822.4261,PENDING_AG03,FALSE,NOT_FOR_ENFORCEMENT,9503.8466,634780.2826,9899.8402,9503.8466,395.9936,0.01352220,0.01298131,395.9936,9503.8466,0.01298131,395.9936,395.9936,494.9920,494.9920,494.9920,9503.8466,0.01298131,2276.9632,2077.4141,7622.8770,7822.4261,0.01041209,0.01068465,0.00054089,48.2545,43.5822,0.6525,899.9855,26.3996,66556.1651,1379.2727,,48.2545,52.3519,52.3519,52.3519,52.6635,78.5279,78.5279,52.3519,0.0,1.5,1.5,0.921734,8,96,3,1,0E-8,0.01352220,,0E-8,0.000000,0.903174,0.000000,,2026-03-21,2026-04-19,11,375,68,30,0.366667,,,0.000000,,,,,,,,GLOBAL_BASELINE_NO_ENTITY_RANKING,,,NOT_APPLICABLE_GLOBAL_BASELINE,HF9g-P5,,,,X 全窗基线 · 不参与实体赏罚,15056898,1506,A168_HF9F_20260827_0900,2026-08-27 09:00:00
2026-03-27,146105613,2266,0,3159.8072517600,-737.2883587440,-737.2883587440,0.3773585,60,60,0.50665070000000000,0.506650700000,-1.8826895419157315,-1.8826895419157315,-1.8826895419157315,0E-17,ELIGIBLE,R03b_20260811_FULL_v1,L1_ELIGIBILITY,v2026-08-11,2026-03-21..2026-08-06,baccarat_bet02_101_all_pairs_incl_sentinel,round_win = game_pnl > 0 (decisive only),COMPATIBILITY_ONLY_NOT_PRODUCTION,732117.8161,661229.4611,9899.8402,15172,15172,-0.01352220,,-0.01352220,-0.01352220,-9899.8402,732117.8161,OK,0.0000,395.9936,4.0000,96.0000,AG03-UNRESOLVED,ALL5_LEVELS_bet23_to_bet27,395.9936,395.9936,494.9920,494.9920,494.9920,4.000000,4.000000,5.000000,5.000000,5.000000,96.000000,96.000000,95.000000,95.000000,95.000000,5.0,2276.9632,2077.4141,7622.8770,7822.4261,PENDING_AG03,FALSE,NOT_FOR_ENFORCEMENT,9503.8466,634780.2826,9899.8402,9503.8466,395.9936,0.01352220,0.01298131,395.9936,9503.8466,0.01298131,395.9936,395.9936,494.9920,494.9920,494.9920,9503.8466,0.01298131,2276.9632,2077.4141,7622.8770,7822.4261,0.01041209,0.01068465,0.00054089,48.2545,43.5822,0.6525,899.9855,26.3996,66556.1651,1379.2727,,48.2545,52.3519,52.3519,52.3519,52.6635,78.5279,78.5279,52.3519,0.0,1.5,1.5,0.921734,8,96,3,1,0E-8,0.01352220,,0E-8,0.000000,0.903174,0.000000,,2026-03-21,2026-04-19,11,375,68,30,0.366667,,,0.000000,,,,,,,,GLOBAL_BASELINE_NO_ENTITY_RANKING,,,NOT_APPLICABLE_GLOBAL_BASELINE,HF9g-P5,,,,X 全窗基线 · 不参与实体赏罚,15056899,1506,A168_HF9F_20260827_0900,2026-08-27 09:00:00
2026-03-29,146105613,1115,0,3159.8072517600,-402.8754245994,-402.8754245994,0.4380952,120,120,0.50665070000000000,0.506650700000,-1.405093190881392,-1.4050931908813917,-1.405093190881392,0E-17,ELIGIBLE,R03b_20260811_FULL_v1,L1_ELIGIBILITY,v2026-08-11,2026-03-21..2026-08-06,baccarat_bet02_101_all_pairs_incl_sentinel,round_win = game_pnl > 0 (decisive only),COMPATIBILITY_ONLY_NOT_PRODUCTION,732117.8161,661229.4611,9899.8402,15172,15172,-0.01352220,,-0.01352220,-0.01352220,-9899.8402,732117.8161,OK,0.0000,395.9936,4.0000,96.0000,AG03-UNRESOLVED,ALL5_LEVELS_bet23_to_bet27,395.9936,395.9936,494.9920,494.9920,494.9920,4.000000,4.000000,5.000000,5.000000,5.000000,96.000000,96.000000,95.000000,95.000000,95.000000,5.0,2276.9632,2077.4141,7622.8770,7822.4261,PENDING_AG03,FALSE,NOT_FOR_ENFORCEMENT,9503.8466,634780.2826,9899.8402,9503.8466,395.9936,0.01352220,0.01298131,395.9936,9503.8466,0.01298131,395.9936,395.9936,494.9920,494.9920,494.9920,9503.8466,0.01298131,2276.9632,2077.4141,7622.8770,7822.4261,0.01041209,0.01068465,0.00054089,48.2545,43.5822,0.6525,899.9855,26.3996,66556.1651,1379.2727,,48.2545,52.3519,52.3519,52.3519,52.6635,78.5279,78.5279,52.3519,0.0,1.5,1.5,0.921734,8,96,3,1,0E-8,0.01352220,,0E-8,0.000000,0.903174,0.000000,,2026-03-21,2026-04-19,11,375,68,30,0.366667,,,0.000000,,,,,,,,GLOBAL_BASELINE_NO_ENTITY_RANKING,,,NOT_APPLICABLE_GLOBAL_BASELINE,HF9g-P5,,,,X 全窗基线 · 不参与实体赏罚,15056900,1506,A168_HF9F_20260827_0900,2026-08-27 09:00:00
2026-03-29,146105613,1307,0,2001.2112594480,-223.8196803330,-223.8196803330,0.4477612,76,76,0.50665070000000000,0.506650700000,-0.9641480576552164,-0.9641480576552164,-0.9641480576552164,0E-17,ELIGIBLE,R03b_20260811_FULL_v1,L1_ELIGIBILITY,v2026-08-11,2026-03-21..2026-08-06,baccarat_bet02_101_all_pairs_incl_sentinel,round_win = game_pnl > 0 (decisive only),COMPATIBILITY_ONLY_NOT_PRODUCTION,732117.8161,661229.4611,9899.8402,15172,15172,-0.01352220,,-0.01352220,-0.01352220,-9899.8402,732117.8161,OK,0.0000,395.9936,4.0000,96.0000,AG03-UNRESOLVED,ALL5_LEVELS_bet23_to_bet27,395.9936,395.9936,494.9920,494.9920,494.9920,4.000000,4.000000,5.000000,5.000000,5.000000,96.000000,96.000000,95.000000,95.000000,95.000000,5.0,2276.9632,2077.4141,7622.8770,7822.4261,PENDING_AG03,FALSE,NOT_FOR_ENFORCEMENT,9503.8466,634780.2826,9899.8402,9503.8466,395.9936,0.01352220,0.01298131,395.9936,9503.8466,0.01298131,395.9936,395.9936,494.9920,494.9920,494.9920,9503.8466,0.01298131,2276.9632,2077.4141,7622.8770,7822.4261,0.01041209,0.01068465,0.00054089,48.2545,43.5822,0.6525,899.9855,26.3996,66556.1651,1379.2727,,48.2545,52.3519,52.3519,52.3519,52.6635,78.5279,78.5279,52.3519,0.0,1.5,1.5,0.921734,8,96,3,1,0E-8,0.01352220,,0E-8,0.000000,0.903174,0.000000,,2026-03-21,2026-04-19,11,375,68,30,0.366667,,,0.000000,,,,,,,,GLOBAL_BASELINE_NO_ENTITY_RANKING,,,NOT_APPLICABLE_GLOBAL_BASELINE,HF9g-P5,,,,X 全窗基线 · 不参与实体赏罚,15056901,1506,A168_HF9F_20260827_0900,2026-08-27 09:00:00
2026-03-29,146105613,1330,0,6345.9462306180,60.5629723254,60.5629723254,0.5181818,241,241,0.50665070000000000,0.506650700000,0.3420985094696825,0.3420985094696825,0.3420985094696825,0E-17,ELIGIBLE,R03b_20260811_FULL_v1,L1_ELIGIBILITY,v2026-08-11,2026-03-21..2026-08-06,baccarat_bet02_101_all_pairs_incl_sentinel,round_win = game_pnl > 0 (decisive only),COMPATIBILITY_ONLY_NOT_PRODUCTION,732117.8161,661229.4611,9899.8402,15172,15172,-0.01352220,,-0.01352220,-0.01352220,-9899.8402,732117.8161,OK,0.0000,395.9936,4.0000,96.0000,AG03-UNRESOLVED,ALL5_LEVELS_bet23_to_bet27,395.9936,395.9936,494.9920,494.9920,494.9920,4.000000,4.000000,5.000000,5.000000,5.000000,96.000000,96.000000,95.000000,95.000000,95.000000,5.0,2276.9632,2077.4141,7622.8770,7822.4261,PENDING_AG03,FALSE,NOT_FOR_ENFORCEMENT,9503.8466,634780.2826,9899.8402,9503.8466,395.9936,0.01352220,0.01298131,395.9936,9503.8466,0.01298131,395.9936,395.9936,494.9920,494.9920,494.9920,9503.8466,0.01298131,2276.9632,2077.4141,7622.8770,7822.4261,0.01041209,0.01068465,0.00054089,48.2545,43.5822,0.6525,899.9855,26.3996,66556.1651,1379.2727,,48.2545,52.3519,52.3519,52.3519,52.6635,78.5279,78.5279,52.3519,0.0,1.5,1.5,0.921734,8,96,3,1,0E-8,0.01352220,,0E-8,0.000000,0.903174,0.000000,,2026-03-21,2026-04-19,11,375,68,30,0.366667,,,0.000000,,,,,,,,GLOBAL_BASELINE_NO_ENTITY_RANKING,,,NOT_APPLICABLE_GLOBAL_BASELINE,HF9g-P5,,,,X 全窗基线 · 不参与实体赏罚,15056902,1506,A168_HF9F_20260827_0900,2026-08-27 09:00:00
2026-03-29,146105613,1374,0,5924.6385970500,125.0757037155,125.0757037155,0.5250000,225,225,0.50665070000000000,0.506650700000,0.5190424968109073,0.5190424968109073,0.5190424968109073,0E-17,ELIGIBLE,R03b_20260811_FULL_v1,L1_ELIGIBILITY,v2026-08-11,2026-03-21..2026-08-06,baccarat_bet02_101_all_pairs_incl_sentinel,round_win = game_pnl > 0 (decisive only),COMPATIBILITY_ONLY_NOT_PRODUCTION,732117.8161,661229.4611,9899.8402,15172,15172,-0.01352220,,-0.01352220,-0.01352220,-9899.8402,732117.8161,OK,0.0000,395.9936,4.0000,96.0000,AG03-UNRESOLVED,ALL5_LEVELS_bet23_to_bet27,395.9936,395.9936,494.9920,494.9920,494.9920,4.000000,4.000000,5.000000,5.000000,5.000000,96.000000,96.000000,95.000000,95.000000,95.000000,5.0,2276.9632,2077.4141,7622.8770,7822.4261,PENDING_AG03,FALSE,NOT_FOR_ENFORCEMENT,9503.8466,634780.2826,9899.8402,9503.8466,395.9936,0.01352220,0.01298131,395.9936,9503.8466,0.01298131,395.9936,395.9936,494.9920,494.9920,494.9920,9503.8466,0.01298131,2276.9632,2077.4141,7622.8770,7822.4261,0.01041209,0.01068465,0.00054089,48.2545,43.5822,0.6525,899.9855,26.3996,66556.1651,1379.2727,,48.2545,52.3519,52.3519,52.3519,52.6635,78.5279,78.5279,52.3519,0.0,1.5,1.5,0.921734,8,96,3,1,0E-8,0.01352220,,0E-8,0.000000,0.903174,0.000000,,2026-03-21,2026-04-19,11,375,68,30,0.366667,,,0.000000,,,,,,,,GLOBAL_BASELINE_NO_ENTITY_RANKING,,,NOT_APPLICABLE_GLOBAL_BASELINE,HF9g-P5,,,,X 全窗基线 · 不参与实体赏罚,15056903,1506,A168_HF9F_20260827_0900,2026-08-27 09:00:00
2026-03-29,146105613,1384,0,2080.2064407420,-227.7694393977,-227.7694393977,0.4520548,79,79,0.50665070000000000,0.506650700000,-0.9330177835735883,-0.9330177835735881,-0.9330177835735883,0E-17,ELIGIBLE,R03b_20260811_FULL_v1,L1_ELIGIBILITY,v2026-08-11,2026-03-21..2026-08-06,baccarat_bet02_101_all_pairs_incl_sentinel,round_win = game_pnl > 0 (decisive only),COMPATIBILITY_ONLY_NOT_PRODUCTION,732117.8161,661229.4611,9899.8402,15172,15172,-0.01352220,,-0.01352220,-0.01352220,-9899.8402,732117.8161,OK,0.0000,395.9936,4.0000,96.0000,AG03-UNRESOLVED,ALL5_LEVELS_bet23_to_bet27,395.9936,395.9936,494.9920,494.9920,494.9920,4.000000,4.000000,5.000000,5.000000,5.000000,96.000000,96.000000,95.000000,95.000000,95.000000,5.0,2276.9632,2077.4141,7622.8770,7822.4261,PENDING_AG03,FALSE,NOT_FOR_ENFORCEMENT,9503.8466,634780.2826,9899.8402,9503.8466,395.9936,0.01352220,0.01298131,395.9936,9503.8466,0.01298131,395.9936,395.9936,494.9920,494.9920,494.9920,9503.8466,0.01298131,2276.9632,2077.4141,7622.8770,7822.4261,0.01041209,0.01068465,0.00054089,48.2545,43.5822,0.6525,899.9855,26.3996,66556.1651,1379.2727,,48.2545,52.3519,52.3519,52.3519,52.6635,78.5279,78.5279,52.3519,0.0,1.5,1.5,0.921734,8,96,3,1,0E-8,0.01352220,,0E-8,0.000000,0.903174,0.000000,,2026-03-21,2026-04-19,11,375,68,30,0.366667,,,0.000000,,,,,,,,GLOBAL_BASELINE_NO_ENTITY_RANKING,,,NOT_APPLICABLE_GLOBAL_BASELINE,HF9g-P5,,,,X 全窗基线 · 不参与实体赏罚,15056904,1506,A168_HF9F_20260827_0900,2026-08-27 09:00:00
2026-03-29,146105613,1399,0,2843.8265265840,-140.8747399743,-140.8747399743,0.4845361,108,108,0.50665070000000000,0.506650700000,-0.4356459872311849,-0.4356459872311849,-0.4356459872311849,0E-17,ELIGIBLE,R03b_20260811_FULL_v1,L1_ELIGIBILITY,v2026-08-11,2026-03-21..2026-08-06,baccarat_bet02_101_all_pairs_incl_sentinel,round_win = game_pnl > 0 (decisive only),COMPATIBILITY_ONLY_NOT_PRODUCTION,732117.8161,661229.4611,9899.8402,15172,15172,-0.01352220,,-0.01352220,-0.01352220,-9899.8402,732117.8161,OK,0.0000,395.9936,4.0000,96.0000,AG03-UNRESOLVED,ALL5_LEVELS_bet23_to_bet27,395.9936,395.9936,494.9920,494.9920,494.9920,4.000000,4.000000,5.000000,5.000000,5.000000,96.000000,96.000000,95.000000,95.000000,95.000000,5.0,2276.9632,2077.4141,7622.8770,7822.4261,PENDING_AG03,FALSE,NOT_FOR_ENFORCEMENT,9503.8466,634780.2826,9899.8402,9503.8466,395.9936,0.01352220,0.01298131,395.9936,9503.8466,0.01298131,395.9936,395.9936,494.9920,494.9920,494.9920,9503.8466,0.01298131,2276.9632,2077.4141,7622.8770,7822.4261,0.01041209,0.01068465,0.00054089,48.2545,43.5822,0.6525,899.9855,26.3996,66556.1651,1379.2727,,48.2545,52.3519,52.3519,52.3519,52.6635,78.5279,78.5279,52.3519,0.0,1.5,1.5,0.921734,8,96,3,1,0E-8,0.01352220,,0E-8,0.000000,0.903174,0.000000,,2026-03-21,2026-04-19,11,375,68,30,0.366667,,,0.000000,,,,,,,,GLOBAL_BASELINE_NO_ENTITY_RANKING,,,NOT_APPLICABLE_GLOBAL_BASELINE,HF9g-P5,,,,X 全窗基线 · 不参与实体赏罚,15056905,1506,A168_HF9F_20260827_0900,2026-08-27 09:00:00
2026-03-29,146105613,1400,0,6161.6241409320,-676.7253864186,-676.7253864186,0.4497608,234,234,0.50665070000000000,0.506650700000,-1.6450420160156878,-1.6450420160156878,-1.6450420160156878,0E-17,ELIGIBLE,R03b_20260811_FULL_v1,L1_ELIGIBILITY,v2026-08-11,2026-03-21..2026-08-06,baccarat_bet02_101_all_pairs_incl_sentinel,round_win = game_pnl > 0 (decisive only),COMPATIBILITY_ONLY_NOT_PRODUCTION,732117.8161,661229.4611,9899.8402,15172,15172,-0.01352220,,-0.01352220,-0.01352220,-9899.8402,732117.8161,OK,0.0000,395.9936,4.0000,96.0000,AG03-UNRESOLVED,ALL5_LEVELS_bet23_to_bet27,395.9936,395.9936,494.9920,494.9920,494.9920,4.000000,4.000000,5.000000,5.000000,5.000000,96.000000,96.000000,95.000000,95.000000,95.000000,5.0,2276.9632,2077.4141,7622.8770,7822.4261,PENDING_AG03,FALSE,NOT_FOR_ENFORCEMENT,9503.8466,634780.2826,9899.8402,9503.8466,395.9936,0.01352220,0.01298131,395.9936,9503.8466,0.01298131,395.9936,395.9936,494.9920,494.9920,494.9920,9503.8466,0.01298131,2276.9632,2077.4141,7622.8770,7822.4261,0.01041209,0.01068465,0.00054089,48.2545,43.5822,0.6525,899.9855,26.3996,66556.1651,1379.2727,,48.2545,52.3519,52.3519,52.3519,52.6635,78.5279,78.5279,52.3519,0.0,1.5,1.5,0.921734,8,96,3,1,0E-8,0.01352220,,0E-8,0.000000,0.903174,0.000000,,2026-03-21,2026-04-19,11,375,68,30,0.366667,,,0.000000,,,,,,,,GLOBAL_BASELINE_NO_ENTITY_RANKING,,,NOT_APPLICABLE_GLOBAL_BASELINE,HF9g-P5,,,,X 全窗基线 · 不参与实体赏罚,15056906,1506,A168_HF9F_20260827_0900,2026-08-27 09:00:00
2026-03-29,146105613,1402,0,2343.5237117220,-81.6283540038,-81.6283540038,0.4941176,89,89,0.50665070000000000,0.506650700000,-0.23111852403950087,-0.23111852403950087,-0.23111852403950087,0E-17,ELIGIBLE,R03b_20260811_FULL_v1,L1_ELIGIBILITY,v2026-08-11,2026-03-21..2026-08-06,baccarat_bet02_101_all_pairs_incl_sentinel,round_win = game_pnl > 0 (decisive only),COMPATIBILITY_ONLY_NOT_PRODUCTION,732117.8161,661229.4611,9899.8402,15172,15172,-0.01352220,,-0.01352220,-0.01352220,-9899.8402,732117.8161,OK,0.0000,395.9936,4.0000,96.0000,AG03-UNRESOLVED,ALL5_LEVELS_bet23_to_bet27,395.9936,395.9936,494.9920,494.9920,494.9920,4.000000,4.000000,5.000000,5.000000,5.000000,96.000000,96.000000,95.000000,95.000000,95.000000,5.0,2276.9632,2077.4141,7622.8770,7822.4261,PENDING_AG03,FALSE,NOT_FOR_ENFORCEMENT,9503.8466,634780.2826,9899.8402,9503.8466,395.9936,0.01352220,0.01298131,395.9936,9503.8466,0.01298131,395.9936,395.9936,494.9920,494.9920,494.9920,9503.8466,0.01298131,2276.9632,2077.4141,7622.8770,7822.4261,0.01041209,0.01068465,0.00054089,48.2545,43.5822,0.6525,899.9855,26.3996,66556.1651,1379.2727,,48.2545,52.3519,52.3519,52.3519,52.6635,78.5279,78.5279,52.3519,0.0,1.5,1.5,0.921734,8,96,3,1,0E-8,0.01352220,,0E-8,0.000000,0.903174,0.000000,,2026-03-21,2026-04-19,11,375,68,30,0.366667,,,0.000000,,,,,,,,GLOBAL_BASELINE_NO_ENTITY_RANKING,,,NOT_APPLICABLE_GLOBAL_BASELINE,HF9g-P5,,,,X 全窗基线 · 不参与实体赏罚,15056907,1506,A168_HF9F_20260827_0900,2026-08-27 09:00:00
2026-03-29,146105613,1491,0,3133.4755246620,-73.7288358744,-73.7288358744,0.5000000,119,119,0.50665070000000000,0.506650700000,-0.1407812405251936,-0.1407812405251936,-0.1407812405251936,0E-17,ELIGIBLE,R03b_20260811_FULL_v1,L1_ELIGIBILITY,v2026-08-11,2026-03-21..2026-08-06,baccarat_bet02_101_all_pairs_incl_sentinel,round_win = game_pnl > 0 (decisive only),COMPATIBILITY_ONLY_NOT_PRODUCTION,732117.8161,661229.4611,9899.8402,15172,15172,-0.01352220,,-0.01352220,-0.01352220,-9899.8402,732117.8161,OK,0.0000,395.9936,4.0000,96.0000,AG03-UNRESOLVED,ALL5_LEVELS_bet23_to_bet27,395.9936,395.9936,494.9920,494.9920,494.9920,4.000000,4.000000,5.000000,5.000000,5.000000,96.000000,96.000000,95.000000,95.000000,95.000000,5.0,2276.9632,2077.4141,7622.8770,7822.4261,PENDING_AG03,FALSE,NOT_FOR_ENFORCEMENT,9503.8466,634780.2826,9899.8402,9503.8466,395.9936,0.01352220,0.01298131,395.9936,9503.8466,0.01298131,395.9936,395.9936,494.9920,494.9920,494.9920,9503.8466,0.01298131,2276.9632,2077.4141,7622.8770,7822.4261,0.01041209,0.01068465,0.00054089,48.2545,43.5822,0.6525,899.9855,26.3996,66556.1651,1379.2727,,48.2545,52.3519,52.3519,52.3519,52.6635,78.5279,78.5279,52.3519,0.0,1.5,1.5,0.921734,8,96,3,1,0E-8,0.01352220,,0E-8,0.000000,0.903174,0.000000,,2026-03-21,2026-04-19,11,375,68,30,0.366667,,,0.000000,,,,,,,,GLOBAL_BASELINE_NO_ENTITY_RANKING,,,NOT_APPLICABLE_GLOBAL_BASELINE,HF9g-P5,,,,X 全窗基线 · 不参与实体赏罚,15056908,1506,A168_HF9F_20260827_0900,2026-08-27 09:00:00
2026-03-29,146105613,1507,0,3028.1486162700,9.2161044843,9.2161044843,0.5145631,115,115,0.50665070000000000,0.506650700000,0.1606185267103804,0.1606185267103804,0.1606185267103804,0E-17,ELIGIBLE,R03b_20260811_FULL_v1,L1_ELIGIBILITY,v2026-08-11,2026-03-21..2026-08-06,baccarat_bet02_101_all_pairs_incl_sentinel,round_win = game_pnl > 0 (decisive only),COMPATIBILITY_ONLY_NOT_PRODUCTION,732117.8161,661229.4611,9899.8402,15172,15172,-0.01352220,,-0.01352220,-0.01352220,-9899.8402,732117.8161,OK,0.0000,395.9936,4.0000,96.0000,AG03-UNRESOLVED,ALL5_LEVELS_bet23_to_bet27,395.9936,395.9936,494.9920,494.9920,494.9920,4.000000,4.000000,5.000000,5.000000,5.000000,96.000000,96.000000,95.000000,95.000000,95.000000,5.0,2276.9632,2077.4141,7622.8770,7822.4261,PENDING_AG03,FALSE,NOT_FOR_ENFORCEMENT,9503.8466,634780.2826,9899.8402,9503.8466,395.9936,0.01352220,0.01298131,395.9936,9503.8466,0.01298131,395.9936,395.9936,494.9920,494.9920,494.9920,9503.8466,0.01298131,2276.9632,2077.4141,7622.8770,7822.4261,0.01041209,0.01068465,0.00054089,48.2545,43.5822,0.6525,899.9855,26.3996,66556.1651,1379.2727,,48.2545,52.3519,52.3519,52.3519,52.6635,78.5279,78.5279,52.3519,0.0,1.5,1.5,0.921734,8,96,3,1,0E-8,0.01352220,,0E-8,0.000000,0.903174,0.000000,,2026-03-21,2026-04-19,11,375,68,30,0.366667,,,0.000000,,,,,,,,GLOBAL_BASELINE_NO_ENTITY_RANKING,,,NOT_APPLICABLE_GLOBAL_BASELINE,HF9g-P5,,,,X 全窗基线 · 不参与实体赏罚,15056909,1506,A168_HF9F_20260827_0900,2026-08-27 09:00:00
2026-03-29,146105613,1711,0,3054.4803433680,-325.1968296603,-325.1968296603,0.4519231,116,116,0.50665070000000000,0.506650700000,-1.1163276307600152,-1.1163276307600152,-1.1163276307600152,0E-17,ELIGIBLE,R03b_20260811_FULL_v1,L1_ELIGIBILITY,v2026-08-11,2026-03-21..2026-08-06,baccarat_bet02_101_all_pairs_incl_sentinel,round_win = game_pnl > 0 (decisive only),COMPATIBILITY_ONLY_NOT_PRODUCTION,732117.8161,661229.4611,9899.8402,15172,15172,-0.01352220,,-0.01352220,-0.01352220,-9899.8402,732117.8161,OK,0.0000,395.9936,4.0000,96.0000,AG03-UNRESOLVED,ALL5_LEVELS_bet23_to_bet27,395.9936,395.9936,494.9920,494.9920,494.9920,4.000000,4.000000,5.000000,5.000000,5.000000,96.000000,96.000000,95.000000,95.000000,95.000000,5.0,2276.9632,2077.4141,7622.8770,7822.4261,PENDING_AG03,FALSE,NOT_FOR_ENFORCEMENT,9503.8466,634780.2826,9899.8402,9503.8466,395.9936,0.01352220,0.01298131,395.9936,9503.8466,0.01298131,395.9936,395.9936,494.9920,494.9920,494.9920,9503.8466,0.01298131,2276.9632,2077.4141,7622.8770,7822.4261,0.01041209,0.01068465,0.00054089,48.2545,43.5822,0.6525,899.9855,26.3996,66556.1651,1379.2727,,48.2545,52.3519,52.3519,52.3519,52.6635,78.5279,78.5279,52.3519,0.0,1.5,1.5,0.921734,8,96,3,1,0E-8,0.01352220,,0E-8,0.000000,0.903174,0.000000,,2026-03-21,2026-04-19,11,375,68,30,0.366667,,,0.000000,,,,,,,,GLOBAL_BASELINE_NO_ENTITY_RANKING,,,NOT_APPLICABLE_GLOBAL_BASELINE,HF9g-P5,,,,X 全窗基线 · 不参与实体赏罚,15056910,1506,A168_HF9F_20260827_0900,2026-08-27 09:00:00
2026-03-29,146105613,1991,0,816.2835400380,-19.7487953235,-19.7487953235,0.5000000,31,31,0.50665070000000000,0.506650700000,-0.07286121411594618,-0.07286121411594618,-0.07286121411594618,0E-17,ELIGIBLE,R03b_20260811_FULL_v1,L1_ELIGIBILITY,v2026-08-11,2026-03-21..2026-08-06,baccarat_bet02_101_all_pairs_incl_sentinel,round_win = game_pnl > 0 (decisive only),COMPATIBILITY_ONLY_NOT_PRODUCTION,732117.8161,661229.4611,9899.8402,15172,15172,-0.01352220,,-0.01352220,-0.01352220,-9899.8402,732117.8161,OK,0.0000,395.9936,4.0000,96.0000,AG03-UNRESOLVED,ALL5_LEVELS_bet23_to_bet27,395.9936,395.9936,494.9920,494.9920,494.9920,4.000000,4.000000,5.000000,5.000000,5.000000,96.000000,96.000000,95.000000,95.000000,95.000000,5.0,2276.9632,2077.4141,7622.8770,7822.4261,PENDING_AG03,FALSE,NOT_FOR_ENFORCEMENT,9503.8466,634780.2826,9899.8402,9503.8466,395.9936,0.01352220,0.01298131,395.9936,9503.8466,0.01298131,395.9936,395.9936,494.9920,494.9920,494.9920,9503.8466,0.01298131,2276.9632,2077.4141,7622.8770,7822.4261,0.01041209,0.01068465,0.00054089,48.2545,43.5822,0.6525,899.9855,26.3996,66556.1651,1379.2727,,48.2545,52.3519,52.3519,52.3519,52.6635,78.5279,78.5279,52.3519,0.0,1.5,1.5,0.921734,8,96,3,1,0E-8,0.01352220,,0E-8,0.000000,0.903174,0.000000,,2026-03-21,2026-04-19,11,375,68,30,0.366667,,,0.000000,,,,,,,,GLOBAL_BASELINE_NO_ENTITY_RANKING,,,NOT_APPLICABLE_GLOBAL_BASELINE,HF9g-P5,,,,X 全窗基线 · 不参与实体赏罚,15056911,1506,A168_HF9F_20260827_0900,2026-08-27 09:00:00
2026-03-29,146105613,1994,0,2106.5381678400,-46.0805224215,-46.0805224215,0.5000000,80,80,0.50665070000000000,0.506650700000,-0.11129734297090277,-0.11129734297090277,-0.11129734297090277,0E-17,ELIGIBLE,R03b_20260811_FULL_v1,L1_ELIGIBILITY,v2026-08-11,2026-03-21..2026-08-06,baccarat_bet02_101_all_pairs_incl_sentinel,round_win = game_pnl > 0 (decisive only),COMPATIBILITY_ONLY_NOT_PRODUCTION,732117.8161,661229.4611,9899.8402,15172,15172,-0.01352220,,-0.01352220,-0.01352220,-9899.8402,732117.8161,OK,0.0000,395.9936,4.0000,96.0000,AG03-UNRESOLVED,ALL5_LEVELS_bet23_to_bet27,395.9936,395.9936,494.9920,494.9920,494.9920,4.000000,4.000000,5.000000,5.000000,5.000000,96.000000,96.000000,95.000000,95.000000,95.000000,5.0,2276.9632,2077.4141,7622.8770,7822.4261,PENDING_AG03,FALSE,NOT_FOR_ENFORCEMENT,9503.8466,634780.2826,9899.8402,9503.8466,395.9936,0.01352220,0.01298131,395.9936,9503.8466,0.01298131,395.9936,395.9936,494.9920,494.9920,494.9920,9503.8466,0.01298131,2276.9632,2077.4141,7622.8770,7822.4261,0.01041209,0.01068465,0.00054089,48.2545,43.5822,0.6525,899.9855,26.3996,66556.1651,1379.2727,,48.2545,52.3519,52.3519,52.3519,52.6635,78.5279,78.5279,52.3519,0.0,1.5,1.5,0.921734,8,96,3,1,0E-8,0.01352220,,0E-8,0.000000,0.903174,0.000000,,2026-03-21,2026-04-19,11,375,68,30,0.366667,,,0.000000,,,,,,,,GLOBAL_BASELINE_NO_ENTITY_RANKING,,,NOT_APPLICABLE_GLOBAL_BASELINE,HF9g-P5,,,,X 全窗基线 · 不参与实体赏罚,15056912,1506,A168_HF9F_20260827_0900,2026-08-27 09:00:00
2026-03-29,146105613,2088,0,2448.8506201140,-412.0915290837,-412.0915290837,0.4125000,93,93,0.50665070000000000,0.506650700000,-1.6843679345114217,-1.6843679345114217,-1.6843679345114217,0E-17,ELIGIBLE,R03b_20260811_FULL_v1,L1_ELIGIBILITY,v2026-08-11,2026-03-21..2026-08-06,baccarat_bet02_101_all_pairs_incl_sentinel,round_win = game_pnl > 0 (decisive only),COMPATIBILITY_ONLY_NOT_PRODUCTION,732117.8161,661229.4611,9899.8402,15172,15172,-0.01352220,,-0.01352220,-0.01352220,-9899.8402,732117.8161,OK,0.0000,395.9936,4.0000,96.0000,AG03-UNRESOLVED,ALL5_LEVELS_bet23_to_bet27,395.9936,395.9936,494.9920,494.9920,494.9920,4.000000,4.000000,5.000000,5.000000,5.000000,96.000000,96.000000,95.000000,95.000000,95.000000,5.0,2276.9632,2077.4141,7622.8770,7822.4261,PENDING_AG03,FALSE,NOT_FOR_ENFORCEMENT,9503.8466,634780.2826,9899.8402,9503.8466,395.9936,0.01352220,0.01298131,395.9936,9503.8466,0.01298131,395.9936,395.9936,494.9920,494.9920,494.9920,9503.8466,0.01298131,2276.9632,2077.4141,7622.8770,7822.4261,0.01041209,0.01068465,0.00054089,48.2545,43.5822,0.6525,899.9855,26.3996,66556.1651,1379.2727,,48.2545,52.3519,52.3519,52.3519,52.6635,78.5279,78.5279,52.3519,0.0,1.5,1.5,0.921734,8,96,3,1,0E-8,0.01352220,,0E-8,0.000000,0.903174,0.000000,,2026-03-21,2026-04-19,11,375,68,30,0.366667,,,0.000000,,,,,,,,GLOBAL_BASELINE_NO_ENTITY_RANKING,,,NOT_APPLICABLE_GLOBAL_BASELINE,HF9g-P5,,,,X 全窗基线 · 不参与实体赏罚,15056913,1506,A168_HF9F_20260827_0900,2026-08-27 09:00:00
2026-03-29,146105613,2123,0,6056.2972325400,-85.5781130685,-85.5781130685,0.5072464,229,229,0.50665070000000000,0.506650700000,0.01714211030472954,0.01714211030472954,0.01714211030472954,0E-17,ELIGIBLE,R03b_20260811_FULL_v1,L1_ELIGIBILITY,v2026-08-11,2026-03-21..2026-08-06,baccarat_bet02_101_all_pairs_incl_sentinel,round_win = game_pnl > 0 (decisive only),COMPATIBILITY_ONLY_NOT_PRODUCTION,732117.8161,661229.4611,9899.8402,15172,15172,-0.01352220,,-0.01352220,-0.01352220,-9899.8402,732117.8161,OK,0.0000,395.9936,4.0000,96.0000,AG03-UNRESOLVED,ALL5_LEVELS_bet23_to_bet27,395.9936,395.9936,494.9920,494.9920,494.9920,4.000000,4.000000,5.000000,5.000000,5.000000,96.000000,96.000000,95.000000,95.000000,95.000000,5.0,2276.9632,2077.4141,7622.8770,7822.4261,PENDING_AG03,FALSE,NOT_FOR_ENFORCEMENT,9503.8466,634780.2826,9899.8402,9503.8466,395.9936,0.01352220,0.01298131,395.9936,9503.8466,0.01298131,395.9936,395.9936,494.9920,494.9920,494.9920,9503.8466,0.01298131,2276.9632,2077.4141,7622.8770,7822.4261,0.01041209,0.01068465,0.00054089,48.2545,43.5822,0.6525,899.9855,26.3996,66556.1651,1379.2727,,48.2545,52.3519,52.3519,52.3519,52.6635,78.5279,78.5279,52.3519,0.0,1.5,1.5,0.921734,8,96,3,1,0E-8,0.01352220,,0E-8,0.000000,0.903174,0.000000,,2026-03-21,2026-04-19,11,375,68,30,0.366667,,,0.000000,,,,,,,,GLOBAL_BASELINE_NO_ENTITY_RANKING,,,NOT_APPLICABLE_GLOBAL_BASELINE,HF9g-P5,,,,X 全窗基线 · 不参与实体赏罚,15056914,1506,A168_HF9F_20260827_0900,2026-08-27 09:00:00
2026-03-29,146105613,2124,0,26.3317270980,-26.3317270980,-26.3317270980,0E-7,1,1,0.50665070000000000,0.506650700000,-1.013391052207602,-1.013391052207602,-1.013391052207602,0E-17,ELIGIBLE,R03b_20260811_FULL_v1,L1_ELIGIBILITY,v2026-08-11,2026-03-21..2026-08-06,baccarat_bet02_101_all_pairs_incl_sentinel,round_win = game_pnl > 0 (decisive only),COMPATIBILITY_ONLY_NOT_PRODUCTION,732117.8161,661229.4611,9899.8402,15172,15172,-0.01352220,,-0.01352220,-0.01352220,-9899.8402,732117.8161,OK,0.0000,395.9936,4.0000,96.0000,AG03-UNRESOLVED,ALL5_LEVELS_bet23_to_bet27,395.9936,395.9936,494.9920,494.9920,494.9920,4.000000,4.000000,5.000000,5.000000,5.000000,96.000000,96.000000,95.000000,95.000000,95.000000,5.0,2276.9632,2077.4141,7622.8770,7822.4261,PENDING_AG03,FALSE,NOT_FOR_ENFORCEMENT,9503.8466,634780.2826,9899.8402,9503.8466,395.9936,0.01352220,0.01298131,395.9936,9503.8466,0.01298131,395.9936,395.9936,494.9920,494.9920,494.9920,9503.8466,0.01298131,2276.9632,2077.4141,7622.8770,7822.4261,0.01041209,0.01068465,0.00054089,48.2545,43.5822,0.6525,899.9855,26.3996,66556.1651,1379.2727,,48.2545,52.3519,52.3519,52.3519,52.6635,78.5279,78.5279,52.3519,0.0,1.5,1.5,0.921734,8,96,3,1,0E-8,0.01352220,,0E-8,0.000000,0.903174,0.000000,,2026-03-21,2026-04-19,11,375,68,30,0.366667,,,0.000000,,,,,,,,GLOBAL_BASELINE_NO_ENTITY_RANKING,,,NOT_APPLICABLE_GLOBAL_BASELINE,HF9g-P5,,,,X 全窗基线 · 不参与实体赏罚,15056915,1506,A168_HF9F_20260827_0900,2026-08-27 09:00:00
2026-03-29,146105613,2142,0,236.9855438820,21.0653816784,21.0653816784,0.5714286,9,9,0.50665070000000000,0.506650700000,0.34280260342128577,0.34280260342128577,0.34280260342128577,0E-17,ELIGIBLE,R03b_20260811_FULL_v1,L1_ELIGIBILITY,v2026-08-11,2026-03-21..2026-08-06,baccarat_bet02_101_all_pairs_incl_sentinel,round_win = game_pnl > 0 (decisive only),COMPATIBILITY_ONLY_NOT_PRODUCTION,732117.8161,661229.4611,9899.8402,15172,15172,-0.01352220,,-0.01352220,-0.01352220,-9899.8402,732117.8161,OK,0.0000,395.9936,4.0000,96.0000,AG03-UNRESOLVED,ALL5_LEVELS_bet23_to_bet27,395.9936,395.9936,494.9920,494.9920,494.9920,4.000000,4.000000,5.000000,5.000000,5.000000,96.000000,96.000000,95.000000,95.000000,95.000000,5.0,2276.9632,2077.4141,7622.8770,7822.4261,PENDING_AG03,FALSE,NOT_FOR_ENFORCEMENT,9503.8466,634780.2826,9899.8402,9503.8466,395.9936,0.01352220,0.01298131,395.9936,9503.8466,0.01298131,395.9936,395.9936,494.9920,494.9920,494.9920,9503.8466,0.01298131,2276.9632,2077.4141,7622.8770,7822.4261,0.01041209,0.01068465,0.00054089,48.2545,43.5822,0.6525,899.9855,26.3996,66556.1651,1379.2727,,48.2545,52.3519,52.3519,52.3519,52.6635,78.5279,78.5279,52.3519,0.0,1.5,1.5,0.921734,8,96,3,1,0E-8,0.01352220,,0E-8,0.000000,0.903174,0.000000,,2026-03-21,2026-04-19,11,375,68,30,0.366667,,,0.000000,,,,,,,,GLOBAL_BASELINE_NO_ENTITY_RANKING,,,NOT_APPLICABLE_GLOBAL_BASELINE,HF9g-P5,,,,X 全窗基线 · 不参与实体赏罚,15056916,1506,A168_HF9F_20260827_0900,2026-08-27 09:00:00
2026-03-29,146105613,2169,0,5977.3020512460,-441.0564288915,-441.0564288915,0.4702970,227,227,0.50665070000000000,0.506650700000,-1.033456895165406,-1.0334568951654062,-1.033456895165406,0E-17,ELIGIBLE,R03b_20260811_FULL_v1,L1_ELIGIBILITY,v2026-08-11,2026-03-21..2026-08-06,baccarat_bet02_101_all_pairs_incl_sentinel,round_win = game_pnl > 0 (decisive only),COMPATIBILITY_ONLY_NOT_PRODUCTION,732117.8161,661229.4611,9899.8402,15172,15172,-0.01352220,,-0.01352220,-0.01352220,-9899.8402,732117.8161,OK,0.0000,395.9936,4.0000,96.0000,AG03-UNRESOLVED,ALL5_LEVELS_bet23_to_bet27,395.9936,395.9936,494.9920,494.9920,494.9920,4.000000,4.000000,5.000000,5.000000,5.000000,96.000000,96.000000,95.000000,95.000000,95.000000,5.0,2276.9632,2077.4141,7622.8770,7822.4261,PENDING_AG03,FALSE,NOT_FOR_ENFORCEMENT,9503.8466,634780.2826,9899.8402,9503.8466,395.9936,0.01352220,0.01298131,395.9936,9503.8466,0.01298131,395.9936,395.9936,494.9920,494.9920,494.9920,9503.8466,0.01298131,2276.9632,2077.4141,7622.8770,7822.4261,0.01041209,0.01068465,0.00054089,48.2545,43.5822,0.6525,899.9855,26.3996,66556.1651,1379.2727,,48.2545,52.3519,52.3519,52.3519,52.6635,78.5279,78.5279,52.3519,0.0,1.5,1.5,0.921734,8,96,3,1,0E-8,0.01352220,,0E-8,0.000000,0.903174,0.000000,,2026-03-21,2026-04-19,11,375,68,30,0.366667,,,0.000000,,,,,,,,GLOBAL_BASELINE_NO_ENTITY_RANKING,,,NOT_APPLICABLE_GLOBAL_BASELINE,HF9g-P5,,,,X 全窗基线 · 不参与实体赏罚,15056917,1506,A168_HF9F_20260827_0900,2026-08-27 09:00:00
2026-03-29,146105613,2202,0,2027.5429865460,131.6586354900,131.6586354900,0.5479452,77,77,0.50665070000000000,0.506650700000,0.7057032507814437,0.7057032507814436,0.7057032507814437,0E-17,ELIGIBLE,R03b_20260811_FULL_v1,L1_ELIGIBILITY,v2026-08-11,2026-03-21..2026-08-06,baccarat_bet02_101_all_pairs_incl_sentinel,round_win = game_pnl > 0 (decisive only),COMPATIBILITY_ONLY_NOT_PRODUCTION,732117.8161,661229.4611,9899.8402,15172,15172,-0.01352220,,-0.01352220,-0.01352220,-9899.8402,732117.8161,OK,0.0000,395.9936,4.0000,96.0000,AG03-UNRESOLVED,ALL5_LEVELS_bet23_to_bet27,395.9936,395.9936,494.9920,494.9920,494.9920,4.000000,4.000000,5.000000,5.000000,5.000000,96.000000,96.000000,95.000000,95.000000,95.000000,5.0,2276.9632,2077.4141,7622.8770,7822.4261,PENDING_AG03,FALSE,NOT_FOR_ENFORCEMENT,9503.8466,634780.2826,9899.8402,9503.8466,395.9936,0.01352220,0.01298131,395.9936,9503.8466,0.01298131,395.9936,395.9936,494.9920,494.9920,494.9920,9503.8466,0.01298131,2276.9632,2077.4141,7622.8770,7822.4261,0.01041209,0.01068465,0.00054089,48.2545,43.5822,0.6525,899.9855,26.3996,66556.1651,1379.2727,,48.2545,52.3519,52.3519,52.3519,52.6635,78.5279,78.5279,52.3519,0.0,1.5,1.5,0.921734,8,96,3,1,0E-8,0.01352220,,0E-8,0.000000,0.903174,0.000000,,2026-03-21,2026-04-19,11,375,68,30,0.366667,,,0.000000,,,,,,,,GLOBAL_BASELINE_NO_ENTITY_RANKING,,,NOT_APPLICABLE_GLOBAL_BASELINE,HF9g-P5,,,,X 全窗基线 · 不参与实体赏罚,15056918,1506,A168_HF9F_20260827_0900,2026-08-27 09:00:00
2026-03-29,146105613,2205,0,868.9469942340,81.6283540038,81.6283540038,0.5625000,33,33,0.50665070000000000,0.506650700000,0.6319186043531122,0.6319186043531122,0.6319186043531122,0E-17,ELIGIBLE,R03b_20260811_FULL_v1,L1_ELIGIBILITY,v2026-08-11,2026-03-21..2026-08-06,baccarat_bet02_101_all_pairs_incl_sentinel,round_win = game_pnl > 0 (decisive only),COMPATIBILITY_ONLY_NOT_PRODUCTION,732117.8161,661229.4611,9899.8402,15172,15172,-0.01352220,,-0.01352220,-0.01352220,-9899.8402,732117.8161,OK,0.0000,395.9936,4.0000,96.0000,AG03-UNRESOLVED,ALL5_LEVELS_bet23_to_bet27,395.9936,395.9936,494.9920,494.9920,494.9920,4.000000,4.000000,5.000000,5.000000,5.000000,96.000000,96.000000,95.000000,95.000000,95.000000,5.0,2276.9632,2077.4141,7622.8770,7822.4261,PENDING_AG03,FALSE,NOT_FOR_ENFORCEMENT,9503.8466,634780.2826,9899.8402,9503.8466,395.9936,0.01352220,0.01298131,395.9936,9503.8466,0.01298131,395.9936,395.9936,494.9920,494.9920,494.9920,9503.8466,0.01298131,2276.9632,2077.4141,7622.8770,7822.4261,0.01041209,0.01068465,0.00054089,48.2545,43.5822,0.6525,899.9855,26.3996,66556.1651,1379.2727,,48.2545,52.3519,52.3519,52.3519,52.6635,78.5279,78.5279,52.3519,0.0,1.5,1.5,0.921734,8,96,3,1,0E-8,0.01352220,,0E-8,0.000000,0.903174,0.000000,,2026-03-21,2026-04-19,11,375,68,30,0.366667,,,0.000000,,,,,,,,GLOBAL_BASELINE_NO_ENTITY_RANKING,,,NOT_APPLICABLE_GLOBAL_BASELINE,HF9g-P5,,,,X 全窗基线 · 不参与实体赏罚,15056919,1506,A168_HF9F_20260827_0900,2026-08-27 09:00:00
2026-03-29,146105613,2216,0,2712.1678910940,167.2064670723,167.2064670723,0.5463918,103,103,0.50665070000000000,0.506650700000,0.7828772106718813,0.7828772106718813,0.7828772106718813,0E-17,ELIGIBLE,R03b_20260811_FULL_v1,L1_ELIGIBILITY,v2026-08-11,2026-03-21..2026-08-06,baccarat_bet02_101_all_pairs_incl_sentinel,round_win = game_pnl > 0 (decisive only),COMPATIBILITY_ONLY_NOT_PRODUCTION,732117.8161,661229.4611,9899.8402,15172,15172,-0.01352220,,-0.01352220,-0.01352220,-9899.8402,732117.8161,OK,0.0000,395.9936,4.0000,96.0000,AG03-UNRESOLVED,ALL5_LEVELS_bet23_to_bet27,395.9936,395.9936,494.9920,494.9920,494.9920,4.000000,4.000000,5.000000,5.000000,5.000000,96.000000,96.000000,95.000000,95.000000,95.000000,5.0,2276.9632,2077.4141,7622.8770,7822.4261,PENDING_AG03,FALSE,NOT_FOR_ENFORCEMENT,9503.8466,634780.2826,9899.8402,9503.8466,395.9936,0.01352220,0.01298131,395.9936,9503.8466,0.01298131,395.9936,395.9936,494.9920,494.9920,494.9920,9503.8466,0.01298131,2276.9632,2077.4141,7622.8770,7822.4261,0.01041209,0.01068465,0.00054089,48.2545,43.5822,0.6525,899.9855,26.3996,66556.1651,1379.2727,,48.2545,52.3519,52.3519,52.3519,52.6635,78.5279,78.5279,52.3519,0.0,1.5,1.5,0.921734,8,96,3,1,0E-8,0.01352220,,0E-8,0.000000,0.903174,0.000000,,2026-03-21,2026-04-19,11,375,68,30,0.366667,,,0.000000,,,,,,,,GLOBAL_BASELINE_NO_ENTITY_RANKING,,,NOT_APPLICABLE_GLOBAL_BASELINE,HF9g-P5,,,,X 全窗基线 · 不参与实体赏罚,15056920,1506,A168_HF9F_20260827_0900,2026-08-27 09:00:00
2026-03-29,146105613,2220,0,1316.5863549000,98.7439766175,98.7439766175,0.5555556,50,50,0.50665070000000000,0.506650700000,0.6561855398288904,0.6561855398288904,0.6561855398288904,0E-17,ELIGIBLE,R03b_20260811_FULL_v1,L1_ELIGIBILITY,v2026-08-11,2026-03-21..2026-08-06,baccarat_bet02_101_all_pairs_incl_sentinel,round_win = game_pnl > 0 (decisive only),COMPATIBILITY_ONLY_NOT_PRODUCTION,732117.8161,661229.4611,9899.8402,15172,15172,-0.01352220,,-0.01352220,-0.01352220,-9899.8402,732117.8161,OK,0.0000,395.9936,4.0000,96.0000,AG03-UNRESOLVED,ALL5_LEVELS_bet23_to_bet27,395.9936,395.9936,494.9920,494.9920,494.9920,4.000000,4.000000,5.000000,5.000000,5.000000,96.000000,96.000000,95.000000,95.000000,95.000000,5.0,2276.9632,2077.4141,7622.8770,7822.4261,PENDING_AG03,FALSE,NOT_FOR_ENFORCEMENT,9503.8466,634780.2826,9899.8402,9503.8466,395.9936,0.01352220,0.01298131,395.9936,9503.8466,0.01298131,395.9936,395.9936,494.9920,494.9920,494.9920,9503.8466,0.01298131,2276.9632,2077.4141,7622.8770,7822.4261,0.01041209,0.01068465,0.00054089,48.2545,43.5822,0.6525,899.9855,26.3996,66556.1651,1379.2727,,48.2545,52.3519,52.3519,52.3519,52.6635,78.5279,78.5279,52.3519,0.0,1.5,1.5,0.921734,8,96,3,1,0E-8,0.01352220,,0E-8,0.000000,0.903174,0.000000,,2026-03-21,2026-04-19,11,375,68,30,0.366667,,,0.000000,,,,,,,,GLOBAL_BASELINE_NO_ENTITY_RANKING,,,NOT_APPLICABLE_GLOBAL_BASELINE,HF9g-P5,,,,X 全窗基线 · 不参与实体赏罚,15056921,1506,A168_HF9F_20260827_0900,2026-08-27 09:00:00
2026-03-29,146105613,2239,0,1158.5959923120,-155.3571898782,-155.3571898782,0.4390244,44,44,0.50665070000000000,0.506650700000,-0.866115949317215,-0.866115949317215,-0.866115949317215,0E-17,ELIGIBLE,R03b_20260811_FULL_v1,L1_ELIGIBILITY,v2026-08-11,2026-03-21..2026-08-06,baccarat_bet02_101_all_pairs_incl_sentinel,round_win = game_pnl > 0 (decisive only),COMPATIBILITY_ONLY_NOT_PRODUCTION,732117.8161,661229.4611,9899.8402,15172,15172,-0.01352220,,-0.01352220,-0.01352220,-9899.8402,732117.8161,OK,0.0000,395.9936,4.0000,96.0000,AG03-UNRESOLVED,ALL5_LEVELS_bet23_to_bet27,395.9936,395.9936,494.9920,494.9920,494.9920,4.000000,4.000000,5.000000,5.000000,5.000000,96.000000,96.000000,95.000000,95.000000,95.000000,5.0,2276.9632,2077.4141,7622.8770,7822.4261,PENDING_AG03,FALSE,NOT_FOR_ENFORCEMENT,9503.8466,634780.2826,9899.8402,9503.8466,395.9936,0.01352220,0.01298131,395.9936,9503.8466,0.01298131,395.9936,395.9936,494.9920,494.9920,494.9920,9503.8466,0.01298131,2276.9632,2077.4141,7622.8770,7822.4261,0.01041209,0.01068465,0.00054089,48.2545,43.5822,0.6525,899.9855,26.3996,66556.1651,1379.2727,,48.2545,52.3519,52.3519,52.3519,52.6635,78.5279,78.5279,52.3519,0.0,1.5,1.5,0.921734,8,96,3,1,0E-8,0.01352220,,0E-8,0.000000,0.903174,0.000000,,2026-03-21,2026-04-19,11,375,68,30,0.366667,,,0.000000,,,,,,,,GLOBAL_BASELINE_NO_ENTITY_RANKING,,,NOT_APPLICABLE_GLOBAL_BASELINE,HF9g-P5,,,,X 全窗基线 · 不参与实体赏罚,15056922,1506,A168_HF9F_20260827_0900,2026-08-27 09:00:00
2026-03-29,146105613,2256,0,1079.6008110180,-127.7088764253,-127.7088764253,0.4473684,41,41,0.50665070000000000,0.506650700000,-0.7309456859046314,-0.7309456859046314,-0.7309456859046314,0E-17,ELIGIBLE,R03b_20260811_FULL_v1,L1_ELIGIBILITY,v2026-08-11,2026-03-21..2026-08-06,baccarat_bet02_101_all_pairs_incl_sentinel,round_win = game_pnl > 0 (decisive only),COMPATIBILITY_ONLY_NOT_PRODUCTION,732117.8161,661229.4611,9899.8402,15172,15172,-0.01352220,,-0.01352220,-0.01352220,-9899.8402,732117.8161,OK,0.0000,395.9936,4.0000,96.0000,AG03-UNRESOLVED,ALL5_LEVELS_bet23_to_bet27,395.9936,395.9936,494.9920,494.9920,494.9920,4.000000,4.000000,5.000000,5.000000,5.000000,96.000000,96.000000,95.000000,95.000000,95.000000,5.0,2276.9632,2077.4141,7622.8770,7822.4261,PENDING_AG03,FALSE,NOT_FOR_ENFORCEMENT,9503.8466,634780.2826,9899.8402,9503.8466,395.9936,0.01352220,0.01298131,395.9936,9503.8466,0.01298131,395.9936,395.9936,494.9920,494.9920,494.9920,9503.8466,0.01298131,2276.9632,2077.4141,7622.8770,7822.4261,0.01041209,0.01068465,0.00054089,48.2545,43.5822,0.6525,899.9855,26.3996,66556.1651,1379.2727,,48.2545,52.3519,52.3519,52.3519,52.6635,78.5279,78.5279,52.3519,0.0,1.5,1.5,0.921734,8,96,3,1,0E-8,0.01352220,,0E-8,0.000000,0.903174,0.000000,,2026-03-21,2026-04-19,11,375,68,30,0.366667,,,0.000000,,,,,,,,GLOBAL_BASELINE_NO_ENTITY_RANKING,,,NOT_APPLICABLE_GLOBAL_BASELINE,HF9g-P5,,,,X 全窗基线 · 不参与实体赏罚,15056923,1506,A168_HF9F_20260827_0900,2026-08-27 09:00:00
2026-03-29,146105613,2258,0,1105.9325381160,-206.7040577193,-206.7040577193,0.4146341,42,42,0.50665070000000000,0.506650700000,-1.1784911081544849,-1.1784911081544849,-1.1784911081544849,0E-17,ELIGIBLE,R03b_20260811_FULL_v1,L1_ELIGIBILITY,v2026-08-11,2026-03-21..2026-08-06,baccarat_bet02_101_all_pairs_incl_sentinel,round_win = game_pnl > 0 (decisive only),COMPATIBILITY_ONLY_NOT_PRODUCTION,732117.8161,661229.4611,9899.8402,15172,15172,-0.01352220,,-0.01352220,-0.01352220,-9899.8402,732117.8161,OK,0.0000,395.9936,4.0000,96.0000,AG03-UNRESOLVED,ALL5_LEVELS_bet23_to_bet27,395.9936,395.9936,494.9920,494.9920,494.9920,4.000000,4.000000,5.000000,5.000000,5.000000,96.000000,96.000000,95.000000,95.000000,95.000000,5.0,2276.9632,2077.4141,7622.8770,7822.4261,PENDING_AG03,FALSE,NOT_FOR_ENFORCEMENT,9503.8466,634780.2826,9899.8402,9503.8466,395.9936,0.01352220,0.01298131,395.9936,9503.8466,0.01298131,395.9936,395.9936,494.9920,494.9920,494.9920,9503.8466,0.01298131,2276.9632,2077.4141,7622.8770,7822.4261,0.01041209,0.01068465,0.00054089,48.2545,43.5822,0.6525,899.9855,26.3996,66556.1651,1379.2727,,48.2545,52.3519,52.3519,52.3519,52.6635,78.5279,78.5279,52.3519,0.0,1.5,1.5,0.921734,8,96,3,1,0E-8,0.01352220,,0E-8,0.000000,0.903174,0.000000,,2026-03-21,2026-04-19,11,375,68,30,0.366667,,,0.000000,,,,,,,,GLOBAL_BASELINE_NO_ENTITY_RANKING,,,NOT_APPLICABLE_GLOBAL_BASELINE,HF9g-P5,,,,X 全窗基线 · 不参与实体赏罚,15056924,1506,A168_HF9F_20260827_0900,2026-08-27 09:00:00
2026-03-29,146105613,994,0,6187.9558680300,-498.9862285071,-498.9862285071,0.4691943,234,234,0.50665070000000000,0.506650700000,-1.0882671798728643,-1.0882671798728643,-1.0882671798728643,0E-17,ELIGIBLE,R03b_20260811_FULL_v1,L1_ELIGIBILITY,v2026-08-11,2026-03-21..2026-08-06,baccarat_bet02_101_all_pairs_incl_sentinel,round_win = game_pnl > 0 (decisive only),COMPATIBILITY_ONLY_NOT_PRODUCTION,732117.8161,661229.4611,9899.8402,15172,15172,-0.01352220,,-0.01352220,-0.01352220,-9899.8402,732117.8161,OK,0.0000,395.9936,4.0000,96.0000,AG03-UNRESOLVED,ALL5_LEVELS_bet23_to_bet27,395.9936,395.9936,494.9920,494.9920,494.9920,4.000000,4.000000,5.000000,5.000000,5.000000,96.000000,96.000000,95.000000,95.000000,95.000000,5.0,2276.9632,2077.4141,7622.8770,7822.4261,PENDING_AG03,FALSE,NOT_FOR_ENFORCEMENT,9503.8466,634780.2826,9899.8402,9503.8466,395.9936,0.01352220,0.01298131,395.9936,9503.8466,0.01298131,395.9936,395.9936,494.9920,494.9920,494.9920,9503.8466,0.01298131,2276.9632,2077.4141,7622.8770,7822.4261,0.01041209,0.01068465,0.00054089,48.2545,43.5822,0.6525,899.9855,26.3996,66556.1651,1379.2727,,48.2545,52.3519,52.3519,52.3519,52.6635,78.5279,78.5279,52.3519,0.0,1.5,1.5,0.921734,8,96,3,1,0E-8,0.01352220,,0E-8,0.000000,0.903174,0.000000,,2026-03-21,2026-04-19,11,375,68,30,0.366667,,,0.000000,,,,,,,,GLOBAL_BASELINE_NO_ENTITY_RANKING,,,NOT_APPLICABLE_GLOBAL_BASELINE,HF9g-P5,,,,X 全窗基线 · 不参与实体赏罚,15056925,1506,A168_HF9F_20260827_0900,2026-08-27 09:00:00
2026-03-30,146105613,1307,0,2106.5381678400,6.5829317745,6.5829317745,0.5147059,80,80,0.50665070000000000,0.506650700000,0.1328612246040873,0.1328612246040873,0.1328612246040873,0E-17,ELIGIBLE,R03b_20260811_FULL_v1,L1_ELIGIBILITY,v2026-08-11,2026-03-21..2026-08-06,baccarat_bet02_101_all_pairs_incl_sentinel,round_win = game_pnl > 0 (decisive only),COMPATIBILITY_ONLY_NOT_PRODUCTION,732117.8161,661229.4611,9899.8402,15172,15172,-0.01352220,,-0.01352220,-0.01352220,-9899.8402,732117.8161,OK,0.0000,395.9936,4.0000,96.0000,AG03-UNRESOLVED,ALL5_LEVELS_bet23_to_bet27,395.9936,395.9936,494.9920,494.9920,494.9920,4.000000,4.000000,5.000000,5.000000,5.000000,96.000000,96.000000,95.000000,95.000000,95.000000,5.0,2276.9632,2077.4141,7622.8770,7822.4261,PENDING_AG03,FALSE,NOT_FOR_ENFORCEMENT,9503.8466,634780.2826,9899.8402,9503.8466,395.9936,0.01352220,0.01298131,395.9936,9503.8466,0.01298131,395.9936,395.9936,494.9920,494.9920,494.9920,9503.8466,0.01298131,2276.9632,2077.4141,7622.8770,7822.4261,0.01041209,0.01068465,0.00054089,48.2545,43.5822,0.6525,899.9855,26.3996,66556.1651,1379.2727,,48.2545,52.3519,52.3519,52.3519,52.6635,78.5279,78.5279,52.3519,0.0,1.5,1.5,0.921734,8,96,3,1,0E-8,0.01352220,,0E-8,0.000000,0.903174,0.000000,,2026-03-21,2026-04-19,11,375,68,30,0.366667,,,0.000000,,,,,,,,GLOBAL_BASELINE_NO_ENTITY_RANKING,,,NOT_APPLICABLE_GLOBAL_BASELINE,HF9g-P5,,,,X 全窗基线 · 不参与实体赏罚,15056926,1506,A168_HF9F_20260827_0900,2026-08-27 09:00:00
2026-03-30,146105613,1384,0,2290.8602575260,-1.3165863549,-1.3165863549,0.5125000,87,87,0.50665070000000000,0.506650700000,0.10464471702640193,0.10464471702640193,0.10464471702640193,0E-17,ELIGIBLE,R03b_20260811_FULL_v1,L1_ELIGIBILITY,v2026-08-11,2026-03-21..2026-08-06,baccarat_bet02_101_all_pairs_incl_sentinel,round_win = game_pnl > 0 (decisive only),COMPATIBILITY_ONLY_NOT_PRODUCTION,732117.8161,661229.4611,9899.8402,15172,15172,-0.01352220,,-0.01352220,-0.01352220,-9899.8402,732117.8161,OK,0.0000,395.9936,4.0000,96.0000,AG03-UNRESOLVED,ALL5_LEVELS_bet23_to_bet27,395.9936,395.9936,494.9920,494.9920,494.9920,4.000000,4.000000,5.000000,5.000000,5.000000,96.000000,96.000000,95.000000,95.000000,95.000000,5.0,2276.9632,2077.4141,7622.8770,7822.4261,PENDING_AG03,FALSE,NOT_FOR_ENFORCEMENT,9503.8466,634780.2826,9899.8402,9503.8466,395.9936,0.01352220,0.01298131,395.9936,9503.8466,0.01298131,395.9936,395.9936,494.9920,494.9920,494.9920,9503.8466,0.01298131,2276.9632,2077.4141,7622.8770,7822.4261,0.01041209,0.01068465,0.00054089,48.2545,43.5822,0.6525,899.9855,26.3996,66556.1651,1379.2727,,48.2545,52.3519,52.3519,52.3519,52.6635,78.5279,78.5279,52.3519,0.0,1.5,1.5,0.921734,8,96,3,1,0E-8,0.01352220,,0E-8,0.000000,0.903174,0.000000,,2026-03-21,2026-04-19,11,375,68,30,0.366667,,,0.000000,,,,,,,,GLOBAL_BASELINE_NO_ENTITY_RANKING,,,NOT_APPLICABLE_GLOBAL_BASELINE,HF9g-P5,,,,X 全窗基线 · 不参与实体赏罚,15056927,1506,A168_HF9F_20260827_0900,2026-08-27 09:00:00
2026-03-30,146105613,1402,0,2001.2112594480,56.6132132607,56.6132132607,0.5285714,76,76,0.50665070000000000,0.506650700000,0.3668364000761353,0.3668364000761353,0.3668364000761353,0E-17,ELIGIBLE,R03b_20260811_FULL_v1,L1_ELIGIBILITY,v2026-08-11,2026-03-21..2026-08-06,baccarat_bet02_101_all_pairs_incl_sentinel,round_win = game_pnl > 0 (decisive only),COMPATIBILITY_ONLY_NOT_PRODUCTION,732117.8161,661229.4611,9899.8402,15172,15172,-0.01352220,,-0.01352220,-0.01352220,-9899.8402,732117.8161,OK,0.0000,395.9936,4.0000,96.0000,AG03-UNRESOLVED,ALL5_LEVELS_bet23_to_bet27,395.9936,395.9936,494.9920,494.9920,494.9920,4.000000,4.000000,5.000000,5.000000,5.000000,96.000000,96.000000,95.000000,95.000000,95.000000,5.0,2276.9632,2077.4141,7622.8770,7822.4261,PENDING_AG03,FALSE,NOT_FOR_ENFORCEMENT,9503.8466,634780.2826,9899.8402,9503.8466,395.9936,0.01352220,0.01298131,395.9936,9503.8466,0.01298131,395.9936,395.9936,494.9920,494.9920,494.9920,9503.8466,0.01298131,2276.9632,2077.4141,7622.8770,7822.4261,0.01041209,0.01068465,0.00054089,48.2545,43.5822,0.6525,899.9855,26.3996,66556.1651,1379.2727,,48.2545,52.3519,52.3519,52.3519,52.6635,78.5279,78.5279,52.3519,0.0,1.5,1.5,0.921734,8,96,3,1,0E-8,0.01352220,,0E-8,0.000000,0.903174,0.000000,,2026-03-21,2026-04-19,11,375,68,30,0.366667,,,0.000000,,,,,,,,GLOBAL_BASELINE_NO_ENTITY_RANKING,,,NOT_APPLICABLE_GLOBAL_BASELINE,HF9g-P5,,,,X 全窗基线 · 不参与实体赏罚,15056928,1506,A168_HF9F_20260827_0900,2026-08-27 09:00:00
2026-03-30,146105613,1991,0,895.2787213320,235.6689575271,235.6689575271,0.6562500,34,34,0.50665070000000000,0.506650700000,1.6926726184249854,1.6926726184249854,1.6926726184249854,0E-17,ELIGIBLE,R03b_20260811_FULL_v1,L1_ELIGIBILITY,v2026-08-11,2026-03-21..2026-08-06,baccarat_bet02_101_all_pairs_incl_sentinel,round_win = game_pnl > 0 (decisive only),COMPATIBILITY_ONLY_NOT_PRODUCTION,732117.8161,661229.4611,9899.8402,15172,15172,-0.01352220,,-0.01352220,-0.01352220,-9899.8402,732117.8161,OK,0.0000,395.9936,4.0000,96.0000,AG03-UNRESOLVED,ALL5_LEVELS_bet23_to_bet27,395.9936,395.9936,494.9920,494.9920,494.9920,4.000000,4.000000,5.000000,5.000000,5.000000,96.000000,96.000000,95.000000,95.000000,95.000000,5.0,2276.9632,2077.4141,7622.8770,7822.4261,PENDING_AG03,FALSE,NOT_FOR_ENFORCEMENT,9503.8466,634780.2826,9899.8402,9503.8466,395.9936,0.01352220,0.01298131,395.9936,9503.8466,0.01298131,395.9936,395.9936,494.9920,494.9920,494.9920,9503.8466,0.01298131,2276.9632,2077.4141,7622.8770,7822.4261,0.01041209,0.01068465,0.00054089,48.2545,43.5822,0.6525,899.9855,26.3996,66556.1651,1379.2727,,48.2545,52.3519,52.3519,52.3519,52.6635,78.5279,78.5279,52.3519,0.0,1.5,1.5,0.921734,8,96,3,1,0E-8,0.01352220,,0E-8,0.000000,0.903174,0.000000,,2026-03-21,2026-04-19,11,375,68,30,0.366667,,,0.000000,,,,,,,,GLOBAL_BASELINE_NO_ENTITY_RANKING,,,NOT_APPLICABLE_GLOBAL_BASELINE,HF9g-P5,,,,X 全窗基线 · 不参与实体赏罚,15056929,1506,A168_HF9F_20260827_0900,2026-08-27 09:00:00
2026-03-30,146105613,1994,0,2448.8506201140,46.0805224215,46.0805224215,0.5232558,93,93,0.50665070000000000,0.506650700000,0.3080062323096678,0.3080062323096677,0.3080062323096678,0E-17,ELIGIBLE,R03b_20260811_FULL_v1,L1_ELIGIBILITY,v2026-08-11,2026-03-21..2026-08-06,baccarat_bet02_101_all_pairs_incl_sentinel,round_win = game_pnl > 0 (decisive only),COMPATIBILITY_ONLY_NOT_PRODUCTION,732117.8161,661229.4611,9899.8402,15172,15172,-0.01352220,,-0.01352220,-0.01352220,-9899.8402,732117.8161,OK,0.0000,395.9936,4.0000,96.0000,AG03-UNRESOLVED,ALL5_LEVELS_bet23_to_bet27,395.9936,395.9936,494.9920,494.9920,494.9920,4.000000,4.000000,5.000000,5.000000,5.000000,96.000000,96.000000,95.000000,95.000000,95.000000,5.0,2276.9632,2077.4141,7622.8770,7822.4261,PENDING_AG03,FALSE,NOT_FOR_ENFORCEMENT,9503.8466,634780.2826,9899.8402,9503.8466,395.9936,0.01352220,0.01298131,395.9936,9503.8466,0.01298131,395.9936,395.9936,494.9920,494.9920,494.9920,9503.8466,0.01298131,2276.9632,2077.4141,7622.8770,7822.4261,0.01041209,0.01068465,0.00054089,48.2545,43.5822,0.6525,899.9855,26.3996,66556.1651,1379.2727,,48.2545,52.3519,52.3519,52.3519,52.6635,78.5279,78.5279,52.3519,0.0,1.5,1.5,0.921734,8,96,3,1,0E-8,0.01352220,,0E-8,0.000000,0.903174,0.000000,,2026-03-21,2026-04-19,11,375,68,30,0.366667,,,0.000000,,,,,,,,GLOBAL_BASELINE_NO_ENTITY_RANKING,,,NOT_APPLICABLE_GLOBAL_BASELINE,HF9g-P5,,,,X 全窗基线 · 不参与实体赏罚,15056930,1506,A168_HF9F_20260827_0900,2026-08-27 09:00:00
2026-03-30,146105613,2088,0,2211.8650762320,181.6889169762,181.6889169762,0.5600000,84,84,0.50665070000000000,0.506650700000,0.9241187359882539,0.9241187359882537,0.9241187359882539,0E-17,ELIGIBLE,R03b_20260811_FULL_v1,L1_ELIGIBILITY,v2026-08-11,2026-03-21..2026-08-06,baccarat_bet02_101_all_pairs_incl_sentinel,round_win = game_pnl > 0 (decisive only),COMPATIBILITY_ONLY_NOT_PRODUCTION,732117.8161,661229.4611,9899.8402,15172,15172,-0.01352220,,-0.01352220,-0.01352220,-9899.8402,732117.8161,OK,0.0000,395.9936,4.0000,96.0000,AG03-UNRESOLVED,ALL5_LEVELS_bet23_to_bet27,395.9936,395.9936,494.9920,494.9920,494.9920,4.000000,4.000000,5.000000,5.000000,5.000000,96.000000,96.000000,95.000000,95.000000,95.000000,5.0,2276.9632,2077.4141,7622.8770,7822.4261,PENDING_AG03,FALSE,NOT_FOR_ENFORCEMENT,9503.8466,634780.2826,9899.8402,9503.8466,395.9936,0.01352220,0.01298131,395.9936,9503.8466,0.01298131,395.9936,395.9936,494.9920,494.9920,494.9920,9503.8466,0.01298131,2276.9632,2077.4141,7622.8770,7822.4261,0.01041209,0.01068465,0.00054089,48.2545,43.5822,0.6525,899.9855,26.3996,66556.1651,1379.2727,,48.2545,52.3519,52.3519,52.3519,52.6635,78.5279,78.5279,52.3519,0.0,1.5,1.5,0.921734,8,96,3,1,0E-8,0.01352220,,0E-8,0.000000,0.903174,0.000000,,2026-03-21,2026-04-19,11,375,68,30,0.366667,,,0.000000,,,,,,,,GLOBAL_BASELINE_NO_ENTITY_RANKING,,,NOT_APPLICABLE_GLOBAL_BASELINE,HF9g-P5,,,,X 全窗基线 · 不参与实体赏罚,15056931,1506,A168_HF9F_20260827_0900,2026-08-27 09:00:00
2026-03-30,146105613,2202,0,1922.2160781540,-43.4473497117,-43.4473497117,0.5000000,73,73,0.50665070000000000,0.506650700000,-0.10807064517892664,-0.10807064517892664,-0.10807064517892664,0E-17,ELIGIBLE,R03b_20260811_FULL_v1,L1_ELIGIBILITY,v2026-08-11,2026-03-21..2026-08-06,baccarat_bet02_101_all_pairs_incl_sentinel,round_win = game_pnl > 0 (decisive only),COMPATIBILITY_ONLY_NOT_PRODUCTION,732117.8161,661229.4611,9899.8402,15172,15172,-0.01352220,,-0.01352220,-0.01352220,-9899.8402,732117.8161,OK,0.0000,395.9936,4.0000,96.0000,AG03-UNRESOLVED,ALL5_LEVELS_bet23_to_bet27,395.9936,395.9936,494.9920,494.9920,494.9920,4.000000,4.000000,5.000000,5.000000,5.000000,96.000000,96.000000,95.000000,95.000000,95.000000,5.0,2276.9632,2077.4141,7622.8770,7822.4261,PENDING_AG03,FALSE,NOT_FOR_ENFORCEMENT,9503.8466,634780.2826,9899.8402,9503.8466,395.9936,0.01352220,0.01298131,395.9936,9503.8466,0.01298131,395.9936,395.9936,494.9920,494.9920,494.9920,9503.8466,0.01298131,2276.9632,2077.4141,7622.8770,7822.4261,0.01041209,0.01068465,0.00054089,48.2545,43.5822,0.6525,899.9855,26.3996,66556.1651,1379.2727,,48.2545,52.3519,52.3519,52.3519,52.6635,78.5279,78.5279,52.3519,0.0,1.5,1.5,0.921734,8,96,3,1,0E-8,0.01352220,,0E-8,0.000000,0.903174,0.000000,,2026-03-21,2026-04-19,11,375,68,30,0.366667,,,0.000000,,,,,,,,GLOBAL_BASELINE_NO_ENTITY_RANKING,,,NOT_APPLICABLE_GLOBAL_BASELINE,HF9g-P5,,,,X 全窗基线 · 不参与实体赏罚,15056932,1506,A168_HF9F_20260827_0900,2026-08-27 09:00:00
2026-03-30,146105613,2205,0,1290.2546278020,-80.3117676489,-80.3117676489,0.4772727,49,49,0.50665070000000000,0.506650700000,-0.38977733319019725,-0.38977733319019725,-0.38977733319019725,0E-17,ELIGIBLE,R03b_20260811_FULL_v1,L1_ELIGIBILITY,v2026-08-11,2026-03-21..2026-08-06,baccarat_bet02_101_all_pairs_incl_sentinel,round_win = game_pnl > 0 (decisive only),COMPATIBILITY_ONLY_NOT_PRODUCTION,732117.8161,661229.4611,9899.8402,15172,15172,-0.01352220,,-0.01352220,-0.01352220,-9899.8402,732117.8161,OK,0.0000,395.9936,4.0000,96.0000,AG03-UNRESOLVED,ALL5_LEVELS_bet23_to_bet27,395.9936,395.9936,494.9920,494.9920,494.9920,4.000000,4.000000,5.000000,5.000000,5.000000,96.000000,96.000000,95.000000,95.000000,95.000000,5.0,2276.9632,2077.4141,7622.8770,7822.4261,PENDING_AG03,FALSE,NOT_FOR_ENFORCEMENT,9503.8466,634780.2826,9899.8402,9503.8466,395.9936,0.01352220,0.01298131,395.9936,9503.8466,0.01298131,395.9936,395.9936,494.9920,494.9920,494.9920,9503.8466,0.01298131,2276.9632,2077.4141,7622.8770,7822.4261,0.01041209,0.01068465,0.00054089,48.2545,43.5822,0.6525,899.9855,26.3996,66556.1651,1379.2727,,48.2545,52.3519,52.3519,52.3519,52.6635,78.5279,78.5279,52.3519,0.0,1.5,1.5,0.921734,8,96,3,1,0E-8,0.01352220,,0E-8,0.000000,0.903174,0.000000,,2026-03-21,2026-04-19,11,375,68,30,0.366667,,,0.000000,,,,,,,,GLOBAL_BASELINE_NO_ENTITY_RANKING,,,NOT_APPLICABLE_GLOBAL_BASELINE,HF9g-P5,,,,X 全窗基线 · 不参与实体赏罚,15056933,1506,A168_HF9F_20260827_0900,2026-08-27 09:00:00
2026-03-30,146105613,2220,0,1211.2594465080,-76.3620085842,-76.3620085842,0.4736842,46,46,0.50665070000000000,0.506650700000,-0.40647413844537406,-0.40647413844537406,-0.40647413844537406,0E-17,ELIGIBLE,R03b_20260811_FULL_v1,L1_ELIGIBILITY,v2026-08-11,2026-03-21..2026-08-06,baccarat_bet02_101_all_pairs_incl_sentinel,round_win = game_pnl > 0 (decisive only),COMPATIBILITY_ONLY_NOT_PRODUCTION,732117.8161,661229.4611,9899.8402,15172,15172,-0.01352220,,-0.01352220,-0.01352220,-9899.8402,732117.8161,OK,0.0000,395.9936,4.0000,96.0000,AG03-UNRESOLVED,ALL5_LEVELS_bet23_to_bet27,395.9936,395.9936,494.9920,494.9920,494.9920,4.000000,4.000000,5.000000,5.000000,5.000000,96.000000,96.000000,95.000000,95.000000,95.000000,5.0,2276.9632,2077.4141,7622.8770,7822.4261,PENDING_AG03,FALSE,NOT_FOR_ENFORCEMENT,9503.8466,634780.2826,9899.8402,9503.8466,395.9936,0.01352220,0.01298131,395.9936,9503.8466,0.01298131,395.9936,395.9936,494.9920,494.9920,494.9920,9503.8466,0.01298131,2276.9632,2077.4141,7622.8770,7822.4261,0.01041209,0.01068465,0.00054089,48.2545,43.5822,0.6525,899.9855,26.3996,66556.1651,1379.2727,,48.2545,52.3519,52.3519,52.3519,52.6635,78.5279,78.5279,52.3519,0.0,1.5,1.5,0.921734,8,96,3,1,0E-8,0.01352220,,0E-8,0.000000,0.903174,0.000000,,2026-03-21,2026-04-19,11,375,68,30,0.366667,,,0.000000,,,,,,,,GLOBAL_BASELINE_NO_ENTITY_RANKING,,,NOT_APPLICABLE_GLOBAL_BASELINE,HF9g-P5,,,,X 全窗基线 · 不参与实体赏罚,15056934,1506,A168_HF9F_20260827_0900,2026-08-27 09:00:00
2026-03-30,146105613,2239,0,921.6104484300,-96.1108039077,-96.1108039077,0.4482759,35,35,0.50665070000000000,0.506650700000,-0.6287718715938491,-0.6287718715938491,-0.6287718715938491,0E-17,ELIGIBLE,R03b_20260811_FULL_v1,L1_ELIGIBILITY,v2026-08-11,2026-03-21..2026-08-06,baccarat_bet02_101_all_pairs_incl_sentinel,round_win = game_pnl > 0 (decisive only),COMPATIBILITY_ONLY_NOT_PRODUCTION,732117.8161,661229.4611,9899.8402,15172,15172,-0.01352220,,-0.01352220,-0.01352220,-9899.8402,732117.8161,OK,0.0000,395.9936,4.0000,96.0000,AG03-UNRESOLVED,ALL5_LEVELS_bet23_to_bet27,395.9936,395.9936,494.9920,494.9920,494.9920,4.000000,4.000000,5.000000,5.000000,5.000000,96.000000,96.000000,95.000000,95.000000,95.000000,5.0,2276.9632,2077.4141,7622.8770,7822.4261,PENDING_AG03,FALSE,NOT_FOR_ENFORCEMENT,9503.8466,634780.2826,9899.8402,9503.8466,395.9936,0.01352220,0.01298131,395.9936,9503.8466,0.01298131,395.9936,395.9936,494.9920,494.9920,494.9920,9503.8466,0.01298131,2276.9632,2077.4141,7622.8770,7822.4261,0.01041209,0.01068465,0.00054089,48.2545,43.5822,0.6525,899.9855,26.3996,66556.1651,1379.2727,,48.2545,52.3519,52.3519,52.3519,52.6635,78.5279,78.5279,52.3519,0.0,1.5,1.5,0.921734,8,96,3,1,0E-8,0.01352220,,0E-8,0.000000,0.903174,0.000000,,2026-03-21,2026-04-19,11,375,68,30,0.366667,,,0.000000,,,,,,,,GLOBAL_BASELINE_NO_ENTITY_RANKING,,,NOT_APPLICABLE_GLOBAL_BASELINE,HF9g-P5,,,,X 全窗基线 · 不参与实体赏罚,15056935,1506,A168_HF9F_20260827_0900,2026-08-27 09:00:00
2026-03-30,146105613,2256,0,1000.6056297240,159.3069489429,159.3069489429,0.6129032,38,38,0.50665070000000000,0.506650700000,1.1832827353975772,1.1832827353975772,1.1832827353975772,0E-17,ELIGIBLE,R03b_20260811_FULL_v1,L1_ELIGIBILITY,v2026-08-11,2026-03-21..2026-08-06,baccarat_bet02_101_all_pairs_incl_sentinel,round_win = game_pnl > 0 (decisive only),COMPATIBILITY_ONLY_NOT_PRODUCTION,732117.8161,661229.4611,9899.8402,15172,15172,-0.01352220,,-0.01352220,-0.01352220,-9899.8402,732117.8161,OK,0.0000,395.9936,4.0000,96.0000,AG03-UNRESOLVED,ALL5_LEVELS_bet23_to_bet27,395.9936,395.9936,494.9920,494.9920,494.9920,4.000000,4.000000,5.000000,5.000000,5.000000,96.000000,96.000000,95.000000,95.000000,95.000000,5.0,2276.9632,2077.4141,7622.8770,7822.4261,PENDING_AG03,FALSE,NOT_FOR_ENFORCEMENT,9503.8466,634780.2826,9899.8402,9503.8466,395.9936,0.01352220,0.01298131,395.9936,9503.8466,0.01298131,395.9936,395.9936,494.9920,494.9920,494.9920,9503.8466,0.01298131,2276.9632,2077.4141,7622.8770,7822.4261,0.01041209,0.01068465,0.00054089,48.2545,43.5822,0.6525,899.9855,26.3996,66556.1651,1379.2727,,48.2545,52.3519,52.3519,52.3519,52.6635,78.5279,78.5279,52.3519,0.0,1.5,1.5,0.921734,8,96,3,1,0E-8,0.01352220,,0E-8,0.000000,0.903174,0.000000,,2026-03-21,2026-04-19,11,375,68,30,0.366667,,,0.000000,,,,,,,,GLOBAL_BASELINE_NO_ENTITY_RANKING,,,NOT_APPLICABLE_GLOBAL_BASELINE,HF9g-P5,,,,X 全窗基线 · 不参与实体赏罚,15056936,1506,A168_HF9F_20260827_0900,2026-08-27 09:00:00
2026-03-30,146105613,2258,0,579.2979961560,-218.5533349134,-218.5533349134,0.3000000,22,22,0.50665070000000000,0.506650700000,-1.8485035837457369,-1.8485035837457369,-1.8485035837457369,0E-17,ELIGIBLE,R03b_20260811_FULL_v1,L1_ELIGIBILITY,v2026-08-11,2026-03-21..2026-08-06,baccarat_bet02_101_all_pairs_incl_sentinel,round_win = game_pnl > 0 (decisive only),COMPATIBILITY_ONLY_NOT_PRODUCTION,732117.8161,661229.4611,9899.8402,15172,15172,-0.01352220,,-0.01352220,-0.01352220,-9899.8402,732117.8161,OK,0.0000,395.9936,4.0000,96.0000,AG03-UNRESOLVED,ALL5_LEVELS_bet23_to_bet27,395.9936,395.9936,494.9920,494.9920,494.9920,4.000000,4.000000,5.000000,5.000000,5.000000,96.000000,96.000000,95.000000,95.000000,95.000000,5.0,2276.9632,2077.4141,7622.8770,7822.4261,PENDING_AG03,FALSE,NOT_FOR_ENFORCEMENT,9503.8466,634780.2826,9899.8402,9503.8466,395.9936,0.01352220,0.01298131,395.9936,9503.8466,0.01298131,395.9936,395.9936,494.9920,494.9920,494.9920,9503.8466,0.01298131,2276.9632,2077.4141,7622.8770,7822.4261,0.01041209,0.01068465,0.00054089,48.2545,43.5822,0.6525,899.9855,26.3996,66556.1651,1379.2727,,48.2545,52.3519,52.3519,52.3519,52.6635,78.5279,78.5279,52.3519,0.0,1.5,1.5,0.921734,8,96,3,1,0E-8,0.01352220,,0E-8,0.000000,0.903174,0.000000,,2026-03-21,2026-04-19,11,375,68,30,0.366667,,,0.000000,,,,,,,,GLOBAL_BASELINE_NO_ENTITY_RANKING,,,NOT_APPLICABLE_GLOBAL_BASELINE,HF9g-P5,,,,X 全窗基线 · 不参与实体赏罚,15056937,1506,A168_HF9F_20260827_0900,2026-08-27 09:00:00
2026-03-30,146105613,986,0,342.3124522740,-7.8995181294,-7.8995181294,0.5000000,13,13,0.50665070000000000,0.506650700000,-0.04608147793832031,-0.04608147793832031,-0.04608147793832031,0E-17,ELIGIBLE,R03b_20260811_FULL_v1,L1_ELIGIBILITY,v2026-08-11,2026-03-21..2026-08-06,baccarat_bet02_101_all_pairs_incl_sentinel,round_win = game_pnl > 0 (decisive only),COMPATIBILITY_ONLY_NOT_PRODUCTION,732117.8161,661229.4611,9899.8402,15172,15172,-0.01352220,,-0.01352220,-0.01352220,-9899.8402,732117.8161,OK,0.0000,395.9936,4.0000,96.0000,AG03-UNRESOLVED,ALL5_LEVELS_bet23_to_bet27,395.9936,395.9936,494.9920,494.9920,494.9920,4.000000,4.000000,5.000000,5.000000,5.000000,96.000000,96.000000,95.000000,95.000000,95.000000,5.0,2276.9632,2077.4141,7622.8770,7822.4261,PENDING_AG03,FALSE,NOT_FOR_ENFORCEMENT,9503.8466,634780.2826,9899.8402,9503.8466,395.9936,0.01352220,0.01298131,395.9936,9503.8466,0.01298131,395.9936,395.9936,494.9920,494.9920,494.9920,9503.8466,0.01298131,2276.9632,2077.4141,7622.8770,7822.4261,0.01041209,0.01068465,0.00054089,48.2545,43.5822,0.6525,899.9855,26.3996,66556.1651,1379.2727,,48.2545,52.3519,52.3519,52.3519,52.6635,78.5279,78.5279,52.3519,0.0,1.5,1.5,0.921734,8,96,3,1,0E-8,0.01352220,,0E-8,0.000000,0.903174,0.000000,,2026-03-21,2026-04-19,11,375,68,30,0.366667,,,0.000000,,,,,,,,GLOBAL_BASELINE_NO_ENTITY_RANKING,,,NOT_APPLICABLE_GLOBAL_BASELINE,HF9g-P5,,,,X 全窗基线 · 不参与实体赏罚,15056938,1506,A168_HF9F_20260827_0900,2026-08-27 09:00:00
2026-04-06,146105613,1318,0,7276.9154254901,-622.9877234775,-622.9877234775,0.4640000,139,139,0.50665070000000000,0.506650700000,-0.9537830237118032,-0.9537830237118032,-0.9537830237118032,0E-17,ELIGIBLE,R03b_20260811_FULL_v1,L1_ELIGIBILITY,v2026-08-11,2026-03-21..2026-08-06,baccarat_bet02_101_all_pairs_incl_sentinel,round_win = game_pnl > 0 (decisive only),COMPATIBILITY_ONLY_NOT_PRODUCTION,732117.8161,661229.4611,9899.8402,15172,15172,-0.01352220,,-0.01352220,-0.01352220,-9899.8402,732117.8161,OK,0.0000,395.9936,4.0000,96.0000,AG03-UNRESOLVED,ALL5_LEVELS_bet23_to_bet27,395.9936,395.9936,494.9920,494.9920,494.9920,4.000000,4.000000,5.000000,5.000000,5.000000,96.000000,96.000000,95.000000,95.000000,95.000000,5.0,2276.9632,2077.4141,7622.8770,7822.4261,PENDING_AG03,FALSE,NOT_FOR_ENFORCEMENT,9503.8466,634780.2826,9899.8402,9503.8466,395.9936,0.01352220,0.01298131,395.9936,9503.8466,0.01298131,395.9936,395.9936,494.9920,494.9920,494.9920,9503.8466,0.01298131,2276.9632,2077.4141,7622.8770,7822.4261,0.01041209,0.01068465,0.00054089,48.2545,43.5822,0.6525,899.9855,26.3996,66556.1651,1379.2727,,48.2545,52.3519,52.3519,52.3519,52.6635,78.5279,78.5279,52.3519,0.0,1.5,1.5,0.921734,8,96,3,1,0E-8,0.01352220,,0E-8,0.000000,0.903174,0.000000,,2026-03-21,2026-04-19,11,375,68,30,0.366667,,,0.000000,,,,,,,,GLOBAL_BASELINE_NO_ENTITY_RANKING,,,NOT_APPLICABLE_GLOBAL_BASELINE,HF9g-P5,,,,X 全窗基线 · 不参与实体赏罚,15056939,1506,A168_HF9F_20260827_0900,2026-08-27 09:00:00
2026-04-06,146105613,1325,0,3507.5779389053,-1049.6557861949,-1049.6557861949,0.3442623,67,67,0.50665070000000000,0.506650700000,-2.5368123993019043,-2.5368123993019043,-2.5368123993019043,0E-17,ELIGIBLE,R03b_20260811_FULL_v1,L1_ELIGIBILITY,v2026-08-11,2026-03-21..2026-08-06,baccarat_bet02_101_all_pairs_incl_sentinel,round_win = game_pnl > 0 (decisive only),COMPATIBILITY_ONLY_NOT_PRODUCTION,732117.8161,661229.4611,9899.8402,15172,15172,-0.01352220,,-0.01352220,-0.01352220,-9899.8402,732117.8161,OK,0.0000,395.9936,4.0000,96.0000,AG03-UNRESOLVED,ALL5_LEVELS_bet23_to_bet27,395.9936,395.9936,494.9920,494.9920,494.9920,4.000000,4.000000,5.000000,5.000000,5.000000,96.000000,96.000000,95.000000,95.000000,95.000000,5.0,2276.9632,2077.4141,7622.8770,7822.4261,PENDING_AG03,FALSE,NOT_FOR_ENFORCEMENT,9503.8466,634780.2826,9899.8402,9503.8466,395.9936,0.01352220,0.01298131,395.9936,9503.8466,0.01298131,395.9936,395.9936,494.9920,494.9920,494.9920,9503.8466,0.01298131,2276.9632,2077.4141,7622.8770,7822.4261,0.01041209,0.01068465,0.00054089,48.2545,43.5822,0.6525,899.9855,26.3996,66556.1651,1379.2727,,48.2545,52.3519,52.3519,52.3519,52.6635,78.5279,78.5279,52.3519,0.0,1.5,1.5,0.921734,8,96,3,1,0E-8,0.01352220,,0E-8,0.000000,0.903174,0.000000,,2026-03-21,2026-04-19,11,375,68,30,0.366667,,,0.000000,,,,,,,,GLOBAL_BASELINE_NO_ENTITY_RANKING,,,NOT_APPLICABLE_GLOBAL_BASELINE,HF9g-P5,,,,X 全窗基线 · 不参与实体赏罚,15056940,1506,A168_HF9F_20260827_0900,2026-08-27 09:00:00
2026-04-06,146105613,1396,0,3769.3374865848,-492.1079496376,-492.1079496376,0.4375000,72,72,0.50665070000000000,0.506650700000,-1.1065090901308094,-1.1065090901308094,-1.1065090901308094,0E-17,ELIGIBLE,R03b_20260811_FULL_v1,L1_ELIGIBILITY,v2026-08-11,2026-03-21..2026-08-06,baccarat_bet02_101_all_pairs_incl_sentinel,round_win = game_pnl > 0 (decisive only),COMPATIBILITY_ONLY_NOT_PRODUCTION,732117.8161,661229.4611,9899.8402,15172,15172,-0.01352220,,-0.01352220,-0.01352220,-9899.8402,732117.8161,OK,0.0000,395.9936,4.0000,96.0000,AG03-UNRESOLVED,ALL5_LEVELS_bet23_to_bet27,395.9936,395.9936,494.9920,494.9920,494.9920,4.000000,4.000000,5.000000,5.000000,5.000000,96.000000,96.000000,95.000000,95.000000,95.000000,5.0,2276.9632,2077.4141,7622.8770,7822.4261,PENDING_AG03,FALSE,NOT_FOR_ENFORCEMENT,9503.8466,634780.2826,9899.8402,9503.8466,395.9936,0.01352220,0.01298131,395.9936,9503.8466,0.01298131,395.9936,395.9936,494.9920,494.9920,494.9920,9503.8466,0.01298131,2276.9632,2077.4141,7622.8770,7822.4261,0.01041209,0.01068465,0.00054089,48.2545,43.5822,0.6525,899.9855,26.3996,66556.1651,1379.2727,,48.2545,52.3519,52.3519,52.3519,52.6635,78.5279,78.5279,52.3519,0.0,1.5,1.5,0.921734,8,96,3,1,0E-8,0.01352220,,0E-8,0.000000,0.903174,0.000000,,2026-03-21,2026-04-19,11,375,68,30,0.366667,,,0.000000,,,,,,,,GLOBAL_BASELINE_NO_ENTITY_RANKING,,,NOT_APPLICABLE_GLOBAL_BASELINE,HF9g-P5,,,,X 全窗基线 · 不参与实体赏罚,15056941,1506,A168_HF9F_20260827_0900,2026-08-27 09:00:00
2026-04-06,146105613,1401,0,3245.8183912258,382.1689396119,382.1689396119,0.5762712,62,62,0.50665070000000000,0.506650700000,1.0696248338483194,1.0696248338483194,1.0696248338483194,0E-17,ELIGIBLE,R03b_20260811_FULL_v1,L1_ELIGIBILITY,v2026-08-11,2026-03-21..2026-08-06,baccarat_bet02_101_all_pairs_incl_sentinel,round_win = game_pnl > 0 (decisive only),COMPATIBILITY_ONLY_NOT_PRODUCTION,732117.8161,661229.4611,9899.8402,15172,15172,-0.01352220,,-0.01352220,-0.01352220,-9899.8402,732117.8161,OK,0.0000,395.9936,4.0000,96.0000,AG03-UNRESOLVED,ALL5_LEVELS_bet23_to_bet27,395.9936,395.9936,494.9920,494.9920,494.9920,4.000000,4.000000,5.000000,5.000000,5.000000,96.000000,96.000000,95.000000,95.000000,95.000000,5.0,2276.9632,2077.4141,7622.8770,7822.4261,PENDING_AG03,FALSE,NOT_FOR_ENFORCEMENT,9503.8466,634780.2826,9899.8402,9503.8466,395.9936,0.01352220,0.01298131,395.9936,9503.8466,0.01298131,395.9936,395.9936,494.9920,494.9920,494.9920,9503.8466,0.01298131,2276.9632,2077.4141,7622.8770,7822.4261,0.01041209,0.01068465,0.00054089,48.2545,43.5822,0.6525,899.9855,26.3996,66556.1651,1379.2727,,48.2545,52.3519,52.3519,52.3519,52.6635,78.5279,78.5279,52.3519,0.0,1.5,1.5,0.921734,8,96,3,1,0E-8,0.01352220,,0E-8,0.000000,0.903174,0.000000,,2026-03-21,2026-04-19,11,375,68,30,0.366667,,,0.000000,,,,,,,,GLOBAL_BASELINE_NO_ENTITY_RANKING,,,NOT_APPLICABLE_GLOBAL_BASELINE,HF9g-P5,,,,X 全窗基线 · 不参与实体赏罚,15056942,1506,A168_HF9F_20260827_0900,2026-08-27 09:00:00
2026-04-06,146105613,1505,0,2512.8916577232,-722.4563515955,-722.4563515955,0.3409091,47,47,0.50665070000000000,0.506650700000,-2.199005458607899,-2.199005458607899,-2.199005458607899,0E-17,ELIGIBLE,R03b_20260811_FULL_v1,L1_ELIGIBILITY,v2026-08-11,2026-03-21..2026-08-06,baccarat_bet02_101_all_pairs_incl_sentinel,round_win = game_pnl > 0 (decisive only),COMPATIBILITY_ONLY_NOT_PRODUCTION,732117.8161,661229.4611,9899.8402,15172,15172,-0.01352220,,-0.01352220,-0.01352220,-9899.8402,732117.8161,OK,0.0000,395.9936,4.0000,96.0000,AG03-UNRESOLVED,ALL5_LEVELS_bet23_to_bet27,395.9936,395.9936,494.9920,494.9920,494.9920,4.000000,4.000000,5.000000,5.000000,5.000000,96.000000,96.000000,95.000000,95.000000,95.000000,5.0,2276.9632,2077.4141,7622.8770,7822.4261,PENDING_AG03,FALSE,NOT_FOR_ENFORCEMENT,9503.8466,634780.2826,9899.8402,9503.8466,395.9936,0.01352220,0.01298131,395.9936,9503.8466,0.01298131,395.9936,395.9936,494.9920,494.9920,494.9920,9503.8466,0.01298131,2276.9632,2077.4141,7622.8770,7822.4261,0.01041209,0.01068465,0.00054089,48.2545,43.5822,0.6525,899.9855,26.3996,66556.1651,1379.2727,,48.2545,52.3519,52.3519,52.3519,52.6635,78.5279,78.5279,52.3519,0.0,1.5,1.5,0.921734,8,96,3,1,0E-8,0.01352220,,0E-8,0.000000,0.903174,0.000000,,2026-03-21,2026-04-19,11,375,68,30,0.366667,,,0.000000,,,,,,,,GLOBAL_BASELINE_NO_ENTITY_RANKING,,,NOT_APPLICABLE_GLOBAL_BASELINE,HF9g-P5,,,,X 全窗基线 · 不参与实体赏罚,15056943,1506,A168_HF9F_20260827_0900,2026-08-27 09:00:00
2026-04-06,146105613,1703,0,3507.5779389053,-387.4041305658,-387.4041305658,0.4516129,67,67,0.50665070000000000,0.506650700000,-0.8668127751253801,-0.8668127751253801,-0.8668127751253801,0E-17,ELIGIBLE,R03b_20260811_FULL_v1,L1_ELIGIBILITY,v2026-08-11,2026-03-21..2026-08-06,baccarat_bet02_101_all_pairs_incl_sentinel,round_win = game_pnl > 0 (decisive only),COMPATIBILITY_ONLY_NOT_PRODUCTION,732117.8161,661229.4611,9899.8402,15172,15172,-0.01352220,,-0.01352220,-0.01352220,-9899.8402,732117.8161,OK,0.0000,395.9936,4.0000,96.0000,AG03-UNRESOLVED,ALL5_LEVELS_bet23_to_bet27,395.9936,395.9936,494.9920,494.9920,494.9920,4.000000,4.000000,5.000000,5.000000,5.000000,96.000000,96.000000,95.000000,95.000000,95.000000,5.0,2276.9632,2077.4141,7622.8770,7822.4261,PENDING_AG03,FALSE,NOT_FOR_ENFORCEMENT,9503.8466,634780.2826,9899.8402,9503.8466,395.9936,0.01352220,0.01298131,395.9936,9503.8466,0.01298131,395.9936,395.9936,494.9920,494.9920,494.9920,9503.8466,0.01298131,2276.9632,2077.4141,7622.8770,7822.4261,0.01041209,0.01068465,0.00054089,48.2545,43.5822,0.6525,899.9855,26.3996,66556.1651,1379.2727,,48.2545,52.3519,52.3519,52.3519,52.6635,78.5279,78.5279,52.3519,0.0,1.5,1.5,0.921734,8,96,3,1,0E-8,0.01352220,,0E-8,0.000000,0.903174,0.000000,,2026-03-21,2026-04-19,11,375,68,30,0.366667,,,0.000000,,,,,,,,GLOBAL_BASELINE_NO_ENTITY_RANKING,,,NOT_APPLICABLE_GLOBAL_BASELINE,HF9g-P5,,,,X 全窗基线 · 不参与实体赏罚,15056944,1506,A168_HF9F_20260827_0900,2026-08-27 09:00:00
2026-04-06,146105613,1963,0,4345.2084914797,311.4938617384,311.4938617384,0.5540541,83,83,0.50665070000000000,0.506650700000,0.8156302974447736,0.8156302974447736,0.8156302974447736,0E-17,ELIGIBLE,R03b_20260811_FULL_v1,L1_ELIGIBILITY,v2026-08-11,2026-03-21..2026-08-06,baccarat_bet02_101_all_pairs_incl_sentinel,round_win = game_pnl > 0 (decisive only),COMPATIBILITY_ONLY_NOT_PRODUCTION,732117.8161,661229.4611,9899.8402,15172,15172,-0.01352220,,-0.01352220,-0.01352220,-9899.8402,732117.8161,OK,0.0000,395.9936,4.0000,96.0000,AG03-UNRESOLVED,ALL5_LEVELS_bet23_to_bet27,395.9936,395.9936,494.9920,494.9920,494.9920,4.000000,4.000000,5.000000,5.000000,5.000000,96.000000,96.000000,95.000000,95.000000,95.000000,5.0,2276.9632,2077.4141,7622.8770,7822.4261,PENDING_AG03,FALSE,NOT_FOR_ENFORCEMENT,9503.8466,634780.2826,9899.8402,9503.8466,395.9936,0.01352220,0.01298131,395.9936,9503.8466,0.01298131,395.9936,395.9936,494.9920,494.9920,494.9920,9503.8466,0.01298131,2276.9632,2077.4141,7622.8770,7822.4261,0.01041209,0.01068465,0.00054089,48.2545,43.5822,0.6525,899.9855,26.3996,66556.1651,1379.2727,,48.2545,52.3519,52.3519,52.3519,52.6635,78.5279,78.5279,52.3519,0.0,1.5,1.5,0.921734,8,96,3,1,0E-8,0.01352220,,0E-8,0.000000,0.903174,0.000000,,2026-03-21,2026-04-19,11,375,68,30,0.366667,,,0.000000,,,,,,,,GLOBAL_BASELINE_NO_ENTITY_RANKING,,,NOT_APPLICABLE_GLOBAL_BASELINE,HF9g-P5,,,,X 全窗基线 · 不参与实体赏罚,15056945,1506,A168_HF9F_20260827_0900,2026-08-27 09:00:00
2026-04-06,146105613,1966,0,1622.9091956129,-36.6463366752,-36.6463366752,0.5000000,31,31,0.50665070000000000,0.506650700000,-0.0703906202625968,-0.0703906202625968,-0.0703906202625968,0E-17,ELIGIBLE,R03b_20260811_FULL_v1,L1_ELIGIBILITY,v2026-08-11,2026-03-21..2026-08-06,baccarat_bet02_101_all_pairs_incl_sentinel,round_win = game_pnl > 0 (decisive only),COMPATIBILITY_ONLY_NOT_PRODUCTION,732117.8161,661229.4611,9899.8402,15172,15172,-0.01352220,,-0.01352220,-0.01352220,-9899.8402,732117.8161,OK,0.0000,395.9936,4.0000,96.0000,AG03-UNRESOLVED,ALL5_LEVELS_bet23_to_bet27,395.9936,395.9936,494.9920,494.9920,494.9920,4.000000,4.000000,5.000000,5.000000,5.000000,96.000000,96.000000,95.000000,95.000000,95.000000,5.0,2276.9632,2077.4141,7622.8770,7822.4261,PENDING_AG03,FALSE,NOT_FOR_ENFORCEMENT,9503.8466,634780.2826,9899.8402,9503.8466,395.9936,0.01352220,0.01298131,395.9936,9503.8466,0.01298131,395.9936,395.9936,494.9920,494.9920,494.9920,9503.8466,0.01298131,2276.9632,2077.4141,7622.8770,7822.4261,0.01041209,0.01068465,0.00054089,48.2545,43.5822,0.6525,899.9855,26.3996,66556.1651,1379.2727,,48.2545,52.3519,52.3519,52.3519,52.6635,78.5279,78.5279,52.3519,0.0,1.5,1.5,0.921734,8,96,3,1,0E-8,0.01352220,,0E-8,0.000000,0.903174,0.000000,,2026-03-21,2026-04-19,11,375,68,30,0.366667,,,0.000000,,,,,,,,GLOBAL_BASELINE_NO_ENTITY_RANKING,,,NOT_APPLICABLE_GLOBAL_BASELINE,HF9g-P5,,,,X 全窗基线 · 不参与实体赏罚,15056946,1506,A168_HF9F_20260827_0900,2026-08-27 09:00:00
2026-04-06,146105613,2093,0,1256.4458288616,177.9964924220,177.9964924220,0.6000000,24,24,0.50665070000000000,0.506650700000,0.8350153935609989,0.8350153935609989,0.8350153935609989,0E-17,ELIGIBLE,R03b_20260811_FULL_v1,L1_ELIGIBILITY,v2026-08-11,2026-03-21..2026-08-06,baccarat_bet02_101_all_pairs_incl_sentinel,round_win = game_pnl > 0 (decisive only),COMPATIBILITY_ONLY_NOT_PRODUCTION,732117.8161,661229.4611,9899.8402,15172,15172,-0.01352220,,-0.01352220,-0.01352220,-9899.8402,732117.8161,OK,0.0000,395.9936,4.0000,96.0000,AG03-UNRESOLVED,ALL5_LEVELS_bet23_to_bet27,395.9936,395.9936,494.9920,494.9920,494.9920,4.000000,4.000000,5.000000,5.000000,5.000000,96.000000,96.000000,95.000000,95.000000,95.000000,5.0,2276.9632,2077.4141,7622.8770,7822.4261,PENDING_AG03,FALSE,NOT_FOR_ENFORCEMENT,9503.8466,634780.2826,9899.8402,9503.8466,395.9936,0.01352220,0.01298131,395.9936,9503.8466,0.01298131,395.9936,395.9936,494.9920,494.9920,494.9920,9503.8466,0.01298131,2276.9632,2077.4141,7622.8770,7822.4261,0.01041209,0.01068465,0.00054089,48.2545,43.5822,0.6525,899.9855,26.3996,66556.1651,1379.2727,,48.2545,52.3519,52.3519,52.3519,52.6635,78.5279,78.5279,52.3519,0.0,1.5,1.5,0.921734,8,96,3,1,0E-8,0.01352220,,0E-8,0.000000,0.903174,0.000000,,2026-03-21,2026-04-19,11,375,68,30,0.366667,,,0.000000,,,,,,,,GLOBAL_BASELINE_NO_ENTITY_RANKING,,,NOT_APPLICABLE_GLOBAL_BASELINE,HF9g-P5,,,,X 全窗基线 · 不参与实体赏罚,15056947,1506,A168_HF9F_20260827_0900,2026-08-27 09:00:00
2026-04-06,146105613,2101,0,7591.0268827055,439.7560401012,439.7560401012,0.5384615,143,143,0.50665070000000000,0.506650700000,0.725462905227295,0.725462905227295,0.725462905227295,0E-17,ELIGIBLE,R03b_20260811_FULL_v1,L1_ELIGIBILITY,v2026-08-11,2026-03-21..2026-08-06,baccarat_bet02_101_all_pairs_incl_sentinel,round_win = game_pnl > 0 (decisive only),COMPATIBILITY_ONLY_NOT_PRODUCTION,732117.8161,661229.4611,9899.8402,15172,15172,-0.01352220,,-0.01352220,-0.01352220,-9899.8402,732117.8161,OK,0.0000,395.9936,4.0000,96.0000,AG03-UNRESOLVED,ALL5_LEVELS_bet23_to_bet27,395.9936,395.9936,494.9920,494.9920,494.9920,4.000000,4.000000,5.000000,5.000000,5.000000,96.000000,96.000000,95.000000,95.000000,95.000000,5.0,2276.9632,2077.4141,7622.8770,7822.4261,PENDING_AG03,FALSE,NOT_FOR_ENFORCEMENT,9503.8466,634780.2826,9899.8402,9503.8466,395.9936,0.01352220,0.01298131,395.9936,9503.8466,0.01298131,395.9936,395.9936,494.9920,494.9920,494.9920,9503.8466,0.01298131,2276.9632,2077.4141,7622.8770,7822.4261,0.01041209,0.01068465,0.00054089,48.2545,43.5822,0.6525,899.9855,26.3996,66556.1651,1379.2727,,48.2545,52.3519,52.3519,52.3519,52.6635,78.5279,78.5279,52.3519,0.0,1.5,1.5,0.921734,8,96,3,1,0E-8,0.01352220,,0E-8,0.000000,0.903174,0.000000,,2026-03-21,2026-04-19,11,375,68,30,0.366667,,,0.000000,,,,,,,,GLOBAL_BASELINE_NO_ENTITY_RANKING,,,NOT_APPLICABLE_GLOBAL_BASELINE,HF9g-P5,,,,X 全窗基线 · 不参与实体赏罚,15056948,1506,A168_HF9F_20260827_0900,2026-08-27 09:00:00
2026-04-06,146105613,2117,0,5863.4138680208,177.9964924218,177.9964924218,0.5306122,112,112,0.50665070000000000,0.506650700000,0.47445635876564085,0.47445635876564096,0.47445635876564085,0E-17,ELIGIBLE,R03b_20260811_FULL_v1,L1_ELIGIBILITY,v2026-08-11,2026-03-21..2026-08-06,baccarat_bet02_101_all_pairs_incl_sentinel,round_win = game_pnl > 0 (decisive only),COMPATIBILITY_ONLY_NOT_PRODUCTION,732117.8161,661229.4611,9899.8402,15172,15172,-0.01352220,,-0.01352220,-0.01352220,-9899.8402,732117.8161,OK,0.0000,395.9936,4.0000,96.0000,AG03-UNRESOLVED,ALL5_LEVELS_bet23_to_bet27,395.9936,395.9936,494.9920,494.9920,494.9920,4.000000,4.000000,5.000000,5.000000,5.000000,96.000000,96.000000,95.000000,95.000000,95.000000,5.0,2276.9632,2077.4141,7622.8770,7822.4261,PENDING_AG03,FALSE,NOT_FOR_ENFORCEMENT,9503.8466,634780.2826,9899.8402,9503.8466,395.9936,0.01352220,0.01298131,395.9936,9503.8466,0.01298131,395.9936,395.9936,494.9920,494.9920,494.9920,9503.8466,0.01298131,2276.9632,2077.4141,7622.8770,7822.4261,0.01041209,0.01068465,0.00054089,48.2545,43.5822,0.6525,899.9855,26.3996,66556.1651,1379.2727,,48.2545,52.3519,52.3519,52.3519,52.6635,78.5279,78.5279,52.3519,0.0,1.5,1.5,0.921734,8,96,3,1,0E-8,0.01352220,,0E-8,0.000000,0.903174,0.000000,,2026-03-21,2026-04-19,11,375,68,30,0.366667,,,0.000000,,,,,,,,GLOBAL_BASELINE_NO_ENTITY_RANKING,,,NOT_APPLICABLE_GLOBAL_BASELINE,HF9g-P5,,,,X 全窗基线 · 不参与实体赏罚,15056949,1506,A168_HF9F_20260827_0900,2026-08-27 09:00:00
2026-04-06,146105613,2121,0,680.5748239667,290.5530979242,290.5530979242,0.7500000,13,13,0.50665070000000000,0.506650700000,1.6861225734517706,1.6861225734517706,1.6861225734517706,0E-17,ELIGIBLE,R03b_20260811_FULL_v1,L1_ELIGIBILITY,v2026-08-11,2026-03-21..2026-08-06,baccarat_bet02_101_all_pairs_incl_sentinel,round_win = game_pnl > 0 (decisive only),COMPATIBILITY_ONLY_NOT_PRODUCTION,732117.8161,661229.4611,9899.8402,15172,15172,-0.01352220,,-0.01352220,-0.01352220,-9899.8402,732117.8161,OK,0.0000,395.9936,4.0000,96.0000,AG03-UNRESOLVED,ALL5_LEVELS_bet23_to_bet27,395.9936,395.9936,494.9920,494.9920,494.9920,4.000000,4.000000,5.000000,5.000000,5.000000,96.000000,96.000000,95.000000,95.000000,95.000000,5.0,2276.9632,2077.4141,7622.8770,7822.4261,PENDING_AG03,FALSE,NOT_FOR_ENFORCEMENT,9503.8466,634780.2826,9899.8402,9503.8466,395.9936,0.01352220,0.01298131,395.9936,9503.8466,0.01298131,395.9936,395.9936,494.9920,494.9920,494.9920,9503.8466,0.01298131,2276.9632,2077.4141,7622.8770,7822.4261,0.01041209,0.01068465,0.00054089,48.2545,43.5822,0.6525,899.9855,26.3996,66556.1651,1379.2727,,48.2545,52.3519,52.3519,52.3519,52.6635,78.5279,78.5279,52.3519,0.0,1.5,1.5,0.921734,8,96,3,1,0E-8,0.01352220,,0E-8,0.000000,0.903174,0.000000,,2026-03-21,2026-04-19,11,375,68,30,0.366667,,,0.000000,,,,,,,,GLOBAL_BASELINE_NO_ENTITY_RANKING,,,NOT_APPLICABLE_GLOBAL_BASELINE,HF9g-P5,,,,X 全窗基线 · 不参与实体赏罚,15056950,1506,A168_HF9F_20260827_0900,2026-08-27 09:00:00
2026-04-06,146105613,2129,0,523.5190953590,345.5226029369,345.5226029369,0.8888889,10,10,0.50665070000000000,0.506650700000,2.293632045304818,2.293632045304818,2.293632045304818,0E-17,ELIGIBLE,R03b_20260811_FULL_v1,L1_ELIGIBILITY,v2026-08-11,2026-03-21..2026-08-06,baccarat_bet02_101_all_pairs_incl_sentinel,round_win = game_pnl > 0 (decisive only),COMPATIBILITY_ONLY_NOT_PRODUCTION,732117.8161,661229.4611,9899.8402,15172,15172,-0.01352220,,-0.01352220,-0.01352220,-9899.8402,732117.8161,OK,0.0000,395.9936,4.0000,96.0000,AG03-UNRESOLVED,ALL5_LEVELS_bet23_to_bet27,395.9936,395.9936,494.9920,494.9920,494.9920,4.000000,4.000000,5.000000,5.000000,5.000000,96.000000,96.000000,95.000000,95.000000,95.000000,5.0,2276.9632,2077.4141,7622.8770,7822.4261,PENDING_AG03,FALSE,NOT_FOR_ENFORCEMENT,9503.8466,634780.2826,9899.8402,9503.8466,395.9936,0.01352220,0.01298131,395.9936,9503.8466,0.01298131,395.9936,395.9936,494.9920,494.9920,494.9920,9503.8466,0.01298131,2276.9632,2077.4141,7622.8770,7822.4261,0.01041209,0.01068465,0.00054089,48.2545,43.5822,0.6525,899.9855,26.3996,66556.1651,1379.2727,,48.2545,52.3519,52.3519,52.3519,52.6635,78.5279,78.5279,52.3519,0.0,1.5,1.5,0.921734,8,96,3,1,0E-8,0.01352220,,0E-8,0.000000,0.903174,0.000000,,2026-03-21,2026-04-19,11,375,68,30,0.366667,,,0.000000,,,,,,,,GLOBAL_BASELINE_NO_ENTITY_RANKING,,,NOT_APPLICABLE_GLOBAL_BASELINE,HF9g-P5,,,,X 全窗基线 · 不参与实体赏罚,15056951,1506,A168_HF9F_20260827_0900,2026-08-27 09:00:00
2026-04-06,146105613,2141,0,5863.4138680208,575.8710048946,575.8710048946,0.5660377,112,112,0.50665070000000000,0.506650700000,1.222962104984733,1.222962104984733,1.222962104984733,0E-17,ELIGIBLE,R03b_20260811_FULL_v1,L1_ELIGIBILITY,v2026-08-11,2026-03-21..2026-08-06,baccarat_bet02_101_all_pairs_incl_sentinel,round_win = game_pnl > 0 (decisive only),COMPATIBILITY_ONLY_NOT_PRODUCTION,732117.8161,661229.4611,9899.8402,15172,15172,-0.01352220,,-0.01352220,-0.01352220,-9899.8402,732117.8161,OK,0.0000,395.9936,4.0000,96.0000,AG03-UNRESOLVED,ALL5_LEVELS_bet23_to_bet27,395.9936,395.9936,494.9920,494.9920,494.9920,4.000000,4.000000,5.000000,5.000000,5.000000,96.000000,96.000000,95.000000,95.000000,95.000000,5.0,2276.9632,2077.4141,7622.8770,7822.4261,PENDING_AG03,FALSE,NOT_FOR_ENFORCEMENT,9503.8466,634780.2826,9899.8402,9503.8466,395.9936,0.01352220,0.01298131,395.9936,9503.8466,0.01298131,395.9936,395.9936,494.9920,494.9920,494.9920,9503.8466,0.01298131,2276.9632,2077.4141,7622.8770,7822.4261,0.01041209,0.01068465,0.00054089,48.2545,43.5822,0.6525,899.9855,26.3996,66556.1651,1379.2727,,48.2545,52.3519,52.3519,52.3519,52.6635,78.5279,78.5279,52.3519,0.0,1.5,1.5,0.921734,8,96,3,1,0E-8,0.01352220,,0E-8,0.000000,0.903174,0.000000,,2026-03-21,2026-04-19,11,375,68,30,0.366667,,,0.000000,,,,,,,,GLOBAL_BASELINE_NO_ENTITY_RANKING,,,NOT_APPLICABLE_GLOBAL_BASELINE,HF9g-P5,,,,X 全窗基线 · 不参与实体赏罚,15056952,1506,A168_HF9F_20260827_0900,2026-08-27 09:00:00
2026-04-06,146105613,2142,0,7015.1558778106,-1020.8622359503,-1020.8622359503,0.4273504,134,134,0.50665070000000000,0.506650700000,-1.7156789770664878,-1.7156789770664878,-1.7156789770664878,0E-17,ELIGIBLE,R03b_20260811_FULL_v1,L1_ELIGIBILITY,v2026-08-11,2026-03-21..2026-08-06,baccarat_bet02_101_all_pairs_incl_sentinel,round_win = game_pnl > 0 (decisive only),COMPATIBILITY_ONLY_NOT_PRODUCTION,732117.8161,661229.4611,9899.8402,15172,15172,-0.01352220,,-0.01352220,-0.01352220,-9899.8402,732117.8161,OK,0.0000,395.9936,4.0000,96.0000,AG03-UNRESOLVED,ALL5_LEVELS_bet23_to_bet27,395.9936,395.9936,494.9920,494.9920,494.9920,4.000000,4.000000,5.000000,5.000000,5.000000,96.000000,96.000000,95.000000,95.000000,95.000000,5.0,2276.9632,2077.4141,7622.8770,7822.4261,PENDING_AG03,FALSE,NOT_FOR_ENFORCEMENT,9503.8466,634780.2826,9899.8402,9503.8466,395.9936,0.01352220,0.01298131,395.9936,9503.8466,0.01298131,395.9936,395.9936,494.9920,494.9920,494.9920,9503.8466,0.01298131,2276.9632,2077.4141,7622.8770,7822.4261,0.01041209,0.01068465,0.00054089,48.2545,43.5822,0.6525,899.9855,26.3996,66556.1651,1379.2727,,48.2545,52.3519,52.3519,52.3519,52.6635,78.5279,78.5279,52.3519,0.0,1.5,1.5,0.921734,8,96,3,1,0E-8,0.01352220,,0E-8,0.000000,0.903174,0.000000,,2026-03-21,2026-04-19,11,375,68,30,0.366667,,,0.000000,,,,,,,,GLOBAL_BASELINE_NO_ENTITY_RANKING,,,NOT_APPLICABLE_GLOBAL_BASELINE,HF9g-P5,,,,X 全窗基线 · 不参与实体赏罚,15056953,1506,A168_HF9F_20260827_0900,2026-08-27 09:00:00
2026-04-06,146105613,2153,0,104.7038190718,99.4686281182,99.4686281182,1.0000000,2,2,0.50665070000000000,0.506650700000,1.3955260008387969,1.3955260008387969,1.3955260008387969,0E-17,ELIGIBLE,R03b_20260811_FULL_v1,L1_ELIGIBILITY,v2026-08-11,2026-03-21..2026-08-06,baccarat_bet02_101_all_pairs_incl_sentinel,round_win = game_pnl > 0 (decisive only),COMPATIBILITY_ONLY_NOT_PRODUCTION,732117.8161,661229.4611,9899.8402,15172,15172,-0.01352220,,-0.01352220,-0.01352220,-9899.8402,732117.8161,OK,0.0000,395.9936,4.0000,96.0000,AG03-UNRESOLVED,ALL5_LEVELS_bet23_to_bet27,395.9936,395.9936,494.9920,494.9920,494.9920,4.000000,4.000000,5.000000,5.000000,5.000000,96.000000,96.000000,95.000000,95.000000,95.000000,5.0,2276.9632,2077.4141,7622.8770,7822.4261,PENDING_AG03,FALSE,NOT_FOR_ENFORCEMENT,9503.8466,634780.2826,9899.8402,9503.8466,395.9936,0.01352220,0.01298131,395.9936,9503.8466,0.01298131,395.9936,395.9936,494.9920,494.9920,494.9920,9503.8466,0.01298131,2276.9632,2077.4141,7622.8770,7822.4261,0.01041209,0.01068465,0.00054089,48.2545,43.5822,0.6525,899.9855,26.3996,66556.1651,1379.2727,,48.2545,52.3519,52.3519,52.3519,52.6635,78.5279,78.5279,52.3519,0.0,1.5,1.5,0.921734,8,96,3,1,0E-8,0.01352220,,0E-8,0.000000,0.903174,0.000000,,2026-03-21,2026-04-19,11,375,68,30,0.366667,,,0.000000,,,,,,,,GLOBAL_BASELINE_NO_ENTITY_RANKING,,,NOT_APPLICABLE_GLOBAL_BASELINE,HF9g-P5,,,,X 全窗基线 · 不参与实体赏罚,15056954,1506,A168_HF9F_20260827_0900,2026-08-27 09:00:00
2026-04-06,146105613,2175,0,2146.4282909719,204.1724471899,204.1724471899,0.5641026,41,41,0.50665070000000000,0.506650700000,0.717637040228962,0.717637040228962,0.717637040228962,0E-17,ELIGIBLE,R03b_20260811_FULL_v1,L1_ELIGIBILITY,v2026-08-11,2026-03-21..2026-08-06,baccarat_bet02_101_all_pairs_incl_sentinel,round_win = game_pnl > 0 (decisive only),COMPATIBILITY_ONLY_NOT_PRODUCTION,732117.8161,661229.4611,9899.8402,15172,15172,-0.01352220,,-0.01352220,-0.01352220,-9899.8402,732117.8161,OK,0.0000,395.9936,4.0000,96.0000,AG03-UNRESOLVED,ALL5_LEVELS_bet23_to_bet27,395.9936,395.9936,494.9920,494.9920,494.9920,4.000000,4.000000,5.000000,5.000000,5.000000,96.000000,96.000000,95.000000,95.000000,95.000000,5.0,2276.9632,2077.4141,7622.8770,7822.4261,PENDING_AG03,FALSE,NOT_FOR_ENFORCEMENT,9503.8466,634780.2826,9899.8402,9503.8466,395.9936,0.01352220,0.01298131,395.9936,9503.8466,0.01298131,395.9936,395.9936,494.9920,494.9920,494.9920,9503.8466,0.01298131,2276.9632,2077.4141,7622.8770,7822.4261,0.01041209,0.01068465,0.00054089,48.2545,43.5822,0.6525,899.9855,26.3996,66556.1651,1379.2727,,48.2545,52.3519,52.3519,52.3519,52.6635,78.5279,78.5279,52.3519,0.0,1.5,1.5,0.921734,8,96,3,1,0E-8,0.01352220,,0E-8,0.000000,0.903174,0.000000,,2026-03-21,2026-04-19,11,375,68,30,0.366667,,,0.000000,,,,,,,,GLOBAL_BASELINE_NO_ENTITY_RANKING,,,NOT_APPLICABLE_GLOBAL_BASELINE,HF9g-P5,,,,X 全窗基线 · 不参与实体赏罚,15056955,1506,A168_HF9F_20260827_0900,2026-08-27 09:00:00
2026-04-06,146105613,2202,0,7381.6192445619,-363.8457712748,-363.8457712748,0.4836066,141,141,0.50665070000000000,0.506650700000,-0.5091067886263394,-0.5091067886263395,-0.5091067886263394,0E-17,ELIGIBLE,R03b_20260811_FULL_v1,L1_ELIGIBILITY,v2026-08-11,2026-03-21..2026-08-06,baccarat_bet02_101_all_pairs_incl_sentinel,round_win = game_pnl > 0 (decisive only),COMPATIBILITY_ONLY_NOT_PRODUCTION,732117.8161,661229.4611,9899.8402,15172,15172,-0.01352220,,-0.01352220,-0.01352220,-9899.8402,732117.8161,OK,0.0000,395.9936,4.0000,96.0000,AG03-UNRESOLVED,ALL5_LEVELS_bet23_to_bet27,395.9936,395.9936,494.9920,494.9920,494.9920,4.000000,4.000000,5.000000,5.000000,5.000000,96.000000,96.000000,95.000000,95.000000,95.000000,5.0,2276.9632,2077.4141,7622.8770,7822.4261,PENDING_AG03,FALSE,NOT_FOR_ENFORCEMENT,9503.8466,634780.2826,9899.8402,9503.8466,395.9936,0.01352220,0.01298131,395.9936,9503.8466,0.01298131,395.9936,395.9936,494.9920,494.9920,494.9920,9503.8466,0.01298131,2276.9632,2077.4141,7622.8770,7822.4261,0.01041209,0.01068465,0.00054089,48.2545,43.5822,0.6525,899.9855,26.3996,66556.1651,1379.2727,,48.2545,52.3519,52.3519,52.3519,52.6635,78.5279,78.5279,52.3519,0.0,1.5,1.5,0.921734,8,96,3,1,0E-8,0.01352220,,0E-8,0.000000,0.903174,0.000000,,2026-03-21,2026-04-19,11,375,68,30,0.366667,,,0.000000,,,,,,,,GLOBAL_BASELINE_NO_ENTITY_RANKING,,,NOT_APPLICABLE_GLOBAL_BASELINE,HF9g-P5,,,,X 全窗基线 · 不参与实体赏罚,15056956,1506,A168_HF9F_20260827_0900,2026-08-27 09:00:00
2026-04-06,146105613,2220,0,1727.6130146847,115.1742009789,115.1742009789,0.5517241,33,33,0.50665070000000000,0.506650700000,0.4854987342414279,0.4854987342414279,0.4854987342414279,0E-17,ELIGIBLE,R03b_20260811_FULL_v1,L1_ELIGIBILITY,v2026-08-11,2026-03-21..2026-08-06,baccarat_bet02_101_all_pairs_incl_sentinel,round_win = game_pnl > 0 (decisive only),COMPATIBILITY_ONLY_NOT_PRODUCTION,732117.8161,661229.4611,9899.8402,15172,15172,-0.01352220,,-0.01352220,-0.01352220,-9899.8402,732117.8161,OK,0.0000,395.9936,4.0000,96.0000,AG03-UNRESOLVED,ALL5_LEVELS_bet23_to_bet27,395.9936,395.9936,494.9920,494.9920,494.9920,4.000000,4.000000,5.000000,5.000000,5.000000,96.000000,96.000000,95.000000,95.000000,95.000000,5.0,2276.9632,2077.4141,7622.8770,7822.4261,PENDING_AG03,FALSE,NOT_FOR_ENFORCEMENT,9503.8466,634780.2826,9899.8402,9503.8466,395.9936,0.01352220,0.01298131,395.9936,9503.8466,0.01298131,395.9936,395.9936,494.9920,494.9920,494.9920,9503.8466,0.01298131,2276.9632,2077.4141,7622.8770,7822.4261,0.01041209,0.01068465,0.00054089,48.2545,43.5822,0.6525,899.9855,26.3996,66556.1651,1379.2727,,48.2545,52.3519,52.3519,52.3519,52.6635,78.5279,78.5279,52.3519,0.0,1.5,1.5,0.921734,8,96,3,1,0E-8,0.01352220,,0E-8,0.000000,0.903174,0.000000,,2026-03-21,2026-04-19,11,375,68,30,0.366667,,,0.000000,,,,,,,,GLOBAL_BASELINE_NO_ENTITY_RANKING,,,NOT_APPLICABLE_GLOBAL_BASELINE,HF9g-P5,,,,X 全窗基线 · 不参与实体赏罚,15056957,1506,A168_HF9F_20260827_0900,2026-08-27 09:00:00
2026-04-06,146105613,2223,0,2931.7069340104,-526.1366908359,-526.1366908359,0.4200000,55,55,0.50665070000000000,0.506650700000,-1.2255343712951687,-1.225534371295169,-1.2255343712951687,0E-17,ELIGIBLE,R03b_20260811_FULL_v1,L1_ELIGIBILITY,v2026-08-11,2026-03-21..2026-08-06,baccarat_bet02_101_all_pairs_incl_sentinel,round_win = game_pnl > 0 (decisive only),COMPATIBILITY_ONLY_NOT_PRODUCTION,732117.8161,661229.4611,9899.8402,15172,15172,-0.01352220,,-0.01352220,-0.01352220,-9899.8402,732117.8161,OK,0.0000,395.9936,4.0000,96.0000,AG03-UNRESOLVED,ALL5_LEVELS_bet23_to_bet27,395.9936,395.9936,494.9920,494.9920,494.9920,4.000000,4.000000,5.000000,5.000000,5.000000,96.000000,96.000000,95.000000,95.000000,95.000000,5.0,2276.9632,2077.4141,7622.8770,7822.4261,PENDING_AG03,FALSE,NOT_FOR_ENFORCEMENT,9503.8466,634780.2826,9899.8402,9503.8466,395.9936,0.01352220,0.01298131,395.9936,9503.8466,0.01298131,395.9936,395.9936,494.9920,494.9920,494.9920,9503.8466,0.01298131,2276.9632,2077.4141,7622.8770,7822.4261,0.01041209,0.01068465,0.00054089,48.2545,43.5822,0.6525,899.9855,26.3996,66556.1651,1379.2727,,48.2545,52.3519,52.3519,52.3519,52.6635,78.5279,78.5279,52.3519,0.0,1.5,1.5,0.921734,8,96,3,1,0E-8,0.01352220,,0E-8,0.000000,0.903174,0.000000,,2026-03-21,2026-04-19,11,375,68,30,0.366667,,,0.000000,,,,,,,,GLOBAL_BASELINE_NO_ENTITY_RANKING,,,NOT_APPLICABLE_GLOBAL_BASELINE,HF9g-P5,,,,X 全窗基线 · 不参与实体赏罚,15056958,1506,A168_HF9F_20260827_0900,2026-08-27 09:00:00
2026-04-06,146105613,2242,0,3455.2260293694,-75.9102688272,-75.9102688272,0.5000000,66,66,0.50665070000000000,0.506650700000,-0.10130940698376857,-0.10130940698376859,-0.10130940698376857,0E-17,ELIGIBLE,R03b_20260811_FULL_v1,L1_ELIGIBILITY,v2026-08-11,2026-03-21..2026-08-06,baccarat_bet02_101_all_pairs_incl_sentinel,round_win = game_pnl > 0 (decisive only),COMPATIBILITY_ONLY_NOT_PRODUCTION,732117.8161,661229.4611,9899.8402,15172,15172,-0.01352220,,-0.01352220,-0.01352220,-9899.8402,732117.8161,OK,0.0000,395.9936,4.0000,96.0000,AG03-UNRESOLVED,ALL5_LEVELS_bet23_to_bet27,395.9936,395.9936,494.9920,494.9920,494.9920,4.000000,4.000000,5.000000,5.000000,5.000000,96.000000,96.000000,95.000000,95.000000,95.000000,5.0,2276.9632,2077.4141,7622.8770,7822.4261,PENDING_AG03,FALSE,NOT_FOR_ENFORCEMENT,9503.8466,634780.2826,9899.8402,9503.8466,395.9936,0.01352220,0.01298131,395.9936,9503.8466,0.01298131,395.9936,395.9936,494.9920,494.9920,494.9920,9503.8466,0.01298131,2276.9632,2077.4141,7622.8770,7822.4261,0.01041209,0.01068465,0.00054089,48.2545,43.5822,0.6525,899.9855,26.3996,66556.1651,1379.2727,,48.2545,52.3519,52.3519,52.3519,52.6635,78.5279,78.5279,52.3519,0.0,1.5,1.5,0.921734,8,96,3,1,0E-8,0.01352220,,0E-8,0.000000,0.903174,0.000000,,2026-03-21,2026-04-19,11,375,68,30,0.366667,,,0.000000,,,,,,,,GLOBAL_BASELINE_NO_ENTITY_RANKING,,,NOT_APPLICABLE_GLOBAL_BASELINE,HF9g-P5,,,,X 全窗基线 · 不参与实体赏罚,15056959,1506,A168_HF9F_20260827_0900,2026-08-27 09:00:00
2026-04-06,146105613,2244,0,2617.5954767950,-421.4328717641,-421.4328717641,0.4285714,50,50,0.50665070000000000,0.506650700000,-1.093206513284637,-1.0932065132846371,-1.093206513284637,0E-17,ELIGIBLE,R03b_20260811_FULL_v1,L1_ELIGIBILITY,v2026-08-11,2026-03-21..2026-08-06,baccarat_bet02_101_all_pairs_incl_sentinel,round_win = game_pnl > 0 (decisive only),COMPATIBILITY_ONLY_NOT_PRODUCTION,732117.8161,661229.4611,9899.8402,15172,15172,-0.01352220,,-0.01352220,-0.01352220,-9899.8402,732117.8161,OK,0.0000,395.9936,4.0000,96.0000,AG03-UNRESOLVED,ALL5_LEVELS_bet23_to_bet27,395.9936,395.9936,494.9920,494.9920,494.9920,4.000000,4.000000,5.000000,5.000000,5.000000,96.000000,96.000000,95.000000,95.000000,95.000000,5.0,2276.9632,2077.4141,7622.8770,7822.4261,PENDING_AG03,FALSE,NOT_FOR_ENFORCEMENT,9503.8466,634780.2826,9899.8402,9503.8466,395.9936,0.01352220,0.01298131,395.9936,9503.8466,0.01298131,395.9936,395.9936,494.9920,494.9920,494.9920,9503.8466,0.01298131,2276.9632,2077.4141,7622.8770,7822.4261,0.01041209,0.01068465,0.00054089,48.2545,43.5822,0.6525,899.9855,26.3996,66556.1651,1379.2727,,48.2545,52.3519,52.3519,52.3519,52.6635,78.5279,78.5279,52.3519,0.0,1.5,1.5,0.921734,8,96,3,1,0E-8,0.01352220,,0E-8,0.000000,0.903174,0.000000,,2026-03-21,2026-04-19,11,375,68,30,0.366667,,,0.000000,,,,,,,,GLOBAL_BASELINE_NO_ENTITY_RANKING,,,NOT_APPLICABLE_GLOBAL_BASELINE,HF9g-P5,,,,X 全窗基线 · 不参与实体赏罚,15056960,1506,A168_HF9F_20260827_0900,2026-08-27 09:00:00
2026-04-06,146105613,2256,0,3455.2260293694,-332.4346255531,-332.4346255531,0.4576271,66,66,0.50665070000000000,0.506650700000,-0.7531811790365583,-0.7531811790365583,-0.7531811790365583,0E-17,ELIGIBLE,R03b_20260811_FULL_v1,L1_ELIGIBILITY,v2026-08-11,2026-03-21..2026-08-06,baccarat_bet02_101_all_pairs_incl_sentinel,round_win = game_pnl > 0 (decisive only),COMPATIBILITY_ONLY_NOT_PRODUCTION,732117.8161,661229.4611,9899.8402,15172,15172,-0.01352220,,-0.01352220,-0.01352220,-9899.8402,732117.8161,OK,0.0000,395.9936,4.0000,96.0000,AG03-UNRESOLVED,ALL5_LEVELS_bet23_to_bet27,395.9936,395.9936,494.9920,494.9920,494.9920,4.000000,4.000000,5.000000,5.000000,5.000000,96.000000,96.000000,95.000000,95.000000,95.000000,5.0,2276.9632,2077.4141,7622.8770,7822.4261,PENDING_AG03,FALSE,NOT_FOR_ENFORCEMENT,9503.8466,634780.2826,9899.8402,9503.8466,395.9936,0.01352220,0.01298131,395.9936,9503.8466,0.01298131,395.9936,395.9936,494.9920,494.9920,494.9920,9503.8466,0.01298131,2276.9632,2077.4141,7622.8770,7822.4261,0.01041209,0.01068465,0.00054089,48.2545,43.5822,0.6525,899.9855,26.3996,66556.1651,1379.2727,,48.2545,52.3519,52.3519,52.3519,52.6635,78.5279,78.5279,52.3519,0.0,1.5,1.5,0.921734,8,96,3,1,0E-8,0.01352220,,0E-8,0.000000,0.903174,0.000000,,2026-03-21,2026-04-19,11,375,68,30,0.366667,,,0.000000,,,,,,,,GLOBAL_BASELINE_NO_ENTITY_RANKING,,,NOT_APPLICABLE_GLOBAL_BASELINE,HF9g-P5,,,,X 全窗基线 · 不参与实体赏罚,15056961,1506,A168_HF9F_20260827_0900,2026-08-27 09:00:00
2026-04-06,146105613,2266,0,1099.3901002539,26.1759547679,26.1759547679,0.5263158,21,21,0.50665070000000000,0.506650700000,0.17145144334938353,0.17145144334938353,0.17145144334938353,0E-17,ELIGIBLE,R03b_20260811_FULL_v1,L1_ELIGIBILITY,v2026-08-11,2026-03-21..2026-08-06,baccarat_bet02_101_all_pairs_incl_sentinel,round_win = game_pnl > 0 (decisive only),COMPATIBILITY_ONLY_NOT_PRODUCTION,732117.8161,661229.4611,9899.8402,15172,15172,-0.01352220,,-0.01352220,-0.01352220,-9899.8402,732117.8161,OK,0.0000,395.9936,4.0000,96.0000,AG03-UNRESOLVED,ALL5_LEVELS_bet23_to_bet27,395.9936,395.9936,494.9920,494.9920,494.9920,4.000000,4.000000,5.000000,5.000000,5.000000,96.000000,96.000000,95.000000,95.000000,95.000000,5.0,2276.9632,2077.4141,7622.8770,7822.4261,PENDING_AG03,FALSE,NOT_FOR_ENFORCEMENT,9503.8466,634780.2826,9899.8402,9503.8466,395.9936,0.01352220,0.01298131,395.9936,9503.8466,0.01298131,395.9936,395.9936,494.9920,494.9920,494.9920,9503.8466,0.01298131,2276.9632,2077.4141,7622.8770,7822.4261,0.01041209,0.01068465,0.00054089,48.2545,43.5822,0.6525,899.9855,26.3996,66556.1651,1379.2727,,48.2545,52.3519,52.3519,52.3519,52.6635,78.5279,78.5279,52.3519,0.0,1.5,1.5,0.921734,8,96,3,1,0E-8,0.01352220,,0E-8,0.000000,0.903174,0.000000,,2026-03-21,2026-04-19,11,375,68,30,0.366667,,,0.000000,,,,,,,,GLOBAL_BASELINE_NO_ENTITY_RANKING,,,NOT_APPLICABLE_GLOBAL_BASELINE,HF9g-P5,,,,X 全窗基线 · 不参与实体赏罚,15056962,1506,A168_HF9F_20260827_0900,2026-08-27 09:00:00
2026-04-06,146105613,986,0,4083.4489438002,-88.9982462112,-88.9982462112,0.5000000,78,78,0.50665070000000000,0.506650700000,-0.1096958588593303,-0.1096958588593303,-0.1096958588593303,0E-17,ELIGIBLE,R03b_20260811_FULL_v1,L1_ELIGIBILITY,v2026-08-11,2026-03-21..2026-08-06,baccarat_bet02_101_all_pairs_incl_sentinel,round_win = game_pnl > 0 (decisive only),COMPATIBILITY_ONLY_NOT_PRODUCTION,732117.8161,661229.4611,9899.8402,15172,15172,-0.01352220,,-0.01352220,-0.01352220,-9899.8402,732117.8161,OK,0.0000,395.9936,4.0000,96.0000,AG03-UNRESOLVED,ALL5_LEVELS_bet23_to_bet27,395.9936,395.9936,494.9920,494.9920,494.9920,4.000000,4.000000,5.000000,5.000000,5.000000,96.000000,96.000000,95.000000,95.000000,95.000000,5.0,2276.9632,2077.4141,7622.8770,7822.4261,PENDING_AG03,FALSE,NOT_FOR_ENFORCEMENT,9503.8466,634780.2826,9899.8402,9503.8466,395.9936,0.01352220,0.01298131,395.9936,9503.8466,0.01298131,395.9936,395.9936,494.9920,494.9920,494.9920,9503.8466,0.01298131,2276.9632,2077.4141,7622.8770,7822.4261,0.01041209,0.01068465,0.00054089,48.2545,43.5822,0.6525,899.9855,26.3996,66556.1651,1379.2727,,48.2545,52.3519,52.3519,52.3519,52.6635,78.5279,78.5279,52.3519,0.0,1.5,1.5,0.921734,8,96,3,1,0E-8,0.01352220,,0E-8,0.000000,0.903174,0.000000,,2026-03-21,2026-04-19,11,375,68,30,0.366667,,,0.000000,,,,,,,,GLOBAL_BASELINE_NO_ENTITY_RANKING,,,NOT_APPLICABLE_GLOBAL_BASELINE,HF9g-P5,,,,X 全窗基线 · 不参与实体赏罚,15056963,1506,A168_HF9F_20260827_0900,2026-08-27 09:00:00
2026-04-06,146105613,994,0,7119.8596968824,-1235.5050650475,-1235.5050650475,0.4160000,136,136,0.50665070000000000,0.506650700000,-2.0271906146344976,-2.0271906146344976,-2.0271906146344976,0E-17,ELIGIBLE,R03b_20260811_FULL_v1,L1_ELIGIBILITY,v2026-08-11,2026-03-21..2026-08-06,baccarat_bet02_101_all_pairs_incl_sentinel,round_win = game_pnl > 0 (decisive only),COMPATIBILITY_ONLY_NOT_PRODUCTION,732117.8161,661229.4611,9899.8402,15172,15172,-0.01352220,,-0.01352220,-0.01352220,-9899.8402,732117.8161,OK,0.0000,395.9936,4.0000,96.0000,AG03-UNRESOLVED,ALL5_LEVELS_bet23_to_bet27,395.9936,395.9936,494.9920,494.9920,494.9920,4.000000,4.000000,5.000000,5.000000,5.000000,96.000000,96.000000,95.000000,95.000000,95.000000,5.0,2276.9632,2077.4141,7622.8770,7822.4261,PENDING_AG03,FALSE,NOT_FOR_ENFORCEMENT,9503.8466,634780.2826,9899.8402,9503.8466,395.9936,0.01352220,0.01298131,395.9936,9503.8466,0.01298131,395.9936,395.9936,494.9920,494.9920,494.9920,9503.8466,0.01298131,2276.9632,2077.4141,7622.8770,7822.4261,0.01041209,0.01068465,0.00054089,48.2545,43.5822,0.6525,899.9855,26.3996,66556.1651,1379.2727,,48.2545,52.3519,52.3519,52.3519,52.6635,78.5279,78.5279,52.3519,0.0,1.5,1.5,0.921734,8,96,3,1,0E-8,0.01352220,,0E-8,0.000000,0.903174,0.000000,,2026-03-21,2026-04-19,11,375,68,30,0.366667,,,0.000000,,,,,,,,GLOBAL_BASELINE_NO_ENTITY_RANKING,,,NOT_APPLICABLE_GLOBAL_BASELINE,HF9g-P5,,,,X 全窗基线 · 不参与实体赏罚,15056964,1506,A168_HF9F_20260827_0900,2026-08-27 09:00:00
2026-04-08,146105613,1325,0,10627.4376357877,-806.2194068533,-806.2194068533,0.4705882,203,203,0.50665070000000000,0.506650700000,-0.9863808385371653,-0.9863808385371654,-0.9863808385371653,0E-17,ELIGIBLE,R03b_20260811_FULL_v1,L1_ELIGIBILITY,v2026-08-11,2026-03-21..2026-08-06,baccarat_bet02_101_all_pairs_incl_sentinel,round_win = game_pnl > 0 (decisive only),COMPATIBILITY_ONLY_NOT_PRODUCTION,732117.8161,661229.4611,9899.8402,15172,15172,-0.01352220,,-0.01352220,-0.01352220,-9899.8402,732117.8161,OK,0.0000,395.9936,4.0000,96.0000,AG03-UNRESOLVED,ALL5_LEVELS_bet23_to_bet27,395.9936,395.9936,494.9920,494.9920,494.9920,4.000000,4.000000,5.000000,5.000000,5.000000,96.000000,96.000000,95.000000,95.000000,95.000000,5.0,2276.9632,2077.4141,7622.8770,7822.4261,PENDING_AG03,FALSE,NOT_FOR_ENFORCEMENT,9503.8466,634780.2826,9899.8402,9503.8466,395.9936,0.01352220,0.01298131,395.9936,9503.8466,0.01298131,395.9936,395.9936,494.9920,494.9920,494.9920,9503.8466,0.01298131,2276.9632,2077.4141,7622.8770,7822.4261,0.01041209,0.01068465,0.00054089,48.2545,43.5822,0.6525,899.9855,26.3996,66556.1651,1379.2727,,48.2545,52.3519,52.3519,52.3519,52.6635,78.5279,78.5279,52.3519,0.0,1.5,1.5,0.921734,8,96,3,1,0E-8,0.01352220,,0E-8,0.000000,0.903174,0.000000,,2026-03-21,2026-04-19,11,375,68,30,0.366667,,,0.000000,,,,,,,,GLOBAL_BASELINE_NO_ENTITY_RANKING,,,NOT_APPLICABLE_GLOBAL_BASELINE,HF9g-P5,,,,X 全窗基线 · 不参与实体赏罚,15056965,1506,A168_HF9F_20260827_0900,2026-08-27 09:00:00
2026-04-08,146105613,1396,0,4764.0237677669,659.6340601521,659.6340601521,0.5925926,91,91,0.50665070000000000,0.506650700000,1.5470909339868295,1.5470909339868295,1.5470909339868295,0E-17,ELIGIBLE,R03b_20260811_FULL_v1,L1_ELIGIBILITY,v2026-08-11,2026-03-21..2026-08-06,baccarat_bet02_101_all_pairs_incl_sentinel,round_win = game_pnl > 0 (decisive only),COMPATIBILITY_ONLY_NOT_PRODUCTION,732117.8161,661229.4611,9899.8402,15172,15172,-0.01352220,,-0.01352220,-0.01352220,-9899.8402,732117.8161,OK,0.0000,395.9936,4.0000,96.0000,AG03-UNRESOLVED,ALL5_LEVELS_bet23_to_bet27,395.9936,395.9936,494.9920,494.9920,494.9920,4.000000,4.000000,5.000000,5.000000,5.000000,96.000000,96.000000,95.000000,95.000000,95.000000,5.0,2276.9632,2077.4141,7622.8770,7822.4261,PENDING_AG03,FALSE,NOT_FOR_ENFORCEMENT,9503.8466,634780.2826,9899.8402,9503.8466,395.9936,0.01352220,0.01298131,395.9936,9503.8466,0.01298131,395.9936,395.9936,494.9920,494.9920,494.9920,9503.8466,0.01298131,2276.9632,2077.4141,7622.8770,7822.4261,0.01041209,0.01068465,0.00054089,48.2545,43.5822,0.6525,899.9855,26.3996,66556.1651,1379.2727,,48.2545,52.3519,52.3519,52.3519,52.6635,78.5279,78.5279,52.3519,0.0,1.5,1.5,0.921734,8,96,3,1,0E-8,0.01352220,,0E-8,0.000000,0.903174,0.000000,,2026-03-21,2026-04-19,11,375,68,30,0.366667,,,0.000000,,,,,,,,GLOBAL_BASELINE_NO_ENTITY_RANKING,,,NOT_APPLICABLE_GLOBAL_BASELINE,HF9g-P5,,,,X 全窗基线 · 不参与实体赏罚,15056966,1506,A168_HF9F_20260827_0900,2026-08-27 09:00:00
2026-04-08,146105613,1507,0,3141.1145721540,83.7630552573,83.7630552573,0.5283019,60,60,0.50665070000000000,0.506650700000,0.31527392967195694,0.31527392967195694,0.31527392967195694,0E-17,ELIGIBLE,R03b_20260811_FULL_v1,L1_ELIGIBILITY,v2026-08-11,2026-03-21..2026-08-06,baccarat_bet02_101_all_pairs_incl_sentinel,round_win = game_pnl > 0 (decisive only),COMPATIBILITY_ONLY_NOT_PRODUCTION,732117.8161,661229.4611,9899.8402,15172,15172,-0.01352220,,-0.01352220,-0.01352220,-9899.8402,732117.8161,OK,0.0000,395.9936,4.0000,96.0000,AG03-UNRESOLVED,ALL5_LEVELS_bet23_to_bet27,395.9936,395.9936,494.9920,494.9920,494.9920,4.000000,4.000000,5.000000,5.000000,5.000000,96.000000,96.000000,95.000000,95.000000,95.000000,5.0,2276.9632,2077.4141,7622.8770,7822.4261,PENDING_AG03,FALSE,NOT_FOR_ENFORCEMENT,9503.8466,634780.2826,9899.8402,9503.8466,395.9936,0.01352220,0.01298131,395.9936,9503.8466,0.01298131,395.9936,395.9936,494.9920,494.9920,494.9920,9503.8466,0.01298131,2276.9632,2077.4141,7622.8770,7822.4261,0.01041209,0.01068465,0.00054089,48.2545,43.5822,0.6525,899.9855,26.3996,66556.1651,1379.2727,,48.2545,52.3519,52.3519,52.3519,52.6635,78.5279,78.5279,52.3519,0.0,1.5,1.5,0.921734,8,96,3,1,0E-8,0.01352220,,0E-8,0.000000,0.903174,0.000000,,2026-03-21,2026-04-19,11,375,68,30,0.366667,,,0.000000,,,,,,,,GLOBAL_BASELINE_NO_ENTITY_RANKING,,,NOT_APPLICABLE_GLOBAL_BASELINE,HF9g-P5,,,,X 全窗基线 · 不参与实体赏罚,15056967,1506,A168_HF9F_20260827_0900,2026-08-27 09:00:00
2026-04-08,146105613,1509,0,2512.8916577232,-311.4938617387,-311.4938617387,0.4418605,48,48,0.50665070000000000,0.506650700000,-0.849791143377241,-0.849791143377241,-0.849791143377241,0E-17,ELIGIBLE,R03b_20260811_FULL_v1,L1_ELIGIBILITY,v2026-08-11,2026-03-21..2026-08-06,baccarat_bet02_101_all_pairs_incl_sentinel,round_win = game_pnl > 0 (decisive only),COMPATIBILITY_ONLY_NOT_PRODUCTION,732117.8161,661229.4611,9899.8402,15172,15172,-0.01352220,,-0.01352220,-0.01352220,-9899.8402,732117.8161,OK,0.0000,395.9936,4.0000,96.0000,AG03-UNRESOLVED,ALL5_LEVELS_bet23_to_bet27,395.9936,395.9936,494.9920,494.9920,494.9920,4.000000,4.000000,5.000000,5.000000,5.000000,96.000000,96.000000,95.000000,95.000000,95.000000,5.0,2276.9632,2077.4141,7622.8770,7822.4261,PENDING_AG03,FALSE,NOT_FOR_ENFORCEMENT,9503.8466,634780.2826,9899.8402,9503.8466,395.9936,0.01352220,0.01298131,395.9936,9503.8466,0.01298131,395.9936,395.9936,494.9920,494.9920,494.9920,9503.8466,0.01298131,2276.9632,2077.4141,7622.8770,7822.4261,0.01041209,0.01068465,0.00054089,48.2545,43.5822,0.6525,899.9855,26.3996,66556.1651,1379.2727,,48.2545,52.3519,52.3519,52.3519,52.6635,78.5279,78.5279,52.3519,0.0,1.5,1.5,0.921734,8,96,3,1,0E-8,0.01352220,,0E-8,0.000000,0.903174,0.000000,,2026-03-21,2026-04-19,11,375,68,30,0.366667,,,0.000000,,,,,,,,GLOBAL_BASELINE_NO_ENTITY_RANKING,,,NOT_APPLICABLE_GLOBAL_BASELINE,HF9g-P5,,,,X 全窗基线 · 不参与实体赏罚,15056968,1506,A168_HF9F_20260827_0900,2026-08-27 09:00:00
2026-04-08,146105613,1935,0,3245.8183912258,78.5278643037,78.5278643037,0.5263158,62,62,0.50665070000000000,0.506650700000,0.29696261091214937,0.29696261091214937,0.29696261091214937,0E-17,ELIGIBLE,R03b_20260811_FULL_v1,L1_ELIGIBILITY,v2026-08-11,2026-03-21..2026-08-06,baccarat_bet02_101_all_pairs_incl_sentinel,round_win = game_pnl > 0 (decisive only),COMPATIBILITY_ONLY_NOT_PRODUCTION,732117.8161,661229.4611,9899.8402,15172,15172,-0.01352220,,-0.01352220,-0.01352220,-9899.8402,732117.8161,OK,0.0000,395.9936,4.0000,96.0000,AG03-UNRESOLVED,ALL5_LEVELS_bet23_to_bet27,395.9936,395.9936,494.9920,494.9920,494.9920,4.000000,4.000000,5.000000,5.000000,5.000000,96.000000,96.000000,95.000000,95.000000,95.000000,5.0,2276.9632,2077.4141,7622.8770,7822.4261,PENDING_AG03,FALSE,NOT_FOR_ENFORCEMENT,9503.8466,634780.2826,9899.8402,9503.8466,395.9936,0.01352220,0.01298131,395.9936,9503.8466,0.01298131,395.9936,395.9936,494.9920,494.9920,494.9920,9503.8466,0.01298131,2276.9632,2077.4141,7622.8770,7822.4261,0.01041209,0.01068465,0.00054089,48.2545,43.5822,0.6525,899.9855,26.3996,66556.1651,1379.2727,,48.2545,52.3519,52.3519,52.3519,52.6635,78.5279,78.5279,52.3519,0.0,1.5,1.5,0.921734,8,96,3,1,0E-8,0.01352220,,0E-8,0.000000,0.903174,0.000000,,2026-03-21,2026-04-19,11,375,68,30,0.366667,,,0.000000,,,,,,,,GLOBAL_BASELINE_NO_ENTITY_RANKING,,,NOT_APPLICABLE_GLOBAL_BASELINE,HF9g-P5,,,,X 全窗基线 · 不参与实体赏罚,15056969,1506,A168_HF9F_20260827_0900,2026-08-27 09:00:00
2026-04-08,146105613,1957,0,3402.8741198335,486.8727586837,486.8727586837,0.5964912,65,65,0.50665070000000000,0.506650700000,1.3566822473473974,1.3566822473473974,1.3566822473473974,0E-17,ELIGIBLE,R03b_20260811_FULL_v1,L1_ELIGIBILITY,v2026-08-11,2026-03-21..2026-08-06,baccarat_bet02_101_all_pairs_incl_sentinel,round_win = game_pnl > 0 (decisive only),COMPATIBILITY_ONLY_NOT_PRODUCTION,732117.8161,661229.4611,9899.8402,15172,15172,-0.01352220,,-0.01352220,-0.01352220,-9899.8402,732117.8161,OK,0.0000,395.9936,4.0000,96.0000,AG03-UNRESOLVED,ALL5_LEVELS_bet23_to_bet27,395.9936,395.9936,494.9920,494.9920,494.9920,4.000000,4.000000,5.000000,5.000000,5.000000,96.000000,96.000000,95.000000,95.000000,95.000000,5.0,2276.9632,2077.4141,7622.8770,7822.4261,PENDING_AG03,FALSE,NOT_FOR_ENFORCEMENT,9503.8466,634780.2826,9899.8402,9503.8466,395.9936,0.01352220,0.01298131,395.9936,9503.8466,0.01298131,395.9936,395.9936,494.9920,494.9920,494.9920,9503.8466,0.01298131,2276.9632,2077.4141,7622.8770,7822.4261,0.01041209,0.01068465,0.00054089,48.2545,43.5822,0.6525,899.9855,26.3996,66556.1651,1379.2727,,48.2545,52.3519,52.3519,52.3519,52.6635,78.5279,78.5279,52.3519,0.0,1.5,1.5,0.921734,8,96,3,1,0E-8,0.01352220,,0E-8,0.000000,0.903174,0.000000,,2026-03-21,2026-04-19,11,375,68,30,0.366667,,,0.000000,,,,,,,,GLOBAL_BASELINE_NO_ENTITY_RANKING,,,NOT_APPLICABLE_GLOBAL_BASELINE,HF9g-P5,,,,X 全窗基线 · 不参与实体赏罚,15056970,1506,A168_HF9F_20260827_0900,2026-08-27 09:00:00
2026-04-08,146105613,1963,0,2565.2435672591,-157.0557286078,-157.0557286078,0.4761905,49,49,0.50665070000000000,0.506650700000,-0.39484455517418743,-0.39484455517418743,-0.39484455517418743,0E-17,ELIGIBLE,R03b_20260811_FULL_v1,L1_ELIGIBILITY,v2026-08-11,2026-03-21..2026-08-06,baccarat_bet02_101_all_pairs_incl_sentinel,round_win = game_pnl > 0 (decisive only),COMPATIBILITY_ONLY_NOT_PRODUCTION,732117.8161,661229.4611,9899.8402,15172,15172,-0.01352220,,-0.01352220,-0.01352220,-9899.8402,732117.8161,OK,0.0000,395.9936,4.0000,96.0000,AG03-UNRESOLVED,ALL5_LEVELS_bet23_to_bet27,395.9936,395.9936,494.9920,494.9920,494.9920,4.000000,4.000000,5.000000,5.000000,5.000000,96.000000,96.000000,95.000000,95.000000,95.000000,5.0,2276.9632,2077.4141,7622.8770,7822.4261,PENDING_AG03,FALSE,NOT_FOR_ENFORCEMENT,9503.8466,634780.2826,9899.8402,9503.8466,395.9936,0.01352220,0.01298131,395.9936,9503.8466,0.01298131,395.9936,395.9936,494.9920,494.9920,494.9920,9503.8466,0.01298131,2276.9632,2077.4141,7622.8770,7822.4261,0.01041209,0.01068465,0.00054089,48.2545,43.5822,0.6525,899.9855,26.3996,66556.1651,1379.2727,,48.2545,52.3519,52.3519,52.3519,52.6635,78.5279,78.5279,52.3519,0.0,1.5,1.5,0.921734,8,96,3,1,0E-8,0.01352220,,0E-8,0.000000,0.903174,0.000000,,2026-03-21,2026-04-19,11,375,68,30,0.366667,,,0.000000,,,,,,,,GLOBAL_BASELINE_NO_ENTITY_RANKING,,,NOT_APPLICABLE_GLOBAL_BASELINE,HF9g-P5,,,,X 全窗基线 · 不参与实体赏罚,15056971,1506,A168_HF9F_20260827_0900,2026-08-27 09:00:00
2026-04-08,146105613,2060,0,2617.5954767950,-112.5566055023,-112.5566055023,0.4893617,50,50,0.50665070000000000,0.506650700000,-0.23707576910838823,-0.23707576910838823,-0.23707576910838823,0E-17,ELIGIBLE,R03b_20260811_FULL_v1,L1_ELIGIBILITY,v2026-08-11,2026-03-21..2026-08-06,baccarat_bet02_101_all_pairs_incl_sentinel,round_win = game_pnl > 0 (decisive only),COMPATIBILITY_ONLY_NOT_PRODUCTION,732117.8161,661229.4611,9899.8402,15172,15172,-0.01352220,,-0.01352220,-0.01352220,-9899.8402,732117.8161,OK,0.0000,395.9936,4.0000,96.0000,AG03-UNRESOLVED,ALL5_LEVELS_bet23_to_bet27,395.9936,395.9936,494.9920,494.9920,494.9920,4.000000,4.000000,5.000000,5.000000,5.000000,96.000000,96.000000,95.000000,95.000000,95.000000,5.0,2276.9632,2077.4141,7622.8770,7822.4261,PENDING_AG03,FALSE,NOT_FOR_ENFORCEMENT,9503.8466,634780.2826,9899.8402,9503.8466,395.9936,0.01352220,0.01298131,395.9936,9503.8466,0.01298131,395.9936,395.9936,494.9920,494.9920,494.9920,9503.8466,0.01298131,2276.9632,2077.4141,7622.8770,7822.4261,0.01041209,0.01068465,0.00054089,48.2545,43.5822,0.6525,899.9855,26.3996,66556.1651,1379.2727,,48.2545,52.3519,52.3519,52.3519,52.6635,78.5279,78.5279,52.3519,0.0,1.5,1.5,0.921734,8,96,3,1,0E-8,0.01352220,,0E-8,0.000000,0.903174,0.000000,,2026-03-21,2026-04-19,11,375,68,30,0.366667,,,0.000000,,,,,,,,GLOBAL_BASELINE_NO_ENTITY_RANKING,,,NOT_APPLICABLE_GLOBAL_BASELINE,HF9g-P5,,,,X 全窗基线 · 不参与实体赏罚,15056972,1506,A168_HF9F_20260827_0900,2026-08-27 09:00:00
2026-04-08,146105613,2110,0,2303.4840195796,358.6105803208,358.6105803208,0.6052632,44,44,0.50665070000000000,0.506650700000,1.2158835988509127,1.2158835988509127,1.2158835988509127,0E-17,ELIGIBLE,R03b_20260811_FULL_v1,L1_ELIGIBILITY,v2026-08-11,2026-03-21..2026-08-06,baccarat_bet02_101_all_pairs_incl_sentinel,round_win = game_pnl > 0 (decisive only),COMPATIBILITY_ONLY_NOT_PRODUCTION,732117.8161,661229.4611,9899.8402,15172,15172,-0.01352220,,-0.01352220,-0.01352220,-9899.8402,732117.8161,OK,0.0000,395.9936,4.0000,96.0000,AG03-UNRESOLVED,ALL5_LEVELS_bet23_to_bet27,395.9936,395.9936,494.9920,494.9920,494.9920,4.000000,4.000000,5.000000,5.000000,5.000000,96.000000,96.000000,95.000000,95.000000,95.000000,5.0,2276.9632,2077.4141,7622.8770,7822.4261,PENDING_AG03,FALSE,NOT_FOR_ENFORCEMENT,9503.8466,634780.2826,9899.8402,9503.8466,395.9936,0.01352220,0.01298131,395.9936,9503.8466,0.01298131,395.9936,395.9936,494.9920,494.9920,494.9920,9503.8466,0.01298131,2276.9632,2077.4141,7622.8770,7822.4261,0.01041209,0.01068465,0.00054089,48.2545,43.5822,0.6525,899.9855,26.3996,66556.1651,1379.2727,,48.2545,52.3519,52.3519,52.3519,52.6635,78.5279,78.5279,52.3519,0.0,1.5,1.5,0.921734,8,96,3,1,0E-8,0.01352220,,0E-8,0.000000,0.903174,0.000000,,2026-03-21,2026-04-19,11,375,68,30,0.366667,,,0.000000,,,,,,,,GLOBAL_BASELINE_NO_ENTITY_RANKING,,,NOT_APPLICABLE_GLOBAL_BASELINE,HF9g-P5,,,,X 全窗基线 · 不参与实体赏罚,15056973,1506,A168_HF9F_20260827_0900,2026-08-27 09:00:00
2026-04-08,146105613,2123,0,11046.2529120749,-204.1724471905,-204.1724471905,0.5025641,211,211,0.50665070000000000,0.506650700000,-0.11414255302446195,-0.11414255302446195,-0.11414255302446195,0E-17,ELIGIBLE,R03b_20260811_FULL_v1,L1_ELIGIBILITY,v2026-08-11,2026-03-21..2026-08-06,baccarat_bet02_101_all_pairs_incl_sentinel,round_win = game_pnl > 0 (decisive only),COMPATIBILITY_ONLY_NOT_PRODUCTION,732117.8161,661229.4611,9899.8402,15172,15172,-0.01352220,,-0.01352220,-0.01352220,-9899.8402,732117.8161,OK,0.0000,395.9936,4.0000,96.0000,AG03-UNRESOLVED,ALL5_LEVELS_bet23_to_bet27,395.9936,395.9936,494.9920,494.9920,494.9920,4.000000,4.000000,5.000000,5.000000,5.000000,96.000000,96.000000,95.000000,95.000000,95.000000,5.0,2276.9632,2077.4141,7622.8770,7822.4261,PENDING_AG03,FALSE,NOT_FOR_ENFORCEMENT,9503.8466,634780.2826,9899.8402,9503.8466,395.9936,0.01352220,0.01298131,395.9936,9503.8466,0.01298131,395.9936,395.9936,494.9920,494.9920,494.9920,9503.8466,0.01298131,2276.9632,2077.4141,7622.8770,7822.4261,0.01041209,0.01068465,0.00054089,48.2545,43.5822,0.6525,899.9855,26.3996,66556.1651,1379.2727,,48.2545,52.3519,52.3519,52.3519,52.6635,78.5279,78.5279,52.3519,0.0,1.5,1.5,0.921734,8,96,3,1,0E-8,0.01352220,,0E-8,0.000000,0.903174,0.000000,,2026-03-21,2026-04-19,11,375,68,30,0.366667,,,0.000000,,,,,,,,GLOBAL_BASELINE_NO_ENTITY_RANKING,,,NOT_APPLICABLE_GLOBAL_BASELINE,HF9g-P5,,,,X 全窗基线 · 不参与实体赏罚,15056974,1506,A168_HF9F_20260827_0900,2026-08-27 09:00:00
2026-04-08,146105613,2174,0,10575.0857262518,-395.2569169965,-395.2569169965,0.4918919,202,202,0.50665070000000000,0.506650700000,-0.40151850780537013,-0.40151850780537013,-0.40151850780537013,0E-17,ELIGIBLE,R03b_20260811_FULL_v1,L1_ELIGIBILITY,v2026-08-11,2026-03-21..2026-08-06,baccarat_bet02_101_all_pairs_incl_sentinel,round_win = game_pnl > 0 (decisive only),COMPATIBILITY_ONLY_NOT_PRODUCTION,732117.8161,661229.4611,9899.8402,15172,15172,-0.01352220,,-0.01352220,-0.01352220,-9899.8402,732117.8161,OK,0.0000,395.9936,4.0000,96.0000,AG03-UNRESOLVED,ALL5_LEVELS_bet23_to_bet27,395.9936,395.9936,494.9920,494.9920,494.9920,4.000000,4.000000,5.000000,5.000000,5.000000,96.000000,96.000000,95.000000,95.000000,95.000000,5.0,2276.9632,2077.4141,7622.8770,7822.4261,PENDING_AG03,FALSE,NOT_FOR_ENFORCEMENT,9503.8466,634780.2826,9899.8402,9503.8466,395.9936,0.01352220,0.01298131,395.9936,9503.8466,0.01298131,395.9936,395.9936,494.9920,494.9920,494.9920,9503.8466,0.01298131,2276.9632,2077.4141,7622.8770,7822.4261,0.01041209,0.01068465,0.00054089,48.2545,43.5822,0.6525,899.9855,26.3996,66556.1651,1379.2727,,48.2545,52.3519,52.3519,52.3519,52.6635,78.5279,78.5279,52.3519,0.0,1.5,1.5,0.921734,8,96,3,1,0E-8,0.01352220,,0E-8,0.000000,0.903174,0.000000,,2026-03-21,2026-04-19,11,375,68,30,0.366667,,,0.000000,,,,,,,,GLOBAL_BASELINE_NO_ENTITY_RANKING,,,NOT_APPLICABLE_GLOBAL_BASELINE,HF9g-P5,,,,X 全窗基线 · 不参与实体赏罚,15056975,1506,A168_HF9F_20260827_0900,2026-08-27 09:00:00
2026-04-08,146105613,2177,0,2879.3550244745,-319.3466481691,-319.3466481691,0.4489796,55,55,0.50665070000000000,0.506650700000,-0.8074669488956571,-0.8074669488956572,-0.8074669488956571,0E-17,ELIGIBLE,R03b_20260811_FULL_v1,L1_ELIGIBILITY,v2026-08-11,2026-03-21..2026-08-06,baccarat_bet02_101_all_pairs_incl_sentinel,round_win = game_pnl > 0 (decisive only),COMPATIBILITY_ONLY_NOT_PRODUCTION,732117.8161,661229.4611,9899.8402,15172,15172,-0.01352220,,-0.01352220,-0.01352220,-9899.8402,732117.8161,OK,0.0000,395.9936,4.0000,96.0000,AG03-UNRESOLVED,ALL5_LEVELS_bet23_to_bet27,395.9936,395.9936,494.9920,494.9920,494.9920,4.000000,4.000000,5.000000,5.000000,5.000000,96.000000,96.000000,95.000000,95.000000,95.000000,5.0,2276.9632,2077.4141,7622.8770,7822.4261,PENDING_AG03,FALSE,NOT_FOR_ENFORCEMENT,9503.8466,634780.2826,9899.8402,9503.8466,395.9936,0.01352220,0.01298131,395.9936,9503.8466,0.01298131,395.9936,395.9936,494.9920,494.9920,494.9920,9503.8466,0.01298131,2276.9632,2077.4141,7622.8770,7822.4261,0.01041209,0.01068465,0.00054089,48.2545,43.5822,0.6525,899.9855,26.3996,66556.1651,1379.2727,,48.2545,52.3519,52.3519,52.3519,52.6635,78.5279,78.5279,52.3519,0.0,1.5,1.5,0.921734,8,96,3,1,0E-8,0.01352220,,0E-8,0.000000,0.903174,0.000000,,2026-03-21,2026-04-19,11,375,68,30,0.366667,,,0.000000,,,,,,,,GLOBAL_BASELINE_NO_ENTITY_RANKING,,,NOT_APPLICABLE_GLOBAL_BASELINE,HF9g-P5,,,,X 全窗基线 · 不参与实体赏罚,15056976,1506,A168_HF9F_20260827_0900,2026-08-27 09:00:00
2026-04-08,146105613,2188,0,1675.2611051488,-91.6158416879,-91.6158416879,0.4838710,32,32,0.50665070000000000,0.506650700000,-0.25368680596871346,-0.25368680596871346,-0.25368680596871346,0E-17,ELIGIBLE,R03b_20260811_FULL_v1,L1_ELIGIBILITY,v2026-08-11,2026-03-21..2026-08-06,baccarat_bet02_101_all_pairs_incl_sentinel,round_win = game_pnl > 0 (decisive only),COMPATIBILITY_ONLY_NOT_PRODUCTION,732117.8161,661229.4611,9899.8402,15172,15172,-0.01352220,,-0.01352220,-0.01352220,-9899.8402,732117.8161,OK,0.0000,395.9936,4.0000,96.0000,AG03-UNRESOLVED,ALL5_LEVELS_bet23_to_bet27,395.9936,395.9936,494.9920,494.9920,494.9920,4.000000,4.000000,5.000000,5.000000,5.000000,96.000000,96.000000,95.000000,95.000000,95.000000,5.0,2276.9632,2077.4141,7622.8770,7822.4261,PENDING_AG03,FALSE,NOT_FOR_ENFORCEMENT,9503.8466,634780.2826,9899.8402,9503.8466,395.9936,0.01352220,0.01298131,395.9936,9503.8466,0.01298131,395.9936,395.9936,494.9920,494.9920,494.9920,9503.8466,0.01298131,2276.9632,2077.4141,7622.8770,7822.4261,0.01041209,0.01068465,0.00054089,48.2545,43.5822,0.6525,899.9855,26.3996,66556.1651,1379.2727,,48.2545,52.3519,52.3519,52.3519,52.6635,78.5279,78.5279,52.3519,0.0,1.5,1.5,0.921734,8,96,3,1,0E-8,0.01352220,,0E-8,0.000000,0.903174,0.000000,,2026-03-21,2026-04-19,11,375,68,30,0.366667,,,0.000000,,,,,,,,GLOBAL_BASELINE_NO_ENTITY_RANKING,,,NOT_APPLICABLE_GLOBAL_BASELINE,HF9g-P5,,,,X 全窗基线 · 不参与实体赏罚,15056977,1506,A168_HF9F_20260827_0900,2026-08-27 09:00:00
2026-04-08,146105613,2220,0,1989.3725623642,5.2351909535,5.2351909535,0.5142857,38,38,0.50665070000000000,0.506650700000,0.09034670006856317,0.09034670006856317,0.09034670006856317,0E-17,ELIGIBLE,R03b_20260811_FULL_v1,L1_ELIGIBILITY,v2026-08-11,2026-03-21..2026-08-06,baccarat_bet02_101_all_pairs_incl_sentinel,round_win = game_pnl > 0 (decisive only),COMPATIBILITY_ONLY_NOT_PRODUCTION,732117.8161,661229.4611,9899.8402,15172,15172,-0.01352220,,-0.01352220,-0.01352220,-9899.8402,732117.8161,OK,0.0000,395.9936,4.0000,96.0000,AG03-UNRESOLVED,ALL5_LEVELS_bet23_to_bet27,395.9936,395.9936,494.9920,494.9920,494.9920,4.000000,4.000000,5.000000,5.000000,5.000000,96.000000,96.000000,95.000000,95.000000,95.000000,5.0,2276.9632,2077.4141,7622.8770,7822.4261,PENDING_AG03,FALSE,NOT_FOR_ENFORCEMENT,9503.8466,634780.2826,9899.8402,9503.8466,395.9936,0.01352220,0.01298131,395.9936,9503.8466,0.01298131,395.9936,395.9936,494.9920,494.9920,494.9920,9503.8466,0.01298131,2276.9632,2077.4141,7622.8770,7822.4261,0.01041209,0.01068465,0.00054089,48.2545,43.5822,0.6525,899.9855,26.3996,66556.1651,1379.2727,,48.2545,52.3519,52.3519,52.3519,52.6635,78.5279,78.5279,52.3519,0.0,1.5,1.5,0.921734,8,96,3,1,0E-8,0.01352220,,0E-8,0.000000,0.903174,0.000000,,2026-03-21,2026-04-19,11,375,68,30,0.366667,,,0.000000,,,,,,,,GLOBAL_BASELINE_NO_ENTITY_RANKING,,,NOT_APPLICABLE_GLOBAL_BASELINE,HF9g-P5,,,,X 全窗基线 · 不参与实体赏罚,15056978,1506,A168_HF9F_20260827_0900,2026-08-27 09:00:00
2026-04-08,146105613,2222,0,209.4076381436,-107.3214145486,-107.3214145486,0.2500000,4,4,0.50665070000000000,0.506650700000,-1.0266936290537745,-1.0266936290537745,-1.0266936290537745,0E-17,ELIGIBLE,R03b_20260811_FULL_v1,L1_ELIGIBILITY,v2026-08-11,2026-03-21..2026-08-06,baccarat_bet02_101_all_pairs_incl_sentinel,round_win = game_pnl > 0 (decisive only),COMPATIBILITY_ONLY_NOT_PRODUCTION,732117.8161,661229.4611,9899.8402,15172,15172,-0.01352220,,-0.01352220,-0.01352220,-9899.8402,732117.8161,OK,0.0000,395.9936,4.0000,96.0000,AG03-UNRESOLVED,ALL5_LEVELS_bet23_to_bet27,395.9936,395.9936,494.9920,494.9920,494.9920,4.000000,4.000000,5.000000,5.000000,5.000000,96.000000,96.000000,95.000000,95.000000,95.000000,5.0,2276.9632,2077.4141,7622.8770,7822.4261,PENDING_AG03,FALSE,NOT_FOR_ENFORCEMENT,9503.8466,634780.2826,9899.8402,9503.8466,395.9936,0.01352220,0.01298131,395.9936,9503.8466,0.01298131,395.9936,395.9936,494.9920,494.9920,494.9920,9503.8466,0.01298131,2276.9632,2077.4141,7622.8770,7822.4261,0.01041209,0.01068465,0.00054089,48.2545,43.5822,0.6525,899.9855,26.3996,66556.1651,1379.2727,,48.2545,52.3519,52.3519,52.3519,52.6635,78.5279,78.5279,52.3519,0.0,1.5,1.5,0.921734,8,96,3,1,0E-8,0.01352220,,0E-8,0.000000,0.903174,0.000000,,2026-03-21,2026-04-19,11,375,68,30,0.366667,,,0.000000,,,,,,,,GLOBAL_BASELINE_NO_ENTITY_RANKING,,,NOT_APPLICABLE_GLOBAL_BASELINE,HF9g-P5,,,,X 全窗基线 · 不参与实体赏罚,15056979,1506,A168_HF9F_20260827_0900,2026-08-27 09:00:00
2026-04-08,146105613,2233,0,8481.0093448158,68.0574823963,68.0574823963,0.5174825,162,162,0.50665070000000000,0.506650700000,0.25908231592890985,0.25908231592890985,0.25908231592890985,0E-17,ELIGIBLE,R03b_20260811_FULL_v1,L1_ELIGIBILITY,v2026-08-11,2026-03-21..2026-08-06,baccarat_bet02_101_all_pairs_incl_sentinel,round_win = game_pnl > 0 (decisive only),COMPATIBILITY_ONLY_NOT_PRODUCTION,732117.8161,661229.4611,9899.8402,15172,15172,-0.01352220,,-0.01352220,-0.01352220,-9899.8402,732117.8161,OK,0.0000,395.9936,4.0000,96.0000,AG03-UNRESOLVED,ALL5_LEVELS_bet23_to_bet27,395.9936,395.9936,494.9920,494.9920,494.9920,4.000000,4.000000,5.000000,5.000000,5.000000,96.000000,96.000000,95.000000,95.000000,95.000000,5.0,2276.9632,2077.4141,7622.8770,7822.4261,PENDING_AG03,FALSE,NOT_FOR_ENFORCEMENT,9503.8466,634780.2826,9899.8402,9503.8466,395.9936,0.01352220,0.01298131,395.9936,9503.8466,0.01298131,395.9936,395.9936,494.9920,494.9920,494.9920,9503.8466,0.01298131,2276.9632,2077.4141,7622.8770,7822.4261,0.01041209,0.01068465,0.00054089,48.2545,43.5822,0.6525,899.9855,26.3996,66556.1651,1379.2727,,48.2545,52.3519,52.3519,52.3519,52.6635,78.5279,78.5279,52.3519,0.0,1.5,1.5,0.921734,8,96,3,1,0E-8,0.01352220,,0E-8,0.000000,0.903174,0.000000,,2026-03-21,2026-04-19,11,375,68,30,0.366667,,,0.000000,,,,,,,,GLOBAL_BASELINE_NO_ENTITY_RANKING,,,NOT_APPLICABLE_GLOBAL_BASELINE,HF9g-P5,,,,X 全窗基线 · 不参与实体赏罚,15056980,1506,A168_HF9F_20260827_0900,2026-08-27 09:00:00
2026-04-08,146105613,2241,0,5287.5428631259,39.2639321517,39.2639321517,0.5172414,101,101,0.50665070000000000,0.506650700000,0.19758404048744846,0.19758404048744846,0.19758404048744846,0E-17,ELIGIBLE,R03b_20260811_FULL_v1,L1_ELIGIBILITY,v2026-08-11,2026-03-21..2026-08-06,baccarat_bet02_101_all_pairs_incl_sentinel,round_win = game_pnl > 0 (decisive only),COMPATIBILITY_ONLY_NOT_PRODUCTION,732117.8161,661229.4611,9899.8402,15172,15172,-0.01352220,,-0.01352220,-0.01352220,-9899.8402,732117.8161,OK,0.0000,395.9936,4.0000,96.0000,AG03-UNRESOLVED,ALL5_LEVELS_bet23_to_bet27,395.9936,395.9936,494.9920,494.9920,494.9920,4.000000,4.000000,5.000000,5.000000,5.000000,96.000000,96.000000,95.000000,95.000000,95.000000,5.0,2276.9632,2077.4141,7622.8770,7822.4261,PENDING_AG03,FALSE,NOT_FOR_ENFORCEMENT,9503.8466,634780.2826,9899.8402,9503.8466,395.9936,0.01352220,0.01298131,395.9936,9503.8466,0.01298131,395.9936,395.9936,494.9920,494.9920,494.9920,9503.8466,0.01298131,2276.9632,2077.4141,7622.8770,7822.4261,0.01041209,0.01068465,0.00054089,48.2545,43.5822,0.6525,899.9855,26.3996,66556.1651,1379.2727,,48.2545,52.3519,52.3519,52.3519,52.6635,78.5279,78.5279,52.3519,0.0,1.5,1.5,0.921734,8,96,3,1,0E-8,0.01352220,,0E-8,0.000000,0.903174,0.000000,,2026-03-21,2026-04-19,11,375,68,30,0.366667,,,0.000000,,,,,,,,GLOBAL_BASELINE_NO_ENTITY_RANKING,,,NOT_APPLICABLE_GLOBAL_BASELINE,HF9g-P5,,,,X 全窗基线 · 不参与实体赏罚,15056981,1506,A168_HF9F_20260827_0900,2026-08-27 09:00:00
2026-04-08,146105613,2256,0,1675.2611051488,-748.6323063634,-748.6323063634,0.2307692,32,32,0.50665070000000000,0.506650700000,-2.8136989110974167,-2.8136989110974167,-2.8136989110974167,0E-17,ELIGIBLE,R03b_20260811_FULL_v1,L1_ELIGIBILITY,v2026-08-11,2026-03-21..2026-08-06,baccarat_bet02_101_all_pairs_incl_sentinel,round_win = game_pnl > 0 (decisive only),COMPATIBILITY_ONLY_NOT_PRODUCTION,732117.8161,661229.4611,9899.8402,15172,15172,-0.01352220,,-0.01352220,-0.01352220,-9899.8402,732117.8161,OK,0.0000,395.9936,4.0000,96.0000,AG03-UNRESOLVED,ALL5_LEVELS_bet23_to_bet27,395.9936,395.9936,494.9920,494.9920,494.9920,4.000000,4.000000,5.000000,5.000000,5.000000,96.000000,96.000000,95.000000,95.000000,95.000000,5.0,2276.9632,2077.4141,7622.8770,7822.4261,PENDING_AG03,FALSE,NOT_FOR_ENFORCEMENT,9503.8466,634780.2826,9899.8402,9503.8466,395.9936,0.01352220,0.01298131,395.9936,9503.8466,0.01298131,395.9936,395.9936,494.9920,494.9920,494.9920,9503.8466,0.01298131,2276.9632,2077.4141,7622.8770,7822.4261,0.01041209,0.01068465,0.00054089,48.2545,43.5822,0.6525,899.9855,26.3996,66556.1651,1379.2727,,48.2545,52.3519,52.3519,52.3519,52.6635,78.5279,78.5279,52.3519,0.0,1.5,1.5,0.921734,8,96,3,1,0E-8,0.01352220,,0E-8,0.000000,0.903174,0.000000,,2026-03-21,2026-04-19,11,375,68,30,0.366667,,,0.000000,,,,,,,,GLOBAL_BASELINE_NO_ENTITY_RANKING,,,NOT_APPLICABLE_GLOBAL_BASELINE,HF9g-P5,,,,X 全窗基线 · 不参与实体赏罚,15056982,1506,A168_HF9F_20260827_0900,2026-08-27 09:00:00
2026-04-08,146105613,970,0,8271.6017066722,992.0686857049,992.0686857049,0.5827338,158,158,0.50665070000000000,0.506650700000,1.7941720710565399,1.7941720710565399,1.7941720710565399,0E-17,ELIGIBLE,R03b_20260811_FULL_v1,L1_ELIGIBILITY,v2026-08-11,2026-03-21..2026-08-06,baccarat_bet02_101_all_pairs_incl_sentinel,round_win = game_pnl > 0 (decisive only),COMPATIBILITY_ONLY_NOT_PRODUCTION,732117.8161,661229.4611,9899.8402,15172,15172,-0.01352220,,-0.01352220,-0.01352220,-9899.8402,732117.8161,OK,0.0000,395.9936,4.0000,96.0000,AG03-UNRESOLVED,ALL5_LEVELS_bet23_to_bet27,395.9936,395.9936,494.9920,494.9920,494.9920,4.000000,4.000000,5.000000,5.000000,5.000000,96.000000,96.000000,95.000000,95.000000,95.000000,5.0,2276.9632,2077.4141,7622.8770,7822.4261,PENDING_AG03,FALSE,NOT_FOR_ENFORCEMENT,9503.8466,634780.2826,9899.8402,9503.8466,395.9936,0.01352220,0.01298131,395.9936,9503.8466,0.01298131,395.9936,395.9936,494.9920,494.9920,494.9920,9503.8466,0.01298131,2276.9632,2077.4141,7622.8770,7822.4261,0.01041209,0.01068465,0.00054089,48.2545,43.5822,0.6525,899.9855,26.3996,66556.1651,1379.2727,,48.2545,52.3519,52.3519,52.3519,52.6635,78.5279,78.5279,52.3519,0.0,1.5,1.5,0.921734,8,96,3,1,0E-8,0.01352220,,0E-8,0.000000,0.903174,0.000000,,2026-03-21,2026-04-19,11,375,68,30,0.366667,,,0.000000,,,,,,,,GLOBAL_BASELINE_NO_ENTITY_RANKING,,,NOT_APPLICABLE_GLOBAL_BASELINE,HF9g-P5,,,,X 全窗基线 · 不参与实体赏罚,15056983,1506,A168_HF9F_20260827_0900,2026-08-27 09:00:00
2026-04-08,146105613,986,0,8114.5459780645,-486.8727586842,-486.8727586842,0.4782609,155,155,0.50665070000000000,0.506650700000,-0.6670690023366836,-0.6670690023366836,-0.6670690023366836,0E-17,ELIGIBLE,R03b_20260811_FULL_v1,L1_ELIGIBILITY,v2026-08-11,2026-03-21..2026-08-06,baccarat_bet02_101_all_pairs_incl_sentinel,round_win = game_pnl > 0 (decisive only),COMPATIBILITY_ONLY_NOT_PRODUCTION,732117.8161,661229.4611,9899.8402,15172,15172,-0.01352220,,-0.01352220,-0.01352220,-9899.8402,732117.8161,OK,0.0000,395.9936,4.0000,96.0000,AG03-UNRESOLVED,ALL5_LEVELS_bet23_to_bet27,395.9936,395.9936,494.9920,494.9920,494.9920,4.000000,4.000000,5.000000,5.000000,5.000000,96.000000,96.000000,95.000000,95.000000,95.000000,5.0,2276.9632,2077.4141,7622.8770,7822.4261,PENDING_AG03,FALSE,NOT_FOR_ENFORCEMENT,9503.8466,634780.2826,9899.8402,9503.8466,395.9936,0.01352220,0.01298131,395.9936,9503.8466,0.01298131,395.9936,395.9936,494.9920,494.9920,494.9920,9503.8466,0.01298131,2276.9632,2077.4141,7622.8770,7822.4261,0.01041209,0.01068465,0.00054089,48.2545,43.5822,0.6525,899.9855,26.3996,66556.1651,1379.2727,,48.2545,52.3519,52.3519,52.3519,52.6635,78.5279,78.5279,52.3519,0.0,1.5,1.5,0.921734,8,96,3,1,0E-8,0.01352220,,0E-8,0.000000,0.903174,0.000000,,2026-03-21,2026-04-19,11,375,68,30,0.366667,,,0.000000,,,,,,,,GLOBAL_BASELINE_NO_ENTITY_RANKING,,,NOT_APPLICABLE_GLOBAL_BASELINE,HF9g-P5,,,,X 全窗基线 · 不参与实体赏罚,15056984,1506,A168_HF9F_20260827_0900,2026-08-27 09:00:00
2026-04-09,146105613,1205,0,1570.5572860770,272.2299295866,272.2299295866,0.6153846,30,30,0.50665070000000000,0.506650700000,1.108970820585034,1.108970820585034,1.108970820585034,0E-17,ELIGIBLE,R03b_20260811_FULL_v1,L1_ELIGIBILITY,v2026-08-11,2026-03-21..2026-08-06,baccarat_bet02_101_all_pairs_incl_sentinel,round_win = game_pnl > 0 (decisive only),COMPATIBILITY_ONLY_NOT_PRODUCTION,732117.8161,661229.4611,9899.8402,15172,15172,-0.01352220,,-0.01352220,-0.01352220,-9899.8402,732117.8161,OK,0.0000,395.9936,4.0000,96.0000,AG03-UNRESOLVED,ALL5_LEVELS_bet23_to_bet27,395.9936,395.9936,494.9920,494.9920,494.9920,4.000000,4.000000,5.000000,5.000000,5.000000,96.000000,96.000000,95.000000,95.000000,95.000000,5.0,2276.9632,2077.4141,7622.8770,7822.4261,PENDING_AG03,FALSE,NOT_FOR_ENFORCEMENT,9503.8466,634780.2826,9899.8402,9503.8466,395.9936,0.01352220,0.01298131,395.9936,9503.8466,0.01298131,395.9936,395.9936,494.9920,494.9920,494.9920,9503.8466,0.01298131,2276.9632,2077.4141,7622.8770,7822.4261,0.01041209,0.01068465,0.00054089,48.2545,43.5822,0.6525,899.9855,26.3996,66556.1651,1379.2727,,48.2545,52.3519,52.3519,52.3519,52.6635,78.5279,78.5279,52.3519,0.0,1.5,1.5,0.921734,8,96,3,1,0E-8,0.01352220,,0E-8,0.000000,0.903174,0.000000,,2026-03-21,2026-04-19,11,375,68,30,0.366667,,,0.000000,,,,,,,,GLOBAL_BASELINE_NO_ENTITY_RANKING,,,NOT_APPLICABLE_GLOBAL_BASELINE,HF9g-P5,,,,X 全窗基线 · 不参与实体赏罚,15056985,1506,A168_HF9F_20260827_0900,2026-08-27 09:00:00
2026-04-09,146105613,1210,0,3926.3932151925,-806.2194068530,-806.2194068530,0.4000000,75,75,0.50665070000000000,0.506650700000,-1.784765443635536,-1.784765443635536,-1.784765443635536,0E-17,ELIGIBLE,R03b_20260811_FULL_v1,L1_ELIGIBILITY,v2026-08-11,2026-03-21..2026-08-06,baccarat_bet02_101_all_pairs_incl_sentinel,round_win = game_pnl > 0 (decisive only),COMPATIBILITY_ONLY_NOT_PRODUCTION,732117.8161,661229.4611,9899.8402,15172,15172,-0.01352220,,-0.01352220,-0.01352220,-9899.8402,732117.8161,OK,0.0000,395.9936,4.0000,96.0000,AG03-UNRESOLVED,ALL5_LEVELS_bet23_to_bet27,395.9936,395.9936,494.9920,494.9920,494.9920,4.000000,4.000000,5.000000,5.000000,5.000000,96.000000,96.000000,95.000000,95.000000,95.000000,5.0,2276.9632,2077.4141,7622.8770,7822.4261,PENDING_AG03,FALSE,NOT_FOR_ENFORCEMENT,9503.8466,634780.2826,9899.8402,9503.8466,395.9936,0.01352220,0.01298131,395.9936,9503.8466,0.01298131,395.9936,395.9936,494.9920,494.9920,494.9920,9503.8466,0.01298131,2276.9632,2077.4141,7622.8770,7822.4261,0.01041209,0.01068465,0.00054089,48.2545,43.5822,0.6525,899.9855,26.3996,66556.1651,1379.2727,,48.2545,52.3519,52.3519,52.3519,52.6635,78.5279,78.5279,52.3519,0.0,1.5,1.5,0.921734,8,96,3,1,0E-8,0.01352220,,0E-8,0.000000,0.903174,0.000000,,2026-03-21,2026-04-19,11,375,68,30,0.366667,,,0.000000,,,,,,,,GLOBAL_BASELINE_NO_ENTITY_RANKING,,,NOT_APPLICABLE_GLOBAL_BASELINE,HF9g-P5,,,,X 全窗基线 · 不参与实体赏罚,15056986,1506,A168_HF9F_20260827_0900,2026-08-27 09:00:00
2026-04-09,146105613,1221,0,1937.0206528283,10.4703819071,10.4703819071,0.5161290,37,37,0.50665070000000000,0.506650700000,0.10555557937285923,0.10555557937285923,0.10555557937285923,0E-17,ELIGIBLE,R03b_20260811_FULL_v1,L1_ELIGIBILITY,v2026-08-11,2026-03-21..2026-08-06,baccarat_bet02_101_all_pairs_incl_sentinel,round_win = game_pnl > 0 (decisive only),COMPATIBILITY_ONLY_NOT_PRODUCTION,732117.8161,661229.4611,9899.8402,15172,15172,-0.01352220,,-0.01352220,-0.01352220,-9899.8402,732117.8161,OK,0.0000,395.9936,4.0000,96.0000,AG03-UNRESOLVED,ALL5_LEVELS_bet23_to_bet27,395.9936,395.9936,494.9920,494.9920,494.9920,4.000000,4.000000,5.000000,5.000000,5.000000,96.000000,96.000000,95.000000,95.000000,95.000000,5.0,2276.9632,2077.4141,7622.8770,7822.4261,PENDING_AG03,FALSE,NOT_FOR_ENFORCEMENT,9503.8466,634780.2826,9899.8402,9503.8466,395.9936,0.01352220,0.01298131,395.9936,9503.8466,0.01298131,395.9936,395.9936,494.9920,494.9920,494.9920,9503.8466,0.01298131,2276.9632,2077.4141,7622.8770,7822.4261,0.01041209,0.01068465,0.00054089,48.2545,43.5822,0.6525,899.9855,26.3996,66556.1651,1379.2727,,48.2545,52.3519,52.3519,52.3519,52.6635,78.5279,78.5279,52.3519,0.0,1.5,1.5,0.921734,8,96,3,1,0E-8,0.01352220,,0E-8,0.000000,0.903174,0.000000,,2026-03-21,2026-04-19,11,375,68,30,0.366667,,,0.000000,,,,,,,,GLOBAL_BASELINE_NO_ENTITY_RANKING,,,NOT_APPLICABLE_GLOBAL_BASELINE,HF9g-P5,,,,X 全窗基线 · 不参与实体赏罚,15056987,1506,A168_HF9F_20260827_0900,2026-08-27 09:00:00
2026-04-09,146105613,1330,0,4764.0237677669,659.6340601521,659.6340601521,0.5925926,91,91,0.50665070000000000,0.506650700000,1.5470909339868295,1.5470909339868295,1.5470909339868295,0E-17,ELIGIBLE,R03b_20260811_FULL_v1,L1_ELIGIBILITY,v2026-08-11,2026-03-21..2026-08-06,baccarat_bet02_101_all_pairs_incl_sentinel,round_win = game_pnl > 0 (decisive only),COMPATIBILITY_ONLY_NOT_PRODUCTION,732117.8161,661229.4611,9899.8402,15172,15172,-0.01352220,,-0.01352220,-0.01352220,-9899.8402,732117.8161,OK,0.0000,395.9936,4.0000,96.0000,AG03-UNRESOLVED,ALL5_LEVELS_bet23_to_bet27,395.9936,395.9936,494.9920,494.9920,494.9920,4.000000,4.000000,5.000000,5.000000,5.000000,96.000000,96.000000,95.000000,95.000000,95.000000,5.0,2276.9632,2077.4141,7622.8770,7822.4261,PENDING_AG03,FALSE,NOT_FOR_ENFORCEMENT,9503.8466,634780.2826,9899.8402,9503.8466,395.9936,0.01352220,0.01298131,395.9936,9503.8466,0.01298131,395.9936,395.9936,494.9920,494.9920,494.9920,9503.8466,0.01298131,2276.9632,2077.4141,7622.8770,7822.4261,0.01041209,0.01068465,0.00054089,48.2545,43.5822,0.6525,899.9855,26.3996,66556.1651,1379.2727,,48.2545,52.3519,52.3519,52.3519,52.6635,78.5279,78.5279,52.3519,0.0,1.5,1.5,0.921734,8,96,3,1,0E-8,0.01352220,,0E-8,0.000000,0.903174,0.000000,,2026-03-21,2026-04-19,11,375,68,30,0.366667,,,0.000000,,,,,,,,GLOBAL_BASELINE_NO_ENTITY_RANKING,,,NOT_APPLICABLE_GLOBAL_BASELINE,HF9g-P5,,,,X 全窗基线 · 不参与实体赏罚,15056988,1506,A168_HF9F_20260827_0900,2026-08-27 09:00:00
2026-04-09,146105613,1374,0,3402.8741198335,798.3666204223,798.3666204223,0.6603774,65,65,0.50665070000000000,0.506650700000,2.2384919673111843,2.2384919673111843,2.2384919673111843,0E-17,ELIGIBLE,R03b_20260811_FULL_v1,L1_ELIGIBILITY,v2026-08-11,2026-03-21..2026-08-06,baccarat_bet02_101_all_pairs_incl_sentinel,round_win = game_pnl > 0 (decisive only),COMPATIBILITY_ONLY_NOT_PRODUCTION,732117.8161,661229.4611,9899.8402,15172,15172,-0.01352220,,-0.01352220,-0.01352220,-9899.8402,732117.8161,OK,0.0000,395.9936,4.0000,96.0000,AG03-UNRESOLVED,ALL5_LEVELS_bet23_to_bet27,395.9936,395.9936,494.9920,494.9920,494.9920,4.000000,4.000000,5.000000,5.000000,5.000000,96.000000,96.000000,95.000000,95.000000,95.000000,5.0,2276.9632,2077.4141,7622.8770,7822.4261,PENDING_AG03,FALSE,NOT_FOR_ENFORCEMENT,9503.8466,634780.2826,9899.8402,9503.8466,395.9936,0.01352220,0.01298131,395.9936,9503.8466,0.01298131,395.9936,395.9936,494.9920,494.9920,494.9920,9503.8466,0.01298131,2276.9632,2077.4141,7622.8770,7822.4261,0.01041209,0.01068465,0.00054089,48.2545,43.5822,0.6525,899.9855,26.3996,66556.1651,1379.2727,,48.2545,52.3519,52.3519,52.3519,52.6635,78.5279,78.5279,52.3519,0.0,1.5,1.5,0.921734,8,96,3,1,0E-8,0.01352220,,0E-8,0.000000,0.903174,0.000000,,2026-03-21,2026-04-19,11,375,68,30,0.366667,,,0.000000,,,,,,,,GLOBAL_BASELINE_NO_ENTITY_RANKING,,,NOT_APPLICABLE_GLOBAL_BASELINE,HF9g-P5,,,,X 全窗基线 · 不参与实体赏罚,15056989,1506,A168_HF9F_20260827_0900,2026-08-27 09:00:00
2026-04-09,146105613,1385,0,1989.3725623642,314.1114572153,314.1114572153,0.6060606,38,38,0.50665070000000000,0.506650700000,1.1422339167213527,1.1422339167213527,1.1422339167213527,0E-17,ELIGIBLE,R03b_20260811_FULL_v1,L1_ELIGIBILITY,v2026-08-11,2026-03-21..2026-08-06,baccarat_bet02_101_all_pairs_incl_sentinel,round_win = game_pnl > 0 (decisive only),COMPATIBILITY_ONLY_NOT_PRODUCTION,732117.8161,661229.4611,9899.8402,15172,15172,-0.01352220,,-0.01352220,-0.01352220,-9899.8402,732117.8161,OK,0.0000,395.9936,4.0000,96.0000,AG03-UNRESOLVED,ALL5_LEVELS_bet23_to_bet27,395.9936,395.9936,494.9920,494.9920,494.9920,4.000000,4.000000,5.000000,5.000000,5.000000,96.000000,96.000000,95.000000,95.000000,95.000000,5.0,2276.9632,2077.4141,7622.8770,7822.4261,PENDING_AG03,FALSE,NOT_FOR_ENFORCEMENT,9503.8466,634780.2826,9899.8402,9503.8466,395.9936,0.01352220,0.01298131,395.9936,9503.8466,0.01298131,395.9936,395.9936,494.9920,494.9920,494.9920,9503.8466,0.01298131,2276.9632,2077.4141,7622.8770,7822.4261,0.01041209,0.01068465,0.00054089,48.2545,43.5822,0.6525,899.9855,26.3996,66556.1651,1379.2727,,48.2545,52.3519,52.3519,52.3519,52.6635,78.5279,78.5279,52.3519,0.0,1.5,1.5,0.921734,8,96,3,1,0E-8,0.01352220,,0E-8,0.000000,0.903174,0.000000,,2026-03-21,2026-04-19,11,375,68,30,0.366667,,,0.000000,,,,,,,,GLOBAL_BASELINE_NO_ENTITY_RANKING,,,NOT_APPLICABLE_GLOBAL_BASELINE,HF9g-P5,,,,X 全窗基线 · 不参与实体赏罚,15056990,1506,A168_HF9F_20260827_0900,2026-08-27 09:00:00
2026-04-09,146105613,1396,0,2251.1321100437,-355.9929848442,-355.9929848442,0.4210526,43,43,0.50665070000000000,0.506650700000,-1.0554172333638887,-1.0554172333638887,-1.0554172333638887,0E-17,ELIGIBLE,R03b_20260811_FULL_v1,L1_ELIGIBILITY,v2026-08-11,2026-03-21..2026-08-06,baccarat_bet02_101_all_pairs_incl_sentinel,round_win = game_pnl > 0 (decisive only),COMPATIBILITY_ONLY_NOT_PRODUCTION,732117.8161,661229.4611,9899.8402,15172,15172,-0.01352220,,-0.01352220,-0.01352220,-9899.8402,732117.8161,OK,0.0000,395.9936,4.0000,96.0000,AG03-UNRESOLVED,ALL5_LEVELS_bet23_to_bet27,395.9936,395.9936,494.9920,494.9920,494.9920,4.000000,4.000000,5.000000,5.000000,5.000000,96.000000,96.000000,95.000000,95.000000,95.000000,5.0,2276.9632,2077.4141,7622.8770,7822.4261,PENDING_AG03,FALSE,NOT_FOR_ENFORCEMENT,9503.8466,634780.2826,9899.8402,9503.8466,395.9936,0.01352220,0.01298131,395.9936,9503.8466,0.01298131,395.9936,395.9936,494.9920,494.9920,494.9920,9503.8466,0.01298131,2276.9632,2077.4141,7622.8770,7822.4261,0.01041209,0.01068465,0.00054089,48.2545,43.5822,0.6525,899.9855,26.3996,66556.1651,1379.2727,,48.2545,52.3519,52.3519,52.3519,52.6635,78.5279,78.5279,52.3519,0.0,1.5,1.5,0.921734,8,96,3,1,0E-8,0.01352220,,0E-8,0.000000,0.903174,0.000000,,2026-03-21,2026-04-19,11,375,68,30,0.366667,,,0.000000,,,,,,,,GLOBAL_BASELINE_NO_ENTITY_RANKING,,,NOT_APPLICABLE_GLOBAL_BASELINE,HF9g-P5,,,,X 全窗基线 · 不参与实体赏罚,15056991,1506,A168_HF9F_20260827_0900,2026-08-27 09:00:00
2026-04-09,146105613,1402,0,3350.5222102976,232.9659974346,232.9659974346,0.5535714,64,64,0.50665070000000000,0.506650700000,0.7023072940029771,0.7023072940029772,0.7023072940029771,0E-17,ELIGIBLE,R03b_20260811_FULL_v1,L1_ELIGIBILITY,v2026-08-11,2026-03-21..2026-08-06,baccarat_bet02_101_all_pairs_incl_sentinel,round_win = game_pnl > 0 (decisive only),COMPATIBILITY_ONLY_NOT_PRODUCTION,732117.8161,661229.4611,9899.8402,15172,15172,-0.01352220,,-0.01352220,-0.01352220,-9899.8402,732117.8161,OK,0.0000,395.9936,4.0000,96.0000,AG03-UNRESOLVED,ALL5_LEVELS_bet23_to_bet27,395.9936,395.9936,494.9920,494.9920,494.9920,4.000000,4.000000,5.000000,5.000000,5.000000,96.000000,96.000000,95.000000,95.000000,95.000000,5.0,2276.9632,2077.4141,7622.8770,7822.4261,PENDING_AG03,FALSE,NOT_FOR_ENFORCEMENT,9503.8466,634780.2826,9899.8402,9503.8466,395.9936,0.01352220,0.01298131,395.9936,9503.8466,0.01298131,395.9936,395.9936,494.9920,494.9920,494.9920,9503.8466,0.01298131,2276.9632,2077.4141,7622.8770,7822.4261,0.01041209,0.01068465,0.00054089,48.2545,43.5822,0.6525,899.9855,26.3996,66556.1651,1379.2727,,48.2545,52.3519,52.3519,52.3519,52.6635,78.5279,78.5279,52.3519,0.0,1.5,1.5,0.921734,8,96,3,1,0E-8,0.01352220,,0E-8,0.000000,0.903174,0.000000,,2026-03-21,2026-04-19,11,375,68,30,0.366667,,,0.000000,,,,,,,,GLOBAL_BASELINE_NO_ENTITY_RANKING,,,NOT_APPLICABLE_GLOBAL_BASELINE,HF9g-P5,,,,X 全窗基线 · 不参与实体赏罚,15056992,1506,A168_HF9F_20260827_0900,2026-08-27 09:00:00
2026-04-09,146105613,1405,0,1570.5572860770,-188.4668743293,-188.4668743293,0.4444444,30,30,0.50665070000000000,0.506650700000,-0.6465235673708442,-0.6465235673708442,-0.6465235673708442,0E-17,ELIGIBLE,R03b_20260811_FULL_v1,L1_ELIGIBILITY,v2026-08-11,2026-03-21..2026-08-06,baccarat_bet02_101_all_pairs_incl_sentinel,round_win = game_pnl > 0 (decisive only),COMPATIBILITY_ONLY_NOT_PRODUCTION,732117.8161,661229.4611,9899.8402,15172,15172,-0.01352220,,-0.01352220,-0.01352220,-9899.8402,732117.8161,OK,0.0000,395.9936,4.0000,96.0000,AG03-UNRESOLVED,ALL5_LEVELS_bet23_to_bet27,395.9936,395.9936,494.9920,494.9920,494.9920,4.000000,4.000000,5.000000,5.000000,5.000000,96.000000,96.000000,95.000000,95.000000,95.000000,5.0,2276.9632,2077.4141,7622.8770,7822.4261,PENDING_AG03,FALSE,NOT_FOR_ENFORCEMENT,9503.8466,634780.2826,9899.8402,9503.8466,395.9936,0.01352220,0.01298131,395.9936,9503.8466,0.01298131,395.9936,395.9936,494.9920,494.9920,494.9920,9503.8466,0.01298131,2276.9632,2077.4141,7622.8770,7822.4261,0.01041209,0.01068465,0.00054089,48.2545,43.5822,0.6525,899.9855,26.3996,66556.1651,1379.2727,,48.2545,52.3519,52.3519,52.3519,52.6635,78.5279,78.5279,52.3519,0.0,1.5,1.5,0.921734,8,96,3,1,0E-8,0.01352220,,0E-8,0.000000,0.903174,0.000000,,2026-03-21,2026-04-19,11,375,68,30,0.366667,,,0.000000,,,,,,,,GLOBAL_BASELINE_NO_ENTITY_RANKING,,,NOT_APPLICABLE_GLOBAL_BASELINE,HF9g-P5,,,,X 全窗基线 · 不参与实体赏罚,15056993,1506,A168_HF9F_20260827_0900,2026-08-27 09:00:00
2026-04-09,146105613,1490,0,1675.2611051488,-138.7325602702,-138.7325602702,0.4642857,32,32,0.50665070000000000,0.506650700000,-0.44838853381518096,-0.44838853381518096,-0.44838853381518096,0E-17,ELIGIBLE,R03b_20260811_FULL_v1,L1_ELIGIBILITY,v2026-08-11,2026-03-21..2026-08-06,baccarat_bet02_101_all_pairs_incl_sentinel,round_win = game_pnl > 0 (decisive only),COMPATIBILITY_ONLY_NOT_PRODUCTION,732117.8161,661229.4611,9899.8402,15172,15172,-0.01352220,,-0.01352220,-0.01352220,-9899.8402,732117.8161,OK,0.0000,395.9936,4.0000,96.0000,AG03-UNRESOLVED,ALL5_LEVELS_bet23_to_bet27,395.9936,395.9936,494.9920,494.9920,494.9920,4.000000,4.000000,5.000000,5.000000,5.000000,96.000000,96.000000,95.000000,95.000000,95.000000,5.0,2276.9632,2077.4141,7622.8770,7822.4261,PENDING_AG03,FALSE,NOT_FOR_ENFORCEMENT,9503.8466,634780.2826,9899.8402,9503.8466,395.9936,0.01352220,0.01298131,395.9936,9503.8466,0.01298131,395.9936,395.9936,494.9920,494.9920,494.9920,9503.8466,0.01298131,2276.9632,2077.4141,7622.8770,7822.4261,0.01041209,0.01068465,0.00054089,48.2545,43.5822,0.6525,899.9855,26.3996,66556.1651,1379.2727,,48.2545,52.3519,52.3519,52.3519,52.6635,78.5279,78.5279,52.3519,0.0,1.5,1.5,0.921734,8,96,3,1,0E-8,0.01352220,,0E-8,0.000000,0.903174,0.000000,,2026-03-21,2026-04-19,11,375,68,30,0.366667,,,0.000000,,,,,,,,GLOBAL_BASELINE_NO_ENTITY_RANKING,,,NOT_APPLICABLE_GLOBAL_BASELINE,HF9g-P5,,,,X 全窗基线 · 不参与实体赏罚,15056994,1506,A168_HF9F_20260827_0900,2026-08-27 09:00:00
2026-04-09,146105613,1646,0,1779.9649242206,-390.0217260425,-390.0217260425,0.3600000,34,34,0.50665070000000000,0.506650700000,-1.4666367497368638,-1.4666367497368638,-1.4666367497368638,0E-17,ELIGIBLE,R03b_20260811_FULL_v1,L1_ELIGIBILITY,v2026-08-11,2026-03-21..2026-08-06,baccarat_bet02_101_all_pairs_incl_sentinel,round_win = game_pnl > 0 (decisive only),COMPATIBILITY_ONLY_NOT_PRODUCTION,732117.8161,661229.4611,9899.8402,15172,15172,-0.01352220,,-0.01352220,-0.01352220,-9899.8402,732117.8161,OK,0.0000,395.9936,4.0000,96.0000,AG03-UNRESOLVED,ALL5_LEVELS_bet23_to_bet27,395.9936,395.9936,494.9920,494.9920,494.9920,4.000000,4.000000,5.000000,5.000000,5.000000,96.000000,96.000000,95.000000,95.000000,95.000000,5.0,2276.9632,2077.4141,7622.8770,7822.4261,PENDING_AG03,FALSE,NOT_FOR_ENFORCEMENT,9503.8466,634780.2826,9899.8402,9503.8466,395.9936,0.01352220,0.01298131,395.9936,9503.8466,0.01298131,395.9936,395.9936,494.9920,494.9920,494.9920,9503.8466,0.01298131,2276.9632,2077.4141,7622.8770,7822.4261,0.01041209,0.01068465,0.00054089,48.2545,43.5822,0.6525,899.9855,26.3996,66556.1651,1379.2727,,48.2545,52.3519,52.3519,52.3519,52.6635,78.5279,78.5279,52.3519,0.0,1.5,1.5,0.921734,8,96,3,1,0E-8,0.01352220,,0E-8,0.000000,0.903174,0.000000,,2026-03-21,2026-04-19,11,375,68,30,0.366667,,,0.000000,,,,,,,,GLOBAL_BASELINE_NO_ENTITY_RANKING,,,NOT_APPLICABLE_GLOBAL_BASELINE,HF9g-P5,,,,X 全窗基线 · 不参与实体赏罚,15056995,1506,A168_HF9F_20260827_0900,2026-08-27 09:00:00
2026-04-09,146105613,1947,0,1413.5015574693,170.1437059916,170.1437059916,0.5769231,27,27,0.50665070000000000,0.506650700000,0.7167038474167888,0.7167038474167888,0.7167038474167888,0E-17,ELIGIBLE,R03b_20260811_FULL_v1,L1_ELIGIBILITY,v2026-08-11,2026-03-21..2026-08-06,baccarat_bet02_101_all_pairs_incl_sentinel,round_win = game_pnl > 0 (decisive only),COMPATIBILITY_ONLY_NOT_PRODUCTION,732117.8161,661229.4611,9899.8402,15172,15172,-0.01352220,,-0.01352220,-0.01352220,-9899.8402,732117.8161,OK,0.0000,395.9936,4.0000,96.0000,AG03-UNRESOLVED,ALL5_LEVELS_bet23_to_bet27,395.9936,395.9936,494.9920,494.9920,494.9920,4.000000,4.000000,5.000000,5.000000,5.000000,96.000000,96.000000,95.000000,95.000000,95.000000,5.0,2276.9632,2077.4141,7622.8770,7822.4261,PENDING_AG03,FALSE,NOT_FOR_ENFORCEMENT,9503.8466,634780.2826,9899.8402,9503.8466,395.9936,0.01352220,0.01298131,395.9936,9503.8466,0.01298131,395.9936,395.9936,494.9920,494.9920,494.9920,9503.8466,0.01298131,2276.9632,2077.4141,7622.8770,7822.4261,0.01041209,0.01068465,0.00054089,48.2545,43.5822,0.6525,899.9855,26.3996,66556.1651,1379.2727,,48.2545,52.3519,52.3519,52.3519,52.6635,78.5279,78.5279,52.3519,0.0,1.5,1.5,0.921734,8,96,3,1,0E-8,0.01352220,,0E-8,0.000000,0.903174,0.000000,,2026-03-21,2026-04-19,11,375,68,30,0.366667,,,0.000000,,,,,,,,GLOBAL_BASELINE_NO_ENTITY_RANKING,,,NOT_APPLICABLE_GLOBAL_BASELINE,HF9g-P5,,,,X 全窗基线 · 不参与实体赏罚,15056996,1506,A168_HF9F_20260827_0900,2026-08-27 09:00:00
2026-04-09,146105613,1985,0,3612.2817579771,732.9267335024,732.9267335024,0.6250000,69,69,0.50665070000000000,0.506650700000,1.8937563359534786,1.8937563359534786,1.8937563359534786,0E-17,ELIGIBLE,R03b_20260811_FULL_v1,L1_ELIGIBILITY,v2026-08-11,2026-03-21..2026-08-06,baccarat_bet02_101_all_pairs_incl_sentinel,round_win = game_pnl > 0 (decisive only),COMPATIBILITY_ONLY_NOT_PRODUCTION,732117.8161,661229.4611,9899.8402,15172,15172,-0.01352220,,-0.01352220,-0.01352220,-9899.8402,732117.8161,OK,0.0000,395.9936,4.0000,96.0000,AG03-UNRESOLVED,ALL5_LEVELS_bet23_to_bet27,395.9936,395.9936,494.9920,494.9920,494.9920,4.000000,4.000000,5.000000,5.000000,5.000000,96.000000,96.000000,95.000000,95.000000,95.000000,5.0,2276.9632,2077.4141,7622.8770,7822.4261,PENDING_AG03,FALSE,NOT_FOR_ENFORCEMENT,9503.8466,634780.2826,9899.8402,9503.8466,395.9936,0.01352220,0.01298131,395.9936,9503.8466,0.01298131,395.9936,395.9936,494.9920,494.9920,494.9920,9503.8466,0.01298131,2276.9632,2077.4141,7622.8770,7822.4261,0.01041209,0.01068465,0.00054089,48.2545,43.5822,0.6525,899.9855,26.3996,66556.1651,1379.2727,,48.2545,52.3519,52.3519,52.3519,52.6635,78.5279,78.5279,52.3519,0.0,1.5,1.5,0.921734,8,96,3,1,0E-8,0.01352220,,0E-8,0.000000,0.903174,0.000000,,2026-03-21,2026-04-19,11,375,68,30,0.366667,,,0.000000,,,,,,,,GLOBAL_BASELINE_NO_ENTITY_RANKING,,,NOT_APPLICABLE_GLOBAL_BASELINE,HF9g-P5,,,,X 全窗基线 · 不参与实体赏罚,15056997,1506,A168_HF9F_20260827_0900,2026-08-27 09:00:00
2026-04-09,146105613,2171,0,3612.2817579771,-329.8170300763,-329.8170300763,0.4561404,69,69,0.50665070000000000,0.506650700000,-0.7627570255230987,-0.7627570255230987,-0.7627570255230987,0E-17,ELIGIBLE,R03b_20260811_FULL_v1,L1_ELIGIBILITY,v2026-08-11,2026-03-21..2026-08-06,baccarat_bet02_101_all_pairs_incl_sentinel,round_win = game_pnl > 0 (decisive only),COMPATIBILITY_ONLY_NOT_PRODUCTION,732117.8161,661229.4611,9899.8402,15172,15172,-0.01352220,,-0.01352220,-0.01352220,-9899.8402,732117.8161,OK,0.0000,395.9936,4.0000,96.0000,AG03-UNRESOLVED,ALL5_LEVELS_bet23_to_bet27,395.9936,395.9936,494.9920,494.9920,494.9920,4.000000,4.000000,5.000000,5.000000,5.000000,96.000000,96.000000,95.000000,95.000000,95.000000,5.0,2276.9632,2077.4141,7622.8770,7822.4261,PENDING_AG03,FALSE,NOT_FOR_ENFORCEMENT,9503.8466,634780.2826,9899.8402,9503.8466,395.9936,0.01352220,0.01298131,395.9936,9503.8466,0.01298131,395.9936,395.9936,494.9920,494.9920,494.9920,9503.8466,0.01298131,2276.9632,2077.4141,7622.8770,7822.4261,0.01041209,0.01068465,0.00054089,48.2545,43.5822,0.6525,899.9855,26.3996,66556.1651,1379.2727,,48.2545,52.3519,52.3519,52.3519,52.6635,78.5279,78.5279,52.3519,0.0,1.5,1.5,0.921734,8,96,3,1,0E-8,0.01352220,,0E-8,0.000000,0.903174,0.000000,,2026-03-21,2026-04-19,11,375,68,30,0.366667,,,0.000000,,,,,,,,GLOBAL_BASELINE_NO_ENTITY_RANKING,,,NOT_APPLICABLE_GLOBAL_BASELINE,HF9g-P5,,,,X 全窗基线 · 不参与实体赏罚,15056998,1506,A168_HF9F_20260827_0900,2026-08-27 09:00:00
2026-04-09,146105613,2174,0,3036.4107530822,193.7020652827,193.7020652827,0.5531915,58,58,0.50665070000000000,0.506650700000,0.638191612626035,0.638191612626035,0.638191612626035,0E-17,ELIGIBLE,R03b_20260811_FULL_v1,L1_ELIGIBILITY,v2026-08-11,2026-03-21..2026-08-06,baccarat_bet02_101_all_pairs_incl_sentinel,round_win = game_pnl > 0 (decisive only),COMPATIBILITY_ONLY_NOT_PRODUCTION,732117.8161,661229.4611,9899.8402,15172,15172,-0.01352220,,-0.01352220,-0.01352220,-9899.8402,732117.8161,OK,0.0000,395.9936,4.0000,96.0000,AG03-UNRESOLVED,ALL5_LEVELS_bet23_to_bet27,395.9936,395.9936,494.9920,494.9920,494.9920,4.000000,4.000000,5.000000,5.000000,5.000000,96.000000,96.000000,95.000000,95.000000,95.000000,5.0,2276.9632,2077.4141,7622.8770,7822.4261,PENDING_AG03,FALSE,NOT_FOR_ENFORCEMENT,9503.8466,634780.2826,9899.8402,9503.8466,395.9936,0.01352220,0.01298131,395.9936,9503.8466,0.01298131,395.9936,395.9936,494.9920,494.9920,494.9920,9503.8466,0.01298131,2276.9632,2077.4141,7622.8770,7822.4261,0.01041209,0.01068465,0.00054089,48.2545,43.5822,0.6525,899.9855,26.3996,66556.1651,1379.2727,,48.2545,52.3519,52.3519,52.3519,52.6635,78.5279,78.5279,52.3519,0.0,1.5,1.5,0.921734,8,96,3,1,0E-8,0.01352220,,0E-8,0.000000,0.903174,0.000000,,2026-03-21,2026-04-19,11,375,68,30,0.366667,,,0.000000,,,,,,,,GLOBAL_BASELINE_NO_ENTITY_RANKING,,,NOT_APPLICABLE_GLOBAL_BASELINE,HF9g-P5,,,,X 全窗基线 · 不参与实体赏罚,15056999,1506,A168_HF9F_20260827_0900,2026-08-27 09:00:00
2026-04-09,146105613,2177,0,2827.0031149386,94.2334371645,94.2334371645,0.5333333,54,54,0.50665070000000000,0.506650700000,0.3580167645725864,0.3580167645725864,0.3580167645725864,0E-17,ELIGIBLE,R03b_20260811_FULL_v1,L1_ELIGIBILITY,v2026-08-11,2026-03-21..2026-08-06,baccarat_bet02_101_all_pairs_incl_sentinel,round_win = game_pnl > 0 (decisive only),COMPATIBILITY_ONLY_NOT_PRODUCTION,732117.8161,661229.4611,9899.8402,15172,15172,-0.01352220,,-0.01352220,-0.01352220,-9899.8402,732117.8161,OK,0.0000,395.9936,4.0000,96.0000,AG03-UNRESOLVED,ALL5_LEVELS_bet23_to_bet27,395.9936,395.9936,494.9920,494.9920,494.9920,4.000000,4.000000,5.000000,5.000000,5.000000,96.000000,96.000000,95.000000,95.000000,95.000000,5.0,2276.9632,2077.4141,7622.8770,7822.4261,PENDING_AG03,FALSE,NOT_FOR_ENFORCEMENT,9503.8466,634780.2826,9899.8402,9503.8466,395.9936,0.01352220,0.01298131,395.9936,9503.8466,0.01298131,395.9936,395.9936,494.9920,494.9920,494.9920,9503.8466,0.01298131,2276.9632,2077.4141,7622.8770,7822.4261,0.01041209,0.01068465,0.00054089,48.2545,43.5822,0.6525,899.9855,26.3996,66556.1651,1379.2727,,48.2545,52.3519,52.3519,52.3519,52.6635,78.5279,78.5279,52.3519,0.0,1.5,1.5,0.921734,8,96,3,1,0E-8,0.01352220,,0E-8,0.000000,0.903174,0.000000,,2026-03-21,2026-04-19,11,375,68,30,0.366667,,,0.000000,,,,,,,,GLOBAL_BASELINE_NO_ENTITY_RANKING,,,NOT_APPLICABLE_GLOBAL_BASELINE,HF9g-P5,,,,X 全窗基线 · 不参与实体赏罚,15057000,1506,A168_HF9F_20260827_0900,2026-08-27 09:00:00
2026-04-09,146105613,2196,0,2303.4840195796,-99.4686281183,-99.4686281183,0.4864865,44,44,0.50665070000000000,0.506650700000,-0.2453299485614886,-0.2453299485614886,-0.2453299485614886,0E-17,ELIGIBLE,R03b_20260811_FULL_v1,L1_ELIGIBILITY,v2026-08-11,2026-03-21..2026-08-06,baccarat_bet02_101_all_pairs_incl_sentinel,round_win = game_pnl > 0 (decisive only),COMPATIBILITY_ONLY_NOT_PRODUCTION,732117.8161,661229.4611,9899.8402,15172,15172,-0.01352220,,-0.01352220,-0.01352220,-9899.8402,732117.8161,OK,0.0000,395.9936,4.0000,96.0000,AG03-UNRESOLVED,ALL5_LEVELS_bet23_to_bet27,395.9936,395.9936,494.9920,494.9920,494.9920,4.000000,4.000000,5.000000,5.000000,5.000000,96.000000,96.000000,95.000000,95.000000,95.000000,5.0,2276.9632,2077.4141,7622.8770,7822.4261,PENDING_AG03,FALSE,NOT_FOR_ENFORCEMENT,9503.8466,634780.2826,9899.8402,9503.8466,395.9936,0.01352220,0.01298131,395.9936,9503.8466,0.01298131,395.9936,395.9936,494.9920,494.9920,494.9920,9503.8466,0.01298131,2276.9632,2077.4141,7622.8770,7822.4261,0.01041209,0.01068465,0.00054089,48.2545,43.5822,0.6525,899.9855,26.3996,66556.1651,1379.2727,,48.2545,52.3519,52.3519,52.3519,52.6635,78.5279,78.5279,52.3519,0.0,1.5,1.5,0.921734,8,96,3,1,0E-8,0.01352220,,0E-8,0.000000,0.903174,0.000000,,2026-03-21,2026-04-19,11,375,68,30,0.366667,,,0.000000,,,,,,,,GLOBAL_BASELINE_NO_ENTITY_RANKING,,,NOT_APPLICABLE_GLOBAL_BASELINE,HF9g-P5,,,,X 全窗基线 · 不参与实体赏罚,15057001,1506,A168_HF9F_20260827_0900,2026-08-27 09:00:00
2026-04-09,146105613,2223,0,3036.4107530822,850.7185299582,850.7185299582,0.6730769,58,58,0.50665070000000000,0.506650700000,2.4004454850357377,2.4004454850357377,2.4004454850357377,0E-17,ELIGIBLE,R03b_20260811_FULL_v1,L1_ELIGIBILITY,v2026-08-11,2026-03-21..2026-08-06,baccarat_bet02_101_all_pairs_incl_sentinel,round_win = game_pnl > 0 (decisive only),COMPATIBILITY_ONLY_NOT_PRODUCTION,732117.8161,661229.4611,9899.8402,15172,15172,-0.01352220,,-0.01352220,-0.01352220,-9899.8402,732117.8161,OK,0.0000,395.9936,4.0000,96.0000,AG03-UNRESOLVED,ALL5_LEVELS_bet23_to_bet27,395.9936,395.9936,494.9920,494.9920,494.9920,4.000000,4.000000,5.000000,5.000000,5.000000,96.000000,96.000000,95.000000,95.000000,95.000000,5.0,2276.9632,2077.4141,7622.8770,7822.4261,PENDING_AG03,FALSE,NOT_FOR_ENFORCEMENT,9503.8466,634780.2826,9899.8402,9503.8466,395.9936,0.01352220,0.01298131,395.9936,9503.8466,0.01298131,395.9936,395.9936,494.9920,494.9920,494.9920,9503.8466,0.01298131,2276.9632,2077.4141,7622.8770,7822.4261,0.01041209,0.01068465,0.00054089,48.2545,43.5822,0.6525,899.9855,26.3996,66556.1651,1379.2727,,48.2545,52.3519,52.3519,52.3519,52.6635,78.5279,78.5279,52.3519,0.0,1.5,1.5,0.921734,8,96,3,1,0E-8,0.01352220,,0E-8,0.000000,0.903174,0.000000,,2026-03-21,2026-04-19,11,375,68,30,0.366667,,,0.000000,,,,,,,,GLOBAL_BASELINE_NO_ENTITY_RANKING,,,NOT_APPLICABLE_GLOBAL_BASELINE,HF9g-P5,,,,X 全窗基线 · 不参与实体赏罚,15057002,1506,A168_HF9F_20260827_0900,2026-08-27 09:00:00
2026-04-09,146105613,2233,0,3036.4107530822,-20.9407638145,-20.9407638145,0.5090909,58,58,0.50665070000000000,0.506650700000,0.03619735222689142,0.03619735222689142,0.03619735222689142,0E-17,ELIGIBLE,R03b_20260811_FULL_v1,L1_ELIGIBILITY,v2026-08-11,2026-03-21..2026-08-06,baccarat_bet02_101_all_pairs_incl_sentinel,round_win = game_pnl > 0 (decisive only),COMPATIBILITY_ONLY_NOT_PRODUCTION,732117.8161,661229.4611,9899.8402,15172,15172,-0.01352220,,-0.01352220,-0.01352220,-9899.8402,732117.8161,OK,0.0000,395.9936,4.0000,96.0000,AG03-UNRESOLVED,ALL5_LEVELS_bet23_to_bet27,395.9936,395.9936,494.9920,494.9920,494.9920,4.000000,4.000000,5.000000,5.000000,5.000000,96.000000,96.000000,95.000000,95.000000,95.000000,5.0,2276.9632,2077.4141,7622.8770,7822.4261,PENDING_AG03,FALSE,NOT_FOR_ENFORCEMENT,9503.8466,634780.2826,9899.8402,9503.8466,395.9936,0.01352220,0.01298131,395.9936,9503.8466,0.01298131,395.9936,395.9936,494.9920,494.9920,494.9920,9503.8466,0.01298131,2276.9632,2077.4141,7622.8770,7822.4261,0.01041209,0.01068465,0.00054089,48.2545,43.5822,0.6525,899.9855,26.3996,66556.1651,1379.2727,,48.2545,52.3519,52.3519,52.3519,52.6635,78.5279,78.5279,52.3519,0.0,1.5,1.5,0.921734,8,96,3,1,0E-8,0.01352220,,0E-8,0.000000,0.903174,0.000000,,2026-03-21,2026-04-19,11,375,68,30,0.366667,,,0.000000,,,,,,,,GLOBAL_BASELINE_NO_ENTITY_RANKING,,,NOT_APPLICABLE_GLOBAL_BASELINE,HF9g-P5,,,,X 全窗基线 · 不参与实体赏罚,15057003,1506,A168_HF9F_20260827_0900,2026-08-27 09:00:00
2026-04-09,146105613,2246,0,4606.9680391592,143.9677512235,143.9677512235,0.5294118,88,88,0.50665070000000000,0.506650700000,0.41973042841844926,0.41973042841844926,0.41973042841844926,0E-17,ELIGIBLE,R03b_20260811_FULL_v1,L1_ELIGIBILITY,v2026-08-11,2026-03-21..2026-08-06,baccarat_bet02_101_all_pairs_incl_sentinel,round_win = game_pnl > 0 (decisive only),COMPATIBILITY_ONLY_NOT_PRODUCTION,732117.8161,661229.4611,9899.8402,15172,15172,-0.01352220,,-0.01352220,-0.01352220,-9899.8402,732117.8161,OK,0.0000,395.9936,4.0000,96.0000,AG03-UNRESOLVED,ALL5_LEVELS_bet23_to_bet27,395.9936,395.9936,494.9920,494.9920,494.9920,4.000000,4.000000,5.000000,5.000000,5.000000,96.000000,96.000000,95.000000,95.000000,95.000000,5.0,2276.9632,2077.4141,7622.8770,7822.4261,PENDING_AG03,FALSE,NOT_FOR_ENFORCEMENT,9503.8466,634780.2826,9899.8402,9503.8466,395.9936,0.01352220,0.01298131,395.9936,9503.8466,0.01298131,395.9936,395.9936,494.9920,494.9920,494.9920,9503.8466,0.01298131,2276.9632,2077.4141,7622.8770,7822.4261,0.01041209,0.01068465,0.00054089,48.2545,43.5822,0.6525,899.9855,26.3996,66556.1651,1379.2727,,48.2545,52.3519,52.3519,52.3519,52.6635,78.5279,78.5279,52.3519,0.0,1.5,1.5,0.921734,8,96,3,1,0E-8,0.01352220,,0E-8,0.000000,0.903174,0.000000,,2026-03-21,2026-04-19,11,375,68,30,0.366667,,,0.000000,,,,,,,,GLOBAL_BASELINE_NO_ENTITY_RANKING,,,NOT_APPLICABLE_GLOBAL_BASELINE,HF9g-P5,,,,X 全窗基线 · 不参与实体赏罚,15057004,1506,A168_HF9F_20260827_0900,2026-08-27 09:00:00
2026-04-09,146105613,2267,0,2774.6512054027,497.3431405909,497.3431405909,0.6122449,53,53,0.50665070000000000,0.506650700000,1.4784495662161812,1.4784495662161814,1.4784495662161812,0E-17,ELIGIBLE,R03b_20260811_FULL_v1,L1_ELIGIBILITY,v2026-08-11,2026-03-21..2026-08-06,baccarat_bet02_101_all_pairs_incl_sentinel,round_win = game_pnl > 0 (decisive only),COMPATIBILITY_ONLY_NOT_PRODUCTION,732117.8161,661229.4611,9899.8402,15172,15172,-0.01352220,,-0.01352220,-0.01352220,-9899.8402,732117.8161,OK,0.0000,395.9936,4.0000,96.0000,AG03-UNRESOLVED,ALL5_LEVELS_bet23_to_bet27,395.9936,395.9936,494.9920,494.9920,494.9920,4.000000,4.000000,5.000000,5.000000,5.000000,96.000000,96.000000,95.000000,95.000000,95.000000,5.0,2276.9632,2077.4141,7622.8770,7822.4261,PENDING_AG03,FALSE,NOT_FOR_ENFORCEMENT,9503.8466,634780.2826,9899.8402,9503.8466,395.9936,0.01352220,0.01298131,395.9936,9503.8466,0.01298131,395.9936,395.9936,494.9920,494.9920,494.9920,9503.8466,0.01298131,2276.9632,2077.4141,7622.8770,7822.4261,0.01041209,0.01068465,0.00054089,48.2545,43.5822,0.6525,899.9855,26.3996,66556.1651,1379.2727,,48.2545,52.3519,52.3519,52.3519,52.6635,78.5279,78.5279,52.3519,0.0,1.5,1.5,0.921734,8,96,3,1,0E-8,0.01352220,,0E-8,0.000000,0.903174,0.000000,,2026-03-21,2026-04-19,11,375,68,30,0.366667,,,0.000000,,,,,,,,GLOBAL_BASELINE_NO_ENTITY_RANKING,,,NOT_APPLICABLE_GLOBAL_BASELINE,HF9g-P5,,,,X 全窗基线 · 不参与实体赏罚,15057005,1506,A168_HF9F_20260827_0900,2026-08-27 09:00:00
2026-04-09,146105613,550,0,3402.8741198335,-481.6375677304,-481.6375677304,0.4285714,65,65,0.50665070000000000,0.506650700000,-1.1686869216288132,-1.1686869216288134,-1.1686869216288132,0E-17,ELIGIBLE,R03b_20260811_FULL_v1,L1_ELIGIBILITY,v2026-08-11,2026-03-21..2026-08-06,baccarat_bet02_101_all_pairs_incl_sentinel,round_win = game_pnl > 0 (decisive only),COMPATIBILITY_ONLY_NOT_PRODUCTION,732117.8161,661229.4611,9899.8402,15172,15172,-0.01352220,,-0.01352220,-0.01352220,-9899.8402,732117.8161,OK,0.0000,395.9936,4.0000,96.0000,AG03-UNRESOLVED,ALL5_LEVELS_bet23_to_bet27,395.9936,395.9936,494.9920,494.9920,494.9920,4.000000,4.000000,5.000000,5.000000,5.000000,96.000000,96.000000,95.000000,95.000000,95.000000,5.0,2276.9632,2077.4141,7622.8770,7822.4261,PENDING_AG03,FALSE,NOT_FOR_ENFORCEMENT,9503.8466,634780.2826,9899.8402,9503.8466,395.9936,0.01352220,0.01298131,395.9936,9503.8466,0.01298131,395.9936,395.9936,494.9920,494.9920,494.9920,9503.8466,0.01298131,2276.9632,2077.4141,7622.8770,7822.4261,0.01041209,0.01068465,0.00054089,48.2545,43.5822,0.6525,899.9855,26.3996,66556.1651,1379.2727,,48.2545,52.3519,52.3519,52.3519,52.6635,78.5279,78.5279,52.3519,0.0,1.5,1.5,0.921734,8,96,3,1,0E-8,0.01352220,,0E-8,0.000000,0.903174,0.000000,,2026-03-21,2026-04-19,11,375,68,30,0.366667,,,0.000000,,,,,,,,GLOBAL_BASELINE_NO_ENTITY_RANKING,,,NOT_APPLICABLE_GLOBAL_BASELINE,HF9g-P5,,,,X 全窗基线 · 不参与实体赏罚,15057006,1506,A168_HF9F_20260827_0900,2026-08-27 09:00:00
2026-04-09,146105613,789,0,3193.4664816899,235.5835929114,235.5835929114,0.5555556,61,61,0.50665070000000000,0.506650700000,0.7188152441459758,0.7188152441459758,0.7188152441459758,0E-17,ELIGIBLE,R03b_20260811_FULL_v1,L1_ELIGIBILITY,v2026-08-11,2026-03-21..2026-08-06,baccarat_bet02_101_all_pairs_incl_sentinel,round_win = game_pnl > 0 (decisive only),COMPATIBILITY_ONLY_NOT_PRODUCTION,732117.8161,661229.4611,9899.8402,15172,15172,-0.01352220,,-0.01352220,-0.01352220,-9899.8402,732117.8161,OK,0.0000,395.9936,4.0000,96.0000,AG03-UNRESOLVED,ALL5_LEVELS_bet23_to_bet27,395.9936,395.9936,494.9920,494.9920,494.9920,4.000000,4.000000,5.000000,5.000000,5.000000,96.000000,96.000000,95.000000,95.000000,95.000000,5.0,2276.9632,2077.4141,7622.8770,7822.4261,PENDING_AG03,FALSE,NOT_FOR_ENFORCEMENT,9503.8466,634780.2826,9899.8402,9503.8466,395.9936,0.01352220,0.01298131,395.9936,9503.8466,0.01298131,395.9936,395.9936,494.9920,494.9920,494.9920,9503.8466,0.01298131,2276.9632,2077.4141,7622.8770,7822.4261,0.01041209,0.01068465,0.00054089,48.2545,43.5822,0.6525,899.9855,26.3996,66556.1651,1379.2727,,48.2545,52.3519,52.3519,52.3519,52.6635,78.5279,78.5279,52.3519,0.0,1.5,1.5,0.921734,8,96,3,1,0E-8,0.01352220,,0E-8,0.000000,0.903174,0.000000,,2026-03-21,2026-04-19,11,375,68,30,0.366667,,,0.000000,,,,,,,,GLOBAL_BASELINE_NO_ENTITY_RANKING,,,NOT_APPLICABLE_GLOBAL_BASELINE,HF9g-P5,,,,X 全窗基线 · 不参与实体赏罚,15057007,1506,A168_HF9F_20260827_0900,2026-08-27 09:00:00
2026-04-09,146105613,919,0,1570.5572860770,18.3231683375,18.3231683375,0.5200000,30,30,0.50665070000000000,0.506650700000,0.1335048108414233,0.1335048108414233,0.1335048108414233,0E-17,ELIGIBLE,R03b_20260811_FULL_v1,L1_ELIGIBILITY,v2026-08-11,2026-03-21..2026-08-06,baccarat_bet02_101_all_pairs_incl_sentinel,round_win = game_pnl > 0 (decisive only),COMPATIBILITY_ONLY_NOT_PRODUCTION,732117.8161,661229.4611,9899.8402,15172,15172,-0.01352220,,-0.01352220,-0.01352220,-9899.8402,732117.8161,OK,0.0000,395.9936,4.0000,96.0000,AG03-UNRESOLVED,ALL5_LEVELS_bet23_to_bet27,395.9936,395.9936,494.9920,494.9920,494.9920,4.000000,4.000000,5.000000,5.000000,5.000000,96.000000,96.000000,95.000000,95.000000,95.000000,5.0,2276.9632,2077.4141,7622.8770,7822.4261,PENDING_AG03,FALSE,NOT_FOR_ENFORCEMENT,9503.8466,634780.2826,9899.8402,9503.8466,395.9936,0.01352220,0.01298131,395.9936,9503.8466,0.01298131,395.9936,395.9936,494.9920,494.9920,494.9920,9503.8466,0.01298131,2276.9632,2077.4141,7622.8770,7822.4261,0.01041209,0.01068465,0.00054089,48.2545,43.5822,0.6525,899.9855,26.3996,66556.1651,1379.2727,,48.2545,52.3519,52.3519,52.3519,52.6635,78.5279,78.5279,52.3519,0.0,1.5,1.5,0.921734,8,96,3,1,0E-8,0.01352220,,0E-8,0.000000,0.903174,0.000000,,2026-03-21,2026-04-19,11,375,68,30,0.366667,,,0.000000,,,,,,,,GLOBAL_BASELINE_NO_ENTITY_RANKING,,,NOT_APPLICABLE_GLOBAL_BASELINE,HF9g-P5,,,,X 全窗基线 · 不参与实体赏罚,15057008,1506,A168_HF9F_20260827_0900,2026-08-27 09:00:00
2026-04-13,146105613,1210,0,10208.6223595005,429.2856581939,429.2856581939,0.5363128,195,195,0.50665070000000000,0.506650700000,0.7937752406609148,0.7937752406609149,0.7937752406609148,0E-17,ELIGIBLE,R03b_20260811_FULL_v1,L1_ELIGIBILITY,v2026-08-11,2026-03-21..2026-08-06,baccarat_bet02_101_all_pairs_incl_sentinel,round_win = game_pnl > 0 (decisive only),COMPATIBILITY_ONLY_NOT_PRODUCTION,732117.8161,661229.4611,9899.8402,15172,15172,-0.01352220,,-0.01352220,-0.01352220,-9899.8402,732117.8161,OK,0.0000,395.9936,4.0000,96.0000,AG03-UNRESOLVED,ALL5_LEVELS_bet23_to_bet27,395.9936,395.9936,494.9920,494.9920,494.9920,4.000000,4.000000,5.000000,5.000000,5.000000,96.000000,96.000000,95.000000,95.000000,95.000000,5.0,2276.9632,2077.4141,7622.8770,7822.4261,PENDING_AG03,FALSE,NOT_FOR_ENFORCEMENT,9503.8466,634780.2826,9899.8402,9503.8466,395.9936,0.01352220,0.01298131,395.9936,9503.8466,0.01298131,395.9936,395.9936,494.9920,494.9920,494.9920,9503.8466,0.01298131,2276.9632,2077.4141,7622.8770,7822.4261,0.01041209,0.01068465,0.00054089,48.2545,43.5822,0.6525,899.9855,26.3996,66556.1651,1379.2727,,48.2545,52.3519,52.3519,52.3519,52.6635,78.5279,78.5279,52.3519,0.0,1.5,1.5,0.921734,8,96,3,1,0E-8,0.01352220,,0E-8,0.000000,0.903174,0.000000,,2026-03-21,2026-04-19,11,375,68,30,0.366667,,,0.000000,,,,,,,,GLOBAL_BASELINE_NO_ENTITY_RANKING,,,NOT_APPLICABLE_GLOBAL_BASELINE,HF9g-P5,,,,X 全窗基线 · 不参与实体赏罚,15057009,1506,A168_HF9F_20260827_0900,2026-08-27 09:00:00
2026-04-13,146105613,1302,0,4502.2642200874,306.2586707848,306.2586707848,0.5512821,86,86,0.50665070000000000,0.506650700000,0.7884165926001985,0.7884165926001987,0.7884165926001985,0E-17,ELIGIBLE,R03b_20260811_FULL_v1,L1_ELIGIBILITY,v2026-08-11,2026-03-21..2026-08-06,baccarat_bet02_101_all_pairs_incl_sentinel,round_win = game_pnl > 0 (decisive only),COMPATIBILITY_ONLY_NOT_PRODUCTION,732117.8161,661229.4611,9899.8402,15172,15172,-0.01352220,,-0.01352220,-0.01352220,-9899.8402,732117.8161,OK,0.0000,395.9936,4.0000,96.0000,AG03-UNRESOLVED,ALL5_LEVELS_bet23_to_bet27,395.9936,395.9936,494.9920,494.9920,494.9920,4.000000,4.000000,5.000000,5.000000,5.000000,96.000000,96.000000,95.000000,95.000000,95.000000,5.0,2276.9632,2077.4141,7622.8770,7822.4261,PENDING_AG03,FALSE,NOT_FOR_ENFORCEMENT,9503.8466,634780.2826,9899.8402,9503.8466,395.9936,0.01352220,0.01298131,395.9936,9503.8466,0.01298131,395.9936,395.9936,494.9920,494.9920,494.9920,9503.8466,0.01298131,2276.9632,2077.4141,7622.8770,7822.4261,0.01041209,0.01068465,0.00054089,48.2545,43.5822,0.6525,899.9855,26.3996,66556.1651,1379.2727,,48.2545,52.3519,52.3519,52.3519,52.6635,78.5279,78.5279,52.3519,0.0,1.5,1.5,0.921734,8,96,3,1,0E-8,0.01352220,,0E-8,0.000000,0.903174,0.000000,,2026-03-21,2026-04-19,11,375,68,30,0.366667,,,0.000000,,,,,,,,GLOBAL_BASELINE_NO_ENTITY_RANKING,,,NOT_APPLICABLE_GLOBAL_BASELINE,HF9g-P5,,,,X 全窗基线 · 不参与实体赏罚,15057010,1506,A168_HF9F_20260827_0900,2026-08-27 09:00:00
2026-04-13,146105613,1307,0,10522.7338167159,227.7308064807,227.7308064807,0.5254237,201,201,0.50665070000000000,0.506650700000,0.4995620029804259,0.4995620029804259,0.4995620029804259,0E-17,ELIGIBLE,R03b_20260811_FULL_v1,L1_ELIGIBILITY,v2026-08-11,2026-03-21..2026-08-06,baccarat_bet02_101_all_pairs_incl_sentinel,round_win = game_pnl > 0 (decisive only),COMPATIBILITY_ONLY_NOT_PRODUCTION,732117.8161,661229.4611,9899.8402,15172,15172,-0.01352220,,-0.01352220,-0.01352220,-9899.8402,732117.8161,OK,0.0000,395.9936,4.0000,96.0000,AG03-UNRESOLVED,ALL5_LEVELS_bet23_to_bet27,395.9936,395.9936,494.9920,494.9920,494.9920,4.000000,4.000000,5.000000,5.000000,5.000000,96.000000,96.000000,95.000000,95.000000,95.000000,5.0,2276.9632,2077.4141,7622.8770,7822.4261,PENDING_AG03,FALSE,NOT_FOR_ENFORCEMENT,9503.8466,634780.2826,9899.8402,9503.8466,395.9936,0.01352220,0.01298131,395.9936,9503.8466,0.01298131,395.9936,395.9936,494.9920,494.9920,494.9920,9503.8466,0.01298131,2276.9632,2077.4141,7622.8770,7822.4261,0.01041209,0.01068465,0.00054089,48.2545,43.5822,0.6525,899.9855,26.3996,66556.1651,1379.2727,,48.2545,52.3519,52.3519,52.3519,52.6635,78.5279,78.5279,52.3519,0.0,1.5,1.5,0.921734,8,96,3,1,0E-8,0.01352220,,0E-8,0.000000,0.903174,0.000000,,2026-03-21,2026-04-19,11,375,68,30,0.366667,,,0.000000,,,,,,,,GLOBAL_BASELINE_NO_ENTITY_RANKING,,,NOT_APPLICABLE_GLOBAL_BASELINE,HF9g-P5,,,,X 全窗基线 · 不参与实体赏罚,15057011,1506,A168_HF9F_20260827_0900,2026-08-27 09:00:00
2026-04-13,146105613,1318,0,1989.3725623642,-505.1959270215,-505.1959270215,0.3714286,38,38,0.50665070000000000,0.506650700000,-1.6001113600447712,-1.6001113600447712,-1.6001113600447712,0E-17,ELIGIBLE,R03b_20260811_FULL_v1,L1_ELIGIBILITY,v2026-08-11,2026-03-21..2026-08-06,baccarat_bet02_101_all_pairs_incl_sentinel,round_win = game_pnl > 0 (decisive only),COMPATIBILITY_ONLY_NOT_PRODUCTION,732117.8161,661229.4611,9899.8402,15172,15172,-0.01352220,,-0.01352220,-0.01352220,-9899.8402,732117.8161,OK,0.0000,395.9936,4.0000,96.0000,AG03-UNRESOLVED,ALL5_LEVELS_bet23_to_bet27,395.9936,395.9936,494.9920,494.9920,494.9920,4.000000,4.000000,5.000000,5.000000,5.000000,96.000000,96.000000,95.000000,95.000000,95.000000,5.0,2276.9632,2077.4141,7622.8770,7822.4261,PENDING_AG03,FALSE,NOT_FOR_ENFORCEMENT,9503.8466,634780.2826,9899.8402,9503.8466,395.9936,0.01352220,0.01298131,395.9936,9503.8466,0.01298131,395.9936,395.9936,494.9920,494.9920,494.9920,9503.8466,0.01298131,2276.9632,2077.4141,7622.8770,7822.4261,0.01041209,0.01068465,0.00054089,48.2545,43.5822,0.6525,899.9855,26.3996,66556.1651,1379.2727,,48.2545,52.3519,52.3519,52.3519,52.6635,78.5279,78.5279,52.3519,0.0,1.5,1.5,0.921734,8,96,3,1,0E-8,0.01352220,,0E-8,0.000000,0.903174,0.000000,,2026-03-21,2026-04-19,11,375,68,30,0.366667,,,0.000000,,,,,,,,GLOBAL_BASELINE_NO_ENTITY_RANKING,,,NOT_APPLICABLE_GLOBAL_BASELINE,HF9g-P5,,,,X 全窗基线 · 不参与实体赏罚,15057012,1506,A168_HF9F_20260827_0900,2026-08-27 09:00:00
2026-04-13,146105613,1374,0,575.8710048949,-115.1742009790,-115.1742009790,0.4000000,11,11,0.50665070000000000,0.506650700000,-0.6745779303487851,-0.6745779303487851,-0.6745779303487851,0E-17,ELIGIBLE,R03b_20260811_FULL_v1,L1_ELIGIBILITY,v2026-08-11,2026-03-21..2026-08-06,baccarat_bet02_101_all_pairs_incl_sentinel,round_win = game_pnl > 0 (decisive only),COMPATIBILITY_ONLY_NOT_PRODUCTION,732117.8161,661229.4611,9899.8402,15172,15172,-0.01352220,,-0.01352220,-0.01352220,-9899.8402,732117.8161,OK,0.0000,395.9936,4.0000,96.0000,AG03-UNRESOLVED,ALL5_LEVELS_bet23_to_bet27,395.9936,395.9936,494.9920,494.9920,494.9920,4.000000,4.000000,5.000000,5.000000,5.000000,96.000000,96.000000,95.000000,95.000000,95.000000,5.0,2276.9632,2077.4141,7622.8770,7822.4261,PENDING_AG03,FALSE,NOT_FOR_ENFORCEMENT,9503.8466,634780.2826,9899.8402,9503.8466,395.9936,0.01352220,0.01298131,395.9936,9503.8466,0.01298131,395.9936,395.9936,494.9920,494.9920,494.9920,9503.8466,0.01298131,2276.9632,2077.4141,7622.8770,7822.4261,0.01041209,0.01068465,0.00054089,48.2545,43.5822,0.6525,899.9855,26.3996,66556.1651,1379.2727,,48.2545,52.3519,52.3519,52.3519,52.6635,78.5279,78.5279,52.3519,0.0,1.5,1.5,0.921734,8,96,3,1,0E-8,0.01352220,,0E-8,0.000000,0.903174,0.000000,,2026-03-21,2026-04-19,11,375,68,30,0.366667,,,0.000000,,,,,,,,GLOBAL_BASELINE_NO_ENTITY_RANKING,,,NOT_APPLICABLE_GLOBAL_BASELINE,HF9g-P5,,,,X 全窗基线 · 不参与实体赏罚,15057013,1506,A168_HF9F_20260827_0900,2026-08-27 09:00:00
2026-04-13,146105613,1402,0,575.8710048949,-115.1742009790,-115.1742009790,0.4000000,11,11,0.50665070000000000,0.506650700000,-0.6745779303487851,-0.6745779303487851,-0.6745779303487851,0E-17,ELIGIBLE,R03b_20260811_FULL_v1,L1_ELIGIBILITY,v2026-08-11,2026-03-21..2026-08-06,baccarat_bet02_101_all_pairs_incl_sentinel,round_win = game_pnl > 0 (decisive only),COMPATIBILITY_ONLY_NOT_PRODUCTION,732117.8161,661229.4611,9899.8402,15172,15172,-0.01352220,,-0.01352220,-0.01352220,-9899.8402,732117.8161,OK,0.0000,395.9936,4.0000,96.0000,AG03-UNRESOLVED,ALL5_LEVELS_bet23_to_bet27,395.9936,395.9936,494.9920,494.9920,494.9920,4.000000,4.000000,5.000000,5.000000,5.000000,96.000000,96.000000,95.000000,95.000000,95.000000,5.0,2276.9632,2077.4141,7622.8770,7822.4261,PENDING_AG03,FALSE,NOT_FOR_ENFORCEMENT,9503.8466,634780.2826,9899.8402,9503.8466,395.9936,0.01352220,0.01298131,395.9936,9503.8466,0.01298131,395.9936,395.9936,494.9920,494.9920,494.9920,9503.8466,0.01298131,2276.9632,2077.4141,7622.8770,7822.4261,0.01041209,0.01068465,0.00054089,48.2545,43.5822,0.6525,899.9855,26.3996,66556.1651,1379.2727,,48.2545,52.3519,52.3519,52.3519,52.6635,78.5279,78.5279,52.3519,0.0,1.5,1.5,0.921734,8,96,3,1,0E-8,0.01352220,,0E-8,0.000000,0.903174,0.000000,,2026-03-21,2026-04-19,11,375,68,30,0.366667,,,0.000000,,,,,,,,GLOBAL_BASELINE_NO_ENTITY_RANKING,,,NOT_APPLICABLE_GLOBAL_BASELINE,HF9g-P5,,,,X 全窗基线 · 不参与实体赏罚,15057014,1506,A168_HF9F_20260827_0900,2026-08-27 09:00:00
2026-04-13,146105613,1507,0,4554.6161296233,-366.4633667515,-366.4633667515,0.4705882,87,87,0.50665070000000000,0.506650700000,-0.6650178256781343,-0.6650178256781343,-0.6650178256781343,0E-17,ELIGIBLE,R03b_20260811_FULL_v1,L1_ELIGIBILITY,v2026-08-11,2026-03-21..2026-08-06,baccarat_bet02_101_all_pairs_incl_sentinel,round_win = game_pnl > 0 (decisive only),COMPATIBILITY_ONLY_NOT_PRODUCTION,732117.8161,661229.4611,9899.8402,15172,15172,-0.01352220,,-0.01352220,-0.01352220,-9899.8402,732117.8161,OK,0.0000,395.9936,4.0000,96.0000,AG03-UNRESOLVED,ALL5_LEVELS_bet23_to_bet27,395.9936,395.9936,494.9920,494.9920,494.9920,4.000000,4.000000,5.000000,5.000000,5.000000,96.000000,96.000000,95.000000,95.000000,95.000000,5.0,2276.9632,2077.4141,7622.8770,7822.4261,PENDING_AG03,FALSE,NOT_FOR_ENFORCEMENT,9503.8466,634780.2826,9899.8402,9503.8466,395.9936,0.01352220,0.01298131,395.9936,9503.8466,0.01298131,395.9936,395.9936,494.9920,494.9920,494.9920,9503.8466,0.01298131,2276.9632,2077.4141,7622.8770,7822.4261,0.01041209,0.01068465,0.00054089,48.2545,43.5822,0.6525,899.9855,26.3996,66556.1651,1379.2727,,48.2545,52.3519,52.3519,52.3519,52.6635,78.5279,78.5279,52.3519,0.0,1.5,1.5,0.921734,8,96,3,1,0E-8,0.01352220,,0E-8,0.000000,0.903174,0.000000,,2026-03-21,2026-04-19,11,375,68,30,0.366667,,,0.000000,,,,,,,,GLOBAL_BASELINE_NO_ENTITY_RANKING,,,NOT_APPLICABLE_GLOBAL_BASELINE,HF9g-P5,,,,X 全窗基线 · 不参与实体赏罚,15057015,1506,A168_HF9F_20260827_0900,2026-08-27 09:00:00
2026-04-13,146105613,2103,0,575.8710048949,191.0844698060,191.0844698060,0.7000000,11,11,0.50665070000000000,0.506650700000,1.2229565359475965,1.2229565359475965,1.2229565359475965,0E-17,ELIGIBLE,R03b_20260811_FULL_v1,L1_ELIGIBILITY,v2026-08-11,2026-03-21..2026-08-06,baccarat_bet02_101_all_pairs_incl_sentinel,round_win = game_pnl > 0 (decisive only),COMPATIBILITY_ONLY_NOT_PRODUCTION,732117.8161,661229.4611,9899.8402,15172,15172,-0.01352220,,-0.01352220,-0.01352220,-9899.8402,732117.8161,OK,0.0000,395.9936,4.0000,96.0000,AG03-UNRESOLVED,ALL5_LEVELS_bet23_to_bet27,395.9936,395.9936,494.9920,494.9920,494.9920,4.000000,4.000000,5.000000,5.000000,5.000000,96.000000,96.000000,95.000000,95.000000,95.000000,5.0,2276.9632,2077.4141,7622.8770,7822.4261,PENDING_AG03,FALSE,NOT_FOR_ENFORCEMENT,9503.8466,634780.2826,9899.8402,9503.8466,395.9936,0.01352220,0.01298131,395.9936,9503.8466,0.01298131,395.9936,395.9936,494.9920,494.9920,494.9920,9503.8466,0.01298131,2276.9632,2077.4141,7622.8770,7822.4261,0.01041209,0.01068465,0.00054089,48.2545,43.5822,0.6525,899.9855,26.3996,66556.1651,1379.2727,,48.2545,52.3519,52.3519,52.3519,52.6635,78.5279,78.5279,52.3519,0.0,1.5,1.5,0.921734,8,96,3,1,0E-8,0.01352220,,0E-8,0.000000,0.903174,0.000000,,2026-03-21,2026-04-19,11,375,68,30,0.366667,,,0.000000,,,,,,,,GLOBAL_BASELINE_NO_ENTITY_RANKING,,,NOT_APPLICABLE_GLOBAL_BASELINE,HF9g-P5,,,,X 全窗基线 · 不参与实体赏罚,15057016,1506,A168_HF9F_20260827_0900,2026-08-27 09:00:00
2026-04-13,146105613,2145,0,680.5748239667,188.4668743292,188.4668743292,0.6666667,13,13,0.50665070000000000,0.506650700000,1.108721222988407,1.108721222988407,1.108721222988407,0E-17,ELIGIBLE,R03b_20260811_FULL_v1,L1_ELIGIBILITY,v2026-08-11,2026-03-21..2026-08-06,baccarat_bet02_101_all_pairs_incl_sentinel,round_win = game_pnl > 0 (decisive only),COMPATIBILITY_ONLY_NOT_PRODUCTION,732117.8161,661229.4611,9899.8402,15172,15172,-0.01352220,,-0.01352220,-0.01352220,-9899.8402,732117.8161,OK,0.0000,395.9936,4.0000,96.0000,AG03-UNRESOLVED,ALL5_LEVELS_bet23_to_bet27,395.9936,395.9936,494.9920,494.9920,494.9920,4.000000,4.000000,5.000000,5.000000,5.000000,96.000000,96.000000,95.000000,95.000000,95.000000,5.0,2276.9632,2077.4141,7622.8770,7822.4261,PENDING_AG03,FALSE,NOT_FOR_ENFORCEMENT,9503.8466,634780.2826,9899.8402,9503.8466,395.9936,0.01352220,0.01298131,395.9936,9503.8466,0.01298131,395.9936,395.9936,494.9920,494.9920,494.9920,9503.8466,0.01298131,2276.9632,2077.4141,7622.8770,7822.4261,0.01041209,0.01068465,0.00054089,48.2545,43.5822,0.6525,899.9855,26.3996,66556.1651,1379.2727,,48.2545,52.3519,52.3519,52.3519,52.6635,78.5279,78.5279,52.3519,0.0,1.5,1.5,0.921734,8,96,3,1,0E-8,0.01352220,,0E-8,0.000000,0.903174,0.000000,,2026-03-21,2026-04-19,11,375,68,30,0.366667,,,0.000000,,,,,,,,GLOBAL_BASELINE_NO_ENTITY_RANKING,,,NOT_APPLICABLE_GLOBAL_BASELINE,HF9g-P5,,,,X 全窗基线 · 不参与实体赏罚,15057017,1506,A168_HF9F_20260827_0900,2026-08-27 09:00:00
2026-04-13,146105613,2169,0,9737.4551736774,-431.9032536716,-431.9032536716,0.4885057,186,186,0.50665070000000000,0.506650700000,-0.4787390868114836,-0.4787390868114836,-0.4787390868114836,0E-17,ELIGIBLE,R03b_20260811_FULL_v1,L1_ELIGIBILITY,v2026-08-11,2026-03-21..2026-08-06,baccarat_bet02_101_all_pairs_incl_sentinel,round_win = game_pnl > 0 (decisive only),COMPATIBILITY_ONLY_NOT_PRODUCTION,732117.8161,661229.4611,9899.8402,15172,15172,-0.01352220,,-0.01352220,-0.01352220,-9899.8402,732117.8161,OK,0.0000,395.9936,4.0000,96.0000,AG03-UNRESOLVED,ALL5_LEVELS_bet23_to_bet27,395.9936,395.9936,494.9920,494.9920,494.9920,4.000000,4.000000,5.000000,5.000000,5.000000,96.000000,96.000000,95.000000,95.000000,95.000000,5.0,2276.9632,2077.4141,7622.8770,7822.4261,PENDING_AG03,FALSE,NOT_FOR_ENFORCEMENT,9503.8466,634780.2826,9899.8402,9503.8466,395.9936,0.01352220,0.01298131,395.9936,9503.8466,0.01298131,395.9936,395.9936,494.9920,494.9920,494.9920,9503.8466,0.01298131,2276.9632,2077.4141,7622.8770,7822.4261,0.01041209,0.01068465,0.00054089,48.2545,43.5822,0.6525,899.9855,26.3996,66556.1651,1379.2727,,48.2545,52.3519,52.3519,52.3519,52.6635,78.5279,78.5279,52.3519,0.0,1.5,1.5,0.921734,8,96,3,1,0E-8,0.01352220,,0E-8,0.000000,0.903174,0.000000,,2026-03-21,2026-04-19,11,375,68,30,0.366667,,,0.000000,,,,,,,,GLOBAL_BASELINE_NO_ENTITY_RANKING,,,NOT_APPLICABLE_GLOBAL_BASELINE,HF9g-P5,,,,X 全窗基线 · 不参与实体赏罚,15057018,1506,A168_HF9F_20260827_0900,2026-08-27 09:00:00
2026-04-13,146105613,2175,0,4292.8565819438,-44.4991231057,-44.4991231057,0.5068493,82,82,0.50665070000000000,0.506650700000,0.0033942360578585965,0.0033942360578585956,0.0033942360578585965,0E-17,ELIGIBLE,R03b_20260811_FULL_v1,L1_ELIGIBILITY,v2026-08-11,2026-03-21..2026-08-06,baccarat_bet02_101_all_pairs_incl_sentinel,round_win = game_pnl > 0 (decisive only),COMPATIBILITY_ONLY_NOT_PRODUCTION,732117.8161,661229.4611,9899.8402,15172,15172,-0.01352220,,-0.01352220,-0.01352220,-9899.8402,732117.8161,OK,0.0000,395.9936,4.0000,96.0000,AG03-UNRESOLVED,ALL5_LEVELS_bet23_to_bet27,395.9936,395.9936,494.9920,494.9920,494.9920,4.000000,4.000000,5.000000,5.000000,5.000000,96.000000,96.000000,95.000000,95.000000,95.000000,5.0,2276.9632,2077.4141,7622.8770,7822.4261,PENDING_AG03,FALSE,NOT_FOR_ENFORCEMENT,9503.8466,634780.2826,9899.8402,9503.8466,395.9936,0.01352220,0.01298131,395.9936,9503.8466,0.01298131,395.9936,395.9936,494.9920,494.9920,494.9920,9503.8466,0.01298131,2276.9632,2077.4141,7622.8770,7822.4261,0.01041209,0.01068465,0.00054089,48.2545,43.5822,0.6525,899.9855,26.3996,66556.1651,1379.2727,,48.2545,52.3519,52.3519,52.3519,52.6635,78.5279,78.5279,52.3519,0.0,1.5,1.5,0.921734,8,96,3,1,0E-8,0.01352220,,0E-8,0.000000,0.903174,0.000000,,2026-03-21,2026-04-19,11,375,68,30,0.366667,,,0.000000,,,,,,,,GLOBAL_BASELINE_NO_ENTITY_RANKING,,,NOT_APPLICABLE_GLOBAL_BASELINE,HF9g-P5,,,,X 全窗基线 · 不参与实体赏罚,15057019,1506,A168_HF9F_20260827_0900,2026-08-27 09:00:00
2026-04-13,146105613,2177,0,10103.9185404287,691.0452058734,691.0452058734,0.5517241,193,193,0.50665070000000000,0.506650700000,1.189224169658594,1.189224169658594,1.189224169658594,0E-17,ELIGIBLE,R03b_20260811_FULL_v1,L1_ELIGIBILITY,v2026-08-11,2026-03-21..2026-08-06,baccarat_bet02_101_all_pairs_incl_sentinel,round_win = game_pnl > 0 (decisive only),COMPATIBILITY_ONLY_NOT_PRODUCTION,732117.8161,661229.4611,9899.8402,15172,15172,-0.01352220,,-0.01352220,-0.01352220,-9899.8402,732117.8161,OK,0.0000,395.9936,4.0000,96.0000,AG03-UNRESOLVED,ALL5_LEVELS_bet23_to_bet27,395.9936,395.9936,494.9920,494.9920,494.9920,4.000000,4.000000,5.000000,5.000000,5.000000,96.000000,96.000000,95.000000,95.000000,95.000000,5.0,2276.9632,2077.4141,7622.8770,7822.4261,PENDING_AG03,FALSE,NOT_FOR_ENFORCEMENT,9503.8466,634780.2826,9899.8402,9503.8466,395.9936,0.01352220,0.01298131,395.9936,9503.8466,0.01298131,395.9936,395.9936,494.9920,494.9920,494.9920,9503.8466,0.01298131,2276.9632,2077.4141,7622.8770,7822.4261,0.01041209,0.01068465,0.00054089,48.2545,43.5822,0.6525,899.9855,26.3996,66556.1651,1379.2727,,48.2545,52.3519,52.3519,52.3519,52.6635,78.5279,78.5279,52.3519,0.0,1.5,1.5,0.921734,8,96,3,1,0E-8,0.01352220,,0E-8,0.000000,0.903174,0.000000,,2026-03-21,2026-04-19,11,375,68,30,0.366667,,,0.000000,,,,,,,,GLOBAL_BASELINE_NO_ENTITY_RANKING,,,NOT_APPLICABLE_GLOBAL_BASELINE,HF9g-P5,,,,X 全窗基线 · 不参与实体赏罚,15057020,1506,A168_HF9F_20260827_0900,2026-08-27 09:00:00
2026-04-13,146105613,2196,0,10051.5666308928,78.5278643034,78.5278643034,0.5172414,192,192,0.50665070000000000,0.506650700000,0.2794260297658243,0.2794260297658243,0.2794260297658243,0E-17,ELIGIBLE,R03b_20260811_FULL_v1,L1_ELIGIBILITY,v2026-08-11,2026-03-21..2026-08-06,baccarat_bet02_101_all_pairs_incl_sentinel,round_win = game_pnl > 0 (decisive only),COMPATIBILITY_ONLY_NOT_PRODUCTION,732117.8161,661229.4611,9899.8402,15172,15172,-0.01352220,,-0.01352220,-0.01352220,-9899.8402,732117.8161,OK,0.0000,395.9936,4.0000,96.0000,AG03-UNRESOLVED,ALL5_LEVELS_bet23_to_bet27,395.9936,395.9936,494.9920,494.9920,494.9920,4.000000,4.000000,5.000000,5.000000,5.000000,96.000000,96.000000,95.000000,95.000000,95.000000,5.0,2276.9632,2077.4141,7622.8770,7822.4261,PENDING_AG03,FALSE,NOT_FOR_ENFORCEMENT,9503.8466,634780.2826,9899.8402,9503.8466,395.9936,0.01352220,0.01298131,395.9936,9503.8466,0.01298131,395.9936,395.9936,494.9920,494.9920,494.9920,9503.8466,0.01298131,2276.9632,2077.4141,7622.8770,7822.4261,0.01041209,0.01068465,0.00054089,48.2545,43.5822,0.6525,899.9855,26.3996,66556.1651,1379.2727,,48.2545,52.3519,52.3519,52.3519,52.6635,78.5279,78.5279,52.3519,0.0,1.5,1.5,0.921734,8,96,3,1,0E-8,0.01352220,,0E-8,0.000000,0.903174,0.000000,,2026-03-21,2026-04-19,11,375,68,30,0.366667,,,0.000000,,,,,,,,GLOBAL_BASELINE_NO_ENTITY_RANKING,,,NOT_APPLICABLE_GLOBAL_BASELINE,HF9g-P5,,,,X 全窗基线 · 不参与实体赏罚,15057021,1506,A168_HF9F_20260827_0900,2026-08-27 09:00:00
2026-04-13,146105613,2201,0,837.6305525744,81.1454597806,81.1454597806,0.5625000,16,16,0.50665070000000000,0.506650700000,0.4468339302960246,0.4468339302960246,0.4468339302960246,0E-17,ELIGIBLE,R03b_20260811_FULL_v1,L1_ELIGIBILITY,v2026-08-11,2026-03-21..2026-08-06,baccarat_bet02_101_all_pairs_incl_sentinel,round_win = game_pnl > 0 (decisive only),COMPATIBILITY_ONLY_NOT_PRODUCTION,732117.8161,661229.4611,9899.8402,15172,15172,-0.01352220,,-0.01352220,-0.01352220,-9899.8402,732117.8161,OK,0.0000,395.9936,4.0000,96.0000,AG03-UNRESOLVED,ALL5_LEVELS_bet23_to_bet27,395.9936,395.9936,494.9920,494.9920,494.9920,4.000000,4.000000,5.000000,5.000000,5.000000,96.000000,96.000000,95.000000,95.000000,95.000000,5.0,2276.9632,2077.4141,7622.8770,7822.4261,PENDING_AG03,FALSE,NOT_FOR_ENFORCEMENT,9503.8466,634780.2826,9899.8402,9503.8466,395.9936,0.01352220,0.01298131,395.9936,9503.8466,0.01298131,395.9936,395.9936,494.9920,494.9920,494.9920,9503.8466,0.01298131,2276.9632,2077.4141,7622.8770,7822.4261,0.01041209,0.01068465,0.00054089,48.2545,43.5822,0.6525,899.9855,26.3996,66556.1651,1379.2727,,48.2545,52.3519,52.3519,52.3519,52.6635,78.5279,78.5279,52.3519,0.0,1.5,1.5,0.921734,8,96,3,1,0E-8,0.01352220,,0E-8,0.000000,0.903174,0.000000,,2026-03-21,2026-04-19,11,375,68,30,0.366667,,,0.000000,,,,,,,,GLOBAL_BASELINE_NO_ENTITY_RANKING,,,NOT_APPLICABLE_GLOBAL_BASELINE,HF9g-P5,,,,X 全窗基线 · 不参与实体赏罚,15057022,1506,A168_HF9F_20260827_0900,2026-08-27 09:00:00
2026-04-13,146105613,2212,0,942.3343716462,591.5765777556,591.5765777556,0.8750000,18,18,0.50665070000000000,0.506650700000,2.947055118699598,2.947055118699598,2.947055118699598,0E-17,ELIGIBLE,R03b_20260811_FULL_v1,L1_ELIGIBILITY,v2026-08-11,2026-03-21..2026-08-06,baccarat_bet02_101_all_pairs_incl_sentinel,round_win = game_pnl > 0 (decisive only),COMPATIBILITY_ONLY_NOT_PRODUCTION,732117.8161,661229.4611,9899.8402,15172,15172,-0.01352220,,-0.01352220,-0.01352220,-9899.8402,732117.8161,OK,0.0000,395.9936,4.0000,96.0000,AG03-UNRESOLVED,ALL5_LEVELS_bet23_to_bet27,395.9936,395.9936,494.9920,494.9920,494.9920,4.000000,4.000000,5.000000,5.000000,5.000000,96.000000,96.000000,95.000000,95.000000,95.000000,5.0,2276.9632,2077.4141,7622.8770,7822.4261,PENDING_AG03,FALSE,NOT_FOR_ENFORCEMENT,9503.8466,634780.2826,9899.8402,9503.8466,395.9936,0.01352220,0.01298131,395.9936,9503.8466,0.01298131,395.9936,395.9936,494.9920,494.9920,494.9920,9503.8466,0.01298131,2276.9632,2077.4141,7622.8770,7822.4261,0.01041209,0.01068465,0.00054089,48.2545,43.5822,0.6525,899.9855,26.3996,66556.1651,1379.2727,,48.2545,52.3519,52.3519,52.3519,52.6635,78.5279,78.5279,52.3519,0.0,1.5,1.5,0.921734,8,96,3,1,0E-8,0.01352220,,0E-8,0.000000,0.903174,0.000000,,2026-03-21,2026-04-19,11,375,68,30,0.366667,,,0.000000,,,,,,,,GLOBAL_BASELINE_NO_ENTITY_RANKING,,,NOT_APPLICABLE_GLOBAL_BASELINE,HF9g-P5,,,,X 全窗基线 · 不参与实体赏罚,15057023,1506,A168_HF9F_20260827_0900,2026-08-27 09:00:00
2026-04-13,146105613,2218,0,4711.6718582310,196.3196607594,196.3196607594,0.5421687,89,89,0.50665070000000000,0.506650700000,0.6472255571673372,0.6472255571673372,0.6472255571673372,0E-17,ELIGIBLE,R03b_20260811_FULL_v1,L1_ELIGIBILITY,v2026-08-11,2026-03-21..2026-08-06,baccarat_bet02_101_all_pairs_incl_sentinel,round_win = game_pnl > 0 (decisive only),COMPATIBILITY_ONLY_NOT_PRODUCTION,732117.8161,661229.4611,9899.8402,15172,15172,-0.01352220,,-0.01352220,-0.01352220,-9899.8402,732117.8161,OK,0.0000,395.9936,4.0000,96.0000,AG03-UNRESOLVED,ALL5_LEVELS_bet23_to_bet27,395.9936,395.9936,494.9920,494.9920,494.9920,4.000000,4.000000,5.000000,5.000000,5.000000,96.000000,96.000000,95.000000,95.000000,95.000000,5.0,2276.9632,2077.4141,7622.8770,7822.4261,PENDING_AG03,FALSE,NOT_FOR_ENFORCEMENT,9503.8466,634780.2826,9899.8402,9503.8466,395.9936,0.01352220,0.01298131,395.9936,9503.8466,0.01298131,395.9936,395.9936,494.9920,494.9920,494.9920,9503.8466,0.01298131,2276.9632,2077.4141,7622.8770,7822.4261,0.01041209,0.01068465,0.00054089,48.2545,43.5822,0.6525,899.9855,26.3996,66556.1651,1379.2727,,48.2545,52.3519,52.3519,52.3519,52.6635,78.5279,78.5279,52.3519,0.0,1.5,1.5,0.921734,8,96,3,1,0E-8,0.01352220,,0E-8,0.000000,0.903174,0.000000,,2026-03-21,2026-04-19,11,375,68,30,0.366667,,,0.000000,,,,,,,,GLOBAL_BASELINE_NO_ENTITY_RANKING,,,NOT_APPLICABLE_GLOBAL_BASELINE,HF9g-P5,,,,X 全窗基线 · 不参与实体赏罚,15057024,1506,A168_HF9F_20260827_0900,2026-08-27 09:00:00
2026-04-13,146105613,2222,0,4240.5046724079,-759.1026882707,-759.1026882707,0.4109589,81,81,0.50665070000000000,0.506650700000,-1.6353267982971733,-1.635326798297173,-1.6353267982971733,0E-17,ELIGIBLE,R03b_20260811_FULL_v1,L1_ELIGIBILITY,v2026-08-11,2026-03-21..2026-08-06,baccarat_bet02_101_all_pairs_incl_sentinel,round_win = game_pnl > 0 (decisive only),COMPATIBILITY_ONLY_NOT_PRODUCTION,732117.8161,661229.4611,9899.8402,15172,15172,-0.01352220,,-0.01352220,-0.01352220,-9899.8402,732117.8161,OK,0.0000,395.9936,4.0000,96.0000,AG03-UNRESOLVED,ALL5_LEVELS_bet23_to_bet27,395.9936,395.9936,494.9920,494.9920,494.9920,4.000000,4.000000,5.000000,5.000000,5.000000,96.000000,96.000000,95.000000,95.000000,95.000000,5.0,2276.9632,2077.4141,7622.8770,7822.4261,PENDING_AG03,FALSE,NOT_FOR_ENFORCEMENT,9503.8466,634780.2826,9899.8402,9503.8466,395.9936,0.01352220,0.01298131,395.9936,9503.8466,0.01298131,395.9936,395.9936,494.9920,494.9920,494.9920,9503.8466,0.01298131,2276.9632,2077.4141,7622.8770,7822.4261,0.01041209,0.01068465,0.00054089,48.2545,43.5822,0.6525,899.9855,26.3996,66556.1651,1379.2727,,48.2545,52.3519,52.3519,52.3519,52.6635,78.5279,78.5279,52.3519,0.0,1.5,1.5,0.921734,8,96,3,1,0E-8,0.01352220,,0E-8,0.000000,0.903174,0.000000,,2026-03-21,2026-04-19,11,375,68,30,0.366667,,,0.000000,,,,,,,,GLOBAL_BASELINE_NO_ENTITY_RANKING,,,NOT_APPLICABLE_GLOBAL_BASELINE,HF9g-P5,,,,X 全窗基线 · 不参与实体赏罚,15057025,1506,A168_HF9F_20260827_0900,2026-08-27 09:00:00
2026-04-13,146105613,2250,0,680.5748239667,-115.1742009790,-115.1742009790,0.4000000,13,13,0.50665070000000000,0.506650700000,-0.6745779303487851,-0.6745779303487851,-0.6745779303487851,0E-17,ELIGIBLE,R03b_20260811_FULL_v1,L1_ELIGIBILITY,v2026-08-11,2026-03-21..2026-08-06,baccarat_bet02_101_all_pairs_incl_sentinel,round_win = game_pnl > 0 (decisive only),COMPATIBILITY_ONLY_NOT_PRODUCTION,732117.8161,661229.4611,9899.8402,15172,15172,-0.01352220,,-0.01352220,-0.01352220,-9899.8402,732117.8161,OK,0.0000,395.9936,4.0000,96.0000,AG03-UNRESOLVED,ALL5_LEVELS_bet23_to_bet27,395.9936,395.9936,494.9920,494.9920,494.9920,4.000000,4.000000,5.000000,5.000000,5.000000,96.000000,96.000000,95.000000,95.000000,95.000000,5.0,2276.9632,2077.4141,7622.8770,7822.4261,PENDING_AG03,FALSE,NOT_FOR_ENFORCEMENT,9503.8466,634780.2826,9899.8402,9503.8466,395.9936,0.01352220,0.01298131,395.9936,9503.8466,0.01298131,395.9936,395.9936,494.9920,494.9920,494.9920,9503.8466,0.01298131,2276.9632,2077.4141,7622.8770,7822.4261,0.01041209,0.01068465,0.00054089,48.2545,43.5822,0.6525,899.9855,26.3996,66556.1651,1379.2727,,48.2545,52.3519,52.3519,52.3519,52.6635,78.5279,78.5279,52.3519,0.0,1.5,1.5,0.921734,8,96,3,1,0E-8,0.01352220,,0E-8,0.000000,0.903174,0.000000,,2026-03-21,2026-04-19,11,375,68,30,0.366667,,,0.000000,,,,,,,,GLOBAL_BASELINE_NO_ENTITY_RANKING,,,NOT_APPLICABLE_GLOBAL_BASELINE,HF9g-P5,,,,X 全窗基线 · 不参与实体赏罚,15057026,1506,A168_HF9F_20260827_0900,2026-08-27 09:00:00
2026-04-13,146105613,2256,0,5078.1352249823,-5.2351909538,-5.2351909538,0.5121951,97,97,0.50665070000000000,0.506650700000,0.10042263641629691,0.10042263641629691,0.10042263641629691,0E-17,ELIGIBLE,R03b_20260811_FULL_v1,L1_ELIGIBILITY,v2026-08-11,2026-03-21..2026-08-06,baccarat_bet02_101_all_pairs_incl_sentinel,round_win = game_pnl > 0 (decisive only),COMPATIBILITY_ONLY_NOT_PRODUCTION,732117.8161,661229.4611,9899.8402,15172,15172,-0.01352220,,-0.01352220,-0.01352220,-9899.8402,732117.8161,OK,0.0000,395.9936,4.0000,96.0000,AG03-UNRESOLVED,ALL5_LEVELS_bet23_to_bet27,395.9936,395.9936,494.9920,494.9920,494.9920,4.000000,4.000000,5.000000,5.000000,5.000000,96.000000,96.000000,95.000000,95.000000,95.000000,5.0,2276.9632,2077.4141,7622.8770,7822.4261,PENDING_AG03,FALSE,NOT_FOR_ENFORCEMENT,9503.8466,634780.2826,9899.8402,9503.8466,395.9936,0.01352220,0.01298131,395.9936,9503.8466,0.01298131,395.9936,395.9936,494.9920,494.9920,494.9920,9503.8466,0.01298131,2276.9632,2077.4141,7622.8770,7822.4261,0.01041209,0.01068465,0.00054089,48.2545,43.5822,0.6525,899.9855,26.3996,66556.1651,1379.2727,,48.2545,52.3519,52.3519,52.3519,52.6635,78.5279,78.5279,52.3519,0.0,1.5,1.5,0.921734,8,96,3,1,0E-8,0.01352220,,0E-8,0.000000,0.903174,0.000000,,2026-03-21,2026-04-19,11,375,68,30,0.366667,,,0.000000,,,,,,,,GLOBAL_BASELINE_NO_ENTITY_RANKING,,,NOT_APPLICABLE_GLOBAL_BASELINE,HF9g-P5,,,,X 全窗基线 · 不参与实体赏罚,15057027,1506,A168_HF9F_20260827_0900,2026-08-27 09:00:00
2026-04-13,146105613,994,0,8585.7131638876,-604.6645551400,-604.6645551400,0.4733333,164,164,0.50665070000000000,0.506650700000,-0.8161776842926864,-0.8161776842926864,-0.8161776842926864,0E-17,ELIGIBLE,R03b_20260811_FULL_v1,L1_ELIGIBILITY,v2026-08-11,2026-03-21..2026-08-06,baccarat_bet02_101_all_pairs_incl_sentinel,round_win = game_pnl > 0 (decisive only),COMPATIBILITY_ONLY_NOT_PRODUCTION,732117.8161,661229.4611,9899.8402,15172,15172,-0.01352220,,-0.01352220,-0.01352220,-9899.8402,732117.8161,OK,0.0000,395.9936,4.0000,96.0000,AG03-UNRESOLVED,ALL5_LEVELS_bet23_to_bet27,395.9936,395.9936,494.9920,494.9920,494.9920,4.000000,4.000000,5.000000,5.000000,5.000000,96.000000,96.000000,95.000000,95.000000,95.000000,5.0,2276.9632,2077.4141,7622.8770,7822.4261,PENDING_AG03,FALSE,NOT_FOR_ENFORCEMENT,9503.8466,634780.2826,9899.8402,9503.8466,395.9936,0.01352220,0.01298131,395.9936,9503.8466,0.01298131,395.9936,395.9936,494.9920,494.9920,494.9920,9503.8466,0.01298131,2276.9632,2077.4141,7622.8770,7822.4261,0.01041209,0.01068465,0.00054089,48.2545,43.5822,0.6525,899.9855,26.3996,66556.1651,1379.2727,,48.2545,52.3519,52.3519,52.3519,52.6635,78.5279,78.5279,52.3519,0.0,1.5,1.5,0.921734,8,96,3,1,0E-8,0.01352220,,0E-8,0.000000,0.903174,0.000000,,2026-03-21,2026-04-19,11,375,68,30,0.366667,,,0.000000,,,,,,,,GLOBAL_BASELINE_NO_ENTITY_RANKING,,,NOT_APPLICABLE_GLOBAL_BASELINE,HF9g-P5,,,,X 全窗基线 · 不参与实体赏罚,15057028,1506,A168_HF9F_20260827_0900,2026-08-27 09:00:00
2026-04-18,146105613,-1,1,235.5835929117,-82.4542575191,-82.4542575191,0.3333333,3,3,0.50665070000000000,0.506650700000,-0.6004420894325239,-0.6004420894325239,-0.6004420894325239,0E-17,SENTINEL_DEALER,R03b_20260811_FULL_v1,L1_ELIGIBILITY,v2026-08-11,2026-03-21..2026-08-06,baccarat_bet02_101_all_pairs_incl_sentinel,round_win = game_pnl > 0 (decisive only),COMPATIBILITY_ONLY_NOT_PRODUCTION,732117.8161,661229.4611,9899.8402,15172,15172,-0.01352220,,-0.01352220,-0.01352220,-9899.8402,732117.8161,OK,0.0000,395.9936,4.0000,96.0000,AG03-UNRESOLVED,ALL5_LEVELS_bet23_to_bet27,395.9936,395.9936,494.9920,494.9920,494.9920,4.000000,4.000000,5.000000,5.000000,5.000000,96.000000,96.000000,95.000000,95.000000,95.000000,5.0,2276.9632,2077.4141,7622.8770,7822.4261,PENDING_AG03,FALSE,NOT_FOR_ENFORCEMENT,9503.8466,634780.2826,9899.8402,9503.8466,395.9936,0.01352220,0.01298131,395.9936,9503.8466,0.01298131,395.9936,395.9936,494.9920,494.9920,494.9920,9503.8466,0.01298131,2276.9632,2077.4141,7622.8770,7822.4261,0.01041209,0.01068465,0.00054089,48.2545,43.5822,0.6525,899.9855,26.3996,66556.1651,1379.2727,,48.2545,52.3519,52.3519,52.3519,52.6635,78.5279,78.5279,52.3519,0.0,1.5,1.5,0.921734,8,96,3,1,0E-8,0.01352220,,0E-8,0.000000,0.903174,0.000000,,2026-03-21,2026-04-19,11,375,68,30,0.366667,,,0.000000,,,,,,,,GLOBAL_BASELINE_NO_ENTITY_RANKING,,,NOT_APPLICABLE_GLOBAL_BASELINE,HF9g-P5,,,,X 全窗基线 · 不参与实体赏罚,15057029,1506,A168_HF9F_20260827_0900,2026-08-27 09:00:00
2026-04-18,146105613,1302,0,4947.2554511457,800.9842158996,800.9842158996,0.6000000,63,63,0.50665070000000000,0.506650700000,1.446289086749772,1.446289086749772,1.446289086749772,0E-17,ELIGIBLE,R03b_20260811_FULL_v1,L1_ELIGIBILITY,v2026-08-11,2026-03-21..2026-08-06,baccarat_bet02_101_all_pairs_incl_sentinel,round_win = game_pnl > 0 (decisive only),COMPATIBILITY_ONLY_NOT_PRODUCTION,732117.8161,661229.4611,9899.8402,15172,15172,-0.01352220,,-0.01352220,-0.01352220,-9899.8402,732117.8161,OK,0.0000,395.9936,4.0000,96.0000,AG03-UNRESOLVED,ALL5_LEVELS_bet23_to_bet27,395.9936,395.9936,494.9920,494.9920,494.9920,4.000000,4.000000,5.000000,5.000000,5.000000,96.000000,96.000000,95.000000,95.000000,95.000000,5.0,2276.9632,2077.4141,7622.8770,7822.4261,PENDING_AG03,FALSE,NOT_FOR_ENFORCEMENT,9503.8466,634780.2826,9899.8402,9503.8466,395.9936,0.01352220,0.01298131,395.9936,9503.8466,0.01298131,395.9936,395.9936,494.9920,494.9920,494.9920,9503.8466,0.01298131,2276.9632,2077.4141,7622.8770,7822.4261,0.01041209,0.01068465,0.00054089,48.2545,43.5822,0.6525,899.9855,26.3996,66556.1651,1379.2727,,48.2545,52.3519,52.3519,52.3519,52.6635,78.5279,78.5279,52.3519,0.0,1.5,1.5,0.921734,8,96,3,1,0E-8,0.01352220,,0E-8,0.000000,0.903174,0.000000,,2026-03-21,2026-04-19,11,375,68,30,0.366667,,,0.000000,,,,,,,,GLOBAL_BASELINE_NO_ENTITY_RANKING,,,NOT_APPLICABLE_GLOBAL_BASELINE,HF9g-P5,,,,X 全窗基线 · 不参与实体赏罚,15057030,1506,A168_HF9F_20260827_0900,2026-08-27 09:00:00
2026-04-18,146105613,1307,0,10836.8452739381,1280.0041881531,1280.0041881531,0.5748031,137,137,0.50665070000000000,0.506650700000,1.5362141077605695,1.5362141077605695,1.5362141077605695,0E-17,ELIGIBLE,R03b_20260811_FULL_v1,L1_ELIGIBILITY,v2026-08-11,2026-03-21..2026-08-06,baccarat_bet02_101_all_pairs_incl_sentinel,round_win = game_pnl > 0 (decisive only),COMPATIBILITY_ONLY_NOT_PRODUCTION,732117.8161,661229.4611,9899.8402,15172,15172,-0.01352220,,-0.01352220,-0.01352220,-9899.8402,732117.8161,OK,0.0000,395.9936,4.0000,96.0000,AG03-UNRESOLVED,ALL5_LEVELS_bet23_to_bet27,395.9936,395.9936,494.9920,494.9920,494.9920,4.000000,4.000000,5.000000,5.000000,5.000000,96.000000,96.000000,95.000000,95.000000,95.000000,5.0,2276.9632,2077.4141,7622.8770,7822.4261,PENDING_AG03,FALSE,NOT_FOR_ENFORCEMENT,9503.8466,634780.2826,9899.8402,9503.8466,395.9936,0.01352220,0.01298131,395.9936,9503.8466,0.01298131,395.9936,395.9936,494.9920,494.9920,494.9920,9503.8466,0.01298131,2276.9632,2077.4141,7622.8770,7822.4261,0.01041209,0.01068465,0.00054089,48.2545,43.5822,0.6525,899.9855,26.3996,66556.1651,1379.2727,,48.2545,52.3519,52.3519,52.3519,52.6635,78.5279,78.5279,52.3519,0.0,1.5,1.5,0.921734,8,96,3,1,0E-8,0.01352220,,0E-8,0.000000,0.903174,0.000000,,2026-03-21,2026-04-19,11,375,68,30,0.366667,,,0.000000,,,,,,,,GLOBAL_BASELINE_NO_ENTITY_RANKING,,,NOT_APPLICABLE_GLOBAL_BASELINE,HF9g-P5,,,,X 全窗基线 · 不参与实体赏罚,15057031,1506,A168_HF9F_20260827_0900,2026-08-27 09:00:00
2026-04-18,146105613,1374,0,10365.6780881148,-1613.7476114454,-1613.7476114454,0.4250000,132,132,0.50665070000000000,0.506650700000,-1.7890354806011053,-1.7890354806011053,-1.7890354806011053,0E-17,ELIGIBLE,R03b_20260811_FULL_v1,L1_ELIGIBILITY,v2026-08-11,2026-03-21..2026-08-06,baccarat_bet02_101_all_pairs_incl_sentinel,round_win = game_pnl > 0 (decisive only),COMPATIBILITY_ONLY_NOT_PRODUCTION,732117.8161,661229.4611,9899.8402,15172,15172,-0.01352220,,-0.01352220,-0.01352220,-9899.8402,732117.8161,OK,0.0000,395.9936,4.0000,96.0000,AG03-UNRESOLVED,ALL5_LEVELS_bet23_to_bet27,395.9936,395.9936,494.9920,494.9920,494.9920,4.000000,4.000000,5.000000,5.000000,5.000000,96.000000,96.000000,95.000000,95.000000,95.000000,5.0,2276.9632,2077.4141,7622.8770,7822.4261,PENDING_AG03,FALSE,NOT_FOR_ENFORCEMENT,9503.8466,634780.2826,9899.8402,9503.8466,395.9936,0.01352220,0.01298131,395.9936,9503.8466,0.01298131,395.9936,395.9936,494.9920,494.9920,494.9920,9503.8466,0.01298131,2276.9632,2077.4141,7622.8770,7822.4261,0.01041209,0.01068465,0.00054089,48.2545,43.5822,0.6525,899.9855,26.3996,66556.1651,1379.2727,,48.2545,52.3519,52.3519,52.3519,52.6635,78.5279,78.5279,52.3519,0.0,1.5,1.5,0.921734,8,96,3,1,0E-8,0.01352220,,0E-8,0.000000,0.903174,0.000000,,2026-03-21,2026-04-19,11,375,68,30,0.366667,,,0.000000,,,,,,,,GLOBAL_BASELINE_NO_ENTITY_RANKING,,,NOT_APPLICABLE_GLOBAL_BASELINE,HF9g-P5,,,,X 全窗基线 · 不参与实体赏罚,15057032,1506,A168_HF9F_20260827_0900,2026-08-27 09:00:00
2026-04-18,146105613,1400,0,11543.5960526733,-266.9947386336,-266.9947386336,0.5000000,147,147,0.50665070000000000,0.506650700000,-0.15513337133502975,-0.15513337133502975,-0.15513337133502975,0E-17,ELIGIBLE,R03b_20260811_FULL_v1,L1_ELIGIBILITY,v2026-08-11,2026-03-21..2026-08-06,baccarat_bet02_101_all_pairs_incl_sentinel,round_win = game_pnl > 0 (decisive only),COMPATIBILITY_ONLY_NOT_PRODUCTION,732117.8161,661229.4611,9899.8402,15172,15172,-0.01352220,,-0.01352220,-0.01352220,-9899.8402,732117.8161,OK,0.0000,395.9936,4.0000,96.0000,AG03-UNRESOLVED,ALL5_LEVELS_bet23_to_bet27,395.9936,395.9936,494.9920,494.9920,494.9920,4.000000,4.000000,5.000000,5.000000,5.000000,96.000000,96.000000,95.000000,95.000000,95.000000,5.0,2276.9632,2077.4141,7622.8770,7822.4261,PENDING_AG03,FALSE,NOT_FOR_ENFORCEMENT,9503.8466,634780.2826,9899.8402,9503.8466,395.9936,0.01352220,0.01298131,395.9936,9503.8466,0.01298131,395.9936,395.9936,494.9920,494.9920,494.9920,9503.8466,0.01298131,2276.9632,2077.4141,7622.8770,7822.4261,0.01041209,0.01068465,0.00054089,48.2545,43.5822,0.6525,899.9855,26.3996,66556.1651,1379.2727,,48.2545,52.3519,52.3519,52.3519,52.6635,78.5279,78.5279,52.3519,0.0,1.5,1.5,0.921734,8,96,3,1,0E-8,0.01352220,,0E-8,0.000000,0.903174,0.000000,,2026-03-21,2026-04-19,11,375,68,30,0.366667,,,0.000000,,,,,,,,GLOBAL_BASELINE_NO_ENTITY_RANKING,,,NOT_APPLICABLE_GLOBAL_BASELINE,HF9g-P5,,,,X 全窗基线 · 不参与实体赏罚,15057033,1506,A168_HF9F_20260827_0900,2026-08-27 09:00:00
2026-04-18,146105613,2145,0,11622.1239169772,-1264.2986152931,-1264.2986152931,0.4525547,148,148,0.50665070000000000,0.506650700000,-1.266465891538849,-1.2664658915388491,-1.266465891538849,0E-17,ELIGIBLE,R03b_20260811_FULL_v1,L1_ELIGIBILITY,v2026-08-11,2026-03-21..2026-08-06,baccarat_bet02_101_all_pairs_incl_sentinel,round_win = game_pnl > 0 (decisive only),COMPATIBILITY_ONLY_NOT_PRODUCTION,732117.8161,661229.4611,9899.8402,15172,15172,-0.01352220,,-0.01352220,-0.01352220,-9899.8402,732117.8161,OK,0.0000,395.9936,4.0000,96.0000,AG03-UNRESOLVED,ALL5_LEVELS_bet23_to_bet27,395.9936,395.9936,494.9920,494.9920,494.9920,4.000000,4.000000,5.000000,5.000000,5.000000,96.000000,96.000000,95.000000,95.000000,95.000000,5.0,2276.9632,2077.4141,7622.8770,7822.4261,PENDING_AG03,FALSE,NOT_FOR_ENFORCEMENT,9503.8466,634780.2826,9899.8402,9503.8466,395.9936,0.01352220,0.01298131,395.9936,9503.8466,0.01298131,395.9936,395.9936,494.9920,494.9920,494.9920,9503.8466,0.01298131,2276.9632,2077.4141,7622.8770,7822.4261,0.01041209,0.01068465,0.00054089,48.2545,43.5822,0.6525,899.9855,26.3996,66556.1651,1379.2727,,48.2545,52.3519,52.3519,52.3519,52.6635,78.5279,78.5279,52.3519,0.0,1.5,1.5,0.921734,8,96,3,1,0E-8,0.01352220,,0E-8,0.000000,0.903174,0.000000,,2026-03-21,2026-04-19,11,375,68,30,0.366667,,,0.000000,,,,,,,,GLOBAL_BASELINE_NO_ENTITY_RANKING,,,NOT_APPLICABLE_GLOBAL_BASELINE,HF9g-P5,,,,X 全窗基线 · 不参与实体赏罚,15057034,1506,A168_HF9F_20260827_0900,2026-08-27 09:00:00
2026-04-18,146105613,2156,0,5104.3111797535,800.9842158996,800.9842158996,0.6000000,65,65,0.50665070000000000,0.506650700000,1.446289086749772,1.446289086749772,1.446289086749772,0E-17,ELIGIBLE,R03b_20260811_FULL_v1,L1_ELIGIBILITY,v2026-08-11,2026-03-21..2026-08-06,baccarat_bet02_101_all_pairs_incl_sentinel,round_win = game_pnl > 0 (decisive only),COMPATIBILITY_ONLY_NOT_PRODUCTION,732117.8161,661229.4611,9899.8402,15172,15172,-0.01352220,,-0.01352220,-0.01352220,-9899.8402,732117.8161,OK,0.0000,395.9936,4.0000,96.0000,AG03-UNRESOLVED,ALL5_LEVELS_bet23_to_bet27,395.9936,395.9936,494.9920,494.9920,494.9920,4.000000,4.000000,5.000000,5.000000,5.000000,96.000000,96.000000,95.000000,95.000000,95.000000,5.0,2276.9632,2077.4141,7622.8770,7822.4261,PENDING_AG03,FALSE,NOT_FOR_ENFORCEMENT,9503.8466,634780.2826,9899.8402,9503.8466,395.9936,0.01352220,0.01298131,395.9936,9503.8466,0.01298131,395.9936,395.9936,494.9920,494.9920,494.9920,9503.8466,0.01298131,2276.9632,2077.4141,7622.8770,7822.4261,0.01041209,0.01068465,0.00054089,48.2545,43.5822,0.6525,899.9855,26.3996,66556.1651,1379.2727,,48.2545,52.3519,52.3519,52.3519,52.6635,78.5279,78.5279,52.3519,0.0,1.5,1.5,0.921734,8,96,3,1,0E-8,0.01352220,,0E-8,0.000000,0.903174,0.000000,,2026-03-21,2026-04-19,11,375,68,30,0.366667,,,0.000000,,,,,,,,GLOBAL_BASELINE_NO_ENTITY_RANKING,,,NOT_APPLICABLE_GLOBAL_BASELINE,HF9g-P5,,,,X 全窗基线 · 不参与实体赏罚,15057035,1506,A168_HF9F_20260827_0900,2026-08-27 09:00:00
2026-04-18,146105613,2234,0,5182.8390440574,954.1135512922,954.1135512922,0.6166667,66,66,0.50665070000000000,0.506650700000,1.704510820737024,1.7045108207370243,1.704510820737024,0E-17,ELIGIBLE,R03b_20260811_FULL_v1,L1_ELIGIBILITY,v2026-08-11,2026-03-21..2026-08-06,baccarat_bet02_101_all_pairs_incl_sentinel,round_win = game_pnl > 0 (decisive only),COMPATIBILITY_ONLY_NOT_PRODUCTION,732117.8161,661229.4611,9899.8402,15172,15172,-0.01352220,,-0.01352220,-0.01352220,-9899.8402,732117.8161,OK,0.0000,395.9936,4.0000,96.0000,AG03-UNRESOLVED,ALL5_LEVELS_bet23_to_bet27,395.9936,395.9936,494.9920,494.9920,494.9920,4.000000,4.000000,5.000000,5.000000,5.000000,96.000000,96.000000,95.000000,95.000000,95.000000,5.0,2276.9632,2077.4141,7622.8770,7822.4261,PENDING_AG03,FALSE,NOT_FOR_ENFORCEMENT,9503.8466,634780.2826,9899.8402,9503.8466,395.9936,0.01352220,0.01298131,395.9936,9503.8466,0.01298131,395.9936,395.9936,494.9920,494.9920,494.9920,9503.8466,0.01298131,2276.9632,2077.4141,7622.8770,7822.4261,0.01041209,0.01068465,0.00054089,48.2545,43.5822,0.6525,899.9855,26.3996,66556.1651,1379.2727,,48.2545,52.3519,52.3519,52.3519,52.6635,78.5279,78.5279,52.3519,0.0,1.5,1.5,0.921734,8,96,3,1,0E-8,0.01352220,,0E-8,0.000000,0.903174,0.000000,,2026-03-21,2026-04-19,11,375,68,30,0.366667,,,0.000000,,,,,,,,GLOBAL_BASELINE_NO_ENTITY_RANKING,,,NOT_APPLICABLE_GLOBAL_BASELINE,HF9g-P5,,,,X 全窗基线 · 不参与实体赏罚,15057036,1506,A168_HF9F_20260827_0900,2026-08-27 09:00:00
2026-04-18,146105613,2239,0,5575.4783655769,-270.9211318486,-270.9211318486,0.4833333,71,71,0.50665070000000000,0.506650700000,-0.36126305116099316,-0.3612630511609932,-0.36126305116099316,0E-17,ELIGIBLE,R03b_20260811_FULL_v1,L1_ELIGIBILITY,v2026-08-11,2026-03-21..2026-08-06,baccarat_bet02_101_all_pairs_incl_sentinel,round_win = game_pnl > 0 (decisive only),COMPATIBILITY_ONLY_NOT_PRODUCTION,732117.8161,661229.4611,9899.8402,15172,15172,-0.01352220,,-0.01352220,-0.01352220,-9899.8402,732117.8161,OK,0.0000,395.9936,4.0000,96.0000,AG03-UNRESOLVED,ALL5_LEVELS_bet23_to_bet27,395.9936,395.9936,494.9920,494.9920,494.9920,4.000000,4.000000,5.000000,5.000000,5.000000,96.000000,96.000000,95.000000,95.000000,95.000000,5.0,2276.9632,2077.4141,7622.8770,7822.4261,PENDING_AG03,FALSE,NOT_FOR_ENFORCEMENT,9503.8466,634780.2826,9899.8402,9503.8466,395.9936,0.01352220,0.01298131,395.9936,9503.8466,0.01298131,395.9936,395.9936,494.9920,494.9920,494.9920,9503.8466,0.01298131,2276.9632,2077.4141,7622.8770,7822.4261,0.01041209,0.01068465,0.00054089,48.2545,43.5822,0.6525,899.9855,26.3996,66556.1651,1379.2727,,48.2545,52.3519,52.3519,52.3519,52.6635,78.5279,78.5279,52.3519,0.0,1.5,1.5,0.921734,8,96,3,1,0E-8,0.01352220,,0E-8,0.000000,0.903174,0.000000,,2026-03-21,2026-04-19,11,375,68,30,0.366667,,,0.000000,,,,,,,,GLOBAL_BASELINE_NO_ENTITY_RANKING,,,NOT_APPLICABLE_GLOBAL_BASELINE,HF9g-P5,,,,X 全窗基线 · 不参与实体赏罚,15057037,1506,A168_HF9F_20260827_0900,2026-08-27 09:00:00
2026-04-18,146105613,2248,0,5339.8947726652,176.6876946836,176.6876946836,0.5303030,68,68,0.50665070000000000,0.506650700000,0.38433888099501745,0.38433888099501745,0.38433888099501745,0E-17,ELIGIBLE,R03b_20260811_FULL_v1,L1_ELIGIBILITY,v2026-08-11,2026-03-21..2026-08-06,baccarat_bet02_101_all_pairs_incl_sentinel,round_win = game_pnl > 0 (decisive only),COMPATIBILITY_ONLY_NOT_PRODUCTION,732117.8161,661229.4611,9899.8402,15172,15172,-0.01352220,,-0.01352220,-0.01352220,-9899.8402,732117.8161,OK,0.0000,395.9936,4.0000,96.0000,AG03-UNRESOLVED,ALL5_LEVELS_bet23_to_bet27,395.9936,395.9936,494.9920,494.9920,494.9920,4.000000,4.000000,5.000000,5.000000,5.000000,96.000000,96.000000,95.000000,95.000000,95.000000,5.0,2276.9632,2077.4141,7622.8770,7822.4261,PENDING_AG03,FALSE,NOT_FOR_ENFORCEMENT,9503.8466,634780.2826,9899.8402,9503.8466,395.9936,0.01352220,0.01298131,395.9936,9503.8466,0.01298131,395.9936,395.9936,494.9920,494.9920,494.9920,9503.8466,0.01298131,2276.9632,2077.4141,7622.8770,7822.4261,0.01041209,0.01068465,0.00054089,48.2545,43.5822,0.6525,899.9855,26.3996,66556.1651,1379.2727,,48.2545,52.3519,52.3519,52.3519,52.6635,78.5279,78.5279,52.3519,0.0,1.5,1.5,0.921734,8,96,3,1,0E-8,0.01352220,,0E-8,0.000000,0.903174,0.000000,,2026-03-21,2026-04-19,11,375,68,30,0.366667,,,0.000000,,,,,,,,GLOBAL_BASELINE_NO_ENTITY_RANKING,,,NOT_APPLICABLE_GLOBAL_BASELINE,HF9g-P5,,,,X 全窗基线 · 不参与实体赏罚,15057038,1506,A168_HF9F_20260827_0900,2026-08-27 09:00:00
2026-04-18,146105613,2252,0,11308.0124597616,-1558.7781064327,-1558.7781064327,0.4351145,144,144,0.50665070000000000,0.506650700000,-1.6376832596480508,-1.6376832596480508,-1.6376832596480508,0E-17,ELIGIBLE,R03b_20260811_FULL_v1,L1_ELIGIBILITY,v2026-08-11,2026-03-21..2026-08-06,baccarat_bet02_101_all_pairs_incl_sentinel,round_win = game_pnl > 0 (decisive only),COMPATIBILITY_ONLY_NOT_PRODUCTION,732117.8161,661229.4611,9899.8402,15172,15172,-0.01352220,,-0.01352220,-0.01352220,-9899.8402,732117.8161,OK,0.0000,395.9936,4.0000,96.0000,AG03-UNRESOLVED,ALL5_LEVELS_bet23_to_bet27,395.9936,395.9936,494.9920,494.9920,494.9920,4.000000,4.000000,5.000000,5.000000,5.000000,96.000000,96.000000,95.000000,95.000000,95.000000,5.0,2276.9632,2077.4141,7622.8770,7822.4261,PENDING_AG03,FALSE,NOT_FOR_ENFORCEMENT,9503.8466,634780.2826,9899.8402,9503.8466,395.9936,0.01352220,0.01298131,395.9936,9503.8466,0.01298131,395.9936,395.9936,494.9920,494.9920,494.9920,9503.8466,0.01298131,2276.9632,2077.4141,7622.8770,7822.4261,0.01041209,0.01068465,0.00054089,48.2545,43.5822,0.6525,899.9855,26.3996,66556.1651,1379.2727,,48.2545,52.3519,52.3519,52.3519,52.6635,78.5279,78.5279,52.3519,0.0,1.5,1.5,0.921734,8,96,3,1,0E-8,0.01352220,,0E-8,0.000000,0.903174,0.000000,,2026-03-21,2026-04-19,11,375,68,30,0.366667,,,0.000000,,,,,,,,GLOBAL_BASELINE_NO_ENTITY_RANKING,,,NOT_APPLICABLE_GLOBAL_BASELINE,HF9g-P5,,,,X 全窗基线 · 不参与实体赏罚,15057039,1506,A168_HF9F_20260827_0900,2026-08-27 09:00:00
2026-04-18,146105613,2258,0,5654.0062298808,106.0126168101,106.0126168101,0.5238095,72,72,0.50665070000000000,0.506650700000,0.272411983158689,0.272411983158689,0.272411983158689,0E-17,ELIGIBLE,R03b_20260811_FULL_v1,L1_ELIGIBILITY,v2026-08-11,2026-03-21..2026-08-06,baccarat_bet02_101_all_pairs_incl_sentinel,round_win = game_pnl > 0 (decisive only),COMPATIBILITY_ONLY_NOT_PRODUCTION,732117.8161,661229.4611,9899.8402,15172,15172,-0.01352220,,-0.01352220,-0.01352220,-9899.8402,732117.8161,OK,0.0000,395.9936,4.0000,96.0000,AG03-UNRESOLVED,ALL5_LEVELS_bet23_to_bet27,395.9936,395.9936,494.9920,494.9920,494.9920,4.000000,4.000000,5.000000,5.000000,5.000000,96.000000,96.000000,95.000000,95.000000,95.000000,5.0,2276.9632,2077.4141,7622.8770,7822.4261,PENDING_AG03,FALSE,NOT_FOR_ENFORCEMENT,9503.8466,634780.2826,9899.8402,9503.8466,395.9936,0.01352220,0.01298131,395.9936,9503.8466,0.01298131,395.9936,395.9936,494.9920,494.9920,494.9920,9503.8466,0.01298131,2276.9632,2077.4141,7622.8770,7822.4261,0.01041209,0.01068465,0.00054089,48.2545,43.5822,0.6525,899.9855,26.3996,66556.1651,1379.2727,,48.2545,52.3519,52.3519,52.3519,52.6635,78.5279,78.5279,52.3519,0.0,1.5,1.5,0.921734,8,96,3,1,0E-8,0.01352220,,0E-8,0.000000,0.903174,0.000000,,2026-03-21,2026-04-19,11,375,68,30,0.366667,,,0.000000,,,,,,,,GLOBAL_BASELINE_NO_ENTITY_RANKING,,,NOT_APPLICABLE_GLOBAL_BASELINE,HF9g-P5,,,,X 全窗基线 · 不参与实体赏罚,15057040,1506,A168_HF9F_20260827_0900,2026-08-27 09:00:00
2026-04-18,146105613,994,0,10915.3731382421,608.5909483549,608.5909483549,0.5462185,139,139,0.50665070000000000,0.506650700000,0.8633435812872488,0.8633435812872488,0.8633435812872488,0E-17,ELIGIBLE,R03b_20260811_FULL_v1,L1_ELIGIBILITY,v2026-08-11,2026-03-21..2026-08-06,baccarat_bet02_101_all_pairs_incl_sentinel,round_win = game_pnl > 0 (decisive only),COMPATIBILITY_ONLY_NOT_PRODUCTION,732117.8161,661229.4611,9899.8402,15172,15172,-0.01352220,,-0.01352220,-0.01352220,-9899.8402,732117.8161,OK,0.0000,395.9936,4.0000,96.0000,AG03-UNRESOLVED,ALL5_LEVELS_bet23_to_bet27,395.9936,395.9936,494.9920,494.9920,494.9920,4.000000,4.000000,5.000000,5.000000,5.000000,96.000000,96.000000,95.000000,95.000000,95.000000,5.0,2276.9632,2077.4141,7622.8770,7822.4261,PENDING_AG03,FALSE,NOT_FOR_ENFORCEMENT,9503.8466,634780.2826,9899.8402,9503.8466,395.9936,0.01352220,0.01298131,395.9936,9503.8466,0.01298131,395.9936,395.9936,494.9920,494.9920,494.9920,9503.8466,0.01298131,2276.9632,2077.4141,7622.8770,7822.4261,0.01041209,0.01068465,0.00054089,48.2545,43.5822,0.6525,899.9855,26.3996,66556.1651,1379.2727,,48.2545,52.3519,52.3519,52.3519,52.6635,78.5279,78.5279,52.3519,0.0,1.5,1.5,0.921734,8,96,3,1,0E-8,0.01352220,,0E-8,0.000000,0.903174,0.000000,,2026-03-21,2026-04-19,11,375,68,30,0.366667,,,0.000000,,,,,,,,GLOBAL_BASELINE_NO_ENTITY_RANKING,,,NOT_APPLICABLE_GLOBAL_BASELINE,HF9g-P5,,,,X 全窗基线 · 不参与实体赏罚,15057041,1506,A168_HF9F_20260827_0900,2026-08-27 09:00:00
2026-04-19,146105613,1202,0,5025.7833154464,345.5226029367,345.5226029367,0.5517241,96,96,0.50665070000000000,0.506650700000,0.840908474716533,0.840908474716533,0.840908474716533,0E-17,ELIGIBLE,R03b_20260811_FULL_v1,L1_ELIGIBILITY,v2026-08-11,2026-03-21..2026-08-06,baccarat_bet02_101_all_pairs_incl_sentinel,round_win = game_pnl > 0 (decisive only),COMPATIBILITY_ONLY_NOT_PRODUCTION,732117.8161,661229.4611,9899.8402,15172,15172,-0.01352220,,-0.01352220,-0.01352220,-9899.8402,732117.8161,OK,0.0000,395.9936,4.0000,96.0000,AG03-UNRESOLVED,ALL5_LEVELS_bet23_to_bet27,395.9936,395.9936,494.9920,494.9920,494.9920,4.000000,4.000000,5.000000,5.000000,5.000000,96.000000,96.000000,95.000000,95.000000,95.000000,5.0,2276.9632,2077.4141,7622.8770,7822.4261,PENDING_AG03,FALSE,NOT_FOR_ENFORCEMENT,9503.8466,634780.2826,9899.8402,9503.8466,395.9936,0.01352220,0.01298131,395.9936,9503.8466,0.01298131,395.9936,395.9936,494.9920,494.9920,494.9920,9503.8466,0.01298131,2276.9632,2077.4141,7622.8770,7822.4261,0.01041209,0.01068465,0.00054089,48.2545,43.5822,0.6525,899.9855,26.3996,66556.1651,1379.2727,,48.2545,52.3519,52.3519,52.3519,52.6635,78.5279,78.5279,52.3519,0.0,1.5,1.5,0.921734,8,96,3,1,0E-8,0.01352220,,0E-8,0.000000,0.903174,0.000000,,2026-03-21,2026-04-19,11,375,68,30,0.366667,,,0.000000,,,,,,,,GLOBAL_BASELINE_NO_ENTITY_RANKING,,,NOT_APPLICABLE_GLOBAL_BASELINE,HF9g-P5,,,,X 全窗基线 · 不参与实体赏罚,15057042,1506,A168_HF9F_20260827_0900,2026-08-27 09:00:00
2026-04-19,146105613,1396,0,10260.9742690364,-691.0452058743,-691.0452058743,0.4745763,196,196,0.50665070000000000,0.506650700000,-0.853520551301856,-0.853520551301856,-0.853520551301856,0E-17,ELIGIBLE,R03b_20260811_FULL_v1,L1_ELIGIBILITY,v2026-08-11,2026-03-21..2026-08-06,baccarat_bet02_101_all_pairs_incl_sentinel,round_win = game_pnl > 0 (decisive only),COMPATIBILITY_ONLY_NOT_PRODUCTION,732117.8161,661229.4611,9899.8402,15172,15172,-0.01352220,,-0.01352220,-0.01352220,-9899.8402,732117.8161,OK,0.0000,395.9936,4.0000,96.0000,AG03-UNRESOLVED,ALL5_LEVELS_bet23_to_bet27,395.9936,395.9936,494.9920,494.9920,494.9920,4.000000,4.000000,5.000000,5.000000,5.000000,96.000000,96.000000,95.000000,95.000000,95.000000,5.0,2276.9632,2077.4141,7622.8770,7822.4261,PENDING_AG03,FALSE,NOT_FOR_ENFORCEMENT,9503.8466,634780.2826,9899.8402,9503.8466,395.9936,0.01352220,0.01298131,395.9936,9503.8466,0.01298131,395.9936,395.9936,494.9920,494.9920,494.9920,9503.8466,0.01298131,2276.9632,2077.4141,7622.8770,7822.4261,0.01041209,0.01068465,0.00054089,48.2545,43.5822,0.6525,899.9855,26.3996,66556.1651,1379.2727,,48.2545,52.3519,52.3519,52.3519,52.6635,78.5279,78.5279,52.3519,0.0,1.5,1.5,0.921734,8,96,3,1,0E-8,0.01352220,,0E-8,0.000000,0.903174,0.000000,,2026-03-21,2026-04-19,11,375,68,30,0.366667,,,0.000000,,,,,,,,GLOBAL_BASELINE_NO_ENTITY_RANKING,,,NOT_APPLICABLE_GLOBAL_BASELINE,HF9g-P5,,,,X 全窗基线 · 不参与实体赏罚,15057043,1506,A168_HF9F_20260827_0900,2026-08-27 09:00:00
2026-04-19,146105613,1401,0,7276.9154254901,146.5853467002,146.5853467002,0.5245902,139,139,0.50665070000000000,0.506650700000,0.3963307736273798,0.39633077362737984,0.3963307736273798,0E-17,ELIGIBLE,R03b_20260811_FULL_v1,L1_ELIGIBILITY,v2026-08-11,2026-03-21..2026-08-06,baccarat_bet02_101_all_pairs_incl_sentinel,round_win = game_pnl > 0 (decisive only),COMPATIBILITY_ONLY_NOT_PRODUCTION,732117.8161,661229.4611,9899.8402,15172,15172,-0.01352220,,-0.01352220,-0.01352220,-9899.8402,732117.8161,OK,0.0000,395.9936,4.0000,96.0000,AG03-UNRESOLVED,ALL5_LEVELS_bet23_to_bet27,395.9936,395.9936,494.9920,494.9920,494.9920,4.000000,4.000000,5.000000,5.000000,5.000000,96.000000,96.000000,95.000000,95.000000,95.000000,5.0,2276.9632,2077.4141,7622.8770,7822.4261,PENDING_AG03,FALSE,NOT_FOR_ENFORCEMENT,9503.8466,634780.2826,9899.8402,9503.8466,395.9936,0.01352220,0.01298131,395.9936,9503.8466,0.01298131,395.9936,395.9936,494.9920,494.9920,494.9920,9503.8466,0.01298131,2276.9632,2077.4141,7622.8770,7822.4261,0.01041209,0.01068465,0.00054089,48.2545,43.5822,0.6525,899.9855,26.3996,66556.1651,1379.2727,,48.2545,52.3519,52.3519,52.3519,52.6635,78.5279,78.5279,52.3519,0.0,1.5,1.5,0.921734,8,96,3,1,0E-8,0.01352220,,0E-8,0.000000,0.903174,0.000000,,2026-03-21,2026-04-19,11,375,68,30,0.366667,,,0.000000,,,,,,,,GLOBAL_BASELINE_NO_ENTITY_RANKING,,,NOT_APPLICABLE_GLOBAL_BASELINE,HF9g-P5,,,,X 全窗基线 · 不参与实体赏罚,15057044,1506,A168_HF9F_20260827_0900,2026-08-27 09:00:00
2026-04-19,146105613,1505,0,2146.4282909719,560.1654320340,560.1654320340,0.6500000,41,41,0.50665070000000000,0.506650700000,1.8134015831297325,1.8134015831297325,1.8134015831297325,0E-17,ELIGIBLE,R03b_20260811_FULL_v1,L1_ELIGIBILITY,v2026-08-11,2026-03-21..2026-08-06,baccarat_bet02_101_all_pairs_incl_sentinel,round_win = game_pnl > 0 (decisive only),COMPATIBILITY_ONLY_NOT_PRODUCTION,732117.8161,661229.4611,9899.8402,15172,15172,-0.01352220,,-0.01352220,-0.01352220,-9899.8402,732117.8161,OK,0.0000,395.9936,4.0000,96.0000,AG03-UNRESOLVED,ALL5_LEVELS_bet23_to_bet27,395.9936,395.9936,494.9920,494.9920,494.9920,4.000000,4.000000,5.000000,5.000000,5.000000,96.000000,96.000000,95.000000,95.000000,95.000000,5.0,2276.9632,2077.4141,7622.8770,7822.4261,PENDING_AG03,FALSE,NOT_FOR_ENFORCEMENT,9503.8466,634780.2826,9899.8402,9503.8466,395.9936,0.01352220,0.01298131,395.9936,9503.8466,0.01298131,395.9936,395.9936,494.9920,494.9920,494.9920,9503.8466,0.01298131,2276.9632,2077.4141,7622.8770,7822.4261,0.01041209,0.01068465,0.00054089,48.2545,43.5822,0.6525,899.9855,26.3996,66556.1651,1379.2727,,48.2545,52.3519,52.3519,52.3519,52.6635,78.5279,78.5279,52.3519,0.0,1.5,1.5,0.921734,8,96,3,1,0E-8,0.01352220,,0E-8,0.000000,0.903174,0.000000,,2026-03-21,2026-04-19,11,375,68,30,0.366667,,,0.000000,,,,,,,,GLOBAL_BASELINE_NO_ENTITY_RANKING,,,NOT_APPLICABLE_GLOBAL_BASELINE,HF9g-P5,,,,X 全窗基线 · 不参与实体赏罚,15057045,1506,A168_HF9F_20260827_0900,2026-08-27 09:00:00
2026-04-19,146105613,2101,0,11308.0124597544,1227.6522786163,1227.6522786163,0.5751295,216,216,0.50665070000000000,0.506650700000,1.9028450627006697,1.9028450627006699,1.9028450627006697,0E-17,ELIGIBLE,R03b_20260811_FULL_v1,L1_ELIGIBILITY,v2026-08-11,2026-03-21..2026-08-06,baccarat_bet02_101_all_pairs_incl_sentinel,round_win = game_pnl > 0 (decisive only),COMPATIBILITY_ONLY_NOT_PRODUCTION,732117.8161,661229.4611,9899.8402,15172,15172,-0.01352220,,-0.01352220,-0.01352220,-9899.8402,732117.8161,OK,0.0000,395.9936,4.0000,96.0000,AG03-UNRESOLVED,ALL5_LEVELS_bet23_to_bet27,395.9936,395.9936,494.9920,494.9920,494.9920,4.000000,4.000000,5.000000,5.000000,5.000000,96.000000,96.000000,95.000000,95.000000,95.000000,5.0,2276.9632,2077.4141,7622.8770,7822.4261,PENDING_AG03,FALSE,NOT_FOR_ENFORCEMENT,9503.8466,634780.2826,9899.8402,9503.8466,395.9936,0.01352220,0.01298131,395.9936,9503.8466,0.01298131,395.9936,395.9936,494.9920,494.9920,494.9920,9503.8466,0.01298131,2276.9632,2077.4141,7622.8770,7822.4261,0.01041209,0.01068465,0.00054089,48.2545,43.5822,0.6525,899.9855,26.3996,66556.1651,1379.2727,,48.2545,52.3519,52.3519,52.3519,52.6635,78.5279,78.5279,52.3519,0.0,1.5,1.5,0.921734,8,96,3,1,0E-8,0.01352220,,0E-8,0.000000,0.903174,0.000000,,2026-03-21,2026-04-19,11,375,68,30,0.366667,,,0.000000,,,,,,,,GLOBAL_BASELINE_NO_ENTITY_RANKING,,,NOT_APPLICABLE_GLOBAL_BASELINE,HF9g-P5,,,,X 全窗基线 · 不参与实体赏罚,15057046,1506,A168_HF9F_20260827_0900,2026-08-27 09:00:00
2026-04-19,146105613,2152,0,4868.7275868387,39.2639321517,39.2639321517,0.5172414,93,93,0.50665070000000000,0.506650700000,0.19758404048744846,0.19758404048744846,0.19758404048744846,0E-17,ELIGIBLE,R03b_20260811_FULL_v1,L1_ELIGIBILITY,v2026-08-11,2026-03-21..2026-08-06,baccarat_bet02_101_all_pairs_incl_sentinel,round_win = game_pnl > 0 (decisive only),COMPATIBILITY_ONLY_NOT_PRODUCTION,732117.8161,661229.4611,9899.8402,15172,15172,-0.01352220,,-0.01352220,-0.01352220,-9899.8402,732117.8161,OK,0.0000,395.9936,4.0000,96.0000,AG03-UNRESOLVED,ALL5_LEVELS_bet23_to_bet27,395.9936,395.9936,494.9920,494.9920,494.9920,4.000000,4.000000,5.000000,5.000000,5.000000,96.000000,96.000000,95.000000,95.000000,95.000000,5.0,2276.9632,2077.4141,7622.8770,7822.4261,PENDING_AG03,FALSE,NOT_FOR_ENFORCEMENT,9503.8466,634780.2826,9899.8402,9503.8466,395.9936,0.01352220,0.01298131,395.9936,9503.8466,0.01298131,395.9936,395.9936,494.9920,494.9920,494.9920,9503.8466,0.01298131,2276.9632,2077.4141,7622.8770,7822.4261,0.01041209,0.01068465,0.00054089,48.2545,43.5822,0.6525,899.9855,26.3996,66556.1651,1379.2727,,48.2545,52.3519,52.3519,52.3519,52.6635,78.5279,78.5279,52.3519,0.0,1.5,1.5,0.921734,8,96,3,1,0E-8,0.01352220,,0E-8,0.000000,0.903174,0.000000,,2026-03-21,2026-04-19,11,375,68,30,0.366667,,,0.000000,,,,,,,,GLOBAL_BASELINE_NO_ENTITY_RANKING,,,NOT_APPLICABLE_GLOBAL_BASELINE,HF9g-P5,,,,X 全窗基线 · 不参与实体赏罚,15057047,1506,A168_HF9F_20260827_0900,2026-08-27 09:00:00
2026-04-19,146105613,2170,0,9946.8628118210,-892.6000575875,-892.6000575875,0.4628571,190,190,0.50665070000000000,0.506650700000,-1.1587711258932107,-1.158771125893211,-1.1587711258932107,0E-17,ELIGIBLE,R03b_20260811_FULL_v1,L1_ELIGIBILITY,v2026-08-11,2026-03-21..2026-08-06,baccarat_bet02_101_all_pairs_incl_sentinel,round_win = game_pnl > 0 (decisive only),COMPATIBILITY_ONLY_NOT_PRODUCTION,732117.8161,661229.4611,9899.8402,15172,15172,-0.01352220,,-0.01352220,-0.01352220,-9899.8402,732117.8161,OK,0.0000,395.9936,4.0000,96.0000,AG03-UNRESOLVED,ALL5_LEVELS_bet23_to_bet27,395.9936,395.9936,494.9920,494.9920,494.9920,4.000000,4.000000,5.000000,5.000000,5.000000,96.000000,96.000000,95.000000,95.000000,95.000000,5.0,2276.9632,2077.4141,7622.8770,7822.4261,PENDING_AG03,FALSE,NOT_FOR_ENFORCEMENT,9503.8466,634780.2826,9899.8402,9503.8466,395.9936,0.01352220,0.01298131,395.9936,9503.8466,0.01298131,395.9936,395.9936,494.9920,494.9920,494.9920,9503.8466,0.01298131,2276.9632,2077.4141,7622.8770,7822.4261,0.01041209,0.01068465,0.00054089,48.2545,43.5822,0.6525,899.9855,26.3996,66556.1651,1379.2727,,48.2545,52.3519,52.3519,52.3519,52.6635,78.5279,78.5279,52.3519,0.0,1.5,1.5,0.921734,8,96,3,1,0E-8,0.01352220,,0E-8,0.000000,0.903174,0.000000,,2026-03-21,2026-04-19,11,375,68,30,0.366667,,,0.000000,,,,,,,,GLOBAL_BASELINE_NO_ENTITY_RANKING,,,NOT_APPLICABLE_GLOBAL_BASELINE,HF9g-P5,,,,X 全窗基线 · 不参与实体赏罚,15057048,1506,A168_HF9F_20260827_0900,2026-08-27 09:00:00
2026-04-19,146105613,2196,0,10103.9185404287,-1204.0939193261,-1204.0939193261,0.4469274,193,193,0.50665070000000000,0.506650700000,-1.5982286708332036,-1.5982286708332039,-1.5982286708332036,0E-17,ELIGIBLE,R03b_20260811_FULL_v1,L1_ELIGIBILITY,v2026-08-11,2026-03-21..2026-08-06,baccarat_bet02_101_all_pairs_incl_sentinel,round_win = game_pnl > 0 (decisive only),COMPATIBILITY_ONLY_NOT_PRODUCTION,732117.8161,661229.4611,9899.8402,15172,15172,-0.01352220,,-0.01352220,-0.01352220,-9899.8402,732117.8161,OK,0.0000,395.9936,4.0000,96.0000,AG03-UNRESOLVED,ALL5_LEVELS_bet23_to_bet27,395.9936,395.9936,494.9920,494.9920,494.9920,4.000000,4.000000,5.000000,5.000000,5.000000,96.000000,96.000000,95.000000,95.000000,95.000000,5.0,2276.9632,2077.4141,7622.8770,7822.4261,PENDING_AG03,FALSE,NOT_FOR_ENFORCEMENT,9503.8466,634780.2826,9899.8402,9503.8466,395.9936,0.01352220,0.01298131,395.9936,9503.8466,0.01298131,395.9936,395.9936,494.9920,494.9920,494.9920,9503.8466,0.01298131,2276.9632,2077.4141,7622.8770,7822.4261,0.01041209,0.01068465,0.00054089,48.2545,43.5822,0.6525,899.9855,26.3996,66556.1651,1379.2727,,48.2545,52.3519,52.3519,52.3519,52.6635,78.5279,78.5279,52.3519,0.0,1.5,1.5,0.921734,8,96,3,1,0E-8,0.01352220,,0E-8,0.000000,0.903174,0.000000,,2026-03-21,2026-04-19,11,375,68,30,0.366667,,,0.000000,,,,,,,,GLOBAL_BASELINE_NO_ENTITY_RANKING,,,NOT_APPLICABLE_GLOBAL_BASELINE,HF9g-P5,,,,X 全窗基线 · 不参与实体赏罚,15057049,1506,A168_HF9F_20260827_0900,2026-08-27 09:00:00
2026-04-19,146105613,2212,0,5811.0619584849,274.8475250632,274.8475250632,0.5392157,111,111,0.50665070000000000,0.506650700000,0.6578386767598656,0.6578386767598656,0.6578386767598656,0E-17,ELIGIBLE,R03b_20260811_FULL_v1,L1_ELIGIBILITY,v2026-08-11,2026-03-21..2026-08-06,baccarat_bet02_101_all_pairs_incl_sentinel,round_win = game_pnl > 0 (decisive only),COMPATIBILITY_ONLY_NOT_PRODUCTION,732117.8161,661229.4611,9899.8402,15172,15172,-0.01352220,,-0.01352220,-0.01352220,-9899.8402,732117.8161,OK,0.0000,395.9936,4.0000,96.0000,AG03-UNRESOLVED,ALL5_LEVELS_bet23_to_bet27,395.9936,395.9936,494.9920,494.9920,494.9920,4.000000,4.000000,5.000000,5.000000,5.000000,96.000000,96.000000,95.000000,95.000000,95.000000,5.0,2276.9632,2077.4141,7622.8770,7822.4261,PENDING_AG03,FALSE,NOT_FOR_ENFORCEMENT,9503.8466,634780.2826,9899.8402,9503.8466,395.9936,0.01352220,0.01298131,395.9936,9503.8466,0.01298131,395.9936,395.9936,494.9920,494.9920,494.9920,9503.8466,0.01298131,2276.9632,2077.4141,7622.8770,7822.4261,0.01041209,0.01068465,0.00054089,48.2545,43.5822,0.6525,899.9855,26.3996,66556.1651,1379.2727,,48.2545,52.3519,52.3519,52.3519,52.6635,78.5279,78.5279,52.3519,0.0,1.5,1.5,0.921734,8,96,3,1,0E-8,0.01352220,,0E-8,0.000000,0.903174,0.000000,,2026-03-21,2026-04-19,11,375,68,30,0.366667,,,0.000000,,,,,,,,GLOBAL_BASELINE_NO_ENTITY_RANKING,,,NOT_APPLICABLE_GLOBAL_BASELINE,HF9g-P5,,,,X 全窗基线 · 不参与实体赏罚,15057050,1506,A168_HF9F_20260827_0900,2026-08-27 09:00:00
2026-04-19,146105613,2218,0,4502.2642200874,-562.7830275111,-562.7830275111,0.4430380,86,86,0.50665070000000000,0.506650700000,-1.1309045883962905,-1.1309045883962905,-1.1309045883962905,0E-17,ELIGIBLE,R03b_20260811_FULL_v1,L1_ELIGIBILITY,v2026-08-11,2026-03-21..2026-08-06,baccarat_bet02_101_all_pairs_incl_sentinel,round_win = game_pnl > 0 (decisive only),COMPATIBILITY_ONLY_NOT_PRODUCTION,732117.8161,661229.4611,9899.8402,15172,15172,-0.01352220,,-0.01352220,-0.01352220,-9899.8402,732117.8161,OK,0.0000,395.9936,4.0000,96.0000,AG03-UNRESOLVED,ALL5_LEVELS_bet23_to_bet27,395.9936,395.9936,494.9920,494.9920,494.9920,4.000000,4.000000,5.000000,5.000000,5.000000,96.000000,96.000000,95.000000,95.000000,95.000000,5.0,2276.9632,2077.4141,7622.8770,7822.4261,PENDING_AG03,FALSE,NOT_FOR_ENFORCEMENT,9503.8466,634780.2826,9899.8402,9503.8466,395.9936,0.01352220,0.01298131,395.9936,9503.8466,0.01298131,395.9936,395.9936,494.9920,494.9920,494.9920,9503.8466,0.01298131,2276.9632,2077.4141,7622.8770,7822.4261,0.01041209,0.01068465,0.00054089,48.2545,43.5822,0.6525,899.9855,26.3996,66556.1651,1379.2727,,48.2545,52.3519,52.3519,52.3519,52.6635,78.5279,78.5279,52.3519,0.0,1.5,1.5,0.921734,8,96,3,1,0E-8,0.01352220,,0E-8,0.000000,0.903174,0.000000,,2026-03-21,2026-04-19,11,375,68,30,0.366667,,,0.000000,,,,,,,,GLOBAL_BASELINE_NO_ENTITY_RANKING,,,NOT_APPLICABLE_GLOBAL_BASELINE,HF9g-P5,,,,X 全窗基线 · 不参与实体赏罚,15057051,1506,A168_HF9F_20260827_0900,2026-08-27 09:00:00
2026-04-19,146105613,2254,0,5235.1909535900,36.6463366749,36.6463366749,0.5168539,100,100,0.50665070000000000,0.506650700000,0.1925312401360478,0.1925312401360478,0.1925312401360478,0E-17,ELIGIBLE,R03b_20260811_FULL_v1,L1_ELIGIBILITY,v2026-08-11,2026-03-21..2026-08-06,baccarat_bet02_101_all_pairs_incl_sentinel,round_win = game_pnl > 0 (decisive only),COMPATIBILITY_ONLY_NOT_PRODUCTION,732117.8161,661229.4611,9899.8402,15172,15172,-0.01352220,,-0.01352220,-0.01352220,-9899.8402,732117.8161,OK,0.0000,395.9936,4.0000,96.0000,AG03-UNRESOLVED,ALL5_LEVELS_bet23_to_bet27,395.9936,395.9936,494.9920,494.9920,494.9920,4.000000,4.000000,5.000000,5.000000,5.000000,96.000000,96.000000,95.000000,95.000000,95.000000,5.0,2276.9632,2077.4141,7622.8770,7822.4261,PENDING_AG03,FALSE,NOT_FOR_ENFORCEMENT,9503.8466,634780.2826,9899.8402,9503.8466,395.9936,0.01352220,0.01298131,395.9936,9503.8466,0.01298131,395.9936,395.9936,494.9920,494.9920,494.9920,9503.8466,0.01298131,2276.9632,2077.4141,7622.8770,7822.4261,0.01041209,0.01068465,0.00054089,48.2545,43.5822,0.6525,899.9855,26.3996,66556.1651,1379.2727,,48.2545,52.3519,52.3519,52.3519,52.6635,78.5279,78.5279,52.3519,0.0,1.5,1.5,0.921734,8,96,3,1,0E-8,0.01352220,,0E-8,0.000000,0.903174,0.000000,,2026-03-21,2026-04-19,11,375,68,30,0.366667,,,0.000000,,,,,,,,GLOBAL_BASELINE_NO_ENTITY_RANKING,,,NOT_APPLICABLE_GLOBAL_BASELINE,HF9g-P5,,,,X 全窗基线 · 不参与实体赏罚,15057052,1506,A168_HF9F_20260827_0900,2026-08-27 09:00:00
2026-04-19,146105613,2258,0,4606.9680391592,-311.4938617388,-311.4938617388,0.4756098,88,88,0.50665070000000000,0.506650700000,-0.5622251428478783,-0.5622251428478783,-0.5622251428478783,0E-17,ELIGIBLE,R03b_20260811_FULL_v1,L1_ELIGIBILITY,v2026-08-11,2026-03-21..2026-08-06,baccarat_bet02_101_all_pairs_incl_sentinel,round_win = game_pnl > 0 (decisive only),COMPATIBILITY_ONLY_NOT_PRODUCTION,732117.8161,661229.4611,9899.8402,15172,15172,-0.01352220,,-0.01352220,-0.01352220,-9899.8402,732117.8161,OK,0.0000,395.9936,4.0000,96.0000,AG03-UNRESOLVED,ALL5_LEVELS_bet23_to_bet27,395.9936,395.9936,494.9920,494.9920,494.9920,4.000000,4.000000,5.000000,5.000000,5.000000,96.000000,96.000000,95.000000,95.000000,95.000000,5.0,2276.9632,2077.4141,7622.8770,7822.4261,PENDING_AG03,FALSE,NOT_FOR_ENFORCEMENT,9503.8466,634780.2826,9899.8402,9503.8466,395.9936,0.01352220,0.01298131,395.9936,9503.8466,0.01298131,395.9936,395.9936,494.9920,494.9920,494.9920,9503.8466,0.01298131,2276.9632,2077.4141,7622.8770,7822.4261,0.01041209,0.01068465,0.00054089,48.2545,43.5822,0.6525,899.9855,26.3996,66556.1651,1379.2727,,48.2545,52.3519,52.3519,52.3519,52.6635,78.5279,78.5279,52.3519,0.0,1.5,1.5,0.921734,8,96,3,1,0E-8,0.01352220,,0E-8,0.000000,0.903174,0.000000,,2026-03-21,2026-04-19,11,375,68,30,0.366667,,,0.000000,,,,,,,,GLOBAL_BASELINE_NO_ENTITY_RANKING,,,NOT_APPLICABLE_GLOBAL_BASELINE,HF9g-P5,,,,X 全窗基线 · 不参与实体赏罚,15057053,1506,A168_HF9F_20260827_0900,2026-08-27 09:00:00
2026-04-19,146105613,986,0,11517.4200978980,-568.0182184650,-568.0182184650,0.4850000,220,220,0.50665070000000000,0.506650700000,-0.6124284515324241,-0.6124284515324242,-0.6124284515324241,0E-17,ELIGIBLE,R03b_20260811_FULL_v1,L1_ELIGIBILITY,v2026-08-11,2026-03-21..2026-08-06,baccarat_bet02_101_all_pairs_incl_sentinel,round_win = game_pnl > 0 (decisive only),COMPATIBILITY_ONLY_NOT_PRODUCTION,732117.8161,661229.4611,9899.8402,15172,15172,-0.01352220,,-0.01352220,-0.01352220,-9899.8402,732117.8161,OK,0.0000,395.9936,4.0000,96.0000,AG03-UNRESOLVED,ALL5_LEVELS_bet23_to_bet27,395.9936,395.9936,494.9920,494.9920,494.9920,4.000000,4.000000,5.000000,5.000000,5.000000,96.000000,96.000000,95.000000,95.000000,95.000000,5.0,2276.9632,2077.4141,7622.8770,7822.4261,PENDING_AG03,FALSE,NOT_FOR_ENFORCEMENT,9503.8466,634780.2826,9899.8402,9503.8466,395.9936,0.01352220,0.01298131,395.9936,9503.8466,0.01298131,395.9936,395.9936,494.9920,494.9920,494.9920,9503.8466,0.01298131,2276.9632,2077.4141,7622.8770,7822.4261,0.01041209,0.01068465,0.00054089,48.2545,43.5822,0.6525,899.9855,26.3996,66556.1651,1379.2727,,48.2545,52.3519,52.3519,52.3519,52.6635,78.5279,78.5279,52.3519,0.0,1.5,1.5,0.921734,8,96,3,1,0E-8,0.01352220,,0E-8,0.000000,0.903174,0.000000,,2026-03-21,2026-04-19,11,375,68,30,0.366667,,,0.000000,,,,,,,,GLOBAL_BASELINE_NO_ENTITY_RANKING,,,NOT_APPLICABLE_GLOBAL_BASELINE,HF9g-P5,,,,X 全窗基线 · 不参与实体赏罚,15057054,1506,A168_HF9F_20260827_0900,2026-08-27 09:00:00
2026-05-03,129715983,-1,1,5765.1393285251,1993.9287011571,1993.9287011571,0.3548387,35,33,0.49778160303030268,0.497713900000,-1.5917603621502494,-1.5910074161233876,-1.5917603621502494,0.00006770303030268,SENTINEL_DEALER,R03b_20260811_FULL_v1,L1_ELIGIBILITY,v2026-08-11,2026-03-21..2026-08-06,baccarat_bet02_101_all_pairs_incl_sentinel,round_win = game_pnl > 0 (decisive only),COMPATIBILITY_ONLY_NOT_PRODUCTION,76923.7325,61625.2641,9905.0081,490,473,-0.12876401,,-0.12876401,-0.12876401,-9905.0081,76923.7325,OK,0.0000,396.2003,4.0000,96.0000,AG03-UNRESOLVED,ALL5_LEVELS_bet23_to_bet27,396.2003,396.2003,396.2003,495.2504,495.2504,4.000000,4.000000,4.000000,5.000000,5.000000,96.000000,96.000000,96.000000,95.000000,95.000000,5.0,2179.1018,1996.1143,7725.9063,7908.8938,PENDING_AG03,FALSE,NOT_FOR_ENFORCEMENT,9508.8077,59160.2535,9905.0081,9508.8077,396.2003,0.12876401,0.12361345,396.2003,9508.8077,0.12361345,396.2003,396.2003,396.2003,495.2504,495.2504,9508.8077,0.12361345,2179.1018,1996.1143,7725.9063,7908.8938,0.10043593,0.10281474,0.00515056,156.9872,130.2860,20.9408,825.4173,51.3213,6410.3110,39.4167,,156.9872,10.2862,25.7155,51.8914,259.4572,778.3716,2594.5723,12.9729,0.0,30.268539,100.895134,6.104762,29,62,9,2,0E-8,0.12876401,,0E-8,0.000000,0.801122,0.000000,,2026-05-03,2026-06-05,12,193,107,34,0.352941,,,0.000000,,,,,,,,GLOBAL_BASELINE_NO_ENTITY_RANKING,,,NOT_APPLICABLE_GLOBAL_BASELINE,HF9g-P5,,,,X 全窗基线 · 不参与实体赏罚,15057055,1506,A168_HF9F_20260827_0900,2026-08-27 09:00:00
2026-05-03,129715983,1078,0,12.9728607753,-12.9728607753,-12.9728607753,0E-7,1,1,0.50665070000000000,0.506650700000,-1.013391052207602,-1.013391052207602,-1.013391052207602,0E-17,ELIGIBLE,R03b_20260811_FULL_v1,L1_ELIGIBILITY,v2026-08-11,2026-03-21..2026-08-06,baccarat_bet02_101_all_pairs_incl_sentinel,round_win = game_pnl > 0 (decisive only),COMPATIBILITY_ONLY_NOT_PRODUCTION,76923.7325,61625.2641,9905.0081,490,473,-0.12876401,,-0.12876401,-0.12876401,-9905.0081,76923.7325,OK,0.0000,396.2003,4.0000,96.0000,AG03-UNRESOLVED,ALL5_LEVELS_bet23_to_bet27,396.2003,396.2003,396.2003,495.2504,495.2504,4.000000,4.000000,4.000000,5.000000,5.000000,96.000000,96.000000,96.000000,95.000000,95.000000,5.0,2179.1018,1996.1143,7725.9063,7908.8938,PENDING_AG03,FALSE,NOT_FOR_ENFORCEMENT,9508.8077,59160.2535,9905.0081,9508.8077,396.2003,0.12876401,0.12361345,396.2003,9508.8077,0.12361345,396.2003,396.2003,396.2003,495.2504,495.2504,9508.8077,0.12361345,2179.1018,1996.1143,7725.9063,7908.8938,0.10043593,0.10281474,0.00515056,156.9872,130.2860,20.9408,825.4173,51.3213,6410.3110,39.4167,,156.9872,10.2862,25.7155,51.8914,259.4572,778.3716,2594.5723,12.9729,0.0,30.268539,100.895134,6.104762,29,62,9,2,0E-8,0.12876401,,0E-8,0.000000,0.801122,0.000000,,2026-05-03,2026-06-05,12,193,107,34,0.352941,,,0.000000,,,,,,,,GLOBAL_BASELINE_NO_ENTITY_RANKING,,,NOT_APPLICABLE_GLOBAL_BASELINE,HF9g-P5,,,,X 全窗基线 · 不参与实体赏罚,15057056,1506,A168_HF9F_20260827_0900,2026-08-27 09:00:00
2026-05-03,129715983,1157,0,25.9457215505,25.9457215505,25.9457215505,1.0000000,1,1,0.49324550000000000,0.493245500000,1.01360149184955,1.01360149184955,1.01360149184955,0E-17,ELIGIBLE,R03b_20260811_FULL_v1,L1_ELIGIBILITY,v2026-08-11,2026-03-21..2026-08-06,baccarat_bet02_101_all_pairs_incl_sentinel,round_win = game_pnl > 0 (decisive only),COMPATIBILITY_ONLY_NOT_PRODUCTION,76923.7325,61625.2641,9905.0081,490,473,-0.12876401,,-0.12876401,-0.12876401,-9905.0081,76923.7325,OK,0.0000,396.2003,4.0000,96.0000,AG03-UNRESOLVED,ALL5_LEVELS_bet23_to_bet27,396.2003,396.2003,396.2003,495.2504,495.2504,4.000000,4.000000,4.000000,5.000000,5.000000,96.000000,96.000000,96.000000,95.000000,95.000000,5.0,2179.1018,1996.1143,7725.9063,7908.8938,PENDING_AG03,FALSE,NOT_FOR_ENFORCEMENT,9508.8077,59160.2535,9905.0081,9508.8077,396.2003,0.12876401,0.12361345,396.2003,9508.8077,0.12361345,396.2003,396.2003,396.2003,495.2504,495.2504,9508.8077,0.12361345,2179.1018,1996.1143,7725.9063,7908.8938,0.10043593,0.10281474,0.00515056,156.9872,130.2860,20.9408,825.4173,51.3213,6410.3110,39.4167,,156.9872,10.2862,25.7155,51.8914,259.4572,778.3716,2594.5723,12.9729,0.0,30.268539,100.895134,6.104762,29,62,9,2,0E-8,0.12876401,,0E-8,0.000000,0.801122,0.000000,,2026-05-03,2026-06-05,12,193,107,34,0.352941,,,0.000000,,,,,,,,GLOBAL_BASELINE_NO_ENTITY_RANKING,,,NOT_APPLICABLE_GLOBAL_BASELINE,HF9g-P5,,,,X 全窗基线 · 不参与实体赏罚,15057057,1506,A168_HF9F_20260827_0900,2026-08-27 09:00:00
2026-05-03,129715983,1304,0,153.0797571482,10.2485600125,10.2485600125,1.0000000,4,4,0.50329940000000000,0.503299400000,1.4049120381089935,1.4049120381089935,1.4049120381089935,0E-17,ELIGIBLE,R03b_20260811_FULL_v1,L1_ELIGIBILITY,v2026-08-11,2026-03-21..2026-08-06,baccarat_bet02_101_all_pairs_incl_sentinel,round_win = game_pnl > 0 (decisive only),COMPATIBILITY_ONLY_NOT_PRODUCTION,76923.7325,61625.2641,9905.0081,490,473,-0.12876401,,-0.12876401,-0.12876401,-9905.0081,76923.7325,OK,0.0000,396.2003,4.0000,96.0000,AG03-UNRESOLVED,ALL5_LEVELS_bet23_to_bet27,396.2003,396.2003,396.2003,495.2504,495.2504,4.000000,4.000000,4.000000,5.000000,5.000000,96.000000,96.000000,96.000000,95.000000,95.000000,5.0,2179.1018,1996.1143,7725.9063,7908.8938,PENDING_AG03,FALSE,NOT_FOR_ENFORCEMENT,9508.8077,59160.2535,9905.0081,9508.8077,396.2003,0.12876401,0.12361345,396.2003,9508.8077,0.12361345,396.2003,396.2003,396.2003,495.2504,495.2504,9508.8077,0.12361345,2179.1018,1996.1143,7725.9063,7908.8938,0.10043593,0.10281474,0.00515056,156.9872,130.2860,20.9408,825.4173,51.3213,6410.3110,39.4167,,156.9872,10.2862,25.7155,51.8914,259.4572,778.3716,2594.5723,12.9729,0.0,30.268539,100.895134,6.104762,29,62,9,2,0E-8,0.12876401,,0E-8,0.000000,0.801122,0.000000,,2026-05-03,2026-06-05,12,193,107,34,0.352941,,,0.000000,,,,,,,,GLOBAL_BASELINE_NO_ENTITY_RANKING,,,NOT_APPLICABLE_GLOBAL_BASELINE,HF9g-P5,,,,X 全窗基线 · 不参与实体赏罚,15057058,1506,A168_HF9F_20260827_0900,2026-08-27 09:00:00
2026-05-03,129715983,1399,0,62.2697317213,49.0374137305,49.0374137305,0.8000000,5,5,0.50665070000000000,0.506650700000,1.3120140225494112,1.3120140225494112,1.3120140225494112,0E-17,ELIGIBLE,R03b_20260811_FULL_v1,L1_ELIGIBILITY,v2026-08-11,2026-03-21..2026-08-06,baccarat_bet02_101_all_pairs_incl_sentinel,round_win = game_pnl > 0 (decisive only),COMPATIBILITY_ONLY_NOT_PRODUCTION,76923.7325,61625.2641,9905.0081,490,473,-0.12876401,,-0.12876401,-0.12876401,-9905.0081,76923.7325,OK,0.0000,396.2003,4.0000,96.0000,AG03-UNRESOLVED,ALL5_LEVELS_bet23_to_bet27,396.2003,396.2003,396.2003,495.2504,495.2504,4.000000,4.000000,4.000000,5.000000,5.000000,96.000000,96.000000,96.000000,95.000000,95.000000,5.0,2179.1018,1996.1143,7725.9063,7908.8938,PENDING_AG03,FALSE,NOT_FOR_ENFORCEMENT,9508.8077,59160.2535,9905.0081,9508.8077,396.2003,0.12876401,0.12361345,396.2003,9508.8077,0.12361345,396.2003,396.2003,396.2003,495.2504,495.2504,9508.8077,0.12361345,2179.1018,1996.1143,7725.9063,7908.8938,0.10043593,0.10281474,0.00515056,156.9872,130.2860,20.9408,825.4173,51.3213,6410.3110,39.4167,,156.9872,10.2862,25.7155,51.8914,259.4572,778.3716,2594.5723,12.9729,0.0,30.268539,100.895134,6.104762,29,62,9,2,0E-8,0.12876401,,0E-8,0.000000,0.801122,0.000000,,2026-05-03,2026-06-05,12,193,107,34,0.352941,,,0.000000,,,,,,,,GLOBAL_BASELINE_NO_ENTITY_RANKING,,,NOT_APPLICABLE_GLOBAL_BASELINE,HF9g-P5,,,,X 全窗基线 · 不参与实体赏罚,15057059,1506,A168_HF9F_20260827_0900,2026-08-27 09:00:00
2026-05-03,129715983,1402,0,137.5123242179,-42.1617975196,-42.1617975196,0.3750000,9,9,0.50069283333333333,0.500692833333,-0.7110267209840203,-0.7110267209821342,-0.7110267209840203,3.3333E-13,ELIGIBLE,R03b_20260811_FULL_v1,L1_ELIGIBILITY,v2026-08-11,2026-03-21..2026-08-06,baccarat_bet02_101_all_pairs_incl_sentinel,round_win = game_pnl > 0 (decisive only),COMPATIBILITY_ONLY_NOT_PRODUCTION,76923.7325,61625.2641,9905.0081,490,473,-0.12876401,,-0.12876401,-0.12876401,-9905.0081,76923.7325,OK,0.0000,396.2003,4.0000,96.0000,AG03-UNRESOLVED,ALL5_LEVELS_bet23_to_bet27,396.2003,396.2003,396.2003,495.2504,495.2504,4.000000,4.000000,4.000000,5.000000,5.000000,96.000000,96.000000,96.000000,95.000000,95.000000,5.0,2179.1018,1996.1143,7725.9063,7908.8938,PENDING_AG03,FALSE,NOT_FOR_ENFORCEMENT,9508.8077,59160.2535,9905.0081,9508.8077,396.2003,0.12876401,0.12361345,396.2003,9508.8077,0.12361345,396.2003,396.2003,396.2003,495.2504,495.2504,9508.8077,0.12361345,2179.1018,1996.1143,7725.9063,7908.8938,0.10043593,0.10281474,0.00515056,156.9872,130.2860,20.9408,825.4173,51.3213,6410.3110,39.4167,,156.9872,10.2862,25.7155,51.8914,259.4572,778.3716,2594.5723,12.9729,0.0,30.268539,100.895134,6.104762,29,62,9,2,0E-8,0.12876401,,0E-8,0.000000,0.801122,0.000000,,2026-05-03,2026-06-05,12,193,107,34,0.352941,,,0.000000,,,,,,,,GLOBAL_BASELINE_NO_ENTITY_RANKING,,,NOT_APPLICABLE_GLOBAL_BASELINE,HF9g-P5,,,,X 全窗基线 · 不参与实体赏罚,15057060,1506,A168_HF9F_20260827_0900,2026-08-27 09:00:00
2026-05-03,129715983,1405,0,2.5945721551,2.5945721551,2.5945721551,1.0000000,1,1,0.49324550000000000,0.493245500000,1.01360149184955,1.01360149184955,1.01360149184955,0E-17,ELIGIBLE,R03b_20260811_FULL_v1,L1_ELIGIBILITY,v2026-08-11,2026-03-21..2026-08-06,baccarat_bet02_101_all_pairs_incl_sentinel,round_win = game_pnl > 0 (decisive only),COMPATIBILITY_ONLY_NOT_PRODUCTION,76923.7325,61625.2641,9905.0081,490,473,-0.12876401,,-0.12876401,-0.12876401,-9905.0081,76923.7325,OK,0.0000,396.2003,4.0000,96.0000,AG03-UNRESOLVED,ALL5_LEVELS_bet23_to_bet27,396.2003,396.2003,396.2003,495.2504,495.2504,4.000000,4.000000,4.000000,5.000000,5.000000,96.000000,96.000000,96.000000,95.000000,95.000000,5.0,2179.1018,1996.1143,7725.9063,7908.8938,PENDING_AG03,FALSE,NOT_FOR_ENFORCEMENT,9508.8077,59160.2535,9905.0081,9508.8077,396.2003,0.12876401,0.12361345,396.2003,9508.8077,0.12361345,396.2003,396.2003,396.2003,495.2504,495.2504,9508.8077,0.12361345,2179.1018,1996.1143,7725.9063,7908.8938,0.10043593,0.10281474,0.00515056,156.9872,130.2860,20.9408,825.4173,51.3213,6410.3110,39.4167,,156.9872,10.2862,25.7155,51.8914,259.4572,778.3716,2594.5723,12.9729,0.0,30.268539,100.895134,6.104762,29,62,9,2,0E-8,0.12876401,,0E-8,0.000000,0.801122,0.000000,,2026-05-03,2026-06-05,12,193,107,34,0.352941,,,0.000000,,,,,,,,GLOBAL_BASELINE_NO_ENTITY_RANKING,,,NOT_APPLICABLE_GLOBAL_BASELINE,HF9g-P5,,,,X 全窗基线 · 不参与实体赏罚,15057061,1506,A168_HF9F_20260827_0900,2026-08-27 09:00:00
2026-05-03,129715983,1505,0,129.7286077526,60.9724456438,60.9724456438,0.7500000,5,5,0.49860758000000000,0.498607580000,1.005573579286957,1.005573579286957,1.005573579286957,0E-17,ELIGIBLE,R03b_20260811_FULL_v1,L1_ELIGIBILITY,v2026-08-11,2026-03-21..2026-08-06,baccarat_bet02_101_all_pairs_incl_sentinel,round_win = game_pnl > 0 (decisive only),COMPATIBILITY_ONLY_NOT_PRODUCTION,76923.7325,61625.2641,9905.0081,490,473,-0.12876401,,-0.12876401,-0.12876401,-9905.0081,76923.7325,OK,0.0000,396.2003,4.0000,96.0000,AG03-UNRESOLVED,ALL5_LEVELS_bet23_to_bet27,396.2003,396.2003,396.2003,495.2504,495.2504,4.000000,4.000000,4.000000,5.000000,5.000000,96.000000,96.000000,96.000000,95.000000,95.000000,5.0,2179.1018,1996.1143,7725.9063,7908.8938,PENDING_AG03,FALSE,NOT_FOR_ENFORCEMENT,9508.8077,59160.2535,9905.0081,9508.8077,396.2003,0.12876401,0.12361345,396.2003,9508.8077,0.12361345,396.2003,396.2003,396.2003,495.2504,495.2504,9508.8077,0.12361345,2179.1018,1996.1143,7725.9063,7908.8938,0.10043593,0.10281474,0.00515056,156.9872,130.2860,20.9408,825.4173,51.3213,6410.3110,39.4167,,156.9872,10.2862,25.7155,51.8914,259.4572,778.3716,2594.5723,12.9729,0.0,30.268539,100.895134,6.104762,29,62,9,2,0E-8,0.12876401,,0E-8,0.000000,0.801122,0.000000,,2026-05-03,2026-06-05,12,193,107,34,0.352941,,,0.000000,,,,,,,,GLOBAL_BASELINE_NO_ENTITY_RANKING,,,NOT_APPLICABLE_GLOBAL_BASELINE,HF9g-P5,,,,X 全窗基线 · 不参与实体赏罚,15057062,1506,A168_HF9F_20260827_0900,2026-08-27 09:00:00
2026-05-03,129715983,1704,0,4387.4215141923,1975.7666960721,1975.7666960721,0.5000000,22,22,0.50299473636363636,0.502994736364,-0.025411636496980177,-0.025411636500065928,-0.025411636496980177,-3.6364E-13,ELIGIBLE,R03b_20260811_FULL_v1,L1_ELIGIBILITY,v2026-08-11,2026-03-21..2026-08-06,baccarat_bet02_101_all_pairs_incl_sentinel,round_win = game_pnl > 0 (decisive only),COMPATIBILITY_ONLY_NOT_PRODUCTION,76923.7325,61625.2641,9905.0081,490,473,-0.12876401,,-0.12876401,-0.12876401,-9905.0081,76923.7325,OK,0.0000,396.2003,4.0000,96.0000,AG03-UNRESOLVED,ALL5_LEVELS_bet23_to_bet27,396.2003,396.2003,396.2003,495.2504,495.2504,4.000000,4.000000,4.000000,5.000000,5.000000,96.000000,96.000000,96.000000,95.000000,95.000000,5.0,2179.1018,1996.1143,7725.9063,7908.8938,PENDING_AG03,FALSE,NOT_FOR_ENFORCEMENT,9508.8077,59160.2535,9905.0081,9508.8077,396.2003,0.12876401,0.12361345,396.2003,9508.8077,0.12361345,396.2003,396.2003,396.2003,495.2504,495.2504,9508.8077,0.12361345,2179.1018,1996.1143,7725.9063,7908.8938,0.10043593,0.10281474,0.00515056,156.9872,130.2860,20.9408,825.4173,51.3213,6410.3110,39.4167,,156.9872,10.2862,25.7155,51.8914,259.4572,778.3716,2594.5723,12.9729,0.0,30.268539,100.895134,6.104762,29,62,9,2,0E-8,0.12876401,,0E-8,0.000000,0.801122,0.000000,,2026-05-03,2026-06-05,12,193,107,34,0.352941,,,0.000000,,,,,,,,GLOBAL_BASELINE_NO_ENTITY_RANKING,,,NOT_APPLICABLE_GLOBAL_BASELINE,HF9g-P5,,,,X 全窗基线 · 不参与实体赏罚,15057063,1506,A168_HF9F_20260827_0900,2026-08-27 09:00:00
2026-05-03,129715983,1935,0,2132.7383114525,1430.9065435111,1430.9065435111,0.5333333,16,16,0.50329940000000000,0.503299400000,0.23264691250470718,0.23264691250470718,0.23264691250470718,0E-17,ELIGIBLE,R03b_20260811_FULL_v1,L1_ELIGIBILITY,v2026-08-11,2026-03-21..2026-08-06,baccarat_bet02_101_all_pairs_incl_sentinel,round_win = game_pnl > 0 (decisive only),COMPATIBILITY_ONLY_NOT_PRODUCTION,76923.7325,61625.2641,9905.0081,490,473,-0.12876401,,-0.12876401,-0.12876401,-9905.0081,76923.7325,OK,0.0000,396.2003,4.0000,96.0000,AG03-UNRESOLVED,ALL5_LEVELS_bet23_to_bet27,396.2003,396.2003,396.2003,495.2504,495.2504,4.000000,4.000000,4.000000,5.000000,5.000000,96.000000,96.000000,96.000000,95.000000,95.000000,5.0,2179.1018,1996.1143,7725.9063,7908.8938,PENDING_AG03,FALSE,NOT_FOR_ENFORCEMENT,9508.8077,59160.2535,9905.0081,9508.8077,396.2003,0.12876401,0.12361345,396.2003,9508.8077,0.12361345,396.2003,396.2003,396.2003,495.2504,495.2504,9508.8077,0.12361345,2179.1018,1996.1143,7725.9063,7908.8938,0.10043593,0.10281474,0.00515056,156.9872,130.2860,20.9408,825.4173,51.3213,6410.3110,39.4167,,156.9872,10.2862,25.7155,51.8914,259.4572,778.3716,2594.5723,12.9729,0.0,30.268539,100.895134,6.104762,29,62,9,2,0E-8,0.12876401,,0E-8,0.000000,0.801122,0.000000,,2026-05-03,2026-06-05,12,193,107,34,0.352941,,,0.000000,,,,,,,,GLOBAL_BASELINE_NO_ENTITY_RANKING,,,NOT_APPLICABLE_GLOBAL_BASELINE,HF9g-P5,,,,X 全窗基线 · 不参与实体赏罚,15057064,1506,A168_HF9F_20260827_0900,2026-08-27 09:00:00
2026-05-03,129715983,1947,0,2.5945721551,-2.5945721551,-2.5945721551,0E-7,1,1,0.50665070000000000,0.506650700000,-1.013391052207602,-1.013391052207602,-1.013391052207602,0E-17,ELIGIBLE,R03b_20260811_FULL_v1,L1_ELIGIBILITY,v2026-08-11,2026-03-21..2026-08-06,baccarat_bet02_101_all_pairs_incl_sentinel,round_win = game_pnl > 0 (decisive only),COMPATIBILITY_ONLY_NOT_PRODUCTION,76923.7325,61625.2641,9905.0081,490,473,-0.12876401,,-0.12876401,-0.12876401,-9905.0081,76923.7325,OK,0.0000,396.2003,4.0000,96.0000,AG03-UNRESOLVED,ALL5_LEVELS_bet23_to_bet27,396.2003,396.2003,396.2003,495.2504,495.2504,4.000000,4.000000,4.000000,5.000000,5.000000,96.000000,96.000000,96.000000,95.000000,95.000000,5.0,2179.1018,1996.1143,7725.9063,7908.8938,PENDING_AG03,FALSE,NOT_FOR_ENFORCEMENT,9508.8077,59160.2535,9905.0081,9508.8077,396.2003,0.12876401,0.12361345,396.2003,9508.8077,0.12361345,396.2003,396.2003,396.2003,495.2504,495.2504,9508.8077,0.12361345,2179.1018,1996.1143,7725.9063,7908.8938,0.10043593,0.10281474,0.00515056,156.9872,130.2860,20.9408,825.4173,51.3213,6410.3110,39.4167,,156.9872,10.2862,25.7155,51.8914,259.4572,778.3716,2594.5723,12.9729,0.0,30.268539,100.895134,6.104762,29,62,9,2,0E-8,0.12876401,,0E-8,0.000000,0.801122,0.000000,,2026-05-03,2026-06-05,12,193,107,34,0.352941,,,0.000000,,,,,,,,GLOBAL_BASELINE_NO_ENTITY_RANKING,,,NOT_APPLICABLE_GLOBAL_BASELINE,HF9g-P5,,,,X 全窗基线 · 不参与实体赏罚,15057065,1506,A168_HF9F_20260827_0900,2026-08-27 09:00:00
2026-05-03,129715983,1966,0,319.1323750713,89.9019251726,89.9019251726,0.7500000,12,12,0.50441650000000000,0.504416500000,1.3892842639287117,1.389284263928712,1.3892842639287117,0E-17,ELIGIBLE,R03b_20260811_FULL_v1,L1_ELIGIBILITY,v2026-08-11,2026-03-21..2026-08-06,baccarat_bet02_101_all_pairs_incl_sentinel,round_win = game_pnl > 0 (decisive only),COMPATIBILITY_ONLY_NOT_PRODUCTION,76923.7325,61625.2641,9905.0081,490,473,-0.12876401,,-0.12876401,-0.12876401,-9905.0081,76923.7325,OK,0.0000,396.2003,4.0000,96.0000,AG03-UNRESOLVED,ALL5_LEVELS_bet23_to_bet27,396.2003,396.2003,396.2003,495.2504,495.2504,4.000000,4.000000,4.000000,5.000000,5.000000,96.000000,96.000000,96.000000,95.000000,95.000000,5.0,2179.1018,1996.1143,7725.9063,7908.8938,PENDING_AG03,FALSE,NOT_FOR_ENFORCEMENT,9508.8077,59160.2535,9905.0081,9508.8077,396.2003,0.12876401,0.12361345,396.2003,9508.8077,0.12361345,396.2003,396.2003,396.2003,495.2504,495.2504,9508.8077,0.12361345,2179.1018,1996.1143,7725.9063,7908.8938,0.10043593,0.10281474,0.00515056,156.9872,130.2860,20.9408,825.4173,51.3213,6410.3110,39.4167,,156.9872,10.2862,25.7155,51.8914,259.4572,778.3716,2594.5723,12.9729,0.0,30.268539,100.895134,6.104762,29,62,9,2,0E-8,0.12876401,,0E-8,0.000000,0.801122,0.000000,,2026-05-03,2026-06-05,12,193,107,34,0.352941,,,0.000000,,,,,,,,GLOBAL_BASELINE_NO_ENTITY_RANKING,,,NOT_APPLICABLE_GLOBAL_BASELINE,HF9g-P5,,,,X 全窗基线 · 不参与实体赏罚,15057066,1506,A168_HF9F_20260827_0900,2026-08-27 09:00:00
2026-05-03,129715983,2100,0,77.8371646515,77.8371646515,77.8371646515,1.0000000,3,3,0.49324550000000000,0.493245500000,1.755609282511032,1.7556092825110319,1.755609282511032,0E-17,ELIGIBLE,R03b_20260811_FULL_v1,L1_ELIGIBILITY,v2026-08-11,2026-03-21..2026-08-06,baccarat_bet02_101_all_pairs_incl_sentinel,round_win = game_pnl > 0 (decisive only),COMPATIBILITY_ONLY_NOT_PRODUCTION,76923.7325,61625.2641,9905.0081,490,473,-0.12876401,,-0.12876401,-0.12876401,-9905.0081,76923.7325,OK,0.0000,396.2003,4.0000,96.0000,AG03-UNRESOLVED,ALL5_LEVELS_bet23_to_bet27,396.2003,396.2003,396.2003,495.2504,495.2504,4.000000,4.000000,4.000000,5.000000,5.000000,96.000000,96.000000,96.000000,95.000000,95.000000,5.0,2179.1018,1996.1143,7725.9063,7908.8938,PENDING_AG03,FALSE,NOT_FOR_ENFORCEMENT,9508.8077,59160.2535,9905.0081,9508.8077,396.2003,0.12876401,0.12361345,396.2003,9508.8077,0.12361345,396.2003,396.2003,396.2003,495.2504,495.2504,9508.8077,0.12361345,2179.1018,1996.1143,7725.9063,7908.8938,0.10043593,0.10281474,0.00515056,156.9872,130.2860,20.9408,825.4173,51.3213,6410.3110,39.4167,,156.9872,10.2862,25.7155,51.8914,259.4572,778.3716,2594.5723,12.9729,0.0,30.268539,100.895134,6.104762,29,62,9,2,0E-8,0.12876401,,0E-8,0.000000,0.801122,0.000000,,2026-05-03,2026-06-05,12,193,107,34,0.352941,,,0.000000,,,,,,,,GLOBAL_BASELINE_NO_ENTITY_RANKING,,,NOT_APPLICABLE_GLOBAL_BASELINE,HF9g-P5,,,,X 全窗基线 · 不参与实体赏罚,15057067,1506,A168_HF9F_20260827_0900,2026-08-27 09:00:00
2026-05-03,129715983,2108,0,28.5402937056,-28.5402937056,-28.5402937056,0E-7,2,2,0.49994810000000000,0.499948100000,-1.4140667746232096,-1.4140667746232096,-1.4140667746232096,0E-17,ELIGIBLE,R03b_20260811_FULL_v1,L1_ELIGIBILITY,v2026-08-11,2026-03-21..2026-08-06,baccarat_bet02_101_all_pairs_incl_sentinel,round_win = game_pnl > 0 (decisive only),COMPATIBILITY_ONLY_NOT_PRODUCTION,76923.7325,61625.2641,9905.0081,490,473,-0.12876401,,-0.12876401,-0.12876401,-9905.0081,76923.7325,OK,0.0000,396.2003,4.0000,96.0000,AG03-UNRESOLVED,ALL5_LEVELS_bet23_to_bet27,396.2003,396.2003,396.2003,495.2504,495.2504,4.000000,4.000000,4.000000,5.000000,5.000000,96.000000,96.000000,96.000000,95.000000,95.000000,5.0,2179.1018,1996.1143,7725.9063,7908.8938,PENDING_AG03,FALSE,NOT_FOR_ENFORCEMENT,9508.8077,59160.2535,9905.0081,9508.8077,396.2003,0.12876401,0.12361345,396.2003,9508.8077,0.12361345,396.2003,396.2003,396.2003,495.2504,495.2504,9508.8077,0.12361345,2179.1018,1996.1143,7725.9063,7908.8938,0.10043593,0.10281474,0.00515056,156.9872,130.2860,20.9408,825.4173,51.3213,6410.3110,39.4167,,156.9872,10.2862,25.7155,51.8914,259.4572,778.3716,2594.5723,12.9729,0.0,30.268539,100.895134,6.104762,29,62,9,2,0E-8,0.12876401,,0E-8,0.000000,0.801122,0.000000,,2026-05-03,2026-06-05,12,193,107,34,0.352941,,,0.000000,,,,,,,,GLOBAL_BASELINE_NO_ENTITY_RANKING,,,NOT_APPLICABLE_GLOBAL_BASELINE,HF9g-P5,,,,X 全窗基线 · 不参与实体赏罚,15057068,1506,A168_HF9F_20260827_0900,2026-08-27 09:00:00
2026-05-03,129715983,2117,0,18.1620050854,18.1620050854,18.1620050854,1.0000000,2,2,0.49324550000000000,0.493245500000,1.4334489766152358,1.4334489766152358,1.4334489766152358,0E-17,ELIGIBLE,R03b_20260811_FULL_v1,L1_ELIGIBILITY,v2026-08-11,2026-03-21..2026-08-06,baccarat_bet02_101_all_pairs_incl_sentinel,round_win = game_pnl > 0 (decisive only),COMPATIBILITY_ONLY_NOT_PRODUCTION,76923.7325,61625.2641,9905.0081,490,473,-0.12876401,,-0.12876401,-0.12876401,-9905.0081,76923.7325,OK,0.0000,396.2003,4.0000,96.0000,AG03-UNRESOLVED,ALL5_LEVELS_bet23_to_bet27,396.2003,396.2003,396.2003,495.2504,495.2504,4.000000,4.000000,4.000000,5.000000,5.000000,96.000000,96.000000,96.000000,95.000000,95.000000,5.0,2179.1018,1996.1143,7725.9063,7908.8938,PENDING_AG03,FALSE,NOT_FOR_ENFORCEMENT,9508.8077,59160.2535,9905.0081,9508.8077,396.2003,0.12876401,0.12361345,396.2003,9508.8077,0.12361345,396.2003,396.2003,396.2003,495.2504,495.2504,9508.8077,0.12361345,2179.1018,1996.1143,7725.9063,7908.8938,0.10043593,0.10281474,0.00515056,156.9872,130.2860,20.9408,825.4173,51.3213,6410.3110,39.4167,,156.9872,10.2862,25.7155,51.8914,259.4572,778.3716,2594.5723,12.9729,0.0,30.268539,100.895134,6.104762,29,62,9,2,0E-8,0.12876401,,0E-8,0.000000,0.801122,0.000000,,2026-05-03,2026-06-05,12,193,107,34,0.352941,,,0.000000,,,,,,,,GLOBAL_BASELINE_NO_ENTITY_RANKING,,,NOT_APPLICABLE_GLOBAL_BASELINE,HF9g-P5,,,,X 全窗基线 · 不参与实体赏罚,15057069,1506,A168_HF9F_20260827_0900,2026-08-27 09:00:00
2026-05-03,129715983,2121,0,103.7828862021,-103.7828862021,-103.7828862021,0E-7,1,1,0.50665070000000000,0.506650700000,-1.013391052207602,-1.013391052207602,-1.013391052207602,0E-17,ELIGIBLE,R03b_20260811_FULL_v1,L1_ELIGIBILITY,v2026-08-11,2026-03-21..2026-08-06,baccarat_bet02_101_all_pairs_incl_sentinel,round_win = game_pnl > 0 (decisive only),COMPATIBILITY_ONLY_NOT_PRODUCTION,76923.7325,61625.2641,9905.0081,490,473,-0.12876401,,-0.12876401,-0.12876401,-9905.0081,76923.7325,OK,0.0000,396.2003,4.0000,96.0000,AG03-UNRESOLVED,ALL5_LEVELS_bet23_to_bet27,396.2003,396.2003,396.2003,495.2504,495.2504,4.000000,4.000000,4.000000,5.000000,5.000000,96.000000,96.000000,96.000000,95.000000,95.000000,5.0,2179.1018,1996.1143,7725.9063,7908.8938,PENDING_AG03,FALSE,NOT_FOR_ENFORCEMENT,9508.8077,59160.2535,9905.0081,9508.8077,396.2003,0.12876401,0.12361345,396.2003,9508.8077,0.12361345,396.2003,396.2003,396.2003,495.2504,495.2504,9508.8077,0.12361345,2179.1018,1996.1143,7725.9063,7908.8938,0.10043593,0.10281474,0.00515056,156.9872,130.2860,20.9408,825.4173,51.3213,6410.3110,39.4167,,156.9872,10.2862,25.7155,51.8914,259.4572,778.3716,2594.5723,12.9729,0.0,30.268539,100.895134,6.104762,29,62,9,2,0E-8,0.12876401,,0E-8,0.000000,0.801122,0.000000,,2026-05-03,2026-06-05,12,193,107,34,0.352941,,,0.000000,,,,,,,,GLOBAL_BASELINE_NO_ENTITY_RANKING,,,NOT_APPLICABLE_GLOBAL_BASELINE,HF9g-P5,,,,X 全窗基线 · 不参与实体赏罚,15057070,1506,A168_HF9F_20260827_0900,2026-08-27 09:00:00
2026-05-03,129715983,2127,0,262.0517876603,249.0789268850,249.0789268850,1.0000000,2,2,0.49994810000000000,0.499948100000,1.4143603653603398,1.4143603653603398,1.4143603653603398,0E-17,ELIGIBLE,R03b_20260811_FULL_v1,L1_ELIGIBILITY,v2026-08-11,2026-03-21..2026-08-06,baccarat_bet02_101_all_pairs_incl_sentinel,round_win = game_pnl > 0 (decisive only),COMPATIBILITY_ONLY_NOT_PRODUCTION,76923.7325,61625.2641,9905.0081,490,473,-0.12876401,,-0.12876401,-0.12876401,-9905.0081,76923.7325,OK,0.0000,396.2003,4.0000,96.0000,AG03-UNRESOLVED,ALL5_LEVELS_bet23_to_bet27,396.2003,396.2003,396.2003,495.2504,495.2504,4.000000,4.000000,4.000000,5.000000,5.000000,96.000000,96.000000,96.000000,95.000000,95.000000,5.0,2179.1018,1996.1143,7725.9063,7908.8938,PENDING_AG03,FALSE,NOT_FOR_ENFORCEMENT,9508.8077,59160.2535,9905.0081,9508.8077,396.2003,0.12876401,0.12361345,396.2003,9508.8077,0.12361345,396.2003,396.2003,396.2003,495.2504,495.2504,9508.8077,0.12361345,2179.1018,1996.1143,7725.9063,7908.8938,0.10043593,0.10281474,0.00515056,156.9872,130.2860,20.9408,825.4173,51.3213,6410.3110,39.4167,,156.9872,10.2862,25.7155,51.8914,259.4572,778.3716,2594.5723,12.9729,0.0,30.268539,100.895134,6.104762,29,62,9,2,0E-8,0.12876401,,0E-8,0.000000,0.801122,0.000000,,2026-05-03,2026-06-05,12,193,107,34,0.352941,,,0.000000,,,,,,,,GLOBAL_BASELINE_NO_ENTITY_RANKING,,,NOT_APPLICABLE_GLOBAL_BASELINE,HF9g-P5,,,,X 全窗基线 · 不参与实体赏罚,15057071,1506,A168_HF9F_20260827_0900,2026-08-27 09:00:00
2026-05-03,129715983,2130,0,51.8914431010,-25.9457215505,-25.9457215505,0E-7,2,2,0.50665070000000000,0.506650700000,-1.013391052207602,-1.013391052207602,-1.013391052207602,0E-17,ELIGIBLE,R03b_20260811_FULL_v1,L1_ELIGIBILITY,v2026-08-11,2026-03-21..2026-08-06,baccarat_bet02_101_all_pairs_incl_sentinel,round_win = game_pnl > 0 (decisive only),COMPATIBILITY_ONLY_NOT_PRODUCTION,76923.7325,61625.2641,9905.0081,490,473,-0.12876401,,-0.12876401,-0.12876401,-9905.0081,76923.7325,OK,0.0000,396.2003,4.0000,96.0000,AG03-UNRESOLVED,ALL5_LEVELS_bet23_to_bet27,396.2003,396.2003,396.2003,495.2504,495.2504,4.000000,4.000000,4.000000,5.000000,5.000000,96.000000,96.000000,96.000000,95.000000,95.000000,5.0,2179.1018,1996.1143,7725.9063,7908.8938,PENDING_AG03,FALSE,NOT_FOR_ENFORCEMENT,9508.8077,59160.2535,9905.0081,9508.8077,396.2003,0.12876401,0.12361345,396.2003,9508.8077,0.12361345,396.2003,396.2003,396.2003,495.2504,495.2504,9508.8077,0.12361345,2179.1018,1996.1143,7725.9063,7908.8938,0.10043593,0.10281474,0.00515056,156.9872,130.2860,20.9408,825.4173,51.3213,6410.3110,39.4167,,156.9872,10.2862,25.7155,51.8914,259.4572,778.3716,2594.5723,12.9729,0.0,30.268539,100.895134,6.104762,29,62,9,2,0E-8,0.12876401,,0E-8,0.000000,0.801122,0.000000,,2026-05-03,2026-06-05,12,193,107,34,0.352941,,,0.000000,,,,,,,,GLOBAL_BASELINE_NO_ENTITY_RANKING,,,NOT_APPLICABLE_GLOBAL_BASELINE,HF9g-P5,,,,X 全窗基线 · 不参与实体赏罚,15057072,1506,A168_HF9F_20260827_0900,2026-08-27 09:00:00
2026-05-03,129715983,2134,0,129.7286077526,23.3511493956,23.3511493956,0.6000000,5,5,0.49860758000000000,0.498607580000,0.4534424453485946,0.4534424453485946,0.4534424453485946,0E-17,ELIGIBLE,R03b_20260811_FULL_v1,L1_ELIGIBILITY,v2026-08-11,2026-03-21..2026-08-06,baccarat_bet02_101_all_pairs_incl_sentinel,round_win = game_pnl > 0 (decisive only),COMPATIBILITY_ONLY_NOT_PRODUCTION,76923.7325,61625.2641,9905.0081,490,473,-0.12876401,,-0.12876401,-0.12876401,-9905.0081,76923.7325,OK,0.0000,396.2003,4.0000,96.0000,AG03-UNRESOLVED,ALL5_LEVELS_bet23_to_bet27,396.2003,396.2003,396.2003,495.2504,495.2504,4.000000,4.000000,4.000000,5.000000,5.000000,96.000000,96.000000,96.000000,95.000000,95.000000,5.0,2179.1018,1996.1143,7725.9063,7908.8938,PENDING_AG03,FALSE,NOT_FOR_ENFORCEMENT,9508.8077,59160.2535,9905.0081,9508.8077,396.2003,0.12876401,0.12361345,396.2003,9508.8077,0.12361345,396.2003,396.2003,396.2003,495.2504,495.2504,9508.8077,0.12361345,2179.1018,1996.1143,7725.9063,7908.8938,0.10043593,0.10281474,0.00515056,156.9872,130.2860,20.9408,825.4173,51.3213,6410.3110,39.4167,,156.9872,10.2862,25.7155,51.8914,259.4572,778.3716,2594.5723,12.9729,0.0,30.268539,100.895134,6.104762,29,62,9,2,0E-8,0.12876401,,0E-8,0.000000,0.801122,0.000000,,2026-05-03,2026-06-05,12,193,107,34,0.352941,,,0.000000,,,,,,,,GLOBAL_BASELINE_NO_ENTITY_RANKING,,,NOT_APPLICABLE_GLOBAL_BASELINE,HF9g-P5,,,,X 全窗基线 · 不参与实体赏罚,15057073,1506,A168_HF9F_20260827_0900,2026-08-27 09:00:00
2026-05-03,129715983,2142,0,402.1586840332,-14.2701468528,-14.2701468528,0.5714286,9,8,0.50246157500000000,0.502461575000,0.36494346511040954,0.3649434651104096,0.36494346511040954,0E-17,ELIGIBLE,R03b_20260811_FULL_v1,L1_ELIGIBILITY,v2026-08-11,2026-03-21..2026-08-06,baccarat_bet02_101_all_pairs_incl_sentinel,round_win = game_pnl > 0 (decisive only),COMPATIBILITY_ONLY_NOT_PRODUCTION,76923.7325,61625.2641,9905.0081,490,473,-0.12876401,,-0.12876401,-0.12876401,-9905.0081,76923.7325,OK,0.0000,396.2003,4.0000,96.0000,AG03-UNRESOLVED,ALL5_LEVELS_bet23_to_bet27,396.2003,396.2003,396.2003,495.2504,495.2504,4.000000,4.000000,4.000000,5.000000,5.000000,96.000000,96.000000,96.000000,95.000000,95.000000,5.0,2179.1018,1996.1143,7725.9063,7908.8938,PENDING_AG03,FALSE,NOT_FOR_ENFORCEMENT,9508.8077,59160.2535,9905.0081,9508.8077,396.2003,0.12876401,0.12361345,396.2003,9508.8077,0.12361345,396.2003,396.2003,396.2003,495.2504,495.2504,9508.8077,0.12361345,2179.1018,1996.1143,7725.9063,7908.8938,0.10043593,0.10281474,0.00515056,156.9872,130.2860,20.9408,825.4173,51.3213,6410.3110,39.4167,,156.9872,10.2862,25.7155,51.8914,259.4572,778.3716,2594.5723,12.9729,0.0,30.268539,100.895134,6.104762,29,62,9,2,0E-8,0.12876401,,0E-8,0.000000,0.801122,0.000000,,2026-05-03,2026-06-05,12,193,107,34,0.352941,,,0.000000,,,,,,,,GLOBAL_BASELINE_NO_ENTITY_RANKING,,,NOT_APPLICABLE_GLOBAL_BASELINE,HF9g-P5,,,,X 全窗基线 · 不参与实体赏罚,15057074,1506,A168_HF9F_20260827_0900,2026-08-27 09:00:00
2026-05-03,129715983,2145,0,438.4826942037,-91.8478542889,-91.8478542889,0.8000000,10,10,0.50396966000000000,0.503969660000,1.8723192715230204,1.8723192715230204,1.8723192715230204,0E-17,ELIGIBLE,R03b_20260811_FULL_v1,L1_ELIGIBILITY,v2026-08-11,2026-03-21..2026-08-06,baccarat_bet02_101_all_pairs_incl_sentinel,round_win = game_pnl > 0 (decisive only),COMPATIBILITY_ONLY_NOT_PRODUCTION,76923.7325,61625.2641,9905.0081,490,473,-0.12876401,,-0.12876401,-0.12876401,-9905.0081,76923.7325,OK,0.0000,396.2003,4.0000,96.0000,AG03-UNRESOLVED,ALL5_LEVELS_bet23_to_bet27,396.2003,396.2003,396.2003,495.2504,495.2504,4.000000,4.000000,4.000000,5.000000,5.000000,96.000000,96.000000,96.000000,95.000000,95.000000,5.0,2179.1018,1996.1143,7725.9063,7908.8938,PENDING_AG03,FALSE,NOT_FOR_ENFORCEMENT,9508.8077,59160.2535,9905.0081,9508.8077,396.2003,0.12876401,0.12361345,396.2003,9508.8077,0.12361345,396.2003,396.2003,396.2003,495.2504,495.2504,9508.8077,0.12361345,2179.1018,1996.1143,7725.9063,7908.8938,0.10043593,0.10281474,0.00515056,156.9872,130.2860,20.9408,825.4173,51.3213,6410.3110,39.4167,,156.9872,10.2862,25.7155,51.8914,259.4572,778.3716,2594.5723,12.9729,0.0,30.268539,100.895134,6.104762,29,62,9,2,0E-8,0.12876401,,0E-8,0.000000,0.801122,0.000000,,2026-05-03,2026-06-05,12,193,107,34,0.352941,,,0.000000,,,,,,,,GLOBAL_BASELINE_NO_ENTITY_RANKING,,,NOT_APPLICABLE_GLOBAL_BASELINE,HF9g-P5,,,,X 全窗基线 · 不参与实体赏罚,15057075,1506,A168_HF9F_20260827_0900,2026-08-27 09:00:00
2026-05-03,129715983,2167,0,38.9185823258,-13.6215038140,-13.6215038140,0.5000000,2,2,0.49994810000000000,0.499948100000,0.00014679536856514622,0.00014679536856514622,0.00014679536856514622,0E-17,ELIGIBLE,R03b_20260811_FULL_v1,L1_ELIGIBILITY,v2026-08-11,2026-03-21..2026-08-06,baccarat_bet02_101_all_pairs_incl_sentinel,round_win = game_pnl > 0 (decisive only),COMPATIBILITY_ONLY_NOT_PRODUCTION,76923.7325,61625.2641,9905.0081,490,473,-0.12876401,,-0.12876401,-0.12876401,-9905.0081,76923.7325,OK,0.0000,396.2003,4.0000,96.0000,AG03-UNRESOLVED,ALL5_LEVELS_bet23_to_bet27,396.2003,396.2003,396.2003,495.2504,495.2504,4.000000,4.000000,4.000000,5.000000,5.000000,96.000000,96.000000,96.000000,95.000000,95.000000,5.0,2179.1018,1996.1143,7725.9063,7908.8938,PENDING_AG03,FALSE,NOT_FOR_ENFORCEMENT,9508.8077,59160.2535,9905.0081,9508.8077,396.2003,0.12876401,0.12361345,396.2003,9508.8077,0.12361345,396.2003,396.2003,396.2003,495.2504,495.2504,9508.8077,0.12361345,2179.1018,1996.1143,7725.9063,7908.8938,0.10043593,0.10281474,0.00515056,156.9872,130.2860,20.9408,825.4173,51.3213,6410.3110,39.4167,,156.9872,10.2862,25.7155,51.8914,259.4572,778.3716,2594.5723,12.9729,0.0,30.268539,100.895134,6.104762,29,62,9,2,0E-8,0.12876401,,0E-8,0.000000,0.801122,0.000000,,2026-05-03,2026-06-05,12,193,107,34,0.352941,,,0.000000,,,,,,,,GLOBAL_BASELINE_NO_ENTITY_RANKING,,,NOT_APPLICABLE_GLOBAL_BASELINE,HF9g-P5,,,,X 全窗基线 · 不参与实体赏罚,15057076,1506,A168_HF9F_20260827_0900,2026-08-27 09:00:00
2026-05-03,129715983,2175,0,83.0263089617,-47.6103990452,-47.6103990452,0.3333333,3,3,0.50665070000000000,0.506650700000,-0.6004420894325239,-0.6004420894325239,-0.6004420894325239,0E-17,ELIGIBLE,R03b_20260811_FULL_v1,L1_ELIGIBILITY,v2026-08-11,2026-03-21..2026-08-06,baccarat_bet02_101_all_pairs_incl_sentinel,round_win = game_pnl > 0 (decisive only),COMPATIBILITY_ONLY_NOT_PRODUCTION,76923.7325,61625.2641,9905.0081,490,473,-0.12876401,,-0.12876401,-0.12876401,-9905.0081,76923.7325,OK,0.0000,396.2003,4.0000,96.0000,AG03-UNRESOLVED,ALL5_LEVELS_bet23_to_bet27,396.2003,396.2003,396.2003,495.2504,495.2504,4.000000,4.000000,4.000000,5.000000,5.000000,96.000000,96.000000,96.000000,95.000000,95.000000,5.0,2179.1018,1996.1143,7725.9063,7908.8938,PENDING_AG03,FALSE,NOT_FOR_ENFORCEMENT,9508.8077,59160.2535,9905.0081,9508.8077,396.2003,0.12876401,0.12361345,396.2003,9508.8077,0.12361345,396.2003,396.2003,396.2003,495.2504,495.2504,9508.8077,0.12361345,2179.1018,1996.1143,7725.9063,7908.8938,0.10043593,0.10281474,0.00515056,156.9872,130.2860,20.9408,825.4173,51.3213,6410.3110,39.4167,,156.9872,10.2862,25.7155,51.8914,259.4572,778.3716,2594.5723,12.9729,0.0,30.268539,100.895134,6.104762,29,62,9,2,0E-8,0.12876401,,0E-8,0.000000,0.801122,0.000000,,2026-05-03,2026-06-05,12,193,107,34,0.352941,,,0.000000,,,,,,,,GLOBAL_BASELINE_NO_ENTITY_RANKING,,,NOT_APPLICABLE_GLOBAL_BASELINE,HF9g-P5,,,,X 全窗基线 · 不参与实体赏罚,15057077,1506,A168_HF9F_20260827_0900,2026-08-27 09:00:00
2026-05-03,129715983,2187,0,1388.0961029526,194.5929116289,194.5929116289,0.2000000,6,6,0.49771390000000000,0.497713900000,-1.3314309533564708,-1.3314309533564703,-1.3314309533564708,0E-17,ELIGIBLE,R03b_20260811_FULL_v1,L1_ELIGIBILITY,v2026-08-11,2026-03-21..2026-08-06,baccarat_bet02_101_all_pairs_incl_sentinel,round_win = game_pnl > 0 (decisive only),COMPATIBILITY_ONLY_NOT_PRODUCTION,76923.7325,61625.2641,9905.0081,490,473,-0.12876401,,-0.12876401,-0.12876401,-9905.0081,76923.7325,OK,0.0000,396.2003,4.0000,96.0000,AG03-UNRESOLVED,ALL5_LEVELS_bet23_to_bet27,396.2003,396.2003,396.2003,495.2504,495.2504,4.000000,4.000000,4.000000,5.000000,5.000000,96.000000,96.000000,96.000000,95.000000,95.000000,5.0,2179.1018,1996.1143,7725.9063,7908.8938,PENDING_AG03,FALSE,NOT_FOR_ENFORCEMENT,9508.8077,59160.2535,9905.0081,9508.8077,396.2003,0.12876401,0.12361345,396.2003,9508.8077,0.12361345,396.2003,396.2003,396.2003,495.2504,495.2504,9508.8077,0.12361345,2179.1018,1996.1143,7725.9063,7908.8938,0.10043593,0.10281474,0.00515056,156.9872,130.2860,20.9408,825.4173,51.3213,6410.3110,39.4167,,156.9872,10.2862,25.7155,51.8914,259.4572,778.3716,2594.5723,12.9729,0.0,30.268539,100.895134,6.104762,29,62,9,2,0E-8,0.12876401,,0E-8,0.000000,0.801122,0.000000,,2026-05-03,2026-06-05,12,193,107,34,0.352941,,,0.000000,,,,,,,,GLOBAL_BASELINE_NO_ENTITY_RANKING,,,NOT_APPLICABLE_GLOBAL_BASELINE,HF9g-P5,,,,X 全窗基线 · 不参与实体赏罚,15057078,1506,A168_HF9F_20260827_0900,2026-08-27 09:00:00
2026-05-03,129715983,2188,0,51.8914431010,-1.2972860775,-1.2972860775,0.5000000,2,2,0.49994810000000000,0.499948100000,0.00014679536856514622,0.00014679536856514622,0.00014679536856514622,0E-17,ELIGIBLE,R03b_20260811_FULL_v1,L1_ELIGIBILITY,v2026-08-11,2026-03-21..2026-08-06,baccarat_bet02_101_all_pairs_incl_sentinel,round_win = game_pnl > 0 (decisive only),COMPATIBILITY_ONLY_NOT_PRODUCTION,76923.7325,61625.2641,9905.0081,490,473,-0.12876401,,-0.12876401,-0.12876401,-9905.0081,76923.7325,OK,0.0000,396.2003,4.0000,96.0000,AG03-UNRESOLVED,ALL5_LEVELS_bet23_to_bet27,396.2003,396.2003,396.2003,495.2504,495.2504,4.000000,4.000000,4.000000,5.000000,5.000000,96.000000,96.000000,96.000000,95.000000,95.000000,5.0,2179.1018,1996.1143,7725.9063,7908.8938,PENDING_AG03,FALSE,NOT_FOR_ENFORCEMENT,9508.8077,59160.2535,9905.0081,9508.8077,396.2003,0.12876401,0.12361345,396.2003,9508.8077,0.12361345,396.2003,396.2003,396.2003,495.2504,495.2504,9508.8077,0.12361345,2179.1018,1996.1143,7725.9063,7908.8938,0.10043593,0.10281474,0.00515056,156.9872,130.2860,20.9408,825.4173,51.3213,6410.3110,39.4167,,156.9872,10.2862,25.7155,51.8914,259.4572,778.3716,2594.5723,12.9729,0.0,30.268539,100.895134,6.104762,29,62,9,2,0E-8,0.12876401,,0E-8,0.000000,0.801122,0.000000,,2026-05-03,2026-06-05,12,193,107,34,0.352941,,,0.000000,,,,,,,,GLOBAL_BASELINE_NO_ENTITY_RANKING,,,NOT_APPLICABLE_GLOBAL_BASELINE,HF9g-P5,,,,X 全窗基线 · 不参与实体赏罚,15057079,1506,A168_HF9F_20260827_0900,2026-08-27 09:00:00
2026-05-03,129715983,2205,0,137.5123242178,132.3231799076,132.3231799076,0.6666667,3,3,0.49771390000000000,0.497713900000,0.5852756695216578,0.5852756695216578,0.5852756695216578,0E-17,ELIGIBLE,R03b_20260811_FULL_v1,L1_ELIGIBILITY,v2026-08-11,2026-03-21..2026-08-06,baccarat_bet02_101_all_pairs_incl_sentinel,round_win = game_pnl > 0 (decisive only),COMPATIBILITY_ONLY_NOT_PRODUCTION,76923.7325,61625.2641,9905.0081,490,473,-0.12876401,,-0.12876401,-0.12876401,-9905.0081,76923.7325,OK,0.0000,396.2003,4.0000,96.0000,AG03-UNRESOLVED,ALL5_LEVELS_bet23_to_bet27,396.2003,396.2003,396.2003,495.2504,495.2504,4.000000,4.000000,4.000000,5.000000,5.000000,96.000000,96.000000,96.000000,95.000000,95.000000,5.0,2179.1018,1996.1143,7725.9063,7908.8938,PENDING_AG03,FALSE,NOT_FOR_ENFORCEMENT,9508.8077,59160.2535,9905.0081,9508.8077,396.2003,0.12876401,0.12361345,396.2003,9508.8077,0.12361345,396.2003,396.2003,396.2003,495.2504,495.2504,9508.8077,0.12361345,2179.1018,1996.1143,7725.9063,7908.8938,0.10043593,0.10281474,0.00515056,156.9872,130.2860,20.9408,825.4173,51.3213,6410.3110,39.4167,,156.9872,10.2862,25.7155,51.8914,259.4572,778.3716,2594.5723,12.9729,0.0,30.268539,100.895134,6.104762,29,62,9,2,0E-8,0.12876401,,0E-8,0.000000,0.801122,0.000000,,2026-05-03,2026-06-05,12,193,107,34,0.352941,,,0.000000,,,,,,,,GLOBAL_BASELINE_NO_ENTITY_RANKING,,,NOT_APPLICABLE_GLOBAL_BASELINE,HF9g-P5,,,,X 全窗基线 · 不参与实体赏罚,15057080,1506,A168_HF9F_20260827_0900,2026-08-27 09:00:00
2026-05-03,129715983,2209,0,3295.8850085622,1284.4040267759,1284.4040267759,0.5000000,9,8,0.50609215000000000,0.505812875000,-0.03446496299637582,-0.03288480904416163,-0.03446496299637582,0.00027927500000000,ELIGIBLE,R03b_20260811_FULL_v1,L1_ELIGIBILITY,v2026-08-11,2026-03-21..2026-08-06,baccarat_bet02_101_all_pairs_incl_sentinel,round_win = game_pnl > 0 (decisive only),COMPATIBILITY_ONLY_NOT_PRODUCTION,76923.7325,61625.2641,9905.0081,490,473,-0.12876401,,-0.12876401,-0.12876401,-9905.0081,76923.7325,OK,0.0000,396.2003,4.0000,96.0000,AG03-UNRESOLVED,ALL5_LEVELS_bet23_to_bet27,396.2003,396.2003,396.2003,495.2504,495.2504,4.000000,4.000000,4.000000,5.000000,5.000000,96.000000,96.000000,96.000000,95.000000,95.000000,5.0,2179.1018,1996.1143,7725.9063,7908.8938,PENDING_AG03,FALSE,NOT_FOR_ENFORCEMENT,9508.8077,59160.2535,9905.0081,9508.8077,396.2003,0.12876401,0.12361345,396.2003,9508.8077,0.12361345,396.2003,396.2003,396.2003,495.2504,495.2504,9508.8077,0.12361345,2179.1018,1996.1143,7725.9063,7908.8938,0.10043593,0.10281474,0.00515056,156.9872,130.2860,20.9408,825.4173,51.3213,6410.3110,39.4167,,156.9872,10.2862,25.7155,51.8914,259.4572,778.3716,2594.5723,12.9729,0.0,30.268539,100.895134,6.104762,29,62,9,2,0E-8,0.12876401,,0E-8,0.000000,0.801122,0.000000,,2026-05-03,2026-06-05,12,193,107,34,0.352941,,,0.000000,,,,,,,,GLOBAL_BASELINE_NO_ENTITY_RANKING,,,NOT_APPLICABLE_GLOBAL_BASELINE,HF9g-P5,,,,X 全窗基线 · 不参与实体赏罚,15057081,1506,A168_HF9F_20260827_0900,2026-08-27 09:00:00
2026-05-03,129715983,2248,0,199.7820559392,-87.5668102330,-87.5668102330,0.7142857,7,7,0.50090561428571429,0.500905614286,1.129103210700875,1.1291032106993646,1.129103210700875,-2.8571E-13,ELIGIBLE,R03b_20260811_FULL_v1,L1_ELIGIBILITY,v2026-08-11,2026-03-21..2026-08-06,baccarat_bet02_101_all_pairs_incl_sentinel,round_win = game_pnl > 0 (decisive only),COMPATIBILITY_ONLY_NOT_PRODUCTION,76923.7325,61625.2641,9905.0081,490,473,-0.12876401,,-0.12876401,-0.12876401,-9905.0081,76923.7325,OK,0.0000,396.2003,4.0000,96.0000,AG03-UNRESOLVED,ALL5_LEVELS_bet23_to_bet27,396.2003,396.2003,396.2003,495.2504,495.2504,4.000000,4.000000,4.000000,5.000000,5.000000,96.000000,96.000000,96.000000,95.000000,95.000000,5.0,2179.1018,1996.1143,7725.9063,7908.8938,PENDING_AG03,FALSE,NOT_FOR_ENFORCEMENT,9508.8077,59160.2535,9905.0081,9508.8077,396.2003,0.12876401,0.12361345,396.2003,9508.8077,0.12361345,396.2003,396.2003,396.2003,495.2504,495.2504,9508.8077,0.12361345,2179.1018,1996.1143,7725.9063,7908.8938,0.10043593,0.10281474,0.00515056,156.9872,130.2860,20.9408,825.4173,51.3213,6410.3110,39.4167,,156.9872,10.2862,25.7155,51.8914,259.4572,778.3716,2594.5723,12.9729,0.0,30.268539,100.895134,6.104762,29,62,9,2,0E-8,0.12876401,,0E-8,0.000000,0.801122,0.000000,,2026-05-03,2026-06-05,12,193,107,34,0.352941,,,0.000000,,,,,,,,GLOBAL_BASELINE_NO_ENTITY_RANKING,,,NOT_APPLICABLE_GLOBAL_BASELINE,HF9g-P5,,,,X 全窗基线 · 不参与实体赏罚,15057082,1506,A168_HF9F_20260827_0900,2026-08-27 09:00:00
2026-05-03,129715983,2251,0,134.9177520627,1.6864719008,1.6864719008,0.5714286,7,7,0.50282064285714286,0.502820642857,0.36304481076852674,0.3630448107692821,0.36304481076852674,1.4286E-13,ELIGIBLE,R03b_20260811_FULL_v1,L1_ELIGIBILITY,v2026-08-11,2026-03-21..2026-08-06,baccarat_bet02_101_all_pairs_incl_sentinel,round_win = game_pnl > 0 (decisive only),COMPATIBILITY_ONLY_NOT_PRODUCTION,76923.7325,61625.2641,9905.0081,490,473,-0.12876401,,-0.12876401,-0.12876401,-9905.0081,76923.7325,OK,0.0000,396.2003,4.0000,96.0000,AG03-UNRESOLVED,ALL5_LEVELS_bet23_to_bet27,396.2003,396.2003,396.2003,495.2504,495.2504,4.000000,4.000000,4.000000,5.000000,5.000000,96.000000,96.000000,96.000000,95.000000,95.000000,5.0,2179.1018,1996.1143,7725.9063,7908.8938,PENDING_AG03,FALSE,NOT_FOR_ENFORCEMENT,9508.8077,59160.2535,9905.0081,9508.8077,396.2003,0.12876401,0.12361345,396.2003,9508.8077,0.12361345,396.2003,396.2003,396.2003,495.2504,495.2504,9508.8077,0.12361345,2179.1018,1996.1143,7725.9063,7908.8938,0.10043593,0.10281474,0.00515056,156.9872,130.2860,20.9408,825.4173,51.3213,6410.3110,39.4167,,156.9872,10.2862,25.7155,51.8914,259.4572,778.3716,2594.5723,12.9729,0.0,30.268539,100.895134,6.104762,29,62,9,2,0E-8,0.12876401,,0E-8,0.000000,0.801122,0.000000,,2026-05-03,2026-06-05,12,193,107,34,0.352941,,,0.000000,,,,,,,,GLOBAL_BASELINE_NO_ENTITY_RANKING,,,NOT_APPLICABLE_GLOBAL_BASELINE,HF9g-P5,,,,X 全窗基线 · 不参与实体赏罚,15057083,1506,A168_HF9F_20260827_0900,2026-08-27 09:00:00
2026-05-03,129715983,2256,0,246.4843547302,151.5230138551,151.5230138551,0.6666667,11,11,0.49933877272727273,0.499338772727,1.0039682415497608,1.003968241551398,1.0039682415497608,2.7273E-13,ELIGIBLE,R03b_20260811_FULL_v1,L1_ELIGIBILITY,v2026-08-11,2026-03-21..2026-08-06,baccarat_bet02_101_all_pairs_incl_sentinel,round_win = game_pnl > 0 (decisive only),COMPATIBILITY_ONLY_NOT_PRODUCTION,76923.7325,61625.2641,9905.0081,490,473,-0.12876401,,-0.12876401,-0.12876401,-9905.0081,76923.7325,OK,0.0000,396.2003,4.0000,96.0000,AG03-UNRESOLVED,ALL5_LEVELS_bet23_to_bet27,396.2003,396.2003,396.2003,495.2504,495.2504,4.000000,4.000000,4.000000,5.000000,5.000000,96.000000,96.000000,96.000000,95.000000,95.000000,5.0,2179.1018,1996.1143,7725.9063,7908.8938,PENDING_AG03,FALSE,NOT_FOR_ENFORCEMENT,9508.8077,59160.2535,9905.0081,9508.8077,396.2003,0.12876401,0.12361345,396.2003,9508.8077,0.12361345,396.2003,396.2003,396.2003,495.2504,495.2504,9508.8077,0.12361345,2179.1018,1996.1143,7725.9063,7908.8938,0.10043593,0.10281474,0.00515056,156.9872,130.2860,20.9408,825.4173,51.3213,6410.3110,39.4167,,156.9872,10.2862,25.7155,51.8914,259.4572,778.3716,2594.5723,12.9729,0.0,30.268539,100.895134,6.104762,29,62,9,2,0E-8,0.12876401,,0E-8,0.000000,0.801122,0.000000,,2026-05-03,2026-06-05,12,193,107,34,0.352941,,,0.000000,,,,,,,,GLOBAL_BASELINE_NO_ENTITY_RANKING,,,NOT_APPLICABLE_GLOBAL_BASELINE,HF9g-P5,,,,X 全窗基线 · 不参与实体赏罚,15057084,1506,A168_HF9F_20260827_0900,2026-08-27 09:00:00
2026-05-03,129715983,2261,0,142.7014685279,-117.1449328006,-117.1449328006,0.6666667,3,3,0.49771390000000000,0.497713900000,0.5852756695216578,0.5852756695216578,0.5852756695216578,0E-17,ELIGIBLE,R03b_20260811_FULL_v1,L1_ELIGIBILITY,v2026-08-11,2026-03-21..2026-08-06,baccarat_bet02_101_all_pairs_incl_sentinel,round_win = game_pnl > 0 (decisive only),COMPATIBILITY_ONLY_NOT_PRODUCTION,76923.7325,61625.2641,9905.0081,490,473,-0.12876401,,-0.12876401,-0.12876401,-9905.0081,76923.7325,OK,0.0000,396.2003,4.0000,96.0000,AG03-UNRESOLVED,ALL5_LEVELS_bet23_to_bet27,396.2003,396.2003,396.2003,495.2504,495.2504,4.000000,4.000000,4.000000,5.000000,5.000000,96.000000,96.000000,96.000000,95.000000,95.000000,5.0,2179.1018,1996.1143,7725.9063,7908.8938,PENDING_AG03,FALSE,NOT_FOR_ENFORCEMENT,9508.8077,59160.2535,9905.0081,9508.8077,396.2003,0.12876401,0.12361345,396.2003,9508.8077,0.12361345,396.2003,396.2003,396.2003,495.2504,495.2504,9508.8077,0.12361345,2179.1018,1996.1143,7725.9063,7908.8938,0.10043593,0.10281474,0.00515056,156.9872,130.2860,20.9408,825.4173,51.3213,6410.3110,39.4167,,156.9872,10.2862,25.7155,51.8914,259.4572,778.3716,2594.5723,12.9729,0.0,30.268539,100.895134,6.104762,29,62,9,2,0E-8,0.12876401,,0E-8,0.000000,0.801122,0.000000,,2026-05-03,2026-06-05,12,193,107,34,0.352941,,,0.000000,,,,,,,,GLOBAL_BASELINE_NO_ENTITY_RANKING,,,NOT_APPLICABLE_GLOBAL_BASELINE,HF9g-P5,,,,X 全窗基线 · 不参与实体赏罚,15057085,1506,A168_HF9F_20260827_0900,2026-08-27 09:00:00
2026-05-03,129715983,462,0,18.1620050854,-18.1620050854,-18.1620050854,0E-7,2,2,0.49994810000000000,0.499948100000,-1.4140667746232096,-1.4140667746232096,-1.4140667746232096,0E-17,ELIGIBLE,R03b_20260811_FULL_v1,L1_ELIGIBILITY,v2026-08-11,2026-03-21..2026-08-06,baccarat_bet02_101_all_pairs_incl_sentinel,round_win = game_pnl > 0 (decisive only),COMPATIBILITY_ONLY_NOT_PRODUCTION,76923.7325,61625.2641,9905.0081,490,473,-0.12876401,,-0.12876401,-0.12876401,-9905.0081,76923.7325,OK,0.0000,396.2003,4.0000,96.0000,AG03-UNRESOLVED,ALL5_LEVELS_bet23_to_bet27,396.2003,396.2003,396.2003,495.2504,495.2504,4.000000,4.000000,4.000000,5.000000,5.000000,96.000000,96.000000,96.000000,95.000000,95.000000,5.0,2179.1018,1996.1143,7725.9063,7908.8938,PENDING_AG03,FALSE,NOT_FOR_ENFORCEMENT,9508.8077,59160.2535,9905.0081,9508.8077,396.2003,0.12876401,0.12361345,396.2003,9508.8077,0.12361345,396.2003,396.2003,396.2003,495.2504,495.2504,9508.8077,0.12361345,2179.1018,1996.1143,7725.9063,7908.8938,0.10043593,0.10281474,0.00515056,156.9872,130.2860,20.9408,825.4173,51.3213,6410.3110,39.4167,,156.9872,10.2862,25.7155,51.8914,259.4572,778.3716,2594.5723,12.9729,0.0,30.268539,100.895134,6.104762,29,62,9,2,0E-8,0.12876401,,0E-8,0.000000,0.801122,0.000000,,2026-05-03,2026-06-05,12,193,107,34,0.352941,,,0.000000,,,,,,,,GLOBAL_BASELINE_NO_ENTITY_RANKING,,,NOT_APPLICABLE_GLOBAL_BASELINE,HF9g-P5,,,,X 全窗基线 · 不参与实体赏罚,15057086,1506,A168_HF9F_20260827_0900,2026-08-27 09:00:00
2026-05-03,129715983,772,0,158.2689014583,-55.1346582950,-55.1346582950,0.1666667,7,7,0.50282064285714286,0.502820642857,-1.6468376381237455,-1.6468376381230425,-1.6468376381237455,1.4286E-13,ELIGIBLE,R03b_20260811_FULL_v1,L1_ELIGIBILITY,v2026-08-11,2026-03-21..2026-08-06,baccarat_bet02_101_all_pairs_incl_sentinel,round_win = game_pnl > 0 (decisive only),COMPATIBILITY_ONLY_NOT_PRODUCTION,76923.7325,61625.2641,9905.0081,490,473,-0.12876401,,-0.12876401,-0.12876401,-9905.0081,76923.7325,OK,0.0000,396.2003,4.0000,96.0000,AG03-UNRESOLVED,ALL5_LEVELS_bet23_to_bet27,396.2003,396.2003,396.2003,495.2504,495.2504,4.000000,4.000000,4.000000,5.000000,5.000000,96.000000,96.000000,96.000000,95.000000,95.000000,5.0,2179.1018,1996.1143,7725.9063,7908.8938,PENDING_AG03,FALSE,NOT_FOR_ENFORCEMENT,9508.8077,59160.2535,9905.0081,9508.8077,396.2003,0.12876401,0.12361345,396.2003,9508.8077,0.12361345,396.2003,396.2003,396.2003,495.2504,495.2504,9508.8077,0.12361345,2179.1018,1996.1143,7725.9063,7908.8938,0.10043593,0.10281474,0.00515056,156.9872,130.2860,20.9408,825.4173,51.3213,6410.3110,39.4167,,156.9872,10.2862,25.7155,51.8914,259.4572,778.3716,2594.5723,12.9729,0.0,30.268539,100.895134,6.104762,29,62,9,2,0E-8,0.12876401,,0E-8,0.000000,0.801122,0.000000,,2026-05-03,2026-06-05,12,193,107,34,0.352941,,,0.000000,,,,,,,,GLOBAL_BASELINE_NO_ENTITY_RANKING,,,NOT_APPLICABLE_GLOBAL_BASELINE,HF9g-P5,,,,X 全窗基线 · 不参与实体赏罚,15057087,1506,A168_HF9F_20260827_0900,2026-08-27 09:00:00
2026-05-03,129715983,948,0,93.4045975819,67.4588760313,67.4588760313,1.0000000,4,3,0.49473496666667049,0.495479700000,1.7503864641748903,1.7477810127699691,1.7503864641748903,-0.00074473333332951,ELIGIBLE,R03b_20260811_FULL_v1,L1_ELIGIBILITY,v2026-08-11,2026-03-21..2026-08-06,baccarat_bet02_101_all_pairs_incl_sentinel,round_win = game_pnl > 0 (decisive only),COMPATIBILITY_ONLY_NOT_PRODUCTION,76923.7325,61625.2641,9905.0081,490,473,-0.12876401,,-0.12876401,-0.12876401,-9905.0081,76923.7325,OK,0.0000,396.2003,4.0000,96.0000,AG03-UNRESOLVED,ALL5_LEVELS_bet23_to_bet27,396.2003,396.2003,396.2003,495.2504,495.2504,4.000000,4.000000,4.000000,5.000000,5.000000,96.000000,96.000000,96.000000,95.000000,95.000000,5.0,2179.1018,1996.1143,7725.9063,7908.8938,PENDING_AG03,FALSE,NOT_FOR_ENFORCEMENT,9508.8077,59160.2535,9905.0081,9508.8077,396.2003,0.12876401,0.12361345,396.2003,9508.8077,0.12361345,396.2003,396.2003,396.2003,495.2504,495.2504,9508.8077,0.12361345,2179.1018,1996.1143,7725.9063,7908.8938,0.10043593,0.10281474,0.00515056,156.9872,130.2860,20.9408,825.4173,51.3213,6410.3110,39.4167,,156.9872,10.2862,25.7155,51.8914,259.4572,778.3716,2594.5723,12.9729,0.0,30.268539,100.895134,6.104762,29,62,9,2,0E-8,0.12876401,,0E-8,0.000000,0.801122,0.000000,,2026-05-03,2026-06-05,12,193,107,34,0.352941,,,0.000000,,,,,,,,GLOBAL_BASELINE_NO_ENTITY_RANKING,,,NOT_APPLICABLE_GLOBAL_BASELINE,HF9g-P5,,,,X 全窗基线 · 不参与实体赏罚,15057088,1506,A168_HF9F_20260827_0900,2026-08-27 09:00:00
2026-05-03,129715983,970,0,8510.7155830007,-8357.5060972446,-8357.5060972446,0.4375000,18,18,0.49994810000000000,0.499948100000,-0.49958480269137323,-0.49958480269137323,-0.49958480269137323,0E-17,ELIGIBLE,R03b_20260811_FULL_v1,L1_ELIGIBILITY,v2026-08-11,2026-03-21..2026-08-06,baccarat_bet02_101_all_pairs_incl_sentinel,round_win = game_pnl > 0 (decisive only),COMPATIBILITY_ONLY_NOT_PRODUCTION,76923.7325,61625.2641,9905.0081,490,473,-0.12876401,,-0.12876401,-0.12876401,-9905.0081,76923.7325,OK,0.0000,396.2003,4.0000,96.0000,AG03-UNRESOLVED,ALL5_LEVELS_bet23_to_bet27,396.2003,396.2003,396.2003,495.2504,495.2504,4.000000,4.000000,4.000000,5.000000,5.000000,96.000000,96.000000,96.000000,95.000000,95.000000,5.0,2179.1018,1996.1143,7725.9063,7908.8938,PENDING_AG03,FALSE,NOT_FOR_ENFORCEMENT,9508.8077,59160.2535,9905.0081,9508.8077,396.2003,0.12876401,0.12361345,396.2003,9508.8077,0.12361345,396.2003,396.2003,396.2003,495.2504,495.2504,9508.8077,0.12361345,2179.1018,1996.1143,7725.9063,7908.8938,0.10043593,0.10281474,0.00515056,156.9872,130.2860,20.9408,825.4173,51.3213,6410.3110,39.4167,,156.9872,10.2862,25.7155,51.8914,259.4572,778.3716,2594.5723,12.9729,0.0,30.268539,100.895134,6.104762,29,62,9,2,0E-8,0.12876401,,0E-8,0.000000,0.801122,0.000000,,2026-05-03,2026-06-05,12,193,107,34,0.352941,,,0.000000,,,,,,,,GLOBAL_BASELINE_NO_ENTITY_RANKING,,,NOT_APPLICABLE_GLOBAL_BASELINE,HF9g-P5,,,,X 全窗基线 · 不参与实体赏罚,15057089,1506,A168_HF9F_20260827_0900,2026-08-27 09:00:00
2026-05-03,129715983,987,0,428.1044055836,414.4829017695,414.4829017695,1.0000000,5,5,0.50128862000000000,0.501288620000,2.2303125007307085,2.2303125007307085,2.2303125007307085,0E-17,ELIGIBLE,R03b_20260811_FULL_v1,L1_ELIGIBILITY,v2026-08-11,2026-03-21..2026-08-06,baccarat_bet02_101_all_pairs_incl_sentinel,round_win = game_pnl > 0 (decisive only),COMPATIBILITY_ONLY_NOT_PRODUCTION,76923.7325,61625.2641,9905.0081,490,473,-0.12876401,,-0.12876401,-0.12876401,-9905.0081,76923.7325,OK,0.0000,396.2003,4.0000,96.0000,AG03-UNRESOLVED,ALL5_LEVELS_bet23_to_bet27,396.2003,396.2003,396.2003,495.2504,495.2504,4.000000,4.000000,4.000000,5.000000,5.000000,96.000000,96.000000,96.000000,95.000000,95.000000,5.0,2179.1018,1996.1143,7725.9063,7908.8938,PENDING_AG03,FALSE,NOT_FOR_ENFORCEMENT,9508.8077,59160.2535,9905.0081,9508.8077,396.2003,0.12876401,0.12361345,396.2003,9508.8077,0.12361345,396.2003,396.2003,396.2003,495.2504,495.2504,9508.8077,0.12361345,2179.1018,1996.1143,7725.9063,7908.8938,0.10043593,0.10281474,0.00515056,156.9872,130.2860,20.9408,825.4173,51.3213,6410.3110,39.4167,,156.9872,10.2862,25.7155,51.8914,259.4572,778.3716,2594.5723,12.9729,0.0,30.268539,100.895134,6.104762,29,62,9,2,0E-8,0.12876401,,0E-8,0.000000,0.801122,0.000000,,2026-05-03,2026-06-05,12,193,107,34,0.352941,,,0.000000,,,,,,,,GLOBAL_BASELINE_NO_ENTITY_RANKING,,,NOT_APPLICABLE_GLOBAL_BASELINE,HF9g-P5,,,,X 全窗基线 · 不参与实体赏罚,15057090,1506,A168_HF9F_20260827_0900,2026-08-27 09:00:00
2026-05-07,129715983,-1,1,2050.2309169218,-1790.7737014166,-1790.7737014166,0.2500000,4,4,0.49659680000000000,0.496596800000,-0.9864100490137353,-0.9864100490137354,-0.9864100490137353,0E-17,SENTINEL_DEALER,R03b_20260811_FULL_v1,L1_ELIGIBILITY,v2026-08-11,2026-03-21..2026-08-06,baccarat_bet02_101_all_pairs_incl_sentinel,round_win = game_pnl > 0 (decisive only),COMPATIBILITY_ONLY_NOT_PRODUCTION,76923.7325,61625.2641,9905.0081,490,473,-0.12876401,,-0.12876401,-0.12876401,-9905.0081,76923.7325,OK,0.0000,396.2003,4.0000,96.0000,AG03-UNRESOLVED,ALL5_LEVELS_bet23_to_bet27,396.2003,396.2003,396.2003,495.2504,495.2504,4.000000,4.000000,4.000000,5.000000,5.000000,96.000000,96.000000,96.000000,95.000000,95.000000,5.0,2179.1018,1996.1143,7725.9063,7908.8938,PENDING_AG03,FALSE,NOT_FOR_ENFORCEMENT,9508.8077,59160.2535,9905.0081,9508.8077,396.2003,0.12876401,0.12361345,396.2003,9508.8077,0.12361345,396.2003,396.2003,396.2003,495.2504,495.2504,9508.8077,0.12361345,2179.1018,1996.1143,7725.9063,7908.8938,0.10043593,0.10281474,0.00515056,156.9872,130.2860,20.9408,825.4173,51.3213,6410.3110,39.4167,,156.9872,10.2862,25.7155,51.8914,259.4572,778.3716,2594.5723,12.9729,0.0,30.268539,100.895134,6.104762,29,62,9,2,0E-8,0.12876401,,0E-8,0.000000,0.801122,0.000000,,2026-05-03,2026-06-05,12,193,107,34,0.352941,,,0.000000,,,,,,,,GLOBAL_BASELINE_NO_ENTITY_RANKING,,,NOT_APPLICABLE_GLOBAL_BASELINE,HF9g-P5,,,,X 全窗基线 · 不参与实体赏罚,15057091,1506,A168_HF9F_20260827_0900,2026-08-27 09:00:00
2026-05-07,129715983,1405,0,129.7286077526,129.7286077526,129.7286077526,1.0000000,1,1,0.49324550000000000,0.493245500000,1.01360149184955,1.01360149184955,1.01360149184955,0E-17,ELIGIBLE,R03b_20260811_FULL_v1,L1_ELIGIBILITY,v2026-08-11,2026-03-21..2026-08-06,baccarat_bet02_101_all_pairs_incl_sentinel,round_win = game_pnl > 0 (decisive only),COMPATIBILITY_ONLY_NOT_PRODUCTION,76923.7325,61625.2641,9905.0081,490,473,-0.12876401,,-0.12876401,-0.12876401,-9905.0081,76923.7325,OK,0.0000,396.2003,4.0000,96.0000,AG03-UNRESOLVED,ALL5_LEVELS_bet23_to_bet27,396.2003,396.2003,396.2003,495.2504,495.2504,4.000000,4.000000,4.000000,5.000000,5.000000,96.000000,96.000000,96.000000,95.000000,95.000000,5.0,2179.1018,1996.1143,7725.9063,7908.8938,PENDING_AG03,FALSE,NOT_FOR_ENFORCEMENT,9508.8077,59160.2535,9905.0081,9508.8077,396.2003,0.12876401,0.12361345,396.2003,9508.8077,0.12361345,396.2003,396.2003,396.2003,495.2504,495.2504,9508.8077,0.12361345,2179.1018,1996.1143,7725.9063,7908.8938,0.10043593,0.10281474,0.00515056,156.9872,130.2860,20.9408,825.4173,51.3213,6410.3110,39.4167,,156.9872,10.2862,25.7155,51.8914,259.4572,778.3716,2594.5723,12.9729,0.0,30.268539,100.895134,6.104762,29,62,9,2,0E-8,0.12876401,,0E-8,0.000000,0.801122,0.000000,,2026-05-03,2026-06-05,12,193,107,34,0.352941,,,0.000000,,,,,,,,GLOBAL_BASELINE_NO_ENTITY_RANKING,,,NOT_APPLICABLE_GLOBAL_BASELINE,HF9g-P5,,,,X 全窗基线 · 不参与实体赏罚,15057092,1506,A168_HF9F_20260827_0900,2026-08-27 09:00:00
2026-05-07,129715983,1957,0,518.9144310103,-518.9144310103,-518.9144310103,0E-7,1,1,0.50665070000000000,0.506650700000,-1.013391052207602,-1.013391052207602,-1.013391052207602,0E-17,ELIGIBLE,R03b_20260811_FULL_v1,L1_ELIGIBILITY,v2026-08-11,2026-03-21..2026-08-06,baccarat_bet02_101_all_pairs_incl_sentinel,round_win = game_pnl > 0 (decisive only),COMPATIBILITY_ONLY_NOT_PRODUCTION,76923.7325,61625.2641,9905.0081,490,473,-0.12876401,,-0.12876401,-0.12876401,-9905.0081,76923.7325,OK,0.0000,396.2003,4.0000,96.0000,AG03-UNRESOLVED,ALL5_LEVELS_bet23_to_bet27,396.2003,396.2003,396.2003,495.2504,495.2504,4.000000,4.000000,4.000000,5.000000,5.000000,96.000000,96.000000,96.000000,95.000000,95.000000,5.0,2179.1018,1996.1143,7725.9063,7908.8938,PENDING_AG03,FALSE,NOT_FOR_ENFORCEMENT,9508.8077,59160.2535,9905.0081,9508.8077,396.2003,0.12876401,0.12361345,396.2003,9508.8077,0.12361345,396.2003,396.2003,396.2003,495.2504,495.2504,9508.8077,0.12361345,2179.1018,1996.1143,7725.9063,7908.8938,0.10043593,0.10281474,0.00515056,156.9872,130.2860,20.9408,825.4173,51.3213,6410.3110,39.4167,,156.9872,10.2862,25.7155,51.8914,259.4572,778.3716,2594.5723,12.9729,0.0,30.268539,100.895134,6.104762,29,62,9,2,0E-8,0.12876401,,0E-8,0.000000,0.801122,0.000000,,2026-05-03,2026-06-05,12,193,107,34,0.352941,,,0.000000,,,,,,,,GLOBAL_BASELINE_NO_ENTITY_RANKING,,,NOT_APPLICABLE_GLOBAL_BASELINE,HF9g-P5,,,,X 全窗基线 · 不参与实体赏罚,15057093,1506,A168_HF9F_20260827_0900,2026-08-27 09:00:00
2026-05-07,129715983,2241,0,280.4732499611,-280.4732499611,-280.4732499611,0E-7,2,2,0.49994810000000000,0.499948100000,-1.4140667746232096,-1.4140667746232096,-1.4140667746232096,0E-17,ELIGIBLE,R03b_20260811_FULL_v1,L1_ELIGIBILITY,v2026-08-11,2026-03-21..2026-08-06,baccarat_bet02_101_all_pairs_incl_sentinel,round_win = game_pnl > 0 (decisive only),COMPATIBILITY_ONLY_NOT_PRODUCTION,76923.7325,61625.2641,9905.0081,490,473,-0.12876401,,-0.12876401,-0.12876401,-9905.0081,76923.7325,OK,0.0000,396.2003,4.0000,96.0000,AG03-UNRESOLVED,ALL5_LEVELS_bet23_to_bet27,396.2003,396.2003,396.2003,495.2504,495.2504,4.000000,4.000000,4.000000,5.000000,5.000000,96.000000,96.000000,96.000000,95.000000,95.000000,5.0,2179.1018,1996.1143,7725.9063,7908.8938,PENDING_AG03,FALSE,NOT_FOR_ENFORCEMENT,9508.8077,59160.2535,9905.0081,9508.8077,396.2003,0.12876401,0.12361345,396.2003,9508.8077,0.12361345,396.2003,396.2003,396.2003,495.2504,495.2504,9508.8077,0.12361345,2179.1018,1996.1143,7725.9063,7908.8938,0.10043593,0.10281474,0.00515056,156.9872,130.2860,20.9408,825.4173,51.3213,6410.3110,39.4167,,156.9872,10.2862,25.7155,51.8914,259.4572,778.3716,2594.5723,12.9729,0.0,30.268539,100.895134,6.104762,29,62,9,2,0E-8,0.12876401,,0E-8,0.000000,0.801122,0.000000,,2026-05-03,2026-06-05,12,193,107,34,0.352941,,,0.000000,,,,,,,,GLOBAL_BASELINE_NO_ENTITY_RANKING,,,NOT_APPLICABLE_GLOBAL_BASELINE,HF9g-P5,,,,X 全窗基线 · 不参与实体赏罚,15057094,1506,A168_HF9F_20260827_0900,2026-08-27 09:00:00
2026-05-07,129715983,2256,0,2603.1342431633,-73.4263919880,-73.4263919880,0.3333333,4,3,0.50535903823403951,0.504416500000,-0.5959487536259851,-0.5926725951415955,-0.5959487536259851,0.00094253823403951,ELIGIBLE,R03b_20260811_FULL_v1,L1_ELIGIBILITY,v2026-08-11,2026-03-21..2026-08-06,baccarat_bet02_101_all_pairs_incl_sentinel,round_win = game_pnl > 0 (decisive only),COMPATIBILITY_ONLY_NOT_PRODUCTION,76923.7325,61625.2641,9905.0081,490,473,-0.12876401,,-0.12876401,-0.12876401,-9905.0081,76923.7325,OK,0.0000,396.2003,4.0000,96.0000,AG03-UNRESOLVED,ALL5_LEVELS_bet23_to_bet27,396.2003,396.2003,396.2003,495.2504,495.2504,4.000000,4.000000,4.000000,5.000000,5.000000,96.000000,96.000000,96.000000,95.000000,95.000000,5.0,2179.1018,1996.1143,7725.9063,7908.8938,PENDING_AG03,FALSE,NOT_FOR_ENFORCEMENT,9508.8077,59160.2535,9905.0081,9508.8077,396.2003,0.12876401,0.12361345,396.2003,9508.8077,0.12361345,396.2003,396.2003,396.2003,495.2504,495.2504,9508.8077,0.12361345,2179.1018,1996.1143,7725.9063,7908.8938,0.10043593,0.10281474,0.00515056,156.9872,130.2860,20.9408,825.4173,51.3213,6410.3110,39.4167,,156.9872,10.2862,25.7155,51.8914,259.4572,778.3716,2594.5723,12.9729,0.0,30.268539,100.895134,6.104762,29,62,9,2,0E-8,0.12876401,,0E-8,0.000000,0.801122,0.000000,,2026-05-03,2026-06-05,12,193,107,34,0.352941,,,0.000000,,,,,,,,GLOBAL_BASELINE_NO_ENTITY_RANKING,,,NOT_APPLICABLE_GLOBAL_BASELINE,HF9g-P5,,,,X 全窗基线 · 不参与实体赏罚,15057095,1506,A168_HF9F_20260827_0900,2026-08-27 09:00:00
2026-05-15,129715983,-1,1,15999.1697369103,-2091.0954283638,-2091.0954283638,0.1666667,9,8,0.50428461284101598,0.504137225000,-1.6540441229591116,-1.6533179416917099,-1.6540441229591116,0.00014738784101598,SENTINEL_DEALER,R03b_20260811_FULL_v1,L1_ELIGIBILITY,v2026-08-11,2026-03-21..2026-08-06,baccarat_bet02_101_all_pairs_incl_sentinel,round_win = game_pnl > 0 (decisive only),COMPATIBILITY_ONLY_NOT_PRODUCTION,76923.7325,61625.2641,9905.0081,490,473,-0.12876401,,-0.12876401,-0.12876401,-9905.0081,76923.7325,OK,0.0000,396.2003,4.0000,96.0000,AG03-UNRESOLVED,ALL5_LEVELS_bet23_to_bet27,396.2003,396.2003,396.2003,495.2504,495.2504,4.000000,4.000000,4.000000,5.000000,5.000000,96.000000,96.000000,96.000000,95.000000,95.000000,5.0,2179.1018,1996.1143,7725.9063,7908.8938,PENDING_AG03,FALSE,NOT_FOR_ENFORCEMENT,9508.8077,59160.2535,9905.0081,9508.8077,396.2003,0.12876401,0.12361345,396.2003,9508.8077,0.12361345,396.2003,396.2003,396.2003,495.2504,495.2504,9508.8077,0.12361345,2179.1018,1996.1143,7725.9063,7908.8938,0.10043593,0.10281474,0.00515056,156.9872,130.2860,20.9408,825.4173,51.3213,6410.3110,39.4167,,156.9872,10.2862,25.7155,51.8914,259.4572,778.3716,2594.5723,12.9729,0.0,30.268539,100.895134,6.104762,29,62,9,2,0E-8,0.12876401,,0E-8,0.000000,0.801122,0.000000,,2026-05-03,2026-06-05,12,193,107,34,0.352941,,,0.000000,,,,,,,,GLOBAL_BASELINE_NO_ENTITY_RANKING,,,NOT_APPLICABLE_GLOBAL_BASELINE,HF9g-P5,,,,X 全窗基线 · 不参与实体赏罚,15057096,1506,A168_HF9F_20260827_0900,2026-08-27 09:00:00
2026-05-15,129715983,1942,0,494.5254527528,-494.5254527528,-494.5254527528,0E-7,1,1,0.49324550000000000,0.493245500000,-0.9865810262130424,-0.9865810262130424,-0.9865810262130424,0E-17,ELIGIBLE,R03b_20260811_FULL_v1,L1_ELIGIBILITY,v2026-08-11,2026-03-21..2026-08-06,baccarat_bet02_101_all_pairs_incl_sentinel,round_win = game_pnl > 0 (decisive only),COMPATIBILITY_ONLY_NOT_PRODUCTION,76923.7325,61625.2641,9905.0081,490,473,-0.12876401,,-0.12876401,-0.12876401,-9905.0081,76923.7325,OK,0.0000,396.2003,4.0000,96.0000,AG03-UNRESOLVED,ALL5_LEVELS_bet23_to_bet27,396.2003,396.2003,396.2003,495.2504,495.2504,4.000000,4.000000,4.000000,5.000000,5.000000,96.000000,96.000000,96.000000,95.000000,95.000000,5.0,2179.1018,1996.1143,7725.9063,7908.8938,PENDING_AG03,FALSE,NOT_FOR_ENFORCEMENT,9508.8077,59160.2535,9905.0081,9508.8077,396.2003,0.12876401,0.12361345,396.2003,9508.8077,0.12361345,396.2003,396.2003,396.2003,495.2504,495.2504,9508.8077,0.12361345,2179.1018,1996.1143,7725.9063,7908.8938,0.10043593,0.10281474,0.00515056,156.9872,130.2860,20.9408,825.4173,51.3213,6410.3110,39.4167,,156.9872,10.2862,25.7155,51.8914,259.4572,778.3716,2594.5723,12.9729,0.0,30.268539,100.895134,6.104762,29,62,9,2,0E-8,0.12876401,,0E-8,0.000000,0.801122,0.000000,,2026-05-03,2026-06-05,12,193,107,34,0.352941,,,0.000000,,,,,,,,GLOBAL_BASELINE_NO_ENTITY_RANKING,,,NOT_APPLICABLE_GLOBAL_BASELINE,HF9g-P5,,,,X 全窗基线 · 不参与实体赏罚,15057097,1506,A168_HF9F_20260827_0900,2026-08-27 09:00:00
2026-05-15,129715983,2093,0,2594.5721550516,-2594.5721550516,-2594.5721550516,0E-7,1,1,0.50665070000000000,0.506650700000,-1.013391052207602,-1.013391052207602,-1.013391052207602,0E-17,ELIGIBLE,R03b_20260811_FULL_v1,L1_ELIGIBILITY,v2026-08-11,2026-03-21..2026-08-06,baccarat_bet02_101_all_pairs_incl_sentinel,round_win = game_pnl > 0 (decisive only),COMPATIBILITY_ONLY_NOT_PRODUCTION,76923.7325,61625.2641,9905.0081,490,473,-0.12876401,,-0.12876401,-0.12876401,-9905.0081,76923.7325,OK,0.0000,396.2003,4.0000,96.0000,AG03-UNRESOLVED,ALL5_LEVELS_bet23_to_bet27,396.2003,396.2003,396.2003,495.2504,495.2504,4.000000,4.000000,4.000000,5.000000,5.000000,96.000000,96.000000,96.000000,95.000000,95.000000,5.0,2179.1018,1996.1143,7725.9063,7908.8938,PENDING_AG03,FALSE,NOT_FOR_ENFORCEMENT,9508.8077,59160.2535,9905.0081,9508.8077,396.2003,0.12876401,0.12361345,396.2003,9508.8077,0.12361345,396.2003,396.2003,396.2003,495.2504,495.2504,9508.8077,0.12361345,2179.1018,1996.1143,7725.9063,7908.8938,0.10043593,0.10281474,0.00515056,156.9872,130.2860,20.9408,825.4173,51.3213,6410.3110,39.4167,,156.9872,10.2862,25.7155,51.8914,259.4572,778.3716,2594.5723,12.9729,0.0,30.268539,100.895134,6.104762,29,62,9,2,0E-8,0.12876401,,0E-8,0.000000,0.801122,0.000000,,2026-05-03,2026-06-05,12,193,107,34,0.352941,,,0.000000,,,,,,,,GLOBAL_BASELINE_NO_ENTITY_RANKING,,,NOT_APPLICABLE_GLOBAL_BASELINE,HF9g-P5,,,,X 全窗基线 · 不参与实体赏罚,15057098,1506,A168_HF9F_20260827_0900,2026-08-27 09:00:00
2026-05-15,129715983,2212,0,518.9144310103,-518.9144310103,-518.9144310103,0E-7,1,1,0.50665070000000000,0.506650700000,-1.013391052207602,-1.013391052207602,-1.013391052207602,0E-17,ELIGIBLE,R03b_20260811_FULL_v1,L1_ELIGIBILITY,v2026-08-11,2026-03-21..2026-08-06,baccarat_bet02_101_all_pairs_incl_sentinel,round_win = game_pnl > 0 (decisive only),COMPATIBILITY_ONLY_NOT_PRODUCTION,76923.7325,61625.2641,9905.0081,490,473,-0.12876401,,-0.12876401,-0.12876401,-9905.0081,76923.7325,OK,0.0000,396.2003,4.0000,96.0000,AG03-UNRESOLVED,ALL5_LEVELS_bet23_to_bet27,396.2003,396.2003,396.2003,495.2504,495.2504,4.000000,4.000000,4.000000,5.000000,5.000000,96.000000,96.000000,96.000000,95.000000,95.000000,5.0,2179.1018,1996.1143,7725.9063,7908.8938,PENDING_AG03,FALSE,NOT_FOR_ENFORCEMENT,9508.8077,59160.2535,9905.0081,9508.8077,396.2003,0.12876401,0.12361345,396.2003,9508.8077,0.12361345,396.2003,396.2003,396.2003,495.2504,495.2504,9508.8077,0.12361345,2179.1018,1996.1143,7725.9063,7908.8938,0.10043593,0.10281474,0.00515056,156.9872,130.2860,20.9408,825.4173,51.3213,6410.3110,39.4167,,156.9872,10.2862,25.7155,51.8914,259.4572,778.3716,2594.5723,12.9729,0.0,30.268539,100.895134,6.104762,29,62,9,2,0E-8,0.12876401,,0E-8,0.000000,0.801122,0.000000,,2026-05-03,2026-06-05,12,193,107,34,0.352941,,,0.000000,,,,,,,,GLOBAL_BASELINE_NO_ENTITY_RANKING,,,NOT_APPLICABLE_GLOBAL_BASELINE,HF9g-P5,,,,X 全窗基线 · 不参与实体赏罚,15057099,1506,A168_HF9F_20260827_0900,2026-08-27 09:00:00
2026-05-16,129715983,986,0,2.5945721551,-2.5945721551,-2.5945721551,0E-7,1,1,0.50665070000000000,0.506650700000,-1.013391052207602,-1.013391052207602,-1.013391052207602,0E-17,ELIGIBLE,R03b_20260811_FULL_v1,L1_ELIGIBILITY,v2026-08-11,2026-03-21..2026-08-06,baccarat_bet02_101_all_pairs_incl_sentinel,round_win = game_pnl > 0 (decisive only),COMPATIBILITY_ONLY_NOT_PRODUCTION,76923.7325,61625.2641,9905.0081,490,473,-0.12876401,,-0.12876401,-0.12876401,-9905.0081,76923.7325,OK,0.0000,396.2003,4.0000,96.0000,AG03-UNRESOLVED,ALL5_LEVELS_bet23_to_bet27,396.2003,396.2003,396.2003,495.2504,495.2504,4.000000,4.000000,4.000000,5.000000,5.000000,96.000000,96.000000,96.000000,95.000000,95.000000,5.0,2179.1018,1996.1143,7725.9063,7908.8938,PENDING_AG03,FALSE,NOT_FOR_ENFORCEMENT,9508.8077,59160.2535,9905.0081,9508.8077,396.2003,0.12876401,0.12361345,396.2003,9508.8077,0.12361345,396.2003,396.2003,396.2003,495.2504,495.2504,9508.8077,0.12361345,2179.1018,1996.1143,7725.9063,7908.8938,0.10043593,0.10281474,0.00515056,156.9872,130.2860,20.9408,825.4173,51.3213,6410.3110,39.4167,,156.9872,10.2862,25.7155,51.8914,259.4572,778.3716,2594.5723,12.9729,0.0,30.268539,100.895134,6.104762,29,62,9,2,0E-8,0.12876401,,0E-8,0.000000,0.801122,0.000000,,2026-05-03,2026-06-05,12,193,107,34,0.352941,,,0.000000,,,,,,,,GLOBAL_BASELINE_NO_ENTITY_RANKING,,,NOT_APPLICABLE_GLOBAL_BASELINE,HF9g-P5,,,,X 全窗基线 · 不参与实体赏罚,15057100,1506,A168_HF9F_20260827_0900,2026-08-27 09:00:00
2026-05-19,129715983,-1,1,3.8918582326,-3.8918582326,-3.8918582326,0E-7,1,1,0.50665070000000000,0.506650700000,-1.013391052207602,-1.013391052207602,-1.013391052207602,0E-17,SENTINEL_DEALER,R03b_20260811_FULL_v1,L1_ELIGIBILITY,v2026-08-11,2026-03-21..2026-08-06,baccarat_bet02_101_all_pairs_incl_sentinel,round_win = game_pnl > 0 (decisive only),COMPATIBILITY_ONLY_NOT_PRODUCTION,76923.7325,61625.2641,9905.0081,490,473,-0.12876401,,-0.12876401,-0.12876401,-9905.0081,76923.7325,OK,0.0000,396.2003,4.0000,96.0000,AG03-UNRESOLVED,ALL5_LEVELS_bet23_to_bet27,396.2003,396.2003,396.2003,495.2504,495.2504,4.000000,4.000000,4.000000,5.000000,5.000000,96.000000,96.000000,96.000000,95.000000,95.000000,5.0,2179.1018,1996.1143,7725.9063,7908.8938,PENDING_AG03,FALSE,NOT_FOR_ENFORCEMENT,9508.8077,59160.2535,9905.0081,9508.8077,396.2003,0.12876401,0.12361345,396.2003,9508.8077,0.12361345,396.2003,396.2003,396.2003,495.2504,495.2504,9508.8077,0.12361345,2179.1018,1996.1143,7725.9063,7908.8938,0.10043593,0.10281474,0.00515056,156.9872,130.2860,20.9408,825.4173,51.3213,6410.3110,39.4167,,156.9872,10.2862,25.7155,51.8914,259.4572,778.3716,2594.5723,12.9729,0.0,30.268539,100.895134,6.104762,29,62,9,2,0E-8,0.12876401,,0E-8,0.000000,0.801122,0.000000,,2026-05-03,2026-06-05,12,193,107,34,0.352941,,,0.000000,,,,,,,,GLOBAL_BASELINE_NO_ENTITY_RANKING,,,NOT_APPLICABLE_GLOBAL_BASELINE,HF9g-P5,,,,X 全窗基线 · 不参与实体赏罚,15057101,1506,A168_HF9F_20260827_0900,2026-08-27 09:00:00
2026-05-20,129715983,-1,1,1037.8288620206,631.7783197551,631.7783197551,0.5000000,7,6,0.50329940000000000,0.503299400000,-0.016164044843397878,-0.016164044843397878,-0.016164044843397878,0E-17,SENTINEL_DEALER,R03b_20260811_FULL_v1,L1_ELIGIBILITY,v2026-08-11,2026-03-21..2026-08-06,baccarat_bet02_101_all_pairs_incl_sentinel,round_win = game_pnl > 0 (decisive only),COMPATIBILITY_ONLY_NOT_PRODUCTION,76923.7325,61625.2641,9905.0081,490,473,-0.12876401,,-0.12876401,-0.12876401,-9905.0081,76923.7325,OK,0.0000,396.2003,4.0000,96.0000,AG03-UNRESOLVED,ALL5_LEVELS_bet23_to_bet27,396.2003,396.2003,396.2003,495.2504,495.2504,4.000000,4.000000,4.000000,5.000000,5.000000,96.000000,96.000000,96.000000,95.000000,95.000000,5.0,2179.1018,1996.1143,7725.9063,7908.8938,PENDING_AG03,FALSE,NOT_FOR_ENFORCEMENT,9508.8077,59160.2535,9905.0081,9508.8077,396.2003,0.12876401,0.12361345,396.2003,9508.8077,0.12361345,396.2003,396.2003,396.2003,495.2504,495.2504,9508.8077,0.12361345,2179.1018,1996.1143,7725.9063,7908.8938,0.10043593,0.10281474,0.00515056,156.9872,130.2860,20.9408,825.4173,51.3213,6410.3110,39.4167,,156.9872,10.2862,25.7155,51.8914,259.4572,778.3716,2594.5723,12.9729,0.0,30.268539,100.895134,6.104762,29,62,9,2,0E-8,0.12876401,,0E-8,0.000000,0.801122,0.000000,,2026-05-03,2026-06-05,12,193,107,34,0.352941,,,0.000000,,,,,,,,GLOBAL_BASELINE_NO_ENTITY_RANKING,,,NOT_APPLICABLE_GLOBAL_BASELINE,HF9g-P5,,,,X 全窗基线 · 不参与实体赏罚,15057102,1506,A168_HF9F_20260827_0900,2026-08-27 09:00:00
2026-05-22,129715983,-1,1,5042.8104405584,858.3363603343,858.3363603343,0.3888889,20,20,0.50396966000000000,0.503969660000,-0.9765235006333832,-0.9765235006333832,-0.9765235006333832,0E-17,SENTINEL_DEALER,R03b_20260811_FULL_v1,L1_ELIGIBILITY,v2026-08-11,2026-03-21..2026-08-06,baccarat_bet02_101_all_pairs_incl_sentinel,round_win = game_pnl > 0 (decisive only),COMPATIBILITY_ONLY_NOT_PRODUCTION,76923.7325,61625.2641,9905.0081,490,473,-0.12876401,,-0.12876401,-0.12876401,-9905.0081,76923.7325,OK,0.0000,396.2003,4.0000,96.0000,AG03-UNRESOLVED,ALL5_LEVELS_bet23_to_bet27,396.2003,396.2003,396.2003,495.2504,495.2504,4.000000,4.000000,4.000000,5.000000,5.000000,96.000000,96.000000,96.000000,95.000000,95.000000,5.0,2179.1018,1996.1143,7725.9063,7908.8938,PENDING_AG03,FALSE,NOT_FOR_ENFORCEMENT,9508.8077,59160.2535,9905.0081,9508.8077,396.2003,0.12876401,0.12361345,396.2003,9508.8077,0.12361345,396.2003,396.2003,396.2003,495.2504,495.2504,9508.8077,0.12361345,2179.1018,1996.1143,7725.9063,7908.8938,0.10043593,0.10281474,0.00515056,156.9872,130.2860,20.9408,825.4173,51.3213,6410.3110,39.4167,,156.9872,10.2862,25.7155,51.8914,259.4572,778.3716,2594.5723,12.9729,0.0,30.268539,100.895134,6.104762,29,62,9,2,0E-8,0.12876401,,0E-8,0.000000,0.801122,0.000000,,2026-05-03,2026-06-05,12,193,107,34,0.352941,,,0.000000,,,,,,,,GLOBAL_BASELINE_NO_ENTITY_RANKING,,,NOT_APPLICABLE_GLOBAL_BASELINE,HF9g-P5,,,,X 全窗基线 · 不参与实体赏罚,15057103,1506,A168_HF9F_20260827_0900,2026-08-27 09:00:00
2026-05-22,129715983,1384,0,259.4572155052,259.4572155052,259.4572155052,1.0000000,1,1,0.49324550000000000,0.493245500000,1.01360149184955,1.01360149184955,1.01360149184955,0E-17,ELIGIBLE,R03b_20260811_FULL_v1,L1_ELIGIBILITY,v2026-08-11,2026-03-21..2026-08-06,baccarat_bet02_101_all_pairs_incl_sentinel,round_win = game_pnl > 0 (decisive only),COMPATIBILITY_ONLY_NOT_PRODUCTION,76923.7325,61625.2641,9905.0081,490,473,-0.12876401,,-0.12876401,-0.12876401,-9905.0081,76923.7325,OK,0.0000,396.2003,4.0000,96.0000,AG03-UNRESOLVED,ALL5_LEVELS_bet23_to_bet27,396.2003,396.2003,396.2003,495.2504,495.2504,4.000000,4.000000,4.000000,5.000000,5.000000,96.000000,96.000000,96.000000,95.000000,95.000000,5.0,2179.1018,1996.1143,7725.9063,7908.8938,PENDING_AG03,FALSE,NOT_FOR_ENFORCEMENT,9508.8077,59160.2535,9905.0081,9508.8077,396.2003,0.12876401,0.12361345,396.2003,9508.8077,0.12361345,396.2003,396.2003,396.2003,495.2504,495.2504,9508.8077,0.12361345,2179.1018,1996.1143,7725.9063,7908.8938,0.10043593,0.10281474,0.00515056,156.9872,130.2860,20.9408,825.4173,51.3213,6410.3110,39.4167,,156.9872,10.2862,25.7155,51.8914,259.4572,778.3716,2594.5723,12.9729,0.0,30.268539,100.895134,6.104762,29,62,9,2,0E-8,0.12876401,,0E-8,0.000000,0.801122,0.000000,,2026-05-03,2026-06-05,12,193,107,34,0.352941,,,0.000000,,,,,,,,GLOBAL_BASELINE_NO_ENTITY_RANKING,,,NOT_APPLICABLE_GLOBAL_BASELINE,HF9g-P5,,,,X 全窗基线 · 不参与实体赏罚,15057104,1506,A168_HF9F_20260827_0900,2026-08-27 09:00:00
2026-05-22,129715983,2169,0,778.3716465155,778.3716465155,778.3716465155,1.0000000,1,1,0.49324550000000000,0.493245500000,1.01360149184955,1.01360149184955,1.01360149184955,0E-17,ELIGIBLE,R03b_20260811_FULL_v1,L1_ELIGIBILITY,v2026-08-11,2026-03-21..2026-08-06,baccarat_bet02_101_all_pairs_incl_sentinel,round_win = game_pnl > 0 (decisive only),COMPATIBILITY_ONLY_NOT_PRODUCTION,76923.7325,61625.2641,9905.0081,490,473,-0.12876401,,-0.12876401,-0.12876401,-9905.0081,76923.7325,OK,0.0000,396.2003,4.0000,96.0000,AG03-UNRESOLVED,ALL5_LEVELS_bet23_to_bet27,396.2003,396.2003,396.2003,495.2504,495.2504,4.000000,4.000000,4.000000,5.000000,5.000000,96.000000,96.000000,96.000000,95.000000,95.000000,5.0,2179.1018,1996.1143,7725.9063,7908.8938,PENDING_AG03,FALSE,NOT_FOR_ENFORCEMENT,9508.8077,59160.2535,9905.0081,9508.8077,396.2003,0.12876401,0.12361345,396.2003,9508.8077,0.12361345,396.2003,396.2003,396.2003,495.2504,495.2504,9508.8077,0.12361345,2179.1018,1996.1143,7725.9063,7908.8938,0.10043593,0.10281474,0.00515056,156.9872,130.2860,20.9408,825.4173,51.3213,6410.3110,39.4167,,156.9872,10.2862,25.7155,51.8914,259.4572,778.3716,2594.5723,12.9729,0.0,30.268539,100.895134,6.104762,29,62,9,2,0E-8,0.12876401,,0E-8,0.000000,0.801122,0.000000,,2026-05-03,2026-06-05,12,193,107,34,0.352941,,,0.000000,,,,,,,,GLOBAL_BASELINE_NO_ENTITY_RANKING,,,NOT_APPLICABLE_GLOBAL_BASELINE,HF9g-P5,,,,X 全窗基线 · 不参与实体赏罚,15057105,1506,A168_HF9F_20260827_0900,2026-08-27 09:00:00
2026-05-22,129715983,2250,0,1297.2860775258,1232.4217736495,1232.4217736495,1.0000000,1,1,0.50665070000000000,0.506650700000,0.9867858985152569,0.9867858985152569,0.9867858985152569,0E-17,ELIGIBLE,R03b_20260811_FULL_v1,L1_ELIGIBILITY,v2026-08-11,2026-03-21..2026-08-06,baccarat_bet02_101_all_pairs_incl_sentinel,round_win = game_pnl > 0 (decisive only),COMPATIBILITY_ONLY_NOT_PRODUCTION,76923.7325,61625.2641,9905.0081,490,473,-0.12876401,,-0.12876401,-0.12876401,-9905.0081,76923.7325,OK,0.0000,396.2003,4.0000,96.0000,AG03-UNRESOLVED,ALL5_LEVELS_bet23_to_bet27,396.2003,396.2003,396.2003,495.2504,495.2504,4.000000,4.000000,4.000000,5.000000,5.000000,96.000000,96.000000,96.000000,95.000000,95.000000,5.0,2179.1018,1996.1143,7725.9063,7908.8938,PENDING_AG03,FALSE,NOT_FOR_ENFORCEMENT,9508.8077,59160.2535,9905.0081,9508.8077,396.2003,0.12876401,0.12361345,396.2003,9508.8077,0.12361345,396.2003,396.2003,396.2003,495.2504,495.2504,9508.8077,0.12361345,2179.1018,1996.1143,7725.9063,7908.8938,0.10043593,0.10281474,0.00515056,156.9872,130.2860,20.9408,825.4173,51.3213,6410.3110,39.4167,,156.9872,10.2862,25.7155,51.8914,259.4572,778.3716,2594.5723,12.9729,0.0,30.268539,100.895134,6.104762,29,62,9,2,0E-8,0.12876401,,0E-8,0.000000,0.801122,0.000000,,2026-05-03,2026-06-05,12,193,107,34,0.352941,,,0.000000,,,,,,,,GLOBAL_BASELINE_NO_ENTITY_RANKING,,,NOT_APPLICABLE_GLOBAL_BASELINE,HF9g-P5,,,,X 全窗基线 · 不参与实体赏罚,15057106,1506,A168_HF9F_20260827_0900,2026-08-27 09:00:00
2026-05-25,129715983,-1,1,3308.0794976909,-505.9415702351,-505.9415702351,0.2000000,7,6,0.49808626666666672,0.498831000000,-1.333092075454257,-1.3364165121628413,-1.333092075454257,-0.00074473333333328,SENTINEL_DEALER,R03b_20260811_FULL_v1,L1_ELIGIBILITY,v2026-08-11,2026-03-21..2026-08-06,baccarat_bet02_101_all_pairs_incl_sentinel,round_win = game_pnl > 0 (decisive only),COMPATIBILITY_ONLY_NOT_PRODUCTION,76923.7325,61625.2641,9905.0081,490,473,-0.12876401,,-0.12876401,-0.12876401,-9905.0081,76923.7325,OK,0.0000,396.2003,4.0000,96.0000,AG03-UNRESOLVED,ALL5_LEVELS_bet23_to_bet27,396.2003,396.2003,396.2003,495.2504,495.2504,4.000000,4.000000,4.000000,5.000000,5.000000,96.000000,96.000000,96.000000,95.000000,95.000000,5.0,2179.1018,1996.1143,7725.9063,7908.8938,PENDING_AG03,FALSE,NOT_FOR_ENFORCEMENT,9508.8077,59160.2535,9905.0081,9508.8077,396.2003,0.12876401,0.12361345,396.2003,9508.8077,0.12361345,396.2003,396.2003,396.2003,495.2504,495.2504,9508.8077,0.12361345,2179.1018,1996.1143,7725.9063,7908.8938,0.10043593,0.10281474,0.00515056,156.9872,130.2860,20.9408,825.4173,51.3213,6410.3110,39.4167,,156.9872,10.2862,25.7155,51.8914,259.4572,778.3716,2594.5723,12.9729,0.0,30.268539,100.895134,6.104762,29,62,9,2,0E-8,0.12876401,,0E-8,0.000000,0.801122,0.000000,,2026-05-03,2026-06-05,12,193,107,34,0.352941,,,0.000000,,,,,,,,GLOBAL_BASELINE_NO_ENTITY_RANKING,,,NOT_APPLICABLE_GLOBAL_BASELINE,HF9g-P5,,,,X 全窗基线 · 不参与实体赏罚,15057107,1506,A168_HF9F_20260827_0900,2026-08-27 09:00:00
2026-05-25,129715983,1382,0,505.9415702351,-505.9415702351,-505.9415702351,0E-7,1,1,0.49324550000000000,0.493245500000,-0.9865810262130424,-0.9865810262130424,-0.9865810262130424,0E-17,ELIGIBLE,R03b_20260811_FULL_v1,L1_ELIGIBILITY,v2026-08-11,2026-03-21..2026-08-06,baccarat_bet02_101_all_pairs_incl_sentinel,round_win = game_pnl > 0 (decisive only),COMPATIBILITY_ONLY_NOT_PRODUCTION,76923.7325,61625.2641,9905.0081,490,473,-0.12876401,,-0.12876401,-0.12876401,-9905.0081,76923.7325,OK,0.0000,396.2003,4.0000,96.0000,AG03-UNRESOLVED,ALL5_LEVELS_bet23_to_bet27,396.2003,396.2003,396.2003,495.2504,495.2504,4.000000,4.000000,4.000000,5.000000,5.000000,96.000000,96.000000,96.000000,95.000000,95.000000,5.0,2179.1018,1996.1143,7725.9063,7908.8938,PENDING_AG03,FALSE,NOT_FOR_ENFORCEMENT,9508.8077,59160.2535,9905.0081,9508.8077,396.2003,0.12876401,0.12361345,396.2003,9508.8077,0.12361345,396.2003,396.2003,396.2003,495.2504,495.2504,9508.8077,0.12361345,2179.1018,1996.1143,7725.9063,7908.8938,0.10043593,0.10281474,0.00515056,156.9872,130.2860,20.9408,825.4173,51.3213,6410.3110,39.4167,,156.9872,10.2862,25.7155,51.8914,259.4572,778.3716,2594.5723,12.9729,0.0,30.268539,100.895134,6.104762,29,62,9,2,0E-8,0.12876401,,0E-8,0.000000,0.801122,0.000000,,2026-05-03,2026-06-05,12,193,107,34,0.352941,,,0.000000,,,,,,,,GLOBAL_BASELINE_NO_ENTITY_RANKING,,,NOT_APPLICABLE_GLOBAL_BASELINE,HF9g-P5,,,,X 全窗基线 · 不参与实体赏罚,15057108,1506,A168_HF9F_20260827_0900,2026-08-27 09:00:00
2026-05-25,129715983,2117,0,272.4300762805,233.5114939546,233.5114939546,0.5000000,2,2,0.50665070000000000,0.506650700000,-0.018812684590367487,-0.018812684590367487,-0.018812684590367487,0E-17,ELIGIBLE,R03b_20260811_FULL_v1,L1_ELIGIBILITY,v2026-08-11,2026-03-21..2026-08-06,baccarat_bet02_101_all_pairs_incl_sentinel,round_win = game_pnl > 0 (decisive only),COMPATIBILITY_ONLY_NOT_PRODUCTION,76923.7325,61625.2641,9905.0081,490,473,-0.12876401,,-0.12876401,-0.12876401,-9905.0081,76923.7325,OK,0.0000,396.2003,4.0000,96.0000,AG03-UNRESOLVED,ALL5_LEVELS_bet23_to_bet27,396.2003,396.2003,396.2003,495.2504,495.2504,4.000000,4.000000,4.000000,5.000000,5.000000,96.000000,96.000000,96.000000,95.000000,95.000000,5.0,2179.1018,1996.1143,7725.9063,7908.8938,PENDING_AG03,FALSE,NOT_FOR_ENFORCEMENT,9508.8077,59160.2535,9905.0081,9508.8077,396.2003,0.12876401,0.12361345,396.2003,9508.8077,0.12361345,396.2003,396.2003,396.2003,495.2504,495.2504,9508.8077,0.12361345,2179.1018,1996.1143,7725.9063,7908.8938,0.10043593,0.10281474,0.00515056,156.9872,130.2860,20.9408,825.4173,51.3213,6410.3110,39.4167,,156.9872,10.2862,25.7155,51.8914,259.4572,778.3716,2594.5723,12.9729,0.0,30.268539,100.895134,6.104762,29,62,9,2,0E-8,0.12876401,,0E-8,0.000000,0.801122,0.000000,,2026-05-03,2026-06-05,12,193,107,34,0.352941,,,0.000000,,,,,,,,GLOBAL_BASELINE_NO_ENTITY_RANKING,,,NOT_APPLICABLE_GLOBAL_BASELINE,HF9g-P5,,,,X 全窗基线 · 不参与实体赏罚,15057109,1506,A168_HF9F_20260827_0900,2026-08-27 09:00:00
2026-05-26,129715983,-1,1,791.3445072907,-612.3190285921,-612.3190285921,0.5000000,6,6,0.49994810000000000,0.499948100000,0.00025425703667063243,0.00025425703667063243,0.00025425703667063243,0E-17,SENTINEL_DEALER,R03b_20260811_FULL_v1,L1_ELIGIBILITY,v2026-08-11,2026-03-21..2026-08-06,baccarat_bet02_101_all_pairs_incl_sentinel,round_win = game_pnl > 0 (decisive only),COMPATIBILITY_ONLY_NOT_PRODUCTION,76923.7325,61625.2641,9905.0081,490,473,-0.12876401,,-0.12876401,-0.12876401,-9905.0081,76923.7325,OK,0.0000,396.2003,4.0000,96.0000,AG03-UNRESOLVED,ALL5_LEVELS_bet23_to_bet27,396.2003,396.2003,396.2003,495.2504,495.2504,4.000000,4.000000,4.000000,5.000000,5.000000,96.000000,96.000000,96.000000,95.000000,95.000000,5.0,2179.1018,1996.1143,7725.9063,7908.8938,PENDING_AG03,FALSE,NOT_FOR_ENFORCEMENT,9508.8077,59160.2535,9905.0081,9508.8077,396.2003,0.12876401,0.12361345,396.2003,9508.8077,0.12361345,396.2003,396.2003,396.2003,495.2504,495.2504,9508.8077,0.12361345,2179.1018,1996.1143,7725.9063,7908.8938,0.10043593,0.10281474,0.00515056,156.9872,130.2860,20.9408,825.4173,51.3213,6410.3110,39.4167,,156.9872,10.2862,25.7155,51.8914,259.4572,778.3716,2594.5723,12.9729,0.0,30.268539,100.895134,6.104762,29,62,9,2,0E-8,0.12876401,,0E-8,0.000000,0.801122,0.000000,,2026-05-03,2026-06-05,12,193,107,34,0.352941,,,0.000000,,,,,,,,GLOBAL_BASELINE_NO_ENTITY_RANKING,,,NOT_APPLICABLE_GLOBAL_BASELINE,HF9g-P5,,,,X 全窗基线 · 不参与实体赏罚,15057110,1506,A168_HF9F_20260827_0900,2026-08-27 09:00:00
2026-05-26,129715983,1382,0,25.9457215505,-25.9457215505,-25.9457215505,0E-7,1,1,0.49324550000000000,0.493245500000,-0.9865810262130424,-0.9865810262130424,-0.9865810262130424,0E-17,ELIGIBLE,R03b_20260811_FULL_v1,L1_ELIGIBILITY,v2026-08-11,2026-03-21..2026-08-06,baccarat_bet02_101_all_pairs_incl_sentinel,round_win = game_pnl > 0 (decisive only),COMPATIBILITY_ONLY_NOT_PRODUCTION,76923.7325,61625.2641,9905.0081,490,473,-0.12876401,,-0.12876401,-0.12876401,-9905.0081,76923.7325,OK,0.0000,396.2003,4.0000,96.0000,AG03-UNRESOLVED,ALL5_LEVELS_bet23_to_bet27,396.2003,396.2003,396.2003,495.2504,495.2504,4.000000,4.000000,4.000000,5.000000,5.000000,96.000000,96.000000,96.000000,95.000000,95.000000,5.0,2179.1018,1996.1143,7725.9063,7908.8938,PENDING_AG03,FALSE,NOT_FOR_ENFORCEMENT,9508.8077,59160.2535,9905.0081,9508.8077,396.2003,0.12876401,0.12361345,396.2003,9508.8077,0.12361345,396.2003,396.2003,396.2003,495.2504,495.2504,9508.8077,0.12361345,2179.1018,1996.1143,7725.9063,7908.8938,0.10043593,0.10281474,0.00515056,156.9872,130.2860,20.9408,825.4173,51.3213,6410.3110,39.4167,,156.9872,10.2862,25.7155,51.8914,259.4572,778.3716,2594.5723,12.9729,0.0,30.268539,100.895134,6.104762,29,62,9,2,0E-8,0.12876401,,0E-8,0.000000,0.801122,0.000000,,2026-05-03,2026-06-05,12,193,107,34,0.352941,,,0.000000,,,,,,,,GLOBAL_BASELINE_NO_ENTITY_RANKING,,,NOT_APPLICABLE_GLOBAL_BASELINE,HF9g-P5,,,,X 全窗基线 · 不参与实体赏罚,15057111,1506,A168_HF9F_20260827_0900,2026-08-27 09:00:00
2026-05-26,129715983,1402,0,129.7286077526,-129.7286077526,-129.7286077526,0E-7,1,1,0.49324550000000000,0.493245500000,-0.9865810262130424,-0.9865810262130424,-0.9865810262130424,0E-17,ELIGIBLE,R03b_20260811_FULL_v1,L1_ELIGIBILITY,v2026-08-11,2026-03-21..2026-08-06,baccarat_bet02_101_all_pairs_incl_sentinel,round_win = game_pnl > 0 (decisive only),COMPATIBILITY_ONLY_NOT_PRODUCTION,76923.7325,61625.2641,9905.0081,490,473,-0.12876401,,-0.12876401,-0.12876401,-9905.0081,76923.7325,OK,0.0000,396.2003,4.0000,96.0000,AG03-UNRESOLVED,ALL5_LEVELS_bet23_to_bet27,396.2003,396.2003,396.2003,495.2504,495.2504,4.000000,4.000000,4.000000,5.000000,5.000000,96.000000,96.000000,96.000000,95.000000,95.000000,5.0,2179.1018,1996.1143,7725.9063,7908.8938,PENDING_AG03,FALSE,NOT_FOR_ENFORCEMENT,9508.8077,59160.2535,9905.0081,9508.8077,396.2003,0.12876401,0.12361345,396.2003,9508.8077,0.12361345,396.2003,396.2003,396.2003,495.2504,495.2504,9508.8077,0.12361345,2179.1018,1996.1143,7725.9063,7908.8938,0.10043593,0.10281474,0.00515056,156.9872,130.2860,20.9408,825.4173,51.3213,6410.3110,39.4167,,156.9872,10.2862,25.7155,51.8914,259.4572,778.3716,2594.5723,12.9729,0.0,30.268539,100.895134,6.104762,29,62,9,2,0E-8,0.12876401,,0E-8,0.000000,0.801122,0.000000,,2026-05-03,2026-06-05,12,193,107,34,0.352941,,,0.000000,,,,,,,,GLOBAL_BASELINE_NO_ENTITY_RANKING,,,NOT_APPLICABLE_GLOBAL_BASELINE,HF9g-P5,,,,X 全窗基线 · 不参与实体赏罚,15057112,1506,A168_HF9F_20260827_0900,2026-08-27 09:00:00
2026-05-26,129715983,2244,0,51.8914431010,51.8914431010,51.8914431010,1.0000000,1,1,0.49324550000000000,0.493245500000,1.01360149184955,1.01360149184955,1.01360149184955,0E-17,ELIGIBLE,R03b_20260811_FULL_v1,L1_ELIGIBILITY,v2026-08-11,2026-03-21..2026-08-06,baccarat_bet02_101_all_pairs_incl_sentinel,round_win = game_pnl > 0 (decisive only),COMPATIBILITY_ONLY_NOT_PRODUCTION,76923.7325,61625.2641,9905.0081,490,473,-0.12876401,,-0.12876401,-0.12876401,-9905.0081,76923.7325,OK,0.0000,396.2003,4.0000,96.0000,AG03-UNRESOLVED,ALL5_LEVELS_bet23_to_bet27,396.2003,396.2003,396.2003,495.2504,495.2504,4.000000,4.000000,4.000000,5.000000,5.000000,96.000000,96.000000,96.000000,95.000000,95.000000,5.0,2179.1018,1996.1143,7725.9063,7908.8938,PENDING_AG03,FALSE,NOT_FOR_ENFORCEMENT,9508.8077,59160.2535,9905.0081,9508.8077,396.2003,0.12876401,0.12361345,396.2003,9508.8077,0.12361345,396.2003,396.2003,396.2003,495.2504,495.2504,9508.8077,0.12361345,2179.1018,1996.1143,7725.9063,7908.8938,0.10043593,0.10281474,0.00515056,156.9872,130.2860,20.9408,825.4173,51.3213,6410.3110,39.4167,,156.9872,10.2862,25.7155,51.8914,259.4572,778.3716,2594.5723,12.9729,0.0,30.268539,100.895134,6.104762,29,62,9,2,0E-8,0.12876401,,0E-8,0.000000,0.801122,0.000000,,2026-05-03,2026-06-05,12,193,107,34,0.352941,,,0.000000,,,,,,,,GLOBAL_BASELINE_NO_ENTITY_RANKING,,,NOT_APPLICABLE_GLOBAL_BASELINE,HF9g-P5,,,,X 全窗基线 · 不参与实体赏罚,15057113,1506,A168_HF9F_20260827_0900,2026-08-27 09:00:00
2026-05-26,129715983,2246,0,1380.0529292719,-1380.0529292719,-1380.0529292719,0E-7,2,2,0.49324550000000000,0.493245500000,-1.3952362676504506,-1.3952362676504506,-1.3952362676504506,0E-17,ELIGIBLE,R03b_20260811_FULL_v1,L1_ELIGIBILITY,v2026-08-11,2026-03-21..2026-08-06,baccarat_bet02_101_all_pairs_incl_sentinel,round_win = game_pnl > 0 (decisive only),COMPATIBILITY_ONLY_NOT_PRODUCTION,76923.7325,61625.2641,9905.0081,490,473,-0.12876401,,-0.12876401,-0.12876401,-9905.0081,76923.7325,OK,0.0000,396.2003,4.0000,96.0000,AG03-UNRESOLVED,ALL5_LEVELS_bet23_to_bet27,396.2003,396.2003,396.2003,495.2504,495.2504,4.000000,4.000000,4.000000,5.000000,5.000000,96.000000,96.000000,96.000000,95.000000,95.000000,5.0,2179.1018,1996.1143,7725.9063,7908.8938,PENDING_AG03,FALSE,NOT_FOR_ENFORCEMENT,9508.8077,59160.2535,9905.0081,9508.8077,396.2003,0.12876401,0.12361345,396.2003,9508.8077,0.12361345,396.2003,396.2003,396.2003,495.2504,495.2504,9508.8077,0.12361345,2179.1018,1996.1143,7725.9063,7908.8938,0.10043593,0.10281474,0.00515056,156.9872,130.2860,20.9408,825.4173,51.3213,6410.3110,39.4167,,156.9872,10.2862,25.7155,51.8914,259.4572,778.3716,2594.5723,12.9729,0.0,30.268539,100.895134,6.104762,29,62,9,2,0E-8,0.12876401,,0E-8,0.000000,0.801122,0.000000,,2026-05-03,2026-06-05,12,193,107,34,0.352941,,,0.000000,,,,,,,,GLOBAL_BASELINE_NO_ENTITY_RANKING,,,NOT_APPLICABLE_GLOBAL_BASELINE,HF9g-P5,,,,X 全窗基线 · 不参与实体赏罚,15057114,1506,A168_HF9F_20260827_0900,2026-08-27 09:00:00
2026-05-27,129715983,-1,1,12.4539463442,-12.4539463442,-12.4539463442,0E-7,1,1,0.50665070000000000,0.506650700000,-1.013391052207602,-1.013391052207602,-1.013391052207602,0E-17,SENTINEL_DEALER,R03b_20260811_FULL_v1,L1_ELIGIBILITY,v2026-08-11,2026-03-21..2026-08-06,baccarat_bet02_101_all_pairs_incl_sentinel,round_win = game_pnl > 0 (decisive only),COMPATIBILITY_ONLY_NOT_PRODUCTION,76923.7325,61625.2641,9905.0081,490,473,-0.12876401,,-0.12876401,-0.12876401,-9905.0081,76923.7325,OK,0.0000,396.2003,4.0000,96.0000,AG03-UNRESOLVED,ALL5_LEVELS_bet23_to_bet27,396.2003,396.2003,396.2003,495.2504,495.2504,4.000000,4.000000,4.000000,5.000000,5.000000,96.000000,96.000000,96.000000,95.000000,95.000000,5.0,2179.1018,1996.1143,7725.9063,7908.8938,PENDING_AG03,FALSE,NOT_FOR_ENFORCEMENT,9508.8077,59160.2535,9905.0081,9508.8077,396.2003,0.12876401,0.12361345,396.2003,9508.8077,0.12361345,396.2003,396.2003,396.2003,495.2504,495.2504,9508.8077,0.12361345,2179.1018,1996.1143,7725.9063,7908.8938,0.10043593,0.10281474,0.00515056,156.9872,130.2860,20.9408,825.4173,51.3213,6410.3110,39.4167,,156.9872,10.2862,25.7155,51.8914,259.4572,778.3716,2594.5723,12.9729,0.0,30.268539,100.895134,6.104762,29,62,9,2,0E-8,0.12876401,,0E-8,0.000000,0.801122,0.000000,,2026-05-03,2026-06-05,12,193,107,34,0.352941,,,0.000000,,,,,,,,GLOBAL_BASELINE_NO_ENTITY_RANKING,,,NOT_APPLICABLE_GLOBAL_BASELINE,HF9g-P5,,,,X 全窗基线 · 不参与实体赏罚,15057115,1506,A168_HF9F_20260827_0900,2026-08-27 09:00:00
2026-06-01,129715983,-1,1,62.2315941060,44.2050042431,44.2050042431,0.5000000,3,3,0.50665070000000000,0.506650700000,-0.018812684590367487,-0.018812684590367487,-0.018812684590367487,0E-17,SENTINEL_DEALER,R03b_20260811_FULL_v1,L1_ELIGIBILITY,v2026-08-11,2026-03-21..2026-08-06,baccarat_bet02_101_all_pairs_incl_sentinel,round_win = game_pnl > 0 (decisive only),COMPATIBILITY_ONLY_NOT_PRODUCTION,76923.7325,61625.2641,9905.0081,490,473,-0.12876401,,-0.12876401,-0.12876401,-9905.0081,76923.7325,OK,0.0000,396.2003,4.0000,96.0000,AG03-UNRESOLVED,ALL5_LEVELS_bet23_to_bet27,396.2003,396.2003,396.2003,495.2504,495.2504,4.000000,4.000000,4.000000,5.000000,5.000000,96.000000,96.000000,96.000000,95.000000,95.000000,5.0,2179.1018,1996.1143,7725.9063,7908.8938,PENDING_AG03,FALSE,NOT_FOR_ENFORCEMENT,9508.8077,59160.2535,9905.0081,9508.8077,396.2003,0.12876401,0.12361345,396.2003,9508.8077,0.12361345,396.2003,396.2003,396.2003,495.2504,495.2504,9508.8077,0.12361345,2179.1018,1996.1143,7725.9063,7908.8938,0.10043593,0.10281474,0.00515056,156.9872,130.2860,20.9408,825.4173,51.3213,6410.3110,39.4167,,156.9872,10.2862,25.7155,51.8914,259.4572,778.3716,2594.5723,12.9729,0.0,30.268539,100.895134,6.104762,29,62,9,2,0E-8,0.12876401,,0E-8,0.000000,0.801122,0.000000,,2026-05-03,2026-06-05,12,193,107,34,0.352941,,,0.000000,,,,,,,,GLOBAL_BASELINE_NO_ENTITY_RANKING,,,NOT_APPLICABLE_GLOBAL_BASELINE,HF9g-P5,,,,X 全窗基线 · 不参与实体赏罚,15057116,1506,A168_HF9F_20260827_0900,2026-08-27 09:00:00
2026-06-05,129715983,-1,1,2164.9908709845,-95.2760562653,-95.2760562653,0.5774648,85,81,0.50150455326278655,0.501520314815,1.2801104372805587,1.2798449397172462,1.2801104372805587,-0.00001576155221345,SENTINEL_DEALER,R03b_20260811_FULL_v1,L1_ELIGIBILITY,v2026-08-11,2026-03-21..2026-08-06,baccarat_bet02_101_all_pairs_incl_sentinel,round_win = game_pnl > 0 (decisive only),COMPATIBILITY_ONLY_NOT_PRODUCTION,76923.7325,61625.2641,9905.0081,490,473,-0.12876401,,-0.12876401,-0.12876401,-9905.0081,76923.7325,OK,0.0000,396.2003,4.0000,96.0000,AG03-UNRESOLVED,ALL5_LEVELS_bet23_to_bet27,396.2003,396.2003,396.2003,495.2504,495.2504,4.000000,4.000000,4.000000,5.000000,5.000000,96.000000,96.000000,96.000000,95.000000,95.000000,5.0,2179.1018,1996.1143,7725.9063,7908.8938,PENDING_AG03,FALSE,NOT_FOR_ENFORCEMENT,9508.8077,59160.2535,9905.0081,9508.8077,396.2003,0.12876401,0.12361345,396.2003,9508.8077,0.12361345,396.2003,396.2003,396.2003,495.2504,495.2504,9508.8077,0.12361345,2179.1018,1996.1143,7725.9063,7908.8938,0.10043593,0.10281474,0.00515056,156.9872,130.2860,20.9408,825.4173,51.3213,6410.3110,39.4167,,156.9872,10.2862,25.7155,51.8914,259.4572,778.3716,2594.5723,12.9729,0.0,30.268539,100.895134,6.104762,29,62,9,2,0E-8,0.12876401,,0E-8,0.000000,0.801122,0.000000,,2026-05-03,2026-06-05,12,193,107,34,0.352941,,,0.000000,,,,,,,,GLOBAL_BASELINE_NO_ENTITY_RANKING,,,NOT_APPLICABLE_GLOBAL_BASELINE,HF9g-P5,,,,X 全窗基线 · 不参与实体赏罚,15057117,1506,A168_HF9F_20260827_0900,2026-08-27 09:00:00
2026-06-05,129715983,1115,0,43.7164090827,7.0717720575,7.0717720575,0.5000000,3,3,0.50218230000000000,0.502182300000,-0.00617253530718887,-0.00617253530718887,-0.00617253530718887,0E-17,ELIGIBLE,R03b_20260811_FULL_v1,L1_ELIGIBILITY,v2026-08-11,2026-03-21..2026-08-06,baccarat_bet02_101_all_pairs_incl_sentinel,round_win = game_pnl > 0 (decisive only),COMPATIBILITY_ONLY_NOT_PRODUCTION,76923.7325,61625.2641,9905.0081,490,473,-0.12876401,,-0.12876401,-0.12876401,-9905.0081,76923.7325,OK,0.0000,396.2003,4.0000,96.0000,AG03-UNRESOLVED,ALL5_LEVELS_bet23_to_bet27,396.2003,396.2003,396.2003,495.2504,495.2504,4.000000,4.000000,4.000000,5.000000,5.000000,96.000000,96.000000,96.000000,95.000000,95.000000,5.0,2179.1018,1996.1143,7725.9063,7908.8938,PENDING_AG03,FALSE,NOT_FOR_ENFORCEMENT,9508.8077,59160.2535,9905.0081,9508.8077,396.2003,0.12876401,0.12361345,396.2003,9508.8077,0.12361345,396.2003,396.2003,396.2003,495.2504,495.2504,9508.8077,0.12361345,2179.1018,1996.1143,7725.9063,7908.8938,0.10043593,0.10281474,0.00515056,156.9872,130.2860,20.9408,825.4173,51.3213,6410.3110,39.4167,,156.9872,10.2862,25.7155,51.8914,259.4572,778.3716,2594.5723,12.9729,0.0,30.268539,100.895134,6.104762,29,62,9,2,0E-8,0.12876401,,0E-8,0.000000,0.801122,0.000000,,2026-05-03,2026-06-05,12,193,107,34,0.352941,,,0.000000,,,,,,,,GLOBAL_BASELINE_NO_ENTITY_RANKING,,,NOT_APPLICABLE_GLOBAL_BASELINE,HF9g-P5,,,,X 全窗基线 · 不参与实体赏罚,15057118,1506,A168_HF9F_20260827_0900,2026-08-27 09:00:00
2026-06-05,129715983,1205,0,180.0087432818,70.7177205750,70.7177205750,0.5000000,2,2,0.49994810000000000,0.499948100000,0.00014679536856514622,0.00014679536856514622,0.00014679536856514622,0E-17,ELIGIBLE,R03b_20260811_FULL_v1,L1_ELIGIBILITY,v2026-08-11,2026-03-21..2026-08-06,baccarat_bet02_101_all_pairs_incl_sentinel,round_win = game_pnl > 0 (decisive only),COMPATIBILITY_ONLY_NOT_PRODUCTION,76923.7325,61625.2641,9905.0081,490,473,-0.12876401,,-0.12876401,-0.12876401,-9905.0081,76923.7325,OK,0.0000,396.2003,4.0000,96.0000,AG03-UNRESOLVED,ALL5_LEVELS_bet23_to_bet27,396.2003,396.2003,396.2003,495.2504,495.2504,4.000000,4.000000,4.000000,5.000000,5.000000,96.000000,96.000000,96.000000,95.000000,95.000000,5.0,2179.1018,1996.1143,7725.9063,7908.8938,PENDING_AG03,FALSE,NOT_FOR_ENFORCEMENT,9508.8077,59160.2535,9905.0081,9508.8077,396.2003,0.12876401,0.12361345,396.2003,9508.8077,0.12361345,396.2003,396.2003,396.2003,495.2504,495.2504,9508.8077,0.12361345,2179.1018,1996.1143,7725.9063,7908.8938,0.10043593,0.10281474,0.00515056,156.9872,130.2860,20.9408,825.4173,51.3213,6410.3110,39.4167,,156.9872,10.2862,25.7155,51.8914,259.4572,778.3716,2594.5723,12.9729,0.0,30.268539,100.895134,6.104762,29,62,9,2,0E-8,0.12876401,,0E-8,0.000000,0.801122,0.000000,,2026-05-03,2026-06-05,12,193,107,34,0.352941,,,0.000000,,,,,,,,GLOBAL_BASELINE_NO_ENTITY_RANKING,,,NOT_APPLICABLE_GLOBAL_BASELINE,HF9g-P5,,,,X 全窗基线 · 不参与实体赏罚,15057119,1506,A168_HF9F_20260827_0900,2026-08-27 09:00:00
2026-06-05,129715983,1222,0,257.1553475455,0E-10,0E-10,,1,1,0.50665070000000000,0.506650700000,,,,0E-17,NO_DECISIVE_ROUND,R03b_20260811_FULL_v1,L1_ELIGIBILITY,v2026-08-11,2026-03-21..2026-08-06,baccarat_bet02_101_all_pairs_incl_sentinel,round_win = game_pnl > 0 (decisive only),COMPATIBILITY_ONLY_NOT_PRODUCTION,76923.7325,61625.2641,9905.0081,490,473,-0.12876401,,-0.12876401,-0.12876401,-9905.0081,76923.7325,OK,0.0000,396.2003,4.0000,96.0000,AG03-UNRESOLVED,ALL5_LEVELS_bet23_to_bet27,396.2003,396.2003,396.2003,495.2504,495.2504,4.000000,4.000000,4.000000,5.000000,5.000000,96.000000,96.000000,96.000000,95.000000,95.000000,5.0,2179.1018,1996.1143,7725.9063,7908.8938,PENDING_AG03,FALSE,NOT_FOR_ENFORCEMENT,9508.8077,59160.2535,9905.0081,9508.8077,396.2003,0.12876401,0.12361345,396.2003,9508.8077,0.12361345,396.2003,396.2003,396.2003,495.2504,495.2504,9508.8077,0.12361345,2179.1018,1996.1143,7725.9063,7908.8938,0.10043593,0.10281474,0.00515056,156.9872,130.2860,20.9408,825.4173,51.3213,6410.3110,39.4167,,156.9872,10.2862,25.7155,51.8914,259.4572,778.3716,2594.5723,12.9729,0.0,30.268539,100.895134,6.104762,29,62,9,2,0E-8,0.12876401,,0E-8,0.000000,0.801122,0.000000,,2026-05-03,2026-06-05,12,193,107,34,0.352941,,,0.000000,,,,,,,,GLOBAL_BASELINE_NO_ENTITY_RANKING,,,NOT_APPLICABLE_GLOBAL_BASELINE,HF9g-P5,,,,X 全窗基线 · 不参与实体赏罚,15057120,1506,A168_HF9F_20260827_0900,2026-08-27 09:00:00
2026-06-05,129715983,1307,0,7.7146604264,7.3289274050,7.3289274050,1.0000000,1,1,0.50665070000000000,0.506650700000,0.9867858985152569,0.9867858985152569,0.9867858985152569,0E-17,ELIGIBLE,R03b_20260811_FULL_v1,L1_ELIGIBILITY,v2026-08-11,2026-03-21..2026-08-06,baccarat_bet02_101_all_pairs_incl_sentinel,round_win = game_pnl > 0 (decisive only),COMPATIBILITY_ONLY_NOT_PRODUCTION,76923.7325,61625.2641,9905.0081,490,473,-0.12876401,,-0.12876401,-0.12876401,-9905.0081,76923.7325,OK,0.0000,396.2003,4.0000,96.0000,AG03-UNRESOLVED,ALL5_LEVELS_bet23_to_bet27,396.2003,396.2003,396.2003,495.2504,495.2504,4.000000,4.000000,4.000000,5.000000,5.000000,96.000000,96.000000,96.000000,95.000000,95.000000,5.0,2179.1018,1996.1143,7725.9063,7908.8938,PENDING_AG03,FALSE,NOT_FOR_ENFORCEMENT,9508.8077,59160.2535,9905.0081,9508.8077,396.2003,0.12876401,0.12361345,396.2003,9508.8077,0.12361345,396.2003,396.2003,396.2003,495.2504,495.2504,9508.8077,0.12361345,2179.1018,1996.1143,7725.9063,7908.8938,0.10043593,0.10281474,0.00515056,156.9872,130.2860,20.9408,825.4173,51.3213,6410.3110,39.4167,,156.9872,10.2862,25.7155,51.8914,259.4572,778.3716,2594.5723,12.9729,0.0,30.268539,100.895134,6.104762,29,62,9,2,0E-8,0.12876401,,0E-8,0.000000,0.801122,0.000000,,2026-05-03,2026-06-05,12,193,107,34,0.352941,,,0.000000,,,,,,,,GLOBAL_BASELINE_NO_ENTITY_RANKING,,,NOT_APPLICABLE_GLOBAL_BASELINE,HF9g-P5,,,,X 全窗基线 · 不参与实体赏罚,15057121,1506,A168_HF9F_20260827_0900,2026-08-27 09:00:00
2026-06-05,129715983,1330,0,5.1431069509,4.8859516034,4.8859516034,1.0000000,1,1,0.50665070000000000,0.506650700000,0.9867858985152569,0.9867858985152569,0.9867858985152569,0E-17,ELIGIBLE,R03b_20260811_FULL_v1,L1_ELIGIBILITY,v2026-08-11,2026-03-21..2026-08-06,baccarat_bet02_101_all_pairs_incl_sentinel,round_win = game_pnl > 0 (decisive only),COMPATIBILITY_ONLY_NOT_PRODUCTION,76923.7325,61625.2641,9905.0081,490,473,-0.12876401,,-0.12876401,-0.12876401,-9905.0081,76923.7325,OK,0.0000,396.2003,4.0000,96.0000,AG03-UNRESOLVED,ALL5_LEVELS_bet23_to_bet27,396.2003,396.2003,396.2003,495.2504,495.2504,4.000000,4.000000,4.000000,5.000000,5.000000,96.000000,96.000000,96.000000,95.000000,95.000000,5.0,2179.1018,1996.1143,7725.9063,7908.8938,PENDING_AG03,FALSE,NOT_FOR_ENFORCEMENT,9508.8077,59160.2535,9905.0081,9508.8077,396.2003,0.12876401,0.12361345,396.2003,9508.8077,0.12361345,396.2003,396.2003,396.2003,495.2504,495.2504,9508.8077,0.12361345,2179.1018,1996.1143,7725.9063,7908.8938,0.10043593,0.10281474,0.00515056,156.9872,130.2860,20.9408,825.4173,51.3213,6410.3110,39.4167,,156.9872,10.2862,25.7155,51.8914,259.4572,778.3716,2594.5723,12.9729,0.0,30.268539,100.895134,6.104762,29,62,9,2,0E-8,0.12876401,,0E-8,0.000000,0.801122,0.000000,,2026-05-03,2026-06-05,12,193,107,34,0.352941,,,0.000000,,,,,,,,GLOBAL_BASELINE_NO_ENTITY_RANKING,,,NOT_APPLICABLE_GLOBAL_BASELINE,HF9g-P5,,,,X 全窗基线 · 不参与实体赏罚,15057122,1506,A168_HF9F_20260827_0900,2026-08-27 09:00:00
2026-06-05,129715983,1353,0,12.8577673773,-12.8577673773,-12.8577673773,0E-7,1,1,0.50665070000000000,0.506650700000,-1.013391052207602,-1.013391052207602,-1.013391052207602,0E-17,ELIGIBLE,R03b_20260811_FULL_v1,L1_ELIGIBILITY,v2026-08-11,2026-03-21..2026-08-06,baccarat_bet02_101_all_pairs_incl_sentinel,round_win = game_pnl > 0 (decisive only),COMPATIBILITY_ONLY_NOT_PRODUCTION,76923.7325,61625.2641,9905.0081,490,473,-0.12876401,,-0.12876401,-0.12876401,-9905.0081,76923.7325,OK,0.0000,396.2003,4.0000,96.0000,AG03-UNRESOLVED,ALL5_LEVELS_bet23_to_bet27,396.2003,396.2003,396.2003,495.2504,495.2504,4.000000,4.000000,4.000000,5.000000,5.000000,96.000000,96.000000,96.000000,95.000000,95.000000,5.0,2179.1018,1996.1143,7725.9063,7908.8938,PENDING_AG03,FALSE,NOT_FOR_ENFORCEMENT,9508.8077,59160.2535,9905.0081,9508.8077,396.2003,0.12876401,0.12361345,396.2003,9508.8077,0.12361345,396.2003,396.2003,396.2003,495.2504,495.2504,9508.8077,0.12361345,2179.1018,1996.1143,7725.9063,7908.8938,0.10043593,0.10281474,0.00515056,156.9872,130.2860,20.9408,825.4173,51.3213,6410.3110,39.4167,,156.9872,10.2862,25.7155,51.8914,259.4572,778.3716,2594.5723,12.9729,0.0,30.268539,100.895134,6.104762,29,62,9,2,0E-8,0.12876401,,0E-8,0.000000,0.801122,0.000000,,2026-05-03,2026-06-05,12,193,107,34,0.352941,,,0.000000,,,,,,,,GLOBAL_BASELINE_NO_ENTITY_RANKING,,,NOT_APPLICABLE_GLOBAL_BASELINE,HF9g-P5,,,,X 全窗基线 · 不参与实体赏罚,15057123,1506,A168_HF9F_20260827_0900,2026-08-27 09:00:00
2026-06-05,129715983,1399,0,25.7155347545,24.4297580168,24.4297580168,1.0000000,1,1,0.50665070000000000,0.506650700000,0.9867858985152569,0.9867858985152569,0.9867858985152569,0E-17,ELIGIBLE,R03b_20260811_FULL_v1,L1_ELIGIBILITY,v2026-08-11,2026-03-21..2026-08-06,baccarat_bet02_101_all_pairs_incl_sentinel,round_win = game_pnl > 0 (decisive only),COMPATIBILITY_ONLY_NOT_PRODUCTION,76923.7325,61625.2641,9905.0081,490,473,-0.12876401,,-0.12876401,-0.12876401,-9905.0081,76923.7325,OK,0.0000,396.2003,4.0000,96.0000,AG03-UNRESOLVED,ALL5_LEVELS_bet23_to_bet27,396.2003,396.2003,396.2003,495.2504,495.2504,4.000000,4.000000,4.000000,5.000000,5.000000,96.000000,96.000000,96.000000,95.000000,95.000000,5.0,2179.1018,1996.1143,7725.9063,7908.8938,PENDING_AG03,FALSE,NOT_FOR_ENFORCEMENT,9508.8077,59160.2535,9905.0081,9508.8077,396.2003,0.12876401,0.12361345,396.2003,9508.8077,0.12361345,396.2003,396.2003,396.2003,495.2504,495.2504,9508.8077,0.12361345,2179.1018,1996.1143,7725.9063,7908.8938,0.10043593,0.10281474,0.00515056,156.9872,130.2860,20.9408,825.4173,51.3213,6410.3110,39.4167,,156.9872,10.2862,25.7155,51.8914,259.4572,778.3716,2594.5723,12.9729,0.0,30.268539,100.895134,6.104762,29,62,9,2,0E-8,0.12876401,,0E-8,0.000000,0.801122,0.000000,,2026-05-03,2026-06-05,12,193,107,34,0.352941,,,0.000000,,,,,,,,GLOBAL_BASELINE_NO_ENTITY_RANKING,,,NOT_APPLICABLE_GLOBAL_BASELINE,HF9g-P5,,,,X 全窗基线 · 不参与实体赏罚,15057124,1506,A168_HF9F_20260827_0900,2026-08-27 09:00:00
2026-06-05,129715983,1505,0,38.5733021318,12.8577673772,12.8577673772,0.3333333,3,3,0.50218230000000000,0.502182300000,-0.5849155494134425,-0.5849155494134426,-0.5849155494134425,0E-17,ELIGIBLE,R03b_20260811_FULL_v1,L1_ELIGIBILITY,v2026-08-11,2026-03-21..2026-08-06,baccarat_bet02_101_all_pairs_incl_sentinel,round_win = game_pnl > 0 (decisive only),COMPATIBILITY_ONLY_NOT_PRODUCTION,76923.7325,61625.2641,9905.0081,490,473,-0.12876401,,-0.12876401,-0.12876401,-9905.0081,76923.7325,OK,0.0000,396.2003,4.0000,96.0000,AG03-UNRESOLVED,ALL5_LEVELS_bet23_to_bet27,396.2003,396.2003,396.2003,495.2504,495.2504,4.000000,4.000000,4.000000,5.000000,5.000000,96.000000,96.000000,96.000000,95.000000,95.000000,5.0,2179.1018,1996.1143,7725.9063,7908.8938,PENDING_AG03,FALSE,NOT_FOR_ENFORCEMENT,9508.8077,59160.2535,9905.0081,9508.8077,396.2003,0.12876401,0.12361345,396.2003,9508.8077,0.12361345,396.2003,396.2003,396.2003,495.2504,495.2504,9508.8077,0.12361345,2179.1018,1996.1143,7725.9063,7908.8938,0.10043593,0.10281474,0.00515056,156.9872,130.2860,20.9408,825.4173,51.3213,6410.3110,39.4167,,156.9872,10.2862,25.7155,51.8914,259.4572,778.3716,2594.5723,12.9729,0.0,30.268539,100.895134,6.104762,29,62,9,2,0E-8,0.12876401,,0E-8,0.000000,0.801122,0.000000,,2026-05-03,2026-06-05,12,193,107,34,0.352941,,,0.000000,,,,,,,,GLOBAL_BASELINE_NO_ENTITY_RANKING,,,NOT_APPLICABLE_GLOBAL_BASELINE,HF9g-P5,,,,X 全窗基线 · 不参与实体赏罚,15057125,1506,A168_HF9F_20260827_0900,2026-08-27 09:00:00
2026-06-05,129715983,1509,0,375.4468074164,207.6529431429,207.6529431429,0.4285714,8,8,0.50329940000000000,0.503299400000,-0.395431866228915,-0.39543186622891513,-0.395431866228915,0E-17,ELIGIBLE,R03b_20260811_FULL_v1,L1_ELIGIBILITY,v2026-08-11,2026-03-21..2026-08-06,baccarat_bet02_101_all_pairs_incl_sentinel,round_win = game_pnl > 0 (decisive only),COMPATIBILITY_ONLY_NOT_PRODUCTION,76923.7325,61625.2641,9905.0081,490,473,-0.12876401,,-0.12876401,-0.12876401,-9905.0081,76923.7325,OK,0.0000,396.2003,4.0000,96.0000,AG03-UNRESOLVED,ALL5_LEVELS_bet23_to_bet27,396.2003,396.2003,396.2003,495.2504,495.2504,4.000000,4.000000,4.000000,5.000000,5.000000,96.000000,96.000000,96.000000,95.000000,95.000000,5.0,2179.1018,1996.1143,7725.9063,7908.8938,PENDING_AG03,FALSE,NOT_FOR_ENFORCEMENT,9508.8077,59160.2535,9905.0081,9508.8077,396.2003,0.12876401,0.12361345,396.2003,9508.8077,0.12361345,396.2003,396.2003,396.2003,495.2504,495.2504,9508.8077,0.12361345,2179.1018,1996.1143,7725.9063,7908.8938,0.10043593,0.10281474,0.00515056,156.9872,130.2860,20.9408,825.4173,51.3213,6410.3110,39.4167,,156.9872,10.2862,25.7155,51.8914,259.4572,778.3716,2594.5723,12.9729,0.0,30.268539,100.895134,6.104762,29,62,9,2,0E-8,0.12876401,,0E-8,0.000000,0.801122,0.000000,,2026-05-03,2026-06-05,12,193,107,34,0.352941,,,0.000000,,,,,,,,GLOBAL_BASELINE_NO_ENTITY_RANKING,,,NOT_APPLICABLE_GLOBAL_BASELINE,HF9g-P5,,,,X 全窗基线 · 不参与实体赏罚,15057126,1506,A168_HF9F_20260827_0900,2026-08-27 09:00:00
2026-06-05,129715983,1935,0,3093.5788309719,-2361.2004011625,-2361.2004011625,0.4545455,14,12,0.49904378095238093,0.498831000000,-0.2951690447600756,-0.2937578786951308,-0.2951690447600756,0.00021278095238093,ELIGIBLE,R03b_20260811_FULL_v1,L1_ELIGIBILITY,v2026-08-11,2026-03-21..2026-08-06,baccarat_bet02_101_all_pairs_incl_sentinel,round_win = game_pnl > 0 (decisive only),COMPATIBILITY_ONLY_NOT_PRODUCTION,76923.7325,61625.2641,9905.0081,490,473,-0.12876401,,-0.12876401,-0.12876401,-9905.0081,76923.7325,OK,0.0000,396.2003,4.0000,96.0000,AG03-UNRESOLVED,ALL5_LEVELS_bet23_to_bet27,396.2003,396.2003,396.2003,495.2504,495.2504,4.000000,4.000000,4.000000,5.000000,5.000000,96.000000,96.000000,96.000000,95.000000,95.000000,5.0,2179.1018,1996.1143,7725.9063,7908.8938,PENDING_AG03,FALSE,NOT_FOR_ENFORCEMENT,9508.8077,59160.2535,9905.0081,9508.8077,396.2003,0.12876401,0.12361345,396.2003,9508.8077,0.12361345,396.2003,396.2003,396.2003,495.2504,495.2504,9508.8077,0.12361345,2179.1018,1996.1143,7725.9063,7908.8938,0.10043593,0.10281474,0.00515056,156.9872,130.2860,20.9408,825.4173,51.3213,6410.3110,39.4167,,156.9872,10.2862,25.7155,51.8914,259.4572,778.3716,2594.5723,12.9729,0.0,30.268539,100.895134,6.104762,29,62,9,2,0E-8,0.12876401,,0E-8,0.000000,0.801122,0.000000,,2026-05-03,2026-06-05,12,193,107,34,0.352941,,,0.000000,,,,,,,,GLOBAL_BASELINE_NO_ENTITY_RANKING,,,NOT_APPLICABLE_GLOBAL_BASELINE,HF9g-P5,,,,X 全窗基线 · 不参与实体赏罚,15057127,1506,A168_HF9F_20260827_0900,2026-08-27 09:00:00
2026-06-05,129715983,1957,0,308.5864170545,200.0668603902,200.0668603902,0.6250000,8,8,0.49827245000000000,0.498272450000,0.7168835587341966,0.7168835587341966,0.7168835587341966,0E-17,ELIGIBLE,R03b_20260811_FULL_v1,L1_ELIGIBILITY,v2026-08-11,2026-03-21..2026-08-06,baccarat_bet02_101_all_pairs_incl_sentinel,round_win = game_pnl > 0 (decisive only),COMPATIBILITY_ONLY_NOT_PRODUCTION,76923.7325,61625.2641,9905.0081,490,473,-0.12876401,,-0.12876401,-0.12876401,-9905.0081,76923.7325,OK,0.0000,396.2003,4.0000,96.0000,AG03-UNRESOLVED,ALL5_LEVELS_bet23_to_bet27,396.2003,396.2003,396.2003,495.2504,495.2504,4.000000,4.000000,4.000000,5.000000,5.000000,96.000000,96.000000,96.000000,95.000000,95.000000,5.0,2179.1018,1996.1143,7725.9063,7908.8938,PENDING_AG03,FALSE,NOT_FOR_ENFORCEMENT,9508.8077,59160.2535,9905.0081,9508.8077,396.2003,0.12876401,0.12361345,396.2003,9508.8077,0.12361345,396.2003,396.2003,396.2003,495.2504,495.2504,9508.8077,0.12361345,2179.1018,1996.1143,7725.9063,7908.8938,0.10043593,0.10281474,0.00515056,156.9872,130.2860,20.9408,825.4173,51.3213,6410.3110,39.4167,,156.9872,10.2862,25.7155,51.8914,259.4572,778.3716,2594.5723,12.9729,0.0,30.268539,100.895134,6.104762,29,62,9,2,0E-8,0.12876401,,0E-8,0.000000,0.801122,0.000000,,2026-05-03,2026-06-05,12,193,107,34,0.352941,,,0.000000,,,,,,,,GLOBAL_BASELINE_NO_ENTITY_RANKING,,,NOT_APPLICABLE_GLOBAL_BASELINE,HF9g-P5,,,,X 全窗基线 · 不参与实体赏罚,15057128,1506,A168_HF9F_20260827_0900,2026-08-27 09:00:00
2026-06-05,129715983,1985,0,20.5724278036,10.2862139018,10.2862139018,0.6666667,3,3,0.49324550000000000,0.493245500000,0.6008033672792107,0.6008033672792106,0.6008033672792107,0E-17,ELIGIBLE,R03b_20260811_FULL_v1,L1_ELIGIBILITY,v2026-08-11,2026-03-21..2026-08-06,baccarat_bet02_101_all_pairs_incl_sentinel,round_win = game_pnl > 0 (decisive only),COMPATIBILITY_ONLY_NOT_PRODUCTION,76923.7325,61625.2641,9905.0081,490,473,-0.12876401,,-0.12876401,-0.12876401,-9905.0081,76923.7325,OK,0.0000,396.2003,4.0000,96.0000,AG03-UNRESOLVED,ALL5_LEVELS_bet23_to_bet27,396.2003,396.2003,396.2003,495.2504,495.2504,4.000000,4.000000,4.000000,5.000000,5.000000,96.000000,96.000000,96.000000,95.000000,95.000000,5.0,2179.1018,1996.1143,7725.9063,7908.8938,PENDING_AG03,FALSE,NOT_FOR_ENFORCEMENT,9508.8077,59160.2535,9905.0081,9508.8077,396.2003,0.12876401,0.12361345,396.2003,9508.8077,0.12361345,396.2003,396.2003,396.2003,495.2504,495.2504,9508.8077,0.12361345,2179.1018,1996.1143,7725.9063,7908.8938,0.10043593,0.10281474,0.00515056,156.9872,130.2860,20.9408,825.4173,51.3213,6410.3110,39.4167,,156.9872,10.2862,25.7155,51.8914,259.4572,778.3716,2594.5723,12.9729,0.0,30.268539,100.895134,6.104762,29,62,9,2,0E-8,0.12876401,,0E-8,0.000000,0.801122,0.000000,,2026-05-03,2026-06-05,12,193,107,34,0.352941,,,0.000000,,,,,,,,GLOBAL_BASELINE_NO_ENTITY_RANKING,,,NOT_APPLICABLE_GLOBAL_BASELINE,HF9g-P5,,,,X 全窗基线 · 不参与实体赏罚,15057129,1506,A168_HF9F_20260827_0900,2026-08-27 09:00:00
2026-06-05,129715983,1990,0,25.7155347545,-25.7155347545,-25.7155347545,0E-7,1,1,0.50665070000000000,0.506650700000,-1.013391052207602,-1.013391052207602,-1.013391052207602,0E-17,ELIGIBLE,R03b_20260811_FULL_v1,L1_ELIGIBILITY,v2026-08-11,2026-03-21..2026-08-06,baccarat_bet02_101_all_pairs_incl_sentinel,round_win = game_pnl > 0 (decisive only),COMPATIBILITY_ONLY_NOT_PRODUCTION,76923.7325,61625.2641,9905.0081,490,473,-0.12876401,,-0.12876401,-0.12876401,-9905.0081,76923.7325,OK,0.0000,396.2003,4.0000,96.0000,AG03-UNRESOLVED,ALL5_LEVELS_bet23_to_bet27,396.2003,396.2003,396.2003,495.2504,495.2504,4.000000,4.000000,4.000000,5.000000,5.000000,96.000000,96.000000,96.000000,95.000000,95.000000,5.0,2179.1018,1996.1143,7725.9063,7908.8938,PENDING_AG03,FALSE,NOT_FOR_ENFORCEMENT,9508.8077,59160.2535,9905.0081,9508.8077,396.2003,0.12876401,0.12361345,396.2003,9508.8077,0.12361345,396.2003,396.2003,396.2003,495.2504,495.2504,9508.8077,0.12361345,2179.1018,1996.1143,7725.9063,7908.8938,0.10043593,0.10281474,0.00515056,156.9872,130.2860,20.9408,825.4173,51.3213,6410.3110,39.4167,,156.9872,10.2862,25.7155,51.8914,259.4572,778.3716,2594.5723,12.9729,0.0,30.268539,100.895134,6.104762,29,62,9,2,0E-8,0.12876401,,0E-8,0.000000,0.801122,0.000000,,2026-05-03,2026-06-05,12,193,107,34,0.352941,,,0.000000,,,,,,,,GLOBAL_BASELINE_NO_ENTITY_RANKING,,,NOT_APPLICABLE_GLOBAL_BASELINE,HF9g-P5,,,,X 全窗基线 · 不参与实体赏罚,15057130,1506,A168_HF9F_20260827_0900,2026-08-27 09:00:00
2026-06-05,129715983,2109,0,2.5715534755,2.4429758017,2.4429758017,1.0000000,1,1,0.50665070000000000,0.506650700000,0.9867858985152569,0.9867858985152569,0.9867858985152569,0E-17,ELIGIBLE,R03b_20260811_FULL_v1,L1_ELIGIBILITY,v2026-08-11,2026-03-21..2026-08-06,baccarat_bet02_101_all_pairs_incl_sentinel,round_win = game_pnl > 0 (decisive only),COMPATIBILITY_ONLY_NOT_PRODUCTION,76923.7325,61625.2641,9905.0081,490,473,-0.12876401,,-0.12876401,-0.12876401,-9905.0081,76923.7325,OK,0.0000,396.2003,4.0000,96.0000,AG03-UNRESOLVED,ALL5_LEVELS_bet23_to_bet27,396.2003,396.2003,396.2003,495.2504,495.2504,4.000000,4.000000,4.000000,5.000000,5.000000,96.000000,96.000000,96.000000,95.000000,95.000000,5.0,2179.1018,1996.1143,7725.9063,7908.8938,PENDING_AG03,FALSE,NOT_FOR_ENFORCEMENT,9508.8077,59160.2535,9905.0081,9508.8077,396.2003,0.12876401,0.12361345,396.2003,9508.8077,0.12361345,396.2003,396.2003,396.2003,495.2504,495.2504,9508.8077,0.12361345,2179.1018,1996.1143,7725.9063,7908.8938,0.10043593,0.10281474,0.00515056,156.9872,130.2860,20.9408,825.4173,51.3213,6410.3110,39.4167,,156.9872,10.2862,25.7155,51.8914,259.4572,778.3716,2594.5723,12.9729,0.0,30.268539,100.895134,6.104762,29,62,9,2,0E-8,0.12876401,,0E-8,0.000000,0.801122,0.000000,,2026-05-03,2026-06-05,12,193,107,34,0.352941,,,0.000000,,,,,,,,GLOBAL_BASELINE_NO_ENTITY_RANKING,,,NOT_APPLICABLE_GLOBAL_BASELINE,HF9g-P5,,,,X 全窗基线 · 不参与实体赏罚,15057131,1506,A168_HF9F_20260827_0900,2026-08-27 09:00:00
2026-06-05,129715983,2142,0,43.7164090828,21.8582045414,21.8582045414,0.8000000,5,5,0.50128862000000000,0.501288620000,1.335882339249048,1.335882339249048,1.335882339249048,0E-17,ELIGIBLE,R03b_20260811_FULL_v1,L1_ELIGIBILITY,v2026-08-11,2026-03-21..2026-08-06,baccarat_bet02_101_all_pairs_incl_sentinel,round_win = game_pnl > 0 (decisive only),COMPATIBILITY_ONLY_NOT_PRODUCTION,76923.7325,61625.2641,9905.0081,490,473,-0.12876401,,-0.12876401,-0.12876401,-9905.0081,76923.7325,OK,0.0000,396.2003,4.0000,96.0000,AG03-UNRESOLVED,ALL5_LEVELS_bet23_to_bet27,396.2003,396.2003,396.2003,495.2504,495.2504,4.000000,4.000000,4.000000,5.000000,5.000000,96.000000,96.000000,96.000000,95.000000,95.000000,5.0,2179.1018,1996.1143,7725.9063,7908.8938,PENDING_AG03,FALSE,NOT_FOR_ENFORCEMENT,9508.8077,59160.2535,9905.0081,9508.8077,396.2003,0.12876401,0.12361345,396.2003,9508.8077,0.12361345,396.2003,396.2003,396.2003,495.2504,495.2504,9508.8077,0.12361345,2179.1018,1996.1143,7725.9063,7908.8938,0.10043593,0.10281474,0.00515056,156.9872,130.2860,20.9408,825.4173,51.3213,6410.3110,39.4167,,156.9872,10.2862,25.7155,51.8914,259.4572,778.3716,2594.5723,12.9729,0.0,30.268539,100.895134,6.104762,29,62,9,2,0E-8,0.12876401,,0E-8,0.000000,0.801122,0.000000,,2026-05-03,2026-06-05,12,193,107,34,0.352941,,,0.000000,,,,,,,,GLOBAL_BASELINE_NO_ENTITY_RANKING,,,NOT_APPLICABLE_GLOBAL_BASELINE,HF9g-P5,,,,X 全窗基线 · 不参与实体赏罚,15057132,1506,A168_HF9F_20260827_0900,2026-08-27 09:00:00
2026-06-05,129715983,2153,0,7.7146604264,-7.7146604264,-7.7146604264,0E-7,1,1,0.50665070000000000,0.506650700000,-1.013391052207602,-1.013391052207602,-1.013391052207602,0E-17,ELIGIBLE,R03b_20260811_FULL_v1,L1_ELIGIBILITY,v2026-08-11,2026-03-21..2026-08-06,baccarat_bet02_101_all_pairs_incl_sentinel,round_win = game_pnl > 0 (decisive only),COMPATIBILITY_ONLY_NOT_PRODUCTION,76923.7325,61625.2641,9905.0081,490,473,-0.12876401,,-0.12876401,-0.12876401,-9905.0081,76923.7325,OK,0.0000,396.2003,4.0000,96.0000,AG03-UNRESOLVED,ALL5_LEVELS_bet23_to_bet27,396.2003,396.2003,396.2003,495.2504,495.2504,4.000000,4.000000,4.000000,5.000000,5.000000,96.000000,96.000000,96.000000,95.000000,95.000000,5.0,2179.1018,1996.1143,7725.9063,7908.8938,PENDING_AG03,FALSE,NOT_FOR_ENFORCEMENT,9508.8077,59160.2535,9905.0081,9508.8077,396.2003,0.12876401,0.12361345,396.2003,9508.8077,0.12361345,396.2003,396.2003,396.2003,495.2504,495.2504,9508.8077,0.12361345,2179.1018,1996.1143,7725.9063,7908.8938,0.10043593,0.10281474,0.00515056,156.9872,130.2860,20.9408,825.4173,51.3213,6410.3110,39.4167,,156.9872,10.2862,25.7155,51.8914,259.4572,778.3716,2594.5723,12.9729,0.0,30.268539,100.895134,6.104762,29,62,9,2,0E-8,0.12876401,,0E-8,0.000000,0.801122,0.000000,,2026-05-03,2026-06-05,12,193,107,34,0.352941,,,0.000000,,,,,,,,GLOBAL_BASELINE_NO_ENTITY_RANKING,,,NOT_APPLICABLE_GLOBAL_BASELINE,HF9g-P5,,,,X 全窗基线 · 不参与实体赏罚,15057133,1506,A168_HF9F_20260827_0900,2026-08-27 09:00:00
2026-06-05,129715983,2169,0,36.0017486563,14.1435441150,14.1435441150,0.3333333,3,3,0.50665070000000000,0.506650700000,-0.6004420894325239,-0.6004420894325239,-0.6004420894325239,0E-17,ELIGIBLE,R03b_20260811_FULL_v1,L1_ELIGIBILITY,v2026-08-11,2026-03-21..2026-08-06,baccarat_bet02_101_all_pairs_incl_sentinel,round_win = game_pnl > 0 (decisive only),COMPATIBILITY_ONLY_NOT_PRODUCTION,76923.7325,61625.2641,9905.0081,490,473,-0.12876401,,-0.12876401,-0.12876401,-9905.0081,76923.7325,OK,0.0000,396.2003,4.0000,96.0000,AG03-UNRESOLVED,ALL5_LEVELS_bet23_to_bet27,396.2003,396.2003,396.2003,495.2504,495.2504,4.000000,4.000000,4.000000,5.000000,5.000000,96.000000,96.000000,96.000000,95.000000,95.000000,5.0,2179.1018,1996.1143,7725.9063,7908.8938,PENDING_AG03,FALSE,NOT_FOR_ENFORCEMENT,9508.8077,59160.2535,9905.0081,9508.8077,396.2003,0.12876401,0.12361345,396.2003,9508.8077,0.12361345,396.2003,396.2003,396.2003,495.2504,495.2504,9508.8077,0.12361345,2179.1018,1996.1143,7725.9063,7908.8938,0.10043593,0.10281474,0.00515056,156.9872,130.2860,20.9408,825.4173,51.3213,6410.3110,39.4167,,156.9872,10.2862,25.7155,51.8914,259.4572,778.3716,2594.5723,12.9729,0.0,30.268539,100.895134,6.104762,29,62,9,2,0E-8,0.12876401,,0E-8,0.000000,0.801122,0.000000,,2026-05-03,2026-06-05,12,193,107,34,0.352941,,,0.000000,,,,,,,,GLOBAL_BASELINE_NO_ENTITY_RANKING,,,NOT_APPLICABLE_GLOBAL_BASELINE,HF9g-P5,,,,X 全窗基线 · 不参与实体赏罚,15057134,1506,A168_HF9F_20260827_0900,2026-08-27 09:00:00
2026-06-05,129715983,2188,0,69.4319438373,18.0008743282,18.0008743282,0.5000000,3,3,0.50218230000000000,0.502182300000,-0.00617253530718887,-0.00617253530718887,-0.00617253530718887,0E-17,ELIGIBLE,R03b_20260811_FULL_v1,L1_ELIGIBILITY,v2026-08-11,2026-03-21..2026-08-06,baccarat_bet02_101_all_pairs_incl_sentinel,round_win = game_pnl > 0 (decisive only),COMPATIBILITY_ONLY_NOT_PRODUCTION,76923.7325,61625.2641,9905.0081,490,473,-0.12876401,,-0.12876401,-0.12876401,-9905.0081,76923.7325,OK,0.0000,396.2003,4.0000,96.0000,AG03-UNRESOLVED,ALL5_LEVELS_bet23_to_bet27,396.2003,396.2003,396.2003,495.2504,495.2504,4.000000,4.000000,4.000000,5.000000,5.000000,96.000000,96.000000,96.000000,95.000000,95.000000,5.0,2179.1018,1996.1143,7725.9063,7908.8938,PENDING_AG03,FALSE,NOT_FOR_ENFORCEMENT,9508.8077,59160.2535,9905.0081,9508.8077,396.2003,0.12876401,0.12361345,396.2003,9508.8077,0.12361345,396.2003,396.2003,396.2003,495.2504,495.2504,9508.8077,0.12361345,2179.1018,1996.1143,7725.9063,7908.8938,0.10043593,0.10281474,0.00515056,156.9872,130.2860,20.9408,825.4173,51.3213,6410.3110,39.4167,,156.9872,10.2862,25.7155,51.8914,259.4572,778.3716,2594.5723,12.9729,0.0,30.268539,100.895134,6.104762,29,62,9,2,0E-8,0.12876401,,0E-8,0.000000,0.801122,0.000000,,2026-05-03,2026-06-05,12,193,107,34,0.352941,,,0.000000,,,,,,,,GLOBAL_BASELINE_NO_ENTITY_RANKING,,,NOT_APPLICABLE_GLOBAL_BASELINE,HF9g-P5,,,,X 全窗基线 · 不参与实体赏罚,15057135,1506,A168_HF9F_20260827_0900,2026-08-27 09:00:00
2026-06-05,129715983,2196,0,23.1439812792,-2.8287088229,-2.8287088229,0.7500000,4,4,0.49659680000000000,0.496596800000,1.0136362796769356,1.0136362796769358,1.0136362796769356,0E-17,ELIGIBLE,R03b_20260811_FULL_v1,L1_ELIGIBILITY,v2026-08-11,2026-03-21..2026-08-06,baccarat_bet02_101_all_pairs_incl_sentinel,round_win = game_pnl > 0 (decisive only),COMPATIBILITY_ONLY_NOT_PRODUCTION,76923.7325,61625.2641,9905.0081,490,473,-0.12876401,,-0.12876401,-0.12876401,-9905.0081,76923.7325,OK,0.0000,396.2003,4.0000,96.0000,AG03-UNRESOLVED,ALL5_LEVELS_bet23_to_bet27,396.2003,396.2003,396.2003,495.2504,495.2504,4.000000,4.000000,4.000000,5.000000,5.000000,96.000000,96.000000,96.000000,95.000000,95.000000,5.0,2179.1018,1996.1143,7725.9063,7908.8938,PENDING_AG03,FALSE,NOT_FOR_ENFORCEMENT,9508.8077,59160.2535,9905.0081,9508.8077,396.2003,0.12876401,0.12361345,396.2003,9508.8077,0.12361345,396.2003,396.2003,396.2003,495.2504,495.2504,9508.8077,0.12361345,2179.1018,1996.1143,7725.9063,7908.8938,0.10043593,0.10281474,0.00515056,156.9872,130.2860,20.9408,825.4173,51.3213,6410.3110,39.4167,,156.9872,10.2862,25.7155,51.8914,259.4572,778.3716,2594.5723,12.9729,0.0,30.268539,100.895134,6.104762,29,62,9,2,0E-8,0.12876401,,0E-8,0.000000,0.801122,0.000000,,2026-05-03,2026-06-05,12,193,107,34,0.352941,,,0.000000,,,,,,,,GLOBAL_BASELINE_NO_ENTITY_RANKING,,,NOT_APPLICABLE_GLOBAL_BASELINE,HF9g-P5,,,,X 全窗基线 · 不参与实体赏罚,15057136,1506,A168_HF9F_20260827_0900,2026-08-27 09:00:00
2026-06-05,129715983,2220,0,167.1509759043,30.3443310105,30.3443310105,0.5555556,11,10,0.50329940000000000,0.503299400000,0.31354375990769845,0.31354375990769845,0.31354375990769845,0E-17,ELIGIBLE,R03b_20260811_FULL_v1,L1_ELIGIBILITY,v2026-08-11,2026-03-21..2026-08-06,baccarat_bet02_101_all_pairs_incl_sentinel,round_win = game_pnl > 0 (decisive only),COMPATIBILITY_ONLY_NOT_PRODUCTION,76923.7325,61625.2641,9905.0081,490,473,-0.12876401,,-0.12876401,-0.12876401,-9905.0081,76923.7325,OK,0.0000,396.2003,4.0000,96.0000,AG03-UNRESOLVED,ALL5_LEVELS_bet23_to_bet27,396.2003,396.2003,396.2003,495.2504,495.2504,4.000000,4.000000,4.000000,5.000000,5.000000,96.000000,96.000000,96.000000,95.000000,95.000000,5.0,2179.1018,1996.1143,7725.9063,7908.8938,PENDING_AG03,FALSE,NOT_FOR_ENFORCEMENT,9508.8077,59160.2535,9905.0081,9508.8077,396.2003,0.12876401,0.12361345,396.2003,9508.8077,0.12361345,396.2003,396.2003,396.2003,495.2504,495.2504,9508.8077,0.12361345,2179.1018,1996.1143,7725.9063,7908.8938,0.10043593,0.10281474,0.00515056,156.9872,130.2860,20.9408,825.4173,51.3213,6410.3110,39.4167,,156.9872,10.2862,25.7155,51.8914,259.4572,778.3716,2594.5723,12.9729,0.0,30.268539,100.895134,6.104762,29,62,9,2,0E-8,0.12876401,,0E-8,0.000000,0.801122,0.000000,,2026-05-03,2026-06-05,12,193,107,34,0.352941,,,0.000000,,,,,,,,GLOBAL_BASELINE_NO_ENTITY_RANKING,,,NOT_APPLICABLE_GLOBAL_BASELINE,HF9g-P5,,,,X 全窗基线 · 不参与实体赏罚,15057137,1506,A168_HF9F_20260827_0900,2026-08-27 09:00:00
2026-06-05,129715983,2246,0,12.8577673773,12.2148790084,12.2148790084,1.0000000,2,2,0.50665070000000000,0.506650700000,1.3955260008387969,1.3955260008387969,1.3955260008387969,0E-17,ELIGIBLE,R03b_20260811_FULL_v1,L1_ELIGIBILITY,v2026-08-11,2026-03-21..2026-08-06,baccarat_bet02_101_all_pairs_incl_sentinel,round_win = game_pnl > 0 (decisive only),COMPATIBILITY_ONLY_NOT_PRODUCTION,76923.7325,61625.2641,9905.0081,490,473,-0.12876401,,-0.12876401,-0.12876401,-9905.0081,76923.7325,OK,0.0000,396.2003,4.0000,96.0000,AG03-UNRESOLVED,ALL5_LEVELS_bet23_to_bet27,396.2003,396.2003,396.2003,495.2504,495.2504,4.000000,4.000000,4.000000,5.000000,5.000000,96.000000,96.000000,96.000000,95.000000,95.000000,5.0,2179.1018,1996.1143,7725.9063,7908.8938,PENDING_AG03,FALSE,NOT_FOR_ENFORCEMENT,9508.8077,59160.2535,9905.0081,9508.8077,396.2003,0.12876401,0.12361345,396.2003,9508.8077,0.12361345,396.2003,396.2003,396.2003,495.2504,495.2504,9508.8077,0.12361345,2179.1018,1996.1143,7725.9063,7908.8938,0.10043593,0.10281474,0.00515056,156.9872,130.2860,20.9408,825.4173,51.3213,6410.3110,39.4167,,156.9872,10.2862,25.7155,51.8914,259.4572,778.3716,2594.5723,12.9729,0.0,30.268539,100.895134,6.104762,29,62,9,2,0E-8,0.12876401,,0E-8,0.000000,0.801122,0.000000,,2026-05-03,2026-06-05,12,193,107,34,0.352941,,,0.000000,,,,,,,,GLOBAL_BASELINE_NO_ENTITY_RANKING,,,NOT_APPLICABLE_GLOBAL_BASELINE,HF9g-P5,,,,X 全窗基线 · 不参与实体赏罚,15057138,1506,A168_HF9F_20260827_0900,2026-08-27 09:00:00
2026-06-05,129715983,2251,0,5.1431069510,-0.1285776738,-0.1285776738,0.5000000,2,2,0.50665070000000000,0.506650700000,-0.018812684590367487,-0.018812684590367487,-0.018812684590367487,0E-17,ELIGIBLE,R03b_20260811_FULL_v1,L1_ELIGIBILITY,v2026-08-11,2026-03-21..2026-08-06,baccarat_bet02_101_all_pairs_incl_sentinel,round_win = game_pnl > 0 (decisive only),COMPATIBILITY_ONLY_NOT_PRODUCTION,76923.7325,61625.2641,9905.0081,490,473,-0.12876401,,-0.12876401,-0.12876401,-9905.0081,76923.7325,OK,0.0000,396.2003,4.0000,96.0000,AG03-UNRESOLVED,ALL5_LEVELS_bet23_to_bet27,396.2003,396.2003,396.2003,495.2504,495.2504,4.000000,4.000000,4.000000,5.000000,5.000000,96.000000,96.000000,96.000000,95.000000,95.000000,5.0,2179.1018,1996.1143,7725.9063,7908.8938,PENDING_AG03,FALSE,NOT_FOR_ENFORCEMENT,9508.8077,59160.2535,9905.0081,9508.8077,396.2003,0.12876401,0.12361345,396.2003,9508.8077,0.12361345,396.2003,396.2003,396.2003,495.2504,495.2504,9508.8077,0.12361345,2179.1018,1996.1143,7725.9063,7908.8938,0.10043593,0.10281474,0.00515056,156.9872,130.2860,20.9408,825.4173,51.3213,6410.3110,39.4167,,156.9872,10.2862,25.7155,51.8914,259.4572,778.3716,2594.5723,12.9729,0.0,30.268539,100.895134,6.104762,29,62,9,2,0E-8,0.12876401,,0E-8,0.000000,0.801122,0.000000,,2026-05-03,2026-06-05,12,193,107,34,0.352941,,,0.000000,,,,,,,,GLOBAL_BASELINE_NO_ENTITY_RANKING,,,NOT_APPLICABLE_GLOBAL_BASELINE,HF9g-P5,,,,X 全窗基线 · 不参与实体赏罚,15057139,1506,A168_HF9F_20260827_0900,2026-08-27 09:00:00
2026-06-05,129715983,801,0,259.7269010209,31.3729524007,31.3729524007,0.6666667,7,6,0.49867141428571393,0.498831000000,0.8230082005413492,0.82222573519267,0.8230082005413492,-0.00015958571428607,ELIGIBLE,R03b_20260811_FULL_v1,L1_ELIGIBILITY,v2026-08-11,2026-03-21..2026-08-06,baccarat_bet02_101_all_pairs_incl_sentinel,round_win = game_pnl > 0 (decisive only),COMPATIBILITY_ONLY_NOT_PRODUCTION,76923.7325,61625.2641,9905.0081,490,473,-0.12876401,,-0.12876401,-0.12876401,-9905.0081,76923.7325,OK,0.0000,396.2003,4.0000,96.0000,AG03-UNRESOLVED,ALL5_LEVELS_bet23_to_bet27,396.2003,396.2003,396.2003,495.2504,495.2504,4.000000,4.000000,4.000000,5.000000,5.000000,96.000000,96.000000,96.000000,95.000000,95.000000,5.0,2179.1018,1996.1143,7725.9063,7908.8938,PENDING_AG03,FALSE,NOT_FOR_ENFORCEMENT,9508.8077,59160.2535,9905.0081,9508.8077,396.2003,0.12876401,0.12361345,396.2003,9508.8077,0.12361345,396.2003,396.2003,396.2003,495.2504,495.2504,9508.8077,0.12361345,2179.1018,1996.1143,7725.9063,7908.8938,0.10043593,0.10281474,0.00515056,156.9872,130.2860,20.9408,825.4173,51.3213,6410.3110,39.4167,,156.9872,10.2862,25.7155,51.8914,259.4572,778.3716,2594.5723,12.9729,0.0,30.268539,100.895134,6.104762,29,62,9,2,0E-8,0.12876401,,0E-8,0.000000,0.801122,0.000000,,2026-05-03,2026-06-05,12,193,107,34,0.352941,,,0.000000,,,,,,,,GLOBAL_BASELINE_NO_ENTITY_RANKING,,,NOT_APPLICABLE_GLOBAL_BASELINE,HF9g-P5,,,,X 全窗基线 · 不参与实体赏罚,15057140,1506,A168_HF9F_20260827_0900,2026-08-27 09:00:00
2026-06-05,129715983,948,0,12.8577673773,12.8577673773,12.8577673773,1.0000000,1,1,0.49324550000000000,0.493245500000,1.01360149184955,1.01360149184955,1.01360149184955,0E-17,ELIGIBLE,R03b_20260811_FULL_v1,L1_ELIGIBILITY,v2026-08-11,2026-03-21..2026-08-06,baccarat_bet02_101_all_pairs_incl_sentinel,round_win = game_pnl > 0 (decisive only),COMPATIBILITY_ONLY_NOT_PRODUCTION,76923.7325,61625.2641,9905.0081,490,473,-0.12876401,,-0.12876401,-0.12876401,-9905.0081,76923.7325,OK,0.0000,396.2003,4.0000,96.0000,AG03-UNRESOLVED,ALL5_LEVELS_bet23_to_bet27,396.2003,396.2003,396.2003,495.2504,495.2504,4.000000,4.000000,4.000000,5.000000,5.000000,96.000000,96.000000,96.000000,95.000000,95.000000,5.0,2179.1018,1996.1143,7725.9063,7908.8938,PENDING_AG03,FALSE,NOT_FOR_ENFORCEMENT,9508.8077,59160.2535,9905.0081,9508.8077,396.2003,0.12876401,0.12361345,396.2003,9508.8077,0.12361345,396.2003,396.2003,396.2003,495.2504,495.2504,9508.8077,0.12361345,2179.1018,1996.1143,7725.9063,7908.8938,0.10043593,0.10281474,0.00515056,156.9872,130.2860,20.9408,825.4173,51.3213,6410.3110,39.4167,,156.9872,10.2862,25.7155,51.8914,259.4572,778.3716,2594.5723,12.9729,0.0,30.268539,100.895134,6.104762,29,62,9,2,0E-8,0.12876401,,0E-8,0.000000,0.801122,0.000000,,2026-05-03,2026-06-05,12,193,107,34,0.352941,,,0.000000,,,,,,,,GLOBAL_BASELINE_NO_ENTITY_RANKING,,,NOT_APPLICABLE_GLOBAL_BASELINE,HF9g-P5,,,,X 全窗基线 · 不参与实体赏罚,15057141,1506,A168_HF9F_20260827_0900,2026-08-27 09:00:00
2026-04-02,148098385,1004,0,6898.3957219257,914.4385026737,914.4385026737,0.4375000,17,17,0.50270799411764706,0.502707994118,-0.5216716040752328,-0.5216716040780583,-0.5216716040752328,-3.5294E-13,ELIGIBLE,R03b_20260811_FULL_v1,L1_ELIGIBILITY,v2026-08-11,2026-03-21..2026-08-06,baccarat_bet02_101_all_pairs_incl_sentinel,round_win = game_pnl > 0 (decisive only),COMPATIBILITY_ONLY_NOT_PRODUCTION,121566.2278,109975.9832,9905.3015,323,323,-0.08148070,,-0.08148070,-0.08148070,-9905.3015,121566.2278,OK,0.0000,396.2121,4.0000,96.0000,AG03-UNRESOLVED,ALL5_LEVELS_bet23_to_bet27,396.2121,396.2121,396.2121,396.2121,396.2121,4.000000,4.000000,4.000000,4.000000,4.000000,96.000000,96.000000,96.000000,96.000000,96.000000,5.0,1981.0603,1828.7891,7924.2412,8076.5124,PENDING_AG03,FALSE,NOT_FOR_ENFORCEMENT,9509.0895,105576.9439,9905.3015,9509.0895,396.2121,0.08148070,0.07822147,396.2121,9509.0895,0.07822147,396.2121,396.2121,396.2121,396.2121,396.2121,9509.0895,0.07822147,1981.0603,1828.7891,7924.2412,8076.5124,0.06518456,0.06643714,0.00325923,376.3660,340.4829,30.6666,1238.1627,165.0884,15195.7785,40.3750,,376.3660,106.9519,267.3797,534.7593,535.1612,1069.5187,2673.7969,267.3797,0.0,4.0,10.000001,1.407609,15,51,8,2,0E-8,0.08148070,,0E-8,0.000000,0.904659,0.000000,,2026-04-02,2026-05-01,8,60,37,30,0.266667,,,0.000000,,,,,,,,GLOBAL_BASELINE_NO_ENTITY_RANKING,,,NOT_APPLICABLE_GLOBAL_BASELINE,HF9g-P5,,,,X 全窗基线 · 不参与实体赏罚,15057142,1506,A168_HF9F_20260827_0900,2026-08-27 09:00:00
2026-04-02,148098385,1017,0,106.9518716578,-106.9518716578,-106.9518716578,0E-7,1,1,0.50665070000000000,0.506650700000,-1.013391052207602,-1.013391052207602,-1.013391052207602,0E-17,ELIGIBLE,R03b_20260811_FULL_v1,L1_ELIGIBILITY,v2026-08-11,2026-03-21..2026-08-06,baccarat_bet02_101_all_pairs_incl_sentinel,round_win = game_pnl > 0 (decisive only),COMPATIBILITY_ONLY_NOT_PRODUCTION,121566.2278,109975.9832,9905.3015,323,323,-0.08148070,,-0.08148070,-0.08148070,-9905.3015,121566.2278,OK,0.0000,396.2121,4.0000,96.0000,AG03-UNRESOLVED,ALL5_LEVELS_bet23_to_bet27,396.2121,396.2121,396.2121,396.2121,396.2121,4.000000,4.000000,4.000000,4.000000,4.000000,96.000000,96.000000,96.000000,96.000000,96.000000,5.0,1981.0603,1828.7891,7924.2412,8076.5124,PENDING_AG03,FALSE,NOT_FOR_ENFORCEMENT,9509.0895,105576.9439,9905.3015,9509.0895,396.2121,0.08148070,0.07822147,396.2121,9509.0895,0.07822147,396.2121,396.2121,396.2121,396.2121,396.2121,9509.0895,0.07822147,1981.0603,1828.7891,7924.2412,8076.5124,0.06518456,0.06643714,0.00325923,376.3660,340.4829,30.6666,1238.1627,165.0884,15195.7785,40.3750,,376.3660,106.9519,267.3797,534.7593,535.1612,1069.5187,2673.7969,267.3797,0.0,4.0,10.000001,1.407609,15,51,8,2,0E-8,0.08148070,,0E-8,0.000000,0.904659,0.000000,,2026-04-02,2026-05-01,8,60,37,30,0.266667,,,0.000000,,,,,,,,GLOBAL_BASELINE_NO_ENTITY_RANKING,,,NOT_APPLICABLE_GLOBAL_BASELINE,HF9g-P5,,,,X 全窗基线 · 不参与实体赏罚,15057143,1506,A168_HF9F_20260827_0900,2026-08-27 09:00:00
2026-04-02,148098385,1205,0,6951.8716577543,371.6577540107,371.6577540107,0.4545455,12,12,0.50441650000000000,0.504416500000,-0.33081999720326294,-0.33081999720326294,-0.33081999720326294,0E-17,ELIGIBLE,R03b_20260811_FULL_v1,L1_ELIGIBILITY,v2026-08-11,2026-03-21..2026-08-06,baccarat_bet02_101_all_pairs_incl_sentinel,round_win = game_pnl > 0 (decisive only),COMPATIBILITY_ONLY_NOT_PRODUCTION,121566.2278,109975.9832,9905.3015,323,323,-0.08148070,,-0.08148070,-0.08148070,-9905.3015,121566.2278,OK,0.0000,396.2121,4.0000,96.0000,AG03-UNRESOLVED,ALL5_LEVELS_bet23_to_bet27,396.2121,396.2121,396.2121,396.2121,396.2121,4.000000,4.000000,4.000000,4.000000,4.000000,96.000000,96.000000,96.000000,96.000000,96.000000,5.0,1981.0603,1828.7891,7924.2412,8076.5124,PENDING_AG03,FALSE,NOT_FOR_ENFORCEMENT,9509.0895,105576.9439,9905.3015,9509.0895,396.2121,0.08148070,0.07822147,396.2121,9509.0895,0.07822147,396.2121,396.2121,396.2121,396.2121,396.2121,9509.0895,0.07822147,1981.0603,1828.7891,7924.2412,8076.5124,0.06518456,0.06643714,0.00325923,376.3660,340.4829,30.6666,1238.1627,165.0884,15195.7785,40.3750,,376.3660,106.9519,267.3797,534.7593,535.1612,1069.5187,2673.7969,267.3797,0.0,4.0,10.000001,1.407609,15,51,8,2,0E-8,0.08148070,,0E-8,0.000000,0.904659,0.000000,,2026-04-02,2026-05-01,8,60,37,30,0.266667,,,0.000000,,,,,,,,GLOBAL_BASELINE_NO_ENTITY_RANKING,,,NOT_APPLICABLE_GLOBAL_BASELINE,HF9g-P5,,,,X 全窗基线 · 不参与实体赏罚,15057144,1506,A168_HF9F_20260827_0900,2026-08-27 09:00:00
2026-04-02,148098385,1210,0,53.4759358289,-53.4759358289,-53.4759358289,0E-7,1,1,0.50665070000000000,0.506650700000,-1.013391052207602,-1.013391052207602,-1.013391052207602,0E-17,ELIGIBLE,R03b_20260811_FULL_v1,L1_ELIGIBILITY,v2026-08-11,2026-03-21..2026-08-06,baccarat_bet02_101_all_pairs_incl_sentinel,round_win = game_pnl > 0 (decisive only),COMPATIBILITY_ONLY_NOT_PRODUCTION,121566.2278,109975.9832,9905.3015,323,323,-0.08148070,,-0.08148070,-0.08148070,-9905.3015,121566.2278,OK,0.0000,396.2121,4.0000,96.0000,AG03-UNRESOLVED,ALL5_LEVELS_bet23_to_bet27,396.2121,396.2121,396.2121,396.2121,396.2121,4.000000,4.000000,4.000000,4.000000,4.000000,96.000000,96.000000,96.000000,96.000000,96.000000,5.0,1981.0603,1828.7891,7924.2412,8076.5124,PENDING_AG03,FALSE,NOT_FOR_ENFORCEMENT,9509.0895,105576.9439,9905.3015,9509.0895,396.2121,0.08148070,0.07822147,396.2121,9509.0895,0.07822147,396.2121,396.2121,396.2121,396.2121,396.2121,9509.0895,0.07822147,1981.0603,1828.7891,7924.2412,8076.5124,0.06518456,0.06643714,0.00325923,376.3660,340.4829,30.6666,1238.1627,165.0884,15195.7785,40.3750,,376.3660,106.9519,267.3797,534.7593,535.1612,1069.5187,2673.7969,267.3797,0.0,4.0,10.000001,1.407609,15,51,8,2,0E-8,0.08148070,,0E-8,0.000000,0.904659,0.000000,,2026-04-02,2026-05-01,8,60,37,30,0.266667,,,0.000000,,,,,,,,GLOBAL_BASELINE_NO_ENTITY_RANKING,,,NOT_APPLICABLE_GLOBAL_BASELINE,HF9g-P5,,,,X 全窗基线 · 不参与实体赏罚,15057145,1506,A168_HF9F_20260827_0900,2026-08-27 09:00:00
2026-04-02,148098385,1306,0,5882.3529411766,-3796.7914438504,-3796.7914438504,0.2222222,9,9,0.50367176666666667,0.503671766667,-1.6887428021039554,-1.6887428021059638,-1.6887428021039554,-3.3333E-13,ELIGIBLE,R03b_20260811_FULL_v1,L1_ELIGIBILITY,v2026-08-11,2026-03-21..2026-08-06,baccarat_bet02_101_all_pairs_incl_sentinel,round_win = game_pnl > 0 (decisive only),COMPATIBILITY_ONLY_NOT_PRODUCTION,121566.2278,109975.9832,9905.3015,323,323,-0.08148070,,-0.08148070,-0.08148070,-9905.3015,121566.2278,OK,0.0000,396.2121,4.0000,96.0000,AG03-UNRESOLVED,ALL5_LEVELS_bet23_to_bet27,396.2121,396.2121,396.2121,396.2121,396.2121,4.000000,4.000000,4.000000,4.000000,4.000000,96.000000,96.000000,96.000000,96.000000,96.000000,5.0,1981.0603,1828.7891,7924.2412,8076.5124,PENDING_AG03,FALSE,NOT_FOR_ENFORCEMENT,9509.0895,105576.9439,9905.3015,9509.0895,396.2121,0.08148070,0.07822147,396.2121,9509.0895,0.07822147,396.2121,396.2121,396.2121,396.2121,396.2121,9509.0895,0.07822147,1981.0603,1828.7891,7924.2412,8076.5124,0.06518456,0.06643714,0.00325923,376.3660,340.4829,30.6666,1238.1627,165.0884,15195.7785,40.3750,,376.3660,106.9519,267.3797,534.7593,535.1612,1069.5187,2673.7969,267.3797,0.0,4.0,10.000001,1.407609,15,51,8,2,0E-8,0.08148070,,0E-8,0.000000,0.904659,0.000000,,2026-04-02,2026-05-01,8,60,37,30,0.266667,,,0.000000,,,,,,,,GLOBAL_BASELINE_NO_ENTITY_RANKING,,,NOT_APPLICABLE_GLOBAL_BASELINE,HF9g-P5,,,,X 全窗基线 · 不参与实体赏罚,15057146,1506,A168_HF9F_20260827_0900,2026-08-27 09:00:00
2026-04-02,148098385,1331,0,855.6149732620,409.0909090909,409.0909090909,0.6000000,5,5,0.50128862000000000,0.501288620000,0.4414521777673877,0.4414521777673877,0.4414521777673877,0E-17,ELIGIBLE,R03b_20260811_FULL_v1,L1_ELIGIBILITY,v2026-08-11,2026-03-21..2026-08-06,baccarat_bet02_101_all_pairs_incl_sentinel,round_win = game_pnl > 0 (decisive only),COMPATIBILITY_ONLY_NOT_PRODUCTION,121566.2278,109975.9832,9905.3015,323,323,-0.08148070,,-0.08148070,-0.08148070,-9905.3015,121566.2278,OK,0.0000,396.2121,4.0000,96.0000,AG03-UNRESOLVED,ALL5_LEVELS_bet23_to_bet27,396.2121,396.2121,396.2121,396.2121,396.2121,4.000000,4.000000,4.000000,4.000000,4.000000,96.000000,96.000000,96.000000,96.000000,96.000000,5.0,1981.0603,1828.7891,7924.2412,8076.5124,PENDING_AG03,FALSE,NOT_FOR_ENFORCEMENT,9509.0895,105576.9439,9905.3015,9509.0895,396.2121,0.08148070,0.07822147,396.2121,9509.0895,0.07822147,396.2121,396.2121,396.2121,396.2121,396.2121,9509.0895,0.07822147,1981.0603,1828.7891,7924.2412,8076.5124,0.06518456,0.06643714,0.00325923,376.3660,340.4829,30.6666,1238.1627,165.0884,15195.7785,40.3750,,376.3660,106.9519,267.3797,534.7593,535.1612,1069.5187,2673.7969,267.3797,0.0,4.0,10.000001,1.407609,15,51,8,2,0E-8,0.08148070,,0E-8,0.000000,0.904659,0.000000,,2026-04-02,2026-05-01,8,60,37,30,0.266667,,,0.000000,,,,,,,,GLOBAL_BASELINE_NO_ENTITY_RANKING,,,NOT_APPLICABLE_GLOBAL_BASELINE,HF9g-P5,,,,X 全窗基线 · 不参与实体赏罚,15057147,1506,A168_HF9F_20260827_0900,2026-08-27 09:00:00
2026-04-02,148098385,1383,0,96.2566844920,-96.2566844920,-96.2566844920,0E-7,1,1,0.50665070000000000,0.506650700000,-1.013391052207602,-1.013391052207602,-1.013391052207602,0E-17,ELIGIBLE,R03b_20260811_FULL_v1,L1_ELIGIBILITY,v2026-08-11,2026-03-21..2026-08-06,baccarat_bet02_101_all_pairs_incl_sentinel,round_win = game_pnl > 0 (decisive only),COMPATIBILITY_ONLY_NOT_PRODUCTION,121566.2278,109975.9832,9905.3015,323,323,-0.08148070,,-0.08148070,-0.08148070,-9905.3015,121566.2278,OK,0.0000,396.2121,4.0000,96.0000,AG03-UNRESOLVED,ALL5_LEVELS_bet23_to_bet27,396.2121,396.2121,396.2121,396.2121,396.2121,4.000000,4.000000,4.000000,4.000000,4.000000,96.000000,96.000000,96.000000,96.000000,96.000000,5.0,1981.0603,1828.7891,7924.2412,8076.5124,PENDING_AG03,FALSE,NOT_FOR_ENFORCEMENT,9509.0895,105576.9439,9905.3015,9509.0895,396.2121,0.08148070,0.07822147,396.2121,9509.0895,0.07822147,396.2121,396.2121,396.2121,396.2121,396.2121,9509.0895,0.07822147,1981.0603,1828.7891,7924.2412,8076.5124,0.06518456,0.06643714,0.00325923,376.3660,340.4829,30.6666,1238.1627,165.0884,15195.7785,40.3750,,376.3660,106.9519,267.3797,534.7593,535.1612,1069.5187,2673.7969,267.3797,0.0,4.0,10.000001,1.407609,15,51,8,2,0E-8,0.08148070,,0E-8,0.000000,0.904659,0.000000,,2026-04-02,2026-05-01,8,60,37,30,0.266667,,,0.000000,,,,,,,,GLOBAL_BASELINE_NO_ENTITY_RANKING,,,NOT_APPLICABLE_GLOBAL_BASELINE,HF9g-P5,,,,X 全窗基线 · 不参与实体赏罚,15057148,1506,A168_HF9F_20260827_0900,2026-08-27 09:00:00
2026-04-02,148098385,1400,0,909.0909090910,-700.5347593583,-700.5347593583,0.2000000,5,5,0.50396966000000000,0.503969660000,-1.3594364909357963,-1.3594364909357963,-1.3594364909357963,0E-17,ELIGIBLE,R03b_20260811_FULL_v1,L1_ELIGIBILITY,v2026-08-11,2026-03-21..2026-08-06,baccarat_bet02_101_all_pairs_incl_sentinel,round_win = game_pnl > 0 (decisive only),COMPATIBILITY_ONLY_NOT_PRODUCTION,121566.2278,109975.9832,9905.3015,323,323,-0.08148070,,-0.08148070,-0.08148070,-9905.3015,121566.2278,OK,0.0000,396.2121,4.0000,96.0000,AG03-UNRESOLVED,ALL5_LEVELS_bet23_to_bet27,396.2121,396.2121,396.2121,396.2121,396.2121,4.000000,4.000000,4.000000,4.000000,4.000000,96.000000,96.000000,96.000000,96.000000,96.000000,5.0,1981.0603,1828.7891,7924.2412,8076.5124,PENDING_AG03,FALSE,NOT_FOR_ENFORCEMENT,9509.0895,105576.9439,9905.3015,9509.0895,396.2121,0.08148070,0.07822147,396.2121,9509.0895,0.07822147,396.2121,396.2121,396.2121,396.2121,396.2121,9509.0895,0.07822147,1981.0603,1828.7891,7924.2412,8076.5124,0.06518456,0.06643714,0.00325923,376.3660,340.4829,30.6666,1238.1627,165.0884,15195.7785,40.3750,,376.3660,106.9519,267.3797,534.7593,535.1612,1069.5187,2673.7969,267.3797,0.0,4.0,10.000001,1.407609,15,51,8,2,0E-8,0.08148070,,0E-8,0.000000,0.904659,0.000000,,2026-04-02,2026-05-01,8,60,37,30,0.266667,,,0.000000,,,,,,,,GLOBAL_BASELINE_NO_ENTITY_RANKING,,,NOT_APPLICABLE_GLOBAL_BASELINE,HF9g-P5,,,,X 全窗基线 · 不参与实体赏罚,15057149,1506,A168_HF9F_20260827_0900,2026-08-27 09:00:00
2026-04-02,148098385,1401,0,534.7593582888,-534.7593582888,-534.7593582888,0E-7,1,1,0.50665070000000000,0.506650700000,-1.013391052207602,-1.013391052207602,-1.013391052207602,0E-17,ELIGIBLE,R03b_20260811_FULL_v1,L1_ELIGIBILITY,v2026-08-11,2026-03-21..2026-08-06,baccarat_bet02_101_all_pairs_incl_sentinel,round_win = game_pnl > 0 (decisive only),COMPATIBILITY_ONLY_NOT_PRODUCTION,121566.2278,109975.9832,9905.3015,323,323,-0.08148070,,-0.08148070,-0.08148070,-9905.3015,121566.2278,OK,0.0000,396.2121,4.0000,96.0000,AG03-UNRESOLVED,ALL5_LEVELS_bet23_to_bet27,396.2121,396.2121,396.2121,396.2121,396.2121,4.000000,4.000000,4.000000,4.000000,4.000000,96.000000,96.000000,96.000000,96.000000,96.000000,5.0,1981.0603,1828.7891,7924.2412,8076.5124,PENDING_AG03,FALSE,NOT_FOR_ENFORCEMENT,9509.0895,105576.9439,9905.3015,9509.0895,396.2121,0.08148070,0.07822147,396.2121,9509.0895,0.07822147,396.2121,396.2121,396.2121,396.2121,396.2121,9509.0895,0.07822147,1981.0603,1828.7891,7924.2412,8076.5124,0.06518456,0.06643714,0.00325923,376.3660,340.4829,30.6666,1238.1627,165.0884,15195.7785,40.3750,,376.3660,106.9519,267.3797,534.7593,535.1612,1069.5187,2673.7969,267.3797,0.0,4.0,10.000001,1.407609,15,51,8,2,0E-8,0.08148070,,0E-8,0.000000,0.904659,0.000000,,2026-04-02,2026-05-01,8,60,37,30,0.266667,,,0.000000,,,,,,,,GLOBAL_BASELINE_NO_ENTITY_RANKING,,,NOT_APPLICABLE_GLOBAL_BASELINE,HF9g-P5,,,,X 全窗基线 · 不参与实体赏罚,15057150,1506,A168_HF9F_20260827_0900,2026-08-27 09:00:00
2026-04-02,148098385,1402,0,5053.4759358293,-927.8074866313,-927.8074866313,0.4444444,19,19,0.50523962631578947,0.505239626316,-0.5158925514561725,-0.5158925514579613,-0.5158925514561725,-2.1053E-13,ELIGIBLE,R03b_20260811_FULL_v1,L1_ELIGIBILITY,v2026-08-11,2026-03-21..2026-08-06,baccarat_bet02_101_all_pairs_incl_sentinel,round_win = game_pnl > 0 (decisive only),COMPATIBILITY_ONLY_NOT_PRODUCTION,121566.2278,109975.9832,9905.3015,323,323,-0.08148070,,-0.08148070,-0.08148070,-9905.3015,121566.2278,OK,0.0000,396.2121,4.0000,96.0000,AG03-UNRESOLVED,ALL5_LEVELS_bet23_to_bet27,396.2121,396.2121,396.2121,396.2121,396.2121,4.000000,4.000000,4.000000,4.000000,4.000000,96.000000,96.000000,96.000000,96.000000,96.000000,5.0,1981.0603,1828.7891,7924.2412,8076.5124,PENDING_AG03,FALSE,NOT_FOR_ENFORCEMENT,9509.0895,105576.9439,9905.3015,9509.0895,396.2121,0.08148070,0.07822147,396.2121,9509.0895,0.07822147,396.2121,396.2121,396.2121,396.2121,396.2121,9509.0895,0.07822147,1981.0603,1828.7891,7924.2412,8076.5124,0.06518456,0.06643714,0.00325923,376.3660,340.4829,30.6666,1238.1627,165.0884,15195.7785,40.3750,,376.3660,106.9519,267.3797,534.7593,535.1612,1069.5187,2673.7969,267.3797,0.0,4.0,10.000001,1.407609,15,51,8,2,0E-8,0.08148070,,0E-8,0.000000,0.904659,0.000000,,2026-04-02,2026-05-01,8,60,37,30,0.266667,,,0.000000,,,,,,,,GLOBAL_BASELINE_NO_ENTITY_RANKING,,,NOT_APPLICABLE_GLOBAL_BASELINE,HF9g-P5,,,,X 全窗基线 · 不参与实体赏罚,15057151,1506,A168_HF9F_20260827_0900,2026-08-27 09:00:00
2026-04-02,148098385,1490,0,2513.3689839576,1294.1176470588,1294.1176470588,0.6666667,15,15,0.50307598000000000,0.503075980000,1.2671919897978443,1.2671919897978445,1.2671919897978443,0E-17,ELIGIBLE,R03b_20260811_FULL_v1,L1_ELIGIBILITY,v2026-08-11,2026-03-21..2026-08-06,baccarat_bet02_101_all_pairs_incl_sentinel,round_win = game_pnl > 0 (decisive only),COMPATIBILITY_ONLY_NOT_PRODUCTION,121566.2278,109975.9832,9905.3015,323,323,-0.08148070,,-0.08148070,-0.08148070,-9905.3015,121566.2278,OK,0.0000,396.2121,4.0000,96.0000,AG03-UNRESOLVED,ALL5_LEVELS_bet23_to_bet27,396.2121,396.2121,396.2121,396.2121,396.2121,4.000000,4.000000,4.000000,4.000000,4.000000,96.000000,96.000000,96.000000,96.000000,96.000000,5.0,1981.0603,1828.7891,7924.2412,8076.5124,PENDING_AG03,FALSE,NOT_FOR_ENFORCEMENT,9509.0895,105576.9439,9905.3015,9509.0895,396.2121,0.08148070,0.07822147,396.2121,9509.0895,0.07822147,396.2121,396.2121,396.2121,396.2121,396.2121,9509.0895,0.07822147,1981.0603,1828.7891,7924.2412,8076.5124,0.06518456,0.06643714,0.00325923,376.3660,340.4829,30.6666,1238.1627,165.0884,15195.7785,40.3750,,376.3660,106.9519,267.3797,534.7593,535.1612,1069.5187,2673.7969,267.3797,0.0,4.0,10.000001,1.407609,15,51,8,2,0E-8,0.08148070,,0E-8,0.000000,0.904659,0.000000,,2026-04-02,2026-05-01,8,60,37,30,0.266667,,,0.000000,,,,,,,,GLOBAL_BASELINE_NO_ENTITY_RANKING,,,NOT_APPLICABLE_GLOBAL_BASELINE,HF9g-P5,,,,X 全窗基线 · 不参与实体赏罚,15057152,1506,A168_HF9F_20260827_0900,2026-08-27 09:00:00
2026-04-02,148098385,1623,0,53.4759358289,50.8021390374,50.8021390374,1.0000000,1,1,0.50665070000000000,0.506650700000,0.9867858985152569,0.9867858985152569,0.9867858985152569,0E-17,ELIGIBLE,R03b_20260811_FULL_v1,L1_ELIGIBILITY,v2026-08-11,2026-03-21..2026-08-06,baccarat_bet02_101_all_pairs_incl_sentinel,round_win = game_pnl > 0 (decisive only),COMPATIBILITY_ONLY_NOT_PRODUCTION,121566.2278,109975.9832,9905.3015,323,323,-0.08148070,,-0.08148070,-0.08148070,-9905.3015,121566.2278,OK,0.0000,396.2121,4.0000,96.0000,AG03-UNRESOLVED,ALL5_LEVELS_bet23_to_bet27,396.2121,396.2121,396.2121,396.2121,396.2121,4.000000,4.000000,4.000000,4.000000,4.000000,96.000000,96.000000,96.000000,96.000000,96.000000,5.0,1981.0603,1828.7891,7924.2412,8076.5124,PENDING_AG03,FALSE,NOT_FOR_ENFORCEMENT,9509.0895,105576.9439,9905.3015,9509.0895,396.2121,0.08148070,0.07822147,396.2121,9509.0895,0.07822147,396.2121,396.2121,396.2121,396.2121,396.2121,9509.0895,0.07822147,1981.0603,1828.7891,7924.2412,8076.5124,0.06518456,0.06643714,0.00325923,376.3660,340.4829,30.6666,1238.1627,165.0884,15195.7785,40.3750,,376.3660,106.9519,267.3797,534.7593,535.1612,1069.5187,2673.7969,267.3797,0.0,4.0,10.000001,1.407609,15,51,8,2,0E-8,0.08148070,,0E-8,0.000000,0.904659,0.000000,,2026-04-02,2026-05-01,8,60,37,30,0.266667,,,0.000000,,,,,,,,GLOBAL_BASELINE_NO_ENTITY_RANKING,,,NOT_APPLICABLE_GLOBAL_BASELINE,HF9g-P5,,,,X 全窗基线 · 不参与实体赏罚,15057153,1506,A168_HF9F_20260827_0900,2026-08-27 09:00:00
2026-04-02,148098385,1645,0,2620.3208556152,-1668.4491978610,-1668.4491978610,0.3333333,7,7,0.50282064285714286,0.502820642857,-0.8303280647496518,-0.8303280647489506,-0.8303280647496518,1.4286E-13,ELIGIBLE,R03b_20260811_FULL_v1,L1_ELIGIBILITY,v2026-08-11,2026-03-21..2026-08-06,baccarat_bet02_101_all_pairs_incl_sentinel,round_win = game_pnl > 0 (decisive only),COMPATIBILITY_ONLY_NOT_PRODUCTION,121566.2278,109975.9832,9905.3015,323,323,-0.08148070,,-0.08148070,-0.08148070,-9905.3015,121566.2278,OK,0.0000,396.2121,4.0000,96.0000,AG03-UNRESOLVED,ALL5_LEVELS_bet23_to_bet27,396.2121,396.2121,396.2121,396.2121,396.2121,4.000000,4.000000,4.000000,4.000000,4.000000,96.000000,96.000000,96.000000,96.000000,96.000000,5.0,1981.0603,1828.7891,7924.2412,8076.5124,PENDING_AG03,FALSE,NOT_FOR_ENFORCEMENT,9509.0895,105576.9439,9905.3015,9509.0895,396.2121,0.08148070,0.07822147,396.2121,9509.0895,0.07822147,396.2121,396.2121,396.2121,396.2121,396.2121,9509.0895,0.07822147,1981.0603,1828.7891,7924.2412,8076.5124,0.06518456,0.06643714,0.00325923,376.3660,340.4829,30.6666,1238.1627,165.0884,15195.7785,40.3750,,376.3660,106.9519,267.3797,534.7593,535.1612,1069.5187,2673.7969,267.3797,0.0,4.0,10.000001,1.407609,15,51,8,2,0E-8,0.08148070,,0E-8,0.000000,0.904659,0.000000,,2026-04-02,2026-05-01,8,60,37,30,0.266667,,,0.000000,,,,,,,,GLOBAL_BASELINE_NO_ENTITY_RANKING,,,NOT_APPLICABLE_GLOBAL_BASELINE,HF9g-P5,,,,X 全窗基线 · 不参与实体赏罚,15057154,1506,A168_HF9F_20260827_0900,2026-08-27 09:00:00
2026-04-02,148098385,1951,0,748.6631016043,-748.6631016043,-748.6631016043,0E-7,3,3,0.50665070000000000,0.506650700000,-1.7552447903592512,-1.7552447903592512,-1.7552447903592512,0E-17,ELIGIBLE,R03b_20260811_FULL_v1,L1_ELIGIBILITY,v2026-08-11,2026-03-21..2026-08-06,baccarat_bet02_101_all_pairs_incl_sentinel,round_win = game_pnl > 0 (decisive only),COMPATIBILITY_ONLY_NOT_PRODUCTION,121566.2278,109975.9832,9905.3015,323,323,-0.08148070,,-0.08148070,-0.08148070,-9905.3015,121566.2278,OK,0.0000,396.2121,4.0000,96.0000,AG03-UNRESOLVED,ALL5_LEVELS_bet23_to_bet27,396.2121,396.2121,396.2121,396.2121,396.2121,4.000000,4.000000,4.000000,4.000000,4.000000,96.000000,96.000000,96.000000,96.000000,96.000000,5.0,1981.0603,1828.7891,7924.2412,8076.5124,PENDING_AG03,FALSE,NOT_FOR_ENFORCEMENT,9509.0895,105576.9439,9905.3015,9509.0895,396.2121,0.08148070,0.07822147,396.2121,9509.0895,0.07822147,396.2121,396.2121,396.2121,396.2121,396.2121,9509.0895,0.07822147,1981.0603,1828.7891,7924.2412,8076.5124,0.06518456,0.06643714,0.00325923,376.3660,340.4829,30.6666,1238.1627,165.0884,15195.7785,40.3750,,376.3660,106.9519,267.3797,534.7593,535.1612,1069.5187,2673.7969,267.3797,0.0,4.0,10.000001,1.407609,15,51,8,2,0E-8,0.08148070,,0E-8,0.000000,0.904659,0.000000,,2026-04-02,2026-05-01,8,60,37,30,0.266667,,,0.000000,,,,,,,,GLOBAL_BASELINE_NO_ENTITY_RANKING,,,NOT_APPLICABLE_GLOBAL_BASELINE,HF9g-P5,,,,X 全窗基线 · 不参与实体赏罚,15057155,1506,A168_HF9F_20260827_0900,2026-08-27 09:00:00
2026-04-02,148098385,2106,0,1711.2299465242,791.4438502674,791.4438502674,0.5000000,6,6,0.50441650000000000,0.504416500000,-0.02163718700157003,-0.02163718700157003,-0.02163718700157003,0E-17,ELIGIBLE,R03b_20260811_FULL_v1,L1_ELIGIBILITY,v2026-08-11,2026-03-21..2026-08-06,baccarat_bet02_101_all_pairs_incl_sentinel,round_win = game_pnl > 0 (decisive only),COMPATIBILITY_ONLY_NOT_PRODUCTION,121566.2278,109975.9832,9905.3015,323,323,-0.08148070,,-0.08148070,-0.08148070,-9905.3015,121566.2278,OK,0.0000,396.2121,4.0000,96.0000,AG03-UNRESOLVED,ALL5_LEVELS_bet23_to_bet27,396.2121,396.2121,396.2121,396.2121,396.2121,4.000000,4.000000,4.000000,4.000000,4.000000,96.000000,96.000000,96.000000,96.000000,96.000000,5.0,1981.0603,1828.7891,7924.2412,8076.5124,PENDING_AG03,FALSE,NOT_FOR_ENFORCEMENT,9509.0895,105576.9439,9905.3015,9509.0895,396.2121,0.08148070,0.07822147,396.2121,9509.0895,0.07822147,396.2121,396.2121,396.2121,396.2121,396.2121,9509.0895,0.07822147,1981.0603,1828.7891,7924.2412,8076.5124,0.06518456,0.06643714,0.00325923,376.3660,340.4829,30.6666,1238.1627,165.0884,15195.7785,40.3750,,376.3660,106.9519,267.3797,534.7593,535.1612,1069.5187,2673.7969,267.3797,0.0,4.0,10.000001,1.407609,15,51,8,2,0E-8,0.08148070,,0E-8,0.000000,0.904659,0.000000,,2026-04-02,2026-05-01,8,60,37,30,0.266667,,,0.000000,,,,,,,,GLOBAL_BASELINE_NO_ENTITY_RANKING,,,NOT_APPLICABLE_GLOBAL_BASELINE,HF9g-P5,,,,X 全窗基线 · 不参与实体赏罚,15057156,1506,A168_HF9F_20260827_0900,2026-08-27 09:00:00
2026-04-02,148098385,2160,0,4919.7860962570,2139.0374331552,2139.0374331552,0.6666667,12,12,0.49324550000000000,0.493245500000,1.2016067345584214,1.2016067345584212,1.2016067345584214,0E-17,ELIGIBLE,R03b_20260811_FULL_v1,L1_ELIGIBILITY,v2026-08-11,2026-03-21..2026-08-06,baccarat_bet02_101_all_pairs_incl_sentinel,round_win = game_pnl > 0 (decisive only),COMPATIBILITY_ONLY_NOT_PRODUCTION,121566.2278,109975.9832,9905.3015,323,323,-0.08148070,,-0.08148070,-0.08148070,-9905.3015,121566.2278,OK,0.0000,396.2121,4.0000,96.0000,AG03-UNRESOLVED,ALL5_LEVELS_bet23_to_bet27,396.2121,396.2121,396.2121,396.2121,396.2121,4.000000,4.000000,4.000000,4.000000,4.000000,96.000000,96.000000,96.000000,96.000000,96.000000,5.0,1981.0603,1828.7891,7924.2412,8076.5124,PENDING_AG03,FALSE,NOT_FOR_ENFORCEMENT,9509.0895,105576.9439,9905.3015,9509.0895,396.2121,0.08148070,0.07822147,396.2121,9509.0895,0.07822147,396.2121,396.2121,396.2121,396.2121,396.2121,9509.0895,0.07822147,1981.0603,1828.7891,7924.2412,8076.5124,0.06518456,0.06643714,0.00325923,376.3660,340.4829,30.6666,1238.1627,165.0884,15195.7785,40.3750,,376.3660,106.9519,267.3797,534.7593,535.1612,1069.5187,2673.7969,267.3797,0.0,4.0,10.000001,1.407609,15,51,8,2,0E-8,0.08148070,,0E-8,0.000000,0.904659,0.000000,,2026-04-02,2026-05-01,8,60,37,30,0.266667,,,0.000000,,,,,,,,GLOBAL_BASELINE_NO_ENTITY_RANKING,,,NOT_APPLICABLE_GLOBAL_BASELINE,HF9g-P5,,,,X 全窗基线 · 不参与实体赏罚,15057157,1506,A168_HF9F_20260827_0900,2026-08-27 09:00:00
2026-04-02,148098385,2171,0,160.4278074867,-160.4278074867,-160.4278074867,0E-7,2,2,0.50665070000000000,0.506650700000,-1.4331513700195317,-1.4331513700195317,-1.4331513700195317,0E-17,ELIGIBLE,R03b_20260811_FULL_v1,L1_ELIGIBILITY,v2026-08-11,2026-03-21..2026-08-06,baccarat_bet02_101_all_pairs_incl_sentinel,round_win = game_pnl > 0 (decisive only),COMPATIBILITY_ONLY_NOT_PRODUCTION,121566.2278,109975.9832,9905.3015,323,323,-0.08148070,,-0.08148070,-0.08148070,-9905.3015,121566.2278,OK,0.0000,396.2121,4.0000,96.0000,AG03-UNRESOLVED,ALL5_LEVELS_bet23_to_bet27,396.2121,396.2121,396.2121,396.2121,396.2121,4.000000,4.000000,4.000000,4.000000,4.000000,96.000000,96.000000,96.000000,96.000000,96.000000,5.0,1981.0603,1828.7891,7924.2412,8076.5124,PENDING_AG03,FALSE,NOT_FOR_ENFORCEMENT,9509.0895,105576.9439,9905.3015,9509.0895,396.2121,0.08148070,0.07822147,396.2121,9509.0895,0.07822147,396.2121,396.2121,396.2121,396.2121,396.2121,9509.0895,0.07822147,1981.0603,1828.7891,7924.2412,8076.5124,0.06518456,0.06643714,0.00325923,376.3660,340.4829,30.6666,1238.1627,165.0884,15195.7785,40.3750,,376.3660,106.9519,267.3797,534.7593,535.1612,1069.5187,2673.7969,267.3797,0.0,4.0,10.000001,1.407609,15,51,8,2,0E-8,0.08148070,,0E-8,0.000000,0.904659,0.000000,,2026-04-02,2026-05-01,8,60,37,30,0.266667,,,0.000000,,,,,,,,GLOBAL_BASELINE_NO_ENTITY_RANKING,,,NOT_APPLICABLE_GLOBAL_BASELINE,HF9g-P5,,,,X 全窗基线 · 不参与实体赏罚,15057158,1506,A168_HF9F_20260827_0900,2026-08-27 09:00:00
2026-04-02,148098385,2196,0,106.9518716578,-106.9518716578,-106.9518716578,0E-7,1,1,0.50665070000000000,0.506650700000,-1.013391052207602,-1.013391052207602,-1.013391052207602,0E-17,ELIGIBLE,R03b_20260811_FULL_v1,L1_ELIGIBILITY,v2026-08-11,2026-03-21..2026-08-06,baccarat_bet02_101_all_pairs_incl_sentinel,round_win = game_pnl > 0 (decisive only),COMPATIBILITY_ONLY_NOT_PRODUCTION,121566.2278,109975.9832,9905.3015,323,323,-0.08148070,,-0.08148070,-0.08148070,-9905.3015,121566.2278,OK,0.0000,396.2121,4.0000,96.0000,AG03-UNRESOLVED,ALL5_LEVELS_bet23_to_bet27,396.2121,396.2121,396.2121,396.2121,396.2121,4.000000,4.000000,4.000000,4.000000,4.000000,96.000000,96.000000,96.000000,96.000000,96.000000,5.0,1981.0603,1828.7891,7924.2412,8076.5124,PENDING_AG03,FALSE,NOT_FOR_ENFORCEMENT,9509.0895,105576.9439,9905.3015,9509.0895,396.2121,0.08148070,0.07822147,396.2121,9509.0895,0.07822147,396.2121,396.2121,396.2121,396.2121,396.2121,9509.0895,0.07822147,1981.0603,1828.7891,7924.2412,8076.5124,0.06518456,0.06643714,0.00325923,376.3660,340.4829,30.6666,1238.1627,165.0884,15195.7785,40.3750,,376.3660,106.9519,267.3797,534.7593,535.1612,1069.5187,2673.7969,267.3797,0.0,4.0,10.000001,1.407609,15,51,8,2,0E-8,0.08148070,,0E-8,0.000000,0.904659,0.000000,,2026-04-02,2026-05-01,8,60,37,30,0.266667,,,0.000000,,,,,,,,GLOBAL_BASELINE_NO_ENTITY_RANKING,,,NOT_APPLICABLE_GLOBAL_BASELINE,HF9g-P5,,,,X 全窗基线 · 不参与实体赏罚,15057159,1506,A168_HF9F_20260827_0900,2026-08-27 09:00:00
2026-04-02,148098385,2224,0,1069.5187165776,-534.7593582888,-534.7593582888,0E-7,2,2,0.49324550000000000,0.493245500000,-0.9865810262130424,-0.9865810262130424,-0.9865810262130424,0E-17,ELIGIBLE,R03b_20260811_FULL_v1,L1_ELIGIBILITY,v2026-08-11,2026-03-21..2026-08-06,baccarat_bet02_101_all_pairs_incl_sentinel,round_win = game_pnl > 0 (decisive only),COMPATIBILITY_ONLY_NOT_PRODUCTION,121566.2278,109975.9832,9905.3015,323,323,-0.08148070,,-0.08148070,-0.08148070,-9905.3015,121566.2278,OK,0.0000,396.2121,4.0000,96.0000,AG03-UNRESOLVED,ALL5_LEVELS_bet23_to_bet27,396.2121,396.2121,396.2121,396.2121,396.2121,4.000000,4.000000,4.000000,4.000000,4.000000,96.000000,96.000000,96.000000,96.000000,96.000000,5.0,1981.0603,1828.7891,7924.2412,8076.5124,PENDING_AG03,FALSE,NOT_FOR_ENFORCEMENT,9509.0895,105576.9439,9905.3015,9509.0895,396.2121,0.08148070,0.07822147,396.2121,9509.0895,0.07822147,396.2121,396.2121,396.2121,396.2121,396.2121,9509.0895,0.07822147,1981.0603,1828.7891,7924.2412,8076.5124,0.06518456,0.06643714,0.00325923,376.3660,340.4829,30.6666,1238.1627,165.0884,15195.7785,40.3750,,376.3660,106.9519,267.3797,534.7593,535.1612,1069.5187,2673.7969,267.3797,0.0,4.0,10.000001,1.407609,15,51,8,2,0E-8,0.08148070,,0E-8,0.000000,0.904659,0.000000,,2026-04-02,2026-05-01,8,60,37,30,0.266667,,,0.000000,,,,,,,,GLOBAL_BASELINE_NO_ENTITY_RANKING,,,NOT_APPLICABLE_GLOBAL_BASELINE,HF9g-P5,,,,X 全窗基线 · 不参与实体赏罚,15057160,1506,A168_HF9F_20260827_0900,2026-08-27 09:00:00
2026-04-02,148098385,2232,0,106.9518716578,-106.9518716578,-106.9518716578,0E-7,1,1,0.50665070000000000,0.506650700000,-1.013391052207602,-1.013391052207602,-1.013391052207602,0E-17,ELIGIBLE,R03b_20260811_FULL_v1,L1_ELIGIBILITY,v2026-08-11,2026-03-21..2026-08-06,baccarat_bet02_101_all_pairs_incl_sentinel,round_win = game_pnl > 0 (decisive only),COMPATIBILITY_ONLY_NOT_PRODUCTION,121566.2278,109975.9832,9905.3015,323,323,-0.08148070,,-0.08148070,-0.08148070,-9905.3015,121566.2278,OK,0.0000,396.2121,4.0000,96.0000,AG03-UNRESOLVED,ALL5_LEVELS_bet23_to_bet27,396.2121,396.2121,396.2121,396.2121,396.2121,4.000000,4.000000,4.000000,4.000000,4.000000,96.000000,96.000000,96.000000,96.000000,96.000000,5.0,1981.0603,1828.7891,7924.2412,8076.5124,PENDING_AG03,FALSE,NOT_FOR_ENFORCEMENT,9509.0895,105576.9439,9905.3015,9509.0895,396.2121,0.08148070,0.07822147,396.2121,9509.0895,0.07822147,396.2121,396.2121,396.2121,396.2121,396.2121,9509.0895,0.07822147,1981.0603,1828.7891,7924.2412,8076.5124,0.06518456,0.06643714,0.00325923,376.3660,340.4829,30.6666,1238.1627,165.0884,15195.7785,40.3750,,376.3660,106.9519,267.3797,534.7593,535.1612,1069.5187,2673.7969,267.3797,0.0,4.0,10.000001,1.407609,15,51,8,2,0E-8,0.08148070,,0E-8,0.000000,0.904659,0.000000,,2026-04-02,2026-05-01,8,60,37,30,0.266667,,,0.000000,,,,,,,,GLOBAL_BASELINE_NO_ENTITY_RANKING,,,NOT_APPLICABLE_GLOBAL_BASELINE,HF9g-P5,,,,X 全窗基线 · 不参与实体赏罚,15057161,1506,A168_HF9F_20260827_0900,2026-08-27 09:00:00
2026-04-02,148098385,2246,0,2139.0374331552,665.7754010695,665.7754010695,0.6000000,7,7,0.50473567142857143,0.504735671429,0.4260541393395541,0.4260541393376408,0.4260541393395541,-4.2857E-13,ELIGIBLE,R03b_20260811_FULL_v1,L1_ELIGIBILITY,v2026-08-11,2026-03-21..2026-08-06,baccarat_bet02_101_all_pairs_incl_sentinel,round_win = game_pnl > 0 (decisive only),COMPATIBILITY_ONLY_NOT_PRODUCTION,121566.2278,109975.9832,9905.3015,323,323,-0.08148070,,-0.08148070,-0.08148070,-9905.3015,121566.2278,OK,0.0000,396.2121,4.0000,96.0000,AG03-UNRESOLVED,ALL5_LEVELS_bet23_to_bet27,396.2121,396.2121,396.2121,396.2121,396.2121,4.000000,4.000000,4.000000,4.000000,4.000000,96.000000,96.000000,96.000000,96.000000,96.000000,5.0,1981.0603,1828.7891,7924.2412,8076.5124,PENDING_AG03,FALSE,NOT_FOR_ENFORCEMENT,9509.0895,105576.9439,9905.3015,9509.0895,396.2121,0.08148070,0.07822147,396.2121,9509.0895,0.07822147,396.2121,396.2121,396.2121,396.2121,396.2121,9509.0895,0.07822147,1981.0603,1828.7891,7924.2412,8076.5124,0.06518456,0.06643714,0.00325923,376.3660,340.4829,30.6666,1238.1627,165.0884,15195.7785,40.3750,,376.3660,106.9519,267.3797,534.7593,535.1612,1069.5187,2673.7969,267.3797,0.0,4.0,10.000001,1.407609,15,51,8,2,0E-8,0.08148070,,0E-8,0.000000,0.904659,0.000000,,2026-04-02,2026-05-01,8,60,37,30,0.266667,,,0.000000,,,,,,,,GLOBAL_BASELINE_NO_ENTITY_RANKING,,,NOT_APPLICABLE_GLOBAL_BASELINE,HF9g-P5,,,,X 全窗基线 · 不参与实体赏罚,15057162,1506,A168_HF9F_20260827_0900,2026-08-27 09:00:00
2026-04-02,148098385,2250,0,3208.5561497329,2844.9197860961,2844.9197860961,0.8888889,9,9,0.50367176666666667,0.503671766667,2.3113650572221363,2.311365057220147,2.3113650572221363,-3.3333E-13,ELIGIBLE,R03b_20260811_FULL_v1,L1_ELIGIBILITY,v2026-08-11,2026-03-21..2026-08-06,baccarat_bet02_101_all_pairs_incl_sentinel,round_win = game_pnl > 0 (decisive only),COMPATIBILITY_ONLY_NOT_PRODUCTION,121566.2278,109975.9832,9905.3015,323,323,-0.08148070,,-0.08148070,-0.08148070,-9905.3015,121566.2278,OK,0.0000,396.2121,4.0000,96.0000,AG03-UNRESOLVED,ALL5_LEVELS_bet23_to_bet27,396.2121,396.2121,396.2121,396.2121,396.2121,4.000000,4.000000,4.000000,4.000000,4.000000,96.000000,96.000000,96.000000,96.000000,96.000000,5.0,1981.0603,1828.7891,7924.2412,8076.5124,PENDING_AG03,FALSE,NOT_FOR_ENFORCEMENT,9509.0895,105576.9439,9905.3015,9509.0895,396.2121,0.08148070,0.07822147,396.2121,9509.0895,0.07822147,396.2121,396.2121,396.2121,396.2121,396.2121,9509.0895,0.07822147,1981.0603,1828.7891,7924.2412,8076.5124,0.06518456,0.06643714,0.00325923,376.3660,340.4829,30.6666,1238.1627,165.0884,15195.7785,40.3750,,376.3660,106.9519,267.3797,534.7593,535.1612,1069.5187,2673.7969,267.3797,0.0,4.0,10.000001,1.407609,15,51,8,2,0E-8,0.08148070,,0E-8,0.000000,0.904659,0.000000,,2026-04-02,2026-05-01,8,60,37,30,0.266667,,,0.000000,,,,,,,,GLOBAL_BASELINE_NO_ENTITY_RANKING,,,NOT_APPLICABLE_GLOBAL_BASELINE,HF9g-P5,,,,X 全窗基线 · 不参与实体赏罚,15057163,1506,A168_HF9F_20260827_0900,2026-08-27 09:00:00
2026-04-02,148098385,2266,0,1871.6577540107,684.4919786097,684.4919786097,0.6666667,7,7,0.50665070000000000,0.506650700000,0.7839842952205449,0.7839842952205449,0.7839842952205449,0E-17,ELIGIBLE,R03b_20260811_FULL_v1,L1_ELIGIBILITY,v2026-08-11,2026-03-21..2026-08-06,baccarat_bet02_101_all_pairs_incl_sentinel,round_win = game_pnl > 0 (decisive only),COMPATIBILITY_ONLY_NOT_PRODUCTION,121566.2278,109975.9832,9905.3015,323,323,-0.08148070,,-0.08148070,-0.08148070,-9905.3015,121566.2278,OK,0.0000,396.2121,4.0000,96.0000,AG03-UNRESOLVED,ALL5_LEVELS_bet23_to_bet27,396.2121,396.2121,396.2121,396.2121,396.2121,4.000000,4.000000,4.000000,4.000000,4.000000,96.000000,96.000000,96.000000,96.000000,96.000000,5.0,1981.0603,1828.7891,7924.2412,8076.5124,PENDING_AG03,FALSE,NOT_FOR_ENFORCEMENT,9509.0895,105576.9439,9905.3015,9509.0895,396.2121,0.08148070,0.07822147,396.2121,9509.0895,0.07822147,396.2121,396.2121,396.2121,396.2121,396.2121,9509.0895,0.07822147,1981.0603,1828.7891,7924.2412,8076.5124,0.06518456,0.06643714,0.00325923,376.3660,340.4829,30.6666,1238.1627,165.0884,15195.7785,40.3750,,376.3660,106.9519,267.3797,534.7593,535.1612,1069.5187,2673.7969,267.3797,0.0,4.0,10.000001,1.407609,15,51,8,2,0E-8,0.08148070,,0E-8,0.000000,0.904659,0.000000,,2026-04-02,2026-05-01,8,60,37,30,0.266667,,,0.000000,,,,,,,,GLOBAL_BASELINE_NO_ENTITY_RANKING,,,NOT_APPLICABLE_GLOBAL_BASELINE,HF9g-P5,,,,X 全窗基线 · 不参与实体赏罚,15057164,1506,A168_HF9F_20260827_0900,2026-08-27 09:00:00
2026-04-02,148098385,526,0,3695.1871657755,-3695.1871657755,-3695.1871657755,0E-7,2,2,0.50665070000000000,0.506650700000,-1.4331513700195317,-1.4331513700195317,-1.4331513700195317,0E-17,ELIGIBLE,R03b_20260811_FULL_v1,L1_ELIGIBILITY,v2026-08-11,2026-03-21..2026-08-06,baccarat_bet02_101_all_pairs_incl_sentinel,round_win = game_pnl > 0 (decisive only),COMPATIBILITY_ONLY_NOT_PRODUCTION,121566.2278,109975.9832,9905.3015,323,323,-0.08148070,,-0.08148070,-0.08148070,-9905.3015,121566.2278,OK,0.0000,396.2121,4.0000,96.0000,AG03-UNRESOLVED,ALL5_LEVELS_bet23_to_bet27,396.2121,396.2121,396.2121,396.2121,396.2121,4.000000,4.000000,4.000000,4.000000,4.000000,96.000000,96.000000,96.000000,96.000000,96.000000,5.0,1981.0603,1828.7891,7924.2412,8076.5124,PENDING_AG03,FALSE,NOT_FOR_ENFORCEMENT,9509.0895,105576.9439,9905.3015,9509.0895,396.2121,0.08148070,0.07822147,396.2121,9509.0895,0.07822147,396.2121,396.2121,396.2121,396.2121,396.2121,9509.0895,0.07822147,1981.0603,1828.7891,7924.2412,8076.5124,0.06518456,0.06643714,0.00325923,376.3660,340.4829,30.6666,1238.1627,165.0884,15195.7785,40.3750,,376.3660,106.9519,267.3797,534.7593,535.1612,1069.5187,2673.7969,267.3797,0.0,4.0,10.000001,1.407609,15,51,8,2,0E-8,0.08148070,,0E-8,0.000000,0.904659,0.000000,,2026-04-02,2026-05-01,8,60,37,30,0.266667,,,0.000000,,,,,,,,GLOBAL_BASELINE_NO_ENTITY_RANKING,,,NOT_APPLICABLE_GLOBAL_BASELINE,HF9g-P5,,,,X 全窗基线 · 不参与实体赏罚,15057165,1506,A168_HF9F_20260827_0900,2026-08-27 09:00:00
2026-04-02,148098385,752,0,5614.9732620323,668.4491978608,668.4491978608,0.5000000,8,8,0.50497505000000000,0.504975050000,-0.02437387448103841,-0.02437387448103841,-0.02437387448103841,0E-17,ELIGIBLE,R03b_20260811_FULL_v1,L1_ELIGIBILITY,v2026-08-11,2026-03-21..2026-08-06,baccarat_bet02_101_all_pairs_incl_sentinel,round_win = game_pnl > 0 (decisive only),COMPATIBILITY_ONLY_NOT_PRODUCTION,121566.2278,109975.9832,9905.3015,323,323,-0.08148070,,-0.08148070,-0.08148070,-9905.3015,121566.2278,OK,0.0000,396.2121,4.0000,96.0000,AG03-UNRESOLVED,ALL5_LEVELS_bet23_to_bet27,396.2121,396.2121,396.2121,396.2121,396.2121,4.000000,4.000000,4.000000,4.000000,4.000000,96.000000,96.000000,96.000000,96.000000,96.000000,5.0,1981.0603,1828.7891,7924.2412,8076.5124,PENDING_AG03,FALSE,NOT_FOR_ENFORCEMENT,9509.0895,105576.9439,9905.3015,9509.0895,396.2121,0.08148070,0.07822147,396.2121,9509.0895,0.07822147,396.2121,396.2121,396.2121,396.2121,396.2121,9509.0895,0.07822147,1981.0603,1828.7891,7924.2412,8076.5124,0.06518456,0.06643714,0.00325923,376.3660,340.4829,30.6666,1238.1627,165.0884,15195.7785,40.3750,,376.3660,106.9519,267.3797,534.7593,535.1612,1069.5187,2673.7969,267.3797,0.0,4.0,10.000001,1.407609,15,51,8,2,0E-8,0.08148070,,0E-8,0.000000,0.904659,0.000000,,2026-04-02,2026-05-01,8,60,37,30,0.266667,,,0.000000,,,,,,,,GLOBAL_BASELINE_NO_ENTITY_RANKING,,,NOT_APPLICABLE_GLOBAL_BASELINE,HF9g-P5,,,,X 全窗基线 · 不参与实体赏罚,15057166,1506,A168_HF9F_20260827_0900,2026-08-27 09:00:00
2026-04-02,148098385,970,0,6951.8716577541,-1176.4705882353,-1176.4705882353,0.5000000,9,9,0.50367176666666667,0.503671766667,-0.020771208948525265,-0.020771208950411013,-0.020771208948525265,-3.3333E-13,ELIGIBLE,R03b_20260811_FULL_v1,L1_ELIGIBILITY,v2026-08-11,2026-03-21..2026-08-06,baccarat_bet02_101_all_pairs_incl_sentinel,round_win = game_pnl > 0 (decisive only),COMPATIBILITY_ONLY_NOT_PRODUCTION,121566.2278,109975.9832,9905.3015,323,323,-0.08148070,,-0.08148070,-0.08148070,-9905.3015,121566.2278,OK,0.0000,396.2121,4.0000,96.0000,AG03-UNRESOLVED,ALL5_LEVELS_bet23_to_bet27,396.2121,396.2121,396.2121,396.2121,396.2121,4.000000,4.000000,4.000000,4.000000,4.000000,96.000000,96.000000,96.000000,96.000000,96.000000,5.0,1981.0603,1828.7891,7924.2412,8076.5124,PENDING_AG03,FALSE,NOT_FOR_ENFORCEMENT,9509.0895,105576.9439,9905.3015,9509.0895,396.2121,0.08148070,0.07822147,396.2121,9509.0895,0.07822147,396.2121,396.2121,396.2121,396.2121,396.2121,9509.0895,0.07822147,1981.0603,1828.7891,7924.2412,8076.5124,0.06518456,0.06643714,0.00325923,376.3660,340.4829,30.6666,1238.1627,165.0884,15195.7785,40.3750,,376.3660,106.9519,267.3797,534.7593,535.1612,1069.5187,2673.7969,267.3797,0.0,4.0,10.000001,1.407609,15,51,8,2,0E-8,0.08148070,,0E-8,0.000000,0.904659,0.000000,,2026-04-02,2026-05-01,8,60,37,30,0.266667,,,0.000000,,,,,,,,GLOBAL_BASELINE_NO_ENTITY_RANKING,,,NOT_APPLICABLE_GLOBAL_BASELINE,HF9g-P5,,,,X 全窗基线 · 不参与实体赏罚,15057167,1506,A168_HF9F_20260827_0900,2026-08-27 09:00:00
2026-04-03,148098385,1400,0,4727.2727272731,-1248.6631016044,-1248.6631016044,0.4615385,13,13,0.50046368461538462,0.500463684615,-0.28069389612576334,-0.28069389612298956,-0.28069389612576334,3.8462E-13,ELIGIBLE,R03b_20260811_FULL_v1,L1_ELIGIBILITY,v2026-08-11,2026-03-21..2026-08-06,baccarat_bet02_101_all_pairs_incl_sentinel,round_win = game_pnl > 0 (decisive only),COMPATIBILITY_ONLY_NOT_PRODUCTION,121566.2278,109975.9832,9905.3015,323,323,-0.08148070,,-0.08148070,-0.08148070,-9905.3015,121566.2278,OK,0.0000,396.2121,4.0000,96.0000,AG03-UNRESOLVED,ALL5_LEVELS_bet23_to_bet27,396.2121,396.2121,396.2121,396.2121,396.2121,4.000000,4.000000,4.000000,4.000000,4.000000,96.000000,96.000000,96.000000,96.000000,96.000000,5.0,1981.0603,1828.7891,7924.2412,8076.5124,PENDING_AG03,FALSE,NOT_FOR_ENFORCEMENT,9509.0895,105576.9439,9905.3015,9509.0895,396.2121,0.08148070,0.07822147,396.2121,9509.0895,0.07822147,396.2121,396.2121,396.2121,396.2121,396.2121,9509.0895,0.07822147,1981.0603,1828.7891,7924.2412,8076.5124,0.06518456,0.06643714,0.00325923,376.3660,340.4829,30.6666,1238.1627,165.0884,15195.7785,40.3750,,376.3660,106.9519,267.3797,534.7593,535.1612,1069.5187,2673.7969,267.3797,0.0,4.0,10.000001,1.407609,15,51,8,2,0E-8,0.08148070,,0E-8,0.000000,0.904659,0.000000,,2026-04-02,2026-05-01,8,60,37,30,0.266667,,,0.000000,,,,,,,,GLOBAL_BASELINE_NO_ENTITY_RANKING,,,NOT_APPLICABLE_GLOBAL_BASELINE,HF9g-P5,,,,X 全窗基线 · 不参与实体赏罚,15057168,1506,A168_HF9F_20260827_0900,2026-08-27 09:00:00
2026-04-05,148098385,1654,0,160.4278074867,53.4759358289,53.4759358289,0.5000000,2,2,0.49994810000000000,0.499948100000,0.00014679536856514622,0.00014679536856514622,0.00014679536856514622,0E-17,ELIGIBLE,R03b_20260811_FULL_v1,L1_ELIGIBILITY,v2026-08-11,2026-03-21..2026-08-06,baccarat_bet02_101_all_pairs_incl_sentinel,round_win = game_pnl > 0 (decisive only),COMPATIBILITY_ONLY_NOT_PRODUCTION,121566.2278,109975.9832,9905.3015,323,323,-0.08148070,,-0.08148070,-0.08148070,-9905.3015,121566.2278,OK,0.0000,396.2121,4.0000,96.0000,AG03-UNRESOLVED,ALL5_LEVELS_bet23_to_bet27,396.2121,396.2121,396.2121,396.2121,396.2121,4.000000,4.000000,4.000000,4.000000,4.000000,96.000000,96.000000,96.000000,96.000000,96.000000,5.0,1981.0603,1828.7891,7924.2412,8076.5124,PENDING_AG03,FALSE,NOT_FOR_ENFORCEMENT,9509.0895,105576.9439,9905.3015,9509.0895,396.2121,0.08148070,0.07822147,396.2121,9509.0895,0.07822147,396.2121,396.2121,396.2121,396.2121,396.2121,9509.0895,0.07822147,1981.0603,1828.7891,7924.2412,8076.5124,0.06518456,0.06643714,0.00325923,376.3660,340.4829,30.6666,1238.1627,165.0884,15195.7785,40.3750,,376.3660,106.9519,267.3797,534.7593,535.1612,1069.5187,2673.7969,267.3797,0.0,4.0,10.000001,1.407609,15,51,8,2,0E-8,0.08148070,,0E-8,0.000000,0.904659,0.000000,,2026-04-02,2026-05-01,8,60,37,30,0.266667,,,0.000000,,,,,,,,GLOBAL_BASELINE_NO_ENTITY_RANKING,,,NOT_APPLICABLE_GLOBAL_BASELINE,HF9g-P5,,,,X 全窗基线 · 不参与实体赏罚,15057169,1506,A168_HF9F_20260827_0900,2026-08-27 09:00:00
2026-04-05,148098385,1704,0,1550.8021390377,37.4331550801,37.4331550801,0.4285714,10,10,0.49860758000000000,0.498607580000,-0.3705979159861851,-0.37059791598618513,-0.3705979159861851,0E-17,ELIGIBLE,R03b_20260811_FULL_v1,L1_ELIGIBILITY,v2026-08-11,2026-03-21..2026-08-06,baccarat_bet02_101_all_pairs_incl_sentinel,round_win = game_pnl > 0 (decisive only),COMPATIBILITY_ONLY_NOT_PRODUCTION,121566.2278,109975.9832,9905.3015,323,323,-0.08148070,,-0.08148070,-0.08148070,-9905.3015,121566.2278,OK,0.0000,396.2121,4.0000,96.0000,AG03-UNRESOLVED,ALL5_LEVELS_bet23_to_bet27,396.2121,396.2121,396.2121,396.2121,396.2121,4.000000,4.000000,4.000000,4.000000,4.000000,96.000000,96.000000,96.000000,96.000000,96.000000,5.0,1981.0603,1828.7891,7924.2412,8076.5124,PENDING_AG03,FALSE,NOT_FOR_ENFORCEMENT,9509.0895,105576.9439,9905.3015,9509.0895,396.2121,0.08148070,0.07822147,396.2121,9509.0895,0.07822147,396.2121,396.2121,396.2121,396.2121,396.2121,9509.0895,0.07822147,1981.0603,1828.7891,7924.2412,8076.5124,0.06518456,0.06643714,0.00325923,376.3660,340.4829,30.6666,1238.1627,165.0884,15195.7785,40.3750,,376.3660,106.9519,267.3797,534.7593,535.1612,1069.5187,2673.7969,267.3797,0.0,4.0,10.000001,1.407609,15,51,8,2,0E-8,0.08148070,,0E-8,0.000000,0.904659,0.000000,,2026-04-02,2026-05-01,8,60,37,30,0.266667,,,0.000000,,,,,,,,GLOBAL_BASELINE_NO_ENTITY_RANKING,,,NOT_APPLICABLE_GLOBAL_BASELINE,HF9g-P5,,,,X 全窗基线 · 不参与实体赏罚,15057170,1506,A168_HF9F_20260827_0900,2026-08-27 09:00:00
2026-04-05,148098385,1710,0,53.4759358289,-53.4759358289,-53.4759358289,0E-7,1,1,0.49324550000000000,0.493245500000,-0.9865810262130424,-0.9865810262130424,-0.9865810262130424,0E-17,ELIGIBLE,R03b_20260811_FULL_v1,L1_ELIGIBILITY,v2026-08-11,2026-03-21..2026-08-06,baccarat_bet02_101_all_pairs_incl_sentinel,round_win = game_pnl > 0 (decisive only),COMPATIBILITY_ONLY_NOT_PRODUCTION,121566.2278,109975.9832,9905.3015,323,323,-0.08148070,,-0.08148070,-0.08148070,-9905.3015,121566.2278,OK,0.0000,396.2121,4.0000,96.0000,AG03-UNRESOLVED,ALL5_LEVELS_bet23_to_bet27,396.2121,396.2121,396.2121,396.2121,396.2121,4.000000,4.000000,4.000000,4.000000,4.000000,96.000000,96.000000,96.000000,96.000000,96.000000,5.0,1981.0603,1828.7891,7924.2412,8076.5124,PENDING_AG03,FALSE,NOT_FOR_ENFORCEMENT,9509.0895,105576.9439,9905.3015,9509.0895,396.2121,0.08148070,0.07822147,396.2121,9509.0895,0.07822147,396.2121,396.2121,396.2121,396.2121,396.2121,9509.0895,0.07822147,1981.0603,1828.7891,7924.2412,8076.5124,0.06518456,0.06643714,0.00325923,376.3660,340.4829,30.6666,1238.1627,165.0884,15195.7785,40.3750,,376.3660,106.9519,267.3797,534.7593,535.1612,1069.5187,2673.7969,267.3797,0.0,4.0,10.000001,1.407609,15,51,8,2,0E-8,0.08148070,,0E-8,0.000000,0.904659,0.000000,,2026-04-02,2026-05-01,8,60,37,30,0.266667,,,0.000000,,,,,,,,GLOBAL_BASELINE_NO_ENTITY_RANKING,,,NOT_APPLICABLE_GLOBAL_BASELINE,HF9g-P5,,,,X 全窗基线 · 不参与实体赏罚,15057171,1506,A168_HF9F_20260827_0900,2026-08-27 09:00:00
2026-04-05,148098385,2205,0,213.9037433155,213.9037433155,213.9037433155,1.0000000,2,2,0.49324550000000000,0.493245500000,1.4334489766152358,1.4334489766152358,1.4334489766152358,0E-17,ELIGIBLE,R03b_20260811_FULL_v1,L1_ELIGIBILITY,v2026-08-11,2026-03-21..2026-08-06,baccarat_bet02_101_all_pairs_incl_sentinel,round_win = game_pnl > 0 (decisive only),COMPATIBILITY_ONLY_NOT_PRODUCTION,121566.2278,109975.9832,9905.3015,323,323,-0.08148070,,-0.08148070,-0.08148070,-9905.3015,121566.2278,OK,0.0000,396.2121,4.0000,96.0000,AG03-UNRESOLVED,ALL5_LEVELS_bet23_to_bet27,396.2121,396.2121,396.2121,396.2121,396.2121,4.000000,4.000000,4.000000,4.000000,4.000000,96.000000,96.000000,96.000000,96.000000,96.000000,5.0,1981.0603,1828.7891,7924.2412,8076.5124,PENDING_AG03,FALSE,NOT_FOR_ENFORCEMENT,9509.0895,105576.9439,9905.3015,9509.0895,396.2121,0.08148070,0.07822147,396.2121,9509.0895,0.07822147,396.2121,396.2121,396.2121,396.2121,396.2121,9509.0895,0.07822147,1981.0603,1828.7891,7924.2412,8076.5124,0.06518456,0.06643714,0.00325923,376.3660,340.4829,30.6666,1238.1627,165.0884,15195.7785,40.3750,,376.3660,106.9519,267.3797,534.7593,535.1612,1069.5187,2673.7969,267.3797,0.0,4.0,10.000001,1.407609,15,51,8,2,0E-8,0.08148070,,0E-8,0.000000,0.904659,0.000000,,2026-04-02,2026-05-01,8,60,37,30,0.266667,,,0.000000,,,,,,,,GLOBAL_BASELINE_NO_ENTITY_RANKING,,,NOT_APPLICABLE_GLOBAL_BASELINE,HF9g-P5,,,,X 全窗基线 · 不参与实体赏罚,15057172,1506,A168_HF9F_20260827_0900,2026-08-27 09:00:00
2026-04-05,148098385,970,0,625.6684491978,-625.6684491978,-625.6684491978,0E-7,3,3,0.50665070000000000,0.506650700000,-1.7552447903592512,-1.7552447903592512,-1.7552447903592512,0E-17,ELIGIBLE,R03b_20260811_FULL_v1,L1_ELIGIBILITY,v2026-08-11,2026-03-21..2026-08-06,baccarat_bet02_101_all_pairs_incl_sentinel,round_win = game_pnl > 0 (decisive only),COMPATIBILITY_ONLY_NOT_PRODUCTION,121566.2278,109975.9832,9905.3015,323,323,-0.08148070,,-0.08148070,-0.08148070,-9905.3015,121566.2278,OK,0.0000,396.2121,4.0000,96.0000,AG03-UNRESOLVED,ALL5_LEVELS_bet23_to_bet27,396.2121,396.2121,396.2121,396.2121,396.2121,4.000000,4.000000,4.000000,4.000000,4.000000,96.000000,96.000000,96.000000,96.000000,96.000000,5.0,1981.0603,1828.7891,7924.2412,8076.5124,PENDING_AG03,FALSE,NOT_FOR_ENFORCEMENT,9509.0895,105576.9439,9905.3015,9509.0895,396.2121,0.08148070,0.07822147,396.2121,9509.0895,0.07822147,396.2121,396.2121,396.2121,396.2121,396.2121,9509.0895,0.07822147,1981.0603,1828.7891,7924.2412,8076.5124,0.06518456,0.06643714,0.00325923,376.3660,340.4829,30.6666,1238.1627,165.0884,15195.7785,40.3750,,376.3660,106.9519,267.3797,534.7593,535.1612,1069.5187,2673.7969,267.3797,0.0,4.0,10.000001,1.407609,15,51,8,2,0E-8,0.08148070,,0E-8,0.000000,0.904659,0.000000,,2026-04-02,2026-05-01,8,60,37,30,0.266667,,,0.000000,,,,,,,,GLOBAL_BASELINE_NO_ENTITY_RANKING,,,NOT_APPLICABLE_GLOBAL_BASELINE,HF9g-P5,,,,X 全窗基线 · 不参与实体赏罚,15057173,1506,A168_HF9F_20260827_0900,2026-08-27 09:00:00
2026-04-10,148098385,2145,0,80.2139037433,-80.2139037433,-80.2139037433,0E-7,1,1,0.49324550000000000,0.493245500000,-0.9865810262130424,-0.9865810262130424,-0.9865810262130424,0E-17,ELIGIBLE,R03b_20260811_FULL_v1,L1_ELIGIBILITY,v2026-08-11,2026-03-21..2026-08-06,baccarat_bet02_101_all_pairs_incl_sentinel,round_win = game_pnl > 0 (decisive only),COMPATIBILITY_ONLY_NOT_PRODUCTION,121566.2278,109975.9832,9905.3015,323,323,-0.08148070,,-0.08148070,-0.08148070,-9905.3015,121566.2278,OK,0.0000,396.2121,4.0000,96.0000,AG03-UNRESOLVED,ALL5_LEVELS_bet23_to_bet27,396.2121,396.2121,396.2121,396.2121,396.2121,4.000000,4.000000,4.000000,4.000000,4.000000,96.000000,96.000000,96.000000,96.000000,96.000000,5.0,1981.0603,1828.7891,7924.2412,8076.5124,PENDING_AG03,FALSE,NOT_FOR_ENFORCEMENT,9509.0895,105576.9439,9905.3015,9509.0895,396.2121,0.08148070,0.07822147,396.2121,9509.0895,0.07822147,396.2121,396.2121,396.2121,396.2121,396.2121,9509.0895,0.07822147,1981.0603,1828.7891,7924.2412,8076.5124,0.06518456,0.06643714,0.00325923,376.3660,340.4829,30.6666,1238.1627,165.0884,15195.7785,40.3750,,376.3660,106.9519,267.3797,534.7593,535.1612,1069.5187,2673.7969,267.3797,0.0,4.0,10.000001,1.407609,15,51,8,2,0E-8,0.08148070,,0E-8,0.000000,0.904659,0.000000,,2026-04-02,2026-05-01,8,60,37,30,0.266667,,,0.000000,,,,,,,,GLOBAL_BASELINE_NO_ENTITY_RANKING,,,NOT_APPLICABLE_GLOBAL_BASELINE,HF9g-P5,,,,X 全窗基线 · 不参与实体赏罚,15057174,1506,A168_HF9F_20260827_0900,2026-08-27 09:00:00
2026-04-10,148098385,2171,0,53.4759358289,-53.4759358289,-53.4759358289,0E-7,1,1,0.50665070000000000,0.506650700000,-1.013391052207602,-1.013391052207602,-1.013391052207602,0E-17,ELIGIBLE,R03b_20260811_FULL_v1,L1_ELIGIBILITY,v2026-08-11,2026-03-21..2026-08-06,baccarat_bet02_101_all_pairs_incl_sentinel,round_win = game_pnl > 0 (decisive only),COMPATIBILITY_ONLY_NOT_PRODUCTION,121566.2278,109975.9832,9905.3015,323,323,-0.08148070,,-0.08148070,-0.08148070,-9905.3015,121566.2278,OK,0.0000,396.2121,4.0000,96.0000,AG03-UNRESOLVED,ALL5_LEVELS_bet23_to_bet27,396.2121,396.2121,396.2121,396.2121,396.2121,4.000000,4.000000,4.000000,4.000000,4.000000,96.000000,96.000000,96.000000,96.000000,96.000000,5.0,1981.0603,1828.7891,7924.2412,8076.5124,PENDING_AG03,FALSE,NOT_FOR_ENFORCEMENT,9509.0895,105576.9439,9905.3015,9509.0895,396.2121,0.08148070,0.07822147,396.2121,9509.0895,0.07822147,396.2121,396.2121,396.2121,396.2121,396.2121,9509.0895,0.07822147,1981.0603,1828.7891,7924.2412,8076.5124,0.06518456,0.06643714,0.00325923,376.3660,340.4829,30.6666,1238.1627,165.0884,15195.7785,40.3750,,376.3660,106.9519,267.3797,534.7593,535.1612,1069.5187,2673.7969,267.3797,0.0,4.0,10.000001,1.407609,15,51,8,2,0E-8,0.08148070,,0E-8,0.000000,0.904659,0.000000,,2026-04-02,2026-05-01,8,60,37,30,0.266667,,,0.000000,,,,,,,,GLOBAL_BASELINE_NO_ENTITY_RANKING,,,NOT_APPLICABLE_GLOBAL_BASELINE,HF9g-P5,,,,X 全窗基线 · 不参与实体赏罚,15057175,1506,A168_HF9F_20260827_0900,2026-08-27 09:00:00
2026-04-21,148098385,-1,1,534.7593582888,508.0213903743,508.0213903743,1.0000000,1,1,0.50665070000000000,0.506650700000,0.9867858985152569,0.9867858985152569,0.9867858985152569,0E-17,SENTINEL_DEALER,R03b_20260811_FULL_v1,L1_ELIGIBILITY,v2026-08-11,2026-03-21..2026-08-06,baccarat_bet02_101_all_pairs_incl_sentinel,round_win = game_pnl > 0 (decisive only),COMPATIBILITY_ONLY_NOT_PRODUCTION,121566.2278,109975.9832,9905.3015,323,323,-0.08148070,,-0.08148070,-0.08148070,-9905.3015,121566.2278,OK,0.0000,396.2121,4.0000,96.0000,AG03-UNRESOLVED,ALL5_LEVELS_bet23_to_bet27,396.2121,396.2121,396.2121,396.2121,396.2121,4.000000,4.000000,4.000000,4.000000,4.000000,96.000000,96.000000,96.000000,96.000000,96.000000,5.0,1981.0603,1828.7891,7924.2412,8076.5124,PENDING_AG03,FALSE,NOT_FOR_ENFORCEMENT,9509.0895,105576.9439,9905.3015,9509.0895,396.2121,0.08148070,0.07822147,396.2121,9509.0895,0.07822147,396.2121,396.2121,396.2121,396.2121,396.2121,9509.0895,0.07822147,1981.0603,1828.7891,7924.2412,8076.5124,0.06518456,0.06643714,0.00325923,376.3660,340.4829,30.6666,1238.1627,165.0884,15195.7785,40.3750,,376.3660,106.9519,267.3797,534.7593,535.1612,1069.5187,2673.7969,267.3797,0.0,4.0,10.000001,1.407609,15,51,8,2,0E-8,0.08148070,,0E-8,0.000000,0.904659,0.000000,,2026-04-02,2026-05-01,8,60,37,30,0.266667,,,0.000000,,,,,,,,GLOBAL_BASELINE_NO_ENTITY_RANKING,,,NOT_APPLICABLE_GLOBAL_BASELINE,HF9g-P5,,,,X 全窗基线 · 不参与实体赏罚,15057176,1506,A168_HF9F_20260827_0900,2026-08-27 09:00:00
2026-04-21,148098385,1304,0,53.4759358289,50.8021390374,50.8021390374,1.0000000,1,1,0.50665070000000000,0.506650700000,0.9867858985152569,0.9867858985152569,0.9867858985152569,0E-17,ELIGIBLE,R03b_20260811_FULL_v1,L1_ELIGIBILITY,v2026-08-11,2026-03-21..2026-08-06,baccarat_bet02_101_all_pairs_incl_sentinel,round_win = game_pnl > 0 (decisive only),COMPATIBILITY_ONLY_NOT_PRODUCTION,121566.2278,109975.9832,9905.3015,323,323,-0.08148070,,-0.08148070,-0.08148070,-9905.3015,121566.2278,OK,0.0000,396.2121,4.0000,96.0000,AG03-UNRESOLVED,ALL5_LEVELS_bet23_to_bet27,396.2121,396.2121,396.2121,396.2121,396.2121,4.000000,4.000000,4.000000,4.000000,4.000000,96.000000,96.000000,96.000000,96.000000,96.000000,5.0,1981.0603,1828.7891,7924.2412,8076.5124,PENDING_AG03,FALSE,NOT_FOR_ENFORCEMENT,9509.0895,105576.9439,9905.3015,9509.0895,396.2121,0.08148070,0.07822147,396.2121,9509.0895,0.07822147,396.2121,396.2121,396.2121,396.2121,396.2121,9509.0895,0.07822147,1981.0603,1828.7891,7924.2412,8076.5124,0.06518456,0.06643714,0.00325923,376.3660,340.4829,30.6666,1238.1627,165.0884,15195.7785,40.3750,,376.3660,106.9519,267.3797,534.7593,535.1612,1069.5187,2673.7969,267.3797,0.0,4.0,10.000001,1.407609,15,51,8,2,0E-8,0.08148070,,0E-8,0.000000,0.904659,0.000000,,2026-04-02,2026-05-01,8,60,37,30,0.266667,,,0.000000,,,,,,,,GLOBAL_BASELINE_NO_ENTITY_RANKING,,,NOT_APPLICABLE_GLOBAL_BASELINE,HF9g-P5,,,,X 全窗基线 · 不参与实体赏罚,15057177,1506,A168_HF9F_20260827_0900,2026-08-27 09:00:00
2026-04-21,148098385,1325,0,2085.5614973263,-1550.8021390375,-1550.8021390375,0.1666667,6,6,0.49324550000000000,0.493245500000,-1.6000490105185914,-1.600049010518591,-1.6000490105185914,0E-17,ELIGIBLE,R03b_20260811_FULL_v1,L1_ELIGIBILITY,v2026-08-11,2026-03-21..2026-08-06,baccarat_bet02_101_all_pairs_incl_sentinel,round_win = game_pnl > 0 (decisive only),COMPATIBILITY_ONLY_NOT_PRODUCTION,121566.2278,109975.9832,9905.3015,323,323,-0.08148070,,-0.08148070,-0.08148070,-9905.3015,121566.2278,OK,0.0000,396.2121,4.0000,96.0000,AG03-UNRESOLVED,ALL5_LEVELS_bet23_to_bet27,396.2121,396.2121,396.2121,396.2121,396.2121,4.000000,4.000000,4.000000,4.000000,4.000000,96.000000,96.000000,96.000000,96.000000,96.000000,5.0,1981.0603,1828.7891,7924.2412,8076.5124,PENDING_AG03,FALSE,NOT_FOR_ENFORCEMENT,9509.0895,105576.9439,9905.3015,9509.0895,396.2121,0.08148070,0.07822147,396.2121,9509.0895,0.07822147,396.2121,396.2121,396.2121,396.2121,396.2121,9509.0895,0.07822147,1981.0603,1828.7891,7924.2412,8076.5124,0.06518456,0.06643714,0.00325923,376.3660,340.4829,30.6666,1238.1627,165.0884,15195.7785,40.3750,,376.3660,106.9519,267.3797,534.7593,535.1612,1069.5187,2673.7969,267.3797,0.0,4.0,10.000001,1.407609,15,51,8,2,0E-8,0.08148070,,0E-8,0.000000,0.904659,0.000000,,2026-04-02,2026-05-01,8,60,37,30,0.266667,,,0.000000,,,,,,,,GLOBAL_BASELINE_NO_ENTITY_RANKING,,,NOT_APPLICABLE_GLOBAL_BASELINE,HF9g-P5,,,,X 全窗基线 · 不参与实体赏罚,15057178,1506,A168_HF9F_20260827_0900,2026-08-27 09:00:00
2026-04-21,148098385,1330,0,1818.1818181820,641.7112299466,641.7112299466,0.5714286,7,7,0.49516052857142857,0.495160528571,0.40359145382014583,0.40359145382241707,0.40359145382014583,4.2857E-13,ELIGIBLE,R03b_20260811_FULL_v1,L1_ELIGIBILITY,v2026-08-11,2026-03-21..2026-08-06,baccarat_bet02_101_all_pairs_incl_sentinel,round_win = game_pnl > 0 (decisive only),COMPATIBILITY_ONLY_NOT_PRODUCTION,121566.2278,109975.9832,9905.3015,323,323,-0.08148070,,-0.08148070,-0.08148070,-9905.3015,121566.2278,OK,0.0000,396.2121,4.0000,96.0000,AG03-UNRESOLVED,ALL5_LEVELS_bet23_to_bet27,396.2121,396.2121,396.2121,396.2121,396.2121,4.000000,4.000000,4.000000,4.000000,4.000000,96.000000,96.000000,96.000000,96.000000,96.000000,5.0,1981.0603,1828.7891,7924.2412,8076.5124,PENDING_AG03,FALSE,NOT_FOR_ENFORCEMENT,9509.0895,105576.9439,9905.3015,9509.0895,396.2121,0.08148070,0.07822147,396.2121,9509.0895,0.07822147,396.2121,396.2121,396.2121,396.2121,396.2121,9509.0895,0.07822147,1981.0603,1828.7891,7924.2412,8076.5124,0.06518456,0.06643714,0.00325923,376.3660,340.4829,30.6666,1238.1627,165.0884,15195.7785,40.3750,,376.3660,106.9519,267.3797,534.7593,535.1612,1069.5187,2673.7969,267.3797,0.0,4.0,10.000001,1.407609,15,51,8,2,0E-8,0.08148070,,0E-8,0.000000,0.904659,0.000000,,2026-04-02,2026-05-01,8,60,37,30,0.266667,,,0.000000,,,,,,,,GLOBAL_BASELINE_NO_ENTITY_RANKING,,,NOT_APPLICABLE_GLOBAL_BASELINE,HF9g-P5,,,,X 全窗基线 · 不参与实体赏罚,15057179,1506,A168_HF9F_20260827_0900,2026-08-27 09:00:00
2026-04-21,148098385,1331,0,2673.7967914439,-2673.7967914439,-2673.7967914439,0E-7,1,1,0.49324550000000000,0.493245500000,-0.9865810262130424,-0.9865810262130424,-0.9865810262130424,0E-17,ELIGIBLE,R03b_20260811_FULL_v1,L1_ELIGIBILITY,v2026-08-11,2026-03-21..2026-08-06,baccarat_bet02_101_all_pairs_incl_sentinel,round_win = game_pnl > 0 (decisive only),COMPATIBILITY_ONLY_NOT_PRODUCTION,121566.2278,109975.9832,9905.3015,323,323,-0.08148070,,-0.08148070,-0.08148070,-9905.3015,121566.2278,OK,0.0000,396.2121,4.0000,96.0000,AG03-UNRESOLVED,ALL5_LEVELS_bet23_to_bet27,396.2121,396.2121,396.2121,396.2121,396.2121,4.000000,4.000000,4.000000,4.000000,4.000000,96.000000,96.000000,96.000000,96.000000,96.000000,5.0,1981.0603,1828.7891,7924.2412,8076.5124,PENDING_AG03,FALSE,NOT_FOR_ENFORCEMENT,9509.0895,105576.9439,9905.3015,9509.0895,396.2121,0.08148070,0.07822147,396.2121,9509.0895,0.07822147,396.2121,396.2121,396.2121,396.2121,396.2121,9509.0895,0.07822147,1981.0603,1828.7891,7924.2412,8076.5124,0.06518456,0.06643714,0.00325923,376.3660,340.4829,30.6666,1238.1627,165.0884,15195.7785,40.3750,,376.3660,106.9519,267.3797,534.7593,535.1612,1069.5187,2673.7969,267.3797,0.0,4.0,10.000001,1.407609,15,51,8,2,0E-8,0.08148070,,0E-8,0.000000,0.904659,0.000000,,2026-04-02,2026-05-01,8,60,37,30,0.266667,,,0.000000,,,,,,,,GLOBAL_BASELINE_NO_ENTITY_RANKING,,,NOT_APPLICABLE_GLOBAL_BASELINE,HF9g-P5,,,,X 全窗基线 · 不参与实体赏罚,15057180,1506,A168_HF9F_20260827_0900,2026-08-27 09:00:00
2026-04-21,148098385,1374,0,2406.4171122998,863.6363636363,863.6363636363,0.7000000,11,11,0.50177608181818182,0.501776081818,1.2536860458013457,1.253686045802494,1.2536860458013457,1.8182E-13,ELIGIBLE,R03b_20260811_FULL_v1,L1_ELIGIBILITY,v2026-08-11,2026-03-21..2026-08-06,baccarat_bet02_101_all_pairs_incl_sentinel,round_win = game_pnl > 0 (decisive only),COMPATIBILITY_ONLY_NOT_PRODUCTION,121566.2278,109975.9832,9905.3015,323,323,-0.08148070,,-0.08148070,-0.08148070,-9905.3015,121566.2278,OK,0.0000,396.2121,4.0000,96.0000,AG03-UNRESOLVED,ALL5_LEVELS_bet23_to_bet27,396.2121,396.2121,396.2121,396.2121,396.2121,4.000000,4.000000,4.000000,4.000000,4.000000,96.000000,96.000000,96.000000,96.000000,96.000000,5.0,1981.0603,1828.7891,7924.2412,8076.5124,PENDING_AG03,FALSE,NOT_FOR_ENFORCEMENT,9509.0895,105576.9439,9905.3015,9509.0895,396.2121,0.08148070,0.07822147,396.2121,9509.0895,0.07822147,396.2121,396.2121,396.2121,396.2121,396.2121,9509.0895,0.07822147,1981.0603,1828.7891,7924.2412,8076.5124,0.06518456,0.06643714,0.00325923,376.3660,340.4829,30.6666,1238.1627,165.0884,15195.7785,40.3750,,376.3660,106.9519,267.3797,534.7593,535.1612,1069.5187,2673.7969,267.3797,0.0,4.0,10.000001,1.407609,15,51,8,2,0E-8,0.08148070,,0E-8,0.000000,0.904659,0.000000,,2026-04-02,2026-05-01,8,60,37,30,0.266667,,,0.000000,,,,,,,,GLOBAL_BASELINE_NO_ENTITY_RANKING,,,NOT_APPLICABLE_GLOBAL_BASELINE,HF9g-P5,,,,X 全窗基线 · 不参与实体赏罚,15057181,1506,A168_HF9F_20260827_0900,2026-08-27 09:00:00
2026-04-21,148098385,1384,0,3689.8395721928,2457.2192513371,2457.2192513371,0.8181818,11,11,0.49690146363636364,0.496901463636,2.1311736999609336,2.1311736999633557,2.1311736999609336,3.6364E-13,ELIGIBLE,R03b_20260811_FULL_v1,L1_ELIGIBILITY,v2026-08-11,2026-03-21..2026-08-06,baccarat_bet02_101_all_pairs_incl_sentinel,round_win = game_pnl > 0 (decisive only),COMPATIBILITY_ONLY_NOT_PRODUCTION,121566.2278,109975.9832,9905.3015,323,323,-0.08148070,,-0.08148070,-0.08148070,-9905.3015,121566.2278,OK,0.0000,396.2121,4.0000,96.0000,AG03-UNRESOLVED,ALL5_LEVELS_bet23_to_bet27,396.2121,396.2121,396.2121,396.2121,396.2121,4.000000,4.000000,4.000000,4.000000,4.000000,96.000000,96.000000,96.000000,96.000000,96.000000,5.0,1981.0603,1828.7891,7924.2412,8076.5124,PENDING_AG03,FALSE,NOT_FOR_ENFORCEMENT,9509.0895,105576.9439,9905.3015,9509.0895,396.2121,0.08148070,0.07822147,396.2121,9509.0895,0.07822147,396.2121,396.2121,396.2121,396.2121,396.2121,9509.0895,0.07822147,1981.0603,1828.7891,7924.2412,8076.5124,0.06518456,0.06643714,0.00325923,376.3660,340.4829,30.6666,1238.1627,165.0884,15195.7785,40.3750,,376.3660,106.9519,267.3797,534.7593,535.1612,1069.5187,2673.7969,267.3797,0.0,4.0,10.000001,1.407609,15,51,8,2,0E-8,0.08148070,,0E-8,0.000000,0.904659,0.000000,,2026-04-02,2026-05-01,8,60,37,30,0.266667,,,0.000000,,,,,,,,GLOBAL_BASELINE_NO_ENTITY_RANKING,,,NOT_APPLICABLE_GLOBAL_BASELINE,HF9g-P5,,,,X 全窗基线 · 不参与实体赏罚,15057182,1506,A168_HF9F_20260827_0900,2026-08-27 09:00:00
2026-04-21,148098385,1396,0,106.9518716578,0E-10,0E-10,,1,1,0.50665070000000000,0.506650700000,,,,0E-17,NO_DECISIVE_ROUND,R03b_20260811_FULL_v1,L1_ELIGIBILITY,v2026-08-11,2026-03-21..2026-08-06,baccarat_bet02_101_all_pairs_incl_sentinel,round_win = game_pnl > 0 (decisive only),COMPATIBILITY_ONLY_NOT_PRODUCTION,121566.2278,109975.9832,9905.3015,323,323,-0.08148070,,-0.08148070,-0.08148070,-9905.3015,121566.2278,OK,0.0000,396.2121,4.0000,96.0000,AG03-UNRESOLVED,ALL5_LEVELS_bet23_to_bet27,396.2121,396.2121,396.2121,396.2121,396.2121,4.000000,4.000000,4.000000,4.000000,4.000000,96.000000,96.000000,96.000000,96.000000,96.000000,5.0,1981.0603,1828.7891,7924.2412,8076.5124,PENDING_AG03,FALSE,NOT_FOR_ENFORCEMENT,9509.0895,105576.9439,9905.3015,9509.0895,396.2121,0.08148070,0.07822147,396.2121,9509.0895,0.07822147,396.2121,396.2121,396.2121,396.2121,396.2121,9509.0895,0.07822147,1981.0603,1828.7891,7924.2412,8076.5124,0.06518456,0.06643714,0.00325923,376.3660,340.4829,30.6666,1238.1627,165.0884,15195.7785,40.3750,,376.3660,106.9519,267.3797,534.7593,535.1612,1069.5187,2673.7969,267.3797,0.0,4.0,10.000001,1.407609,15,51,8,2,0E-8,0.08148070,,0E-8,0.000000,0.904659,0.000000,,2026-04-02,2026-05-01,8,60,37,30,0.266667,,,0.000000,,,,,,,,GLOBAL_BASELINE_NO_ENTITY_RANKING,,,NOT_APPLICABLE_GLOBAL_BASELINE,HF9g-P5,,,,X 全窗基线 · 不参与实体赏罚,15057183,1506,A168_HF9F_20260827_0900,2026-08-27 09:00:00
2026-04-21,148098385,1485,0,1475.9358288770,-491.9786096256,-491.9786096256,0.5000000,2,2,0.49324550000000000,0.493245500000,0.01910635448239258,0.01910635448239258,0.01910635448239258,0E-17,ELIGIBLE,R03b_20260811_FULL_v1,L1_ELIGIBILITY,v2026-08-11,2026-03-21..2026-08-06,baccarat_bet02_101_all_pairs_incl_sentinel,round_win = game_pnl > 0 (decisive only),COMPATIBILITY_ONLY_NOT_PRODUCTION,121566.2278,109975.9832,9905.3015,323,323,-0.08148070,,-0.08148070,-0.08148070,-9905.3015,121566.2278,OK,0.0000,396.2121,4.0000,96.0000,AG03-UNRESOLVED,ALL5_LEVELS_bet23_to_bet27,396.2121,396.2121,396.2121,396.2121,396.2121,4.000000,4.000000,4.000000,4.000000,4.000000,96.000000,96.000000,96.000000,96.000000,96.000000,5.0,1981.0603,1828.7891,7924.2412,8076.5124,PENDING_AG03,FALSE,NOT_FOR_ENFORCEMENT,9509.0895,105576.9439,9905.3015,9509.0895,396.2121,0.08148070,0.07822147,396.2121,9509.0895,0.07822147,396.2121,396.2121,396.2121,396.2121,396.2121,9509.0895,0.07822147,1981.0603,1828.7891,7924.2412,8076.5124,0.06518456,0.06643714,0.00325923,376.3660,340.4829,30.6666,1238.1627,165.0884,15195.7785,40.3750,,376.3660,106.9519,267.3797,534.7593,535.1612,1069.5187,2673.7969,267.3797,0.0,4.0,10.000001,1.407609,15,51,8,2,0E-8,0.08148070,,0E-8,0.000000,0.904659,0.000000,,2026-04-02,2026-05-01,8,60,37,30,0.266667,,,0.000000,,,,,,,,GLOBAL_BASELINE_NO_ENTITY_RANKING,,,NOT_APPLICABLE_GLOBAL_BASELINE,HF9g-P5,,,,X 全窗基线 · 不参与实体赏罚,15057184,1506,A168_HF9F_20260827_0900,2026-08-27 09:00:00
2026-04-21,148098385,1942,0,5347.5935828878,-2673.7967914439,-2673.7967914439,0E-7,2,2,0.49994810000000000,0.499948100000,-0.9998962053866608,-0.9998962053866608,-0.9998962053866608,0E-17,ELIGIBLE,R03b_20260811_FULL_v1,L1_ELIGIBILITY,v2026-08-11,2026-03-21..2026-08-06,baccarat_bet02_101_all_pairs_incl_sentinel,round_win = game_pnl > 0 (decisive only),COMPATIBILITY_ONLY_NOT_PRODUCTION,121566.2278,109975.9832,9905.3015,323,323,-0.08148070,,-0.08148070,-0.08148070,-9905.3015,121566.2278,OK,0.0000,396.2121,4.0000,96.0000,AG03-UNRESOLVED,ALL5_LEVELS_bet23_to_bet27,396.2121,396.2121,396.2121,396.2121,396.2121,4.000000,4.000000,4.000000,4.000000,4.000000,96.000000,96.000000,96.000000,96.000000,96.000000,5.0,1981.0603,1828.7891,7924.2412,8076.5124,PENDING_AG03,FALSE,NOT_FOR_ENFORCEMENT,9509.0895,105576.9439,9905.3015,9509.0895,396.2121,0.08148070,0.07822147,396.2121,9509.0895,0.07822147,396.2121,396.2121,396.2121,396.2121,396.2121,9509.0895,0.07822147,1981.0603,1828.7891,7924.2412,8076.5124,0.06518456,0.06643714,0.00325923,376.3660,340.4829,30.6666,1238.1627,165.0884,15195.7785,40.3750,,376.3660,106.9519,267.3797,534.7593,535.1612,1069.5187,2673.7969,267.3797,0.0,4.0,10.000001,1.407609,15,51,8,2,0E-8,0.08148070,,0E-8,0.000000,0.904659,0.000000,,2026-04-02,2026-05-01,8,60,37,30,0.266667,,,0.000000,,,,,,,,GLOBAL_BASELINE_NO_ENTITY_RANKING,,,NOT_APPLICABLE_GLOBAL_BASELINE,HF9g-P5,,,,X 全窗基线 · 不参与实体赏罚,15057185,1506,A168_HF9F_20260827_0900,2026-08-27 09:00:00
2026-04-21,148098385,1990,0,106.9518716578,-106.9518716578,-106.9518716578,0E-7,1,1,0.50665070000000000,0.506650700000,-1.013391052207602,-1.013391052207602,-1.013391052207602,0E-17,ELIGIBLE,R03b_20260811_FULL_v1,L1_ELIGIBILITY,v2026-08-11,2026-03-21..2026-08-06,baccarat_bet02_101_all_pairs_incl_sentinel,round_win = game_pnl > 0 (decisive only),COMPATIBILITY_ONLY_NOT_PRODUCTION,121566.2278,109975.9832,9905.3015,323,323,-0.08148070,,-0.08148070,-0.08148070,-9905.3015,121566.2278,OK,0.0000,396.2121,4.0000,96.0000,AG03-UNRESOLVED,ALL5_LEVELS_bet23_to_bet27,396.2121,396.2121,396.2121,396.2121,396.2121,4.000000,4.000000,4.000000,4.000000,4.000000,96.000000,96.000000,96.000000,96.000000,96.000000,5.0,1981.0603,1828.7891,7924.2412,8076.5124,PENDING_AG03,FALSE,NOT_FOR_ENFORCEMENT,9509.0895,105576.9439,9905.3015,9509.0895,396.2121,0.08148070,0.07822147,396.2121,9509.0895,0.07822147,396.2121,396.2121,396.2121,396.2121,396.2121,9509.0895,0.07822147,1981.0603,1828.7891,7924.2412,8076.5124,0.06518456,0.06643714,0.00325923,376.3660,340.4829,30.6666,1238.1627,165.0884,15195.7785,40.3750,,376.3660,106.9519,267.3797,534.7593,535.1612,1069.5187,2673.7969,267.3797,0.0,4.0,10.000001,1.407609,15,51,8,2,0E-8,0.08148070,,0E-8,0.000000,0.904659,0.000000,,2026-04-02,2026-05-01,8,60,37,30,0.266667,,,0.000000,,,,,,,,GLOBAL_BASELINE_NO_ENTITY_RANKING,,,NOT_APPLICABLE_GLOBAL_BASELINE,HF9g-P5,,,,X 全窗基线 · 不参与实体赏罚,15057186,1506,A168_HF9F_20260827_0900,2026-08-27 09:00:00
2026-04-21,148098385,2117,0,3695.1871657755,-906.9518716582,-906.9518716582,0.4615385,14,14,0.50569318571428571,0.505693185714,-0.31842488661529417,-0.31842488661323165,-0.31842488661529417,2.8571E-13,ELIGIBLE,R03b_20260811_FULL_v1,L1_ELIGIBILITY,v2026-08-11,2026-03-21..2026-08-06,baccarat_bet02_101_all_pairs_incl_sentinel,round_win = game_pnl > 0 (decisive only),COMPATIBILITY_ONLY_NOT_PRODUCTION,121566.2278,109975.9832,9905.3015,323,323,-0.08148070,,-0.08148070,-0.08148070,-9905.3015,121566.2278,OK,0.0000,396.2121,4.0000,96.0000,AG03-UNRESOLVED,ALL5_LEVELS_bet23_to_bet27,396.2121,396.2121,396.2121,396.2121,396.2121,4.000000,4.000000,4.000000,4.000000,4.000000,96.000000,96.000000,96.000000,96.000000,96.000000,5.0,1981.0603,1828.7891,7924.2412,8076.5124,PENDING_AG03,FALSE,NOT_FOR_ENFORCEMENT,9509.0895,105576.9439,9905.3015,9509.0895,396.2121,0.08148070,0.07822147,396.2121,9509.0895,0.07822147,396.2121,396.2121,396.2121,396.2121,396.2121,9509.0895,0.07822147,1981.0603,1828.7891,7924.2412,8076.5124,0.06518456,0.06643714,0.00325923,376.3660,340.4829,30.6666,1238.1627,165.0884,15195.7785,40.3750,,376.3660,106.9519,267.3797,534.7593,535.1612,1069.5187,2673.7969,267.3797,0.0,4.0,10.000001,1.407609,15,51,8,2,0E-8,0.08148070,,0E-8,0.000000,0.904659,0.000000,,2026-04-02,2026-05-01,8,60,37,30,0.266667,,,0.000000,,,,,,,,GLOBAL_BASELINE_NO_ENTITY_RANKING,,,NOT_APPLICABLE_GLOBAL_BASELINE,HF9g-P5,,,,X 全窗基线 · 不参与实体赏罚,15057187,1506,A168_HF9F_20260827_0900,2026-08-27 09:00:00
2026-04-21,148098385,2174,0,267.3796791444,254.0106951872,254.0106951872,1.0000000,1,1,0.50665070000000000,0.506650700000,0.9867858985152569,0.9867858985152569,0.9867858985152569,0E-17,ELIGIBLE,R03b_20260811_FULL_v1,L1_ELIGIBILITY,v2026-08-11,2026-03-21..2026-08-06,baccarat_bet02_101_all_pairs_incl_sentinel,round_win = game_pnl > 0 (decisive only),COMPATIBILITY_ONLY_NOT_PRODUCTION,121566.2278,109975.9832,9905.3015,323,323,-0.08148070,,-0.08148070,-0.08148070,-9905.3015,121566.2278,OK,0.0000,396.2121,4.0000,96.0000,AG03-UNRESOLVED,ALL5_LEVELS_bet23_to_bet27,396.2121,396.2121,396.2121,396.2121,396.2121,4.000000,4.000000,4.000000,4.000000,4.000000,96.000000,96.000000,96.000000,96.000000,96.000000,5.0,1981.0603,1828.7891,7924.2412,8076.5124,PENDING_AG03,FALSE,NOT_FOR_ENFORCEMENT,9509.0895,105576.9439,9905.3015,9509.0895,396.2121,0.08148070,0.07822147,396.2121,9509.0895,0.07822147,396.2121,396.2121,396.2121,396.2121,396.2121,9509.0895,0.07822147,1981.0603,1828.7891,7924.2412,8076.5124,0.06518456,0.06643714,0.00325923,376.3660,340.4829,30.6666,1238.1627,165.0884,15195.7785,40.3750,,376.3660,106.9519,267.3797,534.7593,535.1612,1069.5187,2673.7969,267.3797,0.0,4.0,10.000001,1.407609,15,51,8,2,0E-8,0.08148070,,0E-8,0.000000,0.904659,0.000000,,2026-04-02,2026-05-01,8,60,37,30,0.266667,,,0.000000,,,,,,,,GLOBAL_BASELINE_NO_ENTITY_RANKING,,,NOT_APPLICABLE_GLOBAL_BASELINE,HF9g-P5,,,,X 全窗基线 · 不参与实体赏罚,15057188,1506,A168_HF9F_20260827_0900,2026-08-27 09:00:00
2026-04-21,148098385,2188,0,320.8556149734,101.6042780749,101.6042780749,0.6666667,3,3,0.50218230000000000,0.502182300000,0.5697959874915163,0.5697959874915164,0.5697959874915163,0E-17,ELIGIBLE,R03b_20260811_FULL_v1,L1_ELIGIBILITY,v2026-08-11,2026-03-21..2026-08-06,baccarat_bet02_101_all_pairs_incl_sentinel,round_win = game_pnl > 0 (decisive only),COMPATIBILITY_ONLY_NOT_PRODUCTION,121566.2278,109975.9832,9905.3015,323,323,-0.08148070,,-0.08148070,-0.08148070,-9905.3015,121566.2278,OK,0.0000,396.2121,4.0000,96.0000,AG03-UNRESOLVED,ALL5_LEVELS_bet23_to_bet27,396.2121,396.2121,396.2121,396.2121,396.2121,4.000000,4.000000,4.000000,4.000000,4.000000,96.000000,96.000000,96.000000,96.000000,96.000000,5.0,1981.0603,1828.7891,7924.2412,8076.5124,PENDING_AG03,FALSE,NOT_FOR_ENFORCEMENT,9509.0895,105576.9439,9905.3015,9509.0895,396.2121,0.08148070,0.07822147,396.2121,9509.0895,0.07822147,396.2121,396.2121,396.2121,396.2121,396.2121,9509.0895,0.07822147,1981.0603,1828.7891,7924.2412,8076.5124,0.06518456,0.06643714,0.00325923,376.3660,340.4829,30.6666,1238.1627,165.0884,15195.7785,40.3750,,376.3660,106.9519,267.3797,534.7593,535.1612,1069.5187,2673.7969,267.3797,0.0,4.0,10.000001,1.407609,15,51,8,2,0E-8,0.08148070,,0E-8,0.000000,0.904659,0.000000,,2026-04-02,2026-05-01,8,60,37,30,0.266667,,,0.000000,,,,,,,,GLOBAL_BASELINE_NO_ENTITY_RANKING,,,NOT_APPLICABLE_GLOBAL_BASELINE,HF9g-P5,,,,X 全窗基线 · 不参与实体赏罚,15057189,1506,A168_HF9F_20260827_0900,2026-08-27 09:00:00
2026-04-21,148098385,2222,0,1262.0320855615,693.0481283421,693.0481283421,0.7142857,8,8,0.50665070000000000,0.506650700000,1.098798430526454,1.098798430526454,1.098798430526454,0E-17,ELIGIBLE,R03b_20260811_FULL_v1,L1_ELIGIBILITY,v2026-08-11,2026-03-21..2026-08-06,baccarat_bet02_101_all_pairs_incl_sentinel,round_win = game_pnl > 0 (decisive only),COMPATIBILITY_ONLY_NOT_PRODUCTION,121566.2278,109975.9832,9905.3015,323,323,-0.08148070,,-0.08148070,-0.08148070,-9905.3015,121566.2278,OK,0.0000,396.2121,4.0000,96.0000,AG03-UNRESOLVED,ALL5_LEVELS_bet23_to_bet27,396.2121,396.2121,396.2121,396.2121,396.2121,4.000000,4.000000,4.000000,4.000000,4.000000,96.000000,96.000000,96.000000,96.000000,96.000000,5.0,1981.0603,1828.7891,7924.2412,8076.5124,PENDING_AG03,FALSE,NOT_FOR_ENFORCEMENT,9509.0895,105576.9439,9905.3015,9509.0895,396.2121,0.08148070,0.07822147,396.2121,9509.0895,0.07822147,396.2121,396.2121,396.2121,396.2121,396.2121,9509.0895,0.07822147,1981.0603,1828.7891,7924.2412,8076.5124,0.06518456,0.06643714,0.00325923,376.3660,340.4829,30.6666,1238.1627,165.0884,15195.7785,40.3750,,376.3660,106.9519,267.3797,534.7593,535.1612,1069.5187,2673.7969,267.3797,0.0,4.0,10.000001,1.407609,15,51,8,2,0E-8,0.08148070,,0E-8,0.000000,0.904659,0.000000,,2026-04-02,2026-05-01,8,60,37,30,0.266667,,,0.000000,,,,,,,,GLOBAL_BASELINE_NO_ENTITY_RANKING,,,NOT_APPLICABLE_GLOBAL_BASELINE,HF9g-P5,,,,X 全窗基线 · 不参与实体赏罚,15057190,1506,A168_HF9F_20260827_0900,2026-08-27 09:00:00
2026-04-21,148098385,2246,0,8556.1497326205,-2673.7967914438,-2673.7967914438,0.5000000,7,7,0.49707555714285714,0.497075557143,0.014327030625969732,0.014327030625269827,0.014327030625969732,-1.4286E-13,ELIGIBLE,R03b_20260811_FULL_v1,L1_ELIGIBILITY,v2026-08-11,2026-03-21..2026-08-06,baccarat_bet02_101_all_pairs_incl_sentinel,round_win = game_pnl > 0 (decisive only),COMPATIBILITY_ONLY_NOT_PRODUCTION,121566.2278,109975.9832,9905.3015,323,323,-0.08148070,,-0.08148070,-0.08148070,-9905.3015,121566.2278,OK,0.0000,396.2121,4.0000,96.0000,AG03-UNRESOLVED,ALL5_LEVELS_bet23_to_bet27,396.2121,396.2121,396.2121,396.2121,396.2121,4.000000,4.000000,4.000000,4.000000,4.000000,96.000000,96.000000,96.000000,96.000000,96.000000,5.0,1981.0603,1828.7891,7924.2412,8076.5124,PENDING_AG03,FALSE,NOT_FOR_ENFORCEMENT,9509.0895,105576.9439,9905.3015,9509.0895,396.2121,0.08148070,0.07822147,396.2121,9509.0895,0.07822147,396.2121,396.2121,396.2121,396.2121,396.2121,9509.0895,0.07822147,1981.0603,1828.7891,7924.2412,8076.5124,0.06518456,0.06643714,0.00325923,376.3660,340.4829,30.6666,1238.1627,165.0884,15195.7785,40.3750,,376.3660,106.9519,267.3797,534.7593,535.1612,1069.5187,2673.7969,267.3797,0.0,4.0,10.000001,1.407609,15,51,8,2,0E-8,0.08148070,,0E-8,0.000000,0.904659,0.000000,,2026-04-02,2026-05-01,8,60,37,30,0.266667,,,0.000000,,,,,,,,GLOBAL_BASELINE_NO_ENTITY_RANKING,,,NOT_APPLICABLE_GLOBAL_BASELINE,HF9g-P5,,,,X 全窗基线 · 不参与实体赏罚,15057191,1506,A168_HF9F_20260827_0900,2026-08-27 09:00:00
2026-04-21,148098385,2252,0,930.4812834225,-106.6844919786,-106.6844919786,0.6666667,4,4,0.49994810000000000,0.499948100000,0.5775300591747329,0.5775300591747329,0.5775300591747329,0E-17,ELIGIBLE,R03b_20260811_FULL_v1,L1_ELIGIBILITY,v2026-08-11,2026-03-21..2026-08-06,baccarat_bet02_101_all_pairs_incl_sentinel,round_win = game_pnl > 0 (decisive only),COMPATIBILITY_ONLY_NOT_PRODUCTION,121566.2278,109975.9832,9905.3015,323,323,-0.08148070,,-0.08148070,-0.08148070,-9905.3015,121566.2278,OK,0.0000,396.2121,4.0000,96.0000,AG03-UNRESOLVED,ALL5_LEVELS_bet23_to_bet27,396.2121,396.2121,396.2121,396.2121,396.2121,4.000000,4.000000,4.000000,4.000000,4.000000,96.000000,96.000000,96.000000,96.000000,96.000000,5.0,1981.0603,1828.7891,7924.2412,8076.5124,PENDING_AG03,FALSE,NOT_FOR_ENFORCEMENT,9509.0895,105576.9439,9905.3015,9509.0895,396.2121,0.08148070,0.07822147,396.2121,9509.0895,0.07822147,396.2121,396.2121,396.2121,396.2121,396.2121,9509.0895,0.07822147,1981.0603,1828.7891,7924.2412,8076.5124,0.06518456,0.06643714,0.00325923,376.3660,340.4829,30.6666,1238.1627,165.0884,15195.7785,40.3750,,376.3660,106.9519,267.3797,534.7593,535.1612,1069.5187,2673.7969,267.3797,0.0,4.0,10.000001,1.407609,15,51,8,2,0E-8,0.08148070,,0E-8,0.000000,0.904659,0.000000,,2026-04-02,2026-05-01,8,60,37,30,0.266667,,,0.000000,,,,,,,,GLOBAL_BASELINE_NO_ENTITY_RANKING,,,NOT_APPLICABLE_GLOBAL_BASELINE,HF9g-P5,,,,X 全窗基线 · 不参与实体赏罚,15057192,1506,A168_HF9F_20260827_0900,2026-08-27 09:00:00
2026-04-27,148098385,1994,0,112.2994652406,-112.2994652406,-112.2994652406,0E-7,1,1,0.49324550000000000,0.493245500000,-0.9865810262130424,-0.9865810262130424,-0.9865810262130424,0E-17,ELIGIBLE,R03b_20260811_FULL_v1,L1_ELIGIBILITY,v2026-08-11,2026-03-21..2026-08-06,baccarat_bet02_101_all_pairs_incl_sentinel,round_win = game_pnl > 0 (decisive only),COMPATIBILITY_ONLY_NOT_PRODUCTION,121566.2278,109975.9832,9905.3015,323,323,-0.08148070,,-0.08148070,-0.08148070,-9905.3015,121566.2278,OK,0.0000,396.2121,4.0000,96.0000,AG03-UNRESOLVED,ALL5_LEVELS_bet23_to_bet27,396.2121,396.2121,396.2121,396.2121,396.2121,4.000000,4.000000,4.000000,4.000000,4.000000,96.000000,96.000000,96.000000,96.000000,96.000000,5.0,1981.0603,1828.7891,7924.2412,8076.5124,PENDING_AG03,FALSE,NOT_FOR_ENFORCEMENT,9509.0895,105576.9439,9905.3015,9509.0895,396.2121,0.08148070,0.07822147,396.2121,9509.0895,0.07822147,396.2121,396.2121,396.2121,396.2121,396.2121,9509.0895,0.07822147,1981.0603,1828.7891,7924.2412,8076.5124,0.06518456,0.06643714,0.00325923,376.3660,340.4829,30.6666,1238.1627,165.0884,15195.7785,40.3750,,376.3660,106.9519,267.3797,534.7593,535.1612,1069.5187,2673.7969,267.3797,0.0,4.0,10.000001,1.407609,15,51,8,2,0E-8,0.08148070,,0E-8,0.000000,0.904659,0.000000,,2026-04-02,2026-05-01,8,60,37,30,0.266667,,,0.000000,,,,,,,,GLOBAL_BASELINE_NO_ENTITY_RANKING,,,NOT_APPLICABLE_GLOBAL_BASELINE,HF9g-P5,,,,X 全窗基线 · 不参与实体赏罚,15057193,1506,A168_HF9F_20260827_0900,2026-08-27 09:00:00
2026-04-29,148098385,1330,0,1657.7540106954,-374.3315508022,-374.3315508022,0.4285714,7,7,0.49324550000000000,0.493245500000,-0.3422542494892156,-0.3422542494892157,-0.3422542494892156,0E-17,ELIGIBLE,R03b_20260811_FULL_v1,L1_ELIGIBILITY,v2026-08-11,2026-03-21..2026-08-06,baccarat_bet02_101_all_pairs_incl_sentinel,round_win = game_pnl > 0 (decisive only),COMPATIBILITY_ONLY_NOT_PRODUCTION,121566.2278,109975.9832,9905.3015,323,323,-0.08148070,,-0.08148070,-0.08148070,-9905.3015,121566.2278,OK,0.0000,396.2121,4.0000,96.0000,AG03-UNRESOLVED,ALL5_LEVELS_bet23_to_bet27,396.2121,396.2121,396.2121,396.2121,396.2121,4.000000,4.000000,4.000000,4.000000,4.000000,96.000000,96.000000,96.000000,96.000000,96.000000,5.0,1981.0603,1828.7891,7924.2412,8076.5124,PENDING_AG03,FALSE,NOT_FOR_ENFORCEMENT,9509.0895,105576.9439,9905.3015,9509.0895,396.2121,0.08148070,0.07822147,396.2121,9509.0895,0.07822147,396.2121,396.2121,396.2121,396.2121,396.2121,9509.0895,0.07822147,1981.0603,1828.7891,7924.2412,8076.5124,0.06518456,0.06643714,0.00325923,376.3660,340.4829,30.6666,1238.1627,165.0884,15195.7785,40.3750,,376.3660,106.9519,267.3797,534.7593,535.1612,1069.5187,2673.7969,267.3797,0.0,4.0,10.000001,1.407609,15,51,8,2,0E-8,0.08148070,,0E-8,0.000000,0.904659,0.000000,,2026-04-02,2026-05-01,8,60,37,30,0.266667,,,0.000000,,,,,,,,GLOBAL_BASELINE_NO_ENTITY_RANKING,,,NOT_APPLICABLE_GLOBAL_BASELINE,HF9g-P5,,,,X 全窗基线 · 不参与实体赏罚,15057194,1506,A168_HF9F_20260827_0900,2026-08-27 09:00:00
2026-04-29,148098385,1396,0,1283.4224598932,0E-10,0E-10,0.4285714,7,7,0.49707555714285714,0.497075557143,-0.3624959764119633,-0.36249597641271863,-0.3624959764119633,-1.4286E-13,ELIGIBLE,R03b_20260811_FULL_v1,L1_ELIGIBILITY,v2026-08-11,2026-03-21..2026-08-06,baccarat_bet02_101_all_pairs_incl_sentinel,round_win = game_pnl > 0 (decisive only),COMPATIBILITY_ONLY_NOT_PRODUCTION,121566.2278,109975.9832,9905.3015,323,323,-0.08148070,,-0.08148070,-0.08148070,-9905.3015,121566.2278,OK,0.0000,396.2121,4.0000,96.0000,AG03-UNRESOLVED,ALL5_LEVELS_bet23_to_bet27,396.2121,396.2121,396.2121,396.2121,396.2121,4.000000,4.000000,4.000000,4.000000,4.000000,96.000000,96.000000,96.000000,96.000000,96.000000,5.0,1981.0603,1828.7891,7924.2412,8076.5124,PENDING_AG03,FALSE,NOT_FOR_ENFORCEMENT,9509.0895,105576.9439,9905.3015,9509.0895,396.2121,0.08148070,0.07822147,396.2121,9509.0895,0.07822147,396.2121,396.2121,396.2121,396.2121,396.2121,9509.0895,0.07822147,1981.0603,1828.7891,7924.2412,8076.5124,0.06518456,0.06643714,0.00325923,376.3660,340.4829,30.6666,1238.1627,165.0884,15195.7785,40.3750,,376.3660,106.9519,267.3797,534.7593,535.1612,1069.5187,2673.7969,267.3797,0.0,4.0,10.000001,1.407609,15,51,8,2,0E-8,0.08148070,,0E-8,0.000000,0.904659,0.000000,,2026-04-02,2026-05-01,8,60,37,30,0.266667,,,0.000000,,,,,,,,GLOBAL_BASELINE_NO_ENTITY_RANKING,,,NOT_APPLICABLE_GLOBAL_BASELINE,HF9g-P5,,,,X 全窗基线 · 不参与实体赏罚,15057195,1506,A168_HF9F_20260827_0900,2026-08-27 09:00:00
2026-04-29,148098385,2153,0,1176.4705882354,-534.7593582888,-534.7593582888,0.2000000,6,6,0.49547970000000000,0.495479700000,-1.3214793953192199,-1.3214793953192199,-1.3214793953192199,0E-17,ELIGIBLE,R03b_20260811_FULL_v1,L1_ELIGIBILITY,v2026-08-11,2026-03-21..2026-08-06,baccarat_bet02_101_all_pairs_incl_sentinel,round_win = game_pnl > 0 (decisive only),COMPATIBILITY_ONLY_NOT_PRODUCTION,121566.2278,109975.9832,9905.3015,323,323,-0.08148070,,-0.08148070,-0.08148070,-9905.3015,121566.2278,OK,0.0000,396.2121,4.0000,96.0000,AG03-UNRESOLVED,ALL5_LEVELS_bet23_to_bet27,396.2121,396.2121,396.2121,396.2121,396.2121,4.000000,4.000000,4.000000,4.000000,4.000000,96.000000,96.000000,96.000000,96.000000,96.000000,5.0,1981.0603,1828.7891,7924.2412,8076.5124,PENDING_AG03,FALSE,NOT_FOR_ENFORCEMENT,9509.0895,105576.9439,9905.3015,9509.0895,396.2121,0.08148070,0.07822147,396.2121,9509.0895,0.07822147,396.2121,396.2121,396.2121,396.2121,396.2121,9509.0895,0.07822147,1981.0603,1828.7891,7924.2412,8076.5124,0.06518456,0.06643714,0.00325923,376.3660,340.4829,30.6666,1238.1627,165.0884,15195.7785,40.3750,,376.3660,106.9519,267.3797,534.7593,535.1612,1069.5187,2673.7969,267.3797,0.0,4.0,10.000001,1.407609,15,51,8,2,0E-8,0.08148070,,0E-8,0.000000,0.904659,0.000000,,2026-04-02,2026-05-01,8,60,37,30,0.266667,,,0.000000,,,,,,,,GLOBAL_BASELINE_NO_ENTITY_RANKING,,,NOT_APPLICABLE_GLOBAL_BASELINE,HF9g-P5,,,,X 全窗基线 · 不参与实体赏罚,15057196,1506,A168_HF9F_20260827_0900,2026-08-27 09:00:00
2026-04-29,148098385,2201,0,320.8556149733,-213.9037433155,-213.9037433155,0.5000000,2,2,0.49324550000000000,0.493245500000,0.01910635448239258,0.01910635448239258,0.01910635448239258,0E-17,ELIGIBLE,R03b_20260811_FULL_v1,L1_ELIGIBILITY,v2026-08-11,2026-03-21..2026-08-06,baccarat_bet02_101_all_pairs_incl_sentinel,round_win = game_pnl > 0 (decisive only),COMPATIBILITY_ONLY_NOT_PRODUCTION,121566.2278,109975.9832,9905.3015,323,323,-0.08148070,,-0.08148070,-0.08148070,-9905.3015,121566.2278,OK,0.0000,396.2121,4.0000,96.0000,AG03-UNRESOLVED,ALL5_LEVELS_bet23_to_bet27,396.2121,396.2121,396.2121,396.2121,396.2121,4.000000,4.000000,4.000000,4.000000,4.000000,96.000000,96.000000,96.000000,96.000000,96.000000,5.0,1981.0603,1828.7891,7924.2412,8076.5124,PENDING_AG03,FALSE,NOT_FOR_ENFORCEMENT,9509.0895,105576.9439,9905.3015,9509.0895,396.2121,0.08148070,0.07822147,396.2121,9509.0895,0.07822147,396.2121,396.2121,396.2121,396.2121,396.2121,9509.0895,0.07822147,1981.0603,1828.7891,7924.2412,8076.5124,0.06518456,0.06643714,0.00325923,376.3660,340.4829,30.6666,1238.1627,165.0884,15195.7785,40.3750,,376.3660,106.9519,267.3797,534.7593,535.1612,1069.5187,2673.7969,267.3797,0.0,4.0,10.000001,1.407609,15,51,8,2,0E-8,0.08148070,,0E-8,0.000000,0.904659,0.000000,,2026-04-02,2026-05-01,8,60,37,30,0.266667,,,0.000000,,,,,,,,GLOBAL_BASELINE_NO_ENTITY_RANKING,,,NOT_APPLICABLE_GLOBAL_BASELINE,HF9g-P5,,,,X 全窗基线 · 不参与实体赏罚,15057197,1506,A168_HF9F_20260827_0900,2026-08-27 09:00:00
2026-04-29,148098385,2246,0,2406.4171122997,-802.1390374331,-802.1390374331,0.5714286,7,7,0.49324550000000000,0.493245500000,0.4137436818725812,0.41374368187258126,0.4137436818725812,0E-17,ELIGIBLE,R03b_20260811_FULL_v1,L1_ELIGIBILITY,v2026-08-11,2026-03-21..2026-08-06,baccarat_bet02_101_all_pairs_incl_sentinel,round_win = game_pnl > 0 (decisive only),COMPATIBILITY_ONLY_NOT_PRODUCTION,121566.2278,109975.9832,9905.3015,323,323,-0.08148070,,-0.08148070,-0.08148070,-9905.3015,121566.2278,OK,0.0000,396.2121,4.0000,96.0000,AG03-UNRESOLVED,ALL5_LEVELS_bet23_to_bet27,396.2121,396.2121,396.2121,396.2121,396.2121,4.000000,4.000000,4.000000,4.000000,4.000000,96.000000,96.000000,96.000000,96.000000,96.000000,5.0,1981.0603,1828.7891,7924.2412,8076.5124,PENDING_AG03,FALSE,NOT_FOR_ENFORCEMENT,9509.0895,105576.9439,9905.3015,9509.0895,396.2121,0.08148070,0.07822147,396.2121,9509.0895,0.07822147,396.2121,396.2121,396.2121,396.2121,396.2121,9509.0895,0.07822147,1981.0603,1828.7891,7924.2412,8076.5124,0.06518456,0.06643714,0.00325923,376.3660,340.4829,30.6666,1238.1627,165.0884,15195.7785,40.3750,,376.3660,106.9519,267.3797,534.7593,535.1612,1069.5187,2673.7969,267.3797,0.0,4.0,10.000001,1.407609,15,51,8,2,0E-8,0.08148070,,0E-8,0.000000,0.904659,0.000000,,2026-04-02,2026-05-01,8,60,37,30,0.266667,,,0.000000,,,,,,,,GLOBAL_BASELINE_NO_ENTITY_RANKING,,,NOT_APPLICABLE_GLOBAL_BASELINE,HF9g-P5,,,,X 全窗基线 · 不参与实体赏罚,15057198,1506,A168_HF9F_20260827_0900,2026-08-27 09:00:00
2026-05-01,148098385,1704,0,107.3537305421,-107.3537305421,-107.3537305421,0E-7,1,1,0.50665070000000000,0.506650700000,-1.013391052207602,-1.013391052207602,-1.013391052207602,0E-17,ELIGIBLE,R03b_20260811_FULL_v1,L1_ELIGIBILITY,v2026-08-11,2026-03-21..2026-08-06,baccarat_bet02_101_all_pairs_incl_sentinel,round_win = game_pnl > 0 (decisive only),COMPATIBILITY_ONLY_NOT_PRODUCTION,121566.2278,109975.9832,9905.3015,323,323,-0.08148070,,-0.08148070,-0.08148070,-9905.3015,121566.2278,OK,0.0000,396.2121,4.0000,96.0000,AG03-UNRESOLVED,ALL5_LEVELS_bet23_to_bet27,396.2121,396.2121,396.2121,396.2121,396.2121,4.000000,4.000000,4.000000,4.000000,4.000000,96.000000,96.000000,96.000000,96.000000,96.000000,5.0,1981.0603,1828.7891,7924.2412,8076.5124,PENDING_AG03,FALSE,NOT_FOR_ENFORCEMENT,9509.0895,105576.9439,9905.3015,9509.0895,396.2121,0.08148070,0.07822147,396.2121,9509.0895,0.07822147,396.2121,396.2121,396.2121,396.2121,396.2121,9509.0895,0.07822147,1981.0603,1828.7891,7924.2412,8076.5124,0.06518456,0.06643714,0.00325923,376.3660,340.4829,30.6666,1238.1627,165.0884,15195.7785,40.3750,,376.3660,106.9519,267.3797,534.7593,535.1612,1069.5187,2673.7969,267.3797,0.0,4.0,10.000001,1.407609,15,51,8,2,0E-8,0.08148070,,0E-8,0.000000,0.904659,0.000000,,2026-04-02,2026-05-01,8,60,37,30,0.266667,,,0.000000,,,,,,,,GLOBAL_BASELINE_NO_ENTITY_RANKING,,,NOT_APPLICABLE_GLOBAL_BASELINE,HF9g-P5,,,,X 全窗基线 · 不参与实体赏罚,15057199,1506,A168_HF9F_20260827_0900,2026-08-27 09:00:00
2026-05-01,148098385,2175,0,1610.3059581321,1529.7906602254,1529.7906602254,1.0000000,2,2,0.50665070000000000,0.506650700000,1.3955260008387969,1.3955260008387969,1.3955260008387969,0E-17,ELIGIBLE,R03b_20260811_FULL_v1,L1_ELIGIBILITY,v2026-08-11,2026-03-21..2026-08-06,baccarat_bet02_101_all_pairs_incl_sentinel,round_win = game_pnl > 0 (decisive only),COMPATIBILITY_ONLY_NOT_PRODUCTION,121566.2278,109975.9832,9905.3015,323,323,-0.08148070,,-0.08148070,-0.08148070,-9905.3015,121566.2278,OK,0.0000,396.2121,4.0000,96.0000,AG03-UNRESOLVED,ALL5_LEVELS_bet23_to_bet27,396.2121,396.2121,396.2121,396.2121,396.2121,4.000000,4.000000,4.000000,4.000000,4.000000,96.000000,96.000000,96.000000,96.000000,96.000000,5.0,1981.0603,1828.7891,7924.2412,8076.5124,PENDING_AG03,FALSE,NOT_FOR_ENFORCEMENT,9509.0895,105576.9439,9905.3015,9509.0895,396.2121,0.08148070,0.07822147,396.2121,9509.0895,0.07822147,396.2121,396.2121,396.2121,396.2121,396.2121,9509.0895,0.07822147,1981.0603,1828.7891,7924.2412,8076.5124,0.06518456,0.06643714,0.00325923,376.3660,340.4829,30.6666,1238.1627,165.0884,15195.7785,40.3750,,376.3660,106.9519,267.3797,534.7593,535.1612,1069.5187,2673.7969,267.3797,0.0,4.0,10.000001,1.407609,15,51,8,2,0E-8,0.08148070,,0E-8,0.000000,0.904659,0.000000,,2026-04-02,2026-05-01,8,60,37,30,0.266667,,,0.000000,,,,,,,,GLOBAL_BASELINE_NO_ENTITY_RANKING,,,NOT_APPLICABLE_GLOBAL_BASELINE,HF9g-P5,,,,X 全窗基线 · 不参与实体赏罚,15057200,1506,A168_HF9F_20260827_0900,2026-08-27 09:00:00
2026-05-01,148098385,2205,0,2683.8432635535,993.0220075146,993.0220075146,0.7500000,5,5,0.50665070000000000,0.506650700000,0.9734833216690844,0.9734833216690844,0.9734833216690844,0E-17,ELIGIBLE,R03b_20260811_FULL_v1,L1_ELIGIBILITY,v2026-08-11,2026-03-21..2026-08-06,baccarat_bet02_101_all_pairs_incl_sentinel,round_win = game_pnl > 0 (decisive only),COMPATIBILITY_ONLY_NOT_PRODUCTION,121566.2278,109975.9832,9905.3015,323,323,-0.08148070,,-0.08148070,-0.08148070,-9905.3015,121566.2278,OK,0.0000,396.2121,4.0000,96.0000,AG03-UNRESOLVED,ALL5_LEVELS_bet23_to_bet27,396.2121,396.2121,396.2121,396.2121,396.2121,4.000000,4.000000,4.000000,4.000000,4.000000,96.000000,96.000000,96.000000,96.000000,96.000000,5.0,1981.0603,1828.7891,7924.2412,8076.5124,PENDING_AG03,FALSE,NOT_FOR_ENFORCEMENT,9509.0895,105576.9439,9905.3015,9509.0895,396.2121,0.08148070,0.07822147,396.2121,9509.0895,0.07822147,396.2121,396.2121,396.2121,396.2121,396.2121,9509.0895,0.07822147,1981.0603,1828.7891,7924.2412,8076.5124,0.06518456,0.06643714,0.00325923,376.3660,340.4829,30.6666,1238.1627,165.0884,15195.7785,40.3750,,376.3660,106.9519,267.3797,534.7593,535.1612,1069.5187,2673.7969,267.3797,0.0,4.0,10.000001,1.407609,15,51,8,2,0E-8,0.08148070,,0E-8,0.000000,0.904659,0.000000,,2026-04-02,2026-05-01,8,60,37,30,0.266667,,,0.000000,,,,,,,,GLOBAL_BASELINE_NO_ENTITY_RANKING,,,NOT_APPLICABLE_GLOBAL_BASELINE,HF9g-P5,,,,X 全窗基线 · 不参与实体赏罚,15057201,1506,A168_HF9F_20260827_0900,2026-08-27 09:00:00
2026-05-01,148098385,2233,0,2576.4895330113,668.2769726248,668.2769726248,0.7500000,8,8,0.50665070000000000,0.506650700000,1.3767133162484293,1.3767133162484293,1.3767133162484293,0E-17,ELIGIBLE,R03b_20260811_FULL_v1,L1_ELIGIBILITY,v2026-08-11,2026-03-21..2026-08-06,baccarat_bet02_101_all_pairs_incl_sentinel,round_win = game_pnl > 0 (decisive only),COMPATIBILITY_ONLY_NOT_PRODUCTION,121566.2278,109975.9832,9905.3015,323,323,-0.08148070,,-0.08148070,-0.08148070,-9905.3015,121566.2278,OK,0.0000,396.2121,4.0000,96.0000,AG03-UNRESOLVED,ALL5_LEVELS_bet23_to_bet27,396.2121,396.2121,396.2121,396.2121,396.2121,4.000000,4.000000,4.000000,4.000000,4.000000,96.000000,96.000000,96.000000,96.000000,96.000000,5.0,1981.0603,1828.7891,7924.2412,8076.5124,PENDING_AG03,FALSE,NOT_FOR_ENFORCEMENT,9509.0895,105576.9439,9905.3015,9509.0895,396.2121,0.08148070,0.07822147,396.2121,9509.0895,0.07822147,396.2121,396.2121,396.2121,396.2121,396.2121,9509.0895,0.07822147,1981.0603,1828.7891,7924.2412,8076.5124,0.06518456,0.06643714,0.00325923,376.3660,340.4829,30.6666,1238.1627,165.0884,15195.7785,40.3750,,376.3660,106.9519,267.3797,534.7593,535.1612,1069.5187,2673.7969,267.3797,0.0,4.0,10.000001,1.407609,15,51,8,2,0E-8,0.08148070,,0E-8,0.000000,0.904659,0.000000,,2026-04-02,2026-05-01,8,60,37,30,0.266667,,,0.000000,,,,,,,,GLOBAL_BASELINE_NO_ENTITY_RANKING,,,NOT_APPLICABLE_GLOBAL_BASELINE,HF9g-P5,,,,X 全窗基线 · 不参与实体赏罚,15057202,1506,A168_HF9F_20260827_0900,2026-08-27 09:00:00
2026-06-30,140064511,-1,1,613.1709111720,-204.3903037240,-204.3903037240,0.3333333,3,3,0.50218230000000000,0.502182300000,-0.5849155494134425,-0.5849155494134426,-0.5849155494134425,0E-17,SENTINEL_DEALER,R03b_20260811_FULL_v1,L1_ELIGIBILITY,v2026-08-11,2026-03-21..2026-08-06,baccarat_bet02_101_all_pairs_incl_sentinel,round_win = game_pnl > 0 (decisive only),COMPATIBILITY_ONLY_NOT_PRODUCTION,161902.6693,145193.7620,9907.8200,1096,1096,-0.06119615,0.06918239,-0.06524357,-0.06119615,-9907.8200,161902.6693,OK,0.0000,396.3128,4.0000,96.0000,AG03-UNRESOLVED,ALL5_LEVELS_bet23_to_bet27,396.3128,396.3128,396.3128,495.3910,495.3910,4.000000,4.000000,4.000000,5.000000,5.000000,96.000000,96.000000,96.000000,95.000000,95.000000,5.0,2179.7204,1996.681,7728.0996,7911.139,PENDING_AG03,FALSE,NOT_FOR_ENFORCEMENT,9511.5072,139386.0115,9907.8200,9511.5072,396.3128,0.06119615,0.05874830,396.3128,9511.5072,0.05874830,396.3128,396.3128,396.3128,495.3910,495.3910,9511.5072,0.05874830,2179.7204,1996.681,7728.0996,7911.139,0.04773300,0.04886355,0.00244785,147.7214,132.4761,9.0400,1415.4029,74.4949,23128.9528,156.5714,33.6187,165.1188,102.1952,102.1952,204.3903,204.3903,204.3903,408.7806,102.1952,0.0,2.0,4.0,1.445484,22,85,18,2,0.03010888,0.06119615,-0.06918239,0E-8,0.000000,0.896797,0.998175,0.13442596,2026-06-30,2026-07-24,7,133,64,25,0.280000,0.203603,0.227582,0.100363,,,,,,,,GLOBAL_BASELINE_NO_ENTITY_RANKING,,,NOT_APPLICABLE_GLOBAL_BASELINE,HF9g-P5,,,,X 全窗基线 · 不参与实体赏罚,15057203,1506,A168_HF9F_20260827_0900,2026-08-27 09:00:00
2026-06-30,140064511,1205,0,2350.4884928260,-1021.9515186200,-1021.9515186200,0.2857143,15,15,0.49860758000000000,0.498607580000,-1.5931537120489765,-1.5931537120489765,-1.5931537120489765,0E-17,ELIGIBLE,R03b_20260811_FULL_v1,L1_ELIGIBILITY,v2026-08-11,2026-03-21..2026-08-06,baccarat_bet02_101_all_pairs_incl_sentinel,round_win = game_pnl > 0 (decisive only),COMPATIBILITY_ONLY_NOT_PRODUCTION,161902.6693,145193.7620,9907.8200,1096,1096,-0.06119615,0.06918239,-0.06524357,-0.06119615,-9907.8200,161902.6693,OK,0.0000,396.3128,4.0000,96.0000,AG03-UNRESOLVED,ALL5_LEVELS_bet23_to_bet27,396.3128,396.3128,396.3128,495.3910,495.3910,4.000000,4.000000,4.000000,5.000000,5.000000,96.000000,96.000000,96.000000,95.000000,95.000000,5.0,2179.7204,1996.681,7728.0996,7911.139,PENDING_AG03,FALSE,NOT_FOR_ENFORCEMENT,9511.5072,139386.0115,9907.8200,9511.5072,396.3128,0.06119615,0.05874830,396.3128,9511.5072,0.05874830,396.3128,396.3128,396.3128,495.3910,495.3910,9511.5072,0.05874830,2179.7204,1996.681,7728.0996,7911.139,0.04773300,0.04886355,0.00244785,147.7214,132.4761,9.0400,1415.4029,74.4949,23128.9528,156.5714,33.6187,165.1188,102.1952,102.1952,204.3903,204.3903,204.3903,408.7806,102.1952,0.0,2.0,4.0,1.445484,22,85,18,2,0.03010888,0.06119615,-0.06918239,0E-8,0.000000,0.896797,0.998175,0.13442596,2026-06-30,2026-07-24,7,133,64,25,0.280000,0.203603,0.227582,0.100363,,,,,,,,GLOBAL_BASELINE_NO_ENTITY_RANKING,,,NOT_APPLICABLE_GLOBAL_BASELINE,HF9g-P5,,,,X 全窗基线 · 不参与实体赏罚,15057204,1506,A168_HF9F_20260827_0900,2026-08-27 09:00:00
2026-06-30,140064511,1323,0,3065.8545558600,1175.2442464130,1175.2442464130,0.6666667,19,19,0.50030086842105263,0.500300868421,1.4116608647360478,1.4116608647364943,1.4116608647360478,5.263E-14,ELIGIBLE,R03b_20260811_FULL_v1,L1_ELIGIBILITY,v2026-08-11,2026-03-21..2026-08-06,baccarat_bet02_101_all_pairs_incl_sentinel,round_win = game_pnl > 0 (decisive only),COMPATIBILITY_ONLY_NOT_PRODUCTION,161902.6693,145193.7620,9907.8200,1096,1096,-0.06119615,0.06918239,-0.06524357,-0.06119615,-9907.8200,161902.6693,OK,0.0000,396.3128,4.0000,96.0000,AG03-UNRESOLVED,ALL5_LEVELS_bet23_to_bet27,396.3128,396.3128,396.3128,495.3910,495.3910,4.000000,4.000000,4.000000,5.000000,5.000000,96.000000,96.000000,96.000000,95.000000,95.000000,5.0,2179.7204,1996.681,7728.0996,7911.139,PENDING_AG03,FALSE,NOT_FOR_ENFORCEMENT,9511.5072,139386.0115,9907.8200,9511.5072,396.3128,0.06119615,0.05874830,396.3128,9511.5072,0.05874830,396.3128,396.3128,396.3128,495.3910,495.3910,9511.5072,0.05874830,2179.7204,1996.681,7728.0996,7911.139,0.04773300,0.04886355,0.00244785,147.7214,132.4761,9.0400,1415.4029,74.4949,23128.9528,156.5714,33.6187,165.1188,102.1952,102.1952,204.3903,204.3903,204.3903,408.7806,102.1952,0.0,2.0,4.0,1.445484,22,85,18,2,0.03010888,0.06119615,-0.06918239,0E-8,0.000000,0.896797,0.998175,0.13442596,2026-06-30,2026-07-24,7,133,64,25,0.280000,0.203603,0.227582,0.100363,,,,,,,,GLOBAL_BASELINE_NO_ENTITY_RANKING,,,NOT_APPLICABLE_GLOBAL_BASELINE,HF9g-P5,,,,X 全窗基线 · 不参与实体赏罚,15057205,1506,A168_HF9F_20260827_0900,2026-08-27 09:00:00
2026-06-30,140064511,1385,0,3934.5133466870,153.2927277930,153.2927277930,0.5000000,20,20,0.49659680000000000,0.496596800000,0.027226230663200363,0.027226230663200367,0.027226230663200363,0E-17,ELIGIBLE,R03b_20260811_FULL_v1,L1_ELIGIBILITY,v2026-08-11,2026-03-21..2026-08-06,baccarat_bet02_101_all_pairs_incl_sentinel,round_win = game_pnl > 0 (decisive only),COMPATIBILITY_ONLY_NOT_PRODUCTION,161902.6693,145193.7620,9907.8200,1096,1096,-0.06119615,0.06918239,-0.06524357,-0.06119615,-9907.8200,161902.6693,OK,0.0000,396.3128,4.0000,96.0000,AG03-UNRESOLVED,ALL5_LEVELS_bet23_to_bet27,396.3128,396.3128,396.3128,495.3910,495.3910,4.000000,4.000000,4.000000,5.000000,5.000000,96.000000,96.000000,96.000000,95.000000,95.000000,5.0,2179.7204,1996.681,7728.0996,7911.139,PENDING_AG03,FALSE,NOT_FOR_ENFORCEMENT,9511.5072,139386.0115,9907.8200,9511.5072,396.3128,0.06119615,0.05874830,396.3128,9511.5072,0.05874830,396.3128,396.3128,396.3128,495.3910,495.3910,9511.5072,0.05874830,2179.7204,1996.681,7728.0996,7911.139,0.04773300,0.04886355,0.00244785,147.7214,132.4761,9.0400,1415.4029,74.4949,23128.9528,156.5714,33.6187,165.1188,102.1952,102.1952,204.3903,204.3903,204.3903,408.7806,102.1952,0.0,2.0,4.0,1.445484,22,85,18,2,0.03010888,0.06119615,-0.06918239,0E-8,0.000000,0.896797,0.998175,0.13442596,2026-06-30,2026-07-24,7,133,64,25,0.280000,0.203603,0.227582,0.100363,,,,,,,,GLOBAL_BASELINE_NO_ENTITY_RANKING,,,NOT_APPLICABLE_GLOBAL_BASELINE,HF9g-P5,,,,X 全窗基线 · 不参与实体赏罚,15057206,1506,A168_HF9F_20260827_0900,2026-08-27 09:00:00
2026-06-30,140064511,1485,0,1941.7078853780,-306.5854555860,-306.5854555860,0.4285714,14,14,0.49899058571428571,0.498990585714,-0.5269697928661988,-0.5269697928640613,-0.5269697928661988,2.8571E-13,ELIGIBLE,R03b_20260811_FULL_v1,L1_ELIGIBILITY,v2026-08-11,2026-03-21..2026-08-06,baccarat_bet02_101_all_pairs_incl_sentinel,round_win = game_pnl > 0 (decisive only),COMPATIBILITY_ONLY_NOT_PRODUCTION,161902.6693,145193.7620,9907.8200,1096,1096,-0.06119615,0.06918239,-0.06524357,-0.06119615,-9907.8200,161902.6693,OK,0.0000,396.3128,4.0000,96.0000,AG03-UNRESOLVED,ALL5_LEVELS_bet23_to_bet27,396.3128,396.3128,396.3128,495.3910,495.3910,4.000000,4.000000,4.000000,5.000000,5.000000,96.000000,96.000000,96.000000,95.000000,95.000000,5.0,2179.7204,1996.681,7728.0996,7911.139,PENDING_AG03,FALSE,NOT_FOR_ENFORCEMENT,9511.5072,139386.0115,9907.8200,9511.5072,396.3128,0.06119615,0.05874830,396.3128,9511.5072,0.05874830,396.3128,396.3128,396.3128,495.3910,495.3910,9511.5072,0.05874830,2179.7204,1996.681,7728.0996,7911.139,0.04773300,0.04886355,0.00244785,147.7214,132.4761,9.0400,1415.4029,74.4949,23128.9528,156.5714,33.6187,165.1188,102.1952,102.1952,204.3903,204.3903,204.3903,408.7806,102.1952,0.0,2.0,4.0,1.445484,22,85,18,2,0.03010888,0.06119615,-0.06918239,0E-8,0.000000,0.896797,0.998175,0.13442596,2026-06-30,2026-07-24,7,133,64,25,0.280000,0.203603,0.227582,0.100363,,,,,,,,GLOBAL_BASELINE_NO_ENTITY_RANKING,,,NOT_APPLICABLE_GLOBAL_BASELINE,HF9g-P5,,,,X 全窗基线 · 不参与实体赏罚,15057207,1506,A168_HF9F_20260827_0900,2026-08-27 09:00:00
2026-06-30,140064511,1507,0,510.9757593100,-510.9757593100,-510.9757593100,0E-7,5,5,0.50128862000000000,0.501288620000,-2.241838306677593,-2.241838306677593,-2.241838306677593,0E-17,ELIGIBLE,R03b_20260811_FULL_v1,L1_ELIGIBILITY,v2026-08-11,2026-03-21..2026-08-06,baccarat_bet02_101_all_pairs_incl_sentinel,round_win = game_pnl > 0 (decisive only),COMPATIBILITY_ONLY_NOT_PRODUCTION,161902.6693,145193.7620,9907.8200,1096,1096,-0.06119615,0.06918239,-0.06524357,-0.06119615,-9907.8200,161902.6693,OK,0.0000,396.3128,4.0000,96.0000,AG03-UNRESOLVED,ALL5_LEVELS_bet23_to_bet27,396.3128,396.3128,396.3128,495.3910,495.3910,4.000000,4.000000,4.000000,5.000000,5.000000,96.000000,96.000000,96.000000,95.000000,95.000000,5.0,2179.7204,1996.681,7728.0996,7911.139,PENDING_AG03,FALSE,NOT_FOR_ENFORCEMENT,9511.5072,139386.0115,9907.8200,9511.5072,396.3128,0.06119615,0.05874830,396.3128,9511.5072,0.05874830,396.3128,396.3128,396.3128,495.3910,495.3910,9511.5072,0.05874830,2179.7204,1996.681,7728.0996,7911.139,0.04773300,0.04886355,0.00244785,147.7214,132.4761,9.0400,1415.4029,74.4949,23128.9528,156.5714,33.6187,165.1188,102.1952,102.1952,204.3903,204.3903,204.3903,408.7806,102.1952,0.0,2.0,4.0,1.445484,22,85,18,2,0.03010888,0.06119615,-0.06918239,0E-8,0.000000,0.896797,0.998175,0.13442596,2026-06-30,2026-07-24,7,133,64,25,0.280000,0.203603,0.227582,0.100363,,,,,,,,GLOBAL_BASELINE_NO_ENTITY_RANKING,,,NOT_APPLICABLE_GLOBAL_BASELINE,HF9g-P5,,,,X 全窗基线 · 不参与实体赏罚,15057208,1506,A168_HF9F_20260827_0900,2026-08-27 09:00:00
2026-06-30,140064511,1654,0,1328.5369742060,-102.1951518620,-102.1951518620,0.4545455,13,13,0.49737017692307692,0.497370176923,-0.2840710010353052,-0.2840710010347952,-0.2840710010353052,7.692E-14,ELIGIBLE,R03b_20260811_FULL_v1,L1_ELIGIBILITY,v2026-08-11,2026-03-21..2026-08-06,baccarat_bet02_101_all_pairs_incl_sentinel,round_win = game_pnl > 0 (decisive only),COMPATIBILITY_ONLY_NOT_PRODUCTION,161902.6693,145193.7620,9907.8200,1096,1096,-0.06119615,0.06918239,-0.06524357,-0.06119615,-9907.8200,161902.6693,OK,0.0000,396.3128,4.0000,96.0000,AG03-UNRESOLVED,ALL5_LEVELS_bet23_to_bet27,396.3128,396.3128,396.3128,495.3910,495.3910,4.000000,4.000000,4.000000,5.000000,5.000000,96.000000,96.000000,96.000000,95.000000,95.000000,5.0,2179.7204,1996.681,7728.0996,7911.139,PENDING_AG03,FALSE,NOT_FOR_ENFORCEMENT,9511.5072,139386.0115,9907.8200,9511.5072,396.3128,0.06119615,0.05874830,396.3128,9511.5072,0.05874830,396.3128,396.3128,396.3128,495.3910,495.3910,9511.5072,0.05874830,2179.7204,1996.681,7728.0996,7911.139,0.04773300,0.04886355,0.00244785,147.7214,132.4761,9.0400,1415.4029,74.4949,23128.9528,156.5714,33.6187,165.1188,102.1952,102.1952,204.3903,204.3903,204.3903,408.7806,102.1952,0.0,2.0,4.0,1.445484,22,85,18,2,0.03010888,0.06119615,-0.06918239,0E-8,0.000000,0.896797,0.998175,0.13442596,2026-06-30,2026-07-24,7,133,64,25,0.280000,0.203603,0.227582,0.100363,,,,,,,,GLOBAL_BASELINE_NO_ENTITY_RANKING,,,NOT_APPLICABLE_GLOBAL_BASELINE,HF9g-P5,,,,X 全窗基线 · 不参与实体赏罚,15057209,1506,A168_HF9F_20260827_0900,2026-08-27 09:00:00
2026-06-30,140064511,1704,0,204.3903037240,-204.3903037240,-204.3903037240,0E-7,1,1,0.49324550000000000,0.493245500000,-0.9865810262130424,-0.9865810262130424,-0.9865810262130424,0E-17,ELIGIBLE,R03b_20260811_FULL_v1,L1_ELIGIBILITY,v2026-08-11,2026-03-21..2026-08-06,baccarat_bet02_101_all_pairs_incl_sentinel,round_win = game_pnl > 0 (decisive only),COMPATIBILITY_ONLY_NOT_PRODUCTION,161902.6693,145193.7620,9907.8200,1096,1096,-0.06119615,0.06918239,-0.06524357,-0.06119615,-9907.8200,161902.6693,OK,0.0000,396.3128,4.0000,96.0000,AG03-UNRESOLVED,ALL5_LEVELS_bet23_to_bet27,396.3128,396.3128,396.3128,495.3910,495.3910,4.000000,4.000000,4.000000,5.000000,5.000000,96.000000,96.000000,96.000000,95.000000,95.000000,5.0,2179.7204,1996.681,7728.0996,7911.139,PENDING_AG03,FALSE,NOT_FOR_ENFORCEMENT,9511.5072,139386.0115,9907.8200,9511.5072,396.3128,0.06119615,0.05874830,396.3128,9511.5072,0.05874830,396.3128,396.3128,396.3128,495.3910,495.3910,9511.5072,0.05874830,2179.7204,1996.681,7728.0996,7911.139,0.04773300,0.04886355,0.00244785,147.7214,132.4761,9.0400,1415.4029,74.4949,23128.9528,156.5714,33.6187,165.1188,102.1952,102.1952,204.3903,204.3903,204.3903,408.7806,102.1952,0.0,2.0,4.0,1.445484,22,85,18,2,0.03010888,0.06119615,-0.06918239,0E-8,0.000000,0.896797,0.998175,0.13442596,2026-06-30,2026-07-24,7,133,64,25,0.280000,0.203603,0.227582,0.100363,,,,,,,,GLOBAL_BASELINE_NO_ENTITY_RANKING,,,NOT_APPLICABLE_GLOBAL_BASELINE,HF9g-P5,,,,X 全窗基线 · 不参与实体赏罚,15057210,1506,A168_HF9F_20260827_0900,2026-08-27 09:00:00
2026-06-30,140064511,1990,0,408.7806074480,408.7806074480,408.7806074480,1.0000000,2,2,0.49994810000000000,0.499948100000,1.4143603653603398,1.4143603653603398,1.4143603653603398,0E-17,ELIGIBLE,R03b_20260811_FULL_v1,L1_ELIGIBILITY,v2026-08-11,2026-03-21..2026-08-06,baccarat_bet02_101_all_pairs_incl_sentinel,round_win = game_pnl > 0 (decisive only),COMPATIBILITY_ONLY_NOT_PRODUCTION,161902.6693,145193.7620,9907.8200,1096,1096,-0.06119615,0.06918239,-0.06524357,-0.06119615,-9907.8200,161902.6693,OK,0.0000,396.3128,4.0000,96.0000,AG03-UNRESOLVED,ALL5_LEVELS_bet23_to_bet27,396.3128,396.3128,396.3128,495.3910,495.3910,4.000000,4.000000,4.000000,5.000000,5.000000,96.000000,96.000000,96.000000,95.000000,95.000000,5.0,2179.7204,1996.681,7728.0996,7911.139,PENDING_AG03,FALSE,NOT_FOR_ENFORCEMENT,9511.5072,139386.0115,9907.8200,9511.5072,396.3128,0.06119615,0.05874830,396.3128,9511.5072,0.05874830,396.3128,396.3128,396.3128,495.3910,495.3910,9511.5072,0.05874830,2179.7204,1996.681,7728.0996,7911.139,0.04773300,0.04886355,0.00244785,147.7214,132.4761,9.0400,1415.4029,74.4949,23128.9528,156.5714,33.6187,165.1188,102.1952,102.1952,204.3903,204.3903,204.3903,408.7806,102.1952,0.0,2.0,4.0,1.445484,22,85,18,2,0.03010888,0.06119615,-0.06918239,0E-8,0.000000,0.896797,0.998175,0.13442596,2026-06-30,2026-07-24,7,133,64,25,0.280000,0.203603,0.227582,0.100363,,,,,,,,GLOBAL_BASELINE_NO_ENTITY_RANKING,,,NOT_APPLICABLE_GLOBAL_BASELINE,HF9g-P5,,,,X 全窗基线 · 不参与实体赏罚,15057211,1506,A168_HF9F_20260827_0900,2026-08-27 09:00:00
2026-06-30,140064511,1994,0,613.1709111720,-613.1709111720,-613.1709111720,0E-7,3,3,0.50218230000000000,0.502182300000,-1.7396270863184011,-1.7396270863184016,-1.7396270863184011,0E-17,ELIGIBLE,R03b_20260811_FULL_v1,L1_ELIGIBILITY,v2026-08-11,2026-03-21..2026-08-06,baccarat_bet02_101_all_pairs_incl_sentinel,round_win = game_pnl > 0 (decisive only),COMPATIBILITY_ONLY_NOT_PRODUCTION,161902.6693,145193.7620,9907.8200,1096,1096,-0.06119615,0.06918239,-0.06524357,-0.06119615,-9907.8200,161902.6693,OK,0.0000,396.3128,4.0000,96.0000,AG03-UNRESOLVED,ALL5_LEVELS_bet23_to_bet27,396.3128,396.3128,396.3128,495.3910,495.3910,4.000000,4.000000,4.000000,5.000000,5.000000,96.000000,96.000000,96.000000,95.000000,95.000000,5.0,2179.7204,1996.681,7728.0996,7911.139,PENDING_AG03,FALSE,NOT_FOR_ENFORCEMENT,9511.5072,139386.0115,9907.8200,9511.5072,396.3128,0.06119615,0.05874830,396.3128,9511.5072,0.05874830,396.3128,396.3128,396.3128,495.3910,495.3910,9511.5072,0.05874830,2179.7204,1996.681,7728.0996,7911.139,0.04773300,0.04886355,0.00244785,147.7214,132.4761,9.0400,1415.4029,74.4949,23128.9528,156.5714,33.6187,165.1188,102.1952,102.1952,204.3903,204.3903,204.3903,408.7806,102.1952,0.0,2.0,4.0,1.445484,22,85,18,2,0.03010888,0.06119615,-0.06918239,0E-8,0.000000,0.896797,0.998175,0.13442596,2026-06-30,2026-07-24,7,133,64,25,0.280000,0.203603,0.227582,0.100363,,,,,,,,GLOBAL_BASELINE_NO_ENTITY_RANKING,,,NOT_APPLICABLE_GLOBAL_BASELINE,HF9g-P5,,,,X 全窗基线 · 不参与实体赏罚,15057212,1506,A168_HF9F_20260827_0900,2026-08-27 09:00:00
2026-06-30,140064511,2106,0,2452.6836446880,-510.9757593100,-510.9757593100,0.4285714,15,15,0.49592654000000000,0.495926540000,-0.504056228391952,-0.504056228391952,-0.504056228391952,0E-17,ELIGIBLE,R03b_20260811_FULL_v1,L1_ELIGIBILITY,v2026-08-11,2026-03-21..2026-08-06,baccarat_bet02_101_all_pairs_incl_sentinel,round_win = game_pnl > 0 (decisive only),COMPATIBILITY_ONLY_NOT_PRODUCTION,161902.6693,145193.7620,9907.8200,1096,1096,-0.06119615,0.06918239,-0.06524357,-0.06119615,-9907.8200,161902.6693,OK,0.0000,396.3128,4.0000,96.0000,AG03-UNRESOLVED,ALL5_LEVELS_bet23_to_bet27,396.3128,396.3128,396.3128,495.3910,495.3910,4.000000,4.000000,4.000000,5.000000,5.000000,96.000000,96.000000,96.000000,95.000000,95.000000,5.0,2179.7204,1996.681,7728.0996,7911.139,PENDING_AG03,FALSE,NOT_FOR_ENFORCEMENT,9511.5072,139386.0115,9907.8200,9511.5072,396.3128,0.06119615,0.05874830,396.3128,9511.5072,0.05874830,396.3128,396.3128,396.3128,495.3910,495.3910,9511.5072,0.05874830,2179.7204,1996.681,7728.0996,7911.139,0.04773300,0.04886355,0.00244785,147.7214,132.4761,9.0400,1415.4029,74.4949,23128.9528,156.5714,33.6187,165.1188,102.1952,102.1952,204.3903,204.3903,204.3903,408.7806,102.1952,0.0,2.0,4.0,1.445484,22,85,18,2,0.03010888,0.06119615,-0.06918239,0E-8,0.000000,0.896797,0.998175,0.13442596,2026-06-30,2026-07-24,7,133,64,25,0.280000,0.203603,0.227582,0.100363,,,,,,,,GLOBAL_BASELINE_NO_ENTITY_RANKING,,,NOT_APPLICABLE_GLOBAL_BASELINE,HF9g-P5,,,,X 全窗基线 · 不参与实体赏罚,15057213,1506,A168_HF9F_20260827_0900,2026-08-27 09:00:00
2026-06-30,140064511,2108,0,1328.5369742060,-408.7806074480,-408.7806074480,0.3333333,7,7,0.49899058571428571,0.498990585714,-0.8115531348621552,-0.8115531348607564,-0.8115531348621552,2.8571E-13,ELIGIBLE,R03b_20260811_FULL_v1,L1_ELIGIBILITY,v2026-08-11,2026-03-21..2026-08-06,baccarat_bet02_101_all_pairs_incl_sentinel,round_win = game_pnl > 0 (decisive only),COMPATIBILITY_ONLY_NOT_PRODUCTION,161902.6693,145193.7620,9907.8200,1096,1096,-0.06119615,0.06918239,-0.06524357,-0.06119615,-9907.8200,161902.6693,OK,0.0000,396.3128,4.0000,96.0000,AG03-UNRESOLVED,ALL5_LEVELS_bet23_to_bet27,396.3128,396.3128,396.3128,495.3910,495.3910,4.000000,4.000000,4.000000,5.000000,5.000000,96.000000,96.000000,96.000000,95.000000,95.000000,5.0,2179.7204,1996.681,7728.0996,7911.139,PENDING_AG03,FALSE,NOT_FOR_ENFORCEMENT,9511.5072,139386.0115,9907.8200,9511.5072,396.3128,0.06119615,0.05874830,396.3128,9511.5072,0.05874830,396.3128,396.3128,396.3128,495.3910,495.3910,9511.5072,0.05874830,2179.7204,1996.681,7728.0996,7911.139,0.04773300,0.04886355,0.00244785,147.7214,132.4761,9.0400,1415.4029,74.4949,23128.9528,156.5714,33.6187,165.1188,102.1952,102.1952,204.3903,204.3903,204.3903,408.7806,102.1952,0.0,2.0,4.0,1.445484,22,85,18,2,0.03010888,0.06119615,-0.06918239,0E-8,0.000000,0.896797,0.998175,0.13442596,2026-06-30,2026-07-24,7,133,64,25,0.280000,0.203603,0.227582,0.100363,,,,,,,,GLOBAL_BASELINE_NO_ENTITY_RANKING,,,NOT_APPLICABLE_GLOBAL_BASELINE,HF9g-P5,,,,X 全窗基线 · 不参与实体赏罚,15057214,1506,A168_HF9F_20260827_0900,2026-08-27 09:00:00
2026-06-30,140064511,2129,0,2554.8787965500,-715.3660630340,-715.3660630340,0.3529412,21,21,0.49835224285714286,0.498352242857,-1.1990968830531443,-1.1990968830519673,-1.1990968830531443,1.4286E-13,ELIGIBLE,R03b_20260811_FULL_v1,L1_ELIGIBILITY,v2026-08-11,2026-03-21..2026-08-06,baccarat_bet02_101_all_pairs_incl_sentinel,round_win = game_pnl > 0 (decisive only),COMPATIBILITY_ONLY_NOT_PRODUCTION,161902.6693,145193.7620,9907.8200,1096,1096,-0.06119615,0.06918239,-0.06524357,-0.06119615,-9907.8200,161902.6693,OK,0.0000,396.3128,4.0000,96.0000,AG03-UNRESOLVED,ALL5_LEVELS_bet23_to_bet27,396.3128,396.3128,396.3128,495.3910,495.3910,4.000000,4.000000,4.000000,5.000000,5.000000,96.000000,96.000000,96.000000,95.000000,95.000000,5.0,2179.7204,1996.681,7728.0996,7911.139,PENDING_AG03,FALSE,NOT_FOR_ENFORCEMENT,9511.5072,139386.0115,9907.8200,9511.5072,396.3128,0.06119615,0.05874830,396.3128,9511.5072,0.05874830,396.3128,396.3128,396.3128,495.3910,495.3910,9511.5072,0.05874830,2179.7204,1996.681,7728.0996,7911.139,0.04773300,0.04886355,0.00244785,147.7214,132.4761,9.0400,1415.4029,74.4949,23128.9528,156.5714,33.6187,165.1188,102.1952,102.1952,204.3903,204.3903,204.3903,408.7806,102.1952,0.0,2.0,4.0,1.445484,22,85,18,2,0.03010888,0.06119615,-0.06918239,0E-8,0.000000,0.896797,0.998175,0.13442596,2026-06-30,2026-07-24,7,133,64,25,0.280000,0.203603,0.227582,0.100363,,,,,,,,GLOBAL_BASELINE_NO_ENTITY_RANKING,,,NOT_APPLICABLE_GLOBAL_BASELINE,HF9g-P5,,,,X 全窗基线 · 不参与实体赏罚,15057215,1506,A168_HF9F_20260827_0900,2026-08-27 09:00:00
2026-06-30,140064511,2130,0,868.6587908270,204.3903037240,204.3903037240,0.7142857,8,8,0.49994810000000000,0.499948100000,1.134168054123783,1.134168054123783,1.134168054123783,0E-17,ELIGIBLE,R03b_20260811_FULL_v1,L1_ELIGIBILITY,v2026-08-11,2026-03-21..2026-08-06,baccarat_bet02_101_all_pairs_incl_sentinel,round_win = game_pnl > 0 (decisive only),COMPATIBILITY_ONLY_NOT_PRODUCTION,161902.6693,145193.7620,9907.8200,1096,1096,-0.06119615,0.06918239,-0.06524357,-0.06119615,-9907.8200,161902.6693,OK,0.0000,396.3128,4.0000,96.0000,AG03-UNRESOLVED,ALL5_LEVELS_bet23_to_bet27,396.3128,396.3128,396.3128,495.3910,495.3910,4.000000,4.000000,4.000000,5.000000,5.000000,96.000000,96.000000,96.000000,95.000000,95.000000,5.0,2179.7204,1996.681,7728.0996,7911.139,PENDING_AG03,FALSE,NOT_FOR_ENFORCEMENT,9511.5072,139386.0115,9907.8200,9511.5072,396.3128,0.06119615,0.05874830,396.3128,9511.5072,0.05874830,396.3128,396.3128,396.3128,495.3910,495.3910,9511.5072,0.05874830,2179.7204,1996.681,7728.0996,7911.139,0.04773300,0.04886355,0.00244785,147.7214,132.4761,9.0400,1415.4029,74.4949,23128.9528,156.5714,33.6187,165.1188,102.1952,102.1952,204.3903,204.3903,204.3903,408.7806,102.1952,0.0,2.0,4.0,1.445484,22,85,18,2,0.03010888,0.06119615,-0.06918239,0E-8,0.000000,0.896797,0.998175,0.13442596,2026-06-30,2026-07-24,7,133,64,25,0.280000,0.203603,0.227582,0.100363,,,,,,,,GLOBAL_BASELINE_NO_ENTITY_RANKING,,,NOT_APPLICABLE_GLOBAL_BASELINE,HF9g-P5,,,,X 全窗基线 · 不参与实体赏罚,15057216,1506,A168_HF9F_20260827_0900,2026-08-27 09:00:00
2026-06-30,140064511,2171,0,102.1951518620,0E-10,0E-10,,1,1,0.49324550000000000,0.493245500000,,,,0E-17,NO_DECISIVE_ROUND,R03b_20260811_FULL_v1,L1_ELIGIBILITY,v2026-08-11,2026-03-21..2026-08-06,baccarat_bet02_101_all_pairs_incl_sentinel,round_win = game_pnl > 0 (decisive only),COMPATIBILITY_ONLY_NOT_PRODUCTION,161902.6693,145193.7620,9907.8200,1096,1096,-0.06119615,0.06918239,-0.06524357,-0.06119615,-9907.8200,161902.6693,OK,0.0000,396.3128,4.0000,96.0000,AG03-UNRESOLVED,ALL5_LEVELS_bet23_to_bet27,396.3128,396.3128,396.3128,495.3910,495.3910,4.000000,4.000000,4.000000,5.000000,5.000000,96.000000,96.000000,96.000000,95.000000,95.000000,5.0,2179.7204,1996.681,7728.0996,7911.139,PENDING_AG03,FALSE,NOT_FOR_ENFORCEMENT,9511.5072,139386.0115,9907.8200,9511.5072,396.3128,0.06119615,0.05874830,396.3128,9511.5072,0.05874830,396.3128,396.3128,396.3128,495.3910,495.3910,9511.5072,0.05874830,2179.7204,1996.681,7728.0996,7911.139,0.04773300,0.04886355,0.00244785,147.7214,132.4761,9.0400,1415.4029,74.4949,23128.9528,156.5714,33.6187,165.1188,102.1952,102.1952,204.3903,204.3903,204.3903,408.7806,102.1952,0.0,2.0,4.0,1.445484,22,85,18,2,0.03010888,0.06119615,-0.06918239,0E-8,0.000000,0.896797,0.998175,0.13442596,2026-06-30,2026-07-24,7,133,64,25,0.280000,0.203603,0.227582,0.100363,,,,,,,,GLOBAL_BASELINE_NO_ENTITY_RANKING,,,NOT_APPLICABLE_GLOBAL_BASELINE,HF9g-P5,,,,X 全窗基线 · 不参与实体赏罚,15057217,1506,A168_HF9F_20260827_0900,2026-08-27 09:00:00
2026-06-30,140064511,2177,0,1021.9515186200,-613.1709111720,-613.1709111720,0.2000000,5,5,0.50128862000000000,0.501288620000,-1.347408145195933,-1.347408145195933,-1.347408145195933,0E-17,ELIGIBLE,R03b_20260811_FULL_v1,L1_ELIGIBILITY,v2026-08-11,2026-03-21..2026-08-06,baccarat_bet02_101_all_pairs_incl_sentinel,round_win = game_pnl > 0 (decisive only),COMPATIBILITY_ONLY_NOT_PRODUCTION,161902.6693,145193.7620,9907.8200,1096,1096,-0.06119615,0.06918239,-0.06524357,-0.06119615,-9907.8200,161902.6693,OK,0.0000,396.3128,4.0000,96.0000,AG03-UNRESOLVED,ALL5_LEVELS_bet23_to_bet27,396.3128,396.3128,396.3128,495.3910,495.3910,4.000000,4.000000,4.000000,5.000000,5.000000,96.000000,96.000000,96.000000,95.000000,95.000000,5.0,2179.7204,1996.681,7728.0996,7911.139,PENDING_AG03,FALSE,NOT_FOR_ENFORCEMENT,9511.5072,139386.0115,9907.8200,9511.5072,396.3128,0.06119615,0.05874830,396.3128,9511.5072,0.05874830,396.3128,396.3128,396.3128,495.3910,495.3910,9511.5072,0.05874830,2179.7204,1996.681,7728.0996,7911.139,0.04773300,0.04886355,0.00244785,147.7214,132.4761,9.0400,1415.4029,74.4949,23128.9528,156.5714,33.6187,165.1188,102.1952,102.1952,204.3903,204.3903,204.3903,408.7806,102.1952,0.0,2.0,4.0,1.445484,22,85,18,2,0.03010888,0.06119615,-0.06918239,0E-8,0.000000,0.896797,0.998175,0.13442596,2026-06-30,2026-07-24,7,133,64,25,0.280000,0.203603,0.227582,0.100363,,,,,,,,GLOBAL_BASELINE_NO_ENTITY_RANKING,,,NOT_APPLICABLE_GLOBAL_BASELINE,HF9g-P5,,,,X 全窗基线 · 不参与实体赏罚,15057218,1506,A168_HF9F_20260827_0900,2026-08-27 09:00:00
2026-06-30,140064511,2209,0,1328.5369742060,-306.5854555860,-306.5854555860,0.4000000,11,11,0.49812011818181818,0.498120118182,-0.6205705016316515,-0.6205705016328007,-0.6205705016316515,-1.8182E-13,ELIGIBLE,R03b_20260811_FULL_v1,L1_ELIGIBILITY,v2026-08-11,2026-03-21..2026-08-06,baccarat_bet02_101_all_pairs_incl_sentinel,round_win = game_pnl > 0 (decisive only),COMPATIBILITY_ONLY_NOT_PRODUCTION,161902.6693,145193.7620,9907.8200,1096,1096,-0.06119615,0.06918239,-0.06524357,-0.06119615,-9907.8200,161902.6693,OK,0.0000,396.3128,4.0000,96.0000,AG03-UNRESOLVED,ALL5_LEVELS_bet23_to_bet27,396.3128,396.3128,396.3128,495.3910,495.3910,4.000000,4.000000,4.000000,5.000000,5.000000,96.000000,96.000000,96.000000,95.000000,95.000000,5.0,2179.7204,1996.681,7728.0996,7911.139,PENDING_AG03,FALSE,NOT_FOR_ENFORCEMENT,9511.5072,139386.0115,9907.8200,9511.5072,396.3128,0.06119615,0.05874830,396.3128,9511.5072,0.05874830,396.3128,396.3128,396.3128,495.3910,495.3910,9511.5072,0.05874830,2179.7204,1996.681,7728.0996,7911.139,0.04773300,0.04886355,0.00244785,147.7214,132.4761,9.0400,1415.4029,74.4949,23128.9528,156.5714,33.6187,165.1188,102.1952,102.1952,204.3903,204.3903,204.3903,408.7806,102.1952,0.0,2.0,4.0,1.445484,22,85,18,2,0.03010888,0.06119615,-0.06918239,0E-8,0.000000,0.896797,0.998175,0.13442596,2026-06-30,2026-07-24,7,133,64,25,0.280000,0.203603,0.227582,0.100363,,,,,,,,GLOBAL_BASELINE_NO_ENTITY_RANKING,,,NOT_APPLICABLE_GLOBAL_BASELINE,HF9g-P5,,,,X 全窗基线 · 不参与实体赏罚,15057219,1506,A168_HF9F_20260827_0900,2026-08-27 09:00:00
2026-06-30,140064511,2243,0,817.5612148960,-408.7806074480,-408.7806074480,0.2500000,4,4,0.49994810000000000,0.499948100000,-0.9997924053861017,-0.9997924053861017,-0.9997924053861017,0E-17,ELIGIBLE,R03b_20260811_FULL_v1,L1_ELIGIBILITY,v2026-08-11,2026-03-21..2026-08-06,baccarat_bet02_101_all_pairs_incl_sentinel,round_win = game_pnl > 0 (decisive only),COMPATIBILITY_ONLY_NOT_PRODUCTION,161902.6693,145193.7620,9907.8200,1096,1096,-0.06119615,0.06918239,-0.06524357,-0.06119615,-9907.8200,161902.6693,OK,0.0000,396.3128,4.0000,96.0000,AG03-UNRESOLVED,ALL5_LEVELS_bet23_to_bet27,396.3128,396.3128,396.3128,495.3910,495.3910,4.000000,4.000000,4.000000,5.000000,5.000000,96.000000,96.000000,96.000000,95.000000,95.000000,5.0,2179.7204,1996.681,7728.0996,7911.139,PENDING_AG03,FALSE,NOT_FOR_ENFORCEMENT,9511.5072,139386.0115,9907.8200,9511.5072,396.3128,0.06119615,0.05874830,396.3128,9511.5072,0.05874830,396.3128,396.3128,396.3128,495.3910,495.3910,9511.5072,0.05874830,2179.7204,1996.681,7728.0996,7911.139,0.04773300,0.04886355,0.00244785,147.7214,132.4761,9.0400,1415.4029,74.4949,23128.9528,156.5714,33.6187,165.1188,102.1952,102.1952,204.3903,204.3903,204.3903,408.7806,102.1952,0.0,2.0,4.0,1.445484,22,85,18,2,0.03010888,0.06119615,-0.06918239,0E-8,0.000000,0.896797,0.998175,0.13442596,2026-06-30,2026-07-24,7,133,64,25,0.280000,0.203603,0.227582,0.100363,,,,,,,,GLOBAL_BASELINE_NO_ENTITY_RANKING,,,NOT_APPLICABLE_GLOBAL_BASELINE,HF9g-P5,,,,X 全窗基线 · 不参与实体赏罚,15057220,1506,A168_HF9F_20260827_0900,2026-08-27 09:00:00
2026-06-30,140064511,2261,0,817.5612148960,-204.3903037240,-204.3903037240,0.3333333,4,4,0.50329940000000000,0.503299400000,-0.5887925454369916,-0.5887925454369916,-0.5887925454369916,0E-17,ELIGIBLE,R03b_20260811_FULL_v1,L1_ELIGIBILITY,v2026-08-11,2026-03-21..2026-08-06,baccarat_bet02_101_all_pairs_incl_sentinel,round_win = game_pnl > 0 (decisive only),COMPATIBILITY_ONLY_NOT_PRODUCTION,161902.6693,145193.7620,9907.8200,1096,1096,-0.06119615,0.06918239,-0.06524357,-0.06119615,-9907.8200,161902.6693,OK,0.0000,396.3128,4.0000,96.0000,AG03-UNRESOLVED,ALL5_LEVELS_bet23_to_bet27,396.3128,396.3128,396.3128,495.3910,495.3910,4.000000,4.000000,4.000000,5.000000,5.000000,96.000000,96.000000,96.000000,95.000000,95.000000,5.0,2179.7204,1996.681,7728.0996,7911.139,PENDING_AG03,FALSE,NOT_FOR_ENFORCEMENT,9511.5072,139386.0115,9907.8200,9511.5072,396.3128,0.06119615,0.05874830,396.3128,9511.5072,0.05874830,396.3128,396.3128,396.3128,495.3910,495.3910,9511.5072,0.05874830,2179.7204,1996.681,7728.0996,7911.139,0.04773300,0.04886355,0.00244785,147.7214,132.4761,9.0400,1415.4029,74.4949,23128.9528,156.5714,33.6187,165.1188,102.1952,102.1952,204.3903,204.3903,204.3903,408.7806,102.1952,0.0,2.0,4.0,1.445484,22,85,18,2,0.03010888,0.06119615,-0.06918239,0E-8,0.000000,0.896797,0.998175,0.13442596,2026-06-30,2026-07-24,7,133,64,25,0.280000,0.203603,0.227582,0.100363,,,,,,,,GLOBAL_BASELINE_NO_ENTITY_RANKING,,,NOT_APPLICABLE_GLOBAL_BASELINE,HF9g-P5,,,,X 全窗基线 · 不参与实体赏罚,15057221,1506,A168_HF9F_20260827_0900,2026-08-27 09:00:00
2026-06-30,140064511,550,0,817.5612148960,408.7806074480,408.7806074480,0.7500000,4,4,0.49994810000000000,0.499948100000,1.0002076053883384,1.0002076053883384,1.0002076053883384,0E-17,ELIGIBLE,R03b_20260811_FULL_v1,L1_ELIGIBILITY,v2026-08-11,2026-03-21..2026-08-06,baccarat_bet02_101_all_pairs_incl_sentinel,round_win = game_pnl > 0 (decisive only),COMPATIBILITY_ONLY_NOT_PRODUCTION,161902.6693,145193.7620,9907.8200,1096,1096,-0.06119615,0.06918239,-0.06524357,-0.06119615,-9907.8200,161902.6693,OK,0.0000,396.3128,4.0000,96.0000,AG03-UNRESOLVED,ALL5_LEVELS_bet23_to_bet27,396.3128,396.3128,396.3128,495.3910,495.3910,4.000000,4.000000,4.000000,5.000000,5.000000,96.000000,96.000000,96.000000,95.000000,95.000000,5.0,2179.7204,1996.681,7728.0996,7911.139,PENDING_AG03,FALSE,NOT_FOR_ENFORCEMENT,9511.5072,139386.0115,9907.8200,9511.5072,396.3128,0.06119615,0.05874830,396.3128,9511.5072,0.05874830,396.3128,396.3128,396.3128,495.3910,495.3910,9511.5072,0.05874830,2179.7204,1996.681,7728.0996,7911.139,0.04773300,0.04886355,0.00244785,147.7214,132.4761,9.0400,1415.4029,74.4949,23128.9528,156.5714,33.6187,165.1188,102.1952,102.1952,204.3903,204.3903,204.3903,408.7806,102.1952,0.0,2.0,4.0,1.445484,22,85,18,2,0.03010888,0.06119615,-0.06918239,0E-8,0.000000,0.896797,0.998175,0.13442596,2026-06-30,2026-07-24,7,133,64,25,0.280000,0.203603,0.227582,0.100363,,,,,,,,GLOBAL_BASELINE_NO_ENTITY_RANKING,,,NOT_APPLICABLE_GLOBAL_BASELINE,HF9g-P5,,,,X 全窗基线 · 不参与实体赏罚,15057222,1506,A168_HF9F_20260827_0900,2026-08-27 09:00:00
2026-06-30,140064511,595,0,1226.3418223440,0E-10,0E-10,0.4285714,7,7,0.49707555714285714,0.497075557143,-0.3624959764119633,-0.36249597641271863,-0.3624959764119633,-1.4286E-13,ELIGIBLE,R03b_20260811_FULL_v1,L1_ELIGIBILITY,v2026-08-11,2026-03-21..2026-08-06,baccarat_bet02_101_all_pairs_incl_sentinel,round_win = game_pnl > 0 (decisive only),COMPATIBILITY_ONLY_NOT_PRODUCTION,161902.6693,145193.7620,9907.8200,1096,1096,-0.06119615,0.06918239,-0.06524357,-0.06119615,-9907.8200,161902.6693,OK,0.0000,396.3128,4.0000,96.0000,AG03-UNRESOLVED,ALL5_LEVELS_bet23_to_bet27,396.3128,396.3128,396.3128,495.3910,495.3910,4.000000,4.000000,4.000000,5.000000,5.000000,96.000000,96.000000,96.000000,95.000000,95.000000,5.0,2179.7204,1996.681,7728.0996,7911.139,PENDING_AG03,FALSE,NOT_FOR_ENFORCEMENT,9511.5072,139386.0115,9907.8200,9511.5072,396.3128,0.06119615,0.05874830,396.3128,9511.5072,0.05874830,396.3128,396.3128,396.3128,495.3910,495.3910,9511.5072,0.05874830,2179.7204,1996.681,7728.0996,7911.139,0.04773300,0.04886355,0.00244785,147.7214,132.4761,9.0400,1415.4029,74.4949,23128.9528,156.5714,33.6187,165.1188,102.1952,102.1952,204.3903,204.3903,204.3903,408.7806,102.1952,0.0,2.0,4.0,1.445484,22,85,18,2,0.03010888,0.06119615,-0.06918239,0E-8,0.000000,0.896797,0.998175,0.13442596,2026-06-30,2026-07-24,7,133,64,25,0.280000,0.203603,0.227582,0.100363,,,,,,,,GLOBAL_BASELINE_NO_ENTITY_RANKING,,,NOT_APPLICABLE_GLOBAL_BASELINE,HF9g-P5,,,,X 全窗基线 · 不参与实体赏罚,15057223,1506,A168_HF9F_20260827_0900,2026-08-27 09:00:00
2026-06-30,140064511,789,0,3270.2448595840,1430.7321260680,1430.7321260680,0.7333333,16,16,0.49743462500000000,0.497434625000,1.8272875889953473,1.8272875889953473,1.8272875889953473,0E-17,ELIGIBLE,R03b_20260811_FULL_v1,L1_ELIGIBILITY,v2026-08-11,2026-03-21..2026-08-06,baccarat_bet02_101_all_pairs_incl_sentinel,round_win = game_pnl > 0 (decisive only),COMPATIBILITY_ONLY_NOT_PRODUCTION,161902.6693,145193.7620,9907.8200,1096,1096,-0.06119615,0.06918239,-0.06524357,-0.06119615,-9907.8200,161902.6693,OK,0.0000,396.3128,4.0000,96.0000,AG03-UNRESOLVED,ALL5_LEVELS_bet23_to_bet27,396.3128,396.3128,396.3128,495.3910,495.3910,4.000000,4.000000,4.000000,5.000000,5.000000,96.000000,96.000000,96.000000,95.000000,95.000000,5.0,2179.7204,1996.681,7728.0996,7911.139,PENDING_AG03,FALSE,NOT_FOR_ENFORCEMENT,9511.5072,139386.0115,9907.8200,9511.5072,396.3128,0.06119615,0.05874830,396.3128,9511.5072,0.05874830,396.3128,396.3128,396.3128,495.3910,495.3910,9511.5072,0.05874830,2179.7204,1996.681,7728.0996,7911.139,0.04773300,0.04886355,0.00244785,147.7214,132.4761,9.0400,1415.4029,74.4949,23128.9528,156.5714,33.6187,165.1188,102.1952,102.1952,204.3903,204.3903,204.3903,408.7806,102.1952,0.0,2.0,4.0,1.445484,22,85,18,2,0.03010888,0.06119615,-0.06918239,0E-8,0.000000,0.896797,0.998175,0.13442596,2026-06-30,2026-07-24,7,133,64,25,0.280000,0.203603,0.227582,0.100363,,,,,,,,GLOBAL_BASELINE_NO_ENTITY_RANKING,,,NOT_APPLICABLE_GLOBAL_BASELINE,HF9g-P5,,,,X 全窗基线 · 不参与实体赏罚,15057224,1506,A168_HF9F_20260827_0900,2026-08-27 09:00:00
2026-06-30,140064511,989,0,2248.2933409640,306.5854555860,306.5854555860,0.5384615,13,13,0.50458836153846154,0.504588361538,0.24427323813364604,0.2442732381369723,0.24427323813364604,4.6154E-13,ELIGIBLE,R03b_20260811_FULL_v1,L1_ELIGIBILITY,v2026-08-11,2026-03-21..2026-08-06,baccarat_bet02_101_all_pairs_incl_sentinel,round_win = game_pnl > 0 (decisive only),COMPATIBILITY_ONLY_NOT_PRODUCTION,161902.6693,145193.7620,9907.8200,1096,1096,-0.06119615,0.06918239,-0.06524357,-0.06119615,-9907.8200,161902.6693,OK,0.0000,396.3128,4.0000,96.0000,AG03-UNRESOLVED,ALL5_LEVELS_bet23_to_bet27,396.3128,396.3128,396.3128,495.3910,495.3910,4.000000,4.000000,4.000000,5.000000,5.000000,96.000000,96.000000,96.000000,95.000000,95.000000,5.0,2179.7204,1996.681,7728.0996,7911.139,PENDING_AG03,FALSE,NOT_FOR_ENFORCEMENT,9511.5072,139386.0115,9907.8200,9511.5072,396.3128,0.06119615,0.05874830,396.3128,9511.5072,0.05874830,396.3128,396.3128,396.3128,495.3910,495.3910,9511.5072,0.05874830,2179.7204,1996.681,7728.0996,7911.139,0.04773300,0.04886355,0.00244785,147.7214,132.4761,9.0400,1415.4029,74.4949,23128.9528,156.5714,33.6187,165.1188,102.1952,102.1952,204.3903,204.3903,204.3903,408.7806,102.1952,0.0,2.0,4.0,1.445484,22,85,18,2,0.03010888,0.06119615,-0.06918239,0E-8,0.000000,0.896797,0.998175,0.13442596,2026-06-30,2026-07-24,7,133,64,25,0.280000,0.203603,0.227582,0.100363,,,,,,,,GLOBAL_BASELINE_NO_ENTITY_RANKING,,,NOT_APPLICABLE_GLOBAL_BASELINE,HF9g-P5,,,,X 全窗基线 · 不参与实体赏罚,15057225,1506,A168_HF9F_20260827_0900,2026-08-27 09:00:00
2026-07-01,140064511,-1,1,408.7806074480,-408.7806074480,-408.7806074480,0E-7,3,3,0.49771390000000000,0.497713900000,-1.724149546644903,-1.724149546644903,-1.724149546644903,0E-17,SENTINEL_DEALER,R03b_20260811_FULL_v1,L1_ELIGIBILITY,v2026-08-11,2026-03-21..2026-08-06,baccarat_bet02_101_all_pairs_incl_sentinel,round_win = game_pnl > 0 (decisive only),COMPATIBILITY_ONLY_NOT_PRODUCTION,161902.6693,145193.7620,9907.8200,1096,1096,-0.06119615,0.06918239,-0.06524357,-0.06119615,-9907.8200,161902.6693,OK,0.0000,396.3128,4.0000,96.0000,AG03-UNRESOLVED,ALL5_LEVELS_bet23_to_bet27,396.3128,396.3128,396.3128,495.3910,495.3910,4.000000,4.000000,4.000000,5.000000,5.000000,96.000000,96.000000,96.000000,95.000000,95.000000,5.0,2179.7204,1996.681,7728.0996,7911.139,PENDING_AG03,FALSE,NOT_FOR_ENFORCEMENT,9511.5072,139386.0115,9907.8200,9511.5072,396.3128,0.06119615,0.05874830,396.3128,9511.5072,0.05874830,396.3128,396.3128,396.3128,495.3910,495.3910,9511.5072,0.05874830,2179.7204,1996.681,7728.0996,7911.139,0.04773300,0.04886355,0.00244785,147.7214,132.4761,9.0400,1415.4029,74.4949,23128.9528,156.5714,33.6187,165.1188,102.1952,102.1952,204.3903,204.3903,204.3903,408.7806,102.1952,0.0,2.0,4.0,1.445484,22,85,18,2,0.03010888,0.06119615,-0.06918239,0E-8,0.000000,0.896797,0.998175,0.13442596,2026-06-30,2026-07-24,7,133,64,25,0.280000,0.203603,0.227582,0.100363,,,,,,,,GLOBAL_BASELINE_NO_ENTITY_RANKING,,,NOT_APPLICABLE_GLOBAL_BASELINE,HF9g-P5,,,,X 全窗基线 · 不参与实体赏罚,15057226,1506,A168_HF9F_20260827_0900,2026-08-27 09:00:00
2026-07-01,140064511,1094,0,4700.9769856520,1021.9515186200,1021.9515186200,0.6190476,23,23,0.49732534347826087,0.497325343478,1.1156190450350834,1.1156190450374774,1.1156190450350834,2.6087E-13,ELIGIBLE,R03b_20260811_FULL_v1,L1_ELIGIBILITY,v2026-08-11,2026-03-21..2026-08-06,baccarat_bet02_101_all_pairs_incl_sentinel,round_win = game_pnl > 0 (decisive only),COMPATIBILITY_ONLY_NOT_PRODUCTION,161902.6693,145193.7620,9907.8200,1096,1096,-0.06119615,0.06918239,-0.06524357,-0.06119615,-9907.8200,161902.6693,OK,0.0000,396.3128,4.0000,96.0000,AG03-UNRESOLVED,ALL5_LEVELS_bet23_to_bet27,396.3128,396.3128,396.3128,495.3910,495.3910,4.000000,4.000000,4.000000,5.000000,5.000000,96.000000,96.000000,96.000000,95.000000,95.000000,5.0,2179.7204,1996.681,7728.0996,7911.139,PENDING_AG03,FALSE,NOT_FOR_ENFORCEMENT,9511.5072,139386.0115,9907.8200,9511.5072,396.3128,0.06119615,0.05874830,396.3128,9511.5072,0.05874830,396.3128,396.3128,396.3128,495.3910,495.3910,9511.5072,0.05874830,2179.7204,1996.681,7728.0996,7911.139,0.04773300,0.04886355,0.00244785,147.7214,132.4761,9.0400,1415.4029,74.4949,23128.9528,156.5714,33.6187,165.1188,102.1952,102.1952,204.3903,204.3903,204.3903,408.7806,102.1952,0.0,2.0,4.0,1.445484,22,85,18,2,0.03010888,0.06119615,-0.06918239,0E-8,0.000000,0.896797,0.998175,0.13442596,2026-06-30,2026-07-24,7,133,64,25,0.280000,0.203603,0.227582,0.100363,,,,,,,,GLOBAL_BASELINE_NO_ENTITY_RANKING,,,NOT_APPLICABLE_GLOBAL_BASELINE,HF9g-P5,,,,X 全窗基线 · 不参与实体赏罚,15057227,1506,A168_HF9F_20260827_0900,2026-08-27 09:00:00
2026-07-01,140064511,1205,0,357.6830315170,-357.6830315170,-357.6830315170,0E-7,4,4,0.50329940000000000,0.503299400000,-2.013241432932159,-2.013241432932159,-2.013241432932159,0E-17,ELIGIBLE,R03b_20260811_FULL_v1,L1_ELIGIBILITY,v2026-08-11,2026-03-21..2026-08-06,baccarat_bet02_101_all_pairs_incl_sentinel,round_win = game_pnl > 0 (decisive only),COMPATIBILITY_ONLY_NOT_PRODUCTION,161902.6693,145193.7620,9907.8200,1096,1096,-0.06119615,0.06918239,-0.06524357,-0.06119615,-9907.8200,161902.6693,OK,0.0000,396.3128,4.0000,96.0000,AG03-UNRESOLVED,ALL5_LEVELS_bet23_to_bet27,396.3128,396.3128,396.3128,495.3910,495.3910,4.000000,4.000000,4.000000,5.000000,5.000000,96.000000,96.000000,96.000000,95.000000,95.000000,5.0,2179.7204,1996.681,7728.0996,7911.139,PENDING_AG03,FALSE,NOT_FOR_ENFORCEMENT,9511.5072,139386.0115,9907.8200,9511.5072,396.3128,0.06119615,0.05874830,396.3128,9511.5072,0.05874830,396.3128,396.3128,396.3128,495.3910,495.3910,9511.5072,0.05874830,2179.7204,1996.681,7728.0996,7911.139,0.04773300,0.04886355,0.00244785,147.7214,132.4761,9.0400,1415.4029,74.4949,23128.9528,156.5714,33.6187,165.1188,102.1952,102.1952,204.3903,204.3903,204.3903,408.7806,102.1952,0.0,2.0,4.0,1.445484,22,85,18,2,0.03010888,0.06119615,-0.06918239,0E-8,0.000000,0.896797,0.998175,0.13442596,2026-06-30,2026-07-24,7,133,64,25,0.280000,0.203603,0.227582,0.100363,,,,,,,,GLOBAL_BASELINE_NO_ENTITY_RANKING,,,NOT_APPLICABLE_GLOBAL_BASELINE,HF9g-P5,,,,X 全窗基线 · 不参与实体赏罚,15057228,1506,A168_HF9F_20260827_0900,2026-08-27 09:00:00
2026-07-01,140064511,1221,0,2043.9030372400,0E-10,0E-10,0.5000000,10,10,0.49860758000000000,0.498607580000,0.008806471467772546,0.008806471467772546,0.008806471467772546,0E-17,ELIGIBLE,R03b_20260811_FULL_v1,L1_ELIGIBILITY,v2026-08-11,2026-03-21..2026-08-06,baccarat_bet02_101_all_pairs_incl_sentinel,round_win = game_pnl > 0 (decisive only),COMPATIBILITY_ONLY_NOT_PRODUCTION,161902.6693,145193.7620,9907.8200,1096,1096,-0.06119615,0.06918239,-0.06524357,-0.06119615,-9907.8200,161902.6693,OK,0.0000,396.3128,4.0000,96.0000,AG03-UNRESOLVED,ALL5_LEVELS_bet23_to_bet27,396.3128,396.3128,396.3128,495.3910,495.3910,4.000000,4.000000,4.000000,5.000000,5.000000,96.000000,96.000000,96.000000,95.000000,95.000000,5.0,2179.7204,1996.681,7728.0996,7911.139,PENDING_AG03,FALSE,NOT_FOR_ENFORCEMENT,9511.5072,139386.0115,9907.8200,9511.5072,396.3128,0.06119615,0.05874830,396.3128,9511.5072,0.05874830,396.3128,396.3128,396.3128,495.3910,495.3910,9511.5072,0.05874830,2179.7204,1996.681,7728.0996,7911.139,0.04773300,0.04886355,0.00244785,147.7214,132.4761,9.0400,1415.4029,74.4949,23128.9528,156.5714,33.6187,165.1188,102.1952,102.1952,204.3903,204.3903,204.3903,408.7806,102.1952,0.0,2.0,4.0,1.445484,22,85,18,2,0.03010888,0.06119615,-0.06918239,0E-8,0.000000,0.896797,0.998175,0.13442596,2026-06-30,2026-07-24,7,133,64,25,0.280000,0.203603,0.227582,0.100363,,,,,,,,GLOBAL_BASELINE_NO_ENTITY_RANKING,,,NOT_APPLICABLE_GLOBAL_BASELINE,HF9g-P5,,,,X 全窗基线 · 不参与实体赏罚,15057229,1506,A168_HF9F_20260827_0900,2026-08-27 09:00:00
2026-07-01,140064511,1299,0,715.3660630340,-102.1951518620,-102.1951518620,0.4285714,7,7,0.49707555714285714,0.497075557143,-0.3624959764119633,-0.36249597641271863,-0.3624959764119633,-1.4286E-13,ELIGIBLE,R03b_20260811_FULL_v1,L1_ELIGIBILITY,v2026-08-11,2026-03-21..2026-08-06,baccarat_bet02_101_all_pairs_incl_sentinel,round_win = game_pnl > 0 (decisive only),COMPATIBILITY_ONLY_NOT_PRODUCTION,161902.6693,145193.7620,9907.8200,1096,1096,-0.06119615,0.06918239,-0.06524357,-0.06119615,-9907.8200,161902.6693,OK,0.0000,396.3128,4.0000,96.0000,AG03-UNRESOLVED,ALL5_LEVELS_bet23_to_bet27,396.3128,396.3128,396.3128,495.3910,495.3910,4.000000,4.000000,4.000000,5.000000,5.000000,96.000000,96.000000,96.000000,95.000000,95.000000,5.0,2179.7204,1996.681,7728.0996,7911.139,PENDING_AG03,FALSE,NOT_FOR_ENFORCEMENT,9511.5072,139386.0115,9907.8200,9511.5072,396.3128,0.06119615,0.05874830,396.3128,9511.5072,0.05874830,396.3128,396.3128,396.3128,495.3910,495.3910,9511.5072,0.05874830,2179.7204,1996.681,7728.0996,7911.139,0.04773300,0.04886355,0.00244785,147.7214,132.4761,9.0400,1415.4029,74.4949,23128.9528,156.5714,33.6187,165.1188,102.1952,102.1952,204.3903,204.3903,204.3903,408.7806,102.1952,0.0,2.0,4.0,1.445484,22,85,18,2,0.03010888,0.06119615,-0.06918239,0E-8,0.000000,0.896797,0.998175,0.13442596,2026-06-30,2026-07-24,7,133,64,25,0.280000,0.203603,0.227582,0.100363,,,,,,,,GLOBAL_BASELINE_NO_ENTITY_RANKING,,,NOT_APPLICABLE_GLOBAL_BASELINE,HF9g-P5,,,,X 全窗基线 · 不参与实体赏罚,15057230,1506,A168_HF9F_20260827_0900,2026-08-27 09:00:00
2026-07-01,140064511,1323,0,1686.2200057230,-204.3903037240,-204.3903037240,0.5454545,11,11,0.50055742727272727,0.500557427273,0.2978139754313191,0.2978139754295102,0.2978139754313191,-2.7273E-13,ELIGIBLE,R03b_20260811_FULL_v1,L1_ELIGIBILITY,v2026-08-11,2026-03-21..2026-08-06,baccarat_bet02_101_all_pairs_incl_sentinel,round_win = game_pnl > 0 (decisive only),COMPATIBILITY_ONLY_NOT_PRODUCTION,161902.6693,145193.7620,9907.8200,1096,1096,-0.06119615,0.06918239,-0.06524357,-0.06119615,-9907.8200,161902.6693,OK,0.0000,396.3128,4.0000,96.0000,AG03-UNRESOLVED,ALL5_LEVELS_bet23_to_bet27,396.3128,396.3128,396.3128,495.3910,495.3910,4.000000,4.000000,4.000000,5.000000,5.000000,96.000000,96.000000,96.000000,95.000000,95.000000,5.0,2179.7204,1996.681,7728.0996,7911.139,PENDING_AG03,FALSE,NOT_FOR_ENFORCEMENT,9511.5072,139386.0115,9907.8200,9511.5072,396.3128,0.06119615,0.05874830,396.3128,9511.5072,0.05874830,396.3128,396.3128,396.3128,495.3910,495.3910,9511.5072,0.05874830,2179.7204,1996.681,7728.0996,7911.139,0.04773300,0.04886355,0.00244785,147.7214,132.4761,9.0400,1415.4029,74.4949,23128.9528,156.5714,33.6187,165.1188,102.1952,102.1952,204.3903,204.3903,204.3903,408.7806,102.1952,0.0,2.0,4.0,1.445484,22,85,18,2,0.03010888,0.06119615,-0.06918239,0E-8,0.000000,0.896797,0.998175,0.13442596,2026-06-30,2026-07-24,7,133,64,25,0.280000,0.203603,0.227582,0.100363,,,,,,,,GLOBAL_BASELINE_NO_ENTITY_RANKING,,,NOT_APPLICABLE_GLOBAL_BASELINE,HF9g-P5,,,,X 全窗基线 · 不参与实体赏罚,15057231,1506,A168_HF9F_20260827_0900,2026-08-27 09:00:00
2026-07-01,140064511,1363,0,204.3903037240,0E-10,0E-10,,1,1,0.49324550000000000,0.493245500000,,,,0E-17,NO_DECISIVE_ROUND,R03b_20260811_FULL_v1,L1_ELIGIBILITY,v2026-08-11,2026-03-21..2026-08-06,baccarat_bet02_101_all_pairs_incl_sentinel,round_win = game_pnl > 0 (decisive only),COMPATIBILITY_ONLY_NOT_PRODUCTION,161902.6693,145193.7620,9907.8200,1096,1096,-0.06119615,0.06918239,-0.06524357,-0.06119615,-9907.8200,161902.6693,OK,0.0000,396.3128,4.0000,96.0000,AG03-UNRESOLVED,ALL5_LEVELS_bet23_to_bet27,396.3128,396.3128,396.3128,495.3910,495.3910,4.000000,4.000000,4.000000,5.000000,5.000000,96.000000,96.000000,96.000000,95.000000,95.000000,5.0,2179.7204,1996.681,7728.0996,7911.139,PENDING_AG03,FALSE,NOT_FOR_ENFORCEMENT,9511.5072,139386.0115,9907.8200,9511.5072,396.3128,0.06119615,0.05874830,396.3128,9511.5072,0.05874830,396.3128,396.3128,396.3128,495.3910,495.3910,9511.5072,0.05874830,2179.7204,1996.681,7728.0996,7911.139,0.04773300,0.04886355,0.00244785,147.7214,132.4761,9.0400,1415.4029,74.4949,23128.9528,156.5714,33.6187,165.1188,102.1952,102.1952,204.3903,204.3903,204.3903,408.7806,102.1952,0.0,2.0,4.0,1.445484,22,85,18,2,0.03010888,0.06119615,-0.06918239,0E-8,0.000000,0.896797,0.998175,0.13442596,2026-06-30,2026-07-24,7,133,64,25,0.280000,0.203603,0.227582,0.100363,,,,,,,,GLOBAL_BASELINE_NO_ENTITY_RANKING,,,NOT_APPLICABLE_GLOBAL_BASELINE,HF9g-P5,,,,X 全窗基线 · 不参与实体赏罚,15057232,1506,A168_HF9F_20260827_0900,2026-08-27 09:00:00
2026-07-01,140064511,1382,0,449.6586681928,40.8780607448,40.8780607448,0.6000000,5,5,0.49860758000000000,0.498607580000,0.4534424453485946,0.4534424453485946,0.4534424453485946,0E-17,ELIGIBLE,R03b_20260811_FULL_v1,L1_ELIGIBILITY,v2026-08-11,2026-03-21..2026-08-06,baccarat_bet02_101_all_pairs_incl_sentinel,round_win = game_pnl > 0 (decisive only),COMPATIBILITY_ONLY_NOT_PRODUCTION,161902.6693,145193.7620,9907.8200,1096,1096,-0.06119615,0.06918239,-0.06524357,-0.06119615,-9907.8200,161902.6693,OK,0.0000,396.3128,4.0000,96.0000,AG03-UNRESOLVED,ALL5_LEVELS_bet23_to_bet27,396.3128,396.3128,396.3128,495.3910,495.3910,4.000000,4.000000,4.000000,5.000000,5.000000,96.000000,96.000000,96.000000,95.000000,95.000000,5.0,2179.7204,1996.681,7728.0996,7911.139,PENDING_AG03,FALSE,NOT_FOR_ENFORCEMENT,9511.5072,139386.0115,9907.8200,9511.5072,396.3128,0.06119615,0.05874830,396.3128,9511.5072,0.05874830,396.3128,396.3128,396.3128,495.3910,495.3910,9511.5072,0.05874830,2179.7204,1996.681,7728.0996,7911.139,0.04773300,0.04886355,0.00244785,147.7214,132.4761,9.0400,1415.4029,74.4949,23128.9528,156.5714,33.6187,165.1188,102.1952,102.1952,204.3903,204.3903,204.3903,408.7806,102.1952,0.0,2.0,4.0,1.445484,22,85,18,2,0.03010888,0.06119615,-0.06918239,0E-8,0.000000,0.896797,0.998175,0.13442596,2026-06-30,2026-07-24,7,133,64,25,0.280000,0.203603,0.227582,0.100363,,,,,,,,GLOBAL_BASELINE_NO_ENTITY_RANKING,,,NOT_APPLICABLE_GLOBAL_BASELINE,HF9g-P5,,,,X 全窗基线 · 不参与实体赏罚,15057233,1506,A168_HF9F_20260827_0900,2026-08-27 09:00:00
2026-07-01,140064511,1490,0,3116.9521317910,178.8415157585,178.8415157585,0.5714286,29,29,0.49971697586206897,0.499716975862,0.7589243135381566,0.7589243135388865,0.7589243135381566,6.897E-14,ELIGIBLE,R03b_20260811_FULL_v1,L1_ELIGIBILITY,v2026-08-11,2026-03-21..2026-08-06,baccarat_bet02_101_all_pairs_incl_sentinel,round_win = game_pnl > 0 (decisive only),COMPATIBILITY_ONLY_NOT_PRODUCTION,161902.6693,145193.7620,9907.8200,1096,1096,-0.06119615,0.06918239,-0.06524357,-0.06119615,-9907.8200,161902.6693,OK,0.0000,396.3128,4.0000,96.0000,AG03-UNRESOLVED,ALL5_LEVELS_bet23_to_bet27,396.3128,396.3128,396.3128,495.3910,495.3910,4.000000,4.000000,4.000000,5.000000,5.000000,96.000000,96.000000,96.000000,95.000000,95.000000,5.0,2179.7204,1996.681,7728.0996,7911.139,PENDING_AG03,FALSE,NOT_FOR_ENFORCEMENT,9511.5072,139386.0115,9907.8200,9511.5072,396.3128,0.06119615,0.05874830,396.3128,9511.5072,0.05874830,396.3128,396.3128,396.3128,495.3910,495.3910,9511.5072,0.05874830,2179.7204,1996.681,7728.0996,7911.139,0.04773300,0.04886355,0.00244785,147.7214,132.4761,9.0400,1415.4029,74.4949,23128.9528,156.5714,33.6187,165.1188,102.1952,102.1952,204.3903,204.3903,204.3903,408.7806,102.1952,0.0,2.0,4.0,1.445484,22,85,18,2,0.03010888,0.06119615,-0.06918239,0E-8,0.000000,0.896797,0.998175,0.13442596,2026-06-30,2026-07-24,7,133,64,25,0.280000,0.203603,0.227582,0.100363,,,,,,,,GLOBAL_BASELINE_NO_ENTITY_RANKING,,,NOT_APPLICABLE_GLOBAL_BASELINE,HF9g-P5,,,,X 全窗基线 · 不参与实体赏罚,15057234,1506,A168_HF9F_20260827_0900,2026-08-27 09:00:00
2026-07-01,140064511,1654,0,204.3903037240,102.1951518620,102.1951518620,1.0000000,2,2,0.49324550000000000,0.493245500000,1.01360149184955,1.01360149184955,1.01360149184955,0E-17,ELIGIBLE,R03b_20260811_FULL_v1,L1_ELIGIBILITY,v2026-08-11,2026-03-21..2026-08-06,baccarat_bet02_101_all_pairs_incl_sentinel,round_win = game_pnl > 0 (decisive only),COMPATIBILITY_ONLY_NOT_PRODUCTION,161902.6693,145193.7620,9907.8200,1096,1096,-0.06119615,0.06918239,-0.06524357,-0.06119615,-9907.8200,161902.6693,OK,0.0000,396.3128,4.0000,96.0000,AG03-UNRESOLVED,ALL5_LEVELS_bet23_to_bet27,396.3128,396.3128,396.3128,495.3910,495.3910,4.000000,4.000000,4.000000,5.000000,5.000000,96.000000,96.000000,96.000000,95.000000,95.000000,5.0,2179.7204,1996.681,7728.0996,7911.139,PENDING_AG03,FALSE,NOT_FOR_ENFORCEMENT,9511.5072,139386.0115,9907.8200,9511.5072,396.3128,0.06119615,0.05874830,396.3128,9511.5072,0.05874830,396.3128,396.3128,396.3128,495.3910,495.3910,9511.5072,0.05874830,2179.7204,1996.681,7728.0996,7911.139,0.04773300,0.04886355,0.00244785,147.7214,132.4761,9.0400,1415.4029,74.4949,23128.9528,156.5714,33.6187,165.1188,102.1952,102.1952,204.3903,204.3903,204.3903,408.7806,102.1952,0.0,2.0,4.0,1.445484,22,85,18,2,0.03010888,0.06119615,-0.06918239,0E-8,0.000000,0.896797,0.998175,0.13442596,2026-06-30,2026-07-24,7,133,64,25,0.280000,0.203603,0.227582,0.100363,,,,,,,,GLOBAL_BASELINE_NO_ENTITY_RANKING,,,NOT_APPLICABLE_GLOBAL_BASELINE,HF9g-P5,,,,X 全窗基线 · 不参与实体赏罚,15057235,1506,A168_HF9F_20260827_0900,2026-08-27 09:00:00
2026-07-01,140064511,1710,0,3576.8303151700,1635.1224297920,1635.1224297920,0.7500000,16,16,0.50162375000000000,0.501623750000,1.9870204778411922,1.9870204778411922,1.9870204778411922,0E-17,ELIGIBLE,R03b_20260811_FULL_v1,L1_ELIGIBILITY,v2026-08-11,2026-03-21..2026-08-06,baccarat_bet02_101_all_pairs_incl_sentinel,round_win = game_pnl > 0 (decisive only),COMPATIBILITY_ONLY_NOT_PRODUCTION,161902.6693,145193.7620,9907.8200,1096,1096,-0.06119615,0.06918239,-0.06524357,-0.06119615,-9907.8200,161902.6693,OK,0.0000,396.3128,4.0000,96.0000,AG03-UNRESOLVED,ALL5_LEVELS_bet23_to_bet27,396.3128,396.3128,396.3128,495.3910,495.3910,4.000000,4.000000,4.000000,5.000000,5.000000,96.000000,96.000000,96.000000,95.000000,95.000000,5.0,2179.7204,1996.681,7728.0996,7911.139,PENDING_AG03,FALSE,NOT_FOR_ENFORCEMENT,9511.5072,139386.0115,9907.8200,9511.5072,396.3128,0.06119615,0.05874830,396.3128,9511.5072,0.05874830,396.3128,396.3128,396.3128,495.3910,495.3910,9511.5072,0.05874830,2179.7204,1996.681,7728.0996,7911.139,0.04773300,0.04886355,0.00244785,147.7214,132.4761,9.0400,1415.4029,74.4949,23128.9528,156.5714,33.6187,165.1188,102.1952,102.1952,204.3903,204.3903,204.3903,408.7806,102.1952,0.0,2.0,4.0,1.445484,22,85,18,2,0.03010888,0.06119615,-0.06918239,0E-8,0.000000,0.896797,0.998175,0.13442596,2026-06-30,2026-07-24,7,133,64,25,0.280000,0.203603,0.227582,0.100363,,,,,,,,GLOBAL_BASELINE_NO_ENTITY_RANKING,,,NOT_APPLICABLE_GLOBAL_BASELINE,HF9g-P5,,,,X 全窗基线 · 不参与实体赏罚,15057236,1506,A168_HF9F_20260827_0900,2026-08-27 09:00:00
2026-07-01,140064511,1750,0,1430.7321260680,-204.3903037240,-204.3903037240,0.4000000,6,6,0.49771390000000000,0.497713900000,-0.4369944132040151,-0.436994413204015,-0.4369944132040151,0E-17,ELIGIBLE,R03b_20260811_FULL_v1,L1_ELIGIBILITY,v2026-08-11,2026-03-21..2026-08-06,baccarat_bet02_101_all_pairs_incl_sentinel,round_win = game_pnl > 0 (decisive only),COMPATIBILITY_ONLY_NOT_PRODUCTION,161902.6693,145193.7620,9907.8200,1096,1096,-0.06119615,0.06918239,-0.06524357,-0.06119615,-9907.8200,161902.6693,OK,0.0000,396.3128,4.0000,96.0000,AG03-UNRESOLVED,ALL5_LEVELS_bet23_to_bet27,396.3128,396.3128,396.3128,495.3910,495.3910,4.000000,4.000000,4.000000,5.000000,5.000000,96.000000,96.000000,96.000000,95.000000,95.000000,5.0,2179.7204,1996.681,7728.0996,7911.139,PENDING_AG03,FALSE,NOT_FOR_ENFORCEMENT,9511.5072,139386.0115,9907.8200,9511.5072,396.3128,0.06119615,0.05874830,396.3128,9511.5072,0.05874830,396.3128,396.3128,396.3128,495.3910,495.3910,9511.5072,0.05874830,2179.7204,1996.681,7728.0996,7911.139,0.04773300,0.04886355,0.00244785,147.7214,132.4761,9.0400,1415.4029,74.4949,23128.9528,156.5714,33.6187,165.1188,102.1952,102.1952,204.3903,204.3903,204.3903,408.7806,102.1952,0.0,2.0,4.0,1.445484,22,85,18,2,0.03010888,0.06119615,-0.06918239,0E-8,0.000000,0.896797,0.998175,0.13442596,2026-06-30,2026-07-24,7,133,64,25,0.280000,0.203603,0.227582,0.100363,,,,,,,,GLOBAL_BASELINE_NO_ENTITY_RANKING,,,NOT_APPLICABLE_GLOBAL_BASELINE,HF9g-P5,,,,X 全窗基线 · 不参与实体赏罚,15057237,1506,A168_HF9F_20260827_0900,2026-08-27 09:00:00
2026-07-01,140064511,1951,0,970.8539426890,-510.9757593100,-510.9757593100,0.3000000,10,10,0.50128862000000000,0.501288620000,-1.2730652405066043,-1.2730652405066043,-1.2730652405066043,0E-17,ELIGIBLE,R03b_20260811_FULL_v1,L1_ELIGIBILITY,v2026-08-11,2026-03-21..2026-08-06,baccarat_bet02_101_all_pairs_incl_sentinel,round_win = game_pnl > 0 (decisive only),COMPATIBILITY_ONLY_NOT_PRODUCTION,161902.6693,145193.7620,9907.8200,1096,1096,-0.06119615,0.06918239,-0.06524357,-0.06119615,-9907.8200,161902.6693,OK,0.0000,396.3128,4.0000,96.0000,AG03-UNRESOLVED,ALL5_LEVELS_bet23_to_bet27,396.3128,396.3128,396.3128,495.3910,495.3910,4.000000,4.000000,4.000000,5.000000,5.000000,96.000000,96.000000,96.000000,95.000000,95.000000,5.0,2179.7204,1996.681,7728.0996,7911.139,PENDING_AG03,FALSE,NOT_FOR_ENFORCEMENT,9511.5072,139386.0115,9907.8200,9511.5072,396.3128,0.06119615,0.05874830,396.3128,9511.5072,0.05874830,396.3128,396.3128,396.3128,495.3910,495.3910,9511.5072,0.05874830,2179.7204,1996.681,7728.0996,7911.139,0.04773300,0.04886355,0.00244785,147.7214,132.4761,9.0400,1415.4029,74.4949,23128.9528,156.5714,33.6187,165.1188,102.1952,102.1952,204.3903,204.3903,204.3903,408.7806,102.1952,0.0,2.0,4.0,1.445484,22,85,18,2,0.03010888,0.06119615,-0.06918239,0E-8,0.000000,0.896797,0.998175,0.13442596,2026-06-30,2026-07-24,7,133,64,25,0.280000,0.203603,0.227582,0.100363,,,,,,,,GLOBAL_BASELINE_NO_ENTITY_RANKING,,,NOT_APPLICABLE_GLOBAL_BASELINE,HF9g-P5,,,,X 全窗基线 · 不参与实体赏罚,15057238,1506,A168_HF9F_20260827_0900,2026-08-27 09:00:00
2026-07-01,140064511,1964,0,919.7563667580,-408.7806074480,-408.7806074480,0.2000000,6,6,0.49994810000000000,0.499948100000,-1.341408689870273,-1.341408689870273,-1.341408689870273,0E-17,ELIGIBLE,R03b_20260811_FULL_v1,L1_ELIGIBILITY,v2026-08-11,2026-03-21..2026-08-06,baccarat_bet02_101_all_pairs_incl_sentinel,round_win = game_pnl > 0 (decisive only),COMPATIBILITY_ONLY_NOT_PRODUCTION,161902.6693,145193.7620,9907.8200,1096,1096,-0.06119615,0.06918239,-0.06524357,-0.06119615,-9907.8200,161902.6693,OK,0.0000,396.3128,4.0000,96.0000,AG03-UNRESOLVED,ALL5_LEVELS_bet23_to_bet27,396.3128,396.3128,396.3128,495.3910,495.3910,4.000000,4.000000,4.000000,5.000000,5.000000,96.000000,96.000000,96.000000,95.000000,95.000000,5.0,2179.7204,1996.681,7728.0996,7911.139,PENDING_AG03,FALSE,NOT_FOR_ENFORCEMENT,9511.5072,139386.0115,9907.8200,9511.5072,396.3128,0.06119615,0.05874830,396.3128,9511.5072,0.05874830,396.3128,396.3128,396.3128,495.3910,495.3910,9511.5072,0.05874830,2179.7204,1996.681,7728.0996,7911.139,0.04773300,0.04886355,0.00244785,147.7214,132.4761,9.0400,1415.4029,74.4949,23128.9528,156.5714,33.6187,165.1188,102.1952,102.1952,204.3903,204.3903,204.3903,408.7806,102.1952,0.0,2.0,4.0,1.445484,22,85,18,2,0.03010888,0.06119615,-0.06918239,0E-8,0.000000,0.896797,0.998175,0.13442596,2026-06-30,2026-07-24,7,133,64,25,0.280000,0.203603,0.227582,0.100363,,,,,,,,GLOBAL_BASELINE_NO_ENTITY_RANKING,,,NOT_APPLICABLE_GLOBAL_BASELINE,HF9g-P5,,,,X 全窗基线 · 不参与实体赏罚,15057239,1506,A168_HF9F_20260827_0900,2026-08-27 09:00:00
2026-07-01,140064511,1966,0,408.7806074480,-204.3903037240,-204.3903037240,0.2500000,4,4,0.50329940000000000,0.503299400000,-1.013219660140378,-1.013219660140378,-1.013219660140378,0E-17,ELIGIBLE,R03b_20260811_FULL_v1,L1_ELIGIBILITY,v2026-08-11,2026-03-21..2026-08-06,baccarat_bet02_101_all_pairs_incl_sentinel,round_win = game_pnl > 0 (decisive only),COMPATIBILITY_ONLY_NOT_PRODUCTION,161902.6693,145193.7620,9907.8200,1096,1096,-0.06119615,0.06918239,-0.06524357,-0.06119615,-9907.8200,161902.6693,OK,0.0000,396.3128,4.0000,96.0000,AG03-UNRESOLVED,ALL5_LEVELS_bet23_to_bet27,396.3128,396.3128,396.3128,495.3910,495.3910,4.000000,4.000000,4.000000,5.000000,5.000000,96.000000,96.000000,96.000000,95.000000,95.000000,5.0,2179.7204,1996.681,7728.0996,7911.139,PENDING_AG03,FALSE,NOT_FOR_ENFORCEMENT,9511.5072,139386.0115,9907.8200,9511.5072,396.3128,0.06119615,0.05874830,396.3128,9511.5072,0.05874830,396.3128,396.3128,396.3128,495.3910,495.3910,9511.5072,0.05874830,2179.7204,1996.681,7728.0996,7911.139,0.04773300,0.04886355,0.00244785,147.7214,132.4761,9.0400,1415.4029,74.4949,23128.9528,156.5714,33.6187,165.1188,102.1952,102.1952,204.3903,204.3903,204.3903,408.7806,102.1952,0.0,2.0,4.0,1.445484,22,85,18,2,0.03010888,0.06119615,-0.06918239,0E-8,0.000000,0.896797,0.998175,0.13442596,2026-06-30,2026-07-24,7,133,64,25,0.280000,0.203603,0.227582,0.100363,,,,,,,,GLOBAL_BASELINE_NO_ENTITY_RANKING,,,NOT_APPLICABLE_GLOBAL_BASELINE,HF9g-P5,,,,X 全窗基线 · 不参与实体赏罚,15057240,1506,A168_HF9F_20260827_0900,2026-08-27 09:00:00
2026-07-01,140064511,1985,0,2350.4884928260,-715.3660630340,-715.3660630340,0.3846154,13,13,0.49840134615384615,0.498401346154,-0.8205264315496642,-0.8205264315507727,-0.8205264315496642,-1.5385E-13,ELIGIBLE,R03b_20260811_FULL_v1,L1_ELIGIBILITY,v2026-08-11,2026-03-21..2026-08-06,baccarat_bet02_101_all_pairs_incl_sentinel,round_win = game_pnl > 0 (decisive only),COMPATIBILITY_ONLY_NOT_PRODUCTION,161902.6693,145193.7620,9907.8200,1096,1096,-0.06119615,0.06918239,-0.06524357,-0.06119615,-9907.8200,161902.6693,OK,0.0000,396.3128,4.0000,96.0000,AG03-UNRESOLVED,ALL5_LEVELS_bet23_to_bet27,396.3128,396.3128,396.3128,495.3910,495.3910,4.000000,4.000000,4.000000,5.000000,5.000000,96.000000,96.000000,96.000000,95.000000,95.000000,5.0,2179.7204,1996.681,7728.0996,7911.139,PENDING_AG03,FALSE,NOT_FOR_ENFORCEMENT,9511.5072,139386.0115,9907.8200,9511.5072,396.3128,0.06119615,0.05874830,396.3128,9511.5072,0.05874830,396.3128,396.3128,396.3128,495.3910,495.3910,9511.5072,0.05874830,2179.7204,1996.681,7728.0996,7911.139,0.04773300,0.04886355,0.00244785,147.7214,132.4761,9.0400,1415.4029,74.4949,23128.9528,156.5714,33.6187,165.1188,102.1952,102.1952,204.3903,204.3903,204.3903,408.7806,102.1952,0.0,2.0,4.0,1.445484,22,85,18,2,0.03010888,0.06119615,-0.06918239,0E-8,0.000000,0.896797,0.998175,0.13442596,2026-06-30,2026-07-24,7,133,64,25,0.280000,0.203603,0.227582,0.100363,,,,,,,,GLOBAL_BASELINE_NO_ENTITY_RANKING,,,NOT_APPLICABLE_GLOBAL_BASELINE,HF9g-P5,,,,X 全窗基线 · 不参与实体赏罚,15057241,1506,A168_HF9F_20260827_0900,2026-08-27 09:00:00
2026-07-01,140064511,2106,0,1532.9272779300,306.5854555860,306.5854555860,0.6250000,8,8,0.49994810000000000,0.499948100000,0.7074003757330176,0.7074003757330176,0.7074003757330176,0E-17,ELIGIBLE,R03b_20260811_FULL_v1,L1_ELIGIBILITY,v2026-08-11,2026-03-21..2026-08-06,baccarat_bet02_101_all_pairs_incl_sentinel,round_win = game_pnl > 0 (decisive only),COMPATIBILITY_ONLY_NOT_PRODUCTION,161902.6693,145193.7620,9907.8200,1096,1096,-0.06119615,0.06918239,-0.06524357,-0.06119615,-9907.8200,161902.6693,OK,0.0000,396.3128,4.0000,96.0000,AG03-UNRESOLVED,ALL5_LEVELS_bet23_to_bet27,396.3128,396.3128,396.3128,495.3910,495.3910,4.000000,4.000000,4.000000,5.000000,5.000000,96.000000,96.000000,96.000000,95.000000,95.000000,5.0,2179.7204,1996.681,7728.0996,7911.139,PENDING_AG03,FALSE,NOT_FOR_ENFORCEMENT,9511.5072,139386.0115,9907.8200,9511.5072,396.3128,0.06119615,0.05874830,396.3128,9511.5072,0.05874830,396.3128,396.3128,396.3128,495.3910,495.3910,9511.5072,0.05874830,2179.7204,1996.681,7728.0996,7911.139,0.04773300,0.04886355,0.00244785,147.7214,132.4761,9.0400,1415.4029,74.4949,23128.9528,156.5714,33.6187,165.1188,102.1952,102.1952,204.3903,204.3903,204.3903,408.7806,102.1952,0.0,2.0,4.0,1.445484,22,85,18,2,0.03010888,0.06119615,-0.06918239,0E-8,0.000000,0.896797,0.998175,0.13442596,2026-06-30,2026-07-24,7,133,64,25,0.280000,0.203603,0.227582,0.100363,,,,,,,,GLOBAL_BASELINE_NO_ENTITY_RANKING,,,NOT_APPLICABLE_GLOBAL_BASELINE,HF9g-P5,,,,X 全窗基线 · 不参与实体赏罚,15057242,1506,A168_HF9F_20260827_0900,2026-08-27 09:00:00
2026-07-01,140064511,2108,0,2728.6105547154,500.7562441238,500.7562441238,0.6250000,29,29,0.50341496206896552,0.503414962069,1.1913129995791705,1.1913129995788334,1.1913129995791705,-3.448E-14,ELIGIBLE,R03b_20260811_FULL_v1,L1_ELIGIBILITY,v2026-08-11,2026-03-21..2026-08-06,baccarat_bet02_101_all_pairs_incl_sentinel,round_win = game_pnl > 0 (decisive only),COMPATIBILITY_ONLY_NOT_PRODUCTION,161902.6693,145193.7620,9907.8200,1096,1096,-0.06119615,0.06918239,-0.06524357,-0.06119615,-9907.8200,161902.6693,OK,0.0000,396.3128,4.0000,96.0000,AG03-UNRESOLVED,ALL5_LEVELS_bet23_to_bet27,396.3128,396.3128,396.3128,495.3910,495.3910,4.000000,4.000000,4.000000,5.000000,5.000000,96.000000,96.000000,96.000000,95.000000,95.000000,5.0,2179.7204,1996.681,7728.0996,7911.139,PENDING_AG03,FALSE,NOT_FOR_ENFORCEMENT,9511.5072,139386.0115,9907.8200,9511.5072,396.3128,0.06119615,0.05874830,396.3128,9511.5072,0.05874830,396.3128,396.3128,396.3128,495.3910,495.3910,9511.5072,0.05874830,2179.7204,1996.681,7728.0996,7911.139,0.04773300,0.04886355,0.00244785,147.7214,132.4761,9.0400,1415.4029,74.4949,23128.9528,156.5714,33.6187,165.1188,102.1952,102.1952,204.3903,204.3903,204.3903,408.7806,102.1952,0.0,2.0,4.0,1.445484,22,85,18,2,0.03010888,0.06119615,-0.06918239,0E-8,0.000000,0.896797,0.998175,0.13442596,2026-06-30,2026-07-24,7,133,64,25,0.280000,0.203603,0.227582,0.100363,,,,,,,,GLOBAL_BASELINE_NO_ENTITY_RANKING,,,NOT_APPLICABLE_GLOBAL_BASELINE,HF9g-P5,,,,X 全窗基线 · 不参与实体赏罚,15057243,1506,A168_HF9F_20260827_0900,2026-08-27 09:00:00
2026-07-01,140064511,2127,0,2912.5618280670,408.7806074480,408.7806074480,0.5294118,19,19,0.50171194210526316,0.501711942105,0.22841992767184677,0.22841992767401645,0.22841992767184677,2.6316E-13,ELIGIBLE,R03b_20260811_FULL_v1,L1_ELIGIBILITY,v2026-08-11,2026-03-21..2026-08-06,baccarat_bet02_101_all_pairs_incl_sentinel,round_win = game_pnl > 0 (decisive only),COMPATIBILITY_ONLY_NOT_PRODUCTION,161902.6693,145193.7620,9907.8200,1096,1096,-0.06119615,0.06918239,-0.06524357,-0.06119615,-9907.8200,161902.6693,OK,0.0000,396.3128,4.0000,96.0000,AG03-UNRESOLVED,ALL5_LEVELS_bet23_to_bet27,396.3128,396.3128,396.3128,495.3910,495.3910,4.000000,4.000000,4.000000,5.000000,5.000000,96.000000,96.000000,96.000000,95.000000,95.000000,5.0,2179.7204,1996.681,7728.0996,7911.139,PENDING_AG03,FALSE,NOT_FOR_ENFORCEMENT,9511.5072,139386.0115,9907.8200,9511.5072,396.3128,0.06119615,0.05874830,396.3128,9511.5072,0.05874830,396.3128,396.3128,396.3128,495.3910,495.3910,9511.5072,0.05874830,2179.7204,1996.681,7728.0996,7911.139,0.04773300,0.04886355,0.00244785,147.7214,132.4761,9.0400,1415.4029,74.4949,23128.9528,156.5714,33.6187,165.1188,102.1952,102.1952,204.3903,204.3903,204.3903,408.7806,102.1952,0.0,2.0,4.0,1.445484,22,85,18,2,0.03010888,0.06119615,-0.06918239,0E-8,0.000000,0.896797,0.998175,0.13442596,2026-06-30,2026-07-24,7,133,64,25,0.280000,0.203603,0.227582,0.100363,,,,,,,,GLOBAL_BASELINE_NO_ENTITY_RANKING,,,NOT_APPLICABLE_GLOBAL_BASELINE,HF9g-P5,,,,X 全窗基线 · 不参与实体赏罚,15057244,1506,A168_HF9F_20260827_0900,2026-08-27 09:00:00
2026-07-01,140064511,2167,0,3065.8545558600,-613.1709111720,-613.1709111720,0.3076923,13,13,0.50149485384615385,0.501494853846,-1.3975362807959593,-1.3975362807948484,-1.3975362807959593,1.5385E-13,ELIGIBLE,R03b_20260811_FULL_v1,L1_ELIGIBILITY,v2026-08-11,2026-03-21..2026-08-06,baccarat_bet02_101_all_pairs_incl_sentinel,round_win = game_pnl > 0 (decisive only),COMPATIBILITY_ONLY_NOT_PRODUCTION,161902.6693,145193.7620,9907.8200,1096,1096,-0.06119615,0.06918239,-0.06524357,-0.06119615,-9907.8200,161902.6693,OK,0.0000,396.3128,4.0000,96.0000,AG03-UNRESOLVED,ALL5_LEVELS_bet23_to_bet27,396.3128,396.3128,396.3128,495.3910,495.3910,4.000000,4.000000,4.000000,5.000000,5.000000,96.000000,96.000000,96.000000,95.000000,95.000000,5.0,2179.7204,1996.681,7728.0996,7911.139,PENDING_AG03,FALSE,NOT_FOR_ENFORCEMENT,9511.5072,139386.0115,9907.8200,9511.5072,396.3128,0.06119615,0.05874830,396.3128,9511.5072,0.05874830,396.3128,396.3128,396.3128,495.3910,495.3910,9511.5072,0.05874830,2179.7204,1996.681,7728.0996,7911.139,0.04773300,0.04886355,0.00244785,147.7214,132.4761,9.0400,1415.4029,74.4949,23128.9528,156.5714,33.6187,165.1188,102.1952,102.1952,204.3903,204.3903,204.3903,408.7806,102.1952,0.0,2.0,4.0,1.445484,22,85,18,2,0.03010888,0.06119615,-0.06918239,0E-8,0.000000,0.896797,0.998175,0.13442596,2026-06-30,2026-07-24,7,133,64,25,0.280000,0.203603,0.227582,0.100363,,,,,,,,GLOBAL_BASELINE_NO_ENTITY_RANKING,,,NOT_APPLICABLE_GLOBAL_BASELINE,HF9g-P5,,,,X 全窗基线 · 不参与实体赏罚,15057245,1506,A168_HF9F_20260827_0900,2026-08-27 09:00:00
2026-07-01,140064511,2196,0,163.5122429792,-163.5122429792,-163.5122429792,0E-7,2,2,0.49324550000000000,0.493245500000,-1.3952362676504506,-1.3952362676504506,-1.3952362676504506,0E-17,ELIGIBLE,R03b_20260811_FULL_v1,L1_ELIGIBILITY,v2026-08-11,2026-03-21..2026-08-06,baccarat_bet02_101_all_pairs_incl_sentinel,round_win = game_pnl > 0 (decisive only),COMPATIBILITY_ONLY_NOT_PRODUCTION,161902.6693,145193.7620,9907.8200,1096,1096,-0.06119615,0.06918239,-0.06524357,-0.06119615,-9907.8200,161902.6693,OK,0.0000,396.3128,4.0000,96.0000,AG03-UNRESOLVED,ALL5_LEVELS_bet23_to_bet27,396.3128,396.3128,396.3128,495.3910,495.3910,4.000000,4.000000,4.000000,5.000000,5.000000,96.000000,96.000000,96.000000,95.000000,95.000000,5.0,2179.7204,1996.681,7728.0996,7911.139,PENDING_AG03,FALSE,NOT_FOR_ENFORCEMENT,9511.5072,139386.0115,9907.8200,9511.5072,396.3128,0.06119615,0.05874830,396.3128,9511.5072,0.05874830,396.3128,396.3128,396.3128,495.3910,495.3910,9511.5072,0.05874830,2179.7204,1996.681,7728.0996,7911.139,0.04773300,0.04886355,0.00244785,147.7214,132.4761,9.0400,1415.4029,74.4949,23128.9528,156.5714,33.6187,165.1188,102.1952,102.1952,204.3903,204.3903,204.3903,408.7806,102.1952,0.0,2.0,4.0,1.445484,22,85,18,2,0.03010888,0.06119615,-0.06918239,0E-8,0.000000,0.896797,0.998175,0.13442596,2026-06-30,2026-07-24,7,133,64,25,0.280000,0.203603,0.227582,0.100363,,,,,,,,GLOBAL_BASELINE_NO_ENTITY_RANKING,,,NOT_APPLICABLE_GLOBAL_BASELINE,HF9g-P5,,,,X 全窗基线 · 不参与实体赏罚,15057246,1506,A168_HF9F_20260827_0900,2026-08-27 09:00:00
2026-07-01,140064511,2209,0,204.3903037240,-204.3903037240,-204.3903037240,0E-7,1,1,0.49324550000000000,0.493245500000,-0.9865810262130424,-0.9865810262130424,-0.9865810262130424,0E-17,ELIGIBLE,R03b_20260811_FULL_v1,L1_ELIGIBILITY,v2026-08-11,2026-03-21..2026-08-06,baccarat_bet02_101_all_pairs_incl_sentinel,round_win = game_pnl > 0 (decisive only),COMPATIBILITY_ONLY_NOT_PRODUCTION,161902.6693,145193.7620,9907.8200,1096,1096,-0.06119615,0.06918239,-0.06524357,-0.06119615,-9907.8200,161902.6693,OK,0.0000,396.3128,4.0000,96.0000,AG03-UNRESOLVED,ALL5_LEVELS_bet23_to_bet27,396.3128,396.3128,396.3128,495.3910,495.3910,4.000000,4.000000,4.000000,5.000000,5.000000,96.000000,96.000000,96.000000,95.000000,95.000000,5.0,2179.7204,1996.681,7728.0996,7911.139,PENDING_AG03,FALSE,NOT_FOR_ENFORCEMENT,9511.5072,139386.0115,9907.8200,9511.5072,396.3128,0.06119615,0.05874830,396.3128,9511.5072,0.05874830,396.3128,396.3128,396.3128,495.3910,495.3910,9511.5072,0.05874830,2179.7204,1996.681,7728.0996,7911.139,0.04773300,0.04886355,0.00244785,147.7214,132.4761,9.0400,1415.4029,74.4949,23128.9528,156.5714,33.6187,165.1188,102.1952,102.1952,204.3903,204.3903,204.3903,408.7806,102.1952,0.0,2.0,4.0,1.445484,22,85,18,2,0.03010888,0.06119615,-0.06918239,0E-8,0.000000,0.896797,0.998175,0.13442596,2026-06-30,2026-07-24,7,133,64,25,0.280000,0.203603,0.227582,0.100363,,,,,,,,GLOBAL_BASELINE_NO_ENTITY_RANKING,,,NOT_APPLICABLE_GLOBAL_BASELINE,HF9g-P5,,,,X 全窗基线 · 不参与实体赏罚,15057247,1506,A168_HF9F_20260827_0900,2026-08-27 09:00:00
2026-07-01,140064511,2218,0,510.9757593100,204.3903037240,204.3903037240,0.6666667,4,4,0.50665070000000000,0.506650700000,0.5543606114942035,0.5543606114942035,0.5543606114942035,0E-17,ELIGIBLE,R03b_20260811_FULL_v1,L1_ELIGIBILITY,v2026-08-11,2026-03-21..2026-08-06,baccarat_bet02_101_all_pairs_incl_sentinel,round_win = game_pnl > 0 (decisive only),COMPATIBILITY_ONLY_NOT_PRODUCTION,161902.6693,145193.7620,9907.8200,1096,1096,-0.06119615,0.06918239,-0.06524357,-0.06119615,-9907.8200,161902.6693,OK,0.0000,396.3128,4.0000,96.0000,AG03-UNRESOLVED,ALL5_LEVELS_bet23_to_bet27,396.3128,396.3128,396.3128,495.3910,495.3910,4.000000,4.000000,4.000000,5.000000,5.000000,96.000000,96.000000,96.000000,95.000000,95.000000,5.0,2179.7204,1996.681,7728.0996,7911.139,PENDING_AG03,FALSE,NOT_FOR_ENFORCEMENT,9511.5072,139386.0115,9907.8200,9511.5072,396.3128,0.06119615,0.05874830,396.3128,9511.5072,0.05874830,396.3128,396.3128,396.3128,495.3910,495.3910,9511.5072,0.05874830,2179.7204,1996.681,7728.0996,7911.139,0.04773300,0.04886355,0.00244785,147.7214,132.4761,9.0400,1415.4029,74.4949,23128.9528,156.5714,33.6187,165.1188,102.1952,102.1952,204.3903,204.3903,204.3903,408.7806,102.1952,0.0,2.0,4.0,1.445484,22,85,18,2,0.03010888,0.06119615,-0.06918239,0E-8,0.000000,0.896797,0.998175,0.13442596,2026-06-30,2026-07-24,7,133,64,25,0.280000,0.203603,0.227582,0.100363,,,,,,,,GLOBAL_BASELINE_NO_ENTITY_RANKING,,,NOT_APPLICABLE_GLOBAL_BASELINE,HF9g-P5,,,,X 全窗基线 · 不参与实体赏罚,15057248,1506,A168_HF9F_20260827_0900,2026-08-27 09:00:00
2026-07-01,140064511,2220,0,102.1951518620,-102.1951518620,-102.1951518620,0E-7,1,1,0.50665070000000000,0.506650700000,-1.013391052207602,-1.013391052207602,-1.013391052207602,0E-17,ELIGIBLE,R03b_20260811_FULL_v1,L1_ELIGIBILITY,v2026-08-11,2026-03-21..2026-08-06,baccarat_bet02_101_all_pairs_incl_sentinel,round_win = game_pnl > 0 (decisive only),COMPATIBILITY_ONLY_NOT_PRODUCTION,161902.6693,145193.7620,9907.8200,1096,1096,-0.06119615,0.06918239,-0.06524357,-0.06119615,-9907.8200,161902.6693,OK,0.0000,396.3128,4.0000,96.0000,AG03-UNRESOLVED,ALL5_LEVELS_bet23_to_bet27,396.3128,396.3128,396.3128,495.3910,495.3910,4.000000,4.000000,4.000000,5.000000,5.000000,96.000000,96.000000,96.000000,95.000000,95.000000,5.0,2179.7204,1996.681,7728.0996,7911.139,PENDING_AG03,FALSE,NOT_FOR_ENFORCEMENT,9511.5072,139386.0115,9907.8200,9511.5072,396.3128,0.06119615,0.05874830,396.3128,9511.5072,0.05874830,396.3128,396.3128,396.3128,495.3910,495.3910,9511.5072,0.05874830,2179.7204,1996.681,7728.0996,7911.139,0.04773300,0.04886355,0.00244785,147.7214,132.4761,9.0400,1415.4029,74.4949,23128.9528,156.5714,33.6187,165.1188,102.1952,102.1952,204.3903,204.3903,204.3903,408.7806,102.1952,0.0,2.0,4.0,1.445484,22,85,18,2,0.03010888,0.06119615,-0.06918239,0E-8,0.000000,0.896797,0.998175,0.13442596,2026-06-30,2026-07-24,7,133,64,25,0.280000,0.203603,0.227582,0.100363,,,,,,,,GLOBAL_BASELINE_NO_ENTITY_RANKING,,,NOT_APPLICABLE_GLOBAL_BASELINE,HF9g-P5,,,,X 全窗基线 · 不参与实体赏罚,15057249,1506,A168_HF9F_20260827_0900,2026-08-27 09:00:00
2026-07-01,140064511,2222,0,408.7806074480,0E-10,0E-10,,2,2,0.50665070000000000,0.506650700000,,,,0E-17,NO_DECISIVE_ROUND,R03b_20260811_FULL_v1,L1_ELIGIBILITY,v2026-08-11,2026-03-21..2026-08-06,baccarat_bet02_101_all_pairs_incl_sentinel,round_win = game_pnl > 0 (decisive only),COMPATIBILITY_ONLY_NOT_PRODUCTION,161902.6693,145193.7620,9907.8200,1096,1096,-0.06119615,0.06918239,-0.06524357,-0.06119615,-9907.8200,161902.6693,OK,0.0000,396.3128,4.0000,96.0000,AG03-UNRESOLVED,ALL5_LEVELS_bet23_to_bet27,396.3128,396.3128,396.3128,495.3910,495.3910,4.000000,4.000000,4.000000,5.000000,5.000000,96.000000,96.000000,96.000000,95.000000,95.000000,5.0,2179.7204,1996.681,7728.0996,7911.139,PENDING_AG03,FALSE,NOT_FOR_ENFORCEMENT,9511.5072,139386.0115,9907.8200,9511.5072,396.3128,0.06119615,0.05874830,396.3128,9511.5072,0.05874830,396.3128,396.3128,396.3128,495.3910,495.3910,9511.5072,0.05874830,2179.7204,1996.681,7728.0996,7911.139,0.04773300,0.04886355,0.00244785,147.7214,132.4761,9.0400,1415.4029,74.4949,23128.9528,156.5714,33.6187,165.1188,102.1952,102.1952,204.3903,204.3903,204.3903,408.7806,102.1952,0.0,2.0,4.0,1.445484,22,85,18,2,0.03010888,0.06119615,-0.06918239,0E-8,0.000000,0.896797,0.998175,0.13442596,2026-06-30,2026-07-24,7,133,64,25,0.280000,0.203603,0.227582,0.100363,,,,,,,,GLOBAL_BASELINE_NO_ENTITY_RANKING,,,NOT_APPLICABLE_GLOBAL_BASELINE,HF9g-P5,,,,X 全窗基线 · 不参与实体赏罚,15057250,1506,A168_HF9F_20260827_0900,2026-08-27 09:00:00
2026-07-01,140064511,2229,0,306.5854555860,306.5854555860,306.5854555860,1.0000000,3,3,0.49324550000000000,0.493245500000,1.755609282511032,1.7556092825110319,1.755609282511032,0E-17,ELIGIBLE,R03b_20260811_FULL_v1,L1_ELIGIBILITY,v2026-08-11,2026-03-21..2026-08-06,baccarat_bet02_101_all_pairs_incl_sentinel,round_win = game_pnl > 0 (decisive only),COMPATIBILITY_ONLY_NOT_PRODUCTION,161902.6693,145193.7620,9907.8200,1096,1096,-0.06119615,0.06918239,-0.06524357,-0.06119615,-9907.8200,161902.6693,OK,0.0000,396.3128,4.0000,96.0000,AG03-UNRESOLVED,ALL5_LEVELS_bet23_to_bet27,396.3128,396.3128,396.3128,495.3910,495.3910,4.000000,4.000000,4.000000,5.000000,5.000000,96.000000,96.000000,96.000000,95.000000,95.000000,5.0,2179.7204,1996.681,7728.0996,7911.139,PENDING_AG03,FALSE,NOT_FOR_ENFORCEMENT,9511.5072,139386.0115,9907.8200,9511.5072,396.3128,0.06119615,0.05874830,396.3128,9511.5072,0.05874830,396.3128,396.3128,396.3128,495.3910,495.3910,9511.5072,0.05874830,2179.7204,1996.681,7728.0996,7911.139,0.04773300,0.04886355,0.00244785,147.7214,132.4761,9.0400,1415.4029,74.4949,23128.9528,156.5714,33.6187,165.1188,102.1952,102.1952,204.3903,204.3903,204.3903,408.7806,102.1952,0.0,2.0,4.0,1.445484,22,85,18,2,0.03010888,0.06119615,-0.06918239,0E-8,0.000000,0.896797,0.998175,0.13442596,2026-06-30,2026-07-24,7,133,64,25,0.280000,0.203603,0.227582,0.100363,,,,,,,,GLOBAL_BASELINE_NO_ENTITY_RANKING,,,NOT_APPLICABLE_GLOBAL_BASELINE,HF9g-P5,,,,X 全窗基线 · 不参与实体赏罚,15057251,1506,A168_HF9F_20260827_0900,2026-08-27 09:00:00
2026-07-01,140064511,2234,0,1021.9515186200,-204.3903037240,-204.3903037240,0.4000000,5,5,0.50396966000000000,0.503969660000,-0.4649811094771361,-0.4649811094771361,-0.4649811094771361,0E-17,ELIGIBLE,R03b_20260811_FULL_v1,L1_ELIGIBILITY,v2026-08-11,2026-03-21..2026-08-06,baccarat_bet02_101_all_pairs_incl_sentinel,round_win = game_pnl > 0 (decisive only),COMPATIBILITY_ONLY_NOT_PRODUCTION,161902.6693,145193.7620,9907.8200,1096,1096,-0.06119615,0.06918239,-0.06524357,-0.06119615,-9907.8200,161902.6693,OK,0.0000,396.3128,4.0000,96.0000,AG03-UNRESOLVED,ALL5_LEVELS_bet23_to_bet27,396.3128,396.3128,396.3128,495.3910,495.3910,4.000000,4.000000,4.000000,5.000000,5.000000,96.000000,96.000000,96.000000,95.000000,95.000000,5.0,2179.7204,1996.681,7728.0996,7911.139,PENDING_AG03,FALSE,NOT_FOR_ENFORCEMENT,9511.5072,139386.0115,9907.8200,9511.5072,396.3128,0.06119615,0.05874830,396.3128,9511.5072,0.05874830,396.3128,396.3128,396.3128,495.3910,495.3910,9511.5072,0.05874830,2179.7204,1996.681,7728.0996,7911.139,0.04773300,0.04886355,0.00244785,147.7214,132.4761,9.0400,1415.4029,74.4949,23128.9528,156.5714,33.6187,165.1188,102.1952,102.1952,204.3903,204.3903,204.3903,408.7806,102.1952,0.0,2.0,4.0,1.445484,22,85,18,2,0.03010888,0.06119615,-0.06918239,0E-8,0.000000,0.896797,0.998175,0.13442596,2026-06-30,2026-07-24,7,133,64,25,0.280000,0.203603,0.227582,0.100363,,,,,,,,GLOBAL_BASELINE_NO_ENTITY_RANKING,,,NOT_APPLICABLE_GLOBAL_BASELINE,HF9g-P5,,,,X 全窗基线 · 不参与实体赏罚,15057252,1506,A168_HF9F_20260827_0900,2026-08-27 09:00:00
2026-07-01,140064511,2241,0,1226.3418223440,0E-10,0E-10,0.5714286,7,7,0.50665070000000000,0.506650700000,0.34280260342128577,0.34280260342128577,0.34280260342128577,0E-17,ELIGIBLE,R03b_20260811_FULL_v1,L1_ELIGIBILITY,v2026-08-11,2026-03-21..2026-08-06,baccarat_bet02_101_all_pairs_incl_sentinel,round_win = game_pnl > 0 (decisive only),COMPATIBILITY_ONLY_NOT_PRODUCTION,161902.6693,145193.7620,9907.8200,1096,1096,-0.06119615,0.06918239,-0.06524357,-0.06119615,-9907.8200,161902.6693,OK,0.0000,396.3128,4.0000,96.0000,AG03-UNRESOLVED,ALL5_LEVELS_bet23_to_bet27,396.3128,396.3128,396.3128,495.3910,495.3910,4.000000,4.000000,4.000000,5.000000,5.000000,96.000000,96.000000,96.000000,95.000000,95.000000,5.0,2179.7204,1996.681,7728.0996,7911.139,PENDING_AG03,FALSE,NOT_FOR_ENFORCEMENT,9511.5072,139386.0115,9907.8200,9511.5072,396.3128,0.06119615,0.05874830,396.3128,9511.5072,0.05874830,396.3128,396.3128,396.3128,495.3910,495.3910,9511.5072,0.05874830,2179.7204,1996.681,7728.0996,7911.139,0.04773300,0.04886355,0.00244785,147.7214,132.4761,9.0400,1415.4029,74.4949,23128.9528,156.5714,33.6187,165.1188,102.1952,102.1952,204.3903,204.3903,204.3903,408.7806,102.1952,0.0,2.0,4.0,1.445484,22,85,18,2,0.03010888,0.06119615,-0.06918239,0E-8,0.000000,0.896797,0.998175,0.13442596,2026-06-30,2026-07-24,7,133,64,25,0.280000,0.203603,0.227582,0.100363,,,,,,,,GLOBAL_BASELINE_NO_ENTITY_RANKING,,,NOT_APPLICABLE_GLOBAL_BASELINE,HF9g-P5,,,,X 全窗基线 · 不参与实体赏罚,15057253,1506,A168_HF9F_20260827_0900,2026-08-27 09:00:00
2026-07-01,140064511,2261,0,3781.2206188940,510.9757593100,510.9757593100,0.5625000,20,20,0.50329940000000000,0.503299400000,0.4736151116986969,0.4736151116986969,0.4736151116986969,0E-17,ELIGIBLE,R03b_20260811_FULL_v1,L1_ELIGIBILITY,v2026-08-11,2026-03-21..2026-08-06,baccarat_bet02_101_all_pairs_incl_sentinel,round_win = game_pnl > 0 (decisive only),COMPATIBILITY_ONLY_NOT_PRODUCTION,161902.6693,145193.7620,9907.8200,1096,1096,-0.06119615,0.06918239,-0.06524357,-0.06119615,-9907.8200,161902.6693,OK,0.0000,396.3128,4.0000,96.0000,AG03-UNRESOLVED,ALL5_LEVELS_bet23_to_bet27,396.3128,396.3128,396.3128,495.3910,495.3910,4.000000,4.000000,4.000000,5.000000,5.000000,96.000000,96.000000,96.000000,95.000000,95.000000,5.0,2179.7204,1996.681,7728.0996,7911.139,PENDING_AG03,FALSE,NOT_FOR_ENFORCEMENT,9511.5072,139386.0115,9907.8200,9511.5072,396.3128,0.06119615,0.05874830,396.3128,9511.5072,0.05874830,396.3128,396.3128,396.3128,495.3910,495.3910,9511.5072,0.05874830,2179.7204,1996.681,7728.0996,7911.139,0.04773300,0.04886355,0.00244785,147.7214,132.4761,9.0400,1415.4029,74.4949,23128.9528,156.5714,33.6187,165.1188,102.1952,102.1952,204.3903,204.3903,204.3903,408.7806,102.1952,0.0,2.0,4.0,1.445484,22,85,18,2,0.03010888,0.06119615,-0.06918239,0E-8,0.000000,0.896797,0.998175,0.13442596,2026-06-30,2026-07-24,7,133,64,25,0.280000,0.203603,0.227582,0.100363,,,,,,,,GLOBAL_BASELINE_NO_ENTITY_RANKING,,,NOT_APPLICABLE_GLOBAL_BASELINE,HF9g-P5,,,,X 全窗基线 · 不参与实体赏罚,15057254,1506,A168_HF9F_20260827_0900,2026-08-27 09:00:00
2026-07-01,140064511,2278,0,1941.7078853780,-102.1951518620,-102.1951518620,0.5000000,16,16,0.49743462500000000,0.497434625000,0.01919776132550469,0.01919776132550469,0.01919776132550469,0E-17,ELIGIBLE,R03b_20260811_FULL_v1,L1_ELIGIBILITY,v2026-08-11,2026-03-21..2026-08-06,baccarat_bet02_101_all_pairs_incl_sentinel,round_win = game_pnl > 0 (decisive only),COMPATIBILITY_ONLY_NOT_PRODUCTION,161902.6693,145193.7620,9907.8200,1096,1096,-0.06119615,0.06918239,-0.06524357,-0.06119615,-9907.8200,161902.6693,OK,0.0000,396.3128,4.0000,96.0000,AG03-UNRESOLVED,ALL5_LEVELS_bet23_to_bet27,396.3128,396.3128,396.3128,495.3910,495.3910,4.000000,4.000000,4.000000,5.000000,5.000000,96.000000,96.000000,96.000000,95.000000,95.000000,5.0,2179.7204,1996.681,7728.0996,7911.139,PENDING_AG03,FALSE,NOT_FOR_ENFORCEMENT,9511.5072,139386.0115,9907.8200,9511.5072,396.3128,0.06119615,0.05874830,396.3128,9511.5072,0.05874830,396.3128,396.3128,396.3128,495.3910,495.3910,9511.5072,0.05874830,2179.7204,1996.681,7728.0996,7911.139,0.04773300,0.04886355,0.00244785,147.7214,132.4761,9.0400,1415.4029,74.4949,23128.9528,156.5714,33.6187,165.1188,102.1952,102.1952,204.3903,204.3903,204.3903,408.7806,102.1952,0.0,2.0,4.0,1.445484,22,85,18,2,0.03010888,0.06119615,-0.06918239,0E-8,0.000000,0.896797,0.998175,0.13442596,2026-06-30,2026-07-24,7,133,64,25,0.280000,0.203603,0.227582,0.100363,,,,,,,,GLOBAL_BASELINE_NO_ENTITY_RANKING,,,NOT_APPLICABLE_GLOBAL_BASELINE,HF9g-P5,,,,X 全窗基线 · 不参与实体赏罚,15057255,1506,A168_HF9F_20260827_0900,2026-08-27 09:00:00
2026-07-01,140064511,529,0,510.9757593100,-306.5854555860,-306.5854555860,0.2000000,5,5,0.49592654000000000,0.495926540000,-1.323467641100715,-1.323467641100715,-1.323467641100715,0E-17,ELIGIBLE,R03b_20260811_FULL_v1,L1_ELIGIBILITY,v2026-08-11,2026-03-21..2026-08-06,baccarat_bet02_101_all_pairs_incl_sentinel,round_win = game_pnl > 0 (decisive only),COMPATIBILITY_ONLY_NOT_PRODUCTION,161902.6693,145193.7620,9907.8200,1096,1096,-0.06119615,0.06918239,-0.06524357,-0.06119615,-9907.8200,161902.6693,OK,0.0000,396.3128,4.0000,96.0000,AG03-UNRESOLVED,ALL5_LEVELS_bet23_to_bet27,396.3128,396.3128,396.3128,495.3910,495.3910,4.000000,4.000000,4.000000,5.000000,5.000000,96.000000,96.000000,96.000000,95.000000,95.000000,5.0,2179.7204,1996.681,7728.0996,7911.139,PENDING_AG03,FALSE,NOT_FOR_ENFORCEMENT,9511.5072,139386.0115,9907.8200,9511.5072,396.3128,0.06119615,0.05874830,396.3128,9511.5072,0.05874830,396.3128,396.3128,396.3128,495.3910,495.3910,9511.5072,0.05874830,2179.7204,1996.681,7728.0996,7911.139,0.04773300,0.04886355,0.00244785,147.7214,132.4761,9.0400,1415.4029,74.4949,23128.9528,156.5714,33.6187,165.1188,102.1952,102.1952,204.3903,204.3903,204.3903,408.7806,102.1952,0.0,2.0,4.0,1.445484,22,85,18,2,0.03010888,0.06119615,-0.06918239,0E-8,0.000000,0.896797,0.998175,0.13442596,2026-06-30,2026-07-24,7,133,64,25,0.280000,0.203603,0.227582,0.100363,,,,,,,,GLOBAL_BASELINE_NO_ENTITY_RANKING,,,NOT_APPLICABLE_GLOBAL_BASELINE,HF9g-P5,,,,X 全窗基线 · 不参与实体赏罚,15057256,1506,A168_HF9F_20260827_0900,2026-08-27 09:00:00
2026-07-01,140064511,550,0,510.9757593100,-204.3903037240,-204.3903037240,0.5000000,2,2,0.50665070000000000,0.506650700000,-0.018812684590367487,-0.018812684590367487,-0.018812684590367487,0E-17,ELIGIBLE,R03b_20260811_FULL_v1,L1_ELIGIBILITY,v2026-08-11,2026-03-21..2026-08-06,baccarat_bet02_101_all_pairs_incl_sentinel,round_win = game_pnl > 0 (decisive only),COMPATIBILITY_ONLY_NOT_PRODUCTION,161902.6693,145193.7620,9907.8200,1096,1096,-0.06119615,0.06918239,-0.06524357,-0.06119615,-9907.8200,161902.6693,OK,0.0000,396.3128,4.0000,96.0000,AG03-UNRESOLVED,ALL5_LEVELS_bet23_to_bet27,396.3128,396.3128,396.3128,495.3910,495.3910,4.000000,4.000000,4.000000,5.000000,5.000000,96.000000,96.000000,96.000000,95.000000,95.000000,5.0,2179.7204,1996.681,7728.0996,7911.139,PENDING_AG03,FALSE,NOT_FOR_ENFORCEMENT,9511.5072,139386.0115,9907.8200,9511.5072,396.3128,0.06119615,0.05874830,396.3128,9511.5072,0.05874830,396.3128,396.3128,396.3128,495.3910,495.3910,9511.5072,0.05874830,2179.7204,1996.681,7728.0996,7911.139,0.04773300,0.04886355,0.00244785,147.7214,132.4761,9.0400,1415.4029,74.4949,23128.9528,156.5714,33.6187,165.1188,102.1952,102.1952,204.3903,204.3903,204.3903,408.7806,102.1952,0.0,2.0,4.0,1.445484,22,85,18,2,0.03010888,0.06119615,-0.06918239,0E-8,0.000000,0.896797,0.998175,0.13442596,2026-06-30,2026-07-24,7,133,64,25,0.280000,0.203603,0.227582,0.100363,,,,,,,,GLOBAL_BASELINE_NO_ENTITY_RANKING,,,NOT_APPLICABLE_GLOBAL_BASELINE,HF9g-P5,,,,X 全窗基线 · 不参与实体赏罚,15057257,1506,A168_HF9F_20260827_0900,2026-08-27 09:00:00
2026-07-01,140064511,595,0,1124.1466704820,-153.2927277930,-153.2927277930,0.4285714,8,8,0.49827245000000000,0.498272450000,-0.36882533912701604,-0.36882533912701604,-0.36882533912701604,0E-17,ELIGIBLE,R03b_20260811_FULL_v1,L1_ELIGIBILITY,v2026-08-11,2026-03-21..2026-08-06,baccarat_bet02_101_all_pairs_incl_sentinel,round_win = game_pnl > 0 (decisive only),COMPATIBILITY_ONLY_NOT_PRODUCTION,161902.6693,145193.7620,9907.8200,1096,1096,-0.06119615,0.06918239,-0.06524357,-0.06119615,-9907.8200,161902.6693,OK,0.0000,396.3128,4.0000,96.0000,AG03-UNRESOLVED,ALL5_LEVELS_bet23_to_bet27,396.3128,396.3128,396.3128,495.3910,495.3910,4.000000,4.000000,4.000000,5.000000,5.000000,96.000000,96.000000,96.000000,95.000000,95.000000,5.0,2179.7204,1996.681,7728.0996,7911.139,PENDING_AG03,FALSE,NOT_FOR_ENFORCEMENT,9511.5072,139386.0115,9907.8200,9511.5072,396.3128,0.06119615,0.05874830,396.3128,9511.5072,0.05874830,396.3128,396.3128,396.3128,495.3910,495.3910,9511.5072,0.05874830,2179.7204,1996.681,7728.0996,7911.139,0.04773300,0.04886355,0.00244785,147.7214,132.4761,9.0400,1415.4029,74.4949,23128.9528,156.5714,33.6187,165.1188,102.1952,102.1952,204.3903,204.3903,204.3903,408.7806,102.1952,0.0,2.0,4.0,1.445484,22,85,18,2,0.03010888,0.06119615,-0.06918239,0E-8,0.000000,0.896797,0.998175,0.13442596,2026-06-30,2026-07-24,7,133,64,25,0.280000,0.203603,0.227582,0.100363,,,,,,,,GLOBAL_BASELINE_NO_ENTITY_RANKING,,,NOT_APPLICABLE_GLOBAL_BASELINE,HF9g-P5,,,,X 全窗基线 · 不参与实体赏罚,15057258,1506,A168_HF9F_20260827_0900,2026-08-27 09:00:00
2026-07-01,140064511,772,0,1021.9515186200,0E-10,0E-10,0.5000000,10,10,0.50396966000000000,0.503969660000,-0.02510712557163591,-0.02510712557163591,-0.02510712557163591,0E-17,ELIGIBLE,R03b_20260811_FULL_v1,L1_ELIGIBILITY,v2026-08-11,2026-03-21..2026-08-06,baccarat_bet02_101_all_pairs_incl_sentinel,round_win = game_pnl > 0 (decisive only),COMPATIBILITY_ONLY_NOT_PRODUCTION,161902.6693,145193.7620,9907.8200,1096,1096,-0.06119615,0.06918239,-0.06524357,-0.06119615,-9907.8200,161902.6693,OK,0.0000,396.3128,4.0000,96.0000,AG03-UNRESOLVED,ALL5_LEVELS_bet23_to_bet27,396.3128,396.3128,396.3128,495.3910,495.3910,4.000000,4.000000,4.000000,5.000000,5.000000,96.000000,96.000000,96.000000,95.000000,95.000000,5.0,2179.7204,1996.681,7728.0996,7911.139,PENDING_AG03,FALSE,NOT_FOR_ENFORCEMENT,9511.5072,139386.0115,9907.8200,9511.5072,396.3128,0.06119615,0.05874830,396.3128,9511.5072,0.05874830,396.3128,396.3128,396.3128,495.3910,495.3910,9511.5072,0.05874830,2179.7204,1996.681,7728.0996,7911.139,0.04773300,0.04886355,0.00244785,147.7214,132.4761,9.0400,1415.4029,74.4949,23128.9528,156.5714,33.6187,165.1188,102.1952,102.1952,204.3903,204.3903,204.3903,408.7806,102.1952,0.0,2.0,4.0,1.445484,22,85,18,2,0.03010888,0.06119615,-0.06918239,0E-8,0.000000,0.896797,0.998175,0.13442596,2026-06-30,2026-07-24,7,133,64,25,0.280000,0.203603,0.227582,0.100363,,,,,,,,GLOBAL_BASELINE_NO_ENTITY_RANKING,,,NOT_APPLICABLE_GLOBAL_BASELINE,HF9g-P5,,,,X 全窗基线 · 不参与实体赏罚,15057259,1506,A168_HF9F_20260827_0900,2026-08-27 09:00:00
2026-07-01,140064511,789,0,296.3659403998,219.7195765033,219.7195765033,1.0000000,4,4,0.50665070000000000,0.506650700000,1.9735717970305138,1.9735717970305138,1.9735717970305138,0E-17,ELIGIBLE,R03b_20260811_FULL_v1,L1_ELIGIBILITY,v2026-08-11,2026-03-21..2026-08-06,baccarat_bet02_101_all_pairs_incl_sentinel,round_win = game_pnl > 0 (decisive only),COMPATIBILITY_ONLY_NOT_PRODUCTION,161902.6693,145193.7620,9907.8200,1096,1096,-0.06119615,0.06918239,-0.06524357,-0.06119615,-9907.8200,161902.6693,OK,0.0000,396.3128,4.0000,96.0000,AG03-UNRESOLVED,ALL5_LEVELS_bet23_to_bet27,396.3128,396.3128,396.3128,495.3910,495.3910,4.000000,4.000000,4.000000,5.000000,5.000000,96.000000,96.000000,96.000000,95.000000,95.000000,5.0,2179.7204,1996.681,7728.0996,7911.139,PENDING_AG03,FALSE,NOT_FOR_ENFORCEMENT,9511.5072,139386.0115,9907.8200,9511.5072,396.3128,0.06119615,0.05874830,396.3128,9511.5072,0.05874830,396.3128,396.3128,396.3128,495.3910,495.3910,9511.5072,0.05874830,2179.7204,1996.681,7728.0996,7911.139,0.04773300,0.04886355,0.00244785,147.7214,132.4761,9.0400,1415.4029,74.4949,23128.9528,156.5714,33.6187,165.1188,102.1952,102.1952,204.3903,204.3903,204.3903,408.7806,102.1952,0.0,2.0,4.0,1.445484,22,85,18,2,0.03010888,0.06119615,-0.06918239,0E-8,0.000000,0.896797,0.998175,0.13442596,2026-06-30,2026-07-24,7,133,64,25,0.280000,0.203603,0.227582,0.100363,,,,,,,,GLOBAL_BASELINE_NO_ENTITY_RANKING,,,NOT_APPLICABLE_GLOBAL_BASELINE,HF9g-P5,,,,X 全窗基线 · 不参与实体赏罚,15057260,1506,A168_HF9F_20260827_0900,2026-08-27 09:00:00
2026-07-01,140064511,925,0,2146.0981891020,1021.9515186200,1021.9515186200,0.7647059,19,19,0.49747872105263158,0.497478721053,2.203639640730804,2.2036396407277574,2.203639640730804,-3.6842E-13,ELIGIBLE,R03b_20260811_FULL_v1,L1_ELIGIBILITY,v2026-08-11,2026-03-21..2026-08-06,baccarat_bet02_101_all_pairs_incl_sentinel,round_win = game_pnl > 0 (decisive only),COMPATIBILITY_ONLY_NOT_PRODUCTION,161902.6693,145193.7620,9907.8200,1096,1096,-0.06119615,0.06918239,-0.06524357,-0.06119615,-9907.8200,161902.6693,OK,0.0000,396.3128,4.0000,96.0000,AG03-UNRESOLVED,ALL5_LEVELS_bet23_to_bet27,396.3128,396.3128,396.3128,495.3910,495.3910,4.000000,4.000000,4.000000,5.000000,5.000000,96.000000,96.000000,96.000000,95.000000,95.000000,5.0,2179.7204,1996.681,7728.0996,7911.139,PENDING_AG03,FALSE,NOT_FOR_ENFORCEMENT,9511.5072,139386.0115,9907.8200,9511.5072,396.3128,0.06119615,0.05874830,396.3128,9511.5072,0.05874830,396.3128,396.3128,396.3128,495.3910,495.3910,9511.5072,0.05874830,2179.7204,1996.681,7728.0996,7911.139,0.04773300,0.04886355,0.00244785,147.7214,132.4761,9.0400,1415.4029,74.4949,23128.9528,156.5714,33.6187,165.1188,102.1952,102.1952,204.3903,204.3903,204.3903,408.7806,102.1952,0.0,2.0,4.0,1.445484,22,85,18,2,0.03010888,0.06119615,-0.06918239,0E-8,0.000000,0.896797,0.998175,0.13442596,2026-06-30,2026-07-24,7,133,64,25,0.280000,0.203603,0.227582,0.100363,,,,,,,,GLOBAL_BASELINE_NO_ENTITY_RANKING,,,NOT_APPLICABLE_GLOBAL_BASELINE,HF9g-P5,,,,X 全窗基线 · 不参与实体赏罚,15057261,1506,A168_HF9F_20260827_0900,2026-08-27 09:00:00
2026-07-01,140064511,948,0,1532.9272779300,0E-10,0E-10,0.5000000,15,15,0.49771390000000000,0.497713900000,0.01710778472397204,0.01710778472397204,0.01710778472397204,0E-17,ELIGIBLE,R03b_20260811_FULL_v1,L1_ELIGIBILITY,v2026-08-11,2026-03-21..2026-08-06,baccarat_bet02_101_all_pairs_incl_sentinel,round_win = game_pnl > 0 (decisive only),COMPATIBILITY_ONLY_NOT_PRODUCTION,161902.6693,145193.7620,9907.8200,1096,1096,-0.06119615,0.06918239,-0.06524357,-0.06119615,-9907.8200,161902.6693,OK,0.0000,396.3128,4.0000,96.0000,AG03-UNRESOLVED,ALL5_LEVELS_bet23_to_bet27,396.3128,396.3128,396.3128,495.3910,495.3910,4.000000,4.000000,4.000000,5.000000,5.000000,96.000000,96.000000,96.000000,95.000000,95.000000,5.0,2179.7204,1996.681,7728.0996,7911.139,PENDING_AG03,FALSE,NOT_FOR_ENFORCEMENT,9511.5072,139386.0115,9907.8200,9511.5072,396.3128,0.06119615,0.05874830,396.3128,9511.5072,0.05874830,396.3128,396.3128,396.3128,495.3910,495.3910,9511.5072,0.05874830,2179.7204,1996.681,7728.0996,7911.139,0.04773300,0.04886355,0.00244785,147.7214,132.4761,9.0400,1415.4029,74.4949,23128.9528,156.5714,33.6187,165.1188,102.1952,102.1952,204.3903,204.3903,204.3903,408.7806,102.1952,0.0,2.0,4.0,1.445484,22,85,18,2,0.03010888,0.06119615,-0.06918239,0E-8,0.000000,0.896797,0.998175,0.13442596,2026-06-30,2026-07-24,7,133,64,25,0.280000,0.203603,0.227582,0.100363,,,,,,,,GLOBAL_BASELINE_NO_ENTITY_RANKING,,,NOT_APPLICABLE_GLOBAL_BASELINE,HF9g-P5,,,,X 全窗基线 · 不参与实体赏罚,15057262,1506,A168_HF9F_20260827_0900,2026-08-27 09:00:00
2026-07-02,140064511,1078,0,204.3903037240,0E-10,0E-10,0.5000000,2,2,0.50665070000000000,0.506650700000,-0.018812684590367487,-0.018812684590367487,-0.018812684590367487,0E-17,ELIGIBLE,R03b_20260811_FULL_v1,L1_ELIGIBILITY,v2026-08-11,2026-03-21..2026-08-06,baccarat_bet02_101_all_pairs_incl_sentinel,round_win = game_pnl > 0 (decisive only),COMPATIBILITY_ONLY_NOT_PRODUCTION,161902.6693,145193.7620,9907.8200,1096,1096,-0.06119615,0.06918239,-0.06524357,-0.06119615,-9907.8200,161902.6693,OK,0.0000,396.3128,4.0000,96.0000,AG03-UNRESOLVED,ALL5_LEVELS_bet23_to_bet27,396.3128,396.3128,396.3128,495.3910,495.3910,4.000000,4.000000,4.000000,5.000000,5.000000,96.000000,96.000000,96.000000,95.000000,95.000000,5.0,2179.7204,1996.681,7728.0996,7911.139,PENDING_AG03,FALSE,NOT_FOR_ENFORCEMENT,9511.5072,139386.0115,9907.8200,9511.5072,396.3128,0.06119615,0.05874830,396.3128,9511.5072,0.05874830,396.3128,396.3128,396.3128,495.3910,495.3910,9511.5072,0.05874830,2179.7204,1996.681,7728.0996,7911.139,0.04773300,0.04886355,0.00244785,147.7214,132.4761,9.0400,1415.4029,74.4949,23128.9528,156.5714,33.6187,165.1188,102.1952,102.1952,204.3903,204.3903,204.3903,408.7806,102.1952,0.0,2.0,4.0,1.445484,22,85,18,2,0.03010888,0.06119615,-0.06918239,0E-8,0.000000,0.896797,0.998175,0.13442596,2026-06-30,2026-07-24,7,133,64,25,0.280000,0.203603,0.227582,0.100363,,,,,,,,GLOBAL_BASELINE_NO_ENTITY_RANKING,,,NOT_APPLICABLE_GLOBAL_BASELINE,HF9g-P5,,,,X 全窗基线 · 不参与实体赏罚,15057263,1506,A168_HF9F_20260827_0900,2026-08-27 09:00:00
2026-07-02,140064511,1109,0,2503.7812206190,-1021.9515186200,-1021.9515186200,0.3529412,18,18,0.49771390000000000,0.497713900000,-1.1938389403146208,-1.193838940314621,-1.1938389403146208,0E-17,ELIGIBLE,R03b_20260811_FULL_v1,L1_ELIGIBILITY,v2026-08-11,2026-03-21..2026-08-06,baccarat_bet02_101_all_pairs_incl_sentinel,round_win = game_pnl > 0 (decisive only),COMPATIBILITY_ONLY_NOT_PRODUCTION,161902.6693,145193.7620,9907.8200,1096,1096,-0.06119615,0.06918239,-0.06524357,-0.06119615,-9907.8200,161902.6693,OK,0.0000,396.3128,4.0000,96.0000,AG03-UNRESOLVED,ALL5_LEVELS_bet23_to_bet27,396.3128,396.3128,396.3128,495.3910,495.3910,4.000000,4.000000,4.000000,5.000000,5.000000,96.000000,96.000000,96.000000,95.000000,95.000000,5.0,2179.7204,1996.681,7728.0996,7911.139,PENDING_AG03,FALSE,NOT_FOR_ENFORCEMENT,9511.5072,139386.0115,9907.8200,9511.5072,396.3128,0.06119615,0.05874830,396.3128,9511.5072,0.05874830,396.3128,396.3128,396.3128,495.3910,495.3910,9511.5072,0.05874830,2179.7204,1996.681,7728.0996,7911.139,0.04773300,0.04886355,0.00244785,147.7214,132.4761,9.0400,1415.4029,74.4949,23128.9528,156.5714,33.6187,165.1188,102.1952,102.1952,204.3903,204.3903,204.3903,408.7806,102.1952,0.0,2.0,4.0,1.445484,22,85,18,2,0.03010888,0.06119615,-0.06918239,0E-8,0.000000,0.896797,0.998175,0.13442596,2026-06-30,2026-07-24,7,133,64,25,0.280000,0.203603,0.227582,0.100363,,,,,,,,GLOBAL_BASELINE_NO_ENTITY_RANKING,,,NOT_APPLICABLE_GLOBAL_BASELINE,HF9g-P5,,,,X 全窗基线 · 不参与实体赏罚,15057264,1506,A168_HF9F_20260827_0900,2026-08-27 09:00:00
2026-07-02,140064511,1115,0,1226.3418223440,-408.7806074480,-408.7806074480,0.3333333,3,3,0.50218230000000000,0.502182300000,-0.5849155494134425,-0.5849155494134426,-0.5849155494134425,0E-17,ELIGIBLE,R03b_20260811_FULL_v1,L1_ELIGIBILITY,v2026-08-11,2026-03-21..2026-08-06,baccarat_bet02_101_all_pairs_incl_sentinel,round_win = game_pnl > 0 (decisive only),COMPATIBILITY_ONLY_NOT_PRODUCTION,161902.6693,145193.7620,9907.8200,1096,1096,-0.06119615,0.06918239,-0.06524357,-0.06119615,-9907.8200,161902.6693,OK,0.0000,396.3128,4.0000,96.0000,AG03-UNRESOLVED,ALL5_LEVELS_bet23_to_bet27,396.3128,396.3128,396.3128,495.3910,495.3910,4.000000,4.000000,4.000000,5.000000,5.000000,96.000000,96.000000,96.000000,95.000000,95.000000,5.0,2179.7204,1996.681,7728.0996,7911.139,PENDING_AG03,FALSE,NOT_FOR_ENFORCEMENT,9511.5072,139386.0115,9907.8200,9511.5072,396.3128,0.06119615,0.05874830,396.3128,9511.5072,0.05874830,396.3128,396.3128,396.3128,495.3910,495.3910,9511.5072,0.05874830,2179.7204,1996.681,7728.0996,7911.139,0.04773300,0.04886355,0.00244785,147.7214,132.4761,9.0400,1415.4029,74.4949,23128.9528,156.5714,33.6187,165.1188,102.1952,102.1952,204.3903,204.3903,204.3903,408.7806,102.1952,0.0,2.0,4.0,1.445484,22,85,18,2,0.03010888,0.06119615,-0.06918239,0E-8,0.000000,0.896797,0.998175,0.13442596,2026-06-30,2026-07-24,7,133,64,25,0.280000,0.203603,0.227582,0.100363,,,,,,,,GLOBAL_BASELINE_NO_ENTITY_RANKING,,,NOT_APPLICABLE_GLOBAL_BASELINE,HF9g-P5,,,,X 全窗基线 · 不参与实体赏罚,15057265,1506,A168_HF9F_20260827_0900,2026-08-27 09:00:00
2026-07-02,140064511,1221,0,306.5854555860,306.5854555860,306.5854555860,1.0000000,2,2,0.50665070000000000,0.506650700000,1.3955260008387969,1.3955260008387969,1.3955260008387969,0E-17,ELIGIBLE,R03b_20260811_FULL_v1,L1_ELIGIBILITY,v2026-08-11,2026-03-21..2026-08-06,baccarat_bet02_101_all_pairs_incl_sentinel,round_win = game_pnl > 0 (decisive only),COMPATIBILITY_ONLY_NOT_PRODUCTION,161902.6693,145193.7620,9907.8200,1096,1096,-0.06119615,0.06918239,-0.06524357,-0.06119615,-9907.8200,161902.6693,OK,0.0000,396.3128,4.0000,96.0000,AG03-UNRESOLVED,ALL5_LEVELS_bet23_to_bet27,396.3128,396.3128,396.3128,495.3910,495.3910,4.000000,4.000000,4.000000,5.000000,5.000000,96.000000,96.000000,96.000000,95.000000,95.000000,5.0,2179.7204,1996.681,7728.0996,7911.139,PENDING_AG03,FALSE,NOT_FOR_ENFORCEMENT,9511.5072,139386.0115,9907.8200,9511.5072,396.3128,0.06119615,0.05874830,396.3128,9511.5072,0.05874830,396.3128,396.3128,396.3128,495.3910,495.3910,9511.5072,0.05874830,2179.7204,1996.681,7728.0996,7911.139,0.04773300,0.04886355,0.00244785,147.7214,132.4761,9.0400,1415.4029,74.4949,23128.9528,156.5714,33.6187,165.1188,102.1952,102.1952,204.3903,204.3903,204.3903,408.7806,102.1952,0.0,2.0,4.0,1.445484,22,85,18,2,0.03010888,0.06119615,-0.06918239,0E-8,0.000000,0.896797,0.998175,0.13442596,2026-06-30,2026-07-24,7,133,64,25,0.280000,0.203603,0.227582,0.100363,,,,,,,,GLOBAL_BASELINE_NO_ENTITY_RANKING,,,NOT_APPLICABLE_GLOBAL_BASELINE,HF9g-P5,,,,X 全窗基线 · 不参与实体赏罚,15057266,1506,A168_HF9F_20260827_0900,2026-08-27 09:00:00
2026-07-02,140064511,1323,0,613.1709111720,204.3903037240,204.3903037240,0.6666667,3,3,0.50218230000000000,0.502182300000,0.5697959874915163,0.5697959874915164,0.5697959874915163,0E-17,ELIGIBLE,R03b_20260811_FULL_v1,L1_ELIGIBILITY,v2026-08-11,2026-03-21..2026-08-06,baccarat_bet02_101_all_pairs_incl_sentinel,round_win = game_pnl > 0 (decisive only),COMPATIBILITY_ONLY_NOT_PRODUCTION,161902.6693,145193.7620,9907.8200,1096,1096,-0.06119615,0.06918239,-0.06524357,-0.06119615,-9907.8200,161902.6693,OK,0.0000,396.3128,4.0000,96.0000,AG03-UNRESOLVED,ALL5_LEVELS_bet23_to_bet27,396.3128,396.3128,396.3128,495.3910,495.3910,4.000000,4.000000,4.000000,5.000000,5.000000,96.000000,96.000000,96.000000,95.000000,95.000000,5.0,2179.7204,1996.681,7728.0996,7911.139,PENDING_AG03,FALSE,NOT_FOR_ENFORCEMENT,9511.5072,139386.0115,9907.8200,9511.5072,396.3128,0.06119615,0.05874830,396.3128,9511.5072,0.05874830,396.3128,396.3128,396.3128,495.3910,495.3910,9511.5072,0.05874830,2179.7204,1996.681,7728.0996,7911.139,0.04773300,0.04886355,0.00244785,147.7214,132.4761,9.0400,1415.4029,74.4949,23128.9528,156.5714,33.6187,165.1188,102.1952,102.1952,204.3903,204.3903,204.3903,408.7806,102.1952,0.0,2.0,4.0,1.445484,22,85,18,2,0.03010888,0.06119615,-0.06918239,0E-8,0.000000,0.896797,0.998175,0.13442596,2026-06-30,2026-07-24,7,133,64,25,0.280000,0.203603,0.227582,0.100363,,,,,,,,GLOBAL_BASELINE_NO_ENTITY_RANKING,,,NOT_APPLICABLE_GLOBAL_BASELINE,HF9g-P5,,,,X 全窗基线 · 不参与实体赏罚,15057267,1506,A168_HF9F_20260827_0900,2026-08-27 09:00:00
2026-07-02,140064511,1363,0,408.7806074480,204.3903037240,204.3903037240,0.7500000,4,4,0.49659680000000000,0.496596800000,1.0136362796769356,1.0136362796769358,1.0136362796769356,0E-17,ELIGIBLE,R03b_20260811_FULL_v1,L1_ELIGIBILITY,v2026-08-11,2026-03-21..2026-08-06,baccarat_bet02_101_all_pairs_incl_sentinel,round_win = game_pnl > 0 (decisive only),COMPATIBILITY_ONLY_NOT_PRODUCTION,161902.6693,145193.7620,9907.8200,1096,1096,-0.06119615,0.06918239,-0.06524357,-0.06119615,-9907.8200,161902.6693,OK,0.0000,396.3128,4.0000,96.0000,AG03-UNRESOLVED,ALL5_LEVELS_bet23_to_bet27,396.3128,396.3128,396.3128,495.3910,495.3910,4.000000,4.000000,4.000000,5.000000,5.000000,96.000000,96.000000,96.000000,95.000000,95.000000,5.0,2179.7204,1996.681,7728.0996,7911.139,PENDING_AG03,FALSE,NOT_FOR_ENFORCEMENT,9511.5072,139386.0115,9907.8200,9511.5072,396.3128,0.06119615,0.05874830,396.3128,9511.5072,0.05874830,396.3128,396.3128,396.3128,495.3910,495.3910,9511.5072,0.05874830,2179.7204,1996.681,7728.0996,7911.139,0.04773300,0.04886355,0.00244785,147.7214,132.4761,9.0400,1415.4029,74.4949,23128.9528,156.5714,33.6187,165.1188,102.1952,102.1952,204.3903,204.3903,204.3903,408.7806,102.1952,0.0,2.0,4.0,1.445484,22,85,18,2,0.03010888,0.06119615,-0.06918239,0E-8,0.000000,0.896797,0.998175,0.13442596,2026-06-30,2026-07-24,7,133,64,25,0.280000,0.203603,0.227582,0.100363,,,,,,,,GLOBAL_BASELINE_NO_ENTITY_RANKING,,,NOT_APPLICABLE_GLOBAL_BASELINE,HF9g-P5,,,,X 全窗基线 · 不参与实体赏罚,15057268,1506,A168_HF9F_20260827_0900,2026-08-27 09:00:00
2026-07-02,140064511,1402,0,1328.5369742060,-408.7806074480,-408.7806074480,0.3636364,12,12,0.49883100000000000,0.498831000000,-0.8967822159919931,-0.8967822159919931,-0.8967822159919931,0E-17,ELIGIBLE,R03b_20260811_FULL_v1,L1_ELIGIBILITY,v2026-08-11,2026-03-21..2026-08-06,baccarat_bet02_101_all_pairs_incl_sentinel,round_win = game_pnl > 0 (decisive only),COMPATIBILITY_ONLY_NOT_PRODUCTION,161902.6693,145193.7620,9907.8200,1096,1096,-0.06119615,0.06918239,-0.06524357,-0.06119615,-9907.8200,161902.6693,OK,0.0000,396.3128,4.0000,96.0000,AG03-UNRESOLVED,ALL5_LEVELS_bet23_to_bet27,396.3128,396.3128,396.3128,495.3910,495.3910,4.000000,4.000000,4.000000,5.000000,5.000000,96.000000,96.000000,96.000000,95.000000,95.000000,5.0,2179.7204,1996.681,7728.0996,7911.139,PENDING_AG03,FALSE,NOT_FOR_ENFORCEMENT,9511.5072,139386.0115,9907.8200,9511.5072,396.3128,0.06119615,0.05874830,396.3128,9511.5072,0.05874830,396.3128,396.3128,396.3128,495.3910,495.3910,9511.5072,0.05874830,2179.7204,1996.681,7728.0996,7911.139,0.04773300,0.04886355,0.00244785,147.7214,132.4761,9.0400,1415.4029,74.4949,23128.9528,156.5714,33.6187,165.1188,102.1952,102.1952,204.3903,204.3903,204.3903,408.7806,102.1952,0.0,2.0,4.0,1.445484,22,85,18,2,0.03010888,0.06119615,-0.06918239,0E-8,0.000000,0.896797,0.998175,0.13442596,2026-06-30,2026-07-24,7,133,64,25,0.280000,0.203603,0.227582,0.100363,,,,,,,,GLOBAL_BASELINE_NO_ENTITY_RANKING,,,NOT_APPLICABLE_GLOBAL_BASELINE,HF9g-P5,,,,X 全窗基线 · 不参与实体赏罚,15057269,1506,A168_HF9F_20260827_0900,2026-08-27 09:00:00
2026-07-02,140064511,1942,0,1635.1224297920,-204.3903037240,-204.3903037240,0.4285714,8,8,0.49827245000000000,0.498272450000,-0.36882533912701604,-0.36882533912701604,-0.36882533912701604,0E-17,ELIGIBLE,R03b_20260811_FULL_v1,L1_ELIGIBILITY,v2026-08-11,2026-03-21..2026-08-06,baccarat_bet02_101_all_pairs_incl_sentinel,round_win = game_pnl > 0 (decisive only),COMPATIBILITY_ONLY_NOT_PRODUCTION,161902.6693,145193.7620,9907.8200,1096,1096,-0.06119615,0.06918239,-0.06524357,-0.06119615,-9907.8200,161902.6693,OK,0.0000,396.3128,4.0000,96.0000,AG03-UNRESOLVED,ALL5_LEVELS_bet23_to_bet27,396.3128,396.3128,396.3128,495.3910,495.3910,4.000000,4.000000,4.000000,5.000000,5.000000,96.000000,96.000000,96.000000,95.000000,95.000000,5.0,2179.7204,1996.681,7728.0996,7911.139,PENDING_AG03,FALSE,NOT_FOR_ENFORCEMENT,9511.5072,139386.0115,9907.8200,9511.5072,396.3128,0.06119615,0.05874830,396.3128,9511.5072,0.05874830,396.3128,396.3128,396.3128,495.3910,495.3910,9511.5072,0.05874830,2179.7204,1996.681,7728.0996,7911.139,0.04773300,0.04886355,0.00244785,147.7214,132.4761,9.0400,1415.4029,74.4949,23128.9528,156.5714,33.6187,165.1188,102.1952,102.1952,204.3903,204.3903,204.3903,408.7806,102.1952,0.0,2.0,4.0,1.445484,22,85,18,2,0.03010888,0.06119615,-0.06918239,0E-8,0.000000,0.896797,0.998175,0.13442596,2026-06-30,2026-07-24,7,133,64,25,0.280000,0.203603,0.227582,0.100363,,,,,,,,GLOBAL_BASELINE_NO_ENTITY_RANKING,,,NOT_APPLICABLE_GLOBAL_BASELINE,HF9g-P5,,,,X 全窗基线 · 不参与实体赏罚,15057270,1506,A168_HF9F_20260827_0900,2026-08-27 09:00:00
2026-07-02,140064511,1990,0,1430.7321260680,-1021.9515186200,-1021.9515186200,0E-7,2,2,0.49324550000000000,0.493245500000,-0.9865810262130424,-0.9865810262130424,-0.9865810262130424,0E-17,ELIGIBLE,R03b_20260811_FULL_v1,L1_ELIGIBILITY,v2026-08-11,2026-03-21..2026-08-06,baccarat_bet02_101_all_pairs_incl_sentinel,round_win = game_pnl > 0 (decisive only),COMPATIBILITY_ONLY_NOT_PRODUCTION,161902.6693,145193.7620,9907.8200,1096,1096,-0.06119615,0.06918239,-0.06524357,-0.06119615,-9907.8200,161902.6693,OK,0.0000,396.3128,4.0000,96.0000,AG03-UNRESOLVED,ALL5_LEVELS_bet23_to_bet27,396.3128,396.3128,396.3128,495.3910,495.3910,4.000000,4.000000,4.000000,5.000000,5.000000,96.000000,96.000000,96.000000,95.000000,95.000000,5.0,2179.7204,1996.681,7728.0996,7911.139,PENDING_AG03,FALSE,NOT_FOR_ENFORCEMENT,9511.5072,139386.0115,9907.8200,9511.5072,396.3128,0.06119615,0.05874830,396.3128,9511.5072,0.05874830,396.3128,396.3128,396.3128,495.3910,495.3910,9511.5072,0.05874830,2179.7204,1996.681,7728.0996,7911.139,0.04773300,0.04886355,0.00244785,147.7214,132.4761,9.0400,1415.4029,74.4949,23128.9528,156.5714,33.6187,165.1188,102.1952,102.1952,204.3903,204.3903,204.3903,408.7806,102.1952,0.0,2.0,4.0,1.445484,22,85,18,2,0.03010888,0.06119615,-0.06918239,0E-8,0.000000,0.896797,0.998175,0.13442596,2026-06-30,2026-07-24,7,133,64,25,0.280000,0.203603,0.227582,0.100363,,,,,,,,GLOBAL_BASELINE_NO_ENTITY_RANKING,,,NOT_APPLICABLE_GLOBAL_BASELINE,HF9g-P5,,,,X 全窗基线 · 不参与实体赏罚,15057271,1506,A168_HF9F_20260827_0900,2026-08-27 09:00:00
2026-07-02,140064511,2092,0,817.5612148960,-408.7806074480,-408.7806074480,0.3333333,3,3,0.49324550000000000,0.493245500000,-0.5540025479526107,-0.5540025479526106,-0.5540025479526107,0E-17,ELIGIBLE,R03b_20260811_FULL_v1,L1_ELIGIBILITY,v2026-08-11,2026-03-21..2026-08-06,baccarat_bet02_101_all_pairs_incl_sentinel,round_win = game_pnl > 0 (decisive only),COMPATIBILITY_ONLY_NOT_PRODUCTION,161902.6693,145193.7620,9907.8200,1096,1096,-0.06119615,0.06918239,-0.06524357,-0.06119615,-9907.8200,161902.6693,OK,0.0000,396.3128,4.0000,96.0000,AG03-UNRESOLVED,ALL5_LEVELS_bet23_to_bet27,396.3128,396.3128,396.3128,495.3910,495.3910,4.000000,4.000000,4.000000,5.000000,5.000000,96.000000,96.000000,96.000000,95.000000,95.000000,5.0,2179.7204,1996.681,7728.0996,7911.139,PENDING_AG03,FALSE,NOT_FOR_ENFORCEMENT,9511.5072,139386.0115,9907.8200,9511.5072,396.3128,0.06119615,0.05874830,396.3128,9511.5072,0.05874830,396.3128,396.3128,396.3128,495.3910,495.3910,9511.5072,0.05874830,2179.7204,1996.681,7728.0996,7911.139,0.04773300,0.04886355,0.00244785,147.7214,132.4761,9.0400,1415.4029,74.4949,23128.9528,156.5714,33.6187,165.1188,102.1952,102.1952,204.3903,204.3903,204.3903,408.7806,102.1952,0.0,2.0,4.0,1.445484,22,85,18,2,0.03010888,0.06119615,-0.06918239,0E-8,0.000000,0.896797,0.998175,0.13442596,2026-06-30,2026-07-24,7,133,64,25,0.280000,0.203603,0.227582,0.100363,,,,,,,,GLOBAL_BASELINE_NO_ENTITY_RANKING,,,NOT_APPLICABLE_GLOBAL_BASELINE,HF9g-P5,,,,X 全窗基线 · 不参与实体赏罚,15057272,1506,A168_HF9F_20260827_0900,2026-08-27 09:00:00
2026-07-02,140064511,2104,0,1430.7321260680,-1021.9515186200,-1021.9515186200,0E-7,4,4,0.49324550000000000,0.493245500000,-1.708808463184432,-1.7088084631844318,-1.708808463184432,0E-17,ELIGIBLE,R03b_20260811_FULL_v1,L1_ELIGIBILITY,v2026-08-11,2026-03-21..2026-08-06,baccarat_bet02_101_all_pairs_incl_sentinel,round_win = game_pnl > 0 (decisive only),COMPATIBILITY_ONLY_NOT_PRODUCTION,161902.6693,145193.7620,9907.8200,1096,1096,-0.06119615,0.06918239,-0.06524357,-0.06119615,-9907.8200,161902.6693,OK,0.0000,396.3128,4.0000,96.0000,AG03-UNRESOLVED,ALL5_LEVELS_bet23_to_bet27,396.3128,396.3128,396.3128,495.3910,495.3910,4.000000,4.000000,4.000000,5.000000,5.000000,96.000000,96.000000,96.000000,95.000000,95.000000,5.0,2179.7204,1996.681,7728.0996,7911.139,PENDING_AG03,FALSE,NOT_FOR_ENFORCEMENT,9511.5072,139386.0115,9907.8200,9511.5072,396.3128,0.06119615,0.05874830,396.3128,9511.5072,0.05874830,396.3128,396.3128,396.3128,495.3910,495.3910,9511.5072,0.05874830,2179.7204,1996.681,7728.0996,7911.139,0.04773300,0.04886355,0.00244785,147.7214,132.4761,9.0400,1415.4029,74.4949,23128.9528,156.5714,33.6187,165.1188,102.1952,102.1952,204.3903,204.3903,204.3903,408.7806,102.1952,0.0,2.0,4.0,1.445484,22,85,18,2,0.03010888,0.06119615,-0.06918239,0E-8,0.000000,0.896797,0.998175,0.13442596,2026-06-30,2026-07-24,7,133,64,25,0.280000,0.203603,0.227582,0.100363,,,,,,,,GLOBAL_BASELINE_NO_ENTITY_RANKING,,,NOT_APPLICABLE_GLOBAL_BASELINE,HF9g-P5,,,,X 全窗基线 · 不参与实体赏罚,15057273,1506,A168_HF9F_20260827_0900,2026-08-27 09:00:00
2026-07-02,140064511,2106,0,5620.7333524100,1021.9515186200,1021.9515186200,0.6538462,29,29,0.49971697586206897,0.499716975862,1.5718156241229821,1.5718156241236856,1.5718156241229821,6.897E-14,ELIGIBLE,R03b_20260811_FULL_v1,L1_ELIGIBILITY,v2026-08-11,2026-03-21..2026-08-06,baccarat_bet02_101_all_pairs_incl_sentinel,round_win = game_pnl > 0 (decisive only),COMPATIBILITY_ONLY_NOT_PRODUCTION,161902.6693,145193.7620,9907.8200,1096,1096,-0.06119615,0.06918239,-0.06524357,-0.06119615,-9907.8200,161902.6693,OK,0.0000,396.3128,4.0000,96.0000,AG03-UNRESOLVED,ALL5_LEVELS_bet23_to_bet27,396.3128,396.3128,396.3128,495.3910,495.3910,4.000000,4.000000,4.000000,5.000000,5.000000,96.000000,96.000000,96.000000,95.000000,95.000000,5.0,2179.7204,1996.681,7728.0996,7911.139,PENDING_AG03,FALSE,NOT_FOR_ENFORCEMENT,9511.5072,139386.0115,9907.8200,9511.5072,396.3128,0.06119615,0.05874830,396.3128,9511.5072,0.05874830,396.3128,396.3128,396.3128,495.3910,495.3910,9511.5072,0.05874830,2179.7204,1996.681,7728.0996,7911.139,0.04773300,0.04886355,0.00244785,147.7214,132.4761,9.0400,1415.4029,74.4949,23128.9528,156.5714,33.6187,165.1188,102.1952,102.1952,204.3903,204.3903,204.3903,408.7806,102.1952,0.0,2.0,4.0,1.445484,22,85,18,2,0.03010888,0.06119615,-0.06918239,0E-8,0.000000,0.896797,0.998175,0.13442596,2026-06-30,2026-07-24,7,133,64,25,0.280000,0.203603,0.227582,0.100363,,,,,,,,GLOBAL_BASELINE_NO_ENTITY_RANKING,,,NOT_APPLICABLE_GLOBAL_BASELINE,HF9g-P5,,,,X 全窗基线 · 不参与实体赏罚,15057274,1506,A168_HF9F_20260827_0900,2026-08-27 09:00:00
2026-07-02,140064511,2127,0,408.7806074480,-408.7806074480,-408.7806074480,0E-7,1,1,0.50665070000000000,0.506650700000,-1.013391052207602,-1.013391052207602,-1.013391052207602,0E-17,ELIGIBLE,R03b_20260811_FULL_v1,L1_ELIGIBILITY,v2026-08-11,2026-03-21..2026-08-06,baccarat_bet02_101_all_pairs_incl_sentinel,round_win = game_pnl > 0 (decisive only),COMPATIBILITY_ONLY_NOT_PRODUCTION,161902.6693,145193.7620,9907.8200,1096,1096,-0.06119615,0.06918239,-0.06524357,-0.06119615,-9907.8200,161902.6693,OK,0.0000,396.3128,4.0000,96.0000,AG03-UNRESOLVED,ALL5_LEVELS_bet23_to_bet27,396.3128,396.3128,396.3128,495.3910,495.3910,4.000000,4.000000,4.000000,5.000000,5.000000,96.000000,96.000000,96.000000,95.000000,95.000000,5.0,2179.7204,1996.681,7728.0996,7911.139,PENDING_AG03,FALSE,NOT_FOR_ENFORCEMENT,9511.5072,139386.0115,9907.8200,9511.5072,396.3128,0.06119615,0.05874830,396.3128,9511.5072,0.05874830,396.3128,396.3128,396.3128,495.3910,495.3910,9511.5072,0.05874830,2179.7204,1996.681,7728.0996,7911.139,0.04773300,0.04886355,0.00244785,147.7214,132.4761,9.0400,1415.4029,74.4949,23128.9528,156.5714,33.6187,165.1188,102.1952,102.1952,204.3903,204.3903,204.3903,408.7806,102.1952,0.0,2.0,4.0,1.445484,22,85,18,2,0.03010888,0.06119615,-0.06918239,0E-8,0.000000,0.896797,0.998175,0.13442596,2026-06-30,2026-07-24,7,133,64,25,0.280000,0.203603,0.227582,0.100363,,,,,,,,GLOBAL_BASELINE_NO_ENTITY_RANKING,,,NOT_APPLICABLE_GLOBAL_BASELINE,HF9g-P5,,,,X 全窗基线 · 不参与实体赏罚,15057275,1506,A168_HF9F_20260827_0900,2026-08-27 09:00:00
2026-07-02,140064511,2134,0,2452.6836446880,408.7806074480,408.7806074480,0.6000000,20,20,0.49659680000000000,0.496596800000,0.8009762967508696,0.8009762967508696,0.8009762967508696,0E-17,ELIGIBLE,R03b_20260811_FULL_v1,L1_ELIGIBILITY,v2026-08-11,2026-03-21..2026-08-06,baccarat_bet02_101_all_pairs_incl_sentinel,round_win = game_pnl > 0 (decisive only),COMPATIBILITY_ONLY_NOT_PRODUCTION,161902.6693,145193.7620,9907.8200,1096,1096,-0.06119615,0.06918239,-0.06524357,-0.06119615,-9907.8200,161902.6693,OK,0.0000,396.3128,4.0000,96.0000,AG03-UNRESOLVED,ALL5_LEVELS_bet23_to_bet27,396.3128,396.3128,396.3128,495.3910,495.3910,4.000000,4.000000,4.000000,5.000000,5.000000,96.000000,96.000000,96.000000,95.000000,95.000000,5.0,2179.7204,1996.681,7728.0996,7911.139,PENDING_AG03,FALSE,NOT_FOR_ENFORCEMENT,9511.5072,139386.0115,9907.8200,9511.5072,396.3128,0.06119615,0.05874830,396.3128,9511.5072,0.05874830,396.3128,396.3128,396.3128,495.3910,495.3910,9511.5072,0.05874830,2179.7204,1996.681,7728.0996,7911.139,0.04773300,0.04886355,0.00244785,147.7214,132.4761,9.0400,1415.4029,74.4949,23128.9528,156.5714,33.6187,165.1188,102.1952,102.1952,204.3903,204.3903,204.3903,408.7806,102.1952,0.0,2.0,4.0,1.445484,22,85,18,2,0.03010888,0.06119615,-0.06918239,0E-8,0.000000,0.896797,0.998175,0.13442596,2026-06-30,2026-07-24,7,133,64,25,0.280000,0.203603,0.227582,0.100363,,,,,,,,GLOBAL_BASELINE_NO_ENTITY_RANKING,,,NOT_APPLICABLE_GLOBAL_BASELINE,HF9g-P5,,,,X 全窗基线 · 不参与实体赏罚,15057276,1506,A168_HF9F_20260827_0900,2026-08-27 09:00:00
2026-07-02,140064511,2155,0,3168.0497077220,306.5854555860,306.5854555860,0.6250000,16,16,0.49492115000000000,0.494921150000,1.0406844897094145,1.0406844897094145,1.0406844897094145,0E-17,ELIGIBLE,R03b_20260811_FULL_v1,L1_ELIGIBILITY,v2026-08-11,2026-03-21..2026-08-06,baccarat_bet02_101_all_pairs_incl_sentinel,round_win = game_pnl > 0 (decisive only),COMPATIBILITY_ONLY_NOT_PRODUCTION,161902.6693,145193.7620,9907.8200,1096,1096,-0.06119615,0.06918239,-0.06524357,-0.06119615,-9907.8200,161902.6693,OK,0.0000,396.3128,4.0000,96.0000,AG03-UNRESOLVED,ALL5_LEVELS_bet23_to_bet27,396.3128,396.3128,396.3128,495.3910,495.3910,4.000000,4.000000,4.000000,5.000000,5.000000,96.000000,96.000000,96.000000,95.000000,95.000000,5.0,2179.7204,1996.681,7728.0996,7911.139,PENDING_AG03,FALSE,NOT_FOR_ENFORCEMENT,9511.5072,139386.0115,9907.8200,9511.5072,396.3128,0.06119615,0.05874830,396.3128,9511.5072,0.05874830,396.3128,396.3128,396.3128,495.3910,495.3910,9511.5072,0.05874830,2179.7204,1996.681,7728.0996,7911.139,0.04773300,0.04886355,0.00244785,147.7214,132.4761,9.0400,1415.4029,74.4949,23128.9528,156.5714,33.6187,165.1188,102.1952,102.1952,204.3903,204.3903,204.3903,408.7806,102.1952,0.0,2.0,4.0,1.445484,22,85,18,2,0.03010888,0.06119615,-0.06918239,0E-8,0.000000,0.896797,0.998175,0.13442596,2026-06-30,2026-07-24,7,133,64,25,0.280000,0.203603,0.227582,0.100363,,,,,,,,GLOBAL_BASELINE_NO_ENTITY_RANKING,,,NOT_APPLICABLE_GLOBAL_BASELINE,HF9g-P5,,,,X 全窗基线 · 不参与实体赏罚,15057277,1506,A168_HF9F_20260827_0900,2026-08-27 09:00:00
2026-07-02,140064511,2160,0,6949.2703266160,-1635.1224297920,-1635.1224297920,0.4117647,19,19,0.49606764736842105,0.496067647368,-0.6952013652768435,-0.695201365273376,-0.6952013652768435,4.2105E-13,ELIGIBLE,R03b_20260811_FULL_v1,L1_ELIGIBILITY,v2026-08-11,2026-03-21..2026-08-06,baccarat_bet02_101_all_pairs_incl_sentinel,round_win = game_pnl > 0 (decisive only),COMPATIBILITY_ONLY_NOT_PRODUCTION,161902.6693,145193.7620,9907.8200,1096,1096,-0.06119615,0.06918239,-0.06524357,-0.06119615,-9907.8200,161902.6693,OK,0.0000,396.3128,4.0000,96.0000,AG03-UNRESOLVED,ALL5_LEVELS_bet23_to_bet27,396.3128,396.3128,396.3128,495.3910,495.3910,4.000000,4.000000,4.000000,5.000000,5.000000,96.000000,96.000000,96.000000,95.000000,95.000000,5.0,2179.7204,1996.681,7728.0996,7911.139,PENDING_AG03,FALSE,NOT_FOR_ENFORCEMENT,9511.5072,139386.0115,9907.8200,9511.5072,396.3128,0.06119615,0.05874830,396.3128,9511.5072,0.05874830,396.3128,396.3128,396.3128,495.3910,495.3910,9511.5072,0.05874830,2179.7204,1996.681,7728.0996,7911.139,0.04773300,0.04886355,0.00244785,147.7214,132.4761,9.0400,1415.4029,74.4949,23128.9528,156.5714,33.6187,165.1188,102.1952,102.1952,204.3903,204.3903,204.3903,408.7806,102.1952,0.0,2.0,4.0,1.445484,22,85,18,2,0.03010888,0.06119615,-0.06918239,0E-8,0.000000,0.896797,0.998175,0.13442596,2026-06-30,2026-07-24,7,133,64,25,0.280000,0.203603,0.227582,0.100363,,,,,,,,GLOBAL_BASELINE_NO_ENTITY_RANKING,,,NOT_APPLICABLE_GLOBAL_BASELINE,HF9g-P5,,,,X 全窗基线 · 不参与实体赏罚,15057278,1506,A168_HF9F_20260827_0900,2026-08-27 09:00:00
2026-07-02,140064511,2174,0,510.9757593100,-510.9757593100,-510.9757593100,0E-7,3,3,0.50218230000000000,0.502182300000,-1.7396270863184011,-1.7396270863184016,-1.7396270863184011,0E-17,ELIGIBLE,R03b_20260811_FULL_v1,L1_ELIGIBILITY,v2026-08-11,2026-03-21..2026-08-06,baccarat_bet02_101_all_pairs_incl_sentinel,round_win = game_pnl > 0 (decisive only),COMPATIBILITY_ONLY_NOT_PRODUCTION,161902.6693,145193.7620,9907.8200,1096,1096,-0.06119615,0.06918239,-0.06524357,-0.06119615,-9907.8200,161902.6693,OK,0.0000,396.3128,4.0000,96.0000,AG03-UNRESOLVED,ALL5_LEVELS_bet23_to_bet27,396.3128,396.3128,396.3128,495.3910,495.3910,4.000000,4.000000,4.000000,5.000000,5.000000,96.000000,96.000000,96.000000,95.000000,95.000000,5.0,2179.7204,1996.681,7728.0996,7911.139,PENDING_AG03,FALSE,NOT_FOR_ENFORCEMENT,9511.5072,139386.0115,9907.8200,9511.5072,396.3128,0.06119615,0.05874830,396.3128,9511.5072,0.05874830,396.3128,396.3128,396.3128,495.3910,495.3910,9511.5072,0.05874830,2179.7204,1996.681,7728.0996,7911.139,0.04773300,0.04886355,0.00244785,147.7214,132.4761,9.0400,1415.4029,74.4949,23128.9528,156.5714,33.6187,165.1188,102.1952,102.1952,204.3903,204.3903,204.3903,408.7806,102.1952,0.0,2.0,4.0,1.445484,22,85,18,2,0.03010888,0.06119615,-0.06918239,0E-8,0.000000,0.896797,0.998175,0.13442596,2026-06-30,2026-07-24,7,133,64,25,0.280000,0.203603,0.227582,0.100363,,,,,,,,GLOBAL_BASELINE_NO_ENTITY_RANKING,,,NOT_APPLICABLE_GLOBAL_BASELINE,HF9g-P5,,,,X 全窗基线 · 不参与实体赏罚,15057279,1506,A168_HF9F_20260827_0900,2026-08-27 09:00:00
2026-07-02,140064511,2223,0,306.5854555860,-204.3903037240,-204.3903037240,0E-7,3,3,0.49771390000000000,0.497713900000,-1.4077622098436522,-1.4077622098436524,-1.4077622098436522,0E-17,ELIGIBLE,R03b_20260811_FULL_v1,L1_ELIGIBILITY,v2026-08-11,2026-03-21..2026-08-06,baccarat_bet02_101_all_pairs_incl_sentinel,round_win = game_pnl > 0 (decisive only),COMPATIBILITY_ONLY_NOT_PRODUCTION,161902.6693,145193.7620,9907.8200,1096,1096,-0.06119615,0.06918239,-0.06524357,-0.06119615,-9907.8200,161902.6693,OK,0.0000,396.3128,4.0000,96.0000,AG03-UNRESOLVED,ALL5_LEVELS_bet23_to_bet27,396.3128,396.3128,396.3128,495.3910,495.3910,4.000000,4.000000,4.000000,5.000000,5.000000,96.000000,96.000000,96.000000,95.000000,95.000000,5.0,2179.7204,1996.681,7728.0996,7911.139,PENDING_AG03,FALSE,NOT_FOR_ENFORCEMENT,9511.5072,139386.0115,9907.8200,9511.5072,396.3128,0.06119615,0.05874830,396.3128,9511.5072,0.05874830,396.3128,396.3128,396.3128,495.3910,495.3910,9511.5072,0.05874830,2179.7204,1996.681,7728.0996,7911.139,0.04773300,0.04886355,0.00244785,147.7214,132.4761,9.0400,1415.4029,74.4949,23128.9528,156.5714,33.6187,165.1188,102.1952,102.1952,204.3903,204.3903,204.3903,408.7806,102.1952,0.0,2.0,4.0,1.445484,22,85,18,2,0.03010888,0.06119615,-0.06918239,0E-8,0.000000,0.896797,0.998175,0.13442596,2026-06-30,2026-07-24,7,133,64,25,0.280000,0.203603,0.227582,0.100363,,,,,,,,GLOBAL_BASELINE_NO_ENTITY_RANKING,,,NOT_APPLICABLE_GLOBAL_BASELINE,HF9g-P5,,,,X 全窗基线 · 不参与实体赏罚,15057280,1506,A168_HF9F_20260827_0900,2026-08-27 09:00:00
2026-07-02,140064511,2243,0,613.1709111720,204.3903037240,204.3903037240,0.6000000,5,5,0.49592654000000000,0.495926540000,0.46544610904919037,0.46544610904919037,0.46544610904919037,0E-17,ELIGIBLE,R03b_20260811_FULL_v1,L1_ELIGIBILITY,v2026-08-11,2026-03-21..2026-08-06,baccarat_bet02_101_all_pairs_incl_sentinel,round_win = game_pnl > 0 (decisive only),COMPATIBILITY_ONLY_NOT_PRODUCTION,161902.6693,145193.7620,9907.8200,1096,1096,-0.06119615,0.06918239,-0.06524357,-0.06119615,-9907.8200,161902.6693,OK,0.0000,396.3128,4.0000,96.0000,AG03-UNRESOLVED,ALL5_LEVELS_bet23_to_bet27,396.3128,396.3128,396.3128,495.3910,495.3910,4.000000,4.000000,4.000000,5.000000,5.000000,96.000000,96.000000,96.000000,95.000000,95.000000,5.0,2179.7204,1996.681,7728.0996,7911.139,PENDING_AG03,FALSE,NOT_FOR_ENFORCEMENT,9511.5072,139386.0115,9907.8200,9511.5072,396.3128,0.06119615,0.05874830,396.3128,9511.5072,0.05874830,396.3128,396.3128,396.3128,495.3910,495.3910,9511.5072,0.05874830,2179.7204,1996.681,7728.0996,7911.139,0.04773300,0.04886355,0.00244785,147.7214,132.4761,9.0400,1415.4029,74.4949,23128.9528,156.5714,33.6187,165.1188,102.1952,102.1952,204.3903,204.3903,204.3903,408.7806,102.1952,0.0,2.0,4.0,1.445484,22,85,18,2,0.03010888,0.06119615,-0.06918239,0E-8,0.000000,0.896797,0.998175,0.13442596,2026-06-30,2026-07-24,7,133,64,25,0.280000,0.203603,0.227582,0.100363,,,,,,,,GLOBAL_BASELINE_NO_ENTITY_RANKING,,,NOT_APPLICABLE_GLOBAL_BASELINE,HF9g-P5,,,,X 全窗基线 · 不参与实体赏罚,15057281,1506,A168_HF9F_20260827_0900,2026-08-27 09:00:00
2026-07-02,140064511,2258,0,204.3903037240,204.3903037240,204.3903037240,1.0000000,1,1,0.49324550000000000,0.493245500000,1.01360149184955,1.01360149184955,1.01360149184955,0E-17,ELIGIBLE,R03b_20260811_FULL_v1,L1_ELIGIBILITY,v2026-08-11,2026-03-21..2026-08-06,baccarat_bet02_101_all_pairs_incl_sentinel,round_win = game_pnl > 0 (decisive only),COMPATIBILITY_ONLY_NOT_PRODUCTION,161902.6693,145193.7620,9907.8200,1096,1096,-0.06119615,0.06918239,-0.06524357,-0.06119615,-9907.8200,161902.6693,OK,0.0000,396.3128,4.0000,96.0000,AG03-UNRESOLVED,ALL5_LEVELS_bet23_to_bet27,396.3128,396.3128,396.3128,495.3910,495.3910,4.000000,4.000000,4.000000,5.000000,5.000000,96.000000,96.000000,96.000000,95.000000,95.000000,5.0,2179.7204,1996.681,7728.0996,7911.139,PENDING_AG03,FALSE,NOT_FOR_ENFORCEMENT,9511.5072,139386.0115,9907.8200,9511.5072,396.3128,0.06119615,0.05874830,396.3128,9511.5072,0.05874830,396.3128,396.3128,396.3128,495.3910,495.3910,9511.5072,0.05874830,2179.7204,1996.681,7728.0996,7911.139,0.04773300,0.04886355,0.00244785,147.7214,132.4761,9.0400,1415.4029,74.4949,23128.9528,156.5714,33.6187,165.1188,102.1952,102.1952,204.3903,204.3903,204.3903,408.7806,102.1952,0.0,2.0,4.0,1.445484,22,85,18,2,0.03010888,0.06119615,-0.06918239,0E-8,0.000000,0.896797,0.998175,0.13442596,2026-06-30,2026-07-24,7,133,64,25,0.280000,0.203603,0.227582,0.100363,,,,,,,,GLOBAL_BASELINE_NO_ENTITY_RANKING,,,NOT_APPLICABLE_GLOBAL_BASELINE,HF9g-P5,,,,X 全窗基线 · 不参与实体赏罚,15057282,1506,A168_HF9F_20260827_0900,2026-08-27 09:00:00
2026-07-02,140064511,2261,0,715.3660630340,0E-10,0E-10,0.5000000,4,4,0.50329940000000000,0.503299400000,-0.01319788734859681,-0.01319788734859681,-0.01319788734859681,0E-17,ELIGIBLE,R03b_20260811_FULL_v1,L1_ELIGIBILITY,v2026-08-11,2026-03-21..2026-08-06,baccarat_bet02_101_all_pairs_incl_sentinel,round_win = game_pnl > 0 (decisive only),COMPATIBILITY_ONLY_NOT_PRODUCTION,161902.6693,145193.7620,9907.8200,1096,1096,-0.06119615,0.06918239,-0.06524357,-0.06119615,-9907.8200,161902.6693,OK,0.0000,396.3128,4.0000,96.0000,AG03-UNRESOLVED,ALL5_LEVELS_bet23_to_bet27,396.3128,396.3128,396.3128,495.3910,495.3910,4.000000,4.000000,4.000000,5.000000,5.000000,96.000000,96.000000,96.000000,95.000000,95.000000,5.0,2179.7204,1996.681,7728.0996,7911.139,PENDING_AG03,FALSE,NOT_FOR_ENFORCEMENT,9511.5072,139386.0115,9907.8200,9511.5072,396.3128,0.06119615,0.05874830,396.3128,9511.5072,0.05874830,396.3128,396.3128,396.3128,495.3910,495.3910,9511.5072,0.05874830,2179.7204,1996.681,7728.0996,7911.139,0.04773300,0.04886355,0.00244785,147.7214,132.4761,9.0400,1415.4029,74.4949,23128.9528,156.5714,33.6187,165.1188,102.1952,102.1952,204.3903,204.3903,204.3903,408.7806,102.1952,0.0,2.0,4.0,1.445484,22,85,18,2,0.03010888,0.06119615,-0.06918239,0E-8,0.000000,0.896797,0.998175,0.13442596,2026-06-30,2026-07-24,7,133,64,25,0.280000,0.203603,0.227582,0.100363,,,,,,,,GLOBAL_BASELINE_NO_ENTITY_RANKING,,,NOT_APPLICABLE_GLOBAL_BASELINE,HF9g-P5,,,,X 全窗基线 · 不参与实体赏罚,15057283,1506,A168_HF9F_20260827_0900,2026-08-27 09:00:00
2026-07-02,140064511,462,0,408.7806074480,-204.3903037240,-204.3903037240,0E-7,2,2,0.49324550000000000,0.493245500000,-0.9865810262130424,-0.9865810262130424,-0.9865810262130424,0E-17,ELIGIBLE,R03b_20260811_FULL_v1,L1_ELIGIBILITY,v2026-08-11,2026-03-21..2026-08-06,baccarat_bet02_101_all_pairs_incl_sentinel,round_win = game_pnl > 0 (decisive only),COMPATIBILITY_ONLY_NOT_PRODUCTION,161902.6693,145193.7620,9907.8200,1096,1096,-0.06119615,0.06918239,-0.06524357,-0.06119615,-9907.8200,161902.6693,OK,0.0000,396.3128,4.0000,96.0000,AG03-UNRESOLVED,ALL5_LEVELS_bet23_to_bet27,396.3128,396.3128,396.3128,495.3910,495.3910,4.000000,4.000000,4.000000,5.000000,5.000000,96.000000,96.000000,96.000000,95.000000,95.000000,5.0,2179.7204,1996.681,7728.0996,7911.139,PENDING_AG03,FALSE,NOT_FOR_ENFORCEMENT,9511.5072,139386.0115,9907.8200,9511.5072,396.3128,0.06119615,0.05874830,396.3128,9511.5072,0.05874830,396.3128,396.3128,396.3128,495.3910,495.3910,9511.5072,0.05874830,2179.7204,1996.681,7728.0996,7911.139,0.04773300,0.04886355,0.00244785,147.7214,132.4761,9.0400,1415.4029,74.4949,23128.9528,156.5714,33.6187,165.1188,102.1952,102.1952,204.3903,204.3903,204.3903,408.7806,102.1952,0.0,2.0,4.0,1.445484,22,85,18,2,0.03010888,0.06119615,-0.06918239,0E-8,0.000000,0.896797,0.998175,0.13442596,2026-06-30,2026-07-24,7,133,64,25,0.280000,0.203603,0.227582,0.100363,,,,,,,,GLOBAL_BASELINE_NO_ENTITY_RANKING,,,NOT_APPLICABLE_GLOBAL_BASELINE,HF9g-P5,,,,X 全窗基线 · 不参与实体赏罚,15057284,1506,A168_HF9F_20260827_0900,2026-08-27 09:00:00
2026-07-02,140064511,529,0,613.1709111720,-204.3903037240,-204.3903037240,0.3333333,3,3,0.49771390000000000,0.497713900000,-0.5694369385616226,-0.5694369385616226,-0.5694369385616226,0E-17,ELIGIBLE,R03b_20260811_FULL_v1,L1_ELIGIBILITY,v2026-08-11,2026-03-21..2026-08-06,baccarat_bet02_101_all_pairs_incl_sentinel,round_win = game_pnl > 0 (decisive only),COMPATIBILITY_ONLY_NOT_PRODUCTION,161902.6693,145193.7620,9907.8200,1096,1096,-0.06119615,0.06918239,-0.06524357,-0.06119615,-9907.8200,161902.6693,OK,0.0000,396.3128,4.0000,96.0000,AG03-UNRESOLVED,ALL5_LEVELS_bet23_to_bet27,396.3128,396.3128,396.3128,495.3910,495.3910,4.000000,4.000000,4.000000,5.000000,5.000000,96.000000,96.000000,96.000000,95.000000,95.000000,5.0,2179.7204,1996.681,7728.0996,7911.139,PENDING_AG03,FALSE,NOT_FOR_ENFORCEMENT,9511.5072,139386.0115,9907.8200,9511.5072,396.3128,0.06119615,0.05874830,396.3128,9511.5072,0.05874830,396.3128,396.3128,396.3128,495.3910,495.3910,9511.5072,0.05874830,2179.7204,1996.681,7728.0996,7911.139,0.04773300,0.04886355,0.00244785,147.7214,132.4761,9.0400,1415.4029,74.4949,23128.9528,156.5714,33.6187,165.1188,102.1952,102.1952,204.3903,204.3903,204.3903,408.7806,102.1952,0.0,2.0,4.0,1.445484,22,85,18,2,0.03010888,0.06119615,-0.06918239,0E-8,0.000000,0.896797,0.998175,0.13442596,2026-06-30,2026-07-24,7,133,64,25,0.280000,0.203603,0.227582,0.100363,,,,,,,,GLOBAL_BASELINE_NO_ENTITY_RANKING,,,NOT_APPLICABLE_GLOBAL_BASELINE,HF9g-P5,,,,X 全窗基线 · 不参与实体赏罚,15057285,1506,A168_HF9F_20260827_0900,2026-08-27 09:00:00
2026-07-02,140064511,583,0,2452.6836446880,817.5612148960,817.5612148960,0.6666667,12,12,0.49883100000000000,0.498831000000,1.162802786041663,1.162802786041663,1.162802786041663,0E-17,ELIGIBLE,R03b_20260811_FULL_v1,L1_ELIGIBILITY,v2026-08-11,2026-03-21..2026-08-06,baccarat_bet02_101_all_pairs_incl_sentinel,round_win = game_pnl > 0 (decisive only),COMPATIBILITY_ONLY_NOT_PRODUCTION,161902.6693,145193.7620,9907.8200,1096,1096,-0.06119615,0.06918239,-0.06524357,-0.06119615,-9907.8200,161902.6693,OK,0.0000,396.3128,4.0000,96.0000,AG03-UNRESOLVED,ALL5_LEVELS_bet23_to_bet27,396.3128,396.3128,396.3128,495.3910,495.3910,4.000000,4.000000,4.000000,5.000000,5.000000,96.000000,96.000000,96.000000,95.000000,95.000000,5.0,2179.7204,1996.681,7728.0996,7911.139,PENDING_AG03,FALSE,NOT_FOR_ENFORCEMENT,9511.5072,139386.0115,9907.8200,9511.5072,396.3128,0.06119615,0.05874830,396.3128,9511.5072,0.05874830,396.3128,396.3128,396.3128,495.3910,495.3910,9511.5072,0.05874830,2179.7204,1996.681,7728.0996,7911.139,0.04773300,0.04886355,0.00244785,147.7214,132.4761,9.0400,1415.4029,74.4949,23128.9528,156.5714,33.6187,165.1188,102.1952,102.1952,204.3903,204.3903,204.3903,408.7806,102.1952,0.0,2.0,4.0,1.445484,22,85,18,2,0.03010888,0.06119615,-0.06918239,0E-8,0.000000,0.896797,0.998175,0.13442596,2026-06-30,2026-07-24,7,133,64,25,0.280000,0.203603,0.227582,0.100363,,,,,,,,GLOBAL_BASELINE_NO_ENTITY_RANKING,,,NOT_APPLICABLE_GLOBAL_BASELINE,HF9g-P5,,,,X 全窗基线 · 不参与实体赏罚,15057286,1506,A168_HF9F_20260827_0900,2026-08-27 09:00:00
2026-07-02,140064511,763,0,408.7806074480,0E-10,0E-10,,1,1,0.50665070000000000,0.506650700000,,,,0E-17,NO_DECISIVE_ROUND,R03b_20260811_FULL_v1,L1_ELIGIBILITY,v2026-08-11,2026-03-21..2026-08-06,baccarat_bet02_101_all_pairs_incl_sentinel,round_win = game_pnl > 0 (decisive only),COMPATIBILITY_ONLY_NOT_PRODUCTION,161902.6693,145193.7620,9907.8200,1096,1096,-0.06119615,0.06918239,-0.06524357,-0.06119615,-9907.8200,161902.6693,OK,0.0000,396.3128,4.0000,96.0000,AG03-UNRESOLVED,ALL5_LEVELS_bet23_to_bet27,396.3128,396.3128,396.3128,495.3910,495.3910,4.000000,4.000000,4.000000,5.000000,5.000000,96.000000,96.000000,96.000000,95.000000,95.000000,5.0,2179.7204,1996.681,7728.0996,7911.139,PENDING_AG03,FALSE,NOT_FOR_ENFORCEMENT,9511.5072,139386.0115,9907.8200,9511.5072,396.3128,0.06119615,0.05874830,396.3128,9511.5072,0.05874830,396.3128,396.3128,396.3128,495.3910,495.3910,9511.5072,0.05874830,2179.7204,1996.681,7728.0996,7911.139,0.04773300,0.04886355,0.00244785,147.7214,132.4761,9.0400,1415.4029,74.4949,23128.9528,156.5714,33.6187,165.1188,102.1952,102.1952,204.3903,204.3903,204.3903,408.7806,102.1952,0.0,2.0,4.0,1.445484,22,85,18,2,0.03010888,0.06119615,-0.06918239,0E-8,0.000000,0.896797,0.998175,0.13442596,2026-06-30,2026-07-24,7,133,64,25,0.280000,0.203603,0.227582,0.100363,,,,,,,,GLOBAL_BASELINE_NO_ENTITY_RANKING,,,NOT_APPLICABLE_GLOBAL_BASELINE,HF9g-P5,,,,X 全窗基线 · 不参与实体赏罚,15057287,1506,A168_HF9F_20260827_0900,2026-08-27 09:00:00
2026-07-02,140064511,772,0,4138.9036504110,204.3903037240,204.3903037240,0.5555556,29,29,0.49925472758620690,0.499254727586,0.5850960172678994,0.58509601727005,0.5850960172678994,2.0690E-13,ELIGIBLE,R03b_20260811_FULL_v1,L1_ELIGIBILITY,v2026-08-11,2026-03-21..2026-08-06,baccarat_bet02_101_all_pairs_incl_sentinel,round_win = game_pnl > 0 (decisive only),COMPATIBILITY_ONLY_NOT_PRODUCTION,161902.6693,145193.7620,9907.8200,1096,1096,-0.06119615,0.06918239,-0.06524357,-0.06119615,-9907.8200,161902.6693,OK,0.0000,396.3128,4.0000,96.0000,AG03-UNRESOLVED,ALL5_LEVELS_bet23_to_bet27,396.3128,396.3128,396.3128,495.3910,495.3910,4.000000,4.000000,4.000000,5.000000,5.000000,96.000000,96.000000,96.000000,95.000000,95.000000,5.0,2179.7204,1996.681,7728.0996,7911.139,PENDING_AG03,FALSE,NOT_FOR_ENFORCEMENT,9511.5072,139386.0115,9907.8200,9511.5072,396.3128,0.06119615,0.05874830,396.3128,9511.5072,0.05874830,396.3128,396.3128,396.3128,495.3910,495.3910,9511.5072,0.05874830,2179.7204,1996.681,7728.0996,7911.139,0.04773300,0.04886355,0.00244785,147.7214,132.4761,9.0400,1415.4029,74.4949,23128.9528,156.5714,33.6187,165.1188,102.1952,102.1952,204.3903,204.3903,204.3903,408.7806,102.1952,0.0,2.0,4.0,1.445484,22,85,18,2,0.03010888,0.06119615,-0.06918239,0E-8,0.000000,0.896797,0.998175,0.13442596,2026-06-30,2026-07-24,7,133,64,25,0.280000,0.203603,0.227582,0.100363,,,,,,,,GLOBAL_BASELINE_NO_ENTITY_RANKING,,,NOT_APPLICABLE_GLOBAL_BASELINE,HF9g-P5,,,,X 全窗基线 · 不参与实体赏罚,15057288,1506,A168_HF9F_20260827_0900,2026-08-27 09:00:00
2026-07-02,140064511,919,0,3883.4157707560,204.3903037240,204.3903037240,0.5185185,29,29,0.49879247931034483,0.498792479310,0.20499961066720027,0.20499961067078426,0.20499961066720027,3.4483E-13,ELIGIBLE,R03b_20260811_FULL_v1,L1_ELIGIBILITY,v2026-08-11,2026-03-21..2026-08-06,baccarat_bet02_101_all_pairs_incl_sentinel,round_win = game_pnl > 0 (decisive only),COMPATIBILITY_ONLY_NOT_PRODUCTION,161902.6693,145193.7620,9907.8200,1096,1096,-0.06119615,0.06918239,-0.06524357,-0.06119615,-9907.8200,161902.6693,OK,0.0000,396.3128,4.0000,96.0000,AG03-UNRESOLVED,ALL5_LEVELS_bet23_to_bet27,396.3128,396.3128,396.3128,495.3910,495.3910,4.000000,4.000000,4.000000,5.000000,5.000000,96.000000,96.000000,96.000000,95.000000,95.000000,5.0,2179.7204,1996.681,7728.0996,7911.139,PENDING_AG03,FALSE,NOT_FOR_ENFORCEMENT,9511.5072,139386.0115,9907.8200,9511.5072,396.3128,0.06119615,0.05874830,396.3128,9511.5072,0.05874830,396.3128,396.3128,396.3128,495.3910,495.3910,9511.5072,0.05874830,2179.7204,1996.681,7728.0996,7911.139,0.04773300,0.04886355,0.00244785,147.7214,132.4761,9.0400,1415.4029,74.4949,23128.9528,156.5714,33.6187,165.1188,102.1952,102.1952,204.3903,204.3903,204.3903,408.7806,102.1952,0.0,2.0,4.0,1.445484,22,85,18,2,0.03010888,0.06119615,-0.06918239,0E-8,0.000000,0.896797,0.998175,0.13442596,2026-06-30,2026-07-24,7,133,64,25,0.280000,0.203603,0.227582,0.100363,,,,,,,,GLOBAL_BASELINE_NO_ENTITY_RANKING,,,NOT_APPLICABLE_GLOBAL_BASELINE,HF9g-P5,,,,X 全窗基线 · 不参与实体赏罚,15057289,1506,A168_HF9F_20260827_0900,2026-08-27 09:00:00
2026-07-02,140064511,987,0,12876.5891346120,-3270.2448595840,-3270.2448595840,0.3437500,39,39,0.49702645384615385,0.497026453846,-1.7341557855748366,-1.7341557855730994,-1.7341557855748366,1.5385E-13,ELIGIBLE,R03b_20260811_FULL_v1,L1_ELIGIBILITY,v2026-08-11,2026-03-21..2026-08-06,baccarat_bet02_101_all_pairs_incl_sentinel,round_win = game_pnl > 0 (decisive only),COMPATIBILITY_ONLY_NOT_PRODUCTION,161902.6693,145193.7620,9907.8200,1096,1096,-0.06119615,0.06918239,-0.06524357,-0.06119615,-9907.8200,161902.6693,OK,0.0000,396.3128,4.0000,96.0000,AG03-UNRESOLVED,ALL5_LEVELS_bet23_to_bet27,396.3128,396.3128,396.3128,495.3910,495.3910,4.000000,4.000000,4.000000,5.000000,5.000000,96.000000,96.000000,96.000000,95.000000,95.000000,5.0,2179.7204,1996.681,7728.0996,7911.139,PENDING_AG03,FALSE,NOT_FOR_ENFORCEMENT,9511.5072,139386.0115,9907.8200,9511.5072,396.3128,0.06119615,0.05874830,396.3128,9511.5072,0.05874830,396.3128,396.3128,396.3128,495.3910,495.3910,9511.5072,0.05874830,2179.7204,1996.681,7728.0996,7911.139,0.04773300,0.04886355,0.00244785,147.7214,132.4761,9.0400,1415.4029,74.4949,23128.9528,156.5714,33.6187,165.1188,102.1952,102.1952,204.3903,204.3903,204.3903,408.7806,102.1952,0.0,2.0,4.0,1.445484,22,85,18,2,0.03010888,0.06119615,-0.06918239,0E-8,0.000000,0.896797,0.998175,0.13442596,2026-06-30,2026-07-24,7,133,64,25,0.280000,0.203603,0.227582,0.100363,,,,,,,,GLOBAL_BASELINE_NO_ENTITY_RANKING,,,NOT_APPLICABLE_GLOBAL_BASELINE,HF9g-P5,,,,X 全窗基线 · 不参与实体赏罚,15057290,1506,A168_HF9F_20260827_0900,2026-08-27 09:00:00
2026-07-03,140064511,-1,1,510.9757593100,-510.9757593100,-510.9757593100,0E-7,4,4,0.49659680000000000,0.496596800000,-1.9864332133590707,-1.986433213359071,-1.9864332133590707,0E-17,SENTINEL_DEALER,R03b_20260811_FULL_v1,L1_ELIGIBILITY,v2026-08-11,2026-03-21..2026-08-06,baccarat_bet02_101_all_pairs_incl_sentinel,round_win = game_pnl > 0 (decisive only),COMPATIBILITY_ONLY_NOT_PRODUCTION,161902.6693,145193.7620,9907.8200,1096,1096,-0.06119615,0.06918239,-0.06524357,-0.06119615,-9907.8200,161902.6693,OK,0.0000,396.3128,4.0000,96.0000,AG03-UNRESOLVED,ALL5_LEVELS_bet23_to_bet27,396.3128,396.3128,396.3128,495.3910,495.3910,4.000000,4.000000,4.000000,5.000000,5.000000,96.000000,96.000000,96.000000,95.000000,95.000000,5.0,2179.7204,1996.681,7728.0996,7911.139,PENDING_AG03,FALSE,NOT_FOR_ENFORCEMENT,9511.5072,139386.0115,9907.8200,9511.5072,396.3128,0.06119615,0.05874830,396.3128,9511.5072,0.05874830,396.3128,396.3128,396.3128,495.3910,495.3910,9511.5072,0.05874830,2179.7204,1996.681,7728.0996,7911.139,0.04773300,0.04886355,0.00244785,147.7214,132.4761,9.0400,1415.4029,74.4949,23128.9528,156.5714,33.6187,165.1188,102.1952,102.1952,204.3903,204.3903,204.3903,408.7806,102.1952,0.0,2.0,4.0,1.445484,22,85,18,2,0.03010888,0.06119615,-0.06918239,0E-8,0.000000,0.896797,0.998175,0.13442596,2026-06-30,2026-07-24,7,133,64,25,0.280000,0.203603,0.227582,0.100363,,,,,,,,GLOBAL_BASELINE_NO_ENTITY_RANKING,,,NOT_APPLICABLE_GLOBAL_BASELINE,HF9g-P5,,,,X 全窗基线 · 不参与实体赏罚,15057291,1506,A168_HF9F_20260827_0900,2026-08-27 09:00:00
2026-07-03,140064511,1094,0,817.5612148960,-122.6341822344,-122.6341822344,0.4500000,21,21,0.49899058571428571,0.498990585714,-0.43818601261013196,-0.4381860126075769,-0.43818601261013196,2.8571E-13,ELIGIBLE,R03b_20260811_FULL_v1,L1_ELIGIBILITY,v2026-08-11,2026-03-21..2026-08-06,baccarat_bet02_101_all_pairs_incl_sentinel,round_win = game_pnl > 0 (decisive only),COMPATIBILITY_ONLY_NOT_PRODUCTION,161902.6693,145193.7620,9907.8200,1096,1096,-0.06119615,0.06918239,-0.06524357,-0.06119615,-9907.8200,161902.6693,OK,0.0000,396.3128,4.0000,96.0000,AG03-UNRESOLVED,ALL5_LEVELS_bet23_to_bet27,396.3128,396.3128,396.3128,495.3910,495.3910,4.000000,4.000000,4.000000,5.000000,5.000000,96.000000,96.000000,96.000000,95.000000,95.000000,5.0,2179.7204,1996.681,7728.0996,7911.139,PENDING_AG03,FALSE,NOT_FOR_ENFORCEMENT,9511.5072,139386.0115,9907.8200,9511.5072,396.3128,0.06119615,0.05874830,396.3128,9511.5072,0.05874830,396.3128,396.3128,396.3128,495.3910,495.3910,9511.5072,0.05874830,2179.7204,1996.681,7728.0996,7911.139,0.04773300,0.04886355,0.00244785,147.7214,132.4761,9.0400,1415.4029,74.4949,23128.9528,156.5714,33.6187,165.1188,102.1952,102.1952,204.3903,204.3903,204.3903,408.7806,102.1952,0.0,2.0,4.0,1.445484,22,85,18,2,0.03010888,0.06119615,-0.06918239,0E-8,0.000000,0.896797,0.998175,0.13442596,2026-06-30,2026-07-24,7,133,64,25,0.280000,0.203603,0.227582,0.100363,,,,,,,,GLOBAL_BASELINE_NO_ENTITY_RANKING,,,NOT_APPLICABLE_GLOBAL_BASELINE,HF9g-P5,,,,X 全窗基线 · 不参与实体赏罚,15057292,1506,A168_HF9F_20260827_0900,2026-08-27 09:00:00
2026-07-03,140064511,1490,0,5375.4649879412,367.9025467032,367.9025467032,0.5384615,28,28,0.50042685714285714,0.500426857143,0.387879305823169,0.38787930582171215,0.387879305823169,-1.4286E-13,ELIGIBLE,R03b_20260811_FULL_v1,L1_ELIGIBILITY,v2026-08-11,2026-03-21..2026-08-06,baccarat_bet02_101_all_pairs_incl_sentinel,round_win = game_pnl > 0 (decisive only),COMPATIBILITY_ONLY_NOT_PRODUCTION,161902.6693,145193.7620,9907.8200,1096,1096,-0.06119615,0.06918239,-0.06524357,-0.06119615,-9907.8200,161902.6693,OK,0.0000,396.3128,4.0000,96.0000,AG03-UNRESOLVED,ALL5_LEVELS_bet23_to_bet27,396.3128,396.3128,396.3128,495.3910,495.3910,4.000000,4.000000,4.000000,5.000000,5.000000,96.000000,96.000000,96.000000,95.000000,95.000000,5.0,2179.7204,1996.681,7728.0996,7911.139,PENDING_AG03,FALSE,NOT_FOR_ENFORCEMENT,9511.5072,139386.0115,9907.8200,9511.5072,396.3128,0.06119615,0.05874830,396.3128,9511.5072,0.05874830,396.3128,396.3128,396.3128,495.3910,495.3910,9511.5072,0.05874830,2179.7204,1996.681,7728.0996,7911.139,0.04773300,0.04886355,0.00244785,147.7214,132.4761,9.0400,1415.4029,74.4949,23128.9528,156.5714,33.6187,165.1188,102.1952,102.1952,204.3903,204.3903,204.3903,408.7806,102.1952,0.0,2.0,4.0,1.445484,22,85,18,2,0.03010888,0.06119615,-0.06918239,0E-8,0.000000,0.896797,0.998175,0.13442596,2026-06-30,2026-07-24,7,133,64,25,0.280000,0.203603,0.227582,0.100363,,,,,,,,GLOBAL_BASELINE_NO_ENTITY_RANKING,,,NOT_APPLICABLE_GLOBAL_BASELINE,HF9g-P5,,,,X 全窗基线 · 不参与实体赏罚,15057293,1506,A168_HF9F_20260827_0900,2026-08-27 09:00:00
2026-07-03,140064511,1654,0,817.5612148960,-306.5854555860,-306.5854555860,0.2857143,8,8,0.50162375000000000,0.501623750000,-1.1424915209304196,-1.1424915209304196,-1.1424915209304196,0E-17,ELIGIBLE,R03b_20260811_FULL_v1,L1_ELIGIBILITY,v2026-08-11,2026-03-21..2026-08-06,baccarat_bet02_101_all_pairs_incl_sentinel,round_win = game_pnl > 0 (decisive only),COMPATIBILITY_ONLY_NOT_PRODUCTION,161902.6693,145193.7620,9907.8200,1096,1096,-0.06119615,0.06918239,-0.06524357,-0.06119615,-9907.8200,161902.6693,OK,0.0000,396.3128,4.0000,96.0000,AG03-UNRESOLVED,ALL5_LEVELS_bet23_to_bet27,396.3128,396.3128,396.3128,495.3910,495.3910,4.000000,4.000000,4.000000,5.000000,5.000000,96.000000,96.000000,96.000000,95.000000,95.000000,5.0,2179.7204,1996.681,7728.0996,7911.139,PENDING_AG03,FALSE,NOT_FOR_ENFORCEMENT,9511.5072,139386.0115,9907.8200,9511.5072,396.3128,0.06119615,0.05874830,396.3128,9511.5072,0.05874830,396.3128,396.3128,396.3128,495.3910,495.3910,9511.5072,0.05874830,2179.7204,1996.681,7728.0996,7911.139,0.04773300,0.04886355,0.00244785,147.7214,132.4761,9.0400,1415.4029,74.4949,23128.9528,156.5714,33.6187,165.1188,102.1952,102.1952,204.3903,204.3903,204.3903,408.7806,102.1952,0.0,2.0,4.0,1.445484,22,85,18,2,0.03010888,0.06119615,-0.06918239,0E-8,0.000000,0.896797,0.998175,0.13442596,2026-06-30,2026-07-24,7,133,64,25,0.280000,0.203603,0.227582,0.100363,,,,,,,,GLOBAL_BASELINE_NO_ENTITY_RANKING,,,NOT_APPLICABLE_GLOBAL_BASELINE,HF9g-P5,,,,X 全窗基线 · 不参与实体赏罚,15057294,1506,A168_HF9F_20260827_0900,2026-08-27 09:00:00
2026-07-03,140064511,1710,0,102.1951518620,-102.1951518620,-102.1951518620,0E-7,1,1,0.49324550000000000,0.493245500000,-0.9865810262130424,-0.9865810262130424,-0.9865810262130424,0E-17,ELIGIBLE,R03b_20260811_FULL_v1,L1_ELIGIBILITY,v2026-08-11,2026-03-21..2026-08-06,baccarat_bet02_101_all_pairs_incl_sentinel,round_win = game_pnl > 0 (decisive only),COMPATIBILITY_ONLY_NOT_PRODUCTION,161902.6693,145193.7620,9907.8200,1096,1096,-0.06119615,0.06918239,-0.06524357,-0.06119615,-9907.8200,161902.6693,OK,0.0000,396.3128,4.0000,96.0000,AG03-UNRESOLVED,ALL5_LEVELS_bet23_to_bet27,396.3128,396.3128,396.3128,495.3910,495.3910,4.000000,4.000000,4.000000,5.000000,5.000000,96.000000,96.000000,96.000000,95.000000,95.000000,5.0,2179.7204,1996.681,7728.0996,7911.139,PENDING_AG03,FALSE,NOT_FOR_ENFORCEMENT,9511.5072,139386.0115,9907.8200,9511.5072,396.3128,0.06119615,0.05874830,396.3128,9511.5072,0.05874830,396.3128,396.3128,396.3128,495.3910,495.3910,9511.5072,0.05874830,2179.7204,1996.681,7728.0996,7911.139,0.04773300,0.04886355,0.00244785,147.7214,132.4761,9.0400,1415.4029,74.4949,23128.9528,156.5714,33.6187,165.1188,102.1952,102.1952,204.3903,204.3903,204.3903,408.7806,102.1952,0.0,2.0,4.0,1.445484,22,85,18,2,0.03010888,0.06119615,-0.06918239,0E-8,0.000000,0.896797,0.998175,0.13442596,2026-06-30,2026-07-24,7,133,64,25,0.280000,0.203603,0.227582,0.100363,,,,,,,,GLOBAL_BASELINE_NO_ENTITY_RANKING,,,NOT_APPLICABLE_GLOBAL_BASELINE,HF9g-P5,,,,X 全窗基线 · 不参与实体赏罚,15057295,1506,A168_HF9F_20260827_0900,2026-08-27 09:00:00
2026-07-03,140064511,1940,0,204.3903037240,-204.3903037240,-204.3903037240,0E-7,1,1,0.50665070000000000,0.506650700000,-1.013391052207602,-1.013391052207602,-1.013391052207602,0E-17,ELIGIBLE,R03b_20260811_FULL_v1,L1_ELIGIBILITY,v2026-08-11,2026-03-21..2026-08-06,baccarat_bet02_101_all_pairs_incl_sentinel,round_win = game_pnl > 0 (decisive only),COMPATIBILITY_ONLY_NOT_PRODUCTION,161902.6693,145193.7620,9907.8200,1096,1096,-0.06119615,0.06918239,-0.06524357,-0.06119615,-9907.8200,161902.6693,OK,0.0000,396.3128,4.0000,96.0000,AG03-UNRESOLVED,ALL5_LEVELS_bet23_to_bet27,396.3128,396.3128,396.3128,495.3910,495.3910,4.000000,4.000000,4.000000,5.000000,5.000000,96.000000,96.000000,96.000000,95.000000,95.000000,5.0,2179.7204,1996.681,7728.0996,7911.139,PENDING_AG03,FALSE,NOT_FOR_ENFORCEMENT,9511.5072,139386.0115,9907.8200,9511.5072,396.3128,0.06119615,0.05874830,396.3128,9511.5072,0.05874830,396.3128,396.3128,396.3128,495.3910,495.3910,9511.5072,0.05874830,2179.7204,1996.681,7728.0996,7911.139,0.04773300,0.04886355,0.00244785,147.7214,132.4761,9.0400,1415.4029,74.4949,23128.9528,156.5714,33.6187,165.1188,102.1952,102.1952,204.3903,204.3903,204.3903,408.7806,102.1952,0.0,2.0,4.0,1.445484,22,85,18,2,0.03010888,0.06119615,-0.06918239,0E-8,0.000000,0.896797,0.998175,0.13442596,2026-06-30,2026-07-24,7,133,64,25,0.280000,0.203603,0.227582,0.100363,,,,,,,,GLOBAL_BASELINE_NO_ENTITY_RANKING,,,NOT_APPLICABLE_GLOBAL_BASELINE,HF9g-P5,,,,X 全窗基线 · 不参与实体赏罚,15057296,1506,A168_HF9F_20260827_0900,2026-08-27 09:00:00
2026-07-03,140064511,1985,0,715.3660630340,-510.9757593100,-510.9757593100,0E-7,4,4,0.49659680000000000,0.496596800000,-1.7203016256901094,-1.7203016256901091,-1.7203016256901094,0E-17,ELIGIBLE,R03b_20260811_FULL_v1,L1_ELIGIBILITY,v2026-08-11,2026-03-21..2026-08-06,baccarat_bet02_101_all_pairs_incl_sentinel,round_win = game_pnl > 0 (decisive only),COMPATIBILITY_ONLY_NOT_PRODUCTION,161902.6693,145193.7620,9907.8200,1096,1096,-0.06119615,0.06918239,-0.06524357,-0.06119615,-9907.8200,161902.6693,OK,0.0000,396.3128,4.0000,96.0000,AG03-UNRESOLVED,ALL5_LEVELS_bet23_to_bet27,396.3128,396.3128,396.3128,495.3910,495.3910,4.000000,4.000000,4.000000,5.000000,5.000000,96.000000,96.000000,96.000000,95.000000,95.000000,5.0,2179.7204,1996.681,7728.0996,7911.139,PENDING_AG03,FALSE,NOT_FOR_ENFORCEMENT,9511.5072,139386.0115,9907.8200,9511.5072,396.3128,0.06119615,0.05874830,396.3128,9511.5072,0.05874830,396.3128,396.3128,396.3128,495.3910,495.3910,9511.5072,0.05874830,2179.7204,1996.681,7728.0996,7911.139,0.04773300,0.04886355,0.00244785,147.7214,132.4761,9.0400,1415.4029,74.4949,23128.9528,156.5714,33.6187,165.1188,102.1952,102.1952,204.3903,204.3903,204.3903,408.7806,102.1952,0.0,2.0,4.0,1.445484,22,85,18,2,0.03010888,0.06119615,-0.06918239,0E-8,0.000000,0.896797,0.998175,0.13442596,2026-06-30,2026-07-24,7,133,64,25,0.280000,0.203603,0.227582,0.100363,,,,,,,,GLOBAL_BASELINE_NO_ENTITY_RANKING,,,NOT_APPLICABLE_GLOBAL_BASELINE,HF9g-P5,,,,X 全窗基线 · 不参与实体赏罚,15057297,1506,A168_HF9F_20260827_0900,2026-08-27 09:00:00
2026-07-03,140064511,2088,0,510.9757593100,306.5854555860,306.5854555860,0.8000000,5,5,0.50665070000000000,0.506650700000,1.3120140225494112,1.3120140225494112,1.3120140225494112,0E-17,ELIGIBLE,R03b_20260811_FULL_v1,L1_ELIGIBILITY,v2026-08-11,2026-03-21..2026-08-06,baccarat_bet02_101_all_pairs_incl_sentinel,round_win = game_pnl > 0 (decisive only),COMPATIBILITY_ONLY_NOT_PRODUCTION,161902.6693,145193.7620,9907.8200,1096,1096,-0.06119615,0.06918239,-0.06524357,-0.06119615,-9907.8200,161902.6693,OK,0.0000,396.3128,4.0000,96.0000,AG03-UNRESOLVED,ALL5_LEVELS_bet23_to_bet27,396.3128,396.3128,396.3128,495.3910,495.3910,4.000000,4.000000,4.000000,5.000000,5.000000,96.000000,96.000000,96.000000,95.000000,95.000000,5.0,2179.7204,1996.681,7728.0996,7911.139,PENDING_AG03,FALSE,NOT_FOR_ENFORCEMENT,9511.5072,139386.0115,9907.8200,9511.5072,396.3128,0.06119615,0.05874830,396.3128,9511.5072,0.05874830,396.3128,396.3128,396.3128,495.3910,495.3910,9511.5072,0.05874830,2179.7204,1996.681,7728.0996,7911.139,0.04773300,0.04886355,0.00244785,147.7214,132.4761,9.0400,1415.4029,74.4949,23128.9528,156.5714,33.6187,165.1188,102.1952,102.1952,204.3903,204.3903,204.3903,408.7806,102.1952,0.0,2.0,4.0,1.445484,22,85,18,2,0.03010888,0.06119615,-0.06918239,0E-8,0.000000,0.896797,0.998175,0.13442596,2026-06-30,2026-07-24,7,133,64,25,0.280000,0.203603,0.227582,0.100363,,,,,,,,GLOBAL_BASELINE_NO_ENTITY_RANKING,,,NOT_APPLICABLE_GLOBAL_BASELINE,HF9g-P5,,,,X 全窗基线 · 不参与实体赏罚,15057298,1506,A168_HF9F_20260827_0900,2026-08-27 09:00:00
2026-07-03,140064511,2106,0,1073.0490945510,-715.3660630340,-715.3660630340,0.1666667,7,7,0.50282064285714286,0.502820642857,-1.6468376381237455,-1.6468376381230425,-1.6468376381237455,1.4286E-13,ELIGIBLE,R03b_20260811_FULL_v1,L1_ELIGIBILITY,v2026-08-11,2026-03-21..2026-08-06,baccarat_bet02_101_all_pairs_incl_sentinel,round_win = game_pnl > 0 (decisive only),COMPATIBILITY_ONLY_NOT_PRODUCTION,161902.6693,145193.7620,9907.8200,1096,1096,-0.06119615,0.06918239,-0.06524357,-0.06119615,-9907.8200,161902.6693,OK,0.0000,396.3128,4.0000,96.0000,AG03-UNRESOLVED,ALL5_LEVELS_bet23_to_bet27,396.3128,396.3128,396.3128,495.3910,495.3910,4.000000,4.000000,4.000000,5.000000,5.000000,96.000000,96.000000,96.000000,95.000000,95.000000,5.0,2179.7204,1996.681,7728.0996,7911.139,PENDING_AG03,FALSE,NOT_FOR_ENFORCEMENT,9511.5072,139386.0115,9907.8200,9511.5072,396.3128,0.06119615,0.05874830,396.3128,9511.5072,0.05874830,396.3128,396.3128,396.3128,495.3910,495.3910,9511.5072,0.05874830,2179.7204,1996.681,7728.0996,7911.139,0.04773300,0.04886355,0.00244785,147.7214,132.4761,9.0400,1415.4029,74.4949,23128.9528,156.5714,33.6187,165.1188,102.1952,102.1952,204.3903,204.3903,204.3903,408.7806,102.1952,0.0,2.0,4.0,1.445484,22,85,18,2,0.03010888,0.06119615,-0.06918239,0E-8,0.000000,0.896797,0.998175,0.13442596,2026-06-30,2026-07-24,7,133,64,25,0.280000,0.203603,0.227582,0.100363,,,,,,,,GLOBAL_BASELINE_NO_ENTITY_RANKING,,,NOT_APPLICABLE_GLOBAL_BASELINE,HF9g-P5,,,,X 全窗基线 · 不参与实体赏罚,15057299,1506,A168_HF9F_20260827_0900,2026-08-27 09:00:00
2026-07-03,140064511,2115,0,613.1709111720,-204.3903037240,-204.3903037240,0.3333333,3,3,0.50218230000000000,0.502182300000,-0.5849155494134425,-0.5849155494134426,-0.5849155494134425,0E-17,ELIGIBLE,R03b_20260811_FULL_v1,L1_ELIGIBILITY,v2026-08-11,2026-03-21..2026-08-06,baccarat_bet02_101_all_pairs_incl_sentinel,round_win = game_pnl > 0 (decisive only),COMPATIBILITY_ONLY_NOT_PRODUCTION,161902.6693,145193.7620,9907.8200,1096,1096,-0.06119615,0.06918239,-0.06524357,-0.06119615,-9907.8200,161902.6693,OK,0.0000,396.3128,4.0000,96.0000,AG03-UNRESOLVED,ALL5_LEVELS_bet23_to_bet27,396.3128,396.3128,396.3128,495.3910,495.3910,4.000000,4.000000,4.000000,5.000000,5.000000,96.000000,96.000000,96.000000,95.000000,95.000000,5.0,2179.7204,1996.681,7728.0996,7911.139,PENDING_AG03,FALSE,NOT_FOR_ENFORCEMENT,9511.5072,139386.0115,9907.8200,9511.5072,396.3128,0.06119615,0.05874830,396.3128,9511.5072,0.05874830,396.3128,396.3128,396.3128,495.3910,495.3910,9511.5072,0.05874830,2179.7204,1996.681,7728.0996,7911.139,0.04773300,0.04886355,0.00244785,147.7214,132.4761,9.0400,1415.4029,74.4949,23128.9528,156.5714,33.6187,165.1188,102.1952,102.1952,204.3903,204.3903,204.3903,408.7806,102.1952,0.0,2.0,4.0,1.445484,22,85,18,2,0.03010888,0.06119615,-0.06918239,0E-8,0.000000,0.896797,0.998175,0.13442596,2026-06-30,2026-07-24,7,133,64,25,0.280000,0.203603,0.227582,0.100363,,,,,,,,GLOBAL_BASELINE_NO_ENTITY_RANKING,,,NOT_APPLICABLE_GLOBAL_BASELINE,HF9g-P5,,,,X 全窗基线 · 不参与实体赏罚,15057300,1506,A168_HF9F_20260827_0900,2026-08-27 09:00:00
2026-07-03,140064511,2167,0,81.7561214896,-81.7561214896,-81.7561214896,0E-7,1,1,0.49324550000000000,0.493245500000,-0.9865810262130424,-0.9865810262130424,-0.9865810262130424,0E-17,ELIGIBLE,R03b_20260811_FULL_v1,L1_ELIGIBILITY,v2026-08-11,2026-03-21..2026-08-06,baccarat_bet02_101_all_pairs_incl_sentinel,round_win = game_pnl > 0 (decisive only),COMPATIBILITY_ONLY_NOT_PRODUCTION,161902.6693,145193.7620,9907.8200,1096,1096,-0.06119615,0.06918239,-0.06524357,-0.06119615,-9907.8200,161902.6693,OK,0.0000,396.3128,4.0000,96.0000,AG03-UNRESOLVED,ALL5_LEVELS_bet23_to_bet27,396.3128,396.3128,396.3128,495.3910,495.3910,4.000000,4.000000,4.000000,5.000000,5.000000,96.000000,96.000000,96.000000,95.000000,95.000000,5.0,2179.7204,1996.681,7728.0996,7911.139,PENDING_AG03,FALSE,NOT_FOR_ENFORCEMENT,9511.5072,139386.0115,9907.8200,9511.5072,396.3128,0.06119615,0.05874830,396.3128,9511.5072,0.05874830,396.3128,396.3128,396.3128,495.3910,495.3910,9511.5072,0.05874830,2179.7204,1996.681,7728.0996,7911.139,0.04773300,0.04886355,0.00244785,147.7214,132.4761,9.0400,1415.4029,74.4949,23128.9528,156.5714,33.6187,165.1188,102.1952,102.1952,204.3903,204.3903,204.3903,408.7806,102.1952,0.0,2.0,4.0,1.445484,22,85,18,2,0.03010888,0.06119615,-0.06918239,0E-8,0.000000,0.896797,0.998175,0.13442596,2026-06-30,2026-07-24,7,133,64,25,0.280000,0.203603,0.227582,0.100363,,,,,,,,GLOBAL_BASELINE_NO_ENTITY_RANKING,,,NOT_APPLICABLE_GLOBAL_BASELINE,HF9g-P5,,,,X 全窗基线 · 不参与实体赏罚,15057301,1506,A168_HF9F_20260827_0900,2026-08-27 09:00:00
2026-07-03,140064511,2261,0,102.1951518620,102.1951518620,102.1951518620,1.0000000,1,1,0.49324550000000000,0.493245500000,1.01360149184955,1.01360149184955,1.01360149184955,0E-17,ELIGIBLE,R03b_20260811_FULL_v1,L1_ELIGIBILITY,v2026-08-11,2026-03-21..2026-08-06,baccarat_bet02_101_all_pairs_incl_sentinel,round_win = game_pnl > 0 (decisive only),COMPATIBILITY_ONLY_NOT_PRODUCTION,161902.6693,145193.7620,9907.8200,1096,1096,-0.06119615,0.06918239,-0.06524357,-0.06119615,-9907.8200,161902.6693,OK,0.0000,396.3128,4.0000,96.0000,AG03-UNRESOLVED,ALL5_LEVELS_bet23_to_bet27,396.3128,396.3128,396.3128,495.3910,495.3910,4.000000,4.000000,4.000000,5.000000,5.000000,96.000000,96.000000,96.000000,95.000000,95.000000,5.0,2179.7204,1996.681,7728.0996,7911.139,PENDING_AG03,FALSE,NOT_FOR_ENFORCEMENT,9511.5072,139386.0115,9907.8200,9511.5072,396.3128,0.06119615,0.05874830,396.3128,9511.5072,0.05874830,396.3128,396.3128,396.3128,495.3910,495.3910,9511.5072,0.05874830,2179.7204,1996.681,7728.0996,7911.139,0.04773300,0.04886355,0.00244785,147.7214,132.4761,9.0400,1415.4029,74.4949,23128.9528,156.5714,33.6187,165.1188,102.1952,102.1952,204.3903,204.3903,204.3903,408.7806,102.1952,0.0,2.0,4.0,1.445484,22,85,18,2,0.03010888,0.06119615,-0.06918239,0E-8,0.000000,0.896797,0.998175,0.13442596,2026-06-30,2026-07-24,7,133,64,25,0.280000,0.203603,0.227582,0.100363,,,,,,,,GLOBAL_BASELINE_NO_ENTITY_RANKING,,,NOT_APPLICABLE_GLOBAL_BASELINE,HF9g-P5,,,,X 全窗基线 · 不参与实体赏罚,15057302,1506,A168_HF9F_20260827_0900,2026-08-27 09:00:00
2026-07-03,140064511,2267,0,224.8293340964,-183.9512733516,-183.9512733516,0.5000000,2,2,0.49994810000000000,0.499948100000,0.00014679536856514622,0.00014679536856514622,0.00014679536856514622,0E-17,ELIGIBLE,R03b_20260811_FULL_v1,L1_ELIGIBILITY,v2026-08-11,2026-03-21..2026-08-06,baccarat_bet02_101_all_pairs_incl_sentinel,round_win = game_pnl > 0 (decisive only),COMPATIBILITY_ONLY_NOT_PRODUCTION,161902.6693,145193.7620,9907.8200,1096,1096,-0.06119615,0.06918239,-0.06524357,-0.06119615,-9907.8200,161902.6693,OK,0.0000,396.3128,4.0000,96.0000,AG03-UNRESOLVED,ALL5_LEVELS_bet23_to_bet27,396.3128,396.3128,396.3128,495.3910,495.3910,4.000000,4.000000,4.000000,5.000000,5.000000,96.000000,96.000000,96.000000,95.000000,95.000000,5.0,2179.7204,1996.681,7728.0996,7911.139,PENDING_AG03,FALSE,NOT_FOR_ENFORCEMENT,9511.5072,139386.0115,9907.8200,9511.5072,396.3128,0.06119615,0.05874830,396.3128,9511.5072,0.05874830,396.3128,396.3128,396.3128,495.3910,495.3910,9511.5072,0.05874830,2179.7204,1996.681,7728.0996,7911.139,0.04773300,0.04886355,0.00244785,147.7214,132.4761,9.0400,1415.4029,74.4949,23128.9528,156.5714,33.6187,165.1188,102.1952,102.1952,204.3903,204.3903,204.3903,408.7806,102.1952,0.0,2.0,4.0,1.445484,22,85,18,2,0.03010888,0.06119615,-0.06918239,0E-8,0.000000,0.896797,0.998175,0.13442596,2026-06-30,2026-07-24,7,133,64,25,0.280000,0.203603,0.227582,0.100363,,,,,,,,GLOBAL_BASELINE_NO_ENTITY_RANKING,,,NOT_APPLICABLE_GLOBAL_BASELINE,HF9g-P5,,,,X 全窗基线 · 不参与实体赏罚,15057303,1506,A168_HF9F_20260827_0900,2026-08-27 09:00:00
2026-07-03,140064511,462,0,81.7561214896,0E-10,0E-10,0.5000000,2,2,0.49994810000000000,0.499948100000,0.00014679536856514622,0.00014679536856514622,0.00014679536856514622,0E-17,ELIGIBLE,R03b_20260811_FULL_v1,L1_ELIGIBILITY,v2026-08-11,2026-03-21..2026-08-06,baccarat_bet02_101_all_pairs_incl_sentinel,round_win = game_pnl > 0 (decisive only),COMPATIBILITY_ONLY_NOT_PRODUCTION,161902.6693,145193.7620,9907.8200,1096,1096,-0.06119615,0.06918239,-0.06524357,-0.06119615,-9907.8200,161902.6693,OK,0.0000,396.3128,4.0000,96.0000,AG03-UNRESOLVED,ALL5_LEVELS_bet23_to_bet27,396.3128,396.3128,396.3128,495.3910,495.3910,4.000000,4.000000,4.000000,5.000000,5.000000,96.000000,96.000000,96.000000,95.000000,95.000000,5.0,2179.7204,1996.681,7728.0996,7911.139,PENDING_AG03,FALSE,NOT_FOR_ENFORCEMENT,9511.5072,139386.0115,9907.8200,9511.5072,396.3128,0.06119615,0.05874830,396.3128,9511.5072,0.05874830,396.3128,396.3128,396.3128,495.3910,495.3910,9511.5072,0.05874830,2179.7204,1996.681,7728.0996,7911.139,0.04773300,0.04886355,0.00244785,147.7214,132.4761,9.0400,1415.4029,74.4949,23128.9528,156.5714,33.6187,165.1188,102.1952,102.1952,204.3903,204.3903,204.3903,408.7806,102.1952,0.0,2.0,4.0,1.445484,22,85,18,2,0.03010888,0.06119615,-0.06918239,0E-8,0.000000,0.896797,0.998175,0.13442596,2026-06-30,2026-07-24,7,133,64,25,0.280000,0.203603,0.227582,0.100363,,,,,,,,GLOBAL_BASELINE_NO_ENTITY_RANKING,,,NOT_APPLICABLE_GLOBAL_BASELINE,HF9g-P5,,,,X 全窗基线 · 不参与实体赏罚,15057304,1506,A168_HF9F_20260827_0900,2026-08-27 09:00:00
2026-07-03,140064511,583,0,2861.4642521360,-510.9757593100,-510.9757593100,0.4285714,22,22,0.50238540909090909,0.502385409091,-0.6765240052788751,-0.676524005279709,-0.6765240052788751,-9.091E-14,ELIGIBLE,R03b_20260811_FULL_v1,L1_ELIGIBILITY,v2026-08-11,2026-03-21..2026-08-06,baccarat_bet02_101_all_pairs_incl_sentinel,round_win = game_pnl > 0 (decisive only),COMPATIBILITY_ONLY_NOT_PRODUCTION,161902.6693,145193.7620,9907.8200,1096,1096,-0.06119615,0.06918239,-0.06524357,-0.06119615,-9907.8200,161902.6693,OK,0.0000,396.3128,4.0000,96.0000,AG03-UNRESOLVED,ALL5_LEVELS_bet23_to_bet27,396.3128,396.3128,396.3128,495.3910,495.3910,4.000000,4.000000,4.000000,5.000000,5.000000,96.000000,96.000000,96.000000,95.000000,95.000000,5.0,2179.7204,1996.681,7728.0996,7911.139,PENDING_AG03,FALSE,NOT_FOR_ENFORCEMENT,9511.5072,139386.0115,9907.8200,9511.5072,396.3128,0.06119615,0.05874830,396.3128,9511.5072,0.05874830,396.3128,396.3128,396.3128,495.3910,495.3910,9511.5072,0.05874830,2179.7204,1996.681,7728.0996,7911.139,0.04773300,0.04886355,0.00244785,147.7214,132.4761,9.0400,1415.4029,74.4949,23128.9528,156.5714,33.6187,165.1188,102.1952,102.1952,204.3903,204.3903,204.3903,408.7806,102.1952,0.0,2.0,4.0,1.445484,22,85,18,2,0.03010888,0.06119615,-0.06918239,0E-8,0.000000,0.896797,0.998175,0.13442596,2026-06-30,2026-07-24,7,133,64,25,0.280000,0.203603,0.227582,0.100363,,,,,,,,GLOBAL_BASELINE_NO_ENTITY_RANKING,,,NOT_APPLICABLE_GLOBAL_BASELINE,HF9g-P5,,,,X 全窗基线 · 不参与实体赏罚,15057305,1506,A168_HF9F_20260827_0900,2026-08-27 09:00:00
2026-07-03,140064511,987,0,817.5612148960,0E-10,0E-10,0.5000000,4,4,0.49659680000000000,0.496596800000,0.013613115331600182,0.013613115331600183,0.013613115331600182,0E-17,ELIGIBLE,R03b_20260811_FULL_v1,L1_ELIGIBILITY,v2026-08-11,2026-03-21..2026-08-06,baccarat_bet02_101_all_pairs_incl_sentinel,round_win = game_pnl > 0 (decisive only),COMPATIBILITY_ONLY_NOT_PRODUCTION,161902.6693,145193.7620,9907.8200,1096,1096,-0.06119615,0.06918239,-0.06524357,-0.06119615,-9907.8200,161902.6693,OK,0.0000,396.3128,4.0000,96.0000,AG03-UNRESOLVED,ALL5_LEVELS_bet23_to_bet27,396.3128,396.3128,396.3128,495.3910,495.3910,4.000000,4.000000,4.000000,5.000000,5.000000,96.000000,96.000000,96.000000,95.000000,95.000000,5.0,2179.7204,1996.681,7728.0996,7911.139,PENDING_AG03,FALSE,NOT_FOR_ENFORCEMENT,9511.5072,139386.0115,9907.8200,9511.5072,396.3128,0.06119615,0.05874830,396.3128,9511.5072,0.05874830,396.3128,396.3128,396.3128,495.3910,495.3910,9511.5072,0.05874830,2179.7204,1996.681,7728.0996,7911.139,0.04773300,0.04886355,0.00244785,147.7214,132.4761,9.0400,1415.4029,74.4949,23128.9528,156.5714,33.6187,165.1188,102.1952,102.1952,204.3903,204.3903,204.3903,408.7806,102.1952,0.0,2.0,4.0,1.445484,22,85,18,2,0.03010888,0.06119615,-0.06918239,0E-8,0.000000,0.896797,0.998175,0.13442596,2026-06-30,2026-07-24,7,133,64,25,0.280000,0.203603,0.227582,0.100363,,,,,,,,GLOBAL_BASELINE_NO_ENTITY_RANKING,,,NOT_APPLICABLE_GLOBAL_BASELINE,HF9g-P5,,,,X 全窗基线 · 不参与实体赏罚,15057306,1506,A168_HF9F_20260827_0900,2026-08-27 09:00:00
2026-07-05,140064511,1109,0,20.4390303724,20.4390303724,20.4390303724,1.0000000,2,2,0.49324550000000000,0.493245500000,1.4334489766152358,1.4334489766152358,1.4334489766152358,0E-17,ELIGIBLE,R03b_20260811_FULL_v1,L1_ELIGIBILITY,v2026-08-11,2026-03-21..2026-08-06,baccarat_bet02_101_all_pairs_incl_sentinel,round_win = game_pnl > 0 (decisive only),COMPATIBILITY_ONLY_NOT_PRODUCTION,161902.6693,145193.7620,9907.8200,1096,1096,-0.06119615,0.06918239,-0.06524357,-0.06119615,-9907.8200,161902.6693,OK,0.0000,396.3128,4.0000,96.0000,AG03-UNRESOLVED,ALL5_LEVELS_bet23_to_bet27,396.3128,396.3128,396.3128,495.3910,495.3910,4.000000,4.000000,4.000000,5.000000,5.000000,96.000000,96.000000,96.000000,95.000000,95.000000,5.0,2179.7204,1996.681,7728.0996,7911.139,PENDING_AG03,FALSE,NOT_FOR_ENFORCEMENT,9511.5072,139386.0115,9907.8200,9511.5072,396.3128,0.06119615,0.05874830,396.3128,9511.5072,0.05874830,396.3128,396.3128,396.3128,495.3910,495.3910,9511.5072,0.05874830,2179.7204,1996.681,7728.0996,7911.139,0.04773300,0.04886355,0.00244785,147.7214,132.4761,9.0400,1415.4029,74.4949,23128.9528,156.5714,33.6187,165.1188,102.1952,102.1952,204.3903,204.3903,204.3903,408.7806,102.1952,0.0,2.0,4.0,1.445484,22,85,18,2,0.03010888,0.06119615,-0.06918239,0E-8,0.000000,0.896797,0.998175,0.13442596,2026-06-30,2026-07-24,7,133,64,25,0.280000,0.203603,0.227582,0.100363,,,,,,,,GLOBAL_BASELINE_NO_ENTITY_RANKING,,,NOT_APPLICABLE_GLOBAL_BASELINE,HF9g-P5,,,,X 全窗基线 · 不参与实体赏罚,15057307,1506,A168_HF9F_20260827_0900,2026-08-27 09:00:00
2026-07-05,140064511,1205,0,20.4390303724,20.4390303724,20.4390303724,1.0000000,2,2,0.49324550000000000,0.493245500000,1.4334489766152358,1.4334489766152358,1.4334489766152358,0E-17,ELIGIBLE,R03b_20260811_FULL_v1,L1_ELIGIBILITY,v2026-08-11,2026-03-21..2026-08-06,baccarat_bet02_101_all_pairs_incl_sentinel,round_win = game_pnl > 0 (decisive only),COMPATIBILITY_ONLY_NOT_PRODUCTION,161902.6693,145193.7620,9907.8200,1096,1096,-0.06119615,0.06918239,-0.06524357,-0.06119615,-9907.8200,161902.6693,OK,0.0000,396.3128,4.0000,96.0000,AG03-UNRESOLVED,ALL5_LEVELS_bet23_to_bet27,396.3128,396.3128,396.3128,495.3910,495.3910,4.000000,4.000000,4.000000,5.000000,5.000000,96.000000,96.000000,96.000000,95.000000,95.000000,5.0,2179.7204,1996.681,7728.0996,7911.139,PENDING_AG03,FALSE,NOT_FOR_ENFORCEMENT,9511.5072,139386.0115,9907.8200,9511.5072,396.3128,0.06119615,0.05874830,396.3128,9511.5072,0.05874830,396.3128,396.3128,396.3128,495.3910,495.3910,9511.5072,0.05874830,2179.7204,1996.681,7728.0996,7911.139,0.04773300,0.04886355,0.00244785,147.7214,132.4761,9.0400,1415.4029,74.4949,23128.9528,156.5714,33.6187,165.1188,102.1952,102.1952,204.3903,204.3903,204.3903,408.7806,102.1952,0.0,2.0,4.0,1.445484,22,85,18,2,0.03010888,0.06119615,-0.06918239,0E-8,0.000000,0.896797,0.998175,0.13442596,2026-06-30,2026-07-24,7,133,64,25,0.280000,0.203603,0.227582,0.100363,,,,,,,,GLOBAL_BASELINE_NO_ENTITY_RANKING,,,NOT_APPLICABLE_GLOBAL_BASELINE,HF9g-P5,,,,X 全窗基线 · 不参与实体赏罚,15057308,1506,A168_HF9F_20260827_0900,2026-08-27 09:00:00
2026-07-05,140064511,1383,0,5.1097575931,-5.1097575931,-5.1097575931,0E-7,1,1,0.49324550000000000,0.493245500000,-0.9865810262130424,-0.9865810262130424,-0.9865810262130424,0E-17,ELIGIBLE,R03b_20260811_FULL_v1,L1_ELIGIBILITY,v2026-08-11,2026-03-21..2026-08-06,baccarat_bet02_101_all_pairs_incl_sentinel,round_win = game_pnl > 0 (decisive only),COMPATIBILITY_ONLY_NOT_PRODUCTION,161902.6693,145193.7620,9907.8200,1096,1096,-0.06119615,0.06918239,-0.06524357,-0.06119615,-9907.8200,161902.6693,OK,0.0000,396.3128,4.0000,96.0000,AG03-UNRESOLVED,ALL5_LEVELS_bet23_to_bet27,396.3128,396.3128,396.3128,495.3910,495.3910,4.000000,4.000000,4.000000,5.000000,5.000000,96.000000,96.000000,96.000000,95.000000,95.000000,5.0,2179.7204,1996.681,7728.0996,7911.139,PENDING_AG03,FALSE,NOT_FOR_ENFORCEMENT,9511.5072,139386.0115,9907.8200,9511.5072,396.3128,0.06119615,0.05874830,396.3128,9511.5072,0.05874830,396.3128,396.3128,396.3128,495.3910,495.3910,9511.5072,0.05874830,2179.7204,1996.681,7728.0996,7911.139,0.04773300,0.04886355,0.00244785,147.7214,132.4761,9.0400,1415.4029,74.4949,23128.9528,156.5714,33.6187,165.1188,102.1952,102.1952,204.3903,204.3903,204.3903,408.7806,102.1952,0.0,2.0,4.0,1.445484,22,85,18,2,0.03010888,0.06119615,-0.06918239,0E-8,0.000000,0.896797,0.998175,0.13442596,2026-06-30,2026-07-24,7,133,64,25,0.280000,0.203603,0.227582,0.100363,,,,,,,,GLOBAL_BASELINE_NO_ENTITY_RANKING,,,NOT_APPLICABLE_GLOBAL_BASELINE,HF9g-P5,,,,X 全窗基线 · 不参与实体赏罚,15057309,1506,A168_HF9F_20260827_0900,2026-08-27 09:00:00
2026-07-05,140064511,595,0,10.2195151862,0E-10,0E-10,,1,1,0.49324550000000000,0.493245500000,,,,0E-17,NO_DECISIVE_ROUND,R03b_20260811_FULL_v1,L1_ELIGIBILITY,v2026-08-11,2026-03-21..2026-08-06,baccarat_bet02_101_all_pairs_incl_sentinel,round_win = game_pnl > 0 (decisive only),COMPATIBILITY_ONLY_NOT_PRODUCTION,161902.6693,145193.7620,9907.8200,1096,1096,-0.06119615,0.06918239,-0.06524357,-0.06119615,-9907.8200,161902.6693,OK,0.0000,396.3128,4.0000,96.0000,AG03-UNRESOLVED,ALL5_LEVELS_bet23_to_bet27,396.3128,396.3128,396.3128,495.3910,495.3910,4.000000,4.000000,4.000000,5.000000,5.000000,96.000000,96.000000,96.000000,95.000000,95.000000,5.0,2179.7204,1996.681,7728.0996,7911.139,PENDING_AG03,FALSE,NOT_FOR_ENFORCEMENT,9511.5072,139386.0115,9907.8200,9511.5072,396.3128,0.06119615,0.05874830,396.3128,9511.5072,0.05874830,396.3128,396.3128,396.3128,495.3910,495.3910,9511.5072,0.05874830,2179.7204,1996.681,7728.0996,7911.139,0.04773300,0.04886355,0.00244785,147.7214,132.4761,9.0400,1415.4029,74.4949,23128.9528,156.5714,33.6187,165.1188,102.1952,102.1952,204.3903,204.3903,204.3903,408.7806,102.1952,0.0,2.0,4.0,1.445484,22,85,18,2,0.03010888,0.06119615,-0.06918239,0E-8,0.000000,0.896797,0.998175,0.13442596,2026-06-30,2026-07-24,7,133,64,25,0.280000,0.203603,0.227582,0.100363,,,,,,,,GLOBAL_BASELINE_NO_ENTITY_RANKING,,,NOT_APPLICABLE_GLOBAL_BASELINE,HF9g-P5,,,,X 全窗基线 · 不参与实体赏罚,15057310,1506,A168_HF9F_20260827_0900,2026-08-27 09:00:00
2026-07-23,140064511,-1,1,40.8780607448,-40.8780607448,-40.8780607448,0E-7,1,1,0.50665070000000000,0.506650700000,-1.013391052207602,-1.013391052207602,-1.013391052207602,0E-17,SENTINEL_DEALER,R03b_20260811_FULL_v1,L1_ELIGIBILITY,v2026-08-11,2026-03-21..2026-08-06,baccarat_bet02_101_all_pairs_incl_sentinel,round_win = game_pnl > 0 (decisive only),COMPATIBILITY_ONLY_NOT_PRODUCTION,161902.6693,145193.7620,9907.8200,1096,1096,-0.06119615,0.06918239,-0.06524357,-0.06119615,-9907.8200,161902.6693,OK,0.0000,396.3128,4.0000,96.0000,AG03-UNRESOLVED,ALL5_LEVELS_bet23_to_bet27,396.3128,396.3128,396.3128,495.3910,495.3910,4.000000,4.000000,4.000000,5.000000,5.000000,96.000000,96.000000,96.000000,95.000000,95.000000,5.0,2179.7204,1996.681,7728.0996,7911.139,PENDING_AG03,FALSE,NOT_FOR_ENFORCEMENT,9511.5072,139386.0115,9907.8200,9511.5072,396.3128,0.06119615,0.05874830,396.3128,9511.5072,0.05874830,396.3128,396.3128,396.3128,495.3910,495.3910,9511.5072,0.05874830,2179.7204,1996.681,7728.0996,7911.139,0.04773300,0.04886355,0.00244785,147.7214,132.4761,9.0400,1415.4029,74.4949,23128.9528,156.5714,33.6187,165.1188,102.1952,102.1952,204.3903,204.3903,204.3903,408.7806,102.1952,0.0,2.0,4.0,1.445484,22,85,18,2,0.03010888,0.06119615,-0.06918239,0E-8,0.000000,0.896797,0.998175,0.13442596,2026-06-30,2026-07-24,7,133,64,25,0.280000,0.203603,0.227582,0.100363,,,,,,,,GLOBAL_BASELINE_NO_ENTITY_RANKING,,,NOT_APPLICABLE_GLOBAL_BASELINE,HF9g-P5,,,,X 全窗基线 · 不参与实体赏罚,15057311,1506,A168_HF9F_20260827_0900,2026-08-27 09:00:00
2026-07-23,140064511,1323,0,122.6341822344,122.6341822344,122.6341822344,1.0000000,3,3,0.50218230000000000,0.502182300000,1.724507524396475,1.7245075243964754,1.724507524396475,0E-17,ELIGIBLE,R03b_20260811_FULL_v1,L1_ELIGIBILITY,v2026-08-11,2026-03-21..2026-08-06,baccarat_bet02_101_all_pairs_incl_sentinel,round_win = game_pnl > 0 (decisive only),COMPATIBILITY_ONLY_NOT_PRODUCTION,161902.6693,145193.7620,9907.8200,1096,1096,-0.06119615,0.06918239,-0.06524357,-0.06119615,-9907.8200,161902.6693,OK,0.0000,396.3128,4.0000,96.0000,AG03-UNRESOLVED,ALL5_LEVELS_bet23_to_bet27,396.3128,396.3128,396.3128,495.3910,495.3910,4.000000,4.000000,4.000000,5.000000,5.000000,96.000000,96.000000,96.000000,95.000000,95.000000,5.0,2179.7204,1996.681,7728.0996,7911.139,PENDING_AG03,FALSE,NOT_FOR_ENFORCEMENT,9511.5072,139386.0115,9907.8200,9511.5072,396.3128,0.06119615,0.05874830,396.3128,9511.5072,0.05874830,396.3128,396.3128,396.3128,495.3910,495.3910,9511.5072,0.05874830,2179.7204,1996.681,7728.0996,7911.139,0.04773300,0.04886355,0.00244785,147.7214,132.4761,9.0400,1415.4029,74.4949,23128.9528,156.5714,33.6187,165.1188,102.1952,102.1952,204.3903,204.3903,204.3903,408.7806,102.1952,0.0,2.0,4.0,1.445484,22,85,18,2,0.03010888,0.06119615,-0.06918239,0E-8,0.000000,0.896797,0.998175,0.13442596,2026-06-30,2026-07-24,7,133,64,25,0.280000,0.203603,0.227582,0.100363,,,,,,,,GLOBAL_BASELINE_NO_ENTITY_RANKING,,,NOT_APPLICABLE_GLOBAL_BASELINE,HF9g-P5,,,,X 全窗基线 · 不参与实体赏罚,15057312,1506,A168_HF9F_20260827_0900,2026-08-27 09:00:00
2026-07-23,140064511,1623,0,204.3903037240,-40.8780607448,-40.8780607448,0.4000000,6,6,0.50218230000000000,0.502182300000,-0.4569774904649096,-0.4569774904649096,-0.4569774904649096,0E-17,ELIGIBLE,R03b_20260811_FULL_v1,L1_ELIGIBILITY,v2026-08-11,2026-03-21..2026-08-06,baccarat_bet02_101_all_pairs_incl_sentinel,round_win = game_pnl > 0 (decisive only),COMPATIBILITY_ONLY_NOT_PRODUCTION,161902.6693,145193.7620,9907.8200,1096,1096,-0.06119615,0.06918239,-0.06524357,-0.06119615,-9907.8200,161902.6693,OK,0.0000,396.3128,4.0000,96.0000,AG03-UNRESOLVED,ALL5_LEVELS_bet23_to_bet27,396.3128,396.3128,396.3128,495.3910,495.3910,4.000000,4.000000,4.000000,5.000000,5.000000,96.000000,96.000000,96.000000,95.000000,95.000000,5.0,2179.7204,1996.681,7728.0996,7911.139,PENDING_AG03,FALSE,NOT_FOR_ENFORCEMENT,9511.5072,139386.0115,9907.8200,9511.5072,396.3128,0.06119615,0.05874830,396.3128,9511.5072,0.05874830,396.3128,396.3128,396.3128,495.3910,495.3910,9511.5072,0.05874830,2179.7204,1996.681,7728.0996,7911.139,0.04773300,0.04886355,0.00244785,147.7214,132.4761,9.0400,1415.4029,74.4949,23128.9528,156.5714,33.6187,165.1188,102.1952,102.1952,204.3903,204.3903,204.3903,408.7806,102.1952,0.0,2.0,4.0,1.445484,22,85,18,2,0.03010888,0.06119615,-0.06918239,0E-8,0.000000,0.896797,0.998175,0.13442596,2026-06-30,2026-07-24,7,133,64,25,0.280000,0.203603,0.227582,0.100363,,,,,,,,GLOBAL_BASELINE_NO_ENTITY_RANKING,,,NOT_APPLICABLE_GLOBAL_BASELINE,HF9g-P5,,,,X 全窗基线 · 不参与实体赏罚,15057313,1506,A168_HF9F_20260827_0900,2026-08-27 09:00:00
2026-07-23,140064511,1714,0,224.8293340964,-122.6341822344,-122.6341822344,0.2222222,10,10,0.49726706000000000,0.497267060000,-1.6502936788091886,-1.6502936788091886,-1.6502936788091886,0E-17,ELIGIBLE,R03b_20260811_FULL_v1,L1_ELIGIBILITY,v2026-08-11,2026-03-21..2026-08-06,baccarat_bet02_101_all_pairs_incl_sentinel,round_win = game_pnl > 0 (decisive only),COMPATIBILITY_ONLY_NOT_PRODUCTION,161902.6693,145193.7620,9907.8200,1096,1096,-0.06119615,0.06918239,-0.06524357,-0.06119615,-9907.8200,161902.6693,OK,0.0000,396.3128,4.0000,96.0000,AG03-UNRESOLVED,ALL5_LEVELS_bet23_to_bet27,396.3128,396.3128,396.3128,495.3910,495.3910,4.000000,4.000000,4.000000,5.000000,5.000000,96.000000,96.000000,96.000000,95.000000,95.000000,5.0,2179.7204,1996.681,7728.0996,7911.139,PENDING_AG03,FALSE,NOT_FOR_ENFORCEMENT,9511.5072,139386.0115,9907.8200,9511.5072,396.3128,0.06119615,0.05874830,396.3128,9511.5072,0.05874830,396.3128,396.3128,396.3128,495.3910,495.3910,9511.5072,0.05874830,2179.7204,1996.681,7728.0996,7911.139,0.04773300,0.04886355,0.00244785,147.7214,132.4761,9.0400,1415.4029,74.4949,23128.9528,156.5714,33.6187,165.1188,102.1952,102.1952,204.3903,204.3903,204.3903,408.7806,102.1952,0.0,2.0,4.0,1.445484,22,85,18,2,0.03010888,0.06119615,-0.06918239,0E-8,0.000000,0.896797,0.998175,0.13442596,2026-06-30,2026-07-24,7,133,64,25,0.280000,0.203603,0.227582,0.100363,,,,,,,,GLOBAL_BASELINE_NO_ENTITY_RANKING,,,NOT_APPLICABLE_GLOBAL_BASELINE,HF9g-P5,,,,X 全窗基线 · 不参与实体赏罚,15057314,1506,A168_HF9F_20260827_0900,2026-08-27 09:00:00
2026-07-23,140064511,2081,0,61.3170911172,-61.3170911172,-61.3170911172,0E-7,2,2,0.49994810000000000,0.499948100000,-1.4140667746232096,-1.4140667746232096,-1.4140667746232096,0E-17,ELIGIBLE,R03b_20260811_FULL_v1,L1_ELIGIBILITY,v2026-08-11,2026-03-21..2026-08-06,baccarat_bet02_101_all_pairs_incl_sentinel,round_win = game_pnl > 0 (decisive only),COMPATIBILITY_ONLY_NOT_PRODUCTION,161902.6693,145193.7620,9907.8200,1096,1096,-0.06119615,0.06918239,-0.06524357,-0.06119615,-9907.8200,161902.6693,OK,0.0000,396.3128,4.0000,96.0000,AG03-UNRESOLVED,ALL5_LEVELS_bet23_to_bet27,396.3128,396.3128,396.3128,495.3910,495.3910,4.000000,4.000000,4.000000,5.000000,5.000000,96.000000,96.000000,96.000000,95.000000,95.000000,5.0,2179.7204,1996.681,7728.0996,7911.139,PENDING_AG03,FALSE,NOT_FOR_ENFORCEMENT,9511.5072,139386.0115,9907.8200,9511.5072,396.3128,0.06119615,0.05874830,396.3128,9511.5072,0.05874830,396.3128,396.3128,396.3128,495.3910,495.3910,9511.5072,0.05874830,2179.7204,1996.681,7728.0996,7911.139,0.04773300,0.04886355,0.00244785,147.7214,132.4761,9.0400,1415.4029,74.4949,23128.9528,156.5714,33.6187,165.1188,102.1952,102.1952,204.3903,204.3903,204.3903,408.7806,102.1952,0.0,2.0,4.0,1.445484,22,85,18,2,0.03010888,0.06119615,-0.06918239,0E-8,0.000000,0.896797,0.998175,0.13442596,2026-06-30,2026-07-24,7,133,64,25,0.280000,0.203603,0.227582,0.100363,,,,,,,,GLOBAL_BASELINE_NO_ENTITY_RANKING,,,NOT_APPLICABLE_GLOBAL_BASELINE,HF9g-P5,,,,X 全窗基线 · 不参与实体赏罚,15057315,1506,A168_HF9F_20260827_0900,2026-08-27 09:00:00
2026-07-23,140064511,2088,0,327.0244859584,143.0732126068,143.0732126068,0.7777778,10,10,0.49726706000000000,0.497267060000,1.6830894487135037,1.6830894487135037,1.6830894487135037,0E-17,ELIGIBLE,R03b_20260811_FULL_v1,L1_ELIGIBILITY,v2026-08-11,2026-03-21..2026-08-06,baccarat_bet02_101_all_pairs_incl_sentinel,round_win = game_pnl > 0 (decisive only),COMPATIBILITY_ONLY_NOT_PRODUCTION,161902.6693,145193.7620,9907.8200,1096,1096,-0.06119615,0.06918239,-0.06524357,-0.06119615,-9907.8200,161902.6693,OK,0.0000,396.3128,4.0000,96.0000,AG03-UNRESOLVED,ALL5_LEVELS_bet23_to_bet27,396.3128,396.3128,396.3128,495.3910,495.3910,4.000000,4.000000,4.000000,5.000000,5.000000,96.000000,96.000000,96.000000,95.000000,95.000000,5.0,2179.7204,1996.681,7728.0996,7911.139,PENDING_AG03,FALSE,NOT_FOR_ENFORCEMENT,9511.5072,139386.0115,9907.8200,9511.5072,396.3128,0.06119615,0.05874830,396.3128,9511.5072,0.05874830,396.3128,396.3128,396.3128,495.3910,495.3910,9511.5072,0.05874830,2179.7204,1996.681,7728.0996,7911.139,0.04773300,0.04886355,0.00244785,147.7214,132.4761,9.0400,1415.4029,74.4949,23128.9528,156.5714,33.6187,165.1188,102.1952,102.1952,204.3903,204.3903,204.3903,408.7806,102.1952,0.0,2.0,4.0,1.445484,22,85,18,2,0.03010888,0.06119615,-0.06918239,0E-8,0.000000,0.896797,0.998175,0.13442596,2026-06-30,2026-07-24,7,133,64,25,0.280000,0.203603,0.227582,0.100363,,,,,,,,GLOBAL_BASELINE_NO_ENTITY_RANKING,,,NOT_APPLICABLE_GLOBAL_BASELINE,HF9g-P5,,,,X 全窗基线 · 不参与实体赏罚,15057316,1506,A168_HF9F_20260827_0900,2026-08-27 09:00:00
2026-07-23,140064511,2117,0,20.4390303724,-20.4390303724,-20.4390303724,0E-7,1,1,0.50665070000000000,0.506650700000,-1.013391052207602,-1.013391052207602,-1.013391052207602,0E-17,ELIGIBLE,R03b_20260811_FULL_v1,L1_ELIGIBILITY,v2026-08-11,2026-03-21..2026-08-06,baccarat_bet02_101_all_pairs_incl_sentinel,round_win = game_pnl > 0 (decisive only),COMPATIBILITY_ONLY_NOT_PRODUCTION,161902.6693,145193.7620,9907.8200,1096,1096,-0.06119615,0.06918239,-0.06524357,-0.06119615,-9907.8200,161902.6693,OK,0.0000,396.3128,4.0000,96.0000,AG03-UNRESOLVED,ALL5_LEVELS_bet23_to_bet27,396.3128,396.3128,396.3128,495.3910,495.3910,4.000000,4.000000,4.000000,5.000000,5.000000,96.000000,96.000000,96.000000,95.000000,95.000000,5.0,2179.7204,1996.681,7728.0996,7911.139,PENDING_AG03,FALSE,NOT_FOR_ENFORCEMENT,9511.5072,139386.0115,9907.8200,9511.5072,396.3128,0.06119615,0.05874830,396.3128,9511.5072,0.05874830,396.3128,396.3128,396.3128,495.3910,495.3910,9511.5072,0.05874830,2179.7204,1996.681,7728.0996,7911.139,0.04773300,0.04886355,0.00244785,147.7214,132.4761,9.0400,1415.4029,74.4949,23128.9528,156.5714,33.6187,165.1188,102.1952,102.1952,204.3903,204.3903,204.3903,408.7806,102.1952,0.0,2.0,4.0,1.445484,22,85,18,2,0.03010888,0.06119615,-0.06918239,0E-8,0.000000,0.896797,0.998175,0.13442596,2026-06-30,2026-07-24,7,133,64,25,0.280000,0.203603,0.227582,0.100363,,,,,,,,GLOBAL_BASELINE_NO_ENTITY_RANKING,,,NOT_APPLICABLE_GLOBAL_BASELINE,HF9g-P5,,,,X 全窗基线 · 不参与实体赏罚,15057317,1506,A168_HF9F_20260827_0900,2026-08-27 09:00:00
2026-07-23,140064511,2153,0,81.7561214896,-40.8780607448,-40.8780607448,0.3333333,3,3,0.49771390000000000,0.497713900000,-0.5694369385616226,-0.5694369385616226,-0.5694369385616226,0E-17,ELIGIBLE,R03b_20260811_FULL_v1,L1_ELIGIBILITY,v2026-08-11,2026-03-21..2026-08-06,baccarat_bet02_101_all_pairs_incl_sentinel,round_win = game_pnl > 0 (decisive only),COMPATIBILITY_ONLY_NOT_PRODUCTION,161902.6693,145193.7620,9907.8200,1096,1096,-0.06119615,0.06918239,-0.06524357,-0.06119615,-9907.8200,161902.6693,OK,0.0000,396.3128,4.0000,96.0000,AG03-UNRESOLVED,ALL5_LEVELS_bet23_to_bet27,396.3128,396.3128,396.3128,495.3910,495.3910,4.000000,4.000000,4.000000,5.000000,5.000000,96.000000,96.000000,96.000000,95.000000,95.000000,5.0,2179.7204,1996.681,7728.0996,7911.139,PENDING_AG03,FALSE,NOT_FOR_ENFORCEMENT,9511.5072,139386.0115,9907.8200,9511.5072,396.3128,0.06119615,0.05874830,396.3128,9511.5072,0.05874830,396.3128,396.3128,396.3128,495.3910,495.3910,9511.5072,0.05874830,2179.7204,1996.681,7728.0996,7911.139,0.04773300,0.04886355,0.00244785,147.7214,132.4761,9.0400,1415.4029,74.4949,23128.9528,156.5714,33.6187,165.1188,102.1952,102.1952,204.3903,204.3903,204.3903,408.7806,102.1952,0.0,2.0,4.0,1.445484,22,85,18,2,0.03010888,0.06119615,-0.06918239,0E-8,0.000000,0.896797,0.998175,0.13442596,2026-06-30,2026-07-24,7,133,64,25,0.280000,0.203603,0.227582,0.100363,,,,,,,,GLOBAL_BASELINE_NO_ENTITY_RANKING,,,NOT_APPLICABLE_GLOBAL_BASELINE,HF9g-P5,,,,X 全窗基线 · 不参与实体赏罚,15057318,1506,A168_HF9F_20260827_0900,2026-08-27 09:00:00
2026-07-23,140064511,2235,0,633.6099415444,388.3415770756,388.3415770756,0.8666667,15,15,0.49682022000000000,0.496820220000,2.864876191304959,2.864876191304959,2.864876191304959,0E-17,ELIGIBLE,R03b_20260811_FULL_v1,L1_ELIGIBILITY,v2026-08-11,2026-03-21..2026-08-06,baccarat_bet02_101_all_pairs_incl_sentinel,round_win = game_pnl > 0 (decisive only),COMPATIBILITY_ONLY_NOT_PRODUCTION,161902.6693,145193.7620,9907.8200,1096,1096,-0.06119615,0.06918239,-0.06524357,-0.06119615,-9907.8200,161902.6693,OK,0.0000,396.3128,4.0000,96.0000,AG03-UNRESOLVED,ALL5_LEVELS_bet23_to_bet27,396.3128,396.3128,396.3128,495.3910,495.3910,4.000000,4.000000,4.000000,5.000000,5.000000,96.000000,96.000000,96.000000,95.000000,95.000000,5.0,2179.7204,1996.681,7728.0996,7911.139,PENDING_AG03,FALSE,NOT_FOR_ENFORCEMENT,9511.5072,139386.0115,9907.8200,9511.5072,396.3128,0.06119615,0.05874830,396.3128,9511.5072,0.05874830,396.3128,396.3128,396.3128,495.3910,495.3910,9511.5072,0.05874830,2179.7204,1996.681,7728.0996,7911.139,0.04773300,0.04886355,0.00244785,147.7214,132.4761,9.0400,1415.4029,74.4949,23128.9528,156.5714,33.6187,165.1188,102.1952,102.1952,204.3903,204.3903,204.3903,408.7806,102.1952,0.0,2.0,4.0,1.445484,22,85,18,2,0.03010888,0.06119615,-0.06918239,0E-8,0.000000,0.896797,0.998175,0.13442596,2026-06-30,2026-07-24,7,133,64,25,0.280000,0.203603,0.227582,0.100363,,,,,,,,GLOBAL_BASELINE_NO_ENTITY_RANKING,,,NOT_APPLICABLE_GLOBAL_BASELINE,HF9g-P5,,,,X 全窗基线 · 不参与实体赏罚,15057319,1506,A168_HF9F_20260827_0900,2026-08-27 09:00:00
2026-07-23,140064511,471,0,163.5122429792,40.8780607448,40.8780607448,0.6666667,6,6,0.49994810000000000,0.499948100000,0.8167508423630434,0.8167508423630434,0.8167508423630434,0E-17,ELIGIBLE,R03b_20260811_FULL_v1,L1_ELIGIBILITY,v2026-08-11,2026-03-21..2026-08-06,baccarat_bet02_101_all_pairs_incl_sentinel,round_win = game_pnl > 0 (decisive only),COMPATIBILITY_ONLY_NOT_PRODUCTION,161902.6693,145193.7620,9907.8200,1096,1096,-0.06119615,0.06918239,-0.06524357,-0.06119615,-9907.8200,161902.6693,OK,0.0000,396.3128,4.0000,96.0000,AG03-UNRESOLVED,ALL5_LEVELS_bet23_to_bet27,396.3128,396.3128,396.3128,495.3910,495.3910,4.000000,4.000000,4.000000,5.000000,5.000000,96.000000,96.000000,96.000000,95.000000,95.000000,5.0,2179.7204,1996.681,7728.0996,7911.139,PENDING_AG03,FALSE,NOT_FOR_ENFORCEMENT,9511.5072,139386.0115,9907.8200,9511.5072,396.3128,0.06119615,0.05874830,396.3128,9511.5072,0.05874830,396.3128,396.3128,396.3128,495.3910,495.3910,9511.5072,0.05874830,2179.7204,1996.681,7728.0996,7911.139,0.04773300,0.04886355,0.00244785,147.7214,132.4761,9.0400,1415.4029,74.4949,23128.9528,156.5714,33.6187,165.1188,102.1952,102.1952,204.3903,204.3903,204.3903,408.7806,102.1952,0.0,2.0,4.0,1.445484,22,85,18,2,0.03010888,0.06119615,-0.06918239,0E-8,0.000000,0.896797,0.998175,0.13442596,2026-06-30,2026-07-24,7,133,64,25,0.280000,0.203603,0.227582,0.100363,,,,,,,,GLOBAL_BASELINE_NO_ENTITY_RANKING,,,NOT_APPLICABLE_GLOBAL_BASELINE,HF9g-P5,,,,X 全窗基线 · 不参与实体赏罚,15057320,1506,A168_HF9F_20260827_0900,2026-08-27 09:00:00
2026-07-23,140064511,526,0,61.3170911172,61.3170911172,61.3170911172,1.0000000,2,2,0.50665070000000000,0.506650700000,1.3955260008387969,1.3955260008387969,1.3955260008387969,0E-17,ELIGIBLE,R03b_20260811_FULL_v1,L1_ELIGIBILITY,v2026-08-11,2026-03-21..2026-08-06,baccarat_bet02_101_all_pairs_incl_sentinel,round_win = game_pnl > 0 (decisive only),COMPATIBILITY_ONLY_NOT_PRODUCTION,161902.6693,145193.7620,9907.8200,1096,1096,-0.06119615,0.06918239,-0.06524357,-0.06119615,-9907.8200,161902.6693,OK,0.0000,396.3128,4.0000,96.0000,AG03-UNRESOLVED,ALL5_LEVELS_bet23_to_bet27,396.3128,396.3128,396.3128,495.3910,495.3910,4.000000,4.000000,4.000000,5.000000,5.000000,96.000000,96.000000,96.000000,95.000000,95.000000,5.0,2179.7204,1996.681,7728.0996,7911.139,PENDING_AG03,FALSE,NOT_FOR_ENFORCEMENT,9511.5072,139386.0115,9907.8200,9511.5072,396.3128,0.06119615,0.05874830,396.3128,9511.5072,0.05874830,396.3128,396.3128,396.3128,495.3910,495.3910,9511.5072,0.05874830,2179.7204,1996.681,7728.0996,7911.139,0.04773300,0.04886355,0.00244785,147.7214,132.4761,9.0400,1415.4029,74.4949,23128.9528,156.5714,33.6187,165.1188,102.1952,102.1952,204.3903,204.3903,204.3903,408.7806,102.1952,0.0,2.0,4.0,1.445484,22,85,18,2,0.03010888,0.06119615,-0.06918239,0E-8,0.000000,0.896797,0.998175,0.13442596,2026-06-30,2026-07-24,7,133,64,25,0.280000,0.203603,0.227582,0.100363,,,,,,,,GLOBAL_BASELINE_NO_ENTITY_RANKING,,,NOT_APPLICABLE_GLOBAL_BASELINE,HF9g-P5,,,,X 全窗基线 · 不参与实体赏罚,15057321,1506,A168_HF9F_20260827_0900,2026-08-27 09:00:00
2026-07-23,140064511,919,0,61.3170911172,-30.6585455586,-30.6585455586,0E-7,2,2,0.49994810000000000,0.499948100000,-0.9998962053866608,-0.9998962053866608,-0.9998962053866608,0E-17,ELIGIBLE,R03b_20260811_FULL_v1,L1_ELIGIBILITY,v2026-08-11,2026-03-21..2026-08-06,baccarat_bet02_101_all_pairs_incl_sentinel,round_win = game_pnl > 0 (decisive only),COMPATIBILITY_ONLY_NOT_PRODUCTION,161902.6693,145193.7620,9907.8200,1096,1096,-0.06119615,0.06918239,-0.06524357,-0.06119615,-9907.8200,161902.6693,OK,0.0000,396.3128,4.0000,96.0000,AG03-UNRESOLVED,ALL5_LEVELS_bet23_to_bet27,396.3128,396.3128,396.3128,495.3910,495.3910,4.000000,4.000000,4.000000,5.000000,5.000000,96.000000,96.000000,96.000000,95.000000,95.000000,5.0,2179.7204,1996.681,7728.0996,7911.139,PENDING_AG03,FALSE,NOT_FOR_ENFORCEMENT,9511.5072,139386.0115,9907.8200,9511.5072,396.3128,0.06119615,0.05874830,396.3128,9511.5072,0.05874830,396.3128,396.3128,396.3128,495.3910,495.3910,9511.5072,0.05874830,2179.7204,1996.681,7728.0996,7911.139,0.04773300,0.04886355,0.00244785,147.7214,132.4761,9.0400,1415.4029,74.4949,23128.9528,156.5714,33.6187,165.1188,102.1952,102.1952,204.3903,204.3903,204.3903,408.7806,102.1952,0.0,2.0,4.0,1.445484,22,85,18,2,0.03010888,0.06119615,-0.06918239,0E-8,0.000000,0.896797,0.998175,0.13442596,2026-06-30,2026-07-24,7,133,64,25,0.280000,0.203603,0.227582,0.100363,,,,,,,,GLOBAL_BASELINE_NO_ENTITY_RANKING,,,NOT_APPLICABLE_GLOBAL_BASELINE,HF9g-P5,,,,X 全窗基线 · 不参与实体赏罚,15057322,1506,A168_HF9F_20260827_0900,2026-08-27 09:00:00
2026-07-23,140064511,948,0,20.4390303724,0E-10,0E-10,,1,1,0.50665070000000000,0.506650700000,,,,0E-17,NO_DECISIVE_ROUND,R03b_20260811_FULL_v1,L1_ELIGIBILITY,v2026-08-11,2026-03-21..2026-08-06,baccarat_bet02_101_all_pairs_incl_sentinel,round_win = game_pnl > 0 (decisive only),COMPATIBILITY_ONLY_NOT_PRODUCTION,161902.6693,145193.7620,9907.8200,1096,1096,-0.06119615,0.06918239,-0.06524357,-0.06119615,-9907.8200,161902.6693,OK,0.0000,396.3128,4.0000,96.0000,AG03-UNRESOLVED,ALL5_LEVELS_bet23_to_bet27,396.3128,396.3128,396.3128,495.3910,495.3910,4.000000,4.000000,4.000000,5.000000,5.000000,96.000000,96.000000,96.000000,95.000000,95.000000,5.0,2179.7204,1996.681,7728.0996,7911.139,PENDING_AG03,FALSE,NOT_FOR_ENFORCEMENT,9511.5072,139386.0115,9907.8200,9511.5072,396.3128,0.06119615,0.05874830,396.3128,9511.5072,0.05874830,396.3128,396.3128,396.3128,495.3910,495.3910,9511.5072,0.05874830,2179.7204,1996.681,7728.0996,7911.139,0.04773300,0.04886355,0.00244785,147.7214,132.4761,9.0400,1415.4029,74.4949,23128.9528,156.5714,33.6187,165.1188,102.1952,102.1952,204.3903,204.3903,204.3903,408.7806,102.1952,0.0,2.0,4.0,1.445484,22,85,18,2,0.03010888,0.06119615,-0.06918239,0E-8,0.000000,0.896797,0.998175,0.13442596,2026-06-30,2026-07-24,7,133,64,25,0.280000,0.203603,0.227582,0.100363,,,,,,,,GLOBAL_BASELINE_NO_ENTITY_RANKING,,,NOT_APPLICABLE_GLOBAL_BASELINE,HF9g-P5,,,,X 全窗基线 · 不参与实体赏罚,15057323,1506,A168_HF9F_20260827_0900,2026-08-27 09:00:00
2026-07-24,140064511,1299,0,163.5122429792,40.8780607448,40.8780607448,0.6666667,3,3,0.49771390000000000,0.497713900000,0.5852756695216578,0.5852756695216578,0.5852756695216578,0E-17,ELIGIBLE,R03b_20260811_FULL_v1,L1_ELIGIBILITY,v2026-08-11,2026-03-21..2026-08-06,baccarat_bet02_101_all_pairs_incl_sentinel,round_win = game_pnl > 0 (decisive only),COMPATIBILITY_ONLY_NOT_PRODUCTION,161902.6693,145193.7620,9907.8200,1096,1096,-0.06119615,0.06918239,-0.06524357,-0.06119615,-9907.8200,161902.6693,OK,0.0000,396.3128,4.0000,96.0000,AG03-UNRESOLVED,ALL5_LEVELS_bet23_to_bet27,396.3128,396.3128,396.3128,495.3910,495.3910,4.000000,4.000000,4.000000,5.000000,5.000000,96.000000,96.000000,96.000000,95.000000,95.000000,5.0,2179.7204,1996.681,7728.0996,7911.139,PENDING_AG03,FALSE,NOT_FOR_ENFORCEMENT,9511.5072,139386.0115,9907.8200,9511.5072,396.3128,0.06119615,0.05874830,396.3128,9511.5072,0.05874830,396.3128,396.3128,396.3128,495.3910,495.3910,9511.5072,0.05874830,2179.7204,1996.681,7728.0996,7911.139,0.04773300,0.04886355,0.00244785,147.7214,132.4761,9.0400,1415.4029,74.4949,23128.9528,156.5714,33.6187,165.1188,102.1952,102.1952,204.3903,204.3903,204.3903,408.7806,102.1952,0.0,2.0,4.0,1.445484,22,85,18,2,0.03010888,0.06119615,-0.06918239,0E-8,0.000000,0.896797,0.998175,0.13442596,2026-06-30,2026-07-24,7,133,64,25,0.280000,0.203603,0.227582,0.100363,,,,,,,,GLOBAL_BASELINE_NO_ENTITY_RANKING,,,NOT_APPLICABLE_GLOBAL_BASELINE,HF9g-P5,,,,X 全窗基线 · 不参与实体赏罚,15057324,1506,A168_HF9F_20260827_0900,2026-08-27 09:00:00
2026-07-24,140064511,1405,0,224.8293340964,102.1951518620,102.1951518620,0.6666667,6,6,0.49771390000000000,0.497713900000,0.8277047895645219,0.8277047895645219,0.8277047895645219,0E-17,ELIGIBLE,R03b_20260811_FULL_v1,L1_ELIGIBILITY,v2026-08-11,2026-03-21..2026-08-06,baccarat_bet02_101_all_pairs_incl_sentinel,round_win = game_pnl > 0 (decisive only),COMPATIBILITY_ONLY_NOT_PRODUCTION,161902.6693,145193.7620,9907.8200,1096,1096,-0.06119615,0.06918239,-0.06524357,-0.06119615,-9907.8200,161902.6693,OK,0.0000,396.3128,4.0000,96.0000,AG03-UNRESOLVED,ALL5_LEVELS_bet23_to_bet27,396.3128,396.3128,396.3128,495.3910,495.3910,4.000000,4.000000,4.000000,5.000000,5.000000,96.000000,96.000000,96.000000,95.000000,95.000000,5.0,2179.7204,1996.681,7728.0996,7911.139,PENDING_AG03,FALSE,NOT_FOR_ENFORCEMENT,9511.5072,139386.0115,9907.8200,9511.5072,396.3128,0.06119615,0.05874830,396.3128,9511.5072,0.05874830,396.3128,396.3128,396.3128,495.3910,495.3910,9511.5072,0.05874830,2179.7204,1996.681,7728.0996,7911.139,0.04773300,0.04886355,0.00244785,147.7214,132.4761,9.0400,1415.4029,74.4949,23128.9528,156.5714,33.6187,165.1188,102.1952,102.1952,204.3903,204.3903,204.3903,408.7806,102.1952,0.0,2.0,4.0,1.445484,22,85,18,2,0.03010888,0.06119615,-0.06918239,0E-8,0.000000,0.896797,0.998175,0.13442596,2026-06-30,2026-07-24,7,133,64,25,0.280000,0.203603,0.227582,0.100363,,,,,,,,GLOBAL_BASELINE_NO_ENTITY_RANKING,,,NOT_APPLICABLE_GLOBAL_BASELINE,HF9g-P5,,,,X 全窗基线 · 不参与实体赏罚,15057325,1506,A168_HF9F_20260827_0900,2026-08-27 09:00:00
2026-07-24,140064511,1509,0,81.7561214896,-51.0975759310,-51.0975759310,0E-7,3,3,0.50218230000000000,0.502182300000,-1.4203995680682369,-1.4203995680682369,-1.4203995680682369,0E-17,ELIGIBLE,R03b_20260811_FULL_v1,L1_ELIGIBILITY,v2026-08-11,2026-03-21..2026-08-06,baccarat_bet02_101_all_pairs_incl_sentinel,round_win = game_pnl > 0 (decisive only),COMPATIBILITY_ONLY_NOT_PRODUCTION,161902.6693,145193.7620,9907.8200,1096,1096,-0.06119615,0.06918239,-0.06524357,-0.06119615,-9907.8200,161902.6693,OK,0.0000,396.3128,4.0000,96.0000,AG03-UNRESOLVED,ALL5_LEVELS_bet23_to_bet27,396.3128,396.3128,396.3128,495.3910,495.3910,4.000000,4.000000,4.000000,5.000000,5.000000,96.000000,96.000000,96.000000,95.000000,95.000000,5.0,2179.7204,1996.681,7728.0996,7911.139,PENDING_AG03,FALSE,NOT_FOR_ENFORCEMENT,9511.5072,139386.0115,9907.8200,9511.5072,396.3128,0.06119615,0.05874830,396.3128,9511.5072,0.05874830,396.3128,396.3128,396.3128,495.3910,495.3910,9511.5072,0.05874830,2179.7204,1996.681,7728.0996,7911.139,0.04773300,0.04886355,0.00244785,147.7214,132.4761,9.0400,1415.4029,74.4949,23128.9528,156.5714,33.6187,165.1188,102.1952,102.1952,204.3903,204.3903,204.3903,408.7806,102.1952,0.0,2.0,4.0,1.445484,22,85,18,2,0.03010888,0.06119615,-0.06918239,0E-8,0.000000,0.896797,0.998175,0.13442596,2026-06-30,2026-07-24,7,133,64,25,0.280000,0.203603,0.227582,0.100363,,,,,,,,GLOBAL_BASELINE_NO_ENTITY_RANKING,,,NOT_APPLICABLE_GLOBAL_BASELINE,HF9g-P5,,,,X 全窗基线 · 不参与实体赏罚,15057326,1506,A168_HF9F_20260827_0900,2026-08-27 09:00:00
2026-07-24,140064511,1623,0,224.8293340964,-20.4390303724,-20.4390303724,0.5000000,6,6,0.50441650000000000,0.504416500000,-0.02163718700157003,-0.02163718700157003,-0.02163718700157003,0E-17,ELIGIBLE,R03b_20260811_FULL_v1,L1_ELIGIBILITY,v2026-08-11,2026-03-21..2026-08-06,baccarat_bet02_101_all_pairs_incl_sentinel,round_win = game_pnl > 0 (decisive only),COMPATIBILITY_ONLY_NOT_PRODUCTION,161902.6693,145193.7620,9907.8200,1096,1096,-0.06119615,0.06918239,-0.06524357,-0.06119615,-9907.8200,161902.6693,OK,0.0000,396.3128,4.0000,96.0000,AG03-UNRESOLVED,ALL5_LEVELS_bet23_to_bet27,396.3128,396.3128,396.3128,495.3910,495.3910,4.000000,4.000000,4.000000,5.000000,5.000000,96.000000,96.000000,96.000000,95.000000,95.000000,5.0,2179.7204,1996.681,7728.0996,7911.139,PENDING_AG03,FALSE,NOT_FOR_ENFORCEMENT,9511.5072,139386.0115,9907.8200,9511.5072,396.3128,0.06119615,0.05874830,396.3128,9511.5072,0.05874830,396.3128,396.3128,396.3128,495.3910,495.3910,9511.5072,0.05874830,2179.7204,1996.681,7728.0996,7911.139,0.04773300,0.04886355,0.00244785,147.7214,132.4761,9.0400,1415.4029,74.4949,23128.9528,156.5714,33.6187,165.1188,102.1952,102.1952,204.3903,204.3903,204.3903,408.7806,102.1952,0.0,2.0,4.0,1.445484,22,85,18,2,0.03010888,0.06119615,-0.06918239,0E-8,0.000000,0.896797,0.998175,0.13442596,2026-06-30,2026-07-24,7,133,64,25,0.280000,0.203603,0.227582,0.100363,,,,,,,,GLOBAL_BASELINE_NO_ENTITY_RANKING,,,NOT_APPLICABLE_GLOBAL_BASELINE,HF9g-P5,,,,X 全窗基线 · 不参与实体赏罚,15057327,1506,A168_HF9F_20260827_0900,2026-08-27 09:00:00
2026-07-24,140064511,1750,0,30.6585455586,0E-10,0E-10,,1,1,0.50665070000000000,0.506650700000,,,,0E-17,NO_DECISIVE_ROUND,R03b_20260811_FULL_v1,L1_ELIGIBILITY,v2026-08-11,2026-03-21..2026-08-06,baccarat_bet02_101_all_pairs_incl_sentinel,round_win = game_pnl > 0 (decisive only),COMPATIBILITY_ONLY_NOT_PRODUCTION,161902.6693,145193.7620,9907.8200,1096,1096,-0.06119615,0.06918239,-0.06524357,-0.06119615,-9907.8200,161902.6693,OK,0.0000,396.3128,4.0000,96.0000,AG03-UNRESOLVED,ALL5_LEVELS_bet23_to_bet27,396.3128,396.3128,396.3128,495.3910,495.3910,4.000000,4.000000,4.000000,5.000000,5.000000,96.000000,96.000000,96.000000,95.000000,95.000000,5.0,2179.7204,1996.681,7728.0996,7911.139,PENDING_AG03,FALSE,NOT_FOR_ENFORCEMENT,9511.5072,139386.0115,9907.8200,9511.5072,396.3128,0.06119615,0.05874830,396.3128,9511.5072,0.05874830,396.3128,396.3128,396.3128,495.3910,495.3910,9511.5072,0.05874830,2179.7204,1996.681,7728.0996,7911.139,0.04773300,0.04886355,0.00244785,147.7214,132.4761,9.0400,1415.4029,74.4949,23128.9528,156.5714,33.6187,165.1188,102.1952,102.1952,204.3903,204.3903,204.3903,408.7806,102.1952,0.0,2.0,4.0,1.445484,22,85,18,2,0.03010888,0.06119615,-0.06918239,0E-8,0.000000,0.896797,0.998175,0.13442596,2026-06-30,2026-07-24,7,133,64,25,0.280000,0.203603,0.227582,0.100363,,,,,,,,GLOBAL_BASELINE_NO_ENTITY_RANKING,,,NOT_APPLICABLE_GLOBAL_BASELINE,HF9g-P5,,,,X 全窗基线 · 不参与实体赏罚,15057328,1506,A168_HF9F_20260827_0900,2026-08-27 09:00:00
2026-07-24,140064511,1934,0,183.9512733516,-20.4390303724,-20.4390303724,0.5000000,4,4,0.49659680000000000,0.496596800000,0.013613115331600182,0.013613115331600183,0.013613115331600182,0E-17,ELIGIBLE,R03b_20260811_FULL_v1,L1_ELIGIBILITY,v2026-08-11,2026-03-21..2026-08-06,baccarat_bet02_101_all_pairs_incl_sentinel,round_win = game_pnl > 0 (decisive only),COMPATIBILITY_ONLY_NOT_PRODUCTION,161902.6693,145193.7620,9907.8200,1096,1096,-0.06119615,0.06918239,-0.06524357,-0.06119615,-9907.8200,161902.6693,OK,0.0000,396.3128,4.0000,96.0000,AG03-UNRESOLVED,ALL5_LEVELS_bet23_to_bet27,396.3128,396.3128,396.3128,495.3910,495.3910,4.000000,4.000000,4.000000,5.000000,5.000000,96.000000,96.000000,96.000000,95.000000,95.000000,5.0,2179.7204,1996.681,7728.0996,7911.139,PENDING_AG03,FALSE,NOT_FOR_ENFORCEMENT,9511.5072,139386.0115,9907.8200,9511.5072,396.3128,0.06119615,0.05874830,396.3128,9511.5072,0.05874830,396.3128,396.3128,396.3128,495.3910,495.3910,9511.5072,0.05874830,2179.7204,1996.681,7728.0996,7911.139,0.04773300,0.04886355,0.00244785,147.7214,132.4761,9.0400,1415.4029,74.4949,23128.9528,156.5714,33.6187,165.1188,102.1952,102.1952,204.3903,204.3903,204.3903,408.7806,102.1952,0.0,2.0,4.0,1.445484,22,85,18,2,0.03010888,0.06119615,-0.06918239,0E-8,0.000000,0.896797,0.998175,0.13442596,2026-06-30,2026-07-24,7,133,64,25,0.280000,0.203603,0.227582,0.100363,,,,,,,,GLOBAL_BASELINE_NO_ENTITY_RANKING,,,NOT_APPLICABLE_GLOBAL_BASELINE,HF9g-P5,,,,X 全窗基线 · 不参与实体赏罚,15057329,1506,A168_HF9F_20260827_0900,2026-08-27 09:00:00
2026-07-24,140064511,1951,0,490.5367289376,-71.5366063034,-71.5366063034,0.5333333,15,15,0.50128862000000000,0.501288620000,0.24821810650228637,0.24821810650228637,0.24821810650228637,0E-17,ELIGIBLE,R03b_20260811_FULL_v1,L1_ELIGIBILITY,v2026-08-11,2026-03-21..2026-08-06,baccarat_bet02_101_all_pairs_incl_sentinel,round_win = game_pnl > 0 (decisive only),COMPATIBILITY_ONLY_NOT_PRODUCTION,161902.6693,145193.7620,9907.8200,1096,1096,-0.06119615,0.06918239,-0.06524357,-0.06119615,-9907.8200,161902.6693,OK,0.0000,396.3128,4.0000,96.0000,AG03-UNRESOLVED,ALL5_LEVELS_bet23_to_bet27,396.3128,396.3128,396.3128,495.3910,495.3910,4.000000,4.000000,4.000000,5.000000,5.000000,96.000000,96.000000,96.000000,95.000000,95.000000,5.0,2179.7204,1996.681,7728.0996,7911.139,PENDING_AG03,FALSE,NOT_FOR_ENFORCEMENT,9511.5072,139386.0115,9907.8200,9511.5072,396.3128,0.06119615,0.05874830,396.3128,9511.5072,0.05874830,396.3128,396.3128,396.3128,495.3910,495.3910,9511.5072,0.05874830,2179.7204,1996.681,7728.0996,7911.139,0.04773300,0.04886355,0.00244785,147.7214,132.4761,9.0400,1415.4029,74.4949,23128.9528,156.5714,33.6187,165.1188,102.1952,102.1952,204.3903,204.3903,204.3903,408.7806,102.1952,0.0,2.0,4.0,1.445484,22,85,18,2,0.03010888,0.06119615,-0.06918239,0E-8,0.000000,0.896797,0.998175,0.13442596,2026-06-30,2026-07-24,7,133,64,25,0.280000,0.203603,0.227582,0.100363,,,,,,,,GLOBAL_BASELINE_NO_ENTITY_RANKING,,,NOT_APPLICABLE_GLOBAL_BASELINE,HF9g-P5,,,,X 全窗基线 · 不参与实体赏罚,15057330,1506,A168_HF9F_20260827_0900,2026-08-27 09:00:00
2026-07-24,140064511,1990,0,143.0732126068,102.1951518620,102.1951518620,0.8000000,5,5,0.50128862000000000,0.501288620000,1.335882339249048,1.335882339249048,1.335882339249048,0E-17,ELIGIBLE,R03b_20260811_FULL_v1,L1_ELIGIBILITY,v2026-08-11,2026-03-21..2026-08-06,baccarat_bet02_101_all_pairs_incl_sentinel,round_win = game_pnl > 0 (decisive only),COMPATIBILITY_ONLY_NOT_PRODUCTION,161902.6693,145193.7620,9907.8200,1096,1096,-0.06119615,0.06918239,-0.06524357,-0.06119615,-9907.8200,161902.6693,OK,0.0000,396.3128,4.0000,96.0000,AG03-UNRESOLVED,ALL5_LEVELS_bet23_to_bet27,396.3128,396.3128,396.3128,495.3910,495.3910,4.000000,4.000000,4.000000,5.000000,5.000000,96.000000,96.000000,96.000000,95.000000,95.000000,5.0,2179.7204,1996.681,7728.0996,7911.139,PENDING_AG03,FALSE,NOT_FOR_ENFORCEMENT,9511.5072,139386.0115,9907.8200,9511.5072,396.3128,0.06119615,0.05874830,396.3128,9511.5072,0.05874830,396.3128,396.3128,396.3128,495.3910,495.3910,9511.5072,0.05874830,2179.7204,1996.681,7728.0996,7911.139,0.04773300,0.04886355,0.00244785,147.7214,132.4761,9.0400,1415.4029,74.4949,23128.9528,156.5714,33.6187,165.1188,102.1952,102.1952,204.3903,204.3903,204.3903,408.7806,102.1952,0.0,2.0,4.0,1.445484,22,85,18,2,0.03010888,0.06119615,-0.06918239,0E-8,0.000000,0.896797,0.998175,0.13442596,2026-06-30,2026-07-24,7,133,64,25,0.280000,0.203603,0.227582,0.100363,,,,,,,,GLOBAL_BASELINE_NO_ENTITY_RANKING,,,NOT_APPLICABLE_GLOBAL_BASELINE,HF9g-P5,,,,X 全窗基线 · 不参与实体赏罚,15057331,1506,A168_HF9F_20260827_0900,2026-08-27 09:00:00
2026-07-24,140064511,2106,0,81.7561214896,0E-10,0E-10,0.5000000,2,2,0.50665070000000000,0.506650700000,-0.018812684590367487,-0.018812684590367487,-0.018812684590367487,0E-17,ELIGIBLE,R03b_20260811_FULL_v1,L1_ELIGIBILITY,v2026-08-11,2026-03-21..2026-08-06,baccarat_bet02_101_all_pairs_incl_sentinel,round_win = game_pnl > 0 (decisive only),COMPATIBILITY_ONLY_NOT_PRODUCTION,161902.6693,145193.7620,9907.8200,1096,1096,-0.06119615,0.06918239,-0.06524357,-0.06119615,-9907.8200,161902.6693,OK,0.0000,396.3128,4.0000,96.0000,AG03-UNRESOLVED,ALL5_LEVELS_bet23_to_bet27,396.3128,396.3128,396.3128,495.3910,495.3910,4.000000,4.000000,4.000000,5.000000,5.000000,96.000000,96.000000,96.000000,95.000000,95.000000,5.0,2179.7204,1996.681,7728.0996,7911.139,PENDING_AG03,FALSE,NOT_FOR_ENFORCEMENT,9511.5072,139386.0115,9907.8200,9511.5072,396.3128,0.06119615,0.05874830,396.3128,9511.5072,0.05874830,396.3128,396.3128,396.3128,495.3910,495.3910,9511.5072,0.05874830,2179.7204,1996.681,7728.0996,7911.139,0.04773300,0.04886355,0.00244785,147.7214,132.4761,9.0400,1415.4029,74.4949,23128.9528,156.5714,33.6187,165.1188,102.1952,102.1952,204.3903,204.3903,204.3903,408.7806,102.1952,0.0,2.0,4.0,1.445484,22,85,18,2,0.03010888,0.06119615,-0.06918239,0E-8,0.000000,0.896797,0.998175,0.13442596,2026-06-30,2026-07-24,7,133,64,25,0.280000,0.203603,0.227582,0.100363,,,,,,,,GLOBAL_BASELINE_NO_ENTITY_RANKING,,,NOT_APPLICABLE_GLOBAL_BASELINE,HF9g-P5,,,,X 全窗基线 · 不参与实体赏罚,15057332,1506,A168_HF9F_20260827_0900,2026-08-27 09:00:00
2026-07-24,140064511,2108,0,265.7073948412,-40.8780607448,-40.8780607448,0.3750000,10,10,0.49994810000000000,0.499948100000,-0.7068131942587571,-0.7068131942587571,-0.7068131942587571,0E-17,ELIGIBLE,R03b_20260811_FULL_v1,L1_ELIGIBILITY,v2026-08-11,2026-03-21..2026-08-06,baccarat_bet02_101_all_pairs_incl_sentinel,round_win = game_pnl > 0 (decisive only),COMPATIBILITY_ONLY_NOT_PRODUCTION,161902.6693,145193.7620,9907.8200,1096,1096,-0.06119615,0.06918239,-0.06524357,-0.06119615,-9907.8200,161902.6693,OK,0.0000,396.3128,4.0000,96.0000,AG03-UNRESOLVED,ALL5_LEVELS_bet23_to_bet27,396.3128,396.3128,396.3128,495.3910,495.3910,4.000000,4.000000,4.000000,5.000000,5.000000,96.000000,96.000000,96.000000,95.000000,95.000000,5.0,2179.7204,1996.681,7728.0996,7911.139,PENDING_AG03,FALSE,NOT_FOR_ENFORCEMENT,9511.5072,139386.0115,9907.8200,9511.5072,396.3128,0.06119615,0.05874830,396.3128,9511.5072,0.05874830,396.3128,396.3128,396.3128,495.3910,495.3910,9511.5072,0.05874830,2179.7204,1996.681,7728.0996,7911.139,0.04773300,0.04886355,0.00244785,147.7214,132.4761,9.0400,1415.4029,74.4949,23128.9528,156.5714,33.6187,165.1188,102.1952,102.1952,204.3903,204.3903,204.3903,408.7806,102.1952,0.0,2.0,4.0,1.445484,22,85,18,2,0.03010888,0.06119615,-0.06918239,0E-8,0.000000,0.896797,0.998175,0.13442596,2026-06-30,2026-07-24,7,133,64,25,0.280000,0.203603,0.227582,0.100363,,,,,,,,GLOBAL_BASELINE_NO_ENTITY_RANKING,,,NOT_APPLICABLE_GLOBAL_BASELINE,HF9g-P5,,,,X 全窗基线 · 不参与实体赏罚,15057333,1506,A168_HF9F_20260827_0900,2026-08-27 09:00:00
2026-07-24,140064511,2121,0,40.8780607448,40.8780607448,40.8780607448,1.0000000,1,1,0.49324550000000000,0.493245500000,1.01360149184955,1.01360149184955,1.01360149184955,0E-17,ELIGIBLE,R03b_20260811_FULL_v1,L1_ELIGIBILITY,v2026-08-11,2026-03-21..2026-08-06,baccarat_bet02_101_all_pairs_incl_sentinel,round_win = game_pnl > 0 (decisive only),COMPATIBILITY_ONLY_NOT_PRODUCTION,161902.6693,145193.7620,9907.8200,1096,1096,-0.06119615,0.06918239,-0.06524357,-0.06119615,-9907.8200,161902.6693,OK,0.0000,396.3128,4.0000,96.0000,AG03-UNRESOLVED,ALL5_LEVELS_bet23_to_bet27,396.3128,396.3128,396.3128,495.3910,495.3910,4.000000,4.000000,4.000000,5.000000,5.000000,96.000000,96.000000,96.000000,95.000000,95.000000,5.0,2179.7204,1996.681,7728.0996,7911.139,PENDING_AG03,FALSE,NOT_FOR_ENFORCEMENT,9511.5072,139386.0115,9907.8200,9511.5072,396.3128,0.06119615,0.05874830,396.3128,9511.5072,0.05874830,396.3128,396.3128,396.3128,495.3910,495.3910,9511.5072,0.05874830,2179.7204,1996.681,7728.0996,7911.139,0.04773300,0.04886355,0.00244785,147.7214,132.4761,9.0400,1415.4029,74.4949,23128.9528,156.5714,33.6187,165.1188,102.1952,102.1952,204.3903,204.3903,204.3903,408.7806,102.1952,0.0,2.0,4.0,1.445484,22,85,18,2,0.03010888,0.06119615,-0.06918239,0E-8,0.000000,0.896797,0.998175,0.13442596,2026-06-30,2026-07-24,7,133,64,25,0.280000,0.203603,0.227582,0.100363,,,,,,,,GLOBAL_BASELINE_NO_ENTITY_RANKING,,,NOT_APPLICABLE_GLOBAL_BASELINE,HF9g-P5,,,,X 全窗基线 · 不参与实体赏罚,15057334,1506,A168_HF9F_20260827_0900,2026-08-27 09:00:00
2026-07-24,140064511,2127,0,286.1464252136,40.8780607448,40.8780607448,0.5000000,8,8,0.49492115000000000,0.494921150000,0.02873179650040854,0.02873179650040854,0.02873179650040854,0E-17,ELIGIBLE,R03b_20260811_FULL_v1,L1_ELIGIBILITY,v2026-08-11,2026-03-21..2026-08-06,baccarat_bet02_101_all_pairs_incl_sentinel,round_win = game_pnl > 0 (decisive only),COMPATIBILITY_ONLY_NOT_PRODUCTION,161902.6693,145193.7620,9907.8200,1096,1096,-0.06119615,0.06918239,-0.06524357,-0.06119615,-9907.8200,161902.6693,OK,0.0000,396.3128,4.0000,96.0000,AG03-UNRESOLVED,ALL5_LEVELS_bet23_to_bet27,396.3128,396.3128,396.3128,495.3910,495.3910,4.000000,4.000000,4.000000,5.000000,5.000000,96.000000,96.000000,96.000000,95.000000,95.000000,5.0,2179.7204,1996.681,7728.0996,7911.139,PENDING_AG03,FALSE,NOT_FOR_ENFORCEMENT,9511.5072,139386.0115,9907.8200,9511.5072,396.3128,0.06119615,0.05874830,396.3128,9511.5072,0.05874830,396.3128,396.3128,396.3128,495.3910,495.3910,9511.5072,0.05874830,2179.7204,1996.681,7728.0996,7911.139,0.04773300,0.04886355,0.00244785,147.7214,132.4761,9.0400,1415.4029,74.4949,23128.9528,156.5714,33.6187,165.1188,102.1952,102.1952,204.3903,204.3903,204.3903,408.7806,102.1952,0.0,2.0,4.0,1.445484,22,85,18,2,0.03010888,0.06119615,-0.06918239,0E-8,0.000000,0.896797,0.998175,0.13442596,2026-06-30,2026-07-24,7,133,64,25,0.280000,0.203603,0.227582,0.100363,,,,,,,,GLOBAL_BASELINE_NO_ENTITY_RANKING,,,NOT_APPLICABLE_GLOBAL_BASELINE,HF9g-P5,,,,X 全窗基线 · 不参与实体赏罚,15057335,1506,A168_HF9F_20260827_0900,2026-08-27 09:00:00
2026-07-24,140064511,2153,0,183.9512733516,20.4390303724,20.4390303724,0.6000000,5,5,0.49860758000000000,0.498607580000,0.4534424453485946,0.4534424453485946,0.4534424453485946,0E-17,ELIGIBLE,R03b_20260811_FULL_v1,L1_ELIGIBILITY,v2026-08-11,2026-03-21..2026-08-06,baccarat_bet02_101_all_pairs_incl_sentinel,round_win = game_pnl > 0 (decisive only),COMPATIBILITY_ONLY_NOT_PRODUCTION,161902.6693,145193.7620,9907.8200,1096,1096,-0.06119615,0.06918239,-0.06524357,-0.06119615,-9907.8200,161902.6693,OK,0.0000,396.3128,4.0000,96.0000,AG03-UNRESOLVED,ALL5_LEVELS_bet23_to_bet27,396.3128,396.3128,396.3128,495.3910,495.3910,4.000000,4.000000,4.000000,5.000000,5.000000,96.000000,96.000000,96.000000,95.000000,95.000000,5.0,2179.7204,1996.681,7728.0996,7911.139,PENDING_AG03,FALSE,NOT_FOR_ENFORCEMENT,9511.5072,139386.0115,9907.8200,9511.5072,396.3128,0.06119615,0.05874830,396.3128,9511.5072,0.05874830,396.3128,396.3128,396.3128,495.3910,495.3910,9511.5072,0.05874830,2179.7204,1996.681,7728.0996,7911.139,0.04773300,0.04886355,0.00244785,147.7214,132.4761,9.0400,1415.4029,74.4949,23128.9528,156.5714,33.6187,165.1188,102.1952,102.1952,204.3903,204.3903,204.3903,408.7806,102.1952,0.0,2.0,4.0,1.445484,22,85,18,2,0.03010888,0.06119615,-0.06918239,0E-8,0.000000,0.896797,0.998175,0.13442596,2026-06-30,2026-07-24,7,133,64,25,0.280000,0.203603,0.227582,0.100363,,,,,,,,GLOBAL_BASELINE_NO_ENTITY_RANKING,,,NOT_APPLICABLE_GLOBAL_BASELINE,HF9g-P5,,,,X 全窗基线 · 不参与实体赏罚,15057336,1506,A168_HF9F_20260827_0900,2026-08-27 09:00:00
2026-07-24,140064511,2212,0,40.8780607448,-20.4390303724,-20.4390303724,0E-7,2,2,0.49324550000000000,0.493245500000,-0.9865810262130424,-0.9865810262130424,-0.9865810262130424,0E-17,ELIGIBLE,R03b_20260811_FULL_v1,L1_ELIGIBILITY,v2026-08-11,2026-03-21..2026-08-06,baccarat_bet02_101_all_pairs_incl_sentinel,round_win = game_pnl > 0 (decisive only),COMPATIBILITY_ONLY_NOT_PRODUCTION,161902.6693,145193.7620,9907.8200,1096,1096,-0.06119615,0.06918239,-0.06524357,-0.06119615,-9907.8200,161902.6693,OK,0.0000,396.3128,4.0000,96.0000,AG03-UNRESOLVED,ALL5_LEVELS_bet23_to_bet27,396.3128,396.3128,396.3128,495.3910,495.3910,4.000000,4.000000,4.000000,5.000000,5.000000,96.000000,96.000000,96.000000,95.000000,95.000000,5.0,2179.7204,1996.681,7728.0996,7911.139,PENDING_AG03,FALSE,NOT_FOR_ENFORCEMENT,9511.5072,139386.0115,9907.8200,9511.5072,396.3128,0.06119615,0.05874830,396.3128,9511.5072,0.05874830,396.3128,396.3128,396.3128,495.3910,495.3910,9511.5072,0.05874830,2179.7204,1996.681,7728.0996,7911.139,0.04773300,0.04886355,0.00244785,147.7214,132.4761,9.0400,1415.4029,74.4949,23128.9528,156.5714,33.6187,165.1188,102.1952,102.1952,204.3903,204.3903,204.3903,408.7806,102.1952,0.0,2.0,4.0,1.445484,22,85,18,2,0.03010888,0.06119615,-0.06918239,0E-8,0.000000,0.896797,0.998175,0.13442596,2026-06-30,2026-07-24,7,133,64,25,0.280000,0.203603,0.227582,0.100363,,,,,,,,GLOBAL_BASELINE_NO_ENTITY_RANKING,,,NOT_APPLICABLE_GLOBAL_BASELINE,HF9g-P5,,,,X 全窗基线 · 不参与实体赏罚,15057337,1506,A168_HF9F_20260827_0900,2026-08-27 09:00:00
2026-07-24,140064511,462,0,327.0244859584,-102.1951518620,-102.1951518620,0.4444444,10,10,0.49592654000000000,0.495926540000,-0.3089028247997661,-0.3089028247997661,-0.3089028247997661,0E-17,ELIGIBLE,R03b_20260811_FULL_v1,L1_ELIGIBILITY,v2026-08-11,2026-03-21..2026-08-06,baccarat_bet02_101_all_pairs_incl_sentinel,round_win = game_pnl > 0 (decisive only),COMPATIBILITY_ONLY_NOT_PRODUCTION,161902.6693,145193.7620,9907.8200,1096,1096,-0.06119615,0.06918239,-0.06524357,-0.06119615,-9907.8200,161902.6693,OK,0.0000,396.3128,4.0000,96.0000,AG03-UNRESOLVED,ALL5_LEVELS_bet23_to_bet27,396.3128,396.3128,396.3128,495.3910,495.3910,4.000000,4.000000,4.000000,5.000000,5.000000,96.000000,96.000000,96.000000,95.000000,95.000000,5.0,2179.7204,1996.681,7728.0996,7911.139,PENDING_AG03,FALSE,NOT_FOR_ENFORCEMENT,9511.5072,139386.0115,9907.8200,9511.5072,396.3128,0.06119615,0.05874830,396.3128,9511.5072,0.05874830,396.3128,396.3128,396.3128,495.3910,495.3910,9511.5072,0.05874830,2179.7204,1996.681,7728.0996,7911.139,0.04773300,0.04886355,0.00244785,147.7214,132.4761,9.0400,1415.4029,74.4949,23128.9528,156.5714,33.6187,165.1188,102.1952,102.1952,204.3903,204.3903,204.3903,408.7806,102.1952,0.0,2.0,4.0,1.445484,22,85,18,2,0.03010888,0.06119615,-0.06918239,0E-8,0.000000,0.896797,0.998175,0.13442596,2026-06-30,2026-07-24,7,133,64,25,0.280000,0.203603,0.227582,0.100363,,,,,,,,GLOBAL_BASELINE_NO_ENTITY_RANKING,,,NOT_APPLICABLE_GLOBAL_BASELINE,HF9g-P5,,,,X 全窗基线 · 不参与实体赏罚,15057338,1506,A168_HF9F_20260827_0900,2026-08-27 09:00:00
2026-07-24,140064511,550,0,81.7561214896,-81.7561214896,-81.7561214896,0E-7,2,2,0.49994810000000000,0.499948100000,-1.4140667746232096,-1.4140667746232096,-1.4140667746232096,0E-17,ELIGIBLE,R03b_20260811_FULL_v1,L1_ELIGIBILITY,v2026-08-11,2026-03-21..2026-08-06,baccarat_bet02_101_all_pairs_incl_sentinel,round_win = game_pnl > 0 (decisive only),COMPATIBILITY_ONLY_NOT_PRODUCTION,161902.6693,145193.7620,9907.8200,1096,1096,-0.06119615,0.06918239,-0.06524357,-0.06119615,-9907.8200,161902.6693,OK,0.0000,396.3128,4.0000,96.0000,AG03-UNRESOLVED,ALL5_LEVELS_bet23_to_bet27,396.3128,396.3128,396.3128,495.3910,495.3910,4.000000,4.000000,4.000000,5.000000,5.000000,96.000000,96.000000,96.000000,95.000000,95.000000,5.0,2179.7204,1996.681,7728.0996,7911.139,PENDING_AG03,FALSE,NOT_FOR_ENFORCEMENT,9511.5072,139386.0115,9907.8200,9511.5072,396.3128,0.06119615,0.05874830,396.3128,9511.5072,0.05874830,396.3128,396.3128,396.3128,495.3910,495.3910,9511.5072,0.05874830,2179.7204,1996.681,7728.0996,7911.139,0.04773300,0.04886355,0.00244785,147.7214,132.4761,9.0400,1415.4029,74.4949,23128.9528,156.5714,33.6187,165.1188,102.1952,102.1952,204.3903,204.3903,204.3903,408.7806,102.1952,0.0,2.0,4.0,1.445484,22,85,18,2,0.03010888,0.06119615,-0.06918239,0E-8,0.000000,0.896797,0.998175,0.13442596,2026-06-30,2026-07-24,7,133,64,25,0.280000,0.203603,0.227582,0.100363,,,,,,,,GLOBAL_BASELINE_NO_ENTITY_RANKING,,,NOT_APPLICABLE_GLOBAL_BASELINE,HF9g-P5,,,,X 全窗基线 · 不参与实体赏罚,15057339,1506,A168_HF9F_20260827_0900,2026-08-27 09:00:00
2026-05-21,150345145,-1,1,15195.0000000000,1713.0000000000,1713.0000000000,0.6341463,48,48,0.49492115000000000,0.494921150000,1.7830443844658617,1.7830443844658617,1.7830443844658617,0E-17,SENTINEL_DEALER,R03b_20260811_FULL_v1,L1_ELIGIBILITY,v2026-08-11,2026-03-21..2026-08-06,baccarat_bet02_101_all_pairs_incl_sentinel,round_win = game_pnl > 0 (decisive only),COMPATIBILITY_ONLY_NOT_PRODUCTION,572437.0000,524517.0000,9908.1000,1302,1301,-0.01730863,,-0.01730863,-0.01730863,-9908.1000,572437.0000,OK,0.0000,396.3240,4.0000,96.0000,AG03-UNRESOLVED,ALL5_LEVELS_bet23_to_bet27,396.3240,396.3240,396.3240,396.3240,396.3240,4.000000,4.000000,4.000000,4.000000,4.000000,96.000000,96.000000,96.000000,96.000000,96.000000,5.0,1981.6200,1829.3058,7926.4800,8078.7942,PENDING_AG03,FALSE,NOT_FOR_ENFORCEMENT,9511.7760,503536.3200,9908.1000,9511.7760,396.3240,0.01730863,0.01661628,396.3240,9511.7760,0.01661628,396.3240,396.3240,396.3240,396.3240,396.3240,9511.7760,0.01661628,1981.6200,1829.3058,7926.4800,8078.7942,0.01384690,0.01411298,0.00069235,439.6598,403.1645,7.6158,471.8143,13.4438,27258.9048,61.9524,,439.6598,50.0,150.0,500.0,1000.0,2000.0,3959.9609,110.0,0.0,13.333333,26.39974,2.931065,29,147,15,4,0E-8,0.01730863,,0E-8,0.000000,0.916288,0.000000,,2026-05-21,2026-07-03,21,737,411,44,0.477273,,,0.000000,,,,,,,,GLOBAL_BASELINE_NO_ENTITY_RANKING,,,NOT_APPLICABLE_GLOBAL_BASELINE,HF9g-P5,,,,X 全窗基线 · 不参与实体赏罚,15057340,1506,A168_HF9F_20260827_0900,2026-08-27 09:00:00
2026-05-21,150345145,1115,0,440.0000000000,-440.0000000000,-440.0000000000,0E-7,2,2,0.49324550000000000,0.493245500000,-1.3952362676504506,-1.3952362676504506,-1.3952362676504506,0E-17,ELIGIBLE,R03b_20260811_FULL_v1,L1_ELIGIBILITY,v2026-08-11,2026-03-21..2026-08-06,baccarat_bet02_101_all_pairs_incl_sentinel,round_win = game_pnl > 0 (decisive only),COMPATIBILITY_ONLY_NOT_PRODUCTION,572437.0000,524517.0000,9908.1000,1302,1301,-0.01730863,,-0.01730863,-0.01730863,-9908.1000,572437.0000,OK,0.0000,396.3240,4.0000,96.0000,AG03-UNRESOLVED,ALL5_LEVELS_bet23_to_bet27,396.3240,396.3240,396.3240,396.3240,396.3240,4.000000,4.000000,4.000000,4.000000,4.000000,96.000000,96.000000,96.000000,96.000000,96.000000,5.0,1981.6200,1829.3058,7926.4800,8078.7942,PENDING_AG03,FALSE,NOT_FOR_ENFORCEMENT,9511.7760,503536.3200,9908.1000,9511.7760,396.3240,0.01730863,0.01661628,396.3240,9511.7760,0.01661628,396.3240,396.3240,396.3240,396.3240,396.3240,9511.7760,0.01661628,1981.6200,1829.3058,7926.4800,8078.7942,0.01384690,0.01411298,0.00069235,439.6598,403.1645,7.6158,471.8143,13.4438,27258.9048,61.9524,,439.6598,50.0,150.0,500.0,1000.0,2000.0,3959.9609,110.0,0.0,13.333333,26.39974,2.931065,29,147,15,4,0E-8,0.01730863,,0E-8,0.000000,0.916288,0.000000,,2026-05-21,2026-07-03,21,737,411,44,0.477273,,,0.000000,,,,,,,,GLOBAL_BASELINE_NO_ENTITY_RANKING,,,NOT_APPLICABLE_GLOBAL_BASELINE,HF9g-P5,,,,X 全窗基线 · 不参与实体赏罚,15057341,1506,A168_HF9F_20260827_0900,2026-08-27 09:00:00
2026-05-21,150345145,1325,0,800.0000000000,800.0000000000,800.0000000000,1.0000000,4,4,0.49324550000000000,0.493245500000,2.0272029836991,2.0272029836991,2.0272029836991,0E-17,ELIGIBLE,R03b_20260811_FULL_v1,L1_ELIGIBILITY,v2026-08-11,2026-03-21..2026-08-06,baccarat_bet02_101_all_pairs_incl_sentinel,round_win = game_pnl > 0 (decisive only),COMPATIBILITY_ONLY_NOT_PRODUCTION,572437.0000,524517.0000,9908.1000,1302,1301,-0.01730863,,-0.01730863,-0.01730863,-9908.1000,572437.0000,OK,0.0000,396.3240,4.0000,96.0000,AG03-UNRESOLVED,ALL5_LEVELS_bet23_to_bet27,396.3240,396.3240,396.3240,396.3240,396.3240,4.000000,4.000000,4.000000,4.000000,4.000000,96.000000,96.000000,96.000000,96.000000,96.000000,5.0,1981.6200,1829.3058,7926.4800,8078.7942,PENDING_AG03,FALSE,NOT_FOR_ENFORCEMENT,9511.7760,503536.3200,9908.1000,9511.7760,396.3240,0.01730863,0.01661628,396.3240,9511.7760,0.01661628,396.3240,396.3240,396.3240,396.3240,396.3240,9511.7760,0.01661628,1981.6200,1829.3058,7926.4800,8078.7942,0.01384690,0.01411298,0.00069235,439.6598,403.1645,7.6158,471.8143,13.4438,27258.9048,61.9524,,439.6598,50.0,150.0,500.0,1000.0,2000.0,3959.9609,110.0,0.0,13.333333,26.39974,2.931065,29,147,15,4,0E-8,0.01730863,,0E-8,0.000000,0.916288,0.000000,,2026-05-21,2026-07-03,21,737,411,44,0.477273,,,0.000000,,,,,,,,GLOBAL_BASELINE_NO_ENTITY_RANKING,,,NOT_APPLICABLE_GLOBAL_BASELINE,HF9g-P5,,,,X 全窗基线 · 不参与实体赏罚,15057342,1506,A168_HF9F_20260827_0900,2026-08-27 09:00:00
2026-05-21,150345145,1385,0,100.0000000000,-100.0000000000,-100.0000000000,0E-7,1,1,0.49324550000000000,0.493245500000,-0.9865810262130424,-0.9865810262130424,-0.9865810262130424,0E-17,ELIGIBLE,R03b_20260811_FULL_v1,L1_ELIGIBILITY,v2026-08-11,2026-03-21..2026-08-06,baccarat_bet02_101_all_pairs_incl_sentinel,round_win = game_pnl > 0 (decisive only),COMPATIBILITY_ONLY_NOT_PRODUCTION,572437.0000,524517.0000,9908.1000,1302,1301,-0.01730863,,-0.01730863,-0.01730863,-9908.1000,572437.0000,OK,0.0000,396.3240,4.0000,96.0000,AG03-UNRESOLVED,ALL5_LEVELS_bet23_to_bet27,396.3240,396.3240,396.3240,396.3240,396.3240,4.000000,4.000000,4.000000,4.000000,4.000000,96.000000,96.000000,96.000000,96.000000,96.000000,5.0,1981.6200,1829.3058,7926.4800,8078.7942,PENDING_AG03,FALSE,NOT_FOR_ENFORCEMENT,9511.7760,503536.3200,9908.1000,9511.7760,396.3240,0.01730863,0.01661628,396.3240,9511.7760,0.01661628,396.3240,396.3240,396.3240,396.3240,396.3240,9511.7760,0.01661628,1981.6200,1829.3058,7926.4800,8078.7942,0.01384690,0.01411298,0.00069235,439.6598,403.1645,7.6158,471.8143,13.4438,27258.9048,61.9524,,439.6598,50.0,150.0,500.0,1000.0,2000.0,3959.9609,110.0,0.0,13.333333,26.39974,2.931065,29,147,15,4,0E-8,0.01730863,,0E-8,0.000000,0.916288,0.000000,,2026-05-21,2026-07-03,21,737,411,44,0.477273,,,0.000000,,,,,,,,GLOBAL_BASELINE_NO_ENTITY_RANKING,,,NOT_APPLICABLE_GLOBAL_BASELINE,HF9g-P5,,,,X 全窗基线 · 不参与实体赏罚,15057343,1506,A168_HF9F_20260827_0900,2026-08-27 09:00:00
2026-05-21,150345145,1396,0,500.0000000000,400.0000000000,400.0000000000,1.0000000,3,3,0.49324550000000000,0.493245500000,1.4334489766152358,1.4334489766152358,1.4334489766152358,0E-17,ELIGIBLE,R03b_20260811_FULL_v1,L1_ELIGIBILITY,v2026-08-11,2026-03-21..2026-08-06,baccarat_bet02_101_all_pairs_incl_sentinel,round_win = game_pnl > 0 (decisive only),COMPATIBILITY_ONLY_NOT_PRODUCTION,572437.0000,524517.0000,9908.1000,1302,1301,-0.01730863,,-0.01730863,-0.01730863,-9908.1000,572437.0000,OK,0.0000,396.3240,4.0000,96.0000,AG03-UNRESOLVED,ALL5_LEVELS_bet23_to_bet27,396.3240,396.3240,396.3240,396.3240,396.3240,4.000000,4.000000,4.000000,4.000000,4.000000,96.000000,96.000000,96.000000,96.000000,96.000000,5.0,1981.6200,1829.3058,7926.4800,8078.7942,PENDING_AG03,FALSE,NOT_FOR_ENFORCEMENT,9511.7760,503536.3200,9908.1000,9511.7760,396.3240,0.01730863,0.01661628,396.3240,9511.7760,0.01661628,396.3240,396.3240,396.3240,396.3240,396.3240,9511.7760,0.01661628,1981.6200,1829.3058,7926.4800,8078.7942,0.01384690,0.01411298,0.00069235,439.6598,403.1645,7.6158,471.8143,13.4438,27258.9048,61.9524,,439.6598,50.0,150.0,500.0,1000.0,2000.0,3959.9609,110.0,0.0,13.333333,26.39974,2.931065,29,147,15,4,0E-8,0.01730863,,0E-8,0.000000,0.916288,0.000000,,2026-05-21,2026-07-03,21,737,411,44,0.477273,,,0.000000,,,,,,,,GLOBAL_BASELINE_NO_ENTITY_RANKING,,,NOT_APPLICABLE_GLOBAL_BASELINE,HF9g-P5,,,,X 全窗基线 · 不参与实体赏罚,15057344,1506,A168_HF9F_20260827_0900,2026-08-27 09:00:00
2026-05-21,150345145,1405,0,470.0000000000,230.0000000000,230.0000000000,0.5000000,7,7,0.49516052857142857,0.495160528571,0.023709581855318605,0.023709581857418456,0.023709581855318605,4.2857E-13,ELIGIBLE,R03b_20260811_FULL_v1,L1_ELIGIBILITY,v2026-08-11,2026-03-21..2026-08-06,baccarat_bet02_101_all_pairs_incl_sentinel,round_win = game_pnl > 0 (decisive only),COMPATIBILITY_ONLY_NOT_PRODUCTION,572437.0000,524517.0000,9908.1000,1302,1301,-0.01730863,,-0.01730863,-0.01730863,-9908.1000,572437.0000,OK,0.0000,396.3240,4.0000,96.0000,AG03-UNRESOLVED,ALL5_LEVELS_bet23_to_bet27,396.3240,396.3240,396.3240,396.3240,396.3240,4.000000,4.000000,4.000000,4.000000,4.000000,96.000000,96.000000,96.000000,96.000000,96.000000,5.0,1981.6200,1829.3058,7926.4800,8078.7942,PENDING_AG03,FALSE,NOT_FOR_ENFORCEMENT,9511.7760,503536.3200,9908.1000,9511.7760,396.3240,0.01730863,0.01661628,396.3240,9511.7760,0.01661628,396.3240,396.3240,396.3240,396.3240,396.3240,9511.7760,0.01661628,1981.6200,1829.3058,7926.4800,8078.7942,0.01384690,0.01411298,0.00069235,439.6598,403.1645,7.6158,471.8143,13.4438,27258.9048,61.9524,,439.6598,50.0,150.0,500.0,1000.0,2000.0,3959.9609,110.0,0.0,13.333333,26.39974,2.931065,29,147,15,4,0E-8,0.01730863,,0E-8,0.000000,0.916288,0.000000,,2026-05-21,2026-07-03,21,737,411,44,0.477273,,,0.000000,,,,,,,,GLOBAL_BASELINE_NO_ENTITY_RANKING,,,NOT_APPLICABLE_GLOBAL_BASELINE,HF9g-P5,,,,X 全窗基线 · 不参与实体赏罚,15057345,1506,A168_HF9F_20260827_0900,2026-08-27 09:00:00
2026-05-21,150345145,1509,0,1000.0000000000,500.0000000000,500.0000000000,1.0000000,2,2,0.49324550000000000,0.493245500000,1.01360149184955,1.01360149184955,1.01360149184955,0E-17,ELIGIBLE,R03b_20260811_FULL_v1,L1_ELIGIBILITY,v2026-08-11,2026-03-21..2026-08-06,baccarat_bet02_101_all_pairs_incl_sentinel,round_win = game_pnl > 0 (decisive only),COMPATIBILITY_ONLY_NOT_PRODUCTION,572437.0000,524517.0000,9908.1000,1302,1301,-0.01730863,,-0.01730863,-0.01730863,-9908.1000,572437.0000,OK,0.0000,396.3240,4.0000,96.0000,AG03-UNRESOLVED,ALL5_LEVELS_bet23_to_bet27,396.3240,396.3240,396.3240,396.3240,396.3240,4.000000,4.000000,4.000000,4.000000,4.000000,96.000000,96.000000,96.000000,96.000000,96.000000,5.0,1981.6200,1829.3058,7926.4800,8078.7942,PENDING_AG03,FALSE,NOT_FOR_ENFORCEMENT,9511.7760,503536.3200,9908.1000,9511.7760,396.3240,0.01730863,0.01661628,396.3240,9511.7760,0.01661628,396.3240,396.3240,396.3240,396.3240,396.3240,9511.7760,0.01661628,1981.6200,1829.3058,7926.4800,8078.7942,0.01384690,0.01411298,0.00069235,439.6598,403.1645,7.6158,471.8143,13.4438,27258.9048,61.9524,,439.6598,50.0,150.0,500.0,1000.0,2000.0,3959.9609,110.0,0.0,13.333333,26.39974,2.931065,29,147,15,4,0E-8,0.01730863,,0E-8,0.000000,0.916288,0.000000,,2026-05-21,2026-07-03,21,737,411,44,0.477273,,,0.000000,,,,,,,,GLOBAL_BASELINE_NO_ENTITY_RANKING,,,NOT_APPLICABLE_GLOBAL_BASELINE,HF9g-P5,,,,X 全窗基线 · 不参与实体赏罚,15057346,1506,A168_HF9F_20260827_0900,2026-08-27 09:00:00
2026-05-21,150345145,1935,0,1000.0000000000,-500.0000000000,-500.0000000000,0E-7,2,2,0.49324550000000000,0.493245500000,-0.9865810262130424,-0.9865810262130424,-0.9865810262130424,0E-17,ELIGIBLE,R03b_20260811_FULL_v1,L1_ELIGIBILITY,v2026-08-11,2026-03-21..2026-08-06,baccarat_bet02_101_all_pairs_incl_sentinel,round_win = game_pnl > 0 (decisive only),COMPATIBILITY_ONLY_NOT_PRODUCTION,572437.0000,524517.0000,9908.1000,1302,1301,-0.01730863,,-0.01730863,-0.01730863,-9908.1000,572437.0000,OK,0.0000,396.3240,4.0000,96.0000,AG03-UNRESOLVED,ALL5_LEVELS_bet23_to_bet27,396.3240,396.3240,396.3240,396.3240,396.3240,4.000000,4.000000,4.000000,4.000000,4.000000,96.000000,96.000000,96.000000,96.000000,96.000000,5.0,1981.6200,1829.3058,7926.4800,8078.7942,PENDING_AG03,FALSE,NOT_FOR_ENFORCEMENT,9511.7760,503536.3200,9908.1000,9511.7760,396.3240,0.01730863,0.01661628,396.3240,9511.7760,0.01661628,396.3240,396.3240,396.3240,396.3240,396.3240,9511.7760,0.01661628,1981.6200,1829.3058,7926.4800,8078.7942,0.01384690,0.01411298,0.00069235,439.6598,403.1645,7.6158,471.8143,13.4438,27258.9048,61.9524,,439.6598,50.0,150.0,500.0,1000.0,2000.0,3959.9609,110.0,0.0,13.333333,26.39974,2.931065,29,147,15,4,0E-8,0.01730863,,0E-8,0.000000,0.916288,0.000000,,2026-05-21,2026-07-03,21,737,411,44,0.477273,,,0.000000,,,,,,,,GLOBAL_BASELINE_NO_ENTITY_RANKING,,,NOT_APPLICABLE_GLOBAL_BASELINE,HF9g-P5,,,,X 全窗基线 · 不参与实体赏罚,15057347,1506,A168_HF9F_20260827_0900,2026-08-27 09:00:00
2026-05-21,150345145,1941,0,800.0000000000,200.0000000000,200.0000000000,0.3333333,3,3,0.49324550000000000,0.493245500000,-0.5540025479526107,-0.5540025479526106,-0.5540025479526107,0E-17,ELIGIBLE,R03b_20260811_FULL_v1,L1_ELIGIBILITY,v2026-08-11,2026-03-21..2026-08-06,baccarat_bet02_101_all_pairs_incl_sentinel,round_win = game_pnl > 0 (decisive only),COMPATIBILITY_ONLY_NOT_PRODUCTION,572437.0000,524517.0000,9908.1000,1302,1301,-0.01730863,,-0.01730863,-0.01730863,-9908.1000,572437.0000,OK,0.0000,396.3240,4.0000,96.0000,AG03-UNRESOLVED,ALL5_LEVELS_bet23_to_bet27,396.3240,396.3240,396.3240,396.3240,396.3240,4.000000,4.000000,4.000000,4.000000,4.000000,96.000000,96.000000,96.000000,96.000000,96.000000,5.0,1981.6200,1829.3058,7926.4800,8078.7942,PENDING_AG03,FALSE,NOT_FOR_ENFORCEMENT,9511.7760,503536.3200,9908.1000,9511.7760,396.3240,0.01730863,0.01661628,396.3240,9511.7760,0.01661628,396.3240,396.3240,396.3240,396.3240,396.3240,9511.7760,0.01661628,1981.6200,1829.3058,7926.4800,8078.7942,0.01384690,0.01411298,0.00069235,439.6598,403.1645,7.6158,471.8143,13.4438,27258.9048,61.9524,,439.6598,50.0,150.0,500.0,1000.0,2000.0,3959.9609,110.0,0.0,13.333333,26.39974,2.931065,29,147,15,4,0E-8,0.01730863,,0E-8,0.000000,0.916288,0.000000,,2026-05-21,2026-07-03,21,737,411,44,0.477273,,,0.000000,,,,,,,,GLOBAL_BASELINE_NO_ENTITY_RANKING,,,NOT_APPLICABLE_GLOBAL_BASELINE,HF9g-P5,,,,X 全窗基线 · 不参与实体赏罚,15057348,1506,A168_HF9F_20260827_0900,2026-08-27 09:00:00
2026-05-21,150345145,1966,0,350.0000000000,350.0000000000,350.0000000000,1.0000000,1,1,0.49324550000000000,0.493245500000,1.01360149184955,1.01360149184955,1.01360149184955,0E-17,ELIGIBLE,R03b_20260811_FULL_v1,L1_ELIGIBILITY,v2026-08-11,2026-03-21..2026-08-06,baccarat_bet02_101_all_pairs_incl_sentinel,round_win = game_pnl > 0 (decisive only),COMPATIBILITY_ONLY_NOT_PRODUCTION,572437.0000,524517.0000,9908.1000,1302,1301,-0.01730863,,-0.01730863,-0.01730863,-9908.1000,572437.0000,OK,0.0000,396.3240,4.0000,96.0000,AG03-UNRESOLVED,ALL5_LEVELS_bet23_to_bet27,396.3240,396.3240,396.3240,396.3240,396.3240,4.000000,4.000000,4.000000,4.000000,4.000000,96.000000,96.000000,96.000000,96.000000,96.000000,5.0,1981.6200,1829.3058,7926.4800,8078.7942,PENDING_AG03,FALSE,NOT_FOR_ENFORCEMENT,9511.7760,503536.3200,9908.1000,9511.7760,396.3240,0.01730863,0.01661628,396.3240,9511.7760,0.01661628,396.3240,396.3240,396.3240,396.3240,396.3240,9511.7760,0.01661628,1981.6200,1829.3058,7926.4800,8078.7942,0.01384690,0.01411298,0.00069235,439.6598,403.1645,7.6158,471.8143,13.4438,27258.9048,61.9524,,439.6598,50.0,150.0,500.0,1000.0,2000.0,3959.9609,110.0,0.0,13.333333,26.39974,2.931065,29,147,15,4,0E-8,0.01730863,,0E-8,0.000000,0.916288,0.000000,,2026-05-21,2026-07-03,21,737,411,44,0.477273,,,0.000000,,,,,,,,GLOBAL_BASELINE_NO_ENTITY_RANKING,,,NOT_APPLICABLE_GLOBAL_BASELINE,HF9g-P5,,,,X 全窗基线 · 不参与实体赏罚,15057349,1506,A168_HF9F_20260827_0900,2026-08-27 09:00:00
2026-05-21,150345145,1994,0,300.0000000000,300.0000000000,300.0000000000,1.0000000,1,1,0.49324550000000000,0.493245500000,1.01360149184955,1.01360149184955,1.01360149184955,0E-17,ELIGIBLE,R03b_20260811_FULL_v1,L1_ELIGIBILITY,v2026-08-11,2026-03-21..2026-08-06,baccarat_bet02_101_all_pairs_incl_sentinel,round_win = game_pnl > 0 (decisive only),COMPATIBILITY_ONLY_NOT_PRODUCTION,572437.0000,524517.0000,9908.1000,1302,1301,-0.01730863,,-0.01730863,-0.01730863,-9908.1000,572437.0000,OK,0.0000,396.3240,4.0000,96.0000,AG03-UNRESOLVED,ALL5_LEVELS_bet23_to_bet27,396.3240,396.3240,396.3240,396.3240,396.3240,4.000000,4.000000,4.000000,4.000000,4.000000,96.000000,96.000000,96.000000,96.000000,96.000000,5.0,1981.6200,1829.3058,7926.4800,8078.7942,PENDING_AG03,FALSE,NOT_FOR_ENFORCEMENT,9511.7760,503536.3200,9908.1000,9511.7760,396.3240,0.01730863,0.01661628,396.3240,9511.7760,0.01661628,396.3240,396.3240,396.3240,396.3240,396.3240,9511.7760,0.01661628,1981.6200,1829.3058,7926.4800,8078.7942,0.01384690,0.01411298,0.00069235,439.6598,403.1645,7.6158,471.8143,13.4438,27258.9048,61.9524,,439.6598,50.0,150.0,500.0,1000.0,2000.0,3959.9609,110.0,0.0,13.333333,26.39974,2.931065,29,147,15,4,0E-8,0.01730863,,0E-8,0.000000,0.916288,0.000000,,2026-05-21,2026-07-03,21,737,411,44,0.477273,,,0.000000,,,,,,,,GLOBAL_BASELINE_NO_ENTITY_RANKING,,,NOT_APPLICABLE_GLOBAL_BASELINE,HF9g-P5,,,,X 全窗基线 · 不参与实体赏罚,15057350,1506,A168_HF9F_20260827_0900,2026-08-27 09:00:00
2026-05-21,150345145,2108,0,460.0000000000,-220.0000000000,-220.0000000000,0.5000000,4,4,0.49324550000000000,0.493245500000,0.027020465636507562,0.027020465636507562,0.027020465636507562,0E-17,ELIGIBLE,R03b_20260811_FULL_v1,L1_ELIGIBILITY,v2026-08-11,2026-03-21..2026-08-06,baccarat_bet02_101_all_pairs_incl_sentinel,round_win = game_pnl > 0 (decisive only),COMPATIBILITY_ONLY_NOT_PRODUCTION,572437.0000,524517.0000,9908.1000,1302,1301,-0.01730863,,-0.01730863,-0.01730863,-9908.1000,572437.0000,OK,0.0000,396.3240,4.0000,96.0000,AG03-UNRESOLVED,ALL5_LEVELS_bet23_to_bet27,396.3240,396.3240,396.3240,396.3240,396.3240,4.000000,4.000000,4.000000,4.000000,4.000000,96.000000,96.000000,96.000000,96.000000,96.000000,5.0,1981.6200,1829.3058,7926.4800,8078.7942,PENDING_AG03,FALSE,NOT_FOR_ENFORCEMENT,9511.7760,503536.3200,9908.1000,9511.7760,396.3240,0.01730863,0.01661628,396.3240,9511.7760,0.01661628,396.3240,396.3240,396.3240,396.3240,396.3240,9511.7760,0.01661628,1981.6200,1829.3058,7926.4800,8078.7942,0.01384690,0.01411298,0.00069235,439.6598,403.1645,7.6158,471.8143,13.4438,27258.9048,61.9524,,439.6598,50.0,150.0,500.0,1000.0,2000.0,3959.9609,110.0,0.0,13.333333,26.39974,2.931065,29,147,15,4,0E-8,0.01730863,,0E-8,0.000000,0.916288,0.000000,,2026-05-21,2026-07-03,21,737,411,44,0.477273,,,0.000000,,,,,,,,GLOBAL_BASELINE_NO_ENTITY_RANKING,,,NOT_APPLICABLE_GLOBAL_BASELINE,HF9g-P5,,,,X 全窗基线 · 不参与实体赏罚,15057351,1506,A168_HF9F_20260827_0900,2026-08-27 09:00:00
2026-05-21,150345145,2127,0,150.0000000000,0E-10,0E-10,,1,1,0.49324550000000000,0.493245500000,,,,0E-17,NO_DECISIVE_ROUND,R03b_20260811_FULL_v1,L1_ELIGIBILITY,v2026-08-11,2026-03-21..2026-08-06,baccarat_bet02_101_all_pairs_incl_sentinel,round_win = game_pnl > 0 (decisive only),COMPATIBILITY_ONLY_NOT_PRODUCTION,572437.0000,524517.0000,9908.1000,1302,1301,-0.01730863,,-0.01730863,-0.01730863,-9908.1000,572437.0000,OK,0.0000,396.3240,4.0000,96.0000,AG03-UNRESOLVED,ALL5_LEVELS_bet23_to_bet27,396.3240,396.3240,396.3240,396.3240,396.3240,4.000000,4.000000,4.000000,4.000000,4.000000,96.000000,96.000000,96.000000,96.000000,96.000000,5.0,1981.6200,1829.3058,7926.4800,8078.7942,PENDING_AG03,FALSE,NOT_FOR_ENFORCEMENT,9511.7760,503536.3200,9908.1000,9511.7760,396.3240,0.01730863,0.01661628,396.3240,9511.7760,0.01661628,396.3240,396.3240,396.3240,396.3240,396.3240,9511.7760,0.01661628,1981.6200,1829.3058,7926.4800,8078.7942,0.01384690,0.01411298,0.00069235,439.6598,403.1645,7.6158,471.8143,13.4438,27258.9048,61.9524,,439.6598,50.0,150.0,500.0,1000.0,2000.0,3959.9609,110.0,0.0,13.333333,26.39974,2.931065,29,147,15,4,0E-8,0.01730863,,0E-8,0.000000,0.916288,0.000000,,2026-05-21,2026-07-03,21,737,411,44,0.477273,,,0.000000,,,,,,,,GLOBAL_BASELINE_NO_ENTITY_RANKING,,,NOT_APPLICABLE_GLOBAL_BASELINE,HF9g-P5,,,,X 全窗基线 · 不参与实体赏罚,15057352,1506,A168_HF9F_20260827_0900,2026-08-27 09:00:00
2026-05-21,150345145,2141,0,120.0000000000,-120.0000000000,-120.0000000000,0E-7,1,1,0.49324550000000000,0.493245500000,-0.9865810262130424,-0.9865810262130424,-0.9865810262130424,0E-17,ELIGIBLE,R03b_20260811_FULL_v1,L1_ELIGIBILITY,v2026-08-11,2026-03-21..2026-08-06,baccarat_bet02_101_all_pairs_incl_sentinel,round_win = game_pnl > 0 (decisive only),COMPATIBILITY_ONLY_NOT_PRODUCTION,572437.0000,524517.0000,9908.1000,1302,1301,-0.01730863,,-0.01730863,-0.01730863,-9908.1000,572437.0000,OK,0.0000,396.3240,4.0000,96.0000,AG03-UNRESOLVED,ALL5_LEVELS_bet23_to_bet27,396.3240,396.3240,396.3240,396.3240,396.3240,4.000000,4.000000,4.000000,4.000000,4.000000,96.000000,96.000000,96.000000,96.000000,96.000000,5.0,1981.6200,1829.3058,7926.4800,8078.7942,PENDING_AG03,FALSE,NOT_FOR_ENFORCEMENT,9511.7760,503536.3200,9908.1000,9511.7760,396.3240,0.01730863,0.01661628,396.3240,9511.7760,0.01661628,396.3240,396.3240,396.3240,396.3240,396.3240,9511.7760,0.01661628,1981.6200,1829.3058,7926.4800,8078.7942,0.01384690,0.01411298,0.00069235,439.6598,403.1645,7.6158,471.8143,13.4438,27258.9048,61.9524,,439.6598,50.0,150.0,500.0,1000.0,2000.0,3959.9609,110.0,0.0,13.333333,26.39974,2.931065,29,147,15,4,0E-8,0.01730863,,0E-8,0.000000,0.916288,0.000000,,2026-05-21,2026-07-03,21,737,411,44,0.477273,,,0.000000,,,,,,,,GLOBAL_BASELINE_NO_ENTITY_RANKING,,,NOT_APPLICABLE_GLOBAL_BASELINE,HF9g-P5,,,,X 全窗基线 · 不参与实体赏罚,15057353,1506,A168_HF9F_20260827_0900,2026-08-27 09:00:00
2026-05-21,150345145,2142,0,300.0000000000,100.0000000000,100.0000000000,1.0000000,2,2,0.49324550000000000,0.493245500000,1.01360149184955,1.01360149184955,1.01360149184955,0E-17,ELIGIBLE,R03b_20260811_FULL_v1,L1_ELIGIBILITY,v2026-08-11,2026-03-21..2026-08-06,baccarat_bet02_101_all_pairs_incl_sentinel,round_win = game_pnl > 0 (decisive only),COMPATIBILITY_ONLY_NOT_PRODUCTION,572437.0000,524517.0000,9908.1000,1302,1301,-0.01730863,,-0.01730863,-0.01730863,-9908.1000,572437.0000,OK,0.0000,396.3240,4.0000,96.0000,AG03-UNRESOLVED,ALL5_LEVELS_bet23_to_bet27,396.3240,396.3240,396.3240,396.3240,396.3240,4.000000,4.000000,4.000000,4.000000,4.000000,96.000000,96.000000,96.000000,96.000000,96.000000,5.0,1981.6200,1829.3058,7926.4800,8078.7942,PENDING_AG03,FALSE,NOT_FOR_ENFORCEMENT,9511.7760,503536.3200,9908.1000,9511.7760,396.3240,0.01730863,0.01661628,396.3240,9511.7760,0.01661628,396.3240,396.3240,396.3240,396.3240,396.3240,9511.7760,0.01661628,1981.6200,1829.3058,7926.4800,8078.7942,0.01384690,0.01411298,0.00069235,439.6598,403.1645,7.6158,471.8143,13.4438,27258.9048,61.9524,,439.6598,50.0,150.0,500.0,1000.0,2000.0,3959.9609,110.0,0.0,13.333333,26.39974,2.931065,29,147,15,4,0E-8,0.01730863,,0E-8,0.000000,0.916288,0.000000,,2026-05-21,2026-07-03,21,737,411,44,0.477273,,,0.000000,,,,,,,,GLOBAL_BASELINE_NO_ENTITY_RANKING,,,NOT_APPLICABLE_GLOBAL_BASELINE,HF9g-P5,,,,X 全窗基线 · 不参与实体赏罚,15057354,1506,A168_HF9F_20260827_0900,2026-08-27 09:00:00
2026-05-21,150345145,2153,0,380.0000000000,-126.5000000000,-126.5000000000,0.5000000,4,4,0.50329940000000000,0.503299400000,-0.01319788734859681,-0.01319788734859681,-0.01319788734859681,0E-17,ELIGIBLE,R03b_20260811_FULL_v1,L1_ELIGIBILITY,v2026-08-11,2026-03-21..2026-08-06,baccarat_bet02_101_all_pairs_incl_sentinel,round_win = game_pnl > 0 (decisive only),COMPATIBILITY_ONLY_NOT_PRODUCTION,572437.0000,524517.0000,9908.1000,1302,1301,-0.01730863,,-0.01730863,-0.01730863,-9908.1000,572437.0000,OK,0.0000,396.3240,4.0000,96.0000,AG03-UNRESOLVED,ALL5_LEVELS_bet23_to_bet27,396.3240,396.3240,396.3240,396.3240,396.3240,4.000000,4.000000,4.000000,4.000000,4.000000,96.000000,96.000000,96.000000,96.000000,96.000000,5.0,1981.6200,1829.3058,7926.4800,8078.7942,PENDING_AG03,FALSE,NOT_FOR_ENFORCEMENT,9511.7760,503536.3200,9908.1000,9511.7760,396.3240,0.01730863,0.01661628,396.3240,9511.7760,0.01661628,396.3240,396.3240,396.3240,396.3240,396.3240,9511.7760,0.01661628,1981.6200,1829.3058,7926.4800,8078.7942,0.01384690,0.01411298,0.00069235,439.6598,403.1645,7.6158,471.8143,13.4438,27258.9048,61.9524,,439.6598,50.0,150.0,500.0,1000.0,2000.0,3959.9609,110.0,0.0,13.333333,26.39974,2.931065,29,147,15,4,0E-8,0.01730863,,0E-8,0.000000,0.916288,0.000000,,2026-05-21,2026-07-03,21,737,411,44,0.477273,,,0.000000,,,,,,,,GLOBAL_BASELINE_NO_ENTITY_RANKING,,,NOT_APPLICABLE_GLOBAL_BASELINE,HF9g-P5,,,,X 全窗基线 · 不参与实体赏罚,15057355,1506,A168_HF9F_20260827_0900,2026-08-27 09:00:00
2026-05-21,150345145,2160,0,450.0000000000,150.0000000000,150.0000000000,0.5000000,2,2,0.49324550000000000,0.493245500000,0.01910635448239258,0.01910635448239258,0.01910635448239258,0E-17,ELIGIBLE,R03b_20260811_FULL_v1,L1_ELIGIBILITY,v2026-08-11,2026-03-21..2026-08-06,baccarat_bet02_101_all_pairs_incl_sentinel,round_win = game_pnl > 0 (decisive only),COMPATIBILITY_ONLY_NOT_PRODUCTION,572437.0000,524517.0000,9908.1000,1302,1301,-0.01730863,,-0.01730863,-0.01730863,-9908.1000,572437.0000,OK,0.0000,396.3240,4.0000,96.0000,AG03-UNRESOLVED,ALL5_LEVELS_bet23_to_bet27,396.3240,396.3240,396.3240,396.3240,396.3240,4.000000,4.000000,4.000000,4.000000,4.000000,96.000000,96.000000,96.000000,96.000000,96.000000,5.0,1981.6200,1829.3058,7926.4800,8078.7942,PENDING_AG03,FALSE,NOT_FOR_ENFORCEMENT,9511.7760,503536.3200,9908.1000,9511.7760,396.3240,0.01730863,0.01661628,396.3240,9511.7760,0.01661628,396.3240,396.3240,396.3240,396.3240,396.3240,9511.7760,0.01661628,1981.6200,1829.3058,7926.4800,8078.7942,0.01384690,0.01411298,0.00069235,439.6598,403.1645,7.6158,471.8143,13.4438,27258.9048,61.9524,,439.6598,50.0,150.0,500.0,1000.0,2000.0,3959.9609,110.0,0.0,13.333333,26.39974,2.931065,29,147,15,4,0E-8,0.01730863,,0E-8,0.000000,0.916288,0.000000,,2026-05-21,2026-07-03,21,737,411,44,0.477273,,,0.000000,,,,,,,,GLOBAL_BASELINE_NO_ENTITY_RANKING,,,NOT_APPLICABLE_GLOBAL_BASELINE,HF9g-P5,,,,X 全窗基线 · 不参与实体赏罚,15057356,1506,A168_HF9F_20260827_0900,2026-08-27 09:00:00
2026-05-21,150345145,2188,0,200.0000000000,-200.0000000000,-200.0000000000,0E-7,1,1,0.49324550000000000,0.493245500000,-0.9865810262130424,-0.9865810262130424,-0.9865810262130424,0E-17,ELIGIBLE,R03b_20260811_FULL_v1,L1_ELIGIBILITY,v2026-08-11,2026-03-21..2026-08-06,baccarat_bet02_101_all_pairs_incl_sentinel,round_win = game_pnl > 0 (decisive only),COMPATIBILITY_ONLY_NOT_PRODUCTION,572437.0000,524517.0000,9908.1000,1302,1301,-0.01730863,,-0.01730863,-0.01730863,-9908.1000,572437.0000,OK,0.0000,396.3240,4.0000,96.0000,AG03-UNRESOLVED,ALL5_LEVELS_bet23_to_bet27,396.3240,396.3240,396.3240,396.3240,396.3240,4.000000,4.000000,4.000000,4.000000,4.000000,96.000000,96.000000,96.000000,96.000000,96.000000,5.0,1981.6200,1829.3058,7926.4800,8078.7942,PENDING_AG03,FALSE,NOT_FOR_ENFORCEMENT,9511.7760,503536.3200,9908.1000,9511.7760,396.3240,0.01730863,0.01661628,396.3240,9511.7760,0.01661628,396.3240,396.3240,396.3240,396.3240,396.3240,9511.7760,0.01661628,1981.6200,1829.3058,7926.4800,8078.7942,0.01384690,0.01411298,0.00069235,439.6598,403.1645,7.6158,471.8143,13.4438,27258.9048,61.9524,,439.6598,50.0,150.0,500.0,1000.0,2000.0,3959.9609,110.0,0.0,13.333333,26.39974,2.931065,29,147,15,4,0E-8,0.01730863,,0E-8,0.000000,0.916288,0.000000,,2026-05-21,2026-07-03,21,737,411,44,0.477273,,,0.000000,,,,,,,,GLOBAL_BASELINE_NO_ENTITY_RANKING,,,NOT_APPLICABLE_GLOBAL_BASELINE,HF9g-P5,,,,X 全窗基线 · 不参与实体赏罚,15057357,1506,A168_HF9F_20260827_0900,2026-08-27 09:00:00
2026-05-21,150345145,2205,0,400.0000000000,400.0000000000,400.0000000000,1.0000000,1,1,0.49324550000000000,0.493245500000,1.01360149184955,1.01360149184955,1.01360149184955,0E-17,ELIGIBLE,R03b_20260811_FULL_v1,L1_ELIGIBILITY,v2026-08-11,2026-03-21..2026-08-06,baccarat_bet02_101_all_pairs_incl_sentinel,round_win = game_pnl > 0 (decisive only),COMPATIBILITY_ONLY_NOT_PRODUCTION,572437.0000,524517.0000,9908.1000,1302,1301,-0.01730863,,-0.01730863,-0.01730863,-9908.1000,572437.0000,OK,0.0000,396.3240,4.0000,96.0000,AG03-UNRESOLVED,ALL5_LEVELS_bet23_to_bet27,396.3240,396.3240,396.3240,396.3240,396.3240,4.000000,4.000000,4.000000,4.000000,4.000000,96.000000,96.000000,96.000000,96.000000,96.000000,5.0,1981.6200,1829.3058,7926.4800,8078.7942,PENDING_AG03,FALSE,NOT_FOR_ENFORCEMENT,9511.7760,503536.3200,9908.1000,9511.7760,396.3240,0.01730863,0.01661628,396.3240,9511.7760,0.01661628,396.3240,396.3240,396.3240,396.3240,396.3240,9511.7760,0.01661628,1981.6200,1829.3058,7926.4800,8078.7942,0.01384690,0.01411298,0.00069235,439.6598,403.1645,7.6158,471.8143,13.4438,27258.9048,61.9524,,439.6598,50.0,150.0,500.0,1000.0,2000.0,3959.9609,110.0,0.0,13.333333,26.39974,2.931065,29,147,15,4,0E-8,0.01730863,,0E-8,0.000000,0.916288,0.000000,,2026-05-21,2026-07-03,21,737,411,44,0.477273,,,0.000000,,,,,,,,GLOBAL_BASELINE_NO_ENTITY_RANKING,,,NOT_APPLICABLE_GLOBAL_BASELINE,HF9g-P5,,,,X 全窗基线 · 不参与实体赏罚,15057358,1506,A168_HF9F_20260827_0900,2026-08-27 09:00:00
2026-05-21,150345145,2209,0,2000.0000000000,0E-10,0E-10,0.5000000,4,4,0.49324550000000000,0.493245500000,0.027020465636507562,0.027020465636507562,0.027020465636507562,0E-17,ELIGIBLE,R03b_20260811_FULL_v1,L1_ELIGIBILITY,v2026-08-11,2026-03-21..2026-08-06,baccarat_bet02_101_all_pairs_incl_sentinel,round_win = game_pnl > 0 (decisive only),COMPATIBILITY_ONLY_NOT_PRODUCTION,572437.0000,524517.0000,9908.1000,1302,1301,-0.01730863,,-0.01730863,-0.01730863,-9908.1000,572437.0000,OK,0.0000,396.3240,4.0000,96.0000,AG03-UNRESOLVED,ALL5_LEVELS_bet23_to_bet27,396.3240,396.3240,396.3240,396.3240,396.3240,4.000000,4.000000,4.000000,4.000000,4.000000,96.000000,96.000000,96.000000,96.000000,96.000000,5.0,1981.6200,1829.3058,7926.4800,8078.7942,PENDING_AG03,FALSE,NOT_FOR_ENFORCEMENT,9511.7760,503536.3200,9908.1000,9511.7760,396.3240,0.01730863,0.01661628,396.3240,9511.7760,0.01661628,396.3240,396.3240,396.3240,396.3240,396.3240,9511.7760,0.01661628,1981.6200,1829.3058,7926.4800,8078.7942,0.01384690,0.01411298,0.00069235,439.6598,403.1645,7.6158,471.8143,13.4438,27258.9048,61.9524,,439.6598,50.0,150.0,500.0,1000.0,2000.0,3959.9609,110.0,0.0,13.333333,26.39974,2.931065,29,147,15,4,0E-8,0.01730863,,0E-8,0.000000,0.916288,0.000000,,2026-05-21,2026-07-03,21,737,411,44,0.477273,,,0.000000,,,,,,,,GLOBAL_BASELINE_NO_ENTITY_RANKING,,,NOT_APPLICABLE_GLOBAL_BASELINE,HF9g-P5,,,,X 全窗基线 · 不参与实体赏罚,15057359,1506,A168_HF9F_20260827_0900,2026-08-27 09:00:00
2026-05-21,150345145,2220,0,490.0000000000,-400.0000000000,-400.0000000000,0E-7,2,2,0.49324550000000000,0.493245500000,-0.9865810262130424,-0.9865810262130424,-0.9865810262130424,0E-17,ELIGIBLE,R03b_20260811_FULL_v1,L1_ELIGIBILITY,v2026-08-11,2026-03-21..2026-08-06,baccarat_bet02_101_all_pairs_incl_sentinel,round_win = game_pnl > 0 (decisive only),COMPATIBILITY_ONLY_NOT_PRODUCTION,572437.0000,524517.0000,9908.1000,1302,1301,-0.01730863,,-0.01730863,-0.01730863,-9908.1000,572437.0000,OK,0.0000,396.3240,4.0000,96.0000,AG03-UNRESOLVED,ALL5_LEVELS_bet23_to_bet27,396.3240,396.3240,396.3240,396.3240,396.3240,4.000000,4.000000,4.000000,4.000000,4.000000,96.000000,96.000000,96.000000,96.000000,96.000000,5.0,1981.6200,1829.3058,7926.4800,8078.7942,PENDING_AG03,FALSE,NOT_FOR_ENFORCEMENT,9511.7760,503536.3200,9908.1000,9511.7760,396.3240,0.01730863,0.01661628,396.3240,9511.7760,0.01661628,396.3240,396.3240,396.3240,396.3240,396.3240,9511.7760,0.01661628,1981.6200,1829.3058,7926.4800,8078.7942,0.01384690,0.01411298,0.00069235,439.6598,403.1645,7.6158,471.8143,13.4438,27258.9048,61.9524,,439.6598,50.0,150.0,500.0,1000.0,2000.0,3959.9609,110.0,0.0,13.333333,26.39974,2.931065,29,147,15,4,0E-8,0.01730863,,0E-8,0.000000,0.916288,0.000000,,2026-05-21,2026-07-03,21,737,411,44,0.477273,,,0.000000,,,,,,,,GLOBAL_BASELINE_NO_ENTITY_RANKING,,,NOT_APPLICABLE_GLOBAL_BASELINE,HF9g-P5,,,,X 全窗基线 · 不参与实体赏罚,15057360,1506,A168_HF9F_20260827_0900,2026-08-27 09:00:00
2026-05-21,150345145,2248,0,500.0000000000,500.0000000000,500.0000000000,1.0000000,1,1,0.49324550000000000,0.493245500000,1.01360149184955,1.01360149184955,1.01360149184955,0E-17,ELIGIBLE,R03b_20260811_FULL_v1,L1_ELIGIBILITY,v2026-08-11,2026-03-21..2026-08-06,baccarat_bet02_101_all_pairs_incl_sentinel,round_win = game_pnl > 0 (decisive only),COMPATIBILITY_ONLY_NOT_PRODUCTION,572437.0000,524517.0000,9908.1000,1302,1301,-0.01730863,,-0.01730863,-0.01730863,-9908.1000,572437.0000,OK,0.0000,396.3240,4.0000,96.0000,AG03-UNRESOLVED,ALL5_LEVELS_bet23_to_bet27,396.3240,396.3240,396.3240,396.3240,396.3240,4.000000,4.000000,4.000000,4.000000,4.000000,96.000000,96.000000,96.000000,96.000000,96.000000,5.0,1981.6200,1829.3058,7926.4800,8078.7942,PENDING_AG03,FALSE,NOT_FOR_ENFORCEMENT,9511.7760,503536.3200,9908.1000,9511.7760,396.3240,0.01730863,0.01661628,396.3240,9511.7760,0.01661628,396.3240,396.3240,396.3240,396.3240,396.3240,9511.7760,0.01661628,1981.6200,1829.3058,7926.4800,8078.7942,0.01384690,0.01411298,0.00069235,439.6598,403.1645,7.6158,471.8143,13.4438,27258.9048,61.9524,,439.6598,50.0,150.0,500.0,1000.0,2000.0,3959.9609,110.0,0.0,13.333333,26.39974,2.931065,29,147,15,4,0E-8,0.01730863,,0E-8,0.000000,0.916288,0.000000,,2026-05-21,2026-07-03,21,737,411,44,0.477273,,,0.000000,,,,,,,,GLOBAL_BASELINE_NO_ENTITY_RANKING,,,NOT_APPLICABLE_GLOBAL_BASELINE,HF9g-P5,,,,X 全窗基线 · 不参与实体赏罚,15057361,1506,A168_HF9F_20260827_0900,2026-08-27 09:00:00
2026-05-21,150345145,2261,0,900.0000000000,500.0000000000,500.0000000000,0.7500000,4,4,0.49659680000000000,0.496596800000,1.0136362796769356,1.0136362796769358,1.0136362796769356,0E-17,ELIGIBLE,R03b_20260811_FULL_v1,L1_ELIGIBILITY,v2026-08-11,2026-03-21..2026-08-06,baccarat_bet02_101_all_pairs_incl_sentinel,round_win = game_pnl > 0 (decisive only),COMPATIBILITY_ONLY_NOT_PRODUCTION,572437.0000,524517.0000,9908.1000,1302,1301,-0.01730863,,-0.01730863,-0.01730863,-9908.1000,572437.0000,OK,0.0000,396.3240,4.0000,96.0000,AG03-UNRESOLVED,ALL5_LEVELS_bet23_to_bet27,396.3240,396.3240,396.3240,396.3240,396.3240,4.000000,4.000000,4.000000,4.000000,4.000000,96.000000,96.000000,96.000000,96.000000,96.000000,5.0,1981.6200,1829.3058,7926.4800,8078.7942,PENDING_AG03,FALSE,NOT_FOR_ENFORCEMENT,9511.7760,503536.3200,9908.1000,9511.7760,396.3240,0.01730863,0.01661628,396.3240,9511.7760,0.01661628,396.3240,396.3240,396.3240,396.3240,396.3240,9511.7760,0.01661628,1981.6200,1829.3058,7926.4800,8078.7942,0.01384690,0.01411298,0.00069235,439.6598,403.1645,7.6158,471.8143,13.4438,27258.9048,61.9524,,439.6598,50.0,150.0,500.0,1000.0,2000.0,3959.9609,110.0,0.0,13.333333,26.39974,2.931065,29,147,15,4,0E-8,0.01730863,,0E-8,0.000000,0.916288,0.000000,,2026-05-21,2026-07-03,21,737,411,44,0.477273,,,0.000000,,,,,,,,GLOBAL_BASELINE_NO_ENTITY_RANKING,,,NOT_APPLICABLE_GLOBAL_BASELINE,HF9g-P5,,,,X 全窗基线 · 不参与实体赏罚,15057362,1506,A168_HF9F_20260827_0900,2026-08-27 09:00:00
2026-05-21,150345145,2267,0,200.0000000000,-200.0000000000,-200.0000000000,0E-7,1,1,0.49324550000000000,0.493245500000,-0.9865810262130424,-0.9865810262130424,-0.9865810262130424,0E-17,ELIGIBLE,R03b_20260811_FULL_v1,L1_ELIGIBILITY,v2026-08-11,2026-03-21..2026-08-06,baccarat_bet02_101_all_pairs_incl_sentinel,round_win = game_pnl > 0 (decisive only),COMPATIBILITY_ONLY_NOT_PRODUCTION,572437.0000,524517.0000,9908.1000,1302,1301,-0.01730863,,-0.01730863,-0.01730863,-9908.1000,572437.0000,OK,0.0000,396.3240,4.0000,96.0000,AG03-UNRESOLVED,ALL5_LEVELS_bet23_to_bet27,396.3240,396.3240,396.3240,396.3240,396.3240,4.000000,4.000000,4.000000,4.000000,4.000000,96.000000,96.000000,96.000000,96.000000,96.000000,5.0,1981.6200,1829.3058,7926.4800,8078.7942,PENDING_AG03,FALSE,NOT_FOR_ENFORCEMENT,9511.7760,503536.3200,9908.1000,9511.7760,396.3240,0.01730863,0.01661628,396.3240,9511.7760,0.01661628,396.3240,396.3240,396.3240,396.3240,396.3240,9511.7760,0.01661628,1981.6200,1829.3058,7926.4800,8078.7942,0.01384690,0.01411298,0.00069235,439.6598,403.1645,7.6158,471.8143,13.4438,27258.9048,61.9524,,439.6598,50.0,150.0,500.0,1000.0,2000.0,3959.9609,110.0,0.0,13.333333,26.39974,2.931065,29,147,15,4,0E-8,0.01730863,,0E-8,0.000000,0.916288,0.000000,,2026-05-21,2026-07-03,21,737,411,44,0.477273,,,0.000000,,,,,,,,GLOBAL_BASELINE_NO_ENTITY_RANKING,,,NOT_APPLICABLE_GLOBAL_BASELINE,HF9g-P5,,,,X 全窗基线 · 不参与实体赏罚,15057363,1506,A168_HF9F_20260827_0900,2026-08-27 09:00:00
2026-05-21,150345145,526,0,1000.0000000000,0E-10,0E-10,0.5000000,2,2,0.49324550000000000,0.493245500000,0.01910635448239258,0.01910635448239258,0.01910635448239258,0E-17,ELIGIBLE,R03b_20260811_FULL_v1,L1_ELIGIBILITY,v2026-08-11,2026-03-21..2026-08-06,baccarat_bet02_101_all_pairs_incl_sentinel,round_win = game_pnl > 0 (decisive only),COMPATIBILITY_ONLY_NOT_PRODUCTION,572437.0000,524517.0000,9908.1000,1302,1301,-0.01730863,,-0.01730863,-0.01730863,-9908.1000,572437.0000,OK,0.0000,396.3240,4.0000,96.0000,AG03-UNRESOLVED,ALL5_LEVELS_bet23_to_bet27,396.3240,396.3240,396.3240,396.3240,396.3240,4.000000,4.000000,4.000000,4.000000,4.000000,96.000000,96.000000,96.000000,96.000000,96.000000,5.0,1981.6200,1829.3058,7926.4800,8078.7942,PENDING_AG03,FALSE,NOT_FOR_ENFORCEMENT,9511.7760,503536.3200,9908.1000,9511.7760,396.3240,0.01730863,0.01661628,396.3240,9511.7760,0.01661628,396.3240,396.3240,396.3240,396.3240,396.3240,9511.7760,0.01661628,1981.6200,1829.3058,7926.4800,8078.7942,0.01384690,0.01411298,0.00069235,439.6598,403.1645,7.6158,471.8143,13.4438,27258.9048,61.9524,,439.6598,50.0,150.0,500.0,1000.0,2000.0,3959.9609,110.0,0.0,13.333333,26.39974,2.931065,29,147,15,4,0E-8,0.01730863,,0E-8,0.000000,0.916288,0.000000,,2026-05-21,2026-07-03,21,737,411,44,0.477273,,,0.000000,,,,,,,,GLOBAL_BASELINE_NO_ENTITY_RANKING,,,NOT_APPLICABLE_GLOBAL_BASELINE,HF9g-P5,,,,X 全窗基线 · 不参与实体赏罚,15057364,1506,A168_HF9F_20260827_0900,2026-08-27 09:00:00
2026-05-21,150345145,752,0,461.0000000000,-299.0000000000,-299.0000000000,0.3333333,4,4,0.49324550000000000,0.493245500000,-0.5540025479526107,-0.5540025479526106,-0.5540025479526107,0E-17,ELIGIBLE,R03b_20260811_FULL_v1,L1_ELIGIBILITY,v2026-08-11,2026-03-21..2026-08-06,baccarat_bet02_101_all_pairs_incl_sentinel,round_win = game_pnl > 0 (decisive only),COMPATIBILITY_ONLY_NOT_PRODUCTION,572437.0000,524517.0000,9908.1000,1302,1301,-0.01730863,,-0.01730863,-0.01730863,-9908.1000,572437.0000,OK,0.0000,396.3240,4.0000,96.0000,AG03-UNRESOLVED,ALL5_LEVELS_bet23_to_bet27,396.3240,396.3240,396.3240,396.3240,396.3240,4.000000,4.000000,4.000000,4.000000,4.000000,96.000000,96.000000,96.000000,96.000000,96.000000,5.0,1981.6200,1829.3058,7926.4800,8078.7942,PENDING_AG03,FALSE,NOT_FOR_ENFORCEMENT,9511.7760,503536.3200,9908.1000,9511.7760,396.3240,0.01730863,0.01661628,396.3240,9511.7760,0.01661628,396.3240,396.3240,396.3240,396.3240,396.3240,9511.7760,0.01661628,1981.6200,1829.3058,7926.4800,8078.7942,0.01384690,0.01411298,0.00069235,439.6598,403.1645,7.6158,471.8143,13.4438,27258.9048,61.9524,,439.6598,50.0,150.0,500.0,1000.0,2000.0,3959.9609,110.0,0.0,13.333333,26.39974,2.931065,29,147,15,4,0E-8,0.01730863,,0E-8,0.000000,0.916288,0.000000,,2026-05-21,2026-07-03,21,737,411,44,0.477273,,,0.000000,,,,,,,,GLOBAL_BASELINE_NO_ENTITY_RANKING,,,NOT_APPLICABLE_GLOBAL_BASELINE,HF9g-P5,,,,X 全窗基线 · 不参与实体赏罚,15057365,1506,A168_HF9F_20260827_0900,2026-08-27 09:00:00
2026-05-21,150345145,948,0,1503.0000000000,503.0000000000,503.0000000000,0.7500000,4,4,0.49324550000000000,0.493245500000,1.0271117246678039,1.0271117246678039,1.0271117246678039,0E-17,ELIGIBLE,R03b_20260811_FULL_v1,L1_ELIGIBILITY,v2026-08-11,2026-03-21..2026-08-06,baccarat_bet02_101_all_pairs_incl_sentinel,round_win = game_pnl > 0 (decisive only),COMPATIBILITY_ONLY_NOT_PRODUCTION,572437.0000,524517.0000,9908.1000,1302,1301,-0.01730863,,-0.01730863,-0.01730863,-9908.1000,572437.0000,OK,0.0000,396.3240,4.0000,96.0000,AG03-UNRESOLVED,ALL5_LEVELS_bet23_to_bet27,396.3240,396.3240,396.3240,396.3240,396.3240,4.000000,4.000000,4.000000,4.000000,4.000000,96.000000,96.000000,96.000000,96.000000,96.000000,5.0,1981.6200,1829.3058,7926.4800,8078.7942,PENDING_AG03,FALSE,NOT_FOR_ENFORCEMENT,9511.7760,503536.3200,9908.1000,9511.7760,396.3240,0.01730863,0.01661628,396.3240,9511.7760,0.01661628,396.3240,396.3240,396.3240,396.3240,396.3240,9511.7760,0.01661628,1981.6200,1829.3058,7926.4800,8078.7942,0.01384690,0.01411298,0.00069235,439.6598,403.1645,7.6158,471.8143,13.4438,27258.9048,61.9524,,439.6598,50.0,150.0,500.0,1000.0,2000.0,3959.9609,110.0,0.0,13.333333,26.39974,2.931065,29,147,15,4,0E-8,0.01730863,,0E-8,0.000000,0.916288,0.000000,,2026-05-21,2026-07-03,21,737,411,44,0.477273,,,0.000000,,,,,,,,GLOBAL_BASELINE_NO_ENTITY_RANKING,,,NOT_APPLICABLE_GLOBAL_BASELINE,HF9g-P5,,,,X 全窗基线 · 不参与实体赏罚,15057366,1506,A168_HF9F_20260827_0900,2026-08-27 09:00:00
2026-05-21,150345145,970,0,558.0000000000,-24.0000000000,-24.0000000000,0.6000000,5,5,0.49324550000000000,0.493245500000,0.47746420675292983,0.47746420675292983,0.47746420675292983,0E-17,ELIGIBLE,R03b_20260811_FULL_v1,L1_ELIGIBILITY,v2026-08-11,2026-03-21..2026-08-06,baccarat_bet02_101_all_pairs_incl_sentinel,round_win = game_pnl > 0 (decisive only),COMPATIBILITY_ONLY_NOT_PRODUCTION,572437.0000,524517.0000,9908.1000,1302,1301,-0.01730863,,-0.01730863,-0.01730863,-9908.1000,572437.0000,OK,0.0000,396.3240,4.0000,96.0000,AG03-UNRESOLVED,ALL5_LEVELS_bet23_to_bet27,396.3240,396.3240,396.3240,396.3240,396.3240,4.000000,4.000000,4.000000,4.000000,4.000000,96.000000,96.000000,96.000000,96.000000,96.000000,5.0,1981.6200,1829.3058,7926.4800,8078.7942,PENDING_AG03,FALSE,NOT_FOR_ENFORCEMENT,9511.7760,503536.3200,9908.1000,9511.7760,396.3240,0.01730863,0.01661628,396.3240,9511.7760,0.01661628,396.3240,396.3240,396.3240,396.3240,396.3240,9511.7760,0.01661628,1981.6200,1829.3058,7926.4800,8078.7942,0.01384690,0.01411298,0.00069235,439.6598,403.1645,7.6158,471.8143,13.4438,27258.9048,61.9524,,439.6598,50.0,150.0,500.0,1000.0,2000.0,3959.9609,110.0,0.0,13.333333,26.39974,2.931065,29,147,15,4,0E-8,0.01730863,,0E-8,0.000000,0.916288,0.000000,,2026-05-21,2026-07-03,21,737,411,44,0.477273,,,0.000000,,,,,,,,GLOBAL_BASELINE_NO_ENTITY_RANKING,,,NOT_APPLICABLE_GLOBAL_BASELINE,HF9g-P5,,,,X 全窗基线 · 不参与实体赏罚,15057367,1506,A168_HF9F_20260827_0900,2026-08-27 09:00:00
2026-05-22,150345145,-1,1,5800.0000000000,-2225.0000000000,-2225.0000000000,0.3333333,12,12,0.49547970000000000,0.495479700000,-1.123428892552539,-1.123428892552539,-1.123428892552539,0E-17,SENTINEL_DEALER,R03b_20260811_FULL_v1,L1_ELIGIBILITY,v2026-08-11,2026-03-21..2026-08-06,baccarat_bet02_101_all_pairs_incl_sentinel,round_win = game_pnl > 0 (decisive only),COMPATIBILITY_ONLY_NOT_PRODUCTION,572437.0000,524517.0000,9908.1000,1302,1301,-0.01730863,,-0.01730863,-0.01730863,-9908.1000,572437.0000,OK,0.0000,396.3240,4.0000,96.0000,AG03-UNRESOLVED,ALL5_LEVELS_bet23_to_bet27,396.3240,396.3240,396.3240,396.3240,396.3240,4.000000,4.000000,4.000000,4.000000,4.000000,96.000000,96.000000,96.000000,96.000000,96.000000,5.0,1981.6200,1829.3058,7926.4800,8078.7942,PENDING_AG03,FALSE,NOT_FOR_ENFORCEMENT,9511.7760,503536.3200,9908.1000,9511.7760,396.3240,0.01730863,0.01661628,396.3240,9511.7760,0.01661628,396.3240,396.3240,396.3240,396.3240,396.3240,9511.7760,0.01661628,1981.6200,1829.3058,7926.4800,8078.7942,0.01384690,0.01411298,0.00069235,439.6598,403.1645,7.6158,471.8143,13.4438,27258.9048,61.9524,,439.6598,50.0,150.0,500.0,1000.0,2000.0,3959.9609,110.0,0.0,13.333333,26.39974,2.931065,29,147,15,4,0E-8,0.01730863,,0E-8,0.000000,0.916288,0.000000,,2026-05-21,2026-07-03,21,737,411,44,0.477273,,,0.000000,,,,,,,,GLOBAL_BASELINE_NO_ENTITY_RANKING,,,NOT_APPLICABLE_GLOBAL_BASELINE,HF9g-P5,,,,X 全窗基线 · 不参与实体赏罚,15057368,1506,A168_HF9F_20260827_0900,2026-08-27 09:00:00
2026-05-22,150345145,1094,0,500.0000000000,-500.0000000000,-500.0000000000,0E-7,1,1,0.49324550000000000,0.493245500000,-0.9865810262130424,-0.9865810262130424,-0.9865810262130424,0E-17,ELIGIBLE,R03b_20260811_FULL_v1,L1_ELIGIBILITY,v2026-08-11,2026-03-21..2026-08-06,baccarat_bet02_101_all_pairs_incl_sentinel,round_win = game_pnl > 0 (decisive only),COMPATIBILITY_ONLY_NOT_PRODUCTION,572437.0000,524517.0000,9908.1000,1302,1301,-0.01730863,,-0.01730863,-0.01730863,-9908.1000,572437.0000,OK,0.0000,396.3240,4.0000,96.0000,AG03-UNRESOLVED,ALL5_LEVELS_bet23_to_bet27,396.3240,396.3240,396.3240,396.3240,396.3240,4.000000,4.000000,4.000000,4.000000,4.000000,96.000000,96.000000,96.000000,96.000000,96.000000,5.0,1981.6200,1829.3058,7926.4800,8078.7942,PENDING_AG03,FALSE,NOT_FOR_ENFORCEMENT,9511.7760,503536.3200,9908.1000,9511.7760,396.3240,0.01730863,0.01661628,396.3240,9511.7760,0.01661628,396.3240,396.3240,396.3240,396.3240,396.3240,9511.7760,0.01661628,1981.6200,1829.3058,7926.4800,8078.7942,0.01384690,0.01411298,0.00069235,439.6598,403.1645,7.6158,471.8143,13.4438,27258.9048,61.9524,,439.6598,50.0,150.0,500.0,1000.0,2000.0,3959.9609,110.0,0.0,13.333333,26.39974,2.931065,29,147,15,4,0E-8,0.01730863,,0E-8,0.000000,0.916288,0.000000,,2026-05-21,2026-07-03,21,737,411,44,0.477273,,,0.000000,,,,,,,,GLOBAL_BASELINE_NO_ENTITY_RANKING,,,NOT_APPLICABLE_GLOBAL_BASELINE,HF9g-P5,,,,X 全窗基线 · 不参与实体赏罚,15057369,1506,A168_HF9F_20260827_0900,2026-08-27 09:00:00
2026-05-22,150345145,1115,0,500.0000000000,-500.0000000000,-500.0000000000,0E-7,1,1,0.49324550000000000,0.493245500000,-0.9865810262130424,-0.9865810262130424,-0.9865810262130424,0E-17,ELIGIBLE,R03b_20260811_FULL_v1,L1_ELIGIBILITY,v2026-08-11,2026-03-21..2026-08-06,baccarat_bet02_101_all_pairs_incl_sentinel,round_win = game_pnl > 0 (decisive only),COMPATIBILITY_ONLY_NOT_PRODUCTION,572437.0000,524517.0000,9908.1000,1302,1301,-0.01730863,,-0.01730863,-0.01730863,-9908.1000,572437.0000,OK,0.0000,396.3240,4.0000,96.0000,AG03-UNRESOLVED,ALL5_LEVELS_bet23_to_bet27,396.3240,396.3240,396.3240,396.3240,396.3240,4.000000,4.000000,4.000000,4.000000,4.000000,96.000000,96.000000,96.000000,96.000000,96.000000,5.0,1981.6200,1829.3058,7926.4800,8078.7942,PENDING_AG03,FALSE,NOT_FOR_ENFORCEMENT,9511.7760,503536.3200,9908.1000,9511.7760,396.3240,0.01730863,0.01661628,396.3240,9511.7760,0.01661628,396.3240,396.3240,396.3240,396.3240,396.3240,9511.7760,0.01661628,1981.6200,1829.3058,7926.4800,8078.7942,0.01384690,0.01411298,0.00069235,439.6598,403.1645,7.6158,471.8143,13.4438,27258.9048,61.9524,,439.6598,50.0,150.0,500.0,1000.0,2000.0,3959.9609,110.0,0.0,13.333333,26.39974,2.931065,29,147,15,4,0E-8,0.01730863,,0E-8,0.000000,0.916288,0.000000,,2026-05-21,2026-07-03,21,737,411,44,0.477273,,,0.000000,,,,,,,,GLOBAL_BASELINE_NO_ENTITY_RANKING,,,NOT_APPLICABLE_GLOBAL_BASELINE,HF9g-P5,,,,X 全窗基线 · 不参与实体赏罚,15057370,1506,A168_HF9F_20260827_0900,2026-08-27 09:00:00
2026-05-22,150345145,1331,0,2900.0000000000,1400.0000000000,1400.0000000000,0.8000000,6,6,0.49324550000000000,0.493245500000,1.3719730223118614,1.3719730223118614,1.3719730223118614,0E-17,ELIGIBLE,R03b_20260811_FULL_v1,L1_ELIGIBILITY,v2026-08-11,2026-03-21..2026-08-06,baccarat_bet02_101_all_pairs_incl_sentinel,round_win = game_pnl > 0 (decisive only),COMPATIBILITY_ONLY_NOT_PRODUCTION,572437.0000,524517.0000,9908.1000,1302,1301,-0.01730863,,-0.01730863,-0.01730863,-9908.1000,572437.0000,OK,0.0000,396.3240,4.0000,96.0000,AG03-UNRESOLVED,ALL5_LEVELS_bet23_to_bet27,396.3240,396.3240,396.3240,396.3240,396.3240,4.000000,4.000000,4.000000,4.000000,4.000000,96.000000,96.000000,96.000000,96.000000,96.000000,5.0,1981.6200,1829.3058,7926.4800,8078.7942,PENDING_AG03,FALSE,NOT_FOR_ENFORCEMENT,9511.7760,503536.3200,9908.1000,9511.7760,396.3240,0.01730863,0.01661628,396.3240,9511.7760,0.01661628,396.3240,396.3240,396.3240,396.3240,396.3240,9511.7760,0.01661628,1981.6200,1829.3058,7926.4800,8078.7942,0.01384690,0.01411298,0.00069235,439.6598,403.1645,7.6158,471.8143,13.4438,27258.9048,61.9524,,439.6598,50.0,150.0,500.0,1000.0,2000.0,3959.9609,110.0,0.0,13.333333,26.39974,2.931065,29,147,15,4,0E-8,0.01730863,,0E-8,0.000000,0.916288,0.000000,,2026-05-21,2026-07-03,21,737,411,44,0.477273,,,0.000000,,,,,,,,GLOBAL_BASELINE_NO_ENTITY_RANKING,,,NOT_APPLICABLE_GLOBAL_BASELINE,HF9g-P5,,,,X 全窗基线 · 不参与实体赏罚,15057371,1506,A168_HF9F_20260827_0900,2026-08-27 09:00:00
2026-05-22,150345145,1384,0,500.0000000000,500.0000000000,500.0000000000,1.0000000,1,1,0.49324550000000000,0.493245500000,1.01360149184955,1.01360149184955,1.01360149184955,0E-17,ELIGIBLE,R03b_20260811_FULL_v1,L1_ELIGIBILITY,v2026-08-11,2026-03-21..2026-08-06,baccarat_bet02_101_all_pairs_incl_sentinel,round_win = game_pnl > 0 (decisive only),COMPATIBILITY_ONLY_NOT_PRODUCTION,572437.0000,524517.0000,9908.1000,1302,1301,-0.01730863,,-0.01730863,-0.01730863,-9908.1000,572437.0000,OK,0.0000,396.3240,4.0000,96.0000,AG03-UNRESOLVED,ALL5_LEVELS_bet23_to_bet27,396.3240,396.3240,396.3240,396.3240,396.3240,4.000000,4.000000,4.000000,4.000000,4.000000,96.000000,96.000000,96.000000,96.000000,96.000000,5.0,1981.6200,1829.3058,7926.4800,8078.7942,PENDING_AG03,FALSE,NOT_FOR_ENFORCEMENT,9511.7760,503536.3200,9908.1000,9511.7760,396.3240,0.01730863,0.01661628,396.3240,9511.7760,0.01661628,396.3240,396.3240,396.3240,396.3240,396.3240,9511.7760,0.01661628,1981.6200,1829.3058,7926.4800,8078.7942,0.01384690,0.01411298,0.00069235,439.6598,403.1645,7.6158,471.8143,13.4438,27258.9048,61.9524,,439.6598,50.0,150.0,500.0,1000.0,2000.0,3959.9609,110.0,0.0,13.333333,26.39974,2.931065,29,147,15,4,0E-8,0.01730863,,0E-8,0.000000,0.916288,0.000000,,2026-05-21,2026-07-03,21,737,411,44,0.477273,,,0.000000,,,,,,,,GLOBAL_BASELINE_NO_ENTITY_RANKING,,,NOT_APPLICABLE_GLOBAL_BASELINE,HF9g-P5,,,,X 全窗基线 · 不参与实体赏罚,15057372,1506,A168_HF9F_20260827_0900,2026-08-27 09:00:00
2026-05-22,150345145,1714,0,500.0000000000,-500.0000000000,-500.0000000000,0E-7,1,1,0.49324550000000000,0.493245500000,-0.9865810262130424,-0.9865810262130424,-0.9865810262130424,0E-17,ELIGIBLE,R03b_20260811_FULL_v1,L1_ELIGIBILITY,v2026-08-11,2026-03-21..2026-08-06,baccarat_bet02_101_all_pairs_incl_sentinel,round_win = game_pnl > 0 (decisive only),COMPATIBILITY_ONLY_NOT_PRODUCTION,572437.0000,524517.0000,9908.1000,1302,1301,-0.01730863,,-0.01730863,-0.01730863,-9908.1000,572437.0000,OK,0.0000,396.3240,4.0000,96.0000,AG03-UNRESOLVED,ALL5_LEVELS_bet23_to_bet27,396.3240,396.3240,396.3240,396.3240,396.3240,4.000000,4.000000,4.000000,4.000000,4.000000,96.000000,96.000000,96.000000,96.000000,96.000000,5.0,1981.6200,1829.3058,7926.4800,8078.7942,PENDING_AG03,FALSE,NOT_FOR_ENFORCEMENT,9511.7760,503536.3200,9908.1000,9511.7760,396.3240,0.01730863,0.01661628,396.3240,9511.7760,0.01661628,396.3240,396.3240,396.3240,396.3240,396.3240,9511.7760,0.01661628,1981.6200,1829.3058,7926.4800,8078.7942,0.01384690,0.01411298,0.00069235,439.6598,403.1645,7.6158,471.8143,13.4438,27258.9048,61.9524,,439.6598,50.0,150.0,500.0,1000.0,2000.0,3959.9609,110.0,0.0,13.333333,26.39974,2.931065,29,147,15,4,0E-8,0.01730863,,0E-8,0.000000,0.916288,0.000000,,2026-05-21,2026-07-03,21,737,411,44,0.477273,,,0.000000,,,,,,,,GLOBAL_BASELINE_NO_ENTITY_RANKING,,,NOT_APPLICABLE_GLOBAL_BASELINE,HF9g-P5,,,,X 全窗基线 · 不参与实体赏罚,15057373,1506,A168_HF9F_20260827_0900,2026-08-27 09:00:00
2026-05-22,150345145,2063,0,500.0000000000,500.0000000000,500.0000000000,1.0000000,1,1,0.49324550000000000,0.493245500000,1.01360149184955,1.01360149184955,1.01360149184955,0E-17,ELIGIBLE,R03b_20260811_FULL_v1,L1_ELIGIBILITY,v2026-08-11,2026-03-21..2026-08-06,baccarat_bet02_101_all_pairs_incl_sentinel,round_win = game_pnl > 0 (decisive only),COMPATIBILITY_ONLY_NOT_PRODUCTION,572437.0000,524517.0000,9908.1000,1302,1301,-0.01730863,,-0.01730863,-0.01730863,-9908.1000,572437.0000,OK,0.0000,396.3240,4.0000,96.0000,AG03-UNRESOLVED,ALL5_LEVELS_bet23_to_bet27,396.3240,396.3240,396.3240,396.3240,396.3240,4.000000,4.000000,4.000000,4.000000,4.000000,96.000000,96.000000,96.000000,96.000000,96.000000,5.0,1981.6200,1829.3058,7926.4800,8078.7942,PENDING_AG03,FALSE,NOT_FOR_ENFORCEMENT,9511.7760,503536.3200,9908.1000,9511.7760,396.3240,0.01730863,0.01661628,396.3240,9511.7760,0.01661628,396.3240,396.3240,396.3240,396.3240,396.3240,9511.7760,0.01661628,1981.6200,1829.3058,7926.4800,8078.7942,0.01384690,0.01411298,0.00069235,439.6598,403.1645,7.6158,471.8143,13.4438,27258.9048,61.9524,,439.6598,50.0,150.0,500.0,1000.0,2000.0,3959.9609,110.0,0.0,13.333333,26.39974,2.931065,29,147,15,4,0E-8,0.01730863,,0E-8,0.000000,0.916288,0.000000,,2026-05-21,2026-07-03,21,737,411,44,0.477273,,,0.000000,,,,,,,,GLOBAL_BASELINE_NO_ENTITY_RANKING,,,NOT_APPLICABLE_GLOBAL_BASELINE,HF9g-P5,,,,X 全窗基线 · 不参与实体赏罚,15057374,1506,A168_HF9F_20260827_0900,2026-08-27 09:00:00
2026-05-22,150345145,2064,0,2000.0000000000,975.0000000000,975.0000000000,0.7500000,4,4,0.49659680000000000,0.496596800000,1.0136362796769356,1.0136362796769358,1.0136362796769356,0E-17,ELIGIBLE,R03b_20260811_FULL_v1,L1_ELIGIBILITY,v2026-08-11,2026-03-21..2026-08-06,baccarat_bet02_101_all_pairs_incl_sentinel,round_win = game_pnl > 0 (decisive only),COMPATIBILITY_ONLY_NOT_PRODUCTION,572437.0000,524517.0000,9908.1000,1302,1301,-0.01730863,,-0.01730863,-0.01730863,-9908.1000,572437.0000,OK,0.0000,396.3240,4.0000,96.0000,AG03-UNRESOLVED,ALL5_LEVELS_bet23_to_bet27,396.3240,396.3240,396.3240,396.3240,396.3240,4.000000,4.000000,4.000000,4.000000,4.000000,96.000000,96.000000,96.000000,96.000000,96.000000,5.0,1981.6200,1829.3058,7926.4800,8078.7942,PENDING_AG03,FALSE,NOT_FOR_ENFORCEMENT,9511.7760,503536.3200,9908.1000,9511.7760,396.3240,0.01730863,0.01661628,396.3240,9511.7760,0.01661628,396.3240,396.3240,396.3240,396.3240,396.3240,9511.7760,0.01661628,1981.6200,1829.3058,7926.4800,8078.7942,0.01384690,0.01411298,0.00069235,439.6598,403.1645,7.6158,471.8143,13.4438,27258.9048,61.9524,,439.6598,50.0,150.0,500.0,1000.0,2000.0,3959.9609,110.0,0.0,13.333333,26.39974,2.931065,29,147,15,4,0E-8,0.01730863,,0E-8,0.000000,0.916288,0.000000,,2026-05-21,2026-07-03,21,737,411,44,0.477273,,,0.000000,,,,,,,,GLOBAL_BASELINE_NO_ENTITY_RANKING,,,NOT_APPLICABLE_GLOBAL_BASELINE,HF9g-P5,,,,X 全窗基线 · 不参与实体赏罚,15057375,1506,A168_HF9F_20260827_0900,2026-08-27 09:00:00
2026-05-22,150345145,2134,0,1000.0000000000,975.0000000000,975.0000000000,1.0000000,2,2,0.49994810000000000,0.499948100000,1.4143603653603398,1.4143603653603398,1.4143603653603398,0E-17,ELIGIBLE,R03b_20260811_FULL_v1,L1_ELIGIBILITY,v2026-08-11,2026-03-21..2026-08-06,baccarat_bet02_101_all_pairs_incl_sentinel,round_win = game_pnl > 0 (decisive only),COMPATIBILITY_ONLY_NOT_PRODUCTION,572437.0000,524517.0000,9908.1000,1302,1301,-0.01730863,,-0.01730863,-0.01730863,-9908.1000,572437.0000,OK,0.0000,396.3240,4.0000,96.0000,AG03-UNRESOLVED,ALL5_LEVELS_bet23_to_bet27,396.3240,396.3240,396.3240,396.3240,396.3240,4.000000,4.000000,4.000000,4.000000,4.000000,96.000000,96.000000,96.000000,96.000000,96.000000,5.0,1981.6200,1829.3058,7926.4800,8078.7942,PENDING_AG03,FALSE,NOT_FOR_ENFORCEMENT,9511.7760,503536.3200,9908.1000,9511.7760,396.3240,0.01730863,0.01661628,396.3240,9511.7760,0.01661628,396.3240,396.3240,396.3240,396.3240,396.3240,9511.7760,0.01661628,1981.6200,1829.3058,7926.4800,8078.7942,0.01384690,0.01411298,0.00069235,439.6598,403.1645,7.6158,471.8143,13.4438,27258.9048,61.9524,,439.6598,50.0,150.0,500.0,1000.0,2000.0,3959.9609,110.0,0.0,13.333333,26.39974,2.931065,29,147,15,4,0E-8,0.01730863,,0E-8,0.000000,0.916288,0.000000,,2026-05-21,2026-07-03,21,737,411,44,0.477273,,,0.000000,,,,,,,,GLOBAL_BASELINE_NO_ENTITY_RANKING,,,NOT_APPLICABLE_GLOBAL_BASELINE,HF9g-P5,,,,X 全窗基线 · 不参与实体赏罚,15057376,1506,A168_HF9F_20260827_0900,2026-08-27 09:00:00
2026-05-22,150345145,2142,0,1106.0000000000,-521.0000000000,-521.0000000000,0.3333333,3,3,0.49771390000000000,0.497713900000,-0.5694369385616226,-0.5694369385616226,-0.5694369385616226,0E-17,ELIGIBLE,R03b_20260811_FULL_v1,L1_ELIGIBILITY,v2026-08-11,2026-03-21..2026-08-06,baccarat_bet02_101_all_pairs_incl_sentinel,round_win = game_pnl > 0 (decisive only),COMPATIBILITY_ONLY_NOT_PRODUCTION,572437.0000,524517.0000,9908.1000,1302,1301,-0.01730863,,-0.01730863,-0.01730863,-9908.1000,572437.0000,OK,0.0000,396.3240,4.0000,96.0000,AG03-UNRESOLVED,ALL5_LEVELS_bet23_to_bet27,396.3240,396.3240,396.3240,396.3240,396.3240,4.000000,4.000000,4.000000,4.000000,4.000000,96.000000,96.000000,96.000000,96.000000,96.000000,5.0,1981.6200,1829.3058,7926.4800,8078.7942,PENDING_AG03,FALSE,NOT_FOR_ENFORCEMENT,9511.7760,503536.3200,9908.1000,9511.7760,396.3240,0.01730863,0.01661628,396.3240,9511.7760,0.01661628,396.3240,396.3240,396.3240,396.3240,396.3240,9511.7760,0.01661628,1981.6200,1829.3058,7926.4800,8078.7942,0.01384690,0.01411298,0.00069235,439.6598,403.1645,7.6158,471.8143,13.4438,27258.9048,61.9524,,439.6598,50.0,150.0,500.0,1000.0,2000.0,3959.9609,110.0,0.0,13.333333,26.39974,2.931065,29,147,15,4,0E-8,0.01730863,,0E-8,0.000000,0.916288,0.000000,,2026-05-21,2026-07-03,21,737,411,44,0.477273,,,0.000000,,,,,,,,GLOBAL_BASELINE_NO_ENTITY_RANKING,,,NOT_APPLICABLE_GLOBAL_BASELINE,HF9g-P5,,,,X 全窗基线 · 不参与实体赏罚,15057377,1506,A168_HF9F_20260827_0900,2026-08-27 09:00:00
2026-05-22,150345145,2160,0,532.0000000000,517.0000000000,517.0000000000,1.0000000,2,2,0.49994810000000000,0.499948100000,1.4143603653603398,1.4143603653603398,1.4143603653603398,0E-17,ELIGIBLE,R03b_20260811_FULL_v1,L1_ELIGIBILITY,v2026-08-11,2026-03-21..2026-08-06,baccarat_bet02_101_all_pairs_incl_sentinel,round_win = game_pnl > 0 (decisive only),COMPATIBILITY_ONLY_NOT_PRODUCTION,572437.0000,524517.0000,9908.1000,1302,1301,-0.01730863,,-0.01730863,-0.01730863,-9908.1000,572437.0000,OK,0.0000,396.3240,4.0000,96.0000,AG03-UNRESOLVED,ALL5_LEVELS_bet23_to_bet27,396.3240,396.3240,396.3240,396.3240,396.3240,4.000000,4.000000,4.000000,4.000000,4.000000,96.000000,96.000000,96.000000,96.000000,96.000000,5.0,1981.6200,1829.3058,7926.4800,8078.7942,PENDING_AG03,FALSE,NOT_FOR_ENFORCEMENT,9511.7760,503536.3200,9908.1000,9511.7760,396.3240,0.01730863,0.01661628,396.3240,9511.7760,0.01661628,396.3240,396.3240,396.3240,396.3240,396.3240,9511.7760,0.01661628,1981.6200,1829.3058,7926.4800,8078.7942,0.01384690,0.01411298,0.00069235,439.6598,403.1645,7.6158,471.8143,13.4438,27258.9048,61.9524,,439.6598,50.0,150.0,500.0,1000.0,2000.0,3959.9609,110.0,0.0,13.333333,26.39974,2.931065,29,147,15,4,0E-8,0.01730863,,0E-8,0.000000,0.916288,0.000000,,2026-05-21,2026-07-03,21,737,411,44,0.477273,,,0.000000,,,,,,,,GLOBAL_BASELINE_NO_ENTITY_RANKING,,,NOT_APPLICABLE_GLOBAL_BASELINE,HF9g-P5,,,,X 全窗基线 · 不参与实体赏罚,15057378,1506,A168_HF9F_20260827_0900,2026-08-27 09:00:00
2026-05-22,150345145,2167,0,1500.0000000000,-500.0000000000,-500.0000000000,0.3333333,3,3,0.49324550000000000,0.493245500000,-0.5540025479526107,-0.5540025479526106,-0.5540025479526107,0E-17,ELIGIBLE,R03b_20260811_FULL_v1,L1_ELIGIBILITY,v2026-08-11,2026-03-21..2026-08-06,baccarat_bet02_101_all_pairs_incl_sentinel,round_win = game_pnl > 0 (decisive only),COMPATIBILITY_ONLY_NOT_PRODUCTION,572437.0000,524517.0000,9908.1000,1302,1301,-0.01730863,,-0.01730863,-0.01730863,-9908.1000,572437.0000,OK,0.0000,396.3240,4.0000,96.0000,AG03-UNRESOLVED,ALL5_LEVELS_bet23_to_bet27,396.3240,396.3240,396.3240,396.3240,396.3240,4.000000,4.000000,4.000000,4.000000,4.000000,96.000000,96.000000,96.000000,96.000000,96.000000,5.0,1981.6200,1829.3058,7926.4800,8078.7942,PENDING_AG03,FALSE,NOT_FOR_ENFORCEMENT,9511.7760,503536.3200,9908.1000,9511.7760,396.3240,0.01730863,0.01661628,396.3240,9511.7760,0.01661628,396.3240,396.3240,396.3240,396.3240,396.3240,9511.7760,0.01661628,1981.6200,1829.3058,7926.4800,8078.7942,0.01384690,0.01411298,0.00069235,439.6598,403.1645,7.6158,471.8143,13.4438,27258.9048,61.9524,,439.6598,50.0,150.0,500.0,1000.0,2000.0,3959.9609,110.0,0.0,13.333333,26.39974,2.931065,29,147,15,4,0E-8,0.01730863,,0E-8,0.000000,0.916288,0.000000,,2026-05-21,2026-07-03,21,737,411,44,0.477273,,,0.000000,,,,,,,,GLOBAL_BASELINE_NO_ENTITY_RANKING,,,NOT_APPLICABLE_GLOBAL_BASELINE,HF9g-P5,,,,X 全窗基线 · 不参与实体赏罚,15057379,1506,A168_HF9F_20260827_0900,2026-08-27 09:00:00
2026-05-22,150345145,2169,0,1710.0000000000,470.0000000000,470.0000000000,0.6000000,5,5,0.49324550000000000,0.493245500000,0.47746420675292983,0.47746420675292983,0.47746420675292983,0E-17,ELIGIBLE,R03b_20260811_FULL_v1,L1_ELIGIBILITY,v2026-08-11,2026-03-21..2026-08-06,baccarat_bet02_101_all_pairs_incl_sentinel,round_win = game_pnl > 0 (decisive only),COMPATIBILITY_ONLY_NOT_PRODUCTION,572437.0000,524517.0000,9908.1000,1302,1301,-0.01730863,,-0.01730863,-0.01730863,-9908.1000,572437.0000,OK,0.0000,396.3240,4.0000,96.0000,AG03-UNRESOLVED,ALL5_LEVELS_bet23_to_bet27,396.3240,396.3240,396.3240,396.3240,396.3240,4.000000,4.000000,4.000000,4.000000,4.000000,96.000000,96.000000,96.000000,96.000000,96.000000,5.0,1981.6200,1829.3058,7926.4800,8078.7942,PENDING_AG03,FALSE,NOT_FOR_ENFORCEMENT,9511.7760,503536.3200,9908.1000,9511.7760,396.3240,0.01730863,0.01661628,396.3240,9511.7760,0.01661628,396.3240,396.3240,396.3240,396.3240,396.3240,9511.7760,0.01661628,1981.6200,1829.3058,7926.4800,8078.7942,0.01384690,0.01411298,0.00069235,439.6598,403.1645,7.6158,471.8143,13.4438,27258.9048,61.9524,,439.6598,50.0,150.0,500.0,1000.0,2000.0,3959.9609,110.0,0.0,13.333333,26.39974,2.931065,29,147,15,4,0E-8,0.01730863,,0E-8,0.000000,0.916288,0.000000,,2026-05-21,2026-07-03,21,737,411,44,0.477273,,,0.000000,,,,,,,,GLOBAL_BASELINE_NO_ENTITY_RANKING,,,NOT_APPLICABLE_GLOBAL_BASELINE,HF9g-P5,,,,X 全窗基线 · 不参与实体赏罚,15057380,1506,A168_HF9F_20260827_0900,2026-08-27 09:00:00
2026-05-22,150345145,2246,0,840.0000000000,840.0000000000,840.0000000000,1.0000000,4,4,0.49324550000000000,0.493245500000,2.0272029836991,2.0272029836991,2.0272029836991,0E-17,ELIGIBLE,R03b_20260811_FULL_v1,L1_ELIGIBILITY,v2026-08-11,2026-03-21..2026-08-06,baccarat_bet02_101_all_pairs_incl_sentinel,round_win = game_pnl > 0 (decisive only),COMPATIBILITY_ONLY_NOT_PRODUCTION,572437.0000,524517.0000,9908.1000,1302,1301,-0.01730863,,-0.01730863,-0.01730863,-9908.1000,572437.0000,OK,0.0000,396.3240,4.0000,96.0000,AG03-UNRESOLVED,ALL5_LEVELS_bet23_to_bet27,396.3240,396.3240,396.3240,396.3240,396.3240,4.000000,4.000000,4.000000,4.000000,4.000000,96.000000,96.000000,96.000000,96.000000,96.000000,5.0,1981.6200,1829.3058,7926.4800,8078.7942,PENDING_AG03,FALSE,NOT_FOR_ENFORCEMENT,9511.7760,503536.3200,9908.1000,9511.7760,396.3240,0.01730863,0.01661628,396.3240,9511.7760,0.01661628,396.3240,396.3240,396.3240,396.3240,396.3240,9511.7760,0.01661628,1981.6200,1829.3058,7926.4800,8078.7942,0.01384690,0.01411298,0.00069235,439.6598,403.1645,7.6158,471.8143,13.4438,27258.9048,61.9524,,439.6598,50.0,150.0,500.0,1000.0,2000.0,3959.9609,110.0,0.0,13.333333,26.39974,2.931065,29,147,15,4,0E-8,0.01730863,,0E-8,0.000000,0.916288,0.000000,,2026-05-21,2026-07-03,21,737,411,44,0.477273,,,0.000000,,,,,,,,GLOBAL_BASELINE_NO_ENTITY_RANKING,,,NOT_APPLICABLE_GLOBAL_BASELINE,HF9g-P5,,,,X 全窗基线 · 不参与实体赏罚,15057381,1506,A168_HF9F_20260827_0900,2026-08-27 09:00:00
2026-05-22,150345145,2248,0,1000.0000000000,1000.0000000000,1000.0000000000,1.0000000,2,2,0.49324550000000000,0.493245500000,1.4334489766152358,1.4334489766152358,1.4334489766152358,0E-17,ELIGIBLE,R03b_20260811_FULL_v1,L1_ELIGIBILITY,v2026-08-11,2026-03-21..2026-08-06,baccarat_bet02_101_all_pairs_incl_sentinel,round_win = game_pnl > 0 (decisive only),COMPATIBILITY_ONLY_NOT_PRODUCTION,572437.0000,524517.0000,9908.1000,1302,1301,-0.01730863,,-0.01730863,-0.01730863,-9908.1000,572437.0000,OK,0.0000,396.3240,4.0000,96.0000,AG03-UNRESOLVED,ALL5_LEVELS_bet23_to_bet27,396.3240,396.3240,396.3240,396.3240,396.3240,4.000000,4.000000,4.000000,4.000000,4.000000,96.000000,96.000000,96.000000,96.000000,96.000000,5.0,1981.6200,1829.3058,7926.4800,8078.7942,PENDING_AG03,FALSE,NOT_FOR_ENFORCEMENT,9511.7760,503536.3200,9908.1000,9511.7760,396.3240,0.01730863,0.01661628,396.3240,9511.7760,0.01661628,396.3240,396.3240,396.3240,396.3240,396.3240,9511.7760,0.01661628,1981.6200,1829.3058,7926.4800,8078.7942,0.01384690,0.01411298,0.00069235,439.6598,403.1645,7.6158,471.8143,13.4438,27258.9048,61.9524,,439.6598,50.0,150.0,500.0,1000.0,2000.0,3959.9609,110.0,0.0,13.333333,26.39974,2.931065,29,147,15,4,0E-8,0.01730863,,0E-8,0.000000,0.916288,0.000000,,2026-05-21,2026-07-03,21,737,411,44,0.477273,,,0.000000,,,,,,,,GLOBAL_BASELINE_NO_ENTITY_RANKING,,,NOT_APPLICABLE_GLOBAL_BASELINE,HF9g-P5,,,,X 全窗基线 · 不参与实体赏罚,15057382,1506,A168_HF9F_20260827_0900,2026-08-27 09:00:00
2026-05-22,150345145,2267,0,500.0000000000,500.0000000000,500.0000000000,1.0000000,1,1,0.49324550000000000,0.493245500000,1.01360149184955,1.01360149184955,1.01360149184955,0E-17,ELIGIBLE,R03b_20260811_FULL_v1,L1_ELIGIBILITY,v2026-08-11,2026-03-21..2026-08-06,baccarat_bet02_101_all_pairs_incl_sentinel,round_win = game_pnl > 0 (decisive only),COMPATIBILITY_ONLY_NOT_PRODUCTION,572437.0000,524517.0000,9908.1000,1302,1301,-0.01730863,,-0.01730863,-0.01730863,-9908.1000,572437.0000,OK,0.0000,396.3240,4.0000,96.0000,AG03-UNRESOLVED,ALL5_LEVELS_bet23_to_bet27,396.3240,396.3240,396.3240,396.3240,396.3240,4.000000,4.000000,4.000000,4.000000,4.000000,96.000000,96.000000,96.000000,96.000000,96.000000,5.0,1981.6200,1829.3058,7926.4800,8078.7942,PENDING_AG03,FALSE,NOT_FOR_ENFORCEMENT,9511.7760,503536.3200,9908.1000,9511.7760,396.3240,0.01730863,0.01661628,396.3240,9511.7760,0.01661628,396.3240,396.3240,396.3240,396.3240,396.3240,9511.7760,0.01661628,1981.6200,1829.3058,7926.4800,8078.7942,0.01384690,0.01411298,0.00069235,439.6598,403.1645,7.6158,471.8143,13.4438,27258.9048,61.9524,,439.6598,50.0,150.0,500.0,1000.0,2000.0,3959.9609,110.0,0.0,13.333333,26.39974,2.931065,29,147,15,4,0E-8,0.01730863,,0E-8,0.000000,0.916288,0.000000,,2026-05-21,2026-07-03,21,737,411,44,0.477273,,,0.000000,,,,,,,,GLOBAL_BASELINE_NO_ENTITY_RANKING,,,NOT_APPLICABLE_GLOBAL_BASELINE,HF9g-P5,,,,X 全窗基线 · 不参与实体赏罚,15057383,1506,A168_HF9F_20260827_0900,2026-08-27 09:00:00
2026-05-22,150345145,529,0,500.0000000000,-500.0000000000,-500.0000000000,0E-7,1,1,0.49324550000000000,0.493245500000,-0.9865810262130424,-0.9865810262130424,-0.9865810262130424,0E-17,ELIGIBLE,R03b_20260811_FULL_v1,L1_ELIGIBILITY,v2026-08-11,2026-03-21..2026-08-06,baccarat_bet02_101_all_pairs_incl_sentinel,round_win = game_pnl > 0 (decisive only),COMPATIBILITY_ONLY_NOT_PRODUCTION,572437.0000,524517.0000,9908.1000,1302,1301,-0.01730863,,-0.01730863,-0.01730863,-9908.1000,572437.0000,OK,0.0000,396.3240,4.0000,96.0000,AG03-UNRESOLVED,ALL5_LEVELS_bet23_to_bet27,396.3240,396.3240,396.3240,396.3240,396.3240,4.000000,4.000000,4.000000,4.000000,4.000000,96.000000,96.000000,96.000000,96.000000,96.000000,5.0,1981.6200,1829.3058,7926.4800,8078.7942,PENDING_AG03,FALSE,NOT_FOR_ENFORCEMENT,9511.7760,503536.3200,9908.1000,9511.7760,396.3240,0.01730863,0.01661628,396.3240,9511.7760,0.01661628,396.3240,396.3240,396.3240,396.3240,396.3240,9511.7760,0.01661628,1981.6200,1829.3058,7926.4800,8078.7942,0.01384690,0.01411298,0.00069235,439.6598,403.1645,7.6158,471.8143,13.4438,27258.9048,61.9524,,439.6598,50.0,150.0,500.0,1000.0,2000.0,3959.9609,110.0,0.0,13.333333,26.39974,2.931065,29,147,15,4,0E-8,0.01730863,,0E-8,0.000000,0.916288,0.000000,,2026-05-21,2026-07-03,21,737,411,44,0.477273,,,0.000000,,,,,,,,GLOBAL_BASELINE_NO_ENTITY_RANKING,,,NOT_APPLICABLE_GLOBAL_BASELINE,HF9g-P5,,,,X 全窗基线 · 不参与实体赏罚,15057384,1506,A168_HF9F_20260827_0900,2026-08-27 09:00:00
2026-05-22,150345145,550,0,500.0000000000,-500.0000000000,-500.0000000000,0E-7,1,1,0.50665070000000000,0.506650700000,-1.013391052207602,-1.013391052207602,-1.013391052207602,0E-17,ELIGIBLE,R03b_20260811_FULL_v1,L1_ELIGIBILITY,v2026-08-11,2026-03-21..2026-08-06,baccarat_bet02_101_all_pairs_incl_sentinel,round_win = game_pnl > 0 (decisive only),COMPATIBILITY_ONLY_NOT_PRODUCTION,572437.0000,524517.0000,9908.1000,1302,1301,-0.01730863,,-0.01730863,-0.01730863,-9908.1000,572437.0000,OK,0.0000,396.3240,4.0000,96.0000,AG03-UNRESOLVED,ALL5_LEVELS_bet23_to_bet27,396.3240,396.3240,396.3240,396.3240,396.3240,4.000000,4.000000,4.000000,4.000000,4.000000,96.000000,96.000000,96.000000,96.000000,96.000000,5.0,1981.6200,1829.3058,7926.4800,8078.7942,PENDING_AG03,FALSE,NOT_FOR_ENFORCEMENT,9511.7760,503536.3200,9908.1000,9511.7760,396.3240,0.01730863,0.01661628,396.3240,9511.7760,0.01661628,396.3240,396.3240,396.3240,396.3240,396.3240,9511.7760,0.01661628,1981.6200,1829.3058,7926.4800,8078.7942,0.01384690,0.01411298,0.00069235,439.6598,403.1645,7.6158,471.8143,13.4438,27258.9048,61.9524,,439.6598,50.0,150.0,500.0,1000.0,2000.0,3959.9609,110.0,0.0,13.333333,26.39974,2.931065,29,147,15,4,0E-8,0.01730863,,0E-8,0.000000,0.916288,0.000000,,2026-05-21,2026-07-03,21,737,411,44,0.477273,,,0.000000,,,,,,,,GLOBAL_BASELINE_NO_ENTITY_RANKING,,,NOT_APPLICABLE_GLOBAL_BASELINE,HF9g-P5,,,,X 全窗基线 · 不参与实体赏罚,15057385,1506,A168_HF9F_20260827_0900,2026-08-27 09:00:00
2026-05-22,150345145,763,0,80.0000000000,-80.0000000000,-80.0000000000,0E-7,1,1,0.49324550000000000,0.493245500000,-0.9865810262130424,-0.9865810262130424,-0.9865810262130424,0E-17,ELIGIBLE,R03b_20260811_FULL_v1,L1_ELIGIBILITY,v2026-08-11,2026-03-21..2026-08-06,baccarat_bet02_101_all_pairs_incl_sentinel,round_win = game_pnl > 0 (decisive only),COMPATIBILITY_ONLY_NOT_PRODUCTION,572437.0000,524517.0000,9908.1000,1302,1301,-0.01730863,,-0.01730863,-0.01730863,-9908.1000,572437.0000,OK,0.0000,396.3240,4.0000,96.0000,AG03-UNRESOLVED,ALL5_LEVELS_bet23_to_bet27,396.3240,396.3240,396.3240,396.3240,396.3240,4.000000,4.000000,4.000000,4.000000,4.000000,96.000000,96.000000,96.000000,96.000000,96.000000,5.0,1981.6200,1829.3058,7926.4800,8078.7942,PENDING_AG03,FALSE,NOT_FOR_ENFORCEMENT,9511.7760,503536.3200,9908.1000,9511.7760,396.3240,0.01730863,0.01661628,396.3240,9511.7760,0.01661628,396.3240,396.3240,396.3240,396.3240,396.3240,9511.7760,0.01661628,1981.6200,1829.3058,7926.4800,8078.7942,0.01384690,0.01411298,0.00069235,439.6598,403.1645,7.6158,471.8143,13.4438,27258.9048,61.9524,,439.6598,50.0,150.0,500.0,1000.0,2000.0,3959.9609,110.0,0.0,13.333333,26.39974,2.931065,29,147,15,4,0E-8,0.01730863,,0E-8,0.000000,0.916288,0.000000,,2026-05-21,2026-07-03,21,737,411,44,0.477273,,,0.000000,,,,,,,,GLOBAL_BASELINE_NO_ENTITY_RANKING,,,NOT_APPLICABLE_GLOBAL_BASELINE,HF9g-P5,,,,X 全窗基线 · 不参与实体赏罚,15057386,1506,A168_HF9F_20260827_0900,2026-08-27 09:00:00
2026-05-22,150345145,772,0,500.0000000000,0E-10,0E-10,,1,1,0.49324550000000000,0.493245500000,,,,0E-17,NO_DECISIVE_ROUND,R03b_20260811_FULL_v1,L1_ELIGIBILITY,v2026-08-11,2026-03-21..2026-08-06,baccarat_bet02_101_all_pairs_incl_sentinel,round_win = game_pnl > 0 (decisive only),COMPATIBILITY_ONLY_NOT_PRODUCTION,572437.0000,524517.0000,9908.1000,1302,1301,-0.01730863,,-0.01730863,-0.01730863,-9908.1000,572437.0000,OK,0.0000,396.3240,4.0000,96.0000,AG03-UNRESOLVED,ALL5_LEVELS_bet23_to_bet27,396.3240,396.3240,396.3240,396.3240,396.3240,4.000000,4.000000,4.000000,4.000000,4.000000,96.000000,96.000000,96.000000,96.000000,96.000000,5.0,1981.6200,1829.3058,7926.4800,8078.7942,PENDING_AG03,FALSE,NOT_FOR_ENFORCEMENT,9511.7760,503536.3200,9908.1000,9511.7760,396.3240,0.01730863,0.01661628,396.3240,9511.7760,0.01661628,396.3240,396.3240,396.3240,396.3240,396.3240,9511.7760,0.01661628,1981.6200,1829.3058,7926.4800,8078.7942,0.01384690,0.01411298,0.00069235,439.6598,403.1645,7.6158,471.8143,13.4438,27258.9048,61.9524,,439.6598,50.0,150.0,500.0,1000.0,2000.0,3959.9609,110.0,0.0,13.333333,26.39974,2.931065,29,147,15,4,0E-8,0.01730863,,0E-8,0.000000,0.916288,0.000000,,2026-05-21,2026-07-03,21,737,411,44,0.477273,,,0.000000,,,,,,,,GLOBAL_BASELINE_NO_ENTITY_RANKING,,,NOT_APPLICABLE_GLOBAL_BASELINE,HF9g-P5,,,,X 全窗基线 · 不参与实体赏罚,15057387,1506,A168_HF9F_20260827_0900,2026-08-27 09:00:00
2026-05-23,150345145,-1,1,17637.0000000000,3313.0000000000,3313.0000000000,0.5714286,15,15,0.49503286000000000,0.495032860000,0.5717213682330076,0.5717213682330077,0.5717213682330076,0E-17,SENTINEL_DEALER,R03b_20260811_FULL_v1,L1_ELIGIBILITY,v2026-08-11,2026-03-21..2026-08-06,baccarat_bet02_101_all_pairs_incl_sentinel,round_win = game_pnl > 0 (decisive only),COMPATIBILITY_ONLY_NOT_PRODUCTION,572437.0000,524517.0000,9908.1000,1302,1301,-0.01730863,,-0.01730863,-0.01730863,-9908.1000,572437.0000,OK,0.0000,396.3240,4.0000,96.0000,AG03-UNRESOLVED,ALL5_LEVELS_bet23_to_bet27,396.3240,396.3240,396.3240,396.3240,396.3240,4.000000,4.000000,4.000000,4.000000,4.000000,96.000000,96.000000,96.000000,96.000000,96.000000,5.0,1981.6200,1829.3058,7926.4800,8078.7942,PENDING_AG03,FALSE,NOT_FOR_ENFORCEMENT,9511.7760,503536.3200,9908.1000,9511.7760,396.3240,0.01730863,0.01661628,396.3240,9511.7760,0.01661628,396.3240,396.3240,396.3240,396.3240,396.3240,9511.7760,0.01661628,1981.6200,1829.3058,7926.4800,8078.7942,0.01384690,0.01411298,0.00069235,439.6598,403.1645,7.6158,471.8143,13.4438,27258.9048,61.9524,,439.6598,50.0,150.0,500.0,1000.0,2000.0,3959.9609,110.0,0.0,13.333333,26.39974,2.931065,29,147,15,4,0E-8,0.01730863,,0E-8,0.000000,0.916288,0.000000,,2026-05-21,2026-07-03,21,737,411,44,0.477273,,,0.000000,,,,,,,,GLOBAL_BASELINE_NO_ENTITY_RANKING,,,NOT_APPLICABLE_GLOBAL_BASELINE,HF9g-P5,,,,X 全窗基线 · 不参与实体赏罚,15057388,1506,A168_HF9F_20260827_0900,2026-08-27 09:00:00
2026-05-23,150345145,1078,0,3000.0000000000,3000.0000000000,3000.0000000000,1.0000000,1,1,0.49324550000000000,0.493245500000,1.01360149184955,1.01360149184955,1.01360149184955,0E-17,ELIGIBLE,R03b_20260811_FULL_v1,L1_ELIGIBILITY,v2026-08-11,2026-03-21..2026-08-06,baccarat_bet02_101_all_pairs_incl_sentinel,round_win = game_pnl > 0 (decisive only),COMPATIBILITY_ONLY_NOT_PRODUCTION,572437.0000,524517.0000,9908.1000,1302,1301,-0.01730863,,-0.01730863,-0.01730863,-9908.1000,572437.0000,OK,0.0000,396.3240,4.0000,96.0000,AG03-UNRESOLVED,ALL5_LEVELS_bet23_to_bet27,396.3240,396.3240,396.3240,396.3240,396.3240,4.000000,4.000000,4.000000,4.000000,4.000000,96.000000,96.000000,96.000000,96.000000,96.000000,5.0,1981.6200,1829.3058,7926.4800,8078.7942,PENDING_AG03,FALSE,NOT_FOR_ENFORCEMENT,9511.7760,503536.3200,9908.1000,9511.7760,396.3240,0.01730863,0.01661628,396.3240,9511.7760,0.01661628,396.3240,396.3240,396.3240,396.3240,396.3240,9511.7760,0.01661628,1981.6200,1829.3058,7926.4800,8078.7942,0.01384690,0.01411298,0.00069235,439.6598,403.1645,7.6158,471.8143,13.4438,27258.9048,61.9524,,439.6598,50.0,150.0,500.0,1000.0,2000.0,3959.9609,110.0,0.0,13.333333,26.39974,2.931065,29,147,15,4,0E-8,0.01730863,,0E-8,0.000000,0.916288,0.000000,,2026-05-21,2026-07-03,21,737,411,44,0.477273,,,0.000000,,,,,,,,GLOBAL_BASELINE_NO_ENTITY_RANKING,,,NOT_APPLICABLE_GLOBAL_BASELINE,HF9g-P5,,,,X 全窗基线 · 不参与实体赏罚,15057389,1506,A168_HF9F_20260827_0900,2026-08-27 09:00:00
2026-05-23,150345145,1151,0,2500.0000000000,2500.0000000000,2500.0000000000,1.0000000,1,1,0.49324550000000000,0.493245500000,1.01360149184955,1.01360149184955,1.01360149184955,0E-17,ELIGIBLE,R03b_20260811_FULL_v1,L1_ELIGIBILITY,v2026-08-11,2026-03-21..2026-08-06,baccarat_bet02_101_all_pairs_incl_sentinel,round_win = game_pnl > 0 (decisive only),COMPATIBILITY_ONLY_NOT_PRODUCTION,572437.0000,524517.0000,9908.1000,1302,1301,-0.01730863,,-0.01730863,-0.01730863,-9908.1000,572437.0000,OK,0.0000,396.3240,4.0000,96.0000,AG03-UNRESOLVED,ALL5_LEVELS_bet23_to_bet27,396.3240,396.3240,396.3240,396.3240,396.3240,4.000000,4.000000,4.000000,4.000000,4.000000,96.000000,96.000000,96.000000,96.000000,96.000000,5.0,1981.6200,1829.3058,7926.4800,8078.7942,PENDING_AG03,FALSE,NOT_FOR_ENFORCEMENT,9511.7760,503536.3200,9908.1000,9511.7760,396.3240,0.01730863,0.01661628,396.3240,9511.7760,0.01661628,396.3240,396.3240,396.3240,396.3240,396.3240,9511.7760,0.01661628,1981.6200,1829.3058,7926.4800,8078.7942,0.01384690,0.01411298,0.00069235,439.6598,403.1645,7.6158,471.8143,13.4438,27258.9048,61.9524,,439.6598,50.0,150.0,500.0,1000.0,2000.0,3959.9609,110.0,0.0,13.333333,26.39974,2.931065,29,147,15,4,0E-8,0.01730863,,0E-8,0.000000,0.916288,0.000000,,2026-05-21,2026-07-03,21,737,411,44,0.477273,,,0.000000,,,,,,,,GLOBAL_BASELINE_NO_ENTITY_RANKING,,,NOT_APPLICABLE_GLOBAL_BASELINE,HF9g-P5,,,,X 全窗基线 · 不参与实体赏罚,15057390,1506,A168_HF9F_20260827_0900,2026-08-27 09:00:00
2026-05-23,150345145,1400,0,5035.0000000000,2799.5000000000,2799.5000000000,0.8571429,7,7,0.49707555714285714,0.497075557143,1.9053296525248744,1.9053296525241152,1.9053296525248744,-1.4286E-13,ELIGIBLE,R03b_20260811_FULL_v1,L1_ELIGIBILITY,v2026-08-11,2026-03-21..2026-08-06,baccarat_bet02_101_all_pairs_incl_sentinel,round_win = game_pnl > 0 (decisive only),COMPATIBILITY_ONLY_NOT_PRODUCTION,572437.0000,524517.0000,9908.1000,1302,1301,-0.01730863,,-0.01730863,-0.01730863,-9908.1000,572437.0000,OK,0.0000,396.3240,4.0000,96.0000,AG03-UNRESOLVED,ALL5_LEVELS_bet23_to_bet27,396.3240,396.3240,396.3240,396.3240,396.3240,4.000000,4.000000,4.000000,4.000000,4.000000,96.000000,96.000000,96.000000,96.000000,96.000000,5.0,1981.6200,1829.3058,7926.4800,8078.7942,PENDING_AG03,FALSE,NOT_FOR_ENFORCEMENT,9511.7760,503536.3200,9908.1000,9511.7760,396.3240,0.01730863,0.01661628,396.3240,9511.7760,0.01661628,396.3240,396.3240,396.3240,396.3240,396.3240,9511.7760,0.01661628,1981.6200,1829.3058,7926.4800,8078.7942,0.01384690,0.01411298,0.00069235,439.6598,403.1645,7.6158,471.8143,13.4438,27258.9048,61.9524,,439.6598,50.0,150.0,500.0,1000.0,2000.0,3959.9609,110.0,0.0,13.333333,26.39974,2.931065,29,147,15,4,0E-8,0.01730863,,0E-8,0.000000,0.916288,0.000000,,2026-05-21,2026-07-03,21,737,411,44,0.477273,,,0.000000,,,,,,,,GLOBAL_BASELINE_NO_ENTITY_RANKING,,,NOT_APPLICABLE_GLOBAL_BASELINE,HF9g-P5,,,,X 全窗基线 · 不参与实体赏罚,15057391,1506,A168_HF9F_20260827_0900,2026-08-27 09:00:00
2026-05-23,150345145,1935,0,3000.0000000000,3000.0000000000,3000.0000000000,1.0000000,1,1,0.49324550000000000,0.493245500000,1.01360149184955,1.01360149184955,1.01360149184955,0E-17,ELIGIBLE,R03b_20260811_FULL_v1,L1_ELIGIBILITY,v2026-08-11,2026-03-21..2026-08-06,baccarat_bet02_101_all_pairs_incl_sentinel,round_win = game_pnl > 0 (decisive only),COMPATIBILITY_ONLY_NOT_PRODUCTION,572437.0000,524517.0000,9908.1000,1302,1301,-0.01730863,,-0.01730863,-0.01730863,-9908.1000,572437.0000,OK,0.0000,396.3240,4.0000,96.0000,AG03-UNRESOLVED,ALL5_LEVELS_bet23_to_bet27,396.3240,396.3240,396.3240,396.3240,396.3240,4.000000,4.000000,4.000000,4.000000,4.000000,96.000000,96.000000,96.000000,96.000000,96.000000,5.0,1981.6200,1829.3058,7926.4800,8078.7942,PENDING_AG03,FALSE,NOT_FOR_ENFORCEMENT,9511.7760,503536.3200,9908.1000,9511.7760,396.3240,0.01730863,0.01661628,396.3240,9511.7760,0.01661628,396.3240,396.3240,396.3240,396.3240,396.3240,9511.7760,0.01661628,1981.6200,1829.3058,7926.4800,8078.7942,0.01384690,0.01411298,0.00069235,439.6598,403.1645,7.6158,471.8143,13.4438,27258.9048,61.9524,,439.6598,50.0,150.0,500.0,1000.0,2000.0,3959.9609,110.0,0.0,13.333333,26.39974,2.931065,29,147,15,4,0E-8,0.01730863,,0E-8,0.000000,0.916288,0.000000,,2026-05-21,2026-07-03,21,737,411,44,0.477273,,,0.000000,,,,,,,,GLOBAL_BASELINE_NO_ENTITY_RANKING,,,NOT_APPLICABLE_GLOBAL_BASELINE,HF9g-P5,,,,X 全窗基线 · 不参与实体赏罚,15057392,1506,A168_HF9F_20260827_0900,2026-08-27 09:00:00
2026-05-23,150345145,1951,0,1191.0000000000,591.0000000000,591.0000000000,0.6666667,3,3,0.49771390000000000,0.497713900000,0.5852756695216578,0.5852756695216578,0.5852756695216578,0E-17,ELIGIBLE,R03b_20260811_FULL_v1,L1_ELIGIBILITY,v2026-08-11,2026-03-21..2026-08-06,baccarat_bet02_101_all_pairs_incl_sentinel,round_win = game_pnl > 0 (decisive only),COMPATIBILITY_ONLY_NOT_PRODUCTION,572437.0000,524517.0000,9908.1000,1302,1301,-0.01730863,,-0.01730863,-0.01730863,-9908.1000,572437.0000,OK,0.0000,396.3240,4.0000,96.0000,AG03-UNRESOLVED,ALL5_LEVELS_bet23_to_bet27,396.3240,396.3240,396.3240,396.3240,396.3240,4.000000,4.000000,4.000000,4.000000,4.000000,96.000000,96.000000,96.000000,96.000000,96.000000,5.0,1981.6200,1829.3058,7926.4800,8078.7942,PENDING_AG03,FALSE,NOT_FOR_ENFORCEMENT,9511.7760,503536.3200,9908.1000,9511.7760,396.3240,0.01730863,0.01661628,396.3240,9511.7760,0.01661628,396.3240,396.3240,396.3240,396.3240,396.3240,9511.7760,0.01661628,1981.6200,1829.3058,7926.4800,8078.7942,0.01384690,0.01411298,0.00069235,439.6598,403.1645,7.6158,471.8143,13.4438,27258.9048,61.9524,,439.6598,50.0,150.0,500.0,1000.0,2000.0,3959.9609,110.0,0.0,13.333333,26.39974,2.931065,29,147,15,4,0E-8,0.01730863,,0E-8,0.000000,0.916288,0.000000,,2026-05-21,2026-07-03,21,737,411,44,0.477273,,,0.000000,,,,,,,,GLOBAL_BASELINE_NO_ENTITY_RANKING,,,NOT_APPLICABLE_GLOBAL_BASELINE,HF9g-P5,,,,X 全窗基线 · 不参与实体赏罚,15057393,1506,A168_HF9F_20260827_0900,2026-08-27 09:00:00
2026-05-23,150345145,2154,0,2500.0000000000,0E-10,0E-10,,1,1,0.49324550000000000,0.493245500000,,,,0E-17,NO_DECISIVE_ROUND,R03b_20260811_FULL_v1,L1_ELIGIBILITY,v2026-08-11,2026-03-21..2026-08-06,baccarat_bet02_101_all_pairs_incl_sentinel,round_win = game_pnl > 0 (decisive only),COMPATIBILITY_ONLY_NOT_PRODUCTION,572437.0000,524517.0000,9908.1000,1302,1301,-0.01730863,,-0.01730863,-0.01730863,-9908.1000,572437.0000,OK,0.0000,396.3240,4.0000,96.0000,AG03-UNRESOLVED,ALL5_LEVELS_bet23_to_bet27,396.3240,396.3240,396.3240,396.3240,396.3240,4.000000,4.000000,4.000000,4.000000,4.000000,96.000000,96.000000,96.000000,96.000000,96.000000,5.0,1981.6200,1829.3058,7926.4800,8078.7942,PENDING_AG03,FALSE,NOT_FOR_ENFORCEMENT,9511.7760,503536.3200,9908.1000,9511.7760,396.3240,0.01730863,0.01661628,396.3240,9511.7760,0.01661628,396.3240,396.3240,396.3240,396.3240,396.3240,9511.7760,0.01661628,1981.6200,1829.3058,7926.4800,8078.7942,0.01384690,0.01411298,0.00069235,439.6598,403.1645,7.6158,471.8143,13.4438,27258.9048,61.9524,,439.6598,50.0,150.0,500.0,1000.0,2000.0,3959.9609,110.0,0.0,13.333333,26.39974,2.931065,29,147,15,4,0E-8,0.01730863,,0E-8,0.000000,0.916288,0.000000,,2026-05-21,2026-07-03,21,737,411,44,0.477273,,,0.000000,,,,,,,,GLOBAL_BASELINE_NO_ENTITY_RANKING,,,NOT_APPLICABLE_GLOBAL_BASELINE,HF9g-P5,,,,X 全窗基线 · 不参与实体赏罚,15057394,1506,A168_HF9F_20260827_0900,2026-08-27 09:00:00
2026-05-23,150345145,2155,0,2000.0000000000,0E-10,0E-10,0.5000000,4,4,0.49324550000000000,0.493245500000,0.027020465636507562,0.027020465636507562,0.027020465636507562,0E-17,ELIGIBLE,R03b_20260811_FULL_v1,L1_ELIGIBILITY,v2026-08-11,2026-03-21..2026-08-06,baccarat_bet02_101_all_pairs_incl_sentinel,round_win = game_pnl > 0 (decisive only),COMPATIBILITY_ONLY_NOT_PRODUCTION,572437.0000,524517.0000,9908.1000,1302,1301,-0.01730863,,-0.01730863,-0.01730863,-9908.1000,572437.0000,OK,0.0000,396.3240,4.0000,96.0000,AG03-UNRESOLVED,ALL5_LEVELS_bet23_to_bet27,396.3240,396.3240,396.3240,396.3240,396.3240,4.000000,4.000000,4.000000,4.000000,4.000000,96.000000,96.000000,96.000000,96.000000,96.000000,5.0,1981.6200,1829.3058,7926.4800,8078.7942,PENDING_AG03,FALSE,NOT_FOR_ENFORCEMENT,9511.7760,503536.3200,9908.1000,9511.7760,396.3240,0.01730863,0.01661628,396.3240,9511.7760,0.01661628,396.3240,396.3240,396.3240,396.3240,396.3240,9511.7760,0.01661628,1981.6200,1829.3058,7926.4800,8078.7942,0.01384690,0.01411298,0.00069235,439.6598,403.1645,7.6158,471.8143,13.4438,27258.9048,61.9524,,439.6598,50.0,150.0,500.0,1000.0,2000.0,3959.9609,110.0,0.0,13.333333,26.39974,2.931065,29,147,15,4,0E-8,0.01730863,,0E-8,0.000000,0.916288,0.000000,,2026-05-21,2026-07-03,21,737,411,44,0.477273,,,0.000000,,,,,,,,GLOBAL_BASELINE_NO_ENTITY_RANKING,,,NOT_APPLICABLE_GLOBAL_BASELINE,HF9g-P5,,,,X 全窗基线 · 不参与实体赏罚,15057395,1506,A168_HF9F_20260827_0900,2026-08-27 09:00:00
2026-05-23,150345145,2177,0,3500.0000000000,1000.0000000000,1000.0000000000,0.5000000,3,3,0.49324550000000000,0.493245500000,0.01910635448239258,0.01910635448239258,0.01910635448239258,0E-17,ELIGIBLE,R03b_20260811_FULL_v1,L1_ELIGIBILITY,v2026-08-11,2026-03-21..2026-08-06,baccarat_bet02_101_all_pairs_incl_sentinel,round_win = game_pnl > 0 (decisive only),COMPATIBILITY_ONLY_NOT_PRODUCTION,572437.0000,524517.0000,9908.1000,1302,1301,-0.01730863,,-0.01730863,-0.01730863,-9908.1000,572437.0000,OK,0.0000,396.3240,4.0000,96.0000,AG03-UNRESOLVED,ALL5_LEVELS_bet23_to_bet27,396.3240,396.3240,396.3240,396.3240,396.3240,4.000000,4.000000,4.000000,4.000000,4.000000,96.000000,96.000000,96.000000,96.000000,96.000000,5.0,1981.6200,1829.3058,7926.4800,8078.7942,PENDING_AG03,FALSE,NOT_FOR_ENFORCEMENT,9511.7760,503536.3200,9908.1000,9511.7760,396.3240,0.01730863,0.01661628,396.3240,9511.7760,0.01661628,396.3240,396.3240,396.3240,396.3240,396.3240,9511.7760,0.01661628,1981.6200,1829.3058,7926.4800,8078.7942,0.01384690,0.01411298,0.00069235,439.6598,403.1645,7.6158,471.8143,13.4438,27258.9048,61.9524,,439.6598,50.0,150.0,500.0,1000.0,2000.0,3959.9609,110.0,0.0,13.333333,26.39974,2.931065,29,147,15,4,0E-8,0.01730863,,0E-8,0.000000,0.916288,0.000000,,2026-05-21,2026-07-03,21,737,411,44,0.477273,,,0.000000,,,,,,,,GLOBAL_BASELINE_NO_ENTITY_RANKING,,,NOT_APPLICABLE_GLOBAL_BASELINE,HF9g-P5,,,,X 全窗基线 · 不参与实体赏罚,15057396,1506,A168_HF9F_20260827_0900,2026-08-27 09:00:00
2026-05-23,150345145,2209,0,2500.0000000000,2500.0000000000,2500.0000000000,1.0000000,1,1,0.49324550000000000,0.493245500000,1.01360149184955,1.01360149184955,1.01360149184955,0E-17,ELIGIBLE,R03b_20260811_FULL_v1,L1_ELIGIBILITY,v2026-08-11,2026-03-21..2026-08-06,baccarat_bet02_101_all_pairs_incl_sentinel,round_win = game_pnl > 0 (decisive only),COMPATIBILITY_ONLY_NOT_PRODUCTION,572437.0000,524517.0000,9908.1000,1302,1301,-0.01730863,,-0.01730863,-0.01730863,-9908.1000,572437.0000,OK,0.0000,396.3240,4.0000,96.0000,AG03-UNRESOLVED,ALL5_LEVELS_bet23_to_bet27,396.3240,396.3240,396.3240,396.3240,396.3240,4.000000,4.000000,4.000000,4.000000,4.000000,96.000000,96.000000,96.000000,96.000000,96.000000,5.0,1981.6200,1829.3058,7926.4800,8078.7942,PENDING_AG03,FALSE,NOT_FOR_ENFORCEMENT,9511.7760,503536.3200,9908.1000,9511.7760,396.3240,0.01730863,0.01661628,396.3240,9511.7760,0.01661628,396.3240,396.3240,396.3240,396.3240,396.3240,9511.7760,0.01661628,1981.6200,1829.3058,7926.4800,8078.7942,0.01384690,0.01411298,0.00069235,439.6598,403.1645,7.6158,471.8143,13.4438,27258.9048,61.9524,,439.6598,50.0,150.0,500.0,1000.0,2000.0,3959.9609,110.0,0.0,13.333333,26.39974,2.931065,29,147,15,4,0E-8,0.01730863,,0E-8,0.000000,0.916288,0.000000,,2026-05-21,2026-07-03,21,737,411,44,0.477273,,,0.000000,,,,,,,,GLOBAL_BASELINE_NO_ENTITY_RANKING,,,NOT_APPLICABLE_GLOBAL_BASELINE,HF9g-P5,,,,X 全窗基线 · 不参与实体赏罚,15057397,1506,A168_HF9F_20260827_0900,2026-08-27 09:00:00
2026-05-23,150345145,2234,0,500.0000000000,-500.0000000000,-500.0000000000,0E-7,1,1,0.49324550000000000,0.493245500000,-0.9865810262130424,-0.9865810262130424,-0.9865810262130424,0E-17,ELIGIBLE,R03b_20260811_FULL_v1,L1_ELIGIBILITY,v2026-08-11,2026-03-21..2026-08-06,baccarat_bet02_101_all_pairs_incl_sentinel,round_win = game_pnl > 0 (decisive only),COMPATIBILITY_ONLY_NOT_PRODUCTION,572437.0000,524517.0000,9908.1000,1302,1301,-0.01730863,,-0.01730863,-0.01730863,-9908.1000,572437.0000,OK,0.0000,396.3240,4.0000,96.0000,AG03-UNRESOLVED,ALL5_LEVELS_bet23_to_bet27,396.3240,396.3240,396.3240,396.3240,396.3240,4.000000,4.000000,4.000000,4.000000,4.000000,96.000000,96.000000,96.000000,96.000000,96.000000,5.0,1981.6200,1829.3058,7926.4800,8078.7942,PENDING_AG03,FALSE,NOT_FOR_ENFORCEMENT,9511.7760,503536.3200,9908.1000,9511.7760,396.3240,0.01730863,0.01661628,396.3240,9511.7760,0.01661628,396.3240,396.3240,396.3240,396.3240,396.3240,9511.7760,0.01661628,1981.6200,1829.3058,7926.4800,8078.7942,0.01384690,0.01411298,0.00069235,439.6598,403.1645,7.6158,471.8143,13.4438,27258.9048,61.9524,,439.6598,50.0,150.0,500.0,1000.0,2000.0,3959.9609,110.0,0.0,13.333333,26.39974,2.931065,29,147,15,4,0E-8,0.01730863,,0E-8,0.000000,0.916288,0.000000,,2026-05-21,2026-07-03,21,737,411,44,0.477273,,,0.000000,,,,,,,,GLOBAL_BASELINE_NO_ENTITY_RANKING,,,NOT_APPLICABLE_GLOBAL_BASELINE,HF9g-P5,,,,X 全窗基线 · 不参与实体赏罚,15057398,1506,A168_HF9F_20260827_0900,2026-08-27 09:00:00
2026-05-23,150345145,2239,0,500.0000000000,475.0000000000,475.0000000000,1.0000000,1,1,0.50665070000000000,0.506650700000,0.9867858985152569,0.9867858985152569,0.9867858985152569,0E-17,ELIGIBLE,R03b_20260811_FULL_v1,L1_ELIGIBILITY,v2026-08-11,2026-03-21..2026-08-06,baccarat_bet02_101_all_pairs_incl_sentinel,round_win = game_pnl > 0 (decisive only),COMPATIBILITY_ONLY_NOT_PRODUCTION,572437.0000,524517.0000,9908.1000,1302,1301,-0.01730863,,-0.01730863,-0.01730863,-9908.1000,572437.0000,OK,0.0000,396.3240,4.0000,96.0000,AG03-UNRESOLVED,ALL5_LEVELS_bet23_to_bet27,396.3240,396.3240,396.3240,396.3240,396.3240,4.000000,4.000000,4.000000,4.000000,4.000000,96.000000,96.000000,96.000000,96.000000,96.000000,5.0,1981.6200,1829.3058,7926.4800,8078.7942,PENDING_AG03,FALSE,NOT_FOR_ENFORCEMENT,9511.7760,503536.3200,9908.1000,9511.7760,396.3240,0.01730863,0.01661628,396.3240,9511.7760,0.01661628,396.3240,396.3240,396.3240,396.3240,396.3240,9511.7760,0.01661628,1981.6200,1829.3058,7926.4800,8078.7942,0.01384690,0.01411298,0.00069235,439.6598,403.1645,7.6158,471.8143,13.4438,27258.9048,61.9524,,439.6598,50.0,150.0,500.0,1000.0,2000.0,3959.9609,110.0,0.0,13.333333,26.39974,2.931065,29,147,15,4,0E-8,0.01730863,,0E-8,0.000000,0.916288,0.000000,,2026-05-21,2026-07-03,21,737,411,44,0.477273,,,0.000000,,,,,,,,GLOBAL_BASELINE_NO_ENTITY_RANKING,,,NOT_APPLICABLE_GLOBAL_BASELINE,HF9g-P5,,,,X 全窗基线 · 不参与实体赏罚,15057399,1506,A168_HF9F_20260827_0900,2026-08-27 09:00:00
2026-05-23,150345145,2248,0,3000.0000000000,-3000.0000000000,-3000.0000000000,0E-7,1,1,0.49324550000000000,0.493245500000,-0.9865810262130424,-0.9865810262130424,-0.9865810262130424,0E-17,ELIGIBLE,R03b_20260811_FULL_v1,L1_ELIGIBILITY,v2026-08-11,2026-03-21..2026-08-06,baccarat_bet02_101_all_pairs_incl_sentinel,round_win = game_pnl > 0 (decisive only),COMPATIBILITY_ONLY_NOT_PRODUCTION,572437.0000,524517.0000,9908.1000,1302,1301,-0.01730863,,-0.01730863,-0.01730863,-9908.1000,572437.0000,OK,0.0000,396.3240,4.0000,96.0000,AG03-UNRESOLVED,ALL5_LEVELS_bet23_to_bet27,396.3240,396.3240,396.3240,396.3240,396.3240,4.000000,4.000000,4.000000,4.000000,4.000000,96.000000,96.000000,96.000000,96.000000,96.000000,5.0,1981.6200,1829.3058,7926.4800,8078.7942,PENDING_AG03,FALSE,NOT_FOR_ENFORCEMENT,9511.7760,503536.3200,9908.1000,9511.7760,396.3240,0.01730863,0.01661628,396.3240,9511.7760,0.01661628,396.3240,396.3240,396.3240,396.3240,396.3240,9511.7760,0.01661628,1981.6200,1829.3058,7926.4800,8078.7942,0.01384690,0.01411298,0.00069235,439.6598,403.1645,7.6158,471.8143,13.4438,27258.9048,61.9524,,439.6598,50.0,150.0,500.0,1000.0,2000.0,3959.9609,110.0,0.0,13.333333,26.39974,2.931065,29,147,15,4,0E-8,0.01730863,,0E-8,0.000000,0.916288,0.000000,,2026-05-21,2026-07-03,21,737,411,44,0.477273,,,0.000000,,,,,,,,GLOBAL_BASELINE_NO_ENTITY_RANKING,,,NOT_APPLICABLE_GLOBAL_BASELINE,HF9g-P5,,,,X 全窗基线 · 不参与实体赏罚,15057400,1506,A168_HF9F_20260827_0900,2026-08-27 09:00:00
2026-05-23,150345145,2254,0,1500.0000000000,475.0000000000,475.0000000000,0.6666667,3,3,0.49771390000000000,0.497713900000,0.5852756695216578,0.5852756695216578,0.5852756695216578,0E-17,ELIGIBLE,R03b_20260811_FULL_v1,L1_ELIGIBILITY,v2026-08-11,2026-03-21..2026-08-06,baccarat_bet02_101_all_pairs_incl_sentinel,round_win = game_pnl > 0 (decisive only),COMPATIBILITY_ONLY_NOT_PRODUCTION,572437.0000,524517.0000,9908.1000,1302,1301,-0.01730863,,-0.01730863,-0.01730863,-9908.1000,572437.0000,OK,0.0000,396.3240,4.0000,96.0000,AG03-UNRESOLVED,ALL5_LEVELS_bet23_to_bet27,396.3240,396.3240,396.3240,396.3240,396.3240,4.000000,4.000000,4.000000,4.000000,4.000000,96.000000,96.000000,96.000000,96.000000,96.000000,5.0,1981.6200,1829.3058,7926.4800,8078.7942,PENDING_AG03,FALSE,NOT_FOR_ENFORCEMENT,9511.7760,503536.3200,9908.1000,9511.7760,396.3240,0.01730863,0.01661628,396.3240,9511.7760,0.01661628,396.3240,396.3240,396.3240,396.3240,396.3240,9511.7760,0.01661628,1981.6200,1829.3058,7926.4800,8078.7942,0.01384690,0.01411298,0.00069235,439.6598,403.1645,7.6158,471.8143,13.4438,27258.9048,61.9524,,439.6598,50.0,150.0,500.0,1000.0,2000.0,3959.9609,110.0,0.0,13.333333,26.39974,2.931065,29,147,15,4,0E-8,0.01730863,,0E-8,0.000000,0.916288,0.000000,,2026-05-21,2026-07-03,21,737,411,44,0.477273,,,0.000000,,,,,,,,GLOBAL_BASELINE_NO_ENTITY_RANKING,,,NOT_APPLICABLE_GLOBAL_BASELINE,HF9g-P5,,,,X 全窗基线 · 不参与实体赏罚,15057401,1506,A168_HF9F_20260827_0900,2026-08-27 09:00:00
2026-05-23,150345145,595,0,8500.0000000000,2500.0000000000,2500.0000000000,0.5000000,4,4,0.49324550000000000,0.493245500000,0.027020465636507562,0.027020465636507562,0.027020465636507562,0E-17,ELIGIBLE,R03b_20260811_FULL_v1,L1_ELIGIBILITY,v2026-08-11,2026-03-21..2026-08-06,baccarat_bet02_101_all_pairs_incl_sentinel,round_win = game_pnl > 0 (decisive only),COMPATIBILITY_ONLY_NOT_PRODUCTION,572437.0000,524517.0000,9908.1000,1302,1301,-0.01730863,,-0.01730863,-0.01730863,-9908.1000,572437.0000,OK,0.0000,396.3240,4.0000,96.0000,AG03-UNRESOLVED,ALL5_LEVELS_bet23_to_bet27,396.3240,396.3240,396.3240,396.3240,396.3240,4.000000,4.000000,4.000000,4.000000,4.000000,96.000000,96.000000,96.000000,96.000000,96.000000,5.0,1981.6200,1829.3058,7926.4800,8078.7942,PENDING_AG03,FALSE,NOT_FOR_ENFORCEMENT,9511.7760,503536.3200,9908.1000,9511.7760,396.3240,0.01730863,0.01661628,396.3240,9511.7760,0.01661628,396.3240,396.3240,396.3240,396.3240,396.3240,9511.7760,0.01661628,1981.6200,1829.3058,7926.4800,8078.7942,0.01384690,0.01411298,0.00069235,439.6598,403.1645,7.6158,471.8143,13.4438,27258.9048,61.9524,,439.6598,50.0,150.0,500.0,1000.0,2000.0,3959.9609,110.0,0.0,13.333333,26.39974,2.931065,29,147,15,4,0E-8,0.01730863,,0E-8,0.000000,0.916288,0.000000,,2026-05-21,2026-07-03,21,737,411,44,0.477273,,,0.000000,,,,,,,,GLOBAL_BASELINE_NO_ENTITY_RANKING,,,NOT_APPLICABLE_GLOBAL_BASELINE,HF9g-P5,,,,X 全窗基线 · 不参与实体赏罚,15057402,1506,A168_HF9F_20260827_0900,2026-08-27 09:00:00
2026-05-23,150345145,986,0,4000.0000000000,4000.0000000000,4000.0000000000,1.0000000,2,2,0.49324550000000000,0.493245500000,1.4334489766152358,1.4334489766152358,1.4334489766152358,0E-17,ELIGIBLE,R03b_20260811_FULL_v1,L1_ELIGIBILITY,v2026-08-11,2026-03-21..2026-08-06,baccarat_bet02_101_all_pairs_incl_sentinel,round_win = game_pnl > 0 (decisive only),COMPATIBILITY_ONLY_NOT_PRODUCTION,572437.0000,524517.0000,9908.1000,1302,1301,-0.01730863,,-0.01730863,-0.01730863,-9908.1000,572437.0000,OK,0.0000,396.3240,4.0000,96.0000,AG03-UNRESOLVED,ALL5_LEVELS_bet23_to_bet27,396.3240,396.3240,396.3240,396.3240,396.3240,4.000000,4.000000,4.000000,4.000000,4.000000,96.000000,96.000000,96.000000,96.000000,96.000000,5.0,1981.6200,1829.3058,7926.4800,8078.7942,PENDING_AG03,FALSE,NOT_FOR_ENFORCEMENT,9511.7760,503536.3200,9908.1000,9511.7760,396.3240,0.01730863,0.01661628,396.3240,9511.7760,0.01661628,396.3240,396.3240,396.3240,396.3240,396.3240,9511.7760,0.01661628,1981.6200,1829.3058,7926.4800,8078.7942,0.01384690,0.01411298,0.00069235,439.6598,403.1645,7.6158,471.8143,13.4438,27258.9048,61.9524,,439.6598,50.0,150.0,500.0,1000.0,2000.0,3959.9609,110.0,0.0,13.333333,26.39974,2.931065,29,147,15,4,0E-8,0.01730863,,0E-8,0.000000,0.916288,0.000000,,2026-05-21,2026-07-03,21,737,411,44,0.477273,,,0.000000,,,,,,,,GLOBAL_BASELINE_NO_ENTITY_RANKING,,,NOT_APPLICABLE_GLOBAL_BASELINE,HF9g-P5,,,,X 全窗基线 · 不参与实体赏罚,15057403,1506,A168_HF9F_20260827_0900,2026-08-27 09:00:00
2026-05-24,150345145,-1,1,130445.0000000000,-37311.5000000000,-37311.5000000000,0.4125000,93,93,0.49382206774193548,0.493822067742,-1.4548444302228871,-1.4548444302240389,-1.4548444302228871,-6.452E-14,SENTINEL_DEALER,R03b_20260811_FULL_v1,L1_ELIGIBILITY,v2026-08-11,2026-03-21..2026-08-06,baccarat_bet02_101_all_pairs_incl_sentinel,round_win = game_pnl > 0 (decisive only),COMPATIBILITY_ONLY_NOT_PRODUCTION,572437.0000,524517.0000,9908.1000,1302,1301,-0.01730863,,-0.01730863,-0.01730863,-9908.1000,572437.0000,OK,0.0000,396.3240,4.0000,96.0000,AG03-UNRESOLVED,ALL5_LEVELS_bet23_to_bet27,396.3240,396.3240,396.3240,396.3240,396.3240,4.000000,4.000000,4.000000,4.000000,4.000000,96.000000,96.000000,96.000000,96.000000,96.000000,5.0,1981.6200,1829.3058,7926.4800,8078.7942,PENDING_AG03,FALSE,NOT_FOR_ENFORCEMENT,9511.7760,503536.3200,9908.1000,9511.7760,396.3240,0.01730863,0.01661628,396.3240,9511.7760,0.01661628,396.3240,396.3240,396.3240,396.3240,396.3240,9511.7760,0.01661628,1981.6200,1829.3058,7926.4800,8078.7942,0.01384690,0.01411298,0.00069235,439.6598,403.1645,7.6158,471.8143,13.4438,27258.9048,61.9524,,439.6598,50.0,150.0,500.0,1000.0,2000.0,3959.9609,110.0,0.0,13.333333,26.39974,2.931065,29,147,15,4,0E-8,0.01730863,,0E-8,0.000000,0.916288,0.000000,,2026-05-21,2026-07-03,21,737,411,44,0.477273,,,0.000000,,,,,,,,GLOBAL_BASELINE_NO_ENTITY_RANKING,,,NOT_APPLICABLE_GLOBAL_BASELINE,HF9g-P5,,,,X 全窗基线 · 不参与实体赏罚,15057404,1506,A168_HF9F_20260827_0900,2026-08-27 09:00:00
2026-05-24,150345145,1017,0,2252.0000000000,-2252.0000000000,-2252.0000000000,0E-7,3,3,0.49324550000000000,0.493245500000,-1.708808463184432,-1.7088084631844318,-1.708808463184432,0E-17,ELIGIBLE,R03b_20260811_FULL_v1,L1_ELIGIBILITY,v2026-08-11,2026-03-21..2026-08-06,baccarat_bet02_101_all_pairs_incl_sentinel,round_win = game_pnl > 0 (decisive only),COMPATIBILITY_ONLY_NOT_PRODUCTION,572437.0000,524517.0000,9908.1000,1302,1301,-0.01730863,,-0.01730863,-0.01730863,-9908.1000,572437.0000,OK,0.0000,396.3240,4.0000,96.0000,AG03-UNRESOLVED,ALL5_LEVELS_bet23_to_bet27,396.3240,396.3240,396.3240,396.3240,396.3240,4.000000,4.000000,4.000000,4.000000,4.000000,96.000000,96.000000,96.000000,96.000000,96.000000,5.0,1981.6200,1829.3058,7926.4800,8078.7942,PENDING_AG03,FALSE,NOT_FOR_ENFORCEMENT,9511.7760,503536.3200,9908.1000,9511.7760,396.3240,0.01730863,0.01661628,396.3240,9511.7760,0.01661628,396.3240,396.3240,396.3240,396.3240,396.3240,9511.7760,0.01661628,1981.6200,1829.3058,7926.4800,8078.7942,0.01384690,0.01411298,0.00069235,439.6598,403.1645,7.6158,471.8143,13.4438,27258.9048,61.9524,,439.6598,50.0,150.0,500.0,1000.0,2000.0,3959.9609,110.0,0.0,13.333333,26.39974,2.931065,29,147,15,4,0E-8,0.01730863,,0E-8,0.000000,0.916288,0.000000,,2026-05-21,2026-07-03,21,737,411,44,0.477273,,,0.000000,,,,,,,,GLOBAL_BASELINE_NO_ENTITY_RANKING,,,NOT_APPLICABLE_GLOBAL_BASELINE,HF9g-P5,,,,X 全窗基线 · 不参与实体赏罚,15057405,1506,A168_HF9F_20260827_0900,2026-08-27 09:00:00
2026-05-24,150345145,1115,0,2810.0000000000,-2670.0000000000,-2670.0000000000,0.2500000,4,4,0.49324550000000000,0.493245500000,-0.9730707933947887,-0.9730707933947887,-0.9730707933947887,0E-17,ELIGIBLE,R03b_20260811_FULL_v1,L1_ELIGIBILITY,v2026-08-11,2026-03-21..2026-08-06,baccarat_bet02_101_all_pairs_incl_sentinel,round_win = game_pnl > 0 (decisive only),COMPATIBILITY_ONLY_NOT_PRODUCTION,572437.0000,524517.0000,9908.1000,1302,1301,-0.01730863,,-0.01730863,-0.01730863,-9908.1000,572437.0000,OK,0.0000,396.3240,4.0000,96.0000,AG03-UNRESOLVED,ALL5_LEVELS_bet23_to_bet27,396.3240,396.3240,396.3240,396.3240,396.3240,4.000000,4.000000,4.000000,4.000000,4.000000,96.000000,96.000000,96.000000,96.000000,96.000000,5.0,1981.6200,1829.3058,7926.4800,8078.7942,PENDING_AG03,FALSE,NOT_FOR_ENFORCEMENT,9511.7760,503536.3200,9908.1000,9511.7760,396.3240,0.01730863,0.01661628,396.3240,9511.7760,0.01661628,396.3240,396.3240,396.3240,396.3240,396.3240,9511.7760,0.01661628,1981.6200,1829.3058,7926.4800,8078.7942,0.01384690,0.01411298,0.00069235,439.6598,403.1645,7.6158,471.8143,13.4438,27258.9048,61.9524,,439.6598,50.0,150.0,500.0,1000.0,2000.0,3959.9609,110.0,0.0,13.333333,26.39974,2.931065,29,147,15,4,0E-8,0.01730863,,0E-8,0.000000,0.916288,0.000000,,2026-05-21,2026-07-03,21,737,411,44,0.477273,,,0.000000,,,,,,,,GLOBAL_BASELINE_NO_ENTITY_RANKING,,,NOT_APPLICABLE_GLOBAL_BASELINE,HF9g-P5,,,,X 全窗基线 · 不参与实体赏罚,15057406,1506,A168_HF9F_20260827_0900,2026-08-27 09:00:00
2026-05-24,150345145,1151,0,200.0000000000,200.0000000000,200.0000000000,1.0000000,2,2,0.49324550000000000,0.493245500000,1.4334489766152358,1.4334489766152358,1.4334489766152358,0E-17,ELIGIBLE,R03b_20260811_FULL_v1,L1_ELIGIBILITY,v2026-08-11,2026-03-21..2026-08-06,baccarat_bet02_101_all_pairs_incl_sentinel,round_win = game_pnl > 0 (decisive only),COMPATIBILITY_ONLY_NOT_PRODUCTION,572437.0000,524517.0000,9908.1000,1302,1301,-0.01730863,,-0.01730863,-0.01730863,-9908.1000,572437.0000,OK,0.0000,396.3240,4.0000,96.0000,AG03-UNRESOLVED,ALL5_LEVELS_bet23_to_bet27,396.3240,396.3240,396.3240,396.3240,396.3240,4.000000,4.000000,4.000000,4.000000,4.000000,96.000000,96.000000,96.000000,96.000000,96.000000,5.0,1981.6200,1829.3058,7926.4800,8078.7942,PENDING_AG03,FALSE,NOT_FOR_ENFORCEMENT,9511.7760,503536.3200,9908.1000,9511.7760,396.3240,0.01730863,0.01661628,396.3240,9511.7760,0.01661628,396.3240,396.3240,396.3240,396.3240,396.3240,9511.7760,0.01661628,1981.6200,1829.3058,7926.4800,8078.7942,0.01384690,0.01411298,0.00069235,439.6598,403.1645,7.6158,471.8143,13.4438,27258.9048,61.9524,,439.6598,50.0,150.0,500.0,1000.0,2000.0,3959.9609,110.0,0.0,13.333333,26.39974,2.931065,29,147,15,4,0E-8,0.01730863,,0E-8,0.000000,0.916288,0.000000,,2026-05-21,2026-07-03,21,737,411,44,0.477273,,,0.000000,,,,,,,,GLOBAL_BASELINE_NO_ENTITY_RANKING,,,NOT_APPLICABLE_GLOBAL_BASELINE,HF9g-P5,,,,X 全窗基线 · 不参与实体赏罚,15057407,1506,A168_HF9F_20260827_0900,2026-08-27 09:00:00
2026-05-24,150345145,1221,0,500.0000000000,-500.0000000000,-500.0000000000,0E-7,1,1,0.49324550000000000,0.493245500000,-0.9865810262130424,-0.9865810262130424,-0.9865810262130424,0E-17,ELIGIBLE,R03b_20260811_FULL_v1,L1_ELIGIBILITY,v2026-08-11,2026-03-21..2026-08-06,baccarat_bet02_101_all_pairs_incl_sentinel,round_win = game_pnl > 0 (decisive only),COMPATIBILITY_ONLY_NOT_PRODUCTION,572437.0000,524517.0000,9908.1000,1302,1301,-0.01730863,,-0.01730863,-0.01730863,-9908.1000,572437.0000,OK,0.0000,396.3240,4.0000,96.0000,AG03-UNRESOLVED,ALL5_LEVELS_bet23_to_bet27,396.3240,396.3240,396.3240,396.3240,396.3240,4.000000,4.000000,4.000000,4.000000,4.000000,96.000000,96.000000,96.000000,96.000000,96.000000,5.0,1981.6200,1829.3058,7926.4800,8078.7942,PENDING_AG03,FALSE,NOT_FOR_ENFORCEMENT,9511.7760,503536.3200,9908.1000,9511.7760,396.3240,0.01730863,0.01661628,396.3240,9511.7760,0.01661628,396.3240,396.3240,396.3240,396.3240,396.3240,9511.7760,0.01661628,1981.6200,1829.3058,7926.4800,8078.7942,0.01384690,0.01411298,0.00069235,439.6598,403.1645,7.6158,471.8143,13.4438,27258.9048,61.9524,,439.6598,50.0,150.0,500.0,1000.0,2000.0,3959.9609,110.0,0.0,13.333333,26.39974,2.931065,29,147,15,4,0E-8,0.01730863,,0E-8,0.000000,0.916288,0.000000,,2026-05-21,2026-07-03,21,737,411,44,0.477273,,,0.000000,,,,,,,,GLOBAL_BASELINE_NO_ENTITY_RANKING,,,NOT_APPLICABLE_GLOBAL_BASELINE,HF9g-P5,,,,X 全窗基线 · 不参与实体赏罚,15057408,1506,A168_HF9F_20260827_0900,2026-08-27 09:00:00
2026-05-24,150345145,1302,0,13000.0000000000,13000.0000000000,13000.0000000000,1.0000000,2,2,0.49324550000000000,0.493245500000,1.4334489766152358,1.4334489766152358,1.4334489766152358,0E-17,ELIGIBLE,R03b_20260811_FULL_v1,L1_ELIGIBILITY,v2026-08-11,2026-03-21..2026-08-06,baccarat_bet02_101_all_pairs_incl_sentinel,round_win = game_pnl > 0 (decisive only),COMPATIBILITY_ONLY_NOT_PRODUCTION,572437.0000,524517.0000,9908.1000,1302,1301,-0.01730863,,-0.01730863,-0.01730863,-9908.1000,572437.0000,OK,0.0000,396.3240,4.0000,96.0000,AG03-UNRESOLVED,ALL5_LEVELS_bet23_to_bet27,396.3240,396.3240,396.3240,396.3240,396.3240,4.000000,4.000000,4.000000,4.000000,4.000000,96.000000,96.000000,96.000000,96.000000,96.000000,5.0,1981.6200,1829.3058,7926.4800,8078.7942,PENDING_AG03,FALSE,NOT_FOR_ENFORCEMENT,9511.7760,503536.3200,9908.1000,9511.7760,396.3240,0.01730863,0.01661628,396.3240,9511.7760,0.01661628,396.3240,396.3240,396.3240,396.3240,396.3240,9511.7760,0.01661628,1981.6200,1829.3058,7926.4800,8078.7942,0.01384690,0.01411298,0.00069235,439.6598,403.1645,7.6158,471.8143,13.4438,27258.9048,61.9524,,439.6598,50.0,150.0,500.0,1000.0,2000.0,3959.9609,110.0,0.0,13.333333,26.39974,2.931065,29,147,15,4,0E-8,0.01730863,,0E-8,0.000000,0.916288,0.000000,,2026-05-21,2026-07-03,21,737,411,44,0.477273,,,0.000000,,,,,,,,GLOBAL_BASELINE_NO_ENTITY_RANKING,,,NOT_APPLICABLE_GLOBAL_BASELINE,HF9g-P5,,,,X 全窗基线 · 不参与实体赏罚,15057409,1506,A168_HF9F_20260827_0900,2026-08-27 09:00:00
2026-05-24,150345145,1318,0,30.0000000000,-30.0000000000,-30.0000000000,0E-7,1,1,0.49324550000000000,0.493245500000,-0.9865810262130424,-0.9865810262130424,-0.9865810262130424,0E-17,ELIGIBLE,R03b_20260811_FULL_v1,L1_ELIGIBILITY,v2026-08-11,2026-03-21..2026-08-06,baccarat_bet02_101_all_pairs_incl_sentinel,round_win = game_pnl > 0 (decisive only),COMPATIBILITY_ONLY_NOT_PRODUCTION,572437.0000,524517.0000,9908.1000,1302,1301,-0.01730863,,-0.01730863,-0.01730863,-9908.1000,572437.0000,OK,0.0000,396.3240,4.0000,96.0000,AG03-UNRESOLVED,ALL5_LEVELS_bet23_to_bet27,396.3240,396.3240,396.3240,396.3240,396.3240,4.000000,4.000000,4.000000,4.000000,4.000000,96.000000,96.000000,96.000000,96.000000,96.000000,5.0,1981.6200,1829.3058,7926.4800,8078.7942,PENDING_AG03,FALSE,NOT_FOR_ENFORCEMENT,9511.7760,503536.3200,9908.1000,9511.7760,396.3240,0.01730863,0.01661628,396.3240,9511.7760,0.01661628,396.3240,396.3240,396.3240,396.3240,396.3240,9511.7760,0.01661628,1981.6200,1829.3058,7926.4800,8078.7942,0.01384690,0.01411298,0.00069235,439.6598,403.1645,7.6158,471.8143,13.4438,27258.9048,61.9524,,439.6598,50.0,150.0,500.0,1000.0,2000.0,3959.9609,110.0,0.0,13.333333,26.39974,2.931065,29,147,15,4,0E-8,0.01730863,,0E-8,0.000000,0.916288,0.000000,,2026-05-21,2026-07-03,21,737,411,44,0.477273,,,0.000000,,,,,,,,GLOBAL_BASELINE_NO_ENTITY_RANKING,,,NOT_APPLICABLE_GLOBAL_BASELINE,HF9g-P5,,,,X 全窗基线 · 不参与实体赏罚,15057410,1506,A168_HF9F_20260827_0900,2026-08-27 09:00:00
2026-05-24,150345145,1323,0,1600.0000000000,200.0000000000,200.0000000000,0.5000000,4,4,0.49324550000000000,0.493245500000,0.027020465636507562,0.027020465636507562,0.027020465636507562,0E-17,ELIGIBLE,R03b_20260811_FULL_v1,L1_ELIGIBILITY,v2026-08-11,2026-03-21..2026-08-06,baccarat_bet02_101_all_pairs_incl_sentinel,round_win = game_pnl > 0 (decisive only),COMPATIBILITY_ONLY_NOT_PRODUCTION,572437.0000,524517.0000,9908.1000,1302,1301,-0.01730863,,-0.01730863,-0.01730863,-9908.1000,572437.0000,OK,0.0000,396.3240,4.0000,96.0000,AG03-UNRESOLVED,ALL5_LEVELS_bet23_to_bet27,396.3240,396.3240,396.3240,396.3240,396.3240,4.000000,4.000000,4.000000,4.000000,4.000000,96.000000,96.000000,96.000000,96.000000,96.000000,5.0,1981.6200,1829.3058,7926.4800,8078.7942,PENDING_AG03,FALSE,NOT_FOR_ENFORCEMENT,9511.7760,503536.3200,9908.1000,9511.7760,396.3240,0.01730863,0.01661628,396.3240,9511.7760,0.01661628,396.3240,396.3240,396.3240,396.3240,396.3240,9511.7760,0.01661628,1981.6200,1829.3058,7926.4800,8078.7942,0.01384690,0.01411298,0.00069235,439.6598,403.1645,7.6158,471.8143,13.4438,27258.9048,61.9524,,439.6598,50.0,150.0,500.0,1000.0,2000.0,3959.9609,110.0,0.0,13.333333,26.39974,2.931065,29,147,15,4,0E-8,0.01730863,,0E-8,0.000000,0.916288,0.000000,,2026-05-21,2026-07-03,21,737,411,44,0.477273,,,0.000000,,,,,,,,GLOBAL_BASELINE_NO_ENTITY_RANKING,,,NOT_APPLICABLE_GLOBAL_BASELINE,HF9g-P5,,,,X 全窗基线 · 不参与实体赏罚,15057411,1506,A168_HF9F_20260827_0900,2026-08-27 09:00:00
2026-05-24,150345145,1353,0,9000.0000000000,9000.0000000000,9000.0000000000,1.0000000,2,2,0.49324550000000000,0.493245500000,1.4334489766152358,1.4334489766152358,1.4334489766152358,0E-17,ELIGIBLE,R03b_20260811_FULL_v1,L1_ELIGIBILITY,v2026-08-11,2026-03-21..2026-08-06,baccarat_bet02_101_all_pairs_incl_sentinel,round_win = game_pnl > 0 (decisive only),COMPATIBILITY_ONLY_NOT_PRODUCTION,572437.0000,524517.0000,9908.1000,1302,1301,-0.01730863,,-0.01730863,-0.01730863,-9908.1000,572437.0000,OK,0.0000,396.3240,4.0000,96.0000,AG03-UNRESOLVED,ALL5_LEVELS_bet23_to_bet27,396.3240,396.3240,396.3240,396.3240,396.3240,4.000000,4.000000,4.000000,4.000000,4.000000,96.000000,96.000000,96.000000,96.000000,96.000000,5.0,1981.6200,1829.3058,7926.4800,8078.7942,PENDING_AG03,FALSE,NOT_FOR_ENFORCEMENT,9511.7760,503536.3200,9908.1000,9511.7760,396.3240,0.01730863,0.01661628,396.3240,9511.7760,0.01661628,396.3240,396.3240,396.3240,396.3240,396.3240,9511.7760,0.01661628,1981.6200,1829.3058,7926.4800,8078.7942,0.01384690,0.01411298,0.00069235,439.6598,403.1645,7.6158,471.8143,13.4438,27258.9048,61.9524,,439.6598,50.0,150.0,500.0,1000.0,2000.0,3959.9609,110.0,0.0,13.333333,26.39974,2.931065,29,147,15,4,0E-8,0.01730863,,0E-8,0.000000,0.916288,0.000000,,2026-05-21,2026-07-03,21,737,411,44,0.477273,,,0.000000,,,,,,,,GLOBAL_BASELINE_NO_ENTITY_RANKING,,,NOT_APPLICABLE_GLOBAL_BASELINE,HF9g-P5,,,,X 全窗基线 · 不参与实体赏罚,15057412,1506,A168_HF9F_20260827_0900,2026-08-27 09:00:00
2026-05-24,150345145,1382,0,573.0000000000,-471.0000000000,-471.0000000000,0.3333333,3,3,0.35602616666666667,0.356026166667,-0.08208698057941706,-0.08208698058060562,-0.08208698057941706,-3.3333E-13,ELIGIBLE,R03b_20260811_FULL_v1,L1_ELIGIBILITY,v2026-08-11,2026-03-21..2026-08-06,baccarat_bet02_101_all_pairs_incl_sentinel,round_win = game_pnl > 0 (decisive only),COMPATIBILITY_ONLY_NOT_PRODUCTION,572437.0000,524517.0000,9908.1000,1302,1301,-0.01730863,,-0.01730863,-0.01730863,-9908.1000,572437.0000,OK,0.0000,396.3240,4.0000,96.0000,AG03-UNRESOLVED,ALL5_LEVELS_bet23_to_bet27,396.3240,396.3240,396.3240,396.3240,396.3240,4.000000,4.000000,4.000000,4.000000,4.000000,96.000000,96.000000,96.000000,96.000000,96.000000,5.0,1981.6200,1829.3058,7926.4800,8078.7942,PENDING_AG03,FALSE,NOT_FOR_ENFORCEMENT,9511.7760,503536.3200,9908.1000,9511.7760,396.3240,0.01730863,0.01661628,396.3240,9511.7760,0.01661628,396.3240,396.3240,396.3240,396.3240,396.3240,9511.7760,0.01661628,1981.6200,1829.3058,7926.4800,8078.7942,0.01384690,0.01411298,0.00069235,439.6598,403.1645,7.6158,471.8143,13.4438,27258.9048,61.9524,,439.6598,50.0,150.0,500.0,1000.0,2000.0,3959.9609,110.0,0.0,13.333333,26.39974,2.931065,29,147,15,4,0E-8,0.01730863,,0E-8,0.000000,0.916288,0.000000,,2026-05-21,2026-07-03,21,737,411,44,0.477273,,,0.000000,,,,,,,,GLOBAL_BASELINE_NO_ENTITY_RANKING,,,NOT_APPLICABLE_GLOBAL_BASELINE,HF9g-P5,,,,X 全窗基线 · 不参与实体赏罚,15057413,1506,A168_HF9F_20260827_0900,2026-08-27 09:00:00
2026-05-24,150345145,1383,0,200.0000000000,200.0000000000,200.0000000000,1.0000000,1,1,0.49324550000000000,0.493245500000,1.01360149184955,1.01360149184955,1.01360149184955,0E-17,ELIGIBLE,R03b_20260811_FULL_v1,L1_ELIGIBILITY,v2026-08-11,2026-03-21..2026-08-06,baccarat_bet02_101_all_pairs_incl_sentinel,round_win = game_pnl > 0 (decisive only),COMPATIBILITY_ONLY_NOT_PRODUCTION,572437.0000,524517.0000,9908.1000,1302,1301,-0.01730863,,-0.01730863,-0.01730863,-9908.1000,572437.0000,OK,0.0000,396.3240,4.0000,96.0000,AG03-UNRESOLVED,ALL5_LEVELS_bet23_to_bet27,396.3240,396.3240,396.3240,396.3240,396.3240,4.000000,4.000000,4.000000,4.000000,4.000000,96.000000,96.000000,96.000000,96.000000,96.000000,5.0,1981.6200,1829.3058,7926.4800,8078.7942,PENDING_AG03,FALSE,NOT_FOR_ENFORCEMENT,9511.7760,503536.3200,9908.1000,9511.7760,396.3240,0.01730863,0.01661628,396.3240,9511.7760,0.01661628,396.3240,396.3240,396.3240,396.3240,396.3240,9511.7760,0.01661628,1981.6200,1829.3058,7926.4800,8078.7942,0.01384690,0.01411298,0.00069235,439.6598,403.1645,7.6158,471.8143,13.4438,27258.9048,61.9524,,439.6598,50.0,150.0,500.0,1000.0,2000.0,3959.9609,110.0,0.0,13.333333,26.39974,2.931065,29,147,15,4,0E-8,0.01730863,,0E-8,0.000000,0.916288,0.000000,,2026-05-21,2026-07-03,21,737,411,44,0.477273,,,0.000000,,,,,,,,GLOBAL_BASELINE_NO_ENTITY_RANKING,,,NOT_APPLICABLE_GLOBAL_BASELINE,HF9g-P5,,,,X 全窗基线 · 不参与实体赏罚,15057414,1506,A168_HF9F_20260827_0900,2026-08-27 09:00:00
2026-05-24,150345145,1396,0,44.0000000000,0E-10,0E-10,,1,1,0.49324550000000000,0.493245500000,,,,0E-17,NO_DECISIVE_ROUND,R03b_20260811_FULL_v1,L1_ELIGIBILITY,v2026-08-11,2026-03-21..2026-08-06,baccarat_bet02_101_all_pairs_incl_sentinel,round_win = game_pnl > 0 (decisive only),COMPATIBILITY_ONLY_NOT_PRODUCTION,572437.0000,524517.0000,9908.1000,1302,1301,-0.01730863,,-0.01730863,-0.01730863,-9908.1000,572437.0000,OK,0.0000,396.3240,4.0000,96.0000,AG03-UNRESOLVED,ALL5_LEVELS_bet23_to_bet27,396.3240,396.3240,396.3240,396.3240,396.3240,4.000000,4.000000,4.000000,4.000000,4.000000,96.000000,96.000000,96.000000,96.000000,96.000000,5.0,1981.6200,1829.3058,7926.4800,8078.7942,PENDING_AG03,FALSE,NOT_FOR_ENFORCEMENT,9511.7760,503536.3200,9908.1000,9511.7760,396.3240,0.01730863,0.01661628,396.3240,9511.7760,0.01661628,396.3240,396.3240,396.3240,396.3240,396.3240,9511.7760,0.01661628,1981.6200,1829.3058,7926.4800,8078.7942,0.01384690,0.01411298,0.00069235,439.6598,403.1645,7.6158,471.8143,13.4438,27258.9048,61.9524,,439.6598,50.0,150.0,500.0,1000.0,2000.0,3959.9609,110.0,0.0,13.333333,26.39974,2.931065,29,147,15,4,0E-8,0.01730863,,0E-8,0.000000,0.916288,0.000000,,2026-05-21,2026-07-03,21,737,411,44,0.477273,,,0.000000,,,,,,,,GLOBAL_BASELINE_NO_ENTITY_RANKING,,,NOT_APPLICABLE_GLOBAL_BASELINE,HF9g-P5,,,,X 全窗基线 · 不参与实体赏罚,15057415,1506,A168_HF9F_20260827_0900,2026-08-27 09:00:00
2026-05-24,150345145,1399,0,1590.0000000000,-410.0000000000,-410.0000000000,0.6666667,3,3,0.49324550000000000,0.493245500000,0.6008033672792107,0.6008033672792106,0.6008033672792107,0E-17,ELIGIBLE,R03b_20260811_FULL_v1,L1_ELIGIBILITY,v2026-08-11,2026-03-21..2026-08-06,baccarat_bet02_101_all_pairs_incl_sentinel,round_win = game_pnl > 0 (decisive only),COMPATIBILITY_ONLY_NOT_PRODUCTION,572437.0000,524517.0000,9908.1000,1302,1301,-0.01730863,,-0.01730863,-0.01730863,-9908.1000,572437.0000,OK,0.0000,396.3240,4.0000,96.0000,AG03-UNRESOLVED,ALL5_LEVELS_bet23_to_bet27,396.3240,396.3240,396.3240,396.3240,396.3240,4.000000,4.000000,4.000000,4.000000,4.000000,96.000000,96.000000,96.000000,96.000000,96.000000,5.0,1981.6200,1829.3058,7926.4800,8078.7942,PENDING_AG03,FALSE,NOT_FOR_ENFORCEMENT,9511.7760,503536.3200,9908.1000,9511.7760,396.3240,0.01730863,0.01661628,396.3240,9511.7760,0.01661628,396.3240,396.3240,396.3240,396.3240,396.3240,9511.7760,0.01661628,1981.6200,1829.3058,7926.4800,8078.7942,0.01384690,0.01411298,0.00069235,439.6598,403.1645,7.6158,471.8143,13.4438,27258.9048,61.9524,,439.6598,50.0,150.0,500.0,1000.0,2000.0,3959.9609,110.0,0.0,13.333333,26.39974,2.931065,29,147,15,4,0E-8,0.01730863,,0E-8,0.000000,0.916288,0.000000,,2026-05-21,2026-07-03,21,737,411,44,0.477273,,,0.000000,,,,,,,,GLOBAL_BASELINE_NO_ENTITY_RANKING,,,NOT_APPLICABLE_GLOBAL_BASELINE,HF9g-P5,,,,X 全窗基线 · 不参与实体赏罚,15057416,1506,A168_HF9F_20260827_0900,2026-08-27 09:00:00
2026-05-24,150345145,1405,0,196.0000000000,-196.0000000000,-196.0000000000,0E-7,1,1,0.49324550000000000,0.493245500000,-0.9865810262130424,-0.9865810262130424,-0.9865810262130424,0E-17,ELIGIBLE,R03b_20260811_FULL_v1,L1_ELIGIBILITY,v2026-08-11,2026-03-21..2026-08-06,baccarat_bet02_101_all_pairs_incl_sentinel,round_win = game_pnl > 0 (decisive only),COMPATIBILITY_ONLY_NOT_PRODUCTION,572437.0000,524517.0000,9908.1000,1302,1301,-0.01730863,,-0.01730863,-0.01730863,-9908.1000,572437.0000,OK,0.0000,396.3240,4.0000,96.0000,AG03-UNRESOLVED,ALL5_LEVELS_bet23_to_bet27,396.3240,396.3240,396.3240,396.3240,396.3240,4.000000,4.000000,4.000000,4.000000,4.000000,96.000000,96.000000,96.000000,96.000000,96.000000,5.0,1981.6200,1829.3058,7926.4800,8078.7942,PENDING_AG03,FALSE,NOT_FOR_ENFORCEMENT,9511.7760,503536.3200,9908.1000,9511.7760,396.3240,0.01730863,0.01661628,396.3240,9511.7760,0.01661628,396.3240,396.3240,396.3240,396.3240,396.3240,9511.7760,0.01661628,1981.6200,1829.3058,7926.4800,8078.7942,0.01384690,0.01411298,0.00069235,439.6598,403.1645,7.6158,471.8143,13.4438,27258.9048,61.9524,,439.6598,50.0,150.0,500.0,1000.0,2000.0,3959.9609,110.0,0.0,13.333333,26.39974,2.931065,29,147,15,4,0E-8,0.01730863,,0E-8,0.000000,0.916288,0.000000,,2026-05-21,2026-07-03,21,737,411,44,0.477273,,,0.000000,,,,,,,,GLOBAL_BASELINE_NO_ENTITY_RANKING,,,NOT_APPLICABLE_GLOBAL_BASELINE,HF9g-P5,,,,X 全窗基线 · 不参与实体赏罚,15057417,1506,A168_HF9F_20260827_0900,2026-08-27 09:00:00
2026-05-24,150345145,1490,0,400.0000000000,-400.0000000000,-400.0000000000,0E-7,1,1,0.49324550000000000,0.493245500000,-0.9865810262130424,-0.9865810262130424,-0.9865810262130424,0E-17,ELIGIBLE,R03b_20260811_FULL_v1,L1_ELIGIBILITY,v2026-08-11,2026-03-21..2026-08-06,baccarat_bet02_101_all_pairs_incl_sentinel,round_win = game_pnl > 0 (decisive only),COMPATIBILITY_ONLY_NOT_PRODUCTION,572437.0000,524517.0000,9908.1000,1302,1301,-0.01730863,,-0.01730863,-0.01730863,-9908.1000,572437.0000,OK,0.0000,396.3240,4.0000,96.0000,AG03-UNRESOLVED,ALL5_LEVELS_bet23_to_bet27,396.3240,396.3240,396.3240,396.3240,396.3240,4.000000,4.000000,4.000000,4.000000,4.000000,96.000000,96.000000,96.000000,96.000000,96.000000,5.0,1981.6200,1829.3058,7926.4800,8078.7942,PENDING_AG03,FALSE,NOT_FOR_ENFORCEMENT,9511.7760,503536.3200,9908.1000,9511.7760,396.3240,0.01730863,0.01661628,396.3240,9511.7760,0.01661628,396.3240,396.3240,396.3240,396.3240,396.3240,9511.7760,0.01661628,1981.6200,1829.3058,7926.4800,8078.7942,0.01384690,0.01411298,0.00069235,439.6598,403.1645,7.6158,471.8143,13.4438,27258.9048,61.9524,,439.6598,50.0,150.0,500.0,1000.0,2000.0,3959.9609,110.0,0.0,13.333333,26.39974,2.931065,29,147,15,4,0E-8,0.01730863,,0E-8,0.000000,0.916288,0.000000,,2026-05-21,2026-07-03,21,737,411,44,0.477273,,,0.000000,,,,,,,,GLOBAL_BASELINE_NO_ENTITY_RANKING,,,NOT_APPLICABLE_GLOBAL_BASELINE,HF9g-P5,,,,X 全窗基线 · 不参与实体赏罚,15057418,1506,A168_HF9F_20260827_0900,2026-08-27 09:00:00
2026-05-24,150345145,1509,0,1700.0000000000,-1700.0000000000,-1700.0000000000,0E-7,1,1,0.49324550000000000,0.493245500000,-0.9865810262130424,-0.9865810262130424,-0.9865810262130424,0E-17,ELIGIBLE,R03b_20260811_FULL_v1,L1_ELIGIBILITY,v2026-08-11,2026-03-21..2026-08-06,baccarat_bet02_101_all_pairs_incl_sentinel,round_win = game_pnl > 0 (decisive only),COMPATIBILITY_ONLY_NOT_PRODUCTION,572437.0000,524517.0000,9908.1000,1302,1301,-0.01730863,,-0.01730863,-0.01730863,-9908.1000,572437.0000,OK,0.0000,396.3240,4.0000,96.0000,AG03-UNRESOLVED,ALL5_LEVELS_bet23_to_bet27,396.3240,396.3240,396.3240,396.3240,396.3240,4.000000,4.000000,4.000000,4.000000,4.000000,96.000000,96.000000,96.000000,96.000000,96.000000,5.0,1981.6200,1829.3058,7926.4800,8078.7942,PENDING_AG03,FALSE,NOT_FOR_ENFORCEMENT,9511.7760,503536.3200,9908.1000,9511.7760,396.3240,0.01730863,0.01661628,396.3240,9511.7760,0.01661628,396.3240,396.3240,396.3240,396.3240,396.3240,9511.7760,0.01661628,1981.6200,1829.3058,7926.4800,8078.7942,0.01384690,0.01411298,0.00069235,439.6598,403.1645,7.6158,471.8143,13.4438,27258.9048,61.9524,,439.6598,50.0,150.0,500.0,1000.0,2000.0,3959.9609,110.0,0.0,13.333333,26.39974,2.931065,29,147,15,4,0E-8,0.01730863,,0E-8,0.000000,0.916288,0.000000,,2026-05-21,2026-07-03,21,737,411,44,0.477273,,,0.000000,,,,,,,,GLOBAL_BASELINE_NO_ENTITY_RANKING,,,NOT_APPLICABLE_GLOBAL_BASELINE,HF9g-P5,,,,X 全窗基线 · 不参与实体赏罚,15057419,1506,A168_HF9F_20260827_0900,2026-08-27 09:00:00
2026-05-24,150345145,1623,0,273.0000000000,221.0000000000,221.0000000000,0.5000000,2,2,0.49324550000000000,0.493245500000,0.01910635448239258,0.01910635448239258,0.01910635448239258,0E-17,ELIGIBLE,R03b_20260811_FULL_v1,L1_ELIGIBILITY,v2026-08-11,2026-03-21..2026-08-06,baccarat_bet02_101_all_pairs_incl_sentinel,round_win = game_pnl > 0 (decisive only),COMPATIBILITY_ONLY_NOT_PRODUCTION,572437.0000,524517.0000,9908.1000,1302,1301,-0.01730863,,-0.01730863,-0.01730863,-9908.1000,572437.0000,OK,0.0000,396.3240,4.0000,96.0000,AG03-UNRESOLVED,ALL5_LEVELS_bet23_to_bet27,396.3240,396.3240,396.3240,396.3240,396.3240,4.000000,4.000000,4.000000,4.000000,4.000000,96.000000,96.000000,96.000000,96.000000,96.000000,5.0,1981.6200,1829.3058,7926.4800,8078.7942,PENDING_AG03,FALSE,NOT_FOR_ENFORCEMENT,9511.7760,503536.3200,9908.1000,9511.7760,396.3240,0.01730863,0.01661628,396.3240,9511.7760,0.01661628,396.3240,396.3240,396.3240,396.3240,396.3240,9511.7760,0.01661628,1981.6200,1829.3058,7926.4800,8078.7942,0.01384690,0.01411298,0.00069235,439.6598,403.1645,7.6158,471.8143,13.4438,27258.9048,61.9524,,439.6598,50.0,150.0,500.0,1000.0,2000.0,3959.9609,110.0,0.0,13.333333,26.39974,2.931065,29,147,15,4,0E-8,0.01730863,,0E-8,0.000000,0.916288,0.000000,,2026-05-21,2026-07-03,21,737,411,44,0.477273,,,0.000000,,,,,,,,GLOBAL_BASELINE_NO_ENTITY_RANKING,,,NOT_APPLICABLE_GLOBAL_BASELINE,HF9g-P5,,,,X 全窗基线 · 不参与实体赏罚,15057420,1506,A168_HF9F_20260827_0900,2026-08-27 09:00:00
2026-05-24,150345145,1645,0,1608.0000000000,749.0000000000,749.0000000000,0.7500000,6,6,0.49324550000000000,0.493245500000,1.0271117246678039,1.0271117246678039,1.0271117246678039,0E-17,ELIGIBLE,R03b_20260811_FULL_v1,L1_ELIGIBILITY,v2026-08-11,2026-03-21..2026-08-06,baccarat_bet02_101_all_pairs_incl_sentinel,round_win = game_pnl > 0 (decisive only),COMPATIBILITY_ONLY_NOT_PRODUCTION,572437.0000,524517.0000,9908.1000,1302,1301,-0.01730863,,-0.01730863,-0.01730863,-9908.1000,572437.0000,OK,0.0000,396.3240,4.0000,96.0000,AG03-UNRESOLVED,ALL5_LEVELS_bet23_to_bet27,396.3240,396.3240,396.3240,396.3240,396.3240,4.000000,4.000000,4.000000,4.000000,4.000000,96.000000,96.000000,96.000000,96.000000,96.000000,5.0,1981.6200,1829.3058,7926.4800,8078.7942,PENDING_AG03,FALSE,NOT_FOR_ENFORCEMENT,9511.7760,503536.3200,9908.1000,9511.7760,396.3240,0.01730863,0.01661628,396.3240,9511.7760,0.01661628,396.3240,396.3240,396.3240,396.3240,396.3240,9511.7760,0.01661628,1981.6200,1829.3058,7926.4800,8078.7942,0.01384690,0.01411298,0.00069235,439.6598,403.1645,7.6158,471.8143,13.4438,27258.9048,61.9524,,439.6598,50.0,150.0,500.0,1000.0,2000.0,3959.9609,110.0,0.0,13.333333,26.39974,2.931065,29,147,15,4,0E-8,0.01730863,,0E-8,0.000000,0.916288,0.000000,,2026-05-21,2026-07-03,21,737,411,44,0.477273,,,0.000000,,,,,,,,GLOBAL_BASELINE_NO_ENTITY_RANKING,,,NOT_APPLICABLE_GLOBAL_BASELINE,HF9g-P5,,,,X 全窗基线 · 不参与实体赏罚,15057421,1506,A168_HF9F_20260827_0900,2026-08-27 09:00:00
2026-05-24,150345145,1654,0,1000.0000000000,-1000.0000000000,-1000.0000000000,0E-7,1,1,0.49324550000000000,0.493245500000,-0.9865810262130424,-0.9865810262130424,-0.9865810262130424,0E-17,ELIGIBLE,R03b_20260811_FULL_v1,L1_ELIGIBILITY,v2026-08-11,2026-03-21..2026-08-06,baccarat_bet02_101_all_pairs_incl_sentinel,round_win = game_pnl > 0 (decisive only),COMPATIBILITY_ONLY_NOT_PRODUCTION,572437.0000,524517.0000,9908.1000,1302,1301,-0.01730863,,-0.01730863,-0.01730863,-9908.1000,572437.0000,OK,0.0000,396.3240,4.0000,96.0000,AG03-UNRESOLVED,ALL5_LEVELS_bet23_to_bet27,396.3240,396.3240,396.3240,396.3240,396.3240,4.000000,4.000000,4.000000,4.000000,4.000000,96.000000,96.000000,96.000000,96.000000,96.000000,5.0,1981.6200,1829.3058,7926.4800,8078.7942,PENDING_AG03,FALSE,NOT_FOR_ENFORCEMENT,9511.7760,503536.3200,9908.1000,9511.7760,396.3240,0.01730863,0.01661628,396.3240,9511.7760,0.01661628,396.3240,396.3240,396.3240,396.3240,396.3240,9511.7760,0.01661628,1981.6200,1829.3058,7926.4800,8078.7942,0.01384690,0.01411298,0.00069235,439.6598,403.1645,7.6158,471.8143,13.4438,27258.9048,61.9524,,439.6598,50.0,150.0,500.0,1000.0,2000.0,3959.9609,110.0,0.0,13.333333,26.39974,2.931065,29,147,15,4,0E-8,0.01730863,,0E-8,0.000000,0.916288,0.000000,,2026-05-21,2026-07-03,21,737,411,44,0.477273,,,0.000000,,,,,,,,GLOBAL_BASELINE_NO_ENTITY_RANKING,,,NOT_APPLICABLE_GLOBAL_BASELINE,HF9g-P5,,,,X 全窗基线 · 不参与实体赏罚,15057422,1506,A168_HF9F_20260827_0900,2026-08-27 09:00:00
2026-05-24,150345145,1702,0,3655.0000000000,-3655.0000000000,-3655.0000000000,0E-7,4,4,0.49324550000000000,0.493245500000,-1.973162052426085,-1.973162052426085,-1.973162052426085,0E-17,ELIGIBLE,R03b_20260811_FULL_v1,L1_ELIGIBILITY,v2026-08-11,2026-03-21..2026-08-06,baccarat_bet02_101_all_pairs_incl_sentinel,round_win = game_pnl > 0 (decisive only),COMPATIBILITY_ONLY_NOT_PRODUCTION,572437.0000,524517.0000,9908.1000,1302,1301,-0.01730863,,-0.01730863,-0.01730863,-9908.1000,572437.0000,OK,0.0000,396.3240,4.0000,96.0000,AG03-UNRESOLVED,ALL5_LEVELS_bet23_to_bet27,396.3240,396.3240,396.3240,396.3240,396.3240,4.000000,4.000000,4.000000,4.000000,4.000000,96.000000,96.000000,96.000000,96.000000,96.000000,5.0,1981.6200,1829.3058,7926.4800,8078.7942,PENDING_AG03,FALSE,NOT_FOR_ENFORCEMENT,9511.7760,503536.3200,9908.1000,9511.7760,396.3240,0.01730863,0.01661628,396.3240,9511.7760,0.01661628,396.3240,396.3240,396.3240,396.3240,396.3240,9511.7760,0.01661628,1981.6200,1829.3058,7926.4800,8078.7942,0.01384690,0.01411298,0.00069235,439.6598,403.1645,7.6158,471.8143,13.4438,27258.9048,61.9524,,439.6598,50.0,150.0,500.0,1000.0,2000.0,3959.9609,110.0,0.0,13.333333,26.39974,2.931065,29,147,15,4,0E-8,0.01730863,,0E-8,0.000000,0.916288,0.000000,,2026-05-21,2026-07-03,21,737,411,44,0.477273,,,0.000000,,,,,,,,GLOBAL_BASELINE_NO_ENTITY_RANKING,,,NOT_APPLICABLE_GLOBAL_BASELINE,HF9g-P5,,,,X 全窗基线 · 不参与实体赏罚,15057423,1506,A168_HF9F_20260827_0900,2026-08-27 09:00:00
2026-05-24,150345145,1710,0,670.0000000000,70.0000000000,70.0000000000,0.8333333,7,7,0.49324550000000000,0.493245500000,1.666235363940442,1.6662353639404415,1.666235363940442,0E-17,ELIGIBLE,R03b_20260811_FULL_v1,L1_ELIGIBILITY,v2026-08-11,2026-03-21..2026-08-06,baccarat_bet02_101_all_pairs_incl_sentinel,round_win = game_pnl > 0 (decisive only),COMPATIBILITY_ONLY_NOT_PRODUCTION,572437.0000,524517.0000,9908.1000,1302,1301,-0.01730863,,-0.01730863,-0.01730863,-9908.1000,572437.0000,OK,0.0000,396.3240,4.0000,96.0000,AG03-UNRESOLVED,ALL5_LEVELS_bet23_to_bet27,396.3240,396.3240,396.3240,396.3240,396.3240,4.000000,4.000000,4.000000,4.000000,4.000000,96.000000,96.000000,96.000000,96.000000,96.000000,5.0,1981.6200,1829.3058,7926.4800,8078.7942,PENDING_AG03,FALSE,NOT_FOR_ENFORCEMENT,9511.7760,503536.3200,9908.1000,9511.7760,396.3240,0.01730863,0.01661628,396.3240,9511.7760,0.01661628,396.3240,396.3240,396.3240,396.3240,396.3240,9511.7760,0.01661628,1981.6200,1829.3058,7926.4800,8078.7942,0.01384690,0.01411298,0.00069235,439.6598,403.1645,7.6158,471.8143,13.4438,27258.9048,61.9524,,439.6598,50.0,150.0,500.0,1000.0,2000.0,3959.9609,110.0,0.0,13.333333,26.39974,2.931065,29,147,15,4,0E-8,0.01730863,,0E-8,0.000000,0.916288,0.000000,,2026-05-21,2026-07-03,21,737,411,44,0.477273,,,0.000000,,,,,,,,GLOBAL_BASELINE_NO_ENTITY_RANKING,,,NOT_APPLICABLE_GLOBAL_BASELINE,HF9g-P5,,,,X 全窗基线 · 不参与实体赏罚,15057424,1506,A168_HF9F_20260827_0900,2026-08-27 09:00:00
2026-05-24,150345145,1750,0,52.0000000000,-52.0000000000,-52.0000000000,0E-7,1,1,0.49324550000000000,0.493245500000,-0.9865810262130424,-0.9865810262130424,-0.9865810262130424,0E-17,ELIGIBLE,R03b_20260811_FULL_v1,L1_ELIGIBILITY,v2026-08-11,2026-03-21..2026-08-06,baccarat_bet02_101_all_pairs_incl_sentinel,round_win = game_pnl > 0 (decisive only),COMPATIBILITY_ONLY_NOT_PRODUCTION,572437.0000,524517.0000,9908.1000,1302,1301,-0.01730863,,-0.01730863,-0.01730863,-9908.1000,572437.0000,OK,0.0000,396.3240,4.0000,96.0000,AG03-UNRESOLVED,ALL5_LEVELS_bet23_to_bet27,396.3240,396.3240,396.3240,396.3240,396.3240,4.000000,4.000000,4.000000,4.000000,4.000000,96.000000,96.000000,96.000000,96.000000,96.000000,5.0,1981.6200,1829.3058,7926.4800,8078.7942,PENDING_AG03,FALSE,NOT_FOR_ENFORCEMENT,9511.7760,503536.3200,9908.1000,9511.7760,396.3240,0.01730863,0.01661628,396.3240,9511.7760,0.01661628,396.3240,396.3240,396.3240,396.3240,396.3240,9511.7760,0.01661628,1981.6200,1829.3058,7926.4800,8078.7942,0.01384690,0.01411298,0.00069235,439.6598,403.1645,7.6158,471.8143,13.4438,27258.9048,61.9524,,439.6598,50.0,150.0,500.0,1000.0,2000.0,3959.9609,110.0,0.0,13.333333,26.39974,2.931065,29,147,15,4,0E-8,0.01730863,,0E-8,0.000000,0.916288,0.000000,,2026-05-21,2026-07-03,21,737,411,44,0.477273,,,0.000000,,,,,,,,GLOBAL_BASELINE_NO_ENTITY_RANKING,,,NOT_APPLICABLE_GLOBAL_BASELINE,HF9g-P5,,,,X 全窗基线 · 不参与实体赏罚,15057425,1506,A168_HF9F_20260827_0900,2026-08-27 09:00:00
2026-05-24,150345145,1963,0,800.0000000000,200.0000000000,200.0000000000,0.5000000,4,4,0.49324550000000000,0.493245500000,0.027020465636507562,0.027020465636507562,0.027020465636507562,0E-17,ELIGIBLE,R03b_20260811_FULL_v1,L1_ELIGIBILITY,v2026-08-11,2026-03-21..2026-08-06,baccarat_bet02_101_all_pairs_incl_sentinel,round_win = game_pnl > 0 (decisive only),COMPATIBILITY_ONLY_NOT_PRODUCTION,572437.0000,524517.0000,9908.1000,1302,1301,-0.01730863,,-0.01730863,-0.01730863,-9908.1000,572437.0000,OK,0.0000,396.3240,4.0000,96.0000,AG03-UNRESOLVED,ALL5_LEVELS_bet23_to_bet27,396.3240,396.3240,396.3240,396.3240,396.3240,4.000000,4.000000,4.000000,4.000000,4.000000,96.000000,96.000000,96.000000,96.000000,96.000000,5.0,1981.6200,1829.3058,7926.4800,8078.7942,PENDING_AG03,FALSE,NOT_FOR_ENFORCEMENT,9511.7760,503536.3200,9908.1000,9511.7760,396.3240,0.01730863,0.01661628,396.3240,9511.7760,0.01661628,396.3240,396.3240,396.3240,396.3240,396.3240,9511.7760,0.01661628,1981.6200,1829.3058,7926.4800,8078.7942,0.01384690,0.01411298,0.00069235,439.6598,403.1645,7.6158,471.8143,13.4438,27258.9048,61.9524,,439.6598,50.0,150.0,500.0,1000.0,2000.0,3959.9609,110.0,0.0,13.333333,26.39974,2.931065,29,147,15,4,0E-8,0.01730863,,0E-8,0.000000,0.916288,0.000000,,2026-05-21,2026-07-03,21,737,411,44,0.477273,,,0.000000,,,,,,,,GLOBAL_BASELINE_NO_ENTITY_RANKING,,,NOT_APPLICABLE_GLOBAL_BASELINE,HF9g-P5,,,,X 全窗基线 · 不参与实体赏罚,15057426,1506,A168_HF9F_20260827_0900,2026-08-27 09:00:00
2026-05-24,150345145,1991,0,500.0000000000,500.0000000000,500.0000000000,1.0000000,4,4,0.49324550000000000,0.493245500000,2.0272029836991,2.0272029836991,2.0272029836991,0E-17,ELIGIBLE,R03b_20260811_FULL_v1,L1_ELIGIBILITY,v2026-08-11,2026-03-21..2026-08-06,baccarat_bet02_101_all_pairs_incl_sentinel,round_win = game_pnl > 0 (decisive only),COMPATIBILITY_ONLY_NOT_PRODUCTION,572437.0000,524517.0000,9908.1000,1302,1301,-0.01730863,,-0.01730863,-0.01730863,-9908.1000,572437.0000,OK,0.0000,396.3240,4.0000,96.0000,AG03-UNRESOLVED,ALL5_LEVELS_bet23_to_bet27,396.3240,396.3240,396.3240,396.3240,396.3240,4.000000,4.000000,4.000000,4.000000,4.000000,96.000000,96.000000,96.000000,96.000000,96.000000,5.0,1981.6200,1829.3058,7926.4800,8078.7942,PENDING_AG03,FALSE,NOT_FOR_ENFORCEMENT,9511.7760,503536.3200,9908.1000,9511.7760,396.3240,0.01730863,0.01661628,396.3240,9511.7760,0.01661628,396.3240,396.3240,396.3240,396.3240,396.3240,9511.7760,0.01661628,1981.6200,1829.3058,7926.4800,8078.7942,0.01384690,0.01411298,0.00069235,439.6598,403.1645,7.6158,471.8143,13.4438,27258.9048,61.9524,,439.6598,50.0,150.0,500.0,1000.0,2000.0,3959.9609,110.0,0.0,13.333333,26.39974,2.931065,29,147,15,4,0E-8,0.01730863,,0E-8,0.000000,0.916288,0.000000,,2026-05-21,2026-07-03,21,737,411,44,0.477273,,,0.000000,,,,,,,,GLOBAL_BASELINE_NO_ENTITY_RANKING,,,NOT_APPLICABLE_GLOBAL_BASELINE,HF9g-P5,,,,X 全窗基线 · 不参与实体赏罚,15057427,1506,A168_HF9F_20260827_0900,2026-08-27 09:00:00
2026-05-24,150345145,1994,0,444.0000000000,-356.0000000000,-356.0000000000,0.5000000,2,2,0.49324550000000000,0.493245500000,0.01910635448239258,0.01910635448239258,0.01910635448239258,0E-17,ELIGIBLE,R03b_20260811_FULL_v1,L1_ELIGIBILITY,v2026-08-11,2026-03-21..2026-08-06,baccarat_bet02_101_all_pairs_incl_sentinel,round_win = game_pnl > 0 (decisive only),COMPATIBILITY_ONLY_NOT_PRODUCTION,572437.0000,524517.0000,9908.1000,1302,1301,-0.01730863,,-0.01730863,-0.01730863,-9908.1000,572437.0000,OK,0.0000,396.3240,4.0000,96.0000,AG03-UNRESOLVED,ALL5_LEVELS_bet23_to_bet27,396.3240,396.3240,396.3240,396.3240,396.3240,4.000000,4.000000,4.000000,4.000000,4.000000,96.000000,96.000000,96.000000,96.000000,96.000000,5.0,1981.6200,1829.3058,7926.4800,8078.7942,PENDING_AG03,FALSE,NOT_FOR_ENFORCEMENT,9511.7760,503536.3200,9908.1000,9511.7760,396.3240,0.01730863,0.01661628,396.3240,9511.7760,0.01661628,396.3240,396.3240,396.3240,396.3240,396.3240,9511.7760,0.01661628,1981.6200,1829.3058,7926.4800,8078.7942,0.01384690,0.01411298,0.00069235,439.6598,403.1645,7.6158,471.8143,13.4438,27258.9048,61.9524,,439.6598,50.0,150.0,500.0,1000.0,2000.0,3959.9609,110.0,0.0,13.333333,26.39974,2.931065,29,147,15,4,0E-8,0.01730863,,0E-8,0.000000,0.916288,0.000000,,2026-05-21,2026-07-03,21,737,411,44,0.477273,,,0.000000,,,,,,,,GLOBAL_BASELINE_NO_ENTITY_RANKING,,,NOT_APPLICABLE_GLOBAL_BASELINE,HF9g-P5,,,,X 全窗基线 · 不参与实体赏罚,15057428,1506,A168_HF9F_20260827_0900,2026-08-27 09:00:00
2026-05-24,150345145,2088,0,500.0000000000,-400.0000000000,-400.0000000000,0E-7,2,2,0.49324550000000000,0.493245500000,-0.9865810262130424,-0.9865810262130424,-0.9865810262130424,0E-17,ELIGIBLE,R03b_20260811_FULL_v1,L1_ELIGIBILITY,v2026-08-11,2026-03-21..2026-08-06,baccarat_bet02_101_all_pairs_incl_sentinel,round_win = game_pnl > 0 (decisive only),COMPATIBILITY_ONLY_NOT_PRODUCTION,572437.0000,524517.0000,9908.1000,1302,1301,-0.01730863,,-0.01730863,-0.01730863,-9908.1000,572437.0000,OK,0.0000,396.3240,4.0000,96.0000,AG03-UNRESOLVED,ALL5_LEVELS_bet23_to_bet27,396.3240,396.3240,396.3240,396.3240,396.3240,4.000000,4.000000,4.000000,4.000000,4.000000,96.000000,96.000000,96.000000,96.000000,96.000000,5.0,1981.6200,1829.3058,7926.4800,8078.7942,PENDING_AG03,FALSE,NOT_FOR_ENFORCEMENT,9511.7760,503536.3200,9908.1000,9511.7760,396.3240,0.01730863,0.01661628,396.3240,9511.7760,0.01661628,396.3240,396.3240,396.3240,396.3240,396.3240,9511.7760,0.01661628,1981.6200,1829.3058,7926.4800,8078.7942,0.01384690,0.01411298,0.00069235,439.6598,403.1645,7.6158,471.8143,13.4438,27258.9048,61.9524,,439.6598,50.0,150.0,500.0,1000.0,2000.0,3959.9609,110.0,0.0,13.333333,26.39974,2.931065,29,147,15,4,0E-8,0.01730863,,0E-8,0.000000,0.916288,0.000000,,2026-05-21,2026-07-03,21,737,411,44,0.477273,,,0.000000,,,,,,,,GLOBAL_BASELINE_NO_ENTITY_RANKING,,,NOT_APPLICABLE_GLOBAL_BASELINE,HF9g-P5,,,,X 全窗基线 · 不参与实体赏罚,15057429,1506,A168_HF9F_20260827_0900,2026-08-27 09:00:00
2026-05-24,150345145,2101,0,3145.0000000000,-1145.0000000000,-1145.0000000000,0.2500000,4,4,0.49324550000000000,0.493245500000,-0.9730707933947887,-0.9730707933947887,-0.9730707933947887,0E-17,ELIGIBLE,R03b_20260811_FULL_v1,L1_ELIGIBILITY,v2026-08-11,2026-03-21..2026-08-06,baccarat_bet02_101_all_pairs_incl_sentinel,round_win = game_pnl > 0 (decisive only),COMPATIBILITY_ONLY_NOT_PRODUCTION,572437.0000,524517.0000,9908.1000,1302,1301,-0.01730863,,-0.01730863,-0.01730863,-9908.1000,572437.0000,OK,0.0000,396.3240,4.0000,96.0000,AG03-UNRESOLVED,ALL5_LEVELS_bet23_to_bet27,396.3240,396.3240,396.3240,396.3240,396.3240,4.000000,4.000000,4.000000,4.000000,4.000000,96.000000,96.000000,96.000000,96.000000,96.000000,5.0,1981.6200,1829.3058,7926.4800,8078.7942,PENDING_AG03,FALSE,NOT_FOR_ENFORCEMENT,9511.7760,503536.3200,9908.1000,9511.7760,396.3240,0.01730863,0.01661628,396.3240,9511.7760,0.01661628,396.3240,396.3240,396.3240,396.3240,396.3240,9511.7760,0.01661628,1981.6200,1829.3058,7926.4800,8078.7942,0.01384690,0.01411298,0.00069235,439.6598,403.1645,7.6158,471.8143,13.4438,27258.9048,61.9524,,439.6598,50.0,150.0,500.0,1000.0,2000.0,3959.9609,110.0,0.0,13.333333,26.39974,2.931065,29,147,15,4,0E-8,0.01730863,,0E-8,0.000000,0.916288,0.000000,,2026-05-21,2026-07-03,21,737,411,44,0.477273,,,0.000000,,,,,,,,GLOBAL_BASELINE_NO_ENTITY_RANKING,,,NOT_APPLICABLE_GLOBAL_BASELINE,HF9g-P5,,,,X 全窗基线 · 不参与实体赏罚,15057430,1506,A168_HF9F_20260827_0900,2026-08-27 09:00:00
2026-05-24,150345145,2103,0,700.0000000000,700.0000000000,700.0000000000,1.0000000,1,1,0.49324550000000000,0.493245500000,1.01360149184955,1.01360149184955,1.01360149184955,0E-17,ELIGIBLE,R03b_20260811_FULL_v1,L1_ELIGIBILITY,v2026-08-11,2026-03-21..2026-08-06,baccarat_bet02_101_all_pairs_incl_sentinel,round_win = game_pnl > 0 (decisive only),COMPATIBILITY_ONLY_NOT_PRODUCTION,572437.0000,524517.0000,9908.1000,1302,1301,-0.01730863,,-0.01730863,-0.01730863,-9908.1000,572437.0000,OK,0.0000,396.3240,4.0000,96.0000,AG03-UNRESOLVED,ALL5_LEVELS_bet23_to_bet27,396.3240,396.3240,396.3240,396.3240,396.3240,4.000000,4.000000,4.000000,4.000000,4.000000,96.000000,96.000000,96.000000,96.000000,96.000000,5.0,1981.6200,1829.3058,7926.4800,8078.7942,PENDING_AG03,FALSE,NOT_FOR_ENFORCEMENT,9511.7760,503536.3200,9908.1000,9511.7760,396.3240,0.01730863,0.01661628,396.3240,9511.7760,0.01661628,396.3240,396.3240,396.3240,396.3240,396.3240,9511.7760,0.01661628,1981.6200,1829.3058,7926.4800,8078.7942,0.01384690,0.01411298,0.00069235,439.6598,403.1645,7.6158,471.8143,13.4438,27258.9048,61.9524,,439.6598,50.0,150.0,500.0,1000.0,2000.0,3959.9609,110.0,0.0,13.333333,26.39974,2.931065,29,147,15,4,0E-8,0.01730863,,0E-8,0.000000,0.916288,0.000000,,2026-05-21,2026-07-03,21,737,411,44,0.477273,,,0.000000,,,,,,,,GLOBAL_BASELINE_NO_ENTITY_RANKING,,,NOT_APPLICABLE_GLOBAL_BASELINE,HF9g-P5,,,,X 全窗基线 · 不参与实体赏罚,15057431,1506,A168_HF9F_20260827_0900,2026-08-27 09:00:00
2026-05-24,150345145,2118,0,4000.0000000000,-4000.0000000000,-4000.0000000000,0E-7,2,2,0.49994810000000000,0.499948100000,-1.4140667746232096,-1.4140667746232096,-1.4140667746232096,0E-17,ELIGIBLE,R03b_20260811_FULL_v1,L1_ELIGIBILITY,v2026-08-11,2026-03-21..2026-08-06,baccarat_bet02_101_all_pairs_incl_sentinel,round_win = game_pnl > 0 (decisive only),COMPATIBILITY_ONLY_NOT_PRODUCTION,572437.0000,524517.0000,9908.1000,1302,1301,-0.01730863,,-0.01730863,-0.01730863,-9908.1000,572437.0000,OK,0.0000,396.3240,4.0000,96.0000,AG03-UNRESOLVED,ALL5_LEVELS_bet23_to_bet27,396.3240,396.3240,396.3240,396.3240,396.3240,4.000000,4.000000,4.000000,4.000000,4.000000,96.000000,96.000000,96.000000,96.000000,96.000000,5.0,1981.6200,1829.3058,7926.4800,8078.7942,PENDING_AG03,FALSE,NOT_FOR_ENFORCEMENT,9511.7760,503536.3200,9908.1000,9511.7760,396.3240,0.01730863,0.01661628,396.3240,9511.7760,0.01661628,396.3240,396.3240,396.3240,396.3240,396.3240,9511.7760,0.01661628,1981.6200,1829.3058,7926.4800,8078.7942,0.01384690,0.01411298,0.00069235,439.6598,403.1645,7.6158,471.8143,13.4438,27258.9048,61.9524,,439.6598,50.0,150.0,500.0,1000.0,2000.0,3959.9609,110.0,0.0,13.333333,26.39974,2.931065,29,147,15,4,0E-8,0.01730863,,0E-8,0.000000,0.916288,0.000000,,2026-05-21,2026-07-03,21,737,411,44,0.477273,,,0.000000,,,,,,,,GLOBAL_BASELINE_NO_ENTITY_RANKING,,,NOT_APPLICABLE_GLOBAL_BASELINE,HF9g-P5,,,,X 全窗基线 · 不参与实体赏罚,15057432,1506,A168_HF9F_20260827_0900,2026-08-27 09:00:00
2026-05-24,150345145,2121,0,442.0000000000,394.0000000000,394.0000000000,0.6666667,3,3,0.49771390000000000,0.497713900000,0.5852756695216578,0.5852756695216578,0.5852756695216578,0E-17,ELIGIBLE,R03b_20260811_FULL_v1,L1_ELIGIBILITY,v2026-08-11,2026-03-21..2026-08-06,baccarat_bet02_101_all_pairs_incl_sentinel,round_win = game_pnl > 0 (decisive only),COMPATIBILITY_ONLY_NOT_PRODUCTION,572437.0000,524517.0000,9908.1000,1302,1301,-0.01730863,,-0.01730863,-0.01730863,-9908.1000,572437.0000,OK,0.0000,396.3240,4.0000,96.0000,AG03-UNRESOLVED,ALL5_LEVELS_bet23_to_bet27,396.3240,396.3240,396.3240,396.3240,396.3240,4.000000,4.000000,4.000000,4.000000,4.000000,96.000000,96.000000,96.000000,96.000000,96.000000,5.0,1981.6200,1829.3058,7926.4800,8078.7942,PENDING_AG03,FALSE,NOT_FOR_ENFORCEMENT,9511.7760,503536.3200,9908.1000,9511.7760,396.3240,0.01730863,0.01661628,396.3240,9511.7760,0.01661628,396.3240,396.3240,396.3240,396.3240,396.3240,9511.7760,0.01661628,1981.6200,1829.3058,7926.4800,8078.7942,0.01384690,0.01411298,0.00069235,439.6598,403.1645,7.6158,471.8143,13.4438,27258.9048,61.9524,,439.6598,50.0,150.0,500.0,1000.0,2000.0,3959.9609,110.0,0.0,13.333333,26.39974,2.931065,29,147,15,4,0E-8,0.01730863,,0E-8,0.000000,0.916288,0.000000,,2026-05-21,2026-07-03,21,737,411,44,0.477273,,,0.000000,,,,,,,,GLOBAL_BASELINE_NO_ENTITY_RANKING,,,NOT_APPLICABLE_GLOBAL_BASELINE,HF9g-P5,,,,X 全窗基线 · 不参与实体赏罚,15057433,1506,A168_HF9F_20260827_0900,2026-08-27 09:00:00
2026-05-24,150345145,2127,0,7354.0000000000,7343.3000000000,7343.3000000000,1.0000000,5,5,0.49592654000000000,0.495926540000,2.254359859199096,2.254359859199096,2.254359859199096,0E-17,ELIGIBLE,R03b_20260811_FULL_v1,L1_ELIGIBILITY,v2026-08-11,2026-03-21..2026-08-06,baccarat_bet02_101_all_pairs_incl_sentinel,round_win = game_pnl > 0 (decisive only),COMPATIBILITY_ONLY_NOT_PRODUCTION,572437.0000,524517.0000,9908.1000,1302,1301,-0.01730863,,-0.01730863,-0.01730863,-9908.1000,572437.0000,OK,0.0000,396.3240,4.0000,96.0000,AG03-UNRESOLVED,ALL5_LEVELS_bet23_to_bet27,396.3240,396.3240,396.3240,396.3240,396.3240,4.000000,4.000000,4.000000,4.000000,4.000000,96.000000,96.000000,96.000000,96.000000,96.000000,5.0,1981.6200,1829.3058,7926.4800,8078.7942,PENDING_AG03,FALSE,NOT_FOR_ENFORCEMENT,9511.7760,503536.3200,9908.1000,9511.7760,396.3240,0.01730863,0.01661628,396.3240,9511.7760,0.01661628,396.3240,396.3240,396.3240,396.3240,396.3240,9511.7760,0.01661628,1981.6200,1829.3058,7926.4800,8078.7942,0.01384690,0.01411298,0.00069235,439.6598,403.1645,7.6158,471.8143,13.4438,27258.9048,61.9524,,439.6598,50.0,150.0,500.0,1000.0,2000.0,3959.9609,110.0,0.0,13.333333,26.39974,2.931065,29,147,15,4,0E-8,0.01730863,,0E-8,0.000000,0.916288,0.000000,,2026-05-21,2026-07-03,21,737,411,44,0.477273,,,0.000000,,,,,,,,GLOBAL_BASELINE_NO_ENTITY_RANKING,,,NOT_APPLICABLE_GLOBAL_BASELINE,HF9g-P5,,,,X 全窗基线 · 不参与实体赏罚,15057434,1506,A168_HF9F_20260827_0900,2026-08-27 09:00:00
2026-05-24,150345145,2130,0,500.0000000000,475.0000000000,475.0000000000,1.0000000,1,1,0.50665070000000000,0.506650700000,0.9867858985152569,0.9867858985152569,0.9867858985152569,0E-17,ELIGIBLE,R03b_20260811_FULL_v1,L1_ELIGIBILITY,v2026-08-11,2026-03-21..2026-08-06,baccarat_bet02_101_all_pairs_incl_sentinel,round_win = game_pnl > 0 (decisive only),COMPATIBILITY_ONLY_NOT_PRODUCTION,572437.0000,524517.0000,9908.1000,1302,1301,-0.01730863,,-0.01730863,-0.01730863,-9908.1000,572437.0000,OK,0.0000,396.3240,4.0000,96.0000,AG03-UNRESOLVED,ALL5_LEVELS_bet23_to_bet27,396.3240,396.3240,396.3240,396.3240,396.3240,4.000000,4.000000,4.000000,4.000000,4.000000,96.000000,96.000000,96.000000,96.000000,96.000000,5.0,1981.6200,1829.3058,7926.4800,8078.7942,PENDING_AG03,FALSE,NOT_FOR_ENFORCEMENT,9511.7760,503536.3200,9908.1000,9511.7760,396.3240,0.01730863,0.01661628,396.3240,9511.7760,0.01661628,396.3240,396.3240,396.3240,396.3240,396.3240,9511.7760,0.01661628,1981.6200,1829.3058,7926.4800,8078.7942,0.01384690,0.01411298,0.00069235,439.6598,403.1645,7.6158,471.8143,13.4438,27258.9048,61.9524,,439.6598,50.0,150.0,500.0,1000.0,2000.0,3959.9609,110.0,0.0,13.333333,26.39974,2.931065,29,147,15,4,0E-8,0.01730863,,0E-8,0.000000,0.916288,0.000000,,2026-05-21,2026-07-03,21,737,411,44,0.477273,,,0.000000,,,,,,,,GLOBAL_BASELINE_NO_ENTITY_RANKING,,,NOT_APPLICABLE_GLOBAL_BASELINE,HF9g-P5,,,,X 全窗基线 · 不参与实体赏罚,15057435,1506,A168_HF9F_20260827_0900,2026-08-27 09:00:00
2026-05-24,150345145,2134,0,4001.0000000000,999.0000000000,999.0000000000,0.7500000,4,4,0.49324550000000000,0.493245500000,1.0271117246678039,1.0271117246678039,1.0271117246678039,0E-17,ELIGIBLE,R03b_20260811_FULL_v1,L1_ELIGIBILITY,v2026-08-11,2026-03-21..2026-08-06,baccarat_bet02_101_all_pairs_incl_sentinel,round_win = game_pnl > 0 (decisive only),COMPATIBILITY_ONLY_NOT_PRODUCTION,572437.0000,524517.0000,9908.1000,1302,1301,-0.01730863,,-0.01730863,-0.01730863,-9908.1000,572437.0000,OK,0.0000,396.3240,4.0000,96.0000,AG03-UNRESOLVED,ALL5_LEVELS_bet23_to_bet27,396.3240,396.3240,396.3240,396.3240,396.3240,4.000000,4.000000,4.000000,4.000000,4.000000,96.000000,96.000000,96.000000,96.000000,96.000000,5.0,1981.6200,1829.3058,7926.4800,8078.7942,PENDING_AG03,FALSE,NOT_FOR_ENFORCEMENT,9511.7760,503536.3200,9908.1000,9511.7760,396.3240,0.01730863,0.01661628,396.3240,9511.7760,0.01661628,396.3240,396.3240,396.3240,396.3240,396.3240,9511.7760,0.01661628,1981.6200,1829.3058,7926.4800,8078.7942,0.01384690,0.01411298,0.00069235,439.6598,403.1645,7.6158,471.8143,13.4438,27258.9048,61.9524,,439.6598,50.0,150.0,500.0,1000.0,2000.0,3959.9609,110.0,0.0,13.333333,26.39974,2.931065,29,147,15,4,0E-8,0.01730863,,0E-8,0.000000,0.916288,0.000000,,2026-05-21,2026-07-03,21,737,411,44,0.477273,,,0.000000,,,,,,,,GLOBAL_BASELINE_NO_ENTITY_RANKING,,,NOT_APPLICABLE_GLOBAL_BASELINE,HF9g-P5,,,,X 全窗基线 · 不参与实体赏罚,15057436,1506,A168_HF9F_20260827_0900,2026-08-27 09:00:00
2026-05-24,150345145,2141,0,605.0000000000,-0.5000000000,-0.5000000000,0.7500000,4,4,0.49659680000000000,0.496596800000,1.0136362796769356,1.0136362796769358,1.0136362796769356,0E-17,ELIGIBLE,R03b_20260811_FULL_v1,L1_ELIGIBILITY,v2026-08-11,2026-03-21..2026-08-06,baccarat_bet02_101_all_pairs_incl_sentinel,round_win = game_pnl > 0 (decisive only),COMPATIBILITY_ONLY_NOT_PRODUCTION,572437.0000,524517.0000,9908.1000,1302,1301,-0.01730863,,-0.01730863,-0.01730863,-9908.1000,572437.0000,OK,0.0000,396.3240,4.0000,96.0000,AG03-UNRESOLVED,ALL5_LEVELS_bet23_to_bet27,396.3240,396.3240,396.3240,396.3240,396.3240,4.000000,4.000000,4.000000,4.000000,4.000000,96.000000,96.000000,96.000000,96.000000,96.000000,5.0,1981.6200,1829.3058,7926.4800,8078.7942,PENDING_AG03,FALSE,NOT_FOR_ENFORCEMENT,9511.7760,503536.3200,9908.1000,9511.7760,396.3240,0.01730863,0.01661628,396.3240,9511.7760,0.01661628,396.3240,396.3240,396.3240,396.3240,396.3240,9511.7760,0.01661628,1981.6200,1829.3058,7926.4800,8078.7942,0.01384690,0.01411298,0.00069235,439.6598,403.1645,7.6158,471.8143,13.4438,27258.9048,61.9524,,439.6598,50.0,150.0,500.0,1000.0,2000.0,3959.9609,110.0,0.0,13.333333,26.39974,2.931065,29,147,15,4,0E-8,0.01730863,,0E-8,0.000000,0.916288,0.000000,,2026-05-21,2026-07-03,21,737,411,44,0.477273,,,0.000000,,,,,,,,GLOBAL_BASELINE_NO_ENTITY_RANKING,,,NOT_APPLICABLE_GLOBAL_BASELINE,HF9g-P5,,,,X 全窗基线 · 不参与实体赏罚,15057437,1506,A168_HF9F_20260827_0900,2026-08-27 09:00:00
2026-05-24,150345145,2152,0,310.0000000000,-310.0000000000,-310.0000000000,0E-7,2,2,0.49324550000000000,0.493245500000,-1.3952362676504506,-1.3952362676504506,-1.3952362676504506,0E-17,ELIGIBLE,R03b_20260811_FULL_v1,L1_ELIGIBILITY,v2026-08-11,2026-03-21..2026-08-06,baccarat_bet02_101_all_pairs_incl_sentinel,round_win = game_pnl > 0 (decisive only),COMPATIBILITY_ONLY_NOT_PRODUCTION,572437.0000,524517.0000,9908.1000,1302,1301,-0.01730863,,-0.01730863,-0.01730863,-9908.1000,572437.0000,OK,0.0000,396.3240,4.0000,96.0000,AG03-UNRESOLVED,ALL5_LEVELS_bet23_to_bet27,396.3240,396.3240,396.3240,396.3240,396.3240,4.000000,4.000000,4.000000,4.000000,4.000000,96.000000,96.000000,96.000000,96.000000,96.000000,5.0,1981.6200,1829.3058,7926.4800,8078.7942,PENDING_AG03,FALSE,NOT_FOR_ENFORCEMENT,9511.7760,503536.3200,9908.1000,9511.7760,396.3240,0.01730863,0.01661628,396.3240,9511.7760,0.01661628,396.3240,396.3240,396.3240,396.3240,396.3240,9511.7760,0.01661628,1981.6200,1829.3058,7926.4800,8078.7942,0.01384690,0.01411298,0.00069235,439.6598,403.1645,7.6158,471.8143,13.4438,27258.9048,61.9524,,439.6598,50.0,150.0,500.0,1000.0,2000.0,3959.9609,110.0,0.0,13.333333,26.39974,2.931065,29,147,15,4,0E-8,0.01730863,,0E-8,0.000000,0.916288,0.000000,,2026-05-21,2026-07-03,21,737,411,44,0.477273,,,0.000000,,,,,,,,GLOBAL_BASELINE_NO_ENTITY_RANKING,,,NOT_APPLICABLE_GLOBAL_BASELINE,HF9g-P5,,,,X 全窗基线 · 不参与实体赏罚,15057438,1506,A168_HF9F_20260827_0900,2026-08-27 09:00:00
2026-05-24,150345145,2167,0,900.0000000000,-900.0000000000,-900.0000000000,0E-7,1,1,0.49324550000000000,0.493245500000,-0.9865810262130424,-0.9865810262130424,-0.9865810262130424,0E-17,ELIGIBLE,R03b_20260811_FULL_v1,L1_ELIGIBILITY,v2026-08-11,2026-03-21..2026-08-06,baccarat_bet02_101_all_pairs_incl_sentinel,round_win = game_pnl > 0 (decisive only),COMPATIBILITY_ONLY_NOT_PRODUCTION,572437.0000,524517.0000,9908.1000,1302,1301,-0.01730863,,-0.01730863,-0.01730863,-9908.1000,572437.0000,OK,0.0000,396.3240,4.0000,96.0000,AG03-UNRESOLVED,ALL5_LEVELS_bet23_to_bet27,396.3240,396.3240,396.3240,396.3240,396.3240,4.000000,4.000000,4.000000,4.000000,4.000000,96.000000,96.000000,96.000000,96.000000,96.000000,5.0,1981.6200,1829.3058,7926.4800,8078.7942,PENDING_AG03,FALSE,NOT_FOR_ENFORCEMENT,9511.7760,503536.3200,9908.1000,9511.7760,396.3240,0.01730863,0.01661628,396.3240,9511.7760,0.01661628,396.3240,396.3240,396.3240,396.3240,396.3240,9511.7760,0.01661628,1981.6200,1829.3058,7926.4800,8078.7942,0.01384690,0.01411298,0.00069235,439.6598,403.1645,7.6158,471.8143,13.4438,27258.9048,61.9524,,439.6598,50.0,150.0,500.0,1000.0,2000.0,3959.9609,110.0,0.0,13.333333,26.39974,2.931065,29,147,15,4,0E-8,0.01730863,,0E-8,0.000000,0.916288,0.000000,,2026-05-21,2026-07-03,21,737,411,44,0.477273,,,0.000000,,,,,,,,GLOBAL_BASELINE_NO_ENTITY_RANKING,,,NOT_APPLICABLE_GLOBAL_BASELINE,HF9g-P5,,,,X 全窗基线 · 不参与实体赏罚,15057439,1506,A168_HF9F_20260827_0900,2026-08-27 09:00:00
2026-05-24,150345145,2170,0,5540.0000000000,-980.0000000000,-980.0000000000,0.5714286,7,7,0.49516052857142857,0.495160528571,0.40359145382014583,0.40359145382241707,0.40359145382014583,4.2857E-13,ELIGIBLE,R03b_20260811_FULL_v1,L1_ELIGIBILITY,v2026-08-11,2026-03-21..2026-08-06,baccarat_bet02_101_all_pairs_incl_sentinel,round_win = game_pnl > 0 (decisive only),COMPATIBILITY_ONLY_NOT_PRODUCTION,572437.0000,524517.0000,9908.1000,1302,1301,-0.01730863,,-0.01730863,-0.01730863,-9908.1000,572437.0000,OK,0.0000,396.3240,4.0000,96.0000,AG03-UNRESOLVED,ALL5_LEVELS_bet23_to_bet27,396.3240,396.3240,396.3240,396.3240,396.3240,4.000000,4.000000,4.000000,4.000000,4.000000,96.000000,96.000000,96.000000,96.000000,96.000000,5.0,1981.6200,1829.3058,7926.4800,8078.7942,PENDING_AG03,FALSE,NOT_FOR_ENFORCEMENT,9511.7760,503536.3200,9908.1000,9511.7760,396.3240,0.01730863,0.01661628,396.3240,9511.7760,0.01661628,396.3240,396.3240,396.3240,396.3240,396.3240,9511.7760,0.01661628,1981.6200,1829.3058,7926.4800,8078.7942,0.01384690,0.01411298,0.00069235,439.6598,403.1645,7.6158,471.8143,13.4438,27258.9048,61.9524,,439.6598,50.0,150.0,500.0,1000.0,2000.0,3959.9609,110.0,0.0,13.333333,26.39974,2.931065,29,147,15,4,0E-8,0.01730863,,0E-8,0.000000,0.916288,0.000000,,2026-05-21,2026-07-03,21,737,411,44,0.477273,,,0.000000,,,,,,,,GLOBAL_BASELINE_NO_ENTITY_RANKING,,,NOT_APPLICABLE_GLOBAL_BASELINE,HF9g-P5,,,,X 全窗基线 · 不参与实体赏罚,15057440,1506,A168_HF9F_20260827_0900,2026-08-27 09:00:00
2026-05-24,150345145,2171,0,3300.0000000000,300.0000000000,300.0000000000,0.5000000,4,4,0.49324550000000000,0.493245500000,0.027020465636507562,0.027020465636507562,0.027020465636507562,0E-17,ELIGIBLE,R03b_20260811_FULL_v1,L1_ELIGIBILITY,v2026-08-11,2026-03-21..2026-08-06,baccarat_bet02_101_all_pairs_incl_sentinel,round_win = game_pnl > 0 (decisive only),COMPATIBILITY_ONLY_NOT_PRODUCTION,572437.0000,524517.0000,9908.1000,1302,1301,-0.01730863,,-0.01730863,-0.01730863,-9908.1000,572437.0000,OK,0.0000,396.3240,4.0000,96.0000,AG03-UNRESOLVED,ALL5_LEVELS_bet23_to_bet27,396.3240,396.3240,396.3240,396.3240,396.3240,4.000000,4.000000,4.000000,4.000000,4.000000,96.000000,96.000000,96.000000,96.000000,96.000000,5.0,1981.6200,1829.3058,7926.4800,8078.7942,PENDING_AG03,FALSE,NOT_FOR_ENFORCEMENT,9511.7760,503536.3200,9908.1000,9511.7760,396.3240,0.01730863,0.01661628,396.3240,9511.7760,0.01661628,396.3240,396.3240,396.3240,396.3240,396.3240,9511.7760,0.01661628,1981.6200,1829.3058,7926.4800,8078.7942,0.01384690,0.01411298,0.00069235,439.6598,403.1645,7.6158,471.8143,13.4438,27258.9048,61.9524,,439.6598,50.0,150.0,500.0,1000.0,2000.0,3959.9609,110.0,0.0,13.333333,26.39974,2.931065,29,147,15,4,0E-8,0.01730863,,0E-8,0.000000,0.916288,0.000000,,2026-05-21,2026-07-03,21,737,411,44,0.477273,,,0.000000,,,,,,,,GLOBAL_BASELINE_NO_ENTITY_RANKING,,,NOT_APPLICABLE_GLOBAL_BASELINE,HF9g-P5,,,,X 全窗基线 · 不参与实体赏罚,15057441,1506,A168_HF9F_20260827_0900,2026-08-27 09:00:00
2026-05-24,150345145,2178,0,17.0000000000,-17.0000000000,-17.0000000000,0E-7,1,1,0.49324550000000000,0.493245500000,-0.9865810262130424,-0.9865810262130424,-0.9865810262130424,0E-17,ELIGIBLE,R03b_20260811_FULL_v1,L1_ELIGIBILITY,v2026-08-11,2026-03-21..2026-08-06,baccarat_bet02_101_all_pairs_incl_sentinel,round_win = game_pnl > 0 (decisive only),COMPATIBILITY_ONLY_NOT_PRODUCTION,572437.0000,524517.0000,9908.1000,1302,1301,-0.01730863,,-0.01730863,-0.01730863,-9908.1000,572437.0000,OK,0.0000,396.3240,4.0000,96.0000,AG03-UNRESOLVED,ALL5_LEVELS_bet23_to_bet27,396.3240,396.3240,396.3240,396.3240,396.3240,4.000000,4.000000,4.000000,4.000000,4.000000,96.000000,96.000000,96.000000,96.000000,96.000000,5.0,1981.6200,1829.3058,7926.4800,8078.7942,PENDING_AG03,FALSE,NOT_FOR_ENFORCEMENT,9511.7760,503536.3200,9908.1000,9511.7760,396.3240,0.01730863,0.01661628,396.3240,9511.7760,0.01661628,396.3240,396.3240,396.3240,396.3240,396.3240,9511.7760,0.01661628,1981.6200,1829.3058,7926.4800,8078.7942,0.01384690,0.01411298,0.00069235,439.6598,403.1645,7.6158,471.8143,13.4438,27258.9048,61.9524,,439.6598,50.0,150.0,500.0,1000.0,2000.0,3959.9609,110.0,0.0,13.333333,26.39974,2.931065,29,147,15,4,0E-8,0.01730863,,0E-8,0.000000,0.916288,0.000000,,2026-05-21,2026-07-03,21,737,411,44,0.477273,,,0.000000,,,,,,,,GLOBAL_BASELINE_NO_ENTITY_RANKING,,,NOT_APPLICABLE_GLOBAL_BASELINE,HF9g-P5,,,,X 全窗基线 · 不参与实体赏罚,15057442,1506,A168_HF9F_20260827_0900,2026-08-27 09:00:00
2026-05-24,150345145,2193,0,322.0000000000,0E-10,0E-10,,2,2,0.49324550000000000,0.493245500000,,,,0E-17,NO_DECISIVE_ROUND,R03b_20260811_FULL_v1,L1_ELIGIBILITY,v2026-08-11,2026-03-21..2026-08-06,baccarat_bet02_101_all_pairs_incl_sentinel,round_win = game_pnl > 0 (decisive only),COMPATIBILITY_ONLY_NOT_PRODUCTION,572437.0000,524517.0000,9908.1000,1302,1301,-0.01730863,,-0.01730863,-0.01730863,-9908.1000,572437.0000,OK,0.0000,396.3240,4.0000,96.0000,AG03-UNRESOLVED,ALL5_LEVELS_bet23_to_bet27,396.3240,396.3240,396.3240,396.3240,396.3240,4.000000,4.000000,4.000000,4.000000,4.000000,96.000000,96.000000,96.000000,96.000000,96.000000,5.0,1981.6200,1829.3058,7926.4800,8078.7942,PENDING_AG03,FALSE,NOT_FOR_ENFORCEMENT,9511.7760,503536.3200,9908.1000,9511.7760,396.3240,0.01730863,0.01661628,396.3240,9511.7760,0.01661628,396.3240,396.3240,396.3240,396.3240,396.3240,9511.7760,0.01661628,1981.6200,1829.3058,7926.4800,8078.7942,0.01384690,0.01411298,0.00069235,439.6598,403.1645,7.6158,471.8143,13.4438,27258.9048,61.9524,,439.6598,50.0,150.0,500.0,1000.0,2000.0,3959.9609,110.0,0.0,13.333333,26.39974,2.931065,29,147,15,4,0E-8,0.01730863,,0E-8,0.000000,0.916288,0.000000,,2026-05-21,2026-07-03,21,737,411,44,0.477273,,,0.000000,,,,,,,,GLOBAL_BASELINE_NO_ENTITY_RANKING,,,NOT_APPLICABLE_GLOBAL_BASELINE,HF9g-P5,,,,X 全窗基线 · 不参与实体赏罚,15057443,1506,A168_HF9F_20260827_0900,2026-08-27 09:00:00
2026-05-24,150345145,2205,0,11000.0000000000,-5000.0000000000,-5000.0000000000,0.5000000,2,2,0.49324550000000000,0.493245500000,0.01910635448239258,0.01910635448239258,0.01910635448239258,0E-17,ELIGIBLE,R03b_20260811_FULL_v1,L1_ELIGIBILITY,v2026-08-11,2026-03-21..2026-08-06,baccarat_bet02_101_all_pairs_incl_sentinel,round_win = game_pnl > 0 (decisive only),COMPATIBILITY_ONLY_NOT_PRODUCTION,572437.0000,524517.0000,9908.1000,1302,1301,-0.01730863,,-0.01730863,-0.01730863,-9908.1000,572437.0000,OK,0.0000,396.3240,4.0000,96.0000,AG03-UNRESOLVED,ALL5_LEVELS_bet23_to_bet27,396.3240,396.3240,396.3240,396.3240,396.3240,4.000000,4.000000,4.000000,4.000000,4.000000,96.000000,96.000000,96.000000,96.000000,96.000000,5.0,1981.6200,1829.3058,7926.4800,8078.7942,PENDING_AG03,FALSE,NOT_FOR_ENFORCEMENT,9511.7760,503536.3200,9908.1000,9511.7760,396.3240,0.01730863,0.01661628,396.3240,9511.7760,0.01661628,396.3240,396.3240,396.3240,396.3240,396.3240,9511.7760,0.01661628,1981.6200,1829.3058,7926.4800,8078.7942,0.01384690,0.01411298,0.00069235,439.6598,403.1645,7.6158,471.8143,13.4438,27258.9048,61.9524,,439.6598,50.0,150.0,500.0,1000.0,2000.0,3959.9609,110.0,0.0,13.333333,26.39974,2.931065,29,147,15,4,0E-8,0.01730863,,0E-8,0.000000,0.916288,0.000000,,2026-05-21,2026-07-03,21,737,411,44,0.477273,,,0.000000,,,,,,,,GLOBAL_BASELINE_NO_ENTITY_RANKING,,,NOT_APPLICABLE_GLOBAL_BASELINE,HF9g-P5,,,,X 全窗基线 · 不参与实体赏罚,15057444,1506,A168_HF9F_20260827_0900,2026-08-27 09:00:00
2026-05-24,150345145,2216,0,797.0000000000,217.0000000000,217.0000000000,0.7500000,4,4,0.49324550000000000,0.493245500000,1.0271117246678039,1.0271117246678039,1.0271117246678039,0E-17,ELIGIBLE,R03b_20260811_FULL_v1,L1_ELIGIBILITY,v2026-08-11,2026-03-21..2026-08-06,baccarat_bet02_101_all_pairs_incl_sentinel,round_win = game_pnl > 0 (decisive only),COMPATIBILITY_ONLY_NOT_PRODUCTION,572437.0000,524517.0000,9908.1000,1302,1301,-0.01730863,,-0.01730863,-0.01730863,-9908.1000,572437.0000,OK,0.0000,396.3240,4.0000,96.0000,AG03-UNRESOLVED,ALL5_LEVELS_bet23_to_bet27,396.3240,396.3240,396.3240,396.3240,396.3240,4.000000,4.000000,4.000000,4.000000,4.000000,96.000000,96.000000,96.000000,96.000000,96.000000,5.0,1981.6200,1829.3058,7926.4800,8078.7942,PENDING_AG03,FALSE,NOT_FOR_ENFORCEMENT,9511.7760,503536.3200,9908.1000,9511.7760,396.3240,0.01730863,0.01661628,396.3240,9511.7760,0.01661628,396.3240,396.3240,396.3240,396.3240,396.3240,9511.7760,0.01661628,1981.6200,1829.3058,7926.4800,8078.7942,0.01384690,0.01411298,0.00069235,439.6598,403.1645,7.6158,471.8143,13.4438,27258.9048,61.9524,,439.6598,50.0,150.0,500.0,1000.0,2000.0,3959.9609,110.0,0.0,13.333333,26.39974,2.931065,29,147,15,4,0E-8,0.01730863,,0E-8,0.000000,0.916288,0.000000,,2026-05-21,2026-07-03,21,737,411,44,0.477273,,,0.000000,,,,,,,,GLOBAL_BASELINE_NO_ENTITY_RANKING,,,NOT_APPLICABLE_GLOBAL_BASELINE,HF9g-P5,,,,X 全窗基线 · 不参与实体赏罚,15057445,1506,A168_HF9F_20260827_0900,2026-08-27 09:00:00
2026-05-24,150345145,2218,0,500.0000000000,0E-10,0E-10,,1,1,0.49324550000000000,0.493245500000,,,,0E-17,NO_DECISIVE_ROUND,R03b_20260811_FULL_v1,L1_ELIGIBILITY,v2026-08-11,2026-03-21..2026-08-06,baccarat_bet02_101_all_pairs_incl_sentinel,round_win = game_pnl > 0 (decisive only),COMPATIBILITY_ONLY_NOT_PRODUCTION,572437.0000,524517.0000,9908.1000,1302,1301,-0.01730863,,-0.01730863,-0.01730863,-9908.1000,572437.0000,OK,0.0000,396.3240,4.0000,96.0000,AG03-UNRESOLVED,ALL5_LEVELS_bet23_to_bet27,396.3240,396.3240,396.3240,396.3240,396.3240,4.000000,4.000000,4.000000,4.000000,4.000000,96.000000,96.000000,96.000000,96.000000,96.000000,5.0,1981.6200,1829.3058,7926.4800,8078.7942,PENDING_AG03,FALSE,NOT_FOR_ENFORCEMENT,9511.7760,503536.3200,9908.1000,9511.7760,396.3240,0.01730863,0.01661628,396.3240,9511.7760,0.01661628,396.3240,396.3240,396.3240,396.3240,396.3240,9511.7760,0.01661628,1981.6200,1829.3058,7926.4800,8078.7942,0.01384690,0.01411298,0.00069235,439.6598,403.1645,7.6158,471.8143,13.4438,27258.9048,61.9524,,439.6598,50.0,150.0,500.0,1000.0,2000.0,3959.9609,110.0,0.0,13.333333,26.39974,2.931065,29,147,15,4,0E-8,0.01730863,,0E-8,0.000000,0.916288,0.000000,,2026-05-21,2026-07-03,21,737,411,44,0.477273,,,0.000000,,,,,,,,GLOBAL_BASELINE_NO_ENTITY_RANKING,,,NOT_APPLICABLE_GLOBAL_BASELINE,HF9g-P5,,,,X 全窗基线 · 不参与实体赏罚,15057446,1506,A168_HF9F_20260827_0900,2026-08-27 09:00:00
2026-05-24,150345145,2220,0,200.0000000000,-200.0000000000,-200.0000000000,0E-7,1,1,0.50665070000000000,0.506650700000,-1.013391052207602,-1.013391052207602,-1.013391052207602,0E-17,ELIGIBLE,R03b_20260811_FULL_v1,L1_ELIGIBILITY,v2026-08-11,2026-03-21..2026-08-06,baccarat_bet02_101_all_pairs_incl_sentinel,round_win = game_pnl > 0 (decisive only),COMPATIBILITY_ONLY_NOT_PRODUCTION,572437.0000,524517.0000,9908.1000,1302,1301,-0.01730863,,-0.01730863,-0.01730863,-9908.1000,572437.0000,OK,0.0000,396.3240,4.0000,96.0000,AG03-UNRESOLVED,ALL5_LEVELS_bet23_to_bet27,396.3240,396.3240,396.3240,396.3240,396.3240,4.000000,4.000000,4.000000,4.000000,4.000000,96.000000,96.000000,96.000000,96.000000,96.000000,5.0,1981.6200,1829.3058,7926.4800,8078.7942,PENDING_AG03,FALSE,NOT_FOR_ENFORCEMENT,9511.7760,503536.3200,9908.1000,9511.7760,396.3240,0.01730863,0.01661628,396.3240,9511.7760,0.01661628,396.3240,396.3240,396.3240,396.3240,396.3240,9511.7760,0.01661628,1981.6200,1829.3058,7926.4800,8078.7942,0.01384690,0.01411298,0.00069235,439.6598,403.1645,7.6158,471.8143,13.4438,27258.9048,61.9524,,439.6598,50.0,150.0,500.0,1000.0,2000.0,3959.9609,110.0,0.0,13.333333,26.39974,2.931065,29,147,15,4,0E-8,0.01730863,,0E-8,0.000000,0.916288,0.000000,,2026-05-21,2026-07-03,21,737,411,44,0.477273,,,0.000000,,,,,,,,GLOBAL_BASELINE_NO_ENTITY_RANKING,,,NOT_APPLICABLE_GLOBAL_BASELINE,HF9g-P5,,,,X 全窗基线 · 不参与实体赏罚,15057447,1506,A168_HF9F_20260827_0900,2026-08-27 09:00:00
2026-05-24,150345145,2223,0,100.0000000000,100.0000000000,100.0000000000,1.0000000,1,1,0.49324550000000000,0.493245500000,1.01360149184955,1.01360149184955,1.01360149184955,0E-17,ELIGIBLE,R03b_20260811_FULL_v1,L1_ELIGIBILITY,v2026-08-11,2026-03-21..2026-08-06,baccarat_bet02_101_all_pairs_incl_sentinel,round_win = game_pnl > 0 (decisive only),COMPATIBILITY_ONLY_NOT_PRODUCTION,572437.0000,524517.0000,9908.1000,1302,1301,-0.01730863,,-0.01730863,-0.01730863,-9908.1000,572437.0000,OK,0.0000,396.3240,4.0000,96.0000,AG03-UNRESOLVED,ALL5_LEVELS_bet23_to_bet27,396.3240,396.3240,396.3240,396.3240,396.3240,4.000000,4.000000,4.000000,4.000000,4.000000,96.000000,96.000000,96.000000,96.000000,96.000000,5.0,1981.6200,1829.3058,7926.4800,8078.7942,PENDING_AG03,FALSE,NOT_FOR_ENFORCEMENT,9511.7760,503536.3200,9908.1000,9511.7760,396.3240,0.01730863,0.01661628,396.3240,9511.7760,0.01661628,396.3240,396.3240,396.3240,396.3240,396.3240,9511.7760,0.01661628,1981.6200,1829.3058,7926.4800,8078.7942,0.01384690,0.01411298,0.00069235,439.6598,403.1645,7.6158,471.8143,13.4438,27258.9048,61.9524,,439.6598,50.0,150.0,500.0,1000.0,2000.0,3959.9609,110.0,0.0,13.333333,26.39974,2.931065,29,147,15,4,0E-8,0.01730863,,0E-8,0.000000,0.916288,0.000000,,2026-05-21,2026-07-03,21,737,411,44,0.477273,,,0.000000,,,,,,,,GLOBAL_BASELINE_NO_ENTITY_RANKING,,,NOT_APPLICABLE_GLOBAL_BASELINE,HF9g-P5,,,,X 全窗基线 · 不参与实体赏罚,15057448,1506,A168_HF9F_20260827_0900,2026-08-27 09:00:00
2026-05-24,150345145,2229,0,806.0000000000,-200.0000000000,-200.0000000000,0.5000000,2,2,0.49324550000000000,0.493245500000,0.01910635448239258,0.01910635448239258,0.01910635448239258,0E-17,ELIGIBLE,R03b_20260811_FULL_v1,L1_ELIGIBILITY,v2026-08-11,2026-03-21..2026-08-06,baccarat_bet02_101_all_pairs_incl_sentinel,round_win = game_pnl > 0 (decisive only),COMPATIBILITY_ONLY_NOT_PRODUCTION,572437.0000,524517.0000,9908.1000,1302,1301,-0.01730863,,-0.01730863,-0.01730863,-9908.1000,572437.0000,OK,0.0000,396.3240,4.0000,96.0000,AG03-UNRESOLVED,ALL5_LEVELS_bet23_to_bet27,396.3240,396.3240,396.3240,396.3240,396.3240,4.000000,4.000000,4.000000,4.000000,4.000000,96.000000,96.000000,96.000000,96.000000,96.000000,5.0,1981.6200,1829.3058,7926.4800,8078.7942,PENDING_AG03,FALSE,NOT_FOR_ENFORCEMENT,9511.7760,503536.3200,9908.1000,9511.7760,396.3240,0.01730863,0.01661628,396.3240,9511.7760,0.01661628,396.3240,396.3240,396.3240,396.3240,396.3240,9511.7760,0.01661628,1981.6200,1829.3058,7926.4800,8078.7942,0.01384690,0.01411298,0.00069235,439.6598,403.1645,7.6158,471.8143,13.4438,27258.9048,61.9524,,439.6598,50.0,150.0,500.0,1000.0,2000.0,3959.9609,110.0,0.0,13.333333,26.39974,2.931065,29,147,15,4,0E-8,0.01730863,,0E-8,0.000000,0.916288,0.000000,,2026-05-21,2026-07-03,21,737,411,44,0.477273,,,0.000000,,,,,,,,GLOBAL_BASELINE_NO_ENTITY_RANKING,,,NOT_APPLICABLE_GLOBAL_BASELINE,HF9g-P5,,,,X 全窗基线 · 不参与实体赏罚,15057449,1506,A168_HF9F_20260827_0900,2026-08-27 09:00:00
2026-05-24,150345145,2233,0,53.0000000000,-53.0000000000,-53.0000000000,0E-7,1,1,0.49324550000000000,0.493245500000,-0.9865810262130424,-0.9865810262130424,-0.9865810262130424,0E-17,ELIGIBLE,R03b_20260811_FULL_v1,L1_ELIGIBILITY,v2026-08-11,2026-03-21..2026-08-06,baccarat_bet02_101_all_pairs_incl_sentinel,round_win = game_pnl > 0 (decisive only),COMPATIBILITY_ONLY_NOT_PRODUCTION,572437.0000,524517.0000,9908.1000,1302,1301,-0.01730863,,-0.01730863,-0.01730863,-9908.1000,572437.0000,OK,0.0000,396.3240,4.0000,96.0000,AG03-UNRESOLVED,ALL5_LEVELS_bet23_to_bet27,396.3240,396.3240,396.3240,396.3240,396.3240,4.000000,4.000000,4.000000,4.000000,4.000000,96.000000,96.000000,96.000000,96.000000,96.000000,5.0,1981.6200,1829.3058,7926.4800,8078.7942,PENDING_AG03,FALSE,NOT_FOR_ENFORCEMENT,9511.7760,503536.3200,9908.1000,9511.7760,396.3240,0.01730863,0.01661628,396.3240,9511.7760,0.01661628,396.3240,396.3240,396.3240,396.3240,396.3240,9511.7760,0.01661628,1981.6200,1829.3058,7926.4800,8078.7942,0.01384690,0.01411298,0.00069235,439.6598,403.1645,7.6158,471.8143,13.4438,27258.9048,61.9524,,439.6598,50.0,150.0,500.0,1000.0,2000.0,3959.9609,110.0,0.0,13.333333,26.39974,2.931065,29,147,15,4,0E-8,0.01730863,,0E-8,0.000000,0.916288,0.000000,,2026-05-21,2026-07-03,21,737,411,44,0.477273,,,0.000000,,,,,,,,GLOBAL_BASELINE_NO_ENTITY_RANKING,,,NOT_APPLICABLE_GLOBAL_BASELINE,HF9g-P5,,,,X 全窗基线 · 不参与实体赏罚,15057450,1506,A168_HF9F_20260827_0900,2026-08-27 09:00:00
2026-05-24,150345145,2239,0,1707.0000000000,-1101.0000000000,-1101.0000000000,0.3333333,3,3,0.49324550000000000,0.493245500000,-0.5540025479526107,-0.5540025479526106,-0.5540025479526107,0E-17,ELIGIBLE,R03b_20260811_FULL_v1,L1_ELIGIBILITY,v2026-08-11,2026-03-21..2026-08-06,baccarat_bet02_101_all_pairs_incl_sentinel,round_win = game_pnl > 0 (decisive only),COMPATIBILITY_ONLY_NOT_PRODUCTION,572437.0000,524517.0000,9908.1000,1302,1301,-0.01730863,,-0.01730863,-0.01730863,-9908.1000,572437.0000,OK,0.0000,396.3240,4.0000,96.0000,AG03-UNRESOLVED,ALL5_LEVELS_bet23_to_bet27,396.3240,396.3240,396.3240,396.3240,396.3240,4.000000,4.000000,4.000000,4.000000,4.000000,96.000000,96.000000,96.000000,96.000000,96.000000,5.0,1981.6200,1829.3058,7926.4800,8078.7942,PENDING_AG03,FALSE,NOT_FOR_ENFORCEMENT,9511.7760,503536.3200,9908.1000,9511.7760,396.3240,0.01730863,0.01661628,396.3240,9511.7760,0.01661628,396.3240,396.3240,396.3240,396.3240,396.3240,9511.7760,0.01661628,1981.6200,1829.3058,7926.4800,8078.7942,0.01384690,0.01411298,0.00069235,439.6598,403.1645,7.6158,471.8143,13.4438,27258.9048,61.9524,,439.6598,50.0,150.0,500.0,1000.0,2000.0,3959.9609,110.0,0.0,13.333333,26.39974,2.931065,29,147,15,4,0E-8,0.01730863,,0E-8,0.000000,0.916288,0.000000,,2026-05-21,2026-07-03,21,737,411,44,0.477273,,,0.000000,,,,,,,,GLOBAL_BASELINE_NO_ENTITY_RANKING,,,NOT_APPLICABLE_GLOBAL_BASELINE,HF9g-P5,,,,X 全窗基线 · 不参与实体赏罚,15057451,1506,A168_HF9F_20260827_0900,2026-08-27 09:00:00
2026-05-24,150345145,2242,0,597.0000000000,-362.0000000000,-362.0000000000,0E-7,4,4,0.49659680000000000,0.496596800000,-1.4046203955403829,-1.4046203955403829,-1.4046203955403829,0E-17,ELIGIBLE,R03b_20260811_FULL_v1,L1_ELIGIBILITY,v2026-08-11,2026-03-21..2026-08-06,baccarat_bet02_101_all_pairs_incl_sentinel,round_win = game_pnl > 0 (decisive only),COMPATIBILITY_ONLY_NOT_PRODUCTION,572437.0000,524517.0000,9908.1000,1302,1301,-0.01730863,,-0.01730863,-0.01730863,-9908.1000,572437.0000,OK,0.0000,396.3240,4.0000,96.0000,AG03-UNRESOLVED,ALL5_LEVELS_bet23_to_bet27,396.3240,396.3240,396.3240,396.3240,396.3240,4.000000,4.000000,4.000000,4.000000,4.000000,96.000000,96.000000,96.000000,96.000000,96.000000,5.0,1981.6200,1829.3058,7926.4800,8078.7942,PENDING_AG03,FALSE,NOT_FOR_ENFORCEMENT,9511.7760,503536.3200,9908.1000,9511.7760,396.3240,0.01730863,0.01661628,396.3240,9511.7760,0.01661628,396.3240,396.3240,396.3240,396.3240,396.3240,9511.7760,0.01661628,1981.6200,1829.3058,7926.4800,8078.7942,0.01384690,0.01411298,0.00069235,439.6598,403.1645,7.6158,471.8143,13.4438,27258.9048,61.9524,,439.6598,50.0,150.0,500.0,1000.0,2000.0,3959.9609,110.0,0.0,13.333333,26.39974,2.931065,29,147,15,4,0E-8,0.01730863,,0E-8,0.000000,0.916288,0.000000,,2026-05-21,2026-07-03,21,737,411,44,0.477273,,,0.000000,,,,,,,,GLOBAL_BASELINE_NO_ENTITY_RANKING,,,NOT_APPLICABLE_GLOBAL_BASELINE,HF9g-P5,,,,X 全窗基线 · 不参与实体赏罚,15057452,1506,A168_HF9F_20260827_0900,2026-08-27 09:00:00
2026-05-24,150345145,2256,0,702.0000000000,115.6500000000,115.6500000000,0.7142857,7,7,0.49707555714285714,0.497075557143,1.149387776212595,1.1493877762118374,1.149387776212595,-1.4286E-13,ELIGIBLE,R03b_20260811_FULL_v1,L1_ELIGIBILITY,v2026-08-11,2026-03-21..2026-08-06,baccarat_bet02_101_all_pairs_incl_sentinel,round_win = game_pnl > 0 (decisive only),COMPATIBILITY_ONLY_NOT_PRODUCTION,572437.0000,524517.0000,9908.1000,1302,1301,-0.01730863,,-0.01730863,-0.01730863,-9908.1000,572437.0000,OK,0.0000,396.3240,4.0000,96.0000,AG03-UNRESOLVED,ALL5_LEVELS_bet23_to_bet27,396.3240,396.3240,396.3240,396.3240,396.3240,4.000000,4.000000,4.000000,4.000000,4.000000,96.000000,96.000000,96.000000,96.000000,96.000000,5.0,1981.6200,1829.3058,7926.4800,8078.7942,PENDING_AG03,FALSE,NOT_FOR_ENFORCEMENT,9511.7760,503536.3200,9908.1000,9511.7760,396.3240,0.01730863,0.01661628,396.3240,9511.7760,0.01661628,396.3240,396.3240,396.3240,396.3240,396.3240,9511.7760,0.01661628,1981.6200,1829.3058,7926.4800,8078.7942,0.01384690,0.01411298,0.00069235,439.6598,403.1645,7.6158,471.8143,13.4438,27258.9048,61.9524,,439.6598,50.0,150.0,500.0,1000.0,2000.0,3959.9609,110.0,0.0,13.333333,26.39974,2.931065,29,147,15,4,0E-8,0.01730863,,0E-8,0.000000,0.916288,0.000000,,2026-05-21,2026-07-03,21,737,411,44,0.477273,,,0.000000,,,,,,,,GLOBAL_BASELINE_NO_ENTITY_RANKING,,,NOT_APPLICABLE_GLOBAL_BASELINE,HF9g-P5,,,,X 全窗基线 · 不参与实体赏罚,15057453,1506,A168_HF9F_20260827_0900,2026-08-27 09:00:00
2026-05-24,150345145,2258,0,750.0000000000,750.0000000000,750.0000000000,1.0000000,3,3,0.49324550000000000,0.493245500000,1.755609282511032,1.7556092825110319,1.755609282511032,0E-17,ELIGIBLE,R03b_20260811_FULL_v1,L1_ELIGIBILITY,v2026-08-11,2026-03-21..2026-08-06,baccarat_bet02_101_all_pairs_incl_sentinel,round_win = game_pnl > 0 (decisive only),COMPATIBILITY_ONLY_NOT_PRODUCTION,572437.0000,524517.0000,9908.1000,1302,1301,-0.01730863,,-0.01730863,-0.01730863,-9908.1000,572437.0000,OK,0.0000,396.3240,4.0000,96.0000,AG03-UNRESOLVED,ALL5_LEVELS_bet23_to_bet27,396.3240,396.3240,396.3240,396.3240,396.3240,4.000000,4.000000,4.000000,4.000000,4.000000,96.000000,96.000000,96.000000,96.000000,96.000000,5.0,1981.6200,1829.3058,7926.4800,8078.7942,PENDING_AG03,FALSE,NOT_FOR_ENFORCEMENT,9511.7760,503536.3200,9908.1000,9511.7760,396.3240,0.01730863,0.01661628,396.3240,9511.7760,0.01661628,396.3240,396.3240,396.3240,396.3240,396.3240,9511.7760,0.01661628,1981.6200,1829.3058,7926.4800,8078.7942,0.01384690,0.01411298,0.00069235,439.6598,403.1645,7.6158,471.8143,13.4438,27258.9048,61.9524,,439.6598,50.0,150.0,500.0,1000.0,2000.0,3959.9609,110.0,0.0,13.333333,26.39974,2.931065,29,147,15,4,0E-8,0.01730863,,0E-8,0.000000,0.916288,0.000000,,2026-05-21,2026-07-03,21,737,411,44,0.477273,,,0.000000,,,,,,,,GLOBAL_BASELINE_NO_ENTITY_RANKING,,,NOT_APPLICABLE_GLOBAL_BASELINE,HF9g-P5,,,,X 全窗基线 · 不参与实体赏罚,15057454,1506,A168_HF9F_20260827_0900,2026-08-27 09:00:00
2026-05-24,150345145,2271,0,2768.0000000000,2575.2000000000,2575.2000000000,0.8750000,8,8,0.49659680000000000,0.496596800000,2.1406213348847456,2.140621334884746,2.1406213348847456,0E-17,ELIGIBLE,R03b_20260811_FULL_v1,L1_ELIGIBILITY,v2026-08-11,2026-03-21..2026-08-06,baccarat_bet02_101_all_pairs_incl_sentinel,round_win = game_pnl > 0 (decisive only),COMPATIBILITY_ONLY_NOT_PRODUCTION,572437.0000,524517.0000,9908.1000,1302,1301,-0.01730863,,-0.01730863,-0.01730863,-9908.1000,572437.0000,OK,0.0000,396.3240,4.0000,96.0000,AG03-UNRESOLVED,ALL5_LEVELS_bet23_to_bet27,396.3240,396.3240,396.3240,396.3240,396.3240,4.000000,4.000000,4.000000,4.000000,4.000000,96.000000,96.000000,96.000000,96.000000,96.000000,5.0,1981.6200,1829.3058,7926.4800,8078.7942,PENDING_AG03,FALSE,NOT_FOR_ENFORCEMENT,9511.7760,503536.3200,9908.1000,9511.7760,396.3240,0.01730863,0.01661628,396.3240,9511.7760,0.01661628,396.3240,396.3240,396.3240,396.3240,396.3240,9511.7760,0.01661628,1981.6200,1829.3058,7926.4800,8078.7942,0.01384690,0.01411298,0.00069235,439.6598,403.1645,7.6158,471.8143,13.4438,27258.9048,61.9524,,439.6598,50.0,150.0,500.0,1000.0,2000.0,3959.9609,110.0,0.0,13.333333,26.39974,2.931065,29,147,15,4,0E-8,0.01730863,,0E-8,0.000000,0.916288,0.000000,,2026-05-21,2026-07-03,21,737,411,44,0.477273,,,0.000000,,,,,,,,GLOBAL_BASELINE_NO_ENTITY_RANKING,,,NOT_APPLICABLE_GLOBAL_BASELINE,HF9g-P5,,,,X 全窗基线 · 不参与实体赏罚,15057455,1506,A168_HF9F_20260827_0900,2026-08-27 09:00:00
2026-05-24,150345145,462,0,500.0000000000,-500.0000000000,-500.0000000000,0E-7,1,1,0.49324550000000000,0.493245500000,-0.9865810262130424,-0.9865810262130424,-0.9865810262130424,0E-17,ELIGIBLE,R03b_20260811_FULL_v1,L1_ELIGIBILITY,v2026-08-11,2026-03-21..2026-08-06,baccarat_bet02_101_all_pairs_incl_sentinel,round_win = game_pnl > 0 (decisive only),COMPATIBILITY_ONLY_NOT_PRODUCTION,572437.0000,524517.0000,9908.1000,1302,1301,-0.01730863,,-0.01730863,-0.01730863,-9908.1000,572437.0000,OK,0.0000,396.3240,4.0000,96.0000,AG03-UNRESOLVED,ALL5_LEVELS_bet23_to_bet27,396.3240,396.3240,396.3240,396.3240,396.3240,4.000000,4.000000,4.000000,4.000000,4.000000,96.000000,96.000000,96.000000,96.000000,96.000000,5.0,1981.6200,1829.3058,7926.4800,8078.7942,PENDING_AG03,FALSE,NOT_FOR_ENFORCEMENT,9511.7760,503536.3200,9908.1000,9511.7760,396.3240,0.01730863,0.01661628,396.3240,9511.7760,0.01661628,396.3240,396.3240,396.3240,396.3240,396.3240,9511.7760,0.01661628,1981.6200,1829.3058,7926.4800,8078.7942,0.01384690,0.01411298,0.00069235,439.6598,403.1645,7.6158,471.8143,13.4438,27258.9048,61.9524,,439.6598,50.0,150.0,500.0,1000.0,2000.0,3959.9609,110.0,0.0,13.333333,26.39974,2.931065,29,147,15,4,0E-8,0.01730863,,0E-8,0.000000,0.916288,0.000000,,2026-05-21,2026-07-03,21,737,411,44,0.477273,,,0.000000,,,,,,,,GLOBAL_BASELINE_NO_ENTITY_RANKING,,,NOT_APPLICABLE_GLOBAL_BASELINE,HF9g-P5,,,,X 全窗基线 · 不参与实体赏罚,15057456,1506,A168_HF9F_20260827_0900,2026-08-27 09:00:00
2026-05-24,150345145,529,0,18.0000000000,17.1000000000,17.1000000000,1.0000000,1,1,0.50665070000000000,0.506650700000,0.9867858985152569,0.9867858985152569,0.9867858985152569,0E-17,ELIGIBLE,R03b_20260811_FULL_v1,L1_ELIGIBILITY,v2026-08-11,2026-03-21..2026-08-06,baccarat_bet02_101_all_pairs_incl_sentinel,round_win = game_pnl > 0 (decisive only),COMPATIBILITY_ONLY_NOT_PRODUCTION,572437.0000,524517.0000,9908.1000,1302,1301,-0.01730863,,-0.01730863,-0.01730863,-9908.1000,572437.0000,OK,0.0000,396.3240,4.0000,96.0000,AG03-UNRESOLVED,ALL5_LEVELS_bet23_to_bet27,396.3240,396.3240,396.3240,396.3240,396.3240,4.000000,4.000000,4.000000,4.000000,4.000000,96.000000,96.000000,96.000000,96.000000,96.000000,5.0,1981.6200,1829.3058,7926.4800,8078.7942,PENDING_AG03,FALSE,NOT_FOR_ENFORCEMENT,9511.7760,503536.3200,9908.1000,9511.7760,396.3240,0.01730863,0.01661628,396.3240,9511.7760,0.01661628,396.3240,396.3240,396.3240,396.3240,396.3240,9511.7760,0.01661628,1981.6200,1829.3058,7926.4800,8078.7942,0.01384690,0.01411298,0.00069235,439.6598,403.1645,7.6158,471.8143,13.4438,27258.9048,61.9524,,439.6598,50.0,150.0,500.0,1000.0,2000.0,3959.9609,110.0,0.0,13.333333,26.39974,2.931065,29,147,15,4,0E-8,0.01730863,,0E-8,0.000000,0.916288,0.000000,,2026-05-21,2026-07-03,21,737,411,44,0.477273,,,0.000000,,,,,,,,GLOBAL_BASELINE_NO_ENTITY_RANKING,,,NOT_APPLICABLE_GLOBAL_BASELINE,HF9g-P5,,,,X 全窗基线 · 不参与实体赏罚,15057457,1506,A168_HF9F_20260827_0900,2026-08-27 09:00:00
2026-05-24,150345145,583,0,695.0000000000,90.0000000000,90.0000000000,0.6666667,4,4,0.49324550000000000,0.493245500000,0.6008033672792107,0.6008033672792106,0.6008033672792107,0E-17,ELIGIBLE,R03b_20260811_FULL_v1,L1_ELIGIBILITY,v2026-08-11,2026-03-21..2026-08-06,baccarat_bet02_101_all_pairs_incl_sentinel,round_win = game_pnl > 0 (decisive only),COMPATIBILITY_ONLY_NOT_PRODUCTION,572437.0000,524517.0000,9908.1000,1302,1301,-0.01730863,,-0.01730863,-0.01730863,-9908.1000,572437.0000,OK,0.0000,396.3240,4.0000,96.0000,AG03-UNRESOLVED,ALL5_LEVELS_bet23_to_bet27,396.3240,396.3240,396.3240,396.3240,396.3240,4.000000,4.000000,4.000000,4.000000,4.000000,96.000000,96.000000,96.000000,96.000000,96.000000,5.0,1981.6200,1829.3058,7926.4800,8078.7942,PENDING_AG03,FALSE,NOT_FOR_ENFORCEMENT,9511.7760,503536.3200,9908.1000,9511.7760,396.3240,0.01730863,0.01661628,396.3240,9511.7760,0.01661628,396.3240,396.3240,396.3240,396.3240,396.3240,9511.7760,0.01661628,1981.6200,1829.3058,7926.4800,8078.7942,0.01384690,0.01411298,0.00069235,439.6598,403.1645,7.6158,471.8143,13.4438,27258.9048,61.9524,,439.6598,50.0,150.0,500.0,1000.0,2000.0,3959.9609,110.0,0.0,13.333333,26.39974,2.931065,29,147,15,4,0E-8,0.01730863,,0E-8,0.000000,0.916288,0.000000,,2026-05-21,2026-07-03,21,737,411,44,0.477273,,,0.000000,,,,,,,,GLOBAL_BASELINE_NO_ENTITY_RANKING,,,NOT_APPLICABLE_GLOBAL_BASELINE,HF9g-P5,,,,X 全窗基线 · 不参与实体赏罚,15057458,1506,A168_HF9F_20260827_0900,2026-08-27 09:00:00
2026-05-24,150345145,595,0,200.0000000000,200.0000000000,200.0000000000,1.0000000,1,1,0.49324550000000000,0.493245500000,1.01360149184955,1.01360149184955,1.01360149184955,0E-17,ELIGIBLE,R03b_20260811_FULL_v1,L1_ELIGIBILITY,v2026-08-11,2026-03-21..2026-08-06,baccarat_bet02_101_all_pairs_incl_sentinel,round_win = game_pnl > 0 (decisive only),COMPATIBILITY_ONLY_NOT_PRODUCTION,572437.0000,524517.0000,9908.1000,1302,1301,-0.01730863,,-0.01730863,-0.01730863,-9908.1000,572437.0000,OK,0.0000,396.3240,4.0000,96.0000,AG03-UNRESOLVED,ALL5_LEVELS_bet23_to_bet27,396.3240,396.3240,396.3240,396.3240,396.3240,4.000000,4.000000,4.000000,4.000000,4.000000,96.000000,96.000000,96.000000,96.000000,96.000000,5.0,1981.6200,1829.3058,7926.4800,8078.7942,PENDING_AG03,FALSE,NOT_FOR_ENFORCEMENT,9511.7760,503536.3200,9908.1000,9511.7760,396.3240,0.01730863,0.01661628,396.3240,9511.7760,0.01661628,396.3240,396.3240,396.3240,396.3240,396.3240,9511.7760,0.01661628,1981.6200,1829.3058,7926.4800,8078.7942,0.01384690,0.01411298,0.00069235,439.6598,403.1645,7.6158,471.8143,13.4438,27258.9048,61.9524,,439.6598,50.0,150.0,500.0,1000.0,2000.0,3959.9609,110.0,0.0,13.333333,26.39974,2.931065,29,147,15,4,0E-8,0.01730863,,0E-8,0.000000,0.916288,0.000000,,2026-05-21,2026-07-03,21,737,411,44,0.477273,,,0.000000,,,,,,,,GLOBAL_BASELINE_NO_ENTITY_RANKING,,,NOT_APPLICABLE_GLOBAL_BASELINE,HF9g-P5,,,,X 全窗基线 · 不参与实体赏罚,15057459,1506,A168_HF9F_20260827_0900,2026-08-27 09:00:00
2026-05-24,150345145,919,0,800.0000000000,-200.0000000000,-200.0000000000,0.5000000,2,2,0.49324550000000000,0.493245500000,0.01910635448239258,0.01910635448239258,0.01910635448239258,0E-17,ELIGIBLE,R03b_20260811_FULL_v1,L1_ELIGIBILITY,v2026-08-11,2026-03-21..2026-08-06,baccarat_bet02_101_all_pairs_incl_sentinel,round_win = game_pnl > 0 (decisive only),COMPATIBILITY_ONLY_NOT_PRODUCTION,572437.0000,524517.0000,9908.1000,1302,1301,-0.01730863,,-0.01730863,-0.01730863,-9908.1000,572437.0000,OK,0.0000,396.3240,4.0000,96.0000,AG03-UNRESOLVED,ALL5_LEVELS_bet23_to_bet27,396.3240,396.3240,396.3240,396.3240,396.3240,4.000000,4.000000,4.000000,4.000000,4.000000,96.000000,96.000000,96.000000,96.000000,96.000000,5.0,1981.6200,1829.3058,7926.4800,8078.7942,PENDING_AG03,FALSE,NOT_FOR_ENFORCEMENT,9511.7760,503536.3200,9908.1000,9511.7760,396.3240,0.01730863,0.01661628,396.3240,9511.7760,0.01661628,396.3240,396.3240,396.3240,396.3240,396.3240,9511.7760,0.01661628,1981.6200,1829.3058,7926.4800,8078.7942,0.01384690,0.01411298,0.00069235,439.6598,403.1645,7.6158,471.8143,13.4438,27258.9048,61.9524,,439.6598,50.0,150.0,500.0,1000.0,2000.0,3959.9609,110.0,0.0,13.333333,26.39974,2.931065,29,147,15,4,0E-8,0.01730863,,0E-8,0.000000,0.916288,0.000000,,2026-05-21,2026-07-03,21,737,411,44,0.477273,,,0.000000,,,,,,,,GLOBAL_BASELINE_NO_ENTITY_RANKING,,,NOT_APPLICABLE_GLOBAL_BASELINE,HF9g-P5,,,,X 全窗基线 · 不参与实体赏罚,15057460,1506,A168_HF9F_20260827_0900,2026-08-27 09:00:00
2026-05-25,150345145,-1,1,11533.0000000000,-2888.7500000000,-2888.7500000000,0.4375000,53,53,0.48673565283018868,0.486735652830,-0.6824694115362931,-0.6824694115336848,-0.6824694115362931,1.8868E-13,SENTINEL_DEALER,R03b_20260811_FULL_v1,L1_ELIGIBILITY,v2026-08-11,2026-03-21..2026-08-06,baccarat_bet02_101_all_pairs_incl_sentinel,round_win = game_pnl > 0 (decisive only),COMPATIBILITY_ONLY_NOT_PRODUCTION,572437.0000,524517.0000,9908.1000,1302,1301,-0.01730863,,-0.01730863,-0.01730863,-9908.1000,572437.0000,OK,0.0000,396.3240,4.0000,96.0000,AG03-UNRESOLVED,ALL5_LEVELS_bet23_to_bet27,396.3240,396.3240,396.3240,396.3240,396.3240,4.000000,4.000000,4.000000,4.000000,4.000000,96.000000,96.000000,96.000000,96.000000,96.000000,5.0,1981.6200,1829.3058,7926.4800,8078.7942,PENDING_AG03,FALSE,NOT_FOR_ENFORCEMENT,9511.7760,503536.3200,9908.1000,9511.7760,396.3240,0.01730863,0.01661628,396.3240,9511.7760,0.01661628,396.3240,396.3240,396.3240,396.3240,396.3240,9511.7760,0.01661628,1981.6200,1829.3058,7926.4800,8078.7942,0.01384690,0.01411298,0.00069235,439.6598,403.1645,7.6158,471.8143,13.4438,27258.9048,61.9524,,439.6598,50.0,150.0,500.0,1000.0,2000.0,3959.9609,110.0,0.0,13.333333,26.39974,2.931065,29,147,15,4,0E-8,0.01730863,,0E-8,0.000000,0.916288,0.000000,,2026-05-21,2026-07-03,21,737,411,44,0.477273,,,0.000000,,,,,,,,GLOBAL_BASELINE_NO_ENTITY_RANKING,,,NOT_APPLICABLE_GLOBAL_BASELINE,HF9g-P5,,,,X 全窗基线 · 不参与实体赏罚,15057461,1506,A168_HF9F_20260827_0900,2026-08-27 09:00:00
2026-05-25,150345145,1109,0,477.0000000000,55.0000000000,55.0000000000,0.8000000,5,5,0.49324550000000000,0.493245500000,1.3719730223118614,1.3719730223118614,1.3719730223118614,0E-17,ELIGIBLE,R03b_20260811_FULL_v1,L1_ELIGIBILITY,v2026-08-11,2026-03-21..2026-08-06,baccarat_bet02_101_all_pairs_incl_sentinel,round_win = game_pnl > 0 (decisive only),COMPATIBILITY_ONLY_NOT_PRODUCTION,572437.0000,524517.0000,9908.1000,1302,1301,-0.01730863,,-0.01730863,-0.01730863,-9908.1000,572437.0000,OK,0.0000,396.3240,4.0000,96.0000,AG03-UNRESOLVED,ALL5_LEVELS_bet23_to_bet27,396.3240,396.3240,396.3240,396.3240,396.3240,4.000000,4.000000,4.000000,4.000000,4.000000,96.000000,96.000000,96.000000,96.000000,96.000000,5.0,1981.6200,1829.3058,7926.4800,8078.7942,PENDING_AG03,FALSE,NOT_FOR_ENFORCEMENT,9511.7760,503536.3200,9908.1000,9511.7760,396.3240,0.01730863,0.01661628,396.3240,9511.7760,0.01661628,396.3240,396.3240,396.3240,396.3240,396.3240,9511.7760,0.01661628,1981.6200,1829.3058,7926.4800,8078.7942,0.01384690,0.01411298,0.00069235,439.6598,403.1645,7.6158,471.8143,13.4438,27258.9048,61.9524,,439.6598,50.0,150.0,500.0,1000.0,2000.0,3959.9609,110.0,0.0,13.333333,26.39974,2.931065,29,147,15,4,0E-8,0.01730863,,0E-8,0.000000,0.916288,0.000000,,2026-05-21,2026-07-03,21,737,411,44,0.477273,,,0.000000,,,,,,,,GLOBAL_BASELINE_NO_ENTITY_RANKING,,,NOT_APPLICABLE_GLOBAL_BASELINE,HF9g-P5,,,,X 全窗基线 · 不参与实体赏罚,15057462,1506,A168_HF9F_20260827_0900,2026-08-27 09:00:00
2026-05-25,150345145,1323,0,26.0000000000,-26.0000000000,-26.0000000000,0E-7,1,1,0.49324550000000000,0.493245500000,-0.9865810262130424,-0.9865810262130424,-0.9865810262130424,0E-17,ELIGIBLE,R03b_20260811_FULL_v1,L1_ELIGIBILITY,v2026-08-11,2026-03-21..2026-08-06,baccarat_bet02_101_all_pairs_incl_sentinel,round_win = game_pnl > 0 (decisive only),COMPATIBILITY_ONLY_NOT_PRODUCTION,572437.0000,524517.0000,9908.1000,1302,1301,-0.01730863,,-0.01730863,-0.01730863,-9908.1000,572437.0000,OK,0.0000,396.3240,4.0000,96.0000,AG03-UNRESOLVED,ALL5_LEVELS_bet23_to_bet27,396.3240,396.3240,396.3240,396.3240,396.3240,4.000000,4.000000,4.000000,4.000000,4.000000,96.000000,96.000000,96.000000,96.000000,96.000000,5.0,1981.6200,1829.3058,7926.4800,8078.7942,PENDING_AG03,FALSE,NOT_FOR_ENFORCEMENT,9511.7760,503536.3200,9908.1000,9511.7760,396.3240,0.01730863,0.01661628,396.3240,9511.7760,0.01661628,396.3240,396.3240,396.3240,396.3240,396.3240,9511.7760,0.01661628,1981.6200,1829.3058,7926.4800,8078.7942,0.01384690,0.01411298,0.00069235,439.6598,403.1645,7.6158,471.8143,13.4438,27258.9048,61.9524,,439.6598,50.0,150.0,500.0,1000.0,2000.0,3959.9609,110.0,0.0,13.333333,26.39974,2.931065,29,147,15,4,0E-8,0.01730863,,0E-8,0.000000,0.916288,0.000000,,2026-05-21,2026-07-03,21,737,411,44,0.477273,,,0.000000,,,,,,,,GLOBAL_BASELINE_NO_ENTITY_RANKING,,,NOT_APPLICABLE_GLOBAL_BASELINE,HF9g-P5,,,,X 全窗基线 · 不参与实体赏罚,15057463,1506,A168_HF9F_20260827_0900,2026-08-27 09:00:00
2026-05-25,150345145,1384,0,9.0000000000,-9.0000000000,-9.0000000000,0E-7,1,1,0.49324550000000000,0.493245500000,-0.9865810262130424,-0.9865810262130424,-0.9865810262130424,0E-17,ELIGIBLE,R03b_20260811_FULL_v1,L1_ELIGIBILITY,v2026-08-11,2026-03-21..2026-08-06,baccarat_bet02_101_all_pairs_incl_sentinel,round_win = game_pnl > 0 (decisive only),COMPATIBILITY_ONLY_NOT_PRODUCTION,572437.0000,524517.0000,9908.1000,1302,1301,-0.01730863,,-0.01730863,-0.01730863,-9908.1000,572437.0000,OK,0.0000,396.3240,4.0000,96.0000,AG03-UNRESOLVED,ALL5_LEVELS_bet23_to_bet27,396.3240,396.3240,396.3240,396.3240,396.3240,4.000000,4.000000,4.000000,4.000000,4.000000,96.000000,96.000000,96.000000,96.000000,96.000000,5.0,1981.6200,1829.3058,7926.4800,8078.7942,PENDING_AG03,FALSE,NOT_FOR_ENFORCEMENT,9511.7760,503536.3200,9908.1000,9511.7760,396.3240,0.01730863,0.01661628,396.3240,9511.7760,0.01661628,396.3240,396.3240,396.3240,396.3240,396.3240,9511.7760,0.01661628,1981.6200,1829.3058,7926.4800,8078.7942,0.01384690,0.01411298,0.00069235,439.6598,403.1645,7.6158,471.8143,13.4438,27258.9048,61.9524,,439.6598,50.0,150.0,500.0,1000.0,2000.0,3959.9609,110.0,0.0,13.333333,26.39974,2.931065,29,147,15,4,0E-8,0.01730863,,0E-8,0.000000,0.916288,0.000000,,2026-05-21,2026-07-03,21,737,411,44,0.477273,,,0.000000,,,,,,,,GLOBAL_BASELINE_NO_ENTITY_RANKING,,,NOT_APPLICABLE_GLOBAL_BASELINE,HF9g-P5,,,,X 全窗基线 · 不参与实体赏罚,15057464,1506,A168_HF9F_20260827_0900,2026-08-27 09:00:00
2026-05-25,150345145,1385,0,1050.0000000000,250.0000000000,250.0000000000,0.6666667,3,3,0.49324550000000000,0.493245500000,0.6008033672792107,0.6008033672792106,0.6008033672792107,0E-17,ELIGIBLE,R03b_20260811_FULL_v1,L1_ELIGIBILITY,v2026-08-11,2026-03-21..2026-08-06,baccarat_bet02_101_all_pairs_incl_sentinel,round_win = game_pnl > 0 (decisive only),COMPATIBILITY_ONLY_NOT_PRODUCTION,572437.0000,524517.0000,9908.1000,1302,1301,-0.01730863,,-0.01730863,-0.01730863,-9908.1000,572437.0000,OK,0.0000,396.3240,4.0000,96.0000,AG03-UNRESOLVED,ALL5_LEVELS_bet23_to_bet27,396.3240,396.3240,396.3240,396.3240,396.3240,4.000000,4.000000,4.000000,4.000000,4.000000,96.000000,96.000000,96.000000,96.000000,96.000000,5.0,1981.6200,1829.3058,7926.4800,8078.7942,PENDING_AG03,FALSE,NOT_FOR_ENFORCEMENT,9511.7760,503536.3200,9908.1000,9511.7760,396.3240,0.01730863,0.01661628,396.3240,9511.7760,0.01661628,396.3240,396.3240,396.3240,396.3240,396.3240,9511.7760,0.01661628,1981.6200,1829.3058,7926.4800,8078.7942,0.01384690,0.01411298,0.00069235,439.6598,403.1645,7.6158,471.8143,13.4438,27258.9048,61.9524,,439.6598,50.0,150.0,500.0,1000.0,2000.0,3959.9609,110.0,0.0,13.333333,26.39974,2.931065,29,147,15,4,0E-8,0.01730863,,0E-8,0.000000,0.916288,0.000000,,2026-05-21,2026-07-03,21,737,411,44,0.477273,,,0.000000,,,,,,,,GLOBAL_BASELINE_NO_ENTITY_RANKING,,,NOT_APPLICABLE_GLOBAL_BASELINE,HF9g-P5,,,,X 全窗基线 · 不参与实体赏罚,15057465,1506,A168_HF9F_20260827_0900,2026-08-27 09:00:00
2026-05-25,150345145,1400,0,130.0000000000,130.0000000000,130.0000000000,1.0000000,1,1,0.49324550000000000,0.493245500000,1.01360149184955,1.01360149184955,1.01360149184955,0E-17,ELIGIBLE,R03b_20260811_FULL_v1,L1_ELIGIBILITY,v2026-08-11,2026-03-21..2026-08-06,baccarat_bet02_101_all_pairs_incl_sentinel,round_win = game_pnl > 0 (decisive only),COMPATIBILITY_ONLY_NOT_PRODUCTION,572437.0000,524517.0000,9908.1000,1302,1301,-0.01730863,,-0.01730863,-0.01730863,-9908.1000,572437.0000,OK,0.0000,396.3240,4.0000,96.0000,AG03-UNRESOLVED,ALL5_LEVELS_bet23_to_bet27,396.3240,396.3240,396.3240,396.3240,396.3240,4.000000,4.000000,4.000000,4.000000,4.000000,96.000000,96.000000,96.000000,96.000000,96.000000,5.0,1981.6200,1829.3058,7926.4800,8078.7942,PENDING_AG03,FALSE,NOT_FOR_ENFORCEMENT,9511.7760,503536.3200,9908.1000,9511.7760,396.3240,0.01730863,0.01661628,396.3240,9511.7760,0.01661628,396.3240,396.3240,396.3240,396.3240,396.3240,9511.7760,0.01661628,1981.6200,1829.3058,7926.4800,8078.7942,0.01384690,0.01411298,0.00069235,439.6598,403.1645,7.6158,471.8143,13.4438,27258.9048,61.9524,,439.6598,50.0,150.0,500.0,1000.0,2000.0,3959.9609,110.0,0.0,13.333333,26.39974,2.931065,29,147,15,4,0E-8,0.01730863,,0E-8,0.000000,0.916288,0.000000,,2026-05-21,2026-07-03,21,737,411,44,0.477273,,,0.000000,,,,,,,,GLOBAL_BASELINE_NO_ENTITY_RANKING,,,NOT_APPLICABLE_GLOBAL_BASELINE,HF9g-P5,,,,X 全窗基线 · 不参与实体赏罚,15057466,1506,A168_HF9F_20260827_0900,2026-08-27 09:00:00
2026-05-25,150345145,1402,0,350.0000000000,350.0000000000,350.0000000000,1.0000000,2,2,0.49324550000000000,0.493245500000,1.4334489766152358,1.4334489766152358,1.4334489766152358,0E-17,ELIGIBLE,R03b_20260811_FULL_v1,L1_ELIGIBILITY,v2026-08-11,2026-03-21..2026-08-06,baccarat_bet02_101_all_pairs_incl_sentinel,round_win = game_pnl > 0 (decisive only),COMPATIBILITY_ONLY_NOT_PRODUCTION,572437.0000,524517.0000,9908.1000,1302,1301,-0.01730863,,-0.01730863,-0.01730863,-9908.1000,572437.0000,OK,0.0000,396.3240,4.0000,96.0000,AG03-UNRESOLVED,ALL5_LEVELS_bet23_to_bet27,396.3240,396.3240,396.3240,396.3240,396.3240,4.000000,4.000000,4.000000,4.000000,4.000000,96.000000,96.000000,96.000000,96.000000,96.000000,5.0,1981.6200,1829.3058,7926.4800,8078.7942,PENDING_AG03,FALSE,NOT_FOR_ENFORCEMENT,9511.7760,503536.3200,9908.1000,9511.7760,396.3240,0.01730863,0.01661628,396.3240,9511.7760,0.01661628,396.3240,396.3240,396.3240,396.3240,396.3240,9511.7760,0.01661628,1981.6200,1829.3058,7926.4800,8078.7942,0.01384690,0.01411298,0.00069235,439.6598,403.1645,7.6158,471.8143,13.4438,27258.9048,61.9524,,439.6598,50.0,150.0,500.0,1000.0,2000.0,3959.9609,110.0,0.0,13.333333,26.39974,2.931065,29,147,15,4,0E-8,0.01730863,,0E-8,0.000000,0.916288,0.000000,,2026-05-21,2026-07-03,21,737,411,44,0.477273,,,0.000000,,,,,,,,GLOBAL_BASELINE_NO_ENTITY_RANKING,,,NOT_APPLICABLE_GLOBAL_BASELINE,HF9g-P5,,,,X 全窗基线 · 不参与实体赏罚,15057467,1506,A168_HF9F_20260827_0900,2026-08-27 09:00:00
2026-05-25,150345145,1704,0,40.0000000000,38.0000000000,38.0000000000,1.0000000,1,1,0.50665070000000000,0.506650700000,0.9867858985152569,0.9867858985152569,0.9867858985152569,0E-17,ELIGIBLE,R03b_20260811_FULL_v1,L1_ELIGIBILITY,v2026-08-11,2026-03-21..2026-08-06,baccarat_bet02_101_all_pairs_incl_sentinel,round_win = game_pnl > 0 (decisive only),COMPATIBILITY_ONLY_NOT_PRODUCTION,572437.0000,524517.0000,9908.1000,1302,1301,-0.01730863,,-0.01730863,-0.01730863,-9908.1000,572437.0000,OK,0.0000,396.3240,4.0000,96.0000,AG03-UNRESOLVED,ALL5_LEVELS_bet23_to_bet27,396.3240,396.3240,396.3240,396.3240,396.3240,4.000000,4.000000,4.000000,4.000000,4.000000,96.000000,96.000000,96.000000,96.000000,96.000000,5.0,1981.6200,1829.3058,7926.4800,8078.7942,PENDING_AG03,FALSE,NOT_FOR_ENFORCEMENT,9511.7760,503536.3200,9908.1000,9511.7760,396.3240,0.01730863,0.01661628,396.3240,9511.7760,0.01661628,396.3240,396.3240,396.3240,396.3240,396.3240,9511.7760,0.01661628,1981.6200,1829.3058,7926.4800,8078.7942,0.01384690,0.01411298,0.00069235,439.6598,403.1645,7.6158,471.8143,13.4438,27258.9048,61.9524,,439.6598,50.0,150.0,500.0,1000.0,2000.0,3959.9609,110.0,0.0,13.333333,26.39974,2.931065,29,147,15,4,0E-8,0.01730863,,0E-8,0.000000,0.916288,0.000000,,2026-05-21,2026-07-03,21,737,411,44,0.477273,,,0.000000,,,,,,,,GLOBAL_BASELINE_NO_ENTITY_RANKING,,,NOT_APPLICABLE_GLOBAL_BASELINE,HF9g-P5,,,,X 全窗基线 · 不参与实体赏罚,15057468,1506,A168_HF9F_20260827_0900,2026-08-27 09:00:00
2026-05-25,150345145,1941,0,300.0000000000,-300.0000000000,-300.0000000000,0E-7,1,1,0.49324550000000000,0.493245500000,-0.9865810262130424,-0.9865810262130424,-0.9865810262130424,0E-17,ELIGIBLE,R03b_20260811_FULL_v1,L1_ELIGIBILITY,v2026-08-11,2026-03-21..2026-08-06,baccarat_bet02_101_all_pairs_incl_sentinel,round_win = game_pnl > 0 (decisive only),COMPATIBILITY_ONLY_NOT_PRODUCTION,572437.0000,524517.0000,9908.1000,1302,1301,-0.01730863,,-0.01730863,-0.01730863,-9908.1000,572437.0000,OK,0.0000,396.3240,4.0000,96.0000,AG03-UNRESOLVED,ALL5_LEVELS_bet23_to_bet27,396.3240,396.3240,396.3240,396.3240,396.3240,4.000000,4.000000,4.000000,4.000000,4.000000,96.000000,96.000000,96.000000,96.000000,96.000000,5.0,1981.6200,1829.3058,7926.4800,8078.7942,PENDING_AG03,FALSE,NOT_FOR_ENFORCEMENT,9511.7760,503536.3200,9908.1000,9511.7760,396.3240,0.01730863,0.01661628,396.3240,9511.7760,0.01661628,396.3240,396.3240,396.3240,396.3240,396.3240,9511.7760,0.01661628,1981.6200,1829.3058,7926.4800,8078.7942,0.01384690,0.01411298,0.00069235,439.6598,403.1645,7.6158,471.8143,13.4438,27258.9048,61.9524,,439.6598,50.0,150.0,500.0,1000.0,2000.0,3959.9609,110.0,0.0,13.333333,26.39974,2.931065,29,147,15,4,0E-8,0.01730863,,0E-8,0.000000,0.916288,0.000000,,2026-05-21,2026-07-03,21,737,411,44,0.477273,,,0.000000,,,,,,,,GLOBAL_BASELINE_NO_ENTITY_RANKING,,,NOT_APPLICABLE_GLOBAL_BASELINE,HF9g-P5,,,,X 全窗基线 · 不参与实体赏罚,15057469,1506,A168_HF9F_20260827_0900,2026-08-27 09:00:00
2026-05-25,150345145,1963,0,63.0000000000,-4.5000000000,-4.5000000000,0.5000000,2,2,0.50665070000000000,0.506650700000,-0.018812684590367487,-0.018812684590367487,-0.018812684590367487,0E-17,ELIGIBLE,R03b_20260811_FULL_v1,L1_ELIGIBILITY,v2026-08-11,2026-03-21..2026-08-06,baccarat_bet02_101_all_pairs_incl_sentinel,round_win = game_pnl > 0 (decisive only),COMPATIBILITY_ONLY_NOT_PRODUCTION,572437.0000,524517.0000,9908.1000,1302,1301,-0.01730863,,-0.01730863,-0.01730863,-9908.1000,572437.0000,OK,0.0000,396.3240,4.0000,96.0000,AG03-UNRESOLVED,ALL5_LEVELS_bet23_to_bet27,396.3240,396.3240,396.3240,396.3240,396.3240,4.000000,4.000000,4.000000,4.000000,4.000000,96.000000,96.000000,96.000000,96.000000,96.000000,5.0,1981.6200,1829.3058,7926.4800,8078.7942,PENDING_AG03,FALSE,NOT_FOR_ENFORCEMENT,9511.7760,503536.3200,9908.1000,9511.7760,396.3240,0.01730863,0.01661628,396.3240,9511.7760,0.01661628,396.3240,396.3240,396.3240,396.3240,396.3240,9511.7760,0.01661628,1981.6200,1829.3058,7926.4800,8078.7942,0.01384690,0.01411298,0.00069235,439.6598,403.1645,7.6158,471.8143,13.4438,27258.9048,61.9524,,439.6598,50.0,150.0,500.0,1000.0,2000.0,3959.9609,110.0,0.0,13.333333,26.39974,2.931065,29,147,15,4,0E-8,0.01730863,,0E-8,0.000000,0.916288,0.000000,,2026-05-21,2026-07-03,21,737,411,44,0.477273,,,0.000000,,,,,,,,GLOBAL_BASELINE_NO_ENTITY_RANKING,,,NOT_APPLICABLE_GLOBAL_BASELINE,HF9g-P5,,,,X 全窗基线 · 不参与实体赏罚,15057470,1506,A168_HF9F_20260827_0900,2026-08-27 09:00:00
2026-05-25,150345145,2103,0,20.0000000000,20.0000000000,20.0000000000,1.0000000,1,1,0.49324550000000000,0.493245500000,1.01360149184955,1.01360149184955,1.01360149184955,0E-17,ELIGIBLE,R03b_20260811_FULL_v1,L1_ELIGIBILITY,v2026-08-11,2026-03-21..2026-08-06,baccarat_bet02_101_all_pairs_incl_sentinel,round_win = game_pnl > 0 (decisive only),COMPATIBILITY_ONLY_NOT_PRODUCTION,572437.0000,524517.0000,9908.1000,1302,1301,-0.01730863,,-0.01730863,-0.01730863,-9908.1000,572437.0000,OK,0.0000,396.3240,4.0000,96.0000,AG03-UNRESOLVED,ALL5_LEVELS_bet23_to_bet27,396.3240,396.3240,396.3240,396.3240,396.3240,4.000000,4.000000,4.000000,4.000000,4.000000,96.000000,96.000000,96.000000,96.000000,96.000000,5.0,1981.6200,1829.3058,7926.4800,8078.7942,PENDING_AG03,FALSE,NOT_FOR_ENFORCEMENT,9511.7760,503536.3200,9908.1000,9511.7760,396.3240,0.01730863,0.01661628,396.3240,9511.7760,0.01661628,396.3240,396.3240,396.3240,396.3240,396.3240,9511.7760,0.01661628,1981.6200,1829.3058,7926.4800,8078.7942,0.01384690,0.01411298,0.00069235,439.6598,403.1645,7.6158,471.8143,13.4438,27258.9048,61.9524,,439.6598,50.0,150.0,500.0,1000.0,2000.0,3959.9609,110.0,0.0,13.333333,26.39974,2.931065,29,147,15,4,0E-8,0.01730863,,0E-8,0.000000,0.916288,0.000000,,2026-05-21,2026-07-03,21,737,411,44,0.477273,,,0.000000,,,,,,,,GLOBAL_BASELINE_NO_ENTITY_RANKING,,,NOT_APPLICABLE_GLOBAL_BASELINE,HF9g-P5,,,,X 全窗基线 · 不参与实体赏罚,15057471,1506,A168_HF9F_20260827_0900,2026-08-27 09:00:00
2026-05-25,150345145,2108,0,38.0000000000,-38.0000000000,-38.0000000000,0E-7,1,1,0.50665070000000000,0.506650700000,-1.013391052207602,-1.013391052207602,-1.013391052207602,0E-17,ELIGIBLE,R03b_20260811_FULL_v1,L1_ELIGIBILITY,v2026-08-11,2026-03-21..2026-08-06,baccarat_bet02_101_all_pairs_incl_sentinel,round_win = game_pnl > 0 (decisive only),COMPATIBILITY_ONLY_NOT_PRODUCTION,572437.0000,524517.0000,9908.1000,1302,1301,-0.01730863,,-0.01730863,-0.01730863,-9908.1000,572437.0000,OK,0.0000,396.3240,4.0000,96.0000,AG03-UNRESOLVED,ALL5_LEVELS_bet23_to_bet27,396.3240,396.3240,396.3240,396.3240,396.3240,4.000000,4.000000,4.000000,4.000000,4.000000,96.000000,96.000000,96.000000,96.000000,96.000000,5.0,1981.6200,1829.3058,7926.4800,8078.7942,PENDING_AG03,FALSE,NOT_FOR_ENFORCEMENT,9511.7760,503536.3200,9908.1000,9511.7760,396.3240,0.01730863,0.01661628,396.3240,9511.7760,0.01661628,396.3240,396.3240,396.3240,396.3240,396.3240,9511.7760,0.01661628,1981.6200,1829.3058,7926.4800,8078.7942,0.01384690,0.01411298,0.00069235,439.6598,403.1645,7.6158,471.8143,13.4438,27258.9048,61.9524,,439.6598,50.0,150.0,500.0,1000.0,2000.0,3959.9609,110.0,0.0,13.333333,26.39974,2.931065,29,147,15,4,0E-8,0.01730863,,0E-8,0.000000,0.916288,0.000000,,2026-05-21,2026-07-03,21,737,411,44,0.477273,,,0.000000,,,,,,,,GLOBAL_BASELINE_NO_ENTITY_RANKING,,,NOT_APPLICABLE_GLOBAL_BASELINE,HF9g-P5,,,,X 全窗基线 · 不参与实体赏罚,15057472,1506,A168_HF9F_20260827_0900,2026-08-27 09:00:00
2026-05-25,150345145,2117,0,115.0000000000,-52.0000000000,-52.0000000000,0E-7,2,2,0.49324550000000000,0.493245500000,-0.9865810262130424,-0.9865810262130424,-0.9865810262130424,0E-17,ELIGIBLE,R03b_20260811_FULL_v1,L1_ELIGIBILITY,v2026-08-11,2026-03-21..2026-08-06,baccarat_bet02_101_all_pairs_incl_sentinel,round_win = game_pnl > 0 (decisive only),COMPATIBILITY_ONLY_NOT_PRODUCTION,572437.0000,524517.0000,9908.1000,1302,1301,-0.01730863,,-0.01730863,-0.01730863,-9908.1000,572437.0000,OK,0.0000,396.3240,4.0000,96.0000,AG03-UNRESOLVED,ALL5_LEVELS_bet23_to_bet27,396.3240,396.3240,396.3240,396.3240,396.3240,4.000000,4.000000,4.000000,4.000000,4.000000,96.000000,96.000000,96.000000,96.000000,96.000000,5.0,1981.6200,1829.3058,7926.4800,8078.7942,PENDING_AG03,FALSE,NOT_FOR_ENFORCEMENT,9511.7760,503536.3200,9908.1000,9511.7760,396.3240,0.01730863,0.01661628,396.3240,9511.7760,0.01661628,396.3240,396.3240,396.3240,396.3240,396.3240,9511.7760,0.01661628,1981.6200,1829.3058,7926.4800,8078.7942,0.01384690,0.01411298,0.00069235,439.6598,403.1645,7.6158,471.8143,13.4438,27258.9048,61.9524,,439.6598,50.0,150.0,500.0,1000.0,2000.0,3959.9609,110.0,0.0,13.333333,26.39974,2.931065,29,147,15,4,0E-8,0.01730863,,0E-8,0.000000,0.916288,0.000000,,2026-05-21,2026-07-03,21,737,411,44,0.477273,,,0.000000,,,,,,,,GLOBAL_BASELINE_NO_ENTITY_RANKING,,,NOT_APPLICABLE_GLOBAL_BASELINE,HF9g-P5,,,,X 全窗基线 · 不参与实体赏罚,15057473,1506,A168_HF9F_20260827_0900,2026-08-27 09:00:00
2026-05-25,150345145,2121,0,168.0000000000,103.2500000000,103.2500000000,0.8571429,7,7,0.49899058571428571,0.498990585714,1.8951675454273618,1.8951675454288757,1.8951675454273618,2.8571E-13,ELIGIBLE,R03b_20260811_FULL_v1,L1_ELIGIBILITY,v2026-08-11,2026-03-21..2026-08-06,baccarat_bet02_101_all_pairs_incl_sentinel,round_win = game_pnl > 0 (decisive only),COMPATIBILITY_ONLY_NOT_PRODUCTION,572437.0000,524517.0000,9908.1000,1302,1301,-0.01730863,,-0.01730863,-0.01730863,-9908.1000,572437.0000,OK,0.0000,396.3240,4.0000,96.0000,AG03-UNRESOLVED,ALL5_LEVELS_bet23_to_bet27,396.3240,396.3240,396.3240,396.3240,396.3240,4.000000,4.000000,4.000000,4.000000,4.000000,96.000000,96.000000,96.000000,96.000000,96.000000,5.0,1981.6200,1829.3058,7926.4800,8078.7942,PENDING_AG03,FALSE,NOT_FOR_ENFORCEMENT,9511.7760,503536.3200,9908.1000,9511.7760,396.3240,0.01730863,0.01661628,396.3240,9511.7760,0.01661628,396.3240,396.3240,396.3240,396.3240,396.3240,9511.7760,0.01661628,1981.6200,1829.3058,7926.4800,8078.7942,0.01384690,0.01411298,0.00069235,439.6598,403.1645,7.6158,471.8143,13.4438,27258.9048,61.9524,,439.6598,50.0,150.0,500.0,1000.0,2000.0,3959.9609,110.0,0.0,13.333333,26.39974,2.931065,29,147,15,4,0E-8,0.01730863,,0E-8,0.000000,0.916288,0.000000,,2026-05-21,2026-07-03,21,737,411,44,0.477273,,,0.000000,,,,,,,,GLOBAL_BASELINE_NO_ENTITY_RANKING,,,NOT_APPLICABLE_GLOBAL_BASELINE,HF9g-P5,,,,X 全窗基线 · 不参与实体赏罚,15057474,1506,A168_HF9F_20260827_0900,2026-08-27 09:00:00
2026-05-25,150345145,2152,0,50.0000000000,-50.0000000000,-50.0000000000,0E-7,1,1,0.49324550000000000,0.493245500000,-0.9865810262130424,-0.9865810262130424,-0.9865810262130424,0E-17,ELIGIBLE,R03b_20260811_FULL_v1,L1_ELIGIBILITY,v2026-08-11,2026-03-21..2026-08-06,baccarat_bet02_101_all_pairs_incl_sentinel,round_win = game_pnl > 0 (decisive only),COMPATIBILITY_ONLY_NOT_PRODUCTION,572437.0000,524517.0000,9908.1000,1302,1301,-0.01730863,,-0.01730863,-0.01730863,-9908.1000,572437.0000,OK,0.0000,396.3240,4.0000,96.0000,AG03-UNRESOLVED,ALL5_LEVELS_bet23_to_bet27,396.3240,396.3240,396.3240,396.3240,396.3240,4.000000,4.000000,4.000000,4.000000,4.000000,96.000000,96.000000,96.000000,96.000000,96.000000,5.0,1981.6200,1829.3058,7926.4800,8078.7942,PENDING_AG03,FALSE,NOT_FOR_ENFORCEMENT,9511.7760,503536.3200,9908.1000,9511.7760,396.3240,0.01730863,0.01661628,396.3240,9511.7760,0.01661628,396.3240,396.3240,396.3240,396.3240,396.3240,9511.7760,0.01661628,1981.6200,1829.3058,7926.4800,8078.7942,0.01384690,0.01411298,0.00069235,439.6598,403.1645,7.6158,471.8143,13.4438,27258.9048,61.9524,,439.6598,50.0,150.0,500.0,1000.0,2000.0,3959.9609,110.0,0.0,13.333333,26.39974,2.931065,29,147,15,4,0E-8,0.01730863,,0E-8,0.000000,0.916288,0.000000,,2026-05-21,2026-07-03,21,737,411,44,0.477273,,,0.000000,,,,,,,,GLOBAL_BASELINE_NO_ENTITY_RANKING,,,NOT_APPLICABLE_GLOBAL_BASELINE,HF9g-P5,,,,X 全窗基线 · 不参与实体赏罚,15057475,1506,A168_HF9F_20260827_0900,2026-08-27 09:00:00
2026-05-25,150345145,2169,0,250.0000000000,-250.0000000000,-250.0000000000,0E-7,1,1,0.49324550000000000,0.493245500000,-0.9865810262130424,-0.9865810262130424,-0.9865810262130424,0E-17,ELIGIBLE,R03b_20260811_FULL_v1,L1_ELIGIBILITY,v2026-08-11,2026-03-21..2026-08-06,baccarat_bet02_101_all_pairs_incl_sentinel,round_win = game_pnl > 0 (decisive only),COMPATIBILITY_ONLY_NOT_PRODUCTION,572437.0000,524517.0000,9908.1000,1302,1301,-0.01730863,,-0.01730863,-0.01730863,-9908.1000,572437.0000,OK,0.0000,396.3240,4.0000,96.0000,AG03-UNRESOLVED,ALL5_LEVELS_bet23_to_bet27,396.3240,396.3240,396.3240,396.3240,396.3240,4.000000,4.000000,4.000000,4.000000,4.000000,96.000000,96.000000,96.000000,96.000000,96.000000,5.0,1981.6200,1829.3058,7926.4800,8078.7942,PENDING_AG03,FALSE,NOT_FOR_ENFORCEMENT,9511.7760,503536.3200,9908.1000,9511.7760,396.3240,0.01730863,0.01661628,396.3240,9511.7760,0.01661628,396.3240,396.3240,396.3240,396.3240,396.3240,9511.7760,0.01661628,1981.6200,1829.3058,7926.4800,8078.7942,0.01384690,0.01411298,0.00069235,439.6598,403.1645,7.6158,471.8143,13.4438,27258.9048,61.9524,,439.6598,50.0,150.0,500.0,1000.0,2000.0,3959.9609,110.0,0.0,13.333333,26.39974,2.931065,29,147,15,4,0E-8,0.01730863,,0E-8,0.000000,0.916288,0.000000,,2026-05-21,2026-07-03,21,737,411,44,0.477273,,,0.000000,,,,,,,,GLOBAL_BASELINE_NO_ENTITY_RANKING,,,NOT_APPLICABLE_GLOBAL_BASELINE,HF9g-P5,,,,X 全窗基线 · 不参与实体赏罚,15057476,1506,A168_HF9F_20260827_0900,2026-08-27 09:00:00
2026-05-25,150345145,2177,0,180.0000000000,-180.0000000000,-180.0000000000,0E-7,2,2,0.49324550000000000,0.493245500000,-1.3952362676504506,-1.3952362676504506,-1.3952362676504506,0E-17,ELIGIBLE,R03b_20260811_FULL_v1,L1_ELIGIBILITY,v2026-08-11,2026-03-21..2026-08-06,baccarat_bet02_101_all_pairs_incl_sentinel,round_win = game_pnl > 0 (decisive only),COMPATIBILITY_ONLY_NOT_PRODUCTION,572437.0000,524517.0000,9908.1000,1302,1301,-0.01730863,,-0.01730863,-0.01730863,-9908.1000,572437.0000,OK,0.0000,396.3240,4.0000,96.0000,AG03-UNRESOLVED,ALL5_LEVELS_bet23_to_bet27,396.3240,396.3240,396.3240,396.3240,396.3240,4.000000,4.000000,4.000000,4.000000,4.000000,96.000000,96.000000,96.000000,96.000000,96.000000,5.0,1981.6200,1829.3058,7926.4800,8078.7942,PENDING_AG03,FALSE,NOT_FOR_ENFORCEMENT,9511.7760,503536.3200,9908.1000,9511.7760,396.3240,0.01730863,0.01661628,396.3240,9511.7760,0.01661628,396.3240,396.3240,396.3240,396.3240,396.3240,9511.7760,0.01661628,1981.6200,1829.3058,7926.4800,8078.7942,0.01384690,0.01411298,0.00069235,439.6598,403.1645,7.6158,471.8143,13.4438,27258.9048,61.9524,,439.6598,50.0,150.0,500.0,1000.0,2000.0,3959.9609,110.0,0.0,13.333333,26.39974,2.931065,29,147,15,4,0E-8,0.01730863,,0E-8,0.000000,0.916288,0.000000,,2026-05-21,2026-07-03,21,737,411,44,0.477273,,,0.000000,,,,,,,,GLOBAL_BASELINE_NO_ENTITY_RANKING,,,NOT_APPLICABLE_GLOBAL_BASELINE,HF9g-P5,,,,X 全窗基线 · 不参与实体赏罚,15057477,1506,A168_HF9F_20260827_0900,2026-08-27 09:00:00
2026-05-25,150345145,2188,0,802.0000000000,-102.0000000000,-102.0000000000,0.5000000,3,3,0.49324550000000000,0.493245500000,0.01910635448239258,0.01910635448239258,0.01910635448239258,0E-17,ELIGIBLE,R03b_20260811_FULL_v1,L1_ELIGIBILITY,v2026-08-11,2026-03-21..2026-08-06,baccarat_bet02_101_all_pairs_incl_sentinel,round_win = game_pnl > 0 (decisive only),COMPATIBILITY_ONLY_NOT_PRODUCTION,572437.0000,524517.0000,9908.1000,1302,1301,-0.01730863,,-0.01730863,-0.01730863,-9908.1000,572437.0000,OK,0.0000,396.3240,4.0000,96.0000,AG03-UNRESOLVED,ALL5_LEVELS_bet23_to_bet27,396.3240,396.3240,396.3240,396.3240,396.3240,4.000000,4.000000,4.000000,4.000000,4.000000,96.000000,96.000000,96.000000,96.000000,96.000000,5.0,1981.6200,1829.3058,7926.4800,8078.7942,PENDING_AG03,FALSE,NOT_FOR_ENFORCEMENT,9511.7760,503536.3200,9908.1000,9511.7760,396.3240,0.01730863,0.01661628,396.3240,9511.7760,0.01661628,396.3240,396.3240,396.3240,396.3240,396.3240,9511.7760,0.01661628,1981.6200,1829.3058,7926.4800,8078.7942,0.01384690,0.01411298,0.00069235,439.6598,403.1645,7.6158,471.8143,13.4438,27258.9048,61.9524,,439.6598,50.0,150.0,500.0,1000.0,2000.0,3959.9609,110.0,0.0,13.333333,26.39974,2.931065,29,147,15,4,0E-8,0.01730863,,0E-8,0.000000,0.916288,0.000000,,2026-05-21,2026-07-03,21,737,411,44,0.477273,,,0.000000,,,,,,,,GLOBAL_BASELINE_NO_ENTITY_RANKING,,,NOT_APPLICABLE_GLOBAL_BASELINE,HF9g-P5,,,,X 全窗基线 · 不参与实体赏罚,15057478,1506,A168_HF9F_20260827_0900,2026-08-27 09:00:00
2026-05-25,150345145,2205,0,20.0000000000,-20.0000000000,-20.0000000000,0E-7,1,1,0.49324550000000000,0.493245500000,-0.9865810262130424,-0.9865810262130424,-0.9865810262130424,0E-17,ELIGIBLE,R03b_20260811_FULL_v1,L1_ELIGIBILITY,v2026-08-11,2026-03-21..2026-08-06,baccarat_bet02_101_all_pairs_incl_sentinel,round_win = game_pnl > 0 (decisive only),COMPATIBILITY_ONLY_NOT_PRODUCTION,572437.0000,524517.0000,9908.1000,1302,1301,-0.01730863,,-0.01730863,-0.01730863,-9908.1000,572437.0000,OK,0.0000,396.3240,4.0000,96.0000,AG03-UNRESOLVED,ALL5_LEVELS_bet23_to_bet27,396.3240,396.3240,396.3240,396.3240,396.3240,4.000000,4.000000,4.000000,4.000000,4.000000,96.000000,96.000000,96.000000,96.000000,96.000000,5.0,1981.6200,1829.3058,7926.4800,8078.7942,PENDING_AG03,FALSE,NOT_FOR_ENFORCEMENT,9511.7760,503536.3200,9908.1000,9511.7760,396.3240,0.01730863,0.01661628,396.3240,9511.7760,0.01661628,396.3240,396.3240,396.3240,396.3240,396.3240,9511.7760,0.01661628,1981.6200,1829.3058,7926.4800,8078.7942,0.01384690,0.01411298,0.00069235,439.6598,403.1645,7.6158,471.8143,13.4438,27258.9048,61.9524,,439.6598,50.0,150.0,500.0,1000.0,2000.0,3959.9609,110.0,0.0,13.333333,26.39974,2.931065,29,147,15,4,0E-8,0.01730863,,0E-8,0.000000,0.916288,0.000000,,2026-05-21,2026-07-03,21,737,411,44,0.477273,,,0.000000,,,,,,,,GLOBAL_BASELINE_NO_ENTITY_RANKING,,,NOT_APPLICABLE_GLOBAL_BASELINE,HF9g-P5,,,,X 全窗基线 · 不参与实体赏罚,15057479,1506,A168_HF9F_20260827_0900,2026-08-27 09:00:00
2026-05-25,150345145,2216,0,80.0000000000,4.0000000000,4.0000000000,0.5000000,5,5,0.49324550000000000,0.493245500000,0.027020465636507562,0.027020465636507562,0.027020465636507562,0E-17,ELIGIBLE,R03b_20260811_FULL_v1,L1_ELIGIBILITY,v2026-08-11,2026-03-21..2026-08-06,baccarat_bet02_101_all_pairs_incl_sentinel,round_win = game_pnl > 0 (decisive only),COMPATIBILITY_ONLY_NOT_PRODUCTION,572437.0000,524517.0000,9908.1000,1302,1301,-0.01730863,,-0.01730863,-0.01730863,-9908.1000,572437.0000,OK,0.0000,396.3240,4.0000,96.0000,AG03-UNRESOLVED,ALL5_LEVELS_bet23_to_bet27,396.3240,396.3240,396.3240,396.3240,396.3240,4.000000,4.000000,4.000000,4.000000,4.000000,96.000000,96.000000,96.000000,96.000000,96.000000,5.0,1981.6200,1829.3058,7926.4800,8078.7942,PENDING_AG03,FALSE,NOT_FOR_ENFORCEMENT,9511.7760,503536.3200,9908.1000,9511.7760,396.3240,0.01730863,0.01661628,396.3240,9511.7760,0.01661628,396.3240,396.3240,396.3240,396.3240,396.3240,9511.7760,0.01661628,1981.6200,1829.3058,7926.4800,8078.7942,0.01384690,0.01411298,0.00069235,439.6598,403.1645,7.6158,471.8143,13.4438,27258.9048,61.9524,,439.6598,50.0,150.0,500.0,1000.0,2000.0,3959.9609,110.0,0.0,13.333333,26.39974,2.931065,29,147,15,4,0E-8,0.01730863,,0E-8,0.000000,0.916288,0.000000,,2026-05-21,2026-07-03,21,737,411,44,0.477273,,,0.000000,,,,,,,,GLOBAL_BASELINE_NO_ENTITY_RANKING,,,NOT_APPLICABLE_GLOBAL_BASELINE,HF9g-P5,,,,X 全窗基线 · 不参与实体赏罚,15057480,1506,A168_HF9F_20260827_0900,2026-08-27 09:00:00
2026-05-25,150345145,2220,0,3003.0000000000,2003.0000000000,2003.0000000000,0.8000000,10,10,0.49324550000000000,0.493245500000,1.9402628553634393,1.9402628553634393,1.9402628553634393,0E-17,ELIGIBLE,R03b_20260811_FULL_v1,L1_ELIGIBILITY,v2026-08-11,2026-03-21..2026-08-06,baccarat_bet02_101_all_pairs_incl_sentinel,round_win = game_pnl > 0 (decisive only),COMPATIBILITY_ONLY_NOT_PRODUCTION,572437.0000,524517.0000,9908.1000,1302,1301,-0.01730863,,-0.01730863,-0.01730863,-9908.1000,572437.0000,OK,0.0000,396.3240,4.0000,96.0000,AG03-UNRESOLVED,ALL5_LEVELS_bet23_to_bet27,396.3240,396.3240,396.3240,396.3240,396.3240,4.000000,4.000000,4.000000,4.000000,4.000000,96.000000,96.000000,96.000000,96.000000,96.000000,5.0,1981.6200,1829.3058,7926.4800,8078.7942,PENDING_AG03,FALSE,NOT_FOR_ENFORCEMENT,9511.7760,503536.3200,9908.1000,9511.7760,396.3240,0.01730863,0.01661628,396.3240,9511.7760,0.01661628,396.3240,396.3240,396.3240,396.3240,396.3240,9511.7760,0.01661628,1981.6200,1829.3058,7926.4800,8078.7942,0.01384690,0.01411298,0.00069235,439.6598,403.1645,7.6158,471.8143,13.4438,27258.9048,61.9524,,439.6598,50.0,150.0,500.0,1000.0,2000.0,3959.9609,110.0,0.0,13.333333,26.39974,2.931065,29,147,15,4,0E-8,0.01730863,,0E-8,0.000000,0.916288,0.000000,,2026-05-21,2026-07-03,21,737,411,44,0.477273,,,0.000000,,,,,,,,GLOBAL_BASELINE_NO_ENTITY_RANKING,,,NOT_APPLICABLE_GLOBAL_BASELINE,HF9g-P5,,,,X 全窗基线 · 不参与实体赏罚,15057481,1506,A168_HF9F_20260827_0900,2026-08-27 09:00:00
2026-05-25,150345145,2223,0,300.0000000000,300.0000000000,300.0000000000,1.0000000,1,1,0.49324550000000000,0.493245500000,1.01360149184955,1.01360149184955,1.01360149184955,0E-17,ELIGIBLE,R03b_20260811_FULL_v1,L1_ELIGIBILITY,v2026-08-11,2026-03-21..2026-08-06,baccarat_bet02_101_all_pairs_incl_sentinel,round_win = game_pnl > 0 (decisive only),COMPATIBILITY_ONLY_NOT_PRODUCTION,572437.0000,524517.0000,9908.1000,1302,1301,-0.01730863,,-0.01730863,-0.01730863,-9908.1000,572437.0000,OK,0.0000,396.3240,4.0000,96.0000,AG03-UNRESOLVED,ALL5_LEVELS_bet23_to_bet27,396.3240,396.3240,396.3240,396.3240,396.3240,4.000000,4.000000,4.000000,4.000000,4.000000,96.000000,96.000000,96.000000,96.000000,96.000000,5.0,1981.6200,1829.3058,7926.4800,8078.7942,PENDING_AG03,FALSE,NOT_FOR_ENFORCEMENT,9511.7760,503536.3200,9908.1000,9511.7760,396.3240,0.01730863,0.01661628,396.3240,9511.7760,0.01661628,396.3240,396.3240,396.3240,396.3240,396.3240,9511.7760,0.01661628,1981.6200,1829.3058,7926.4800,8078.7942,0.01384690,0.01411298,0.00069235,439.6598,403.1645,7.6158,471.8143,13.4438,27258.9048,61.9524,,439.6598,50.0,150.0,500.0,1000.0,2000.0,3959.9609,110.0,0.0,13.333333,26.39974,2.931065,29,147,15,4,0E-8,0.01730863,,0E-8,0.000000,0.916288,0.000000,,2026-05-21,2026-07-03,21,737,411,44,0.477273,,,0.000000,,,,,,,,GLOBAL_BASELINE_NO_ENTITY_RANKING,,,NOT_APPLICABLE_GLOBAL_BASELINE,HF9g-P5,,,,X 全窗基线 · 不参与实体赏罚,15057482,1506,A168_HF9F_20260827_0900,2026-08-27 09:00:00
2026-05-25,150345145,2229,0,20.0000000000,-20.0000000000,-20.0000000000,0E-7,1,1,0.49324550000000000,0.493245500000,-0.9865810262130424,-0.9865810262130424,-0.9865810262130424,0E-17,ELIGIBLE,R03b_20260811_FULL_v1,L1_ELIGIBILITY,v2026-08-11,2026-03-21..2026-08-06,baccarat_bet02_101_all_pairs_incl_sentinel,round_win = game_pnl > 0 (decisive only),COMPATIBILITY_ONLY_NOT_PRODUCTION,572437.0000,524517.0000,9908.1000,1302,1301,-0.01730863,,-0.01730863,-0.01730863,-9908.1000,572437.0000,OK,0.0000,396.3240,4.0000,96.0000,AG03-UNRESOLVED,ALL5_LEVELS_bet23_to_bet27,396.3240,396.3240,396.3240,396.3240,396.3240,4.000000,4.000000,4.000000,4.000000,4.000000,96.000000,96.000000,96.000000,96.000000,96.000000,5.0,1981.6200,1829.3058,7926.4800,8078.7942,PENDING_AG03,FALSE,NOT_FOR_ENFORCEMENT,9511.7760,503536.3200,9908.1000,9511.7760,396.3240,0.01730863,0.01661628,396.3240,9511.7760,0.01661628,396.3240,396.3240,396.3240,396.3240,396.3240,9511.7760,0.01661628,1981.6200,1829.3058,7926.4800,8078.7942,0.01384690,0.01411298,0.00069235,439.6598,403.1645,7.6158,471.8143,13.4438,27258.9048,61.9524,,439.6598,50.0,150.0,500.0,1000.0,2000.0,3959.9609,110.0,0.0,13.333333,26.39974,2.931065,29,147,15,4,0E-8,0.01730863,,0E-8,0.000000,0.916288,0.000000,,2026-05-21,2026-07-03,21,737,411,44,0.477273,,,0.000000,,,,,,,,GLOBAL_BASELINE_NO_ENTITY_RANKING,,,NOT_APPLICABLE_GLOBAL_BASELINE,HF9g-P5,,,,X 全窗基线 · 不参与实体赏罚,15057483,1506,A168_HF9F_20260827_0900,2026-08-27 09:00:00
2026-05-25,150345145,2239,0,22.0000000000,-22.0000000000,-22.0000000000,0E-7,1,1,0.49324550000000000,0.493245500000,-0.9865810262130424,-0.9865810262130424,-0.9865810262130424,0E-17,ELIGIBLE,R03b_20260811_FULL_v1,L1_ELIGIBILITY,v2026-08-11,2026-03-21..2026-08-06,baccarat_bet02_101_all_pairs_incl_sentinel,round_win = game_pnl > 0 (decisive only),COMPATIBILITY_ONLY_NOT_PRODUCTION,572437.0000,524517.0000,9908.1000,1302,1301,-0.01730863,,-0.01730863,-0.01730863,-9908.1000,572437.0000,OK,0.0000,396.3240,4.0000,96.0000,AG03-UNRESOLVED,ALL5_LEVELS_bet23_to_bet27,396.3240,396.3240,396.3240,396.3240,396.3240,4.000000,4.000000,4.000000,4.000000,4.000000,96.000000,96.000000,96.000000,96.000000,96.000000,5.0,1981.6200,1829.3058,7926.4800,8078.7942,PENDING_AG03,FALSE,NOT_FOR_ENFORCEMENT,9511.7760,503536.3200,9908.1000,9511.7760,396.3240,0.01730863,0.01661628,396.3240,9511.7760,0.01661628,396.3240,396.3240,396.3240,396.3240,396.3240,9511.7760,0.01661628,1981.6200,1829.3058,7926.4800,8078.7942,0.01384690,0.01411298,0.00069235,439.6598,403.1645,7.6158,471.8143,13.4438,27258.9048,61.9524,,439.6598,50.0,150.0,500.0,1000.0,2000.0,3959.9609,110.0,0.0,13.333333,26.39974,2.931065,29,147,15,4,0E-8,0.01730863,,0E-8,0.000000,0.916288,0.000000,,2026-05-21,2026-07-03,21,737,411,44,0.477273,,,0.000000,,,,,,,,GLOBAL_BASELINE_NO_ENTITY_RANKING,,,NOT_APPLICABLE_GLOBAL_BASELINE,HF9g-P5,,,,X 全窗基线 · 不参与实体赏罚,15057484,1506,A168_HF9F_20260827_0900,2026-08-27 09:00:00
2026-05-25,150345145,2244,0,827.0000000000,-113.0000000000,-113.0000000000,0.5000000,4,4,0.49324550000000000,0.493245500000,0.027020465636507562,0.027020465636507562,0.027020465636507562,0E-17,ELIGIBLE,R03b_20260811_FULL_v1,L1_ELIGIBILITY,v2026-08-11,2026-03-21..2026-08-06,baccarat_bet02_101_all_pairs_incl_sentinel,round_win = game_pnl > 0 (decisive only),COMPATIBILITY_ONLY_NOT_PRODUCTION,572437.0000,524517.0000,9908.1000,1302,1301,-0.01730863,,-0.01730863,-0.01730863,-9908.1000,572437.0000,OK,0.0000,396.3240,4.0000,96.0000,AG03-UNRESOLVED,ALL5_LEVELS_bet23_to_bet27,396.3240,396.3240,396.3240,396.3240,396.3240,4.000000,4.000000,4.000000,4.000000,4.000000,96.000000,96.000000,96.000000,96.000000,96.000000,5.0,1981.6200,1829.3058,7926.4800,8078.7942,PENDING_AG03,FALSE,NOT_FOR_ENFORCEMENT,9511.7760,503536.3200,9908.1000,9511.7760,396.3240,0.01730863,0.01661628,396.3240,9511.7760,0.01661628,396.3240,396.3240,396.3240,396.3240,396.3240,9511.7760,0.01661628,1981.6200,1829.3058,7926.4800,8078.7942,0.01384690,0.01411298,0.00069235,439.6598,403.1645,7.6158,471.8143,13.4438,27258.9048,61.9524,,439.6598,50.0,150.0,500.0,1000.0,2000.0,3959.9609,110.0,0.0,13.333333,26.39974,2.931065,29,147,15,4,0E-8,0.01730863,,0E-8,0.000000,0.916288,0.000000,,2026-05-21,2026-07-03,21,737,411,44,0.477273,,,0.000000,,,,,,,,GLOBAL_BASELINE_NO_ENTITY_RANKING,,,NOT_APPLICABLE_GLOBAL_BASELINE,HF9g-P5,,,,X 全窗基线 · 不参与实体赏罚,15057485,1506,A168_HF9F_20260827_0900,2026-08-27 09:00:00
2026-05-25,150345145,2248,0,500.0000000000,-500.0000000000,-500.0000000000,0E-7,1,1,0.49324550000000000,0.493245500000,-0.9865810262130424,-0.9865810262130424,-0.9865810262130424,0E-17,ELIGIBLE,R03b_20260811_FULL_v1,L1_ELIGIBILITY,v2026-08-11,2026-03-21..2026-08-06,baccarat_bet02_101_all_pairs_incl_sentinel,round_win = game_pnl > 0 (decisive only),COMPATIBILITY_ONLY_NOT_PRODUCTION,572437.0000,524517.0000,9908.1000,1302,1301,-0.01730863,,-0.01730863,-0.01730863,-9908.1000,572437.0000,OK,0.0000,396.3240,4.0000,96.0000,AG03-UNRESOLVED,ALL5_LEVELS_bet23_to_bet27,396.3240,396.3240,396.3240,396.3240,396.3240,4.000000,4.000000,4.000000,4.000000,4.000000,96.000000,96.000000,96.000000,96.000000,96.000000,5.0,1981.6200,1829.3058,7926.4800,8078.7942,PENDING_AG03,FALSE,NOT_FOR_ENFORCEMENT,9511.7760,503536.3200,9908.1000,9511.7760,396.3240,0.01730863,0.01661628,396.3240,9511.7760,0.01661628,396.3240,396.3240,396.3240,396.3240,396.3240,9511.7760,0.01661628,1981.6200,1829.3058,7926.4800,8078.7942,0.01384690,0.01411298,0.00069235,439.6598,403.1645,7.6158,471.8143,13.4438,27258.9048,61.9524,,439.6598,50.0,150.0,500.0,1000.0,2000.0,3959.9609,110.0,0.0,13.333333,26.39974,2.931065,29,147,15,4,0E-8,0.01730863,,0E-8,0.000000,0.916288,0.000000,,2026-05-21,2026-07-03,21,737,411,44,0.477273,,,0.000000,,,,,,,,GLOBAL_BASELINE_NO_ENTITY_RANKING,,,NOT_APPLICABLE_GLOBAL_BASELINE,HF9g-P5,,,,X 全窗基线 · 不参与实体赏罚,15057486,1506,A168_HF9F_20260827_0900,2026-08-27 09:00:00
2026-05-25,150345145,2258,0,40.0000000000,-20.0000000000,-20.0000000000,0E-7,2,2,0.49324550000000000,0.493245500000,-0.9865810262130424,-0.9865810262130424,-0.9865810262130424,0E-17,ELIGIBLE,R03b_20260811_FULL_v1,L1_ELIGIBILITY,v2026-08-11,2026-03-21..2026-08-06,baccarat_bet02_101_all_pairs_incl_sentinel,round_win = game_pnl > 0 (decisive only),COMPATIBILITY_ONLY_NOT_PRODUCTION,572437.0000,524517.0000,9908.1000,1302,1301,-0.01730863,,-0.01730863,-0.01730863,-9908.1000,572437.0000,OK,0.0000,396.3240,4.0000,96.0000,AG03-UNRESOLVED,ALL5_LEVELS_bet23_to_bet27,396.3240,396.3240,396.3240,396.3240,396.3240,4.000000,4.000000,4.000000,4.000000,4.000000,96.000000,96.000000,96.000000,96.000000,96.000000,5.0,1981.6200,1829.3058,7926.4800,8078.7942,PENDING_AG03,FALSE,NOT_FOR_ENFORCEMENT,9511.7760,503536.3200,9908.1000,9511.7760,396.3240,0.01730863,0.01661628,396.3240,9511.7760,0.01661628,396.3240,396.3240,396.3240,396.3240,396.3240,9511.7760,0.01661628,1981.6200,1829.3058,7926.4800,8078.7942,0.01384690,0.01411298,0.00069235,439.6598,403.1645,7.6158,471.8143,13.4438,27258.9048,61.9524,,439.6598,50.0,150.0,500.0,1000.0,2000.0,3959.9609,110.0,0.0,13.333333,26.39974,2.931065,29,147,15,4,0E-8,0.01730863,,0E-8,0.000000,0.916288,0.000000,,2026-05-21,2026-07-03,21,737,411,44,0.477273,,,0.000000,,,,,,,,GLOBAL_BASELINE_NO_ENTITY_RANKING,,,NOT_APPLICABLE_GLOBAL_BASELINE,HF9g-P5,,,,X 全窗基线 · 不参与实体赏罚,15057487,1506,A168_HF9F_20260827_0900,2026-08-27 09:00:00
2026-05-25,150345145,2261,0,6.0000000000,-6.0000000000,-6.0000000000,0E-7,1,1,0.49324550000000000,0.493245500000,-0.9865810262130424,-0.9865810262130424,-0.9865810262130424,0E-17,ELIGIBLE,R03b_20260811_FULL_v1,L1_ELIGIBILITY,v2026-08-11,2026-03-21..2026-08-06,baccarat_bet02_101_all_pairs_incl_sentinel,round_win = game_pnl > 0 (decisive only),COMPATIBILITY_ONLY_NOT_PRODUCTION,572437.0000,524517.0000,9908.1000,1302,1301,-0.01730863,,-0.01730863,-0.01730863,-9908.1000,572437.0000,OK,0.0000,396.3240,4.0000,96.0000,AG03-UNRESOLVED,ALL5_LEVELS_bet23_to_bet27,396.3240,396.3240,396.3240,396.3240,396.3240,4.000000,4.000000,4.000000,4.000000,4.000000,96.000000,96.000000,96.000000,96.000000,96.000000,5.0,1981.6200,1829.3058,7926.4800,8078.7942,PENDING_AG03,FALSE,NOT_FOR_ENFORCEMENT,9511.7760,503536.3200,9908.1000,9511.7760,396.3240,0.01730863,0.01661628,396.3240,9511.7760,0.01661628,396.3240,396.3240,396.3240,396.3240,396.3240,9511.7760,0.01661628,1981.6200,1829.3058,7926.4800,8078.7942,0.01384690,0.01411298,0.00069235,439.6598,403.1645,7.6158,471.8143,13.4438,27258.9048,61.9524,,439.6598,50.0,150.0,500.0,1000.0,2000.0,3959.9609,110.0,0.0,13.333333,26.39974,2.931065,29,147,15,4,0E-8,0.01730863,,0E-8,0.000000,0.916288,0.000000,,2026-05-21,2026-07-03,21,737,411,44,0.477273,,,0.000000,,,,,,,,GLOBAL_BASELINE_NO_ENTITY_RANKING,,,NOT_APPLICABLE_GLOBAL_BASELINE,HF9g-P5,,,,X 全窗基线 · 不参与实体赏罚,15057488,1506,A168_HF9F_20260827_0900,2026-08-27 09:00:00
2026-05-25,150345145,2267,0,510.0000000000,-510.0000000000,-510.0000000000,0E-7,2,2,0.49324550000000000,0.493245500000,-1.3952362676504506,-1.3952362676504506,-1.3952362676504506,0E-17,ELIGIBLE,R03b_20260811_FULL_v1,L1_ELIGIBILITY,v2026-08-11,2026-03-21..2026-08-06,baccarat_bet02_101_all_pairs_incl_sentinel,round_win = game_pnl > 0 (decisive only),COMPATIBILITY_ONLY_NOT_PRODUCTION,572437.0000,524517.0000,9908.1000,1302,1301,-0.01730863,,-0.01730863,-0.01730863,-9908.1000,572437.0000,OK,0.0000,396.3240,4.0000,96.0000,AG03-UNRESOLVED,ALL5_LEVELS_bet23_to_bet27,396.3240,396.3240,396.3240,396.3240,396.3240,4.000000,4.000000,4.000000,4.000000,4.000000,96.000000,96.000000,96.000000,96.000000,96.000000,5.0,1981.6200,1829.3058,7926.4800,8078.7942,PENDING_AG03,FALSE,NOT_FOR_ENFORCEMENT,9511.7760,503536.3200,9908.1000,9511.7760,396.3240,0.01730863,0.01661628,396.3240,9511.7760,0.01661628,396.3240,396.3240,396.3240,396.3240,396.3240,9511.7760,0.01661628,1981.6200,1829.3058,7926.4800,8078.7942,0.01384690,0.01411298,0.00069235,439.6598,403.1645,7.6158,471.8143,13.4438,27258.9048,61.9524,,439.6598,50.0,150.0,500.0,1000.0,2000.0,3959.9609,110.0,0.0,13.333333,26.39974,2.931065,29,147,15,4,0E-8,0.01730863,,0E-8,0.000000,0.916288,0.000000,,2026-05-21,2026-07-03,21,737,411,44,0.477273,,,0.000000,,,,,,,,GLOBAL_BASELINE_NO_ENTITY_RANKING,,,NOT_APPLICABLE_GLOBAL_BASELINE,HF9g-P5,,,,X 全窗基线 · 不参与实体赏罚,15057489,1506,A168_HF9F_20260827_0900,2026-08-27 09:00:00
2026-05-25,150345145,462,0,64.0000000000,64.0000000000,64.0000000000,1.0000000,2,2,0.49324550000000000,0.493245500000,1.4334489766152358,1.4334489766152358,1.4334489766152358,0E-17,ELIGIBLE,R03b_20260811_FULL_v1,L1_ELIGIBILITY,v2026-08-11,2026-03-21..2026-08-06,baccarat_bet02_101_all_pairs_incl_sentinel,round_win = game_pnl > 0 (decisive only),COMPATIBILITY_ONLY_NOT_PRODUCTION,572437.0000,524517.0000,9908.1000,1302,1301,-0.01730863,,-0.01730863,-0.01730863,-9908.1000,572437.0000,OK,0.0000,396.3240,4.0000,96.0000,AG03-UNRESOLVED,ALL5_LEVELS_bet23_to_bet27,396.3240,396.3240,396.3240,396.3240,396.3240,4.000000,4.000000,4.000000,4.000000,4.000000,96.000000,96.000000,96.000000,96.000000,96.000000,5.0,1981.6200,1829.3058,7926.4800,8078.7942,PENDING_AG03,FALSE,NOT_FOR_ENFORCEMENT,9511.7760,503536.3200,9908.1000,9511.7760,396.3240,0.01730863,0.01661628,396.3240,9511.7760,0.01661628,396.3240,396.3240,396.3240,396.3240,396.3240,9511.7760,0.01661628,1981.6200,1829.3058,7926.4800,8078.7942,0.01384690,0.01411298,0.00069235,439.6598,403.1645,7.6158,471.8143,13.4438,27258.9048,61.9524,,439.6598,50.0,150.0,500.0,1000.0,2000.0,3959.9609,110.0,0.0,13.333333,26.39974,2.931065,29,147,15,4,0E-8,0.01730863,,0E-8,0.000000,0.916288,0.000000,,2026-05-21,2026-07-03,21,737,411,44,0.477273,,,0.000000,,,,,,,,GLOBAL_BASELINE_NO_ENTITY_RANKING,,,NOT_APPLICABLE_GLOBAL_BASELINE,HF9g-P5,,,,X 全窗基线 · 不参与实体赏罚,15057490,1506,A168_HF9F_20260827_0900,2026-08-27 09:00:00
2026-05-25,150345145,471,0,500.0000000000,-100.0000000000,-100.0000000000,0.5000000,2,2,0.49324550000000000,0.493245500000,0.01910635448239258,0.01910635448239258,0.01910635448239258,0E-17,ELIGIBLE,R03b_20260811_FULL_v1,L1_ELIGIBILITY,v2026-08-11,2026-03-21..2026-08-06,baccarat_bet02_101_all_pairs_incl_sentinel,round_win = game_pnl > 0 (decisive only),COMPATIBILITY_ONLY_NOT_PRODUCTION,572437.0000,524517.0000,9908.1000,1302,1301,-0.01730863,,-0.01730863,-0.01730863,-9908.1000,572437.0000,OK,0.0000,396.3240,4.0000,96.0000,AG03-UNRESOLVED,ALL5_LEVELS_bet23_to_bet27,396.3240,396.3240,396.3240,396.3240,396.3240,4.000000,4.000000,4.000000,4.000000,4.000000,96.000000,96.000000,96.000000,96.000000,96.000000,5.0,1981.6200,1829.3058,7926.4800,8078.7942,PENDING_AG03,FALSE,NOT_FOR_ENFORCEMENT,9511.7760,503536.3200,9908.1000,9511.7760,396.3240,0.01730863,0.01661628,396.3240,9511.7760,0.01661628,396.3240,396.3240,396.3240,396.3240,396.3240,9511.7760,0.01661628,1981.6200,1829.3058,7926.4800,8078.7942,0.01384690,0.01411298,0.00069235,439.6598,403.1645,7.6158,471.8143,13.4438,27258.9048,61.9524,,439.6598,50.0,150.0,500.0,1000.0,2000.0,3959.9609,110.0,0.0,13.333333,26.39974,2.931065,29,147,15,4,0E-8,0.01730863,,0E-8,0.000000,0.916288,0.000000,,2026-05-21,2026-07-03,21,737,411,44,0.477273,,,0.000000,,,,,,,,GLOBAL_BASELINE_NO_ENTITY_RANKING,,,NOT_APPLICABLE_GLOBAL_BASELINE,HF9g-P5,,,,X 全窗基线 · 不参与实体赏罚,15057491,1506,A168_HF9F_20260827_0900,2026-08-27 09:00:00
2026-05-25,150345145,529,0,50.0000000000,-50.0000000000,-50.0000000000,0E-7,1,1,0.49324550000000000,0.493245500000,-0.9865810262130424,-0.9865810262130424,-0.9865810262130424,0E-17,ELIGIBLE,R03b_20260811_FULL_v1,L1_ELIGIBILITY,v2026-08-11,2026-03-21..2026-08-06,baccarat_bet02_101_all_pairs_incl_sentinel,round_win = game_pnl > 0 (decisive only),COMPATIBILITY_ONLY_NOT_PRODUCTION,572437.0000,524517.0000,9908.1000,1302,1301,-0.01730863,,-0.01730863,-0.01730863,-9908.1000,572437.0000,OK,0.0000,396.3240,4.0000,96.0000,AG03-UNRESOLVED,ALL5_LEVELS_bet23_to_bet27,396.3240,396.3240,396.3240,396.3240,396.3240,4.000000,4.000000,4.000000,4.000000,4.000000,96.000000,96.000000,96.000000,96.000000,96.000000,5.0,1981.6200,1829.3058,7926.4800,8078.7942,PENDING_AG03,FALSE,NOT_FOR_ENFORCEMENT,9511.7760,503536.3200,9908.1000,9511.7760,396.3240,0.01730863,0.01661628,396.3240,9511.7760,0.01661628,396.3240,396.3240,396.3240,396.3240,396.3240,9511.7760,0.01661628,1981.6200,1829.3058,7926.4800,8078.7942,0.01384690,0.01411298,0.00069235,439.6598,403.1645,7.6158,471.8143,13.4438,27258.9048,61.9524,,439.6598,50.0,150.0,500.0,1000.0,2000.0,3959.9609,110.0,0.0,13.333333,26.39974,2.931065,29,147,15,4,0E-8,0.01730863,,0E-8,0.000000,0.916288,0.000000,,2026-05-21,2026-07-03,21,737,411,44,0.477273,,,0.000000,,,,,,,,GLOBAL_BASELINE_NO_ENTITY_RANKING,,,NOT_APPLICABLE_GLOBAL_BASELINE,HF9g-P5,,,,X 全窗基线 · 不参与实体赏罚,15057492,1506,A168_HF9F_20260827_0900,2026-08-27 09:00:00
2026-05-25,150345145,763,0,222.0000000000,-222.0000000000,-222.0000000000,0E-7,1,1,0.49324550000000000,0.493245500000,-0.9865810262130424,-0.9865810262130424,-0.9865810262130424,0E-17,ELIGIBLE,R03b_20260811_FULL_v1,L1_ELIGIBILITY,v2026-08-11,2026-03-21..2026-08-06,baccarat_bet02_101_all_pairs_incl_sentinel,round_win = game_pnl > 0 (decisive only),COMPATIBILITY_ONLY_NOT_PRODUCTION,572437.0000,524517.0000,9908.1000,1302,1301,-0.01730863,,-0.01730863,-0.01730863,-9908.1000,572437.0000,OK,0.0000,396.3240,4.0000,96.0000,AG03-UNRESOLVED,ALL5_LEVELS_bet23_to_bet27,396.3240,396.3240,396.3240,396.3240,396.3240,4.000000,4.000000,4.000000,4.000000,4.000000,96.000000,96.000000,96.000000,96.000000,96.000000,5.0,1981.6200,1829.3058,7926.4800,8078.7942,PENDING_AG03,FALSE,NOT_FOR_ENFORCEMENT,9511.7760,503536.3200,9908.1000,9511.7760,396.3240,0.01730863,0.01661628,396.3240,9511.7760,0.01661628,396.3240,396.3240,396.3240,396.3240,396.3240,9511.7760,0.01661628,1981.6200,1829.3058,7926.4800,8078.7942,0.01384690,0.01411298,0.00069235,439.6598,403.1645,7.6158,471.8143,13.4438,27258.9048,61.9524,,439.6598,50.0,150.0,500.0,1000.0,2000.0,3959.9609,110.0,0.0,13.333333,26.39974,2.931065,29,147,15,4,0E-8,0.01730863,,0E-8,0.000000,0.916288,0.000000,,2026-05-21,2026-07-03,21,737,411,44,0.477273,,,0.000000,,,,,,,,GLOBAL_BASELINE_NO_ENTITY_RANKING,,,NOT_APPLICABLE_GLOBAL_BASELINE,HF9g-P5,,,,X 全窗基线 · 不参与实体赏罚,15057493,1506,A168_HF9F_20260827_0900,2026-08-27 09:00:00
2026-05-25,150345145,772,0,30.0000000000,30.0000000000,30.0000000000,1.0000000,1,1,0.49324550000000000,0.493245500000,1.01360149184955,1.01360149184955,1.01360149184955,0E-17,ELIGIBLE,R03b_20260811_FULL_v1,L1_ELIGIBILITY,v2026-08-11,2026-03-21..2026-08-06,baccarat_bet02_101_all_pairs_incl_sentinel,round_win = game_pnl > 0 (decisive only),COMPATIBILITY_ONLY_NOT_PRODUCTION,572437.0000,524517.0000,9908.1000,1302,1301,-0.01730863,,-0.01730863,-0.01730863,-9908.1000,572437.0000,OK,0.0000,396.3240,4.0000,96.0000,AG03-UNRESOLVED,ALL5_LEVELS_bet23_to_bet27,396.3240,396.3240,396.3240,396.3240,396.3240,4.000000,4.000000,4.000000,4.000000,4.000000,96.000000,96.000000,96.000000,96.000000,96.000000,5.0,1981.6200,1829.3058,7926.4800,8078.7942,PENDING_AG03,FALSE,NOT_FOR_ENFORCEMENT,9511.7760,503536.3200,9908.1000,9511.7760,396.3240,0.01730863,0.01661628,396.3240,9511.7760,0.01661628,396.3240,396.3240,396.3240,396.3240,396.3240,9511.7760,0.01661628,1981.6200,1829.3058,7926.4800,8078.7942,0.01384690,0.01411298,0.00069235,439.6598,403.1645,7.6158,471.8143,13.4438,27258.9048,61.9524,,439.6598,50.0,150.0,500.0,1000.0,2000.0,3959.9609,110.0,0.0,13.333333,26.39974,2.931065,29,147,15,4,0E-8,0.01730863,,0E-8,0.000000,0.916288,0.000000,,2026-05-21,2026-07-03,21,737,411,44,0.477273,,,0.000000,,,,,,,,GLOBAL_BASELINE_NO_ENTITY_RANKING,,,NOT_APPLICABLE_GLOBAL_BASELINE,HF9g-P5,,,,X 全窗基线 · 不参与实体赏罚,15057494,1506,A168_HF9F_20260827_0900,2026-08-27 09:00:00
2026-05-25,150345145,919,0,2512.0000000000,1488.0000000000,1488.0000000000,0.6666667,3,3,0.49324550000000000,0.493245500000,0.6008033672792107,0.6008033672792106,0.6008033672792107,0E-17,ELIGIBLE,R03b_20260811_FULL_v1,L1_ELIGIBILITY,v2026-08-11,2026-03-21..2026-08-06,baccarat_bet02_101_all_pairs_incl_sentinel,round_win = game_pnl > 0 (decisive only),COMPATIBILITY_ONLY_NOT_PRODUCTION,572437.0000,524517.0000,9908.1000,1302,1301,-0.01730863,,-0.01730863,-0.01730863,-9908.1000,572437.0000,OK,0.0000,396.3240,4.0000,96.0000,AG03-UNRESOLVED,ALL5_LEVELS_bet23_to_bet27,396.3240,396.3240,396.3240,396.3240,396.3240,4.000000,4.000000,4.000000,4.000000,4.000000,96.000000,96.000000,96.000000,96.000000,96.000000,5.0,1981.6200,1829.3058,7926.4800,8078.7942,PENDING_AG03,FALSE,NOT_FOR_ENFORCEMENT,9511.7760,503536.3200,9908.1000,9511.7760,396.3240,0.01730863,0.01661628,396.3240,9511.7760,0.01661628,396.3240,396.3240,396.3240,396.3240,396.3240,9511.7760,0.01661628,1981.6200,1829.3058,7926.4800,8078.7942,0.01384690,0.01411298,0.00069235,439.6598,403.1645,7.6158,471.8143,13.4438,27258.9048,61.9524,,439.6598,50.0,150.0,500.0,1000.0,2000.0,3959.9609,110.0,0.0,13.333333,26.39974,2.931065,29,147,15,4,0E-8,0.01730863,,0E-8,0.000000,0.916288,0.000000,,2026-05-21,2026-07-03,21,737,411,44,0.477273,,,0.000000,,,,,,,,GLOBAL_BASELINE_NO_ENTITY_RANKING,,,NOT_APPLICABLE_GLOBAL_BASELINE,HF9g-P5,,,,X 全窗基线 · 不参与实体赏罚,15057495,1506,A168_HF9F_20260827_0900,2026-08-27 09:00:00
2026-05-25,150345145,925,0,440.0000000000,-100.0000000000,-100.0000000000,0.3333333,4,4,0.49324550000000000,0.493245500000,-0.5540025479526107,-0.5540025479526106,-0.5540025479526107,0E-17,ELIGIBLE,R03b_20260811_FULL_v1,L1_ELIGIBILITY,v2026-08-11,2026-03-21..2026-08-06,baccarat_bet02_101_all_pairs_incl_sentinel,round_win = game_pnl > 0 (decisive only),COMPATIBILITY_ONLY_NOT_PRODUCTION,572437.0000,524517.0000,9908.1000,1302,1301,-0.01730863,,-0.01730863,-0.01730863,-9908.1000,572437.0000,OK,0.0000,396.3240,4.0000,96.0000,AG03-UNRESOLVED,ALL5_LEVELS_bet23_to_bet27,396.3240,396.3240,396.3240,396.3240,396.3240,4.000000,4.000000,4.000000,4.000000,4.000000,96.000000,96.000000,96.000000,96.000000,96.000000,5.0,1981.6200,1829.3058,7926.4800,8078.7942,PENDING_AG03,FALSE,NOT_FOR_ENFORCEMENT,9511.7760,503536.3200,9908.1000,9511.7760,396.3240,0.01730863,0.01661628,396.3240,9511.7760,0.01661628,396.3240,396.3240,396.3240,396.3240,396.3240,9511.7760,0.01661628,1981.6200,1829.3058,7926.4800,8078.7942,0.01384690,0.01411298,0.00069235,439.6598,403.1645,7.6158,471.8143,13.4438,27258.9048,61.9524,,439.6598,50.0,150.0,500.0,1000.0,2000.0,3959.9609,110.0,0.0,13.333333,26.39974,2.931065,29,147,15,4,0E-8,0.01730863,,0E-8,0.000000,0.916288,0.000000,,2026-05-21,2026-07-03,21,737,411,44,0.477273,,,0.000000,,,,,,,,GLOBAL_BASELINE_NO_ENTITY_RANKING,,,NOT_APPLICABLE_GLOBAL_BASELINE,HF9g-P5,,,,X 全窗基线 · 不参与实体赏罚,15057496,1506,A168_HF9F_20260827_0900,2026-08-27 09:00:00
2026-05-25,150345145,986,0,29.0000000000,-29.0000000000,-29.0000000000,0E-7,1,1,0.49324550000000000,0.493245500000,-0.9865810262130424,-0.9865810262130424,-0.9865810262130424,0E-17,ELIGIBLE,R03b_20260811_FULL_v1,L1_ELIGIBILITY,v2026-08-11,2026-03-21..2026-08-06,baccarat_bet02_101_all_pairs_incl_sentinel,round_win = game_pnl > 0 (decisive only),COMPATIBILITY_ONLY_NOT_PRODUCTION,572437.0000,524517.0000,9908.1000,1302,1301,-0.01730863,,-0.01730863,-0.01730863,-9908.1000,572437.0000,OK,0.0000,396.3240,4.0000,96.0000,AG03-UNRESOLVED,ALL5_LEVELS_bet23_to_bet27,396.3240,396.3240,396.3240,396.3240,396.3240,4.000000,4.000000,4.000000,4.000000,4.000000,96.000000,96.000000,96.000000,96.000000,96.000000,5.0,1981.6200,1829.3058,7926.4800,8078.7942,PENDING_AG03,FALSE,NOT_FOR_ENFORCEMENT,9511.7760,503536.3200,9908.1000,9511.7760,396.3240,0.01730863,0.01661628,396.3240,9511.7760,0.01661628,396.3240,396.3240,396.3240,396.3240,396.3240,9511.7760,0.01661628,1981.6200,1829.3058,7926.4800,8078.7942,0.01384690,0.01411298,0.00069235,439.6598,403.1645,7.6158,471.8143,13.4438,27258.9048,61.9524,,439.6598,50.0,150.0,500.0,1000.0,2000.0,3959.9609,110.0,0.0,13.333333,26.39974,2.931065,29,147,15,4,0E-8,0.01730863,,0E-8,0.000000,0.916288,0.000000,,2026-05-21,2026-07-03,21,737,411,44,0.477273,,,0.000000,,,,,,,,GLOBAL_BASELINE_NO_ENTITY_RANKING,,,NOT_APPLICABLE_GLOBAL_BASELINE,HF9g-P5,,,,X 全窗基线 · 不参与实体赏罚,15057497,1506,A168_HF9F_20260827_0900,2026-08-27 09:00:00
2026-05-26,150345145,-1,1,87478.0000000000,6971.2000000000,6971.2000000000,0.5421687,95,94,0.49233723244680851,0.492337232447,0.9080787369883664,0.9080787369848717,0.9080787369883664,-1.9149E-13,SENTINEL_DEALER,R03b_20260811_FULL_v1,L1_ELIGIBILITY,v2026-08-11,2026-03-21..2026-08-06,baccarat_bet02_101_all_pairs_incl_sentinel,round_win = game_pnl > 0 (decisive only),COMPATIBILITY_ONLY_NOT_PRODUCTION,572437.0000,524517.0000,9908.1000,1302,1301,-0.01730863,,-0.01730863,-0.01730863,-9908.1000,572437.0000,OK,0.0000,396.3240,4.0000,96.0000,AG03-UNRESOLVED,ALL5_LEVELS_bet23_to_bet27,396.3240,396.3240,396.3240,396.3240,396.3240,4.000000,4.000000,4.000000,4.000000,4.000000,96.000000,96.000000,96.000000,96.000000,96.000000,5.0,1981.6200,1829.3058,7926.4800,8078.7942,PENDING_AG03,FALSE,NOT_FOR_ENFORCEMENT,9511.7760,503536.3200,9908.1000,9511.7760,396.3240,0.01730863,0.01661628,396.3240,9511.7760,0.01661628,396.3240,396.3240,396.3240,396.3240,396.3240,9511.7760,0.01661628,1981.6200,1829.3058,7926.4800,8078.7942,0.01384690,0.01411298,0.00069235,439.6598,403.1645,7.6158,471.8143,13.4438,27258.9048,61.9524,,439.6598,50.0,150.0,500.0,1000.0,2000.0,3959.9609,110.0,0.0,13.333333,26.39974,2.931065,29,147,15,4,0E-8,0.01730863,,0E-8,0.000000,0.916288,0.000000,,2026-05-21,2026-07-03,21,737,411,44,0.477273,,,0.000000,,,,,,,,GLOBAL_BASELINE_NO_ENTITY_RANKING,,,NOT_APPLICABLE_GLOBAL_BASELINE,HF9g-P5,,,,X 全窗基线 · 不参与实体赏罚,15057498,1506,A168_HF9F_20260827_0900,2026-08-27 09:00:00
2026-05-26,150345145,1004,0,5000.0000000000,5000.0000000000,5000.0000000000,1.0000000,2,2,0.49324550000000000,0.493245500000,1.4334489766152358,1.4334489766152358,1.4334489766152358,0E-17,ELIGIBLE,R03b_20260811_FULL_v1,L1_ELIGIBILITY,v2026-08-11,2026-03-21..2026-08-06,baccarat_bet02_101_all_pairs_incl_sentinel,round_win = game_pnl > 0 (decisive only),COMPATIBILITY_ONLY_NOT_PRODUCTION,572437.0000,524517.0000,9908.1000,1302,1301,-0.01730863,,-0.01730863,-0.01730863,-9908.1000,572437.0000,OK,0.0000,396.3240,4.0000,96.0000,AG03-UNRESOLVED,ALL5_LEVELS_bet23_to_bet27,396.3240,396.3240,396.3240,396.3240,396.3240,4.000000,4.000000,4.000000,4.000000,4.000000,96.000000,96.000000,96.000000,96.000000,96.000000,5.0,1981.6200,1829.3058,7926.4800,8078.7942,PENDING_AG03,FALSE,NOT_FOR_ENFORCEMENT,9511.7760,503536.3200,9908.1000,9511.7760,396.3240,0.01730863,0.01661628,396.3240,9511.7760,0.01661628,396.3240,396.3240,396.3240,396.3240,396.3240,9511.7760,0.01661628,1981.6200,1829.3058,7926.4800,8078.7942,0.01384690,0.01411298,0.00069235,439.6598,403.1645,7.6158,471.8143,13.4438,27258.9048,61.9524,,439.6598,50.0,150.0,500.0,1000.0,2000.0,3959.9609,110.0,0.0,13.333333,26.39974,2.931065,29,147,15,4,0E-8,0.01730863,,0E-8,0.000000,0.916288,0.000000,,2026-05-21,2026-07-03,21,737,411,44,0.477273,,,0.000000,,,,,,,,GLOBAL_BASELINE_NO_ENTITY_RANKING,,,NOT_APPLICABLE_GLOBAL_BASELINE,HF9g-P5,,,,X 全窗基线 · 不参与实体赏罚,15057499,1506,A168_HF9F_20260827_0900,2026-08-27 09:00:00
2026-05-26,150345145,1017,0,240.0000000000,-80.0000000000,-80.0000000000,0.3333333,3,3,0.49324550000000000,0.493245500000,-0.5540025479526107,-0.5540025479526106,-0.5540025479526107,0E-17,ELIGIBLE,R03b_20260811_FULL_v1,L1_ELIGIBILITY,v2026-08-11,2026-03-21..2026-08-06,baccarat_bet02_101_all_pairs_incl_sentinel,round_win = game_pnl > 0 (decisive only),COMPATIBILITY_ONLY_NOT_PRODUCTION,572437.0000,524517.0000,9908.1000,1302,1301,-0.01730863,,-0.01730863,-0.01730863,-9908.1000,572437.0000,OK,0.0000,396.3240,4.0000,96.0000,AG03-UNRESOLVED,ALL5_LEVELS_bet23_to_bet27,396.3240,396.3240,396.3240,396.3240,396.3240,4.000000,4.000000,4.000000,4.000000,4.000000,96.000000,96.000000,96.000000,96.000000,96.000000,5.0,1981.6200,1829.3058,7926.4800,8078.7942,PENDING_AG03,FALSE,NOT_FOR_ENFORCEMENT,9511.7760,503536.3200,9908.1000,9511.7760,396.3240,0.01730863,0.01661628,396.3240,9511.7760,0.01661628,396.3240,396.3240,396.3240,396.3240,396.3240,9511.7760,0.01661628,1981.6200,1829.3058,7926.4800,8078.7942,0.01384690,0.01411298,0.00069235,439.6598,403.1645,7.6158,471.8143,13.4438,27258.9048,61.9524,,439.6598,50.0,150.0,500.0,1000.0,2000.0,3959.9609,110.0,0.0,13.333333,26.39974,2.931065,29,147,15,4,0E-8,0.01730863,,0E-8,0.000000,0.916288,0.000000,,2026-05-21,2026-07-03,21,737,411,44,0.477273,,,0.000000,,,,,,,,GLOBAL_BASELINE_NO_ENTITY_RANKING,,,NOT_APPLICABLE_GLOBAL_BASELINE,HF9g-P5,,,,X 全窗基线 · 不参与实体赏罚,15057500,1506,A168_HF9F_20260827_0900,2026-08-27 09:00:00
2026-05-26,150345145,1078,0,3500.0000000000,-3000.0000000000,-3000.0000000000,0E-7,2,2,0.49994810000000000,0.499948100000,-0.9998962053866608,-0.9998962053866608,-0.9998962053866608,0E-17,ELIGIBLE,R03b_20260811_FULL_v1,L1_ELIGIBILITY,v2026-08-11,2026-03-21..2026-08-06,baccarat_bet02_101_all_pairs_incl_sentinel,round_win = game_pnl > 0 (decisive only),COMPATIBILITY_ONLY_NOT_PRODUCTION,572437.0000,524517.0000,9908.1000,1302,1301,-0.01730863,,-0.01730863,-0.01730863,-9908.1000,572437.0000,OK,0.0000,396.3240,4.0000,96.0000,AG03-UNRESOLVED,ALL5_LEVELS_bet23_to_bet27,396.3240,396.3240,396.3240,396.3240,396.3240,4.000000,4.000000,4.000000,4.000000,4.000000,96.000000,96.000000,96.000000,96.000000,96.000000,5.0,1981.6200,1829.3058,7926.4800,8078.7942,PENDING_AG03,FALSE,NOT_FOR_ENFORCEMENT,9511.7760,503536.3200,9908.1000,9511.7760,396.3240,0.01730863,0.01661628,396.3240,9511.7760,0.01661628,396.3240,396.3240,396.3240,396.3240,396.3240,9511.7760,0.01661628,1981.6200,1829.3058,7926.4800,8078.7942,0.01384690,0.01411298,0.00069235,439.6598,403.1645,7.6158,471.8143,13.4438,27258.9048,61.9524,,439.6598,50.0,150.0,500.0,1000.0,2000.0,3959.9609,110.0,0.0,13.333333,26.39974,2.931065,29,147,15,4,0E-8,0.01730863,,0E-8,0.000000,0.916288,0.000000,,2026-05-21,2026-07-03,21,737,411,44,0.477273,,,0.000000,,,,,,,,GLOBAL_BASELINE_NO_ENTITY_RANKING,,,NOT_APPLICABLE_GLOBAL_BASELINE,HF9g-P5,,,,X 全窗基线 · 不参与实体赏罚,15057501,1506,A168_HF9F_20260827_0900,2026-08-27 09:00:00
2026-05-26,150345145,1109,0,750.0000000000,-750.0000000000,-750.0000000000,0E-7,2,2,0.49324550000000000,0.493245500000,-1.3952362676504506,-1.3952362676504506,-1.3952362676504506,0E-17,ELIGIBLE,R03b_20260811_FULL_v1,L1_ELIGIBILITY,v2026-08-11,2026-03-21..2026-08-06,baccarat_bet02_101_all_pairs_incl_sentinel,round_win = game_pnl > 0 (decisive only),COMPATIBILITY_ONLY_NOT_PRODUCTION,572437.0000,524517.0000,9908.1000,1302,1301,-0.01730863,,-0.01730863,-0.01730863,-9908.1000,572437.0000,OK,0.0000,396.3240,4.0000,96.0000,AG03-UNRESOLVED,ALL5_LEVELS_bet23_to_bet27,396.3240,396.3240,396.3240,396.3240,396.3240,4.000000,4.000000,4.000000,4.000000,4.000000,96.000000,96.000000,96.000000,96.000000,96.000000,5.0,1981.6200,1829.3058,7926.4800,8078.7942,PENDING_AG03,FALSE,NOT_FOR_ENFORCEMENT,9511.7760,503536.3200,9908.1000,9511.7760,396.3240,0.01730863,0.01661628,396.3240,9511.7760,0.01661628,396.3240,396.3240,396.3240,396.3240,396.3240,9511.7760,0.01661628,1981.6200,1829.3058,7926.4800,8078.7942,0.01384690,0.01411298,0.00069235,439.6598,403.1645,7.6158,471.8143,13.4438,27258.9048,61.9524,,439.6598,50.0,150.0,500.0,1000.0,2000.0,3959.9609,110.0,0.0,13.333333,26.39974,2.931065,29,147,15,4,0E-8,0.01730863,,0E-8,0.000000,0.916288,0.000000,,2026-05-21,2026-07-03,21,737,411,44,0.477273,,,0.000000,,,,,,,,GLOBAL_BASELINE_NO_ENTITY_RANKING,,,NOT_APPLICABLE_GLOBAL_BASELINE,HF9g-P5,,,,X 全窗基线 · 不参与实体赏罚,15057502,1506,A168_HF9F_20260827_0900,2026-08-27 09:00:00
2026-05-26,150345145,1157,0,2400.0000000000,-1950.0000000000,-1950.0000000000,0.2500000,5,5,0.49860758000000000,0.498607580000,-0.9944341760919779,-0.9944341760919779,-0.9944341760919779,0E-17,ELIGIBLE,R03b_20260811_FULL_v1,L1_ELIGIBILITY,v2026-08-11,2026-03-21..2026-08-06,baccarat_bet02_101_all_pairs_incl_sentinel,round_win = game_pnl > 0 (decisive only),COMPATIBILITY_ONLY_NOT_PRODUCTION,572437.0000,524517.0000,9908.1000,1302,1301,-0.01730863,,-0.01730863,-0.01730863,-9908.1000,572437.0000,OK,0.0000,396.3240,4.0000,96.0000,AG03-UNRESOLVED,ALL5_LEVELS_bet23_to_bet27,396.3240,396.3240,396.3240,396.3240,396.3240,4.000000,4.000000,4.000000,4.000000,4.000000,96.000000,96.000000,96.000000,96.000000,96.000000,5.0,1981.6200,1829.3058,7926.4800,8078.7942,PENDING_AG03,FALSE,NOT_FOR_ENFORCEMENT,9511.7760,503536.3200,9908.1000,9511.7760,396.3240,0.01730863,0.01661628,396.3240,9511.7760,0.01661628,396.3240,396.3240,396.3240,396.3240,396.3240,9511.7760,0.01661628,1981.6200,1829.3058,7926.4800,8078.7942,0.01384690,0.01411298,0.00069235,439.6598,403.1645,7.6158,471.8143,13.4438,27258.9048,61.9524,,439.6598,50.0,150.0,500.0,1000.0,2000.0,3959.9609,110.0,0.0,13.333333,26.39974,2.931065,29,147,15,4,0E-8,0.01730863,,0E-8,0.000000,0.916288,0.000000,,2026-05-21,2026-07-03,21,737,411,44,0.477273,,,0.000000,,,,,,,,GLOBAL_BASELINE_NO_ENTITY_RANKING,,,NOT_APPLICABLE_GLOBAL_BASELINE,HF9g-P5,,,,X 全窗基线 · 不参与实体赏罚,15057503,1506,A168_HF9F_20260827_0900,2026-08-27 09:00:00
2026-05-26,150345145,1302,0,100.0000000000,0E-10,0E-10,,1,1,0.49324550000000000,0.493245500000,,,,0E-17,NO_DECISIVE_ROUND,R03b_20260811_FULL_v1,L1_ELIGIBILITY,v2026-08-11,2026-03-21..2026-08-06,baccarat_bet02_101_all_pairs_incl_sentinel,round_win = game_pnl > 0 (decisive only),COMPATIBILITY_ONLY_NOT_PRODUCTION,572437.0000,524517.0000,9908.1000,1302,1301,-0.01730863,,-0.01730863,-0.01730863,-9908.1000,572437.0000,OK,0.0000,396.3240,4.0000,96.0000,AG03-UNRESOLVED,ALL5_LEVELS_bet23_to_bet27,396.3240,396.3240,396.3240,396.3240,396.3240,4.000000,4.000000,4.000000,4.000000,4.000000,96.000000,96.000000,96.000000,96.000000,96.000000,5.0,1981.6200,1829.3058,7926.4800,8078.7942,PENDING_AG03,FALSE,NOT_FOR_ENFORCEMENT,9511.7760,503536.3200,9908.1000,9511.7760,396.3240,0.01730863,0.01661628,396.3240,9511.7760,0.01661628,396.3240,396.3240,396.3240,396.3240,396.3240,9511.7760,0.01661628,1981.6200,1829.3058,7926.4800,8078.7942,0.01384690,0.01411298,0.00069235,439.6598,403.1645,7.6158,471.8143,13.4438,27258.9048,61.9524,,439.6598,50.0,150.0,500.0,1000.0,2000.0,3959.9609,110.0,0.0,13.333333,26.39974,2.931065,29,147,15,4,0E-8,0.01730863,,0E-8,0.000000,0.916288,0.000000,,2026-05-21,2026-07-03,21,737,411,44,0.477273,,,0.000000,,,,,,,,GLOBAL_BASELINE_NO_ENTITY_RANKING,,,NOT_APPLICABLE_GLOBAL_BASELINE,HF9g-P5,,,,X 全窗基线 · 不参与实体赏罚,15057504,1506,A168_HF9F_20260827_0900,2026-08-27 09:00:00
2026-05-26,150345145,1307,0,7.0000000000,-7.0000000000,-7.0000000000,0E-7,1,1,0.49324550000000000,0.493245500000,-0.9865810262130424,-0.9865810262130424,-0.9865810262130424,0E-17,ELIGIBLE,R03b_20260811_FULL_v1,L1_ELIGIBILITY,v2026-08-11,2026-03-21..2026-08-06,baccarat_bet02_101_all_pairs_incl_sentinel,round_win = game_pnl > 0 (decisive only),COMPATIBILITY_ONLY_NOT_PRODUCTION,572437.0000,524517.0000,9908.1000,1302,1301,-0.01730863,,-0.01730863,-0.01730863,-9908.1000,572437.0000,OK,0.0000,396.3240,4.0000,96.0000,AG03-UNRESOLVED,ALL5_LEVELS_bet23_to_bet27,396.3240,396.3240,396.3240,396.3240,396.3240,4.000000,4.000000,4.000000,4.000000,4.000000,96.000000,96.000000,96.000000,96.000000,96.000000,5.0,1981.6200,1829.3058,7926.4800,8078.7942,PENDING_AG03,FALSE,NOT_FOR_ENFORCEMENT,9511.7760,503536.3200,9908.1000,9511.7760,396.3240,0.01730863,0.01661628,396.3240,9511.7760,0.01661628,396.3240,396.3240,396.3240,396.3240,396.3240,9511.7760,0.01661628,1981.6200,1829.3058,7926.4800,8078.7942,0.01384690,0.01411298,0.00069235,439.6598,403.1645,7.6158,471.8143,13.4438,27258.9048,61.9524,,439.6598,50.0,150.0,500.0,1000.0,2000.0,3959.9609,110.0,0.0,13.333333,26.39974,2.931065,29,147,15,4,0E-8,0.01730863,,0E-8,0.000000,0.916288,0.000000,,2026-05-21,2026-07-03,21,737,411,44,0.477273,,,0.000000,,,,,,,,GLOBAL_BASELINE_NO_ENTITY_RANKING,,,NOT_APPLICABLE_GLOBAL_BASELINE,HF9g-P5,,,,X 全窗基线 · 不参与实体赏罚,15057505,1506,A168_HF9F_20260827_0900,2026-08-27 09:00:00
2026-05-26,150345145,1323,0,2000.0000000000,-2000.0000000000,-2000.0000000000,0E-7,2,2,0.49994810000000000,0.499948100000,-1.4140667746232096,-1.4140667746232096,-1.4140667746232096,0E-17,ELIGIBLE,R03b_20260811_FULL_v1,L1_ELIGIBILITY,v2026-08-11,2026-03-21..2026-08-06,baccarat_bet02_101_all_pairs_incl_sentinel,round_win = game_pnl > 0 (decisive only),COMPATIBILITY_ONLY_NOT_PRODUCTION,572437.0000,524517.0000,9908.1000,1302,1301,-0.01730863,,-0.01730863,-0.01730863,-9908.1000,572437.0000,OK,0.0000,396.3240,4.0000,96.0000,AG03-UNRESOLVED,ALL5_LEVELS_bet23_to_bet27,396.3240,396.3240,396.3240,396.3240,396.3240,4.000000,4.000000,4.000000,4.000000,4.000000,96.000000,96.000000,96.000000,96.000000,96.000000,5.0,1981.6200,1829.3058,7926.4800,8078.7942,PENDING_AG03,FALSE,NOT_FOR_ENFORCEMENT,9511.7760,503536.3200,9908.1000,9511.7760,396.3240,0.01730863,0.01661628,396.3240,9511.7760,0.01661628,396.3240,396.3240,396.3240,396.3240,396.3240,9511.7760,0.01661628,1981.6200,1829.3058,7926.4800,8078.7942,0.01384690,0.01411298,0.00069235,439.6598,403.1645,7.6158,471.8143,13.4438,27258.9048,61.9524,,439.6598,50.0,150.0,500.0,1000.0,2000.0,3959.9609,110.0,0.0,13.333333,26.39974,2.931065,29,147,15,4,0E-8,0.01730863,,0E-8,0.000000,0.916288,0.000000,,2026-05-21,2026-07-03,21,737,411,44,0.477273,,,0.000000,,,,,,,,GLOBAL_BASELINE_NO_ENTITY_RANKING,,,NOT_APPLICABLE_GLOBAL_BASELINE,HF9g-P5,,,,X 全窗基线 · 不参与实体赏罚,15057506,1506,A168_HF9F_20260827_0900,2026-08-27 09:00:00
2026-05-26,150345145,1363,0,300.0000000000,200.0000000000,200.0000000000,1.0000000,3,3,0.49324550000000000,0.493245500000,1.4334489766152358,1.4334489766152358,1.4334489766152358,0E-17,ELIGIBLE,R03b_20260811_FULL_v1,L1_ELIGIBILITY,v2026-08-11,2026-03-21..2026-08-06,baccarat_bet02_101_all_pairs_incl_sentinel,round_win = game_pnl > 0 (decisive only),COMPATIBILITY_ONLY_NOT_PRODUCTION,572437.0000,524517.0000,9908.1000,1302,1301,-0.01730863,,-0.01730863,-0.01730863,-9908.1000,572437.0000,OK,0.0000,396.3240,4.0000,96.0000,AG03-UNRESOLVED,ALL5_LEVELS_bet23_to_bet27,396.3240,396.3240,396.3240,396.3240,396.3240,4.000000,4.000000,4.000000,4.000000,4.000000,96.000000,96.000000,96.000000,96.000000,96.000000,5.0,1981.6200,1829.3058,7926.4800,8078.7942,PENDING_AG03,FALSE,NOT_FOR_ENFORCEMENT,9511.7760,503536.3200,9908.1000,9511.7760,396.3240,0.01730863,0.01661628,396.3240,9511.7760,0.01661628,396.3240,396.3240,396.3240,396.3240,396.3240,9511.7760,0.01661628,1981.6200,1829.3058,7926.4800,8078.7942,0.01384690,0.01411298,0.00069235,439.6598,403.1645,7.6158,471.8143,13.4438,27258.9048,61.9524,,439.6598,50.0,150.0,500.0,1000.0,2000.0,3959.9609,110.0,0.0,13.333333,26.39974,2.931065,29,147,15,4,0E-8,0.01730863,,0E-8,0.000000,0.916288,0.000000,,2026-05-21,2026-07-03,21,737,411,44,0.477273,,,0.000000,,,,,,,,GLOBAL_BASELINE_NO_ENTITY_RANKING,,,NOT_APPLICABLE_GLOBAL_BASELINE,HF9g-P5,,,,X 全窗基线 · 不参与实体赏罚,15057507,1506,A168_HF9F_20260827_0900,2026-08-27 09:00:00
2026-05-26,150345145,1374,0,158.0000000000,52.0000000000,52.0000000000,0.5000000,2,2,0.49324550000000000,0.493245500000,0.01910635448239258,0.01910635448239258,0.01910635448239258,0E-17,ELIGIBLE,R03b_20260811_FULL_v1,L1_ELIGIBILITY,v2026-08-11,2026-03-21..2026-08-06,baccarat_bet02_101_all_pairs_incl_sentinel,round_win = game_pnl > 0 (decisive only),COMPATIBILITY_ONLY_NOT_PRODUCTION,572437.0000,524517.0000,9908.1000,1302,1301,-0.01730863,,-0.01730863,-0.01730863,-9908.1000,572437.0000,OK,0.0000,396.3240,4.0000,96.0000,AG03-UNRESOLVED,ALL5_LEVELS_bet23_to_bet27,396.3240,396.3240,396.3240,396.3240,396.3240,4.000000,4.000000,4.000000,4.000000,4.000000,96.000000,96.000000,96.000000,96.000000,96.000000,5.0,1981.6200,1829.3058,7926.4800,8078.7942,PENDING_AG03,FALSE,NOT_FOR_ENFORCEMENT,9511.7760,503536.3200,9908.1000,9511.7760,396.3240,0.01730863,0.01661628,396.3240,9511.7760,0.01661628,396.3240,396.3240,396.3240,396.3240,396.3240,9511.7760,0.01661628,1981.6200,1829.3058,7926.4800,8078.7942,0.01384690,0.01411298,0.00069235,439.6598,403.1645,7.6158,471.8143,13.4438,27258.9048,61.9524,,439.6598,50.0,150.0,500.0,1000.0,2000.0,3959.9609,110.0,0.0,13.333333,26.39974,2.931065,29,147,15,4,0E-8,0.01730863,,0E-8,0.000000,0.916288,0.000000,,2026-05-21,2026-07-03,21,737,411,44,0.477273,,,0.000000,,,,,,,,GLOBAL_BASELINE_NO_ENTITY_RANKING,,,NOT_APPLICABLE_GLOBAL_BASELINE,HF9g-P5,,,,X 全窗基线 · 不参与实体赏罚,15057508,1506,A168_HF9F_20260827_0900,2026-08-27 09:00:00
2026-05-26,150345145,1382,0,383.0000000000,383.0000000000,383.0000000000,1.0000000,2,2,0.49324550000000000,0.493245500000,1.4334489766152358,1.4334489766152358,1.4334489766152358,0E-17,ELIGIBLE,R03b_20260811_FULL_v1,L1_ELIGIBILITY,v2026-08-11,2026-03-21..2026-08-06,baccarat_bet02_101_all_pairs_incl_sentinel,round_win = game_pnl > 0 (decisive only),COMPATIBILITY_ONLY_NOT_PRODUCTION,572437.0000,524517.0000,9908.1000,1302,1301,-0.01730863,,-0.01730863,-0.01730863,-9908.1000,572437.0000,OK,0.0000,396.3240,4.0000,96.0000,AG03-UNRESOLVED,ALL5_LEVELS_bet23_to_bet27,396.3240,396.3240,396.3240,396.3240,396.3240,4.000000,4.000000,4.000000,4.000000,4.000000,96.000000,96.000000,96.000000,96.000000,96.000000,5.0,1981.6200,1829.3058,7926.4800,8078.7942,PENDING_AG03,FALSE,NOT_FOR_ENFORCEMENT,9511.7760,503536.3200,9908.1000,9511.7760,396.3240,0.01730863,0.01661628,396.3240,9511.7760,0.01661628,396.3240,396.3240,396.3240,396.3240,396.3240,9511.7760,0.01661628,1981.6200,1829.3058,7926.4800,8078.7942,0.01384690,0.01411298,0.00069235,439.6598,403.1645,7.6158,471.8143,13.4438,27258.9048,61.9524,,439.6598,50.0,150.0,500.0,1000.0,2000.0,3959.9609,110.0,0.0,13.333333,26.39974,2.931065,29,147,15,4,0E-8,0.01730863,,0E-8,0.000000,0.916288,0.000000,,2026-05-21,2026-07-03,21,737,411,44,0.477273,,,0.000000,,,,,,,,GLOBAL_BASELINE_NO_ENTITY_RANKING,,,NOT_APPLICABLE_GLOBAL_BASELINE,HF9g-P5,,,,X 全窗基线 · 不参与实体赏罚,15057509,1506,A168_HF9F_20260827_0900,2026-08-27 09:00:00
2026-05-26,150345145,1399,0,303.0000000000,99.0000000000,99.0000000000,0.7500000,4,4,0.49324550000000000,0.493245500000,1.0271117246678039,1.0271117246678039,1.0271117246678039,0E-17,ELIGIBLE,R03b_20260811_FULL_v1,L1_ELIGIBILITY,v2026-08-11,2026-03-21..2026-08-06,baccarat_bet02_101_all_pairs_incl_sentinel,round_win = game_pnl > 0 (decisive only),COMPATIBILITY_ONLY_NOT_PRODUCTION,572437.0000,524517.0000,9908.1000,1302,1301,-0.01730863,,-0.01730863,-0.01730863,-9908.1000,572437.0000,OK,0.0000,396.3240,4.0000,96.0000,AG03-UNRESOLVED,ALL5_LEVELS_bet23_to_bet27,396.3240,396.3240,396.3240,396.3240,396.3240,4.000000,4.000000,4.000000,4.000000,4.000000,96.000000,96.000000,96.000000,96.000000,96.000000,5.0,1981.6200,1829.3058,7926.4800,8078.7942,PENDING_AG03,FALSE,NOT_FOR_ENFORCEMENT,9511.7760,503536.3200,9908.1000,9511.7760,396.3240,0.01730863,0.01661628,396.3240,9511.7760,0.01661628,396.3240,396.3240,396.3240,396.3240,396.3240,9511.7760,0.01661628,1981.6200,1829.3058,7926.4800,8078.7942,0.01384690,0.01411298,0.00069235,439.6598,403.1645,7.6158,471.8143,13.4438,27258.9048,61.9524,,439.6598,50.0,150.0,500.0,1000.0,2000.0,3959.9609,110.0,0.0,13.333333,26.39974,2.931065,29,147,15,4,0E-8,0.01730863,,0E-8,0.000000,0.916288,0.000000,,2026-05-21,2026-07-03,21,737,411,44,0.477273,,,0.000000,,,,,,,,GLOBAL_BASELINE_NO_ENTITY_RANKING,,,NOT_APPLICABLE_GLOBAL_BASELINE,HF9g-P5,,,,X 全窗基线 · 不参与实体赏罚,15057510,1506,A168_HF9F_20260827_0900,2026-08-27 09:00:00
2026-05-26,150345145,1485,0,402.0000000000,-102.0000000000,-102.0000000000,0E-7,2,2,0.49324550000000000,0.493245500000,-0.9865810262130424,-0.9865810262130424,-0.9865810262130424,0E-17,ELIGIBLE,R03b_20260811_FULL_v1,L1_ELIGIBILITY,v2026-08-11,2026-03-21..2026-08-06,baccarat_bet02_101_all_pairs_incl_sentinel,round_win = game_pnl > 0 (decisive only),COMPATIBILITY_ONLY_NOT_PRODUCTION,572437.0000,524517.0000,9908.1000,1302,1301,-0.01730863,,-0.01730863,-0.01730863,-9908.1000,572437.0000,OK,0.0000,396.3240,4.0000,96.0000,AG03-UNRESOLVED,ALL5_LEVELS_bet23_to_bet27,396.3240,396.3240,396.3240,396.3240,396.3240,4.000000,4.000000,4.000000,4.000000,4.000000,96.000000,96.000000,96.000000,96.000000,96.000000,5.0,1981.6200,1829.3058,7926.4800,8078.7942,PENDING_AG03,FALSE,NOT_FOR_ENFORCEMENT,9511.7760,503536.3200,9908.1000,9511.7760,396.3240,0.01730863,0.01661628,396.3240,9511.7760,0.01661628,396.3240,396.3240,396.3240,396.3240,396.3240,9511.7760,0.01661628,1981.6200,1829.3058,7926.4800,8078.7942,0.01384690,0.01411298,0.00069235,439.6598,403.1645,7.6158,471.8143,13.4438,27258.9048,61.9524,,439.6598,50.0,150.0,500.0,1000.0,2000.0,3959.9609,110.0,0.0,13.333333,26.39974,2.931065,29,147,15,4,0E-8,0.01730863,,0E-8,0.000000,0.916288,0.000000,,2026-05-21,2026-07-03,21,737,411,44,0.477273,,,0.000000,,,,,,,,GLOBAL_BASELINE_NO_ENTITY_RANKING,,,NOT_APPLICABLE_GLOBAL_BASELINE,HF9g-P5,,,,X 全窗基线 · 不参与实体赏罚,15057511,1506,A168_HF9F_20260827_0900,2026-08-27 09:00:00
2026-05-26,150345145,1507,0,2000.0000000000,0E-10,0E-10,0.5000000,2,2,0.49324550000000000,0.493245500000,0.01910635448239258,0.01910635448239258,0.01910635448239258,0E-17,ELIGIBLE,R03b_20260811_FULL_v1,L1_ELIGIBILITY,v2026-08-11,2026-03-21..2026-08-06,baccarat_bet02_101_all_pairs_incl_sentinel,round_win = game_pnl > 0 (decisive only),COMPATIBILITY_ONLY_NOT_PRODUCTION,572437.0000,524517.0000,9908.1000,1302,1301,-0.01730863,,-0.01730863,-0.01730863,-9908.1000,572437.0000,OK,0.0000,396.3240,4.0000,96.0000,AG03-UNRESOLVED,ALL5_LEVELS_bet23_to_bet27,396.3240,396.3240,396.3240,396.3240,396.3240,4.000000,4.000000,4.000000,4.000000,4.000000,96.000000,96.000000,96.000000,96.000000,96.000000,5.0,1981.6200,1829.3058,7926.4800,8078.7942,PENDING_AG03,FALSE,NOT_FOR_ENFORCEMENT,9511.7760,503536.3200,9908.1000,9511.7760,396.3240,0.01730863,0.01661628,396.3240,9511.7760,0.01661628,396.3240,396.3240,396.3240,396.3240,396.3240,9511.7760,0.01661628,1981.6200,1829.3058,7926.4800,8078.7942,0.01384690,0.01411298,0.00069235,439.6598,403.1645,7.6158,471.8143,13.4438,27258.9048,61.9524,,439.6598,50.0,150.0,500.0,1000.0,2000.0,3959.9609,110.0,0.0,13.333333,26.39974,2.931065,29,147,15,4,0E-8,0.01730863,,0E-8,0.000000,0.916288,0.000000,,2026-05-21,2026-07-03,21,737,411,44,0.477273,,,0.000000,,,,,,,,GLOBAL_BASELINE_NO_ENTITY_RANKING,,,NOT_APPLICABLE_GLOBAL_BASELINE,HF9g-P5,,,,X 全窗基线 · 不参与实体赏罚,15057512,1506,A168_HF9F_20260827_0900,2026-08-27 09:00:00
2026-05-26,150345145,1509,0,304.0000000000,-152.0000000000,-152.0000000000,0E-7,2,2,0.49324550000000000,0.493245500000,-0.9865810262130424,-0.9865810262130424,-0.9865810262130424,0E-17,ELIGIBLE,R03b_20260811_FULL_v1,L1_ELIGIBILITY,v2026-08-11,2026-03-21..2026-08-06,baccarat_bet02_101_all_pairs_incl_sentinel,round_win = game_pnl > 0 (decisive only),COMPATIBILITY_ONLY_NOT_PRODUCTION,572437.0000,524517.0000,9908.1000,1302,1301,-0.01730863,,-0.01730863,-0.01730863,-9908.1000,572437.0000,OK,0.0000,396.3240,4.0000,96.0000,AG03-UNRESOLVED,ALL5_LEVELS_bet23_to_bet27,396.3240,396.3240,396.3240,396.3240,396.3240,4.000000,4.000000,4.000000,4.000000,4.000000,96.000000,96.000000,96.000000,96.000000,96.000000,5.0,1981.6200,1829.3058,7926.4800,8078.7942,PENDING_AG03,FALSE,NOT_FOR_ENFORCEMENT,9511.7760,503536.3200,9908.1000,9511.7760,396.3240,0.01730863,0.01661628,396.3240,9511.7760,0.01661628,396.3240,396.3240,396.3240,396.3240,396.3240,9511.7760,0.01661628,1981.6200,1829.3058,7926.4800,8078.7942,0.01384690,0.01411298,0.00069235,439.6598,403.1645,7.6158,471.8143,13.4438,27258.9048,61.9524,,439.6598,50.0,150.0,500.0,1000.0,2000.0,3959.9609,110.0,0.0,13.333333,26.39974,2.931065,29,147,15,4,0E-8,0.01730863,,0E-8,0.000000,0.916288,0.000000,,2026-05-21,2026-07-03,21,737,411,44,0.477273,,,0.000000,,,,,,,,GLOBAL_BASELINE_NO_ENTITY_RANKING,,,NOT_APPLICABLE_GLOBAL_BASELINE,HF9g-P5,,,,X 全窗基线 · 不参与实体赏罚,15057513,1506,A168_HF9F_20260827_0900,2026-08-27 09:00:00
2026-05-26,150345145,1623,0,200.0000000000,-200.0000000000,-200.0000000000,0E-7,1,1,0.49324550000000000,0.493245500000,-0.9865810262130424,-0.9865810262130424,-0.9865810262130424,0E-17,ELIGIBLE,R03b_20260811_FULL_v1,L1_ELIGIBILITY,v2026-08-11,2026-03-21..2026-08-06,baccarat_bet02_101_all_pairs_incl_sentinel,round_win = game_pnl > 0 (decisive only),COMPATIBILITY_ONLY_NOT_PRODUCTION,572437.0000,524517.0000,9908.1000,1302,1301,-0.01730863,,-0.01730863,-0.01730863,-9908.1000,572437.0000,OK,0.0000,396.3240,4.0000,96.0000,AG03-UNRESOLVED,ALL5_LEVELS_bet23_to_bet27,396.3240,396.3240,396.3240,396.3240,396.3240,4.000000,4.000000,4.000000,4.000000,4.000000,96.000000,96.000000,96.000000,96.000000,96.000000,5.0,1981.6200,1829.3058,7926.4800,8078.7942,PENDING_AG03,FALSE,NOT_FOR_ENFORCEMENT,9511.7760,503536.3200,9908.1000,9511.7760,396.3240,0.01730863,0.01661628,396.3240,9511.7760,0.01661628,396.3240,396.3240,396.3240,396.3240,396.3240,9511.7760,0.01661628,1981.6200,1829.3058,7926.4800,8078.7942,0.01384690,0.01411298,0.00069235,439.6598,403.1645,7.6158,471.8143,13.4438,27258.9048,61.9524,,439.6598,50.0,150.0,500.0,1000.0,2000.0,3959.9609,110.0,0.0,13.333333,26.39974,2.931065,29,147,15,4,0E-8,0.01730863,,0E-8,0.000000,0.916288,0.000000,,2026-05-21,2026-07-03,21,737,411,44,0.477273,,,0.000000,,,,,,,,GLOBAL_BASELINE_NO_ENTITY_RANKING,,,NOT_APPLICABLE_GLOBAL_BASELINE,HF9g-P5,,,,X 全窗基线 · 不参与实体赏罚,15057514,1506,A168_HF9F_20260827_0900,2026-08-27 09:00:00
2026-05-26,150345145,1750,0,1000.0000000000,-1000.0000000000,-1000.0000000000,0E-7,1,1,0.49324550000000000,0.493245500000,-0.9865810262130424,-0.9865810262130424,-0.9865810262130424,0E-17,ELIGIBLE,R03b_20260811_FULL_v1,L1_ELIGIBILITY,v2026-08-11,2026-03-21..2026-08-06,baccarat_bet02_101_all_pairs_incl_sentinel,round_win = game_pnl > 0 (decisive only),COMPATIBILITY_ONLY_NOT_PRODUCTION,572437.0000,524517.0000,9908.1000,1302,1301,-0.01730863,,-0.01730863,-0.01730863,-9908.1000,572437.0000,OK,0.0000,396.3240,4.0000,96.0000,AG03-UNRESOLVED,ALL5_LEVELS_bet23_to_bet27,396.3240,396.3240,396.3240,396.3240,396.3240,4.000000,4.000000,4.000000,4.000000,4.000000,96.000000,96.000000,96.000000,96.000000,96.000000,5.0,1981.6200,1829.3058,7926.4800,8078.7942,PENDING_AG03,FALSE,NOT_FOR_ENFORCEMENT,9511.7760,503536.3200,9908.1000,9511.7760,396.3240,0.01730863,0.01661628,396.3240,9511.7760,0.01661628,396.3240,396.3240,396.3240,396.3240,396.3240,9511.7760,0.01661628,1981.6200,1829.3058,7926.4800,8078.7942,0.01384690,0.01411298,0.00069235,439.6598,403.1645,7.6158,471.8143,13.4438,27258.9048,61.9524,,439.6598,50.0,150.0,500.0,1000.0,2000.0,3959.9609,110.0,0.0,13.333333,26.39974,2.931065,29,147,15,4,0E-8,0.01730863,,0E-8,0.000000,0.916288,0.000000,,2026-05-21,2026-07-03,21,737,411,44,0.477273,,,0.000000,,,,,,,,GLOBAL_BASELINE_NO_ENTITY_RANKING,,,NOT_APPLICABLE_GLOBAL_BASELINE,HF9g-P5,,,,X 全窗基线 · 不参与实体赏罚,15057515,1506,A168_HF9F_20260827_0900,2026-08-27 09:00:00
2026-05-26,150345145,1940,0,94.0000000000,-94.0000000000,-94.0000000000,0E-7,1,1,0.49324550000000000,0.493245500000,-0.9865810262130424,-0.9865810262130424,-0.9865810262130424,0E-17,ELIGIBLE,R03b_20260811_FULL_v1,L1_ELIGIBILITY,v2026-08-11,2026-03-21..2026-08-06,baccarat_bet02_101_all_pairs_incl_sentinel,round_win = game_pnl > 0 (decisive only),COMPATIBILITY_ONLY_NOT_PRODUCTION,572437.0000,524517.0000,9908.1000,1302,1301,-0.01730863,,-0.01730863,-0.01730863,-9908.1000,572437.0000,OK,0.0000,396.3240,4.0000,96.0000,AG03-UNRESOLVED,ALL5_LEVELS_bet23_to_bet27,396.3240,396.3240,396.3240,396.3240,396.3240,4.000000,4.000000,4.000000,4.000000,4.000000,96.000000,96.000000,96.000000,96.000000,96.000000,5.0,1981.6200,1829.3058,7926.4800,8078.7942,PENDING_AG03,FALSE,NOT_FOR_ENFORCEMENT,9511.7760,503536.3200,9908.1000,9511.7760,396.3240,0.01730863,0.01661628,396.3240,9511.7760,0.01661628,396.3240,396.3240,396.3240,396.3240,396.3240,9511.7760,0.01661628,1981.6200,1829.3058,7926.4800,8078.7942,0.01384690,0.01411298,0.00069235,439.6598,403.1645,7.6158,471.8143,13.4438,27258.9048,61.9524,,439.6598,50.0,150.0,500.0,1000.0,2000.0,3959.9609,110.0,0.0,13.333333,26.39974,2.931065,29,147,15,4,0E-8,0.01730863,,0E-8,0.000000,0.916288,0.000000,,2026-05-21,2026-07-03,21,737,411,44,0.477273,,,0.000000,,,,,,,,GLOBAL_BASELINE_NO_ENTITY_RANKING,,,NOT_APPLICABLE_GLOBAL_BASELINE,HF9g-P5,,,,X 全窗基线 · 不参与实体赏罚,15057516,1506,A168_HF9F_20260827_0900,2026-08-27 09:00:00
2026-05-26,150345145,1941,0,5000.0000000000,-5000.0000000000,-5000.0000000000,0E-7,1,1,0.49324550000000000,0.493245500000,-0.9865810262130424,-0.9865810262130424,-0.9865810262130424,0E-17,ELIGIBLE,R03b_20260811_FULL_v1,L1_ELIGIBILITY,v2026-08-11,2026-03-21..2026-08-06,baccarat_bet02_101_all_pairs_incl_sentinel,round_win = game_pnl > 0 (decisive only),COMPATIBILITY_ONLY_NOT_PRODUCTION,572437.0000,524517.0000,9908.1000,1302,1301,-0.01730863,,-0.01730863,-0.01730863,-9908.1000,572437.0000,OK,0.0000,396.3240,4.0000,96.0000,AG03-UNRESOLVED,ALL5_LEVELS_bet23_to_bet27,396.3240,396.3240,396.3240,396.3240,396.3240,4.000000,4.000000,4.000000,4.000000,4.000000,96.000000,96.000000,96.000000,96.000000,96.000000,5.0,1981.6200,1829.3058,7926.4800,8078.7942,PENDING_AG03,FALSE,NOT_FOR_ENFORCEMENT,9511.7760,503536.3200,9908.1000,9511.7760,396.3240,0.01730863,0.01661628,396.3240,9511.7760,0.01661628,396.3240,396.3240,396.3240,396.3240,396.3240,9511.7760,0.01661628,1981.6200,1829.3058,7926.4800,8078.7942,0.01384690,0.01411298,0.00069235,439.6598,403.1645,7.6158,471.8143,13.4438,27258.9048,61.9524,,439.6598,50.0,150.0,500.0,1000.0,2000.0,3959.9609,110.0,0.0,13.333333,26.39974,2.931065,29,147,15,4,0E-8,0.01730863,,0E-8,0.000000,0.916288,0.000000,,2026-05-21,2026-07-03,21,737,411,44,0.477273,,,0.000000,,,,,,,,GLOBAL_BASELINE_NO_ENTITY_RANKING,,,NOT_APPLICABLE_GLOBAL_BASELINE,HF9g-P5,,,,X 全窗基线 · 不参与实体赏罚,15057517,1506,A168_HF9F_20260827_0900,2026-08-27 09:00:00
2026-05-26,150345145,1942,0,586.0000000000,29.0000000000,29.0000000000,0.5000000,6,6,0.49771390000000000,0.497713900000,0.011199674067230152,0.011199674067230152,0.011199674067230152,0E-17,ELIGIBLE,R03b_20260811_FULL_v1,L1_ELIGIBILITY,v2026-08-11,2026-03-21..2026-08-06,baccarat_bet02_101_all_pairs_incl_sentinel,round_win = game_pnl > 0 (decisive only),COMPATIBILITY_ONLY_NOT_PRODUCTION,572437.0000,524517.0000,9908.1000,1302,1301,-0.01730863,,-0.01730863,-0.01730863,-9908.1000,572437.0000,OK,0.0000,396.3240,4.0000,96.0000,AG03-UNRESOLVED,ALL5_LEVELS_bet23_to_bet27,396.3240,396.3240,396.3240,396.3240,396.3240,4.000000,4.000000,4.000000,4.000000,4.000000,96.000000,96.000000,96.000000,96.000000,96.000000,5.0,1981.6200,1829.3058,7926.4800,8078.7942,PENDING_AG03,FALSE,NOT_FOR_ENFORCEMENT,9511.7760,503536.3200,9908.1000,9511.7760,396.3240,0.01730863,0.01661628,396.3240,9511.7760,0.01661628,396.3240,396.3240,396.3240,396.3240,396.3240,9511.7760,0.01661628,1981.6200,1829.3058,7926.4800,8078.7942,0.01384690,0.01411298,0.00069235,439.6598,403.1645,7.6158,471.8143,13.4438,27258.9048,61.9524,,439.6598,50.0,150.0,500.0,1000.0,2000.0,3959.9609,110.0,0.0,13.333333,26.39974,2.931065,29,147,15,4,0E-8,0.01730863,,0E-8,0.000000,0.916288,0.000000,,2026-05-21,2026-07-03,21,737,411,44,0.477273,,,0.000000,,,,,,,,GLOBAL_BASELINE_NO_ENTITY_RANKING,,,NOT_APPLICABLE_GLOBAL_BASELINE,HF9g-P5,,,,X 全窗基线 · 不参与实体赏罚,15057518,1506,A168_HF9F_20260827_0900,2026-08-27 09:00:00
2026-05-26,150345145,1947,0,4500.0000000000,2500.0000000000,2500.0000000000,1.0000000,4,4,0.49324550000000000,0.493245500000,1.755609282511032,1.7556092825110319,1.755609282511032,0E-17,ELIGIBLE,R03b_20260811_FULL_v1,L1_ELIGIBILITY,v2026-08-11,2026-03-21..2026-08-06,baccarat_bet02_101_all_pairs_incl_sentinel,round_win = game_pnl > 0 (decisive only),COMPATIBILITY_ONLY_NOT_PRODUCTION,572437.0000,524517.0000,9908.1000,1302,1301,-0.01730863,,-0.01730863,-0.01730863,-9908.1000,572437.0000,OK,0.0000,396.3240,4.0000,96.0000,AG03-UNRESOLVED,ALL5_LEVELS_bet23_to_bet27,396.3240,396.3240,396.3240,396.3240,396.3240,4.000000,4.000000,4.000000,4.000000,4.000000,96.000000,96.000000,96.000000,96.000000,96.000000,5.0,1981.6200,1829.3058,7926.4800,8078.7942,PENDING_AG03,FALSE,NOT_FOR_ENFORCEMENT,9511.7760,503536.3200,9908.1000,9511.7760,396.3240,0.01730863,0.01661628,396.3240,9511.7760,0.01661628,396.3240,396.3240,396.3240,396.3240,396.3240,9511.7760,0.01661628,1981.6200,1829.3058,7926.4800,8078.7942,0.01384690,0.01411298,0.00069235,439.6598,403.1645,7.6158,471.8143,13.4438,27258.9048,61.9524,,439.6598,50.0,150.0,500.0,1000.0,2000.0,3959.9609,110.0,0.0,13.333333,26.39974,2.931065,29,147,15,4,0E-8,0.01730863,,0E-8,0.000000,0.916288,0.000000,,2026-05-21,2026-07-03,21,737,411,44,0.477273,,,0.000000,,,,,,,,GLOBAL_BASELINE_NO_ENTITY_RANKING,,,NOT_APPLICABLE_GLOBAL_BASELINE,HF9g-P5,,,,X 全窗基线 · 不参与实体赏罚,15057519,1506,A168_HF9F_20260827_0900,2026-08-27 09:00:00
2026-05-26,150345145,1963,0,1100.0000000000,1100.0000000000,1100.0000000000,1.0000000,2,2,0.49324550000000000,0.493245500000,1.4334489766152358,1.4334489766152358,1.4334489766152358,0E-17,ELIGIBLE,R03b_20260811_FULL_v1,L1_ELIGIBILITY,v2026-08-11,2026-03-21..2026-08-06,baccarat_bet02_101_all_pairs_incl_sentinel,round_win = game_pnl > 0 (decisive only),COMPATIBILITY_ONLY_NOT_PRODUCTION,572437.0000,524517.0000,9908.1000,1302,1301,-0.01730863,,-0.01730863,-0.01730863,-9908.1000,572437.0000,OK,0.0000,396.3240,4.0000,96.0000,AG03-UNRESOLVED,ALL5_LEVELS_bet23_to_bet27,396.3240,396.3240,396.3240,396.3240,396.3240,4.000000,4.000000,4.000000,4.000000,4.000000,96.000000,96.000000,96.000000,96.000000,96.000000,5.0,1981.6200,1829.3058,7926.4800,8078.7942,PENDING_AG03,FALSE,NOT_FOR_ENFORCEMENT,9511.7760,503536.3200,9908.1000,9511.7760,396.3240,0.01730863,0.01661628,396.3240,9511.7760,0.01661628,396.3240,396.3240,396.3240,396.3240,396.3240,9511.7760,0.01661628,1981.6200,1829.3058,7926.4800,8078.7942,0.01384690,0.01411298,0.00069235,439.6598,403.1645,7.6158,471.8143,13.4438,27258.9048,61.9524,,439.6598,50.0,150.0,500.0,1000.0,2000.0,3959.9609,110.0,0.0,13.333333,26.39974,2.931065,29,147,15,4,0E-8,0.01730863,,0E-8,0.000000,0.916288,0.000000,,2026-05-21,2026-07-03,21,737,411,44,0.477273,,,0.000000,,,,,,,,GLOBAL_BASELINE_NO_ENTITY_RANKING,,,NOT_APPLICABLE_GLOBAL_BASELINE,HF9g-P5,,,,X 全窗基线 · 不参与实体赏罚,15057520,1506,A168_HF9F_20260827_0900,2026-08-27 09:00:00
2026-05-26,150345145,1966,0,2562.0000000000,-177.0000000000,-177.0000000000,0.5000000,4,4,0.49324550000000000,0.493245500000,0.01910635448239258,0.01910635448239258,0.01910635448239258,0E-17,ELIGIBLE,R03b_20260811_FULL_v1,L1_ELIGIBILITY,v2026-08-11,2026-03-21..2026-08-06,baccarat_bet02_101_all_pairs_incl_sentinel,round_win = game_pnl > 0 (decisive only),COMPATIBILITY_ONLY_NOT_PRODUCTION,572437.0000,524517.0000,9908.1000,1302,1301,-0.01730863,,-0.01730863,-0.01730863,-9908.1000,572437.0000,OK,0.0000,396.3240,4.0000,96.0000,AG03-UNRESOLVED,ALL5_LEVELS_bet23_to_bet27,396.3240,396.3240,396.3240,396.3240,396.3240,4.000000,4.000000,4.000000,4.000000,4.000000,96.000000,96.000000,96.000000,96.000000,96.000000,5.0,1981.6200,1829.3058,7926.4800,8078.7942,PENDING_AG03,FALSE,NOT_FOR_ENFORCEMENT,9511.7760,503536.3200,9908.1000,9511.7760,396.3240,0.01730863,0.01661628,396.3240,9511.7760,0.01661628,396.3240,396.3240,396.3240,396.3240,396.3240,9511.7760,0.01661628,1981.6200,1829.3058,7926.4800,8078.7942,0.01384690,0.01411298,0.00069235,439.6598,403.1645,7.6158,471.8143,13.4438,27258.9048,61.9524,,439.6598,50.0,150.0,500.0,1000.0,2000.0,3959.9609,110.0,0.0,13.333333,26.39974,2.931065,29,147,15,4,0E-8,0.01730863,,0E-8,0.000000,0.916288,0.000000,,2026-05-21,2026-07-03,21,737,411,44,0.477273,,,0.000000,,,,,,,,GLOBAL_BASELINE_NO_ENTITY_RANKING,,,NOT_APPLICABLE_GLOBAL_BASELINE,HF9g-P5,,,,X 全窗基线 · 不参与实体赏罚,15057521,1506,A168_HF9F_20260827_0900,2026-08-27 09:00:00
2026-05-26,150345145,1985,0,1045.0000000000,-1045.0000000000,-1045.0000000000,0E-7,2,2,0.49324550000000000,0.493245500000,-1.3952362676504506,-1.3952362676504506,-1.3952362676504506,0E-17,ELIGIBLE,R03b_20260811_FULL_v1,L1_ELIGIBILITY,v2026-08-11,2026-03-21..2026-08-06,baccarat_bet02_101_all_pairs_incl_sentinel,round_win = game_pnl > 0 (decisive only),COMPATIBILITY_ONLY_NOT_PRODUCTION,572437.0000,524517.0000,9908.1000,1302,1301,-0.01730863,,-0.01730863,-0.01730863,-9908.1000,572437.0000,OK,0.0000,396.3240,4.0000,96.0000,AG03-UNRESOLVED,ALL5_LEVELS_bet23_to_bet27,396.3240,396.3240,396.3240,396.3240,396.3240,4.000000,4.000000,4.000000,4.000000,4.000000,96.000000,96.000000,96.000000,96.000000,96.000000,5.0,1981.6200,1829.3058,7926.4800,8078.7942,PENDING_AG03,FALSE,NOT_FOR_ENFORCEMENT,9511.7760,503536.3200,9908.1000,9511.7760,396.3240,0.01730863,0.01661628,396.3240,9511.7760,0.01661628,396.3240,396.3240,396.3240,396.3240,396.3240,9511.7760,0.01661628,1981.6200,1829.3058,7926.4800,8078.7942,0.01384690,0.01411298,0.00069235,439.6598,403.1645,7.6158,471.8143,13.4438,27258.9048,61.9524,,439.6598,50.0,150.0,500.0,1000.0,2000.0,3959.9609,110.0,0.0,13.333333,26.39974,2.931065,29,147,15,4,0E-8,0.01730863,,0E-8,0.000000,0.916288,0.000000,,2026-05-21,2026-07-03,21,737,411,44,0.477273,,,0.000000,,,,,,,,GLOBAL_BASELINE_NO_ENTITY_RANKING,,,NOT_APPLICABLE_GLOBAL_BASELINE,HF9g-P5,,,,X 全窗基线 · 不参与实体赏罚,15057522,1506,A168_HF9F_20260827_0900,2026-08-27 09:00:00
2026-05-26,150345145,1994,0,2000.0000000000,0E-10,0E-10,0.5000000,2,2,0.49994810000000000,0.499948100000,0.00014679536856514622,0.00014679536856514622,0.00014679536856514622,0E-17,ELIGIBLE,R03b_20260811_FULL_v1,L1_ELIGIBILITY,v2026-08-11,2026-03-21..2026-08-06,baccarat_bet02_101_all_pairs_incl_sentinel,round_win = game_pnl > 0 (decisive only),COMPATIBILITY_ONLY_NOT_PRODUCTION,572437.0000,524517.0000,9908.1000,1302,1301,-0.01730863,,-0.01730863,-0.01730863,-9908.1000,572437.0000,OK,0.0000,396.3240,4.0000,96.0000,AG03-UNRESOLVED,ALL5_LEVELS_bet23_to_bet27,396.3240,396.3240,396.3240,396.3240,396.3240,4.000000,4.000000,4.000000,4.000000,4.000000,96.000000,96.000000,96.000000,96.000000,96.000000,5.0,1981.6200,1829.3058,7926.4800,8078.7942,PENDING_AG03,FALSE,NOT_FOR_ENFORCEMENT,9511.7760,503536.3200,9908.1000,9511.7760,396.3240,0.01730863,0.01661628,396.3240,9511.7760,0.01661628,396.3240,396.3240,396.3240,396.3240,396.3240,9511.7760,0.01661628,1981.6200,1829.3058,7926.4800,8078.7942,0.01384690,0.01411298,0.00069235,439.6598,403.1645,7.6158,471.8143,13.4438,27258.9048,61.9524,,439.6598,50.0,150.0,500.0,1000.0,2000.0,3959.9609,110.0,0.0,13.333333,26.39974,2.931065,29,147,15,4,0E-8,0.01730863,,0E-8,0.000000,0.916288,0.000000,,2026-05-21,2026-07-03,21,737,411,44,0.477273,,,0.000000,,,,,,,,GLOBAL_BASELINE_NO_ENTITY_RANKING,,,NOT_APPLICABLE_GLOBAL_BASELINE,HF9g-P5,,,,X 全窗基线 · 不参与实体赏罚,15057523,1506,A168_HF9F_20260827_0900,2026-08-27 09:00:00
2026-05-26,150345145,2088,0,1600.0000000000,-1400.0000000000,-1400.0000000000,0.5000000,2,2,0.49324550000000000,0.493245500000,0.01910635448239258,0.01910635448239258,0.01910635448239258,0E-17,ELIGIBLE,R03b_20260811_FULL_v1,L1_ELIGIBILITY,v2026-08-11,2026-03-21..2026-08-06,baccarat_bet02_101_all_pairs_incl_sentinel,round_win = game_pnl > 0 (decisive only),COMPATIBILITY_ONLY_NOT_PRODUCTION,572437.0000,524517.0000,9908.1000,1302,1301,-0.01730863,,-0.01730863,-0.01730863,-9908.1000,572437.0000,OK,0.0000,396.3240,4.0000,96.0000,AG03-UNRESOLVED,ALL5_LEVELS_bet23_to_bet27,396.3240,396.3240,396.3240,396.3240,396.3240,4.000000,4.000000,4.000000,4.000000,4.000000,96.000000,96.000000,96.000000,96.000000,96.000000,5.0,1981.6200,1829.3058,7926.4800,8078.7942,PENDING_AG03,FALSE,NOT_FOR_ENFORCEMENT,9511.7760,503536.3200,9908.1000,9511.7760,396.3240,0.01730863,0.01661628,396.3240,9511.7760,0.01661628,396.3240,396.3240,396.3240,396.3240,396.3240,9511.7760,0.01661628,1981.6200,1829.3058,7926.4800,8078.7942,0.01384690,0.01411298,0.00069235,439.6598,403.1645,7.6158,471.8143,13.4438,27258.9048,61.9524,,439.6598,50.0,150.0,500.0,1000.0,2000.0,3959.9609,110.0,0.0,13.333333,26.39974,2.931065,29,147,15,4,0E-8,0.01730863,,0E-8,0.000000,0.916288,0.000000,,2026-05-21,2026-07-03,21,737,411,44,0.477273,,,0.000000,,,,,,,,GLOBAL_BASELINE_NO_ENTITY_RANKING,,,NOT_APPLICABLE_GLOBAL_BASELINE,HF9g-P5,,,,X 全窗基线 · 不参与实体赏罚,15057524,1506,A168_HF9F_20260827_0900,2026-08-27 09:00:00
2026-05-26,150345145,2101,0,100.0000000000,-100.0000000000,-100.0000000000,0E-7,1,1,0.50665070000000000,0.506650700000,-1.013391052207602,-1.013391052207602,-1.013391052207602,0E-17,ELIGIBLE,R03b_20260811_FULL_v1,L1_ELIGIBILITY,v2026-08-11,2026-03-21..2026-08-06,baccarat_bet02_101_all_pairs_incl_sentinel,round_win = game_pnl > 0 (decisive only),COMPATIBILITY_ONLY_NOT_PRODUCTION,572437.0000,524517.0000,9908.1000,1302,1301,-0.01730863,,-0.01730863,-0.01730863,-9908.1000,572437.0000,OK,0.0000,396.3240,4.0000,96.0000,AG03-UNRESOLVED,ALL5_LEVELS_bet23_to_bet27,396.3240,396.3240,396.3240,396.3240,396.3240,4.000000,4.000000,4.000000,4.000000,4.000000,96.000000,96.000000,96.000000,96.000000,96.000000,5.0,1981.6200,1829.3058,7926.4800,8078.7942,PENDING_AG03,FALSE,NOT_FOR_ENFORCEMENT,9511.7760,503536.3200,9908.1000,9511.7760,396.3240,0.01730863,0.01661628,396.3240,9511.7760,0.01661628,396.3240,396.3240,396.3240,396.3240,396.3240,9511.7760,0.01661628,1981.6200,1829.3058,7926.4800,8078.7942,0.01384690,0.01411298,0.00069235,439.6598,403.1645,7.6158,471.8143,13.4438,27258.9048,61.9524,,439.6598,50.0,150.0,500.0,1000.0,2000.0,3959.9609,110.0,0.0,13.333333,26.39974,2.931065,29,147,15,4,0E-8,0.01730863,,0E-8,0.000000,0.916288,0.000000,,2026-05-21,2026-07-03,21,737,411,44,0.477273,,,0.000000,,,,,,,,GLOBAL_BASELINE_NO_ENTITY_RANKING,,,NOT_APPLICABLE_GLOBAL_BASELINE,HF9g-P5,,,,X 全窗基线 · 不参与实体赏罚,15057525,1506,A168_HF9F_20260827_0900,2026-08-27 09:00:00
2026-05-26,150345145,2121,0,1000.0000000000,1000.0000000000,1000.0000000000,1.0000000,1,1,0.49324550000000000,0.493245500000,1.01360149184955,1.01360149184955,1.01360149184955,0E-17,ELIGIBLE,R03b_20260811_FULL_v1,L1_ELIGIBILITY,v2026-08-11,2026-03-21..2026-08-06,baccarat_bet02_101_all_pairs_incl_sentinel,round_win = game_pnl > 0 (decisive only),COMPATIBILITY_ONLY_NOT_PRODUCTION,572437.0000,524517.0000,9908.1000,1302,1301,-0.01730863,,-0.01730863,-0.01730863,-9908.1000,572437.0000,OK,0.0000,396.3240,4.0000,96.0000,AG03-UNRESOLVED,ALL5_LEVELS_bet23_to_bet27,396.3240,396.3240,396.3240,396.3240,396.3240,4.000000,4.000000,4.000000,4.000000,4.000000,96.000000,96.000000,96.000000,96.000000,96.000000,5.0,1981.6200,1829.3058,7926.4800,8078.7942,PENDING_AG03,FALSE,NOT_FOR_ENFORCEMENT,9511.7760,503536.3200,9908.1000,9511.7760,396.3240,0.01730863,0.01661628,396.3240,9511.7760,0.01661628,396.3240,396.3240,396.3240,396.3240,396.3240,9511.7760,0.01661628,1981.6200,1829.3058,7926.4800,8078.7942,0.01384690,0.01411298,0.00069235,439.6598,403.1645,7.6158,471.8143,13.4438,27258.9048,61.9524,,439.6598,50.0,150.0,500.0,1000.0,2000.0,3959.9609,110.0,0.0,13.333333,26.39974,2.931065,29,147,15,4,0E-8,0.01730863,,0E-8,0.000000,0.916288,0.000000,,2026-05-21,2026-07-03,21,737,411,44,0.477273,,,0.000000,,,,,,,,GLOBAL_BASELINE_NO_ENTITY_RANKING,,,NOT_APPLICABLE_GLOBAL_BASELINE,HF9g-P5,,,,X 全窗基线 · 不参与实体赏罚,15057526,1506,A168_HF9F_20260827_0900,2026-08-27 09:00:00
2026-05-26,150345145,2130,0,320.0000000000,-320.0000000000,-320.0000000000,0E-7,1,1,0.49324550000000000,0.493245500000,-0.9865810262130424,-0.9865810262130424,-0.9865810262130424,0E-17,ELIGIBLE,R03b_20260811_FULL_v1,L1_ELIGIBILITY,v2026-08-11,2026-03-21..2026-08-06,baccarat_bet02_101_all_pairs_incl_sentinel,round_win = game_pnl > 0 (decisive only),COMPATIBILITY_ONLY_NOT_PRODUCTION,572437.0000,524517.0000,9908.1000,1302,1301,-0.01730863,,-0.01730863,-0.01730863,-9908.1000,572437.0000,OK,0.0000,396.3240,4.0000,96.0000,AG03-UNRESOLVED,ALL5_LEVELS_bet23_to_bet27,396.3240,396.3240,396.3240,396.3240,396.3240,4.000000,4.000000,4.000000,4.000000,4.000000,96.000000,96.000000,96.000000,96.000000,96.000000,5.0,1981.6200,1829.3058,7926.4800,8078.7942,PENDING_AG03,FALSE,NOT_FOR_ENFORCEMENT,9511.7760,503536.3200,9908.1000,9511.7760,396.3240,0.01730863,0.01661628,396.3240,9511.7760,0.01661628,396.3240,396.3240,396.3240,396.3240,396.3240,9511.7760,0.01661628,1981.6200,1829.3058,7926.4800,8078.7942,0.01384690,0.01411298,0.00069235,439.6598,403.1645,7.6158,471.8143,13.4438,27258.9048,61.9524,,439.6598,50.0,150.0,500.0,1000.0,2000.0,3959.9609,110.0,0.0,13.333333,26.39974,2.931065,29,147,15,4,0E-8,0.01730863,,0E-8,0.000000,0.916288,0.000000,,2026-05-21,2026-07-03,21,737,411,44,0.477273,,,0.000000,,,,,,,,GLOBAL_BASELINE_NO_ENTITY_RANKING,,,NOT_APPLICABLE_GLOBAL_BASELINE,HF9g-P5,,,,X 全窗基线 · 不参与实体赏罚,15057527,1506,A168_HF9F_20260827_0900,2026-08-27 09:00:00
2026-05-26,150345145,2156,0,255.0000000000,-35.0000000000,-35.0000000000,0.5000000,2,2,0.49324550000000000,0.493245500000,0.01910635448239258,0.01910635448239258,0.01910635448239258,0E-17,ELIGIBLE,R03b_20260811_FULL_v1,L1_ELIGIBILITY,v2026-08-11,2026-03-21..2026-08-06,baccarat_bet02_101_all_pairs_incl_sentinel,round_win = game_pnl > 0 (decisive only),COMPATIBILITY_ONLY_NOT_PRODUCTION,572437.0000,524517.0000,9908.1000,1302,1301,-0.01730863,,-0.01730863,-0.01730863,-9908.1000,572437.0000,OK,0.0000,396.3240,4.0000,96.0000,AG03-UNRESOLVED,ALL5_LEVELS_bet23_to_bet27,396.3240,396.3240,396.3240,396.3240,396.3240,4.000000,4.000000,4.000000,4.000000,4.000000,96.000000,96.000000,96.000000,96.000000,96.000000,5.0,1981.6200,1829.3058,7926.4800,8078.7942,PENDING_AG03,FALSE,NOT_FOR_ENFORCEMENT,9511.7760,503536.3200,9908.1000,9511.7760,396.3240,0.01730863,0.01661628,396.3240,9511.7760,0.01661628,396.3240,396.3240,396.3240,396.3240,396.3240,9511.7760,0.01661628,1981.6200,1829.3058,7926.4800,8078.7942,0.01384690,0.01411298,0.00069235,439.6598,403.1645,7.6158,471.8143,13.4438,27258.9048,61.9524,,439.6598,50.0,150.0,500.0,1000.0,2000.0,3959.9609,110.0,0.0,13.333333,26.39974,2.931065,29,147,15,4,0E-8,0.01730863,,0E-8,0.000000,0.916288,0.000000,,2026-05-21,2026-07-03,21,737,411,44,0.477273,,,0.000000,,,,,,,,GLOBAL_BASELINE_NO_ENTITY_RANKING,,,NOT_APPLICABLE_GLOBAL_BASELINE,HF9g-P5,,,,X 全窗基线 · 不参与实体赏罚,15057528,1506,A168_HF9F_20260827_0900,2026-08-27 09:00:00
2026-05-26,150345145,2170,0,51.0000000000,-51.0000000000,-51.0000000000,0E-7,1,1,0.49324550000000000,0.493245500000,-0.9865810262130424,-0.9865810262130424,-0.9865810262130424,0E-17,ELIGIBLE,R03b_20260811_FULL_v1,L1_ELIGIBILITY,v2026-08-11,2026-03-21..2026-08-06,baccarat_bet02_101_all_pairs_incl_sentinel,round_win = game_pnl > 0 (decisive only),COMPATIBILITY_ONLY_NOT_PRODUCTION,572437.0000,524517.0000,9908.1000,1302,1301,-0.01730863,,-0.01730863,-0.01730863,-9908.1000,572437.0000,OK,0.0000,396.3240,4.0000,96.0000,AG03-UNRESOLVED,ALL5_LEVELS_bet23_to_bet27,396.3240,396.3240,396.3240,396.3240,396.3240,4.000000,4.000000,4.000000,4.000000,4.000000,96.000000,96.000000,96.000000,96.000000,96.000000,5.0,1981.6200,1829.3058,7926.4800,8078.7942,PENDING_AG03,FALSE,NOT_FOR_ENFORCEMENT,9511.7760,503536.3200,9908.1000,9511.7760,396.3240,0.01730863,0.01661628,396.3240,9511.7760,0.01661628,396.3240,396.3240,396.3240,396.3240,396.3240,9511.7760,0.01661628,1981.6200,1829.3058,7926.4800,8078.7942,0.01384690,0.01411298,0.00069235,439.6598,403.1645,7.6158,471.8143,13.4438,27258.9048,61.9524,,439.6598,50.0,150.0,500.0,1000.0,2000.0,3959.9609,110.0,0.0,13.333333,26.39974,2.931065,29,147,15,4,0E-8,0.01730863,,0E-8,0.000000,0.916288,0.000000,,2026-05-21,2026-07-03,21,737,411,44,0.477273,,,0.000000,,,,,,,,GLOBAL_BASELINE_NO_ENTITY_RANKING,,,NOT_APPLICABLE_GLOBAL_BASELINE,HF9g-P5,,,,X 全窗基线 · 不参与实体赏罚,15057529,1506,A168_HF9F_20260827_0900,2026-08-27 09:00:00
2026-05-26,150345145,2175,0,400.0000000000,-5.0000000000,-5.0000000000,0.6666667,3,3,0.49771390000000000,0.497713900000,0.5852756695216578,0.5852756695216578,0.5852756695216578,0E-17,ELIGIBLE,R03b_20260811_FULL_v1,L1_ELIGIBILITY,v2026-08-11,2026-03-21..2026-08-06,baccarat_bet02_101_all_pairs_incl_sentinel,round_win = game_pnl > 0 (decisive only),COMPATIBILITY_ONLY_NOT_PRODUCTION,572437.0000,524517.0000,9908.1000,1302,1301,-0.01730863,,-0.01730863,-0.01730863,-9908.1000,572437.0000,OK,0.0000,396.3240,4.0000,96.0000,AG03-UNRESOLVED,ALL5_LEVELS_bet23_to_bet27,396.3240,396.3240,396.3240,396.3240,396.3240,4.000000,4.000000,4.000000,4.000000,4.000000,96.000000,96.000000,96.000000,96.000000,96.000000,5.0,1981.6200,1829.3058,7926.4800,8078.7942,PENDING_AG03,FALSE,NOT_FOR_ENFORCEMENT,9511.7760,503536.3200,9908.1000,9511.7760,396.3240,0.01730863,0.01661628,396.3240,9511.7760,0.01661628,396.3240,396.3240,396.3240,396.3240,396.3240,9511.7760,0.01661628,1981.6200,1829.3058,7926.4800,8078.7942,0.01384690,0.01411298,0.00069235,439.6598,403.1645,7.6158,471.8143,13.4438,27258.9048,61.9524,,439.6598,50.0,150.0,500.0,1000.0,2000.0,3959.9609,110.0,0.0,13.333333,26.39974,2.931065,29,147,15,4,0E-8,0.01730863,,0E-8,0.000000,0.916288,0.000000,,2026-05-21,2026-07-03,21,737,411,44,0.477273,,,0.000000,,,,,,,,GLOBAL_BASELINE_NO_ENTITY_RANKING,,,NOT_APPLICABLE_GLOBAL_BASELINE,HF9g-P5,,,,X 全窗基线 · 不参与实体赏罚,15057530,1506,A168_HF9F_20260827_0900,2026-08-27 09:00:00
2026-05-26,150345145,2185,0,500.0000000000,-500.0000000000,-500.0000000000,0E-7,1,1,0.49324550000000000,0.493245500000,-0.9865810262130424,-0.9865810262130424,-0.9865810262130424,0E-17,ELIGIBLE,R03b_20260811_FULL_v1,L1_ELIGIBILITY,v2026-08-11,2026-03-21..2026-08-06,baccarat_bet02_101_all_pairs_incl_sentinel,round_win = game_pnl > 0 (decisive only),COMPATIBILITY_ONLY_NOT_PRODUCTION,572437.0000,524517.0000,9908.1000,1302,1301,-0.01730863,,-0.01730863,-0.01730863,-9908.1000,572437.0000,OK,0.0000,396.3240,4.0000,96.0000,AG03-UNRESOLVED,ALL5_LEVELS_bet23_to_bet27,396.3240,396.3240,396.3240,396.3240,396.3240,4.000000,4.000000,4.000000,4.000000,4.000000,96.000000,96.000000,96.000000,96.000000,96.000000,5.0,1981.6200,1829.3058,7926.4800,8078.7942,PENDING_AG03,FALSE,NOT_FOR_ENFORCEMENT,9511.7760,503536.3200,9908.1000,9511.7760,396.3240,0.01730863,0.01661628,396.3240,9511.7760,0.01661628,396.3240,396.3240,396.3240,396.3240,396.3240,9511.7760,0.01661628,1981.6200,1829.3058,7926.4800,8078.7942,0.01384690,0.01411298,0.00069235,439.6598,403.1645,7.6158,471.8143,13.4438,27258.9048,61.9524,,439.6598,50.0,150.0,500.0,1000.0,2000.0,3959.9609,110.0,0.0,13.333333,26.39974,2.931065,29,147,15,4,0E-8,0.01730863,,0E-8,0.000000,0.916288,0.000000,,2026-05-21,2026-07-03,21,737,411,44,0.477273,,,0.000000,,,,,,,,GLOBAL_BASELINE_NO_ENTITY_RANKING,,,NOT_APPLICABLE_GLOBAL_BASELINE,HF9g-P5,,,,X 全窗基线 · 不参与实体赏罚,15057531,1506,A168_HF9F_20260827_0900,2026-08-27 09:00:00
2026-05-26,150345145,2188,0,365.0000000000,155.0000000000,155.0000000000,0.5000000,2,2,0.49324550000000000,0.493245500000,0.01910635448239258,0.01910635448239258,0.01910635448239258,0E-17,ELIGIBLE,R03b_20260811_FULL_v1,L1_ELIGIBILITY,v2026-08-11,2026-03-21..2026-08-06,baccarat_bet02_101_all_pairs_incl_sentinel,round_win = game_pnl > 0 (decisive only),COMPATIBILITY_ONLY_NOT_PRODUCTION,572437.0000,524517.0000,9908.1000,1302,1301,-0.01730863,,-0.01730863,-0.01730863,-9908.1000,572437.0000,OK,0.0000,396.3240,4.0000,96.0000,AG03-UNRESOLVED,ALL5_LEVELS_bet23_to_bet27,396.3240,396.3240,396.3240,396.3240,396.3240,4.000000,4.000000,4.000000,4.000000,4.000000,96.000000,96.000000,96.000000,96.000000,96.000000,5.0,1981.6200,1829.3058,7926.4800,8078.7942,PENDING_AG03,FALSE,NOT_FOR_ENFORCEMENT,9511.7760,503536.3200,9908.1000,9511.7760,396.3240,0.01730863,0.01661628,396.3240,9511.7760,0.01661628,396.3240,396.3240,396.3240,396.3240,396.3240,9511.7760,0.01661628,1981.6200,1829.3058,7926.4800,8078.7942,0.01384690,0.01411298,0.00069235,439.6598,403.1645,7.6158,471.8143,13.4438,27258.9048,61.9524,,439.6598,50.0,150.0,500.0,1000.0,2000.0,3959.9609,110.0,0.0,13.333333,26.39974,2.931065,29,147,15,4,0E-8,0.01730863,,0E-8,0.000000,0.916288,0.000000,,2026-05-21,2026-07-03,21,737,411,44,0.477273,,,0.000000,,,,,,,,GLOBAL_BASELINE_NO_ENTITY_RANKING,,,NOT_APPLICABLE_GLOBAL_BASELINE,HF9g-P5,,,,X 全窗基线 · 不参与实体赏罚,15057532,1506,A168_HF9F_20260827_0900,2026-08-27 09:00:00
2026-05-26,150345145,2216,0,2000.0000000000,-2000.0000000000,-2000.0000000000,0E-7,1,1,0.49324550000000000,0.493245500000,-0.9865810262130424,-0.9865810262130424,-0.9865810262130424,0E-17,ELIGIBLE,R03b_20260811_FULL_v1,L1_ELIGIBILITY,v2026-08-11,2026-03-21..2026-08-06,baccarat_bet02_101_all_pairs_incl_sentinel,round_win = game_pnl > 0 (decisive only),COMPATIBILITY_ONLY_NOT_PRODUCTION,572437.0000,524517.0000,9908.1000,1302,1301,-0.01730863,,-0.01730863,-0.01730863,-9908.1000,572437.0000,OK,0.0000,396.3240,4.0000,96.0000,AG03-UNRESOLVED,ALL5_LEVELS_bet23_to_bet27,396.3240,396.3240,396.3240,396.3240,396.3240,4.000000,4.000000,4.000000,4.000000,4.000000,96.000000,96.000000,96.000000,96.000000,96.000000,5.0,1981.6200,1829.3058,7926.4800,8078.7942,PENDING_AG03,FALSE,NOT_FOR_ENFORCEMENT,9511.7760,503536.3200,9908.1000,9511.7760,396.3240,0.01730863,0.01661628,396.3240,9511.7760,0.01661628,396.3240,396.3240,396.3240,396.3240,396.3240,9511.7760,0.01661628,1981.6200,1829.3058,7926.4800,8078.7942,0.01384690,0.01411298,0.00069235,439.6598,403.1645,7.6158,471.8143,13.4438,27258.9048,61.9524,,439.6598,50.0,150.0,500.0,1000.0,2000.0,3959.9609,110.0,0.0,13.333333,26.39974,2.931065,29,147,15,4,0E-8,0.01730863,,0E-8,0.000000,0.916288,0.000000,,2026-05-21,2026-07-03,21,737,411,44,0.477273,,,0.000000,,,,,,,,GLOBAL_BASELINE_NO_ENTITY_RANKING,,,NOT_APPLICABLE_GLOBAL_BASELINE,HF9g-P5,,,,X 全窗基线 · 不参与实体赏罚,15057533,1506,A168_HF9F_20260827_0900,2026-08-27 09:00:00
2026-05-26,150345145,2241,0,3100.0000000000,-3100.0000000000,-3100.0000000000,0E-7,2,2,0.49324550000000000,0.493245500000,-1.3952362676504506,-1.3952362676504506,-1.3952362676504506,0E-17,ELIGIBLE,R03b_20260811_FULL_v1,L1_ELIGIBILITY,v2026-08-11,2026-03-21..2026-08-06,baccarat_bet02_101_all_pairs_incl_sentinel,round_win = game_pnl > 0 (decisive only),COMPATIBILITY_ONLY_NOT_PRODUCTION,572437.0000,524517.0000,9908.1000,1302,1301,-0.01730863,,-0.01730863,-0.01730863,-9908.1000,572437.0000,OK,0.0000,396.3240,4.0000,96.0000,AG03-UNRESOLVED,ALL5_LEVELS_bet23_to_bet27,396.3240,396.3240,396.3240,396.3240,396.3240,4.000000,4.000000,4.000000,4.000000,4.000000,96.000000,96.000000,96.000000,96.000000,96.000000,5.0,1981.6200,1829.3058,7926.4800,8078.7942,PENDING_AG03,FALSE,NOT_FOR_ENFORCEMENT,9511.7760,503536.3200,9908.1000,9511.7760,396.3240,0.01730863,0.01661628,396.3240,9511.7760,0.01661628,396.3240,396.3240,396.3240,396.3240,396.3240,9511.7760,0.01661628,1981.6200,1829.3058,7926.4800,8078.7942,0.01384690,0.01411298,0.00069235,439.6598,403.1645,7.6158,471.8143,13.4438,27258.9048,61.9524,,439.6598,50.0,150.0,500.0,1000.0,2000.0,3959.9609,110.0,0.0,13.333333,26.39974,2.931065,29,147,15,4,0E-8,0.01730863,,0E-8,0.000000,0.916288,0.000000,,2026-05-21,2026-07-03,21,737,411,44,0.477273,,,0.000000,,,,,,,,GLOBAL_BASELINE_NO_ENTITY_RANKING,,,NOT_APPLICABLE_GLOBAL_BASELINE,HF9g-P5,,,,X 全窗基线 · 不参与实体赏罚,15057534,1506,A168_HF9F_20260827_0900,2026-08-27 09:00:00
2026-05-26,150345145,2242,0,1000.0000000000,1000.0000000000,1000.0000000000,1.0000000,1,1,0.49324550000000000,0.493245500000,1.01360149184955,1.01360149184955,1.01360149184955,0E-17,ELIGIBLE,R03b_20260811_FULL_v1,L1_ELIGIBILITY,v2026-08-11,2026-03-21..2026-08-06,baccarat_bet02_101_all_pairs_incl_sentinel,round_win = game_pnl > 0 (decisive only),COMPATIBILITY_ONLY_NOT_PRODUCTION,572437.0000,524517.0000,9908.1000,1302,1301,-0.01730863,,-0.01730863,-0.01730863,-9908.1000,572437.0000,OK,0.0000,396.3240,4.0000,96.0000,AG03-UNRESOLVED,ALL5_LEVELS_bet23_to_bet27,396.3240,396.3240,396.3240,396.3240,396.3240,4.000000,4.000000,4.000000,4.000000,4.000000,96.000000,96.000000,96.000000,96.000000,96.000000,5.0,1981.6200,1829.3058,7926.4800,8078.7942,PENDING_AG03,FALSE,NOT_FOR_ENFORCEMENT,9511.7760,503536.3200,9908.1000,9511.7760,396.3240,0.01730863,0.01661628,396.3240,9511.7760,0.01661628,396.3240,396.3240,396.3240,396.3240,396.3240,9511.7760,0.01661628,1981.6200,1829.3058,7926.4800,8078.7942,0.01384690,0.01411298,0.00069235,439.6598,403.1645,7.6158,471.8143,13.4438,27258.9048,61.9524,,439.6598,50.0,150.0,500.0,1000.0,2000.0,3959.9609,110.0,0.0,13.333333,26.39974,2.931065,29,147,15,4,0E-8,0.01730863,,0E-8,0.000000,0.916288,0.000000,,2026-05-21,2026-07-03,21,737,411,44,0.477273,,,0.000000,,,,,,,,GLOBAL_BASELINE_NO_ENTITY_RANKING,,,NOT_APPLICABLE_GLOBAL_BASELINE,HF9g-P5,,,,X 全窗基线 · 不参与实体赏罚,15057535,1506,A168_HF9F_20260827_0900,2026-08-27 09:00:00
2026-05-26,150345145,2244,0,300.0000000000,300.0000000000,300.0000000000,1.0000000,1,1,0.49324550000000000,0.493245500000,1.01360149184955,1.01360149184955,1.01360149184955,0E-17,ELIGIBLE,R03b_20260811_FULL_v1,L1_ELIGIBILITY,v2026-08-11,2026-03-21..2026-08-06,baccarat_bet02_101_all_pairs_incl_sentinel,round_win = game_pnl > 0 (decisive only),COMPATIBILITY_ONLY_NOT_PRODUCTION,572437.0000,524517.0000,9908.1000,1302,1301,-0.01730863,,-0.01730863,-0.01730863,-9908.1000,572437.0000,OK,0.0000,396.3240,4.0000,96.0000,AG03-UNRESOLVED,ALL5_LEVELS_bet23_to_bet27,396.3240,396.3240,396.3240,396.3240,396.3240,4.000000,4.000000,4.000000,4.000000,4.000000,96.000000,96.000000,96.000000,96.000000,96.000000,5.0,1981.6200,1829.3058,7926.4800,8078.7942,PENDING_AG03,FALSE,NOT_FOR_ENFORCEMENT,9511.7760,503536.3200,9908.1000,9511.7760,396.3240,0.01730863,0.01661628,396.3240,9511.7760,0.01661628,396.3240,396.3240,396.3240,396.3240,396.3240,9511.7760,0.01661628,1981.6200,1829.3058,7926.4800,8078.7942,0.01384690,0.01411298,0.00069235,439.6598,403.1645,7.6158,471.8143,13.4438,27258.9048,61.9524,,439.6598,50.0,150.0,500.0,1000.0,2000.0,3959.9609,110.0,0.0,13.333333,26.39974,2.931065,29,147,15,4,0E-8,0.01730863,,0E-8,0.000000,0.916288,0.000000,,2026-05-21,2026-07-03,21,737,411,44,0.477273,,,0.000000,,,,,,,,GLOBAL_BASELINE_NO_ENTITY_RANKING,,,NOT_APPLICABLE_GLOBAL_BASELINE,HF9g-P5,,,,X 全窗基线 · 不参与实体赏罚,15057536,1506,A168_HF9F_20260827_0900,2026-08-27 09:00:00
2026-05-26,150345145,2248,0,356.0000000000,-356.0000000000,-356.0000000000,0E-7,1,1,0.49324550000000000,0.493245500000,-0.9865810262130424,-0.9865810262130424,-0.9865810262130424,0E-17,ELIGIBLE,R03b_20260811_FULL_v1,L1_ELIGIBILITY,v2026-08-11,2026-03-21..2026-08-06,baccarat_bet02_101_all_pairs_incl_sentinel,round_win = game_pnl > 0 (decisive only),COMPATIBILITY_ONLY_NOT_PRODUCTION,572437.0000,524517.0000,9908.1000,1302,1301,-0.01730863,,-0.01730863,-0.01730863,-9908.1000,572437.0000,OK,0.0000,396.3240,4.0000,96.0000,AG03-UNRESOLVED,ALL5_LEVELS_bet23_to_bet27,396.3240,396.3240,396.3240,396.3240,396.3240,4.000000,4.000000,4.000000,4.000000,4.000000,96.000000,96.000000,96.000000,96.000000,96.000000,5.0,1981.6200,1829.3058,7926.4800,8078.7942,PENDING_AG03,FALSE,NOT_FOR_ENFORCEMENT,9511.7760,503536.3200,9908.1000,9511.7760,396.3240,0.01730863,0.01661628,396.3240,9511.7760,0.01661628,396.3240,396.3240,396.3240,396.3240,396.3240,9511.7760,0.01661628,1981.6200,1829.3058,7926.4800,8078.7942,0.01384690,0.01411298,0.00069235,439.6598,403.1645,7.6158,471.8143,13.4438,27258.9048,61.9524,,439.6598,50.0,150.0,500.0,1000.0,2000.0,3959.9609,110.0,0.0,13.333333,26.39974,2.931065,29,147,15,4,0E-8,0.01730863,,0E-8,0.000000,0.916288,0.000000,,2026-05-21,2026-07-03,21,737,411,44,0.477273,,,0.000000,,,,,,,,GLOBAL_BASELINE_NO_ENTITY_RANKING,,,NOT_APPLICABLE_GLOBAL_BASELINE,HF9g-P5,,,,X 全窗基线 · 不参与实体赏罚,15057537,1506,A168_HF9F_20260827_0900,2026-08-27 09:00:00
2026-05-26,150345145,2256,0,2900.0000000000,2900.0000000000,2900.0000000000,1.0000000,2,2,0.49324550000000000,0.493245500000,1.4334489766152358,1.4334489766152358,1.4334489766152358,0E-17,ELIGIBLE,R03b_20260811_FULL_v1,L1_ELIGIBILITY,v2026-08-11,2026-03-21..2026-08-06,baccarat_bet02_101_all_pairs_incl_sentinel,round_win = game_pnl > 0 (decisive only),COMPATIBILITY_ONLY_NOT_PRODUCTION,572437.0000,524517.0000,9908.1000,1302,1301,-0.01730863,,-0.01730863,-0.01730863,-9908.1000,572437.0000,OK,0.0000,396.3240,4.0000,96.0000,AG03-UNRESOLVED,ALL5_LEVELS_bet23_to_bet27,396.3240,396.3240,396.3240,396.3240,396.3240,4.000000,4.000000,4.000000,4.000000,4.000000,96.000000,96.000000,96.000000,96.000000,96.000000,5.0,1981.6200,1829.3058,7926.4800,8078.7942,PENDING_AG03,FALSE,NOT_FOR_ENFORCEMENT,9511.7760,503536.3200,9908.1000,9511.7760,396.3240,0.01730863,0.01661628,396.3240,9511.7760,0.01661628,396.3240,396.3240,396.3240,396.3240,396.3240,9511.7760,0.01661628,1981.6200,1829.3058,7926.4800,8078.7942,0.01384690,0.01411298,0.00069235,439.6598,403.1645,7.6158,471.8143,13.4438,27258.9048,61.9524,,439.6598,50.0,150.0,500.0,1000.0,2000.0,3959.9609,110.0,0.0,13.333333,26.39974,2.931065,29,147,15,4,0E-8,0.01730863,,0E-8,0.000000,0.916288,0.000000,,2026-05-21,2026-07-03,21,737,411,44,0.477273,,,0.000000,,,,,,,,GLOBAL_BASELINE_NO_ENTITY_RANKING,,,NOT_APPLICABLE_GLOBAL_BASELINE,HF9g-P5,,,,X 全窗基线 · 不参与实体赏罚,15057538,1506,A168_HF9F_20260827_0900,2026-08-27 09:00:00
2026-05-26,150345145,2266,0,2330.0000000000,130.0000000000,130.0000000000,1.0000000,2,2,0.49324550000000000,0.493245500000,1.01360149184955,1.01360149184955,1.01360149184955,0E-17,ELIGIBLE,R03b_20260811_FULL_v1,L1_ELIGIBILITY,v2026-08-11,2026-03-21..2026-08-06,baccarat_bet02_101_all_pairs_incl_sentinel,round_win = game_pnl > 0 (decisive only),COMPATIBILITY_ONLY_NOT_PRODUCTION,572437.0000,524517.0000,9908.1000,1302,1301,-0.01730863,,-0.01730863,-0.01730863,-9908.1000,572437.0000,OK,0.0000,396.3240,4.0000,96.0000,AG03-UNRESOLVED,ALL5_LEVELS_bet23_to_bet27,396.3240,396.3240,396.3240,396.3240,396.3240,4.000000,4.000000,4.000000,4.000000,4.000000,96.000000,96.000000,96.000000,96.000000,96.000000,5.0,1981.6200,1829.3058,7926.4800,8078.7942,PENDING_AG03,FALSE,NOT_FOR_ENFORCEMENT,9511.7760,503536.3200,9908.1000,9511.7760,396.3240,0.01730863,0.01661628,396.3240,9511.7760,0.01661628,396.3240,396.3240,396.3240,396.3240,396.3240,9511.7760,0.01661628,1981.6200,1829.3058,7926.4800,8078.7942,0.01384690,0.01411298,0.00069235,439.6598,403.1645,7.6158,471.8143,13.4438,27258.9048,61.9524,,439.6598,50.0,150.0,500.0,1000.0,2000.0,3959.9609,110.0,0.0,13.333333,26.39974,2.931065,29,147,15,4,0E-8,0.01730863,,0E-8,0.000000,0.916288,0.000000,,2026-05-21,2026-07-03,21,737,411,44,0.477273,,,0.000000,,,,,,,,GLOBAL_BASELINE_NO_ENTITY_RANKING,,,NOT_APPLICABLE_GLOBAL_BASELINE,HF9g-P5,,,,X 全窗基线 · 不参与实体赏罚,15057539,1506,A168_HF9F_20260827_0900,2026-08-27 09:00:00
2026-05-26,150345145,2271,0,3000.0000000000,0E-10,0E-10,0.5000000,3,3,0.49324550000000000,0.493245500000,0.01910635448239258,0.01910635448239258,0.01910635448239258,0E-17,ELIGIBLE,R03b_20260811_FULL_v1,L1_ELIGIBILITY,v2026-08-11,2026-03-21..2026-08-06,baccarat_bet02_101_all_pairs_incl_sentinel,round_win = game_pnl > 0 (decisive only),COMPATIBILITY_ONLY_NOT_PRODUCTION,572437.0000,524517.0000,9908.1000,1302,1301,-0.01730863,,-0.01730863,-0.01730863,-9908.1000,572437.0000,OK,0.0000,396.3240,4.0000,96.0000,AG03-UNRESOLVED,ALL5_LEVELS_bet23_to_bet27,396.3240,396.3240,396.3240,396.3240,396.3240,4.000000,4.000000,4.000000,4.000000,4.000000,96.000000,96.000000,96.000000,96.000000,96.000000,5.0,1981.6200,1829.3058,7926.4800,8078.7942,PENDING_AG03,FALSE,NOT_FOR_ENFORCEMENT,9511.7760,503536.3200,9908.1000,9511.7760,396.3240,0.01730863,0.01661628,396.3240,9511.7760,0.01661628,396.3240,396.3240,396.3240,396.3240,396.3240,9511.7760,0.01661628,1981.6200,1829.3058,7926.4800,8078.7942,0.01384690,0.01411298,0.00069235,439.6598,403.1645,7.6158,471.8143,13.4438,27258.9048,61.9524,,439.6598,50.0,150.0,500.0,1000.0,2000.0,3959.9609,110.0,0.0,13.333333,26.39974,2.931065,29,147,15,4,0E-8,0.01730863,,0E-8,0.000000,0.916288,0.000000,,2026-05-21,2026-07-03,21,737,411,44,0.477273,,,0.000000,,,,,,,,GLOBAL_BASELINE_NO_ENTITY_RANKING,,,NOT_APPLICABLE_GLOBAL_BASELINE,HF9g-P5,,,,X 全窗基线 · 不参与实体赏罚,15057540,1506,A168_HF9F_20260827_0900,2026-08-27 09:00:00
2026-05-26,150345145,462,0,350.0000000000,350.0000000000,350.0000000000,1.0000000,1,1,0.49324550000000000,0.493245500000,1.01360149184955,1.01360149184955,1.01360149184955,0E-17,ELIGIBLE,R03b_20260811_FULL_v1,L1_ELIGIBILITY,v2026-08-11,2026-03-21..2026-08-06,baccarat_bet02_101_all_pairs_incl_sentinel,round_win = game_pnl > 0 (decisive only),COMPATIBILITY_ONLY_NOT_PRODUCTION,572437.0000,524517.0000,9908.1000,1302,1301,-0.01730863,,-0.01730863,-0.01730863,-9908.1000,572437.0000,OK,0.0000,396.3240,4.0000,96.0000,AG03-UNRESOLVED,ALL5_LEVELS_bet23_to_bet27,396.3240,396.3240,396.3240,396.3240,396.3240,4.000000,4.000000,4.000000,4.000000,4.000000,96.000000,96.000000,96.000000,96.000000,96.000000,5.0,1981.6200,1829.3058,7926.4800,8078.7942,PENDING_AG03,FALSE,NOT_FOR_ENFORCEMENT,9511.7760,503536.3200,9908.1000,9511.7760,396.3240,0.01730863,0.01661628,396.3240,9511.7760,0.01661628,396.3240,396.3240,396.3240,396.3240,396.3240,9511.7760,0.01661628,1981.6200,1829.3058,7926.4800,8078.7942,0.01384690,0.01411298,0.00069235,439.6598,403.1645,7.6158,471.8143,13.4438,27258.9048,61.9524,,439.6598,50.0,150.0,500.0,1000.0,2000.0,3959.9609,110.0,0.0,13.333333,26.39974,2.931065,29,147,15,4,0E-8,0.01730863,,0E-8,0.000000,0.916288,0.000000,,2026-05-21,2026-07-03,21,737,411,44,0.477273,,,0.000000,,,,,,,,GLOBAL_BASELINE_NO_ENTITY_RANKING,,,NOT_APPLICABLE_GLOBAL_BASELINE,HF9g-P5,,,,X 全窗基线 · 不参与实体赏罚,15057541,1506,A168_HF9F_20260827_0900,2026-08-27 09:00:00
2026-05-26,150345145,529,0,1500.0000000000,1500.0000000000,1500.0000000000,1.0000000,1,1,0.49324550000000000,0.493245500000,1.01360149184955,1.01360149184955,1.01360149184955,0E-17,ELIGIBLE,R03b_20260811_FULL_v1,L1_ELIGIBILITY,v2026-08-11,2026-03-21..2026-08-06,baccarat_bet02_101_all_pairs_incl_sentinel,round_win = game_pnl > 0 (decisive only),COMPATIBILITY_ONLY_NOT_PRODUCTION,572437.0000,524517.0000,9908.1000,1302,1301,-0.01730863,,-0.01730863,-0.01730863,-9908.1000,572437.0000,OK,0.0000,396.3240,4.0000,96.0000,AG03-UNRESOLVED,ALL5_LEVELS_bet23_to_bet27,396.3240,396.3240,396.3240,396.3240,396.3240,4.000000,4.000000,4.000000,4.000000,4.000000,96.000000,96.000000,96.000000,96.000000,96.000000,5.0,1981.6200,1829.3058,7926.4800,8078.7942,PENDING_AG03,FALSE,NOT_FOR_ENFORCEMENT,9511.7760,503536.3200,9908.1000,9511.7760,396.3240,0.01730863,0.01661628,396.3240,9511.7760,0.01661628,396.3240,396.3240,396.3240,396.3240,396.3240,9511.7760,0.01661628,1981.6200,1829.3058,7926.4800,8078.7942,0.01384690,0.01411298,0.00069235,439.6598,403.1645,7.6158,471.8143,13.4438,27258.9048,61.9524,,439.6598,50.0,150.0,500.0,1000.0,2000.0,3959.9609,110.0,0.0,13.333333,26.39974,2.931065,29,147,15,4,0E-8,0.01730863,,0E-8,0.000000,0.916288,0.000000,,2026-05-21,2026-07-03,21,737,411,44,0.477273,,,0.000000,,,,,,,,GLOBAL_BASELINE_NO_ENTITY_RANKING,,,NOT_APPLICABLE_GLOBAL_BASELINE,HF9g-P5,,,,X 全窗基线 · 不参与实体赏罚,15057542,1506,A168_HF9F_20260827_0900,2026-08-27 09:00:00
2026-05-26,150345145,550,0,650.0000000000,-630.0000000000,-630.0000000000,0.2500000,4,4,0.49324550000000000,0.493245500000,-0.9730707933947887,-0.9730707933947887,-0.9730707933947887,0E-17,ELIGIBLE,R03b_20260811_FULL_v1,L1_ELIGIBILITY,v2026-08-11,2026-03-21..2026-08-06,baccarat_bet02_101_all_pairs_incl_sentinel,round_win = game_pnl > 0 (decisive only),COMPATIBILITY_ONLY_NOT_PRODUCTION,572437.0000,524517.0000,9908.1000,1302,1301,-0.01730863,,-0.01730863,-0.01730863,-9908.1000,572437.0000,OK,0.0000,396.3240,4.0000,96.0000,AG03-UNRESOLVED,ALL5_LEVELS_bet23_to_bet27,396.3240,396.3240,396.3240,396.3240,396.3240,4.000000,4.000000,4.000000,4.000000,4.000000,96.000000,96.000000,96.000000,96.000000,96.000000,5.0,1981.6200,1829.3058,7926.4800,8078.7942,PENDING_AG03,FALSE,NOT_FOR_ENFORCEMENT,9511.7760,503536.3200,9908.1000,9511.7760,396.3240,0.01730863,0.01661628,396.3240,9511.7760,0.01661628,396.3240,396.3240,396.3240,396.3240,396.3240,9511.7760,0.01661628,1981.6200,1829.3058,7926.4800,8078.7942,0.01384690,0.01411298,0.00069235,439.6598,403.1645,7.6158,471.8143,13.4438,27258.9048,61.9524,,439.6598,50.0,150.0,500.0,1000.0,2000.0,3959.9609,110.0,0.0,13.333333,26.39974,2.931065,29,147,15,4,0E-8,0.01730863,,0E-8,0.000000,0.916288,0.000000,,2026-05-21,2026-07-03,21,737,411,44,0.477273,,,0.000000,,,,,,,,GLOBAL_BASELINE_NO_ENTITY_RANKING,,,NOT_APPLICABLE_GLOBAL_BASELINE,HF9g-P5,,,,X 全窗基线 · 不参与实体赏罚,15057543,1506,A168_HF9F_20260827_0900,2026-08-27 09:00:00
2026-05-26,150345145,583,0,500.0000000000,-500.0000000000,-500.0000000000,0E-7,1,1,0.49324550000000000,0.493245500000,-0.9865810262130424,-0.9865810262130424,-0.9865810262130424,0E-17,ELIGIBLE,R03b_20260811_FULL_v1,L1_ELIGIBILITY,v2026-08-11,2026-03-21..2026-08-06,baccarat_bet02_101_all_pairs_incl_sentinel,round_win = game_pnl > 0 (decisive only),COMPATIBILITY_ONLY_NOT_PRODUCTION,572437.0000,524517.0000,9908.1000,1302,1301,-0.01730863,,-0.01730863,-0.01730863,-9908.1000,572437.0000,OK,0.0000,396.3240,4.0000,96.0000,AG03-UNRESOLVED,ALL5_LEVELS_bet23_to_bet27,396.3240,396.3240,396.3240,396.3240,396.3240,4.000000,4.000000,4.000000,4.000000,4.000000,96.000000,96.000000,96.000000,96.000000,96.000000,5.0,1981.6200,1829.3058,7926.4800,8078.7942,PENDING_AG03,FALSE,NOT_FOR_ENFORCEMENT,9511.7760,503536.3200,9908.1000,9511.7760,396.3240,0.01730863,0.01661628,396.3240,9511.7760,0.01661628,396.3240,396.3240,396.3240,396.3240,396.3240,9511.7760,0.01661628,1981.6200,1829.3058,7926.4800,8078.7942,0.01384690,0.01411298,0.00069235,439.6598,403.1645,7.6158,471.8143,13.4438,27258.9048,61.9524,,439.6598,50.0,150.0,500.0,1000.0,2000.0,3959.9609,110.0,0.0,13.333333,26.39974,2.931065,29,147,15,4,0E-8,0.01730863,,0E-8,0.000000,0.916288,0.000000,,2026-05-21,2026-07-03,21,737,411,44,0.477273,,,0.000000,,,,,,,,GLOBAL_BASELINE_NO_ENTITY_RANKING,,,NOT_APPLICABLE_GLOBAL_BASELINE,HF9g-P5,,,,X 全窗基线 · 不参与实体赏罚,15057544,1506,A168_HF9F_20260827_0900,2026-08-27 09:00:00
2026-05-26,150345145,789,0,2400.0000000000,-1400.0000000000,-1400.0000000000,0.5000000,4,4,0.49324550000000000,0.493245500000,0.027020465636507562,0.027020465636507562,0.027020465636507562,0E-17,ELIGIBLE,R03b_20260811_FULL_v1,L1_ELIGIBILITY,v2026-08-11,2026-03-21..2026-08-06,baccarat_bet02_101_all_pairs_incl_sentinel,round_win = game_pnl > 0 (decisive only),COMPATIBILITY_ONLY_NOT_PRODUCTION,572437.0000,524517.0000,9908.1000,1302,1301,-0.01730863,,-0.01730863,-0.01730863,-9908.1000,572437.0000,OK,0.0000,396.3240,4.0000,96.0000,AG03-UNRESOLVED,ALL5_LEVELS_bet23_to_bet27,396.3240,396.3240,396.3240,396.3240,396.3240,4.000000,4.000000,4.000000,4.000000,4.000000,96.000000,96.000000,96.000000,96.000000,96.000000,5.0,1981.6200,1829.3058,7926.4800,8078.7942,PENDING_AG03,FALSE,NOT_FOR_ENFORCEMENT,9511.7760,503536.3200,9908.1000,9511.7760,396.3240,0.01730863,0.01661628,396.3240,9511.7760,0.01661628,396.3240,396.3240,396.3240,396.3240,396.3240,9511.7760,0.01661628,1981.6200,1829.3058,7926.4800,8078.7942,0.01384690,0.01411298,0.00069235,439.6598,403.1645,7.6158,471.8143,13.4438,27258.9048,61.9524,,439.6598,50.0,150.0,500.0,1000.0,2000.0,3959.9609,110.0,0.0,13.333333,26.39974,2.931065,29,147,15,4,0E-8,0.01730863,,0E-8,0.000000,0.916288,0.000000,,2026-05-21,2026-07-03,21,737,411,44,0.477273,,,0.000000,,,,,,,,GLOBAL_BASELINE_NO_ENTITY_RANKING,,,NOT_APPLICABLE_GLOBAL_BASELINE,HF9g-P5,,,,X 全窗基线 · 不参与实体赏罚,15057545,1506,A168_HF9F_20260827_0900,2026-08-27 09:00:00
2026-05-26,150345145,919,0,1600.0000000000,100.0000000000,100.0000000000,0.6666667,9,9,0.49324550000000000,0.493245500000,0.8496642703256836,0.8496642703256835,0.8496642703256836,0E-17,ELIGIBLE,R03b_20260811_FULL_v1,L1_ELIGIBILITY,v2026-08-11,2026-03-21..2026-08-06,baccarat_bet02_101_all_pairs_incl_sentinel,round_win = game_pnl > 0 (decisive only),COMPATIBILITY_ONLY_NOT_PRODUCTION,572437.0000,524517.0000,9908.1000,1302,1301,-0.01730863,,-0.01730863,-0.01730863,-9908.1000,572437.0000,OK,0.0000,396.3240,4.0000,96.0000,AG03-UNRESOLVED,ALL5_LEVELS_bet23_to_bet27,396.3240,396.3240,396.3240,396.3240,396.3240,4.000000,4.000000,4.000000,4.000000,4.000000,96.000000,96.000000,96.000000,96.000000,96.000000,5.0,1981.6200,1829.3058,7926.4800,8078.7942,PENDING_AG03,FALSE,NOT_FOR_ENFORCEMENT,9511.7760,503536.3200,9908.1000,9511.7760,396.3240,0.01730863,0.01661628,396.3240,9511.7760,0.01661628,396.3240,396.3240,396.3240,396.3240,396.3240,9511.7760,0.01661628,1981.6200,1829.3058,7926.4800,8078.7942,0.01384690,0.01411298,0.00069235,439.6598,403.1645,7.6158,471.8143,13.4438,27258.9048,61.9524,,439.6598,50.0,150.0,500.0,1000.0,2000.0,3959.9609,110.0,0.0,13.333333,26.39974,2.931065,29,147,15,4,0E-8,0.01730863,,0E-8,0.000000,0.916288,0.000000,,2026-05-21,2026-07-03,21,737,411,44,0.477273,,,0.000000,,,,,,,,GLOBAL_BASELINE_NO_ENTITY_RANKING,,,NOT_APPLICABLE_GLOBAL_BASELINE,HF9g-P5,,,,X 全窗基线 · 不参与实体赏罚,15057546,1506,A168_HF9F_20260827_0900,2026-08-27 09:00:00
2026-05-26,150345145,987,0,669.0000000000,-333.0000000000,-333.0000000000,0.5000000,4,4,0.49324550000000000,0.493245500000,0.027020465636507562,0.027020465636507562,0.027020465636507562,0E-17,ELIGIBLE,R03b_20260811_FULL_v1,L1_ELIGIBILITY,v2026-08-11,2026-03-21..2026-08-06,baccarat_bet02_101_all_pairs_incl_sentinel,round_win = game_pnl > 0 (decisive only),COMPATIBILITY_ONLY_NOT_PRODUCTION,572437.0000,524517.0000,9908.1000,1302,1301,-0.01730863,,-0.01730863,-0.01730863,-9908.1000,572437.0000,OK,0.0000,396.3240,4.0000,96.0000,AG03-UNRESOLVED,ALL5_LEVELS_bet23_to_bet27,396.3240,396.3240,396.3240,396.3240,396.3240,4.000000,4.000000,4.000000,4.000000,4.000000,96.000000,96.000000,96.000000,96.000000,96.000000,5.0,1981.6200,1829.3058,7926.4800,8078.7942,PENDING_AG03,FALSE,NOT_FOR_ENFORCEMENT,9511.7760,503536.3200,9908.1000,9511.7760,396.3240,0.01730863,0.01661628,396.3240,9511.7760,0.01661628,396.3240,396.3240,396.3240,396.3240,396.3240,9511.7760,0.01661628,1981.6200,1829.3058,7926.4800,8078.7942,0.01384690,0.01411298,0.00069235,439.6598,403.1645,7.6158,471.8143,13.4438,27258.9048,61.9524,,439.6598,50.0,150.0,500.0,1000.0,2000.0,3959.9609,110.0,0.0,13.333333,26.39974,2.931065,29,147,15,4,0E-8,0.01730863,,0E-8,0.000000,0.916288,0.000000,,2026-05-21,2026-07-03,21,737,411,44,0.477273,,,0.000000,,,,,,,,GLOBAL_BASELINE_NO_ENTITY_RANKING,,,NOT_APPLICABLE_GLOBAL_BASELINE,HF9g-P5,,,,X 全窗基线 · 不参与实体赏罚,15057547,1506,A168_HF9F_20260827_0900,2026-08-27 09:00:00
2026-05-27,150345145,-1,1,5171.0000000000,-24.5000000000,-24.5000000000,0.5333333,33,33,0.49527659090909091,0.495276590909,0.4169093292225818,0.4169093292235785,0.4169093292225818,9.091E-14,SENTINEL_DEALER,R03b_20260811_FULL_v1,L1_ELIGIBILITY,v2026-08-11,2026-03-21..2026-08-06,baccarat_bet02_101_all_pairs_incl_sentinel,round_win = game_pnl > 0 (decisive only),COMPATIBILITY_ONLY_NOT_PRODUCTION,572437.0000,524517.0000,9908.1000,1302,1301,-0.01730863,,-0.01730863,-0.01730863,-9908.1000,572437.0000,OK,0.0000,396.3240,4.0000,96.0000,AG03-UNRESOLVED,ALL5_LEVELS_bet23_to_bet27,396.3240,396.3240,396.3240,396.3240,396.3240,4.000000,4.000000,4.000000,4.000000,4.000000,96.000000,96.000000,96.000000,96.000000,96.000000,5.0,1981.6200,1829.3058,7926.4800,8078.7942,PENDING_AG03,FALSE,NOT_FOR_ENFORCEMENT,9511.7760,503536.3200,9908.1000,9511.7760,396.3240,0.01730863,0.01661628,396.3240,9511.7760,0.01661628,396.3240,396.3240,396.3240,396.3240,396.3240,9511.7760,0.01661628,1981.6200,1829.3058,7926.4800,8078.7942,0.01384690,0.01411298,0.00069235,439.6598,403.1645,7.6158,471.8143,13.4438,27258.9048,61.9524,,439.6598,50.0,150.0,500.0,1000.0,2000.0,3959.9609,110.0,0.0,13.333333,26.39974,2.931065,29,147,15,4,0E-8,0.01730863,,0E-8,0.000000,0.916288,0.000000,,2026-05-21,2026-07-03,21,737,411,44,0.477273,,,0.000000,,,,,,,,GLOBAL_BASELINE_NO_ENTITY_RANKING,,,NOT_APPLICABLE_GLOBAL_BASELINE,HF9g-P5,,,,X 全窗基线 · 不参与实体赏罚,15057548,1506,A168_HF9F_20260827_0900,2026-08-27 09:00:00
2026-05-27,150345145,1205,0,9.0000000000,-9.0000000000,-9.0000000000,0E-7,1,1,0.49324550000000000,0.493245500000,-0.9865810262130424,-0.9865810262130424,-0.9865810262130424,0E-17,ELIGIBLE,R03b_20260811_FULL_v1,L1_ELIGIBILITY,v2026-08-11,2026-03-21..2026-08-06,baccarat_bet02_101_all_pairs_incl_sentinel,round_win = game_pnl > 0 (decisive only),COMPATIBILITY_ONLY_NOT_PRODUCTION,572437.0000,524517.0000,9908.1000,1302,1301,-0.01730863,,-0.01730863,-0.01730863,-9908.1000,572437.0000,OK,0.0000,396.3240,4.0000,96.0000,AG03-UNRESOLVED,ALL5_LEVELS_bet23_to_bet27,396.3240,396.3240,396.3240,396.3240,396.3240,4.000000,4.000000,4.000000,4.000000,4.000000,96.000000,96.000000,96.000000,96.000000,96.000000,5.0,1981.6200,1829.3058,7926.4800,8078.7942,PENDING_AG03,FALSE,NOT_FOR_ENFORCEMENT,9511.7760,503536.3200,9908.1000,9511.7760,396.3240,0.01730863,0.01661628,396.3240,9511.7760,0.01661628,396.3240,396.3240,396.3240,396.3240,396.3240,9511.7760,0.01661628,1981.6200,1829.3058,7926.4800,8078.7942,0.01384690,0.01411298,0.00069235,439.6598,403.1645,7.6158,471.8143,13.4438,27258.9048,61.9524,,439.6598,50.0,150.0,500.0,1000.0,2000.0,3959.9609,110.0,0.0,13.333333,26.39974,2.931065,29,147,15,4,0E-8,0.01730863,,0E-8,0.000000,0.916288,0.000000,,2026-05-21,2026-07-03,21,737,411,44,0.477273,,,0.000000,,,,,,,,GLOBAL_BASELINE_NO_ENTITY_RANKING,,,NOT_APPLICABLE_GLOBAL_BASELINE,HF9g-P5,,,,X 全窗基线 · 不参与实体赏罚,15057549,1506,A168_HF9F_20260827_0900,2026-08-27 09:00:00
2026-05-27,150345145,1385,0,8.0000000000,7.6000000000,7.6000000000,1.0000000,1,1,0.50665070000000000,0.506650700000,0.9867858985152569,0.9867858985152569,0.9867858985152569,0E-17,ELIGIBLE,R03b_20260811_FULL_v1,L1_ELIGIBILITY,v2026-08-11,2026-03-21..2026-08-06,baccarat_bet02_101_all_pairs_incl_sentinel,round_win = game_pnl > 0 (decisive only),COMPATIBILITY_ONLY_NOT_PRODUCTION,572437.0000,524517.0000,9908.1000,1302,1301,-0.01730863,,-0.01730863,-0.01730863,-9908.1000,572437.0000,OK,0.0000,396.3240,4.0000,96.0000,AG03-UNRESOLVED,ALL5_LEVELS_bet23_to_bet27,396.3240,396.3240,396.3240,396.3240,396.3240,4.000000,4.000000,4.000000,4.000000,4.000000,96.000000,96.000000,96.000000,96.000000,96.000000,5.0,1981.6200,1829.3058,7926.4800,8078.7942,PENDING_AG03,FALSE,NOT_FOR_ENFORCEMENT,9511.7760,503536.3200,9908.1000,9511.7760,396.3240,0.01730863,0.01661628,396.3240,9511.7760,0.01661628,396.3240,396.3240,396.3240,396.3240,396.3240,9511.7760,0.01661628,1981.6200,1829.3058,7926.4800,8078.7942,0.01384690,0.01411298,0.00069235,439.6598,403.1645,7.6158,471.8143,13.4438,27258.9048,61.9524,,439.6598,50.0,150.0,500.0,1000.0,2000.0,3959.9609,110.0,0.0,13.333333,26.39974,2.931065,29,147,15,4,0E-8,0.01730863,,0E-8,0.000000,0.916288,0.000000,,2026-05-21,2026-07-03,21,737,411,44,0.477273,,,0.000000,,,,,,,,GLOBAL_BASELINE_NO_ENTITY_RANKING,,,NOT_APPLICABLE_GLOBAL_BASELINE,HF9g-P5,,,,X 全窗基线 · 不参与实体赏罚,15057550,1506,A168_HF9F_20260827_0900,2026-08-27 09:00:00
2026-05-27,150345145,2101,0,254.0000000000,-254.0000000000,-254.0000000000,0E-7,2,2,0.49324550000000000,0.493245500000,-1.3952362676504506,-1.3952362676504506,-1.3952362676504506,0E-17,ELIGIBLE,R03b_20260811_FULL_v1,L1_ELIGIBILITY,v2026-08-11,2026-03-21..2026-08-06,baccarat_bet02_101_all_pairs_incl_sentinel,round_win = game_pnl > 0 (decisive only),COMPATIBILITY_ONLY_NOT_PRODUCTION,572437.0000,524517.0000,9908.1000,1302,1301,-0.01730863,,-0.01730863,-0.01730863,-9908.1000,572437.0000,OK,0.0000,396.3240,4.0000,96.0000,AG03-UNRESOLVED,ALL5_LEVELS_bet23_to_bet27,396.3240,396.3240,396.3240,396.3240,396.3240,4.000000,4.000000,4.000000,4.000000,4.000000,96.000000,96.000000,96.000000,96.000000,96.000000,5.0,1981.6200,1829.3058,7926.4800,8078.7942,PENDING_AG03,FALSE,NOT_FOR_ENFORCEMENT,9511.7760,503536.3200,9908.1000,9511.7760,396.3240,0.01730863,0.01661628,396.3240,9511.7760,0.01661628,396.3240,396.3240,396.3240,396.3240,396.3240,9511.7760,0.01661628,1981.6200,1829.3058,7926.4800,8078.7942,0.01384690,0.01411298,0.00069235,439.6598,403.1645,7.6158,471.8143,13.4438,27258.9048,61.9524,,439.6598,50.0,150.0,500.0,1000.0,2000.0,3959.9609,110.0,0.0,13.333333,26.39974,2.931065,29,147,15,4,0E-8,0.01730863,,0E-8,0.000000,0.916288,0.000000,,2026-05-21,2026-07-03,21,737,411,44,0.477273,,,0.000000,,,,,,,,GLOBAL_BASELINE_NO_ENTITY_RANKING,,,NOT_APPLICABLE_GLOBAL_BASELINE,HF9g-P5,,,,X 全窗基线 · 不参与实体赏罚,15057551,1506,A168_HF9F_20260827_0900,2026-08-27 09:00:00
2026-05-27,150345145,2117,0,300.0000000000,300.0000000000,300.0000000000,1.0000000,2,2,0.49324550000000000,0.493245500000,1.4334489766152358,1.4334489766152358,1.4334489766152358,0E-17,ELIGIBLE,R03b_20260811_FULL_v1,L1_ELIGIBILITY,v2026-08-11,2026-03-21..2026-08-06,baccarat_bet02_101_all_pairs_incl_sentinel,round_win = game_pnl > 0 (decisive only),COMPATIBILITY_ONLY_NOT_PRODUCTION,572437.0000,524517.0000,9908.1000,1302,1301,-0.01730863,,-0.01730863,-0.01730863,-9908.1000,572437.0000,OK,0.0000,396.3240,4.0000,96.0000,AG03-UNRESOLVED,ALL5_LEVELS_bet23_to_bet27,396.3240,396.3240,396.3240,396.3240,396.3240,4.000000,4.000000,4.000000,4.000000,4.000000,96.000000,96.000000,96.000000,96.000000,96.000000,5.0,1981.6200,1829.3058,7926.4800,8078.7942,PENDING_AG03,FALSE,NOT_FOR_ENFORCEMENT,9511.7760,503536.3200,9908.1000,9511.7760,396.3240,0.01730863,0.01661628,396.3240,9511.7760,0.01661628,396.3240,396.3240,396.3240,396.3240,396.3240,9511.7760,0.01661628,1981.6200,1829.3058,7926.4800,8078.7942,0.01384690,0.01411298,0.00069235,439.6598,403.1645,7.6158,471.8143,13.4438,27258.9048,61.9524,,439.6598,50.0,150.0,500.0,1000.0,2000.0,3959.9609,110.0,0.0,13.333333,26.39974,2.931065,29,147,15,4,0E-8,0.01730863,,0E-8,0.000000,0.916288,0.000000,,2026-05-21,2026-07-03,21,737,411,44,0.477273,,,0.000000,,,,,,,,GLOBAL_BASELINE_NO_ENTITY_RANKING,,,NOT_APPLICABLE_GLOBAL_BASELINE,HF9g-P5,,,,X 全窗基线 · 不参与实体赏罚,15057552,1506,A168_HF9F_20260827_0900,2026-08-27 09:00:00
2026-05-27,150345145,2145,0,100.0000000000,-100.0000000000,-100.0000000000,0E-7,1,1,0.49324550000000000,0.493245500000,-0.9865810262130424,-0.9865810262130424,-0.9865810262130424,0E-17,ELIGIBLE,R03b_20260811_FULL_v1,L1_ELIGIBILITY,v2026-08-11,2026-03-21..2026-08-06,baccarat_bet02_101_all_pairs_incl_sentinel,round_win = game_pnl > 0 (decisive only),COMPATIBILITY_ONLY_NOT_PRODUCTION,572437.0000,524517.0000,9908.1000,1302,1301,-0.01730863,,-0.01730863,-0.01730863,-9908.1000,572437.0000,OK,0.0000,396.3240,4.0000,96.0000,AG03-UNRESOLVED,ALL5_LEVELS_bet23_to_bet27,396.3240,396.3240,396.3240,396.3240,396.3240,4.000000,4.000000,4.000000,4.000000,4.000000,96.000000,96.000000,96.000000,96.000000,96.000000,5.0,1981.6200,1829.3058,7926.4800,8078.7942,PENDING_AG03,FALSE,NOT_FOR_ENFORCEMENT,9511.7760,503536.3200,9908.1000,9511.7760,396.3240,0.01730863,0.01661628,396.3240,9511.7760,0.01661628,396.3240,396.3240,396.3240,396.3240,396.3240,9511.7760,0.01661628,1981.6200,1829.3058,7926.4800,8078.7942,0.01384690,0.01411298,0.00069235,439.6598,403.1645,7.6158,471.8143,13.4438,27258.9048,61.9524,,439.6598,50.0,150.0,500.0,1000.0,2000.0,3959.9609,110.0,0.0,13.333333,26.39974,2.931065,29,147,15,4,0E-8,0.01730863,,0E-8,0.000000,0.916288,0.000000,,2026-05-21,2026-07-03,21,737,411,44,0.477273,,,0.000000,,,,,,,,GLOBAL_BASELINE_NO_ENTITY_RANKING,,,NOT_APPLICABLE_GLOBAL_BASELINE,HF9g-P5,,,,X 全窗基线 · 不参与实体赏罚,15057553,1506,A168_HF9F_20260827_0900,2026-08-27 09:00:00
2026-05-27,150345145,2156,0,116.0000000000,-84.8000000000,-84.8000000000,0.5000000,2,2,0.49994810000000000,0.499948100000,0.00014679536856514622,0.00014679536856514622,0.00014679536856514622,0E-17,ELIGIBLE,R03b_20260811_FULL_v1,L1_ELIGIBILITY,v2026-08-11,2026-03-21..2026-08-06,baccarat_bet02_101_all_pairs_incl_sentinel,round_win = game_pnl > 0 (decisive only),COMPATIBILITY_ONLY_NOT_PRODUCTION,572437.0000,524517.0000,9908.1000,1302,1301,-0.01730863,,-0.01730863,-0.01730863,-9908.1000,572437.0000,OK,0.0000,396.3240,4.0000,96.0000,AG03-UNRESOLVED,ALL5_LEVELS_bet23_to_bet27,396.3240,396.3240,396.3240,396.3240,396.3240,4.000000,4.000000,4.000000,4.000000,4.000000,96.000000,96.000000,96.000000,96.000000,96.000000,5.0,1981.6200,1829.3058,7926.4800,8078.7942,PENDING_AG03,FALSE,NOT_FOR_ENFORCEMENT,9511.7760,503536.3200,9908.1000,9511.7760,396.3240,0.01730863,0.01661628,396.3240,9511.7760,0.01661628,396.3240,396.3240,396.3240,396.3240,396.3240,9511.7760,0.01661628,1981.6200,1829.3058,7926.4800,8078.7942,0.01384690,0.01411298,0.00069235,439.6598,403.1645,7.6158,471.8143,13.4438,27258.9048,61.9524,,439.6598,50.0,150.0,500.0,1000.0,2000.0,3959.9609,110.0,0.0,13.333333,26.39974,2.931065,29,147,15,4,0E-8,0.01730863,,0E-8,0.000000,0.916288,0.000000,,2026-05-21,2026-07-03,21,737,411,44,0.477273,,,0.000000,,,,,,,,GLOBAL_BASELINE_NO_ENTITY_RANKING,,,NOT_APPLICABLE_GLOBAL_BASELINE,HF9g-P5,,,,X 全窗基线 · 不参与实体赏罚,15057554,1506,A168_HF9F_20260827_0900,2026-08-27 09:00:00
2026-05-27,150345145,2167,0,100.0000000000,100.0000000000,100.0000000000,1.0000000,1,1,0.49324550000000000,0.493245500000,1.01360149184955,1.01360149184955,1.01360149184955,0E-17,ELIGIBLE,R03b_20260811_FULL_v1,L1_ELIGIBILITY,v2026-08-11,2026-03-21..2026-08-06,baccarat_bet02_101_all_pairs_incl_sentinel,round_win = game_pnl > 0 (decisive only),COMPATIBILITY_ONLY_NOT_PRODUCTION,572437.0000,524517.0000,9908.1000,1302,1301,-0.01730863,,-0.01730863,-0.01730863,-9908.1000,572437.0000,OK,0.0000,396.3240,4.0000,96.0000,AG03-UNRESOLVED,ALL5_LEVELS_bet23_to_bet27,396.3240,396.3240,396.3240,396.3240,396.3240,4.000000,4.000000,4.000000,4.000000,4.000000,96.000000,96.000000,96.000000,96.000000,96.000000,5.0,1981.6200,1829.3058,7926.4800,8078.7942,PENDING_AG03,FALSE,NOT_FOR_ENFORCEMENT,9511.7760,503536.3200,9908.1000,9511.7760,396.3240,0.01730863,0.01661628,396.3240,9511.7760,0.01661628,396.3240,396.3240,396.3240,396.3240,396.3240,9511.7760,0.01661628,1981.6200,1829.3058,7926.4800,8078.7942,0.01384690,0.01411298,0.00069235,439.6598,403.1645,7.6158,471.8143,13.4438,27258.9048,61.9524,,439.6598,50.0,150.0,500.0,1000.0,2000.0,3959.9609,110.0,0.0,13.333333,26.39974,2.931065,29,147,15,4,0E-8,0.01730863,,0E-8,0.000000,0.916288,0.000000,,2026-05-21,2026-07-03,21,737,411,44,0.477273,,,0.000000,,,,,,,,GLOBAL_BASELINE_NO_ENTITY_RANKING,,,NOT_APPLICABLE_GLOBAL_BASELINE,HF9g-P5,,,,X 全窗基线 · 不参与实体赏罚,15057555,1506,A168_HF9F_20260827_0900,2026-08-27 09:00:00
2026-05-27,150345145,2175,0,110.0000000000,30.0000000000,30.0000000000,0.7500000,4,4,0.49324550000000000,0.493245500000,1.0271117246678039,1.0271117246678039,1.0271117246678039,0E-17,ELIGIBLE,R03b_20260811_FULL_v1,L1_ELIGIBILITY,v2026-08-11,2026-03-21..2026-08-06,baccarat_bet02_101_all_pairs_incl_sentinel,round_win = game_pnl > 0 (decisive only),COMPATIBILITY_ONLY_NOT_PRODUCTION,572437.0000,524517.0000,9908.1000,1302,1301,-0.01730863,,-0.01730863,-0.01730863,-9908.1000,572437.0000,OK,0.0000,396.3240,4.0000,96.0000,AG03-UNRESOLVED,ALL5_LEVELS_bet23_to_bet27,396.3240,396.3240,396.3240,396.3240,396.3240,4.000000,4.000000,4.000000,4.000000,4.000000,96.000000,96.000000,96.000000,96.000000,96.000000,5.0,1981.6200,1829.3058,7926.4800,8078.7942,PENDING_AG03,FALSE,NOT_FOR_ENFORCEMENT,9511.7760,503536.3200,9908.1000,9511.7760,396.3240,0.01730863,0.01661628,396.3240,9511.7760,0.01661628,396.3240,396.3240,396.3240,396.3240,396.3240,9511.7760,0.01661628,1981.6200,1829.3058,7926.4800,8078.7942,0.01384690,0.01411298,0.00069235,439.6598,403.1645,7.6158,471.8143,13.4438,27258.9048,61.9524,,439.6598,50.0,150.0,500.0,1000.0,2000.0,3959.9609,110.0,0.0,13.333333,26.39974,2.931065,29,147,15,4,0E-8,0.01730863,,0E-8,0.000000,0.916288,0.000000,,2026-05-21,2026-07-03,21,737,411,44,0.477273,,,0.000000,,,,,,,,GLOBAL_BASELINE_NO_ENTITY_RANKING,,,NOT_APPLICABLE_GLOBAL_BASELINE,HF9g-P5,,,,X 全窗基线 · 不参与实体赏罚,15057556,1506,A168_HF9F_20260827_0900,2026-08-27 09:00:00
2026-05-27,150345145,2188,0,48.0000000000,-48.0000000000,-48.0000000000,0E-7,1,1,0.50665070000000000,0.506650700000,-1.013391052207602,-1.013391052207602,-1.013391052207602,0E-17,ELIGIBLE,R03b_20260811_FULL_v1,L1_ELIGIBILITY,v2026-08-11,2026-03-21..2026-08-06,baccarat_bet02_101_all_pairs_incl_sentinel,round_win = game_pnl > 0 (decisive only),COMPATIBILITY_ONLY_NOT_PRODUCTION,572437.0000,524517.0000,9908.1000,1302,1301,-0.01730863,,-0.01730863,-0.01730863,-9908.1000,572437.0000,OK,0.0000,396.3240,4.0000,96.0000,AG03-UNRESOLVED,ALL5_LEVELS_bet23_to_bet27,396.3240,396.3240,396.3240,396.3240,396.3240,4.000000,4.000000,4.000000,4.000000,4.000000,96.000000,96.000000,96.000000,96.000000,96.000000,5.0,1981.6200,1829.3058,7926.4800,8078.7942,PENDING_AG03,FALSE,NOT_FOR_ENFORCEMENT,9511.7760,503536.3200,9908.1000,9511.7760,396.3240,0.01730863,0.01661628,396.3240,9511.7760,0.01661628,396.3240,396.3240,396.3240,396.3240,396.3240,9511.7760,0.01661628,1981.6200,1829.3058,7926.4800,8078.7942,0.01384690,0.01411298,0.00069235,439.6598,403.1645,7.6158,471.8143,13.4438,27258.9048,61.9524,,439.6598,50.0,150.0,500.0,1000.0,2000.0,3959.9609,110.0,0.0,13.333333,26.39974,2.931065,29,147,15,4,0E-8,0.01730863,,0E-8,0.000000,0.916288,0.000000,,2026-05-21,2026-07-03,21,737,411,44,0.477273,,,0.000000,,,,,,,,GLOBAL_BASELINE_NO_ENTITY_RANKING,,,NOT_APPLICABLE_GLOBAL_BASELINE,HF9g-P5,,,,X 全窗基线 · 不参与实体赏罚,15057557,1506,A168_HF9F_20260827_0900,2026-08-27 09:00:00
2026-05-27,150345145,2241,0,205.0000000000,-205.0000000000,-205.0000000000,0E-7,1,1,0.49324550000000000,0.493245500000,-0.9865810262130424,-0.9865810262130424,-0.9865810262130424,0E-17,ELIGIBLE,R03b_20260811_FULL_v1,L1_ELIGIBILITY,v2026-08-11,2026-03-21..2026-08-06,baccarat_bet02_101_all_pairs_incl_sentinel,round_win = game_pnl > 0 (decisive only),COMPATIBILITY_ONLY_NOT_PRODUCTION,572437.0000,524517.0000,9908.1000,1302,1301,-0.01730863,,-0.01730863,-0.01730863,-9908.1000,572437.0000,OK,0.0000,396.3240,4.0000,96.0000,AG03-UNRESOLVED,ALL5_LEVELS_bet23_to_bet27,396.3240,396.3240,396.3240,396.3240,396.3240,4.000000,4.000000,4.000000,4.000000,4.000000,96.000000,96.000000,96.000000,96.000000,96.000000,5.0,1981.6200,1829.3058,7926.4800,8078.7942,PENDING_AG03,FALSE,NOT_FOR_ENFORCEMENT,9511.7760,503536.3200,9908.1000,9511.7760,396.3240,0.01730863,0.01661628,396.3240,9511.7760,0.01661628,396.3240,396.3240,396.3240,396.3240,396.3240,9511.7760,0.01661628,1981.6200,1829.3058,7926.4800,8078.7942,0.01384690,0.01411298,0.00069235,439.6598,403.1645,7.6158,471.8143,13.4438,27258.9048,61.9524,,439.6598,50.0,150.0,500.0,1000.0,2000.0,3959.9609,110.0,0.0,13.333333,26.39974,2.931065,29,147,15,4,0E-8,0.01730863,,0E-8,0.000000,0.916288,0.000000,,2026-05-21,2026-07-03,21,737,411,44,0.477273,,,0.000000,,,,,,,,GLOBAL_BASELINE_NO_ENTITY_RANKING,,,NOT_APPLICABLE_GLOBAL_BASELINE,HF9g-P5,,,,X 全窗基线 · 不参与实体赏罚,15057558,1506,A168_HF9F_20260827_0900,2026-08-27 09:00:00
2026-05-27,150345145,2248,0,200.0000000000,-100.0000000000,-100.0000000000,0E-7,2,2,0.49994810000000000,0.499948100000,-0.9998962053866608,-0.9998962053866608,-0.9998962053866608,0E-17,ELIGIBLE,R03b_20260811_FULL_v1,L1_ELIGIBILITY,v2026-08-11,2026-03-21..2026-08-06,baccarat_bet02_101_all_pairs_incl_sentinel,round_win = game_pnl > 0 (decisive only),COMPATIBILITY_ONLY_NOT_PRODUCTION,572437.0000,524517.0000,9908.1000,1302,1301,-0.01730863,,-0.01730863,-0.01730863,-9908.1000,572437.0000,OK,0.0000,396.3240,4.0000,96.0000,AG03-UNRESOLVED,ALL5_LEVELS_bet23_to_bet27,396.3240,396.3240,396.3240,396.3240,396.3240,4.000000,4.000000,4.000000,4.000000,4.000000,96.000000,96.000000,96.000000,96.000000,96.000000,5.0,1981.6200,1829.3058,7926.4800,8078.7942,PENDING_AG03,FALSE,NOT_FOR_ENFORCEMENT,9511.7760,503536.3200,9908.1000,9511.7760,396.3240,0.01730863,0.01661628,396.3240,9511.7760,0.01661628,396.3240,396.3240,396.3240,396.3240,396.3240,9511.7760,0.01661628,1981.6200,1829.3058,7926.4800,8078.7942,0.01384690,0.01411298,0.00069235,439.6598,403.1645,7.6158,471.8143,13.4438,27258.9048,61.9524,,439.6598,50.0,150.0,500.0,1000.0,2000.0,3959.9609,110.0,0.0,13.333333,26.39974,2.931065,29,147,15,4,0E-8,0.01730863,,0E-8,0.000000,0.916288,0.000000,,2026-05-21,2026-07-03,21,737,411,44,0.477273,,,0.000000,,,,,,,,GLOBAL_BASELINE_NO_ENTITY_RANKING,,,NOT_APPLICABLE_GLOBAL_BASELINE,HF9g-P5,,,,X 全窗基线 · 不参与实体赏罚,15057559,1506,A168_HF9F_20260827_0900,2026-08-27 09:00:00
2026-05-27,150345145,2261,0,51.0000000000,-51.0000000000,-51.0000000000,0E-7,1,1,0.49324550000000000,0.493245500000,-0.9865810262130424,-0.9865810262130424,-0.9865810262130424,0E-17,ELIGIBLE,R03b_20260811_FULL_v1,L1_ELIGIBILITY,v2026-08-11,2026-03-21..2026-08-06,baccarat_bet02_101_all_pairs_incl_sentinel,round_win = game_pnl > 0 (decisive only),COMPATIBILITY_ONLY_NOT_PRODUCTION,572437.0000,524517.0000,9908.1000,1302,1301,-0.01730863,,-0.01730863,-0.01730863,-9908.1000,572437.0000,OK,0.0000,396.3240,4.0000,96.0000,AG03-UNRESOLVED,ALL5_LEVELS_bet23_to_bet27,396.3240,396.3240,396.3240,396.3240,396.3240,4.000000,4.000000,4.000000,4.000000,4.000000,96.000000,96.000000,96.000000,96.000000,96.000000,5.0,1981.6200,1829.3058,7926.4800,8078.7942,PENDING_AG03,FALSE,NOT_FOR_ENFORCEMENT,9511.7760,503536.3200,9908.1000,9511.7760,396.3240,0.01730863,0.01661628,396.3240,9511.7760,0.01661628,396.3240,396.3240,396.3240,396.3240,396.3240,9511.7760,0.01661628,1981.6200,1829.3058,7926.4800,8078.7942,0.01384690,0.01411298,0.00069235,439.6598,403.1645,7.6158,471.8143,13.4438,27258.9048,61.9524,,439.6598,50.0,150.0,500.0,1000.0,2000.0,3959.9609,110.0,0.0,13.333333,26.39974,2.931065,29,147,15,4,0E-8,0.01730863,,0E-8,0.000000,0.916288,0.000000,,2026-05-21,2026-07-03,21,737,411,44,0.477273,,,0.000000,,,,,,,,GLOBAL_BASELINE_NO_ENTITY_RANKING,,,NOT_APPLICABLE_GLOBAL_BASELINE,HF9g-P5,,,,X 全窗基线 · 不参与实体赏罚,15057560,1506,A168_HF9F_20260827_0900,2026-08-27 09:00:00
2026-05-27,150345145,2266,0,300.0000000000,-300.0000000000,-300.0000000000,0E-7,1,1,0.49324550000000000,0.493245500000,-0.9865810262130424,-0.9865810262130424,-0.9865810262130424,0E-17,ELIGIBLE,R03b_20260811_FULL_v1,L1_ELIGIBILITY,v2026-08-11,2026-03-21..2026-08-06,baccarat_bet02_101_all_pairs_incl_sentinel,round_win = game_pnl > 0 (decisive only),COMPATIBILITY_ONLY_NOT_PRODUCTION,572437.0000,524517.0000,9908.1000,1302,1301,-0.01730863,,-0.01730863,-0.01730863,-9908.1000,572437.0000,OK,0.0000,396.3240,4.0000,96.0000,AG03-UNRESOLVED,ALL5_LEVELS_bet23_to_bet27,396.3240,396.3240,396.3240,396.3240,396.3240,4.000000,4.000000,4.000000,4.000000,4.000000,96.000000,96.000000,96.000000,96.000000,96.000000,5.0,1981.6200,1829.3058,7926.4800,8078.7942,PENDING_AG03,FALSE,NOT_FOR_ENFORCEMENT,9511.7760,503536.3200,9908.1000,9511.7760,396.3240,0.01730863,0.01661628,396.3240,9511.7760,0.01661628,396.3240,396.3240,396.3240,396.3240,396.3240,9511.7760,0.01661628,1981.6200,1829.3058,7926.4800,8078.7942,0.01384690,0.01411298,0.00069235,439.6598,403.1645,7.6158,471.8143,13.4438,27258.9048,61.9524,,439.6598,50.0,150.0,500.0,1000.0,2000.0,3959.9609,110.0,0.0,13.333333,26.39974,2.931065,29,147,15,4,0E-8,0.01730863,,0E-8,0.000000,0.916288,0.000000,,2026-05-21,2026-07-03,21,737,411,44,0.477273,,,0.000000,,,,,,,,GLOBAL_BASELINE_NO_ENTITY_RANKING,,,NOT_APPLICABLE_GLOBAL_BASELINE,HF9g-P5,,,,X 全窗基线 · 不参与实体赏罚,15057561,1506,A168_HF9F_20260827_0900,2026-08-27 09:00:00
2026-05-27,150345145,2267,0,40.0000000000,24.0000000000,24.0000000000,1.0000000,2,2,0.49994810000000000,0.499948100000,1.0001038053877793,1.0001038053877793,1.0001038053877793,0E-17,ELIGIBLE,R03b_20260811_FULL_v1,L1_ELIGIBILITY,v2026-08-11,2026-03-21..2026-08-06,baccarat_bet02_101_all_pairs_incl_sentinel,round_win = game_pnl > 0 (decisive only),COMPATIBILITY_ONLY_NOT_PRODUCTION,572437.0000,524517.0000,9908.1000,1302,1301,-0.01730863,,-0.01730863,-0.01730863,-9908.1000,572437.0000,OK,0.0000,396.3240,4.0000,96.0000,AG03-UNRESOLVED,ALL5_LEVELS_bet23_to_bet27,396.3240,396.3240,396.3240,396.3240,396.3240,4.000000,4.000000,4.000000,4.000000,4.000000,96.000000,96.000000,96.000000,96.000000,96.000000,5.0,1981.6200,1829.3058,7926.4800,8078.7942,PENDING_AG03,FALSE,NOT_FOR_ENFORCEMENT,9511.7760,503536.3200,9908.1000,9511.7760,396.3240,0.01730863,0.01661628,396.3240,9511.7760,0.01661628,396.3240,396.3240,396.3240,396.3240,396.3240,9511.7760,0.01661628,1981.6200,1829.3058,7926.4800,8078.7942,0.01384690,0.01411298,0.00069235,439.6598,403.1645,7.6158,471.8143,13.4438,27258.9048,61.9524,,439.6598,50.0,150.0,500.0,1000.0,2000.0,3959.9609,110.0,0.0,13.333333,26.39974,2.931065,29,147,15,4,0E-8,0.01730863,,0E-8,0.000000,0.916288,0.000000,,2026-05-21,2026-07-03,21,737,411,44,0.477273,,,0.000000,,,,,,,,GLOBAL_BASELINE_NO_ENTITY_RANKING,,,NOT_APPLICABLE_GLOBAL_BASELINE,HF9g-P5,,,,X 全窗基线 · 不参与实体赏罚,15057562,1506,A168_HF9F_20260827_0900,2026-08-27 09:00:00
2026-05-27,150345145,550,0,118.0000000000,12.0000000000,12.0000000000,0.5000000,4,4,0.49324550000000000,0.493245500000,0.027020465636507562,0.027020465636507562,0.027020465636507562,0E-17,ELIGIBLE,R03b_20260811_FULL_v1,L1_ELIGIBILITY,v2026-08-11,2026-03-21..2026-08-06,baccarat_bet02_101_all_pairs_incl_sentinel,round_win = game_pnl > 0 (decisive only),COMPATIBILITY_ONLY_NOT_PRODUCTION,572437.0000,524517.0000,9908.1000,1302,1301,-0.01730863,,-0.01730863,-0.01730863,-9908.1000,572437.0000,OK,0.0000,396.3240,4.0000,96.0000,AG03-UNRESOLVED,ALL5_LEVELS_bet23_to_bet27,396.3240,396.3240,396.3240,396.3240,396.3240,4.000000,4.000000,4.000000,4.000000,4.000000,96.000000,96.000000,96.000000,96.000000,96.000000,5.0,1981.6200,1829.3058,7926.4800,8078.7942,PENDING_AG03,FALSE,NOT_FOR_ENFORCEMENT,9511.7760,503536.3200,9908.1000,9511.7760,396.3240,0.01730863,0.01661628,396.3240,9511.7760,0.01661628,396.3240,396.3240,396.3240,396.3240,396.3240,9511.7760,0.01661628,1981.6200,1829.3058,7926.4800,8078.7942,0.01384690,0.01411298,0.00069235,439.6598,403.1645,7.6158,471.8143,13.4438,27258.9048,61.9524,,439.6598,50.0,150.0,500.0,1000.0,2000.0,3959.9609,110.0,0.0,13.333333,26.39974,2.931065,29,147,15,4,0E-8,0.01730863,,0E-8,0.000000,0.916288,0.000000,,2026-05-21,2026-07-03,21,737,411,44,0.477273,,,0.000000,,,,,,,,GLOBAL_BASELINE_NO_ENTITY_RANKING,,,NOT_APPLICABLE_GLOBAL_BASELINE,HF9g-P5,,,,X 全窗基线 · 不参与实体赏罚,15057563,1506,A168_HF9F_20260827_0900,2026-08-27 09:00:00
2026-05-27,150345145,752,0,510.0000000000,-290.0000000000,-290.0000000000,0.5000000,4,4,0.49324550000000000,0.493245500000,0.027020465636507562,0.027020465636507562,0.027020465636507562,0E-17,ELIGIBLE,R03b_20260811_FULL_v1,L1_ELIGIBILITY,v2026-08-11,2026-03-21..2026-08-06,baccarat_bet02_101_all_pairs_incl_sentinel,round_win = game_pnl > 0 (decisive only),COMPATIBILITY_ONLY_NOT_PRODUCTION,572437.0000,524517.0000,9908.1000,1302,1301,-0.01730863,,-0.01730863,-0.01730863,-9908.1000,572437.0000,OK,0.0000,396.3240,4.0000,96.0000,AG03-UNRESOLVED,ALL5_LEVELS_bet23_to_bet27,396.3240,396.3240,396.3240,396.3240,396.3240,4.000000,4.000000,4.000000,4.000000,4.000000,96.000000,96.000000,96.000000,96.000000,96.000000,5.0,1981.6200,1829.3058,7926.4800,8078.7942,PENDING_AG03,FALSE,NOT_FOR_ENFORCEMENT,9511.7760,503536.3200,9908.1000,9511.7760,396.3240,0.01730863,0.01661628,396.3240,9511.7760,0.01661628,396.3240,396.3240,396.3240,396.3240,396.3240,9511.7760,0.01661628,1981.6200,1829.3058,7926.4800,8078.7942,0.01384690,0.01411298,0.00069235,439.6598,403.1645,7.6158,471.8143,13.4438,27258.9048,61.9524,,439.6598,50.0,150.0,500.0,1000.0,2000.0,3959.9609,110.0,0.0,13.333333,26.39974,2.931065,29,147,15,4,0E-8,0.01730863,,0E-8,0.000000,0.916288,0.000000,,2026-05-21,2026-07-03,21,737,411,44,0.477273,,,0.000000,,,,,,,,GLOBAL_BASELINE_NO_ENTITY_RANKING,,,NOT_APPLICABLE_GLOBAL_BASELINE,HF9g-P5,,,,X 全窗基线 · 不参与实体赏罚,15057564,1506,A168_HF9F_20260827_0900,2026-08-27 09:00:00
2026-05-27,150345145,763,0,534.0000000000,-334.0000000000,-334.0000000000,0.2500000,4,4,0.49324550000000000,0.493245500000,-0.9730707933947887,-0.9730707933947887,-0.9730707933947887,0E-17,ELIGIBLE,R03b_20260811_FULL_v1,L1_ELIGIBILITY,v2026-08-11,2026-03-21..2026-08-06,baccarat_bet02_101_all_pairs_incl_sentinel,round_win = game_pnl > 0 (decisive only),COMPATIBILITY_ONLY_NOT_PRODUCTION,572437.0000,524517.0000,9908.1000,1302,1301,-0.01730863,,-0.01730863,-0.01730863,-9908.1000,572437.0000,OK,0.0000,396.3240,4.0000,96.0000,AG03-UNRESOLVED,ALL5_LEVELS_bet23_to_bet27,396.3240,396.3240,396.3240,396.3240,396.3240,4.000000,4.000000,4.000000,4.000000,4.000000,96.000000,96.000000,96.000000,96.000000,96.000000,5.0,1981.6200,1829.3058,7926.4800,8078.7942,PENDING_AG03,FALSE,NOT_FOR_ENFORCEMENT,9511.7760,503536.3200,9908.1000,9511.7760,396.3240,0.01730863,0.01661628,396.3240,9511.7760,0.01661628,396.3240,396.3240,396.3240,396.3240,396.3240,9511.7760,0.01661628,1981.6200,1829.3058,7926.4800,8078.7942,0.01384690,0.01411298,0.00069235,439.6598,403.1645,7.6158,471.8143,13.4438,27258.9048,61.9524,,439.6598,50.0,150.0,500.0,1000.0,2000.0,3959.9609,110.0,0.0,13.333333,26.39974,2.931065,29,147,15,4,0E-8,0.01730863,,0E-8,0.000000,0.916288,0.000000,,2026-05-21,2026-07-03,21,737,411,44,0.477273,,,0.000000,,,,,,,,GLOBAL_BASELINE_NO_ENTITY_RANKING,,,NOT_APPLICABLE_GLOBAL_BASELINE,HF9g-P5,,,,X 全窗基线 · 不参与实体赏罚,15057565,1506,A168_HF9F_20260827_0900,2026-08-27 09:00:00
2026-05-28,150345145,-1,1,1119.0000000000,99.0000000000,99.0000000000,0.6000000,27,27,0.49423847777777778,0.494238477778,1.0576854445825985,1.0576854445803707,1.0576854445825985,-2.2222E-13,SENTINEL_DEALER,R03b_20260811_FULL_v1,L1_ELIGIBILITY,v2026-08-11,2026-03-21..2026-08-06,baccarat_bet02_101_all_pairs_incl_sentinel,round_win = game_pnl > 0 (decisive only),COMPATIBILITY_ONLY_NOT_PRODUCTION,572437.0000,524517.0000,9908.1000,1302,1301,-0.01730863,,-0.01730863,-0.01730863,-9908.1000,572437.0000,OK,0.0000,396.3240,4.0000,96.0000,AG03-UNRESOLVED,ALL5_LEVELS_bet23_to_bet27,396.3240,396.3240,396.3240,396.3240,396.3240,4.000000,4.000000,4.000000,4.000000,4.000000,96.000000,96.000000,96.000000,96.000000,96.000000,5.0,1981.6200,1829.3058,7926.4800,8078.7942,PENDING_AG03,FALSE,NOT_FOR_ENFORCEMENT,9511.7760,503536.3200,9908.1000,9511.7760,396.3240,0.01730863,0.01661628,396.3240,9511.7760,0.01661628,396.3240,396.3240,396.3240,396.3240,396.3240,9511.7760,0.01661628,1981.6200,1829.3058,7926.4800,8078.7942,0.01384690,0.01411298,0.00069235,439.6598,403.1645,7.6158,471.8143,13.4438,27258.9048,61.9524,,439.6598,50.0,150.0,500.0,1000.0,2000.0,3959.9609,110.0,0.0,13.333333,26.39974,2.931065,29,147,15,4,0E-8,0.01730863,,0E-8,0.000000,0.916288,0.000000,,2026-05-21,2026-07-03,21,737,411,44,0.477273,,,0.000000,,,,,,,,GLOBAL_BASELINE_NO_ENTITY_RANKING,,,NOT_APPLICABLE_GLOBAL_BASELINE,HF9g-P5,,,,X 全窗基线 · 不参与实体赏罚,15057566,1506,A168_HF9F_20260827_0900,2026-08-27 09:00:00
2026-05-28,150345145,1151,0,100.0000000000,0E-10,0E-10,,1,1,0.49324550000000000,0.493245500000,,,,0E-17,NO_DECISIVE_ROUND,R03b_20260811_FULL_v1,L1_ELIGIBILITY,v2026-08-11,2026-03-21..2026-08-06,baccarat_bet02_101_all_pairs_incl_sentinel,round_win = game_pnl > 0 (decisive only),COMPATIBILITY_ONLY_NOT_PRODUCTION,572437.0000,524517.0000,9908.1000,1302,1301,-0.01730863,,-0.01730863,-0.01730863,-9908.1000,572437.0000,OK,0.0000,396.3240,4.0000,96.0000,AG03-UNRESOLVED,ALL5_LEVELS_bet23_to_bet27,396.3240,396.3240,396.3240,396.3240,396.3240,4.000000,4.000000,4.000000,4.000000,4.000000,96.000000,96.000000,96.000000,96.000000,96.000000,5.0,1981.6200,1829.3058,7926.4800,8078.7942,PENDING_AG03,FALSE,NOT_FOR_ENFORCEMENT,9511.7760,503536.3200,9908.1000,9511.7760,396.3240,0.01730863,0.01661628,396.3240,9511.7760,0.01661628,396.3240,396.3240,396.3240,396.3240,396.3240,9511.7760,0.01661628,1981.6200,1829.3058,7926.4800,8078.7942,0.01384690,0.01411298,0.00069235,439.6598,403.1645,7.6158,471.8143,13.4438,27258.9048,61.9524,,439.6598,50.0,150.0,500.0,1000.0,2000.0,3959.9609,110.0,0.0,13.333333,26.39974,2.931065,29,147,15,4,0E-8,0.01730863,,0E-8,0.000000,0.916288,0.000000,,2026-05-21,2026-07-03,21,737,411,44,0.477273,,,0.000000,,,,,,,,GLOBAL_BASELINE_NO_ENTITY_RANKING,,,NOT_APPLICABLE_GLOBAL_BASELINE,HF9g-P5,,,,X 全窗基线 · 不参与实体赏罚,15057567,1506,A168_HF9F_20260827_0900,2026-08-27 09:00:00
2026-05-28,150345145,1157,0,120.0000000000,-120.0000000000,-120.0000000000,0E-7,1,1,0.49324550000000000,0.493245500000,-0.9865810262130424,-0.9865810262130424,-0.9865810262130424,0E-17,ELIGIBLE,R03b_20260811_FULL_v1,L1_ELIGIBILITY,v2026-08-11,2026-03-21..2026-08-06,baccarat_bet02_101_all_pairs_incl_sentinel,round_win = game_pnl > 0 (decisive only),COMPATIBILITY_ONLY_NOT_PRODUCTION,572437.0000,524517.0000,9908.1000,1302,1301,-0.01730863,,-0.01730863,-0.01730863,-9908.1000,572437.0000,OK,0.0000,396.3240,4.0000,96.0000,AG03-UNRESOLVED,ALL5_LEVELS_bet23_to_bet27,396.3240,396.3240,396.3240,396.3240,396.3240,4.000000,4.000000,4.000000,4.000000,4.000000,96.000000,96.000000,96.000000,96.000000,96.000000,5.0,1981.6200,1829.3058,7926.4800,8078.7942,PENDING_AG03,FALSE,NOT_FOR_ENFORCEMENT,9511.7760,503536.3200,9908.1000,9511.7760,396.3240,0.01730863,0.01661628,396.3240,9511.7760,0.01661628,396.3240,396.3240,396.3240,396.3240,396.3240,9511.7760,0.01661628,1981.6200,1829.3058,7926.4800,8078.7942,0.01384690,0.01411298,0.00069235,439.6598,403.1645,7.6158,471.8143,13.4438,27258.9048,61.9524,,439.6598,50.0,150.0,500.0,1000.0,2000.0,3959.9609,110.0,0.0,13.333333,26.39974,2.931065,29,147,15,4,0E-8,0.01730863,,0E-8,0.000000,0.916288,0.000000,,2026-05-21,2026-07-03,21,737,411,44,0.477273,,,0.000000,,,,,,,,GLOBAL_BASELINE_NO_ENTITY_RANKING,,,NOT_APPLICABLE_GLOBAL_BASELINE,HF9g-P5,,,,X 全窗基线 · 不参与实体赏罚,15057568,1506,A168_HF9F_20260827_0900,2026-08-27 09:00:00
2026-05-28,150345145,1304,0,101.0000000000,1.0000000000,1.0000000000,0.5000000,2,2,0.49324550000000000,0.493245500000,0.01910635448239258,0.01910635448239258,0.01910635448239258,0E-17,ELIGIBLE,R03b_20260811_FULL_v1,L1_ELIGIBILITY,v2026-08-11,2026-03-21..2026-08-06,baccarat_bet02_101_all_pairs_incl_sentinel,round_win = game_pnl > 0 (decisive only),COMPATIBILITY_ONLY_NOT_PRODUCTION,572437.0000,524517.0000,9908.1000,1302,1301,-0.01730863,,-0.01730863,-0.01730863,-9908.1000,572437.0000,OK,0.0000,396.3240,4.0000,96.0000,AG03-UNRESOLVED,ALL5_LEVELS_bet23_to_bet27,396.3240,396.3240,396.3240,396.3240,396.3240,4.000000,4.000000,4.000000,4.000000,4.000000,96.000000,96.000000,96.000000,96.000000,96.000000,5.0,1981.6200,1829.3058,7926.4800,8078.7942,PENDING_AG03,FALSE,NOT_FOR_ENFORCEMENT,9511.7760,503536.3200,9908.1000,9511.7760,396.3240,0.01730863,0.01661628,396.3240,9511.7760,0.01661628,396.3240,396.3240,396.3240,396.3240,396.3240,9511.7760,0.01661628,1981.6200,1829.3058,7926.4800,8078.7942,0.01384690,0.01411298,0.00069235,439.6598,403.1645,7.6158,471.8143,13.4438,27258.9048,61.9524,,439.6598,50.0,150.0,500.0,1000.0,2000.0,3959.9609,110.0,0.0,13.333333,26.39974,2.931065,29,147,15,4,0E-8,0.01730863,,0E-8,0.000000,0.916288,0.000000,,2026-05-21,2026-07-03,21,737,411,44,0.477273,,,0.000000,,,,,,,,GLOBAL_BASELINE_NO_ENTITY_RANKING,,,NOT_APPLICABLE_GLOBAL_BASELINE,HF9g-P5,,,,X 全窗基线 · 不参与实体赏罚,15057569,1506,A168_HF9F_20260827_0900,2026-08-27 09:00:00
2026-05-28,150345145,1325,0,50.0000000000,50.0000000000,50.0000000000,1.0000000,1,1,0.49324550000000000,0.493245500000,1.01360149184955,1.01360149184955,1.01360149184955,0E-17,ELIGIBLE,R03b_20260811_FULL_v1,L1_ELIGIBILITY,v2026-08-11,2026-03-21..2026-08-06,baccarat_bet02_101_all_pairs_incl_sentinel,round_win = game_pnl > 0 (decisive only),COMPATIBILITY_ONLY_NOT_PRODUCTION,572437.0000,524517.0000,9908.1000,1302,1301,-0.01730863,,-0.01730863,-0.01730863,-9908.1000,572437.0000,OK,0.0000,396.3240,4.0000,96.0000,AG03-UNRESOLVED,ALL5_LEVELS_bet23_to_bet27,396.3240,396.3240,396.3240,396.3240,396.3240,4.000000,4.000000,4.000000,4.000000,4.000000,96.000000,96.000000,96.000000,96.000000,96.000000,5.0,1981.6200,1829.3058,7926.4800,8078.7942,PENDING_AG03,FALSE,NOT_FOR_ENFORCEMENT,9511.7760,503536.3200,9908.1000,9511.7760,396.3240,0.01730863,0.01661628,396.3240,9511.7760,0.01661628,396.3240,396.3240,396.3240,396.3240,396.3240,9511.7760,0.01661628,1981.6200,1829.3058,7926.4800,8078.7942,0.01384690,0.01411298,0.00069235,439.6598,403.1645,7.6158,471.8143,13.4438,27258.9048,61.9524,,439.6598,50.0,150.0,500.0,1000.0,2000.0,3959.9609,110.0,0.0,13.333333,26.39974,2.931065,29,147,15,4,0E-8,0.01730863,,0E-8,0.000000,0.916288,0.000000,,2026-05-21,2026-07-03,21,737,411,44,0.477273,,,0.000000,,,,,,,,GLOBAL_BASELINE_NO_ENTITY_RANKING,,,NOT_APPLICABLE_GLOBAL_BASELINE,HF9g-P5,,,,X 全窗基线 · 不参与实体赏罚,15057570,1506,A168_HF9F_20260827_0900,2026-08-27 09:00:00
2026-05-28,150345145,1383,0,80.0000000000,-80.0000000000,-80.0000000000,0E-7,2,2,0.49324550000000000,0.493245500000,-1.3952362676504506,-1.3952362676504506,-1.3952362676504506,0E-17,ELIGIBLE,R03b_20260811_FULL_v1,L1_ELIGIBILITY,v2026-08-11,2026-03-21..2026-08-06,baccarat_bet02_101_all_pairs_incl_sentinel,round_win = game_pnl > 0 (decisive only),COMPATIBILITY_ONLY_NOT_PRODUCTION,572437.0000,524517.0000,9908.1000,1302,1301,-0.01730863,,-0.01730863,-0.01730863,-9908.1000,572437.0000,OK,0.0000,396.3240,4.0000,96.0000,AG03-UNRESOLVED,ALL5_LEVELS_bet23_to_bet27,396.3240,396.3240,396.3240,396.3240,396.3240,4.000000,4.000000,4.000000,4.000000,4.000000,96.000000,96.000000,96.000000,96.000000,96.000000,5.0,1981.6200,1829.3058,7926.4800,8078.7942,PENDING_AG03,FALSE,NOT_FOR_ENFORCEMENT,9511.7760,503536.3200,9908.1000,9511.7760,396.3240,0.01730863,0.01661628,396.3240,9511.7760,0.01661628,396.3240,396.3240,396.3240,396.3240,396.3240,9511.7760,0.01661628,1981.6200,1829.3058,7926.4800,8078.7942,0.01384690,0.01411298,0.00069235,439.6598,403.1645,7.6158,471.8143,13.4438,27258.9048,61.9524,,439.6598,50.0,150.0,500.0,1000.0,2000.0,3959.9609,110.0,0.0,13.333333,26.39974,2.931065,29,147,15,4,0E-8,0.01730863,,0E-8,0.000000,0.916288,0.000000,,2026-05-21,2026-07-03,21,737,411,44,0.477273,,,0.000000,,,,,,,,GLOBAL_BASELINE_NO_ENTITY_RANKING,,,NOT_APPLICABLE_GLOBAL_BASELINE,HF9g-P5,,,,X 全窗基线 · 不参与实体赏罚,15057571,1506,A168_HF9F_20260827_0900,2026-08-27 09:00:00
2026-05-28,150345145,1402,0,50.0000000000,-50.0000000000,-50.0000000000,0E-7,1,1,0.49324550000000000,0.493245500000,-0.9865810262130424,-0.9865810262130424,-0.9865810262130424,0E-17,ELIGIBLE,R03b_20260811_FULL_v1,L1_ELIGIBILITY,v2026-08-11,2026-03-21..2026-08-06,baccarat_bet02_101_all_pairs_incl_sentinel,round_win = game_pnl > 0 (decisive only),COMPATIBILITY_ONLY_NOT_PRODUCTION,572437.0000,524517.0000,9908.1000,1302,1301,-0.01730863,,-0.01730863,-0.01730863,-9908.1000,572437.0000,OK,0.0000,396.3240,4.0000,96.0000,AG03-UNRESOLVED,ALL5_LEVELS_bet23_to_bet27,396.3240,396.3240,396.3240,396.3240,396.3240,4.000000,4.000000,4.000000,4.000000,4.000000,96.000000,96.000000,96.000000,96.000000,96.000000,5.0,1981.6200,1829.3058,7926.4800,8078.7942,PENDING_AG03,FALSE,NOT_FOR_ENFORCEMENT,9511.7760,503536.3200,9908.1000,9511.7760,396.3240,0.01730863,0.01661628,396.3240,9511.7760,0.01661628,396.3240,396.3240,396.3240,396.3240,396.3240,9511.7760,0.01661628,1981.6200,1829.3058,7926.4800,8078.7942,0.01384690,0.01411298,0.00069235,439.6598,403.1645,7.6158,471.8143,13.4438,27258.9048,61.9524,,439.6598,50.0,150.0,500.0,1000.0,2000.0,3959.9609,110.0,0.0,13.333333,26.39974,2.931065,29,147,15,4,0E-8,0.01730863,,0E-8,0.000000,0.916288,0.000000,,2026-05-21,2026-07-03,21,737,411,44,0.477273,,,0.000000,,,,,,,,GLOBAL_BASELINE_NO_ENTITY_RANKING,,,NOT_APPLICABLE_GLOBAL_BASELINE,HF9g-P5,,,,X 全窗基线 · 不参与实体赏罚,15057572,1506,A168_HF9F_20260827_0900,2026-08-27 09:00:00
2026-05-28,150345145,1935,0,60.0000000000,-60.0000000000,-60.0000000000,0E-7,1,1,0.49324550000000000,0.493245500000,-0.9865810262130424,-0.9865810262130424,-0.9865810262130424,0E-17,ELIGIBLE,R03b_20260811_FULL_v1,L1_ELIGIBILITY,v2026-08-11,2026-03-21..2026-08-06,baccarat_bet02_101_all_pairs_incl_sentinel,round_win = game_pnl > 0 (decisive only),COMPATIBILITY_ONLY_NOT_PRODUCTION,572437.0000,524517.0000,9908.1000,1302,1301,-0.01730863,,-0.01730863,-0.01730863,-9908.1000,572437.0000,OK,0.0000,396.3240,4.0000,96.0000,AG03-UNRESOLVED,ALL5_LEVELS_bet23_to_bet27,396.3240,396.3240,396.3240,396.3240,396.3240,4.000000,4.000000,4.000000,4.000000,4.000000,96.000000,96.000000,96.000000,96.000000,96.000000,5.0,1981.6200,1829.3058,7926.4800,8078.7942,PENDING_AG03,FALSE,NOT_FOR_ENFORCEMENT,9511.7760,503536.3200,9908.1000,9511.7760,396.3240,0.01730863,0.01661628,396.3240,9511.7760,0.01661628,396.3240,396.3240,396.3240,396.3240,396.3240,9511.7760,0.01661628,1981.6200,1829.3058,7926.4800,8078.7942,0.01384690,0.01411298,0.00069235,439.6598,403.1645,7.6158,471.8143,13.4438,27258.9048,61.9524,,439.6598,50.0,150.0,500.0,1000.0,2000.0,3959.9609,110.0,0.0,13.333333,26.39974,2.931065,29,147,15,4,0E-8,0.01730863,,0E-8,0.000000,0.916288,0.000000,,2026-05-21,2026-07-03,21,737,411,44,0.477273,,,0.000000,,,,,,,,GLOBAL_BASELINE_NO_ENTITY_RANKING,,,NOT_APPLICABLE_GLOBAL_BASELINE,HF9g-P5,,,,X 全窗基线 · 不参与实体赏罚,15057573,1506,A168_HF9F_20260827_0900,2026-08-27 09:00:00
2026-05-28,150345145,1985,0,50.0000000000,-50.0000000000,-50.0000000000,0E-7,1,1,0.49324550000000000,0.493245500000,-0.9865810262130424,-0.9865810262130424,-0.9865810262130424,0E-17,ELIGIBLE,R03b_20260811_FULL_v1,L1_ELIGIBILITY,v2026-08-11,2026-03-21..2026-08-06,baccarat_bet02_101_all_pairs_incl_sentinel,round_win = game_pnl > 0 (decisive only),COMPATIBILITY_ONLY_NOT_PRODUCTION,572437.0000,524517.0000,9908.1000,1302,1301,-0.01730863,,-0.01730863,-0.01730863,-9908.1000,572437.0000,OK,0.0000,396.3240,4.0000,96.0000,AG03-UNRESOLVED,ALL5_LEVELS_bet23_to_bet27,396.3240,396.3240,396.3240,396.3240,396.3240,4.000000,4.000000,4.000000,4.000000,4.000000,96.000000,96.000000,96.000000,96.000000,96.000000,5.0,1981.6200,1829.3058,7926.4800,8078.7942,PENDING_AG03,FALSE,NOT_FOR_ENFORCEMENT,9511.7760,503536.3200,9908.1000,9511.7760,396.3240,0.01730863,0.01661628,396.3240,9511.7760,0.01661628,396.3240,396.3240,396.3240,396.3240,396.3240,9511.7760,0.01661628,1981.6200,1829.3058,7926.4800,8078.7942,0.01384690,0.01411298,0.00069235,439.6598,403.1645,7.6158,471.8143,13.4438,27258.9048,61.9524,,439.6598,50.0,150.0,500.0,1000.0,2000.0,3959.9609,110.0,0.0,13.333333,26.39974,2.931065,29,147,15,4,0E-8,0.01730863,,0E-8,0.000000,0.916288,0.000000,,2026-05-21,2026-07-03,21,737,411,44,0.477273,,,0.000000,,,,,,,,GLOBAL_BASELINE_NO_ENTITY_RANKING,,,NOT_APPLICABLE_GLOBAL_BASELINE,HF9g-P5,,,,X 全窗基线 · 不参与实体赏罚,15057574,1506,A168_HF9F_20260827_0900,2026-08-27 09:00:00
2026-05-28,150345145,2078,0,140.0000000000,-140.0000000000,-140.0000000000,0E-7,1,1,0.49324550000000000,0.493245500000,-0.9865810262130424,-0.9865810262130424,-0.9865810262130424,0E-17,ELIGIBLE,R03b_20260811_FULL_v1,L1_ELIGIBILITY,v2026-08-11,2026-03-21..2026-08-06,baccarat_bet02_101_all_pairs_incl_sentinel,round_win = game_pnl > 0 (decisive only),COMPATIBILITY_ONLY_NOT_PRODUCTION,572437.0000,524517.0000,9908.1000,1302,1301,-0.01730863,,-0.01730863,-0.01730863,-9908.1000,572437.0000,OK,0.0000,396.3240,4.0000,96.0000,AG03-UNRESOLVED,ALL5_LEVELS_bet23_to_bet27,396.3240,396.3240,396.3240,396.3240,396.3240,4.000000,4.000000,4.000000,4.000000,4.000000,96.000000,96.000000,96.000000,96.000000,96.000000,5.0,1981.6200,1829.3058,7926.4800,8078.7942,PENDING_AG03,FALSE,NOT_FOR_ENFORCEMENT,9511.7760,503536.3200,9908.1000,9511.7760,396.3240,0.01730863,0.01661628,396.3240,9511.7760,0.01661628,396.3240,396.3240,396.3240,396.3240,396.3240,9511.7760,0.01661628,1981.6200,1829.3058,7926.4800,8078.7942,0.01384690,0.01411298,0.00069235,439.6598,403.1645,7.6158,471.8143,13.4438,27258.9048,61.9524,,439.6598,50.0,150.0,500.0,1000.0,2000.0,3959.9609,110.0,0.0,13.333333,26.39974,2.931065,29,147,15,4,0E-8,0.01730863,,0E-8,0.000000,0.916288,0.000000,,2026-05-21,2026-07-03,21,737,411,44,0.477273,,,0.000000,,,,,,,,GLOBAL_BASELINE_NO_ENTITY_RANKING,,,NOT_APPLICABLE_GLOBAL_BASELINE,HF9g-P5,,,,X 全窗基线 · 不参与实体赏罚,15057575,1506,A168_HF9F_20260827_0900,2026-08-27 09:00:00
2026-05-28,150345145,2153,0,15.0000000000,-15.0000000000,-15.0000000000,0E-7,1,1,0.49324550000000000,0.493245500000,-0.9865810262130424,-0.9865810262130424,-0.9865810262130424,0E-17,ELIGIBLE,R03b_20260811_FULL_v1,L1_ELIGIBILITY,v2026-08-11,2026-03-21..2026-08-06,baccarat_bet02_101_all_pairs_incl_sentinel,round_win = game_pnl > 0 (decisive only),COMPATIBILITY_ONLY_NOT_PRODUCTION,572437.0000,524517.0000,9908.1000,1302,1301,-0.01730863,,-0.01730863,-0.01730863,-9908.1000,572437.0000,OK,0.0000,396.3240,4.0000,96.0000,AG03-UNRESOLVED,ALL5_LEVELS_bet23_to_bet27,396.3240,396.3240,396.3240,396.3240,396.3240,4.000000,4.000000,4.000000,4.000000,4.000000,96.000000,96.000000,96.000000,96.000000,96.000000,5.0,1981.6200,1829.3058,7926.4800,8078.7942,PENDING_AG03,FALSE,NOT_FOR_ENFORCEMENT,9511.7760,503536.3200,9908.1000,9511.7760,396.3240,0.01730863,0.01661628,396.3240,9511.7760,0.01661628,396.3240,396.3240,396.3240,396.3240,396.3240,9511.7760,0.01661628,1981.6200,1829.3058,7926.4800,8078.7942,0.01384690,0.01411298,0.00069235,439.6598,403.1645,7.6158,471.8143,13.4438,27258.9048,61.9524,,439.6598,50.0,150.0,500.0,1000.0,2000.0,3959.9609,110.0,0.0,13.333333,26.39974,2.931065,29,147,15,4,0E-8,0.01730863,,0E-8,0.000000,0.916288,0.000000,,2026-05-21,2026-07-03,21,737,411,44,0.477273,,,0.000000,,,,,,,,GLOBAL_BASELINE_NO_ENTITY_RANKING,,,NOT_APPLICABLE_GLOBAL_BASELINE,HF9g-P5,,,,X 全窗基线 · 不参与实体赏罚,15057576,1506,A168_HF9F_20260827_0900,2026-08-27 09:00:00
2026-05-28,150345145,2156,0,102.0000000000,-2.0000000000,-2.0000000000,0.5000000,2,2,0.49994810000000000,0.499948100000,0.00014679536856514622,0.00014679536856514622,0.00014679536856514622,0E-17,ELIGIBLE,R03b_20260811_FULL_v1,L1_ELIGIBILITY,v2026-08-11,2026-03-21..2026-08-06,baccarat_bet02_101_all_pairs_incl_sentinel,round_win = game_pnl > 0 (decisive only),COMPATIBILITY_ONLY_NOT_PRODUCTION,572437.0000,524517.0000,9908.1000,1302,1301,-0.01730863,,-0.01730863,-0.01730863,-9908.1000,572437.0000,OK,0.0000,396.3240,4.0000,96.0000,AG03-UNRESOLVED,ALL5_LEVELS_bet23_to_bet27,396.3240,396.3240,396.3240,396.3240,396.3240,4.000000,4.000000,4.000000,4.000000,4.000000,96.000000,96.000000,96.000000,96.000000,96.000000,5.0,1981.6200,1829.3058,7926.4800,8078.7942,PENDING_AG03,FALSE,NOT_FOR_ENFORCEMENT,9511.7760,503536.3200,9908.1000,9511.7760,396.3240,0.01730863,0.01661628,396.3240,9511.7760,0.01661628,396.3240,396.3240,396.3240,396.3240,396.3240,9511.7760,0.01661628,1981.6200,1829.3058,7926.4800,8078.7942,0.01384690,0.01411298,0.00069235,439.6598,403.1645,7.6158,471.8143,13.4438,27258.9048,61.9524,,439.6598,50.0,150.0,500.0,1000.0,2000.0,3959.9609,110.0,0.0,13.333333,26.39974,2.931065,29,147,15,4,0E-8,0.01730863,,0E-8,0.000000,0.916288,0.000000,,2026-05-21,2026-07-03,21,737,411,44,0.477273,,,0.000000,,,,,,,,GLOBAL_BASELINE_NO_ENTITY_RANKING,,,NOT_APPLICABLE_GLOBAL_BASELINE,HF9g-P5,,,,X 全窗基线 · 不参与实体赏罚,15057577,1506,A168_HF9F_20260827_0900,2026-08-27 09:00:00
2026-05-28,150345145,2160,0,25.0000000000,-25.0000000000,-25.0000000000,0E-7,1,1,0.49324550000000000,0.493245500000,-0.9865810262130424,-0.9865810262130424,-0.9865810262130424,0E-17,ELIGIBLE,R03b_20260811_FULL_v1,L1_ELIGIBILITY,v2026-08-11,2026-03-21..2026-08-06,baccarat_bet02_101_all_pairs_incl_sentinel,round_win = game_pnl > 0 (decisive only),COMPATIBILITY_ONLY_NOT_PRODUCTION,572437.0000,524517.0000,9908.1000,1302,1301,-0.01730863,,-0.01730863,-0.01730863,-9908.1000,572437.0000,OK,0.0000,396.3240,4.0000,96.0000,AG03-UNRESOLVED,ALL5_LEVELS_bet23_to_bet27,396.3240,396.3240,396.3240,396.3240,396.3240,4.000000,4.000000,4.000000,4.000000,4.000000,96.000000,96.000000,96.000000,96.000000,96.000000,5.0,1981.6200,1829.3058,7926.4800,8078.7942,PENDING_AG03,FALSE,NOT_FOR_ENFORCEMENT,9511.7760,503536.3200,9908.1000,9511.7760,396.3240,0.01730863,0.01661628,396.3240,9511.7760,0.01661628,396.3240,396.3240,396.3240,396.3240,396.3240,9511.7760,0.01661628,1981.6200,1829.3058,7926.4800,8078.7942,0.01384690,0.01411298,0.00069235,439.6598,403.1645,7.6158,471.8143,13.4438,27258.9048,61.9524,,439.6598,50.0,150.0,500.0,1000.0,2000.0,3959.9609,110.0,0.0,13.333333,26.39974,2.931065,29,147,15,4,0E-8,0.01730863,,0E-8,0.000000,0.916288,0.000000,,2026-05-21,2026-07-03,21,737,411,44,0.477273,,,0.000000,,,,,,,,GLOBAL_BASELINE_NO_ENTITY_RANKING,,,NOT_APPLICABLE_GLOBAL_BASELINE,HF9g-P5,,,,X 全窗基线 · 不参与实体赏罚,15057578,1506,A168_HF9F_20260827_0900,2026-08-27 09:00:00
2026-05-28,150345145,2175,0,41.0000000000,-41.0000000000,-41.0000000000,0E-7,1,1,0.49324550000000000,0.493245500000,-0.9865810262130424,-0.9865810262130424,-0.9865810262130424,0E-17,ELIGIBLE,R03b_20260811_FULL_v1,L1_ELIGIBILITY,v2026-08-11,2026-03-21..2026-08-06,baccarat_bet02_101_all_pairs_incl_sentinel,round_win = game_pnl > 0 (decisive only),COMPATIBILITY_ONLY_NOT_PRODUCTION,572437.0000,524517.0000,9908.1000,1302,1301,-0.01730863,,-0.01730863,-0.01730863,-9908.1000,572437.0000,OK,0.0000,396.3240,4.0000,96.0000,AG03-UNRESOLVED,ALL5_LEVELS_bet23_to_bet27,396.3240,396.3240,396.3240,396.3240,396.3240,4.000000,4.000000,4.000000,4.000000,4.000000,96.000000,96.000000,96.000000,96.000000,96.000000,5.0,1981.6200,1829.3058,7926.4800,8078.7942,PENDING_AG03,FALSE,NOT_FOR_ENFORCEMENT,9511.7760,503536.3200,9908.1000,9511.7760,396.3240,0.01730863,0.01661628,396.3240,9511.7760,0.01661628,396.3240,396.3240,396.3240,396.3240,396.3240,9511.7760,0.01661628,1981.6200,1829.3058,7926.4800,8078.7942,0.01384690,0.01411298,0.00069235,439.6598,403.1645,7.6158,471.8143,13.4438,27258.9048,61.9524,,439.6598,50.0,150.0,500.0,1000.0,2000.0,3959.9609,110.0,0.0,13.333333,26.39974,2.931065,29,147,15,4,0E-8,0.01730863,,0E-8,0.000000,0.916288,0.000000,,2026-05-21,2026-07-03,21,737,411,44,0.477273,,,0.000000,,,,,,,,GLOBAL_BASELINE_NO_ENTITY_RANKING,,,NOT_APPLICABLE_GLOBAL_BASELINE,HF9g-P5,,,,X 全窗基线 · 不参与实体赏罚,15057579,1506,A168_HF9F_20260827_0900,2026-08-27 09:00:00
2026-05-28,150345145,2216,0,46.0000000000,-7.0000000000,-7.0000000000,0.5000000,2,2,0.49994810000000000,0.499948100000,0.00014679536856514622,0.00014679536856514622,0.00014679536856514622,0E-17,ELIGIBLE,R03b_20260811_FULL_v1,L1_ELIGIBILITY,v2026-08-11,2026-03-21..2026-08-06,baccarat_bet02_101_all_pairs_incl_sentinel,round_win = game_pnl > 0 (decisive only),COMPATIBILITY_ONLY_NOT_PRODUCTION,572437.0000,524517.0000,9908.1000,1302,1301,-0.01730863,,-0.01730863,-0.01730863,-9908.1000,572437.0000,OK,0.0000,396.3240,4.0000,96.0000,AG03-UNRESOLVED,ALL5_LEVELS_bet23_to_bet27,396.3240,396.3240,396.3240,396.3240,396.3240,4.000000,4.000000,4.000000,4.000000,4.000000,96.000000,96.000000,96.000000,96.000000,96.000000,5.0,1981.6200,1829.3058,7926.4800,8078.7942,PENDING_AG03,FALSE,NOT_FOR_ENFORCEMENT,9511.7760,503536.3200,9908.1000,9511.7760,396.3240,0.01730863,0.01661628,396.3240,9511.7760,0.01661628,396.3240,396.3240,396.3240,396.3240,396.3240,9511.7760,0.01661628,1981.6200,1829.3058,7926.4800,8078.7942,0.01384690,0.01411298,0.00069235,439.6598,403.1645,7.6158,471.8143,13.4438,27258.9048,61.9524,,439.6598,50.0,150.0,500.0,1000.0,2000.0,3959.9609,110.0,0.0,13.333333,26.39974,2.931065,29,147,15,4,0E-8,0.01730863,,0E-8,0.000000,0.916288,0.000000,,2026-05-21,2026-07-03,21,737,411,44,0.477273,,,0.000000,,,,,,,,GLOBAL_BASELINE_NO_ENTITY_RANKING,,,NOT_APPLICABLE_GLOBAL_BASELINE,HF9g-P5,,,,X 全窗基线 · 不参与实体赏罚,15057580,1506,A168_HF9F_20260827_0900,2026-08-27 09:00:00
2026-05-28,150345145,2244,0,50.0000000000,-50.0000000000,-50.0000000000,0E-7,1,1,0.49324550000000000,0.493245500000,-0.9865810262130424,-0.9865810262130424,-0.9865810262130424,0E-17,ELIGIBLE,R03b_20260811_FULL_v1,L1_ELIGIBILITY,v2026-08-11,2026-03-21..2026-08-06,baccarat_bet02_101_all_pairs_incl_sentinel,round_win = game_pnl > 0 (decisive only),COMPATIBILITY_ONLY_NOT_PRODUCTION,572437.0000,524517.0000,9908.1000,1302,1301,-0.01730863,,-0.01730863,-0.01730863,-9908.1000,572437.0000,OK,0.0000,396.3240,4.0000,96.0000,AG03-UNRESOLVED,ALL5_LEVELS_bet23_to_bet27,396.3240,396.3240,396.3240,396.3240,396.3240,4.000000,4.000000,4.000000,4.000000,4.000000,96.000000,96.000000,96.000000,96.000000,96.000000,5.0,1981.6200,1829.3058,7926.4800,8078.7942,PENDING_AG03,FALSE,NOT_FOR_ENFORCEMENT,9511.7760,503536.3200,9908.1000,9511.7760,396.3240,0.01730863,0.01661628,396.3240,9511.7760,0.01661628,396.3240,396.3240,396.3240,396.3240,396.3240,9511.7760,0.01661628,1981.6200,1829.3058,7926.4800,8078.7942,0.01384690,0.01411298,0.00069235,439.6598,403.1645,7.6158,471.8143,13.4438,27258.9048,61.9524,,439.6598,50.0,150.0,500.0,1000.0,2000.0,3959.9609,110.0,0.0,13.333333,26.39974,2.931065,29,147,15,4,0E-8,0.01730863,,0E-8,0.000000,0.916288,0.000000,,2026-05-21,2026-07-03,21,737,411,44,0.477273,,,0.000000,,,,,,,,GLOBAL_BASELINE_NO_ENTITY_RANKING,,,NOT_APPLICABLE_GLOBAL_BASELINE,HF9g-P5,,,,X 全窗基线 · 不参与实体赏罚,15057581,1506,A168_HF9F_20260827_0900,2026-08-27 09:00:00
2026-05-28,150345145,2248,0,80.0000000000,-60.0000000000,-60.0000000000,0.5000000,2,2,0.49324550000000000,0.493245500000,0.01910635448239258,0.01910635448239258,0.01910635448239258,0E-17,ELIGIBLE,R03b_20260811_FULL_v1,L1_ELIGIBILITY,v2026-08-11,2026-03-21..2026-08-06,baccarat_bet02_101_all_pairs_incl_sentinel,round_win = game_pnl > 0 (decisive only),COMPATIBILITY_ONLY_NOT_PRODUCTION,572437.0000,524517.0000,9908.1000,1302,1301,-0.01730863,,-0.01730863,-0.01730863,-9908.1000,572437.0000,OK,0.0000,396.3240,4.0000,96.0000,AG03-UNRESOLVED,ALL5_LEVELS_bet23_to_bet27,396.3240,396.3240,396.3240,396.3240,396.3240,4.000000,4.000000,4.000000,4.000000,4.000000,96.000000,96.000000,96.000000,96.000000,96.000000,5.0,1981.6200,1829.3058,7926.4800,8078.7942,PENDING_AG03,FALSE,NOT_FOR_ENFORCEMENT,9511.7760,503536.3200,9908.1000,9511.7760,396.3240,0.01730863,0.01661628,396.3240,9511.7760,0.01661628,396.3240,396.3240,396.3240,396.3240,396.3240,9511.7760,0.01661628,1981.6200,1829.3058,7926.4800,8078.7942,0.01384690,0.01411298,0.00069235,439.6598,403.1645,7.6158,471.8143,13.4438,27258.9048,61.9524,,439.6598,50.0,150.0,500.0,1000.0,2000.0,3959.9609,110.0,0.0,13.333333,26.39974,2.931065,29,147,15,4,0E-8,0.01730863,,0E-8,0.000000,0.916288,0.000000,,2026-05-21,2026-07-03,21,737,411,44,0.477273,,,0.000000,,,,,,,,GLOBAL_BASELINE_NO_ENTITY_RANKING,,,NOT_APPLICABLE_GLOBAL_BASELINE,HF9g-P5,,,,X 全窗基线 · 不参与实体赏罚,15057582,1506,A168_HF9F_20260827_0900,2026-08-27 09:00:00
2026-05-28,150345145,2256,0,52.0000000000,-52.0000000000,-52.0000000000,0E-7,1,1,0.49324550000000000,0.493245500000,-0.9865810262130424,-0.9865810262130424,-0.9865810262130424,0E-17,ELIGIBLE,R03b_20260811_FULL_v1,L1_ELIGIBILITY,v2026-08-11,2026-03-21..2026-08-06,baccarat_bet02_101_all_pairs_incl_sentinel,round_win = game_pnl > 0 (decisive only),COMPATIBILITY_ONLY_NOT_PRODUCTION,572437.0000,524517.0000,9908.1000,1302,1301,-0.01730863,,-0.01730863,-0.01730863,-9908.1000,572437.0000,OK,0.0000,396.3240,4.0000,96.0000,AG03-UNRESOLVED,ALL5_LEVELS_bet23_to_bet27,396.3240,396.3240,396.3240,396.3240,396.3240,4.000000,4.000000,4.000000,4.000000,4.000000,96.000000,96.000000,96.000000,96.000000,96.000000,5.0,1981.6200,1829.3058,7926.4800,8078.7942,PENDING_AG03,FALSE,NOT_FOR_ENFORCEMENT,9511.7760,503536.3200,9908.1000,9511.7760,396.3240,0.01730863,0.01661628,396.3240,9511.7760,0.01661628,396.3240,396.3240,396.3240,396.3240,396.3240,9511.7760,0.01661628,1981.6200,1829.3058,7926.4800,8078.7942,0.01384690,0.01411298,0.00069235,439.6598,403.1645,7.6158,471.8143,13.4438,27258.9048,61.9524,,439.6598,50.0,150.0,500.0,1000.0,2000.0,3959.9609,110.0,0.0,13.333333,26.39974,2.931065,29,147,15,4,0E-8,0.01730863,,0E-8,0.000000,0.916288,0.000000,,2026-05-21,2026-07-03,21,737,411,44,0.477273,,,0.000000,,,,,,,,GLOBAL_BASELINE_NO_ENTITY_RANKING,,,NOT_APPLICABLE_GLOBAL_BASELINE,HF9g-P5,,,,X 全窗基线 · 不参与实体赏罚,15057583,1506,A168_HF9F_20260827_0900,2026-08-27 09:00:00
2026-05-28,150345145,2267,0,80.0000000000,-80.0000000000,-80.0000000000,0E-7,1,1,0.49324550000000000,0.493245500000,-0.9865810262130424,-0.9865810262130424,-0.9865810262130424,0E-17,ELIGIBLE,R03b_20260811_FULL_v1,L1_ELIGIBILITY,v2026-08-11,2026-03-21..2026-08-06,baccarat_bet02_101_all_pairs_incl_sentinel,round_win = game_pnl > 0 (decisive only),COMPATIBILITY_ONLY_NOT_PRODUCTION,572437.0000,524517.0000,9908.1000,1302,1301,-0.01730863,,-0.01730863,-0.01730863,-9908.1000,572437.0000,OK,0.0000,396.3240,4.0000,96.0000,AG03-UNRESOLVED,ALL5_LEVELS_bet23_to_bet27,396.3240,396.3240,396.3240,396.3240,396.3240,4.000000,4.000000,4.000000,4.000000,4.000000,96.000000,96.000000,96.000000,96.000000,96.000000,5.0,1981.6200,1829.3058,7926.4800,8078.7942,PENDING_AG03,FALSE,NOT_FOR_ENFORCEMENT,9511.7760,503536.3200,9908.1000,9511.7760,396.3240,0.01730863,0.01661628,396.3240,9511.7760,0.01661628,396.3240,396.3240,396.3240,396.3240,396.3240,9511.7760,0.01661628,1981.6200,1829.3058,7926.4800,8078.7942,0.01384690,0.01411298,0.00069235,439.6598,403.1645,7.6158,471.8143,13.4438,27258.9048,61.9524,,439.6598,50.0,150.0,500.0,1000.0,2000.0,3959.9609,110.0,0.0,13.333333,26.39974,2.931065,29,147,15,4,0E-8,0.01730863,,0E-8,0.000000,0.916288,0.000000,,2026-05-21,2026-07-03,21,737,411,44,0.477273,,,0.000000,,,,,,,,GLOBAL_BASELINE_NO_ENTITY_RANKING,,,NOT_APPLICABLE_GLOBAL_BASELINE,HF9g-P5,,,,X 全窗基线 · 不参与实体赏罚,15057584,1506,A168_HF9F_20260827_0900,2026-08-27 09:00:00
2026-05-28,150345145,462,0,32.0000000000,-32.0000000000,-32.0000000000,0E-7,1,1,0.49324550000000000,0.493245500000,-0.9865810262130424,-0.9865810262130424,-0.9865810262130424,0E-17,ELIGIBLE,R03b_20260811_FULL_v1,L1_ELIGIBILITY,v2026-08-11,2026-03-21..2026-08-06,baccarat_bet02_101_all_pairs_incl_sentinel,round_win = game_pnl > 0 (decisive only),COMPATIBILITY_ONLY_NOT_PRODUCTION,572437.0000,524517.0000,9908.1000,1302,1301,-0.01730863,,-0.01730863,-0.01730863,-9908.1000,572437.0000,OK,0.0000,396.3240,4.0000,96.0000,AG03-UNRESOLVED,ALL5_LEVELS_bet23_to_bet27,396.3240,396.3240,396.3240,396.3240,396.3240,4.000000,4.000000,4.000000,4.000000,4.000000,96.000000,96.000000,96.000000,96.000000,96.000000,5.0,1981.6200,1829.3058,7926.4800,8078.7942,PENDING_AG03,FALSE,NOT_FOR_ENFORCEMENT,9511.7760,503536.3200,9908.1000,9511.7760,396.3240,0.01730863,0.01661628,396.3240,9511.7760,0.01661628,396.3240,396.3240,396.3240,396.3240,396.3240,9511.7760,0.01661628,1981.6200,1829.3058,7926.4800,8078.7942,0.01384690,0.01411298,0.00069235,439.6598,403.1645,7.6158,471.8143,13.4438,27258.9048,61.9524,,439.6598,50.0,150.0,500.0,1000.0,2000.0,3959.9609,110.0,0.0,13.333333,26.39974,2.931065,29,147,15,4,0E-8,0.01730863,,0E-8,0.000000,0.916288,0.000000,,2026-05-21,2026-07-03,21,737,411,44,0.477273,,,0.000000,,,,,,,,GLOBAL_BASELINE_NO_ENTITY_RANKING,,,NOT_APPLICABLE_GLOBAL_BASELINE,HF9g-P5,,,,X 全窗基线 · 不参与实体赏罚,15057585,1506,A168_HF9F_20260827_0900,2026-08-27 09:00:00
2026-05-28,150345145,471,0,25.0000000000,-25.0000000000,-25.0000000000,0E-7,1,1,0.49324550000000000,0.493245500000,-0.9865810262130424,-0.9865810262130424,-0.9865810262130424,0E-17,ELIGIBLE,R03b_20260811_FULL_v1,L1_ELIGIBILITY,v2026-08-11,2026-03-21..2026-08-06,baccarat_bet02_101_all_pairs_incl_sentinel,round_win = game_pnl > 0 (decisive only),COMPATIBILITY_ONLY_NOT_PRODUCTION,572437.0000,524517.0000,9908.1000,1302,1301,-0.01730863,,-0.01730863,-0.01730863,-9908.1000,572437.0000,OK,0.0000,396.3240,4.0000,96.0000,AG03-UNRESOLVED,ALL5_LEVELS_bet23_to_bet27,396.3240,396.3240,396.3240,396.3240,396.3240,4.000000,4.000000,4.000000,4.000000,4.000000,96.000000,96.000000,96.000000,96.000000,96.000000,5.0,1981.6200,1829.3058,7926.4800,8078.7942,PENDING_AG03,FALSE,NOT_FOR_ENFORCEMENT,9511.7760,503536.3200,9908.1000,9511.7760,396.3240,0.01730863,0.01661628,396.3240,9511.7760,0.01661628,396.3240,396.3240,396.3240,396.3240,396.3240,9511.7760,0.01661628,1981.6200,1829.3058,7926.4800,8078.7942,0.01384690,0.01411298,0.00069235,439.6598,403.1645,7.6158,471.8143,13.4438,27258.9048,61.9524,,439.6598,50.0,150.0,500.0,1000.0,2000.0,3959.9609,110.0,0.0,13.333333,26.39974,2.931065,29,147,15,4,0E-8,0.01730863,,0E-8,0.000000,0.916288,0.000000,,2026-05-21,2026-07-03,21,737,411,44,0.477273,,,0.000000,,,,,,,,GLOBAL_BASELINE_NO_ENTITY_RANKING,,,NOT_APPLICABLE_GLOBAL_BASELINE,HF9g-P5,,,,X 全窗基线 · 不参与实体赏罚,15057586,1506,A168_HF9F_20260827_0900,2026-08-27 09:00:00
2026-05-28,150345145,752,0,60.0000000000,60.0000000000,60.0000000000,1.0000000,1,1,0.49324550000000000,0.493245500000,1.01360149184955,1.01360149184955,1.01360149184955,0E-17,ELIGIBLE,R03b_20260811_FULL_v1,L1_ELIGIBILITY,v2026-08-11,2026-03-21..2026-08-06,baccarat_bet02_101_all_pairs_incl_sentinel,round_win = game_pnl > 0 (decisive only),COMPATIBILITY_ONLY_NOT_PRODUCTION,572437.0000,524517.0000,9908.1000,1302,1301,-0.01730863,,-0.01730863,-0.01730863,-9908.1000,572437.0000,OK,0.0000,396.3240,4.0000,96.0000,AG03-UNRESOLVED,ALL5_LEVELS_bet23_to_bet27,396.3240,396.3240,396.3240,396.3240,396.3240,4.000000,4.000000,4.000000,4.000000,4.000000,96.000000,96.000000,96.000000,96.000000,96.000000,5.0,1981.6200,1829.3058,7926.4800,8078.7942,PENDING_AG03,FALSE,NOT_FOR_ENFORCEMENT,9511.7760,503536.3200,9908.1000,9511.7760,396.3240,0.01730863,0.01661628,396.3240,9511.7760,0.01661628,396.3240,396.3240,396.3240,396.3240,396.3240,9511.7760,0.01661628,1981.6200,1829.3058,7926.4800,8078.7942,0.01384690,0.01411298,0.00069235,439.6598,403.1645,7.6158,471.8143,13.4438,27258.9048,61.9524,,439.6598,50.0,150.0,500.0,1000.0,2000.0,3959.9609,110.0,0.0,13.333333,26.39974,2.931065,29,147,15,4,0E-8,0.01730863,,0E-8,0.000000,0.916288,0.000000,,2026-05-21,2026-07-03,21,737,411,44,0.477273,,,0.000000,,,,,,,,GLOBAL_BASELINE_NO_ENTITY_RANKING,,,NOT_APPLICABLE_GLOBAL_BASELINE,HF9g-P5,,,,X 全窗基线 · 不参与实体赏罚,15057587,1506,A168_HF9F_20260827_0900,2026-08-27 09:00:00
2026-05-29,150345145,-1,1,160.0000000000,-21.0000000000,-21.0000000000,0.5000000,6,6,0.49547970000000000,0.495479700000,0.022145762000773162,0.022145762000773162,0.022145762000773162,0E-17,SENTINEL_DEALER,R03b_20260811_FULL_v1,L1_ELIGIBILITY,v2026-08-11,2026-03-21..2026-08-06,baccarat_bet02_101_all_pairs_incl_sentinel,round_win = game_pnl > 0 (decisive only),COMPATIBILITY_ONLY_NOT_PRODUCTION,572437.0000,524517.0000,9908.1000,1302,1301,-0.01730863,,-0.01730863,-0.01730863,-9908.1000,572437.0000,OK,0.0000,396.3240,4.0000,96.0000,AG03-UNRESOLVED,ALL5_LEVELS_bet23_to_bet27,396.3240,396.3240,396.3240,396.3240,396.3240,4.000000,4.000000,4.000000,4.000000,4.000000,96.000000,96.000000,96.000000,96.000000,96.000000,5.0,1981.6200,1829.3058,7926.4800,8078.7942,PENDING_AG03,FALSE,NOT_FOR_ENFORCEMENT,9511.7760,503536.3200,9908.1000,9511.7760,396.3240,0.01730863,0.01661628,396.3240,9511.7760,0.01661628,396.3240,396.3240,396.3240,396.3240,396.3240,9511.7760,0.01661628,1981.6200,1829.3058,7926.4800,8078.7942,0.01384690,0.01411298,0.00069235,439.6598,403.1645,7.6158,471.8143,13.4438,27258.9048,61.9524,,439.6598,50.0,150.0,500.0,1000.0,2000.0,3959.9609,110.0,0.0,13.333333,26.39974,2.931065,29,147,15,4,0E-8,0.01730863,,0E-8,0.000000,0.916288,0.000000,,2026-05-21,2026-07-03,21,737,411,44,0.477273,,,0.000000,,,,,,,,GLOBAL_BASELINE_NO_ENTITY_RANKING,,,NOT_APPLICABLE_GLOBAL_BASELINE,HF9g-P5,,,,X 全窗基线 · 不参与实体赏罚,15057588,1506,A168_HF9F_20260827_0900,2026-08-27 09:00:00
2026-05-29,150345145,1115,0,70.0000000000,-10.0000000000,-10.0000000000,0.5000000,2,2,0.49324550000000000,0.493245500000,0.01910635448239258,0.01910635448239258,0.01910635448239258,0E-17,ELIGIBLE,R03b_20260811_FULL_v1,L1_ELIGIBILITY,v2026-08-11,2026-03-21..2026-08-06,baccarat_bet02_101_all_pairs_incl_sentinel,round_win = game_pnl > 0 (decisive only),COMPATIBILITY_ONLY_NOT_PRODUCTION,572437.0000,524517.0000,9908.1000,1302,1301,-0.01730863,,-0.01730863,-0.01730863,-9908.1000,572437.0000,OK,0.0000,396.3240,4.0000,96.0000,AG03-UNRESOLVED,ALL5_LEVELS_bet23_to_bet27,396.3240,396.3240,396.3240,396.3240,396.3240,4.000000,4.000000,4.000000,4.000000,4.000000,96.000000,96.000000,96.000000,96.000000,96.000000,5.0,1981.6200,1829.3058,7926.4800,8078.7942,PENDING_AG03,FALSE,NOT_FOR_ENFORCEMENT,9511.7760,503536.3200,9908.1000,9511.7760,396.3240,0.01730863,0.01661628,396.3240,9511.7760,0.01661628,396.3240,396.3240,396.3240,396.3240,396.3240,9511.7760,0.01661628,1981.6200,1829.3058,7926.4800,8078.7942,0.01384690,0.01411298,0.00069235,439.6598,403.1645,7.6158,471.8143,13.4438,27258.9048,61.9524,,439.6598,50.0,150.0,500.0,1000.0,2000.0,3959.9609,110.0,0.0,13.333333,26.39974,2.931065,29,147,15,4,0E-8,0.01730863,,0E-8,0.000000,0.916288,0.000000,,2026-05-21,2026-07-03,21,737,411,44,0.477273,,,0.000000,,,,,,,,GLOBAL_BASELINE_NO_ENTITY_RANKING,,,NOT_APPLICABLE_GLOBAL_BASELINE,HF9g-P5,,,,X 全窗基线 · 不参与实体赏罚,15057589,1506,A168_HF9F_20260827_0900,2026-08-27 09:00:00
2026-05-29,150345145,1325,0,10.0000000000,-10.0000000000,-10.0000000000,0E-7,1,1,0.49324550000000000,0.493245500000,-0.9865810262130424,-0.9865810262130424,-0.9865810262130424,0E-17,ELIGIBLE,R03b_20260811_FULL_v1,L1_ELIGIBILITY,v2026-08-11,2026-03-21..2026-08-06,baccarat_bet02_101_all_pairs_incl_sentinel,round_win = game_pnl > 0 (decisive only),COMPATIBILITY_ONLY_NOT_PRODUCTION,572437.0000,524517.0000,9908.1000,1302,1301,-0.01730863,,-0.01730863,-0.01730863,-9908.1000,572437.0000,OK,0.0000,396.3240,4.0000,96.0000,AG03-UNRESOLVED,ALL5_LEVELS_bet23_to_bet27,396.3240,396.3240,396.3240,396.3240,396.3240,4.000000,4.000000,4.000000,4.000000,4.000000,96.000000,96.000000,96.000000,96.000000,96.000000,5.0,1981.6200,1829.3058,7926.4800,8078.7942,PENDING_AG03,FALSE,NOT_FOR_ENFORCEMENT,9511.7760,503536.3200,9908.1000,9511.7760,396.3240,0.01730863,0.01661628,396.3240,9511.7760,0.01661628,396.3240,396.3240,396.3240,396.3240,396.3240,9511.7760,0.01661628,1981.6200,1829.3058,7926.4800,8078.7942,0.01384690,0.01411298,0.00069235,439.6598,403.1645,7.6158,471.8143,13.4438,27258.9048,61.9524,,439.6598,50.0,150.0,500.0,1000.0,2000.0,3959.9609,110.0,0.0,13.333333,26.39974,2.931065,29,147,15,4,0E-8,0.01730863,,0E-8,0.000000,0.916288,0.000000,,2026-05-21,2026-07-03,21,737,411,44,0.477273,,,0.000000,,,,,,,,GLOBAL_BASELINE_NO_ENTITY_RANKING,,,NOT_APPLICABLE_GLOBAL_BASELINE,HF9g-P5,,,,X 全窗基线 · 不参与实体赏罚,15057590,1506,A168_HF9F_20260827_0900,2026-08-27 09:00:00
2026-05-29,150345145,1353,0,11.0000000000,-11.0000000000,-11.0000000000,0E-7,1,1,0.49324550000000000,0.493245500000,-0.9865810262130424,-0.9865810262130424,-0.9865810262130424,0E-17,ELIGIBLE,R03b_20260811_FULL_v1,L1_ELIGIBILITY,v2026-08-11,2026-03-21..2026-08-06,baccarat_bet02_101_all_pairs_incl_sentinel,round_win = game_pnl > 0 (decisive only),COMPATIBILITY_ONLY_NOT_PRODUCTION,572437.0000,524517.0000,9908.1000,1302,1301,-0.01730863,,-0.01730863,-0.01730863,-9908.1000,572437.0000,OK,0.0000,396.3240,4.0000,96.0000,AG03-UNRESOLVED,ALL5_LEVELS_bet23_to_bet27,396.3240,396.3240,396.3240,396.3240,396.3240,4.000000,4.000000,4.000000,4.000000,4.000000,96.000000,96.000000,96.000000,96.000000,96.000000,5.0,1981.6200,1829.3058,7926.4800,8078.7942,PENDING_AG03,FALSE,NOT_FOR_ENFORCEMENT,9511.7760,503536.3200,9908.1000,9511.7760,396.3240,0.01730863,0.01661628,396.3240,9511.7760,0.01661628,396.3240,396.3240,396.3240,396.3240,396.3240,9511.7760,0.01661628,1981.6200,1829.3058,7926.4800,8078.7942,0.01384690,0.01411298,0.00069235,439.6598,403.1645,7.6158,471.8143,13.4438,27258.9048,61.9524,,439.6598,50.0,150.0,500.0,1000.0,2000.0,3959.9609,110.0,0.0,13.333333,26.39974,2.931065,29,147,15,4,0E-8,0.01730863,,0E-8,0.000000,0.916288,0.000000,,2026-05-21,2026-07-03,21,737,411,44,0.477273,,,0.000000,,,,,,,,GLOBAL_BASELINE_NO_ENTITY_RANKING,,,NOT_APPLICABLE_GLOBAL_BASELINE,HF9g-P5,,,,X 全窗基线 · 不参与实体赏罚,15057591,1506,A168_HF9F_20260827_0900,2026-08-27 09:00:00
2026-05-29,150345145,1509,0,20.0000000000,0E-10,0E-10,,1,1,0.50665070000000000,0.506650700000,,,,0E-17,NO_DECISIVE_ROUND,R03b_20260811_FULL_v1,L1_ELIGIBILITY,v2026-08-11,2026-03-21..2026-08-06,baccarat_bet02_101_all_pairs_incl_sentinel,round_win = game_pnl > 0 (decisive only),COMPATIBILITY_ONLY_NOT_PRODUCTION,572437.0000,524517.0000,9908.1000,1302,1301,-0.01730863,,-0.01730863,-0.01730863,-9908.1000,572437.0000,OK,0.0000,396.3240,4.0000,96.0000,AG03-UNRESOLVED,ALL5_LEVELS_bet23_to_bet27,396.3240,396.3240,396.3240,396.3240,396.3240,4.000000,4.000000,4.000000,4.000000,4.000000,96.000000,96.000000,96.000000,96.000000,96.000000,5.0,1981.6200,1829.3058,7926.4800,8078.7942,PENDING_AG03,FALSE,NOT_FOR_ENFORCEMENT,9511.7760,503536.3200,9908.1000,9511.7760,396.3240,0.01730863,0.01661628,396.3240,9511.7760,0.01661628,396.3240,396.3240,396.3240,396.3240,396.3240,9511.7760,0.01661628,1981.6200,1829.3058,7926.4800,8078.7942,0.01384690,0.01411298,0.00069235,439.6598,403.1645,7.6158,471.8143,13.4438,27258.9048,61.9524,,439.6598,50.0,150.0,500.0,1000.0,2000.0,3959.9609,110.0,0.0,13.333333,26.39974,2.931065,29,147,15,4,0E-8,0.01730863,,0E-8,0.000000,0.916288,0.000000,,2026-05-21,2026-07-03,21,737,411,44,0.477273,,,0.000000,,,,,,,,GLOBAL_BASELINE_NO_ENTITY_RANKING,,,NOT_APPLICABLE_GLOBAL_BASELINE,HF9g-P5,,,,X 全窗基线 · 不参与实体赏罚,15057592,1506,A168_HF9F_20260827_0900,2026-08-27 09:00:00
2026-05-29,150345145,1714,0,30.0000000000,0E-10,0E-10,,1,1,0.49324550000000000,0.493245500000,,,,0E-17,NO_DECISIVE_ROUND,R03b_20260811_FULL_v1,L1_ELIGIBILITY,v2026-08-11,2026-03-21..2026-08-06,baccarat_bet02_101_all_pairs_incl_sentinel,round_win = game_pnl > 0 (decisive only),COMPATIBILITY_ONLY_NOT_PRODUCTION,572437.0000,524517.0000,9908.1000,1302,1301,-0.01730863,,-0.01730863,-0.01730863,-9908.1000,572437.0000,OK,0.0000,396.3240,4.0000,96.0000,AG03-UNRESOLVED,ALL5_LEVELS_bet23_to_bet27,396.3240,396.3240,396.3240,396.3240,396.3240,4.000000,4.000000,4.000000,4.000000,4.000000,96.000000,96.000000,96.000000,96.000000,96.000000,5.0,1981.6200,1829.3058,7926.4800,8078.7942,PENDING_AG03,FALSE,NOT_FOR_ENFORCEMENT,9511.7760,503536.3200,9908.1000,9511.7760,396.3240,0.01730863,0.01661628,396.3240,9511.7760,0.01661628,396.3240,396.3240,396.3240,396.3240,396.3240,9511.7760,0.01661628,1981.6200,1829.3058,7926.4800,8078.7942,0.01384690,0.01411298,0.00069235,439.6598,403.1645,7.6158,471.8143,13.4438,27258.9048,61.9524,,439.6598,50.0,150.0,500.0,1000.0,2000.0,3959.9609,110.0,0.0,13.333333,26.39974,2.931065,29,147,15,4,0E-8,0.01730863,,0E-8,0.000000,0.916288,0.000000,,2026-05-21,2026-07-03,21,737,411,44,0.477273,,,0.000000,,,,,,,,GLOBAL_BASELINE_NO_ENTITY_RANKING,,,NOT_APPLICABLE_GLOBAL_BASELINE,HF9g-P5,,,,X 全窗基线 · 不参与实体赏罚,15057593,1506,A168_HF9F_20260827_0900,2026-08-27 09:00:00
2026-05-29,150345145,2167,0,11.0000000000,-11.0000000000,-11.0000000000,0E-7,1,1,0.49324550000000000,0.493245500000,-0.9865810262130424,-0.9865810262130424,-0.9865810262130424,0E-17,ELIGIBLE,R03b_20260811_FULL_v1,L1_ELIGIBILITY,v2026-08-11,2026-03-21..2026-08-06,baccarat_bet02_101_all_pairs_incl_sentinel,round_win = game_pnl > 0 (decisive only),COMPATIBILITY_ONLY_NOT_PRODUCTION,572437.0000,524517.0000,9908.1000,1302,1301,-0.01730863,,-0.01730863,-0.01730863,-9908.1000,572437.0000,OK,0.0000,396.3240,4.0000,96.0000,AG03-UNRESOLVED,ALL5_LEVELS_bet23_to_bet27,396.3240,396.3240,396.3240,396.3240,396.3240,4.000000,4.000000,4.000000,4.000000,4.000000,96.000000,96.000000,96.000000,96.000000,96.000000,5.0,1981.6200,1829.3058,7926.4800,8078.7942,PENDING_AG03,FALSE,NOT_FOR_ENFORCEMENT,9511.7760,503536.3200,9908.1000,9511.7760,396.3240,0.01730863,0.01661628,396.3240,9511.7760,0.01661628,396.3240,396.3240,396.3240,396.3240,396.3240,9511.7760,0.01661628,1981.6200,1829.3058,7926.4800,8078.7942,0.01384690,0.01411298,0.00069235,439.6598,403.1645,7.6158,471.8143,13.4438,27258.9048,61.9524,,439.6598,50.0,150.0,500.0,1000.0,2000.0,3959.9609,110.0,0.0,13.333333,26.39974,2.931065,29,147,15,4,0E-8,0.01730863,,0E-8,0.000000,0.916288,0.000000,,2026-05-21,2026-07-03,21,737,411,44,0.477273,,,0.000000,,,,,,,,GLOBAL_BASELINE_NO_ENTITY_RANKING,,,NOT_APPLICABLE_GLOBAL_BASELINE,HF9g-P5,,,,X 全窗基线 · 不参与实体赏罚,15057594,1506,A168_HF9F_20260827_0900,2026-08-27 09:00:00
2026-05-29,150345145,2175,0,30.0000000000,-30.0000000000,-30.0000000000,0E-7,1,1,0.49324550000000000,0.493245500000,-0.9865810262130424,-0.9865810262130424,-0.9865810262130424,0E-17,ELIGIBLE,R03b_20260811_FULL_v1,L1_ELIGIBILITY,v2026-08-11,2026-03-21..2026-08-06,baccarat_bet02_101_all_pairs_incl_sentinel,round_win = game_pnl > 0 (decisive only),COMPATIBILITY_ONLY_NOT_PRODUCTION,572437.0000,524517.0000,9908.1000,1302,1301,-0.01730863,,-0.01730863,-0.01730863,-9908.1000,572437.0000,OK,0.0000,396.3240,4.0000,96.0000,AG03-UNRESOLVED,ALL5_LEVELS_bet23_to_bet27,396.3240,396.3240,396.3240,396.3240,396.3240,4.000000,4.000000,4.000000,4.000000,4.000000,96.000000,96.000000,96.000000,96.000000,96.000000,5.0,1981.6200,1829.3058,7926.4800,8078.7942,PENDING_AG03,FALSE,NOT_FOR_ENFORCEMENT,9511.7760,503536.3200,9908.1000,9511.7760,396.3240,0.01730863,0.01661628,396.3240,9511.7760,0.01661628,396.3240,396.3240,396.3240,396.3240,396.3240,9511.7760,0.01661628,1981.6200,1829.3058,7926.4800,8078.7942,0.01384690,0.01411298,0.00069235,439.6598,403.1645,7.6158,471.8143,13.4438,27258.9048,61.9524,,439.6598,50.0,150.0,500.0,1000.0,2000.0,3959.9609,110.0,0.0,13.333333,26.39974,2.931065,29,147,15,4,0E-8,0.01730863,,0E-8,0.000000,0.916288,0.000000,,2026-05-21,2026-07-03,21,737,411,44,0.477273,,,0.000000,,,,,,,,GLOBAL_BASELINE_NO_ENTITY_RANKING,,,NOT_APPLICABLE_GLOBAL_BASELINE,HF9g-P5,,,,X 全窗基线 · 不参与实体赏罚,15057595,1506,A168_HF9F_20260827_0900,2026-08-27 09:00:00
2026-05-29,150345145,2250,0,10.0000000000,0E-10,0E-10,,1,1,0.50665070000000000,0.506650700000,,,,0E-17,NO_DECISIVE_ROUND,R03b_20260811_FULL_v1,L1_ELIGIBILITY,v2026-08-11,2026-03-21..2026-08-06,baccarat_bet02_101_all_pairs_incl_sentinel,round_win = game_pnl > 0 (decisive only),COMPATIBILITY_ONLY_NOT_PRODUCTION,572437.0000,524517.0000,9908.1000,1302,1301,-0.01730863,,-0.01730863,-0.01730863,-9908.1000,572437.0000,OK,0.0000,396.3240,4.0000,96.0000,AG03-UNRESOLVED,ALL5_LEVELS_bet23_to_bet27,396.3240,396.3240,396.3240,396.3240,396.3240,4.000000,4.000000,4.000000,4.000000,4.000000,96.000000,96.000000,96.000000,96.000000,96.000000,5.0,1981.6200,1829.3058,7926.4800,8078.7942,PENDING_AG03,FALSE,NOT_FOR_ENFORCEMENT,9511.7760,503536.3200,9908.1000,9511.7760,396.3240,0.01730863,0.01661628,396.3240,9511.7760,0.01661628,396.3240,396.3240,396.3240,396.3240,396.3240,9511.7760,0.01661628,1981.6200,1829.3058,7926.4800,8078.7942,0.01384690,0.01411298,0.00069235,439.6598,403.1645,7.6158,471.8143,13.4438,27258.9048,61.9524,,439.6598,50.0,150.0,500.0,1000.0,2000.0,3959.9609,110.0,0.0,13.333333,26.39974,2.931065,29,147,15,4,0E-8,0.01730863,,0E-8,0.000000,0.916288,0.000000,,2026-05-21,2026-07-03,21,737,411,44,0.477273,,,0.000000,,,,,,,,GLOBAL_BASELINE_NO_ENTITY_RANKING,,,NOT_APPLICABLE_GLOBAL_BASELINE,HF9g-P5,,,,X 全窗基线 · 不参与实体赏罚,15057596,1506,A168_HF9F_20260827_0900,2026-08-27 09:00:00
2026-05-29,150345145,550,0,6.0000000000,5.7000000000,5.7000000000,1.0000000,1,1,0.50665070000000000,0.506650700000,0.9867858985152569,0.9867858985152569,0.9867858985152569,0E-17,ELIGIBLE,R03b_20260811_FULL_v1,L1_ELIGIBILITY,v2026-08-11,2026-03-21..2026-08-06,baccarat_bet02_101_all_pairs_incl_sentinel,round_win = game_pnl > 0 (decisive only),COMPATIBILITY_ONLY_NOT_PRODUCTION,572437.0000,524517.0000,9908.1000,1302,1301,-0.01730863,,-0.01730863,-0.01730863,-9908.1000,572437.0000,OK,0.0000,396.3240,4.0000,96.0000,AG03-UNRESOLVED,ALL5_LEVELS_bet23_to_bet27,396.3240,396.3240,396.3240,396.3240,396.3240,4.000000,4.000000,4.000000,4.000000,4.000000,96.000000,96.000000,96.000000,96.000000,96.000000,5.0,1981.6200,1829.3058,7926.4800,8078.7942,PENDING_AG03,FALSE,NOT_FOR_ENFORCEMENT,9511.7760,503536.3200,9908.1000,9511.7760,396.3240,0.01730863,0.01661628,396.3240,9511.7760,0.01661628,396.3240,396.3240,396.3240,396.3240,396.3240,9511.7760,0.01661628,1981.6200,1829.3058,7926.4800,8078.7942,0.01384690,0.01411298,0.00069235,439.6598,403.1645,7.6158,471.8143,13.4438,27258.9048,61.9524,,439.6598,50.0,150.0,500.0,1000.0,2000.0,3959.9609,110.0,0.0,13.333333,26.39974,2.931065,29,147,15,4,0E-8,0.01730863,,0E-8,0.000000,0.916288,0.000000,,2026-05-21,2026-07-03,21,737,411,44,0.477273,,,0.000000,,,,,,,,GLOBAL_BASELINE_NO_ENTITY_RANKING,,,NOT_APPLICABLE_GLOBAL_BASELINE,HF9g-P5,,,,X 全窗基线 · 不参与实体赏罚,15057597,1506,A168_HF9F_20260827_0900,2026-08-27 09:00:00
2026-05-30,150345145,-1,1,2708.0000000000,-592.0000000000,-592.0000000000,0.3333333,11,11,0.49568280909090909,0.495682809091,-0.974133167277798,-0.9741331672783419,-0.974133167277798,-9.091E-14,SENTINEL_DEALER,R03b_20260811_FULL_v1,L1_ELIGIBILITY,v2026-08-11,2026-03-21..2026-08-06,baccarat_bet02_101_all_pairs_incl_sentinel,round_win = game_pnl > 0 (decisive only),COMPATIBILITY_ONLY_NOT_PRODUCTION,572437.0000,524517.0000,9908.1000,1302,1301,-0.01730863,,-0.01730863,-0.01730863,-9908.1000,572437.0000,OK,0.0000,396.3240,4.0000,96.0000,AG03-UNRESOLVED,ALL5_LEVELS_bet23_to_bet27,396.3240,396.3240,396.3240,396.3240,396.3240,4.000000,4.000000,4.000000,4.000000,4.000000,96.000000,96.000000,96.000000,96.000000,96.000000,5.0,1981.6200,1829.3058,7926.4800,8078.7942,PENDING_AG03,FALSE,NOT_FOR_ENFORCEMENT,9511.7760,503536.3200,9908.1000,9511.7760,396.3240,0.01730863,0.01661628,396.3240,9511.7760,0.01661628,396.3240,396.3240,396.3240,396.3240,396.3240,9511.7760,0.01661628,1981.6200,1829.3058,7926.4800,8078.7942,0.01384690,0.01411298,0.00069235,439.6598,403.1645,7.6158,471.8143,13.4438,27258.9048,61.9524,,439.6598,50.0,150.0,500.0,1000.0,2000.0,3959.9609,110.0,0.0,13.333333,26.39974,2.931065,29,147,15,4,0E-8,0.01730863,,0E-8,0.000000,0.916288,0.000000,,2026-05-21,2026-07-03,21,737,411,44,0.477273,,,0.000000,,,,,,,,GLOBAL_BASELINE_NO_ENTITY_RANKING,,,NOT_APPLICABLE_GLOBAL_BASELINE,HF9g-P5,,,,X 全窗基线 · 不参与实体赏罚,15057598,1506,A168_HF9F_20260827_0900,2026-08-27 09:00:00
2026-05-30,150345145,1353,0,251.0000000000,149.0000000000,149.0000000000,0.5000000,2,2,0.49324550000000000,0.493245500000,0.01910635448239258,0.01910635448239258,0.01910635448239258,0E-17,ELIGIBLE,R03b_20260811_FULL_v1,L1_ELIGIBILITY,v2026-08-11,2026-03-21..2026-08-06,baccarat_bet02_101_all_pairs_incl_sentinel,round_win = game_pnl > 0 (decisive only),COMPATIBILITY_ONLY_NOT_PRODUCTION,572437.0000,524517.0000,9908.1000,1302,1301,-0.01730863,,-0.01730863,-0.01730863,-9908.1000,572437.0000,OK,0.0000,396.3240,4.0000,96.0000,AG03-UNRESOLVED,ALL5_LEVELS_bet23_to_bet27,396.3240,396.3240,396.3240,396.3240,396.3240,4.000000,4.000000,4.000000,4.000000,4.000000,96.000000,96.000000,96.000000,96.000000,96.000000,5.0,1981.6200,1829.3058,7926.4800,8078.7942,PENDING_AG03,FALSE,NOT_FOR_ENFORCEMENT,9511.7760,503536.3200,9908.1000,9511.7760,396.3240,0.01730863,0.01661628,396.3240,9511.7760,0.01661628,396.3240,396.3240,396.3240,396.3240,396.3240,9511.7760,0.01661628,1981.6200,1829.3058,7926.4800,8078.7942,0.01384690,0.01411298,0.00069235,439.6598,403.1645,7.6158,471.8143,13.4438,27258.9048,61.9524,,439.6598,50.0,150.0,500.0,1000.0,2000.0,3959.9609,110.0,0.0,13.333333,26.39974,2.931065,29,147,15,4,0E-8,0.01730863,,0E-8,0.000000,0.916288,0.000000,,2026-05-21,2026-07-03,21,737,411,44,0.477273,,,0.000000,,,,,,,,GLOBAL_BASELINE_NO_ENTITY_RANKING,,,NOT_APPLICABLE_GLOBAL_BASELINE,HF9g-P5,,,,X 全窗基线 · 不参与实体赏罚,15057599,1506,A168_HF9F_20260827_0900,2026-08-27 09:00:00
2026-05-30,150345145,1966,0,140.0000000000,140.0000000000,140.0000000000,1.0000000,1,1,0.49324550000000000,0.493245500000,1.01360149184955,1.01360149184955,1.01360149184955,0E-17,ELIGIBLE,R03b_20260811_FULL_v1,L1_ELIGIBILITY,v2026-08-11,2026-03-21..2026-08-06,baccarat_bet02_101_all_pairs_incl_sentinel,round_win = game_pnl > 0 (decisive only),COMPATIBILITY_ONLY_NOT_PRODUCTION,572437.0000,524517.0000,9908.1000,1302,1301,-0.01730863,,-0.01730863,-0.01730863,-9908.1000,572437.0000,OK,0.0000,396.3240,4.0000,96.0000,AG03-UNRESOLVED,ALL5_LEVELS_bet23_to_bet27,396.3240,396.3240,396.3240,396.3240,396.3240,4.000000,4.000000,4.000000,4.000000,4.000000,96.000000,96.000000,96.000000,96.000000,96.000000,5.0,1981.6200,1829.3058,7926.4800,8078.7942,PENDING_AG03,FALSE,NOT_FOR_ENFORCEMENT,9511.7760,503536.3200,9908.1000,9511.7760,396.3240,0.01730863,0.01661628,396.3240,9511.7760,0.01661628,396.3240,396.3240,396.3240,396.3240,396.3240,9511.7760,0.01661628,1981.6200,1829.3058,7926.4800,8078.7942,0.01384690,0.01411298,0.00069235,439.6598,403.1645,7.6158,471.8143,13.4438,27258.9048,61.9524,,439.6598,50.0,150.0,500.0,1000.0,2000.0,3959.9609,110.0,0.0,13.333333,26.39974,2.931065,29,147,15,4,0E-8,0.01730863,,0E-8,0.000000,0.916288,0.000000,,2026-05-21,2026-07-03,21,737,411,44,0.477273,,,0.000000,,,,,,,,GLOBAL_BASELINE_NO_ENTITY_RANKING,,,NOT_APPLICABLE_GLOBAL_BASELINE,HF9g-P5,,,,X 全窗基线 · 不参与实体赏罚,15057600,1506,A168_HF9F_20260827_0900,2026-08-27 09:00:00
2026-05-30,150345145,2072,0,24.0000000000,-24.0000000000,-24.0000000000,0E-7,1,1,0.49324550000000000,0.493245500000,-0.9865810262130424,-0.9865810262130424,-0.9865810262130424,0E-17,ELIGIBLE,R03b_20260811_FULL_v1,L1_ELIGIBILITY,v2026-08-11,2026-03-21..2026-08-06,baccarat_bet02_101_all_pairs_incl_sentinel,round_win = game_pnl > 0 (decisive only),COMPATIBILITY_ONLY_NOT_PRODUCTION,572437.0000,524517.0000,9908.1000,1302,1301,-0.01730863,,-0.01730863,-0.01730863,-9908.1000,572437.0000,OK,0.0000,396.3240,4.0000,96.0000,AG03-UNRESOLVED,ALL5_LEVELS_bet23_to_bet27,396.3240,396.3240,396.3240,396.3240,396.3240,4.000000,4.000000,4.000000,4.000000,4.000000,96.000000,96.000000,96.000000,96.000000,96.000000,5.0,1981.6200,1829.3058,7926.4800,8078.7942,PENDING_AG03,FALSE,NOT_FOR_ENFORCEMENT,9511.7760,503536.3200,9908.1000,9511.7760,396.3240,0.01730863,0.01661628,396.3240,9511.7760,0.01661628,396.3240,396.3240,396.3240,396.3240,396.3240,9511.7760,0.01661628,1981.6200,1829.3058,7926.4800,8078.7942,0.01384690,0.01411298,0.00069235,439.6598,403.1645,7.6158,471.8143,13.4438,27258.9048,61.9524,,439.6598,50.0,150.0,500.0,1000.0,2000.0,3959.9609,110.0,0.0,13.333333,26.39974,2.931065,29,147,15,4,0E-8,0.01730863,,0E-8,0.000000,0.916288,0.000000,,2026-05-21,2026-07-03,21,737,411,44,0.477273,,,0.000000,,,,,,,,GLOBAL_BASELINE_NO_ENTITY_RANKING,,,NOT_APPLICABLE_GLOBAL_BASELINE,HF9g-P5,,,,X 全窗基线 · 不参与实体赏罚,15057601,1506,A168_HF9F_20260827_0900,2026-08-27 09:00:00
2026-05-30,150345145,2134,0,12.0000000000,-12.0000000000,-12.0000000000,0E-7,1,1,0.49324550000000000,0.493245500000,-0.9865810262130424,-0.9865810262130424,-0.9865810262130424,0E-17,ELIGIBLE,R03b_20260811_FULL_v1,L1_ELIGIBILITY,v2026-08-11,2026-03-21..2026-08-06,baccarat_bet02_101_all_pairs_incl_sentinel,round_win = game_pnl > 0 (decisive only),COMPATIBILITY_ONLY_NOT_PRODUCTION,572437.0000,524517.0000,9908.1000,1302,1301,-0.01730863,,-0.01730863,-0.01730863,-9908.1000,572437.0000,OK,0.0000,396.3240,4.0000,96.0000,AG03-UNRESOLVED,ALL5_LEVELS_bet23_to_bet27,396.3240,396.3240,396.3240,396.3240,396.3240,4.000000,4.000000,4.000000,4.000000,4.000000,96.000000,96.000000,96.000000,96.000000,96.000000,5.0,1981.6200,1829.3058,7926.4800,8078.7942,PENDING_AG03,FALSE,NOT_FOR_ENFORCEMENT,9511.7760,503536.3200,9908.1000,9511.7760,396.3240,0.01730863,0.01661628,396.3240,9511.7760,0.01661628,396.3240,396.3240,396.3240,396.3240,396.3240,9511.7760,0.01661628,1981.6200,1829.3058,7926.4800,8078.7942,0.01384690,0.01411298,0.00069235,439.6598,403.1645,7.6158,471.8143,13.4438,27258.9048,61.9524,,439.6598,50.0,150.0,500.0,1000.0,2000.0,3959.9609,110.0,0.0,13.333333,26.39974,2.931065,29,147,15,4,0E-8,0.01730863,,0E-8,0.000000,0.916288,0.000000,,2026-05-21,2026-07-03,21,737,411,44,0.477273,,,0.000000,,,,,,,,GLOBAL_BASELINE_NO_ENTITY_RANKING,,,NOT_APPLICABLE_GLOBAL_BASELINE,HF9g-P5,,,,X 全窗基线 · 不参与实体赏罚,15057602,1506,A168_HF9F_20260827_0900,2026-08-27 09:00:00
2026-05-30,150345145,2145,0,200.0000000000,-200.0000000000,-200.0000000000,0E-7,1,1,0.49324550000000000,0.493245500000,-0.9865810262130424,-0.9865810262130424,-0.9865810262130424,0E-17,ELIGIBLE,R03b_20260811_FULL_v1,L1_ELIGIBILITY,v2026-08-11,2026-03-21..2026-08-06,baccarat_bet02_101_all_pairs_incl_sentinel,round_win = game_pnl > 0 (decisive only),COMPATIBILITY_ONLY_NOT_PRODUCTION,572437.0000,524517.0000,9908.1000,1302,1301,-0.01730863,,-0.01730863,-0.01730863,-9908.1000,572437.0000,OK,0.0000,396.3240,4.0000,96.0000,AG03-UNRESOLVED,ALL5_LEVELS_bet23_to_bet27,396.3240,396.3240,396.3240,396.3240,396.3240,4.000000,4.000000,4.000000,4.000000,4.000000,96.000000,96.000000,96.000000,96.000000,96.000000,5.0,1981.6200,1829.3058,7926.4800,8078.7942,PENDING_AG03,FALSE,NOT_FOR_ENFORCEMENT,9511.7760,503536.3200,9908.1000,9511.7760,396.3240,0.01730863,0.01661628,396.3240,9511.7760,0.01661628,396.3240,396.3240,396.3240,396.3240,396.3240,9511.7760,0.01661628,1981.6200,1829.3058,7926.4800,8078.7942,0.01384690,0.01411298,0.00069235,439.6598,403.1645,7.6158,471.8143,13.4438,27258.9048,61.9524,,439.6598,50.0,150.0,500.0,1000.0,2000.0,3959.9609,110.0,0.0,13.333333,26.39974,2.931065,29,147,15,4,0E-8,0.01730863,,0E-8,0.000000,0.916288,0.000000,,2026-05-21,2026-07-03,21,737,411,44,0.477273,,,0.000000,,,,,,,,GLOBAL_BASELINE_NO_ENTITY_RANKING,,,NOT_APPLICABLE_GLOBAL_BASELINE,HF9g-P5,,,,X 全窗基线 · 不参与实体赏罚,15057603,1506,A168_HF9F_20260827_0900,2026-08-27 09:00:00
2026-05-30,150345145,2160,0,500.0000000000,-300.0000000000,-300.0000000000,0.5000000,2,2,0.49994810000000000,0.499948100000,0.00014679536856514622,0.00014679536856514622,0.00014679536856514622,0E-17,ELIGIBLE,R03b_20260811_FULL_v1,L1_ELIGIBILITY,v2026-08-11,2026-03-21..2026-08-06,baccarat_bet02_101_all_pairs_incl_sentinel,round_win = game_pnl > 0 (decisive only),COMPATIBILITY_ONLY_NOT_PRODUCTION,572437.0000,524517.0000,9908.1000,1302,1301,-0.01730863,,-0.01730863,-0.01730863,-9908.1000,572437.0000,OK,0.0000,396.3240,4.0000,96.0000,AG03-UNRESOLVED,ALL5_LEVELS_bet23_to_bet27,396.3240,396.3240,396.3240,396.3240,396.3240,4.000000,4.000000,4.000000,4.000000,4.000000,96.000000,96.000000,96.000000,96.000000,96.000000,5.0,1981.6200,1829.3058,7926.4800,8078.7942,PENDING_AG03,FALSE,NOT_FOR_ENFORCEMENT,9511.7760,503536.3200,9908.1000,9511.7760,396.3240,0.01730863,0.01661628,396.3240,9511.7760,0.01661628,396.3240,396.3240,396.3240,396.3240,396.3240,9511.7760,0.01661628,1981.6200,1829.3058,7926.4800,8078.7942,0.01384690,0.01411298,0.00069235,439.6598,403.1645,7.6158,471.8143,13.4438,27258.9048,61.9524,,439.6598,50.0,150.0,500.0,1000.0,2000.0,3959.9609,110.0,0.0,13.333333,26.39974,2.931065,29,147,15,4,0E-8,0.01730863,,0E-8,0.000000,0.916288,0.000000,,2026-05-21,2026-07-03,21,737,411,44,0.477273,,,0.000000,,,,,,,,GLOBAL_BASELINE_NO_ENTITY_RANKING,,,NOT_APPLICABLE_GLOBAL_BASELINE,HF9g-P5,,,,X 全窗基线 · 不参与实体赏罚,15057604,1506,A168_HF9F_20260827_0900,2026-08-27 09:00:00
2026-05-30,150345145,2167,0,400.0000000000,400.0000000000,400.0000000000,1.0000000,1,1,0.49324550000000000,0.493245500000,1.01360149184955,1.01360149184955,1.01360149184955,0E-17,ELIGIBLE,R03b_20260811_FULL_v1,L1_ELIGIBILITY,v2026-08-11,2026-03-21..2026-08-06,baccarat_bet02_101_all_pairs_incl_sentinel,round_win = game_pnl > 0 (decisive only),COMPATIBILITY_ONLY_NOT_PRODUCTION,572437.0000,524517.0000,9908.1000,1302,1301,-0.01730863,,-0.01730863,-0.01730863,-9908.1000,572437.0000,OK,0.0000,396.3240,4.0000,96.0000,AG03-UNRESOLVED,ALL5_LEVELS_bet23_to_bet27,396.3240,396.3240,396.3240,396.3240,396.3240,4.000000,4.000000,4.000000,4.000000,4.000000,96.000000,96.000000,96.000000,96.000000,96.000000,5.0,1981.6200,1829.3058,7926.4800,8078.7942,PENDING_AG03,FALSE,NOT_FOR_ENFORCEMENT,9511.7760,503536.3200,9908.1000,9511.7760,396.3240,0.01730863,0.01661628,396.3240,9511.7760,0.01661628,396.3240,396.3240,396.3240,396.3240,396.3240,9511.7760,0.01661628,1981.6200,1829.3058,7926.4800,8078.7942,0.01384690,0.01411298,0.00069235,439.6598,403.1645,7.6158,471.8143,13.4438,27258.9048,61.9524,,439.6598,50.0,150.0,500.0,1000.0,2000.0,3959.9609,110.0,0.0,13.333333,26.39974,2.931065,29,147,15,4,0E-8,0.01730863,,0E-8,0.000000,0.916288,0.000000,,2026-05-21,2026-07-03,21,737,411,44,0.477273,,,0.000000,,,,,,,,GLOBAL_BASELINE_NO_ENTITY_RANKING,,,NOT_APPLICABLE_GLOBAL_BASELINE,HF9g-P5,,,,X 全窗基线 · 不参与实体赏罚,15057605,1506,A168_HF9F_20260827_0900,2026-08-27 09:00:00
2026-05-30,150345145,2169,0,100.0000000000,100.0000000000,100.0000000000,1.0000000,1,1,0.49324550000000000,0.493245500000,1.01360149184955,1.01360149184955,1.01360149184955,0E-17,ELIGIBLE,R03b_20260811_FULL_v1,L1_ELIGIBILITY,v2026-08-11,2026-03-21..2026-08-06,baccarat_bet02_101_all_pairs_incl_sentinel,round_win = game_pnl > 0 (decisive only),COMPATIBILITY_ONLY_NOT_PRODUCTION,572437.0000,524517.0000,9908.1000,1302,1301,-0.01730863,,-0.01730863,-0.01730863,-9908.1000,572437.0000,OK,0.0000,396.3240,4.0000,96.0000,AG03-UNRESOLVED,ALL5_LEVELS_bet23_to_bet27,396.3240,396.3240,396.3240,396.3240,396.3240,4.000000,4.000000,4.000000,4.000000,4.000000,96.000000,96.000000,96.000000,96.000000,96.000000,5.0,1981.6200,1829.3058,7926.4800,8078.7942,PENDING_AG03,FALSE,NOT_FOR_ENFORCEMENT,9511.7760,503536.3200,9908.1000,9511.7760,396.3240,0.01730863,0.01661628,396.3240,9511.7760,0.01661628,396.3240,396.3240,396.3240,396.3240,396.3240,9511.7760,0.01661628,1981.6200,1829.3058,7926.4800,8078.7942,0.01384690,0.01411298,0.00069235,439.6598,403.1645,7.6158,471.8143,13.4438,27258.9048,61.9524,,439.6598,50.0,150.0,500.0,1000.0,2000.0,3959.9609,110.0,0.0,13.333333,26.39974,2.931065,29,147,15,4,0E-8,0.01730863,,0E-8,0.000000,0.916288,0.000000,,2026-05-21,2026-07-03,21,737,411,44,0.477273,,,0.000000,,,,,,,,GLOBAL_BASELINE_NO_ENTITY_RANKING,,,NOT_APPLICABLE_GLOBAL_BASELINE,HF9g-P5,,,,X 全窗基线 · 不参与实体赏罚,15057606,1506,A168_HF9F_20260827_0900,2026-08-27 09:00:00
2026-05-30,150345145,2261,0,200.0000000000,-200.0000000000,-200.0000000000,0E-7,1,1,0.49324550000000000,0.493245500000,-0.9865810262130424,-0.9865810262130424,-0.9865810262130424,0E-17,ELIGIBLE,R03b_20260811_FULL_v1,L1_ELIGIBILITY,v2026-08-11,2026-03-21..2026-08-06,baccarat_bet02_101_all_pairs_incl_sentinel,round_win = game_pnl > 0 (decisive only),COMPATIBILITY_ONLY_NOT_PRODUCTION,572437.0000,524517.0000,9908.1000,1302,1301,-0.01730863,,-0.01730863,-0.01730863,-9908.1000,572437.0000,OK,0.0000,396.3240,4.0000,96.0000,AG03-UNRESOLVED,ALL5_LEVELS_bet23_to_bet27,396.3240,396.3240,396.3240,396.3240,396.3240,4.000000,4.000000,4.000000,4.000000,4.000000,96.000000,96.000000,96.000000,96.000000,96.000000,5.0,1981.6200,1829.3058,7926.4800,8078.7942,PENDING_AG03,FALSE,NOT_FOR_ENFORCEMENT,9511.7760,503536.3200,9908.1000,9511.7760,396.3240,0.01730863,0.01661628,396.3240,9511.7760,0.01661628,396.3240,396.3240,396.3240,396.3240,396.3240,9511.7760,0.01661628,1981.6200,1829.3058,7926.4800,8078.7942,0.01384690,0.01411298,0.00069235,439.6598,403.1645,7.6158,471.8143,13.4438,27258.9048,61.9524,,439.6598,50.0,150.0,500.0,1000.0,2000.0,3959.9609,110.0,0.0,13.333333,26.39974,2.931065,29,147,15,4,0E-8,0.01730863,,0E-8,0.000000,0.916288,0.000000,,2026-05-21,2026-07-03,21,737,411,44,0.477273,,,0.000000,,,,,,,,GLOBAL_BASELINE_NO_ENTITY_RANKING,,,NOT_APPLICABLE_GLOBAL_BASELINE,HF9g-P5,,,,X 全窗基线 · 不参与实体赏罚,15057607,1506,A168_HF9F_20260827_0900,2026-08-27 09:00:00
2026-05-30,150345145,2266,0,150.0000000000,150.0000000000,150.0000000000,1.0000000,1,1,0.49324550000000000,0.493245500000,1.01360149184955,1.01360149184955,1.01360149184955,0E-17,ELIGIBLE,R03b_20260811_FULL_v1,L1_ELIGIBILITY,v2026-08-11,2026-03-21..2026-08-06,baccarat_bet02_101_all_pairs_incl_sentinel,round_win = game_pnl > 0 (decisive only),COMPATIBILITY_ONLY_NOT_PRODUCTION,572437.0000,524517.0000,9908.1000,1302,1301,-0.01730863,,-0.01730863,-0.01730863,-9908.1000,572437.0000,OK,0.0000,396.3240,4.0000,96.0000,AG03-UNRESOLVED,ALL5_LEVELS_bet23_to_bet27,396.3240,396.3240,396.3240,396.3240,396.3240,4.000000,4.000000,4.000000,4.000000,4.000000,96.000000,96.000000,96.000000,96.000000,96.000000,5.0,1981.6200,1829.3058,7926.4800,8078.7942,PENDING_AG03,FALSE,NOT_FOR_ENFORCEMENT,9511.7760,503536.3200,9908.1000,9511.7760,396.3240,0.01730863,0.01661628,396.3240,9511.7760,0.01661628,396.3240,396.3240,396.3240,396.3240,396.3240,9511.7760,0.01661628,1981.6200,1829.3058,7926.4800,8078.7942,0.01384690,0.01411298,0.00069235,439.6598,403.1645,7.6158,471.8143,13.4438,27258.9048,61.9524,,439.6598,50.0,150.0,500.0,1000.0,2000.0,3959.9609,110.0,0.0,13.333333,26.39974,2.931065,29,147,15,4,0E-8,0.01730863,,0E-8,0.000000,0.916288,0.000000,,2026-05-21,2026-07-03,21,737,411,44,0.477273,,,0.000000,,,,,,,,GLOBAL_BASELINE_NO_ENTITY_RANKING,,,NOT_APPLICABLE_GLOBAL_BASELINE,HF9g-P5,,,,X 全窗基线 · 不参与实体赏罚,15057608,1506,A168_HF9F_20260827_0900,2026-08-27 09:00:00
2026-05-30,150345145,595,0,23.0000000000,-23.0000000000,-23.0000000000,0E-7,1,1,0.49324550000000000,0.493245500000,-0.9865810262130424,-0.9865810262130424,-0.9865810262130424,0E-17,ELIGIBLE,R03b_20260811_FULL_v1,L1_ELIGIBILITY,v2026-08-11,2026-03-21..2026-08-06,baccarat_bet02_101_all_pairs_incl_sentinel,round_win = game_pnl > 0 (decisive only),COMPATIBILITY_ONLY_NOT_PRODUCTION,572437.0000,524517.0000,9908.1000,1302,1301,-0.01730863,,-0.01730863,-0.01730863,-9908.1000,572437.0000,OK,0.0000,396.3240,4.0000,96.0000,AG03-UNRESOLVED,ALL5_LEVELS_bet23_to_bet27,396.3240,396.3240,396.3240,396.3240,396.3240,4.000000,4.000000,4.000000,4.000000,4.000000,96.000000,96.000000,96.000000,96.000000,96.000000,5.0,1981.6200,1829.3058,7926.4800,8078.7942,PENDING_AG03,FALSE,NOT_FOR_ENFORCEMENT,9511.7760,503536.3200,9908.1000,9511.7760,396.3240,0.01730863,0.01661628,396.3240,9511.7760,0.01661628,396.3240,396.3240,396.3240,396.3240,396.3240,9511.7760,0.01661628,1981.6200,1829.3058,7926.4800,8078.7942,0.01384690,0.01411298,0.00069235,439.6598,403.1645,7.6158,471.8143,13.4438,27258.9048,61.9524,,439.6598,50.0,150.0,500.0,1000.0,2000.0,3959.9609,110.0,0.0,13.333333,26.39974,2.931065,29,147,15,4,0E-8,0.01730863,,0E-8,0.000000,0.916288,0.000000,,2026-05-21,2026-07-03,21,737,411,44,0.477273,,,0.000000,,,,,,,,GLOBAL_BASELINE_NO_ENTITY_RANKING,,,NOT_APPLICABLE_GLOBAL_BASELINE,HF9g-P5,,,,X 全窗基线 · 不参与实体赏罚,15057609,1506,A168_HF9F_20260827_0900,2026-08-27 09:00:00
2026-05-30,150345145,627,0,100.0000000000,0E-10,0E-10,,1,1,0.49324550000000000,0.493245500000,,,,0E-17,NO_DECISIVE_ROUND,R03b_20260811_FULL_v1,L1_ELIGIBILITY,v2026-08-11,2026-03-21..2026-08-06,baccarat_bet02_101_all_pairs_incl_sentinel,round_win = game_pnl > 0 (decisive only),COMPATIBILITY_ONLY_NOT_PRODUCTION,572437.0000,524517.0000,9908.1000,1302,1301,-0.01730863,,-0.01730863,-0.01730863,-9908.1000,572437.0000,OK,0.0000,396.3240,4.0000,96.0000,AG03-UNRESOLVED,ALL5_LEVELS_bet23_to_bet27,396.3240,396.3240,396.3240,396.3240,396.3240,4.000000,4.000000,4.000000,4.000000,4.000000,96.000000,96.000000,96.000000,96.000000,96.000000,5.0,1981.6200,1829.3058,7926.4800,8078.7942,PENDING_AG03,FALSE,NOT_FOR_ENFORCEMENT,9511.7760,503536.3200,9908.1000,9511.7760,396.3240,0.01730863,0.01661628,396.3240,9511.7760,0.01661628,396.3240,396.3240,396.3240,396.3240,396.3240,9511.7760,0.01661628,1981.6200,1829.3058,7926.4800,8078.7942,0.01384690,0.01411298,0.00069235,439.6598,403.1645,7.6158,471.8143,13.4438,27258.9048,61.9524,,439.6598,50.0,150.0,500.0,1000.0,2000.0,3959.9609,110.0,0.0,13.333333,26.39974,2.931065,29,147,15,4,0E-8,0.01730863,,0E-8,0.000000,0.916288,0.000000,,2026-05-21,2026-07-03,21,737,411,44,0.477273,,,0.000000,,,,,,,,GLOBAL_BASELINE_NO_ENTITY_RANKING,,,NOT_APPLICABLE_GLOBAL_BASELINE,HF9g-P5,,,,X 全窗基线 · 不参与实体赏罚,15057610,1506,A168_HF9F_20260827_0900,2026-08-27 09:00:00
2026-06-01,150345145,-1,1,2455.0000000000,-0.7500000000,-0.7500000000,0.5454545,12,12,0.49547970000000000,0.495479700000,0.33150917046235795,0.331509170462358,0.33150917046235795,0E-17,SENTINEL_DEALER,R03b_20260811_FULL_v1,L1_ELIGIBILITY,v2026-08-11,2026-03-21..2026-08-06,baccarat_bet02_101_all_pairs_incl_sentinel,round_win = game_pnl > 0 (decisive only),COMPATIBILITY_ONLY_NOT_PRODUCTION,572437.0000,524517.0000,9908.1000,1302,1301,-0.01730863,,-0.01730863,-0.01730863,-9908.1000,572437.0000,OK,0.0000,396.3240,4.0000,96.0000,AG03-UNRESOLVED,ALL5_LEVELS_bet23_to_bet27,396.3240,396.3240,396.3240,396.3240,396.3240,4.000000,4.000000,4.000000,4.000000,4.000000,96.000000,96.000000,96.000000,96.000000,96.000000,5.0,1981.6200,1829.3058,7926.4800,8078.7942,PENDING_AG03,FALSE,NOT_FOR_ENFORCEMENT,9511.7760,503536.3200,9908.1000,9511.7760,396.3240,0.01730863,0.01661628,396.3240,9511.7760,0.01661628,396.3240,396.3240,396.3240,396.3240,396.3240,9511.7760,0.01661628,1981.6200,1829.3058,7926.4800,8078.7942,0.01384690,0.01411298,0.00069235,439.6598,403.1645,7.6158,471.8143,13.4438,27258.9048,61.9524,,439.6598,50.0,150.0,500.0,1000.0,2000.0,3959.9609,110.0,0.0,13.333333,26.39974,2.931065,29,147,15,4,0E-8,0.01730863,,0E-8,0.000000,0.916288,0.000000,,2026-05-21,2026-07-03,21,737,411,44,0.477273,,,0.000000,,,,,,,,GLOBAL_BASELINE_NO_ENTITY_RANKING,,,NOT_APPLICABLE_GLOBAL_BASELINE,HF9g-P5,,,,X 全窗基线 · 不参与实体赏罚,15057611,1506,A168_HF9F_20260827_0900,2026-08-27 09:00:00
2026-06-01,150345145,1004,0,300.0000000000,-300.0000000000,-300.0000000000,0E-7,1,1,0.49324550000000000,0.493245500000,-0.9865810262130424,-0.9865810262130424,-0.9865810262130424,0E-17,ELIGIBLE,R03b_20260811_FULL_v1,L1_ELIGIBILITY,v2026-08-11,2026-03-21..2026-08-06,baccarat_bet02_101_all_pairs_incl_sentinel,round_win = game_pnl > 0 (decisive only),COMPATIBILITY_ONLY_NOT_PRODUCTION,572437.0000,524517.0000,9908.1000,1302,1301,-0.01730863,,-0.01730863,-0.01730863,-9908.1000,572437.0000,OK,0.0000,396.3240,4.0000,96.0000,AG03-UNRESOLVED,ALL5_LEVELS_bet23_to_bet27,396.3240,396.3240,396.3240,396.3240,396.3240,4.000000,4.000000,4.000000,4.000000,4.000000,96.000000,96.000000,96.000000,96.000000,96.000000,5.0,1981.6200,1829.3058,7926.4800,8078.7942,PENDING_AG03,FALSE,NOT_FOR_ENFORCEMENT,9511.7760,503536.3200,9908.1000,9511.7760,396.3240,0.01730863,0.01661628,396.3240,9511.7760,0.01661628,396.3240,396.3240,396.3240,396.3240,396.3240,9511.7760,0.01661628,1981.6200,1829.3058,7926.4800,8078.7942,0.01384690,0.01411298,0.00069235,439.6598,403.1645,7.6158,471.8143,13.4438,27258.9048,61.9524,,439.6598,50.0,150.0,500.0,1000.0,2000.0,3959.9609,110.0,0.0,13.333333,26.39974,2.931065,29,147,15,4,0E-8,0.01730863,,0E-8,0.000000,0.916288,0.000000,,2026-05-21,2026-07-03,21,737,411,44,0.477273,,,0.000000,,,,,,,,GLOBAL_BASELINE_NO_ENTITY_RANKING,,,NOT_APPLICABLE_GLOBAL_BASELINE,HF9g-P5,,,,X 全窗基线 · 不参与实体赏罚,15057612,1506,A168_HF9F_20260827_0900,2026-08-27 09:00:00
2026-06-01,150345145,1331,0,51.0000000000,51.0000000000,51.0000000000,1.0000000,1,1,0.49324550000000000,0.493245500000,1.01360149184955,1.01360149184955,1.01360149184955,0E-17,ELIGIBLE,R03b_20260811_FULL_v1,L1_ELIGIBILITY,v2026-08-11,2026-03-21..2026-08-06,baccarat_bet02_101_all_pairs_incl_sentinel,round_win = game_pnl > 0 (decisive only),COMPATIBILITY_ONLY_NOT_PRODUCTION,572437.0000,524517.0000,9908.1000,1302,1301,-0.01730863,,-0.01730863,-0.01730863,-9908.1000,572437.0000,OK,0.0000,396.3240,4.0000,96.0000,AG03-UNRESOLVED,ALL5_LEVELS_bet23_to_bet27,396.3240,396.3240,396.3240,396.3240,396.3240,4.000000,4.000000,4.000000,4.000000,4.000000,96.000000,96.000000,96.000000,96.000000,96.000000,5.0,1981.6200,1829.3058,7926.4800,8078.7942,PENDING_AG03,FALSE,NOT_FOR_ENFORCEMENT,9511.7760,503536.3200,9908.1000,9511.7760,396.3240,0.01730863,0.01661628,396.3240,9511.7760,0.01661628,396.3240,396.3240,396.3240,396.3240,396.3240,9511.7760,0.01661628,1981.6200,1829.3058,7926.4800,8078.7942,0.01384690,0.01411298,0.00069235,439.6598,403.1645,7.6158,471.8143,13.4438,27258.9048,61.9524,,439.6598,50.0,150.0,500.0,1000.0,2000.0,3959.9609,110.0,0.0,13.333333,26.39974,2.931065,29,147,15,4,0E-8,0.01730863,,0E-8,0.000000,0.916288,0.000000,,2026-05-21,2026-07-03,21,737,411,44,0.477273,,,0.000000,,,,,,,,GLOBAL_BASELINE_NO_ENTITY_RANKING,,,NOT_APPLICABLE_GLOBAL_BASELINE,HF9g-P5,,,,X 全窗基线 · 不参与实体赏罚,15057613,1506,A168_HF9F_20260827_0900,2026-08-27 09:00:00
2026-06-01,150345145,1385,0,450.0000000000,435.0000000000,435.0000000000,1.0000000,2,2,0.49994810000000000,0.499948100000,1.4143603653603398,1.4143603653603398,1.4143603653603398,0E-17,ELIGIBLE,R03b_20260811_FULL_v1,L1_ELIGIBILITY,v2026-08-11,2026-03-21..2026-08-06,baccarat_bet02_101_all_pairs_incl_sentinel,round_win = game_pnl > 0 (decisive only),COMPATIBILITY_ONLY_NOT_PRODUCTION,572437.0000,524517.0000,9908.1000,1302,1301,-0.01730863,,-0.01730863,-0.01730863,-9908.1000,572437.0000,OK,0.0000,396.3240,4.0000,96.0000,AG03-UNRESOLVED,ALL5_LEVELS_bet23_to_bet27,396.3240,396.3240,396.3240,396.3240,396.3240,4.000000,4.000000,4.000000,4.000000,4.000000,96.000000,96.000000,96.000000,96.000000,96.000000,5.0,1981.6200,1829.3058,7926.4800,8078.7942,PENDING_AG03,FALSE,NOT_FOR_ENFORCEMENT,9511.7760,503536.3200,9908.1000,9511.7760,396.3240,0.01730863,0.01661628,396.3240,9511.7760,0.01661628,396.3240,396.3240,396.3240,396.3240,396.3240,9511.7760,0.01661628,1981.6200,1829.3058,7926.4800,8078.7942,0.01384690,0.01411298,0.00069235,439.6598,403.1645,7.6158,471.8143,13.4438,27258.9048,61.9524,,439.6598,50.0,150.0,500.0,1000.0,2000.0,3959.9609,110.0,0.0,13.333333,26.39974,2.931065,29,147,15,4,0E-8,0.01730863,,0E-8,0.000000,0.916288,0.000000,,2026-05-21,2026-07-03,21,737,411,44,0.477273,,,0.000000,,,,,,,,GLOBAL_BASELINE_NO_ENTITY_RANKING,,,NOT_APPLICABLE_GLOBAL_BASELINE,HF9g-P5,,,,X 全窗基线 · 不参与实体赏罚,15057614,1506,A168_HF9F_20260827_0900,2026-08-27 09:00:00
2026-06-01,150345145,1623,0,568.0000000000,-432.0000000000,-432.0000000000,0.5000000,2,2,0.49324550000000000,0.493245500000,0.01910635448239258,0.01910635448239258,0.01910635448239258,0E-17,ELIGIBLE,R03b_20260811_FULL_v1,L1_ELIGIBILITY,v2026-08-11,2026-03-21..2026-08-06,baccarat_bet02_101_all_pairs_incl_sentinel,round_win = game_pnl > 0 (decisive only),COMPATIBILITY_ONLY_NOT_PRODUCTION,572437.0000,524517.0000,9908.1000,1302,1301,-0.01730863,,-0.01730863,-0.01730863,-9908.1000,572437.0000,OK,0.0000,396.3240,4.0000,96.0000,AG03-UNRESOLVED,ALL5_LEVELS_bet23_to_bet27,396.3240,396.3240,396.3240,396.3240,396.3240,4.000000,4.000000,4.000000,4.000000,4.000000,96.000000,96.000000,96.000000,96.000000,96.000000,5.0,1981.6200,1829.3058,7926.4800,8078.7942,PENDING_AG03,FALSE,NOT_FOR_ENFORCEMENT,9511.7760,503536.3200,9908.1000,9511.7760,396.3240,0.01730863,0.01661628,396.3240,9511.7760,0.01661628,396.3240,396.3240,396.3240,396.3240,396.3240,9511.7760,0.01661628,1981.6200,1829.3058,7926.4800,8078.7942,0.01384690,0.01411298,0.00069235,439.6598,403.1645,7.6158,471.8143,13.4438,27258.9048,61.9524,,439.6598,50.0,150.0,500.0,1000.0,2000.0,3959.9609,110.0,0.0,13.333333,26.39974,2.931065,29,147,15,4,0E-8,0.01730863,,0E-8,0.000000,0.916288,0.000000,,2026-05-21,2026-07-03,21,737,411,44,0.477273,,,0.000000,,,,,,,,GLOBAL_BASELINE_NO_ENTITY_RANKING,,,NOT_APPLICABLE_GLOBAL_BASELINE,HF9g-P5,,,,X 全窗基线 · 不参与实体赏罚,15057615,1506,A168_HF9F_20260827_0900,2026-08-27 09:00:00
2026-06-01,150345145,1714,0,129.0000000000,-91.0000000000,-91.0000000000,0.5000000,2,2,0.49994810000000000,0.499948100000,0.00014679536856514622,0.00014679536856514622,0.00014679536856514622,0E-17,ELIGIBLE,R03b_20260811_FULL_v1,L1_ELIGIBILITY,v2026-08-11,2026-03-21..2026-08-06,baccarat_bet02_101_all_pairs_incl_sentinel,round_win = game_pnl > 0 (decisive only),COMPATIBILITY_ONLY_NOT_PRODUCTION,572437.0000,524517.0000,9908.1000,1302,1301,-0.01730863,,-0.01730863,-0.01730863,-9908.1000,572437.0000,OK,0.0000,396.3240,4.0000,96.0000,AG03-UNRESOLVED,ALL5_LEVELS_bet23_to_bet27,396.3240,396.3240,396.3240,396.3240,396.3240,4.000000,4.000000,4.000000,4.000000,4.000000,96.000000,96.000000,96.000000,96.000000,96.000000,5.0,1981.6200,1829.3058,7926.4800,8078.7942,PENDING_AG03,FALSE,NOT_FOR_ENFORCEMENT,9511.7760,503536.3200,9908.1000,9511.7760,396.3240,0.01730863,0.01661628,396.3240,9511.7760,0.01661628,396.3240,396.3240,396.3240,396.3240,396.3240,9511.7760,0.01661628,1981.6200,1829.3058,7926.4800,8078.7942,0.01384690,0.01411298,0.00069235,439.6598,403.1645,7.6158,471.8143,13.4438,27258.9048,61.9524,,439.6598,50.0,150.0,500.0,1000.0,2000.0,3959.9609,110.0,0.0,13.333333,26.39974,2.931065,29,147,15,4,0E-8,0.01730863,,0E-8,0.000000,0.916288,0.000000,,2026-05-21,2026-07-03,21,737,411,44,0.477273,,,0.000000,,,,,,,,GLOBAL_BASELINE_NO_ENTITY_RANKING,,,NOT_APPLICABLE_GLOBAL_BASELINE,HF9g-P5,,,,X 全窗基线 · 不参与实体赏罚,15057616,1506,A168_HF9F_20260827_0900,2026-08-27 09:00:00
2026-06-01,150345145,1942,0,620.0000000000,280.0000000000,280.0000000000,0.5000000,2,2,0.49324550000000000,0.493245500000,0.01910635448239258,0.01910635448239258,0.01910635448239258,0E-17,ELIGIBLE,R03b_20260811_FULL_v1,L1_ELIGIBILITY,v2026-08-11,2026-03-21..2026-08-06,baccarat_bet02_101_all_pairs_incl_sentinel,round_win = game_pnl > 0 (decisive only),COMPATIBILITY_ONLY_NOT_PRODUCTION,572437.0000,524517.0000,9908.1000,1302,1301,-0.01730863,,-0.01730863,-0.01730863,-9908.1000,572437.0000,OK,0.0000,396.3240,4.0000,96.0000,AG03-UNRESOLVED,ALL5_LEVELS_bet23_to_bet27,396.3240,396.3240,396.3240,396.3240,396.3240,4.000000,4.000000,4.000000,4.000000,4.000000,96.000000,96.000000,96.000000,96.000000,96.000000,5.0,1981.6200,1829.3058,7926.4800,8078.7942,PENDING_AG03,FALSE,NOT_FOR_ENFORCEMENT,9511.7760,503536.3200,9908.1000,9511.7760,396.3240,0.01730863,0.01661628,396.3240,9511.7760,0.01661628,396.3240,396.3240,396.3240,396.3240,396.3240,9511.7760,0.01661628,1981.6200,1829.3058,7926.4800,8078.7942,0.01384690,0.01411298,0.00069235,439.6598,403.1645,7.6158,471.8143,13.4438,27258.9048,61.9524,,439.6598,50.0,150.0,500.0,1000.0,2000.0,3959.9609,110.0,0.0,13.333333,26.39974,2.931065,29,147,15,4,0E-8,0.01730863,,0E-8,0.000000,0.916288,0.000000,,2026-05-21,2026-07-03,21,737,411,44,0.477273,,,0.000000,,,,,,,,GLOBAL_BASELINE_NO_ENTITY_RANKING,,,NOT_APPLICABLE_GLOBAL_BASELINE,HF9g-P5,,,,X 全窗基线 · 不参与实体赏罚,15057617,1506,A168_HF9F_20260827_0900,2026-08-27 09:00:00
2026-06-01,150345145,1951,0,100.0000000000,95.0000000000,95.0000000000,1.0000000,1,1,0.50665070000000000,0.506650700000,0.9867858985152569,0.9867858985152569,0.9867858985152569,0E-17,ELIGIBLE,R03b_20260811_FULL_v1,L1_ELIGIBILITY,v2026-08-11,2026-03-21..2026-08-06,baccarat_bet02_101_all_pairs_incl_sentinel,round_win = game_pnl > 0 (decisive only),COMPATIBILITY_ONLY_NOT_PRODUCTION,572437.0000,524517.0000,9908.1000,1302,1301,-0.01730863,,-0.01730863,-0.01730863,-9908.1000,572437.0000,OK,0.0000,396.3240,4.0000,96.0000,AG03-UNRESOLVED,ALL5_LEVELS_bet23_to_bet27,396.3240,396.3240,396.3240,396.3240,396.3240,4.000000,4.000000,4.000000,4.000000,4.000000,96.000000,96.000000,96.000000,96.000000,96.000000,5.0,1981.6200,1829.3058,7926.4800,8078.7942,PENDING_AG03,FALSE,NOT_FOR_ENFORCEMENT,9511.7760,503536.3200,9908.1000,9511.7760,396.3240,0.01730863,0.01661628,396.3240,9511.7760,0.01661628,396.3240,396.3240,396.3240,396.3240,396.3240,9511.7760,0.01661628,1981.6200,1829.3058,7926.4800,8078.7942,0.01384690,0.01411298,0.00069235,439.6598,403.1645,7.6158,471.8143,13.4438,27258.9048,61.9524,,439.6598,50.0,150.0,500.0,1000.0,2000.0,3959.9609,110.0,0.0,13.333333,26.39974,2.931065,29,147,15,4,0E-8,0.01730863,,0E-8,0.000000,0.916288,0.000000,,2026-05-21,2026-07-03,21,737,411,44,0.477273,,,0.000000,,,,,,,,GLOBAL_BASELINE_NO_ENTITY_RANKING,,,NOT_APPLICABLE_GLOBAL_BASELINE,HF9g-P5,,,,X 全窗基线 · 不参与实体赏罚,15057618,1506,A168_HF9F_20260827_0900,2026-08-27 09:00:00
2026-06-01,150345145,2117,0,106.0000000000,-106.0000000000,-106.0000000000,0E-7,2,2,0.49324550000000000,0.493245500000,-1.3952362676504506,-1.3952362676504506,-1.3952362676504506,0E-17,ELIGIBLE,R03b_20260811_FULL_v1,L1_ELIGIBILITY,v2026-08-11,2026-03-21..2026-08-06,baccarat_bet02_101_all_pairs_incl_sentinel,round_win = game_pnl > 0 (decisive only),COMPATIBILITY_ONLY_NOT_PRODUCTION,572437.0000,524517.0000,9908.1000,1302,1301,-0.01730863,,-0.01730863,-0.01730863,-9908.1000,572437.0000,OK,0.0000,396.3240,4.0000,96.0000,AG03-UNRESOLVED,ALL5_LEVELS_bet23_to_bet27,396.3240,396.3240,396.3240,396.3240,396.3240,4.000000,4.000000,4.000000,4.000000,4.000000,96.000000,96.000000,96.000000,96.000000,96.000000,5.0,1981.6200,1829.3058,7926.4800,8078.7942,PENDING_AG03,FALSE,NOT_FOR_ENFORCEMENT,9511.7760,503536.3200,9908.1000,9511.7760,396.3240,0.01730863,0.01661628,396.3240,9511.7760,0.01661628,396.3240,396.3240,396.3240,396.3240,396.3240,9511.7760,0.01661628,1981.6200,1829.3058,7926.4800,8078.7942,0.01384690,0.01411298,0.00069235,439.6598,403.1645,7.6158,471.8143,13.4438,27258.9048,61.9524,,439.6598,50.0,150.0,500.0,1000.0,2000.0,3959.9609,110.0,0.0,13.333333,26.39974,2.931065,29,147,15,4,0E-8,0.01730863,,0E-8,0.000000,0.916288,0.000000,,2026-05-21,2026-07-03,21,737,411,44,0.477273,,,0.000000,,,,,,,,GLOBAL_BASELINE_NO_ENTITY_RANKING,,,NOT_APPLICABLE_GLOBAL_BASELINE,HF9g-P5,,,,X 全窗基线 · 不参与实体赏罚,15057619,1506,A168_HF9F_20260827_0900,2026-08-27 09:00:00
2026-06-01,150345145,2160,0,112.0000000000,-112.0000000000,-112.0000000000,0E-7,2,2,0.49324550000000000,0.493245500000,-1.3952362676504506,-1.3952362676504506,-1.3952362676504506,0E-17,ELIGIBLE,R03b_20260811_FULL_v1,L1_ELIGIBILITY,v2026-08-11,2026-03-21..2026-08-06,baccarat_bet02_101_all_pairs_incl_sentinel,round_win = game_pnl > 0 (decisive only),COMPATIBILITY_ONLY_NOT_PRODUCTION,572437.0000,524517.0000,9908.1000,1302,1301,-0.01730863,,-0.01730863,-0.01730863,-9908.1000,572437.0000,OK,0.0000,396.3240,4.0000,96.0000,AG03-UNRESOLVED,ALL5_LEVELS_bet23_to_bet27,396.3240,396.3240,396.3240,396.3240,396.3240,4.000000,4.000000,4.000000,4.000000,4.000000,96.000000,96.000000,96.000000,96.000000,96.000000,5.0,1981.6200,1829.3058,7926.4800,8078.7942,PENDING_AG03,FALSE,NOT_FOR_ENFORCEMENT,9511.7760,503536.3200,9908.1000,9511.7760,396.3240,0.01730863,0.01661628,396.3240,9511.7760,0.01661628,396.3240,396.3240,396.3240,396.3240,396.3240,9511.7760,0.01661628,1981.6200,1829.3058,7926.4800,8078.7942,0.01384690,0.01411298,0.00069235,439.6598,403.1645,7.6158,471.8143,13.4438,27258.9048,61.9524,,439.6598,50.0,150.0,500.0,1000.0,2000.0,3959.9609,110.0,0.0,13.333333,26.39974,2.931065,29,147,15,4,0E-8,0.01730863,,0E-8,0.000000,0.916288,0.000000,,2026-05-21,2026-07-03,21,737,411,44,0.477273,,,0.000000,,,,,,,,GLOBAL_BASELINE_NO_ENTITY_RANKING,,,NOT_APPLICABLE_GLOBAL_BASELINE,HF9g-P5,,,,X 全窗基线 · 不参与实体赏罚,15057620,1506,A168_HF9F_20260827_0900,2026-08-27 09:00:00
2026-06-01,150345145,2171,0,200.0000000000,200.0000000000,200.0000000000,1.0000000,1,1,0.49324550000000000,0.493245500000,1.01360149184955,1.01360149184955,1.01360149184955,0E-17,ELIGIBLE,R03b_20260811_FULL_v1,L1_ELIGIBILITY,v2026-08-11,2026-03-21..2026-08-06,baccarat_bet02_101_all_pairs_incl_sentinel,round_win = game_pnl > 0 (decisive only),COMPATIBILITY_ONLY_NOT_PRODUCTION,572437.0000,524517.0000,9908.1000,1302,1301,-0.01730863,,-0.01730863,-0.01730863,-9908.1000,572437.0000,OK,0.0000,396.3240,4.0000,96.0000,AG03-UNRESOLVED,ALL5_LEVELS_bet23_to_bet27,396.3240,396.3240,396.3240,396.3240,396.3240,4.000000,4.000000,4.000000,4.000000,4.000000,96.000000,96.000000,96.000000,96.000000,96.000000,5.0,1981.6200,1829.3058,7926.4800,8078.7942,PENDING_AG03,FALSE,NOT_FOR_ENFORCEMENT,9511.7760,503536.3200,9908.1000,9511.7760,396.3240,0.01730863,0.01661628,396.3240,9511.7760,0.01661628,396.3240,396.3240,396.3240,396.3240,396.3240,9511.7760,0.01661628,1981.6200,1829.3058,7926.4800,8078.7942,0.01384690,0.01411298,0.00069235,439.6598,403.1645,7.6158,471.8143,13.4438,27258.9048,61.9524,,439.6598,50.0,150.0,500.0,1000.0,2000.0,3959.9609,110.0,0.0,13.333333,26.39974,2.931065,29,147,15,4,0E-8,0.01730863,,0E-8,0.000000,0.916288,0.000000,,2026-05-21,2026-07-03,21,737,411,44,0.477273,,,0.000000,,,,,,,,GLOBAL_BASELINE_NO_ENTITY_RANKING,,,NOT_APPLICABLE_GLOBAL_BASELINE,HF9g-P5,,,,X 全窗基线 · 不参与实体赏罚,15057621,1506,A168_HF9F_20260827_0900,2026-08-27 09:00:00
2026-06-01,150345145,2175,0,1540.0000000000,-760.0000000000,-760.0000000000,0.6000000,5,5,0.49592654000000000,0.495926540000,0.46544610904919037,0.46544610904919037,0.46544610904919037,0E-17,ELIGIBLE,R03b_20260811_FULL_v1,L1_ELIGIBILITY,v2026-08-11,2026-03-21..2026-08-06,baccarat_bet02_101_all_pairs_incl_sentinel,round_win = game_pnl > 0 (decisive only),COMPATIBILITY_ONLY_NOT_PRODUCTION,572437.0000,524517.0000,9908.1000,1302,1301,-0.01730863,,-0.01730863,-0.01730863,-9908.1000,572437.0000,OK,0.0000,396.3240,4.0000,96.0000,AG03-UNRESOLVED,ALL5_LEVELS_bet23_to_bet27,396.3240,396.3240,396.3240,396.3240,396.3240,4.000000,4.000000,4.000000,4.000000,4.000000,96.000000,96.000000,96.000000,96.000000,96.000000,5.0,1981.6200,1829.3058,7926.4800,8078.7942,PENDING_AG03,FALSE,NOT_FOR_ENFORCEMENT,9511.7760,503536.3200,9908.1000,9511.7760,396.3240,0.01730863,0.01661628,396.3240,9511.7760,0.01661628,396.3240,396.3240,396.3240,396.3240,396.3240,9511.7760,0.01661628,1981.6200,1829.3058,7926.4800,8078.7942,0.01384690,0.01411298,0.00069235,439.6598,403.1645,7.6158,471.8143,13.4438,27258.9048,61.9524,,439.6598,50.0,150.0,500.0,1000.0,2000.0,3959.9609,110.0,0.0,13.333333,26.39974,2.931065,29,147,15,4,0E-8,0.01730863,,0E-8,0.000000,0.916288,0.000000,,2026-05-21,2026-07-03,21,737,411,44,0.477273,,,0.000000,,,,,,,,GLOBAL_BASELINE_NO_ENTITY_RANKING,,,NOT_APPLICABLE_GLOBAL_BASELINE,HF9g-P5,,,,X 全窗基线 · 不参与实体赏罚,15057622,1506,A168_HF9F_20260827_0900,2026-08-27 09:00:00
2026-06-01,150345145,2224,0,170.0000000000,170.0000000000,170.0000000000,1.0000000,2,2,0.49324550000000000,0.493245500000,1.4334489766152358,1.4334489766152358,1.4334489766152358,0E-17,ELIGIBLE,R03b_20260811_FULL_v1,L1_ELIGIBILITY,v2026-08-11,2026-03-21..2026-08-06,baccarat_bet02_101_all_pairs_incl_sentinel,round_win = game_pnl > 0 (decisive only),COMPATIBILITY_ONLY_NOT_PRODUCTION,572437.0000,524517.0000,9908.1000,1302,1301,-0.01730863,,-0.01730863,-0.01730863,-9908.1000,572437.0000,OK,0.0000,396.3240,4.0000,96.0000,AG03-UNRESOLVED,ALL5_LEVELS_bet23_to_bet27,396.3240,396.3240,396.3240,396.3240,396.3240,4.000000,4.000000,4.000000,4.000000,4.000000,96.000000,96.000000,96.000000,96.000000,96.000000,5.0,1981.6200,1829.3058,7926.4800,8078.7942,PENDING_AG03,FALSE,NOT_FOR_ENFORCEMENT,9511.7760,503536.3200,9908.1000,9511.7760,396.3240,0.01730863,0.01661628,396.3240,9511.7760,0.01661628,396.3240,396.3240,396.3240,396.3240,396.3240,9511.7760,0.01661628,1981.6200,1829.3058,7926.4800,8078.7942,0.01384690,0.01411298,0.00069235,439.6598,403.1645,7.6158,471.8143,13.4438,27258.9048,61.9524,,439.6598,50.0,150.0,500.0,1000.0,2000.0,3959.9609,110.0,0.0,13.333333,26.39974,2.931065,29,147,15,4,0E-8,0.01730863,,0E-8,0.000000,0.916288,0.000000,,2026-05-21,2026-07-03,21,737,411,44,0.477273,,,0.000000,,,,,,,,GLOBAL_BASELINE_NO_ENTITY_RANKING,,,NOT_APPLICABLE_GLOBAL_BASELINE,HF9g-P5,,,,X 全窗基线 · 不参与实体赏罚,15057623,1506,A168_HF9F_20260827_0900,2026-08-27 09:00:00
2026-06-01,150345145,2234,0,1270.0000000000,-250.0000000000,-250.0000000000,0.4000000,5,5,0.49592654000000000,0.495926540000,-0.42901076602576227,-0.42901076602576227,-0.42901076602576227,0E-17,ELIGIBLE,R03b_20260811_FULL_v1,L1_ELIGIBILITY,v2026-08-11,2026-03-21..2026-08-06,baccarat_bet02_101_all_pairs_incl_sentinel,round_win = game_pnl > 0 (decisive only),COMPATIBILITY_ONLY_NOT_PRODUCTION,572437.0000,524517.0000,9908.1000,1302,1301,-0.01730863,,-0.01730863,-0.01730863,-9908.1000,572437.0000,OK,0.0000,396.3240,4.0000,96.0000,AG03-UNRESOLVED,ALL5_LEVELS_bet23_to_bet27,396.3240,396.3240,396.3240,396.3240,396.3240,4.000000,4.000000,4.000000,4.000000,4.000000,96.000000,96.000000,96.000000,96.000000,96.000000,5.0,1981.6200,1829.3058,7926.4800,8078.7942,PENDING_AG03,FALSE,NOT_FOR_ENFORCEMENT,9511.7760,503536.3200,9908.1000,9511.7760,396.3240,0.01730863,0.01661628,396.3240,9511.7760,0.01661628,396.3240,396.3240,396.3240,396.3240,396.3240,9511.7760,0.01661628,1981.6200,1829.3058,7926.4800,8078.7942,0.01384690,0.01411298,0.00069235,439.6598,403.1645,7.6158,471.8143,13.4438,27258.9048,61.9524,,439.6598,50.0,150.0,500.0,1000.0,2000.0,3959.9609,110.0,0.0,13.333333,26.39974,2.931065,29,147,15,4,0E-8,0.01730863,,0E-8,0.000000,0.916288,0.000000,,2026-05-21,2026-07-03,21,737,411,44,0.477273,,,0.000000,,,,,,,,GLOBAL_BASELINE_NO_ENTITY_RANKING,,,NOT_APPLICABLE_GLOBAL_BASELINE,HF9g-P5,,,,X 全窗基线 · 不参与实体赏罚,15057624,1506,A168_HF9F_20260827_0900,2026-08-27 09:00:00
2026-06-01,150345145,2244,0,20.0000000000,-20.0000000000,-20.0000000000,0E-7,1,1,0.49324550000000000,0.493245500000,-0.9865810262130424,-0.9865810262130424,-0.9865810262130424,0E-17,ELIGIBLE,R03b_20260811_FULL_v1,L1_ELIGIBILITY,v2026-08-11,2026-03-21..2026-08-06,baccarat_bet02_101_all_pairs_incl_sentinel,round_win = game_pnl > 0 (decisive only),COMPATIBILITY_ONLY_NOT_PRODUCTION,572437.0000,524517.0000,9908.1000,1302,1301,-0.01730863,,-0.01730863,-0.01730863,-9908.1000,572437.0000,OK,0.0000,396.3240,4.0000,96.0000,AG03-UNRESOLVED,ALL5_LEVELS_bet23_to_bet27,396.3240,396.3240,396.3240,396.3240,396.3240,4.000000,4.000000,4.000000,4.000000,4.000000,96.000000,96.000000,96.000000,96.000000,96.000000,5.0,1981.6200,1829.3058,7926.4800,8078.7942,PENDING_AG03,FALSE,NOT_FOR_ENFORCEMENT,9511.7760,503536.3200,9908.1000,9511.7760,396.3240,0.01730863,0.01661628,396.3240,9511.7760,0.01661628,396.3240,396.3240,396.3240,396.3240,396.3240,9511.7760,0.01661628,1981.6200,1829.3058,7926.4800,8078.7942,0.01384690,0.01411298,0.00069235,439.6598,403.1645,7.6158,471.8143,13.4438,27258.9048,61.9524,,439.6598,50.0,150.0,500.0,1000.0,2000.0,3959.9609,110.0,0.0,13.333333,26.39974,2.931065,29,147,15,4,0E-8,0.01730863,,0E-8,0.000000,0.916288,0.000000,,2026-05-21,2026-07-03,21,737,411,44,0.477273,,,0.000000,,,,,,,,GLOBAL_BASELINE_NO_ENTITY_RANKING,,,NOT_APPLICABLE_GLOBAL_BASELINE,HF9g-P5,,,,X 全窗基线 · 不参与实体赏罚,15057625,1506,A168_HF9F_20260827_0900,2026-08-27 09:00:00
2026-06-01,150345145,2248,0,84.0000000000,84.0000000000,84.0000000000,1.0000000,2,2,0.49324550000000000,0.493245500000,1.4334489766152358,1.4334489766152358,1.4334489766152358,0E-17,ELIGIBLE,R03b_20260811_FULL_v1,L1_ELIGIBILITY,v2026-08-11,2026-03-21..2026-08-06,baccarat_bet02_101_all_pairs_incl_sentinel,round_win = game_pnl > 0 (decisive only),COMPATIBILITY_ONLY_NOT_PRODUCTION,572437.0000,524517.0000,9908.1000,1302,1301,-0.01730863,,-0.01730863,-0.01730863,-9908.1000,572437.0000,OK,0.0000,396.3240,4.0000,96.0000,AG03-UNRESOLVED,ALL5_LEVELS_bet23_to_bet27,396.3240,396.3240,396.3240,396.3240,396.3240,4.000000,4.000000,4.000000,4.000000,4.000000,96.000000,96.000000,96.000000,96.000000,96.000000,5.0,1981.6200,1829.3058,7926.4800,8078.7942,PENDING_AG03,FALSE,NOT_FOR_ENFORCEMENT,9511.7760,503536.3200,9908.1000,9511.7760,396.3240,0.01730863,0.01661628,396.3240,9511.7760,0.01661628,396.3240,396.3240,396.3240,396.3240,396.3240,9511.7760,0.01661628,1981.6200,1829.3058,7926.4800,8078.7942,0.01384690,0.01411298,0.00069235,439.6598,403.1645,7.6158,471.8143,13.4438,27258.9048,61.9524,,439.6598,50.0,150.0,500.0,1000.0,2000.0,3959.9609,110.0,0.0,13.333333,26.39974,2.931065,29,147,15,4,0E-8,0.01730863,,0E-8,0.000000,0.916288,0.000000,,2026-05-21,2026-07-03,21,737,411,44,0.477273,,,0.000000,,,,,,,,GLOBAL_BASELINE_NO_ENTITY_RANKING,,,NOT_APPLICABLE_GLOBAL_BASELINE,HF9g-P5,,,,X 全窗基线 · 不参与实体赏罚,15057626,1506,A168_HF9F_20260827_0900,2026-08-27 09:00:00
2026-06-01,150345145,2256,0,13.0000000000,13.0000000000,13.0000000000,1.0000000,1,1,0.49324550000000000,0.493245500000,1.01360149184955,1.01360149184955,1.01360149184955,0E-17,ELIGIBLE,R03b_20260811_FULL_v1,L1_ELIGIBILITY,v2026-08-11,2026-03-21..2026-08-06,baccarat_bet02_101_all_pairs_incl_sentinel,round_win = game_pnl > 0 (decisive only),COMPATIBILITY_ONLY_NOT_PRODUCTION,572437.0000,524517.0000,9908.1000,1302,1301,-0.01730863,,-0.01730863,-0.01730863,-9908.1000,572437.0000,OK,0.0000,396.3240,4.0000,96.0000,AG03-UNRESOLVED,ALL5_LEVELS_bet23_to_bet27,396.3240,396.3240,396.3240,396.3240,396.3240,4.000000,4.000000,4.000000,4.000000,4.000000,96.000000,96.000000,96.000000,96.000000,96.000000,5.0,1981.6200,1829.3058,7926.4800,8078.7942,PENDING_AG03,FALSE,NOT_FOR_ENFORCEMENT,9511.7760,503536.3200,9908.1000,9511.7760,396.3240,0.01730863,0.01661628,396.3240,9511.7760,0.01661628,396.3240,396.3240,396.3240,396.3240,396.3240,9511.7760,0.01661628,1981.6200,1829.3058,7926.4800,8078.7942,0.01384690,0.01411298,0.00069235,439.6598,403.1645,7.6158,471.8143,13.4438,27258.9048,61.9524,,439.6598,50.0,150.0,500.0,1000.0,2000.0,3959.9609,110.0,0.0,13.333333,26.39974,2.931065,29,147,15,4,0E-8,0.01730863,,0E-8,0.000000,0.916288,0.000000,,2026-05-21,2026-07-03,21,737,411,44,0.477273,,,0.000000,,,,,,,,GLOBAL_BASELINE_NO_ENTITY_RANKING,,,NOT_APPLICABLE_GLOBAL_BASELINE,HF9g-P5,,,,X 全窗基线 · 不参与实体赏罚,15057627,1506,A168_HF9F_20260827_0900,2026-08-27 09:00:00
2026-06-01,150345145,2266,0,183.0000000000,-57.0000000000,-57.0000000000,0.5000000,2,2,0.49324550000000000,0.493245500000,0.01910635448239258,0.01910635448239258,0.01910635448239258,0E-17,ELIGIBLE,R03b_20260811_FULL_v1,L1_ELIGIBILITY,v2026-08-11,2026-03-21..2026-08-06,baccarat_bet02_101_all_pairs_incl_sentinel,round_win = game_pnl > 0 (decisive only),COMPATIBILITY_ONLY_NOT_PRODUCTION,572437.0000,524517.0000,9908.1000,1302,1301,-0.01730863,,-0.01730863,-0.01730863,-9908.1000,572437.0000,OK,0.0000,396.3240,4.0000,96.0000,AG03-UNRESOLVED,ALL5_LEVELS_bet23_to_bet27,396.3240,396.3240,396.3240,396.3240,396.3240,4.000000,4.000000,4.000000,4.000000,4.000000,96.000000,96.000000,96.000000,96.000000,96.000000,5.0,1981.6200,1829.3058,7926.4800,8078.7942,PENDING_AG03,FALSE,NOT_FOR_ENFORCEMENT,9511.7760,503536.3200,9908.1000,9511.7760,396.3240,0.01730863,0.01661628,396.3240,9511.7760,0.01661628,396.3240,396.3240,396.3240,396.3240,396.3240,9511.7760,0.01661628,1981.6200,1829.3058,7926.4800,8078.7942,0.01384690,0.01411298,0.00069235,439.6598,403.1645,7.6158,471.8143,13.4438,27258.9048,61.9524,,439.6598,50.0,150.0,500.0,1000.0,2000.0,3959.9609,110.0,0.0,13.333333,26.39974,2.931065,29,147,15,4,0E-8,0.01730863,,0E-8,0.000000,0.916288,0.000000,,2026-05-21,2026-07-03,21,737,411,44,0.477273,,,0.000000,,,,,,,,GLOBAL_BASELINE_NO_ENTITY_RANKING,,,NOT_APPLICABLE_GLOBAL_BASELINE,HF9g-P5,,,,X 全窗基线 · 不参与实体赏罚,15057628,1506,A168_HF9F_20260827_0900,2026-08-27 09:00:00
2026-06-01,150345145,529,0,50.0000000000,50.0000000000,50.0000000000,1.0000000,1,1,0.49324550000000000,0.493245500000,1.01360149184955,1.01360149184955,1.01360149184955,0E-17,ELIGIBLE,R03b_20260811_FULL_v1,L1_ELIGIBILITY,v2026-08-11,2026-03-21..2026-08-06,baccarat_bet02_101_all_pairs_incl_sentinel,round_win = game_pnl > 0 (decisive only),COMPATIBILITY_ONLY_NOT_PRODUCTION,572437.0000,524517.0000,9908.1000,1302,1301,-0.01730863,,-0.01730863,-0.01730863,-9908.1000,572437.0000,OK,0.0000,396.3240,4.0000,96.0000,AG03-UNRESOLVED,ALL5_LEVELS_bet23_to_bet27,396.3240,396.3240,396.3240,396.3240,396.3240,4.000000,4.000000,4.000000,4.000000,4.000000,96.000000,96.000000,96.000000,96.000000,96.000000,5.0,1981.6200,1829.3058,7926.4800,8078.7942,PENDING_AG03,FALSE,NOT_FOR_ENFORCEMENT,9511.7760,503536.3200,9908.1000,9511.7760,396.3240,0.01730863,0.01661628,396.3240,9511.7760,0.01661628,396.3240,396.3240,396.3240,396.3240,396.3240,9511.7760,0.01661628,1981.6200,1829.3058,7926.4800,8078.7942,0.01384690,0.01411298,0.00069235,439.6598,403.1645,7.6158,471.8143,13.4438,27258.9048,61.9524,,439.6598,50.0,150.0,500.0,1000.0,2000.0,3959.9609,110.0,0.0,13.333333,26.39974,2.931065,29,147,15,4,0E-8,0.01730863,,0E-8,0.000000,0.916288,0.000000,,2026-05-21,2026-07-03,21,737,411,44,0.477273,,,0.000000,,,,,,,,GLOBAL_BASELINE_NO_ENTITY_RANKING,,,NOT_APPLICABLE_GLOBAL_BASELINE,HF9g-P5,,,,X 全窗基线 · 不参与实体赏罚,15057629,1506,A168_HF9F_20260827_0900,2026-08-27 09:00:00
2026-06-01,150345145,550,0,500.0000000000,500.0000000000,500.0000000000,1.0000000,1,1,0.49324550000000000,0.493245500000,1.01360149184955,1.01360149184955,1.01360149184955,0E-17,ELIGIBLE,R03b_20260811_FULL_v1,L1_ELIGIBILITY,v2026-08-11,2026-03-21..2026-08-06,baccarat_bet02_101_all_pairs_incl_sentinel,round_win = game_pnl > 0 (decisive only),COMPATIBILITY_ONLY_NOT_PRODUCTION,572437.0000,524517.0000,9908.1000,1302,1301,-0.01730863,,-0.01730863,-0.01730863,-9908.1000,572437.0000,OK,0.0000,396.3240,4.0000,96.0000,AG03-UNRESOLVED,ALL5_LEVELS_bet23_to_bet27,396.3240,396.3240,396.3240,396.3240,396.3240,4.000000,4.000000,4.000000,4.000000,4.000000,96.000000,96.000000,96.000000,96.000000,96.000000,5.0,1981.6200,1829.3058,7926.4800,8078.7942,PENDING_AG03,FALSE,NOT_FOR_ENFORCEMENT,9511.7760,503536.3200,9908.1000,9511.7760,396.3240,0.01730863,0.01661628,396.3240,9511.7760,0.01661628,396.3240,396.3240,396.3240,396.3240,396.3240,9511.7760,0.01661628,1981.6200,1829.3058,7926.4800,8078.7942,0.01384690,0.01411298,0.00069235,439.6598,403.1645,7.6158,471.8143,13.4438,27258.9048,61.9524,,439.6598,50.0,150.0,500.0,1000.0,2000.0,3959.9609,110.0,0.0,13.333333,26.39974,2.931065,29,147,15,4,0E-8,0.01730863,,0E-8,0.000000,0.916288,0.000000,,2026-05-21,2026-07-03,21,737,411,44,0.477273,,,0.000000,,,,,,,,GLOBAL_BASELINE_NO_ENTITY_RANKING,,,NOT_APPLICABLE_GLOBAL_BASELINE,HF9g-P5,,,,X 全窗基线 · 不参与实体赏罚,15057630,1506,A168_HF9F_20260827_0900,2026-08-27 09:00:00
2026-06-01,150345145,752,0,80.0000000000,80.0000000000,80.0000000000,1.0000000,1,1,0.49324550000000000,0.493245500000,1.01360149184955,1.01360149184955,1.01360149184955,0E-17,ELIGIBLE,R03b_20260811_FULL_v1,L1_ELIGIBILITY,v2026-08-11,2026-03-21..2026-08-06,baccarat_bet02_101_all_pairs_incl_sentinel,round_win = game_pnl > 0 (decisive only),COMPATIBILITY_ONLY_NOT_PRODUCTION,572437.0000,524517.0000,9908.1000,1302,1301,-0.01730863,,-0.01730863,-0.01730863,-9908.1000,572437.0000,OK,0.0000,396.3240,4.0000,96.0000,AG03-UNRESOLVED,ALL5_LEVELS_bet23_to_bet27,396.3240,396.3240,396.3240,396.3240,396.3240,4.000000,4.000000,4.000000,4.000000,4.000000,96.000000,96.000000,96.000000,96.000000,96.000000,5.0,1981.6200,1829.3058,7926.4800,8078.7942,PENDING_AG03,FALSE,NOT_FOR_ENFORCEMENT,9511.7760,503536.3200,9908.1000,9511.7760,396.3240,0.01730863,0.01661628,396.3240,9511.7760,0.01661628,396.3240,396.3240,396.3240,396.3240,396.3240,9511.7760,0.01661628,1981.6200,1829.3058,7926.4800,8078.7942,0.01384690,0.01411298,0.00069235,439.6598,403.1645,7.6158,471.8143,13.4438,27258.9048,61.9524,,439.6598,50.0,150.0,500.0,1000.0,2000.0,3959.9609,110.0,0.0,13.333333,26.39974,2.931065,29,147,15,4,0E-8,0.01730863,,0E-8,0.000000,0.916288,0.000000,,2026-05-21,2026-07-03,21,737,411,44,0.477273,,,0.000000,,,,,,,,GLOBAL_BASELINE_NO_ENTITY_RANKING,,,NOT_APPLICABLE_GLOBAL_BASELINE,HF9g-P5,,,,X 全窗基线 · 不参与实体赏罚,15057631,1506,A168_HF9F_20260827_0900,2026-08-27 09:00:00
2026-06-01,150345145,789,0,38.0000000000,-38.0000000000,-38.0000000000,0E-7,1,1,0.49324550000000000,0.493245500000,-0.9865810262130424,-0.9865810262130424,-0.9865810262130424,0E-17,ELIGIBLE,R03b_20260811_FULL_v1,L1_ELIGIBILITY,v2026-08-11,2026-03-21..2026-08-06,baccarat_bet02_101_all_pairs_incl_sentinel,round_win = game_pnl > 0 (decisive only),COMPATIBILITY_ONLY_NOT_PRODUCTION,572437.0000,524517.0000,9908.1000,1302,1301,-0.01730863,,-0.01730863,-0.01730863,-9908.1000,572437.0000,OK,0.0000,396.3240,4.0000,96.0000,AG03-UNRESOLVED,ALL5_LEVELS_bet23_to_bet27,396.3240,396.3240,396.3240,396.3240,396.3240,4.000000,4.000000,4.000000,4.000000,4.000000,96.000000,96.000000,96.000000,96.000000,96.000000,5.0,1981.6200,1829.3058,7926.4800,8078.7942,PENDING_AG03,FALSE,NOT_FOR_ENFORCEMENT,9511.7760,503536.3200,9908.1000,9511.7760,396.3240,0.01730863,0.01661628,396.3240,9511.7760,0.01661628,396.3240,396.3240,396.3240,396.3240,396.3240,9511.7760,0.01661628,1981.6200,1829.3058,7926.4800,8078.7942,0.01384690,0.01411298,0.00069235,439.6598,403.1645,7.6158,471.8143,13.4438,27258.9048,61.9524,,439.6598,50.0,150.0,500.0,1000.0,2000.0,3959.9609,110.0,0.0,13.333333,26.39974,2.931065,29,147,15,4,0E-8,0.01730863,,0E-8,0.000000,0.916288,0.000000,,2026-05-21,2026-07-03,21,737,411,44,0.477273,,,0.000000,,,,,,,,GLOBAL_BASELINE_NO_ENTITY_RANKING,,,NOT_APPLICABLE_GLOBAL_BASELINE,HF9g-P5,,,,X 全窗基线 · 不参与实体赏罚,15057632,1506,A168_HF9F_20260827_0900,2026-08-27 09:00:00
2026-06-01,150345145,925,0,70.0000000000,-70.0000000000,-70.0000000000,0E-7,1,1,0.49324550000000000,0.493245500000,-0.9865810262130424,-0.9865810262130424,-0.9865810262130424,0E-17,ELIGIBLE,R03b_20260811_FULL_v1,L1_ELIGIBILITY,v2026-08-11,2026-03-21..2026-08-06,baccarat_bet02_101_all_pairs_incl_sentinel,round_win = game_pnl > 0 (decisive only),COMPATIBILITY_ONLY_NOT_PRODUCTION,572437.0000,524517.0000,9908.1000,1302,1301,-0.01730863,,-0.01730863,-0.01730863,-9908.1000,572437.0000,OK,0.0000,396.3240,4.0000,96.0000,AG03-UNRESOLVED,ALL5_LEVELS_bet23_to_bet27,396.3240,396.3240,396.3240,396.3240,396.3240,4.000000,4.000000,4.000000,4.000000,4.000000,96.000000,96.000000,96.000000,96.000000,96.000000,5.0,1981.6200,1829.3058,7926.4800,8078.7942,PENDING_AG03,FALSE,NOT_FOR_ENFORCEMENT,9511.7760,503536.3200,9908.1000,9511.7760,396.3240,0.01730863,0.01661628,396.3240,9511.7760,0.01661628,396.3240,396.3240,396.3240,396.3240,396.3240,9511.7760,0.01661628,1981.6200,1829.3058,7926.4800,8078.7942,0.01384690,0.01411298,0.00069235,439.6598,403.1645,7.6158,471.8143,13.4438,27258.9048,61.9524,,439.6598,50.0,150.0,500.0,1000.0,2000.0,3959.9609,110.0,0.0,13.333333,26.39974,2.931065,29,147,15,4,0E-8,0.01730863,,0E-8,0.000000,0.916288,0.000000,,2026-05-21,2026-07-03,21,737,411,44,0.477273,,,0.000000,,,,,,,,GLOBAL_BASELINE_NO_ENTITY_RANKING,,,NOT_APPLICABLE_GLOBAL_BASELINE,HF9g-P5,,,,X 全窗基线 · 不参与实体赏罚,15057633,1506,A168_HF9F_20260827_0900,2026-08-27 09:00:00
2026-06-02,150345145,-1,1,445.0000000000,228.2500000000,228.2500000000,0.7500000,11,11,0.49690146363636364,0.496901463636,1.4317690238543646,1.4317690238564278,1.4317690238543646,3.6364E-13,SENTINEL_DEALER,R03b_20260811_FULL_v1,L1_ELIGIBILITY,v2026-08-11,2026-03-21..2026-08-06,baccarat_bet02_101_all_pairs_incl_sentinel,round_win = game_pnl > 0 (decisive only),COMPATIBILITY_ONLY_NOT_PRODUCTION,572437.0000,524517.0000,9908.1000,1302,1301,-0.01730863,,-0.01730863,-0.01730863,-9908.1000,572437.0000,OK,0.0000,396.3240,4.0000,96.0000,AG03-UNRESOLVED,ALL5_LEVELS_bet23_to_bet27,396.3240,396.3240,396.3240,396.3240,396.3240,4.000000,4.000000,4.000000,4.000000,4.000000,96.000000,96.000000,96.000000,96.000000,96.000000,5.0,1981.6200,1829.3058,7926.4800,8078.7942,PENDING_AG03,FALSE,NOT_FOR_ENFORCEMENT,9511.7760,503536.3200,9908.1000,9511.7760,396.3240,0.01730863,0.01661628,396.3240,9511.7760,0.01661628,396.3240,396.3240,396.3240,396.3240,396.3240,9511.7760,0.01661628,1981.6200,1829.3058,7926.4800,8078.7942,0.01384690,0.01411298,0.00069235,439.6598,403.1645,7.6158,471.8143,13.4438,27258.9048,61.9524,,439.6598,50.0,150.0,500.0,1000.0,2000.0,3959.9609,110.0,0.0,13.333333,26.39974,2.931065,29,147,15,4,0E-8,0.01730863,,0E-8,0.000000,0.916288,0.000000,,2026-05-21,2026-07-03,21,737,411,44,0.477273,,,0.000000,,,,,,,,GLOBAL_BASELINE_NO_ENTITY_RANKING,,,NOT_APPLICABLE_GLOBAL_BASELINE,HF9g-P5,,,,X 全窗基线 · 不参与实体赏罚,15057634,1506,A168_HF9F_20260827_0900,2026-08-27 09:00:00
2026-06-02,150345145,1205,0,102.0000000000,-52.0000000000,-52.0000000000,0E-7,2,2,0.49324550000000000,0.493245500000,-0.9865810262130424,-0.9865810262130424,-0.9865810262130424,0E-17,ELIGIBLE,R03b_20260811_FULL_v1,L1_ELIGIBILITY,v2026-08-11,2026-03-21..2026-08-06,baccarat_bet02_101_all_pairs_incl_sentinel,round_win = game_pnl > 0 (decisive only),COMPATIBILITY_ONLY_NOT_PRODUCTION,572437.0000,524517.0000,9908.1000,1302,1301,-0.01730863,,-0.01730863,-0.01730863,-9908.1000,572437.0000,OK,0.0000,396.3240,4.0000,96.0000,AG03-UNRESOLVED,ALL5_LEVELS_bet23_to_bet27,396.3240,396.3240,396.3240,396.3240,396.3240,4.000000,4.000000,4.000000,4.000000,4.000000,96.000000,96.000000,96.000000,96.000000,96.000000,5.0,1981.6200,1829.3058,7926.4800,8078.7942,PENDING_AG03,FALSE,NOT_FOR_ENFORCEMENT,9511.7760,503536.3200,9908.1000,9511.7760,396.3240,0.01730863,0.01661628,396.3240,9511.7760,0.01661628,396.3240,396.3240,396.3240,396.3240,396.3240,9511.7760,0.01661628,1981.6200,1829.3058,7926.4800,8078.7942,0.01384690,0.01411298,0.00069235,439.6598,403.1645,7.6158,471.8143,13.4438,27258.9048,61.9524,,439.6598,50.0,150.0,500.0,1000.0,2000.0,3959.9609,110.0,0.0,13.333333,26.39974,2.931065,29,147,15,4,0E-8,0.01730863,,0E-8,0.000000,0.916288,0.000000,,2026-05-21,2026-07-03,21,737,411,44,0.477273,,,0.000000,,,,,,,,GLOBAL_BASELINE_NO_ENTITY_RANKING,,,NOT_APPLICABLE_GLOBAL_BASELINE,HF9g-P5,,,,X 全窗基线 · 不参与实体赏罚,15057635,1506,A168_HF9F_20260827_0900,2026-08-27 09:00:00
2026-06-02,150345145,1302,0,110.0000000000,-110.0000000000,-110.0000000000,0E-7,2,2,0.49994810000000000,0.499948100000,-1.4140667746232096,-1.4140667746232096,-1.4140667746232096,0E-17,ELIGIBLE,R03b_20260811_FULL_v1,L1_ELIGIBILITY,v2026-08-11,2026-03-21..2026-08-06,baccarat_bet02_101_all_pairs_incl_sentinel,round_win = game_pnl > 0 (decisive only),COMPATIBILITY_ONLY_NOT_PRODUCTION,572437.0000,524517.0000,9908.1000,1302,1301,-0.01730863,,-0.01730863,-0.01730863,-9908.1000,572437.0000,OK,0.0000,396.3240,4.0000,96.0000,AG03-UNRESOLVED,ALL5_LEVELS_bet23_to_bet27,396.3240,396.3240,396.3240,396.3240,396.3240,4.000000,4.000000,4.000000,4.000000,4.000000,96.000000,96.000000,96.000000,96.000000,96.000000,5.0,1981.6200,1829.3058,7926.4800,8078.7942,PENDING_AG03,FALSE,NOT_FOR_ENFORCEMENT,9511.7760,503536.3200,9908.1000,9511.7760,396.3240,0.01730863,0.01661628,396.3240,9511.7760,0.01661628,396.3240,396.3240,396.3240,396.3240,396.3240,9511.7760,0.01661628,1981.6200,1829.3058,7926.4800,8078.7942,0.01384690,0.01411298,0.00069235,439.6598,403.1645,7.6158,471.8143,13.4438,27258.9048,61.9524,,439.6598,50.0,150.0,500.0,1000.0,2000.0,3959.9609,110.0,0.0,13.333333,26.39974,2.931065,29,147,15,4,0E-8,0.01730863,,0E-8,0.000000,0.916288,0.000000,,2026-05-21,2026-07-03,21,737,411,44,0.477273,,,0.000000,,,,,,,,GLOBAL_BASELINE_NO_ENTITY_RANKING,,,NOT_APPLICABLE_GLOBAL_BASELINE,HF9g-P5,,,,X 全窗基线 · 不参与实体赏罚,15057636,1506,A168_HF9F_20260827_0900,2026-08-27 09:00:00
2026-06-02,150345145,1306,0,60.0000000000,0E-10,0E-10,,1,1,0.49324550000000000,0.493245500000,,,,0E-17,NO_DECISIVE_ROUND,R03b_20260811_FULL_v1,L1_ELIGIBILITY,v2026-08-11,2026-03-21..2026-08-06,baccarat_bet02_101_all_pairs_incl_sentinel,round_win = game_pnl > 0 (decisive only),COMPATIBILITY_ONLY_NOT_PRODUCTION,572437.0000,524517.0000,9908.1000,1302,1301,-0.01730863,,-0.01730863,-0.01730863,-9908.1000,572437.0000,OK,0.0000,396.3240,4.0000,96.0000,AG03-UNRESOLVED,ALL5_LEVELS_bet23_to_bet27,396.3240,396.3240,396.3240,396.3240,396.3240,4.000000,4.000000,4.000000,4.000000,4.000000,96.000000,96.000000,96.000000,96.000000,96.000000,5.0,1981.6200,1829.3058,7926.4800,8078.7942,PENDING_AG03,FALSE,NOT_FOR_ENFORCEMENT,9511.7760,503536.3200,9908.1000,9511.7760,396.3240,0.01730863,0.01661628,396.3240,9511.7760,0.01661628,396.3240,396.3240,396.3240,396.3240,396.3240,9511.7760,0.01661628,1981.6200,1829.3058,7926.4800,8078.7942,0.01384690,0.01411298,0.00069235,439.6598,403.1645,7.6158,471.8143,13.4438,27258.9048,61.9524,,439.6598,50.0,150.0,500.0,1000.0,2000.0,3959.9609,110.0,0.0,13.333333,26.39974,2.931065,29,147,15,4,0E-8,0.01730863,,0E-8,0.000000,0.916288,0.000000,,2026-05-21,2026-07-03,21,737,411,44,0.477273,,,0.000000,,,,,,,,GLOBAL_BASELINE_NO_ENTITY_RANKING,,,NOT_APPLICABLE_GLOBAL_BASELINE,HF9g-P5,,,,X 全窗基线 · 不参与实体赏罚,15057637,1506,A168_HF9F_20260827_0900,2026-08-27 09:00:00
2026-06-02,150345145,1323,0,260.0000000000,-20.0000000000,-20.0000000000,0.6666667,3,3,0.49324550000000000,0.493245500000,0.6008033672792107,0.6008033672792106,0.6008033672792107,0E-17,ELIGIBLE,R03b_20260811_FULL_v1,L1_ELIGIBILITY,v2026-08-11,2026-03-21..2026-08-06,baccarat_bet02_101_all_pairs_incl_sentinel,round_win = game_pnl > 0 (decisive only),COMPATIBILITY_ONLY_NOT_PRODUCTION,572437.0000,524517.0000,9908.1000,1302,1301,-0.01730863,,-0.01730863,-0.01730863,-9908.1000,572437.0000,OK,0.0000,396.3240,4.0000,96.0000,AG03-UNRESOLVED,ALL5_LEVELS_bet23_to_bet27,396.3240,396.3240,396.3240,396.3240,396.3240,4.000000,4.000000,4.000000,4.000000,4.000000,96.000000,96.000000,96.000000,96.000000,96.000000,5.0,1981.6200,1829.3058,7926.4800,8078.7942,PENDING_AG03,FALSE,NOT_FOR_ENFORCEMENT,9511.7760,503536.3200,9908.1000,9511.7760,396.3240,0.01730863,0.01661628,396.3240,9511.7760,0.01661628,396.3240,396.3240,396.3240,396.3240,396.3240,9511.7760,0.01661628,1981.6200,1829.3058,7926.4800,8078.7942,0.01384690,0.01411298,0.00069235,439.6598,403.1645,7.6158,471.8143,13.4438,27258.9048,61.9524,,439.6598,50.0,150.0,500.0,1000.0,2000.0,3959.9609,110.0,0.0,13.333333,26.39974,2.931065,29,147,15,4,0E-8,0.01730863,,0E-8,0.000000,0.916288,0.000000,,2026-05-21,2026-07-03,21,737,411,44,0.477273,,,0.000000,,,,,,,,GLOBAL_BASELINE_NO_ENTITY_RANKING,,,NOT_APPLICABLE_GLOBAL_BASELINE,HF9g-P5,,,,X 全窗基线 · 不参与实体赏罚,15057638,1506,A168_HF9F_20260827_0900,2026-08-27 09:00:00
2026-06-02,150345145,1402,0,150.0000000000,90.0000000000,90.0000000000,0.8333333,6,6,0.49324550000000000,0.493245500000,1.666235363940442,1.6662353639404415,1.666235363940442,0E-17,ELIGIBLE,R03b_20260811_FULL_v1,L1_ELIGIBILITY,v2026-08-11,2026-03-21..2026-08-06,baccarat_bet02_101_all_pairs_incl_sentinel,round_win = game_pnl > 0 (decisive only),COMPATIBILITY_ONLY_NOT_PRODUCTION,572437.0000,524517.0000,9908.1000,1302,1301,-0.01730863,,-0.01730863,-0.01730863,-9908.1000,572437.0000,OK,0.0000,396.3240,4.0000,96.0000,AG03-UNRESOLVED,ALL5_LEVELS_bet23_to_bet27,396.3240,396.3240,396.3240,396.3240,396.3240,4.000000,4.000000,4.000000,4.000000,4.000000,96.000000,96.000000,96.000000,96.000000,96.000000,5.0,1981.6200,1829.3058,7926.4800,8078.7942,PENDING_AG03,FALSE,NOT_FOR_ENFORCEMENT,9511.7760,503536.3200,9908.1000,9511.7760,396.3240,0.01730863,0.01661628,396.3240,9511.7760,0.01661628,396.3240,396.3240,396.3240,396.3240,396.3240,9511.7760,0.01661628,1981.6200,1829.3058,7926.4800,8078.7942,0.01384690,0.01411298,0.00069235,439.6598,403.1645,7.6158,471.8143,13.4438,27258.9048,61.9524,,439.6598,50.0,150.0,500.0,1000.0,2000.0,3959.9609,110.0,0.0,13.333333,26.39974,2.931065,29,147,15,4,0E-8,0.01730863,,0E-8,0.000000,0.916288,0.000000,,2026-05-21,2026-07-03,21,737,411,44,0.477273,,,0.000000,,,,,,,,GLOBAL_BASELINE_NO_ENTITY_RANKING,,,NOT_APPLICABLE_GLOBAL_BASELINE,HF9g-P5,,,,X 全窗基线 · 不参与实体赏罚,15057639,1506,A168_HF9F_20260827_0900,2026-08-27 09:00:00
2026-06-02,150345145,1490,0,20.0000000000,20.0000000000,20.0000000000,1.0000000,1,1,0.49324550000000000,0.493245500000,1.01360149184955,1.01360149184955,1.01360149184955,0E-17,ELIGIBLE,R03b_20260811_FULL_v1,L1_ELIGIBILITY,v2026-08-11,2026-03-21..2026-08-06,baccarat_bet02_101_all_pairs_incl_sentinel,round_win = game_pnl > 0 (decisive only),COMPATIBILITY_ONLY_NOT_PRODUCTION,572437.0000,524517.0000,9908.1000,1302,1301,-0.01730863,,-0.01730863,-0.01730863,-9908.1000,572437.0000,OK,0.0000,396.3240,4.0000,96.0000,AG03-UNRESOLVED,ALL5_LEVELS_bet23_to_bet27,396.3240,396.3240,396.3240,396.3240,396.3240,4.000000,4.000000,4.000000,4.000000,4.000000,96.000000,96.000000,96.000000,96.000000,96.000000,5.0,1981.6200,1829.3058,7926.4800,8078.7942,PENDING_AG03,FALSE,NOT_FOR_ENFORCEMENT,9511.7760,503536.3200,9908.1000,9511.7760,396.3240,0.01730863,0.01661628,396.3240,9511.7760,0.01661628,396.3240,396.3240,396.3240,396.3240,396.3240,9511.7760,0.01661628,1981.6200,1829.3058,7926.4800,8078.7942,0.01384690,0.01411298,0.00069235,439.6598,403.1645,7.6158,471.8143,13.4438,27258.9048,61.9524,,439.6598,50.0,150.0,500.0,1000.0,2000.0,3959.9609,110.0,0.0,13.333333,26.39974,2.931065,29,147,15,4,0E-8,0.01730863,,0E-8,0.000000,0.916288,0.000000,,2026-05-21,2026-07-03,21,737,411,44,0.477273,,,0.000000,,,,,,,,GLOBAL_BASELINE_NO_ENTITY_RANKING,,,NOT_APPLICABLE_GLOBAL_BASELINE,HF9g-P5,,,,X 全窗基线 · 不参与实体赏罚,15057640,1506,A168_HF9F_20260827_0900,2026-08-27 09:00:00
2026-06-02,150345145,1645,0,20.0000000000,0E-10,0E-10,,1,1,0.49324550000000000,0.493245500000,,,,0E-17,NO_DECISIVE_ROUND,R03b_20260811_FULL_v1,L1_ELIGIBILITY,v2026-08-11,2026-03-21..2026-08-06,baccarat_bet02_101_all_pairs_incl_sentinel,round_win = game_pnl > 0 (decisive only),COMPATIBILITY_ONLY_NOT_PRODUCTION,572437.0000,524517.0000,9908.1000,1302,1301,-0.01730863,,-0.01730863,-0.01730863,-9908.1000,572437.0000,OK,0.0000,396.3240,4.0000,96.0000,AG03-UNRESOLVED,ALL5_LEVELS_bet23_to_bet27,396.3240,396.3240,396.3240,396.3240,396.3240,4.000000,4.000000,4.000000,4.000000,4.000000,96.000000,96.000000,96.000000,96.000000,96.000000,5.0,1981.6200,1829.3058,7926.4800,8078.7942,PENDING_AG03,FALSE,NOT_FOR_ENFORCEMENT,9511.7760,503536.3200,9908.1000,9511.7760,396.3240,0.01730863,0.01661628,396.3240,9511.7760,0.01661628,396.3240,396.3240,396.3240,396.3240,396.3240,9511.7760,0.01661628,1981.6200,1829.3058,7926.4800,8078.7942,0.01384690,0.01411298,0.00069235,439.6598,403.1645,7.6158,471.8143,13.4438,27258.9048,61.9524,,439.6598,50.0,150.0,500.0,1000.0,2000.0,3959.9609,110.0,0.0,13.333333,26.39974,2.931065,29,147,15,4,0E-8,0.01730863,,0E-8,0.000000,0.916288,0.000000,,2026-05-21,2026-07-03,21,737,411,44,0.477273,,,0.000000,,,,,,,,GLOBAL_BASELINE_NO_ENTITY_RANKING,,,NOT_APPLICABLE_GLOBAL_BASELINE,HF9g-P5,,,,X 全窗基线 · 不参与实体赏罚,15057641,1506,A168_HF9F_20260827_0900,2026-08-27 09:00:00
2026-06-02,150345145,1646,0,55.0000000000,-25.0000000000,-25.0000000000,0.5000000,2,2,0.49324550000000000,0.493245500000,0.01910635448239258,0.01910635448239258,0.01910635448239258,0E-17,ELIGIBLE,R03b_20260811_FULL_v1,L1_ELIGIBILITY,v2026-08-11,2026-03-21..2026-08-06,baccarat_bet02_101_all_pairs_incl_sentinel,round_win = game_pnl > 0 (decisive only),COMPATIBILITY_ONLY_NOT_PRODUCTION,572437.0000,524517.0000,9908.1000,1302,1301,-0.01730863,,-0.01730863,-0.01730863,-9908.1000,572437.0000,OK,0.0000,396.3240,4.0000,96.0000,AG03-UNRESOLVED,ALL5_LEVELS_bet23_to_bet27,396.3240,396.3240,396.3240,396.3240,396.3240,4.000000,4.000000,4.000000,4.000000,4.000000,96.000000,96.000000,96.000000,96.000000,96.000000,5.0,1981.6200,1829.3058,7926.4800,8078.7942,PENDING_AG03,FALSE,NOT_FOR_ENFORCEMENT,9511.7760,503536.3200,9908.1000,9511.7760,396.3240,0.01730863,0.01661628,396.3240,9511.7760,0.01661628,396.3240,396.3240,396.3240,396.3240,396.3240,9511.7760,0.01661628,1981.6200,1829.3058,7926.4800,8078.7942,0.01384690,0.01411298,0.00069235,439.6598,403.1645,7.6158,471.8143,13.4438,27258.9048,61.9524,,439.6598,50.0,150.0,500.0,1000.0,2000.0,3959.9609,110.0,0.0,13.333333,26.39974,2.931065,29,147,15,4,0E-8,0.01730863,,0E-8,0.000000,0.916288,0.000000,,2026-05-21,2026-07-03,21,737,411,44,0.477273,,,0.000000,,,,,,,,GLOBAL_BASELINE_NO_ENTITY_RANKING,,,NOT_APPLICABLE_GLOBAL_BASELINE,HF9g-P5,,,,X 全窗基线 · 不参与实体赏罚,15057642,1506,A168_HF9F_20260827_0900,2026-08-27 09:00:00
2026-06-02,150345145,1750,0,20.0000000000,-20.0000000000,-20.0000000000,0E-7,1,1,0.49324550000000000,0.493245500000,-0.9865810262130424,-0.9865810262130424,-0.9865810262130424,0E-17,ELIGIBLE,R03b_20260811_FULL_v1,L1_ELIGIBILITY,v2026-08-11,2026-03-21..2026-08-06,baccarat_bet02_101_all_pairs_incl_sentinel,round_win = game_pnl > 0 (decisive only),COMPATIBILITY_ONLY_NOT_PRODUCTION,572437.0000,524517.0000,9908.1000,1302,1301,-0.01730863,,-0.01730863,-0.01730863,-9908.1000,572437.0000,OK,0.0000,396.3240,4.0000,96.0000,AG03-UNRESOLVED,ALL5_LEVELS_bet23_to_bet27,396.3240,396.3240,396.3240,396.3240,396.3240,4.000000,4.000000,4.000000,4.000000,4.000000,96.000000,96.000000,96.000000,96.000000,96.000000,5.0,1981.6200,1829.3058,7926.4800,8078.7942,PENDING_AG03,FALSE,NOT_FOR_ENFORCEMENT,9511.7760,503536.3200,9908.1000,9511.7760,396.3240,0.01730863,0.01661628,396.3240,9511.7760,0.01661628,396.3240,396.3240,396.3240,396.3240,396.3240,9511.7760,0.01661628,1981.6200,1829.3058,7926.4800,8078.7942,0.01384690,0.01411298,0.00069235,439.6598,403.1645,7.6158,471.8143,13.4438,27258.9048,61.9524,,439.6598,50.0,150.0,500.0,1000.0,2000.0,3959.9609,110.0,0.0,13.333333,26.39974,2.931065,29,147,15,4,0E-8,0.01730863,,0E-8,0.000000,0.916288,0.000000,,2026-05-21,2026-07-03,21,737,411,44,0.477273,,,0.000000,,,,,,,,GLOBAL_BASELINE_NO_ENTITY_RANKING,,,NOT_APPLICABLE_GLOBAL_BASELINE,HF9g-P5,,,,X 全窗基线 · 不参与实体赏罚,15057643,1506,A168_HF9F_20260827_0900,2026-08-27 09:00:00
2026-06-02,150345145,1957,0,31.0000000000,31.0000000000,31.0000000000,1.0000000,1,1,0.49324550000000000,0.493245500000,1.01360149184955,1.01360149184955,1.01360149184955,0E-17,ELIGIBLE,R03b_20260811_FULL_v1,L1_ELIGIBILITY,v2026-08-11,2026-03-21..2026-08-06,baccarat_bet02_101_all_pairs_incl_sentinel,round_win = game_pnl > 0 (decisive only),COMPATIBILITY_ONLY_NOT_PRODUCTION,572437.0000,524517.0000,9908.1000,1302,1301,-0.01730863,,-0.01730863,-0.01730863,-9908.1000,572437.0000,OK,0.0000,396.3240,4.0000,96.0000,AG03-UNRESOLVED,ALL5_LEVELS_bet23_to_bet27,396.3240,396.3240,396.3240,396.3240,396.3240,4.000000,4.000000,4.000000,4.000000,4.000000,96.000000,96.000000,96.000000,96.000000,96.000000,5.0,1981.6200,1829.3058,7926.4800,8078.7942,PENDING_AG03,FALSE,NOT_FOR_ENFORCEMENT,9511.7760,503536.3200,9908.1000,9511.7760,396.3240,0.01730863,0.01661628,396.3240,9511.7760,0.01661628,396.3240,396.3240,396.3240,396.3240,396.3240,9511.7760,0.01661628,1981.6200,1829.3058,7926.4800,8078.7942,0.01384690,0.01411298,0.00069235,439.6598,403.1645,7.6158,471.8143,13.4438,27258.9048,61.9524,,439.6598,50.0,150.0,500.0,1000.0,2000.0,3959.9609,110.0,0.0,13.333333,26.39974,2.931065,29,147,15,4,0E-8,0.01730863,,0E-8,0.000000,0.916288,0.000000,,2026-05-21,2026-07-03,21,737,411,44,0.477273,,,0.000000,,,,,,,,GLOBAL_BASELINE_NO_ENTITY_RANKING,,,NOT_APPLICABLE_GLOBAL_BASELINE,HF9g-P5,,,,X 全窗基线 · 不参与实体赏罚,15057644,1506,A168_HF9F_20260827_0900,2026-08-27 09:00:00
2026-06-02,150345145,1985,0,30.0000000000,-30.0000000000,-30.0000000000,0E-7,1,1,0.49324550000000000,0.493245500000,-0.9865810262130424,-0.9865810262130424,-0.9865810262130424,0E-17,ELIGIBLE,R03b_20260811_FULL_v1,L1_ELIGIBILITY,v2026-08-11,2026-03-21..2026-08-06,baccarat_bet02_101_all_pairs_incl_sentinel,round_win = game_pnl > 0 (decisive only),COMPATIBILITY_ONLY_NOT_PRODUCTION,572437.0000,524517.0000,9908.1000,1302,1301,-0.01730863,,-0.01730863,-0.01730863,-9908.1000,572437.0000,OK,0.0000,396.3240,4.0000,96.0000,AG03-UNRESOLVED,ALL5_LEVELS_bet23_to_bet27,396.3240,396.3240,396.3240,396.3240,396.3240,4.000000,4.000000,4.000000,4.000000,4.000000,96.000000,96.000000,96.000000,96.000000,96.000000,5.0,1981.6200,1829.3058,7926.4800,8078.7942,PENDING_AG03,FALSE,NOT_FOR_ENFORCEMENT,9511.7760,503536.3200,9908.1000,9511.7760,396.3240,0.01730863,0.01661628,396.3240,9511.7760,0.01661628,396.3240,396.3240,396.3240,396.3240,396.3240,9511.7760,0.01661628,1981.6200,1829.3058,7926.4800,8078.7942,0.01384690,0.01411298,0.00069235,439.6598,403.1645,7.6158,471.8143,13.4438,27258.9048,61.9524,,439.6598,50.0,150.0,500.0,1000.0,2000.0,3959.9609,110.0,0.0,13.333333,26.39974,2.931065,29,147,15,4,0E-8,0.01730863,,0E-8,0.000000,0.916288,0.000000,,2026-05-21,2026-07-03,21,737,411,44,0.477273,,,0.000000,,,,,,,,GLOBAL_BASELINE_NO_ENTITY_RANKING,,,NOT_APPLICABLE_GLOBAL_BASELINE,HF9g-P5,,,,X 全窗基线 · 不参与实体赏罚,15057645,1506,A168_HF9F_20260827_0900,2026-08-27 09:00:00
2026-06-02,150345145,2108,0,60.0000000000,-60.0000000000,-60.0000000000,0E-7,1,1,0.49324550000000000,0.493245500000,-0.9865810262130424,-0.9865810262130424,-0.9865810262130424,0E-17,ELIGIBLE,R03b_20260811_FULL_v1,L1_ELIGIBILITY,v2026-08-11,2026-03-21..2026-08-06,baccarat_bet02_101_all_pairs_incl_sentinel,round_win = game_pnl > 0 (decisive only),COMPATIBILITY_ONLY_NOT_PRODUCTION,572437.0000,524517.0000,9908.1000,1302,1301,-0.01730863,,-0.01730863,-0.01730863,-9908.1000,572437.0000,OK,0.0000,396.3240,4.0000,96.0000,AG03-UNRESOLVED,ALL5_LEVELS_bet23_to_bet27,396.3240,396.3240,396.3240,396.3240,396.3240,4.000000,4.000000,4.000000,4.000000,4.000000,96.000000,96.000000,96.000000,96.000000,96.000000,5.0,1981.6200,1829.3058,7926.4800,8078.7942,PENDING_AG03,FALSE,NOT_FOR_ENFORCEMENT,9511.7760,503536.3200,9908.1000,9511.7760,396.3240,0.01730863,0.01661628,396.3240,9511.7760,0.01661628,396.3240,396.3240,396.3240,396.3240,396.3240,9511.7760,0.01661628,1981.6200,1829.3058,7926.4800,8078.7942,0.01384690,0.01411298,0.00069235,439.6598,403.1645,7.6158,471.8143,13.4438,27258.9048,61.9524,,439.6598,50.0,150.0,500.0,1000.0,2000.0,3959.9609,110.0,0.0,13.333333,26.39974,2.931065,29,147,15,4,0E-8,0.01730863,,0E-8,0.000000,0.916288,0.000000,,2026-05-21,2026-07-03,21,737,411,44,0.477273,,,0.000000,,,,,,,,GLOBAL_BASELINE_NO_ENTITY_RANKING,,,NOT_APPLICABLE_GLOBAL_BASELINE,HF9g-P5,,,,X 全窗基线 · 不参与实体赏罚,15057646,1506,A168_HF9F_20260827_0900,2026-08-27 09:00:00
2026-06-02,150345145,2153,0,40.0000000000,40.0000000000,40.0000000000,1.0000000,1,1,0.49324550000000000,0.493245500000,1.01360149184955,1.01360149184955,1.01360149184955,0E-17,ELIGIBLE,R03b_20260811_FULL_v1,L1_ELIGIBILITY,v2026-08-11,2026-03-21..2026-08-06,baccarat_bet02_101_all_pairs_incl_sentinel,round_win = game_pnl > 0 (decisive only),COMPATIBILITY_ONLY_NOT_PRODUCTION,572437.0000,524517.0000,9908.1000,1302,1301,-0.01730863,,-0.01730863,-0.01730863,-9908.1000,572437.0000,OK,0.0000,396.3240,4.0000,96.0000,AG03-UNRESOLVED,ALL5_LEVELS_bet23_to_bet27,396.3240,396.3240,396.3240,396.3240,396.3240,4.000000,4.000000,4.000000,4.000000,4.000000,96.000000,96.000000,96.000000,96.000000,96.000000,5.0,1981.6200,1829.3058,7926.4800,8078.7942,PENDING_AG03,FALSE,NOT_FOR_ENFORCEMENT,9511.7760,503536.3200,9908.1000,9511.7760,396.3240,0.01730863,0.01661628,396.3240,9511.7760,0.01661628,396.3240,396.3240,396.3240,396.3240,396.3240,9511.7760,0.01661628,1981.6200,1829.3058,7926.4800,8078.7942,0.01384690,0.01411298,0.00069235,439.6598,403.1645,7.6158,471.8143,13.4438,27258.9048,61.9524,,439.6598,50.0,150.0,500.0,1000.0,2000.0,3959.9609,110.0,0.0,13.333333,26.39974,2.931065,29,147,15,4,0E-8,0.01730863,,0E-8,0.000000,0.916288,0.000000,,2026-05-21,2026-07-03,21,737,411,44,0.477273,,,0.000000,,,,,,,,GLOBAL_BASELINE_NO_ENTITY_RANKING,,,NOT_APPLICABLE_GLOBAL_BASELINE,HF9g-P5,,,,X 全窗基线 · 不参与实体赏罚,15057647,1506,A168_HF9F_20260827_0900,2026-08-27 09:00:00
2026-06-02,150345145,2155,0,153.0000000000,73.0000000000,73.0000000000,0.7500000,4,4,0.49324550000000000,0.493245500000,1.0271117246678039,1.0271117246678039,1.0271117246678039,0E-17,ELIGIBLE,R03b_20260811_FULL_v1,L1_ELIGIBILITY,v2026-08-11,2026-03-21..2026-08-06,baccarat_bet02_101_all_pairs_incl_sentinel,round_win = game_pnl > 0 (decisive only),COMPATIBILITY_ONLY_NOT_PRODUCTION,572437.0000,524517.0000,9908.1000,1302,1301,-0.01730863,,-0.01730863,-0.01730863,-9908.1000,572437.0000,OK,0.0000,396.3240,4.0000,96.0000,AG03-UNRESOLVED,ALL5_LEVELS_bet23_to_bet27,396.3240,396.3240,396.3240,396.3240,396.3240,4.000000,4.000000,4.000000,4.000000,4.000000,96.000000,96.000000,96.000000,96.000000,96.000000,5.0,1981.6200,1829.3058,7926.4800,8078.7942,PENDING_AG03,FALSE,NOT_FOR_ENFORCEMENT,9511.7760,503536.3200,9908.1000,9511.7760,396.3240,0.01730863,0.01661628,396.3240,9511.7760,0.01661628,396.3240,396.3240,396.3240,396.3240,396.3240,9511.7760,0.01661628,1981.6200,1829.3058,7926.4800,8078.7942,0.01384690,0.01411298,0.00069235,439.6598,403.1645,7.6158,471.8143,13.4438,27258.9048,61.9524,,439.6598,50.0,150.0,500.0,1000.0,2000.0,3959.9609,110.0,0.0,13.333333,26.39974,2.931065,29,147,15,4,0E-8,0.01730863,,0E-8,0.000000,0.916288,0.000000,,2026-05-21,2026-07-03,21,737,411,44,0.477273,,,0.000000,,,,,,,,GLOBAL_BASELINE_NO_ENTITY_RANKING,,,NOT_APPLICABLE_GLOBAL_BASELINE,HF9g-P5,,,,X 全窗基线 · 不参与实体赏罚,15057648,1506,A168_HF9F_20260827_0900,2026-08-27 09:00:00
2026-06-02,150345145,2205,0,69.0000000000,4.0000000000,4.0000000000,0.5000000,3,3,0.49324550000000000,0.493245500000,0.01910635448239258,0.01910635448239258,0.01910635448239258,0E-17,ELIGIBLE,R03b_20260811_FULL_v1,L1_ELIGIBILITY,v2026-08-11,2026-03-21..2026-08-06,baccarat_bet02_101_all_pairs_incl_sentinel,round_win = game_pnl > 0 (decisive only),COMPATIBILITY_ONLY_NOT_PRODUCTION,572437.0000,524517.0000,9908.1000,1302,1301,-0.01730863,,-0.01730863,-0.01730863,-9908.1000,572437.0000,OK,0.0000,396.3240,4.0000,96.0000,AG03-UNRESOLVED,ALL5_LEVELS_bet23_to_bet27,396.3240,396.3240,396.3240,396.3240,396.3240,4.000000,4.000000,4.000000,4.000000,4.000000,96.000000,96.000000,96.000000,96.000000,96.000000,5.0,1981.6200,1829.3058,7926.4800,8078.7942,PENDING_AG03,FALSE,NOT_FOR_ENFORCEMENT,9511.7760,503536.3200,9908.1000,9511.7760,396.3240,0.01730863,0.01661628,396.3240,9511.7760,0.01661628,396.3240,396.3240,396.3240,396.3240,396.3240,9511.7760,0.01661628,1981.6200,1829.3058,7926.4800,8078.7942,0.01384690,0.01411298,0.00069235,439.6598,403.1645,7.6158,471.8143,13.4438,27258.9048,61.9524,,439.6598,50.0,150.0,500.0,1000.0,2000.0,3959.9609,110.0,0.0,13.333333,26.39974,2.931065,29,147,15,4,0E-8,0.01730863,,0E-8,0.000000,0.916288,0.000000,,2026-05-21,2026-07-03,21,737,411,44,0.477273,,,0.000000,,,,,,,,GLOBAL_BASELINE_NO_ENTITY_RANKING,,,NOT_APPLICABLE_GLOBAL_BASELINE,HF9g-P5,,,,X 全窗基线 · 不参与实体赏罚,15057649,1506,A168_HF9F_20260827_0900,2026-08-27 09:00:00
2026-06-02,150345145,2220,0,30.0000000000,30.0000000000,30.0000000000,1.0000000,1,1,0.49324550000000000,0.493245500000,1.01360149184955,1.01360149184955,1.01360149184955,0E-17,ELIGIBLE,R03b_20260811_FULL_v1,L1_ELIGIBILITY,v2026-08-11,2026-03-21..2026-08-06,baccarat_bet02_101_all_pairs_incl_sentinel,round_win = game_pnl > 0 (decisive only),COMPATIBILITY_ONLY_NOT_PRODUCTION,572437.0000,524517.0000,9908.1000,1302,1301,-0.01730863,,-0.01730863,-0.01730863,-9908.1000,572437.0000,OK,0.0000,396.3240,4.0000,96.0000,AG03-UNRESOLVED,ALL5_LEVELS_bet23_to_bet27,396.3240,396.3240,396.3240,396.3240,396.3240,4.000000,4.000000,4.000000,4.000000,4.000000,96.000000,96.000000,96.000000,96.000000,96.000000,5.0,1981.6200,1829.3058,7926.4800,8078.7942,PENDING_AG03,FALSE,NOT_FOR_ENFORCEMENT,9511.7760,503536.3200,9908.1000,9511.7760,396.3240,0.01730863,0.01661628,396.3240,9511.7760,0.01661628,396.3240,396.3240,396.3240,396.3240,396.3240,9511.7760,0.01661628,1981.6200,1829.3058,7926.4800,8078.7942,0.01384690,0.01411298,0.00069235,439.6598,403.1645,7.6158,471.8143,13.4438,27258.9048,61.9524,,439.6598,50.0,150.0,500.0,1000.0,2000.0,3959.9609,110.0,0.0,13.333333,26.39974,2.931065,29,147,15,4,0E-8,0.01730863,,0E-8,0.000000,0.916288,0.000000,,2026-05-21,2026-07-03,21,737,411,44,0.477273,,,0.000000,,,,,,,,GLOBAL_BASELINE_NO_ENTITY_RANKING,,,NOT_APPLICABLE_GLOBAL_BASELINE,HF9g-P5,,,,X 全窗基线 · 不参与实体赏罚,15057650,1506,A168_HF9F_20260827_0900,2026-08-27 09:00:00
2026-06-02,150345145,2229,0,20.0000000000,0E-10,0E-10,,1,1,0.49324550000000000,0.493245500000,,,,0E-17,NO_DECISIVE_ROUND,R03b_20260811_FULL_v1,L1_ELIGIBILITY,v2026-08-11,2026-03-21..2026-08-06,baccarat_bet02_101_all_pairs_incl_sentinel,round_win = game_pnl > 0 (decisive only),COMPATIBILITY_ONLY_NOT_PRODUCTION,572437.0000,524517.0000,9908.1000,1302,1301,-0.01730863,,-0.01730863,-0.01730863,-9908.1000,572437.0000,OK,0.0000,396.3240,4.0000,96.0000,AG03-UNRESOLVED,ALL5_LEVELS_bet23_to_bet27,396.3240,396.3240,396.3240,396.3240,396.3240,4.000000,4.000000,4.000000,4.000000,4.000000,96.000000,96.000000,96.000000,96.000000,96.000000,5.0,1981.6200,1829.3058,7926.4800,8078.7942,PENDING_AG03,FALSE,NOT_FOR_ENFORCEMENT,9511.7760,503536.3200,9908.1000,9511.7760,396.3240,0.01730863,0.01661628,396.3240,9511.7760,0.01661628,396.3240,396.3240,396.3240,396.3240,396.3240,9511.7760,0.01661628,1981.6200,1829.3058,7926.4800,8078.7942,0.01384690,0.01411298,0.00069235,439.6598,403.1645,7.6158,471.8143,13.4438,27258.9048,61.9524,,439.6598,50.0,150.0,500.0,1000.0,2000.0,3959.9609,110.0,0.0,13.333333,26.39974,2.931065,29,147,15,4,0E-8,0.01730863,,0E-8,0.000000,0.916288,0.000000,,2026-05-21,2026-07-03,21,737,411,44,0.477273,,,0.000000,,,,,,,,GLOBAL_BASELINE_NO_ENTITY_RANKING,,,NOT_APPLICABLE_GLOBAL_BASELINE,HF9g-P5,,,,X 全窗基线 · 不参与实体赏罚,15057651,1506,A168_HF9F_20260827_0900,2026-08-27 09:00:00
2026-06-02,150345145,2233,0,150.0000000000,150.0000000000,150.0000000000,1.0000000,1,1,0.49324550000000000,0.493245500000,1.01360149184955,1.01360149184955,1.01360149184955,0E-17,ELIGIBLE,R03b_20260811_FULL_v1,L1_ELIGIBILITY,v2026-08-11,2026-03-21..2026-08-06,baccarat_bet02_101_all_pairs_incl_sentinel,round_win = game_pnl > 0 (decisive only),COMPATIBILITY_ONLY_NOT_PRODUCTION,572437.0000,524517.0000,9908.1000,1302,1301,-0.01730863,,-0.01730863,-0.01730863,-9908.1000,572437.0000,OK,0.0000,396.3240,4.0000,96.0000,AG03-UNRESOLVED,ALL5_LEVELS_bet23_to_bet27,396.3240,396.3240,396.3240,396.3240,396.3240,4.000000,4.000000,4.000000,4.000000,4.000000,96.000000,96.000000,96.000000,96.000000,96.000000,5.0,1981.6200,1829.3058,7926.4800,8078.7942,PENDING_AG03,FALSE,NOT_FOR_ENFORCEMENT,9511.7760,503536.3200,9908.1000,9511.7760,396.3240,0.01730863,0.01661628,396.3240,9511.7760,0.01661628,396.3240,396.3240,396.3240,396.3240,396.3240,9511.7760,0.01661628,1981.6200,1829.3058,7926.4800,8078.7942,0.01384690,0.01411298,0.00069235,439.6598,403.1645,7.6158,471.8143,13.4438,27258.9048,61.9524,,439.6598,50.0,150.0,500.0,1000.0,2000.0,3959.9609,110.0,0.0,13.333333,26.39974,2.931065,29,147,15,4,0E-8,0.01730863,,0E-8,0.000000,0.916288,0.000000,,2026-05-21,2026-07-03,21,737,411,44,0.477273,,,0.000000,,,,,,,,GLOBAL_BASELINE_NO_ENTITY_RANKING,,,NOT_APPLICABLE_GLOBAL_BASELINE,HF9g-P5,,,,X 全窗基线 · 不参与实体赏罚,15057652,1506,A168_HF9F_20260827_0900,2026-08-27 09:00:00
2026-06-02,150345145,2267,0,40.0000000000,-40.0000000000,-40.0000000000,0E-7,1,1,0.49324550000000000,0.493245500000,-0.9865810262130424,-0.9865810262130424,-0.9865810262130424,0E-17,ELIGIBLE,R03b_20260811_FULL_v1,L1_ELIGIBILITY,v2026-08-11,2026-03-21..2026-08-06,baccarat_bet02_101_all_pairs_incl_sentinel,round_win = game_pnl > 0 (decisive only),COMPATIBILITY_ONLY_NOT_PRODUCTION,572437.0000,524517.0000,9908.1000,1302,1301,-0.01730863,,-0.01730863,-0.01730863,-9908.1000,572437.0000,OK,0.0000,396.3240,4.0000,96.0000,AG03-UNRESOLVED,ALL5_LEVELS_bet23_to_bet27,396.3240,396.3240,396.3240,396.3240,396.3240,4.000000,4.000000,4.000000,4.000000,4.000000,96.000000,96.000000,96.000000,96.000000,96.000000,5.0,1981.6200,1829.3058,7926.4800,8078.7942,PENDING_AG03,FALSE,NOT_FOR_ENFORCEMENT,9511.7760,503536.3200,9908.1000,9511.7760,396.3240,0.01730863,0.01661628,396.3240,9511.7760,0.01661628,396.3240,396.3240,396.3240,396.3240,396.3240,9511.7760,0.01661628,1981.6200,1829.3058,7926.4800,8078.7942,0.01384690,0.01411298,0.00069235,439.6598,403.1645,7.6158,471.8143,13.4438,27258.9048,61.9524,,439.6598,50.0,150.0,500.0,1000.0,2000.0,3959.9609,110.0,0.0,13.333333,26.39974,2.931065,29,147,15,4,0E-8,0.01730863,,0E-8,0.000000,0.916288,0.000000,,2026-05-21,2026-07-03,21,737,411,44,0.477273,,,0.000000,,,,,,,,GLOBAL_BASELINE_NO_ENTITY_RANKING,,,NOT_APPLICABLE_GLOBAL_BASELINE,HF9g-P5,,,,X 全窗基线 · 不参与实体赏罚,15057653,1506,A168_HF9F_20260827_0900,2026-08-27 09:00:00
2026-06-02,150345145,763,0,50.0000000000,50.0000000000,50.0000000000,1.0000000,1,1,0.49324550000000000,0.493245500000,1.01360149184955,1.01360149184955,1.01360149184955,0E-17,ELIGIBLE,R03b_20260811_FULL_v1,L1_ELIGIBILITY,v2026-08-11,2026-03-21..2026-08-06,baccarat_bet02_101_all_pairs_incl_sentinel,round_win = game_pnl > 0 (decisive only),COMPATIBILITY_ONLY_NOT_PRODUCTION,572437.0000,524517.0000,9908.1000,1302,1301,-0.01730863,,-0.01730863,-0.01730863,-9908.1000,572437.0000,OK,0.0000,396.3240,4.0000,96.0000,AG03-UNRESOLVED,ALL5_LEVELS_bet23_to_bet27,396.3240,396.3240,396.3240,396.3240,396.3240,4.000000,4.000000,4.000000,4.000000,4.000000,96.000000,96.000000,96.000000,96.000000,96.000000,5.0,1981.6200,1829.3058,7926.4800,8078.7942,PENDING_AG03,FALSE,NOT_FOR_ENFORCEMENT,9511.7760,503536.3200,9908.1000,9511.7760,396.3240,0.01730863,0.01661628,396.3240,9511.7760,0.01661628,396.3240,396.3240,396.3240,396.3240,396.3240,9511.7760,0.01661628,1981.6200,1829.3058,7926.4800,8078.7942,0.01384690,0.01411298,0.00069235,439.6598,403.1645,7.6158,471.8143,13.4438,27258.9048,61.9524,,439.6598,50.0,150.0,500.0,1000.0,2000.0,3959.9609,110.0,0.0,13.333333,26.39974,2.931065,29,147,15,4,0E-8,0.01730863,,0E-8,0.000000,0.916288,0.000000,,2026-05-21,2026-07-03,21,737,411,44,0.477273,,,0.000000,,,,,,,,GLOBAL_BASELINE_NO_ENTITY_RANKING,,,NOT_APPLICABLE_GLOBAL_BASELINE,HF9g-P5,,,,X 全窗基线 · 不参与实体赏罚,15057654,1506,A168_HF9F_20260827_0900,2026-08-27 09:00:00
2026-06-03,150345145,-1,1,1157.0000000000,-437.0000000000,-437.0000000000,0.2307692,14,14,0.49324550000000000,0.493245500000,-1.8929160245276175,-1.8929160245276173,-1.8929160245276175,0E-17,SENTINEL_DEALER,R03b_20260811_FULL_v1,L1_ELIGIBILITY,v2026-08-11,2026-03-21..2026-08-06,baccarat_bet02_101_all_pairs_incl_sentinel,round_win = game_pnl > 0 (decisive only),COMPATIBILITY_ONLY_NOT_PRODUCTION,572437.0000,524517.0000,9908.1000,1302,1301,-0.01730863,,-0.01730863,-0.01730863,-9908.1000,572437.0000,OK,0.0000,396.3240,4.0000,96.0000,AG03-UNRESOLVED,ALL5_LEVELS_bet23_to_bet27,396.3240,396.3240,396.3240,396.3240,396.3240,4.000000,4.000000,4.000000,4.000000,4.000000,96.000000,96.000000,96.000000,96.000000,96.000000,5.0,1981.6200,1829.3058,7926.4800,8078.7942,PENDING_AG03,FALSE,NOT_FOR_ENFORCEMENT,9511.7760,503536.3200,9908.1000,9511.7760,396.3240,0.01730863,0.01661628,396.3240,9511.7760,0.01661628,396.3240,396.3240,396.3240,396.3240,396.3240,9511.7760,0.01661628,1981.6200,1829.3058,7926.4800,8078.7942,0.01384690,0.01411298,0.00069235,439.6598,403.1645,7.6158,471.8143,13.4438,27258.9048,61.9524,,439.6598,50.0,150.0,500.0,1000.0,2000.0,3959.9609,110.0,0.0,13.333333,26.39974,2.931065,29,147,15,4,0E-8,0.01730863,,0E-8,0.000000,0.916288,0.000000,,2026-05-21,2026-07-03,21,737,411,44,0.477273,,,0.000000,,,,,,,,GLOBAL_BASELINE_NO_ENTITY_RANKING,,,NOT_APPLICABLE_GLOBAL_BASELINE,HF9g-P5,,,,X 全窗基线 · 不参与实体赏罚,15057655,1506,A168_HF9F_20260827_0900,2026-08-27 09:00:00
2026-06-03,150345145,1094,0,100.0000000000,100.0000000000,100.0000000000,1.0000000,1,1,0.49324550000000000,0.493245500000,1.01360149184955,1.01360149184955,1.01360149184955,0E-17,ELIGIBLE,R03b_20260811_FULL_v1,L1_ELIGIBILITY,v2026-08-11,2026-03-21..2026-08-06,baccarat_bet02_101_all_pairs_incl_sentinel,round_win = game_pnl > 0 (decisive only),COMPATIBILITY_ONLY_NOT_PRODUCTION,572437.0000,524517.0000,9908.1000,1302,1301,-0.01730863,,-0.01730863,-0.01730863,-9908.1000,572437.0000,OK,0.0000,396.3240,4.0000,96.0000,AG03-UNRESOLVED,ALL5_LEVELS_bet23_to_bet27,396.3240,396.3240,396.3240,396.3240,396.3240,4.000000,4.000000,4.000000,4.000000,4.000000,96.000000,96.000000,96.000000,96.000000,96.000000,5.0,1981.6200,1829.3058,7926.4800,8078.7942,PENDING_AG03,FALSE,NOT_FOR_ENFORCEMENT,9511.7760,503536.3200,9908.1000,9511.7760,396.3240,0.01730863,0.01661628,396.3240,9511.7760,0.01661628,396.3240,396.3240,396.3240,396.3240,396.3240,9511.7760,0.01661628,1981.6200,1829.3058,7926.4800,8078.7942,0.01384690,0.01411298,0.00069235,439.6598,403.1645,7.6158,471.8143,13.4438,27258.9048,61.9524,,439.6598,50.0,150.0,500.0,1000.0,2000.0,3959.9609,110.0,0.0,13.333333,26.39974,2.931065,29,147,15,4,0E-8,0.01730863,,0E-8,0.000000,0.916288,0.000000,,2026-05-21,2026-07-03,21,737,411,44,0.477273,,,0.000000,,,,,,,,GLOBAL_BASELINE_NO_ENTITY_RANKING,,,NOT_APPLICABLE_GLOBAL_BASELINE,HF9g-P5,,,,X 全窗基线 · 不参与实体赏罚,15057656,1506,A168_HF9F_20260827_0900,2026-08-27 09:00:00
2026-06-03,150345145,1302,0,600.0000000000,-400.0000000000,-400.0000000000,0.2500000,4,4,0.49324550000000000,0.493245500000,-0.9730707933947887,-0.9730707933947887,-0.9730707933947887,0E-17,ELIGIBLE,R03b_20260811_FULL_v1,L1_ELIGIBILITY,v2026-08-11,2026-03-21..2026-08-06,baccarat_bet02_101_all_pairs_incl_sentinel,round_win = game_pnl > 0 (decisive only),COMPATIBILITY_ONLY_NOT_PRODUCTION,572437.0000,524517.0000,9908.1000,1302,1301,-0.01730863,,-0.01730863,-0.01730863,-9908.1000,572437.0000,OK,0.0000,396.3240,4.0000,96.0000,AG03-UNRESOLVED,ALL5_LEVELS_bet23_to_bet27,396.3240,396.3240,396.3240,396.3240,396.3240,4.000000,4.000000,4.000000,4.000000,4.000000,96.000000,96.000000,96.000000,96.000000,96.000000,5.0,1981.6200,1829.3058,7926.4800,8078.7942,PENDING_AG03,FALSE,NOT_FOR_ENFORCEMENT,9511.7760,503536.3200,9908.1000,9511.7760,396.3240,0.01730863,0.01661628,396.3240,9511.7760,0.01661628,396.3240,396.3240,396.3240,396.3240,396.3240,9511.7760,0.01661628,1981.6200,1829.3058,7926.4800,8078.7942,0.01384690,0.01411298,0.00069235,439.6598,403.1645,7.6158,471.8143,13.4438,27258.9048,61.9524,,439.6598,50.0,150.0,500.0,1000.0,2000.0,3959.9609,110.0,0.0,13.333333,26.39974,2.931065,29,147,15,4,0E-8,0.01730863,,0E-8,0.000000,0.916288,0.000000,,2026-05-21,2026-07-03,21,737,411,44,0.477273,,,0.000000,,,,,,,,GLOBAL_BASELINE_NO_ENTITY_RANKING,,,NOT_APPLICABLE_GLOBAL_BASELINE,HF9g-P5,,,,X 全窗基线 · 不参与实体赏罚,15057657,1506,A168_HF9F_20260827_0900,2026-08-27 09:00:00
2026-06-03,150345145,1323,0,50.0000000000,-50.0000000000,-50.0000000000,0E-7,1,1,0.49324550000000000,0.493245500000,-0.9865810262130424,-0.9865810262130424,-0.9865810262130424,0E-17,ELIGIBLE,R03b_20260811_FULL_v1,L1_ELIGIBILITY,v2026-08-11,2026-03-21..2026-08-06,baccarat_bet02_101_all_pairs_incl_sentinel,round_win = game_pnl > 0 (decisive only),COMPATIBILITY_ONLY_NOT_PRODUCTION,572437.0000,524517.0000,9908.1000,1302,1301,-0.01730863,,-0.01730863,-0.01730863,-9908.1000,572437.0000,OK,0.0000,396.3240,4.0000,96.0000,AG03-UNRESOLVED,ALL5_LEVELS_bet23_to_bet27,396.3240,396.3240,396.3240,396.3240,396.3240,4.000000,4.000000,4.000000,4.000000,4.000000,96.000000,96.000000,96.000000,96.000000,96.000000,5.0,1981.6200,1829.3058,7926.4800,8078.7942,PENDING_AG03,FALSE,NOT_FOR_ENFORCEMENT,9511.7760,503536.3200,9908.1000,9511.7760,396.3240,0.01730863,0.01661628,396.3240,9511.7760,0.01661628,396.3240,396.3240,396.3240,396.3240,396.3240,9511.7760,0.01661628,1981.6200,1829.3058,7926.4800,8078.7942,0.01384690,0.01411298,0.00069235,439.6598,403.1645,7.6158,471.8143,13.4438,27258.9048,61.9524,,439.6598,50.0,150.0,500.0,1000.0,2000.0,3959.9609,110.0,0.0,13.333333,26.39974,2.931065,29,147,15,4,0E-8,0.01730863,,0E-8,0.000000,0.916288,0.000000,,2026-05-21,2026-07-03,21,737,411,44,0.477273,,,0.000000,,,,,,,,GLOBAL_BASELINE_NO_ENTITY_RANKING,,,NOT_APPLICABLE_GLOBAL_BASELINE,HF9g-P5,,,,X 全窗基线 · 不参与实体赏罚,15057658,1506,A168_HF9F_20260827_0900,2026-08-27 09:00:00
2026-06-03,150345145,1383,0,17.0000000000,17.0000000000,17.0000000000,1.0000000,1,1,0.49324550000000000,0.493245500000,1.01360149184955,1.01360149184955,1.01360149184955,0E-17,ELIGIBLE,R03b_20260811_FULL_v1,L1_ELIGIBILITY,v2026-08-11,2026-03-21..2026-08-06,baccarat_bet02_101_all_pairs_incl_sentinel,round_win = game_pnl > 0 (decisive only),COMPATIBILITY_ONLY_NOT_PRODUCTION,572437.0000,524517.0000,9908.1000,1302,1301,-0.01730863,,-0.01730863,-0.01730863,-9908.1000,572437.0000,OK,0.0000,396.3240,4.0000,96.0000,AG03-UNRESOLVED,ALL5_LEVELS_bet23_to_bet27,396.3240,396.3240,396.3240,396.3240,396.3240,4.000000,4.000000,4.000000,4.000000,4.000000,96.000000,96.000000,96.000000,96.000000,96.000000,5.0,1981.6200,1829.3058,7926.4800,8078.7942,PENDING_AG03,FALSE,NOT_FOR_ENFORCEMENT,9511.7760,503536.3200,9908.1000,9511.7760,396.3240,0.01730863,0.01661628,396.3240,9511.7760,0.01661628,396.3240,396.3240,396.3240,396.3240,396.3240,9511.7760,0.01661628,1981.6200,1829.3058,7926.4800,8078.7942,0.01384690,0.01411298,0.00069235,439.6598,403.1645,7.6158,471.8143,13.4438,27258.9048,61.9524,,439.6598,50.0,150.0,500.0,1000.0,2000.0,3959.9609,110.0,0.0,13.333333,26.39974,2.931065,29,147,15,4,0E-8,0.01730863,,0E-8,0.000000,0.916288,0.000000,,2026-05-21,2026-07-03,21,737,411,44,0.477273,,,0.000000,,,,,,,,GLOBAL_BASELINE_NO_ENTITY_RANKING,,,NOT_APPLICABLE_GLOBAL_BASELINE,HF9g-P5,,,,X 全窗基线 · 不参与实体赏罚,15057659,1506,A168_HF9F_20260827_0900,2026-08-27 09:00:00
2026-06-03,150345145,1405,0,50.0000000000,50.0000000000,50.0000000000,1.0000000,1,1,0.49324550000000000,0.493245500000,1.01360149184955,1.01360149184955,1.01360149184955,0E-17,ELIGIBLE,R03b_20260811_FULL_v1,L1_ELIGIBILITY,v2026-08-11,2026-03-21..2026-08-06,baccarat_bet02_101_all_pairs_incl_sentinel,round_win = game_pnl > 0 (decisive only),COMPATIBILITY_ONLY_NOT_PRODUCTION,572437.0000,524517.0000,9908.1000,1302,1301,-0.01730863,,-0.01730863,-0.01730863,-9908.1000,572437.0000,OK,0.0000,396.3240,4.0000,96.0000,AG03-UNRESOLVED,ALL5_LEVELS_bet23_to_bet27,396.3240,396.3240,396.3240,396.3240,396.3240,4.000000,4.000000,4.000000,4.000000,4.000000,96.000000,96.000000,96.000000,96.000000,96.000000,5.0,1981.6200,1829.3058,7926.4800,8078.7942,PENDING_AG03,FALSE,NOT_FOR_ENFORCEMENT,9511.7760,503536.3200,9908.1000,9511.7760,396.3240,0.01730863,0.01661628,396.3240,9511.7760,0.01661628,396.3240,396.3240,396.3240,396.3240,396.3240,9511.7760,0.01661628,1981.6200,1829.3058,7926.4800,8078.7942,0.01384690,0.01411298,0.00069235,439.6598,403.1645,7.6158,471.8143,13.4438,27258.9048,61.9524,,439.6598,50.0,150.0,500.0,1000.0,2000.0,3959.9609,110.0,0.0,13.333333,26.39974,2.931065,29,147,15,4,0E-8,0.01730863,,0E-8,0.000000,0.916288,0.000000,,2026-05-21,2026-07-03,21,737,411,44,0.477273,,,0.000000,,,,,,,,GLOBAL_BASELINE_NO_ENTITY_RANKING,,,NOT_APPLICABLE_GLOBAL_BASELINE,HF9g-P5,,,,X 全窗基线 · 不参与实体赏罚,15057660,1506,A168_HF9F_20260827_0900,2026-08-27 09:00:00
2026-06-03,150345145,1490,0,11.0000000000,-11.0000000000,-11.0000000000,0E-7,1,1,0.50665070000000000,0.506650700000,-1.013391052207602,-1.013391052207602,-1.013391052207602,0E-17,ELIGIBLE,R03b_20260811_FULL_v1,L1_ELIGIBILITY,v2026-08-11,2026-03-21..2026-08-06,baccarat_bet02_101_all_pairs_incl_sentinel,round_win = game_pnl > 0 (decisive only),COMPATIBILITY_ONLY_NOT_PRODUCTION,572437.0000,524517.0000,9908.1000,1302,1301,-0.01730863,,-0.01730863,-0.01730863,-9908.1000,572437.0000,OK,0.0000,396.3240,4.0000,96.0000,AG03-UNRESOLVED,ALL5_LEVELS_bet23_to_bet27,396.3240,396.3240,396.3240,396.3240,396.3240,4.000000,4.000000,4.000000,4.000000,4.000000,96.000000,96.000000,96.000000,96.000000,96.000000,5.0,1981.6200,1829.3058,7926.4800,8078.7942,PENDING_AG03,FALSE,NOT_FOR_ENFORCEMENT,9511.7760,503536.3200,9908.1000,9511.7760,396.3240,0.01730863,0.01661628,396.3240,9511.7760,0.01661628,396.3240,396.3240,396.3240,396.3240,396.3240,9511.7760,0.01661628,1981.6200,1829.3058,7926.4800,8078.7942,0.01384690,0.01411298,0.00069235,439.6598,403.1645,7.6158,471.8143,13.4438,27258.9048,61.9524,,439.6598,50.0,150.0,500.0,1000.0,2000.0,3959.9609,110.0,0.0,13.333333,26.39974,2.931065,29,147,15,4,0E-8,0.01730863,,0E-8,0.000000,0.916288,0.000000,,2026-05-21,2026-07-03,21,737,411,44,0.477273,,,0.000000,,,,,,,,GLOBAL_BASELINE_NO_ENTITY_RANKING,,,NOT_APPLICABLE_GLOBAL_BASELINE,HF9g-P5,,,,X 全窗基线 · 不参与实体赏罚,15057661,1506,A168_HF9F_20260827_0900,2026-08-27 09:00:00
2026-06-03,150345145,1957,0,150.0000000000,150.0000000000,150.0000000000,1.0000000,1,1,0.49324550000000000,0.493245500000,1.01360149184955,1.01360149184955,1.01360149184955,0E-17,ELIGIBLE,R03b_20260811_FULL_v1,L1_ELIGIBILITY,v2026-08-11,2026-03-21..2026-08-06,baccarat_bet02_101_all_pairs_incl_sentinel,round_win = game_pnl > 0 (decisive only),COMPATIBILITY_ONLY_NOT_PRODUCTION,572437.0000,524517.0000,9908.1000,1302,1301,-0.01730863,,-0.01730863,-0.01730863,-9908.1000,572437.0000,OK,0.0000,396.3240,4.0000,96.0000,AG03-UNRESOLVED,ALL5_LEVELS_bet23_to_bet27,396.3240,396.3240,396.3240,396.3240,396.3240,4.000000,4.000000,4.000000,4.000000,4.000000,96.000000,96.000000,96.000000,96.000000,96.000000,5.0,1981.6200,1829.3058,7926.4800,8078.7942,PENDING_AG03,FALSE,NOT_FOR_ENFORCEMENT,9511.7760,503536.3200,9908.1000,9511.7760,396.3240,0.01730863,0.01661628,396.3240,9511.7760,0.01661628,396.3240,396.3240,396.3240,396.3240,396.3240,9511.7760,0.01661628,1981.6200,1829.3058,7926.4800,8078.7942,0.01384690,0.01411298,0.00069235,439.6598,403.1645,7.6158,471.8143,13.4438,27258.9048,61.9524,,439.6598,50.0,150.0,500.0,1000.0,2000.0,3959.9609,110.0,0.0,13.333333,26.39974,2.931065,29,147,15,4,0E-8,0.01730863,,0E-8,0.000000,0.916288,0.000000,,2026-05-21,2026-07-03,21,737,411,44,0.477273,,,0.000000,,,,,,,,GLOBAL_BASELINE_NO_ENTITY_RANKING,,,NOT_APPLICABLE_GLOBAL_BASELINE,HF9g-P5,,,,X 全窗基线 · 不参与实体赏罚,15057662,1506,A168_HF9F_20260827_0900,2026-08-27 09:00:00
2026-06-03,150345145,1963,0,180.0000000000,-20.0000000000,-20.0000000000,0.5000000,2,2,0.49324550000000000,0.493245500000,0.01910635448239258,0.01910635448239258,0.01910635448239258,0E-17,ELIGIBLE,R03b_20260811_FULL_v1,L1_ELIGIBILITY,v2026-08-11,2026-03-21..2026-08-06,baccarat_bet02_101_all_pairs_incl_sentinel,round_win = game_pnl > 0 (decisive only),COMPATIBILITY_ONLY_NOT_PRODUCTION,572437.0000,524517.0000,9908.1000,1302,1301,-0.01730863,,-0.01730863,-0.01730863,-9908.1000,572437.0000,OK,0.0000,396.3240,4.0000,96.0000,AG03-UNRESOLVED,ALL5_LEVELS_bet23_to_bet27,396.3240,396.3240,396.3240,396.3240,396.3240,4.000000,4.000000,4.000000,4.000000,4.000000,96.000000,96.000000,96.000000,96.000000,96.000000,5.0,1981.6200,1829.3058,7926.4800,8078.7942,PENDING_AG03,FALSE,NOT_FOR_ENFORCEMENT,9511.7760,503536.3200,9908.1000,9511.7760,396.3240,0.01730863,0.01661628,396.3240,9511.7760,0.01661628,396.3240,396.3240,396.3240,396.3240,396.3240,9511.7760,0.01661628,1981.6200,1829.3058,7926.4800,8078.7942,0.01384690,0.01411298,0.00069235,439.6598,403.1645,7.6158,471.8143,13.4438,27258.9048,61.9524,,439.6598,50.0,150.0,500.0,1000.0,2000.0,3959.9609,110.0,0.0,13.333333,26.39974,2.931065,29,147,15,4,0E-8,0.01730863,,0E-8,0.000000,0.916288,0.000000,,2026-05-21,2026-07-03,21,737,411,44,0.477273,,,0.000000,,,,,,,,GLOBAL_BASELINE_NO_ENTITY_RANKING,,,NOT_APPLICABLE_GLOBAL_BASELINE,HF9g-P5,,,,X 全窗基线 · 不参与实体赏罚,15057663,1506,A168_HF9F_20260827_0900,2026-08-27 09:00:00
2026-06-03,150345145,2123,0,182.0000000000,42.0000000000,42.0000000000,1.0000000,2,2,0.49324550000000000,0.493245500000,1.01360149184955,1.01360149184955,1.01360149184955,0E-17,ELIGIBLE,R03b_20260811_FULL_v1,L1_ELIGIBILITY,v2026-08-11,2026-03-21..2026-08-06,baccarat_bet02_101_all_pairs_incl_sentinel,round_win = game_pnl > 0 (decisive only),COMPATIBILITY_ONLY_NOT_PRODUCTION,572437.0000,524517.0000,9908.1000,1302,1301,-0.01730863,,-0.01730863,-0.01730863,-9908.1000,572437.0000,OK,0.0000,396.3240,4.0000,96.0000,AG03-UNRESOLVED,ALL5_LEVELS_bet23_to_bet27,396.3240,396.3240,396.3240,396.3240,396.3240,4.000000,4.000000,4.000000,4.000000,4.000000,96.000000,96.000000,96.000000,96.000000,96.000000,5.0,1981.6200,1829.3058,7926.4800,8078.7942,PENDING_AG03,FALSE,NOT_FOR_ENFORCEMENT,9511.7760,503536.3200,9908.1000,9511.7760,396.3240,0.01730863,0.01661628,396.3240,9511.7760,0.01661628,396.3240,396.3240,396.3240,396.3240,396.3240,9511.7760,0.01661628,1981.6200,1829.3058,7926.4800,8078.7942,0.01384690,0.01411298,0.00069235,439.6598,403.1645,7.6158,471.8143,13.4438,27258.9048,61.9524,,439.6598,50.0,150.0,500.0,1000.0,2000.0,3959.9609,110.0,0.0,13.333333,26.39974,2.931065,29,147,15,4,0E-8,0.01730863,,0E-8,0.000000,0.916288,0.000000,,2026-05-21,2026-07-03,21,737,411,44,0.477273,,,0.000000,,,,,,,,GLOBAL_BASELINE_NO_ENTITY_RANKING,,,NOT_APPLICABLE_GLOBAL_BASELINE,HF9g-P5,,,,X 全窗基线 · 不参与实体赏罚,15057664,1506,A168_HF9F_20260827_0900,2026-08-27 09:00:00
2026-06-03,150345145,2130,0,7.0000000000,-7.0000000000,-7.0000000000,0E-7,1,1,0.49324550000000000,0.493245500000,-0.9865810262130424,-0.9865810262130424,-0.9865810262130424,0E-17,ELIGIBLE,R03b_20260811_FULL_v1,L1_ELIGIBILITY,v2026-08-11,2026-03-21..2026-08-06,baccarat_bet02_101_all_pairs_incl_sentinel,round_win = game_pnl > 0 (decisive only),COMPATIBILITY_ONLY_NOT_PRODUCTION,572437.0000,524517.0000,9908.1000,1302,1301,-0.01730863,,-0.01730863,-0.01730863,-9908.1000,572437.0000,OK,0.0000,396.3240,4.0000,96.0000,AG03-UNRESOLVED,ALL5_LEVELS_bet23_to_bet27,396.3240,396.3240,396.3240,396.3240,396.3240,4.000000,4.000000,4.000000,4.000000,4.000000,96.000000,96.000000,96.000000,96.000000,96.000000,5.0,1981.6200,1829.3058,7926.4800,8078.7942,PENDING_AG03,FALSE,NOT_FOR_ENFORCEMENT,9511.7760,503536.3200,9908.1000,9511.7760,396.3240,0.01730863,0.01661628,396.3240,9511.7760,0.01661628,396.3240,396.3240,396.3240,396.3240,396.3240,9511.7760,0.01661628,1981.6200,1829.3058,7926.4800,8078.7942,0.01384690,0.01411298,0.00069235,439.6598,403.1645,7.6158,471.8143,13.4438,27258.9048,61.9524,,439.6598,50.0,150.0,500.0,1000.0,2000.0,3959.9609,110.0,0.0,13.333333,26.39974,2.931065,29,147,15,4,0E-8,0.01730863,,0E-8,0.000000,0.916288,0.000000,,2026-05-21,2026-07-03,21,737,411,44,0.477273,,,0.000000,,,,,,,,GLOBAL_BASELINE_NO_ENTITY_RANKING,,,NOT_APPLICABLE_GLOBAL_BASELINE,HF9g-P5,,,,X 全窗基线 · 不参与实体赏罚,15057665,1506,A168_HF9F_20260827_0900,2026-08-27 09:00:00
2026-06-03,150345145,2147,0,236.0000000000,236.0000000000,236.0000000000,1.0000000,3,3,0.49324550000000000,0.493245500000,1.755609282511032,1.7556092825110319,1.755609282511032,0E-17,ELIGIBLE,R03b_20260811_FULL_v1,L1_ELIGIBILITY,v2026-08-11,2026-03-21..2026-08-06,baccarat_bet02_101_all_pairs_incl_sentinel,round_win = game_pnl > 0 (decisive only),COMPATIBILITY_ONLY_NOT_PRODUCTION,572437.0000,524517.0000,9908.1000,1302,1301,-0.01730863,,-0.01730863,-0.01730863,-9908.1000,572437.0000,OK,0.0000,396.3240,4.0000,96.0000,AG03-UNRESOLVED,ALL5_LEVELS_bet23_to_bet27,396.3240,396.3240,396.3240,396.3240,396.3240,4.000000,4.000000,4.000000,4.000000,4.000000,96.000000,96.000000,96.000000,96.000000,96.000000,5.0,1981.6200,1829.3058,7926.4800,8078.7942,PENDING_AG03,FALSE,NOT_FOR_ENFORCEMENT,9511.7760,503536.3200,9908.1000,9511.7760,396.3240,0.01730863,0.01661628,396.3240,9511.7760,0.01661628,396.3240,396.3240,396.3240,396.3240,396.3240,9511.7760,0.01661628,1981.6200,1829.3058,7926.4800,8078.7942,0.01384690,0.01411298,0.00069235,439.6598,403.1645,7.6158,471.8143,13.4438,27258.9048,61.9524,,439.6598,50.0,150.0,500.0,1000.0,2000.0,3959.9609,110.0,0.0,13.333333,26.39974,2.931065,29,147,15,4,0E-8,0.01730863,,0E-8,0.000000,0.916288,0.000000,,2026-05-21,2026-07-03,21,737,411,44,0.477273,,,0.000000,,,,,,,,GLOBAL_BASELINE_NO_ENTITY_RANKING,,,NOT_APPLICABLE_GLOBAL_BASELINE,HF9g-P5,,,,X 全窗基线 · 不参与实体赏罚,15057666,1506,A168_HF9F_20260827_0900,2026-08-27 09:00:00
2026-06-03,150345145,2205,0,30.0000000000,30.0000000000,30.0000000000,1.0000000,1,1,0.49324550000000000,0.493245500000,1.01360149184955,1.01360149184955,1.01360149184955,0E-17,ELIGIBLE,R03b_20260811_FULL_v1,L1_ELIGIBILITY,v2026-08-11,2026-03-21..2026-08-06,baccarat_bet02_101_all_pairs_incl_sentinel,round_win = game_pnl > 0 (decisive only),COMPATIBILITY_ONLY_NOT_PRODUCTION,572437.0000,524517.0000,9908.1000,1302,1301,-0.01730863,,-0.01730863,-0.01730863,-9908.1000,572437.0000,OK,0.0000,396.3240,4.0000,96.0000,AG03-UNRESOLVED,ALL5_LEVELS_bet23_to_bet27,396.3240,396.3240,396.3240,396.3240,396.3240,4.000000,4.000000,4.000000,4.000000,4.000000,96.000000,96.000000,96.000000,96.000000,96.000000,5.0,1981.6200,1829.3058,7926.4800,8078.7942,PENDING_AG03,FALSE,NOT_FOR_ENFORCEMENT,9511.7760,503536.3200,9908.1000,9511.7760,396.3240,0.01730863,0.01661628,396.3240,9511.7760,0.01661628,396.3240,396.3240,396.3240,396.3240,396.3240,9511.7760,0.01661628,1981.6200,1829.3058,7926.4800,8078.7942,0.01384690,0.01411298,0.00069235,439.6598,403.1645,7.6158,471.8143,13.4438,27258.9048,61.9524,,439.6598,50.0,150.0,500.0,1000.0,2000.0,3959.9609,110.0,0.0,13.333333,26.39974,2.931065,29,147,15,4,0E-8,0.01730863,,0E-8,0.000000,0.916288,0.000000,,2026-05-21,2026-07-03,21,737,411,44,0.477273,,,0.000000,,,,,,,,GLOBAL_BASELINE_NO_ENTITY_RANKING,,,NOT_APPLICABLE_GLOBAL_BASELINE,HF9g-P5,,,,X 全窗基线 · 不参与实体赏罚,15057667,1506,A168_HF9F_20260827_0900,2026-08-27 09:00:00
2026-06-03,150345145,2220,0,125.0000000000,-95.0000000000,-95.0000000000,0E-7,3,3,0.49771390000000000,0.497713900000,-1.4077622098436522,-1.4077622098436524,-1.4077622098436522,0E-17,ELIGIBLE,R03b_20260811_FULL_v1,L1_ELIGIBILITY,v2026-08-11,2026-03-21..2026-08-06,baccarat_bet02_101_all_pairs_incl_sentinel,round_win = game_pnl > 0 (decisive only),COMPATIBILITY_ONLY_NOT_PRODUCTION,572437.0000,524517.0000,9908.1000,1302,1301,-0.01730863,,-0.01730863,-0.01730863,-9908.1000,572437.0000,OK,0.0000,396.3240,4.0000,96.0000,AG03-UNRESOLVED,ALL5_LEVELS_bet23_to_bet27,396.3240,396.3240,396.3240,396.3240,396.3240,4.000000,4.000000,4.000000,4.000000,4.000000,96.000000,96.000000,96.000000,96.000000,96.000000,5.0,1981.6200,1829.3058,7926.4800,8078.7942,PENDING_AG03,FALSE,NOT_FOR_ENFORCEMENT,9511.7760,503536.3200,9908.1000,9511.7760,396.3240,0.01730863,0.01661628,396.3240,9511.7760,0.01661628,396.3240,396.3240,396.3240,396.3240,396.3240,9511.7760,0.01661628,1981.6200,1829.3058,7926.4800,8078.7942,0.01384690,0.01411298,0.00069235,439.6598,403.1645,7.6158,471.8143,13.4438,27258.9048,61.9524,,439.6598,50.0,150.0,500.0,1000.0,2000.0,3959.9609,110.0,0.0,13.333333,26.39974,2.931065,29,147,15,4,0E-8,0.01730863,,0E-8,0.000000,0.916288,0.000000,,2026-05-21,2026-07-03,21,737,411,44,0.477273,,,0.000000,,,,,,,,GLOBAL_BASELINE_NO_ENTITY_RANKING,,,NOT_APPLICABLE_GLOBAL_BASELINE,HF9g-P5,,,,X 全窗基线 · 不参与实体赏罚,15057668,1506,A168_HF9F_20260827_0900,2026-08-27 09:00:00
2026-06-03,150345145,2266,0,34.0000000000,-34.0000000000,-34.0000000000,0E-7,1,1,0.49324550000000000,0.493245500000,-0.9865810262130424,-0.9865810262130424,-0.9865810262130424,0E-17,ELIGIBLE,R03b_20260811_FULL_v1,L1_ELIGIBILITY,v2026-08-11,2026-03-21..2026-08-06,baccarat_bet02_101_all_pairs_incl_sentinel,round_win = game_pnl > 0 (decisive only),COMPATIBILITY_ONLY_NOT_PRODUCTION,572437.0000,524517.0000,9908.1000,1302,1301,-0.01730863,,-0.01730863,-0.01730863,-9908.1000,572437.0000,OK,0.0000,396.3240,4.0000,96.0000,AG03-UNRESOLVED,ALL5_LEVELS_bet23_to_bet27,396.3240,396.3240,396.3240,396.3240,396.3240,4.000000,4.000000,4.000000,4.000000,4.000000,96.000000,96.000000,96.000000,96.000000,96.000000,5.0,1981.6200,1829.3058,7926.4800,8078.7942,PENDING_AG03,FALSE,NOT_FOR_ENFORCEMENT,9511.7760,503536.3200,9908.1000,9511.7760,396.3240,0.01730863,0.01661628,396.3240,9511.7760,0.01661628,396.3240,396.3240,396.3240,396.3240,396.3240,9511.7760,0.01661628,1981.6200,1829.3058,7926.4800,8078.7942,0.01384690,0.01411298,0.00069235,439.6598,403.1645,7.6158,471.8143,13.4438,27258.9048,61.9524,,439.6598,50.0,150.0,500.0,1000.0,2000.0,3959.9609,110.0,0.0,13.333333,26.39974,2.931065,29,147,15,4,0E-8,0.01730863,,0E-8,0.000000,0.916288,0.000000,,2026-05-21,2026-07-03,21,737,411,44,0.477273,,,0.000000,,,,,,,,GLOBAL_BASELINE_NO_ENTITY_RANKING,,,NOT_APPLICABLE_GLOBAL_BASELINE,HF9g-P5,,,,X 全窗基线 · 不参与实体赏罚,15057669,1506,A168_HF9F_20260827_0900,2026-08-27 09:00:00
2026-06-03,150345145,763,0,110.0000000000,20.0000000000,20.0000000000,0.5000000,3,3,0.49324550000000000,0.493245500000,0.01910635448239258,0.01910635448239258,0.01910635448239258,0E-17,ELIGIBLE,R03b_20260811_FULL_v1,L1_ELIGIBILITY,v2026-08-11,2026-03-21..2026-08-06,baccarat_bet02_101_all_pairs_incl_sentinel,round_win = game_pnl > 0 (decisive only),COMPATIBILITY_ONLY_NOT_PRODUCTION,572437.0000,524517.0000,9908.1000,1302,1301,-0.01730863,,-0.01730863,-0.01730863,-9908.1000,572437.0000,OK,0.0000,396.3240,4.0000,96.0000,AG03-UNRESOLVED,ALL5_LEVELS_bet23_to_bet27,396.3240,396.3240,396.3240,396.3240,396.3240,4.000000,4.000000,4.000000,4.000000,4.000000,96.000000,96.000000,96.000000,96.000000,96.000000,5.0,1981.6200,1829.3058,7926.4800,8078.7942,PENDING_AG03,FALSE,NOT_FOR_ENFORCEMENT,9511.7760,503536.3200,9908.1000,9511.7760,396.3240,0.01730863,0.01661628,396.3240,9511.7760,0.01661628,396.3240,396.3240,396.3240,396.3240,396.3240,9511.7760,0.01661628,1981.6200,1829.3058,7926.4800,8078.7942,0.01384690,0.01411298,0.00069235,439.6598,403.1645,7.6158,471.8143,13.4438,27258.9048,61.9524,,439.6598,50.0,150.0,500.0,1000.0,2000.0,3959.9609,110.0,0.0,13.333333,26.39974,2.931065,29,147,15,4,0E-8,0.01730863,,0E-8,0.000000,0.916288,0.000000,,2026-05-21,2026-07-03,21,737,411,44,0.477273,,,0.000000,,,,,,,,GLOBAL_BASELINE_NO_ENTITY_RANKING,,,NOT_APPLICABLE_GLOBAL_BASELINE,HF9g-P5,,,,X 全窗基线 · 不参与实体赏罚,15057670,1506,A168_HF9F_20260827_0900,2026-08-27 09:00:00
2026-06-04,150345145,-1,1,10.0000000000,-5.0000000000,-5.0000000000,0E-7,2,2,0.49324550000000000,0.493245500000,-0.9865810262130424,-0.9865810262130424,-0.9865810262130424,0E-17,SENTINEL_DEALER,R03b_20260811_FULL_v1,L1_ELIGIBILITY,v2026-08-11,2026-03-21..2026-08-06,baccarat_bet02_101_all_pairs_incl_sentinel,round_win = game_pnl > 0 (decisive only),COMPATIBILITY_ONLY_NOT_PRODUCTION,572437.0000,524517.0000,9908.1000,1302,1301,-0.01730863,,-0.01730863,-0.01730863,-9908.1000,572437.0000,OK,0.0000,396.3240,4.0000,96.0000,AG03-UNRESOLVED,ALL5_LEVELS_bet23_to_bet27,396.3240,396.3240,396.3240,396.3240,396.3240,4.000000,4.000000,4.000000,4.000000,4.000000,96.000000,96.000000,96.000000,96.000000,96.000000,5.0,1981.6200,1829.3058,7926.4800,8078.7942,PENDING_AG03,FALSE,NOT_FOR_ENFORCEMENT,9511.7760,503536.3200,9908.1000,9511.7760,396.3240,0.01730863,0.01661628,396.3240,9511.7760,0.01661628,396.3240,396.3240,396.3240,396.3240,396.3240,9511.7760,0.01661628,1981.6200,1829.3058,7926.4800,8078.7942,0.01384690,0.01411298,0.00069235,439.6598,403.1645,7.6158,471.8143,13.4438,27258.9048,61.9524,,439.6598,50.0,150.0,500.0,1000.0,2000.0,3959.9609,110.0,0.0,13.333333,26.39974,2.931065,29,147,15,4,0E-8,0.01730863,,0E-8,0.000000,0.916288,0.000000,,2026-05-21,2026-07-03,21,737,411,44,0.477273,,,0.000000,,,,,,,,GLOBAL_BASELINE_NO_ENTITY_RANKING,,,NOT_APPLICABLE_GLOBAL_BASELINE,HF9g-P5,,,,X 全窗基线 · 不参与实体赏罚,15057671,1506,A168_HF9F_20260827_0900,2026-08-27 09:00:00
2026-06-04,150345145,1323,0,10.0000000000,-10.0000000000,-10.0000000000,0E-7,1,1,0.49324550000000000,0.493245500000,-0.9865810262130424,-0.9865810262130424,-0.9865810262130424,0E-17,ELIGIBLE,R03b_20260811_FULL_v1,L1_ELIGIBILITY,v2026-08-11,2026-03-21..2026-08-06,baccarat_bet02_101_all_pairs_incl_sentinel,round_win = game_pnl > 0 (decisive only),COMPATIBILITY_ONLY_NOT_PRODUCTION,572437.0000,524517.0000,9908.1000,1302,1301,-0.01730863,,-0.01730863,-0.01730863,-9908.1000,572437.0000,OK,0.0000,396.3240,4.0000,96.0000,AG03-UNRESOLVED,ALL5_LEVELS_bet23_to_bet27,396.3240,396.3240,396.3240,396.3240,396.3240,4.000000,4.000000,4.000000,4.000000,4.000000,96.000000,96.000000,96.000000,96.000000,96.000000,5.0,1981.6200,1829.3058,7926.4800,8078.7942,PENDING_AG03,FALSE,NOT_FOR_ENFORCEMENT,9511.7760,503536.3200,9908.1000,9511.7760,396.3240,0.01730863,0.01661628,396.3240,9511.7760,0.01661628,396.3240,396.3240,396.3240,396.3240,396.3240,9511.7760,0.01661628,1981.6200,1829.3058,7926.4800,8078.7942,0.01384690,0.01411298,0.00069235,439.6598,403.1645,7.6158,471.8143,13.4438,27258.9048,61.9524,,439.6598,50.0,150.0,500.0,1000.0,2000.0,3959.9609,110.0,0.0,13.333333,26.39974,2.931065,29,147,15,4,0E-8,0.01730863,,0E-8,0.000000,0.916288,0.000000,,2026-05-21,2026-07-03,21,737,411,44,0.477273,,,0.000000,,,,,,,,GLOBAL_BASELINE_NO_ENTITY_RANKING,,,NOT_APPLICABLE_GLOBAL_BASELINE,HF9g-P5,,,,X 全窗基线 · 不参与实体赏罚,15057672,1506,A168_HF9F_20260827_0900,2026-08-27 09:00:00
2026-06-04,150345145,1490,0,25.0000000000,6.7500000000,6.7500000000,0.6666667,3,3,0.50218230000000000,0.502182300000,0.5697959874915163,0.5697959874915164,0.5697959874915163,0E-17,ELIGIBLE,R03b_20260811_FULL_v1,L1_ELIGIBILITY,v2026-08-11,2026-03-21..2026-08-06,baccarat_bet02_101_all_pairs_incl_sentinel,round_win = game_pnl > 0 (decisive only),COMPATIBILITY_ONLY_NOT_PRODUCTION,572437.0000,524517.0000,9908.1000,1302,1301,-0.01730863,,-0.01730863,-0.01730863,-9908.1000,572437.0000,OK,0.0000,396.3240,4.0000,96.0000,AG03-UNRESOLVED,ALL5_LEVELS_bet23_to_bet27,396.3240,396.3240,396.3240,396.3240,396.3240,4.000000,4.000000,4.000000,4.000000,4.000000,96.000000,96.000000,96.000000,96.000000,96.000000,5.0,1981.6200,1829.3058,7926.4800,8078.7942,PENDING_AG03,FALSE,NOT_FOR_ENFORCEMENT,9511.7760,503536.3200,9908.1000,9511.7760,396.3240,0.01730863,0.01661628,396.3240,9511.7760,0.01661628,396.3240,396.3240,396.3240,396.3240,396.3240,9511.7760,0.01661628,1981.6200,1829.3058,7926.4800,8078.7942,0.01384690,0.01411298,0.00069235,439.6598,403.1645,7.6158,471.8143,13.4438,27258.9048,61.9524,,439.6598,50.0,150.0,500.0,1000.0,2000.0,3959.9609,110.0,0.0,13.333333,26.39974,2.931065,29,147,15,4,0E-8,0.01730863,,0E-8,0.000000,0.916288,0.000000,,2026-05-21,2026-07-03,21,737,411,44,0.477273,,,0.000000,,,,,,,,GLOBAL_BASELINE_NO_ENTITY_RANKING,,,NOT_APPLICABLE_GLOBAL_BASELINE,HF9g-P5,,,,X 全窗基线 · 不参与实体赏罚,15057673,1506,A168_HF9F_20260827_0900,2026-08-27 09:00:00
2026-06-04,150345145,2153,0,12.0000000000,-12.0000000000,-12.0000000000,0E-7,1,1,0.49324550000000000,0.493245500000,-0.9865810262130424,-0.9865810262130424,-0.9865810262130424,0E-17,ELIGIBLE,R03b_20260811_FULL_v1,L1_ELIGIBILITY,v2026-08-11,2026-03-21..2026-08-06,baccarat_bet02_101_all_pairs_incl_sentinel,round_win = game_pnl > 0 (decisive only),COMPATIBILITY_ONLY_NOT_PRODUCTION,572437.0000,524517.0000,9908.1000,1302,1301,-0.01730863,,-0.01730863,-0.01730863,-9908.1000,572437.0000,OK,0.0000,396.3240,4.0000,96.0000,AG03-UNRESOLVED,ALL5_LEVELS_bet23_to_bet27,396.3240,396.3240,396.3240,396.3240,396.3240,4.000000,4.000000,4.000000,4.000000,4.000000,96.000000,96.000000,96.000000,96.000000,96.000000,5.0,1981.6200,1829.3058,7926.4800,8078.7942,PENDING_AG03,FALSE,NOT_FOR_ENFORCEMENT,9511.7760,503536.3200,9908.1000,9511.7760,396.3240,0.01730863,0.01661628,396.3240,9511.7760,0.01661628,396.3240,396.3240,396.3240,396.3240,396.3240,9511.7760,0.01661628,1981.6200,1829.3058,7926.4800,8078.7942,0.01384690,0.01411298,0.00069235,439.6598,403.1645,7.6158,471.8143,13.4438,27258.9048,61.9524,,439.6598,50.0,150.0,500.0,1000.0,2000.0,3959.9609,110.0,0.0,13.333333,26.39974,2.931065,29,147,15,4,0E-8,0.01730863,,0E-8,0.000000,0.916288,0.000000,,2026-05-21,2026-07-03,21,737,411,44,0.477273,,,0.000000,,,,,,,,GLOBAL_BASELINE_NO_ENTITY_RANKING,,,NOT_APPLICABLE_GLOBAL_BASELINE,HF9g-P5,,,,X 全窗基线 · 不参与实体赏罚,15057674,1506,A168_HF9F_20260827_0900,2026-08-27 09:00:00
2026-06-04,150345145,2205,0,10.0000000000,-10.0000000000,-10.0000000000,0E-7,1,1,0.49324550000000000,0.493245500000,-0.9865810262130424,-0.9865810262130424,-0.9865810262130424,0E-17,ELIGIBLE,R03b_20260811_FULL_v1,L1_ELIGIBILITY,v2026-08-11,2026-03-21..2026-08-06,baccarat_bet02_101_all_pairs_incl_sentinel,round_win = game_pnl > 0 (decisive only),COMPATIBILITY_ONLY_NOT_PRODUCTION,572437.0000,524517.0000,9908.1000,1302,1301,-0.01730863,,-0.01730863,-0.01730863,-9908.1000,572437.0000,OK,0.0000,396.3240,4.0000,96.0000,AG03-UNRESOLVED,ALL5_LEVELS_bet23_to_bet27,396.3240,396.3240,396.3240,396.3240,396.3240,4.000000,4.000000,4.000000,4.000000,4.000000,96.000000,96.000000,96.000000,96.000000,96.000000,5.0,1981.6200,1829.3058,7926.4800,8078.7942,PENDING_AG03,FALSE,NOT_FOR_ENFORCEMENT,9511.7760,503536.3200,9908.1000,9511.7760,396.3240,0.01730863,0.01661628,396.3240,9511.7760,0.01661628,396.3240,396.3240,396.3240,396.3240,396.3240,9511.7760,0.01661628,1981.6200,1829.3058,7926.4800,8078.7942,0.01384690,0.01411298,0.00069235,439.6598,403.1645,7.6158,471.8143,13.4438,27258.9048,61.9524,,439.6598,50.0,150.0,500.0,1000.0,2000.0,3959.9609,110.0,0.0,13.333333,26.39974,2.931065,29,147,15,4,0E-8,0.01730863,,0E-8,0.000000,0.916288,0.000000,,2026-05-21,2026-07-03,21,737,411,44,0.477273,,,0.000000,,,,,,,,GLOBAL_BASELINE_NO_ENTITY_RANKING,,,NOT_APPLICABLE_GLOBAL_BASELINE,HF9g-P5,,,,X 全窗基线 · 不参与实体赏罚,15057675,1506,A168_HF9F_20260827_0900,2026-08-27 09:00:00
2026-06-15,150345145,-1,1,93.0000000000,-27.0000000000,-27.0000000000,0.3333333,4,4,0.49324550000000000,0.493245500000,-0.5540025479526107,-0.5540025479526106,-0.5540025479526107,0E-17,SENTINEL_DEALER,R03b_20260811_FULL_v1,L1_ELIGIBILITY,v2026-08-11,2026-03-21..2026-08-06,baccarat_bet02_101_all_pairs_incl_sentinel,round_win = game_pnl > 0 (decisive only),COMPATIBILITY_ONLY_NOT_PRODUCTION,572437.0000,524517.0000,9908.1000,1302,1301,-0.01730863,,-0.01730863,-0.01730863,-9908.1000,572437.0000,OK,0.0000,396.3240,4.0000,96.0000,AG03-UNRESOLVED,ALL5_LEVELS_bet23_to_bet27,396.3240,396.3240,396.3240,396.3240,396.3240,4.000000,4.000000,4.000000,4.000000,4.000000,96.000000,96.000000,96.000000,96.000000,96.000000,5.0,1981.6200,1829.3058,7926.4800,8078.7942,PENDING_AG03,FALSE,NOT_FOR_ENFORCEMENT,9511.7760,503536.3200,9908.1000,9511.7760,396.3240,0.01730863,0.01661628,396.3240,9511.7760,0.01661628,396.3240,396.3240,396.3240,396.3240,396.3240,9511.7760,0.01661628,1981.6200,1829.3058,7926.4800,8078.7942,0.01384690,0.01411298,0.00069235,439.6598,403.1645,7.6158,471.8143,13.4438,27258.9048,61.9524,,439.6598,50.0,150.0,500.0,1000.0,2000.0,3959.9609,110.0,0.0,13.333333,26.39974,2.931065,29,147,15,4,0E-8,0.01730863,,0E-8,0.000000,0.916288,0.000000,,2026-05-21,2026-07-03,21,737,411,44,0.477273,,,0.000000,,,,,,,,GLOBAL_BASELINE_NO_ENTITY_RANKING,,,NOT_APPLICABLE_GLOBAL_BASELINE,HF9g-P5,,,,X 全窗基线 · 不参与实体赏罚,15057676,1506,A168_HF9F_20260827_0900,2026-08-27 09:00:00
2026-06-16,150345145,-1,1,3324.0000000000,-3224.0000000000,-3224.0000000000,0E-7,6,6,0.42680505000000000,0.426805050000,-1.929516954893692,-1.9295169548936923,-1.929516954893692,0E-17,SENTINEL_DEALER,R03b_20260811_FULL_v1,L1_ELIGIBILITY,v2026-08-11,2026-03-21..2026-08-06,baccarat_bet02_101_all_pairs_incl_sentinel,round_win = game_pnl > 0 (decisive only),COMPATIBILITY_ONLY_NOT_PRODUCTION,572437.0000,524517.0000,9908.1000,1302,1301,-0.01730863,,-0.01730863,-0.01730863,-9908.1000,572437.0000,OK,0.0000,396.3240,4.0000,96.0000,AG03-UNRESOLVED,ALL5_LEVELS_bet23_to_bet27,396.3240,396.3240,396.3240,396.3240,396.3240,4.000000,4.000000,4.000000,4.000000,4.000000,96.000000,96.000000,96.000000,96.000000,96.000000,5.0,1981.6200,1829.3058,7926.4800,8078.7942,PENDING_AG03,FALSE,NOT_FOR_ENFORCEMENT,9511.7760,503536.3200,9908.1000,9511.7760,396.3240,0.01730863,0.01661628,396.3240,9511.7760,0.01661628,396.3240,396.3240,396.3240,396.3240,396.3240,9511.7760,0.01661628,1981.6200,1829.3058,7926.4800,8078.7942,0.01384690,0.01411298,0.00069235,439.6598,403.1645,7.6158,471.8143,13.4438,27258.9048,61.9524,,439.6598,50.0,150.0,500.0,1000.0,2000.0,3959.9609,110.0,0.0,13.333333,26.39974,2.931065,29,147,15,4,0E-8,0.01730863,,0E-8,0.000000,0.916288,0.000000,,2026-05-21,2026-07-03,21,737,411,44,0.477273,,,0.000000,,,,,,,,GLOBAL_BASELINE_NO_ENTITY_RANKING,,,NOT_APPLICABLE_GLOBAL_BASELINE,HF9g-P5,,,,X 全窗基线 · 不参与实体赏罚,15057677,1506,A168_HF9F_20260827_0900,2026-08-27 09:00:00
2026-06-16,150345145,1017,0,400.0000000000,400.0000000000,400.0000000000,1.0000000,1,1,0.49324550000000000,0.493245500000,1.01360149184955,1.01360149184955,1.01360149184955,0E-17,ELIGIBLE,R03b_20260811_FULL_v1,L1_ELIGIBILITY,v2026-08-11,2026-03-21..2026-08-06,baccarat_bet02_101_all_pairs_incl_sentinel,round_win = game_pnl > 0 (decisive only),COMPATIBILITY_ONLY_NOT_PRODUCTION,572437.0000,524517.0000,9908.1000,1302,1301,-0.01730863,,-0.01730863,-0.01730863,-9908.1000,572437.0000,OK,0.0000,396.3240,4.0000,96.0000,AG03-UNRESOLVED,ALL5_LEVELS_bet23_to_bet27,396.3240,396.3240,396.3240,396.3240,396.3240,4.000000,4.000000,4.000000,4.000000,4.000000,96.000000,96.000000,96.000000,96.000000,96.000000,5.0,1981.6200,1829.3058,7926.4800,8078.7942,PENDING_AG03,FALSE,NOT_FOR_ENFORCEMENT,9511.7760,503536.3200,9908.1000,9511.7760,396.3240,0.01730863,0.01661628,396.3240,9511.7760,0.01661628,396.3240,396.3240,396.3240,396.3240,396.3240,9511.7760,0.01661628,1981.6200,1829.3058,7926.4800,8078.7942,0.01384690,0.01411298,0.00069235,439.6598,403.1645,7.6158,471.8143,13.4438,27258.9048,61.9524,,439.6598,50.0,150.0,500.0,1000.0,2000.0,3959.9609,110.0,0.0,13.333333,26.39974,2.931065,29,147,15,4,0E-8,0.01730863,,0E-8,0.000000,0.916288,0.000000,,2026-05-21,2026-07-03,21,737,411,44,0.477273,,,0.000000,,,,,,,,GLOBAL_BASELINE_NO_ENTITY_RANKING,,,NOT_APPLICABLE_GLOBAL_BASELINE,HF9g-P5,,,,X 全窗基线 · 不参与实体赏罚,15057678,1506,A168_HF9F_20260827_0900,2026-08-27 09:00:00
2026-06-16,150345145,1299,0,800.0000000000,-200.0000000000,-200.0000000000,0.5000000,2,2,0.49324550000000000,0.493245500000,0.01910635448239258,0.01910635448239258,0.01910635448239258,0E-17,ELIGIBLE,R03b_20260811_FULL_v1,L1_ELIGIBILITY,v2026-08-11,2026-03-21..2026-08-06,baccarat_bet02_101_all_pairs_incl_sentinel,round_win = game_pnl > 0 (decisive only),COMPATIBILITY_ONLY_NOT_PRODUCTION,572437.0000,524517.0000,9908.1000,1302,1301,-0.01730863,,-0.01730863,-0.01730863,-9908.1000,572437.0000,OK,0.0000,396.3240,4.0000,96.0000,AG03-UNRESOLVED,ALL5_LEVELS_bet23_to_bet27,396.3240,396.3240,396.3240,396.3240,396.3240,4.000000,4.000000,4.000000,4.000000,4.000000,96.000000,96.000000,96.000000,96.000000,96.000000,5.0,1981.6200,1829.3058,7926.4800,8078.7942,PENDING_AG03,FALSE,NOT_FOR_ENFORCEMENT,9511.7760,503536.3200,9908.1000,9511.7760,396.3240,0.01730863,0.01661628,396.3240,9511.7760,0.01661628,396.3240,396.3240,396.3240,396.3240,396.3240,9511.7760,0.01661628,1981.6200,1829.3058,7926.4800,8078.7942,0.01384690,0.01411298,0.00069235,439.6598,403.1645,7.6158,471.8143,13.4438,27258.9048,61.9524,,439.6598,50.0,150.0,500.0,1000.0,2000.0,3959.9609,110.0,0.0,13.333333,26.39974,2.931065,29,147,15,4,0E-8,0.01730863,,0E-8,0.000000,0.916288,0.000000,,2026-05-21,2026-07-03,21,737,411,44,0.477273,,,0.000000,,,,,,,,GLOBAL_BASELINE_NO_ENTITY_RANKING,,,NOT_APPLICABLE_GLOBAL_BASELINE,HF9g-P5,,,,X 全窗基线 · 不参与实体赏罚,15057679,1506,A168_HF9F_20260827_0900,2026-08-27 09:00:00
2026-06-16,150345145,1396,0,1209.0000000000,397.0000000000,397.0000000000,0.7500000,4,4,0.49324550000000000,0.493245500000,1.0271117246678039,1.0271117246678039,1.0271117246678039,0E-17,ELIGIBLE,R03b_20260811_FULL_v1,L1_ELIGIBILITY,v2026-08-11,2026-03-21..2026-08-06,baccarat_bet02_101_all_pairs_incl_sentinel,round_win = game_pnl > 0 (decisive only),COMPATIBILITY_ONLY_NOT_PRODUCTION,572437.0000,524517.0000,9908.1000,1302,1301,-0.01730863,,-0.01730863,-0.01730863,-9908.1000,572437.0000,OK,0.0000,396.3240,4.0000,96.0000,AG03-UNRESOLVED,ALL5_LEVELS_bet23_to_bet27,396.3240,396.3240,396.3240,396.3240,396.3240,4.000000,4.000000,4.000000,4.000000,4.000000,96.000000,96.000000,96.000000,96.000000,96.000000,5.0,1981.6200,1829.3058,7926.4800,8078.7942,PENDING_AG03,FALSE,NOT_FOR_ENFORCEMENT,9511.7760,503536.3200,9908.1000,9511.7760,396.3240,0.01730863,0.01661628,396.3240,9511.7760,0.01661628,396.3240,396.3240,396.3240,396.3240,396.3240,9511.7760,0.01661628,1981.6200,1829.3058,7926.4800,8078.7942,0.01384690,0.01411298,0.00069235,439.6598,403.1645,7.6158,471.8143,13.4438,27258.9048,61.9524,,439.6598,50.0,150.0,500.0,1000.0,2000.0,3959.9609,110.0,0.0,13.333333,26.39974,2.931065,29,147,15,4,0E-8,0.01730863,,0E-8,0.000000,0.916288,0.000000,,2026-05-21,2026-07-03,21,737,411,44,0.477273,,,0.000000,,,,,,,,GLOBAL_BASELINE_NO_ENTITY_RANKING,,,NOT_APPLICABLE_GLOBAL_BASELINE,HF9g-P5,,,,X 全窗基线 · 不参与实体赏罚,15057680,1506,A168_HF9F_20260827_0900,2026-08-27 09:00:00
2026-06-16,150345145,1509,0,400.0000000000,0E-10,0E-10,,1,1,0.49324550000000000,0.493245500000,,,,0E-17,NO_DECISIVE_ROUND,R03b_20260811_FULL_v1,L1_ELIGIBILITY,v2026-08-11,2026-03-21..2026-08-06,baccarat_bet02_101_all_pairs_incl_sentinel,round_win = game_pnl > 0 (decisive only),COMPATIBILITY_ONLY_NOT_PRODUCTION,572437.0000,524517.0000,9908.1000,1302,1301,-0.01730863,,-0.01730863,-0.01730863,-9908.1000,572437.0000,OK,0.0000,396.3240,4.0000,96.0000,AG03-UNRESOLVED,ALL5_LEVELS_bet23_to_bet27,396.3240,396.3240,396.3240,396.3240,396.3240,4.000000,4.000000,4.000000,4.000000,4.000000,96.000000,96.000000,96.000000,96.000000,96.000000,5.0,1981.6200,1829.3058,7926.4800,8078.7942,PENDING_AG03,FALSE,NOT_FOR_ENFORCEMENT,9511.7760,503536.3200,9908.1000,9511.7760,396.3240,0.01730863,0.01661628,396.3240,9511.7760,0.01661628,396.3240,396.3240,396.3240,396.3240,396.3240,9511.7760,0.01661628,1981.6200,1829.3058,7926.4800,8078.7942,0.01384690,0.01411298,0.00069235,439.6598,403.1645,7.6158,471.8143,13.4438,27258.9048,61.9524,,439.6598,50.0,150.0,500.0,1000.0,2000.0,3959.9609,110.0,0.0,13.333333,26.39974,2.931065,29,147,15,4,0E-8,0.01730863,,0E-8,0.000000,0.916288,0.000000,,2026-05-21,2026-07-03,21,737,411,44,0.477273,,,0.000000,,,,,,,,GLOBAL_BASELINE_NO_ENTITY_RANKING,,,NOT_APPLICABLE_GLOBAL_BASELINE,HF9g-P5,,,,X 全窗基线 · 不参与实体赏罚,15057681,1506,A168_HF9F_20260827_0900,2026-08-27 09:00:00
2026-06-16,150345145,1646,0,400.0000000000,-205.0000000000,-205.0000000000,0.5000000,2,2,0.49994810000000000,0.499948100000,0.00014679536856514622,0.00014679536856514622,0.00014679536856514622,0E-17,ELIGIBLE,R03b_20260811_FULL_v1,L1_ELIGIBILITY,v2026-08-11,2026-03-21..2026-08-06,baccarat_bet02_101_all_pairs_incl_sentinel,round_win = game_pnl > 0 (decisive only),COMPATIBILITY_ONLY_NOT_PRODUCTION,572437.0000,524517.0000,9908.1000,1302,1301,-0.01730863,,-0.01730863,-0.01730863,-9908.1000,572437.0000,OK,0.0000,396.3240,4.0000,96.0000,AG03-UNRESOLVED,ALL5_LEVELS_bet23_to_bet27,396.3240,396.3240,396.3240,396.3240,396.3240,4.000000,4.000000,4.000000,4.000000,4.000000,96.000000,96.000000,96.000000,96.000000,96.000000,5.0,1981.6200,1829.3058,7926.4800,8078.7942,PENDING_AG03,FALSE,NOT_FOR_ENFORCEMENT,9511.7760,503536.3200,9908.1000,9511.7760,396.3240,0.01730863,0.01661628,396.3240,9511.7760,0.01661628,396.3240,396.3240,396.3240,396.3240,396.3240,9511.7760,0.01661628,1981.6200,1829.3058,7926.4800,8078.7942,0.01384690,0.01411298,0.00069235,439.6598,403.1645,7.6158,471.8143,13.4438,27258.9048,61.9524,,439.6598,50.0,150.0,500.0,1000.0,2000.0,3959.9609,110.0,0.0,13.333333,26.39974,2.931065,29,147,15,4,0E-8,0.01730863,,0E-8,0.000000,0.916288,0.000000,,2026-05-21,2026-07-03,21,737,411,44,0.477273,,,0.000000,,,,,,,,GLOBAL_BASELINE_NO_ENTITY_RANKING,,,NOT_APPLICABLE_GLOBAL_BASELINE,HF9g-P5,,,,X 全窗基线 · 不参与实体赏罚,15057682,1506,A168_HF9F_20260827_0900,2026-08-27 09:00:00
2026-06-16,150345145,1957,0,1000.0000000000,-1000.0000000000,-1000.0000000000,0E-7,1,1,0.49324550000000000,0.493245500000,-0.9865810262130424,-0.9865810262130424,-0.9865810262130424,0E-17,ELIGIBLE,R03b_20260811_FULL_v1,L1_ELIGIBILITY,v2026-08-11,2026-03-21..2026-08-06,baccarat_bet02_101_all_pairs_incl_sentinel,round_win = game_pnl > 0 (decisive only),COMPATIBILITY_ONLY_NOT_PRODUCTION,572437.0000,524517.0000,9908.1000,1302,1301,-0.01730863,,-0.01730863,-0.01730863,-9908.1000,572437.0000,OK,0.0000,396.3240,4.0000,96.0000,AG03-UNRESOLVED,ALL5_LEVELS_bet23_to_bet27,396.3240,396.3240,396.3240,396.3240,396.3240,4.000000,4.000000,4.000000,4.000000,4.000000,96.000000,96.000000,96.000000,96.000000,96.000000,5.0,1981.6200,1829.3058,7926.4800,8078.7942,PENDING_AG03,FALSE,NOT_FOR_ENFORCEMENT,9511.7760,503536.3200,9908.1000,9511.7760,396.3240,0.01730863,0.01661628,396.3240,9511.7760,0.01661628,396.3240,396.3240,396.3240,396.3240,396.3240,9511.7760,0.01661628,1981.6200,1829.3058,7926.4800,8078.7942,0.01384690,0.01411298,0.00069235,439.6598,403.1645,7.6158,471.8143,13.4438,27258.9048,61.9524,,439.6598,50.0,150.0,500.0,1000.0,2000.0,3959.9609,110.0,0.0,13.333333,26.39974,2.931065,29,147,15,4,0E-8,0.01730863,,0E-8,0.000000,0.916288,0.000000,,2026-05-21,2026-07-03,21,737,411,44,0.477273,,,0.000000,,,,,,,,GLOBAL_BASELINE_NO_ENTITY_RANKING,,,NOT_APPLICABLE_GLOBAL_BASELINE,HF9g-P5,,,,X 全窗基线 · 不参与实体赏罚,15057683,1506,A168_HF9F_20260827_0900,2026-08-27 09:00:00
2026-06-16,150345145,1990,0,421.0000000000,201.0000000000,201.0000000000,1.0000000,2,2,0.49324550000000000,0.493245500000,1.01360149184955,1.01360149184955,1.01360149184955,0E-17,ELIGIBLE,R03b_20260811_FULL_v1,L1_ELIGIBILITY,v2026-08-11,2026-03-21..2026-08-06,baccarat_bet02_101_all_pairs_incl_sentinel,round_win = game_pnl > 0 (decisive only),COMPATIBILITY_ONLY_NOT_PRODUCTION,572437.0000,524517.0000,9908.1000,1302,1301,-0.01730863,,-0.01730863,-0.01730863,-9908.1000,572437.0000,OK,0.0000,396.3240,4.0000,96.0000,AG03-UNRESOLVED,ALL5_LEVELS_bet23_to_bet27,396.3240,396.3240,396.3240,396.3240,396.3240,4.000000,4.000000,4.000000,4.000000,4.000000,96.000000,96.000000,96.000000,96.000000,96.000000,5.0,1981.6200,1829.3058,7926.4800,8078.7942,PENDING_AG03,FALSE,NOT_FOR_ENFORCEMENT,9511.7760,503536.3200,9908.1000,9511.7760,396.3240,0.01730863,0.01661628,396.3240,9511.7760,0.01661628,396.3240,396.3240,396.3240,396.3240,396.3240,9511.7760,0.01661628,1981.6200,1829.3058,7926.4800,8078.7942,0.01384690,0.01411298,0.00069235,439.6598,403.1645,7.6158,471.8143,13.4438,27258.9048,61.9524,,439.6598,50.0,150.0,500.0,1000.0,2000.0,3959.9609,110.0,0.0,13.333333,26.39974,2.931065,29,147,15,4,0E-8,0.01730863,,0E-8,0.000000,0.916288,0.000000,,2026-05-21,2026-07-03,21,737,411,44,0.477273,,,0.000000,,,,,,,,GLOBAL_BASELINE_NO_ENTITY_RANKING,,,NOT_APPLICABLE_GLOBAL_BASELINE,HF9g-P5,,,,X 全窗基线 · 不参与实体赏罚,15057684,1506,A168_HF9F_20260827_0900,2026-08-27 09:00:00
2026-06-16,150345145,2071,0,900.0000000000,-100.0000000000,-100.0000000000,0.5000000,2,2,0.49324550000000000,0.493245500000,0.01910635448239258,0.01910635448239258,0.01910635448239258,0E-17,ELIGIBLE,R03b_20260811_FULL_v1,L1_ELIGIBILITY,v2026-08-11,2026-03-21..2026-08-06,baccarat_bet02_101_all_pairs_incl_sentinel,round_win = game_pnl > 0 (decisive only),COMPATIBILITY_ONLY_NOT_PRODUCTION,572437.0000,524517.0000,9908.1000,1302,1301,-0.01730863,,-0.01730863,-0.01730863,-9908.1000,572437.0000,OK,0.0000,396.3240,4.0000,96.0000,AG03-UNRESOLVED,ALL5_LEVELS_bet23_to_bet27,396.3240,396.3240,396.3240,396.3240,396.3240,4.000000,4.000000,4.000000,4.000000,4.000000,96.000000,96.000000,96.000000,96.000000,96.000000,5.0,1981.6200,1829.3058,7926.4800,8078.7942,PENDING_AG03,FALSE,NOT_FOR_ENFORCEMENT,9511.7760,503536.3200,9908.1000,9511.7760,396.3240,0.01730863,0.01661628,396.3240,9511.7760,0.01661628,396.3240,396.3240,396.3240,396.3240,396.3240,9511.7760,0.01661628,1981.6200,1829.3058,7926.4800,8078.7942,0.01384690,0.01411298,0.00069235,439.6598,403.1645,7.6158,471.8143,13.4438,27258.9048,61.9524,,439.6598,50.0,150.0,500.0,1000.0,2000.0,3959.9609,110.0,0.0,13.333333,26.39974,2.931065,29,147,15,4,0E-8,0.01730863,,0E-8,0.000000,0.916288,0.000000,,2026-05-21,2026-07-03,21,737,411,44,0.477273,,,0.000000,,,,,,,,GLOBAL_BASELINE_NO_ENTITY_RANKING,,,NOT_APPLICABLE_GLOBAL_BASELINE,HF9g-P5,,,,X 全窗基线 · 不参与实体赏罚,15057685,1506,A168_HF9F_20260827_0900,2026-08-27 09:00:00
2026-06-16,150345145,2108,0,500.0000000000,0E-10,0E-10,,1,1,0.49324550000000000,0.493245500000,,,,0E-17,NO_DECISIVE_ROUND,R03b_20260811_FULL_v1,L1_ELIGIBILITY,v2026-08-11,2026-03-21..2026-08-06,baccarat_bet02_101_all_pairs_incl_sentinel,round_win = game_pnl > 0 (decisive only),COMPATIBILITY_ONLY_NOT_PRODUCTION,572437.0000,524517.0000,9908.1000,1302,1301,-0.01730863,,-0.01730863,-0.01730863,-9908.1000,572437.0000,OK,0.0000,396.3240,4.0000,96.0000,AG03-UNRESOLVED,ALL5_LEVELS_bet23_to_bet27,396.3240,396.3240,396.3240,396.3240,396.3240,4.000000,4.000000,4.000000,4.000000,4.000000,96.000000,96.000000,96.000000,96.000000,96.000000,5.0,1981.6200,1829.3058,7926.4800,8078.7942,PENDING_AG03,FALSE,NOT_FOR_ENFORCEMENT,9511.7760,503536.3200,9908.1000,9511.7760,396.3240,0.01730863,0.01661628,396.3240,9511.7760,0.01661628,396.3240,396.3240,396.3240,396.3240,396.3240,9511.7760,0.01661628,1981.6200,1829.3058,7926.4800,8078.7942,0.01384690,0.01411298,0.00069235,439.6598,403.1645,7.6158,471.8143,13.4438,27258.9048,61.9524,,439.6598,50.0,150.0,500.0,1000.0,2000.0,3959.9609,110.0,0.0,13.333333,26.39974,2.931065,29,147,15,4,0E-8,0.01730863,,0E-8,0.000000,0.916288,0.000000,,2026-05-21,2026-07-03,21,737,411,44,0.477273,,,0.000000,,,,,,,,GLOBAL_BASELINE_NO_ENTITY_RANKING,,,NOT_APPLICABLE_GLOBAL_BASELINE,HF9g-P5,,,,X 全窗基线 · 不参与实体赏罚,15057686,1506,A168_HF9F_20260827_0900,2026-08-27 09:00:00
2026-06-16,150345145,2154,0,1000.0000000000,1000.0000000000,1000.0000000000,1.0000000,1,1,0.49324550000000000,0.493245500000,1.01360149184955,1.01360149184955,1.01360149184955,0E-17,ELIGIBLE,R03b_20260811_FULL_v1,L1_ELIGIBILITY,v2026-08-11,2026-03-21..2026-08-06,baccarat_bet02_101_all_pairs_incl_sentinel,round_win = game_pnl > 0 (decisive only),COMPATIBILITY_ONLY_NOT_PRODUCTION,572437.0000,524517.0000,9908.1000,1302,1301,-0.01730863,,-0.01730863,-0.01730863,-9908.1000,572437.0000,OK,0.0000,396.3240,4.0000,96.0000,AG03-UNRESOLVED,ALL5_LEVELS_bet23_to_bet27,396.3240,396.3240,396.3240,396.3240,396.3240,4.000000,4.000000,4.000000,4.000000,4.000000,96.000000,96.000000,96.000000,96.000000,96.000000,5.0,1981.6200,1829.3058,7926.4800,8078.7942,PENDING_AG03,FALSE,NOT_FOR_ENFORCEMENT,9511.7760,503536.3200,9908.1000,9511.7760,396.3240,0.01730863,0.01661628,396.3240,9511.7760,0.01661628,396.3240,396.3240,396.3240,396.3240,396.3240,9511.7760,0.01661628,1981.6200,1829.3058,7926.4800,8078.7942,0.01384690,0.01411298,0.00069235,439.6598,403.1645,7.6158,471.8143,13.4438,27258.9048,61.9524,,439.6598,50.0,150.0,500.0,1000.0,2000.0,3959.9609,110.0,0.0,13.333333,26.39974,2.931065,29,147,15,4,0E-8,0.01730863,,0E-8,0.000000,0.916288,0.000000,,2026-05-21,2026-07-03,21,737,411,44,0.477273,,,0.000000,,,,,,,,GLOBAL_BASELINE_NO_ENTITY_RANKING,,,NOT_APPLICABLE_GLOBAL_BASELINE,HF9g-P5,,,,X 全窗基线 · 不参与实体赏罚,15057687,1506,A168_HF9F_20260827_0900,2026-08-27 09:00:00
2026-06-16,150345145,2229,0,500.0000000000,-500.0000000000,-500.0000000000,0E-7,1,1,0.49324550000000000,0.493245500000,-0.9865810262130424,-0.9865810262130424,-0.9865810262130424,0E-17,ELIGIBLE,R03b_20260811_FULL_v1,L1_ELIGIBILITY,v2026-08-11,2026-03-21..2026-08-06,baccarat_bet02_101_all_pairs_incl_sentinel,round_win = game_pnl > 0 (decisive only),COMPATIBILITY_ONLY_NOT_PRODUCTION,572437.0000,524517.0000,9908.1000,1302,1301,-0.01730863,,-0.01730863,-0.01730863,-9908.1000,572437.0000,OK,0.0000,396.3240,4.0000,96.0000,AG03-UNRESOLVED,ALL5_LEVELS_bet23_to_bet27,396.3240,396.3240,396.3240,396.3240,396.3240,4.000000,4.000000,4.000000,4.000000,4.000000,96.000000,96.000000,96.000000,96.000000,96.000000,5.0,1981.6200,1829.3058,7926.4800,8078.7942,PENDING_AG03,FALSE,NOT_FOR_ENFORCEMENT,9511.7760,503536.3200,9908.1000,9511.7760,396.3240,0.01730863,0.01661628,396.3240,9511.7760,0.01661628,396.3240,396.3240,396.3240,396.3240,396.3240,9511.7760,0.01661628,1981.6200,1829.3058,7926.4800,8078.7942,0.01384690,0.01411298,0.00069235,439.6598,403.1645,7.6158,471.8143,13.4438,27258.9048,61.9524,,439.6598,50.0,150.0,500.0,1000.0,2000.0,3959.9609,110.0,0.0,13.333333,26.39974,2.931065,29,147,15,4,0E-8,0.01730863,,0E-8,0.000000,0.916288,0.000000,,2026-05-21,2026-07-03,21,737,411,44,0.477273,,,0.000000,,,,,,,,GLOBAL_BASELINE_NO_ENTITY_RANKING,,,NOT_APPLICABLE_GLOBAL_BASELINE,HF9g-P5,,,,X 全窗基线 · 不参与实体赏罚,15057688,1506,A168_HF9F_20260827_0900,2026-08-27 09:00:00
2026-06-16,150345145,2233,0,56.0000000000,-56.0000000000,-56.0000000000,0E-7,1,1,0.50665070000000000,0.506650700000,-1.013391052207602,-1.013391052207602,-1.013391052207602,0E-17,ELIGIBLE,R03b_20260811_FULL_v1,L1_ELIGIBILITY,v2026-08-11,2026-03-21..2026-08-06,baccarat_bet02_101_all_pairs_incl_sentinel,round_win = game_pnl > 0 (decisive only),COMPATIBILITY_ONLY_NOT_PRODUCTION,572437.0000,524517.0000,9908.1000,1302,1301,-0.01730863,,-0.01730863,-0.01730863,-9908.1000,572437.0000,OK,0.0000,396.3240,4.0000,96.0000,AG03-UNRESOLVED,ALL5_LEVELS_bet23_to_bet27,396.3240,396.3240,396.3240,396.3240,396.3240,4.000000,4.000000,4.000000,4.000000,4.000000,96.000000,96.000000,96.000000,96.000000,96.000000,5.0,1981.6200,1829.3058,7926.4800,8078.7942,PENDING_AG03,FALSE,NOT_FOR_ENFORCEMENT,9511.7760,503536.3200,9908.1000,9511.7760,396.3240,0.01730863,0.01661628,396.3240,9511.7760,0.01661628,396.3240,396.3240,396.3240,396.3240,396.3240,9511.7760,0.01661628,1981.6200,1829.3058,7926.4800,8078.7942,0.01384690,0.01411298,0.00069235,439.6598,403.1645,7.6158,471.8143,13.4438,27258.9048,61.9524,,439.6598,50.0,150.0,500.0,1000.0,2000.0,3959.9609,110.0,0.0,13.333333,26.39974,2.931065,29,147,15,4,0E-8,0.01730863,,0E-8,0.000000,0.916288,0.000000,,2026-05-21,2026-07-03,21,737,411,44,0.477273,,,0.000000,,,,,,,,GLOBAL_BASELINE_NO_ENTITY_RANKING,,,NOT_APPLICABLE_GLOBAL_BASELINE,HF9g-P5,,,,X 全窗基线 · 不参与实体赏罚,15057689,1506,A168_HF9F_20260827_0900,2026-08-27 09:00:00
2026-06-16,150345145,2280,0,2594.0000000000,802.0000000000,802.0000000000,0.6666667,4,4,0.49324550000000000,0.493245500000,0.6008033672792107,0.6008033672792106,0.6008033672792107,0E-17,ELIGIBLE,R03b_20260811_FULL_v1,L1_ELIGIBILITY,v2026-08-11,2026-03-21..2026-08-06,baccarat_bet02_101_all_pairs_incl_sentinel,round_win = game_pnl > 0 (decisive only),COMPATIBILITY_ONLY_NOT_PRODUCTION,572437.0000,524517.0000,9908.1000,1302,1301,-0.01730863,,-0.01730863,-0.01730863,-9908.1000,572437.0000,OK,0.0000,396.3240,4.0000,96.0000,AG03-UNRESOLVED,ALL5_LEVELS_bet23_to_bet27,396.3240,396.3240,396.3240,396.3240,396.3240,4.000000,4.000000,4.000000,4.000000,4.000000,96.000000,96.000000,96.000000,96.000000,96.000000,5.0,1981.6200,1829.3058,7926.4800,8078.7942,PENDING_AG03,FALSE,NOT_FOR_ENFORCEMENT,9511.7760,503536.3200,9908.1000,9511.7760,396.3240,0.01730863,0.01661628,396.3240,9511.7760,0.01661628,396.3240,396.3240,396.3240,396.3240,396.3240,9511.7760,0.01661628,1981.6200,1829.3058,7926.4800,8078.7942,0.01384690,0.01411298,0.00069235,439.6598,403.1645,7.6158,471.8143,13.4438,27258.9048,61.9524,,439.6598,50.0,150.0,500.0,1000.0,2000.0,3959.9609,110.0,0.0,13.333333,26.39974,2.931065,29,147,15,4,0E-8,0.01730863,,0E-8,0.000000,0.916288,0.000000,,2026-05-21,2026-07-03,21,737,411,44,0.477273,,,0.000000,,,,,,,,GLOBAL_BASELINE_NO_ENTITY_RANKING,,,NOT_APPLICABLE_GLOBAL_BASELINE,HF9g-P5,,,,X 全窗基线 · 不参与实体赏罚,15057690,1506,A168_HF9F_20260827_0900,2026-08-27 09:00:00
2026-06-16,150345145,2287,0,811.0000000000,-811.0000000000,-811.0000000000,0E-7,1,1,0.49324550000000000,0.493245500000,-0.9865810262130424,-0.9865810262130424,-0.9865810262130424,0E-17,ELIGIBLE,R03b_20260811_FULL_v1,L1_ELIGIBILITY,v2026-08-11,2026-03-21..2026-08-06,baccarat_bet02_101_all_pairs_incl_sentinel,round_win = game_pnl > 0 (decisive only),COMPATIBILITY_ONLY_NOT_PRODUCTION,572437.0000,524517.0000,9908.1000,1302,1301,-0.01730863,,-0.01730863,-0.01730863,-9908.1000,572437.0000,OK,0.0000,396.3240,4.0000,96.0000,AG03-UNRESOLVED,ALL5_LEVELS_bet23_to_bet27,396.3240,396.3240,396.3240,396.3240,396.3240,4.000000,4.000000,4.000000,4.000000,4.000000,96.000000,96.000000,96.000000,96.000000,96.000000,5.0,1981.6200,1829.3058,7926.4800,8078.7942,PENDING_AG03,FALSE,NOT_FOR_ENFORCEMENT,9511.7760,503536.3200,9908.1000,9511.7760,396.3240,0.01730863,0.01661628,396.3240,9511.7760,0.01661628,396.3240,396.3240,396.3240,396.3240,396.3240,9511.7760,0.01661628,1981.6200,1829.3058,7926.4800,8078.7942,0.01384690,0.01411298,0.00069235,439.6598,403.1645,7.6158,471.8143,13.4438,27258.9048,61.9524,,439.6598,50.0,150.0,500.0,1000.0,2000.0,3959.9609,110.0,0.0,13.333333,26.39974,2.931065,29,147,15,4,0E-8,0.01730863,,0E-8,0.000000,0.916288,0.000000,,2026-05-21,2026-07-03,21,737,411,44,0.477273,,,0.000000,,,,,,,,GLOBAL_BASELINE_NO_ENTITY_RANKING,,,NOT_APPLICABLE_GLOBAL_BASELINE,HF9g-P5,,,,X 全窗基线 · 不参与实体赏罚,15057691,1506,A168_HF9F_20260827_0900,2026-08-27 09:00:00
2026-06-16,150345145,763,0,900.0000000000,100.0000000000,100.0000000000,0.5000000,2,2,0.49324550000000000,0.493245500000,0.01910635448239258,0.01910635448239258,0.01910635448239258,0E-17,ELIGIBLE,R03b_20260811_FULL_v1,L1_ELIGIBILITY,v2026-08-11,2026-03-21..2026-08-06,baccarat_bet02_101_all_pairs_incl_sentinel,round_win = game_pnl > 0 (decisive only),COMPATIBILITY_ONLY_NOT_PRODUCTION,572437.0000,524517.0000,9908.1000,1302,1301,-0.01730863,,-0.01730863,-0.01730863,-9908.1000,572437.0000,OK,0.0000,396.3240,4.0000,96.0000,AG03-UNRESOLVED,ALL5_LEVELS_bet23_to_bet27,396.3240,396.3240,396.3240,396.3240,396.3240,4.000000,4.000000,4.000000,4.000000,4.000000,96.000000,96.000000,96.000000,96.000000,96.000000,5.0,1981.6200,1829.3058,7926.4800,8078.7942,PENDING_AG03,FALSE,NOT_FOR_ENFORCEMENT,9511.7760,503536.3200,9908.1000,9511.7760,396.3240,0.01730863,0.01661628,396.3240,9511.7760,0.01661628,396.3240,396.3240,396.3240,396.3240,396.3240,9511.7760,0.01661628,1981.6200,1829.3058,7926.4800,8078.7942,0.01384690,0.01411298,0.00069235,439.6598,403.1645,7.6158,471.8143,13.4438,27258.9048,61.9524,,439.6598,50.0,150.0,500.0,1000.0,2000.0,3959.9609,110.0,0.0,13.333333,26.39974,2.931065,29,147,15,4,0E-8,0.01730863,,0E-8,0.000000,0.916288,0.000000,,2026-05-21,2026-07-03,21,737,411,44,0.477273,,,0.000000,,,,,,,,GLOBAL_BASELINE_NO_ENTITY_RANKING,,,NOT_APPLICABLE_GLOBAL_BASELINE,HF9g-P5,,,,X 全窗基线 · 不参与实体赏罚,15057692,1506,A168_HF9F_20260827_0900,2026-08-27 09:00:00
2026-06-17,150345145,-1,1,1981.0000000000,-181.0000000000,-181.0000000000,0.5238095,24,24,0.49436260000000000,0.494362600000,0.2699026703909172,0.2699026703909172,0.2699026703909172,0E-17,SENTINEL_DEALER,R03b_20260811_FULL_v1,L1_ELIGIBILITY,v2026-08-11,2026-03-21..2026-08-06,baccarat_bet02_101_all_pairs_incl_sentinel,round_win = game_pnl > 0 (decisive only),COMPATIBILITY_ONLY_NOT_PRODUCTION,572437.0000,524517.0000,9908.1000,1302,1301,-0.01730863,,-0.01730863,-0.01730863,-9908.1000,572437.0000,OK,0.0000,396.3240,4.0000,96.0000,AG03-UNRESOLVED,ALL5_LEVELS_bet23_to_bet27,396.3240,396.3240,396.3240,396.3240,396.3240,4.000000,4.000000,4.000000,4.000000,4.000000,96.000000,96.000000,96.000000,96.000000,96.000000,5.0,1981.6200,1829.3058,7926.4800,8078.7942,PENDING_AG03,FALSE,NOT_FOR_ENFORCEMENT,9511.7760,503536.3200,9908.1000,9511.7760,396.3240,0.01730863,0.01661628,396.3240,9511.7760,0.01661628,396.3240,396.3240,396.3240,396.3240,396.3240,9511.7760,0.01661628,1981.6200,1829.3058,7926.4800,8078.7942,0.01384690,0.01411298,0.00069235,439.6598,403.1645,7.6158,471.8143,13.4438,27258.9048,61.9524,,439.6598,50.0,150.0,500.0,1000.0,2000.0,3959.9609,110.0,0.0,13.333333,26.39974,2.931065,29,147,15,4,0E-8,0.01730863,,0E-8,0.000000,0.916288,0.000000,,2026-05-21,2026-07-03,21,737,411,44,0.477273,,,0.000000,,,,,,,,GLOBAL_BASELINE_NO_ENTITY_RANKING,,,NOT_APPLICABLE_GLOBAL_BASELINE,HF9g-P5,,,,X 全窗基线 · 不参与实体赏罚,15057693,1506,A168_HF9F_20260827_0900,2026-08-27 09:00:00
2026-06-17,150345145,1302,0,160.0000000000,-160.0000000000,-160.0000000000,0E-7,1,1,0.49324550000000000,0.493245500000,-0.9865810262130424,-0.9865810262130424,-0.9865810262130424,0E-17,ELIGIBLE,R03b_20260811_FULL_v1,L1_ELIGIBILITY,v2026-08-11,2026-03-21..2026-08-06,baccarat_bet02_101_all_pairs_incl_sentinel,round_win = game_pnl > 0 (decisive only),COMPATIBILITY_ONLY_NOT_PRODUCTION,572437.0000,524517.0000,9908.1000,1302,1301,-0.01730863,,-0.01730863,-0.01730863,-9908.1000,572437.0000,OK,0.0000,396.3240,4.0000,96.0000,AG03-UNRESOLVED,ALL5_LEVELS_bet23_to_bet27,396.3240,396.3240,396.3240,396.3240,396.3240,4.000000,4.000000,4.000000,4.000000,4.000000,96.000000,96.000000,96.000000,96.000000,96.000000,5.0,1981.6200,1829.3058,7926.4800,8078.7942,PENDING_AG03,FALSE,NOT_FOR_ENFORCEMENT,9511.7760,503536.3200,9908.1000,9511.7760,396.3240,0.01730863,0.01661628,396.3240,9511.7760,0.01661628,396.3240,396.3240,396.3240,396.3240,396.3240,9511.7760,0.01661628,1981.6200,1829.3058,7926.4800,8078.7942,0.01384690,0.01411298,0.00069235,439.6598,403.1645,7.6158,471.8143,13.4438,27258.9048,61.9524,,439.6598,50.0,150.0,500.0,1000.0,2000.0,3959.9609,110.0,0.0,13.333333,26.39974,2.931065,29,147,15,4,0E-8,0.01730863,,0E-8,0.000000,0.916288,0.000000,,2026-05-21,2026-07-03,21,737,411,44,0.477273,,,0.000000,,,,,,,,GLOBAL_BASELINE_NO_ENTITY_RANKING,,,NOT_APPLICABLE_GLOBAL_BASELINE,HF9g-P5,,,,X 全窗基线 · 不参与实体赏罚,15057694,1506,A168_HF9F_20260827_0900,2026-08-27 09:00:00
2026-06-17,150345145,1307,0,50.0000000000,-50.0000000000,-50.0000000000,0E-7,1,1,0.49324550000000000,0.493245500000,-0.9865810262130424,-0.9865810262130424,-0.9865810262130424,0E-17,ELIGIBLE,R03b_20260811_FULL_v1,L1_ELIGIBILITY,v2026-08-11,2026-03-21..2026-08-06,baccarat_bet02_101_all_pairs_incl_sentinel,round_win = game_pnl > 0 (decisive only),COMPATIBILITY_ONLY_NOT_PRODUCTION,572437.0000,524517.0000,9908.1000,1302,1301,-0.01730863,,-0.01730863,-0.01730863,-9908.1000,572437.0000,OK,0.0000,396.3240,4.0000,96.0000,AG03-UNRESOLVED,ALL5_LEVELS_bet23_to_bet27,396.3240,396.3240,396.3240,396.3240,396.3240,4.000000,4.000000,4.000000,4.000000,4.000000,96.000000,96.000000,96.000000,96.000000,96.000000,5.0,1981.6200,1829.3058,7926.4800,8078.7942,PENDING_AG03,FALSE,NOT_FOR_ENFORCEMENT,9511.7760,503536.3200,9908.1000,9511.7760,396.3240,0.01730863,0.01661628,396.3240,9511.7760,0.01661628,396.3240,396.3240,396.3240,396.3240,396.3240,9511.7760,0.01661628,1981.6200,1829.3058,7926.4800,8078.7942,0.01384690,0.01411298,0.00069235,439.6598,403.1645,7.6158,471.8143,13.4438,27258.9048,61.9524,,439.6598,50.0,150.0,500.0,1000.0,2000.0,3959.9609,110.0,0.0,13.333333,26.39974,2.931065,29,147,15,4,0E-8,0.01730863,,0E-8,0.000000,0.916288,0.000000,,2026-05-21,2026-07-03,21,737,411,44,0.477273,,,0.000000,,,,,,,,GLOBAL_BASELINE_NO_ENTITY_RANKING,,,NOT_APPLICABLE_GLOBAL_BASELINE,HF9g-P5,,,,X 全窗基线 · 不参与实体赏罚,15057695,1506,A168_HF9F_20260827_0900,2026-08-27 09:00:00
2026-06-17,150345145,1325,0,81.0000000000,-81.0000000000,-81.0000000000,0E-7,2,2,0.49324550000000000,0.493245500000,-1.3952362676504506,-1.3952362676504506,-1.3952362676504506,0E-17,ELIGIBLE,R03b_20260811_FULL_v1,L1_ELIGIBILITY,v2026-08-11,2026-03-21..2026-08-06,baccarat_bet02_101_all_pairs_incl_sentinel,round_win = game_pnl > 0 (decisive only),COMPATIBILITY_ONLY_NOT_PRODUCTION,572437.0000,524517.0000,9908.1000,1302,1301,-0.01730863,,-0.01730863,-0.01730863,-9908.1000,572437.0000,OK,0.0000,396.3240,4.0000,96.0000,AG03-UNRESOLVED,ALL5_LEVELS_bet23_to_bet27,396.3240,396.3240,396.3240,396.3240,396.3240,4.000000,4.000000,4.000000,4.000000,4.000000,96.000000,96.000000,96.000000,96.000000,96.000000,5.0,1981.6200,1829.3058,7926.4800,8078.7942,PENDING_AG03,FALSE,NOT_FOR_ENFORCEMENT,9511.7760,503536.3200,9908.1000,9511.7760,396.3240,0.01730863,0.01661628,396.3240,9511.7760,0.01661628,396.3240,396.3240,396.3240,396.3240,396.3240,9511.7760,0.01661628,1981.6200,1829.3058,7926.4800,8078.7942,0.01384690,0.01411298,0.00069235,439.6598,403.1645,7.6158,471.8143,13.4438,27258.9048,61.9524,,439.6598,50.0,150.0,500.0,1000.0,2000.0,3959.9609,110.0,0.0,13.333333,26.39974,2.931065,29,147,15,4,0E-8,0.01730863,,0E-8,0.000000,0.916288,0.000000,,2026-05-21,2026-07-03,21,737,411,44,0.477273,,,0.000000,,,,,,,,GLOBAL_BASELINE_NO_ENTITY_RANKING,,,NOT_APPLICABLE_GLOBAL_BASELINE,HF9g-P5,,,,X 全窗基线 · 不参与实体赏罚,15057696,1506,A168_HF9F_20260827_0900,2026-08-27 09:00:00
2026-06-17,150345145,1399,0,110.0000000000,-51.5000000000,-51.5000000000,0.3333333,3,3,0.49771390000000000,0.497713900000,-0.5694369385616226,-0.5694369385616226,-0.5694369385616226,0E-17,ELIGIBLE,R03b_20260811_FULL_v1,L1_ELIGIBILITY,v2026-08-11,2026-03-21..2026-08-06,baccarat_bet02_101_all_pairs_incl_sentinel,round_win = game_pnl > 0 (decisive only),COMPATIBILITY_ONLY_NOT_PRODUCTION,572437.0000,524517.0000,9908.1000,1302,1301,-0.01730863,,-0.01730863,-0.01730863,-9908.1000,572437.0000,OK,0.0000,396.3240,4.0000,96.0000,AG03-UNRESOLVED,ALL5_LEVELS_bet23_to_bet27,396.3240,396.3240,396.3240,396.3240,396.3240,4.000000,4.000000,4.000000,4.000000,4.000000,96.000000,96.000000,96.000000,96.000000,96.000000,5.0,1981.6200,1829.3058,7926.4800,8078.7942,PENDING_AG03,FALSE,NOT_FOR_ENFORCEMENT,9511.7760,503536.3200,9908.1000,9511.7760,396.3240,0.01730863,0.01661628,396.3240,9511.7760,0.01661628,396.3240,396.3240,396.3240,396.3240,396.3240,9511.7760,0.01661628,1981.6200,1829.3058,7926.4800,8078.7942,0.01384690,0.01411298,0.00069235,439.6598,403.1645,7.6158,471.8143,13.4438,27258.9048,61.9524,,439.6598,50.0,150.0,500.0,1000.0,2000.0,3959.9609,110.0,0.0,13.333333,26.39974,2.931065,29,147,15,4,0E-8,0.01730863,,0E-8,0.000000,0.916288,0.000000,,2026-05-21,2026-07-03,21,737,411,44,0.477273,,,0.000000,,,,,,,,GLOBAL_BASELINE_NO_ENTITY_RANKING,,,NOT_APPLICABLE_GLOBAL_BASELINE,HF9g-P5,,,,X 全窗基线 · 不参与实体赏罚,15057697,1506,A168_HF9F_20260827_0900,2026-08-27 09:00:00
2026-06-17,150345145,1654,0,50.0000000000,-50.0000000000,-50.0000000000,0E-7,1,1,0.49324550000000000,0.493245500000,-0.9865810262130424,-0.9865810262130424,-0.9865810262130424,0E-17,ELIGIBLE,R03b_20260811_FULL_v1,L1_ELIGIBILITY,v2026-08-11,2026-03-21..2026-08-06,baccarat_bet02_101_all_pairs_incl_sentinel,round_win = game_pnl > 0 (decisive only),COMPATIBILITY_ONLY_NOT_PRODUCTION,572437.0000,524517.0000,9908.1000,1302,1301,-0.01730863,,-0.01730863,-0.01730863,-9908.1000,572437.0000,OK,0.0000,396.3240,4.0000,96.0000,AG03-UNRESOLVED,ALL5_LEVELS_bet23_to_bet27,396.3240,396.3240,396.3240,396.3240,396.3240,4.000000,4.000000,4.000000,4.000000,4.000000,96.000000,96.000000,96.000000,96.000000,96.000000,5.0,1981.6200,1829.3058,7926.4800,8078.7942,PENDING_AG03,FALSE,NOT_FOR_ENFORCEMENT,9511.7760,503536.3200,9908.1000,9511.7760,396.3240,0.01730863,0.01661628,396.3240,9511.7760,0.01661628,396.3240,396.3240,396.3240,396.3240,396.3240,9511.7760,0.01661628,1981.6200,1829.3058,7926.4800,8078.7942,0.01384690,0.01411298,0.00069235,439.6598,403.1645,7.6158,471.8143,13.4438,27258.9048,61.9524,,439.6598,50.0,150.0,500.0,1000.0,2000.0,3959.9609,110.0,0.0,13.333333,26.39974,2.931065,29,147,15,4,0E-8,0.01730863,,0E-8,0.000000,0.916288,0.000000,,2026-05-21,2026-07-03,21,737,411,44,0.477273,,,0.000000,,,,,,,,GLOBAL_BASELINE_NO_ENTITY_RANKING,,,NOT_APPLICABLE_GLOBAL_BASELINE,HF9g-P5,,,,X 全窗基线 · 不参与实体赏罚,15057698,1506,A168_HF9F_20260827_0900,2026-08-27 09:00:00
2026-06-17,150345145,1714,0,40.0000000000,40.0000000000,40.0000000000,1.0000000,1,1,0.49324550000000000,0.493245500000,1.01360149184955,1.01360149184955,1.01360149184955,0E-17,ELIGIBLE,R03b_20260811_FULL_v1,L1_ELIGIBILITY,v2026-08-11,2026-03-21..2026-08-06,baccarat_bet02_101_all_pairs_incl_sentinel,round_win = game_pnl > 0 (decisive only),COMPATIBILITY_ONLY_NOT_PRODUCTION,572437.0000,524517.0000,9908.1000,1302,1301,-0.01730863,,-0.01730863,-0.01730863,-9908.1000,572437.0000,OK,0.0000,396.3240,4.0000,96.0000,AG03-UNRESOLVED,ALL5_LEVELS_bet23_to_bet27,396.3240,396.3240,396.3240,396.3240,396.3240,4.000000,4.000000,4.000000,4.000000,4.000000,96.000000,96.000000,96.000000,96.000000,96.000000,5.0,1981.6200,1829.3058,7926.4800,8078.7942,PENDING_AG03,FALSE,NOT_FOR_ENFORCEMENT,9511.7760,503536.3200,9908.1000,9511.7760,396.3240,0.01730863,0.01661628,396.3240,9511.7760,0.01661628,396.3240,396.3240,396.3240,396.3240,396.3240,9511.7760,0.01661628,1981.6200,1829.3058,7926.4800,8078.7942,0.01384690,0.01411298,0.00069235,439.6598,403.1645,7.6158,471.8143,13.4438,27258.9048,61.9524,,439.6598,50.0,150.0,500.0,1000.0,2000.0,3959.9609,110.0,0.0,13.333333,26.39974,2.931065,29,147,15,4,0E-8,0.01730863,,0E-8,0.000000,0.916288,0.000000,,2026-05-21,2026-07-03,21,737,411,44,0.477273,,,0.000000,,,,,,,,GLOBAL_BASELINE_NO_ENTITY_RANKING,,,NOT_APPLICABLE_GLOBAL_BASELINE,HF9g-P5,,,,X 全窗基线 · 不参与实体赏罚,15057699,1506,A168_HF9F_20260827_0900,2026-08-27 09:00:00
2026-06-17,150345145,1985,0,30.0000000000,30.0000000000,30.0000000000,1.0000000,1,1,0.49324550000000000,0.493245500000,1.01360149184955,1.01360149184955,1.01360149184955,0E-17,ELIGIBLE,R03b_20260811_FULL_v1,L1_ELIGIBILITY,v2026-08-11,2026-03-21..2026-08-06,baccarat_bet02_101_all_pairs_incl_sentinel,round_win = game_pnl > 0 (decisive only),COMPATIBILITY_ONLY_NOT_PRODUCTION,572437.0000,524517.0000,9908.1000,1302,1301,-0.01730863,,-0.01730863,-0.01730863,-9908.1000,572437.0000,OK,0.0000,396.3240,4.0000,96.0000,AG03-UNRESOLVED,ALL5_LEVELS_bet23_to_bet27,396.3240,396.3240,396.3240,396.3240,396.3240,4.000000,4.000000,4.000000,4.000000,4.000000,96.000000,96.000000,96.000000,96.000000,96.000000,5.0,1981.6200,1829.3058,7926.4800,8078.7942,PENDING_AG03,FALSE,NOT_FOR_ENFORCEMENT,9511.7760,503536.3200,9908.1000,9511.7760,396.3240,0.01730863,0.01661628,396.3240,9511.7760,0.01661628,396.3240,396.3240,396.3240,396.3240,396.3240,9511.7760,0.01661628,1981.6200,1829.3058,7926.4800,8078.7942,0.01384690,0.01411298,0.00069235,439.6598,403.1645,7.6158,471.8143,13.4438,27258.9048,61.9524,,439.6598,50.0,150.0,500.0,1000.0,2000.0,3959.9609,110.0,0.0,13.333333,26.39974,2.931065,29,147,15,4,0E-8,0.01730863,,0E-8,0.000000,0.916288,0.000000,,2026-05-21,2026-07-03,21,737,411,44,0.477273,,,0.000000,,,,,,,,GLOBAL_BASELINE_NO_ENTITY_RANKING,,,NOT_APPLICABLE_GLOBAL_BASELINE,HF9g-P5,,,,X 全窗基线 · 不参与实体赏罚,15057700,1506,A168_HF9F_20260827_0900,2026-08-27 09:00:00
2026-06-17,150345145,1991,0,60.0000000000,-20.0000000000,-20.0000000000,0.5000000,2,2,0.49324550000000000,0.493245500000,0.01910635448239258,0.01910635448239258,0.01910635448239258,0E-17,ELIGIBLE,R03b_20260811_FULL_v1,L1_ELIGIBILITY,v2026-08-11,2026-03-21..2026-08-06,baccarat_bet02_101_all_pairs_incl_sentinel,round_win = game_pnl > 0 (decisive only),COMPATIBILITY_ONLY_NOT_PRODUCTION,572437.0000,524517.0000,9908.1000,1302,1301,-0.01730863,,-0.01730863,-0.01730863,-9908.1000,572437.0000,OK,0.0000,396.3240,4.0000,96.0000,AG03-UNRESOLVED,ALL5_LEVELS_bet23_to_bet27,396.3240,396.3240,396.3240,396.3240,396.3240,4.000000,4.000000,4.000000,4.000000,4.000000,96.000000,96.000000,96.000000,96.000000,96.000000,5.0,1981.6200,1829.3058,7926.4800,8078.7942,PENDING_AG03,FALSE,NOT_FOR_ENFORCEMENT,9511.7760,503536.3200,9908.1000,9511.7760,396.3240,0.01730863,0.01661628,396.3240,9511.7760,0.01661628,396.3240,396.3240,396.3240,396.3240,396.3240,9511.7760,0.01661628,1981.6200,1829.3058,7926.4800,8078.7942,0.01384690,0.01411298,0.00069235,439.6598,403.1645,7.6158,471.8143,13.4438,27258.9048,61.9524,,439.6598,50.0,150.0,500.0,1000.0,2000.0,3959.9609,110.0,0.0,13.333333,26.39974,2.931065,29,147,15,4,0E-8,0.01730863,,0E-8,0.000000,0.916288,0.000000,,2026-05-21,2026-07-03,21,737,411,44,0.477273,,,0.000000,,,,,,,,GLOBAL_BASELINE_NO_ENTITY_RANKING,,,NOT_APPLICABLE_GLOBAL_BASELINE,HF9g-P5,,,,X 全窗基线 · 不参与实体赏罚,15057701,1506,A168_HF9F_20260827_0900,2026-08-27 09:00:00
2026-06-17,150345145,2155,0,20.0000000000,20.0000000000,20.0000000000,1.0000000,1,1,0.49324550000000000,0.493245500000,1.01360149184955,1.01360149184955,1.01360149184955,0E-17,ELIGIBLE,R03b_20260811_FULL_v1,L1_ELIGIBILITY,v2026-08-11,2026-03-21..2026-08-06,baccarat_bet02_101_all_pairs_incl_sentinel,round_win = game_pnl > 0 (decisive only),COMPATIBILITY_ONLY_NOT_PRODUCTION,572437.0000,524517.0000,9908.1000,1302,1301,-0.01730863,,-0.01730863,-0.01730863,-9908.1000,572437.0000,OK,0.0000,396.3240,4.0000,96.0000,AG03-UNRESOLVED,ALL5_LEVELS_bet23_to_bet27,396.3240,396.3240,396.3240,396.3240,396.3240,4.000000,4.000000,4.000000,4.000000,4.000000,96.000000,96.000000,96.000000,96.000000,96.000000,5.0,1981.6200,1829.3058,7926.4800,8078.7942,PENDING_AG03,FALSE,NOT_FOR_ENFORCEMENT,9511.7760,503536.3200,9908.1000,9511.7760,396.3240,0.01730863,0.01661628,396.3240,9511.7760,0.01661628,396.3240,396.3240,396.3240,396.3240,396.3240,9511.7760,0.01661628,1981.6200,1829.3058,7926.4800,8078.7942,0.01384690,0.01411298,0.00069235,439.6598,403.1645,7.6158,471.8143,13.4438,27258.9048,61.9524,,439.6598,50.0,150.0,500.0,1000.0,2000.0,3959.9609,110.0,0.0,13.333333,26.39974,2.931065,29,147,15,4,0E-8,0.01730863,,0E-8,0.000000,0.916288,0.000000,,2026-05-21,2026-07-03,21,737,411,44,0.477273,,,0.000000,,,,,,,,GLOBAL_BASELINE_NO_ENTITY_RANKING,,,NOT_APPLICABLE_GLOBAL_BASELINE,HF9g-P5,,,,X 全窗基线 · 不参与实体赏罚,15057702,1506,A168_HF9F_20260827_0900,2026-08-27 09:00:00
2026-06-17,150345145,2175,0,65.0000000000,-5.0000000000,-5.0000000000,0.5000000,2,2,0.49324550000000000,0.493245500000,0.01910635448239258,0.01910635448239258,0.01910635448239258,0E-17,ELIGIBLE,R03b_20260811_FULL_v1,L1_ELIGIBILITY,v2026-08-11,2026-03-21..2026-08-06,baccarat_bet02_101_all_pairs_incl_sentinel,round_win = game_pnl > 0 (decisive only),COMPATIBILITY_ONLY_NOT_PRODUCTION,572437.0000,524517.0000,9908.1000,1302,1301,-0.01730863,,-0.01730863,-0.01730863,-9908.1000,572437.0000,OK,0.0000,396.3240,4.0000,96.0000,AG03-UNRESOLVED,ALL5_LEVELS_bet23_to_bet27,396.3240,396.3240,396.3240,396.3240,396.3240,4.000000,4.000000,4.000000,4.000000,4.000000,96.000000,96.000000,96.000000,96.000000,96.000000,5.0,1981.6200,1829.3058,7926.4800,8078.7942,PENDING_AG03,FALSE,NOT_FOR_ENFORCEMENT,9511.7760,503536.3200,9908.1000,9511.7760,396.3240,0.01730863,0.01661628,396.3240,9511.7760,0.01661628,396.3240,396.3240,396.3240,396.3240,396.3240,9511.7760,0.01661628,1981.6200,1829.3058,7926.4800,8078.7942,0.01384690,0.01411298,0.00069235,439.6598,403.1645,7.6158,471.8143,13.4438,27258.9048,61.9524,,439.6598,50.0,150.0,500.0,1000.0,2000.0,3959.9609,110.0,0.0,13.333333,26.39974,2.931065,29,147,15,4,0E-8,0.01730863,,0E-8,0.000000,0.916288,0.000000,,2026-05-21,2026-07-03,21,737,411,44,0.477273,,,0.000000,,,,,,,,GLOBAL_BASELINE_NO_ENTITY_RANKING,,,NOT_APPLICABLE_GLOBAL_BASELINE,HF9g-P5,,,,X 全窗基线 · 不参与实体赏罚,15057703,1506,A168_HF9F_20260827_0900,2026-08-27 09:00:00
2026-06-17,150345145,2187,0,36.0000000000,36.0000000000,36.0000000000,1.0000000,1,1,0.49324550000000000,0.493245500000,1.01360149184955,1.01360149184955,1.01360149184955,0E-17,ELIGIBLE,R03b_20260811_FULL_v1,L1_ELIGIBILITY,v2026-08-11,2026-03-21..2026-08-06,baccarat_bet02_101_all_pairs_incl_sentinel,round_win = game_pnl > 0 (decisive only),COMPATIBILITY_ONLY_NOT_PRODUCTION,572437.0000,524517.0000,9908.1000,1302,1301,-0.01730863,,-0.01730863,-0.01730863,-9908.1000,572437.0000,OK,0.0000,396.3240,4.0000,96.0000,AG03-UNRESOLVED,ALL5_LEVELS_bet23_to_bet27,396.3240,396.3240,396.3240,396.3240,396.3240,4.000000,4.000000,4.000000,4.000000,4.000000,96.000000,96.000000,96.000000,96.000000,96.000000,5.0,1981.6200,1829.3058,7926.4800,8078.7942,PENDING_AG03,FALSE,NOT_FOR_ENFORCEMENT,9511.7760,503536.3200,9908.1000,9511.7760,396.3240,0.01730863,0.01661628,396.3240,9511.7760,0.01661628,396.3240,396.3240,396.3240,396.3240,396.3240,9511.7760,0.01661628,1981.6200,1829.3058,7926.4800,8078.7942,0.01384690,0.01411298,0.00069235,439.6598,403.1645,7.6158,471.8143,13.4438,27258.9048,61.9524,,439.6598,50.0,150.0,500.0,1000.0,2000.0,3959.9609,110.0,0.0,13.333333,26.39974,2.931065,29,147,15,4,0E-8,0.01730863,,0E-8,0.000000,0.916288,0.000000,,2026-05-21,2026-07-03,21,737,411,44,0.477273,,,0.000000,,,,,,,,GLOBAL_BASELINE_NO_ENTITY_RANKING,,,NOT_APPLICABLE_GLOBAL_BASELINE,HF9g-P5,,,,X 全窗基线 · 不参与实体赏罚,15057704,1506,A168_HF9F_20260827_0900,2026-08-27 09:00:00
2026-06-17,150345145,2205,0,43.0000000000,-43.0000000000,-43.0000000000,0E-7,1,1,0.49324550000000000,0.493245500000,-0.9865810262130424,-0.9865810262130424,-0.9865810262130424,0E-17,ELIGIBLE,R03b_20260811_FULL_v1,L1_ELIGIBILITY,v2026-08-11,2026-03-21..2026-08-06,baccarat_bet02_101_all_pairs_incl_sentinel,round_win = game_pnl > 0 (decisive only),COMPATIBILITY_ONLY_NOT_PRODUCTION,572437.0000,524517.0000,9908.1000,1302,1301,-0.01730863,,-0.01730863,-0.01730863,-9908.1000,572437.0000,OK,0.0000,396.3240,4.0000,96.0000,AG03-UNRESOLVED,ALL5_LEVELS_bet23_to_bet27,396.3240,396.3240,396.3240,396.3240,396.3240,4.000000,4.000000,4.000000,4.000000,4.000000,96.000000,96.000000,96.000000,96.000000,96.000000,5.0,1981.6200,1829.3058,7926.4800,8078.7942,PENDING_AG03,FALSE,NOT_FOR_ENFORCEMENT,9511.7760,503536.3200,9908.1000,9511.7760,396.3240,0.01730863,0.01661628,396.3240,9511.7760,0.01661628,396.3240,396.3240,396.3240,396.3240,396.3240,9511.7760,0.01661628,1981.6200,1829.3058,7926.4800,8078.7942,0.01384690,0.01411298,0.00069235,439.6598,403.1645,7.6158,471.8143,13.4438,27258.9048,61.9524,,439.6598,50.0,150.0,500.0,1000.0,2000.0,3959.9609,110.0,0.0,13.333333,26.39974,2.931065,29,147,15,4,0E-8,0.01730863,,0E-8,0.000000,0.916288,0.000000,,2026-05-21,2026-07-03,21,737,411,44,0.477273,,,0.000000,,,,,,,,GLOBAL_BASELINE_NO_ENTITY_RANKING,,,NOT_APPLICABLE_GLOBAL_BASELINE,HF9g-P5,,,,X 全窗基线 · 不参与实体赏罚,15057705,1506,A168_HF9F_20260827_0900,2026-08-27 09:00:00
2026-06-17,150345145,2251,0,100.0000000000,0E-10,0E-10,,1,1,0.49324550000000000,0.493245500000,,,,0E-17,NO_DECISIVE_ROUND,R03b_20260811_FULL_v1,L1_ELIGIBILITY,v2026-08-11,2026-03-21..2026-08-06,baccarat_bet02_101_all_pairs_incl_sentinel,round_win = game_pnl > 0 (decisive only),COMPATIBILITY_ONLY_NOT_PRODUCTION,572437.0000,524517.0000,9908.1000,1302,1301,-0.01730863,,-0.01730863,-0.01730863,-9908.1000,572437.0000,OK,0.0000,396.3240,4.0000,96.0000,AG03-UNRESOLVED,ALL5_LEVELS_bet23_to_bet27,396.3240,396.3240,396.3240,396.3240,396.3240,4.000000,4.000000,4.000000,4.000000,4.000000,96.000000,96.000000,96.000000,96.000000,96.000000,5.0,1981.6200,1829.3058,7926.4800,8078.7942,PENDING_AG03,FALSE,NOT_FOR_ENFORCEMENT,9511.7760,503536.3200,9908.1000,9511.7760,396.3240,0.01730863,0.01661628,396.3240,9511.7760,0.01661628,396.3240,396.3240,396.3240,396.3240,396.3240,9511.7760,0.01661628,1981.6200,1829.3058,7926.4800,8078.7942,0.01384690,0.01411298,0.00069235,439.6598,403.1645,7.6158,471.8143,13.4438,27258.9048,61.9524,,439.6598,50.0,150.0,500.0,1000.0,2000.0,3959.9609,110.0,0.0,13.333333,26.39974,2.931065,29,147,15,4,0E-8,0.01730863,,0E-8,0.000000,0.916288,0.000000,,2026-05-21,2026-07-03,21,737,411,44,0.477273,,,0.000000,,,,,,,,GLOBAL_BASELINE_NO_ENTITY_RANKING,,,NOT_APPLICABLE_GLOBAL_BASELINE,HF9g-P5,,,,X 全窗基线 · 不参与实体赏罚,15057706,1506,A168_HF9F_20260827_0900,2026-08-27 09:00:00
2026-06-17,150345145,529,0,50.0000000000,0E-10,0E-10,,1,1,0.50665070000000000,0.506650700000,,,,0E-17,NO_DECISIVE_ROUND,R03b_20260811_FULL_v1,L1_ELIGIBILITY,v2026-08-11,2026-03-21..2026-08-06,baccarat_bet02_101_all_pairs_incl_sentinel,round_win = game_pnl > 0 (decisive only),COMPATIBILITY_ONLY_NOT_PRODUCTION,572437.0000,524517.0000,9908.1000,1302,1301,-0.01730863,,-0.01730863,-0.01730863,-9908.1000,572437.0000,OK,0.0000,396.3240,4.0000,96.0000,AG03-UNRESOLVED,ALL5_LEVELS_bet23_to_bet27,396.3240,396.3240,396.3240,396.3240,396.3240,4.000000,4.000000,4.000000,4.000000,4.000000,96.000000,96.000000,96.000000,96.000000,96.000000,5.0,1981.6200,1829.3058,7926.4800,8078.7942,PENDING_AG03,FALSE,NOT_FOR_ENFORCEMENT,9511.7760,503536.3200,9908.1000,9511.7760,396.3240,0.01730863,0.01661628,396.3240,9511.7760,0.01661628,396.3240,396.3240,396.3240,396.3240,396.3240,9511.7760,0.01661628,1981.6200,1829.3058,7926.4800,8078.7942,0.01384690,0.01411298,0.00069235,439.6598,403.1645,7.6158,471.8143,13.4438,27258.9048,61.9524,,439.6598,50.0,150.0,500.0,1000.0,2000.0,3959.9609,110.0,0.0,13.333333,26.39974,2.931065,29,147,15,4,0E-8,0.01730863,,0E-8,0.000000,0.916288,0.000000,,2026-05-21,2026-07-03,21,737,411,44,0.477273,,,0.000000,,,,,,,,GLOBAL_BASELINE_NO_ENTITY_RANKING,,,NOT_APPLICABLE_GLOBAL_BASELINE,HF9g-P5,,,,X 全窗基线 · 不参与实体赏罚,15057707,1506,A168_HF9F_20260827_0900,2026-08-27 09:00:00
2026-06-17,150345145,763,0,30.0000000000,30.0000000000,30.0000000000,1.0000000,1,1,0.49324550000000000,0.493245500000,1.01360149184955,1.01360149184955,1.01360149184955,0E-17,ELIGIBLE,R03b_20260811_FULL_v1,L1_ELIGIBILITY,v2026-08-11,2026-03-21..2026-08-06,baccarat_bet02_101_all_pairs_incl_sentinel,round_win = game_pnl > 0 (decisive only),COMPATIBILITY_ONLY_NOT_PRODUCTION,572437.0000,524517.0000,9908.1000,1302,1301,-0.01730863,,-0.01730863,-0.01730863,-9908.1000,572437.0000,OK,0.0000,396.3240,4.0000,96.0000,AG03-UNRESOLVED,ALL5_LEVELS_bet23_to_bet27,396.3240,396.3240,396.3240,396.3240,396.3240,4.000000,4.000000,4.000000,4.000000,4.000000,96.000000,96.000000,96.000000,96.000000,96.000000,5.0,1981.6200,1829.3058,7926.4800,8078.7942,PENDING_AG03,FALSE,NOT_FOR_ENFORCEMENT,9511.7760,503536.3200,9908.1000,9511.7760,396.3240,0.01730863,0.01661628,396.3240,9511.7760,0.01661628,396.3240,396.3240,396.3240,396.3240,396.3240,9511.7760,0.01661628,1981.6200,1829.3058,7926.4800,8078.7942,0.01384690,0.01411298,0.00069235,439.6598,403.1645,7.6158,471.8143,13.4438,27258.9048,61.9524,,439.6598,50.0,150.0,500.0,1000.0,2000.0,3959.9609,110.0,0.0,13.333333,26.39974,2.931065,29,147,15,4,0E-8,0.01730863,,0E-8,0.000000,0.916288,0.000000,,2026-05-21,2026-07-03,21,737,411,44,0.477273,,,0.000000,,,,,,,,GLOBAL_BASELINE_NO_ENTITY_RANKING,,,NOT_APPLICABLE_GLOBAL_BASELINE,HF9g-P5,,,,X 全窗基线 · 不参与实体赏罚,15057708,1506,A168_HF9F_20260827_0900,2026-08-27 09:00:00
2026-06-17,150345145,772,0,20.0000000000,-20.0000000000,-20.0000000000,0E-7,1,1,0.49324550000000000,0.493245500000,-0.9865810262130424,-0.9865810262130424,-0.9865810262130424,0E-17,ELIGIBLE,R03b_20260811_FULL_v1,L1_ELIGIBILITY,v2026-08-11,2026-03-21..2026-08-06,baccarat_bet02_101_all_pairs_incl_sentinel,round_win = game_pnl > 0 (decisive only),COMPATIBILITY_ONLY_NOT_PRODUCTION,572437.0000,524517.0000,9908.1000,1302,1301,-0.01730863,,-0.01730863,-0.01730863,-9908.1000,572437.0000,OK,0.0000,396.3240,4.0000,96.0000,AG03-UNRESOLVED,ALL5_LEVELS_bet23_to_bet27,396.3240,396.3240,396.3240,396.3240,396.3240,4.000000,4.000000,4.000000,4.000000,4.000000,96.000000,96.000000,96.000000,96.000000,96.000000,5.0,1981.6200,1829.3058,7926.4800,8078.7942,PENDING_AG03,FALSE,NOT_FOR_ENFORCEMENT,9511.7760,503536.3200,9908.1000,9511.7760,396.3240,0.01730863,0.01661628,396.3240,9511.7760,0.01661628,396.3240,396.3240,396.3240,396.3240,396.3240,9511.7760,0.01661628,1981.6200,1829.3058,7926.4800,8078.7942,0.01384690,0.01411298,0.00069235,439.6598,403.1645,7.6158,471.8143,13.4438,27258.9048,61.9524,,439.6598,50.0,150.0,500.0,1000.0,2000.0,3959.9609,110.0,0.0,13.333333,26.39974,2.931065,29,147,15,4,0E-8,0.01730863,,0E-8,0.000000,0.916288,0.000000,,2026-05-21,2026-07-03,21,737,411,44,0.477273,,,0.000000,,,,,,,,GLOBAL_BASELINE_NO_ENTITY_RANKING,,,NOT_APPLICABLE_GLOBAL_BASELINE,HF9g-P5,,,,X 全窗基线 · 不参与实体赏罚,15057709,1506,A168_HF9F_20260827_0900,2026-08-27 09:00:00
2026-06-20,150345145,-1,1,140.0000000000,-26.2500000000,-26.2500000000,0.4285714,7,7,0.49899058571428571,0.498990585714,-0.3726239140161595,-0.3726239140146481,-0.3726239140161595,2.8571E-13,SENTINEL_DEALER,R03b_20260811_FULL_v1,L1_ELIGIBILITY,v2026-08-11,2026-03-21..2026-08-06,baccarat_bet02_101_all_pairs_incl_sentinel,round_win = game_pnl > 0 (decisive only),COMPATIBILITY_ONLY_NOT_PRODUCTION,572437.0000,524517.0000,9908.1000,1302,1301,-0.01730863,,-0.01730863,-0.01730863,-9908.1000,572437.0000,OK,0.0000,396.3240,4.0000,96.0000,AG03-UNRESOLVED,ALL5_LEVELS_bet23_to_bet27,396.3240,396.3240,396.3240,396.3240,396.3240,4.000000,4.000000,4.000000,4.000000,4.000000,96.000000,96.000000,96.000000,96.000000,96.000000,5.0,1981.6200,1829.3058,7926.4800,8078.7942,PENDING_AG03,FALSE,NOT_FOR_ENFORCEMENT,9511.7760,503536.3200,9908.1000,9511.7760,396.3240,0.01730863,0.01661628,396.3240,9511.7760,0.01661628,396.3240,396.3240,396.3240,396.3240,396.3240,9511.7760,0.01661628,1981.6200,1829.3058,7926.4800,8078.7942,0.01384690,0.01411298,0.00069235,439.6598,403.1645,7.6158,471.8143,13.4438,27258.9048,61.9524,,439.6598,50.0,150.0,500.0,1000.0,2000.0,3959.9609,110.0,0.0,13.333333,26.39974,2.931065,29,147,15,4,0E-8,0.01730863,,0E-8,0.000000,0.916288,0.000000,,2026-05-21,2026-07-03,21,737,411,44,0.477273,,,0.000000,,,,,,,,GLOBAL_BASELINE_NO_ENTITY_RANKING,,,NOT_APPLICABLE_GLOBAL_BASELINE,HF9g-P5,,,,X 全窗基线 · 不参与实体赏罚,15057710,1506,A168_HF9F_20260827_0900,2026-08-27 09:00:00
2026-06-20,150345145,1385,0,10.0000000000,-10.0000000000,-10.0000000000,0E-7,1,1,0.49324550000000000,0.493245500000,-0.9865810262130424,-0.9865810262130424,-0.9865810262130424,0E-17,ELIGIBLE,R03b_20260811_FULL_v1,L1_ELIGIBILITY,v2026-08-11,2026-03-21..2026-08-06,baccarat_bet02_101_all_pairs_incl_sentinel,round_win = game_pnl > 0 (decisive only),COMPATIBILITY_ONLY_NOT_PRODUCTION,572437.0000,524517.0000,9908.1000,1302,1301,-0.01730863,,-0.01730863,-0.01730863,-9908.1000,572437.0000,OK,0.0000,396.3240,4.0000,96.0000,AG03-UNRESOLVED,ALL5_LEVELS_bet23_to_bet27,396.3240,396.3240,396.3240,396.3240,396.3240,4.000000,4.000000,4.000000,4.000000,4.000000,96.000000,96.000000,96.000000,96.000000,96.000000,5.0,1981.6200,1829.3058,7926.4800,8078.7942,PENDING_AG03,FALSE,NOT_FOR_ENFORCEMENT,9511.7760,503536.3200,9908.1000,9511.7760,396.3240,0.01730863,0.01661628,396.3240,9511.7760,0.01661628,396.3240,396.3240,396.3240,396.3240,396.3240,9511.7760,0.01661628,1981.6200,1829.3058,7926.4800,8078.7942,0.01384690,0.01411298,0.00069235,439.6598,403.1645,7.6158,471.8143,13.4438,27258.9048,61.9524,,439.6598,50.0,150.0,500.0,1000.0,2000.0,3959.9609,110.0,0.0,13.333333,26.39974,2.931065,29,147,15,4,0E-8,0.01730863,,0E-8,0.000000,0.916288,0.000000,,2026-05-21,2026-07-03,21,737,411,44,0.477273,,,0.000000,,,,,,,,GLOBAL_BASELINE_NO_ENTITY_RANKING,,,NOT_APPLICABLE_GLOBAL_BASELINE,HF9g-P5,,,,X 全窗基线 · 不参与实体赏罚,15057711,1506,A168_HF9F_20260827_0900,2026-08-27 09:00:00
2026-06-20,150345145,1400,0,42.0000000000,-42.0000000000,-42.0000000000,0E-7,1,1,0.49324550000000000,0.493245500000,-0.9865810262130424,-0.9865810262130424,-0.9865810262130424,0E-17,ELIGIBLE,R03b_20260811_FULL_v1,L1_ELIGIBILITY,v2026-08-11,2026-03-21..2026-08-06,baccarat_bet02_101_all_pairs_incl_sentinel,round_win = game_pnl > 0 (decisive only),COMPATIBILITY_ONLY_NOT_PRODUCTION,572437.0000,524517.0000,9908.1000,1302,1301,-0.01730863,,-0.01730863,-0.01730863,-9908.1000,572437.0000,OK,0.0000,396.3240,4.0000,96.0000,AG03-UNRESOLVED,ALL5_LEVELS_bet23_to_bet27,396.3240,396.3240,396.3240,396.3240,396.3240,4.000000,4.000000,4.000000,4.000000,4.000000,96.000000,96.000000,96.000000,96.000000,96.000000,5.0,1981.6200,1829.3058,7926.4800,8078.7942,PENDING_AG03,FALSE,NOT_FOR_ENFORCEMENT,9511.7760,503536.3200,9908.1000,9511.7760,396.3240,0.01730863,0.01661628,396.3240,9511.7760,0.01661628,396.3240,396.3240,396.3240,396.3240,396.3240,9511.7760,0.01661628,1981.6200,1829.3058,7926.4800,8078.7942,0.01384690,0.01411298,0.00069235,439.6598,403.1645,7.6158,471.8143,13.4438,27258.9048,61.9524,,439.6598,50.0,150.0,500.0,1000.0,2000.0,3959.9609,110.0,0.0,13.333333,26.39974,2.931065,29,147,15,4,0E-8,0.01730863,,0E-8,0.000000,0.916288,0.000000,,2026-05-21,2026-07-03,21,737,411,44,0.477273,,,0.000000,,,,,,,,GLOBAL_BASELINE_NO_ENTITY_RANKING,,,NOT_APPLICABLE_GLOBAL_BASELINE,HF9g-P5,,,,X 全窗基线 · 不参与实体赏罚,15057712,1506,A168_HF9F_20260827_0900,2026-08-27 09:00:00
2026-06-20,150345145,1947,0,42.0000000000,0E-10,0E-10,0.5000000,2,2,0.49324550000000000,0.493245500000,0.01910635448239258,0.01910635448239258,0.01910635448239258,0E-17,ELIGIBLE,R03b_20260811_FULL_v1,L1_ELIGIBILITY,v2026-08-11,2026-03-21..2026-08-06,baccarat_bet02_101_all_pairs_incl_sentinel,round_win = game_pnl > 0 (decisive only),COMPATIBILITY_ONLY_NOT_PRODUCTION,572437.0000,524517.0000,9908.1000,1302,1301,-0.01730863,,-0.01730863,-0.01730863,-9908.1000,572437.0000,OK,0.0000,396.3240,4.0000,96.0000,AG03-UNRESOLVED,ALL5_LEVELS_bet23_to_bet27,396.3240,396.3240,396.3240,396.3240,396.3240,4.000000,4.000000,4.000000,4.000000,4.000000,96.000000,96.000000,96.000000,96.000000,96.000000,5.0,1981.6200,1829.3058,7926.4800,8078.7942,PENDING_AG03,FALSE,NOT_FOR_ENFORCEMENT,9511.7760,503536.3200,9908.1000,9511.7760,396.3240,0.01730863,0.01661628,396.3240,9511.7760,0.01661628,396.3240,396.3240,396.3240,396.3240,396.3240,9511.7760,0.01661628,1981.6200,1829.3058,7926.4800,8078.7942,0.01384690,0.01411298,0.00069235,439.6598,403.1645,7.6158,471.8143,13.4438,27258.9048,61.9524,,439.6598,50.0,150.0,500.0,1000.0,2000.0,3959.9609,110.0,0.0,13.333333,26.39974,2.931065,29,147,15,4,0E-8,0.01730863,,0E-8,0.000000,0.916288,0.000000,,2026-05-21,2026-07-03,21,737,411,44,0.477273,,,0.000000,,,,,,,,GLOBAL_BASELINE_NO_ENTITY_RANKING,,,NOT_APPLICABLE_GLOBAL_BASELINE,HF9g-P5,,,,X 全窗基线 · 不参与实体赏罚,15057713,1506,A168_HF9F_20260827_0900,2026-08-27 09:00:00
2026-06-20,150345145,2129,0,42.0000000000,42.0000000000,42.0000000000,1.0000000,1,1,0.49324550000000000,0.493245500000,1.01360149184955,1.01360149184955,1.01360149184955,0E-17,ELIGIBLE,R03b_20260811_FULL_v1,L1_ELIGIBILITY,v2026-08-11,2026-03-21..2026-08-06,baccarat_bet02_101_all_pairs_incl_sentinel,round_win = game_pnl > 0 (decisive only),COMPATIBILITY_ONLY_NOT_PRODUCTION,572437.0000,524517.0000,9908.1000,1302,1301,-0.01730863,,-0.01730863,-0.01730863,-9908.1000,572437.0000,OK,0.0000,396.3240,4.0000,96.0000,AG03-UNRESOLVED,ALL5_LEVELS_bet23_to_bet27,396.3240,396.3240,396.3240,396.3240,396.3240,4.000000,4.000000,4.000000,4.000000,4.000000,96.000000,96.000000,96.000000,96.000000,96.000000,5.0,1981.6200,1829.3058,7926.4800,8078.7942,PENDING_AG03,FALSE,NOT_FOR_ENFORCEMENT,9511.7760,503536.3200,9908.1000,9511.7760,396.3240,0.01730863,0.01661628,396.3240,9511.7760,0.01661628,396.3240,396.3240,396.3240,396.3240,396.3240,9511.7760,0.01661628,1981.6200,1829.3058,7926.4800,8078.7942,0.01384690,0.01411298,0.00069235,439.6598,403.1645,7.6158,471.8143,13.4438,27258.9048,61.9524,,439.6598,50.0,150.0,500.0,1000.0,2000.0,3959.9609,110.0,0.0,13.333333,26.39974,2.931065,29,147,15,4,0E-8,0.01730863,,0E-8,0.000000,0.916288,0.000000,,2026-05-21,2026-07-03,21,737,411,44,0.477273,,,0.000000,,,,,,,,GLOBAL_BASELINE_NO_ENTITY_RANKING,,,NOT_APPLICABLE_GLOBAL_BASELINE,HF9g-P5,,,,X 全窗基线 · 不参与实体赏罚,15057714,1506,A168_HF9F_20260827_0900,2026-08-27 09:00:00
2026-06-20,150345145,2130,0,20.0000000000,20.0000000000,20.0000000000,1.0000000,2,2,0.49324550000000000,0.493245500000,1.4334489766152358,1.4334489766152358,1.4334489766152358,0E-17,ELIGIBLE,R03b_20260811_FULL_v1,L1_ELIGIBILITY,v2026-08-11,2026-03-21..2026-08-06,baccarat_bet02_101_all_pairs_incl_sentinel,round_win = game_pnl > 0 (decisive only),COMPATIBILITY_ONLY_NOT_PRODUCTION,572437.0000,524517.0000,9908.1000,1302,1301,-0.01730863,,-0.01730863,-0.01730863,-9908.1000,572437.0000,OK,0.0000,396.3240,4.0000,96.0000,AG03-UNRESOLVED,ALL5_LEVELS_bet23_to_bet27,396.3240,396.3240,396.3240,396.3240,396.3240,4.000000,4.000000,4.000000,4.000000,4.000000,96.000000,96.000000,96.000000,96.000000,96.000000,5.0,1981.6200,1829.3058,7926.4800,8078.7942,PENDING_AG03,FALSE,NOT_FOR_ENFORCEMENT,9511.7760,503536.3200,9908.1000,9511.7760,396.3240,0.01730863,0.01661628,396.3240,9511.7760,0.01661628,396.3240,396.3240,396.3240,396.3240,396.3240,9511.7760,0.01661628,1981.6200,1829.3058,7926.4800,8078.7942,0.01384690,0.01411298,0.00069235,439.6598,403.1645,7.6158,471.8143,13.4438,27258.9048,61.9524,,439.6598,50.0,150.0,500.0,1000.0,2000.0,3959.9609,110.0,0.0,13.333333,26.39974,2.931065,29,147,15,4,0E-8,0.01730863,,0E-8,0.000000,0.916288,0.000000,,2026-05-21,2026-07-03,21,737,411,44,0.477273,,,0.000000,,,,,,,,GLOBAL_BASELINE_NO_ENTITY_RANKING,,,NOT_APPLICABLE_GLOBAL_BASELINE,HF9g-P5,,,,X 全窗基线 · 不参与实体赏罚,15057715,1506,A168_HF9F_20260827_0900,2026-08-27 09:00:00
2026-06-20,150345145,2160,0,70.0000000000,-70.0000000000,-70.0000000000,0E-7,3,3,0.49771390000000000,0.497713900000,-1.724149546644903,-1.724149546644903,-1.724149546644903,0E-17,ELIGIBLE,R03b_20260811_FULL_v1,L1_ELIGIBILITY,v2026-08-11,2026-03-21..2026-08-06,baccarat_bet02_101_all_pairs_incl_sentinel,round_win = game_pnl > 0 (decisive only),COMPATIBILITY_ONLY_NOT_PRODUCTION,572437.0000,524517.0000,9908.1000,1302,1301,-0.01730863,,-0.01730863,-0.01730863,-9908.1000,572437.0000,OK,0.0000,396.3240,4.0000,96.0000,AG03-UNRESOLVED,ALL5_LEVELS_bet23_to_bet27,396.3240,396.3240,396.3240,396.3240,396.3240,4.000000,4.000000,4.000000,4.000000,4.000000,96.000000,96.000000,96.000000,96.000000,96.000000,5.0,1981.6200,1829.3058,7926.4800,8078.7942,PENDING_AG03,FALSE,NOT_FOR_ENFORCEMENT,9511.7760,503536.3200,9908.1000,9511.7760,396.3240,0.01730863,0.01661628,396.3240,9511.7760,0.01661628,396.3240,396.3240,396.3240,396.3240,396.3240,9511.7760,0.01661628,1981.6200,1829.3058,7926.4800,8078.7942,0.01384690,0.01411298,0.00069235,439.6598,403.1645,7.6158,471.8143,13.4438,27258.9048,61.9524,,439.6598,50.0,150.0,500.0,1000.0,2000.0,3959.9609,110.0,0.0,13.333333,26.39974,2.931065,29,147,15,4,0E-8,0.01730863,,0E-8,0.000000,0.916288,0.000000,,2026-05-21,2026-07-03,21,737,411,44,0.477273,,,0.000000,,,,,,,,GLOBAL_BASELINE_NO_ENTITY_RANKING,,,NOT_APPLICABLE_GLOBAL_BASELINE,HF9g-P5,,,,X 全窗基线 · 不参与实体赏罚,15057716,1506,A168_HF9F_20260827_0900,2026-08-27 09:00:00
2026-06-20,150345145,2167,0,36.0000000000,25.0000000000,25.0000000000,1.0000000,2,2,0.49324550000000000,0.493245500000,1.01360149184955,1.01360149184955,1.01360149184955,0E-17,ELIGIBLE,R03b_20260811_FULL_v1,L1_ELIGIBILITY,v2026-08-11,2026-03-21..2026-08-06,baccarat_bet02_101_all_pairs_incl_sentinel,round_win = game_pnl > 0 (decisive only),COMPATIBILITY_ONLY_NOT_PRODUCTION,572437.0000,524517.0000,9908.1000,1302,1301,-0.01730863,,-0.01730863,-0.01730863,-9908.1000,572437.0000,OK,0.0000,396.3240,4.0000,96.0000,AG03-UNRESOLVED,ALL5_LEVELS_bet23_to_bet27,396.3240,396.3240,396.3240,396.3240,396.3240,4.000000,4.000000,4.000000,4.000000,4.000000,96.000000,96.000000,96.000000,96.000000,96.000000,5.0,1981.6200,1829.3058,7926.4800,8078.7942,PENDING_AG03,FALSE,NOT_FOR_ENFORCEMENT,9511.7760,503536.3200,9908.1000,9511.7760,396.3240,0.01730863,0.01661628,396.3240,9511.7760,0.01661628,396.3240,396.3240,396.3240,396.3240,396.3240,9511.7760,0.01661628,1981.6200,1829.3058,7926.4800,8078.7942,0.01384690,0.01411298,0.00069235,439.6598,403.1645,7.6158,471.8143,13.4438,27258.9048,61.9524,,439.6598,50.0,150.0,500.0,1000.0,2000.0,3959.9609,110.0,0.0,13.333333,26.39974,2.931065,29,147,15,4,0E-8,0.01730863,,0E-8,0.000000,0.916288,0.000000,,2026-05-21,2026-07-03,21,737,411,44,0.477273,,,0.000000,,,,,,,,GLOBAL_BASELINE_NO_ENTITY_RANKING,,,NOT_APPLICABLE_GLOBAL_BASELINE,HF9g-P5,,,,X 全窗基线 · 不参与实体赏罚,15057717,1506,A168_HF9F_20260827_0900,2026-08-27 09:00:00
2026-06-20,150345145,2174,0,26.0000000000,4.0000000000,4.0000000000,0.5000000,2,2,0.49324550000000000,0.493245500000,0.01910635448239258,0.01910635448239258,0.01910635448239258,0E-17,ELIGIBLE,R03b_20260811_FULL_v1,L1_ELIGIBILITY,v2026-08-11,2026-03-21..2026-08-06,baccarat_bet02_101_all_pairs_incl_sentinel,round_win = game_pnl > 0 (decisive only),COMPATIBILITY_ONLY_NOT_PRODUCTION,572437.0000,524517.0000,9908.1000,1302,1301,-0.01730863,,-0.01730863,-0.01730863,-9908.1000,572437.0000,OK,0.0000,396.3240,4.0000,96.0000,AG03-UNRESOLVED,ALL5_LEVELS_bet23_to_bet27,396.3240,396.3240,396.3240,396.3240,396.3240,4.000000,4.000000,4.000000,4.000000,4.000000,96.000000,96.000000,96.000000,96.000000,96.000000,5.0,1981.6200,1829.3058,7926.4800,8078.7942,PENDING_AG03,FALSE,NOT_FOR_ENFORCEMENT,9511.7760,503536.3200,9908.1000,9511.7760,396.3240,0.01730863,0.01661628,396.3240,9511.7760,0.01661628,396.3240,396.3240,396.3240,396.3240,396.3240,9511.7760,0.01661628,1981.6200,1829.3058,7926.4800,8078.7942,0.01384690,0.01411298,0.00069235,439.6598,403.1645,7.6158,471.8143,13.4438,27258.9048,61.9524,,439.6598,50.0,150.0,500.0,1000.0,2000.0,3959.9609,110.0,0.0,13.333333,26.39974,2.931065,29,147,15,4,0E-8,0.01730863,,0E-8,0.000000,0.916288,0.000000,,2026-05-21,2026-07-03,21,737,411,44,0.477273,,,0.000000,,,,,,,,GLOBAL_BASELINE_NO_ENTITY_RANKING,,,NOT_APPLICABLE_GLOBAL_BASELINE,HF9g-P5,,,,X 全窗基线 · 不参与实体赏罚,15057718,1506,A168_HF9F_20260827_0900,2026-08-27 09:00:00
2026-06-20,150345145,2220,0,25.0000000000,-5.0000000000,-5.0000000000,0.5000000,2,2,0.49994810000000000,0.499948100000,0.00014679536856514622,0.00014679536856514622,0.00014679536856514622,0E-17,ELIGIBLE,R03b_20260811_FULL_v1,L1_ELIGIBILITY,v2026-08-11,2026-03-21..2026-08-06,baccarat_bet02_101_all_pairs_incl_sentinel,round_win = game_pnl > 0 (decisive only),COMPATIBILITY_ONLY_NOT_PRODUCTION,572437.0000,524517.0000,9908.1000,1302,1301,-0.01730863,,-0.01730863,-0.01730863,-9908.1000,572437.0000,OK,0.0000,396.3240,4.0000,96.0000,AG03-UNRESOLVED,ALL5_LEVELS_bet23_to_bet27,396.3240,396.3240,396.3240,396.3240,396.3240,4.000000,4.000000,4.000000,4.000000,4.000000,96.000000,96.000000,96.000000,96.000000,96.000000,5.0,1981.6200,1829.3058,7926.4800,8078.7942,PENDING_AG03,FALSE,NOT_FOR_ENFORCEMENT,9511.7760,503536.3200,9908.1000,9511.7760,396.3240,0.01730863,0.01661628,396.3240,9511.7760,0.01661628,396.3240,396.3240,396.3240,396.3240,396.3240,9511.7760,0.01661628,1981.6200,1829.3058,7926.4800,8078.7942,0.01384690,0.01411298,0.00069235,439.6598,403.1645,7.6158,471.8143,13.4438,27258.9048,61.9524,,439.6598,50.0,150.0,500.0,1000.0,2000.0,3959.9609,110.0,0.0,13.333333,26.39974,2.931065,29,147,15,4,0E-8,0.01730863,,0E-8,0.000000,0.916288,0.000000,,2026-05-21,2026-07-03,21,737,411,44,0.477273,,,0.000000,,,,,,,,GLOBAL_BASELINE_NO_ENTITY_RANKING,,,NOT_APPLICABLE_GLOBAL_BASELINE,HF9g-P5,,,,X 全窗基线 · 不参与实体赏罚,15057719,1506,A168_HF9F_20260827_0900,2026-08-27 09:00:00
2026-06-20,150345145,2222,0,5.0000000000,-5.0000000000,-5.0000000000,0E-7,1,1,0.49324550000000000,0.493245500000,-0.9865810262130424,-0.9865810262130424,-0.9865810262130424,0E-17,ELIGIBLE,R03b_20260811_FULL_v1,L1_ELIGIBILITY,v2026-08-11,2026-03-21..2026-08-06,baccarat_bet02_101_all_pairs_incl_sentinel,round_win = game_pnl > 0 (decisive only),COMPATIBILITY_ONLY_NOT_PRODUCTION,572437.0000,524517.0000,9908.1000,1302,1301,-0.01730863,,-0.01730863,-0.01730863,-9908.1000,572437.0000,OK,0.0000,396.3240,4.0000,96.0000,AG03-UNRESOLVED,ALL5_LEVELS_bet23_to_bet27,396.3240,396.3240,396.3240,396.3240,396.3240,4.000000,4.000000,4.000000,4.000000,4.000000,96.000000,96.000000,96.000000,96.000000,96.000000,5.0,1981.6200,1829.3058,7926.4800,8078.7942,PENDING_AG03,FALSE,NOT_FOR_ENFORCEMENT,9511.7760,503536.3200,9908.1000,9511.7760,396.3240,0.01730863,0.01661628,396.3240,9511.7760,0.01661628,396.3240,396.3240,396.3240,396.3240,396.3240,9511.7760,0.01661628,1981.6200,1829.3058,7926.4800,8078.7942,0.01384690,0.01411298,0.00069235,439.6598,403.1645,7.6158,471.8143,13.4438,27258.9048,61.9524,,439.6598,50.0,150.0,500.0,1000.0,2000.0,3959.9609,110.0,0.0,13.333333,26.39974,2.931065,29,147,15,4,0E-8,0.01730863,,0E-8,0.000000,0.916288,0.000000,,2026-05-21,2026-07-03,21,737,411,44,0.477273,,,0.000000,,,,,,,,GLOBAL_BASELINE_NO_ENTITY_RANKING,,,NOT_APPLICABLE_GLOBAL_BASELINE,HF9g-P5,,,,X 全窗基线 · 不参与实体赏罚,15057720,1506,A168_HF9F_20260827_0900,2026-08-27 09:00:00
2026-06-20,150345145,2224,0,62.0000000000,0E-10,0E-10,0.5000000,3,3,0.49324550000000000,0.493245500000,0.01910635448239258,0.01910635448239258,0.01910635448239258,0E-17,ELIGIBLE,R03b_20260811_FULL_v1,L1_ELIGIBILITY,v2026-08-11,2026-03-21..2026-08-06,baccarat_bet02_101_all_pairs_incl_sentinel,round_win = game_pnl > 0 (decisive only),COMPATIBILITY_ONLY_NOT_PRODUCTION,572437.0000,524517.0000,9908.1000,1302,1301,-0.01730863,,-0.01730863,-0.01730863,-9908.1000,572437.0000,OK,0.0000,396.3240,4.0000,96.0000,AG03-UNRESOLVED,ALL5_LEVELS_bet23_to_bet27,396.3240,396.3240,396.3240,396.3240,396.3240,4.000000,4.000000,4.000000,4.000000,4.000000,96.000000,96.000000,96.000000,96.000000,96.000000,5.0,1981.6200,1829.3058,7926.4800,8078.7942,PENDING_AG03,FALSE,NOT_FOR_ENFORCEMENT,9511.7760,503536.3200,9908.1000,9511.7760,396.3240,0.01730863,0.01661628,396.3240,9511.7760,0.01661628,396.3240,396.3240,396.3240,396.3240,396.3240,9511.7760,0.01661628,1981.6200,1829.3058,7926.4800,8078.7942,0.01384690,0.01411298,0.00069235,439.6598,403.1645,7.6158,471.8143,13.4438,27258.9048,61.9524,,439.6598,50.0,150.0,500.0,1000.0,2000.0,3959.9609,110.0,0.0,13.333333,26.39974,2.931065,29,147,15,4,0E-8,0.01730863,,0E-8,0.000000,0.916288,0.000000,,2026-05-21,2026-07-03,21,737,411,44,0.477273,,,0.000000,,,,,,,,GLOBAL_BASELINE_NO_ENTITY_RANKING,,,NOT_APPLICABLE_GLOBAL_BASELINE,HF9g-P5,,,,X 全窗基线 · 不参与实体赏罚,15057721,1506,A168_HF9F_20260827_0900,2026-08-27 09:00:00
2026-06-20,150345145,2234,0,25.0000000000,-25.0000000000,-25.0000000000,0E-7,1,1,0.49324550000000000,0.493245500000,-0.9865810262130424,-0.9865810262130424,-0.9865810262130424,0E-17,ELIGIBLE,R03b_20260811_FULL_v1,L1_ELIGIBILITY,v2026-08-11,2026-03-21..2026-08-06,baccarat_bet02_101_all_pairs_incl_sentinel,round_win = game_pnl > 0 (decisive only),COMPATIBILITY_ONLY_NOT_PRODUCTION,572437.0000,524517.0000,9908.1000,1302,1301,-0.01730863,,-0.01730863,-0.01730863,-9908.1000,572437.0000,OK,0.0000,396.3240,4.0000,96.0000,AG03-UNRESOLVED,ALL5_LEVELS_bet23_to_bet27,396.3240,396.3240,396.3240,396.3240,396.3240,4.000000,4.000000,4.000000,4.000000,4.000000,96.000000,96.000000,96.000000,96.000000,96.000000,5.0,1981.6200,1829.3058,7926.4800,8078.7942,PENDING_AG03,FALSE,NOT_FOR_ENFORCEMENT,9511.7760,503536.3200,9908.1000,9511.7760,396.3240,0.01730863,0.01661628,396.3240,9511.7760,0.01661628,396.3240,396.3240,396.3240,396.3240,396.3240,9511.7760,0.01661628,1981.6200,1829.3058,7926.4800,8078.7942,0.01384690,0.01411298,0.00069235,439.6598,403.1645,7.6158,471.8143,13.4438,27258.9048,61.9524,,439.6598,50.0,150.0,500.0,1000.0,2000.0,3959.9609,110.0,0.0,13.333333,26.39974,2.931065,29,147,15,4,0E-8,0.01730863,,0E-8,0.000000,0.916288,0.000000,,2026-05-21,2026-07-03,21,737,411,44,0.477273,,,0.000000,,,,,,,,GLOBAL_BASELINE_NO_ENTITY_RANKING,,,NOT_APPLICABLE_GLOBAL_BASELINE,HF9g-P5,,,,X 全窗基线 · 不参与实体赏罚,15057722,1506,A168_HF9F_20260827_0900,2026-08-27 09:00:00
2026-06-20,150345145,2241,0,51.0000000000,-33.4500000000,-33.4500000000,0.5000000,2,2,0.50665070000000000,0.506650700000,-0.018812684590367487,-0.018812684590367487,-0.018812684590367487,0E-17,ELIGIBLE,R03b_20260811_FULL_v1,L1_ELIGIBILITY,v2026-08-11,2026-03-21..2026-08-06,baccarat_bet02_101_all_pairs_incl_sentinel,round_win = game_pnl > 0 (decisive only),COMPATIBILITY_ONLY_NOT_PRODUCTION,572437.0000,524517.0000,9908.1000,1302,1301,-0.01730863,,-0.01730863,-0.01730863,-9908.1000,572437.0000,OK,0.0000,396.3240,4.0000,96.0000,AG03-UNRESOLVED,ALL5_LEVELS_bet23_to_bet27,396.3240,396.3240,396.3240,396.3240,396.3240,4.000000,4.000000,4.000000,4.000000,4.000000,96.000000,96.000000,96.000000,96.000000,96.000000,5.0,1981.6200,1829.3058,7926.4800,8078.7942,PENDING_AG03,FALSE,NOT_FOR_ENFORCEMENT,9511.7760,503536.3200,9908.1000,9511.7760,396.3240,0.01730863,0.01661628,396.3240,9511.7760,0.01661628,396.3240,396.3240,396.3240,396.3240,396.3240,9511.7760,0.01661628,1981.6200,1829.3058,7926.4800,8078.7942,0.01384690,0.01411298,0.00069235,439.6598,403.1645,7.6158,471.8143,13.4438,27258.9048,61.9524,,439.6598,50.0,150.0,500.0,1000.0,2000.0,3959.9609,110.0,0.0,13.333333,26.39974,2.931065,29,147,15,4,0E-8,0.01730863,,0E-8,0.000000,0.916288,0.000000,,2026-05-21,2026-07-03,21,737,411,44,0.477273,,,0.000000,,,,,,,,GLOBAL_BASELINE_NO_ENTITY_RANKING,,,NOT_APPLICABLE_GLOBAL_BASELINE,HF9g-P5,,,,X 全窗基线 · 不参与实体赏罚,15057723,1506,A168_HF9F_20260827_0900,2026-08-27 09:00:00
2026-06-20,150345145,2258,0,27.0000000000,27.0000000000,27.0000000000,1.0000000,1,1,0.49324550000000000,0.493245500000,1.01360149184955,1.01360149184955,1.01360149184955,0E-17,ELIGIBLE,R03b_20260811_FULL_v1,L1_ELIGIBILITY,v2026-08-11,2026-03-21..2026-08-06,baccarat_bet02_101_all_pairs_incl_sentinel,round_win = game_pnl > 0 (decisive only),COMPATIBILITY_ONLY_NOT_PRODUCTION,572437.0000,524517.0000,9908.1000,1302,1301,-0.01730863,,-0.01730863,-0.01730863,-9908.1000,572437.0000,OK,0.0000,396.3240,4.0000,96.0000,AG03-UNRESOLVED,ALL5_LEVELS_bet23_to_bet27,396.3240,396.3240,396.3240,396.3240,396.3240,4.000000,4.000000,4.000000,4.000000,4.000000,96.000000,96.000000,96.000000,96.000000,96.000000,5.0,1981.6200,1829.3058,7926.4800,8078.7942,PENDING_AG03,FALSE,NOT_FOR_ENFORCEMENT,9511.7760,503536.3200,9908.1000,9511.7760,396.3240,0.01730863,0.01661628,396.3240,9511.7760,0.01661628,396.3240,396.3240,396.3240,396.3240,396.3240,9511.7760,0.01661628,1981.6200,1829.3058,7926.4800,8078.7942,0.01384690,0.01411298,0.00069235,439.6598,403.1645,7.6158,471.8143,13.4438,27258.9048,61.9524,,439.6598,50.0,150.0,500.0,1000.0,2000.0,3959.9609,110.0,0.0,13.333333,26.39974,2.931065,29,147,15,4,0E-8,0.01730863,,0E-8,0.000000,0.916288,0.000000,,2026-05-21,2026-07-03,21,737,411,44,0.477273,,,0.000000,,,,,,,,GLOBAL_BASELINE_NO_ENTITY_RANKING,,,NOT_APPLICABLE_GLOBAL_BASELINE,HF9g-P5,,,,X 全窗基线 · 不参与实体赏罚,15057724,1506,A168_HF9F_20260827_0900,2026-08-27 09:00:00
2026-06-20,150345145,583,0,10.0000000000,-10.0000000000,-10.0000000000,0E-7,1,1,0.50665070000000000,0.506650700000,-1.013391052207602,-1.013391052207602,-1.013391052207602,0E-17,ELIGIBLE,R03b_20260811_FULL_v1,L1_ELIGIBILITY,v2026-08-11,2026-03-21..2026-08-06,baccarat_bet02_101_all_pairs_incl_sentinel,round_win = game_pnl > 0 (decisive only),COMPATIBILITY_ONLY_NOT_PRODUCTION,572437.0000,524517.0000,9908.1000,1302,1301,-0.01730863,,-0.01730863,-0.01730863,-9908.1000,572437.0000,OK,0.0000,396.3240,4.0000,96.0000,AG03-UNRESOLVED,ALL5_LEVELS_bet23_to_bet27,396.3240,396.3240,396.3240,396.3240,396.3240,4.000000,4.000000,4.000000,4.000000,4.000000,96.000000,96.000000,96.000000,96.000000,96.000000,5.0,1981.6200,1829.3058,7926.4800,8078.7942,PENDING_AG03,FALSE,NOT_FOR_ENFORCEMENT,9511.7760,503536.3200,9908.1000,9511.7760,396.3240,0.01730863,0.01661628,396.3240,9511.7760,0.01661628,396.3240,396.3240,396.3240,396.3240,396.3240,9511.7760,0.01661628,1981.6200,1829.3058,7926.4800,8078.7942,0.01384690,0.01411298,0.00069235,439.6598,403.1645,7.6158,471.8143,13.4438,27258.9048,61.9524,,439.6598,50.0,150.0,500.0,1000.0,2000.0,3959.9609,110.0,0.0,13.333333,26.39974,2.931065,29,147,15,4,0E-8,0.01730863,,0E-8,0.000000,0.916288,0.000000,,2026-05-21,2026-07-03,21,737,411,44,0.477273,,,0.000000,,,,,,,,GLOBAL_BASELINE_NO_ENTITY_RANKING,,,NOT_APPLICABLE_GLOBAL_BASELINE,HF9g-P5,,,,X 全窗基线 · 不参与实体赏罚,15057725,1506,A168_HF9F_20260827_0900,2026-08-27 09:00:00
2026-06-22,150345145,-1,1,1691.0000000000,-264.5000000000,-264.5000000000,0.4285714,16,16,0.49659680000000000,0.496596800000,-0.5090670589195099,-0.50906705891951,-0.5090670589195099,0E-17,SENTINEL_DEALER,R03b_20260811_FULL_v1,L1_ELIGIBILITY,v2026-08-11,2026-03-21..2026-08-06,baccarat_bet02_101_all_pairs_incl_sentinel,round_win = game_pnl > 0 (decisive only),COMPATIBILITY_ONLY_NOT_PRODUCTION,572437.0000,524517.0000,9908.1000,1302,1301,-0.01730863,,-0.01730863,-0.01730863,-9908.1000,572437.0000,OK,0.0000,396.3240,4.0000,96.0000,AG03-UNRESOLVED,ALL5_LEVELS_bet23_to_bet27,396.3240,396.3240,396.3240,396.3240,396.3240,4.000000,4.000000,4.000000,4.000000,4.000000,96.000000,96.000000,96.000000,96.000000,96.000000,5.0,1981.6200,1829.3058,7926.4800,8078.7942,PENDING_AG03,FALSE,NOT_FOR_ENFORCEMENT,9511.7760,503536.3200,9908.1000,9511.7760,396.3240,0.01730863,0.01661628,396.3240,9511.7760,0.01661628,396.3240,396.3240,396.3240,396.3240,396.3240,9511.7760,0.01661628,1981.6200,1829.3058,7926.4800,8078.7942,0.01384690,0.01411298,0.00069235,439.6598,403.1645,7.6158,471.8143,13.4438,27258.9048,61.9524,,439.6598,50.0,150.0,500.0,1000.0,2000.0,3959.9609,110.0,0.0,13.333333,26.39974,2.931065,29,147,15,4,0E-8,0.01730863,,0E-8,0.000000,0.916288,0.000000,,2026-05-21,2026-07-03,21,737,411,44,0.477273,,,0.000000,,,,,,,,GLOBAL_BASELINE_NO_ENTITY_RANKING,,,NOT_APPLICABLE_GLOBAL_BASELINE,HF9g-P5,,,,X 全窗基线 · 不参与实体赏罚,15057726,1506,A168_HF9F_20260827_0900,2026-08-27 09:00:00
2026-06-22,150345145,1004,0,30.0000000000,30.0000000000,30.0000000000,1.0000000,1,1,0.49324550000000000,0.493245500000,1.01360149184955,1.01360149184955,1.01360149184955,0E-17,ELIGIBLE,R03b_20260811_FULL_v1,L1_ELIGIBILITY,v2026-08-11,2026-03-21..2026-08-06,baccarat_bet02_101_all_pairs_incl_sentinel,round_win = game_pnl > 0 (decisive only),COMPATIBILITY_ONLY_NOT_PRODUCTION,572437.0000,524517.0000,9908.1000,1302,1301,-0.01730863,,-0.01730863,-0.01730863,-9908.1000,572437.0000,OK,0.0000,396.3240,4.0000,96.0000,AG03-UNRESOLVED,ALL5_LEVELS_bet23_to_bet27,396.3240,396.3240,396.3240,396.3240,396.3240,4.000000,4.000000,4.000000,4.000000,4.000000,96.000000,96.000000,96.000000,96.000000,96.000000,5.0,1981.6200,1829.3058,7926.4800,8078.7942,PENDING_AG03,FALSE,NOT_FOR_ENFORCEMENT,9511.7760,503536.3200,9908.1000,9511.7760,396.3240,0.01730863,0.01661628,396.3240,9511.7760,0.01661628,396.3240,396.3240,396.3240,396.3240,396.3240,9511.7760,0.01661628,1981.6200,1829.3058,7926.4800,8078.7942,0.01384690,0.01411298,0.00069235,439.6598,403.1645,7.6158,471.8143,13.4438,27258.9048,61.9524,,439.6598,50.0,150.0,500.0,1000.0,2000.0,3959.9609,110.0,0.0,13.333333,26.39974,2.931065,29,147,15,4,0E-8,0.01730863,,0E-8,0.000000,0.916288,0.000000,,2026-05-21,2026-07-03,21,737,411,44,0.477273,,,0.000000,,,,,,,,GLOBAL_BASELINE_NO_ENTITY_RANKING,,,NOT_APPLICABLE_GLOBAL_BASELINE,HF9g-P5,,,,X 全窗基线 · 不参与实体赏罚,15057727,1506,A168_HF9F_20260827_0900,2026-08-27 09:00:00
2026-06-22,150345145,1109,0,40.0000000000,0E-10,0E-10,,1,1,0.49324550000000000,0.493245500000,,,,0E-17,NO_DECISIVE_ROUND,R03b_20260811_FULL_v1,L1_ELIGIBILITY,v2026-08-11,2026-03-21..2026-08-06,baccarat_bet02_101_all_pairs_incl_sentinel,round_win = game_pnl > 0 (decisive only),COMPATIBILITY_ONLY_NOT_PRODUCTION,572437.0000,524517.0000,9908.1000,1302,1301,-0.01730863,,-0.01730863,-0.01730863,-9908.1000,572437.0000,OK,0.0000,396.3240,4.0000,96.0000,AG03-UNRESOLVED,ALL5_LEVELS_bet23_to_bet27,396.3240,396.3240,396.3240,396.3240,396.3240,4.000000,4.000000,4.000000,4.000000,4.000000,96.000000,96.000000,96.000000,96.000000,96.000000,5.0,1981.6200,1829.3058,7926.4800,8078.7942,PENDING_AG03,FALSE,NOT_FOR_ENFORCEMENT,9511.7760,503536.3200,9908.1000,9511.7760,396.3240,0.01730863,0.01661628,396.3240,9511.7760,0.01661628,396.3240,396.3240,396.3240,396.3240,396.3240,9511.7760,0.01661628,1981.6200,1829.3058,7926.4800,8078.7942,0.01384690,0.01411298,0.00069235,439.6598,403.1645,7.6158,471.8143,13.4438,27258.9048,61.9524,,439.6598,50.0,150.0,500.0,1000.0,2000.0,3959.9609,110.0,0.0,13.333333,26.39974,2.931065,29,147,15,4,0E-8,0.01730863,,0E-8,0.000000,0.916288,0.000000,,2026-05-21,2026-07-03,21,737,411,44,0.477273,,,0.000000,,,,,,,,GLOBAL_BASELINE_NO_ENTITY_RANKING,,,NOT_APPLICABLE_GLOBAL_BASELINE,HF9g-P5,,,,X 全窗基线 · 不参与实体赏罚,15057728,1506,A168_HF9F_20260827_0900,2026-08-27 09:00:00
2026-06-22,150345145,1157,0,100.0000000000,100.0000000000,100.0000000000,1.0000000,1,1,0.49324550000000000,0.493245500000,1.01360149184955,1.01360149184955,1.01360149184955,0E-17,ELIGIBLE,R03b_20260811_FULL_v1,L1_ELIGIBILITY,v2026-08-11,2026-03-21..2026-08-06,baccarat_bet02_101_all_pairs_incl_sentinel,round_win = game_pnl > 0 (decisive only),COMPATIBILITY_ONLY_NOT_PRODUCTION,572437.0000,524517.0000,9908.1000,1302,1301,-0.01730863,,-0.01730863,-0.01730863,-9908.1000,572437.0000,OK,0.0000,396.3240,4.0000,96.0000,AG03-UNRESOLVED,ALL5_LEVELS_bet23_to_bet27,396.3240,396.3240,396.3240,396.3240,396.3240,4.000000,4.000000,4.000000,4.000000,4.000000,96.000000,96.000000,96.000000,96.000000,96.000000,5.0,1981.6200,1829.3058,7926.4800,8078.7942,PENDING_AG03,FALSE,NOT_FOR_ENFORCEMENT,9511.7760,503536.3200,9908.1000,9511.7760,396.3240,0.01730863,0.01661628,396.3240,9511.7760,0.01661628,396.3240,396.3240,396.3240,396.3240,396.3240,9511.7760,0.01661628,1981.6200,1829.3058,7926.4800,8078.7942,0.01384690,0.01411298,0.00069235,439.6598,403.1645,7.6158,471.8143,13.4438,27258.9048,61.9524,,439.6598,50.0,150.0,500.0,1000.0,2000.0,3959.9609,110.0,0.0,13.333333,26.39974,2.931065,29,147,15,4,0E-8,0.01730863,,0E-8,0.000000,0.916288,0.000000,,2026-05-21,2026-07-03,21,737,411,44,0.477273,,,0.000000,,,,,,,,GLOBAL_BASELINE_NO_ENTITY_RANKING,,,NOT_APPLICABLE_GLOBAL_BASELINE,HF9g-P5,,,,X 全窗基线 · 不参与实体赏罚,15057729,1506,A168_HF9F_20260827_0900,2026-08-27 09:00:00
2026-06-22,150345145,1300,0,300.0000000000,-300.0000000000,-300.0000000000,0E-7,1,1,0.49324550000000000,0.493245500000,-0.9865810262130424,-0.9865810262130424,-0.9865810262130424,0E-17,ELIGIBLE,R03b_20260811_FULL_v1,L1_ELIGIBILITY,v2026-08-11,2026-03-21..2026-08-06,baccarat_bet02_101_all_pairs_incl_sentinel,round_win = game_pnl > 0 (decisive only),COMPATIBILITY_ONLY_NOT_PRODUCTION,572437.0000,524517.0000,9908.1000,1302,1301,-0.01730863,,-0.01730863,-0.01730863,-9908.1000,572437.0000,OK,0.0000,396.3240,4.0000,96.0000,AG03-UNRESOLVED,ALL5_LEVELS_bet23_to_bet27,396.3240,396.3240,396.3240,396.3240,396.3240,4.000000,4.000000,4.000000,4.000000,4.000000,96.000000,96.000000,96.000000,96.000000,96.000000,5.0,1981.6200,1829.3058,7926.4800,8078.7942,PENDING_AG03,FALSE,NOT_FOR_ENFORCEMENT,9511.7760,503536.3200,9908.1000,9511.7760,396.3240,0.01730863,0.01661628,396.3240,9511.7760,0.01661628,396.3240,396.3240,396.3240,396.3240,396.3240,9511.7760,0.01661628,1981.6200,1829.3058,7926.4800,8078.7942,0.01384690,0.01411298,0.00069235,439.6598,403.1645,7.6158,471.8143,13.4438,27258.9048,61.9524,,439.6598,50.0,150.0,500.0,1000.0,2000.0,3959.9609,110.0,0.0,13.333333,26.39974,2.931065,29,147,15,4,0E-8,0.01730863,,0E-8,0.000000,0.916288,0.000000,,2026-05-21,2026-07-03,21,737,411,44,0.477273,,,0.000000,,,,,,,,GLOBAL_BASELINE_NO_ENTITY_RANKING,,,NOT_APPLICABLE_GLOBAL_BASELINE,HF9g-P5,,,,X 全窗基线 · 不参与实体赏罚,15057730,1506,A168_HF9F_20260827_0900,2026-08-27 09:00:00
2026-06-22,150345145,1507,0,233.0000000000,-87.0000000000,-87.0000000000,0.3333333,3,3,0.49771390000000000,0.497713900000,-0.5694369385616226,-0.5694369385616226,-0.5694369385616226,0E-17,ELIGIBLE,R03b_20260811_FULL_v1,L1_ELIGIBILITY,v2026-08-11,2026-03-21..2026-08-06,baccarat_bet02_101_all_pairs_incl_sentinel,round_win = game_pnl > 0 (decisive only),COMPATIBILITY_ONLY_NOT_PRODUCTION,572437.0000,524517.0000,9908.1000,1302,1301,-0.01730863,,-0.01730863,-0.01730863,-9908.1000,572437.0000,OK,0.0000,396.3240,4.0000,96.0000,AG03-UNRESOLVED,ALL5_LEVELS_bet23_to_bet27,396.3240,396.3240,396.3240,396.3240,396.3240,4.000000,4.000000,4.000000,4.000000,4.000000,96.000000,96.000000,96.000000,96.000000,96.000000,5.0,1981.6200,1829.3058,7926.4800,8078.7942,PENDING_AG03,FALSE,NOT_FOR_ENFORCEMENT,9511.7760,503536.3200,9908.1000,9511.7760,396.3240,0.01730863,0.01661628,396.3240,9511.7760,0.01661628,396.3240,396.3240,396.3240,396.3240,396.3240,9511.7760,0.01661628,1981.6200,1829.3058,7926.4800,8078.7942,0.01384690,0.01411298,0.00069235,439.6598,403.1645,7.6158,471.8143,13.4438,27258.9048,61.9524,,439.6598,50.0,150.0,500.0,1000.0,2000.0,3959.9609,110.0,0.0,13.333333,26.39974,2.931065,29,147,15,4,0E-8,0.01730863,,0E-8,0.000000,0.916288,0.000000,,2026-05-21,2026-07-03,21,737,411,44,0.477273,,,0.000000,,,,,,,,GLOBAL_BASELINE_NO_ENTITY_RANKING,,,NOT_APPLICABLE_GLOBAL_BASELINE,HF9g-P5,,,,X 全窗基线 · 不参与实体赏罚,15057731,1506,A168_HF9F_20260827_0900,2026-08-27 09:00:00
2026-06-22,150345145,1985,0,100.0000000000,100.0000000000,100.0000000000,1.0000000,1,1,0.49324550000000000,0.493245500000,1.01360149184955,1.01360149184955,1.01360149184955,0E-17,ELIGIBLE,R03b_20260811_FULL_v1,L1_ELIGIBILITY,v2026-08-11,2026-03-21..2026-08-06,baccarat_bet02_101_all_pairs_incl_sentinel,round_win = game_pnl > 0 (decisive only),COMPATIBILITY_ONLY_NOT_PRODUCTION,572437.0000,524517.0000,9908.1000,1302,1301,-0.01730863,,-0.01730863,-0.01730863,-9908.1000,572437.0000,OK,0.0000,396.3240,4.0000,96.0000,AG03-UNRESOLVED,ALL5_LEVELS_bet23_to_bet27,396.3240,396.3240,396.3240,396.3240,396.3240,4.000000,4.000000,4.000000,4.000000,4.000000,96.000000,96.000000,96.000000,96.000000,96.000000,5.0,1981.6200,1829.3058,7926.4800,8078.7942,PENDING_AG03,FALSE,NOT_FOR_ENFORCEMENT,9511.7760,503536.3200,9908.1000,9511.7760,396.3240,0.01730863,0.01661628,396.3240,9511.7760,0.01661628,396.3240,396.3240,396.3240,396.3240,396.3240,9511.7760,0.01661628,1981.6200,1829.3058,7926.4800,8078.7942,0.01384690,0.01411298,0.00069235,439.6598,403.1645,7.6158,471.8143,13.4438,27258.9048,61.9524,,439.6598,50.0,150.0,500.0,1000.0,2000.0,3959.9609,110.0,0.0,13.333333,26.39974,2.931065,29,147,15,4,0E-8,0.01730863,,0E-8,0.000000,0.916288,0.000000,,2026-05-21,2026-07-03,21,737,411,44,0.477273,,,0.000000,,,,,,,,GLOBAL_BASELINE_NO_ENTITY_RANKING,,,NOT_APPLICABLE_GLOBAL_BASELINE,HF9g-P5,,,,X 全窗基线 · 不参与实体赏罚,15057732,1506,A168_HF9F_20260827_0900,2026-08-27 09:00:00
2026-06-22,150345145,2088,0,100.0000000000,100.0000000000,100.0000000000,1.0000000,1,1,0.49324550000000000,0.493245500000,1.01360149184955,1.01360149184955,1.01360149184955,0E-17,ELIGIBLE,R03b_20260811_FULL_v1,L1_ELIGIBILITY,v2026-08-11,2026-03-21..2026-08-06,baccarat_bet02_101_all_pairs_incl_sentinel,round_win = game_pnl > 0 (decisive only),COMPATIBILITY_ONLY_NOT_PRODUCTION,572437.0000,524517.0000,9908.1000,1302,1301,-0.01730863,,-0.01730863,-0.01730863,-9908.1000,572437.0000,OK,0.0000,396.3240,4.0000,96.0000,AG03-UNRESOLVED,ALL5_LEVELS_bet23_to_bet27,396.3240,396.3240,396.3240,396.3240,396.3240,4.000000,4.000000,4.000000,4.000000,4.000000,96.000000,96.000000,96.000000,96.000000,96.000000,5.0,1981.6200,1829.3058,7926.4800,8078.7942,PENDING_AG03,FALSE,NOT_FOR_ENFORCEMENT,9511.7760,503536.3200,9908.1000,9511.7760,396.3240,0.01730863,0.01661628,396.3240,9511.7760,0.01661628,396.3240,396.3240,396.3240,396.3240,396.3240,9511.7760,0.01661628,1981.6200,1829.3058,7926.4800,8078.7942,0.01384690,0.01411298,0.00069235,439.6598,403.1645,7.6158,471.8143,13.4438,27258.9048,61.9524,,439.6598,50.0,150.0,500.0,1000.0,2000.0,3959.9609,110.0,0.0,13.333333,26.39974,2.931065,29,147,15,4,0E-8,0.01730863,,0E-8,0.000000,0.916288,0.000000,,2026-05-21,2026-07-03,21,737,411,44,0.477273,,,0.000000,,,,,,,,GLOBAL_BASELINE_NO_ENTITY_RANKING,,,NOT_APPLICABLE_GLOBAL_BASELINE,HF9g-P5,,,,X 全窗基线 · 不参与实体赏罚,15057733,1506,A168_HF9F_20260827_0900,2026-08-27 09:00:00
2026-06-22,150345145,2121,0,50.0000000000,50.0000000000,50.0000000000,1.0000000,1,1,0.49324550000000000,0.493245500000,1.01360149184955,1.01360149184955,1.01360149184955,0E-17,ELIGIBLE,R03b_20260811_FULL_v1,L1_ELIGIBILITY,v2026-08-11,2026-03-21..2026-08-06,baccarat_bet02_101_all_pairs_incl_sentinel,round_win = game_pnl > 0 (decisive only),COMPATIBILITY_ONLY_NOT_PRODUCTION,572437.0000,524517.0000,9908.1000,1302,1301,-0.01730863,,-0.01730863,-0.01730863,-9908.1000,572437.0000,OK,0.0000,396.3240,4.0000,96.0000,AG03-UNRESOLVED,ALL5_LEVELS_bet23_to_bet27,396.3240,396.3240,396.3240,396.3240,396.3240,4.000000,4.000000,4.000000,4.000000,4.000000,96.000000,96.000000,96.000000,96.000000,96.000000,5.0,1981.6200,1829.3058,7926.4800,8078.7942,PENDING_AG03,FALSE,NOT_FOR_ENFORCEMENT,9511.7760,503536.3200,9908.1000,9511.7760,396.3240,0.01730863,0.01661628,396.3240,9511.7760,0.01661628,396.3240,396.3240,396.3240,396.3240,396.3240,9511.7760,0.01661628,1981.6200,1829.3058,7926.4800,8078.7942,0.01384690,0.01411298,0.00069235,439.6598,403.1645,7.6158,471.8143,13.4438,27258.9048,61.9524,,439.6598,50.0,150.0,500.0,1000.0,2000.0,3959.9609,110.0,0.0,13.333333,26.39974,2.931065,29,147,15,4,0E-8,0.01730863,,0E-8,0.000000,0.916288,0.000000,,2026-05-21,2026-07-03,21,737,411,44,0.477273,,,0.000000,,,,,,,,GLOBAL_BASELINE_NO_ENTITY_RANKING,,,NOT_APPLICABLE_GLOBAL_BASELINE,HF9g-P5,,,,X 全窗基线 · 不参与实体赏罚,15057734,1506,A168_HF9F_20260827_0900,2026-08-27 09:00:00
2026-06-22,150345145,2147,0,51.0000000000,0E-10,0E-10,,1,1,0.49324550000000000,0.493245500000,,,,0E-17,NO_DECISIVE_ROUND,R03b_20260811_FULL_v1,L1_ELIGIBILITY,v2026-08-11,2026-03-21..2026-08-06,baccarat_bet02_101_all_pairs_incl_sentinel,round_win = game_pnl > 0 (decisive only),COMPATIBILITY_ONLY_NOT_PRODUCTION,572437.0000,524517.0000,9908.1000,1302,1301,-0.01730863,,-0.01730863,-0.01730863,-9908.1000,572437.0000,OK,0.0000,396.3240,4.0000,96.0000,AG03-UNRESOLVED,ALL5_LEVELS_bet23_to_bet27,396.3240,396.3240,396.3240,396.3240,396.3240,4.000000,4.000000,4.000000,4.000000,4.000000,96.000000,96.000000,96.000000,96.000000,96.000000,5.0,1981.6200,1829.3058,7926.4800,8078.7942,PENDING_AG03,FALSE,NOT_FOR_ENFORCEMENT,9511.7760,503536.3200,9908.1000,9511.7760,396.3240,0.01730863,0.01661628,396.3240,9511.7760,0.01661628,396.3240,396.3240,396.3240,396.3240,396.3240,9511.7760,0.01661628,1981.6200,1829.3058,7926.4800,8078.7942,0.01384690,0.01411298,0.00069235,439.6598,403.1645,7.6158,471.8143,13.4438,27258.9048,61.9524,,439.6598,50.0,150.0,500.0,1000.0,2000.0,3959.9609,110.0,0.0,13.333333,26.39974,2.931065,29,147,15,4,0E-8,0.01730863,,0E-8,0.000000,0.916288,0.000000,,2026-05-21,2026-07-03,21,737,411,44,0.477273,,,0.000000,,,,,,,,GLOBAL_BASELINE_NO_ENTITY_RANKING,,,NOT_APPLICABLE_GLOBAL_BASELINE,HF9g-P5,,,,X 全窗基线 · 不参与实体赏罚,15057735,1506,A168_HF9F_20260827_0900,2026-08-27 09:00:00
2026-06-22,150345145,2153,0,90.0000000000,40.0000000000,40.0000000000,1.0000000,2,2,0.49324550000000000,0.493245500000,1.01360149184955,1.01360149184955,1.01360149184955,0E-17,ELIGIBLE,R03b_20260811_FULL_v1,L1_ELIGIBILITY,v2026-08-11,2026-03-21..2026-08-06,baccarat_bet02_101_all_pairs_incl_sentinel,round_win = game_pnl > 0 (decisive only),COMPATIBILITY_ONLY_NOT_PRODUCTION,572437.0000,524517.0000,9908.1000,1302,1301,-0.01730863,,-0.01730863,-0.01730863,-9908.1000,572437.0000,OK,0.0000,396.3240,4.0000,96.0000,AG03-UNRESOLVED,ALL5_LEVELS_bet23_to_bet27,396.3240,396.3240,396.3240,396.3240,396.3240,4.000000,4.000000,4.000000,4.000000,4.000000,96.000000,96.000000,96.000000,96.000000,96.000000,5.0,1981.6200,1829.3058,7926.4800,8078.7942,PENDING_AG03,FALSE,NOT_FOR_ENFORCEMENT,9511.7760,503536.3200,9908.1000,9511.7760,396.3240,0.01730863,0.01661628,396.3240,9511.7760,0.01661628,396.3240,396.3240,396.3240,396.3240,396.3240,9511.7760,0.01661628,1981.6200,1829.3058,7926.4800,8078.7942,0.01384690,0.01411298,0.00069235,439.6598,403.1645,7.6158,471.8143,13.4438,27258.9048,61.9524,,439.6598,50.0,150.0,500.0,1000.0,2000.0,3959.9609,110.0,0.0,13.333333,26.39974,2.931065,29,147,15,4,0E-8,0.01730863,,0E-8,0.000000,0.916288,0.000000,,2026-05-21,2026-07-03,21,737,411,44,0.477273,,,0.000000,,,,,,,,GLOBAL_BASELINE_NO_ENTITY_RANKING,,,NOT_APPLICABLE_GLOBAL_BASELINE,HF9g-P5,,,,X 全窗基线 · 不参与实体赏罚,15057736,1506,A168_HF9F_20260827_0900,2026-08-27 09:00:00
2026-06-22,150345145,2171,0,130.0000000000,130.0000000000,130.0000000000,1.0000000,1,1,0.49324550000000000,0.493245500000,1.01360149184955,1.01360149184955,1.01360149184955,0E-17,ELIGIBLE,R03b_20260811_FULL_v1,L1_ELIGIBILITY,v2026-08-11,2026-03-21..2026-08-06,baccarat_bet02_101_all_pairs_incl_sentinel,round_win = game_pnl > 0 (decisive only),COMPATIBILITY_ONLY_NOT_PRODUCTION,572437.0000,524517.0000,9908.1000,1302,1301,-0.01730863,,-0.01730863,-0.01730863,-9908.1000,572437.0000,OK,0.0000,396.3240,4.0000,96.0000,AG03-UNRESOLVED,ALL5_LEVELS_bet23_to_bet27,396.3240,396.3240,396.3240,396.3240,396.3240,4.000000,4.000000,4.000000,4.000000,4.000000,96.000000,96.000000,96.000000,96.000000,96.000000,5.0,1981.6200,1829.3058,7926.4800,8078.7942,PENDING_AG03,FALSE,NOT_FOR_ENFORCEMENT,9511.7760,503536.3200,9908.1000,9511.7760,396.3240,0.01730863,0.01661628,396.3240,9511.7760,0.01661628,396.3240,396.3240,396.3240,396.3240,396.3240,9511.7760,0.01661628,1981.6200,1829.3058,7926.4800,8078.7942,0.01384690,0.01411298,0.00069235,439.6598,403.1645,7.6158,471.8143,13.4438,27258.9048,61.9524,,439.6598,50.0,150.0,500.0,1000.0,2000.0,3959.9609,110.0,0.0,13.333333,26.39974,2.931065,29,147,15,4,0E-8,0.01730863,,0E-8,0.000000,0.916288,0.000000,,2026-05-21,2026-07-03,21,737,411,44,0.477273,,,0.000000,,,,,,,,GLOBAL_BASELINE_NO_ENTITY_RANKING,,,NOT_APPLICABLE_GLOBAL_BASELINE,HF9g-P5,,,,X 全窗基线 · 不参与实体赏罚,15057737,1506,A168_HF9F_20260827_0900,2026-08-27 09:00:00
2026-06-22,150345145,2174,0,161.0000000000,-61.0000000000,-61.0000000000,0E-7,2,2,0.49324550000000000,0.493245500000,-0.9865810262130424,-0.9865810262130424,-0.9865810262130424,0E-17,ELIGIBLE,R03b_20260811_FULL_v1,L1_ELIGIBILITY,v2026-08-11,2026-03-21..2026-08-06,baccarat_bet02_101_all_pairs_incl_sentinel,round_win = game_pnl > 0 (decisive only),COMPATIBILITY_ONLY_NOT_PRODUCTION,572437.0000,524517.0000,9908.1000,1302,1301,-0.01730863,,-0.01730863,-0.01730863,-9908.1000,572437.0000,OK,0.0000,396.3240,4.0000,96.0000,AG03-UNRESOLVED,ALL5_LEVELS_bet23_to_bet27,396.3240,396.3240,396.3240,396.3240,396.3240,4.000000,4.000000,4.000000,4.000000,4.000000,96.000000,96.000000,96.000000,96.000000,96.000000,5.0,1981.6200,1829.3058,7926.4800,8078.7942,PENDING_AG03,FALSE,NOT_FOR_ENFORCEMENT,9511.7760,503536.3200,9908.1000,9511.7760,396.3240,0.01730863,0.01661628,396.3240,9511.7760,0.01661628,396.3240,396.3240,396.3240,396.3240,396.3240,9511.7760,0.01661628,1981.6200,1829.3058,7926.4800,8078.7942,0.01384690,0.01411298,0.00069235,439.6598,403.1645,7.6158,471.8143,13.4438,27258.9048,61.9524,,439.6598,50.0,150.0,500.0,1000.0,2000.0,3959.9609,110.0,0.0,13.333333,26.39974,2.931065,29,147,15,4,0E-8,0.01730863,,0E-8,0.000000,0.916288,0.000000,,2026-05-21,2026-07-03,21,737,411,44,0.477273,,,0.000000,,,,,,,,GLOBAL_BASELINE_NO_ENTITY_RANKING,,,NOT_APPLICABLE_GLOBAL_BASELINE,HF9g-P5,,,,X 全窗基线 · 不参与实体赏罚,15057738,1506,A168_HF9F_20260827_0900,2026-08-27 09:00:00
2026-06-22,150345145,2188,0,30.0000000000,-30.0000000000,-30.0000000000,0E-7,1,1,0.49324550000000000,0.493245500000,-0.9865810262130424,-0.9865810262130424,-0.9865810262130424,0E-17,ELIGIBLE,R03b_20260811_FULL_v1,L1_ELIGIBILITY,v2026-08-11,2026-03-21..2026-08-06,baccarat_bet02_101_all_pairs_incl_sentinel,round_win = game_pnl > 0 (decisive only),COMPATIBILITY_ONLY_NOT_PRODUCTION,572437.0000,524517.0000,9908.1000,1302,1301,-0.01730863,,-0.01730863,-0.01730863,-9908.1000,572437.0000,OK,0.0000,396.3240,4.0000,96.0000,AG03-UNRESOLVED,ALL5_LEVELS_bet23_to_bet27,396.3240,396.3240,396.3240,396.3240,396.3240,4.000000,4.000000,4.000000,4.000000,4.000000,96.000000,96.000000,96.000000,96.000000,96.000000,5.0,1981.6200,1829.3058,7926.4800,8078.7942,PENDING_AG03,FALSE,NOT_FOR_ENFORCEMENT,9511.7760,503536.3200,9908.1000,9511.7760,396.3240,0.01730863,0.01661628,396.3240,9511.7760,0.01661628,396.3240,396.3240,396.3240,396.3240,396.3240,9511.7760,0.01661628,1981.6200,1829.3058,7926.4800,8078.7942,0.01384690,0.01411298,0.00069235,439.6598,403.1645,7.6158,471.8143,13.4438,27258.9048,61.9524,,439.6598,50.0,150.0,500.0,1000.0,2000.0,3959.9609,110.0,0.0,13.333333,26.39974,2.931065,29,147,15,4,0E-8,0.01730863,,0E-8,0.000000,0.916288,0.000000,,2026-05-21,2026-07-03,21,737,411,44,0.477273,,,0.000000,,,,,,,,GLOBAL_BASELINE_NO_ENTITY_RANKING,,,NOT_APPLICABLE_GLOBAL_BASELINE,HF9g-P5,,,,X 全窗基线 · 不参与实体赏罚,15057739,1506,A168_HF9F_20260827_0900,2026-08-27 09:00:00
2026-06-22,150345145,2205,0,50.0000000000,-50.0000000000,-50.0000000000,0E-7,1,1,0.49324550000000000,0.493245500000,-0.9865810262130424,-0.9865810262130424,-0.9865810262130424,0E-17,ELIGIBLE,R03b_20260811_FULL_v1,L1_ELIGIBILITY,v2026-08-11,2026-03-21..2026-08-06,baccarat_bet02_101_all_pairs_incl_sentinel,round_win = game_pnl > 0 (decisive only),COMPATIBILITY_ONLY_NOT_PRODUCTION,572437.0000,524517.0000,9908.1000,1302,1301,-0.01730863,,-0.01730863,-0.01730863,-9908.1000,572437.0000,OK,0.0000,396.3240,4.0000,96.0000,AG03-UNRESOLVED,ALL5_LEVELS_bet23_to_bet27,396.3240,396.3240,396.3240,396.3240,396.3240,4.000000,4.000000,4.000000,4.000000,4.000000,96.000000,96.000000,96.000000,96.000000,96.000000,5.0,1981.6200,1829.3058,7926.4800,8078.7942,PENDING_AG03,FALSE,NOT_FOR_ENFORCEMENT,9511.7760,503536.3200,9908.1000,9511.7760,396.3240,0.01730863,0.01661628,396.3240,9511.7760,0.01661628,396.3240,396.3240,396.3240,396.3240,396.3240,9511.7760,0.01661628,1981.6200,1829.3058,7926.4800,8078.7942,0.01384690,0.01411298,0.00069235,439.6598,403.1645,7.6158,471.8143,13.4438,27258.9048,61.9524,,439.6598,50.0,150.0,500.0,1000.0,2000.0,3959.9609,110.0,0.0,13.333333,26.39974,2.931065,29,147,15,4,0E-8,0.01730863,,0E-8,0.000000,0.916288,0.000000,,2026-05-21,2026-07-03,21,737,411,44,0.477273,,,0.000000,,,,,,,,GLOBAL_BASELINE_NO_ENTITY_RANKING,,,NOT_APPLICABLE_GLOBAL_BASELINE,HF9g-P5,,,,X 全窗基线 · 不参与实体赏罚,15057740,1506,A168_HF9F_20260827_0900,2026-08-27 09:00:00
2026-06-22,150345145,2222,0,150.0000000000,150.0000000000,150.0000000000,1.0000000,1,1,0.49324550000000000,0.493245500000,1.01360149184955,1.01360149184955,1.01360149184955,0E-17,ELIGIBLE,R03b_20260811_FULL_v1,L1_ELIGIBILITY,v2026-08-11,2026-03-21..2026-08-06,baccarat_bet02_101_all_pairs_incl_sentinel,round_win = game_pnl > 0 (decisive only),COMPATIBILITY_ONLY_NOT_PRODUCTION,572437.0000,524517.0000,9908.1000,1302,1301,-0.01730863,,-0.01730863,-0.01730863,-9908.1000,572437.0000,OK,0.0000,396.3240,4.0000,96.0000,AG03-UNRESOLVED,ALL5_LEVELS_bet23_to_bet27,396.3240,396.3240,396.3240,396.3240,396.3240,4.000000,4.000000,4.000000,4.000000,4.000000,96.000000,96.000000,96.000000,96.000000,96.000000,5.0,1981.6200,1829.3058,7926.4800,8078.7942,PENDING_AG03,FALSE,NOT_FOR_ENFORCEMENT,9511.7760,503536.3200,9908.1000,9511.7760,396.3240,0.01730863,0.01661628,396.3240,9511.7760,0.01661628,396.3240,396.3240,396.3240,396.3240,396.3240,9511.7760,0.01661628,1981.6200,1829.3058,7926.4800,8078.7942,0.01384690,0.01411298,0.00069235,439.6598,403.1645,7.6158,471.8143,13.4438,27258.9048,61.9524,,439.6598,50.0,150.0,500.0,1000.0,2000.0,3959.9609,110.0,0.0,13.333333,26.39974,2.931065,29,147,15,4,0E-8,0.01730863,,0E-8,0.000000,0.916288,0.000000,,2026-05-21,2026-07-03,21,737,411,44,0.477273,,,0.000000,,,,,,,,GLOBAL_BASELINE_NO_ENTITY_RANKING,,,NOT_APPLICABLE_GLOBAL_BASELINE,HF9g-P5,,,,X 全窗基线 · 不参与实体赏罚,15057741,1506,A168_HF9F_20260827_0900,2026-08-27 09:00:00
2026-06-22,150345145,2224,0,90.0000000000,-90.0000000000,-90.0000000000,0E-7,1,1,0.49324550000000000,0.493245500000,-0.9865810262130424,-0.9865810262130424,-0.9865810262130424,0E-17,ELIGIBLE,R03b_20260811_FULL_v1,L1_ELIGIBILITY,v2026-08-11,2026-03-21..2026-08-06,baccarat_bet02_101_all_pairs_incl_sentinel,round_win = game_pnl > 0 (decisive only),COMPATIBILITY_ONLY_NOT_PRODUCTION,572437.0000,524517.0000,9908.1000,1302,1301,-0.01730863,,-0.01730863,-0.01730863,-9908.1000,572437.0000,OK,0.0000,396.3240,4.0000,96.0000,AG03-UNRESOLVED,ALL5_LEVELS_bet23_to_bet27,396.3240,396.3240,396.3240,396.3240,396.3240,4.000000,4.000000,4.000000,4.000000,4.000000,96.000000,96.000000,96.000000,96.000000,96.000000,5.0,1981.6200,1829.3058,7926.4800,8078.7942,PENDING_AG03,FALSE,NOT_FOR_ENFORCEMENT,9511.7760,503536.3200,9908.1000,9511.7760,396.3240,0.01730863,0.01661628,396.3240,9511.7760,0.01661628,396.3240,396.3240,396.3240,396.3240,396.3240,9511.7760,0.01661628,1981.6200,1829.3058,7926.4800,8078.7942,0.01384690,0.01411298,0.00069235,439.6598,403.1645,7.6158,471.8143,13.4438,27258.9048,61.9524,,439.6598,50.0,150.0,500.0,1000.0,2000.0,3959.9609,110.0,0.0,13.333333,26.39974,2.931065,29,147,15,4,0E-8,0.01730863,,0E-8,0.000000,0.916288,0.000000,,2026-05-21,2026-07-03,21,737,411,44,0.477273,,,0.000000,,,,,,,,GLOBAL_BASELINE_NO_ENTITY_RANKING,,,NOT_APPLICABLE_GLOBAL_BASELINE,HF9g-P5,,,,X 全窗基线 · 不参与实体赏罚,15057742,1506,A168_HF9F_20260827_0900,2026-08-27 09:00:00
2026-06-22,150345145,2241,0,70.0000000000,70.0000000000,70.0000000000,1.0000000,1,1,0.49324550000000000,0.493245500000,1.01360149184955,1.01360149184955,1.01360149184955,0E-17,ELIGIBLE,R03b_20260811_FULL_v1,L1_ELIGIBILITY,v2026-08-11,2026-03-21..2026-08-06,baccarat_bet02_101_all_pairs_incl_sentinel,round_win = game_pnl > 0 (decisive only),COMPATIBILITY_ONLY_NOT_PRODUCTION,572437.0000,524517.0000,9908.1000,1302,1301,-0.01730863,,-0.01730863,-0.01730863,-9908.1000,572437.0000,OK,0.0000,396.3240,4.0000,96.0000,AG03-UNRESOLVED,ALL5_LEVELS_bet23_to_bet27,396.3240,396.3240,396.3240,396.3240,396.3240,4.000000,4.000000,4.000000,4.000000,4.000000,96.000000,96.000000,96.000000,96.000000,96.000000,5.0,1981.6200,1829.3058,7926.4800,8078.7942,PENDING_AG03,FALSE,NOT_FOR_ENFORCEMENT,9511.7760,503536.3200,9908.1000,9511.7760,396.3240,0.01730863,0.01661628,396.3240,9511.7760,0.01661628,396.3240,396.3240,396.3240,396.3240,396.3240,9511.7760,0.01661628,1981.6200,1829.3058,7926.4800,8078.7942,0.01384690,0.01411298,0.00069235,439.6598,403.1645,7.6158,471.8143,13.4438,27258.9048,61.9524,,439.6598,50.0,150.0,500.0,1000.0,2000.0,3959.9609,110.0,0.0,13.333333,26.39974,2.931065,29,147,15,4,0E-8,0.01730863,,0E-8,0.000000,0.916288,0.000000,,2026-05-21,2026-07-03,21,737,411,44,0.477273,,,0.000000,,,,,,,,GLOBAL_BASELINE_NO_ENTITY_RANKING,,,NOT_APPLICABLE_GLOBAL_BASELINE,HF9g-P5,,,,X 全窗基线 · 不参与实体赏罚,15057743,1506,A168_HF9F_20260827_0900,2026-08-27 09:00:00
2026-06-22,150345145,2246,0,20.0000000000,-20.0000000000,-20.0000000000,0E-7,1,1,0.49324550000000000,0.493245500000,-0.9865810262130424,-0.9865810262130424,-0.9865810262130424,0E-17,ELIGIBLE,R03b_20260811_FULL_v1,L1_ELIGIBILITY,v2026-08-11,2026-03-21..2026-08-06,baccarat_bet02_101_all_pairs_incl_sentinel,round_win = game_pnl > 0 (decisive only),COMPATIBILITY_ONLY_NOT_PRODUCTION,572437.0000,524517.0000,9908.1000,1302,1301,-0.01730863,,-0.01730863,-0.01730863,-9908.1000,572437.0000,OK,0.0000,396.3240,4.0000,96.0000,AG03-UNRESOLVED,ALL5_LEVELS_bet23_to_bet27,396.3240,396.3240,396.3240,396.3240,396.3240,4.000000,4.000000,4.000000,4.000000,4.000000,96.000000,96.000000,96.000000,96.000000,96.000000,5.0,1981.6200,1829.3058,7926.4800,8078.7942,PENDING_AG03,FALSE,NOT_FOR_ENFORCEMENT,9511.7760,503536.3200,9908.1000,9511.7760,396.3240,0.01730863,0.01661628,396.3240,9511.7760,0.01661628,396.3240,396.3240,396.3240,396.3240,396.3240,9511.7760,0.01661628,1981.6200,1829.3058,7926.4800,8078.7942,0.01384690,0.01411298,0.00069235,439.6598,403.1645,7.6158,471.8143,13.4438,27258.9048,61.9524,,439.6598,50.0,150.0,500.0,1000.0,2000.0,3959.9609,110.0,0.0,13.333333,26.39974,2.931065,29,147,15,4,0E-8,0.01730863,,0E-8,0.000000,0.916288,0.000000,,2026-05-21,2026-07-03,21,737,411,44,0.477273,,,0.000000,,,,,,,,GLOBAL_BASELINE_NO_ENTITY_RANKING,,,NOT_APPLICABLE_GLOBAL_BASELINE,HF9g-P5,,,,X 全窗基线 · 不参与实体赏罚,15057744,1506,A168_HF9F_20260827_0900,2026-08-27 09:00:00
2026-06-22,150345145,2248,0,60.0000000000,0E-10,0E-10,,1,1,0.49324550000000000,0.493245500000,,,,0E-17,NO_DECISIVE_ROUND,R03b_20260811_FULL_v1,L1_ELIGIBILITY,v2026-08-11,2026-03-21..2026-08-06,baccarat_bet02_101_all_pairs_incl_sentinel,round_win = game_pnl > 0 (decisive only),COMPATIBILITY_ONLY_NOT_PRODUCTION,572437.0000,524517.0000,9908.1000,1302,1301,-0.01730863,,-0.01730863,-0.01730863,-9908.1000,572437.0000,OK,0.0000,396.3240,4.0000,96.0000,AG03-UNRESOLVED,ALL5_LEVELS_bet23_to_bet27,396.3240,396.3240,396.3240,396.3240,396.3240,4.000000,4.000000,4.000000,4.000000,4.000000,96.000000,96.000000,96.000000,96.000000,96.000000,5.0,1981.6200,1829.3058,7926.4800,8078.7942,PENDING_AG03,FALSE,NOT_FOR_ENFORCEMENT,9511.7760,503536.3200,9908.1000,9511.7760,396.3240,0.01730863,0.01661628,396.3240,9511.7760,0.01661628,396.3240,396.3240,396.3240,396.3240,396.3240,9511.7760,0.01661628,1981.6200,1829.3058,7926.4800,8078.7942,0.01384690,0.01411298,0.00069235,439.6598,403.1645,7.6158,471.8143,13.4438,27258.9048,61.9524,,439.6598,50.0,150.0,500.0,1000.0,2000.0,3959.9609,110.0,0.0,13.333333,26.39974,2.931065,29,147,15,4,0E-8,0.01730863,,0E-8,0.000000,0.916288,0.000000,,2026-05-21,2026-07-03,21,737,411,44,0.477273,,,0.000000,,,,,,,,GLOBAL_BASELINE_NO_ENTITY_RANKING,,,NOT_APPLICABLE_GLOBAL_BASELINE,HF9g-P5,,,,X 全窗基线 · 不参与实体赏罚,15057745,1506,A168_HF9F_20260827_0900,2026-08-27 09:00:00
2026-06-22,150345145,2261,0,50.0000000000,-50.0000000000,-50.0000000000,0E-7,1,1,0.49324550000000000,0.493245500000,-0.9865810262130424,-0.9865810262130424,-0.9865810262130424,0E-17,ELIGIBLE,R03b_20260811_FULL_v1,L1_ELIGIBILITY,v2026-08-11,2026-03-21..2026-08-06,baccarat_bet02_101_all_pairs_incl_sentinel,round_win = game_pnl > 0 (decisive only),COMPATIBILITY_ONLY_NOT_PRODUCTION,572437.0000,524517.0000,9908.1000,1302,1301,-0.01730863,,-0.01730863,-0.01730863,-9908.1000,572437.0000,OK,0.0000,396.3240,4.0000,96.0000,AG03-UNRESOLVED,ALL5_LEVELS_bet23_to_bet27,396.3240,396.3240,396.3240,396.3240,396.3240,4.000000,4.000000,4.000000,4.000000,4.000000,96.000000,96.000000,96.000000,96.000000,96.000000,5.0,1981.6200,1829.3058,7926.4800,8078.7942,PENDING_AG03,FALSE,NOT_FOR_ENFORCEMENT,9511.7760,503536.3200,9908.1000,9511.7760,396.3240,0.01730863,0.01661628,396.3240,9511.7760,0.01661628,396.3240,396.3240,396.3240,396.3240,396.3240,9511.7760,0.01661628,1981.6200,1829.3058,7926.4800,8078.7942,0.01384690,0.01411298,0.00069235,439.6598,403.1645,7.6158,471.8143,13.4438,27258.9048,61.9524,,439.6598,50.0,150.0,500.0,1000.0,2000.0,3959.9609,110.0,0.0,13.333333,26.39974,2.931065,29,147,15,4,0E-8,0.01730863,,0E-8,0.000000,0.916288,0.000000,,2026-05-21,2026-07-03,21,737,411,44,0.477273,,,0.000000,,,,,,,,GLOBAL_BASELINE_NO_ENTITY_RANKING,,,NOT_APPLICABLE_GLOBAL_BASELINE,HF9g-P5,,,,X 全窗基线 · 不参与实体赏罚,15057746,1506,A168_HF9F_20260827_0900,2026-08-27 09:00:00
2026-06-22,150345145,2276,0,350.0000000000,-350.0000000000,-350.0000000000,0E-7,1,1,0.49324550000000000,0.493245500000,-0.9865810262130424,-0.9865810262130424,-0.9865810262130424,0E-17,ELIGIBLE,R03b_20260811_FULL_v1,L1_ELIGIBILITY,v2026-08-11,2026-03-21..2026-08-06,baccarat_bet02_101_all_pairs_incl_sentinel,round_win = game_pnl > 0 (decisive only),COMPATIBILITY_ONLY_NOT_PRODUCTION,572437.0000,524517.0000,9908.1000,1302,1301,-0.01730863,,-0.01730863,-0.01730863,-9908.1000,572437.0000,OK,0.0000,396.3240,4.0000,96.0000,AG03-UNRESOLVED,ALL5_LEVELS_bet23_to_bet27,396.3240,396.3240,396.3240,396.3240,396.3240,4.000000,4.000000,4.000000,4.000000,4.000000,96.000000,96.000000,96.000000,96.000000,96.000000,5.0,1981.6200,1829.3058,7926.4800,8078.7942,PENDING_AG03,FALSE,NOT_FOR_ENFORCEMENT,9511.7760,503536.3200,9908.1000,9511.7760,396.3240,0.01730863,0.01661628,396.3240,9511.7760,0.01661628,396.3240,396.3240,396.3240,396.3240,396.3240,9511.7760,0.01661628,1981.6200,1829.3058,7926.4800,8078.7942,0.01384690,0.01411298,0.00069235,439.6598,403.1645,7.6158,471.8143,13.4438,27258.9048,61.9524,,439.6598,50.0,150.0,500.0,1000.0,2000.0,3959.9609,110.0,0.0,13.333333,26.39974,2.931065,29,147,15,4,0E-8,0.01730863,,0E-8,0.000000,0.916288,0.000000,,2026-05-21,2026-07-03,21,737,411,44,0.477273,,,0.000000,,,,,,,,GLOBAL_BASELINE_NO_ENTITY_RANKING,,,NOT_APPLICABLE_GLOBAL_BASELINE,HF9g-P5,,,,X 全窗基线 · 不参与实体赏罚,15057747,1506,A168_HF9F_20260827_0900,2026-08-27 09:00:00
2026-06-22,150345145,529,0,20.0000000000,20.0000000000,20.0000000000,1.0000000,1,1,0.49324550000000000,0.493245500000,1.01360149184955,1.01360149184955,1.01360149184955,0E-17,ELIGIBLE,R03b_20260811_FULL_v1,L1_ELIGIBILITY,v2026-08-11,2026-03-21..2026-08-06,baccarat_bet02_101_all_pairs_incl_sentinel,round_win = game_pnl > 0 (decisive only),COMPATIBILITY_ONLY_NOT_PRODUCTION,572437.0000,524517.0000,9908.1000,1302,1301,-0.01730863,,-0.01730863,-0.01730863,-9908.1000,572437.0000,OK,0.0000,396.3240,4.0000,96.0000,AG03-UNRESOLVED,ALL5_LEVELS_bet23_to_bet27,396.3240,396.3240,396.3240,396.3240,396.3240,4.000000,4.000000,4.000000,4.000000,4.000000,96.000000,96.000000,96.000000,96.000000,96.000000,5.0,1981.6200,1829.3058,7926.4800,8078.7942,PENDING_AG03,FALSE,NOT_FOR_ENFORCEMENT,9511.7760,503536.3200,9908.1000,9511.7760,396.3240,0.01730863,0.01661628,396.3240,9511.7760,0.01661628,396.3240,396.3240,396.3240,396.3240,396.3240,9511.7760,0.01661628,1981.6200,1829.3058,7926.4800,8078.7942,0.01384690,0.01411298,0.00069235,439.6598,403.1645,7.6158,471.8143,13.4438,27258.9048,61.9524,,439.6598,50.0,150.0,500.0,1000.0,2000.0,3959.9609,110.0,0.0,13.333333,26.39974,2.931065,29,147,15,4,0E-8,0.01730863,,0E-8,0.000000,0.916288,0.000000,,2026-05-21,2026-07-03,21,737,411,44,0.477273,,,0.000000,,,,,,,,GLOBAL_BASELINE_NO_ENTITY_RANKING,,,NOT_APPLICABLE_GLOBAL_BASELINE,HF9g-P5,,,,X 全窗基线 · 不参与实体赏罚,15057748,1506,A168_HF9F_20260827_0900,2026-08-27 09:00:00
2026-06-22,150345145,595,0,100.0000000000,95.0000000000,95.0000000000,1.0000000,1,1,0.50665070000000000,0.506650700000,0.9867858985152569,0.9867858985152569,0.9867858985152569,0E-17,ELIGIBLE,R03b_20260811_FULL_v1,L1_ELIGIBILITY,v2026-08-11,2026-03-21..2026-08-06,baccarat_bet02_101_all_pairs_incl_sentinel,round_win = game_pnl > 0 (decisive only),COMPATIBILITY_ONLY_NOT_PRODUCTION,572437.0000,524517.0000,9908.1000,1302,1301,-0.01730863,,-0.01730863,-0.01730863,-9908.1000,572437.0000,OK,0.0000,396.3240,4.0000,96.0000,AG03-UNRESOLVED,ALL5_LEVELS_bet23_to_bet27,396.3240,396.3240,396.3240,396.3240,396.3240,4.000000,4.000000,4.000000,4.000000,4.000000,96.000000,96.000000,96.000000,96.000000,96.000000,5.0,1981.6200,1829.3058,7926.4800,8078.7942,PENDING_AG03,FALSE,NOT_FOR_ENFORCEMENT,9511.7760,503536.3200,9908.1000,9511.7760,396.3240,0.01730863,0.01661628,396.3240,9511.7760,0.01661628,396.3240,396.3240,396.3240,396.3240,396.3240,9511.7760,0.01661628,1981.6200,1829.3058,7926.4800,8078.7942,0.01384690,0.01411298,0.00069235,439.6598,403.1645,7.6158,471.8143,13.4438,27258.9048,61.9524,,439.6598,50.0,150.0,500.0,1000.0,2000.0,3959.9609,110.0,0.0,13.333333,26.39974,2.931065,29,147,15,4,0E-8,0.01730863,,0E-8,0.000000,0.916288,0.000000,,2026-05-21,2026-07-03,21,737,411,44,0.477273,,,0.000000,,,,,,,,GLOBAL_BASELINE_NO_ENTITY_RANKING,,,NOT_APPLICABLE_GLOBAL_BASELINE,HF9g-P5,,,,X 全窗基线 · 不参与实体赏罚,15057749,1506,A168_HF9F_20260827_0900,2026-08-27 09:00:00
2026-07-02,150345145,-1,1,1039.0000000000,88.5000000000,88.5000000000,0.4705882,19,19,0.49536211052631579,0.495362110526,-0.20429939783327558,-0.20429939783067266,-0.20429939783327558,3.1579E-13,SENTINEL_DEALER,R03b_20260811_FULL_v1,L1_ELIGIBILITY,v2026-08-11,2026-03-21..2026-08-06,baccarat_bet02_101_all_pairs_incl_sentinel,round_win = game_pnl > 0 (decisive only),COMPATIBILITY_ONLY_NOT_PRODUCTION,572437.0000,524517.0000,9908.1000,1302,1301,-0.01730863,,-0.01730863,-0.01730863,-9908.1000,572437.0000,OK,0.0000,396.3240,4.0000,96.0000,AG03-UNRESOLVED,ALL5_LEVELS_bet23_to_bet27,396.3240,396.3240,396.3240,396.3240,396.3240,4.000000,4.000000,4.000000,4.000000,4.000000,96.000000,96.000000,96.000000,96.000000,96.000000,5.0,1981.6200,1829.3058,7926.4800,8078.7942,PENDING_AG03,FALSE,NOT_FOR_ENFORCEMENT,9511.7760,503536.3200,9908.1000,9511.7760,396.3240,0.01730863,0.01661628,396.3240,9511.7760,0.01661628,396.3240,396.3240,396.3240,396.3240,396.3240,9511.7760,0.01661628,1981.6200,1829.3058,7926.4800,8078.7942,0.01384690,0.01411298,0.00069235,439.6598,403.1645,7.6158,471.8143,13.4438,27258.9048,61.9524,,439.6598,50.0,150.0,500.0,1000.0,2000.0,3959.9609,110.0,0.0,13.333333,26.39974,2.931065,29,147,15,4,0E-8,0.01730863,,0E-8,0.000000,0.916288,0.000000,,2026-05-21,2026-07-03,21,737,411,44,0.477273,,,0.000000,,,,,,,,GLOBAL_BASELINE_NO_ENTITY_RANKING,,,NOT_APPLICABLE_GLOBAL_BASELINE,HF9g-P5,,,,X 全窗基线 · 不参与实体赏罚,15057750,1506,A168_HF9F_20260827_0900,2026-08-27 09:00:00
2026-07-02,150345145,1221,0,100.0000000000,-100.0000000000,-100.0000000000,0E-7,1,1,0.49324550000000000,0.493245500000,-0.9865810262130424,-0.9865810262130424,-0.9865810262130424,0E-17,ELIGIBLE,R03b_20260811_FULL_v1,L1_ELIGIBILITY,v2026-08-11,2026-03-21..2026-08-06,baccarat_bet02_101_all_pairs_incl_sentinel,round_win = game_pnl > 0 (decisive only),COMPATIBILITY_ONLY_NOT_PRODUCTION,572437.0000,524517.0000,9908.1000,1302,1301,-0.01730863,,-0.01730863,-0.01730863,-9908.1000,572437.0000,OK,0.0000,396.3240,4.0000,96.0000,AG03-UNRESOLVED,ALL5_LEVELS_bet23_to_bet27,396.3240,396.3240,396.3240,396.3240,396.3240,4.000000,4.000000,4.000000,4.000000,4.000000,96.000000,96.000000,96.000000,96.000000,96.000000,5.0,1981.6200,1829.3058,7926.4800,8078.7942,PENDING_AG03,FALSE,NOT_FOR_ENFORCEMENT,9511.7760,503536.3200,9908.1000,9511.7760,396.3240,0.01730863,0.01661628,396.3240,9511.7760,0.01661628,396.3240,396.3240,396.3240,396.3240,396.3240,9511.7760,0.01661628,1981.6200,1829.3058,7926.4800,8078.7942,0.01384690,0.01411298,0.00069235,439.6598,403.1645,7.6158,471.8143,13.4438,27258.9048,61.9524,,439.6598,50.0,150.0,500.0,1000.0,2000.0,3959.9609,110.0,0.0,13.333333,26.39974,2.931065,29,147,15,4,0E-8,0.01730863,,0E-8,0.000000,0.916288,0.000000,,2026-05-21,2026-07-03,21,737,411,44,0.477273,,,0.000000,,,,,,,,GLOBAL_BASELINE_NO_ENTITY_RANKING,,,NOT_APPLICABLE_GLOBAL_BASELINE,HF9g-P5,,,,X 全窗基线 · 不参与实体赏罚,15057751,1506,A168_HF9F_20260827_0900,2026-08-27 09:00:00
2026-07-02,150345145,1490,0,10.0000000000,10.0000000000,10.0000000000,1.0000000,1,1,0.49324550000000000,0.493245500000,1.01360149184955,1.01360149184955,1.01360149184955,0E-17,ELIGIBLE,R03b_20260811_FULL_v1,L1_ELIGIBILITY,v2026-08-11,2026-03-21..2026-08-06,baccarat_bet02_101_all_pairs_incl_sentinel,round_win = game_pnl > 0 (decisive only),COMPATIBILITY_ONLY_NOT_PRODUCTION,572437.0000,524517.0000,9908.1000,1302,1301,-0.01730863,,-0.01730863,-0.01730863,-9908.1000,572437.0000,OK,0.0000,396.3240,4.0000,96.0000,AG03-UNRESOLVED,ALL5_LEVELS_bet23_to_bet27,396.3240,396.3240,396.3240,396.3240,396.3240,4.000000,4.000000,4.000000,4.000000,4.000000,96.000000,96.000000,96.000000,96.000000,96.000000,5.0,1981.6200,1829.3058,7926.4800,8078.7942,PENDING_AG03,FALSE,NOT_FOR_ENFORCEMENT,9511.7760,503536.3200,9908.1000,9511.7760,396.3240,0.01730863,0.01661628,396.3240,9511.7760,0.01661628,396.3240,396.3240,396.3240,396.3240,396.3240,9511.7760,0.01661628,1981.6200,1829.3058,7926.4800,8078.7942,0.01384690,0.01411298,0.00069235,439.6598,403.1645,7.6158,471.8143,13.4438,27258.9048,61.9524,,439.6598,50.0,150.0,500.0,1000.0,2000.0,3959.9609,110.0,0.0,13.333333,26.39974,2.931065,29,147,15,4,0E-8,0.01730863,,0E-8,0.000000,0.916288,0.000000,,2026-05-21,2026-07-03,21,737,411,44,0.477273,,,0.000000,,,,,,,,GLOBAL_BASELINE_NO_ENTITY_RANKING,,,NOT_APPLICABLE_GLOBAL_BASELINE,HF9g-P5,,,,X 全窗基线 · 不参与实体赏罚,15057752,1506,A168_HF9F_20260827_0900,2026-08-27 09:00:00
2026-07-02,150345145,1940,0,21.0000000000,-21.0000000000,-21.0000000000,0E-7,1,1,0.49324550000000000,0.493245500000,-0.9865810262130424,-0.9865810262130424,-0.9865810262130424,0E-17,ELIGIBLE,R03b_20260811_FULL_v1,L1_ELIGIBILITY,v2026-08-11,2026-03-21..2026-08-06,baccarat_bet02_101_all_pairs_incl_sentinel,round_win = game_pnl > 0 (decisive only),COMPATIBILITY_ONLY_NOT_PRODUCTION,572437.0000,524517.0000,9908.1000,1302,1301,-0.01730863,,-0.01730863,-0.01730863,-9908.1000,572437.0000,OK,0.0000,396.3240,4.0000,96.0000,AG03-UNRESOLVED,ALL5_LEVELS_bet23_to_bet27,396.3240,396.3240,396.3240,396.3240,396.3240,4.000000,4.000000,4.000000,4.000000,4.000000,96.000000,96.000000,96.000000,96.000000,96.000000,5.0,1981.6200,1829.3058,7926.4800,8078.7942,PENDING_AG03,FALSE,NOT_FOR_ENFORCEMENT,9511.7760,503536.3200,9908.1000,9511.7760,396.3240,0.01730863,0.01661628,396.3240,9511.7760,0.01661628,396.3240,396.3240,396.3240,396.3240,396.3240,9511.7760,0.01661628,1981.6200,1829.3058,7926.4800,8078.7942,0.01384690,0.01411298,0.00069235,439.6598,403.1645,7.6158,471.8143,13.4438,27258.9048,61.9524,,439.6598,50.0,150.0,500.0,1000.0,2000.0,3959.9609,110.0,0.0,13.333333,26.39974,2.931065,29,147,15,4,0E-8,0.01730863,,0E-8,0.000000,0.916288,0.000000,,2026-05-21,2026-07-03,21,737,411,44,0.477273,,,0.000000,,,,,,,,GLOBAL_BASELINE_NO_ENTITY_RANKING,,,NOT_APPLICABLE_GLOBAL_BASELINE,HF9g-P5,,,,X 全窗基线 · 不参与实体赏罚,15057753,1506,A168_HF9F_20260827_0900,2026-08-27 09:00:00
2026-07-02,150345145,2220,0,16.0000000000,16.0000000000,16.0000000000,1.0000000,1,1,0.49324550000000000,0.493245500000,1.01360149184955,1.01360149184955,1.01360149184955,0E-17,ELIGIBLE,R03b_20260811_FULL_v1,L1_ELIGIBILITY,v2026-08-11,2026-03-21..2026-08-06,baccarat_bet02_101_all_pairs_incl_sentinel,round_win = game_pnl > 0 (decisive only),COMPATIBILITY_ONLY_NOT_PRODUCTION,572437.0000,524517.0000,9908.1000,1302,1301,-0.01730863,,-0.01730863,-0.01730863,-9908.1000,572437.0000,OK,0.0000,396.3240,4.0000,96.0000,AG03-UNRESOLVED,ALL5_LEVELS_bet23_to_bet27,396.3240,396.3240,396.3240,396.3240,396.3240,4.000000,4.000000,4.000000,4.000000,4.000000,96.000000,96.000000,96.000000,96.000000,96.000000,5.0,1981.6200,1829.3058,7926.4800,8078.7942,PENDING_AG03,FALSE,NOT_FOR_ENFORCEMENT,9511.7760,503536.3200,9908.1000,9511.7760,396.3240,0.01730863,0.01661628,396.3240,9511.7760,0.01661628,396.3240,396.3240,396.3240,396.3240,396.3240,9511.7760,0.01661628,1981.6200,1829.3058,7926.4800,8078.7942,0.01384690,0.01411298,0.00069235,439.6598,403.1645,7.6158,471.8143,13.4438,27258.9048,61.9524,,439.6598,50.0,150.0,500.0,1000.0,2000.0,3959.9609,110.0,0.0,13.333333,26.39974,2.931065,29,147,15,4,0E-8,0.01730863,,0E-8,0.000000,0.916288,0.000000,,2026-05-21,2026-07-03,21,737,411,44,0.477273,,,0.000000,,,,,,,,GLOBAL_BASELINE_NO_ENTITY_RANKING,,,NOT_APPLICABLE_GLOBAL_BASELINE,HF9g-P5,,,,X 全窗基线 · 不参与实体赏罚,15057754,1506,A168_HF9F_20260827_0900,2026-08-27 09:00:00
2026-07-02,150345145,2229,0,50.0000000000,-50.0000000000,-50.0000000000,0E-7,1,1,0.49324550000000000,0.493245500000,-0.9865810262130424,-0.9865810262130424,-0.9865810262130424,0E-17,ELIGIBLE,R03b_20260811_FULL_v1,L1_ELIGIBILITY,v2026-08-11,2026-03-21..2026-08-06,baccarat_bet02_101_all_pairs_incl_sentinel,round_win = game_pnl > 0 (decisive only),COMPATIBILITY_ONLY_NOT_PRODUCTION,572437.0000,524517.0000,9908.1000,1302,1301,-0.01730863,,-0.01730863,-0.01730863,-9908.1000,572437.0000,OK,0.0000,396.3240,4.0000,96.0000,AG03-UNRESOLVED,ALL5_LEVELS_bet23_to_bet27,396.3240,396.3240,396.3240,396.3240,396.3240,4.000000,4.000000,4.000000,4.000000,4.000000,96.000000,96.000000,96.000000,96.000000,96.000000,5.0,1981.6200,1829.3058,7926.4800,8078.7942,PENDING_AG03,FALSE,NOT_FOR_ENFORCEMENT,9511.7760,503536.3200,9908.1000,9511.7760,396.3240,0.01730863,0.01661628,396.3240,9511.7760,0.01661628,396.3240,396.3240,396.3240,396.3240,396.3240,9511.7760,0.01661628,1981.6200,1829.3058,7926.4800,8078.7942,0.01384690,0.01411298,0.00069235,439.6598,403.1645,7.6158,471.8143,13.4438,27258.9048,61.9524,,439.6598,50.0,150.0,500.0,1000.0,2000.0,3959.9609,110.0,0.0,13.333333,26.39974,2.931065,29,147,15,4,0E-8,0.01730863,,0E-8,0.000000,0.916288,0.000000,,2026-05-21,2026-07-03,21,737,411,44,0.477273,,,0.000000,,,,,,,,GLOBAL_BASELINE_NO_ENTITY_RANKING,,,NOT_APPLICABLE_GLOBAL_BASELINE,HF9g-P5,,,,X 全窗基线 · 不参与实体赏罚,15057755,1506,A168_HF9F_20260827_0900,2026-08-27 09:00:00
2026-07-02,150345145,2234,0,320.0000000000,-120.0000000000,-120.0000000000,0.3333333,3,3,0.49324550000000000,0.493245500000,-0.5540025479526107,-0.5540025479526106,-0.5540025479526107,0E-17,ELIGIBLE,R03b_20260811_FULL_v1,L1_ELIGIBILITY,v2026-08-11,2026-03-21..2026-08-06,baccarat_bet02_101_all_pairs_incl_sentinel,round_win = game_pnl > 0 (decisive only),COMPATIBILITY_ONLY_NOT_PRODUCTION,572437.0000,524517.0000,9908.1000,1302,1301,-0.01730863,,-0.01730863,-0.01730863,-9908.1000,572437.0000,OK,0.0000,396.3240,4.0000,96.0000,AG03-UNRESOLVED,ALL5_LEVELS_bet23_to_bet27,396.3240,396.3240,396.3240,396.3240,396.3240,4.000000,4.000000,4.000000,4.000000,4.000000,96.000000,96.000000,96.000000,96.000000,96.000000,5.0,1981.6200,1829.3058,7926.4800,8078.7942,PENDING_AG03,FALSE,NOT_FOR_ENFORCEMENT,9511.7760,503536.3200,9908.1000,9511.7760,396.3240,0.01730863,0.01661628,396.3240,9511.7760,0.01661628,396.3240,396.3240,396.3240,396.3240,396.3240,9511.7760,0.01661628,1981.6200,1829.3058,7926.4800,8078.7942,0.01384690,0.01411298,0.00069235,439.6598,403.1645,7.6158,471.8143,13.4438,27258.9048,61.9524,,439.6598,50.0,150.0,500.0,1000.0,2000.0,3959.9609,110.0,0.0,13.333333,26.39974,2.931065,29,147,15,4,0E-8,0.01730863,,0E-8,0.000000,0.916288,0.000000,,2026-05-21,2026-07-03,21,737,411,44,0.477273,,,0.000000,,,,,,,,GLOBAL_BASELINE_NO_ENTITY_RANKING,,,NOT_APPLICABLE_GLOBAL_BASELINE,HF9g-P5,,,,X 全窗基线 · 不参与实体赏罚,15057756,1506,A168_HF9F_20260827_0900,2026-08-27 09:00:00
2026-07-02,150345145,2278,0,14.0000000000,-14.0000000000,-14.0000000000,0E-7,1,1,0.49324550000000000,0.493245500000,-0.9865810262130424,-0.9865810262130424,-0.9865810262130424,0E-17,ELIGIBLE,R03b_20260811_FULL_v1,L1_ELIGIBILITY,v2026-08-11,2026-03-21..2026-08-06,baccarat_bet02_101_all_pairs_incl_sentinel,round_win = game_pnl > 0 (decisive only),COMPATIBILITY_ONLY_NOT_PRODUCTION,572437.0000,524517.0000,9908.1000,1302,1301,-0.01730863,,-0.01730863,-0.01730863,-9908.1000,572437.0000,OK,0.0000,396.3240,4.0000,96.0000,AG03-UNRESOLVED,ALL5_LEVELS_bet23_to_bet27,396.3240,396.3240,396.3240,396.3240,396.3240,4.000000,4.000000,4.000000,4.000000,4.000000,96.000000,96.000000,96.000000,96.000000,96.000000,5.0,1981.6200,1829.3058,7926.4800,8078.7942,PENDING_AG03,FALSE,NOT_FOR_ENFORCEMENT,9511.7760,503536.3200,9908.1000,9511.7760,396.3240,0.01730863,0.01661628,396.3240,9511.7760,0.01661628,396.3240,396.3240,396.3240,396.3240,396.3240,9511.7760,0.01661628,1981.6200,1829.3058,7926.4800,8078.7942,0.01384690,0.01411298,0.00069235,439.6598,403.1645,7.6158,471.8143,13.4438,27258.9048,61.9524,,439.6598,50.0,150.0,500.0,1000.0,2000.0,3959.9609,110.0,0.0,13.333333,26.39974,2.931065,29,147,15,4,0E-8,0.01730863,,0E-8,0.000000,0.916288,0.000000,,2026-05-21,2026-07-03,21,737,411,44,0.477273,,,0.000000,,,,,,,,GLOBAL_BASELINE_NO_ENTITY_RANKING,,,NOT_APPLICABLE_GLOBAL_BASELINE,HF9g-P5,,,,X 全窗基线 · 不参与实体赏罚,15057757,1506,A168_HF9F_20260827_0900,2026-08-27 09:00:00
2026-07-02,150345145,772,0,40.0000000000,-40.0000000000,-40.0000000000,0E-7,1,1,0.49324550000000000,0.493245500000,-0.9865810262130424,-0.9865810262130424,-0.9865810262130424,0E-17,ELIGIBLE,R03b_20260811_FULL_v1,L1_ELIGIBILITY,v2026-08-11,2026-03-21..2026-08-06,baccarat_bet02_101_all_pairs_incl_sentinel,round_win = game_pnl > 0 (decisive only),COMPATIBILITY_ONLY_NOT_PRODUCTION,572437.0000,524517.0000,9908.1000,1302,1301,-0.01730863,,-0.01730863,-0.01730863,-9908.1000,572437.0000,OK,0.0000,396.3240,4.0000,96.0000,AG03-UNRESOLVED,ALL5_LEVELS_bet23_to_bet27,396.3240,396.3240,396.3240,396.3240,396.3240,4.000000,4.000000,4.000000,4.000000,4.000000,96.000000,96.000000,96.000000,96.000000,96.000000,5.0,1981.6200,1829.3058,7926.4800,8078.7942,PENDING_AG03,FALSE,NOT_FOR_ENFORCEMENT,9511.7760,503536.3200,9908.1000,9511.7760,396.3240,0.01730863,0.01661628,396.3240,9511.7760,0.01661628,396.3240,396.3240,396.3240,396.3240,396.3240,9511.7760,0.01661628,1981.6200,1829.3058,7926.4800,8078.7942,0.01384690,0.01411298,0.00069235,439.6598,403.1645,7.6158,471.8143,13.4438,27258.9048,61.9524,,439.6598,50.0,150.0,500.0,1000.0,2000.0,3959.9609,110.0,0.0,13.333333,26.39974,2.931065,29,147,15,4,0E-8,0.01730863,,0E-8,0.000000,0.916288,0.000000,,2026-05-21,2026-07-03,21,737,411,44,0.477273,,,0.000000,,,,,,,,GLOBAL_BASELINE_NO_ENTITY_RANKING,,,NOT_APPLICABLE_GLOBAL_BASELINE,HF9g-P5,,,,X 全窗基线 · 不参与实体赏罚,15057758,1506,A168_HF9F_20260827_0900,2026-08-27 09:00:00
2026-07-02,150345145,994,0,61.0000000000,-1.0000000000,-1.0000000000,0.5000000,2,2,0.49324550000000000,0.493245500000,0.01910635448239258,0.01910635448239258,0.01910635448239258,0E-17,ELIGIBLE,R03b_20260811_FULL_v1,L1_ELIGIBILITY,v2026-08-11,2026-03-21..2026-08-06,baccarat_bet02_101_all_pairs_incl_sentinel,round_win = game_pnl > 0 (decisive only),COMPATIBILITY_ONLY_NOT_PRODUCTION,572437.0000,524517.0000,9908.1000,1302,1301,-0.01730863,,-0.01730863,-0.01730863,-9908.1000,572437.0000,OK,0.0000,396.3240,4.0000,96.0000,AG03-UNRESOLVED,ALL5_LEVELS_bet23_to_bet27,396.3240,396.3240,396.3240,396.3240,396.3240,4.000000,4.000000,4.000000,4.000000,4.000000,96.000000,96.000000,96.000000,96.000000,96.000000,5.0,1981.6200,1829.3058,7926.4800,8078.7942,PENDING_AG03,FALSE,NOT_FOR_ENFORCEMENT,9511.7760,503536.3200,9908.1000,9511.7760,396.3240,0.01730863,0.01661628,396.3240,9511.7760,0.01661628,396.3240,396.3240,396.3240,396.3240,396.3240,9511.7760,0.01661628,1981.6200,1829.3058,7926.4800,8078.7942,0.01384690,0.01411298,0.00069235,439.6598,403.1645,7.6158,471.8143,13.4438,27258.9048,61.9524,,439.6598,50.0,150.0,500.0,1000.0,2000.0,3959.9609,110.0,0.0,13.333333,26.39974,2.931065,29,147,15,4,0E-8,0.01730863,,0E-8,0.000000,0.916288,0.000000,,2026-05-21,2026-07-03,21,737,411,44,0.477273,,,0.000000,,,,,,,,GLOBAL_BASELINE_NO_ENTITY_RANKING,,,NOT_APPLICABLE_GLOBAL_BASELINE,HF9g-P5,,,,X 全窗基线 · 不参与实体赏罚,15057759,1506,A168_HF9F_20260827_0900,2026-08-27 09:00:00
2026-07-03,150345145,-1,1,86.0000000000,47.4000000000,47.4000000000,0.7500000,4,4,0.49994810000000000,0.499948100000,1.0002076053883384,1.0002076053883384,1.0002076053883384,0E-17,SENTINEL_DEALER,R03b_20260811_FULL_v1,L1_ELIGIBILITY,v2026-08-11,2026-03-21..2026-08-06,baccarat_bet02_101_all_pairs_incl_sentinel,round_win = game_pnl > 0 (decisive only),COMPATIBILITY_ONLY_NOT_PRODUCTION,572437.0000,524517.0000,9908.1000,1302,1301,-0.01730863,,-0.01730863,-0.01730863,-9908.1000,572437.0000,OK,0.0000,396.3240,4.0000,96.0000,AG03-UNRESOLVED,ALL5_LEVELS_bet23_to_bet27,396.3240,396.3240,396.3240,396.3240,396.3240,4.000000,4.000000,4.000000,4.000000,4.000000,96.000000,96.000000,96.000000,96.000000,96.000000,5.0,1981.6200,1829.3058,7926.4800,8078.7942,PENDING_AG03,FALSE,NOT_FOR_ENFORCEMENT,9511.7760,503536.3200,9908.1000,9511.7760,396.3240,0.01730863,0.01661628,396.3240,9511.7760,0.01661628,396.3240,396.3240,396.3240,396.3240,396.3240,9511.7760,0.01661628,1981.6200,1829.3058,7926.4800,8078.7942,0.01384690,0.01411298,0.00069235,439.6598,403.1645,7.6158,471.8143,13.4438,27258.9048,61.9524,,439.6598,50.0,150.0,500.0,1000.0,2000.0,3959.9609,110.0,0.0,13.333333,26.39974,2.931065,29,147,15,4,0E-8,0.01730863,,0E-8,0.000000,0.916288,0.000000,,2026-05-21,2026-07-03,21,737,411,44,0.477273,,,0.000000,,,,,,,,GLOBAL_BASELINE_NO_ENTITY_RANKING,,,NOT_APPLICABLE_GLOBAL_BASELINE,HF9g-P5,,,,X 全窗基线 · 不参与实体赏罚,15057760,1506,A168_HF9F_20260827_0900,2026-08-27 09:00:00
2026-07-03,150345145,1094,0,22.0000000000,22.0000000000,22.0000000000,1.0000000,1,1,0.49324550000000000,0.493245500000,1.01360149184955,1.01360149184955,1.01360149184955,0E-17,ELIGIBLE,R03b_20260811_FULL_v1,L1_ELIGIBILITY,v2026-08-11,2026-03-21..2026-08-06,baccarat_bet02_101_all_pairs_incl_sentinel,round_win = game_pnl > 0 (decisive only),COMPATIBILITY_ONLY_NOT_PRODUCTION,572437.0000,524517.0000,9908.1000,1302,1301,-0.01730863,,-0.01730863,-0.01730863,-9908.1000,572437.0000,OK,0.0000,396.3240,4.0000,96.0000,AG03-UNRESOLVED,ALL5_LEVELS_bet23_to_bet27,396.3240,396.3240,396.3240,396.3240,396.3240,4.000000,4.000000,4.000000,4.000000,4.000000,96.000000,96.000000,96.000000,96.000000,96.000000,5.0,1981.6200,1829.3058,7926.4800,8078.7942,PENDING_AG03,FALSE,NOT_FOR_ENFORCEMENT,9511.7760,503536.3200,9908.1000,9511.7760,396.3240,0.01730863,0.01661628,396.3240,9511.7760,0.01661628,396.3240,396.3240,396.3240,396.3240,396.3240,9511.7760,0.01661628,1981.6200,1829.3058,7926.4800,8078.7942,0.01384690,0.01411298,0.00069235,439.6598,403.1645,7.6158,471.8143,13.4438,27258.9048,61.9524,,439.6598,50.0,150.0,500.0,1000.0,2000.0,3959.9609,110.0,0.0,13.333333,26.39974,2.931065,29,147,15,4,0E-8,0.01730863,,0E-8,0.000000,0.916288,0.000000,,2026-05-21,2026-07-03,21,737,411,44,0.477273,,,0.000000,,,,,,,,GLOBAL_BASELINE_NO_ENTITY_RANKING,,,NOT_APPLICABLE_GLOBAL_BASELINE,HF9g-P5,,,,X 全窗基线 · 不参与实体赏罚,15057761,1506,A168_HF9F_20260827_0900,2026-08-27 09:00:00
2026-07-03,150345145,1490,0,24.0000000000,-24.0000000000,-24.0000000000,0E-7,1,1,0.50665070000000000,0.506650700000,-1.013391052207602,-1.013391052207602,-1.013391052207602,0E-17,ELIGIBLE,R03b_20260811_FULL_v1,L1_ELIGIBILITY,v2026-08-11,2026-03-21..2026-08-06,baccarat_bet02_101_all_pairs_incl_sentinel,round_win = game_pnl > 0 (decisive only),COMPATIBILITY_ONLY_NOT_PRODUCTION,572437.0000,524517.0000,9908.1000,1302,1301,-0.01730863,,-0.01730863,-0.01730863,-9908.1000,572437.0000,OK,0.0000,396.3240,4.0000,96.0000,AG03-UNRESOLVED,ALL5_LEVELS_bet23_to_bet27,396.3240,396.3240,396.3240,396.3240,396.3240,4.000000,4.000000,4.000000,4.000000,4.000000,96.000000,96.000000,96.000000,96.000000,96.000000,5.0,1981.6200,1829.3058,7926.4800,8078.7942,PENDING_AG03,FALSE,NOT_FOR_ENFORCEMENT,9511.7760,503536.3200,9908.1000,9511.7760,396.3240,0.01730863,0.01661628,396.3240,9511.7760,0.01661628,396.3240,396.3240,396.3240,396.3240,396.3240,9511.7760,0.01661628,1981.6200,1829.3058,7926.4800,8078.7942,0.01384690,0.01411298,0.00069235,439.6598,403.1645,7.6158,471.8143,13.4438,27258.9048,61.9524,,439.6598,50.0,150.0,500.0,1000.0,2000.0,3959.9609,110.0,0.0,13.333333,26.39974,2.931065,29,147,15,4,0E-8,0.01730863,,0E-8,0.000000,0.916288,0.000000,,2026-05-21,2026-07-03,21,737,411,44,0.477273,,,0.000000,,,,,,,,GLOBAL_BASELINE_NO_ENTITY_RANKING,,,NOT_APPLICABLE_GLOBAL_BASELINE,HF9g-P5,,,,X 全窗基线 · 不参与实体赏罚,15057762,1506,A168_HF9F_20260827_0900,2026-08-27 09:00:00
2026-07-03,150345145,1951,0,30.0000000000,-30.0000000000,-30.0000000000,0E-7,1,1,0.49324550000000000,0.493245500000,-0.9865810262130424,-0.9865810262130424,-0.9865810262130424,0E-17,ELIGIBLE,R03b_20260811_FULL_v1,L1_ELIGIBILITY,v2026-08-11,2026-03-21..2026-08-06,baccarat_bet02_101_all_pairs_incl_sentinel,round_win = game_pnl > 0 (decisive only),COMPATIBILITY_ONLY_NOT_PRODUCTION,572437.0000,524517.0000,9908.1000,1302,1301,-0.01730863,,-0.01730863,-0.01730863,-9908.1000,572437.0000,OK,0.0000,396.3240,4.0000,96.0000,AG03-UNRESOLVED,ALL5_LEVELS_bet23_to_bet27,396.3240,396.3240,396.3240,396.3240,396.3240,4.000000,4.000000,4.000000,4.000000,4.000000,96.000000,96.000000,96.000000,96.000000,96.000000,5.0,1981.6200,1829.3058,7926.4800,8078.7942,PENDING_AG03,FALSE,NOT_FOR_ENFORCEMENT,9511.7760,503536.3200,9908.1000,9511.7760,396.3240,0.01730863,0.01661628,396.3240,9511.7760,0.01661628,396.3240,396.3240,396.3240,396.3240,396.3240,9511.7760,0.01661628,1981.6200,1829.3058,7926.4800,8078.7942,0.01384690,0.01411298,0.00069235,439.6598,403.1645,7.6158,471.8143,13.4438,27258.9048,61.9524,,439.6598,50.0,150.0,500.0,1000.0,2000.0,3959.9609,110.0,0.0,13.333333,26.39974,2.931065,29,147,15,4,0E-8,0.01730863,,0E-8,0.000000,0.916288,0.000000,,2026-05-21,2026-07-03,21,737,411,44,0.477273,,,0.000000,,,,,,,,GLOBAL_BASELINE_NO_ENTITY_RANKING,,,NOT_APPLICABLE_GLOBAL_BASELINE,HF9g-P5,,,,X 全窗基线 · 不参与实体赏罚,15057763,1506,A168_HF9F_20260827_0900,2026-08-27 09:00:00
2026-07-03,150345145,2145,0,21.0000000000,-21.0000000000,-21.0000000000,0E-7,1,1,0.49324550000000000,0.493245500000,-0.9865810262130424,-0.9865810262130424,-0.9865810262130424,0E-17,ELIGIBLE,R03b_20260811_FULL_v1,L1_ELIGIBILITY,v2026-08-11,2026-03-21..2026-08-06,baccarat_bet02_101_all_pairs_incl_sentinel,round_win = game_pnl > 0 (decisive only),COMPATIBILITY_ONLY_NOT_PRODUCTION,572437.0000,524517.0000,9908.1000,1302,1301,-0.01730863,,-0.01730863,-0.01730863,-9908.1000,572437.0000,OK,0.0000,396.3240,4.0000,96.0000,AG03-UNRESOLVED,ALL5_LEVELS_bet23_to_bet27,396.3240,396.3240,396.3240,396.3240,396.3240,4.000000,4.000000,4.000000,4.000000,4.000000,96.000000,96.000000,96.000000,96.000000,96.000000,5.0,1981.6200,1829.3058,7926.4800,8078.7942,PENDING_AG03,FALSE,NOT_FOR_ENFORCEMENT,9511.7760,503536.3200,9908.1000,9511.7760,396.3240,0.01730863,0.01661628,396.3240,9511.7760,0.01661628,396.3240,396.3240,396.3240,396.3240,396.3240,9511.7760,0.01661628,1981.6200,1829.3058,7926.4800,8078.7942,0.01384690,0.01411298,0.00069235,439.6598,403.1645,7.6158,471.8143,13.4438,27258.9048,61.9524,,439.6598,50.0,150.0,500.0,1000.0,2000.0,3959.9609,110.0,0.0,13.333333,26.39974,2.931065,29,147,15,4,0E-8,0.01730863,,0E-8,0.000000,0.916288,0.000000,,2026-05-21,2026-07-03,21,737,411,44,0.477273,,,0.000000,,,,,,,,GLOBAL_BASELINE_NO_ENTITY_RANKING,,,NOT_APPLICABLE_GLOBAL_BASELINE,HF9g-P5,,,,X 全窗基线 · 不参与实体赏罚,15057764,1506,A168_HF9F_20260827_0900,2026-08-27 09:00:00
2026-07-03,150345145,2241,0,31.0000000000,-31.0000000000,-31.0000000000,0E-7,1,1,0.49324550000000000,0.493245500000,-0.9865810262130424,-0.9865810262130424,-0.9865810262130424,0E-17,ELIGIBLE,R03b_20260811_FULL_v1,L1_ELIGIBILITY,v2026-08-11,2026-03-21..2026-08-06,baccarat_bet02_101_all_pairs_incl_sentinel,round_win = game_pnl > 0 (decisive only),COMPATIBILITY_ONLY_NOT_PRODUCTION,572437.0000,524517.0000,9908.1000,1302,1301,-0.01730863,,-0.01730863,-0.01730863,-9908.1000,572437.0000,OK,0.0000,396.3240,4.0000,96.0000,AG03-UNRESOLVED,ALL5_LEVELS_bet23_to_bet27,396.3240,396.3240,396.3240,396.3240,396.3240,4.000000,4.000000,4.000000,4.000000,4.000000,96.000000,96.000000,96.000000,96.000000,96.000000,5.0,1981.6200,1829.3058,7926.4800,8078.7942,PENDING_AG03,FALSE,NOT_FOR_ENFORCEMENT,9511.7760,503536.3200,9908.1000,9511.7760,396.3240,0.01730863,0.01661628,396.3240,9511.7760,0.01661628,396.3240,396.3240,396.3240,396.3240,396.3240,9511.7760,0.01661628,1981.6200,1829.3058,7926.4800,8078.7942,0.01384690,0.01411298,0.00069235,439.6598,403.1645,7.6158,471.8143,13.4438,27258.9048,61.9524,,439.6598,50.0,150.0,500.0,1000.0,2000.0,3959.9609,110.0,0.0,13.333333,26.39974,2.931065,29,147,15,4,0E-8,0.01730863,,0E-8,0.000000,0.916288,0.000000,,2026-05-21,2026-07-03,21,737,411,44,0.477273,,,0.000000,,,,,,,,GLOBAL_BASELINE_NO_ENTITY_RANKING,,,NOT_APPLICABLE_GLOBAL_BASELINE,HF9g-P5,,,,X 全窗基线 · 不参与实体赏罚,15057765,1506,A168_HF9F_20260827_0900,2026-08-27 09:00:00
2026-07-03,150345145,2254,0,8.0000000000,8.0000000000,8.0000000000,1.0000000,1,1,0.49324550000000000,0.493245500000,1.01360149184955,1.01360149184955,1.01360149184955,0E-17,ELIGIBLE,R03b_20260811_FULL_v1,L1_ELIGIBILITY,v2026-08-11,2026-03-21..2026-08-06,baccarat_bet02_101_all_pairs_incl_sentinel,round_win = game_pnl > 0 (decisive only),COMPATIBILITY_ONLY_NOT_PRODUCTION,572437.0000,524517.0000,9908.1000,1302,1301,-0.01730863,,-0.01730863,-0.01730863,-9908.1000,572437.0000,OK,0.0000,396.3240,4.0000,96.0000,AG03-UNRESOLVED,ALL5_LEVELS_bet23_to_bet27,396.3240,396.3240,396.3240,396.3240,396.3240,4.000000,4.000000,4.000000,4.000000,4.000000,96.000000,96.000000,96.000000,96.000000,96.000000,5.0,1981.6200,1829.3058,7926.4800,8078.7942,PENDING_AG03,FALSE,NOT_FOR_ENFORCEMENT,9511.7760,503536.3200,9908.1000,9511.7760,396.3240,0.01730863,0.01661628,396.3240,9511.7760,0.01661628,396.3240,396.3240,396.3240,396.3240,396.3240,9511.7760,0.01661628,1981.6200,1829.3058,7926.4800,8078.7942,0.01384690,0.01411298,0.00069235,439.6598,403.1645,7.6158,471.8143,13.4438,27258.9048,61.9524,,439.6598,50.0,150.0,500.0,1000.0,2000.0,3959.9609,110.0,0.0,13.333333,26.39974,2.931065,29,147,15,4,0E-8,0.01730863,,0E-8,0.000000,0.916288,0.000000,,2026-05-21,2026-07-03,21,737,411,44,0.477273,,,0.000000,,,,,,,,GLOBAL_BASELINE_NO_ENTITY_RANKING,,,NOT_APPLICABLE_GLOBAL_BASELINE,HF9g-P5,,,,X 全窗基线 · 不参与实体赏罚,15057766,1506,A168_HF9F_20260827_0900,2026-08-27 09:00:00
2026-04-25,140903079,-1,1,215.4475923732,-215.4475923732,-215.4475923732,0E-7,1,1,0.49324550000000000,0.493245500000,-0.9865810262130424,-0.9865810262130424,-0.9865810262130424,0E-17,SENTINEL_DEALER,R03b_20260811_FULL_v1,L1_ELIGIBILITY,v2026-08-11,2026-03-21..2026-08-06,baccarat_bet02_101_all_pairs_incl_sentinel,round_win = game_pnl > 0 (decisive only),COMPATIBILITY_ONLY_NOT_PRODUCTION,489269.2425,434385.7699,10013.0874,446,443,-0.02046539,-1.00000000,-0.01836589,-0.02046539,-10013.0874,489269.2425,OK,0.0000,500.6544,5.0000,95.0000,AG03-UNRESOLVED,ALL5_LEVELS_bet23_to_bet27,500.6544,500.6544,500.6544,600.7852,801.0470,5.000000,5.000000,5.000000,6.000000,8.000000,95.000000,95.000000,95.000000,94.000000,92.000000,5.0,2903.7953,2588.8046,7109.2920,7424.2827,PENDING_AG03,FALSE,NOT_FOR_ENFORCEMENT,9512.4330,412666.4814,10013.0874,9512.4330,500.6544,0.02046539,0.01944212,500.6544,9512.4330,0.01944212,500.6544,500.6544,500.6544,600.7852,801.0470,9512.4330,0.01944212,2903.7953,2588.8046,7109.2920,7424.2827,0.01453043,0.01517423,0.00102327,1097.0162,980.5548,22.6029,589.0051,50.0654,28780.5437,26.0588,348.8137,1102.0831,322.9557,648.817,1291.8228,2162.7234,4064.8804,6488.1699,605.5625,0.0,6.265064,10.0,1.690794,29,98,15,4,0.00213878,0.02046539,1.00000000,0E-8,0.000000,0.887826,0.024664,-0.98163411,2026-04-25,2026-08-01,17,200,141,99,0.171717,0.316504,0.317966,0.007129,,,,,,,,GLOBAL_BASELINE_NO_ENTITY_RANKING,,,NOT_APPLICABLE_GLOBAL_BASELINE,HF9g-P5,,,,X 全窗基线 · 不参与实体赏罚,15057767,1506,A168_HF9F_20260827_0900,2026-08-27 09:00:00
2026-04-25,140903079,2156,0,1939.0283313584,-1939.0283313584,-1939.0283313584,0E-7,1,1,0.49324550000000000,0.493245500000,-0.9865810262130424,-0.9865810262130424,-0.9865810262130424,0E-17,ELIGIBLE,R03b_20260811_FULL_v1,L1_ELIGIBILITY,v2026-08-11,2026-03-21..2026-08-06,baccarat_bet02_101_all_pairs_incl_sentinel,round_win = game_pnl > 0 (decisive only),COMPATIBILITY_ONLY_NOT_PRODUCTION,489269.2425,434385.7699,10013.0874,446,443,-0.02046539,-1.00000000,-0.01836589,-0.02046539,-10013.0874,489269.2425,OK,0.0000,500.6544,5.0000,95.0000,AG03-UNRESOLVED,ALL5_LEVELS_bet23_to_bet27,500.6544,500.6544,500.6544,600.7852,801.0470,5.000000,5.000000,5.000000,6.000000,8.000000,95.000000,95.000000,95.000000,94.000000,92.000000,5.0,2903.7953,2588.8046,7109.2920,7424.2827,PENDING_AG03,FALSE,NOT_FOR_ENFORCEMENT,9512.4330,412666.4814,10013.0874,9512.4330,500.6544,0.02046539,0.01944212,500.6544,9512.4330,0.01944212,500.6544,500.6544,500.6544,600.7852,801.0470,9512.4330,0.01944212,2903.7953,2588.8046,7109.2920,7424.2827,0.01453043,0.01517423,0.00102327,1097.0162,980.5548,22.6029,589.0051,50.0654,28780.5437,26.0588,348.8137,1102.0831,322.9557,648.817,1291.8228,2162.7234,4064.8804,6488.1699,605.5625,0.0,6.265064,10.0,1.690794,29,98,15,4,0.00213878,0.02046539,1.00000000,0E-8,0.000000,0.887826,0.024664,-0.98163411,2026-04-25,2026-08-01,17,200,141,99,0.171717,0.316504,0.317966,0.007129,,,,,,,,GLOBAL_BASELINE_NO_ENTITY_RANKING,,,NOT_APPLICABLE_GLOBAL_BASELINE,HF9g-P5,,,,X 全窗基线 · 不参与实体赏罚,15057768,1506,A168_HF9F_20260827_0900,2026-08-27 09:00:00
2026-05-03,140903079,-1,1,5787.4475539601,238.9809247807,238.9809247807,0.5714286,19,19,0.50100640526315789,0.501006405263,0.526992303981912,0.5269923039830932,0.526992303981912,1.5789E-13,SENTINEL_DEALER,R03b_20260811_FULL_v1,L1_ELIGIBILITY,v2026-08-11,2026-03-21..2026-08-06,baccarat_bet02_101_all_pairs_incl_sentinel,round_win = game_pnl > 0 (decisive only),COMPATIBILITY_ONLY_NOT_PRODUCTION,489269.2425,434385.7699,10013.0874,446,443,-0.02046539,-1.00000000,-0.01836589,-0.02046539,-10013.0874,489269.2425,OK,0.0000,500.6544,5.0000,95.0000,AG03-UNRESOLVED,ALL5_LEVELS_bet23_to_bet27,500.6544,500.6544,500.6544,600.7852,801.0470,5.000000,5.000000,5.000000,6.000000,8.000000,95.000000,95.000000,95.000000,94.000000,92.000000,5.0,2903.7953,2588.8046,7109.2920,7424.2827,PENDING_AG03,FALSE,NOT_FOR_ENFORCEMENT,9512.4330,412666.4814,10013.0874,9512.4330,500.6544,0.02046539,0.01944212,500.6544,9512.4330,0.01944212,500.6544,500.6544,500.6544,600.7852,801.0470,9512.4330,0.01944212,2903.7953,2588.8046,7109.2920,7424.2827,0.01453043,0.01517423,0.00102327,1097.0162,980.5548,22.6029,589.0051,50.0654,28780.5437,26.0588,348.8137,1102.0831,322.9557,648.817,1291.8228,2162.7234,4064.8804,6488.1699,605.5625,0.0,6.265064,10.0,1.690794,29,98,15,4,0.00213878,0.02046539,1.00000000,0E-8,0.000000,0.887826,0.024664,-0.98163411,2026-04-25,2026-08-01,17,200,141,99,0.171717,0.316504,0.317966,0.007129,,,,,,,,GLOBAL_BASELINE_NO_ENTITY_RANKING,,,NOT_APPLICABLE_GLOBAL_BASELINE,HF9g-P5,,,,X 全窗基线 · 不参与实体赏罚,15057769,1506,A168_HF9F_20260827_0900,2026-08-27 09:00:00
2026-05-03,140903079,1402,0,756.9531554133,97.3225485532,97.3225485532,0.6666667,3,3,0.50218230000000000,0.502182300000,0.5697959874915163,0.5697959874915164,0.5697959874915163,0E-17,ELIGIBLE,R03b_20260811_FULL_v1,L1_ELIGIBILITY,v2026-08-11,2026-03-21..2026-08-06,baccarat_bet02_101_all_pairs_incl_sentinel,round_win = game_pnl > 0 (decisive only),COMPATIBILITY_ONLY_NOT_PRODUCTION,489269.2425,434385.7699,10013.0874,446,443,-0.02046539,-1.00000000,-0.01836589,-0.02046539,-10013.0874,489269.2425,OK,0.0000,500.6544,5.0000,95.0000,AG03-UNRESOLVED,ALL5_LEVELS_bet23_to_bet27,500.6544,500.6544,500.6544,600.7852,801.0470,5.000000,5.000000,5.000000,6.000000,8.000000,95.000000,95.000000,95.000000,94.000000,92.000000,5.0,2903.7953,2588.8046,7109.2920,7424.2827,PENDING_AG03,FALSE,NOT_FOR_ENFORCEMENT,9512.4330,412666.4814,10013.0874,9512.4330,500.6544,0.02046539,0.01944212,500.6544,9512.4330,0.01944212,500.6544,500.6544,500.6544,600.7852,801.0470,9512.4330,0.01944212,2903.7953,2588.8046,7109.2920,7424.2827,0.01453043,0.01517423,0.00102327,1097.0162,980.5548,22.6029,589.0051,50.0654,28780.5437,26.0588,348.8137,1102.0831,322.9557,648.817,1291.8228,2162.7234,4064.8804,6488.1699,605.5625,0.0,6.265064,10.0,1.690794,29,98,15,4,0.00213878,0.02046539,1.00000000,0E-8,0.000000,0.887826,0.024664,-0.98163411,2026-04-25,2026-08-01,17,200,141,99,0.171717,0.316504,0.317966,0.007129,,,,,,,,GLOBAL_BASELINE_NO_ENTITY_RANKING,,,NOT_APPLICABLE_GLOBAL_BASELINE,HF9g-P5,,,,X 全窗基线 · 不参与实体赏罚,15057770,1506,A168_HF9F_20260827_0900,2026-08-27 09:00:00
2026-05-03,140903079,1505,0,1147.1084389464,53.2029932091,53.2029932091,0.6000000,5,5,0.49860758000000000,0.498607580000,0.4534424453485946,0.4534424453485946,0.4534424453485946,0E-17,ELIGIBLE,R03b_20260811_FULL_v1,L1_ELIGIBILITY,v2026-08-11,2026-03-21..2026-08-06,baccarat_bet02_101_all_pairs_incl_sentinel,round_win = game_pnl > 0 (decisive only),COMPATIBILITY_ONLY_NOT_PRODUCTION,489269.2425,434385.7699,10013.0874,446,443,-0.02046539,-1.00000000,-0.01836589,-0.02046539,-10013.0874,489269.2425,OK,0.0000,500.6544,5.0000,95.0000,AG03-UNRESOLVED,ALL5_LEVELS_bet23_to_bet27,500.6544,500.6544,500.6544,600.7852,801.0470,5.000000,5.000000,5.000000,6.000000,8.000000,95.000000,95.000000,95.000000,94.000000,92.000000,5.0,2903.7953,2588.8046,7109.2920,7424.2827,PENDING_AG03,FALSE,NOT_FOR_ENFORCEMENT,9512.4330,412666.4814,10013.0874,9512.4330,500.6544,0.02046539,0.01944212,500.6544,9512.4330,0.01944212,500.6544,500.6544,500.6544,600.7852,801.0470,9512.4330,0.01944212,2903.7953,2588.8046,7109.2920,7424.2827,0.01453043,0.01517423,0.00102327,1097.0162,980.5548,22.6029,589.0051,50.0654,28780.5437,26.0588,348.8137,1102.0831,322.9557,648.817,1291.8228,2162.7234,4064.8804,6488.1699,605.5625,0.0,6.265064,10.0,1.690794,29,98,15,4,0.00213878,0.02046539,1.00000000,0E-8,0.000000,0.887826,0.024664,-0.98163411,2026-04-25,2026-08-01,17,200,141,99,0.171717,0.316504,0.317966,0.007129,,,,,,,,GLOBAL_BASELINE_NO_ENTITY_RANKING,,,NOT_APPLICABLE_GLOBAL_BASELINE,HF9g-P5,,,,X 全窗基线 · 不参与实体赏罚,15057771,1506,A168_HF9F_20260827_0900,2026-08-27 09:00:00
2026-05-03,140903079,2145,0,432.5446602362,432.5446602362,432.5446602362,1.0000000,1,1,0.49324550000000000,0.493245500000,1.01360149184955,1.01360149184955,1.01360149184955,0E-17,ELIGIBLE,R03b_20260811_FULL_v1,L1_ELIGIBILITY,v2026-08-11,2026-03-21..2026-08-06,baccarat_bet02_101_all_pairs_incl_sentinel,round_win = game_pnl > 0 (decisive only),COMPATIBILITY_ONLY_NOT_PRODUCTION,489269.2425,434385.7699,10013.0874,446,443,-0.02046539,-1.00000000,-0.01836589,-0.02046539,-10013.0874,489269.2425,OK,0.0000,500.6544,5.0000,95.0000,AG03-UNRESOLVED,ALL5_LEVELS_bet23_to_bet27,500.6544,500.6544,500.6544,600.7852,801.0470,5.000000,5.000000,5.000000,6.000000,8.000000,95.000000,95.000000,95.000000,94.000000,92.000000,5.0,2903.7953,2588.8046,7109.2920,7424.2827,PENDING_AG03,FALSE,NOT_FOR_ENFORCEMENT,9512.4330,412666.4814,10013.0874,9512.4330,500.6544,0.02046539,0.01944212,500.6544,9512.4330,0.01944212,500.6544,500.6544,500.6544,600.7852,801.0470,9512.4330,0.01944212,2903.7953,2588.8046,7109.2920,7424.2827,0.01453043,0.01517423,0.00102327,1097.0162,980.5548,22.6029,589.0051,50.0654,28780.5437,26.0588,348.8137,1102.0831,322.9557,648.817,1291.8228,2162.7234,4064.8804,6488.1699,605.5625,0.0,6.265064,10.0,1.690794,29,98,15,4,0.00213878,0.02046539,1.00000000,0E-8,0.000000,0.887826,0.024664,-0.98163411,2026-04-25,2026-08-01,17,200,141,99,0.171717,0.316504,0.317966,0.007129,,,,,,,,GLOBAL_BASELINE_NO_ENTITY_RANKING,,,NOT_APPLICABLE_GLOBAL_BASELINE,HF9g-P5,,,,X 全窗基线 · 不参与实体赏罚,15057772,1506,A168_HF9F_20260827_0900,2026-08-27 09:00:00
2026-05-03,140903079,2156,0,432.5446602362,-432.5446602362,-432.5446602362,0E-7,2,2,0.49994810000000000,0.499948100000,-1.4140667746232096,-1.4140667746232096,-1.4140667746232096,0E-17,ELIGIBLE,R03b_20260811_FULL_v1,L1_ELIGIBILITY,v2026-08-11,2026-03-21..2026-08-06,baccarat_bet02_101_all_pairs_incl_sentinel,round_win = game_pnl > 0 (decisive only),COMPATIBILITY_ONLY_NOT_PRODUCTION,489269.2425,434385.7699,10013.0874,446,443,-0.02046539,-1.00000000,-0.01836589,-0.02046539,-10013.0874,489269.2425,OK,0.0000,500.6544,5.0000,95.0000,AG03-UNRESOLVED,ALL5_LEVELS_bet23_to_bet27,500.6544,500.6544,500.6544,600.7852,801.0470,5.000000,5.000000,5.000000,6.000000,8.000000,95.000000,95.000000,95.000000,94.000000,92.000000,5.0,2903.7953,2588.8046,7109.2920,7424.2827,PENDING_AG03,FALSE,NOT_FOR_ENFORCEMENT,9512.4330,412666.4814,10013.0874,9512.4330,500.6544,0.02046539,0.01944212,500.6544,9512.4330,0.01944212,500.6544,500.6544,500.6544,600.7852,801.0470,9512.4330,0.01944212,2903.7953,2588.8046,7109.2920,7424.2827,0.01453043,0.01517423,0.00102327,1097.0162,980.5548,22.6029,589.0051,50.0654,28780.5437,26.0588,348.8137,1102.0831,322.9557,648.817,1291.8228,2162.7234,4064.8804,6488.1699,605.5625,0.0,6.265064,10.0,1.690794,29,98,15,4,0.00213878,0.02046539,1.00000000,0E-8,0.000000,0.887826,0.024664,-0.98163411,2026-04-25,2026-08-01,17,200,141,99,0.171717,0.316504,0.317966,0.007129,,,,,,,,GLOBAL_BASELINE_NO_ENTITY_RANKING,,,NOT_APPLICABLE_GLOBAL_BASELINE,HF9g-P5,,,,X 全窗基线 · 不参与实体赏罚,15057773,1506,A168_HF9F_20260827_0900,2026-08-27 09:00:00
2026-05-03,140903079,2244,0,648.8169903543,-648.8169903543,-648.8169903543,0E-7,1,1,0.50665070000000000,0.506650700000,-1.013391052207602,-1.013391052207602,-1.013391052207602,0E-17,ELIGIBLE,R03b_20260811_FULL_v1,L1_ELIGIBILITY,v2026-08-11,2026-03-21..2026-08-06,baccarat_bet02_101_all_pairs_incl_sentinel,round_win = game_pnl > 0 (decisive only),COMPATIBILITY_ONLY_NOT_PRODUCTION,489269.2425,434385.7699,10013.0874,446,443,-0.02046539,-1.00000000,-0.01836589,-0.02046539,-10013.0874,489269.2425,OK,0.0000,500.6544,5.0000,95.0000,AG03-UNRESOLVED,ALL5_LEVELS_bet23_to_bet27,500.6544,500.6544,500.6544,600.7852,801.0470,5.000000,5.000000,5.000000,6.000000,8.000000,95.000000,95.000000,95.000000,94.000000,92.000000,5.0,2903.7953,2588.8046,7109.2920,7424.2827,PENDING_AG03,FALSE,NOT_FOR_ENFORCEMENT,9512.4330,412666.4814,10013.0874,9512.4330,500.6544,0.02046539,0.01944212,500.6544,9512.4330,0.01944212,500.6544,500.6544,500.6544,600.7852,801.0470,9512.4330,0.01944212,2903.7953,2588.8046,7109.2920,7424.2827,0.01453043,0.01517423,0.00102327,1097.0162,980.5548,22.6029,589.0051,50.0654,28780.5437,26.0588,348.8137,1102.0831,322.9557,648.817,1291.8228,2162.7234,4064.8804,6488.1699,605.5625,0.0,6.265064,10.0,1.690794,29,98,15,4,0.00213878,0.02046539,1.00000000,0E-8,0.000000,0.887826,0.024664,-0.98163411,2026-04-25,2026-08-01,17,200,141,99,0.171717,0.316504,0.317966,0.007129,,,,,,,,GLOBAL_BASELINE_NO_ENTITY_RANKING,,,NOT_APPLICABLE_GLOBAL_BASELINE,HF9g-P5,,,,X 全窗基线 · 不参与实体赏罚,15057774,1506,A168_HF9F_20260827_0900,2026-08-27 09:00:00
2026-05-03,140903079,970,0,962.4118690255,-346.0357281890,-346.0357281890,0.6666667,3,3,0.50218230000000000,0.502182300000,0.5697959874915163,0.5697959874915164,0.5697959874915163,0E-17,ELIGIBLE,R03b_20260811_FULL_v1,L1_ELIGIBILITY,v2026-08-11,2026-03-21..2026-08-06,baccarat_bet02_101_all_pairs_incl_sentinel,round_win = game_pnl > 0 (decisive only),COMPATIBILITY_ONLY_NOT_PRODUCTION,489269.2425,434385.7699,10013.0874,446,443,-0.02046539,-1.00000000,-0.01836589,-0.02046539,-10013.0874,489269.2425,OK,0.0000,500.6544,5.0000,95.0000,AG03-UNRESOLVED,ALL5_LEVELS_bet23_to_bet27,500.6544,500.6544,500.6544,600.7852,801.0470,5.000000,5.000000,5.000000,6.000000,8.000000,95.000000,95.000000,95.000000,94.000000,92.000000,5.0,2903.7953,2588.8046,7109.2920,7424.2827,PENDING_AG03,FALSE,NOT_FOR_ENFORCEMENT,9512.4330,412666.4814,10013.0874,9512.4330,500.6544,0.02046539,0.01944212,500.6544,9512.4330,0.01944212,500.6544,500.6544,500.6544,600.7852,801.0470,9512.4330,0.01944212,2903.7953,2588.8046,7109.2920,7424.2827,0.01453043,0.01517423,0.00102327,1097.0162,980.5548,22.6029,589.0051,50.0654,28780.5437,26.0588,348.8137,1102.0831,322.9557,648.817,1291.8228,2162.7234,4064.8804,6488.1699,605.5625,0.0,6.265064,10.0,1.690794,29,98,15,4,0.00213878,0.02046539,1.00000000,0E-8,0.000000,0.887826,0.024664,-0.98163411,2026-04-25,2026-08-01,17,200,141,99,0.171717,0.316504,0.317966,0.007129,,,,,,,,GLOBAL_BASELINE_NO_ENTITY_RANKING,,,NOT_APPLICABLE_GLOBAL_BASELINE,HF9g-P5,,,,X 全窗基线 · 不参与实体赏罚,15057775,1506,A168_HF9F_20260827_0900,2026-08-27 09:00:00
2026-05-03,140903079,987,0,1926.9864613522,605.5084562481,605.5084562481,0.5000000,4,4,0.50665070000000000,0.506650700000,-0.02660515369234503,-0.02660515369234503,-0.02660515369234503,0E-17,ELIGIBLE,R03b_20260811_FULL_v1,L1_ELIGIBILITY,v2026-08-11,2026-03-21..2026-08-06,baccarat_bet02_101_all_pairs_incl_sentinel,round_win = game_pnl > 0 (decisive only),COMPATIBILITY_ONLY_NOT_PRODUCTION,489269.2425,434385.7699,10013.0874,446,443,-0.02046539,-1.00000000,-0.01836589,-0.02046539,-10013.0874,489269.2425,OK,0.0000,500.6544,5.0000,95.0000,AG03-UNRESOLVED,ALL5_LEVELS_bet23_to_bet27,500.6544,500.6544,500.6544,600.7852,801.0470,5.000000,5.000000,5.000000,6.000000,8.000000,95.000000,95.000000,95.000000,94.000000,92.000000,5.0,2903.7953,2588.8046,7109.2920,7424.2827,PENDING_AG03,FALSE,NOT_FOR_ENFORCEMENT,9512.4330,412666.4814,10013.0874,9512.4330,500.6544,0.02046539,0.01944212,500.6544,9512.4330,0.01944212,500.6544,500.6544,500.6544,600.7852,801.0470,9512.4330,0.01944212,2903.7953,2588.8046,7109.2920,7424.2827,0.01453043,0.01517423,0.00102327,1097.0162,980.5548,22.6029,589.0051,50.0654,28780.5437,26.0588,348.8137,1102.0831,322.9557,648.817,1291.8228,2162.7234,4064.8804,6488.1699,605.5625,0.0,6.265064,10.0,1.690794,29,98,15,4,0.00213878,0.02046539,1.00000000,0E-8,0.000000,0.887826,0.024664,-0.98163411,2026-04-25,2026-08-01,17,200,141,99,0.171717,0.316504,0.317966,0.007129,,,,,,,,GLOBAL_BASELINE_NO_ENTITY_RANKING,,,NOT_APPLICABLE_GLOBAL_BASELINE,HF9g-P5,,,,X 全窗基线 · 不参与实体赏罚,15057776,1506,A168_HF9F_20260827_0900,2026-08-27 09:00:00
2026-05-12,140903079,-1,1,24472.9443315021,1480.5679311391,1480.5679311391,0.5000000,30,30,0.45340072000000000,0.453400720000,0.49531626774055915,0.49531626774055915,0.49531626774055915,0E-17,SENTINEL_DEALER,R03b_20260811_FULL_v1,L1_ELIGIBILITY,v2026-08-11,2026-03-21..2026-08-06,baccarat_bet02_101_all_pairs_incl_sentinel,round_win = game_pnl > 0 (decisive only),COMPATIBILITY_ONLY_NOT_PRODUCTION,489269.2425,434385.7699,10013.0874,446,443,-0.02046539,-1.00000000,-0.01836589,-0.02046539,-10013.0874,489269.2425,OK,0.0000,500.6544,5.0000,95.0000,AG03-UNRESOLVED,ALL5_LEVELS_bet23_to_bet27,500.6544,500.6544,500.6544,600.7852,801.0470,5.000000,5.000000,5.000000,6.000000,8.000000,95.000000,95.000000,95.000000,94.000000,92.000000,5.0,2903.7953,2588.8046,7109.2920,7424.2827,PENDING_AG03,FALSE,NOT_FOR_ENFORCEMENT,9512.4330,412666.4814,10013.0874,9512.4330,500.6544,0.02046539,0.01944212,500.6544,9512.4330,0.01944212,500.6544,500.6544,500.6544,600.7852,801.0470,9512.4330,0.01944212,2903.7953,2588.8046,7109.2920,7424.2827,0.01453043,0.01517423,0.00102327,1097.0162,980.5548,22.6029,589.0051,50.0654,28780.5437,26.0588,348.8137,1102.0831,322.9557,648.817,1291.8228,2162.7234,4064.8804,6488.1699,605.5625,0.0,6.265064,10.0,1.690794,29,98,15,4,0.00213878,0.02046539,1.00000000,0E-8,0.000000,0.887826,0.024664,-0.98163411,2026-04-25,2026-08-01,17,200,141,99,0.171717,0.316504,0.317966,0.007129,,,,,,,,GLOBAL_BASELINE_NO_ENTITY_RANKING,,,NOT_APPLICABLE_GLOBAL_BASELINE,HF9g-P5,,,,X 全窗基线 · 不参与实体赏罚,15057777,1506,A168_HF9F_20260827_0900,2026-08-27 09:00:00
2026-05-12,140903079,1109,0,648.8169903543,616.3761408365,616.3761408365,1.0000000,1,1,0.50665070000000000,0.506650700000,0.9867858985152569,0.9867858985152569,0.9867858985152569,0E-17,ELIGIBLE,R03b_20260811_FULL_v1,L1_ELIGIBILITY,v2026-08-11,2026-03-21..2026-08-06,baccarat_bet02_101_all_pairs_incl_sentinel,round_win = game_pnl > 0 (decisive only),COMPATIBILITY_ONLY_NOT_PRODUCTION,489269.2425,434385.7699,10013.0874,446,443,-0.02046539,-1.00000000,-0.01836589,-0.02046539,-10013.0874,489269.2425,OK,0.0000,500.6544,5.0000,95.0000,AG03-UNRESOLVED,ALL5_LEVELS_bet23_to_bet27,500.6544,500.6544,500.6544,600.7852,801.0470,5.000000,5.000000,5.000000,6.000000,8.000000,95.000000,95.000000,95.000000,94.000000,92.000000,5.0,2903.7953,2588.8046,7109.2920,7424.2827,PENDING_AG03,FALSE,NOT_FOR_ENFORCEMENT,9512.4330,412666.4814,10013.0874,9512.4330,500.6544,0.02046539,0.01944212,500.6544,9512.4330,0.01944212,500.6544,500.6544,500.6544,600.7852,801.0470,9512.4330,0.01944212,2903.7953,2588.8046,7109.2920,7424.2827,0.01453043,0.01517423,0.00102327,1097.0162,980.5548,22.6029,589.0051,50.0654,28780.5437,26.0588,348.8137,1102.0831,322.9557,648.817,1291.8228,2162.7234,4064.8804,6488.1699,605.5625,0.0,6.265064,10.0,1.690794,29,98,15,4,0.00213878,0.02046539,1.00000000,0E-8,0.000000,0.887826,0.024664,-0.98163411,2026-04-25,2026-08-01,17,200,141,99,0.171717,0.316504,0.317966,0.007129,,,,,,,,GLOBAL_BASELINE_NO_ENTITY_RANKING,,,NOT_APPLICABLE_GLOBAL_BASELINE,HF9g-P5,,,,X 全窗基线 · 不参与实体赏罚,15057778,1506,A168_HF9F_20260827_0900,2026-08-27 09:00:00
2026-05-12,140903079,1205,0,2595.2679614169,821.8348544487,821.8348544487,1.0000000,3,3,0.50218230000000000,0.502182300000,0.99564488342984,0.99564488342984,0.99564488342984,0E-17,ELIGIBLE,R03b_20260811_FULL_v1,L1_ELIGIBILITY,v2026-08-11,2026-03-21..2026-08-06,baccarat_bet02_101_all_pairs_incl_sentinel,round_win = game_pnl > 0 (decisive only),COMPATIBILITY_ONLY_NOT_PRODUCTION,489269.2425,434385.7699,10013.0874,446,443,-0.02046539,-1.00000000,-0.01836589,-0.02046539,-10013.0874,489269.2425,OK,0.0000,500.6544,5.0000,95.0000,AG03-UNRESOLVED,ALL5_LEVELS_bet23_to_bet27,500.6544,500.6544,500.6544,600.7852,801.0470,5.000000,5.000000,5.000000,6.000000,8.000000,95.000000,95.000000,95.000000,94.000000,92.000000,5.0,2903.7953,2588.8046,7109.2920,7424.2827,PENDING_AG03,FALSE,NOT_FOR_ENFORCEMENT,9512.4330,412666.4814,10013.0874,9512.4330,500.6544,0.02046539,0.01944212,500.6544,9512.4330,0.01944212,500.6544,500.6544,500.6544,600.7852,801.0470,9512.4330,0.01944212,2903.7953,2588.8046,7109.2920,7424.2827,0.01453043,0.01517423,0.00102327,1097.0162,980.5548,22.6029,589.0051,50.0654,28780.5437,26.0588,348.8137,1102.0831,322.9557,648.817,1291.8228,2162.7234,4064.8804,6488.1699,605.5625,0.0,6.265064,10.0,1.690794,29,98,15,4,0.00213878,0.02046539,1.00000000,0E-8,0.000000,0.887826,0.024664,-0.98163411,2026-04-25,2026-08-01,17,200,141,99,0.171717,0.316504,0.317966,0.007129,,,,,,,,GLOBAL_BASELINE_NO_ENTITY_RANKING,,,NOT_APPLICABLE_GLOBAL_BASELINE,HF9g-P5,,,,X 全窗基线 · 不参与实体赏罚,15057779,1506,A168_HF9F_20260827_0900,2026-08-27 09:00:00
2026-05-12,140903079,1299,0,648.8169903543,616.3761408365,616.3761408365,1.0000000,1,1,0.50665070000000000,0.506650700000,0.9867858985152569,0.9867858985152569,0.9867858985152569,0E-17,ELIGIBLE,R03b_20260811_FULL_v1,L1_ELIGIBILITY,v2026-08-11,2026-03-21..2026-08-06,baccarat_bet02_101_all_pairs_incl_sentinel,round_win = game_pnl > 0 (decisive only),COMPATIBILITY_ONLY_NOT_PRODUCTION,489269.2425,434385.7699,10013.0874,446,443,-0.02046539,-1.00000000,-0.01836589,-0.02046539,-10013.0874,489269.2425,OK,0.0000,500.6544,5.0000,95.0000,AG03-UNRESOLVED,ALL5_LEVELS_bet23_to_bet27,500.6544,500.6544,500.6544,600.7852,801.0470,5.000000,5.000000,5.000000,6.000000,8.000000,95.000000,95.000000,95.000000,94.000000,92.000000,5.0,2903.7953,2588.8046,7109.2920,7424.2827,PENDING_AG03,FALSE,NOT_FOR_ENFORCEMENT,9512.4330,412666.4814,10013.0874,9512.4330,500.6544,0.02046539,0.01944212,500.6544,9512.4330,0.01944212,500.6544,500.6544,500.6544,600.7852,801.0470,9512.4330,0.01944212,2903.7953,2588.8046,7109.2920,7424.2827,0.01453043,0.01517423,0.00102327,1097.0162,980.5548,22.6029,589.0051,50.0654,28780.5437,26.0588,348.8137,1102.0831,322.9557,648.817,1291.8228,2162.7234,4064.8804,6488.1699,605.5625,0.0,6.265064,10.0,1.690794,29,98,15,4,0.00213878,0.02046539,1.00000000,0E-8,0.000000,0.887826,0.024664,-0.98163411,2026-04-25,2026-08-01,17,200,141,99,0.171717,0.316504,0.317966,0.007129,,,,,,,,GLOBAL_BASELINE_NO_ENTITY_RANKING,,,NOT_APPLICABLE_GLOBAL_BASELINE,HF9g-P5,,,,X 全窗基线 · 不参与实体赏罚,15057780,1506,A168_HF9F_20260827_0900,2026-08-27 09:00:00
2026-05-12,140903079,1302,0,659.6306068602,-659.6306068602,-659.6306068602,0E-7,1,1,0.50665070000000000,0.506650700000,-1.013391052207602,-1.013391052207602,-1.013391052207602,0E-17,ELIGIBLE,R03b_20260811_FULL_v1,L1_ELIGIBILITY,v2026-08-11,2026-03-21..2026-08-06,baccarat_bet02_101_all_pairs_incl_sentinel,round_win = game_pnl > 0 (decisive only),COMPATIBILITY_ONLY_NOT_PRODUCTION,489269.2425,434385.7699,10013.0874,446,443,-0.02046539,-1.00000000,-0.01836589,-0.02046539,-10013.0874,489269.2425,OK,0.0000,500.6544,5.0000,95.0000,AG03-UNRESOLVED,ALL5_LEVELS_bet23_to_bet27,500.6544,500.6544,500.6544,600.7852,801.0470,5.000000,5.000000,5.000000,6.000000,8.000000,95.000000,95.000000,95.000000,94.000000,92.000000,5.0,2903.7953,2588.8046,7109.2920,7424.2827,PENDING_AG03,FALSE,NOT_FOR_ENFORCEMENT,9512.4330,412666.4814,10013.0874,9512.4330,500.6544,0.02046539,0.01944212,500.6544,9512.4330,0.01944212,500.6544,500.6544,500.6544,600.7852,801.0470,9512.4330,0.01944212,2903.7953,2588.8046,7109.2920,7424.2827,0.01453043,0.01517423,0.00102327,1097.0162,980.5548,22.6029,589.0051,50.0654,28780.5437,26.0588,348.8137,1102.0831,322.9557,648.817,1291.8228,2162.7234,4064.8804,6488.1699,605.5625,0.0,6.265064,10.0,1.690794,29,98,15,4,0.00213878,0.02046539,1.00000000,0E-8,0.000000,0.887826,0.024664,-0.98163411,2026-04-25,2026-08-01,17,200,141,99,0.171717,0.316504,0.317966,0.007129,,,,,,,,GLOBAL_BASELINE_NO_ENTITY_RANKING,,,NOT_APPLICABLE_GLOBAL_BASELINE,HF9g-P5,,,,X 全窗基线 · 不参与实体赏罚,15057781,1506,A168_HF9F_20260827_0900,2026-08-27 09:00:00
2026-05-12,140903079,1396,0,4264.8903499287,1053.2462476751,1053.2462476751,0.6000000,6,6,0.50218230000000000,0.502182300000,0.4374582199563857,0.4374582199563857,0.4374582199563857,0E-17,ELIGIBLE,R03b_20260811_FULL_v1,L1_ELIGIBILITY,v2026-08-11,2026-03-21..2026-08-06,baccarat_bet02_101_all_pairs_incl_sentinel,round_win = game_pnl > 0 (decisive only),COMPATIBILITY_ONLY_NOT_PRODUCTION,489269.2425,434385.7699,10013.0874,446,443,-0.02046539,-1.00000000,-0.01836589,-0.02046539,-10013.0874,489269.2425,OK,0.0000,500.6544,5.0000,95.0000,AG03-UNRESOLVED,ALL5_LEVELS_bet23_to_bet27,500.6544,500.6544,500.6544,600.7852,801.0470,5.000000,5.000000,5.000000,6.000000,8.000000,95.000000,95.000000,95.000000,94.000000,92.000000,5.0,2903.7953,2588.8046,7109.2920,7424.2827,PENDING_AG03,FALSE,NOT_FOR_ENFORCEMENT,9512.4330,412666.4814,10013.0874,9512.4330,500.6544,0.02046539,0.01944212,500.6544,9512.4330,0.01944212,500.6544,500.6544,500.6544,600.7852,801.0470,9512.4330,0.01944212,2903.7953,2588.8046,7109.2920,7424.2827,0.01453043,0.01517423,0.00102327,1097.0162,980.5548,22.6029,589.0051,50.0654,28780.5437,26.0588,348.8137,1102.0831,322.9557,648.817,1291.8228,2162.7234,4064.8804,6488.1699,605.5625,0.0,6.265064,10.0,1.690794,29,98,15,4,0.00213878,0.02046539,1.00000000,0E-8,0.000000,0.887826,0.024664,-0.98163411,2026-04-25,2026-08-01,17,200,141,99,0.171717,0.316504,0.317966,0.007129,,,,,,,,GLOBAL_BASELINE_NO_ENTITY_RANKING,,,NOT_APPLICABLE_GLOBAL_BASELINE,HF9g-P5,,,,X 全窗基线 · 不参与实体赏罚,15057782,1506,A168_HF9F_20260827_0900,2026-08-27 09:00:00
2026-05-12,140903079,1400,0,4217.3104373026,281.1540291535,281.1540291535,0.5000000,6,6,0.50218230000000000,0.502182300000,-0.01069114476356389,-0.01069114476356389,-0.01069114476356389,0E-17,ELIGIBLE,R03b_20260811_FULL_v1,L1_ELIGIBILITY,v2026-08-11,2026-03-21..2026-08-06,baccarat_bet02_101_all_pairs_incl_sentinel,round_win = game_pnl > 0 (decisive only),COMPATIBILITY_ONLY_NOT_PRODUCTION,489269.2425,434385.7699,10013.0874,446,443,-0.02046539,-1.00000000,-0.01836589,-0.02046539,-10013.0874,489269.2425,OK,0.0000,500.6544,5.0000,95.0000,AG03-UNRESOLVED,ALL5_LEVELS_bet23_to_bet27,500.6544,500.6544,500.6544,600.7852,801.0470,5.000000,5.000000,5.000000,6.000000,8.000000,95.000000,95.000000,95.000000,94.000000,92.000000,5.0,2903.7953,2588.8046,7109.2920,7424.2827,PENDING_AG03,FALSE,NOT_FOR_ENFORCEMENT,9512.4330,412666.4814,10013.0874,9512.4330,500.6544,0.02046539,0.01944212,500.6544,9512.4330,0.01944212,500.6544,500.6544,500.6544,600.7852,801.0470,9512.4330,0.01944212,2903.7953,2588.8046,7109.2920,7424.2827,0.01453043,0.01517423,0.00102327,1097.0162,980.5548,22.6029,589.0051,50.0654,28780.5437,26.0588,348.8137,1102.0831,322.9557,648.817,1291.8228,2162.7234,4064.8804,6488.1699,605.5625,0.0,6.265064,10.0,1.690794,29,98,15,4,0.00213878,0.02046539,1.00000000,0E-8,0.000000,0.887826,0.024664,-0.98163411,2026-04-25,2026-08-01,17,200,141,99,0.171717,0.316504,0.317966,0.007129,,,,,,,,GLOBAL_BASELINE_NO_ENTITY_RANKING,,,NOT_APPLICABLE_GLOBAL_BASELINE,HF9g-P5,,,,X 全窗基线 · 不参与实体赏罚,15057783,1506,A168_HF9F_20260827_0900,2026-08-27 09:00:00
2026-05-12,140903079,1507,0,1405.7701457676,-551.4944418011,-551.4944418011,0.6666667,3,3,0.50218230000000000,0.502182300000,0.5697959874915163,0.5697959874915164,0.5697959874915163,0E-17,ELIGIBLE,R03b_20260811_FULL_v1,L1_ELIGIBILITY,v2026-08-11,2026-03-21..2026-08-06,baccarat_bet02_101_all_pairs_incl_sentinel,round_win = game_pnl > 0 (decisive only),COMPATIBILITY_ONLY_NOT_PRODUCTION,489269.2425,434385.7699,10013.0874,446,443,-0.02046539,-1.00000000,-0.01836589,-0.02046539,-10013.0874,489269.2425,OK,0.0000,500.6544,5.0000,95.0000,AG03-UNRESOLVED,ALL5_LEVELS_bet23_to_bet27,500.6544,500.6544,500.6544,600.7852,801.0470,5.000000,5.000000,5.000000,6.000000,8.000000,95.000000,95.000000,95.000000,94.000000,92.000000,5.0,2903.7953,2588.8046,7109.2920,7424.2827,PENDING_AG03,FALSE,NOT_FOR_ENFORCEMENT,9512.4330,412666.4814,10013.0874,9512.4330,500.6544,0.02046539,0.01944212,500.6544,9512.4330,0.01944212,500.6544,500.6544,500.6544,600.7852,801.0470,9512.4330,0.01944212,2903.7953,2588.8046,7109.2920,7424.2827,0.01453043,0.01517423,0.00102327,1097.0162,980.5548,22.6029,589.0051,50.0654,28780.5437,26.0588,348.8137,1102.0831,322.9557,648.817,1291.8228,2162.7234,4064.8804,6488.1699,605.5625,0.0,6.265064,10.0,1.690794,29,98,15,4,0.00213878,0.02046539,1.00000000,0E-8,0.000000,0.887826,0.024664,-0.98163411,2026-04-25,2026-08-01,17,200,141,99,0.171717,0.316504,0.317966,0.007129,,,,,,,,GLOBAL_BASELINE_NO_ENTITY_RANKING,,,NOT_APPLICABLE_GLOBAL_BASELINE,HF9g-P5,,,,X 全窗基线 · 不参与实体赏罚,15057784,1506,A168_HF9F_20260827_0900,2026-08-27 09:00:00
2026-05-12,140903079,1704,0,865.0893204723,821.8348544487,821.8348544487,1.0000000,1,1,0.50665070000000000,0.506650700000,0.9867858985152569,0.9867858985152569,0.9867858985152569,0E-17,ELIGIBLE,R03b_20260811_FULL_v1,L1_ELIGIBILITY,v2026-08-11,2026-03-21..2026-08-06,baccarat_bet02_101_all_pairs_incl_sentinel,round_win = game_pnl > 0 (decisive only),COMPATIBILITY_ONLY_NOT_PRODUCTION,489269.2425,434385.7699,10013.0874,446,443,-0.02046539,-1.00000000,-0.01836589,-0.02046539,-10013.0874,489269.2425,OK,0.0000,500.6544,5.0000,95.0000,AG03-UNRESOLVED,ALL5_LEVELS_bet23_to_bet27,500.6544,500.6544,500.6544,600.7852,801.0470,5.000000,5.000000,5.000000,6.000000,8.000000,95.000000,95.000000,95.000000,94.000000,92.000000,5.0,2903.7953,2588.8046,7109.2920,7424.2827,PENDING_AG03,FALSE,NOT_FOR_ENFORCEMENT,9512.4330,412666.4814,10013.0874,9512.4330,500.6544,0.02046539,0.01944212,500.6544,9512.4330,0.01944212,500.6544,500.6544,500.6544,600.7852,801.0470,9512.4330,0.01944212,2903.7953,2588.8046,7109.2920,7424.2827,0.01453043,0.01517423,0.00102327,1097.0162,980.5548,22.6029,589.0051,50.0654,28780.5437,26.0588,348.8137,1102.0831,322.9557,648.817,1291.8228,2162.7234,4064.8804,6488.1699,605.5625,0.0,6.265064,10.0,1.690794,29,98,15,4,0.00213878,0.02046539,1.00000000,0E-8,0.000000,0.887826,0.024664,-0.98163411,2026-04-25,2026-08-01,17,200,141,99,0.171717,0.316504,0.317966,0.007129,,,,,,,,GLOBAL_BASELINE_NO_ENTITY_RANKING,,,NOT_APPLICABLE_GLOBAL_BASELINE,HF9g-P5,,,,X 全窗基线 · 不参与实体赏罚,15057785,1506,A168_HF9F_20260827_0900,2026-08-27 09:00:00
2026-05-12,140903079,1714,0,3287.3394177949,1254.3795146849,1254.3795146849,0.8000000,5,5,0.49860758000000000,0.498607580000,1.3478731046594083,1.3478731046594083,1.3478731046594083,0E-17,ELIGIBLE,R03b_20260811_FULL_v1,L1_ELIGIBILITY,v2026-08-11,2026-03-21..2026-08-06,baccarat_bet02_101_all_pairs_incl_sentinel,round_win = game_pnl > 0 (decisive only),COMPATIBILITY_ONLY_NOT_PRODUCTION,489269.2425,434385.7699,10013.0874,446,443,-0.02046539,-1.00000000,-0.01836589,-0.02046539,-10013.0874,489269.2425,OK,0.0000,500.6544,5.0000,95.0000,AG03-UNRESOLVED,ALL5_LEVELS_bet23_to_bet27,500.6544,500.6544,500.6544,600.7852,801.0470,5.000000,5.000000,5.000000,6.000000,8.000000,95.000000,95.000000,95.000000,94.000000,92.000000,5.0,2903.7953,2588.8046,7109.2920,7424.2827,PENDING_AG03,FALSE,NOT_FOR_ENFORCEMENT,9512.4330,412666.4814,10013.0874,9512.4330,500.6544,0.02046539,0.01944212,500.6544,9512.4330,0.01944212,500.6544,500.6544,500.6544,600.7852,801.0470,9512.4330,0.01944212,2903.7953,2588.8046,7109.2920,7424.2827,0.01453043,0.01517423,0.00102327,1097.0162,980.5548,22.6029,589.0051,50.0654,28780.5437,26.0588,348.8137,1102.0831,322.9557,648.817,1291.8228,2162.7234,4064.8804,6488.1699,605.5625,0.0,6.265064,10.0,1.690794,29,98,15,4,0.00213878,0.02046539,1.00000000,0E-8,0.000000,0.887826,0.024664,-0.98163411,2026-04-25,2026-08-01,17,200,141,99,0.171717,0.316504,0.317966,0.007129,,,,,,,,GLOBAL_BASELINE_NO_ENTITY_RANKING,,,NOT_APPLICABLE_GLOBAL_BASELINE,HF9g-P5,,,,X 全窗基线 · 不参与实体赏罚,15057786,1506,A168_HF9F_20260827_0900,2026-08-27 09:00:00
2026-05-12,140903079,1935,0,1180.8469224447,-1180.8469224447,-1180.8469224447,0E-7,1,1,0.50665070000000000,0.506650700000,-1.013391052207602,-1.013391052207602,-1.013391052207602,0E-17,ELIGIBLE,R03b_20260811_FULL_v1,L1_ELIGIBILITY,v2026-08-11,2026-03-21..2026-08-06,baccarat_bet02_101_all_pairs_incl_sentinel,round_win = game_pnl > 0 (decisive only),COMPATIBILITY_ONLY_NOT_PRODUCTION,489269.2425,434385.7699,10013.0874,446,443,-0.02046539,-1.00000000,-0.01836589,-0.02046539,-10013.0874,489269.2425,OK,0.0000,500.6544,5.0000,95.0000,AG03-UNRESOLVED,ALL5_LEVELS_bet23_to_bet27,500.6544,500.6544,500.6544,600.7852,801.0470,5.000000,5.000000,5.000000,6.000000,8.000000,95.000000,95.000000,95.000000,94.000000,92.000000,5.0,2903.7953,2588.8046,7109.2920,7424.2827,PENDING_AG03,FALSE,NOT_FOR_ENFORCEMENT,9512.4330,412666.4814,10013.0874,9512.4330,500.6544,0.02046539,0.01944212,500.6544,9512.4330,0.01944212,500.6544,500.6544,500.6544,600.7852,801.0470,9512.4330,0.01944212,2903.7953,2588.8046,7109.2920,7424.2827,0.01453043,0.01517423,0.00102327,1097.0162,980.5548,22.6029,589.0051,50.0654,28780.5437,26.0588,348.8137,1102.0831,322.9557,648.817,1291.8228,2162.7234,4064.8804,6488.1699,605.5625,0.0,6.265064,10.0,1.690794,29,98,15,4,0.00213878,0.02046539,1.00000000,0E-8,0.000000,0.887826,0.024664,-0.98163411,2026-04-25,2026-08-01,17,200,141,99,0.171717,0.316504,0.317966,0.007129,,,,,,,,GLOBAL_BASELINE_NO_ENTITY_RANKING,,,NOT_APPLICABLE_GLOBAL_BASELINE,HF9g-P5,,,,X 全窗基线 · 不参与实体赏罚,15057787,1506,A168_HF9F_20260827_0900,2026-08-27 09:00:00
2026-05-12,140903079,1952,0,1297.6339807085,-1297.6339807085,-1297.6339807085,0E-7,1,1,0.50665070000000000,0.506650700000,-1.013391052207602,-1.013391052207602,-1.013391052207602,0E-17,ELIGIBLE,R03b_20260811_FULL_v1,L1_ELIGIBILITY,v2026-08-11,2026-03-21..2026-08-06,baccarat_bet02_101_all_pairs_incl_sentinel,round_win = game_pnl > 0 (decisive only),COMPATIBILITY_ONLY_NOT_PRODUCTION,489269.2425,434385.7699,10013.0874,446,443,-0.02046539,-1.00000000,-0.01836589,-0.02046539,-10013.0874,489269.2425,OK,0.0000,500.6544,5.0000,95.0000,AG03-UNRESOLVED,ALL5_LEVELS_bet23_to_bet27,500.6544,500.6544,500.6544,600.7852,801.0470,5.000000,5.000000,5.000000,6.000000,8.000000,95.000000,95.000000,95.000000,94.000000,92.000000,5.0,2903.7953,2588.8046,7109.2920,7424.2827,PENDING_AG03,FALSE,NOT_FOR_ENFORCEMENT,9512.4330,412666.4814,10013.0874,9512.4330,500.6544,0.02046539,0.01944212,500.6544,9512.4330,0.01944212,500.6544,500.6544,500.6544,600.7852,801.0470,9512.4330,0.01944212,2903.7953,2588.8046,7109.2920,7424.2827,0.01453043,0.01517423,0.00102327,1097.0162,980.5548,22.6029,589.0051,50.0654,28780.5437,26.0588,348.8137,1102.0831,322.9557,648.817,1291.8228,2162.7234,4064.8804,6488.1699,605.5625,0.0,6.265064,10.0,1.690794,29,98,15,4,0.00213878,0.02046539,1.00000000,0E-8,0.000000,0.887826,0.024664,-0.98163411,2026-04-25,2026-08-01,17,200,141,99,0.171717,0.316504,0.317966,0.007129,,,,,,,,GLOBAL_BASELINE_NO_ENTITY_RANKING,,,NOT_APPLICABLE_GLOBAL_BASELINE,HF9g-P5,,,,X 全窗基线 · 不参与实体赏罚,15057788,1506,A168_HF9F_20260827_0900,2026-08-27 09:00:00
2026-05-12,140903079,1957,0,540.6808252952,513.6467840305,513.6467840305,1.0000000,1,1,0.50665070000000000,0.506650700000,0.9867858985152569,0.9867858985152569,0.9867858985152569,0E-17,ELIGIBLE,R03b_20260811_FULL_v1,L1_ELIGIBILITY,v2026-08-11,2026-03-21..2026-08-06,baccarat_bet02_101_all_pairs_incl_sentinel,round_win = game_pnl > 0 (decisive only),COMPATIBILITY_ONLY_NOT_PRODUCTION,489269.2425,434385.7699,10013.0874,446,443,-0.02046539,-1.00000000,-0.01836589,-0.02046539,-10013.0874,489269.2425,OK,0.0000,500.6544,5.0000,95.0000,AG03-UNRESOLVED,ALL5_LEVELS_bet23_to_bet27,500.6544,500.6544,500.6544,600.7852,801.0470,5.000000,5.000000,5.000000,6.000000,8.000000,95.000000,95.000000,95.000000,94.000000,92.000000,5.0,2903.7953,2588.8046,7109.2920,7424.2827,PENDING_AG03,FALSE,NOT_FOR_ENFORCEMENT,9512.4330,412666.4814,10013.0874,9512.4330,500.6544,0.02046539,0.01944212,500.6544,9512.4330,0.01944212,500.6544,500.6544,500.6544,600.7852,801.0470,9512.4330,0.01944212,2903.7953,2588.8046,7109.2920,7424.2827,0.01453043,0.01517423,0.00102327,1097.0162,980.5548,22.6029,589.0051,50.0654,28780.5437,26.0588,348.8137,1102.0831,322.9557,648.817,1291.8228,2162.7234,4064.8804,6488.1699,605.5625,0.0,6.265064,10.0,1.690794,29,98,15,4,0.00213878,0.02046539,1.00000000,0E-8,0.000000,0.887826,0.024664,-0.98163411,2026-04-25,2026-08-01,17,200,141,99,0.171717,0.316504,0.317966,0.007129,,,,,,,,GLOBAL_BASELINE_NO_ENTITY_RANKING,,,NOT_APPLICABLE_GLOBAL_BASELINE,HF9g-P5,,,,X 全窗基线 · 不参与实体赏罚,15057789,1506,A168_HF9F_20260827_0900,2026-08-27 09:00:00
2026-05-12,140903079,1966,0,735.3259224015,-735.3259224015,-735.3259224015,0E-7,1,1,0.49324550000000000,0.493245500000,-0.9865810262130424,-0.9865810262130424,-0.9865810262130424,0E-17,ELIGIBLE,R03b_20260811_FULL_v1,L1_ELIGIBILITY,v2026-08-11,2026-03-21..2026-08-06,baccarat_bet02_101_all_pairs_incl_sentinel,round_win = game_pnl > 0 (decisive only),COMPATIBILITY_ONLY_NOT_PRODUCTION,489269.2425,434385.7699,10013.0874,446,443,-0.02046539,-1.00000000,-0.01836589,-0.02046539,-10013.0874,489269.2425,OK,0.0000,500.6544,5.0000,95.0000,AG03-UNRESOLVED,ALL5_LEVELS_bet23_to_bet27,500.6544,500.6544,500.6544,600.7852,801.0470,5.000000,5.000000,5.000000,6.000000,8.000000,95.000000,95.000000,95.000000,94.000000,92.000000,5.0,2903.7953,2588.8046,7109.2920,7424.2827,PENDING_AG03,FALSE,NOT_FOR_ENFORCEMENT,9512.4330,412666.4814,10013.0874,9512.4330,500.6544,0.02046539,0.01944212,500.6544,9512.4330,0.01944212,500.6544,500.6544,500.6544,600.7852,801.0470,9512.4330,0.01944212,2903.7953,2588.8046,7109.2920,7424.2827,0.01453043,0.01517423,0.00102327,1097.0162,980.5548,22.6029,589.0051,50.0654,28780.5437,26.0588,348.8137,1102.0831,322.9557,648.817,1291.8228,2162.7234,4064.8804,6488.1699,605.5625,0.0,6.265064,10.0,1.690794,29,98,15,4,0.00213878,0.02046539,1.00000000,0E-8,0.000000,0.887826,0.024664,-0.98163411,2026-04-25,2026-08-01,17,200,141,99,0.171717,0.316504,0.317966,0.007129,,,,,,,,GLOBAL_BASELINE_NO_ENTITY_RANKING,,,NOT_APPLICABLE_GLOBAL_BASELINE,HF9g-P5,,,,X 全窗基线 · 不参与实体赏罚,15057790,1506,A168_HF9F_20260827_0900,2026-08-27 09:00:00
2026-05-12,140903079,2103,0,361.1747912972,-361.1747912972,-361.1747912972,0E-7,1,1,0.49324550000000000,0.493245500000,-0.9865810262130424,-0.9865810262130424,-0.9865810262130424,0E-17,ELIGIBLE,R03b_20260811_FULL_v1,L1_ELIGIBILITY,v2026-08-11,2026-03-21..2026-08-06,baccarat_bet02_101_all_pairs_incl_sentinel,round_win = game_pnl > 0 (decisive only),COMPATIBILITY_ONLY_NOT_PRODUCTION,489269.2425,434385.7699,10013.0874,446,443,-0.02046539,-1.00000000,-0.01836589,-0.02046539,-10013.0874,489269.2425,OK,0.0000,500.6544,5.0000,95.0000,AG03-UNRESOLVED,ALL5_LEVELS_bet23_to_bet27,500.6544,500.6544,500.6544,600.7852,801.0470,5.000000,5.000000,5.000000,6.000000,8.000000,95.000000,95.000000,95.000000,94.000000,92.000000,5.0,2903.7953,2588.8046,7109.2920,7424.2827,PENDING_AG03,FALSE,NOT_FOR_ENFORCEMENT,9512.4330,412666.4814,10013.0874,9512.4330,500.6544,0.02046539,0.01944212,500.6544,9512.4330,0.01944212,500.6544,500.6544,500.6544,600.7852,801.0470,9512.4330,0.01944212,2903.7953,2588.8046,7109.2920,7424.2827,0.01453043,0.01517423,0.00102327,1097.0162,980.5548,22.6029,589.0051,50.0654,28780.5437,26.0588,348.8137,1102.0831,322.9557,648.817,1291.8228,2162.7234,4064.8804,6488.1699,605.5625,0.0,6.265064,10.0,1.690794,29,98,15,4,0.00213878,0.02046539,1.00000000,0E-8,0.000000,0.887826,0.024664,-0.98163411,2026-04-25,2026-08-01,17,200,141,99,0.171717,0.316504,0.317966,0.007129,,,,,,,,GLOBAL_BASELINE_NO_ENTITY_RANKING,,,NOT_APPLICABLE_GLOBAL_BASELINE,HF9g-P5,,,,X 全窗基线 · 不参与实体赏罚,15057791,1506,A168_HF9F_20260827_0900,2026-08-27 09:00:00
2026-05-12,140903079,2106,0,1513.9063108266,1481.4654613088,1481.4654613088,1.0000000,2,2,0.49994810000000000,0.499948100000,1.4143603653603398,1.4143603653603398,1.4143603653603398,0E-17,ELIGIBLE,R03b_20260811_FULL_v1,L1_ELIGIBILITY,v2026-08-11,2026-03-21..2026-08-06,baccarat_bet02_101_all_pairs_incl_sentinel,round_win = game_pnl > 0 (decisive only),COMPATIBILITY_ONLY_NOT_PRODUCTION,489269.2425,434385.7699,10013.0874,446,443,-0.02046539,-1.00000000,-0.01836589,-0.02046539,-10013.0874,489269.2425,OK,0.0000,500.6544,5.0000,95.0000,AG03-UNRESOLVED,ALL5_LEVELS_bet23_to_bet27,500.6544,500.6544,500.6544,600.7852,801.0470,5.000000,5.000000,5.000000,6.000000,8.000000,95.000000,95.000000,95.000000,94.000000,92.000000,5.0,2903.7953,2588.8046,7109.2920,7424.2827,PENDING_AG03,FALSE,NOT_FOR_ENFORCEMENT,9512.4330,412666.4814,10013.0874,9512.4330,500.6544,0.02046539,0.01944212,500.6544,9512.4330,0.01944212,500.6544,500.6544,500.6544,600.7852,801.0470,9512.4330,0.01944212,2903.7953,2588.8046,7109.2920,7424.2827,0.01453043,0.01517423,0.00102327,1097.0162,980.5548,22.6029,589.0051,50.0654,28780.5437,26.0588,348.8137,1102.0831,322.9557,648.817,1291.8228,2162.7234,4064.8804,6488.1699,605.5625,0.0,6.265064,10.0,1.690794,29,98,15,4,0.00213878,0.02046539,1.00000000,0E-8,0.000000,0.887826,0.024664,-0.98163411,2026-04-25,2026-08-01,17,200,141,99,0.171717,0.316504,0.317966,0.007129,,,,,,,,GLOBAL_BASELINE_NO_ENTITY_RANKING,,,NOT_APPLICABLE_GLOBAL_BASELINE,HF9g-P5,,,,X 全窗基线 · 不参与实体赏罚,15057792,1506,A168_HF9F_20260827_0900,2026-08-27 09:00:00
2026-05-12,140903079,2115,0,2595.2679614171,648.8169903542,648.8169903542,0.5000000,3,3,0.50218230000000000,0.502182300000,-0.00617253530718887,-0.00617253530718887,-0.00617253530718887,0E-17,ELIGIBLE,R03b_20260811_FULL_v1,L1_ELIGIBILITY,v2026-08-11,2026-03-21..2026-08-06,baccarat_bet02_101_all_pairs_incl_sentinel,round_win = game_pnl > 0 (decisive only),COMPATIBILITY_ONLY_NOT_PRODUCTION,489269.2425,434385.7699,10013.0874,446,443,-0.02046539,-1.00000000,-0.01836589,-0.02046539,-10013.0874,489269.2425,OK,0.0000,500.6544,5.0000,95.0000,AG03-UNRESOLVED,ALL5_LEVELS_bet23_to_bet27,500.6544,500.6544,500.6544,600.7852,801.0470,5.000000,5.000000,5.000000,6.000000,8.000000,95.000000,95.000000,95.000000,94.000000,92.000000,5.0,2903.7953,2588.8046,7109.2920,7424.2827,PENDING_AG03,FALSE,NOT_FOR_ENFORCEMENT,9512.4330,412666.4814,10013.0874,9512.4330,500.6544,0.02046539,0.01944212,500.6544,9512.4330,0.01944212,500.6544,500.6544,500.6544,600.7852,801.0470,9512.4330,0.01944212,2903.7953,2588.8046,7109.2920,7424.2827,0.01453043,0.01517423,0.00102327,1097.0162,980.5548,22.6029,589.0051,50.0654,28780.5437,26.0588,348.8137,1102.0831,322.9557,648.817,1291.8228,2162.7234,4064.8804,6488.1699,605.5625,0.0,6.265064,10.0,1.690794,29,98,15,4,0.00213878,0.02046539,1.00000000,0E-8,0.000000,0.887826,0.024664,-0.98163411,2026-04-25,2026-08-01,17,200,141,99,0.171717,0.316504,0.317966,0.007129,,,,,,,,GLOBAL_BASELINE_NO_ENTITY_RANKING,,,NOT_APPLICABLE_GLOBAL_BASELINE,HF9g-P5,,,,X 全窗基线 · 不参与实体赏罚,15057793,1506,A168_HF9F_20260827_0900,2026-08-27 09:00:00
2026-05-12,140903079,2117,0,1513.9063108266,1438.2109952853,1438.2109952853,1.0000000,1,1,0.50665070000000000,0.506650700000,0.9867858985152569,0.9867858985152569,0.9867858985152569,0E-17,ELIGIBLE,R03b_20260811_FULL_v1,L1_ELIGIBILITY,v2026-08-11,2026-03-21..2026-08-06,baccarat_bet02_101_all_pairs_incl_sentinel,round_win = game_pnl > 0 (decisive only),COMPATIBILITY_ONLY_NOT_PRODUCTION,489269.2425,434385.7699,10013.0874,446,443,-0.02046539,-1.00000000,-0.01836589,-0.02046539,-10013.0874,489269.2425,OK,0.0000,500.6544,5.0000,95.0000,AG03-UNRESOLVED,ALL5_LEVELS_bet23_to_bet27,500.6544,500.6544,500.6544,600.7852,801.0470,5.000000,5.000000,5.000000,6.000000,8.000000,95.000000,95.000000,95.000000,94.000000,92.000000,5.0,2903.7953,2588.8046,7109.2920,7424.2827,PENDING_AG03,FALSE,NOT_FOR_ENFORCEMENT,9512.4330,412666.4814,10013.0874,9512.4330,500.6544,0.02046539,0.01944212,500.6544,9512.4330,0.01944212,500.6544,500.6544,500.6544,600.7852,801.0470,9512.4330,0.01944212,2903.7953,2588.8046,7109.2920,7424.2827,0.01453043,0.01517423,0.00102327,1097.0162,980.5548,22.6029,589.0051,50.0654,28780.5437,26.0588,348.8137,1102.0831,322.9557,648.817,1291.8228,2162.7234,4064.8804,6488.1699,605.5625,0.0,6.265064,10.0,1.690794,29,98,15,4,0.00213878,0.02046539,1.00000000,0E-8,0.000000,0.887826,0.024664,-0.98163411,2026-04-25,2026-08-01,17,200,141,99,0.171717,0.316504,0.317966,0.007129,,,,,,,,GLOBAL_BASELINE_NO_ENTITY_RANKING,,,NOT_APPLICABLE_GLOBAL_BASELINE,HF9g-P5,,,,X 全窗基线 · 不参与实体赏罚,15057794,1506,A168_HF9F_20260827_0900,2026-08-27 09:00:00
2026-05-12,140903079,2123,0,1254.3795146849,348.1984514901,348.1984514901,0.5000000,2,2,0.50665070000000000,0.506650700000,-0.018812684590367487,-0.018812684590367487,-0.018812684590367487,0E-17,ELIGIBLE,R03b_20260811_FULL_v1,L1_ELIGIBILITY,v2026-08-11,2026-03-21..2026-08-06,baccarat_bet02_101_all_pairs_incl_sentinel,round_win = game_pnl > 0 (decisive only),COMPATIBILITY_ONLY_NOT_PRODUCTION,489269.2425,434385.7699,10013.0874,446,443,-0.02046539,-1.00000000,-0.01836589,-0.02046539,-10013.0874,489269.2425,OK,0.0000,500.6544,5.0000,95.0000,AG03-UNRESOLVED,ALL5_LEVELS_bet23_to_bet27,500.6544,500.6544,500.6544,600.7852,801.0470,5.000000,5.000000,5.000000,6.000000,8.000000,95.000000,95.000000,95.000000,94.000000,92.000000,5.0,2903.7953,2588.8046,7109.2920,7424.2827,PENDING_AG03,FALSE,NOT_FOR_ENFORCEMENT,9512.4330,412666.4814,10013.0874,9512.4330,500.6544,0.02046539,0.01944212,500.6544,9512.4330,0.01944212,500.6544,500.6544,500.6544,600.7852,801.0470,9512.4330,0.01944212,2903.7953,2588.8046,7109.2920,7424.2827,0.01453043,0.01517423,0.00102327,1097.0162,980.5548,22.6029,589.0051,50.0654,28780.5437,26.0588,348.8137,1102.0831,322.9557,648.817,1291.8228,2162.7234,4064.8804,6488.1699,605.5625,0.0,6.265064,10.0,1.690794,29,98,15,4,0.00213878,0.02046539,1.00000000,0E-8,0.000000,0.887826,0.024664,-0.98163411,2026-04-25,2026-08-01,17,200,141,99,0.171717,0.316504,0.317966,0.007129,,,,,,,,GLOBAL_BASELINE_NO_ENTITY_RANKING,,,NOT_APPLICABLE_GLOBAL_BASELINE,HF9g-P5,,,,X 全窗基线 · 不参与实体赏罚,15057795,1506,A168_HF9F_20260827_0900,2026-08-27 09:00:00
2026-05-12,140903079,2134,0,432.5446602362,432.5446602362,432.5446602362,1.0000000,1,1,0.49324550000000000,0.493245500000,1.01360149184955,1.01360149184955,1.01360149184955,0E-17,ELIGIBLE,R03b_20260811_FULL_v1,L1_ELIGIBILITY,v2026-08-11,2026-03-21..2026-08-06,baccarat_bet02_101_all_pairs_incl_sentinel,round_win = game_pnl > 0 (decisive only),COMPATIBILITY_ONLY_NOT_PRODUCTION,489269.2425,434385.7699,10013.0874,446,443,-0.02046539,-1.00000000,-0.01836589,-0.02046539,-10013.0874,489269.2425,OK,0.0000,500.6544,5.0000,95.0000,AG03-UNRESOLVED,ALL5_LEVELS_bet23_to_bet27,500.6544,500.6544,500.6544,600.7852,801.0470,5.000000,5.000000,5.000000,6.000000,8.000000,95.000000,95.000000,95.000000,94.000000,92.000000,5.0,2903.7953,2588.8046,7109.2920,7424.2827,PENDING_AG03,FALSE,NOT_FOR_ENFORCEMENT,9512.4330,412666.4814,10013.0874,9512.4330,500.6544,0.02046539,0.01944212,500.6544,9512.4330,0.01944212,500.6544,500.6544,500.6544,600.7852,801.0470,9512.4330,0.01944212,2903.7953,2588.8046,7109.2920,7424.2827,0.01453043,0.01517423,0.00102327,1097.0162,980.5548,22.6029,589.0051,50.0654,28780.5437,26.0588,348.8137,1102.0831,322.9557,648.817,1291.8228,2162.7234,4064.8804,6488.1699,605.5625,0.0,6.265064,10.0,1.690794,29,98,15,4,0.00213878,0.02046539,1.00000000,0E-8,0.000000,0.887826,0.024664,-0.98163411,2026-04-25,2026-08-01,17,200,141,99,0.171717,0.316504,0.317966,0.007129,,,,,,,,GLOBAL_BASELINE_NO_ENTITY_RANKING,,,NOT_APPLICABLE_GLOBAL_BASELINE,HF9g-P5,,,,X 全窗基线 · 不参与实体赏罚,15057796,1506,A168_HF9F_20260827_0900,2026-08-27 09:00:00
2026-05-12,140903079,2141,0,216.2723301181,-216.2723301181,-216.2723301181,0E-7,1,1,0.50665070000000000,0.506650700000,-1.013391052207602,-1.013391052207602,-1.013391052207602,0E-17,ELIGIBLE,R03b_20260811_FULL_v1,L1_ELIGIBILITY,v2026-08-11,2026-03-21..2026-08-06,baccarat_bet02_101_all_pairs_incl_sentinel,round_win = game_pnl > 0 (decisive only),COMPATIBILITY_ONLY_NOT_PRODUCTION,489269.2425,434385.7699,10013.0874,446,443,-0.02046539,-1.00000000,-0.01836589,-0.02046539,-10013.0874,489269.2425,OK,0.0000,500.6544,5.0000,95.0000,AG03-UNRESOLVED,ALL5_LEVELS_bet23_to_bet27,500.6544,500.6544,500.6544,600.7852,801.0470,5.000000,5.000000,5.000000,6.000000,8.000000,95.000000,95.000000,95.000000,94.000000,92.000000,5.0,2903.7953,2588.8046,7109.2920,7424.2827,PENDING_AG03,FALSE,NOT_FOR_ENFORCEMENT,9512.4330,412666.4814,10013.0874,9512.4330,500.6544,0.02046539,0.01944212,500.6544,9512.4330,0.01944212,500.6544,500.6544,500.6544,600.7852,801.0470,9512.4330,0.01944212,2903.7953,2588.8046,7109.2920,7424.2827,0.01453043,0.01517423,0.00102327,1097.0162,980.5548,22.6029,589.0051,50.0654,28780.5437,26.0588,348.8137,1102.0831,322.9557,648.817,1291.8228,2162.7234,4064.8804,6488.1699,605.5625,0.0,6.265064,10.0,1.690794,29,98,15,4,0.00213878,0.02046539,1.00000000,0E-8,0.000000,0.887826,0.024664,-0.98163411,2026-04-25,2026-08-01,17,200,141,99,0.171717,0.316504,0.317966,0.007129,,,,,,,,GLOBAL_BASELINE_NO_ENTITY_RANKING,,,NOT_APPLICABLE_GLOBAL_BASELINE,HF9g-P5,,,,X 全窗基线 · 不参与实体赏罚,15057797,1506,A168_HF9F_20260827_0900,2026-08-27 09:00:00
2026-05-12,140903079,2152,0,1946.8835157230,-1946.8835157230,-1946.8835157230,0E-7,1,1,0.49324550000000000,0.493245500000,-0.9865810262130424,-0.9865810262130424,-0.9865810262130424,0E-17,ELIGIBLE,R03b_20260811_FULL_v1,L1_ELIGIBILITY,v2026-08-11,2026-03-21..2026-08-06,baccarat_bet02_101_all_pairs_incl_sentinel,round_win = game_pnl > 0 (decisive only),COMPATIBILITY_ONLY_NOT_PRODUCTION,489269.2425,434385.7699,10013.0874,446,443,-0.02046539,-1.00000000,-0.01836589,-0.02046539,-10013.0874,489269.2425,OK,0.0000,500.6544,5.0000,95.0000,AG03-UNRESOLVED,ALL5_LEVELS_bet23_to_bet27,500.6544,500.6544,500.6544,600.7852,801.0470,5.000000,5.000000,5.000000,6.000000,8.000000,95.000000,95.000000,95.000000,94.000000,92.000000,5.0,2903.7953,2588.8046,7109.2920,7424.2827,PENDING_AG03,FALSE,NOT_FOR_ENFORCEMENT,9512.4330,412666.4814,10013.0874,9512.4330,500.6544,0.02046539,0.01944212,500.6544,9512.4330,0.01944212,500.6544,500.6544,500.6544,600.7852,801.0470,9512.4330,0.01944212,2903.7953,2588.8046,7109.2920,7424.2827,0.01453043,0.01517423,0.00102327,1097.0162,980.5548,22.6029,589.0051,50.0654,28780.5437,26.0588,348.8137,1102.0831,322.9557,648.817,1291.8228,2162.7234,4064.8804,6488.1699,605.5625,0.0,6.265064,10.0,1.690794,29,98,15,4,0.00213878,0.02046539,1.00000000,0E-8,0.000000,0.887826,0.024664,-0.98163411,2026-04-25,2026-08-01,17,200,141,99,0.171717,0.316504,0.317966,0.007129,,,,,,,,GLOBAL_BASELINE_NO_ENTITY_RANKING,,,NOT_APPLICABLE_GLOBAL_BASELINE,HF9g-P5,,,,X 全窗基线 · 不参与实体赏罚,15057798,1506,A168_HF9F_20260827_0900,2026-08-27 09:00:00
2026-05-12,140903079,2167,0,11570.5696613176,2595.2679614170,2595.2679614170,0.5555556,11,11,0.49568280909090909,0.495682809091,0.35924987053433743,0.3592498705337913,0.35924987053433743,-9.091E-14,ELIGIBLE,R03b_20260811_FULL_v1,L1_ELIGIBILITY,v2026-08-11,2026-03-21..2026-08-06,baccarat_bet02_101_all_pairs_incl_sentinel,round_win = game_pnl > 0 (decisive only),COMPATIBILITY_ONLY_NOT_PRODUCTION,489269.2425,434385.7699,10013.0874,446,443,-0.02046539,-1.00000000,-0.01836589,-0.02046539,-10013.0874,489269.2425,OK,0.0000,500.6544,5.0000,95.0000,AG03-UNRESOLVED,ALL5_LEVELS_bet23_to_bet27,500.6544,500.6544,500.6544,600.7852,801.0470,5.000000,5.000000,5.000000,6.000000,8.000000,95.000000,95.000000,95.000000,94.000000,92.000000,5.0,2903.7953,2588.8046,7109.2920,7424.2827,PENDING_AG03,FALSE,NOT_FOR_ENFORCEMENT,9512.4330,412666.4814,10013.0874,9512.4330,500.6544,0.02046539,0.01944212,500.6544,9512.4330,0.01944212,500.6544,500.6544,500.6544,600.7852,801.0470,9512.4330,0.01944212,2903.7953,2588.8046,7109.2920,7424.2827,0.01453043,0.01517423,0.00102327,1097.0162,980.5548,22.6029,589.0051,50.0654,28780.5437,26.0588,348.8137,1102.0831,322.9557,648.817,1291.8228,2162.7234,4064.8804,6488.1699,605.5625,0.0,6.265064,10.0,1.690794,29,98,15,4,0.00213878,0.02046539,1.00000000,0E-8,0.000000,0.887826,0.024664,-0.98163411,2026-04-25,2026-08-01,17,200,141,99,0.171717,0.316504,0.317966,0.007129,,,,,,,,GLOBAL_BASELINE_NO_ENTITY_RANKING,,,NOT_APPLICABLE_GLOBAL_BASELINE,HF9g-P5,,,,X 全窗基线 · 不参与实体赏罚,15057799,1506,A168_HF9F_20260827_0900,2026-08-27 09:00:00
2026-05-12,140903079,2175,0,2227.6050002162,-2101.0856870971,-2101.0856870971,0.5000000,2,2,0.50665070000000000,0.506650700000,-0.018812684590367487,-0.018812684590367487,-0.018812684590367487,0E-17,ELIGIBLE,R03b_20260811_FULL_v1,L1_ELIGIBILITY,v2026-08-11,2026-03-21..2026-08-06,baccarat_bet02_101_all_pairs_incl_sentinel,round_win = game_pnl > 0 (decisive only),COMPATIBILITY_ONLY_NOT_PRODUCTION,489269.2425,434385.7699,10013.0874,446,443,-0.02046539,-1.00000000,-0.01836589,-0.02046539,-10013.0874,489269.2425,OK,0.0000,500.6544,5.0000,95.0000,AG03-UNRESOLVED,ALL5_LEVELS_bet23_to_bet27,500.6544,500.6544,500.6544,600.7852,801.0470,5.000000,5.000000,5.000000,6.000000,8.000000,95.000000,95.000000,95.000000,94.000000,92.000000,5.0,2903.7953,2588.8046,7109.2920,7424.2827,PENDING_AG03,FALSE,NOT_FOR_ENFORCEMENT,9512.4330,412666.4814,10013.0874,9512.4330,500.6544,0.02046539,0.01944212,500.6544,9512.4330,0.01944212,500.6544,500.6544,500.6544,600.7852,801.0470,9512.4330,0.01944212,2903.7953,2588.8046,7109.2920,7424.2827,0.01453043,0.01517423,0.00102327,1097.0162,980.5548,22.6029,589.0051,50.0654,28780.5437,26.0588,348.8137,1102.0831,322.9557,648.817,1291.8228,2162.7234,4064.8804,6488.1699,605.5625,0.0,6.265064,10.0,1.690794,29,98,15,4,0.00213878,0.02046539,1.00000000,0E-8,0.000000,0.887826,0.024664,-0.98163411,2026-04-25,2026-08-01,17,200,141,99,0.171717,0.316504,0.317966,0.007129,,,,,,,,GLOBAL_BASELINE_NO_ENTITY_RANKING,,,NOT_APPLICABLE_GLOBAL_BASELINE,HF9g-P5,,,,X 全窗基线 · 不参与实体赏罚,15057800,1506,A168_HF9F_20260827_0900,2026-08-27 09:00:00
2026-05-12,140903079,2188,0,1081.3616505904,1027.2935680609,1027.2935680609,1.0000000,1,1,0.50665070000000000,0.506650700000,0.9867858985152569,0.9867858985152569,0.9867858985152569,0E-17,ELIGIBLE,R03b_20260811_FULL_v1,L1_ELIGIBILITY,v2026-08-11,2026-03-21..2026-08-06,baccarat_bet02_101_all_pairs_incl_sentinel,round_win = game_pnl > 0 (decisive only),COMPATIBILITY_ONLY_NOT_PRODUCTION,489269.2425,434385.7699,10013.0874,446,443,-0.02046539,-1.00000000,-0.01836589,-0.02046539,-10013.0874,489269.2425,OK,0.0000,500.6544,5.0000,95.0000,AG03-UNRESOLVED,ALL5_LEVELS_bet23_to_bet27,500.6544,500.6544,500.6544,600.7852,801.0470,5.000000,5.000000,5.000000,6.000000,8.000000,95.000000,95.000000,95.000000,94.000000,92.000000,5.0,2903.7953,2588.8046,7109.2920,7424.2827,PENDING_AG03,FALSE,NOT_FOR_ENFORCEMENT,9512.4330,412666.4814,10013.0874,9512.4330,500.6544,0.02046539,0.01944212,500.6544,9512.4330,0.01944212,500.6544,500.6544,500.6544,600.7852,801.0470,9512.4330,0.01944212,2903.7953,2588.8046,7109.2920,7424.2827,0.01453043,0.01517423,0.00102327,1097.0162,980.5548,22.6029,589.0051,50.0654,28780.5437,26.0588,348.8137,1102.0831,322.9557,648.817,1291.8228,2162.7234,4064.8804,6488.1699,605.5625,0.0,6.265064,10.0,1.690794,29,98,15,4,0.00213878,0.02046539,1.00000000,0E-8,0.000000,0.887826,0.024664,-0.98163411,2026-04-25,2026-08-01,17,200,141,99,0.171717,0.316504,0.317966,0.007129,,,,,,,,GLOBAL_BASELINE_NO_ENTITY_RANKING,,,NOT_APPLICABLE_GLOBAL_BASELINE,HF9g-P5,,,,X 全窗基线 · 不参与实体赏罚,15057801,1506,A168_HF9F_20260827_0900,2026-08-27 09:00:00
2026-05-12,140903079,2209,0,1151.6501578788,-223.8418616722,-223.8418616722,0.3333333,3,3,0.50218230000000000,0.502182300000,-0.5849155494134425,-0.5849155494134426,-0.5849155494134425,0E-17,ELIGIBLE,R03b_20260811_FULL_v1,L1_ELIGIBILITY,v2026-08-11,2026-03-21..2026-08-06,baccarat_bet02_101_all_pairs_incl_sentinel,round_win = game_pnl > 0 (decisive only),COMPATIBILITY_ONLY_NOT_PRODUCTION,489269.2425,434385.7699,10013.0874,446,443,-0.02046539,-1.00000000,-0.01836589,-0.02046539,-10013.0874,489269.2425,OK,0.0000,500.6544,5.0000,95.0000,AG03-UNRESOLVED,ALL5_LEVELS_bet23_to_bet27,500.6544,500.6544,500.6544,600.7852,801.0470,5.000000,5.000000,5.000000,6.000000,8.000000,95.000000,95.000000,95.000000,94.000000,92.000000,5.0,2903.7953,2588.8046,7109.2920,7424.2827,PENDING_AG03,FALSE,NOT_FOR_ENFORCEMENT,9512.4330,412666.4814,10013.0874,9512.4330,500.6544,0.02046539,0.01944212,500.6544,9512.4330,0.01944212,500.6544,500.6544,500.6544,600.7852,801.0470,9512.4330,0.01944212,2903.7953,2588.8046,7109.2920,7424.2827,0.01453043,0.01517423,0.00102327,1097.0162,980.5548,22.6029,589.0051,50.0654,28780.5437,26.0588,348.8137,1102.0831,322.9557,648.817,1291.8228,2162.7234,4064.8804,6488.1699,605.5625,0.0,6.265064,10.0,1.690794,29,98,15,4,0.00213878,0.02046539,1.00000000,0E-8,0.000000,0.887826,0.024664,-0.98163411,2026-04-25,2026-08-01,17,200,141,99,0.171717,0.316504,0.317966,0.007129,,,,,,,,GLOBAL_BASELINE_NO_ENTITY_RANKING,,,NOT_APPLICABLE_GLOBAL_BASELINE,HF9g-P5,,,,X 全窗基线 · 不参与实体赏罚,15057802,1506,A168_HF9F_20260827_0900,2026-08-27 09:00:00
2026-05-12,140903079,2220,0,432.5446602362,432.5446602362,432.5446602362,1.0000000,1,1,0.49324550000000000,0.493245500000,1.01360149184955,1.01360149184955,1.01360149184955,0E-17,ELIGIBLE,R03b_20260811_FULL_v1,L1_ELIGIBILITY,v2026-08-11,2026-03-21..2026-08-06,baccarat_bet02_101_all_pairs_incl_sentinel,round_win = game_pnl > 0 (decisive only),COMPATIBILITY_ONLY_NOT_PRODUCTION,489269.2425,434385.7699,10013.0874,446,443,-0.02046539,-1.00000000,-0.01836589,-0.02046539,-10013.0874,489269.2425,OK,0.0000,500.6544,5.0000,95.0000,AG03-UNRESOLVED,ALL5_LEVELS_bet23_to_bet27,500.6544,500.6544,500.6544,600.7852,801.0470,5.000000,5.000000,5.000000,6.000000,8.000000,95.000000,95.000000,95.000000,94.000000,92.000000,5.0,2903.7953,2588.8046,7109.2920,7424.2827,PENDING_AG03,FALSE,NOT_FOR_ENFORCEMENT,9512.4330,412666.4814,10013.0874,9512.4330,500.6544,0.02046539,0.01944212,500.6544,9512.4330,0.01944212,500.6544,500.6544,500.6544,600.7852,801.0470,9512.4330,0.01944212,2903.7953,2588.8046,7109.2920,7424.2827,0.01453043,0.01517423,0.00102327,1097.0162,980.5548,22.6029,589.0051,50.0654,28780.5437,26.0588,348.8137,1102.0831,322.9557,648.817,1291.8228,2162.7234,4064.8804,6488.1699,605.5625,0.0,6.265064,10.0,1.690794,29,98,15,4,0.00213878,0.02046539,1.00000000,0E-8,0.000000,0.887826,0.024664,-0.98163411,2026-04-25,2026-08-01,17,200,141,99,0.171717,0.316504,0.317966,0.007129,,,,,,,,GLOBAL_BASELINE_NO_ENTITY_RANKING,,,NOT_APPLICABLE_GLOBAL_BASELINE,HF9g-P5,,,,X 全窗基线 · 不参与实体赏罚,15057803,1506,A168_HF9F_20260827_0900,2026-08-27 09:00:00
2026-05-12,140903079,2224,0,1081.3616505904,1081.3616505904,1081.3616505904,1.0000000,1,1,0.49324550000000000,0.493245500000,1.01360149184955,1.01360149184955,1.01360149184955,0E-17,ELIGIBLE,R03b_20260811_FULL_v1,L1_ELIGIBILITY,v2026-08-11,2026-03-21..2026-08-06,baccarat_bet02_101_all_pairs_incl_sentinel,round_win = game_pnl > 0 (decisive only),COMPATIBILITY_ONLY_NOT_PRODUCTION,489269.2425,434385.7699,10013.0874,446,443,-0.02046539,-1.00000000,-0.01836589,-0.02046539,-10013.0874,489269.2425,OK,0.0000,500.6544,5.0000,95.0000,AG03-UNRESOLVED,ALL5_LEVELS_bet23_to_bet27,500.6544,500.6544,500.6544,600.7852,801.0470,5.000000,5.000000,5.000000,6.000000,8.000000,95.000000,95.000000,95.000000,94.000000,92.000000,5.0,2903.7953,2588.8046,7109.2920,7424.2827,PENDING_AG03,FALSE,NOT_FOR_ENFORCEMENT,9512.4330,412666.4814,10013.0874,9512.4330,500.6544,0.02046539,0.01944212,500.6544,9512.4330,0.01944212,500.6544,500.6544,500.6544,600.7852,801.0470,9512.4330,0.01944212,2903.7953,2588.8046,7109.2920,7424.2827,0.01453043,0.01517423,0.00102327,1097.0162,980.5548,22.6029,589.0051,50.0654,28780.5437,26.0588,348.8137,1102.0831,322.9557,648.817,1291.8228,2162.7234,4064.8804,6488.1699,605.5625,0.0,6.265064,10.0,1.690794,29,98,15,4,0.00213878,0.02046539,1.00000000,0E-8,0.000000,0.887826,0.024664,-0.98163411,2026-04-25,2026-08-01,17,200,141,99,0.171717,0.316504,0.317966,0.007129,,,,,,,,GLOBAL_BASELINE_NO_ENTITY_RANKING,,,NOT_APPLICABLE_GLOBAL_BASELINE,HF9g-P5,,,,X 全窗基线 · 不参与实体赏罚,15057804,1506,A168_HF9F_20260827_0900,2026-08-27 09:00:00
2026-05-12,140903079,2235,0,1730.1786409447,-1730.1786409447,-1730.1786409447,0E-7,2,2,0.49994810000000000,0.499948100000,-1.4140667746232096,-1.4140667746232096,-1.4140667746232096,0E-17,ELIGIBLE,R03b_20260811_FULL_v1,L1_ELIGIBILITY,v2026-08-11,2026-03-21..2026-08-06,baccarat_bet02_101_all_pairs_incl_sentinel,round_win = game_pnl > 0 (decisive only),COMPATIBILITY_ONLY_NOT_PRODUCTION,489269.2425,434385.7699,10013.0874,446,443,-0.02046539,-1.00000000,-0.01836589,-0.02046539,-10013.0874,489269.2425,OK,0.0000,500.6544,5.0000,95.0000,AG03-UNRESOLVED,ALL5_LEVELS_bet23_to_bet27,500.6544,500.6544,500.6544,600.7852,801.0470,5.000000,5.000000,5.000000,6.000000,8.000000,95.000000,95.000000,95.000000,94.000000,92.000000,5.0,2903.7953,2588.8046,7109.2920,7424.2827,PENDING_AG03,FALSE,NOT_FOR_ENFORCEMENT,9512.4330,412666.4814,10013.0874,9512.4330,500.6544,0.02046539,0.01944212,500.6544,9512.4330,0.01944212,500.6544,500.6544,500.6544,600.7852,801.0470,9512.4330,0.01944212,2903.7953,2588.8046,7109.2920,7424.2827,0.01453043,0.01517423,0.00102327,1097.0162,980.5548,22.6029,589.0051,50.0654,28780.5437,26.0588,348.8137,1102.0831,322.9557,648.817,1291.8228,2162.7234,4064.8804,6488.1699,605.5625,0.0,6.265064,10.0,1.690794,29,98,15,4,0.00213878,0.02046539,1.00000000,0E-8,0.000000,0.887826,0.024664,-0.98163411,2026-04-25,2026-08-01,17,200,141,99,0.171717,0.316504,0.317966,0.007129,,,,,,,,GLOBAL_BASELINE_NO_ENTITY_RANKING,,,NOT_APPLICABLE_GLOBAL_BASELINE,HF9g-P5,,,,X 全窗基线 · 不参与实体赏罚,15057805,1506,A168_HF9F_20260827_0900,2026-08-27 09:00:00
2026-05-12,140903079,2258,0,1081.3616505905,616.3761408365,616.3761408365,0.6666667,3,3,0.49771390000000000,0.497713900000,0.5852756695216578,0.5852756695216578,0.5852756695216578,0E-17,ELIGIBLE,R03b_20260811_FULL_v1,L1_ELIGIBILITY,v2026-08-11,2026-03-21..2026-08-06,baccarat_bet02_101_all_pairs_incl_sentinel,round_win = game_pnl > 0 (decisive only),COMPATIBILITY_ONLY_NOT_PRODUCTION,489269.2425,434385.7699,10013.0874,446,443,-0.02046539,-1.00000000,-0.01836589,-0.02046539,-10013.0874,489269.2425,OK,0.0000,500.6544,5.0000,95.0000,AG03-UNRESOLVED,ALL5_LEVELS_bet23_to_bet27,500.6544,500.6544,500.6544,600.7852,801.0470,5.000000,5.000000,5.000000,6.000000,8.000000,95.000000,95.000000,95.000000,94.000000,92.000000,5.0,2903.7953,2588.8046,7109.2920,7424.2827,PENDING_AG03,FALSE,NOT_FOR_ENFORCEMENT,9512.4330,412666.4814,10013.0874,9512.4330,500.6544,0.02046539,0.01944212,500.6544,9512.4330,0.01944212,500.6544,500.6544,500.6544,600.7852,801.0470,9512.4330,0.01944212,2903.7953,2588.8046,7109.2920,7424.2827,0.01453043,0.01517423,0.00102327,1097.0162,980.5548,22.6029,589.0051,50.0654,28780.5437,26.0588,348.8137,1102.0831,322.9557,648.817,1291.8228,2162.7234,4064.8804,6488.1699,605.5625,0.0,6.265064,10.0,1.690794,29,98,15,4,0.00213878,0.02046539,1.00000000,0E-8,0.000000,0.887826,0.024664,-0.98163411,2026-04-25,2026-08-01,17,200,141,99,0.171717,0.316504,0.317966,0.007129,,,,,,,,GLOBAL_BASELINE_NO_ENTITY_RANKING,,,NOT_APPLICABLE_GLOBAL_BASELINE,HF9g-P5,,,,X 全窗基线 · 不参与实体赏罚,15057806,1506,A168_HF9F_20260827_0900,2026-08-27 09:00:00
2026-05-12,140903079,583,0,648.8169903543,-648.8169903543,-648.8169903543,0E-7,1,1,0.49324550000000000,0.493245500000,-0.9865810262130424,-0.9865810262130424,-0.9865810262130424,0E-17,ELIGIBLE,R03b_20260811_FULL_v1,L1_ELIGIBILITY,v2026-08-11,2026-03-21..2026-08-06,baccarat_bet02_101_all_pairs_incl_sentinel,round_win = game_pnl > 0 (decisive only),COMPATIBILITY_ONLY_NOT_PRODUCTION,489269.2425,434385.7699,10013.0874,446,443,-0.02046539,-1.00000000,-0.01836589,-0.02046539,-10013.0874,489269.2425,OK,0.0000,500.6544,5.0000,95.0000,AG03-UNRESOLVED,ALL5_LEVELS_bet23_to_bet27,500.6544,500.6544,500.6544,600.7852,801.0470,5.000000,5.000000,5.000000,6.000000,8.000000,95.000000,95.000000,95.000000,94.000000,92.000000,5.0,2903.7953,2588.8046,7109.2920,7424.2827,PENDING_AG03,FALSE,NOT_FOR_ENFORCEMENT,9512.4330,412666.4814,10013.0874,9512.4330,500.6544,0.02046539,0.01944212,500.6544,9512.4330,0.01944212,500.6544,500.6544,500.6544,600.7852,801.0470,9512.4330,0.01944212,2903.7953,2588.8046,7109.2920,7424.2827,0.01453043,0.01517423,0.00102327,1097.0162,980.5548,22.6029,589.0051,50.0654,28780.5437,26.0588,348.8137,1102.0831,322.9557,648.817,1291.8228,2162.7234,4064.8804,6488.1699,605.5625,0.0,6.265064,10.0,1.690794,29,98,15,4,0.00213878,0.02046539,1.00000000,0E-8,0.000000,0.887826,0.024664,-0.98163411,2026-04-25,2026-08-01,17,200,141,99,0.171717,0.316504,0.317966,0.007129,,,,,,,,GLOBAL_BASELINE_NO_ENTITY_RANKING,,,NOT_APPLICABLE_GLOBAL_BASELINE,HF9g-P5,,,,X 全窗基线 · 不参与实体赏罚,15057807,1506,A168_HF9F_20260827_0900,2026-08-27 09:00:00
2026-05-12,140903079,595,0,821.8348544487,359.0120679960,359.0120679960,0.5000000,2,2,0.49994810000000000,0.499948100000,0.00014679536856514622,0.00014679536856514622,0.00014679536856514622,0E-17,ELIGIBLE,R03b_20260811_FULL_v1,L1_ELIGIBILITY,v2026-08-11,2026-03-21..2026-08-06,baccarat_bet02_101_all_pairs_incl_sentinel,round_win = game_pnl > 0 (decisive only),COMPATIBILITY_ONLY_NOT_PRODUCTION,489269.2425,434385.7699,10013.0874,446,443,-0.02046539,-1.00000000,-0.01836589,-0.02046539,-10013.0874,489269.2425,OK,0.0000,500.6544,5.0000,95.0000,AG03-UNRESOLVED,ALL5_LEVELS_bet23_to_bet27,500.6544,500.6544,500.6544,600.7852,801.0470,5.000000,5.000000,5.000000,6.000000,8.000000,95.000000,95.000000,95.000000,94.000000,92.000000,5.0,2903.7953,2588.8046,7109.2920,7424.2827,PENDING_AG03,FALSE,NOT_FOR_ENFORCEMENT,9512.4330,412666.4814,10013.0874,9512.4330,500.6544,0.02046539,0.01944212,500.6544,9512.4330,0.01944212,500.6544,500.6544,500.6544,600.7852,801.0470,9512.4330,0.01944212,2903.7953,2588.8046,7109.2920,7424.2827,0.01453043,0.01517423,0.00102327,1097.0162,980.5548,22.6029,589.0051,50.0654,28780.5437,26.0588,348.8137,1102.0831,322.9557,648.817,1291.8228,2162.7234,4064.8804,6488.1699,605.5625,0.0,6.265064,10.0,1.690794,29,98,15,4,0.00213878,0.02046539,1.00000000,0E-8,0.000000,0.887826,0.024664,-0.98163411,2026-04-25,2026-08-01,17,200,141,99,0.171717,0.316504,0.317966,0.007129,,,,,,,,GLOBAL_BASELINE_NO_ENTITY_RANKING,,,NOT_APPLICABLE_GLOBAL_BASELINE,HF9g-P5,,,,X 全窗基线 · 不参与实体赏罚,15057808,1506,A168_HF9F_20260827_0900,2026-08-27 09:00:00
2026-05-12,140903079,763,0,869.4147670747,869.4147670747,869.4147670747,1.0000000,1,1,0.49324550000000000,0.493245500000,1.01360149184955,1.01360149184955,1.01360149184955,0E-17,ELIGIBLE,R03b_20260811_FULL_v1,L1_ELIGIBILITY,v2026-08-11,2026-03-21..2026-08-06,baccarat_bet02_101_all_pairs_incl_sentinel,round_win = game_pnl > 0 (decisive only),COMPATIBILITY_ONLY_NOT_PRODUCTION,489269.2425,434385.7699,10013.0874,446,443,-0.02046539,-1.00000000,-0.01836589,-0.02046539,-10013.0874,489269.2425,OK,0.0000,500.6544,5.0000,95.0000,AG03-UNRESOLVED,ALL5_LEVELS_bet23_to_bet27,500.6544,500.6544,500.6544,600.7852,801.0470,5.000000,5.000000,5.000000,6.000000,8.000000,95.000000,95.000000,95.000000,94.000000,92.000000,5.0,2903.7953,2588.8046,7109.2920,7424.2827,PENDING_AG03,FALSE,NOT_FOR_ENFORCEMENT,9512.4330,412666.4814,10013.0874,9512.4330,500.6544,0.02046539,0.01944212,500.6544,9512.4330,0.01944212,500.6544,500.6544,500.6544,600.7852,801.0470,9512.4330,0.01944212,2903.7953,2588.8046,7109.2920,7424.2827,0.01453043,0.01517423,0.00102327,1097.0162,980.5548,22.6029,589.0051,50.0654,28780.5437,26.0588,348.8137,1102.0831,322.9557,648.817,1291.8228,2162.7234,4064.8804,6488.1699,605.5625,0.0,6.265064,10.0,1.690794,29,98,15,4,0.00213878,0.02046539,1.00000000,0E-8,0.000000,0.887826,0.024664,-0.98163411,2026-04-25,2026-08-01,17,200,141,99,0.171717,0.316504,0.317966,0.007129,,,,,,,,GLOBAL_BASELINE_NO_ENTITY_RANKING,,,NOT_APPLICABLE_GLOBAL_BASELINE,HF9g-P5,,,,X 全窗基线 · 不参与实体赏罚,15057809,1506,A168_HF9F_20260827_0900,2026-08-27 09:00:00
2026-05-12,140903079,925,0,5298.6720878930,2162.7233011808,2162.7233011808,1.0000000,3,3,0.49324550000000000,0.493245500000,1.01360149184955,1.01360149184955,1.01360149184955,0E-17,ELIGIBLE,R03b_20260811_FULL_v1,L1_ELIGIBILITY,v2026-08-11,2026-03-21..2026-08-06,baccarat_bet02_101_all_pairs_incl_sentinel,round_win = game_pnl > 0 (decisive only),COMPATIBILITY_ONLY_NOT_PRODUCTION,489269.2425,434385.7699,10013.0874,446,443,-0.02046539,-1.00000000,-0.01836589,-0.02046539,-10013.0874,489269.2425,OK,0.0000,500.6544,5.0000,95.0000,AG03-UNRESOLVED,ALL5_LEVELS_bet23_to_bet27,500.6544,500.6544,500.6544,600.7852,801.0470,5.000000,5.000000,5.000000,6.000000,8.000000,95.000000,95.000000,95.000000,94.000000,92.000000,5.0,2903.7953,2588.8046,7109.2920,7424.2827,PENDING_AG03,FALSE,NOT_FOR_ENFORCEMENT,9512.4330,412666.4814,10013.0874,9512.4330,500.6544,0.02046539,0.01944212,500.6544,9512.4330,0.01944212,500.6544,500.6544,500.6544,600.7852,801.0470,9512.4330,0.01944212,2903.7953,2588.8046,7109.2920,7424.2827,0.01453043,0.01517423,0.00102327,1097.0162,980.5548,22.6029,589.0051,50.0654,28780.5437,26.0588,348.8137,1102.0831,322.9557,648.817,1291.8228,2162.7234,4064.8804,6488.1699,605.5625,0.0,6.265064,10.0,1.690794,29,98,15,4,0.00213878,0.02046539,1.00000000,0E-8,0.000000,0.887826,0.024664,-0.98163411,2026-04-25,2026-08-01,17,200,141,99,0.171717,0.316504,0.317966,0.007129,,,,,,,,GLOBAL_BASELINE_NO_ENTITY_RANKING,,,NOT_APPLICABLE_GLOBAL_BASELINE,HF9g-P5,,,,X 全窗基线 · 不参与实体赏罚,15057810,1506,A168_HF9F_20260827_0900,2026-08-27 09:00:00
2026-05-12,140903079,987,0,432.5446602362,-432.5446602362,-432.5446602362,0E-7,1,1,0.49324550000000000,0.493245500000,-0.9865810262130424,-0.9865810262130424,-0.9865810262130424,0E-17,ELIGIBLE,R03b_20260811_FULL_v1,L1_ELIGIBILITY,v2026-08-11,2026-03-21..2026-08-06,baccarat_bet02_101_all_pairs_incl_sentinel,round_win = game_pnl > 0 (decisive only),COMPATIBILITY_ONLY_NOT_PRODUCTION,489269.2425,434385.7699,10013.0874,446,443,-0.02046539,-1.00000000,-0.01836589,-0.02046539,-10013.0874,489269.2425,OK,0.0000,500.6544,5.0000,95.0000,AG03-UNRESOLVED,ALL5_LEVELS_bet23_to_bet27,500.6544,500.6544,500.6544,600.7852,801.0470,5.000000,5.000000,5.000000,6.000000,8.000000,95.000000,95.000000,95.000000,94.000000,92.000000,5.0,2903.7953,2588.8046,7109.2920,7424.2827,PENDING_AG03,FALSE,NOT_FOR_ENFORCEMENT,9512.4330,412666.4814,10013.0874,9512.4330,500.6544,0.02046539,0.01944212,500.6544,9512.4330,0.01944212,500.6544,500.6544,500.6544,600.7852,801.0470,9512.4330,0.01944212,2903.7953,2588.8046,7109.2920,7424.2827,0.01453043,0.01517423,0.00102327,1097.0162,980.5548,22.6029,589.0051,50.0654,28780.5437,26.0588,348.8137,1102.0831,322.9557,648.817,1291.8228,2162.7234,4064.8804,6488.1699,605.5625,0.0,6.265064,10.0,1.690794,29,98,15,4,0.00213878,0.02046539,1.00000000,0E-8,0.000000,0.887826,0.024664,-0.98163411,2026-04-25,2026-08-01,17,200,141,99,0.171717,0.316504,0.317966,0.007129,,,,,,,,GLOBAL_BASELINE_NO_ENTITY_RANKING,,,NOT_APPLICABLE_GLOBAL_BASELINE,HF9g-P5,,,,X 全窗基线 · 不参与实体赏罚,15057811,1506,A168_HF9F_20260827_0900,2026-08-27 09:00:00
2026-05-13,140903079,-1,1,61181.2794671045,3244.0849517714,3244.0849517714,0.6000000,22,22,0.49933877272727273,0.499338772727,0.9003421748197634,0.9003421748222036,0.9003421748197634,2.7273E-13,SENTINEL_DEALER,R03b_20260811_FULL_v1,L1_ELIGIBILITY,v2026-08-11,2026-03-21..2026-08-06,baccarat_bet02_101_all_pairs_incl_sentinel,round_win = game_pnl > 0 (decisive only),COMPATIBILITY_ONLY_NOT_PRODUCTION,489269.2425,434385.7699,10013.0874,446,443,-0.02046539,-1.00000000,-0.01836589,-0.02046539,-10013.0874,489269.2425,OK,0.0000,500.6544,5.0000,95.0000,AG03-UNRESOLVED,ALL5_LEVELS_bet23_to_bet27,500.6544,500.6544,500.6544,600.7852,801.0470,5.000000,5.000000,5.000000,6.000000,8.000000,95.000000,95.000000,95.000000,94.000000,92.000000,5.0,2903.7953,2588.8046,7109.2920,7424.2827,PENDING_AG03,FALSE,NOT_FOR_ENFORCEMENT,9512.4330,412666.4814,10013.0874,9512.4330,500.6544,0.02046539,0.01944212,500.6544,9512.4330,0.01944212,500.6544,500.6544,500.6544,600.7852,801.0470,9512.4330,0.01944212,2903.7953,2588.8046,7109.2920,7424.2827,0.01453043,0.01517423,0.00102327,1097.0162,980.5548,22.6029,589.0051,50.0654,28780.5437,26.0588,348.8137,1102.0831,322.9557,648.817,1291.8228,2162.7234,4064.8804,6488.1699,605.5625,0.0,6.265064,10.0,1.690794,29,98,15,4,0.00213878,0.02046539,1.00000000,0E-8,0.000000,0.887826,0.024664,-0.98163411,2026-04-25,2026-08-01,17,200,141,99,0.171717,0.316504,0.317966,0.007129,,,,,,,,GLOBAL_BASELINE_NO_ENTITY_RANKING,,,NOT_APPLICABLE_GLOBAL_BASELINE,HF9g-P5,,,,X 全窗基线 · 不参与实体赏罚,15057812,1506,A168_HF9F_20260827_0900,2026-08-27 09:00:00
2026-05-13,140903079,1109,0,2162.7233011808,-432.5446602362,-432.5446602362,0.5000000,3,2,0.46008382999999632,0.400287425000,0.1132614739916605,0.2878109933178697,0.1132614739916605,0.05979640499999632,ELIGIBLE,R03b_20260811_FULL_v1,L1_ELIGIBILITY,v2026-08-11,2026-03-21..2026-08-06,baccarat_bet02_101_all_pairs_incl_sentinel,round_win = game_pnl > 0 (decisive only),COMPATIBILITY_ONLY_NOT_PRODUCTION,489269.2425,434385.7699,10013.0874,446,443,-0.02046539,-1.00000000,-0.01836589,-0.02046539,-10013.0874,489269.2425,OK,0.0000,500.6544,5.0000,95.0000,AG03-UNRESOLVED,ALL5_LEVELS_bet23_to_bet27,500.6544,500.6544,500.6544,600.7852,801.0470,5.000000,5.000000,5.000000,6.000000,8.000000,95.000000,95.000000,95.000000,94.000000,92.000000,5.0,2903.7953,2588.8046,7109.2920,7424.2827,PENDING_AG03,FALSE,NOT_FOR_ENFORCEMENT,9512.4330,412666.4814,10013.0874,9512.4330,500.6544,0.02046539,0.01944212,500.6544,9512.4330,0.01944212,500.6544,500.6544,500.6544,600.7852,801.0470,9512.4330,0.01944212,2903.7953,2588.8046,7109.2920,7424.2827,0.01453043,0.01517423,0.00102327,1097.0162,980.5548,22.6029,589.0051,50.0654,28780.5437,26.0588,348.8137,1102.0831,322.9557,648.817,1291.8228,2162.7234,4064.8804,6488.1699,605.5625,0.0,6.265064,10.0,1.690794,29,98,15,4,0.00213878,0.02046539,1.00000000,0E-8,0.000000,0.887826,0.024664,-0.98163411,2026-04-25,2026-08-01,17,200,141,99,0.171717,0.316504,0.317966,0.007129,,,,,,,,GLOBAL_BASELINE_NO_ENTITY_RANKING,,,NOT_APPLICABLE_GLOBAL_BASELINE,HF9g-P5,,,,X 全窗基线 · 不参与实体赏罚,15057813,1506,A168_HF9F_20260827_0900,2026-08-27 09:00:00
2026-05-13,140903079,1302,0,16813.0109433798,-8551.4079328689,-8551.4079328689,0.2000000,6,6,0.49547970000000000,0.495479700000,-1.3214793953192199,-1.3214793953192199,-1.3214793953192199,0E-17,ELIGIBLE,R03b_20260811_FULL_v1,L1_ELIGIBILITY,v2026-08-11,2026-03-21..2026-08-06,baccarat_bet02_101_all_pairs_incl_sentinel,round_win = game_pnl > 0 (decisive only),COMPATIBILITY_ONLY_NOT_PRODUCTION,489269.2425,434385.7699,10013.0874,446,443,-0.02046539,-1.00000000,-0.01836589,-0.02046539,-10013.0874,489269.2425,OK,0.0000,500.6544,5.0000,95.0000,AG03-UNRESOLVED,ALL5_LEVELS_bet23_to_bet27,500.6544,500.6544,500.6544,600.7852,801.0470,5.000000,5.000000,5.000000,6.000000,8.000000,95.000000,95.000000,95.000000,94.000000,92.000000,5.0,2903.7953,2588.8046,7109.2920,7424.2827,PENDING_AG03,FALSE,NOT_FOR_ENFORCEMENT,9512.4330,412666.4814,10013.0874,9512.4330,500.6544,0.02046539,0.01944212,500.6544,9512.4330,0.01944212,500.6544,500.6544,500.6544,600.7852,801.0470,9512.4330,0.01944212,2903.7953,2588.8046,7109.2920,7424.2827,0.01453043,0.01517423,0.00102327,1097.0162,980.5548,22.6029,589.0051,50.0654,28780.5437,26.0588,348.8137,1102.0831,322.9557,648.817,1291.8228,2162.7234,4064.8804,6488.1699,605.5625,0.0,6.265064,10.0,1.690794,29,98,15,4,0.00213878,0.02046539,1.00000000,0E-8,0.000000,0.887826,0.024664,-0.98163411,2026-04-25,2026-08-01,17,200,141,99,0.171717,0.316504,0.317966,0.007129,,,,,,,,GLOBAL_BASELINE_NO_ENTITY_RANKING,,,NOT_APPLICABLE_GLOBAL_BASELINE,HF9g-P5,,,,X 全窗基线 · 不参与实体赏罚,15057814,1506,A168_HF9F_20260827_0900,2026-08-27 09:00:00
2026-05-13,140903079,1382,0,2162.7233011808,-2162.7233011808,-2162.7233011808,0E-7,1,1,0.49324550000000000,0.493245500000,-0.9865810262130424,-0.9865810262130424,-0.9865810262130424,0E-17,ELIGIBLE,R03b_20260811_FULL_v1,L1_ELIGIBILITY,v2026-08-11,2026-03-21..2026-08-06,baccarat_bet02_101_all_pairs_incl_sentinel,round_win = game_pnl > 0 (decisive only),COMPATIBILITY_ONLY_NOT_PRODUCTION,489269.2425,434385.7699,10013.0874,446,443,-0.02046539,-1.00000000,-0.01836589,-0.02046539,-10013.0874,489269.2425,OK,0.0000,500.6544,5.0000,95.0000,AG03-UNRESOLVED,ALL5_LEVELS_bet23_to_bet27,500.6544,500.6544,500.6544,600.7852,801.0470,5.000000,5.000000,5.000000,6.000000,8.000000,95.000000,95.000000,95.000000,94.000000,92.000000,5.0,2903.7953,2588.8046,7109.2920,7424.2827,PENDING_AG03,FALSE,NOT_FOR_ENFORCEMENT,9512.4330,412666.4814,10013.0874,9512.4330,500.6544,0.02046539,0.01944212,500.6544,9512.4330,0.01944212,500.6544,500.6544,500.6544,600.7852,801.0470,9512.4330,0.01944212,2903.7953,2588.8046,7109.2920,7424.2827,0.01453043,0.01517423,0.00102327,1097.0162,980.5548,22.6029,589.0051,50.0654,28780.5437,26.0588,348.8137,1102.0831,322.9557,648.817,1291.8228,2162.7234,4064.8804,6488.1699,605.5625,0.0,6.265064,10.0,1.690794,29,98,15,4,0.00213878,0.02046539,1.00000000,0E-8,0.000000,0.887826,0.024664,-0.98163411,2026-04-25,2026-08-01,17,200,141,99,0.171717,0.316504,0.317966,0.007129,,,,,,,,GLOBAL_BASELINE_NO_ENTITY_RANKING,,,NOT_APPLICABLE_GLOBAL_BASELINE,HF9g-P5,,,,X 全窗基线 · 不参与实体赏罚,15057815,1506,A168_HF9F_20260827_0900,2026-08-27 09:00:00
2026-05-13,140903079,1507,0,432.5446602362,410.9174272244,410.9174272244,1.0000000,1,1,0.50665070000000000,0.506650700000,0.9867858985152569,0.9867858985152569,0.9867858985152569,0E-17,ELIGIBLE,R03b_20260811_FULL_v1,L1_ELIGIBILITY,v2026-08-11,2026-03-21..2026-08-06,baccarat_bet02_101_all_pairs_incl_sentinel,round_win = game_pnl > 0 (decisive only),COMPATIBILITY_ONLY_NOT_PRODUCTION,489269.2425,434385.7699,10013.0874,446,443,-0.02046539,-1.00000000,-0.01836589,-0.02046539,-10013.0874,489269.2425,OK,0.0000,500.6544,5.0000,95.0000,AG03-UNRESOLVED,ALL5_LEVELS_bet23_to_bet27,500.6544,500.6544,500.6544,600.7852,801.0470,5.000000,5.000000,5.000000,6.000000,8.000000,95.000000,95.000000,95.000000,94.000000,92.000000,5.0,2903.7953,2588.8046,7109.2920,7424.2827,PENDING_AG03,FALSE,NOT_FOR_ENFORCEMENT,9512.4330,412666.4814,10013.0874,9512.4330,500.6544,0.02046539,0.01944212,500.6544,9512.4330,0.01944212,500.6544,500.6544,500.6544,600.7852,801.0470,9512.4330,0.01944212,2903.7953,2588.8046,7109.2920,7424.2827,0.01453043,0.01517423,0.00102327,1097.0162,980.5548,22.6029,589.0051,50.0654,28780.5437,26.0588,348.8137,1102.0831,322.9557,648.817,1291.8228,2162.7234,4064.8804,6488.1699,605.5625,0.0,6.265064,10.0,1.690794,29,98,15,4,0.00213878,0.02046539,1.00000000,0E-8,0.000000,0.887826,0.024664,-0.98163411,2026-04-25,2026-08-01,17,200,141,99,0.171717,0.316504,0.317966,0.007129,,,,,,,,GLOBAL_BASELINE_NO_ENTITY_RANKING,,,NOT_APPLICABLE_GLOBAL_BASELINE,HF9g-P5,,,,X 全窗基线 · 不参与实体赏罚,15057816,1506,A168_HF9F_20260827_0900,2026-08-27 09:00:00
2026-05-13,140903079,1654,0,648.8169903543,-648.8169903543,-648.8169903543,0E-7,1,1,0.50665070000000000,0.506650700000,-1.013391052207602,-1.013391052207602,-1.013391052207602,0E-17,ELIGIBLE,R03b_20260811_FULL_v1,L1_ELIGIBILITY,v2026-08-11,2026-03-21..2026-08-06,baccarat_bet02_101_all_pairs_incl_sentinel,round_win = game_pnl > 0 (decisive only),COMPATIBILITY_ONLY_NOT_PRODUCTION,489269.2425,434385.7699,10013.0874,446,443,-0.02046539,-1.00000000,-0.01836589,-0.02046539,-10013.0874,489269.2425,OK,0.0000,500.6544,5.0000,95.0000,AG03-UNRESOLVED,ALL5_LEVELS_bet23_to_bet27,500.6544,500.6544,500.6544,600.7852,801.0470,5.000000,5.000000,5.000000,6.000000,8.000000,95.000000,95.000000,95.000000,94.000000,92.000000,5.0,2903.7953,2588.8046,7109.2920,7424.2827,PENDING_AG03,FALSE,NOT_FOR_ENFORCEMENT,9512.4330,412666.4814,10013.0874,9512.4330,500.6544,0.02046539,0.01944212,500.6544,9512.4330,0.01944212,500.6544,500.6544,500.6544,600.7852,801.0470,9512.4330,0.01944212,2903.7953,2588.8046,7109.2920,7424.2827,0.01453043,0.01517423,0.00102327,1097.0162,980.5548,22.6029,589.0051,50.0654,28780.5437,26.0588,348.8137,1102.0831,322.9557,648.817,1291.8228,2162.7234,4064.8804,6488.1699,605.5625,0.0,6.265064,10.0,1.690794,29,98,15,4,0.00213878,0.02046539,1.00000000,0E-8,0.000000,0.887826,0.024664,-0.98163411,2026-04-25,2026-08-01,17,200,141,99,0.171717,0.316504,0.317966,0.007129,,,,,,,,GLOBAL_BASELINE_NO_ENTITY_RANKING,,,NOT_APPLICABLE_GLOBAL_BASELINE,HF9g-P5,,,,X 全窗基线 · 不参与实体赏罚,15057817,1506,A168_HF9F_20260827_0900,2026-08-27 09:00:00
2026-05-13,140903079,1940,0,1081.3616505904,-1081.3616505904,-1081.3616505904,0E-7,1,1,0.49324550000000000,0.493245500000,-0.9865810262130424,-0.9865810262130424,-0.9865810262130424,0E-17,ELIGIBLE,R03b_20260811_FULL_v1,L1_ELIGIBILITY,v2026-08-11,2026-03-21..2026-08-06,baccarat_bet02_101_all_pairs_incl_sentinel,round_win = game_pnl > 0 (decisive only),COMPATIBILITY_ONLY_NOT_PRODUCTION,489269.2425,434385.7699,10013.0874,446,443,-0.02046539,-1.00000000,-0.01836589,-0.02046539,-10013.0874,489269.2425,OK,0.0000,500.6544,5.0000,95.0000,AG03-UNRESOLVED,ALL5_LEVELS_bet23_to_bet27,500.6544,500.6544,500.6544,600.7852,801.0470,5.000000,5.000000,5.000000,6.000000,8.000000,95.000000,95.000000,95.000000,94.000000,92.000000,5.0,2903.7953,2588.8046,7109.2920,7424.2827,PENDING_AG03,FALSE,NOT_FOR_ENFORCEMENT,9512.4330,412666.4814,10013.0874,9512.4330,500.6544,0.02046539,0.01944212,500.6544,9512.4330,0.01944212,500.6544,500.6544,500.6544,600.7852,801.0470,9512.4330,0.01944212,2903.7953,2588.8046,7109.2920,7424.2827,0.01453043,0.01517423,0.00102327,1097.0162,980.5548,22.6029,589.0051,50.0654,28780.5437,26.0588,348.8137,1102.0831,322.9557,648.817,1291.8228,2162.7234,4064.8804,6488.1699,605.5625,0.0,6.265064,10.0,1.690794,29,98,15,4,0.00213878,0.02046539,1.00000000,0E-8,0.000000,0.887826,0.024664,-0.98163411,2026-04-25,2026-08-01,17,200,141,99,0.171717,0.316504,0.317966,0.007129,,,,,,,,GLOBAL_BASELINE_NO_ENTITY_RANKING,,,NOT_APPLICABLE_GLOBAL_BASELINE,HF9g-P5,,,,X 全窗基线 · 不参与实体赏罚,15057818,1506,A168_HF9F_20260827_0900,2026-08-27 09:00:00
2026-05-13,140903079,1957,0,16872.4858341623,6210.1518231757,6210.1518231757,0.8000000,6,6,0.49994810000000000,0.499948100000,1.3418728975849028,1.3418728975849028,1.3418728975849028,0E-17,ELIGIBLE,R03b_20260811_FULL_v1,L1_ELIGIBILITY,v2026-08-11,2026-03-21..2026-08-06,baccarat_bet02_101_all_pairs_incl_sentinel,round_win = game_pnl > 0 (decisive only),COMPATIBILITY_ONLY_NOT_PRODUCTION,489269.2425,434385.7699,10013.0874,446,443,-0.02046539,-1.00000000,-0.01836589,-0.02046539,-10013.0874,489269.2425,OK,0.0000,500.6544,5.0000,95.0000,AG03-UNRESOLVED,ALL5_LEVELS_bet23_to_bet27,500.6544,500.6544,500.6544,600.7852,801.0470,5.000000,5.000000,5.000000,6.000000,8.000000,95.000000,95.000000,95.000000,94.000000,92.000000,5.0,2903.7953,2588.8046,7109.2920,7424.2827,PENDING_AG03,FALSE,NOT_FOR_ENFORCEMENT,9512.4330,412666.4814,10013.0874,9512.4330,500.6544,0.02046539,0.01944212,500.6544,9512.4330,0.01944212,500.6544,500.6544,500.6544,600.7852,801.0470,9512.4330,0.01944212,2903.7953,2588.8046,7109.2920,7424.2827,0.01453043,0.01517423,0.00102327,1097.0162,980.5548,22.6029,589.0051,50.0654,28780.5437,26.0588,348.8137,1102.0831,322.9557,648.817,1291.8228,2162.7234,4064.8804,6488.1699,605.5625,0.0,6.265064,10.0,1.690794,29,98,15,4,0.00213878,0.02046539,1.00000000,0E-8,0.000000,0.887826,0.024664,-0.98163411,2026-04-25,2026-08-01,17,200,141,99,0.171717,0.316504,0.317966,0.007129,,,,,,,,GLOBAL_BASELINE_NO_ENTITY_RANKING,,,NOT_APPLICABLE_GLOBAL_BASELINE,HF9g-P5,,,,X 全窗基线 · 不参与实体赏罚,15057819,1506,A168_HF9F_20260827_0900,2026-08-27 09:00:00
2026-05-13,140903079,1994,0,18748.4320256067,6771.2703836671,6771.2703836671,0.7500000,5,5,0.49592654000000000,0.495926540000,1.0163275685615971,1.0163275685615971,1.0163275685615971,0E-17,ELIGIBLE,R03b_20260811_FULL_v1,L1_ELIGIBILITY,v2026-08-11,2026-03-21..2026-08-06,baccarat_bet02_101_all_pairs_incl_sentinel,round_win = game_pnl > 0 (decisive only),COMPATIBILITY_ONLY_NOT_PRODUCTION,489269.2425,434385.7699,10013.0874,446,443,-0.02046539,-1.00000000,-0.01836589,-0.02046539,-10013.0874,489269.2425,OK,0.0000,500.6544,5.0000,95.0000,AG03-UNRESOLVED,ALL5_LEVELS_bet23_to_bet27,500.6544,500.6544,500.6544,600.7852,801.0470,5.000000,5.000000,5.000000,6.000000,8.000000,95.000000,95.000000,95.000000,94.000000,92.000000,5.0,2903.7953,2588.8046,7109.2920,7424.2827,PENDING_AG03,FALSE,NOT_FOR_ENFORCEMENT,9512.4330,412666.4814,10013.0874,9512.4330,500.6544,0.02046539,0.01944212,500.6544,9512.4330,0.01944212,500.6544,500.6544,500.6544,600.7852,801.0470,9512.4330,0.01944212,2903.7953,2588.8046,7109.2920,7424.2827,0.01453043,0.01517423,0.00102327,1097.0162,980.5548,22.6029,589.0051,50.0654,28780.5437,26.0588,348.8137,1102.0831,322.9557,648.817,1291.8228,2162.7234,4064.8804,6488.1699,605.5625,0.0,6.265064,10.0,1.690794,29,98,15,4,0.00213878,0.02046539,1.00000000,0E-8,0.000000,0.887826,0.024664,-0.98163411,2026-04-25,2026-08-01,17,200,141,99,0.171717,0.316504,0.317966,0.007129,,,,,,,,GLOBAL_BASELINE_NO_ENTITY_RANKING,,,NOT_APPLICABLE_GLOBAL_BASELINE,HF9g-P5,,,,X 全窗基线 · 不参与实体赏罚,15057820,1506,A168_HF9F_20260827_0900,2026-08-27 09:00:00
2026-05-13,140903079,2101,0,4325.4466023617,-4325.4466023617,-4325.4466023617,0E-7,1,1,0.50665070000000000,0.506650700000,-1.013391052207602,-1.013391052207602,-1.013391052207602,0E-17,ELIGIBLE,R03b_20260811_FULL_v1,L1_ELIGIBILITY,v2026-08-11,2026-03-21..2026-08-06,baccarat_bet02_101_all_pairs_incl_sentinel,round_win = game_pnl > 0 (decisive only),COMPATIBILITY_ONLY_NOT_PRODUCTION,489269.2425,434385.7699,10013.0874,446,443,-0.02046539,-1.00000000,-0.01836589,-0.02046539,-10013.0874,489269.2425,OK,0.0000,500.6544,5.0000,95.0000,AG03-UNRESOLVED,ALL5_LEVELS_bet23_to_bet27,500.6544,500.6544,500.6544,600.7852,801.0470,5.000000,5.000000,5.000000,6.000000,8.000000,95.000000,95.000000,95.000000,94.000000,92.000000,5.0,2903.7953,2588.8046,7109.2920,7424.2827,PENDING_AG03,FALSE,NOT_FOR_ENFORCEMENT,9512.4330,412666.4814,10013.0874,9512.4330,500.6544,0.02046539,0.01944212,500.6544,9512.4330,0.01944212,500.6544,500.6544,500.6544,600.7852,801.0470,9512.4330,0.01944212,2903.7953,2588.8046,7109.2920,7424.2827,0.01453043,0.01517423,0.00102327,1097.0162,980.5548,22.6029,589.0051,50.0654,28780.5437,26.0588,348.8137,1102.0831,322.9557,648.817,1291.8228,2162.7234,4064.8804,6488.1699,605.5625,0.0,6.265064,10.0,1.690794,29,98,15,4,0.00213878,0.02046539,1.00000000,0E-8,0.000000,0.887826,0.024664,-0.98163411,2026-04-25,2026-08-01,17,200,141,99,0.171717,0.316504,0.317966,0.007129,,,,,,,,GLOBAL_BASELINE_NO_ENTITY_RANKING,,,NOT_APPLICABLE_GLOBAL_BASELINE,HF9g-P5,,,,X 全窗基线 · 不参与实体赏罚,15057821,1506,A168_HF9F_20260827_0900,2026-08-27 09:00:00
2026-05-13,140903079,2121,0,1440.3737185865,214.1096068169,214.1096068169,0.5000000,3,3,0.49771390000000000,0.497713900000,0.006466134837551399,0.0064661348375514,0.006466134837551399,0E-17,ELIGIBLE,R03b_20260811_FULL_v1,L1_ELIGIBILITY,v2026-08-11,2026-03-21..2026-08-06,baccarat_bet02_101_all_pairs_incl_sentinel,round_win = game_pnl > 0 (decisive only),COMPATIBILITY_ONLY_NOT_PRODUCTION,489269.2425,434385.7699,10013.0874,446,443,-0.02046539,-1.00000000,-0.01836589,-0.02046539,-10013.0874,489269.2425,OK,0.0000,500.6544,5.0000,95.0000,AG03-UNRESOLVED,ALL5_LEVELS_bet23_to_bet27,500.6544,500.6544,500.6544,600.7852,801.0470,5.000000,5.000000,5.000000,6.000000,8.000000,95.000000,95.000000,95.000000,94.000000,92.000000,5.0,2903.7953,2588.8046,7109.2920,7424.2827,PENDING_AG03,FALSE,NOT_FOR_ENFORCEMENT,9512.4330,412666.4814,10013.0874,9512.4330,500.6544,0.02046539,0.01944212,500.6544,9512.4330,0.01944212,500.6544,500.6544,500.6544,600.7852,801.0470,9512.4330,0.01944212,2903.7953,2588.8046,7109.2920,7424.2827,0.01453043,0.01517423,0.00102327,1097.0162,980.5548,22.6029,589.0051,50.0654,28780.5437,26.0588,348.8137,1102.0831,322.9557,648.817,1291.8228,2162.7234,4064.8804,6488.1699,605.5625,0.0,6.265064,10.0,1.690794,29,98,15,4,0.00213878,0.02046539,1.00000000,0E-8,0.000000,0.887826,0.024664,-0.98163411,2026-04-25,2026-08-01,17,200,141,99,0.171717,0.316504,0.317966,0.007129,,,,,,,,GLOBAL_BASELINE_NO_ENTITY_RANKING,,,NOT_APPLICABLE_GLOBAL_BASELINE,HF9g-P5,,,,X 全窗基线 · 不参与实体赏罚,15057822,1506,A168_HF9F_20260827_0900,2026-08-27 09:00:00
2026-05-13,140903079,2177,0,10813.6165059042,-10813.6165059042,-10813.6165059042,0E-7,2,2,0.49994810000000000,0.499948100000,-1.4140667746232096,-1.4140667746232096,-1.4140667746232096,0E-17,ELIGIBLE,R03b_20260811_FULL_v1,L1_ELIGIBILITY,v2026-08-11,2026-03-21..2026-08-06,baccarat_bet02_101_all_pairs_incl_sentinel,round_win = game_pnl > 0 (decisive only),COMPATIBILITY_ONLY_NOT_PRODUCTION,489269.2425,434385.7699,10013.0874,446,443,-0.02046539,-1.00000000,-0.01836589,-0.02046539,-10013.0874,489269.2425,OK,0.0000,500.6544,5.0000,95.0000,AG03-UNRESOLVED,ALL5_LEVELS_bet23_to_bet27,500.6544,500.6544,500.6544,600.7852,801.0470,5.000000,5.000000,5.000000,6.000000,8.000000,95.000000,95.000000,95.000000,94.000000,92.000000,5.0,2903.7953,2588.8046,7109.2920,7424.2827,PENDING_AG03,FALSE,NOT_FOR_ENFORCEMENT,9512.4330,412666.4814,10013.0874,9512.4330,500.6544,0.02046539,0.01944212,500.6544,9512.4330,0.01944212,500.6544,500.6544,500.6544,600.7852,801.0470,9512.4330,0.01944212,2903.7953,2588.8046,7109.2920,7424.2827,0.01453043,0.01517423,0.00102327,1097.0162,980.5548,22.6029,589.0051,50.0654,28780.5437,26.0588,348.8137,1102.0831,322.9557,648.817,1291.8228,2162.7234,4064.8804,6488.1699,605.5625,0.0,6.265064,10.0,1.690794,29,98,15,4,0.00213878,0.02046539,1.00000000,0E-8,0.000000,0.887826,0.024664,-0.98163411,2026-04-25,2026-08-01,17,200,141,99,0.171717,0.316504,0.317966,0.007129,,,,,,,,GLOBAL_BASELINE_NO_ENTITY_RANKING,,,NOT_APPLICABLE_GLOBAL_BASELINE,HF9g-P5,,,,X 全窗基线 · 不参与实体赏罚,15057823,1506,A168_HF9F_20260827_0900,2026-08-27 09:00:00
2026-05-13,140903079,2222,0,2811.5402915351,-1081.3616505905,-1081.3616505905,0.5000000,3,2,0.46008382999999632,0.400287425000,0.1132614739916605,0.2878109933178697,0.1132614739916605,0.05979640499999632,ELIGIBLE,R03b_20260811_FULL_v1,L1_ELIGIBILITY,v2026-08-11,2026-03-21..2026-08-06,baccarat_bet02_101_all_pairs_incl_sentinel,round_win = game_pnl > 0 (decisive only),COMPATIBILITY_ONLY_NOT_PRODUCTION,489269.2425,434385.7699,10013.0874,446,443,-0.02046539,-1.00000000,-0.01836589,-0.02046539,-10013.0874,489269.2425,OK,0.0000,500.6544,5.0000,95.0000,AG03-UNRESOLVED,ALL5_LEVELS_bet23_to_bet27,500.6544,500.6544,500.6544,600.7852,801.0470,5.000000,5.000000,5.000000,6.000000,8.000000,95.000000,95.000000,95.000000,94.000000,92.000000,5.0,2903.7953,2588.8046,7109.2920,7424.2827,PENDING_AG03,FALSE,NOT_FOR_ENFORCEMENT,9512.4330,412666.4814,10013.0874,9512.4330,500.6544,0.02046539,0.01944212,500.6544,9512.4330,0.01944212,500.6544,500.6544,500.6544,600.7852,801.0470,9512.4330,0.01944212,2903.7953,2588.8046,7109.2920,7424.2827,0.01453043,0.01517423,0.00102327,1097.0162,980.5548,22.6029,589.0051,50.0654,28780.5437,26.0588,348.8137,1102.0831,322.9557,648.817,1291.8228,2162.7234,4064.8804,6488.1699,605.5625,0.0,6.265064,10.0,1.690794,29,98,15,4,0.00213878,0.02046539,1.00000000,0E-8,0.000000,0.887826,0.024664,-0.98163411,2026-04-25,2026-08-01,17,200,141,99,0.171717,0.316504,0.317966,0.007129,,,,,,,,GLOBAL_BASELINE_NO_ENTITY_RANKING,,,NOT_APPLICABLE_GLOBAL_BASELINE,HF9g-P5,,,,X 全窗基线 · 不参与实体赏罚,15057824,1506,A168_HF9F_20260827_0900,2026-08-27 09:00:00
2026-05-13,140903079,2234,0,4546.0443790821,-4546.0443790821,-4546.0443790821,0E-7,2,2,0.49324550000000000,0.493245500000,-1.3952362676504506,-1.3952362676504506,-1.3952362676504506,0E-17,ELIGIBLE,R03b_20260811_FULL_v1,L1_ELIGIBILITY,v2026-08-11,2026-03-21..2026-08-06,baccarat_bet02_101_all_pairs_incl_sentinel,round_win = game_pnl > 0 (decisive only),COMPATIBILITY_ONLY_NOT_PRODUCTION,489269.2425,434385.7699,10013.0874,446,443,-0.02046539,-1.00000000,-0.01836589,-0.02046539,-10013.0874,489269.2425,OK,0.0000,500.6544,5.0000,95.0000,AG03-UNRESOLVED,ALL5_LEVELS_bet23_to_bet27,500.6544,500.6544,500.6544,600.7852,801.0470,5.000000,5.000000,5.000000,6.000000,8.000000,95.000000,95.000000,95.000000,94.000000,92.000000,5.0,2903.7953,2588.8046,7109.2920,7424.2827,PENDING_AG03,FALSE,NOT_FOR_ENFORCEMENT,9512.4330,412666.4814,10013.0874,9512.4330,500.6544,0.02046539,0.01944212,500.6544,9512.4330,0.01944212,500.6544,500.6544,500.6544,600.7852,801.0470,9512.4330,0.01944212,2903.7953,2588.8046,7109.2920,7424.2827,0.01453043,0.01517423,0.00102327,1097.0162,980.5548,22.6029,589.0051,50.0654,28780.5437,26.0588,348.8137,1102.0831,322.9557,648.817,1291.8228,2162.7234,4064.8804,6488.1699,605.5625,0.0,6.265064,10.0,1.690794,29,98,15,4,0.00213878,0.02046539,1.00000000,0E-8,0.000000,0.887826,0.024664,-0.98163411,2026-04-25,2026-08-01,17,200,141,99,0.171717,0.316504,0.317966,0.007129,,,,,,,,GLOBAL_BASELINE_NO_ENTITY_RANKING,,,NOT_APPLICABLE_GLOBAL_BASELINE,HF9g-P5,,,,X 全窗基线 · 不参与实体赏罚,15057825,1506,A168_HF9F_20260827_0900,2026-08-27 09:00:00
2026-05-13,140903079,2239,0,14944.4180111595,-401.1851723691,-401.1851723691,0.5000000,5,5,0.50128862000000000,0.501288620000,-0.0051544971185412255,-0.0051544971185412255,-0.0051544971185412255,0E-17,ELIGIBLE,R03b_20260811_FULL_v1,L1_ELIGIBILITY,v2026-08-11,2026-03-21..2026-08-06,baccarat_bet02_101_all_pairs_incl_sentinel,round_win = game_pnl > 0 (decisive only),COMPATIBILITY_ONLY_NOT_PRODUCTION,489269.2425,434385.7699,10013.0874,446,443,-0.02046539,-1.00000000,-0.01836589,-0.02046539,-10013.0874,489269.2425,OK,0.0000,500.6544,5.0000,95.0000,AG03-UNRESOLVED,ALL5_LEVELS_bet23_to_bet27,500.6544,500.6544,500.6544,600.7852,801.0470,5.000000,5.000000,5.000000,6.000000,8.000000,95.000000,95.000000,95.000000,94.000000,92.000000,5.0,2903.7953,2588.8046,7109.2920,7424.2827,PENDING_AG03,FALSE,NOT_FOR_ENFORCEMENT,9512.4330,412666.4814,10013.0874,9512.4330,500.6544,0.02046539,0.01944212,500.6544,9512.4330,0.01944212,500.6544,500.6544,500.6544,600.7852,801.0470,9512.4330,0.01944212,2903.7953,2588.8046,7109.2920,7424.2827,0.01453043,0.01517423,0.00102327,1097.0162,980.5548,22.6029,589.0051,50.0654,28780.5437,26.0588,348.8137,1102.0831,322.9557,648.817,1291.8228,2162.7234,4064.8804,6488.1699,605.5625,0.0,6.265064,10.0,1.690794,29,98,15,4,0.00213878,0.02046539,1.00000000,0E-8,0.000000,0.887826,0.024664,-0.98163411,2026-04-25,2026-08-01,17,200,141,99,0.171717,0.316504,0.317966,0.007129,,,,,,,,GLOBAL_BASELINE_NO_ENTITY_RANKING,,,NOT_APPLICABLE_GLOBAL_BASELINE,HF9g-P5,,,,X 全窗基线 · 不参与实体赏罚,15057826,1506,A168_HF9F_20260827_0900,2026-08-27 09:00:00
2026-05-13,140903079,2258,0,2357.3683982871,672.6069466673,672.6069466673,0.6666667,4,4,0.50329940000000000,0.503299400000,0.5659331339966515,0.5659331339966515,0.5659331339966515,0E-17,ELIGIBLE,R03b_20260811_FULL_v1,L1_ELIGIBILITY,v2026-08-11,2026-03-21..2026-08-06,baccarat_bet02_101_all_pairs_incl_sentinel,round_win = game_pnl > 0 (decisive only),COMPATIBILITY_ONLY_NOT_PRODUCTION,489269.2425,434385.7699,10013.0874,446,443,-0.02046539,-1.00000000,-0.01836589,-0.02046539,-10013.0874,489269.2425,OK,0.0000,500.6544,5.0000,95.0000,AG03-UNRESOLVED,ALL5_LEVELS_bet23_to_bet27,500.6544,500.6544,500.6544,600.7852,801.0470,5.000000,5.000000,5.000000,6.000000,8.000000,95.000000,95.000000,95.000000,94.000000,92.000000,5.0,2903.7953,2588.8046,7109.2920,7424.2827,PENDING_AG03,FALSE,NOT_FOR_ENFORCEMENT,9512.4330,412666.4814,10013.0874,9512.4330,500.6544,0.02046539,0.01944212,500.6544,9512.4330,0.01944212,500.6544,500.6544,500.6544,600.7852,801.0470,9512.4330,0.01944212,2903.7953,2588.8046,7109.2920,7424.2827,0.01453043,0.01517423,0.00102327,1097.0162,980.5548,22.6029,589.0051,50.0654,28780.5437,26.0588,348.8137,1102.0831,322.9557,648.817,1291.8228,2162.7234,4064.8804,6488.1699,605.5625,0.0,6.265064,10.0,1.690794,29,98,15,4,0.00213878,0.02046539,1.00000000,0E-8,0.000000,0.887826,0.024664,-0.98163411,2026-04-25,2026-08-01,17,200,141,99,0.171717,0.316504,0.317966,0.007129,,,,,,,,GLOBAL_BASELINE_NO_ENTITY_RANKING,,,NOT_APPLICABLE_GLOBAL_BASELINE,HF9g-P5,,,,X 全窗基线 · 不参与实体赏罚,15057827,1506,A168_HF9F_20260827_0900,2026-08-27 09:00:00
2026-05-13,140903079,2266,0,16350.1881569271,16350.1881569271,16350.1881569271,1.0000000,3,3,0.49324550000000000,0.493245500000,1.755609282511032,1.7556092825110319,1.755609282511032,0E-17,ELIGIBLE,R03b_20260811_FULL_v1,L1_ELIGIBILITY,v2026-08-11,2026-03-21..2026-08-06,baccarat_bet02_101_all_pairs_incl_sentinel,round_win = game_pnl > 0 (decisive only),COMPATIBILITY_ONLY_NOT_PRODUCTION,489269.2425,434385.7699,10013.0874,446,443,-0.02046539,-1.00000000,-0.01836589,-0.02046539,-10013.0874,489269.2425,OK,0.0000,500.6544,5.0000,95.0000,AG03-UNRESOLVED,ALL5_LEVELS_bet23_to_bet27,500.6544,500.6544,500.6544,600.7852,801.0470,5.000000,5.000000,5.000000,6.000000,8.000000,95.000000,95.000000,95.000000,94.000000,92.000000,5.0,2903.7953,2588.8046,7109.2920,7424.2827,PENDING_AG03,FALSE,NOT_FOR_ENFORCEMENT,9512.4330,412666.4814,10013.0874,9512.4330,500.6544,0.02046539,0.01944212,500.6544,9512.4330,0.01944212,500.6544,500.6544,500.6544,600.7852,801.0470,9512.4330,0.01944212,2903.7953,2588.8046,7109.2920,7424.2827,0.01453043,0.01517423,0.00102327,1097.0162,980.5548,22.6029,589.0051,50.0654,28780.5437,26.0588,348.8137,1102.0831,322.9557,648.817,1291.8228,2162.7234,4064.8804,6488.1699,605.5625,0.0,6.265064,10.0,1.690794,29,98,15,4,0.00213878,0.02046539,1.00000000,0E-8,0.000000,0.887826,0.024664,-0.98163411,2026-04-25,2026-08-01,17,200,141,99,0.171717,0.316504,0.317966,0.007129,,,,,,,,GLOBAL_BASELINE_NO_ENTITY_RANKING,,,NOT_APPLICABLE_GLOBAL_BASELINE,HF9g-P5,,,,X 全窗基线 · 不参与实体赏罚,15057828,1506,A168_HF9F_20260827_0900,2026-08-27 09:00:00
2026-05-13,140903079,2271,0,4325.4466023616,-2162.7233011808,-2162.7233011808,0E-7,2,2,0.50665070000000000,0.506650700000,-1.013391052207602,-1.013391052207602,-1.013391052207602,0E-17,ELIGIBLE,R03b_20260811_FULL_v1,L1_ELIGIBILITY,v2026-08-11,2026-03-21..2026-08-06,baccarat_bet02_101_all_pairs_incl_sentinel,round_win = game_pnl > 0 (decisive only),COMPATIBILITY_ONLY_NOT_PRODUCTION,489269.2425,434385.7699,10013.0874,446,443,-0.02046539,-1.00000000,-0.01836589,-0.02046539,-10013.0874,489269.2425,OK,0.0000,500.6544,5.0000,95.0000,AG03-UNRESOLVED,ALL5_LEVELS_bet23_to_bet27,500.6544,500.6544,500.6544,600.7852,801.0470,5.000000,5.000000,5.000000,6.000000,8.000000,95.000000,95.000000,95.000000,94.000000,92.000000,5.0,2903.7953,2588.8046,7109.2920,7424.2827,PENDING_AG03,FALSE,NOT_FOR_ENFORCEMENT,9512.4330,412666.4814,10013.0874,9512.4330,500.6544,0.02046539,0.01944212,500.6544,9512.4330,0.01944212,500.6544,500.6544,500.6544,600.7852,801.0470,9512.4330,0.01944212,2903.7953,2588.8046,7109.2920,7424.2827,0.01453043,0.01517423,0.00102327,1097.0162,980.5548,22.6029,589.0051,50.0654,28780.5437,26.0588,348.8137,1102.0831,322.9557,648.817,1291.8228,2162.7234,4064.8804,6488.1699,605.5625,0.0,6.265064,10.0,1.690794,29,98,15,4,0.00213878,0.02046539,1.00000000,0E-8,0.000000,0.887826,0.024664,-0.98163411,2026-04-25,2026-08-01,17,200,141,99,0.171717,0.316504,0.317966,0.007129,,,,,,,,GLOBAL_BASELINE_NO_ENTITY_RANKING,,,NOT_APPLICABLE_GLOBAL_BASELINE,HF9g-P5,,,,X 全窗基线 · 不参与实体赏罚,15057829,1506,A168_HF9F_20260827_0900,2026-08-27 09:00:00
2026-05-13,140903079,526,0,4325.4466023617,0E-10,0E-10,,1,1,0.49324550000000000,0.493245500000,,,,0E-17,NO_DECISIVE_ROUND,R03b_20260811_FULL_v1,L1_ELIGIBILITY,v2026-08-11,2026-03-21..2026-08-06,baccarat_bet02_101_all_pairs_incl_sentinel,round_win = game_pnl > 0 (decisive only),COMPATIBILITY_ONLY_NOT_PRODUCTION,489269.2425,434385.7699,10013.0874,446,443,-0.02046539,-1.00000000,-0.01836589,-0.02046539,-10013.0874,489269.2425,OK,0.0000,500.6544,5.0000,95.0000,AG03-UNRESOLVED,ALL5_LEVELS_bet23_to_bet27,500.6544,500.6544,500.6544,600.7852,801.0470,5.000000,5.000000,5.000000,6.000000,8.000000,95.000000,95.000000,95.000000,94.000000,92.000000,5.0,2903.7953,2588.8046,7109.2920,7424.2827,PENDING_AG03,FALSE,NOT_FOR_ENFORCEMENT,9512.4330,412666.4814,10013.0874,9512.4330,500.6544,0.02046539,0.01944212,500.6544,9512.4330,0.01944212,500.6544,500.6544,500.6544,600.7852,801.0470,9512.4330,0.01944212,2903.7953,2588.8046,7109.2920,7424.2827,0.01453043,0.01517423,0.00102327,1097.0162,980.5548,22.6029,589.0051,50.0654,28780.5437,26.0588,348.8137,1102.0831,322.9557,648.817,1291.8228,2162.7234,4064.8804,6488.1699,605.5625,0.0,6.265064,10.0,1.690794,29,98,15,4,0.00213878,0.02046539,1.00000000,0E-8,0.000000,0.887826,0.024664,-0.98163411,2026-04-25,2026-08-01,17,200,141,99,0.171717,0.316504,0.317966,0.007129,,,,,,,,GLOBAL_BASELINE_NO_ENTITY_RANKING,,,NOT_APPLICABLE_GLOBAL_BASELINE,HF9g-P5,,,,X 全窗基线 · 不参与实体赏罚,15057830,1506,A168_HF9F_20260827_0900,2026-08-27 09:00:00
2026-05-13,140903079,595,0,6490.1163545136,-6490.1163545136,-6490.1163545136,0E-7,2,2,0.49994810000000000,0.499948100000,-1.4140667746232096,-1.4140667746232096,-1.4140667746232096,0E-17,ELIGIBLE,R03b_20260811_FULL_v1,L1_ELIGIBILITY,v2026-08-11,2026-03-21..2026-08-06,baccarat_bet02_101_all_pairs_incl_sentinel,round_win = game_pnl > 0 (decisive only),COMPATIBILITY_ONLY_NOT_PRODUCTION,489269.2425,434385.7699,10013.0874,446,443,-0.02046539,-1.00000000,-0.01836589,-0.02046539,-10013.0874,489269.2425,OK,0.0000,500.6544,5.0000,95.0000,AG03-UNRESOLVED,ALL5_LEVELS_bet23_to_bet27,500.6544,500.6544,500.6544,600.7852,801.0470,5.000000,5.000000,5.000000,6.000000,8.000000,95.000000,95.000000,95.000000,94.000000,92.000000,5.0,2903.7953,2588.8046,7109.2920,7424.2827,PENDING_AG03,FALSE,NOT_FOR_ENFORCEMENT,9512.4330,412666.4814,10013.0874,9512.4330,500.6544,0.02046539,0.01944212,500.6544,9512.4330,0.01944212,500.6544,500.6544,500.6544,600.7852,801.0470,9512.4330,0.01944212,2903.7953,2588.8046,7109.2920,7424.2827,0.01453043,0.01517423,0.00102327,1097.0162,980.5548,22.6029,589.0051,50.0654,28780.5437,26.0588,348.8137,1102.0831,322.9557,648.817,1291.8228,2162.7234,4064.8804,6488.1699,605.5625,0.0,6.265064,10.0,1.690794,29,98,15,4,0.00213878,0.02046539,1.00000000,0E-8,0.000000,0.887826,0.024664,-0.98163411,2026-04-25,2026-08-01,17,200,141,99,0.171717,0.316504,0.317966,0.007129,,,,,,,,GLOBAL_BASELINE_NO_ENTITY_RANKING,,,NOT_APPLICABLE_GLOBAL_BASELINE,HF9g-P5,,,,X 全窗基线 · 不参与实体赏罚,15057831,1506,A168_HF9F_20260827_0900,2026-08-27 09:00:00
2026-05-13,140903079,986,0,3244.0849517712,173.0178640944,173.0178640944,0.5000000,5,4,0.48001596499999816,0.450117762500,0.08000006345425051,0.2005293749887908,0.08000006345425051,0.02989820249999816,ELIGIBLE,R03b_20260811_FULL_v1,L1_ELIGIBILITY,v2026-08-11,2026-03-21..2026-08-06,baccarat_bet02_101_all_pairs_incl_sentinel,round_win = game_pnl > 0 (decisive only),COMPATIBILITY_ONLY_NOT_PRODUCTION,489269.2425,434385.7699,10013.0874,446,443,-0.02046539,-1.00000000,-0.01836589,-0.02046539,-10013.0874,489269.2425,OK,0.0000,500.6544,5.0000,95.0000,AG03-UNRESOLVED,ALL5_LEVELS_bet23_to_bet27,500.6544,500.6544,500.6544,600.7852,801.0470,5.000000,5.000000,5.000000,6.000000,8.000000,95.000000,95.000000,95.000000,94.000000,92.000000,5.0,2903.7953,2588.8046,7109.2920,7424.2827,PENDING_AG03,FALSE,NOT_FOR_ENFORCEMENT,9512.4330,412666.4814,10013.0874,9512.4330,500.6544,0.02046539,0.01944212,500.6544,9512.4330,0.01944212,500.6544,500.6544,500.6544,600.7852,801.0470,9512.4330,0.01944212,2903.7953,2588.8046,7109.2920,7424.2827,0.01453043,0.01517423,0.00102327,1097.0162,980.5548,22.6029,589.0051,50.0654,28780.5437,26.0588,348.8137,1102.0831,322.9557,648.817,1291.8228,2162.7234,4064.8804,6488.1699,605.5625,0.0,6.265064,10.0,1.690794,29,98,15,4,0.00213878,0.02046539,1.00000000,0E-8,0.000000,0.887826,0.024664,-0.98163411,2026-04-25,2026-08-01,17,200,141,99,0.171717,0.316504,0.317966,0.007129,,,,,,,,GLOBAL_BASELINE_NO_ENTITY_RANKING,,,NOT_APPLICABLE_GLOBAL_BASELINE,HF9g-P5,,,,X 全窗基线 · 不参与实体赏罚,15057832,1506,A168_HF9F_20260827_0900,2026-08-27 09:00:00
2026-05-15,140903079,-1,1,648.8169903543,-216.2723301181,-216.2723301181,0.5000000,2,2,0.49994810000000000,0.499948100000,0.00014679536856514622,0.00014679536856514622,0.00014679536856514622,0E-17,SENTINEL_DEALER,R03b_20260811_FULL_v1,L1_ELIGIBILITY,v2026-08-11,2026-03-21..2026-08-06,baccarat_bet02_101_all_pairs_incl_sentinel,round_win = game_pnl > 0 (decisive only),COMPATIBILITY_ONLY_NOT_PRODUCTION,489269.2425,434385.7699,10013.0874,446,443,-0.02046539,-1.00000000,-0.01836589,-0.02046539,-10013.0874,489269.2425,OK,0.0000,500.6544,5.0000,95.0000,AG03-UNRESOLVED,ALL5_LEVELS_bet23_to_bet27,500.6544,500.6544,500.6544,600.7852,801.0470,5.000000,5.000000,5.000000,6.000000,8.000000,95.000000,95.000000,95.000000,94.000000,92.000000,5.0,2903.7953,2588.8046,7109.2920,7424.2827,PENDING_AG03,FALSE,NOT_FOR_ENFORCEMENT,9512.4330,412666.4814,10013.0874,9512.4330,500.6544,0.02046539,0.01944212,500.6544,9512.4330,0.01944212,500.6544,500.6544,500.6544,600.7852,801.0470,9512.4330,0.01944212,2903.7953,2588.8046,7109.2920,7424.2827,0.01453043,0.01517423,0.00102327,1097.0162,980.5548,22.6029,589.0051,50.0654,28780.5437,26.0588,348.8137,1102.0831,322.9557,648.817,1291.8228,2162.7234,4064.8804,6488.1699,605.5625,0.0,6.265064,10.0,1.690794,29,98,15,4,0.00213878,0.02046539,1.00000000,0E-8,0.000000,0.887826,0.024664,-0.98163411,2026-04-25,2026-08-01,17,200,141,99,0.171717,0.316504,0.317966,0.007129,,,,,,,,GLOBAL_BASELINE_NO_ENTITY_RANKING,,,NOT_APPLICABLE_GLOBAL_BASELINE,HF9g-P5,,,,X 全窗基线 · 不参与实体赏罚,15057833,1506,A168_HF9F_20260827_0900,2026-08-27 09:00:00
2026-05-15,140903079,1654,0,847.7875340629,-847.7875340629,-847.7875340629,0E-7,1,1,0.50665070000000000,0.506650700000,-1.013391052207602,-1.013391052207602,-1.013391052207602,0E-17,ELIGIBLE,R03b_20260811_FULL_v1,L1_ELIGIBILITY,v2026-08-11,2026-03-21..2026-08-06,baccarat_bet02_101_all_pairs_incl_sentinel,round_win = game_pnl > 0 (decisive only),COMPATIBILITY_ONLY_NOT_PRODUCTION,489269.2425,434385.7699,10013.0874,446,443,-0.02046539,-1.00000000,-0.01836589,-0.02046539,-10013.0874,489269.2425,OK,0.0000,500.6544,5.0000,95.0000,AG03-UNRESOLVED,ALL5_LEVELS_bet23_to_bet27,500.6544,500.6544,500.6544,600.7852,801.0470,5.000000,5.000000,5.000000,6.000000,8.000000,95.000000,95.000000,95.000000,94.000000,92.000000,5.0,2903.7953,2588.8046,7109.2920,7424.2827,PENDING_AG03,FALSE,NOT_FOR_ENFORCEMENT,9512.4330,412666.4814,10013.0874,9512.4330,500.6544,0.02046539,0.01944212,500.6544,9512.4330,0.01944212,500.6544,500.6544,500.6544,600.7852,801.0470,9512.4330,0.01944212,2903.7953,2588.8046,7109.2920,7424.2827,0.01453043,0.01517423,0.00102327,1097.0162,980.5548,22.6029,589.0051,50.0654,28780.5437,26.0588,348.8137,1102.0831,322.9557,648.817,1291.8228,2162.7234,4064.8804,6488.1699,605.5625,0.0,6.265064,10.0,1.690794,29,98,15,4,0.00213878,0.02046539,1.00000000,0E-8,0.000000,0.887826,0.024664,-0.98163411,2026-04-25,2026-08-01,17,200,141,99,0.171717,0.316504,0.317966,0.007129,,,,,,,,GLOBAL_BASELINE_NO_ENTITY_RANKING,,,NOT_APPLICABLE_GLOBAL_BASELINE,HF9g-P5,,,,X 全窗基线 · 不参与实体赏罚,15057834,1506,A168_HF9F_20260827_0900,2026-08-27 09:00:00
2026-05-15,140903079,2107,0,1496.6045244171,-8.6508932048,-8.6508932048,0.3333333,4,4,0.40028742500000000,0.400287425000,-0.23669015754573958,-0.2366901575457396,-0.23669015754573958,0E-17,ELIGIBLE,R03b_20260811_FULL_v1,L1_ELIGIBILITY,v2026-08-11,2026-03-21..2026-08-06,baccarat_bet02_101_all_pairs_incl_sentinel,round_win = game_pnl > 0 (decisive only),COMPATIBILITY_ONLY_NOT_PRODUCTION,489269.2425,434385.7699,10013.0874,446,443,-0.02046539,-1.00000000,-0.01836589,-0.02046539,-10013.0874,489269.2425,OK,0.0000,500.6544,5.0000,95.0000,AG03-UNRESOLVED,ALL5_LEVELS_bet23_to_bet27,500.6544,500.6544,500.6544,600.7852,801.0470,5.000000,5.000000,5.000000,6.000000,8.000000,95.000000,95.000000,95.000000,94.000000,92.000000,5.0,2903.7953,2588.8046,7109.2920,7424.2827,PENDING_AG03,FALSE,NOT_FOR_ENFORCEMENT,9512.4330,412666.4814,10013.0874,9512.4330,500.6544,0.02046539,0.01944212,500.6544,9512.4330,0.01944212,500.6544,500.6544,500.6544,600.7852,801.0470,9512.4330,0.01944212,2903.7953,2588.8046,7109.2920,7424.2827,0.01453043,0.01517423,0.00102327,1097.0162,980.5548,22.6029,589.0051,50.0654,28780.5437,26.0588,348.8137,1102.0831,322.9557,648.817,1291.8228,2162.7234,4064.8804,6488.1699,605.5625,0.0,6.265064,10.0,1.690794,29,98,15,4,0.00213878,0.02046539,1.00000000,0E-8,0.000000,0.887826,0.024664,-0.98163411,2026-04-25,2026-08-01,17,200,141,99,0.171717,0.316504,0.317966,0.007129,,,,,,,,GLOBAL_BASELINE_NO_ENTITY_RANKING,,,NOT_APPLICABLE_GLOBAL_BASELINE,HF9g-P5,,,,X 全窗基线 · 不参与实体赏罚,15057835,1506,A168_HF9F_20260827_0900,2026-08-27 09:00:00
2026-05-15,140903079,462,0,432.5446602362,410.9174272244,410.9174272244,1.0000000,1,1,0.50665070000000000,0.506650700000,0.9867858985152569,0.9867858985152569,0.9867858985152569,0E-17,ELIGIBLE,R03b_20260811_FULL_v1,L1_ELIGIBILITY,v2026-08-11,2026-03-21..2026-08-06,baccarat_bet02_101_all_pairs_incl_sentinel,round_win = game_pnl > 0 (decisive only),COMPATIBILITY_ONLY_NOT_PRODUCTION,489269.2425,434385.7699,10013.0874,446,443,-0.02046539,-1.00000000,-0.01836589,-0.02046539,-10013.0874,489269.2425,OK,0.0000,500.6544,5.0000,95.0000,AG03-UNRESOLVED,ALL5_LEVELS_bet23_to_bet27,500.6544,500.6544,500.6544,600.7852,801.0470,5.000000,5.000000,5.000000,6.000000,8.000000,95.000000,95.000000,95.000000,94.000000,92.000000,5.0,2903.7953,2588.8046,7109.2920,7424.2827,PENDING_AG03,FALSE,NOT_FOR_ENFORCEMENT,9512.4330,412666.4814,10013.0874,9512.4330,500.6544,0.02046539,0.01944212,500.6544,9512.4330,0.01944212,500.6544,500.6544,500.6544,600.7852,801.0470,9512.4330,0.01944212,2903.7953,2588.8046,7109.2920,7424.2827,0.01453043,0.01517423,0.00102327,1097.0162,980.5548,22.6029,589.0051,50.0654,28780.5437,26.0588,348.8137,1102.0831,322.9557,648.817,1291.8228,2162.7234,4064.8804,6488.1699,605.5625,0.0,6.265064,10.0,1.690794,29,98,15,4,0.00213878,0.02046539,1.00000000,0E-8,0.000000,0.887826,0.024664,-0.98163411,2026-04-25,2026-08-01,17,200,141,99,0.171717,0.316504,0.317966,0.007129,,,,,,,,GLOBAL_BASELINE_NO_ENTITY_RANKING,,,NOT_APPLICABLE_GLOBAL_BASELINE,HF9g-P5,,,,X 全窗基线 · 不参与实体赏罚,15057836,1506,A168_HF9F_20260827_0900,2026-08-27 09:00:00
2026-05-17,140903079,-1,1,2372.5074613954,168.6924174921,168.6924174921,0.4000000,6,6,0.50441650000000000,0.504416500000,-0.466983001748531,-0.466983001748531,-0.466983001748531,0E-17,SENTINEL_DEALER,R03b_20260811_FULL_v1,L1_ELIGIBILITY,v2026-08-11,2026-03-21..2026-08-06,baccarat_bet02_101_all_pairs_incl_sentinel,round_win = game_pnl > 0 (decisive only),COMPATIBILITY_ONLY_NOT_PRODUCTION,489269.2425,434385.7699,10013.0874,446,443,-0.02046539,-1.00000000,-0.01836589,-0.02046539,-10013.0874,489269.2425,OK,0.0000,500.6544,5.0000,95.0000,AG03-UNRESOLVED,ALL5_LEVELS_bet23_to_bet27,500.6544,500.6544,500.6544,600.7852,801.0470,5.000000,5.000000,5.000000,6.000000,8.000000,95.000000,95.000000,95.000000,94.000000,92.000000,5.0,2903.7953,2588.8046,7109.2920,7424.2827,PENDING_AG03,FALSE,NOT_FOR_ENFORCEMENT,9512.4330,412666.4814,10013.0874,9512.4330,500.6544,0.02046539,0.01944212,500.6544,9512.4330,0.01944212,500.6544,500.6544,500.6544,600.7852,801.0470,9512.4330,0.01944212,2903.7953,2588.8046,7109.2920,7424.2827,0.01453043,0.01517423,0.00102327,1097.0162,980.5548,22.6029,589.0051,50.0654,28780.5437,26.0588,348.8137,1102.0831,322.9557,648.817,1291.8228,2162.7234,4064.8804,6488.1699,605.5625,0.0,6.265064,10.0,1.690794,29,98,15,4,0.00213878,0.02046539,1.00000000,0E-8,0.000000,0.887826,0.024664,-0.98163411,2026-04-25,2026-08-01,17,200,141,99,0.171717,0.316504,0.317966,0.007129,,,,,,,,GLOBAL_BASELINE_NO_ENTITY_RANKING,,,NOT_APPLICABLE_GLOBAL_BASELINE,HF9g-P5,,,,X 全窗基线 · 不参与实体赏罚,15057837,1506,A168_HF9F_20260827_0900,2026-08-27 09:00:00
2026-05-17,140903079,1318,0,173.0178640945,-173.0178640945,-173.0178640945,0E-7,1,1,0.50665070000000000,0.506650700000,-1.013391052207602,-1.013391052207602,-1.013391052207602,0E-17,ELIGIBLE,R03b_20260811_FULL_v1,L1_ELIGIBILITY,v2026-08-11,2026-03-21..2026-08-06,baccarat_bet02_101_all_pairs_incl_sentinel,round_win = game_pnl > 0 (decisive only),COMPATIBILITY_ONLY_NOT_PRODUCTION,489269.2425,434385.7699,10013.0874,446,443,-0.02046539,-1.00000000,-0.01836589,-0.02046539,-10013.0874,489269.2425,OK,0.0000,500.6544,5.0000,95.0000,AG03-UNRESOLVED,ALL5_LEVELS_bet23_to_bet27,500.6544,500.6544,500.6544,600.7852,801.0470,5.000000,5.000000,5.000000,6.000000,8.000000,95.000000,95.000000,95.000000,94.000000,92.000000,5.0,2903.7953,2588.8046,7109.2920,7424.2827,PENDING_AG03,FALSE,NOT_FOR_ENFORCEMENT,9512.4330,412666.4814,10013.0874,9512.4330,500.6544,0.02046539,0.01944212,500.6544,9512.4330,0.01944212,500.6544,500.6544,500.6544,600.7852,801.0470,9512.4330,0.01944212,2903.7953,2588.8046,7109.2920,7424.2827,0.01453043,0.01517423,0.00102327,1097.0162,980.5548,22.6029,589.0051,50.0654,28780.5437,26.0588,348.8137,1102.0831,322.9557,648.817,1291.8228,2162.7234,4064.8804,6488.1699,605.5625,0.0,6.265064,10.0,1.690794,29,98,15,4,0.00213878,0.02046539,1.00000000,0E-8,0.000000,0.887826,0.024664,-0.98163411,2026-04-25,2026-08-01,17,200,141,99,0.171717,0.316504,0.317966,0.007129,,,,,,,,GLOBAL_BASELINE_NO_ENTITY_RANKING,,,NOT_APPLICABLE_GLOBAL_BASELINE,HF9g-P5,,,,X 全窗基线 · 不参与实体赏罚,15057838,1506,A168_HF9F_20260827_0900,2026-08-27 09:00:00
2026-05-17,140903079,1704,0,216.2723301181,216.2723301181,216.2723301181,1.0000000,1,1,0.49324550000000000,0.493245500000,1.01360149184955,1.01360149184955,1.01360149184955,0E-17,ELIGIBLE,R03b_20260811_FULL_v1,L1_ELIGIBILITY,v2026-08-11,2026-03-21..2026-08-06,baccarat_bet02_101_all_pairs_incl_sentinel,round_win = game_pnl > 0 (decisive only),COMPATIBILITY_ONLY_NOT_PRODUCTION,489269.2425,434385.7699,10013.0874,446,443,-0.02046539,-1.00000000,-0.01836589,-0.02046539,-10013.0874,489269.2425,OK,0.0000,500.6544,5.0000,95.0000,AG03-UNRESOLVED,ALL5_LEVELS_bet23_to_bet27,500.6544,500.6544,500.6544,600.7852,801.0470,5.000000,5.000000,5.000000,6.000000,8.000000,95.000000,95.000000,95.000000,94.000000,92.000000,5.0,2903.7953,2588.8046,7109.2920,7424.2827,PENDING_AG03,FALSE,NOT_FOR_ENFORCEMENT,9512.4330,412666.4814,10013.0874,9512.4330,500.6544,0.02046539,0.01944212,500.6544,9512.4330,0.01944212,500.6544,500.6544,500.6544,600.7852,801.0470,9512.4330,0.01944212,2903.7953,2588.8046,7109.2920,7424.2827,0.01453043,0.01517423,0.00102327,1097.0162,980.5548,22.6029,589.0051,50.0654,28780.5437,26.0588,348.8137,1102.0831,322.9557,648.817,1291.8228,2162.7234,4064.8804,6488.1699,605.5625,0.0,6.265064,10.0,1.690794,29,98,15,4,0.00213878,0.02046539,1.00000000,0E-8,0.000000,0.887826,0.024664,-0.98163411,2026-04-25,2026-08-01,17,200,141,99,0.171717,0.316504,0.317966,0.007129,,,,,,,,GLOBAL_BASELINE_NO_ENTITY_RANKING,,,NOT_APPLICABLE_GLOBAL_BASELINE,HF9g-P5,,,,X 全窗基线 · 不参与实体赏罚,15057839,1506,A168_HF9F_20260827_0900,2026-08-27 09:00:00
2026-05-17,140903079,1947,0,648.8169903543,205.4587136122,205.4587136122,0.6666667,3,3,0.50218230000000000,0.502182300000,0.5697959874915163,0.5697959874915164,0.5697959874915163,0E-17,ELIGIBLE,R03b_20260811_FULL_v1,L1_ELIGIBILITY,v2026-08-11,2026-03-21..2026-08-06,baccarat_bet02_101_all_pairs_incl_sentinel,round_win = game_pnl > 0 (decisive only),COMPATIBILITY_ONLY_NOT_PRODUCTION,489269.2425,434385.7699,10013.0874,446,443,-0.02046539,-1.00000000,-0.01836589,-0.02046539,-10013.0874,489269.2425,OK,0.0000,500.6544,5.0000,95.0000,AG03-UNRESOLVED,ALL5_LEVELS_bet23_to_bet27,500.6544,500.6544,500.6544,600.7852,801.0470,5.000000,5.000000,5.000000,6.000000,8.000000,95.000000,95.000000,95.000000,94.000000,92.000000,5.0,2903.7953,2588.8046,7109.2920,7424.2827,PENDING_AG03,FALSE,NOT_FOR_ENFORCEMENT,9512.4330,412666.4814,10013.0874,9512.4330,500.6544,0.02046539,0.01944212,500.6544,9512.4330,0.01944212,500.6544,500.6544,500.6544,600.7852,801.0470,9512.4330,0.01944212,2903.7953,2588.8046,7109.2920,7424.2827,0.01453043,0.01517423,0.00102327,1097.0162,980.5548,22.6029,589.0051,50.0654,28780.5437,26.0588,348.8137,1102.0831,322.9557,648.817,1291.8228,2162.7234,4064.8804,6488.1699,605.5625,0.0,6.265064,10.0,1.690794,29,98,15,4,0.00213878,0.02046539,1.00000000,0E-8,0.000000,0.887826,0.024664,-0.98163411,2026-04-25,2026-08-01,17,200,141,99,0.171717,0.316504,0.317966,0.007129,,,,,,,,GLOBAL_BASELINE_NO_ENTITY_RANKING,,,NOT_APPLICABLE_GLOBAL_BASELINE,HF9g-P5,,,,X 全窗基线 · 不参与实体赏罚,15057840,1506,A168_HF9F_20260827_0900,2026-08-27 09:00:00
2026-05-17,140903079,2251,0,648.8169903543,-648.8169903543,-648.8169903543,0E-7,1,1,0.49324550000000000,0.493245500000,-0.9865810262130424,-0.9865810262130424,-0.9865810262130424,0E-17,ELIGIBLE,R03b_20260811_FULL_v1,L1_ELIGIBILITY,v2026-08-11,2026-03-21..2026-08-06,baccarat_bet02_101_all_pairs_incl_sentinel,round_win = game_pnl > 0 (decisive only),COMPATIBILITY_ONLY_NOT_PRODUCTION,489269.2425,434385.7699,10013.0874,446,443,-0.02046539,-1.00000000,-0.01836589,-0.02046539,-10013.0874,489269.2425,OK,0.0000,500.6544,5.0000,95.0000,AG03-UNRESOLVED,ALL5_LEVELS_bet23_to_bet27,500.6544,500.6544,500.6544,600.7852,801.0470,5.000000,5.000000,5.000000,6.000000,8.000000,95.000000,95.000000,95.000000,94.000000,92.000000,5.0,2903.7953,2588.8046,7109.2920,7424.2827,PENDING_AG03,FALSE,NOT_FOR_ENFORCEMENT,9512.4330,412666.4814,10013.0874,9512.4330,500.6544,0.02046539,0.01944212,500.6544,9512.4330,0.01944212,500.6544,500.6544,500.6544,600.7852,801.0470,9512.4330,0.01944212,2903.7953,2588.8046,7109.2920,7424.2827,0.01453043,0.01517423,0.00102327,1097.0162,980.5548,22.6029,589.0051,50.0654,28780.5437,26.0588,348.8137,1102.0831,322.9557,648.817,1291.8228,2162.7234,4064.8804,6488.1699,605.5625,0.0,6.265064,10.0,1.690794,29,98,15,4,0.00213878,0.02046539,1.00000000,0E-8,0.000000,0.887826,0.024664,-0.98163411,2026-04-25,2026-08-01,17,200,141,99,0.171717,0.316504,0.317966,0.007129,,,,,,,,GLOBAL_BASELINE_NO_ENTITY_RANKING,,,NOT_APPLICABLE_GLOBAL_BASELINE,HF9g-P5,,,,X 全窗基线 · 不参与实体赏罚,15057841,1506,A168_HF9F_20260827_0900,2026-08-27 09:00:00
2026-05-24,140903079,-1,1,1081.3616505905,-1081.3616505905,-1081.3616505905,0E-7,4,4,0.49324550000000000,0.493245500000,-1.973162052426085,-1.973162052426085,-1.973162052426085,0E-17,SENTINEL_DEALER,R03b_20260811_FULL_v1,L1_ELIGIBILITY,v2026-08-11,2026-03-21..2026-08-06,baccarat_bet02_101_all_pairs_incl_sentinel,round_win = game_pnl > 0 (decisive only),COMPATIBILITY_ONLY_NOT_PRODUCTION,489269.2425,434385.7699,10013.0874,446,443,-0.02046539,-1.00000000,-0.01836589,-0.02046539,-10013.0874,489269.2425,OK,0.0000,500.6544,5.0000,95.0000,AG03-UNRESOLVED,ALL5_LEVELS_bet23_to_bet27,500.6544,500.6544,500.6544,600.7852,801.0470,5.000000,5.000000,5.000000,6.000000,8.000000,95.000000,95.000000,95.000000,94.000000,92.000000,5.0,2903.7953,2588.8046,7109.2920,7424.2827,PENDING_AG03,FALSE,NOT_FOR_ENFORCEMENT,9512.4330,412666.4814,10013.0874,9512.4330,500.6544,0.02046539,0.01944212,500.6544,9512.4330,0.01944212,500.6544,500.6544,500.6544,600.7852,801.0470,9512.4330,0.01944212,2903.7953,2588.8046,7109.2920,7424.2827,0.01453043,0.01517423,0.00102327,1097.0162,980.5548,22.6029,589.0051,50.0654,28780.5437,26.0588,348.8137,1102.0831,322.9557,648.817,1291.8228,2162.7234,4064.8804,6488.1699,605.5625,0.0,6.265064,10.0,1.690794,29,98,15,4,0.00213878,0.02046539,1.00000000,0E-8,0.000000,0.887826,0.024664,-0.98163411,2026-04-25,2026-08-01,17,200,141,99,0.171717,0.316504,0.317966,0.007129,,,,,,,,GLOBAL_BASELINE_NO_ENTITY_RANKING,,,NOT_APPLICABLE_GLOBAL_BASELINE,HF9g-P5,,,,X 全窗基线 · 不参与实体赏罚,15057842,1506,A168_HF9F_20260827_0900,2026-08-27 09:00:00
2026-05-25,140903079,-1,1,654.2237986072,-221.6791383710,-221.6791383710,0.5000000,2,2,0.49994810000000000,0.499948100000,0.00014679536856514622,0.00014679536856514622,0.00014679536856514622,0E-17,SENTINEL_DEALER,R03b_20260811_FULL_v1,L1_ELIGIBILITY,v2026-08-11,2026-03-21..2026-08-06,baccarat_bet02_101_all_pairs_incl_sentinel,round_win = game_pnl > 0 (decisive only),COMPATIBILITY_ONLY_NOT_PRODUCTION,489269.2425,434385.7699,10013.0874,446,443,-0.02046539,-1.00000000,-0.01836589,-0.02046539,-10013.0874,489269.2425,OK,0.0000,500.6544,5.0000,95.0000,AG03-UNRESOLVED,ALL5_LEVELS_bet23_to_bet27,500.6544,500.6544,500.6544,600.7852,801.0470,5.000000,5.000000,5.000000,6.000000,8.000000,95.000000,95.000000,95.000000,94.000000,92.000000,5.0,2903.7953,2588.8046,7109.2920,7424.2827,PENDING_AG03,FALSE,NOT_FOR_ENFORCEMENT,9512.4330,412666.4814,10013.0874,9512.4330,500.6544,0.02046539,0.01944212,500.6544,9512.4330,0.01944212,500.6544,500.6544,500.6544,600.7852,801.0470,9512.4330,0.01944212,2903.7953,2588.8046,7109.2920,7424.2827,0.01453043,0.01517423,0.00102327,1097.0162,980.5548,22.6029,589.0051,50.0654,28780.5437,26.0588,348.8137,1102.0831,322.9557,648.817,1291.8228,2162.7234,4064.8804,6488.1699,605.5625,0.0,6.265064,10.0,1.690794,29,98,15,4,0.00213878,0.02046539,1.00000000,0E-8,0.000000,0.887826,0.024664,-0.98163411,2026-04-25,2026-08-01,17,200,141,99,0.171717,0.316504,0.317966,0.007129,,,,,,,,GLOBAL_BASELINE_NO_ENTITY_RANKING,,,NOT_APPLICABLE_GLOBAL_BASELINE,HF9g-P5,,,,X 全窗基线 · 不参与实体赏罚,15057843,1506,A168_HF9F_20260827_0900,2026-08-27 09:00:00
2026-05-25,140903079,1115,0,676.2835762793,21.6813010944,21.6813010944,0.5000000,4,4,0.50329940000000000,0.503299400000,-0.01319788734859681,-0.01319788734859681,-0.01319788734859681,0E-17,ELIGIBLE,R03b_20260811_FULL_v1,L1_ELIGIBILITY,v2026-08-11,2026-03-21..2026-08-06,baccarat_bet02_101_all_pairs_incl_sentinel,round_win = game_pnl > 0 (decisive only),COMPATIBILITY_ONLY_NOT_PRODUCTION,489269.2425,434385.7699,10013.0874,446,443,-0.02046539,-1.00000000,-0.01836589,-0.02046539,-10013.0874,489269.2425,OK,0.0000,500.6544,5.0000,95.0000,AG03-UNRESOLVED,ALL5_LEVELS_bet23_to_bet27,500.6544,500.6544,500.6544,600.7852,801.0470,5.000000,5.000000,5.000000,6.000000,8.000000,95.000000,95.000000,95.000000,94.000000,92.000000,5.0,2903.7953,2588.8046,7109.2920,7424.2827,PENDING_AG03,FALSE,NOT_FOR_ENFORCEMENT,9512.4330,412666.4814,10013.0874,9512.4330,500.6544,0.02046539,0.01944212,500.6544,9512.4330,0.01944212,500.6544,500.6544,500.6544,600.7852,801.0470,9512.4330,0.01944212,2903.7953,2588.8046,7109.2920,7424.2827,0.01453043,0.01517423,0.00102327,1097.0162,980.5548,22.6029,589.0051,50.0654,28780.5437,26.0588,348.8137,1102.0831,322.9557,648.817,1291.8228,2162.7234,4064.8804,6488.1699,605.5625,0.0,6.265064,10.0,1.690794,29,98,15,4,0.00213878,0.02046539,1.00000000,0E-8,0.000000,0.887826,0.024664,-0.98163411,2026-04-25,2026-08-01,17,200,141,99,0.171717,0.316504,0.317966,0.007129,,,,,,,,GLOBAL_BASELINE_NO_ENTITY_RANKING,,,NOT_APPLICABLE_GLOBAL_BASELINE,HF9g-P5,,,,X 全窗基线 · 不参与实体赏罚,15057844,1506,A168_HF9F_20260827_0900,2026-08-27 09:00:00
2026-05-25,140903079,1221,0,540.6808252952,-540.6808252952,-540.6808252952,0E-7,2,2,0.50665070000000000,0.506650700000,-1.4331513700195317,-1.4331513700195317,-1.4331513700195317,0E-17,ELIGIBLE,R03b_20260811_FULL_v1,L1_ELIGIBILITY,v2026-08-11,2026-03-21..2026-08-06,baccarat_bet02_101_all_pairs_incl_sentinel,round_win = game_pnl > 0 (decisive only),COMPATIBILITY_ONLY_NOT_PRODUCTION,489269.2425,434385.7699,10013.0874,446,443,-0.02046539,-1.00000000,-0.01836589,-0.02046539,-10013.0874,489269.2425,OK,0.0000,500.6544,5.0000,95.0000,AG03-UNRESOLVED,ALL5_LEVELS_bet23_to_bet27,500.6544,500.6544,500.6544,600.7852,801.0470,5.000000,5.000000,5.000000,6.000000,8.000000,95.000000,95.000000,95.000000,94.000000,92.000000,5.0,2903.7953,2588.8046,7109.2920,7424.2827,PENDING_AG03,FALSE,NOT_FOR_ENFORCEMENT,9512.4330,412666.4814,10013.0874,9512.4330,500.6544,0.02046539,0.01944212,500.6544,9512.4330,0.01944212,500.6544,500.6544,500.6544,600.7852,801.0470,9512.4330,0.01944212,2903.7953,2588.8046,7109.2920,7424.2827,0.01453043,0.01517423,0.00102327,1097.0162,980.5548,22.6029,589.0051,50.0654,28780.5437,26.0588,348.8137,1102.0831,322.9557,648.817,1291.8228,2162.7234,4064.8804,6488.1699,605.5625,0.0,6.265064,10.0,1.690794,29,98,15,4,0.00213878,0.02046539,1.00000000,0E-8,0.000000,0.887826,0.024664,-0.98163411,2026-04-25,2026-08-01,17,200,141,99,0.171717,0.316504,0.317966,0.007129,,,,,,,,GLOBAL_BASELINE_NO_ENTITY_RANKING,,,NOT_APPLICABLE_GLOBAL_BASELINE,HF9g-P5,,,,X 全窗基线 · 不参与实体赏罚,15057845,1506,A168_HF9F_20260827_0900,2026-08-27 09:00:00
2026-05-25,140903079,1714,0,108.1361650590,0E-10,0E-10,,1,1,0.50665070000000000,0.506650700000,,,,0E-17,NO_DECISIVE_ROUND,R03b_20260811_FULL_v1,L1_ELIGIBILITY,v2026-08-11,2026-03-21..2026-08-06,baccarat_bet02_101_all_pairs_incl_sentinel,round_win = game_pnl > 0 (decisive only),COMPATIBILITY_ONLY_NOT_PRODUCTION,489269.2425,434385.7699,10013.0874,446,443,-0.02046539,-1.00000000,-0.01836589,-0.02046539,-10013.0874,489269.2425,OK,0.0000,500.6544,5.0000,95.0000,AG03-UNRESOLVED,ALL5_LEVELS_bet23_to_bet27,500.6544,500.6544,500.6544,600.7852,801.0470,5.000000,5.000000,5.000000,6.000000,8.000000,95.000000,95.000000,95.000000,94.000000,92.000000,5.0,2903.7953,2588.8046,7109.2920,7424.2827,PENDING_AG03,FALSE,NOT_FOR_ENFORCEMENT,9512.4330,412666.4814,10013.0874,9512.4330,500.6544,0.02046539,0.01944212,500.6544,9512.4330,0.01944212,500.6544,500.6544,500.6544,600.7852,801.0470,9512.4330,0.01944212,2903.7953,2588.8046,7109.2920,7424.2827,0.01453043,0.01517423,0.00102327,1097.0162,980.5548,22.6029,589.0051,50.0654,28780.5437,26.0588,348.8137,1102.0831,322.9557,648.817,1291.8228,2162.7234,4064.8804,6488.1699,605.5625,0.0,6.265064,10.0,1.690794,29,98,15,4,0.00213878,0.02046539,1.00000000,0E-8,0.000000,0.887826,0.024664,-0.98163411,2026-04-25,2026-08-01,17,200,141,99,0.171717,0.316504,0.317966,0.007129,,,,,,,,GLOBAL_BASELINE_NO_ENTITY_RANKING,,,NOT_APPLICABLE_GLOBAL_BASELINE,HF9g-P5,,,,X 全窗基线 · 不参与实体赏罚,15057846,1506,A168_HF9F_20260827_0900,2026-08-27 09:00:00
2026-05-25,140903079,2220,0,843.4620874606,0E-10,0E-10,0.5000000,2,2,0.50665070000000000,0.506650700000,-0.018812684590367487,-0.018812684590367487,-0.018812684590367487,0E-17,ELIGIBLE,R03b_20260811_FULL_v1,L1_ELIGIBILITY,v2026-08-11,2026-03-21..2026-08-06,baccarat_bet02_101_all_pairs_incl_sentinel,round_win = game_pnl > 0 (decisive only),COMPATIBILITY_ONLY_NOT_PRODUCTION,489269.2425,434385.7699,10013.0874,446,443,-0.02046539,-1.00000000,-0.01836589,-0.02046539,-10013.0874,489269.2425,OK,0.0000,500.6544,5.0000,95.0000,AG03-UNRESOLVED,ALL5_LEVELS_bet23_to_bet27,500.6544,500.6544,500.6544,600.7852,801.0470,5.000000,5.000000,5.000000,6.000000,8.000000,95.000000,95.000000,95.000000,94.000000,92.000000,5.0,2903.7953,2588.8046,7109.2920,7424.2827,PENDING_AG03,FALSE,NOT_FOR_ENFORCEMENT,9512.4330,412666.4814,10013.0874,9512.4330,500.6544,0.02046539,0.01944212,500.6544,9512.4330,0.01944212,500.6544,500.6544,500.6544,600.7852,801.0470,9512.4330,0.01944212,2903.7953,2588.8046,7109.2920,7424.2827,0.01453043,0.01517423,0.00102327,1097.0162,980.5548,22.6029,589.0051,50.0654,28780.5437,26.0588,348.8137,1102.0831,322.9557,648.817,1291.8228,2162.7234,4064.8804,6488.1699,605.5625,0.0,6.265064,10.0,1.690794,29,98,15,4,0.00213878,0.02046539,1.00000000,0E-8,0.000000,0.887826,0.024664,-0.98163411,2026-04-25,2026-08-01,17,200,141,99,0.171717,0.316504,0.317966,0.007129,,,,,,,,GLOBAL_BASELINE_NO_ENTITY_RANKING,,,NOT_APPLICABLE_GLOBAL_BASELINE,HF9g-P5,,,,X 全窗基线 · 不参与实体赏罚,15057847,1506,A168_HF9F_20260827_0900,2026-08-27 09:00:00
2026-05-25,140903079,2248,0,324.4084951771,308.1880704183,308.1880704183,1.0000000,1,1,0.50665070000000000,0.506650700000,0.9867858985152569,0.9867858985152569,0.9867858985152569,0E-17,ELIGIBLE,R03b_20260811_FULL_v1,L1_ELIGIBILITY,v2026-08-11,2026-03-21..2026-08-06,baccarat_bet02_101_all_pairs_incl_sentinel,round_win = game_pnl > 0 (decisive only),COMPATIBILITY_ONLY_NOT_PRODUCTION,489269.2425,434385.7699,10013.0874,446,443,-0.02046539,-1.00000000,-0.01836589,-0.02046539,-10013.0874,489269.2425,OK,0.0000,500.6544,5.0000,95.0000,AG03-UNRESOLVED,ALL5_LEVELS_bet23_to_bet27,500.6544,500.6544,500.6544,600.7852,801.0470,5.000000,5.000000,5.000000,6.000000,8.000000,95.000000,95.000000,95.000000,94.000000,92.000000,5.0,2903.7953,2588.8046,7109.2920,7424.2827,PENDING_AG03,FALSE,NOT_FOR_ENFORCEMENT,9512.4330,412666.4814,10013.0874,9512.4330,500.6544,0.02046539,0.01944212,500.6544,9512.4330,0.01944212,500.6544,500.6544,500.6544,600.7852,801.0470,9512.4330,0.01944212,2903.7953,2588.8046,7109.2920,7424.2827,0.01453043,0.01517423,0.00102327,1097.0162,980.5548,22.6029,589.0051,50.0654,28780.5437,26.0588,348.8137,1102.0831,322.9557,648.817,1291.8228,2162.7234,4064.8804,6488.1699,605.5625,0.0,6.265064,10.0,1.690794,29,98,15,4,0.00213878,0.02046539,1.00000000,0E-8,0.000000,0.887826,0.024664,-0.98163411,2026-04-25,2026-08-01,17,200,141,99,0.171717,0.316504,0.317966,0.007129,,,,,,,,GLOBAL_BASELINE_NO_ENTITY_RANKING,,,NOT_APPLICABLE_GLOBAL_BASELINE,HF9g-P5,,,,X 全窗基线 · 不参与实体赏罚,15057848,1506,A168_HF9F_20260827_0900,2026-08-27 09:00:00
2026-05-25,140903079,763,0,865.0893204723,-865.0893204723,-865.0893204723,0E-7,1,1,0.50665070000000000,0.506650700000,-1.013391052207602,-1.013391052207602,-1.013391052207602,0E-17,ELIGIBLE,R03b_20260811_FULL_v1,L1_ELIGIBILITY,v2026-08-11,2026-03-21..2026-08-06,baccarat_bet02_101_all_pairs_incl_sentinel,round_win = game_pnl > 0 (decisive only),COMPATIBILITY_ONLY_NOT_PRODUCTION,489269.2425,434385.7699,10013.0874,446,443,-0.02046539,-1.00000000,-0.01836589,-0.02046539,-10013.0874,489269.2425,OK,0.0000,500.6544,5.0000,95.0000,AG03-UNRESOLVED,ALL5_LEVELS_bet23_to_bet27,500.6544,500.6544,500.6544,600.7852,801.0470,5.000000,5.000000,5.000000,6.000000,8.000000,95.000000,95.000000,95.000000,94.000000,92.000000,5.0,2903.7953,2588.8046,7109.2920,7424.2827,PENDING_AG03,FALSE,NOT_FOR_ENFORCEMENT,9512.4330,412666.4814,10013.0874,9512.4330,500.6544,0.02046539,0.01944212,500.6544,9512.4330,0.01944212,500.6544,500.6544,500.6544,600.7852,801.0470,9512.4330,0.01944212,2903.7953,2588.8046,7109.2920,7424.2827,0.01453043,0.01517423,0.00102327,1097.0162,980.5548,22.6029,589.0051,50.0654,28780.5437,26.0588,348.8137,1102.0831,322.9557,648.817,1291.8228,2162.7234,4064.8804,6488.1699,605.5625,0.0,6.265064,10.0,1.690794,29,98,15,4,0.00213878,0.02046539,1.00000000,0E-8,0.000000,0.887826,0.024664,-0.98163411,2026-04-25,2026-08-01,17,200,141,99,0.171717,0.316504,0.317966,0.007129,,,,,,,,GLOBAL_BASELINE_NO_ENTITY_RANKING,,,NOT_APPLICABLE_GLOBAL_BASELINE,HF9g-P5,,,,X 全窗基线 · 不参与实体赏罚,15057849,1506,A168_HF9F_20260827_0900,2026-08-27 09:00:00
2026-05-25,140903079,919,0,432.5446602362,-432.5446602362,-432.5446602362,0E-7,1,1,0.50665070000000000,0.506650700000,-1.013391052207602,-1.013391052207602,-1.013391052207602,0E-17,ELIGIBLE,R03b_20260811_FULL_v1,L1_ELIGIBILITY,v2026-08-11,2026-03-21..2026-08-06,baccarat_bet02_101_all_pairs_incl_sentinel,round_win = game_pnl > 0 (decisive only),COMPATIBILITY_ONLY_NOT_PRODUCTION,489269.2425,434385.7699,10013.0874,446,443,-0.02046539,-1.00000000,-0.01836589,-0.02046539,-10013.0874,489269.2425,OK,0.0000,500.6544,5.0000,95.0000,AG03-UNRESOLVED,ALL5_LEVELS_bet23_to_bet27,500.6544,500.6544,500.6544,600.7852,801.0470,5.000000,5.000000,5.000000,6.000000,8.000000,95.000000,95.000000,95.000000,94.000000,92.000000,5.0,2903.7953,2588.8046,7109.2920,7424.2827,PENDING_AG03,FALSE,NOT_FOR_ENFORCEMENT,9512.4330,412666.4814,10013.0874,9512.4330,500.6544,0.02046539,0.01944212,500.6544,9512.4330,0.01944212,500.6544,500.6544,500.6544,600.7852,801.0470,9512.4330,0.01944212,2903.7953,2588.8046,7109.2920,7424.2827,0.01453043,0.01517423,0.00102327,1097.0162,980.5548,22.6029,589.0051,50.0654,28780.5437,26.0588,348.8137,1102.0831,322.9557,648.817,1291.8228,2162.7234,4064.8804,6488.1699,605.5625,0.0,6.265064,10.0,1.690794,29,98,15,4,0.00213878,0.02046539,1.00000000,0E-8,0.000000,0.887826,0.024664,-0.98163411,2026-04-25,2026-08-01,17,200,141,99,0.171717,0.316504,0.317966,0.007129,,,,,,,,GLOBAL_BASELINE_NO_ENTITY_RANKING,,,NOT_APPLICABLE_GLOBAL_BASELINE,HF9g-P5,,,,X 全窗基线 · 不参与实体赏罚,15057850,1506,A168_HF9F_20260827_0900,2026-08-27 09:00:00
2026-05-25,140903079,925,0,1048.9208010728,648.8169903543,648.8169903543,0.8000000,5,5,0.49592654000000000,0.495926540000,1.359902984124143,1.359902984124143,1.359902984124143,0E-17,ELIGIBLE,R03b_20260811_FULL_v1,L1_ELIGIBILITY,v2026-08-11,2026-03-21..2026-08-06,baccarat_bet02_101_all_pairs_incl_sentinel,round_win = game_pnl > 0 (decisive only),COMPATIBILITY_ONLY_NOT_PRODUCTION,489269.2425,434385.7699,10013.0874,446,443,-0.02046539,-1.00000000,-0.01836589,-0.02046539,-10013.0874,489269.2425,OK,0.0000,500.6544,5.0000,95.0000,AG03-UNRESOLVED,ALL5_LEVELS_bet23_to_bet27,500.6544,500.6544,500.6544,600.7852,801.0470,5.000000,5.000000,5.000000,6.000000,8.000000,95.000000,95.000000,95.000000,94.000000,92.000000,5.0,2903.7953,2588.8046,7109.2920,7424.2827,PENDING_AG03,FALSE,NOT_FOR_ENFORCEMENT,9512.4330,412666.4814,10013.0874,9512.4330,500.6544,0.02046539,0.01944212,500.6544,9512.4330,0.01944212,500.6544,500.6544,500.6544,600.7852,801.0470,9512.4330,0.01944212,2903.7953,2588.8046,7109.2920,7424.2827,0.01453043,0.01517423,0.00102327,1097.0162,980.5548,22.6029,589.0051,50.0654,28780.5437,26.0588,348.8137,1102.0831,322.9557,648.817,1291.8228,2162.7234,4064.8804,6488.1699,605.5625,0.0,6.265064,10.0,1.690794,29,98,15,4,0.00213878,0.02046539,1.00000000,0E-8,0.000000,0.887826,0.024664,-0.98163411,2026-04-25,2026-08-01,17,200,141,99,0.171717,0.316504,0.317966,0.007129,,,,,,,,GLOBAL_BASELINE_NO_ENTITY_RANKING,,,NOT_APPLICABLE_GLOBAL_BASELINE,HF9g-P5,,,,X 全窗基线 · 不参与实体赏罚,15057851,1506,A168_HF9F_20260827_0900,2026-08-27 09:00:00
2026-06-06,140903079,-1,1,31902.6396245101,9229.3093054299,9229.3093054299,0.6285714,38,38,0.49959533157894737,0.499595331579,1.5260662596473418,1.5260662596467192,1.5260662596473418,-5.263E-14,SENTINEL_DEALER,R03b_20260811_FULL_v1,L1_ELIGIBILITY,v2026-08-11,2026-03-21..2026-08-06,baccarat_bet02_101_all_pairs_incl_sentinel,round_win = game_pnl > 0 (decisive only),COMPATIBILITY_ONLY_NOT_PRODUCTION,489269.2425,434385.7699,10013.0874,446,443,-0.02046539,-1.00000000,-0.01836589,-0.02046539,-10013.0874,489269.2425,OK,0.0000,500.6544,5.0000,95.0000,AG03-UNRESOLVED,ALL5_LEVELS_bet23_to_bet27,500.6544,500.6544,500.6544,600.7852,801.0470,5.000000,5.000000,5.000000,6.000000,8.000000,95.000000,95.000000,95.000000,94.000000,92.000000,5.0,2903.7953,2588.8046,7109.2920,7424.2827,PENDING_AG03,FALSE,NOT_FOR_ENFORCEMENT,9512.4330,412666.4814,10013.0874,9512.4330,500.6544,0.02046539,0.01944212,500.6544,9512.4330,0.01944212,500.6544,500.6544,500.6544,600.7852,801.0470,9512.4330,0.01944212,2903.7953,2588.8046,7109.2920,7424.2827,0.01453043,0.01517423,0.00102327,1097.0162,980.5548,22.6029,589.0051,50.0654,28780.5437,26.0588,348.8137,1102.0831,322.9557,648.817,1291.8228,2162.7234,4064.8804,6488.1699,605.5625,0.0,6.265064,10.0,1.690794,29,98,15,4,0.00213878,0.02046539,1.00000000,0E-8,0.000000,0.887826,0.024664,-0.98163411,2026-04-25,2026-08-01,17,200,141,99,0.171717,0.316504,0.317966,0.007129,,,,,,,,GLOBAL_BASELINE_NO_ENTITY_RANKING,,,NOT_APPLICABLE_GLOBAL_BASELINE,HF9g-P5,,,,X 全窗基线 · 不参与实体赏罚,15057852,1506,A168_HF9F_20260827_0900,2026-08-27 09:00:00
2026-06-06,140903079,1323,0,861.2151746114,430.6075873057,430.6075873057,1.0000000,2,2,0.49324550000000000,0.493245500000,1.01360149184955,1.01360149184955,1.01360149184955,0E-17,ELIGIBLE,R03b_20260811_FULL_v1,L1_ELIGIBILITY,v2026-08-11,2026-03-21..2026-08-06,baccarat_bet02_101_all_pairs_incl_sentinel,round_win = game_pnl > 0 (decisive only),COMPATIBILITY_ONLY_NOT_PRODUCTION,489269.2425,434385.7699,10013.0874,446,443,-0.02046539,-1.00000000,-0.01836589,-0.02046539,-10013.0874,489269.2425,OK,0.0000,500.6544,5.0000,95.0000,AG03-UNRESOLVED,ALL5_LEVELS_bet23_to_bet27,500.6544,500.6544,500.6544,600.7852,801.0470,5.000000,5.000000,5.000000,6.000000,8.000000,95.000000,95.000000,95.000000,94.000000,92.000000,5.0,2903.7953,2588.8046,7109.2920,7424.2827,PENDING_AG03,FALSE,NOT_FOR_ENFORCEMENT,9512.4330,412666.4814,10013.0874,9512.4330,500.6544,0.02046539,0.01944212,500.6544,9512.4330,0.01944212,500.6544,500.6544,500.6544,600.7852,801.0470,9512.4330,0.01944212,2903.7953,2588.8046,7109.2920,7424.2827,0.01453043,0.01517423,0.00102327,1097.0162,980.5548,22.6029,589.0051,50.0654,28780.5437,26.0588,348.8137,1102.0831,322.9557,648.817,1291.8228,2162.7234,4064.8804,6488.1699,605.5625,0.0,6.265064,10.0,1.690794,29,98,15,4,0.00213878,0.02046539,1.00000000,0E-8,0.000000,0.887826,0.024664,-0.98163411,2026-04-25,2026-08-01,17,200,141,99,0.171717,0.316504,0.317966,0.007129,,,,,,,,GLOBAL_BASELINE_NO_ENTITY_RANKING,,,NOT_APPLICABLE_GLOBAL_BASELINE,HF9g-P5,,,,X 全窗基线 · 不参与实体赏罚,15057853,1506,A168_HF9F_20260827_0900,2026-08-27 09:00:00
2026-06-06,140903079,1353,0,990.3974508031,646.9878999268,646.9878999268,0.6666667,3,3,0.50218230000000000,0.502182300000,0.5697959874915163,0.5697959874915164,0.5697959874915163,0E-17,ELIGIBLE,R03b_20260811_FULL_v1,L1_ELIGIBILITY,v2026-08-11,2026-03-21..2026-08-06,baccarat_bet02_101_all_pairs_incl_sentinel,round_win = game_pnl > 0 (decisive only),COMPATIBILITY_ONLY_NOT_PRODUCTION,489269.2425,434385.7699,10013.0874,446,443,-0.02046539,-1.00000000,-0.01836589,-0.02046539,-10013.0874,489269.2425,OK,0.0000,500.6544,5.0000,95.0000,AG03-UNRESOLVED,ALL5_LEVELS_bet23_to_bet27,500.6544,500.6544,500.6544,600.7852,801.0470,5.000000,5.000000,5.000000,6.000000,8.000000,95.000000,95.000000,95.000000,94.000000,92.000000,5.0,2903.7953,2588.8046,7109.2920,7424.2827,PENDING_AG03,FALSE,NOT_FOR_ENFORCEMENT,9512.4330,412666.4814,10013.0874,9512.4330,500.6544,0.02046539,0.01944212,500.6544,9512.4330,0.01944212,500.6544,500.6544,500.6544,600.7852,801.0470,9512.4330,0.01944212,2903.7953,2588.8046,7109.2920,7424.2827,0.01453043,0.01517423,0.00102327,1097.0162,980.5548,22.6029,589.0051,50.0654,28780.5437,26.0588,348.8137,1102.0831,322.9557,648.817,1291.8228,2162.7234,4064.8804,6488.1699,605.5625,0.0,6.265064,10.0,1.690794,29,98,15,4,0.00213878,0.02046539,1.00000000,0E-8,0.000000,0.887826,0.024664,-0.98163411,2026-04-25,2026-08-01,17,200,141,99,0.171717,0.316504,0.317966,0.007129,,,,,,,,GLOBAL_BASELINE_NO_ENTITY_RANKING,,,NOT_APPLICABLE_GLOBAL_BASELINE,HF9g-P5,,,,X 全窗基线 · 不参与实体赏罚,15057854,1506,A168_HF9F_20260827_0900,2026-08-27 09:00:00
2026-06-06,140903079,1400,0,1291.8227619171,0E-10,0E-10,0.5000000,3,3,0.49324550000000000,0.493245500000,0.01910635448239258,0.01910635448239258,0.01910635448239258,0E-17,ELIGIBLE,R03b_20260811_FULL_v1,L1_ELIGIBILITY,v2026-08-11,2026-03-21..2026-08-06,baccarat_bet02_101_all_pairs_incl_sentinel,round_win = game_pnl > 0 (decisive only),COMPATIBILITY_ONLY_NOT_PRODUCTION,489269.2425,434385.7699,10013.0874,446,443,-0.02046539,-1.00000000,-0.01836589,-0.02046539,-10013.0874,489269.2425,OK,0.0000,500.6544,5.0000,95.0000,AG03-UNRESOLVED,ALL5_LEVELS_bet23_to_bet27,500.6544,500.6544,500.6544,600.7852,801.0470,5.000000,5.000000,5.000000,6.000000,8.000000,95.000000,95.000000,95.000000,94.000000,92.000000,5.0,2903.7953,2588.8046,7109.2920,7424.2827,PENDING_AG03,FALSE,NOT_FOR_ENFORCEMENT,9512.4330,412666.4814,10013.0874,9512.4330,500.6544,0.02046539,0.01944212,500.6544,9512.4330,0.01944212,500.6544,500.6544,500.6544,600.7852,801.0470,9512.4330,0.01944212,2903.7953,2588.8046,7109.2920,7424.2827,0.01453043,0.01517423,0.00102327,1097.0162,980.5548,22.6029,589.0051,50.0654,28780.5437,26.0588,348.8137,1102.0831,322.9557,648.817,1291.8228,2162.7234,4064.8804,6488.1699,605.5625,0.0,6.265064,10.0,1.690794,29,98,15,4,0.00213878,0.02046539,1.00000000,0E-8,0.000000,0.887826,0.024664,-0.98163411,2026-04-25,2026-08-01,17,200,141,99,0.171717,0.316504,0.317966,0.007129,,,,,,,,GLOBAL_BASELINE_NO_ENTITY_RANKING,,,NOT_APPLICABLE_GLOBAL_BASELINE,HF9g-P5,,,,X 全窗基线 · 不参与实体赏罚,15057855,1506,A168_HF9F_20260827_0900,2026-08-27 09:00:00
2026-06-06,140903079,1401,0,2153.0379365284,-2153.0379365284,-2153.0379365284,0E-7,1,1,0.49324550000000000,0.493245500000,-0.9865810262130424,-0.9865810262130424,-0.9865810262130424,0E-17,ELIGIBLE,R03b_20260811_FULL_v1,L1_ELIGIBILITY,v2026-08-11,2026-03-21..2026-08-06,baccarat_bet02_101_all_pairs_incl_sentinel,round_win = game_pnl > 0 (decisive only),COMPATIBILITY_ONLY_NOT_PRODUCTION,489269.2425,434385.7699,10013.0874,446,443,-0.02046539,-1.00000000,-0.01836589,-0.02046539,-10013.0874,489269.2425,OK,0.0000,500.6544,5.0000,95.0000,AG03-UNRESOLVED,ALL5_LEVELS_bet23_to_bet27,500.6544,500.6544,500.6544,600.7852,801.0470,5.000000,5.000000,5.000000,6.000000,8.000000,95.000000,95.000000,95.000000,94.000000,92.000000,5.0,2903.7953,2588.8046,7109.2920,7424.2827,PENDING_AG03,FALSE,NOT_FOR_ENFORCEMENT,9512.4330,412666.4814,10013.0874,9512.4330,500.6544,0.02046539,0.01944212,500.6544,9512.4330,0.01944212,500.6544,500.6544,500.6544,600.7852,801.0470,9512.4330,0.01944212,2903.7953,2588.8046,7109.2920,7424.2827,0.01453043,0.01517423,0.00102327,1097.0162,980.5548,22.6029,589.0051,50.0654,28780.5437,26.0588,348.8137,1102.0831,322.9557,648.817,1291.8228,2162.7234,4064.8804,6488.1699,605.5625,0.0,6.265064,10.0,1.690794,29,98,15,4,0.00213878,0.02046539,1.00000000,0E-8,0.000000,0.887826,0.024664,-0.98163411,2026-04-25,2026-08-01,17,200,141,99,0.171717,0.316504,0.317966,0.007129,,,,,,,,GLOBAL_BASELINE_NO_ENTITY_RANKING,,,NOT_APPLICABLE_GLOBAL_BASELINE,HF9g-P5,,,,X 全窗基线 · 不参与实体赏罚,15057856,1506,A168_HF9F_20260827_0900,2026-08-27 09:00:00
2026-06-06,140903079,1402,0,4306.0758730568,0E-10,0E-10,0.5000000,2,2,0.49994810000000000,0.499948100000,0.00014679536856514622,0.00014679536856514622,0.00014679536856514622,0E-17,ELIGIBLE,R03b_20260811_FULL_v1,L1_ELIGIBILITY,v2026-08-11,2026-03-21..2026-08-06,baccarat_bet02_101_all_pairs_incl_sentinel,round_win = game_pnl > 0 (decisive only),COMPATIBILITY_ONLY_NOT_PRODUCTION,489269.2425,434385.7699,10013.0874,446,443,-0.02046539,-1.00000000,-0.01836589,-0.02046539,-10013.0874,489269.2425,OK,0.0000,500.6544,5.0000,95.0000,AG03-UNRESOLVED,ALL5_LEVELS_bet23_to_bet27,500.6544,500.6544,500.6544,600.7852,801.0470,5.000000,5.000000,5.000000,6.000000,8.000000,95.000000,95.000000,95.000000,94.000000,92.000000,5.0,2903.7953,2588.8046,7109.2920,7424.2827,PENDING_AG03,FALSE,NOT_FOR_ENFORCEMENT,9512.4330,412666.4814,10013.0874,9512.4330,500.6544,0.02046539,0.01944212,500.6544,9512.4330,0.01944212,500.6544,500.6544,500.6544,600.7852,801.0470,9512.4330,0.01944212,2903.7953,2588.8046,7109.2920,7424.2827,0.01453043,0.01517423,0.00102327,1097.0162,980.5548,22.6029,589.0051,50.0654,28780.5437,26.0588,348.8137,1102.0831,322.9557,648.817,1291.8228,2162.7234,4064.8804,6488.1699,605.5625,0.0,6.265064,10.0,1.690794,29,98,15,4,0.00213878,0.02046539,1.00000000,0E-8,0.000000,0.887826,0.024664,-0.98163411,2026-04-25,2026-08-01,17,200,141,99,0.171717,0.316504,0.317966,0.007129,,,,,,,,GLOBAL_BASELINE_NO_ENTITY_RANKING,,,NOT_APPLICABLE_GLOBAL_BASELINE,HF9g-P5,,,,X 全窗基线 · 不参与实体赏罚,15057857,1506,A168_HF9F_20260827_0900,2026-08-27 09:00:00
2026-06-06,140903079,1509,0,2000.3875468287,861.4304784050,861.4304784050,0.6666667,10,10,0.50262914000000000,0.502629140000,0.9842387669531621,0.9842387669531623,0.9842387669531621,0E-17,ELIGIBLE,R03b_20260811_FULL_v1,L1_ELIGIBILITY,v2026-08-11,2026-03-21..2026-08-06,baccarat_bet02_101_all_pairs_incl_sentinel,round_win = game_pnl > 0 (decisive only),COMPATIBILITY_ONLY_NOT_PRODUCTION,489269.2425,434385.7699,10013.0874,446,443,-0.02046539,-1.00000000,-0.01836589,-0.02046539,-10013.0874,489269.2425,OK,0.0000,500.6544,5.0000,95.0000,AG03-UNRESOLVED,ALL5_LEVELS_bet23_to_bet27,500.6544,500.6544,500.6544,600.7852,801.0470,5.000000,5.000000,5.000000,6.000000,8.000000,95.000000,95.000000,95.000000,94.000000,92.000000,5.0,2903.7953,2588.8046,7109.2920,7424.2827,PENDING_AG03,FALSE,NOT_FOR_ENFORCEMENT,9512.4330,412666.4814,10013.0874,9512.4330,500.6544,0.02046539,0.01944212,500.6544,9512.4330,0.01944212,500.6544,500.6544,500.6544,600.7852,801.0470,9512.4330,0.01944212,2903.7953,2588.8046,7109.2920,7424.2827,0.01453043,0.01517423,0.00102327,1097.0162,980.5548,22.6029,589.0051,50.0654,28780.5437,26.0588,348.8137,1102.0831,322.9557,648.817,1291.8228,2162.7234,4064.8804,6488.1699,605.5625,0.0,6.265064,10.0,1.690794,29,98,15,4,0.00213878,0.02046539,1.00000000,0E-8,0.000000,0.887826,0.024664,-0.98163411,2026-04-25,2026-08-01,17,200,141,99,0.171717,0.316504,0.317966,0.007129,,,,,,,,GLOBAL_BASELINE_NO_ENTITY_RANKING,,,NOT_APPLICABLE_GLOBAL_BASELINE,HF9g-P5,,,,X 全窗基线 · 不参与实体赏罚,15057858,1506,A168_HF9F_20260827_0900,2026-08-27 09:00:00
2026-06-06,140903079,1750,0,1937.7341428756,1937.7341428756,1937.7341428756,1.0000000,1,1,0.49324550000000000,0.493245500000,1.01360149184955,1.01360149184955,1.01360149184955,0E-17,ELIGIBLE,R03b_20260811_FULL_v1,L1_ELIGIBILITY,v2026-08-11,2026-03-21..2026-08-06,baccarat_bet02_101_all_pairs_incl_sentinel,round_win = game_pnl > 0 (decisive only),COMPATIBILITY_ONLY_NOT_PRODUCTION,489269.2425,434385.7699,10013.0874,446,443,-0.02046539,-1.00000000,-0.01836589,-0.02046539,-10013.0874,489269.2425,OK,0.0000,500.6544,5.0000,95.0000,AG03-UNRESOLVED,ALL5_LEVELS_bet23_to_bet27,500.6544,500.6544,500.6544,600.7852,801.0470,5.000000,5.000000,5.000000,6.000000,8.000000,95.000000,95.000000,95.000000,94.000000,92.000000,5.0,2903.7953,2588.8046,7109.2920,7424.2827,PENDING_AG03,FALSE,NOT_FOR_ENFORCEMENT,9512.4330,412666.4814,10013.0874,9512.4330,500.6544,0.02046539,0.01944212,500.6544,9512.4330,0.01944212,500.6544,500.6544,500.6544,600.7852,801.0470,9512.4330,0.01944212,2903.7953,2588.8046,7109.2920,7424.2827,0.01453043,0.01517423,0.00102327,1097.0162,980.5548,22.6029,589.0051,50.0654,28780.5437,26.0588,348.8137,1102.0831,322.9557,648.817,1291.8228,2162.7234,4064.8804,6488.1699,605.5625,0.0,6.265064,10.0,1.690794,29,98,15,4,0.00213878,0.02046539,1.00000000,0E-8,0.000000,0.887826,0.024664,-0.98163411,2026-04-25,2026-08-01,17,200,141,99,0.171717,0.316504,0.317966,0.007129,,,,,,,,GLOBAL_BASELINE_NO_ENTITY_RANKING,,,NOT_APPLICABLE_GLOBAL_BASELINE,HF9g-P5,,,,X 全窗基线 · 不参与实体赏罚,15057859,1506,A168_HF9F_20260827_0900,2026-08-27 09:00:00
2026-06-06,140903079,1940,0,1291.8227619171,-1291.8227619171,-1291.8227619171,0E-7,1,1,0.50665070000000000,0.506650700000,-1.013391052207602,-1.013391052207602,-1.013391052207602,0E-17,ELIGIBLE,R03b_20260811_FULL_v1,L1_ELIGIBILITY,v2026-08-11,2026-03-21..2026-08-06,baccarat_bet02_101_all_pairs_incl_sentinel,round_win = game_pnl > 0 (decisive only),COMPATIBILITY_ONLY_NOT_PRODUCTION,489269.2425,434385.7699,10013.0874,446,443,-0.02046539,-1.00000000,-0.01836589,-0.02046539,-10013.0874,489269.2425,OK,0.0000,500.6544,5.0000,95.0000,AG03-UNRESOLVED,ALL5_LEVELS_bet23_to_bet27,500.6544,500.6544,500.6544,600.7852,801.0470,5.000000,5.000000,5.000000,6.000000,8.000000,95.000000,95.000000,95.000000,94.000000,92.000000,5.0,2903.7953,2588.8046,7109.2920,7424.2827,PENDING_AG03,FALSE,NOT_FOR_ENFORCEMENT,9512.4330,412666.4814,10013.0874,9512.4330,500.6544,0.02046539,0.01944212,500.6544,9512.4330,0.01944212,500.6544,500.6544,500.6544,600.7852,801.0470,9512.4330,0.01944212,2903.7953,2588.8046,7109.2920,7424.2827,0.01453043,0.01517423,0.00102327,1097.0162,980.5548,22.6029,589.0051,50.0654,28780.5437,26.0588,348.8137,1102.0831,322.9557,648.817,1291.8228,2162.7234,4064.8804,6488.1699,605.5625,0.0,6.265064,10.0,1.690794,29,98,15,4,0.00213878,0.02046539,1.00000000,0E-8,0.000000,0.887826,0.024664,-0.98163411,2026-04-25,2026-08-01,17,200,141,99,0.171717,0.316504,0.317966,0.007129,,,,,,,,GLOBAL_BASELINE_NO_ENTITY_RANKING,,,NOT_APPLICABLE_GLOBAL_BASELINE,HF9g-P5,,,,X 全窗基线 · 不参与实体赏罚,15057860,1506,A168_HF9F_20260827_0900,2026-08-27 09:00:00
2026-06-06,140903079,1994,0,2691.2974206605,1507.1265555699,1507.1265555699,0.5000000,2,2,0.50665070000000000,0.506650700000,-0.018812684590367487,-0.018812684590367487,-0.018812684590367487,0E-17,ELIGIBLE,R03b_20260811_FULL_v1,L1_ELIGIBILITY,v2026-08-11,2026-03-21..2026-08-06,baccarat_bet02_101_all_pairs_incl_sentinel,round_win = game_pnl > 0 (decisive only),COMPATIBILITY_ONLY_NOT_PRODUCTION,489269.2425,434385.7699,10013.0874,446,443,-0.02046539,-1.00000000,-0.01836589,-0.02046539,-10013.0874,489269.2425,OK,0.0000,500.6544,5.0000,95.0000,AG03-UNRESOLVED,ALL5_LEVELS_bet23_to_bet27,500.6544,500.6544,500.6544,600.7852,801.0470,5.000000,5.000000,5.000000,6.000000,8.000000,95.000000,95.000000,95.000000,94.000000,92.000000,5.0,2903.7953,2588.8046,7109.2920,7424.2827,PENDING_AG03,FALSE,NOT_FOR_ENFORCEMENT,9512.4330,412666.4814,10013.0874,9512.4330,500.6544,0.02046539,0.01944212,500.6544,9512.4330,0.01944212,500.6544,500.6544,500.6544,600.7852,801.0470,9512.4330,0.01944212,2903.7953,2588.8046,7109.2920,7424.2827,0.01453043,0.01517423,0.00102327,1097.0162,980.5548,22.6029,589.0051,50.0654,28780.5437,26.0588,348.8137,1102.0831,322.9557,648.817,1291.8228,2162.7234,4064.8804,6488.1699,605.5625,0.0,6.265064,10.0,1.690794,29,98,15,4,0.00213878,0.02046539,1.00000000,0E-8,0.000000,0.887826,0.024664,-0.98163411,2026-04-25,2026-08-01,17,200,141,99,0.171717,0.316504,0.317966,0.007129,,,,,,,,GLOBAL_BASELINE_NO_ENTITY_RANKING,,,NOT_APPLICABLE_GLOBAL_BASELINE,HF9g-P5,,,,X 全窗基线 · 不参与实体赏罚,15057861,1506,A168_HF9F_20260827_0900,2026-08-27 09:00:00
2026-06-06,140903079,2156,0,9102.6137880548,1507.0189036731,1507.0189036731,0.6250000,9,9,0.49771390000000000,0.497713900000,0.7200464420157047,0.7200464420157048,0.7200464420157047,0E-17,ELIGIBLE,R03b_20260811_FULL_v1,L1_ELIGIBILITY,v2026-08-11,2026-03-21..2026-08-06,baccarat_bet02_101_all_pairs_incl_sentinel,round_win = game_pnl > 0 (decisive only),COMPATIBILITY_ONLY_NOT_PRODUCTION,489269.2425,434385.7699,10013.0874,446,443,-0.02046539,-1.00000000,-0.01836589,-0.02046539,-10013.0874,489269.2425,OK,0.0000,500.6544,5.0000,95.0000,AG03-UNRESOLVED,ALL5_LEVELS_bet23_to_bet27,500.6544,500.6544,500.6544,600.7852,801.0470,5.000000,5.000000,5.000000,6.000000,8.000000,95.000000,95.000000,95.000000,94.000000,92.000000,5.0,2903.7953,2588.8046,7109.2920,7424.2827,PENDING_AG03,FALSE,NOT_FOR_ENFORCEMENT,9512.4330,412666.4814,10013.0874,9512.4330,500.6544,0.02046539,0.01944212,500.6544,9512.4330,0.01944212,500.6544,500.6544,500.6544,600.7852,801.0470,9512.4330,0.01944212,2903.7953,2588.8046,7109.2920,7424.2827,0.01453043,0.01517423,0.00102327,1097.0162,980.5548,22.6029,589.0051,50.0654,28780.5437,26.0588,348.8137,1102.0831,322.9557,648.817,1291.8228,2162.7234,4064.8804,6488.1699,605.5625,0.0,6.265064,10.0,1.690794,29,98,15,4,0.00213878,0.02046539,1.00000000,0E-8,0.000000,0.887826,0.024664,-0.98163411,2026-04-25,2026-08-01,17,200,141,99,0.171717,0.316504,0.317966,0.007129,,,,,,,,GLOBAL_BASELINE_NO_ENTITY_RANKING,,,NOT_APPLICABLE_GLOBAL_BASELINE,HF9g-P5,,,,X 全窗基线 · 不参与实体赏罚,15057862,1506,A168_HF9F_20260827_0900,2026-08-27 09:00:00
2026-06-06,140903079,2188,0,1565.2585798562,458.5970804806,458.5970804806,0.3333333,3,3,0.49771390000000000,0.497713900000,-0.5694369385616226,-0.5694369385616226,-0.5694369385616226,0E-17,ELIGIBLE,R03b_20260811_FULL_v1,L1_ELIGIBILITY,v2026-08-11,2026-03-21..2026-08-06,baccarat_bet02_101_all_pairs_incl_sentinel,round_win = game_pnl > 0 (decisive only),COMPATIBILITY_ONLY_NOT_PRODUCTION,489269.2425,434385.7699,10013.0874,446,443,-0.02046539,-1.00000000,-0.01836589,-0.02046539,-10013.0874,489269.2425,OK,0.0000,500.6544,5.0000,95.0000,AG03-UNRESOLVED,ALL5_LEVELS_bet23_to_bet27,500.6544,500.6544,500.6544,600.7852,801.0470,5.000000,5.000000,5.000000,6.000000,8.000000,95.000000,95.000000,95.000000,94.000000,92.000000,5.0,2903.7953,2588.8046,7109.2920,7424.2827,PENDING_AG03,FALSE,NOT_FOR_ENFORCEMENT,9512.4330,412666.4814,10013.0874,9512.4330,500.6544,0.02046539,0.01944212,500.6544,9512.4330,0.01944212,500.6544,500.6544,500.6544,600.7852,801.0470,9512.4330,0.01944212,2903.7953,2588.8046,7109.2920,7424.2827,0.01453043,0.01517423,0.00102327,1097.0162,980.5548,22.6029,589.0051,50.0654,28780.5437,26.0588,348.8137,1102.0831,322.9557,648.817,1291.8228,2162.7234,4064.8804,6488.1699,605.5625,0.0,6.265064,10.0,1.690794,29,98,15,4,0.00213878,0.02046539,1.00000000,0E-8,0.000000,0.887826,0.024664,-0.98163411,2026-04-25,2026-08-01,17,200,141,99,0.171717,0.316504,0.317966,0.007129,,,,,,,,GLOBAL_BASELINE_NO_ENTITY_RANKING,,,NOT_APPLICABLE_GLOBAL_BASELINE,HF9g-P5,,,,X 全窗基线 · 不参与实体赏罚,15057863,1506,A168_HF9F_20260827_0900,2026-08-27 09:00:00
2026-06-06,140903079,2216,0,8289.1960556345,4306.0758730569,4306.0758730569,0.5000000,2,2,0.49994810000000000,0.499948100000,0.00014679536856514622,0.00014679536856514622,0.00014679536856514622,0E-17,ELIGIBLE,R03b_20260811_FULL_v1,L1_ELIGIBILITY,v2026-08-11,2026-03-21..2026-08-06,baccarat_bet02_101_all_pairs_incl_sentinel,round_win = game_pnl > 0 (decisive only),COMPATIBILITY_ONLY_NOT_PRODUCTION,489269.2425,434385.7699,10013.0874,446,443,-0.02046539,-1.00000000,-0.01836589,-0.02046539,-10013.0874,489269.2425,OK,0.0000,500.6544,5.0000,95.0000,AG03-UNRESOLVED,ALL5_LEVELS_bet23_to_bet27,500.6544,500.6544,500.6544,600.7852,801.0470,5.000000,5.000000,5.000000,6.000000,8.000000,95.000000,95.000000,95.000000,94.000000,92.000000,5.0,2903.7953,2588.8046,7109.2920,7424.2827,PENDING_AG03,FALSE,NOT_FOR_ENFORCEMENT,9512.4330,412666.4814,10013.0874,9512.4330,500.6544,0.02046539,0.01944212,500.6544,9512.4330,0.01944212,500.6544,500.6544,500.6544,600.7852,801.0470,9512.4330,0.01944212,2903.7953,2588.8046,7109.2920,7424.2827,0.01453043,0.01517423,0.00102327,1097.0162,980.5548,22.6029,589.0051,50.0654,28780.5437,26.0588,348.8137,1102.0831,322.9557,648.817,1291.8228,2162.7234,4064.8804,6488.1699,605.5625,0.0,6.265064,10.0,1.690794,29,98,15,4,0.00213878,0.02046539,1.00000000,0E-8,0.000000,0.887826,0.024664,-0.98163411,2026-04-25,2026-08-01,17,200,141,99,0.171717,0.316504,0.317966,0.007129,,,,,,,,GLOBAL_BASELINE_NO_ENTITY_RANKING,,,NOT_APPLICABLE_GLOBAL_BASELINE,HF9g-P5,,,,X 全窗基线 · 不参与实体赏罚,15057864,1506,A168_HF9F_20260827_0900,2026-08-27 09:00:00
2026-06-06,140903079,2224,0,3337.2088016192,107.6518968264,107.6518968264,0.3333333,3,3,0.49771390000000000,0.497713900000,-0.5694369385616226,-0.5694369385616226,-0.5694369385616226,0E-17,ELIGIBLE,R03b_20260811_FULL_v1,L1_ELIGIBILITY,v2026-08-11,2026-03-21..2026-08-06,baccarat_bet02_101_all_pairs_incl_sentinel,round_win = game_pnl > 0 (decisive only),COMPATIBILITY_ONLY_NOT_PRODUCTION,489269.2425,434385.7699,10013.0874,446,443,-0.02046539,-1.00000000,-0.01836589,-0.02046539,-10013.0874,489269.2425,OK,0.0000,500.6544,5.0000,95.0000,AG03-UNRESOLVED,ALL5_LEVELS_bet23_to_bet27,500.6544,500.6544,500.6544,600.7852,801.0470,5.000000,5.000000,5.000000,6.000000,8.000000,95.000000,95.000000,95.000000,94.000000,92.000000,5.0,2903.7953,2588.8046,7109.2920,7424.2827,PENDING_AG03,FALSE,NOT_FOR_ENFORCEMENT,9512.4330,412666.4814,10013.0874,9512.4330,500.6544,0.02046539,0.01944212,500.6544,9512.4330,0.01944212,500.6544,500.6544,500.6544,600.7852,801.0470,9512.4330,0.01944212,2903.7953,2588.8046,7109.2920,7424.2827,0.01453043,0.01517423,0.00102327,1097.0162,980.5548,22.6029,589.0051,50.0654,28780.5437,26.0588,348.8137,1102.0831,322.9557,648.817,1291.8228,2162.7234,4064.8804,6488.1699,605.5625,0.0,6.265064,10.0,1.690794,29,98,15,4,0.00213878,0.02046539,1.00000000,0E-8,0.000000,0.887826,0.024664,-0.98163411,2026-04-25,2026-08-01,17,200,141,99,0.171717,0.316504,0.317966,0.007129,,,,,,,,GLOBAL_BASELINE_NO_ENTITY_RANKING,,,NOT_APPLICABLE_GLOBAL_BASELINE,HF9g-P5,,,,X 全窗基线 · 不参与实体赏罚,15057865,1506,A168_HF9F_20260827_0900,2026-08-27 09:00:00
2026-06-06,140903079,2241,0,430.6075873057,-430.6075873057,-430.6075873057,0E-7,1,1,0.49324550000000000,0.493245500000,-0.9865810262130424,-0.9865810262130424,-0.9865810262130424,0E-17,ELIGIBLE,R03b_20260811_FULL_v1,L1_ELIGIBILITY,v2026-08-11,2026-03-21..2026-08-06,baccarat_bet02_101_all_pairs_incl_sentinel,round_win = game_pnl > 0 (decisive only),COMPATIBILITY_ONLY_NOT_PRODUCTION,489269.2425,434385.7699,10013.0874,446,443,-0.02046539,-1.00000000,-0.01836589,-0.02046539,-10013.0874,489269.2425,OK,0.0000,500.6544,5.0000,95.0000,AG03-UNRESOLVED,ALL5_LEVELS_bet23_to_bet27,500.6544,500.6544,500.6544,600.7852,801.0470,5.000000,5.000000,5.000000,6.000000,8.000000,95.000000,95.000000,95.000000,94.000000,92.000000,5.0,2903.7953,2588.8046,7109.2920,7424.2827,PENDING_AG03,FALSE,NOT_FOR_ENFORCEMENT,9512.4330,412666.4814,10013.0874,9512.4330,500.6544,0.02046539,0.01944212,500.6544,9512.4330,0.01944212,500.6544,500.6544,500.6544,600.7852,801.0470,9512.4330,0.01944212,2903.7953,2588.8046,7109.2920,7424.2827,0.01453043,0.01517423,0.00102327,1097.0162,980.5548,22.6029,589.0051,50.0654,28780.5437,26.0588,348.8137,1102.0831,322.9557,648.817,1291.8228,2162.7234,4064.8804,6488.1699,605.5625,0.0,6.265064,10.0,1.690794,29,98,15,4,0.00213878,0.02046539,1.00000000,0E-8,0.000000,0.887826,0.024664,-0.98163411,2026-04-25,2026-08-01,17,200,141,99,0.171717,0.316504,0.317966,0.007129,,,,,,,,GLOBAL_BASELINE_NO_ENTITY_RANKING,,,NOT_APPLICABLE_GLOBAL_BASELINE,HF9g-P5,,,,X 全窗基线 · 不参与实体赏罚,15057866,1506,A168_HF9F_20260827_0900,2026-08-27 09:00:00
2026-06-06,140903079,2242,0,4736.6834603626,-538.2594841322,-538.2594841322,0.3333333,3,3,0.50665070000000000,0.506650700000,-0.6004420894325239,-0.6004420894325239,-0.6004420894325239,0E-17,ELIGIBLE,R03b_20260811_FULL_v1,L1_ELIGIBILITY,v2026-08-11,2026-03-21..2026-08-06,baccarat_bet02_101_all_pairs_incl_sentinel,round_win = game_pnl > 0 (decisive only),COMPATIBILITY_ONLY_NOT_PRODUCTION,489269.2425,434385.7699,10013.0874,446,443,-0.02046539,-1.00000000,-0.01836589,-0.02046539,-10013.0874,489269.2425,OK,0.0000,500.6544,5.0000,95.0000,AG03-UNRESOLVED,ALL5_LEVELS_bet23_to_bet27,500.6544,500.6544,500.6544,600.7852,801.0470,5.000000,5.000000,5.000000,6.000000,8.000000,95.000000,95.000000,95.000000,94.000000,92.000000,5.0,2903.7953,2588.8046,7109.2920,7424.2827,PENDING_AG03,FALSE,NOT_FOR_ENFORCEMENT,9512.4330,412666.4814,10013.0874,9512.4330,500.6544,0.02046539,0.01944212,500.6544,9512.4330,0.01944212,500.6544,500.6544,500.6544,600.7852,801.0470,9512.4330,0.01944212,2903.7953,2588.8046,7109.2920,7424.2827,0.01453043,0.01517423,0.00102327,1097.0162,980.5548,22.6029,589.0051,50.0654,28780.5437,26.0588,348.8137,1102.0831,322.9557,648.817,1291.8228,2162.7234,4064.8804,6488.1699,605.5625,0.0,6.265064,10.0,1.690794,29,98,15,4,0.00213878,0.02046539,1.00000000,0E-8,0.000000,0.887826,0.024664,-0.98163411,2026-04-25,2026-08-01,17,200,141,99,0.171717,0.316504,0.317966,0.007129,,,,,,,,GLOBAL_BASELINE_NO_ENTITY_RANKING,,,NOT_APPLICABLE_GLOBAL_BASELINE,HF9g-P5,,,,X 全窗基线 · 不参与实体赏罚,15057867,1506,A168_HF9F_20260827_0900,2026-08-27 09:00:00
2026-06-06,140903079,2252,0,2153.0379365284,-1076.5189682642,-1076.5189682642,0E-7,2,2,0.49324550000000000,0.493245500000,-0.9865810262130424,-0.9865810262130424,-0.9865810262130424,0E-17,ELIGIBLE,R03b_20260811_FULL_v1,L1_ELIGIBILITY,v2026-08-11,2026-03-21..2026-08-06,baccarat_bet02_101_all_pairs_incl_sentinel,round_win = game_pnl > 0 (decisive only),COMPATIBILITY_ONLY_NOT_PRODUCTION,489269.2425,434385.7699,10013.0874,446,443,-0.02046539,-1.00000000,-0.01836589,-0.02046539,-10013.0874,489269.2425,OK,0.0000,500.6544,5.0000,95.0000,AG03-UNRESOLVED,ALL5_LEVELS_bet23_to_bet27,500.6544,500.6544,500.6544,600.7852,801.0470,5.000000,5.000000,5.000000,6.000000,8.000000,95.000000,95.000000,95.000000,94.000000,92.000000,5.0,2903.7953,2588.8046,7109.2920,7424.2827,PENDING_AG03,FALSE,NOT_FOR_ENFORCEMENT,9512.4330,412666.4814,10013.0874,9512.4330,500.6544,0.02046539,0.01944212,500.6544,9512.4330,0.01944212,500.6544,500.6544,500.6544,600.7852,801.0470,9512.4330,0.01944212,2903.7953,2588.8046,7109.2920,7424.2827,0.01453043,0.01517423,0.00102327,1097.0162,980.5548,22.6029,589.0051,50.0654,28780.5437,26.0588,348.8137,1102.0831,322.9557,648.817,1291.8228,2162.7234,4064.8804,6488.1699,605.5625,0.0,6.265064,10.0,1.690794,29,98,15,4,0.00213878,0.02046539,1.00000000,0E-8,0.000000,0.887826,0.024664,-0.98163411,2026-04-25,2026-08-01,17,200,141,99,0.171717,0.316504,0.317966,0.007129,,,,,,,,GLOBAL_BASELINE_NO_ENTITY_RANKING,,,NOT_APPLICABLE_GLOBAL_BASELINE,HF9g-P5,,,,X 全窗基线 · 不参与实体赏罚,15057868,1506,A168_HF9F_20260827_0900,2026-08-27 09:00:00
2026-06-06,140903079,2261,0,3014.2531111398,-1507.1265555699,-1507.1265555699,0E-7,2,2,0.49994810000000000,0.499948100000,-0.9998962053866608,-0.9998962053866608,-0.9998962053866608,0E-17,ELIGIBLE,R03b_20260811_FULL_v1,L1_ELIGIBILITY,v2026-08-11,2026-03-21..2026-08-06,baccarat_bet02_101_all_pairs_incl_sentinel,round_win = game_pnl > 0 (decisive only),COMPATIBILITY_ONLY_NOT_PRODUCTION,489269.2425,434385.7699,10013.0874,446,443,-0.02046539,-1.00000000,-0.01836589,-0.02046539,-10013.0874,489269.2425,OK,0.0000,500.6544,5.0000,95.0000,AG03-UNRESOLVED,ALL5_LEVELS_bet23_to_bet27,500.6544,500.6544,500.6544,600.7852,801.0470,5.000000,5.000000,5.000000,6.000000,8.000000,95.000000,95.000000,95.000000,94.000000,92.000000,5.0,2903.7953,2588.8046,7109.2920,7424.2827,PENDING_AG03,FALSE,NOT_FOR_ENFORCEMENT,9512.4330,412666.4814,10013.0874,9512.4330,500.6544,0.02046539,0.01944212,500.6544,9512.4330,0.01944212,500.6544,500.6544,500.6544,600.7852,801.0470,9512.4330,0.01944212,2903.7953,2588.8046,7109.2920,7424.2827,0.01453043,0.01517423,0.00102327,1097.0162,980.5548,22.6029,589.0051,50.0654,28780.5437,26.0588,348.8137,1102.0831,322.9557,648.817,1291.8228,2162.7234,4064.8804,6488.1699,605.5625,0.0,6.265064,10.0,1.690794,29,98,15,4,0.00213878,0.02046539,1.00000000,0E-8,0.000000,0.887826,0.024664,-0.98163411,2026-04-25,2026-08-01,17,200,141,99,0.171717,0.316504,0.317966,0.007129,,,,,,,,GLOBAL_BASELINE_NO_ENTITY_RANKING,,,NOT_APPLICABLE_GLOBAL_BASELINE,HF9g-P5,,,,X 全窗基线 · 不参与实体赏罚,15057869,1506,A168_HF9F_20260827_0900,2026-08-27 09:00:00
2026-06-07,140903079,1382,0,2153.0379365284,-2153.0379365284,-2153.0379365284,0E-7,1,1,0.49324550000000000,0.493245500000,-0.9865810262130424,-0.9865810262130424,-0.9865810262130424,0E-17,ELIGIBLE,R03b_20260811_FULL_v1,L1_ELIGIBILITY,v2026-08-11,2026-03-21..2026-08-06,baccarat_bet02_101_all_pairs_incl_sentinel,round_win = game_pnl > 0 (decisive only),COMPATIBILITY_ONLY_NOT_PRODUCTION,489269.2425,434385.7699,10013.0874,446,443,-0.02046539,-1.00000000,-0.01836589,-0.02046539,-10013.0874,489269.2425,OK,0.0000,500.6544,5.0000,95.0000,AG03-UNRESOLVED,ALL5_LEVELS_bet23_to_bet27,500.6544,500.6544,500.6544,600.7852,801.0470,5.000000,5.000000,5.000000,6.000000,8.000000,95.000000,95.000000,95.000000,94.000000,92.000000,5.0,2903.7953,2588.8046,7109.2920,7424.2827,PENDING_AG03,FALSE,NOT_FOR_ENFORCEMENT,9512.4330,412666.4814,10013.0874,9512.4330,500.6544,0.02046539,0.01944212,500.6544,9512.4330,0.01944212,500.6544,500.6544,500.6544,600.7852,801.0470,9512.4330,0.01944212,2903.7953,2588.8046,7109.2920,7424.2827,0.01453043,0.01517423,0.00102327,1097.0162,980.5548,22.6029,589.0051,50.0654,28780.5437,26.0588,348.8137,1102.0831,322.9557,648.817,1291.8228,2162.7234,4064.8804,6488.1699,605.5625,0.0,6.265064,10.0,1.690794,29,98,15,4,0.00213878,0.02046539,1.00000000,0E-8,0.000000,0.887826,0.024664,-0.98163411,2026-04-25,2026-08-01,17,200,141,99,0.171717,0.316504,0.317966,0.007129,,,,,,,,GLOBAL_BASELINE_NO_ENTITY_RANKING,,,NOT_APPLICABLE_GLOBAL_BASELINE,HF9g-P5,,,,X 全窗基线 · 不参与实体赏罚,15057870,1506,A168_HF9F_20260827_0900,2026-08-27 09:00:00
2026-06-07,140903079,1710,0,1873.1430047797,1054.9885888989,1054.9885888989,1.0000000,4,4,0.49324550000000000,0.493245500000,1.4334489766152358,1.4334489766152358,1.4334489766152358,0E-17,ELIGIBLE,R03b_20260811_FULL_v1,L1_ELIGIBILITY,v2026-08-11,2026-03-21..2026-08-06,baccarat_bet02_101_all_pairs_incl_sentinel,round_win = game_pnl > 0 (decisive only),COMPATIBILITY_ONLY_NOT_PRODUCTION,489269.2425,434385.7699,10013.0874,446,443,-0.02046539,-1.00000000,-0.01836589,-0.02046539,-10013.0874,489269.2425,OK,0.0000,500.6544,5.0000,95.0000,AG03-UNRESOLVED,ALL5_LEVELS_bet23_to_bet27,500.6544,500.6544,500.6544,600.7852,801.0470,5.000000,5.000000,5.000000,6.000000,8.000000,95.000000,95.000000,95.000000,94.000000,92.000000,5.0,2903.7953,2588.8046,7109.2920,7424.2827,PENDING_AG03,FALSE,NOT_FOR_ENFORCEMENT,9512.4330,412666.4814,10013.0874,9512.4330,500.6544,0.02046539,0.01944212,500.6544,9512.4330,0.01944212,500.6544,500.6544,500.6544,600.7852,801.0470,9512.4330,0.01944212,2903.7953,2588.8046,7109.2920,7424.2827,0.01453043,0.01517423,0.00102327,1097.0162,980.5548,22.6029,589.0051,50.0654,28780.5437,26.0588,348.8137,1102.0831,322.9557,648.817,1291.8228,2162.7234,4064.8804,6488.1699,605.5625,0.0,6.265064,10.0,1.690794,29,98,15,4,0.00213878,0.02046539,1.00000000,0E-8,0.000000,0.887826,0.024664,-0.98163411,2026-04-25,2026-08-01,17,200,141,99,0.171717,0.316504,0.317966,0.007129,,,,,,,,GLOBAL_BASELINE_NO_ENTITY_RANKING,,,NOT_APPLICABLE_GLOBAL_BASELINE,HF9g-P5,,,,X 全窗基线 · 不参与实体赏罚,15057871,1506,A168_HF9F_20260827_0900,2026-08-27 09:00:00
2026-06-07,140903079,1940,0,1296.1288377901,-4.3060758730,-4.3060758730,0.5000000,3,3,0.49324550000000000,0.493245500000,0.01910635448239258,0.01910635448239258,0.01910635448239258,0E-17,ELIGIBLE,R03b_20260811_FULL_v1,L1_ELIGIBILITY,v2026-08-11,2026-03-21..2026-08-06,baccarat_bet02_101_all_pairs_incl_sentinel,round_win = game_pnl > 0 (decisive only),COMPATIBILITY_ONLY_NOT_PRODUCTION,489269.2425,434385.7699,10013.0874,446,443,-0.02046539,-1.00000000,-0.01836589,-0.02046539,-10013.0874,489269.2425,OK,0.0000,500.6544,5.0000,95.0000,AG03-UNRESOLVED,ALL5_LEVELS_bet23_to_bet27,500.6544,500.6544,500.6544,600.7852,801.0470,5.000000,5.000000,5.000000,6.000000,8.000000,95.000000,95.000000,95.000000,94.000000,92.000000,5.0,2903.7953,2588.8046,7109.2920,7424.2827,PENDING_AG03,FALSE,NOT_FOR_ENFORCEMENT,9512.4330,412666.4814,10013.0874,9512.4330,500.6544,0.02046539,0.01944212,500.6544,9512.4330,0.01944212,500.6544,500.6544,500.6544,600.7852,801.0470,9512.4330,0.01944212,2903.7953,2588.8046,7109.2920,7424.2827,0.01453043,0.01517423,0.00102327,1097.0162,980.5548,22.6029,589.0051,50.0654,28780.5437,26.0588,348.8137,1102.0831,322.9557,648.817,1291.8228,2162.7234,4064.8804,6488.1699,605.5625,0.0,6.265064,10.0,1.690794,29,98,15,4,0.00213878,0.02046539,1.00000000,0E-8,0.000000,0.887826,0.024664,-0.98163411,2026-04-25,2026-08-01,17,200,141,99,0.171717,0.316504,0.317966,0.007129,,,,,,,,GLOBAL_BASELINE_NO_ENTITY_RANKING,,,NOT_APPLICABLE_GLOBAL_BASELINE,HF9g-P5,,,,X 全窗基线 · 不参与实体赏罚,15057872,1506,A168_HF9F_20260827_0900,2026-08-27 09:00:00
2026-06-07,140903079,2115,0,2153.0379365284,-2153.0379365284,-2153.0379365284,0E-7,1,1,0.49324550000000000,0.493245500000,-0.9865810262130424,-0.9865810262130424,-0.9865810262130424,0E-17,ELIGIBLE,R03b_20260811_FULL_v1,L1_ELIGIBILITY,v2026-08-11,2026-03-21..2026-08-06,baccarat_bet02_101_all_pairs_incl_sentinel,round_win = game_pnl > 0 (decisive only),COMPATIBILITY_ONLY_NOT_PRODUCTION,489269.2425,434385.7699,10013.0874,446,443,-0.02046539,-1.00000000,-0.01836589,-0.02046539,-10013.0874,489269.2425,OK,0.0000,500.6544,5.0000,95.0000,AG03-UNRESOLVED,ALL5_LEVELS_bet23_to_bet27,500.6544,500.6544,500.6544,600.7852,801.0470,5.000000,5.000000,5.000000,6.000000,8.000000,95.000000,95.000000,95.000000,94.000000,92.000000,5.0,2903.7953,2588.8046,7109.2920,7424.2827,PENDING_AG03,FALSE,NOT_FOR_ENFORCEMENT,9512.4330,412666.4814,10013.0874,9512.4330,500.6544,0.02046539,0.01944212,500.6544,9512.4330,0.01944212,500.6544,500.6544,500.6544,600.7852,801.0470,9512.4330,0.01944212,2903.7953,2588.8046,7109.2920,7424.2827,0.01453043,0.01517423,0.00102327,1097.0162,980.5548,22.6029,589.0051,50.0654,28780.5437,26.0588,348.8137,1102.0831,322.9557,648.817,1291.8228,2162.7234,4064.8804,6488.1699,605.5625,0.0,6.265064,10.0,1.690794,29,98,15,4,0.00213878,0.02046539,1.00000000,0E-8,0.000000,0.887826,0.024664,-0.98163411,2026-04-25,2026-08-01,17,200,141,99,0.171717,0.316504,0.317966,0.007129,,,,,,,,GLOBAL_BASELINE_NO_ENTITY_RANKING,,,NOT_APPLICABLE_GLOBAL_BASELINE,HF9g-P5,,,,X 全窗基线 · 不参与实体赏罚,15057873,1506,A168_HF9F_20260827_0900,2026-08-27 09:00:00
2026-06-07,140903079,2248,0,1643.8444645394,1118.5032080264,1118.5032080264,0.7500000,4,4,0.49659680000000000,0.496596800000,1.0136362796769356,1.0136362796769358,1.0136362796769356,0E-17,ELIGIBLE,R03b_20260811_FULL_v1,L1_ELIGIBILITY,v2026-08-11,2026-03-21..2026-08-06,baccarat_bet02_101_all_pairs_incl_sentinel,round_win = game_pnl > 0 (decisive only),COMPATIBILITY_ONLY_NOT_PRODUCTION,489269.2425,434385.7699,10013.0874,446,443,-0.02046539,-1.00000000,-0.01836589,-0.02046539,-10013.0874,489269.2425,OK,0.0000,500.6544,5.0000,95.0000,AG03-UNRESOLVED,ALL5_LEVELS_bet23_to_bet27,500.6544,500.6544,500.6544,600.7852,801.0470,5.000000,5.000000,5.000000,6.000000,8.000000,95.000000,95.000000,95.000000,94.000000,92.000000,5.0,2903.7953,2588.8046,7109.2920,7424.2827,PENDING_AG03,FALSE,NOT_FOR_ENFORCEMENT,9512.4330,412666.4814,10013.0874,9512.4330,500.6544,0.02046539,0.01944212,500.6544,9512.4330,0.01944212,500.6544,500.6544,500.6544,600.7852,801.0470,9512.4330,0.01944212,2903.7953,2588.8046,7109.2920,7424.2827,0.01453043,0.01517423,0.00102327,1097.0162,980.5548,22.6029,589.0051,50.0654,28780.5437,26.0588,348.8137,1102.0831,322.9557,648.817,1291.8228,2162.7234,4064.8804,6488.1699,605.5625,0.0,6.265064,10.0,1.690794,29,98,15,4,0.00213878,0.02046539,1.00000000,0E-8,0.000000,0.887826,0.024664,-0.98163411,2026-04-25,2026-08-01,17,200,141,99,0.171717,0.316504,0.317966,0.007129,,,,,,,,GLOBAL_BASELINE_NO_ENTITY_RANKING,,,NOT_APPLICABLE_GLOBAL_BASELINE,HF9g-P5,,,,X 全窗基线 · 不参与实体赏罚,15057874,1506,A168_HF9F_20260827_0900,2026-08-27 09:00:00
2026-06-07,140903079,2252,0,322.9556904793,306.8079059553,306.8079059553,1.0000000,1,1,0.50665070000000000,0.506650700000,0.9867858985152569,0.9867858985152569,0.9867858985152569,0E-17,ELIGIBLE,R03b_20260811_FULL_v1,L1_ELIGIBILITY,v2026-08-11,2026-03-21..2026-08-06,baccarat_bet02_101_all_pairs_incl_sentinel,round_win = game_pnl > 0 (decisive only),COMPATIBILITY_ONLY_NOT_PRODUCTION,489269.2425,434385.7699,10013.0874,446,443,-0.02046539,-1.00000000,-0.01836589,-0.02046539,-10013.0874,489269.2425,OK,0.0000,500.6544,5.0000,95.0000,AG03-UNRESOLVED,ALL5_LEVELS_bet23_to_bet27,500.6544,500.6544,500.6544,600.7852,801.0470,5.000000,5.000000,5.000000,6.000000,8.000000,95.000000,95.000000,95.000000,94.000000,92.000000,5.0,2903.7953,2588.8046,7109.2920,7424.2827,PENDING_AG03,FALSE,NOT_FOR_ENFORCEMENT,9512.4330,412666.4814,10013.0874,9512.4330,500.6544,0.02046539,0.01944212,500.6544,9512.4330,0.01944212,500.6544,500.6544,500.6544,600.7852,801.0470,9512.4330,0.01944212,2903.7953,2588.8046,7109.2920,7424.2827,0.01453043,0.01517423,0.00102327,1097.0162,980.5548,22.6029,589.0051,50.0654,28780.5437,26.0588,348.8137,1102.0831,322.9557,648.817,1291.8228,2162.7234,4064.8804,6488.1699,605.5625,0.0,6.265064,10.0,1.690794,29,98,15,4,0.00213878,0.02046539,1.00000000,0E-8,0.000000,0.887826,0.024664,-0.98163411,2026-04-25,2026-08-01,17,200,141,99,0.171717,0.316504,0.317966,0.007129,,,,,,,,GLOBAL_BASELINE_NO_ENTITY_RANKING,,,NOT_APPLICABLE_GLOBAL_BASELINE,HF9g-P5,,,,X 全窗基线 · 不参与实体赏罚,15057875,1506,A168_HF9F_20260827_0900,2026-08-27 09:00:00
2026-06-08,140903079,-1,1,3444.8606984454,-893.5107436593,-893.5107436593,0.6666667,3,3,0.49771390000000000,0.497713900000,0.5852756695216578,0.5852756695216578,0.5852756695216578,0E-17,SENTINEL_DEALER,R03b_20260811_FULL_v1,L1_ELIGIBILITY,v2026-08-11,2026-03-21..2026-08-06,baccarat_bet02_101_all_pairs_incl_sentinel,round_win = game_pnl > 0 (decisive only),COMPATIBILITY_ONLY_NOT_PRODUCTION,489269.2425,434385.7699,10013.0874,446,443,-0.02046539,-1.00000000,-0.01836589,-0.02046539,-10013.0874,489269.2425,OK,0.0000,500.6544,5.0000,95.0000,AG03-UNRESOLVED,ALL5_LEVELS_bet23_to_bet27,500.6544,500.6544,500.6544,600.7852,801.0470,5.000000,5.000000,5.000000,6.000000,8.000000,95.000000,95.000000,95.000000,94.000000,92.000000,5.0,2903.7953,2588.8046,7109.2920,7424.2827,PENDING_AG03,FALSE,NOT_FOR_ENFORCEMENT,9512.4330,412666.4814,10013.0874,9512.4330,500.6544,0.02046539,0.01944212,500.6544,9512.4330,0.01944212,500.6544,500.6544,500.6544,600.7852,801.0470,9512.4330,0.01944212,2903.7953,2588.8046,7109.2920,7424.2827,0.01453043,0.01517423,0.00102327,1097.0162,980.5548,22.6029,589.0051,50.0654,28780.5437,26.0588,348.8137,1102.0831,322.9557,648.817,1291.8228,2162.7234,4064.8804,6488.1699,605.5625,0.0,6.265064,10.0,1.690794,29,98,15,4,0.00213878,0.02046539,1.00000000,0E-8,0.000000,0.887826,0.024664,-0.98163411,2026-04-25,2026-08-01,17,200,141,99,0.171717,0.316504,0.317966,0.007129,,,,,,,,GLOBAL_BASELINE_NO_ENTITY_RANKING,,,NOT_APPLICABLE_GLOBAL_BASELINE,HF9g-P5,,,,X 全窗基线 · 不参与实体赏罚,15057876,1506,A168_HF9F_20260827_0900,2026-08-27 09:00:00
2026-06-08,140903079,1004,0,645.9113809585,613.6158119106,613.6158119106,1.0000000,1,1,0.50665070000000000,0.506650700000,0.9867858985152569,0.9867858985152569,0.9867858985152569,0E-17,ELIGIBLE,R03b_20260811_FULL_v1,L1_ELIGIBILITY,v2026-08-11,2026-03-21..2026-08-06,baccarat_bet02_101_all_pairs_incl_sentinel,round_win = game_pnl > 0 (decisive only),COMPATIBILITY_ONLY_NOT_PRODUCTION,489269.2425,434385.7699,10013.0874,446,443,-0.02046539,-1.00000000,-0.01836589,-0.02046539,-10013.0874,489269.2425,OK,0.0000,500.6544,5.0000,95.0000,AG03-UNRESOLVED,ALL5_LEVELS_bet23_to_bet27,500.6544,500.6544,500.6544,600.7852,801.0470,5.000000,5.000000,5.000000,6.000000,8.000000,95.000000,95.000000,95.000000,94.000000,92.000000,5.0,2903.7953,2588.8046,7109.2920,7424.2827,PENDING_AG03,FALSE,NOT_FOR_ENFORCEMENT,9512.4330,412666.4814,10013.0874,9512.4330,500.6544,0.02046539,0.01944212,500.6544,9512.4330,0.01944212,500.6544,500.6544,500.6544,600.7852,801.0470,9512.4330,0.01944212,2903.7953,2588.8046,7109.2920,7424.2827,0.01453043,0.01517423,0.00102327,1097.0162,980.5548,22.6029,589.0051,50.0654,28780.5437,26.0588,348.8137,1102.0831,322.9557,648.817,1291.8228,2162.7234,4064.8804,6488.1699,605.5625,0.0,6.265064,10.0,1.690794,29,98,15,4,0.00213878,0.02046539,1.00000000,0E-8,0.000000,0.887826,0.024664,-0.98163411,2026-04-25,2026-08-01,17,200,141,99,0.171717,0.316504,0.317966,0.007129,,,,,,,,GLOBAL_BASELINE_NO_ENTITY_RANKING,,,NOT_APPLICABLE_GLOBAL_BASELINE,HF9g-P5,,,,X 全窗基线 · 不参与实体赏罚,15057877,1506,A168_HF9F_20260827_0900,2026-08-27 09:00:00
2026-06-08,140903079,1396,0,1330.7927485683,1195.3989579296,1195.3989579296,0.7500000,4,4,0.50329940000000000,0.503299400000,0.9868238854431842,0.9868238854431842,0.9868238854431842,0E-17,ELIGIBLE,R03b_20260811_FULL_v1,L1_ELIGIBILITY,v2026-08-11,2026-03-21..2026-08-06,baccarat_bet02_101_all_pairs_incl_sentinel,round_win = game_pnl > 0 (decisive only),COMPATIBILITY_ONLY_NOT_PRODUCTION,489269.2425,434385.7699,10013.0874,446,443,-0.02046539,-1.00000000,-0.01836589,-0.02046539,-10013.0874,489269.2425,OK,0.0000,500.6544,5.0000,95.0000,AG03-UNRESOLVED,ALL5_LEVELS_bet23_to_bet27,500.6544,500.6544,500.6544,600.7852,801.0470,5.000000,5.000000,5.000000,6.000000,8.000000,95.000000,95.000000,95.000000,94.000000,92.000000,5.0,2903.7953,2588.8046,7109.2920,7424.2827,PENDING_AG03,FALSE,NOT_FOR_ENFORCEMENT,9512.4330,412666.4814,10013.0874,9512.4330,500.6544,0.02046539,0.01944212,500.6544,9512.4330,0.01944212,500.6544,500.6544,500.6544,600.7852,801.0470,9512.4330,0.01944212,2903.7953,2588.8046,7109.2920,7424.2827,0.01453043,0.01517423,0.00102327,1097.0162,980.5548,22.6029,589.0051,50.0654,28780.5437,26.0588,348.8137,1102.0831,322.9557,648.817,1291.8228,2162.7234,4064.8804,6488.1699,605.5625,0.0,6.265064,10.0,1.690794,29,98,15,4,0.00213878,0.02046539,1.00000000,0E-8,0.000000,0.887826,0.024664,-0.98163411,2026-04-25,2026-08-01,17,200,141,99,0.171717,0.316504,0.317966,0.007129,,,,,,,,GLOBAL_BASELINE_NO_ENTITY_RANKING,,,NOT_APPLICABLE_GLOBAL_BASELINE,HF9g-P5,,,,X 全窗基线 · 不参与实体赏罚,15057878,1506,A168_HF9F_20260827_0900,2026-08-27 09:00:00
2026-06-08,140903079,1401,0,3229.5569047926,1076.5189682642,1076.5189682642,0.5000000,2,2,0.49324550000000000,0.493245500000,0.01910635448239258,0.01910635448239258,0.01910635448239258,0E-17,ELIGIBLE,R03b_20260811_FULL_v1,L1_ELIGIBILITY,v2026-08-11,2026-03-21..2026-08-06,baccarat_bet02_101_all_pairs_incl_sentinel,round_win = game_pnl > 0 (decisive only),COMPATIBILITY_ONLY_NOT_PRODUCTION,489269.2425,434385.7699,10013.0874,446,443,-0.02046539,-1.00000000,-0.01836589,-0.02046539,-10013.0874,489269.2425,OK,0.0000,500.6544,5.0000,95.0000,AG03-UNRESOLVED,ALL5_LEVELS_bet23_to_bet27,500.6544,500.6544,500.6544,600.7852,801.0470,5.000000,5.000000,5.000000,6.000000,8.000000,95.000000,95.000000,95.000000,94.000000,92.000000,5.0,2903.7953,2588.8046,7109.2920,7424.2827,PENDING_AG03,FALSE,NOT_FOR_ENFORCEMENT,9512.4330,412666.4814,10013.0874,9512.4330,500.6544,0.02046539,0.01944212,500.6544,9512.4330,0.01944212,500.6544,500.6544,500.6544,600.7852,801.0470,9512.4330,0.01944212,2903.7953,2588.8046,7109.2920,7424.2827,0.01453043,0.01517423,0.00102327,1097.0162,980.5548,22.6029,589.0051,50.0654,28780.5437,26.0588,348.8137,1102.0831,322.9557,648.817,1291.8228,2162.7234,4064.8804,6488.1699,605.5625,0.0,6.265064,10.0,1.690794,29,98,15,4,0.00213878,0.02046539,1.00000000,0E-8,0.000000,0.887826,0.024664,-0.98163411,2026-04-25,2026-08-01,17,200,141,99,0.171717,0.316504,0.317966,0.007129,,,,,,,,GLOBAL_BASELINE_NO_ENTITY_RANKING,,,NOT_APPLICABLE_GLOBAL_BASELINE,HF9g-P5,,,,X 全窗基线 · 不参与实体赏罚,15057879,1506,A168_HF9F_20260827_0900,2026-08-27 09:00:00
2026-06-08,140903079,1402,0,2921.2418722818,1305.7313869870,1305.7313869870,0.5000000,2,2,0.50665070000000000,0.506650700000,-0.018812684590367487,-0.018812684590367487,-0.018812684590367487,0E-17,ELIGIBLE,R03b_20260811_FULL_v1,L1_ELIGIBILITY,v2026-08-11,2026-03-21..2026-08-06,baccarat_bet02_101_all_pairs_incl_sentinel,round_win = game_pnl > 0 (decisive only),COMPATIBILITY_ONLY_NOT_PRODUCTION,489269.2425,434385.7699,10013.0874,446,443,-0.02046539,-1.00000000,-0.01836589,-0.02046539,-10013.0874,489269.2425,OK,0.0000,500.6544,5.0000,95.0000,AG03-UNRESOLVED,ALL5_LEVELS_bet23_to_bet27,500.6544,500.6544,500.6544,600.7852,801.0470,5.000000,5.000000,5.000000,6.000000,8.000000,95.000000,95.000000,95.000000,94.000000,92.000000,5.0,2903.7953,2588.8046,7109.2920,7424.2827,PENDING_AG03,FALSE,NOT_FOR_ENFORCEMENT,9512.4330,412666.4814,10013.0874,9512.4330,500.6544,0.02046539,0.01944212,500.6544,9512.4330,0.01944212,500.6544,500.6544,500.6544,600.7852,801.0470,9512.4330,0.01944212,2903.7953,2588.8046,7109.2920,7424.2827,0.01453043,0.01517423,0.00102327,1097.0162,980.5548,22.6029,589.0051,50.0654,28780.5437,26.0588,348.8137,1102.0831,322.9557,648.817,1291.8228,2162.7234,4064.8804,6488.1699,605.5625,0.0,6.265064,10.0,1.690794,29,98,15,4,0.00213878,0.02046539,1.00000000,0E-8,0.000000,0.887826,0.024664,-0.98163411,2026-04-25,2026-08-01,17,200,141,99,0.171717,0.316504,0.317966,0.007129,,,,,,,,GLOBAL_BASELINE_NO_ENTITY_RANKING,,,NOT_APPLICABLE_GLOBAL_BASELINE,HF9g-P5,,,,X 全窗基线 · 不参与实体赏罚,15057880,1506,A168_HF9F_20260827_0900,2026-08-27 09:00:00
2026-06-08,140903079,1485,0,850.4499849286,414.4598027817,414.4598027817,0.6666667,6,6,0.49547970000000000,0.495479700000,0.83867571210634,0.83867571210634,0.83867571210634,0E-17,ELIGIBLE,R03b_20260811_FULL_v1,L1_ELIGIBILITY,v2026-08-11,2026-03-21..2026-08-06,baccarat_bet02_101_all_pairs_incl_sentinel,round_win = game_pnl > 0 (decisive only),COMPATIBILITY_ONLY_NOT_PRODUCTION,489269.2425,434385.7699,10013.0874,446,443,-0.02046539,-1.00000000,-0.01836589,-0.02046539,-10013.0874,489269.2425,OK,0.0000,500.6544,5.0000,95.0000,AG03-UNRESOLVED,ALL5_LEVELS_bet23_to_bet27,500.6544,500.6544,500.6544,600.7852,801.0470,5.000000,5.000000,5.000000,6.000000,8.000000,95.000000,95.000000,95.000000,94.000000,92.000000,5.0,2903.7953,2588.8046,7109.2920,7424.2827,PENDING_AG03,FALSE,NOT_FOR_ENFORCEMENT,9512.4330,412666.4814,10013.0874,9512.4330,500.6544,0.02046539,0.01944212,500.6544,9512.4330,0.01944212,500.6544,500.6544,500.6544,600.7852,801.0470,9512.4330,0.01944212,2903.7953,2588.8046,7109.2920,7424.2827,0.01453043,0.01517423,0.00102327,1097.0162,980.5548,22.6029,589.0051,50.0654,28780.5437,26.0588,348.8137,1102.0831,322.9557,648.817,1291.8228,2162.7234,4064.8804,6488.1699,605.5625,0.0,6.265064,10.0,1.690794,29,98,15,4,0.00213878,0.02046539,1.00000000,0E-8,0.000000,0.887826,0.024664,-0.98163411,2026-04-25,2026-08-01,17,200,141,99,0.171717,0.316504,0.317966,0.007129,,,,,,,,GLOBAL_BASELINE_NO_ENTITY_RANKING,,,NOT_APPLICABLE_GLOBAL_BASELINE,HF9g-P5,,,,X 全窗基线 · 不参与实体赏罚,15057881,1506,A168_HF9F_20260827_0900,2026-08-27 09:00:00
2026-06-08,140903079,1714,0,2153.0379365284,-2153.0379365284,-2153.0379365284,0E-7,1,1,0.49324550000000000,0.493245500000,-0.9865810262130424,-0.9865810262130424,-0.9865810262130424,0E-17,ELIGIBLE,R03b_20260811_FULL_v1,L1_ELIGIBILITY,v2026-08-11,2026-03-21..2026-08-06,baccarat_bet02_101_all_pairs_incl_sentinel,round_win = game_pnl > 0 (decisive only),COMPATIBILITY_ONLY_NOT_PRODUCTION,489269.2425,434385.7699,10013.0874,446,443,-0.02046539,-1.00000000,-0.01836589,-0.02046539,-10013.0874,489269.2425,OK,0.0000,500.6544,5.0000,95.0000,AG03-UNRESOLVED,ALL5_LEVELS_bet23_to_bet27,500.6544,500.6544,500.6544,600.7852,801.0470,5.000000,5.000000,5.000000,6.000000,8.000000,95.000000,95.000000,95.000000,94.000000,92.000000,5.0,2903.7953,2588.8046,7109.2920,7424.2827,PENDING_AG03,FALSE,NOT_FOR_ENFORCEMENT,9512.4330,412666.4814,10013.0874,9512.4330,500.6544,0.02046539,0.01944212,500.6544,9512.4330,0.01944212,500.6544,500.6544,500.6544,600.7852,801.0470,9512.4330,0.01944212,2903.7953,2588.8046,7109.2920,7424.2827,0.01453043,0.01517423,0.00102327,1097.0162,980.5548,22.6029,589.0051,50.0654,28780.5437,26.0588,348.8137,1102.0831,322.9557,648.817,1291.8228,2162.7234,4064.8804,6488.1699,605.5625,0.0,6.265064,10.0,1.690794,29,98,15,4,0.00213878,0.02046539,1.00000000,0E-8,0.000000,0.887826,0.024664,-0.98163411,2026-04-25,2026-08-01,17,200,141,99,0.171717,0.316504,0.317966,0.007129,,,,,,,,GLOBAL_BASELINE_NO_ENTITY_RANKING,,,NOT_APPLICABLE_GLOBAL_BASELINE,HF9g-P5,,,,X 全窗基线 · 不参与实体赏罚,15057882,1506,A168_HF9F_20260827_0900,2026-08-27 09:00:00
2026-06-08,140903079,1750,0,1472.6779485854,-180.8551866684,-180.8551866684,0.5000000,2,2,0.49994810000000000,0.499948100000,0.00014679536856514622,0.00014679536856514622,0.00014679536856514622,0E-17,ELIGIBLE,R03b_20260811_FULL_v1,L1_ELIGIBILITY,v2026-08-11,2026-03-21..2026-08-06,baccarat_bet02_101_all_pairs_incl_sentinel,round_win = game_pnl > 0 (decisive only),COMPATIBILITY_ONLY_NOT_PRODUCTION,489269.2425,434385.7699,10013.0874,446,443,-0.02046539,-1.00000000,-0.01836589,-0.02046539,-10013.0874,489269.2425,OK,0.0000,500.6544,5.0000,95.0000,AG03-UNRESOLVED,ALL5_LEVELS_bet23_to_bet27,500.6544,500.6544,500.6544,600.7852,801.0470,5.000000,5.000000,5.000000,6.000000,8.000000,95.000000,95.000000,95.000000,94.000000,92.000000,5.0,2903.7953,2588.8046,7109.2920,7424.2827,PENDING_AG03,FALSE,NOT_FOR_ENFORCEMENT,9512.4330,412666.4814,10013.0874,9512.4330,500.6544,0.02046539,0.01944212,500.6544,9512.4330,0.01944212,500.6544,500.6544,500.6544,600.7852,801.0470,9512.4330,0.01944212,2903.7953,2588.8046,7109.2920,7424.2827,0.01453043,0.01517423,0.00102327,1097.0162,980.5548,22.6029,589.0051,50.0654,28780.5437,26.0588,348.8137,1102.0831,322.9557,648.817,1291.8228,2162.7234,4064.8804,6488.1699,605.5625,0.0,6.265064,10.0,1.690794,29,98,15,4,0.00213878,0.02046539,1.00000000,0E-8,0.000000,0.887826,0.024664,-0.98163411,2026-04-25,2026-08-01,17,200,141,99,0.171717,0.316504,0.317966,0.007129,,,,,,,,GLOBAL_BASELINE_NO_ENTITY_RANKING,,,NOT_APPLICABLE_GLOBAL_BASELINE,HF9g-P5,,,,X 全窗基线 · 不参与实体赏罚,15057883,1506,A168_HF9F_20260827_0900,2026-08-27 09:00:00
2026-06-08,140903079,2123,0,2153.0379365284,0E-10,0E-10,,1,1,0.49324550000000000,0.493245500000,,,,0E-17,NO_DECISIVE_ROUND,R03b_20260811_FULL_v1,L1_ELIGIBILITY,v2026-08-11,2026-03-21..2026-08-06,baccarat_bet02_101_all_pairs_incl_sentinel,round_win = game_pnl > 0 (decisive only),COMPATIBILITY_ONLY_NOT_PRODUCTION,489269.2425,434385.7699,10013.0874,446,443,-0.02046539,-1.00000000,-0.01836589,-0.02046539,-10013.0874,489269.2425,OK,0.0000,500.6544,5.0000,95.0000,AG03-UNRESOLVED,ALL5_LEVELS_bet23_to_bet27,500.6544,500.6544,500.6544,600.7852,801.0470,5.000000,5.000000,5.000000,6.000000,8.000000,95.000000,95.000000,95.000000,94.000000,92.000000,5.0,2903.7953,2588.8046,7109.2920,7424.2827,PENDING_AG03,FALSE,NOT_FOR_ENFORCEMENT,9512.4330,412666.4814,10013.0874,9512.4330,500.6544,0.02046539,0.01944212,500.6544,9512.4330,0.01944212,500.6544,500.6544,500.6544,600.7852,801.0470,9512.4330,0.01944212,2903.7953,2588.8046,7109.2920,7424.2827,0.01453043,0.01517423,0.00102327,1097.0162,980.5548,22.6029,589.0051,50.0654,28780.5437,26.0588,348.8137,1102.0831,322.9557,648.817,1291.8228,2162.7234,4064.8804,6488.1699,605.5625,0.0,6.265064,10.0,1.690794,29,98,15,4,0.00213878,0.02046539,1.00000000,0E-8,0.000000,0.887826,0.024664,-0.98163411,2026-04-25,2026-08-01,17,200,141,99,0.171717,0.316504,0.317966,0.007129,,,,,,,,GLOBAL_BASELINE_NO_ENTITY_RANKING,,,NOT_APPLICABLE_GLOBAL_BASELINE,HF9g-P5,,,,X 全窗基线 · 不参与实体赏罚,15057884,1506,A168_HF9F_20260827_0900,2026-08-27 09:00:00
2026-06-08,140903079,2153,0,7750.9365715024,-5167.2910476682,-5167.2910476682,0.3333333,3,3,0.49324550000000000,0.493245500000,-0.5540025479526107,-0.5540025479526106,-0.5540025479526107,0E-17,ELIGIBLE,R03b_20260811_FULL_v1,L1_ELIGIBILITY,v2026-08-11,2026-03-21..2026-08-06,baccarat_bet02_101_all_pairs_incl_sentinel,round_win = game_pnl > 0 (decisive only),COMPATIBILITY_ONLY_NOT_PRODUCTION,489269.2425,434385.7699,10013.0874,446,443,-0.02046539,-1.00000000,-0.01836589,-0.02046539,-10013.0874,489269.2425,OK,0.0000,500.6544,5.0000,95.0000,AG03-UNRESOLVED,ALL5_LEVELS_bet23_to_bet27,500.6544,500.6544,500.6544,600.7852,801.0470,5.000000,5.000000,5.000000,6.000000,8.000000,95.000000,95.000000,95.000000,94.000000,92.000000,5.0,2903.7953,2588.8046,7109.2920,7424.2827,PENDING_AG03,FALSE,NOT_FOR_ENFORCEMENT,9512.4330,412666.4814,10013.0874,9512.4330,500.6544,0.02046539,0.01944212,500.6544,9512.4330,0.01944212,500.6544,500.6544,500.6544,600.7852,801.0470,9512.4330,0.01944212,2903.7953,2588.8046,7109.2920,7424.2827,0.01453043,0.01517423,0.00102327,1097.0162,980.5548,22.6029,589.0051,50.0654,28780.5437,26.0588,348.8137,1102.0831,322.9557,648.817,1291.8228,2162.7234,4064.8804,6488.1699,605.5625,0.0,6.265064,10.0,1.690794,29,98,15,4,0.00213878,0.02046539,1.00000000,0E-8,0.000000,0.887826,0.024664,-0.98163411,2026-04-25,2026-08-01,17,200,141,99,0.171717,0.316504,0.317966,0.007129,,,,,,,,GLOBAL_BASELINE_NO_ENTITY_RANKING,,,NOT_APPLICABLE_GLOBAL_BASELINE,HF9g-P5,,,,X 全窗基线 · 不参与实体赏罚,15057885,1506,A168_HF9F_20260827_0900,2026-08-27 09:00:00
2026-06-08,140903079,2170,0,1619.9457434439,1189.3381561382,1189.3381561382,1.0000000,4,4,0.49659680000000000,0.496596800000,1.7438802330937357,1.7438802330937355,1.7438802330937357,0E-17,ELIGIBLE,R03b_20260811_FULL_v1,L1_ELIGIBILITY,v2026-08-11,2026-03-21..2026-08-06,baccarat_bet02_101_all_pairs_incl_sentinel,round_win = game_pnl > 0 (decisive only),COMPATIBILITY_ONLY_NOT_PRODUCTION,489269.2425,434385.7699,10013.0874,446,443,-0.02046539,-1.00000000,-0.01836589,-0.02046539,-10013.0874,489269.2425,OK,0.0000,500.6544,5.0000,95.0000,AG03-UNRESOLVED,ALL5_LEVELS_bet23_to_bet27,500.6544,500.6544,500.6544,600.7852,801.0470,5.000000,5.000000,5.000000,6.000000,8.000000,95.000000,95.000000,95.000000,94.000000,92.000000,5.0,2903.7953,2588.8046,7109.2920,7424.2827,PENDING_AG03,FALSE,NOT_FOR_ENFORCEMENT,9512.4330,412666.4814,10013.0874,9512.4330,500.6544,0.02046539,0.01944212,500.6544,9512.4330,0.01944212,500.6544,500.6544,500.6544,600.7852,801.0470,9512.4330,0.01944212,2903.7953,2588.8046,7109.2920,7424.2827,0.01453043,0.01517423,0.00102327,1097.0162,980.5548,22.6029,589.0051,50.0654,28780.5437,26.0588,348.8137,1102.0831,322.9557,648.817,1291.8228,2162.7234,4064.8804,6488.1699,605.5625,0.0,6.265064,10.0,1.690794,29,98,15,4,0.00213878,0.02046539,1.00000000,0E-8,0.000000,0.887826,0.024664,-0.98163411,2026-04-25,2026-08-01,17,200,141,99,0.171717,0.316504,0.317966,0.007129,,,,,,,,GLOBAL_BASELINE_NO_ENTITY_RANKING,,,NOT_APPLICABLE_GLOBAL_BASELINE,HF9g-P5,,,,X 全窗基线 · 不参与实体赏罚,15057886,1506,A168_HF9F_20260827_0900,2026-08-27 09:00:00
2026-06-08,140903079,2188,0,4226.8440769926,-4226.8440769926,-4226.8440769926,0E-7,1,1,0.50665070000000000,0.506650700000,-1.013391052207602,-1.013391052207602,-1.013391052207602,0E-17,ELIGIBLE,R03b_20260811_FULL_v1,L1_ELIGIBILITY,v2026-08-11,2026-03-21..2026-08-06,baccarat_bet02_101_all_pairs_incl_sentinel,round_win = game_pnl > 0 (decisive only),COMPATIBILITY_ONLY_NOT_PRODUCTION,489269.2425,434385.7699,10013.0874,446,443,-0.02046539,-1.00000000,-0.01836589,-0.02046539,-10013.0874,489269.2425,OK,0.0000,500.6544,5.0000,95.0000,AG03-UNRESOLVED,ALL5_LEVELS_bet23_to_bet27,500.6544,500.6544,500.6544,600.7852,801.0470,5.000000,5.000000,5.000000,6.000000,8.000000,95.000000,95.000000,95.000000,94.000000,92.000000,5.0,2903.7953,2588.8046,7109.2920,7424.2827,PENDING_AG03,FALSE,NOT_FOR_ENFORCEMENT,9512.4330,412666.4814,10013.0874,9512.4330,500.6544,0.02046539,0.01944212,500.6544,9512.4330,0.01944212,500.6544,500.6544,500.6544,600.7852,801.0470,9512.4330,0.01944212,2903.7953,2588.8046,7109.2920,7424.2827,0.01453043,0.01517423,0.00102327,1097.0162,980.5548,22.6029,589.0051,50.0654,28780.5437,26.0588,348.8137,1102.0831,322.9557,648.817,1291.8228,2162.7234,4064.8804,6488.1699,605.5625,0.0,6.265064,10.0,1.690794,29,98,15,4,0.00213878,0.02046539,1.00000000,0E-8,0.000000,0.887826,0.024664,-0.98163411,2026-04-25,2026-08-01,17,200,141,99,0.171717,0.316504,0.317966,0.007129,,,,,,,,GLOBAL_BASELINE_NO_ENTITY_RANKING,,,NOT_APPLICABLE_GLOBAL_BASELINE,HF9g-P5,,,,X 全窗基线 · 不参与实体赏罚,15057887,1506,A168_HF9F_20260827_0900,2026-08-27 09:00:00
2026-06-08,140903079,2233,0,3412.5651293975,-3412.5651293975,-3412.5651293975,0E-7,3,3,0.49771390000000000,0.497713900000,-1.724149546644903,-1.724149546644903,-1.724149546644903,0E-17,ELIGIBLE,R03b_20260811_FULL_v1,L1_ELIGIBILITY,v2026-08-11,2026-03-21..2026-08-06,baccarat_bet02_101_all_pairs_incl_sentinel,round_win = game_pnl > 0 (decisive only),COMPATIBILITY_ONLY_NOT_PRODUCTION,489269.2425,434385.7699,10013.0874,446,443,-0.02046539,-1.00000000,-0.01836589,-0.02046539,-10013.0874,489269.2425,OK,0.0000,500.6544,5.0000,95.0000,AG03-UNRESOLVED,ALL5_LEVELS_bet23_to_bet27,500.6544,500.6544,500.6544,600.7852,801.0470,5.000000,5.000000,5.000000,6.000000,8.000000,95.000000,95.000000,95.000000,94.000000,92.000000,5.0,2903.7953,2588.8046,7109.2920,7424.2827,PENDING_AG03,FALSE,NOT_FOR_ENFORCEMENT,9512.4330,412666.4814,10013.0874,9512.4330,500.6544,0.02046539,0.01944212,500.6544,9512.4330,0.01944212,500.6544,500.6544,500.6544,600.7852,801.0470,9512.4330,0.01944212,2903.7953,2588.8046,7109.2920,7424.2827,0.01453043,0.01517423,0.00102327,1097.0162,980.5548,22.6029,589.0051,50.0654,28780.5437,26.0588,348.8137,1102.0831,322.9557,648.817,1291.8228,2162.7234,4064.8804,6488.1699,605.5625,0.0,6.265064,10.0,1.690794,29,98,15,4,0.00213878,0.02046539,1.00000000,0E-8,0.000000,0.887826,0.024664,-0.98163411,2026-04-25,2026-08-01,17,200,141,99,0.171717,0.316504,0.317966,0.007129,,,,,,,,GLOBAL_BASELINE_NO_ENTITY_RANKING,,,NOT_APPLICABLE_GLOBAL_BASELINE,HF9g-P5,,,,X 全窗基线 · 不参与实体赏罚,15057888,1506,A168_HF9F_20260827_0900,2026-08-27 09:00:00
2026-06-08,140903079,2234,0,4306.0758730568,0E-10,0E-10,0.5000000,2,2,0.49324550000000000,0.493245500000,0.01910635448239258,0.01910635448239258,0.01910635448239258,0E-17,ELIGIBLE,R03b_20260811_FULL_v1,L1_ELIGIBILITY,v2026-08-11,2026-03-21..2026-08-06,baccarat_bet02_101_all_pairs_incl_sentinel,round_win = game_pnl > 0 (decisive only),COMPATIBILITY_ONLY_NOT_PRODUCTION,489269.2425,434385.7699,10013.0874,446,443,-0.02046539,-1.00000000,-0.01836589,-0.02046539,-10013.0874,489269.2425,OK,0.0000,500.6544,5.0000,95.0000,AG03-UNRESOLVED,ALL5_LEVELS_bet23_to_bet27,500.6544,500.6544,500.6544,600.7852,801.0470,5.000000,5.000000,5.000000,6.000000,8.000000,95.000000,95.000000,95.000000,94.000000,92.000000,5.0,2903.7953,2588.8046,7109.2920,7424.2827,PENDING_AG03,FALSE,NOT_FOR_ENFORCEMENT,9512.4330,412666.4814,10013.0874,9512.4330,500.6544,0.02046539,0.01944212,500.6544,9512.4330,0.01944212,500.6544,500.6544,500.6544,600.7852,801.0470,9512.4330,0.01944212,2903.7953,2588.8046,7109.2920,7424.2827,0.01453043,0.01517423,0.00102327,1097.0162,980.5548,22.6029,589.0051,50.0654,28780.5437,26.0588,348.8137,1102.0831,322.9557,648.817,1291.8228,2162.7234,4064.8804,6488.1699,605.5625,0.0,6.265064,10.0,1.690794,29,98,15,4,0.00213878,0.02046539,1.00000000,0E-8,0.000000,0.887826,0.024664,-0.98163411,2026-04-25,2026-08-01,17,200,141,99,0.171717,0.316504,0.317966,0.007129,,,,,,,,GLOBAL_BASELINE_NO_ENTITY_RANKING,,,NOT_APPLICABLE_GLOBAL_BASELINE,HF9g-P5,,,,X 全窗基线 · 不参与实体赏罚,15057889,1506,A168_HF9F_20260827_0900,2026-08-27 09:00:00
2026-06-08,140903079,789,0,4200.3617103733,4200.3617103733,4200.3617103733,1.0000000,1,1,0.49324550000000000,0.493245500000,1.01360149184955,1.01360149184955,1.01360149184955,0E-17,ELIGIBLE,R03b_20260811_FULL_v1,L1_ELIGIBILITY,v2026-08-11,2026-03-21..2026-08-06,baccarat_bet02_101_all_pairs_incl_sentinel,round_win = game_pnl > 0 (decisive only),COMPATIBILITY_ONLY_NOT_PRODUCTION,489269.2425,434385.7699,10013.0874,446,443,-0.02046539,-1.00000000,-0.01836589,-0.02046539,-10013.0874,489269.2425,OK,0.0000,500.6544,5.0000,95.0000,AG03-UNRESOLVED,ALL5_LEVELS_bet23_to_bet27,500.6544,500.6544,500.6544,600.7852,801.0470,5.000000,5.000000,5.000000,6.000000,8.000000,95.000000,95.000000,95.000000,94.000000,92.000000,5.0,2903.7953,2588.8046,7109.2920,7424.2827,PENDING_AG03,FALSE,NOT_FOR_ENFORCEMENT,9512.4330,412666.4814,10013.0874,9512.4330,500.6544,0.02046539,0.01944212,500.6544,9512.4330,0.01944212,500.6544,500.6544,500.6544,600.7852,801.0470,9512.4330,0.01944212,2903.7953,2588.8046,7109.2920,7424.2827,0.01453043,0.01517423,0.00102327,1097.0162,980.5548,22.6029,589.0051,50.0654,28780.5437,26.0588,348.8137,1102.0831,322.9557,648.817,1291.8228,2162.7234,4064.8804,6488.1699,605.5625,0.0,6.265064,10.0,1.690794,29,98,15,4,0.00213878,0.02046539,1.00000000,0E-8,0.000000,0.887826,0.024664,-0.98163411,2026-04-25,2026-08-01,17,200,141,99,0.171717,0.316504,0.317966,0.007129,,,,,,,,GLOBAL_BASELINE_NO_ENTITY_RANKING,,,NOT_APPLICABLE_GLOBAL_BASELINE,HF9g-P5,,,,X 全窗基线 · 不参与实体赏罚,15057890,1506,A168_HF9F_20260827_0900,2026-08-27 09:00:00
2026-06-08,140903079,970,0,1937.7341428756,1840.8474357318,1840.8474357318,1.0000000,1,1,0.50665070000000000,0.506650700000,0.9867858985152569,0.9867858985152569,0.9867858985152569,0E-17,ELIGIBLE,R03b_20260811_FULL_v1,L1_ELIGIBILITY,v2026-08-11,2026-03-21..2026-08-06,baccarat_bet02_101_all_pairs_incl_sentinel,round_win = game_pnl > 0 (decisive only),COMPATIBILITY_ONLY_NOT_PRODUCTION,489269.2425,434385.7699,10013.0874,446,443,-0.02046539,-1.00000000,-0.01836589,-0.02046539,-10013.0874,489269.2425,OK,0.0000,500.6544,5.0000,95.0000,AG03-UNRESOLVED,ALL5_LEVELS_bet23_to_bet27,500.6544,500.6544,500.6544,600.7852,801.0470,5.000000,5.000000,5.000000,6.000000,8.000000,95.000000,95.000000,95.000000,94.000000,92.000000,5.0,2903.7953,2588.8046,7109.2920,7424.2827,PENDING_AG03,FALSE,NOT_FOR_ENFORCEMENT,9512.4330,412666.4814,10013.0874,9512.4330,500.6544,0.02046539,0.01944212,500.6544,9512.4330,0.01944212,500.6544,500.6544,500.6544,600.7852,801.0470,9512.4330,0.01944212,2903.7953,2588.8046,7109.2920,7424.2827,0.01453043,0.01517423,0.00102327,1097.0162,980.5548,22.6029,589.0051,50.0654,28780.5437,26.0588,348.8137,1102.0831,322.9557,648.817,1291.8228,2162.7234,4064.8804,6488.1699,605.5625,0.0,6.265064,10.0,1.690794,29,98,15,4,0.00213878,0.02046539,1.00000000,0E-8,0.000000,0.887826,0.024664,-0.98163411,2026-04-25,2026-08-01,17,200,141,99,0.171717,0.316504,0.317966,0.007129,,,,,,,,GLOBAL_BASELINE_NO_ENTITY_RANKING,,,NOT_APPLICABLE_GLOBAL_BASELINE,HF9g-P5,,,,X 全窗基线 · 不参与实体赏罚,15057891,1506,A168_HF9F_20260827_0900,2026-08-27 09:00:00
2026-06-08,140903079,987,0,2153.0379365284,2045.3860397020,2045.3860397020,1.0000000,1,1,0.50665070000000000,0.506650700000,0.9867858985152569,0.9867858985152569,0.9867858985152569,0E-17,ELIGIBLE,R03b_20260811_FULL_v1,L1_ELIGIBILITY,v2026-08-11,2026-03-21..2026-08-06,baccarat_bet02_101_all_pairs_incl_sentinel,round_win = game_pnl > 0 (decisive only),COMPATIBILITY_ONLY_NOT_PRODUCTION,489269.2425,434385.7699,10013.0874,446,443,-0.02046539,-1.00000000,-0.01836589,-0.02046539,-10013.0874,489269.2425,OK,0.0000,500.6544,5.0000,95.0000,AG03-UNRESOLVED,ALL5_LEVELS_bet23_to_bet27,500.6544,500.6544,500.6544,600.7852,801.0470,5.000000,5.000000,5.000000,6.000000,8.000000,95.000000,95.000000,95.000000,94.000000,92.000000,5.0,2903.7953,2588.8046,7109.2920,7424.2827,PENDING_AG03,FALSE,NOT_FOR_ENFORCEMENT,9512.4330,412666.4814,10013.0874,9512.4330,500.6544,0.02046539,0.01944212,500.6544,9512.4330,0.01944212,500.6544,500.6544,500.6544,600.7852,801.0470,9512.4330,0.01944212,2903.7953,2588.8046,7109.2920,7424.2827,0.01453043,0.01517423,0.00102327,1097.0162,980.5548,22.6029,589.0051,50.0654,28780.5437,26.0588,348.8137,1102.0831,322.9557,648.817,1291.8228,2162.7234,4064.8804,6488.1699,605.5625,0.0,6.265064,10.0,1.690794,29,98,15,4,0.00213878,0.02046539,1.00000000,0E-8,0.000000,0.887826,0.024664,-0.98163411,2026-04-25,2026-08-01,17,200,141,99,0.171717,0.316504,0.317966,0.007129,,,,,,,,GLOBAL_BASELINE_NO_ENTITY_RANKING,,,NOT_APPLICABLE_GLOBAL_BASELINE,HF9g-P5,,,,X 全窗基线 · 不参与实体赏罚,15057892,1506,A168_HF9F_20260827_0900,2026-08-27 09:00:00
2026-06-09,140903079,-1,1,1291.8227619171,-861.2151746114,-861.2151746114,0E-7,3,3,0.50665070000000000,0.506650700000,-1.4331513700195317,-1.4331513700195317,-1.4331513700195317,0E-17,SENTINEL_DEALER,R03b_20260811_FULL_v1,L1_ELIGIBILITY,v2026-08-11,2026-03-21..2026-08-06,baccarat_bet02_101_all_pairs_incl_sentinel,round_win = game_pnl > 0 (decisive only),COMPATIBILITY_ONLY_NOT_PRODUCTION,489269.2425,434385.7699,10013.0874,446,443,-0.02046539,-1.00000000,-0.01836589,-0.02046539,-10013.0874,489269.2425,OK,0.0000,500.6544,5.0000,95.0000,AG03-UNRESOLVED,ALL5_LEVELS_bet23_to_bet27,500.6544,500.6544,500.6544,600.7852,801.0470,5.000000,5.000000,5.000000,6.000000,8.000000,95.000000,95.000000,95.000000,94.000000,92.000000,5.0,2903.7953,2588.8046,7109.2920,7424.2827,PENDING_AG03,FALSE,NOT_FOR_ENFORCEMENT,9512.4330,412666.4814,10013.0874,9512.4330,500.6544,0.02046539,0.01944212,500.6544,9512.4330,0.01944212,500.6544,500.6544,500.6544,600.7852,801.0470,9512.4330,0.01944212,2903.7953,2588.8046,7109.2920,7424.2827,0.01453043,0.01517423,0.00102327,1097.0162,980.5548,22.6029,589.0051,50.0654,28780.5437,26.0588,348.8137,1102.0831,322.9557,648.817,1291.8228,2162.7234,4064.8804,6488.1699,605.5625,0.0,6.265064,10.0,1.690794,29,98,15,4,0.00213878,0.02046539,1.00000000,0E-8,0.000000,0.887826,0.024664,-0.98163411,2026-04-25,2026-08-01,17,200,141,99,0.171717,0.316504,0.317966,0.007129,,,,,,,,GLOBAL_BASELINE_NO_ENTITY_RANKING,,,NOT_APPLICABLE_GLOBAL_BASELINE,HF9g-P5,,,,X 全窗基线 · 不参与实体赏罚,15057893,1506,A168_HF9F_20260827_0900,2026-08-27 09:00:00
2026-06-09,140903079,1094,0,215.3037936528,-215.3037936528,-215.3037936528,0E-7,1,1,0.50665070000000000,0.506650700000,-1.013391052207602,-1.013391052207602,-1.013391052207602,0E-17,ELIGIBLE,R03b_20260811_FULL_v1,L1_ELIGIBILITY,v2026-08-11,2026-03-21..2026-08-06,baccarat_bet02_101_all_pairs_incl_sentinel,round_win = game_pnl > 0 (decisive only),COMPATIBILITY_ONLY_NOT_PRODUCTION,489269.2425,434385.7699,10013.0874,446,443,-0.02046539,-1.00000000,-0.01836589,-0.02046539,-10013.0874,489269.2425,OK,0.0000,500.6544,5.0000,95.0000,AG03-UNRESOLVED,ALL5_LEVELS_bet23_to_bet27,500.6544,500.6544,500.6544,600.7852,801.0470,5.000000,5.000000,5.000000,6.000000,8.000000,95.000000,95.000000,95.000000,94.000000,92.000000,5.0,2903.7953,2588.8046,7109.2920,7424.2827,PENDING_AG03,FALSE,NOT_FOR_ENFORCEMENT,9512.4330,412666.4814,10013.0874,9512.4330,500.6544,0.02046539,0.01944212,500.6544,9512.4330,0.01944212,500.6544,500.6544,500.6544,600.7852,801.0470,9512.4330,0.01944212,2903.7953,2588.8046,7109.2920,7424.2827,0.01453043,0.01517423,0.00102327,1097.0162,980.5548,22.6029,589.0051,50.0654,28780.5437,26.0588,348.8137,1102.0831,322.9557,648.817,1291.8228,2162.7234,4064.8804,6488.1699,605.5625,0.0,6.265064,10.0,1.690794,29,98,15,4,0.00213878,0.02046539,1.00000000,0E-8,0.000000,0.887826,0.024664,-0.98163411,2026-04-25,2026-08-01,17,200,141,99,0.171717,0.316504,0.317966,0.007129,,,,,,,,GLOBAL_BASELINE_NO_ENTITY_RANKING,,,NOT_APPLICABLE_GLOBAL_BASELINE,HF9g-P5,,,,X 全窗基线 · 不参与实体赏罚,15057894,1506,A168_HF9F_20260827_0900,2026-08-27 09:00:00
2026-06-09,140903079,1331,0,1723.2915643974,-1723.2915643974,-1723.2915643974,0E-7,1,1,0.49324550000000000,0.493245500000,-0.9865810262130424,-0.9865810262130424,-0.9865810262130424,0E-17,ELIGIBLE,R03b_20260811_FULL_v1,L1_ELIGIBILITY,v2026-08-11,2026-03-21..2026-08-06,baccarat_bet02_101_all_pairs_incl_sentinel,round_win = game_pnl > 0 (decisive only),COMPATIBILITY_ONLY_NOT_PRODUCTION,489269.2425,434385.7699,10013.0874,446,443,-0.02046539,-1.00000000,-0.01836589,-0.02046539,-10013.0874,489269.2425,OK,0.0000,500.6544,5.0000,95.0000,AG03-UNRESOLVED,ALL5_LEVELS_bet23_to_bet27,500.6544,500.6544,500.6544,600.7852,801.0470,5.000000,5.000000,5.000000,6.000000,8.000000,95.000000,95.000000,95.000000,94.000000,92.000000,5.0,2903.7953,2588.8046,7109.2920,7424.2827,PENDING_AG03,FALSE,NOT_FOR_ENFORCEMENT,9512.4330,412666.4814,10013.0874,9512.4330,500.6544,0.02046539,0.01944212,500.6544,9512.4330,0.01944212,500.6544,500.6544,500.6544,600.7852,801.0470,9512.4330,0.01944212,2903.7953,2588.8046,7109.2920,7424.2827,0.01453043,0.01517423,0.00102327,1097.0162,980.5548,22.6029,589.0051,50.0654,28780.5437,26.0588,348.8137,1102.0831,322.9557,648.817,1291.8228,2162.7234,4064.8804,6488.1699,605.5625,0.0,6.265064,10.0,1.690794,29,98,15,4,0.00213878,0.02046539,1.00000000,0E-8,0.000000,0.887826,0.024664,-0.98163411,2026-04-25,2026-08-01,17,200,141,99,0.171717,0.316504,0.317966,0.007129,,,,,,,,GLOBAL_BASELINE_NO_ENTITY_RANKING,,,NOT_APPLICABLE_GLOBAL_BASELINE,HF9g-P5,,,,X 全窗基线 · 不参与实体赏罚,15057895,1506,A168_HF9F_20260827_0900,2026-08-27 09:00:00
2026-06-09,140903079,1940,0,430.6075873056,-430.6075873056,-430.6075873056,0E-7,2,2,0.49324550000000000,0.493245500000,-1.3952362676504506,-1.3952362676504506,-1.3952362676504506,0E-17,ELIGIBLE,R03b_20260811_FULL_v1,L1_ELIGIBILITY,v2026-08-11,2026-03-21..2026-08-06,baccarat_bet02_101_all_pairs_incl_sentinel,round_win = game_pnl > 0 (decisive only),COMPATIBILITY_ONLY_NOT_PRODUCTION,489269.2425,434385.7699,10013.0874,446,443,-0.02046539,-1.00000000,-0.01836589,-0.02046539,-10013.0874,489269.2425,OK,0.0000,500.6544,5.0000,95.0000,AG03-UNRESOLVED,ALL5_LEVELS_bet23_to_bet27,500.6544,500.6544,500.6544,600.7852,801.0470,5.000000,5.000000,5.000000,6.000000,8.000000,95.000000,95.000000,95.000000,94.000000,92.000000,5.0,2903.7953,2588.8046,7109.2920,7424.2827,PENDING_AG03,FALSE,NOT_FOR_ENFORCEMENT,9512.4330,412666.4814,10013.0874,9512.4330,500.6544,0.02046539,0.01944212,500.6544,9512.4330,0.01944212,500.6544,500.6544,500.6544,600.7852,801.0470,9512.4330,0.01944212,2903.7953,2588.8046,7109.2920,7424.2827,0.01453043,0.01517423,0.00102327,1097.0162,980.5548,22.6029,589.0051,50.0654,28780.5437,26.0588,348.8137,1102.0831,322.9557,648.817,1291.8228,2162.7234,4064.8804,6488.1699,605.5625,0.0,6.265064,10.0,1.690794,29,98,15,4,0.00213878,0.02046539,1.00000000,0E-8,0.000000,0.887826,0.024664,-0.98163411,2026-04-25,2026-08-01,17,200,141,99,0.171717,0.316504,0.317966,0.007129,,,,,,,,GLOBAL_BASELINE_NO_ENTITY_RANKING,,,NOT_APPLICABLE_GLOBAL_BASELINE,HF9g-P5,,,,X 全窗基线 · 不参与实体赏罚,15057896,1506,A168_HF9F_20260827_0900,2026-08-27 09:00:00
2026-06-09,140903079,2081,0,861.6457821987,861.6457821987,861.6457821987,1.0000000,1,1,0.49324550000000000,0.493245500000,1.01360149184955,1.01360149184955,1.01360149184955,0E-17,ELIGIBLE,R03b_20260811_FULL_v1,L1_ELIGIBILITY,v2026-08-11,2026-03-21..2026-08-06,baccarat_bet02_101_all_pairs_incl_sentinel,round_win = game_pnl > 0 (decisive only),COMPATIBILITY_ONLY_NOT_PRODUCTION,489269.2425,434385.7699,10013.0874,446,443,-0.02046539,-1.00000000,-0.01836589,-0.02046539,-10013.0874,489269.2425,OK,0.0000,500.6544,5.0000,95.0000,AG03-UNRESOLVED,ALL5_LEVELS_bet23_to_bet27,500.6544,500.6544,500.6544,600.7852,801.0470,5.000000,5.000000,5.000000,6.000000,8.000000,95.000000,95.000000,95.000000,94.000000,92.000000,5.0,2903.7953,2588.8046,7109.2920,7424.2827,PENDING_AG03,FALSE,NOT_FOR_ENFORCEMENT,9512.4330,412666.4814,10013.0874,9512.4330,500.6544,0.02046539,0.01944212,500.6544,9512.4330,0.01944212,500.6544,500.6544,500.6544,600.7852,801.0470,9512.4330,0.01944212,2903.7953,2588.8046,7109.2920,7424.2827,0.01453043,0.01517423,0.00102327,1097.0162,980.5548,22.6029,589.0051,50.0654,28780.5437,26.0588,348.8137,1102.0831,322.9557,648.817,1291.8228,2162.7234,4064.8804,6488.1699,605.5625,0.0,6.265064,10.0,1.690794,29,98,15,4,0.00213878,0.02046539,1.00000000,0E-8,0.000000,0.887826,0.024664,-0.98163411,2026-04-25,2026-08-01,17,200,141,99,0.171717,0.316504,0.317966,0.007129,,,,,,,,GLOBAL_BASELINE_NO_ENTITY_RANKING,,,NOT_APPLICABLE_GLOBAL_BASELINE,HF9g-P5,,,,X 全窗基线 · 不参与实体赏罚,15057897,1506,A168_HF9F_20260827_0900,2026-08-27 09:00:00
2026-06-09,140903079,2155,0,215.3037936528,204.5386039702,204.5386039702,1.0000000,1,1,0.50665070000000000,0.506650700000,0.9867858985152569,0.9867858985152569,0.9867858985152569,0E-17,ELIGIBLE,R03b_20260811_FULL_v1,L1_ELIGIBILITY,v2026-08-11,2026-03-21..2026-08-06,baccarat_bet02_101_all_pairs_incl_sentinel,round_win = game_pnl > 0 (decisive only),COMPATIBILITY_ONLY_NOT_PRODUCTION,489269.2425,434385.7699,10013.0874,446,443,-0.02046539,-1.00000000,-0.01836589,-0.02046539,-10013.0874,489269.2425,OK,0.0000,500.6544,5.0000,95.0000,AG03-UNRESOLVED,ALL5_LEVELS_bet23_to_bet27,500.6544,500.6544,500.6544,600.7852,801.0470,5.000000,5.000000,5.000000,6.000000,8.000000,95.000000,95.000000,95.000000,94.000000,92.000000,5.0,2903.7953,2588.8046,7109.2920,7424.2827,PENDING_AG03,FALSE,NOT_FOR_ENFORCEMENT,9512.4330,412666.4814,10013.0874,9512.4330,500.6544,0.02046539,0.01944212,500.6544,9512.4330,0.01944212,500.6544,500.6544,500.6544,600.7852,801.0470,9512.4330,0.01944212,2903.7953,2588.8046,7109.2920,7424.2827,0.01453043,0.01517423,0.00102327,1097.0162,980.5548,22.6029,589.0051,50.0654,28780.5437,26.0588,348.8137,1102.0831,322.9557,648.817,1291.8228,2162.7234,4064.8804,6488.1699,605.5625,0.0,6.265064,10.0,1.690794,29,98,15,4,0.00213878,0.02046539,1.00000000,0E-8,0.000000,0.887826,0.024664,-0.98163411,2026-04-25,2026-08-01,17,200,141,99,0.171717,0.316504,0.317966,0.007129,,,,,,,,GLOBAL_BASELINE_NO_ENTITY_RANKING,,,NOT_APPLICABLE_GLOBAL_BASELINE,HF9g-P5,,,,X 全窗基线 · 不参与实体赏罚,15057898,1506,A168_HF9F_20260827_0900,2026-08-27 09:00:00
2026-06-09,140903079,2280,0,807.3892261982,10.7651896826,10.7651896826,0.5000000,2,2,0.49324550000000000,0.493245500000,0.01910635448239258,0.01910635448239258,0.01910635448239258,0E-17,ELIGIBLE,R03b_20260811_FULL_v1,L1_ELIGIBILITY,v2026-08-11,2026-03-21..2026-08-06,baccarat_bet02_101_all_pairs_incl_sentinel,round_win = game_pnl > 0 (decisive only),COMPATIBILITY_ONLY_NOT_PRODUCTION,489269.2425,434385.7699,10013.0874,446,443,-0.02046539,-1.00000000,-0.01836589,-0.02046539,-10013.0874,489269.2425,OK,0.0000,500.6544,5.0000,95.0000,AG03-UNRESOLVED,ALL5_LEVELS_bet23_to_bet27,500.6544,500.6544,500.6544,600.7852,801.0470,5.000000,5.000000,5.000000,6.000000,8.000000,95.000000,95.000000,95.000000,94.000000,92.000000,5.0,2903.7953,2588.8046,7109.2920,7424.2827,PENDING_AG03,FALSE,NOT_FOR_ENFORCEMENT,9512.4330,412666.4814,10013.0874,9512.4330,500.6544,0.02046539,0.01944212,500.6544,9512.4330,0.01944212,500.6544,500.6544,500.6544,600.7852,801.0470,9512.4330,0.01944212,2903.7953,2588.8046,7109.2920,7424.2827,0.01453043,0.01517423,0.00102327,1097.0162,980.5548,22.6029,589.0051,50.0654,28780.5437,26.0588,348.8137,1102.0831,322.9557,648.817,1291.8228,2162.7234,4064.8804,6488.1699,605.5625,0.0,6.265064,10.0,1.690794,29,98,15,4,0.00213878,0.02046539,1.00000000,0E-8,0.000000,0.887826,0.024664,-0.98163411,2026-04-25,2026-08-01,17,200,141,99,0.171717,0.316504,0.317966,0.007129,,,,,,,,GLOBAL_BASELINE_NO_ENTITY_RANKING,,,NOT_APPLICABLE_GLOBAL_BASELINE,HF9g-P5,,,,X 全窗基线 · 不参与实体赏罚,15057899,1506,A168_HF9F_20260827_0900,2026-08-27 09:00:00
2026-06-10,140903079,-1,1,2045.3860397020,-2045.3860397020,-2045.3860397020,0E-7,1,1,0.50665070000000000,0.506650700000,-1.013391052207602,-1.013391052207602,-1.013391052207602,0E-17,SENTINEL_DEALER,R03b_20260811_FULL_v1,L1_ELIGIBILITY,v2026-08-11,2026-03-21..2026-08-06,baccarat_bet02_101_all_pairs_incl_sentinel,round_win = game_pnl > 0 (decisive only),COMPATIBILITY_ONLY_NOT_PRODUCTION,489269.2425,434385.7699,10013.0874,446,443,-0.02046539,-1.00000000,-0.01836589,-0.02046539,-10013.0874,489269.2425,OK,0.0000,500.6544,5.0000,95.0000,AG03-UNRESOLVED,ALL5_LEVELS_bet23_to_bet27,500.6544,500.6544,500.6544,600.7852,801.0470,5.000000,5.000000,5.000000,6.000000,8.000000,95.000000,95.000000,95.000000,94.000000,92.000000,5.0,2903.7953,2588.8046,7109.2920,7424.2827,PENDING_AG03,FALSE,NOT_FOR_ENFORCEMENT,9512.4330,412666.4814,10013.0874,9512.4330,500.6544,0.02046539,0.01944212,500.6544,9512.4330,0.01944212,500.6544,500.6544,500.6544,600.7852,801.0470,9512.4330,0.01944212,2903.7953,2588.8046,7109.2920,7424.2827,0.01453043,0.01517423,0.00102327,1097.0162,980.5548,22.6029,589.0051,50.0654,28780.5437,26.0588,348.8137,1102.0831,322.9557,648.817,1291.8228,2162.7234,4064.8804,6488.1699,605.5625,0.0,6.265064,10.0,1.690794,29,98,15,4,0.00213878,0.02046539,1.00000000,0E-8,0.000000,0.887826,0.024664,-0.98163411,2026-04-25,2026-08-01,17,200,141,99,0.171717,0.316504,0.317966,0.007129,,,,,,,,GLOBAL_BASELINE_NO_ENTITY_RANKING,,,NOT_APPLICABLE_GLOBAL_BASELINE,HF9g-P5,,,,X 全窗基线 · 不参与实体赏罚,15057900,1506,A168_HF9F_20260827_0900,2026-08-27 09:00:00
2026-06-10,140903079,1704,0,2260.4745295612,-2260.4745295612,-2260.4745295612,0E-7,1,1,0.50665070000000000,0.506650700000,-1.013391052207602,-1.013391052207602,-1.013391052207602,0E-17,ELIGIBLE,R03b_20260811_FULL_v1,L1_ELIGIBILITY,v2026-08-11,2026-03-21..2026-08-06,baccarat_bet02_101_all_pairs_incl_sentinel,round_win = game_pnl > 0 (decisive only),COMPATIBILITY_ONLY_NOT_PRODUCTION,489269.2425,434385.7699,10013.0874,446,443,-0.02046539,-1.00000000,-0.01836589,-0.02046539,-10013.0874,489269.2425,OK,0.0000,500.6544,5.0000,95.0000,AG03-UNRESOLVED,ALL5_LEVELS_bet23_to_bet27,500.6544,500.6544,500.6544,600.7852,801.0470,5.000000,5.000000,5.000000,6.000000,8.000000,95.000000,95.000000,95.000000,94.000000,92.000000,5.0,2903.7953,2588.8046,7109.2920,7424.2827,PENDING_AG03,FALSE,NOT_FOR_ENFORCEMENT,9512.4330,412666.4814,10013.0874,9512.4330,500.6544,0.02046539,0.01944212,500.6544,9512.4330,0.01944212,500.6544,500.6544,500.6544,600.7852,801.0470,9512.4330,0.01944212,2903.7953,2588.8046,7109.2920,7424.2827,0.01453043,0.01517423,0.00102327,1097.0162,980.5548,22.6029,589.0051,50.0654,28780.5437,26.0588,348.8137,1102.0831,322.9557,648.817,1291.8228,2162.7234,4064.8804,6488.1699,605.5625,0.0,6.265064,10.0,1.690794,29,98,15,4,0.00213878,0.02046539,1.00000000,0E-8,0.000000,0.887826,0.024664,-0.98163411,2026-04-25,2026-08-01,17,200,141,99,0.171717,0.316504,0.317966,0.007129,,,,,,,,GLOBAL_BASELINE_NO_ENTITY_RANKING,,,NOT_APPLICABLE_GLOBAL_BASELINE,HF9g-P5,,,,X 全窗基线 · 不参与实体赏罚,15057901,1506,A168_HF9F_20260827_0900,2026-08-27 09:00:00
2026-06-12,140903079,1325,0,2153.0379365284,-2153.0379365284,-2153.0379365284,0E-7,1,1,0.50665070000000000,0.506650700000,-1.013391052207602,-1.013391052207602,-1.013391052207602,0E-17,ELIGIBLE,R03b_20260811_FULL_v1,L1_ELIGIBILITY,v2026-08-11,2026-03-21..2026-08-06,baccarat_bet02_101_all_pairs_incl_sentinel,round_win = game_pnl > 0 (decisive only),COMPATIBILITY_ONLY_NOT_PRODUCTION,489269.2425,434385.7699,10013.0874,446,443,-0.02046539,-1.00000000,-0.01836589,-0.02046539,-10013.0874,489269.2425,OK,0.0000,500.6544,5.0000,95.0000,AG03-UNRESOLVED,ALL5_LEVELS_bet23_to_bet27,500.6544,500.6544,500.6544,600.7852,801.0470,5.000000,5.000000,5.000000,6.000000,8.000000,95.000000,95.000000,95.000000,94.000000,92.000000,5.0,2903.7953,2588.8046,7109.2920,7424.2827,PENDING_AG03,FALSE,NOT_FOR_ENFORCEMENT,9512.4330,412666.4814,10013.0874,9512.4330,500.6544,0.02046539,0.01944212,500.6544,9512.4330,0.01944212,500.6544,500.6544,500.6544,600.7852,801.0470,9512.4330,0.01944212,2903.7953,2588.8046,7109.2920,7424.2827,0.01453043,0.01517423,0.00102327,1097.0162,980.5548,22.6029,589.0051,50.0654,28780.5437,26.0588,348.8137,1102.0831,322.9557,648.817,1291.8228,2162.7234,4064.8804,6488.1699,605.5625,0.0,6.265064,10.0,1.690794,29,98,15,4,0.00213878,0.02046539,1.00000000,0E-8,0.000000,0.887826,0.024664,-0.98163411,2026-04-25,2026-08-01,17,200,141,99,0.171717,0.316504,0.317966,0.007129,,,,,,,,GLOBAL_BASELINE_NO_ENTITY_RANKING,,,NOT_APPLICABLE_GLOBAL_BASELINE,HF9g-P5,,,,X 全窗基线 · 不参与实体赏罚,15057902,1506,A168_HF9F_20260827_0900,2026-08-27 09:00:00
2026-06-12,140903079,2170,0,2153.0379365284,-1076.5189682642,-1076.5189682642,0E-7,2,2,0.50665070000000000,0.506650700000,-1.013391052207602,-1.013391052207602,-1.013391052207602,0E-17,ELIGIBLE,R03b_20260811_FULL_v1,L1_ELIGIBILITY,v2026-08-11,2026-03-21..2026-08-06,baccarat_bet02_101_all_pairs_incl_sentinel,round_win = game_pnl > 0 (decisive only),COMPATIBILITY_ONLY_NOT_PRODUCTION,489269.2425,434385.7699,10013.0874,446,443,-0.02046539,-1.00000000,-0.01836589,-0.02046539,-10013.0874,489269.2425,OK,0.0000,500.6544,5.0000,95.0000,AG03-UNRESOLVED,ALL5_LEVELS_bet23_to_bet27,500.6544,500.6544,500.6544,600.7852,801.0470,5.000000,5.000000,5.000000,6.000000,8.000000,95.000000,95.000000,95.000000,94.000000,92.000000,5.0,2903.7953,2588.8046,7109.2920,7424.2827,PENDING_AG03,FALSE,NOT_FOR_ENFORCEMENT,9512.4330,412666.4814,10013.0874,9512.4330,500.6544,0.02046539,0.01944212,500.6544,9512.4330,0.01944212,500.6544,500.6544,500.6544,600.7852,801.0470,9512.4330,0.01944212,2903.7953,2588.8046,7109.2920,7424.2827,0.01453043,0.01517423,0.00102327,1097.0162,980.5548,22.6029,589.0051,50.0654,28780.5437,26.0588,348.8137,1102.0831,322.9557,648.817,1291.8228,2162.7234,4064.8804,6488.1699,605.5625,0.0,6.265064,10.0,1.690794,29,98,15,4,0.00213878,0.02046539,1.00000000,0E-8,0.000000,0.887826,0.024664,-0.98163411,2026-04-25,2026-08-01,17,200,141,99,0.171717,0.316504,0.317966,0.007129,,,,,,,,GLOBAL_BASELINE_NO_ENTITY_RANKING,,,NOT_APPLICABLE_GLOBAL_BASELINE,HF9g-P5,,,,X 全窗基线 · 不参与实体赏罚,15057903,1506,A168_HF9F_20260827_0900,2026-08-27 09:00:00
2026-06-12,140903079,2201,0,3380.2695603497,1614.7784523963,1614.7784523963,0.6000000,5,5,0.49860758000000000,0.498607580000,0.4534424453485946,0.4534424453485946,0.4534424453485946,0E-17,ELIGIBLE,R03b_20260811_FULL_v1,L1_ELIGIBILITY,v2026-08-11,2026-03-21..2026-08-06,baccarat_bet02_101_all_pairs_incl_sentinel,round_win = game_pnl > 0 (decisive only),COMPATIBILITY_ONLY_NOT_PRODUCTION,489269.2425,434385.7699,10013.0874,446,443,-0.02046539,-1.00000000,-0.01836589,-0.02046539,-10013.0874,489269.2425,OK,0.0000,500.6544,5.0000,95.0000,AG03-UNRESOLVED,ALL5_LEVELS_bet23_to_bet27,500.6544,500.6544,500.6544,600.7852,801.0470,5.000000,5.000000,5.000000,6.000000,8.000000,95.000000,95.000000,95.000000,94.000000,92.000000,5.0,2903.7953,2588.8046,7109.2920,7424.2827,PENDING_AG03,FALSE,NOT_FOR_ENFORCEMENT,9512.4330,412666.4814,10013.0874,9512.4330,500.6544,0.02046539,0.01944212,500.6544,9512.4330,0.01944212,500.6544,500.6544,500.6544,600.7852,801.0470,9512.4330,0.01944212,2903.7953,2588.8046,7109.2920,7424.2827,0.01453043,0.01517423,0.00102327,1097.0162,980.5548,22.6029,589.0051,50.0654,28780.5437,26.0588,348.8137,1102.0831,322.9557,648.817,1291.8228,2162.7234,4064.8804,6488.1699,605.5625,0.0,6.265064,10.0,1.690794,29,98,15,4,0.00213878,0.02046539,1.00000000,0E-8,0.000000,0.887826,0.024664,-0.98163411,2026-04-25,2026-08-01,17,200,141,99,0.171717,0.316504,0.317966,0.007129,,,,,,,,GLOBAL_BASELINE_NO_ENTITY_RANKING,,,NOT_APPLICABLE_GLOBAL_BASELINE,HF9g-P5,,,,X 全窗基线 · 不参与实体赏罚,15057904,1506,A168_HF9F_20260827_0900,2026-08-27 09:00:00
2026-06-12,140903079,2278,0,538.2594841321,-538.2594841321,-538.2594841321,0E-7,1,1,0.50665070000000000,0.506650700000,-1.013391052207602,-1.013391052207602,-1.013391052207602,0E-17,ELIGIBLE,R03b_20260811_FULL_v1,L1_ELIGIBILITY,v2026-08-11,2026-03-21..2026-08-06,baccarat_bet02_101_all_pairs_incl_sentinel,round_win = game_pnl > 0 (decisive only),COMPATIBILITY_ONLY_NOT_PRODUCTION,489269.2425,434385.7699,10013.0874,446,443,-0.02046539,-1.00000000,-0.01836589,-0.02046539,-10013.0874,489269.2425,OK,0.0000,500.6544,5.0000,95.0000,AG03-UNRESOLVED,ALL5_LEVELS_bet23_to_bet27,500.6544,500.6544,500.6544,600.7852,801.0470,5.000000,5.000000,5.000000,6.000000,8.000000,95.000000,95.000000,95.000000,94.000000,92.000000,5.0,2903.7953,2588.8046,7109.2920,7424.2827,PENDING_AG03,FALSE,NOT_FOR_ENFORCEMENT,9512.4330,412666.4814,10013.0874,9512.4330,500.6544,0.02046539,0.01944212,500.6544,9512.4330,0.01944212,500.6544,500.6544,500.6544,600.7852,801.0470,9512.4330,0.01944212,2903.7953,2588.8046,7109.2920,7424.2827,0.01453043,0.01517423,0.00102327,1097.0162,980.5548,22.6029,589.0051,50.0654,28780.5437,26.0588,348.8137,1102.0831,322.9557,648.817,1291.8228,2162.7234,4064.8804,6488.1699,605.5625,0.0,6.265064,10.0,1.690794,29,98,15,4,0.00213878,0.02046539,1.00000000,0E-8,0.000000,0.887826,0.024664,-0.98163411,2026-04-25,2026-08-01,17,200,141,99,0.171717,0.316504,0.317966,0.007129,,,,,,,,GLOBAL_BASELINE_NO_ENTITY_RANKING,,,NOT_APPLICABLE_GLOBAL_BASELINE,HF9g-P5,,,,X 全窗基线 · 不参与实体赏罚,15057905,1506,A168_HF9F_20260827_0900,2026-08-27 09:00:00
2026-06-13,140903079,-1,1,10614.4770270850,-74.2798088102,-74.2798088102,0.5000000,7,7,0.50282064285714286,0.502820642857,-0.013818491375558404,-0.0138184913748585,-0.013818491375558404,1.4286E-13,SENTINEL_DEALER,R03b_20260811_FULL_v1,L1_ELIGIBILITY,v2026-08-11,2026-03-21..2026-08-06,baccarat_bet02_101_all_pairs_incl_sentinel,round_win = game_pnl > 0 (decisive only),COMPATIBILITY_ONLY_NOT_PRODUCTION,489269.2425,434385.7699,10013.0874,446,443,-0.02046539,-1.00000000,-0.01836589,-0.02046539,-10013.0874,489269.2425,OK,0.0000,500.6544,5.0000,95.0000,AG03-UNRESOLVED,ALL5_LEVELS_bet23_to_bet27,500.6544,500.6544,500.6544,600.7852,801.0470,5.000000,5.000000,5.000000,6.000000,8.000000,95.000000,95.000000,95.000000,94.000000,92.000000,5.0,2903.7953,2588.8046,7109.2920,7424.2827,PENDING_AG03,FALSE,NOT_FOR_ENFORCEMENT,9512.4330,412666.4814,10013.0874,9512.4330,500.6544,0.02046539,0.01944212,500.6544,9512.4330,0.01944212,500.6544,500.6544,500.6544,600.7852,801.0470,9512.4330,0.01944212,2903.7953,2588.8046,7109.2920,7424.2827,0.01453043,0.01517423,0.00102327,1097.0162,980.5548,22.6029,589.0051,50.0654,28780.5437,26.0588,348.8137,1102.0831,322.9557,648.817,1291.8228,2162.7234,4064.8804,6488.1699,605.5625,0.0,6.265064,10.0,1.690794,29,98,15,4,0.00213878,0.02046539,1.00000000,0E-8,0.000000,0.887826,0.024664,-0.98163411,2026-04-25,2026-08-01,17,200,141,99,0.171717,0.316504,0.317966,0.007129,,,,,,,,GLOBAL_BASELINE_NO_ENTITY_RANKING,,,NOT_APPLICABLE_GLOBAL_BASELINE,HF9g-P5,,,,X 全窗基线 · 不参与实体赏罚,15057906,1506,A168_HF9F_20260827_0900,2026-08-27 09:00:00
2026-06-13,140903079,1210,0,645.9113809585,613.6158119106,613.6158119106,1.0000000,1,1,0.50665070000000000,0.506650700000,0.9867858985152569,0.9867858985152569,0.9867858985152569,0E-17,ELIGIBLE,R03b_20260811_FULL_v1,L1_ELIGIBILITY,v2026-08-11,2026-03-21..2026-08-06,baccarat_bet02_101_all_pairs_incl_sentinel,round_win = game_pnl > 0 (decisive only),COMPATIBILITY_ONLY_NOT_PRODUCTION,489269.2425,434385.7699,10013.0874,446,443,-0.02046539,-1.00000000,-0.01836589,-0.02046539,-10013.0874,489269.2425,OK,0.0000,500.6544,5.0000,95.0000,AG03-UNRESOLVED,ALL5_LEVELS_bet23_to_bet27,500.6544,500.6544,500.6544,600.7852,801.0470,5.000000,5.000000,5.000000,6.000000,8.000000,95.000000,95.000000,95.000000,94.000000,92.000000,5.0,2903.7953,2588.8046,7109.2920,7424.2827,PENDING_AG03,FALSE,NOT_FOR_ENFORCEMENT,9512.4330,412666.4814,10013.0874,9512.4330,500.6544,0.02046539,0.01944212,500.6544,9512.4330,0.01944212,500.6544,500.6544,500.6544,600.7852,801.0470,9512.4330,0.01944212,2903.7953,2588.8046,7109.2920,7424.2827,0.01453043,0.01517423,0.00102327,1097.0162,980.5548,22.6029,589.0051,50.0654,28780.5437,26.0588,348.8137,1102.0831,322.9557,648.817,1291.8228,2162.7234,4064.8804,6488.1699,605.5625,0.0,6.265064,10.0,1.690794,29,98,15,4,0.00213878,0.02046539,1.00000000,0E-8,0.000000,0.887826,0.024664,-0.98163411,2026-04-25,2026-08-01,17,200,141,99,0.171717,0.316504,0.317966,0.007129,,,,,,,,GLOBAL_BASELINE_NO_ENTITY_RANKING,,,NOT_APPLICABLE_GLOBAL_BASELINE,HF9g-P5,,,,X 全窗基线 · 不参与实体赏罚,15057907,1506,A168_HF9F_20260827_0900,2026-08-27 09:00:00
2026-06-13,140903079,1304,0,645.9113809585,-645.9113809585,-645.9113809585,0E-7,1,1,0.50665070000000000,0.506650700000,-1.013391052207602,-1.013391052207602,-1.013391052207602,0E-17,ELIGIBLE,R03b_20260811_FULL_v1,L1_ELIGIBILITY,v2026-08-11,2026-03-21..2026-08-06,baccarat_bet02_101_all_pairs_incl_sentinel,round_win = game_pnl > 0 (decisive only),COMPATIBILITY_ONLY_NOT_PRODUCTION,489269.2425,434385.7699,10013.0874,446,443,-0.02046539,-1.00000000,-0.01836589,-0.02046539,-10013.0874,489269.2425,OK,0.0000,500.6544,5.0000,95.0000,AG03-UNRESOLVED,ALL5_LEVELS_bet23_to_bet27,500.6544,500.6544,500.6544,600.7852,801.0470,5.000000,5.000000,5.000000,6.000000,8.000000,95.000000,95.000000,95.000000,94.000000,92.000000,5.0,2903.7953,2588.8046,7109.2920,7424.2827,PENDING_AG03,FALSE,NOT_FOR_ENFORCEMENT,9512.4330,412666.4814,10013.0874,9512.4330,500.6544,0.02046539,0.01944212,500.6544,9512.4330,0.01944212,500.6544,500.6544,500.6544,600.7852,801.0470,9512.4330,0.01944212,2903.7953,2588.8046,7109.2920,7424.2827,0.01453043,0.01517423,0.00102327,1097.0162,980.5548,22.6029,589.0051,50.0654,28780.5437,26.0588,348.8137,1102.0831,322.9557,648.817,1291.8228,2162.7234,4064.8804,6488.1699,605.5625,0.0,6.265064,10.0,1.690794,29,98,15,4,0.00213878,0.02046539,1.00000000,0E-8,0.000000,0.887826,0.024664,-0.98163411,2026-04-25,2026-08-01,17,200,141,99,0.171717,0.316504,0.317966,0.007129,,,,,,,,GLOBAL_BASELINE_NO_ENTITY_RANKING,,,NOT_APPLICABLE_GLOBAL_BASELINE,HF9g-P5,,,,X 全窗基线 · 不参与实体赏罚,15057908,1506,A168_HF9F_20260827_0900,2026-08-27 09:00:00
2026-06-13,140903079,1383,0,2045.3860397020,-2045.3860397020,-2045.3860397020,0E-7,1,1,0.50665070000000000,0.506650700000,-1.013391052207602,-1.013391052207602,-1.013391052207602,0E-17,ELIGIBLE,R03b_20260811_FULL_v1,L1_ELIGIBILITY,v2026-08-11,2026-03-21..2026-08-06,baccarat_bet02_101_all_pairs_incl_sentinel,round_win = game_pnl > 0 (decisive only),COMPATIBILITY_ONLY_NOT_PRODUCTION,489269.2425,434385.7699,10013.0874,446,443,-0.02046539,-1.00000000,-0.01836589,-0.02046539,-10013.0874,489269.2425,OK,0.0000,500.6544,5.0000,95.0000,AG03-UNRESOLVED,ALL5_LEVELS_bet23_to_bet27,500.6544,500.6544,500.6544,600.7852,801.0470,5.000000,5.000000,5.000000,6.000000,8.000000,95.000000,95.000000,95.000000,94.000000,92.000000,5.0,2903.7953,2588.8046,7109.2920,7424.2827,PENDING_AG03,FALSE,NOT_FOR_ENFORCEMENT,9512.4330,412666.4814,10013.0874,9512.4330,500.6544,0.02046539,0.01944212,500.6544,9512.4330,0.01944212,500.6544,500.6544,500.6544,600.7852,801.0470,9512.4330,0.01944212,2903.7953,2588.8046,7109.2920,7424.2827,0.01453043,0.01517423,0.00102327,1097.0162,980.5548,22.6029,589.0051,50.0654,28780.5437,26.0588,348.8137,1102.0831,322.9557,648.817,1291.8228,2162.7234,4064.8804,6488.1699,605.5625,0.0,6.265064,10.0,1.690794,29,98,15,4,0.00213878,0.02046539,1.00000000,0E-8,0.000000,0.887826,0.024664,-0.98163411,2026-04-25,2026-08-01,17,200,141,99,0.171717,0.316504,0.317966,0.007129,,,,,,,,GLOBAL_BASELINE_NO_ENTITY_RANKING,,,NOT_APPLICABLE_GLOBAL_BASELINE,HF9g-P5,,,,X 全窗基线 · 不参与实体赏罚,15057909,1506,A168_HF9F_20260827_0900,2026-08-27 09:00:00
2026-06-13,140903079,2108,0,2045.3860397020,-2045.3860397020,-2045.3860397020,0E-7,1,1,0.49324550000000000,0.493245500000,-0.9865810262130424,-0.9865810262130424,-0.9865810262130424,0E-17,ELIGIBLE,R03b_20260811_FULL_v1,L1_ELIGIBILITY,v2026-08-11,2026-03-21..2026-08-06,baccarat_bet02_101_all_pairs_incl_sentinel,round_win = game_pnl > 0 (decisive only),COMPATIBILITY_ONLY_NOT_PRODUCTION,489269.2425,434385.7699,10013.0874,446,443,-0.02046539,-1.00000000,-0.01836589,-0.02046539,-10013.0874,489269.2425,OK,0.0000,500.6544,5.0000,95.0000,AG03-UNRESOLVED,ALL5_LEVELS_bet23_to_bet27,500.6544,500.6544,500.6544,600.7852,801.0470,5.000000,5.000000,5.000000,6.000000,8.000000,95.000000,95.000000,95.000000,94.000000,92.000000,5.0,2903.7953,2588.8046,7109.2920,7424.2827,PENDING_AG03,FALSE,NOT_FOR_ENFORCEMENT,9512.4330,412666.4814,10013.0874,9512.4330,500.6544,0.02046539,0.01944212,500.6544,9512.4330,0.01944212,500.6544,500.6544,500.6544,600.7852,801.0470,9512.4330,0.01944212,2903.7953,2588.8046,7109.2920,7424.2827,0.01453043,0.01517423,0.00102327,1097.0162,980.5548,22.6029,589.0051,50.0654,28780.5437,26.0588,348.8137,1102.0831,322.9557,648.817,1291.8228,2162.7234,4064.8804,6488.1699,605.5625,0.0,6.265064,10.0,1.690794,29,98,15,4,0.00213878,0.02046539,1.00000000,0E-8,0.000000,0.887826,0.024664,-0.98163411,2026-04-25,2026-08-01,17,200,141,99,0.171717,0.316504,0.317966,0.007129,,,,,,,,GLOBAL_BASELINE_NO_ENTITY_RANKING,,,NOT_APPLICABLE_GLOBAL_BASELINE,HF9g-P5,,,,X 全窗基线 · 不参与实体赏罚,15057910,1506,A168_HF9F_20260827_0900,2026-08-27 09:00:00
2026-06-13,140903079,2229,0,2153.0379365284,-2153.0379365284,-2153.0379365284,0E-7,1,1,0.50665070000000000,0.506650700000,-1.013391052207602,-1.013391052207602,-1.013391052207602,0E-17,ELIGIBLE,R03b_20260811_FULL_v1,L1_ELIGIBILITY,v2026-08-11,2026-03-21..2026-08-06,baccarat_bet02_101_all_pairs_incl_sentinel,round_win = game_pnl > 0 (decisive only),COMPATIBILITY_ONLY_NOT_PRODUCTION,489269.2425,434385.7699,10013.0874,446,443,-0.02046539,-1.00000000,-0.01836589,-0.02046539,-10013.0874,489269.2425,OK,0.0000,500.6544,5.0000,95.0000,AG03-UNRESOLVED,ALL5_LEVELS_bet23_to_bet27,500.6544,500.6544,500.6544,600.7852,801.0470,5.000000,5.000000,5.000000,6.000000,8.000000,95.000000,95.000000,95.000000,94.000000,92.000000,5.0,2903.7953,2588.8046,7109.2920,7424.2827,PENDING_AG03,FALSE,NOT_FOR_ENFORCEMENT,9512.4330,412666.4814,10013.0874,9512.4330,500.6544,0.02046539,0.01944212,500.6544,9512.4330,0.01944212,500.6544,500.6544,500.6544,600.7852,801.0470,9512.4330,0.01944212,2903.7953,2588.8046,7109.2920,7424.2827,0.01453043,0.01517423,0.00102327,1097.0162,980.5548,22.6029,589.0051,50.0654,28780.5437,26.0588,348.8137,1102.0831,322.9557,648.817,1291.8228,2162.7234,4064.8804,6488.1699,605.5625,0.0,6.265064,10.0,1.690794,29,98,15,4,0.00213878,0.02046539,1.00000000,0E-8,0.000000,0.887826,0.024664,-0.98163411,2026-04-25,2026-08-01,17,200,141,99,0.171717,0.316504,0.317966,0.007129,,,,,,,,GLOBAL_BASELINE_NO_ENTITY_RANKING,,,NOT_APPLICABLE_GLOBAL_BASELINE,HF9g-P5,,,,X 全窗基线 · 不参与实体赏罚,15057911,1506,A168_HF9F_20260827_0900,2026-08-27 09:00:00
2026-06-13,140903079,2267,0,2153.0379365284,2045.3860397020,2045.3860397020,1.0000000,1,1,0.50665070000000000,0.506650700000,0.9867858985152569,0.9867858985152569,0.9867858985152569,0E-17,ELIGIBLE,R03b_20260811_FULL_v1,L1_ELIGIBILITY,v2026-08-11,2026-03-21..2026-08-06,baccarat_bet02_101_all_pairs_incl_sentinel,round_win = game_pnl > 0 (decisive only),COMPATIBILITY_ONLY_NOT_PRODUCTION,489269.2425,434385.7699,10013.0874,446,443,-0.02046539,-1.00000000,-0.01836589,-0.02046539,-10013.0874,489269.2425,OK,0.0000,500.6544,5.0000,95.0000,AG03-UNRESOLVED,ALL5_LEVELS_bet23_to_bet27,500.6544,500.6544,500.6544,600.7852,801.0470,5.000000,5.000000,5.000000,6.000000,8.000000,95.000000,95.000000,95.000000,94.000000,92.000000,5.0,2903.7953,2588.8046,7109.2920,7424.2827,PENDING_AG03,FALSE,NOT_FOR_ENFORCEMENT,9512.4330,412666.4814,10013.0874,9512.4330,500.6544,0.02046539,0.01944212,500.6544,9512.4330,0.01944212,500.6544,500.6544,500.6544,600.7852,801.0470,9512.4330,0.01944212,2903.7953,2588.8046,7109.2920,7424.2827,0.01453043,0.01517423,0.00102327,1097.0162,980.5548,22.6029,589.0051,50.0654,28780.5437,26.0588,348.8137,1102.0831,322.9557,648.817,1291.8228,2162.7234,4064.8804,6488.1699,605.5625,0.0,6.265064,10.0,1.690794,29,98,15,4,0.00213878,0.02046539,1.00000000,0E-8,0.000000,0.887826,0.024664,-0.98163411,2026-04-25,2026-08-01,17,200,141,99,0.171717,0.316504,0.317966,0.007129,,,,,,,,GLOBAL_BASELINE_NO_ENTITY_RANKING,,,NOT_APPLICABLE_GLOBAL_BASELINE,HF9g-P5,,,,X 全窗基线 · 不参与实体赏罚,15057912,1506,A168_HF9F_20260827_0900,2026-08-27 09:00:00
2026-07-03,140903079,2093,0,1067.6460539802,-1067.6460539802,-1067.6460539802,0E-7,1,1,0.49324550000000000,0.493245500000,-0.9865810262130424,-0.9865810262130424,-0.9865810262130424,0E-17,ELIGIBLE,R03b_20260811_FULL_v1,L1_ELIGIBILITY,v2026-08-11,2026-03-21..2026-08-06,baccarat_bet02_101_all_pairs_incl_sentinel,round_win = game_pnl > 0 (decisive only),COMPATIBILITY_ONLY_NOT_PRODUCTION,489269.2425,434385.7699,10013.0874,446,443,-0.02046539,-1.00000000,-0.01836589,-0.02046539,-10013.0874,489269.2425,OK,0.0000,500.6544,5.0000,95.0000,AG03-UNRESOLVED,ALL5_LEVELS_bet23_to_bet27,500.6544,500.6544,500.6544,600.7852,801.0470,5.000000,5.000000,5.000000,6.000000,8.000000,95.000000,95.000000,95.000000,94.000000,92.000000,5.0,2903.7953,2588.8046,7109.2920,7424.2827,PENDING_AG03,FALSE,NOT_FOR_ENFORCEMENT,9512.4330,412666.4814,10013.0874,9512.4330,500.6544,0.02046539,0.01944212,500.6544,9512.4330,0.01944212,500.6544,500.6544,500.6544,600.7852,801.0470,9512.4330,0.01944212,2903.7953,2588.8046,7109.2920,7424.2827,0.01453043,0.01517423,0.00102327,1097.0162,980.5548,22.6029,589.0051,50.0654,28780.5437,26.0588,348.8137,1102.0831,322.9557,648.817,1291.8228,2162.7234,4064.8804,6488.1699,605.5625,0.0,6.265064,10.0,1.690794,29,98,15,4,0.00213878,0.02046539,1.00000000,0E-8,0.000000,0.887826,0.024664,-0.98163411,2026-04-25,2026-08-01,17,200,141,99,0.171717,0.316504,0.317966,0.007129,,,,,,,,GLOBAL_BASELINE_NO_ENTITY_RANKING,,,NOT_APPLICABLE_GLOBAL_BASELINE,HF9g-P5,,,,X 全窗基线 · 不参与实体赏罚,15057913,1506,A168_HF9F_20260827_0900,2026-08-27 09:00:00
2026-08-01,140903079,2160,0,209.2882107951,-209.2882107951,-209.2882107951,0E-7,1,1,0.49324550000000000,0.493245500000,-0.9865810262130424,-0.9865810262130424,-0.9865810262130424,0E-17,ELIGIBLE,R03b_20260811_FULL_v1,L1_ELIGIBILITY,v2026-08-11,2026-03-21..2026-08-06,baccarat_bet02_101_all_pairs_incl_sentinel,round_win = game_pnl > 0 (decisive only),COMPATIBILITY_ONLY_NOT_PRODUCTION,489269.2425,434385.7699,10013.0874,446,443,-0.02046539,-1.00000000,-0.01836589,-0.02046539,-10013.0874,489269.2425,OK,0.0000,500.6544,5.0000,95.0000,AG03-UNRESOLVED,ALL5_LEVELS_bet23_to_bet27,500.6544,500.6544,500.6544,600.7852,801.0470,5.000000,5.000000,5.000000,6.000000,8.000000,95.000000,95.000000,95.000000,94.000000,92.000000,5.0,2903.7953,2588.8046,7109.2920,7424.2827,PENDING_AG03,FALSE,NOT_FOR_ENFORCEMENT,9512.4330,412666.4814,10013.0874,9512.4330,500.6544,0.02046539,0.01944212,500.6544,9512.4330,0.01944212,500.6544,500.6544,500.6544,600.7852,801.0470,9512.4330,0.01944212,2903.7953,2588.8046,7109.2920,7424.2827,0.01453043,0.01517423,0.00102327,1097.0162,980.5548,22.6029,589.0051,50.0654,28780.5437,26.0588,348.8137,1102.0831,322.9557,648.817,1291.8228,2162.7234,4064.8804,6488.1699,605.5625,0.0,6.265064,10.0,1.690794,29,98,15,4,0.00213878,0.02046539,1.00000000,0E-8,0.000000,0.887826,0.024664,-0.98163411,2026-04-25,2026-08-01,17,200,141,99,0.171717,0.316504,0.317966,0.007129,,,,,,,,GLOBAL_BASELINE_NO_ENTITY_RANKING,,,NOT_APPLICABLE_GLOBAL_BASELINE,HF9g-P5,,,,X 全窗基线 · 不参与实体赏罚,15057914,1506,A168_HF9F_20260827_0900,2026-08-27 09:00:00
2026-08-01,140903079,2280,0,418.5764215902,-418.5764215902,-418.5764215902,0E-7,1,1,0.49324550000000000,0.493245500000,-0.9865810262130424,-0.9865810262130424,-0.9865810262130424,0E-17,ELIGIBLE,R03b_20260811_FULL_v1,L1_ELIGIBILITY,v2026-08-11,2026-03-21..2026-08-06,baccarat_bet02_101_all_pairs_incl_sentinel,round_win = game_pnl > 0 (decisive only),COMPATIBILITY_ONLY_NOT_PRODUCTION,489269.2425,434385.7699,10013.0874,446,443,-0.02046539,-1.00000000,-0.01836589,-0.02046539,-10013.0874,489269.2425,OK,0.0000,500.6544,5.0000,95.0000,AG03-UNRESOLVED,ALL5_LEVELS_bet23_to_bet27,500.6544,500.6544,500.6544,600.7852,801.0470,5.000000,5.000000,5.000000,6.000000,8.000000,95.000000,95.000000,95.000000,94.000000,92.000000,5.0,2903.7953,2588.8046,7109.2920,7424.2827,PENDING_AG03,FALSE,NOT_FOR_ENFORCEMENT,9512.4330,412666.4814,10013.0874,9512.4330,500.6544,0.02046539,0.01944212,500.6544,9512.4330,0.01944212,500.6544,500.6544,500.6544,600.7852,801.0470,9512.4330,0.01944212,2903.7953,2588.8046,7109.2920,7424.2827,0.01453043,0.01517423,0.00102327,1097.0162,980.5548,22.6029,589.0051,50.0654,28780.5437,26.0588,348.8137,1102.0831,322.9557,648.817,1291.8228,2162.7234,4064.8804,6488.1699,605.5625,0.0,6.265064,10.0,1.690794,29,98,15,4,0.00213878,0.02046539,1.00000000,0E-8,0.000000,0.887826,0.024664,-0.98163411,2026-04-25,2026-08-01,17,200,141,99,0.171717,0.316504,0.317966,0.007129,,,,,,,,GLOBAL_BASELINE_NO_ENTITY_RANKING,,,NOT_APPLICABLE_GLOBAL_BASELINE,HF9g-P5,,,,X 全窗基线 · 不参与实体赏罚,15057915,1506,A168_HF9F_20260827_0900,2026-08-27 09:00:00
2026-08-01,140903079,2287,0,418.5764215902,-418.5764215902,-418.5764215902,0E-7,1,1,0.49324550000000000,0.493245500000,-0.9865810262130424,-0.9865810262130424,-0.9865810262130424,0E-17,ELIGIBLE,R03b_20260811_FULL_v1,L1_ELIGIBILITY,v2026-08-11,2026-03-21..2026-08-06,baccarat_bet02_101_all_pairs_incl_sentinel,round_win = game_pnl > 0 (decisive only),COMPATIBILITY_ONLY_NOT_PRODUCTION,489269.2425,434385.7699,10013.0874,446,443,-0.02046539,-1.00000000,-0.01836589,-0.02046539,-10013.0874,489269.2425,OK,0.0000,500.6544,5.0000,95.0000,AG03-UNRESOLVED,ALL5_LEVELS_bet23_to_bet27,500.6544,500.6544,500.6544,600.7852,801.0470,5.000000,5.000000,5.000000,6.000000,8.000000,95.000000,95.000000,95.000000,94.000000,92.000000,5.0,2903.7953,2588.8046,7109.2920,7424.2827,PENDING_AG03,FALSE,NOT_FOR_ENFORCEMENT,9512.4330,412666.4814,10013.0874,9512.4330,500.6544,0.02046539,0.01944212,500.6544,9512.4330,0.01944212,500.6544,500.6544,500.6544,600.7852,801.0470,9512.4330,0.01944212,2903.7953,2588.8046,7109.2920,7424.2827,0.01453043,0.01517423,0.00102327,1097.0162,980.5548,22.6029,589.0051,50.0654,28780.5437,26.0588,348.8137,1102.0831,322.9557,648.817,1291.8228,2162.7234,4064.8804,6488.1699,605.5625,0.0,6.265064,10.0,1.690794,29,98,15,4,0.00213878,0.02046539,1.00000000,0E-8,0.000000,0.887826,0.024664,-0.98163411,2026-04-25,2026-08-01,17,200,141,99,0.171717,0.316504,0.317966,0.007129,,,,,,,,GLOBAL_BASELINE_NO_ENTITY_RANKING,,,NOT_APPLICABLE_GLOBAL_BASELINE,HF9g-P5,,,,X 全窗基线 · 不参与实体赏罚,15057916,1506,A168_HF9F_20260827_0900,2026-08-27 09:00:00
2026-03-24,122817705,1949,0,17.9055744267,-4.4763936066,-4.4763936066,0.5000000,3,3,0.49771390000000000,0.497713900000,0.006466134837551399,0.0064661348375514,0.006466134837551399,0E-17,ELIGIBLE,R03b_20260811_FULL_v1,L1_ELIGIBILITY,v2026-08-11,2026-03-21..2026-08-06,baccarat_bet02_101_all_pairs_incl_sentinel,round_win = game_pnl > 0 (decisive only),COMPATIBILITY_ONLY_NOT_PRODUCTION,146521.7074,130543.1969,9908.8042,964,936,-0.06762687,-0.04731611,-0.08301766,-0.06762687,-9908.8042,146521.7074,OK,0.0000,396.3522,4.0000,96.0000,AG03-UNRESOLVED,ALL5_LEVELS_bet23_to_bet27,396.3522,396.3522,495.4402,495.4402,495.4402,4.000000,4.000000,5.000000,5.000000,5.000000,96.000000,96.000000,95.000000,95.000000,95.000000,5.0,2279.0250,2079.2952,7629.7792,7829.509,PENDING_AG03,FALSE,NOT_FOR_ENFORCEMENT,9512.4520,125321.4690,9908.8042,9512.4520,396.3522,0.06762687,0.06492179,396.3522,9512.4520,0.06492179,396.3522,396.3522,495.4402,495.4402,495.4402,9512.4520,0.06492179,2279.0250,2079.2952,7629.7792,7829.509,0.05207269,0.05343583,0.00270507,151.9935,139.4692,10.5863,152.4431,22.3171,2254.1801,14.4000,175.9468,137.7798,29.6291,128.4258,256.8515,258.1778,514.3107,777.7133,102.8621,0.0,4.004732,6.055743,1.183512,29,129,8,3,0.43109585,0.06762687,0.04731611,0E-8,0.000000,0.890948,0.000000,0.03570155,2026-03-24,2026-08-06,65,444,384,136,0.477941,1.277014,1.157594,1.436986,,,,,,,,GLOBAL_BASELINE_NO_ENTITY_RANKING,,,NOT_APPLICABLE_GLOBAL_BASELINE,HF9g-P5,,,,X 全窗基线 · 不参与实体赏罚,15057917,1506,A168_HF9F_20260827_0900,2026-08-27 09:00:00
2026-03-24,122817705,2224,0,184.3220896859,-184.3220896859,-184.3220896859,0E-7,1,1,0.49324550000000000,0.493245500000,-0.9865810262130424,-0.9865810262130424,-0.9865810262130424,0E-17,ELIGIBLE,R03b_20260811_FULL_v1,L1_ELIGIBILITY,v2026-08-11,2026-03-21..2026-08-06,baccarat_bet02_101_all_pairs_incl_sentinel,round_win = game_pnl > 0 (decisive only),COMPATIBILITY_ONLY_NOT_PRODUCTION,146521.7074,130543.1969,9908.8042,964,936,-0.06762687,-0.04731611,-0.08301766,-0.06762687,-9908.8042,146521.7074,OK,0.0000,396.3522,4.0000,96.0000,AG03-UNRESOLVED,ALL5_LEVELS_bet23_to_bet27,396.3522,396.3522,495.4402,495.4402,495.4402,4.000000,4.000000,5.000000,5.000000,5.000000,96.000000,96.000000,95.000000,95.000000,95.000000,5.0,2279.0250,2079.2952,7629.7792,7829.509,PENDING_AG03,FALSE,NOT_FOR_ENFORCEMENT,9512.4520,125321.4690,9908.8042,9512.4520,396.3522,0.06762687,0.06492179,396.3522,9512.4520,0.06492179,396.3522,396.3522,495.4402,495.4402,495.4402,9512.4520,0.06492179,2279.0250,2079.2952,7629.7792,7829.509,0.05207269,0.05343583,0.00270507,151.9935,139.4692,10.5863,152.4431,22.3171,2254.1801,14.4000,175.9468,137.7798,29.6291,128.4258,256.8515,258.1778,514.3107,777.7133,102.8621,0.0,4.004732,6.055743,1.183512,29,129,8,3,0.43109585,0.06762687,0.04731611,0E-8,0.000000,0.890948,0.000000,0.03570155,2026-03-24,2026-08-06,65,444,384,136,0.477941,1.277014,1.157594,1.436986,,,,,,,,GLOBAL_BASELINE_NO_ENTITY_RANKING,,,NOT_APPLICABLE_GLOBAL_BASELINE,HF9g-P5,,,,X 全窗基线 · 不参与实体赏罚,15057918,1506,A168_HF9F_20260827_0900,2026-08-27 09:00:00
2026-04-03,122817705,-1,1,62.8222914431,-62.8222914431,-62.8222914431,0E-7,1,1,0.50665070000000000,0.506650700000,-1.013391052207602,-1.013391052207602,-1.013391052207602,0E-17,SENTINEL_DEALER,R03b_20260811_FULL_v1,L1_ELIGIBILITY,v2026-08-11,2026-03-21..2026-08-06,baccarat_bet02_101_all_pairs_incl_sentinel,round_win = game_pnl > 0 (decisive only),COMPATIBILITY_ONLY_NOT_PRODUCTION,146521.7074,130543.1969,9908.8042,964,936,-0.06762687,-0.04731611,-0.08301766,-0.06762687,-9908.8042,146521.7074,OK,0.0000,396.3522,4.0000,96.0000,AG03-UNRESOLVED,ALL5_LEVELS_bet23_to_bet27,396.3522,396.3522,495.4402,495.4402,495.4402,4.000000,4.000000,5.000000,5.000000,5.000000,96.000000,96.000000,95.000000,95.000000,95.000000,5.0,2279.0250,2079.2952,7629.7792,7829.509,PENDING_AG03,FALSE,NOT_FOR_ENFORCEMENT,9512.4520,125321.4690,9908.8042,9512.4520,396.3522,0.06762687,0.06492179,396.3522,9512.4520,0.06492179,396.3522,396.3522,495.4402,495.4402,495.4402,9512.4520,0.06492179,2279.0250,2079.2952,7629.7792,7829.509,0.05207269,0.05343583,0.00270507,151.9935,139.4692,10.5863,152.4431,22.3171,2254.1801,14.4000,175.9468,137.7798,29.6291,128.4258,256.8515,258.1778,514.3107,777.7133,102.8621,0.0,4.004732,6.055743,1.183512,29,129,8,3,0.43109585,0.06762687,0.04731611,0E-8,0.000000,0.890948,0.000000,0.03570155,2026-03-24,2026-08-06,65,444,384,136,0.477941,1.277014,1.157594,1.436986,,,,,,,,GLOBAL_BASELINE_NO_ENTITY_RANKING,,,NOT_APPLICABLE_GLOBAL_BASELINE,HF9g-P5,,,,X 全窗基线 · 不参与实体赏罚,15057919,1506,A168_HF9F_20260827_0900,2026-08-27 09:00:00
2026-04-03,122817705,1702,0,3.4028741198,-3.4028741198,-3.4028741198,0E-7,1,1,0.49324550000000000,0.493245500000,-0.9865810262130424,-0.9865810262130424,-0.9865810262130424,0E-17,ELIGIBLE,R03b_20260811_FULL_v1,L1_ELIGIBILITY,v2026-08-11,2026-03-21..2026-08-06,baccarat_bet02_101_all_pairs_incl_sentinel,round_win = game_pnl > 0 (decisive only),COMPATIBILITY_ONLY_NOT_PRODUCTION,146521.7074,130543.1969,9908.8042,964,936,-0.06762687,-0.04731611,-0.08301766,-0.06762687,-9908.8042,146521.7074,OK,0.0000,396.3522,4.0000,96.0000,AG03-UNRESOLVED,ALL5_LEVELS_bet23_to_bet27,396.3522,396.3522,495.4402,495.4402,495.4402,4.000000,4.000000,5.000000,5.000000,5.000000,96.000000,96.000000,95.000000,95.000000,95.000000,5.0,2279.0250,2079.2952,7629.7792,7829.509,PENDING_AG03,FALSE,NOT_FOR_ENFORCEMENT,9512.4520,125321.4690,9908.8042,9512.4520,396.3522,0.06762687,0.06492179,396.3522,9512.4520,0.06492179,396.3522,396.3522,495.4402,495.4402,495.4402,9512.4520,0.06492179,2279.0250,2079.2952,7629.7792,7829.509,0.05207269,0.05343583,0.00270507,151.9935,139.4692,10.5863,152.4431,22.3171,2254.1801,14.4000,175.9468,137.7798,29.6291,128.4258,256.8515,258.1778,514.3107,777.7133,102.8621,0.0,4.004732,6.055743,1.183512,29,129,8,3,0.43109585,0.06762687,0.04731611,0E-8,0.000000,0.890948,0.000000,0.03570155,2026-03-24,2026-08-06,65,444,384,136,0.477941,1.277014,1.157594,1.436986,,,,,,,,GLOBAL_BASELINE_NO_ENTITY_RANKING,,,NOT_APPLICABLE_GLOBAL_BASELINE,HF9g-P5,,,,X 全窗基线 · 不参与实体赏罚,15057920,1506,A168_HF9F_20260827_0900,2026-08-27 09:00:00
2026-04-03,122817705,2123,0,104.7038190718,-104.7038190718,-104.7038190718,0E-7,1,1,0.49324550000000000,0.493245500000,-0.9865810262130424,-0.9865810262130424,-0.9865810262130424,0E-17,ELIGIBLE,R03b_20260811_FULL_v1,L1_ELIGIBILITY,v2026-08-11,2026-03-21..2026-08-06,baccarat_bet02_101_all_pairs_incl_sentinel,round_win = game_pnl > 0 (decisive only),COMPATIBILITY_ONLY_NOT_PRODUCTION,146521.7074,130543.1969,9908.8042,964,936,-0.06762687,-0.04731611,-0.08301766,-0.06762687,-9908.8042,146521.7074,OK,0.0000,396.3522,4.0000,96.0000,AG03-UNRESOLVED,ALL5_LEVELS_bet23_to_bet27,396.3522,396.3522,495.4402,495.4402,495.4402,4.000000,4.000000,5.000000,5.000000,5.000000,96.000000,96.000000,95.000000,95.000000,95.000000,5.0,2279.0250,2079.2952,7629.7792,7829.509,PENDING_AG03,FALSE,NOT_FOR_ENFORCEMENT,9512.4520,125321.4690,9908.8042,9512.4520,396.3522,0.06762687,0.06492179,396.3522,9512.4520,0.06492179,396.3522,396.3522,495.4402,495.4402,495.4402,9512.4520,0.06492179,2279.0250,2079.2952,7629.7792,7829.509,0.05207269,0.05343583,0.00270507,151.9935,139.4692,10.5863,152.4431,22.3171,2254.1801,14.4000,175.9468,137.7798,29.6291,128.4258,256.8515,258.1778,514.3107,777.7133,102.8621,0.0,4.004732,6.055743,1.183512,29,129,8,3,0.43109585,0.06762687,0.04731611,0E-8,0.000000,0.890948,0.000000,0.03570155,2026-03-24,2026-08-06,65,444,384,136,0.477941,1.277014,1.157594,1.436986,,,,,,,,GLOBAL_BASELINE_NO_ENTITY_RANKING,,,NOT_APPLICABLE_GLOBAL_BASELINE,HF9g-P5,,,,X 全窗基线 · 不参与实体赏罚,15057921,1506,A168_HF9F_20260827_0900,2026-08-27 09:00:00
2026-04-09,122817705,-1,1,39.2639321520,11.7791796456,11.7791796456,0.5000000,2,2,0.50665070000000000,0.506650700000,-0.018812684590367487,-0.018812684590367487,-0.018812684590367487,0E-17,SENTINEL_DEALER,R03b_20260811_FULL_v1,L1_ELIGIBILITY,v2026-08-11,2026-03-21..2026-08-06,baccarat_bet02_101_all_pairs_incl_sentinel,round_win = game_pnl > 0 (decisive only),COMPATIBILITY_ONLY_NOT_PRODUCTION,146521.7074,130543.1969,9908.8042,964,936,-0.06762687,-0.04731611,-0.08301766,-0.06762687,-9908.8042,146521.7074,OK,0.0000,396.3522,4.0000,96.0000,AG03-UNRESOLVED,ALL5_LEVELS_bet23_to_bet27,396.3522,396.3522,495.4402,495.4402,495.4402,4.000000,4.000000,5.000000,5.000000,5.000000,96.000000,96.000000,95.000000,95.000000,95.000000,5.0,2279.0250,2079.2952,7629.7792,7829.509,PENDING_AG03,FALSE,NOT_FOR_ENFORCEMENT,9512.4520,125321.4690,9908.8042,9512.4520,396.3522,0.06762687,0.06492179,396.3522,9512.4520,0.06492179,396.3522,396.3522,495.4402,495.4402,495.4402,9512.4520,0.06492179,2279.0250,2079.2952,7629.7792,7829.509,0.05207269,0.05343583,0.00270507,151.9935,139.4692,10.5863,152.4431,22.3171,2254.1801,14.4000,175.9468,137.7798,29.6291,128.4258,256.8515,258.1778,514.3107,777.7133,102.8621,0.0,4.004732,6.055743,1.183512,29,129,8,3,0.43109585,0.06762687,0.04731611,0E-8,0.000000,0.890948,0.000000,0.03570155,2026-03-24,2026-08-06,65,444,384,136,0.477941,1.277014,1.157594,1.436986,,,,,,,,GLOBAL_BASELINE_NO_ENTITY_RANKING,,,NOT_APPLICABLE_GLOBAL_BASELINE,HF9g-P5,,,,X 全窗基线 · 不参与实体赏罚,15057922,1506,A168_HF9F_20260827_0900,2026-08-27 09:00:00
2026-04-09,122817705,1490,0,13.0879773840,12.4335785148,12.4335785148,1.0000000,1,1,0.50665070000000000,0.506650700000,0.9867858985152569,0.9867858985152569,0.9867858985152569,0E-17,ELIGIBLE,R03b_20260811_FULL_v1,L1_ELIGIBILITY,v2026-08-11,2026-03-21..2026-08-06,baccarat_bet02_101_all_pairs_incl_sentinel,round_win = game_pnl > 0 (decisive only),COMPATIBILITY_ONLY_NOT_PRODUCTION,146521.7074,130543.1969,9908.8042,964,936,-0.06762687,-0.04731611,-0.08301766,-0.06762687,-9908.8042,146521.7074,OK,0.0000,396.3522,4.0000,96.0000,AG03-UNRESOLVED,ALL5_LEVELS_bet23_to_bet27,396.3522,396.3522,495.4402,495.4402,495.4402,4.000000,4.000000,5.000000,5.000000,5.000000,96.000000,96.000000,95.000000,95.000000,95.000000,5.0,2279.0250,2079.2952,7629.7792,7829.509,PENDING_AG03,FALSE,NOT_FOR_ENFORCEMENT,9512.4520,125321.4690,9908.8042,9512.4520,396.3522,0.06762687,0.06492179,396.3522,9512.4520,0.06492179,396.3522,396.3522,495.4402,495.4402,495.4402,9512.4520,0.06492179,2279.0250,2079.2952,7629.7792,7829.509,0.05207269,0.05343583,0.00270507,151.9935,139.4692,10.5863,152.4431,22.3171,2254.1801,14.4000,175.9468,137.7798,29.6291,128.4258,256.8515,258.1778,514.3107,777.7133,102.8621,0.0,4.004732,6.055743,1.183512,29,129,8,3,0.43109585,0.06762687,0.04731611,0E-8,0.000000,0.890948,0.000000,0.03570155,2026-03-24,2026-08-06,65,444,384,136,0.477941,1.277014,1.157594,1.436986,,,,,,,,GLOBAL_BASELINE_NO_ENTITY_RANKING,,,NOT_APPLICABLE_GLOBAL_BASELINE,HF9g-P5,,,,X 全窗基线 · 不参与实体赏罚,15057923,1506,A168_HF9F_20260827_0900,2026-08-27 09:00:00
2026-05-20,122817705,-1,1,54.4860152561,28.5402937056,28.5402937056,1.0000000,3,3,0.49771390000000000,0.497713900000,1.4206944795187548,1.420694479518755,1.4206944795187548,0E-17,SENTINEL_DEALER,R03b_20260811_FULL_v1,L1_ELIGIBILITY,v2026-08-11,2026-03-21..2026-08-06,baccarat_bet02_101_all_pairs_incl_sentinel,round_win = game_pnl > 0 (decisive only),COMPATIBILITY_ONLY_NOT_PRODUCTION,146521.7074,130543.1969,9908.8042,964,936,-0.06762687,-0.04731611,-0.08301766,-0.06762687,-9908.8042,146521.7074,OK,0.0000,396.3522,4.0000,96.0000,AG03-UNRESOLVED,ALL5_LEVELS_bet23_to_bet27,396.3522,396.3522,495.4402,495.4402,495.4402,4.000000,4.000000,5.000000,5.000000,5.000000,96.000000,96.000000,95.000000,95.000000,95.000000,5.0,2279.0250,2079.2952,7629.7792,7829.509,PENDING_AG03,FALSE,NOT_FOR_ENFORCEMENT,9512.4520,125321.4690,9908.8042,9512.4520,396.3522,0.06762687,0.06492179,396.3522,9512.4520,0.06492179,396.3522,396.3522,495.4402,495.4402,495.4402,9512.4520,0.06492179,2279.0250,2079.2952,7629.7792,7829.509,0.05207269,0.05343583,0.00270507,151.9935,139.4692,10.5863,152.4431,22.3171,2254.1801,14.4000,175.9468,137.7798,29.6291,128.4258,256.8515,258.1778,514.3107,777.7133,102.8621,0.0,4.004732,6.055743,1.183512,29,129,8,3,0.43109585,0.06762687,0.04731611,0E-8,0.000000,0.890948,0.000000,0.03570155,2026-03-24,2026-08-06,65,444,384,136,0.477941,1.277014,1.157594,1.436986,,,,,,,,GLOBAL_BASELINE_NO_ENTITY_RANKING,,,NOT_APPLICABLE_GLOBAL_BASELINE,HF9g-P5,,,,X 全窗基线 · 不参与实体赏罚,15057924,1506,A168_HF9F_20260827_0900,2026-08-27 09:00:00
2026-05-20,122817705,1985,0,500.7524259249,31.1348658607,31.1348658607,0.2000000,6,6,0.50218230000000000,0.502182300000,-1.351413200886205,-1.351413200886205,-1.351413200886205,0E-17,ELIGIBLE,R03b_20260811_FULL_v1,L1_ELIGIBILITY,v2026-08-11,2026-03-21..2026-08-06,baccarat_bet02_101_all_pairs_incl_sentinel,round_win = game_pnl > 0 (decisive only),COMPATIBILITY_ONLY_NOT_PRODUCTION,146521.7074,130543.1969,9908.8042,964,936,-0.06762687,-0.04731611,-0.08301766,-0.06762687,-9908.8042,146521.7074,OK,0.0000,396.3522,4.0000,96.0000,AG03-UNRESOLVED,ALL5_LEVELS_bet23_to_bet27,396.3522,396.3522,495.4402,495.4402,495.4402,4.000000,4.000000,5.000000,5.000000,5.000000,96.000000,96.000000,95.000000,95.000000,95.000000,5.0,2279.0250,2079.2952,7629.7792,7829.509,PENDING_AG03,FALSE,NOT_FOR_ENFORCEMENT,9512.4520,125321.4690,9908.8042,9512.4520,396.3522,0.06762687,0.06492179,396.3522,9512.4520,0.06492179,396.3522,396.3522,495.4402,495.4402,495.4402,9512.4520,0.06492179,2279.0250,2079.2952,7629.7792,7829.509,0.05207269,0.05343583,0.00270507,151.9935,139.4692,10.5863,152.4431,22.3171,2254.1801,14.4000,175.9468,137.7798,29.6291,128.4258,256.8515,258.1778,514.3107,777.7133,102.8621,0.0,4.004732,6.055743,1.183512,29,129,8,3,0.43109585,0.06762687,0.04731611,0E-8,0.000000,0.890948,0.000000,0.03570155,2026-03-24,2026-08-06,65,444,384,136,0.477941,1.277014,1.157594,1.436986,,,,,,,,GLOBAL_BASELINE_NO_ENTITY_RANKING,,,NOT_APPLICABLE_GLOBAL_BASELINE,HF9g-P5,,,,X 全窗基线 · 不参与实体赏罚,15057925,1506,A168_HF9F_20260827_0900,2026-08-27 09:00:00
2026-05-20,122817705,2229,0,12.9728607753,12.3242177365,12.3242177365,1.0000000,1,1,0.50665070000000000,0.506650700000,0.9867858985152569,0.9867858985152569,0.9867858985152569,0E-17,ELIGIBLE,R03b_20260811_FULL_v1,L1_ELIGIBILITY,v2026-08-11,2026-03-21..2026-08-06,baccarat_bet02_101_all_pairs_incl_sentinel,round_win = game_pnl > 0 (decisive only),COMPATIBILITY_ONLY_NOT_PRODUCTION,146521.7074,130543.1969,9908.8042,964,936,-0.06762687,-0.04731611,-0.08301766,-0.06762687,-9908.8042,146521.7074,OK,0.0000,396.3522,4.0000,96.0000,AG03-UNRESOLVED,ALL5_LEVELS_bet23_to_bet27,396.3522,396.3522,495.4402,495.4402,495.4402,4.000000,4.000000,5.000000,5.000000,5.000000,96.000000,96.000000,95.000000,95.000000,95.000000,5.0,2279.0250,2079.2952,7629.7792,7829.509,PENDING_AG03,FALSE,NOT_FOR_ENFORCEMENT,9512.4520,125321.4690,9908.8042,9512.4520,396.3522,0.06762687,0.06492179,396.3522,9512.4520,0.06492179,396.3522,396.3522,495.4402,495.4402,495.4402,9512.4520,0.06492179,2279.0250,2079.2952,7629.7792,7829.509,0.05207269,0.05343583,0.00270507,151.9935,139.4692,10.5863,152.4431,22.3171,2254.1801,14.4000,175.9468,137.7798,29.6291,128.4258,256.8515,258.1778,514.3107,777.7133,102.8621,0.0,4.004732,6.055743,1.183512,29,129,8,3,0.43109585,0.06762687,0.04731611,0E-8,0.000000,0.890948,0.000000,0.03570155,2026-03-24,2026-08-06,65,444,384,136,0.477941,1.277014,1.157594,1.436986,,,,,,,,GLOBAL_BASELINE_NO_ENTITY_RANKING,,,NOT_APPLICABLE_GLOBAL_BASELINE,HF9g-P5,,,,X 全窗基线 · 不参与实体赏罚,15057926,1506,A168_HF9F_20260827_0900,2026-08-27 09:00:00
2026-05-20,122817705,986,0,38.9185823258,11.6755746977,11.6755746977,0.5000000,2,2,0.50665070000000000,0.506650700000,-0.018812684590367487,-0.018812684590367487,-0.018812684590367487,0E-17,ELIGIBLE,R03b_20260811_FULL_v1,L1_ELIGIBILITY,v2026-08-11,2026-03-21..2026-08-06,baccarat_bet02_101_all_pairs_incl_sentinel,round_win = game_pnl > 0 (decisive only),COMPATIBILITY_ONLY_NOT_PRODUCTION,146521.7074,130543.1969,9908.8042,964,936,-0.06762687,-0.04731611,-0.08301766,-0.06762687,-9908.8042,146521.7074,OK,0.0000,396.3522,4.0000,96.0000,AG03-UNRESOLVED,ALL5_LEVELS_bet23_to_bet27,396.3522,396.3522,495.4402,495.4402,495.4402,4.000000,4.000000,5.000000,5.000000,5.000000,96.000000,96.000000,95.000000,95.000000,95.000000,5.0,2279.0250,2079.2952,7629.7792,7829.509,PENDING_AG03,FALSE,NOT_FOR_ENFORCEMENT,9512.4520,125321.4690,9908.8042,9512.4520,396.3522,0.06762687,0.06492179,396.3522,9512.4520,0.06492179,396.3522,396.3522,495.4402,495.4402,495.4402,9512.4520,0.06492179,2279.0250,2079.2952,7629.7792,7829.509,0.05207269,0.05343583,0.00270507,151.9935,139.4692,10.5863,152.4431,22.3171,2254.1801,14.4000,175.9468,137.7798,29.6291,128.4258,256.8515,258.1778,514.3107,777.7133,102.8621,0.0,4.004732,6.055743,1.183512,29,129,8,3,0.43109585,0.06762687,0.04731611,0E-8,0.000000,0.890948,0.000000,0.03570155,2026-03-24,2026-08-06,65,444,384,136,0.477941,1.277014,1.157594,1.436986,,,,,,,,GLOBAL_BASELINE_NO_ENTITY_RANKING,,,NOT_APPLICABLE_GLOBAL_BASELINE,HF9g-P5,,,,X 全窗基线 · 不参与实体赏罚,15057927,1506,A168_HF9F_20260827_0900,2026-08-27 09:00:00
2026-05-21,122817705,1382,0,25.9457215506,25.2970785118,25.2970785118,1.0000000,2,2,0.49994810000000000,0.499948100000,1.4143603653603398,1.4143603653603398,1.4143603653603398,0E-17,ELIGIBLE,R03b_20260811_FULL_v1,L1_ELIGIBILITY,v2026-08-11,2026-03-21..2026-08-06,baccarat_bet02_101_all_pairs_incl_sentinel,round_win = game_pnl > 0 (decisive only),COMPATIBILITY_ONLY_NOT_PRODUCTION,146521.7074,130543.1969,9908.8042,964,936,-0.06762687,-0.04731611,-0.08301766,-0.06762687,-9908.8042,146521.7074,OK,0.0000,396.3522,4.0000,96.0000,AG03-UNRESOLVED,ALL5_LEVELS_bet23_to_bet27,396.3522,396.3522,495.4402,495.4402,495.4402,4.000000,4.000000,5.000000,5.000000,5.000000,96.000000,96.000000,95.000000,95.000000,95.000000,5.0,2279.0250,2079.2952,7629.7792,7829.509,PENDING_AG03,FALSE,NOT_FOR_ENFORCEMENT,9512.4520,125321.4690,9908.8042,9512.4520,396.3522,0.06762687,0.06492179,396.3522,9512.4520,0.06492179,396.3522,396.3522,495.4402,495.4402,495.4402,9512.4520,0.06492179,2279.0250,2079.2952,7629.7792,7829.509,0.05207269,0.05343583,0.00270507,151.9935,139.4692,10.5863,152.4431,22.3171,2254.1801,14.4000,175.9468,137.7798,29.6291,128.4258,256.8515,258.1778,514.3107,777.7133,102.8621,0.0,4.004732,6.055743,1.183512,29,129,8,3,0.43109585,0.06762687,0.04731611,0E-8,0.000000,0.890948,0.000000,0.03570155,2026-03-24,2026-08-06,65,444,384,136,0.477941,1.277014,1.157594,1.436986,,,,,,,,GLOBAL_BASELINE_NO_ENTITY_RANKING,,,NOT_APPLICABLE_GLOBAL_BASELINE,HF9g-P5,,,,X 全窗基线 · 不参与实体赏罚,15057928,1506,A168_HF9F_20260827_0900,2026-08-27 09:00:00
2026-05-22,122817705,-1,1,132.3231799077,125.8367495201,125.8367495201,1.0000000,3,3,0.50218230000000000,0.502182300000,1.724507524396475,1.7245075243964754,1.724507524396475,0E-17,SENTINEL_DEALER,R03b_20260811_FULL_v1,L1_ELIGIBILITY,v2026-08-11,2026-03-21..2026-08-06,baccarat_bet02_101_all_pairs_incl_sentinel,round_win = game_pnl > 0 (decisive only),COMPATIBILITY_ONLY_NOT_PRODUCTION,146521.7074,130543.1969,9908.8042,964,936,-0.06762687,-0.04731611,-0.08301766,-0.06762687,-9908.8042,146521.7074,OK,0.0000,396.3522,4.0000,96.0000,AG03-UNRESOLVED,ALL5_LEVELS_bet23_to_bet27,396.3522,396.3522,495.4402,495.4402,495.4402,4.000000,4.000000,5.000000,5.000000,5.000000,96.000000,96.000000,95.000000,95.000000,95.000000,5.0,2279.0250,2079.2952,7629.7792,7829.509,PENDING_AG03,FALSE,NOT_FOR_ENFORCEMENT,9512.4520,125321.4690,9908.8042,9512.4520,396.3522,0.06762687,0.06492179,396.3522,9512.4520,0.06492179,396.3522,396.3522,495.4402,495.4402,495.4402,9512.4520,0.06492179,2279.0250,2079.2952,7629.7792,7829.509,0.05207269,0.05343583,0.00270507,151.9935,139.4692,10.5863,152.4431,22.3171,2254.1801,14.4000,175.9468,137.7798,29.6291,128.4258,256.8515,258.1778,514.3107,777.7133,102.8621,0.0,4.004732,6.055743,1.183512,29,129,8,3,0.43109585,0.06762687,0.04731611,0E-8,0.000000,0.890948,0.000000,0.03570155,2026-03-24,2026-08-06,65,444,384,136,0.477941,1.277014,1.157594,1.436986,,,,,,,,GLOBAL_BASELINE_NO_ENTITY_RANKING,,,NOT_APPLICABLE_GLOBAL_BASELINE,HF9g-P5,,,,X 全窗基线 · 不参与实体赏罚,15057929,1506,A168_HF9F_20260827_0900,2026-08-27 09:00:00
2026-05-23,122817705,-1,1,1154.5846089981,811.4524414925,811.4524414925,0.7000000,11,11,0.49690146363636364,0.496901463636,1.2845325943569283,1.2845325943592345,1.2845325943569283,3.6364E-13,SENTINEL_DEALER,R03b_20260811_FULL_v1,L1_ELIGIBILITY,v2026-08-11,2026-03-21..2026-08-06,baccarat_bet02_101_all_pairs_incl_sentinel,round_win = game_pnl > 0 (decisive only),COMPATIBILITY_ONLY_NOT_PRODUCTION,146521.7074,130543.1969,9908.8042,964,936,-0.06762687,-0.04731611,-0.08301766,-0.06762687,-9908.8042,146521.7074,OK,0.0000,396.3522,4.0000,96.0000,AG03-UNRESOLVED,ALL5_LEVELS_bet23_to_bet27,396.3522,396.3522,495.4402,495.4402,495.4402,4.000000,4.000000,5.000000,5.000000,5.000000,96.000000,96.000000,95.000000,95.000000,95.000000,5.0,2279.0250,2079.2952,7629.7792,7829.509,PENDING_AG03,FALSE,NOT_FOR_ENFORCEMENT,9512.4520,125321.4690,9908.8042,9512.4520,396.3522,0.06762687,0.06492179,396.3522,9512.4520,0.06492179,396.3522,396.3522,495.4402,495.4402,495.4402,9512.4520,0.06492179,2279.0250,2079.2952,7629.7792,7829.509,0.05207269,0.05343583,0.00270507,151.9935,139.4692,10.5863,152.4431,22.3171,2254.1801,14.4000,175.9468,137.7798,29.6291,128.4258,256.8515,258.1778,514.3107,777.7133,102.8621,0.0,4.004732,6.055743,1.183512,29,129,8,3,0.43109585,0.06762687,0.04731611,0E-8,0.000000,0.890948,0.000000,0.03570155,2026-03-24,2026-08-06,65,444,384,136,0.477941,1.277014,1.157594,1.436986,,,,,,,,GLOBAL_BASELINE_NO_ENTITY_RANKING,,,NOT_APPLICABLE_GLOBAL_BASELINE,HF9g-P5,,,,X 全窗基线 · 不参与实体赏罚,15057930,1506,A168_HF9F_20260827_0900,2026-08-27 09:00:00
2026-05-23,122817705,1115,0,25.9457215505,-25.9457215505,-25.9457215505,0E-7,1,1,0.50665070000000000,0.506650700000,-1.013391052207602,-1.013391052207602,-1.013391052207602,0E-17,ELIGIBLE,R03b_20260811_FULL_v1,L1_ELIGIBILITY,v2026-08-11,2026-03-21..2026-08-06,baccarat_bet02_101_all_pairs_incl_sentinel,round_win = game_pnl > 0 (decisive only),COMPATIBILITY_ONLY_NOT_PRODUCTION,146521.7074,130543.1969,9908.8042,964,936,-0.06762687,-0.04731611,-0.08301766,-0.06762687,-9908.8042,146521.7074,OK,0.0000,396.3522,4.0000,96.0000,AG03-UNRESOLVED,ALL5_LEVELS_bet23_to_bet27,396.3522,396.3522,495.4402,495.4402,495.4402,4.000000,4.000000,5.000000,5.000000,5.000000,96.000000,96.000000,95.000000,95.000000,95.000000,5.0,2279.0250,2079.2952,7629.7792,7829.509,PENDING_AG03,FALSE,NOT_FOR_ENFORCEMENT,9512.4520,125321.4690,9908.8042,9512.4520,396.3522,0.06762687,0.06492179,396.3522,9512.4520,0.06492179,396.3522,396.3522,495.4402,495.4402,495.4402,9512.4520,0.06492179,2279.0250,2079.2952,7629.7792,7829.509,0.05207269,0.05343583,0.00270507,151.9935,139.4692,10.5863,152.4431,22.3171,2254.1801,14.4000,175.9468,137.7798,29.6291,128.4258,256.8515,258.1778,514.3107,777.7133,102.8621,0.0,4.004732,6.055743,1.183512,29,129,8,3,0.43109585,0.06762687,0.04731611,0E-8,0.000000,0.890948,0.000000,0.03570155,2026-03-24,2026-08-06,65,444,384,136,0.477941,1.277014,1.157594,1.436986,,,,,,,,GLOBAL_BASELINE_NO_ENTITY_RANKING,,,NOT_APPLICABLE_GLOBAL_BASELINE,HF9g-P5,,,,X 全窗基线 · 不参与实体赏罚,15057931,1506,A168_HF9F_20260827_0900,2026-08-27 09:00:00
2026-05-23,122817705,763,0,129.7286077525,25.9457215505,25.9457215505,0.5000000,2,2,0.49994810000000000,0.499948100000,0.00014679536856514622,0.00014679536856514622,0.00014679536856514622,0E-17,ELIGIBLE,R03b_20260811_FULL_v1,L1_ELIGIBILITY,v2026-08-11,2026-03-21..2026-08-06,baccarat_bet02_101_all_pairs_incl_sentinel,round_win = game_pnl > 0 (decisive only),COMPATIBILITY_ONLY_NOT_PRODUCTION,146521.7074,130543.1969,9908.8042,964,936,-0.06762687,-0.04731611,-0.08301766,-0.06762687,-9908.8042,146521.7074,OK,0.0000,396.3522,4.0000,96.0000,AG03-UNRESOLVED,ALL5_LEVELS_bet23_to_bet27,396.3522,396.3522,495.4402,495.4402,495.4402,4.000000,4.000000,5.000000,5.000000,5.000000,96.000000,96.000000,95.000000,95.000000,95.000000,5.0,2279.0250,2079.2952,7629.7792,7829.509,PENDING_AG03,FALSE,NOT_FOR_ENFORCEMENT,9512.4520,125321.4690,9908.8042,9512.4520,396.3522,0.06762687,0.06492179,396.3522,9512.4520,0.06492179,396.3522,396.3522,495.4402,495.4402,495.4402,9512.4520,0.06492179,2279.0250,2079.2952,7629.7792,7829.509,0.05207269,0.05343583,0.00270507,151.9935,139.4692,10.5863,152.4431,22.3171,2254.1801,14.4000,175.9468,137.7798,29.6291,128.4258,256.8515,258.1778,514.3107,777.7133,102.8621,0.0,4.004732,6.055743,1.183512,29,129,8,3,0.43109585,0.06762687,0.04731611,0E-8,0.000000,0.890948,0.000000,0.03570155,2026-03-24,2026-08-06,65,444,384,136,0.477941,1.277014,1.157594,1.436986,,,,,,,,GLOBAL_BASELINE_NO_ENTITY_RANKING,,,NOT_APPLICABLE_GLOBAL_BASELINE,HF9g-P5,,,,X 全窗基线 · 不参与实体赏罚,15057932,1506,A168_HF9F_20260827_0900,2026-08-27 09:00:00
2026-05-24,122817705,1383,0,150.4851849930,133.6204659852,133.6204659852,1.0000000,3,2,0.50162375000000000,0.503299400000,1.409628336999716,1.4049120381089935,1.409628336999716,-0.00167565000000000,ELIGIBLE,R03b_20260811_FULL_v1,L1_ELIGIBILITY,v2026-08-11,2026-03-21..2026-08-06,baccarat_bet02_101_all_pairs_incl_sentinel,round_win = game_pnl > 0 (decisive only),COMPATIBILITY_ONLY_NOT_PRODUCTION,146521.7074,130543.1969,9908.8042,964,936,-0.06762687,-0.04731611,-0.08301766,-0.06762687,-9908.8042,146521.7074,OK,0.0000,396.3522,4.0000,96.0000,AG03-UNRESOLVED,ALL5_LEVELS_bet23_to_bet27,396.3522,396.3522,495.4402,495.4402,495.4402,4.000000,4.000000,5.000000,5.000000,5.000000,96.000000,96.000000,95.000000,95.000000,95.000000,5.0,2279.0250,2079.2952,7629.7792,7829.509,PENDING_AG03,FALSE,NOT_FOR_ENFORCEMENT,9512.4520,125321.4690,9908.8042,9512.4520,396.3522,0.06762687,0.06492179,396.3522,9512.4520,0.06492179,396.3522,396.3522,495.4402,495.4402,495.4402,9512.4520,0.06492179,2279.0250,2079.2952,7629.7792,7829.509,0.05207269,0.05343583,0.00270507,151.9935,139.4692,10.5863,152.4431,22.3171,2254.1801,14.4000,175.9468,137.7798,29.6291,128.4258,256.8515,258.1778,514.3107,777.7133,102.8621,0.0,4.004732,6.055743,1.183512,29,129,8,3,0.43109585,0.06762687,0.04731611,0E-8,0.000000,0.890948,0.000000,0.03570155,2026-03-24,2026-08-06,65,444,384,136,0.477941,1.277014,1.157594,1.436986,,,,,,,,GLOBAL_BASELINE_NO_ENTITY_RANKING,,,NOT_APPLICABLE_GLOBAL_BASELINE,HF9g-P5,,,,X 全窗基线 · 不参与实体赏罚,15057933,1506,A168_HF9F_20260827_0900,2026-08-27 09:00:00
2026-05-24,122817705,1396,0,38.9185823258,12.9728607752,12.9728607752,0.5000000,2,2,0.49994810000000000,0.499948100000,0.00014679536856514622,0.00014679536856514622,0.00014679536856514622,0E-17,ELIGIBLE,R03b_20260811_FULL_v1,L1_ELIGIBILITY,v2026-08-11,2026-03-21..2026-08-06,baccarat_bet02_101_all_pairs_incl_sentinel,round_win = game_pnl > 0 (decisive only),COMPATIBILITY_ONLY_NOT_PRODUCTION,146521.7074,130543.1969,9908.8042,964,936,-0.06762687,-0.04731611,-0.08301766,-0.06762687,-9908.8042,146521.7074,OK,0.0000,396.3522,4.0000,96.0000,AG03-UNRESOLVED,ALL5_LEVELS_bet23_to_bet27,396.3522,396.3522,495.4402,495.4402,495.4402,4.000000,4.000000,5.000000,5.000000,5.000000,96.000000,96.000000,95.000000,95.000000,95.000000,5.0,2279.0250,2079.2952,7629.7792,7829.509,PENDING_AG03,FALSE,NOT_FOR_ENFORCEMENT,9512.4520,125321.4690,9908.8042,9512.4520,396.3522,0.06762687,0.06492179,396.3522,9512.4520,0.06492179,396.3522,396.3522,495.4402,495.4402,495.4402,9512.4520,0.06492179,2279.0250,2079.2952,7629.7792,7829.509,0.05207269,0.05343583,0.00270507,151.9935,139.4692,10.5863,152.4431,22.3171,2254.1801,14.4000,175.9468,137.7798,29.6291,128.4258,256.8515,258.1778,514.3107,777.7133,102.8621,0.0,4.004732,6.055743,1.183512,29,129,8,3,0.43109585,0.06762687,0.04731611,0E-8,0.000000,0.890948,0.000000,0.03570155,2026-03-24,2026-08-06,65,444,384,136,0.477941,1.277014,1.157594,1.436986,,,,,,,,GLOBAL_BASELINE_NO_ENTITY_RANKING,,,NOT_APPLICABLE_GLOBAL_BASELINE,HF9g-P5,,,,X 全窗基线 · 不参与实体赏罚,15057934,1506,A168_HF9F_20260827_0900,2026-08-27 09:00:00
2026-05-24,122817705,1490,0,38.9185823258,-38.9185823258,-38.9185823258,0E-7,1,1,0.49324550000000000,0.493245500000,-0.9865810262130424,-0.9865810262130424,-0.9865810262130424,0E-17,ELIGIBLE,R03b_20260811_FULL_v1,L1_ELIGIBILITY,v2026-08-11,2026-03-21..2026-08-06,baccarat_bet02_101_all_pairs_incl_sentinel,round_win = game_pnl > 0 (decisive only),COMPATIBILITY_ONLY_NOT_PRODUCTION,146521.7074,130543.1969,9908.8042,964,936,-0.06762687,-0.04731611,-0.08301766,-0.06762687,-9908.8042,146521.7074,OK,0.0000,396.3522,4.0000,96.0000,AG03-UNRESOLVED,ALL5_LEVELS_bet23_to_bet27,396.3522,396.3522,495.4402,495.4402,495.4402,4.000000,4.000000,5.000000,5.000000,5.000000,96.000000,96.000000,95.000000,95.000000,95.000000,5.0,2279.0250,2079.2952,7629.7792,7829.509,PENDING_AG03,FALSE,NOT_FOR_ENFORCEMENT,9512.4520,125321.4690,9908.8042,9512.4520,396.3522,0.06762687,0.06492179,396.3522,9512.4520,0.06492179,396.3522,396.3522,495.4402,495.4402,495.4402,9512.4520,0.06492179,2279.0250,2079.2952,7629.7792,7829.509,0.05207269,0.05343583,0.00270507,151.9935,139.4692,10.5863,152.4431,22.3171,2254.1801,14.4000,175.9468,137.7798,29.6291,128.4258,256.8515,258.1778,514.3107,777.7133,102.8621,0.0,4.004732,6.055743,1.183512,29,129,8,3,0.43109585,0.06762687,0.04731611,0E-8,0.000000,0.890948,0.000000,0.03570155,2026-03-24,2026-08-06,65,444,384,136,0.477941,1.277014,1.157594,1.436986,,,,,,,,GLOBAL_BASELINE_NO_ENTITY_RANKING,,,NOT_APPLICABLE_GLOBAL_BASELINE,HF9g-P5,,,,X 全窗基线 · 不参与实体赏罚,15057935,1506,A168_HF9F_20260827_0900,2026-08-27 09:00:00
2026-05-26,122817705,2212,0,103.7828862021,103.7828862021,103.7828862021,1.0000000,1,1,0.49324550000000000,0.493245500000,1.01360149184955,1.01360149184955,1.01360149184955,0E-17,ELIGIBLE,R03b_20260811_FULL_v1,L1_ELIGIBILITY,v2026-08-11,2026-03-21..2026-08-06,baccarat_bet02_101_all_pairs_incl_sentinel,round_win = game_pnl > 0 (decisive only),COMPATIBILITY_ONLY_NOT_PRODUCTION,146521.7074,130543.1969,9908.8042,964,936,-0.06762687,-0.04731611,-0.08301766,-0.06762687,-9908.8042,146521.7074,OK,0.0000,396.3522,4.0000,96.0000,AG03-UNRESOLVED,ALL5_LEVELS_bet23_to_bet27,396.3522,396.3522,495.4402,495.4402,495.4402,4.000000,4.000000,5.000000,5.000000,5.000000,96.000000,96.000000,95.000000,95.000000,95.000000,5.0,2279.0250,2079.2952,7629.7792,7829.509,PENDING_AG03,FALSE,NOT_FOR_ENFORCEMENT,9512.4520,125321.4690,9908.8042,9512.4520,396.3522,0.06762687,0.06492179,396.3522,9512.4520,0.06492179,396.3522,396.3522,495.4402,495.4402,495.4402,9512.4520,0.06492179,2279.0250,2079.2952,7629.7792,7829.509,0.05207269,0.05343583,0.00270507,151.9935,139.4692,10.5863,152.4431,22.3171,2254.1801,14.4000,175.9468,137.7798,29.6291,128.4258,256.8515,258.1778,514.3107,777.7133,102.8621,0.0,4.004732,6.055743,1.183512,29,129,8,3,0.43109585,0.06762687,0.04731611,0E-8,0.000000,0.890948,0.000000,0.03570155,2026-03-24,2026-08-06,65,444,384,136,0.477941,1.277014,1.157594,1.436986,,,,,,,,GLOBAL_BASELINE_NO_ENTITY_RANKING,,,NOT_APPLICABLE_GLOBAL_BASELINE,HF9g-P5,,,,X 全窗基线 · 不参与实体赏罚,15057936,1506,A168_HF9F_20260827_0900,2026-08-27 09:00:00
2026-05-26,122817705,789,0,207.5657724041,20.7565772405,20.7565772405,0.3333333,4,4,0.50329940000000000,0.503299400000,-0.5887925454369916,-0.5887925454369916,-0.5887925454369916,0E-17,ELIGIBLE,R03b_20260811_FULL_v1,L1_ELIGIBILITY,v2026-08-11,2026-03-21..2026-08-06,baccarat_bet02_101_all_pairs_incl_sentinel,round_win = game_pnl > 0 (decisive only),COMPATIBILITY_ONLY_NOT_PRODUCTION,146521.7074,130543.1969,9908.8042,964,936,-0.06762687,-0.04731611,-0.08301766,-0.06762687,-9908.8042,146521.7074,OK,0.0000,396.3522,4.0000,96.0000,AG03-UNRESOLVED,ALL5_LEVELS_bet23_to_bet27,396.3522,396.3522,495.4402,495.4402,495.4402,4.000000,4.000000,5.000000,5.000000,5.000000,96.000000,96.000000,95.000000,95.000000,95.000000,5.0,2279.0250,2079.2952,7629.7792,7829.509,PENDING_AG03,FALSE,NOT_FOR_ENFORCEMENT,9512.4520,125321.4690,9908.8042,9512.4520,396.3522,0.06762687,0.06492179,396.3522,9512.4520,0.06492179,396.3522,396.3522,495.4402,495.4402,495.4402,9512.4520,0.06492179,2279.0250,2079.2952,7629.7792,7829.509,0.05207269,0.05343583,0.00270507,151.9935,139.4692,10.5863,152.4431,22.3171,2254.1801,14.4000,175.9468,137.7798,29.6291,128.4258,256.8515,258.1778,514.3107,777.7133,102.8621,0.0,4.004732,6.055743,1.183512,29,129,8,3,0.43109585,0.06762687,0.04731611,0E-8,0.000000,0.890948,0.000000,0.03570155,2026-03-24,2026-08-06,65,444,384,136,0.477941,1.277014,1.157594,1.436986,,,,,,,,GLOBAL_BASELINE_NO_ENTITY_RANKING,,,NOT_APPLICABLE_GLOBAL_BASELINE,HF9g-P5,,,,X 全窗基线 · 不参与实体赏罚,15057937,1506,A168_HF9F_20260827_0900,2026-08-27 09:00:00
2026-05-27,122817705,-1,1,454.0501271341,-173.8363343884,-173.8363343884,0.3333333,9,9,0.50069283333333333,0.500692833333,-1.0041579640283138,-1.0041579640263127,-1.0041579640283138,3.3333E-13,SENTINEL_DEALER,R03b_20260811_FULL_v1,L1_ELIGIBILITY,v2026-08-11,2026-03-21..2026-08-06,baccarat_bet02_101_all_pairs_incl_sentinel,round_win = game_pnl > 0 (decisive only),COMPATIBILITY_ONLY_NOT_PRODUCTION,146521.7074,130543.1969,9908.8042,964,936,-0.06762687,-0.04731611,-0.08301766,-0.06762687,-9908.8042,146521.7074,OK,0.0000,396.3522,4.0000,96.0000,AG03-UNRESOLVED,ALL5_LEVELS_bet23_to_bet27,396.3522,396.3522,495.4402,495.4402,495.4402,4.000000,4.000000,5.000000,5.000000,5.000000,96.000000,96.000000,95.000000,95.000000,95.000000,5.0,2279.0250,2079.2952,7629.7792,7829.509,PENDING_AG03,FALSE,NOT_FOR_ENFORCEMENT,9512.4520,125321.4690,9908.8042,9512.4520,396.3522,0.06762687,0.06492179,396.3522,9512.4520,0.06492179,396.3522,396.3522,495.4402,495.4402,495.4402,9512.4520,0.06492179,2279.0250,2079.2952,7629.7792,7829.509,0.05207269,0.05343583,0.00270507,151.9935,139.4692,10.5863,152.4431,22.3171,2254.1801,14.4000,175.9468,137.7798,29.6291,128.4258,256.8515,258.1778,514.3107,777.7133,102.8621,0.0,4.004732,6.055743,1.183512,29,129,8,3,0.43109585,0.06762687,0.04731611,0E-8,0.000000,0.890948,0.000000,0.03570155,2026-03-24,2026-08-06,65,444,384,136,0.477941,1.277014,1.157594,1.436986,,,,,,,,GLOBAL_BASELINE_NO_ENTITY_RANKING,,,NOT_APPLICABLE_GLOBAL_BASELINE,HF9g-P5,,,,X 全窗基线 · 不参与实体赏罚,15057938,1506,A168_HF9F_20260827_0900,2026-08-27 09:00:00
2026-05-27,122817705,1210,0,342.4835244667,149.1878989155,149.1878989155,0.5000000,5,5,0.49860758000000000,0.498607580000,0.005569701597489473,0.005569701597489473,0.005569701597489473,0E-17,ELIGIBLE,R03b_20260811_FULL_v1,L1_ELIGIBILITY,v2026-08-11,2026-03-21..2026-08-06,baccarat_bet02_101_all_pairs_incl_sentinel,round_win = game_pnl > 0 (decisive only),COMPATIBILITY_ONLY_NOT_PRODUCTION,146521.7074,130543.1969,9908.8042,964,936,-0.06762687,-0.04731611,-0.08301766,-0.06762687,-9908.8042,146521.7074,OK,0.0000,396.3522,4.0000,96.0000,AG03-UNRESOLVED,ALL5_LEVELS_bet23_to_bet27,396.3522,396.3522,495.4402,495.4402,495.4402,4.000000,4.000000,5.000000,5.000000,5.000000,96.000000,96.000000,95.000000,95.000000,95.000000,5.0,2279.0250,2079.2952,7629.7792,7829.509,PENDING_AG03,FALSE,NOT_FOR_ENFORCEMENT,9512.4520,125321.4690,9908.8042,9512.4520,396.3522,0.06762687,0.06492179,396.3522,9512.4520,0.06492179,396.3522,396.3522,495.4402,495.4402,495.4402,9512.4520,0.06492179,2279.0250,2079.2952,7629.7792,7829.509,0.05207269,0.05343583,0.00270507,151.9935,139.4692,10.5863,152.4431,22.3171,2254.1801,14.4000,175.9468,137.7798,29.6291,128.4258,256.8515,258.1778,514.3107,777.7133,102.8621,0.0,4.004732,6.055743,1.183512,29,129,8,3,0.43109585,0.06762687,0.04731611,0E-8,0.000000,0.890948,0.000000,0.03570155,2026-03-24,2026-08-06,65,444,384,136,0.477941,1.277014,1.157594,1.436986,,,,,,,,GLOBAL_BASELINE_NO_ENTITY_RANKING,,,NOT_APPLICABLE_GLOBAL_BASELINE,HF9g-P5,,,,X 全窗基线 · 不参与实体赏罚,15057939,1506,A168_HF9F_20260827_0900,2026-08-27 09:00:00
2026-05-27,122817705,1318,0,285.4029370557,272.4300762804,272.4300762804,1.0000000,2,2,0.49994810000000000,0.499948100000,1.4143603653603398,1.4143603653603398,1.4143603653603398,0E-17,ELIGIBLE,R03b_20260811_FULL_v1,L1_ELIGIBILITY,v2026-08-11,2026-03-21..2026-08-06,baccarat_bet02_101_all_pairs_incl_sentinel,round_win = game_pnl > 0 (decisive only),COMPATIBILITY_ONLY_NOT_PRODUCTION,146521.7074,130543.1969,9908.8042,964,936,-0.06762687,-0.04731611,-0.08301766,-0.06762687,-9908.8042,146521.7074,OK,0.0000,396.3522,4.0000,96.0000,AG03-UNRESOLVED,ALL5_LEVELS_bet23_to_bet27,396.3522,396.3522,495.4402,495.4402,495.4402,4.000000,4.000000,5.000000,5.000000,5.000000,96.000000,96.000000,95.000000,95.000000,95.000000,5.0,2279.0250,2079.2952,7629.7792,7829.509,PENDING_AG03,FALSE,NOT_FOR_ENFORCEMENT,9512.4520,125321.4690,9908.8042,9512.4520,396.3522,0.06762687,0.06492179,396.3522,9512.4520,0.06492179,396.3522,396.3522,495.4402,495.4402,495.4402,9512.4520,0.06492179,2279.0250,2079.2952,7629.7792,7829.509,0.05207269,0.05343583,0.00270507,151.9935,139.4692,10.5863,152.4431,22.3171,2254.1801,14.4000,175.9468,137.7798,29.6291,128.4258,256.8515,258.1778,514.3107,777.7133,102.8621,0.0,4.004732,6.055743,1.183512,29,129,8,3,0.43109585,0.06762687,0.04731611,0E-8,0.000000,0.890948,0.000000,0.03570155,2026-03-24,2026-08-06,65,444,384,136,0.477941,1.277014,1.157594,1.436986,,,,,,,,GLOBAL_BASELINE_NO_ENTITY_RANKING,,,NOT_APPLICABLE_GLOBAL_BASELINE,HF9g-P5,,,,X 全窗基线 · 不参与实体赏罚,15057940,1506,A168_HF9F_20260827_0900,2026-08-27 09:00:00
2026-05-27,122817705,1401,0,25.9457215505,25.9457215505,25.9457215505,1.0000000,1,1,0.49324550000000000,0.493245500000,1.01360149184955,1.01360149184955,1.01360149184955,0E-17,ELIGIBLE,R03b_20260811_FULL_v1,L1_ELIGIBILITY,v2026-08-11,2026-03-21..2026-08-06,baccarat_bet02_101_all_pairs_incl_sentinel,round_win = game_pnl > 0 (decisive only),COMPATIBILITY_ONLY_NOT_PRODUCTION,146521.7074,130543.1969,9908.8042,964,936,-0.06762687,-0.04731611,-0.08301766,-0.06762687,-9908.8042,146521.7074,OK,0.0000,396.3522,4.0000,96.0000,AG03-UNRESOLVED,ALL5_LEVELS_bet23_to_bet27,396.3522,396.3522,495.4402,495.4402,495.4402,4.000000,4.000000,5.000000,5.000000,5.000000,96.000000,96.000000,95.000000,95.000000,95.000000,5.0,2279.0250,2079.2952,7629.7792,7829.509,PENDING_AG03,FALSE,NOT_FOR_ENFORCEMENT,9512.4520,125321.4690,9908.8042,9512.4520,396.3522,0.06762687,0.06492179,396.3522,9512.4520,0.06492179,396.3522,396.3522,495.4402,495.4402,495.4402,9512.4520,0.06492179,2279.0250,2079.2952,7629.7792,7829.509,0.05207269,0.05343583,0.00270507,151.9935,139.4692,10.5863,152.4431,22.3171,2254.1801,14.4000,175.9468,137.7798,29.6291,128.4258,256.8515,258.1778,514.3107,777.7133,102.8621,0.0,4.004732,6.055743,1.183512,29,129,8,3,0.43109585,0.06762687,0.04731611,0E-8,0.000000,0.890948,0.000000,0.03570155,2026-03-24,2026-08-06,65,444,384,136,0.477941,1.277014,1.157594,1.436986,,,,,,,,GLOBAL_BASELINE_NO_ENTITY_RANKING,,,NOT_APPLICABLE_GLOBAL_BASELINE,HF9g-P5,,,,X 全窗基线 · 不参与实体赏罚,15057941,1506,A168_HF9F_20260827_0900,2026-08-27 09:00:00
2026-05-27,122817705,1750,0,778.3716465156,-259.4572155052,-259.4572155052,0E-7,3,3,0.49771390000000000,0.497713900000,-0.9954382048786059,-0.995438204878606,-0.9954382048786059,0E-17,ELIGIBLE,R03b_20260811_FULL_v1,L1_ELIGIBILITY,v2026-08-11,2026-03-21..2026-08-06,baccarat_bet02_101_all_pairs_incl_sentinel,round_win = game_pnl > 0 (decisive only),COMPATIBILITY_ONLY_NOT_PRODUCTION,146521.7074,130543.1969,9908.8042,964,936,-0.06762687,-0.04731611,-0.08301766,-0.06762687,-9908.8042,146521.7074,OK,0.0000,396.3522,4.0000,96.0000,AG03-UNRESOLVED,ALL5_LEVELS_bet23_to_bet27,396.3522,396.3522,495.4402,495.4402,495.4402,4.000000,4.000000,5.000000,5.000000,5.000000,96.000000,96.000000,95.000000,95.000000,95.000000,5.0,2279.0250,2079.2952,7629.7792,7829.509,PENDING_AG03,FALSE,NOT_FOR_ENFORCEMENT,9512.4520,125321.4690,9908.8042,9512.4520,396.3522,0.06762687,0.06492179,396.3522,9512.4520,0.06492179,396.3522,396.3522,495.4402,495.4402,495.4402,9512.4520,0.06492179,2279.0250,2079.2952,7629.7792,7829.509,0.05207269,0.05343583,0.00270507,151.9935,139.4692,10.5863,152.4431,22.3171,2254.1801,14.4000,175.9468,137.7798,29.6291,128.4258,256.8515,258.1778,514.3107,777.7133,102.8621,0.0,4.004732,6.055743,1.183512,29,129,8,3,0.43109585,0.06762687,0.04731611,0E-8,0.000000,0.890948,0.000000,0.03570155,2026-03-24,2026-08-06,65,444,384,136,0.477941,1.277014,1.157594,1.436986,,,,,,,,GLOBAL_BASELINE_NO_ENTITY_RANKING,,,NOT_APPLICABLE_GLOBAL_BASELINE,HF9g-P5,,,,X 全窗基线 · 不参与实体赏罚,15057942,1506,A168_HF9F_20260827_0900,2026-08-27 09:00:00
2026-05-27,122817705,1985,0,348.9699548545,-348.9699548545,-348.9699548545,0E-7,2,2,0.49324550000000000,0.493245500000,-1.3952362676504506,-1.3952362676504506,-1.3952362676504506,0E-17,ELIGIBLE,R03b_20260811_FULL_v1,L1_ELIGIBILITY,v2026-08-11,2026-03-21..2026-08-06,baccarat_bet02_101_all_pairs_incl_sentinel,round_win = game_pnl > 0 (decisive only),COMPATIBILITY_ONLY_NOT_PRODUCTION,146521.7074,130543.1969,9908.8042,964,936,-0.06762687,-0.04731611,-0.08301766,-0.06762687,-9908.8042,146521.7074,OK,0.0000,396.3522,4.0000,96.0000,AG03-UNRESOLVED,ALL5_LEVELS_bet23_to_bet27,396.3522,396.3522,495.4402,495.4402,495.4402,4.000000,4.000000,5.000000,5.000000,5.000000,96.000000,96.000000,95.000000,95.000000,95.000000,5.0,2279.0250,2079.2952,7629.7792,7829.509,PENDING_AG03,FALSE,NOT_FOR_ENFORCEMENT,9512.4520,125321.4690,9908.8042,9512.4520,396.3522,0.06762687,0.06492179,396.3522,9512.4520,0.06492179,396.3522,396.3522,495.4402,495.4402,495.4402,9512.4520,0.06492179,2279.0250,2079.2952,7629.7792,7829.509,0.05207269,0.05343583,0.00270507,151.9935,139.4692,10.5863,152.4431,22.3171,2254.1801,14.4000,175.9468,137.7798,29.6291,128.4258,256.8515,258.1778,514.3107,777.7133,102.8621,0.0,4.004732,6.055743,1.183512,29,129,8,3,0.43109585,0.06762687,0.04731611,0E-8,0.000000,0.890948,0.000000,0.03570155,2026-03-24,2026-08-06,65,444,384,136,0.477941,1.277014,1.157594,1.436986,,,,,,,,GLOBAL_BASELINE_NO_ENTITY_RANKING,,,NOT_APPLICABLE_GLOBAL_BASELINE,HF9g-P5,,,,X 全窗基线 · 不参与实体赏罚,15057943,1506,A168_HF9F_20260827_0900,2026-08-27 09:00:00
2026-05-27,122817705,2108,0,959.9916973691,58.3778734887,58.3778734887,0.3333333,4,4,0.50665070000000000,0.506650700000,-0.6004420894325239,-0.6004420894325239,-0.6004420894325239,0E-17,ELIGIBLE,R03b_20260811_FULL_v1,L1_ELIGIBILITY,v2026-08-11,2026-03-21..2026-08-06,baccarat_bet02_101_all_pairs_incl_sentinel,round_win = game_pnl > 0 (decisive only),COMPATIBILITY_ONLY_NOT_PRODUCTION,146521.7074,130543.1969,9908.8042,964,936,-0.06762687,-0.04731611,-0.08301766,-0.06762687,-9908.8042,146521.7074,OK,0.0000,396.3522,4.0000,96.0000,AG03-UNRESOLVED,ALL5_LEVELS_bet23_to_bet27,396.3522,396.3522,495.4402,495.4402,495.4402,4.000000,4.000000,5.000000,5.000000,5.000000,96.000000,96.000000,95.000000,95.000000,95.000000,5.0,2279.0250,2079.2952,7629.7792,7829.509,PENDING_AG03,FALSE,NOT_FOR_ENFORCEMENT,9512.4520,125321.4690,9908.8042,9512.4520,396.3522,0.06762687,0.06492179,396.3522,9512.4520,0.06492179,396.3522,396.3522,495.4402,495.4402,495.4402,9512.4520,0.06492179,2279.0250,2079.2952,7629.7792,7829.509,0.05207269,0.05343583,0.00270507,151.9935,139.4692,10.5863,152.4431,22.3171,2254.1801,14.4000,175.9468,137.7798,29.6291,128.4258,256.8515,258.1778,514.3107,777.7133,102.8621,0.0,4.004732,6.055743,1.183512,29,129,8,3,0.43109585,0.06762687,0.04731611,0E-8,0.000000,0.890948,0.000000,0.03570155,2026-03-24,2026-08-06,65,444,384,136,0.477941,1.277014,1.157594,1.436986,,,,,,,,GLOBAL_BASELINE_NO_ENTITY_RANKING,,,NOT_APPLICABLE_GLOBAL_BASELINE,HF9g-P5,,,,X 全窗基线 · 不参与实体赏罚,15057944,1506,A168_HF9F_20260827_0900,2026-08-27 09:00:00
2026-05-27,122817705,2142,0,25.9457215505,24.6484354730,24.6484354730,1.0000000,1,1,0.50665070000000000,0.506650700000,0.9867858985152569,0.9867858985152569,0.9867858985152569,0E-17,ELIGIBLE,R03b_20260811_FULL_v1,L1_ELIGIBILITY,v2026-08-11,2026-03-21..2026-08-06,baccarat_bet02_101_all_pairs_incl_sentinel,round_win = game_pnl > 0 (decisive only),COMPATIBILITY_ONLY_NOT_PRODUCTION,146521.7074,130543.1969,9908.8042,964,936,-0.06762687,-0.04731611,-0.08301766,-0.06762687,-9908.8042,146521.7074,OK,0.0000,396.3522,4.0000,96.0000,AG03-UNRESOLVED,ALL5_LEVELS_bet23_to_bet27,396.3522,396.3522,495.4402,495.4402,495.4402,4.000000,4.000000,5.000000,5.000000,5.000000,96.000000,96.000000,95.000000,95.000000,95.000000,5.0,2279.0250,2079.2952,7629.7792,7829.509,PENDING_AG03,FALSE,NOT_FOR_ENFORCEMENT,9512.4520,125321.4690,9908.8042,9512.4520,396.3522,0.06762687,0.06492179,396.3522,9512.4520,0.06492179,396.3522,396.3522,495.4402,495.4402,495.4402,9512.4520,0.06492179,2279.0250,2079.2952,7629.7792,7829.509,0.05207269,0.05343583,0.00270507,151.9935,139.4692,10.5863,152.4431,22.3171,2254.1801,14.4000,175.9468,137.7798,29.6291,128.4258,256.8515,258.1778,514.3107,777.7133,102.8621,0.0,4.004732,6.055743,1.183512,29,129,8,3,0.43109585,0.06762687,0.04731611,0E-8,0.000000,0.890948,0.000000,0.03570155,2026-03-24,2026-08-06,65,444,384,136,0.477941,1.277014,1.157594,1.436986,,,,,,,,GLOBAL_BASELINE_NO_ENTITY_RANKING,,,NOT_APPLICABLE_GLOBAL_BASELINE,HF9g-P5,,,,X 全窗基线 · 不参与实体赏罚,15057945,1506,A168_HF9F_20260827_0900,2026-08-27 09:00:00
2026-05-27,122817705,2152,0,285.4029370557,68.7561621088,68.7561621088,0.5000000,2,2,0.50665070000000000,0.506650700000,-0.018812684590367487,-0.018812684590367487,-0.018812684590367487,0E-17,ELIGIBLE,R03b_20260811_FULL_v1,L1_ELIGIBILITY,v2026-08-11,2026-03-21..2026-08-06,baccarat_bet02_101_all_pairs_incl_sentinel,round_win = game_pnl > 0 (decisive only),COMPATIBILITY_ONLY_NOT_PRODUCTION,146521.7074,130543.1969,9908.8042,964,936,-0.06762687,-0.04731611,-0.08301766,-0.06762687,-9908.8042,146521.7074,OK,0.0000,396.3522,4.0000,96.0000,AG03-UNRESOLVED,ALL5_LEVELS_bet23_to_bet27,396.3522,396.3522,495.4402,495.4402,495.4402,4.000000,4.000000,5.000000,5.000000,5.000000,96.000000,96.000000,95.000000,95.000000,95.000000,5.0,2279.0250,2079.2952,7629.7792,7829.509,PENDING_AG03,FALSE,NOT_FOR_ENFORCEMENT,9512.4520,125321.4690,9908.8042,9512.4520,396.3522,0.06762687,0.06492179,396.3522,9512.4520,0.06492179,396.3522,396.3522,495.4402,495.4402,495.4402,9512.4520,0.06492179,2279.0250,2079.2952,7629.7792,7829.509,0.05207269,0.05343583,0.00270507,151.9935,139.4692,10.5863,152.4431,22.3171,2254.1801,14.4000,175.9468,137.7798,29.6291,128.4258,256.8515,258.1778,514.3107,777.7133,102.8621,0.0,4.004732,6.055743,1.183512,29,129,8,3,0.43109585,0.06762687,0.04731611,0E-8,0.000000,0.890948,0.000000,0.03570155,2026-03-24,2026-08-06,65,444,384,136,0.477941,1.277014,1.157594,1.436986,,,,,,,,GLOBAL_BASELINE_NO_ENTITY_RANKING,,,NOT_APPLICABLE_GLOBAL_BASELINE,HF9g-P5,,,,X 全窗基线 · 不参与实体赏罚,15057946,1506,A168_HF9F_20260827_0900,2026-08-27 09:00:00
2026-05-27,122817705,2153,0,25.9457215505,24.6484354730,24.6484354730,1.0000000,1,1,0.50665070000000000,0.506650700000,0.9867858985152569,0.9867858985152569,0.9867858985152569,0E-17,ELIGIBLE,R03b_20260811_FULL_v1,L1_ELIGIBILITY,v2026-08-11,2026-03-21..2026-08-06,baccarat_bet02_101_all_pairs_incl_sentinel,round_win = game_pnl > 0 (decisive only),COMPATIBILITY_ONLY_NOT_PRODUCTION,146521.7074,130543.1969,9908.8042,964,936,-0.06762687,-0.04731611,-0.08301766,-0.06762687,-9908.8042,146521.7074,OK,0.0000,396.3522,4.0000,96.0000,AG03-UNRESOLVED,ALL5_LEVELS_bet23_to_bet27,396.3522,396.3522,495.4402,495.4402,495.4402,4.000000,4.000000,5.000000,5.000000,5.000000,96.000000,96.000000,95.000000,95.000000,95.000000,5.0,2279.0250,2079.2952,7629.7792,7829.509,PENDING_AG03,FALSE,NOT_FOR_ENFORCEMENT,9512.4520,125321.4690,9908.8042,9512.4520,396.3522,0.06762687,0.06492179,396.3522,9512.4520,0.06492179,396.3522,396.3522,495.4402,495.4402,495.4402,9512.4520,0.06492179,2279.0250,2079.2952,7629.7792,7829.509,0.05207269,0.05343583,0.00270507,151.9935,139.4692,10.5863,152.4431,22.3171,2254.1801,14.4000,175.9468,137.7798,29.6291,128.4258,256.8515,258.1778,514.3107,777.7133,102.8621,0.0,4.004732,6.055743,1.183512,29,129,8,3,0.43109585,0.06762687,0.04731611,0E-8,0.000000,0.890948,0.000000,0.03570155,2026-03-24,2026-08-06,65,444,384,136,0.477941,1.277014,1.157594,1.436986,,,,,,,,GLOBAL_BASELINE_NO_ENTITY_RANKING,,,NOT_APPLICABLE_GLOBAL_BASELINE,HF9g-P5,,,,X 全窗基线 · 不参与实体赏罚,15057947,1506,A168_HF9F_20260827_0900,2026-08-27 09:00:00
2026-05-27,122817705,2155,0,51.8914431010,51.8914431010,51.8914431010,1.0000000,2,2,0.49324550000000000,0.493245500000,1.4334489766152358,1.4334489766152358,1.4334489766152358,0E-17,ELIGIBLE,R03b_20260811_FULL_v1,L1_ELIGIBILITY,v2026-08-11,2026-03-21..2026-08-06,baccarat_bet02_101_all_pairs_incl_sentinel,round_win = game_pnl > 0 (decisive only),COMPATIBILITY_ONLY_NOT_PRODUCTION,146521.7074,130543.1969,9908.8042,964,936,-0.06762687,-0.04731611,-0.08301766,-0.06762687,-9908.8042,146521.7074,OK,0.0000,396.3522,4.0000,96.0000,AG03-UNRESOLVED,ALL5_LEVELS_bet23_to_bet27,396.3522,396.3522,495.4402,495.4402,495.4402,4.000000,4.000000,5.000000,5.000000,5.000000,96.000000,96.000000,95.000000,95.000000,95.000000,5.0,2279.0250,2079.2952,7629.7792,7829.509,PENDING_AG03,FALSE,NOT_FOR_ENFORCEMENT,9512.4520,125321.4690,9908.8042,9512.4520,396.3522,0.06762687,0.06492179,396.3522,9512.4520,0.06492179,396.3522,396.3522,495.4402,495.4402,495.4402,9512.4520,0.06492179,2279.0250,2079.2952,7629.7792,7829.509,0.05207269,0.05343583,0.00270507,151.9935,139.4692,10.5863,152.4431,22.3171,2254.1801,14.4000,175.9468,137.7798,29.6291,128.4258,256.8515,258.1778,514.3107,777.7133,102.8621,0.0,4.004732,6.055743,1.183512,29,129,8,3,0.43109585,0.06762687,0.04731611,0E-8,0.000000,0.890948,0.000000,0.03570155,2026-03-24,2026-08-06,65,444,384,136,0.477941,1.277014,1.157594,1.436986,,,,,,,,GLOBAL_BASELINE_NO_ENTITY_RANKING,,,NOT_APPLICABLE_GLOBAL_BASELINE,HF9g-P5,,,,X 全窗基线 · 不参与实体赏罚,15057948,1506,A168_HF9F_20260827_0900,2026-08-27 09:00:00
2026-05-27,122817705,2222,0,259.4572155051,149.1878989155,149.1878989155,0.6666667,4,4,0.49659680000000000,0.496596800000,0.5891529468324541,0.589152946832454,0.5891529468324541,0E-17,ELIGIBLE,R03b_20260811_FULL_v1,L1_ELIGIBILITY,v2026-08-11,2026-03-21..2026-08-06,baccarat_bet02_101_all_pairs_incl_sentinel,round_win = game_pnl > 0 (decisive only),COMPATIBILITY_ONLY_NOT_PRODUCTION,146521.7074,130543.1969,9908.8042,964,936,-0.06762687,-0.04731611,-0.08301766,-0.06762687,-9908.8042,146521.7074,OK,0.0000,396.3522,4.0000,96.0000,AG03-UNRESOLVED,ALL5_LEVELS_bet23_to_bet27,396.3522,396.3522,495.4402,495.4402,495.4402,4.000000,4.000000,5.000000,5.000000,5.000000,96.000000,96.000000,95.000000,95.000000,95.000000,5.0,2279.0250,2079.2952,7629.7792,7829.509,PENDING_AG03,FALSE,NOT_FOR_ENFORCEMENT,9512.4520,125321.4690,9908.8042,9512.4520,396.3522,0.06762687,0.06492179,396.3522,9512.4520,0.06492179,396.3522,396.3522,495.4402,495.4402,495.4402,9512.4520,0.06492179,2279.0250,2079.2952,7629.7792,7829.509,0.05207269,0.05343583,0.00270507,151.9935,139.4692,10.5863,152.4431,22.3171,2254.1801,14.4000,175.9468,137.7798,29.6291,128.4258,256.8515,258.1778,514.3107,777.7133,102.8621,0.0,4.004732,6.055743,1.183512,29,129,8,3,0.43109585,0.06762687,0.04731611,0E-8,0.000000,0.890948,0.000000,0.03570155,2026-03-24,2026-08-06,65,444,384,136,0.477941,1.277014,1.157594,1.436986,,,,,,,,GLOBAL_BASELINE_NO_ENTITY_RANKING,,,NOT_APPLICABLE_GLOBAL_BASELINE,HF9g-P5,,,,X 全窗基线 · 不参与实体赏罚,15057949,1506,A168_HF9F_20260827_0900,2026-08-27 09:00:00
2026-05-27,122817705,2229,0,2.5945721551,-2.5945721551,-2.5945721551,0E-7,1,1,0.49324550000000000,0.493245500000,-0.9865810262130424,-0.9865810262130424,-0.9865810262130424,0E-17,ELIGIBLE,R03b_20260811_FULL_v1,L1_ELIGIBILITY,v2026-08-11,2026-03-21..2026-08-06,baccarat_bet02_101_all_pairs_incl_sentinel,round_win = game_pnl > 0 (decisive only),COMPATIBILITY_ONLY_NOT_PRODUCTION,146521.7074,130543.1969,9908.8042,964,936,-0.06762687,-0.04731611,-0.08301766,-0.06762687,-9908.8042,146521.7074,OK,0.0000,396.3522,4.0000,96.0000,AG03-UNRESOLVED,ALL5_LEVELS_bet23_to_bet27,396.3522,396.3522,495.4402,495.4402,495.4402,4.000000,4.000000,5.000000,5.000000,5.000000,96.000000,96.000000,95.000000,95.000000,95.000000,5.0,2279.0250,2079.2952,7629.7792,7829.509,PENDING_AG03,FALSE,NOT_FOR_ENFORCEMENT,9512.4520,125321.4690,9908.8042,9512.4520,396.3522,0.06762687,0.06492179,396.3522,9512.4520,0.06492179,396.3522,396.3522,495.4402,495.4402,495.4402,9512.4520,0.06492179,2279.0250,2079.2952,7629.7792,7829.509,0.05207269,0.05343583,0.00270507,151.9935,139.4692,10.5863,152.4431,22.3171,2254.1801,14.4000,175.9468,137.7798,29.6291,128.4258,256.8515,258.1778,514.3107,777.7133,102.8621,0.0,4.004732,6.055743,1.183512,29,129,8,3,0.43109585,0.06762687,0.04731611,0E-8,0.000000,0.890948,0.000000,0.03570155,2026-03-24,2026-08-06,65,444,384,136,0.477941,1.277014,1.157594,1.436986,,,,,,,,GLOBAL_BASELINE_NO_ENTITY_RANKING,,,NOT_APPLICABLE_GLOBAL_BASELINE,HF9g-P5,,,,X 全窗基线 · 不参与实体赏罚,15057950,1506,A168_HF9F_20260827_0900,2026-08-27 09:00:00
2026-05-27,122817705,2242,0,25.9457215505,24.6484354730,24.6484354730,1.0000000,1,1,0.50665070000000000,0.506650700000,0.9867858985152569,0.9867858985152569,0.9867858985152569,0E-17,ELIGIBLE,R03b_20260811_FULL_v1,L1_ELIGIBILITY,v2026-08-11,2026-03-21..2026-08-06,baccarat_bet02_101_all_pairs_incl_sentinel,round_win = game_pnl > 0 (decisive only),COMPATIBILITY_ONLY_NOT_PRODUCTION,146521.7074,130543.1969,9908.8042,964,936,-0.06762687,-0.04731611,-0.08301766,-0.06762687,-9908.8042,146521.7074,OK,0.0000,396.3522,4.0000,96.0000,AG03-UNRESOLVED,ALL5_LEVELS_bet23_to_bet27,396.3522,396.3522,495.4402,495.4402,495.4402,4.000000,4.000000,5.000000,5.000000,5.000000,96.000000,96.000000,95.000000,95.000000,95.000000,5.0,2279.0250,2079.2952,7629.7792,7829.509,PENDING_AG03,FALSE,NOT_FOR_ENFORCEMENT,9512.4520,125321.4690,9908.8042,9512.4520,396.3522,0.06762687,0.06492179,396.3522,9512.4520,0.06492179,396.3522,396.3522,495.4402,495.4402,495.4402,9512.4520,0.06492179,2279.0250,2079.2952,7629.7792,7829.509,0.05207269,0.05343583,0.00270507,151.9935,139.4692,10.5863,152.4431,22.3171,2254.1801,14.4000,175.9468,137.7798,29.6291,128.4258,256.8515,258.1778,514.3107,777.7133,102.8621,0.0,4.004732,6.055743,1.183512,29,129,8,3,0.43109585,0.06762687,0.04731611,0E-8,0.000000,0.890948,0.000000,0.03570155,2026-03-24,2026-08-06,65,444,384,136,0.477941,1.277014,1.157594,1.436986,,,,,,,,GLOBAL_BASELINE_NO_ENTITY_RANKING,,,NOT_APPLICABLE_GLOBAL_BASELINE,HF9g-P5,,,,X 全窗基线 · 不参与实体赏罚,15057951,1506,A168_HF9F_20260827_0900,2026-08-27 09:00:00
2026-05-27,122817705,462,0,259.4572155052,259.4572155052,259.4572155052,1.0000000,1,1,0.49324550000000000,0.493245500000,1.01360149184955,1.01360149184955,1.01360149184955,0E-17,ELIGIBLE,R03b_20260811_FULL_v1,L1_ELIGIBILITY,v2026-08-11,2026-03-21..2026-08-06,baccarat_bet02_101_all_pairs_incl_sentinel,round_win = game_pnl > 0 (decisive only),COMPATIBILITY_ONLY_NOT_PRODUCTION,146521.7074,130543.1969,9908.8042,964,936,-0.06762687,-0.04731611,-0.08301766,-0.06762687,-9908.8042,146521.7074,OK,0.0000,396.3522,4.0000,96.0000,AG03-UNRESOLVED,ALL5_LEVELS_bet23_to_bet27,396.3522,396.3522,495.4402,495.4402,495.4402,4.000000,4.000000,5.000000,5.000000,5.000000,96.000000,96.000000,95.000000,95.000000,95.000000,5.0,2279.0250,2079.2952,7629.7792,7829.509,PENDING_AG03,FALSE,NOT_FOR_ENFORCEMENT,9512.4520,125321.4690,9908.8042,9512.4520,396.3522,0.06762687,0.06492179,396.3522,9512.4520,0.06492179,396.3522,396.3522,495.4402,495.4402,495.4402,9512.4520,0.06492179,2279.0250,2079.2952,7629.7792,7829.509,0.05207269,0.05343583,0.00270507,151.9935,139.4692,10.5863,152.4431,22.3171,2254.1801,14.4000,175.9468,137.7798,29.6291,128.4258,256.8515,258.1778,514.3107,777.7133,102.8621,0.0,4.004732,6.055743,1.183512,29,129,8,3,0.43109585,0.06762687,0.04731611,0E-8,0.000000,0.890948,0.000000,0.03570155,2026-03-24,2026-08-06,65,444,384,136,0.477941,1.277014,1.157594,1.436986,,,,,,,,GLOBAL_BASELINE_NO_ENTITY_RANKING,,,NOT_APPLICABLE_GLOBAL_BASELINE,HF9g-P5,,,,X 全窗基线 · 不参与实体赏罚,15057952,1506,A168_HF9F_20260827_0900,2026-08-27 09:00:00
2026-05-28,122817705,-1,1,15.5674329304,2.5945721551,2.5945721551,1.0000000,2,2,0.49994810000000000,0.499948100000,1.0001038053877793,1.0001038053877793,1.0001038053877793,0E-17,SENTINEL_DEALER,R03b_20260811_FULL_v1,L1_ELIGIBILITY,v2026-08-11,2026-03-21..2026-08-06,baccarat_bet02_101_all_pairs_incl_sentinel,round_win = game_pnl > 0 (decisive only),COMPATIBILITY_ONLY_NOT_PRODUCTION,146521.7074,130543.1969,9908.8042,964,936,-0.06762687,-0.04731611,-0.08301766,-0.06762687,-9908.8042,146521.7074,OK,0.0000,396.3522,4.0000,96.0000,AG03-UNRESOLVED,ALL5_LEVELS_bet23_to_bet27,396.3522,396.3522,495.4402,495.4402,495.4402,4.000000,4.000000,5.000000,5.000000,5.000000,96.000000,96.000000,95.000000,95.000000,95.000000,5.0,2279.0250,2079.2952,7629.7792,7829.509,PENDING_AG03,FALSE,NOT_FOR_ENFORCEMENT,9512.4520,125321.4690,9908.8042,9512.4520,396.3522,0.06762687,0.06492179,396.3522,9512.4520,0.06492179,396.3522,396.3522,495.4402,495.4402,495.4402,9512.4520,0.06492179,2279.0250,2079.2952,7629.7792,7829.509,0.05207269,0.05343583,0.00270507,151.9935,139.4692,10.5863,152.4431,22.3171,2254.1801,14.4000,175.9468,137.7798,29.6291,128.4258,256.8515,258.1778,514.3107,777.7133,102.8621,0.0,4.004732,6.055743,1.183512,29,129,8,3,0.43109585,0.06762687,0.04731611,0E-8,0.000000,0.890948,0.000000,0.03570155,2026-03-24,2026-08-06,65,444,384,136,0.477941,1.277014,1.157594,1.436986,,,,,,,,GLOBAL_BASELINE_NO_ENTITY_RANKING,,,NOT_APPLICABLE_GLOBAL_BASELINE,HF9g-P5,,,,X 全窗基线 · 不参与实体赏罚,15057953,1506,A168_HF9F_20260827_0900,2026-08-27 09:00:00
2026-05-28,122817705,1645,0,1167.5574697732,-778.3716465155,-778.3716465155,0E-7,4,4,0.50665070000000000,0.506650700000,-1.7552447903592512,-1.7552447903592512,-1.7552447903592512,0E-17,ELIGIBLE,R03b_20260811_FULL_v1,L1_ELIGIBILITY,v2026-08-11,2026-03-21..2026-08-06,baccarat_bet02_101_all_pairs_incl_sentinel,round_win = game_pnl > 0 (decisive only),COMPATIBILITY_ONLY_NOT_PRODUCTION,146521.7074,130543.1969,9908.8042,964,936,-0.06762687,-0.04731611,-0.08301766,-0.06762687,-9908.8042,146521.7074,OK,0.0000,396.3522,4.0000,96.0000,AG03-UNRESOLVED,ALL5_LEVELS_bet23_to_bet27,396.3522,396.3522,495.4402,495.4402,495.4402,4.000000,4.000000,5.000000,5.000000,5.000000,96.000000,96.000000,95.000000,95.000000,95.000000,5.0,2279.0250,2079.2952,7629.7792,7829.509,PENDING_AG03,FALSE,NOT_FOR_ENFORCEMENT,9512.4520,125321.4690,9908.8042,9512.4520,396.3522,0.06762687,0.06492179,396.3522,9512.4520,0.06492179,396.3522,396.3522,495.4402,495.4402,495.4402,9512.4520,0.06492179,2279.0250,2079.2952,7629.7792,7829.509,0.05207269,0.05343583,0.00270507,151.9935,139.4692,10.5863,152.4431,22.3171,2254.1801,14.4000,175.9468,137.7798,29.6291,128.4258,256.8515,258.1778,514.3107,777.7133,102.8621,0.0,4.004732,6.055743,1.183512,29,129,8,3,0.43109585,0.06762687,0.04731611,0E-8,0.000000,0.890948,0.000000,0.03570155,2026-03-24,2026-08-06,65,444,384,136,0.477941,1.277014,1.157594,1.436986,,,,,,,,GLOBAL_BASELINE_NO_ENTITY_RANKING,,,NOT_APPLICABLE_GLOBAL_BASELINE,HF9g-P5,,,,X 全窗基线 · 不参与实体赏罚,15057954,1506,A168_HF9F_20260827_0900,2026-08-27 09:00:00
2026-05-28,122817705,1750,0,51.8914431010,49.2968709460,49.2968709460,1.0000000,1,1,0.50665070000000000,0.506650700000,0.9867858985152569,0.9867858985152569,0.9867858985152569,0E-17,ELIGIBLE,R03b_20260811_FULL_v1,L1_ELIGIBILITY,v2026-08-11,2026-03-21..2026-08-06,baccarat_bet02_101_all_pairs_incl_sentinel,round_win = game_pnl > 0 (decisive only),COMPATIBILITY_ONLY_NOT_PRODUCTION,146521.7074,130543.1969,9908.8042,964,936,-0.06762687,-0.04731611,-0.08301766,-0.06762687,-9908.8042,146521.7074,OK,0.0000,396.3522,4.0000,96.0000,AG03-UNRESOLVED,ALL5_LEVELS_bet23_to_bet27,396.3522,396.3522,495.4402,495.4402,495.4402,4.000000,4.000000,5.000000,5.000000,5.000000,96.000000,96.000000,95.000000,95.000000,95.000000,5.0,2279.0250,2079.2952,7629.7792,7829.509,PENDING_AG03,FALSE,NOT_FOR_ENFORCEMENT,9512.4520,125321.4690,9908.8042,9512.4520,396.3522,0.06762687,0.06492179,396.3522,9512.4520,0.06492179,396.3522,396.3522,495.4402,495.4402,495.4402,9512.4520,0.06492179,2279.0250,2079.2952,7629.7792,7829.509,0.05207269,0.05343583,0.00270507,151.9935,139.4692,10.5863,152.4431,22.3171,2254.1801,14.4000,175.9468,137.7798,29.6291,128.4258,256.8515,258.1778,514.3107,777.7133,102.8621,0.0,4.004732,6.055743,1.183512,29,129,8,3,0.43109585,0.06762687,0.04731611,0E-8,0.000000,0.890948,0.000000,0.03570155,2026-03-24,2026-08-06,65,444,384,136,0.477941,1.277014,1.157594,1.436986,,,,,,,,GLOBAL_BASELINE_NO_ENTITY_RANKING,,,NOT_APPLICABLE_GLOBAL_BASELINE,HF9g-P5,,,,X 全窗基线 · 不参与实体赏罚,15057955,1506,A168_HF9F_20260827_0900,2026-08-27 09:00:00
2026-05-28,122817705,1940,0,285.4029370556,68.7561621089,68.7561621089,0.3333333,3,3,0.50218230000000000,0.502182300000,-0.5849155494134425,-0.5849155494134426,-0.5849155494134425,0E-17,ELIGIBLE,R03b_20260811_FULL_v1,L1_ELIGIBILITY,v2026-08-11,2026-03-21..2026-08-06,baccarat_bet02_101_all_pairs_incl_sentinel,round_win = game_pnl > 0 (decisive only),COMPATIBILITY_ONLY_NOT_PRODUCTION,146521.7074,130543.1969,9908.8042,964,936,-0.06762687,-0.04731611,-0.08301766,-0.06762687,-9908.8042,146521.7074,OK,0.0000,396.3522,4.0000,96.0000,AG03-UNRESOLVED,ALL5_LEVELS_bet23_to_bet27,396.3522,396.3522,495.4402,495.4402,495.4402,4.000000,4.000000,5.000000,5.000000,5.000000,96.000000,96.000000,95.000000,95.000000,95.000000,5.0,2279.0250,2079.2952,7629.7792,7829.509,PENDING_AG03,FALSE,NOT_FOR_ENFORCEMENT,9512.4520,125321.4690,9908.8042,9512.4520,396.3522,0.06762687,0.06492179,396.3522,9512.4520,0.06492179,396.3522,396.3522,495.4402,495.4402,495.4402,9512.4520,0.06492179,2279.0250,2079.2952,7629.7792,7829.509,0.05207269,0.05343583,0.00270507,151.9935,139.4692,10.5863,152.4431,22.3171,2254.1801,14.4000,175.9468,137.7798,29.6291,128.4258,256.8515,258.1778,514.3107,777.7133,102.8621,0.0,4.004732,6.055743,1.183512,29,129,8,3,0.43109585,0.06762687,0.04731611,0E-8,0.000000,0.890948,0.000000,0.03570155,2026-03-24,2026-08-06,65,444,384,136,0.477941,1.277014,1.157594,1.436986,,,,,,,,GLOBAL_BASELINE_NO_ENTITY_RANKING,,,NOT_APPLICABLE_GLOBAL_BASELINE,HF9g-P5,,,,X 全窗基线 · 不参与实体赏罚,15057956,1506,A168_HF9F_20260827_0900,2026-08-27 09:00:00
2026-05-28,122817705,2127,0,31.1348658606,29.8375797831,29.8375797831,1.0000000,2,2,0.49994810000000000,0.499948100000,1.4143603653603398,1.4143603653603398,1.4143603653603398,0E-17,ELIGIBLE,R03b_20260811_FULL_v1,L1_ELIGIBILITY,v2026-08-11,2026-03-21..2026-08-06,baccarat_bet02_101_all_pairs_incl_sentinel,round_win = game_pnl > 0 (decisive only),COMPATIBILITY_ONLY_NOT_PRODUCTION,146521.7074,130543.1969,9908.8042,964,936,-0.06762687,-0.04731611,-0.08301766,-0.06762687,-9908.8042,146521.7074,OK,0.0000,396.3522,4.0000,96.0000,AG03-UNRESOLVED,ALL5_LEVELS_bet23_to_bet27,396.3522,396.3522,495.4402,495.4402,495.4402,4.000000,4.000000,5.000000,5.000000,5.000000,96.000000,96.000000,95.000000,95.000000,95.000000,5.0,2279.0250,2079.2952,7629.7792,7829.509,PENDING_AG03,FALSE,NOT_FOR_ENFORCEMENT,9512.4520,125321.4690,9908.8042,9512.4520,396.3522,0.06762687,0.06492179,396.3522,9512.4520,0.06492179,396.3522,396.3522,495.4402,495.4402,495.4402,9512.4520,0.06492179,2279.0250,2079.2952,7629.7792,7829.509,0.05207269,0.05343583,0.00270507,151.9935,139.4692,10.5863,152.4431,22.3171,2254.1801,14.4000,175.9468,137.7798,29.6291,128.4258,256.8515,258.1778,514.3107,777.7133,102.8621,0.0,4.004732,6.055743,1.183512,29,129,8,3,0.43109585,0.06762687,0.04731611,0E-8,0.000000,0.890948,0.000000,0.03570155,2026-03-24,2026-08-06,65,444,384,136,0.477941,1.277014,1.157594,1.436986,,,,,,,,GLOBAL_BASELINE_NO_ENTITY_RANKING,,,NOT_APPLICABLE_GLOBAL_BASELINE,HF9g-P5,,,,X 全窗基线 · 不参与实体赏罚,15057957,1506,A168_HF9F_20260827_0900,2026-08-27 09:00:00
2026-05-28,122817705,462,0,25.9457215505,24.6484354730,24.6484354730,1.0000000,1,1,0.50665070000000000,0.506650700000,0.9867858985152569,0.9867858985152569,0.9867858985152569,0E-17,ELIGIBLE,R03b_20260811_FULL_v1,L1_ELIGIBILITY,v2026-08-11,2026-03-21..2026-08-06,baccarat_bet02_101_all_pairs_incl_sentinel,round_win = game_pnl > 0 (decisive only),COMPATIBILITY_ONLY_NOT_PRODUCTION,146521.7074,130543.1969,9908.8042,964,936,-0.06762687,-0.04731611,-0.08301766,-0.06762687,-9908.8042,146521.7074,OK,0.0000,396.3522,4.0000,96.0000,AG03-UNRESOLVED,ALL5_LEVELS_bet23_to_bet27,396.3522,396.3522,495.4402,495.4402,495.4402,4.000000,4.000000,5.000000,5.000000,5.000000,96.000000,96.000000,95.000000,95.000000,95.000000,5.0,2279.0250,2079.2952,7629.7792,7829.509,PENDING_AG03,FALSE,NOT_FOR_ENFORCEMENT,9512.4520,125321.4690,9908.8042,9512.4520,396.3522,0.06762687,0.06492179,396.3522,9512.4520,0.06492179,396.3522,396.3522,495.4402,495.4402,495.4402,9512.4520,0.06492179,2279.0250,2079.2952,7629.7792,7829.509,0.05207269,0.05343583,0.00270507,151.9935,139.4692,10.5863,152.4431,22.3171,2254.1801,14.4000,175.9468,137.7798,29.6291,128.4258,256.8515,258.1778,514.3107,777.7133,102.8621,0.0,4.004732,6.055743,1.183512,29,129,8,3,0.43109585,0.06762687,0.04731611,0E-8,0.000000,0.890948,0.000000,0.03570155,2026-03-24,2026-08-06,65,444,384,136,0.477941,1.277014,1.157594,1.436986,,,,,,,,GLOBAL_BASELINE_NO_ENTITY_RANKING,,,NOT_APPLICABLE_GLOBAL_BASELINE,HF9g-P5,,,,X 全窗基线 · 不参与实体赏罚,15057958,1506,A168_HF9F_20260827_0900,2026-08-27 09:00:00
2026-05-29,122817705,-1,1,1411.4472523482,856.0790825591,856.0790825591,0.6111111,19,18,0.50013428333333333,0.500320466667,0.9416696436752596,0.9400899848339096,0.9416696436752596,-0.00018618333366667,SENTINEL_DEALER,R03b_20260811_FULL_v1,L1_ELIGIBILITY,v2026-08-11,2026-03-21..2026-08-06,baccarat_bet02_101_all_pairs_incl_sentinel,round_win = game_pnl > 0 (decisive only),COMPATIBILITY_ONLY_NOT_PRODUCTION,146521.7074,130543.1969,9908.8042,964,936,-0.06762687,-0.04731611,-0.08301766,-0.06762687,-9908.8042,146521.7074,OK,0.0000,396.3522,4.0000,96.0000,AG03-UNRESOLVED,ALL5_LEVELS_bet23_to_bet27,396.3522,396.3522,495.4402,495.4402,495.4402,4.000000,4.000000,5.000000,5.000000,5.000000,96.000000,96.000000,95.000000,95.000000,95.000000,5.0,2279.0250,2079.2952,7629.7792,7829.509,PENDING_AG03,FALSE,NOT_FOR_ENFORCEMENT,9512.4520,125321.4690,9908.8042,9512.4520,396.3522,0.06762687,0.06492179,396.3522,9512.4520,0.06492179,396.3522,396.3522,495.4402,495.4402,495.4402,9512.4520,0.06492179,2279.0250,2079.2952,7629.7792,7829.509,0.05207269,0.05343583,0.00270507,151.9935,139.4692,10.5863,152.4431,22.3171,2254.1801,14.4000,175.9468,137.7798,29.6291,128.4258,256.8515,258.1778,514.3107,777.7133,102.8621,0.0,4.004732,6.055743,1.183512,29,129,8,3,0.43109585,0.06762687,0.04731611,0E-8,0.000000,0.890948,0.000000,0.03570155,2026-03-24,2026-08-06,65,444,384,136,0.477941,1.277014,1.157594,1.436986,,,,,,,,GLOBAL_BASELINE_NO_ENTITY_RANKING,,,NOT_APPLICABLE_GLOBAL_BASELINE,HF9g-P5,,,,X 全窗基线 · 不参与实体赏罚,15057959,1506,A168_HF9F_20260827_0900,2026-08-27 09:00:00
2026-05-29,122817705,1323,0,383.9966789477,12.9728607753,12.9728607753,0.5000000,5,5,0.49324550000000000,0.493245500000,0.027020465636507562,0.027020465636507562,0.027020465636507562,0E-17,ELIGIBLE,R03b_20260811_FULL_v1,L1_ELIGIBILITY,v2026-08-11,2026-03-21..2026-08-06,baccarat_bet02_101_all_pairs_incl_sentinel,round_win = game_pnl > 0 (decisive only),COMPATIBILITY_ONLY_NOT_PRODUCTION,146521.7074,130543.1969,9908.8042,964,936,-0.06762687,-0.04731611,-0.08301766,-0.06762687,-9908.8042,146521.7074,OK,0.0000,396.3522,4.0000,96.0000,AG03-UNRESOLVED,ALL5_LEVELS_bet23_to_bet27,396.3522,396.3522,495.4402,495.4402,495.4402,4.000000,4.000000,5.000000,5.000000,5.000000,96.000000,96.000000,95.000000,95.000000,95.000000,5.0,2279.0250,2079.2952,7629.7792,7829.509,PENDING_AG03,FALSE,NOT_FOR_ENFORCEMENT,9512.4520,125321.4690,9908.8042,9512.4520,396.3522,0.06762687,0.06492179,396.3522,9512.4520,0.06492179,396.3522,396.3522,495.4402,495.4402,495.4402,9512.4520,0.06492179,2279.0250,2079.2952,7629.7792,7829.509,0.05207269,0.05343583,0.00270507,151.9935,139.4692,10.5863,152.4431,22.3171,2254.1801,14.4000,175.9468,137.7798,29.6291,128.4258,256.8515,258.1778,514.3107,777.7133,102.8621,0.0,4.004732,6.055743,1.183512,29,129,8,3,0.43109585,0.06762687,0.04731611,0E-8,0.000000,0.890948,0.000000,0.03570155,2026-03-24,2026-08-06,65,444,384,136,0.477941,1.277014,1.157594,1.436986,,,,,,,,GLOBAL_BASELINE_NO_ENTITY_RANKING,,,NOT_APPLICABLE_GLOBAL_BASELINE,HF9g-P5,,,,X 全窗基线 · 不参与实体赏罚,15057960,1506,A168_HF9F_20260827_0900,2026-08-27 09:00:00
2026-05-29,122817705,1401,0,12.9728607753,-12.9728607753,-12.9728607753,0E-7,1,1,0.50665070000000000,0.506650700000,-1.013391052207602,-1.013391052207602,-1.013391052207602,0E-17,ELIGIBLE,R03b_20260811_FULL_v1,L1_ELIGIBILITY,v2026-08-11,2026-03-21..2026-08-06,baccarat_bet02_101_all_pairs_incl_sentinel,round_win = game_pnl > 0 (decisive only),COMPATIBILITY_ONLY_NOT_PRODUCTION,146521.7074,130543.1969,9908.8042,964,936,-0.06762687,-0.04731611,-0.08301766,-0.06762687,-9908.8042,146521.7074,OK,0.0000,396.3522,4.0000,96.0000,AG03-UNRESOLVED,ALL5_LEVELS_bet23_to_bet27,396.3522,396.3522,495.4402,495.4402,495.4402,4.000000,4.000000,5.000000,5.000000,5.000000,96.000000,96.000000,95.000000,95.000000,95.000000,5.0,2279.0250,2079.2952,7629.7792,7829.509,PENDING_AG03,FALSE,NOT_FOR_ENFORCEMENT,9512.4520,125321.4690,9908.8042,9512.4520,396.3522,0.06762687,0.06492179,396.3522,9512.4520,0.06492179,396.3522,396.3522,495.4402,495.4402,495.4402,9512.4520,0.06492179,2279.0250,2079.2952,7629.7792,7829.509,0.05207269,0.05343583,0.00270507,151.9935,139.4692,10.5863,152.4431,22.3171,2254.1801,14.4000,175.9468,137.7798,29.6291,128.4258,256.8515,258.1778,514.3107,777.7133,102.8621,0.0,4.004732,6.055743,1.183512,29,129,8,3,0.43109585,0.06762687,0.04731611,0E-8,0.000000,0.890948,0.000000,0.03570155,2026-03-24,2026-08-06,65,444,384,136,0.477941,1.277014,1.157594,1.436986,,,,,,,,GLOBAL_BASELINE_NO_ENTITY_RANKING,,,NOT_APPLICABLE_GLOBAL_BASELINE,HF9g-P5,,,,X 全窗基线 · 不参与实体赏罚,15057961,1506,A168_HF9F_20260827_0900,2026-08-27 09:00:00
2026-05-29,122817705,1646,0,147.8906128380,142.7014685279,142.7014685279,1.0000000,3,3,0.49771390000000000,0.497713900000,1.739988277604938,1.739988277604938,1.739988277604938,0E-17,ELIGIBLE,R03b_20260811_FULL_v1,L1_ELIGIBILITY,v2026-08-11,2026-03-21..2026-08-06,baccarat_bet02_101_all_pairs_incl_sentinel,round_win = game_pnl > 0 (decisive only),COMPATIBILITY_ONLY_NOT_PRODUCTION,146521.7074,130543.1969,9908.8042,964,936,-0.06762687,-0.04731611,-0.08301766,-0.06762687,-9908.8042,146521.7074,OK,0.0000,396.3522,4.0000,96.0000,AG03-UNRESOLVED,ALL5_LEVELS_bet23_to_bet27,396.3522,396.3522,495.4402,495.4402,495.4402,4.000000,4.000000,5.000000,5.000000,5.000000,96.000000,96.000000,95.000000,95.000000,95.000000,5.0,2279.0250,2079.2952,7629.7792,7829.509,PENDING_AG03,FALSE,NOT_FOR_ENFORCEMENT,9512.4520,125321.4690,9908.8042,9512.4520,396.3522,0.06762687,0.06492179,396.3522,9512.4520,0.06492179,396.3522,396.3522,495.4402,495.4402,495.4402,9512.4520,0.06492179,2279.0250,2079.2952,7629.7792,7829.509,0.05207269,0.05343583,0.00270507,151.9935,139.4692,10.5863,152.4431,22.3171,2254.1801,14.4000,175.9468,137.7798,29.6291,128.4258,256.8515,258.1778,514.3107,777.7133,102.8621,0.0,4.004732,6.055743,1.183512,29,129,8,3,0.43109585,0.06762687,0.04731611,0E-8,0.000000,0.890948,0.000000,0.03570155,2026-03-24,2026-08-06,65,444,384,136,0.477941,1.277014,1.157594,1.436986,,,,,,,,GLOBAL_BASELINE_NO_ENTITY_RANKING,,,NOT_APPLICABLE_GLOBAL_BASELINE,HF9g-P5,,,,X 全窗基线 · 不参与实体赏罚,15057962,1506,A168_HF9F_20260827_0900,2026-08-27 09:00:00
2026-05-29,122817705,2084,0,259.4572155051,103.7828862021,103.7828862021,0.5000000,2,2,0.49994810000000000,0.499948100000,0.00014679536856514622,0.00014679536856514622,0.00014679536856514622,0E-17,ELIGIBLE,R03b_20260811_FULL_v1,L1_ELIGIBILITY,v2026-08-11,2026-03-21..2026-08-06,baccarat_bet02_101_all_pairs_incl_sentinel,round_win = game_pnl > 0 (decisive only),COMPATIBILITY_ONLY_NOT_PRODUCTION,146521.7074,130543.1969,9908.8042,964,936,-0.06762687,-0.04731611,-0.08301766,-0.06762687,-9908.8042,146521.7074,OK,0.0000,396.3522,4.0000,96.0000,AG03-UNRESOLVED,ALL5_LEVELS_bet23_to_bet27,396.3522,396.3522,495.4402,495.4402,495.4402,4.000000,4.000000,5.000000,5.000000,5.000000,96.000000,96.000000,95.000000,95.000000,95.000000,5.0,2279.0250,2079.2952,7629.7792,7829.509,PENDING_AG03,FALSE,NOT_FOR_ENFORCEMENT,9512.4520,125321.4690,9908.8042,9512.4520,396.3522,0.06762687,0.06492179,396.3522,9512.4520,0.06492179,396.3522,396.3522,495.4402,495.4402,495.4402,9512.4520,0.06492179,2279.0250,2079.2952,7629.7792,7829.509,0.05207269,0.05343583,0.00270507,151.9935,139.4692,10.5863,152.4431,22.3171,2254.1801,14.4000,175.9468,137.7798,29.6291,128.4258,256.8515,258.1778,514.3107,777.7133,102.8621,0.0,4.004732,6.055743,1.183512,29,129,8,3,0.43109585,0.06762687,0.04731611,0E-8,0.000000,0.890948,0.000000,0.03570155,2026-03-24,2026-08-06,65,444,384,136,0.477941,1.277014,1.157594,1.436986,,,,,,,,GLOBAL_BASELINE_NO_ENTITY_RANKING,,,NOT_APPLICABLE_GLOBAL_BASELINE,HF9g-P5,,,,X 全窗基线 · 不参与实体赏罚,15057963,1506,A168_HF9F_20260827_0900,2026-08-27 09:00:00
2026-05-29,122817705,2121,0,25.9457215505,0E-10,0E-10,,1,1,0.50665070000000000,0.506650700000,,,,0E-17,NO_DECISIVE_ROUND,R03b_20260811_FULL_v1,L1_ELIGIBILITY,v2026-08-11,2026-03-21..2026-08-06,baccarat_bet02_101_all_pairs_incl_sentinel,round_win = game_pnl > 0 (decisive only),COMPATIBILITY_ONLY_NOT_PRODUCTION,146521.7074,130543.1969,9908.8042,964,936,-0.06762687,-0.04731611,-0.08301766,-0.06762687,-9908.8042,146521.7074,OK,0.0000,396.3522,4.0000,96.0000,AG03-UNRESOLVED,ALL5_LEVELS_bet23_to_bet27,396.3522,396.3522,495.4402,495.4402,495.4402,4.000000,4.000000,5.000000,5.000000,5.000000,96.000000,96.000000,95.000000,95.000000,95.000000,5.0,2279.0250,2079.2952,7629.7792,7829.509,PENDING_AG03,FALSE,NOT_FOR_ENFORCEMENT,9512.4520,125321.4690,9908.8042,9512.4520,396.3522,0.06762687,0.06492179,396.3522,9512.4520,0.06492179,396.3522,396.3522,495.4402,495.4402,495.4402,9512.4520,0.06492179,2279.0250,2079.2952,7629.7792,7829.509,0.05207269,0.05343583,0.00270507,151.9935,139.4692,10.5863,152.4431,22.3171,2254.1801,14.4000,175.9468,137.7798,29.6291,128.4258,256.8515,258.1778,514.3107,777.7133,102.8621,0.0,4.004732,6.055743,1.183512,29,129,8,3,0.43109585,0.06762687,0.04731611,0E-8,0.000000,0.890948,0.000000,0.03570155,2026-03-24,2026-08-06,65,444,384,136,0.477941,1.277014,1.157594,1.436986,,,,,,,,GLOBAL_BASELINE_NO_ENTITY_RANKING,,,NOT_APPLICABLE_GLOBAL_BASELINE,HF9g-P5,,,,X 全窗基线 · 不参与实体赏罚,15057964,1506,A168_HF9F_20260827_0900,2026-08-27 09:00:00
2026-05-29,122817705,2123,0,142.7014685278,135.5663951014,135.5663951014,1.0000000,1,1,0.50665070000000000,0.506650700000,0.9867858985152569,0.9867858985152569,0.9867858985152569,0E-17,ELIGIBLE,R03b_20260811_FULL_v1,L1_ELIGIBILITY,v2026-08-11,2026-03-21..2026-08-06,baccarat_bet02_101_all_pairs_incl_sentinel,round_win = game_pnl > 0 (decisive only),COMPATIBILITY_ONLY_NOT_PRODUCTION,146521.7074,130543.1969,9908.8042,964,936,-0.06762687,-0.04731611,-0.08301766,-0.06762687,-9908.8042,146521.7074,OK,0.0000,396.3522,4.0000,96.0000,AG03-UNRESOLVED,ALL5_LEVELS_bet23_to_bet27,396.3522,396.3522,495.4402,495.4402,495.4402,4.000000,4.000000,5.000000,5.000000,5.000000,96.000000,96.000000,95.000000,95.000000,95.000000,5.0,2279.0250,2079.2952,7629.7792,7829.509,PENDING_AG03,FALSE,NOT_FOR_ENFORCEMENT,9512.4520,125321.4690,9908.8042,9512.4520,396.3522,0.06762687,0.06492179,396.3522,9512.4520,0.06492179,396.3522,396.3522,495.4402,495.4402,495.4402,9512.4520,0.06492179,2279.0250,2079.2952,7629.7792,7829.509,0.05207269,0.05343583,0.00270507,151.9935,139.4692,10.5863,152.4431,22.3171,2254.1801,14.4000,175.9468,137.7798,29.6291,128.4258,256.8515,258.1778,514.3107,777.7133,102.8621,0.0,4.004732,6.055743,1.183512,29,129,8,3,0.43109585,0.06762687,0.04731611,0E-8,0.000000,0.890948,0.000000,0.03570155,2026-03-24,2026-08-06,65,444,384,136,0.477941,1.277014,1.157594,1.436986,,,,,,,,GLOBAL_BASELINE_NO_ENTITY_RANKING,,,NOT_APPLICABLE_GLOBAL_BASELINE,HF9g-P5,,,,X 全窗基线 · 不参与实体赏罚,15057965,1506,A168_HF9F_20260827_0900,2026-08-27 09:00:00
2026-05-29,122817705,2201,0,181.6200508536,77.8371646516,77.8371646516,1.0000000,2,1,0.49707555714285503,0.499948100000,1.0058660909313994,1.0001038053877793,1.0058660909313994,-0.00287254285714497,ELIGIBLE,R03b_20260811_FULL_v1,L1_ELIGIBILITY,v2026-08-11,2026-03-21..2026-08-06,baccarat_bet02_101_all_pairs_incl_sentinel,round_win = game_pnl > 0 (decisive only),COMPATIBILITY_ONLY_NOT_PRODUCTION,146521.7074,130543.1969,9908.8042,964,936,-0.06762687,-0.04731611,-0.08301766,-0.06762687,-9908.8042,146521.7074,OK,0.0000,396.3522,4.0000,96.0000,AG03-UNRESOLVED,ALL5_LEVELS_bet23_to_bet27,396.3522,396.3522,495.4402,495.4402,495.4402,4.000000,4.000000,5.000000,5.000000,5.000000,96.000000,96.000000,95.000000,95.000000,95.000000,5.0,2279.0250,2079.2952,7629.7792,7829.509,PENDING_AG03,FALSE,NOT_FOR_ENFORCEMENT,9512.4520,125321.4690,9908.8042,9512.4520,396.3522,0.06762687,0.06492179,396.3522,9512.4520,0.06492179,396.3522,396.3522,495.4402,495.4402,495.4402,9512.4520,0.06492179,2279.0250,2079.2952,7629.7792,7829.509,0.05207269,0.05343583,0.00270507,151.9935,139.4692,10.5863,152.4431,22.3171,2254.1801,14.4000,175.9468,137.7798,29.6291,128.4258,256.8515,258.1778,514.3107,777.7133,102.8621,0.0,4.004732,6.055743,1.183512,29,129,8,3,0.43109585,0.06762687,0.04731611,0E-8,0.000000,0.890948,0.000000,0.03570155,2026-03-24,2026-08-06,65,444,384,136,0.477941,1.277014,1.157594,1.436986,,,,,,,,GLOBAL_BASELINE_NO_ENTITY_RANKING,,,NOT_APPLICABLE_GLOBAL_BASELINE,HF9g-P5,,,,X 全窗基线 · 不参与实体赏罚,15057966,1506,A168_HF9F_20260827_0900,2026-08-27 09:00:00
2026-05-29,122817705,2205,0,129.7286077526,123.2421773650,123.2421773650,1.0000000,1,1,0.50665070000000000,0.506650700000,0.9867858985152569,0.9867858985152569,0.9867858985152569,0E-17,ELIGIBLE,R03b_20260811_FULL_v1,L1_ELIGIBILITY,v2026-08-11,2026-03-21..2026-08-06,baccarat_bet02_101_all_pairs_incl_sentinel,round_win = game_pnl > 0 (decisive only),COMPATIBILITY_ONLY_NOT_PRODUCTION,146521.7074,130543.1969,9908.8042,964,936,-0.06762687,-0.04731611,-0.08301766,-0.06762687,-9908.8042,146521.7074,OK,0.0000,396.3522,4.0000,96.0000,AG03-UNRESOLVED,ALL5_LEVELS_bet23_to_bet27,396.3522,396.3522,495.4402,495.4402,495.4402,4.000000,4.000000,5.000000,5.000000,5.000000,96.000000,96.000000,95.000000,95.000000,95.000000,5.0,2279.0250,2079.2952,7629.7792,7829.509,PENDING_AG03,FALSE,NOT_FOR_ENFORCEMENT,9512.4520,125321.4690,9908.8042,9512.4520,396.3522,0.06762687,0.06492179,396.3522,9512.4520,0.06492179,396.3522,396.3522,495.4402,495.4402,495.4402,9512.4520,0.06492179,2279.0250,2079.2952,7629.7792,7829.509,0.05207269,0.05343583,0.00270507,151.9935,139.4692,10.5863,152.4431,22.3171,2254.1801,14.4000,175.9468,137.7798,29.6291,128.4258,256.8515,258.1778,514.3107,777.7133,102.8621,0.0,4.004732,6.055743,1.183512,29,129,8,3,0.43109585,0.06762687,0.04731611,0E-8,0.000000,0.890948,0.000000,0.03570155,2026-03-24,2026-08-06,65,444,384,136,0.477941,1.277014,1.157594,1.436986,,,,,,,,GLOBAL_BASELINE_NO_ENTITY_RANKING,,,NOT_APPLICABLE_GLOBAL_BASELINE,HF9g-P5,,,,X 全窗基线 · 不参与实体赏罚,15057967,1506,A168_HF9F_20260827_0900,2026-08-27 09:00:00
2026-05-29,122817705,2229,0,31.1348658607,30.4862228219,30.4862228219,1.0000000,2,2,0.49994810000000000,0.499948100000,1.4143603653603398,1.4143603653603398,1.4143603653603398,0E-17,ELIGIBLE,R03b_20260811_FULL_v1,L1_ELIGIBILITY,v2026-08-11,2026-03-21..2026-08-06,baccarat_bet02_101_all_pairs_incl_sentinel,round_win = game_pnl > 0 (decisive only),COMPATIBILITY_ONLY_NOT_PRODUCTION,146521.7074,130543.1969,9908.8042,964,936,-0.06762687,-0.04731611,-0.08301766,-0.06762687,-9908.8042,146521.7074,OK,0.0000,396.3522,4.0000,96.0000,AG03-UNRESOLVED,ALL5_LEVELS_bet23_to_bet27,396.3522,396.3522,495.4402,495.4402,495.4402,4.000000,4.000000,5.000000,5.000000,5.000000,96.000000,96.000000,95.000000,95.000000,95.000000,5.0,2279.0250,2079.2952,7629.7792,7829.509,PENDING_AG03,FALSE,NOT_FOR_ENFORCEMENT,9512.4520,125321.4690,9908.8042,9512.4520,396.3522,0.06762687,0.06492179,396.3522,9512.4520,0.06492179,396.3522,396.3522,495.4402,495.4402,495.4402,9512.4520,0.06492179,2279.0250,2079.2952,7629.7792,7829.509,0.05207269,0.05343583,0.00270507,151.9935,139.4692,10.5863,152.4431,22.3171,2254.1801,14.4000,175.9468,137.7798,29.6291,128.4258,256.8515,258.1778,514.3107,777.7133,102.8621,0.0,4.004732,6.055743,1.183512,29,129,8,3,0.43109585,0.06762687,0.04731611,0E-8,0.000000,0.890948,0.000000,0.03570155,2026-03-24,2026-08-06,65,444,384,136,0.477941,1.277014,1.157594,1.436986,,,,,,,,GLOBAL_BASELINE_NO_ENTITY_RANKING,,,NOT_APPLICABLE_GLOBAL_BASELINE,HF9g-P5,,,,X 全窗基线 · 不参与实体赏罚,15057968,1506,A168_HF9F_20260827_0900,2026-08-27 09:00:00
2026-05-29,122817705,2251,0,236.1060661097,75.2425924965,75.2425924965,0.2500000,4,4,0.49324550000000000,0.493245500000,-0.9730707933947887,-0.9730707933947887,-0.9730707933947887,0E-17,ELIGIBLE,R03b_20260811_FULL_v1,L1_ELIGIBILITY,v2026-08-11,2026-03-21..2026-08-06,baccarat_bet02_101_all_pairs_incl_sentinel,round_win = game_pnl > 0 (decisive only),COMPATIBILITY_ONLY_NOT_PRODUCTION,146521.7074,130543.1969,9908.8042,964,936,-0.06762687,-0.04731611,-0.08301766,-0.06762687,-9908.8042,146521.7074,OK,0.0000,396.3522,4.0000,96.0000,AG03-UNRESOLVED,ALL5_LEVELS_bet23_to_bet27,396.3522,396.3522,495.4402,495.4402,495.4402,4.000000,4.000000,5.000000,5.000000,5.000000,96.000000,96.000000,95.000000,95.000000,95.000000,5.0,2279.0250,2079.2952,7629.7792,7829.509,PENDING_AG03,FALSE,NOT_FOR_ENFORCEMENT,9512.4520,125321.4690,9908.8042,9512.4520,396.3522,0.06762687,0.06492179,396.3522,9512.4520,0.06492179,396.3522,396.3522,495.4402,495.4402,495.4402,9512.4520,0.06492179,2279.0250,2079.2952,7629.7792,7829.509,0.05207269,0.05343583,0.00270507,151.9935,139.4692,10.5863,152.4431,22.3171,2254.1801,14.4000,175.9468,137.7798,29.6291,128.4258,256.8515,258.1778,514.3107,777.7133,102.8621,0.0,4.004732,6.055743,1.183512,29,129,8,3,0.43109585,0.06762687,0.04731611,0E-8,0.000000,0.890948,0.000000,0.03570155,2026-03-24,2026-08-06,65,444,384,136,0.477941,1.277014,1.157594,1.436986,,,,,,,,GLOBAL_BASELINE_NO_ENTITY_RANKING,,,NOT_APPLICABLE_GLOBAL_BASELINE,HF9g-P5,,,,X 全窗基线 · 不参与实体赏罚,15057969,1506,A168_HF9F_20260827_0900,2026-08-27 09:00:00
2026-05-30,122817705,-1,1,3027.3467905142,-2371.8281355405,-2371.8281355405,0.2857143,9,9,0.50516123333333333,0.505161233333,-1.1612659687636686,-1.1612659687618967,-1.1612659687636686,3.3333E-13,SENTINEL_DEALER,R03b_20260811_FULL_v1,L1_ELIGIBILITY,v2026-08-11,2026-03-21..2026-08-06,baccarat_bet02_101_all_pairs_incl_sentinel,round_win = game_pnl > 0 (decisive only),COMPATIBILITY_ONLY_NOT_PRODUCTION,146521.7074,130543.1969,9908.8042,964,936,-0.06762687,-0.04731611,-0.08301766,-0.06762687,-9908.8042,146521.7074,OK,0.0000,396.3522,4.0000,96.0000,AG03-UNRESOLVED,ALL5_LEVELS_bet23_to_bet27,396.3522,396.3522,495.4402,495.4402,495.4402,4.000000,4.000000,5.000000,5.000000,5.000000,96.000000,96.000000,95.000000,95.000000,95.000000,5.0,2279.0250,2079.2952,7629.7792,7829.509,PENDING_AG03,FALSE,NOT_FOR_ENFORCEMENT,9512.4520,125321.4690,9908.8042,9512.4520,396.3522,0.06762687,0.06492179,396.3522,9512.4520,0.06492179,396.3522,396.3522,495.4402,495.4402,495.4402,9512.4520,0.06492179,2279.0250,2079.2952,7629.7792,7829.509,0.05207269,0.05343583,0.00270507,151.9935,139.4692,10.5863,152.4431,22.3171,2254.1801,14.4000,175.9468,137.7798,29.6291,128.4258,256.8515,258.1778,514.3107,777.7133,102.8621,0.0,4.004732,6.055743,1.183512,29,129,8,3,0.43109585,0.06762687,0.04731611,0E-8,0.000000,0.890948,0.000000,0.03570155,2026-03-24,2026-08-06,65,444,384,136,0.477941,1.277014,1.157594,1.436986,,,,,,,,GLOBAL_BASELINE_NO_ENTITY_RANKING,,,NOT_APPLICABLE_GLOBAL_BASELINE,HF9g-P5,,,,X 全窗基线 · 不参与实体赏罚,15057970,1506,A168_HF9F_20260827_0900,2026-08-27 09:00:00
2026-05-30,122817705,1306,0,103.7828862021,-103.7828862021,-103.7828862021,0E-7,1,1,0.49324550000000000,0.493245500000,-0.9865810262130424,-0.9865810262130424,-0.9865810262130424,0E-17,ELIGIBLE,R03b_20260811_FULL_v1,L1_ELIGIBILITY,v2026-08-11,2026-03-21..2026-08-06,baccarat_bet02_101_all_pairs_incl_sentinel,round_win = game_pnl > 0 (decisive only),COMPATIBILITY_ONLY_NOT_PRODUCTION,146521.7074,130543.1969,9908.8042,964,936,-0.06762687,-0.04731611,-0.08301766,-0.06762687,-9908.8042,146521.7074,OK,0.0000,396.3522,4.0000,96.0000,AG03-UNRESOLVED,ALL5_LEVELS_bet23_to_bet27,396.3522,396.3522,495.4402,495.4402,495.4402,4.000000,4.000000,5.000000,5.000000,5.000000,96.000000,96.000000,95.000000,95.000000,95.000000,5.0,2279.0250,2079.2952,7629.7792,7829.509,PENDING_AG03,FALSE,NOT_FOR_ENFORCEMENT,9512.4520,125321.4690,9908.8042,9512.4520,396.3522,0.06762687,0.06492179,396.3522,9512.4520,0.06492179,396.3522,396.3522,495.4402,495.4402,495.4402,9512.4520,0.06492179,2279.0250,2079.2952,7629.7792,7829.509,0.05207269,0.05343583,0.00270507,151.9935,139.4692,10.5863,152.4431,22.3171,2254.1801,14.4000,175.9468,137.7798,29.6291,128.4258,256.8515,258.1778,514.3107,777.7133,102.8621,0.0,4.004732,6.055743,1.183512,29,129,8,3,0.43109585,0.06762687,0.04731611,0E-8,0.000000,0.890948,0.000000,0.03570155,2026-03-24,2026-08-06,65,444,384,136,0.477941,1.277014,1.157594,1.436986,,,,,,,,GLOBAL_BASELINE_NO_ENTITY_RANKING,,,NOT_APPLICABLE_GLOBAL_BASELINE,HF9g-P5,,,,X 全窗基线 · 不参与实体赏罚,15057971,1506,A168_HF9F_20260827_0900,2026-08-27 09:00:00
2026-05-30,122817705,1396,0,207.5657724041,-51.8914431011,-51.8914431011,0.5000000,2,2,0.49994810000000000,0.499948100000,0.00014679536856514622,0.00014679536856514622,0.00014679536856514622,0E-17,ELIGIBLE,R03b_20260811_FULL_v1,L1_ELIGIBILITY,v2026-08-11,2026-03-21..2026-08-06,baccarat_bet02_101_all_pairs_incl_sentinel,round_win = game_pnl > 0 (decisive only),COMPATIBILITY_ONLY_NOT_PRODUCTION,146521.7074,130543.1969,9908.8042,964,936,-0.06762687,-0.04731611,-0.08301766,-0.06762687,-9908.8042,146521.7074,OK,0.0000,396.3522,4.0000,96.0000,AG03-UNRESOLVED,ALL5_LEVELS_bet23_to_bet27,396.3522,396.3522,495.4402,495.4402,495.4402,4.000000,4.000000,5.000000,5.000000,5.000000,96.000000,96.000000,95.000000,95.000000,95.000000,5.0,2279.0250,2079.2952,7629.7792,7829.509,PENDING_AG03,FALSE,NOT_FOR_ENFORCEMENT,9512.4520,125321.4690,9908.8042,9512.4520,396.3522,0.06762687,0.06492179,396.3522,9512.4520,0.06492179,396.3522,396.3522,495.4402,495.4402,495.4402,9512.4520,0.06492179,2279.0250,2079.2952,7629.7792,7829.509,0.05207269,0.05343583,0.00270507,151.9935,139.4692,10.5863,152.4431,22.3171,2254.1801,14.4000,175.9468,137.7798,29.6291,128.4258,256.8515,258.1778,514.3107,777.7133,102.8621,0.0,4.004732,6.055743,1.183512,29,129,8,3,0.43109585,0.06762687,0.04731611,0E-8,0.000000,0.890948,0.000000,0.03570155,2026-03-24,2026-08-06,65,444,384,136,0.477941,1.277014,1.157594,1.436986,,,,,,,,GLOBAL_BASELINE_NO_ENTITY_RANKING,,,NOT_APPLICABLE_GLOBAL_BASELINE,HF9g-P5,,,,X 全窗基线 · 不参与实体赏罚,15057972,1506,A168_HF9F_20260827_0900,2026-08-27 09:00:00
2026-05-30,122817705,1505,0,1037.8288620207,-1037.8288620207,-1037.8288620207,0E-7,1,1,0.50665070000000000,0.506650700000,-1.013391052207602,-1.013391052207602,-1.013391052207602,0E-17,ELIGIBLE,R03b_20260811_FULL_v1,L1_ELIGIBILITY,v2026-08-11,2026-03-21..2026-08-06,baccarat_bet02_101_all_pairs_incl_sentinel,round_win = game_pnl > 0 (decisive only),COMPATIBILITY_ONLY_NOT_PRODUCTION,146521.7074,130543.1969,9908.8042,964,936,-0.06762687,-0.04731611,-0.08301766,-0.06762687,-9908.8042,146521.7074,OK,0.0000,396.3522,4.0000,96.0000,AG03-UNRESOLVED,ALL5_LEVELS_bet23_to_bet27,396.3522,396.3522,495.4402,495.4402,495.4402,4.000000,4.000000,5.000000,5.000000,5.000000,96.000000,96.000000,95.000000,95.000000,95.000000,5.0,2279.0250,2079.2952,7629.7792,7829.509,PENDING_AG03,FALSE,NOT_FOR_ENFORCEMENT,9512.4520,125321.4690,9908.8042,9512.4520,396.3522,0.06762687,0.06492179,396.3522,9512.4520,0.06492179,396.3522,396.3522,495.4402,495.4402,495.4402,9512.4520,0.06492179,2279.0250,2079.2952,7629.7792,7829.509,0.05207269,0.05343583,0.00270507,151.9935,139.4692,10.5863,152.4431,22.3171,2254.1801,14.4000,175.9468,137.7798,29.6291,128.4258,256.8515,258.1778,514.3107,777.7133,102.8621,0.0,4.004732,6.055743,1.183512,29,129,8,3,0.43109585,0.06762687,0.04731611,0E-8,0.000000,0.890948,0.000000,0.03570155,2026-03-24,2026-08-06,65,444,384,136,0.477941,1.277014,1.157594,1.436986,,,,,,,,GLOBAL_BASELINE_NO_ENTITY_RANKING,,,NOT_APPLICABLE_GLOBAL_BASELINE,HF9g-P5,,,,X 全窗基线 · 不参与实体赏罚,15057973,1506,A168_HF9F_20260827_0900,2026-08-27 09:00:00
2026-05-30,122817705,2101,0,518.9144310103,-518.9144310103,-518.9144310103,0E-7,1,1,0.50665070000000000,0.506650700000,-1.013391052207602,-1.013391052207602,-1.013391052207602,0E-17,ELIGIBLE,R03b_20260811_FULL_v1,L1_ELIGIBILITY,v2026-08-11,2026-03-21..2026-08-06,baccarat_bet02_101_all_pairs_incl_sentinel,round_win = game_pnl > 0 (decisive only),COMPATIBILITY_ONLY_NOT_PRODUCTION,146521.7074,130543.1969,9908.8042,964,936,-0.06762687,-0.04731611,-0.08301766,-0.06762687,-9908.8042,146521.7074,OK,0.0000,396.3522,4.0000,96.0000,AG03-UNRESOLVED,ALL5_LEVELS_bet23_to_bet27,396.3522,396.3522,495.4402,495.4402,495.4402,4.000000,4.000000,5.000000,5.000000,5.000000,96.000000,96.000000,95.000000,95.000000,95.000000,5.0,2279.0250,2079.2952,7629.7792,7829.509,PENDING_AG03,FALSE,NOT_FOR_ENFORCEMENT,9512.4520,125321.4690,9908.8042,9512.4520,396.3522,0.06762687,0.06492179,396.3522,9512.4520,0.06492179,396.3522,396.3522,495.4402,495.4402,495.4402,9512.4520,0.06492179,2279.0250,2079.2952,7629.7792,7829.509,0.05207269,0.05343583,0.00270507,151.9935,139.4692,10.5863,152.4431,22.3171,2254.1801,14.4000,175.9468,137.7798,29.6291,128.4258,256.8515,258.1778,514.3107,777.7133,102.8621,0.0,4.004732,6.055743,1.183512,29,129,8,3,0.43109585,0.06762687,0.04731611,0E-8,0.000000,0.890948,0.000000,0.03570155,2026-03-24,2026-08-06,65,444,384,136,0.477941,1.277014,1.157594,1.436986,,,,,,,,GLOBAL_BASELINE_NO_ENTITY_RANKING,,,NOT_APPLICABLE_GLOBAL_BASELINE,HF9g-P5,,,,X 全窗基线 · 不参与实体赏罚,15057974,1506,A168_HF9F_20260827_0900,2026-08-27 09:00:00
2026-05-30,122817705,2147,0,1362.1503814021,1167.5574697732,1167.5574697732,0.5000000,2,2,0.49994810000000000,0.499948100000,0.00014679536856514622,0.00014679536856514622,0.00014679536856514622,0E-17,ELIGIBLE,R03b_20260811_FULL_v1,L1_ELIGIBILITY,v2026-08-11,2026-03-21..2026-08-06,baccarat_bet02_101_all_pairs_incl_sentinel,round_win = game_pnl > 0 (decisive only),COMPATIBILITY_ONLY_NOT_PRODUCTION,146521.7074,130543.1969,9908.8042,964,936,-0.06762687,-0.04731611,-0.08301766,-0.06762687,-9908.8042,146521.7074,OK,0.0000,396.3522,4.0000,96.0000,AG03-UNRESOLVED,ALL5_LEVELS_bet23_to_bet27,396.3522,396.3522,495.4402,495.4402,495.4402,4.000000,4.000000,5.000000,5.000000,5.000000,96.000000,96.000000,95.000000,95.000000,95.000000,5.0,2279.0250,2079.2952,7629.7792,7829.509,PENDING_AG03,FALSE,NOT_FOR_ENFORCEMENT,9512.4520,125321.4690,9908.8042,9512.4520,396.3522,0.06762687,0.06492179,396.3522,9512.4520,0.06492179,396.3522,396.3522,495.4402,495.4402,495.4402,9512.4520,0.06492179,2279.0250,2079.2952,7629.7792,7829.509,0.05207269,0.05343583,0.00270507,151.9935,139.4692,10.5863,152.4431,22.3171,2254.1801,14.4000,175.9468,137.7798,29.6291,128.4258,256.8515,258.1778,514.3107,777.7133,102.8621,0.0,4.004732,6.055743,1.183512,29,129,8,3,0.43109585,0.06762687,0.04731611,0E-8,0.000000,0.890948,0.000000,0.03570155,2026-03-24,2026-08-06,65,444,384,136,0.477941,1.277014,1.157594,1.436986,,,,,,,,GLOBAL_BASELINE_NO_ENTITY_RANKING,,,NOT_APPLICABLE_GLOBAL_BASELINE,HF9g-P5,,,,X 全窗基线 · 不参与实体赏罚,15057975,1506,A168_HF9F_20260827_0900,2026-08-27 09:00:00
2026-05-30,122817705,2169,0,25.9457215505,25.9457215505,25.9457215505,1.0000000,1,1,0.49324550000000000,0.493245500000,1.01360149184955,1.01360149184955,1.01360149184955,0E-17,ELIGIBLE,R03b_20260811_FULL_v1,L1_ELIGIBILITY,v2026-08-11,2026-03-21..2026-08-06,baccarat_bet02_101_all_pairs_incl_sentinel,round_win = game_pnl > 0 (decisive only),COMPATIBILITY_ONLY_NOT_PRODUCTION,146521.7074,130543.1969,9908.8042,964,936,-0.06762687,-0.04731611,-0.08301766,-0.06762687,-9908.8042,146521.7074,OK,0.0000,396.3522,4.0000,96.0000,AG03-UNRESOLVED,ALL5_LEVELS_bet23_to_bet27,396.3522,396.3522,495.4402,495.4402,495.4402,4.000000,4.000000,5.000000,5.000000,5.000000,96.000000,96.000000,95.000000,95.000000,95.000000,5.0,2279.0250,2079.2952,7629.7792,7829.509,PENDING_AG03,FALSE,NOT_FOR_ENFORCEMENT,9512.4520,125321.4690,9908.8042,9512.4520,396.3522,0.06762687,0.06492179,396.3522,9512.4520,0.06492179,396.3522,396.3522,495.4402,495.4402,495.4402,9512.4520,0.06492179,2279.0250,2079.2952,7629.7792,7829.509,0.05207269,0.05343583,0.00270507,151.9935,139.4692,10.5863,152.4431,22.3171,2254.1801,14.4000,175.9468,137.7798,29.6291,128.4258,256.8515,258.1778,514.3107,777.7133,102.8621,0.0,4.004732,6.055743,1.183512,29,129,8,3,0.43109585,0.06762687,0.04731611,0E-8,0.000000,0.890948,0.000000,0.03570155,2026-03-24,2026-08-06,65,444,384,136,0.477941,1.277014,1.157594,1.436986,,,,,,,,GLOBAL_BASELINE_NO_ENTITY_RANKING,,,NOT_APPLICABLE_GLOBAL_BASELINE,HF9g-P5,,,,X 全窗基线 · 不参与实体赏罚,15057976,1506,A168_HF9F_20260827_0900,2026-08-27 09:00:00
2026-05-30,122817705,2220,0,259.4572155052,-259.4572155052,-259.4572155052,0E-7,1,1,0.50665070000000000,0.506650700000,-1.013391052207602,-1.013391052207602,-1.013391052207602,0E-17,ELIGIBLE,R03b_20260811_FULL_v1,L1_ELIGIBILITY,v2026-08-11,2026-03-21..2026-08-06,baccarat_bet02_101_all_pairs_incl_sentinel,round_win = game_pnl > 0 (decisive only),COMPATIBILITY_ONLY_NOT_PRODUCTION,146521.7074,130543.1969,9908.8042,964,936,-0.06762687,-0.04731611,-0.08301766,-0.06762687,-9908.8042,146521.7074,OK,0.0000,396.3522,4.0000,96.0000,AG03-UNRESOLVED,ALL5_LEVELS_bet23_to_bet27,396.3522,396.3522,495.4402,495.4402,495.4402,4.000000,4.000000,5.000000,5.000000,5.000000,96.000000,96.000000,95.000000,95.000000,95.000000,5.0,2279.0250,2079.2952,7629.7792,7829.509,PENDING_AG03,FALSE,NOT_FOR_ENFORCEMENT,9512.4520,125321.4690,9908.8042,9512.4520,396.3522,0.06762687,0.06492179,396.3522,9512.4520,0.06492179,396.3522,396.3522,495.4402,495.4402,495.4402,9512.4520,0.06492179,2279.0250,2079.2952,7629.7792,7829.509,0.05207269,0.05343583,0.00270507,151.9935,139.4692,10.5863,152.4431,22.3171,2254.1801,14.4000,175.9468,137.7798,29.6291,128.4258,256.8515,258.1778,514.3107,777.7133,102.8621,0.0,4.004732,6.055743,1.183512,29,129,8,3,0.43109585,0.06762687,0.04731611,0E-8,0.000000,0.890948,0.000000,0.03570155,2026-03-24,2026-08-06,65,444,384,136,0.477941,1.277014,1.157594,1.436986,,,,,,,,GLOBAL_BASELINE_NO_ENTITY_RANKING,,,NOT_APPLICABLE_GLOBAL_BASELINE,HF9g-P5,,,,X 全窗基线 · 不参与实体赏罚,15057977,1506,A168_HF9F_20260827_0900,2026-08-27 09:00:00
2026-05-30,122817705,2251,0,518.6549737948,-518.6549737948,-518.6549737948,0E-7,1,1,0.49324550000000000,0.493245500000,-0.9865810262130424,-0.9865810262130424,-0.9865810262130424,0E-17,ELIGIBLE,R03b_20260811_FULL_v1,L1_ELIGIBILITY,v2026-08-11,2026-03-21..2026-08-06,baccarat_bet02_101_all_pairs_incl_sentinel,round_win = game_pnl > 0 (decisive only),COMPATIBILITY_ONLY_NOT_PRODUCTION,146521.7074,130543.1969,9908.8042,964,936,-0.06762687,-0.04731611,-0.08301766,-0.06762687,-9908.8042,146521.7074,OK,0.0000,396.3522,4.0000,96.0000,AG03-UNRESOLVED,ALL5_LEVELS_bet23_to_bet27,396.3522,396.3522,495.4402,495.4402,495.4402,4.000000,4.000000,5.000000,5.000000,5.000000,96.000000,96.000000,95.000000,95.000000,95.000000,5.0,2279.0250,2079.2952,7629.7792,7829.509,PENDING_AG03,FALSE,NOT_FOR_ENFORCEMENT,9512.4520,125321.4690,9908.8042,9512.4520,396.3522,0.06762687,0.06492179,396.3522,9512.4520,0.06492179,396.3522,396.3522,495.4402,495.4402,495.4402,9512.4520,0.06492179,2279.0250,2079.2952,7629.7792,7829.509,0.05207269,0.05343583,0.00270507,151.9935,139.4692,10.5863,152.4431,22.3171,2254.1801,14.4000,175.9468,137.7798,29.6291,128.4258,256.8515,258.1778,514.3107,777.7133,102.8621,0.0,4.004732,6.055743,1.183512,29,129,8,3,0.43109585,0.06762687,0.04731611,0E-8,0.000000,0.890948,0.000000,0.03570155,2026-03-24,2026-08-06,65,444,384,136,0.477941,1.277014,1.157594,1.436986,,,,,,,,GLOBAL_BASELINE_NO_ENTITY_RANKING,,,NOT_APPLICABLE_GLOBAL_BASELINE,HF9g-P5,,,,X 全窗基线 · 不参与实体赏罚,15057978,1506,A168_HF9F_20260827_0900,2026-08-27 09:00:00
2026-05-30,122817705,2258,0,129.7286077526,-129.7286077526,-129.7286077526,0E-7,1,1,0.49324550000000000,0.493245500000,-0.9865810262130424,-0.9865810262130424,-0.9865810262130424,0E-17,ELIGIBLE,R03b_20260811_FULL_v1,L1_ELIGIBILITY,v2026-08-11,2026-03-21..2026-08-06,baccarat_bet02_101_all_pairs_incl_sentinel,round_win = game_pnl > 0 (decisive only),COMPATIBILITY_ONLY_NOT_PRODUCTION,146521.7074,130543.1969,9908.8042,964,936,-0.06762687,-0.04731611,-0.08301766,-0.06762687,-9908.8042,146521.7074,OK,0.0000,396.3522,4.0000,96.0000,AG03-UNRESOLVED,ALL5_LEVELS_bet23_to_bet27,396.3522,396.3522,495.4402,495.4402,495.4402,4.000000,4.000000,5.000000,5.000000,5.000000,96.000000,96.000000,95.000000,95.000000,95.000000,5.0,2279.0250,2079.2952,7629.7792,7829.509,PENDING_AG03,FALSE,NOT_FOR_ENFORCEMENT,9512.4520,125321.4690,9908.8042,9512.4520,396.3522,0.06762687,0.06492179,396.3522,9512.4520,0.06492179,396.3522,396.3522,495.4402,495.4402,495.4402,9512.4520,0.06492179,2279.0250,2079.2952,7629.7792,7829.509,0.05207269,0.05343583,0.00270507,151.9935,139.4692,10.5863,152.4431,22.3171,2254.1801,14.4000,175.9468,137.7798,29.6291,128.4258,256.8515,258.1778,514.3107,777.7133,102.8621,0.0,4.004732,6.055743,1.183512,29,129,8,3,0.43109585,0.06762687,0.04731611,0E-8,0.000000,0.890948,0.000000,0.03570155,2026-03-24,2026-08-06,65,444,384,136,0.477941,1.277014,1.157594,1.436986,,,,,,,,GLOBAL_BASELINE_NO_ENTITY_RANKING,,,NOT_APPLICABLE_GLOBAL_BASELINE,HF9g-P5,,,,X 全窗基线 · 不参与实体赏罚,15057979,1506,A168_HF9F_20260827_0900,2026-08-27 09:00:00
2026-05-30,122817705,948,0,1011.8831404701,1006.6939961601,1006.6939961601,1.0000000,5,5,0.50128862000000000,0.501288620000,2.2303125007307085,2.2303125007307085,2.2303125007307085,0E-17,ELIGIBLE,R03b_20260811_FULL_v1,L1_ELIGIBILITY,v2026-08-11,2026-03-21..2026-08-06,baccarat_bet02_101_all_pairs_incl_sentinel,round_win = game_pnl > 0 (decisive only),COMPATIBILITY_ONLY_NOT_PRODUCTION,146521.7074,130543.1969,9908.8042,964,936,-0.06762687,-0.04731611,-0.08301766,-0.06762687,-9908.8042,146521.7074,OK,0.0000,396.3522,4.0000,96.0000,AG03-UNRESOLVED,ALL5_LEVELS_bet23_to_bet27,396.3522,396.3522,495.4402,495.4402,495.4402,4.000000,4.000000,5.000000,5.000000,5.000000,96.000000,96.000000,95.000000,95.000000,95.000000,5.0,2279.0250,2079.2952,7629.7792,7829.509,PENDING_AG03,FALSE,NOT_FOR_ENFORCEMENT,9512.4520,125321.4690,9908.8042,9512.4520,396.3522,0.06762687,0.06492179,396.3522,9512.4520,0.06492179,396.3522,396.3522,495.4402,495.4402,495.4402,9512.4520,0.06492179,2279.0250,2079.2952,7629.7792,7829.509,0.05207269,0.05343583,0.00270507,151.9935,139.4692,10.5863,152.4431,22.3171,2254.1801,14.4000,175.9468,137.7798,29.6291,128.4258,256.8515,258.1778,514.3107,777.7133,102.8621,0.0,4.004732,6.055743,1.183512,29,129,8,3,0.43109585,0.06762687,0.04731611,0E-8,0.000000,0.890948,0.000000,0.03570155,2026-03-24,2026-08-06,65,444,384,136,0.477941,1.277014,1.157594,1.436986,,,,,,,,GLOBAL_BASELINE_NO_ENTITY_RANKING,,,NOT_APPLICABLE_GLOBAL_BASELINE,HF9g-P5,,,,X 全窗基线 · 不参与实体赏罚,15057980,1506,A168_HF9F_20260827_0900,2026-08-27 09:00:00
2026-05-30,122817705,970,0,518.9144310103,-518.9144310103,-518.9144310103,0E-7,1,1,0.49324550000000000,0.493245500000,-0.9865810262130424,-0.9865810262130424,-0.9865810262130424,0E-17,ELIGIBLE,R03b_20260811_FULL_v1,L1_ELIGIBILITY,v2026-08-11,2026-03-21..2026-08-06,baccarat_bet02_101_all_pairs_incl_sentinel,round_win = game_pnl > 0 (decisive only),COMPATIBILITY_ONLY_NOT_PRODUCTION,146521.7074,130543.1969,9908.8042,964,936,-0.06762687,-0.04731611,-0.08301766,-0.06762687,-9908.8042,146521.7074,OK,0.0000,396.3522,4.0000,96.0000,AG03-UNRESOLVED,ALL5_LEVELS_bet23_to_bet27,396.3522,396.3522,495.4402,495.4402,495.4402,4.000000,4.000000,5.000000,5.000000,5.000000,96.000000,96.000000,95.000000,95.000000,95.000000,5.0,2279.0250,2079.2952,7629.7792,7829.509,PENDING_AG03,FALSE,NOT_FOR_ENFORCEMENT,9512.4520,125321.4690,9908.8042,9512.4520,396.3522,0.06762687,0.06492179,396.3522,9512.4520,0.06492179,396.3522,396.3522,495.4402,495.4402,495.4402,9512.4520,0.06492179,2279.0250,2079.2952,7629.7792,7829.509,0.05207269,0.05343583,0.00270507,151.9935,139.4692,10.5863,152.4431,22.3171,2254.1801,14.4000,175.9468,137.7798,29.6291,128.4258,256.8515,258.1778,514.3107,777.7133,102.8621,0.0,4.004732,6.055743,1.183512,29,129,8,3,0.43109585,0.06762687,0.04731611,0E-8,0.000000,0.890948,0.000000,0.03570155,2026-03-24,2026-08-06,65,444,384,136,0.477941,1.277014,1.157594,1.436986,,,,,,,,GLOBAL_BASELINE_NO_ENTITY_RANKING,,,NOT_APPLICABLE_GLOBAL_BASELINE,HF9g-P5,,,,X 全窗基线 · 不参与实体赏罚,15057981,1506,A168_HF9F_20260827_0900,2026-08-27 09:00:00
2026-06-01,122817705,-1,1,154.2932085272,-102.8621390182,-102.8621390182,0.5000000,2,2,0.49994810000000000,0.499948100000,0.00014679536856514622,0.00014679536856514622,0.00014679536856514622,0E-17,SENTINEL_DEALER,R03b_20260811_FULL_v1,L1_ELIGIBILITY,v2026-08-11,2026-03-21..2026-08-06,baccarat_bet02_101_all_pairs_incl_sentinel,round_win = game_pnl > 0 (decisive only),COMPATIBILITY_ONLY_NOT_PRODUCTION,146521.7074,130543.1969,9908.8042,964,936,-0.06762687,-0.04731611,-0.08301766,-0.06762687,-9908.8042,146521.7074,OK,0.0000,396.3522,4.0000,96.0000,AG03-UNRESOLVED,ALL5_LEVELS_bet23_to_bet27,396.3522,396.3522,495.4402,495.4402,495.4402,4.000000,4.000000,5.000000,5.000000,5.000000,96.000000,96.000000,95.000000,95.000000,95.000000,5.0,2279.0250,2079.2952,7629.7792,7829.509,PENDING_AG03,FALSE,NOT_FOR_ENFORCEMENT,9512.4520,125321.4690,9908.8042,9512.4520,396.3522,0.06762687,0.06492179,396.3522,9512.4520,0.06492179,396.3522,396.3522,495.4402,495.4402,495.4402,9512.4520,0.06492179,2279.0250,2079.2952,7629.7792,7829.509,0.05207269,0.05343583,0.00270507,151.9935,139.4692,10.5863,152.4431,22.3171,2254.1801,14.4000,175.9468,137.7798,29.6291,128.4258,256.8515,258.1778,514.3107,777.7133,102.8621,0.0,4.004732,6.055743,1.183512,29,129,8,3,0.43109585,0.06762687,0.04731611,0E-8,0.000000,0.890948,0.000000,0.03570155,2026-03-24,2026-08-06,65,444,384,136,0.477941,1.277014,1.157594,1.436986,,,,,,,,GLOBAL_BASELINE_NO_ENTITY_RANKING,,,NOT_APPLICABLE_GLOBAL_BASELINE,HF9g-P5,,,,X 全窗基线 · 不参与实体赏罚,15057982,1506,A168_HF9F_20260827_0900,2026-08-27 09:00:00
2026-06-01,122817705,2242,0,1350.0655746138,-257.7982359143,-257.7982359143,0.2857143,9,8,0.49842478181818214,0.499110275000,-1.125563733652346,-1.1291872246117207,-1.125563733652346,-0.00068549318181786,ELIGIBLE,R03b_20260811_FULL_v1,L1_ELIGIBILITY,v2026-08-11,2026-03-21..2026-08-06,baccarat_bet02_101_all_pairs_incl_sentinel,round_win = game_pnl > 0 (decisive only),COMPATIBILITY_ONLY_NOT_PRODUCTION,146521.7074,130543.1969,9908.8042,964,936,-0.06762687,-0.04731611,-0.08301766,-0.06762687,-9908.8042,146521.7074,OK,0.0000,396.3522,4.0000,96.0000,AG03-UNRESOLVED,ALL5_LEVELS_bet23_to_bet27,396.3522,396.3522,495.4402,495.4402,495.4402,4.000000,4.000000,5.000000,5.000000,5.000000,96.000000,96.000000,95.000000,95.000000,95.000000,5.0,2279.0250,2079.2952,7629.7792,7829.509,PENDING_AG03,FALSE,NOT_FOR_ENFORCEMENT,9512.4520,125321.4690,9908.8042,9512.4520,396.3522,0.06762687,0.06492179,396.3522,9512.4520,0.06492179,396.3522,396.3522,495.4402,495.4402,495.4402,9512.4520,0.06492179,2279.0250,2079.2952,7629.7792,7829.509,0.05207269,0.05343583,0.00270507,151.9935,139.4692,10.5863,152.4431,22.3171,2254.1801,14.4000,175.9468,137.7798,29.6291,128.4258,256.8515,258.1778,514.3107,777.7133,102.8621,0.0,4.004732,6.055743,1.183512,29,129,8,3,0.43109585,0.06762687,0.04731611,0E-8,0.000000,0.890948,0.000000,0.03570155,2026-03-24,2026-08-06,65,444,384,136,0.477941,1.277014,1.157594,1.436986,,,,,,,,GLOBAL_BASELINE_NO_ENTITY_RANKING,,,NOT_APPLICABLE_GLOBAL_BASELINE,HF9g-P5,,,,X 全窗基线 · 不参与实体赏罚,15057983,1506,A168_HF9F_20260827_0900,2026-08-27 09:00:00
2026-06-02,122817705,-1,1,282.8708823000,-282.8708823000,-282.8708823000,0E-7,2,2,0.50665070000000000,0.506650700000,-1.4331513700195317,-1.4331513700195317,-1.4331513700195317,0E-17,SENTINEL_DEALER,R03b_20260811_FULL_v1,L1_ELIGIBILITY,v2026-08-11,2026-03-21..2026-08-06,baccarat_bet02_101_all_pairs_incl_sentinel,round_win = game_pnl > 0 (decisive only),COMPATIBILITY_ONLY_NOT_PRODUCTION,146521.7074,130543.1969,9908.8042,964,936,-0.06762687,-0.04731611,-0.08301766,-0.06762687,-9908.8042,146521.7074,OK,0.0000,396.3522,4.0000,96.0000,AG03-UNRESOLVED,ALL5_LEVELS_bet23_to_bet27,396.3522,396.3522,495.4402,495.4402,495.4402,4.000000,4.000000,5.000000,5.000000,5.000000,96.000000,96.000000,95.000000,95.000000,95.000000,5.0,2279.0250,2079.2952,7629.7792,7829.509,PENDING_AG03,FALSE,NOT_FOR_ENFORCEMENT,9512.4520,125321.4690,9908.8042,9512.4520,396.3522,0.06762687,0.06492179,396.3522,9512.4520,0.06492179,396.3522,396.3522,495.4402,495.4402,495.4402,9512.4520,0.06492179,2279.0250,2079.2952,7629.7792,7829.509,0.05207269,0.05343583,0.00270507,151.9935,139.4692,10.5863,152.4431,22.3171,2254.1801,14.4000,175.9468,137.7798,29.6291,128.4258,256.8515,258.1778,514.3107,777.7133,102.8621,0.0,4.004732,6.055743,1.183512,29,129,8,3,0.43109585,0.06762687,0.04731611,0E-8,0.000000,0.890948,0.000000,0.03570155,2026-03-24,2026-08-06,65,444,384,136,0.477941,1.277014,1.157594,1.436986,,,,,,,,GLOBAL_BASELINE_NO_ENTITY_RANKING,,,NOT_APPLICABLE_GLOBAL_BASELINE,HF9g-P5,,,,X 全窗基线 · 不参与实体赏罚,15057984,1506,A168_HF9F_20260827_0900,2026-08-27 09:00:00
2026-06-02,122817705,2153,0,360.0174865637,-360.0174865637,-360.0174865637,0E-7,2,2,0.49994810000000000,0.499948100000,-1.4140667746232096,-1.4140667746232096,-1.4140667746232096,0E-17,ELIGIBLE,R03b_20260811_FULL_v1,L1_ELIGIBILITY,v2026-08-11,2026-03-21..2026-08-06,baccarat_bet02_101_all_pairs_incl_sentinel,round_win = game_pnl > 0 (decisive only),COMPATIBILITY_ONLY_NOT_PRODUCTION,146521.7074,130543.1969,9908.8042,964,936,-0.06762687,-0.04731611,-0.08301766,-0.06762687,-9908.8042,146521.7074,OK,0.0000,396.3522,4.0000,96.0000,AG03-UNRESOLVED,ALL5_LEVELS_bet23_to_bet27,396.3522,396.3522,495.4402,495.4402,495.4402,4.000000,4.000000,5.000000,5.000000,5.000000,96.000000,96.000000,95.000000,95.000000,95.000000,5.0,2279.0250,2079.2952,7629.7792,7829.509,PENDING_AG03,FALSE,NOT_FOR_ENFORCEMENT,9512.4520,125321.4690,9908.8042,9512.4520,396.3522,0.06762687,0.06492179,396.3522,9512.4520,0.06492179,396.3522,396.3522,495.4402,495.4402,495.4402,9512.4520,0.06492179,2279.0250,2079.2952,7629.7792,7829.509,0.05207269,0.05343583,0.00270507,151.9935,139.4692,10.5863,152.4431,22.3171,2254.1801,14.4000,175.9468,137.7798,29.6291,128.4258,256.8515,258.1778,514.3107,777.7133,102.8621,0.0,4.004732,6.055743,1.183512,29,129,8,3,0.43109585,0.06762687,0.04731611,0E-8,0.000000,0.890948,0.000000,0.03570155,2026-03-24,2026-08-06,65,444,384,136,0.477941,1.277014,1.157594,1.436986,,,,,,,,GLOBAL_BASELINE_NO_ENTITY_RANKING,,,NOT_APPLICABLE_GLOBAL_BASELINE,HF9g-P5,,,,X 全窗基线 · 不参与实体赏罚,15057985,1506,A168_HF9F_20260827_0900,2026-08-27 09:00:00
2026-06-03,122817705,-1,1,213.4389384627,191.5807339213,191.5807339213,0.6666667,3,3,0.49771390000000000,0.497713900000,0.5852756695216578,0.5852756695216578,0.5852756695216578,0E-17,SENTINEL_DEALER,R03b_20260811_FULL_v1,L1_ELIGIBILITY,v2026-08-11,2026-03-21..2026-08-06,baccarat_bet02_101_all_pairs_incl_sentinel,round_win = game_pnl > 0 (decisive only),COMPATIBILITY_ONLY_NOT_PRODUCTION,146521.7074,130543.1969,9908.8042,964,936,-0.06762687,-0.04731611,-0.08301766,-0.06762687,-9908.8042,146521.7074,OK,0.0000,396.3522,4.0000,96.0000,AG03-UNRESOLVED,ALL5_LEVELS_bet23_to_bet27,396.3522,396.3522,495.4402,495.4402,495.4402,4.000000,4.000000,5.000000,5.000000,5.000000,96.000000,96.000000,95.000000,95.000000,95.000000,5.0,2279.0250,2079.2952,7629.7792,7829.509,PENDING_AG03,FALSE,NOT_FOR_ENFORCEMENT,9512.4520,125321.4690,9908.8042,9512.4520,396.3522,0.06762687,0.06492179,396.3522,9512.4520,0.06492179,396.3522,396.3522,495.4402,495.4402,495.4402,9512.4520,0.06492179,2279.0250,2079.2952,7629.7792,7829.509,0.05207269,0.05343583,0.00270507,151.9935,139.4692,10.5863,152.4431,22.3171,2254.1801,14.4000,175.9468,137.7798,29.6291,128.4258,256.8515,258.1778,514.3107,777.7133,102.8621,0.0,4.004732,6.055743,1.183512,29,129,8,3,0.43109585,0.06762687,0.04731611,0E-8,0.000000,0.890948,0.000000,0.03570155,2026-03-24,2026-08-06,65,444,384,136,0.477941,1.277014,1.157594,1.436986,,,,,,,,GLOBAL_BASELINE_NO_ENTITY_RANKING,,,NOT_APPLICABLE_GLOBAL_BASELINE,HF9g-P5,,,,X 全窗基线 · 不参与实体赏罚,15057986,1506,A168_HF9F_20260827_0900,2026-08-27 09:00:00
2026-06-03,122817705,1115,0,59.1457299355,-59.1457299355,-59.1457299355,0E-7,1,1,0.50665070000000000,0.506650700000,-1.013391052207602,-1.013391052207602,-1.013391052207602,0E-17,ELIGIBLE,R03b_20260811_FULL_v1,L1_ELIGIBILITY,v2026-08-11,2026-03-21..2026-08-06,baccarat_bet02_101_all_pairs_incl_sentinel,round_win = game_pnl > 0 (decisive only),COMPATIBILITY_ONLY_NOT_PRODUCTION,146521.7074,130543.1969,9908.8042,964,936,-0.06762687,-0.04731611,-0.08301766,-0.06762687,-9908.8042,146521.7074,OK,0.0000,396.3522,4.0000,96.0000,AG03-UNRESOLVED,ALL5_LEVELS_bet23_to_bet27,396.3522,396.3522,495.4402,495.4402,495.4402,4.000000,4.000000,5.000000,5.000000,5.000000,96.000000,96.000000,95.000000,95.000000,95.000000,5.0,2279.0250,2079.2952,7629.7792,7829.509,PENDING_AG03,FALSE,NOT_FOR_ENFORCEMENT,9512.4520,125321.4690,9908.8042,9512.4520,396.3522,0.06762687,0.06492179,396.3522,9512.4520,0.06492179,396.3522,396.3522,495.4402,495.4402,495.4402,9512.4520,0.06492179,2279.0250,2079.2952,7629.7792,7829.509,0.05207269,0.05343583,0.00270507,151.9935,139.4692,10.5863,152.4431,22.3171,2254.1801,14.4000,175.9468,137.7798,29.6291,128.4258,256.8515,258.1778,514.3107,777.7133,102.8621,0.0,4.004732,6.055743,1.183512,29,129,8,3,0.43109585,0.06762687,0.04731611,0E-8,0.000000,0.890948,0.000000,0.03570155,2026-03-24,2026-08-06,65,444,384,136,0.477941,1.277014,1.157594,1.436986,,,,,,,,GLOBAL_BASELINE_NO_ENTITY_RANKING,,,NOT_APPLICABLE_GLOBAL_BASELINE,HF9g-P5,,,,X 全窗基线 · 不参与实体赏罚,15057987,1506,A168_HF9F_20260827_0900,2026-08-27 09:00:00
2026-06-03,122817705,1331,0,54.0026229845,18.0008743282,18.0008743282,0.5000000,3,3,0.49771390000000000,0.497713900000,0.006466134837551399,0.0064661348375514,0.006466134837551399,0E-17,ELIGIBLE,R03b_20260811_FULL_v1,L1_ELIGIBILITY,v2026-08-11,2026-03-21..2026-08-06,baccarat_bet02_101_all_pairs_incl_sentinel,round_win = game_pnl > 0 (decisive only),COMPATIBILITY_ONLY_NOT_PRODUCTION,146521.7074,130543.1969,9908.8042,964,936,-0.06762687,-0.04731611,-0.08301766,-0.06762687,-9908.8042,146521.7074,OK,0.0000,396.3522,4.0000,96.0000,AG03-UNRESOLVED,ALL5_LEVELS_bet23_to_bet27,396.3522,396.3522,495.4402,495.4402,495.4402,4.000000,4.000000,5.000000,5.000000,5.000000,96.000000,96.000000,95.000000,95.000000,95.000000,5.0,2279.0250,2079.2952,7629.7792,7829.509,PENDING_AG03,FALSE,NOT_FOR_ENFORCEMENT,9512.4520,125321.4690,9908.8042,9512.4520,396.3522,0.06762687,0.06492179,396.3522,9512.4520,0.06492179,396.3522,396.3522,495.4402,495.4402,495.4402,9512.4520,0.06492179,2279.0250,2079.2952,7629.7792,7829.509,0.05207269,0.05343583,0.00270507,151.9935,139.4692,10.5863,152.4431,22.3171,2254.1801,14.4000,175.9468,137.7798,29.6291,128.4258,256.8515,258.1778,514.3107,777.7133,102.8621,0.0,4.004732,6.055743,1.183512,29,129,8,3,0.43109585,0.06762687,0.04731611,0E-8,0.000000,0.890948,0.000000,0.03570155,2026-03-24,2026-08-06,65,444,384,136,0.477941,1.277014,1.157594,1.436986,,,,,,,,GLOBAL_BASELINE_NO_ENTITY_RANKING,,,NOT_APPLICABLE_GLOBAL_BASELINE,HF9g-P5,,,,X 全窗基线 · 不参与实体赏罚,15057988,1506,A168_HF9F_20260827_0900,2026-08-27 09:00:00
2026-06-03,122817705,1396,0,72.0034973127,151.0787666829,151.0787666829,1.0000000,5,4,0.44271922499990109,0.448442112500,2.243896573735736,2.218055202420241,2.243896573735736,-0.00572288750009891,ELIGIBLE,R03b_20260811_FULL_v1,L1_ELIGIBILITY,v2026-08-11,2026-03-21..2026-08-06,baccarat_bet02_101_all_pairs_incl_sentinel,round_win = game_pnl > 0 (decisive only),COMPATIBILITY_ONLY_NOT_PRODUCTION,146521.7074,130543.1969,9908.8042,964,936,-0.06762687,-0.04731611,-0.08301766,-0.06762687,-9908.8042,146521.7074,OK,0.0000,396.3522,4.0000,96.0000,AG03-UNRESOLVED,ALL5_LEVELS_bet23_to_bet27,396.3522,396.3522,495.4402,495.4402,495.4402,4.000000,4.000000,5.000000,5.000000,5.000000,96.000000,96.000000,95.000000,95.000000,95.000000,5.0,2279.0250,2079.2952,7629.7792,7829.509,PENDING_AG03,FALSE,NOT_FOR_ENFORCEMENT,9512.4520,125321.4690,9908.8042,9512.4520,396.3522,0.06762687,0.06492179,396.3522,9512.4520,0.06492179,396.3522,396.3522,495.4402,495.4402,495.4402,9512.4520,0.06492179,2279.0250,2079.2952,7629.7792,7829.509,0.05207269,0.05343583,0.00270507,151.9935,139.4692,10.5863,152.4431,22.3171,2254.1801,14.4000,175.9468,137.7798,29.6291,128.4258,256.8515,258.1778,514.3107,777.7133,102.8621,0.0,4.004732,6.055743,1.183512,29,129,8,3,0.43109585,0.06762687,0.04731611,0E-8,0.000000,0.890948,0.000000,0.03570155,2026-03-24,2026-08-06,65,444,384,136,0.477941,1.277014,1.157594,1.436986,,,,,,,,GLOBAL_BASELINE_NO_ENTITY_RANKING,,,NOT_APPLICABLE_GLOBAL_BASELINE,HF9g-P5,,,,X 全窗基线 · 不参与实体赏罚,15057989,1506,A168_HF9F_20260827_0900,2026-08-27 09:00:00
2026-06-03,122817705,1509,0,12.8577673773,12.8577673773,12.8577673773,1.0000000,1,1,0.49324550000000000,0.493245500000,1.01360149184955,1.01360149184955,1.01360149184955,0E-17,ELIGIBLE,R03b_20260811_FULL_v1,L1_ELIGIBILITY,v2026-08-11,2026-03-21..2026-08-06,baccarat_bet02_101_all_pairs_incl_sentinel,round_win = game_pnl > 0 (decisive only),COMPATIBILITY_ONLY_NOT_PRODUCTION,146521.7074,130543.1969,9908.8042,964,936,-0.06762687,-0.04731611,-0.08301766,-0.06762687,-9908.8042,146521.7074,OK,0.0000,396.3522,4.0000,96.0000,AG03-UNRESOLVED,ALL5_LEVELS_bet23_to_bet27,396.3522,396.3522,495.4402,495.4402,495.4402,4.000000,4.000000,5.000000,5.000000,5.000000,96.000000,96.000000,95.000000,95.000000,95.000000,5.0,2279.0250,2079.2952,7629.7792,7829.509,PENDING_AG03,FALSE,NOT_FOR_ENFORCEMENT,9512.4520,125321.4690,9908.8042,9512.4520,396.3522,0.06762687,0.06492179,396.3522,9512.4520,0.06492179,396.3522,396.3522,495.4402,495.4402,495.4402,9512.4520,0.06492179,2279.0250,2079.2952,7629.7792,7829.509,0.05207269,0.05343583,0.00270507,151.9935,139.4692,10.5863,152.4431,22.3171,2254.1801,14.4000,175.9468,137.7798,29.6291,128.4258,256.8515,258.1778,514.3107,777.7133,102.8621,0.0,4.004732,6.055743,1.183512,29,129,8,3,0.43109585,0.06762687,0.04731611,0E-8,0.000000,0.890948,0.000000,0.03570155,2026-03-24,2026-08-06,65,444,384,136,0.477941,1.277014,1.157594,1.436986,,,,,,,,GLOBAL_BASELINE_NO_ENTITY_RANKING,,,NOT_APPLICABLE_GLOBAL_BASELINE,HF9g-P5,,,,X 全窗基线 · 不参与实体赏罚,15057990,1506,A168_HF9F_20260827_0900,2026-08-27 09:00:00
2026-06-03,122817705,2220,0,10.2862139018,-10.2862139018,-10.2862139018,0E-7,1,1,0.49324550000000000,0.493245500000,-0.9865810262130424,-0.9865810262130424,-0.9865810262130424,0E-17,ELIGIBLE,R03b_20260811_FULL_v1,L1_ELIGIBILITY,v2026-08-11,2026-03-21..2026-08-06,baccarat_bet02_101_all_pairs_incl_sentinel,round_win = game_pnl > 0 (decisive only),COMPATIBILITY_ONLY_NOT_PRODUCTION,146521.7074,130543.1969,9908.8042,964,936,-0.06762687,-0.04731611,-0.08301766,-0.06762687,-9908.8042,146521.7074,OK,0.0000,396.3522,4.0000,96.0000,AG03-UNRESOLVED,ALL5_LEVELS_bet23_to_bet27,396.3522,396.3522,495.4402,495.4402,495.4402,4.000000,4.000000,5.000000,5.000000,5.000000,96.000000,96.000000,95.000000,95.000000,95.000000,5.0,2279.0250,2079.2952,7629.7792,7829.509,PENDING_AG03,FALSE,NOT_FOR_ENFORCEMENT,9512.4520,125321.4690,9908.8042,9512.4520,396.3522,0.06762687,0.06492179,396.3522,9512.4520,0.06492179,396.3522,396.3522,495.4402,495.4402,495.4402,9512.4520,0.06492179,2279.0250,2079.2952,7629.7792,7829.509,0.05207269,0.05343583,0.00270507,151.9935,139.4692,10.5863,152.4431,22.3171,2254.1801,14.4000,175.9468,137.7798,29.6291,128.4258,256.8515,258.1778,514.3107,777.7133,102.8621,0.0,4.004732,6.055743,1.183512,29,129,8,3,0.43109585,0.06762687,0.04731611,0E-8,0.000000,0.890948,0.000000,0.03570155,2026-03-24,2026-08-06,65,444,384,136,0.477941,1.277014,1.157594,1.436986,,,,,,,,GLOBAL_BASELINE_NO_ENTITY_RANKING,,,NOT_APPLICABLE_GLOBAL_BASELINE,HF9g-P5,,,,X 全窗基线 · 不参与实体赏罚,15057991,1506,A168_HF9F_20260827_0900,2026-08-27 09:00:00
2026-06-03,122817705,2239,0,20.5724278036,-20.5724278036,-20.5724278036,0E-7,1,1,0.50665070000000000,0.506650700000,-1.013391052207602,-1.013391052207602,-1.013391052207602,0E-17,ELIGIBLE,R03b_20260811_FULL_v1,L1_ELIGIBILITY,v2026-08-11,2026-03-21..2026-08-06,baccarat_bet02_101_all_pairs_incl_sentinel,round_win = game_pnl > 0 (decisive only),COMPATIBILITY_ONLY_NOT_PRODUCTION,146521.7074,130543.1969,9908.8042,964,936,-0.06762687,-0.04731611,-0.08301766,-0.06762687,-9908.8042,146521.7074,OK,0.0000,396.3522,4.0000,96.0000,AG03-UNRESOLVED,ALL5_LEVELS_bet23_to_bet27,396.3522,396.3522,495.4402,495.4402,495.4402,4.000000,4.000000,5.000000,5.000000,5.000000,96.000000,96.000000,95.000000,95.000000,95.000000,5.0,2279.0250,2079.2952,7629.7792,7829.509,PENDING_AG03,FALSE,NOT_FOR_ENFORCEMENT,9512.4520,125321.4690,9908.8042,9512.4520,396.3522,0.06762687,0.06492179,396.3522,9512.4520,0.06492179,396.3522,396.3522,495.4402,495.4402,495.4402,9512.4520,0.06492179,2279.0250,2079.2952,7629.7792,7829.509,0.05207269,0.05343583,0.00270507,151.9935,139.4692,10.5863,152.4431,22.3171,2254.1801,14.4000,175.9468,137.7798,29.6291,128.4258,256.8515,258.1778,514.3107,777.7133,102.8621,0.0,4.004732,6.055743,1.183512,29,129,8,3,0.43109585,0.06762687,0.04731611,0E-8,0.000000,0.890948,0.000000,0.03570155,2026-03-24,2026-08-06,65,444,384,136,0.477941,1.277014,1.157594,1.436986,,,,,,,,GLOBAL_BASELINE_NO_ENTITY_RANKING,,,NOT_APPLICABLE_GLOBAL_BASELINE,HF9g-P5,,,,X 全窗基线 · 不参与实体赏罚,15057992,1506,A168_HF9F_20260827_0900,2026-08-27 09:00:00
2026-06-04,122817705,-1,1,576.0279785019,7.7146604263,7.7146604263,0.5000000,7,5,0.48461995249985467,0.454721750000,0.061549315363302055,0.18186020547518672,0.061549315363302055,0.02989820249985467,SENTINEL_DEALER,R03b_20260811_FULL_v1,L1_ELIGIBILITY,v2026-08-11,2026-03-21..2026-08-06,baccarat_bet02_101_all_pairs_incl_sentinel,round_win = game_pnl > 0 (decisive only),COMPATIBILITY_ONLY_NOT_PRODUCTION,146521.7074,130543.1969,9908.8042,964,936,-0.06762687,-0.04731611,-0.08301766,-0.06762687,-9908.8042,146521.7074,OK,0.0000,396.3522,4.0000,96.0000,AG03-UNRESOLVED,ALL5_LEVELS_bet23_to_bet27,396.3522,396.3522,495.4402,495.4402,495.4402,4.000000,4.000000,5.000000,5.000000,5.000000,96.000000,96.000000,95.000000,95.000000,95.000000,5.0,2279.0250,2079.2952,7629.7792,7829.509,PENDING_AG03,FALSE,NOT_FOR_ENFORCEMENT,9512.4520,125321.4690,9908.8042,9512.4520,396.3522,0.06762687,0.06492179,396.3522,9512.4520,0.06492179,396.3522,396.3522,495.4402,495.4402,495.4402,9512.4520,0.06492179,2279.0250,2079.2952,7629.7792,7829.509,0.05207269,0.05343583,0.00270507,151.9935,139.4692,10.5863,152.4431,22.3171,2254.1801,14.4000,175.9468,137.7798,29.6291,128.4258,256.8515,258.1778,514.3107,777.7133,102.8621,0.0,4.004732,6.055743,1.183512,29,129,8,3,0.43109585,0.06762687,0.04731611,0E-8,0.000000,0.890948,0.000000,0.03570155,2026-03-24,2026-08-06,65,444,384,136,0.477941,1.277014,1.157594,1.436986,,,,,,,,GLOBAL_BASELINE_NO_ENTITY_RANKING,,,NOT_APPLICABLE_GLOBAL_BASELINE,HF9g-P5,,,,X 全窗基线 · 不参与实体赏罚,15057993,1506,A168_HF9F_20260827_0900,2026-08-27 09:00:00
2026-06-04,122817705,1205,0,92.5759251163,36.0017486563,36.0017486563,0.7500000,5,4,0.49380405000000724,0.494921150000,1.024862491545821,1.0203680415683039,1.024862491545821,-0.00111709999999276,ELIGIBLE,R03b_20260811_FULL_v1,L1_ELIGIBILITY,v2026-08-11,2026-03-21..2026-08-06,baccarat_bet02_101_all_pairs_incl_sentinel,round_win = game_pnl > 0 (decisive only),COMPATIBILITY_ONLY_NOT_PRODUCTION,146521.7074,130543.1969,9908.8042,964,936,-0.06762687,-0.04731611,-0.08301766,-0.06762687,-9908.8042,146521.7074,OK,0.0000,396.3522,4.0000,96.0000,AG03-UNRESOLVED,ALL5_LEVELS_bet23_to_bet27,396.3522,396.3522,495.4402,495.4402,495.4402,4.000000,4.000000,5.000000,5.000000,5.000000,96.000000,96.000000,95.000000,95.000000,95.000000,5.0,2279.0250,2079.2952,7629.7792,7829.509,PENDING_AG03,FALSE,NOT_FOR_ENFORCEMENT,9512.4520,125321.4690,9908.8042,9512.4520,396.3522,0.06762687,0.06492179,396.3522,9512.4520,0.06492179,396.3522,396.3522,495.4402,495.4402,495.4402,9512.4520,0.06492179,2279.0250,2079.2952,7629.7792,7829.509,0.05207269,0.05343583,0.00270507,151.9935,139.4692,10.5863,152.4431,22.3171,2254.1801,14.4000,175.9468,137.7798,29.6291,128.4258,256.8515,258.1778,514.3107,777.7133,102.8621,0.0,4.004732,6.055743,1.183512,29,129,8,3,0.43109585,0.06762687,0.04731611,0E-8,0.000000,0.890948,0.000000,0.03570155,2026-03-24,2026-08-06,65,444,384,136,0.477941,1.277014,1.157594,1.436986,,,,,,,,GLOBAL_BASELINE_NO_ENTITY_RANKING,,,NOT_APPLICABLE_GLOBAL_BASELINE,HF9g-P5,,,,X 全窗基线 · 不参与实体赏罚,15057994,1506,A168_HF9F_20260827_0900,2026-08-27 09:00:00
2026-06-04,122817705,1401,0,102.8621390181,23.1439812791,23.1439812791,0.5000000,3,3,0.50665070000000000,0.506650700000,-0.018812684590367487,-0.018812684590367487,-0.018812684590367487,0E-17,ELIGIBLE,R03b_20260811_FULL_v1,L1_ELIGIBILITY,v2026-08-11,2026-03-21..2026-08-06,baccarat_bet02_101_all_pairs_incl_sentinel,round_win = game_pnl > 0 (decisive only),COMPATIBILITY_ONLY_NOT_PRODUCTION,146521.7074,130543.1969,9908.8042,964,936,-0.06762687,-0.04731611,-0.08301766,-0.06762687,-9908.8042,146521.7074,OK,0.0000,396.3522,4.0000,96.0000,AG03-UNRESOLVED,ALL5_LEVELS_bet23_to_bet27,396.3522,396.3522,495.4402,495.4402,495.4402,4.000000,4.000000,5.000000,5.000000,5.000000,96.000000,96.000000,95.000000,95.000000,95.000000,5.0,2279.0250,2079.2952,7629.7792,7829.509,PENDING_AG03,FALSE,NOT_FOR_ENFORCEMENT,9512.4520,125321.4690,9908.8042,9512.4520,396.3522,0.06762687,0.06492179,396.3522,9512.4520,0.06492179,396.3522,396.3522,495.4402,495.4402,495.4402,9512.4520,0.06492179,2279.0250,2079.2952,7629.7792,7829.509,0.05207269,0.05343583,0.00270507,151.9935,139.4692,10.5863,152.4431,22.3171,2254.1801,14.4000,175.9468,137.7798,29.6291,128.4258,256.8515,258.1778,514.3107,777.7133,102.8621,0.0,4.004732,6.055743,1.183512,29,129,8,3,0.43109585,0.06762687,0.04731611,0E-8,0.000000,0.890948,0.000000,0.03570155,2026-03-24,2026-08-06,65,444,384,136,0.477941,1.277014,1.157594,1.436986,,,,,,,,GLOBAL_BASELINE_NO_ENTITY_RANKING,,,NOT_APPLICABLE_GLOBAL_BASELINE,HF9g-P5,,,,X 全窗基线 · 不参与实体赏罚,15057995,1506,A168_HF9F_20260827_0900,2026-08-27 09:00:00
2026-06-04,122817705,1490,0,36.0017486563,14.1435441150,14.1435441150,0.5000000,2,2,0.49994810000000000,0.499948100000,0.00014679536856514622,0.00014679536856514622,0.00014679536856514622,0E-17,ELIGIBLE,R03b_20260811_FULL_v1,L1_ELIGIBILITY,v2026-08-11,2026-03-21..2026-08-06,baccarat_bet02_101_all_pairs_incl_sentinel,round_win = game_pnl > 0 (decisive only),COMPATIBILITY_ONLY_NOT_PRODUCTION,146521.7074,130543.1969,9908.8042,964,936,-0.06762687,-0.04731611,-0.08301766,-0.06762687,-9908.8042,146521.7074,OK,0.0000,396.3522,4.0000,96.0000,AG03-UNRESOLVED,ALL5_LEVELS_bet23_to_bet27,396.3522,396.3522,495.4402,495.4402,495.4402,4.000000,4.000000,5.000000,5.000000,5.000000,96.000000,96.000000,95.000000,95.000000,95.000000,5.0,2279.0250,2079.2952,7629.7792,7829.509,PENDING_AG03,FALSE,NOT_FOR_ENFORCEMENT,9512.4520,125321.4690,9908.8042,9512.4520,396.3522,0.06762687,0.06492179,396.3522,9512.4520,0.06492179,396.3522,396.3522,495.4402,495.4402,495.4402,9512.4520,0.06492179,2279.0250,2079.2952,7629.7792,7829.509,0.05207269,0.05343583,0.00270507,151.9935,139.4692,10.5863,152.4431,22.3171,2254.1801,14.4000,175.9468,137.7798,29.6291,128.4258,256.8515,258.1778,514.3107,777.7133,102.8621,0.0,4.004732,6.055743,1.183512,29,129,8,3,0.43109585,0.06762687,0.04731611,0E-8,0.000000,0.890948,0.000000,0.03570155,2026-03-24,2026-08-06,65,444,384,136,0.477941,1.277014,1.157594,1.436986,,,,,,,,GLOBAL_BASELINE_NO_ENTITY_RANKING,,,NOT_APPLICABLE_GLOBAL_BASELINE,HF9g-P5,,,,X 全窗基线 · 不参与实体赏罚,15057996,1506,A168_HF9F_20260827_0900,2026-08-27 09:00:00
2026-06-04,122817705,1509,0,5.1431069509,5.1431069509,5.1431069509,1.0000000,1,1,0.49324550000000000,0.493245500000,1.01360149184955,1.01360149184955,1.01360149184955,0E-17,ELIGIBLE,R03b_20260811_FULL_v1,L1_ELIGIBILITY,v2026-08-11,2026-03-21..2026-08-06,baccarat_bet02_101_all_pairs_incl_sentinel,round_win = game_pnl > 0 (decisive only),COMPATIBILITY_ONLY_NOT_PRODUCTION,146521.7074,130543.1969,9908.8042,964,936,-0.06762687,-0.04731611,-0.08301766,-0.06762687,-9908.8042,146521.7074,OK,0.0000,396.3522,4.0000,96.0000,AG03-UNRESOLVED,ALL5_LEVELS_bet23_to_bet27,396.3522,396.3522,495.4402,495.4402,495.4402,4.000000,4.000000,5.000000,5.000000,5.000000,96.000000,96.000000,95.000000,95.000000,95.000000,5.0,2279.0250,2079.2952,7629.7792,7829.509,PENDING_AG03,FALSE,NOT_FOR_ENFORCEMENT,9512.4520,125321.4690,9908.8042,9512.4520,396.3522,0.06762687,0.06492179,396.3522,9512.4520,0.06492179,396.3522,396.3522,495.4402,495.4402,495.4402,9512.4520,0.06492179,2279.0250,2079.2952,7629.7792,7829.509,0.05207269,0.05343583,0.00270507,151.9935,139.4692,10.5863,152.4431,22.3171,2254.1801,14.4000,175.9468,137.7798,29.6291,128.4258,256.8515,258.1778,514.3107,777.7133,102.8621,0.0,4.004732,6.055743,1.183512,29,129,8,3,0.43109585,0.06762687,0.04731611,0E-8,0.000000,0.890948,0.000000,0.03570155,2026-03-24,2026-08-06,65,444,384,136,0.477941,1.277014,1.157594,1.436986,,,,,,,,GLOBAL_BASELINE_NO_ENTITY_RANKING,,,NOT_APPLICABLE_GLOBAL_BASELINE,HF9g-P5,,,,X 全窗基线 · 不参与实体赏罚,15057997,1506,A168_HF9F_20260827_0900,2026-08-27 09:00:00
2026-06-04,122817705,1957,0,25.7155347545,25.7155347545,25.7155347545,1.0000000,1,1,0.49324550000000000,0.493245500000,1.01360149184955,1.01360149184955,1.01360149184955,0E-17,ELIGIBLE,R03b_20260811_FULL_v1,L1_ELIGIBILITY,v2026-08-11,2026-03-21..2026-08-06,baccarat_bet02_101_all_pairs_incl_sentinel,round_win = game_pnl > 0 (decisive only),COMPATIBILITY_ONLY_NOT_PRODUCTION,146521.7074,130543.1969,9908.8042,964,936,-0.06762687,-0.04731611,-0.08301766,-0.06762687,-9908.8042,146521.7074,OK,0.0000,396.3522,4.0000,96.0000,AG03-UNRESOLVED,ALL5_LEVELS_bet23_to_bet27,396.3522,396.3522,495.4402,495.4402,495.4402,4.000000,4.000000,5.000000,5.000000,5.000000,96.000000,96.000000,95.000000,95.000000,95.000000,5.0,2279.0250,2079.2952,7629.7792,7829.509,PENDING_AG03,FALSE,NOT_FOR_ENFORCEMENT,9512.4520,125321.4690,9908.8042,9512.4520,396.3522,0.06762687,0.06492179,396.3522,9512.4520,0.06492179,396.3522,396.3522,495.4402,495.4402,495.4402,9512.4520,0.06492179,2279.0250,2079.2952,7629.7792,7829.509,0.05207269,0.05343583,0.00270507,151.9935,139.4692,10.5863,152.4431,22.3171,2254.1801,14.4000,175.9468,137.7798,29.6291,128.4258,256.8515,258.1778,514.3107,777.7133,102.8621,0.0,4.004732,6.055743,1.183512,29,129,8,3,0.43109585,0.06762687,0.04731611,0E-8,0.000000,0.890948,0.000000,0.03570155,2026-03-24,2026-08-06,65,444,384,136,0.477941,1.277014,1.157594,1.436986,,,,,,,,GLOBAL_BASELINE_NO_ENTITY_RANKING,,,NOT_APPLICABLE_GLOBAL_BASELINE,HF9g-P5,,,,X 全窗基线 · 不参与实体赏罚,15057998,1506,A168_HF9F_20260827_0900,2026-08-27 09:00:00
2026-06-04,122817705,2093,0,82.2897112145,30.8586417055,30.8586417055,0.6666667,3,3,0.49771390000000000,0.497713900000,0.5852756695216578,0.5852756695216578,0.5852756695216578,0E-17,ELIGIBLE,R03b_20260811_FULL_v1,L1_ELIGIBILITY,v2026-08-11,2026-03-21..2026-08-06,baccarat_bet02_101_all_pairs_incl_sentinel,round_win = game_pnl > 0 (decisive only),COMPATIBILITY_ONLY_NOT_PRODUCTION,146521.7074,130543.1969,9908.8042,964,936,-0.06762687,-0.04731611,-0.08301766,-0.06762687,-9908.8042,146521.7074,OK,0.0000,396.3522,4.0000,96.0000,AG03-UNRESOLVED,ALL5_LEVELS_bet23_to_bet27,396.3522,396.3522,495.4402,495.4402,495.4402,4.000000,4.000000,5.000000,5.000000,5.000000,96.000000,96.000000,95.000000,95.000000,95.000000,5.0,2279.0250,2079.2952,7629.7792,7829.509,PENDING_AG03,FALSE,NOT_FOR_ENFORCEMENT,9512.4520,125321.4690,9908.8042,9512.4520,396.3522,0.06762687,0.06492179,396.3522,9512.4520,0.06492179,396.3522,396.3522,495.4402,495.4402,495.4402,9512.4520,0.06492179,2279.0250,2079.2952,7629.7792,7829.509,0.05207269,0.05343583,0.00270507,151.9935,139.4692,10.5863,152.4431,22.3171,2254.1801,14.4000,175.9468,137.7798,29.6291,128.4258,256.8515,258.1778,514.3107,777.7133,102.8621,0.0,4.004732,6.055743,1.183512,29,129,8,3,0.43109585,0.06762687,0.04731611,0E-8,0.000000,0.890948,0.000000,0.03570155,2026-03-24,2026-08-06,65,444,384,136,0.477941,1.277014,1.157594,1.436986,,,,,,,,GLOBAL_BASELINE_NO_ENTITY_RANKING,,,NOT_APPLICABLE_GLOBAL_BASELINE,HF9g-P5,,,,X 全窗基线 · 不参与实体赏罚,15057999,1506,A168_HF9F_20260827_0900,2026-08-27 09:00:00
2026-06-04,122817705,2127,0,87.4328181654,87.1756628179,87.1756628179,1.0000000,3,3,0.49771390000000000,0.497713900000,1.739988277604938,1.739988277604938,1.739988277604938,0E-17,ELIGIBLE,R03b_20260811_FULL_v1,L1_ELIGIBILITY,v2026-08-11,2026-03-21..2026-08-06,baccarat_bet02_101_all_pairs_incl_sentinel,round_win = game_pnl > 0 (decisive only),COMPATIBILITY_ONLY_NOT_PRODUCTION,146521.7074,130543.1969,9908.8042,964,936,-0.06762687,-0.04731611,-0.08301766,-0.06762687,-9908.8042,146521.7074,OK,0.0000,396.3522,4.0000,96.0000,AG03-UNRESOLVED,ALL5_LEVELS_bet23_to_bet27,396.3522,396.3522,495.4402,495.4402,495.4402,4.000000,4.000000,5.000000,5.000000,5.000000,96.000000,96.000000,95.000000,95.000000,95.000000,5.0,2279.0250,2079.2952,7629.7792,7829.509,PENDING_AG03,FALSE,NOT_FOR_ENFORCEMENT,9512.4520,125321.4690,9908.8042,9512.4520,396.3522,0.06762687,0.06492179,396.3522,9512.4520,0.06492179,396.3522,396.3522,495.4402,495.4402,495.4402,9512.4520,0.06492179,2279.0250,2079.2952,7629.7792,7829.509,0.05207269,0.05343583,0.00270507,151.9935,139.4692,10.5863,152.4431,22.3171,2254.1801,14.4000,175.9468,137.7798,29.6291,128.4258,256.8515,258.1778,514.3107,777.7133,102.8621,0.0,4.004732,6.055743,1.183512,29,129,8,3,0.43109585,0.06762687,0.04731611,0E-8,0.000000,0.890948,0.000000,0.03570155,2026-03-24,2026-08-06,65,444,384,136,0.477941,1.277014,1.157594,1.436986,,,,,,,,GLOBAL_BASELINE_NO_ENTITY_RANKING,,,NOT_APPLICABLE_GLOBAL_BASELINE,HF9g-P5,,,,X 全窗基线 · 不参与实体赏罚,15058000,1506,A168_HF9F_20260827_0900,2026-08-27 09:00:00
2026-06-04,122817705,2147,0,77.1466042636,-77.1466042636,-77.1466042636,0E-7,1,1,0.50665070000000000,0.506650700000,-1.013391052207602,-1.013391052207602,-1.013391052207602,0E-17,ELIGIBLE,R03b_20260811_FULL_v1,L1_ELIGIBILITY,v2026-08-11,2026-03-21..2026-08-06,baccarat_bet02_101_all_pairs_incl_sentinel,round_win = game_pnl > 0 (decisive only),COMPATIBILITY_ONLY_NOT_PRODUCTION,146521.7074,130543.1969,9908.8042,964,936,-0.06762687,-0.04731611,-0.08301766,-0.06762687,-9908.8042,146521.7074,OK,0.0000,396.3522,4.0000,96.0000,AG03-UNRESOLVED,ALL5_LEVELS_bet23_to_bet27,396.3522,396.3522,495.4402,495.4402,495.4402,4.000000,4.000000,5.000000,5.000000,5.000000,96.000000,96.000000,95.000000,95.000000,95.000000,5.0,2279.0250,2079.2952,7629.7792,7829.509,PENDING_AG03,FALSE,NOT_FOR_ENFORCEMENT,9512.4520,125321.4690,9908.8042,9512.4520,396.3522,0.06762687,0.06492179,396.3522,9512.4520,0.06492179,396.3522,396.3522,495.4402,495.4402,495.4402,9512.4520,0.06492179,2279.0250,2079.2952,7629.7792,7829.509,0.05207269,0.05343583,0.00270507,151.9935,139.4692,10.5863,152.4431,22.3171,2254.1801,14.4000,175.9468,137.7798,29.6291,128.4258,256.8515,258.1778,514.3107,777.7133,102.8621,0.0,4.004732,6.055743,1.183512,29,129,8,3,0.43109585,0.06762687,0.04731611,0E-8,0.000000,0.890948,0.000000,0.03570155,2026-03-24,2026-08-06,65,444,384,136,0.477941,1.277014,1.157594,1.436986,,,,,,,,GLOBAL_BASELINE_NO_ENTITY_RANKING,,,NOT_APPLICABLE_GLOBAL_BASELINE,HF9g-P5,,,,X 全窗基线 · 不参与实体赏罚,15058001,1506,A168_HF9F_20260827_0900,2026-08-27 09:00:00
2026-06-04,122817705,2171,0,185.1518502327,171.0083061177,171.0083061177,1.0000000,2,2,0.50665070000000000,0.506650700000,0.9867858985152569,0.9867858985152569,0.9867858985152569,0E-17,ELIGIBLE,R03b_20260811_FULL_v1,L1_ELIGIBILITY,v2026-08-11,2026-03-21..2026-08-06,baccarat_bet02_101_all_pairs_incl_sentinel,round_win = game_pnl > 0 (decisive only),COMPATIBILITY_ONLY_NOT_PRODUCTION,146521.7074,130543.1969,9908.8042,964,936,-0.06762687,-0.04731611,-0.08301766,-0.06762687,-9908.8042,146521.7074,OK,0.0000,396.3522,4.0000,96.0000,AG03-UNRESOLVED,ALL5_LEVELS_bet23_to_bet27,396.3522,396.3522,495.4402,495.4402,495.4402,4.000000,4.000000,5.000000,5.000000,5.000000,96.000000,96.000000,95.000000,95.000000,95.000000,5.0,2279.0250,2079.2952,7629.7792,7829.509,PENDING_AG03,FALSE,NOT_FOR_ENFORCEMENT,9512.4520,125321.4690,9908.8042,9512.4520,396.3522,0.06762687,0.06492179,396.3522,9512.4520,0.06492179,396.3522,396.3522,495.4402,495.4402,495.4402,9512.4520,0.06492179,2279.0250,2079.2952,7629.7792,7829.509,0.05207269,0.05343583,0.00270507,151.9935,139.4692,10.5863,152.4431,22.3171,2254.1801,14.4000,175.9468,137.7798,29.6291,128.4258,256.8515,258.1778,514.3107,777.7133,102.8621,0.0,4.004732,6.055743,1.183512,29,129,8,3,0.43109585,0.06762687,0.04731611,0E-8,0.000000,0.890948,0.000000,0.03570155,2026-03-24,2026-08-06,65,444,384,136,0.477941,1.277014,1.157594,1.436986,,,,,,,,GLOBAL_BASELINE_NO_ENTITY_RANKING,,,NOT_APPLICABLE_GLOBAL_BASELINE,HF9g-P5,,,,X 全窗基线 · 不参与实体赏罚,15058002,1506,A168_HF9F_20260827_0900,2026-08-27 09:00:00
2026-06-04,122817705,2188,0,77.1466042636,73.2892740505,73.2892740505,1.0000000,1,1,0.50665070000000000,0.506650700000,0.9867858985152569,0.9867858985152569,0.9867858985152569,0E-17,ELIGIBLE,R03b_20260811_FULL_v1,L1_ELIGIBILITY,v2026-08-11,2026-03-21..2026-08-06,baccarat_bet02_101_all_pairs_incl_sentinel,round_win = game_pnl > 0 (decisive only),COMPATIBILITY_ONLY_NOT_PRODUCTION,146521.7074,130543.1969,9908.8042,964,936,-0.06762687,-0.04731611,-0.08301766,-0.06762687,-9908.8042,146521.7074,OK,0.0000,396.3522,4.0000,96.0000,AG03-UNRESOLVED,ALL5_LEVELS_bet23_to_bet27,396.3522,396.3522,495.4402,495.4402,495.4402,4.000000,4.000000,5.000000,5.000000,5.000000,96.000000,96.000000,95.000000,95.000000,95.000000,5.0,2279.0250,2079.2952,7629.7792,7829.509,PENDING_AG03,FALSE,NOT_FOR_ENFORCEMENT,9512.4520,125321.4690,9908.8042,9512.4520,396.3522,0.06762687,0.06492179,396.3522,9512.4520,0.06492179,396.3522,396.3522,495.4402,495.4402,495.4402,9512.4520,0.06492179,2279.0250,2079.2952,7629.7792,7829.509,0.05207269,0.05343583,0.00270507,151.9935,139.4692,10.5863,152.4431,22.3171,2254.1801,14.4000,175.9468,137.7798,29.6291,128.4258,256.8515,258.1778,514.3107,777.7133,102.8621,0.0,4.004732,6.055743,1.183512,29,129,8,3,0.43109585,0.06762687,0.04731611,0E-8,0.000000,0.890948,0.000000,0.03570155,2026-03-24,2026-08-06,65,444,384,136,0.477941,1.277014,1.157594,1.436986,,,,,,,,GLOBAL_BASELINE_NO_ENTITY_RANKING,,,NOT_APPLICABLE_GLOBAL_BASELINE,HF9g-P5,,,,X 全窗基线 · 不参与实体赏罚,15058003,1506,A168_HF9F_20260827_0900,2026-08-27 09:00:00
2026-06-04,122817705,2218,0,5.1431069509,5.1431069509,5.1431069509,1.0000000,1,1,0.49324550000000000,0.493245500000,1.01360149184955,1.01360149184955,1.01360149184955,0E-17,ELIGIBLE,R03b_20260811_FULL_v1,L1_ELIGIBILITY,v2026-08-11,2026-03-21..2026-08-06,baccarat_bet02_101_all_pairs_incl_sentinel,round_win = game_pnl > 0 (decisive only),COMPATIBILITY_ONLY_NOT_PRODUCTION,146521.7074,130543.1969,9908.8042,964,936,-0.06762687,-0.04731611,-0.08301766,-0.06762687,-9908.8042,146521.7074,OK,0.0000,396.3522,4.0000,96.0000,AG03-UNRESOLVED,ALL5_LEVELS_bet23_to_bet27,396.3522,396.3522,495.4402,495.4402,495.4402,4.000000,4.000000,5.000000,5.000000,5.000000,96.000000,96.000000,95.000000,95.000000,95.000000,5.0,2279.0250,2079.2952,7629.7792,7829.509,PENDING_AG03,FALSE,NOT_FOR_ENFORCEMENT,9512.4520,125321.4690,9908.8042,9512.4520,396.3522,0.06762687,0.06492179,396.3522,9512.4520,0.06492179,396.3522,396.3522,495.4402,495.4402,495.4402,9512.4520,0.06492179,2279.0250,2079.2952,7629.7792,7829.509,0.05207269,0.05343583,0.00270507,151.9935,139.4692,10.5863,152.4431,22.3171,2254.1801,14.4000,175.9468,137.7798,29.6291,128.4258,256.8515,258.1778,514.3107,777.7133,102.8621,0.0,4.004732,6.055743,1.183512,29,129,8,3,0.43109585,0.06762687,0.04731611,0E-8,0.000000,0.890948,0.000000,0.03570155,2026-03-24,2026-08-06,65,444,384,136,0.477941,1.277014,1.157594,1.436986,,,,,,,,GLOBAL_BASELINE_NO_ENTITY_RANKING,,,NOT_APPLICABLE_GLOBAL_BASELINE,HF9g-P5,,,,X 全窗基线 · 不参与实体赏罚,15058004,1506,A168_HF9F_20260827_0900,2026-08-27 09:00:00
2026-06-04,122817705,2223,0,28.2870882300,0E-10,0E-10,,1,1,0.50665070000000000,0.506650700000,,,,0E-17,NO_DECISIVE_ROUND,R03b_20260811_FULL_v1,L1_ELIGIBILITY,v2026-08-11,2026-03-21..2026-08-06,baccarat_bet02_101_all_pairs_incl_sentinel,round_win = game_pnl > 0 (decisive only),COMPATIBILITY_ONLY_NOT_PRODUCTION,146521.7074,130543.1969,9908.8042,964,936,-0.06762687,-0.04731611,-0.08301766,-0.06762687,-9908.8042,146521.7074,OK,0.0000,396.3522,4.0000,96.0000,AG03-UNRESOLVED,ALL5_LEVELS_bet23_to_bet27,396.3522,396.3522,495.4402,495.4402,495.4402,4.000000,4.000000,5.000000,5.000000,5.000000,96.000000,96.000000,95.000000,95.000000,95.000000,5.0,2279.0250,2079.2952,7629.7792,7829.509,PENDING_AG03,FALSE,NOT_FOR_ENFORCEMENT,9512.4520,125321.4690,9908.8042,9512.4520,396.3522,0.06762687,0.06492179,396.3522,9512.4520,0.06492179,396.3522,396.3522,495.4402,495.4402,495.4402,9512.4520,0.06492179,2279.0250,2079.2952,7629.7792,7829.509,0.05207269,0.05343583,0.00270507,151.9935,139.4692,10.5863,152.4431,22.3171,2254.1801,14.4000,175.9468,137.7798,29.6291,128.4258,256.8515,258.1778,514.3107,777.7133,102.8621,0.0,4.004732,6.055743,1.183512,29,129,8,3,0.43109585,0.06762687,0.04731611,0E-8,0.000000,0.890948,0.000000,0.03570155,2026-03-24,2026-08-06,65,444,384,136,0.477941,1.277014,1.157594,1.436986,,,,,,,,GLOBAL_BASELINE_NO_ENTITY_RANKING,,,NOT_APPLICABLE_GLOBAL_BASELINE,HF9g-P5,,,,X 全窗基线 · 不参与实体赏罚,15058005,1506,A168_HF9F_20260827_0900,2026-08-27 09:00:00
2026-06-04,122817705,752,0,25.7155347545,24.4297580168,24.4297580168,1.0000000,1,1,0.50665070000000000,0.506650700000,0.9867858985152569,0.9867858985152569,0.9867858985152569,0E-17,ELIGIBLE,R03b_20260811_FULL_v1,L1_ELIGIBILITY,v2026-08-11,2026-03-21..2026-08-06,baccarat_bet02_101_all_pairs_incl_sentinel,round_win = game_pnl > 0 (decisive only),COMPATIBILITY_ONLY_NOT_PRODUCTION,146521.7074,130543.1969,9908.8042,964,936,-0.06762687,-0.04731611,-0.08301766,-0.06762687,-9908.8042,146521.7074,OK,0.0000,396.3522,4.0000,96.0000,AG03-UNRESOLVED,ALL5_LEVELS_bet23_to_bet27,396.3522,396.3522,495.4402,495.4402,495.4402,4.000000,4.000000,5.000000,5.000000,5.000000,96.000000,96.000000,95.000000,95.000000,95.000000,5.0,2279.0250,2079.2952,7629.7792,7829.509,PENDING_AG03,FALSE,NOT_FOR_ENFORCEMENT,9512.4520,125321.4690,9908.8042,9512.4520,396.3522,0.06762687,0.06492179,396.3522,9512.4520,0.06492179,396.3522,396.3522,495.4402,495.4402,495.4402,9512.4520,0.06492179,2279.0250,2079.2952,7629.7792,7829.509,0.05207269,0.05343583,0.00270507,151.9935,139.4692,10.5863,152.4431,22.3171,2254.1801,14.4000,175.9468,137.7798,29.6291,128.4258,256.8515,258.1778,514.3107,777.7133,102.8621,0.0,4.004732,6.055743,1.183512,29,129,8,3,0.43109585,0.06762687,0.04731611,0E-8,0.000000,0.890948,0.000000,0.03570155,2026-03-24,2026-08-06,65,444,384,136,0.477941,1.277014,1.157594,1.436986,,,,,,,,GLOBAL_BASELINE_NO_ENTITY_RANKING,,,NOT_APPLICABLE_GLOBAL_BASELINE,HF9g-P5,,,,X 全窗基线 · 不参与实体赏罚,15058006,1506,A168_HF9F_20260827_0900,2026-08-27 09:00:00
2026-06-05,122817705,-1,1,1236.9172216937,118.2914598708,118.2914598708,0.4444444,10,10,0.49860758000000000,0.498607580000,-0.3249800735002549,-0.32498007350025493,-0.3249800735002549,0E-17,SENTINEL_DEALER,R03b_20260811_FULL_v1,L1_ELIGIBILITY,v2026-08-11,2026-03-21..2026-08-06,baccarat_bet02_101_all_pairs_incl_sentinel,round_win = game_pnl > 0 (decisive only),COMPATIBILITY_ONLY_NOT_PRODUCTION,146521.7074,130543.1969,9908.8042,964,936,-0.06762687,-0.04731611,-0.08301766,-0.06762687,-9908.8042,146521.7074,OK,0.0000,396.3522,4.0000,96.0000,AG03-UNRESOLVED,ALL5_LEVELS_bet23_to_bet27,396.3522,396.3522,495.4402,495.4402,495.4402,4.000000,4.000000,5.000000,5.000000,5.000000,96.000000,96.000000,95.000000,95.000000,95.000000,5.0,2279.0250,2079.2952,7629.7792,7829.509,PENDING_AG03,FALSE,NOT_FOR_ENFORCEMENT,9512.4520,125321.4690,9908.8042,9512.4520,396.3522,0.06762687,0.06492179,396.3522,9512.4520,0.06492179,396.3522,396.3522,495.4402,495.4402,495.4402,9512.4520,0.06492179,2279.0250,2079.2952,7629.7792,7829.509,0.05207269,0.05343583,0.00270507,151.9935,139.4692,10.5863,152.4431,22.3171,2254.1801,14.4000,175.9468,137.7798,29.6291,128.4258,256.8515,258.1778,514.3107,777.7133,102.8621,0.0,4.004732,6.055743,1.183512,29,129,8,3,0.43109585,0.06762687,0.04731611,0E-8,0.000000,0.890948,0.000000,0.03570155,2026-03-24,2026-08-06,65,444,384,136,0.477941,1.277014,1.157594,1.436986,,,,,,,,GLOBAL_BASELINE_NO_ENTITY_RANKING,,,NOT_APPLICABLE_GLOBAL_BASELINE,HF9g-P5,,,,X 全窗基线 · 不参与实体赏罚,15058007,1506,A168_HF9F_20260827_0900,2026-08-27 09:00:00
2026-06-05,122817705,2169,0,514.3106950909,-514.3106950909,-514.3106950909,0E-7,1,1,0.49324550000000000,0.493245500000,-0.9865810262130424,-0.9865810262130424,-0.9865810262130424,0E-17,ELIGIBLE,R03b_20260811_FULL_v1,L1_ELIGIBILITY,v2026-08-11,2026-03-21..2026-08-06,baccarat_bet02_101_all_pairs_incl_sentinel,round_win = game_pnl > 0 (decisive only),COMPATIBILITY_ONLY_NOT_PRODUCTION,146521.7074,130543.1969,9908.8042,964,936,-0.06762687,-0.04731611,-0.08301766,-0.06762687,-9908.8042,146521.7074,OK,0.0000,396.3522,4.0000,96.0000,AG03-UNRESOLVED,ALL5_LEVELS_bet23_to_bet27,396.3522,396.3522,495.4402,495.4402,495.4402,4.000000,4.000000,5.000000,5.000000,5.000000,96.000000,96.000000,95.000000,95.000000,95.000000,5.0,2279.0250,2079.2952,7629.7792,7829.509,PENDING_AG03,FALSE,NOT_FOR_ENFORCEMENT,9512.4520,125321.4690,9908.8042,9512.4520,396.3522,0.06762687,0.06492179,396.3522,9512.4520,0.06492179,396.3522,396.3522,495.4402,495.4402,495.4402,9512.4520,0.06492179,2279.0250,2079.2952,7629.7792,7829.509,0.05207269,0.05343583,0.00270507,151.9935,139.4692,10.5863,152.4431,22.3171,2254.1801,14.4000,175.9468,137.7798,29.6291,128.4258,256.8515,258.1778,514.3107,777.7133,102.8621,0.0,4.004732,6.055743,1.183512,29,129,8,3,0.43109585,0.06762687,0.04731611,0E-8,0.000000,0.890948,0.000000,0.03570155,2026-03-24,2026-08-06,65,444,384,136,0.477941,1.277014,1.157594,1.436986,,,,,,,,GLOBAL_BASELINE_NO_ENTITY_RANKING,,,NOT_APPLICABLE_GLOBAL_BASELINE,HF9g-P5,,,,X 全窗基线 · 不参与实体赏罚,15058008,1506,A168_HF9F_20260827_0900,2026-08-27 09:00:00
2026-06-06,122817705,-1,1,5107.1052022527,-495.0240440249,-495.0240440249,0.3750000,20,19,0.49947774210526316,0.499242563158,-0.9958224800700058,-0.9939416457343098,-0.9958224800700058,0.00023517894726316,SENTINEL_DEALER,R03b_20260811_FULL_v1,L1_ELIGIBILITY,v2026-08-11,2026-03-21..2026-08-06,baccarat_bet02_101_all_pairs_incl_sentinel,round_win = game_pnl > 0 (decisive only),COMPATIBILITY_ONLY_NOT_PRODUCTION,146521.7074,130543.1969,9908.8042,964,936,-0.06762687,-0.04731611,-0.08301766,-0.06762687,-9908.8042,146521.7074,OK,0.0000,396.3522,4.0000,96.0000,AG03-UNRESOLVED,ALL5_LEVELS_bet23_to_bet27,396.3522,396.3522,495.4402,495.4402,495.4402,4.000000,4.000000,5.000000,5.000000,5.000000,96.000000,96.000000,95.000000,95.000000,95.000000,5.0,2279.0250,2079.2952,7629.7792,7829.509,PENDING_AG03,FALSE,NOT_FOR_ENFORCEMENT,9512.4520,125321.4690,9908.8042,9512.4520,396.3522,0.06762687,0.06492179,396.3522,9512.4520,0.06492179,396.3522,396.3522,495.4402,495.4402,495.4402,9512.4520,0.06492179,2279.0250,2079.2952,7629.7792,7829.509,0.05207269,0.05343583,0.00270507,151.9935,139.4692,10.5863,152.4431,22.3171,2254.1801,14.4000,175.9468,137.7798,29.6291,128.4258,256.8515,258.1778,514.3107,777.7133,102.8621,0.0,4.004732,6.055743,1.183512,29,129,8,3,0.43109585,0.06762687,0.04731611,0E-8,0.000000,0.890948,0.000000,0.03570155,2026-03-24,2026-08-06,65,444,384,136,0.477941,1.277014,1.157594,1.436986,,,,,,,,GLOBAL_BASELINE_NO_ENTITY_RANKING,,,NOT_APPLICABLE_GLOBAL_BASELINE,HF9g-P5,,,,X 全窗基线 · 不参与实体赏罚,15058009,1506,A168_HF9F_20260827_0900,2026-08-27 09:00:00
2026-06-06,122817705,1115,0,1285.7767377272,0E-10,0E-10,0.5000000,2,2,0.49994810000000000,0.499948100000,0.00014679536856514622,0.00014679536856514622,0.00014679536856514622,0E-17,ELIGIBLE,R03b_20260811_FULL_v1,L1_ELIGIBILITY,v2026-08-11,2026-03-21..2026-08-06,baccarat_bet02_101_all_pairs_incl_sentinel,round_win = game_pnl > 0 (decisive only),COMPATIBILITY_ONLY_NOT_PRODUCTION,146521.7074,130543.1969,9908.8042,964,936,-0.06762687,-0.04731611,-0.08301766,-0.06762687,-9908.8042,146521.7074,OK,0.0000,396.3522,4.0000,96.0000,AG03-UNRESOLVED,ALL5_LEVELS_bet23_to_bet27,396.3522,396.3522,495.4402,495.4402,495.4402,4.000000,4.000000,5.000000,5.000000,5.000000,96.000000,96.000000,95.000000,95.000000,95.000000,5.0,2279.0250,2079.2952,7629.7792,7829.509,PENDING_AG03,FALSE,NOT_FOR_ENFORCEMENT,9512.4520,125321.4690,9908.8042,9512.4520,396.3522,0.06762687,0.06492179,396.3522,9512.4520,0.06492179,396.3522,396.3522,495.4402,495.4402,495.4402,9512.4520,0.06492179,2279.0250,2079.2952,7629.7792,7829.509,0.05207269,0.05343583,0.00270507,151.9935,139.4692,10.5863,152.4431,22.3171,2254.1801,14.4000,175.9468,137.7798,29.6291,128.4258,256.8515,258.1778,514.3107,777.7133,102.8621,0.0,4.004732,6.055743,1.183512,29,129,8,3,0.43109585,0.06762687,0.04731611,0E-8,0.000000,0.890948,0.000000,0.03570155,2026-03-24,2026-08-06,65,444,384,136,0.477941,1.277014,1.157594,1.436986,,,,,,,,GLOBAL_BASELINE_NO_ENTITY_RANKING,,,NOT_APPLICABLE_GLOBAL_BASELINE,HF9g-P5,,,,X 全窗基线 · 不参与实体赏罚,15058010,1506,A168_HF9F_20260827_0900,2026-08-27 09:00:00
2026-06-06,122817705,1302,0,128.5776737727,122.1487900841,122.1487900841,1.0000000,1,1,0.50665070000000000,0.506650700000,0.9867858985152569,0.9867858985152569,0.9867858985152569,0E-17,ELIGIBLE,R03b_20260811_FULL_v1,L1_ELIGIBILITY,v2026-08-11,2026-03-21..2026-08-06,baccarat_bet02_101_all_pairs_incl_sentinel,round_win = game_pnl > 0 (decisive only),COMPATIBILITY_ONLY_NOT_PRODUCTION,146521.7074,130543.1969,9908.8042,964,936,-0.06762687,-0.04731611,-0.08301766,-0.06762687,-9908.8042,146521.7074,OK,0.0000,396.3522,4.0000,96.0000,AG03-UNRESOLVED,ALL5_LEVELS_bet23_to_bet27,396.3522,396.3522,495.4402,495.4402,495.4402,4.000000,4.000000,5.000000,5.000000,5.000000,96.000000,96.000000,95.000000,95.000000,95.000000,5.0,2279.0250,2079.2952,7629.7792,7829.509,PENDING_AG03,FALSE,NOT_FOR_ENFORCEMENT,9512.4520,125321.4690,9908.8042,9512.4520,396.3522,0.06762687,0.06492179,396.3522,9512.4520,0.06492179,396.3522,396.3522,495.4402,495.4402,495.4402,9512.4520,0.06492179,2279.0250,2079.2952,7629.7792,7829.509,0.05207269,0.05343583,0.00270507,151.9935,139.4692,10.5863,152.4431,22.3171,2254.1801,14.4000,175.9468,137.7798,29.6291,128.4258,256.8515,258.1778,514.3107,777.7133,102.8621,0.0,4.004732,6.055743,1.183512,29,129,8,3,0.43109585,0.06762687,0.04731611,0E-8,0.000000,0.890948,0.000000,0.03570155,2026-03-24,2026-08-06,65,444,384,136,0.477941,1.277014,1.157594,1.436986,,,,,,,,GLOBAL_BASELINE_NO_ENTITY_RANKING,,,NOT_APPLICABLE_GLOBAL_BASELINE,HF9g-P5,,,,X 全窗基线 · 不参与实体赏罚,15058011,1506,A168_HF9F_20260827_0900,2026-08-27 09:00:00
2026-06-06,122817705,1645,0,257.1553475455,0E-10,0E-10,,1,1,0.50665070000000000,0.506650700000,,,,0E-17,NO_DECISIVE_ROUND,R03b_20260811_FULL_v1,L1_ELIGIBILITY,v2026-08-11,2026-03-21..2026-08-06,baccarat_bet02_101_all_pairs_incl_sentinel,round_win = game_pnl > 0 (decisive only),COMPATIBILITY_ONLY_NOT_PRODUCTION,146521.7074,130543.1969,9908.8042,964,936,-0.06762687,-0.04731611,-0.08301766,-0.06762687,-9908.8042,146521.7074,OK,0.0000,396.3522,4.0000,96.0000,AG03-UNRESOLVED,ALL5_LEVELS_bet23_to_bet27,396.3522,396.3522,495.4402,495.4402,495.4402,4.000000,4.000000,5.000000,5.000000,5.000000,96.000000,96.000000,95.000000,95.000000,95.000000,5.0,2279.0250,2079.2952,7629.7792,7829.509,PENDING_AG03,FALSE,NOT_FOR_ENFORCEMENT,9512.4520,125321.4690,9908.8042,9512.4520,396.3522,0.06762687,0.06492179,396.3522,9512.4520,0.06492179,396.3522,396.3522,495.4402,495.4402,495.4402,9512.4520,0.06492179,2279.0250,2079.2952,7629.7792,7829.509,0.05207269,0.05343583,0.00270507,151.9935,139.4692,10.5863,152.4431,22.3171,2254.1801,14.4000,175.9468,137.7798,29.6291,128.4258,256.8515,258.1778,514.3107,777.7133,102.8621,0.0,4.004732,6.055743,1.183512,29,129,8,3,0.43109585,0.06762687,0.04731611,0E-8,0.000000,0.890948,0.000000,0.03570155,2026-03-24,2026-08-06,65,444,384,136,0.477941,1.277014,1.157594,1.436986,,,,,,,,GLOBAL_BASELINE_NO_ENTITY_RANKING,,,NOT_APPLICABLE_GLOBAL_BASELINE,HF9g-P5,,,,X 全窗基线 · 不参与实体赏罚,15058012,1506,A168_HF9F_20260827_0900,2026-08-27 09:00:00
2026-06-06,122817705,1966,0,514.3106950910,0E-10,0E-10,0.5000000,2,2,0.49324550000000000,0.493245500000,0.01910635448239258,0.01910635448239258,0.01910635448239258,0E-17,ELIGIBLE,R03b_20260811_FULL_v1,L1_ELIGIBILITY,v2026-08-11,2026-03-21..2026-08-06,baccarat_bet02_101_all_pairs_incl_sentinel,round_win = game_pnl > 0 (decisive only),COMPATIBILITY_ONLY_NOT_PRODUCTION,146521.7074,130543.1969,9908.8042,964,936,-0.06762687,-0.04731611,-0.08301766,-0.06762687,-9908.8042,146521.7074,OK,0.0000,396.3522,4.0000,96.0000,AG03-UNRESOLVED,ALL5_LEVELS_bet23_to_bet27,396.3522,396.3522,495.4402,495.4402,495.4402,4.000000,4.000000,5.000000,5.000000,5.000000,96.000000,96.000000,95.000000,95.000000,95.000000,5.0,2279.0250,2079.2952,7629.7792,7829.509,PENDING_AG03,FALSE,NOT_FOR_ENFORCEMENT,9512.4520,125321.4690,9908.8042,9512.4520,396.3522,0.06762687,0.06492179,396.3522,9512.4520,0.06492179,396.3522,396.3522,495.4402,495.4402,495.4402,9512.4520,0.06492179,2279.0250,2079.2952,7629.7792,7829.509,0.05207269,0.05343583,0.00270507,151.9935,139.4692,10.5863,152.4431,22.3171,2254.1801,14.4000,175.9468,137.7798,29.6291,128.4258,256.8515,258.1778,514.3107,777.7133,102.8621,0.0,4.004732,6.055743,1.183512,29,129,8,3,0.43109585,0.06762687,0.04731611,0E-8,0.000000,0.890948,0.000000,0.03570155,2026-03-24,2026-08-06,65,444,384,136,0.477941,1.277014,1.157594,1.436986,,,,,,,,GLOBAL_BASELINE_NO_ENTITY_RANKING,,,NOT_APPLICABLE_GLOBAL_BASELINE,HF9g-P5,,,,X 全窗基线 · 不参与实体赏罚,15058013,1506,A168_HF9F_20260827_0900,2026-08-27 09:00:00
2026-06-06,122817705,2127,0,900.0437164091,-900.0437164091,-900.0437164091,0E-7,2,2,0.50665070000000000,0.506650700000,-1.4331513700195317,-1.4331513700195317,-1.4331513700195317,0E-17,ELIGIBLE,R03b_20260811_FULL_v1,L1_ELIGIBILITY,v2026-08-11,2026-03-21..2026-08-06,baccarat_bet02_101_all_pairs_incl_sentinel,round_win = game_pnl > 0 (decisive only),COMPATIBILITY_ONLY_NOT_PRODUCTION,146521.7074,130543.1969,9908.8042,964,936,-0.06762687,-0.04731611,-0.08301766,-0.06762687,-9908.8042,146521.7074,OK,0.0000,396.3522,4.0000,96.0000,AG03-UNRESOLVED,ALL5_LEVELS_bet23_to_bet27,396.3522,396.3522,495.4402,495.4402,495.4402,4.000000,4.000000,5.000000,5.000000,5.000000,96.000000,96.000000,95.000000,95.000000,95.000000,5.0,2279.0250,2079.2952,7629.7792,7829.509,PENDING_AG03,FALSE,NOT_FOR_ENFORCEMENT,9512.4520,125321.4690,9908.8042,9512.4520,396.3522,0.06762687,0.06492179,396.3522,9512.4520,0.06492179,396.3522,396.3522,495.4402,495.4402,495.4402,9512.4520,0.06492179,2279.0250,2079.2952,7629.7792,7829.509,0.05207269,0.05343583,0.00270507,151.9935,139.4692,10.5863,152.4431,22.3171,2254.1801,14.4000,175.9468,137.7798,29.6291,128.4258,256.8515,258.1778,514.3107,777.7133,102.8621,0.0,4.004732,6.055743,1.183512,29,129,8,3,0.43109585,0.06762687,0.04731611,0E-8,0.000000,0.890948,0.000000,0.03570155,2026-03-24,2026-08-06,65,444,384,136,0.477941,1.277014,1.157594,1.436986,,,,,,,,GLOBAL_BASELINE_NO_ENTITY_RANKING,,,NOT_APPLICABLE_GLOBAL_BASELINE,HF9g-P5,,,,X 全窗基线 · 不参与实体赏罚,15058014,1506,A168_HF9F_20260827_0900,2026-08-27 09:00:00
2026-06-06,122817705,2201,0,378.0183608917,-95.1474785918,-95.1474785918,0E-7,6,6,0.49771390000000000,0.497713900000,-1.724149546644903,-1.724149546644903,-1.724149546644903,0E-17,ELIGIBLE,R03b_20260811_FULL_v1,L1_ELIGIBILITY,v2026-08-11,2026-03-21..2026-08-06,baccarat_bet02_101_all_pairs_incl_sentinel,round_win = game_pnl > 0 (decisive only),COMPATIBILITY_ONLY_NOT_PRODUCTION,146521.7074,130543.1969,9908.8042,964,936,-0.06762687,-0.04731611,-0.08301766,-0.06762687,-9908.8042,146521.7074,OK,0.0000,396.3522,4.0000,96.0000,AG03-UNRESOLVED,ALL5_LEVELS_bet23_to_bet27,396.3522,396.3522,495.4402,495.4402,495.4402,4.000000,4.000000,5.000000,5.000000,5.000000,96.000000,96.000000,95.000000,95.000000,95.000000,5.0,2279.0250,2079.2952,7629.7792,7829.509,PENDING_AG03,FALSE,NOT_FOR_ENFORCEMENT,9512.4520,125321.4690,9908.8042,9512.4520,396.3522,0.06762687,0.06492179,396.3522,9512.4520,0.06492179,396.3522,396.3522,495.4402,495.4402,495.4402,9512.4520,0.06492179,2279.0250,2079.2952,7629.7792,7829.509,0.05207269,0.05343583,0.00270507,151.9935,139.4692,10.5863,152.4431,22.3171,2254.1801,14.4000,175.9468,137.7798,29.6291,128.4258,256.8515,258.1778,514.3107,777.7133,102.8621,0.0,4.004732,6.055743,1.183512,29,129,8,3,0.43109585,0.06762687,0.04731611,0E-8,0.000000,0.890948,0.000000,0.03570155,2026-03-24,2026-08-06,65,444,384,136,0.477941,1.277014,1.157594,1.436986,,,,,,,,GLOBAL_BASELINE_NO_ENTITY_RANKING,,,NOT_APPLICABLE_GLOBAL_BASELINE,HF9g-P5,,,,X 全窗基线 · 不参与实体赏罚,15058015,1506,A168_HF9F_20260827_0900,2026-08-27 09:00:00
2026-06-06,122817705,2220,0,128.5776737727,-128.5776737727,-128.5776737727,0E-7,1,1,0.49324550000000000,0.493245500000,-0.9865810262130424,-0.9865810262130424,-0.9865810262130424,0E-17,ELIGIBLE,R03b_20260811_FULL_v1,L1_ELIGIBILITY,v2026-08-11,2026-03-21..2026-08-06,baccarat_bet02_101_all_pairs_incl_sentinel,round_win = game_pnl > 0 (decisive only),COMPATIBILITY_ONLY_NOT_PRODUCTION,146521.7074,130543.1969,9908.8042,964,936,-0.06762687,-0.04731611,-0.08301766,-0.06762687,-9908.8042,146521.7074,OK,0.0000,396.3522,4.0000,96.0000,AG03-UNRESOLVED,ALL5_LEVELS_bet23_to_bet27,396.3522,396.3522,495.4402,495.4402,495.4402,4.000000,4.000000,5.000000,5.000000,5.000000,96.000000,96.000000,95.000000,95.000000,95.000000,5.0,2279.0250,2079.2952,7629.7792,7829.509,PENDING_AG03,FALSE,NOT_FOR_ENFORCEMENT,9512.4520,125321.4690,9908.8042,9512.4520,396.3522,0.06762687,0.06492179,396.3522,9512.4520,0.06492179,396.3522,396.3522,495.4402,495.4402,495.4402,9512.4520,0.06492179,2279.0250,2079.2952,7629.7792,7829.509,0.05207269,0.05343583,0.00270507,151.9935,139.4692,10.5863,152.4431,22.3171,2254.1801,14.4000,175.9468,137.7798,29.6291,128.4258,256.8515,258.1778,514.3107,777.7133,102.8621,0.0,4.004732,6.055743,1.183512,29,129,8,3,0.43109585,0.06762687,0.04731611,0E-8,0.000000,0.890948,0.000000,0.03570155,2026-03-24,2026-08-06,65,444,384,136,0.477941,1.277014,1.157594,1.436986,,,,,,,,GLOBAL_BASELINE_NO_ENTITY_RANKING,,,NOT_APPLICABLE_GLOBAL_BASELINE,HF9g-P5,,,,X 全窗基线 · 不参与实体赏罚,15058016,1506,A168_HF9F_20260827_0900,2026-08-27 09:00:00
2026-06-06,122817705,2233,0,874.3281816545,-874.3281816545,-874.3281816545,0E-7,1,1,0.49324550000000000,0.493245500000,-0.9865810262130424,-0.9865810262130424,-0.9865810262130424,0E-17,ELIGIBLE,R03b_20260811_FULL_v1,L1_ELIGIBILITY,v2026-08-11,2026-03-21..2026-08-06,baccarat_bet02_101_all_pairs_incl_sentinel,round_win = game_pnl > 0 (decisive only),COMPATIBILITY_ONLY_NOT_PRODUCTION,146521.7074,130543.1969,9908.8042,964,936,-0.06762687,-0.04731611,-0.08301766,-0.06762687,-9908.8042,146521.7074,OK,0.0000,396.3522,4.0000,96.0000,AG03-UNRESOLVED,ALL5_LEVELS_bet23_to_bet27,396.3522,396.3522,495.4402,495.4402,495.4402,4.000000,4.000000,5.000000,5.000000,5.000000,96.000000,96.000000,95.000000,95.000000,95.000000,5.0,2279.0250,2079.2952,7629.7792,7829.509,PENDING_AG03,FALSE,NOT_FOR_ENFORCEMENT,9512.4520,125321.4690,9908.8042,9512.4520,396.3522,0.06762687,0.06492179,396.3522,9512.4520,0.06492179,396.3522,396.3522,495.4402,495.4402,495.4402,9512.4520,0.06492179,2279.0250,2079.2952,7629.7792,7829.509,0.05207269,0.05343583,0.00270507,151.9935,139.4692,10.5863,152.4431,22.3171,2254.1801,14.4000,175.9468,137.7798,29.6291,128.4258,256.8515,258.1778,514.3107,777.7133,102.8621,0.0,4.004732,6.055743,1.183512,29,129,8,3,0.43109585,0.06762687,0.04731611,0E-8,0.000000,0.890948,0.000000,0.03570155,2026-03-24,2026-08-06,65,444,384,136,0.477941,1.277014,1.157594,1.436986,,,,,,,,GLOBAL_BASELINE_NO_ENTITY_RANKING,,,NOT_APPLICABLE_GLOBAL_BASELINE,HF9g-P5,,,,X 全窗基线 · 不参与实体赏罚,15058017,1506,A168_HF9F_20260827_0900,2026-08-27 09:00:00
2026-06-06,122817705,2271,0,1285.7767377273,-1285.7767377273,-1285.7767377273,0E-7,1,1,0.50665070000000000,0.506650700000,-1.013391052207602,-1.013391052207602,-1.013391052207602,0E-17,ELIGIBLE,R03b_20260811_FULL_v1,L1_ELIGIBILITY,v2026-08-11,2026-03-21..2026-08-06,baccarat_bet02_101_all_pairs_incl_sentinel,round_win = game_pnl > 0 (decisive only),COMPATIBILITY_ONLY_NOT_PRODUCTION,146521.7074,130543.1969,9908.8042,964,936,-0.06762687,-0.04731611,-0.08301766,-0.06762687,-9908.8042,146521.7074,OK,0.0000,396.3522,4.0000,96.0000,AG03-UNRESOLVED,ALL5_LEVELS_bet23_to_bet27,396.3522,396.3522,495.4402,495.4402,495.4402,4.000000,4.000000,5.000000,5.000000,5.000000,96.000000,96.000000,95.000000,95.000000,95.000000,5.0,2279.0250,2079.2952,7629.7792,7829.509,PENDING_AG03,FALSE,NOT_FOR_ENFORCEMENT,9512.4520,125321.4690,9908.8042,9512.4520,396.3522,0.06762687,0.06492179,396.3522,9512.4520,0.06492179,396.3522,396.3522,495.4402,495.4402,495.4402,9512.4520,0.06492179,2279.0250,2079.2952,7629.7792,7829.509,0.05207269,0.05343583,0.00270507,151.9935,139.4692,10.5863,152.4431,22.3171,2254.1801,14.4000,175.9468,137.7798,29.6291,128.4258,256.8515,258.1778,514.3107,777.7133,102.8621,0.0,4.004732,6.055743,1.183512,29,129,8,3,0.43109585,0.06762687,0.04731611,0E-8,0.000000,0.890948,0.000000,0.03570155,2026-03-24,2026-08-06,65,444,384,136,0.477941,1.277014,1.157594,1.436986,,,,,,,,GLOBAL_BASELINE_NO_ENTITY_RANKING,,,NOT_APPLICABLE_GLOBAL_BASELINE,HF9g-P5,,,,X 全窗基线 · 不参与实体赏罚,15058018,1506,A168_HF9F_20260827_0900,2026-08-27 09:00:00
2026-06-06,122817705,772,0,773.0089747216,-773.0089747216,-773.0089747216,0E-7,1,1,0.50665070000000000,0.506650700000,-1.013391052207602,-1.013391052207602,-1.013391052207602,0E-17,ELIGIBLE,R03b_20260811_FULL_v1,L1_ELIGIBILITY,v2026-08-11,2026-03-21..2026-08-06,baccarat_bet02_101_all_pairs_incl_sentinel,round_win = game_pnl > 0 (decisive only),COMPATIBILITY_ONLY_NOT_PRODUCTION,146521.7074,130543.1969,9908.8042,964,936,-0.06762687,-0.04731611,-0.08301766,-0.06762687,-9908.8042,146521.7074,OK,0.0000,396.3522,4.0000,96.0000,AG03-UNRESOLVED,ALL5_LEVELS_bet23_to_bet27,396.3522,396.3522,495.4402,495.4402,495.4402,4.000000,4.000000,5.000000,5.000000,5.000000,96.000000,96.000000,95.000000,95.000000,95.000000,5.0,2279.0250,2079.2952,7629.7792,7829.509,PENDING_AG03,FALSE,NOT_FOR_ENFORCEMENT,9512.4520,125321.4690,9908.8042,9512.4520,396.3522,0.06762687,0.06492179,396.3522,9512.4520,0.06492179,396.3522,396.3522,495.4402,495.4402,495.4402,9512.4520,0.06492179,2279.0250,2079.2952,7629.7792,7829.509,0.05207269,0.05343583,0.00270507,151.9935,139.4692,10.5863,152.4431,22.3171,2254.1801,14.4000,175.9468,137.7798,29.6291,128.4258,256.8515,258.1778,514.3107,777.7133,102.8621,0.0,4.004732,6.055743,1.183512,29,129,8,3,0.43109585,0.06762687,0.04731611,0E-8,0.000000,0.890948,0.000000,0.03570155,2026-03-24,2026-08-06,65,444,384,136,0.477941,1.277014,1.157594,1.436986,,,,,,,,GLOBAL_BASELINE_NO_ENTITY_RANKING,,,NOT_APPLICABLE_GLOBAL_BASELINE,HF9g-P5,,,,X 全窗基线 · 不参与实体赏罚,15058019,1506,A168_HF9F_20260827_0900,2026-08-27 09:00:00
2026-06-06,122817705,987,0,77.1466042636,77.1466042636,77.1466042636,1.0000000,1,1,0.49324550000000000,0.493245500000,1.01360149184955,1.01360149184955,1.01360149184955,0E-17,ELIGIBLE,R03b_20260811_FULL_v1,L1_ELIGIBILITY,v2026-08-11,2026-03-21..2026-08-06,baccarat_bet02_101_all_pairs_incl_sentinel,round_win = game_pnl > 0 (decisive only),COMPATIBILITY_ONLY_NOT_PRODUCTION,146521.7074,130543.1969,9908.8042,964,936,-0.06762687,-0.04731611,-0.08301766,-0.06762687,-9908.8042,146521.7074,OK,0.0000,396.3522,4.0000,96.0000,AG03-UNRESOLVED,ALL5_LEVELS_bet23_to_bet27,396.3522,396.3522,495.4402,495.4402,495.4402,4.000000,4.000000,5.000000,5.000000,5.000000,96.000000,96.000000,95.000000,95.000000,95.000000,5.0,2279.0250,2079.2952,7629.7792,7829.509,PENDING_AG03,FALSE,NOT_FOR_ENFORCEMENT,9512.4520,125321.4690,9908.8042,9512.4520,396.3522,0.06762687,0.06492179,396.3522,9512.4520,0.06492179,396.3522,396.3522,495.4402,495.4402,495.4402,9512.4520,0.06492179,2279.0250,2079.2952,7629.7792,7829.509,0.05207269,0.05343583,0.00270507,151.9935,139.4692,10.5863,152.4431,22.3171,2254.1801,14.4000,175.9468,137.7798,29.6291,128.4258,256.8515,258.1778,514.3107,777.7133,102.8621,0.0,4.004732,6.055743,1.183512,29,129,8,3,0.43109585,0.06762687,0.04731611,0E-8,0.000000,0.890948,0.000000,0.03570155,2026-03-24,2026-08-06,65,444,384,136,0.477941,1.277014,1.157594,1.436986,,,,,,,,GLOBAL_BASELINE_NO_ENTITY_RANKING,,,NOT_APPLICABLE_GLOBAL_BASELINE,HF9g-P5,,,,X 全窗基线 · 不参与实体赏罚,15058020,1506,A168_HF9F_20260827_0900,2026-08-27 09:00:00
2026-06-07,122817705,1205,0,128.5776737727,-128.5776737727,-128.5776737727,0E-7,1,1,0.49324550000000000,0.493245500000,-0.9865810262130424,-0.9865810262130424,-0.9865810262130424,0E-17,ELIGIBLE,R03b_20260811_FULL_v1,L1_ELIGIBILITY,v2026-08-11,2026-03-21..2026-08-06,baccarat_bet02_101_all_pairs_incl_sentinel,round_win = game_pnl > 0 (decisive only),COMPATIBILITY_ONLY_NOT_PRODUCTION,146521.7074,130543.1969,9908.8042,964,936,-0.06762687,-0.04731611,-0.08301766,-0.06762687,-9908.8042,146521.7074,OK,0.0000,396.3522,4.0000,96.0000,AG03-UNRESOLVED,ALL5_LEVELS_bet23_to_bet27,396.3522,396.3522,495.4402,495.4402,495.4402,4.000000,4.000000,5.000000,5.000000,5.000000,96.000000,96.000000,95.000000,95.000000,95.000000,5.0,2279.0250,2079.2952,7629.7792,7829.509,PENDING_AG03,FALSE,NOT_FOR_ENFORCEMENT,9512.4520,125321.4690,9908.8042,9512.4520,396.3522,0.06762687,0.06492179,396.3522,9512.4520,0.06492179,396.3522,396.3522,495.4402,495.4402,495.4402,9512.4520,0.06492179,2279.0250,2079.2952,7629.7792,7829.509,0.05207269,0.05343583,0.00270507,151.9935,139.4692,10.5863,152.4431,22.3171,2254.1801,14.4000,175.9468,137.7798,29.6291,128.4258,256.8515,258.1778,514.3107,777.7133,102.8621,0.0,4.004732,6.055743,1.183512,29,129,8,3,0.43109585,0.06762687,0.04731611,0E-8,0.000000,0.890948,0.000000,0.03570155,2026-03-24,2026-08-06,65,444,384,136,0.477941,1.277014,1.157594,1.436986,,,,,,,,GLOBAL_BASELINE_NO_ENTITY_RANKING,,,NOT_APPLICABLE_GLOBAL_BASELINE,HF9g-P5,,,,X 全窗基线 · 不参与实体赏罚,15058021,1506,A168_HF9F_20260827_0900,2026-08-27 09:00:00
2026-06-07,122817705,1325,0,77.1466042636,73.2892740505,73.2892740505,1.0000000,1,1,0.50665070000000000,0.506650700000,0.9867858985152569,0.9867858985152569,0.9867858985152569,0E-17,ELIGIBLE,R03b_20260811_FULL_v1,L1_ELIGIBILITY,v2026-08-11,2026-03-21..2026-08-06,baccarat_bet02_101_all_pairs_incl_sentinel,round_win = game_pnl > 0 (decisive only),COMPATIBILITY_ONLY_NOT_PRODUCTION,146521.7074,130543.1969,9908.8042,964,936,-0.06762687,-0.04731611,-0.08301766,-0.06762687,-9908.8042,146521.7074,OK,0.0000,396.3522,4.0000,96.0000,AG03-UNRESOLVED,ALL5_LEVELS_bet23_to_bet27,396.3522,396.3522,495.4402,495.4402,495.4402,4.000000,4.000000,5.000000,5.000000,5.000000,96.000000,96.000000,95.000000,95.000000,95.000000,5.0,2279.0250,2079.2952,7629.7792,7829.509,PENDING_AG03,FALSE,NOT_FOR_ENFORCEMENT,9512.4520,125321.4690,9908.8042,9512.4520,396.3522,0.06762687,0.06492179,396.3522,9512.4520,0.06492179,396.3522,396.3522,495.4402,495.4402,495.4402,9512.4520,0.06492179,2279.0250,2079.2952,7629.7792,7829.509,0.05207269,0.05343583,0.00270507,151.9935,139.4692,10.5863,152.4431,22.3171,2254.1801,14.4000,175.9468,137.7798,29.6291,128.4258,256.8515,258.1778,514.3107,777.7133,102.8621,0.0,4.004732,6.055743,1.183512,29,129,8,3,0.43109585,0.06762687,0.04731611,0E-8,0.000000,0.890948,0.000000,0.03570155,2026-03-24,2026-08-06,65,444,384,136,0.477941,1.277014,1.157594,1.436986,,,,,,,,GLOBAL_BASELINE_NO_ENTITY_RANKING,,,NOT_APPLICABLE_GLOBAL_BASELINE,HF9g-P5,,,,X 全窗基线 · 不参与实体赏罚,15058022,1506,A168_HF9F_20260827_0900,2026-08-27 09:00:00
2026-06-07,122817705,2093,0,385.7330213182,128.5776737728,128.5776737728,0.5000000,2,2,0.49994810000000000,0.499948100000,0.00014679536856514622,0.00014679536856514622,0.00014679536856514622,0E-17,ELIGIBLE,R03b_20260811_FULL_v1,L1_ELIGIBILITY,v2026-08-11,2026-03-21..2026-08-06,baccarat_bet02_101_all_pairs_incl_sentinel,round_win = game_pnl > 0 (decisive only),COMPATIBILITY_ONLY_NOT_PRODUCTION,146521.7074,130543.1969,9908.8042,964,936,-0.06762687,-0.04731611,-0.08301766,-0.06762687,-9908.8042,146521.7074,OK,0.0000,396.3522,4.0000,96.0000,AG03-UNRESOLVED,ALL5_LEVELS_bet23_to_bet27,396.3522,396.3522,495.4402,495.4402,495.4402,4.000000,4.000000,5.000000,5.000000,5.000000,96.000000,96.000000,95.000000,95.000000,95.000000,5.0,2279.0250,2079.2952,7629.7792,7829.509,PENDING_AG03,FALSE,NOT_FOR_ENFORCEMENT,9512.4520,125321.4690,9908.8042,9512.4520,396.3522,0.06762687,0.06492179,396.3522,9512.4520,0.06492179,396.3522,396.3522,495.4402,495.4402,495.4402,9512.4520,0.06492179,2279.0250,2079.2952,7629.7792,7829.509,0.05207269,0.05343583,0.00270507,151.9935,139.4692,10.5863,152.4431,22.3171,2254.1801,14.4000,175.9468,137.7798,29.6291,128.4258,256.8515,258.1778,514.3107,777.7133,102.8621,0.0,4.004732,6.055743,1.183512,29,129,8,3,0.43109585,0.06762687,0.04731611,0E-8,0.000000,0.890948,0.000000,0.03570155,2026-03-24,2026-08-06,65,444,384,136,0.477941,1.277014,1.157594,1.436986,,,,,,,,GLOBAL_BASELINE_NO_ENTITY_RANKING,,,NOT_APPLICABLE_GLOBAL_BASELINE,HF9g-P5,,,,X 全窗基线 · 不参与实体赏罚,15058023,1506,A168_HF9F_20260827_0900,2026-08-27 09:00:00
2026-06-07,122817705,2239,0,77.1466042636,-77.1466042636,-77.1466042636,0E-7,1,1,0.50665070000000000,0.506650700000,-1.013391052207602,-1.013391052207602,-1.013391052207602,0E-17,ELIGIBLE,R03b_20260811_FULL_v1,L1_ELIGIBILITY,v2026-08-11,2026-03-21..2026-08-06,baccarat_bet02_101_all_pairs_incl_sentinel,round_win = game_pnl > 0 (decisive only),COMPATIBILITY_ONLY_NOT_PRODUCTION,146521.7074,130543.1969,9908.8042,964,936,-0.06762687,-0.04731611,-0.08301766,-0.06762687,-9908.8042,146521.7074,OK,0.0000,396.3522,4.0000,96.0000,AG03-UNRESOLVED,ALL5_LEVELS_bet23_to_bet27,396.3522,396.3522,495.4402,495.4402,495.4402,4.000000,4.000000,5.000000,5.000000,5.000000,96.000000,96.000000,95.000000,95.000000,95.000000,5.0,2279.0250,2079.2952,7629.7792,7829.509,PENDING_AG03,FALSE,NOT_FOR_ENFORCEMENT,9512.4520,125321.4690,9908.8042,9512.4520,396.3522,0.06762687,0.06492179,396.3522,9512.4520,0.06492179,396.3522,396.3522,495.4402,495.4402,495.4402,9512.4520,0.06492179,2279.0250,2079.2952,7629.7792,7829.509,0.05207269,0.05343583,0.00270507,151.9935,139.4692,10.5863,152.4431,22.3171,2254.1801,14.4000,175.9468,137.7798,29.6291,128.4258,256.8515,258.1778,514.3107,777.7133,102.8621,0.0,4.004732,6.055743,1.183512,29,129,8,3,0.43109585,0.06762687,0.04731611,0E-8,0.000000,0.890948,0.000000,0.03570155,2026-03-24,2026-08-06,65,444,384,136,0.477941,1.277014,1.157594,1.436986,,,,,,,,GLOBAL_BASELINE_NO_ENTITY_RANKING,,,NOT_APPLICABLE_GLOBAL_BASELINE,HF9g-P5,,,,X 全窗基线 · 不参与实体赏罚,15058024,1506,A168_HF9F_20260827_0900,2026-08-27 09:00:00
2026-06-07,122817705,2254,0,313.7295240054,147.6071694911,147.6071694911,0.5000000,2,2,0.50665070000000000,0.506650700000,-0.018812684590367487,-0.018812684590367487,-0.018812684590367487,0E-17,ELIGIBLE,R03b_20260811_FULL_v1,L1_ELIGIBILITY,v2026-08-11,2026-03-21..2026-08-06,baccarat_bet02_101_all_pairs_incl_sentinel,round_win = game_pnl > 0 (decisive only),COMPATIBILITY_ONLY_NOT_PRODUCTION,146521.7074,130543.1969,9908.8042,964,936,-0.06762687,-0.04731611,-0.08301766,-0.06762687,-9908.8042,146521.7074,OK,0.0000,396.3522,4.0000,96.0000,AG03-UNRESOLVED,ALL5_LEVELS_bet23_to_bet27,396.3522,396.3522,495.4402,495.4402,495.4402,4.000000,4.000000,5.000000,5.000000,5.000000,96.000000,96.000000,95.000000,95.000000,95.000000,5.0,2279.0250,2079.2952,7629.7792,7829.509,PENDING_AG03,FALSE,NOT_FOR_ENFORCEMENT,9512.4520,125321.4690,9908.8042,9512.4520,396.3522,0.06762687,0.06492179,396.3522,9512.4520,0.06492179,396.3522,396.3522,495.4402,495.4402,495.4402,9512.4520,0.06492179,2279.0250,2079.2952,7629.7792,7829.509,0.05207269,0.05343583,0.00270507,151.9935,139.4692,10.5863,152.4431,22.3171,2254.1801,14.4000,175.9468,137.7798,29.6291,128.4258,256.8515,258.1778,514.3107,777.7133,102.8621,0.0,4.004732,6.055743,1.183512,29,129,8,3,0.43109585,0.06762687,0.04731611,0E-8,0.000000,0.890948,0.000000,0.03570155,2026-03-24,2026-08-06,65,444,384,136,0.477941,1.277014,1.157594,1.436986,,,,,,,,GLOBAL_BASELINE_NO_ENTITY_RANKING,,,NOT_APPLICABLE_GLOBAL_BASELINE,HF9g-P5,,,,X 全窗基线 · 不参与实体赏罚,15058025,1506,A168_HF9F_20260827_0900,2026-08-27 09:00:00
2026-06-10,122817705,-1,1,128.5776737727,-128.5776737727,-128.5776737727,0E-7,1,1,0.50665070000000000,0.506650700000,-1.013391052207602,-1.013391052207602,-1.013391052207602,0E-17,SENTINEL_DEALER,R03b_20260811_FULL_v1,L1_ELIGIBILITY,v2026-08-11,2026-03-21..2026-08-06,baccarat_bet02_101_all_pairs_incl_sentinel,round_win = game_pnl > 0 (decisive only),COMPATIBILITY_ONLY_NOT_PRODUCTION,146521.7074,130543.1969,9908.8042,964,936,-0.06762687,-0.04731611,-0.08301766,-0.06762687,-9908.8042,146521.7074,OK,0.0000,396.3522,4.0000,96.0000,AG03-UNRESOLVED,ALL5_LEVELS_bet23_to_bet27,396.3522,396.3522,495.4402,495.4402,495.4402,4.000000,4.000000,5.000000,5.000000,5.000000,96.000000,96.000000,95.000000,95.000000,95.000000,5.0,2279.0250,2079.2952,7629.7792,7829.509,PENDING_AG03,FALSE,NOT_FOR_ENFORCEMENT,9512.4520,125321.4690,9908.8042,9512.4520,396.3522,0.06762687,0.06492179,396.3522,9512.4520,0.06492179,396.3522,396.3522,495.4402,495.4402,495.4402,9512.4520,0.06492179,2279.0250,2079.2952,7629.7792,7829.509,0.05207269,0.05343583,0.00270507,151.9935,139.4692,10.5863,152.4431,22.3171,2254.1801,14.4000,175.9468,137.7798,29.6291,128.4258,256.8515,258.1778,514.3107,777.7133,102.8621,0.0,4.004732,6.055743,1.183512,29,129,8,3,0.43109585,0.06762687,0.04731611,0E-8,0.000000,0.890948,0.000000,0.03570155,2026-03-24,2026-08-06,65,444,384,136,0.477941,1.277014,1.157594,1.436986,,,,,,,,GLOBAL_BASELINE_NO_ENTITY_RANKING,,,NOT_APPLICABLE_GLOBAL_BASELINE,HF9g-P5,,,,X 全窗基线 · 不参与实体赏罚,15058026,1506,A168_HF9F_20260827_0900,2026-08-27 09:00:00
2026-06-10,122817705,1220,0,77.1466042636,-77.1466042636,-77.1466042636,0E-7,1,1,0.50665070000000000,0.506650700000,-1.013391052207602,-1.013391052207602,-1.013391052207602,0E-17,ELIGIBLE,R03b_20260811_FULL_v1,L1_ELIGIBILITY,v2026-08-11,2026-03-21..2026-08-06,baccarat_bet02_101_all_pairs_incl_sentinel,round_win = game_pnl > 0 (decisive only),COMPATIBILITY_ONLY_NOT_PRODUCTION,146521.7074,130543.1969,9908.8042,964,936,-0.06762687,-0.04731611,-0.08301766,-0.06762687,-9908.8042,146521.7074,OK,0.0000,396.3522,4.0000,96.0000,AG03-UNRESOLVED,ALL5_LEVELS_bet23_to_bet27,396.3522,396.3522,495.4402,495.4402,495.4402,4.000000,4.000000,5.000000,5.000000,5.000000,96.000000,96.000000,95.000000,95.000000,95.000000,5.0,2279.0250,2079.2952,7629.7792,7829.509,PENDING_AG03,FALSE,NOT_FOR_ENFORCEMENT,9512.4520,125321.4690,9908.8042,9512.4520,396.3522,0.06762687,0.06492179,396.3522,9512.4520,0.06492179,396.3522,396.3522,495.4402,495.4402,495.4402,9512.4520,0.06492179,2279.0250,2079.2952,7629.7792,7829.509,0.05207269,0.05343583,0.00270507,151.9935,139.4692,10.5863,152.4431,22.3171,2254.1801,14.4000,175.9468,137.7798,29.6291,128.4258,256.8515,258.1778,514.3107,777.7133,102.8621,0.0,4.004732,6.055743,1.183512,29,129,8,3,0.43109585,0.06762687,0.04731611,0E-8,0.000000,0.890948,0.000000,0.03570155,2026-03-24,2026-08-06,65,444,384,136,0.477941,1.277014,1.157594,1.436986,,,,,,,,GLOBAL_BASELINE_NO_ENTITY_RANKING,,,NOT_APPLICABLE_GLOBAL_BASELINE,HF9g-P5,,,,X 全窗基线 · 不参与实体赏罚,15058027,1506,A168_HF9F_20260827_0900,2026-08-27 09:00:00
2026-06-10,122817705,2261,0,138.8638876745,-138.8638876745,-138.8638876745,0E-7,1,1,0.49324550000000000,0.493245500000,-0.9865810262130424,-0.9865810262130424,-0.9865810262130424,0E-17,ELIGIBLE,R03b_20260811_FULL_v1,L1_ELIGIBILITY,v2026-08-11,2026-03-21..2026-08-06,baccarat_bet02_101_all_pairs_incl_sentinel,round_win = game_pnl > 0 (decisive only),COMPATIBILITY_ONLY_NOT_PRODUCTION,146521.7074,130543.1969,9908.8042,964,936,-0.06762687,-0.04731611,-0.08301766,-0.06762687,-9908.8042,146521.7074,OK,0.0000,396.3522,4.0000,96.0000,AG03-UNRESOLVED,ALL5_LEVELS_bet23_to_bet27,396.3522,396.3522,495.4402,495.4402,495.4402,4.000000,4.000000,5.000000,5.000000,5.000000,96.000000,96.000000,95.000000,95.000000,95.000000,5.0,2279.0250,2079.2952,7629.7792,7829.509,PENDING_AG03,FALSE,NOT_FOR_ENFORCEMENT,9512.4520,125321.4690,9908.8042,9512.4520,396.3522,0.06762687,0.06492179,396.3522,9512.4520,0.06492179,396.3522,396.3522,495.4402,495.4402,495.4402,9512.4520,0.06492179,2279.0250,2079.2952,7629.7792,7829.509,0.05207269,0.05343583,0.00270507,151.9935,139.4692,10.5863,152.4431,22.3171,2254.1801,14.4000,175.9468,137.7798,29.6291,128.4258,256.8515,258.1778,514.3107,777.7133,102.8621,0.0,4.004732,6.055743,1.183512,29,129,8,3,0.43109585,0.06762687,0.04731611,0E-8,0.000000,0.890948,0.000000,0.03570155,2026-03-24,2026-08-06,65,444,384,136,0.477941,1.277014,1.157594,1.436986,,,,,,,,GLOBAL_BASELINE_NO_ENTITY_RANKING,,,NOT_APPLICABLE_GLOBAL_BASELINE,HF9g-P5,,,,X 全窗基线 · 不参与实体赏罚,15058028,1506,A168_HF9F_20260827_0900,2026-08-27 09:00:00
2026-06-10,122817705,583,0,128.5776737727,-128.5776737727,-128.5776737727,0E-7,1,1,0.50665070000000000,0.506650700000,-1.013391052207602,-1.013391052207602,-1.013391052207602,0E-17,ELIGIBLE,R03b_20260811_FULL_v1,L1_ELIGIBILITY,v2026-08-11,2026-03-21..2026-08-06,baccarat_bet02_101_all_pairs_incl_sentinel,round_win = game_pnl > 0 (decisive only),COMPATIBILITY_ONLY_NOT_PRODUCTION,146521.7074,130543.1969,9908.8042,964,936,-0.06762687,-0.04731611,-0.08301766,-0.06762687,-9908.8042,146521.7074,OK,0.0000,396.3522,4.0000,96.0000,AG03-UNRESOLVED,ALL5_LEVELS_bet23_to_bet27,396.3522,396.3522,495.4402,495.4402,495.4402,4.000000,4.000000,5.000000,5.000000,5.000000,96.000000,96.000000,95.000000,95.000000,95.000000,5.0,2279.0250,2079.2952,7629.7792,7829.509,PENDING_AG03,FALSE,NOT_FOR_ENFORCEMENT,9512.4520,125321.4690,9908.8042,9512.4520,396.3522,0.06762687,0.06492179,396.3522,9512.4520,0.06492179,396.3522,396.3522,495.4402,495.4402,495.4402,9512.4520,0.06492179,2279.0250,2079.2952,7629.7792,7829.509,0.05207269,0.05343583,0.00270507,151.9935,139.4692,10.5863,152.4431,22.3171,2254.1801,14.4000,175.9468,137.7798,29.6291,128.4258,256.8515,258.1778,514.3107,777.7133,102.8621,0.0,4.004732,6.055743,1.183512,29,129,8,3,0.43109585,0.06762687,0.04731611,0E-8,0.000000,0.890948,0.000000,0.03570155,2026-03-24,2026-08-06,65,444,384,136,0.477941,1.277014,1.157594,1.436986,,,,,,,,GLOBAL_BASELINE_NO_ENTITY_RANKING,,,NOT_APPLICABLE_GLOBAL_BASELINE,HF9g-P5,,,,X 全窗基线 · 不参与实体赏罚,15058029,1506,A168_HF9F_20260827_0900,2026-08-27 09:00:00
2026-06-11,122817705,1400,0,218.5820454137,218.5820454137,218.5820454137,1.0000000,2,2,0.49324550000000000,0.493245500000,1.4334489766152358,1.4334489766152358,1.4334489766152358,0E-17,ELIGIBLE,R03b_20260811_FULL_v1,L1_ELIGIBILITY,v2026-08-11,2026-03-21..2026-08-06,baccarat_bet02_101_all_pairs_incl_sentinel,round_win = game_pnl > 0 (decisive only),COMPATIBILITY_ONLY_NOT_PRODUCTION,146521.7074,130543.1969,9908.8042,964,936,-0.06762687,-0.04731611,-0.08301766,-0.06762687,-9908.8042,146521.7074,OK,0.0000,396.3522,4.0000,96.0000,AG03-UNRESOLVED,ALL5_LEVELS_bet23_to_bet27,396.3522,396.3522,495.4402,495.4402,495.4402,4.000000,4.000000,5.000000,5.000000,5.000000,96.000000,96.000000,95.000000,95.000000,95.000000,5.0,2279.0250,2079.2952,7629.7792,7829.509,PENDING_AG03,FALSE,NOT_FOR_ENFORCEMENT,9512.4520,125321.4690,9908.8042,9512.4520,396.3522,0.06762687,0.06492179,396.3522,9512.4520,0.06492179,396.3522,396.3522,495.4402,495.4402,495.4402,9512.4520,0.06492179,2279.0250,2079.2952,7629.7792,7829.509,0.05207269,0.05343583,0.00270507,151.9935,139.4692,10.5863,152.4431,22.3171,2254.1801,14.4000,175.9468,137.7798,29.6291,128.4258,256.8515,258.1778,514.3107,777.7133,102.8621,0.0,4.004732,6.055743,1.183512,29,129,8,3,0.43109585,0.06762687,0.04731611,0E-8,0.000000,0.890948,0.000000,0.03570155,2026-03-24,2026-08-06,65,444,384,136,0.477941,1.277014,1.157594,1.436986,,,,,,,,GLOBAL_BASELINE_NO_ENTITY_RANKING,,,NOT_APPLICABLE_GLOBAL_BASELINE,HF9g-P5,,,,X 全窗基线 · 不参与实体赏罚,15058030,1506,A168_HF9F_20260827_0900,2026-08-27 09:00:00
2026-06-11,122817705,2154,0,257.1553475454,93.8617018541,93.8617018541,0.5000000,2,2,0.50665070000000000,0.506650700000,-0.018812684590367487,-0.018812684590367487,-0.018812684590367487,0E-17,ELIGIBLE,R03b_20260811_FULL_v1,L1_ELIGIBILITY,v2026-08-11,2026-03-21..2026-08-06,baccarat_bet02_101_all_pairs_incl_sentinel,round_win = game_pnl > 0 (decisive only),COMPATIBILITY_ONLY_NOT_PRODUCTION,146521.7074,130543.1969,9908.8042,964,936,-0.06762687,-0.04731611,-0.08301766,-0.06762687,-9908.8042,146521.7074,OK,0.0000,396.3522,4.0000,96.0000,AG03-UNRESOLVED,ALL5_LEVELS_bet23_to_bet27,396.3522,396.3522,495.4402,495.4402,495.4402,4.000000,4.000000,5.000000,5.000000,5.000000,96.000000,96.000000,95.000000,95.000000,95.000000,5.0,2279.0250,2079.2952,7629.7792,7829.509,PENDING_AG03,FALSE,NOT_FOR_ENFORCEMENT,9512.4520,125321.4690,9908.8042,9512.4520,396.3522,0.06762687,0.06492179,396.3522,9512.4520,0.06492179,396.3522,396.3522,495.4402,495.4402,495.4402,9512.4520,0.06492179,2279.0250,2079.2952,7629.7792,7829.509,0.05207269,0.05343583,0.00270507,151.9935,139.4692,10.5863,152.4431,22.3171,2254.1801,14.4000,175.9468,137.7798,29.6291,128.4258,256.8515,258.1778,514.3107,777.7133,102.8621,0.0,4.004732,6.055743,1.183512,29,129,8,3,0.43109585,0.06762687,0.04731611,0E-8,0.000000,0.890948,0.000000,0.03570155,2026-03-24,2026-08-06,65,444,384,136,0.477941,1.277014,1.157594,1.436986,,,,,,,,GLOBAL_BASELINE_NO_ENTITY_RANKING,,,NOT_APPLICABLE_GLOBAL_BASELINE,HF9g-P5,,,,X 全窗基线 · 不参与实体赏罚,15058031,1506,A168_HF9F_20260827_0900,2026-08-27 09:00:00
2026-06-11,122817705,2160,0,128.5776737727,128.5776737727,128.5776737727,1.0000000,1,1,0.49324550000000000,0.493245500000,1.01360149184955,1.01360149184955,1.01360149184955,0E-17,ELIGIBLE,R03b_20260811_FULL_v1,L1_ELIGIBILITY,v2026-08-11,2026-03-21..2026-08-06,baccarat_bet02_101_all_pairs_incl_sentinel,round_win = game_pnl > 0 (decisive only),COMPATIBILITY_ONLY_NOT_PRODUCTION,146521.7074,130543.1969,9908.8042,964,936,-0.06762687,-0.04731611,-0.08301766,-0.06762687,-9908.8042,146521.7074,OK,0.0000,396.3522,4.0000,96.0000,AG03-UNRESOLVED,ALL5_LEVELS_bet23_to_bet27,396.3522,396.3522,495.4402,495.4402,495.4402,4.000000,4.000000,5.000000,5.000000,5.000000,96.000000,96.000000,95.000000,95.000000,95.000000,5.0,2279.0250,2079.2952,7629.7792,7829.509,PENDING_AG03,FALSE,NOT_FOR_ENFORCEMENT,9512.4520,125321.4690,9908.8042,9512.4520,396.3522,0.06762687,0.06492179,396.3522,9512.4520,0.06492179,396.3522,396.3522,495.4402,495.4402,495.4402,9512.4520,0.06492179,2279.0250,2079.2952,7629.7792,7829.509,0.05207269,0.05343583,0.00270507,151.9935,139.4692,10.5863,152.4431,22.3171,2254.1801,14.4000,175.9468,137.7798,29.6291,128.4258,256.8515,258.1778,514.3107,777.7133,102.8621,0.0,4.004732,6.055743,1.183512,29,129,8,3,0.43109585,0.06762687,0.04731611,0E-8,0.000000,0.890948,0.000000,0.03570155,2026-03-24,2026-08-06,65,444,384,136,0.477941,1.277014,1.157594,1.436986,,,,,,,,GLOBAL_BASELINE_NO_ENTITY_RANKING,,,NOT_APPLICABLE_GLOBAL_BASELINE,HF9g-P5,,,,X 全窗基线 · 不参与实体赏罚,15058032,1506,A168_HF9F_20260827_0900,2026-08-27 09:00:00
2026-06-11,122817705,2222,0,64.2888368864,10.9291022706,10.9291022706,0.3333333,3,3,0.50665070000000000,0.506650700000,-0.6004420894325239,-0.6004420894325239,-0.6004420894325239,0E-17,ELIGIBLE,R03b_20260811_FULL_v1,L1_ELIGIBILITY,v2026-08-11,2026-03-21..2026-08-06,baccarat_bet02_101_all_pairs_incl_sentinel,round_win = game_pnl > 0 (decisive only),COMPATIBILITY_ONLY_NOT_PRODUCTION,146521.7074,130543.1969,9908.8042,964,936,-0.06762687,-0.04731611,-0.08301766,-0.06762687,-9908.8042,146521.7074,OK,0.0000,396.3522,4.0000,96.0000,AG03-UNRESOLVED,ALL5_LEVELS_bet23_to_bet27,396.3522,396.3522,495.4402,495.4402,495.4402,4.000000,4.000000,5.000000,5.000000,5.000000,96.000000,96.000000,95.000000,95.000000,95.000000,5.0,2279.0250,2079.2952,7629.7792,7829.509,PENDING_AG03,FALSE,NOT_FOR_ENFORCEMENT,9512.4520,125321.4690,9908.8042,9512.4520,396.3522,0.06762687,0.06492179,396.3522,9512.4520,0.06492179,396.3522,396.3522,495.4402,495.4402,495.4402,9512.4520,0.06492179,2279.0250,2079.2952,7629.7792,7829.509,0.05207269,0.05343583,0.00270507,151.9935,139.4692,10.5863,152.4431,22.3171,2254.1801,14.4000,175.9468,137.7798,29.6291,128.4258,256.8515,258.1778,514.3107,777.7133,102.8621,0.0,4.004732,6.055743,1.183512,29,129,8,3,0.43109585,0.06762687,0.04731611,0E-8,0.000000,0.890948,0.000000,0.03570155,2026-03-24,2026-08-06,65,444,384,136,0.477941,1.277014,1.157594,1.436986,,,,,,,,GLOBAL_BASELINE_NO_ENTITY_RANKING,,,NOT_APPLICABLE_GLOBAL_BASELINE,HF9g-P5,,,,X 全窗基线 · 不参与实体赏罚,15058033,1506,A168_HF9F_20260827_0900,2026-08-27 09:00:00
2026-06-11,122817705,2239,0,182.5802967573,-59.1457299355,-59.1457299355,0.5000000,2,2,0.49324550000000000,0.493245500000,0.01910635448239258,0.01910635448239258,0.01910635448239258,0E-17,ELIGIBLE,R03b_20260811_FULL_v1,L1_ELIGIBILITY,v2026-08-11,2026-03-21..2026-08-06,baccarat_bet02_101_all_pairs_incl_sentinel,round_win = game_pnl > 0 (decisive only),COMPATIBILITY_ONLY_NOT_PRODUCTION,146521.7074,130543.1969,9908.8042,964,936,-0.06762687,-0.04731611,-0.08301766,-0.06762687,-9908.8042,146521.7074,OK,0.0000,396.3522,4.0000,96.0000,AG03-UNRESOLVED,ALL5_LEVELS_bet23_to_bet27,396.3522,396.3522,495.4402,495.4402,495.4402,4.000000,4.000000,5.000000,5.000000,5.000000,96.000000,96.000000,95.000000,95.000000,95.000000,5.0,2279.0250,2079.2952,7629.7792,7829.509,PENDING_AG03,FALSE,NOT_FOR_ENFORCEMENT,9512.4520,125321.4690,9908.8042,9512.4520,396.3522,0.06762687,0.06492179,396.3522,9512.4520,0.06492179,396.3522,396.3522,495.4402,495.4402,495.4402,9512.4520,0.06492179,2279.0250,2079.2952,7629.7792,7829.509,0.05207269,0.05343583,0.00270507,151.9935,139.4692,10.5863,152.4431,22.3171,2254.1801,14.4000,175.9468,137.7798,29.6291,128.4258,256.8515,258.1778,514.3107,777.7133,102.8621,0.0,4.004732,6.055743,1.183512,29,129,8,3,0.43109585,0.06762687,0.04731611,0E-8,0.000000,0.890948,0.000000,0.03570155,2026-03-24,2026-08-06,65,444,384,136,0.477941,1.277014,1.157594,1.436986,,,,,,,,GLOBAL_BASELINE_NO_ENTITY_RANKING,,,NOT_APPLICABLE_GLOBAL_BASELINE,HF9g-P5,,,,X 全窗基线 · 不参与实体赏罚,15058034,1506,A168_HF9F_20260827_0900,2026-08-27 09:00:00
2026-06-11,122817705,2250,0,565.7417646000,410.8056677039,410.8056677039,0.7142857,7,7,0.49516052857142857,0.495160528571,1.1595558107697723,1.1595558107720498,1.1595558107697723,4.2857E-13,ELIGIBLE,R03b_20260811_FULL_v1,L1_ELIGIBILITY,v2026-08-11,2026-03-21..2026-08-06,baccarat_bet02_101_all_pairs_incl_sentinel,round_win = game_pnl > 0 (decisive only),COMPATIBILITY_ONLY_NOT_PRODUCTION,146521.7074,130543.1969,9908.8042,964,936,-0.06762687,-0.04731611,-0.08301766,-0.06762687,-9908.8042,146521.7074,OK,0.0000,396.3522,4.0000,96.0000,AG03-UNRESOLVED,ALL5_LEVELS_bet23_to_bet27,396.3522,396.3522,495.4402,495.4402,495.4402,4.000000,4.000000,5.000000,5.000000,5.000000,96.000000,96.000000,95.000000,95.000000,95.000000,5.0,2279.0250,2079.2952,7629.7792,7829.509,PENDING_AG03,FALSE,NOT_FOR_ENFORCEMENT,9512.4520,125321.4690,9908.8042,9512.4520,396.3522,0.06762687,0.06492179,396.3522,9512.4520,0.06492179,396.3522,396.3522,495.4402,495.4402,495.4402,9512.4520,0.06492179,2279.0250,2079.2952,7629.7792,7829.509,0.05207269,0.05343583,0.00270507,151.9935,139.4692,10.5863,152.4431,22.3171,2254.1801,14.4000,175.9468,137.7798,29.6291,128.4258,256.8515,258.1778,514.3107,777.7133,102.8621,0.0,4.004732,6.055743,1.183512,29,129,8,3,0.43109585,0.06762687,0.04731611,0E-8,0.000000,0.890948,0.000000,0.03570155,2026-03-24,2026-08-06,65,444,384,136,0.477941,1.277014,1.157594,1.436986,,,,,,,,GLOBAL_BASELINE_NO_ENTITY_RANKING,,,NOT_APPLICABLE_GLOBAL_BASELINE,HF9g-P5,,,,X 全窗基线 · 不参与实体赏罚,15058035,1506,A168_HF9F_20260827_0900,2026-08-27 09:00:00
2026-06-12,122817705,-1,1,2882.7114459844,-47.5737392959,-47.5737392959,0.3750000,10,9,0.49529351666666658,0.495479700000,-0.6805130396788222,-0.6815639564371495,-0.6805130396788222,-0.00018618333333342,SENTINEL_DEALER,R03b_20260811_FULL_v1,L1_ELIGIBILITY,v2026-08-11,2026-03-21..2026-08-06,baccarat_bet02_101_all_pairs_incl_sentinel,round_win = game_pnl > 0 (decisive only),COMPATIBILITY_ONLY_NOT_PRODUCTION,146521.7074,130543.1969,9908.8042,964,936,-0.06762687,-0.04731611,-0.08301766,-0.06762687,-9908.8042,146521.7074,OK,0.0000,396.3522,4.0000,96.0000,AG03-UNRESOLVED,ALL5_LEVELS_bet23_to_bet27,396.3522,396.3522,495.4402,495.4402,495.4402,4.000000,4.000000,5.000000,5.000000,5.000000,96.000000,96.000000,95.000000,95.000000,95.000000,5.0,2279.0250,2079.2952,7629.7792,7829.509,PENDING_AG03,FALSE,NOT_FOR_ENFORCEMENT,9512.4520,125321.4690,9908.8042,9512.4520,396.3522,0.06762687,0.06492179,396.3522,9512.4520,0.06492179,396.3522,396.3522,495.4402,495.4402,495.4402,9512.4520,0.06492179,2279.0250,2079.2952,7629.7792,7829.509,0.05207269,0.05343583,0.00270507,151.9935,139.4692,10.5863,152.4431,22.3171,2254.1801,14.4000,175.9468,137.7798,29.6291,128.4258,256.8515,258.1778,514.3107,777.7133,102.8621,0.0,4.004732,6.055743,1.183512,29,129,8,3,0.43109585,0.06762687,0.04731611,0E-8,0.000000,0.890948,0.000000,0.03570155,2026-03-24,2026-08-06,65,444,384,136,0.477941,1.277014,1.157594,1.436986,,,,,,,,GLOBAL_BASELINE_NO_ENTITY_RANKING,,,NOT_APPLICABLE_GLOBAL_BASELINE,HF9g-P5,,,,X 全窗基线 · 不参与实体赏罚,15058036,1506,A168_HF9F_20260827_0900,2026-08-27 09:00:00
2026-06-12,122817705,1078,0,205.7242780363,70.7177205750,70.7177205750,0.5000000,3,3,0.49771390000000000,0.497713900000,0.006466134837551399,0.0064661348375514,0.006466134837551399,0E-17,ELIGIBLE,R03b_20260811_FULL_v1,L1_ELIGIBILITY,v2026-08-11,2026-03-21..2026-08-06,baccarat_bet02_101_all_pairs_incl_sentinel,round_win = game_pnl > 0 (decisive only),COMPATIBILITY_ONLY_NOT_PRODUCTION,146521.7074,130543.1969,9908.8042,964,936,-0.06762687,-0.04731611,-0.08301766,-0.06762687,-9908.8042,146521.7074,OK,0.0000,396.3522,4.0000,96.0000,AG03-UNRESOLVED,ALL5_LEVELS_bet23_to_bet27,396.3522,396.3522,495.4402,495.4402,495.4402,4.000000,4.000000,5.000000,5.000000,5.000000,96.000000,96.000000,95.000000,95.000000,95.000000,5.0,2279.0250,2079.2952,7629.7792,7829.509,PENDING_AG03,FALSE,NOT_FOR_ENFORCEMENT,9512.4520,125321.4690,9908.8042,9512.4520,396.3522,0.06762687,0.06492179,396.3522,9512.4520,0.06492179,396.3522,396.3522,495.4402,495.4402,495.4402,9512.4520,0.06492179,2279.0250,2079.2952,7629.7792,7829.509,0.05207269,0.05343583,0.00270507,151.9935,139.4692,10.5863,152.4431,22.3171,2254.1801,14.4000,175.9468,137.7798,29.6291,128.4258,256.8515,258.1778,514.3107,777.7133,102.8621,0.0,4.004732,6.055743,1.183512,29,129,8,3,0.43109585,0.06762687,0.04731611,0E-8,0.000000,0.890948,0.000000,0.03570155,2026-03-24,2026-08-06,65,444,384,136,0.477941,1.277014,1.157594,1.436986,,,,,,,,GLOBAL_BASELINE_NO_ENTITY_RANKING,,,NOT_APPLICABLE_GLOBAL_BASELINE,HF9g-P5,,,,X 全窗基线 · 不参与实体赏罚,15058037,1506,A168_HF9F_20260827_0900,2026-08-27 09:00:00
2026-06-12,122817705,1205,0,385.7330213182,128.5776737728,128.5776737728,0.5000000,2,2,0.49324550000000000,0.493245500000,0.01910635448239258,0.01910635448239258,0.01910635448239258,0E-17,ELIGIBLE,R03b_20260811_FULL_v1,L1_ELIGIBILITY,v2026-08-11,2026-03-21..2026-08-06,baccarat_bet02_101_all_pairs_incl_sentinel,round_win = game_pnl > 0 (decisive only),COMPATIBILITY_ONLY_NOT_PRODUCTION,146521.7074,130543.1969,9908.8042,964,936,-0.06762687,-0.04731611,-0.08301766,-0.06762687,-9908.8042,146521.7074,OK,0.0000,396.3522,4.0000,96.0000,AG03-UNRESOLVED,ALL5_LEVELS_bet23_to_bet27,396.3522,396.3522,495.4402,495.4402,495.4402,4.000000,4.000000,5.000000,5.000000,5.000000,96.000000,96.000000,95.000000,95.000000,95.000000,5.0,2279.0250,2079.2952,7629.7792,7829.509,PENDING_AG03,FALSE,NOT_FOR_ENFORCEMENT,9512.4520,125321.4690,9908.8042,9512.4520,396.3522,0.06762687,0.06492179,396.3522,9512.4520,0.06492179,396.3522,396.3522,495.4402,495.4402,495.4402,9512.4520,0.06492179,2279.0250,2079.2952,7629.7792,7829.509,0.05207269,0.05343583,0.00270507,151.9935,139.4692,10.5863,152.4431,22.3171,2254.1801,14.4000,175.9468,137.7798,29.6291,128.4258,256.8515,258.1778,514.3107,777.7133,102.8621,0.0,4.004732,6.055743,1.183512,29,129,8,3,0.43109585,0.06762687,0.04731611,0E-8,0.000000,0.890948,0.000000,0.03570155,2026-03-24,2026-08-06,65,444,384,136,0.477941,1.277014,1.157594,1.436986,,,,,,,,GLOBAL_BASELINE_NO_ENTITY_RANKING,,,NOT_APPLICABLE_GLOBAL_BASELINE,HF9g-P5,,,,X 全窗基线 · 不参与实体赏罚,15058038,1506,A168_HF9F_20260827_0900,2026-08-27 09:00:00
2026-06-12,122817705,1385,0,2262.9670584001,-588.8857458792,-588.8857458792,0.5000000,6,6,0.50218230000000000,0.502182300000,-0.008729283145653279,-0.008729283145653279,-0.008729283145653279,0E-17,ELIGIBLE,R03b_20260811_FULL_v1,L1_ELIGIBILITY,v2026-08-11,2026-03-21..2026-08-06,baccarat_bet02_101_all_pairs_incl_sentinel,round_win = game_pnl > 0 (decisive only),COMPATIBILITY_ONLY_NOT_PRODUCTION,146521.7074,130543.1969,9908.8042,964,936,-0.06762687,-0.04731611,-0.08301766,-0.06762687,-9908.8042,146521.7074,OK,0.0000,396.3522,4.0000,96.0000,AG03-UNRESOLVED,ALL5_LEVELS_bet23_to_bet27,396.3522,396.3522,495.4402,495.4402,495.4402,4.000000,4.000000,5.000000,5.000000,5.000000,96.000000,96.000000,95.000000,95.000000,95.000000,5.0,2279.0250,2079.2952,7629.7792,7829.509,PENDING_AG03,FALSE,NOT_FOR_ENFORCEMENT,9512.4520,125321.4690,9908.8042,9512.4520,396.3522,0.06762687,0.06492179,396.3522,9512.4520,0.06492179,396.3522,396.3522,495.4402,495.4402,495.4402,9512.4520,0.06492179,2279.0250,2079.2952,7629.7792,7829.509,0.05207269,0.05343583,0.00270507,151.9935,139.4692,10.5863,152.4431,22.3171,2254.1801,14.4000,175.9468,137.7798,29.6291,128.4258,256.8515,258.1778,514.3107,777.7133,102.8621,0.0,4.004732,6.055743,1.183512,29,129,8,3,0.43109585,0.06762687,0.04731611,0E-8,0.000000,0.890948,0.000000,0.03570155,2026-03-24,2026-08-06,65,444,384,136,0.477941,1.277014,1.157594,1.436986,,,,,,,,GLOBAL_BASELINE_NO_ENTITY_RANKING,,,NOT_APPLICABLE_GLOBAL_BASELINE,HF9g-P5,,,,X 全窗基线 · 不参与实体赏罚,15058039,1506,A168_HF9F_20260827_0900,2026-08-27 09:00:00
2026-06-12,122817705,1400,0,257.1553475455,244.2975801682,244.2975801682,1.0000000,1,1,0.50665070000000000,0.506650700000,0.9867858985152569,0.9867858985152569,0.9867858985152569,0E-17,ELIGIBLE,R03b_20260811_FULL_v1,L1_ELIGIBILITY,v2026-08-11,2026-03-21..2026-08-06,baccarat_bet02_101_all_pairs_incl_sentinel,round_win = game_pnl > 0 (decisive only),COMPATIBILITY_ONLY_NOT_PRODUCTION,146521.7074,130543.1969,9908.8042,964,936,-0.06762687,-0.04731611,-0.08301766,-0.06762687,-9908.8042,146521.7074,OK,0.0000,396.3522,4.0000,96.0000,AG03-UNRESOLVED,ALL5_LEVELS_bet23_to_bet27,396.3522,396.3522,495.4402,495.4402,495.4402,4.000000,4.000000,5.000000,5.000000,5.000000,96.000000,96.000000,95.000000,95.000000,95.000000,5.0,2279.0250,2079.2952,7629.7792,7829.509,PENDING_AG03,FALSE,NOT_FOR_ENFORCEMENT,9512.4520,125321.4690,9908.8042,9512.4520,396.3522,0.06762687,0.06492179,396.3522,9512.4520,0.06492179,396.3522,396.3522,495.4402,495.4402,495.4402,9512.4520,0.06492179,2279.0250,2079.2952,7629.7792,7829.509,0.05207269,0.05343583,0.00270507,151.9935,139.4692,10.5863,152.4431,22.3171,2254.1801,14.4000,175.9468,137.7798,29.6291,128.4258,256.8515,258.1778,514.3107,777.7133,102.8621,0.0,4.004732,6.055743,1.183512,29,129,8,3,0.43109585,0.06762687,0.04731611,0E-8,0.000000,0.890948,0.000000,0.03570155,2026-03-24,2026-08-06,65,444,384,136,0.477941,1.277014,1.157594,1.436986,,,,,,,,GLOBAL_BASELINE_NO_ENTITY_RANKING,,,NOT_APPLICABLE_GLOBAL_BASELINE,HF9g-P5,,,,X 全窗基线 · 不参与实体赏罚,15058040,1506,A168_HF9F_20260827_0900,2026-08-27 09:00:00
2026-06-12,122817705,2101,0,385.7330213182,-128.5776737728,-128.5776737728,0E-7,2,1,0.50218230000000116,0.499948100000,-1.0043741665754955,-0.9998962053866608,-1.0043741665754955,0.00223420000000116,ELIGIBLE,R03b_20260811_FULL_v1,L1_ELIGIBILITY,v2026-08-11,2026-03-21..2026-08-06,baccarat_bet02_101_all_pairs_incl_sentinel,round_win = game_pnl > 0 (decisive only),COMPATIBILITY_ONLY_NOT_PRODUCTION,146521.7074,130543.1969,9908.8042,964,936,-0.06762687,-0.04731611,-0.08301766,-0.06762687,-9908.8042,146521.7074,OK,0.0000,396.3522,4.0000,96.0000,AG03-UNRESOLVED,ALL5_LEVELS_bet23_to_bet27,396.3522,396.3522,495.4402,495.4402,495.4402,4.000000,4.000000,5.000000,5.000000,5.000000,96.000000,96.000000,95.000000,95.000000,95.000000,5.0,2279.0250,2079.2952,7629.7792,7829.509,PENDING_AG03,FALSE,NOT_FOR_ENFORCEMENT,9512.4520,125321.4690,9908.8042,9512.4520,396.3522,0.06762687,0.06492179,396.3522,9512.4520,0.06492179,396.3522,396.3522,495.4402,495.4402,495.4402,9512.4520,0.06492179,2279.0250,2079.2952,7629.7792,7829.509,0.05207269,0.05343583,0.00270507,151.9935,139.4692,10.5863,152.4431,22.3171,2254.1801,14.4000,175.9468,137.7798,29.6291,128.4258,256.8515,258.1778,514.3107,777.7133,102.8621,0.0,4.004732,6.055743,1.183512,29,129,8,3,0.43109585,0.06762687,0.04731611,0E-8,0.000000,0.890948,0.000000,0.03570155,2026-03-24,2026-08-06,65,444,384,136,0.477941,1.277014,1.157594,1.436986,,,,,,,,GLOBAL_BASELINE_NO_ENTITY_RANKING,,,NOT_APPLICABLE_GLOBAL_BASELINE,HF9g-P5,,,,X 全窗基线 · 不参与实体赏罚,15058041,1506,A168_HF9F_20260827_0900,2026-08-27 09:00:00
2026-06-12,122817705,2123,0,15.4293208527,15.4293208527,15.4293208527,1.0000000,1,1,0.49324550000000000,0.493245500000,1.01360149184955,1.01360149184955,1.01360149184955,0E-17,ELIGIBLE,R03b_20260811_FULL_v1,L1_ELIGIBILITY,v2026-08-11,2026-03-21..2026-08-06,baccarat_bet02_101_all_pairs_incl_sentinel,round_win = game_pnl > 0 (decisive only),COMPATIBILITY_ONLY_NOT_PRODUCTION,146521.7074,130543.1969,9908.8042,964,936,-0.06762687,-0.04731611,-0.08301766,-0.06762687,-9908.8042,146521.7074,OK,0.0000,396.3522,4.0000,96.0000,AG03-UNRESOLVED,ALL5_LEVELS_bet23_to_bet27,396.3522,396.3522,495.4402,495.4402,495.4402,4.000000,4.000000,5.000000,5.000000,5.000000,96.000000,96.000000,95.000000,95.000000,95.000000,5.0,2279.0250,2079.2952,7629.7792,7829.509,PENDING_AG03,FALSE,NOT_FOR_ENFORCEMENT,9512.4520,125321.4690,9908.8042,9512.4520,396.3522,0.06762687,0.06492179,396.3522,9512.4520,0.06492179,396.3522,396.3522,495.4402,495.4402,495.4402,9512.4520,0.06492179,2279.0250,2079.2952,7629.7792,7829.509,0.05207269,0.05343583,0.00270507,151.9935,139.4692,10.5863,152.4431,22.3171,2254.1801,14.4000,175.9468,137.7798,29.6291,128.4258,256.8515,258.1778,514.3107,777.7133,102.8621,0.0,4.004732,6.055743,1.183512,29,129,8,3,0.43109585,0.06762687,0.04731611,0E-8,0.000000,0.890948,0.000000,0.03570155,2026-03-24,2026-08-06,65,444,384,136,0.477941,1.277014,1.157594,1.436986,,,,,,,,GLOBAL_BASELINE_NO_ENTITY_RANKING,,,NOT_APPLICABLE_GLOBAL_BASELINE,HF9g-P5,,,,X 全窗基线 · 不参与实体赏罚,15058042,1506,A168_HF9F_20260827_0900,2026-08-27 09:00:00
2026-06-12,122817705,2129,0,102.8621390182,102.8621390182,102.8621390182,1.0000000,1,1,0.49324550000000000,0.493245500000,1.01360149184955,1.01360149184955,1.01360149184955,0E-17,ELIGIBLE,R03b_20260811_FULL_v1,L1_ELIGIBILITY,v2026-08-11,2026-03-21..2026-08-06,baccarat_bet02_101_all_pairs_incl_sentinel,round_win = game_pnl > 0 (decisive only),COMPATIBILITY_ONLY_NOT_PRODUCTION,146521.7074,130543.1969,9908.8042,964,936,-0.06762687,-0.04731611,-0.08301766,-0.06762687,-9908.8042,146521.7074,OK,0.0000,396.3522,4.0000,96.0000,AG03-UNRESOLVED,ALL5_LEVELS_bet23_to_bet27,396.3522,396.3522,495.4402,495.4402,495.4402,4.000000,4.000000,5.000000,5.000000,5.000000,96.000000,96.000000,95.000000,95.000000,95.000000,5.0,2279.0250,2079.2952,7629.7792,7829.509,PENDING_AG03,FALSE,NOT_FOR_ENFORCEMENT,9512.4520,125321.4690,9908.8042,9512.4520,396.3522,0.06762687,0.06492179,396.3522,9512.4520,0.06492179,396.3522,396.3522,495.4402,495.4402,495.4402,9512.4520,0.06492179,2279.0250,2079.2952,7629.7792,7829.509,0.05207269,0.05343583,0.00270507,151.9935,139.4692,10.5863,152.4431,22.3171,2254.1801,14.4000,175.9468,137.7798,29.6291,128.4258,256.8515,258.1778,514.3107,777.7133,102.8621,0.0,4.004732,6.055743,1.183512,29,129,8,3,0.43109585,0.06762687,0.04731611,0E-8,0.000000,0.890948,0.000000,0.03570155,2026-03-24,2026-08-06,65,444,384,136,0.477941,1.277014,1.157594,1.436986,,,,,,,,GLOBAL_BASELINE_NO_ENTITY_RANKING,,,NOT_APPLICABLE_GLOBAL_BASELINE,HF9g-P5,,,,X 全窗基线 · 不参与实体赏罚,15058043,1506,A168_HF9F_20260827_0900,2026-08-27 09:00:00
2026-06-12,122817705,2145,0,1105.7679944456,777.8949263251,777.8949263251,0.8000000,5,5,0.49592654000000000,0.495926540000,1.359902984124143,1.359902984124143,1.359902984124143,0E-17,ELIGIBLE,R03b_20260811_FULL_v1,L1_ELIGIBILITY,v2026-08-11,2026-03-21..2026-08-06,baccarat_bet02_101_all_pairs_incl_sentinel,round_win = game_pnl > 0 (decisive only),COMPATIBILITY_ONLY_NOT_PRODUCTION,146521.7074,130543.1969,9908.8042,964,936,-0.06762687,-0.04731611,-0.08301766,-0.06762687,-9908.8042,146521.7074,OK,0.0000,396.3522,4.0000,96.0000,AG03-UNRESOLVED,ALL5_LEVELS_bet23_to_bet27,396.3522,396.3522,495.4402,495.4402,495.4402,4.000000,4.000000,5.000000,5.000000,5.000000,96.000000,96.000000,95.000000,95.000000,95.000000,5.0,2279.0250,2079.2952,7629.7792,7829.509,PENDING_AG03,FALSE,NOT_FOR_ENFORCEMENT,9512.4520,125321.4690,9908.8042,9512.4520,396.3522,0.06762687,0.06492179,396.3522,9512.4520,0.06492179,396.3522,396.3522,495.4402,495.4402,495.4402,9512.4520,0.06492179,2279.0250,2079.2952,7629.7792,7829.509,0.05207269,0.05343583,0.00270507,151.9935,139.4692,10.5863,152.4431,22.3171,2254.1801,14.4000,175.9468,137.7798,29.6291,128.4258,256.8515,258.1778,514.3107,777.7133,102.8621,0.0,4.004732,6.055743,1.183512,29,129,8,3,0.43109585,0.06762687,0.04731611,0E-8,0.000000,0.890948,0.000000,0.03570155,2026-03-24,2026-08-06,65,444,384,136,0.477941,1.277014,1.157594,1.436986,,,,,,,,GLOBAL_BASELINE_NO_ENTITY_RANKING,,,NOT_APPLICABLE_GLOBAL_BASELINE,HF9g-P5,,,,X 全窗基线 · 不参与实体赏罚,15058044,1506,A168_HF9F_20260827_0900,2026-08-27 09:00:00
2026-06-12,122817705,2156,0,25.7155347545,-25.7155347545,-25.7155347545,0E-7,1,1,0.49324550000000000,0.493245500000,-0.9865810262130424,-0.9865810262130424,-0.9865810262130424,0E-17,ELIGIBLE,R03b_20260811_FULL_v1,L1_ELIGIBILITY,v2026-08-11,2026-03-21..2026-08-06,baccarat_bet02_101_all_pairs_incl_sentinel,round_win = game_pnl > 0 (decisive only),COMPATIBILITY_ONLY_NOT_PRODUCTION,146521.7074,130543.1969,9908.8042,964,936,-0.06762687,-0.04731611,-0.08301766,-0.06762687,-9908.8042,146521.7074,OK,0.0000,396.3522,4.0000,96.0000,AG03-UNRESOLVED,ALL5_LEVELS_bet23_to_bet27,396.3522,396.3522,495.4402,495.4402,495.4402,4.000000,4.000000,5.000000,5.000000,5.000000,96.000000,96.000000,95.000000,95.000000,95.000000,5.0,2279.0250,2079.2952,7629.7792,7829.509,PENDING_AG03,FALSE,NOT_FOR_ENFORCEMENT,9512.4520,125321.4690,9908.8042,9512.4520,396.3522,0.06762687,0.06492179,396.3522,9512.4520,0.06492179,396.3522,396.3522,495.4402,495.4402,495.4402,9512.4520,0.06492179,2279.0250,2079.2952,7629.7792,7829.509,0.05207269,0.05343583,0.00270507,151.9935,139.4692,10.5863,152.4431,22.3171,2254.1801,14.4000,175.9468,137.7798,29.6291,128.4258,256.8515,258.1778,514.3107,777.7133,102.8621,0.0,4.004732,6.055743,1.183512,29,129,8,3,0.43109585,0.06762687,0.04731611,0E-8,0.000000,0.890948,0.000000,0.03570155,2026-03-24,2026-08-06,65,444,384,136,0.477941,1.277014,1.157594,1.436986,,,,,,,,GLOBAL_BASELINE_NO_ENTITY_RANKING,,,NOT_APPLICABLE_GLOBAL_BASELINE,HF9g-P5,,,,X 全窗基线 · 不参与实体赏罚,15058045,1506,A168_HF9F_20260827_0900,2026-08-27 09:00:00
2026-06-12,122817705,2160,0,77.1466042636,23.1439812791,23.1439812791,0.5000000,2,2,0.50665070000000000,0.506650700000,-0.018812684590367487,-0.018812684590367487,-0.018812684590367487,0E-17,ELIGIBLE,R03b_20260811_FULL_v1,L1_ELIGIBILITY,v2026-08-11,2026-03-21..2026-08-06,baccarat_bet02_101_all_pairs_incl_sentinel,round_win = game_pnl > 0 (decisive only),COMPATIBILITY_ONLY_NOT_PRODUCTION,146521.7074,130543.1969,9908.8042,964,936,-0.06762687,-0.04731611,-0.08301766,-0.06762687,-9908.8042,146521.7074,OK,0.0000,396.3522,4.0000,96.0000,AG03-UNRESOLVED,ALL5_LEVELS_bet23_to_bet27,396.3522,396.3522,495.4402,495.4402,495.4402,4.000000,4.000000,5.000000,5.000000,5.000000,96.000000,96.000000,95.000000,95.000000,95.000000,5.0,2279.0250,2079.2952,7629.7792,7829.509,PENDING_AG03,FALSE,NOT_FOR_ENFORCEMENT,9512.4520,125321.4690,9908.8042,9512.4520,396.3522,0.06762687,0.06492179,396.3522,9512.4520,0.06492179,396.3522,396.3522,495.4402,495.4402,495.4402,9512.4520,0.06492179,2279.0250,2079.2952,7629.7792,7829.509,0.05207269,0.05343583,0.00270507,151.9935,139.4692,10.5863,152.4431,22.3171,2254.1801,14.4000,175.9468,137.7798,29.6291,128.4258,256.8515,258.1778,514.3107,777.7133,102.8621,0.0,4.004732,6.055743,1.183512,29,129,8,3,0.43109585,0.06762687,0.04731611,0E-8,0.000000,0.890948,0.000000,0.03570155,2026-03-24,2026-08-06,65,444,384,136,0.477941,1.277014,1.157594,1.436986,,,,,,,,GLOBAL_BASELINE_NO_ENTITY_RANKING,,,NOT_APPLICABLE_GLOBAL_BASELINE,HF9g-P5,,,,X 全窗基线 · 不参与实体赏罚,15058046,1506,A168_HF9F_20260827_0900,2026-08-27 09:00:00
2026-06-12,122817705,2169,0,180.0087432818,-180.0087432818,-180.0087432818,0E-7,1,1,0.50665070000000000,0.506650700000,-1.013391052207602,-1.013391052207602,-1.013391052207602,0E-17,ELIGIBLE,R03b_20260811_FULL_v1,L1_ELIGIBILITY,v2026-08-11,2026-03-21..2026-08-06,baccarat_bet02_101_all_pairs_incl_sentinel,round_win = game_pnl > 0 (decisive only),COMPATIBILITY_ONLY_NOT_PRODUCTION,146521.7074,130543.1969,9908.8042,964,936,-0.06762687,-0.04731611,-0.08301766,-0.06762687,-9908.8042,146521.7074,OK,0.0000,396.3522,4.0000,96.0000,AG03-UNRESOLVED,ALL5_LEVELS_bet23_to_bet27,396.3522,396.3522,495.4402,495.4402,495.4402,4.000000,4.000000,5.000000,5.000000,5.000000,96.000000,96.000000,95.000000,95.000000,95.000000,5.0,2279.0250,2079.2952,7629.7792,7829.509,PENDING_AG03,FALSE,NOT_FOR_ENFORCEMENT,9512.4520,125321.4690,9908.8042,9512.4520,396.3522,0.06762687,0.06492179,396.3522,9512.4520,0.06492179,396.3522,396.3522,495.4402,495.4402,495.4402,9512.4520,0.06492179,2279.0250,2079.2952,7629.7792,7829.509,0.05207269,0.05343583,0.00270507,151.9935,139.4692,10.5863,152.4431,22.3171,2254.1801,14.4000,175.9468,137.7798,29.6291,128.4258,256.8515,258.1778,514.3107,777.7133,102.8621,0.0,4.004732,6.055743,1.183512,29,129,8,3,0.43109585,0.06762687,0.04731611,0E-8,0.000000,0.890948,0.000000,0.03570155,2026-03-24,2026-08-06,65,444,384,136,0.477941,1.277014,1.157594,1.436986,,,,,,,,GLOBAL_BASELINE_NO_ENTITY_RANKING,,,NOT_APPLICABLE_GLOBAL_BASELINE,HF9g-P5,,,,X 全窗基线 · 不参与实体赏罚,15058047,1506,A168_HF9F_20260827_0900,2026-08-27 09:00:00
2026-06-12,122817705,2223,0,285.4424357755,246.7405559699,246.7405559699,1.0000000,3,3,0.50218230000000000,0.502182300000,1.4080544974538591,1.4080544974538591,1.4080544974538591,0E-17,ELIGIBLE,R03b_20260811_FULL_v1,L1_ELIGIBILITY,v2026-08-11,2026-03-21..2026-08-06,baccarat_bet02_101_all_pairs_incl_sentinel,round_win = game_pnl > 0 (decisive only),COMPATIBILITY_ONLY_NOT_PRODUCTION,146521.7074,130543.1969,9908.8042,964,936,-0.06762687,-0.04731611,-0.08301766,-0.06762687,-9908.8042,146521.7074,OK,0.0000,396.3522,4.0000,96.0000,AG03-UNRESOLVED,ALL5_LEVELS_bet23_to_bet27,396.3522,396.3522,495.4402,495.4402,495.4402,4.000000,4.000000,5.000000,5.000000,5.000000,96.000000,96.000000,95.000000,95.000000,95.000000,5.0,2279.0250,2079.2952,7629.7792,7829.509,PENDING_AG03,FALSE,NOT_FOR_ENFORCEMENT,9512.4520,125321.4690,9908.8042,9512.4520,396.3522,0.06762687,0.06492179,396.3522,9512.4520,0.06492179,396.3522,396.3522,495.4402,495.4402,495.4402,9512.4520,0.06492179,2279.0250,2079.2952,7629.7792,7829.509,0.05207269,0.05343583,0.00270507,151.9935,139.4692,10.5863,152.4431,22.3171,2254.1801,14.4000,175.9468,137.7798,29.6291,128.4258,256.8515,258.1778,514.3107,777.7133,102.8621,0.0,4.004732,6.055743,1.183512,29,129,8,3,0.43109585,0.06762687,0.04731611,0E-8,0.000000,0.890948,0.000000,0.03570155,2026-03-24,2026-08-06,65,444,384,136,0.477941,1.277014,1.157594,1.436986,,,,,,,,GLOBAL_BASELINE_NO_ENTITY_RANKING,,,NOT_APPLICABLE_GLOBAL_BASELINE,HF9g-P5,,,,X 全窗基线 · 不参与实体赏罚,15058048,1506,A168_HF9F_20260827_0900,2026-08-27 09:00:00
2026-06-12,122817705,2235,0,257.1553475455,244.2975801682,244.2975801682,1.0000000,1,1,0.50665070000000000,0.506650700000,0.9867858985152569,0.9867858985152569,0.9867858985152569,0E-17,ELIGIBLE,R03b_20260811_FULL_v1,L1_ELIGIBILITY,v2026-08-11,2026-03-21..2026-08-06,baccarat_bet02_101_all_pairs_incl_sentinel,round_win = game_pnl > 0 (decisive only),COMPATIBILITY_ONLY_NOT_PRODUCTION,146521.7074,130543.1969,9908.8042,964,936,-0.06762687,-0.04731611,-0.08301766,-0.06762687,-9908.8042,146521.7074,OK,0.0000,396.3522,4.0000,96.0000,AG03-UNRESOLVED,ALL5_LEVELS_bet23_to_bet27,396.3522,396.3522,495.4402,495.4402,495.4402,4.000000,4.000000,5.000000,5.000000,5.000000,96.000000,96.000000,95.000000,95.000000,95.000000,5.0,2279.0250,2079.2952,7629.7792,7829.509,PENDING_AG03,FALSE,NOT_FOR_ENFORCEMENT,9512.4520,125321.4690,9908.8042,9512.4520,396.3522,0.06762687,0.06492179,396.3522,9512.4520,0.06492179,396.3522,396.3522,495.4402,495.4402,495.4402,9512.4520,0.06492179,2279.0250,2079.2952,7629.7792,7829.509,0.05207269,0.05343583,0.00270507,151.9935,139.4692,10.5863,152.4431,22.3171,2254.1801,14.4000,175.9468,137.7798,29.6291,128.4258,256.8515,258.1778,514.3107,777.7133,102.8621,0.0,4.004732,6.055743,1.183512,29,129,8,3,0.43109585,0.06762687,0.04731611,0E-8,0.000000,0.890948,0.000000,0.03570155,2026-03-24,2026-08-06,65,444,384,136,0.477941,1.277014,1.157594,1.436986,,,,,,,,GLOBAL_BASELINE_NO_ENTITY_RANKING,,,NOT_APPLICABLE_GLOBAL_BASELINE,HF9g-P5,,,,X 全窗基线 · 不参与实体赏罚,15058049,1506,A168_HF9F_20260827_0900,2026-08-27 09:00:00
2026-06-12,122817705,2250,0,385.7330213182,-109.9339110757,-109.9339110757,0.3333333,3,3,0.50218230000000000,0.502182300000,-0.5849155494134425,-0.5849155494134426,-0.5849155494134425,0E-17,ELIGIBLE,R03b_20260811_FULL_v1,L1_ELIGIBILITY,v2026-08-11,2026-03-21..2026-08-06,baccarat_bet02_101_all_pairs_incl_sentinel,round_win = game_pnl > 0 (decisive only),COMPATIBILITY_ONLY_NOT_PRODUCTION,146521.7074,130543.1969,9908.8042,964,936,-0.06762687,-0.04731611,-0.08301766,-0.06762687,-9908.8042,146521.7074,OK,0.0000,396.3522,4.0000,96.0000,AG03-UNRESOLVED,ALL5_LEVELS_bet23_to_bet27,396.3522,396.3522,495.4402,495.4402,495.4402,4.000000,4.000000,5.000000,5.000000,5.000000,96.000000,96.000000,95.000000,95.000000,95.000000,5.0,2279.0250,2079.2952,7629.7792,7829.509,PENDING_AG03,FALSE,NOT_FOR_ENFORCEMENT,9512.4520,125321.4690,9908.8042,9512.4520,396.3522,0.06762687,0.06492179,396.3522,9512.4520,0.06492179,396.3522,396.3522,495.4402,495.4402,495.4402,9512.4520,0.06492179,2279.0250,2079.2952,7629.7792,7829.509,0.05207269,0.05343583,0.00270507,151.9935,139.4692,10.5863,152.4431,22.3171,2254.1801,14.4000,175.9468,137.7798,29.6291,128.4258,256.8515,258.1778,514.3107,777.7133,102.8621,0.0,4.004732,6.055743,1.183512,29,129,8,3,0.43109585,0.06762687,0.04731611,0E-8,0.000000,0.890948,0.000000,0.03570155,2026-03-24,2026-08-06,65,444,384,136,0.477941,1.277014,1.157594,1.436986,,,,,,,,GLOBAL_BASELINE_NO_ENTITY_RANKING,,,NOT_APPLICABLE_GLOBAL_BASELINE,HF9g-P5,,,,X 全窗基线 · 不参与实体赏罚,15058050,1506,A168_HF9F_20260827_0900,2026-08-27 09:00:00
2026-06-12,122817705,2261,0,51.4310695091,48.8595160336,48.8595160336,1.0000000,1,1,0.50665070000000000,0.506650700000,0.9867858985152569,0.9867858985152569,0.9867858985152569,0E-17,ELIGIBLE,R03b_20260811_FULL_v1,L1_ELIGIBILITY,v2026-08-11,2026-03-21..2026-08-06,baccarat_bet02_101_all_pairs_incl_sentinel,round_win = game_pnl > 0 (decisive only),COMPATIBILITY_ONLY_NOT_PRODUCTION,146521.7074,130543.1969,9908.8042,964,936,-0.06762687,-0.04731611,-0.08301766,-0.06762687,-9908.8042,146521.7074,OK,0.0000,396.3522,4.0000,96.0000,AG03-UNRESOLVED,ALL5_LEVELS_bet23_to_bet27,396.3522,396.3522,495.4402,495.4402,495.4402,4.000000,4.000000,5.000000,5.000000,5.000000,96.000000,96.000000,95.000000,95.000000,95.000000,5.0,2279.0250,2079.2952,7629.7792,7829.509,PENDING_AG03,FALSE,NOT_FOR_ENFORCEMENT,9512.4520,125321.4690,9908.8042,9512.4520,396.3522,0.06762687,0.06492179,396.3522,9512.4520,0.06492179,396.3522,396.3522,495.4402,495.4402,495.4402,9512.4520,0.06492179,2279.0250,2079.2952,7629.7792,7829.509,0.05207269,0.05343583,0.00270507,151.9935,139.4692,10.5863,152.4431,22.3171,2254.1801,14.4000,175.9468,137.7798,29.6291,128.4258,256.8515,258.1778,514.3107,777.7133,102.8621,0.0,4.004732,6.055743,1.183512,29,129,8,3,0.43109585,0.06762687,0.04731611,0E-8,0.000000,0.890948,0.000000,0.03570155,2026-03-24,2026-08-06,65,444,384,136,0.477941,1.277014,1.157594,1.436986,,,,,,,,GLOBAL_BASELINE_NO_ENTITY_RANKING,,,NOT_APPLICABLE_GLOBAL_BASELINE,HF9g-P5,,,,X 全窗基线 · 不参与实体赏罚,15058051,1506,A168_HF9F_20260827_0900,2026-08-27 09:00:00
2026-06-12,122817705,2266,0,167.1509759045,51.4310695091,51.4310695091,0.5000000,3,3,0.49324550000000000,0.493245500000,0.01910635448239258,0.01910635448239258,0.01910635448239258,0E-17,ELIGIBLE,R03b_20260811_FULL_v1,L1_ELIGIBILITY,v2026-08-11,2026-03-21..2026-08-06,baccarat_bet02_101_all_pairs_incl_sentinel,round_win = game_pnl > 0 (decisive only),COMPATIBILITY_ONLY_NOT_PRODUCTION,146521.7074,130543.1969,9908.8042,964,936,-0.06762687,-0.04731611,-0.08301766,-0.06762687,-9908.8042,146521.7074,OK,0.0000,396.3522,4.0000,96.0000,AG03-UNRESOLVED,ALL5_LEVELS_bet23_to_bet27,396.3522,396.3522,495.4402,495.4402,495.4402,4.000000,4.000000,5.000000,5.000000,5.000000,96.000000,96.000000,95.000000,95.000000,95.000000,5.0,2279.0250,2079.2952,7629.7792,7829.509,PENDING_AG03,FALSE,NOT_FOR_ENFORCEMENT,9512.4520,125321.4690,9908.8042,9512.4520,396.3522,0.06762687,0.06492179,396.3522,9512.4520,0.06492179,396.3522,396.3522,495.4402,495.4402,495.4402,9512.4520,0.06492179,2279.0250,2079.2952,7629.7792,7829.509,0.05207269,0.05343583,0.00270507,151.9935,139.4692,10.5863,152.4431,22.3171,2254.1801,14.4000,175.9468,137.7798,29.6291,128.4258,256.8515,258.1778,514.3107,777.7133,102.8621,0.0,4.004732,6.055743,1.183512,29,129,8,3,0.43109585,0.06762687,0.04731611,0E-8,0.000000,0.890948,0.000000,0.03570155,2026-03-24,2026-08-06,65,444,384,136,0.477941,1.277014,1.157594,1.436986,,,,,,,,GLOBAL_BASELINE_NO_ENTITY_RANKING,,,NOT_APPLICABLE_GLOBAL_BASELINE,HF9g-P5,,,,X 全窗基线 · 不参与实体赏罚,15058052,1506,A168_HF9F_20260827_0900,2026-08-27 09:00:00
2026-06-12,122817705,2276,0,180.0087432818,-29.5728649677,-29.5728649677,0.5000000,2,2,0.49994810000000000,0.499948100000,0.00014679536856514622,0.00014679536856514622,0.00014679536856514622,0E-17,ELIGIBLE,R03b_20260811_FULL_v1,L1_ELIGIBILITY,v2026-08-11,2026-03-21..2026-08-06,baccarat_bet02_101_all_pairs_incl_sentinel,round_win = game_pnl > 0 (decisive only),COMPATIBILITY_ONLY_NOT_PRODUCTION,146521.7074,130543.1969,9908.8042,964,936,-0.06762687,-0.04731611,-0.08301766,-0.06762687,-9908.8042,146521.7074,OK,0.0000,396.3522,4.0000,96.0000,AG03-UNRESOLVED,ALL5_LEVELS_bet23_to_bet27,396.3522,396.3522,495.4402,495.4402,495.4402,4.000000,4.000000,5.000000,5.000000,5.000000,96.000000,96.000000,95.000000,95.000000,95.000000,5.0,2279.0250,2079.2952,7629.7792,7829.509,PENDING_AG03,FALSE,NOT_FOR_ENFORCEMENT,9512.4520,125321.4690,9908.8042,9512.4520,396.3522,0.06762687,0.06492179,396.3522,9512.4520,0.06492179,396.3522,396.3522,495.4402,495.4402,495.4402,9512.4520,0.06492179,2279.0250,2079.2952,7629.7792,7829.509,0.05207269,0.05343583,0.00270507,151.9935,139.4692,10.5863,152.4431,22.3171,2254.1801,14.4000,175.9468,137.7798,29.6291,128.4258,256.8515,258.1778,514.3107,777.7133,102.8621,0.0,4.004732,6.055743,1.183512,29,129,8,3,0.43109585,0.06762687,0.04731611,0E-8,0.000000,0.890948,0.000000,0.03570155,2026-03-24,2026-08-06,65,444,384,136,0.477941,1.277014,1.157594,1.436986,,,,,,,,GLOBAL_BASELINE_NO_ENTITY_RANKING,,,NOT_APPLICABLE_GLOBAL_BASELINE,HF9g-P5,,,,X 全窗基线 · 不参与实体赏罚,15058053,1506,A168_HF9F_20260827_0900,2026-08-27 09:00:00
2026-06-12,122817705,583,0,511.7391416154,59.9171959781,59.9171959781,0.5000000,4,4,0.50665070000000000,0.506650700000,-0.02660515369234503,-0.02660515369234503,-0.02660515369234503,0E-17,ELIGIBLE,R03b_20260811_FULL_v1,L1_ELIGIBILITY,v2026-08-11,2026-03-21..2026-08-06,baccarat_bet02_101_all_pairs_incl_sentinel,round_win = game_pnl > 0 (decisive only),COMPATIBILITY_ONLY_NOT_PRODUCTION,146521.7074,130543.1969,9908.8042,964,936,-0.06762687,-0.04731611,-0.08301766,-0.06762687,-9908.8042,146521.7074,OK,0.0000,396.3522,4.0000,96.0000,AG03-UNRESOLVED,ALL5_LEVELS_bet23_to_bet27,396.3522,396.3522,495.4402,495.4402,495.4402,4.000000,4.000000,5.000000,5.000000,5.000000,96.000000,96.000000,95.000000,95.000000,95.000000,5.0,2279.0250,2079.2952,7629.7792,7829.509,PENDING_AG03,FALSE,NOT_FOR_ENFORCEMENT,9512.4520,125321.4690,9908.8042,9512.4520,396.3522,0.06762687,0.06492179,396.3522,9512.4520,0.06492179,396.3522,396.3522,495.4402,495.4402,495.4402,9512.4520,0.06492179,2279.0250,2079.2952,7629.7792,7829.509,0.05207269,0.05343583,0.00270507,151.9935,139.4692,10.5863,152.4431,22.3171,2254.1801,14.4000,175.9468,137.7798,29.6291,128.4258,256.8515,258.1778,514.3107,777.7133,102.8621,0.0,4.004732,6.055743,1.183512,29,129,8,3,0.43109585,0.06762687,0.04731611,0E-8,0.000000,0.890948,0.000000,0.03570155,2026-03-24,2026-08-06,65,444,384,136,0.477941,1.277014,1.157594,1.436986,,,,,,,,GLOBAL_BASELINE_NO_ENTITY_RANKING,,,NOT_APPLICABLE_GLOBAL_BASELINE,HF9g-P5,,,,X 全窗基线 · 不参与实体赏罚,15058054,1506,A168_HF9F_20260827_0900,2026-08-27 09:00:00
2026-06-14,122817705,1402,0,298.3002031527,-47.5737392959,-47.5737392959,0.5000000,2,2,0.50665070000000000,0.506650700000,-0.018812684590367487,-0.018812684590367487,-0.018812684590367487,0E-17,ELIGIBLE,R03b_20260811_FULL_v1,L1_ELIGIBILITY,v2026-08-11,2026-03-21..2026-08-06,baccarat_bet02_101_all_pairs_incl_sentinel,round_win = game_pnl > 0 (decisive only),COMPATIBILITY_ONLY_NOT_PRODUCTION,146521.7074,130543.1969,9908.8042,964,936,-0.06762687,-0.04731611,-0.08301766,-0.06762687,-9908.8042,146521.7074,OK,0.0000,396.3522,4.0000,96.0000,AG03-UNRESOLVED,ALL5_LEVELS_bet23_to_bet27,396.3522,396.3522,495.4402,495.4402,495.4402,4.000000,4.000000,5.000000,5.000000,5.000000,96.000000,96.000000,95.000000,95.000000,95.000000,5.0,2279.0250,2079.2952,7629.7792,7829.509,PENDING_AG03,FALSE,NOT_FOR_ENFORCEMENT,9512.4520,125321.4690,9908.8042,9512.4520,396.3522,0.06762687,0.06492179,396.3522,9512.4520,0.06492179,396.3522,396.3522,495.4402,495.4402,495.4402,9512.4520,0.06492179,2279.0250,2079.2952,7629.7792,7829.509,0.05207269,0.05343583,0.00270507,151.9935,139.4692,10.5863,152.4431,22.3171,2254.1801,14.4000,175.9468,137.7798,29.6291,128.4258,256.8515,258.1778,514.3107,777.7133,102.8621,0.0,4.004732,6.055743,1.183512,29,129,8,3,0.43109585,0.06762687,0.04731611,0E-8,0.000000,0.890948,0.000000,0.03570155,2026-03-24,2026-08-06,65,444,384,136,0.477941,1.277014,1.157594,1.436986,,,,,,,,GLOBAL_BASELINE_NO_ENTITY_RANKING,,,NOT_APPLICABLE_GLOBAL_BASELINE,HF9g-P5,,,,X 全窗基线 · 不参与实体赏罚,15058055,1506,A168_HF9F_20260827_0900,2026-08-27 09:00:00
2026-06-14,122817705,2130,0,257.1553475455,-257.1553475455,-257.1553475455,0E-7,1,1,0.49324550000000000,0.493245500000,-0.9865810262130424,-0.9865810262130424,-0.9865810262130424,0E-17,ELIGIBLE,R03b_20260811_FULL_v1,L1_ELIGIBILITY,v2026-08-11,2026-03-21..2026-08-06,baccarat_bet02_101_all_pairs_incl_sentinel,round_win = game_pnl > 0 (decisive only),COMPATIBILITY_ONLY_NOT_PRODUCTION,146521.7074,130543.1969,9908.8042,964,936,-0.06762687,-0.04731611,-0.08301766,-0.06762687,-9908.8042,146521.7074,OK,0.0000,396.3522,4.0000,96.0000,AG03-UNRESOLVED,ALL5_LEVELS_bet23_to_bet27,396.3522,396.3522,495.4402,495.4402,495.4402,4.000000,4.000000,5.000000,5.000000,5.000000,96.000000,96.000000,95.000000,95.000000,95.000000,5.0,2279.0250,2079.2952,7629.7792,7829.509,PENDING_AG03,FALSE,NOT_FOR_ENFORCEMENT,9512.4520,125321.4690,9908.8042,9512.4520,396.3522,0.06762687,0.06492179,396.3522,9512.4520,0.06492179,396.3522,396.3522,495.4402,495.4402,495.4402,9512.4520,0.06492179,2279.0250,2079.2952,7629.7792,7829.509,0.05207269,0.05343583,0.00270507,151.9935,139.4692,10.5863,152.4431,22.3171,2254.1801,14.4000,175.9468,137.7798,29.6291,128.4258,256.8515,258.1778,514.3107,777.7133,102.8621,0.0,4.004732,6.055743,1.183512,29,129,8,3,0.43109585,0.06762687,0.04731611,0E-8,0.000000,0.890948,0.000000,0.03570155,2026-03-24,2026-08-06,65,444,384,136,0.477941,1.277014,1.157594,1.436986,,,,,,,,GLOBAL_BASELINE_NO_ENTITY_RANKING,,,NOT_APPLICABLE_GLOBAL_BASELINE,HF9g-P5,,,,X 全窗基线 · 不参与实体赏罚,15058056,1506,A168_HF9F_20260827_0900,2026-08-27 09:00:00
2026-06-14,122817705,2167,0,280.2993288246,-234.0113662664,-234.0113662664,0.5000000,2,2,0.49324550000000000,0.493245500000,0.01910635448239258,0.01910635448239258,0.01910635448239258,0E-17,ELIGIBLE,R03b_20260811_FULL_v1,L1_ELIGIBILITY,v2026-08-11,2026-03-21..2026-08-06,baccarat_bet02_101_all_pairs_incl_sentinel,round_win = game_pnl > 0 (decisive only),COMPATIBILITY_ONLY_NOT_PRODUCTION,146521.7074,130543.1969,9908.8042,964,936,-0.06762687,-0.04731611,-0.08301766,-0.06762687,-9908.8042,146521.7074,OK,0.0000,396.3522,4.0000,96.0000,AG03-UNRESOLVED,ALL5_LEVELS_bet23_to_bet27,396.3522,396.3522,495.4402,495.4402,495.4402,4.000000,4.000000,5.000000,5.000000,5.000000,96.000000,96.000000,95.000000,95.000000,95.000000,5.0,2279.0250,2079.2952,7629.7792,7829.509,PENDING_AG03,FALSE,NOT_FOR_ENFORCEMENT,9512.4520,125321.4690,9908.8042,9512.4520,396.3522,0.06762687,0.06492179,396.3522,9512.4520,0.06492179,396.3522,396.3522,495.4402,495.4402,495.4402,9512.4520,0.06492179,2279.0250,2079.2952,7629.7792,7829.509,0.05207269,0.05343583,0.00270507,151.9935,139.4692,10.5863,152.4431,22.3171,2254.1801,14.4000,175.9468,137.7798,29.6291,128.4258,256.8515,258.1778,514.3107,777.7133,102.8621,0.0,4.004732,6.055743,1.183512,29,129,8,3,0.43109585,0.06762687,0.04731611,0E-8,0.000000,0.890948,0.000000,0.03570155,2026-03-24,2026-08-06,65,444,384,136,0.477941,1.277014,1.157594,1.436986,,,,,,,,GLOBAL_BASELINE_NO_ENTITY_RANKING,,,NOT_APPLICABLE_GLOBAL_BASELINE,HF9g-P5,,,,X 全窗基线 · 不参与实体赏罚,15058057,1506,A168_HF9F_20260827_0900,2026-08-27 09:00:00
2026-06-18,122817705,-1,1,2733.5613444082,585.0284156661,585.0284156661,0.6315789,25,23,0.49798588956521553,0.497908178261,1.164646726190809,1.1653249468009679,1.164646726190809,0.00007771130421553,SENTINEL_DEALER,R03b_20260811_FULL_v1,L1_ELIGIBILITY,v2026-08-11,2026-03-21..2026-08-06,baccarat_bet02_101_all_pairs_incl_sentinel,round_win = game_pnl > 0 (decisive only),COMPATIBILITY_ONLY_NOT_PRODUCTION,146521.7074,130543.1969,9908.8042,964,936,-0.06762687,-0.04731611,-0.08301766,-0.06762687,-9908.8042,146521.7074,OK,0.0000,396.3522,4.0000,96.0000,AG03-UNRESOLVED,ALL5_LEVELS_bet23_to_bet27,396.3522,396.3522,495.4402,495.4402,495.4402,4.000000,4.000000,5.000000,5.000000,5.000000,96.000000,96.000000,95.000000,95.000000,95.000000,5.0,2279.0250,2079.2952,7629.7792,7829.509,PENDING_AG03,FALSE,NOT_FOR_ENFORCEMENT,9512.4520,125321.4690,9908.8042,9512.4520,396.3522,0.06762687,0.06492179,396.3522,9512.4520,0.06492179,396.3522,396.3522,495.4402,495.4402,495.4402,9512.4520,0.06492179,2279.0250,2079.2952,7629.7792,7829.509,0.05207269,0.05343583,0.00270507,151.9935,139.4692,10.5863,152.4431,22.3171,2254.1801,14.4000,175.9468,137.7798,29.6291,128.4258,256.8515,258.1778,514.3107,777.7133,102.8621,0.0,4.004732,6.055743,1.183512,29,129,8,3,0.43109585,0.06762687,0.04731611,0E-8,0.000000,0.890948,0.000000,0.03570155,2026-03-24,2026-08-06,65,444,384,136,0.477941,1.277014,1.157594,1.436986,,,,,,,,GLOBAL_BASELINE_NO_ENTITY_RANKING,,,NOT_APPLICABLE_GLOBAL_BASELINE,HF9g-P5,,,,X 全窗基线 · 不参与实体赏罚,15058058,1506,A168_HF9F_20260827_0900,2026-08-27 09:00:00
2026-06-18,122817705,1202,0,102.8621390182,-102.8621390182,-102.8621390182,0E-7,1,1,0.49324550000000000,0.493245500000,-0.9865810262130424,-0.9865810262130424,-0.9865810262130424,0E-17,ELIGIBLE,R03b_20260811_FULL_v1,L1_ELIGIBILITY,v2026-08-11,2026-03-21..2026-08-06,baccarat_bet02_101_all_pairs_incl_sentinel,round_win = game_pnl > 0 (decisive only),COMPATIBILITY_ONLY_NOT_PRODUCTION,146521.7074,130543.1969,9908.8042,964,936,-0.06762687,-0.04731611,-0.08301766,-0.06762687,-9908.8042,146521.7074,OK,0.0000,396.3522,4.0000,96.0000,AG03-UNRESOLVED,ALL5_LEVELS_bet23_to_bet27,396.3522,396.3522,495.4402,495.4402,495.4402,4.000000,4.000000,5.000000,5.000000,5.000000,96.000000,96.000000,95.000000,95.000000,95.000000,5.0,2279.0250,2079.2952,7629.7792,7829.509,PENDING_AG03,FALSE,NOT_FOR_ENFORCEMENT,9512.4520,125321.4690,9908.8042,9512.4520,396.3522,0.06762687,0.06492179,396.3522,9512.4520,0.06492179,396.3522,396.3522,495.4402,495.4402,495.4402,9512.4520,0.06492179,2279.0250,2079.2952,7629.7792,7829.509,0.05207269,0.05343583,0.00270507,151.9935,139.4692,10.5863,152.4431,22.3171,2254.1801,14.4000,175.9468,137.7798,29.6291,128.4258,256.8515,258.1778,514.3107,777.7133,102.8621,0.0,4.004732,6.055743,1.183512,29,129,8,3,0.43109585,0.06762687,0.04731611,0E-8,0.000000,0.890948,0.000000,0.03570155,2026-03-24,2026-08-06,65,444,384,136,0.477941,1.277014,1.157594,1.436986,,,,,,,,GLOBAL_BASELINE_NO_ENTITY_RANKING,,,NOT_APPLICABLE_GLOBAL_BASELINE,HF9g-P5,,,,X 全窗基线 · 不参与实体赏罚,15058059,1506,A168_HF9F_20260827_0900,2026-08-27 09:00:00
2026-06-18,122817705,1402,0,128.5776737727,128.5776737727,128.5776737727,1.0000000,1,1,0.49324550000000000,0.493245500000,1.01360149184955,1.01360149184955,1.01360149184955,0E-17,ELIGIBLE,R03b_20260811_FULL_v1,L1_ELIGIBILITY,v2026-08-11,2026-03-21..2026-08-06,baccarat_bet02_101_all_pairs_incl_sentinel,round_win = game_pnl > 0 (decisive only),COMPATIBILITY_ONLY_NOT_PRODUCTION,146521.7074,130543.1969,9908.8042,964,936,-0.06762687,-0.04731611,-0.08301766,-0.06762687,-9908.8042,146521.7074,OK,0.0000,396.3522,4.0000,96.0000,AG03-UNRESOLVED,ALL5_LEVELS_bet23_to_bet27,396.3522,396.3522,495.4402,495.4402,495.4402,4.000000,4.000000,5.000000,5.000000,5.000000,96.000000,96.000000,95.000000,95.000000,95.000000,5.0,2279.0250,2079.2952,7629.7792,7829.509,PENDING_AG03,FALSE,NOT_FOR_ENFORCEMENT,9512.4520,125321.4690,9908.8042,9512.4520,396.3522,0.06762687,0.06492179,396.3522,9512.4520,0.06492179,396.3522,396.3522,495.4402,495.4402,495.4402,9512.4520,0.06492179,2279.0250,2079.2952,7629.7792,7829.509,0.05207269,0.05343583,0.00270507,151.9935,139.4692,10.5863,152.4431,22.3171,2254.1801,14.4000,175.9468,137.7798,29.6291,128.4258,256.8515,258.1778,514.3107,777.7133,102.8621,0.0,4.004732,6.055743,1.183512,29,129,8,3,0.43109585,0.06762687,0.04731611,0E-8,0.000000,0.890948,0.000000,0.03570155,2026-03-24,2026-08-06,65,444,384,136,0.477941,1.277014,1.157594,1.436986,,,,,,,,GLOBAL_BASELINE_NO_ENTITY_RANKING,,,NOT_APPLICABLE_GLOBAL_BASELINE,HF9g-P5,,,,X 全窗基线 · 不参与实体赏罚,15058060,1506,A168_HF9F_20260827_0900,2026-08-27 09:00:00
2026-06-18,122817705,1485,0,25.7155347545,-25.7155347545,-25.7155347545,0E-7,1,1,0.49324550000000000,0.493245500000,-0.9865810262130424,-0.9865810262130424,-0.9865810262130424,0E-17,ELIGIBLE,R03b_20260811_FULL_v1,L1_ELIGIBILITY,v2026-08-11,2026-03-21..2026-08-06,baccarat_bet02_101_all_pairs_incl_sentinel,round_win = game_pnl > 0 (decisive only),COMPATIBILITY_ONLY_NOT_PRODUCTION,146521.7074,130543.1969,9908.8042,964,936,-0.06762687,-0.04731611,-0.08301766,-0.06762687,-9908.8042,146521.7074,OK,0.0000,396.3522,4.0000,96.0000,AG03-UNRESOLVED,ALL5_LEVELS_bet23_to_bet27,396.3522,396.3522,495.4402,495.4402,495.4402,4.000000,4.000000,5.000000,5.000000,5.000000,96.000000,96.000000,95.000000,95.000000,95.000000,5.0,2279.0250,2079.2952,7629.7792,7829.509,PENDING_AG03,FALSE,NOT_FOR_ENFORCEMENT,9512.4520,125321.4690,9908.8042,9512.4520,396.3522,0.06762687,0.06492179,396.3522,9512.4520,0.06492179,396.3522,396.3522,495.4402,495.4402,495.4402,9512.4520,0.06492179,2279.0250,2079.2952,7629.7792,7829.509,0.05207269,0.05343583,0.00270507,151.9935,139.4692,10.5863,152.4431,22.3171,2254.1801,14.4000,175.9468,137.7798,29.6291,128.4258,256.8515,258.1778,514.3107,777.7133,102.8621,0.0,4.004732,6.055743,1.183512,29,129,8,3,0.43109585,0.06762687,0.04731611,0E-8,0.000000,0.890948,0.000000,0.03570155,2026-03-24,2026-08-06,65,444,384,136,0.477941,1.277014,1.157594,1.436986,,,,,,,,GLOBAL_BASELINE_NO_ENTITY_RANKING,,,NOT_APPLICABLE_GLOBAL_BASELINE,HF9g-P5,,,,X 全窗基线 · 不参与实体赏罚,15058061,1506,A168_HF9F_20260827_0900,2026-08-27 09:00:00
2026-06-18,122817705,2130,0,25.7155347545,-25.7155347545,-25.7155347545,0E-7,1,1,0.50665070000000000,0.506650700000,-1.013391052207602,-1.013391052207602,-1.013391052207602,0E-17,ELIGIBLE,R03b_20260811_FULL_v1,L1_ELIGIBILITY,v2026-08-11,2026-03-21..2026-08-06,baccarat_bet02_101_all_pairs_incl_sentinel,round_win = game_pnl > 0 (decisive only),COMPATIBILITY_ONLY_NOT_PRODUCTION,146521.7074,130543.1969,9908.8042,964,936,-0.06762687,-0.04731611,-0.08301766,-0.06762687,-9908.8042,146521.7074,OK,0.0000,396.3522,4.0000,96.0000,AG03-UNRESOLVED,ALL5_LEVELS_bet23_to_bet27,396.3522,396.3522,495.4402,495.4402,495.4402,4.000000,4.000000,5.000000,5.000000,5.000000,96.000000,96.000000,95.000000,95.000000,95.000000,5.0,2279.0250,2079.2952,7629.7792,7829.509,PENDING_AG03,FALSE,NOT_FOR_ENFORCEMENT,9512.4520,125321.4690,9908.8042,9512.4520,396.3522,0.06762687,0.06492179,396.3522,9512.4520,0.06492179,396.3522,396.3522,495.4402,495.4402,495.4402,9512.4520,0.06492179,2279.0250,2079.2952,7629.7792,7829.509,0.05207269,0.05343583,0.00270507,151.9935,139.4692,10.5863,152.4431,22.3171,2254.1801,14.4000,175.9468,137.7798,29.6291,128.4258,256.8515,258.1778,514.3107,777.7133,102.8621,0.0,4.004732,6.055743,1.183512,29,129,8,3,0.43109585,0.06762687,0.04731611,0E-8,0.000000,0.890948,0.000000,0.03570155,2026-03-24,2026-08-06,65,444,384,136,0.477941,1.277014,1.157594,1.436986,,,,,,,,GLOBAL_BASELINE_NO_ENTITY_RANKING,,,NOT_APPLICABLE_GLOBAL_BASELINE,HF9g-P5,,,,X 全窗基线 · 不参与实体赏罚,15058062,1506,A168_HF9F_20260827_0900,2026-08-27 09:00:00
2026-06-18,122817705,2156,0,48.8595160336,-48.8595160336,-48.8595160336,0E-7,1,1,0.50665070000000000,0.506650700000,-1.013391052207602,-1.013391052207602,-1.013391052207602,0E-17,ELIGIBLE,R03b_20260811_FULL_v1,L1_ELIGIBILITY,v2026-08-11,2026-03-21..2026-08-06,baccarat_bet02_101_all_pairs_incl_sentinel,round_win = game_pnl > 0 (decisive only),COMPATIBILITY_ONLY_NOT_PRODUCTION,146521.7074,130543.1969,9908.8042,964,936,-0.06762687,-0.04731611,-0.08301766,-0.06762687,-9908.8042,146521.7074,OK,0.0000,396.3522,4.0000,96.0000,AG03-UNRESOLVED,ALL5_LEVELS_bet23_to_bet27,396.3522,396.3522,495.4402,495.4402,495.4402,4.000000,4.000000,5.000000,5.000000,5.000000,96.000000,96.000000,95.000000,95.000000,95.000000,5.0,2279.0250,2079.2952,7629.7792,7829.509,PENDING_AG03,FALSE,NOT_FOR_ENFORCEMENT,9512.4520,125321.4690,9908.8042,9512.4520,396.3522,0.06762687,0.06492179,396.3522,9512.4520,0.06492179,396.3522,396.3522,495.4402,495.4402,495.4402,9512.4520,0.06492179,2279.0250,2079.2952,7629.7792,7829.509,0.05207269,0.05343583,0.00270507,151.9935,139.4692,10.5863,152.4431,22.3171,2254.1801,14.4000,175.9468,137.7798,29.6291,128.4258,256.8515,258.1778,514.3107,777.7133,102.8621,0.0,4.004732,6.055743,1.183512,29,129,8,3,0.43109585,0.06762687,0.04731611,0E-8,0.000000,0.890948,0.000000,0.03570155,2026-03-24,2026-08-06,65,444,384,136,0.477941,1.277014,1.157594,1.436986,,,,,,,,GLOBAL_BASELINE_NO_ENTITY_RANKING,,,NOT_APPLICABLE_GLOBAL_BASELINE,HF9g-P5,,,,X 全窗基线 · 不参与实体赏罚,15058063,1506,A168_HF9F_20260827_0900,2026-08-27 09:00:00
2026-06-18,122817705,2171,0,156.8647620027,125.2346542547,125.2346542547,1.0000000,4,4,0.50329940000000000,0.503299400000,1.7206588134302945,1.7206588134302945,1.7206588134302945,0E-17,ELIGIBLE,R03b_20260811_FULL_v1,L1_ELIGIBILITY,v2026-08-11,2026-03-21..2026-08-06,baccarat_bet02_101_all_pairs_incl_sentinel,round_win = game_pnl > 0 (decisive only),COMPATIBILITY_ONLY_NOT_PRODUCTION,146521.7074,130543.1969,9908.8042,964,936,-0.06762687,-0.04731611,-0.08301766,-0.06762687,-9908.8042,146521.7074,OK,0.0000,396.3522,4.0000,96.0000,AG03-UNRESOLVED,ALL5_LEVELS_bet23_to_bet27,396.3522,396.3522,495.4402,495.4402,495.4402,4.000000,4.000000,5.000000,5.000000,5.000000,96.000000,96.000000,95.000000,95.000000,95.000000,5.0,2279.0250,2079.2952,7629.7792,7829.509,PENDING_AG03,FALSE,NOT_FOR_ENFORCEMENT,9512.4520,125321.4690,9908.8042,9512.4520,396.3522,0.06762687,0.06492179,396.3522,9512.4520,0.06492179,396.3522,396.3522,495.4402,495.4402,495.4402,9512.4520,0.06492179,2279.0250,2079.2952,7629.7792,7829.509,0.05207269,0.05343583,0.00270507,151.9935,139.4692,10.5863,152.4431,22.3171,2254.1801,14.4000,175.9468,137.7798,29.6291,128.4258,256.8515,258.1778,514.3107,777.7133,102.8621,0.0,4.004732,6.055743,1.183512,29,129,8,3,0.43109585,0.06762687,0.04731611,0E-8,0.000000,0.890948,0.000000,0.03570155,2026-03-24,2026-08-06,65,444,384,136,0.477941,1.277014,1.157594,1.436986,,,,,,,,GLOBAL_BASELINE_NO_ENTITY_RANKING,,,NOT_APPLICABLE_GLOBAL_BASELINE,HF9g-P5,,,,X 全窗基线 · 不参与实体赏罚,15058064,1506,A168_HF9F_20260827_0900,2026-08-27 09:00:00
2026-06-18,122817705,2224,0,10.2862139018,-10.2862139018,-10.2862139018,0E-7,1,1,0.49324550000000000,0.493245500000,-0.9865810262130424,-0.9865810262130424,-0.9865810262130424,0E-17,ELIGIBLE,R03b_20260811_FULL_v1,L1_ELIGIBILITY,v2026-08-11,2026-03-21..2026-08-06,baccarat_bet02_101_all_pairs_incl_sentinel,round_win = game_pnl > 0 (decisive only),COMPATIBILITY_ONLY_NOT_PRODUCTION,146521.7074,130543.1969,9908.8042,964,936,-0.06762687,-0.04731611,-0.08301766,-0.06762687,-9908.8042,146521.7074,OK,0.0000,396.3522,4.0000,96.0000,AG03-UNRESOLVED,ALL5_LEVELS_bet23_to_bet27,396.3522,396.3522,495.4402,495.4402,495.4402,4.000000,4.000000,5.000000,5.000000,5.000000,96.000000,96.000000,95.000000,95.000000,95.000000,5.0,2279.0250,2079.2952,7629.7792,7829.509,PENDING_AG03,FALSE,NOT_FOR_ENFORCEMENT,9512.4520,125321.4690,9908.8042,9512.4520,396.3522,0.06762687,0.06492179,396.3522,9512.4520,0.06492179,396.3522,396.3522,495.4402,495.4402,495.4402,9512.4520,0.06492179,2279.0250,2079.2952,7629.7792,7829.509,0.05207269,0.05343583,0.00270507,151.9935,139.4692,10.5863,152.4431,22.3171,2254.1801,14.4000,175.9468,137.7798,29.6291,128.4258,256.8515,258.1778,514.3107,777.7133,102.8621,0.0,4.004732,6.055743,1.183512,29,129,8,3,0.43109585,0.06762687,0.04731611,0E-8,0.000000,0.890948,0.000000,0.03570155,2026-03-24,2026-08-06,65,444,384,136,0.477941,1.277014,1.157594,1.436986,,,,,,,,GLOBAL_BASELINE_NO_ENTITY_RANKING,,,NOT_APPLICABLE_GLOBAL_BASELINE,HF9g-P5,,,,X 全窗基线 · 不参与实体赏罚,15058065,1506,A168_HF9F_20260827_0900,2026-08-27 09:00:00
2026-06-18,122817705,2239,0,128.5776737727,-128.5776737727,-128.5776737727,0E-7,1,1,0.49324550000000000,0.493245500000,-0.9865810262130424,-0.9865810262130424,-0.9865810262130424,0E-17,ELIGIBLE,R03b_20260811_FULL_v1,L1_ELIGIBILITY,v2026-08-11,2026-03-21..2026-08-06,baccarat_bet02_101_all_pairs_incl_sentinel,round_win = game_pnl > 0 (decisive only),COMPATIBILITY_ONLY_NOT_PRODUCTION,146521.7074,130543.1969,9908.8042,964,936,-0.06762687,-0.04731611,-0.08301766,-0.06762687,-9908.8042,146521.7074,OK,0.0000,396.3522,4.0000,96.0000,AG03-UNRESOLVED,ALL5_LEVELS_bet23_to_bet27,396.3522,396.3522,495.4402,495.4402,495.4402,4.000000,4.000000,5.000000,5.000000,5.000000,96.000000,96.000000,95.000000,95.000000,95.000000,5.0,2279.0250,2079.2952,7629.7792,7829.509,PENDING_AG03,FALSE,NOT_FOR_ENFORCEMENT,9512.4520,125321.4690,9908.8042,9512.4520,396.3522,0.06762687,0.06492179,396.3522,9512.4520,0.06492179,396.3522,396.3522,495.4402,495.4402,495.4402,9512.4520,0.06492179,2279.0250,2079.2952,7629.7792,7829.509,0.05207269,0.05343583,0.00270507,151.9935,139.4692,10.5863,152.4431,22.3171,2254.1801,14.4000,175.9468,137.7798,29.6291,128.4258,256.8515,258.1778,514.3107,777.7133,102.8621,0.0,4.004732,6.055743,1.183512,29,129,8,3,0.43109585,0.06762687,0.04731611,0E-8,0.000000,0.890948,0.000000,0.03570155,2026-03-24,2026-08-06,65,444,384,136,0.477941,1.277014,1.157594,1.436986,,,,,,,,GLOBAL_BASELINE_NO_ENTITY_RANKING,,,NOT_APPLICABLE_GLOBAL_BASELINE,HF9g-P5,,,,X 全窗基线 · 不参与实体赏罚,15058066,1506,A168_HF9F_20260827_0900,2026-08-27 09:00:00
2026-06-18,122817705,2241,0,491.1667138118,401.4194975185,401.4194975185,0.8333333,6,6,0.50665070000000000,0.506650700000,1.6005531159783741,1.6005531159783741,1.6005531159783741,0E-17,ELIGIBLE,R03b_20260811_FULL_v1,L1_ELIGIBILITY,v2026-08-11,2026-03-21..2026-08-06,baccarat_bet02_101_all_pairs_incl_sentinel,round_win = game_pnl > 0 (decisive only),COMPATIBILITY_ONLY_NOT_PRODUCTION,146521.7074,130543.1969,9908.8042,964,936,-0.06762687,-0.04731611,-0.08301766,-0.06762687,-9908.8042,146521.7074,OK,0.0000,396.3522,4.0000,96.0000,AG03-UNRESOLVED,ALL5_LEVELS_bet23_to_bet27,396.3522,396.3522,495.4402,495.4402,495.4402,4.000000,4.000000,5.000000,5.000000,5.000000,96.000000,96.000000,95.000000,95.000000,95.000000,5.0,2279.0250,2079.2952,7629.7792,7829.509,PENDING_AG03,FALSE,NOT_FOR_ENFORCEMENT,9512.4520,125321.4690,9908.8042,9512.4520,396.3522,0.06762687,0.06492179,396.3522,9512.4520,0.06492179,396.3522,396.3522,495.4402,495.4402,495.4402,9512.4520,0.06492179,2279.0250,2079.2952,7629.7792,7829.509,0.05207269,0.05343583,0.00270507,151.9935,139.4692,10.5863,152.4431,22.3171,2254.1801,14.4000,175.9468,137.7798,29.6291,128.4258,256.8515,258.1778,514.3107,777.7133,102.8621,0.0,4.004732,6.055743,1.183512,29,129,8,3,0.43109585,0.06762687,0.04731611,0E-8,0.000000,0.890948,0.000000,0.03570155,2026-03-24,2026-08-06,65,444,384,136,0.477941,1.277014,1.157594,1.436986,,,,,,,,GLOBAL_BASELINE_NO_ENTITY_RANKING,,,NOT_APPLICABLE_GLOBAL_BASELINE,HF9g-P5,,,,X 全窗基线 · 不参与实体赏罚,15058067,1506,A168_HF9F_20260827_0900,2026-08-27 09:00:00
2026-06-18,122817705,2248,0,257.1553475455,-257.1553475455,-257.1553475455,0E-7,1,1,0.49324550000000000,0.493245500000,-0.9865810262130424,-0.9865810262130424,-0.9865810262130424,0E-17,ELIGIBLE,R03b_20260811_FULL_v1,L1_ELIGIBILITY,v2026-08-11,2026-03-21..2026-08-06,baccarat_bet02_101_all_pairs_incl_sentinel,round_win = game_pnl > 0 (decisive only),COMPATIBILITY_ONLY_NOT_PRODUCTION,146521.7074,130543.1969,9908.8042,964,936,-0.06762687,-0.04731611,-0.08301766,-0.06762687,-9908.8042,146521.7074,OK,0.0000,396.3522,4.0000,96.0000,AG03-UNRESOLVED,ALL5_LEVELS_bet23_to_bet27,396.3522,396.3522,495.4402,495.4402,495.4402,4.000000,4.000000,5.000000,5.000000,5.000000,96.000000,96.000000,95.000000,95.000000,95.000000,5.0,2279.0250,2079.2952,7629.7792,7829.509,PENDING_AG03,FALSE,NOT_FOR_ENFORCEMENT,9512.4520,125321.4690,9908.8042,9512.4520,396.3522,0.06762687,0.06492179,396.3522,9512.4520,0.06492179,396.3522,396.3522,495.4402,495.4402,495.4402,9512.4520,0.06492179,2279.0250,2079.2952,7629.7792,7829.509,0.05207269,0.05343583,0.00270507,151.9935,139.4692,10.5863,152.4431,22.3171,2254.1801,14.4000,175.9468,137.7798,29.6291,128.4258,256.8515,258.1778,514.3107,777.7133,102.8621,0.0,4.004732,6.055743,1.183512,29,129,8,3,0.43109585,0.06762687,0.04731611,0E-8,0.000000,0.890948,0.000000,0.03570155,2026-03-24,2026-08-06,65,444,384,136,0.477941,1.277014,1.157594,1.436986,,,,,,,,GLOBAL_BASELINE_NO_ENTITY_RANKING,,,NOT_APPLICABLE_GLOBAL_BASELINE,HF9g-P5,,,,X 全窗基线 · 不参与实体赏罚,15058068,1506,A168_HF9F_20260827_0900,2026-08-27 09:00:00
2026-06-18,122817705,2254,0,128.5776737727,-128.5776737727,-128.5776737727,0E-7,1,1,0.49324550000000000,0.493245500000,-0.9865810262130424,-0.9865810262130424,-0.9865810262130424,0E-17,ELIGIBLE,R03b_20260811_FULL_v1,L1_ELIGIBILITY,v2026-08-11,2026-03-21..2026-08-06,baccarat_bet02_101_all_pairs_incl_sentinel,round_win = game_pnl > 0 (decisive only),COMPATIBILITY_ONLY_NOT_PRODUCTION,146521.7074,130543.1969,9908.8042,964,936,-0.06762687,-0.04731611,-0.08301766,-0.06762687,-9908.8042,146521.7074,OK,0.0000,396.3522,4.0000,96.0000,AG03-UNRESOLVED,ALL5_LEVELS_bet23_to_bet27,396.3522,396.3522,495.4402,495.4402,495.4402,4.000000,4.000000,5.000000,5.000000,5.000000,96.000000,96.000000,95.000000,95.000000,95.000000,5.0,2279.0250,2079.2952,7629.7792,7829.509,PENDING_AG03,FALSE,NOT_FOR_ENFORCEMENT,9512.4520,125321.4690,9908.8042,9512.4520,396.3522,0.06762687,0.06492179,396.3522,9512.4520,0.06492179,396.3522,396.3522,495.4402,495.4402,495.4402,9512.4520,0.06492179,2279.0250,2079.2952,7629.7792,7829.509,0.05207269,0.05343583,0.00270507,151.9935,139.4692,10.5863,152.4431,22.3171,2254.1801,14.4000,175.9468,137.7798,29.6291,128.4258,256.8515,258.1778,514.3107,777.7133,102.8621,0.0,4.004732,6.055743,1.183512,29,129,8,3,0.43109585,0.06762687,0.04731611,0E-8,0.000000,0.890948,0.000000,0.03570155,2026-03-24,2026-08-06,65,444,384,136,0.477941,1.277014,1.157594,1.436986,,,,,,,,GLOBAL_BASELINE_NO_ENTITY_RANKING,,,NOT_APPLICABLE_GLOBAL_BASELINE,HF9g-P5,,,,X 全窗基线 · 不参与实体赏罚,15058069,1506,A168_HF9F_20260827_0900,2026-08-27 09:00:00
2026-06-18,122817705,526,0,129.8634505105,129.8634505105,129.8634505105,1.0000000,1,1,0.49324550000000000,0.493245500000,1.01360149184955,1.01360149184955,1.01360149184955,0E-17,ELIGIBLE,R03b_20260811_FULL_v1,L1_ELIGIBILITY,v2026-08-11,2026-03-21..2026-08-06,baccarat_bet02_101_all_pairs_incl_sentinel,round_win = game_pnl > 0 (decisive only),COMPATIBILITY_ONLY_NOT_PRODUCTION,146521.7074,130543.1969,9908.8042,964,936,-0.06762687,-0.04731611,-0.08301766,-0.06762687,-9908.8042,146521.7074,OK,0.0000,396.3522,4.0000,96.0000,AG03-UNRESOLVED,ALL5_LEVELS_bet23_to_bet27,396.3522,396.3522,495.4402,495.4402,495.4402,4.000000,4.000000,5.000000,5.000000,5.000000,96.000000,96.000000,95.000000,95.000000,95.000000,5.0,2279.0250,2079.2952,7629.7792,7829.509,PENDING_AG03,FALSE,NOT_FOR_ENFORCEMENT,9512.4520,125321.4690,9908.8042,9512.4520,396.3522,0.06762687,0.06492179,396.3522,9512.4520,0.06492179,396.3522,396.3522,495.4402,495.4402,495.4402,9512.4520,0.06492179,2279.0250,2079.2952,7629.7792,7829.509,0.05207269,0.05343583,0.00270507,151.9935,139.4692,10.5863,152.4431,22.3171,2254.1801,14.4000,175.9468,137.7798,29.6291,128.4258,256.8515,258.1778,514.3107,777.7133,102.8621,0.0,4.004732,6.055743,1.183512,29,129,8,3,0.43109585,0.06762687,0.04731611,0E-8,0.000000,0.890948,0.000000,0.03570155,2026-03-24,2026-08-06,65,444,384,136,0.477941,1.277014,1.157594,1.436986,,,,,,,,GLOBAL_BASELINE_NO_ENTITY_RANKING,,,NOT_APPLICABLE_GLOBAL_BASELINE,HF9g-P5,,,,X 全窗基线 · 不参与实体赏罚,15058070,1506,A168_HF9F_20260827_0900,2026-08-27 09:00:00
2026-06-18,122817705,550,0,766.3229356855,513.0249183531,513.0249183531,0.7500000,8,8,0.50162375000000000,0.501623750000,1.4050356542380409,1.4050356542380409,1.4050356542380409,0E-17,ELIGIBLE,R03b_20260811_FULL_v1,L1_ELIGIBILITY,v2026-08-11,2026-03-21..2026-08-06,baccarat_bet02_101_all_pairs_incl_sentinel,round_win = game_pnl > 0 (decisive only),COMPATIBILITY_ONLY_NOT_PRODUCTION,146521.7074,130543.1969,9908.8042,964,936,-0.06762687,-0.04731611,-0.08301766,-0.06762687,-9908.8042,146521.7074,OK,0.0000,396.3522,4.0000,96.0000,AG03-UNRESOLVED,ALL5_LEVELS_bet23_to_bet27,396.3522,396.3522,495.4402,495.4402,495.4402,4.000000,4.000000,5.000000,5.000000,5.000000,96.000000,96.000000,95.000000,95.000000,95.000000,5.0,2279.0250,2079.2952,7629.7792,7829.509,PENDING_AG03,FALSE,NOT_FOR_ENFORCEMENT,9512.4520,125321.4690,9908.8042,9512.4520,396.3522,0.06762687,0.06492179,396.3522,9512.4520,0.06492179,396.3522,396.3522,495.4402,495.4402,495.4402,9512.4520,0.06492179,2279.0250,2079.2952,7629.7792,7829.509,0.05207269,0.05343583,0.00270507,151.9935,139.4692,10.5863,152.4431,22.3171,2254.1801,14.4000,175.9468,137.7798,29.6291,128.4258,256.8515,258.1778,514.3107,777.7133,102.8621,0.0,4.004732,6.055743,1.183512,29,129,8,3,0.43109585,0.06762687,0.04731611,0E-8,0.000000,0.890948,0.000000,0.03570155,2026-03-24,2026-08-06,65,444,384,136,0.477941,1.277014,1.157594,1.436986,,,,,,,,GLOBAL_BASELINE_NO_ENTITY_RANKING,,,NOT_APPLICABLE_GLOBAL_BASELINE,HF9g-P5,,,,X 全窗基线 · 不参与实体赏罚,15058071,1506,A168_HF9F_20260827_0900,2026-08-27 09:00:00
2026-06-18,122817705,994,0,257.1553475455,-257.1553475455,-257.1553475455,0E-7,1,1,0.49324550000000000,0.493245500000,-0.9865810262130424,-0.9865810262130424,-0.9865810262130424,0E-17,ELIGIBLE,R03b_20260811_FULL_v1,L1_ELIGIBILITY,v2026-08-11,2026-03-21..2026-08-06,baccarat_bet02_101_all_pairs_incl_sentinel,round_win = game_pnl > 0 (decisive only),COMPATIBILITY_ONLY_NOT_PRODUCTION,146521.7074,130543.1969,9908.8042,964,936,-0.06762687,-0.04731611,-0.08301766,-0.06762687,-9908.8042,146521.7074,OK,0.0000,396.3522,4.0000,96.0000,AG03-UNRESOLVED,ALL5_LEVELS_bet23_to_bet27,396.3522,396.3522,495.4402,495.4402,495.4402,4.000000,4.000000,5.000000,5.000000,5.000000,96.000000,96.000000,95.000000,95.000000,95.000000,5.0,2279.0250,2079.2952,7629.7792,7829.509,PENDING_AG03,FALSE,NOT_FOR_ENFORCEMENT,9512.4520,125321.4690,9908.8042,9512.4520,396.3522,0.06762687,0.06492179,396.3522,9512.4520,0.06492179,396.3522,396.3522,495.4402,495.4402,495.4402,9512.4520,0.06492179,2279.0250,2079.2952,7629.7792,7829.509,0.05207269,0.05343583,0.00270507,151.9935,139.4692,10.5863,152.4431,22.3171,2254.1801,14.4000,175.9468,137.7798,29.6291,128.4258,256.8515,258.1778,514.3107,777.7133,102.8621,0.0,4.004732,6.055743,1.183512,29,129,8,3,0.43109585,0.06762687,0.04731611,0E-8,0.000000,0.890948,0.000000,0.03570155,2026-03-24,2026-08-06,65,444,384,136,0.477941,1.277014,1.157594,1.436986,,,,,,,,GLOBAL_BASELINE_NO_ENTITY_RANKING,,,NOT_APPLICABLE_GLOBAL_BASELINE,HF9g-P5,,,,X 全窗基线 · 不参与实体赏罚,15058072,1506,A168_HF9F_20260827_0900,2026-08-27 09:00:00
2026-06-19,122817705,1400,0,1157.1990639547,-385.7330213182,-385.7330213182,0.2500000,5,5,0.50128862000000000,0.501288620000,-1.0051578182180947,-1.0051578182180947,-1.0051578182180947,0E-17,ELIGIBLE,R03b_20260811_FULL_v1,L1_ELIGIBILITY,v2026-08-11,2026-03-21..2026-08-06,baccarat_bet02_101_all_pairs_incl_sentinel,round_win = game_pnl > 0 (decisive only),COMPATIBILITY_ONLY_NOT_PRODUCTION,146521.7074,130543.1969,9908.8042,964,936,-0.06762687,-0.04731611,-0.08301766,-0.06762687,-9908.8042,146521.7074,OK,0.0000,396.3522,4.0000,96.0000,AG03-UNRESOLVED,ALL5_LEVELS_bet23_to_bet27,396.3522,396.3522,495.4402,495.4402,495.4402,4.000000,4.000000,5.000000,5.000000,5.000000,96.000000,96.000000,95.000000,95.000000,95.000000,5.0,2279.0250,2079.2952,7629.7792,7829.509,PENDING_AG03,FALSE,NOT_FOR_ENFORCEMENT,9512.4520,125321.4690,9908.8042,9512.4520,396.3522,0.06762687,0.06492179,396.3522,9512.4520,0.06492179,396.3522,396.3522,495.4402,495.4402,495.4402,9512.4520,0.06492179,2279.0250,2079.2952,7629.7792,7829.509,0.05207269,0.05343583,0.00270507,151.9935,139.4692,10.5863,152.4431,22.3171,2254.1801,14.4000,175.9468,137.7798,29.6291,128.4258,256.8515,258.1778,514.3107,777.7133,102.8621,0.0,4.004732,6.055743,1.183512,29,129,8,3,0.43109585,0.06762687,0.04731611,0E-8,0.000000,0.890948,0.000000,0.03570155,2026-03-24,2026-08-06,65,444,384,136,0.477941,1.277014,1.157594,1.436986,,,,,,,,GLOBAL_BASELINE_NO_ENTITY_RANKING,,,NOT_APPLICABLE_GLOBAL_BASELINE,HF9g-P5,,,,X 全窗基线 · 不参与实体赏罚,15058073,1506,A168_HF9F_20260827_0900,2026-08-27 09:00:00
2026-06-19,122817705,2123,0,129.8634505105,-129.8634505105,-129.8634505105,0E-7,1,1,0.50665070000000000,0.506650700000,-1.013391052207602,-1.013391052207602,-1.013391052207602,0E-17,ELIGIBLE,R03b_20260811_FULL_v1,L1_ELIGIBILITY,v2026-08-11,2026-03-21..2026-08-06,baccarat_bet02_101_all_pairs_incl_sentinel,round_win = game_pnl > 0 (decisive only),COMPATIBILITY_ONLY_NOT_PRODUCTION,146521.7074,130543.1969,9908.8042,964,936,-0.06762687,-0.04731611,-0.08301766,-0.06762687,-9908.8042,146521.7074,OK,0.0000,396.3522,4.0000,96.0000,AG03-UNRESOLVED,ALL5_LEVELS_bet23_to_bet27,396.3522,396.3522,495.4402,495.4402,495.4402,4.000000,4.000000,5.000000,5.000000,5.000000,96.000000,96.000000,95.000000,95.000000,95.000000,5.0,2279.0250,2079.2952,7629.7792,7829.509,PENDING_AG03,FALSE,NOT_FOR_ENFORCEMENT,9512.4520,125321.4690,9908.8042,9512.4520,396.3522,0.06762687,0.06492179,396.3522,9512.4520,0.06492179,396.3522,396.3522,495.4402,495.4402,495.4402,9512.4520,0.06492179,2279.0250,2079.2952,7629.7792,7829.509,0.05207269,0.05343583,0.00270507,151.9935,139.4692,10.5863,152.4431,22.3171,2254.1801,14.4000,175.9468,137.7798,29.6291,128.4258,256.8515,258.1778,514.3107,777.7133,102.8621,0.0,4.004732,6.055743,1.183512,29,129,8,3,0.43109585,0.06762687,0.04731611,0E-8,0.000000,0.890948,0.000000,0.03570155,2026-03-24,2026-08-06,65,444,384,136,0.477941,1.277014,1.157594,1.436986,,,,,,,,GLOBAL_BASELINE_NO_ENTITY_RANKING,,,NOT_APPLICABLE_GLOBAL_BASELINE,HF9g-P5,,,,X 全窗基线 · 不参与实体赏罚,15058074,1506,A168_HF9F_20260827_0900,2026-08-27 09:00:00
2026-06-19,122817705,2248,0,326.5872913827,-198.0096176100,-198.0096176100,0E-7,3,3,0.49771390000000000,0.497713900000,-1.4077622098436522,-1.4077622098436524,-1.4077622098436522,0E-17,ELIGIBLE,R03b_20260811_FULL_v1,L1_ELIGIBILITY,v2026-08-11,2026-03-21..2026-08-06,baccarat_bet02_101_all_pairs_incl_sentinel,round_win = game_pnl > 0 (decisive only),COMPATIBILITY_ONLY_NOT_PRODUCTION,146521.7074,130543.1969,9908.8042,964,936,-0.06762687,-0.04731611,-0.08301766,-0.06762687,-9908.8042,146521.7074,OK,0.0000,396.3522,4.0000,96.0000,AG03-UNRESOLVED,ALL5_LEVELS_bet23_to_bet27,396.3522,396.3522,495.4402,495.4402,495.4402,4.000000,4.000000,5.000000,5.000000,5.000000,96.000000,96.000000,95.000000,95.000000,95.000000,5.0,2279.0250,2079.2952,7629.7792,7829.509,PENDING_AG03,FALSE,NOT_FOR_ENFORCEMENT,9512.4520,125321.4690,9908.8042,9512.4520,396.3522,0.06762687,0.06492179,396.3522,9512.4520,0.06492179,396.3522,396.3522,495.4402,495.4402,495.4402,9512.4520,0.06492179,2279.0250,2079.2952,7629.7792,7829.509,0.05207269,0.05343583,0.00270507,151.9935,139.4692,10.5863,152.4431,22.3171,2254.1801,14.4000,175.9468,137.7798,29.6291,128.4258,256.8515,258.1778,514.3107,777.7133,102.8621,0.0,4.004732,6.055743,1.183512,29,129,8,3,0.43109585,0.06762687,0.04731611,0E-8,0.000000,0.890948,0.000000,0.03570155,2026-03-24,2026-08-06,65,444,384,136,0.477941,1.277014,1.157594,1.436986,,,,,,,,GLOBAL_BASELINE_NO_ENTITY_RANKING,,,NOT_APPLICABLE_GLOBAL_BASELINE,HF9g-P5,,,,X 全窗基线 · 不参与实体赏罚,15058075,1506,A168_HF9F_20260827_0900,2026-08-27 09:00:00
2026-06-19,122817705,789,0,180.0087432818,70.7177205750,70.7177205750,0.5000000,2,2,0.49994810000000000,0.499948100000,0.00014679536856514622,0.00014679536856514622,0.00014679536856514622,0E-17,ELIGIBLE,R03b_20260811_FULL_v1,L1_ELIGIBILITY,v2026-08-11,2026-03-21..2026-08-06,baccarat_bet02_101_all_pairs_incl_sentinel,round_win = game_pnl > 0 (decisive only),COMPATIBILITY_ONLY_NOT_PRODUCTION,146521.7074,130543.1969,9908.8042,964,936,-0.06762687,-0.04731611,-0.08301766,-0.06762687,-9908.8042,146521.7074,OK,0.0000,396.3522,4.0000,96.0000,AG03-UNRESOLVED,ALL5_LEVELS_bet23_to_bet27,396.3522,396.3522,495.4402,495.4402,495.4402,4.000000,4.000000,5.000000,5.000000,5.000000,96.000000,96.000000,95.000000,95.000000,95.000000,5.0,2279.0250,2079.2952,7629.7792,7829.509,PENDING_AG03,FALSE,NOT_FOR_ENFORCEMENT,9512.4520,125321.4690,9908.8042,9512.4520,396.3522,0.06762687,0.06492179,396.3522,9512.4520,0.06492179,396.3522,396.3522,495.4402,495.4402,495.4402,9512.4520,0.06492179,2279.0250,2079.2952,7629.7792,7829.509,0.05207269,0.05343583,0.00270507,151.9935,139.4692,10.5863,152.4431,22.3171,2254.1801,14.4000,175.9468,137.7798,29.6291,128.4258,256.8515,258.1778,514.3107,777.7133,102.8621,0.0,4.004732,6.055743,1.183512,29,129,8,3,0.43109585,0.06762687,0.04731611,0E-8,0.000000,0.890948,0.000000,0.03570155,2026-03-24,2026-08-06,65,444,384,136,0.477941,1.277014,1.157594,1.436986,,,,,,,,GLOBAL_BASELINE_NO_ENTITY_RANKING,,,NOT_APPLICABLE_GLOBAL_BASELINE,HF9g-P5,,,,X 全窗基线 · 不参与实体赏罚,15058076,1506,A168_HF9F_20260827_0900,2026-08-27 09:00:00
2026-06-20,122817705,-1,1,270.0131149228,-270.0131149228,-270.0131149228,0E-7,2,2,0.50665070000000000,0.506650700000,-1.4331513700195317,-1.4331513700195317,-1.4331513700195317,0E-17,SENTINEL_DEALER,R03b_20260811_FULL_v1,L1_ELIGIBILITY,v2026-08-11,2026-03-21..2026-08-06,baccarat_bet02_101_all_pairs_incl_sentinel,round_win = game_pnl > 0 (decisive only),COMPATIBILITY_ONLY_NOT_PRODUCTION,146521.7074,130543.1969,9908.8042,964,936,-0.06762687,-0.04731611,-0.08301766,-0.06762687,-9908.8042,146521.7074,OK,0.0000,396.3522,4.0000,96.0000,AG03-UNRESOLVED,ALL5_LEVELS_bet23_to_bet27,396.3522,396.3522,495.4402,495.4402,495.4402,4.000000,4.000000,5.000000,5.000000,5.000000,96.000000,96.000000,95.000000,95.000000,95.000000,5.0,2279.0250,2079.2952,7629.7792,7829.509,PENDING_AG03,FALSE,NOT_FOR_ENFORCEMENT,9512.4520,125321.4690,9908.8042,9512.4520,396.3522,0.06762687,0.06492179,396.3522,9512.4520,0.06492179,396.3522,396.3522,495.4402,495.4402,495.4402,9512.4520,0.06492179,2279.0250,2079.2952,7629.7792,7829.509,0.05207269,0.05343583,0.00270507,151.9935,139.4692,10.5863,152.4431,22.3171,2254.1801,14.4000,175.9468,137.7798,29.6291,128.4258,256.8515,258.1778,514.3107,777.7133,102.8621,0.0,4.004732,6.055743,1.183512,29,129,8,3,0.43109585,0.06762687,0.04731611,0E-8,0.000000,0.890948,0.000000,0.03570155,2026-03-24,2026-08-06,65,444,384,136,0.477941,1.277014,1.157594,1.436986,,,,,,,,GLOBAL_BASELINE_NO_ENTITY_RANKING,,,NOT_APPLICABLE_GLOBAL_BASELINE,HF9g-P5,,,,X 全窗基线 · 不参与实体赏罚,15058077,1506,A168_HF9F_20260827_0900,2026-08-27 09:00:00
2026-06-20,122817705,1400,0,257.1553475455,-257.1553475455,-257.1553475455,0E-7,1,1,0.49324550000000000,0.493245500000,-0.9865810262130424,-0.9865810262130424,-0.9865810262130424,0E-17,ELIGIBLE,R03b_20260811_FULL_v1,L1_ELIGIBILITY,v2026-08-11,2026-03-21..2026-08-06,baccarat_bet02_101_all_pairs_incl_sentinel,round_win = game_pnl > 0 (decisive only),COMPATIBILITY_ONLY_NOT_PRODUCTION,146521.7074,130543.1969,9908.8042,964,936,-0.06762687,-0.04731611,-0.08301766,-0.06762687,-9908.8042,146521.7074,OK,0.0000,396.3522,4.0000,96.0000,AG03-UNRESOLVED,ALL5_LEVELS_bet23_to_bet27,396.3522,396.3522,495.4402,495.4402,495.4402,4.000000,4.000000,5.000000,5.000000,5.000000,96.000000,96.000000,95.000000,95.000000,95.000000,5.0,2279.0250,2079.2952,7629.7792,7829.509,PENDING_AG03,FALSE,NOT_FOR_ENFORCEMENT,9512.4520,125321.4690,9908.8042,9512.4520,396.3522,0.06762687,0.06492179,396.3522,9512.4520,0.06492179,396.3522,396.3522,495.4402,495.4402,495.4402,9512.4520,0.06492179,2279.0250,2079.2952,7629.7792,7829.509,0.05207269,0.05343583,0.00270507,151.9935,139.4692,10.5863,152.4431,22.3171,2254.1801,14.4000,175.9468,137.7798,29.6291,128.4258,256.8515,258.1778,514.3107,777.7133,102.8621,0.0,4.004732,6.055743,1.183512,29,129,8,3,0.43109585,0.06762687,0.04731611,0E-8,0.000000,0.890948,0.000000,0.03570155,2026-03-24,2026-08-06,65,444,384,136,0.477941,1.277014,1.157594,1.436986,,,,,,,,GLOBAL_BASELINE_NO_ENTITY_RANKING,,,NOT_APPLICABLE_GLOBAL_BASELINE,HF9g-P5,,,,X 全窗基线 · 不参与实体赏罚,15058078,1506,A168_HF9F_20260827_0900,2026-08-27 09:00:00
2026-06-20,122817705,2129,0,514.3106950910,257.1553475455,257.1553475455,1.0000000,2,2,0.49324550000000000,0.493245500000,1.01360149184955,1.01360149184955,1.01360149184955,0E-17,ELIGIBLE,R03b_20260811_FULL_v1,L1_ELIGIBILITY,v2026-08-11,2026-03-21..2026-08-06,baccarat_bet02_101_all_pairs_incl_sentinel,round_win = game_pnl > 0 (decisive only),COMPATIBILITY_ONLY_NOT_PRODUCTION,146521.7074,130543.1969,9908.8042,964,936,-0.06762687,-0.04731611,-0.08301766,-0.06762687,-9908.8042,146521.7074,OK,0.0000,396.3522,4.0000,96.0000,AG03-UNRESOLVED,ALL5_LEVELS_bet23_to_bet27,396.3522,396.3522,495.4402,495.4402,495.4402,4.000000,4.000000,5.000000,5.000000,5.000000,96.000000,96.000000,95.000000,95.000000,95.000000,5.0,2279.0250,2079.2952,7629.7792,7829.509,PENDING_AG03,FALSE,NOT_FOR_ENFORCEMENT,9512.4520,125321.4690,9908.8042,9512.4520,396.3522,0.06762687,0.06492179,396.3522,9512.4520,0.06492179,396.3522,396.3522,495.4402,495.4402,495.4402,9512.4520,0.06492179,2279.0250,2079.2952,7629.7792,7829.509,0.05207269,0.05343583,0.00270507,151.9935,139.4692,10.5863,152.4431,22.3171,2254.1801,14.4000,175.9468,137.7798,29.6291,128.4258,256.8515,258.1778,514.3107,777.7133,102.8621,0.0,4.004732,6.055743,1.183512,29,129,8,3,0.43109585,0.06762687,0.04731611,0E-8,0.000000,0.890948,0.000000,0.03570155,2026-03-24,2026-08-06,65,444,384,136,0.477941,1.277014,1.157594,1.436986,,,,,,,,GLOBAL_BASELINE_NO_ENTITY_RANKING,,,NOT_APPLICABLE_GLOBAL_BASELINE,HF9g-P5,,,,X 全窗基线 · 不参与实体赏罚,15058079,1506,A168_HF9F_20260827_0900,2026-08-27 09:00:00
2026-06-20,122817705,2174,0,257.1553475455,-257.1553475455,-257.1553475455,0E-7,1,1,0.50665070000000000,0.506650700000,-1.013391052207602,-1.013391052207602,-1.013391052207602,0E-17,ELIGIBLE,R03b_20260811_FULL_v1,L1_ELIGIBILITY,v2026-08-11,2026-03-21..2026-08-06,baccarat_bet02_101_all_pairs_incl_sentinel,round_win = game_pnl > 0 (decisive only),COMPATIBILITY_ONLY_NOT_PRODUCTION,146521.7074,130543.1969,9908.8042,964,936,-0.06762687,-0.04731611,-0.08301766,-0.06762687,-9908.8042,146521.7074,OK,0.0000,396.3522,4.0000,96.0000,AG03-UNRESOLVED,ALL5_LEVELS_bet23_to_bet27,396.3522,396.3522,495.4402,495.4402,495.4402,4.000000,4.000000,5.000000,5.000000,5.000000,96.000000,96.000000,95.000000,95.000000,95.000000,5.0,2279.0250,2079.2952,7629.7792,7829.509,PENDING_AG03,FALSE,NOT_FOR_ENFORCEMENT,9512.4520,125321.4690,9908.8042,9512.4520,396.3522,0.06762687,0.06492179,396.3522,9512.4520,0.06492179,396.3522,396.3522,495.4402,495.4402,495.4402,9512.4520,0.06492179,2279.0250,2079.2952,7629.7792,7829.509,0.05207269,0.05343583,0.00270507,151.9935,139.4692,10.5863,152.4431,22.3171,2254.1801,14.4000,175.9468,137.7798,29.6291,128.4258,256.8515,258.1778,514.3107,777.7133,102.8621,0.0,4.004732,6.055743,1.183512,29,129,8,3,0.43109585,0.06762687,0.04731611,0E-8,0.000000,0.890948,0.000000,0.03570155,2026-03-24,2026-08-06,65,444,384,136,0.477941,1.277014,1.157594,1.436986,,,,,,,,GLOBAL_BASELINE_NO_ENTITY_RANKING,,,NOT_APPLICABLE_GLOBAL_BASELINE,HF9g-P5,,,,X 全窗基线 · 不参与实体赏罚,15058080,1506,A168_HF9F_20260827_0900,2026-08-27 09:00:00
2026-06-20,122817705,2222,0,7.7146604264,-7.7146604264,-7.7146604264,0E-7,1,1,0.49324550000000000,0.493245500000,-0.9865810262130424,-0.9865810262130424,-0.9865810262130424,0E-17,ELIGIBLE,R03b_20260811_FULL_v1,L1_ELIGIBILITY,v2026-08-11,2026-03-21..2026-08-06,baccarat_bet02_101_all_pairs_incl_sentinel,round_win = game_pnl > 0 (decisive only),COMPATIBILITY_ONLY_NOT_PRODUCTION,146521.7074,130543.1969,9908.8042,964,936,-0.06762687,-0.04731611,-0.08301766,-0.06762687,-9908.8042,146521.7074,OK,0.0000,396.3522,4.0000,96.0000,AG03-UNRESOLVED,ALL5_LEVELS_bet23_to_bet27,396.3522,396.3522,495.4402,495.4402,495.4402,4.000000,4.000000,5.000000,5.000000,5.000000,96.000000,96.000000,95.000000,95.000000,95.000000,5.0,2279.0250,2079.2952,7629.7792,7829.509,PENDING_AG03,FALSE,NOT_FOR_ENFORCEMENT,9512.4520,125321.4690,9908.8042,9512.4520,396.3522,0.06762687,0.06492179,396.3522,9512.4520,0.06492179,396.3522,396.3522,495.4402,495.4402,495.4402,9512.4520,0.06492179,2279.0250,2079.2952,7629.7792,7829.509,0.05207269,0.05343583,0.00270507,151.9935,139.4692,10.5863,152.4431,22.3171,2254.1801,14.4000,175.9468,137.7798,29.6291,128.4258,256.8515,258.1778,514.3107,777.7133,102.8621,0.0,4.004732,6.055743,1.183512,29,129,8,3,0.43109585,0.06762687,0.04731611,0E-8,0.000000,0.890948,0.000000,0.03570155,2026-03-24,2026-08-06,65,444,384,136,0.477941,1.277014,1.157594,1.436986,,,,,,,,GLOBAL_BASELINE_NO_ENTITY_RANKING,,,NOT_APPLICABLE_GLOBAL_BASELINE,HF9g-P5,,,,X 全窗基线 · 不参与实体赏罚,15058081,1506,A168_HF9F_20260827_0900,2026-08-27 09:00:00
2026-06-20,122817705,2248,0,120.8630133463,81.0039344768,81.0039344768,0.6666667,3,3,0.50218230000000000,0.502182300000,0.5697959874915163,0.5697959874915164,0.5697959874915163,0E-17,ELIGIBLE,R03b_20260811_FULL_v1,L1_ELIGIBILITY,v2026-08-11,2026-03-21..2026-08-06,baccarat_bet02_101_all_pairs_incl_sentinel,round_win = game_pnl > 0 (decisive only),COMPATIBILITY_ONLY_NOT_PRODUCTION,146521.7074,130543.1969,9908.8042,964,936,-0.06762687,-0.04731611,-0.08301766,-0.06762687,-9908.8042,146521.7074,OK,0.0000,396.3522,4.0000,96.0000,AG03-UNRESOLVED,ALL5_LEVELS_bet23_to_bet27,396.3522,396.3522,495.4402,495.4402,495.4402,4.000000,4.000000,5.000000,5.000000,5.000000,96.000000,96.000000,95.000000,95.000000,95.000000,5.0,2279.0250,2079.2952,7629.7792,7829.509,PENDING_AG03,FALSE,NOT_FOR_ENFORCEMENT,9512.4520,125321.4690,9908.8042,9512.4520,396.3522,0.06762687,0.06492179,396.3522,9512.4520,0.06492179,396.3522,396.3522,495.4402,495.4402,495.4402,9512.4520,0.06492179,2279.0250,2079.2952,7629.7792,7829.509,0.05207269,0.05343583,0.00270507,151.9935,139.4692,10.5863,152.4431,22.3171,2254.1801,14.4000,175.9468,137.7798,29.6291,128.4258,256.8515,258.1778,514.3107,777.7133,102.8621,0.0,4.004732,6.055743,1.183512,29,129,8,3,0.43109585,0.06762687,0.04731611,0E-8,0.000000,0.890948,0.000000,0.03570155,2026-03-24,2026-08-06,65,444,384,136,0.477941,1.277014,1.157594,1.436986,,,,,,,,GLOBAL_BASELINE_NO_ENTITY_RANKING,,,NOT_APPLICABLE_GLOBAL_BASELINE,HF9g-P5,,,,X 全窗基线 · 不参与实体赏罚,15058082,1506,A168_HF9F_20260827_0900,2026-08-27 09:00:00
2026-06-20,122817705,2256,0,12.8577673773,12.8577673773,12.8577673773,1.0000000,1,1,0.49324550000000000,0.493245500000,1.01360149184955,1.01360149184955,1.01360149184955,0E-17,ELIGIBLE,R03b_20260811_FULL_v1,L1_ELIGIBILITY,v2026-08-11,2026-03-21..2026-08-06,baccarat_bet02_101_all_pairs_incl_sentinel,round_win = game_pnl > 0 (decisive only),COMPATIBILITY_ONLY_NOT_PRODUCTION,146521.7074,130543.1969,9908.8042,964,936,-0.06762687,-0.04731611,-0.08301766,-0.06762687,-9908.8042,146521.7074,OK,0.0000,396.3522,4.0000,96.0000,AG03-UNRESOLVED,ALL5_LEVELS_bet23_to_bet27,396.3522,396.3522,495.4402,495.4402,495.4402,4.000000,4.000000,5.000000,5.000000,5.000000,96.000000,96.000000,95.000000,95.000000,95.000000,5.0,2279.0250,2079.2952,7629.7792,7829.509,PENDING_AG03,FALSE,NOT_FOR_ENFORCEMENT,9512.4520,125321.4690,9908.8042,9512.4520,396.3522,0.06762687,0.06492179,396.3522,9512.4520,0.06492179,396.3522,396.3522,495.4402,495.4402,495.4402,9512.4520,0.06492179,2279.0250,2079.2952,7629.7792,7829.509,0.05207269,0.05343583,0.00270507,151.9935,139.4692,10.5863,152.4431,22.3171,2254.1801,14.4000,175.9468,137.7798,29.6291,128.4258,256.8515,258.1778,514.3107,777.7133,102.8621,0.0,4.004732,6.055743,1.183512,29,129,8,3,0.43109585,0.06762687,0.04731611,0E-8,0.000000,0.890948,0.000000,0.03570155,2026-03-24,2026-08-06,65,444,384,136,0.477941,1.277014,1.157594,1.436986,,,,,,,,GLOBAL_BASELINE_NO_ENTITY_RANKING,,,NOT_APPLICABLE_GLOBAL_BASELINE,HF9g-P5,,,,X 全窗基线 · 不参与实体赏罚,15058083,1506,A168_HF9F_20260827_0900,2026-08-27 09:00:00
2026-06-20,122817705,2261,0,77.1466042636,73.2892740505,73.2892740505,1.0000000,1,1,0.50665070000000000,0.506650700000,0.9867858985152569,0.9867858985152569,0.9867858985152569,0E-17,ELIGIBLE,R03b_20260811_FULL_v1,L1_ELIGIBILITY,v2026-08-11,2026-03-21..2026-08-06,baccarat_bet02_101_all_pairs_incl_sentinel,round_win = game_pnl > 0 (decisive only),COMPATIBILITY_ONLY_NOT_PRODUCTION,146521.7074,130543.1969,9908.8042,964,936,-0.06762687,-0.04731611,-0.08301766,-0.06762687,-9908.8042,146521.7074,OK,0.0000,396.3522,4.0000,96.0000,AG03-UNRESOLVED,ALL5_LEVELS_bet23_to_bet27,396.3522,396.3522,495.4402,495.4402,495.4402,4.000000,4.000000,5.000000,5.000000,5.000000,96.000000,96.000000,95.000000,95.000000,95.000000,5.0,2279.0250,2079.2952,7629.7792,7829.509,PENDING_AG03,FALSE,NOT_FOR_ENFORCEMENT,9512.4520,125321.4690,9908.8042,9512.4520,396.3522,0.06762687,0.06492179,396.3522,9512.4520,0.06492179,396.3522,396.3522,495.4402,495.4402,495.4402,9512.4520,0.06492179,2279.0250,2079.2952,7629.7792,7829.509,0.05207269,0.05343583,0.00270507,151.9935,139.4692,10.5863,152.4431,22.3171,2254.1801,14.4000,175.9468,137.7798,29.6291,128.4258,256.8515,258.1778,514.3107,777.7133,102.8621,0.0,4.004732,6.055743,1.183512,29,129,8,3,0.43109585,0.06762687,0.04731611,0E-8,0.000000,0.890948,0.000000,0.03570155,2026-03-24,2026-08-06,65,444,384,136,0.477941,1.277014,1.157594,1.436986,,,,,,,,GLOBAL_BASELINE_NO_ENTITY_RANKING,,,NOT_APPLICABLE_GLOBAL_BASELINE,HF9g-P5,,,,X 全窗基线 · 不参与实体赏罚,15058084,1506,A168_HF9F_20260827_0900,2026-08-27 09:00:00
2026-06-20,122817705,595,0,128.5776737727,-128.5776737727,-128.5776737727,0E-7,1,1,0.49324550000000000,0.493245500000,-0.9865810262130424,-0.9865810262130424,-0.9865810262130424,0E-17,ELIGIBLE,R03b_20260811_FULL_v1,L1_ELIGIBILITY,v2026-08-11,2026-03-21..2026-08-06,baccarat_bet02_101_all_pairs_incl_sentinel,round_win = game_pnl > 0 (decisive only),COMPATIBILITY_ONLY_NOT_PRODUCTION,146521.7074,130543.1969,9908.8042,964,936,-0.06762687,-0.04731611,-0.08301766,-0.06762687,-9908.8042,146521.7074,OK,0.0000,396.3522,4.0000,96.0000,AG03-UNRESOLVED,ALL5_LEVELS_bet23_to_bet27,396.3522,396.3522,495.4402,495.4402,495.4402,4.000000,4.000000,5.000000,5.000000,5.000000,96.000000,96.000000,95.000000,95.000000,95.000000,5.0,2279.0250,2079.2952,7629.7792,7829.509,PENDING_AG03,FALSE,NOT_FOR_ENFORCEMENT,9512.4520,125321.4690,9908.8042,9512.4520,396.3522,0.06762687,0.06492179,396.3522,9512.4520,0.06492179,396.3522,396.3522,495.4402,495.4402,495.4402,9512.4520,0.06492179,2279.0250,2079.2952,7629.7792,7829.509,0.05207269,0.05343583,0.00270507,151.9935,139.4692,10.5863,152.4431,22.3171,2254.1801,14.4000,175.9468,137.7798,29.6291,128.4258,256.8515,258.1778,514.3107,777.7133,102.8621,0.0,4.004732,6.055743,1.183512,29,129,8,3,0.43109585,0.06762687,0.04731611,0E-8,0.000000,0.890948,0.000000,0.03570155,2026-03-24,2026-08-06,65,444,384,136,0.477941,1.277014,1.157594,1.436986,,,,,,,,GLOBAL_BASELINE_NO_ENTITY_RANKING,,,NOT_APPLICABLE_GLOBAL_BASELINE,HF9g-P5,,,,X 全窗基线 · 不参与实体赏罚,15058085,1506,A168_HF9F_20260827_0900,2026-08-27 09:00:00
2026-06-20,122817705,759,0,5.1431069509,5.1431069509,5.1431069509,1.0000000,1,1,0.49324550000000000,0.493245500000,1.01360149184955,1.01360149184955,1.01360149184955,0E-17,ELIGIBLE,R03b_20260811_FULL_v1,L1_ELIGIBILITY,v2026-08-11,2026-03-21..2026-08-06,baccarat_bet02_101_all_pairs_incl_sentinel,round_win = game_pnl > 0 (decisive only),COMPATIBILITY_ONLY_NOT_PRODUCTION,146521.7074,130543.1969,9908.8042,964,936,-0.06762687,-0.04731611,-0.08301766,-0.06762687,-9908.8042,146521.7074,OK,0.0000,396.3522,4.0000,96.0000,AG03-UNRESOLVED,ALL5_LEVELS_bet23_to_bet27,396.3522,396.3522,495.4402,495.4402,495.4402,4.000000,4.000000,5.000000,5.000000,5.000000,96.000000,96.000000,95.000000,95.000000,95.000000,5.0,2279.0250,2079.2952,7629.7792,7829.509,PENDING_AG03,FALSE,NOT_FOR_ENFORCEMENT,9512.4520,125321.4690,9908.8042,9512.4520,396.3522,0.06762687,0.06492179,396.3522,9512.4520,0.06492179,396.3522,396.3522,495.4402,495.4402,495.4402,9512.4520,0.06492179,2279.0250,2079.2952,7629.7792,7829.509,0.05207269,0.05343583,0.00270507,151.9935,139.4692,10.5863,152.4431,22.3171,2254.1801,14.4000,175.9468,137.7798,29.6291,128.4258,256.8515,258.1778,514.3107,777.7133,102.8621,0.0,4.004732,6.055743,1.183512,29,129,8,3,0.43109585,0.06762687,0.04731611,0E-8,0.000000,0.890948,0.000000,0.03570155,2026-03-24,2026-08-06,65,444,384,136,0.477941,1.277014,1.157594,1.436986,,,,,,,,GLOBAL_BASELINE_NO_ENTITY_RANKING,,,NOT_APPLICABLE_GLOBAL_BASELINE,HF9g-P5,,,,X 全窗基线 · 不参与实体赏罚,15058086,1506,A168_HF9F_20260827_0900,2026-08-27 09:00:00
2026-06-21,122817705,-1,1,1900.3780183609,581.8139738217,581.8139738217,0.5454545,13,11,0.50425691428571468,0.504213390909,0.273284074392323,0.27357258455348443,0.273284074392323,0.00004352337671468,SENTINEL_DEALER,R03b_20260811_FULL_v1,L1_ELIGIBILITY,v2026-08-11,2026-03-21..2026-08-06,baccarat_bet02_101_all_pairs_incl_sentinel,round_win = game_pnl > 0 (decisive only),COMPATIBILITY_ONLY_NOT_PRODUCTION,146521.7074,130543.1969,9908.8042,964,936,-0.06762687,-0.04731611,-0.08301766,-0.06762687,-9908.8042,146521.7074,OK,0.0000,396.3522,4.0000,96.0000,AG03-UNRESOLVED,ALL5_LEVELS_bet23_to_bet27,396.3522,396.3522,495.4402,495.4402,495.4402,4.000000,4.000000,5.000000,5.000000,5.000000,96.000000,96.000000,95.000000,95.000000,95.000000,5.0,2279.0250,2079.2952,7629.7792,7829.509,PENDING_AG03,FALSE,NOT_FOR_ENFORCEMENT,9512.4520,125321.4690,9908.8042,9512.4520,396.3522,0.06762687,0.06492179,396.3522,9512.4520,0.06492179,396.3522,396.3522,495.4402,495.4402,495.4402,9512.4520,0.06492179,2279.0250,2079.2952,7629.7792,7829.509,0.05207269,0.05343583,0.00270507,151.9935,139.4692,10.5863,152.4431,22.3171,2254.1801,14.4000,175.9468,137.7798,29.6291,128.4258,256.8515,258.1778,514.3107,777.7133,102.8621,0.0,4.004732,6.055743,1.183512,29,129,8,3,0.43109585,0.06762687,0.04731611,0E-8,0.000000,0.890948,0.000000,0.03570155,2026-03-24,2026-08-06,65,444,384,136,0.477941,1.277014,1.157594,1.436986,,,,,,,,GLOBAL_BASELINE_NO_ENTITY_RANKING,,,NOT_APPLICABLE_GLOBAL_BASELINE,HF9g-P5,,,,X 全窗基线 · 不参与实体赏罚,15058087,1506,A168_HF9F_20260827_0900,2026-08-27 09:00:00
2026-06-21,122817705,1985,0,257.1553475455,-257.1553475455,-257.1553475455,0E-7,1,1,0.50665070000000000,0.506650700000,-1.013391052207602,-1.013391052207602,-1.013391052207602,0E-17,ELIGIBLE,R03b_20260811_FULL_v1,L1_ELIGIBILITY,v2026-08-11,2026-03-21..2026-08-06,baccarat_bet02_101_all_pairs_incl_sentinel,round_win = game_pnl > 0 (decisive only),COMPATIBILITY_ONLY_NOT_PRODUCTION,146521.7074,130543.1969,9908.8042,964,936,-0.06762687,-0.04731611,-0.08301766,-0.06762687,-9908.8042,146521.7074,OK,0.0000,396.3522,4.0000,96.0000,AG03-UNRESOLVED,ALL5_LEVELS_bet23_to_bet27,396.3522,396.3522,495.4402,495.4402,495.4402,4.000000,4.000000,5.000000,5.000000,5.000000,96.000000,96.000000,95.000000,95.000000,95.000000,5.0,2279.0250,2079.2952,7629.7792,7829.509,PENDING_AG03,FALSE,NOT_FOR_ENFORCEMENT,9512.4520,125321.4690,9908.8042,9512.4520,396.3522,0.06762687,0.06492179,396.3522,9512.4520,0.06492179,396.3522,396.3522,495.4402,495.4402,495.4402,9512.4520,0.06492179,2279.0250,2079.2952,7629.7792,7829.509,0.05207269,0.05343583,0.00270507,151.9935,139.4692,10.5863,152.4431,22.3171,2254.1801,14.4000,175.9468,137.7798,29.6291,128.4258,256.8515,258.1778,514.3107,777.7133,102.8621,0.0,4.004732,6.055743,1.183512,29,129,8,3,0.43109585,0.06762687,0.04731611,0E-8,0.000000,0.890948,0.000000,0.03570155,2026-03-24,2026-08-06,65,444,384,136,0.477941,1.277014,1.157594,1.436986,,,,,,,,GLOBAL_BASELINE_NO_ENTITY_RANKING,,,NOT_APPLICABLE_GLOBAL_BASELINE,HF9g-P5,,,,X 全窗基线 · 不参与实体赏罚,15058088,1506,A168_HF9F_20260827_0900,2026-08-27 09:00:00
2026-06-21,122817705,2212,0,257.1553475455,-257.1553475455,-257.1553475455,0E-7,1,1,0.49324550000000000,0.493245500000,-0.9865810262130424,-0.9865810262130424,-0.9865810262130424,0E-17,ELIGIBLE,R03b_20260811_FULL_v1,L1_ELIGIBILITY,v2026-08-11,2026-03-21..2026-08-06,baccarat_bet02_101_all_pairs_incl_sentinel,round_win = game_pnl > 0 (decisive only),COMPATIBILITY_ONLY_NOT_PRODUCTION,146521.7074,130543.1969,9908.8042,964,936,-0.06762687,-0.04731611,-0.08301766,-0.06762687,-9908.8042,146521.7074,OK,0.0000,396.3522,4.0000,96.0000,AG03-UNRESOLVED,ALL5_LEVELS_bet23_to_bet27,396.3522,396.3522,495.4402,495.4402,495.4402,4.000000,4.000000,5.000000,5.000000,5.000000,96.000000,96.000000,95.000000,95.000000,95.000000,5.0,2279.0250,2079.2952,7629.7792,7829.509,PENDING_AG03,FALSE,NOT_FOR_ENFORCEMENT,9512.4520,125321.4690,9908.8042,9512.4520,396.3522,0.06762687,0.06492179,396.3522,9512.4520,0.06492179,396.3522,396.3522,495.4402,495.4402,495.4402,9512.4520,0.06492179,2279.0250,2079.2952,7629.7792,7829.509,0.05207269,0.05343583,0.00270507,151.9935,139.4692,10.5863,152.4431,22.3171,2254.1801,14.4000,175.9468,137.7798,29.6291,128.4258,256.8515,258.1778,514.3107,777.7133,102.8621,0.0,4.004732,6.055743,1.183512,29,129,8,3,0.43109585,0.06762687,0.04731611,0E-8,0.000000,0.890948,0.000000,0.03570155,2026-03-24,2026-08-06,65,444,384,136,0.477941,1.277014,1.157594,1.436986,,,,,,,,GLOBAL_BASELINE_NO_ENTITY_RANKING,,,NOT_APPLICABLE_GLOBAL_BASELINE,HF9g-P5,,,,X 全窗基线 · 不参与实体赏罚,15058089,1506,A168_HF9F_20260827_0900,2026-08-27 09:00:00
2026-06-21,122817705,2281,0,581.1710854527,447.4503047291,447.4503047291,0.5000000,2,2,0.49994810000000000,0.499948100000,0.00014679536856514622,0.00014679536856514622,0.00014679536856514622,0E-17,ELIGIBLE,R03b_20260811_FULL_v1,L1_ELIGIBILITY,v2026-08-11,2026-03-21..2026-08-06,baccarat_bet02_101_all_pairs_incl_sentinel,round_win = game_pnl > 0 (decisive only),COMPATIBILITY_ONLY_NOT_PRODUCTION,146521.7074,130543.1969,9908.8042,964,936,-0.06762687,-0.04731611,-0.08301766,-0.06762687,-9908.8042,146521.7074,OK,0.0000,396.3522,4.0000,96.0000,AG03-UNRESOLVED,ALL5_LEVELS_bet23_to_bet27,396.3522,396.3522,495.4402,495.4402,495.4402,4.000000,4.000000,5.000000,5.000000,5.000000,96.000000,96.000000,95.000000,95.000000,95.000000,5.0,2279.0250,2079.2952,7629.7792,7829.509,PENDING_AG03,FALSE,NOT_FOR_ENFORCEMENT,9512.4520,125321.4690,9908.8042,9512.4520,396.3522,0.06762687,0.06492179,396.3522,9512.4520,0.06492179,396.3522,396.3522,495.4402,495.4402,495.4402,9512.4520,0.06492179,2279.0250,2079.2952,7629.7792,7829.509,0.05207269,0.05343583,0.00270507,151.9935,139.4692,10.5863,152.4431,22.3171,2254.1801,14.4000,175.9468,137.7798,29.6291,128.4258,256.8515,258.1778,514.3107,777.7133,102.8621,0.0,4.004732,6.055743,1.183512,29,129,8,3,0.43109585,0.06762687,0.04731611,0E-8,0.000000,0.890948,0.000000,0.03570155,2026-03-24,2026-08-06,65,444,384,136,0.477941,1.277014,1.157594,1.436986,,,,,,,,GLOBAL_BASELINE_NO_ENTITY_RANKING,,,NOT_APPLICABLE_GLOBAL_BASELINE,HF9g-P5,,,,X 全窗基线 · 不参与实体赏罚,15058090,1506,A168_HF9F_20260827_0900,2026-08-27 09:00:00
2026-06-21,122817705,986,0,128.5776737727,37.2875253941,37.2875253941,1.0000000,3,3,0.50218230000000000,0.502182300000,1.4080544974538591,1.4080544974538591,1.4080544974538591,0E-17,ELIGIBLE,R03b_20260811_FULL_v1,L1_ELIGIBILITY,v2026-08-11,2026-03-21..2026-08-06,baccarat_bet02_101_all_pairs_incl_sentinel,round_win = game_pnl > 0 (decisive only),COMPATIBILITY_ONLY_NOT_PRODUCTION,146521.7074,130543.1969,9908.8042,964,936,-0.06762687,-0.04731611,-0.08301766,-0.06762687,-9908.8042,146521.7074,OK,0.0000,396.3522,4.0000,96.0000,AG03-UNRESOLVED,ALL5_LEVELS_bet23_to_bet27,396.3522,396.3522,495.4402,495.4402,495.4402,4.000000,4.000000,5.000000,5.000000,5.000000,96.000000,96.000000,95.000000,95.000000,95.000000,5.0,2279.0250,2079.2952,7629.7792,7829.509,PENDING_AG03,FALSE,NOT_FOR_ENFORCEMENT,9512.4520,125321.4690,9908.8042,9512.4520,396.3522,0.06762687,0.06492179,396.3522,9512.4520,0.06492179,396.3522,396.3522,495.4402,495.4402,495.4402,9512.4520,0.06492179,2279.0250,2079.2952,7629.7792,7829.509,0.05207269,0.05343583,0.00270507,151.9935,139.4692,10.5863,152.4431,22.3171,2254.1801,14.4000,175.9468,137.7798,29.6291,128.4258,256.8515,258.1778,514.3107,777.7133,102.8621,0.0,4.004732,6.055743,1.183512,29,129,8,3,0.43109585,0.06762687,0.04731611,0E-8,0.000000,0.890948,0.000000,0.03570155,2026-03-24,2026-08-06,65,444,384,136,0.477941,1.277014,1.157594,1.436986,,,,,,,,GLOBAL_BASELINE_NO_ENTITY_RANKING,,,NOT_APPLICABLE_GLOBAL_BASELINE,HF9g-P5,,,,X 全窗基线 · 不参与实体赏罚,15058091,1506,A168_HF9F_20260827_0900,2026-08-27 09:00:00
2026-06-21,122817705,994,0,128.5776737727,-128.5776737727,-128.5776737727,0E-7,1,1,0.50665070000000000,0.506650700000,-1.013391052207602,-1.013391052207602,-1.013391052207602,0E-17,ELIGIBLE,R03b_20260811_FULL_v1,L1_ELIGIBILITY,v2026-08-11,2026-03-21..2026-08-06,baccarat_bet02_101_all_pairs_incl_sentinel,round_win = game_pnl > 0 (decisive only),COMPATIBILITY_ONLY_NOT_PRODUCTION,146521.7074,130543.1969,9908.8042,964,936,-0.06762687,-0.04731611,-0.08301766,-0.06762687,-9908.8042,146521.7074,OK,0.0000,396.3522,4.0000,96.0000,AG03-UNRESOLVED,ALL5_LEVELS_bet23_to_bet27,396.3522,396.3522,495.4402,495.4402,495.4402,4.000000,4.000000,5.000000,5.000000,5.000000,96.000000,96.000000,95.000000,95.000000,95.000000,5.0,2279.0250,2079.2952,7629.7792,7829.509,PENDING_AG03,FALSE,NOT_FOR_ENFORCEMENT,9512.4520,125321.4690,9908.8042,9512.4520,396.3522,0.06762687,0.06492179,396.3522,9512.4520,0.06492179,396.3522,396.3522,495.4402,495.4402,495.4402,9512.4520,0.06492179,2279.0250,2079.2952,7629.7792,7829.509,0.05207269,0.05343583,0.00270507,151.9935,139.4692,10.5863,152.4431,22.3171,2254.1801,14.4000,175.9468,137.7798,29.6291,128.4258,256.8515,258.1778,514.3107,777.7133,102.8621,0.0,4.004732,6.055743,1.183512,29,129,8,3,0.43109585,0.06762687,0.04731611,0E-8,0.000000,0.890948,0.000000,0.03570155,2026-03-24,2026-08-06,65,444,384,136,0.477941,1.277014,1.157594,1.436986,,,,,,,,GLOBAL_BASELINE_NO_ENTITY_RANKING,,,NOT_APPLICABLE_GLOBAL_BASELINE,HF9g-P5,,,,X 全窗基线 · 不参与实体赏罚,15058092,1506,A168_HF9F_20260827_0900,2026-08-27 09:00:00
2026-06-22,122817705,-1,1,36.7732146990,-36.7732146990,-36.7732146990,0E-7,1,1,0.49324550000000000,0.493245500000,-0.9865810262130424,-0.9865810262130424,-0.9865810262130424,0E-17,SENTINEL_DEALER,R03b_20260811_FULL_v1,L1_ELIGIBILITY,v2026-08-11,2026-03-21..2026-08-06,baccarat_bet02_101_all_pairs_incl_sentinel,round_win = game_pnl > 0 (decisive only),COMPATIBILITY_ONLY_NOT_PRODUCTION,146521.7074,130543.1969,9908.8042,964,936,-0.06762687,-0.04731611,-0.08301766,-0.06762687,-9908.8042,146521.7074,OK,0.0000,396.3522,4.0000,96.0000,AG03-UNRESOLVED,ALL5_LEVELS_bet23_to_bet27,396.3522,396.3522,495.4402,495.4402,495.4402,4.000000,4.000000,5.000000,5.000000,5.000000,96.000000,96.000000,95.000000,95.000000,95.000000,5.0,2279.0250,2079.2952,7629.7792,7829.509,PENDING_AG03,FALSE,NOT_FOR_ENFORCEMENT,9512.4520,125321.4690,9908.8042,9512.4520,396.3522,0.06762687,0.06492179,396.3522,9512.4520,0.06492179,396.3522,396.3522,495.4402,495.4402,495.4402,9512.4520,0.06492179,2279.0250,2079.2952,7629.7792,7829.509,0.05207269,0.05343583,0.00270507,151.9935,139.4692,10.5863,152.4431,22.3171,2254.1801,14.4000,175.9468,137.7798,29.6291,128.4258,256.8515,258.1778,514.3107,777.7133,102.8621,0.0,4.004732,6.055743,1.183512,29,129,8,3,0.43109585,0.06762687,0.04731611,0E-8,0.000000,0.890948,0.000000,0.03570155,2026-03-24,2026-08-06,65,444,384,136,0.477941,1.277014,1.157594,1.436986,,,,,,,,GLOBAL_BASELINE_NO_ENTITY_RANKING,,,NOT_APPLICABLE_GLOBAL_BASELINE,HF9g-P5,,,,X 全窗基线 · 不参与实体赏罚,15058093,1506,A168_HF9F_20260827_0900,2026-08-27 09:00:00
2026-06-23,122817705,-1,1,1751.2279167845,-53.7454676369,-53.7454676369,0.5714286,15,15,0.50039494000000000,0.500394940000,0.5315671893133622,0.5315671893133622,0.5315671893133622,0E-17,SENTINEL_DEALER,R03b_20260811_FULL_v1,L1_ELIGIBILITY,v2026-08-11,2026-03-21..2026-08-06,baccarat_bet02_101_all_pairs_incl_sentinel,round_win = game_pnl > 0 (decisive only),COMPATIBILITY_ONLY_NOT_PRODUCTION,146521.7074,130543.1969,9908.8042,964,936,-0.06762687,-0.04731611,-0.08301766,-0.06762687,-9908.8042,146521.7074,OK,0.0000,396.3522,4.0000,96.0000,AG03-UNRESOLVED,ALL5_LEVELS_bet23_to_bet27,396.3522,396.3522,495.4402,495.4402,495.4402,4.000000,4.000000,5.000000,5.000000,5.000000,96.000000,96.000000,95.000000,95.000000,95.000000,5.0,2279.0250,2079.2952,7629.7792,7829.509,PENDING_AG03,FALSE,NOT_FOR_ENFORCEMENT,9512.4520,125321.4690,9908.8042,9512.4520,396.3522,0.06762687,0.06492179,396.3522,9512.4520,0.06492179,396.3522,396.3522,495.4402,495.4402,495.4402,9512.4520,0.06492179,2279.0250,2079.2952,7629.7792,7829.509,0.05207269,0.05343583,0.00270507,151.9935,139.4692,10.5863,152.4431,22.3171,2254.1801,14.4000,175.9468,137.7798,29.6291,128.4258,256.8515,258.1778,514.3107,777.7133,102.8621,0.0,4.004732,6.055743,1.183512,29,129,8,3,0.43109585,0.06762687,0.04731611,0E-8,0.000000,0.890948,0.000000,0.03570155,2026-03-24,2026-08-06,65,444,384,136,0.477941,1.277014,1.157594,1.436986,,,,,,,,GLOBAL_BASELINE_NO_ENTITY_RANKING,,,NOT_APPLICABLE_GLOBAL_BASELINE,HF9g-P5,,,,X 全窗基线 · 不参与实体赏罚,15058094,1506,A168_HF9F_20260827_0900,2026-08-27 09:00:00
2026-06-23,122817705,1017,0,272.5846683982,228.8682593155,228.8682593155,0.5000000,2,2,0.50665070000000000,0.506650700000,-0.018812684590367487,-0.018812684590367487,-0.018812684590367487,0E-17,ELIGIBLE,R03b_20260811_FULL_v1,L1_ELIGIBILITY,v2026-08-11,2026-03-21..2026-08-06,baccarat_bet02_101_all_pairs_incl_sentinel,round_win = game_pnl > 0 (decisive only),COMPATIBILITY_ONLY_NOT_PRODUCTION,146521.7074,130543.1969,9908.8042,964,936,-0.06762687,-0.04731611,-0.08301766,-0.06762687,-9908.8042,146521.7074,OK,0.0000,396.3522,4.0000,96.0000,AG03-UNRESOLVED,ALL5_LEVELS_bet23_to_bet27,396.3522,396.3522,495.4402,495.4402,495.4402,4.000000,4.000000,5.000000,5.000000,5.000000,96.000000,96.000000,95.000000,95.000000,95.000000,5.0,2279.0250,2079.2952,7629.7792,7829.509,PENDING_AG03,FALSE,NOT_FOR_ENFORCEMENT,9512.4520,125321.4690,9908.8042,9512.4520,396.3522,0.06762687,0.06492179,396.3522,9512.4520,0.06492179,396.3522,396.3522,495.4402,495.4402,495.4402,9512.4520,0.06492179,2279.0250,2079.2952,7629.7792,7829.509,0.05207269,0.05343583,0.00270507,151.9935,139.4692,10.5863,152.4431,22.3171,2254.1801,14.4000,175.9468,137.7798,29.6291,128.4258,256.8515,258.1778,514.3107,777.7133,102.8621,0.0,4.004732,6.055743,1.183512,29,129,8,3,0.43109585,0.06762687,0.04731611,0E-8,0.000000,0.890948,0.000000,0.03570155,2026-03-24,2026-08-06,65,444,384,136,0.477941,1.277014,1.157594,1.436986,,,,,,,,GLOBAL_BASELINE_NO_ENTITY_RANKING,,,NOT_APPLICABLE_GLOBAL_BASELINE,HF9g-P5,,,,X 全窗基线 · 不参与实体赏罚,15058095,1506,A168_HF9F_20260827_0900,2026-08-27 09:00:00
2026-06-23,122817705,1115,0,257.1553475455,-257.1553475455,-257.1553475455,0E-7,1,1,0.49324550000000000,0.493245500000,-0.9865810262130424,-0.9865810262130424,-0.9865810262130424,0E-17,ELIGIBLE,R03b_20260811_FULL_v1,L1_ELIGIBILITY,v2026-08-11,2026-03-21..2026-08-06,baccarat_bet02_101_all_pairs_incl_sentinel,round_win = game_pnl > 0 (decisive only),COMPATIBILITY_ONLY_NOT_PRODUCTION,146521.7074,130543.1969,9908.8042,964,936,-0.06762687,-0.04731611,-0.08301766,-0.06762687,-9908.8042,146521.7074,OK,0.0000,396.3522,4.0000,96.0000,AG03-UNRESOLVED,ALL5_LEVELS_bet23_to_bet27,396.3522,396.3522,495.4402,495.4402,495.4402,4.000000,4.000000,5.000000,5.000000,5.000000,96.000000,96.000000,95.000000,95.000000,95.000000,5.0,2279.0250,2079.2952,7629.7792,7829.509,PENDING_AG03,FALSE,NOT_FOR_ENFORCEMENT,9512.4520,125321.4690,9908.8042,9512.4520,396.3522,0.06762687,0.06492179,396.3522,9512.4520,0.06492179,396.3522,396.3522,495.4402,495.4402,495.4402,9512.4520,0.06492179,2279.0250,2079.2952,7629.7792,7829.509,0.05207269,0.05343583,0.00270507,151.9935,139.4692,10.5863,152.4431,22.3171,2254.1801,14.4000,175.9468,137.7798,29.6291,128.4258,256.8515,258.1778,514.3107,777.7133,102.8621,0.0,4.004732,6.055743,1.183512,29,129,8,3,0.43109585,0.06762687,0.04731611,0E-8,0.000000,0.890948,0.000000,0.03570155,2026-03-24,2026-08-06,65,444,384,136,0.477941,1.277014,1.157594,1.436986,,,,,,,,GLOBAL_BASELINE_NO_ENTITY_RANKING,,,NOT_APPLICABLE_GLOBAL_BASELINE,HF9g-P5,,,,X 全窗基线 · 不参与实体赏罚,15058096,1506,A168_HF9F_20260827_0900,2026-08-27 09:00:00
2026-06-23,122817705,1330,0,745.7505078818,507.8818114022,507.8818114022,0.5000000,2,2,0.49994810000000000,0.499948100000,0.00014679536856514622,0.00014679536856514622,0.00014679536856514622,0E-17,ELIGIBLE,R03b_20260811_FULL_v1,L1_ELIGIBILITY,v2026-08-11,2026-03-21..2026-08-06,baccarat_bet02_101_all_pairs_incl_sentinel,round_win = game_pnl > 0 (decisive only),COMPATIBILITY_ONLY_NOT_PRODUCTION,146521.7074,130543.1969,9908.8042,964,936,-0.06762687,-0.04731611,-0.08301766,-0.06762687,-9908.8042,146521.7074,OK,0.0000,396.3522,4.0000,96.0000,AG03-UNRESOLVED,ALL5_LEVELS_bet23_to_bet27,396.3522,396.3522,495.4402,495.4402,495.4402,4.000000,4.000000,5.000000,5.000000,5.000000,96.000000,96.000000,95.000000,95.000000,95.000000,5.0,2279.0250,2079.2952,7629.7792,7829.509,PENDING_AG03,FALSE,NOT_FOR_ENFORCEMENT,9512.4520,125321.4690,9908.8042,9512.4520,396.3522,0.06762687,0.06492179,396.3522,9512.4520,0.06492179,396.3522,396.3522,495.4402,495.4402,495.4402,9512.4520,0.06492179,2279.0250,2079.2952,7629.7792,7829.509,0.05207269,0.05343583,0.00270507,151.9935,139.4692,10.5863,152.4431,22.3171,2254.1801,14.4000,175.9468,137.7798,29.6291,128.4258,256.8515,258.1778,514.3107,777.7133,102.8621,0.0,4.004732,6.055743,1.183512,29,129,8,3,0.43109585,0.06762687,0.04731611,0E-8,0.000000,0.890948,0.000000,0.03570155,2026-03-24,2026-08-06,65,444,384,136,0.477941,1.277014,1.157594,1.436986,,,,,,,,GLOBAL_BASELINE_NO_ENTITY_RANKING,,,NOT_APPLICABLE_GLOBAL_BASELINE,HF9g-P5,,,,X 全窗基线 · 不参与实体赏罚,15058097,1506,A168_HF9F_20260827_0900,2026-08-27 09:00:00
2026-06-23,122817705,1374,0,892.3290559827,100.6763185641,100.6763185641,0.6666667,7,7,0.50473567142857143,0.504735671429,0.7933322080094374,0.7933322080073443,0.7933322080094374,-4.2857E-13,ELIGIBLE,R03b_20260811_FULL_v1,L1_ELIGIBILITY,v2026-08-11,2026-03-21..2026-08-06,baccarat_bet02_101_all_pairs_incl_sentinel,round_win = game_pnl > 0 (decisive only),COMPATIBILITY_ONLY_NOT_PRODUCTION,146521.7074,130543.1969,9908.8042,964,936,-0.06762687,-0.04731611,-0.08301766,-0.06762687,-9908.8042,146521.7074,OK,0.0000,396.3522,4.0000,96.0000,AG03-UNRESOLVED,ALL5_LEVELS_bet23_to_bet27,396.3522,396.3522,495.4402,495.4402,495.4402,4.000000,4.000000,5.000000,5.000000,5.000000,96.000000,96.000000,95.000000,95.000000,95.000000,5.0,2279.0250,2079.2952,7629.7792,7829.509,PENDING_AG03,FALSE,NOT_FOR_ENFORCEMENT,9512.4520,125321.4690,9908.8042,9512.4520,396.3522,0.06762687,0.06492179,396.3522,9512.4520,0.06492179,396.3522,396.3522,495.4402,495.4402,495.4402,9512.4520,0.06492179,2279.0250,2079.2952,7629.7792,7829.509,0.05207269,0.05343583,0.00270507,151.9935,139.4692,10.5863,152.4431,22.3171,2254.1801,14.4000,175.9468,137.7798,29.6291,128.4258,256.8515,258.1778,514.3107,777.7133,102.8621,0.0,4.004732,6.055743,1.183512,29,129,8,3,0.43109585,0.06762687,0.04731611,0E-8,0.000000,0.890948,0.000000,0.03570155,2026-03-24,2026-08-06,65,444,384,136,0.477941,1.277014,1.157594,1.436986,,,,,,,,GLOBAL_BASELINE_NO_ENTITY_RANKING,,,NOT_APPLICABLE_GLOBAL_BASELINE,HF9g-P5,,,,X 全窗基线 · 不参与实体赏罚,15058098,1506,A168_HF9F_20260827_0900,2026-08-27 09:00:00
2026-06-23,122817705,1505,0,922.9305423406,581.4282408004,581.4282408004,0.5000000,4,4,0.50329940000000000,0.503299400000,-0.01319788734859681,-0.01319788734859681,-0.01319788734859681,0E-17,ELIGIBLE,R03b_20260811_FULL_v1,L1_ELIGIBILITY,v2026-08-11,2026-03-21..2026-08-06,baccarat_bet02_101_all_pairs_incl_sentinel,round_win = game_pnl > 0 (decisive only),COMPATIBILITY_ONLY_NOT_PRODUCTION,146521.7074,130543.1969,9908.8042,964,936,-0.06762687,-0.04731611,-0.08301766,-0.06762687,-9908.8042,146521.7074,OK,0.0000,396.3522,4.0000,96.0000,AG03-UNRESOLVED,ALL5_LEVELS_bet23_to_bet27,396.3522,396.3522,495.4402,495.4402,495.4402,4.000000,4.000000,5.000000,5.000000,5.000000,96.000000,96.000000,95.000000,95.000000,95.000000,5.0,2279.0250,2079.2952,7629.7792,7829.509,PENDING_AG03,FALSE,NOT_FOR_ENFORCEMENT,9512.4520,125321.4690,9908.8042,9512.4520,396.3522,0.06762687,0.06492179,396.3522,9512.4520,0.06492179,396.3522,396.3522,495.4402,495.4402,495.4402,9512.4520,0.06492179,2279.0250,2079.2952,7629.7792,7829.509,0.05207269,0.05343583,0.00270507,151.9935,139.4692,10.5863,152.4431,22.3171,2254.1801,14.4000,175.9468,137.7798,29.6291,128.4258,256.8515,258.1778,514.3107,777.7133,102.8621,0.0,4.004732,6.055743,1.183512,29,129,8,3,0.43109585,0.06762687,0.04731611,0E-8,0.000000,0.890948,0.000000,0.03570155,2026-03-24,2026-08-06,65,444,384,136,0.477941,1.277014,1.157594,1.436986,,,,,,,,GLOBAL_BASELINE_NO_ENTITY_RANKING,,,NOT_APPLICABLE_GLOBAL_BASELINE,HF9g-P5,,,,X 全窗基线 · 不参与实体赏罚,15058099,1506,A168_HF9F_20260827_0900,2026-08-27 09:00:00
2026-06-23,122817705,1645,0,38.5733021318,38.5733021318,38.5733021318,1.0000000,1,1,0.49324550000000000,0.493245500000,1.01360149184955,1.01360149184955,1.01360149184955,0E-17,ELIGIBLE,R03b_20260811_FULL_v1,L1_ELIGIBILITY,v2026-08-11,2026-03-21..2026-08-06,baccarat_bet02_101_all_pairs_incl_sentinel,round_win = game_pnl > 0 (decisive only),COMPATIBILITY_ONLY_NOT_PRODUCTION,146521.7074,130543.1969,9908.8042,964,936,-0.06762687,-0.04731611,-0.08301766,-0.06762687,-9908.8042,146521.7074,OK,0.0000,396.3522,4.0000,96.0000,AG03-UNRESOLVED,ALL5_LEVELS_bet23_to_bet27,396.3522,396.3522,495.4402,495.4402,495.4402,4.000000,4.000000,5.000000,5.000000,5.000000,96.000000,96.000000,95.000000,95.000000,95.000000,5.0,2279.0250,2079.2952,7629.7792,7829.509,PENDING_AG03,FALSE,NOT_FOR_ENFORCEMENT,9512.4520,125321.4690,9908.8042,9512.4520,396.3522,0.06762687,0.06492179,396.3522,9512.4520,0.06492179,396.3522,396.3522,495.4402,495.4402,495.4402,9512.4520,0.06492179,2279.0250,2079.2952,7629.7792,7829.509,0.05207269,0.05343583,0.00270507,151.9935,139.4692,10.5863,152.4431,22.3171,2254.1801,14.4000,175.9468,137.7798,29.6291,128.4258,256.8515,258.1778,514.3107,777.7133,102.8621,0.0,4.004732,6.055743,1.183512,29,129,8,3,0.43109585,0.06762687,0.04731611,0E-8,0.000000,0.890948,0.000000,0.03570155,2026-03-24,2026-08-06,65,444,384,136,0.477941,1.277014,1.157594,1.436986,,,,,,,,GLOBAL_BASELINE_NO_ENTITY_RANKING,,,NOT_APPLICABLE_GLOBAL_BASELINE,HF9g-P5,,,,X 全窗基线 · 不参与实体赏罚,15058100,1506,A168_HF9F_20260827_0900,2026-08-27 09:00:00
2026-06-23,122817705,2115,0,257.1553475455,-257.1553475455,-257.1553475455,0E-7,1,1,0.50665070000000000,0.506650700000,-1.013391052207602,-1.013391052207602,-1.013391052207602,0E-17,ELIGIBLE,R03b_20260811_FULL_v1,L1_ELIGIBILITY,v2026-08-11,2026-03-21..2026-08-06,baccarat_bet02_101_all_pairs_incl_sentinel,round_win = game_pnl > 0 (decisive only),COMPATIBILITY_ONLY_NOT_PRODUCTION,146521.7074,130543.1969,9908.8042,964,936,-0.06762687,-0.04731611,-0.08301766,-0.06762687,-9908.8042,146521.7074,OK,0.0000,396.3522,4.0000,96.0000,AG03-UNRESOLVED,ALL5_LEVELS_bet23_to_bet27,396.3522,396.3522,495.4402,495.4402,495.4402,4.000000,4.000000,5.000000,5.000000,5.000000,96.000000,96.000000,95.000000,95.000000,95.000000,5.0,2279.0250,2079.2952,7629.7792,7829.509,PENDING_AG03,FALSE,NOT_FOR_ENFORCEMENT,9512.4520,125321.4690,9908.8042,9512.4520,396.3522,0.06762687,0.06492179,396.3522,9512.4520,0.06492179,396.3522,396.3522,495.4402,495.4402,495.4402,9512.4520,0.06492179,2279.0250,2079.2952,7629.7792,7829.509,0.05207269,0.05343583,0.00270507,151.9935,139.4692,10.5863,152.4431,22.3171,2254.1801,14.4000,175.9468,137.7798,29.6291,128.4258,256.8515,258.1778,514.3107,777.7133,102.8621,0.0,4.004732,6.055743,1.183512,29,129,8,3,0.43109585,0.06762687,0.04731611,0E-8,0.000000,0.890948,0.000000,0.03570155,2026-03-24,2026-08-06,65,444,384,136,0.477941,1.277014,1.157594,1.436986,,,,,,,,GLOBAL_BASELINE_NO_ENTITY_RANKING,,,NOT_APPLICABLE_GLOBAL_BASELINE,HF9g-P5,,,,X 全窗基线 · 不参与实体赏罚,15058101,1506,A168_HF9F_20260827_0900,2026-08-27 09:00:00
2026-06-23,122817705,2174,0,532.3115694191,-532.3115694191,-532.3115694191,0E-7,3,3,0.50665070000000000,0.506650700000,-1.7552447903592512,-1.7552447903592512,-1.7552447903592512,0E-17,ELIGIBLE,R03b_20260811_FULL_v1,L1_ELIGIBILITY,v2026-08-11,2026-03-21..2026-08-06,baccarat_bet02_101_all_pairs_incl_sentinel,round_win = game_pnl > 0 (decisive only),COMPATIBILITY_ONLY_NOT_PRODUCTION,146521.7074,130543.1969,9908.8042,964,936,-0.06762687,-0.04731611,-0.08301766,-0.06762687,-9908.8042,146521.7074,OK,0.0000,396.3522,4.0000,96.0000,AG03-UNRESOLVED,ALL5_LEVELS_bet23_to_bet27,396.3522,396.3522,495.4402,495.4402,495.4402,4.000000,4.000000,5.000000,5.000000,5.000000,96.000000,96.000000,95.000000,95.000000,95.000000,5.0,2279.0250,2079.2952,7629.7792,7829.509,PENDING_AG03,FALSE,NOT_FOR_ENFORCEMENT,9512.4520,125321.4690,9908.8042,9512.4520,396.3522,0.06762687,0.06492179,396.3522,9512.4520,0.06492179,396.3522,396.3522,495.4402,495.4402,495.4402,9512.4520,0.06492179,2279.0250,2079.2952,7629.7792,7829.509,0.05207269,0.05343583,0.00270507,151.9935,139.4692,10.5863,152.4431,22.3171,2254.1801,14.4000,175.9468,137.7798,29.6291,128.4258,256.8515,258.1778,514.3107,777.7133,102.8621,0.0,4.004732,6.055743,1.183512,29,129,8,3,0.43109585,0.06762687,0.04731611,0E-8,0.000000,0.890948,0.000000,0.03570155,2026-03-24,2026-08-06,65,444,384,136,0.477941,1.277014,1.157594,1.436986,,,,,,,,GLOBAL_BASELINE_NO_ENTITY_RANKING,,,NOT_APPLICABLE_GLOBAL_BASELINE,HF9g-P5,,,,X 全窗基线 · 不参与实体赏罚,15058102,1506,A168_HF9F_20260827_0900,2026-08-27 09:00:00
2026-06-23,122817705,2208,0,270.0131149227,-90.0043716409,-90.0043716409,0.5000000,2,2,0.49324550000000000,0.493245500000,0.01910635448239258,0.01910635448239258,0.01910635448239258,0E-17,ELIGIBLE,R03b_20260811_FULL_v1,L1_ELIGIBILITY,v2026-08-11,2026-03-21..2026-08-06,baccarat_bet02_101_all_pairs_incl_sentinel,round_win = game_pnl > 0 (decisive only),COMPATIBILITY_ONLY_NOT_PRODUCTION,146521.7074,130543.1969,9908.8042,964,936,-0.06762687,-0.04731611,-0.08301766,-0.06762687,-9908.8042,146521.7074,OK,0.0000,396.3522,4.0000,96.0000,AG03-UNRESOLVED,ALL5_LEVELS_bet23_to_bet27,396.3522,396.3522,495.4402,495.4402,495.4402,4.000000,4.000000,5.000000,5.000000,5.000000,96.000000,96.000000,95.000000,95.000000,95.000000,5.0,2279.0250,2079.2952,7629.7792,7829.509,PENDING_AG03,FALSE,NOT_FOR_ENFORCEMENT,9512.4520,125321.4690,9908.8042,9512.4520,396.3522,0.06762687,0.06492179,396.3522,9512.4520,0.06492179,396.3522,396.3522,495.4402,495.4402,495.4402,9512.4520,0.06492179,2279.0250,2079.2952,7629.7792,7829.509,0.05207269,0.05343583,0.00270507,151.9935,139.4692,10.5863,152.4431,22.3171,2254.1801,14.4000,175.9468,137.7798,29.6291,128.4258,256.8515,258.1778,514.3107,777.7133,102.8621,0.0,4.004732,6.055743,1.183512,29,129,8,3,0.43109585,0.06762687,0.04731611,0E-8,0.000000,0.890948,0.000000,0.03570155,2026-03-24,2026-08-06,65,444,384,136,0.477941,1.277014,1.157594,1.436986,,,,,,,,GLOBAL_BASELINE_NO_ENTITY_RANKING,,,NOT_APPLICABLE_GLOBAL_BASELINE,HF9g-P5,,,,X 全窗基线 · 不参与实体赏罚,15058103,1506,A168_HF9F_20260827_0900,2026-08-27 09:00:00
2026-06-23,122817705,2220,0,128.5776737727,122.1487900841,122.1487900841,1.0000000,1,1,0.50665070000000000,0.506650700000,0.9867858985152569,0.9867858985152569,0.9867858985152569,0E-17,ELIGIBLE,R03b_20260811_FULL_v1,L1_ELIGIBILITY,v2026-08-11,2026-03-21..2026-08-06,baccarat_bet02_101_all_pairs_incl_sentinel,round_win = game_pnl > 0 (decisive only),COMPATIBILITY_ONLY_NOT_PRODUCTION,146521.7074,130543.1969,9908.8042,964,936,-0.06762687,-0.04731611,-0.08301766,-0.06762687,-9908.8042,146521.7074,OK,0.0000,396.3522,4.0000,96.0000,AG03-UNRESOLVED,ALL5_LEVELS_bet23_to_bet27,396.3522,396.3522,495.4402,495.4402,495.4402,4.000000,4.000000,5.000000,5.000000,5.000000,96.000000,96.000000,95.000000,95.000000,95.000000,5.0,2279.0250,2079.2952,7629.7792,7829.509,PENDING_AG03,FALSE,NOT_FOR_ENFORCEMENT,9512.4520,125321.4690,9908.8042,9512.4520,396.3522,0.06762687,0.06492179,396.3522,9512.4520,0.06492179,396.3522,396.3522,495.4402,495.4402,495.4402,9512.4520,0.06492179,2279.0250,2079.2952,7629.7792,7829.509,0.05207269,0.05343583,0.00270507,151.9935,139.4692,10.5863,152.4431,22.3171,2254.1801,14.4000,175.9468,137.7798,29.6291,128.4258,256.8515,258.1778,514.3107,777.7133,102.8621,0.0,4.004732,6.055743,1.183512,29,129,8,3,0.43109585,0.06762687,0.04731611,0E-8,0.000000,0.890948,0.000000,0.03570155,2026-03-24,2026-08-06,65,444,384,136,0.477941,1.277014,1.157594,1.436986,,,,,,,,GLOBAL_BASELINE_NO_ENTITY_RANKING,,,NOT_APPLICABLE_GLOBAL_BASELINE,HF9g-P5,,,,X 全窗基线 · 不参与实体赏罚,15058104,1506,A168_HF9F_20260827_0900,2026-08-27 09:00:00
2026-06-23,122817705,2241,0,257.1553475455,-257.1553475455,-257.1553475455,0E-7,1,1,0.49324550000000000,0.493245500000,-0.9865810262130424,-0.9865810262130424,-0.9865810262130424,0E-17,ELIGIBLE,R03b_20260811_FULL_v1,L1_ELIGIBILITY,v2026-08-11,2026-03-21..2026-08-06,baccarat_bet02_101_all_pairs_incl_sentinel,round_win = game_pnl > 0 (decisive only),COMPATIBILITY_ONLY_NOT_PRODUCTION,146521.7074,130543.1969,9908.8042,964,936,-0.06762687,-0.04731611,-0.08301766,-0.06762687,-9908.8042,146521.7074,OK,0.0000,396.3522,4.0000,96.0000,AG03-UNRESOLVED,ALL5_LEVELS_bet23_to_bet27,396.3522,396.3522,495.4402,495.4402,495.4402,4.000000,4.000000,5.000000,5.000000,5.000000,96.000000,96.000000,95.000000,95.000000,95.000000,5.0,2279.0250,2079.2952,7629.7792,7829.509,PENDING_AG03,FALSE,NOT_FOR_ENFORCEMENT,9512.4520,125321.4690,9908.8042,9512.4520,396.3522,0.06762687,0.06492179,396.3522,9512.4520,0.06492179,396.3522,396.3522,495.4402,495.4402,495.4402,9512.4520,0.06492179,2279.0250,2079.2952,7629.7792,7829.509,0.05207269,0.05343583,0.00270507,151.9935,139.4692,10.5863,152.4431,22.3171,2254.1801,14.4000,175.9468,137.7798,29.6291,128.4258,256.8515,258.1778,514.3107,777.7133,102.8621,0.0,4.004732,6.055743,1.183512,29,129,8,3,0.43109585,0.06762687,0.04731611,0E-8,0.000000,0.890948,0.000000,0.03570155,2026-03-24,2026-08-06,65,444,384,136,0.477941,1.277014,1.157594,1.436986,,,,,,,,GLOBAL_BASELINE_NO_ENTITY_RANKING,,,NOT_APPLICABLE_GLOBAL_BASELINE,HF9g-P5,,,,X 全窗基线 · 不参与实体赏罚,15058105,1506,A168_HF9F_20260827_0900,2026-08-27 09:00:00
2026-06-23,122817705,471,0,257.1553475455,-257.1553475455,-257.1553475455,0E-7,1,1,0.50665070000000000,0.506650700000,-1.013391052207602,-1.013391052207602,-1.013391052207602,0E-17,ELIGIBLE,R03b_20260811_FULL_v1,L1_ELIGIBILITY,v2026-08-11,2026-03-21..2026-08-06,baccarat_bet02_101_all_pairs_incl_sentinel,round_win = game_pnl > 0 (decisive only),COMPATIBILITY_ONLY_NOT_PRODUCTION,146521.7074,130543.1969,9908.8042,964,936,-0.06762687,-0.04731611,-0.08301766,-0.06762687,-9908.8042,146521.7074,OK,0.0000,396.3522,4.0000,96.0000,AG03-UNRESOLVED,ALL5_LEVELS_bet23_to_bet27,396.3522,396.3522,495.4402,495.4402,495.4402,4.000000,4.000000,5.000000,5.000000,5.000000,96.000000,96.000000,95.000000,95.000000,95.000000,5.0,2279.0250,2079.2952,7629.7792,7829.509,PENDING_AG03,FALSE,NOT_FOR_ENFORCEMENT,9512.4520,125321.4690,9908.8042,9512.4520,396.3522,0.06762687,0.06492179,396.3522,9512.4520,0.06492179,396.3522,396.3522,495.4402,495.4402,495.4402,9512.4520,0.06492179,2279.0250,2079.2952,7629.7792,7829.509,0.05207269,0.05343583,0.00270507,151.9935,139.4692,10.5863,152.4431,22.3171,2254.1801,14.4000,175.9468,137.7798,29.6291,128.4258,256.8515,258.1778,514.3107,777.7133,102.8621,0.0,4.004732,6.055743,1.183512,29,129,8,3,0.43109585,0.06762687,0.04731611,0E-8,0.000000,0.890948,0.000000,0.03570155,2026-03-24,2026-08-06,65,444,384,136,0.477941,1.277014,1.157594,1.436986,,,,,,,,GLOBAL_BASELINE_NO_ENTITY_RANKING,,,NOT_APPLICABLE_GLOBAL_BASELINE,HF9g-P5,,,,X 全窗基线 · 不参与实体赏罚,15058106,1506,A168_HF9F_20260827_0900,2026-08-27 09:00:00
2026-06-23,122817705,550,0,205.7242780363,95.1474785918,95.1474785918,0.6666667,3,3,0.50665070000000000,0.506650700000,0.5543606114942035,0.5543606114942035,0.5543606114942035,0E-17,ELIGIBLE,R03b_20260811_FULL_v1,L1_ELIGIBILITY,v2026-08-11,2026-03-21..2026-08-06,baccarat_bet02_101_all_pairs_incl_sentinel,round_win = game_pnl > 0 (decisive only),COMPATIBILITY_ONLY_NOT_PRODUCTION,146521.7074,130543.1969,9908.8042,964,936,-0.06762687,-0.04731611,-0.08301766,-0.06762687,-9908.8042,146521.7074,OK,0.0000,396.3522,4.0000,96.0000,AG03-UNRESOLVED,ALL5_LEVELS_bet23_to_bet27,396.3522,396.3522,495.4402,495.4402,495.4402,4.000000,4.000000,5.000000,5.000000,5.000000,96.000000,96.000000,95.000000,95.000000,95.000000,5.0,2279.0250,2079.2952,7629.7792,7829.509,PENDING_AG03,FALSE,NOT_FOR_ENFORCEMENT,9512.4520,125321.4690,9908.8042,9512.4520,396.3522,0.06762687,0.06492179,396.3522,9512.4520,0.06492179,396.3522,396.3522,495.4402,495.4402,495.4402,9512.4520,0.06492179,2279.0250,2079.2952,7629.7792,7829.509,0.05207269,0.05343583,0.00270507,151.9935,139.4692,10.5863,152.4431,22.3171,2254.1801,14.4000,175.9468,137.7798,29.6291,128.4258,256.8515,258.1778,514.3107,777.7133,102.8621,0.0,4.004732,6.055743,1.183512,29,129,8,3,0.43109585,0.06762687,0.04731611,0E-8,0.000000,0.890948,0.000000,0.03570155,2026-03-24,2026-08-06,65,444,384,136,0.477941,1.277014,1.157594,1.436986,,,,,,,,GLOBAL_BASELINE_NO_ENTITY_RANKING,,,NOT_APPLICABLE_GLOBAL_BASELINE,HF9g-P5,,,,X 全窗基线 · 不参与实体赏罚,15058107,1506,A168_HF9F_20260827_0900,2026-08-27 09:00:00
2026-06-23,122817705,789,0,874.3281816545,180.0087432818,180.0087432818,0.2500000,5,5,0.49324550000000000,0.493245500000,-0.9730707933947887,-0.9730707933947887,-0.9730707933947887,0E-17,ELIGIBLE,R03b_20260811_FULL_v1,L1_ELIGIBILITY,v2026-08-11,2026-03-21..2026-08-06,baccarat_bet02_101_all_pairs_incl_sentinel,round_win = game_pnl > 0 (decisive only),COMPATIBILITY_ONLY_NOT_PRODUCTION,146521.7074,130543.1969,9908.8042,964,936,-0.06762687,-0.04731611,-0.08301766,-0.06762687,-9908.8042,146521.7074,OK,0.0000,396.3522,4.0000,96.0000,AG03-UNRESOLVED,ALL5_LEVELS_bet23_to_bet27,396.3522,396.3522,495.4402,495.4402,495.4402,4.000000,4.000000,5.000000,5.000000,5.000000,96.000000,96.000000,95.000000,95.000000,95.000000,5.0,2279.0250,2079.2952,7629.7792,7829.509,PENDING_AG03,FALSE,NOT_FOR_ENFORCEMENT,9512.4520,125321.4690,9908.8042,9512.4520,396.3522,0.06762687,0.06492179,396.3522,9512.4520,0.06492179,396.3522,396.3522,495.4402,495.4402,495.4402,9512.4520,0.06492179,2279.0250,2079.2952,7629.7792,7829.509,0.05207269,0.05343583,0.00270507,151.9935,139.4692,10.5863,152.4431,22.3171,2254.1801,14.4000,175.9468,137.7798,29.6291,128.4258,256.8515,258.1778,514.3107,777.7133,102.8621,0.0,4.004732,6.055743,1.183512,29,129,8,3,0.43109585,0.06762687,0.04731611,0E-8,0.000000,0.890948,0.000000,0.03570155,2026-03-24,2026-08-06,65,444,384,136,0.477941,1.277014,1.157594,1.436986,,,,,,,,GLOBAL_BASELINE_NO_ENTITY_RANKING,,,NOT_APPLICABLE_GLOBAL_BASELINE,HF9g-P5,,,,X 全窗基线 · 不参与实体赏罚,15058108,1506,A168_HF9F_20260827_0900,2026-08-27 09:00:00
2026-06-24,122817705,-1,1,159.4363154781,108.0052459691,108.0052459691,0.6666667,3,3,0.49324550000000000,0.493245500000,0.6008033672792107,0.6008033672792106,0.6008033672792107,0E-17,SENTINEL_DEALER,R03b_20260811_FULL_v1,L1_ELIGIBILITY,v2026-08-11,2026-03-21..2026-08-06,baccarat_bet02_101_all_pairs_incl_sentinel,round_win = game_pnl > 0 (decisive only),COMPATIBILITY_ONLY_NOT_PRODUCTION,146521.7074,130543.1969,9908.8042,964,936,-0.06762687,-0.04731611,-0.08301766,-0.06762687,-9908.8042,146521.7074,OK,0.0000,396.3522,4.0000,96.0000,AG03-UNRESOLVED,ALL5_LEVELS_bet23_to_bet27,396.3522,396.3522,495.4402,495.4402,495.4402,4.000000,4.000000,5.000000,5.000000,5.000000,96.000000,96.000000,95.000000,95.000000,95.000000,5.0,2279.0250,2079.2952,7629.7792,7829.509,PENDING_AG03,FALSE,NOT_FOR_ENFORCEMENT,9512.4520,125321.4690,9908.8042,9512.4520,396.3522,0.06762687,0.06492179,396.3522,9512.4520,0.06492179,396.3522,396.3522,495.4402,495.4402,495.4402,9512.4520,0.06492179,2279.0250,2079.2952,7629.7792,7829.509,0.05207269,0.05343583,0.00270507,151.9935,139.4692,10.5863,152.4431,22.3171,2254.1801,14.4000,175.9468,137.7798,29.6291,128.4258,256.8515,258.1778,514.3107,777.7133,102.8621,0.0,4.004732,6.055743,1.183512,29,129,8,3,0.43109585,0.06762687,0.04731611,0E-8,0.000000,0.890948,0.000000,0.03570155,2026-03-24,2026-08-06,65,444,384,136,0.477941,1.277014,1.157594,1.436986,,,,,,,,GLOBAL_BASELINE_NO_ENTITY_RANKING,,,NOT_APPLICABLE_GLOBAL_BASELINE,HF9g-P5,,,,X 全窗基线 · 不参与实体赏罚,15058109,1506,A168_HF9F_20260827_0900,2026-08-27 09:00:00
2026-06-24,122817705,1507,0,123.4345668218,118.2914598709,118.2914598709,1.0000000,2,2,0.49994810000000000,0.499948100000,1.4143603653603398,1.4143603653603398,1.4143603653603398,0E-17,ELIGIBLE,R03b_20260811_FULL_v1,L1_ELIGIBILITY,v2026-08-11,2026-03-21..2026-08-06,baccarat_bet02_101_all_pairs_incl_sentinel,round_win = game_pnl > 0 (decisive only),COMPATIBILITY_ONLY_NOT_PRODUCTION,146521.7074,130543.1969,9908.8042,964,936,-0.06762687,-0.04731611,-0.08301766,-0.06762687,-9908.8042,146521.7074,OK,0.0000,396.3522,4.0000,96.0000,AG03-UNRESOLVED,ALL5_LEVELS_bet23_to_bet27,396.3522,396.3522,495.4402,495.4402,495.4402,4.000000,4.000000,5.000000,5.000000,5.000000,96.000000,96.000000,95.000000,95.000000,95.000000,5.0,2279.0250,2079.2952,7629.7792,7829.509,PENDING_AG03,FALSE,NOT_FOR_ENFORCEMENT,9512.4520,125321.4690,9908.8042,9512.4520,396.3522,0.06762687,0.06492179,396.3522,9512.4520,0.06492179,396.3522,396.3522,495.4402,495.4402,495.4402,9512.4520,0.06492179,2279.0250,2079.2952,7629.7792,7829.509,0.05207269,0.05343583,0.00270507,151.9935,139.4692,10.5863,152.4431,22.3171,2254.1801,14.4000,175.9468,137.7798,29.6291,128.4258,256.8515,258.1778,514.3107,777.7133,102.8621,0.0,4.004732,6.055743,1.183512,29,129,8,3,0.43109585,0.06762687,0.04731611,0E-8,0.000000,0.890948,0.000000,0.03570155,2026-03-24,2026-08-06,65,444,384,136,0.477941,1.277014,1.157594,1.436986,,,,,,,,GLOBAL_BASELINE_NO_ENTITY_RANKING,,,NOT_APPLICABLE_GLOBAL_BASELINE,HF9g-P5,,,,X 全窗基线 · 不参与实体赏罚,15058110,1506,A168_HF9F_20260827_0900,2026-08-27 09:00:00
2026-06-24,122817705,2224,0,43.7164090827,0E-10,0E-10,,2,2,0.50665070000000000,0.506650700000,,,,0E-17,NO_DECISIVE_ROUND,R03b_20260811_FULL_v1,L1_ELIGIBILITY,v2026-08-11,2026-03-21..2026-08-06,baccarat_bet02_101_all_pairs_incl_sentinel,round_win = game_pnl > 0 (decisive only),COMPATIBILITY_ONLY_NOT_PRODUCTION,146521.7074,130543.1969,9908.8042,964,936,-0.06762687,-0.04731611,-0.08301766,-0.06762687,-9908.8042,146521.7074,OK,0.0000,396.3522,4.0000,96.0000,AG03-UNRESOLVED,ALL5_LEVELS_bet23_to_bet27,396.3522,396.3522,495.4402,495.4402,495.4402,4.000000,4.000000,5.000000,5.000000,5.000000,96.000000,96.000000,95.000000,95.000000,95.000000,5.0,2279.0250,2079.2952,7629.7792,7829.509,PENDING_AG03,FALSE,NOT_FOR_ENFORCEMENT,9512.4520,125321.4690,9908.8042,9512.4520,396.3522,0.06762687,0.06492179,396.3522,9512.4520,0.06492179,396.3522,396.3522,495.4402,495.4402,495.4402,9512.4520,0.06492179,2279.0250,2079.2952,7629.7792,7829.509,0.05207269,0.05343583,0.00270507,151.9935,139.4692,10.5863,152.4431,22.3171,2254.1801,14.4000,175.9468,137.7798,29.6291,128.4258,256.8515,258.1778,514.3107,777.7133,102.8621,0.0,4.004732,6.055743,1.183512,29,129,8,3,0.43109585,0.06762687,0.04731611,0E-8,0.000000,0.890948,0.000000,0.03570155,2026-03-24,2026-08-06,65,444,384,136,0.477941,1.277014,1.157594,1.436986,,,,,,,,GLOBAL_BASELINE_NO_ENTITY_RANKING,,,NOT_APPLICABLE_GLOBAL_BASELINE,HF9g-P5,,,,X 全窗基线 · 不参与实体赏罚,15058111,1506,A168_HF9F_20260827_0900,2026-08-27 09:00:00
2026-06-24,122817705,462,0,90.0043716409,85.5041530589,85.5041530589,1.0000000,1,1,0.50665070000000000,0.506650700000,0.9867858985152569,0.9867858985152569,0.9867858985152569,0E-17,ELIGIBLE,R03b_20260811_FULL_v1,L1_ELIGIBILITY,v2026-08-11,2026-03-21..2026-08-06,baccarat_bet02_101_all_pairs_incl_sentinel,round_win = game_pnl > 0 (decisive only),COMPATIBILITY_ONLY_NOT_PRODUCTION,146521.7074,130543.1969,9908.8042,964,936,-0.06762687,-0.04731611,-0.08301766,-0.06762687,-9908.8042,146521.7074,OK,0.0000,396.3522,4.0000,96.0000,AG03-UNRESOLVED,ALL5_LEVELS_bet23_to_bet27,396.3522,396.3522,495.4402,495.4402,495.4402,4.000000,4.000000,5.000000,5.000000,5.000000,96.000000,96.000000,95.000000,95.000000,95.000000,5.0,2279.0250,2079.2952,7629.7792,7829.509,PENDING_AG03,FALSE,NOT_FOR_ENFORCEMENT,9512.4520,125321.4690,9908.8042,9512.4520,396.3522,0.06762687,0.06492179,396.3522,9512.4520,0.06492179,396.3522,396.3522,495.4402,495.4402,495.4402,9512.4520,0.06492179,2279.0250,2079.2952,7629.7792,7829.509,0.05207269,0.05343583,0.00270507,151.9935,139.4692,10.5863,152.4431,22.3171,2254.1801,14.4000,175.9468,137.7798,29.6291,128.4258,256.8515,258.1778,514.3107,777.7133,102.8621,0.0,4.004732,6.055743,1.183512,29,129,8,3,0.43109585,0.06762687,0.04731611,0E-8,0.000000,0.890948,0.000000,0.03570155,2026-03-24,2026-08-06,65,444,384,136,0.477941,1.277014,1.157594,1.436986,,,,,,,,GLOBAL_BASELINE_NO_ENTITY_RANKING,,,NOT_APPLICABLE_GLOBAL_BASELINE,HF9g-P5,,,,X 全窗基线 · 不参与实体赏罚,15058112,1506,A168_HF9F_20260827_0900,2026-08-27 09:00:00
2026-06-24,122817705,526,0,527.1684624682,154.2932085273,154.2932085273,0.5000000,4,4,0.49994810000000000,0.499948100000,0.00020760000111838688,0.00020760000111838688,0.00020760000111838688,0E-17,ELIGIBLE,R03b_20260811_FULL_v1,L1_ELIGIBILITY,v2026-08-11,2026-03-21..2026-08-06,baccarat_bet02_101_all_pairs_incl_sentinel,round_win = game_pnl > 0 (decisive only),COMPATIBILITY_ONLY_NOT_PRODUCTION,146521.7074,130543.1969,9908.8042,964,936,-0.06762687,-0.04731611,-0.08301766,-0.06762687,-9908.8042,146521.7074,OK,0.0000,396.3522,4.0000,96.0000,AG03-UNRESOLVED,ALL5_LEVELS_bet23_to_bet27,396.3522,396.3522,495.4402,495.4402,495.4402,4.000000,4.000000,5.000000,5.000000,5.000000,96.000000,96.000000,95.000000,95.000000,95.000000,5.0,2279.0250,2079.2952,7629.7792,7829.509,PENDING_AG03,FALSE,NOT_FOR_ENFORCEMENT,9512.4520,125321.4690,9908.8042,9512.4520,396.3522,0.06762687,0.06492179,396.3522,9512.4520,0.06492179,396.3522,396.3522,495.4402,495.4402,495.4402,9512.4520,0.06492179,2279.0250,2079.2952,7629.7792,7829.509,0.05207269,0.05343583,0.00270507,151.9935,139.4692,10.5863,152.4431,22.3171,2254.1801,14.4000,175.9468,137.7798,29.6291,128.4258,256.8515,258.1778,514.3107,777.7133,102.8621,0.0,4.004732,6.055743,1.183512,29,129,8,3,0.43109585,0.06762687,0.04731611,0E-8,0.000000,0.890948,0.000000,0.03570155,2026-03-24,2026-08-06,65,444,384,136,0.477941,1.277014,1.157594,1.436986,,,,,,,,GLOBAL_BASELINE_NO_ENTITY_RANKING,,,NOT_APPLICABLE_GLOBAL_BASELINE,HF9g-P5,,,,X 全窗基线 · 不参与实体赏罚,15058113,1506,A168_HF9F_20260827_0900,2026-08-27 09:00:00
2026-06-24,122817705,986,0,102.8621390182,-102.8621390182,-102.8621390182,0E-7,1,1,0.50665070000000000,0.506650700000,-1.013391052207602,-1.013391052207602,-1.013391052207602,0E-17,ELIGIBLE,R03b_20260811_FULL_v1,L1_ELIGIBILITY,v2026-08-11,2026-03-21..2026-08-06,baccarat_bet02_101_all_pairs_incl_sentinel,round_win = game_pnl > 0 (decisive only),COMPATIBILITY_ONLY_NOT_PRODUCTION,146521.7074,130543.1969,9908.8042,964,936,-0.06762687,-0.04731611,-0.08301766,-0.06762687,-9908.8042,146521.7074,OK,0.0000,396.3522,4.0000,96.0000,AG03-UNRESOLVED,ALL5_LEVELS_bet23_to_bet27,396.3522,396.3522,495.4402,495.4402,495.4402,4.000000,4.000000,5.000000,5.000000,5.000000,96.000000,96.000000,95.000000,95.000000,95.000000,5.0,2279.0250,2079.2952,7629.7792,7829.509,PENDING_AG03,FALSE,NOT_FOR_ENFORCEMENT,9512.4520,125321.4690,9908.8042,9512.4520,396.3522,0.06762687,0.06492179,396.3522,9512.4520,0.06492179,396.3522,396.3522,495.4402,495.4402,495.4402,9512.4520,0.06492179,2279.0250,2079.2952,7629.7792,7829.509,0.05207269,0.05343583,0.00270507,151.9935,139.4692,10.5863,152.4431,22.3171,2254.1801,14.4000,175.9468,137.7798,29.6291,128.4258,256.8515,258.1778,514.3107,777.7133,102.8621,0.0,4.004732,6.055743,1.183512,29,129,8,3,0.43109585,0.06762687,0.04731611,0E-8,0.000000,0.890948,0.000000,0.03570155,2026-03-24,2026-08-06,65,444,384,136,0.477941,1.277014,1.157594,1.436986,,,,,,,,GLOBAL_BASELINE_NO_ENTITY_RANKING,,,NOT_APPLICABLE_GLOBAL_BASELINE,HF9g-P5,,,,X 全窗基线 · 不参与实体赏罚,15058114,1506,A168_HF9F_20260827_0900,2026-08-27 09:00:00
2026-06-25,122817705,1115,0,385.7330213182,-385.7330213182,-385.7330213182,0E-7,1,1,0.50665070000000000,0.506650700000,-1.013391052207602,-1.013391052207602,-1.013391052207602,0E-17,ELIGIBLE,R03b_20260811_FULL_v1,L1_ELIGIBILITY,v2026-08-11,2026-03-21..2026-08-06,baccarat_bet02_101_all_pairs_incl_sentinel,round_win = game_pnl > 0 (decisive only),COMPATIBILITY_ONLY_NOT_PRODUCTION,146521.7074,130543.1969,9908.8042,964,936,-0.06762687,-0.04731611,-0.08301766,-0.06762687,-9908.8042,146521.7074,OK,0.0000,396.3522,4.0000,96.0000,AG03-UNRESOLVED,ALL5_LEVELS_bet23_to_bet27,396.3522,396.3522,495.4402,495.4402,495.4402,4.000000,4.000000,5.000000,5.000000,5.000000,96.000000,96.000000,95.000000,95.000000,95.000000,5.0,2279.0250,2079.2952,7629.7792,7829.509,PENDING_AG03,FALSE,NOT_FOR_ENFORCEMENT,9512.4520,125321.4690,9908.8042,9512.4520,396.3522,0.06762687,0.06492179,396.3522,9512.4520,0.06492179,396.3522,396.3522,495.4402,495.4402,495.4402,9512.4520,0.06492179,2279.0250,2079.2952,7629.7792,7829.509,0.05207269,0.05343583,0.00270507,151.9935,139.4692,10.5863,152.4431,22.3171,2254.1801,14.4000,175.9468,137.7798,29.6291,128.4258,256.8515,258.1778,514.3107,777.7133,102.8621,0.0,4.004732,6.055743,1.183512,29,129,8,3,0.43109585,0.06762687,0.04731611,0E-8,0.000000,0.890948,0.000000,0.03570155,2026-03-24,2026-08-06,65,444,384,136,0.477941,1.277014,1.157594,1.436986,,,,,,,,GLOBAL_BASELINE_NO_ENTITY_RANKING,,,NOT_APPLICABLE_GLOBAL_BASELINE,HF9g-P5,,,,X 全窗基线 · 不参与实体赏罚,15058115,1506,A168_HF9F_20260827_0900,2026-08-27 09:00:00
2026-06-25,122817705,2170,0,797.1815773909,707.1772057500,707.1772057500,0.5000000,2,2,0.50665070000000000,0.506650700000,-0.018812684590367487,-0.018812684590367487,-0.018812684590367487,0E-17,ELIGIBLE,R03b_20260811_FULL_v1,L1_ELIGIBILITY,v2026-08-11,2026-03-21..2026-08-06,baccarat_bet02_101_all_pairs_incl_sentinel,round_win = game_pnl > 0 (decisive only),COMPATIBILITY_ONLY_NOT_PRODUCTION,146521.7074,130543.1969,9908.8042,964,936,-0.06762687,-0.04731611,-0.08301766,-0.06762687,-9908.8042,146521.7074,OK,0.0000,396.3522,4.0000,96.0000,AG03-UNRESOLVED,ALL5_LEVELS_bet23_to_bet27,396.3522,396.3522,495.4402,495.4402,495.4402,4.000000,4.000000,5.000000,5.000000,5.000000,96.000000,96.000000,95.000000,95.000000,95.000000,5.0,2279.0250,2079.2952,7629.7792,7829.509,PENDING_AG03,FALSE,NOT_FOR_ENFORCEMENT,9512.4520,125321.4690,9908.8042,9512.4520,396.3522,0.06762687,0.06492179,396.3522,9512.4520,0.06492179,396.3522,396.3522,495.4402,495.4402,495.4402,9512.4520,0.06492179,2279.0250,2079.2952,7629.7792,7829.509,0.05207269,0.05343583,0.00270507,151.9935,139.4692,10.5863,152.4431,22.3171,2254.1801,14.4000,175.9468,137.7798,29.6291,128.4258,256.8515,258.1778,514.3107,777.7133,102.8621,0.0,4.004732,6.055743,1.183512,29,129,8,3,0.43109585,0.06762687,0.04731611,0E-8,0.000000,0.890948,0.000000,0.03570155,2026-03-24,2026-08-06,65,444,384,136,0.477941,1.277014,1.157594,1.436986,,,,,,,,GLOBAL_BASELINE_NO_ENTITY_RANKING,,,NOT_APPLICABLE_GLOBAL_BASELINE,HF9g-P5,,,,X 全窗基线 · 不参与实体赏罚,15058116,1506,A168_HF9F_20260827_0900,2026-08-27 09:00:00
2026-06-26,122817705,-1,1,686.6047779465,-159.4363154782,-159.4363154782,0.5000000,4,4,0.49994810000000000,0.499948100000,0.00020760000111838688,0.00020760000111838688,0.00020760000111838688,0E-17,SENTINEL_DEALER,R03b_20260811_FULL_v1,L1_ELIGIBILITY,v2026-08-11,2026-03-21..2026-08-06,baccarat_bet02_101_all_pairs_incl_sentinel,round_win = game_pnl > 0 (decisive only),COMPATIBILITY_ONLY_NOT_PRODUCTION,146521.7074,130543.1969,9908.8042,964,936,-0.06762687,-0.04731611,-0.08301766,-0.06762687,-9908.8042,146521.7074,OK,0.0000,396.3522,4.0000,96.0000,AG03-UNRESOLVED,ALL5_LEVELS_bet23_to_bet27,396.3522,396.3522,495.4402,495.4402,495.4402,4.000000,4.000000,5.000000,5.000000,5.000000,96.000000,96.000000,95.000000,95.000000,95.000000,5.0,2279.0250,2079.2952,7629.7792,7829.509,PENDING_AG03,FALSE,NOT_FOR_ENFORCEMENT,9512.4520,125321.4690,9908.8042,9512.4520,396.3522,0.06762687,0.06492179,396.3522,9512.4520,0.06492179,396.3522,396.3522,495.4402,495.4402,495.4402,9512.4520,0.06492179,2279.0250,2079.2952,7629.7792,7829.509,0.05207269,0.05343583,0.00270507,151.9935,139.4692,10.5863,152.4431,22.3171,2254.1801,14.4000,175.9468,137.7798,29.6291,128.4258,256.8515,258.1778,514.3107,777.7133,102.8621,0.0,4.004732,6.055743,1.183512,29,129,8,3,0.43109585,0.06762687,0.04731611,0E-8,0.000000,0.890948,0.000000,0.03570155,2026-03-24,2026-08-06,65,444,384,136,0.477941,1.277014,1.157594,1.436986,,,,,,,,GLOBAL_BASELINE_NO_ENTITY_RANKING,,,NOT_APPLICABLE_GLOBAL_BASELINE,HF9g-P5,,,,X 全窗基线 · 不参与实体赏罚,15058117,1506,A168_HF9F_20260827_0900,2026-08-27 09:00:00
2026-06-26,122817705,1750,0,102.8621390182,-102.8621390182,-102.8621390182,0E-7,1,1,0.49324550000000000,0.493245500000,-0.9865810262130424,-0.9865810262130424,-0.9865810262130424,0E-17,ELIGIBLE,R03b_20260811_FULL_v1,L1_ELIGIBILITY,v2026-08-11,2026-03-21..2026-08-06,baccarat_bet02_101_all_pairs_incl_sentinel,round_win = game_pnl > 0 (decisive only),COMPATIBILITY_ONLY_NOT_PRODUCTION,146521.7074,130543.1969,9908.8042,964,936,-0.06762687,-0.04731611,-0.08301766,-0.06762687,-9908.8042,146521.7074,OK,0.0000,396.3522,4.0000,96.0000,AG03-UNRESOLVED,ALL5_LEVELS_bet23_to_bet27,396.3522,396.3522,495.4402,495.4402,495.4402,4.000000,4.000000,5.000000,5.000000,5.000000,96.000000,96.000000,95.000000,95.000000,95.000000,5.0,2279.0250,2079.2952,7629.7792,7829.509,PENDING_AG03,FALSE,NOT_FOR_ENFORCEMENT,9512.4520,125321.4690,9908.8042,9512.4520,396.3522,0.06762687,0.06492179,396.3522,9512.4520,0.06492179,396.3522,396.3522,495.4402,495.4402,495.4402,9512.4520,0.06492179,2279.0250,2079.2952,7629.7792,7829.509,0.05207269,0.05343583,0.00270507,151.9935,139.4692,10.5863,152.4431,22.3171,2254.1801,14.4000,175.9468,137.7798,29.6291,128.4258,256.8515,258.1778,514.3107,777.7133,102.8621,0.0,4.004732,6.055743,1.183512,29,129,8,3,0.43109585,0.06762687,0.04731611,0E-8,0.000000,0.890948,0.000000,0.03570155,2026-03-24,2026-08-06,65,444,384,136,0.477941,1.277014,1.157594,1.436986,,,,,,,,GLOBAL_BASELINE_NO_ENTITY_RANKING,,,NOT_APPLICABLE_GLOBAL_BASELINE,HF9g-P5,,,,X 全窗基线 · 不参与实体赏罚,15058118,1506,A168_HF9F_20260827_0900,2026-08-27 09:00:00
2026-06-26,122817705,2212,0,257.1553475455,0E-10,0E-10,,1,1,0.50665070000000000,0.506650700000,,,,0E-17,NO_DECISIVE_ROUND,R03b_20260811_FULL_v1,L1_ELIGIBILITY,v2026-08-11,2026-03-21..2026-08-06,baccarat_bet02_101_all_pairs_incl_sentinel,round_win = game_pnl > 0 (decisive only),COMPATIBILITY_ONLY_NOT_PRODUCTION,146521.7074,130543.1969,9908.8042,964,936,-0.06762687,-0.04731611,-0.08301766,-0.06762687,-9908.8042,146521.7074,OK,0.0000,396.3522,4.0000,96.0000,AG03-UNRESOLVED,ALL5_LEVELS_bet23_to_bet27,396.3522,396.3522,495.4402,495.4402,495.4402,4.000000,4.000000,5.000000,5.000000,5.000000,96.000000,96.000000,95.000000,95.000000,95.000000,5.0,2279.0250,2079.2952,7629.7792,7829.509,PENDING_AG03,FALSE,NOT_FOR_ENFORCEMENT,9512.4520,125321.4690,9908.8042,9512.4520,396.3522,0.06762687,0.06492179,396.3522,9512.4520,0.06492179,396.3522,396.3522,495.4402,495.4402,495.4402,9512.4520,0.06492179,2279.0250,2079.2952,7629.7792,7829.509,0.05207269,0.05343583,0.00270507,151.9935,139.4692,10.5863,152.4431,22.3171,2254.1801,14.4000,175.9468,137.7798,29.6291,128.4258,256.8515,258.1778,514.3107,777.7133,102.8621,0.0,4.004732,6.055743,1.183512,29,129,8,3,0.43109585,0.06762687,0.04731611,0E-8,0.000000,0.890948,0.000000,0.03570155,2026-03-24,2026-08-06,65,444,384,136,0.477941,1.277014,1.157594,1.436986,,,,,,,,GLOBAL_BASELINE_NO_ENTITY_RANKING,,,NOT_APPLICABLE_GLOBAL_BASELINE,HF9g-P5,,,,X 全窗基线 · 不参与实体赏罚,15058119,1506,A168_HF9F_20260827_0900,2026-08-27 09:00:00
2026-06-30,122817705,-1,1,514.3106950909,-385.7330213182,-385.7330213182,0E-7,3,3,0.49771390000000000,0.497713900000,-1.4077622098436522,-1.4077622098436524,-1.4077622098436522,0E-17,SENTINEL_DEALER,R03b_20260811_FULL_v1,L1_ELIGIBILITY,v2026-08-11,2026-03-21..2026-08-06,baccarat_bet02_101_all_pairs_incl_sentinel,round_win = game_pnl > 0 (decisive only),COMPATIBILITY_ONLY_NOT_PRODUCTION,146521.7074,130543.1969,9908.8042,964,936,-0.06762687,-0.04731611,-0.08301766,-0.06762687,-9908.8042,146521.7074,OK,0.0000,396.3522,4.0000,96.0000,AG03-UNRESOLVED,ALL5_LEVELS_bet23_to_bet27,396.3522,396.3522,495.4402,495.4402,495.4402,4.000000,4.000000,5.000000,5.000000,5.000000,96.000000,96.000000,95.000000,95.000000,95.000000,5.0,2279.0250,2079.2952,7629.7792,7829.509,PENDING_AG03,FALSE,NOT_FOR_ENFORCEMENT,9512.4520,125321.4690,9908.8042,9512.4520,396.3522,0.06762687,0.06492179,396.3522,9512.4520,0.06492179,396.3522,396.3522,495.4402,495.4402,495.4402,9512.4520,0.06492179,2279.0250,2079.2952,7629.7792,7829.509,0.05207269,0.05343583,0.00270507,151.9935,139.4692,10.5863,152.4431,22.3171,2254.1801,14.4000,175.9468,137.7798,29.6291,128.4258,256.8515,258.1778,514.3107,777.7133,102.8621,0.0,4.004732,6.055743,1.183512,29,129,8,3,0.43109585,0.06762687,0.04731611,0E-8,0.000000,0.890948,0.000000,0.03570155,2026-03-24,2026-08-06,65,444,384,136,0.477941,1.277014,1.157594,1.436986,,,,,,,,GLOBAL_BASELINE_NO_ENTITY_RANKING,,,NOT_APPLICABLE_GLOBAL_BASELINE,HF9g-P5,,,,X 全窗基线 · 不参与实体赏罚,15058120,1506,A168_HF9F_20260827_0900,2026-08-27 09:00:00
2026-06-30,122817705,1951,0,511.4819862679,235.1814230977,235.1814230977,0.6666667,3,3,0.50665070000000000,0.506650700000,0.5543606114942035,0.5543606114942035,0.5543606114942035,0E-17,ELIGIBLE,R03b_20260811_FULL_v1,L1_ELIGIBILITY,v2026-08-11,2026-03-21..2026-08-06,baccarat_bet02_101_all_pairs_incl_sentinel,round_win = game_pnl > 0 (decisive only),COMPATIBILITY_ONLY_NOT_PRODUCTION,146521.7074,130543.1969,9908.8042,964,936,-0.06762687,-0.04731611,-0.08301766,-0.06762687,-9908.8042,146521.7074,OK,0.0000,396.3522,4.0000,96.0000,AG03-UNRESOLVED,ALL5_LEVELS_bet23_to_bet27,396.3522,396.3522,495.4402,495.4402,495.4402,4.000000,4.000000,5.000000,5.000000,5.000000,96.000000,96.000000,95.000000,95.000000,95.000000,5.0,2279.0250,2079.2952,7629.7792,7829.509,PENDING_AG03,FALSE,NOT_FOR_ENFORCEMENT,9512.4520,125321.4690,9908.8042,9512.4520,396.3522,0.06762687,0.06492179,396.3522,9512.4520,0.06492179,396.3522,396.3522,495.4402,495.4402,495.4402,9512.4520,0.06492179,2279.0250,2079.2952,7629.7792,7829.509,0.05207269,0.05343583,0.00270507,151.9935,139.4692,10.5863,152.4431,22.3171,2254.1801,14.4000,175.9468,137.7798,29.6291,128.4258,256.8515,258.1778,514.3107,777.7133,102.8621,0.0,4.004732,6.055743,1.183512,29,129,8,3,0.43109585,0.06762687,0.04731611,0E-8,0.000000,0.890948,0.000000,0.03570155,2026-03-24,2026-08-06,65,444,384,136,0.477941,1.277014,1.157594,1.436986,,,,,,,,GLOBAL_BASELINE_NO_ENTITY_RANKING,,,NOT_APPLICABLE_GLOBAL_BASELINE,HF9g-P5,,,,X 全窗基线 · 不参与实体赏罚,15058121,1506,A168_HF9F_20260827_0900,2026-08-27 09:00:00
2026-06-30,122817705,2177,0,105.4336924936,-105.4336924936,-105.4336924936,0E-7,1,1,0.49324550000000000,0.493245500000,-0.9865810262130424,-0.9865810262130424,-0.9865810262130424,0E-17,ELIGIBLE,R03b_20260811_FULL_v1,L1_ELIGIBILITY,v2026-08-11,2026-03-21..2026-08-06,baccarat_bet02_101_all_pairs_incl_sentinel,round_win = game_pnl > 0 (decisive only),COMPATIBILITY_ONLY_NOT_PRODUCTION,146521.7074,130543.1969,9908.8042,964,936,-0.06762687,-0.04731611,-0.08301766,-0.06762687,-9908.8042,146521.7074,OK,0.0000,396.3522,4.0000,96.0000,AG03-UNRESOLVED,ALL5_LEVELS_bet23_to_bet27,396.3522,396.3522,495.4402,495.4402,495.4402,4.000000,4.000000,5.000000,5.000000,5.000000,96.000000,96.000000,95.000000,95.000000,95.000000,5.0,2279.0250,2079.2952,7629.7792,7829.509,PENDING_AG03,FALSE,NOT_FOR_ENFORCEMENT,9512.4520,125321.4690,9908.8042,9512.4520,396.3522,0.06762687,0.06492179,396.3522,9512.4520,0.06492179,396.3522,396.3522,495.4402,495.4402,495.4402,9512.4520,0.06492179,2279.0250,2079.2952,7629.7792,7829.509,0.05207269,0.05343583,0.00270507,151.9935,139.4692,10.5863,152.4431,22.3171,2254.1801,14.4000,175.9468,137.7798,29.6291,128.4258,256.8515,258.1778,514.3107,777.7133,102.8621,0.0,4.004732,6.055743,1.183512,29,129,8,3,0.43109585,0.06762687,0.04731611,0E-8,0.000000,0.890948,0.000000,0.03570155,2026-03-24,2026-08-06,65,444,384,136,0.477941,1.277014,1.157594,1.436986,,,,,,,,GLOBAL_BASELINE_NO_ENTITY_RANKING,,,NOT_APPLICABLE_GLOBAL_BASELINE,HF9g-P5,,,,X 全窗基线 · 不参与实体赏罚,15058122,1506,A168_HF9F_20260827_0900,2026-08-27 09:00:00
2026-06-30,122817705,994,0,198.0096176100,-67.6318564045,-67.6318564045,0.5000000,2,2,0.50665070000000000,0.506650700000,-0.018812684590367487,-0.018812684590367487,-0.018812684590367487,0E-17,ELIGIBLE,R03b_20260811_FULL_v1,L1_ELIGIBILITY,v2026-08-11,2026-03-21..2026-08-06,baccarat_bet02_101_all_pairs_incl_sentinel,round_win = game_pnl > 0 (decisive only),COMPATIBILITY_ONLY_NOT_PRODUCTION,146521.7074,130543.1969,9908.8042,964,936,-0.06762687,-0.04731611,-0.08301766,-0.06762687,-9908.8042,146521.7074,OK,0.0000,396.3522,4.0000,96.0000,AG03-UNRESOLVED,ALL5_LEVELS_bet23_to_bet27,396.3522,396.3522,495.4402,495.4402,495.4402,4.000000,4.000000,5.000000,5.000000,5.000000,96.000000,96.000000,95.000000,95.000000,95.000000,5.0,2279.0250,2079.2952,7629.7792,7829.509,PENDING_AG03,FALSE,NOT_FOR_ENFORCEMENT,9512.4520,125321.4690,9908.8042,9512.4520,396.3522,0.06762687,0.06492179,396.3522,9512.4520,0.06492179,396.3522,396.3522,495.4402,495.4402,495.4402,9512.4520,0.06492179,2279.0250,2079.2952,7629.7792,7829.509,0.05207269,0.05343583,0.00270507,151.9935,139.4692,10.5863,152.4431,22.3171,2254.1801,14.4000,175.9468,137.7798,29.6291,128.4258,256.8515,258.1778,514.3107,777.7133,102.8621,0.0,4.004732,6.055743,1.183512,29,129,8,3,0.43109585,0.06762687,0.04731611,0E-8,0.000000,0.890948,0.000000,0.03570155,2026-03-24,2026-08-06,65,444,384,136,0.477941,1.277014,1.157594,1.436986,,,,,,,,GLOBAL_BASELINE_NO_ENTITY_RANKING,,,NOT_APPLICABLE_GLOBAL_BASELINE,HF9g-P5,,,,X 全窗基线 · 不参与实体赏罚,15058123,1506,A168_HF9F_20260827_0900,2026-08-27 09:00:00
2026-07-01,122817705,2287,0,129.0888906101,-129.0888906101,-129.0888906101,0E-7,1,1,0.50665070000000000,0.506650700000,-1.013391052207602,-1.013391052207602,-1.013391052207602,0E-17,ELIGIBLE,R03b_20260811_FULL_v1,L1_ELIGIBILITY,v2026-08-11,2026-03-21..2026-08-06,baccarat_bet02_101_all_pairs_incl_sentinel,round_win = game_pnl > 0 (decisive only),COMPATIBILITY_ONLY_NOT_PRODUCTION,146521.7074,130543.1969,9908.8042,964,936,-0.06762687,-0.04731611,-0.08301766,-0.06762687,-9908.8042,146521.7074,OK,0.0000,396.3522,4.0000,96.0000,AG03-UNRESOLVED,ALL5_LEVELS_bet23_to_bet27,396.3522,396.3522,495.4402,495.4402,495.4402,4.000000,4.000000,5.000000,5.000000,5.000000,96.000000,96.000000,95.000000,95.000000,95.000000,5.0,2279.0250,2079.2952,7629.7792,7829.509,PENDING_AG03,FALSE,NOT_FOR_ENFORCEMENT,9512.4520,125321.4690,9908.8042,9512.4520,396.3522,0.06762687,0.06492179,396.3522,9512.4520,0.06492179,396.3522,396.3522,495.4402,495.4402,495.4402,9512.4520,0.06492179,2279.0250,2079.2952,7629.7792,7829.509,0.05207269,0.05343583,0.00270507,151.9935,139.4692,10.5863,152.4431,22.3171,2254.1801,14.4000,175.9468,137.7798,29.6291,128.4258,256.8515,258.1778,514.3107,777.7133,102.8621,0.0,4.004732,6.055743,1.183512,29,129,8,3,0.43109585,0.06762687,0.04731611,0E-8,0.000000,0.890948,0.000000,0.03570155,2026-03-24,2026-08-06,65,444,384,136,0.477941,1.277014,1.157594,1.436986,,,,,,,,GLOBAL_BASELINE_NO_ENTITY_RANKING,,,NOT_APPLICABLE_GLOBAL_BASELINE,HF9g-P5,,,,X 全窗基线 · 不参与实体赏罚,15058124,1506,A168_HF9F_20260827_0900,2026-08-27 09:00:00
2026-07-02,122817705,1402,0,64.5444453050,0E-10,0E-10,,1,1,0.49324550000000000,0.493245500000,,,,0E-17,NO_DECISIVE_ROUND,R03b_20260811_FULL_v1,L1_ELIGIBILITY,v2026-08-11,2026-03-21..2026-08-06,baccarat_bet02_101_all_pairs_incl_sentinel,round_win = game_pnl > 0 (decisive only),COMPATIBILITY_ONLY_NOT_PRODUCTION,146521.7074,130543.1969,9908.8042,964,936,-0.06762687,-0.04731611,-0.08301766,-0.06762687,-9908.8042,146521.7074,OK,0.0000,396.3522,4.0000,96.0000,AG03-UNRESOLVED,ALL5_LEVELS_bet23_to_bet27,396.3522,396.3522,495.4402,495.4402,495.4402,4.000000,4.000000,5.000000,5.000000,5.000000,96.000000,96.000000,95.000000,95.000000,95.000000,5.0,2279.0250,2079.2952,7629.7792,7829.509,PENDING_AG03,FALSE,NOT_FOR_ENFORCEMENT,9512.4520,125321.4690,9908.8042,9512.4520,396.3522,0.06762687,0.06492179,396.3522,9512.4520,0.06492179,396.3522,396.3522,495.4402,495.4402,495.4402,9512.4520,0.06492179,2279.0250,2079.2952,7629.7792,7829.509,0.05207269,0.05343583,0.00270507,151.9935,139.4692,10.5863,152.4431,22.3171,2254.1801,14.4000,175.9468,137.7798,29.6291,128.4258,256.8515,258.1778,514.3107,777.7133,102.8621,0.0,4.004732,6.055743,1.183512,29,129,8,3,0.43109585,0.06762687,0.04731611,0E-8,0.000000,0.890948,0.000000,0.03570155,2026-03-24,2026-08-06,65,444,384,136,0.477941,1.277014,1.157594,1.436986,,,,,,,,GLOBAL_BASELINE_NO_ENTITY_RANKING,,,NOT_APPLICABLE_GLOBAL_BASELINE,HF9g-P5,,,,X 全窗基线 · 不参与实体赏罚,15058125,1506,A168_HF9F_20260827_0900,2026-08-27 09:00:00
2026-07-02,122817705,1490,0,103.2711124881,-103.2711124881,-103.2711124881,0E-7,1,1,0.50665070000000000,0.506650700000,-1.013391052207602,-1.013391052207602,-1.013391052207602,0E-17,ELIGIBLE,R03b_20260811_FULL_v1,L1_ELIGIBILITY,v2026-08-11,2026-03-21..2026-08-06,baccarat_bet02_101_all_pairs_incl_sentinel,round_win = game_pnl > 0 (decisive only),COMPATIBILITY_ONLY_NOT_PRODUCTION,146521.7074,130543.1969,9908.8042,964,936,-0.06762687,-0.04731611,-0.08301766,-0.06762687,-9908.8042,146521.7074,OK,0.0000,396.3522,4.0000,96.0000,AG03-UNRESOLVED,ALL5_LEVELS_bet23_to_bet27,396.3522,396.3522,495.4402,495.4402,495.4402,4.000000,4.000000,5.000000,5.000000,5.000000,96.000000,96.000000,95.000000,95.000000,95.000000,5.0,2279.0250,2079.2952,7629.7792,7829.509,PENDING_AG03,FALSE,NOT_FOR_ENFORCEMENT,9512.4520,125321.4690,9908.8042,9512.4520,396.3522,0.06762687,0.06492179,396.3522,9512.4520,0.06492179,396.3522,396.3522,495.4402,495.4402,495.4402,9512.4520,0.06492179,2279.0250,2079.2952,7629.7792,7829.509,0.05207269,0.05343583,0.00270507,151.9935,139.4692,10.5863,152.4431,22.3171,2254.1801,14.4000,175.9468,137.7798,29.6291,128.4258,256.8515,258.1778,514.3107,777.7133,102.8621,0.0,4.004732,6.055743,1.183512,29,129,8,3,0.43109585,0.06762687,0.04731611,0E-8,0.000000,0.890948,0.000000,0.03570155,2026-03-24,2026-08-06,65,444,384,136,0.477941,1.277014,1.157594,1.436986,,,,,,,,GLOBAL_BASELINE_NO_ENTITY_RANKING,,,NOT_APPLICABLE_GLOBAL_BASELINE,HF9g-P5,,,,X 全窗基线 · 不参与实体赏罚,15058126,1506,A168_HF9F_20260827_0900,2026-08-27 09:00:00
2026-07-02,122817705,1985,0,317.5586709008,52.9264451501,52.9264451501,0.6666667,3,3,0.49771390000000000,0.497713900000,0.5852756695216578,0.5852756695216578,0.5852756695216578,0E-17,ELIGIBLE,R03b_20260811_FULL_v1,L1_ELIGIBILITY,v2026-08-11,2026-03-21..2026-08-06,baccarat_bet02_101_all_pairs_incl_sentinel,round_win = game_pnl > 0 (decisive only),COMPATIBILITY_ONLY_NOT_PRODUCTION,146521.7074,130543.1969,9908.8042,964,936,-0.06762687,-0.04731611,-0.08301766,-0.06762687,-9908.8042,146521.7074,OK,0.0000,396.3522,4.0000,96.0000,AG03-UNRESOLVED,ALL5_LEVELS_bet23_to_bet27,396.3522,396.3522,495.4402,495.4402,495.4402,4.000000,4.000000,5.000000,5.000000,5.000000,96.000000,96.000000,95.000000,95.000000,95.000000,5.0,2279.0250,2079.2952,7629.7792,7829.509,PENDING_AG03,FALSE,NOT_FOR_ENFORCEMENT,9512.4520,125321.4690,9908.8042,9512.4520,396.3522,0.06762687,0.06492179,396.3522,9512.4520,0.06492179,396.3522,396.3522,495.4402,495.4402,495.4402,9512.4520,0.06492179,2279.0250,2079.2952,7629.7792,7829.509,0.05207269,0.05343583,0.00270507,151.9935,139.4692,10.5863,152.4431,22.3171,2254.1801,14.4000,175.9468,137.7798,29.6291,128.4258,256.8515,258.1778,514.3107,777.7133,102.8621,0.0,4.004732,6.055743,1.183512,29,129,8,3,0.43109585,0.06762687,0.04731611,0E-8,0.000000,0.890948,0.000000,0.03570155,2026-03-24,2026-08-06,65,444,384,136,0.477941,1.277014,1.157594,1.436986,,,,,,,,GLOBAL_BASELINE_NO_ENTITY_RANKING,,,NOT_APPLICABLE_GLOBAL_BASELINE,HF9g-P5,,,,X 全窗基线 · 不参与实体赏罚,15058127,1506,A168_HF9F_20260827_0900,2026-08-27 09:00:00
2026-07-02,122817705,2258,0,129.0888906101,-129.0888906101,-129.0888906101,0E-7,1,1,0.49324550000000000,0.493245500000,-0.9865810262130424,-0.9865810262130424,-0.9865810262130424,0E-17,ELIGIBLE,R03b_20260811_FULL_v1,L1_ELIGIBILITY,v2026-08-11,2026-03-21..2026-08-06,baccarat_bet02_101_all_pairs_incl_sentinel,round_win = game_pnl > 0 (decisive only),COMPATIBILITY_ONLY_NOT_PRODUCTION,146521.7074,130543.1969,9908.8042,964,936,-0.06762687,-0.04731611,-0.08301766,-0.06762687,-9908.8042,146521.7074,OK,0.0000,396.3522,4.0000,96.0000,AG03-UNRESOLVED,ALL5_LEVELS_bet23_to_bet27,396.3522,396.3522,495.4402,495.4402,495.4402,4.000000,4.000000,5.000000,5.000000,5.000000,96.000000,96.000000,95.000000,95.000000,95.000000,5.0,2279.0250,2079.2952,7629.7792,7829.509,PENDING_AG03,FALSE,NOT_FOR_ENFORCEMENT,9512.4520,125321.4690,9908.8042,9512.4520,396.3522,0.06762687,0.06492179,396.3522,9512.4520,0.06492179,396.3522,396.3522,495.4402,495.4402,495.4402,9512.4520,0.06492179,2279.0250,2079.2952,7629.7792,7829.509,0.05207269,0.05343583,0.00270507,151.9935,139.4692,10.5863,152.4431,22.3171,2254.1801,14.4000,175.9468,137.7798,29.6291,128.4258,256.8515,258.1778,514.3107,777.7133,102.8621,0.0,4.004732,6.055743,1.183512,29,129,8,3,0.43109585,0.06762687,0.04731611,0E-8,0.000000,0.890948,0.000000,0.03570155,2026-03-24,2026-08-06,65,444,384,136,0.477941,1.277014,1.157594,1.436986,,,,,,,,GLOBAL_BASELINE_NO_ENTITY_RANKING,,,NOT_APPLICABLE_GLOBAL_BASELINE,HF9g-P5,,,,X 全窗基线 · 不参与实体赏罚,15058128,1506,A168_HF9F_20260827_0900,2026-08-27 09:00:00
2026-07-02,122817705,2278,0,258.1777812201,-258.1777812201,-258.1777812201,0E-7,1,1,0.49324550000000000,0.493245500000,-0.9865810262130424,-0.9865810262130424,-0.9865810262130424,0E-17,ELIGIBLE,R03b_20260811_FULL_v1,L1_ELIGIBILITY,v2026-08-11,2026-03-21..2026-08-06,baccarat_bet02_101_all_pairs_incl_sentinel,round_win = game_pnl > 0 (decisive only),COMPATIBILITY_ONLY_NOT_PRODUCTION,146521.7074,130543.1969,9908.8042,964,936,-0.06762687,-0.04731611,-0.08301766,-0.06762687,-9908.8042,146521.7074,OK,0.0000,396.3522,4.0000,96.0000,AG03-UNRESOLVED,ALL5_LEVELS_bet23_to_bet27,396.3522,396.3522,495.4402,495.4402,495.4402,4.000000,4.000000,5.000000,5.000000,5.000000,96.000000,96.000000,95.000000,95.000000,95.000000,5.0,2279.0250,2079.2952,7629.7792,7829.509,PENDING_AG03,FALSE,NOT_FOR_ENFORCEMENT,9512.4520,125321.4690,9908.8042,9512.4520,396.3522,0.06762687,0.06492179,396.3522,9512.4520,0.06492179,396.3522,396.3522,495.4402,495.4402,495.4402,9512.4520,0.06492179,2279.0250,2079.2952,7629.7792,7829.509,0.05207269,0.05343583,0.00270507,151.9935,139.4692,10.5863,152.4431,22.3171,2254.1801,14.4000,175.9468,137.7798,29.6291,128.4258,256.8515,258.1778,514.3107,777.7133,102.8621,0.0,4.004732,6.055743,1.183512,29,129,8,3,0.43109585,0.06762687,0.04731611,0E-8,0.000000,0.890948,0.000000,0.03570155,2026-03-24,2026-08-06,65,444,384,136,0.477941,1.277014,1.157594,1.436986,,,,,,,,GLOBAL_BASELINE_NO_ENTITY_RANKING,,,NOT_APPLICABLE_GLOBAL_BASELINE,HF9g-P5,,,,X 全窗基线 · 不参与实体赏罚,15058129,1506,A168_HF9F_20260827_0900,2026-08-27 09:00:00
2026-07-02,122817705,994,0,118.7617793613,112.8236903932,112.8236903932,1.0000000,1,1,0.50665070000000000,0.506650700000,0.9867858985152569,0.9867858985152569,0.9867858985152569,0E-17,ELIGIBLE,R03b_20260811_FULL_v1,L1_ELIGIBILITY,v2026-08-11,2026-03-21..2026-08-06,baccarat_bet02_101_all_pairs_incl_sentinel,round_win = game_pnl > 0 (decisive only),COMPATIBILITY_ONLY_NOT_PRODUCTION,146521.7074,130543.1969,9908.8042,964,936,-0.06762687,-0.04731611,-0.08301766,-0.06762687,-9908.8042,146521.7074,OK,0.0000,396.3522,4.0000,96.0000,AG03-UNRESOLVED,ALL5_LEVELS_bet23_to_bet27,396.3522,396.3522,495.4402,495.4402,495.4402,4.000000,4.000000,5.000000,5.000000,5.000000,96.000000,96.000000,95.000000,95.000000,95.000000,5.0,2279.0250,2079.2952,7629.7792,7829.509,PENDING_AG03,FALSE,NOT_FOR_ENFORCEMENT,9512.4520,125321.4690,9908.8042,9512.4520,396.3522,0.06762687,0.06492179,396.3522,9512.4520,0.06492179,396.3522,396.3522,495.4402,495.4402,495.4402,9512.4520,0.06492179,2279.0250,2079.2952,7629.7792,7829.509,0.05207269,0.05343583,0.00270507,151.9935,139.4692,10.5863,152.4431,22.3171,2254.1801,14.4000,175.9468,137.7798,29.6291,128.4258,256.8515,258.1778,514.3107,777.7133,102.8621,0.0,4.004732,6.055743,1.183512,29,129,8,3,0.43109585,0.06762687,0.04731611,0E-8,0.000000,0.890948,0.000000,0.03570155,2026-03-24,2026-08-06,65,444,384,136,0.477941,1.277014,1.157594,1.436986,,,,,,,,GLOBAL_BASELINE_NO_ENTITY_RANKING,,,NOT_APPLICABLE_GLOBAL_BASELINE,HF9g-P5,,,,X 全窗基线 · 不参与实体赏罚,15058130,1506,A168_HF9F_20260827_0900,2026-08-27 09:00:00
2026-07-03,122817705,-1,1,206.5422249761,45.1811117136,45.1811117136,0.5000000,2,2,0.50665070000000000,0.506650700000,-0.018812684590367487,-0.018812684590367487,-0.018812684590367487,0E-17,SENTINEL_DEALER,R03b_20260811_FULL_v1,L1_ELIGIBILITY,v2026-08-11,2026-03-21..2026-08-06,baccarat_bet02_101_all_pairs_incl_sentinel,round_win = game_pnl > 0 (decisive only),COMPATIBILITY_ONLY_NOT_PRODUCTION,146521.7074,130543.1969,9908.8042,964,936,-0.06762687,-0.04731611,-0.08301766,-0.06762687,-9908.8042,146521.7074,OK,0.0000,396.3522,4.0000,96.0000,AG03-UNRESOLVED,ALL5_LEVELS_bet23_to_bet27,396.3522,396.3522,495.4402,495.4402,495.4402,4.000000,4.000000,5.000000,5.000000,5.000000,96.000000,96.000000,95.000000,95.000000,95.000000,5.0,2279.0250,2079.2952,7629.7792,7829.509,PENDING_AG03,FALSE,NOT_FOR_ENFORCEMENT,9512.4520,125321.4690,9908.8042,9512.4520,396.3522,0.06762687,0.06492179,396.3522,9512.4520,0.06492179,396.3522,396.3522,495.4402,495.4402,495.4402,9512.4520,0.06492179,2279.0250,2079.2952,7629.7792,7829.509,0.05207269,0.05343583,0.00270507,151.9935,139.4692,10.5863,152.4431,22.3171,2254.1801,14.4000,175.9468,137.7798,29.6291,128.4258,256.8515,258.1778,514.3107,777.7133,102.8621,0.0,4.004732,6.055743,1.183512,29,129,8,3,0.43109585,0.06762687,0.04731611,0E-8,0.000000,0.890948,0.000000,0.03570155,2026-03-24,2026-08-06,65,444,384,136,0.477941,1.277014,1.157594,1.436986,,,,,,,,GLOBAL_BASELINE_NO_ENTITY_RANKING,,,NOT_APPLICABLE_GLOBAL_BASELINE,HF9g-P5,,,,X 全窗基线 · 不参与实体赏罚,15058131,1506,A168_HF9F_20260827_0900,2026-08-27 09:00:00
2026-07-03,122817705,1402,0,258.1777812202,46.4720006197,46.4720006197,0.5000000,3,3,0.50218230000000000,0.502182300000,-0.00617253530718887,-0.00617253530718887,-0.00617253530718887,0E-17,ELIGIBLE,R03b_20260811_FULL_v1,L1_ELIGIBILITY,v2026-08-11,2026-03-21..2026-08-06,baccarat_bet02_101_all_pairs_incl_sentinel,round_win = game_pnl > 0 (decisive only),COMPATIBILITY_ONLY_NOT_PRODUCTION,146521.7074,130543.1969,9908.8042,964,936,-0.06762687,-0.04731611,-0.08301766,-0.06762687,-9908.8042,146521.7074,OK,0.0000,396.3522,4.0000,96.0000,AG03-UNRESOLVED,ALL5_LEVELS_bet23_to_bet27,396.3522,396.3522,495.4402,495.4402,495.4402,4.000000,4.000000,5.000000,5.000000,5.000000,96.000000,96.000000,95.000000,95.000000,95.000000,5.0,2279.0250,2079.2952,7629.7792,7829.509,PENDING_AG03,FALSE,NOT_FOR_ENFORCEMENT,9512.4520,125321.4690,9908.8042,9512.4520,396.3522,0.06762687,0.06492179,396.3522,9512.4520,0.06492179,396.3522,396.3522,495.4402,495.4402,495.4402,9512.4520,0.06492179,2279.0250,2079.2952,7629.7792,7829.509,0.05207269,0.05343583,0.00270507,151.9935,139.4692,10.5863,152.4431,22.3171,2254.1801,14.4000,175.9468,137.7798,29.6291,128.4258,256.8515,258.1778,514.3107,777.7133,102.8621,0.0,4.004732,6.055743,1.183512,29,129,8,3,0.43109585,0.06762687,0.04731611,0E-8,0.000000,0.890948,0.000000,0.03570155,2026-03-24,2026-08-06,65,444,384,136,0.477941,1.277014,1.157594,1.436986,,,,,,,,GLOBAL_BASELINE_NO_ENTITY_RANKING,,,NOT_APPLICABLE_GLOBAL_BASELINE,HF9g-P5,,,,X 全窗基线 · 不参与实体赏罚,15058132,1506,A168_HF9F_20260827_0900,2026-08-27 09:00:00
2026-07-04,122817705,1325,0,51.6355562440,-51.6355562440,-51.6355562440,0E-7,1,1,0.50665070000000000,0.506650700000,-1.013391052207602,-1.013391052207602,-1.013391052207602,0E-17,ELIGIBLE,R03b_20260811_FULL_v1,L1_ELIGIBILITY,v2026-08-11,2026-03-21..2026-08-06,baccarat_bet02_101_all_pairs_incl_sentinel,round_win = game_pnl > 0 (decisive only),COMPATIBILITY_ONLY_NOT_PRODUCTION,146521.7074,130543.1969,9908.8042,964,936,-0.06762687,-0.04731611,-0.08301766,-0.06762687,-9908.8042,146521.7074,OK,0.0000,396.3522,4.0000,96.0000,AG03-UNRESOLVED,ALL5_LEVELS_bet23_to_bet27,396.3522,396.3522,495.4402,495.4402,495.4402,4.000000,4.000000,5.000000,5.000000,5.000000,96.000000,96.000000,95.000000,95.000000,95.000000,5.0,2279.0250,2079.2952,7629.7792,7829.509,PENDING_AG03,FALSE,NOT_FOR_ENFORCEMENT,9512.4520,125321.4690,9908.8042,9512.4520,396.3522,0.06762687,0.06492179,396.3522,9512.4520,0.06492179,396.3522,396.3522,495.4402,495.4402,495.4402,9512.4520,0.06492179,2279.0250,2079.2952,7629.7792,7829.509,0.05207269,0.05343583,0.00270507,151.9935,139.4692,10.5863,152.4431,22.3171,2254.1801,14.4000,175.9468,137.7798,29.6291,128.4258,256.8515,258.1778,514.3107,777.7133,102.8621,0.0,4.004732,6.055743,1.183512,29,129,8,3,0.43109585,0.06762687,0.04731611,0E-8,0.000000,0.890948,0.000000,0.03570155,2026-03-24,2026-08-06,65,444,384,136,0.477941,1.277014,1.157594,1.436986,,,,,,,,GLOBAL_BASELINE_NO_ENTITY_RANKING,,,NOT_APPLICABLE_GLOBAL_BASELINE,HF9g-P5,,,,X 全窗基线 · 不参与实体赏罚,15058133,1506,A168_HF9F_20260827_0900,2026-08-27 09:00:00
2026-07-05,122817705,-1,1,103.2711124881,98.1075568637,98.1075568637,1.0000000,1,1,0.50665070000000000,0.506650700000,0.9867858985152569,0.9867858985152569,0.9867858985152569,0E-17,SENTINEL_DEALER,R03b_20260811_FULL_v1,L1_ELIGIBILITY,v2026-08-11,2026-03-21..2026-08-06,baccarat_bet02_101_all_pairs_incl_sentinel,round_win = game_pnl > 0 (decisive only),COMPATIBILITY_ONLY_NOT_PRODUCTION,146521.7074,130543.1969,9908.8042,964,936,-0.06762687,-0.04731611,-0.08301766,-0.06762687,-9908.8042,146521.7074,OK,0.0000,396.3522,4.0000,96.0000,AG03-UNRESOLVED,ALL5_LEVELS_bet23_to_bet27,396.3522,396.3522,495.4402,495.4402,495.4402,4.000000,4.000000,5.000000,5.000000,5.000000,96.000000,96.000000,95.000000,95.000000,95.000000,5.0,2279.0250,2079.2952,7629.7792,7829.509,PENDING_AG03,FALSE,NOT_FOR_ENFORCEMENT,9512.4520,125321.4690,9908.8042,9512.4520,396.3522,0.06762687,0.06492179,396.3522,9512.4520,0.06492179,396.3522,396.3522,495.4402,495.4402,495.4402,9512.4520,0.06492179,2279.0250,2079.2952,7629.7792,7829.509,0.05207269,0.05343583,0.00270507,151.9935,139.4692,10.5863,152.4431,22.3171,2254.1801,14.4000,175.9468,137.7798,29.6291,128.4258,256.8515,258.1778,514.3107,777.7133,102.8621,0.0,4.004732,6.055743,1.183512,29,129,8,3,0.43109585,0.06762687,0.04731611,0E-8,0.000000,0.890948,0.000000,0.03570155,2026-03-24,2026-08-06,65,444,384,136,0.477941,1.277014,1.157594,1.436986,,,,,,,,GLOBAL_BASELINE_NO_ENTITY_RANKING,,,NOT_APPLICABLE_GLOBAL_BASELINE,HF9g-P5,,,,X 全窗基线 · 不参与实体赏罚,15058134,1506,A168_HF9F_20260827_0900,2026-08-27 09:00:00
2026-07-05,122817705,2167,0,154.9066687320,-2.5817778122,-2.5817778122,0.5000000,3,3,0.50665070000000000,0.506650700000,-0.018812684590367487,-0.018812684590367487,-0.018812684590367487,0E-17,ELIGIBLE,R03b_20260811_FULL_v1,L1_ELIGIBILITY,v2026-08-11,2026-03-21..2026-08-06,baccarat_bet02_101_all_pairs_incl_sentinel,round_win = game_pnl > 0 (decisive only),COMPATIBILITY_ONLY_NOT_PRODUCTION,146521.7074,130543.1969,9908.8042,964,936,-0.06762687,-0.04731611,-0.08301766,-0.06762687,-9908.8042,146521.7074,OK,0.0000,396.3522,4.0000,96.0000,AG03-UNRESOLVED,ALL5_LEVELS_bet23_to_bet27,396.3522,396.3522,495.4402,495.4402,495.4402,4.000000,4.000000,5.000000,5.000000,5.000000,96.000000,96.000000,95.000000,95.000000,95.000000,5.0,2279.0250,2079.2952,7629.7792,7829.509,PENDING_AG03,FALSE,NOT_FOR_ENFORCEMENT,9512.4520,125321.4690,9908.8042,9512.4520,396.3522,0.06762687,0.06492179,396.3522,9512.4520,0.06492179,396.3522,396.3522,495.4402,495.4402,495.4402,9512.4520,0.06492179,2279.0250,2079.2952,7629.7792,7829.509,0.05207269,0.05343583,0.00270507,151.9935,139.4692,10.5863,152.4431,22.3171,2254.1801,14.4000,175.9468,137.7798,29.6291,128.4258,256.8515,258.1778,514.3107,777.7133,102.8621,0.0,4.004732,6.055743,1.183512,29,129,8,3,0.43109585,0.06762687,0.04731611,0E-8,0.000000,0.890948,0.000000,0.03570155,2026-03-24,2026-08-06,65,444,384,136,0.477941,1.277014,1.157594,1.436986,,,,,,,,GLOBAL_BASELINE_NO_ENTITY_RANKING,,,NOT_APPLICABLE_GLOBAL_BASELINE,HF9g-P5,,,,X 全窗基线 · 不参与实体赏罚,15058135,1506,A168_HF9F_20260827_0900,2026-08-27 09:00:00
2026-07-06,122817705,-1,1,464.7200061962,-129.0888906100,-129.0888906100,0.6666667,4,4,0.49659680000000000,0.496596800000,0.5891529468324541,0.589152946832454,0.5891529468324541,0E-17,SENTINEL_DEALER,R03b_20260811_FULL_v1,L1_ELIGIBILITY,v2026-08-11,2026-03-21..2026-08-06,baccarat_bet02_101_all_pairs_incl_sentinel,round_win = game_pnl > 0 (decisive only),COMPATIBILITY_ONLY_NOT_PRODUCTION,146521.7074,130543.1969,9908.8042,964,936,-0.06762687,-0.04731611,-0.08301766,-0.06762687,-9908.8042,146521.7074,OK,0.0000,396.3522,4.0000,96.0000,AG03-UNRESOLVED,ALL5_LEVELS_bet23_to_bet27,396.3522,396.3522,495.4402,495.4402,495.4402,4.000000,4.000000,5.000000,5.000000,5.000000,96.000000,96.000000,95.000000,95.000000,95.000000,5.0,2279.0250,2079.2952,7629.7792,7829.509,PENDING_AG03,FALSE,NOT_FOR_ENFORCEMENT,9512.4520,125321.4690,9908.8042,9512.4520,396.3522,0.06762687,0.06492179,396.3522,9512.4520,0.06492179,396.3522,396.3522,495.4402,495.4402,495.4402,9512.4520,0.06492179,2279.0250,2079.2952,7629.7792,7829.509,0.05207269,0.05343583,0.00270507,151.9935,139.4692,10.5863,152.4431,22.3171,2254.1801,14.4000,175.9468,137.7798,29.6291,128.4258,256.8515,258.1778,514.3107,777.7133,102.8621,0.0,4.004732,6.055743,1.183512,29,129,8,3,0.43109585,0.06762687,0.04731611,0E-8,0.000000,0.890948,0.000000,0.03570155,2026-03-24,2026-08-06,65,444,384,136,0.477941,1.277014,1.157594,1.436986,,,,,,,,GLOBAL_BASELINE_NO_ENTITY_RANKING,,,NOT_APPLICABLE_GLOBAL_BASELINE,HF9g-P5,,,,X 全窗基线 · 不参与实体赏罚,15058136,1506,A168_HF9F_20260827_0900,2026-08-27 09:00:00
2026-07-06,122817705,1221,0,516.3555624403,-516.3555624403,-516.3555624403,0E-7,1,1,0.50665070000000000,0.506650700000,-1.013391052207602,-1.013391052207602,-1.013391052207602,0E-17,ELIGIBLE,R03b_20260811_FULL_v1,L1_ELIGIBILITY,v2026-08-11,2026-03-21..2026-08-06,baccarat_bet02_101_all_pairs_incl_sentinel,round_win = game_pnl > 0 (decisive only),COMPATIBILITY_ONLY_NOT_PRODUCTION,146521.7074,130543.1969,9908.8042,964,936,-0.06762687,-0.04731611,-0.08301766,-0.06762687,-9908.8042,146521.7074,OK,0.0000,396.3522,4.0000,96.0000,AG03-UNRESOLVED,ALL5_LEVELS_bet23_to_bet27,396.3522,396.3522,495.4402,495.4402,495.4402,4.000000,4.000000,5.000000,5.000000,5.000000,96.000000,96.000000,95.000000,95.000000,95.000000,5.0,2279.0250,2079.2952,7629.7792,7829.509,PENDING_AG03,FALSE,NOT_FOR_ENFORCEMENT,9512.4520,125321.4690,9908.8042,9512.4520,396.3522,0.06762687,0.06492179,396.3522,9512.4520,0.06492179,396.3522,396.3522,495.4402,495.4402,495.4402,9512.4520,0.06492179,2279.0250,2079.2952,7629.7792,7829.509,0.05207269,0.05343583,0.00270507,151.9935,139.4692,10.5863,152.4431,22.3171,2254.1801,14.4000,175.9468,137.7798,29.6291,128.4258,256.8515,258.1778,514.3107,777.7133,102.8621,0.0,4.004732,6.055743,1.183512,29,129,8,3,0.43109585,0.06762687,0.04731611,0E-8,0.000000,0.890948,0.000000,0.03570155,2026-03-24,2026-08-06,65,444,384,136,0.477941,1.277014,1.157594,1.436986,,,,,,,,GLOBAL_BASELINE_NO_ENTITY_RANKING,,,NOT_APPLICABLE_GLOBAL_BASELINE,HF9g-P5,,,,X 全窗基线 · 不参与实体赏罚,15058137,1506,A168_HF9F_20260827_0900,2026-08-27 09:00:00
2026-07-06,122817705,1402,0,583.4817855575,224.6146696615,224.6146696615,0.6666667,3,3,0.49771390000000000,0.497713900000,0.5852756695216578,0.5852756695216578,0.5852756695216578,0E-17,ELIGIBLE,R03b_20260811_FULL_v1,L1_ELIGIBILITY,v2026-08-11,2026-03-21..2026-08-06,baccarat_bet02_101_all_pairs_incl_sentinel,round_win = game_pnl > 0 (decisive only),COMPATIBILITY_ONLY_NOT_PRODUCTION,146521.7074,130543.1969,9908.8042,964,936,-0.06762687,-0.04731611,-0.08301766,-0.06762687,-9908.8042,146521.7074,OK,0.0000,396.3522,4.0000,96.0000,AG03-UNRESOLVED,ALL5_LEVELS_bet23_to_bet27,396.3522,396.3522,495.4402,495.4402,495.4402,4.000000,4.000000,5.000000,5.000000,5.000000,96.000000,96.000000,95.000000,95.000000,95.000000,5.0,2279.0250,2079.2952,7629.7792,7829.509,PENDING_AG03,FALSE,NOT_FOR_ENFORCEMENT,9512.4520,125321.4690,9908.8042,9512.4520,396.3522,0.06762687,0.06492179,396.3522,9512.4520,0.06492179,396.3522,396.3522,495.4402,495.4402,495.4402,9512.4520,0.06492179,2279.0250,2079.2952,7629.7792,7829.509,0.05207269,0.05343583,0.00270507,151.9935,139.4692,10.5863,152.4431,22.3171,2254.1801,14.4000,175.9468,137.7798,29.6291,128.4258,256.8515,258.1778,514.3107,777.7133,102.8621,0.0,4.004732,6.055743,1.183512,29,129,8,3,0.43109585,0.06762687,0.04731611,0E-8,0.000000,0.890948,0.000000,0.03570155,2026-03-24,2026-08-06,65,444,384,136,0.477941,1.277014,1.157594,1.436986,,,,,,,,GLOBAL_BASELINE_NO_ENTITY_RANKING,,,NOT_APPLICABLE_GLOBAL_BASELINE,HF9g-P5,,,,X 全窗基线 · 不参与实体赏罚,15058138,1506,A168_HF9F_20260827_0900,2026-08-27 09:00:00
2026-07-06,122817705,1490,0,516.3555624403,-516.3555624403,-516.3555624403,0E-7,1,1,0.50665070000000000,0.506650700000,-1.013391052207602,-1.013391052207602,-1.013391052207602,0E-17,ELIGIBLE,R03b_20260811_FULL_v1,L1_ELIGIBILITY,v2026-08-11,2026-03-21..2026-08-06,baccarat_bet02_101_all_pairs_incl_sentinel,round_win = game_pnl > 0 (decisive only),COMPATIBILITY_ONLY_NOT_PRODUCTION,146521.7074,130543.1969,9908.8042,964,936,-0.06762687,-0.04731611,-0.08301766,-0.06762687,-9908.8042,146521.7074,OK,0.0000,396.3522,4.0000,96.0000,AG03-UNRESOLVED,ALL5_LEVELS_bet23_to_bet27,396.3522,396.3522,495.4402,495.4402,495.4402,4.000000,4.000000,5.000000,5.000000,5.000000,96.000000,96.000000,95.000000,95.000000,95.000000,5.0,2279.0250,2079.2952,7629.7792,7829.509,PENDING_AG03,FALSE,NOT_FOR_ENFORCEMENT,9512.4520,125321.4690,9908.8042,9512.4520,396.3522,0.06762687,0.06492179,396.3522,9512.4520,0.06492179,396.3522,396.3522,495.4402,495.4402,495.4402,9512.4520,0.06492179,2279.0250,2079.2952,7629.7792,7829.509,0.05207269,0.05343583,0.00270507,151.9935,139.4692,10.5863,152.4431,22.3171,2254.1801,14.4000,175.9468,137.7798,29.6291,128.4258,256.8515,258.1778,514.3107,777.7133,102.8621,0.0,4.004732,6.055743,1.183512,29,129,8,3,0.43109585,0.06762687,0.04731611,0E-8,0.000000,0.890948,0.000000,0.03570155,2026-03-24,2026-08-06,65,444,384,136,0.477941,1.277014,1.157594,1.436986,,,,,,,,GLOBAL_BASELINE_NO_ENTITY_RANKING,,,NOT_APPLICABLE_GLOBAL_BASELINE,HF9g-P5,,,,X 全窗基线 · 不参与实体赏罚,15058139,1506,A168_HF9F_20260827_0900,2026-08-27 09:00:00
2026-07-06,122817705,1505,0,779.6968992848,-90.1040456458,-90.1040456458,0.2500000,7,7,0.49516052857142857,0.495160528571,-0.9806880517386934,-0.9806880517369873,-0.9806880517386934,4.2857E-13,ELIGIBLE,R03b_20260811_FULL_v1,L1_ELIGIBILITY,v2026-08-11,2026-03-21..2026-08-06,baccarat_bet02_101_all_pairs_incl_sentinel,round_win = game_pnl > 0 (decisive only),COMPATIBILITY_ONLY_NOT_PRODUCTION,146521.7074,130543.1969,9908.8042,964,936,-0.06762687,-0.04731611,-0.08301766,-0.06762687,-9908.8042,146521.7074,OK,0.0000,396.3522,4.0000,96.0000,AG03-UNRESOLVED,ALL5_LEVELS_bet23_to_bet27,396.3522,396.3522,495.4402,495.4402,495.4402,4.000000,4.000000,5.000000,5.000000,5.000000,96.000000,96.000000,95.000000,95.000000,95.000000,5.0,2279.0250,2079.2952,7629.7792,7829.509,PENDING_AG03,FALSE,NOT_FOR_ENFORCEMENT,9512.4520,125321.4690,9908.8042,9512.4520,396.3522,0.06762687,0.06492179,396.3522,9512.4520,0.06492179,396.3522,396.3522,495.4402,495.4402,495.4402,9512.4520,0.06492179,2279.0250,2079.2952,7629.7792,7829.509,0.05207269,0.05343583,0.00270507,151.9935,139.4692,10.5863,152.4431,22.3171,2254.1801,14.4000,175.9468,137.7798,29.6291,128.4258,256.8515,258.1778,514.3107,777.7133,102.8621,0.0,4.004732,6.055743,1.183512,29,129,8,3,0.43109585,0.06762687,0.04731611,0E-8,0.000000,0.890948,0.000000,0.03570155,2026-03-24,2026-08-06,65,444,384,136,0.477941,1.277014,1.157594,1.436986,,,,,,,,GLOBAL_BASELINE_NO_ENTITY_RANKING,,,NOT_APPLICABLE_GLOBAL_BASELINE,HF9g-P5,,,,X 全窗基线 · 不参与实体赏罚,15058140,1506,A168_HF9F_20260827_0900,2026-08-27 09:00:00
2026-07-06,122817705,1509,0,901.0404564582,-809.7746107969,-809.7746107969,0.2000000,6,6,0.49771390000000000,0.497713900000,-1.3314309533564708,-1.3314309533564703,-1.3314309533564708,0E-17,ELIGIBLE,R03b_20260811_FULL_v1,L1_ELIGIBILITY,v2026-08-11,2026-03-21..2026-08-06,baccarat_bet02_101_all_pairs_incl_sentinel,round_win = game_pnl > 0 (decisive only),COMPATIBILITY_ONLY_NOT_PRODUCTION,146521.7074,130543.1969,9908.8042,964,936,-0.06762687,-0.04731611,-0.08301766,-0.06762687,-9908.8042,146521.7074,OK,0.0000,396.3522,4.0000,96.0000,AG03-UNRESOLVED,ALL5_LEVELS_bet23_to_bet27,396.3522,396.3522,495.4402,495.4402,495.4402,4.000000,4.000000,5.000000,5.000000,5.000000,96.000000,96.000000,95.000000,95.000000,95.000000,5.0,2279.0250,2079.2952,7629.7792,7829.509,PENDING_AG03,FALSE,NOT_FOR_ENFORCEMENT,9512.4520,125321.4690,9908.8042,9512.4520,396.3522,0.06762687,0.06492179,396.3522,9512.4520,0.06492179,396.3522,396.3522,495.4402,495.4402,495.4402,9512.4520,0.06492179,2279.0250,2079.2952,7629.7792,7829.509,0.05207269,0.05343583,0.00270507,151.9935,139.4692,10.5863,152.4431,22.3171,2254.1801,14.4000,175.9468,137.7798,29.6291,128.4258,256.8515,258.1778,514.3107,777.7133,102.8621,0.0,4.004732,6.055743,1.183512,29,129,8,3,0.43109585,0.06762687,0.04731611,0E-8,0.000000,0.890948,0.000000,0.03570155,2026-03-24,2026-08-06,65,444,384,136,0.477941,1.277014,1.157594,1.436986,,,,,,,,GLOBAL_BASELINE_NO_ENTITY_RANKING,,,NOT_APPLICABLE_GLOBAL_BASELINE,HF9g-P5,,,,X 全窗基线 · 不参与实体赏罚,15058141,1506,A168_HF9F_20260827_0900,2026-08-27 09:00:00
2026-07-06,122817705,2088,0,436.3204502620,361.4488937082,361.4488937082,0.6666667,4,4,0.49324550000000000,0.493245500000,0.6008033672792107,0.6008033672792106,0.6008033672792107,0E-17,ELIGIBLE,R03b_20260811_FULL_v1,L1_ELIGIBILITY,v2026-08-11,2026-03-21..2026-08-06,baccarat_bet02_101_all_pairs_incl_sentinel,round_win = game_pnl > 0 (decisive only),COMPATIBILITY_ONLY_NOT_PRODUCTION,146521.7074,130543.1969,9908.8042,964,936,-0.06762687,-0.04731611,-0.08301766,-0.06762687,-9908.8042,146521.7074,OK,0.0000,396.3522,4.0000,96.0000,AG03-UNRESOLVED,ALL5_LEVELS_bet23_to_bet27,396.3522,396.3522,495.4402,495.4402,495.4402,4.000000,4.000000,5.000000,5.000000,5.000000,96.000000,96.000000,95.000000,95.000000,95.000000,5.0,2279.0250,2079.2952,7629.7792,7829.509,PENDING_AG03,FALSE,NOT_FOR_ENFORCEMENT,9512.4520,125321.4690,9908.8042,9512.4520,396.3522,0.06762687,0.06492179,396.3522,9512.4520,0.06492179,396.3522,396.3522,495.4402,495.4402,495.4402,9512.4520,0.06492179,2279.0250,2079.2952,7629.7792,7829.509,0.05207269,0.05343583,0.00270507,151.9935,139.4692,10.5863,152.4431,22.3171,2254.1801,14.4000,175.9468,137.7798,29.6291,128.4258,256.8515,258.1778,514.3107,777.7133,102.8621,0.0,4.004732,6.055743,1.183512,29,129,8,3,0.43109585,0.06762687,0.04731611,0E-8,0.000000,0.890948,0.000000,0.03570155,2026-03-24,2026-08-06,65,444,384,136,0.477941,1.277014,1.157594,1.436986,,,,,,,,GLOBAL_BASELINE_NO_ENTITY_RANKING,,,NOT_APPLICABLE_GLOBAL_BASELINE,HF9g-P5,,,,X 全窗基线 · 不参与实体赏罚,15058142,1506,A168_HF9F_20260827_0900,2026-08-27 09:00:00
2026-07-06,122817705,2115,0,526.1663181267,-526.1663181267,-526.1663181267,0E-7,1,1,0.49324550000000000,0.493245500000,-0.9865810262130424,-0.9865810262130424,-0.9865810262130424,0E-17,ELIGIBLE,R03b_20260811_FULL_v1,L1_ELIGIBILITY,v2026-08-11,2026-03-21..2026-08-06,baccarat_bet02_101_all_pairs_incl_sentinel,round_win = game_pnl > 0 (decisive only),COMPATIBILITY_ONLY_NOT_PRODUCTION,146521.7074,130543.1969,9908.8042,964,936,-0.06762687,-0.04731611,-0.08301766,-0.06762687,-9908.8042,146521.7074,OK,0.0000,396.3522,4.0000,96.0000,AG03-UNRESOLVED,ALL5_LEVELS_bet23_to_bet27,396.3522,396.3522,495.4402,495.4402,495.4402,4.000000,4.000000,5.000000,5.000000,5.000000,96.000000,96.000000,95.000000,95.000000,95.000000,5.0,2279.0250,2079.2952,7629.7792,7829.509,PENDING_AG03,FALSE,NOT_FOR_ENFORCEMENT,9512.4520,125321.4690,9908.8042,9512.4520,396.3522,0.06762687,0.06492179,396.3522,9512.4520,0.06492179,396.3522,396.3522,495.4402,495.4402,495.4402,9512.4520,0.06492179,2279.0250,2079.2952,7629.7792,7829.509,0.05207269,0.05343583,0.00270507,151.9935,139.4692,10.5863,152.4431,22.3171,2254.1801,14.4000,175.9468,137.7798,29.6291,128.4258,256.8515,258.1778,514.3107,777.7133,102.8621,0.0,4.004732,6.055743,1.183512,29,129,8,3,0.43109585,0.06762687,0.04731611,0E-8,0.000000,0.890948,0.000000,0.03570155,2026-03-24,2026-08-06,65,444,384,136,0.477941,1.277014,1.157594,1.436986,,,,,,,,GLOBAL_BASELINE_NO_ENTITY_RANKING,,,NOT_APPLICABLE_GLOBAL_BASELINE,HF9g-P5,,,,X 全窗基线 · 不参与实体赏罚,15058143,1506,A168_HF9F_20260827_0900,2026-08-27 09:00:00
2026-07-06,122817705,2196,0,598.9724524307,122.6344460796,122.6344460796,0.4000000,5,5,0.49592654000000000,0.495926540000,-0.42901076602576227,-0.42901076602576227,-0.42901076602576227,0E-17,ELIGIBLE,R03b_20260811_FULL_v1,L1_ELIGIBILITY,v2026-08-11,2026-03-21..2026-08-06,baccarat_bet02_101_all_pairs_incl_sentinel,round_win = game_pnl > 0 (decisive only),COMPATIBILITY_ONLY_NOT_PRODUCTION,146521.7074,130543.1969,9908.8042,964,936,-0.06762687,-0.04731611,-0.08301766,-0.06762687,-9908.8042,146521.7074,OK,0.0000,396.3522,4.0000,96.0000,AG03-UNRESOLVED,ALL5_LEVELS_bet23_to_bet27,396.3522,396.3522,495.4402,495.4402,495.4402,4.000000,4.000000,5.000000,5.000000,5.000000,96.000000,96.000000,95.000000,95.000000,95.000000,5.0,2279.0250,2079.2952,7629.7792,7829.509,PENDING_AG03,FALSE,NOT_FOR_ENFORCEMENT,9512.4520,125321.4690,9908.8042,9512.4520,396.3522,0.06762687,0.06492179,396.3522,9512.4520,0.06492179,396.3522,396.3522,495.4402,495.4402,495.4402,9512.4520,0.06492179,2279.0250,2079.2952,7629.7792,7829.509,0.05207269,0.05343583,0.00270507,151.9935,139.4692,10.5863,152.4431,22.3171,2254.1801,14.4000,175.9468,137.7798,29.6291,128.4258,256.8515,258.1778,514.3107,777.7133,102.8621,0.0,4.004732,6.055743,1.183512,29,129,8,3,0.43109585,0.06762687,0.04731611,0E-8,0.000000,0.890948,0.000000,0.03570155,2026-03-24,2026-08-06,65,444,384,136,0.477941,1.277014,1.157594,1.436986,,,,,,,,GLOBAL_BASELINE_NO_ENTITY_RANKING,,,NOT_APPLICABLE_GLOBAL_BASELINE,HF9g-P5,,,,X 全窗基线 · 不参与实体赏罚,15058144,1506,A168_HF9F_20260827_0900,2026-08-27 09:00:00
2026-07-07,122817705,1306,0,77.4533343660,-77.4533343660,-77.4533343660,0E-7,1,1,0.50665070000000000,0.506650700000,-1.013391052207602,-1.013391052207602,-1.013391052207602,0E-17,ELIGIBLE,R03b_20260811_FULL_v1,L1_ELIGIBILITY,v2026-08-11,2026-03-21..2026-08-06,baccarat_bet02_101_all_pairs_incl_sentinel,round_win = game_pnl > 0 (decisive only),COMPATIBILITY_ONLY_NOT_PRODUCTION,146521.7074,130543.1969,9908.8042,964,936,-0.06762687,-0.04731611,-0.08301766,-0.06762687,-9908.8042,146521.7074,OK,0.0000,396.3522,4.0000,96.0000,AG03-UNRESOLVED,ALL5_LEVELS_bet23_to_bet27,396.3522,396.3522,495.4402,495.4402,495.4402,4.000000,4.000000,5.000000,5.000000,5.000000,96.000000,96.000000,95.000000,95.000000,95.000000,5.0,2279.0250,2079.2952,7629.7792,7829.509,PENDING_AG03,FALSE,NOT_FOR_ENFORCEMENT,9512.4520,125321.4690,9908.8042,9512.4520,396.3522,0.06762687,0.06492179,396.3522,9512.4520,0.06492179,396.3522,396.3522,495.4402,495.4402,495.4402,9512.4520,0.06492179,2279.0250,2079.2952,7629.7792,7829.509,0.05207269,0.05343583,0.00270507,151.9935,139.4692,10.5863,152.4431,22.3171,2254.1801,14.4000,175.9468,137.7798,29.6291,128.4258,256.8515,258.1778,514.3107,777.7133,102.8621,0.0,4.004732,6.055743,1.183512,29,129,8,3,0.43109585,0.06762687,0.04731611,0E-8,0.000000,0.890948,0.000000,0.03570155,2026-03-24,2026-08-06,65,444,384,136,0.477941,1.277014,1.157594,1.436986,,,,,,,,GLOBAL_BASELINE_NO_ENTITY_RANKING,,,NOT_APPLICABLE_GLOBAL_BASELINE,HF9g-P5,,,,X 全窗基线 · 不参与实体赏罚,15058145,1506,A168_HF9F_20260827_0900,2026-08-27 09:00:00
2026-07-07,122817705,1509,0,77.4533343660,0E-10,0E-10,,1,1,0.50665070000000000,0.506650700000,,,,0E-17,NO_DECISIVE_ROUND,R03b_20260811_FULL_v1,L1_ELIGIBILITY,v2026-08-11,2026-03-21..2026-08-06,baccarat_bet02_101_all_pairs_incl_sentinel,round_win = game_pnl > 0 (decisive only),COMPATIBILITY_ONLY_NOT_PRODUCTION,146521.7074,130543.1969,9908.8042,964,936,-0.06762687,-0.04731611,-0.08301766,-0.06762687,-9908.8042,146521.7074,OK,0.0000,396.3522,4.0000,96.0000,AG03-UNRESOLVED,ALL5_LEVELS_bet23_to_bet27,396.3522,396.3522,495.4402,495.4402,495.4402,4.000000,4.000000,5.000000,5.000000,5.000000,96.000000,96.000000,95.000000,95.000000,95.000000,5.0,2279.0250,2079.2952,7629.7792,7829.509,PENDING_AG03,FALSE,NOT_FOR_ENFORCEMENT,9512.4520,125321.4690,9908.8042,9512.4520,396.3522,0.06762687,0.06492179,396.3522,9512.4520,0.06492179,396.3522,396.3522,495.4402,495.4402,495.4402,9512.4520,0.06492179,2279.0250,2079.2952,7629.7792,7829.509,0.05207269,0.05343583,0.00270507,151.9935,139.4692,10.5863,152.4431,22.3171,2254.1801,14.4000,175.9468,137.7798,29.6291,128.4258,256.8515,258.1778,514.3107,777.7133,102.8621,0.0,4.004732,6.055743,1.183512,29,129,8,3,0.43109585,0.06762687,0.04731611,0E-8,0.000000,0.890948,0.000000,0.03570155,2026-03-24,2026-08-06,65,444,384,136,0.477941,1.277014,1.157594,1.436986,,,,,,,,GLOBAL_BASELINE_NO_ENTITY_RANKING,,,NOT_APPLICABLE_GLOBAL_BASELINE,HF9g-P5,,,,X 全窗基线 · 不参与实体赏罚,15058146,1506,A168_HF9F_20260827_0900,2026-08-27 09:00:00
2026-07-07,122817705,1935,0,77.4533343660,73.5806676477,73.5806676477,1.0000000,1,1,0.50665070000000000,0.506650700000,0.9867858985152569,0.9867858985152569,0.9867858985152569,0E-17,ELIGIBLE,R03b_20260811_FULL_v1,L1_ELIGIBILITY,v2026-08-11,2026-03-21..2026-08-06,baccarat_bet02_101_all_pairs_incl_sentinel,round_win = game_pnl > 0 (decisive only),COMPATIBILITY_ONLY_NOT_PRODUCTION,146521.7074,130543.1969,9908.8042,964,936,-0.06762687,-0.04731611,-0.08301766,-0.06762687,-9908.8042,146521.7074,OK,0.0000,396.3522,4.0000,96.0000,AG03-UNRESOLVED,ALL5_LEVELS_bet23_to_bet27,396.3522,396.3522,495.4402,495.4402,495.4402,4.000000,4.000000,5.000000,5.000000,5.000000,96.000000,96.000000,95.000000,95.000000,95.000000,5.0,2279.0250,2079.2952,7629.7792,7829.509,PENDING_AG03,FALSE,NOT_FOR_ENFORCEMENT,9512.4520,125321.4690,9908.8042,9512.4520,396.3522,0.06762687,0.06492179,396.3522,9512.4520,0.06492179,396.3522,396.3522,495.4402,495.4402,495.4402,9512.4520,0.06492179,2279.0250,2079.2952,7629.7792,7829.509,0.05207269,0.05343583,0.00270507,151.9935,139.4692,10.5863,152.4431,22.3171,2254.1801,14.4000,175.9468,137.7798,29.6291,128.4258,256.8515,258.1778,514.3107,777.7133,102.8621,0.0,4.004732,6.055743,1.183512,29,129,8,3,0.43109585,0.06762687,0.04731611,0E-8,0.000000,0.890948,0.000000,0.03570155,2026-03-24,2026-08-06,65,444,384,136,0.477941,1.277014,1.157594,1.436986,,,,,,,,GLOBAL_BASELINE_NO_ENTITY_RANKING,,,NOT_APPLICABLE_GLOBAL_BASELINE,HF9g-P5,,,,X 全窗基线 · 不参与实体赏罚,15058147,1506,A168_HF9F_20260827_0900,2026-08-27 09:00:00
2026-07-07,122817705,986,0,185.8880024785,185.8880024785,185.8880024785,1.0000000,2,2,0.49324550000000000,0.493245500000,1.4334489766152358,1.4334489766152358,1.4334489766152358,0E-17,ELIGIBLE,R03b_20260811_FULL_v1,L1_ELIGIBILITY,v2026-08-11,2026-03-21..2026-08-06,baccarat_bet02_101_all_pairs_incl_sentinel,round_win = game_pnl > 0 (decisive only),COMPATIBILITY_ONLY_NOT_PRODUCTION,146521.7074,130543.1969,9908.8042,964,936,-0.06762687,-0.04731611,-0.08301766,-0.06762687,-9908.8042,146521.7074,OK,0.0000,396.3522,4.0000,96.0000,AG03-UNRESOLVED,ALL5_LEVELS_bet23_to_bet27,396.3522,396.3522,495.4402,495.4402,495.4402,4.000000,4.000000,5.000000,5.000000,5.000000,96.000000,96.000000,95.000000,95.000000,95.000000,5.0,2279.0250,2079.2952,7629.7792,7829.509,PENDING_AG03,FALSE,NOT_FOR_ENFORCEMENT,9512.4520,125321.4690,9908.8042,9512.4520,396.3522,0.06762687,0.06492179,396.3522,9512.4520,0.06492179,396.3522,396.3522,495.4402,495.4402,495.4402,9512.4520,0.06492179,2279.0250,2079.2952,7629.7792,7829.509,0.05207269,0.05343583,0.00270507,151.9935,139.4692,10.5863,152.4431,22.3171,2254.1801,14.4000,175.9468,137.7798,29.6291,128.4258,256.8515,258.1778,514.3107,777.7133,102.8621,0.0,4.004732,6.055743,1.183512,29,129,8,3,0.43109585,0.06762687,0.04731611,0E-8,0.000000,0.890948,0.000000,0.03570155,2026-03-24,2026-08-06,65,444,384,136,0.477941,1.277014,1.157594,1.436986,,,,,,,,GLOBAL_BASELINE_NO_ENTITY_RANKING,,,NOT_APPLICABLE_GLOBAL_BASELINE,HF9g-P5,,,,X 全窗基线 · 不参与实体赏罚,15058148,1506,A168_HF9F_20260827_0900,2026-08-27 09:00:00
2026-07-09,122817705,-1,1,1150.4401931170,352.8515735937,352.8515735937,0.6666667,6,6,0.50665070000000000,0.506650700000,0.7839842952205449,0.7839842952205449,0.7839842952205449,0E-17,SENTINEL_DEALER,R03b_20260811_FULL_v1,L1_ELIGIBILITY,v2026-08-11,2026-03-21..2026-08-06,baccarat_bet02_101_all_pairs_incl_sentinel,round_win = game_pnl > 0 (decisive only),COMPATIBILITY_ONLY_NOT_PRODUCTION,146521.7074,130543.1969,9908.8042,964,936,-0.06762687,-0.04731611,-0.08301766,-0.06762687,-9908.8042,146521.7074,OK,0.0000,396.3522,4.0000,96.0000,AG03-UNRESOLVED,ALL5_LEVELS_bet23_to_bet27,396.3522,396.3522,495.4402,495.4402,495.4402,4.000000,4.000000,5.000000,5.000000,5.000000,96.000000,96.000000,95.000000,95.000000,95.000000,5.0,2279.0250,2079.2952,7629.7792,7829.509,PENDING_AG03,FALSE,NOT_FOR_ENFORCEMENT,9512.4520,125321.4690,9908.8042,9512.4520,396.3522,0.06762687,0.06492179,396.3522,9512.4520,0.06492179,396.3522,396.3522,495.4402,495.4402,495.4402,9512.4520,0.06492179,2279.0250,2079.2952,7629.7792,7829.509,0.05207269,0.05343583,0.00270507,151.9935,139.4692,10.5863,152.4431,22.3171,2254.1801,14.4000,175.9468,137.7798,29.6291,128.4258,256.8515,258.1778,514.3107,777.7133,102.8621,0.0,4.004732,6.055743,1.183512,29,129,8,3,0.43109585,0.06762687,0.04731611,0E-8,0.000000,0.890948,0.000000,0.03570155,2026-03-24,2026-08-06,65,444,384,136,0.477941,1.277014,1.157594,1.436986,,,,,,,,GLOBAL_BASELINE_NO_ENTITY_RANKING,,,NOT_APPLICABLE_GLOBAL_BASELINE,HF9g-P5,,,,X 全窗基线 · 不参与实体赏罚,15058149,1506,A168_HF9F_20260827_0900,2026-08-27 09:00:00
2026-07-09,122817705,1306,0,258.1777812201,-258.1777812201,-258.1777812201,0E-7,1,1,0.49324550000000000,0.493245500000,-0.9865810262130424,-0.9865810262130424,-0.9865810262130424,0E-17,ELIGIBLE,R03b_20260811_FULL_v1,L1_ELIGIBILITY,v2026-08-11,2026-03-21..2026-08-06,baccarat_bet02_101_all_pairs_incl_sentinel,round_win = game_pnl > 0 (decisive only),COMPATIBILITY_ONLY_NOT_PRODUCTION,146521.7074,130543.1969,9908.8042,964,936,-0.06762687,-0.04731611,-0.08301766,-0.06762687,-9908.8042,146521.7074,OK,0.0000,396.3522,4.0000,96.0000,AG03-UNRESOLVED,ALL5_LEVELS_bet23_to_bet27,396.3522,396.3522,495.4402,495.4402,495.4402,4.000000,4.000000,5.000000,5.000000,5.000000,96.000000,96.000000,95.000000,95.000000,95.000000,5.0,2279.0250,2079.2952,7629.7792,7829.509,PENDING_AG03,FALSE,NOT_FOR_ENFORCEMENT,9512.4520,125321.4690,9908.8042,9512.4520,396.3522,0.06762687,0.06492179,396.3522,9512.4520,0.06492179,396.3522,396.3522,495.4402,495.4402,495.4402,9512.4520,0.06492179,2279.0250,2079.2952,7629.7792,7829.509,0.05207269,0.05343583,0.00270507,151.9935,139.4692,10.5863,152.4431,22.3171,2254.1801,14.4000,175.9468,137.7798,29.6291,128.4258,256.8515,258.1778,514.3107,777.7133,102.8621,0.0,4.004732,6.055743,1.183512,29,129,8,3,0.43109585,0.06762687,0.04731611,0E-8,0.000000,0.890948,0.000000,0.03570155,2026-03-24,2026-08-06,65,444,384,136,0.477941,1.277014,1.157594,1.436986,,,,,,,,GLOBAL_BASELINE_NO_ENTITY_RANKING,,,NOT_APPLICABLE_GLOBAL_BASELINE,HF9g-P5,,,,X 全窗基线 · 不参与实体赏罚,15058150,1506,A168_HF9F_20260827_0900,2026-08-27 09:00:00
2026-07-09,122817705,2101,0,2000.8778044560,596.3906746185,596.3906746185,0.6666667,7,7,0.50665070000000000,0.506650700000,0.7839842952205449,0.7839842952205449,0.7839842952205449,0E-17,ELIGIBLE,R03b_20260811_FULL_v1,L1_ELIGIBILITY,v2026-08-11,2026-03-21..2026-08-06,baccarat_bet02_101_all_pairs_incl_sentinel,round_win = game_pnl > 0 (decisive only),COMPATIBILITY_ONLY_NOT_PRODUCTION,146521.7074,130543.1969,9908.8042,964,936,-0.06762687,-0.04731611,-0.08301766,-0.06762687,-9908.8042,146521.7074,OK,0.0000,396.3522,4.0000,96.0000,AG03-UNRESOLVED,ALL5_LEVELS_bet23_to_bet27,396.3522,396.3522,495.4402,495.4402,495.4402,4.000000,4.000000,5.000000,5.000000,5.000000,96.000000,96.000000,95.000000,95.000000,95.000000,5.0,2279.0250,2079.2952,7629.7792,7829.509,PENDING_AG03,FALSE,NOT_FOR_ENFORCEMENT,9512.4520,125321.4690,9908.8042,9512.4520,396.3522,0.06762687,0.06492179,396.3522,9512.4520,0.06492179,396.3522,396.3522,495.4402,495.4402,495.4402,9512.4520,0.06492179,2279.0250,2079.2952,7629.7792,7829.509,0.05207269,0.05343583,0.00270507,151.9935,139.4692,10.5863,152.4431,22.3171,2254.1801,14.4000,175.9468,137.7798,29.6291,128.4258,256.8515,258.1778,514.3107,777.7133,102.8621,0.0,4.004732,6.055743,1.183512,29,129,8,3,0.43109585,0.06762687,0.04731611,0E-8,0.000000,0.890948,0.000000,0.03570155,2026-03-24,2026-08-06,65,444,384,136,0.477941,1.277014,1.157594,1.436986,,,,,,,,GLOBAL_BASELINE_NO_ENTITY_RANKING,,,NOT_APPLICABLE_GLOBAL_BASELINE,HF9g-P5,,,,X 全窗基线 · 不参与实体赏罚,15058151,1506,A168_HF9F_20260827_0900,2026-08-27 09:00:00
2026-07-09,122817705,2167,0,258.1777812201,-258.1777812201,-258.1777812201,0E-7,1,1,0.50665070000000000,0.506650700000,-1.013391052207602,-1.013391052207602,-1.013391052207602,0E-17,ELIGIBLE,R03b_20260811_FULL_v1,L1_ELIGIBILITY,v2026-08-11,2026-03-21..2026-08-06,baccarat_bet02_101_all_pairs_incl_sentinel,round_win = game_pnl > 0 (decisive only),COMPATIBILITY_ONLY_NOT_PRODUCTION,146521.7074,130543.1969,9908.8042,964,936,-0.06762687,-0.04731611,-0.08301766,-0.06762687,-9908.8042,146521.7074,OK,0.0000,396.3522,4.0000,96.0000,AG03-UNRESOLVED,ALL5_LEVELS_bet23_to_bet27,396.3522,396.3522,495.4402,495.4402,495.4402,4.000000,4.000000,5.000000,5.000000,5.000000,96.000000,96.000000,95.000000,95.000000,95.000000,5.0,2279.0250,2079.2952,7629.7792,7829.509,PENDING_AG03,FALSE,NOT_FOR_ENFORCEMENT,9512.4520,125321.4690,9908.8042,9512.4520,396.3522,0.06762687,0.06492179,396.3522,9512.4520,0.06492179,396.3522,396.3522,495.4402,495.4402,495.4402,9512.4520,0.06492179,2279.0250,2079.2952,7629.7792,7829.509,0.05207269,0.05343583,0.00270507,151.9935,139.4692,10.5863,152.4431,22.3171,2254.1801,14.4000,175.9468,137.7798,29.6291,128.4258,256.8515,258.1778,514.3107,777.7133,102.8621,0.0,4.004732,6.055743,1.183512,29,129,8,3,0.43109585,0.06762687,0.04731611,0E-8,0.000000,0.890948,0.000000,0.03570155,2026-03-24,2026-08-06,65,444,384,136,0.477941,1.277014,1.157594,1.436986,,,,,,,,GLOBAL_BASELINE_NO_ENTITY_RANKING,,,NOT_APPLICABLE_GLOBAL_BASELINE,HF9g-P5,,,,X 全窗基线 · 不参与实体赏罚,15058152,1506,A168_HF9F_20260827_0900,2026-08-27 09:00:00
2026-07-09,122817705,2233,0,134.2524462345,117.4708904551,117.4708904551,0.6666667,3,3,0.50665070000000000,0.506650700000,0.5543606114942035,0.5543606114942035,0.5543606114942035,0E-17,ELIGIBLE,R03b_20260811_FULL_v1,L1_ELIGIBILITY,v2026-08-11,2026-03-21..2026-08-06,baccarat_bet02_101_all_pairs_incl_sentinel,round_win = game_pnl > 0 (decisive only),COMPATIBILITY_ONLY_NOT_PRODUCTION,146521.7074,130543.1969,9908.8042,964,936,-0.06762687,-0.04731611,-0.08301766,-0.06762687,-9908.8042,146521.7074,OK,0.0000,396.3522,4.0000,96.0000,AG03-UNRESOLVED,ALL5_LEVELS_bet23_to_bet27,396.3522,396.3522,495.4402,495.4402,495.4402,4.000000,4.000000,5.000000,5.000000,5.000000,96.000000,96.000000,95.000000,95.000000,95.000000,5.0,2279.0250,2079.2952,7629.7792,7829.509,PENDING_AG03,FALSE,NOT_FOR_ENFORCEMENT,9512.4520,125321.4690,9908.8042,9512.4520,396.3522,0.06762687,0.06492179,396.3522,9512.4520,0.06492179,396.3522,396.3522,495.4402,495.4402,495.4402,9512.4520,0.06492179,2279.0250,2079.2952,7629.7792,7829.509,0.05207269,0.05343583,0.00270507,151.9935,139.4692,10.5863,152.4431,22.3171,2254.1801,14.4000,175.9468,137.7798,29.6291,128.4258,256.8515,258.1778,514.3107,777.7133,102.8621,0.0,4.004732,6.055743,1.183512,29,129,8,3,0.43109585,0.06762687,0.04731611,0E-8,0.000000,0.890948,0.000000,0.03570155,2026-03-24,2026-08-06,65,444,384,136,0.477941,1.277014,1.157594,1.436986,,,,,,,,GLOBAL_BASELINE_NO_ENTITY_RANKING,,,NOT_APPLICABLE_GLOBAL_BASELINE,HF9g-P5,,,,X 全窗基线 · 不参与实体赏罚,15058153,1506,A168_HF9F_20260827_0900,2026-08-27 09:00:00
2026-07-10,122817705,-1,1,645.4444530504,-645.4444530504,-645.4444530504,0E-7,2,2,0.49994810000000000,0.499948100000,-1.4140667746232096,-1.4140667746232096,-1.4140667746232096,0E-17,SENTINEL_DEALER,R03b_20260811_FULL_v1,L1_ELIGIBILITY,v2026-08-11,2026-03-21..2026-08-06,baccarat_bet02_101_all_pairs_incl_sentinel,round_win = game_pnl > 0 (decisive only),COMPATIBILITY_ONLY_NOT_PRODUCTION,146521.7074,130543.1969,9908.8042,964,936,-0.06762687,-0.04731611,-0.08301766,-0.06762687,-9908.8042,146521.7074,OK,0.0000,396.3522,4.0000,96.0000,AG03-UNRESOLVED,ALL5_LEVELS_bet23_to_bet27,396.3522,396.3522,495.4402,495.4402,495.4402,4.000000,4.000000,5.000000,5.000000,5.000000,96.000000,96.000000,95.000000,95.000000,95.000000,5.0,2279.0250,2079.2952,7629.7792,7829.509,PENDING_AG03,FALSE,NOT_FOR_ENFORCEMENT,9512.4520,125321.4690,9908.8042,9512.4520,396.3522,0.06762687,0.06492179,396.3522,9512.4520,0.06492179,396.3522,396.3522,495.4402,495.4402,495.4402,9512.4520,0.06492179,2279.0250,2079.2952,7629.7792,7829.509,0.05207269,0.05343583,0.00270507,151.9935,139.4692,10.5863,152.4431,22.3171,2254.1801,14.4000,175.9468,137.7798,29.6291,128.4258,256.8515,258.1778,514.3107,777.7133,102.8621,0.0,4.004732,6.055743,1.183512,29,129,8,3,0.43109585,0.06762687,0.04731611,0E-8,0.000000,0.890948,0.000000,0.03570155,2026-03-24,2026-08-06,65,444,384,136,0.477941,1.277014,1.157594,1.436986,,,,,,,,GLOBAL_BASELINE_NO_ENTITY_RANKING,,,NOT_APPLICABLE_GLOBAL_BASELINE,HF9g-P5,,,,X 全窗基线 · 不参与实体赏罚,15058154,1506,A168_HF9F_20260827_0900,2026-08-27 09:00:00
2026-07-10,122817705,2142,0,129.0888906101,-129.0888906101,-129.0888906101,0E-7,1,1,0.50665070000000000,0.506650700000,-1.013391052207602,-1.013391052207602,-1.013391052207602,0E-17,ELIGIBLE,R03b_20260811_FULL_v1,L1_ELIGIBILITY,v2026-08-11,2026-03-21..2026-08-06,baccarat_bet02_101_all_pairs_incl_sentinel,round_win = game_pnl > 0 (decisive only),COMPATIBILITY_ONLY_NOT_PRODUCTION,146521.7074,130543.1969,9908.8042,964,936,-0.06762687,-0.04731611,-0.08301766,-0.06762687,-9908.8042,146521.7074,OK,0.0000,396.3522,4.0000,96.0000,AG03-UNRESOLVED,ALL5_LEVELS_bet23_to_bet27,396.3522,396.3522,495.4402,495.4402,495.4402,4.000000,4.000000,5.000000,5.000000,5.000000,96.000000,96.000000,95.000000,95.000000,95.000000,5.0,2279.0250,2079.2952,7629.7792,7829.509,PENDING_AG03,FALSE,NOT_FOR_ENFORCEMENT,9512.4520,125321.4690,9908.8042,9512.4520,396.3522,0.06762687,0.06492179,396.3522,9512.4520,0.06492179,396.3522,396.3522,495.4402,495.4402,495.4402,9512.4520,0.06492179,2279.0250,2079.2952,7629.7792,7829.509,0.05207269,0.05343583,0.00270507,151.9935,139.4692,10.5863,152.4431,22.3171,2254.1801,14.4000,175.9468,137.7798,29.6291,128.4258,256.8515,258.1778,514.3107,777.7133,102.8621,0.0,4.004732,6.055743,1.183512,29,129,8,3,0.43109585,0.06762687,0.04731611,0E-8,0.000000,0.890948,0.000000,0.03570155,2026-03-24,2026-08-06,65,444,384,136,0.477941,1.277014,1.157594,1.436986,,,,,,,,GLOBAL_BASELINE_NO_ENTITY_RANKING,,,NOT_APPLICABLE_GLOBAL_BASELINE,HF9g-P5,,,,X 全窗基线 · 不参与实体赏罚,15058155,1506,A168_HF9F_20260827_0900,2026-08-27 09:00:00
2026-07-11,122817705,-1,1,1987.9689153950,-968.1666795756,-968.1666795756,0.2857143,7,7,0.50090561428571429,0.500905614286,-1.138687347156492,-1.138687347158005,-1.138687347156492,-2.8571E-13,SENTINEL_DEALER,R03b_20260811_FULL_v1,L1_ELIGIBILITY,v2026-08-11,2026-03-21..2026-08-06,baccarat_bet02_101_all_pairs_incl_sentinel,round_win = game_pnl > 0 (decisive only),COMPATIBILITY_ONLY_NOT_PRODUCTION,146521.7074,130543.1969,9908.8042,964,936,-0.06762687,-0.04731611,-0.08301766,-0.06762687,-9908.8042,146521.7074,OK,0.0000,396.3522,4.0000,96.0000,AG03-UNRESOLVED,ALL5_LEVELS_bet23_to_bet27,396.3522,396.3522,495.4402,495.4402,495.4402,4.000000,4.000000,5.000000,5.000000,5.000000,96.000000,96.000000,95.000000,95.000000,95.000000,5.0,2279.0250,2079.2952,7629.7792,7829.509,PENDING_AG03,FALSE,NOT_FOR_ENFORCEMENT,9512.4520,125321.4690,9908.8042,9512.4520,396.3522,0.06762687,0.06492179,396.3522,9512.4520,0.06492179,396.3522,396.3522,495.4402,495.4402,495.4402,9512.4520,0.06492179,2279.0250,2079.2952,7629.7792,7829.509,0.05207269,0.05343583,0.00270507,151.9935,139.4692,10.5863,152.4431,22.3171,2254.1801,14.4000,175.9468,137.7798,29.6291,128.4258,256.8515,258.1778,514.3107,777.7133,102.8621,0.0,4.004732,6.055743,1.183512,29,129,8,3,0.43109585,0.06762687,0.04731611,0E-8,0.000000,0.890948,0.000000,0.03570155,2026-03-24,2026-08-06,65,444,384,136,0.477941,1.277014,1.157594,1.436986,,,,,,,,GLOBAL_BASELINE_NO_ENTITY_RANKING,,,NOT_APPLICABLE_GLOBAL_BASELINE,HF9g-P5,,,,X 全窗基线 · 不参与实体赏罚,15058156,1506,A168_HF9F_20260827_0900,2026-08-27 09:00:00
2026-07-11,122817705,1094,0,361.4488937082,51.6355562440,51.6355562440,0.6666667,3,3,0.49324550000000000,0.493245500000,0.6008033672792107,0.6008033672792106,0.6008033672792107,0E-17,ELIGIBLE,R03b_20260811_FULL_v1,L1_ELIGIBILITY,v2026-08-11,2026-03-21..2026-08-06,baccarat_bet02_101_all_pairs_incl_sentinel,round_win = game_pnl > 0 (decisive only),COMPATIBILITY_ONLY_NOT_PRODUCTION,146521.7074,130543.1969,9908.8042,964,936,-0.06762687,-0.04731611,-0.08301766,-0.06762687,-9908.8042,146521.7074,OK,0.0000,396.3522,4.0000,96.0000,AG03-UNRESOLVED,ALL5_LEVELS_bet23_to_bet27,396.3522,396.3522,495.4402,495.4402,495.4402,4.000000,4.000000,5.000000,5.000000,5.000000,96.000000,96.000000,95.000000,95.000000,95.000000,5.0,2279.0250,2079.2952,7629.7792,7829.509,PENDING_AG03,FALSE,NOT_FOR_ENFORCEMENT,9512.4520,125321.4690,9908.8042,9512.4520,396.3522,0.06762687,0.06492179,396.3522,9512.4520,0.06492179,396.3522,396.3522,495.4402,495.4402,495.4402,9512.4520,0.06492179,2279.0250,2079.2952,7629.7792,7829.509,0.05207269,0.05343583,0.00270507,151.9935,139.4692,10.5863,152.4431,22.3171,2254.1801,14.4000,175.9468,137.7798,29.6291,128.4258,256.8515,258.1778,514.3107,777.7133,102.8621,0.0,4.004732,6.055743,1.183512,29,129,8,3,0.43109585,0.06762687,0.04731611,0E-8,0.000000,0.890948,0.000000,0.03570155,2026-03-24,2026-08-06,65,444,384,136,0.477941,1.277014,1.157594,1.436986,,,,,,,,GLOBAL_BASELINE_NO_ENTITY_RANKING,,,NOT_APPLICABLE_GLOBAL_BASELINE,HF9g-P5,,,,X 全窗基线 · 不参与实体赏罚,15058157,1506,A168_HF9F_20260827_0900,2026-08-27 09:00:00
2026-07-11,122817705,1374,0,761.6244545995,-1E-10,-1E-10,0.3333333,5,5,0.50396966000000000,0.503969660000,-0.5911202050821986,-0.5911202050821988,-0.5911202050821986,0E-17,ELIGIBLE,R03b_20260811_FULL_v1,L1_ELIGIBILITY,v2026-08-11,2026-03-21..2026-08-06,baccarat_bet02_101_all_pairs_incl_sentinel,round_win = game_pnl > 0 (decisive only),COMPATIBILITY_ONLY_NOT_PRODUCTION,146521.7074,130543.1969,9908.8042,964,936,-0.06762687,-0.04731611,-0.08301766,-0.06762687,-9908.8042,146521.7074,OK,0.0000,396.3522,4.0000,96.0000,AG03-UNRESOLVED,ALL5_LEVELS_bet23_to_bet27,396.3522,396.3522,495.4402,495.4402,495.4402,4.000000,4.000000,5.000000,5.000000,5.000000,96.000000,96.000000,95.000000,95.000000,95.000000,5.0,2279.0250,2079.2952,7629.7792,7829.509,PENDING_AG03,FALSE,NOT_FOR_ENFORCEMENT,9512.4520,125321.4690,9908.8042,9512.4520,396.3522,0.06762687,0.06492179,396.3522,9512.4520,0.06492179,396.3522,396.3522,495.4402,495.4402,495.4402,9512.4520,0.06492179,2279.0250,2079.2952,7629.7792,7829.509,0.05207269,0.05343583,0.00270507,151.9935,139.4692,10.5863,152.4431,22.3171,2254.1801,14.4000,175.9468,137.7798,29.6291,128.4258,256.8515,258.1778,514.3107,777.7133,102.8621,0.0,4.004732,6.055743,1.183512,29,129,8,3,0.43109585,0.06762687,0.04731611,0E-8,0.000000,0.890948,0.000000,0.03570155,2026-03-24,2026-08-06,65,444,384,136,0.477941,1.277014,1.157594,1.436986,,,,,,,,GLOBAL_BASELINE_NO_ENTITY_RANKING,,,NOT_APPLICABLE_GLOBAL_BASELINE,HF9g-P5,,,,X 全窗基线 · 不参与实体赏罚,15058158,1506,A168_HF9F_20260827_0900,2026-08-27 09:00:00
2026-07-11,122817705,1940,0,516.3555624403,-12.9088890611,-12.9088890611,0.3333333,3,3,0.50218230000000000,0.502182300000,-0.5849155494134425,-0.5849155494134426,-0.5849155494134425,0E-17,ELIGIBLE,R03b_20260811_FULL_v1,L1_ELIGIBILITY,v2026-08-11,2026-03-21..2026-08-06,baccarat_bet02_101_all_pairs_incl_sentinel,round_win = game_pnl > 0 (decisive only),COMPATIBILITY_ONLY_NOT_PRODUCTION,146521.7074,130543.1969,9908.8042,964,936,-0.06762687,-0.04731611,-0.08301766,-0.06762687,-9908.8042,146521.7074,OK,0.0000,396.3522,4.0000,96.0000,AG03-UNRESOLVED,ALL5_LEVELS_bet23_to_bet27,396.3522,396.3522,495.4402,495.4402,495.4402,4.000000,4.000000,5.000000,5.000000,5.000000,96.000000,96.000000,95.000000,95.000000,95.000000,5.0,2279.0250,2079.2952,7629.7792,7829.509,PENDING_AG03,FALSE,NOT_FOR_ENFORCEMENT,9512.4520,125321.4690,9908.8042,9512.4520,396.3522,0.06762687,0.06492179,396.3522,9512.4520,0.06492179,396.3522,396.3522,495.4402,495.4402,495.4402,9512.4520,0.06492179,2279.0250,2079.2952,7629.7792,7829.509,0.05207269,0.05343583,0.00270507,151.9935,139.4692,10.5863,152.4431,22.3171,2254.1801,14.4000,175.9468,137.7798,29.6291,128.4258,256.8515,258.1778,514.3107,777.7133,102.8621,0.0,4.004732,6.055743,1.183512,29,129,8,3,0.43109585,0.06762687,0.04731611,0E-8,0.000000,0.890948,0.000000,0.03570155,2026-03-24,2026-08-06,65,444,384,136,0.477941,1.277014,1.157594,1.436986,,,,,,,,GLOBAL_BASELINE_NO_ENTITY_RANKING,,,NOT_APPLICABLE_GLOBAL_BASELINE,HF9g-P5,,,,X 全窗基线 · 不参与实体赏罚,15058159,1506,A168_HF9F_20260827_0900,2026-08-27 09:00:00
2026-07-11,122817705,2107,0,1290.8889061007,258.1777812201,258.1777812201,0.5000000,5,4,0.50106520000000029,0.501623750000,-0.004260809669076376,-0.006495034249238073,-0.004260809669076376,-0.00055854999999971,ELIGIBLE,R03b_20260811_FULL_v1,L1_ELIGIBILITY,v2026-08-11,2026-03-21..2026-08-06,baccarat_bet02_101_all_pairs_incl_sentinel,round_win = game_pnl > 0 (decisive only),COMPATIBILITY_ONLY_NOT_PRODUCTION,146521.7074,130543.1969,9908.8042,964,936,-0.06762687,-0.04731611,-0.08301766,-0.06762687,-9908.8042,146521.7074,OK,0.0000,396.3522,4.0000,96.0000,AG03-UNRESOLVED,ALL5_LEVELS_bet23_to_bet27,396.3522,396.3522,495.4402,495.4402,495.4402,4.000000,4.000000,5.000000,5.000000,5.000000,96.000000,96.000000,95.000000,95.000000,95.000000,5.0,2279.0250,2079.2952,7629.7792,7829.509,PENDING_AG03,FALSE,NOT_FOR_ENFORCEMENT,9512.4520,125321.4690,9908.8042,9512.4520,396.3522,0.06762687,0.06492179,396.3522,9512.4520,0.06492179,396.3522,396.3522,495.4402,495.4402,495.4402,9512.4520,0.06492179,2279.0250,2079.2952,7629.7792,7829.509,0.05207269,0.05343583,0.00270507,151.9935,139.4692,10.5863,152.4431,22.3171,2254.1801,14.4000,175.9468,137.7798,29.6291,128.4258,256.8515,258.1778,514.3107,777.7133,102.8621,0.0,4.004732,6.055743,1.183512,29,129,8,3,0.43109585,0.06762687,0.04731611,0E-8,0.000000,0.890948,0.000000,0.03570155,2026-03-24,2026-08-06,65,444,384,136,0.477941,1.277014,1.157594,1.436986,,,,,,,,GLOBAL_BASELINE_NO_ENTITY_RANKING,,,NOT_APPLICABLE_GLOBAL_BASELINE,HF9g-P5,,,,X 全窗基线 · 不参与实体赏罚,15058160,1506,A168_HF9F_20260827_0900,2026-08-27 09:00:00
2026-07-11,122817705,2145,0,722.8977874164,335.6311155862,335.6311155862,0.8333333,7,6,0.50143756666666715,0.501065200000,1.6259572726600433,1.6277784628326697,1.6259572726600433,0.00037236666666715,ELIGIBLE,R03b_20260811_FULL_v1,L1_ELIGIBILITY,v2026-08-11,2026-03-21..2026-08-06,baccarat_bet02_101_all_pairs_incl_sentinel,round_win = game_pnl > 0 (decisive only),COMPATIBILITY_ONLY_NOT_PRODUCTION,146521.7074,130543.1969,9908.8042,964,936,-0.06762687,-0.04731611,-0.08301766,-0.06762687,-9908.8042,146521.7074,OK,0.0000,396.3522,4.0000,96.0000,AG03-UNRESOLVED,ALL5_LEVELS_bet23_to_bet27,396.3522,396.3522,495.4402,495.4402,495.4402,4.000000,4.000000,5.000000,5.000000,5.000000,96.000000,96.000000,95.000000,95.000000,95.000000,5.0,2279.0250,2079.2952,7629.7792,7829.509,PENDING_AG03,FALSE,NOT_FOR_ENFORCEMENT,9512.4520,125321.4690,9908.8042,9512.4520,396.3522,0.06762687,0.06492179,396.3522,9512.4520,0.06492179,396.3522,396.3522,495.4402,495.4402,495.4402,9512.4520,0.06492179,2279.0250,2079.2952,7629.7792,7829.509,0.05207269,0.05343583,0.00270507,151.9935,139.4692,10.5863,152.4431,22.3171,2254.1801,14.4000,175.9468,137.7798,29.6291,128.4258,256.8515,258.1778,514.3107,777.7133,102.8621,0.0,4.004732,6.055743,1.183512,29,129,8,3,0.43109585,0.06762687,0.04731611,0E-8,0.000000,0.890948,0.000000,0.03570155,2026-03-24,2026-08-06,65,444,384,136,0.477941,1.277014,1.157594,1.436986,,,,,,,,GLOBAL_BASELINE_NO_ENTITY_RANKING,,,NOT_APPLICABLE_GLOBAL_BASELINE,HF9g-P5,,,,X 全窗基线 · 不参与实体赏罚,15058161,1506,A168_HF9F_20260827_0900,2026-08-27 09:00:00
2026-07-11,122817705,2177,0,51.6355562440,50.3446673379,50.3446673379,1.0000000,2,2,0.49994810000000000,0.499948100000,1.4143603653603398,1.4143603653603398,1.4143603653603398,0E-17,ELIGIBLE,R03b_20260811_FULL_v1,L1_ELIGIBILITY,v2026-08-11,2026-03-21..2026-08-06,baccarat_bet02_101_all_pairs_incl_sentinel,round_win = game_pnl > 0 (decisive only),COMPATIBILITY_ONLY_NOT_PRODUCTION,146521.7074,130543.1969,9908.8042,964,936,-0.06762687,-0.04731611,-0.08301766,-0.06762687,-9908.8042,146521.7074,OK,0.0000,396.3522,4.0000,96.0000,AG03-UNRESOLVED,ALL5_LEVELS_bet23_to_bet27,396.3522,396.3522,495.4402,495.4402,495.4402,4.000000,4.000000,5.000000,5.000000,5.000000,96.000000,96.000000,95.000000,95.000000,95.000000,5.0,2279.0250,2079.2952,7629.7792,7829.509,PENDING_AG03,FALSE,NOT_FOR_ENFORCEMENT,9512.4520,125321.4690,9908.8042,9512.4520,396.3522,0.06762687,0.06492179,396.3522,9512.4520,0.06492179,396.3522,396.3522,495.4402,495.4402,495.4402,9512.4520,0.06492179,2279.0250,2079.2952,7629.7792,7829.509,0.05207269,0.05343583,0.00270507,151.9935,139.4692,10.5863,152.4431,22.3171,2254.1801,14.4000,175.9468,137.7798,29.6291,128.4258,256.8515,258.1778,514.3107,777.7133,102.8621,0.0,4.004732,6.055743,1.183512,29,129,8,3,0.43109585,0.06762687,0.04731611,0E-8,0.000000,0.890948,0.000000,0.03570155,2026-03-24,2026-08-06,65,444,384,136,0.477941,1.277014,1.157594,1.436986,,,,,,,,GLOBAL_BASELINE_NO_ENTITY_RANKING,,,NOT_APPLICABLE_GLOBAL_BASELINE,HF9g-P5,,,,X 全窗基线 · 不参与实体赏罚,15058162,1506,A168_HF9F_20260827_0900,2026-08-27 09:00:00
2026-07-11,122817705,2233,0,1032.7111248806,-1032.7111248806,-1032.7111248806,0E-7,1,1,0.49324550000000000,0.493245500000,-0.9865810262130424,-0.9865810262130424,-0.9865810262130424,0E-17,ELIGIBLE,R03b_20260811_FULL_v1,L1_ELIGIBILITY,v2026-08-11,2026-03-21..2026-08-06,baccarat_bet02_101_all_pairs_incl_sentinel,round_win = game_pnl > 0 (decisive only),COMPATIBILITY_ONLY_NOT_PRODUCTION,146521.7074,130543.1969,9908.8042,964,936,-0.06762687,-0.04731611,-0.08301766,-0.06762687,-9908.8042,146521.7074,OK,0.0000,396.3522,4.0000,96.0000,AG03-UNRESOLVED,ALL5_LEVELS_bet23_to_bet27,396.3522,396.3522,495.4402,495.4402,495.4402,4.000000,4.000000,5.000000,5.000000,5.000000,96.000000,96.000000,95.000000,95.000000,95.000000,5.0,2279.0250,2079.2952,7629.7792,7829.509,PENDING_AG03,FALSE,NOT_FOR_ENFORCEMENT,9512.4520,125321.4690,9908.8042,9512.4520,396.3522,0.06762687,0.06492179,396.3522,9512.4520,0.06492179,396.3522,396.3522,495.4402,495.4402,495.4402,9512.4520,0.06492179,2279.0250,2079.2952,7629.7792,7829.509,0.05207269,0.05343583,0.00270507,151.9935,139.4692,10.5863,152.4431,22.3171,2254.1801,14.4000,175.9468,137.7798,29.6291,128.4258,256.8515,258.1778,514.3107,777.7133,102.8621,0.0,4.004732,6.055743,1.183512,29,129,8,3,0.43109585,0.06762687,0.04731611,0E-8,0.000000,0.890948,0.000000,0.03570155,2026-03-24,2026-08-06,65,444,384,136,0.477941,1.277014,1.157594,1.436986,,,,,,,,GLOBAL_BASELINE_NO_ENTITY_RANKING,,,NOT_APPLICABLE_GLOBAL_BASELINE,HF9g-P5,,,,X 全窗基线 · 不参与实体赏罚,15058163,1506,A168_HF9F_20260827_0900,2026-08-27 09:00:00
2026-07-11,122817705,2239,0,438.9022280742,-187.1788913845,-187.1788913845,0.3333333,3,3,0.50218230000000000,0.502182300000,-0.5849155494134425,-0.5849155494134426,-0.5849155494134425,0E-17,ELIGIBLE,R03b_20260811_FULL_v1,L1_ELIGIBILITY,v2026-08-11,2026-03-21..2026-08-06,baccarat_bet02_101_all_pairs_incl_sentinel,round_win = game_pnl > 0 (decisive only),COMPATIBILITY_ONLY_NOT_PRODUCTION,146521.7074,130543.1969,9908.8042,964,936,-0.06762687,-0.04731611,-0.08301766,-0.06762687,-9908.8042,146521.7074,OK,0.0000,396.3522,4.0000,96.0000,AG03-UNRESOLVED,ALL5_LEVELS_bet23_to_bet27,396.3522,396.3522,495.4402,495.4402,495.4402,4.000000,4.000000,5.000000,5.000000,5.000000,96.000000,96.000000,95.000000,95.000000,95.000000,5.0,2279.0250,2079.2952,7629.7792,7829.509,PENDING_AG03,FALSE,NOT_FOR_ENFORCEMENT,9512.4520,125321.4690,9908.8042,9512.4520,396.3522,0.06762687,0.06492179,396.3522,9512.4520,0.06492179,396.3522,396.3522,495.4402,495.4402,495.4402,9512.4520,0.06492179,2279.0250,2079.2952,7629.7792,7829.509,0.05207269,0.05343583,0.00270507,151.9935,139.4692,10.5863,152.4431,22.3171,2254.1801,14.4000,175.9468,137.7798,29.6291,128.4258,256.8515,258.1778,514.3107,777.7133,102.8621,0.0,4.004732,6.055743,1.183512,29,129,8,3,0.43109585,0.06762687,0.04731611,0E-8,0.000000,0.890948,0.000000,0.03570155,2026-03-24,2026-08-06,65,444,384,136,0.477941,1.277014,1.157594,1.436986,,,,,,,,GLOBAL_BASELINE_NO_ENTITY_RANKING,,,NOT_APPLICABLE_GLOBAL_BASELINE,HF9g-P5,,,,X 全窗基线 · 不参与实体赏罚,15058164,1506,A168_HF9F_20260827_0900,2026-08-27 09:00:00
2026-07-11,122817705,2281,0,258.1777812201,-258.1777812201,-258.1777812201,0E-7,1,1,0.49324550000000000,0.493245500000,-0.9865810262130424,-0.9865810262130424,-0.9865810262130424,0E-17,ELIGIBLE,R03b_20260811_FULL_v1,L1_ELIGIBILITY,v2026-08-11,2026-03-21..2026-08-06,baccarat_bet02_101_all_pairs_incl_sentinel,round_win = game_pnl > 0 (decisive only),COMPATIBILITY_ONLY_NOT_PRODUCTION,146521.7074,130543.1969,9908.8042,964,936,-0.06762687,-0.04731611,-0.08301766,-0.06762687,-9908.8042,146521.7074,OK,0.0000,396.3522,4.0000,96.0000,AG03-UNRESOLVED,ALL5_LEVELS_bet23_to_bet27,396.3522,396.3522,495.4402,495.4402,495.4402,4.000000,4.000000,5.000000,5.000000,5.000000,96.000000,96.000000,95.000000,95.000000,95.000000,5.0,2279.0250,2079.2952,7629.7792,7829.509,PENDING_AG03,FALSE,NOT_FOR_ENFORCEMENT,9512.4520,125321.4690,9908.8042,9512.4520,396.3522,0.06762687,0.06492179,396.3522,9512.4520,0.06492179,396.3522,396.3522,495.4402,495.4402,495.4402,9512.4520,0.06492179,2279.0250,2079.2952,7629.7792,7829.509,0.05207269,0.05343583,0.00270507,151.9935,139.4692,10.5863,152.4431,22.3171,2254.1801,14.4000,175.9468,137.7798,29.6291,128.4258,256.8515,258.1778,514.3107,777.7133,102.8621,0.0,4.004732,6.055743,1.183512,29,129,8,3,0.43109585,0.06762687,0.04731611,0E-8,0.000000,0.890948,0.000000,0.03570155,2026-03-24,2026-08-06,65,444,384,136,0.477941,1.277014,1.157594,1.436986,,,,,,,,GLOBAL_BASELINE_NO_ENTITY_RANKING,,,NOT_APPLICABLE_GLOBAL_BASELINE,HF9g-P5,,,,X 全窗基线 · 不参与实体赏罚,15058165,1506,A168_HF9F_20260827_0900,2026-08-27 09:00:00
2026-07-11,122817705,763,0,129.0888906101,-129.0888906101,-129.0888906101,0E-7,1,1,0.49324550000000000,0.493245500000,-0.9865810262130424,-0.9865810262130424,-0.9865810262130424,0E-17,ELIGIBLE,R03b_20260811_FULL_v1,L1_ELIGIBILITY,v2026-08-11,2026-03-21..2026-08-06,baccarat_bet02_101_all_pairs_incl_sentinel,round_win = game_pnl > 0 (decisive only),COMPATIBILITY_ONLY_NOT_PRODUCTION,146521.7074,130543.1969,9908.8042,964,936,-0.06762687,-0.04731611,-0.08301766,-0.06762687,-9908.8042,146521.7074,OK,0.0000,396.3522,4.0000,96.0000,AG03-UNRESOLVED,ALL5_LEVELS_bet23_to_bet27,396.3522,396.3522,495.4402,495.4402,495.4402,4.000000,4.000000,5.000000,5.000000,5.000000,96.000000,96.000000,95.000000,95.000000,95.000000,5.0,2279.0250,2079.2952,7629.7792,7829.509,PENDING_AG03,FALSE,NOT_FOR_ENFORCEMENT,9512.4520,125321.4690,9908.8042,9512.4520,396.3522,0.06762687,0.06492179,396.3522,9512.4520,0.06492179,396.3522,396.3522,495.4402,495.4402,495.4402,9512.4520,0.06492179,2279.0250,2079.2952,7629.7792,7829.509,0.05207269,0.05343583,0.00270507,151.9935,139.4692,10.5863,152.4431,22.3171,2254.1801,14.4000,175.9468,137.7798,29.6291,128.4258,256.8515,258.1778,514.3107,777.7133,102.8621,0.0,4.004732,6.055743,1.183512,29,129,8,3,0.43109585,0.06762687,0.04731611,0E-8,0.000000,0.890948,0.000000,0.03570155,2026-03-24,2026-08-06,65,444,384,136,0.477941,1.277014,1.157594,1.436986,,,,,,,,GLOBAL_BASELINE_NO_ENTITY_RANKING,,,NOT_APPLICABLE_GLOBAL_BASELINE,HF9g-P5,,,,X 全窗基线 · 不参与实体赏罚,15058166,1506,A168_HF9F_20260827_0900,2026-08-27 09:00:00
2026-07-11,122817705,925,0,258.1777812201,-258.1777812201,-258.1777812201,0E-7,1,1,0.50665070000000000,0.506650700000,-1.013391052207602,-1.013391052207602,-1.013391052207602,0E-17,ELIGIBLE,R03b_20260811_FULL_v1,L1_ELIGIBILITY,v2026-08-11,2026-03-21..2026-08-06,baccarat_bet02_101_all_pairs_incl_sentinel,round_win = game_pnl > 0 (decisive only),COMPATIBILITY_ONLY_NOT_PRODUCTION,146521.7074,130543.1969,9908.8042,964,936,-0.06762687,-0.04731611,-0.08301766,-0.06762687,-9908.8042,146521.7074,OK,0.0000,396.3522,4.0000,96.0000,AG03-UNRESOLVED,ALL5_LEVELS_bet23_to_bet27,396.3522,396.3522,495.4402,495.4402,495.4402,4.000000,4.000000,5.000000,5.000000,5.000000,96.000000,96.000000,95.000000,95.000000,95.000000,5.0,2279.0250,2079.2952,7629.7792,7829.509,PENDING_AG03,FALSE,NOT_FOR_ENFORCEMENT,9512.4520,125321.4690,9908.8042,9512.4520,396.3522,0.06762687,0.06492179,396.3522,9512.4520,0.06492179,396.3522,396.3522,495.4402,495.4402,495.4402,9512.4520,0.06492179,2279.0250,2079.2952,7629.7792,7829.509,0.05207269,0.05343583,0.00270507,151.9935,139.4692,10.5863,152.4431,22.3171,2254.1801,14.4000,175.9468,137.7798,29.6291,128.4258,256.8515,258.1778,514.3107,777.7133,102.8621,0.0,4.004732,6.055743,1.183512,29,129,8,3,0.43109585,0.06762687,0.04731611,0E-8,0.000000,0.890948,0.000000,0.03570155,2026-03-24,2026-08-06,65,444,384,136,0.477941,1.277014,1.157594,1.436986,,,,,,,,GLOBAL_BASELINE_NO_ENTITY_RANKING,,,NOT_APPLICABLE_GLOBAL_BASELINE,HF9g-P5,,,,X 全窗基线 · 不参与实体赏罚,15058167,1506,A168_HF9F_20260827_0900,2026-08-27 09:00:00
2026-07-11,122817705,948,0,129.0888906101,129.0888906101,129.0888906101,1.0000000,1,1,0.49324550000000000,0.493245500000,1.01360149184955,1.01360149184955,1.01360149184955,0E-17,ELIGIBLE,R03b_20260811_FULL_v1,L1_ELIGIBILITY,v2026-08-11,2026-03-21..2026-08-06,baccarat_bet02_101_all_pairs_incl_sentinel,round_win = game_pnl > 0 (decisive only),COMPATIBILITY_ONLY_NOT_PRODUCTION,146521.7074,130543.1969,9908.8042,964,936,-0.06762687,-0.04731611,-0.08301766,-0.06762687,-9908.8042,146521.7074,OK,0.0000,396.3522,4.0000,96.0000,AG03-UNRESOLVED,ALL5_LEVELS_bet23_to_bet27,396.3522,396.3522,495.4402,495.4402,495.4402,4.000000,4.000000,5.000000,5.000000,5.000000,96.000000,96.000000,95.000000,95.000000,95.000000,5.0,2279.0250,2079.2952,7629.7792,7829.509,PENDING_AG03,FALSE,NOT_FOR_ENFORCEMENT,9512.4520,125321.4690,9908.8042,9512.4520,396.3522,0.06762687,0.06492179,396.3522,9512.4520,0.06492179,396.3522,396.3522,495.4402,495.4402,495.4402,9512.4520,0.06492179,2279.0250,2079.2952,7629.7792,7829.509,0.05207269,0.05343583,0.00270507,151.9935,139.4692,10.5863,152.4431,22.3171,2254.1801,14.4000,175.9468,137.7798,29.6291,128.4258,256.8515,258.1778,514.3107,777.7133,102.8621,0.0,4.004732,6.055743,1.183512,29,129,8,3,0.43109585,0.06762687,0.04731611,0E-8,0.000000,0.890948,0.000000,0.03570155,2026-03-24,2026-08-06,65,444,384,136,0.477941,1.277014,1.157594,1.436986,,,,,,,,GLOBAL_BASELINE_NO_ENTITY_RANKING,,,NOT_APPLICABLE_GLOBAL_BASELINE,HF9g-P5,,,,X 全窗基线 · 不参与实体赏罚,15058168,1506,A168_HF9F_20260827_0900,2026-08-27 09:00:00
2026-07-12,122817705,-1,1,258.1777812202,-6.4544445305,-6.4544445305,0.5000000,2,2,0.50665070000000000,0.506650700000,-0.018812684590367487,-0.018812684590367487,-0.018812684590367487,0E-17,SENTINEL_DEALER,R03b_20260811_FULL_v1,L1_ELIGIBILITY,v2026-08-11,2026-03-21..2026-08-06,baccarat_bet02_101_all_pairs_incl_sentinel,round_win = game_pnl > 0 (decisive only),COMPATIBILITY_ONLY_NOT_PRODUCTION,146521.7074,130543.1969,9908.8042,964,936,-0.06762687,-0.04731611,-0.08301766,-0.06762687,-9908.8042,146521.7074,OK,0.0000,396.3522,4.0000,96.0000,AG03-UNRESOLVED,ALL5_LEVELS_bet23_to_bet27,396.3522,396.3522,495.4402,495.4402,495.4402,4.000000,4.000000,5.000000,5.000000,5.000000,96.000000,96.000000,95.000000,95.000000,95.000000,5.0,2279.0250,2079.2952,7629.7792,7829.509,PENDING_AG03,FALSE,NOT_FOR_ENFORCEMENT,9512.4520,125321.4690,9908.8042,9512.4520,396.3522,0.06762687,0.06492179,396.3522,9512.4520,0.06492179,396.3522,396.3522,495.4402,495.4402,495.4402,9512.4520,0.06492179,2279.0250,2079.2952,7629.7792,7829.509,0.05207269,0.05343583,0.00270507,151.9935,139.4692,10.5863,152.4431,22.3171,2254.1801,14.4000,175.9468,137.7798,29.6291,128.4258,256.8515,258.1778,514.3107,777.7133,102.8621,0.0,4.004732,6.055743,1.183512,29,129,8,3,0.43109585,0.06762687,0.04731611,0E-8,0.000000,0.890948,0.000000,0.03570155,2026-03-24,2026-08-06,65,444,384,136,0.477941,1.277014,1.157594,1.436986,,,,,,,,GLOBAL_BASELINE_NO_ENTITY_RANKING,,,NOT_APPLICABLE_GLOBAL_BASELINE,HF9g-P5,,,,X 全窗基线 · 不参与实体赏罚,15058169,1506,A168_HF9F_20260827_0900,2026-08-27 09:00:00
2026-07-12,122817705,1363,0,25.8177781220,-25.8177781220,-25.8177781220,0E-7,1,1,0.50665070000000000,0.506650700000,-1.013391052207602,-1.013391052207602,-1.013391052207602,0E-17,ELIGIBLE,R03b_20260811_FULL_v1,L1_ELIGIBILITY,v2026-08-11,2026-03-21..2026-08-06,baccarat_bet02_101_all_pairs_incl_sentinel,round_win = game_pnl > 0 (decisive only),COMPATIBILITY_ONLY_NOT_PRODUCTION,146521.7074,130543.1969,9908.8042,964,936,-0.06762687,-0.04731611,-0.08301766,-0.06762687,-9908.8042,146521.7074,OK,0.0000,396.3522,4.0000,96.0000,AG03-UNRESOLVED,ALL5_LEVELS_bet23_to_bet27,396.3522,396.3522,495.4402,495.4402,495.4402,4.000000,4.000000,5.000000,5.000000,5.000000,96.000000,96.000000,95.000000,95.000000,95.000000,5.0,2279.0250,2079.2952,7629.7792,7829.509,PENDING_AG03,FALSE,NOT_FOR_ENFORCEMENT,9512.4520,125321.4690,9908.8042,9512.4520,396.3522,0.06762687,0.06492179,396.3522,9512.4520,0.06492179,396.3522,396.3522,495.4402,495.4402,495.4402,9512.4520,0.06492179,2279.0250,2079.2952,7629.7792,7829.509,0.05207269,0.05343583,0.00270507,151.9935,139.4692,10.5863,152.4431,22.3171,2254.1801,14.4000,175.9468,137.7798,29.6291,128.4258,256.8515,258.1778,514.3107,777.7133,102.8621,0.0,4.004732,6.055743,1.183512,29,129,8,3,0.43109585,0.06762687,0.04731611,0E-8,0.000000,0.890948,0.000000,0.03570155,2026-03-24,2026-08-06,65,444,384,136,0.477941,1.277014,1.157594,1.436986,,,,,,,,GLOBAL_BASELINE_NO_ENTITY_RANKING,,,NOT_APPLICABLE_GLOBAL_BASELINE,HF9g-P5,,,,X 全窗基线 · 不参与实体赏罚,15058170,1506,A168_HF9F_20260827_0900,2026-08-27 09:00:00
2026-07-12,122817705,1509,0,516.3555624404,129.0888906101,129.0888906101,0.6666667,4,4,0.49324550000000000,0.493245500000,0.6008033672792107,0.6008033672792106,0.6008033672792107,0E-17,ELIGIBLE,R03b_20260811_FULL_v1,L1_ELIGIBILITY,v2026-08-11,2026-03-21..2026-08-06,baccarat_bet02_101_all_pairs_incl_sentinel,round_win = game_pnl > 0 (decisive only),COMPATIBILITY_ONLY_NOT_PRODUCTION,146521.7074,130543.1969,9908.8042,964,936,-0.06762687,-0.04731611,-0.08301766,-0.06762687,-9908.8042,146521.7074,OK,0.0000,396.3522,4.0000,96.0000,AG03-UNRESOLVED,ALL5_LEVELS_bet23_to_bet27,396.3522,396.3522,495.4402,495.4402,495.4402,4.000000,4.000000,5.000000,5.000000,5.000000,96.000000,96.000000,95.000000,95.000000,95.000000,5.0,2279.0250,2079.2952,7629.7792,7829.509,PENDING_AG03,FALSE,NOT_FOR_ENFORCEMENT,9512.4520,125321.4690,9908.8042,9512.4520,396.3522,0.06762687,0.06492179,396.3522,9512.4520,0.06492179,396.3522,396.3522,495.4402,495.4402,495.4402,9512.4520,0.06492179,2279.0250,2079.2952,7629.7792,7829.509,0.05207269,0.05343583,0.00270507,151.9935,139.4692,10.5863,152.4431,22.3171,2254.1801,14.4000,175.9468,137.7798,29.6291,128.4258,256.8515,258.1778,514.3107,777.7133,102.8621,0.0,4.004732,6.055743,1.183512,29,129,8,3,0.43109585,0.06762687,0.04731611,0E-8,0.000000,0.890948,0.000000,0.03570155,2026-03-24,2026-08-06,65,444,384,136,0.477941,1.277014,1.157594,1.436986,,,,,,,,GLOBAL_BASELINE_NO_ENTITY_RANKING,,,NOT_APPLICABLE_GLOBAL_BASELINE,HF9g-P5,,,,X 全窗基线 · 不参与实体赏罚,15058171,1506,A168_HF9F_20260827_0900,2026-08-27 09:00:00
2026-07-12,122817705,2101,0,3149.7689308856,398.2392275319,398.2392275319,0.5384615,18,17,0.50139375882352938,0.501525182353,0.2673005988037589,0.2663530909302591,0.2673005988037589,-0.00013142352947062,ELIGIBLE,R03b_20260811_FULL_v1,L1_ELIGIBILITY,v2026-08-11,2026-03-21..2026-08-06,baccarat_bet02_101_all_pairs_incl_sentinel,round_win = game_pnl > 0 (decisive only),COMPATIBILITY_ONLY_NOT_PRODUCTION,146521.7074,130543.1969,9908.8042,964,936,-0.06762687,-0.04731611,-0.08301766,-0.06762687,-9908.8042,146521.7074,OK,0.0000,396.3522,4.0000,96.0000,AG03-UNRESOLVED,ALL5_LEVELS_bet23_to_bet27,396.3522,396.3522,495.4402,495.4402,495.4402,4.000000,4.000000,5.000000,5.000000,5.000000,96.000000,96.000000,95.000000,95.000000,95.000000,5.0,2279.0250,2079.2952,7629.7792,7829.509,PENDING_AG03,FALSE,NOT_FOR_ENFORCEMENT,9512.4520,125321.4690,9908.8042,9512.4520,396.3522,0.06762687,0.06492179,396.3522,9512.4520,0.06492179,396.3522,396.3522,495.4402,495.4402,495.4402,9512.4520,0.06492179,2279.0250,2079.2952,7629.7792,7829.509,0.05207269,0.05343583,0.00270507,151.9935,139.4692,10.5863,152.4431,22.3171,2254.1801,14.4000,175.9468,137.7798,29.6291,128.4258,256.8515,258.1778,514.3107,777.7133,102.8621,0.0,4.004732,6.055743,1.183512,29,129,8,3,0.43109585,0.06762687,0.04731611,0E-8,0.000000,0.890948,0.000000,0.03570155,2026-03-24,2026-08-06,65,444,384,136,0.477941,1.277014,1.157594,1.436986,,,,,,,,GLOBAL_BASELINE_NO_ENTITY_RANKING,,,NOT_APPLICABLE_GLOBAL_BASELINE,HF9g-P5,,,,X 全窗基线 · 不参与实体赏罚,15058172,1506,A168_HF9F_20260827_0900,2026-08-27 09:00:00
2026-07-12,122817705,2110,0,296.9044484032,-12.9088890610,-12.9088890610,0.5000000,2,2,0.49324550000000000,0.493245500000,0.01910635448239258,0.01910635448239258,0.01910635448239258,0E-17,ELIGIBLE,R03b_20260811_FULL_v1,L1_ELIGIBILITY,v2026-08-11,2026-03-21..2026-08-06,baccarat_bet02_101_all_pairs_incl_sentinel,round_win = game_pnl > 0 (decisive only),COMPATIBILITY_ONLY_NOT_PRODUCTION,146521.7074,130543.1969,9908.8042,964,936,-0.06762687,-0.04731611,-0.08301766,-0.06762687,-9908.8042,146521.7074,OK,0.0000,396.3522,4.0000,96.0000,AG03-UNRESOLVED,ALL5_LEVELS_bet23_to_bet27,396.3522,396.3522,495.4402,495.4402,495.4402,4.000000,4.000000,5.000000,5.000000,5.000000,96.000000,96.000000,95.000000,95.000000,95.000000,5.0,2279.0250,2079.2952,7629.7792,7829.509,PENDING_AG03,FALSE,NOT_FOR_ENFORCEMENT,9512.4520,125321.4690,9908.8042,9512.4520,396.3522,0.06762687,0.06492179,396.3522,9512.4520,0.06492179,396.3522,396.3522,495.4402,495.4402,495.4402,9512.4520,0.06492179,2279.0250,2079.2952,7629.7792,7829.509,0.05207269,0.05343583,0.00270507,151.9935,139.4692,10.5863,152.4431,22.3171,2254.1801,14.4000,175.9468,137.7798,29.6291,128.4258,256.8515,258.1778,514.3107,777.7133,102.8621,0.0,4.004732,6.055743,1.183512,29,129,8,3,0.43109585,0.06762687,0.04731611,0E-8,0.000000,0.890948,0.000000,0.03570155,2026-03-24,2026-08-06,65,444,384,136,0.477941,1.277014,1.157594,1.436986,,,,,,,,GLOBAL_BASELINE_NO_ENTITY_RANKING,,,NOT_APPLICABLE_GLOBAL_BASELINE,HF9g-P5,,,,X 全窗基线 · 不参与实体赏罚,15058173,1506,A168_HF9F_20260827_0900,2026-08-27 09:00:00
2026-07-12,122817705,2145,0,103.2711124881,-103.2711124881,-103.2711124881,0E-7,1,1,0.50665070000000000,0.506650700000,-1.013391052207602,-1.013391052207602,-1.013391052207602,0E-17,ELIGIBLE,R03b_20260811_FULL_v1,L1_ELIGIBILITY,v2026-08-11,2026-03-21..2026-08-06,baccarat_bet02_101_all_pairs_incl_sentinel,round_win = game_pnl > 0 (decisive only),COMPATIBILITY_ONLY_NOT_PRODUCTION,146521.7074,130543.1969,9908.8042,964,936,-0.06762687,-0.04731611,-0.08301766,-0.06762687,-9908.8042,146521.7074,OK,0.0000,396.3522,4.0000,96.0000,AG03-UNRESOLVED,ALL5_LEVELS_bet23_to_bet27,396.3522,396.3522,495.4402,495.4402,495.4402,4.000000,4.000000,5.000000,5.000000,5.000000,96.000000,96.000000,95.000000,95.000000,95.000000,5.0,2279.0250,2079.2952,7629.7792,7829.509,PENDING_AG03,FALSE,NOT_FOR_ENFORCEMENT,9512.4520,125321.4690,9908.8042,9512.4520,396.3522,0.06762687,0.06492179,396.3522,9512.4520,0.06492179,396.3522,396.3522,495.4402,495.4402,495.4402,9512.4520,0.06492179,2279.0250,2079.2952,7629.7792,7829.509,0.05207269,0.05343583,0.00270507,151.9935,139.4692,10.5863,152.4431,22.3171,2254.1801,14.4000,175.9468,137.7798,29.6291,128.4258,256.8515,258.1778,514.3107,777.7133,102.8621,0.0,4.004732,6.055743,1.183512,29,129,8,3,0.43109585,0.06762687,0.04731611,0E-8,0.000000,0.890948,0.000000,0.03570155,2026-03-24,2026-08-06,65,444,384,136,0.477941,1.277014,1.157594,1.436986,,,,,,,,GLOBAL_BASELINE_NO_ENTITY_RANKING,,,NOT_APPLICABLE_GLOBAL_BASELINE,HF9g-P5,,,,X 全窗基线 · 不参与实体赏罚,15058174,1506,A168_HF9F_20260827_0900,2026-08-27 09:00:00
2026-07-12,122817705,2171,0,283.9955593421,245.2688921591,245.2688921591,1.0000000,2,2,0.49994810000000000,0.499948100000,1.0001038053877793,1.0001038053877793,1.0001038053877793,0E-17,ELIGIBLE,R03b_20260811_FULL_v1,L1_ELIGIBILITY,v2026-08-11,2026-03-21..2026-08-06,baccarat_bet02_101_all_pairs_incl_sentinel,round_win = game_pnl > 0 (decisive only),COMPATIBILITY_ONLY_NOT_PRODUCTION,146521.7074,130543.1969,9908.8042,964,936,-0.06762687,-0.04731611,-0.08301766,-0.06762687,-9908.8042,146521.7074,OK,0.0000,396.3522,4.0000,96.0000,AG03-UNRESOLVED,ALL5_LEVELS_bet23_to_bet27,396.3522,396.3522,495.4402,495.4402,495.4402,4.000000,4.000000,5.000000,5.000000,5.000000,96.000000,96.000000,95.000000,95.000000,95.000000,5.0,2279.0250,2079.2952,7629.7792,7829.509,PENDING_AG03,FALSE,NOT_FOR_ENFORCEMENT,9512.4520,125321.4690,9908.8042,9512.4520,396.3522,0.06762687,0.06492179,396.3522,9512.4520,0.06492179,396.3522,396.3522,495.4402,495.4402,495.4402,9512.4520,0.06492179,2279.0250,2079.2952,7629.7792,7829.509,0.05207269,0.05343583,0.00270507,151.9935,139.4692,10.5863,152.4431,22.3171,2254.1801,14.4000,175.9468,137.7798,29.6291,128.4258,256.8515,258.1778,514.3107,777.7133,102.8621,0.0,4.004732,6.055743,1.183512,29,129,8,3,0.43109585,0.06762687,0.04731611,0E-8,0.000000,0.890948,0.000000,0.03570155,2026-03-24,2026-08-06,65,444,384,136,0.477941,1.277014,1.157594,1.436986,,,,,,,,GLOBAL_BASELINE_NO_ENTITY_RANKING,,,NOT_APPLICABLE_GLOBAL_BASELINE,HF9g-P5,,,,X 全窗基线 · 不参与实体赏罚,15058175,1506,A168_HF9F_20260827_0900,2026-08-27 09:00:00
2026-07-12,122817705,2196,0,51.6355562440,-51.6355562440,-51.6355562440,0E-7,1,1,0.49324550000000000,0.493245500000,-0.9865810262130424,-0.9865810262130424,-0.9865810262130424,0E-17,ELIGIBLE,R03b_20260811_FULL_v1,L1_ELIGIBILITY,v2026-08-11,2026-03-21..2026-08-06,baccarat_bet02_101_all_pairs_incl_sentinel,round_win = game_pnl > 0 (decisive only),COMPATIBILITY_ONLY_NOT_PRODUCTION,146521.7074,130543.1969,9908.8042,964,936,-0.06762687,-0.04731611,-0.08301766,-0.06762687,-9908.8042,146521.7074,OK,0.0000,396.3522,4.0000,96.0000,AG03-UNRESOLVED,ALL5_LEVELS_bet23_to_bet27,396.3522,396.3522,495.4402,495.4402,495.4402,4.000000,4.000000,5.000000,5.000000,5.000000,96.000000,96.000000,95.000000,95.000000,95.000000,5.0,2279.0250,2079.2952,7629.7792,7829.509,PENDING_AG03,FALSE,NOT_FOR_ENFORCEMENT,9512.4520,125321.4690,9908.8042,9512.4520,396.3522,0.06762687,0.06492179,396.3522,9512.4520,0.06492179,396.3522,396.3522,495.4402,495.4402,495.4402,9512.4520,0.06492179,2279.0250,2079.2952,7629.7792,7829.509,0.05207269,0.05343583,0.00270507,151.9935,139.4692,10.5863,152.4431,22.3171,2254.1801,14.4000,175.9468,137.7798,29.6291,128.4258,256.8515,258.1778,514.3107,777.7133,102.8621,0.0,4.004732,6.055743,1.183512,29,129,8,3,0.43109585,0.06762687,0.04731611,0E-8,0.000000,0.890948,0.000000,0.03570155,2026-03-24,2026-08-06,65,444,384,136,0.477941,1.277014,1.157594,1.436986,,,,,,,,GLOBAL_BASELINE_NO_ENTITY_RANKING,,,NOT_APPLICABLE_GLOBAL_BASELINE,HF9g-P5,,,,X 全窗基线 · 不参与实体赏罚,15058176,1506,A168_HF9F_20260827_0900,2026-08-27 09:00:00
2026-07-12,122817705,2234,0,64.5444453050,-64.5444453050,-64.5444453050,0E-7,1,1,0.50665070000000000,0.506650700000,-1.013391052207602,-1.013391052207602,-1.013391052207602,0E-17,ELIGIBLE,R03b_20260811_FULL_v1,L1_ELIGIBILITY,v2026-08-11,2026-03-21..2026-08-06,baccarat_bet02_101_all_pairs_incl_sentinel,round_win = game_pnl > 0 (decisive only),COMPATIBILITY_ONLY_NOT_PRODUCTION,146521.7074,130543.1969,9908.8042,964,936,-0.06762687,-0.04731611,-0.08301766,-0.06762687,-9908.8042,146521.7074,OK,0.0000,396.3522,4.0000,96.0000,AG03-UNRESOLVED,ALL5_LEVELS_bet23_to_bet27,396.3522,396.3522,495.4402,495.4402,495.4402,4.000000,4.000000,5.000000,5.000000,5.000000,96.000000,96.000000,95.000000,95.000000,95.000000,5.0,2279.0250,2079.2952,7629.7792,7829.509,PENDING_AG03,FALSE,NOT_FOR_ENFORCEMENT,9512.4520,125321.4690,9908.8042,9512.4520,396.3522,0.06762687,0.06492179,396.3522,9512.4520,0.06492179,396.3522,396.3522,495.4402,495.4402,495.4402,9512.4520,0.06492179,2279.0250,2079.2952,7629.7792,7829.509,0.05207269,0.05343583,0.00270507,151.9935,139.4692,10.5863,152.4431,22.3171,2254.1801,14.4000,175.9468,137.7798,29.6291,128.4258,256.8515,258.1778,514.3107,777.7133,102.8621,0.0,4.004732,6.055743,1.183512,29,129,8,3,0.43109585,0.06762687,0.04731611,0E-8,0.000000,0.890948,0.000000,0.03570155,2026-03-24,2026-08-06,65,444,384,136,0.477941,1.277014,1.157594,1.436986,,,,,,,,GLOBAL_BASELINE_NO_ENTITY_RANKING,,,NOT_APPLICABLE_GLOBAL_BASELINE,HF9g-P5,,,,X 全窗基线 · 不参与实体赏罚,15058177,1506,A168_HF9F_20260827_0900,2026-08-27 09:00:00
2026-07-13,122817705,-1,1,929.4400123925,180.7244468541,180.7244468541,0.5000000,4,4,0.50329940000000000,0.503299400000,-0.01319788734859681,-0.01319788734859681,-0.01319788734859681,0E-17,SENTINEL_DEALER,R03b_20260811_FULL_v1,L1_ELIGIBILITY,v2026-08-11,2026-03-21..2026-08-06,baccarat_bet02_101_all_pairs_incl_sentinel,round_win = game_pnl > 0 (decisive only),COMPATIBILITY_ONLY_NOT_PRODUCTION,146521.7074,130543.1969,9908.8042,964,936,-0.06762687,-0.04731611,-0.08301766,-0.06762687,-9908.8042,146521.7074,OK,0.0000,396.3522,4.0000,96.0000,AG03-UNRESOLVED,ALL5_LEVELS_bet23_to_bet27,396.3522,396.3522,495.4402,495.4402,495.4402,4.000000,4.000000,5.000000,5.000000,5.000000,96.000000,96.000000,95.000000,95.000000,95.000000,5.0,2279.0250,2079.2952,7629.7792,7829.509,PENDING_AG03,FALSE,NOT_FOR_ENFORCEMENT,9512.4520,125321.4690,9908.8042,9512.4520,396.3522,0.06762687,0.06492179,396.3522,9512.4520,0.06492179,396.3522,396.3522,495.4402,495.4402,495.4402,9512.4520,0.06492179,2279.0250,2079.2952,7629.7792,7829.509,0.05207269,0.05343583,0.00270507,151.9935,139.4692,10.5863,152.4431,22.3171,2254.1801,14.4000,175.9468,137.7798,29.6291,128.4258,256.8515,258.1778,514.3107,777.7133,102.8621,0.0,4.004732,6.055743,1.183512,29,129,8,3,0.43109585,0.06762687,0.04731611,0E-8,0.000000,0.890948,0.000000,0.03570155,2026-03-24,2026-08-06,65,444,384,136,0.477941,1.277014,1.157594,1.436986,,,,,,,,GLOBAL_BASELINE_NO_ENTITY_RANKING,,,NOT_APPLICABLE_GLOBAL_BASELINE,HF9g-P5,,,,X 全窗基线 · 不参与实体赏罚,15058178,1506,A168_HF9F_20260827_0900,2026-08-27 09:00:00
2026-07-13,122817705,1957,0,129.0888906101,-129.0888906101,-129.0888906101,0E-7,1,1,0.49324550000000000,0.493245500000,-0.9865810262130424,-0.9865810262130424,-0.9865810262130424,0E-17,ELIGIBLE,R03b_20260811_FULL_v1,L1_ELIGIBILITY,v2026-08-11,2026-03-21..2026-08-06,baccarat_bet02_101_all_pairs_incl_sentinel,round_win = game_pnl > 0 (decisive only),COMPATIBILITY_ONLY_NOT_PRODUCTION,146521.7074,130543.1969,9908.8042,964,936,-0.06762687,-0.04731611,-0.08301766,-0.06762687,-9908.8042,146521.7074,OK,0.0000,396.3522,4.0000,96.0000,AG03-UNRESOLVED,ALL5_LEVELS_bet23_to_bet27,396.3522,396.3522,495.4402,495.4402,495.4402,4.000000,4.000000,5.000000,5.000000,5.000000,96.000000,96.000000,95.000000,95.000000,95.000000,5.0,2279.0250,2079.2952,7629.7792,7829.509,PENDING_AG03,FALSE,NOT_FOR_ENFORCEMENT,9512.4520,125321.4690,9908.8042,9512.4520,396.3522,0.06762687,0.06492179,396.3522,9512.4520,0.06492179,396.3522,396.3522,495.4402,495.4402,495.4402,9512.4520,0.06492179,2279.0250,2079.2952,7629.7792,7829.509,0.05207269,0.05343583,0.00270507,151.9935,139.4692,10.5863,152.4431,22.3171,2254.1801,14.4000,175.9468,137.7798,29.6291,128.4258,256.8515,258.1778,514.3107,777.7133,102.8621,0.0,4.004732,6.055743,1.183512,29,129,8,3,0.43109585,0.06762687,0.04731611,0E-8,0.000000,0.890948,0.000000,0.03570155,2026-03-24,2026-08-06,65,444,384,136,0.477941,1.277014,1.157594,1.436986,,,,,,,,GLOBAL_BASELINE_NO_ENTITY_RANKING,,,NOT_APPLICABLE_GLOBAL_BASELINE,HF9g-P5,,,,X 全窗基线 · 不参与实体赏罚,15058179,1506,A168_HF9F_20260827_0900,2026-08-27 09:00:00
2026-07-14,122817705,-1,1,258.1777812201,-258.1777812201,-258.1777812201,0E-7,1,1,0.49324550000000000,0.493245500000,-0.9865810262130424,-0.9865810262130424,-0.9865810262130424,0E-17,SENTINEL_DEALER,R03b_20260811_FULL_v1,L1_ELIGIBILITY,v2026-08-11,2026-03-21..2026-08-06,baccarat_bet02_101_all_pairs_incl_sentinel,round_win = game_pnl > 0 (decisive only),COMPATIBILITY_ONLY_NOT_PRODUCTION,146521.7074,130543.1969,9908.8042,964,936,-0.06762687,-0.04731611,-0.08301766,-0.06762687,-9908.8042,146521.7074,OK,0.0000,396.3522,4.0000,96.0000,AG03-UNRESOLVED,ALL5_LEVELS_bet23_to_bet27,396.3522,396.3522,495.4402,495.4402,495.4402,4.000000,4.000000,5.000000,5.000000,5.000000,96.000000,96.000000,95.000000,95.000000,95.000000,5.0,2279.0250,2079.2952,7629.7792,7829.509,PENDING_AG03,FALSE,NOT_FOR_ENFORCEMENT,9512.4520,125321.4690,9908.8042,9512.4520,396.3522,0.06762687,0.06492179,396.3522,9512.4520,0.06492179,396.3522,396.3522,495.4402,495.4402,495.4402,9512.4520,0.06492179,2279.0250,2079.2952,7629.7792,7829.509,0.05207269,0.05343583,0.00270507,151.9935,139.4692,10.5863,152.4431,22.3171,2254.1801,14.4000,175.9468,137.7798,29.6291,128.4258,256.8515,258.1778,514.3107,777.7133,102.8621,0.0,4.004732,6.055743,1.183512,29,129,8,3,0.43109585,0.06762687,0.04731611,0E-8,0.000000,0.890948,0.000000,0.03570155,2026-03-24,2026-08-06,65,444,384,136,0.477941,1.277014,1.157594,1.436986,,,,,,,,GLOBAL_BASELINE_NO_ENTITY_RANKING,,,NOT_APPLICABLE_GLOBAL_BASELINE,HF9g-P5,,,,X 全窗基线 · 不参与实体赏罚,15058180,1506,A168_HF9F_20260827_0900,2026-08-27 09:00:00
2026-07-15,122817705,-1,1,77.4533343660,-77.4533343660,-77.4533343660,0E-7,1,1,0.49324550000000000,0.493245500000,-0.9865810262130424,-0.9865810262130424,-0.9865810262130424,0E-17,SENTINEL_DEALER,R03b_20260811_FULL_v1,L1_ELIGIBILITY,v2026-08-11,2026-03-21..2026-08-06,baccarat_bet02_101_all_pairs_incl_sentinel,round_win = game_pnl > 0 (decisive only),COMPATIBILITY_ONLY_NOT_PRODUCTION,146521.7074,130543.1969,9908.8042,964,936,-0.06762687,-0.04731611,-0.08301766,-0.06762687,-9908.8042,146521.7074,OK,0.0000,396.3522,4.0000,96.0000,AG03-UNRESOLVED,ALL5_LEVELS_bet23_to_bet27,396.3522,396.3522,495.4402,495.4402,495.4402,4.000000,4.000000,5.000000,5.000000,5.000000,96.000000,96.000000,95.000000,95.000000,95.000000,5.0,2279.0250,2079.2952,7629.7792,7829.509,PENDING_AG03,FALSE,NOT_FOR_ENFORCEMENT,9512.4520,125321.4690,9908.8042,9512.4520,396.3522,0.06762687,0.06492179,396.3522,9512.4520,0.06492179,396.3522,396.3522,495.4402,495.4402,495.4402,9512.4520,0.06492179,2279.0250,2079.2952,7629.7792,7829.509,0.05207269,0.05343583,0.00270507,151.9935,139.4692,10.5863,152.4431,22.3171,2254.1801,14.4000,175.9468,137.7798,29.6291,128.4258,256.8515,258.1778,514.3107,777.7133,102.8621,0.0,4.004732,6.055743,1.183512,29,129,8,3,0.43109585,0.06762687,0.04731611,0E-8,0.000000,0.890948,0.000000,0.03570155,2026-03-24,2026-08-06,65,444,384,136,0.477941,1.277014,1.157594,1.436986,,,,,,,,GLOBAL_BASELINE_NO_ENTITY_RANKING,,,NOT_APPLICABLE_GLOBAL_BASELINE,HF9g-P5,,,,X 全窗基线 · 不参与实体赏罚,15058181,1506,A168_HF9F_20260827_0900,2026-08-27 09:00:00
2026-07-15,122817705,1485,0,51.6355562440,49.0537784318,49.0537784318,1.0000000,1,1,0.50665070000000000,0.506650700000,0.9867858985152569,0.9867858985152569,0.9867858985152569,0E-17,ELIGIBLE,R03b_20260811_FULL_v1,L1_ELIGIBILITY,v2026-08-11,2026-03-21..2026-08-06,baccarat_bet02_101_all_pairs_incl_sentinel,round_win = game_pnl > 0 (decisive only),COMPATIBILITY_ONLY_NOT_PRODUCTION,146521.7074,130543.1969,9908.8042,964,936,-0.06762687,-0.04731611,-0.08301766,-0.06762687,-9908.8042,146521.7074,OK,0.0000,396.3522,4.0000,96.0000,AG03-UNRESOLVED,ALL5_LEVELS_bet23_to_bet27,396.3522,396.3522,495.4402,495.4402,495.4402,4.000000,4.000000,5.000000,5.000000,5.000000,96.000000,96.000000,95.000000,95.000000,95.000000,5.0,2279.0250,2079.2952,7629.7792,7829.509,PENDING_AG03,FALSE,NOT_FOR_ENFORCEMENT,9512.4520,125321.4690,9908.8042,9512.4520,396.3522,0.06762687,0.06492179,396.3522,9512.4520,0.06492179,396.3522,396.3522,495.4402,495.4402,495.4402,9512.4520,0.06492179,2279.0250,2079.2952,7629.7792,7829.509,0.05207269,0.05343583,0.00270507,151.9935,139.4692,10.5863,152.4431,22.3171,2254.1801,14.4000,175.9468,137.7798,29.6291,128.4258,256.8515,258.1778,514.3107,777.7133,102.8621,0.0,4.004732,6.055743,1.183512,29,129,8,3,0.43109585,0.06762687,0.04731611,0E-8,0.000000,0.890948,0.000000,0.03570155,2026-03-24,2026-08-06,65,444,384,136,0.477941,1.277014,1.157594,1.436986,,,,,,,,GLOBAL_BASELINE_NO_ENTITY_RANKING,,,NOT_APPLICABLE_GLOBAL_BASELINE,HF9g-P5,,,,X 全窗基线 · 不参与实体赏罚,15058182,1506,A168_HF9F_20260827_0900,2026-08-27 09:00:00
2026-07-15,122817705,2241,0,283.9955593421,270.8284924999,270.8284924999,1.0000000,4,4,0.50329940000000000,0.503299400000,1.9868456582349654,1.9868456582349654,1.9868456582349654,0E-17,ELIGIBLE,R03b_20260811_FULL_v1,L1_ELIGIBILITY,v2026-08-11,2026-03-21..2026-08-06,baccarat_bet02_101_all_pairs_incl_sentinel,round_win = game_pnl > 0 (decisive only),COMPATIBILITY_ONLY_NOT_PRODUCTION,146521.7074,130543.1969,9908.8042,964,936,-0.06762687,-0.04731611,-0.08301766,-0.06762687,-9908.8042,146521.7074,OK,0.0000,396.3522,4.0000,96.0000,AG03-UNRESOLVED,ALL5_LEVELS_bet23_to_bet27,396.3522,396.3522,495.4402,495.4402,495.4402,4.000000,4.000000,5.000000,5.000000,5.000000,96.000000,96.000000,95.000000,95.000000,95.000000,5.0,2279.0250,2079.2952,7629.7792,7829.509,PENDING_AG03,FALSE,NOT_FOR_ENFORCEMENT,9512.4520,125321.4690,9908.8042,9512.4520,396.3522,0.06762687,0.06492179,396.3522,9512.4520,0.06492179,396.3522,396.3522,495.4402,495.4402,495.4402,9512.4520,0.06492179,2279.0250,2079.2952,7629.7792,7829.509,0.05207269,0.05343583,0.00270507,151.9935,139.4692,10.5863,152.4431,22.3171,2254.1801,14.4000,175.9468,137.7798,29.6291,128.4258,256.8515,258.1778,514.3107,777.7133,102.8621,0.0,4.004732,6.055743,1.183512,29,129,8,3,0.43109585,0.06762687,0.04731611,0E-8,0.000000,0.890948,0.000000,0.03570155,2026-03-24,2026-08-06,65,444,384,136,0.477941,1.277014,1.157594,1.436986,,,,,,,,GLOBAL_BASELINE_NO_ENTITY_RANKING,,,NOT_APPLICABLE_GLOBAL_BASELINE,HF9g-P5,,,,X 全窗基线 · 不参与实体赏罚,15058183,1506,A168_HF9F_20260827_0900,2026-08-27 09:00:00
2026-07-15,122817705,2250,0,64.5444453050,0E-10,0E-10,,1,1,0.49324550000000000,0.493245500000,,,,0E-17,NO_DECISIVE_ROUND,R03b_20260811_FULL_v1,L1_ELIGIBILITY,v2026-08-11,2026-03-21..2026-08-06,baccarat_bet02_101_all_pairs_incl_sentinel,round_win = game_pnl > 0 (decisive only),COMPATIBILITY_ONLY_NOT_PRODUCTION,146521.7074,130543.1969,9908.8042,964,936,-0.06762687,-0.04731611,-0.08301766,-0.06762687,-9908.8042,146521.7074,OK,0.0000,396.3522,4.0000,96.0000,AG03-UNRESOLVED,ALL5_LEVELS_bet23_to_bet27,396.3522,396.3522,495.4402,495.4402,495.4402,4.000000,4.000000,5.000000,5.000000,5.000000,96.000000,96.000000,95.000000,95.000000,95.000000,5.0,2279.0250,2079.2952,7629.7792,7829.509,PENDING_AG03,FALSE,NOT_FOR_ENFORCEMENT,9512.4520,125321.4690,9908.8042,9512.4520,396.3522,0.06762687,0.06492179,396.3522,9512.4520,0.06492179,396.3522,396.3522,495.4402,495.4402,495.4402,9512.4520,0.06492179,2279.0250,2079.2952,7629.7792,7829.509,0.05207269,0.05343583,0.00270507,151.9935,139.4692,10.5863,152.4431,22.3171,2254.1801,14.4000,175.9468,137.7798,29.6291,128.4258,256.8515,258.1778,514.3107,777.7133,102.8621,0.0,4.004732,6.055743,1.183512,29,129,8,3,0.43109585,0.06762687,0.04731611,0E-8,0.000000,0.890948,0.000000,0.03570155,2026-03-24,2026-08-06,65,444,384,136,0.477941,1.277014,1.157594,1.436986,,,,,,,,GLOBAL_BASELINE_NO_ENTITY_RANKING,,,NOT_APPLICABLE_GLOBAL_BASELINE,HF9g-P5,,,,X 全窗基线 · 不参与实体赏罚,15058184,1506,A168_HF9F_20260827_0900,2026-08-27 09:00:00
2026-07-15,122817705,925,0,49.0537784318,23.2360003098,23.2360003098,0.5000000,2,2,0.49324550000000000,0.493245500000,0.01910635448239258,0.01910635448239258,0.01910635448239258,0E-17,ELIGIBLE,R03b_20260811_FULL_v1,L1_ELIGIBILITY,v2026-08-11,2026-03-21..2026-08-06,baccarat_bet02_101_all_pairs_incl_sentinel,round_win = game_pnl > 0 (decisive only),COMPATIBILITY_ONLY_NOT_PRODUCTION,146521.7074,130543.1969,9908.8042,964,936,-0.06762687,-0.04731611,-0.08301766,-0.06762687,-9908.8042,146521.7074,OK,0.0000,396.3522,4.0000,96.0000,AG03-UNRESOLVED,ALL5_LEVELS_bet23_to_bet27,396.3522,396.3522,495.4402,495.4402,495.4402,4.000000,4.000000,5.000000,5.000000,5.000000,96.000000,96.000000,95.000000,95.000000,95.000000,5.0,2279.0250,2079.2952,7629.7792,7829.509,PENDING_AG03,FALSE,NOT_FOR_ENFORCEMENT,9512.4520,125321.4690,9908.8042,9512.4520,396.3522,0.06762687,0.06492179,396.3522,9512.4520,0.06492179,396.3522,396.3522,495.4402,495.4402,495.4402,9512.4520,0.06492179,2279.0250,2079.2952,7629.7792,7829.509,0.05207269,0.05343583,0.00270507,151.9935,139.4692,10.5863,152.4431,22.3171,2254.1801,14.4000,175.9468,137.7798,29.6291,128.4258,256.8515,258.1778,514.3107,777.7133,102.8621,0.0,4.004732,6.055743,1.183512,29,129,8,3,0.43109585,0.06762687,0.04731611,0E-8,0.000000,0.890948,0.000000,0.03570155,2026-03-24,2026-08-06,65,444,384,136,0.477941,1.277014,1.157594,1.436986,,,,,,,,GLOBAL_BASELINE_NO_ENTITY_RANKING,,,NOT_APPLICABLE_GLOBAL_BASELINE,HF9g-P5,,,,X 全窗基线 · 不参与实体赏罚,15058185,1506,A168_HF9F_20260827_0900,2026-08-27 09:00:00
2026-07-16,122817705,-1,1,103.2711124880,47.7628895257,47.7628895257,1.0000000,3,2,0.50441650000000000,0.503299400000,1.4017764996685744,1.4049120381089935,1.4017764996685744,0.00111710000000000,SENTINEL_DEALER,R03b_20260811_FULL_v1,L1_ELIGIBILITY,v2026-08-11,2026-03-21..2026-08-06,baccarat_bet02_101_all_pairs_incl_sentinel,round_win = game_pnl > 0 (decisive only),COMPATIBILITY_ONLY_NOT_PRODUCTION,146521.7074,130543.1969,9908.8042,964,936,-0.06762687,-0.04731611,-0.08301766,-0.06762687,-9908.8042,146521.7074,OK,0.0000,396.3522,4.0000,96.0000,AG03-UNRESOLVED,ALL5_LEVELS_bet23_to_bet27,396.3522,396.3522,495.4402,495.4402,495.4402,4.000000,4.000000,5.000000,5.000000,5.000000,96.000000,96.000000,95.000000,95.000000,95.000000,5.0,2279.0250,2079.2952,7629.7792,7829.509,PENDING_AG03,FALSE,NOT_FOR_ENFORCEMENT,9512.4520,125321.4690,9908.8042,9512.4520,396.3522,0.06762687,0.06492179,396.3522,9512.4520,0.06492179,396.3522,396.3522,495.4402,495.4402,495.4402,9512.4520,0.06492179,2279.0250,2079.2952,7629.7792,7829.509,0.05207269,0.05343583,0.00270507,151.9935,139.4692,10.5863,152.4431,22.3171,2254.1801,14.4000,175.9468,137.7798,29.6291,128.4258,256.8515,258.1778,514.3107,777.7133,102.8621,0.0,4.004732,6.055743,1.183512,29,129,8,3,0.43109585,0.06762687,0.04731611,0E-8,0.000000,0.890948,0.000000,0.03570155,2026-03-24,2026-08-06,65,444,384,136,0.477941,1.277014,1.157594,1.436986,,,,,,,,GLOBAL_BASELINE_NO_ENTITY_RANKING,,,NOT_APPLICABLE_GLOBAL_BASELINE,HF9g-P5,,,,X 全窗基线 · 不参与实体赏罚,15058186,1506,A168_HF9F_20260827_0900,2026-08-27 09:00:00
2026-07-16,122817705,1374,0,309.8133374642,-103.2711124880,-103.2711124880,0.5000000,2,2,0.49324550000000000,0.493245500000,0.01910635448239258,0.01910635448239258,0.01910635448239258,0E-17,ELIGIBLE,R03b_20260811_FULL_v1,L1_ELIGIBILITY,v2026-08-11,2026-03-21..2026-08-06,baccarat_bet02_101_all_pairs_incl_sentinel,round_win = game_pnl > 0 (decisive only),COMPATIBILITY_ONLY_NOT_PRODUCTION,146521.7074,130543.1969,9908.8042,964,936,-0.06762687,-0.04731611,-0.08301766,-0.06762687,-9908.8042,146521.7074,OK,0.0000,396.3522,4.0000,96.0000,AG03-UNRESOLVED,ALL5_LEVELS_bet23_to_bet27,396.3522,396.3522,495.4402,495.4402,495.4402,4.000000,4.000000,5.000000,5.000000,5.000000,96.000000,96.000000,95.000000,95.000000,95.000000,5.0,2279.0250,2079.2952,7629.7792,7829.509,PENDING_AG03,FALSE,NOT_FOR_ENFORCEMENT,9512.4520,125321.4690,9908.8042,9512.4520,396.3522,0.06762687,0.06492179,396.3522,9512.4520,0.06492179,396.3522,396.3522,495.4402,495.4402,495.4402,9512.4520,0.06492179,2279.0250,2079.2952,7629.7792,7829.509,0.05207269,0.05343583,0.00270507,151.9935,139.4692,10.5863,152.4431,22.3171,2254.1801,14.4000,175.9468,137.7798,29.6291,128.4258,256.8515,258.1778,514.3107,777.7133,102.8621,0.0,4.004732,6.055743,1.183512,29,129,8,3,0.43109585,0.06762687,0.04731611,0E-8,0.000000,0.890948,0.000000,0.03570155,2026-03-24,2026-08-06,65,444,384,136,0.477941,1.277014,1.157594,1.436986,,,,,,,,GLOBAL_BASELINE_NO_ENTITY_RANKING,,,NOT_APPLICABLE_GLOBAL_BASELINE,HF9g-P5,,,,X 全窗基线 · 不参与实体赏罚,15058187,1506,A168_HF9F_20260827_0900,2026-08-27 09:00:00
2026-07-16,122817705,2147,0,38.7266671830,11.6180001549,11.6180001549,0.5000000,2,2,0.50665070000000000,0.506650700000,-0.018812684590367487,-0.018812684590367487,-0.018812684590367487,0E-17,ELIGIBLE,R03b_20260811_FULL_v1,L1_ELIGIBILITY,v2026-08-11,2026-03-21..2026-08-06,baccarat_bet02_101_all_pairs_incl_sentinel,round_win = game_pnl > 0 (decisive only),COMPATIBILITY_ONLY_NOT_PRODUCTION,146521.7074,130543.1969,9908.8042,964,936,-0.06762687,-0.04731611,-0.08301766,-0.06762687,-9908.8042,146521.7074,OK,0.0000,396.3522,4.0000,96.0000,AG03-UNRESOLVED,ALL5_LEVELS_bet23_to_bet27,396.3522,396.3522,495.4402,495.4402,495.4402,4.000000,4.000000,5.000000,5.000000,5.000000,96.000000,96.000000,95.000000,95.000000,95.000000,5.0,2279.0250,2079.2952,7629.7792,7829.509,PENDING_AG03,FALSE,NOT_FOR_ENFORCEMENT,9512.4520,125321.4690,9908.8042,9512.4520,396.3522,0.06762687,0.06492179,396.3522,9512.4520,0.06492179,396.3522,396.3522,495.4402,495.4402,495.4402,9512.4520,0.06492179,2279.0250,2079.2952,7629.7792,7829.509,0.05207269,0.05343583,0.00270507,151.9935,139.4692,10.5863,152.4431,22.3171,2254.1801,14.4000,175.9468,137.7798,29.6291,128.4258,256.8515,258.1778,514.3107,777.7133,102.8621,0.0,4.004732,6.055743,1.183512,29,129,8,3,0.43109585,0.06762687,0.04731611,0E-8,0.000000,0.890948,0.000000,0.03570155,2026-03-24,2026-08-06,65,444,384,136,0.477941,1.277014,1.157594,1.436986,,,,,,,,GLOBAL_BASELINE_NO_ENTITY_RANKING,,,NOT_APPLICABLE_GLOBAL_BASELINE,HF9g-P5,,,,X 全窗基线 · 不参与实体赏罚,15058188,1506,A168_HF9F_20260827_0900,2026-08-27 09:00:00
2026-07-16,122817705,471,0,129.0888906101,129.0888906101,129.0888906101,1.0000000,1,1,0.49324550000000000,0.493245500000,1.01360149184955,1.01360149184955,1.01360149184955,0E-17,ELIGIBLE,R03b_20260811_FULL_v1,L1_ELIGIBILITY,v2026-08-11,2026-03-21..2026-08-06,baccarat_bet02_101_all_pairs_incl_sentinel,round_win = game_pnl > 0 (decisive only),COMPATIBILITY_ONLY_NOT_PRODUCTION,146521.7074,130543.1969,9908.8042,964,936,-0.06762687,-0.04731611,-0.08301766,-0.06762687,-9908.8042,146521.7074,OK,0.0000,396.3522,4.0000,96.0000,AG03-UNRESOLVED,ALL5_LEVELS_bet23_to_bet27,396.3522,396.3522,495.4402,495.4402,495.4402,4.000000,4.000000,5.000000,5.000000,5.000000,96.000000,96.000000,95.000000,95.000000,95.000000,5.0,2279.0250,2079.2952,7629.7792,7829.509,PENDING_AG03,FALSE,NOT_FOR_ENFORCEMENT,9512.4520,125321.4690,9908.8042,9512.4520,396.3522,0.06762687,0.06492179,396.3522,9512.4520,0.06492179,396.3522,396.3522,495.4402,495.4402,495.4402,9512.4520,0.06492179,2279.0250,2079.2952,7629.7792,7829.509,0.05207269,0.05343583,0.00270507,151.9935,139.4692,10.5863,152.4431,22.3171,2254.1801,14.4000,175.9468,137.7798,29.6291,128.4258,256.8515,258.1778,514.3107,777.7133,102.8621,0.0,4.004732,6.055743,1.183512,29,129,8,3,0.43109585,0.06762687,0.04731611,0E-8,0.000000,0.890948,0.000000,0.03570155,2026-03-24,2026-08-06,65,444,384,136,0.477941,1.277014,1.157594,1.436986,,,,,,,,GLOBAL_BASELINE_NO_ENTITY_RANKING,,,NOT_APPLICABLE_GLOBAL_BASELINE,HF9g-P5,,,,X 全窗基线 · 不参与实体赏罚,15058189,1506,A168_HF9F_20260827_0900,2026-08-27 09:00:00
2026-07-17,122817705,-1,1,689.3346758577,-308.5224485580,-308.5224485580,0.4000000,6,5,0.50028323000000049,0.499948100000,-0.44848031051999343,-0.4469814940518811,-0.44848031051999343,0.00033513000000049,SENTINEL_DEALER,R03b_20260811_FULL_v1,L1_ELIGIBILITY,v2026-08-11,2026-03-21..2026-08-06,baccarat_bet02_101_all_pairs_incl_sentinel,round_win = game_pnl > 0 (decisive only),COMPATIBILITY_ONLY_NOT_PRODUCTION,146521.7074,130543.1969,9908.8042,964,936,-0.06762687,-0.04731611,-0.08301766,-0.06762687,-9908.8042,146521.7074,OK,0.0000,396.3522,4.0000,96.0000,AG03-UNRESOLVED,ALL5_LEVELS_bet23_to_bet27,396.3522,396.3522,495.4402,495.4402,495.4402,4.000000,4.000000,5.000000,5.000000,5.000000,96.000000,96.000000,95.000000,95.000000,95.000000,5.0,2279.0250,2079.2952,7629.7792,7829.509,PENDING_AG03,FALSE,NOT_FOR_ENFORCEMENT,9512.4520,125321.4690,9908.8042,9512.4520,396.3522,0.06762687,0.06492179,396.3522,9512.4520,0.06492179,396.3522,396.3522,495.4402,495.4402,495.4402,9512.4520,0.06492179,2279.0250,2079.2952,7629.7792,7829.509,0.05207269,0.05343583,0.00270507,151.9935,139.4692,10.5863,152.4431,22.3171,2254.1801,14.4000,175.9468,137.7798,29.6291,128.4258,256.8515,258.1778,514.3107,777.7133,102.8621,0.0,4.004732,6.055743,1.183512,29,129,8,3,0.43109585,0.06762687,0.04731611,0E-8,0.000000,0.890948,0.000000,0.03570155,2026-03-24,2026-08-06,65,444,384,136,0.477941,1.277014,1.157594,1.436986,,,,,,,,GLOBAL_BASELINE_NO_ENTITY_RANKING,,,NOT_APPLICABLE_GLOBAL_BASELINE,HF9g-P5,,,,X 全窗基线 · 不参与实体赏罚,15058190,1506,A168_HF9F_20260827_0900,2026-08-27 09:00:00
2026-07-17,122817705,994,0,54.2173340562,47.7628895257,47.7628895257,0.6666667,3,3,0.49771390000000000,0.497713900000,0.5852756695216578,0.5852756695216578,0.5852756695216578,0E-17,ELIGIBLE,R03b_20260811_FULL_v1,L1_ELIGIBILITY,v2026-08-11,2026-03-21..2026-08-06,baccarat_bet02_101_all_pairs_incl_sentinel,round_win = game_pnl > 0 (decisive only),COMPATIBILITY_ONLY_NOT_PRODUCTION,146521.7074,130543.1969,9908.8042,964,936,-0.06762687,-0.04731611,-0.08301766,-0.06762687,-9908.8042,146521.7074,OK,0.0000,396.3522,4.0000,96.0000,AG03-UNRESOLVED,ALL5_LEVELS_bet23_to_bet27,396.3522,396.3522,495.4402,495.4402,495.4402,4.000000,4.000000,5.000000,5.000000,5.000000,96.000000,96.000000,95.000000,95.000000,95.000000,5.0,2279.0250,2079.2952,7629.7792,7829.509,PENDING_AG03,FALSE,NOT_FOR_ENFORCEMENT,9512.4520,125321.4690,9908.8042,9512.4520,396.3522,0.06762687,0.06492179,396.3522,9512.4520,0.06492179,396.3522,396.3522,495.4402,495.4402,495.4402,9512.4520,0.06492179,2279.0250,2079.2952,7629.7792,7829.509,0.05207269,0.05343583,0.00270507,151.9935,139.4692,10.5863,152.4431,22.3171,2254.1801,14.4000,175.9468,137.7798,29.6291,128.4258,256.8515,258.1778,514.3107,777.7133,102.8621,0.0,4.004732,6.055743,1.183512,29,129,8,3,0.43109585,0.06762687,0.04731611,0E-8,0.000000,0.890948,0.000000,0.03570155,2026-03-24,2026-08-06,65,444,384,136,0.477941,1.277014,1.157594,1.436986,,,,,,,,GLOBAL_BASELINE_NO_ENTITY_RANKING,,,NOT_APPLICABLE_GLOBAL_BASELINE,HF9g-P5,,,,X 全窗基线 · 不参与实体赏罚,15058191,1506,A168_HF9F_20260827_0900,2026-08-27 09:00:00
2026-07-20,122817705,-1,1,642.8626752381,292.7736039036,292.7736039036,0.7500000,5,5,0.50665070000000000,0.506650700000,0.9734833216690844,0.9734833216690844,0.9734833216690844,0E-17,SENTINEL_DEALER,R03b_20260811_FULL_v1,L1_ELIGIBILITY,v2026-08-11,2026-03-21..2026-08-06,baccarat_bet02_101_all_pairs_incl_sentinel,round_win = game_pnl > 0 (decisive only),COMPATIBILITY_ONLY_NOT_PRODUCTION,146521.7074,130543.1969,9908.8042,964,936,-0.06762687,-0.04731611,-0.08301766,-0.06762687,-9908.8042,146521.7074,OK,0.0000,396.3522,4.0000,96.0000,AG03-UNRESOLVED,ALL5_LEVELS_bet23_to_bet27,396.3522,396.3522,495.4402,495.4402,495.4402,4.000000,4.000000,5.000000,5.000000,5.000000,96.000000,96.000000,95.000000,95.000000,95.000000,5.0,2279.0250,2079.2952,7629.7792,7829.509,PENDING_AG03,FALSE,NOT_FOR_ENFORCEMENT,9512.4520,125321.4690,9908.8042,9512.4520,396.3522,0.06762687,0.06492179,396.3522,9512.4520,0.06492179,396.3522,396.3522,495.4402,495.4402,495.4402,9512.4520,0.06492179,2279.0250,2079.2952,7629.7792,7829.509,0.05207269,0.05343583,0.00270507,151.9935,139.4692,10.5863,152.4431,22.3171,2254.1801,14.4000,175.9468,137.7798,29.6291,128.4258,256.8515,258.1778,514.3107,777.7133,102.8621,0.0,4.004732,6.055743,1.183512,29,129,8,3,0.43109585,0.06762687,0.04731611,0E-8,0.000000,0.890948,0.000000,0.03570155,2026-03-24,2026-08-06,65,444,384,136,0.477941,1.277014,1.157594,1.436986,,,,,,,,GLOBAL_BASELINE_NO_ENTITY_RANKING,,,NOT_APPLICABLE_GLOBAL_BASELINE,HF9g-P5,,,,X 全窗基线 · 不参与实体赏罚,15058192,1506,A168_HF9F_20260827_0900,2026-08-27 09:00:00
2026-07-20,122817705,1210,0,258.1777812201,-258.1777812201,-258.1777812201,0E-7,1,1,0.49324550000000000,0.493245500000,-0.9865810262130424,-0.9865810262130424,-0.9865810262130424,0E-17,ELIGIBLE,R03b_20260811_FULL_v1,L1_ELIGIBILITY,v2026-08-11,2026-03-21..2026-08-06,baccarat_bet02_101_all_pairs_incl_sentinel,round_win = game_pnl > 0 (decisive only),COMPATIBILITY_ONLY_NOT_PRODUCTION,146521.7074,130543.1969,9908.8042,964,936,-0.06762687,-0.04731611,-0.08301766,-0.06762687,-9908.8042,146521.7074,OK,0.0000,396.3522,4.0000,96.0000,AG03-UNRESOLVED,ALL5_LEVELS_bet23_to_bet27,396.3522,396.3522,495.4402,495.4402,495.4402,4.000000,4.000000,5.000000,5.000000,5.000000,96.000000,96.000000,95.000000,95.000000,95.000000,5.0,2279.0250,2079.2952,7629.7792,7829.509,PENDING_AG03,FALSE,NOT_FOR_ENFORCEMENT,9512.4520,125321.4690,9908.8042,9512.4520,396.3522,0.06762687,0.06492179,396.3522,9512.4520,0.06492179,396.3522,396.3522,495.4402,495.4402,495.4402,9512.4520,0.06492179,2279.0250,2079.2952,7629.7792,7829.509,0.05207269,0.05343583,0.00270507,151.9935,139.4692,10.5863,152.4431,22.3171,2254.1801,14.4000,175.9468,137.7798,29.6291,128.4258,256.8515,258.1778,514.3107,777.7133,102.8621,0.0,4.004732,6.055743,1.183512,29,129,8,3,0.43109585,0.06762687,0.04731611,0E-8,0.000000,0.890948,0.000000,0.03570155,2026-03-24,2026-08-06,65,444,384,136,0.477941,1.277014,1.157594,1.436986,,,,,,,,GLOBAL_BASELINE_NO_ENTITY_RANKING,,,NOT_APPLICABLE_GLOBAL_BASELINE,HF9g-P5,,,,X 全窗基线 · 不参与实体赏罚,15058193,1506,A168_HF9F_20260827_0900,2026-08-27 09:00:00
2026-07-21,122817705,-1,1,258.1777812201,-258.1777812201,-258.1777812201,0E-7,1,1,0.49324550000000000,0.493245500000,-0.9865810262130424,-0.9865810262130424,-0.9865810262130424,0E-17,SENTINEL_DEALER,R03b_20260811_FULL_v1,L1_ELIGIBILITY,v2026-08-11,2026-03-21..2026-08-06,baccarat_bet02_101_all_pairs_incl_sentinel,round_win = game_pnl > 0 (decisive only),COMPATIBILITY_ONLY_NOT_PRODUCTION,146521.7074,130543.1969,9908.8042,964,936,-0.06762687,-0.04731611,-0.08301766,-0.06762687,-9908.8042,146521.7074,OK,0.0000,396.3522,4.0000,96.0000,AG03-UNRESOLVED,ALL5_LEVELS_bet23_to_bet27,396.3522,396.3522,495.4402,495.4402,495.4402,4.000000,4.000000,5.000000,5.000000,5.000000,96.000000,96.000000,95.000000,95.000000,95.000000,5.0,2279.0250,2079.2952,7629.7792,7829.509,PENDING_AG03,FALSE,NOT_FOR_ENFORCEMENT,9512.4520,125321.4690,9908.8042,9512.4520,396.3522,0.06762687,0.06492179,396.3522,9512.4520,0.06492179,396.3522,396.3522,495.4402,495.4402,495.4402,9512.4520,0.06492179,2279.0250,2079.2952,7629.7792,7829.509,0.05207269,0.05343583,0.00270507,151.9935,139.4692,10.5863,152.4431,22.3171,2254.1801,14.4000,175.9468,137.7798,29.6291,128.4258,256.8515,258.1778,514.3107,777.7133,102.8621,0.0,4.004732,6.055743,1.183512,29,129,8,3,0.43109585,0.06762687,0.04731611,0E-8,0.000000,0.890948,0.000000,0.03570155,2026-03-24,2026-08-06,65,444,384,136,0.477941,1.277014,1.157594,1.436986,,,,,,,,GLOBAL_BASELINE_NO_ENTITY_RANKING,,,NOT_APPLICABLE_GLOBAL_BASELINE,HF9g-P5,,,,X 全窗基线 · 不参与实体赏罚,15058194,1506,A168_HF9F_20260827_0900,2026-08-27 09:00:00
2026-07-21,122817705,1109,0,387.2666718303,129.0888906101,129.0888906101,0.6666667,3,3,0.49324550000000000,0.493245500000,0.6008033672792107,0.6008033672792106,0.6008033672792107,0E-17,ELIGIBLE,R03b_20260811_FULL_v1,L1_ELIGIBILITY,v2026-08-11,2026-03-21..2026-08-06,baccarat_bet02_101_all_pairs_incl_sentinel,round_win = game_pnl > 0 (decisive only),COMPATIBILITY_ONLY_NOT_PRODUCTION,146521.7074,130543.1969,9908.8042,964,936,-0.06762687,-0.04731611,-0.08301766,-0.06762687,-9908.8042,146521.7074,OK,0.0000,396.3522,4.0000,96.0000,AG03-UNRESOLVED,ALL5_LEVELS_bet23_to_bet27,396.3522,396.3522,495.4402,495.4402,495.4402,4.000000,4.000000,5.000000,5.000000,5.000000,96.000000,96.000000,95.000000,95.000000,95.000000,5.0,2279.0250,2079.2952,7629.7792,7829.509,PENDING_AG03,FALSE,NOT_FOR_ENFORCEMENT,9512.4520,125321.4690,9908.8042,9512.4520,396.3522,0.06762687,0.06492179,396.3522,9512.4520,0.06492179,396.3522,396.3522,495.4402,495.4402,495.4402,9512.4520,0.06492179,2279.0250,2079.2952,7629.7792,7829.509,0.05207269,0.05343583,0.00270507,151.9935,139.4692,10.5863,152.4431,22.3171,2254.1801,14.4000,175.9468,137.7798,29.6291,128.4258,256.8515,258.1778,514.3107,777.7133,102.8621,0.0,4.004732,6.055743,1.183512,29,129,8,3,0.43109585,0.06762687,0.04731611,0E-8,0.000000,0.890948,0.000000,0.03570155,2026-03-24,2026-08-06,65,444,384,136,0.477941,1.277014,1.157594,1.436986,,,,,,,,GLOBAL_BASELINE_NO_ENTITY_RANKING,,,NOT_APPLICABLE_GLOBAL_BASELINE,HF9g-P5,,,,X 全窗基线 · 不参与实体赏罚,15058195,1506,A168_HF9F_20260827_0900,2026-08-27 09:00:00
2026-07-21,122817705,1385,0,129.0888906101,0E-10,0E-10,,1,1,0.49324550000000000,0.493245500000,,,,0E-17,NO_DECISIVE_ROUND,R03b_20260811_FULL_v1,L1_ELIGIBILITY,v2026-08-11,2026-03-21..2026-08-06,baccarat_bet02_101_all_pairs_incl_sentinel,round_win = game_pnl > 0 (decisive only),COMPATIBILITY_ONLY_NOT_PRODUCTION,146521.7074,130543.1969,9908.8042,964,936,-0.06762687,-0.04731611,-0.08301766,-0.06762687,-9908.8042,146521.7074,OK,0.0000,396.3522,4.0000,96.0000,AG03-UNRESOLVED,ALL5_LEVELS_bet23_to_bet27,396.3522,396.3522,495.4402,495.4402,495.4402,4.000000,4.000000,5.000000,5.000000,5.000000,96.000000,96.000000,95.000000,95.000000,95.000000,5.0,2279.0250,2079.2952,7629.7792,7829.509,PENDING_AG03,FALSE,NOT_FOR_ENFORCEMENT,9512.4520,125321.4690,9908.8042,9512.4520,396.3522,0.06762687,0.06492179,396.3522,9512.4520,0.06492179,396.3522,396.3522,495.4402,495.4402,495.4402,9512.4520,0.06492179,2279.0250,2079.2952,7629.7792,7829.509,0.05207269,0.05343583,0.00270507,151.9935,139.4692,10.5863,152.4431,22.3171,2254.1801,14.4000,175.9468,137.7798,29.6291,128.4258,256.8515,258.1778,514.3107,777.7133,102.8621,0.0,4.004732,6.055743,1.183512,29,129,8,3,0.43109585,0.06762687,0.04731611,0E-8,0.000000,0.890948,0.000000,0.03570155,2026-03-24,2026-08-06,65,444,384,136,0.477941,1.277014,1.157594,1.436986,,,,,,,,GLOBAL_BASELINE_NO_ENTITY_RANKING,,,NOT_APPLICABLE_GLOBAL_BASELINE,HF9g-P5,,,,X 全窗基线 · 不参与实体赏罚,15058196,1506,A168_HF9F_20260827_0900,2026-08-27 09:00:00
2026-07-21,122817705,1396,0,645.4444530503,264.6322257507,264.6322257507,0.5000000,6,6,0.50665070000000000,0.506650700000,-0.02660515369234503,-0.02660515369234503,-0.02660515369234503,0E-17,ELIGIBLE,R03b_20260811_FULL_v1,L1_ELIGIBILITY,v2026-08-11,2026-03-21..2026-08-06,baccarat_bet02_101_all_pairs_incl_sentinel,round_win = game_pnl > 0 (decisive only),COMPATIBILITY_ONLY_NOT_PRODUCTION,146521.7074,130543.1969,9908.8042,964,936,-0.06762687,-0.04731611,-0.08301766,-0.06762687,-9908.8042,146521.7074,OK,0.0000,396.3522,4.0000,96.0000,AG03-UNRESOLVED,ALL5_LEVELS_bet23_to_bet27,396.3522,396.3522,495.4402,495.4402,495.4402,4.000000,4.000000,5.000000,5.000000,5.000000,96.000000,96.000000,95.000000,95.000000,95.000000,5.0,2279.0250,2079.2952,7629.7792,7829.509,PENDING_AG03,FALSE,NOT_FOR_ENFORCEMENT,9512.4520,125321.4690,9908.8042,9512.4520,396.3522,0.06762687,0.06492179,396.3522,9512.4520,0.06492179,396.3522,396.3522,495.4402,495.4402,495.4402,9512.4520,0.06492179,2279.0250,2079.2952,7629.7792,7829.509,0.05207269,0.05343583,0.00270507,151.9935,139.4692,10.5863,152.4431,22.3171,2254.1801,14.4000,175.9468,137.7798,29.6291,128.4258,256.8515,258.1778,514.3107,777.7133,102.8621,0.0,4.004732,6.055743,1.183512,29,129,8,3,0.43109585,0.06762687,0.04731611,0E-8,0.000000,0.890948,0.000000,0.03570155,2026-03-24,2026-08-06,65,444,384,136,0.477941,1.277014,1.157594,1.436986,,,,,,,,GLOBAL_BASELINE_NO_ENTITY_RANKING,,,NOT_APPLICABLE_GLOBAL_BASELINE,HF9g-P5,,,,X 全窗基线 · 不参与实体赏罚,15058197,1506,A168_HF9F_20260827_0900,2026-08-27 09:00:00
2026-07-21,122817705,1400,0,116.1800015491,60.0263341337,60.0263341337,0.5000000,2,2,0.49994810000000000,0.499948100000,0.00014679536856514622,0.00014679536856514622,0.00014679536856514622,0E-17,ELIGIBLE,R03b_20260811_FULL_v1,L1_ELIGIBILITY,v2026-08-11,2026-03-21..2026-08-06,baccarat_bet02_101_all_pairs_incl_sentinel,round_win = game_pnl > 0 (decisive only),COMPATIBILITY_ONLY_NOT_PRODUCTION,146521.7074,130543.1969,9908.8042,964,936,-0.06762687,-0.04731611,-0.08301766,-0.06762687,-9908.8042,146521.7074,OK,0.0000,396.3522,4.0000,96.0000,AG03-UNRESOLVED,ALL5_LEVELS_bet23_to_bet27,396.3522,396.3522,495.4402,495.4402,495.4402,4.000000,4.000000,5.000000,5.000000,5.000000,96.000000,96.000000,95.000000,95.000000,95.000000,5.0,2279.0250,2079.2952,7629.7792,7829.509,PENDING_AG03,FALSE,NOT_FOR_ENFORCEMENT,9512.4520,125321.4690,9908.8042,9512.4520,396.3522,0.06762687,0.06492179,396.3522,9512.4520,0.06492179,396.3522,396.3522,495.4402,495.4402,495.4402,9512.4520,0.06492179,2279.0250,2079.2952,7629.7792,7829.509,0.05207269,0.05343583,0.00270507,151.9935,139.4692,10.5863,152.4431,22.3171,2254.1801,14.4000,175.9468,137.7798,29.6291,128.4258,256.8515,258.1778,514.3107,777.7133,102.8621,0.0,4.004732,6.055743,1.183512,29,129,8,3,0.43109585,0.06762687,0.04731611,0E-8,0.000000,0.890948,0.000000,0.03570155,2026-03-24,2026-08-06,65,444,384,136,0.477941,1.277014,1.157594,1.436986,,,,,,,,GLOBAL_BASELINE_NO_ENTITY_RANKING,,,NOT_APPLICABLE_GLOBAL_BASELINE,HF9g-P5,,,,X 全窗基线 · 不参与实体赏罚,15058198,1506,A168_HF9F_20260827_0900,2026-08-27 09:00:00
2026-07-21,122817705,1507,0,219.4511140371,216.2238917719,216.2238917719,1.0000000,2,2,0.49994810000000000,0.499948100000,1.4143603653603398,1.4143603653603398,1.4143603653603398,0E-17,ELIGIBLE,R03b_20260811_FULL_v1,L1_ELIGIBILITY,v2026-08-11,2026-03-21..2026-08-06,baccarat_bet02_101_all_pairs_incl_sentinel,round_win = game_pnl > 0 (decisive only),COMPATIBILITY_ONLY_NOT_PRODUCTION,146521.7074,130543.1969,9908.8042,964,936,-0.06762687,-0.04731611,-0.08301766,-0.06762687,-9908.8042,146521.7074,OK,0.0000,396.3522,4.0000,96.0000,AG03-UNRESOLVED,ALL5_LEVELS_bet23_to_bet27,396.3522,396.3522,495.4402,495.4402,495.4402,4.000000,4.000000,5.000000,5.000000,5.000000,96.000000,96.000000,95.000000,95.000000,95.000000,5.0,2279.0250,2079.2952,7629.7792,7829.509,PENDING_AG03,FALSE,NOT_FOR_ENFORCEMENT,9512.4520,125321.4690,9908.8042,9512.4520,396.3522,0.06762687,0.06492179,396.3522,9512.4520,0.06492179,396.3522,396.3522,495.4402,495.4402,495.4402,9512.4520,0.06492179,2279.0250,2079.2952,7629.7792,7829.509,0.05207269,0.05343583,0.00270507,151.9935,139.4692,10.5863,152.4431,22.3171,2254.1801,14.4000,175.9468,137.7798,29.6291,128.4258,256.8515,258.1778,514.3107,777.7133,102.8621,0.0,4.004732,6.055743,1.183512,29,129,8,3,0.43109585,0.06762687,0.04731611,0E-8,0.000000,0.890948,0.000000,0.03570155,2026-03-24,2026-08-06,65,444,384,136,0.477941,1.277014,1.157594,1.436986,,,,,,,,GLOBAL_BASELINE_NO_ENTITY_RANKING,,,NOT_APPLICABLE_GLOBAL_BASELINE,HF9g-P5,,,,X 全窗基线 · 不参与实体赏罚,15058199,1506,A168_HF9F_20260827_0900,2026-08-27 09:00:00
2026-07-21,122817705,1947,0,258.1777812201,258.1777812201,258.1777812201,1.0000000,1,1,0.49324550000000000,0.493245500000,1.01360149184955,1.01360149184955,1.01360149184955,0E-17,ELIGIBLE,R03b_20260811_FULL_v1,L1_ELIGIBILITY,v2026-08-11,2026-03-21..2026-08-06,baccarat_bet02_101_all_pairs_incl_sentinel,round_win = game_pnl > 0 (decisive only),COMPATIBILITY_ONLY_NOT_PRODUCTION,146521.7074,130543.1969,9908.8042,964,936,-0.06762687,-0.04731611,-0.08301766,-0.06762687,-9908.8042,146521.7074,OK,0.0000,396.3522,4.0000,96.0000,AG03-UNRESOLVED,ALL5_LEVELS_bet23_to_bet27,396.3522,396.3522,495.4402,495.4402,495.4402,4.000000,4.000000,5.000000,5.000000,5.000000,96.000000,96.000000,95.000000,95.000000,95.000000,5.0,2279.0250,2079.2952,7629.7792,7829.509,PENDING_AG03,FALSE,NOT_FOR_ENFORCEMENT,9512.4520,125321.4690,9908.8042,9512.4520,396.3522,0.06762687,0.06492179,396.3522,9512.4520,0.06492179,396.3522,396.3522,495.4402,495.4402,495.4402,9512.4520,0.06492179,2279.0250,2079.2952,7629.7792,7829.509,0.05207269,0.05343583,0.00270507,151.9935,139.4692,10.5863,152.4431,22.3171,2254.1801,14.4000,175.9468,137.7798,29.6291,128.4258,256.8515,258.1778,514.3107,777.7133,102.8621,0.0,4.004732,6.055743,1.183512,29,129,8,3,0.43109585,0.06762687,0.04731611,0E-8,0.000000,0.890948,0.000000,0.03570155,2026-03-24,2026-08-06,65,444,384,136,0.477941,1.277014,1.157594,1.436986,,,,,,,,GLOBAL_BASELINE_NO_ENTITY_RANKING,,,NOT_APPLICABLE_GLOBAL_BASELINE,HF9g-P5,,,,X 全窗基线 · 不参与实体赏罚,15058200,1506,A168_HF9F_20260827_0900,2026-08-27 09:00:00
2026-07-21,122817705,1966,0,374.3577827692,168.4610022462,168.4610022462,0.5000000,6,6,0.49771390000000000,0.497713900000,0.009144495583398339,0.009144495583398339,0.009144495583398339,0E-17,ELIGIBLE,R03b_20260811_FULL_v1,L1_ELIGIBILITY,v2026-08-11,2026-03-21..2026-08-06,baccarat_bet02_101_all_pairs_incl_sentinel,round_win = game_pnl > 0 (decisive only),COMPATIBILITY_ONLY_NOT_PRODUCTION,146521.7074,130543.1969,9908.8042,964,936,-0.06762687,-0.04731611,-0.08301766,-0.06762687,-9908.8042,146521.7074,OK,0.0000,396.3522,4.0000,96.0000,AG03-UNRESOLVED,ALL5_LEVELS_bet23_to_bet27,396.3522,396.3522,495.4402,495.4402,495.4402,4.000000,4.000000,5.000000,5.000000,5.000000,96.000000,96.000000,95.000000,95.000000,95.000000,5.0,2279.0250,2079.2952,7629.7792,7829.509,PENDING_AG03,FALSE,NOT_FOR_ENFORCEMENT,9512.4520,125321.4690,9908.8042,9512.4520,396.3522,0.06762687,0.06492179,396.3522,9512.4520,0.06492179,396.3522,396.3522,495.4402,495.4402,495.4402,9512.4520,0.06492179,2279.0250,2079.2952,7629.7792,7829.509,0.05207269,0.05343583,0.00270507,151.9935,139.4692,10.5863,152.4431,22.3171,2254.1801,14.4000,175.9468,137.7798,29.6291,128.4258,256.8515,258.1778,514.3107,777.7133,102.8621,0.0,4.004732,6.055743,1.183512,29,129,8,3,0.43109585,0.06762687,0.04731611,0E-8,0.000000,0.890948,0.000000,0.03570155,2026-03-24,2026-08-06,65,444,384,136,0.477941,1.277014,1.157594,1.436986,,,,,,,,GLOBAL_BASELINE_NO_ENTITY_RANKING,,,NOT_APPLICABLE_GLOBAL_BASELINE,HF9g-P5,,,,X 全窗基线 · 不参与实体赏罚,15058201,1506,A168_HF9F_20260827_0900,2026-08-27 09:00:00
2026-07-21,122817705,2177,0,129.0888906101,-129.0888906101,-129.0888906101,0E-7,1,1,0.50665070000000000,0.506650700000,-1.013391052207602,-1.013391052207602,-1.013391052207602,0E-17,ELIGIBLE,R03b_20260811_FULL_v1,L1_ELIGIBILITY,v2026-08-11,2026-03-21..2026-08-06,baccarat_bet02_101_all_pairs_incl_sentinel,round_win = game_pnl > 0 (decisive only),COMPATIBILITY_ONLY_NOT_PRODUCTION,146521.7074,130543.1969,9908.8042,964,936,-0.06762687,-0.04731611,-0.08301766,-0.06762687,-9908.8042,146521.7074,OK,0.0000,396.3522,4.0000,96.0000,AG03-UNRESOLVED,ALL5_LEVELS_bet23_to_bet27,396.3522,396.3522,495.4402,495.4402,495.4402,4.000000,4.000000,5.000000,5.000000,5.000000,96.000000,96.000000,95.000000,95.000000,95.000000,5.0,2279.0250,2079.2952,7629.7792,7829.509,PENDING_AG03,FALSE,NOT_FOR_ENFORCEMENT,9512.4520,125321.4690,9908.8042,9512.4520,396.3522,0.06762687,0.06492179,396.3522,9512.4520,0.06492179,396.3522,396.3522,495.4402,495.4402,495.4402,9512.4520,0.06492179,2279.0250,2079.2952,7629.7792,7829.509,0.05207269,0.05343583,0.00270507,151.9935,139.4692,10.5863,152.4431,22.3171,2254.1801,14.4000,175.9468,137.7798,29.6291,128.4258,256.8515,258.1778,514.3107,777.7133,102.8621,0.0,4.004732,6.055743,1.183512,29,129,8,3,0.43109585,0.06762687,0.04731611,0E-8,0.000000,0.890948,0.000000,0.03570155,2026-03-24,2026-08-06,65,444,384,136,0.477941,1.277014,1.157594,1.436986,,,,,,,,GLOBAL_BASELINE_NO_ENTITY_RANKING,,,NOT_APPLICABLE_GLOBAL_BASELINE,HF9g-P5,,,,X 全窗基线 · 不参与实体赏罚,15058202,1506,A168_HF9F_20260827_0900,2026-08-27 09:00:00
2026-07-21,122817705,2250,0,129.0888906101,129.0888906101,129.0888906101,1.0000000,1,1,0.49324550000000000,0.493245500000,1.01360149184955,1.01360149184955,1.01360149184955,0E-17,ELIGIBLE,R03b_20260811_FULL_v1,L1_ELIGIBILITY,v2026-08-11,2026-03-21..2026-08-06,baccarat_bet02_101_all_pairs_incl_sentinel,round_win = game_pnl > 0 (decisive only),COMPATIBILITY_ONLY_NOT_PRODUCTION,146521.7074,130543.1969,9908.8042,964,936,-0.06762687,-0.04731611,-0.08301766,-0.06762687,-9908.8042,146521.7074,OK,0.0000,396.3522,4.0000,96.0000,AG03-UNRESOLVED,ALL5_LEVELS_bet23_to_bet27,396.3522,396.3522,495.4402,495.4402,495.4402,4.000000,4.000000,5.000000,5.000000,5.000000,96.000000,96.000000,95.000000,95.000000,95.000000,5.0,2279.0250,2079.2952,7629.7792,7829.509,PENDING_AG03,FALSE,NOT_FOR_ENFORCEMENT,9512.4520,125321.4690,9908.8042,9512.4520,396.3522,0.06762687,0.06492179,396.3522,9512.4520,0.06492179,396.3522,396.3522,495.4402,495.4402,495.4402,9512.4520,0.06492179,2279.0250,2079.2952,7629.7792,7829.509,0.05207269,0.05343583,0.00270507,151.9935,139.4692,10.5863,152.4431,22.3171,2254.1801,14.4000,175.9468,137.7798,29.6291,128.4258,256.8515,258.1778,514.3107,777.7133,102.8621,0.0,4.004732,6.055743,1.183512,29,129,8,3,0.43109585,0.06762687,0.04731611,0E-8,0.000000,0.890948,0.000000,0.03570155,2026-03-24,2026-08-06,65,444,384,136,0.477941,1.277014,1.157594,1.436986,,,,,,,,GLOBAL_BASELINE_NO_ENTITY_RANKING,,,NOT_APPLICABLE_GLOBAL_BASELINE,HF9g-P5,,,,X 全窗基线 · 不参与实体赏罚,15058203,1506,A168_HF9F_20260827_0900,2026-08-27 09:00:00
2026-07-21,122817705,2258,0,387.2666718302,116.1800015490,116.1800015490,0.5000000,2,2,0.49994810000000000,0.499948100000,0.00014679536856514622,0.00014679536856514622,0.00014679536856514622,0E-17,ELIGIBLE,R03b_20260811_FULL_v1,L1_ELIGIBILITY,v2026-08-11,2026-03-21..2026-08-06,baccarat_bet02_101_all_pairs_incl_sentinel,round_win = game_pnl > 0 (decisive only),COMPATIBILITY_ONLY_NOT_PRODUCTION,146521.7074,130543.1969,9908.8042,964,936,-0.06762687,-0.04731611,-0.08301766,-0.06762687,-9908.8042,146521.7074,OK,0.0000,396.3522,4.0000,96.0000,AG03-UNRESOLVED,ALL5_LEVELS_bet23_to_bet27,396.3522,396.3522,495.4402,495.4402,495.4402,4.000000,4.000000,5.000000,5.000000,5.000000,96.000000,96.000000,95.000000,95.000000,95.000000,5.0,2279.0250,2079.2952,7629.7792,7829.509,PENDING_AG03,FALSE,NOT_FOR_ENFORCEMENT,9512.4520,125321.4690,9908.8042,9512.4520,396.3522,0.06762687,0.06492179,396.3522,9512.4520,0.06492179,396.3522,396.3522,495.4402,495.4402,495.4402,9512.4520,0.06492179,2279.0250,2079.2952,7629.7792,7829.509,0.05207269,0.05343583,0.00270507,151.9935,139.4692,10.5863,152.4431,22.3171,2254.1801,14.4000,175.9468,137.7798,29.6291,128.4258,256.8515,258.1778,514.3107,777.7133,102.8621,0.0,4.004732,6.055743,1.183512,29,129,8,3,0.43109585,0.06762687,0.04731611,0E-8,0.000000,0.890948,0.000000,0.03570155,2026-03-24,2026-08-06,65,444,384,136,0.477941,1.277014,1.157594,1.436986,,,,,,,,GLOBAL_BASELINE_NO_ENTITY_RANKING,,,NOT_APPLICABLE_GLOBAL_BASELINE,HF9g-P5,,,,X 全窗基线 · 不参与实体赏罚,15058204,1506,A168_HF9F_20260827_0900,2026-08-27 09:00:00
2026-07-21,122817705,2262,0,283.9955593421,269.7957813750,269.7957813750,1.0000000,2,2,0.50665070000000000,0.506650700000,1.3955260008387969,1.3955260008387969,1.3955260008387969,0E-17,ELIGIBLE,R03b_20260811_FULL_v1,L1_ELIGIBILITY,v2026-08-11,2026-03-21..2026-08-06,baccarat_bet02_101_all_pairs_incl_sentinel,round_win = game_pnl > 0 (decisive only),COMPATIBILITY_ONLY_NOT_PRODUCTION,146521.7074,130543.1969,9908.8042,964,936,-0.06762687,-0.04731611,-0.08301766,-0.06762687,-9908.8042,146521.7074,OK,0.0000,396.3522,4.0000,96.0000,AG03-UNRESOLVED,ALL5_LEVELS_bet23_to_bet27,396.3522,396.3522,495.4402,495.4402,495.4402,4.000000,4.000000,5.000000,5.000000,5.000000,96.000000,96.000000,95.000000,95.000000,95.000000,5.0,2279.0250,2079.2952,7629.7792,7829.509,PENDING_AG03,FALSE,NOT_FOR_ENFORCEMENT,9512.4520,125321.4690,9908.8042,9512.4520,396.3522,0.06762687,0.06492179,396.3522,9512.4520,0.06492179,396.3522,396.3522,495.4402,495.4402,495.4402,9512.4520,0.06492179,2279.0250,2079.2952,7629.7792,7829.509,0.05207269,0.05343583,0.00270507,151.9935,139.4692,10.5863,152.4431,22.3171,2254.1801,14.4000,175.9468,137.7798,29.6291,128.4258,256.8515,258.1778,514.3107,777.7133,102.8621,0.0,4.004732,6.055743,1.183512,29,129,8,3,0.43109585,0.06762687,0.04731611,0E-8,0.000000,0.890948,0.000000,0.03570155,2026-03-24,2026-08-06,65,444,384,136,0.477941,1.277014,1.157594,1.436986,,,,,,,,GLOBAL_BASELINE_NO_ENTITY_RANKING,,,NOT_APPLICABLE_GLOBAL_BASELINE,HF9g-P5,,,,X 全窗基线 · 不参与实体赏罚,15058205,1506,A168_HF9F_20260827_0900,2026-08-27 09:00:00
2026-07-22,122817705,-1,1,387.2666718303,-135.5433351406,-135.5433351406,0.3333333,3,3,0.50665070000000000,0.506650700000,-0.6004420894325239,-0.6004420894325239,-0.6004420894325239,0E-17,SENTINEL_DEALER,R03b_20260811_FULL_v1,L1_ELIGIBILITY,v2026-08-11,2026-03-21..2026-08-06,baccarat_bet02_101_all_pairs_incl_sentinel,round_win = game_pnl > 0 (decisive only),COMPATIBILITY_ONLY_NOT_PRODUCTION,146521.7074,130543.1969,9908.8042,964,936,-0.06762687,-0.04731611,-0.08301766,-0.06762687,-9908.8042,146521.7074,OK,0.0000,396.3522,4.0000,96.0000,AG03-UNRESOLVED,ALL5_LEVELS_bet23_to_bet27,396.3522,396.3522,495.4402,495.4402,495.4402,4.000000,4.000000,5.000000,5.000000,5.000000,96.000000,96.000000,95.000000,95.000000,95.000000,5.0,2279.0250,2079.2952,7629.7792,7829.509,PENDING_AG03,FALSE,NOT_FOR_ENFORCEMENT,9512.4520,125321.4690,9908.8042,9512.4520,396.3522,0.06762687,0.06492179,396.3522,9512.4520,0.06492179,396.3522,396.3522,495.4402,495.4402,495.4402,9512.4520,0.06492179,2279.0250,2079.2952,7629.7792,7829.509,0.05207269,0.05343583,0.00270507,151.9935,139.4692,10.5863,152.4431,22.3171,2254.1801,14.4000,175.9468,137.7798,29.6291,128.4258,256.8515,258.1778,514.3107,777.7133,102.8621,0.0,4.004732,6.055743,1.183512,29,129,8,3,0.43109585,0.06762687,0.04731611,0E-8,0.000000,0.890948,0.000000,0.03570155,2026-03-24,2026-08-06,65,444,384,136,0.477941,1.277014,1.157594,1.436986,,,,,,,,GLOBAL_BASELINE_NO_ENTITY_RANKING,,,NOT_APPLICABLE_GLOBAL_BASELINE,HF9g-P5,,,,X 全窗基线 · 不参与实体赏罚,15058206,1506,A168_HF9F_20260827_0900,2026-08-27 09:00:00
2026-07-22,122817705,1485,0,1213.4355717347,930.7309012986,930.7309012986,0.8571429,7,7,0.49899058571428571,0.498990585714,1.8951675454273618,1.8951675454288757,1.8951675454273618,2.8571E-13,ELIGIBLE,R03b_20260811_FULL_v1,L1_ELIGIBILITY,v2026-08-11,2026-03-21..2026-08-06,baccarat_bet02_101_all_pairs_incl_sentinel,round_win = game_pnl > 0 (decisive only),COMPATIBILITY_ONLY_NOT_PRODUCTION,146521.7074,130543.1969,9908.8042,964,936,-0.06762687,-0.04731611,-0.08301766,-0.06762687,-9908.8042,146521.7074,OK,0.0000,396.3522,4.0000,96.0000,AG03-UNRESOLVED,ALL5_LEVELS_bet23_to_bet27,396.3522,396.3522,495.4402,495.4402,495.4402,4.000000,4.000000,5.000000,5.000000,5.000000,96.000000,96.000000,95.000000,95.000000,95.000000,5.0,2279.0250,2079.2952,7629.7792,7829.509,PENDING_AG03,FALSE,NOT_FOR_ENFORCEMENT,9512.4520,125321.4690,9908.8042,9512.4520,396.3522,0.06762687,0.06492179,396.3522,9512.4520,0.06492179,396.3522,396.3522,495.4402,495.4402,495.4402,9512.4520,0.06492179,2279.0250,2079.2952,7629.7792,7829.509,0.05207269,0.05343583,0.00270507,151.9935,139.4692,10.5863,152.4431,22.3171,2254.1801,14.4000,175.9468,137.7798,29.6291,128.4258,256.8515,258.1778,514.3107,777.7133,102.8621,0.0,4.004732,6.055743,1.183512,29,129,8,3,0.43109585,0.06762687,0.04731611,0E-8,0.000000,0.890948,0.000000,0.03570155,2026-03-24,2026-08-06,65,444,384,136,0.477941,1.277014,1.157594,1.436986,,,,,,,,GLOBAL_BASELINE_NO_ENTITY_RANKING,,,NOT_APPLICABLE_GLOBAL_BASELINE,HF9g-P5,,,,X 全窗基线 · 不参与实体赏罚,15058207,1506,A168_HF9F_20260827_0900,2026-08-27 09:00:00
2026-07-22,122817705,1507,0,766.7880102237,532.2334959853,532.2334959853,1.0000000,5,5,0.50665070000000000,0.506650700000,1.9735717970305138,1.9735717970305138,1.9735717970305138,0E-17,ELIGIBLE,R03b_20260811_FULL_v1,L1_ELIGIBILITY,v2026-08-11,2026-03-21..2026-08-06,baccarat_bet02_101_all_pairs_incl_sentinel,round_win = game_pnl > 0 (decisive only),COMPATIBILITY_ONLY_NOT_PRODUCTION,146521.7074,130543.1969,9908.8042,964,936,-0.06762687,-0.04731611,-0.08301766,-0.06762687,-9908.8042,146521.7074,OK,0.0000,396.3522,4.0000,96.0000,AG03-UNRESOLVED,ALL5_LEVELS_bet23_to_bet27,396.3522,396.3522,495.4402,495.4402,495.4402,4.000000,4.000000,5.000000,5.000000,5.000000,96.000000,96.000000,95.000000,95.000000,95.000000,5.0,2279.0250,2079.2952,7629.7792,7829.509,PENDING_AG03,FALSE,NOT_FOR_ENFORCEMENT,9512.4520,125321.4690,9908.8042,9512.4520,396.3522,0.06762687,0.06492179,396.3522,9512.4520,0.06492179,396.3522,396.3522,495.4402,495.4402,495.4402,9512.4520,0.06492179,2279.0250,2079.2952,7629.7792,7829.509,0.05207269,0.05343583,0.00270507,151.9935,139.4692,10.5863,152.4431,22.3171,2254.1801,14.4000,175.9468,137.7798,29.6291,128.4258,256.8515,258.1778,514.3107,777.7133,102.8621,0.0,4.004732,6.055743,1.183512,29,129,8,3,0.43109585,0.06762687,0.04731611,0E-8,0.000000,0.890948,0.000000,0.03570155,2026-03-24,2026-08-06,65,444,384,136,0.477941,1.277014,1.157594,1.436986,,,,,,,,GLOBAL_BASELINE_NO_ENTITY_RANKING,,,NOT_APPLICABLE_GLOBAL_BASELINE,HF9g-P5,,,,X 全窗基线 · 不参与实体赏罚,15058208,1506,A168_HF9F_20260827_0900,2026-08-27 09:00:00
2026-07-22,122817705,1654,0,38.7266671830,-38.7266671830,-38.7266671830,0E-7,1,1,0.49324550000000000,0.493245500000,-0.9865810262130424,-0.9865810262130424,-0.9865810262130424,0E-17,ELIGIBLE,R03b_20260811_FULL_v1,L1_ELIGIBILITY,v2026-08-11,2026-03-21..2026-08-06,baccarat_bet02_101_all_pairs_incl_sentinel,round_win = game_pnl > 0 (decisive only),COMPATIBILITY_ONLY_NOT_PRODUCTION,146521.7074,130543.1969,9908.8042,964,936,-0.06762687,-0.04731611,-0.08301766,-0.06762687,-9908.8042,146521.7074,OK,0.0000,396.3522,4.0000,96.0000,AG03-UNRESOLVED,ALL5_LEVELS_bet23_to_bet27,396.3522,396.3522,495.4402,495.4402,495.4402,4.000000,4.000000,5.000000,5.000000,5.000000,96.000000,96.000000,95.000000,95.000000,95.000000,5.0,2279.0250,2079.2952,7629.7792,7829.509,PENDING_AG03,FALSE,NOT_FOR_ENFORCEMENT,9512.4520,125321.4690,9908.8042,9512.4520,396.3522,0.06762687,0.06492179,396.3522,9512.4520,0.06492179,396.3522,396.3522,495.4402,495.4402,495.4402,9512.4520,0.06492179,2279.0250,2079.2952,7629.7792,7829.509,0.05207269,0.05343583,0.00270507,151.9935,139.4692,10.5863,152.4431,22.3171,2254.1801,14.4000,175.9468,137.7798,29.6291,128.4258,256.8515,258.1778,514.3107,777.7133,102.8621,0.0,4.004732,6.055743,1.183512,29,129,8,3,0.43109585,0.06762687,0.04731611,0E-8,0.000000,0.890948,0.000000,0.03570155,2026-03-24,2026-08-06,65,444,384,136,0.477941,1.277014,1.157594,1.436986,,,,,,,,GLOBAL_BASELINE_NO_ENTITY_RANKING,,,NOT_APPLICABLE_GLOBAL_BASELINE,HF9g-P5,,,,X 全窗基线 · 不参与实体赏罚,15058209,1506,A168_HF9F_20260827_0900,2026-08-27 09:00:00
2026-07-22,122817705,2134,0,12.9088890610,12.9088890610,12.9088890610,1.0000000,1,1,0.49324550000000000,0.493245500000,1.01360149184955,1.01360149184955,1.01360149184955,0E-17,ELIGIBLE,R03b_20260811_FULL_v1,L1_ELIGIBILITY,v2026-08-11,2026-03-21..2026-08-06,baccarat_bet02_101_all_pairs_incl_sentinel,round_win = game_pnl > 0 (decisive only),COMPATIBILITY_ONLY_NOT_PRODUCTION,146521.7074,130543.1969,9908.8042,964,936,-0.06762687,-0.04731611,-0.08301766,-0.06762687,-9908.8042,146521.7074,OK,0.0000,396.3522,4.0000,96.0000,AG03-UNRESOLVED,ALL5_LEVELS_bet23_to_bet27,396.3522,396.3522,495.4402,495.4402,495.4402,4.000000,4.000000,5.000000,5.000000,5.000000,96.000000,96.000000,95.000000,95.000000,95.000000,5.0,2279.0250,2079.2952,7629.7792,7829.509,PENDING_AG03,FALSE,NOT_FOR_ENFORCEMENT,9512.4520,125321.4690,9908.8042,9512.4520,396.3522,0.06762687,0.06492179,396.3522,9512.4520,0.06492179,396.3522,396.3522,495.4402,495.4402,495.4402,9512.4520,0.06492179,2279.0250,2079.2952,7629.7792,7829.509,0.05207269,0.05343583,0.00270507,151.9935,139.4692,10.5863,152.4431,22.3171,2254.1801,14.4000,175.9468,137.7798,29.6291,128.4258,256.8515,258.1778,514.3107,777.7133,102.8621,0.0,4.004732,6.055743,1.183512,29,129,8,3,0.43109585,0.06762687,0.04731611,0E-8,0.000000,0.890948,0.000000,0.03570155,2026-03-24,2026-08-06,65,444,384,136,0.477941,1.277014,1.157594,1.436986,,,,,,,,GLOBAL_BASELINE_NO_ENTITY_RANKING,,,NOT_APPLICABLE_GLOBAL_BASELINE,HF9g-P5,,,,X 全窗基线 · 不参与实体赏罚,15058210,1506,A168_HF9F_20260827_0900,2026-08-27 09:00:00
2026-07-22,122817705,2145,0,1135.9822373686,1095.9646812796,1095.9646812796,1.0000000,5,5,0.50128862000000000,0.501288620000,2.2303125007307085,2.2303125007307085,2.2303125007307085,0E-17,ELIGIBLE,R03b_20260811_FULL_v1,L1_ELIGIBILITY,v2026-08-11,2026-03-21..2026-08-06,baccarat_bet02_101_all_pairs_incl_sentinel,round_win = game_pnl > 0 (decisive only),COMPATIBILITY_ONLY_NOT_PRODUCTION,146521.7074,130543.1969,9908.8042,964,936,-0.06762687,-0.04731611,-0.08301766,-0.06762687,-9908.8042,146521.7074,OK,0.0000,396.3522,4.0000,96.0000,AG03-UNRESOLVED,ALL5_LEVELS_bet23_to_bet27,396.3522,396.3522,495.4402,495.4402,495.4402,4.000000,4.000000,5.000000,5.000000,5.000000,96.000000,96.000000,95.000000,95.000000,95.000000,5.0,2279.0250,2079.2952,7629.7792,7829.509,PENDING_AG03,FALSE,NOT_FOR_ENFORCEMENT,9512.4520,125321.4690,9908.8042,9512.4520,396.3522,0.06762687,0.06492179,396.3522,9512.4520,0.06492179,396.3522,396.3522,495.4402,495.4402,495.4402,9512.4520,0.06492179,2279.0250,2079.2952,7629.7792,7829.509,0.05207269,0.05343583,0.00270507,151.9935,139.4692,10.5863,152.4431,22.3171,2254.1801,14.4000,175.9468,137.7798,29.6291,128.4258,256.8515,258.1778,514.3107,777.7133,102.8621,0.0,4.004732,6.055743,1.183512,29,129,8,3,0.43109585,0.06762687,0.04731611,0E-8,0.000000,0.890948,0.000000,0.03570155,2026-03-24,2026-08-06,65,444,384,136,0.477941,1.277014,1.157594,1.436986,,,,,,,,GLOBAL_BASELINE_NO_ENTITY_RANKING,,,NOT_APPLICABLE_GLOBAL_BASELINE,HF9g-P5,,,,X 全窗基线 · 不参与实体赏罚,15058211,1506,A168_HF9F_20260827_0900,2026-08-27 09:00:00
2026-07-22,122817705,2171,0,1239.2533498565,610.9777192574,610.9777192574,0.6000000,12,12,0.49994810000000000,0.499948100000,0.6327837798637467,0.6327837798637467,0.6327837798637467,0E-17,ELIGIBLE,R03b_20260811_FULL_v1,L1_ELIGIBILITY,v2026-08-11,2026-03-21..2026-08-06,baccarat_bet02_101_all_pairs_incl_sentinel,round_win = game_pnl > 0 (decisive only),COMPATIBILITY_ONLY_NOT_PRODUCTION,146521.7074,130543.1969,9908.8042,964,936,-0.06762687,-0.04731611,-0.08301766,-0.06762687,-9908.8042,146521.7074,OK,0.0000,396.3522,4.0000,96.0000,AG03-UNRESOLVED,ALL5_LEVELS_bet23_to_bet27,396.3522,396.3522,495.4402,495.4402,495.4402,4.000000,4.000000,5.000000,5.000000,5.000000,96.000000,96.000000,95.000000,95.000000,95.000000,5.0,2279.0250,2079.2952,7629.7792,7829.509,PENDING_AG03,FALSE,NOT_FOR_ENFORCEMENT,9512.4520,125321.4690,9908.8042,9512.4520,396.3522,0.06762687,0.06492179,396.3522,9512.4520,0.06492179,396.3522,396.3522,495.4402,495.4402,495.4402,9512.4520,0.06492179,2279.0250,2079.2952,7629.7792,7829.509,0.05207269,0.05343583,0.00270507,151.9935,139.4692,10.5863,152.4431,22.3171,2254.1801,14.4000,175.9468,137.7798,29.6291,128.4258,256.8515,258.1778,514.3107,777.7133,102.8621,0.0,4.004732,6.055743,1.183512,29,129,8,3,0.43109585,0.06762687,0.04731611,0E-8,0.000000,0.890948,0.000000,0.03570155,2026-03-24,2026-08-06,65,444,384,136,0.477941,1.277014,1.157594,1.436986,,,,,,,,GLOBAL_BASELINE_NO_ENTITY_RANKING,,,NOT_APPLICABLE_GLOBAL_BASELINE,HF9g-P5,,,,X 全窗基线 · 不参与实体赏罚,15058212,1506,A168_HF9F_20260827_0900,2026-08-27 09:00:00
2026-07-22,122817705,2235,0,25.8177781220,-25.8177781220,-25.8177781220,0E-7,1,1,0.50665070000000000,0.506650700000,-1.013391052207602,-1.013391052207602,-1.013391052207602,0E-17,ELIGIBLE,R03b_20260811_FULL_v1,L1_ELIGIBILITY,v2026-08-11,2026-03-21..2026-08-06,baccarat_bet02_101_all_pairs_incl_sentinel,round_win = game_pnl > 0 (decisive only),COMPATIBILITY_ONLY_NOT_PRODUCTION,146521.7074,130543.1969,9908.8042,964,936,-0.06762687,-0.04731611,-0.08301766,-0.06762687,-9908.8042,146521.7074,OK,0.0000,396.3522,4.0000,96.0000,AG03-UNRESOLVED,ALL5_LEVELS_bet23_to_bet27,396.3522,396.3522,495.4402,495.4402,495.4402,4.000000,4.000000,5.000000,5.000000,5.000000,96.000000,96.000000,95.000000,95.000000,95.000000,5.0,2279.0250,2079.2952,7629.7792,7829.509,PENDING_AG03,FALSE,NOT_FOR_ENFORCEMENT,9512.4520,125321.4690,9908.8042,9512.4520,396.3522,0.06762687,0.06492179,396.3522,9512.4520,0.06492179,396.3522,396.3522,495.4402,495.4402,495.4402,9512.4520,0.06492179,2279.0250,2079.2952,7629.7792,7829.509,0.05207269,0.05343583,0.00270507,151.9935,139.4692,10.5863,152.4431,22.3171,2254.1801,14.4000,175.9468,137.7798,29.6291,128.4258,256.8515,258.1778,514.3107,777.7133,102.8621,0.0,4.004732,6.055743,1.183512,29,129,8,3,0.43109585,0.06762687,0.04731611,0E-8,0.000000,0.890948,0.000000,0.03570155,2026-03-24,2026-08-06,65,444,384,136,0.477941,1.277014,1.157594,1.436986,,,,,,,,GLOBAL_BASELINE_NO_ENTITY_RANKING,,,NOT_APPLICABLE_GLOBAL_BASELINE,HF9g-P5,,,,X 全窗基线 · 不参与实体赏罚,15058213,1506,A168_HF9F_20260827_0900,2026-08-27 09:00:00
2026-07-23,122817705,-1,1,1760.7724679212,207.5749361010,207.5749361010,0.5000000,7,7,0.49899058571428571,0.498990585714,0.004945109955477372,0.0049451099568770685,0.004945109955477372,2.8571E-13,SENTINEL_DEALER,R03b_20260811_FULL_v1,L1_ELIGIBILITY,v2026-08-11,2026-03-21..2026-08-06,baccarat_bet02_101_all_pairs_incl_sentinel,round_win = game_pnl > 0 (decisive only),COMPATIBILITY_ONLY_NOT_PRODUCTION,146521.7074,130543.1969,9908.8042,964,936,-0.06762687,-0.04731611,-0.08301766,-0.06762687,-9908.8042,146521.7074,OK,0.0000,396.3522,4.0000,96.0000,AG03-UNRESOLVED,ALL5_LEVELS_bet23_to_bet27,396.3522,396.3522,495.4402,495.4402,495.4402,4.000000,4.000000,5.000000,5.000000,5.000000,96.000000,96.000000,95.000000,95.000000,95.000000,5.0,2279.0250,2079.2952,7629.7792,7829.509,PENDING_AG03,FALSE,NOT_FOR_ENFORCEMENT,9512.4520,125321.4690,9908.8042,9512.4520,396.3522,0.06762687,0.06492179,396.3522,9512.4520,0.06492179,396.3522,396.3522,495.4402,495.4402,495.4402,9512.4520,0.06492179,2279.0250,2079.2952,7629.7792,7829.509,0.05207269,0.05343583,0.00270507,151.9935,139.4692,10.5863,152.4431,22.3171,2254.1801,14.4000,175.9468,137.7798,29.6291,128.4258,256.8515,258.1778,514.3107,777.7133,102.8621,0.0,4.004732,6.055743,1.183512,29,129,8,3,0.43109585,0.06762687,0.04731611,0E-8,0.000000,0.890948,0.000000,0.03570155,2026-03-24,2026-08-06,65,444,384,136,0.477941,1.277014,1.157594,1.436986,,,,,,,,GLOBAL_BASELINE_NO_ENTITY_RANKING,,,NOT_APPLICABLE_GLOBAL_BASELINE,HF9g-P5,,,,X 全窗基线 · 不参与实体赏罚,15058214,1506,A168_HF9F_20260827_0900,2026-08-27 09:00:00
2026-07-23,122817705,1115,0,516.3555624402,-516.3555624402,-516.3555624402,0E-7,2,2,0.49994810000000000,0.499948100000,-1.4140667746232096,-1.4140667746232096,-1.4140667746232096,0E-17,ELIGIBLE,R03b_20260811_FULL_v1,L1_ELIGIBILITY,v2026-08-11,2026-03-21..2026-08-06,baccarat_bet02_101_all_pairs_incl_sentinel,round_win = game_pnl > 0 (decisive only),COMPATIBILITY_ONLY_NOT_PRODUCTION,146521.7074,130543.1969,9908.8042,964,936,-0.06762687,-0.04731611,-0.08301766,-0.06762687,-9908.8042,146521.7074,OK,0.0000,396.3522,4.0000,96.0000,AG03-UNRESOLVED,ALL5_LEVELS_bet23_to_bet27,396.3522,396.3522,495.4402,495.4402,495.4402,4.000000,4.000000,5.000000,5.000000,5.000000,96.000000,96.000000,95.000000,95.000000,95.000000,5.0,2279.0250,2079.2952,7629.7792,7829.509,PENDING_AG03,FALSE,NOT_FOR_ENFORCEMENT,9512.4520,125321.4690,9908.8042,9512.4520,396.3522,0.06762687,0.06492179,396.3522,9512.4520,0.06492179,396.3522,396.3522,495.4402,495.4402,495.4402,9512.4520,0.06492179,2279.0250,2079.2952,7629.7792,7829.509,0.05207269,0.05343583,0.00270507,151.9935,139.4692,10.5863,152.4431,22.3171,2254.1801,14.4000,175.9468,137.7798,29.6291,128.4258,256.8515,258.1778,514.3107,777.7133,102.8621,0.0,4.004732,6.055743,1.183512,29,129,8,3,0.43109585,0.06762687,0.04731611,0E-8,0.000000,0.890948,0.000000,0.03570155,2026-03-24,2026-08-06,65,444,384,136,0.477941,1.277014,1.157594,1.436986,,,,,,,,GLOBAL_BASELINE_NO_ENTITY_RANKING,,,NOT_APPLICABLE_GLOBAL_BASELINE,HF9g-P5,,,,X 全窗基线 · 不参与实体赏罚,15058215,1506,A168_HF9F_20260827_0900,2026-08-27 09:00:00
2026-07-23,122817705,2093,0,258.1777812201,-258.1777812201,-258.1777812201,0E-7,1,1,0.50665070000000000,0.506650700000,-1.013391052207602,-1.013391052207602,-1.013391052207602,0E-17,ELIGIBLE,R03b_20260811_FULL_v1,L1_ELIGIBILITY,v2026-08-11,2026-03-21..2026-08-06,baccarat_bet02_101_all_pairs_incl_sentinel,round_win = game_pnl > 0 (decisive only),COMPATIBILITY_ONLY_NOT_PRODUCTION,146521.7074,130543.1969,9908.8042,964,936,-0.06762687,-0.04731611,-0.08301766,-0.06762687,-9908.8042,146521.7074,OK,0.0000,396.3522,4.0000,96.0000,AG03-UNRESOLVED,ALL5_LEVELS_bet23_to_bet27,396.3522,396.3522,495.4402,495.4402,495.4402,4.000000,4.000000,5.000000,5.000000,5.000000,96.000000,96.000000,95.000000,95.000000,95.000000,5.0,2279.0250,2079.2952,7629.7792,7829.509,PENDING_AG03,FALSE,NOT_FOR_ENFORCEMENT,9512.4520,125321.4690,9908.8042,9512.4520,396.3522,0.06762687,0.06492179,396.3522,9512.4520,0.06492179,396.3522,396.3522,495.4402,495.4402,495.4402,9512.4520,0.06492179,2279.0250,2079.2952,7629.7792,7829.509,0.05207269,0.05343583,0.00270507,151.9935,139.4692,10.5863,152.4431,22.3171,2254.1801,14.4000,175.9468,137.7798,29.6291,128.4258,256.8515,258.1778,514.3107,777.7133,102.8621,0.0,4.004732,6.055743,1.183512,29,129,8,3,0.43109585,0.06762687,0.04731611,0E-8,0.000000,0.890948,0.000000,0.03570155,2026-03-24,2026-08-06,65,444,384,136,0.477941,1.277014,1.157594,1.436986,,,,,,,,GLOBAL_BASELINE_NO_ENTITY_RANKING,,,NOT_APPLICABLE_GLOBAL_BASELINE,HF9g-P5,,,,X 全窗基线 · 不参与实体赏罚,15058216,1506,A168_HF9F_20260827_0900,2026-08-27 09:00:00
2026-07-23,122817705,2153,0,1290.8889061007,-787.4422327215,-787.4422327215,0.5000000,2,2,0.50665070000000000,0.506650700000,-0.018812684590367487,-0.018812684590367487,-0.018812684590367487,0E-17,ELIGIBLE,R03b_20260811_FULL_v1,L1_ELIGIBILITY,v2026-08-11,2026-03-21..2026-08-06,baccarat_bet02_101_all_pairs_incl_sentinel,round_win = game_pnl > 0 (decisive only),COMPATIBILITY_ONLY_NOT_PRODUCTION,146521.7074,130543.1969,9908.8042,964,936,-0.06762687,-0.04731611,-0.08301766,-0.06762687,-9908.8042,146521.7074,OK,0.0000,396.3522,4.0000,96.0000,AG03-UNRESOLVED,ALL5_LEVELS_bet23_to_bet27,396.3522,396.3522,495.4402,495.4402,495.4402,4.000000,4.000000,5.000000,5.000000,5.000000,96.000000,96.000000,95.000000,95.000000,95.000000,5.0,2279.0250,2079.2952,7629.7792,7829.509,PENDING_AG03,FALSE,NOT_FOR_ENFORCEMENT,9512.4520,125321.4690,9908.8042,9512.4520,396.3522,0.06762687,0.06492179,396.3522,9512.4520,0.06492179,396.3522,396.3522,495.4402,495.4402,495.4402,9512.4520,0.06492179,2279.0250,2079.2952,7629.7792,7829.509,0.05207269,0.05343583,0.00270507,151.9935,139.4692,10.5863,152.4431,22.3171,2254.1801,14.4000,175.9468,137.7798,29.6291,128.4258,256.8515,258.1778,514.3107,777.7133,102.8621,0.0,4.004732,6.055743,1.183512,29,129,8,3,0.43109585,0.06762687,0.04731611,0E-8,0.000000,0.890948,0.000000,0.03570155,2026-03-24,2026-08-06,65,444,384,136,0.477941,1.277014,1.157594,1.436986,,,,,,,,GLOBAL_BASELINE_NO_ENTITY_RANKING,,,NOT_APPLICABLE_GLOBAL_BASELINE,HF9g-P5,,,,X 全窗基线 · 不参与实体赏罚,15058217,1506,A168_HF9F_20260827_0900,2026-08-27 09:00:00
2026-07-23,122817705,2220,0,258.1777812201,-258.1777812201,-258.1777812201,0E-7,1,1,0.50665070000000000,0.506650700000,-1.013391052207602,-1.013391052207602,-1.013391052207602,0E-17,ELIGIBLE,R03b_20260811_FULL_v1,L1_ELIGIBILITY,v2026-08-11,2026-03-21..2026-08-06,baccarat_bet02_101_all_pairs_incl_sentinel,round_win = game_pnl > 0 (decisive only),COMPATIBILITY_ONLY_NOT_PRODUCTION,146521.7074,130543.1969,9908.8042,964,936,-0.06762687,-0.04731611,-0.08301766,-0.06762687,-9908.8042,146521.7074,OK,0.0000,396.3522,4.0000,96.0000,AG03-UNRESOLVED,ALL5_LEVELS_bet23_to_bet27,396.3522,396.3522,495.4402,495.4402,495.4402,4.000000,4.000000,5.000000,5.000000,5.000000,96.000000,96.000000,95.000000,95.000000,95.000000,5.0,2279.0250,2079.2952,7629.7792,7829.509,PENDING_AG03,FALSE,NOT_FOR_ENFORCEMENT,9512.4520,125321.4690,9908.8042,9512.4520,396.3522,0.06762687,0.06492179,396.3522,9512.4520,0.06492179,396.3522,396.3522,495.4402,495.4402,495.4402,9512.4520,0.06492179,2279.0250,2079.2952,7629.7792,7829.509,0.05207269,0.05343583,0.00270507,151.9935,139.4692,10.5863,152.4431,22.3171,2254.1801,14.4000,175.9468,137.7798,29.6291,128.4258,256.8515,258.1778,514.3107,777.7133,102.8621,0.0,4.004732,6.055743,1.183512,29,129,8,3,0.43109585,0.06762687,0.04731611,0E-8,0.000000,0.890948,0.000000,0.03570155,2026-03-24,2026-08-06,65,444,384,136,0.477941,1.277014,1.157594,1.436986,,,,,,,,GLOBAL_BASELINE_NO_ENTITY_RANKING,,,NOT_APPLICABLE_GLOBAL_BASELINE,HF9g-P5,,,,X 全窗基线 · 不参与实体赏罚,15058218,1506,A168_HF9F_20260827_0900,2026-08-27 09:00:00
2026-07-24,122817705,-1,1,129.0888906101,-129.0888906101,-129.0888906101,0E-7,1,1,0.50665070000000000,0.506650700000,-1.013391052207602,-1.013391052207602,-1.013391052207602,0E-17,SENTINEL_DEALER,R03b_20260811_FULL_v1,L1_ELIGIBILITY,v2026-08-11,2026-03-21..2026-08-06,baccarat_bet02_101_all_pairs_incl_sentinel,round_win = game_pnl > 0 (decisive only),COMPATIBILITY_ONLY_NOT_PRODUCTION,146521.7074,130543.1969,9908.8042,964,936,-0.06762687,-0.04731611,-0.08301766,-0.06762687,-9908.8042,146521.7074,OK,0.0000,396.3522,4.0000,96.0000,AG03-UNRESOLVED,ALL5_LEVELS_bet23_to_bet27,396.3522,396.3522,495.4402,495.4402,495.4402,4.000000,4.000000,5.000000,5.000000,5.000000,96.000000,96.000000,95.000000,95.000000,95.000000,5.0,2279.0250,2079.2952,7629.7792,7829.509,PENDING_AG03,FALSE,NOT_FOR_ENFORCEMENT,9512.4520,125321.4690,9908.8042,9512.4520,396.3522,0.06762687,0.06492179,396.3522,9512.4520,0.06492179,396.3522,396.3522,495.4402,495.4402,495.4402,9512.4520,0.06492179,2279.0250,2079.2952,7629.7792,7829.509,0.05207269,0.05343583,0.00270507,151.9935,139.4692,10.5863,152.4431,22.3171,2254.1801,14.4000,175.9468,137.7798,29.6291,128.4258,256.8515,258.1778,514.3107,777.7133,102.8621,0.0,4.004732,6.055743,1.183512,29,129,8,3,0.43109585,0.06762687,0.04731611,0E-8,0.000000,0.890948,0.000000,0.03570155,2026-03-24,2026-08-06,65,444,384,136,0.477941,1.277014,1.157594,1.436986,,,,,,,,GLOBAL_BASELINE_NO_ENTITY_RANKING,,,NOT_APPLICABLE_GLOBAL_BASELINE,HF9g-P5,,,,X 全窗基线 · 不参与实体赏罚,15058219,1506,A168_HF9F_20260827_0900,2026-08-27 09:00:00
2026-07-24,122817705,1210,0,361.4488937082,258.1777812202,258.1777812202,0.5000000,2,2,0.49324550000000000,0.493245500000,0.01910635448239258,0.01910635448239258,0.01910635448239258,0E-17,ELIGIBLE,R03b_20260811_FULL_v1,L1_ELIGIBILITY,v2026-08-11,2026-03-21..2026-08-06,baccarat_bet02_101_all_pairs_incl_sentinel,round_win = game_pnl > 0 (decisive only),COMPATIBILITY_ONLY_NOT_PRODUCTION,146521.7074,130543.1969,9908.8042,964,936,-0.06762687,-0.04731611,-0.08301766,-0.06762687,-9908.8042,146521.7074,OK,0.0000,396.3522,4.0000,96.0000,AG03-UNRESOLVED,ALL5_LEVELS_bet23_to_bet27,396.3522,396.3522,495.4402,495.4402,495.4402,4.000000,4.000000,5.000000,5.000000,5.000000,96.000000,96.000000,95.000000,95.000000,95.000000,5.0,2279.0250,2079.2952,7629.7792,7829.509,PENDING_AG03,FALSE,NOT_FOR_ENFORCEMENT,9512.4520,125321.4690,9908.8042,9512.4520,396.3522,0.06762687,0.06492179,396.3522,9512.4520,0.06492179,396.3522,396.3522,495.4402,495.4402,495.4402,9512.4520,0.06492179,2279.0250,2079.2952,7629.7792,7829.509,0.05207269,0.05343583,0.00270507,151.9935,139.4692,10.5863,152.4431,22.3171,2254.1801,14.4000,175.9468,137.7798,29.6291,128.4258,256.8515,258.1778,514.3107,777.7133,102.8621,0.0,4.004732,6.055743,1.183512,29,129,8,3,0.43109585,0.06762687,0.04731611,0E-8,0.000000,0.890948,0.000000,0.03570155,2026-03-24,2026-08-06,65,444,384,136,0.477941,1.277014,1.157594,1.436986,,,,,,,,GLOBAL_BASELINE_NO_ENTITY_RANKING,,,NOT_APPLICABLE_GLOBAL_BASELINE,HF9g-P5,,,,X 全窗基线 · 不参与实体赏罚,15058220,1506,A168_HF9F_20260827_0900,2026-08-27 09:00:00
2026-07-24,122817705,1623,0,170.3973356053,-15.4906668732,-15.4906668732,0.5000000,3,3,0.49771390000000000,0.497713900000,0.006466134837551399,0.0064661348375514,0.006466134837551399,0E-17,ELIGIBLE,R03b_20260811_FULL_v1,L1_ELIGIBILITY,v2026-08-11,2026-03-21..2026-08-06,baccarat_bet02_101_all_pairs_incl_sentinel,round_win = game_pnl > 0 (decisive only),COMPATIBILITY_ONLY_NOT_PRODUCTION,146521.7074,130543.1969,9908.8042,964,936,-0.06762687,-0.04731611,-0.08301766,-0.06762687,-9908.8042,146521.7074,OK,0.0000,396.3522,4.0000,96.0000,AG03-UNRESOLVED,ALL5_LEVELS_bet23_to_bet27,396.3522,396.3522,495.4402,495.4402,495.4402,4.000000,4.000000,5.000000,5.000000,5.000000,96.000000,96.000000,95.000000,95.000000,95.000000,5.0,2279.0250,2079.2952,7629.7792,7829.509,PENDING_AG03,FALSE,NOT_FOR_ENFORCEMENT,9512.4520,125321.4690,9908.8042,9512.4520,396.3522,0.06762687,0.06492179,396.3522,9512.4520,0.06492179,396.3522,396.3522,495.4402,495.4402,495.4402,9512.4520,0.06492179,2279.0250,2079.2952,7629.7792,7829.509,0.05207269,0.05343583,0.00270507,151.9935,139.4692,10.5863,152.4431,22.3171,2254.1801,14.4000,175.9468,137.7798,29.6291,128.4258,256.8515,258.1778,514.3107,777.7133,102.8621,0.0,4.004732,6.055743,1.183512,29,129,8,3,0.43109585,0.06762687,0.04731611,0E-8,0.000000,0.890948,0.000000,0.03570155,2026-03-24,2026-08-06,65,444,384,136,0.477941,1.277014,1.157594,1.436986,,,,,,,,GLOBAL_BASELINE_NO_ENTITY_RANKING,,,NOT_APPLICABLE_GLOBAL_BASELINE,HF9g-P5,,,,X 全窗基线 · 不参与实体赏罚,15058221,1506,A168_HF9F_20260827_0900,2026-08-27 09:00:00
2026-07-24,122817705,2141,0,258.1777812201,245.2688921591,245.2688921591,1.0000000,1,1,0.50665070000000000,0.506650700000,0.9867858985152569,0.9867858985152569,0.9867858985152569,0E-17,ELIGIBLE,R03b_20260811_FULL_v1,L1_ELIGIBILITY,v2026-08-11,2026-03-21..2026-08-06,baccarat_bet02_101_all_pairs_incl_sentinel,round_win = game_pnl > 0 (decisive only),COMPATIBILITY_ONLY_NOT_PRODUCTION,146521.7074,130543.1969,9908.8042,964,936,-0.06762687,-0.04731611,-0.08301766,-0.06762687,-9908.8042,146521.7074,OK,0.0000,396.3522,4.0000,96.0000,AG03-UNRESOLVED,ALL5_LEVELS_bet23_to_bet27,396.3522,396.3522,495.4402,495.4402,495.4402,4.000000,4.000000,5.000000,5.000000,5.000000,96.000000,96.000000,95.000000,95.000000,95.000000,5.0,2279.0250,2079.2952,7629.7792,7829.509,PENDING_AG03,FALSE,NOT_FOR_ENFORCEMENT,9512.4520,125321.4690,9908.8042,9512.4520,396.3522,0.06762687,0.06492179,396.3522,9512.4520,0.06492179,396.3522,396.3522,495.4402,495.4402,495.4402,9512.4520,0.06492179,2279.0250,2079.2952,7629.7792,7829.509,0.05207269,0.05343583,0.00270507,151.9935,139.4692,10.5863,152.4431,22.3171,2254.1801,14.4000,175.9468,137.7798,29.6291,128.4258,256.8515,258.1778,514.3107,777.7133,102.8621,0.0,4.004732,6.055743,1.183512,29,129,8,3,0.43109585,0.06762687,0.04731611,0E-8,0.000000,0.890948,0.000000,0.03570155,2026-03-24,2026-08-06,65,444,384,136,0.477941,1.277014,1.157594,1.436986,,,,,,,,GLOBAL_BASELINE_NO_ENTITY_RANKING,,,NOT_APPLICABLE_GLOBAL_BASELINE,HF9g-P5,,,,X 全窗基线 · 不参与实体赏罚,15058222,1506,A168_HF9F_20260827_0900,2026-08-27 09:00:00
2026-07-24,122817705,2169,0,1006.8933467585,516.3555624403,516.3555624403,0.6666667,3,3,0.49771390000000000,0.497713900000,0.5852756695216578,0.5852756695216578,0.5852756695216578,0E-17,ELIGIBLE,R03b_20260811_FULL_v1,L1_ELIGIBILITY,v2026-08-11,2026-03-21..2026-08-06,baccarat_bet02_101_all_pairs_incl_sentinel,round_win = game_pnl > 0 (decisive only),COMPATIBILITY_ONLY_NOT_PRODUCTION,146521.7074,130543.1969,9908.8042,964,936,-0.06762687,-0.04731611,-0.08301766,-0.06762687,-9908.8042,146521.7074,OK,0.0000,396.3522,4.0000,96.0000,AG03-UNRESOLVED,ALL5_LEVELS_bet23_to_bet27,396.3522,396.3522,495.4402,495.4402,495.4402,4.000000,4.000000,5.000000,5.000000,5.000000,96.000000,96.000000,95.000000,95.000000,95.000000,5.0,2279.0250,2079.2952,7629.7792,7829.509,PENDING_AG03,FALSE,NOT_FOR_ENFORCEMENT,9512.4520,125321.4690,9908.8042,9512.4520,396.3522,0.06762687,0.06492179,396.3522,9512.4520,0.06492179,396.3522,396.3522,495.4402,495.4402,495.4402,9512.4520,0.06492179,2279.0250,2079.2952,7629.7792,7829.509,0.05207269,0.05343583,0.00270507,151.9935,139.4692,10.5863,152.4431,22.3171,2254.1801,14.4000,175.9468,137.7798,29.6291,128.4258,256.8515,258.1778,514.3107,777.7133,102.8621,0.0,4.004732,6.055743,1.183512,29,129,8,3,0.43109585,0.06762687,0.04731611,0E-8,0.000000,0.890948,0.000000,0.03570155,2026-03-24,2026-08-06,65,444,384,136,0.477941,1.277014,1.157594,1.436986,,,,,,,,GLOBAL_BASELINE_NO_ENTITY_RANKING,,,NOT_APPLICABLE_GLOBAL_BASELINE,HF9g-P5,,,,X 全窗基线 · 不参与实体赏罚,15058223,1506,A168_HF9F_20260827_0900,2026-08-27 09:00:00
2026-07-24,122817705,2235,0,271.0866702811,232.3600030981,232.3600030981,0.5000000,2,2,0.49994810000000000,0.499948100000,0.00014679536856514622,0.00014679536856514622,0.00014679536856514622,0E-17,ELIGIBLE,R03b_20260811_FULL_v1,L1_ELIGIBILITY,v2026-08-11,2026-03-21..2026-08-06,baccarat_bet02_101_all_pairs_incl_sentinel,round_win = game_pnl > 0 (decisive only),COMPATIBILITY_ONLY_NOT_PRODUCTION,146521.7074,130543.1969,9908.8042,964,936,-0.06762687,-0.04731611,-0.08301766,-0.06762687,-9908.8042,146521.7074,OK,0.0000,396.3522,4.0000,96.0000,AG03-UNRESOLVED,ALL5_LEVELS_bet23_to_bet27,396.3522,396.3522,495.4402,495.4402,495.4402,4.000000,4.000000,5.000000,5.000000,5.000000,96.000000,96.000000,95.000000,95.000000,95.000000,5.0,2279.0250,2079.2952,7629.7792,7829.509,PENDING_AG03,FALSE,NOT_FOR_ENFORCEMENT,9512.4520,125321.4690,9908.8042,9512.4520,396.3522,0.06762687,0.06492179,396.3522,9512.4520,0.06492179,396.3522,396.3522,495.4402,495.4402,495.4402,9512.4520,0.06492179,2279.0250,2079.2952,7629.7792,7829.509,0.05207269,0.05343583,0.00270507,151.9935,139.4692,10.5863,152.4431,22.3171,2254.1801,14.4000,175.9468,137.7798,29.6291,128.4258,256.8515,258.1778,514.3107,777.7133,102.8621,0.0,4.004732,6.055743,1.183512,29,129,8,3,0.43109585,0.06762687,0.04731611,0E-8,0.000000,0.890948,0.000000,0.03570155,2026-03-24,2026-08-06,65,444,384,136,0.477941,1.277014,1.157594,1.436986,,,,,,,,GLOBAL_BASELINE_NO_ENTITY_RANKING,,,NOT_APPLICABLE_GLOBAL_BASELINE,HF9g-P5,,,,X 全窗基线 · 不参与实体赏罚,15058224,1506,A168_HF9F_20260827_0900,2026-08-27 09:00:00
2026-07-24,122817705,462,0,260.7595590324,-2.5817778122,-2.5817778122,0.5000000,2,2,0.49324550000000000,0.493245500000,0.01910635448239258,0.01910635448239258,0.01910635448239258,0E-17,ELIGIBLE,R03b_20260811_FULL_v1,L1_ELIGIBILITY,v2026-08-11,2026-03-21..2026-08-06,baccarat_bet02_101_all_pairs_incl_sentinel,round_win = game_pnl > 0 (decisive only),COMPATIBILITY_ONLY_NOT_PRODUCTION,146521.7074,130543.1969,9908.8042,964,936,-0.06762687,-0.04731611,-0.08301766,-0.06762687,-9908.8042,146521.7074,OK,0.0000,396.3522,4.0000,96.0000,AG03-UNRESOLVED,ALL5_LEVELS_bet23_to_bet27,396.3522,396.3522,495.4402,495.4402,495.4402,4.000000,4.000000,5.000000,5.000000,5.000000,96.000000,96.000000,95.000000,95.000000,95.000000,5.0,2279.0250,2079.2952,7629.7792,7829.509,PENDING_AG03,FALSE,NOT_FOR_ENFORCEMENT,9512.4520,125321.4690,9908.8042,9512.4520,396.3522,0.06762687,0.06492179,396.3522,9512.4520,0.06492179,396.3522,396.3522,495.4402,495.4402,495.4402,9512.4520,0.06492179,2279.0250,2079.2952,7629.7792,7829.509,0.05207269,0.05343583,0.00270507,151.9935,139.4692,10.5863,152.4431,22.3171,2254.1801,14.4000,175.9468,137.7798,29.6291,128.4258,256.8515,258.1778,514.3107,777.7133,102.8621,0.0,4.004732,6.055743,1.183512,29,129,8,3,0.43109585,0.06762687,0.04731611,0E-8,0.000000,0.890948,0.000000,0.03570155,2026-03-24,2026-08-06,65,444,384,136,0.477941,1.277014,1.157594,1.436986,,,,,,,,GLOBAL_BASELINE_NO_ENTITY_RANKING,,,NOT_APPLICABLE_GLOBAL_BASELINE,HF9g-P5,,,,X 全窗基线 · 不参与实体赏罚,15058225,1506,A168_HF9F_20260827_0900,2026-08-27 09:00:00
2026-07-24,122817705,550,0,129.0888906101,-129.0888906101,-129.0888906101,0E-7,1,1,0.49324550000000000,0.493245500000,-0.9865810262130424,-0.9865810262130424,-0.9865810262130424,0E-17,ELIGIBLE,R03b_20260811_FULL_v1,L1_ELIGIBILITY,v2026-08-11,2026-03-21..2026-08-06,baccarat_bet02_101_all_pairs_incl_sentinel,round_win = game_pnl > 0 (decisive only),COMPATIBILITY_ONLY_NOT_PRODUCTION,146521.7074,130543.1969,9908.8042,964,936,-0.06762687,-0.04731611,-0.08301766,-0.06762687,-9908.8042,146521.7074,OK,0.0000,396.3522,4.0000,96.0000,AG03-UNRESOLVED,ALL5_LEVELS_bet23_to_bet27,396.3522,396.3522,495.4402,495.4402,495.4402,4.000000,4.000000,5.000000,5.000000,5.000000,96.000000,96.000000,95.000000,95.000000,95.000000,5.0,2279.0250,2079.2952,7629.7792,7829.509,PENDING_AG03,FALSE,NOT_FOR_ENFORCEMENT,9512.4520,125321.4690,9908.8042,9512.4520,396.3522,0.06762687,0.06492179,396.3522,9512.4520,0.06492179,396.3522,396.3522,495.4402,495.4402,495.4402,9512.4520,0.06492179,2279.0250,2079.2952,7629.7792,7829.509,0.05207269,0.05343583,0.00270507,151.9935,139.4692,10.5863,152.4431,22.3171,2254.1801,14.4000,175.9468,137.7798,29.6291,128.4258,256.8515,258.1778,514.3107,777.7133,102.8621,0.0,4.004732,6.055743,1.183512,29,129,8,3,0.43109585,0.06762687,0.04731611,0E-8,0.000000,0.890948,0.000000,0.03570155,2026-03-24,2026-08-06,65,444,384,136,0.477941,1.277014,1.157594,1.436986,,,,,,,,GLOBAL_BASELINE_NO_ENTITY_RANKING,,,NOT_APPLICABLE_GLOBAL_BASELINE,HF9g-P5,,,,X 全窗基线 · 不参与实体赏罚,15058226,1506,A168_HF9F_20260827_0900,2026-08-27 09:00:00
2026-07-24,122817705,627,0,77.4533343660,23.2360003098,23.2360003098,0.5000000,2,2,0.50665070000000000,0.506650700000,-0.018812684590367487,-0.018812684590367487,-0.018812684590367487,0E-17,ELIGIBLE,R03b_20260811_FULL_v1,L1_ELIGIBILITY,v2026-08-11,2026-03-21..2026-08-06,baccarat_bet02_101_all_pairs_incl_sentinel,round_win = game_pnl > 0 (decisive only),COMPATIBILITY_ONLY_NOT_PRODUCTION,146521.7074,130543.1969,9908.8042,964,936,-0.06762687,-0.04731611,-0.08301766,-0.06762687,-9908.8042,146521.7074,OK,0.0000,396.3522,4.0000,96.0000,AG03-UNRESOLVED,ALL5_LEVELS_bet23_to_bet27,396.3522,396.3522,495.4402,495.4402,495.4402,4.000000,4.000000,5.000000,5.000000,5.000000,96.000000,96.000000,95.000000,95.000000,95.000000,5.0,2279.0250,2079.2952,7629.7792,7829.509,PENDING_AG03,FALSE,NOT_FOR_ENFORCEMENT,9512.4520,125321.4690,9908.8042,9512.4520,396.3522,0.06762687,0.06492179,396.3522,9512.4520,0.06492179,396.3522,396.3522,495.4402,495.4402,495.4402,9512.4520,0.06492179,2279.0250,2079.2952,7629.7792,7829.509,0.05207269,0.05343583,0.00270507,151.9935,139.4692,10.5863,152.4431,22.3171,2254.1801,14.4000,175.9468,137.7798,29.6291,128.4258,256.8515,258.1778,514.3107,777.7133,102.8621,0.0,4.004732,6.055743,1.183512,29,129,8,3,0.43109585,0.06762687,0.04731611,0E-8,0.000000,0.890948,0.000000,0.03570155,2026-03-24,2026-08-06,65,444,384,136,0.477941,1.277014,1.157594,1.436986,,,,,,,,GLOBAL_BASELINE_NO_ENTITY_RANKING,,,NOT_APPLICABLE_GLOBAL_BASELINE,HF9g-P5,,,,X 全窗基线 · 不参与实体赏罚,15058227,1506,A168_HF9F_20260827_0900,2026-08-27 09:00:00
2026-07-24,122817705,948,0,258.1777812201,-258.1777812201,-258.1777812201,0E-7,1,1,0.49324550000000000,0.493245500000,-0.9865810262130424,-0.9865810262130424,-0.9865810262130424,0E-17,ELIGIBLE,R03b_20260811_FULL_v1,L1_ELIGIBILITY,v2026-08-11,2026-03-21..2026-08-06,baccarat_bet02_101_all_pairs_incl_sentinel,round_win = game_pnl > 0 (decisive only),COMPATIBILITY_ONLY_NOT_PRODUCTION,146521.7074,130543.1969,9908.8042,964,936,-0.06762687,-0.04731611,-0.08301766,-0.06762687,-9908.8042,146521.7074,OK,0.0000,396.3522,4.0000,96.0000,AG03-UNRESOLVED,ALL5_LEVELS_bet23_to_bet27,396.3522,396.3522,495.4402,495.4402,495.4402,4.000000,4.000000,5.000000,5.000000,5.000000,96.000000,96.000000,95.000000,95.000000,95.000000,5.0,2279.0250,2079.2952,7629.7792,7829.509,PENDING_AG03,FALSE,NOT_FOR_ENFORCEMENT,9512.4520,125321.4690,9908.8042,9512.4520,396.3522,0.06762687,0.06492179,396.3522,9512.4520,0.06492179,396.3522,396.3522,495.4402,495.4402,495.4402,9512.4520,0.06492179,2279.0250,2079.2952,7629.7792,7829.509,0.05207269,0.05343583,0.00270507,151.9935,139.4692,10.5863,152.4431,22.3171,2254.1801,14.4000,175.9468,137.7798,29.6291,128.4258,256.8515,258.1778,514.3107,777.7133,102.8621,0.0,4.004732,6.055743,1.183512,29,129,8,3,0.43109585,0.06762687,0.04731611,0E-8,0.000000,0.890948,0.000000,0.03570155,2026-03-24,2026-08-06,65,444,384,136,0.477941,1.277014,1.157594,1.436986,,,,,,,,GLOBAL_BASELINE_NO_ENTITY_RANKING,,,NOT_APPLICABLE_GLOBAL_BASELINE,HF9g-P5,,,,X 全窗基线 · 不参与实体赏罚,15058228,1506,A168_HF9F_20260827_0900,2026-08-27 09:00:00
2026-07-25,122817705,-1,1,1603.0258435958,-738.1302765084,-738.1302765084,0.6250000,8,8,0.50162375000000000,0.501623750000,0.6979251443573454,0.6979251443573454,0.6979251443573454,0E-17,SENTINEL_DEALER,R03b_20260811_FULL_v1,L1_ELIGIBILITY,v2026-08-11,2026-03-21..2026-08-06,baccarat_bet02_101_all_pairs_incl_sentinel,round_win = game_pnl > 0 (decisive only),COMPATIBILITY_ONLY_NOT_PRODUCTION,146521.7074,130543.1969,9908.8042,964,936,-0.06762687,-0.04731611,-0.08301766,-0.06762687,-9908.8042,146521.7074,OK,0.0000,396.3522,4.0000,96.0000,AG03-UNRESOLVED,ALL5_LEVELS_bet23_to_bet27,396.3522,396.3522,495.4402,495.4402,495.4402,4.000000,4.000000,5.000000,5.000000,5.000000,96.000000,96.000000,95.000000,95.000000,95.000000,5.0,2279.0250,2079.2952,7629.7792,7829.509,PENDING_AG03,FALSE,NOT_FOR_ENFORCEMENT,9512.4520,125321.4690,9908.8042,9512.4520,396.3522,0.06762687,0.06492179,396.3522,9512.4520,0.06492179,396.3522,396.3522,495.4402,495.4402,495.4402,9512.4520,0.06492179,2279.0250,2079.2952,7629.7792,7829.509,0.05207269,0.05343583,0.00270507,151.9935,139.4692,10.5863,152.4431,22.3171,2254.1801,14.4000,175.9468,137.7798,29.6291,128.4258,256.8515,258.1778,514.3107,777.7133,102.8621,0.0,4.004732,6.055743,1.183512,29,129,8,3,0.43109585,0.06762687,0.04731611,0E-8,0.000000,0.890948,0.000000,0.03570155,2026-03-24,2026-08-06,65,444,384,136,0.477941,1.277014,1.157594,1.436986,,,,,,,,GLOBAL_BASELINE_NO_ENTITY_RANKING,,,NOT_APPLICABLE_GLOBAL_BASELINE,HF9g-P5,,,,X 全窗基线 · 不参与实体赏罚,15058229,1506,A168_HF9F_20260827_0900,2026-08-27 09:00:00
2026-07-25,122817705,1318,0,141.9977796711,141.3523352181,141.3523352181,1.0000000,2,2,0.49994810000000000,0.499948100000,1.4143603653603398,1.4143603653603398,1.4143603653603398,0E-17,ELIGIBLE,R03b_20260811_FULL_v1,L1_ELIGIBILITY,v2026-08-11,2026-03-21..2026-08-06,baccarat_bet02_101_all_pairs_incl_sentinel,round_win = game_pnl > 0 (decisive only),COMPATIBILITY_ONLY_NOT_PRODUCTION,146521.7074,130543.1969,9908.8042,964,936,-0.06762687,-0.04731611,-0.08301766,-0.06762687,-9908.8042,146521.7074,OK,0.0000,396.3522,4.0000,96.0000,AG03-UNRESOLVED,ALL5_LEVELS_bet23_to_bet27,396.3522,396.3522,495.4402,495.4402,495.4402,4.000000,4.000000,5.000000,5.000000,5.000000,96.000000,96.000000,95.000000,95.000000,95.000000,5.0,2279.0250,2079.2952,7629.7792,7829.509,PENDING_AG03,FALSE,NOT_FOR_ENFORCEMENT,9512.4520,125321.4690,9908.8042,9512.4520,396.3522,0.06762687,0.06492179,396.3522,9512.4520,0.06492179,396.3522,396.3522,495.4402,495.4402,495.4402,9512.4520,0.06492179,2279.0250,2079.2952,7629.7792,7829.509,0.05207269,0.05343583,0.00270507,151.9935,139.4692,10.5863,152.4431,22.3171,2254.1801,14.4000,175.9468,137.7798,29.6291,128.4258,256.8515,258.1778,514.3107,777.7133,102.8621,0.0,4.004732,6.055743,1.183512,29,129,8,3,0.43109585,0.06762687,0.04731611,0E-8,0.000000,0.890948,0.000000,0.03570155,2026-03-24,2026-08-06,65,444,384,136,0.477941,1.277014,1.157594,1.436986,,,,,,,,GLOBAL_BASELINE_NO_ENTITY_RANKING,,,NOT_APPLICABLE_GLOBAL_BASELINE,HF9g-P5,,,,X 全窗基线 · 不参与实体赏罚,15058230,1506,A168_HF9F_20260827_0900,2026-08-27 09:00:00
2026-07-25,122817705,2256,0,116.1800015491,110.3710014716,110.3710014716,1.0000000,2,2,0.50665070000000000,0.506650700000,1.3955260008387969,1.3955260008387969,1.3955260008387969,0E-17,ELIGIBLE,R03b_20260811_FULL_v1,L1_ELIGIBILITY,v2026-08-11,2026-03-21..2026-08-06,baccarat_bet02_101_all_pairs_incl_sentinel,round_win = game_pnl > 0 (decisive only),COMPATIBILITY_ONLY_NOT_PRODUCTION,146521.7074,130543.1969,9908.8042,964,936,-0.06762687,-0.04731611,-0.08301766,-0.06762687,-9908.8042,146521.7074,OK,0.0000,396.3522,4.0000,96.0000,AG03-UNRESOLVED,ALL5_LEVELS_bet23_to_bet27,396.3522,396.3522,495.4402,495.4402,495.4402,4.000000,4.000000,5.000000,5.000000,5.000000,96.000000,96.000000,95.000000,95.000000,95.000000,5.0,2279.0250,2079.2952,7629.7792,7829.509,PENDING_AG03,FALSE,NOT_FOR_ENFORCEMENT,9512.4520,125321.4690,9908.8042,9512.4520,396.3522,0.06762687,0.06492179,396.3522,9512.4520,0.06492179,396.3522,396.3522,495.4402,495.4402,495.4402,9512.4520,0.06492179,2279.0250,2079.2952,7629.7792,7829.509,0.05207269,0.05343583,0.00270507,151.9935,139.4692,10.5863,152.4431,22.3171,2254.1801,14.4000,175.9468,137.7798,29.6291,128.4258,256.8515,258.1778,514.3107,777.7133,102.8621,0.0,4.004732,6.055743,1.183512,29,129,8,3,0.43109585,0.06762687,0.04731611,0E-8,0.000000,0.890948,0.000000,0.03570155,2026-03-24,2026-08-06,65,444,384,136,0.477941,1.277014,1.157594,1.436986,,,,,,,,GLOBAL_BASELINE_NO_ENTITY_RANKING,,,NOT_APPLICABLE_GLOBAL_BASELINE,HF9g-P5,,,,X 全窗基线 · 不参与实体赏罚,15058231,1506,A168_HF9F_20260827_0900,2026-08-27 09:00:00
2026-07-25,122817705,526,0,263.3413368445,-263.3413368445,-263.3413368445,0E-7,3,3,0.50665070000000000,0.506650700000,-1.7552447903592512,-1.7552447903592512,-1.7552447903592512,0E-17,ELIGIBLE,R03b_20260811_FULL_v1,L1_ELIGIBILITY,v2026-08-11,2026-03-21..2026-08-06,baccarat_bet02_101_all_pairs_incl_sentinel,round_win = game_pnl > 0 (decisive only),COMPATIBILITY_ONLY_NOT_PRODUCTION,146521.7074,130543.1969,9908.8042,964,936,-0.06762687,-0.04731611,-0.08301766,-0.06762687,-9908.8042,146521.7074,OK,0.0000,396.3522,4.0000,96.0000,AG03-UNRESOLVED,ALL5_LEVELS_bet23_to_bet27,396.3522,396.3522,495.4402,495.4402,495.4402,4.000000,4.000000,5.000000,5.000000,5.000000,96.000000,96.000000,95.000000,95.000000,95.000000,5.0,2279.0250,2079.2952,7629.7792,7829.509,PENDING_AG03,FALSE,NOT_FOR_ENFORCEMENT,9512.4520,125321.4690,9908.8042,9512.4520,396.3522,0.06762687,0.06492179,396.3522,9512.4520,0.06492179,396.3522,396.3522,495.4402,495.4402,495.4402,9512.4520,0.06492179,2279.0250,2079.2952,7629.7792,7829.509,0.05207269,0.05343583,0.00270507,151.9935,139.4692,10.5863,152.4431,22.3171,2254.1801,14.4000,175.9468,137.7798,29.6291,128.4258,256.8515,258.1778,514.3107,777.7133,102.8621,0.0,4.004732,6.055743,1.183512,29,129,8,3,0.43109585,0.06762687,0.04731611,0E-8,0.000000,0.890948,0.000000,0.03570155,2026-03-24,2026-08-06,65,444,384,136,0.477941,1.277014,1.157594,1.436986,,,,,,,,GLOBAL_BASELINE_NO_ENTITY_RANKING,,,NOT_APPLICABLE_GLOBAL_BASELINE,HF9g-P5,,,,X 全窗基线 · 不参与实体赏罚,15058232,1506,A168_HF9F_20260827_0900,2026-08-27 09:00:00
2026-07-25,122817705,595,0,258.1777812201,-258.1777812201,-258.1777812201,0E-7,1,1,0.50665070000000000,0.506650700000,-1.013391052207602,-1.013391052207602,-1.013391052207602,0E-17,ELIGIBLE,R03b_20260811_FULL_v1,L1_ELIGIBILITY,v2026-08-11,2026-03-21..2026-08-06,baccarat_bet02_101_all_pairs_incl_sentinel,round_win = game_pnl > 0 (decisive only),COMPATIBILITY_ONLY_NOT_PRODUCTION,146521.7074,130543.1969,9908.8042,964,936,-0.06762687,-0.04731611,-0.08301766,-0.06762687,-9908.8042,146521.7074,OK,0.0000,396.3522,4.0000,96.0000,AG03-UNRESOLVED,ALL5_LEVELS_bet23_to_bet27,396.3522,396.3522,495.4402,495.4402,495.4402,4.000000,4.000000,5.000000,5.000000,5.000000,96.000000,96.000000,95.000000,95.000000,95.000000,5.0,2279.0250,2079.2952,7629.7792,7829.509,PENDING_AG03,FALSE,NOT_FOR_ENFORCEMENT,9512.4520,125321.4690,9908.8042,9512.4520,396.3522,0.06762687,0.06492179,396.3522,9512.4520,0.06492179,396.3522,396.3522,495.4402,495.4402,495.4402,9512.4520,0.06492179,2279.0250,2079.2952,7629.7792,7829.509,0.05207269,0.05343583,0.00270507,151.9935,139.4692,10.5863,152.4431,22.3171,2254.1801,14.4000,175.9468,137.7798,29.6291,128.4258,256.8515,258.1778,514.3107,777.7133,102.8621,0.0,4.004732,6.055743,1.183512,29,129,8,3,0.43109585,0.06762687,0.04731611,0E-8,0.000000,0.890948,0.000000,0.03570155,2026-03-24,2026-08-06,65,444,384,136,0.477941,1.277014,1.157594,1.436986,,,,,,,,GLOBAL_BASELINE_NO_ENTITY_RANKING,,,NOT_APPLICABLE_GLOBAL_BASELINE,HF9g-P5,,,,X 全窗基线 · 不参与实体赏罚,15058233,1506,A168_HF9F_20260827_0900,2026-08-27 09:00:00
2026-07-26,122817705,2287,0,77.4533343660,-27.1086670281,-27.1086670281,0.5000000,2,2,0.50665070000000000,0.506650700000,-0.018812684590367487,-0.018812684590367487,-0.018812684590367487,0E-17,ELIGIBLE,R03b_20260811_FULL_v1,L1_ELIGIBILITY,v2026-08-11,2026-03-21..2026-08-06,baccarat_bet02_101_all_pairs_incl_sentinel,round_win = game_pnl > 0 (decisive only),COMPATIBILITY_ONLY_NOT_PRODUCTION,146521.7074,130543.1969,9908.8042,964,936,-0.06762687,-0.04731611,-0.08301766,-0.06762687,-9908.8042,146521.7074,OK,0.0000,396.3522,4.0000,96.0000,AG03-UNRESOLVED,ALL5_LEVELS_bet23_to_bet27,396.3522,396.3522,495.4402,495.4402,495.4402,4.000000,4.000000,5.000000,5.000000,5.000000,96.000000,96.000000,95.000000,95.000000,95.000000,5.0,2279.0250,2079.2952,7629.7792,7829.509,PENDING_AG03,FALSE,NOT_FOR_ENFORCEMENT,9512.4520,125321.4690,9908.8042,9512.4520,396.3522,0.06762687,0.06492179,396.3522,9512.4520,0.06492179,396.3522,396.3522,495.4402,495.4402,495.4402,9512.4520,0.06492179,2279.0250,2079.2952,7629.7792,7829.509,0.05207269,0.05343583,0.00270507,151.9935,139.4692,10.5863,152.4431,22.3171,2254.1801,14.4000,175.9468,137.7798,29.6291,128.4258,256.8515,258.1778,514.3107,777.7133,102.8621,0.0,4.004732,6.055743,1.183512,29,129,8,3,0.43109585,0.06762687,0.04731611,0E-8,0.000000,0.890948,0.000000,0.03570155,2026-03-24,2026-08-06,65,444,384,136,0.477941,1.277014,1.157594,1.436986,,,,,,,,GLOBAL_BASELINE_NO_ENTITY_RANKING,,,NOT_APPLICABLE_GLOBAL_BASELINE,HF9g-P5,,,,X 全窗基线 · 不参与实体赏罚,15058234,1506,A168_HF9F_20260827_0900,2026-08-27 09:00:00
2026-07-27,122817705,-1,1,777.1151214725,456.3292283066,456.3292283066,0.6666667,10,9,0.50118932222222190,0.501437566667,0.8106724091343093,0.8094573169694916,0.8106724091343093,-0.00024824444477810,SENTINEL_DEALER,R03b_20260811_FULL_v1,L1_ELIGIBILITY,v2026-08-11,2026-03-21..2026-08-06,baccarat_bet02_101_all_pairs_incl_sentinel,round_win = game_pnl > 0 (decisive only),COMPATIBILITY_ONLY_NOT_PRODUCTION,146521.7074,130543.1969,9908.8042,964,936,-0.06762687,-0.04731611,-0.08301766,-0.06762687,-9908.8042,146521.7074,OK,0.0000,396.3522,4.0000,96.0000,AG03-UNRESOLVED,ALL5_LEVELS_bet23_to_bet27,396.3522,396.3522,495.4402,495.4402,495.4402,4.000000,4.000000,5.000000,5.000000,5.000000,96.000000,96.000000,95.000000,95.000000,95.000000,5.0,2279.0250,2079.2952,7629.7792,7829.509,PENDING_AG03,FALSE,NOT_FOR_ENFORCEMENT,9512.4520,125321.4690,9908.8042,9512.4520,396.3522,0.06762687,0.06492179,396.3522,9512.4520,0.06492179,396.3522,396.3522,495.4402,495.4402,495.4402,9512.4520,0.06492179,2279.0250,2079.2952,7629.7792,7829.509,0.05207269,0.05343583,0.00270507,151.9935,139.4692,10.5863,152.4431,22.3171,2254.1801,14.4000,175.9468,137.7798,29.6291,128.4258,256.8515,258.1778,514.3107,777.7133,102.8621,0.0,4.004732,6.055743,1.183512,29,129,8,3,0.43109585,0.06762687,0.04731611,0E-8,0.000000,0.890948,0.000000,0.03570155,2026-03-24,2026-08-06,65,444,384,136,0.477941,1.277014,1.157594,1.436986,,,,,,,,GLOBAL_BASELINE_NO_ENTITY_RANKING,,,NOT_APPLICABLE_GLOBAL_BASELINE,HF9g-P5,,,,X 全窗基线 · 不参与实体赏罚,15058235,1506,A168_HF9F_20260827_0900,2026-08-27 09:00:00
2026-07-28,122817705,-1,1,1758.9652234529,-113.3400459557,-113.3400459557,0.6250000,9,9,0.50069283333333333,0.500692833333,0.70318819908704,0.7031881990889248,0.70318819908704,3.3333E-13,SENTINEL_DEALER,R03b_20260811_FULL_v1,L1_ELIGIBILITY,v2026-08-11,2026-03-21..2026-08-06,baccarat_bet02_101_all_pairs_incl_sentinel,round_win = game_pnl > 0 (decisive only),COMPATIBILITY_ONLY_NOT_PRODUCTION,146521.7074,130543.1969,9908.8042,964,936,-0.06762687,-0.04731611,-0.08301766,-0.06762687,-9908.8042,146521.7074,OK,0.0000,396.3522,4.0000,96.0000,AG03-UNRESOLVED,ALL5_LEVELS_bet23_to_bet27,396.3522,396.3522,495.4402,495.4402,495.4402,4.000000,4.000000,5.000000,5.000000,5.000000,96.000000,96.000000,95.000000,95.000000,95.000000,5.0,2279.0250,2079.2952,7629.7792,7829.509,PENDING_AG03,FALSE,NOT_FOR_ENFORCEMENT,9512.4520,125321.4690,9908.8042,9512.4520,396.3522,0.06762687,0.06492179,396.3522,9512.4520,0.06492179,396.3522,396.3522,495.4402,495.4402,495.4402,9512.4520,0.06492179,2279.0250,2079.2952,7629.7792,7829.509,0.05207269,0.05343583,0.00270507,151.9935,139.4692,10.5863,152.4431,22.3171,2254.1801,14.4000,175.9468,137.7798,29.6291,128.4258,256.8515,258.1778,514.3107,777.7133,102.8621,0.0,4.004732,6.055743,1.183512,29,129,8,3,0.43109585,0.06762687,0.04731611,0E-8,0.000000,0.890948,0.000000,0.03570155,2026-03-24,2026-08-06,65,444,384,136,0.477941,1.277014,1.157594,1.436986,,,,,,,,GLOBAL_BASELINE_NO_ENTITY_RANKING,,,NOT_APPLICABLE_GLOBAL_BASELINE,HF9g-P5,,,,X 全窗基线 · 不参与实体赏罚,15058236,1506,A168_HF9F_20260827_0900,2026-08-27 09:00:00
2026-07-28,122817705,1951,0,387.2666718302,-135.5433351405,-135.5433351405,0.5000000,2,2,0.49994810000000000,0.499948100000,0.00014679536856514622,0.00014679536856514622,0.00014679536856514622,0E-17,ELIGIBLE,R03b_20260811_FULL_v1,L1_ELIGIBILITY,v2026-08-11,2026-03-21..2026-08-06,baccarat_bet02_101_all_pairs_incl_sentinel,round_win = game_pnl > 0 (decisive only),COMPATIBILITY_ONLY_NOT_PRODUCTION,146521.7074,130543.1969,9908.8042,964,936,-0.06762687,-0.04731611,-0.08301766,-0.06762687,-9908.8042,146521.7074,OK,0.0000,396.3522,4.0000,96.0000,AG03-UNRESOLVED,ALL5_LEVELS_bet23_to_bet27,396.3522,396.3522,495.4402,495.4402,495.4402,4.000000,4.000000,5.000000,5.000000,5.000000,96.000000,96.000000,95.000000,95.000000,95.000000,5.0,2279.0250,2079.2952,7629.7792,7829.509,PENDING_AG03,FALSE,NOT_FOR_ENFORCEMENT,9512.4520,125321.4690,9908.8042,9512.4520,396.3522,0.06762687,0.06492179,396.3522,9512.4520,0.06492179,396.3522,396.3522,495.4402,495.4402,495.4402,9512.4520,0.06492179,2279.0250,2079.2952,7629.7792,7829.509,0.05207269,0.05343583,0.00270507,151.9935,139.4692,10.5863,152.4431,22.3171,2254.1801,14.4000,175.9468,137.7798,29.6291,128.4258,256.8515,258.1778,514.3107,777.7133,102.8621,0.0,4.004732,6.055743,1.183512,29,129,8,3,0.43109585,0.06762687,0.04731611,0E-8,0.000000,0.890948,0.000000,0.03570155,2026-03-24,2026-08-06,65,444,384,136,0.477941,1.277014,1.157594,1.436986,,,,,,,,GLOBAL_BASELINE_NO_ENTITY_RANKING,,,NOT_APPLICABLE_GLOBAL_BASELINE,HF9g-P5,,,,X 全窗基线 · 不参与实体赏罚,15058237,1506,A168_HF9F_20260827_0900,2026-08-27 09:00:00
2026-07-28,122817705,2103,0,258.1777812201,-258.1777812201,-258.1777812201,0E-7,1,1,0.49324550000000000,0.493245500000,-0.9865810262130424,-0.9865810262130424,-0.9865810262130424,0E-17,ELIGIBLE,R03b_20260811_FULL_v1,L1_ELIGIBILITY,v2026-08-11,2026-03-21..2026-08-06,baccarat_bet02_101_all_pairs_incl_sentinel,round_win = game_pnl > 0 (decisive only),COMPATIBILITY_ONLY_NOT_PRODUCTION,146521.7074,130543.1969,9908.8042,964,936,-0.06762687,-0.04731611,-0.08301766,-0.06762687,-9908.8042,146521.7074,OK,0.0000,396.3522,4.0000,96.0000,AG03-UNRESOLVED,ALL5_LEVELS_bet23_to_bet27,396.3522,396.3522,495.4402,495.4402,495.4402,4.000000,4.000000,5.000000,5.000000,5.000000,96.000000,96.000000,95.000000,95.000000,95.000000,5.0,2279.0250,2079.2952,7629.7792,7829.509,PENDING_AG03,FALSE,NOT_FOR_ENFORCEMENT,9512.4520,125321.4690,9908.8042,9512.4520,396.3522,0.06762687,0.06492179,396.3522,9512.4520,0.06492179,396.3522,396.3522,495.4402,495.4402,495.4402,9512.4520,0.06492179,2279.0250,2079.2952,7629.7792,7829.509,0.05207269,0.05343583,0.00270507,151.9935,139.4692,10.5863,152.4431,22.3171,2254.1801,14.4000,175.9468,137.7798,29.6291,128.4258,256.8515,258.1778,514.3107,777.7133,102.8621,0.0,4.004732,6.055743,1.183512,29,129,8,3,0.43109585,0.06762687,0.04731611,0E-8,0.000000,0.890948,0.000000,0.03570155,2026-03-24,2026-08-06,65,444,384,136,0.477941,1.277014,1.157594,1.436986,,,,,,,,GLOBAL_BASELINE_NO_ENTITY_RANKING,,,NOT_APPLICABLE_GLOBAL_BASELINE,HF9g-P5,,,,X 全窗基线 · 不参与实体赏罚,15058238,1506,A168_HF9F_20260827_0900,2026-08-27 09:00:00
2026-07-28,122817705,2108,0,258.1777812201,-258.1777812201,-258.1777812201,0E-7,1,1,0.50665070000000000,0.506650700000,-1.013391052207602,-1.013391052207602,-1.013391052207602,0E-17,ELIGIBLE,R03b_20260811_FULL_v1,L1_ELIGIBILITY,v2026-08-11,2026-03-21..2026-08-06,baccarat_bet02_101_all_pairs_incl_sentinel,round_win = game_pnl > 0 (decisive only),COMPATIBILITY_ONLY_NOT_PRODUCTION,146521.7074,130543.1969,9908.8042,964,936,-0.06762687,-0.04731611,-0.08301766,-0.06762687,-9908.8042,146521.7074,OK,0.0000,396.3522,4.0000,96.0000,AG03-UNRESOLVED,ALL5_LEVELS_bet23_to_bet27,396.3522,396.3522,495.4402,495.4402,495.4402,4.000000,4.000000,5.000000,5.000000,5.000000,96.000000,96.000000,95.000000,95.000000,95.000000,5.0,2279.0250,2079.2952,7629.7792,7829.509,PENDING_AG03,FALSE,NOT_FOR_ENFORCEMENT,9512.4520,125321.4690,9908.8042,9512.4520,396.3522,0.06762687,0.06492179,396.3522,9512.4520,0.06492179,396.3522,396.3522,495.4402,495.4402,495.4402,9512.4520,0.06492179,2279.0250,2079.2952,7629.7792,7829.509,0.05207269,0.05343583,0.00270507,151.9935,139.4692,10.5863,152.4431,22.3171,2254.1801,14.4000,175.9468,137.7798,29.6291,128.4258,256.8515,258.1778,514.3107,777.7133,102.8621,0.0,4.004732,6.055743,1.183512,29,129,8,3,0.43109585,0.06762687,0.04731611,0E-8,0.000000,0.890948,0.000000,0.03570155,2026-03-24,2026-08-06,65,444,384,136,0.477941,1.277014,1.157594,1.436986,,,,,,,,GLOBAL_BASELINE_NO_ENTITY_RANKING,,,NOT_APPLICABLE_GLOBAL_BASELINE,HF9g-P5,,,,X 全窗基线 · 不参与实体赏罚,15058239,1506,A168_HF9F_20260827_0900,2026-08-27 09:00:00
2026-07-28,122817705,2160,0,1613.6111326258,1029.4839026154,1029.4839026154,0.6666667,3,3,0.50218230000000000,0.502182300000,0.5697959874915163,0.5697959874915164,0.5697959874915163,0E-17,ELIGIBLE,R03b_20260811_FULL_v1,L1_ELIGIBILITY,v2026-08-11,2026-03-21..2026-08-06,baccarat_bet02_101_all_pairs_incl_sentinel,round_win = game_pnl > 0 (decisive only),COMPATIBILITY_ONLY_NOT_PRODUCTION,146521.7074,130543.1969,9908.8042,964,936,-0.06762687,-0.04731611,-0.08301766,-0.06762687,-9908.8042,146521.7074,OK,0.0000,396.3522,4.0000,96.0000,AG03-UNRESOLVED,ALL5_LEVELS_bet23_to_bet27,396.3522,396.3522,495.4402,495.4402,495.4402,4.000000,4.000000,5.000000,5.000000,5.000000,96.000000,96.000000,95.000000,95.000000,95.000000,5.0,2279.0250,2079.2952,7629.7792,7829.509,PENDING_AG03,FALSE,NOT_FOR_ENFORCEMENT,9512.4520,125321.4690,9908.8042,9512.4520,396.3522,0.06762687,0.06492179,396.3522,9512.4520,0.06492179,396.3522,396.3522,495.4402,495.4402,495.4402,9512.4520,0.06492179,2279.0250,2079.2952,7629.7792,7829.509,0.05207269,0.05343583,0.00270507,151.9935,139.4692,10.5863,152.4431,22.3171,2254.1801,14.4000,175.9468,137.7798,29.6291,128.4258,256.8515,258.1778,514.3107,777.7133,102.8621,0.0,4.004732,6.055743,1.183512,29,129,8,3,0.43109585,0.06762687,0.04731611,0E-8,0.000000,0.890948,0.000000,0.03570155,2026-03-24,2026-08-06,65,444,384,136,0.477941,1.277014,1.157594,1.436986,,,,,,,,GLOBAL_BASELINE_NO_ENTITY_RANKING,,,NOT_APPLICABLE_GLOBAL_BASELINE,HF9g-P5,,,,X 全窗基线 · 不参与实体赏罚,15058240,1506,A168_HF9F_20260827_0900,2026-08-27 09:00:00
2026-07-28,122817705,2171,0,516.3555624403,-516.3555624403,-516.3555624403,0E-7,1,1,0.49324550000000000,0.493245500000,-0.9865810262130424,-0.9865810262130424,-0.9865810262130424,0E-17,ELIGIBLE,R03b_20260811_FULL_v1,L1_ELIGIBILITY,v2026-08-11,2026-03-21..2026-08-06,baccarat_bet02_101_all_pairs_incl_sentinel,round_win = game_pnl > 0 (decisive only),COMPATIBILITY_ONLY_NOT_PRODUCTION,146521.7074,130543.1969,9908.8042,964,936,-0.06762687,-0.04731611,-0.08301766,-0.06762687,-9908.8042,146521.7074,OK,0.0000,396.3522,4.0000,96.0000,AG03-UNRESOLVED,ALL5_LEVELS_bet23_to_bet27,396.3522,396.3522,495.4402,495.4402,495.4402,4.000000,4.000000,5.000000,5.000000,5.000000,96.000000,96.000000,95.000000,95.000000,95.000000,5.0,2279.0250,2079.2952,7629.7792,7829.509,PENDING_AG03,FALSE,NOT_FOR_ENFORCEMENT,9512.4520,125321.4690,9908.8042,9512.4520,396.3522,0.06762687,0.06492179,396.3522,9512.4520,0.06492179,396.3522,396.3522,495.4402,495.4402,495.4402,9512.4520,0.06492179,2279.0250,2079.2952,7629.7792,7829.509,0.05207269,0.05343583,0.00270507,151.9935,139.4692,10.5863,152.4431,22.3171,2254.1801,14.4000,175.9468,137.7798,29.6291,128.4258,256.8515,258.1778,514.3107,777.7133,102.8621,0.0,4.004732,6.055743,1.183512,29,129,8,3,0.43109585,0.06762687,0.04731611,0E-8,0.000000,0.890948,0.000000,0.03570155,2026-03-24,2026-08-06,65,444,384,136,0.477941,1.277014,1.157594,1.436986,,,,,,,,GLOBAL_BASELINE_NO_ENTITY_RANKING,,,NOT_APPLICABLE_GLOBAL_BASELINE,HF9g-P5,,,,X 全窗基线 · 不参与实体赏罚,15058241,1506,A168_HF9F_20260827_0900,2026-08-27 09:00:00
2026-07-28,122817705,2196,0,345.9582268350,-119.4072238143,-119.4072238143,0.5000000,2,2,0.49994810000000000,0.499948100000,0.00014679536856514622,0.00014679536856514622,0.00014679536856514622,0E-17,ELIGIBLE,R03b_20260811_FULL_v1,L1_ELIGIBILITY,v2026-08-11,2026-03-21..2026-08-06,baccarat_bet02_101_all_pairs_incl_sentinel,round_win = game_pnl > 0 (decisive only),COMPATIBILITY_ONLY_NOT_PRODUCTION,146521.7074,130543.1969,9908.8042,964,936,-0.06762687,-0.04731611,-0.08301766,-0.06762687,-9908.8042,146521.7074,OK,0.0000,396.3522,4.0000,96.0000,AG03-UNRESOLVED,ALL5_LEVELS_bet23_to_bet27,396.3522,396.3522,495.4402,495.4402,495.4402,4.000000,4.000000,5.000000,5.000000,5.000000,96.000000,96.000000,95.000000,95.000000,95.000000,5.0,2279.0250,2079.2952,7629.7792,7829.509,PENDING_AG03,FALSE,NOT_FOR_ENFORCEMENT,9512.4520,125321.4690,9908.8042,9512.4520,396.3522,0.06762687,0.06492179,396.3522,9512.4520,0.06492179,396.3522,396.3522,495.4402,495.4402,495.4402,9512.4520,0.06492179,2279.0250,2079.2952,7629.7792,7829.509,0.05207269,0.05343583,0.00270507,151.9935,139.4692,10.5863,152.4431,22.3171,2254.1801,14.4000,175.9468,137.7798,29.6291,128.4258,256.8515,258.1778,514.3107,777.7133,102.8621,0.0,4.004732,6.055743,1.183512,29,129,8,3,0.43109585,0.06762687,0.04731611,0E-8,0.000000,0.890948,0.000000,0.03570155,2026-03-24,2026-08-06,65,444,384,136,0.477941,1.277014,1.157594,1.436986,,,,,,,,GLOBAL_BASELINE_NO_ENTITY_RANKING,,,NOT_APPLICABLE_GLOBAL_BASELINE,HF9g-P5,,,,X 全窗基线 · 不参与实体赏罚,15058242,1506,A168_HF9F_20260827_0900,2026-08-27 09:00:00
2026-07-28,122817705,2251,0,258.1777812201,-258.1777812201,-258.1777812201,0E-7,1,1,0.50665070000000000,0.506650700000,-1.013391052207602,-1.013391052207602,-1.013391052207602,0E-17,ELIGIBLE,R03b_20260811_FULL_v1,L1_ELIGIBILITY,v2026-08-11,2026-03-21..2026-08-06,baccarat_bet02_101_all_pairs_incl_sentinel,round_win = game_pnl > 0 (decisive only),COMPATIBILITY_ONLY_NOT_PRODUCTION,146521.7074,130543.1969,9908.8042,964,936,-0.06762687,-0.04731611,-0.08301766,-0.06762687,-9908.8042,146521.7074,OK,0.0000,396.3522,4.0000,96.0000,AG03-UNRESOLVED,ALL5_LEVELS_bet23_to_bet27,396.3522,396.3522,495.4402,495.4402,495.4402,4.000000,4.000000,5.000000,5.000000,5.000000,96.000000,96.000000,95.000000,95.000000,95.000000,5.0,2279.0250,2079.2952,7629.7792,7829.509,PENDING_AG03,FALSE,NOT_FOR_ENFORCEMENT,9512.4520,125321.4690,9908.8042,9512.4520,396.3522,0.06762687,0.06492179,396.3522,9512.4520,0.06492179,396.3522,396.3522,495.4402,495.4402,495.4402,9512.4520,0.06492179,2279.0250,2079.2952,7629.7792,7829.509,0.05207269,0.05343583,0.00270507,151.9935,139.4692,10.5863,152.4431,22.3171,2254.1801,14.4000,175.9468,137.7798,29.6291,128.4258,256.8515,258.1778,514.3107,777.7133,102.8621,0.0,4.004732,6.055743,1.183512,29,129,8,3,0.43109585,0.06762687,0.04731611,0E-8,0.000000,0.890948,0.000000,0.03570155,2026-03-24,2026-08-06,65,444,384,136,0.477941,1.277014,1.157594,1.436986,,,,,,,,GLOBAL_BASELINE_NO_ENTITY_RANKING,,,NOT_APPLICABLE_GLOBAL_BASELINE,HF9g-P5,,,,X 全窗基线 · 不参与实体赏罚,15058243,1506,A168_HF9F_20260827_0900,2026-08-27 09:00:00
2026-07-28,122817705,2254,0,258.1777812201,245.2688921591,245.2688921591,1.0000000,1,1,0.50665070000000000,0.506650700000,0.9867858985152569,0.9867858985152569,0.9867858985152569,0E-17,ELIGIBLE,R03b_20260811_FULL_v1,L1_ELIGIBILITY,v2026-08-11,2026-03-21..2026-08-06,baccarat_bet02_101_all_pairs_incl_sentinel,round_win = game_pnl > 0 (decisive only),COMPATIBILITY_ONLY_NOT_PRODUCTION,146521.7074,130543.1969,9908.8042,964,936,-0.06762687,-0.04731611,-0.08301766,-0.06762687,-9908.8042,146521.7074,OK,0.0000,396.3522,4.0000,96.0000,AG03-UNRESOLVED,ALL5_LEVELS_bet23_to_bet27,396.3522,396.3522,495.4402,495.4402,495.4402,4.000000,4.000000,5.000000,5.000000,5.000000,96.000000,96.000000,95.000000,95.000000,95.000000,5.0,2279.0250,2079.2952,7629.7792,7829.509,PENDING_AG03,FALSE,NOT_FOR_ENFORCEMENT,9512.4520,125321.4690,9908.8042,9512.4520,396.3522,0.06762687,0.06492179,396.3522,9512.4520,0.06492179,396.3522,396.3522,495.4402,495.4402,495.4402,9512.4520,0.06492179,2279.0250,2079.2952,7629.7792,7829.509,0.05207269,0.05343583,0.00270507,151.9935,139.4692,10.5863,152.4431,22.3171,2254.1801,14.4000,175.9468,137.7798,29.6291,128.4258,256.8515,258.1778,514.3107,777.7133,102.8621,0.0,4.004732,6.055743,1.183512,29,129,8,3,0.43109585,0.06762687,0.04731611,0E-8,0.000000,0.890948,0.000000,0.03570155,2026-03-24,2026-08-06,65,444,384,136,0.477941,1.277014,1.157594,1.436986,,,,,,,,GLOBAL_BASELINE_NO_ENTITY_RANKING,,,NOT_APPLICABLE_GLOBAL_BASELINE,HF9g-P5,,,,X 全窗基线 · 不参与实体赏罚,15058244,1506,A168_HF9F_20260827_0900,2026-08-27 09:00:00
2026-07-28,122817705,550,0,206.5422249761,-206.5422249761,-206.5422249761,0E-7,1,1,0.49324550000000000,0.493245500000,-0.9865810262130424,-0.9865810262130424,-0.9865810262130424,0E-17,ELIGIBLE,R03b_20260811_FULL_v1,L1_ELIGIBILITY,v2026-08-11,2026-03-21..2026-08-06,baccarat_bet02_101_all_pairs_incl_sentinel,round_win = game_pnl > 0 (decisive only),COMPATIBILITY_ONLY_NOT_PRODUCTION,146521.7074,130543.1969,9908.8042,964,936,-0.06762687,-0.04731611,-0.08301766,-0.06762687,-9908.8042,146521.7074,OK,0.0000,396.3522,4.0000,96.0000,AG03-UNRESOLVED,ALL5_LEVELS_bet23_to_bet27,396.3522,396.3522,495.4402,495.4402,495.4402,4.000000,4.000000,5.000000,5.000000,5.000000,96.000000,96.000000,95.000000,95.000000,95.000000,5.0,2279.0250,2079.2952,7629.7792,7829.509,PENDING_AG03,FALSE,NOT_FOR_ENFORCEMENT,9512.4520,125321.4690,9908.8042,9512.4520,396.3522,0.06762687,0.06492179,396.3522,9512.4520,0.06492179,396.3522,396.3522,495.4402,495.4402,495.4402,9512.4520,0.06492179,2279.0250,2079.2952,7629.7792,7829.509,0.05207269,0.05343583,0.00270507,151.9935,139.4692,10.5863,152.4431,22.3171,2254.1801,14.4000,175.9468,137.7798,29.6291,128.4258,256.8515,258.1778,514.3107,777.7133,102.8621,0.0,4.004732,6.055743,1.183512,29,129,8,3,0.43109585,0.06762687,0.04731611,0E-8,0.000000,0.890948,0.000000,0.03570155,2026-03-24,2026-08-06,65,444,384,136,0.477941,1.277014,1.157594,1.436986,,,,,,,,GLOBAL_BASELINE_NO_ENTITY_RANKING,,,NOT_APPLICABLE_GLOBAL_BASELINE,HF9g-P5,,,,X 全窗基线 · 不参与实体赏罚,15058245,1506,A168_HF9F_20260827_0900,2026-08-27 09:00:00
2026-07-28,122817705,752,0,258.1777812201,-258.1777812201,-258.1777812201,0E-7,1,1,0.49324550000000000,0.493245500000,-0.9865810262130424,-0.9865810262130424,-0.9865810262130424,0E-17,ELIGIBLE,R03b_20260811_FULL_v1,L1_ELIGIBILITY,v2026-08-11,2026-03-21..2026-08-06,baccarat_bet02_101_all_pairs_incl_sentinel,round_win = game_pnl > 0 (decisive only),COMPATIBILITY_ONLY_NOT_PRODUCTION,146521.7074,130543.1969,9908.8042,964,936,-0.06762687,-0.04731611,-0.08301766,-0.06762687,-9908.8042,146521.7074,OK,0.0000,396.3522,4.0000,96.0000,AG03-UNRESOLVED,ALL5_LEVELS_bet23_to_bet27,396.3522,396.3522,495.4402,495.4402,495.4402,4.000000,4.000000,5.000000,5.000000,5.000000,96.000000,96.000000,95.000000,95.000000,95.000000,5.0,2279.0250,2079.2952,7629.7792,7829.509,PENDING_AG03,FALSE,NOT_FOR_ENFORCEMENT,9512.4520,125321.4690,9908.8042,9512.4520,396.3522,0.06762687,0.06492179,396.3522,9512.4520,0.06492179,396.3522,396.3522,495.4402,495.4402,495.4402,9512.4520,0.06492179,2279.0250,2079.2952,7629.7792,7829.509,0.05207269,0.05343583,0.00270507,151.9935,139.4692,10.5863,152.4431,22.3171,2254.1801,14.4000,175.9468,137.7798,29.6291,128.4258,256.8515,258.1778,514.3107,777.7133,102.8621,0.0,4.004732,6.055743,1.183512,29,129,8,3,0.43109585,0.06762687,0.04731611,0E-8,0.000000,0.890948,0.000000,0.03570155,2026-03-24,2026-08-06,65,444,384,136,0.477941,1.277014,1.157594,1.436986,,,,,,,,GLOBAL_BASELINE_NO_ENTITY_RANKING,,,NOT_APPLICABLE_GLOBAL_BASELINE,HF9g-P5,,,,X 全窗基线 · 不参与实体赏罚,15058246,1506,A168_HF9F_20260827_0900,2026-08-27 09:00:00
2026-07-29,122817705,-1,1,5060.2845119143,-1878.8888028295,-1878.8888028295,0.3888889,22,20,0.49964488714285713,0.499948100000,-0.9397960460958527,-0.9423686605554875,-0.9397960460958527,-0.00030321285714287,SENTINEL_DEALER,R03b_20260811_FULL_v1,L1_ELIGIBILITY,v2026-08-11,2026-03-21..2026-08-06,baccarat_bet02_101_all_pairs_incl_sentinel,round_win = game_pnl > 0 (decisive only),COMPATIBILITY_ONLY_NOT_PRODUCTION,146521.7074,130543.1969,9908.8042,964,936,-0.06762687,-0.04731611,-0.08301766,-0.06762687,-9908.8042,146521.7074,OK,0.0000,396.3522,4.0000,96.0000,AG03-UNRESOLVED,ALL5_LEVELS_bet23_to_bet27,396.3522,396.3522,495.4402,495.4402,495.4402,4.000000,4.000000,5.000000,5.000000,5.000000,96.000000,96.000000,95.000000,95.000000,95.000000,5.0,2279.0250,2079.2952,7629.7792,7829.509,PENDING_AG03,FALSE,NOT_FOR_ENFORCEMENT,9512.4520,125321.4690,9908.8042,9512.4520,396.3522,0.06762687,0.06492179,396.3522,9512.4520,0.06492179,396.3522,396.3522,495.4402,495.4402,495.4402,9512.4520,0.06492179,2279.0250,2079.2952,7629.7792,7829.509,0.05207269,0.05343583,0.00270507,151.9935,139.4692,10.5863,152.4431,22.3171,2254.1801,14.4000,175.9468,137.7798,29.6291,128.4258,256.8515,258.1778,514.3107,777.7133,102.8621,0.0,4.004732,6.055743,1.183512,29,129,8,3,0.43109585,0.06762687,0.04731611,0E-8,0.000000,0.890948,0.000000,0.03570155,2026-03-24,2026-08-06,65,444,384,136,0.477941,1.277014,1.157594,1.436986,,,,,,,,GLOBAL_BASELINE_NO_ENTITY_RANKING,,,NOT_APPLICABLE_GLOBAL_BASELINE,HF9g-P5,,,,X 全窗基线 · 不参与实体赏罚,15058247,1506,A168_HF9F_20260827_0900,2026-08-27 09:00:00
2026-07-29,122817705,1318,0,258.1777812201,258.1777812201,258.1777812201,1.0000000,1,1,0.49324550000000000,0.493245500000,1.01360149184955,1.01360149184955,1.01360149184955,0E-17,ELIGIBLE,R03b_20260811_FULL_v1,L1_ELIGIBILITY,v2026-08-11,2026-03-21..2026-08-06,baccarat_bet02_101_all_pairs_incl_sentinel,round_win = game_pnl > 0 (decisive only),COMPATIBILITY_ONLY_NOT_PRODUCTION,146521.7074,130543.1969,9908.8042,964,936,-0.06762687,-0.04731611,-0.08301766,-0.06762687,-9908.8042,146521.7074,OK,0.0000,396.3522,4.0000,96.0000,AG03-UNRESOLVED,ALL5_LEVELS_bet23_to_bet27,396.3522,396.3522,495.4402,495.4402,495.4402,4.000000,4.000000,5.000000,5.000000,5.000000,96.000000,96.000000,95.000000,95.000000,95.000000,5.0,2279.0250,2079.2952,7629.7792,7829.509,PENDING_AG03,FALSE,NOT_FOR_ENFORCEMENT,9512.4520,125321.4690,9908.8042,9512.4520,396.3522,0.06762687,0.06492179,396.3522,9512.4520,0.06492179,396.3522,396.3522,495.4402,495.4402,495.4402,9512.4520,0.06492179,2279.0250,2079.2952,7629.7792,7829.509,0.05207269,0.05343583,0.00270507,151.9935,139.4692,10.5863,152.4431,22.3171,2254.1801,14.4000,175.9468,137.7798,29.6291,128.4258,256.8515,258.1778,514.3107,777.7133,102.8621,0.0,4.004732,6.055743,1.183512,29,129,8,3,0.43109585,0.06762687,0.04731611,0E-8,0.000000,0.890948,0.000000,0.03570155,2026-03-24,2026-08-06,65,444,384,136,0.477941,1.277014,1.157594,1.436986,,,,,,,,GLOBAL_BASELINE_NO_ENTITY_RANKING,,,NOT_APPLICABLE_GLOBAL_BASELINE,HF9g-P5,,,,X 全窗基线 · 不参与实体赏罚,15058248,1506,A168_HF9F_20260827_0900,2026-08-27 09:00:00
2026-07-29,122817705,1382,0,258.1777812201,0E-10,0E-10,,1,1,0.50665070000000000,0.506650700000,,,,0E-17,NO_DECISIVE_ROUND,R03b_20260811_FULL_v1,L1_ELIGIBILITY,v2026-08-11,2026-03-21..2026-08-06,baccarat_bet02_101_all_pairs_incl_sentinel,round_win = game_pnl > 0 (decisive only),COMPATIBILITY_ONLY_NOT_PRODUCTION,146521.7074,130543.1969,9908.8042,964,936,-0.06762687,-0.04731611,-0.08301766,-0.06762687,-9908.8042,146521.7074,OK,0.0000,396.3522,4.0000,96.0000,AG03-UNRESOLVED,ALL5_LEVELS_bet23_to_bet27,396.3522,396.3522,495.4402,495.4402,495.4402,4.000000,4.000000,5.000000,5.000000,5.000000,96.000000,96.000000,95.000000,95.000000,95.000000,5.0,2279.0250,2079.2952,7629.7792,7829.509,PENDING_AG03,FALSE,NOT_FOR_ENFORCEMENT,9512.4520,125321.4690,9908.8042,9512.4520,396.3522,0.06762687,0.06492179,396.3522,9512.4520,0.06492179,396.3522,396.3522,495.4402,495.4402,495.4402,9512.4520,0.06492179,2279.0250,2079.2952,7629.7792,7829.509,0.05207269,0.05343583,0.00270507,151.9935,139.4692,10.5863,152.4431,22.3171,2254.1801,14.4000,175.9468,137.7798,29.6291,128.4258,256.8515,258.1778,514.3107,777.7133,102.8621,0.0,4.004732,6.055743,1.183512,29,129,8,3,0.43109585,0.06762687,0.04731611,0E-8,0.000000,0.890948,0.000000,0.03570155,2026-03-24,2026-08-06,65,444,384,136,0.477941,1.277014,1.157594,1.436986,,,,,,,,GLOBAL_BASELINE_NO_ENTITY_RANKING,,,NOT_APPLICABLE_GLOBAL_BASELINE,HF9g-P5,,,,X 全窗基线 · 不参与实体赏罚,15058249,1506,A168_HF9F_20260827_0900,2026-08-27 09:00:00
2026-07-29,122817705,1401,0,400.1755608912,-258.1777812201,-258.1777812201,0E-7,2,2,0.49324550000000000,0.493245500000,-0.9865810262130424,-0.9865810262130424,-0.9865810262130424,0E-17,ELIGIBLE,R03b_20260811_FULL_v1,L1_ELIGIBILITY,v2026-08-11,2026-03-21..2026-08-06,baccarat_bet02_101_all_pairs_incl_sentinel,round_win = game_pnl > 0 (decisive only),COMPATIBILITY_ONLY_NOT_PRODUCTION,146521.7074,130543.1969,9908.8042,964,936,-0.06762687,-0.04731611,-0.08301766,-0.06762687,-9908.8042,146521.7074,OK,0.0000,396.3522,4.0000,96.0000,AG03-UNRESOLVED,ALL5_LEVELS_bet23_to_bet27,396.3522,396.3522,495.4402,495.4402,495.4402,4.000000,4.000000,5.000000,5.000000,5.000000,96.000000,96.000000,95.000000,95.000000,95.000000,5.0,2279.0250,2079.2952,7629.7792,7829.509,PENDING_AG03,FALSE,NOT_FOR_ENFORCEMENT,9512.4520,125321.4690,9908.8042,9512.4520,396.3522,0.06762687,0.06492179,396.3522,9512.4520,0.06492179,396.3522,396.3522,495.4402,495.4402,495.4402,9512.4520,0.06492179,2279.0250,2079.2952,7629.7792,7829.509,0.05207269,0.05343583,0.00270507,151.9935,139.4692,10.5863,152.4431,22.3171,2254.1801,14.4000,175.9468,137.7798,29.6291,128.4258,256.8515,258.1778,514.3107,777.7133,102.8621,0.0,4.004732,6.055743,1.183512,29,129,8,3,0.43109585,0.06762687,0.04731611,0E-8,0.000000,0.890948,0.000000,0.03570155,2026-03-24,2026-08-06,65,444,384,136,0.477941,1.277014,1.157594,1.436986,,,,,,,,GLOBAL_BASELINE_NO_ENTITY_RANKING,,,NOT_APPLICABLE_GLOBAL_BASELINE,HF9g-P5,,,,X 全窗基线 · 不参与实体赏罚,15058250,1506,A168_HF9F_20260827_0900,2026-08-27 09:00:00
2026-07-29,122817705,1704,0,258.1777812201,-154.9066687321,-154.9066687321,0.5000000,2,2,0.49994810000000000,0.499948100000,0.00014679536856514622,0.00014679536856514622,0.00014679536856514622,0E-17,ELIGIBLE,R03b_20260811_FULL_v1,L1_ELIGIBILITY,v2026-08-11,2026-03-21..2026-08-06,baccarat_bet02_101_all_pairs_incl_sentinel,round_win = game_pnl > 0 (decisive only),COMPATIBILITY_ONLY_NOT_PRODUCTION,146521.7074,130543.1969,9908.8042,964,936,-0.06762687,-0.04731611,-0.08301766,-0.06762687,-9908.8042,146521.7074,OK,0.0000,396.3522,4.0000,96.0000,AG03-UNRESOLVED,ALL5_LEVELS_bet23_to_bet27,396.3522,396.3522,495.4402,495.4402,495.4402,4.000000,4.000000,5.000000,5.000000,5.000000,96.000000,96.000000,95.000000,95.000000,95.000000,5.0,2279.0250,2079.2952,7629.7792,7829.509,PENDING_AG03,FALSE,NOT_FOR_ENFORCEMENT,9512.4520,125321.4690,9908.8042,9512.4520,396.3522,0.06762687,0.06492179,396.3522,9512.4520,0.06492179,396.3522,396.3522,495.4402,495.4402,495.4402,9512.4520,0.06492179,2279.0250,2079.2952,7629.7792,7829.509,0.05207269,0.05343583,0.00270507,151.9935,139.4692,10.5863,152.4431,22.3171,2254.1801,14.4000,175.9468,137.7798,29.6291,128.4258,256.8515,258.1778,514.3107,777.7133,102.8621,0.0,4.004732,6.055743,1.183512,29,129,8,3,0.43109585,0.06762687,0.04731611,0E-8,0.000000,0.890948,0.000000,0.03570155,2026-03-24,2026-08-06,65,444,384,136,0.477941,1.277014,1.157594,1.436986,,,,,,,,GLOBAL_BASELINE_NO_ENTITY_RANKING,,,NOT_APPLICABLE_GLOBAL_BASELINE,HF9g-P5,,,,X 全窗基线 · 不参与实体赏罚,15058251,1506,A168_HF9F_20260827_0900,2026-08-27 09:00:00
2026-07-29,122817705,1966,0,513.2574290656,0E-10,0E-10,0.5000000,2,2,0.49324550000000000,0.493245500000,0.01910635448239258,0.01910635448239258,0.01910635448239258,0E-17,ELIGIBLE,R03b_20260811_FULL_v1,L1_ELIGIBILITY,v2026-08-11,2026-03-21..2026-08-06,baccarat_bet02_101_all_pairs_incl_sentinel,round_win = game_pnl > 0 (decisive only),COMPATIBILITY_ONLY_NOT_PRODUCTION,146521.7074,130543.1969,9908.8042,964,936,-0.06762687,-0.04731611,-0.08301766,-0.06762687,-9908.8042,146521.7074,OK,0.0000,396.3522,4.0000,96.0000,AG03-UNRESOLVED,ALL5_LEVELS_bet23_to_bet27,396.3522,396.3522,495.4402,495.4402,495.4402,4.000000,4.000000,5.000000,5.000000,5.000000,96.000000,96.000000,95.000000,95.000000,95.000000,5.0,2279.0250,2079.2952,7629.7792,7829.509,PENDING_AG03,FALSE,NOT_FOR_ENFORCEMENT,9512.4520,125321.4690,9908.8042,9512.4520,396.3522,0.06762687,0.06492179,396.3522,9512.4520,0.06492179,396.3522,396.3522,495.4402,495.4402,495.4402,9512.4520,0.06492179,2279.0250,2079.2952,7629.7792,7829.509,0.05207269,0.05343583,0.00270507,151.9935,139.4692,10.5863,152.4431,22.3171,2254.1801,14.4000,175.9468,137.7798,29.6291,128.4258,256.8515,258.1778,514.3107,777.7133,102.8621,0.0,4.004732,6.055743,1.183512,29,129,8,3,0.43109585,0.06762687,0.04731611,0E-8,0.000000,0.890948,0.000000,0.03570155,2026-03-24,2026-08-06,65,444,384,136,0.477941,1.277014,1.157594,1.436986,,,,,,,,GLOBAL_BASELINE_NO_ENTITY_RANKING,,,NOT_APPLICABLE_GLOBAL_BASELINE,HF9g-P5,,,,X 全窗基线 · 不参与实体赏罚,15058252,1506,A168_HF9F_20260827_0900,2026-08-27 09:00:00
2026-07-29,122817705,2101,0,413.0844499522,103.2711124880,103.2711124880,1.0000000,2,1,0.49827245000000081,0.499948100000,1.0034610895346308,1.0001038053877793,1.0034610895346308,-0.00167564999999919,ELIGIBLE,R03b_20260811_FULL_v1,L1_ELIGIBILITY,v2026-08-11,2026-03-21..2026-08-06,baccarat_bet02_101_all_pairs_incl_sentinel,round_win = game_pnl > 0 (decisive only),COMPATIBILITY_ONLY_NOT_PRODUCTION,146521.7074,130543.1969,9908.8042,964,936,-0.06762687,-0.04731611,-0.08301766,-0.06762687,-9908.8042,146521.7074,OK,0.0000,396.3522,4.0000,96.0000,AG03-UNRESOLVED,ALL5_LEVELS_bet23_to_bet27,396.3522,396.3522,495.4402,495.4402,495.4402,4.000000,4.000000,5.000000,5.000000,5.000000,96.000000,96.000000,95.000000,95.000000,95.000000,5.0,2279.0250,2079.2952,7629.7792,7829.509,PENDING_AG03,FALSE,NOT_FOR_ENFORCEMENT,9512.4520,125321.4690,9908.8042,9512.4520,396.3522,0.06762687,0.06492179,396.3522,9512.4520,0.06492179,396.3522,396.3522,495.4402,495.4402,495.4402,9512.4520,0.06492179,2279.0250,2079.2952,7629.7792,7829.509,0.05207269,0.05343583,0.00270507,151.9935,139.4692,10.5863,152.4431,22.3171,2254.1801,14.4000,175.9468,137.7798,29.6291,128.4258,256.8515,258.1778,514.3107,777.7133,102.8621,0.0,4.004732,6.055743,1.183512,29,129,8,3,0.43109585,0.06762687,0.04731611,0E-8,0.000000,0.890948,0.000000,0.03570155,2026-03-24,2026-08-06,65,444,384,136,0.477941,1.277014,1.157594,1.436986,,,,,,,,GLOBAL_BASELINE_NO_ENTITY_RANKING,,,NOT_APPLICABLE_GLOBAL_BASELINE,HF9g-P5,,,,X 全窗基线 · 不参与实体赏罚,15058253,1506,A168_HF9F_20260827_0900,2026-08-27 09:00:00
2026-07-29,122817705,2170,0,903.6222342705,-148.4522242016,-148.4522242016,0E-7,2,1,0.49899058571428550,0.499948100000,-0.9979832051551497,-0.9998962053866608,-0.9979832051551497,-0.00095751428571450,ELIGIBLE,R03b_20260811_FULL_v1,L1_ELIGIBILITY,v2026-08-11,2026-03-21..2026-08-06,baccarat_bet02_101_all_pairs_incl_sentinel,round_win = game_pnl > 0 (decisive only),COMPATIBILITY_ONLY_NOT_PRODUCTION,146521.7074,130543.1969,9908.8042,964,936,-0.06762687,-0.04731611,-0.08301766,-0.06762687,-9908.8042,146521.7074,OK,0.0000,396.3522,4.0000,96.0000,AG03-UNRESOLVED,ALL5_LEVELS_bet23_to_bet27,396.3522,396.3522,495.4402,495.4402,495.4402,4.000000,4.000000,5.000000,5.000000,5.000000,96.000000,96.000000,95.000000,95.000000,95.000000,5.0,2279.0250,2079.2952,7629.7792,7829.509,PENDING_AG03,FALSE,NOT_FOR_ENFORCEMENT,9512.4520,125321.4690,9908.8042,9512.4520,396.3522,0.06762687,0.06492179,396.3522,9512.4520,0.06492179,396.3522,396.3522,495.4402,495.4402,495.4402,9512.4520,0.06492179,2279.0250,2079.2952,7629.7792,7829.509,0.05207269,0.05343583,0.00270507,151.9935,139.4692,10.5863,152.4431,22.3171,2254.1801,14.4000,175.9468,137.7798,29.6291,128.4258,256.8515,258.1778,514.3107,777.7133,102.8621,0.0,4.004732,6.055743,1.183512,29,129,8,3,0.43109585,0.06762687,0.04731611,0E-8,0.000000,0.890948,0.000000,0.03570155,2026-03-24,2026-08-06,65,444,384,136,0.477941,1.277014,1.157594,1.436986,,,,,,,,GLOBAL_BASELINE_NO_ENTITY_RANKING,,,NOT_APPLICABLE_GLOBAL_BASELINE,HF9g-P5,,,,X 全窗基线 · 不参与实体赏罚,15058254,1506,A168_HF9F_20260827_0900,2026-08-27 09:00:00
2026-07-29,122817705,2205,0,256.6287145328,-256.6287145328,-256.6287145328,0E-7,1,1,0.49324550000000000,0.493245500000,-0.9865810262130424,-0.9865810262130424,-0.9865810262130424,0E-17,ELIGIBLE,R03b_20260811_FULL_v1,L1_ELIGIBILITY,v2026-08-11,2026-03-21..2026-08-06,baccarat_bet02_101_all_pairs_incl_sentinel,round_win = game_pnl > 0 (decisive only),COMPATIBILITY_ONLY_NOT_PRODUCTION,146521.7074,130543.1969,9908.8042,964,936,-0.06762687,-0.04731611,-0.08301766,-0.06762687,-9908.8042,146521.7074,OK,0.0000,396.3522,4.0000,96.0000,AG03-UNRESOLVED,ALL5_LEVELS_bet23_to_bet27,396.3522,396.3522,495.4402,495.4402,495.4402,4.000000,4.000000,5.000000,5.000000,5.000000,96.000000,96.000000,95.000000,95.000000,95.000000,5.0,2279.0250,2079.2952,7629.7792,7829.509,PENDING_AG03,FALSE,NOT_FOR_ENFORCEMENT,9512.4520,125321.4690,9908.8042,9512.4520,396.3522,0.06762687,0.06492179,396.3522,9512.4520,0.06492179,396.3522,396.3522,495.4402,495.4402,495.4402,9512.4520,0.06492179,2279.0250,2079.2952,7629.7792,7829.509,0.05207269,0.05343583,0.00270507,151.9935,139.4692,10.5863,152.4431,22.3171,2254.1801,14.4000,175.9468,137.7798,29.6291,128.4258,256.8515,258.1778,514.3107,777.7133,102.8621,0.0,4.004732,6.055743,1.183512,29,129,8,3,0.43109585,0.06762687,0.04731611,0E-8,0.000000,0.890948,0.000000,0.03570155,2026-03-24,2026-08-06,65,444,384,136,0.477941,1.277014,1.157594,1.436986,,,,,,,,GLOBAL_BASELINE_NO_ENTITY_RANKING,,,NOT_APPLICABLE_GLOBAL_BASELINE,HF9g-P5,,,,X 全窗基线 · 不参与实体赏罚,15058255,1506,A168_HF9F_20260827_0900,2026-08-27 09:00:00
2026-07-29,122817705,2271,0,258.1777812202,-258.1777812202,-258.1777812202,0E-7,2,2,0.49994810000000000,0.499948100000,-1.4140667746232096,-1.4140667746232096,-1.4140667746232096,0E-17,ELIGIBLE,R03b_20260811_FULL_v1,L1_ELIGIBILITY,v2026-08-11,2026-03-21..2026-08-06,baccarat_bet02_101_all_pairs_incl_sentinel,round_win = game_pnl > 0 (decisive only),COMPATIBILITY_ONLY_NOT_PRODUCTION,146521.7074,130543.1969,9908.8042,964,936,-0.06762687,-0.04731611,-0.08301766,-0.06762687,-9908.8042,146521.7074,OK,0.0000,396.3522,4.0000,96.0000,AG03-UNRESOLVED,ALL5_LEVELS_bet23_to_bet27,396.3522,396.3522,495.4402,495.4402,495.4402,4.000000,4.000000,5.000000,5.000000,5.000000,96.000000,96.000000,95.000000,95.000000,95.000000,5.0,2279.0250,2079.2952,7629.7792,7829.509,PENDING_AG03,FALSE,NOT_FOR_ENFORCEMENT,9512.4520,125321.4690,9908.8042,9512.4520,396.3522,0.06762687,0.06492179,396.3522,9512.4520,0.06492179,396.3522,396.3522,495.4402,495.4402,495.4402,9512.4520,0.06492179,2279.0250,2079.2952,7629.7792,7829.509,0.05207269,0.05343583,0.00270507,151.9935,139.4692,10.5863,152.4431,22.3171,2254.1801,14.4000,175.9468,137.7798,29.6291,128.4258,256.8515,258.1778,514.3107,777.7133,102.8621,0.0,4.004732,6.055743,1.183512,29,129,8,3,0.43109585,0.06762687,0.04731611,0E-8,0.000000,0.890948,0.000000,0.03570155,2026-03-24,2026-08-06,65,444,384,136,0.477941,1.277014,1.157594,1.436986,,,,,,,,GLOBAL_BASELINE_NO_ENTITY_RANKING,,,NOT_APPLICABLE_GLOBAL_BASELINE,HF9g-P5,,,,X 全窗基线 · 不参与实体赏罚,15058256,1506,A168_HF9F_20260827_0900,2026-08-27 09:00:00
2026-07-29,122817705,462,0,129.0888906101,-129.0888906101,-129.0888906101,0E-7,1,1,0.50665070000000000,0.506650700000,-1.013391052207602,-1.013391052207602,-1.013391052207602,0E-17,ELIGIBLE,R03b_20260811_FULL_v1,L1_ELIGIBILITY,v2026-08-11,2026-03-21..2026-08-06,baccarat_bet02_101_all_pairs_incl_sentinel,round_win = game_pnl > 0 (decisive only),COMPATIBILITY_ONLY_NOT_PRODUCTION,146521.7074,130543.1969,9908.8042,964,936,-0.06762687,-0.04731611,-0.08301766,-0.06762687,-9908.8042,146521.7074,OK,0.0000,396.3522,4.0000,96.0000,AG03-UNRESOLVED,ALL5_LEVELS_bet23_to_bet27,396.3522,396.3522,495.4402,495.4402,495.4402,4.000000,4.000000,5.000000,5.000000,5.000000,96.000000,96.000000,95.000000,95.000000,95.000000,5.0,2279.0250,2079.2952,7629.7792,7829.509,PENDING_AG03,FALSE,NOT_FOR_ENFORCEMENT,9512.4520,125321.4690,9908.8042,9512.4520,396.3522,0.06762687,0.06492179,396.3522,9512.4520,0.06492179,396.3522,396.3522,495.4402,495.4402,495.4402,9512.4520,0.06492179,2279.0250,2079.2952,7629.7792,7829.509,0.05207269,0.05343583,0.00270507,151.9935,139.4692,10.5863,152.4431,22.3171,2254.1801,14.4000,175.9468,137.7798,29.6291,128.4258,256.8515,258.1778,514.3107,777.7133,102.8621,0.0,4.004732,6.055743,1.183512,29,129,8,3,0.43109585,0.06762687,0.04731611,0E-8,0.000000,0.890948,0.000000,0.03570155,2026-03-24,2026-08-06,65,444,384,136,0.477941,1.277014,1.157594,1.436986,,,,,,,,GLOBAL_BASELINE_NO_ENTITY_RANKING,,,NOT_APPLICABLE_GLOBAL_BASELINE,HF9g-P5,,,,X 全窗基线 · 不参与实体赏罚,15058257,1506,A168_HF9F_20260827_0900,2026-08-27 09:00:00
2026-07-29,122817705,763,0,1549.0666873207,516.3555624403,516.3555624403,0.7142857,7,7,0.49324550000000000,0.493245500000,1.169741613234378,1.1697416132343783,1.169741613234378,0E-17,ELIGIBLE,R03b_20260811_FULL_v1,L1_ELIGIBILITY,v2026-08-11,2026-03-21..2026-08-06,baccarat_bet02_101_all_pairs_incl_sentinel,round_win = game_pnl > 0 (decisive only),COMPATIBILITY_ONLY_NOT_PRODUCTION,146521.7074,130543.1969,9908.8042,964,936,-0.06762687,-0.04731611,-0.08301766,-0.06762687,-9908.8042,146521.7074,OK,0.0000,396.3522,4.0000,96.0000,AG03-UNRESOLVED,ALL5_LEVELS_bet23_to_bet27,396.3522,396.3522,495.4402,495.4402,495.4402,4.000000,4.000000,5.000000,5.000000,5.000000,96.000000,96.000000,95.000000,95.000000,95.000000,5.0,2279.0250,2079.2952,7629.7792,7829.509,PENDING_AG03,FALSE,NOT_FOR_ENFORCEMENT,9512.4520,125321.4690,9908.8042,9512.4520,396.3522,0.06762687,0.06492179,396.3522,9512.4520,0.06492179,396.3522,396.3522,495.4402,495.4402,495.4402,9512.4520,0.06492179,2279.0250,2079.2952,7629.7792,7829.509,0.05207269,0.05343583,0.00270507,151.9935,139.4692,10.5863,152.4431,22.3171,2254.1801,14.4000,175.9468,137.7798,29.6291,128.4258,256.8515,258.1778,514.3107,777.7133,102.8621,0.0,4.004732,6.055743,1.183512,29,129,8,3,0.43109585,0.06762687,0.04731611,0E-8,0.000000,0.890948,0.000000,0.03570155,2026-03-24,2026-08-06,65,444,384,136,0.477941,1.277014,1.157594,1.436986,,,,,,,,GLOBAL_BASELINE_NO_ENTITY_RANKING,,,NOT_APPLICABLE_GLOBAL_BASELINE,HF9g-P5,,,,X 全窗基线 · 不参与实体赏罚,15058258,1506,A168_HF9F_20260827_0900,2026-08-27 09:00:00
2026-07-29,122817705,772,0,632.5355639893,103.2711124881,103.2711124881,0.5000000,3,2,0.50457058275862001,0.503299400000,-0.012928100403560103,-0.009332315641528947,-0.012928100403560103,0.00127118275862001,ELIGIBLE,R03b_20260811_FULL_v1,L1_ELIGIBILITY,v2026-08-11,2026-03-21..2026-08-06,baccarat_bet02_101_all_pairs_incl_sentinel,round_win = game_pnl > 0 (decisive only),COMPATIBILITY_ONLY_NOT_PRODUCTION,146521.7074,130543.1969,9908.8042,964,936,-0.06762687,-0.04731611,-0.08301766,-0.06762687,-9908.8042,146521.7074,OK,0.0000,396.3522,4.0000,96.0000,AG03-UNRESOLVED,ALL5_LEVELS_bet23_to_bet27,396.3522,396.3522,495.4402,495.4402,495.4402,4.000000,4.000000,5.000000,5.000000,5.000000,96.000000,96.000000,95.000000,95.000000,95.000000,5.0,2279.0250,2079.2952,7629.7792,7829.509,PENDING_AG03,FALSE,NOT_FOR_ENFORCEMENT,9512.4520,125321.4690,9908.8042,9512.4520,396.3522,0.06762687,0.06492179,396.3522,9512.4520,0.06492179,396.3522,396.3522,495.4402,495.4402,495.4402,9512.4520,0.06492179,2279.0250,2079.2952,7629.7792,7829.509,0.05207269,0.05343583,0.00270507,151.9935,139.4692,10.5863,152.4431,22.3171,2254.1801,14.4000,175.9468,137.7798,29.6291,128.4258,256.8515,258.1778,514.3107,777.7133,102.8621,0.0,4.004732,6.055743,1.183512,29,129,8,3,0.43109585,0.06762687,0.04731611,0E-8,0.000000,0.890948,0.000000,0.03570155,2026-03-24,2026-08-06,65,444,384,136,0.477941,1.277014,1.157594,1.436986,,,,,,,,GLOBAL_BASELINE_NO_ENTITY_RANKING,,,NOT_APPLICABLE_GLOBAL_BASELINE,HF9g-P5,,,,X 全窗基线 · 不参与实体赏罚,15058259,1506,A168_HF9F_20260827_0900,2026-08-27 09:00:00
2026-07-29,122817705,919,0,139.4160018589,-139.4160018589,-139.4160018589,0E-7,1,1,0.50665070000000000,0.506650700000,-1.013391052207602,-1.013391052207602,-1.013391052207602,0E-17,ELIGIBLE,R03b_20260811_FULL_v1,L1_ELIGIBILITY,v2026-08-11,2026-03-21..2026-08-06,baccarat_bet02_101_all_pairs_incl_sentinel,round_win = game_pnl > 0 (decisive only),COMPATIBILITY_ONLY_NOT_PRODUCTION,146521.7074,130543.1969,9908.8042,964,936,-0.06762687,-0.04731611,-0.08301766,-0.06762687,-9908.8042,146521.7074,OK,0.0000,396.3522,4.0000,96.0000,AG03-UNRESOLVED,ALL5_LEVELS_bet23_to_bet27,396.3522,396.3522,495.4402,495.4402,495.4402,4.000000,4.000000,5.000000,5.000000,5.000000,96.000000,96.000000,95.000000,95.000000,95.000000,5.0,2279.0250,2079.2952,7629.7792,7829.509,PENDING_AG03,FALSE,NOT_FOR_ENFORCEMENT,9512.4520,125321.4690,9908.8042,9512.4520,396.3522,0.06762687,0.06492179,396.3522,9512.4520,0.06492179,396.3522,396.3522,495.4402,495.4402,495.4402,9512.4520,0.06492179,2279.0250,2079.2952,7629.7792,7829.509,0.05207269,0.05343583,0.00270507,151.9935,139.4692,10.5863,152.4431,22.3171,2254.1801,14.4000,175.9468,137.7798,29.6291,128.4258,256.8515,258.1778,514.3107,777.7133,102.8621,0.0,4.004732,6.055743,1.183512,29,129,8,3,0.43109585,0.06762687,0.04731611,0E-8,0.000000,0.890948,0.000000,0.03570155,2026-03-24,2026-08-06,65,444,384,136,0.477941,1.277014,1.157594,1.436986,,,,,,,,GLOBAL_BASELINE_NO_ENTITY_RANKING,,,NOT_APPLICABLE_GLOBAL_BASELINE,HF9g-P5,,,,X 全窗基线 · 不参与实体赏罚,15058260,1506,A168_HF9F_20260827_0900,2026-08-27 09:00:00
2026-07-29,122817705,986,0,129.0888906101,-129.0888906101,-129.0888906101,0E-7,1,1,0.50665070000000000,0.506650700000,-1.013391052207602,-1.013391052207602,-1.013391052207602,0E-17,ELIGIBLE,R03b_20260811_FULL_v1,L1_ELIGIBILITY,v2026-08-11,2026-03-21..2026-08-06,baccarat_bet02_101_all_pairs_incl_sentinel,round_win = game_pnl > 0 (decisive only),COMPATIBILITY_ONLY_NOT_PRODUCTION,146521.7074,130543.1969,9908.8042,964,936,-0.06762687,-0.04731611,-0.08301766,-0.06762687,-9908.8042,146521.7074,OK,0.0000,396.3522,4.0000,96.0000,AG03-UNRESOLVED,ALL5_LEVELS_bet23_to_bet27,396.3522,396.3522,495.4402,495.4402,495.4402,4.000000,4.000000,5.000000,5.000000,5.000000,96.000000,96.000000,95.000000,95.000000,95.000000,5.0,2279.0250,2079.2952,7629.7792,7829.509,PENDING_AG03,FALSE,NOT_FOR_ENFORCEMENT,9512.4520,125321.4690,9908.8042,9512.4520,396.3522,0.06762687,0.06492179,396.3522,9512.4520,0.06492179,396.3522,396.3522,495.4402,495.4402,495.4402,9512.4520,0.06492179,2279.0250,2079.2952,7629.7792,7829.509,0.05207269,0.05343583,0.00270507,151.9935,139.4692,10.5863,152.4431,22.3171,2254.1801,14.4000,175.9468,137.7798,29.6291,128.4258,256.8515,258.1778,514.3107,777.7133,102.8621,0.0,4.004732,6.055743,1.183512,29,129,8,3,0.43109585,0.06762687,0.04731611,0E-8,0.000000,0.890948,0.000000,0.03570155,2026-03-24,2026-08-06,65,444,384,136,0.477941,1.277014,1.157594,1.436986,,,,,,,,GLOBAL_BASELINE_NO_ENTITY_RANKING,,,NOT_APPLICABLE_GLOBAL_BASELINE,HF9g-P5,,,,X 全窗基线 · 不参与实体赏罚,15058261,1506,A168_HF9F_20260827_0900,2026-08-27 09:00:00
2026-08-01,122817705,1646,0,256.8515141397,-256.8515141397,-256.8515141397,0E-7,1,1,0.49324550000000000,0.493245500000,-0.9865810262130424,-0.9865810262130424,-0.9865810262130424,0E-17,ELIGIBLE,R03b_20260811_FULL_v1,L1_ELIGIBILITY,v2026-08-11,2026-03-21..2026-08-06,baccarat_bet02_101_all_pairs_incl_sentinel,round_win = game_pnl > 0 (decisive only),COMPATIBILITY_ONLY_NOT_PRODUCTION,146521.7074,130543.1969,9908.8042,964,936,-0.06762687,-0.04731611,-0.08301766,-0.06762687,-9908.8042,146521.7074,OK,0.0000,396.3522,4.0000,96.0000,AG03-UNRESOLVED,ALL5_LEVELS_bet23_to_bet27,396.3522,396.3522,495.4402,495.4402,495.4402,4.000000,4.000000,5.000000,5.000000,5.000000,96.000000,96.000000,95.000000,95.000000,95.000000,5.0,2279.0250,2079.2952,7629.7792,7829.509,PENDING_AG03,FALSE,NOT_FOR_ENFORCEMENT,9512.4520,125321.4690,9908.8042,9512.4520,396.3522,0.06762687,0.06492179,396.3522,9512.4520,0.06492179,396.3522,396.3522,495.4402,495.4402,495.4402,9512.4520,0.06492179,2279.0250,2079.2952,7629.7792,7829.509,0.05207269,0.05343583,0.00270507,151.9935,139.4692,10.5863,152.4431,22.3171,2254.1801,14.4000,175.9468,137.7798,29.6291,128.4258,256.8515,258.1778,514.3107,777.7133,102.8621,0.0,4.004732,6.055743,1.183512,29,129,8,3,0.43109585,0.06762687,0.04731611,0E-8,0.000000,0.890948,0.000000,0.03570155,2026-03-24,2026-08-06,65,444,384,136,0.477941,1.277014,1.157594,1.436986,,,,,,,,GLOBAL_BASELINE_NO_ENTITY_RANKING,,,NOT_APPLICABLE_GLOBAL_BASELINE,HF9g-P5,,,,X 全窗基线 · 不参与实体赏罚,15058262,1506,A168_HF9F_20260827_0900,2026-08-27 09:00:00
2026-08-01,122817705,1951,0,256.8515141397,-256.8515141397,-256.8515141397,0E-7,1,1,0.50665070000000000,0.506650700000,-1.013391052207602,-1.013391052207602,-1.013391052207602,0E-17,ELIGIBLE,R03b_20260811_FULL_v1,L1_ELIGIBILITY,v2026-08-11,2026-03-21..2026-08-06,baccarat_bet02_101_all_pairs_incl_sentinel,round_win = game_pnl > 0 (decisive only),COMPATIBILITY_ONLY_NOT_PRODUCTION,146521.7074,130543.1969,9908.8042,964,936,-0.06762687,-0.04731611,-0.08301766,-0.06762687,-9908.8042,146521.7074,OK,0.0000,396.3522,4.0000,96.0000,AG03-UNRESOLVED,ALL5_LEVELS_bet23_to_bet27,396.3522,396.3522,495.4402,495.4402,495.4402,4.000000,4.000000,5.000000,5.000000,5.000000,96.000000,96.000000,95.000000,95.000000,95.000000,5.0,2279.0250,2079.2952,7629.7792,7829.509,PENDING_AG03,FALSE,NOT_FOR_ENFORCEMENT,9512.4520,125321.4690,9908.8042,9512.4520,396.3522,0.06762687,0.06492179,396.3522,9512.4520,0.06492179,396.3522,396.3522,495.4402,495.4402,495.4402,9512.4520,0.06492179,2279.0250,2079.2952,7629.7792,7829.509,0.05207269,0.05343583,0.00270507,151.9935,139.4692,10.5863,152.4431,22.3171,2254.1801,14.4000,175.9468,137.7798,29.6291,128.4258,256.8515,258.1778,514.3107,777.7133,102.8621,0.0,4.004732,6.055743,1.183512,29,129,8,3,0.43109585,0.06762687,0.04731611,0E-8,0.000000,0.890948,0.000000,0.03570155,2026-03-24,2026-08-06,65,444,384,136,0.477941,1.277014,1.157594,1.436986,,,,,,,,GLOBAL_BASELINE_NO_ENTITY_RANKING,,,NOT_APPLICABLE_GLOBAL_BASELINE,HF9g-P5,,,,X 全窗基线 · 不参与实体赏罚,15058263,1506,A168_HF9F_20260827_0900,2026-08-27 09:00:00
2026-08-03,122817705,-1,1,513.7030282794,-513.7030282794,-513.7030282794,0E-7,1,1,0.50665070000000000,0.506650700000,-1.013391052207602,-1.013391052207602,-1.013391052207602,0E-17,SENTINEL_DEALER,R03b_20260811_FULL_v1,L1_ELIGIBILITY,v2026-08-11,2026-03-21..2026-08-06,baccarat_bet02_101_all_pairs_incl_sentinel,round_win = game_pnl > 0 (decisive only),COMPATIBILITY_ONLY_NOT_PRODUCTION,146521.7074,130543.1969,9908.8042,964,936,-0.06762687,-0.04731611,-0.08301766,-0.06762687,-9908.8042,146521.7074,OK,0.0000,396.3522,4.0000,96.0000,AG03-UNRESOLVED,ALL5_LEVELS_bet23_to_bet27,396.3522,396.3522,495.4402,495.4402,495.4402,4.000000,4.000000,5.000000,5.000000,5.000000,96.000000,96.000000,95.000000,95.000000,95.000000,5.0,2279.0250,2079.2952,7629.7792,7829.509,PENDING_AG03,FALSE,NOT_FOR_ENFORCEMENT,9512.4520,125321.4690,9908.8042,9512.4520,396.3522,0.06762687,0.06492179,396.3522,9512.4520,0.06492179,396.3522,396.3522,495.4402,495.4402,495.4402,9512.4520,0.06492179,2279.0250,2079.2952,7629.7792,7829.509,0.05207269,0.05343583,0.00270507,151.9935,139.4692,10.5863,152.4431,22.3171,2254.1801,14.4000,175.9468,137.7798,29.6291,128.4258,256.8515,258.1778,514.3107,777.7133,102.8621,0.0,4.004732,6.055743,1.183512,29,129,8,3,0.43109585,0.06762687,0.04731611,0E-8,0.000000,0.890948,0.000000,0.03570155,2026-03-24,2026-08-06,65,444,384,136,0.477941,1.277014,1.157594,1.436986,,,,,,,,GLOBAL_BASELINE_NO_ENTITY_RANKING,,,NOT_APPLICABLE_GLOBAL_BASELINE,HF9g-P5,,,,X 全窗基线 · 不参与实体赏罚,15058264,1506,A168_HF9F_20260827_0900,2026-08-27 09:00:00
2026-08-03,122817705,1966,0,256.8515141397,-256.8515141397,-256.8515141397,0E-7,1,1,0.49324550000000000,0.493245500000,-0.9865810262130424,-0.9865810262130424,-0.9865810262130424,0E-17,ELIGIBLE,R03b_20260811_FULL_v1,L1_ELIGIBILITY,v2026-08-11,2026-03-21..2026-08-06,baccarat_bet02_101_all_pairs_incl_sentinel,round_win = game_pnl > 0 (decisive only),COMPATIBILITY_ONLY_NOT_PRODUCTION,146521.7074,130543.1969,9908.8042,964,936,-0.06762687,-0.04731611,-0.08301766,-0.06762687,-9908.8042,146521.7074,OK,0.0000,396.3522,4.0000,96.0000,AG03-UNRESOLVED,ALL5_LEVELS_bet23_to_bet27,396.3522,396.3522,495.4402,495.4402,495.4402,4.000000,4.000000,5.000000,5.000000,5.000000,96.000000,96.000000,95.000000,95.000000,95.000000,5.0,2279.0250,2079.2952,7629.7792,7829.509,PENDING_AG03,FALSE,NOT_FOR_ENFORCEMENT,9512.4520,125321.4690,9908.8042,9512.4520,396.3522,0.06762687,0.06492179,396.3522,9512.4520,0.06492179,396.3522,396.3522,495.4402,495.4402,495.4402,9512.4520,0.06492179,2279.0250,2079.2952,7629.7792,7829.509,0.05207269,0.05343583,0.00270507,151.9935,139.4692,10.5863,152.4431,22.3171,2254.1801,14.4000,175.9468,137.7798,29.6291,128.4258,256.8515,258.1778,514.3107,777.7133,102.8621,0.0,4.004732,6.055743,1.183512,29,129,8,3,0.43109585,0.06762687,0.04731611,0E-8,0.000000,0.890948,0.000000,0.03570155,2026-03-24,2026-08-06,65,444,384,136,0.477941,1.277014,1.157594,1.436986,,,,,,,,GLOBAL_BASELINE_NO_ENTITY_RANKING,,,NOT_APPLICABLE_GLOBAL_BASELINE,HF9g-P5,,,,X 全窗基线 · 不参与实体赏罚,15058265,1506,A168_HF9F_20260827_0900,2026-08-27 09:00:00
2026-08-03,122817705,2167,0,256.8515141397,256.8515141397,256.8515141397,1.0000000,1,1,0.49324550000000000,0.493245500000,1.01360149184955,1.01360149184955,1.01360149184955,0E-17,ELIGIBLE,R03b_20260811_FULL_v1,L1_ELIGIBILITY,v2026-08-11,2026-03-21..2026-08-06,baccarat_bet02_101_all_pairs_incl_sentinel,round_win = game_pnl > 0 (decisive only),COMPATIBILITY_ONLY_NOT_PRODUCTION,146521.7074,130543.1969,9908.8042,964,936,-0.06762687,-0.04731611,-0.08301766,-0.06762687,-9908.8042,146521.7074,OK,0.0000,396.3522,4.0000,96.0000,AG03-UNRESOLVED,ALL5_LEVELS_bet23_to_bet27,396.3522,396.3522,495.4402,495.4402,495.4402,4.000000,4.000000,5.000000,5.000000,5.000000,96.000000,96.000000,95.000000,95.000000,95.000000,5.0,2279.0250,2079.2952,7629.7792,7829.509,PENDING_AG03,FALSE,NOT_FOR_ENFORCEMENT,9512.4520,125321.4690,9908.8042,9512.4520,396.3522,0.06762687,0.06492179,396.3522,9512.4520,0.06492179,396.3522,396.3522,495.4402,495.4402,495.4402,9512.4520,0.06492179,2279.0250,2079.2952,7629.7792,7829.509,0.05207269,0.05343583,0.00270507,151.9935,139.4692,10.5863,152.4431,22.3171,2254.1801,14.4000,175.9468,137.7798,29.6291,128.4258,256.8515,258.1778,514.3107,777.7133,102.8621,0.0,4.004732,6.055743,1.183512,29,129,8,3,0.43109585,0.06762687,0.04731611,0E-8,0.000000,0.890948,0.000000,0.03570155,2026-03-24,2026-08-06,65,444,384,136,0.477941,1.277014,1.157594,1.436986,,,,,,,,GLOBAL_BASELINE_NO_ENTITY_RANKING,,,NOT_APPLICABLE_GLOBAL_BASELINE,HF9g-P5,,,,X 全窗基线 · 不参与实体赏罚,15058266,1506,A168_HF9F_20260827_0900,2026-08-27 09:00:00
2026-08-03,122817705,919,0,513.7030282794,0E-10,0E-10,0.5000000,2,2,0.49994810000000000,0.499948100000,0.00014679536856514622,0.00014679536856514622,0.00014679536856514622,0E-17,ELIGIBLE,R03b_20260811_FULL_v1,L1_ELIGIBILITY,v2026-08-11,2026-03-21..2026-08-06,baccarat_bet02_101_all_pairs_incl_sentinel,round_win = game_pnl > 0 (decisive only),COMPATIBILITY_ONLY_NOT_PRODUCTION,146521.7074,130543.1969,9908.8042,964,936,-0.06762687,-0.04731611,-0.08301766,-0.06762687,-9908.8042,146521.7074,OK,0.0000,396.3522,4.0000,96.0000,AG03-UNRESOLVED,ALL5_LEVELS_bet23_to_bet27,396.3522,396.3522,495.4402,495.4402,495.4402,4.000000,4.000000,5.000000,5.000000,5.000000,96.000000,96.000000,95.000000,95.000000,95.000000,5.0,2279.0250,2079.2952,7629.7792,7829.509,PENDING_AG03,FALSE,NOT_FOR_ENFORCEMENT,9512.4520,125321.4690,9908.8042,9512.4520,396.3522,0.06762687,0.06492179,396.3522,9512.4520,0.06492179,396.3522,396.3522,495.4402,495.4402,495.4402,9512.4520,0.06492179,2279.0250,2079.2952,7629.7792,7829.509,0.05207269,0.05343583,0.00270507,151.9935,139.4692,10.5863,152.4431,22.3171,2254.1801,14.4000,175.9468,137.7798,29.6291,128.4258,256.8515,258.1778,514.3107,777.7133,102.8621,0.0,4.004732,6.055743,1.183512,29,129,8,3,0.43109585,0.06762687,0.04731611,0E-8,0.000000,0.890948,0.000000,0.03570155,2026-03-24,2026-08-06,65,444,384,136,0.477941,1.277014,1.157594,1.436986,,,,,,,,GLOBAL_BASELINE_NO_ENTITY_RANKING,,,NOT_APPLICABLE_GLOBAL_BASELINE,HF9g-P5,,,,X 全窗基线 · 不参与实体赏罚,15058267,1506,A168_HF9F_20260827_0900,2026-08-27 09:00:00
2026-08-04,122817705,2222,0,256.8515141397,0E-10,0E-10,,1,1,0.50665070000000000,0.506650700000,,,,0E-17,NO_DECISIVE_ROUND,R03b_20260811_FULL_v1,L1_ELIGIBILITY,v2026-08-11,2026-03-21..2026-08-06,baccarat_bet02_101_all_pairs_incl_sentinel,round_win = game_pnl > 0 (decisive only),COMPATIBILITY_ONLY_NOT_PRODUCTION,146521.7074,130543.1969,9908.8042,964,936,-0.06762687,-0.04731611,-0.08301766,-0.06762687,-9908.8042,146521.7074,OK,0.0000,396.3522,4.0000,96.0000,AG03-UNRESOLVED,ALL5_LEVELS_bet23_to_bet27,396.3522,396.3522,495.4402,495.4402,495.4402,4.000000,4.000000,5.000000,5.000000,5.000000,96.000000,96.000000,95.000000,95.000000,95.000000,5.0,2279.0250,2079.2952,7629.7792,7829.509,PENDING_AG03,FALSE,NOT_FOR_ENFORCEMENT,9512.4520,125321.4690,9908.8042,9512.4520,396.3522,0.06762687,0.06492179,396.3522,9512.4520,0.06492179,396.3522,396.3522,495.4402,495.4402,495.4402,9512.4520,0.06492179,2279.0250,2079.2952,7629.7792,7829.509,0.05207269,0.05343583,0.00270507,151.9935,139.4692,10.5863,152.4431,22.3171,2254.1801,14.4000,175.9468,137.7798,29.6291,128.4258,256.8515,258.1778,514.3107,777.7133,102.8621,0.0,4.004732,6.055743,1.183512,29,129,8,3,0.43109585,0.06762687,0.04731611,0E-8,0.000000,0.890948,0.000000,0.03570155,2026-03-24,2026-08-06,65,444,384,136,0.477941,1.277014,1.157594,1.436986,,,,,,,,GLOBAL_BASELINE_NO_ENTITY_RANKING,,,NOT_APPLICABLE_GLOBAL_BASELINE,HF9g-P5,,,,X 全窗基线 · 不参与实体赏罚,15058268,1506,A168_HF9F_20260827_0900,2026-08-27 09:00:00
2026-08-05,122817705,-1,1,488.0178768654,25.6851514140,25.6851514140,0.3333333,3,3,0.49771390000000000,0.497713900000,-0.5694369385616226,-0.5694369385616226,-0.5694369385616226,0E-17,SENTINEL_DEALER,R03b_20260811_FULL_v1,L1_ELIGIBILITY,v2026-08-11,2026-03-21..2026-08-06,baccarat_bet02_101_all_pairs_incl_sentinel,round_win = game_pnl > 0 (decisive only),COMPATIBILITY_ONLY_NOT_PRODUCTION,146521.7074,130543.1969,9908.8042,964,936,-0.06762687,-0.04731611,-0.08301766,-0.06762687,-9908.8042,146521.7074,OK,0.0000,396.3522,4.0000,96.0000,AG03-UNRESOLVED,ALL5_LEVELS_bet23_to_bet27,396.3522,396.3522,495.4402,495.4402,495.4402,4.000000,4.000000,5.000000,5.000000,5.000000,96.000000,96.000000,95.000000,95.000000,95.000000,5.0,2279.0250,2079.2952,7629.7792,7829.509,PENDING_AG03,FALSE,NOT_FOR_ENFORCEMENT,9512.4520,125321.4690,9908.8042,9512.4520,396.3522,0.06762687,0.06492179,396.3522,9512.4520,0.06492179,396.3522,396.3522,495.4402,495.4402,495.4402,9512.4520,0.06492179,2279.0250,2079.2952,7629.7792,7829.509,0.05207269,0.05343583,0.00270507,151.9935,139.4692,10.5863,152.4431,22.3171,2254.1801,14.4000,175.9468,137.7798,29.6291,128.4258,256.8515,258.1778,514.3107,777.7133,102.8621,0.0,4.004732,6.055743,1.183512,29,129,8,3,0.43109585,0.06762687,0.04731611,0E-8,0.000000,0.890948,0.000000,0.03570155,2026-03-24,2026-08-06,65,444,384,136,0.477941,1.277014,1.157594,1.436986,,,,,,,,GLOBAL_BASELINE_NO_ENTITY_RANKING,,,NOT_APPLICABLE_GLOBAL_BASELINE,HF9g-P5,,,,X 全窗基线 · 不参与实体赏罚,15058269,1506,A168_HF9F_20260827_0900,2026-08-27 09:00:00
2026-08-05,122817705,1957,0,385.2772712095,115.5831813629,115.5831813629,0.5000000,2,2,0.49994810000000000,0.499948100000,0.00014679536856514622,0.00014679536856514622,0.00014679536856514622,0E-17,ELIGIBLE,R03b_20260811_FULL_v1,L1_ELIGIBILITY,v2026-08-11,2026-03-21..2026-08-06,baccarat_bet02_101_all_pairs_incl_sentinel,round_win = game_pnl > 0 (decisive only),COMPATIBILITY_ONLY_NOT_PRODUCTION,146521.7074,130543.1969,9908.8042,964,936,-0.06762687,-0.04731611,-0.08301766,-0.06762687,-9908.8042,146521.7074,OK,0.0000,396.3522,4.0000,96.0000,AG03-UNRESOLVED,ALL5_LEVELS_bet23_to_bet27,396.3522,396.3522,495.4402,495.4402,495.4402,4.000000,4.000000,5.000000,5.000000,5.000000,96.000000,96.000000,95.000000,95.000000,95.000000,5.0,2279.0250,2079.2952,7629.7792,7829.509,PENDING_AG03,FALSE,NOT_FOR_ENFORCEMENT,9512.4520,125321.4690,9908.8042,9512.4520,396.3522,0.06762687,0.06492179,396.3522,9512.4520,0.06492179,396.3522,396.3522,495.4402,495.4402,495.4402,9512.4520,0.06492179,2279.0250,2079.2952,7629.7792,7829.509,0.05207269,0.05343583,0.00270507,151.9935,139.4692,10.5863,152.4431,22.3171,2254.1801,14.4000,175.9468,137.7798,29.6291,128.4258,256.8515,258.1778,514.3107,777.7133,102.8621,0.0,4.004732,6.055743,1.183512,29,129,8,3,0.43109585,0.06762687,0.04731611,0E-8,0.000000,0.890948,0.000000,0.03570155,2026-03-24,2026-08-06,65,444,384,136,0.477941,1.277014,1.157594,1.436986,,,,,,,,GLOBAL_BASELINE_NO_ENTITY_RANKING,,,NOT_APPLICABLE_GLOBAL_BASELINE,HF9g-P5,,,,X 全窗基线 · 不参与实体赏罚,15058270,1506,A168_HF9F_20260827_0900,2026-08-27 09:00:00
2026-08-05,122817705,2088,0,154.1109084838,-154.1109084838,-154.1109084838,0E-7,1,1,0.49324550000000000,0.493245500000,-0.9865810262130424,-0.9865810262130424,-0.9865810262130424,0E-17,ELIGIBLE,R03b_20260811_FULL_v1,L1_ELIGIBILITY,v2026-08-11,2026-03-21..2026-08-06,baccarat_bet02_101_all_pairs_incl_sentinel,round_win = game_pnl > 0 (decisive only),COMPATIBILITY_ONLY_NOT_PRODUCTION,146521.7074,130543.1969,9908.8042,964,936,-0.06762687,-0.04731611,-0.08301766,-0.06762687,-9908.8042,146521.7074,OK,0.0000,396.3522,4.0000,96.0000,AG03-UNRESOLVED,ALL5_LEVELS_bet23_to_bet27,396.3522,396.3522,495.4402,495.4402,495.4402,4.000000,4.000000,5.000000,5.000000,5.000000,96.000000,96.000000,95.000000,95.000000,95.000000,5.0,2279.0250,2079.2952,7629.7792,7829.509,PENDING_AG03,FALSE,NOT_FOR_ENFORCEMENT,9512.4520,125321.4690,9908.8042,9512.4520,396.3522,0.06762687,0.06492179,396.3522,9512.4520,0.06492179,396.3522,396.3522,495.4402,495.4402,495.4402,9512.4520,0.06492179,2279.0250,2079.2952,7629.7792,7829.509,0.05207269,0.05343583,0.00270507,151.9935,139.4692,10.5863,152.4431,22.3171,2254.1801,14.4000,175.9468,137.7798,29.6291,128.4258,256.8515,258.1778,514.3107,777.7133,102.8621,0.0,4.004732,6.055743,1.183512,29,129,8,3,0.43109585,0.06762687,0.04731611,0E-8,0.000000,0.890948,0.000000,0.03570155,2026-03-24,2026-08-06,65,444,384,136,0.477941,1.277014,1.157594,1.436986,,,,,,,,GLOBAL_BASELINE_NO_ENTITY_RANKING,,,NOT_APPLICABLE_GLOBAL_BASELINE,HF9g-P5,,,,X 全窗基线 · 不参与实体赏罚,15058271,1506,A168_HF9F_20260827_0900,2026-08-27 09:00:00
2026-08-06,122817705,-1,1,1309.9427221123,462.3327254515,462.3327254515,0.3750000,9,9,0.50069283333333333,0.500692833333,-0.7110267209840203,-0.7110267209821342,-0.7110267209840203,3.3333E-13,SENTINEL_DEALER,R03b_20260811_FULL_v1,L1_ELIGIBILITY,v2026-08-11,2026-03-21..2026-08-06,baccarat_bet02_101_all_pairs_incl_sentinel,round_win = game_pnl > 0 (decisive only),COMPATIBILITY_ONLY_NOT_PRODUCTION,146521.7074,130543.1969,9908.8042,964,936,-0.06762687,-0.04731611,-0.08301766,-0.06762687,-9908.8042,146521.7074,OK,0.0000,396.3522,4.0000,96.0000,AG03-UNRESOLVED,ALL5_LEVELS_bet23_to_bet27,396.3522,396.3522,495.4402,495.4402,495.4402,4.000000,4.000000,5.000000,5.000000,5.000000,96.000000,96.000000,95.000000,95.000000,95.000000,5.0,2279.0250,2079.2952,7629.7792,7829.509,PENDING_AG03,FALSE,NOT_FOR_ENFORCEMENT,9512.4520,125321.4690,9908.8042,9512.4520,396.3522,0.06762687,0.06492179,396.3522,9512.4520,0.06492179,396.3522,396.3522,495.4402,495.4402,495.4402,9512.4520,0.06492179,2279.0250,2079.2952,7629.7792,7829.509,0.05207269,0.05343583,0.00270507,151.9935,139.4692,10.5863,152.4431,22.3171,2254.1801,14.4000,175.9468,137.7798,29.6291,128.4258,256.8515,258.1778,514.3107,777.7133,102.8621,0.0,4.004732,6.055743,1.183512,29,129,8,3,0.43109585,0.06762687,0.04731611,0E-8,0.000000,0.890948,0.000000,0.03570155,2026-03-24,2026-08-06,65,444,384,136,0.477941,1.277014,1.157594,1.436986,,,,,,,,GLOBAL_BASELINE_NO_ENTITY_RANKING,,,NOT_APPLICABLE_GLOBAL_BASELINE,HF9g-P5,,,,X 全窗基线 · 不参与实体赏罚,15058272,1506,A168_HF9F_20260827_0900,2026-08-27 09:00:00
2026-08-06,122817705,1509,0,128.4257570698,0E-10,0E-10,,1,1,0.49324550000000000,0.493245500000,,,,0E-17,NO_DECISIVE_ROUND,R03b_20260811_FULL_v1,L1_ELIGIBILITY,v2026-08-11,2026-03-21..2026-08-06,baccarat_bet02_101_all_pairs_incl_sentinel,round_win = game_pnl > 0 (decisive only),COMPATIBILITY_ONLY_NOT_PRODUCTION,146521.7074,130543.1969,9908.8042,964,936,-0.06762687,-0.04731611,-0.08301766,-0.06762687,-9908.8042,146521.7074,OK,0.0000,396.3522,4.0000,96.0000,AG03-UNRESOLVED,ALL5_LEVELS_bet23_to_bet27,396.3522,396.3522,495.4402,495.4402,495.4402,4.000000,4.000000,5.000000,5.000000,5.000000,96.000000,96.000000,95.000000,95.000000,95.000000,5.0,2279.0250,2079.2952,7629.7792,7829.509,PENDING_AG03,FALSE,NOT_FOR_ENFORCEMENT,9512.4520,125321.4690,9908.8042,9512.4520,396.3522,0.06762687,0.06492179,396.3522,9512.4520,0.06492179,396.3522,396.3522,495.4402,495.4402,495.4402,9512.4520,0.06492179,2279.0250,2079.2952,7629.7792,7829.509,0.05207269,0.05343583,0.00270507,151.9935,139.4692,10.5863,152.4431,22.3171,2254.1801,14.4000,175.9468,137.7798,29.6291,128.4258,256.8515,258.1778,514.3107,777.7133,102.8621,0.0,4.004732,6.055743,1.183512,29,129,8,3,0.43109585,0.06762687,0.04731611,0E-8,0.000000,0.890948,0.000000,0.03570155,2026-03-24,2026-08-06,65,444,384,136,0.477941,1.277014,1.157594,1.436986,,,,,,,,GLOBAL_BASELINE_NO_ENTITY_RANKING,,,NOT_APPLICABLE_GLOBAL_BASELINE,HF9g-P5,,,,X 全窗基线 · 不参与实体赏罚,15058273,1506,A168_HF9F_20260827_0900,2026-08-27 09:00:00
2026-08-06,122817705,2254,0,441.7846043203,52.6545603986,52.6545603986,0.7500000,4,4,0.49994810000000000,0.499948100000,1.0002076053883384,1.0002076053883384,1.0002076053883384,0E-17,ELIGIBLE,R03b_20260811_FULL_v1,L1_ELIGIBILITY,v2026-08-11,2026-03-21..2026-08-06,baccarat_bet02_101_all_pairs_incl_sentinel,round_win = game_pnl > 0 (decisive only),COMPATIBILITY_ONLY_NOT_PRODUCTION,146521.7074,130543.1969,9908.8042,964,936,-0.06762687,-0.04731611,-0.08301766,-0.06762687,-9908.8042,146521.7074,OK,0.0000,396.3522,4.0000,96.0000,AG03-UNRESOLVED,ALL5_LEVELS_bet23_to_bet27,396.3522,396.3522,495.4402,495.4402,495.4402,4.000000,4.000000,5.000000,5.000000,5.000000,96.000000,96.000000,95.000000,95.000000,95.000000,5.0,2279.0250,2079.2952,7629.7792,7829.509,PENDING_AG03,FALSE,NOT_FOR_ENFORCEMENT,9512.4520,125321.4690,9908.8042,9512.4520,396.3522,0.06762687,0.06492179,396.3522,9512.4520,0.06492179,396.3522,396.3522,495.4402,495.4402,495.4402,9512.4520,0.06492179,2279.0250,2079.2952,7629.7792,7829.509,0.05207269,0.05343583,0.00270507,151.9935,139.4692,10.5863,152.4431,22.3171,2254.1801,14.4000,175.9468,137.7798,29.6291,128.4258,256.8515,258.1778,514.3107,777.7133,102.8621,0.0,4.004732,6.055743,1.183512,29,129,8,3,0.43109585,0.06762687,0.04731611,0E-8,0.000000,0.890948,0.000000,0.03570155,2026-03-24,2026-08-06,65,444,384,136,0.477941,1.277014,1.157594,1.436986,,,,,,,,GLOBAL_BASELINE_NO_ENTITY_RANKING,,,NOT_APPLICABLE_GLOBAL_BASELINE,HF9g-P5,,,,X 全窗基线 · 不参与实体赏罚,15058274,1506,A168_HF9F_20260827_0900,2026-08-27 09:00:00
2026-08-06,122817705,948,0,179.7960598977,77.0554542419,77.0554542419,1.0000000,2,1,0.49707555714285608,0.499948100000,1.0058660909313972,1.0001038053877793,1.0058660909313972,-0.00287254285714392,ELIGIBLE,R03b_20260811_FULL_v1,L1_ELIGIBILITY,v2026-08-11,2026-03-21..2026-08-06,baccarat_bet02_101_all_pairs_incl_sentinel,round_win = game_pnl > 0 (decisive only),COMPATIBILITY_ONLY_NOT_PRODUCTION,146521.7074,130543.1969,9908.8042,964,936,-0.06762687,-0.04731611,-0.08301766,-0.06762687,-9908.8042,146521.7074,OK,0.0000,396.3522,4.0000,96.0000,AG03-UNRESOLVED,ALL5_LEVELS_bet23_to_bet27,396.3522,396.3522,495.4402,495.4402,495.4402,4.000000,4.000000,5.000000,5.000000,5.000000,96.000000,96.000000,95.000000,95.000000,95.000000,5.0,2279.0250,2079.2952,7629.7792,7829.509,PENDING_AG03,FALSE,NOT_FOR_ENFORCEMENT,9512.4520,125321.4690,9908.8042,9512.4520,396.3522,0.06762687,0.06492179,396.3522,9512.4520,0.06492179,396.3522,396.3522,495.4402,495.4402,495.4402,9512.4520,0.06492179,2279.0250,2079.2952,7629.7792,7829.509,0.05207269,0.05343583,0.00270507,151.9935,139.4692,10.5863,152.4431,22.3171,2254.1801,14.4000,175.9468,137.7798,29.6291,128.4258,256.8515,258.1778,514.3107,777.7133,102.8621,0.0,4.004732,6.055743,1.183512,29,129,8,3,0.43109585,0.06762687,0.04731611,0E-8,0.000000,0.890948,0.000000,0.03570155,2026-03-24,2026-08-06,65,444,384,136,0.477941,1.277014,1.157594,1.436986,,,,,,,,GLOBAL_BASELINE_NO_ENTITY_RANKING,,,NOT_APPLICABLE_GLOBAL_BASELINE,HF9g-P5,,,,X 全窗基线 · 不参与实体赏罚,15058275,1506,A168_HF9F_20260827_0900,2026-08-27 09:00:00
2026-08-06,122817705,970,0,770.5545424190,-256.8515141396,-256.8515141396,0.5000000,3,2,0.50218229999999942,0.503299400000,-0.0061725353071872295,-0.009332315641528947,-0.0061725353071872295,-0.00111710000000058,ELIGIBLE,R03b_20260811_FULL_v1,L1_ELIGIBILITY,v2026-08-11,2026-03-21..2026-08-06,baccarat_bet02_101_all_pairs_incl_sentinel,round_win = game_pnl > 0 (decisive only),COMPATIBILITY_ONLY_NOT_PRODUCTION,146521.7074,130543.1969,9908.8042,964,936,-0.06762687,-0.04731611,-0.08301766,-0.06762687,-9908.8042,146521.7074,OK,0.0000,396.3522,4.0000,96.0000,AG03-UNRESOLVED,ALL5_LEVELS_bet23_to_bet27,396.3522,396.3522,495.4402,495.4402,495.4402,4.000000,4.000000,5.000000,5.000000,5.000000,96.000000,96.000000,95.000000,95.000000,95.000000,5.0,2279.0250,2079.2952,7629.7792,7829.509,PENDING_AG03,FALSE,NOT_FOR_ENFORCEMENT,9512.4520,125321.4690,9908.8042,9512.4520,396.3522,0.06762687,0.06492179,396.3522,9512.4520,0.06492179,396.3522,396.3522,495.4402,495.4402,495.4402,9512.4520,0.06492179,2279.0250,2079.2952,7629.7792,7829.509,0.05207269,0.05343583,0.00270507,151.9935,139.4692,10.5863,152.4431,22.3171,2254.1801,14.4000,175.9468,137.7798,29.6291,128.4258,256.8515,258.1778,514.3107,777.7133,102.8621,0.0,4.004732,6.055743,1.183512,29,129,8,3,0.43109585,0.06762687,0.04731611,0E-8,0.000000,0.890948,0.000000,0.03570155,2026-03-24,2026-08-06,65,444,384,136,0.477941,1.277014,1.157594,1.436986,,,,,,,,GLOBAL_BASELINE_NO_ENTITY_RANKING,,,NOT_APPLICABLE_GLOBAL_BASELINE,HF9g-P5,,,,X 全窗基线 · 不参与实体赏罚,15058276,1506,A168_HF9F_20260827_0900,2026-08-27 09:00:00
2026-03-22,94349862,1109,0,200.2817149397,4.2917510347,4.2917510347,0.6153846,19,13,0.43606549917571795,0.371168069231,1.3037912729518923,1.8226117431094373,1.3037912729518923,0.06489742994471795,ELIGIBLE,R03b_20260811_FULL_v1,L1_ELIGIBILITY,v2026-08-11,2026-03-21..2026-08-06,baccarat_bet02_101_all_pairs_incl_sentinel,round_win = game_pnl > 0 (decisive only),COMPATIBILITY_ONLY_NOT_PRODUCTION,223493.2844,206079.2994,9911.0973,12208,5823,-0.04434629,-0.01893081,-0.05513017,-0.04434629,-9911.0973,223493.2844,OK,0.0000,396.4439,4.0000,96.0000,AG03-UNRESOLVED,ALL5_LEVELS_bet23_to_bet27,396.4439,396.4439,396.4439,594.6658,594.6658,4.000000,4.000000,4.000000,6.000000,6.000000,96.000000,96.000000,96.000000,94.000000,94.000000,5.0,2378.6634,2163.0699,7532.4340,7748.0274,PENDING_AG03,FALSE,NOT_FOR_ENFORCEMENT,9514.6534,197836.1275,9911.0973,9514.6534,396.4439,0.04434629,0.04257244,396.4439,9514.6534,0.04257244,396.4439,396.4439,396.4439,594.6658,594.6658,9514.6534,0.04257244,2378.6634,2163.0699,7532.4340,7748.0274,0.03370318,0.03466783,0.00177385,18.3071,35.3906,1.7021,111.3606,22.7319,2511.1605,65.4270,19.5018,17.8433,6.2314,10.3857,29.4087,42.1647,51.0976,84.0248,10.2195,-6.1317,4.919981,8.090411,1.762719,10,81,100,8,0.29790265,0.04434629,0.01893081,0E-8,0.000000,0.922083,0.000000,0.03619937,2026-03-22,2026-08-06,89,436,292,138,0.644928,1.092949,1.065259,0.993009,,,,,,,,GLOBAL_BASELINE_NO_ENTITY_RANKING,,,NOT_APPLICABLE_GLOBAL_BASELINE,HF9g-P5,,,,X 全窗基线 · 不参与实体赏罚,15058277,1506,A168_HF9F_20260827_0900,2026-08-27 09:00:00
2026-03-22,94349862,2106,0,253.1032661327,-101.7915309445,-101.7915309445,0.3571429,17,14,0.48333377782348253,0.454626296429,-0.9448514163482555,-0.7325216884538146,-0.9448514163482555,0.02870748139448253,ELIGIBLE,R03b_20260811_FULL_v1,L1_ELIGIBILITY,v2026-08-11,2026-03-21..2026-08-06,baccarat_bet02_101_all_pairs_incl_sentinel,round_win = game_pnl > 0 (decisive only),COMPATIBILITY_ONLY_NOT_PRODUCTION,223493.2844,206079.2994,9911.0973,12208,5823,-0.04434629,-0.01893081,-0.05513017,-0.04434629,-9911.0973,223493.2844,OK,0.0000,396.4439,4.0000,96.0000,AG03-UNRESOLVED,ALL5_LEVELS_bet23_to_bet27,396.4439,396.4439,396.4439,594.6658,594.6658,4.000000,4.000000,4.000000,6.000000,6.000000,96.000000,96.000000,96.000000,94.000000,94.000000,5.0,2378.6634,2163.0699,7532.4340,7748.0274,PENDING_AG03,FALSE,NOT_FOR_ENFORCEMENT,9514.6534,197836.1275,9911.0973,9514.6534,396.4439,0.04434629,0.04257244,396.4439,9514.6534,0.04257244,396.4439,396.4439,396.4439,594.6658,594.6658,9514.6534,0.04257244,2378.6634,2163.0699,7532.4340,7748.0274,0.03370318,0.03466783,0.00177385,18.3071,35.3906,1.7021,111.3606,22.7319,2511.1605,65.4270,19.5018,17.8433,6.2314,10.3857,29.4087,42.1647,51.0976,84.0248,10.2195,-6.1317,4.919981,8.090411,1.762719,10,81,100,8,0.29790265,0.04434629,0.01893081,0E-8,0.000000,0.922083,0.000000,0.03619937,2026-03-22,2026-08-06,89,436,292,138,0.644928,1.092949,1.065259,0.993009,,,,,,,,GLOBAL_BASELINE_NO_ENTITY_RANKING,,,NOT_APPLICABLE_GLOBAL_BASELINE,HF9g-P5,,,,X 全窗基线 · 不参与实体赏罚,15058278,1506,A168_HF9F_20260827_0900,2026-08-27 09:00:00
2026-03-26,94349862,1291,0,20.0281714939,-1.9808081697,-1.9808081697,0.4000000,5,5,0.49860758000000000,0.498607580000,-0.440988213962219,-0.440988213962219,-0.440988213962219,0E-17,ELIGIBLE,R03b_20260811_FULL_v1,L1_ELIGIBILITY,v2026-08-11,2026-03-21..2026-08-06,baccarat_bet02_101_all_pairs_incl_sentinel,round_win = game_pnl > 0 (decisive only),COMPATIBILITY_ONLY_NOT_PRODUCTION,223493.2844,206079.2994,9911.0973,12208,5823,-0.04434629,-0.01893081,-0.05513017,-0.04434629,-9911.0973,223493.2844,OK,0.0000,396.4439,4.0000,96.0000,AG03-UNRESOLVED,ALL5_LEVELS_bet23_to_bet27,396.4439,396.4439,396.4439,594.6658,594.6658,4.000000,4.000000,4.000000,6.000000,6.000000,96.000000,96.000000,96.000000,94.000000,94.000000,5.0,2378.6634,2163.0699,7532.4340,7748.0274,PENDING_AG03,FALSE,NOT_FOR_ENFORCEMENT,9514.6534,197836.1275,9911.0973,9514.6534,396.4439,0.04434629,0.04257244,396.4439,9514.6534,0.04257244,396.4439,396.4439,396.4439,594.6658,594.6658,9514.6534,0.04257244,2378.6634,2163.0699,7532.4340,7748.0274,0.03370318,0.03466783,0.00177385,18.3071,35.3906,1.7021,111.3606,22.7319,2511.1605,65.4270,19.5018,17.8433,6.2314,10.3857,29.4087,42.1647,51.0976,84.0248,10.2195,-6.1317,4.919981,8.090411,1.762719,10,81,100,8,0.29790265,0.04434629,0.01893081,0E-8,0.000000,0.922083,0.000000,0.03619937,2026-03-22,2026-08-06,89,436,292,138,0.644928,1.092949,1.065259,0.993009,,,,,,,,GLOBAL_BASELINE_NO_ENTITY_RANKING,,,NOT_APPLICABLE_GLOBAL_BASELINE,HF9g-P5,,,,X 全窗基线 · 不参与实体赏罚,15058279,1506,A168_HF9F_20260827_0900,2026-08-27 09:00:00
2026-03-27,94349862,1654,0,10.5643102386,-10.5643102386,-10.5643102386,0E-7,1,1,0.50665070000000000,0.506650700000,-1.013391052207602,-1.013391052207602,-1.013391052207602,0E-17,ELIGIBLE,R03b_20260811_FULL_v1,L1_ELIGIBILITY,v2026-08-11,2026-03-21..2026-08-06,baccarat_bet02_101_all_pairs_incl_sentinel,round_win = game_pnl > 0 (decisive only),COMPATIBILITY_ONLY_NOT_PRODUCTION,223493.2844,206079.2994,9911.0973,12208,5823,-0.04434629,-0.01893081,-0.05513017,-0.04434629,-9911.0973,223493.2844,OK,0.0000,396.4439,4.0000,96.0000,AG03-UNRESOLVED,ALL5_LEVELS_bet23_to_bet27,396.4439,396.4439,396.4439,594.6658,594.6658,4.000000,4.000000,4.000000,6.000000,6.000000,96.000000,96.000000,96.000000,94.000000,94.000000,5.0,2378.6634,2163.0699,7532.4340,7748.0274,PENDING_AG03,FALSE,NOT_FOR_ENFORCEMENT,9514.6534,197836.1275,9911.0973,9514.6534,396.4439,0.04434629,0.04257244,396.4439,9514.6534,0.04257244,396.4439,396.4439,396.4439,594.6658,594.6658,9514.6534,0.04257244,2378.6634,2163.0699,7532.4340,7748.0274,0.03370318,0.03466783,0.00177385,18.3071,35.3906,1.7021,111.3606,22.7319,2511.1605,65.4270,19.5018,17.8433,6.2314,10.3857,29.4087,42.1647,51.0976,84.0248,10.2195,-6.1317,4.919981,8.090411,1.762719,10,81,100,8,0.29790265,0.04434629,0.01893081,0E-8,0.000000,0.922083,0.000000,0.03619937,2026-03-22,2026-08-06,89,436,292,138,0.644928,1.092949,1.065259,0.993009,,,,,,,,GLOBAL_BASELINE_NO_ENTITY_RANKING,,,NOT_APPLICABLE_GLOBAL_BASELINE,HF9g-P5,,,,X 全窗基线 · 不参与实体赏罚,15058280,1506,A168_HF9F_20260827_0900,2026-08-27 09:00:00
2026-03-31,94349862,2130,0,96.8395105202,-96.8395105202,-96.8395105202,0E-7,6,4,0.47322674821452214,0.398665625000,-1.8956265404376906,-1.6284572999868443,-1.8956265404376906,0.07456112321452214,ELIGIBLE,R03b_20260811_FULL_v1,L1_ELIGIBILITY,v2026-08-11,2026-03-21..2026-08-06,baccarat_bet02_101_all_pairs_incl_sentinel,round_win = game_pnl > 0 (decisive only),COMPATIBILITY_ONLY_NOT_PRODUCTION,223493.2844,206079.2994,9911.0973,12208,5823,-0.04434629,-0.01893081,-0.05513017,-0.04434629,-9911.0973,223493.2844,OK,0.0000,396.4439,4.0000,96.0000,AG03-UNRESOLVED,ALL5_LEVELS_bet23_to_bet27,396.4439,396.4439,396.4439,594.6658,594.6658,4.000000,4.000000,4.000000,6.000000,6.000000,96.000000,96.000000,96.000000,94.000000,94.000000,5.0,2378.6634,2163.0699,7532.4340,7748.0274,PENDING_AG03,FALSE,NOT_FOR_ENFORCEMENT,9514.6534,197836.1275,9911.0973,9514.6534,396.4439,0.04434629,0.04257244,396.4439,9514.6534,0.04257244,396.4439,396.4439,396.4439,594.6658,594.6658,9514.6534,0.04257244,2378.6634,2163.0699,7532.4340,7748.0274,0.03370318,0.03466783,0.00177385,18.3071,35.3906,1.7021,111.3606,22.7319,2511.1605,65.4270,19.5018,17.8433,6.2314,10.3857,29.4087,42.1647,51.0976,84.0248,10.2195,-6.1317,4.919981,8.090411,1.762719,10,81,100,8,0.29790265,0.04434629,0.01893081,0E-8,0.000000,0.922083,0.000000,0.03619937,2026-03-22,2026-08-06,89,436,292,138,0.644928,1.092949,1.065259,0.993009,,,,,,,,GLOBAL_BASELINE_NO_ENTITY_RANKING,,,NOT_APPLICABLE_GLOBAL_BASELINE,HF9g-P5,,,,X 全窗基线 · 不参与实体赏罚,15058281,1506,A168_HF9F_20260827_0900,2026-08-27 09:00:00
2026-03-31,94349862,2134,0,8.4329475260,-8.4329475260,-8.4329475260,0E-7,2,2,0.50665070000000000,0.506650700000,-1.4331513700195317,-1.4331513700195317,-1.4331513700195317,0E-17,ELIGIBLE,R03b_20260811_FULL_v1,L1_ELIGIBILITY,v2026-08-11,2026-03-21..2026-08-06,baccarat_bet02_101_all_pairs_incl_sentinel,round_win = game_pnl > 0 (decisive only),COMPATIBILITY_ONLY_NOT_PRODUCTION,223493.2844,206079.2994,9911.0973,12208,5823,-0.04434629,-0.01893081,-0.05513017,-0.04434629,-9911.0973,223493.2844,OK,0.0000,396.4439,4.0000,96.0000,AG03-UNRESOLVED,ALL5_LEVELS_bet23_to_bet27,396.4439,396.4439,396.4439,594.6658,594.6658,4.000000,4.000000,4.000000,6.000000,6.000000,96.000000,96.000000,96.000000,94.000000,94.000000,5.0,2378.6634,2163.0699,7532.4340,7748.0274,PENDING_AG03,FALSE,NOT_FOR_ENFORCEMENT,9514.6534,197836.1275,9911.0973,9514.6534,396.4439,0.04434629,0.04257244,396.4439,9514.6534,0.04257244,396.4439,396.4439,396.4439,594.6658,594.6658,9514.6534,0.04257244,2378.6634,2163.0699,7532.4340,7748.0274,0.03370318,0.03466783,0.00177385,18.3071,35.3906,1.7021,111.3606,22.7319,2511.1605,65.4270,19.5018,17.8433,6.2314,10.3857,29.4087,42.1647,51.0976,84.0248,10.2195,-6.1317,4.919981,8.090411,1.762719,10,81,100,8,0.29790265,0.04434629,0.01893081,0E-8,0.000000,0.922083,0.000000,0.03619937,2026-03-22,2026-08-06,89,436,292,138,0.644928,1.092949,1.065259,0.993009,,,,,,,,GLOBAL_BASELINE_NO_ENTITY_RANKING,,,NOT_APPLICABLE_GLOBAL_BASELINE,HF9g-P5,,,,X 全窗基线 · 不参与实体赏罚,15058282,1506,A168_HF9F_20260827_0900,2026-08-27 09:00:00
2026-04-02,94349862,1646,0,96.9788965490,-57.0278076446,-57.0278076446,0.1666667,9,7,0.48210896476190476,0.443026471429,-1.5463355947847053,-1.3627568905257512,-1.5463355947847053,0.03908249333290476,ELIGIBLE,R03b_20260811_FULL_v1,L1_ELIGIBILITY,v2026-08-11,2026-03-21..2026-08-06,baccarat_bet02_101_all_pairs_incl_sentinel,round_win = game_pnl > 0 (decisive only),COMPATIBILITY_ONLY_NOT_PRODUCTION,223493.2844,206079.2994,9911.0973,12208,5823,-0.04434629,-0.01893081,-0.05513017,-0.04434629,-9911.0973,223493.2844,OK,0.0000,396.4439,4.0000,96.0000,AG03-UNRESOLVED,ALL5_LEVELS_bet23_to_bet27,396.4439,396.4439,396.4439,594.6658,594.6658,4.000000,4.000000,4.000000,6.000000,6.000000,96.000000,96.000000,96.000000,94.000000,94.000000,5.0,2378.6634,2163.0699,7532.4340,7748.0274,PENDING_AG03,FALSE,NOT_FOR_ENFORCEMENT,9514.6534,197836.1275,9911.0973,9514.6534,396.4439,0.04434629,0.04257244,396.4439,9514.6534,0.04257244,396.4439,396.4439,396.4439,594.6658,594.6658,9514.6534,0.04257244,2378.6634,2163.0699,7532.4340,7748.0274,0.03370318,0.03466783,0.00177385,18.3071,35.3906,1.7021,111.3606,22.7319,2511.1605,65.4270,19.5018,17.8433,6.2314,10.3857,29.4087,42.1647,51.0976,84.0248,10.2195,-6.1317,4.919981,8.090411,1.762719,10,81,100,8,0.29790265,0.04434629,0.01893081,0E-8,0.000000,0.922083,0.000000,0.03619937,2026-03-22,2026-08-06,89,436,292,138,0.644928,1.092949,1.065259,0.993009,,,,,,,,GLOBAL_BASELINE_NO_ENTITY_RANKING,,,NOT_APPLICABLE_GLOBAL_BASELINE,HF9g-P5,,,,X 全窗基线 · 不参与实体赏罚,15058283,1506,A168_HF9F_20260827_0900,2026-08-27 09:00:00
2026-04-03,94349862,1017,0,457.4874032847,-156.5365884512,-156.5365884512,0.5000000,34,10,0.38250934945074659,0.203703627000,0.7644816896479404,2.3264278358187083,0.7644816896479404,0.17880572245074659,ELIGIBLE,R03b_20260811_FULL_v1,L1_ELIGIBILITY,v2026-08-11,2026-03-21..2026-08-06,baccarat_bet02_101_all_pairs_incl_sentinel,round_win = game_pnl > 0 (decisive only),COMPATIBILITY_ONLY_NOT_PRODUCTION,223493.2844,206079.2994,9911.0973,12208,5823,-0.04434629,-0.01893081,-0.05513017,-0.04434629,-9911.0973,223493.2844,OK,0.0000,396.4439,4.0000,96.0000,AG03-UNRESOLVED,ALL5_LEVELS_bet23_to_bet27,396.4439,396.4439,396.4439,594.6658,594.6658,4.000000,4.000000,4.000000,6.000000,6.000000,96.000000,96.000000,96.000000,94.000000,94.000000,5.0,2378.6634,2163.0699,7532.4340,7748.0274,PENDING_AG03,FALSE,NOT_FOR_ENFORCEMENT,9514.6534,197836.1275,9911.0973,9514.6534,396.4439,0.04434629,0.04257244,396.4439,9514.6534,0.04257244,396.4439,396.4439,396.4439,594.6658,594.6658,9514.6534,0.04257244,2378.6634,2163.0699,7532.4340,7748.0274,0.03370318,0.03466783,0.00177385,18.3071,35.3906,1.7021,111.3606,22.7319,2511.1605,65.4270,19.5018,17.8433,6.2314,10.3857,29.4087,42.1647,51.0976,84.0248,10.2195,-6.1317,4.919981,8.090411,1.762719,10,81,100,8,0.29790265,0.04434629,0.01893081,0E-8,0.000000,0.922083,0.000000,0.03619937,2026-03-22,2026-08-06,89,436,292,138,0.644928,1.092949,1.065259,0.993009,,,,,,,,GLOBAL_BASELINE_NO_ENTITY_RANKING,,,NOT_APPLICABLE_GLOBAL_BASELINE,HF9g-P5,,,,X 全窗基线 · 不参与实体赏罚,15058284,1506,A168_HF9F_20260827_0900,2026-08-27 09:00:00
2026-04-03,94349862,1221,0,141.2518710602,57.9765142411,57.9765142411,0.6666667,12,3,0.36314701449244946,0.177402200000,1.093167243364798,2.2183549174085195,1.093167243364798,0.18574481449244946,ELIGIBLE,R03b_20260811_FULL_v1,L1_ELIGIBILITY,v2026-08-11,2026-03-21..2026-08-06,baccarat_bet02_101_all_pairs_incl_sentinel,round_win = game_pnl > 0 (decisive only),COMPATIBILITY_ONLY_NOT_PRODUCTION,223493.2844,206079.2994,9911.0973,12208,5823,-0.04434629,-0.01893081,-0.05513017,-0.04434629,-9911.0973,223493.2844,OK,0.0000,396.4439,4.0000,96.0000,AG03-UNRESOLVED,ALL5_LEVELS_bet23_to_bet27,396.4439,396.4439,396.4439,594.6658,594.6658,4.000000,4.000000,4.000000,6.000000,6.000000,96.000000,96.000000,96.000000,94.000000,94.000000,5.0,2378.6634,2163.0699,7532.4340,7748.0274,PENDING_AG03,FALSE,NOT_FOR_ENFORCEMENT,9514.6534,197836.1275,9911.0973,9514.6534,396.4439,0.04434629,0.04257244,396.4439,9514.6534,0.04257244,396.4439,396.4439,396.4439,594.6658,594.6658,9514.6534,0.04257244,2378.6634,2163.0699,7532.4340,7748.0274,0.03370318,0.03466783,0.00177385,18.3071,35.3906,1.7021,111.3606,22.7319,2511.1605,65.4270,19.5018,17.8433,6.2314,10.3857,29.4087,42.1647,51.0976,84.0248,10.2195,-6.1317,4.919981,8.090411,1.762719,10,81,100,8,0.29790265,0.04434629,0.01893081,0E-8,0.000000,0.922083,0.000000,0.03619937,2026-03-22,2026-08-06,89,436,292,138,0.644928,1.092949,1.065259,0.993009,,,,,,,,GLOBAL_BASELINE_NO_ENTITY_RANKING,,,NOT_APPLICABLE_GLOBAL_BASELINE,HF9g-P5,,,,X 全窗基线 · 不参与实体赏罚,15058285,1506,A168_HF9F_20260827_0900,2026-08-27 09:00:00
2026-04-03,94349862,1304,0,1028.8195981703,63.2471064445,63.2471064445,0.4500000,85,20,0.34527152826135112,0.160984096167,0.9850737965529718,3.516901104005944,0.9850737965529718,0.18428743209435112,ELIGIBLE,R03b_20260811_FULL_v1,L1_ELIGIBILITY,v2026-08-11,2026-03-21..2026-08-06,baccarat_bet02_101_all_pairs_incl_sentinel,round_win = game_pnl > 0 (decisive only),COMPATIBILITY_ONLY_NOT_PRODUCTION,223493.2844,206079.2994,9911.0973,12208,5823,-0.04434629,-0.01893081,-0.05513017,-0.04434629,-9911.0973,223493.2844,OK,0.0000,396.4439,4.0000,96.0000,AG03-UNRESOLVED,ALL5_LEVELS_bet23_to_bet27,396.4439,396.4439,396.4439,594.6658,594.6658,4.000000,4.000000,4.000000,6.000000,6.000000,96.000000,96.000000,96.000000,94.000000,94.000000,5.0,2378.6634,2163.0699,7532.4340,7748.0274,PENDING_AG03,FALSE,NOT_FOR_ENFORCEMENT,9514.6534,197836.1275,9911.0973,9514.6534,396.4439,0.04434629,0.04257244,396.4439,9514.6534,0.04257244,396.4439,396.4439,396.4439,594.6658,594.6658,9514.6534,0.04257244,2378.6634,2163.0699,7532.4340,7748.0274,0.03370318,0.03466783,0.00177385,18.3071,35.3906,1.7021,111.3606,22.7319,2511.1605,65.4270,19.5018,17.8433,6.2314,10.3857,29.4087,42.1647,51.0976,84.0248,10.2195,-6.1317,4.919981,8.090411,1.762719,10,81,100,8,0.29790265,0.04434629,0.01893081,0E-8,0.000000,0.922083,0.000000,0.03619937,2026-03-22,2026-08-06,89,436,292,138,0.644928,1.092949,1.065259,0.993009,,,,,,,,GLOBAL_BASELINE_NO_ENTITY_RANKING,,,NOT_APPLICABLE_GLOBAL_BASELINE,HF9g-P5,,,,X 全窗基线 · 不参与实体赏罚,15058286,1506,A168_HF9F_20260827_0900,2026-08-27 09:00:00
2026-04-03,94349862,1353,0,170.7671874013,61.8767524718,61.8767524718,0.6000000,13,5,0.40969011449596837,0.314350208333,0.8653236622414746,1.3758176081007472,0.8653236622414746,0.09533990616296837,ELIGIBLE,R03b_20260811_FULL_v1,L1_ELIGIBILITY,v2026-08-11,2026-03-21..2026-08-06,baccarat_bet02_101_all_pairs_incl_sentinel,round_win = game_pnl > 0 (decisive only),COMPATIBILITY_ONLY_NOT_PRODUCTION,223493.2844,206079.2994,9911.0973,12208,5823,-0.04434629,-0.01893081,-0.05513017,-0.04434629,-9911.0973,223493.2844,OK,0.0000,396.4439,4.0000,96.0000,AG03-UNRESOLVED,ALL5_LEVELS_bet23_to_bet27,396.4439,396.4439,396.4439,594.6658,594.6658,4.000000,4.000000,4.000000,6.000000,6.000000,96.000000,96.000000,96.000000,94.000000,94.000000,5.0,2378.6634,2163.0699,7532.4340,7748.0274,PENDING_AG03,FALSE,NOT_FOR_ENFORCEMENT,9514.6534,197836.1275,9911.0973,9514.6534,396.4439,0.04434629,0.04257244,396.4439,9514.6534,0.04257244,396.4439,396.4439,396.4439,594.6658,594.6658,9514.6534,0.04257244,2378.6634,2163.0699,7532.4340,7748.0274,0.03370318,0.03466783,0.00177385,18.3071,35.3906,1.7021,111.3606,22.7319,2511.1605,65.4270,19.5018,17.8433,6.2314,10.3857,29.4087,42.1647,51.0976,84.0248,10.2195,-6.1317,4.919981,8.090411,1.762719,10,81,100,8,0.29790265,0.04434629,0.01893081,0E-8,0.000000,0.922083,0.000000,0.03619937,2026-03-22,2026-08-06,89,436,292,138,0.644928,1.092949,1.065259,0.993009,,,,,,,,GLOBAL_BASELINE_NO_ENTITY_RANKING,,,NOT_APPLICABLE_GLOBAL_BASELINE,HF9g-P5,,,,X 全窗基线 · 不参与实体赏罚,15058287,1506,A168_HF9F_20260827_0900,2026-08-27 09:00:00
2026-04-03,94349862,1363,0,55.0249826071,-12.2699386504,-12.2699386504,0.5000000,10,10,0.50396966000000000,0.503969660000,-0.02510712557163591,-0.02510712557163591,-0.02510712557163591,0E-17,ELIGIBLE,R03b_20260811_FULL_v1,L1_ELIGIBILITY,v2026-08-11,2026-03-21..2026-08-06,baccarat_bet02_101_all_pairs_incl_sentinel,round_win = game_pnl > 0 (decisive only),COMPATIBILITY_ONLY_NOT_PRODUCTION,223493.2844,206079.2994,9911.0973,12208,5823,-0.04434629,-0.01893081,-0.05513017,-0.04434629,-9911.0973,223493.2844,OK,0.0000,396.4439,4.0000,96.0000,AG03-UNRESOLVED,ALL5_LEVELS_bet23_to_bet27,396.4439,396.4439,396.4439,594.6658,594.6658,4.000000,4.000000,4.000000,6.000000,6.000000,96.000000,96.000000,96.000000,94.000000,94.000000,5.0,2378.6634,2163.0699,7532.4340,7748.0274,PENDING_AG03,FALSE,NOT_FOR_ENFORCEMENT,9514.6534,197836.1275,9911.0973,9514.6534,396.4439,0.04434629,0.04257244,396.4439,9514.6534,0.04257244,396.4439,396.4439,396.4439,594.6658,594.6658,9514.6534,0.04257244,2378.6634,2163.0699,7532.4340,7748.0274,0.03370318,0.03466783,0.00177385,18.3071,35.3906,1.7021,111.3606,22.7319,2511.1605,65.4270,19.5018,17.8433,6.2314,10.3857,29.4087,42.1647,51.0976,84.0248,10.2195,-6.1317,4.919981,8.090411,1.762719,10,81,100,8,0.29790265,0.04434629,0.01893081,0E-8,0.000000,0.922083,0.000000,0.03619937,2026-03-22,2026-08-06,89,436,292,138,0.644928,1.092949,1.065259,0.993009,,,,,,,,GLOBAL_BASELINE_NO_ENTITY_RANKING,,,NOT_APPLICABLE_GLOBAL_BASELINE,HF9g-P5,,,,X 全窗基线 · 不参与实体赏罚,15058288,1506,A168_HF9F_20260827_0900,2026-08-27 09:00:00
2026-04-03,94349862,1646,0,377.3744017880,278.1818565131,278.1818565131,0.5000000,27,8,0.36886718646999131,0.195319037500,0.7687072570326463,2.173732813370852,0.7687072570326463,0.17354814896999131,ELIGIBLE,R03b_20260811_FULL_v1,L1_ELIGIBILITY,v2026-08-11,2026-03-21..2026-08-06,baccarat_bet02_101_all_pairs_incl_sentinel,round_win = game_pnl > 0 (decisive only),COMPATIBILITY_ONLY_NOT_PRODUCTION,223493.2844,206079.2994,9911.0973,12208,5823,-0.04434629,-0.01893081,-0.05513017,-0.04434629,-9911.0973,223493.2844,OK,0.0000,396.4439,4.0000,96.0000,AG03-UNRESOLVED,ALL5_LEVELS_bet23_to_bet27,396.4439,396.4439,396.4439,594.6658,594.6658,4.000000,4.000000,4.000000,6.000000,6.000000,96.000000,96.000000,96.000000,94.000000,94.000000,5.0,2378.6634,2163.0699,7532.4340,7748.0274,PENDING_AG03,FALSE,NOT_FOR_ENFORCEMENT,9514.6534,197836.1275,9911.0973,9514.6534,396.4439,0.04434629,0.04257244,396.4439,9514.6534,0.04257244,396.4439,396.4439,396.4439,594.6658,594.6658,9514.6534,0.04257244,2378.6634,2163.0699,7532.4340,7748.0274,0.03370318,0.03466783,0.00177385,18.3071,35.3906,1.7021,111.3606,22.7319,2511.1605,65.4270,19.5018,17.8433,6.2314,10.3857,29.4087,42.1647,51.0976,84.0248,10.2195,-6.1317,4.919981,8.090411,1.762719,10,81,100,8,0.29790265,0.04434629,0.01893081,0E-8,0.000000,0.922083,0.000000,0.03619937,2026-03-22,2026-08-06,89,436,292,138,0.644928,1.092949,1.065259,0.993009,,,,,,,,GLOBAL_BASELINE_NO_ENTITY_RANKING,,,NOT_APPLICABLE_GLOBAL_BASELINE,HF9g-P5,,,,X 全窗基线 · 不参与实体赏罚,15058289,1506,A168_HF9F_20260827_0900,2026-08-27 09:00:00
2026-04-03,94349862,1702,0,185.5248455717,-185.5248455717,-185.5248455717,0E-7,12,4,0.39056769598498026,0.223935956250,-1.6010888018098752,-1.0743434250143145,-1.6010888018098752,0.16663173973498026,ELIGIBLE,R03b_20260811_FULL_v1,L1_ELIGIBILITY,v2026-08-11,2026-03-21..2026-08-06,baccarat_bet02_101_all_pairs_incl_sentinel,round_win = game_pnl > 0 (decisive only),COMPATIBILITY_ONLY_NOT_PRODUCTION,223493.2844,206079.2994,9911.0973,12208,5823,-0.04434629,-0.01893081,-0.05513017,-0.04434629,-9911.0973,223493.2844,OK,0.0000,396.4439,4.0000,96.0000,AG03-UNRESOLVED,ALL5_LEVELS_bet23_to_bet27,396.4439,396.4439,396.4439,594.6658,594.6658,4.000000,4.000000,4.000000,6.000000,6.000000,96.000000,96.000000,96.000000,94.000000,94.000000,5.0,2378.6634,2163.0699,7532.4340,7748.0274,PENDING_AG03,FALSE,NOT_FOR_ENFORCEMENT,9514.6534,197836.1275,9911.0973,9514.6534,396.4439,0.04434629,0.04257244,396.4439,9514.6534,0.04257244,396.4439,396.4439,396.4439,594.6658,594.6658,9514.6534,0.04257244,2378.6634,2163.0699,7532.4340,7748.0274,0.03370318,0.03466783,0.00177385,18.3071,35.3906,1.7021,111.3606,22.7319,2511.1605,65.4270,19.5018,17.8433,6.2314,10.3857,29.4087,42.1647,51.0976,84.0248,10.2195,-6.1317,4.919981,8.090411,1.762719,10,81,100,8,0.29790265,0.04434629,0.01893081,0E-8,0.000000,0.922083,0.000000,0.03619937,2026-03-22,2026-08-06,89,436,292,138,0.644928,1.092949,1.065259,0.993009,,,,,,,,GLOBAL_BASELINE_NO_ENTITY_RANKING,,,NOT_APPLICABLE_GLOBAL_BASELINE,HF9g-P5,,,,X 全窗基线 · 不参与实体赏罚,15058290,1506,A168_HF9F_20260827_0900,2026-08-27 09:00:00
2026-04-03,94349862,1714,0,598.7392743450,-6.9571817094,-6.9571817094,0.6666667,43,12,0.37897485934593320,0.195957032639,2.054273796097446,4.107935860726388,2.054273796097446,0.18301782670693320,ELIGIBLE,R03b_20260811_FULL_v1,L1_ELIGIBILITY,v2026-08-11,2026-03-21..2026-08-06,baccarat_bet02_101_all_pairs_incl_sentinel,round_win = game_pnl > 0 (decisive only),COMPATIBILITY_ONLY_NOT_PRODUCTION,223493.2844,206079.2994,9911.0973,12208,5823,-0.04434629,-0.01893081,-0.05513017,-0.04434629,-9911.0973,223493.2844,OK,0.0000,396.4439,4.0000,96.0000,AG03-UNRESOLVED,ALL5_LEVELS_bet23_to_bet27,396.4439,396.4439,396.4439,594.6658,594.6658,4.000000,4.000000,4.000000,6.000000,6.000000,96.000000,96.000000,96.000000,94.000000,94.000000,5.0,2378.6634,2163.0699,7532.4340,7748.0274,PENDING_AG03,FALSE,NOT_FOR_ENFORCEMENT,9514.6534,197836.1275,9911.0973,9514.6534,396.4439,0.04434629,0.04257244,396.4439,9514.6534,0.04257244,396.4439,396.4439,396.4439,594.6658,594.6658,9514.6534,0.04257244,2378.6634,2163.0699,7532.4340,7748.0274,0.03370318,0.03466783,0.00177385,18.3071,35.3906,1.7021,111.3606,22.7319,2511.1605,65.4270,19.5018,17.8433,6.2314,10.3857,29.4087,42.1647,51.0976,84.0248,10.2195,-6.1317,4.919981,8.090411,1.762719,10,81,100,8,0.29790265,0.04434629,0.01893081,0E-8,0.000000,0.922083,0.000000,0.03619937,2026-03-22,2026-08-06,89,436,292,138,0.644928,1.092949,1.065259,0.993009,,,,,,,,GLOBAL_BASELINE_NO_ENTITY_RANKING,,,NOT_APPLICABLE_GLOBAL_BASELINE,HF9g-P5,,,,X 全窗基线 · 不参与实体赏罚,15058291,1506,A168_HF9F_20260827_0900,2026-08-27 09:00:00
2026-04-03,94349862,2130,0,1498.9564227440,174.8782493192,174.8782493192,0.6470588,107,35,0.39852020746335128,0.248613318381,2.960040408222252,5.375445323918973,2.960040408222252,0.14990688908235128,ELIGIBLE,R03b_20260811_FULL_v1,L1_ELIGIBILITY,v2026-08-11,2026-03-21..2026-08-06,baccarat_bet02_101_all_pairs_incl_sentinel,round_win = game_pnl > 0 (decisive only),COMPATIBILITY_ONLY_NOT_PRODUCTION,223493.2844,206079.2994,9911.0973,12208,5823,-0.04434629,-0.01893081,-0.05513017,-0.04434629,-9911.0973,223493.2844,OK,0.0000,396.4439,4.0000,96.0000,AG03-UNRESOLVED,ALL5_LEVELS_bet23_to_bet27,396.4439,396.4439,396.4439,594.6658,594.6658,4.000000,4.000000,4.000000,6.000000,6.000000,96.000000,96.000000,96.000000,94.000000,94.000000,5.0,2378.6634,2163.0699,7532.4340,7748.0274,PENDING_AG03,FALSE,NOT_FOR_ENFORCEMENT,9514.6534,197836.1275,9911.0973,9514.6534,396.4439,0.04434629,0.04257244,396.4439,9514.6534,0.04257244,396.4439,396.4439,396.4439,594.6658,594.6658,9514.6534,0.04257244,2378.6634,2163.0699,7532.4340,7748.0274,0.03370318,0.03466783,0.00177385,18.3071,35.3906,1.7021,111.3606,22.7319,2511.1605,65.4270,19.5018,17.8433,6.2314,10.3857,29.4087,42.1647,51.0976,84.0248,10.2195,-6.1317,4.919981,8.090411,1.762719,10,81,100,8,0.29790265,0.04434629,0.01893081,0E-8,0.000000,0.922083,0.000000,0.03619937,2026-03-22,2026-08-06,89,436,292,138,0.644928,1.092949,1.065259,0.993009,,,,,,,,GLOBAL_BASELINE_NO_ENTITY_RANKING,,,NOT_APPLICABLE_GLOBAL_BASELINE,HF9g-P5,,,,X 全窗基线 · 不参与实体赏罚,15058292,1506,A168_HF9F_20260827_0900,2026-08-27 09:00:00
2026-04-03,94349862,2193,0,322.5602428690,52.7059220373,52.7059220373,0.6666667,21,6,0.40646468763897014,0.237545865000,1.2976319456430985,2.4698728328383224,1.2976319456430985,0.16891882263897014,ELIGIBLE,R03b_20260811_FULL_v1,L1_ELIGIBILITY,v2026-08-11,2026-03-21..2026-08-06,baccarat_bet02_101_all_pairs_incl_sentinel,round_win = game_pnl > 0 (decisive only),COMPATIBILITY_ONLY_NOT_PRODUCTION,223493.2844,206079.2994,9911.0973,12208,5823,-0.04434629,-0.01893081,-0.05513017,-0.04434629,-9911.0973,223493.2844,OK,0.0000,396.4439,4.0000,96.0000,AG03-UNRESOLVED,ALL5_LEVELS_bet23_to_bet27,396.4439,396.4439,396.4439,594.6658,594.6658,4.000000,4.000000,4.000000,6.000000,6.000000,96.000000,96.000000,96.000000,94.000000,94.000000,5.0,2378.6634,2163.0699,7532.4340,7748.0274,PENDING_AG03,FALSE,NOT_FOR_ENFORCEMENT,9514.6534,197836.1275,9911.0973,9514.6534,396.4439,0.04434629,0.04257244,396.4439,9514.6534,0.04257244,396.4439,396.4439,396.4439,594.6658,594.6658,9514.6534,0.04257244,2378.6634,2163.0699,7532.4340,7748.0274,0.03370318,0.03466783,0.00177385,18.3071,35.3906,1.7021,111.3606,22.7319,2511.1605,65.4270,19.5018,17.8433,6.2314,10.3857,29.4087,42.1647,51.0976,84.0248,10.2195,-6.1317,4.919981,8.090411,1.762719,10,81,100,8,0.29790265,0.04434629,0.01893081,0E-8,0.000000,0.922083,0.000000,0.03619937,2026-03-22,2026-08-06,89,436,292,138,0.644928,1.092949,1.065259,0.993009,,,,,,,,GLOBAL_BASELINE_NO_ENTITY_RANKING,,,NOT_APPLICABLE_GLOBAL_BASELINE,HF9g-P5,,,,X 全窗基线 · 不参与实体赏罚,15058293,1506,A168_HF9F_20260827_0900,2026-08-27 09:00:00
2026-04-03,94349862,462,0,1456.7916851140,303.9023464672,303.9023464672,0.5555556,95,28,0.37693616169914498,0.211260958631,1.9151831773705248,4.382639989812521,1.9151831773705248,0.16567520306814498,ELIGIBLE,R03b_20260811_FULL_v1,L1_ELIGIBILITY,v2026-08-11,2026-03-21..2026-08-06,baccarat_bet02_101_all_pairs_incl_sentinel,round_win = game_pnl > 0 (decisive only),COMPATIBILITY_ONLY_NOT_PRODUCTION,223493.2844,206079.2994,9911.0973,12208,5823,-0.04434629,-0.01893081,-0.05513017,-0.04434629,-9911.0973,223493.2844,OK,0.0000,396.4439,4.0000,96.0000,AG03-UNRESOLVED,ALL5_LEVELS_bet23_to_bet27,396.4439,396.4439,396.4439,594.6658,594.6658,4.000000,4.000000,4.000000,6.000000,6.000000,96.000000,96.000000,96.000000,94.000000,94.000000,5.0,2378.6634,2163.0699,7532.4340,7748.0274,PENDING_AG03,FALSE,NOT_FOR_ENFORCEMENT,9514.6534,197836.1275,9911.0973,9514.6534,396.4439,0.04434629,0.04257244,396.4439,9514.6534,0.04257244,396.4439,396.4439,396.4439,594.6658,594.6658,9514.6534,0.04257244,2378.6634,2163.0699,7532.4340,7748.0274,0.03370318,0.03466783,0.00177385,18.3071,35.3906,1.7021,111.3606,22.7319,2511.1605,65.4270,19.5018,17.8433,6.2314,10.3857,29.4087,42.1647,51.0976,84.0248,10.2195,-6.1317,4.919981,8.090411,1.762719,10,81,100,8,0.29790265,0.04434629,0.01893081,0E-8,0.000000,0.922083,0.000000,0.03619937,2026-03-22,2026-08-06,89,436,292,138,0.644928,1.092949,1.065259,0.993009,,,,,,,,GLOBAL_BASELINE_NO_ENTITY_RANKING,,,NOT_APPLICABLE_GLOBAL_BASELINE,HF9g-P5,,,,X 全窗基线 · 不参与实体赏罚,15058294,1506,A168_HF9F_20260827_0900,2026-08-27 09:00:00
2026-04-04,94349862,1094,0,9.4870659667,-9.4870659667,-9.4870659667,0E-7,1,1,0.50665070000000000,0.506650700000,-1.013391052207602,-1.013391052207602,-1.013391052207602,0E-17,ELIGIBLE,R03b_20260811_FULL_v1,L1_ELIGIBILITY,v2026-08-11,2026-03-21..2026-08-06,baccarat_bet02_101_all_pairs_incl_sentinel,round_win = game_pnl > 0 (decisive only),COMPATIBILITY_ONLY_NOT_PRODUCTION,223493.2844,206079.2994,9911.0973,12208,5823,-0.04434629,-0.01893081,-0.05513017,-0.04434629,-9911.0973,223493.2844,OK,0.0000,396.4439,4.0000,96.0000,AG03-UNRESOLVED,ALL5_LEVELS_bet23_to_bet27,396.4439,396.4439,396.4439,594.6658,594.6658,4.000000,4.000000,4.000000,6.000000,6.000000,96.000000,96.000000,96.000000,94.000000,94.000000,5.0,2378.6634,2163.0699,7532.4340,7748.0274,PENDING_AG03,FALSE,NOT_FOR_ENFORCEMENT,9514.6534,197836.1275,9911.0973,9514.6534,396.4439,0.04434629,0.04257244,396.4439,9514.6534,0.04257244,396.4439,396.4439,396.4439,594.6658,594.6658,9514.6534,0.04257244,2378.6634,2163.0699,7532.4340,7748.0274,0.03370318,0.03466783,0.00177385,18.3071,35.3906,1.7021,111.3606,22.7319,2511.1605,65.4270,19.5018,17.8433,6.2314,10.3857,29.4087,42.1647,51.0976,84.0248,10.2195,-6.1317,4.919981,8.090411,1.762719,10,81,100,8,0.29790265,0.04434629,0.01893081,0E-8,0.000000,0.922083,0.000000,0.03619937,2026-03-22,2026-08-06,89,436,292,138,0.644928,1.092949,1.065259,0.993009,,,,,,,,GLOBAL_BASELINE_NO_ENTITY_RANKING,,,NOT_APPLICABLE_GLOBAL_BASELINE,HF9g-P5,,,,X 全窗基线 · 不参与实体赏罚,15058295,1506,A168_HF9F_20260827_0900,2026-08-27 09:00:00
2026-04-04,94349862,1157,0,48.4894482745,17.6037779604,17.6037779604,0.7142857,7,7,0.50090561428571429,0.500905614286,1.129103210700875,1.1291032106993646,1.129103210700875,-2.8571E-13,ELIGIBLE,R03b_20260811_FULL_v1,L1_ELIGIBILITY,v2026-08-11,2026-03-21..2026-08-06,baccarat_bet02_101_all_pairs_incl_sentinel,round_win = game_pnl > 0 (decisive only),COMPATIBILITY_ONLY_NOT_PRODUCTION,223493.2844,206079.2994,9911.0973,12208,5823,-0.04434629,-0.01893081,-0.05513017,-0.04434629,-9911.0973,223493.2844,OK,0.0000,396.4439,4.0000,96.0000,AG03-UNRESOLVED,ALL5_LEVELS_bet23_to_bet27,396.4439,396.4439,396.4439,594.6658,594.6658,4.000000,4.000000,4.000000,6.000000,6.000000,96.000000,96.000000,96.000000,94.000000,94.000000,5.0,2378.6634,2163.0699,7532.4340,7748.0274,PENDING_AG03,FALSE,NOT_FOR_ENFORCEMENT,9514.6534,197836.1275,9911.0973,9514.6534,396.4439,0.04434629,0.04257244,396.4439,9514.6534,0.04257244,396.4439,396.4439,396.4439,594.6658,594.6658,9514.6534,0.04257244,2378.6634,2163.0699,7532.4340,7748.0274,0.03370318,0.03466783,0.00177385,18.3071,35.3906,1.7021,111.3606,22.7319,2511.1605,65.4270,19.5018,17.8433,6.2314,10.3857,29.4087,42.1647,51.0976,84.0248,10.2195,-6.1317,4.919981,8.090411,1.762719,10,81,100,8,0.29790265,0.04434629,0.01893081,0E-8,0.000000,0.922083,0.000000,0.03619937,2026-03-22,2026-08-06,89,436,292,138,0.644928,1.092949,1.065259,0.993009,,,,,,,,GLOBAL_BASELINE_NO_ENTITY_RANKING,,,NOT_APPLICABLE_GLOBAL_BASELINE,HF9g-P5,,,,X 全窗基线 · 不参与实体赏罚,15058296,1506,A168_HF9F_20260827_0900,2026-08-27 09:00:00
2026-04-04,94349862,1304,0,685.1769864865,-190.0575548671,-190.0575548671,0.3529412,51,18,0.40334555446515553,0.257870411296,-0.4236357892974725,0.8960470614499734,-0.4236357892974725,0.14547514316915553,ELIGIBLE,R03b_20260811_FULL_v1,L1_ELIGIBILITY,v2026-08-11,2026-03-21..2026-08-06,baccarat_bet02_101_all_pairs_incl_sentinel,round_win = game_pnl > 0 (decisive only),COMPATIBILITY_ONLY_NOT_PRODUCTION,223493.2844,206079.2994,9911.0973,12208,5823,-0.04434629,-0.01893081,-0.05513017,-0.04434629,-9911.0973,223493.2844,OK,0.0000,396.4439,4.0000,96.0000,AG03-UNRESOLVED,ALL5_LEVELS_bet23_to_bet27,396.4439,396.4439,396.4439,594.6658,594.6658,4.000000,4.000000,4.000000,6.000000,6.000000,96.000000,96.000000,96.000000,94.000000,94.000000,5.0,2378.6634,2163.0699,7532.4340,7748.0274,PENDING_AG03,FALSE,NOT_FOR_ENFORCEMENT,9514.6534,197836.1275,9911.0973,9514.6534,396.4439,0.04434629,0.04257244,396.4439,9514.6534,0.04257244,396.4439,396.4439,396.4439,594.6658,594.6658,9514.6534,0.04257244,2378.6634,2163.0699,7532.4340,7748.0274,0.03370318,0.03466783,0.00177385,18.3071,35.3906,1.7021,111.3606,22.7319,2511.1605,65.4270,19.5018,17.8433,6.2314,10.3857,29.4087,42.1647,51.0976,84.0248,10.2195,-6.1317,4.919981,8.090411,1.762719,10,81,100,8,0.29790265,0.04434629,0.01893081,0E-8,0.000000,0.922083,0.000000,0.03619937,2026-03-22,2026-08-06,89,436,292,138,0.644928,1.092949,1.065259,0.993009,,,,,,,,GLOBAL_BASELINE_NO_ENTITY_RANKING,,,NOT_APPLICABLE_GLOBAL_BASELINE,HF9g-P5,,,,X 全窗基线 · 不参与实体赏罚,15058297,1506,A168_HF9F_20260827_0900,2026-08-27 09:00:00
2026-04-04,94349862,1941,0,208.7154512684,-38.4015347966,-38.4015347966,0.4444444,23,18,0.47582990039398077,0.442763683333,-0.2666261296114156,0.014356102197986071,-0.2666261296114156,0.03306621706098077,ELIGIBLE,R03b_20260811_FULL_v1,L1_ELIGIBILITY,v2026-08-11,2026-03-21..2026-08-06,baccarat_bet02_101_all_pairs_incl_sentinel,round_win = game_pnl > 0 (decisive only),COMPATIBILITY_ONLY_NOT_PRODUCTION,223493.2844,206079.2994,9911.0973,12208,5823,-0.04434629,-0.01893081,-0.05513017,-0.04434629,-9911.0973,223493.2844,OK,0.0000,396.4439,4.0000,96.0000,AG03-UNRESOLVED,ALL5_LEVELS_bet23_to_bet27,396.4439,396.4439,396.4439,594.6658,594.6658,4.000000,4.000000,4.000000,6.000000,6.000000,96.000000,96.000000,96.000000,94.000000,94.000000,5.0,2378.6634,2163.0699,7532.4340,7748.0274,PENDING_AG03,FALSE,NOT_FOR_ENFORCEMENT,9514.6534,197836.1275,9911.0973,9514.6534,396.4439,0.04434629,0.04257244,396.4439,9514.6534,0.04257244,396.4439,396.4439,396.4439,594.6658,594.6658,9514.6534,0.04257244,2378.6634,2163.0699,7532.4340,7748.0274,0.03370318,0.03466783,0.00177385,18.3071,35.3906,1.7021,111.3606,22.7319,2511.1605,65.4270,19.5018,17.8433,6.2314,10.3857,29.4087,42.1647,51.0976,84.0248,10.2195,-6.1317,4.919981,8.090411,1.762719,10,81,100,8,0.29790265,0.04434629,0.01893081,0E-8,0.000000,0.922083,0.000000,0.03619937,2026-03-22,2026-08-06,89,436,292,138,0.644928,1.092949,1.065259,0.993009,,,,,,,,GLOBAL_BASELINE_NO_ENTITY_RANKING,,,NOT_APPLICABLE_GLOBAL_BASELINE,HF9g-P5,,,,X 全窗基线 · 不参与实体赏罚,15058298,1506,A168_HF9F_20260827_0900,2026-08-27 09:00:00
2026-04-05,94349862,1485,0,505.9768515591,-4.7435329836,-4.7435329836,0.5454545,37,11,0.37994016159957298,0.214158666667,1.130987177843797,2.678410352317137,1.130987177843797,0.16578149493257298,ELIGIBLE,R03b_20260811_FULL_v1,L1_ELIGIBILITY,v2026-08-11,2026-03-21..2026-08-06,baccarat_bet02_101_all_pairs_incl_sentinel,round_win = game_pnl > 0 (decisive only),COMPATIBILITY_ONLY_NOT_PRODUCTION,223493.2844,206079.2994,9911.0973,12208,5823,-0.04434629,-0.01893081,-0.05513017,-0.04434629,-9911.0973,223493.2844,OK,0.0000,396.4439,4.0000,96.0000,AG03-UNRESOLVED,ALL5_LEVELS_bet23_to_bet27,396.4439,396.4439,396.4439,594.6658,594.6658,4.000000,4.000000,4.000000,6.000000,6.000000,96.000000,96.000000,96.000000,94.000000,94.000000,5.0,2378.6634,2163.0699,7532.4340,7748.0274,PENDING_AG03,FALSE,NOT_FOR_ENFORCEMENT,9514.6534,197836.1275,9911.0973,9514.6534,396.4439,0.04434629,0.04257244,396.4439,9514.6534,0.04257244,396.4439,396.4439,396.4439,594.6658,594.6658,9514.6534,0.04257244,2378.6634,2163.0699,7532.4340,7748.0274,0.03370318,0.03466783,0.00177385,18.3071,35.3906,1.7021,111.3606,22.7319,2511.1605,65.4270,19.5018,17.8433,6.2314,10.3857,29.4087,42.1647,51.0976,84.0248,10.2195,-6.1317,4.919981,8.090411,1.762719,10,81,100,8,0.29790265,0.04434629,0.01893081,0E-8,0.000000,0.922083,0.000000,0.03619937,2026-03-22,2026-08-06,89,436,292,138,0.644928,1.092949,1.065259,0.993009,,,,,,,,GLOBAL_BASELINE_NO_ENTITY_RANKING,,,NOT_APPLICABLE_GLOBAL_BASELINE,HF9g-P5,,,,X 全窗基线 · 不参与实体赏罚,15058299,1506,A168_HF9F_20260827_0900,2026-08-27 09:00:00
2026-04-05,94349862,1702,0,1494.7399489809,-260.5780785536,-260.5780785536,0.4827586,95,29,0.37251108143235427,0.201946294425,1.2279912578888645,3.766874599745537,1.2279912578888645,0.17056478700735427,ELIGIBLE,R03b_20260811_FULL_v1,L1_ELIGIBILITY,v2026-08-11,2026-03-21..2026-08-06,baccarat_bet02_101_all_pairs_incl_sentinel,round_win = game_pnl > 0 (decisive only),COMPATIBILITY_ONLY_NOT_PRODUCTION,223493.2844,206079.2994,9911.0973,12208,5823,-0.04434629,-0.01893081,-0.05513017,-0.04434629,-9911.0973,223493.2844,OK,0.0000,396.4439,4.0000,96.0000,AG03-UNRESOLVED,ALL5_LEVELS_bet23_to_bet27,396.4439,396.4439,396.4439,594.6658,594.6658,4.000000,4.000000,4.000000,6.000000,6.000000,96.000000,96.000000,96.000000,94.000000,94.000000,5.0,2378.6634,2163.0699,7532.4340,7748.0274,PENDING_AG03,FALSE,NOT_FOR_ENFORCEMENT,9514.6534,197836.1275,9911.0973,9514.6534,396.4439,0.04434629,0.04257244,396.4439,9514.6534,0.04257244,396.4439,396.4439,396.4439,594.6658,594.6658,9514.6534,0.04257244,2378.6634,2163.0699,7532.4340,7748.0274,0.03370318,0.03466783,0.00177385,18.3071,35.3906,1.7021,111.3606,22.7319,2511.1605,65.4270,19.5018,17.8433,6.2314,10.3857,29.4087,42.1647,51.0976,84.0248,10.2195,-6.1317,4.919981,8.090411,1.762719,10,81,100,8,0.29790265,0.04434629,0.01893081,0E-8,0.000000,0.922083,0.000000,0.03619937,2026-03-22,2026-08-06,89,436,292,138,0.644928,1.092949,1.065259,0.993009,,,,,,,,GLOBAL_BASELINE_NO_ENTITY_RANKING,,,NOT_APPLICABLE_GLOBAL_BASELINE,HF9g-P5,,,,X 全窗基线 · 不参与实体赏罚,15058300,1506,A168_HF9F_20260827_0900,2026-08-27 09:00:00
2026-04-05,94349862,1940,0,624.0381169231,29.5153163407,29.5153163407,0.6000000,58,15,0.35077477914954193,0.179228234778,2.022673328228343,4.248912638197322,2.022673328228343,0.17154654437154193,ELIGIBLE,R03b_20260811_FULL_v1,L1_ELIGIBILITY,v2026-08-11,2026-03-21..2026-08-06,baccarat_bet02_101_all_pairs_incl_sentinel,round_win = game_pnl > 0 (decisive only),COMPATIBILITY_ONLY_NOT_PRODUCTION,223493.2844,206079.2994,9911.0973,12208,5823,-0.04434629,-0.01893081,-0.05513017,-0.04434629,-9911.0973,223493.2844,OK,0.0000,396.4439,4.0000,96.0000,AG03-UNRESOLVED,ALL5_LEVELS_bet23_to_bet27,396.4439,396.4439,396.4439,594.6658,594.6658,4.000000,4.000000,4.000000,6.000000,6.000000,96.000000,96.000000,96.000000,94.000000,94.000000,5.0,2378.6634,2163.0699,7532.4340,7748.0274,PENDING_AG03,FALSE,NOT_FOR_ENFORCEMENT,9514.6534,197836.1275,9911.0973,9514.6534,396.4439,0.04434629,0.04257244,396.4439,9514.6534,0.04257244,396.4439,396.4439,396.4439,594.6658,594.6658,9514.6534,0.04257244,2378.6634,2163.0699,7532.4340,7748.0274,0.03370318,0.03466783,0.00177385,18.3071,35.3906,1.7021,111.3606,22.7319,2511.1605,65.4270,19.5018,17.8433,6.2314,10.3857,29.4087,42.1647,51.0976,84.0248,10.2195,-6.1317,4.919981,8.090411,1.762719,10,81,100,8,0.29790265,0.04434629,0.01893081,0E-8,0.000000,0.922083,0.000000,0.03619937,2026-03-22,2026-08-06,89,436,292,138,0.644928,1.092949,1.065259,0.993009,,,,,,,,GLOBAL_BASELINE_NO_ENTITY_RANKING,,,NOT_APPLICABLE_GLOBAL_BASELINE,HF9g-P5,,,,X 全窗基线 · 不参与实体赏罚,15058301,1506,A168_HF9F_20260827_0900,2026-08-27 09:00:00
2026-04-05,94349862,2153,0,168.6589505198,-64.3012248857,-64.3012248857,0.3333333,4,4,0.50329940000000000,0.503299400000,-0.5887925454369916,-0.5887925454369916,-0.5887925454369916,0E-17,ELIGIBLE,R03b_20260811_FULL_v1,L1_ELIGIBILITY,v2026-08-11,2026-03-21..2026-08-06,baccarat_bet02_101_all_pairs_incl_sentinel,round_win = game_pnl > 0 (decisive only),COMPATIBILITY_ONLY_NOT_PRODUCTION,223493.2844,206079.2994,9911.0973,12208,5823,-0.04434629,-0.01893081,-0.05513017,-0.04434629,-9911.0973,223493.2844,OK,0.0000,396.4439,4.0000,96.0000,AG03-UNRESOLVED,ALL5_LEVELS_bet23_to_bet27,396.4439,396.4439,396.4439,594.6658,594.6658,4.000000,4.000000,4.000000,6.000000,6.000000,96.000000,96.000000,96.000000,94.000000,94.000000,5.0,2378.6634,2163.0699,7532.4340,7748.0274,PENDING_AG03,FALSE,NOT_FOR_ENFORCEMENT,9514.6534,197836.1275,9911.0973,9514.6534,396.4439,0.04434629,0.04257244,396.4439,9514.6534,0.04257244,396.4439,396.4439,396.4439,594.6658,594.6658,9514.6534,0.04257244,2378.6634,2163.0699,7532.4340,7748.0274,0.03370318,0.03466783,0.00177385,18.3071,35.3906,1.7021,111.3606,22.7319,2511.1605,65.4270,19.5018,17.8433,6.2314,10.3857,29.4087,42.1647,51.0976,84.0248,10.2195,-6.1317,4.919981,8.090411,1.762719,10,81,100,8,0.29790265,0.04434629,0.01893081,0E-8,0.000000,0.922083,0.000000,0.03619937,2026-03-22,2026-08-06,89,436,292,138,0.644928,1.092949,1.065259,0.993009,,,,,,,,GLOBAL_BASELINE_NO_ENTITY_RANKING,,,NOT_APPLICABLE_GLOBAL_BASELINE,HF9g-P5,,,,X 全窗基线 · 不参与实体赏罚,15058302,1506,A168_HF9F_20260827_0900,2026-08-27 09:00:00
2026-04-05,94349862,2160,0,1098.8130626360,-198.3850905491,-198.3850905491,0.4800000,69,25,0.40450470370800489,0.271890592000,0.7691108578102314,2.3386557944475235,0.7691108578102314,0.13261411170800489,ELIGIBLE,R03b_20260811_FULL_v1,L1_ELIGIBILITY,v2026-08-11,2026-03-21..2026-08-06,baccarat_bet02_101_all_pairs_incl_sentinel,round_win = game_pnl > 0 (decisive only),COMPATIBILITY_ONLY_NOT_PRODUCTION,223493.2844,206079.2994,9911.0973,12208,5823,-0.04434629,-0.01893081,-0.05513017,-0.04434629,-9911.0973,223493.2844,OK,0.0000,396.4439,4.0000,96.0000,AG03-UNRESOLVED,ALL5_LEVELS_bet23_to_bet27,396.4439,396.4439,396.4439,594.6658,594.6658,4.000000,4.000000,4.000000,6.000000,6.000000,96.000000,96.000000,96.000000,94.000000,94.000000,5.0,2378.6634,2163.0699,7532.4340,7748.0274,PENDING_AG03,FALSE,NOT_FOR_ENFORCEMENT,9514.6534,197836.1275,9911.0973,9514.6534,396.4439,0.04434629,0.04257244,396.4439,9514.6534,0.04257244,396.4439,396.4439,396.4439,594.6658,594.6658,9514.6534,0.04257244,2378.6634,2163.0699,7532.4340,7748.0274,0.03370318,0.03466783,0.00177385,18.3071,35.3906,1.7021,111.3606,22.7319,2511.1605,65.4270,19.5018,17.8433,6.2314,10.3857,29.4087,42.1647,51.0976,84.0248,10.2195,-6.1317,4.919981,8.090411,1.762719,10,81,100,8,0.29790265,0.04434629,0.01893081,0E-8,0.000000,0.922083,0.000000,0.03619937,2026-03-22,2026-08-06,89,436,292,138,0.644928,1.092949,1.065259,0.993009,,,,,,,,GLOBAL_BASELINE_NO_ENTITY_RANKING,,,NOT_APPLICABLE_GLOBAL_BASELINE,HF9g-P5,,,,X 全窗基线 · 不参与实体赏罚,15058303,1506,A168_HF9F_20260827_0900,2026-08-27 09:00:00
2026-04-05,94349862,462,0,927.6242278584,-203.6556827526,-203.6556827526,0.4500000,61,20,0.39096152758374086,0.247084891833,0.5410790694906218,2.1039396599563362,0.5410790694906218,0.14387663575074086,ELIGIBLE,R03b_20260811_FULL_v1,L1_ELIGIBILITY,v2026-08-11,2026-03-21..2026-08-06,baccarat_bet02_101_all_pairs_incl_sentinel,round_win = game_pnl > 0 (decisive only),COMPATIBILITY_ONLY_NOT_PRODUCTION,223493.2844,206079.2994,9911.0973,12208,5823,-0.04434629,-0.01893081,-0.05513017,-0.04434629,-9911.0973,223493.2844,OK,0.0000,396.4439,4.0000,96.0000,AG03-UNRESOLVED,ALL5_LEVELS_bet23_to_bet27,396.4439,396.4439,396.4439,594.6658,594.6658,4.000000,4.000000,4.000000,6.000000,6.000000,96.000000,96.000000,96.000000,94.000000,94.000000,5.0,2378.6634,2163.0699,7532.4340,7748.0274,PENDING_AG03,FALSE,NOT_FOR_ENFORCEMENT,9514.6534,197836.1275,9911.0973,9514.6534,396.4439,0.04434629,0.04257244,396.4439,9514.6534,0.04257244,396.4439,396.4439,396.4439,594.6658,594.6658,9514.6534,0.04257244,2378.6634,2163.0699,7532.4340,7748.0274,0.03370318,0.03466783,0.00177385,18.3071,35.3906,1.7021,111.3606,22.7319,2511.1605,65.4270,19.5018,17.8433,6.2314,10.3857,29.4087,42.1647,51.0976,84.0248,10.2195,-6.1317,4.919981,8.090411,1.762719,10,81,100,8,0.29790265,0.04434629,0.01893081,0E-8,0.000000,0.922083,0.000000,0.03619937,2026-03-22,2026-08-06,89,436,292,138,0.644928,1.092949,1.065259,0.993009,,,,,,,,GLOBAL_BASELINE_NO_ENTITY_RANKING,,,NOT_APPLICABLE_GLOBAL_BASELINE,HF9g-P5,,,,X 全窗基线 · 不参与实体赏罚,15058304,1506,A168_HF9F_20260827_0900,2026-08-27 09:00:00
2026-04-05,94349862,526,0,164.4424767567,42.1647376298,42.1647376298,0.6666667,9,3,0.40453189999981370,0.211640833333,0.925080687895594,1.9294560423061222,0.925080687895594,0.19289106666681370,ELIGIBLE,R03b_20260811_FULL_v1,L1_ELIGIBILITY,v2026-08-11,2026-03-21..2026-08-06,baccarat_bet02_101_all_pairs_incl_sentinel,round_win = game_pnl > 0 (decisive only),COMPATIBILITY_ONLY_NOT_PRODUCTION,223493.2844,206079.2994,9911.0973,12208,5823,-0.04434629,-0.01893081,-0.05513017,-0.04434629,-9911.0973,223493.2844,OK,0.0000,396.4439,4.0000,96.0000,AG03-UNRESOLVED,ALL5_LEVELS_bet23_to_bet27,396.4439,396.4439,396.4439,594.6658,594.6658,4.000000,4.000000,4.000000,6.000000,6.000000,96.000000,96.000000,96.000000,94.000000,94.000000,5.0,2378.6634,2163.0699,7532.4340,7748.0274,PENDING_AG03,FALSE,NOT_FOR_ENFORCEMENT,9514.6534,197836.1275,9911.0973,9514.6534,396.4439,0.04434629,0.04257244,396.4439,9514.6534,0.04257244,396.4439,396.4439,396.4439,594.6658,594.6658,9514.6534,0.04257244,2378.6634,2163.0699,7532.4340,7748.0274,0.03370318,0.03466783,0.00177385,18.3071,35.3906,1.7021,111.3606,22.7319,2511.1605,65.4270,19.5018,17.8433,6.2314,10.3857,29.4087,42.1647,51.0976,84.0248,10.2195,-6.1317,4.919981,8.090411,1.762719,10,81,100,8,0.29790265,0.04434629,0.01893081,0E-8,0.000000,0.922083,0.000000,0.03619937,2026-03-22,2026-08-06,89,436,292,138,0.644928,1.092949,1.065259,0.993009,,,,,,,,GLOBAL_BASELINE_NO_ENTITY_RANKING,,,NOT_APPLICABLE_GLOBAL_BASELINE,HF9g-P5,,,,X 全窗基线 · 不参与实体赏罚,15058305,1506,A168_HF9F_20260827_0900,2026-08-27 09:00:00
2026-04-05,94349862,987,0,1142.6643897712,31.2019058456,31.2019058456,0.5000000,86,30,0.40472433460270009,0.273753430278,1.0631728912621974,2.7792063839058763,1.0631728912621974,0.13097090432470009,ELIGIBLE,R03b_20260811_FULL_v1,L1_ELIGIBILITY,v2026-08-11,2026-03-21..2026-08-06,baccarat_bet02_101_all_pairs_incl_sentinel,round_win = game_pnl > 0 (decisive only),COMPATIBILITY_ONLY_NOT_PRODUCTION,223493.2844,206079.2994,9911.0973,12208,5823,-0.04434629,-0.01893081,-0.05513017,-0.04434629,-9911.0973,223493.2844,OK,0.0000,396.4439,4.0000,96.0000,AG03-UNRESOLVED,ALL5_LEVELS_bet23_to_bet27,396.4439,396.4439,396.4439,594.6658,594.6658,4.000000,4.000000,4.000000,6.000000,6.000000,96.000000,96.000000,96.000000,94.000000,94.000000,5.0,2378.6634,2163.0699,7532.4340,7748.0274,PENDING_AG03,FALSE,NOT_FOR_ENFORCEMENT,9514.6534,197836.1275,9911.0973,9514.6534,396.4439,0.04434629,0.04257244,396.4439,9514.6534,0.04257244,396.4439,396.4439,396.4439,594.6658,594.6658,9514.6534,0.04257244,2378.6634,2163.0699,7532.4340,7748.0274,0.03370318,0.03466783,0.00177385,18.3071,35.3906,1.7021,111.3606,22.7319,2511.1605,65.4270,19.5018,17.8433,6.2314,10.3857,29.4087,42.1647,51.0976,84.0248,10.2195,-6.1317,4.919981,8.090411,1.762719,10,81,100,8,0.29790265,0.04434629,0.01893081,0E-8,0.000000,0.922083,0.000000,0.03619937,2026-03-22,2026-08-06,89,436,292,138,0.644928,1.092949,1.065259,0.993009,,,,,,,,GLOBAL_BASELINE_NO_ENTITY_RANKING,,,NOT_APPLICABLE_GLOBAL_BASELINE,HF9g-P5,,,,X 全窗基线 · 不参与实体赏罚,15058306,1506,A168_HF9F_20260827_0900,2026-08-27 09:00:00
2026-04-06,94349862,1017,0,133.4513945989,-18.2994961313,-18.2994961313,0.4615385,19,17,0.49187295294117647,0.474934117647,-0.2187740298096213,-0.09671906326982367,-0.2187740298096213,0.01693883529417647,ELIGIBLE,R03b_20260811_FULL_v1,L1_ELIGIBILITY,v2026-08-11,2026-03-21..2026-08-06,baccarat_bet02_101_all_pairs_incl_sentinel,round_win = game_pnl > 0 (decisive only),COMPATIBILITY_ONLY_NOT_PRODUCTION,223493.2844,206079.2994,9911.0973,12208,5823,-0.04434629,-0.01893081,-0.05513017,-0.04434629,-9911.0973,223493.2844,OK,0.0000,396.4439,4.0000,96.0000,AG03-UNRESOLVED,ALL5_LEVELS_bet23_to_bet27,396.4439,396.4439,396.4439,594.6658,594.6658,4.000000,4.000000,4.000000,6.000000,6.000000,96.000000,96.000000,96.000000,94.000000,94.000000,5.0,2378.6634,2163.0699,7532.4340,7748.0274,PENDING_AG03,FALSE,NOT_FOR_ENFORCEMENT,9514.6534,197836.1275,9911.0973,9514.6534,396.4439,0.04434629,0.04257244,396.4439,9514.6534,0.04257244,396.4439,396.4439,396.4439,594.6658,594.6658,9514.6534,0.04257244,2378.6634,2163.0699,7532.4340,7748.0274,0.03370318,0.03466783,0.00177385,18.3071,35.3906,1.7021,111.3606,22.7319,2511.1605,65.4270,19.5018,17.8433,6.2314,10.3857,29.4087,42.1647,51.0976,84.0248,10.2195,-6.1317,4.919981,8.090411,1.762719,10,81,100,8,0.29790265,0.04434629,0.01893081,0E-8,0.000000,0.922083,0.000000,0.03619937,2026-03-22,2026-08-06,89,436,292,138,0.644928,1.092949,1.065259,0.993009,,,,,,,,GLOBAL_BASELINE_NO_ENTITY_RANKING,,,NOT_APPLICABLE_GLOBAL_BASELINE,HF9g-P5,,,,X 全窗基线 · 不参与实体赏罚,15058307,1506,A168_HF9F_20260827_0900,2026-08-27 09:00:00
2026-04-06,94349862,1094,0,5.4814158919,-5.4814158919,-5.4814158919,0E-7,1,1,0.49324550000000000,0.493245500000,-0.9865810262130424,-0.9865810262130424,-0.9865810262130424,0E-17,ELIGIBLE,R03b_20260811_FULL_v1,L1_ELIGIBILITY,v2026-08-11,2026-03-21..2026-08-06,baccarat_bet02_101_all_pairs_incl_sentinel,round_win = game_pnl > 0 (decisive only),COMPATIBILITY_ONLY_NOT_PRODUCTION,223493.2844,206079.2994,9911.0973,12208,5823,-0.04434629,-0.01893081,-0.05513017,-0.04434629,-9911.0973,223493.2844,OK,0.0000,396.4439,4.0000,96.0000,AG03-UNRESOLVED,ALL5_LEVELS_bet23_to_bet27,396.4439,396.4439,396.4439,594.6658,594.6658,4.000000,4.000000,4.000000,6.000000,6.000000,96.000000,96.000000,96.000000,94.000000,94.000000,5.0,2378.6634,2163.0699,7532.4340,7748.0274,PENDING_AG03,FALSE,NOT_FOR_ENFORCEMENT,9514.6534,197836.1275,9911.0973,9514.6534,396.4439,0.04434629,0.04257244,396.4439,9514.6534,0.04257244,396.4439,396.4439,396.4439,594.6658,594.6658,9514.6534,0.04257244,2378.6634,2163.0699,7532.4340,7748.0274,0.03370318,0.03466783,0.00177385,18.3071,35.3906,1.7021,111.3606,22.7319,2511.1605,65.4270,19.5018,17.8433,6.2314,10.3857,29.4087,42.1647,51.0976,84.0248,10.2195,-6.1317,4.919981,8.090411,1.762719,10,81,100,8,0.29790265,0.04434629,0.01893081,0E-8,0.000000,0.922083,0.000000,0.03619937,2026-03-22,2026-08-06,89,436,292,138,0.644928,1.092949,1.065259,0.993009,,,,,,,,GLOBAL_BASELINE_NO_ENTITY_RANKING,,,NOT_APPLICABLE_GLOBAL_BASELINE,HF9g-P5,,,,X 全窗基线 · 不参与实体赏罚,15058308,1506,A168_HF9F_20260827_0900,2026-08-27 09:00:00
2026-04-06,94349862,1942,0,10.5411844075,-10.5411844075,-10.5411844075,0E-7,1,1,0.49324550000000000,0.493245500000,-0.9865810262130424,-0.9865810262130424,-0.9865810262130424,0E-17,ELIGIBLE,R03b_20260811_FULL_v1,L1_ELIGIBILITY,v2026-08-11,2026-03-21..2026-08-06,baccarat_bet02_101_all_pairs_incl_sentinel,round_win = game_pnl > 0 (decisive only),COMPATIBILITY_ONLY_NOT_PRODUCTION,223493.2844,206079.2994,9911.0973,12208,5823,-0.04434629,-0.01893081,-0.05513017,-0.04434629,-9911.0973,223493.2844,OK,0.0000,396.4439,4.0000,96.0000,AG03-UNRESOLVED,ALL5_LEVELS_bet23_to_bet27,396.4439,396.4439,396.4439,594.6658,594.6658,4.000000,4.000000,4.000000,6.000000,6.000000,96.000000,96.000000,96.000000,94.000000,94.000000,5.0,2378.6634,2163.0699,7532.4340,7748.0274,PENDING_AG03,FALSE,NOT_FOR_ENFORCEMENT,9514.6534,197836.1275,9911.0973,9514.6534,396.4439,0.04434629,0.04257244,396.4439,9514.6534,0.04257244,396.4439,396.4439,396.4439,594.6658,594.6658,9514.6534,0.04257244,2378.6634,2163.0699,7532.4340,7748.0274,0.03370318,0.03466783,0.00177385,18.3071,35.3906,1.7021,111.3606,22.7319,2511.1605,65.4270,19.5018,17.8433,6.2314,10.3857,29.4087,42.1647,51.0976,84.0248,10.2195,-6.1317,4.919981,8.090411,1.762719,10,81,100,8,0.29790265,0.04434629,0.01893081,0E-8,0.000000,0.922083,0.000000,0.03619937,2026-03-22,2026-08-06,89,436,292,138,0.644928,1.092949,1.065259,0.993009,,,,,,,,GLOBAL_BASELINE_NO_ENTITY_RANKING,,,NOT_APPLICABLE_GLOBAL_BASELINE,HF9g-P5,,,,X 全窗基线 · 不参与实体赏罚,15058309,1506,A168_HF9F_20260827_0900,2026-08-27 09:00:00
2026-04-06,94349862,2115,0,314.1272953433,-90.2325385283,-90.2325385283,0.4545455,27,11,0.39766053204822494,0.268601922727,0.3854930993108434,1.3913806283700723,0.3854930993108434,0.12905860932122494,ELIGIBLE,R03b_20260811_FULL_v1,L1_ELIGIBILITY,v2026-08-11,2026-03-21..2026-08-06,baccarat_bet02_101_all_pairs_incl_sentinel,round_win = game_pnl > 0 (decisive only),COMPATIBILITY_ONLY_NOT_PRODUCTION,223493.2844,206079.2994,9911.0973,12208,5823,-0.04434629,-0.01893081,-0.05513017,-0.04434629,-9911.0973,223493.2844,OK,0.0000,396.4439,4.0000,96.0000,AG03-UNRESOLVED,ALL5_LEVELS_bet23_to_bet27,396.4439,396.4439,396.4439,594.6658,594.6658,4.000000,4.000000,4.000000,6.000000,6.000000,96.000000,96.000000,96.000000,94.000000,94.000000,5.0,2378.6634,2163.0699,7532.4340,7748.0274,PENDING_AG03,FALSE,NOT_FOR_ENFORCEMENT,9514.6534,197836.1275,9911.0973,9514.6534,396.4439,0.04434629,0.04257244,396.4439,9514.6534,0.04257244,396.4439,396.4439,396.4439,594.6658,594.6658,9514.6534,0.04257244,2378.6634,2163.0699,7532.4340,7748.0274,0.03370318,0.03466783,0.00177385,18.3071,35.3906,1.7021,111.3606,22.7319,2511.1605,65.4270,19.5018,17.8433,6.2314,10.3857,29.4087,42.1647,51.0976,84.0248,10.2195,-6.1317,4.919981,8.090411,1.762719,10,81,100,8,0.29790265,0.04434629,0.01893081,0E-8,0.000000,0.922083,0.000000,0.03619937,2026-03-22,2026-08-06,89,436,292,138,0.644928,1.092949,1.065259,0.993009,,,,,,,,GLOBAL_BASELINE_NO_ENTITY_RANKING,,,NOT_APPLICABLE_GLOBAL_BASELINE,HF9g-P5,,,,X 全窗基线 · 不参与实体赏罚,15058310,1506,A168_HF9F_20260827_0900,2026-08-27 09:00:00
2026-04-06,94349862,2129,0,4.2164737630,4.2164737630,4.2164737630,1.0000000,1,1,0.49324550000000000,0.493245500000,1.01360149184955,1.01360149184955,1.01360149184955,0E-17,ELIGIBLE,R03b_20260811_FULL_v1,L1_ELIGIBILITY,v2026-08-11,2026-03-21..2026-08-06,baccarat_bet02_101_all_pairs_incl_sentinel,round_win = game_pnl > 0 (decisive only),COMPATIBILITY_ONLY_NOT_PRODUCTION,223493.2844,206079.2994,9911.0973,12208,5823,-0.04434629,-0.01893081,-0.05513017,-0.04434629,-9911.0973,223493.2844,OK,0.0000,396.4439,4.0000,96.0000,AG03-UNRESOLVED,ALL5_LEVELS_bet23_to_bet27,396.4439,396.4439,396.4439,594.6658,594.6658,4.000000,4.000000,4.000000,6.000000,6.000000,96.000000,96.000000,96.000000,94.000000,94.000000,5.0,2378.6634,2163.0699,7532.4340,7748.0274,PENDING_AG03,FALSE,NOT_FOR_ENFORCEMENT,9514.6534,197836.1275,9911.0973,9514.6534,396.4439,0.04434629,0.04257244,396.4439,9514.6534,0.04257244,396.4439,396.4439,396.4439,594.6658,594.6658,9514.6534,0.04257244,2378.6634,2163.0699,7532.4340,7748.0274,0.03370318,0.03466783,0.00177385,18.3071,35.3906,1.7021,111.3606,22.7319,2511.1605,65.4270,19.5018,17.8433,6.2314,10.3857,29.4087,42.1647,51.0976,84.0248,10.2195,-6.1317,4.919981,8.090411,1.762719,10,81,100,8,0.29790265,0.04434629,0.01893081,0E-8,0.000000,0.922083,0.000000,0.03619937,2026-03-22,2026-08-06,89,436,292,138,0.644928,1.092949,1.065259,0.993009,,,,,,,,GLOBAL_BASELINE_NO_ENTITY_RANKING,,,NOT_APPLICABLE_GLOBAL_BASELINE,HF9g-P5,,,,X 全窗基线 · 不参与实体赏罚,15058311,1506,A168_HF9F_20260827_0900,2026-08-27 09:00:00
2026-04-06,94349862,2153,0,19.3957793098,18.6578964012,18.6578964012,1.0000000,5,5,0.50128862000000000,0.501288620000,2.2303125007307085,2.2303125007307085,2.2303125007307085,0E-17,ELIGIBLE,R03b_20260811_FULL_v1,L1_ELIGIBILITY,v2026-08-11,2026-03-21..2026-08-06,baccarat_bet02_101_all_pairs_incl_sentinel,round_win = game_pnl > 0 (decisive only),COMPATIBILITY_ONLY_NOT_PRODUCTION,223493.2844,206079.2994,9911.0973,12208,5823,-0.04434629,-0.01893081,-0.05513017,-0.04434629,-9911.0973,223493.2844,OK,0.0000,396.4439,4.0000,96.0000,AG03-UNRESOLVED,ALL5_LEVELS_bet23_to_bet27,396.4439,396.4439,396.4439,594.6658,594.6658,4.000000,4.000000,4.000000,6.000000,6.000000,96.000000,96.000000,96.000000,94.000000,94.000000,5.0,2378.6634,2163.0699,7532.4340,7748.0274,PENDING_AG03,FALSE,NOT_FOR_ENFORCEMENT,9514.6534,197836.1275,9911.0973,9514.6534,396.4439,0.04434629,0.04257244,396.4439,9514.6534,0.04257244,396.4439,396.4439,396.4439,594.6658,594.6658,9514.6534,0.04257244,2378.6634,2163.0699,7532.4340,7748.0274,0.03370318,0.03466783,0.00177385,18.3071,35.3906,1.7021,111.3606,22.7319,2511.1605,65.4270,19.5018,17.8433,6.2314,10.3857,29.4087,42.1647,51.0976,84.0248,10.2195,-6.1317,4.919981,8.090411,1.762719,10,81,100,8,0.29790265,0.04434629,0.01893081,0E-8,0.000000,0.922083,0.000000,0.03619937,2026-03-22,2026-08-06,89,436,292,138,0.644928,1.092949,1.065259,0.993009,,,,,,,,GLOBAL_BASELINE_NO_ENTITY_RANKING,,,NOT_APPLICABLE_GLOBAL_BASELINE,HF9g-P5,,,,X 全窗基线 · 不参与实体赏罚,15058312,1506,A168_HF9F_20260827_0900,2026-08-27 09:00:00
2026-04-06,94349862,2167,0,4.2164737630,4.2164737630,4.2164737630,1.0000000,1,1,0.49324550000000000,0.493245500000,1.01360149184955,1.01360149184955,1.01360149184955,0E-17,ELIGIBLE,R03b_20260811_FULL_v1,L1_ELIGIBILITY,v2026-08-11,2026-03-21..2026-08-06,baccarat_bet02_101_all_pairs_incl_sentinel,round_win = game_pnl > 0 (decisive only),COMPATIBILITY_ONLY_NOT_PRODUCTION,223493.2844,206079.2994,9911.0973,12208,5823,-0.04434629,-0.01893081,-0.05513017,-0.04434629,-9911.0973,223493.2844,OK,0.0000,396.4439,4.0000,96.0000,AG03-UNRESOLVED,ALL5_LEVELS_bet23_to_bet27,396.4439,396.4439,396.4439,594.6658,594.6658,4.000000,4.000000,4.000000,6.000000,6.000000,96.000000,96.000000,96.000000,94.000000,94.000000,5.0,2378.6634,2163.0699,7532.4340,7748.0274,PENDING_AG03,FALSE,NOT_FOR_ENFORCEMENT,9514.6534,197836.1275,9911.0973,9514.6534,396.4439,0.04434629,0.04257244,396.4439,9514.6534,0.04257244,396.4439,396.4439,396.4439,594.6658,594.6658,9514.6534,0.04257244,2378.6634,2163.0699,7532.4340,7748.0274,0.03370318,0.03466783,0.00177385,18.3071,35.3906,1.7021,111.3606,22.7319,2511.1605,65.4270,19.5018,17.8433,6.2314,10.3857,29.4087,42.1647,51.0976,84.0248,10.2195,-6.1317,4.919981,8.090411,1.762719,10,81,100,8,0.29790265,0.04434629,0.01893081,0E-8,0.000000,0.922083,0.000000,0.03619937,2026-03-22,2026-08-06,89,436,292,138,0.644928,1.092949,1.065259,0.993009,,,,,,,,GLOBAL_BASELINE_NO_ENTITY_RANKING,,,NOT_APPLICABLE_GLOBAL_BASELINE,HF9g-P5,,,,X 全窗基线 · 不参与实体赏罚,15058313,1506,A168_HF9F_20260827_0900,2026-08-27 09:00:00
2026-04-06,94349862,462,0,61.1388695635,-40.5835599689,-40.5835599689,0.2000000,7,5,0.46777607300000000,0.420262640000,-1.2000257662037537,-0.9978144891470576,-1.2000257662037537,0.04751343300000000,ELIGIBLE,R03b_20260811_FULL_v1,L1_ELIGIBILITY,v2026-08-11,2026-03-21..2026-08-06,baccarat_bet02_101_all_pairs_incl_sentinel,round_win = game_pnl > 0 (decisive only),COMPATIBILITY_ONLY_NOT_PRODUCTION,223493.2844,206079.2994,9911.0973,12208,5823,-0.04434629,-0.01893081,-0.05513017,-0.04434629,-9911.0973,223493.2844,OK,0.0000,396.4439,4.0000,96.0000,AG03-UNRESOLVED,ALL5_LEVELS_bet23_to_bet27,396.4439,396.4439,396.4439,594.6658,594.6658,4.000000,4.000000,4.000000,6.000000,6.000000,96.000000,96.000000,96.000000,94.000000,94.000000,5.0,2378.6634,2163.0699,7532.4340,7748.0274,PENDING_AG03,FALSE,NOT_FOR_ENFORCEMENT,9514.6534,197836.1275,9911.0973,9514.6534,396.4439,0.04434629,0.04257244,396.4439,9514.6534,0.04257244,396.4439,396.4439,396.4439,594.6658,594.6658,9514.6534,0.04257244,2378.6634,2163.0699,7532.4340,7748.0274,0.03370318,0.03466783,0.00177385,18.3071,35.3906,1.7021,111.3606,22.7319,2511.1605,65.4270,19.5018,17.8433,6.2314,10.3857,29.4087,42.1647,51.0976,84.0248,10.2195,-6.1317,4.919981,8.090411,1.762719,10,81,100,8,0.29790265,0.04434629,0.01893081,0E-8,0.000000,0.922083,0.000000,0.03619937,2026-03-22,2026-08-06,89,436,292,138,0.644928,1.092949,1.065259,0.993009,,,,,,,,GLOBAL_BASELINE_NO_ENTITY_RANKING,,,NOT_APPLICABLE_GLOBAL_BASELINE,HF9g-P5,,,,X 全窗基线 · 不参与实体赏罚,15058314,1506,A168_HF9F_20260827_0900,2026-08-27 09:00:00
2026-04-06,94349862,763,0,42.1647376300,-13.3873041975,-13.3873041975,0.4000000,5,5,0.50396966000000000,0.503969660000,-0.4649811094771361,-0.4649811094771361,-0.4649811094771361,0E-17,ELIGIBLE,R03b_20260811_FULL_v1,L1_ELIGIBILITY,v2026-08-11,2026-03-21..2026-08-06,baccarat_bet02_101_all_pairs_incl_sentinel,round_win = game_pnl > 0 (decisive only),COMPATIBILITY_ONLY_NOT_PRODUCTION,223493.2844,206079.2994,9911.0973,12208,5823,-0.04434629,-0.01893081,-0.05513017,-0.04434629,-9911.0973,223493.2844,OK,0.0000,396.4439,4.0000,96.0000,AG03-UNRESOLVED,ALL5_LEVELS_bet23_to_bet27,396.4439,396.4439,396.4439,594.6658,594.6658,4.000000,4.000000,4.000000,6.000000,6.000000,96.000000,96.000000,96.000000,94.000000,94.000000,5.0,2378.6634,2163.0699,7532.4340,7748.0274,PENDING_AG03,FALSE,NOT_FOR_ENFORCEMENT,9514.6534,197836.1275,9911.0973,9514.6534,396.4439,0.04434629,0.04257244,396.4439,9514.6534,0.04257244,396.4439,396.4439,396.4439,594.6658,594.6658,9514.6534,0.04257244,2378.6634,2163.0699,7532.4340,7748.0274,0.03370318,0.03466783,0.00177385,18.3071,35.3906,1.7021,111.3606,22.7319,2511.1605,65.4270,19.5018,17.8433,6.2314,10.3857,29.4087,42.1647,51.0976,84.0248,10.2195,-6.1317,4.919981,8.090411,1.762719,10,81,100,8,0.29790265,0.04434629,0.01893081,0E-8,0.000000,0.922083,0.000000,0.03619937,2026-03-22,2026-08-06,89,436,292,138,0.644928,1.092949,1.065259,0.993009,,,,,,,,GLOBAL_BASELINE_NO_ENTITY_RANKING,,,NOT_APPLICABLE_GLOBAL_BASELINE,HF9g-P5,,,,X 全窗基线 · 不参与实体赏罚,15058315,1506,A168_HF9F_20260827_0900,2026-08-27 09:00:00
2026-04-08,94349862,2130,0,123.7535049440,-57.2386313327,-57.2386313327,0.3333333,13,9,0.45053974000000000,0.403216633333,-0.7067045874857331,-0.42738284420911754,-0.7067045874857331,0.04732310666700000,ELIGIBLE,R03b_20260811_FULL_v1,L1_ELIGIBILITY,v2026-08-11,2026-03-21..2026-08-06,baccarat_bet02_101_all_pairs_incl_sentinel,round_win = game_pnl > 0 (decisive only),COMPATIBILITY_ONLY_NOT_PRODUCTION,223493.2844,206079.2994,9911.0973,12208,5823,-0.04434629,-0.01893081,-0.05513017,-0.04434629,-9911.0973,223493.2844,OK,0.0000,396.4439,4.0000,96.0000,AG03-UNRESOLVED,ALL5_LEVELS_bet23_to_bet27,396.4439,396.4439,396.4439,594.6658,594.6658,4.000000,4.000000,4.000000,6.000000,6.000000,96.000000,96.000000,96.000000,94.000000,94.000000,5.0,2378.6634,2163.0699,7532.4340,7748.0274,PENDING_AG03,FALSE,NOT_FOR_ENFORCEMENT,9514.6534,197836.1275,9911.0973,9514.6534,396.4439,0.04434629,0.04257244,396.4439,9514.6534,0.04257244,396.4439,396.4439,396.4439,594.6658,594.6658,9514.6534,0.04257244,2378.6634,2163.0699,7532.4340,7748.0274,0.03370318,0.03466783,0.00177385,18.3071,35.3906,1.7021,111.3606,22.7319,2511.1605,65.4270,19.5018,17.8433,6.2314,10.3857,29.4087,42.1647,51.0976,84.0248,10.2195,-6.1317,4.919981,8.090411,1.762719,10,81,100,8,0.29790265,0.04434629,0.01893081,0E-8,0.000000,0.922083,0.000000,0.03619937,2026-03-22,2026-08-06,89,436,292,138,0.644928,1.092949,1.065259,0.993009,,,,,,,,GLOBAL_BASELINE_NO_ENTITY_RANKING,,,NOT_APPLICABLE_GLOBAL_BASELINE,HF9g-P5,,,,X 全窗基线 · 不参与实体赏罚,15058316,1506,A168_HF9F_20260827_0900,2026-08-27 09:00:00
2026-04-13,94349862,1485,0,84.3294752599,-10.9312082306,-10.9312082306,0.4285714,10,7,0.45599638679425001,0.409767864286,-0.1456845181392823,0.10116000110673638,-0.1456845181392823,0.04622852250825001,ELIGIBLE,R03b_20260811_FULL_v1,L1_ELIGIBILITY,v2026-08-11,2026-03-21..2026-08-06,baccarat_bet02_101_all_pairs_incl_sentinel,round_win = game_pnl > 0 (decisive only),COMPATIBILITY_ONLY_NOT_PRODUCTION,223493.2844,206079.2994,9911.0973,12208,5823,-0.04434629,-0.01893081,-0.05513017,-0.04434629,-9911.0973,223493.2844,OK,0.0000,396.4439,4.0000,96.0000,AG03-UNRESOLVED,ALL5_LEVELS_bet23_to_bet27,396.4439,396.4439,396.4439,594.6658,594.6658,4.000000,4.000000,4.000000,6.000000,6.000000,96.000000,96.000000,96.000000,94.000000,94.000000,5.0,2378.6634,2163.0699,7532.4340,7748.0274,PENDING_AG03,FALSE,NOT_FOR_ENFORCEMENT,9514.6534,197836.1275,9911.0973,9514.6534,396.4439,0.04434629,0.04257244,396.4439,9514.6534,0.04257244,396.4439,396.4439,396.4439,594.6658,594.6658,9514.6534,0.04257244,2378.6634,2163.0699,7532.4340,7748.0274,0.03370318,0.03466783,0.00177385,18.3071,35.3906,1.7021,111.3606,22.7319,2511.1605,65.4270,19.5018,17.8433,6.2314,10.3857,29.4087,42.1647,51.0976,84.0248,10.2195,-6.1317,4.919981,8.090411,1.762719,10,81,100,8,0.29790265,0.04434629,0.01893081,0E-8,0.000000,0.922083,0.000000,0.03619937,2026-03-22,2026-08-06,89,436,292,138,0.644928,1.092949,1.065259,0.993009,,,,,,,,GLOBAL_BASELINE_NO_ENTITY_RANKING,,,NOT_APPLICABLE_GLOBAL_BASELINE,HF9g-P5,,,,X 全窗基线 · 不参与实体赏罚,15058317,1506,A168_HF9F_20260827_0900,2026-08-27 09:00:00
2026-04-13,94349862,1623,0,90.4433622161,28.3241625027,28.3241625027,0.7333333,21,21,0.50218230000000000,0.502182300000,1.7905052595221993,1.7905052595221993,1.7905052595221993,0E-17,ELIGIBLE,R03b_20260811_FULL_v1,L1_ELIGIBILITY,v2026-08-11,2026-03-21..2026-08-06,baccarat_bet02_101_all_pairs_incl_sentinel,round_win = game_pnl > 0 (decisive only),COMPATIBILITY_ONLY_NOT_PRODUCTION,223493.2844,206079.2994,9911.0973,12208,5823,-0.04434629,-0.01893081,-0.05513017,-0.04434629,-9911.0973,223493.2844,OK,0.0000,396.4439,4.0000,96.0000,AG03-UNRESOLVED,ALL5_LEVELS_bet23_to_bet27,396.4439,396.4439,396.4439,594.6658,594.6658,4.000000,4.000000,4.000000,6.000000,6.000000,96.000000,96.000000,96.000000,94.000000,94.000000,5.0,2378.6634,2163.0699,7532.4340,7748.0274,PENDING_AG03,FALSE,NOT_FOR_ENFORCEMENT,9514.6534,197836.1275,9911.0973,9514.6534,396.4439,0.04434629,0.04257244,396.4439,9514.6534,0.04257244,396.4439,396.4439,396.4439,594.6658,594.6658,9514.6534,0.04257244,2378.6634,2163.0699,7532.4340,7748.0274,0.03370318,0.03466783,0.00177385,18.3071,35.3906,1.7021,111.3606,22.7319,2511.1605,65.4270,19.5018,17.8433,6.2314,10.3857,29.4087,42.1647,51.0976,84.0248,10.2195,-6.1317,4.919981,8.090411,1.762719,10,81,100,8,0.29790265,0.04434629,0.01893081,0E-8,0.000000,0.922083,0.000000,0.03619937,2026-03-22,2026-08-06,89,436,292,138,0.644928,1.092949,1.065259,0.993009,,,,,,,,GLOBAL_BASELINE_NO_ENTITY_RANKING,,,NOT_APPLICABLE_GLOBAL_BASELINE,HF9g-P5,,,,X 全窗基线 · 不参与实体赏罚,15058318,1506,A168_HF9F_20260827_0900,2026-08-27 09:00:00
2026-04-13,94349862,772,0,14.7576581705,-14.7576581705,-14.7576581705,0E-7,3,2,0.24912076250000000,0.197614775000,-0.814582193193445,-0.7018321235398395,-0.814582193193445,0.05150598750000000,ELIGIBLE,R03b_20260811_FULL_v1,L1_ELIGIBILITY,v2026-08-11,2026-03-21..2026-08-06,baccarat_bet02_101_all_pairs_incl_sentinel,round_win = game_pnl > 0 (decisive only),COMPATIBILITY_ONLY_NOT_PRODUCTION,223493.2844,206079.2994,9911.0973,12208,5823,-0.04434629,-0.01893081,-0.05513017,-0.04434629,-9911.0973,223493.2844,OK,0.0000,396.4439,4.0000,96.0000,AG03-UNRESOLVED,ALL5_LEVELS_bet23_to_bet27,396.4439,396.4439,396.4439,594.6658,594.6658,4.000000,4.000000,4.000000,6.000000,6.000000,96.000000,96.000000,96.000000,94.000000,94.000000,5.0,2378.6634,2163.0699,7532.4340,7748.0274,PENDING_AG03,FALSE,NOT_FOR_ENFORCEMENT,9514.6534,197836.1275,9911.0973,9514.6534,396.4439,0.04434629,0.04257244,396.4439,9514.6534,0.04257244,396.4439,396.4439,396.4439,594.6658,594.6658,9514.6534,0.04257244,2378.6634,2163.0699,7532.4340,7748.0274,0.03370318,0.03466783,0.00177385,18.3071,35.3906,1.7021,111.3606,22.7319,2511.1605,65.4270,19.5018,17.8433,6.2314,10.3857,29.4087,42.1647,51.0976,84.0248,10.2195,-6.1317,4.919981,8.090411,1.762719,10,81,100,8,0.29790265,0.04434629,0.01893081,0E-8,0.000000,0.922083,0.000000,0.03619937,2026-03-22,2026-08-06,89,436,292,138,0.644928,1.092949,1.065259,0.993009,,,,,,,,GLOBAL_BASELINE_NO_ENTITY_RANKING,,,NOT_APPLICABLE_GLOBAL_BASELINE,HF9g-P5,,,,X 全窗基线 · 不参与实体赏罚,15058319,1506,A168_HF9F_20260827_0900,2026-08-27 09:00:00
2026-04-14,94349862,1646,0,61.9821643160,31.8238357262,31.8238357262,0.7000000,10,10,0.49860758000000000,0.498607580000,1.2737224404674345,1.2737224404674345,1.2737224404674345,0E-17,ELIGIBLE,R03b_20260811_FULL_v1,L1_ELIGIBILITY,v2026-08-11,2026-03-21..2026-08-06,baccarat_bet02_101_all_pairs_incl_sentinel,round_win = game_pnl > 0 (decisive only),COMPATIBILITY_ONLY_NOT_PRODUCTION,223493.2844,206079.2994,9911.0973,12208,5823,-0.04434629,-0.01893081,-0.05513017,-0.04434629,-9911.0973,223493.2844,OK,0.0000,396.4439,4.0000,96.0000,AG03-UNRESOLVED,ALL5_LEVELS_bet23_to_bet27,396.4439,396.4439,396.4439,594.6658,594.6658,4.000000,4.000000,4.000000,6.000000,6.000000,96.000000,96.000000,96.000000,94.000000,94.000000,5.0,2378.6634,2163.0699,7532.4340,7748.0274,PENDING_AG03,FALSE,NOT_FOR_ENFORCEMENT,9514.6534,197836.1275,9911.0973,9514.6534,396.4439,0.04434629,0.04257244,396.4439,9514.6534,0.04257244,396.4439,396.4439,396.4439,594.6658,594.6658,9514.6534,0.04257244,2378.6634,2163.0699,7532.4340,7748.0274,0.03370318,0.03466783,0.00177385,18.3071,35.3906,1.7021,111.3606,22.7319,2511.1605,65.4270,19.5018,17.8433,6.2314,10.3857,29.4087,42.1647,51.0976,84.0248,10.2195,-6.1317,4.919981,8.090411,1.762719,10,81,100,8,0.29790265,0.04434629,0.01893081,0E-8,0.000000,0.922083,0.000000,0.03619937,2026-03-22,2026-08-06,89,436,292,138,0.644928,1.092949,1.065259,0.993009,,,,,,,,GLOBAL_BASELINE_NO_ENTITY_RANKING,,,NOT_APPLICABLE_GLOBAL_BASELINE,HF9g-P5,,,,X 全窗基线 · 不参与实体赏罚,15058320,1506,A168_HF9F_20260827_0900,2026-08-27 09:00:00
2026-04-14,94349862,1941,0,61.5605169398,-10.9628317839,-10.9628317839,0.3333333,6,3,0.41404802305010893,0.288434300000,-0.28382904722356056,0.1716590336140141,-0.28382904722356056,0.12561372305010893,ELIGIBLE,R03b_20260811_FULL_v1,L1_ELIGIBILITY,v2026-08-11,2026-03-21..2026-08-06,baccarat_bet02_101_all_pairs_incl_sentinel,round_win = game_pnl > 0 (decisive only),COMPATIBILITY_ONLY_NOT_PRODUCTION,223493.2844,206079.2994,9911.0973,12208,5823,-0.04434629,-0.01893081,-0.05513017,-0.04434629,-9911.0973,223493.2844,OK,0.0000,396.4439,4.0000,96.0000,AG03-UNRESOLVED,ALL5_LEVELS_bet23_to_bet27,396.4439,396.4439,396.4439,594.6658,594.6658,4.000000,4.000000,4.000000,6.000000,6.000000,96.000000,96.000000,96.000000,94.000000,94.000000,5.0,2378.6634,2163.0699,7532.4340,7748.0274,PENDING_AG03,FALSE,NOT_FOR_ENFORCEMENT,9514.6534,197836.1275,9911.0973,9514.6534,396.4439,0.04434629,0.04257244,396.4439,9514.6534,0.04257244,396.4439,396.4439,396.4439,594.6658,594.6658,9514.6534,0.04257244,2378.6634,2163.0699,7532.4340,7748.0274,0.03370318,0.03466783,0.00177385,18.3071,35.3906,1.7021,111.3606,22.7319,2511.1605,65.4270,19.5018,17.8433,6.2314,10.3857,29.4087,42.1647,51.0976,84.0248,10.2195,-6.1317,4.919981,8.090411,1.762719,10,81,100,8,0.29790265,0.04434629,0.01893081,0E-8,0.000000,0.922083,0.000000,0.03619937,2026-03-22,2026-08-06,89,436,292,138,0.644928,1.092949,1.065259,0.993009,,,,,,,,GLOBAL_BASELINE_NO_ENTITY_RANKING,,,NOT_APPLICABLE_GLOBAL_BASELINE,HF9g-P5,,,,X 全窗基线 · 不参与实体赏罚,15058321,1506,A168_HF9F_20260827_0900,2026-08-27 09:00:00
2026-04-15,94349862,1109,0,395.0835915927,-74.6315856052,-74.6315856052,0.3125000,37,16,0.42345149380998056,0.310053490104,-0.8982006910553999,0.021158308490792983,-0.8982006910553999,0.11339800370598056,ELIGIBLE,R03b_20260811_FULL_v1,L1_ELIGIBILITY,v2026-08-11,2026-03-21..2026-08-06,baccarat_bet02_101_all_pairs_incl_sentinel,round_win = game_pnl > 0 (decisive only),COMPATIBILITY_ONLY_NOT_PRODUCTION,223493.2844,206079.2994,9911.0973,12208,5823,-0.04434629,-0.01893081,-0.05513017,-0.04434629,-9911.0973,223493.2844,OK,0.0000,396.4439,4.0000,96.0000,AG03-UNRESOLVED,ALL5_LEVELS_bet23_to_bet27,396.4439,396.4439,396.4439,594.6658,594.6658,4.000000,4.000000,4.000000,6.000000,6.000000,96.000000,96.000000,96.000000,94.000000,94.000000,5.0,2378.6634,2163.0699,7532.4340,7748.0274,PENDING_AG03,FALSE,NOT_FOR_ENFORCEMENT,9514.6534,197836.1275,9911.0973,9514.6534,396.4439,0.04434629,0.04257244,396.4439,9514.6534,0.04257244,396.4439,396.4439,396.4439,594.6658,594.6658,9514.6534,0.04257244,2378.6634,2163.0699,7532.4340,7748.0274,0.03370318,0.03466783,0.00177385,18.3071,35.3906,1.7021,111.3606,22.7319,2511.1605,65.4270,19.5018,17.8433,6.2314,10.3857,29.4087,42.1647,51.0976,84.0248,10.2195,-6.1317,4.919981,8.090411,1.762719,10,81,100,8,0.29790265,0.04434629,0.01893081,0E-8,0.000000,0.922083,0.000000,0.03619937,2026-03-22,2026-08-06,89,436,292,138,0.644928,1.092949,1.065259,0.993009,,,,,,,,GLOBAL_BASELINE_NO_ENTITY_RANKING,,,NOT_APPLICABLE_GLOBAL_BASELINE,HF9g-P5,,,,X 全窗基线 · 不参与实体赏罚,15058322,1506,A168_HF9F_20260827_0900,2026-08-27 09:00:00
2026-04-15,94349862,1151,0,215.8834566656,24.8771952015,24.8771952015,0.5833333,21,12,0.43079773583492896,0.340763237500,1.0670673093611023,1.7728859815406206,1.0670673093611023,0.09003449833492896,ELIGIBLE,R03b_20260811_FULL_v1,L1_ELIGIBILITY,v2026-08-11,2026-03-21..2026-08-06,baccarat_bet02_101_all_pairs_incl_sentinel,round_win = game_pnl > 0 (decisive only),COMPATIBILITY_ONLY_NOT_PRODUCTION,223493.2844,206079.2994,9911.0973,12208,5823,-0.04434629,-0.01893081,-0.05513017,-0.04434629,-9911.0973,223493.2844,OK,0.0000,396.4439,4.0000,96.0000,AG03-UNRESOLVED,ALL5_LEVELS_bet23_to_bet27,396.4439,396.4439,396.4439,594.6658,594.6658,4.000000,4.000000,4.000000,6.000000,6.000000,96.000000,96.000000,96.000000,94.000000,94.000000,5.0,2378.6634,2163.0699,7532.4340,7748.0274,PENDING_AG03,FALSE,NOT_FOR_ENFORCEMENT,9514.6534,197836.1275,9911.0973,9514.6534,396.4439,0.04434629,0.04257244,396.4439,9514.6534,0.04257244,396.4439,396.4439,396.4439,594.6658,594.6658,9514.6534,0.04257244,2378.6634,2163.0699,7532.4340,7748.0274,0.03370318,0.03466783,0.00177385,18.3071,35.3906,1.7021,111.3606,22.7319,2511.1605,65.4270,19.5018,17.8433,6.2314,10.3857,29.4087,42.1647,51.0976,84.0248,10.2195,-6.1317,4.919981,8.090411,1.762719,10,81,100,8,0.29790265,0.04434629,0.01893081,0E-8,0.000000,0.922083,0.000000,0.03619937,2026-03-22,2026-08-06,89,436,292,138,0.644928,1.092949,1.065259,0.993009,,,,,,,,GLOBAL_BASELINE_NO_ENTITY_RANKING,,,NOT_APPLICABLE_GLOBAL_BASELINE,HF9g-P5,,,,X 全窗基线 · 不参与实体赏罚,15058323,1506,A168_HF9F_20260827_0900,2026-08-27 09:00:00
2026-04-15,94349862,583,0,128.6024497715,20.2390740624,20.2390740624,0.6250000,12,9,0.46586874698412698,0.424230366667,0.9022869843318002,1.1489940114276314,0.9022869843318002,0.04163838031712698,ELIGIBLE,R03b_20260811_FULL_v1,L1_ELIGIBILITY,v2026-08-11,2026-03-21..2026-08-06,baccarat_bet02_101_all_pairs_incl_sentinel,round_win = game_pnl > 0 (decisive only),COMPATIBILITY_ONLY_NOT_PRODUCTION,223493.2844,206079.2994,9911.0973,12208,5823,-0.04434629,-0.01893081,-0.05513017,-0.04434629,-9911.0973,223493.2844,OK,0.0000,396.4439,4.0000,96.0000,AG03-UNRESOLVED,ALL5_LEVELS_bet23_to_bet27,396.4439,396.4439,396.4439,594.6658,594.6658,4.000000,4.000000,4.000000,6.000000,6.000000,96.000000,96.000000,96.000000,94.000000,94.000000,5.0,2378.6634,2163.0699,7532.4340,7748.0274,PENDING_AG03,FALSE,NOT_FOR_ENFORCEMENT,9514.6534,197836.1275,9911.0973,9514.6534,396.4439,0.04434629,0.04257244,396.4439,9514.6534,0.04257244,396.4439,396.4439,396.4439,594.6658,594.6658,9514.6534,0.04257244,2378.6634,2163.0699,7532.4340,7748.0274,0.03370318,0.03466783,0.00177385,18.3071,35.3906,1.7021,111.3606,22.7319,2511.1605,65.4270,19.5018,17.8433,6.2314,10.3857,29.4087,42.1647,51.0976,84.0248,10.2195,-6.1317,4.919981,8.090411,1.762719,10,81,100,8,0.29790265,0.04434629,0.01893081,0E-8,0.000000,0.922083,0.000000,0.03619937,2026-03-22,2026-08-06,89,436,292,138,0.644928,1.092949,1.065259,0.993009,,,,,,,,GLOBAL_BASELINE_NO_ENTITY_RANKING,,,NOT_APPLICABLE_GLOBAL_BASELINE,HF9g-P5,,,,X 全窗基线 · 不参与实体赏罚,15058324,1506,A168_HF9F_20260827_0900,2026-08-27 09:00:00
2026-04-16,94349862,1383,0,48.4894482745,-14.7576581705,-14.7576581705,0.6666667,6,3,0.44580450000000000,0.384526516667,0.7696233475732581,1.0045179460213063,0.7696233475732581,0.06127798333300000,ELIGIBLE,R03b_20260811_FULL_v1,L1_ELIGIBILITY,v2026-08-11,2026-03-21..2026-08-06,baccarat_bet02_101_all_pairs_incl_sentinel,round_win = game_pnl > 0 (decisive only),COMPATIBILITY_ONLY_NOT_PRODUCTION,223493.2844,206079.2994,9911.0973,12208,5823,-0.04434629,-0.01893081,-0.05513017,-0.04434629,-9911.0973,223493.2844,OK,0.0000,396.4439,4.0000,96.0000,AG03-UNRESOLVED,ALL5_LEVELS_bet23_to_bet27,396.4439,396.4439,396.4439,594.6658,594.6658,4.000000,4.000000,4.000000,6.000000,6.000000,96.000000,96.000000,96.000000,94.000000,94.000000,5.0,2378.6634,2163.0699,7532.4340,7748.0274,PENDING_AG03,FALSE,NOT_FOR_ENFORCEMENT,9514.6534,197836.1275,9911.0973,9514.6534,396.4439,0.04434629,0.04257244,396.4439,9514.6534,0.04257244,396.4439,396.4439,396.4439,594.6658,594.6658,9514.6534,0.04257244,2378.6634,2163.0699,7532.4340,7748.0274,0.03370318,0.03466783,0.00177385,18.3071,35.3906,1.7021,111.3606,22.7319,2511.1605,65.4270,19.5018,17.8433,6.2314,10.3857,29.4087,42.1647,51.0976,84.0248,10.2195,-6.1317,4.919981,8.090411,1.762719,10,81,100,8,0.29790265,0.04434629,0.01893081,0E-8,0.000000,0.922083,0.000000,0.03619937,2026-03-22,2026-08-06,89,436,292,138,0.644928,1.092949,1.065259,0.993009,,,,,,,,GLOBAL_BASELINE_NO_ENTITY_RANKING,,,NOT_APPLICABLE_GLOBAL_BASELINE,HF9g-P5,,,,X 全窗基线 · 不参与实体赏罚,15058325,1506,A168_HF9F_20260827_0900,2026-08-27 09:00:00
2026-04-16,94349862,1750,0,527.0592203746,-21.0823688150,-21.0823688150,0.5500000,45,23,0.43891384427400212,0.366195110870,1.0010839976751307,1.706231650182859,1.0010839976751307,0.07271873340400212,ELIGIBLE,R03b_20260811_FULL_v1,L1_ELIGIBILITY,v2026-08-11,2026-03-21..2026-08-06,baccarat_bet02_101_all_pairs_incl_sentinel,round_win = game_pnl > 0 (decisive only),COMPATIBILITY_ONLY_NOT_PRODUCTION,223493.2844,206079.2994,9911.0973,12208,5823,-0.04434629,-0.01893081,-0.05513017,-0.04434629,-9911.0973,223493.2844,OK,0.0000,396.4439,4.0000,96.0000,AG03-UNRESOLVED,ALL5_LEVELS_bet23_to_bet27,396.4439,396.4439,396.4439,594.6658,594.6658,4.000000,4.000000,4.000000,6.000000,6.000000,96.000000,96.000000,96.000000,94.000000,94.000000,5.0,2378.6634,2163.0699,7532.4340,7748.0274,PENDING_AG03,FALSE,NOT_FOR_ENFORCEMENT,9514.6534,197836.1275,9911.0973,9514.6534,396.4439,0.04434629,0.04257244,396.4439,9514.6534,0.04257244,396.4439,396.4439,396.4439,594.6658,594.6658,9514.6534,0.04257244,2378.6634,2163.0699,7532.4340,7748.0274,0.03370318,0.03466783,0.00177385,18.3071,35.3906,1.7021,111.3606,22.7319,2511.1605,65.4270,19.5018,17.8433,6.2314,10.3857,29.4087,42.1647,51.0976,84.0248,10.2195,-6.1317,4.919981,8.090411,1.762719,10,81,100,8,0.29790265,0.04434629,0.01893081,0E-8,0.000000,0.922083,0.000000,0.03619937,2026-03-22,2026-08-06,89,436,292,138,0.644928,1.092949,1.065259,0.993009,,,,,,,,GLOBAL_BASELINE_NO_ENTITY_RANKING,,,NOT_APPLICABLE_GLOBAL_BASELINE,HF9g-P5,,,,X 全窗基线 · 不参与实体赏罚,15058326,1506,A168_HF9F_20260827_0900,2026-08-27 09:00:00
2026-04-16,94349862,1942,0,27.4070794595,-27.4070794595,-27.4070794595,0E-7,2,2,0.49324550000000000,0.493245500000,-1.3952362676504506,-1.3952362676504506,-1.3952362676504506,0E-17,ELIGIBLE,R03b_20260811_FULL_v1,L1_ELIGIBILITY,v2026-08-11,2026-03-21..2026-08-06,baccarat_bet02_101_all_pairs_incl_sentinel,round_win = game_pnl > 0 (decisive only),COMPATIBILITY_ONLY_NOT_PRODUCTION,223493.2844,206079.2994,9911.0973,12208,5823,-0.04434629,-0.01893081,-0.05513017,-0.04434629,-9911.0973,223493.2844,OK,0.0000,396.4439,4.0000,96.0000,AG03-UNRESOLVED,ALL5_LEVELS_bet23_to_bet27,396.4439,396.4439,396.4439,594.6658,594.6658,4.000000,4.000000,4.000000,6.000000,6.000000,96.000000,96.000000,96.000000,94.000000,94.000000,5.0,2378.6634,2163.0699,7532.4340,7748.0274,PENDING_AG03,FALSE,NOT_FOR_ENFORCEMENT,9514.6534,197836.1275,9911.0973,9514.6534,396.4439,0.04434629,0.04257244,396.4439,9514.6534,0.04257244,396.4439,396.4439,396.4439,594.6658,594.6658,9514.6534,0.04257244,2378.6634,2163.0699,7532.4340,7748.0274,0.03370318,0.03466783,0.00177385,18.3071,35.3906,1.7021,111.3606,22.7319,2511.1605,65.4270,19.5018,17.8433,6.2314,10.3857,29.4087,42.1647,51.0976,84.0248,10.2195,-6.1317,4.919981,8.090411,1.762719,10,81,100,8,0.29790265,0.04434629,0.01893081,0E-8,0.000000,0.922083,0.000000,0.03619937,2026-03-22,2026-08-06,89,436,292,138,0.644928,1.092949,1.065259,0.993009,,,,,,,,GLOBAL_BASELINE_NO_ENTITY_RANKING,,,NOT_APPLICABLE_GLOBAL_BASELINE,HF9g-P5,,,,X 全窗基线 · 不参与实体赏罚,15058327,1506,A168_HF9F_20260827_0900,2026-08-27 09:00:00
2026-04-17,94349862,1205,0,84.3294752598,-84.3294752598,-84.3294752598,0E-7,7,2,0.38000275601475074,0.189364691667,-1.1071679145384226,-0.6835208115323345,-1.1071679145384226,0.19063806434775074,ELIGIBLE,R03b_20260811_FULL_v1,L1_ELIGIBILITY,v2026-08-11,2026-03-21..2026-08-06,baccarat_bet02_101_all_pairs_incl_sentinel,round_win = game_pnl > 0 (decisive only),COMPATIBILITY_ONLY_NOT_PRODUCTION,223493.2844,206079.2994,9911.0973,12208,5823,-0.04434629,-0.01893081,-0.05513017,-0.04434629,-9911.0973,223493.2844,OK,0.0000,396.4439,4.0000,96.0000,AG03-UNRESOLVED,ALL5_LEVELS_bet23_to_bet27,396.4439,396.4439,396.4439,594.6658,594.6658,4.000000,4.000000,4.000000,6.000000,6.000000,96.000000,96.000000,96.000000,94.000000,94.000000,5.0,2378.6634,2163.0699,7532.4340,7748.0274,PENDING_AG03,FALSE,NOT_FOR_ENFORCEMENT,9514.6534,197836.1275,9911.0973,9514.6534,396.4439,0.04434629,0.04257244,396.4439,9514.6534,0.04257244,396.4439,396.4439,396.4439,594.6658,594.6658,9514.6534,0.04257244,2378.6634,2163.0699,7532.4340,7748.0274,0.03370318,0.03466783,0.00177385,18.3071,35.3906,1.7021,111.3606,22.7319,2511.1605,65.4270,19.5018,17.8433,6.2314,10.3857,29.4087,42.1647,51.0976,84.0248,10.2195,-6.1317,4.919981,8.090411,1.762719,10,81,100,8,0.29790265,0.04434629,0.01893081,0E-8,0.000000,0.922083,0.000000,0.03619937,2026-03-22,2026-08-06,89,436,292,138,0.644928,1.092949,1.065259,0.993009,,,,,,,,GLOBAL_BASELINE_NO_ENTITY_RANKING,,,NOT_APPLICABLE_GLOBAL_BASELINE,HF9g-P5,,,,X 全窗基线 · 不参与实体赏罚,15058328,1506,A168_HF9F_20260827_0900,2026-08-27 09:00:00
2026-04-17,94349862,1383,0,665.7812071765,-116.0584403265,-116.0584403265,0.5555556,41,18,0.42772174287990853,0.305707095371,1.096219965876795,2.3008526513201044,1.096219965876795,0.12201464750890853,ELIGIBLE,R03b_20260811_FULL_v1,L1_ELIGIBILITY,v2026-08-11,2026-03-21..2026-08-06,baccarat_bet02_101_all_pairs_incl_sentinel,round_win = game_pnl > 0 (decisive only),COMPATIBILITY_ONLY_NOT_PRODUCTION,223493.2844,206079.2994,9911.0973,12208,5823,-0.04434629,-0.01893081,-0.05513017,-0.04434629,-9911.0973,223493.2844,OK,0.0000,396.4439,4.0000,96.0000,AG03-UNRESOLVED,ALL5_LEVELS_bet23_to_bet27,396.4439,396.4439,396.4439,594.6658,594.6658,4.000000,4.000000,4.000000,6.000000,6.000000,96.000000,96.000000,96.000000,94.000000,94.000000,5.0,2378.6634,2163.0699,7532.4340,7748.0274,PENDING_AG03,FALSE,NOT_FOR_ENFORCEMENT,9514.6534,197836.1275,9911.0973,9514.6534,396.4439,0.04434629,0.04257244,396.4439,9514.6534,0.04257244,396.4439,396.4439,396.4439,594.6658,594.6658,9514.6534,0.04257244,2378.6634,2163.0699,7532.4340,7748.0274,0.03370318,0.03466783,0.00177385,18.3071,35.3906,1.7021,111.3606,22.7319,2511.1605,65.4270,19.5018,17.8433,6.2314,10.3857,29.4087,42.1647,51.0976,84.0248,10.2195,-6.1317,4.919981,8.090411,1.762719,10,81,100,8,0.29790265,0.04434629,0.01893081,0E-8,0.000000,0.922083,0.000000,0.03619937,2026-03-22,2026-08-06,89,436,292,138,0.644928,1.092949,1.065259,0.993009,,,,,,,,GLOBAL_BASELINE_NO_ENTITY_RANKING,,,NOT_APPLICABLE_GLOBAL_BASELINE,HF9g-P5,,,,X 全窗基线 · 不参与实体赏罚,15058329,1506,A168_HF9F_20260827_0900,2026-08-27 09:00:00
2026-04-17,94349862,1490,0,10.5411844075,10.5411844075,10.5411844075,1.0000000,1,1,0.49324550000000000,0.493245500000,1.01360149184955,1.01360149184955,1.01360149184955,0E-17,ELIGIBLE,R03b_20260811_FULL_v1,L1_ELIGIBILITY,v2026-08-11,2026-03-21..2026-08-06,baccarat_bet02_101_all_pairs_incl_sentinel,round_win = game_pnl > 0 (decisive only),COMPATIBILITY_ONLY_NOT_PRODUCTION,223493.2844,206079.2994,9911.0973,12208,5823,-0.04434629,-0.01893081,-0.05513017,-0.04434629,-9911.0973,223493.2844,OK,0.0000,396.4439,4.0000,96.0000,AG03-UNRESOLVED,ALL5_LEVELS_bet23_to_bet27,396.4439,396.4439,396.4439,594.6658,594.6658,4.000000,4.000000,4.000000,6.000000,6.000000,96.000000,96.000000,96.000000,94.000000,94.000000,5.0,2378.6634,2163.0699,7532.4340,7748.0274,PENDING_AG03,FALSE,NOT_FOR_ENFORCEMENT,9514.6534,197836.1275,9911.0973,9514.6534,396.4439,0.04434629,0.04257244,396.4439,9514.6534,0.04257244,396.4439,396.4439,396.4439,594.6658,594.6658,9514.6534,0.04257244,2378.6634,2163.0699,7532.4340,7748.0274,0.03370318,0.03466783,0.00177385,18.3071,35.3906,1.7021,111.3606,22.7319,2511.1605,65.4270,19.5018,17.8433,6.2314,10.3857,29.4087,42.1647,51.0976,84.0248,10.2195,-6.1317,4.919981,8.090411,1.762719,10,81,100,8,0.29790265,0.04434629,0.01893081,0E-8,0.000000,0.922083,0.000000,0.03619937,2026-03-22,2026-08-06,89,436,292,138,0.644928,1.092949,1.065259,0.993009,,,,,,,,GLOBAL_BASELINE_NO_ENTITY_RANKING,,,NOT_APPLICABLE_GLOBAL_BASELINE,HF9g-P5,,,,X 全窗基线 · 不参与实体赏罚,15058330,1506,A168_HF9F_20260827_0900,2026-08-27 09:00:00
2026-04-17,94349862,1623,0,76.7398224866,-5.2284274662,-5.2284274662,0.4000000,13,13,0.50252602307692308,0.502526023077,-0.6484397798964046,-0.6484397798968916,-0.6484397798964046,-7.692E-14,ELIGIBLE,R03b_20260811_FULL_v1,L1_ELIGIBILITY,v2026-08-11,2026-03-21..2026-08-06,baccarat_bet02_101_all_pairs_incl_sentinel,round_win = game_pnl > 0 (decisive only),COMPATIBILITY_ONLY_NOT_PRODUCTION,223493.2844,206079.2994,9911.0973,12208,5823,-0.04434629,-0.01893081,-0.05513017,-0.04434629,-9911.0973,223493.2844,OK,0.0000,396.4439,4.0000,96.0000,AG03-UNRESOLVED,ALL5_LEVELS_bet23_to_bet27,396.4439,396.4439,396.4439,594.6658,594.6658,4.000000,4.000000,4.000000,6.000000,6.000000,96.000000,96.000000,96.000000,94.000000,94.000000,5.0,2378.6634,2163.0699,7532.4340,7748.0274,PENDING_AG03,FALSE,NOT_FOR_ENFORCEMENT,9514.6534,197836.1275,9911.0973,9514.6534,396.4439,0.04434629,0.04257244,396.4439,9514.6534,0.04257244,396.4439,396.4439,396.4439,594.6658,594.6658,9514.6534,0.04257244,2378.6634,2163.0699,7532.4340,7748.0274,0.03370318,0.03466783,0.00177385,18.3071,35.3906,1.7021,111.3606,22.7319,2511.1605,65.4270,19.5018,17.8433,6.2314,10.3857,29.4087,42.1647,51.0976,84.0248,10.2195,-6.1317,4.919981,8.090411,1.762719,10,81,100,8,0.29790265,0.04434629,0.01893081,0E-8,0.000000,0.922083,0.000000,0.03619937,2026-03-22,2026-08-06,89,436,292,138,0.644928,1.092949,1.065259,0.993009,,,,,,,,GLOBAL_BASELINE_NO_ENTITY_RANKING,,,NOT_APPLICABLE_GLOBAL_BASELINE,HF9g-P5,,,,X 全窗基线 · 不参与实体赏罚,15058331,1506,A168_HF9F_20260827_0900,2026-08-27 09:00:00
2026-04-17,94349862,1645,0,65.3553433265,13.5981278857,13.5981278857,0.7500000,6,6,0.49994810000000000,0.499948100000,1.0002076053883384,1.0002076053883384,1.0002076053883384,0E-17,ELIGIBLE,R03b_20260811_FULL_v1,L1_ELIGIBILITY,v2026-08-11,2026-03-21..2026-08-06,baccarat_bet02_101_all_pairs_incl_sentinel,round_win = game_pnl > 0 (decisive only),COMPATIBILITY_ONLY_NOT_PRODUCTION,223493.2844,206079.2994,9911.0973,12208,5823,-0.04434629,-0.01893081,-0.05513017,-0.04434629,-9911.0973,223493.2844,OK,0.0000,396.4439,4.0000,96.0000,AG03-UNRESOLVED,ALL5_LEVELS_bet23_to_bet27,396.4439,396.4439,396.4439,594.6658,594.6658,4.000000,4.000000,4.000000,6.000000,6.000000,96.000000,96.000000,96.000000,94.000000,94.000000,5.0,2378.6634,2163.0699,7532.4340,7748.0274,PENDING_AG03,FALSE,NOT_FOR_ENFORCEMENT,9514.6534,197836.1275,9911.0973,9514.6534,396.4439,0.04434629,0.04257244,396.4439,9514.6534,0.04257244,396.4439,396.4439,396.4439,594.6658,594.6658,9514.6534,0.04257244,2378.6634,2163.0699,7532.4340,7748.0274,0.03370318,0.03466783,0.00177385,18.3071,35.3906,1.7021,111.3606,22.7319,2511.1605,65.4270,19.5018,17.8433,6.2314,10.3857,29.4087,42.1647,51.0976,84.0248,10.2195,-6.1317,4.919981,8.090411,1.762719,10,81,100,8,0.29790265,0.04434629,0.01893081,0E-8,0.000000,0.922083,0.000000,0.03619937,2026-03-22,2026-08-06,89,436,292,138,0.644928,1.092949,1.065259,0.993009,,,,,,,,GLOBAL_BASELINE_NO_ENTITY_RANKING,,,NOT_APPLICABLE_GLOBAL_BASELINE,HF9g-P5,,,,X 全窗基线 · 不参与实体赏罚,15058332,1506,A168_HF9F_20260827_0900,2026-08-27 09:00:00
2026-04-17,94349862,1654,0,1358.3370227481,-195.3597706246,-195.3597706246,0.5357143,84,28,0.39537224148258121,0.228122503214,1.5188667871212476,3.8787830614643144,1.5188667871212476,0.16724973826858121,ELIGIBLE,R03b_20260811_FULL_v1,L1_ELIGIBILITY,v2026-08-11,2026-03-21..2026-08-06,baccarat_bet02_101_all_pairs_incl_sentinel,round_win = game_pnl > 0 (decisive only),COMPATIBILITY_ONLY_NOT_PRODUCTION,223493.2844,206079.2994,9911.0973,12208,5823,-0.04434629,-0.01893081,-0.05513017,-0.04434629,-9911.0973,223493.2844,OK,0.0000,396.4439,4.0000,96.0000,AG03-UNRESOLVED,ALL5_LEVELS_bet23_to_bet27,396.4439,396.4439,396.4439,594.6658,594.6658,4.000000,4.000000,4.000000,6.000000,6.000000,96.000000,96.000000,96.000000,94.000000,94.000000,5.0,2378.6634,2163.0699,7532.4340,7748.0274,PENDING_AG03,FALSE,NOT_FOR_ENFORCEMENT,9514.6534,197836.1275,9911.0973,9514.6534,396.4439,0.04434629,0.04257244,396.4439,9514.6534,0.04257244,396.4439,396.4439,396.4439,594.6658,594.6658,9514.6534,0.04257244,2378.6634,2163.0699,7532.4340,7748.0274,0.03370318,0.03466783,0.00177385,18.3071,35.3906,1.7021,111.3606,22.7319,2511.1605,65.4270,19.5018,17.8433,6.2314,10.3857,29.4087,42.1647,51.0976,84.0248,10.2195,-6.1317,4.919981,8.090411,1.762719,10,81,100,8,0.29790265,0.04434629,0.01893081,0E-8,0.000000,0.922083,0.000000,0.03619937,2026-03-22,2026-08-06,89,436,292,138,0.644928,1.092949,1.065259,0.993009,,,,,,,,GLOBAL_BASELINE_NO_ENTITY_RANKING,,,NOT_APPLICABLE_GLOBAL_BASELINE,HF9g-P5,,,,X 全窗基线 · 不参与实体赏罚,15058333,1506,A168_HF9F_20260827_0900,2026-08-27 09:00:00
2026-04-17,94349862,1985,0,84.3294752600,22.6635464761,22.6635464761,0.6666667,7,7,0.49516052857142857,0.495160528571,0.8402444109601804,0.840244410962287,0.8402444109601804,4.2857E-13,ELIGIBLE,R03b_20260811_FULL_v1,L1_ELIGIBILITY,v2026-08-11,2026-03-21..2026-08-06,baccarat_bet02_101_all_pairs_incl_sentinel,round_win = game_pnl > 0 (decisive only),COMPATIBILITY_ONLY_NOT_PRODUCTION,223493.2844,206079.2994,9911.0973,12208,5823,-0.04434629,-0.01893081,-0.05513017,-0.04434629,-9911.0973,223493.2844,OK,0.0000,396.4439,4.0000,96.0000,AG03-UNRESOLVED,ALL5_LEVELS_bet23_to_bet27,396.4439,396.4439,396.4439,594.6658,594.6658,4.000000,4.000000,4.000000,6.000000,6.000000,96.000000,96.000000,96.000000,94.000000,94.000000,5.0,2378.6634,2163.0699,7532.4340,7748.0274,PENDING_AG03,FALSE,NOT_FOR_ENFORCEMENT,9514.6534,197836.1275,9911.0973,9514.6534,396.4439,0.04434629,0.04257244,396.4439,9514.6534,0.04257244,396.4439,396.4439,396.4439,594.6658,594.6658,9514.6534,0.04257244,2378.6634,2163.0699,7532.4340,7748.0274,0.03370318,0.03466783,0.00177385,18.3071,35.3906,1.7021,111.3606,22.7319,2511.1605,65.4270,19.5018,17.8433,6.2314,10.3857,29.4087,42.1647,51.0976,84.0248,10.2195,-6.1317,4.919981,8.090411,1.762719,10,81,100,8,0.29790265,0.04434629,0.01893081,0E-8,0.000000,0.922083,0.000000,0.03619937,2026-03-22,2026-08-06,89,436,292,138,0.644928,1.092949,1.065259,0.993009,,,,,,,,GLOBAL_BASELINE_NO_ENTITY_RANKING,,,NOT_APPLICABLE_GLOBAL_BASELINE,HF9g-P5,,,,X 全窗基线 · 不参与实体赏罚,15058334,1506,A168_HF9F_20260827_0900,2026-08-27 09:00:00
2026-04-17,94349862,2108,0,132.8189235345,-45.5379166404,-45.5379166404,0.3750000,12,9,0.47374331925925926,0.429443500000,-0.5593483419553418,-0.31109188668071625,-0.5593483419553418,0.04429981925925926,ELIGIBLE,R03b_20260811_FULL_v1,L1_ELIGIBILITY,v2026-08-11,2026-03-21..2026-08-06,baccarat_bet02_101_all_pairs_incl_sentinel,round_win = game_pnl > 0 (decisive only),COMPATIBILITY_ONLY_NOT_PRODUCTION,223493.2844,206079.2994,9911.0973,12208,5823,-0.04434629,-0.01893081,-0.05513017,-0.04434629,-9911.0973,223493.2844,OK,0.0000,396.4439,4.0000,96.0000,AG03-UNRESOLVED,ALL5_LEVELS_bet23_to_bet27,396.4439,396.4439,396.4439,594.6658,594.6658,4.000000,4.000000,4.000000,6.000000,6.000000,96.000000,96.000000,96.000000,94.000000,94.000000,5.0,2378.6634,2163.0699,7532.4340,7748.0274,PENDING_AG03,FALSE,NOT_FOR_ENFORCEMENT,9514.6534,197836.1275,9911.0973,9514.6534,396.4439,0.04434629,0.04257244,396.4439,9514.6534,0.04257244,396.4439,396.4439,396.4439,594.6658,594.6658,9514.6534,0.04257244,2378.6634,2163.0699,7532.4340,7748.0274,0.03370318,0.03466783,0.00177385,18.3071,35.3906,1.7021,111.3606,22.7319,2511.1605,65.4270,19.5018,17.8433,6.2314,10.3857,29.4087,42.1647,51.0976,84.0248,10.2195,-6.1317,4.919981,8.090411,1.762719,10,81,100,8,0.29790265,0.04434629,0.01893081,0E-8,0.000000,0.922083,0.000000,0.03619937,2026-03-22,2026-08-06,89,436,292,138,0.644928,1.092949,1.065259,0.993009,,,,,,,,GLOBAL_BASELINE_NO_ENTITY_RANKING,,,NOT_APPLICABLE_GLOBAL_BASELINE,HF9g-P5,,,,X 全窗基线 · 不参与实体赏罚,15058335,1506,A168_HF9F_20260827_0900,2026-08-27 09:00:00
2026-04-17,94349862,2129,0,112.3690257839,-27.3016676154,-27.3016676154,0.4000000,12,10,0.48924771000000000,0.458376455000,-0.5645826389671753,-0.37049111711161264,-0.5645826389671753,0.03087125500000000,ELIGIBLE,R03b_20260811_FULL_v1,L1_ELIGIBILITY,v2026-08-11,2026-03-21..2026-08-06,baccarat_bet02_101_all_pairs_incl_sentinel,round_win = game_pnl > 0 (decisive only),COMPATIBILITY_ONLY_NOT_PRODUCTION,223493.2844,206079.2994,9911.0973,12208,5823,-0.04434629,-0.01893081,-0.05513017,-0.04434629,-9911.0973,223493.2844,OK,0.0000,396.4439,4.0000,96.0000,AG03-UNRESOLVED,ALL5_LEVELS_bet23_to_bet27,396.4439,396.4439,396.4439,594.6658,594.6658,4.000000,4.000000,4.000000,6.000000,6.000000,96.000000,96.000000,96.000000,94.000000,94.000000,5.0,2378.6634,2163.0699,7532.4340,7748.0274,PENDING_AG03,FALSE,NOT_FOR_ENFORCEMENT,9514.6534,197836.1275,9911.0973,9514.6534,396.4439,0.04434629,0.04257244,396.4439,9514.6534,0.04257244,396.4439,396.4439,396.4439,594.6658,594.6658,9514.6534,0.04257244,2378.6634,2163.0699,7532.4340,7748.0274,0.03370318,0.03466783,0.00177385,18.3071,35.3906,1.7021,111.3606,22.7319,2511.1605,65.4270,19.5018,17.8433,6.2314,10.3857,29.4087,42.1647,51.0976,84.0248,10.2195,-6.1317,4.919981,8.090411,1.762719,10,81,100,8,0.29790265,0.04434629,0.01893081,0E-8,0.000000,0.922083,0.000000,0.03619937,2026-03-22,2026-08-06,89,436,292,138,0.644928,1.092949,1.065259,0.993009,,,,,,,,GLOBAL_BASELINE_NO_ENTITY_RANKING,,,NOT_APPLICABLE_GLOBAL_BASELINE,HF9g-P5,,,,X 全窗基线 · 不参与实体赏罚,15058336,1506,A168_HF9F_20260827_0900,2026-08-27 09:00:00
2026-04-17,94349862,2160,0,368.9414542619,81.1671199374,81.1671199374,0.5000000,18,10,0.46078040048238462,0.380465100000,0.24881314511209396,0.7785821124845975,0.24881314511209396,0.08031530048238462,ELIGIBLE,R03b_20260811_FULL_v1,L1_ELIGIBILITY,v2026-08-11,2026-03-21..2026-08-06,baccarat_bet02_101_all_pairs_incl_sentinel,round_win = game_pnl > 0 (decisive only),COMPATIBILITY_ONLY_NOT_PRODUCTION,223493.2844,206079.2994,9911.0973,12208,5823,-0.04434629,-0.01893081,-0.05513017,-0.04434629,-9911.0973,223493.2844,OK,0.0000,396.4439,4.0000,96.0000,AG03-UNRESOLVED,ALL5_LEVELS_bet23_to_bet27,396.4439,396.4439,396.4439,594.6658,594.6658,4.000000,4.000000,4.000000,6.000000,6.000000,96.000000,96.000000,96.000000,94.000000,94.000000,5.0,2378.6634,2163.0699,7532.4340,7748.0274,PENDING_AG03,FALSE,NOT_FOR_ENFORCEMENT,9514.6534,197836.1275,9911.0973,9514.6534,396.4439,0.04434629,0.04257244,396.4439,9514.6534,0.04257244,396.4439,396.4439,396.4439,594.6658,594.6658,9514.6534,0.04257244,2378.6634,2163.0699,7532.4340,7748.0274,0.03370318,0.03466783,0.00177385,18.3071,35.3906,1.7021,111.3606,22.7319,2511.1605,65.4270,19.5018,17.8433,6.2314,10.3857,29.4087,42.1647,51.0976,84.0248,10.2195,-6.1317,4.919981,8.090411,1.762719,10,81,100,8,0.29790265,0.04434629,0.01893081,0E-8,0.000000,0.922083,0.000000,0.03619937,2026-03-22,2026-08-06,89,436,292,138,0.644928,1.092949,1.065259,0.993009,,,,,,,,GLOBAL_BASELINE_NO_ENTITY_RANKING,,,NOT_APPLICABLE_GLOBAL_BASELINE,HF9g-P5,,,,X 全窗基线 · 不参与实体赏罚,15058337,1506,A168_HF9F_20260827_0900,2026-08-27 09:00:00
2026-04-17,94349862,462,0,248.7719520170,-50.0706259359,-50.0706259359,0.3846154,20,13,0.46277816230769231,0.394434050000,-0.5652081338895476,-0.0724362923226747,-0.5652081338895476,0.06834411230769231,ELIGIBLE,R03b_20260811_FULL_v1,L1_ELIGIBILITY,v2026-08-11,2026-03-21..2026-08-06,baccarat_bet02_101_all_pairs_incl_sentinel,round_win = game_pnl > 0 (decisive only),COMPATIBILITY_ONLY_NOT_PRODUCTION,223493.2844,206079.2994,9911.0973,12208,5823,-0.04434629,-0.01893081,-0.05513017,-0.04434629,-9911.0973,223493.2844,OK,0.0000,396.4439,4.0000,96.0000,AG03-UNRESOLVED,ALL5_LEVELS_bet23_to_bet27,396.4439,396.4439,396.4439,594.6658,594.6658,4.000000,4.000000,4.000000,6.000000,6.000000,96.000000,96.000000,96.000000,94.000000,94.000000,5.0,2378.6634,2163.0699,7532.4340,7748.0274,PENDING_AG03,FALSE,NOT_FOR_ENFORCEMENT,9514.6534,197836.1275,9911.0973,9514.6534,396.4439,0.04434629,0.04257244,396.4439,9514.6534,0.04257244,396.4439,396.4439,396.4439,594.6658,594.6658,9514.6534,0.04257244,2378.6634,2163.0699,7532.4340,7748.0274,0.03370318,0.03466783,0.00177385,18.3071,35.3906,1.7021,111.3606,22.7319,2511.1605,65.4270,19.5018,17.8433,6.2314,10.3857,29.4087,42.1647,51.0976,84.0248,10.2195,-6.1317,4.919981,8.090411,1.762719,10,81,100,8,0.29790265,0.04434629,0.01893081,0E-8,0.000000,0.922083,0.000000,0.03619937,2026-03-22,2026-08-06,89,436,292,138,0.644928,1.092949,1.065259,0.993009,,,,,,,,GLOBAL_BASELINE_NO_ENTITY_RANKING,,,NOT_APPLICABLE_GLOBAL_BASELINE,HF9g-P5,,,,X 全窗基线 · 不参与实体赏罚,15058338,1506,A168_HF9F_20260827_0900,2026-08-27 09:00:00
2026-04-17,94349862,526,0,48.9110956508,-3.3731790104,-3.3731790104,0.4000000,7,7,0.49899058571428571,0.498990585714,-0.4427002597300625,-0.4427002597287852,-0.4427002597300625,2.8571E-13,ELIGIBLE,R03b_20260811_FULL_v1,L1_ELIGIBILITY,v2026-08-11,2026-03-21..2026-08-06,baccarat_bet02_101_all_pairs_incl_sentinel,round_win = game_pnl > 0 (decisive only),COMPATIBILITY_ONLY_NOT_PRODUCTION,223493.2844,206079.2994,9911.0973,12208,5823,-0.04434629,-0.01893081,-0.05513017,-0.04434629,-9911.0973,223493.2844,OK,0.0000,396.4439,4.0000,96.0000,AG03-UNRESOLVED,ALL5_LEVELS_bet23_to_bet27,396.4439,396.4439,396.4439,594.6658,594.6658,4.000000,4.000000,4.000000,6.000000,6.000000,96.000000,96.000000,96.000000,94.000000,94.000000,5.0,2378.6634,2163.0699,7532.4340,7748.0274,PENDING_AG03,FALSE,NOT_FOR_ENFORCEMENT,9514.6534,197836.1275,9911.0973,9514.6534,396.4439,0.04434629,0.04257244,396.4439,9514.6534,0.04257244,396.4439,396.4439,396.4439,594.6658,594.6658,9514.6534,0.04257244,2378.6634,2163.0699,7532.4340,7748.0274,0.03370318,0.03466783,0.00177385,18.3071,35.3906,1.7021,111.3606,22.7319,2511.1605,65.4270,19.5018,17.8433,6.2314,10.3857,29.4087,42.1647,51.0976,84.0248,10.2195,-6.1317,4.919981,8.090411,1.762719,10,81,100,8,0.29790265,0.04434629,0.01893081,0E-8,0.000000,0.922083,0.000000,0.03619937,2026-03-22,2026-08-06,89,436,292,138,0.644928,1.092949,1.065259,0.993009,,,,,,,,GLOBAL_BASELINE_NO_ENTITY_RANKING,,,NOT_APPLICABLE_GLOBAL_BASELINE,HF9g-P5,,,,X 全窗基线 · 不参与实体赏罚,15058339,1506,A168_HF9F_20260827_0900,2026-08-27 09:00:00
2026-04-17,94349862,595,0,82.6428857548,34.8913203888,34.8913203888,0.8333333,8,7,0.48394067402597403,0.464305928571,1.7125510387943457,1.8124820309201282,1.7125510387943457,0.01963474545497403,ELIGIBLE,R03b_20260811_FULL_v1,L1_ELIGIBILITY,v2026-08-11,2026-03-21..2026-08-06,baccarat_bet02_101_all_pairs_incl_sentinel,round_win = game_pnl > 0 (decisive only),COMPATIBILITY_ONLY_NOT_PRODUCTION,223493.2844,206079.2994,9911.0973,12208,5823,-0.04434629,-0.01893081,-0.05513017,-0.04434629,-9911.0973,223493.2844,OK,0.0000,396.4439,4.0000,96.0000,AG03-UNRESOLVED,ALL5_LEVELS_bet23_to_bet27,396.4439,396.4439,396.4439,594.6658,594.6658,4.000000,4.000000,4.000000,6.000000,6.000000,96.000000,96.000000,96.000000,94.000000,94.000000,5.0,2378.6634,2163.0699,7532.4340,7748.0274,PENDING_AG03,FALSE,NOT_FOR_ENFORCEMENT,9514.6534,197836.1275,9911.0973,9514.6534,396.4439,0.04434629,0.04257244,396.4439,9514.6534,0.04257244,396.4439,396.4439,396.4439,594.6658,594.6658,9514.6534,0.04257244,2378.6634,2163.0699,7532.4340,7748.0274,0.03370318,0.03466783,0.00177385,18.3071,35.3906,1.7021,111.3606,22.7319,2511.1605,65.4270,19.5018,17.8433,6.2314,10.3857,29.4087,42.1647,51.0976,84.0248,10.2195,-6.1317,4.919981,8.090411,1.762719,10,81,100,8,0.29790265,0.04434629,0.01893081,0E-8,0.000000,0.922083,0.000000,0.03619937,2026-03-22,2026-08-06,89,436,292,138,0.644928,1.092949,1.065259,0.993009,,,,,,,,GLOBAL_BASELINE_NO_ENTITY_RANKING,,,NOT_APPLICABLE_GLOBAL_BASELINE,HF9g-P5,,,,X 全窗基线 · 不参与实体赏罚,15058340,1506,A168_HF9F_20260827_0900,2026-08-27 09:00:00
2026-04-18,94349862,1702,0,15.1793055468,-15.1793055468,-15.1793055468,0E-7,3,3,0.49771390000000000,0.497713900000,-1.724149546644903,-1.724149546644903,-1.724149546644903,0E-17,ELIGIBLE,R03b_20260811_FULL_v1,L1_ELIGIBILITY,v2026-08-11,2026-03-21..2026-08-06,baccarat_bet02_101_all_pairs_incl_sentinel,round_win = game_pnl > 0 (decisive only),COMPATIBILITY_ONLY_NOT_PRODUCTION,223493.2844,206079.2994,9911.0973,12208,5823,-0.04434629,-0.01893081,-0.05513017,-0.04434629,-9911.0973,223493.2844,OK,0.0000,396.4439,4.0000,96.0000,AG03-UNRESOLVED,ALL5_LEVELS_bet23_to_bet27,396.4439,396.4439,396.4439,594.6658,594.6658,4.000000,4.000000,4.000000,6.000000,6.000000,96.000000,96.000000,96.000000,94.000000,94.000000,5.0,2378.6634,2163.0699,7532.4340,7748.0274,PENDING_AG03,FALSE,NOT_FOR_ENFORCEMENT,9514.6534,197836.1275,9911.0973,9514.6534,396.4439,0.04434629,0.04257244,396.4439,9514.6534,0.04257244,396.4439,396.4439,396.4439,594.6658,594.6658,9514.6534,0.04257244,2378.6634,2163.0699,7532.4340,7748.0274,0.03370318,0.03466783,0.00177385,18.3071,35.3906,1.7021,111.3606,22.7319,2511.1605,65.4270,19.5018,17.8433,6.2314,10.3857,29.4087,42.1647,51.0976,84.0248,10.2195,-6.1317,4.919981,8.090411,1.762719,10,81,100,8,0.29790265,0.04434629,0.01893081,0E-8,0.000000,0.922083,0.000000,0.03619937,2026-03-22,2026-08-06,89,436,292,138,0.644928,1.092949,1.065259,0.993009,,,,,,,,GLOBAL_BASELINE_NO_ENTITY_RANKING,,,NOT_APPLICABLE_GLOBAL_BASELINE,HF9g-P5,,,,X 全窗基线 · 不参与实体赏罚,15058341,1506,A168_HF9F_20260827_0900,2026-08-27 09:00:00
2026-04-18,94349862,526,0,129.4457445240,22.3051462063,22.3051462063,0.5714286,16,16,0.50078592500000000,0.500785925000,0.5286418127227984,0.5286418127227984,0.5286418127227984,0E-17,ELIGIBLE,R03b_20260811_FULL_v1,L1_ELIGIBILITY,v2026-08-11,2026-03-21..2026-08-06,baccarat_bet02_101_all_pairs_incl_sentinel,round_win = game_pnl > 0 (decisive only),COMPATIBILITY_ONLY_NOT_PRODUCTION,223493.2844,206079.2994,9911.0973,12208,5823,-0.04434629,-0.01893081,-0.05513017,-0.04434629,-9911.0973,223493.2844,OK,0.0000,396.4439,4.0000,96.0000,AG03-UNRESOLVED,ALL5_LEVELS_bet23_to_bet27,396.4439,396.4439,396.4439,594.6658,594.6658,4.000000,4.000000,4.000000,6.000000,6.000000,96.000000,96.000000,96.000000,94.000000,94.000000,5.0,2378.6634,2163.0699,7532.4340,7748.0274,PENDING_AG03,FALSE,NOT_FOR_ENFORCEMENT,9514.6534,197836.1275,9911.0973,9514.6534,396.4439,0.04434629,0.04257244,396.4439,9514.6534,0.04257244,396.4439,396.4439,396.4439,594.6658,594.6658,9514.6534,0.04257244,2378.6634,2163.0699,7532.4340,7748.0274,0.03370318,0.03466783,0.00177385,18.3071,35.3906,1.7021,111.3606,22.7319,2511.1605,65.4270,19.5018,17.8433,6.2314,10.3857,29.4087,42.1647,51.0976,84.0248,10.2195,-6.1317,4.919981,8.090411,1.762719,10,81,100,8,0.29790265,0.04434629,0.01893081,0E-8,0.000000,0.922083,0.000000,0.03619937,2026-03-22,2026-08-06,89,436,292,138,0.644928,1.092949,1.065259,0.993009,,,,,,,,GLOBAL_BASELINE_NO_ENTITY_RANKING,,,NOT_APPLICABLE_GLOBAL_BASELINE,HF9g-P5,,,,X 全窗基线 · 不参与实体赏罚,15058342,1506,A168_HF9F_20260827_0900,2026-08-27 09:00:00
2026-04-18,94349862,919,0,69.5718170895,-49.0165074949,-49.0165074949,0.2500000,5,4,0.49003761153846154,0.452658162500,-0.9603410912161493,-0.8142909259566681,-0.9603410912161493,0.03737944903846154,ELIGIBLE,R03b_20260811_FULL_v1,L1_ELIGIBILITY,v2026-08-11,2026-03-21..2026-08-06,baccarat_bet02_101_all_pairs_incl_sentinel,round_win = game_pnl > 0 (decisive only),COMPATIBILITY_ONLY_NOT_PRODUCTION,223493.2844,206079.2994,9911.0973,12208,5823,-0.04434629,-0.01893081,-0.05513017,-0.04434629,-9911.0973,223493.2844,OK,0.0000,396.4439,4.0000,96.0000,AG03-UNRESOLVED,ALL5_LEVELS_bet23_to_bet27,396.4439,396.4439,396.4439,594.6658,594.6658,4.000000,4.000000,4.000000,6.000000,6.000000,96.000000,96.000000,96.000000,94.000000,94.000000,5.0,2378.6634,2163.0699,7532.4340,7748.0274,PENDING_AG03,FALSE,NOT_FOR_ENFORCEMENT,9514.6534,197836.1275,9911.0973,9514.6534,396.4439,0.04434629,0.04257244,396.4439,9514.6534,0.04257244,396.4439,396.4439,396.4439,594.6658,594.6658,9514.6534,0.04257244,2378.6634,2163.0699,7532.4340,7748.0274,0.03370318,0.03466783,0.00177385,18.3071,35.3906,1.7021,111.3606,22.7319,2511.1605,65.4270,19.5018,17.8433,6.2314,10.3857,29.4087,42.1647,51.0976,84.0248,10.2195,-6.1317,4.919981,8.090411,1.762719,10,81,100,8,0.29790265,0.04434629,0.01893081,0E-8,0.000000,0.922083,0.000000,0.03619937,2026-03-22,2026-08-06,89,436,292,138,0.644928,1.092949,1.065259,0.993009,,,,,,,,GLOBAL_BASELINE_NO_ENTITY_RANKING,,,NOT_APPLICABLE_GLOBAL_BASELINE,HF9g-P5,,,,X 全窗基线 · 不参与实体赏罚,15058343,1506,A168_HF9F_20260827_0900,2026-08-27 09:00:00
2026-04-19,94349862,1291,0,36.4724980498,-4.9438154871,-4.9438154871,0.5000000,9,9,0.49920336666666667,0.499203366667,0.004506444376759088,0.004506444374873482,0.004506444376759088,-3.3333E-13,ELIGIBLE,R03b_20260811_FULL_v1,L1_ELIGIBILITY,v2026-08-11,2026-03-21..2026-08-06,baccarat_bet02_101_all_pairs_incl_sentinel,round_win = game_pnl > 0 (decisive only),COMPATIBILITY_ONLY_NOT_PRODUCTION,223493.2844,206079.2994,9911.0973,12208,5823,-0.04434629,-0.01893081,-0.05513017,-0.04434629,-9911.0973,223493.2844,OK,0.0000,396.4439,4.0000,96.0000,AG03-UNRESOLVED,ALL5_LEVELS_bet23_to_bet27,396.4439,396.4439,396.4439,594.6658,594.6658,4.000000,4.000000,4.000000,6.000000,6.000000,96.000000,96.000000,96.000000,94.000000,94.000000,5.0,2378.6634,2163.0699,7532.4340,7748.0274,PENDING_AG03,FALSE,NOT_FOR_ENFORCEMENT,9514.6534,197836.1275,9911.0973,9514.6534,396.4439,0.04434629,0.04257244,396.4439,9514.6534,0.04257244,396.4439,396.4439,396.4439,594.6658,594.6658,9514.6534,0.04257244,2378.6634,2163.0699,7532.4340,7748.0274,0.03370318,0.03466783,0.00177385,18.3071,35.3906,1.7021,111.3606,22.7319,2511.1605,65.4270,19.5018,17.8433,6.2314,10.3857,29.4087,42.1647,51.0976,84.0248,10.2195,-6.1317,4.919981,8.090411,1.762719,10,81,100,8,0.29790265,0.04434629,0.01893081,0E-8,0.000000,0.922083,0.000000,0.03619937,2026-03-22,2026-08-06,89,436,292,138,0.644928,1.092949,1.065259,0.993009,,,,,,,,GLOBAL_BASELINE_NO_ENTITY_RANKING,,,NOT_APPLICABLE_GLOBAL_BASELINE,HF9g-P5,,,,X 全窗基线 · 不参与实体赏罚,15058344,1506,A168_HF9F_20260827_0900,2026-08-27 09:00:00
2026-04-22,94349862,1383,0,254.4641915966,-64.7228722620,-64.7228722620,0.4285714,12,7,0.45913539943200217,0.387776097619,-0.1622722017728586,0.22152044856797454,-0.1622722017728586,0.07135930181300217,ELIGIBLE,R03b_20260811_FULL_v1,L1_ELIGIBILITY,v2026-08-11,2026-03-21..2026-08-06,baccarat_bet02_101_all_pairs_incl_sentinel,round_win = game_pnl > 0 (decisive only),COMPATIBILITY_ONLY_NOT_PRODUCTION,223493.2844,206079.2994,9911.0973,12208,5823,-0.04434629,-0.01893081,-0.05513017,-0.04434629,-9911.0973,223493.2844,OK,0.0000,396.4439,4.0000,96.0000,AG03-UNRESOLVED,ALL5_LEVELS_bet23_to_bet27,396.4439,396.4439,396.4439,594.6658,594.6658,4.000000,4.000000,4.000000,6.000000,6.000000,96.000000,96.000000,96.000000,94.000000,94.000000,5.0,2378.6634,2163.0699,7532.4340,7748.0274,PENDING_AG03,FALSE,NOT_FOR_ENFORCEMENT,9514.6534,197836.1275,9911.0973,9514.6534,396.4439,0.04434629,0.04257244,396.4439,9514.6534,0.04257244,396.4439,396.4439,396.4439,594.6658,594.6658,9514.6534,0.04257244,2378.6634,2163.0699,7532.4340,7748.0274,0.03370318,0.03466783,0.00177385,18.3071,35.3906,1.7021,111.3606,22.7319,2511.1605,65.4270,19.5018,17.8433,6.2314,10.3857,29.4087,42.1647,51.0976,84.0248,10.2195,-6.1317,4.919981,8.090411,1.762719,10,81,100,8,0.29790265,0.04434629,0.01893081,0E-8,0.000000,0.922083,0.000000,0.03619937,2026-03-22,2026-08-06,89,436,292,138,0.644928,1.092949,1.065259,0.993009,,,,,,,,GLOBAL_BASELINE_NO_ENTITY_RANKING,,,NOT_APPLICABLE_GLOBAL_BASELINE,HF9g-P5,,,,X 全窗基线 · 不参与实体赏罚,15058345,1506,A168_HF9F_20260827_0900,2026-08-27 09:00:00
2026-04-22,94349862,1947,0,88.1243016467,-36.2616743618,-36.2616743618,0.3750000,9,9,0.49920336666666667,0.499203366667,-0.7026012343063094,-0.7026012343081942,-0.7026012343063094,-3.3333E-13,ELIGIBLE,R03b_20260811_FULL_v1,L1_ELIGIBILITY,v2026-08-11,2026-03-21..2026-08-06,baccarat_bet02_101_all_pairs_incl_sentinel,round_win = game_pnl > 0 (decisive only),COMPATIBILITY_ONLY_NOT_PRODUCTION,223493.2844,206079.2994,9911.0973,12208,5823,-0.04434629,-0.01893081,-0.05513017,-0.04434629,-9911.0973,223493.2844,OK,0.0000,396.4439,4.0000,96.0000,AG03-UNRESOLVED,ALL5_LEVELS_bet23_to_bet27,396.4439,396.4439,396.4439,594.6658,594.6658,4.000000,4.000000,4.000000,6.000000,6.000000,96.000000,96.000000,96.000000,94.000000,94.000000,5.0,2378.6634,2163.0699,7532.4340,7748.0274,PENDING_AG03,FALSE,NOT_FOR_ENFORCEMENT,9514.6534,197836.1275,9911.0973,9514.6534,396.4439,0.04434629,0.04257244,396.4439,9514.6534,0.04257244,396.4439,396.4439,396.4439,594.6658,594.6658,9514.6534,0.04257244,2378.6634,2163.0699,7532.4340,7748.0274,0.03370318,0.03466783,0.00177385,18.3071,35.3906,1.7021,111.3606,22.7319,2511.1605,65.4270,19.5018,17.8433,6.2314,10.3857,29.4087,42.1647,51.0976,84.0248,10.2195,-6.1317,4.919981,8.090411,1.762719,10,81,100,8,0.29790265,0.04434629,0.01893081,0E-8,0.000000,0.922083,0.000000,0.03619937,2026-03-22,2026-08-06,89,436,292,138,0.644928,1.092949,1.065259,0.993009,,,,,,,,GLOBAL_BASELINE_NO_ENTITY_RANKING,,,NOT_APPLICABLE_GLOBAL_BASELINE,HF9g-P5,,,,X 全窗基线 · 不参与实体赏罚,15058346,1506,A168_HF9F_20260827_0900,2026-08-27 09:00:00
2026-04-22,94349862,2106,0,136.4029262327,-8.4329475259,-8.4329475259,0.5000000,5,5,0.49860758000000000,0.498607580000,0.005569701597489473,0.005569701597489473,0.005569701597489473,0E-17,ELIGIBLE,R03b_20260811_FULL_v1,L1_ELIGIBILITY,v2026-08-11,2026-03-21..2026-08-06,baccarat_bet02_101_all_pairs_incl_sentinel,round_win = game_pnl > 0 (decisive only),COMPATIBILITY_ONLY_NOT_PRODUCTION,223493.2844,206079.2994,9911.0973,12208,5823,-0.04434629,-0.01893081,-0.05513017,-0.04434629,-9911.0973,223493.2844,OK,0.0000,396.4439,4.0000,96.0000,AG03-UNRESOLVED,ALL5_LEVELS_bet23_to_bet27,396.4439,396.4439,396.4439,594.6658,594.6658,4.000000,4.000000,4.000000,6.000000,6.000000,96.000000,96.000000,96.000000,94.000000,94.000000,5.0,2378.6634,2163.0699,7532.4340,7748.0274,PENDING_AG03,FALSE,NOT_FOR_ENFORCEMENT,9514.6534,197836.1275,9911.0973,9514.6534,396.4439,0.04434629,0.04257244,396.4439,9514.6534,0.04257244,396.4439,396.4439,396.4439,594.6658,594.6658,9514.6534,0.04257244,2378.6634,2163.0699,7532.4340,7748.0274,0.03370318,0.03466783,0.00177385,18.3071,35.3906,1.7021,111.3606,22.7319,2511.1605,65.4270,19.5018,17.8433,6.2314,10.3857,29.4087,42.1647,51.0976,84.0248,10.2195,-6.1317,4.919981,8.090411,1.762719,10,81,100,8,0.29790265,0.04434629,0.01893081,0E-8,0.000000,0.922083,0.000000,0.03619937,2026-03-22,2026-08-06,89,436,292,138,0.644928,1.092949,1.065259,0.993009,,,,,,,,GLOBAL_BASELINE_NO_ENTITY_RANKING,,,NOT_APPLICABLE_GLOBAL_BASELINE,HF9g-P5,,,,X 全窗基线 · 不参与实体赏罚,15058347,1506,A168_HF9F_20260827_0900,2026-08-27 09:00:00
2026-04-22,94349862,2108,0,11.8061265364,-3.3731790104,-3.3731790104,0.3333333,4,4,0.49324550000000000,0.493245500000,-0.5540025479526107,-0.5540025479526106,-0.5540025479526107,0E-17,ELIGIBLE,R03b_20260811_FULL_v1,L1_ELIGIBILITY,v2026-08-11,2026-03-21..2026-08-06,baccarat_bet02_101_all_pairs_incl_sentinel,round_win = game_pnl > 0 (decisive only),COMPATIBILITY_ONLY_NOT_PRODUCTION,223493.2844,206079.2994,9911.0973,12208,5823,-0.04434629,-0.01893081,-0.05513017,-0.04434629,-9911.0973,223493.2844,OK,0.0000,396.4439,4.0000,96.0000,AG03-UNRESOLVED,ALL5_LEVELS_bet23_to_bet27,396.4439,396.4439,396.4439,594.6658,594.6658,4.000000,4.000000,4.000000,6.000000,6.000000,96.000000,96.000000,96.000000,94.000000,94.000000,5.0,2378.6634,2163.0699,7532.4340,7748.0274,PENDING_AG03,FALSE,NOT_FOR_ENFORCEMENT,9514.6534,197836.1275,9911.0973,9514.6534,396.4439,0.04434629,0.04257244,396.4439,9514.6534,0.04257244,396.4439,396.4439,396.4439,594.6658,594.6658,9514.6534,0.04257244,2378.6634,2163.0699,7532.4340,7748.0274,0.03370318,0.03466783,0.00177385,18.3071,35.3906,1.7021,111.3606,22.7319,2511.1605,65.4270,19.5018,17.8433,6.2314,10.3857,29.4087,42.1647,51.0976,84.0248,10.2195,-6.1317,4.919981,8.090411,1.762719,10,81,100,8,0.29790265,0.04434629,0.01893081,0E-8,0.000000,0.922083,0.000000,0.03619937,2026-03-22,2026-08-06,89,436,292,138,0.644928,1.092949,1.065259,0.993009,,,,,,,,GLOBAL_BASELINE_NO_ENTITY_RANKING,,,NOT_APPLICABLE_GLOBAL_BASELINE,HF9g-P5,,,,X 全窗基线 · 不参与实体赏罚,15058348,1506,A168_HF9F_20260827_0900,2026-08-27 09:00:00
2026-04-22,94349862,2153,0,475.1965930897,9.9087133428,9.9087133428,0.5416667,28,26,0.49458316427349454,0.485138630769,0.4613492993831068,0.5541041897556285,0.4613492993831068,0.00944453350449454,ELIGIBLE,R03b_20260811_FULL_v1,L1_ELIGIBILITY,v2026-08-11,2026-03-21..2026-08-06,baccarat_bet02_101_all_pairs_incl_sentinel,round_win = game_pnl > 0 (decisive only),COMPATIBILITY_ONLY_NOT_PRODUCTION,223493.2844,206079.2994,9911.0973,12208,5823,-0.04434629,-0.01893081,-0.05513017,-0.04434629,-9911.0973,223493.2844,OK,0.0000,396.4439,4.0000,96.0000,AG03-UNRESOLVED,ALL5_LEVELS_bet23_to_bet27,396.4439,396.4439,396.4439,594.6658,594.6658,4.000000,4.000000,4.000000,6.000000,6.000000,96.000000,96.000000,96.000000,94.000000,94.000000,5.0,2378.6634,2163.0699,7532.4340,7748.0274,PENDING_AG03,FALSE,NOT_FOR_ENFORCEMENT,9514.6534,197836.1275,9911.0973,9514.6534,396.4439,0.04434629,0.04257244,396.4439,9514.6534,0.04257244,396.4439,396.4439,396.4439,594.6658,594.6658,9514.6534,0.04257244,2378.6634,2163.0699,7532.4340,7748.0274,0.03370318,0.03466783,0.00177385,18.3071,35.3906,1.7021,111.3606,22.7319,2511.1605,65.4270,19.5018,17.8433,6.2314,10.3857,29.4087,42.1647,51.0976,84.0248,10.2195,-6.1317,4.919981,8.090411,1.762719,10,81,100,8,0.29790265,0.04434629,0.01893081,0E-8,0.000000,0.922083,0.000000,0.03619937,2026-03-22,2026-08-06,89,436,292,138,0.644928,1.092949,1.065259,0.993009,,,,,,,,GLOBAL_BASELINE_NO_ENTITY_RANKING,,,NOT_APPLICABLE_GLOBAL_BASELINE,HF9g-P5,,,,X 全窗基线 · 不参与实体赏罚,15058349,1506,A168_HF9F_20260827_0900,2026-08-27 09:00:00
2026-04-22,94349862,2267,0,729.4499609976,-66.6202854551,-66.6202854551,0.3750000,35,16,0.41223791823490483,0.273410696875,-0.3026011921347309,0.9117079076970146,-0.3026011921347309,0.13882722135990483,ELIGIBLE,R03b_20260811_FULL_v1,L1_ELIGIBILITY,v2026-08-11,2026-03-21..2026-08-06,baccarat_bet02_101_all_pairs_incl_sentinel,round_win = game_pnl > 0 (decisive only),COMPATIBILITY_ONLY_NOT_PRODUCTION,223493.2844,206079.2994,9911.0973,12208,5823,-0.04434629,-0.01893081,-0.05513017,-0.04434629,-9911.0973,223493.2844,OK,0.0000,396.4439,4.0000,96.0000,AG03-UNRESOLVED,ALL5_LEVELS_bet23_to_bet27,396.4439,396.4439,396.4439,594.6658,594.6658,4.000000,4.000000,4.000000,6.000000,6.000000,96.000000,96.000000,96.000000,94.000000,94.000000,5.0,2378.6634,2163.0699,7532.4340,7748.0274,PENDING_AG03,FALSE,NOT_FOR_ENFORCEMENT,9514.6534,197836.1275,9911.0973,9514.6534,396.4439,0.04434629,0.04257244,396.4439,9514.6534,0.04257244,396.4439,396.4439,396.4439,594.6658,594.6658,9514.6534,0.04257244,2378.6634,2163.0699,7532.4340,7748.0274,0.03370318,0.03466783,0.00177385,18.3071,35.3906,1.7021,111.3606,22.7319,2511.1605,65.4270,19.5018,17.8433,6.2314,10.3857,29.4087,42.1647,51.0976,84.0248,10.2195,-6.1317,4.919981,8.090411,1.762719,10,81,100,8,0.29790265,0.04434629,0.01893081,0E-8,0.000000,0.922083,0.000000,0.03619937,2026-03-22,2026-08-06,89,436,292,138,0.644928,1.092949,1.065259,0.993009,,,,,,,,GLOBAL_BASELINE_NO_ENTITY_RANKING,,,NOT_APPLICABLE_GLOBAL_BASELINE,HF9g-P5,,,,X 全窗基线 · 不参与实体赏罚,15058350,1506,A168_HF9F_20260827_0900,2026-08-27 09:00:00
2026-04-22,94349862,752,0,336.2637825992,-78.7426475241,-78.7426475241,0.4838710,36,35,0.49767465054945055,0.494352032857,-0.15371296876089371,-0.11671964850639584,-0.15371296876089371,0.00332261769245055,ELIGIBLE,R03b_20260811_FULL_v1,L1_ELIGIBILITY,v2026-08-11,2026-03-21..2026-08-06,baccarat_bet02_101_all_pairs_incl_sentinel,round_win = game_pnl > 0 (decisive only),COMPATIBILITY_ONLY_NOT_PRODUCTION,223493.2844,206079.2994,9911.0973,12208,5823,-0.04434629,-0.01893081,-0.05513017,-0.04434629,-9911.0973,223493.2844,OK,0.0000,396.4439,4.0000,96.0000,AG03-UNRESOLVED,ALL5_LEVELS_bet23_to_bet27,396.4439,396.4439,396.4439,594.6658,594.6658,4.000000,4.000000,4.000000,6.000000,6.000000,96.000000,96.000000,96.000000,94.000000,94.000000,5.0,2378.6634,2163.0699,7532.4340,7748.0274,PENDING_AG03,FALSE,NOT_FOR_ENFORCEMENT,9514.6534,197836.1275,9911.0973,9514.6534,396.4439,0.04434629,0.04257244,396.4439,9514.6534,0.04257244,396.4439,396.4439,396.4439,594.6658,594.6658,9514.6534,0.04257244,2378.6634,2163.0699,7532.4340,7748.0274,0.03370318,0.03466783,0.00177385,18.3071,35.3906,1.7021,111.3606,22.7319,2511.1605,65.4270,19.5018,17.8433,6.2314,10.3857,29.4087,42.1647,51.0976,84.0248,10.2195,-6.1317,4.919981,8.090411,1.762719,10,81,100,8,0.29790265,0.04434629,0.01893081,0E-8,0.000000,0.922083,0.000000,0.03619937,2026-03-22,2026-08-06,89,436,292,138,0.644928,1.092949,1.065259,0.993009,,,,,,,,GLOBAL_BASELINE_NO_ENTITY_RANKING,,,NOT_APPLICABLE_GLOBAL_BASELINE,HF9g-P5,,,,X 全窗基线 · 不参与实体赏罚,15058351,1506,A168_HF9F_20260827_0900,2026-08-27 09:00:00
2026-04-23,94349862,1363,0,9.6978896548,-4.8489448274,-4.8489448274,0E-7,2,2,0.49994810000000000,0.499948100000,-0.9998962053866608,-0.9998962053866608,-0.9998962053866608,0E-17,ELIGIBLE,R03b_20260811_FULL_v1,L1_ELIGIBILITY,v2026-08-11,2026-03-21..2026-08-06,baccarat_bet02_101_all_pairs_incl_sentinel,round_win = game_pnl > 0 (decisive only),COMPATIBILITY_ONLY_NOT_PRODUCTION,223493.2844,206079.2994,9911.0973,12208,5823,-0.04434629,-0.01893081,-0.05513017,-0.04434629,-9911.0973,223493.2844,OK,0.0000,396.4439,4.0000,96.0000,AG03-UNRESOLVED,ALL5_LEVELS_bet23_to_bet27,396.4439,396.4439,396.4439,594.6658,594.6658,4.000000,4.000000,4.000000,6.000000,6.000000,96.000000,96.000000,96.000000,94.000000,94.000000,5.0,2378.6634,2163.0699,7532.4340,7748.0274,PENDING_AG03,FALSE,NOT_FOR_ENFORCEMENT,9514.6534,197836.1275,9911.0973,9514.6534,396.4439,0.04434629,0.04257244,396.4439,9514.6534,0.04257244,396.4439,396.4439,396.4439,594.6658,594.6658,9514.6534,0.04257244,2378.6634,2163.0699,7532.4340,7748.0274,0.03370318,0.03466783,0.00177385,18.3071,35.3906,1.7021,111.3606,22.7319,2511.1605,65.4270,19.5018,17.8433,6.2314,10.3857,29.4087,42.1647,51.0976,84.0248,10.2195,-6.1317,4.919981,8.090411,1.762719,10,81,100,8,0.29790265,0.04434629,0.01893081,0E-8,0.000000,0.922083,0.000000,0.03619937,2026-03-22,2026-08-06,89,436,292,138,0.644928,1.092949,1.065259,0.993009,,,,,,,,GLOBAL_BASELINE_NO_ENTITY_RANKING,,,NOT_APPLICABLE_GLOBAL_BASELINE,HF9g-P5,,,,X 全窗基线 · 不参与实体赏罚,15058352,1506,A168_HF9F_20260827_0900,2026-08-27 09:00:00
2026-04-23,94349862,763,0,103.0927835053,-10.7520080957,-10.7520080957,0.5454545,12,12,0.49771390000000000,0.497713900000,0.31667892655003893,0.31667892655003893,0.31667892655003893,0E-17,ELIGIBLE,R03b_20260811_FULL_v1,L1_ELIGIBILITY,v2026-08-11,2026-03-21..2026-08-06,baccarat_bet02_101_all_pairs_incl_sentinel,round_win = game_pnl > 0 (decisive only),COMPATIBILITY_ONLY_NOT_PRODUCTION,223493.2844,206079.2994,9911.0973,12208,5823,-0.04434629,-0.01893081,-0.05513017,-0.04434629,-9911.0973,223493.2844,OK,0.0000,396.4439,4.0000,96.0000,AG03-UNRESOLVED,ALL5_LEVELS_bet23_to_bet27,396.4439,396.4439,396.4439,594.6658,594.6658,4.000000,4.000000,4.000000,6.000000,6.000000,96.000000,96.000000,96.000000,94.000000,94.000000,5.0,2378.6634,2163.0699,7532.4340,7748.0274,PENDING_AG03,FALSE,NOT_FOR_ENFORCEMENT,9514.6534,197836.1275,9911.0973,9514.6534,396.4439,0.04434629,0.04257244,396.4439,9514.6534,0.04257244,396.4439,396.4439,396.4439,594.6658,594.6658,9514.6534,0.04257244,2378.6634,2163.0699,7532.4340,7748.0274,0.03370318,0.03466783,0.00177385,18.3071,35.3906,1.7021,111.3606,22.7319,2511.1605,65.4270,19.5018,17.8433,6.2314,10.3857,29.4087,42.1647,51.0976,84.0248,10.2195,-6.1317,4.919981,8.090411,1.762719,10,81,100,8,0.29790265,0.04434629,0.01893081,0E-8,0.000000,0.922083,0.000000,0.03619937,2026-03-22,2026-08-06,89,436,292,138,0.644928,1.092949,1.065259,0.993009,,,,,,,,GLOBAL_BASELINE_NO_ENTITY_RANKING,,,NOT_APPLICABLE_GLOBAL_BASELINE,HF9g-P5,,,,X 全窗基线 · 不参与实体赏罚,15058353,1506,A168_HF9F_20260827_0900,2026-08-27 09:00:00
2026-04-27,94349862,1078,0,339.4261379208,125.0184470726,125.0184470726,0.7142857,17,7,0.42704724396242952,0.257588307143,1.5363644771869949,2.7630712996829074,1.5363644771869949,0.16945893681942952,ELIGIBLE,R03b_20260811_FULL_v1,L1_ELIGIBILITY,v2026-08-11,2026-03-21..2026-08-06,baccarat_bet02_101_all_pairs_incl_sentinel,round_win = game_pnl > 0 (decisive only),COMPATIBILITY_ONLY_NOT_PRODUCTION,223493.2844,206079.2994,9911.0973,12208,5823,-0.04434629,-0.01893081,-0.05513017,-0.04434629,-9911.0973,223493.2844,OK,0.0000,396.4439,4.0000,96.0000,AG03-UNRESOLVED,ALL5_LEVELS_bet23_to_bet27,396.4439,396.4439,396.4439,594.6658,594.6658,4.000000,4.000000,4.000000,6.000000,6.000000,96.000000,96.000000,96.000000,94.000000,94.000000,5.0,2378.6634,2163.0699,7532.4340,7748.0274,PENDING_AG03,FALSE,NOT_FOR_ENFORCEMENT,9514.6534,197836.1275,9911.0973,9514.6534,396.4439,0.04434629,0.04257244,396.4439,9514.6534,0.04257244,396.4439,396.4439,396.4439,594.6658,594.6658,9514.6534,0.04257244,2378.6634,2163.0699,7532.4340,7748.0274,0.03370318,0.03466783,0.00177385,18.3071,35.3906,1.7021,111.3606,22.7319,2511.1605,65.4270,19.5018,17.8433,6.2314,10.3857,29.4087,42.1647,51.0976,84.0248,10.2195,-6.1317,4.919981,8.090411,1.762719,10,81,100,8,0.29790265,0.04434629,0.01893081,0E-8,0.000000,0.922083,0.000000,0.03619937,2026-03-22,2026-08-06,89,436,292,138,0.644928,1.092949,1.065259,0.993009,,,,,,,,GLOBAL_BASELINE_NO_ENTITY_RANKING,,,NOT_APPLICABLE_GLOBAL_BASELINE,HF9g-P5,,,,X 全窗基线 · 不参与实体赏罚,15058354,1506,A168_HF9F_20260827_0900,2026-08-27 09:00:00
2026-04-27,94349862,1291,0,39.6348533721,10.6044315138,10.6044315138,0.6250000,9,9,0.49920336666666667,0.499203366667,0.7116141230598275,0.7116141230579411,0.7116141230598275,-3.3333E-13,ELIGIBLE,R03b_20260811_FULL_v1,L1_ELIGIBILITY,v2026-08-11,2026-03-21..2026-08-06,baccarat_bet02_101_all_pairs_incl_sentinel,round_win = game_pnl > 0 (decisive only),COMPATIBILITY_ONLY_NOT_PRODUCTION,223493.2844,206079.2994,9911.0973,12208,5823,-0.04434629,-0.01893081,-0.05513017,-0.04434629,-9911.0973,223493.2844,OK,0.0000,396.4439,4.0000,96.0000,AG03-UNRESOLVED,ALL5_LEVELS_bet23_to_bet27,396.4439,396.4439,396.4439,594.6658,594.6658,4.000000,4.000000,4.000000,6.000000,6.000000,96.000000,96.000000,96.000000,94.000000,94.000000,5.0,2378.6634,2163.0699,7532.4340,7748.0274,PENDING_AG03,FALSE,NOT_FOR_ENFORCEMENT,9514.6534,197836.1275,9911.0973,9514.6534,396.4439,0.04434629,0.04257244,396.4439,9514.6534,0.04257244,396.4439,396.4439,396.4439,594.6658,594.6658,9514.6534,0.04257244,2378.6634,2163.0699,7532.4340,7748.0274,0.03370318,0.03466783,0.00177385,18.3071,35.3906,1.7021,111.3606,22.7319,2511.1605,65.4270,19.5018,17.8433,6.2314,10.3857,29.4087,42.1647,51.0976,84.0248,10.2195,-6.1317,4.919981,8.090411,1.762719,10,81,100,8,0.29790265,0.04434629,0.01893081,0E-8,0.000000,0.922083,0.000000,0.03619937,2026-03-22,2026-08-06,89,436,292,138,0.644928,1.092949,1.065259,0.993009,,,,,,,,GLOBAL_BASELINE_NO_ENTITY_RANKING,,,NOT_APPLICABLE_GLOBAL_BASELINE,HF9g-P5,,,,X 全窗基线 · 不参与实体赏罚,15058355,1506,A168_HF9F_20260827_0900,2026-08-27 09:00:00
2026-04-27,94349862,1304,0,307.1701136341,-133.6622182870,-133.6622182870,0.2727273,14,11,0.48394302587704952,0.444699827273,-1.4017698190627994,-1.1477785397749782,-1.4017698190627994,0.03924319860404952,ELIGIBLE,R03b_20260811_FULL_v1,L1_ELIGIBILITY,v2026-08-11,2026-03-21..2026-08-06,baccarat_bet02_101_all_pairs_incl_sentinel,round_win = game_pnl > 0 (decisive only),COMPATIBILITY_ONLY_NOT_PRODUCTION,223493.2844,206079.2994,9911.0973,12208,5823,-0.04434629,-0.01893081,-0.05513017,-0.04434629,-9911.0973,223493.2844,OK,0.0000,396.4439,4.0000,96.0000,AG03-UNRESOLVED,ALL5_LEVELS_bet23_to_bet27,396.4439,396.4439,396.4439,594.6658,594.6658,4.000000,4.000000,4.000000,6.000000,6.000000,96.000000,96.000000,96.000000,94.000000,94.000000,5.0,2378.6634,2163.0699,7532.4340,7748.0274,PENDING_AG03,FALSE,NOT_FOR_ENFORCEMENT,9514.6534,197836.1275,9911.0973,9514.6534,396.4439,0.04434629,0.04257244,396.4439,9514.6534,0.04257244,396.4439,396.4439,396.4439,594.6658,594.6658,9514.6534,0.04257244,2378.6634,2163.0699,7532.4340,7748.0274,0.03370318,0.03466783,0.00177385,18.3071,35.3906,1.7021,111.3606,22.7319,2511.1605,65.4270,19.5018,17.8433,6.2314,10.3857,29.4087,42.1647,51.0976,84.0248,10.2195,-6.1317,4.919981,8.090411,1.762719,10,81,100,8,0.29790265,0.04434629,0.01893081,0E-8,0.000000,0.922083,0.000000,0.03619937,2026-03-22,2026-08-06,89,436,292,138,0.644928,1.092949,1.065259,0.993009,,,,,,,,GLOBAL_BASELINE_NO_ENTITY_RANKING,,,NOT_APPLICABLE_GLOBAL_BASELINE,HF9g-P5,,,,X 全窗基线 · 不参与实体赏罚,15058356,1506,A168_HF9F_20260827_0900,2026-08-27 09:00:00
2026-04-27,94349862,1710,0,359.6652119833,68.7285223367,68.7285223367,0.5384615,23,14,0.46599836030432452,0.393556300000,0.523751843251821,1.0694416236134876,0.523751843251821,0.07244206030432452,ELIGIBLE,R03b_20260811_FULL_v1,L1_ELIGIBILITY,v2026-08-11,2026-03-21..2026-08-06,baccarat_bet02_101_all_pairs_incl_sentinel,round_win = game_pnl > 0 (decisive only),COMPATIBILITY_ONLY_NOT_PRODUCTION,223493.2844,206079.2994,9911.0973,12208,5823,-0.04434629,-0.01893081,-0.05513017,-0.04434629,-9911.0973,223493.2844,OK,0.0000,396.4439,4.0000,96.0000,AG03-UNRESOLVED,ALL5_LEVELS_bet23_to_bet27,396.4439,396.4439,396.4439,594.6658,594.6658,4.000000,4.000000,4.000000,6.000000,6.000000,96.000000,96.000000,96.000000,94.000000,94.000000,5.0,2378.6634,2163.0699,7532.4340,7748.0274,PENDING_AG03,FALSE,NOT_FOR_ENFORCEMENT,9514.6534,197836.1275,9911.0973,9514.6534,396.4439,0.04434629,0.04257244,396.4439,9514.6534,0.04257244,396.4439,396.4439,396.4439,594.6658,594.6658,9514.6534,0.04257244,2378.6634,2163.0699,7532.4340,7748.0274,0.03370318,0.03466783,0.00177385,18.3071,35.3906,1.7021,111.3606,22.7319,2511.1605,65.4270,19.5018,17.8433,6.2314,10.3857,29.4087,42.1647,51.0976,84.0248,10.2195,-6.1317,4.919981,8.090411,1.762719,10,81,100,8,0.29790265,0.04434629,0.01893081,0E-8,0.000000,0.922083,0.000000,0.03619937,2026-03-22,2026-08-06,89,436,292,138,0.644928,1.092949,1.065259,0.993009,,,,,,,,GLOBAL_BASELINE_NO_ENTITY_RANKING,,,NOT_APPLICABLE_GLOBAL_BASELINE,HF9g-P5,,,,X 全窗基线 · 不参与实体赏罚,15058357,1506,A168_HF9F_20260827_0900,2026-08-27 09:00:00
2026-04-27,94349862,1940,0,926.9917567938,-197.4574663212,-197.4574663212,0.5000000,55,18,0.40139753649606618,0.239798055093,0.8534290402805806,2.585588899580311,0.8534290402805806,0.16159948140306618,ELIGIBLE,R03b_20260811_FULL_v1,L1_ELIGIBILITY,v2026-08-11,2026-03-21..2026-08-06,baccarat_bet02_101_all_pairs_incl_sentinel,round_win = game_pnl > 0 (decisive only),COMPATIBILITY_ONLY_NOT_PRODUCTION,223493.2844,206079.2994,9911.0973,12208,5823,-0.04434629,-0.01893081,-0.05513017,-0.04434629,-9911.0973,223493.2844,OK,0.0000,396.4439,4.0000,96.0000,AG03-UNRESOLVED,ALL5_LEVELS_bet23_to_bet27,396.4439,396.4439,396.4439,594.6658,594.6658,4.000000,4.000000,4.000000,6.000000,6.000000,96.000000,96.000000,96.000000,94.000000,94.000000,5.0,2378.6634,2163.0699,7532.4340,7748.0274,PENDING_AG03,FALSE,NOT_FOR_ENFORCEMENT,9514.6534,197836.1275,9911.0973,9514.6534,396.4439,0.04434629,0.04257244,396.4439,9514.6534,0.04257244,396.4439,396.4439,396.4439,594.6658,594.6658,9514.6534,0.04257244,2378.6634,2163.0699,7532.4340,7748.0274,0.03370318,0.03466783,0.00177385,18.3071,35.3906,1.7021,111.3606,22.7319,2511.1605,65.4270,19.5018,17.8433,6.2314,10.3857,29.4087,42.1647,51.0976,84.0248,10.2195,-6.1317,4.919981,8.090411,1.762719,10,81,100,8,0.29790265,0.04434629,0.01893081,0E-8,0.000000,0.922083,0.000000,0.03619937,2026-03-22,2026-08-06,89,436,292,138,0.644928,1.092949,1.065259,0.993009,,,,,,,,GLOBAL_BASELINE_NO_ENTITY_RANKING,,,NOT_APPLICABLE_GLOBAL_BASELINE,HF9g-P5,,,,X 全窗基线 · 不参与实体赏罚,15058358,1506,A168_HF9F_20260827_0900,2026-08-27 09:00:00
2026-04-27,94349862,2106,0,149.6848185865,1.0541184407,1.0541184407,0.5000000,8,8,0.49659680000000000,0.496596800000,0.019251852328098087,0.01925185232809809,0.019251852328098087,0E-17,ELIGIBLE,R03b_20260811_FULL_v1,L1_ELIGIBILITY,v2026-08-11,2026-03-21..2026-08-06,baccarat_bet02_101_all_pairs_incl_sentinel,round_win = game_pnl > 0 (decisive only),COMPATIBILITY_ONLY_NOT_PRODUCTION,223493.2844,206079.2994,9911.0973,12208,5823,-0.04434629,-0.01893081,-0.05513017,-0.04434629,-9911.0973,223493.2844,OK,0.0000,396.4439,4.0000,96.0000,AG03-UNRESOLVED,ALL5_LEVELS_bet23_to_bet27,396.4439,396.4439,396.4439,594.6658,594.6658,4.000000,4.000000,4.000000,6.000000,6.000000,96.000000,96.000000,96.000000,94.000000,94.000000,5.0,2378.6634,2163.0699,7532.4340,7748.0274,PENDING_AG03,FALSE,NOT_FOR_ENFORCEMENT,9514.6534,197836.1275,9911.0973,9514.6534,396.4439,0.04434629,0.04257244,396.4439,9514.6534,0.04257244,396.4439,396.4439,396.4439,594.6658,594.6658,9514.6534,0.04257244,2378.6634,2163.0699,7532.4340,7748.0274,0.03370318,0.03466783,0.00177385,18.3071,35.3906,1.7021,111.3606,22.7319,2511.1605,65.4270,19.5018,17.8433,6.2314,10.3857,29.4087,42.1647,51.0976,84.0248,10.2195,-6.1317,4.919981,8.090411,1.762719,10,81,100,8,0.29790265,0.04434629,0.01893081,0E-8,0.000000,0.922083,0.000000,0.03619937,2026-03-22,2026-08-06,89,436,292,138,0.644928,1.092949,1.065259,0.993009,,,,,,,,GLOBAL_BASELINE_NO_ENTITY_RANKING,,,NOT_APPLICABLE_GLOBAL_BASELINE,HF9g-P5,,,,X 全窗基线 · 不参与实体赏罚,15058359,1506,A168_HF9F_20260827_0900,2026-08-27 09:00:00
2026-04-27,94349862,2267,0,115.9530284823,-115.9530284823,-115.9530284823,0E-7,7,3,0.44410919615373206,0.309977455555,-1.548141903001335,-1.1608979432333768,-1.548141903001335,0.13413174059873206,ELIGIBLE,R03b_20260811_FULL_v1,L1_ELIGIBILITY,v2026-08-11,2026-03-21..2026-08-06,baccarat_bet02_101_all_pairs_incl_sentinel,round_win = game_pnl > 0 (decisive only),COMPATIBILITY_ONLY_NOT_PRODUCTION,223493.2844,206079.2994,9911.0973,12208,5823,-0.04434629,-0.01893081,-0.05513017,-0.04434629,-9911.0973,223493.2844,OK,0.0000,396.4439,4.0000,96.0000,AG03-UNRESOLVED,ALL5_LEVELS_bet23_to_bet27,396.4439,396.4439,396.4439,594.6658,594.6658,4.000000,4.000000,4.000000,6.000000,6.000000,96.000000,96.000000,96.000000,94.000000,94.000000,5.0,2378.6634,2163.0699,7532.4340,7748.0274,PENDING_AG03,FALSE,NOT_FOR_ENFORCEMENT,9514.6534,197836.1275,9911.0973,9514.6534,396.4439,0.04434629,0.04257244,396.4439,9514.6534,0.04257244,396.4439,396.4439,396.4439,594.6658,594.6658,9514.6534,0.04257244,2378.6634,2163.0699,7532.4340,7748.0274,0.03370318,0.03466783,0.00177385,18.3071,35.3906,1.7021,111.3606,22.7319,2511.1605,65.4270,19.5018,17.8433,6.2314,10.3857,29.4087,42.1647,51.0976,84.0248,10.2195,-6.1317,4.919981,8.090411,1.762719,10,81,100,8,0.29790265,0.04434629,0.01893081,0E-8,0.000000,0.922083,0.000000,0.03619937,2026-03-22,2026-08-06,89,436,292,138,0.644928,1.092949,1.065259,0.993009,,,,,,,,GLOBAL_BASELINE_NO_ENTITY_RANKING,,,NOT_APPLICABLE_GLOBAL_BASELINE,HF9g-P5,,,,X 全窗基线 · 不参与实体赏罚,15058360,1506,A168_HF9F_20260827_0900,2026-08-27 09:00:00
2026-04-27,94349862,529,0,685.5986338627,-182.9949613140,-182.9949613140,0.3125000,35,16,0.43469423268998470,0.337519360000,-0.9860003128119891,-0.21164121567004548,-0.9860003128119891,0.09717487268998470,ELIGIBLE,R03b_20260811_FULL_v1,L1_ELIGIBILITY,v2026-08-11,2026-03-21..2026-08-06,baccarat_bet02_101_all_pairs_incl_sentinel,round_win = game_pnl > 0 (decisive only),COMPATIBILITY_ONLY_NOT_PRODUCTION,223493.2844,206079.2994,9911.0973,12208,5823,-0.04434629,-0.01893081,-0.05513017,-0.04434629,-9911.0973,223493.2844,OK,0.0000,396.4439,4.0000,96.0000,AG03-UNRESOLVED,ALL5_LEVELS_bet23_to_bet27,396.4439,396.4439,396.4439,594.6658,594.6658,4.000000,4.000000,4.000000,6.000000,6.000000,96.000000,96.000000,96.000000,94.000000,94.000000,5.0,2378.6634,2163.0699,7532.4340,7748.0274,PENDING_AG03,FALSE,NOT_FOR_ENFORCEMENT,9514.6534,197836.1275,9911.0973,9514.6534,396.4439,0.04434629,0.04257244,396.4439,9514.6534,0.04257244,396.4439,396.4439,396.4439,594.6658,594.6658,9514.6534,0.04257244,2378.6634,2163.0699,7532.4340,7748.0274,0.03370318,0.03466783,0.00177385,18.3071,35.3906,1.7021,111.3606,22.7319,2511.1605,65.4270,19.5018,17.8433,6.2314,10.3857,29.4087,42.1647,51.0976,84.0248,10.2195,-6.1317,4.919981,8.090411,1.762719,10,81,100,8,0.29790265,0.04434629,0.01893081,0E-8,0.000000,0.922083,0.000000,0.03619937,2026-03-22,2026-08-06,89,436,292,138,0.644928,1.092949,1.065259,0.993009,,,,,,,,GLOBAL_BASELINE_NO_ENTITY_RANKING,,,NOT_APPLICABLE_GLOBAL_BASELINE,HF9g-P5,,,,X 全窗基线 · 不参与实体赏罚,15058361,1506,A168_HF9F_20260827_0900,2026-08-27 09:00:00
2026-04-27,94349862,550,0,234.0142938461,28.2503742121,28.2503742121,0.5714286,13,7,0.43505243812247466,0.317693042857,0.7278007853345303,1.4419046763719365,0.7278007853345303,0.11735939526547466,ELIGIBLE,R03b_20260811_FULL_v1,L1_ELIGIBILITY,v2026-08-11,2026-03-21..2026-08-06,baccarat_bet02_101_all_pairs_incl_sentinel,round_win = game_pnl > 0 (decisive only),COMPATIBILITY_ONLY_NOT_PRODUCTION,223493.2844,206079.2994,9911.0973,12208,5823,-0.04434629,-0.01893081,-0.05513017,-0.04434629,-9911.0973,223493.2844,OK,0.0000,396.4439,4.0000,96.0000,AG03-UNRESOLVED,ALL5_LEVELS_bet23_to_bet27,396.4439,396.4439,396.4439,594.6658,594.6658,4.000000,4.000000,4.000000,6.000000,6.000000,96.000000,96.000000,96.000000,94.000000,94.000000,5.0,2378.6634,2163.0699,7532.4340,7748.0274,PENDING_AG03,FALSE,NOT_FOR_ENFORCEMENT,9514.6534,197836.1275,9911.0973,9514.6534,396.4439,0.04434629,0.04257244,396.4439,9514.6534,0.04257244,396.4439,396.4439,396.4439,594.6658,594.6658,9514.6534,0.04257244,2378.6634,2163.0699,7532.4340,7748.0274,0.03370318,0.03466783,0.00177385,18.3071,35.3906,1.7021,111.3606,22.7319,2511.1605,65.4270,19.5018,17.8433,6.2314,10.3857,29.4087,42.1647,51.0976,84.0248,10.2195,-6.1317,4.919981,8.090411,1.762719,10,81,100,8,0.29790265,0.04434629,0.01893081,0E-8,0.000000,0.922083,0.000000,0.03619937,2026-03-22,2026-08-06,89,436,292,138,0.644928,1.092949,1.065259,0.993009,,,,,,,,GLOBAL_BASELINE_NO_ENTITY_RANKING,,,NOT_APPLICABLE_GLOBAL_BASELINE,HF9g-P5,,,,X 全窗基线 · 不参与实体赏罚,15058362,1506,A168_HF9F_20260827_0900,2026-08-27 09:00:00
2026-04-27,94349862,789,0,775.8311723905,248.6665401725,248.6665401725,0.5625000,37,16,0.43562504669775847,0.293777277084,1.0235182713423594,2.3598502177867364,1.0235182713423594,0.14184776961375847,ELIGIBLE,R03b_20260811_FULL_v1,L1_ELIGIBILITY,v2026-08-11,2026-03-21..2026-08-06,baccarat_bet02_101_all_pairs_incl_sentinel,round_win = game_pnl > 0 (decisive only),COMPATIBILITY_ONLY_NOT_PRODUCTION,223493.2844,206079.2994,9911.0973,12208,5823,-0.04434629,-0.01893081,-0.05513017,-0.04434629,-9911.0973,223493.2844,OK,0.0000,396.4439,4.0000,96.0000,AG03-UNRESOLVED,ALL5_LEVELS_bet23_to_bet27,396.4439,396.4439,396.4439,594.6658,594.6658,4.000000,4.000000,4.000000,6.000000,6.000000,96.000000,96.000000,96.000000,94.000000,94.000000,5.0,2378.6634,2163.0699,7532.4340,7748.0274,PENDING_AG03,FALSE,NOT_FOR_ENFORCEMENT,9514.6534,197836.1275,9911.0973,9514.6534,396.4439,0.04434629,0.04257244,396.4439,9514.6534,0.04257244,396.4439,396.4439,396.4439,594.6658,594.6658,9514.6534,0.04257244,2378.6634,2163.0699,7532.4340,7748.0274,0.03370318,0.03466783,0.00177385,18.3071,35.3906,1.7021,111.3606,22.7319,2511.1605,65.4270,19.5018,17.8433,6.2314,10.3857,29.4087,42.1647,51.0976,84.0248,10.2195,-6.1317,4.919981,8.090411,1.762719,10,81,100,8,0.29790265,0.04434629,0.01893081,0E-8,0.000000,0.922083,0.000000,0.03619937,2026-03-22,2026-08-06,89,436,292,138,0.644928,1.092949,1.065259,0.993009,,,,,,,,GLOBAL_BASELINE_NO_ENTITY_RANKING,,,NOT_APPLICABLE_GLOBAL_BASELINE,HF9g-P5,,,,X 全窗基线 · 不参与实体赏罚,15058363,1506,A168_HF9F_20260827_0900,2026-08-27 09:00:00
2026-04-30,94349862,1353,0,499.5273605714,-62.3673983824,-62.3673983824,0.4444444,26,19,0.48089457197129283,0.423907834211,-0.30951562789797527,0.17631258267203548,-0.30951562789797527,0.05698673776029283,ELIGIBLE,R03b_20260811_FULL_v1,L1_ELIGIBILITY,v2026-08-11,2026-03-21..2026-08-06,baccarat_bet02_101_all_pairs_incl_sentinel,round_win = game_pnl > 0 (decisive only),COMPATIBILITY_ONLY_NOT_PRODUCTION,223493.2844,206079.2994,9911.0973,12208,5823,-0.04434629,-0.01893081,-0.05513017,-0.04434629,-9911.0973,223493.2844,OK,0.0000,396.4439,4.0000,96.0000,AG03-UNRESOLVED,ALL5_LEVELS_bet23_to_bet27,396.4439,396.4439,396.4439,594.6658,594.6658,4.000000,4.000000,4.000000,6.000000,6.000000,96.000000,96.000000,96.000000,94.000000,94.000000,5.0,2378.6634,2163.0699,7532.4340,7748.0274,PENDING_AG03,FALSE,NOT_FOR_ENFORCEMENT,9514.6534,197836.1275,9911.0973,9514.6534,396.4439,0.04434629,0.04257244,396.4439,9514.6534,0.04257244,396.4439,396.4439,396.4439,594.6658,594.6658,9514.6534,0.04257244,2378.6634,2163.0699,7532.4340,7748.0274,0.03370318,0.03466783,0.00177385,18.3071,35.3906,1.7021,111.3606,22.7319,2511.1605,65.4270,19.5018,17.8433,6.2314,10.3857,29.4087,42.1647,51.0976,84.0248,10.2195,-6.1317,4.919981,8.090411,1.762719,10,81,100,8,0.29790265,0.04434629,0.01893081,0E-8,0.000000,0.922083,0.000000,0.03619937,2026-03-22,2026-08-06,89,436,292,138,0.644928,1.092949,1.065259,0.993009,,,,,,,,GLOBAL_BASELINE_NO_ENTITY_RANKING,,,NOT_APPLICABLE_GLOBAL_BASELINE,HF9g-P5,,,,X 全窗基线 · 不参与实体赏罚,15058364,1506,A168_HF9F_20260827_0900,2026-08-27 09:00:00
2026-04-30,94349862,1363,0,234.8492805378,-21.4998424535,-21.4998424535,0.4166667,12,12,0.50329940000000000,0.503299400000,-0.6002222511571618,-0.6002222511571618,-0.6002222511571618,0E-17,ELIGIBLE,R03b_20260811_FULL_v1,L1_ELIGIBILITY,v2026-08-11,2026-03-21..2026-08-06,baccarat_bet02_101_all_pairs_incl_sentinel,round_win = game_pnl > 0 (decisive only),COMPATIBILITY_ONLY_NOT_PRODUCTION,223493.2844,206079.2994,9911.0973,12208,5823,-0.04434629,-0.01893081,-0.05513017,-0.04434629,-9911.0973,223493.2844,OK,0.0000,396.4439,4.0000,96.0000,AG03-UNRESOLVED,ALL5_LEVELS_bet23_to_bet27,396.4439,396.4439,396.4439,594.6658,594.6658,4.000000,4.000000,4.000000,6.000000,6.000000,96.000000,96.000000,96.000000,94.000000,94.000000,5.0,2378.6634,2163.0699,7532.4340,7748.0274,PENDING_AG03,FALSE,NOT_FOR_ENFORCEMENT,9514.6534,197836.1275,9911.0973,9514.6534,396.4439,0.04434629,0.04257244,396.4439,9514.6534,0.04257244,396.4439,396.4439,396.4439,594.6658,594.6658,9514.6534,0.04257244,2378.6634,2163.0699,7532.4340,7748.0274,0.03370318,0.03466783,0.00177385,18.3071,35.3906,1.7021,111.3606,22.7319,2511.1605,65.4270,19.5018,17.8433,6.2314,10.3857,29.4087,42.1647,51.0976,84.0248,10.2195,-6.1317,4.919981,8.090411,1.762719,10,81,100,8,0.29790265,0.04434629,0.01893081,0E-8,0.000000,0.922083,0.000000,0.03619937,2026-03-22,2026-08-06,89,436,292,138,0.644928,1.092949,1.065259,0.993009,,,,,,,,GLOBAL_BASELINE_NO_ENTITY_RANKING,,,NOT_APPLICABLE_GLOBAL_BASELINE,HF9g-P5,,,,X 全窗基线 · 不参与实体赏罚,15058365,1506,A168_HF9F_20260827_0900,2026-08-27 09:00:00
2026-04-30,94349862,1750,0,81.7141056612,-20.6806007773,-20.6806007773,0.5000000,5,4,0.49225188666671236,0.452655150000,0.030996175159496032,0.19023415323059972,0.030996175159496032,0.03959673666671236,ELIGIBLE,R03b_20260811_FULL_v1,L1_ELIGIBILITY,v2026-08-11,2026-03-21..2026-08-06,baccarat_bet02_101_all_pairs_incl_sentinel,round_win = game_pnl > 0 (decisive only),COMPATIBILITY_ONLY_NOT_PRODUCTION,223493.2844,206079.2994,9911.0973,12208,5823,-0.04434629,-0.01893081,-0.05513017,-0.04434629,-9911.0973,223493.2844,OK,0.0000,396.4439,4.0000,96.0000,AG03-UNRESOLVED,ALL5_LEVELS_bet23_to_bet27,396.4439,396.4439,396.4439,594.6658,594.6658,4.000000,4.000000,4.000000,6.000000,6.000000,96.000000,96.000000,96.000000,94.000000,94.000000,5.0,2378.6634,2163.0699,7532.4340,7748.0274,PENDING_AG03,FALSE,NOT_FOR_ENFORCEMENT,9514.6534,197836.1275,9911.0973,9514.6534,396.4439,0.04434629,0.04257244,396.4439,9514.6534,0.04257244,396.4439,396.4439,396.4439,594.6658,594.6658,9514.6534,0.04257244,2378.6634,2163.0699,7532.4340,7748.0274,0.03370318,0.03466783,0.00177385,18.3071,35.3906,1.7021,111.3606,22.7319,2511.1605,65.4270,19.5018,17.8433,6.2314,10.3857,29.4087,42.1647,51.0976,84.0248,10.2195,-6.1317,4.919981,8.090411,1.762719,10,81,100,8,0.29790265,0.04434629,0.01893081,0E-8,0.000000,0.922083,0.000000,0.03619937,2026-03-22,2026-08-06,89,436,292,138,0.644928,1.092949,1.065259,0.993009,,,,,,,,GLOBAL_BASELINE_NO_ENTITY_RANKING,,,NOT_APPLICABLE_GLOBAL_BASELINE,HF9g-P5,,,,X 全窗基线 · 不参与实体赏罚,15058366,1506,A168_HF9F_20260827_0900,2026-08-27 09:00:00
2026-04-30,94349862,462,0,671.6842704448,-103.5776779879,-103.5776779879,0.5000000,41,23,0.44597224144093806,0.362694069565,0.4860850586856925,1.2772034592051007,0.4860850586856925,0.08327817187593806,ELIGIBLE,R03b_20260811_FULL_v1,L1_ELIGIBILITY,v2026-08-11,2026-03-21..2026-08-06,baccarat_bet02_101_all_pairs_incl_sentinel,round_win = game_pnl > 0 (decisive only),COMPATIBILITY_ONLY_NOT_PRODUCTION,223493.2844,206079.2994,9911.0973,12208,5823,-0.04434629,-0.01893081,-0.05513017,-0.04434629,-9911.0973,223493.2844,OK,0.0000,396.4439,4.0000,96.0000,AG03-UNRESOLVED,ALL5_LEVELS_bet23_to_bet27,396.4439,396.4439,396.4439,594.6658,594.6658,4.000000,4.000000,4.000000,6.000000,6.000000,96.000000,96.000000,96.000000,94.000000,94.000000,5.0,2378.6634,2163.0699,7532.4340,7748.0274,PENDING_AG03,FALSE,NOT_FOR_ENFORCEMENT,9514.6534,197836.1275,9911.0973,9514.6534,396.4439,0.04434629,0.04257244,396.4439,9514.6534,0.04257244,396.4439,396.4439,396.4439,594.6658,594.6658,9514.6534,0.04257244,2378.6634,2163.0699,7532.4340,7748.0274,0.03370318,0.03466783,0.00177385,18.3071,35.3906,1.7021,111.3606,22.7319,2511.1605,65.4270,19.5018,17.8433,6.2314,10.3857,29.4087,42.1647,51.0976,84.0248,10.2195,-6.1317,4.919981,8.090411,1.762719,10,81,100,8,0.29790265,0.04434629,0.01893081,0E-8,0.000000,0.922083,0.000000,0.03619937,2026-03-22,2026-08-06,89,436,292,138,0.644928,1.092949,1.065259,0.993009,,,,,,,,GLOBAL_BASELINE_NO_ENTITY_RANKING,,,NOT_APPLICABLE_GLOBAL_BASELINE,HF9g-P5,,,,X 全窗基线 · 不参与实体赏罚,15058367,1506,A168_HF9F_20260827_0900,2026-08-27 09:00:00
2026-04-30,94349862,987,0,197.4582501837,-2.2056506669,-2.2056506669,0.5454545,14,12,0.48992787398695483,0.463392516667,0.3683970238930626,0.5458027528134523,0.3683970238930626,0.02653535731995483,ELIGIBLE,R03b_20260811_FULL_v1,L1_ELIGIBILITY,v2026-08-11,2026-03-21..2026-08-06,baccarat_bet02_101_all_pairs_incl_sentinel,round_win = game_pnl > 0 (decisive only),COMPATIBILITY_ONLY_NOT_PRODUCTION,223493.2844,206079.2994,9911.0973,12208,5823,-0.04434629,-0.01893081,-0.05513017,-0.04434629,-9911.0973,223493.2844,OK,0.0000,396.4439,4.0000,96.0000,AG03-UNRESOLVED,ALL5_LEVELS_bet23_to_bet27,396.4439,396.4439,396.4439,594.6658,594.6658,4.000000,4.000000,4.000000,6.000000,6.000000,96.000000,96.000000,96.000000,94.000000,94.000000,5.0,2378.6634,2163.0699,7532.4340,7748.0274,PENDING_AG03,FALSE,NOT_FOR_ENFORCEMENT,9514.6534,197836.1275,9911.0973,9514.6534,396.4439,0.04434629,0.04257244,396.4439,9514.6534,0.04257244,396.4439,396.4439,396.4439,594.6658,594.6658,9514.6534,0.04257244,2378.6634,2163.0699,7532.4340,7748.0274,0.03370318,0.03466783,0.00177385,18.3071,35.3906,1.7021,111.3606,22.7319,2511.1605,65.4270,19.5018,17.8433,6.2314,10.3857,29.4087,42.1647,51.0976,84.0248,10.2195,-6.1317,4.919981,8.090411,1.762719,10,81,100,8,0.29790265,0.04434629,0.01893081,0E-8,0.000000,0.922083,0.000000,0.03619937,2026-03-22,2026-08-06,89,436,292,138,0.644928,1.092949,1.065259,0.993009,,,,,,,,GLOBAL_BASELINE_NO_ENTITY_RANKING,,,NOT_APPLICABLE_GLOBAL_BASELINE,HF9g-P5,,,,X 全窗基线 · 不参与实体赏罚,15058368,1506,A168_HF9F_20260827_0900,2026-08-27 09:00:00
2026-05-01,94349862,1304,0,189.0557714524,37.8111542906,37.8111542906,0.7500000,8,4,0.43707502079853937,0.283965900000,1.2617315824162354,2.0670345837771182,1.2617315824162354,0.15310912079853937,ELIGIBLE,R03b_20260811_FULL_v1,L1_ELIGIBILITY,v2026-08-11,2026-03-21..2026-08-06,baccarat_bet02_101_all_pairs_incl_sentinel,round_win = game_pnl > 0 (decisive only),COMPATIBILITY_ONLY_NOT_PRODUCTION,223493.2844,206079.2994,9911.0973,12208,5823,-0.04434629,-0.01893081,-0.05513017,-0.04434629,-9911.0973,223493.2844,OK,0.0000,396.4439,4.0000,96.0000,AG03-UNRESOLVED,ALL5_LEVELS_bet23_to_bet27,396.4439,396.4439,396.4439,594.6658,594.6658,4.000000,4.000000,4.000000,6.000000,6.000000,96.000000,96.000000,96.000000,94.000000,94.000000,5.0,2378.6634,2163.0699,7532.4340,7748.0274,PENDING_AG03,FALSE,NOT_FOR_ENFORCEMENT,9514.6534,197836.1275,9911.0973,9514.6534,396.4439,0.04434629,0.04257244,396.4439,9514.6534,0.04257244,396.4439,396.4439,396.4439,594.6658,594.6658,9514.6534,0.04257244,2378.6634,2163.0699,7532.4340,7748.0274,0.03370318,0.03466783,0.00177385,18.3071,35.3906,1.7021,111.3606,22.7319,2511.1605,65.4270,19.5018,17.8433,6.2314,10.3857,29.4087,42.1647,51.0976,84.0248,10.2195,-6.1317,4.919981,8.090411,1.762719,10,81,100,8,0.29790265,0.04434629,0.01893081,0E-8,0.000000,0.922083,0.000000,0.03619937,2026-03-22,2026-08-06,89,436,292,138,0.644928,1.092949,1.065259,0.993009,,,,,,,,GLOBAL_BASELINE_NO_ENTITY_RANKING,,,NOT_APPLICABLE_GLOBAL_BASELINE,HF9g-P5,,,,X 全窗基线 · 不参与实体赏罚,15058369,1506,A168_HF9F_20260827_0900,2026-08-27 09:00:00
2026-05-01,94349862,1323,0,60.9179708014,-60.9179708014,-60.9179708014,0E-7,4,2,0.45107198750013229,0.359145766667,-1.2819769881178864,-1.0586947145722545,-1.2819769881178864,0.09192622083313229,ELIGIBLE,R03b_20260811_FULL_v1,L1_ELIGIBILITY,v2026-08-11,2026-03-21..2026-08-06,baccarat_bet02_101_all_pairs_incl_sentinel,round_win = game_pnl > 0 (decisive only),COMPATIBILITY_ONLY_NOT_PRODUCTION,223493.2844,206079.2994,9911.0973,12208,5823,-0.04434629,-0.01893081,-0.05513017,-0.04434629,-9911.0973,223493.2844,OK,0.0000,396.4439,4.0000,96.0000,AG03-UNRESOLVED,ALL5_LEVELS_bet23_to_bet27,396.4439,396.4439,396.4439,594.6658,594.6658,4.000000,4.000000,4.000000,6.000000,6.000000,96.000000,96.000000,96.000000,94.000000,94.000000,5.0,2378.6634,2163.0699,7532.4340,7748.0274,PENDING_AG03,FALSE,NOT_FOR_ENFORCEMENT,9514.6534,197836.1275,9911.0973,9514.6534,396.4439,0.04434629,0.04257244,396.4439,9514.6534,0.04257244,396.4439,396.4439,396.4439,594.6658,594.6658,9514.6534,0.04257244,2378.6634,2163.0699,7532.4340,7748.0274,0.03370318,0.03466783,0.00177385,18.3071,35.3906,1.7021,111.3606,22.7319,2511.1605,65.4270,19.5018,17.8433,6.2314,10.3857,29.4087,42.1647,51.0976,84.0248,10.2195,-6.1317,4.919981,8.090411,1.762719,10,81,100,8,0.29790265,0.04434629,0.01893081,0E-8,0.000000,0.922083,0.000000,0.03619937,2026-03-22,2026-08-06,89,436,292,138,0.644928,1.092949,1.065259,0.993009,,,,,,,,GLOBAL_BASELINE_NO_ENTITY_RANKING,,,NOT_APPLICABLE_GLOBAL_BASELINE,HF9g-P5,,,,X 全窗基线 · 不参与实体赏罚,15058370,1506,A168_HF9F_20260827_0900,2026-08-27 09:00:00
2026-05-01,94349862,1704,0,1041.9073626711,290.3056401650,290.3056401650,0.6956522,78,23,0.37288959936675715,0.207032764710,3.2009946781602854,5.783456453284157,3.2009946781602854,0.16585683465675715,ELIGIBLE,R03b_20260811_FULL_v1,L1_ELIGIBILITY,v2026-08-11,2026-03-21..2026-08-06,baccarat_bet02_101_all_pairs_incl_sentinel,round_win = game_pnl > 0 (decisive only),COMPATIBILITY_ONLY_NOT_PRODUCTION,223493.2844,206079.2994,9911.0973,12208,5823,-0.04434629,-0.01893081,-0.05513017,-0.04434629,-9911.0973,223493.2844,OK,0.0000,396.4439,4.0000,96.0000,AG03-UNRESOLVED,ALL5_LEVELS_bet23_to_bet27,396.4439,396.4439,396.4439,594.6658,594.6658,4.000000,4.000000,4.000000,6.000000,6.000000,96.000000,96.000000,96.000000,94.000000,94.000000,5.0,2378.6634,2163.0699,7532.4340,7748.0274,PENDING_AG03,FALSE,NOT_FOR_ENFORCEMENT,9514.6534,197836.1275,9911.0973,9514.6534,396.4439,0.04434629,0.04257244,396.4439,9514.6534,0.04257244,396.4439,396.4439,396.4439,594.6658,594.6658,9514.6534,0.04257244,2378.6634,2163.0699,7532.4340,7748.0274,0.03370318,0.03466783,0.00177385,18.3071,35.3906,1.7021,111.3606,22.7319,2511.1605,65.4270,19.5018,17.8433,6.2314,10.3857,29.4087,42.1647,51.0976,84.0248,10.2195,-6.1317,4.919981,8.090411,1.762719,10,81,100,8,0.29790265,0.04434629,0.01893081,0E-8,0.000000,0.922083,0.000000,0.03619937,2026-03-22,2026-08-06,89,436,292,138,0.644928,1.092949,1.065259,0.993009,,,,,,,,GLOBAL_BASELINE_NO_ENTITY_RANKING,,,NOT_APPLICABLE_GLOBAL_BASELINE,HF9g-P5,,,,X 全窗基线 · 不参与实体赏罚,15058371,1506,A168_HF9F_20260827_0900,2026-08-27 09:00:00
2026-05-01,94349862,1947,0,31.5092952421,9.4527885727,9.4527885727,0.5000000,2,2,0.50665070000000000,0.506650700000,-0.018812684590367487,-0.018812684590367487,-0.018812684590367487,0E-17,ELIGIBLE,R03b_20260811_FULL_v1,L1_ELIGIBILITY,v2026-08-11,2026-03-21..2026-08-06,baccarat_bet02_101_all_pairs_incl_sentinel,round_win = game_pnl > 0 (decisive only),COMPATIBILITY_ONLY_NOT_PRODUCTION,223493.2844,206079.2994,9911.0973,12208,5823,-0.04434629,-0.01893081,-0.05513017,-0.04434629,-9911.0973,223493.2844,OK,0.0000,396.4439,4.0000,96.0000,AG03-UNRESOLVED,ALL5_LEVELS_bet23_to_bet27,396.4439,396.4439,396.4439,594.6658,594.6658,4.000000,4.000000,4.000000,6.000000,6.000000,96.000000,96.000000,96.000000,94.000000,94.000000,5.0,2378.6634,2163.0699,7532.4340,7748.0274,PENDING_AG03,FALSE,NOT_FOR_ENFORCEMENT,9514.6534,197836.1275,9911.0973,9514.6534,396.4439,0.04434629,0.04257244,396.4439,9514.6534,0.04257244,396.4439,396.4439,396.4439,594.6658,594.6658,9514.6534,0.04257244,2378.6634,2163.0699,7532.4340,7748.0274,0.03370318,0.03466783,0.00177385,18.3071,35.3906,1.7021,111.3606,22.7319,2511.1605,65.4270,19.5018,17.8433,6.2314,10.3857,29.4087,42.1647,51.0976,84.0248,10.2195,-6.1317,4.919981,8.090411,1.762719,10,81,100,8,0.29790265,0.04434629,0.01893081,0E-8,0.000000,0.922083,0.000000,0.03619937,2026-03-22,2026-08-06,89,436,292,138,0.644928,1.092949,1.065259,0.993009,,,,,,,,GLOBAL_BASELINE_NO_ENTITY_RANKING,,,NOT_APPLICABLE_GLOBAL_BASELINE,HF9g-P5,,,,X 全窗基线 · 不参与实体赏罚,15058372,1506,A168_HF9F_20260827_0900,2026-08-27 09:00:00
2026-05-01,94349862,1951,0,1110.5976262990,-78.3531141679,-78.3531141679,0.5000000,66,26,0.41962467861142184,0.272410525961,0.8304708959284723,2.6066558730077594,0.8304708959284723,0.14721415265042184,ELIGIBLE,R03b_20260811_FULL_v1,L1_ELIGIBILITY,v2026-08-11,2026-03-21..2026-08-06,baccarat_bet02_101_all_pairs_incl_sentinel,round_win = game_pnl > 0 (decisive only),COMPATIBILITY_ONLY_NOT_PRODUCTION,223493.2844,206079.2994,9911.0973,12208,5823,-0.04434629,-0.01893081,-0.05513017,-0.04434629,-9911.0973,223493.2844,OK,0.0000,396.4439,4.0000,96.0000,AG03-UNRESOLVED,ALL5_LEVELS_bet23_to_bet27,396.4439,396.4439,396.4439,594.6658,594.6658,4.000000,4.000000,4.000000,6.000000,6.000000,96.000000,96.000000,96.000000,94.000000,94.000000,5.0,2378.6634,2163.0699,7532.4340,7748.0274,PENDING_AG03,FALSE,NOT_FOR_ENFORCEMENT,9514.6534,197836.1275,9911.0973,9514.6534,396.4439,0.04434629,0.04257244,396.4439,9514.6534,0.04257244,396.4439,396.4439,396.4439,594.6658,594.6658,9514.6534,0.04257244,2378.6634,2163.0699,7532.4340,7748.0274,0.03370318,0.03466783,0.00177385,18.3071,35.3906,1.7021,111.3606,22.7319,2511.1605,65.4270,19.5018,17.8433,6.2314,10.3857,29.4087,42.1647,51.0976,84.0248,10.2195,-6.1317,4.919981,8.090411,1.762719,10,81,100,8,0.29790265,0.04434629,0.01893081,0E-8,0.000000,0.922083,0.000000,0.03619937,2026-03-22,2026-08-06,89,436,292,138,0.644928,1.092949,1.065259,0.993009,,,,,,,,GLOBAL_BASELINE_NO_ENTITY_RANKING,,,NOT_APPLICABLE_GLOBAL_BASELINE,HF9g-P5,,,,X 全窗基线 · 不参与实体赏罚,15058373,1506,A168_HF9F_20260827_0900,2026-08-27 09:00:00
2026-05-01,94349862,2167,0,607.0790883313,64.1739313098,64.1739313098,0.6000000,25,22,0.48744755740763898,0.465316700000,1.0070170395906626,1.207552766167518,1.0070170395906626,0.02213085740763898,ELIGIBLE,R03b_20260811_FULL_v1,L1_ELIGIBILITY,v2026-08-11,2026-03-21..2026-08-06,baccarat_bet02_101_all_pairs_incl_sentinel,round_win = game_pnl > 0 (decisive only),COMPATIBILITY_ONLY_NOT_PRODUCTION,223493.2844,206079.2994,9911.0973,12208,5823,-0.04434629,-0.01893081,-0.05513017,-0.04434629,-9911.0973,223493.2844,OK,0.0000,396.4439,4.0000,96.0000,AG03-UNRESOLVED,ALL5_LEVELS_bet23_to_bet27,396.4439,396.4439,396.4439,594.6658,594.6658,4.000000,4.000000,4.000000,6.000000,6.000000,96.000000,96.000000,96.000000,94.000000,94.000000,5.0,2378.6634,2163.0699,7532.4340,7748.0274,PENDING_AG03,FALSE,NOT_FOR_ENFORCEMENT,9514.6534,197836.1275,9911.0973,9514.6534,396.4439,0.04434629,0.04257244,396.4439,9514.6534,0.04257244,396.4439,396.4439,396.4439,594.6658,594.6658,9514.6534,0.04257244,2378.6634,2163.0699,7532.4340,7748.0274,0.03370318,0.03466783,0.00177385,18.3071,35.3906,1.7021,111.3606,22.7319,2511.1605,65.4270,19.5018,17.8433,6.2314,10.3857,29.4087,42.1647,51.0976,84.0248,10.2195,-6.1317,4.919981,8.090411,1.762719,10,81,100,8,0.29790265,0.04434629,0.01893081,0E-8,0.000000,0.922083,0.000000,0.03619937,2026-03-22,2026-08-06,89,436,292,138,0.644928,1.092949,1.065259,0.993009,,,,,,,,GLOBAL_BASELINE_NO_ENTITY_RANKING,,,NOT_APPLICABLE_GLOBAL_BASELINE,HF9g-P5,,,,X 全窗基线 · 不参与实体赏罚,15058374,1506,A168_HF9F_20260827_0900,2026-08-27 09:00:00
2026-05-01,94349862,919,0,327.6966705174,-327.6966705174,-327.6966705174,0E-7,18,6,0.37404803418828065,0.211640833333,-1.8935152608278278,-1.269150998420499,-1.8935152608278278,0.16240720085528065,ELIGIBLE,R03b_20260811_FULL_v1,L1_ELIGIBILITY,v2026-08-11,2026-03-21..2026-08-06,baccarat_bet02_101_all_pairs_incl_sentinel,round_win = game_pnl > 0 (decisive only),COMPATIBILITY_ONLY_NOT_PRODUCTION,223493.2844,206079.2994,9911.0973,12208,5823,-0.04434629,-0.01893081,-0.05513017,-0.04434629,-9911.0973,223493.2844,OK,0.0000,396.4439,4.0000,96.0000,AG03-UNRESOLVED,ALL5_LEVELS_bet23_to_bet27,396.4439,396.4439,396.4439,594.6658,594.6658,4.000000,4.000000,4.000000,6.000000,6.000000,96.000000,96.000000,96.000000,94.000000,94.000000,5.0,2378.6634,2163.0699,7532.4340,7748.0274,PENDING_AG03,FALSE,NOT_FOR_ENFORCEMENT,9514.6534,197836.1275,9911.0973,9514.6534,396.4439,0.04434629,0.04257244,396.4439,9514.6534,0.04257244,396.4439,396.4439,396.4439,594.6658,594.6658,9514.6534,0.04257244,2378.6634,2163.0699,7532.4340,7748.0274,0.03370318,0.03466783,0.00177385,18.3071,35.3906,1.7021,111.3606,22.7319,2511.1605,65.4270,19.5018,17.8433,6.2314,10.3857,29.4087,42.1647,51.0976,84.0248,10.2195,-6.1317,4.919981,8.090411,1.762719,10,81,100,8,0.29790265,0.04434629,0.01893081,0E-8,0.000000,0.922083,0.000000,0.03619937,2026-03-22,2026-08-06,89,436,292,138,0.644928,1.092949,1.065259,0.993009,,,,,,,,GLOBAL_BASELINE_NO_ENTITY_RANKING,,,NOT_APPLICABLE_GLOBAL_BASELINE,HF9g-P5,,,,X 全窗基线 · 不参与实体赏罚,15058375,1506,A168_HF9F_20260827_0900,2026-08-27 09:00:00
2026-05-02,94349862,-1,1,138.6408990652,-107.1316038231,-107.1316038231,0E-7,6,2,0.39446731576094378,0.204765066667,-1.1414363935081246,-0.7176211114247466,-1.1414363935081246,0.18970224909394378,SENTINEL_DEALER,R03b_20260811_FULL_v1,L1_ELIGIBILITY,v2026-08-11,2026-03-21..2026-08-06,baccarat_bet02_101_all_pairs_incl_sentinel,round_win = game_pnl > 0 (decisive only),COMPATIBILITY_ONLY_NOT_PRODUCTION,223493.2844,206079.2994,9911.0973,12208,5823,-0.04434629,-0.01893081,-0.05513017,-0.04434629,-9911.0973,223493.2844,OK,0.0000,396.4439,4.0000,96.0000,AG03-UNRESOLVED,ALL5_LEVELS_bet23_to_bet27,396.4439,396.4439,396.4439,594.6658,594.6658,4.000000,4.000000,4.000000,6.000000,6.000000,96.000000,96.000000,96.000000,94.000000,94.000000,5.0,2378.6634,2163.0699,7532.4340,7748.0274,PENDING_AG03,FALSE,NOT_FOR_ENFORCEMENT,9514.6534,197836.1275,9911.0973,9514.6534,396.4439,0.04434629,0.04257244,396.4439,9514.6534,0.04257244,396.4439,396.4439,396.4439,594.6658,594.6658,9514.6534,0.04257244,2378.6634,2163.0699,7532.4340,7748.0274,0.03370318,0.03466783,0.00177385,18.3071,35.3906,1.7021,111.3606,22.7319,2511.1605,65.4270,19.5018,17.8433,6.2314,10.3857,29.4087,42.1647,51.0976,84.0248,10.2195,-6.1317,4.919981,8.090411,1.762719,10,81,100,8,0.29790265,0.04434629,0.01893081,0E-8,0.000000,0.922083,0.000000,0.03619937,2026-03-22,2026-08-06,89,436,292,138,0.644928,1.092949,1.065259,0.993009,,,,,,,,GLOBAL_BASELINE_NO_ENTITY_RANKING,,,NOT_APPLICABLE_GLOBAL_BASELINE,HF9g-P5,,,,X 全窗基线 · 不参与实体赏罚,15058376,1506,A168_HF9F_20260827_0900,2026-08-27 09:00:00
2026-05-02,94349862,1078,0,1116.6894233789,468.3331582823,468.3331582823,0.5652174,58,23,0.41293621175545466,0.268492086956,1.4832898304005646,3.2110217141507453,1.4832898304005646,0.14444412479945466,ELIGIBLE,R03b_20260811_FULL_v1,L1_ELIGIBILITY,v2026-08-11,2026-03-21..2026-08-06,baccarat_bet02_101_all_pairs_incl_sentinel,round_win = game_pnl > 0 (decisive only),COMPATIBILITY_ONLY_NOT_PRODUCTION,223493.2844,206079.2994,9911.0973,12208,5823,-0.04434629,-0.01893081,-0.05513017,-0.04434629,-9911.0973,223493.2844,OK,0.0000,396.4439,4.0000,96.0000,AG03-UNRESOLVED,ALL5_LEVELS_bet23_to_bet27,396.4439,396.4439,396.4439,594.6658,594.6658,4.000000,4.000000,4.000000,6.000000,6.000000,96.000000,96.000000,96.000000,94.000000,94.000000,5.0,2378.6634,2163.0699,7532.4340,7748.0274,PENDING_AG03,FALSE,NOT_FOR_ENFORCEMENT,9514.6534,197836.1275,9911.0973,9514.6534,396.4439,0.04434629,0.04257244,396.4439,9514.6534,0.04257244,396.4439,396.4439,396.4439,594.6658,594.6658,9514.6534,0.04257244,2378.6634,2163.0699,7532.4340,7748.0274,0.03370318,0.03466783,0.00177385,18.3071,35.3906,1.7021,111.3606,22.7319,2511.1605,65.4270,19.5018,17.8433,6.2314,10.3857,29.4087,42.1647,51.0976,84.0248,10.2195,-6.1317,4.919981,8.090411,1.762719,10,81,100,8,0.29790265,0.04434629,0.01893081,0E-8,0.000000,0.922083,0.000000,0.03619937,2026-03-22,2026-08-06,89,436,292,138,0.644928,1.092949,1.065259,0.993009,,,,,,,,GLOBAL_BASELINE_NO_ENTITY_RANKING,,,NOT_APPLICABLE_GLOBAL_BASELINE,HF9g-P5,,,,X 全窗基线 · 不参与实体赏罚,15058377,1506,A168_HF9F_20260827_0900,2026-08-27 09:00:00
2026-05-02,94349862,1299,0,1020.9011658429,-81.6090746763,-81.6090746763,0.4285714,66,21,0.38356562729857459,0.215047197619,0.4241455170802544,2.381596305095979,0.4241455170802544,0.16851842967957459,ELIGIBLE,R03b_20260811_FULL_v1,L1_ELIGIBILITY,v2026-08-11,2026-03-21..2026-08-06,baccarat_bet02_101_all_pairs_incl_sentinel,round_win = game_pnl > 0 (decisive only),COMPATIBILITY_ONLY_NOT_PRODUCTION,223493.2844,206079.2994,9911.0973,12208,5823,-0.04434629,-0.01893081,-0.05513017,-0.04434629,-9911.0973,223493.2844,OK,0.0000,396.4439,4.0000,96.0000,AG03-UNRESOLVED,ALL5_LEVELS_bet23_to_bet27,396.4439,396.4439,396.4439,594.6658,594.6658,4.000000,4.000000,4.000000,6.000000,6.000000,96.000000,96.000000,96.000000,94.000000,94.000000,5.0,2378.6634,2163.0699,7532.4340,7748.0274,PENDING_AG03,FALSE,NOT_FOR_ENFORCEMENT,9514.6534,197836.1275,9911.0973,9514.6534,396.4439,0.04434629,0.04257244,396.4439,9514.6534,0.04257244,396.4439,396.4439,396.4439,594.6658,594.6658,9514.6534,0.04257244,2378.6634,2163.0699,7532.4340,7748.0274,0.03370318,0.03466783,0.00177385,18.3071,35.3906,1.7021,111.3606,22.7319,2511.1605,65.4270,19.5018,17.8433,6.2314,10.3857,29.4087,42.1647,51.0976,84.0248,10.2195,-6.1317,4.919981,8.090411,1.762719,10,81,100,8,0.29790265,0.04434629,0.01893081,0E-8,0.000000,0.922083,0.000000,0.03619937,2026-03-22,2026-08-06,89,436,292,138,0.644928,1.092949,1.065259,0.993009,,,,,,,,GLOBAL_BASELINE_NO_ENTITY_RANKING,,,NOT_APPLICABLE_GLOBAL_BASELINE,HF9g-P5,,,,X 全窗基线 · 不参与实体赏罚,15058378,1506,A168_HF9F_20260827_0900,2026-08-27 09:00:00
2026-05-02,94349862,1304,0,857.0528305843,197.0381262478,197.0381262478,0.6250000,50,17,0.40668779701043743,0.264946000588,1.7777299632945622,3.263542886313868,1.7777299632945622,0.14174179642243743,ELIGIBLE,R03b_20260811_FULL_v1,L1_ELIGIBILITY,v2026-08-11,2026-03-21..2026-08-06,baccarat_bet02_101_all_pairs_incl_sentinel,round_win = game_pnl > 0 (decisive only),COMPATIBILITY_ONLY_NOT_PRODUCTION,223493.2844,206079.2994,9911.0973,12208,5823,-0.04434629,-0.01893081,-0.05513017,-0.04434629,-9911.0973,223493.2844,OK,0.0000,396.4439,4.0000,96.0000,AG03-UNRESOLVED,ALL5_LEVELS_bet23_to_bet27,396.4439,396.4439,396.4439,594.6658,594.6658,4.000000,4.000000,4.000000,6.000000,6.000000,96.000000,96.000000,96.000000,94.000000,94.000000,5.0,2378.6634,2163.0699,7532.4340,7748.0274,PENDING_AG03,FALSE,NOT_FOR_ENFORCEMENT,9514.6534,197836.1275,9911.0973,9514.6534,396.4439,0.04434629,0.04257244,396.4439,9514.6534,0.04257244,396.4439,396.4439,396.4439,594.6658,594.6658,9514.6534,0.04257244,2378.6634,2163.0699,7532.4340,7748.0274,0.03370318,0.03466783,0.00177385,18.3071,35.3906,1.7021,111.3606,22.7319,2511.1605,65.4270,19.5018,17.8433,6.2314,10.3857,29.4087,42.1647,51.0976,84.0248,10.2195,-6.1317,4.919981,8.090411,1.762719,10,81,100,8,0.29790265,0.04434629,0.01893081,0E-8,0.000000,0.922083,0.000000,0.03619937,2026-03-22,2026-08-06,89,436,292,138,0.644928,1.092949,1.065259,0.993009,,,,,,,,GLOBAL_BASELINE_NO_ENTITY_RANKING,,,NOT_APPLICABLE_GLOBAL_BASELINE,HF9g-P5,,,,X 全窗基线 · 不参与实体赏罚,15058379,1506,A168_HF9F_20260827_0900,2026-08-27 09:00:00
2026-05-02,94349862,1363,0,172.2508139901,-56.7167314357,-56.7167314357,0.3333333,7,3,0.44542109842656733,0.296341366667,-0.39061756943409753,0.14031073462264157,-0.39061756943409753,0.14907973175956733,ELIGIBLE,R03b_20260811_FULL_v1,L1_ELIGIBILITY,v2026-08-11,2026-03-21..2026-08-06,baccarat_bet02_101_all_pairs_incl_sentinel,round_win = game_pnl > 0 (decisive only),COMPATIBILITY_ONLY_NOT_PRODUCTION,223493.2844,206079.2994,9911.0973,12208,5823,-0.04434629,-0.01893081,-0.05513017,-0.04434629,-9911.0973,223493.2844,OK,0.0000,396.4439,4.0000,96.0000,AG03-UNRESOLVED,ALL5_LEVELS_bet23_to_bet27,396.4439,396.4439,396.4439,594.6658,594.6658,4.000000,4.000000,4.000000,6.000000,6.000000,96.000000,96.000000,96.000000,94.000000,94.000000,5.0,2378.6634,2163.0699,7532.4340,7748.0274,PENDING_AG03,FALSE,NOT_FOR_ENFORCEMENT,9514.6534,197836.1275,9911.0973,9514.6534,396.4439,0.04434629,0.04257244,396.4439,9514.6534,0.04257244,396.4439,396.4439,396.4439,594.6658,594.6658,9514.6534,0.04257244,2378.6634,2163.0699,7532.4340,7748.0274,0.03370318,0.03466783,0.00177385,18.3071,35.3906,1.7021,111.3606,22.7319,2511.1605,65.4270,19.5018,17.8433,6.2314,10.3857,29.4087,42.1647,51.0976,84.0248,10.2195,-6.1317,4.919981,8.090411,1.762719,10,81,100,8,0.29790265,0.04434629,0.01893081,0E-8,0.000000,0.922083,0.000000,0.03619937,2026-03-22,2026-08-06,89,436,292,138,0.644928,1.092949,1.065259,0.993009,,,,,,,,GLOBAL_BASELINE_NO_ENTITY_RANKING,,,NOT_APPLICABLE_GLOBAL_BASELINE,HF9g-P5,,,,X 全窗基线 · 不参与实体赏罚,15058380,1506,A168_HF9F_20260827_0900,2026-08-27 09:00:00
2026-05-02,94349862,1646,0,1194.4123516425,-345.2368448682,-345.2368448682,0.4000000,78,25,0.39170168177326807,0.237276123733,0.08500100559953966,1.9125402999153094,0.08500100559953966,0.15442555804026807,ELIGIBLE,R03b_20260811_FULL_v1,L1_ELIGIBILITY,v2026-08-11,2026-03-21..2026-08-06,baccarat_bet02_101_all_pairs_incl_sentinel,round_win = game_pnl > 0 (decisive only),COMPATIBILITY_ONLY_NOT_PRODUCTION,223493.2844,206079.2994,9911.0973,12208,5823,-0.04434629,-0.01893081,-0.05513017,-0.04434629,-9911.0973,223493.2844,OK,0.0000,396.4439,4.0000,96.0000,AG03-UNRESOLVED,ALL5_LEVELS_bet23_to_bet27,396.4439,396.4439,396.4439,594.6658,594.6658,4.000000,4.000000,4.000000,6.000000,6.000000,96.000000,96.000000,96.000000,94.000000,94.000000,5.0,2378.6634,2163.0699,7532.4340,7748.0274,PENDING_AG03,FALSE,NOT_FOR_ENFORCEMENT,9514.6534,197836.1275,9911.0973,9514.6534,396.4439,0.04434629,0.04257244,396.4439,9514.6534,0.04257244,396.4439,396.4439,396.4439,594.6658,594.6658,9514.6534,0.04257244,2378.6634,2163.0699,7532.4340,7748.0274,0.03370318,0.03466783,0.00177385,18.3071,35.3906,1.7021,111.3606,22.7319,2511.1605,65.4270,19.5018,17.8433,6.2314,10.3857,29.4087,42.1647,51.0976,84.0248,10.2195,-6.1317,4.919981,8.090411,1.762719,10,81,100,8,0.29790265,0.04434629,0.01893081,0E-8,0.000000,0.922083,0.000000,0.03619937,2026-03-22,2026-08-06,89,436,292,138,0.644928,1.092949,1.065259,0.993009,,,,,,,,GLOBAL_BASELINE_NO_ENTITY_RANKING,,,NOT_APPLICABLE_GLOBAL_BASELINE,HF9g-P5,,,,X 全窗基线 · 不参与实体赏罚,15058381,1506,A168_HF9F_20260827_0900,2026-08-27 09:00:00
2026-05-02,94349862,1704,0,399.1177397328,441.1301333895,441.1301333895,0.7142857,27,7,0.36652993560458099,0.171488657143,1.909438178736522,3.809952623904609,1.909438178736522,0.19504127846158099,ELIGIBLE,R03b_20260811_FULL_v1,L1_ELIGIBILITY,v2026-08-11,2026-03-21..2026-08-06,baccarat_bet02_101_all_pairs_incl_sentinel,round_win = game_pnl > 0 (decisive only),COMPATIBILITY_ONLY_NOT_PRODUCTION,223493.2844,206079.2994,9911.0973,12208,5823,-0.04434629,-0.01893081,-0.05513017,-0.04434629,-9911.0973,223493.2844,OK,0.0000,396.4439,4.0000,96.0000,AG03-UNRESOLVED,ALL5_LEVELS_bet23_to_bet27,396.4439,396.4439,396.4439,594.6658,594.6658,4.000000,4.000000,4.000000,6.000000,6.000000,96.000000,96.000000,96.000000,94.000000,94.000000,5.0,2378.6634,2163.0699,7532.4340,7748.0274,PENDING_AG03,FALSE,NOT_FOR_ENFORCEMENT,9514.6534,197836.1275,9911.0973,9514.6534,396.4439,0.04434629,0.04257244,396.4439,9514.6534,0.04257244,396.4439,396.4439,396.4439,594.6658,594.6658,9514.6534,0.04257244,2378.6634,2163.0699,7532.4340,7748.0274,0.03370318,0.03466783,0.00177385,18.3071,35.3906,1.7021,111.3606,22.7319,2511.1605,65.4270,19.5018,17.8433,6.2314,10.3857,29.4087,42.1647,51.0976,84.0248,10.2195,-6.1317,4.919981,8.090411,1.762719,10,81,100,8,0.29790265,0.04434629,0.01893081,0E-8,0.000000,0.922083,0.000000,0.03619937,2026-03-22,2026-08-06,89,436,292,138,0.644928,1.092949,1.065259,0.993009,,,,,,,,GLOBAL_BASELINE_NO_ENTITY_RANKING,,,NOT_APPLICABLE_GLOBAL_BASELINE,HF9g-P5,,,,X 全窗基线 · 不参与实体赏罚,15058382,1506,A168_HF9F_20260827_0900,2026-08-27 09:00:00
2026-05-02,94349862,1710,0,522.4241151134,-220.7751286624,-220.7751286624,0.3333333,33,12,0.41112121447530975,0.262686690278,-0.5476519856189329,0.5560797522037176,-0.5476519856189329,0.14843452419730975,ELIGIBLE,R03b_20260811_FULL_v1,L1_ELIGIBILITY,v2026-08-11,2026-03-21..2026-08-06,baccarat_bet02_101_all_pairs_incl_sentinel,round_win = game_pnl > 0 (decisive only),COMPATIBILITY_ONLY_NOT_PRODUCTION,223493.2844,206079.2994,9911.0973,12208,5823,-0.04434629,-0.01893081,-0.05513017,-0.04434629,-9911.0973,223493.2844,OK,0.0000,396.4439,4.0000,96.0000,AG03-UNRESOLVED,ALL5_LEVELS_bet23_to_bet27,396.4439,396.4439,396.4439,594.6658,594.6658,4.000000,4.000000,4.000000,6.000000,6.000000,96.000000,96.000000,96.000000,94.000000,94.000000,5.0,2378.6634,2163.0699,7532.4340,7748.0274,PENDING_AG03,FALSE,NOT_FOR_ENFORCEMENT,9514.6534,197836.1275,9911.0973,9514.6534,396.4439,0.04434629,0.04257244,396.4439,9514.6534,0.04257244,396.4439,396.4439,396.4439,594.6658,594.6658,9514.6534,0.04257244,2378.6634,2163.0699,7532.4340,7748.0274,0.03370318,0.03466783,0.00177385,18.3071,35.3906,1.7021,111.3606,22.7319,2511.1605,65.4270,19.5018,17.8433,6.2314,10.3857,29.4087,42.1647,51.0976,84.0248,10.2195,-6.1317,4.919981,8.090411,1.762719,10,81,100,8,0.29790265,0.04434629,0.01893081,0E-8,0.000000,0.922083,0.000000,0.03619937,2026-03-22,2026-08-06,89,436,292,138,0.644928,1.092949,1.065259,0.993009,,,,,,,,GLOBAL_BASELINE_NO_ENTITY_RANKING,,,NOT_APPLICABLE_GLOBAL_BASELINE,HF9g-P5,,,,X 全窗基线 · 不参与实体赏罚,15058383,1506,A168_HF9F_20260827_0900,2026-08-27 09:00:00
2026-05-02,94349862,1750,0,714.2106921534,-15.2294926997,-15.2294926997,0.5454545,45,11,0.36839315442359412,0.176403142424,1.2174216604154136,3.2112395514469796,1.2174216604154136,0.19199001199959412,ELIGIBLE,R03b_20260811_FULL_v1,L1_ELIGIBILITY,v2026-08-11,2026-03-21..2026-08-06,baccarat_bet02_101_all_pairs_incl_sentinel,round_win = game_pnl > 0 (decisive only),COMPATIBILITY_ONLY_NOT_PRODUCTION,223493.2844,206079.2994,9911.0973,12208,5823,-0.04434629,-0.01893081,-0.05513017,-0.04434629,-9911.0973,223493.2844,OK,0.0000,396.4439,4.0000,96.0000,AG03-UNRESOLVED,ALL5_LEVELS_bet23_to_bet27,396.4439,396.4439,396.4439,594.6658,594.6658,4.000000,4.000000,4.000000,6.000000,6.000000,96.000000,96.000000,96.000000,94.000000,94.000000,5.0,2378.6634,2163.0699,7532.4340,7748.0274,PENDING_AG03,FALSE,NOT_FOR_ENFORCEMENT,9514.6534,197836.1275,9911.0973,9514.6534,396.4439,0.04434629,0.04257244,396.4439,9514.6534,0.04257244,396.4439,396.4439,396.4439,594.6658,594.6658,9514.6534,0.04257244,2378.6634,2163.0699,7532.4340,7748.0274,0.03370318,0.03466783,0.00177385,18.3071,35.3906,1.7021,111.3606,22.7319,2511.1605,65.4270,19.5018,17.8433,6.2314,10.3857,29.4087,42.1647,51.0976,84.0248,10.2195,-6.1317,4.919981,8.090411,1.762719,10,81,100,8,0.29790265,0.04434629,0.01893081,0E-8,0.000000,0.922083,0.000000,0.03619937,2026-03-22,2026-08-06,89,436,292,138,0.644928,1.092949,1.065259,0.993009,,,,,,,,GLOBAL_BASELINE_NO_ENTITY_RANKING,,,NOT_APPLICABLE_GLOBAL_BASELINE,HF9g-P5,,,,X 全窗基线 · 不参与实体赏罚,15058384,1506,A168_HF9F_20260827_0900,2026-08-27 09:00:00
2026-05-02,94349862,1940,0,611.2803276962,218.4644470122,218.4644470122,0.7000000,32,10,0.39299725041784572,0.201355223333,1.9877061435484884,3.9321764359072477,1.9877061435484884,0.19164202708484572,ELIGIBLE,R03b_20260811_FULL_v1,L1_ELIGIBILITY,v2026-08-11,2026-03-21..2026-08-06,baccarat_bet02_101_all_pairs_incl_sentinel,round_win = game_pnl > 0 (decisive only),COMPATIBILITY_ONLY_NOT_PRODUCTION,223493.2844,206079.2994,9911.0973,12208,5823,-0.04434629,-0.01893081,-0.05513017,-0.04434629,-9911.0973,223493.2844,OK,0.0000,396.4439,4.0000,96.0000,AG03-UNRESOLVED,ALL5_LEVELS_bet23_to_bet27,396.4439,396.4439,396.4439,594.6658,594.6658,4.000000,4.000000,4.000000,6.000000,6.000000,96.000000,96.000000,96.000000,94.000000,94.000000,5.0,2378.6634,2163.0699,7532.4340,7748.0274,PENDING_AG03,FALSE,NOT_FOR_ENFORCEMENT,9514.6534,197836.1275,9911.0973,9514.6534,396.4439,0.04434629,0.04257244,396.4439,9514.6534,0.04257244,396.4439,396.4439,396.4439,594.6658,594.6658,9514.6534,0.04257244,2378.6634,2163.0699,7532.4340,7748.0274,0.03370318,0.03466783,0.00177385,18.3071,35.3906,1.7021,111.3606,22.7319,2511.1605,65.4270,19.5018,17.8433,6.2314,10.3857,29.4087,42.1647,51.0976,84.0248,10.2195,-6.1317,4.919981,8.090411,1.762719,10,81,100,8,0.29790265,0.04434629,0.01893081,0E-8,0.000000,0.922083,0.000000,0.03619937,2026-03-22,2026-08-06,89,436,292,138,0.644928,1.092949,1.065259,0.993009,,,,,,,,GLOBAL_BASELINE_NO_ENTITY_RANKING,,,NOT_APPLICABLE_GLOBAL_BASELINE,HF9g-P5,,,,X 全窗基线 · 不参与实体赏罚,15058385,1506,A168_HF9F_20260827_0900,2026-08-27 09:00:00
2026-05-02,94349862,2115,0,991.4924902836,391.1353849393,391.1353849393,0.7058824,61,17,0.36547655241812074,0.192276496667,2.9145252029996143,5.37353358144023,2.9145252029996143,0.17320005575112074,ELIGIBLE,R03b_20260811_FULL_v1,L1_ELIGIBILITY,v2026-08-11,2026-03-21..2026-08-06,baccarat_bet02_101_all_pairs_incl_sentinel,round_win = game_pnl > 0 (decisive only),COMPATIBILITY_ONLY_NOT_PRODUCTION,223493.2844,206079.2994,9911.0973,12208,5823,-0.04434629,-0.01893081,-0.05513017,-0.04434629,-9911.0973,223493.2844,OK,0.0000,396.4439,4.0000,96.0000,AG03-UNRESOLVED,ALL5_LEVELS_bet23_to_bet27,396.4439,396.4439,396.4439,594.6658,594.6658,4.000000,4.000000,4.000000,6.000000,6.000000,96.000000,96.000000,96.000000,94.000000,94.000000,5.0,2378.6634,2163.0699,7532.4340,7748.0274,PENDING_AG03,FALSE,NOT_FOR_ENFORCEMENT,9514.6534,197836.1275,9911.0973,9514.6534,396.4439,0.04434629,0.04257244,396.4439,9514.6534,0.04257244,396.4439,396.4439,396.4439,594.6658,594.6658,9514.6534,0.04257244,2378.6634,2163.0699,7532.4340,7748.0274,0.03370318,0.03466783,0.00177385,18.3071,35.3906,1.7021,111.3606,22.7319,2511.1605,65.4270,19.5018,17.8433,6.2314,10.3857,29.4087,42.1647,51.0976,84.0248,10.2195,-6.1317,4.919981,8.090411,1.762719,10,81,100,8,0.29790265,0.04434629,0.01893081,0E-8,0.000000,0.922083,0.000000,0.03619937,2026-03-22,2026-08-06,89,436,292,138,0.644928,1.092949,1.065259,0.993009,,,,,,,,GLOBAL_BASELINE_NO_ENTITY_RANKING,,,NOT_APPLICABLE_GLOBAL_BASELINE,HF9g-P5,,,,X 全窗基线 · 不参与实体赏罚,15058386,1506,A168_HF9F_20260827_0900,2026-08-27 09:00:00
2026-05-02,94349862,2121,0,1917.4456464646,80.0336099166,80.0336099166,0.5675676,111,39,0.40426316243119334,0.254307948376,2.0241348844311084,4.375679997127546,2.0241348844311084,0.14995521405519334,ELIGIBLE,R03b_20260811_FULL_v1,L1_ELIGIBILITY,v2026-08-11,2026-03-21..2026-08-06,baccarat_bet02_101_all_pairs_incl_sentinel,round_win = game_pnl > 0 (decisive only),COMPATIBILITY_ONLY_NOT_PRODUCTION,223493.2844,206079.2994,9911.0973,12208,5823,-0.04434629,-0.01893081,-0.05513017,-0.04434629,-9911.0973,223493.2844,OK,0.0000,396.4439,4.0000,96.0000,AG03-UNRESOLVED,ALL5_LEVELS_bet23_to_bet27,396.4439,396.4439,396.4439,594.6658,594.6658,4.000000,4.000000,4.000000,6.000000,6.000000,96.000000,96.000000,96.000000,94.000000,94.000000,5.0,2378.6634,2163.0699,7532.4340,7748.0274,PENDING_AG03,FALSE,NOT_FOR_ENFORCEMENT,9514.6534,197836.1275,9911.0973,9514.6534,396.4439,0.04434629,0.04257244,396.4439,9514.6534,0.04257244,396.4439,396.4439,396.4439,594.6658,594.6658,9514.6534,0.04257244,2378.6634,2163.0699,7532.4340,7748.0274,0.03370318,0.03466783,0.00177385,18.3071,35.3906,1.7021,111.3606,22.7319,2511.1605,65.4270,19.5018,17.8433,6.2314,10.3857,29.4087,42.1647,51.0976,84.0248,10.2195,-6.1317,4.919981,8.090411,1.762719,10,81,100,8,0.29790265,0.04434629,0.01893081,0E-8,0.000000,0.922083,0.000000,0.03619937,2026-03-22,2026-08-06,89,436,292,138,0.644928,1.092949,1.065259,0.993009,,,,,,,,GLOBAL_BASELINE_NO_ENTITY_RANKING,,,NOT_APPLICABLE_GLOBAL_BASELINE,HF9g-P5,,,,X 全窗基线 · 不参与实体赏罚,15058387,1506,A168_HF9F_20260827_0900,2026-08-27 09:00:00
2026-05-02,94349862,2130,0,1083.9197563269,-122.1510345543,-122.1510345543,0.3684211,67,19,0.36335713736299939,0.190898437017,0.045893211087555834,1.9689186932569664,0.045893211087555834,0.17245870034599939,ELIGIBLE,R03b_20260811_FULL_v1,L1_ELIGIBILITY,v2026-08-11,2026-03-21..2026-08-06,baccarat_bet02_101_all_pairs_incl_sentinel,round_win = game_pnl > 0 (decisive only),COMPATIBILITY_ONLY_NOT_PRODUCTION,223493.2844,206079.2994,9911.0973,12208,5823,-0.04434629,-0.01893081,-0.05513017,-0.04434629,-9911.0973,223493.2844,OK,0.0000,396.4439,4.0000,96.0000,AG03-UNRESOLVED,ALL5_LEVELS_bet23_to_bet27,396.4439,396.4439,396.4439,594.6658,594.6658,4.000000,4.000000,4.000000,6.000000,6.000000,96.000000,96.000000,96.000000,94.000000,94.000000,5.0,2378.6634,2163.0699,7532.4340,7748.0274,PENDING_AG03,FALSE,NOT_FOR_ENFORCEMENT,9514.6534,197836.1275,9911.0973,9514.6534,396.4439,0.04434629,0.04257244,396.4439,9514.6534,0.04257244,396.4439,396.4439,396.4439,594.6658,594.6658,9514.6534,0.04257244,2378.6634,2163.0699,7532.4340,7748.0274,0.03370318,0.03466783,0.00177385,18.3071,35.3906,1.7021,111.3606,22.7319,2511.1605,65.4270,19.5018,17.8433,6.2314,10.3857,29.4087,42.1647,51.0976,84.0248,10.2195,-6.1317,4.919981,8.090411,1.762719,10,81,100,8,0.29790265,0.04434629,0.01893081,0E-8,0.000000,0.922083,0.000000,0.03619937,2026-03-22,2026-08-06,89,436,292,138,0.644928,1.092949,1.065259,0.993009,,,,,,,,GLOBAL_BASELINE_NO_ENTITY_RANKING,,,NOT_APPLICABLE_GLOBAL_BASELINE,HF9g-P5,,,,X 全窗基线 · 不参与实体赏罚,15058388,1506,A168_HF9F_20260827_0900,2026-08-27 09:00:00
2026-05-02,94349862,2134,0,3179.4979518938,-538.5988866698,-538.5988866698,0.3953488,141,43,0.38482864757797962,0.211931557364,0.14178361571039888,2.9430300256564315,0.14178361571039888,0.17289709021397962,ELIGIBLE,R03b_20260811_FULL_v1,L1_ELIGIBILITY,v2026-08-11,2026-03-21..2026-08-06,baccarat_bet02_101_all_pairs_incl_sentinel,round_win = game_pnl > 0 (decisive only),COMPATIBILITY_ONLY_NOT_PRODUCTION,223493.2844,206079.2994,9911.0973,12208,5823,-0.04434629,-0.01893081,-0.05513017,-0.04434629,-9911.0973,223493.2844,OK,0.0000,396.4439,4.0000,96.0000,AG03-UNRESOLVED,ALL5_LEVELS_bet23_to_bet27,396.4439,396.4439,396.4439,594.6658,594.6658,4.000000,4.000000,4.000000,6.000000,6.000000,96.000000,96.000000,96.000000,94.000000,94.000000,5.0,2378.6634,2163.0699,7532.4340,7748.0274,PENDING_AG03,FALSE,NOT_FOR_ENFORCEMENT,9514.6534,197836.1275,9911.0973,9514.6534,396.4439,0.04434629,0.04257244,396.4439,9514.6534,0.04257244,396.4439,396.4439,396.4439,594.6658,594.6658,9514.6534,0.04257244,2378.6634,2163.0699,7532.4340,7748.0274,0.03370318,0.03466783,0.00177385,18.3071,35.3906,1.7021,111.3606,22.7319,2511.1605,65.4270,19.5018,17.8433,6.2314,10.3857,29.4087,42.1647,51.0976,84.0248,10.2195,-6.1317,4.919981,8.090411,1.762719,10,81,100,8,0.29790265,0.04434629,0.01893081,0E-8,0.000000,0.922083,0.000000,0.03619937,2026-03-22,2026-08-06,89,436,292,138,0.644928,1.092949,1.065259,0.993009,,,,,,,,GLOBAL_BASELINE_NO_ENTITY_RANKING,,,NOT_APPLICABLE_GLOBAL_BASELINE,HF9g-P5,,,,X 全窗基线 · 不参与实体赏罚,15058389,1506,A168_HF9F_20260827_0900,2026-08-27 09:00:00
2026-05-02,94349862,2155,0,264.6780800333,140.7415187482,140.7415187482,0.4000000,18,5,0.37201847383963534,0.181873874000,0.12944959999272634,1.2644375912562458,0.12944959999272634,0.19014459983963534,ELIGIBLE,R03b_20260811_FULL_v1,L1_ELIGIBILITY,v2026-08-11,2026-03-21..2026-08-06,baccarat_bet02_101_all_pairs_incl_sentinel,round_win = game_pnl > 0 (decisive only),COMPATIBILITY_ONLY_NOT_PRODUCTION,223493.2844,206079.2994,9911.0973,12208,5823,-0.04434629,-0.01893081,-0.05513017,-0.04434629,-9911.0973,223493.2844,OK,0.0000,396.4439,4.0000,96.0000,AG03-UNRESOLVED,ALL5_LEVELS_bet23_to_bet27,396.4439,396.4439,396.4439,594.6658,594.6658,4.000000,4.000000,4.000000,6.000000,6.000000,96.000000,96.000000,96.000000,94.000000,94.000000,5.0,2378.6634,2163.0699,7532.4340,7748.0274,PENDING_AG03,FALSE,NOT_FOR_ENFORCEMENT,9514.6534,197836.1275,9911.0973,9514.6534,396.4439,0.04434629,0.04257244,396.4439,9514.6534,0.04257244,396.4439,396.4439,396.4439,594.6658,594.6658,9514.6534,0.04257244,2378.6634,2163.0699,7532.4340,7748.0274,0.03370318,0.03466783,0.00177385,18.3071,35.3906,1.7021,111.3606,22.7319,2511.1605,65.4270,19.5018,17.8433,6.2314,10.3857,29.4087,42.1647,51.0976,84.0248,10.2195,-6.1317,4.919981,8.090411,1.762719,10,81,100,8,0.29790265,0.04434629,0.01893081,0E-8,0.000000,0.922083,0.000000,0.03619937,2026-03-22,2026-08-06,89,436,292,138,0.644928,1.092949,1.065259,0.993009,,,,,,,,GLOBAL_BASELINE_NO_ENTITY_RANKING,,,NOT_APPLICABLE_GLOBAL_BASELINE,HF9g-P5,,,,X 全窗基线 · 不参与实体赏罚,15058390,1506,A168_HF9F_20260827_0900,2026-08-27 09:00:00
2026-05-02,94349862,2261,0,352.9041067112,-5.2515492066,-5.2515492066,0.7500000,25,8,0.38534257079148992,0.236150302083,2.119288085728183,3.4220227362540263,2.119288085728183,0.14919226870848992,ELIGIBLE,R03b_20260811_FULL_v1,L1_ELIGIBILITY,v2026-08-11,2026-03-21..2026-08-06,baccarat_bet02_101_all_pairs_incl_sentinel,round_win = game_pnl > 0 (decisive only),COMPATIBILITY_ONLY_NOT_PRODUCTION,223493.2844,206079.2994,9911.0973,12208,5823,-0.04434629,-0.01893081,-0.05513017,-0.04434629,-9911.0973,223493.2844,OK,0.0000,396.4439,4.0000,96.0000,AG03-UNRESOLVED,ALL5_LEVELS_bet23_to_bet27,396.4439,396.4439,396.4439,594.6658,594.6658,4.000000,4.000000,4.000000,6.000000,6.000000,96.000000,96.000000,96.000000,94.000000,94.000000,5.0,2378.6634,2163.0699,7532.4340,7748.0274,PENDING_AG03,FALSE,NOT_FOR_ENFORCEMENT,9514.6534,197836.1275,9911.0973,9514.6534,396.4439,0.04434629,0.04257244,396.4439,9514.6534,0.04257244,396.4439,396.4439,396.4439,594.6658,594.6658,9514.6534,0.04257244,2378.6634,2163.0699,7532.4340,7748.0274,0.03370318,0.03466783,0.00177385,18.3071,35.3906,1.7021,111.3606,22.7319,2511.1605,65.4270,19.5018,17.8433,6.2314,10.3857,29.4087,42.1647,51.0976,84.0248,10.2195,-6.1317,4.919981,8.090411,1.762719,10,81,100,8,0.29790265,0.04434629,0.01893081,0E-8,0.000000,0.922083,0.000000,0.03619937,2026-03-22,2026-08-06,89,436,292,138,0.644928,1.092949,1.065259,0.993009,,,,,,,,GLOBAL_BASELINE_NO_ENTITY_RANKING,,,NOT_APPLICABLE_GLOBAL_BASELINE,HF9g-P5,,,,X 全窗基线 · 不参与实体赏罚,15058391,1506,A168_HF9F_20260827_0900,2026-08-27 09:00:00
2026-05-02,94349862,763,0,891.9231173192,-137.5905892232,-137.5905892232,0.5000000,63,25,0.43121461545941946,0.327879709533,0.6804259057804882,1.7962092027462466,0.6804259057804882,0.10333490592641946,ELIGIBLE,R03b_20260811_FULL_v1,L1_ELIGIBILITY,v2026-08-11,2026-03-21..2026-08-06,baccarat_bet02_101_all_pairs_incl_sentinel,round_win = game_pnl > 0 (decisive only),COMPATIBILITY_ONLY_NOT_PRODUCTION,223493.2844,206079.2994,9911.0973,12208,5823,-0.04434629,-0.01893081,-0.05513017,-0.04434629,-9911.0973,223493.2844,OK,0.0000,396.4439,4.0000,96.0000,AG03-UNRESOLVED,ALL5_LEVELS_bet23_to_bet27,396.4439,396.4439,396.4439,594.6658,594.6658,4.000000,4.000000,4.000000,6.000000,6.000000,96.000000,96.000000,96.000000,94.000000,94.000000,5.0,2378.6634,2163.0699,7532.4340,7748.0274,PENDING_AG03,FALSE,NOT_FOR_ENFORCEMENT,9514.6534,197836.1275,9911.0973,9514.6534,396.4439,0.04434629,0.04257244,396.4439,9514.6534,0.04257244,396.4439,396.4439,396.4439,594.6658,594.6658,9514.6534,0.04257244,2378.6634,2163.0699,7532.4340,7748.0274,0.03370318,0.03466783,0.00177385,18.3071,35.3906,1.7021,111.3606,22.7319,2511.1605,65.4270,19.5018,17.8433,6.2314,10.3857,29.4087,42.1647,51.0976,84.0248,10.2195,-6.1317,4.919981,8.090411,1.762719,10,81,100,8,0.29790265,0.04434629,0.01893081,0E-8,0.000000,0.922083,0.000000,0.03619937,2026-03-22,2026-08-06,89,436,292,138,0.644928,1.092949,1.065259,0.993009,,,,,,,,GLOBAL_BASELINE_NO_ENTITY_RANKING,,,NOT_APPLICABLE_GLOBAL_BASELINE,HF9g-P5,,,,X 全窗基线 · 不参与实体赏罚,15058392,1506,A168_HF9F_20260827_0900,2026-08-27 09:00:00
2026-05-02,94349862,772,0,1653.1876903669,562.7560130251,562.7560130251,0.6956522,98,23,0.36467714326134267,0.169881674130,3.297673368888086,6.714549285981716,3.297673368888086,0.19479546913134267,ELIGIBLE,R03b_20260811_FULL_v1,L1_ELIGIBILITY,v2026-08-11,2026-03-21..2026-08-06,baccarat_bet02_101_all_pairs_incl_sentinel,round_win = game_pnl > 0 (decisive only),COMPATIBILITY_ONLY_NOT_PRODUCTION,223493.2844,206079.2994,9911.0973,12208,5823,-0.04434629,-0.01893081,-0.05513017,-0.04434629,-9911.0973,223493.2844,OK,0.0000,396.4439,4.0000,96.0000,AG03-UNRESOLVED,ALL5_LEVELS_bet23_to_bet27,396.4439,396.4439,396.4439,594.6658,594.6658,4.000000,4.000000,4.000000,6.000000,6.000000,96.000000,96.000000,96.000000,94.000000,94.000000,5.0,2378.6634,2163.0699,7532.4340,7748.0274,PENDING_AG03,FALSE,NOT_FOR_ENFORCEMENT,9514.6534,197836.1275,9911.0973,9514.6534,396.4439,0.04434629,0.04257244,396.4439,9514.6534,0.04257244,396.4439,396.4439,396.4439,594.6658,594.6658,9514.6534,0.04257244,2378.6634,2163.0699,7532.4340,7748.0274,0.03370318,0.03466783,0.00177385,18.3071,35.3906,1.7021,111.3606,22.7319,2511.1605,65.4270,19.5018,17.8433,6.2314,10.3857,29.4087,42.1647,51.0976,84.0248,10.2195,-6.1317,4.919981,8.090411,1.762719,10,81,100,8,0.29790265,0.04434629,0.01893081,0E-8,0.000000,0.922083,0.000000,0.03619937,2026-03-22,2026-08-06,89,436,292,138,0.644928,1.092949,1.065259,0.993009,,,,,,,,GLOBAL_BASELINE_NO_ENTITY_RANKING,,,NOT_APPLICABLE_GLOBAL_BASELINE,HF9g-P5,,,,X 全窗基线 · 不参与实体赏罚,15058393,1506,A168_HF9F_20260827_0900,2026-08-27 09:00:00
2026-05-03,94349862,1157,0,436.5087700870,-11.9315197982,-11.9315197982,0.6111111,38,19,0.43896330428886582,0.357342471053,1.4717295315649899,2.2466844882455166,1.4717295315649899,0.08162083323586582,ELIGIBLE,R03b_20260811_FULL_v1,L1_ELIGIBILITY,v2026-08-11,2026-03-21..2026-08-06,baccarat_bet02_101_all_pairs_incl_sentinel,round_win = game_pnl > 0 (decisive only),COMPATIBILITY_ONLY_NOT_PRODUCTION,223493.2844,206079.2994,9911.0973,12208,5823,-0.04434629,-0.01893081,-0.05513017,-0.04434629,-9911.0973,223493.2844,OK,0.0000,396.4439,4.0000,96.0000,AG03-UNRESOLVED,ALL5_LEVELS_bet23_to_bet27,396.4439,396.4439,396.4439,594.6658,594.6658,4.000000,4.000000,4.000000,6.000000,6.000000,96.000000,96.000000,96.000000,94.000000,94.000000,5.0,2378.6634,2163.0699,7532.4340,7748.0274,PENDING_AG03,FALSE,NOT_FOR_ENFORCEMENT,9514.6534,197836.1275,9911.0973,9514.6534,396.4439,0.04434629,0.04257244,396.4439,9514.6534,0.04257244,396.4439,396.4439,396.4439,594.6658,594.6658,9514.6534,0.04257244,2378.6634,2163.0699,7532.4340,7748.0274,0.03370318,0.03466783,0.00177385,18.3071,35.3906,1.7021,111.3606,22.7319,2511.1605,65.4270,19.5018,17.8433,6.2314,10.3857,29.4087,42.1647,51.0976,84.0248,10.2195,-6.1317,4.919981,8.090411,1.762719,10,81,100,8,0.29790265,0.04434629,0.01893081,0E-8,0.000000,0.922083,0.000000,0.03619937,2026-03-22,2026-08-06,89,436,292,138,0.644928,1.092949,1.065259,0.993009,,,,,,,,GLOBAL_BASELINE_NO_ENTITY_RANKING,,,NOT_APPLICABLE_GLOBAL_BASELINE,HF9g-P5,,,,X 全窗基线 · 不参与实体赏罚,15058394,1506,A168_HF9F_20260827_0900,2026-08-27 09:00:00
2026-05-04,94349862,1157,0,2894.6539229061,-648.5663270650,-648.5663270650,0.3846154,89,26,0.40207470309190053,0.234751968782,-0.18156708540296415,1.8029204678742297,-0.18156708540296415,0.16732273430990053,ELIGIBLE,R03b_20260811_FULL_v1,L1_ELIGIBILITY,v2026-08-11,2026-03-21..2026-08-06,baccarat_bet02_101_all_pairs_incl_sentinel,round_win = game_pnl > 0 (decisive only),COMPATIBILITY_ONLY_NOT_PRODUCTION,223493.2844,206079.2994,9911.0973,12208,5823,-0.04434629,-0.01893081,-0.05513017,-0.04434629,-9911.0973,223493.2844,OK,0.0000,396.4439,4.0000,96.0000,AG03-UNRESOLVED,ALL5_LEVELS_bet23_to_bet27,396.4439,396.4439,396.4439,594.6658,594.6658,4.000000,4.000000,4.000000,6.000000,6.000000,96.000000,96.000000,96.000000,94.000000,94.000000,5.0,2378.6634,2163.0699,7532.4340,7748.0274,PENDING_AG03,FALSE,NOT_FOR_ENFORCEMENT,9514.6534,197836.1275,9911.0973,9514.6534,396.4439,0.04434629,0.04257244,396.4439,9514.6534,0.04257244,396.4439,396.4439,396.4439,594.6658,594.6658,9514.6534,0.04257244,2378.6634,2163.0699,7532.4340,7748.0274,0.03370318,0.03466783,0.00177385,18.3071,35.3906,1.7021,111.3606,22.7319,2511.1605,65.4270,19.5018,17.8433,6.2314,10.3857,29.4087,42.1647,51.0976,84.0248,10.2195,-6.1317,4.919981,8.090411,1.762719,10,81,100,8,0.29790265,0.04434629,0.01893081,0E-8,0.000000,0.922083,0.000000,0.03619937,2026-03-22,2026-08-06,89,436,292,138,0.644928,1.092949,1.065259,0.993009,,,,,,,,GLOBAL_BASELINE_NO_ENTITY_RANKING,,,NOT_APPLICABLE_GLOBAL_BASELINE,HF9g-P5,,,,X 全窗基线 · 不参与实体赏罚,15058395,1506,A168_HF9F_20260827_0900,2026-08-27 09:00:00
2026-05-04,94349862,1291,0,908.5180128136,-451.1080768823,-451.1080768823,0.2000000,27,12,0.45136582785594001,0.334647108333,-1.5973514172802064,-0.9023550814306931,-1.5973514172802064,0.11671871952294001,ELIGIBLE,R03b_20260811_FULL_v1,L1_ELIGIBILITY,v2026-08-11,2026-03-21..2026-08-06,baccarat_bet02_101_all_pairs_incl_sentinel,round_win = game_pnl > 0 (decisive only),COMPATIBILITY_ONLY_NOT_PRODUCTION,223493.2844,206079.2994,9911.0973,12208,5823,-0.04434629,-0.01893081,-0.05513017,-0.04434629,-9911.0973,223493.2844,OK,0.0000,396.4439,4.0000,96.0000,AG03-UNRESOLVED,ALL5_LEVELS_bet23_to_bet27,396.4439,396.4439,396.4439,594.6658,594.6658,4.000000,4.000000,4.000000,6.000000,6.000000,96.000000,96.000000,96.000000,94.000000,94.000000,5.0,2378.6634,2163.0699,7532.4340,7748.0274,PENDING_AG03,FALSE,NOT_FOR_ENFORCEMENT,9514.6534,197836.1275,9911.0973,9514.6534,396.4439,0.04434629,0.04257244,396.4439,9514.6534,0.04257244,396.4439,396.4439,396.4439,594.6658,594.6658,9514.6534,0.04257244,2378.6634,2163.0699,7532.4340,7748.0274,0.03370318,0.03466783,0.00177385,18.3071,35.3906,1.7021,111.3606,22.7319,2511.1605,65.4270,19.5018,17.8433,6.2314,10.3857,29.4087,42.1647,51.0976,84.0248,10.2195,-6.1317,4.919981,8.090411,1.762719,10,81,100,8,0.29790265,0.04434629,0.01893081,0E-8,0.000000,0.922083,0.000000,0.03619937,2026-03-22,2026-08-06,89,436,292,138,0.644928,1.092949,1.065259,0.993009,,,,,,,,GLOBAL_BASELINE_NO_ENTITY_RANKING,,,NOT_APPLICABLE_GLOBAL_BASELINE,HF9g-P5,,,,X 全窗基线 · 不参与实体赏罚,15058396,1506,A168_HF9F_20260827_0900,2026-08-27 09:00:00
2026-05-04,94349862,1299,0,18.9055771453,17.9602982880,17.9602982880,1.0000000,1,1,0.50665070000000000,0.506650700000,0.9867858985152569,0.9867858985152569,0.9867858985152569,0E-17,ELIGIBLE,R03b_20260811_FULL_v1,L1_ELIGIBILITY,v2026-08-11,2026-03-21..2026-08-06,baccarat_bet02_101_all_pairs_incl_sentinel,round_win = game_pnl > 0 (decisive only),COMPATIBILITY_ONLY_NOT_PRODUCTION,223493.2844,206079.2994,9911.0973,12208,5823,-0.04434629,-0.01893081,-0.05513017,-0.04434629,-9911.0973,223493.2844,OK,0.0000,396.4439,4.0000,96.0000,AG03-UNRESOLVED,ALL5_LEVELS_bet23_to_bet27,396.4439,396.4439,396.4439,594.6658,594.6658,4.000000,4.000000,4.000000,6.000000,6.000000,96.000000,96.000000,96.000000,94.000000,94.000000,5.0,2378.6634,2163.0699,7532.4340,7748.0274,PENDING_AG03,FALSE,NOT_FOR_ENFORCEMENT,9514.6534,197836.1275,9911.0973,9514.6534,396.4439,0.04434629,0.04257244,396.4439,9514.6534,0.04257244,396.4439,396.4439,396.4439,594.6658,594.6658,9514.6534,0.04257244,2378.6634,2163.0699,7532.4340,7748.0274,0.03370318,0.03466783,0.00177385,18.3071,35.3906,1.7021,111.3606,22.7319,2511.1605,65.4270,19.5018,17.8433,6.2314,10.3857,29.4087,42.1647,51.0976,84.0248,10.2195,-6.1317,4.919981,8.090411,1.762719,10,81,100,8,0.29790265,0.04434629,0.01893081,0E-8,0.000000,0.922083,0.000000,0.03619937,2026-03-22,2026-08-06,89,436,292,138,0.644928,1.092949,1.065259,0.993009,,,,,,,,GLOBAL_BASELINE_NO_ENTITY_RANKING,,,NOT_APPLICABLE_GLOBAL_BASELINE,HF9g-P5,,,,X 全窗基线 · 不参与实体赏罚,15058397,1506,A168_HF9F_20260827_0900,2026-08-27 09:00:00
2026-05-04,94349862,1304,0,1283.6886881630,-65.2872597413,-65.2872597413,0.6153846,34,14,0.43984376595187398,0.311972954762,1.275105339635813,2.361254048108857,1.275105339635813,0.12787081118987398,ELIGIBLE,R03b_20260811_FULL_v1,L1_ELIGIBILITY,v2026-08-11,2026-03-21..2026-08-06,baccarat_bet02_101_all_pairs_incl_sentinel,round_win = game_pnl > 0 (decisive only),COMPATIBILITY_ONLY_NOT_PRODUCTION,223493.2844,206079.2994,9911.0973,12208,5823,-0.04434629,-0.01893081,-0.05513017,-0.04434629,-9911.0973,223493.2844,OK,0.0000,396.4439,4.0000,96.0000,AG03-UNRESOLVED,ALL5_LEVELS_bet23_to_bet27,396.4439,396.4439,396.4439,594.6658,594.6658,4.000000,4.000000,4.000000,6.000000,6.000000,96.000000,96.000000,96.000000,94.000000,94.000000,5.0,2378.6634,2163.0699,7532.4340,7748.0274,PENDING_AG03,FALSE,NOT_FOR_ENFORCEMENT,9514.6534,197836.1275,9911.0973,9514.6534,396.4439,0.04434629,0.04257244,396.4439,9514.6534,0.04257244,396.4439,396.4439,396.4439,594.6658,594.6658,9514.6534,0.04257244,2378.6634,2163.0699,7532.4340,7748.0274,0.03370318,0.03466783,0.00177385,18.3071,35.3906,1.7021,111.3606,22.7319,2511.1605,65.4270,19.5018,17.8433,6.2314,10.3857,29.4087,42.1647,51.0976,84.0248,10.2195,-6.1317,4.919981,8.090411,1.762719,10,81,100,8,0.29790265,0.04434629,0.01893081,0E-8,0.000000,0.922083,0.000000,0.03619937,2026-03-22,2026-08-06,89,436,292,138,0.644928,1.092949,1.065259,0.993009,,,,,,,,GLOBAL_BASELINE_NO_ENTITY_RANKING,,,NOT_APPLICABLE_GLOBAL_BASELINE,HF9g-P5,,,,X 全窗基线 · 不参与实体赏罚,15058398,1506,A168_HF9F_20260827_0900,2026-08-27 09:00:00
2026-05-04,94349862,1405,0,109.8624094106,-25.8376220986,-25.8376220986,0.6000000,13,10,0.47382852734965358,0.445754916667,0.7990738542764505,0.9813238043536137,0.7990738542764505,0.02807361068265358,ELIGIBLE,R03b_20260811_FULL_v1,L1_ELIGIBILITY,v2026-08-11,2026-03-21..2026-08-06,baccarat_bet02_101_all_pairs_incl_sentinel,round_win = game_pnl > 0 (decisive only),COMPATIBILITY_ONLY_NOT_PRODUCTION,223493.2844,206079.2994,9911.0973,12208,5823,-0.04434629,-0.01893081,-0.05513017,-0.04434629,-9911.0973,223493.2844,OK,0.0000,396.4439,4.0000,96.0000,AG03-UNRESOLVED,ALL5_LEVELS_bet23_to_bet27,396.4439,396.4439,396.4439,594.6658,594.6658,4.000000,4.000000,4.000000,6.000000,6.000000,96.000000,96.000000,96.000000,94.000000,94.000000,5.0,2378.6634,2163.0699,7532.4340,7748.0274,PENDING_AG03,FALSE,NOT_FOR_ENFORCEMENT,9514.6534,197836.1275,9911.0973,9514.6534,396.4439,0.04434629,0.04257244,396.4439,9514.6534,0.04257244,396.4439,396.4439,396.4439,594.6658,594.6658,9514.6534,0.04257244,2378.6634,2163.0699,7532.4340,7748.0274,0.03370318,0.03466783,0.00177385,18.3071,35.3906,1.7021,111.3606,22.7319,2511.1605,65.4270,19.5018,17.8433,6.2314,10.3857,29.4087,42.1647,51.0976,84.0248,10.2195,-6.1317,4.919981,8.090411,1.762719,10,81,100,8,0.29790265,0.04434629,0.01893081,0E-8,0.000000,0.922083,0.000000,0.03619937,2026-03-22,2026-08-06,89,436,292,138,0.644928,1.092949,1.065259,0.993009,,,,,,,,GLOBAL_BASELINE_NO_ENTITY_RANKING,,,NOT_APPLICABLE_GLOBAL_BASELINE,HF9g-P5,,,,X 全窗基线 · 不参与实体赏罚,15058399,1506,A168_HF9F_20260827_0900,2026-08-27 09:00:00
2026-05-04,94349862,1702,0,1412.2466127506,319.3992227710,319.3992227710,0.7272727,33,11,0.42208016865103613,0.252105320000,2.049457941708027,3.6293742967982197,2.049457941708027,0.16997484865103613,ELIGIBLE,R03b_20260811_FULL_v1,L1_ELIGIBILITY,v2026-08-11,2026-03-21..2026-08-06,baccarat_bet02_101_all_pairs_incl_sentinel,round_win = game_pnl > 0 (decisive only),COMPATIBILITY_ONLY_NOT_PRODUCTION,223493.2844,206079.2994,9911.0973,12208,5823,-0.04434629,-0.01893081,-0.05513017,-0.04434629,-9911.0973,223493.2844,OK,0.0000,396.4439,4.0000,96.0000,AG03-UNRESOLVED,ALL5_LEVELS_bet23_to_bet27,396.4439,396.4439,396.4439,594.6658,594.6658,4.000000,4.000000,4.000000,6.000000,6.000000,96.000000,96.000000,96.000000,94.000000,94.000000,5.0,2378.6634,2163.0699,7532.4340,7748.0274,PENDING_AG03,FALSE,NOT_FOR_ENFORCEMENT,9514.6534,197836.1275,9911.0973,9514.6534,396.4439,0.04434629,0.04257244,396.4439,9514.6534,0.04257244,396.4439,396.4439,396.4439,594.6658,594.6658,9514.6534,0.04257244,2378.6634,2163.0699,7532.4340,7748.0274,0.03370318,0.03466783,0.00177385,18.3071,35.3906,1.7021,111.3606,22.7319,2511.1605,65.4270,19.5018,17.8433,6.2314,10.3857,29.4087,42.1647,51.0976,84.0248,10.2195,-6.1317,4.919981,8.090411,1.762719,10,81,100,8,0.29790265,0.04434629,0.01893081,0E-8,0.000000,0.922083,0.000000,0.03619937,2026-03-22,2026-08-06,89,436,292,138,0.644928,1.092949,1.065259,0.993009,,,,,,,,GLOBAL_BASELINE_NO_ENTITY_RANKING,,,NOT_APPLICABLE_GLOBAL_BASELINE,HF9g-P5,,,,X 全窗基线 · 不参与实体赏罚,15058400,1506,A168_HF9F_20260827_0900,2026-08-27 09:00:00
2026-05-04,94349862,2127,0,212.1625879634,-212.1625879634,-212.1625879634,0E-7,5,2,0.46067158028177751,0.330167025000,-1.3070254833619532,-0.9928841648424642,-1.3070254833619532,0.13050455528177751,ELIGIBLE,R03b_20260811_FULL_v1,L1_ELIGIBILITY,v2026-08-11,2026-03-21..2026-08-06,baccarat_bet02_101_all_pairs_incl_sentinel,round_win = game_pnl > 0 (decisive only),COMPATIBILITY_ONLY_NOT_PRODUCTION,223493.2844,206079.2994,9911.0973,12208,5823,-0.04434629,-0.01893081,-0.05513017,-0.04434629,-9911.0973,223493.2844,OK,0.0000,396.4439,4.0000,96.0000,AG03-UNRESOLVED,ALL5_LEVELS_bet23_to_bet27,396.4439,396.4439,396.4439,594.6658,594.6658,4.000000,4.000000,4.000000,6.000000,6.000000,96.000000,96.000000,96.000000,94.000000,94.000000,5.0,2378.6634,2163.0699,7532.4340,7748.0274,PENDING_AG03,FALSE,NOT_FOR_ENFORCEMENT,9514.6534,197836.1275,9911.0973,9514.6534,396.4439,0.04434629,0.04257244,396.4439,9514.6534,0.04257244,396.4439,396.4439,396.4439,594.6658,594.6658,9514.6534,0.04257244,2378.6634,2163.0699,7532.4340,7748.0274,0.03370318,0.03466783,0.00177385,18.3071,35.3906,1.7021,111.3606,22.7319,2511.1605,65.4270,19.5018,17.8433,6.2314,10.3857,29.4087,42.1647,51.0976,84.0248,10.2195,-6.1317,4.919981,8.090411,1.762719,10,81,100,8,0.29790265,0.04434629,0.01893081,0E-8,0.000000,0.922083,0.000000,0.03619937,2026-03-22,2026-08-06,89,436,292,138,0.644928,1.092949,1.065259,0.993009,,,,,,,,GLOBAL_BASELINE_NO_ENTITY_RANKING,,,NOT_APPLICABLE_GLOBAL_BASELINE,HF9g-P5,,,,X 全窗基线 · 不参与实体赏罚,15058401,1506,A168_HF9F_20260827_0900,2026-08-27 09:00:00
2026-05-04,94349862,2130,0,31.5092952421,-21.0061968281,-21.0061968281,0E-7,2,2,0.50665070000000000,0.506650700000,-1.013391052207602,-1.013391052207602,-1.013391052207602,0E-17,ELIGIBLE,R03b_20260811_FULL_v1,L1_ELIGIBILITY,v2026-08-11,2026-03-21..2026-08-06,baccarat_bet02_101_all_pairs_incl_sentinel,round_win = game_pnl > 0 (decisive only),COMPATIBILITY_ONLY_NOT_PRODUCTION,223493.2844,206079.2994,9911.0973,12208,5823,-0.04434629,-0.01893081,-0.05513017,-0.04434629,-9911.0973,223493.2844,OK,0.0000,396.4439,4.0000,96.0000,AG03-UNRESOLVED,ALL5_LEVELS_bet23_to_bet27,396.4439,396.4439,396.4439,594.6658,594.6658,4.000000,4.000000,4.000000,6.000000,6.000000,96.000000,96.000000,96.000000,94.000000,94.000000,5.0,2378.6634,2163.0699,7532.4340,7748.0274,PENDING_AG03,FALSE,NOT_FOR_ENFORCEMENT,9514.6534,197836.1275,9911.0973,9514.6534,396.4439,0.04434629,0.04257244,396.4439,9514.6534,0.04257244,396.4439,396.4439,396.4439,594.6658,594.6658,9514.6534,0.04257244,2378.6634,2163.0699,7532.4340,7748.0274,0.03370318,0.03466783,0.00177385,18.3071,35.3906,1.7021,111.3606,22.7319,2511.1605,65.4270,19.5018,17.8433,6.2314,10.3857,29.4087,42.1647,51.0976,84.0248,10.2195,-6.1317,4.919981,8.090411,1.762719,10,81,100,8,0.29790265,0.04434629,0.01893081,0E-8,0.000000,0.922083,0.000000,0.03619937,2026-03-22,2026-08-06,89,436,292,138,0.644928,1.092949,1.065259,0.993009,,,,,,,,GLOBAL_BASELINE_NO_ENTITY_RANKING,,,NOT_APPLICABLE_GLOBAL_BASELINE,HF9g-P5,,,,X 全窗基线 · 不参与实体赏罚,15058402,1506,A168_HF9F_20260827_0900,2026-08-27 09:00:00
2026-05-04,94349862,2267,0,1825.4385043576,357.0003150938,357.0003150938,0.5227273,109,45,0.43224046553002460,0.349791853111,1.2116206696214105,2.4053553320379994,1.2116206696214105,0.08244861241902460,ELIGIBLE,R03b_20260811_FULL_v1,L1_ELIGIBILITY,v2026-08-11,2026-03-21..2026-08-06,baccarat_bet02_101_all_pairs_incl_sentinel,round_win = game_pnl > 0 (decisive only),COMPATIBILITY_ONLY_NOT_PRODUCTION,223493.2844,206079.2994,9911.0973,12208,5823,-0.04434629,-0.01893081,-0.05513017,-0.04434629,-9911.0973,223493.2844,OK,0.0000,396.4439,4.0000,96.0000,AG03-UNRESOLVED,ALL5_LEVELS_bet23_to_bet27,396.4439,396.4439,396.4439,594.6658,594.6658,4.000000,4.000000,4.000000,6.000000,6.000000,96.000000,96.000000,96.000000,94.000000,94.000000,5.0,2378.6634,2163.0699,7532.4340,7748.0274,PENDING_AG03,FALSE,NOT_FOR_ENFORCEMENT,9514.6534,197836.1275,9911.0973,9514.6534,396.4439,0.04434629,0.04257244,396.4439,9514.6534,0.04257244,396.4439,396.4439,396.4439,594.6658,594.6658,9514.6534,0.04257244,2378.6634,2163.0699,7532.4340,7748.0274,0.03370318,0.03466783,0.00177385,18.3071,35.3906,1.7021,111.3606,22.7319,2511.1605,65.4270,19.5018,17.8433,6.2314,10.3857,29.4087,42.1647,51.0976,84.0248,10.2195,-6.1317,4.919981,8.090411,1.762719,10,81,100,8,0.29790265,0.04434629,0.01893081,0E-8,0.000000,0.922083,0.000000,0.03619937,2026-03-22,2026-08-06,89,436,292,138,0.644928,1.092949,1.065259,0.993009,,,,,,,,GLOBAL_BASELINE_NO_ENTITY_RANKING,,,NOT_APPLICABLE_GLOBAL_BASELINE,HF9g-P5,,,,X 全窗基线 · 不参与实体赏罚,15058403,1506,A168_HF9F_20260827_0900,2026-08-27 09:00:00
2026-05-04,94349862,919,0,2955.5718937083,-509.4002730804,-509.4002730804,0.5000000,81,20,0.38373093415035012,0.201552870417,1.069253280417663,3.327092140301839,1.069253280417663,0.18217806373335012,ELIGIBLE,R03b_20260811_FULL_v1,L1_ELIGIBILITY,v2026-08-11,2026-03-21..2026-08-06,baccarat_bet02_101_all_pairs_incl_sentinel,round_win = game_pnl > 0 (decisive only),COMPATIBILITY_ONLY_NOT_PRODUCTION,223493.2844,206079.2994,9911.0973,12208,5823,-0.04434629,-0.01893081,-0.05513017,-0.04434629,-9911.0973,223493.2844,OK,0.0000,396.4439,4.0000,96.0000,AG03-UNRESOLVED,ALL5_LEVELS_bet23_to_bet27,396.4439,396.4439,396.4439,594.6658,594.6658,4.000000,4.000000,4.000000,6.000000,6.000000,96.000000,96.000000,96.000000,94.000000,94.000000,5.0,2378.6634,2163.0699,7532.4340,7748.0274,PENDING_AG03,FALSE,NOT_FOR_ENFORCEMENT,9514.6534,197836.1275,9911.0973,9514.6534,396.4439,0.04434629,0.04257244,396.4439,9514.6534,0.04257244,396.4439,396.4439,396.4439,594.6658,594.6658,9514.6534,0.04257244,2378.6634,2163.0699,7532.4340,7748.0274,0.03370318,0.03466783,0.00177385,18.3071,35.3906,1.7021,111.3606,22.7319,2511.1605,65.4270,19.5018,17.8433,6.2314,10.3857,29.4087,42.1647,51.0976,84.0248,10.2195,-6.1317,4.919981,8.090411,1.762719,10,81,100,8,0.29790265,0.04434629,0.01893081,0E-8,0.000000,0.922083,0.000000,0.03619937,2026-03-22,2026-08-06,89,436,292,138,0.644928,1.092949,1.065259,0.993009,,,,,,,,GLOBAL_BASELINE_NO_ENTITY_RANKING,,,NOT_APPLICABLE_GLOBAL_BASELINE,HF9g-P5,,,,X 全窗基线 · 不参与实体赏罚,15058404,1506,A168_HF9F_20260827_0900,2026-08-27 09:00:00
2026-05-04,94349862,987,0,25.8376220985,8.4024787312,8.4024787312,1.0000000,2,2,0.49324550000000000,0.493245500000,1.01360149184955,1.01360149184955,1.01360149184955,0E-17,ELIGIBLE,R03b_20260811_FULL_v1,L1_ELIGIBILITY,v2026-08-11,2026-03-21..2026-08-06,baccarat_bet02_101_all_pairs_incl_sentinel,round_win = game_pnl > 0 (decisive only),COMPATIBILITY_ONLY_NOT_PRODUCTION,223493.2844,206079.2994,9911.0973,12208,5823,-0.04434629,-0.01893081,-0.05513017,-0.04434629,-9911.0973,223493.2844,OK,0.0000,396.4439,4.0000,96.0000,AG03-UNRESOLVED,ALL5_LEVELS_bet23_to_bet27,396.4439,396.4439,396.4439,594.6658,594.6658,4.000000,4.000000,4.000000,6.000000,6.000000,96.000000,96.000000,96.000000,94.000000,94.000000,5.0,2378.6634,2163.0699,7532.4340,7748.0274,PENDING_AG03,FALSE,NOT_FOR_ENFORCEMENT,9514.6534,197836.1275,9911.0973,9514.6534,396.4439,0.04434629,0.04257244,396.4439,9514.6534,0.04257244,396.4439,396.4439,396.4439,594.6658,594.6658,9514.6534,0.04257244,2378.6634,2163.0699,7532.4340,7748.0274,0.03370318,0.03466783,0.00177385,18.3071,35.3906,1.7021,111.3606,22.7319,2511.1605,65.4270,19.5018,17.8433,6.2314,10.3857,29.4087,42.1647,51.0976,84.0248,10.2195,-6.1317,4.919981,8.090411,1.762719,10,81,100,8,0.29790265,0.04434629,0.01893081,0E-8,0.000000,0.922083,0.000000,0.03619937,2026-03-22,2026-08-06,89,436,292,138,0.644928,1.092949,1.065259,0.993009,,,,,,,,GLOBAL_BASELINE_NO_ENTITY_RANKING,,,NOT_APPLICABLE_GLOBAL_BASELINE,HF9g-P5,,,,X 全窗基线 · 不参与实体赏罚,15058405,1506,A168_HF9F_20260827_0900,2026-08-27 09:00:00
2026-05-05,94349862,1645,0,168.4696985611,-24.4722193046,-24.4722193046,0.5000000,14,10,0.46781131542864275,0.426582823333,0.18246519822880794,0.4198611022409373,0.18246519822880794,0.04122849209564275,ELIGIBLE,R03b_20260811_FULL_v1,L1_ELIGIBILITY,v2026-08-11,2026-03-21..2026-08-06,baccarat_bet02_101_all_pairs_incl_sentinel,round_win = game_pnl > 0 (decisive only),COMPATIBILITY_ONLY_NOT_PRODUCTION,223493.2844,206079.2994,9911.0973,12208,5823,-0.04434629,-0.01893081,-0.05513017,-0.04434629,-9911.0973,223493.2844,OK,0.0000,396.4439,4.0000,96.0000,AG03-UNRESOLVED,ALL5_LEVELS_bet23_to_bet27,396.4439,396.4439,396.4439,594.6658,594.6658,4.000000,4.000000,4.000000,6.000000,6.000000,96.000000,96.000000,96.000000,94.000000,94.000000,5.0,2378.6634,2163.0699,7532.4340,7748.0274,PENDING_AG03,FALSE,NOT_FOR_ENFORCEMENT,9514.6534,197836.1275,9911.0973,9514.6534,396.4439,0.04434629,0.04257244,396.4439,9514.6534,0.04257244,396.4439,396.4439,396.4439,594.6658,594.6658,9514.6534,0.04257244,2378.6634,2163.0699,7532.4340,7748.0274,0.03370318,0.03466783,0.00177385,18.3071,35.3906,1.7021,111.3606,22.7319,2511.1605,65.4270,19.5018,17.8433,6.2314,10.3857,29.4087,42.1647,51.0976,84.0248,10.2195,-6.1317,4.919981,8.090411,1.762719,10,81,100,8,0.29790265,0.04434629,0.01893081,0E-8,0.000000,0.922083,0.000000,0.03619937,2026-03-22,2026-08-06,89,436,292,138,0.644928,1.092949,1.065259,0.993009,,,,,,,,GLOBAL_BASELINE_NO_ENTITY_RANKING,,,NOT_APPLICABLE_GLOBAL_BASELINE,HF9g-P5,,,,X 全窗基线 · 不参与实体赏罚,15058406,1506,A168_HF9F_20260827_0900,2026-08-27 09:00:00
2026-05-05,94349862,2271,0,83.1845394390,-5.1990337150,-5.1990337150,0.6666667,11,10,0.49774471443300717,0.485053685000,1.0135420238383201,1.0901650678898624,1.0135420238383201,0.01269102943300717,ELIGIBLE,R03b_20260811_FULL_v1,L1_ELIGIBILITY,v2026-08-11,2026-03-21..2026-08-06,baccarat_bet02_101_all_pairs_incl_sentinel,round_win = game_pnl > 0 (decisive only),COMPATIBILITY_ONLY_NOT_PRODUCTION,223493.2844,206079.2994,9911.0973,12208,5823,-0.04434629,-0.01893081,-0.05513017,-0.04434629,-9911.0973,223493.2844,OK,0.0000,396.4439,4.0000,96.0000,AG03-UNRESOLVED,ALL5_LEVELS_bet23_to_bet27,396.4439,396.4439,396.4439,594.6658,594.6658,4.000000,4.000000,4.000000,6.000000,6.000000,96.000000,96.000000,96.000000,94.000000,94.000000,5.0,2378.6634,2163.0699,7532.4340,7748.0274,PENDING_AG03,FALSE,NOT_FOR_ENFORCEMENT,9514.6534,197836.1275,9911.0973,9514.6534,396.4439,0.04434629,0.04257244,396.4439,9514.6534,0.04257244,396.4439,396.4439,396.4439,594.6658,594.6658,9514.6534,0.04257244,2378.6634,2163.0699,7532.4340,7748.0274,0.03370318,0.03466783,0.00177385,18.3071,35.3906,1.7021,111.3606,22.7319,2511.1605,65.4270,19.5018,17.8433,6.2314,10.3857,29.4087,42.1647,51.0976,84.0248,10.2195,-6.1317,4.919981,8.090411,1.762719,10,81,100,8,0.29790265,0.04434629,0.01893081,0E-8,0.000000,0.922083,0.000000,0.03619937,2026-03-22,2026-08-06,89,436,292,138,0.644928,1.092949,1.065259,0.993009,,,,,,,,GLOBAL_BASELINE_NO_ENTITY_RANKING,,,NOT_APPLICABLE_GLOBAL_BASELINE,HF9g-P5,,,,X 全窗基线 · 不参与实体赏罚,15058407,1506,A168_HF9F_20260827_0900,2026-08-27 09:00:00
2026-05-05,94349862,789,0,58.8173511184,11.3433462872,11.3433462872,0.7500000,6,4,0.45530603333333334,0.395314325000,1.183513606284209,1.4509001581287326,1.183513606284209,0.05999170833333334,ELIGIBLE,R03b_20260811_FULL_v1,L1_ELIGIBILITY,v2026-08-11,2026-03-21..2026-08-06,baccarat_bet02_101_all_pairs_incl_sentinel,round_win = game_pnl > 0 (decisive only),COMPATIBILITY_ONLY_NOT_PRODUCTION,223493.2844,206079.2994,9911.0973,12208,5823,-0.04434629,-0.01893081,-0.05513017,-0.04434629,-9911.0973,223493.2844,OK,0.0000,396.4439,4.0000,96.0000,AG03-UNRESOLVED,ALL5_LEVELS_bet23_to_bet27,396.4439,396.4439,396.4439,594.6658,594.6658,4.000000,4.000000,4.000000,6.000000,6.000000,96.000000,96.000000,96.000000,94.000000,94.000000,5.0,2378.6634,2163.0699,7532.4340,7748.0274,PENDING_AG03,FALSE,NOT_FOR_ENFORCEMENT,9514.6534,197836.1275,9911.0973,9514.6534,396.4439,0.04434629,0.04257244,396.4439,9514.6534,0.04257244,396.4439,396.4439,396.4439,594.6658,594.6658,9514.6534,0.04257244,2378.6634,2163.0699,7532.4340,7748.0274,0.03370318,0.03466783,0.00177385,18.3071,35.3906,1.7021,111.3606,22.7319,2511.1605,65.4270,19.5018,17.8433,6.2314,10.3857,29.4087,42.1647,51.0976,84.0248,10.2195,-6.1317,4.919981,8.090411,1.762719,10,81,100,8,0.29790265,0.04434629,0.01893081,0E-8,0.000000,0.922083,0.000000,0.03619937,2026-03-22,2026-08-06,89,436,292,138,0.644928,1.092949,1.065259,0.993009,,,,,,,,GLOBAL_BASELINE_NO_ENTITY_RANKING,,,NOT_APPLICABLE_GLOBAL_BASELINE,HF9g-P5,,,,X 全窗基线 · 不参与实体赏罚,15058408,1506,A168_HF9F_20260827_0900,2026-08-27 09:00:00
2026-05-06,94349862,1490,0,102.0901165842,-16.8049574623,-16.8049574623,0.4545455,13,13,0.49737017692307692,0.497370176923,-0.2840710010353052,-0.2840710010347952,-0.2840710010353052,7.692E-14,ELIGIBLE,R03b_20260811_FULL_v1,L1_ELIGIBILITY,v2026-08-11,2026-03-21..2026-08-06,baccarat_bet02_101_all_pairs_incl_sentinel,round_win = game_pnl > 0 (decisive only),COMPATIBILITY_ONLY_NOT_PRODUCTION,223493.2844,206079.2994,9911.0973,12208,5823,-0.04434629,-0.01893081,-0.05513017,-0.04434629,-9911.0973,223493.2844,OK,0.0000,396.4439,4.0000,96.0000,AG03-UNRESOLVED,ALL5_LEVELS_bet23_to_bet27,396.4439,396.4439,396.4439,594.6658,594.6658,4.000000,4.000000,4.000000,6.000000,6.000000,96.000000,96.000000,96.000000,94.000000,94.000000,5.0,2378.6634,2163.0699,7532.4340,7748.0274,PENDING_AG03,FALSE,NOT_FOR_ENFORCEMENT,9514.6534,197836.1275,9911.0973,9514.6534,396.4439,0.04434629,0.04257244,396.4439,9514.6534,0.04257244,396.4439,396.4439,396.4439,594.6658,594.6658,9514.6534,0.04257244,2378.6634,2163.0699,7532.4340,7748.0274,0.03370318,0.03466783,0.00177385,18.3071,35.3906,1.7021,111.3606,22.7319,2511.1605,65.4270,19.5018,17.8433,6.2314,10.3857,29.4087,42.1647,51.0976,84.0248,10.2195,-6.1317,4.919981,8.090411,1.762719,10,81,100,8,0.29790265,0.04434629,0.01893081,0E-8,0.000000,0.922083,0.000000,0.03619937,2026-03-22,2026-08-06,89,436,292,138,0.644928,1.092949,1.065259,0.993009,,,,,,,,GLOBAL_BASELINE_NO_ENTITY_RANKING,,,NOT_APPLICABLE_GLOBAL_BASELINE,HF9g-P5,,,,X 全窗基线 · 不参与实体赏罚,15058409,1506,A168_HF9F_20260827_0900,2026-08-27 09:00:00
2026-05-06,94349862,1942,0,45.3733851485,-1.5754647621,-1.5754647621,0.5000000,6,6,0.50441650000000000,0.504416500000,-0.01766668920767576,-0.017666689207675765,-0.01766668920767576,0E-17,ELIGIBLE,R03b_20260811_FULL_v1,L1_ELIGIBILITY,v2026-08-11,2026-03-21..2026-08-06,baccarat_bet02_101_all_pairs_incl_sentinel,round_win = game_pnl > 0 (decisive only),COMPATIBILITY_ONLY_NOT_PRODUCTION,223493.2844,206079.2994,9911.0973,12208,5823,-0.04434629,-0.01893081,-0.05513017,-0.04434629,-9911.0973,223493.2844,OK,0.0000,396.4439,4.0000,96.0000,AG03-UNRESOLVED,ALL5_LEVELS_bet23_to_bet27,396.4439,396.4439,396.4439,594.6658,594.6658,4.000000,4.000000,4.000000,6.000000,6.000000,96.000000,96.000000,96.000000,94.000000,94.000000,5.0,2378.6634,2163.0699,7532.4340,7748.0274,PENDING_AG03,FALSE,NOT_FOR_ENFORCEMENT,9514.6534,197836.1275,9911.0973,9514.6534,396.4439,0.04434629,0.04257244,396.4439,9514.6534,0.04257244,396.4439,396.4439,396.4439,594.6658,594.6658,9514.6534,0.04257244,2378.6634,2163.0699,7532.4340,7748.0274,0.03370318,0.03466783,0.00177385,18.3071,35.3906,1.7021,111.3606,22.7319,2511.1605,65.4270,19.5018,17.8433,6.2314,10.3857,29.4087,42.1647,51.0976,84.0248,10.2195,-6.1317,4.919981,8.090411,1.762719,10,81,100,8,0.29790265,0.04434629,0.01893081,0E-8,0.000000,0.922083,0.000000,0.03619937,2026-03-22,2026-08-06,89,436,292,138,0.644928,1.092949,1.065259,0.993009,,,,,,,,GLOBAL_BASELINE_NO_ENTITY_RANKING,,,NOT_APPLICABLE_GLOBAL_BASELINE,HF9g-P5,,,,X 全窗基线 · 不参与实体赏罚,15058410,1506,A168_HF9F_20260827_0900,2026-08-27 09:00:00
2026-05-07,94349862,1094,0,323.4954311520,-89.9065224241,-89.9065224241,0.5384615,18,14,0.45388854598051216,0.422060582143,0.612474651792398,0.849766624371985,0.612474651792398,0.03182796383751216,ELIGIBLE,R03b_20260811_FULL_v1,L1_ELIGIBILITY,v2026-08-11,2026-03-21..2026-08-06,baccarat_bet02_101_all_pairs_incl_sentinel,round_win = game_pnl > 0 (decisive only),COMPATIBILITY_ONLY_NOT_PRODUCTION,223493.2844,206079.2994,9911.0973,12208,5823,-0.04434629,-0.01893081,-0.05513017,-0.04434629,-9911.0973,223493.2844,OK,0.0000,396.4439,4.0000,96.0000,AG03-UNRESOLVED,ALL5_LEVELS_bet23_to_bet27,396.4439,396.4439,396.4439,594.6658,594.6658,4.000000,4.000000,4.000000,6.000000,6.000000,96.000000,96.000000,96.000000,94.000000,94.000000,5.0,2378.6634,2163.0699,7532.4340,7748.0274,PENDING_AG03,FALSE,NOT_FOR_ENFORCEMENT,9514.6534,197836.1275,9911.0973,9514.6534,396.4439,0.04434629,0.04257244,396.4439,9514.6534,0.04257244,396.4439,396.4439,396.4439,594.6658,594.6658,9514.6534,0.04257244,2378.6634,2163.0699,7532.4340,7748.0274,0.03370318,0.03466783,0.00177385,18.3071,35.3906,1.7021,111.3606,22.7319,2511.1605,65.4270,19.5018,17.8433,6.2314,10.3857,29.4087,42.1647,51.0976,84.0248,10.2195,-6.1317,4.919981,8.090411,1.762719,10,81,100,8,0.29790265,0.04434629,0.01893081,0E-8,0.000000,0.922083,0.000000,0.03619937,2026-03-22,2026-08-06,89,436,292,138,0.644928,1.092949,1.065259,0.993009,,,,,,,,GLOBAL_BASELINE_NO_ENTITY_RANKING,,,NOT_APPLICABLE_GLOBAL_BASELINE,HF9g-P5,,,,X 全窗基线 · 不参与实体赏罚,15058411,1506,A168_HF9F_20260827_0900,2026-08-27 09:00:00
2026-05-07,94349862,2155,0,36.5507824808,-15.2504988971,-15.2504988971,0.3333333,4,3,0.45771942777788355,0.425723850000,-0.43243492625356234,-0.3236410805926918,-0.43243492625356234,0.03199557777788355,ELIGIBLE,R03b_20260811_FULL_v1,L1_ELIGIBILITY,v2026-08-11,2026-03-21..2026-08-06,baccarat_bet02_101_all_pairs_incl_sentinel,round_win = game_pnl > 0 (decisive only),COMPATIBILITY_ONLY_NOT_PRODUCTION,223493.2844,206079.2994,9911.0973,12208,5823,-0.04434629,-0.01893081,-0.05513017,-0.04434629,-9911.0973,223493.2844,OK,0.0000,396.4439,4.0000,96.0000,AG03-UNRESOLVED,ALL5_LEVELS_bet23_to_bet27,396.4439,396.4439,396.4439,594.6658,594.6658,4.000000,4.000000,4.000000,6.000000,6.000000,96.000000,96.000000,96.000000,94.000000,94.000000,5.0,2378.6634,2163.0699,7532.4340,7748.0274,PENDING_AG03,FALSE,NOT_FOR_ENFORCEMENT,9514.6534,197836.1275,9911.0973,9514.6534,396.4439,0.04434629,0.04257244,396.4439,9514.6534,0.04257244,396.4439,396.4439,396.4439,594.6658,594.6658,9514.6534,0.04257244,2378.6634,2163.0699,7532.4340,7748.0274,0.03370318,0.03466783,0.00177385,18.3071,35.3906,1.7021,111.3606,22.7319,2511.1605,65.4270,19.5018,17.8433,6.2314,10.3857,29.4087,42.1647,51.0976,84.0248,10.2195,-6.1317,4.919981,8.090411,1.762719,10,81,100,8,0.29790265,0.04434629,0.01893081,0E-8,0.000000,0.922083,0.000000,0.03619937,2026-03-22,2026-08-06,89,436,292,138,0.644928,1.092949,1.065259,0.993009,,,,,,,,GLOBAL_BASELINE_NO_ENTITY_RANKING,,,NOT_APPLICABLE_GLOBAL_BASELINE,HF9g-P5,,,,X 全窗基线 · 不参与实体赏罚,15058412,1506,A168_HF9F_20260827_0900,2026-08-27 09:00:00
2026-05-08,94349862,1157,0,186.7450898014,-159.4370339249,-159.4370339249,0E-7,15,6,0.41333881258182008,0.263121141667,-2.0560564795473444,-1.4637113800849242,-2.0560564795473444,0.15021767091482008,ELIGIBLE,R03b_20260811_FULL_v1,L1_ELIGIBILITY,v2026-08-11,2026-03-21..2026-08-06,baccarat_bet02_101_all_pairs_incl_sentinel,round_win = game_pnl > 0 (decisive only),COMPATIBILITY_ONLY_NOT_PRODUCTION,223493.2844,206079.2994,9911.0973,12208,5823,-0.04434629,-0.01893081,-0.05513017,-0.04434629,-9911.0973,223493.2844,OK,0.0000,396.4439,4.0000,96.0000,AG03-UNRESOLVED,ALL5_LEVELS_bet23_to_bet27,396.4439,396.4439,396.4439,594.6658,594.6658,4.000000,4.000000,4.000000,6.000000,6.000000,96.000000,96.000000,96.000000,94.000000,94.000000,5.0,2378.6634,2163.0699,7532.4340,7748.0274,PENDING_AG03,FALSE,NOT_FOR_ENFORCEMENT,9514.6534,197836.1275,9911.0973,9514.6534,396.4439,0.04434629,0.04257244,396.4439,9514.6534,0.04257244,396.4439,396.4439,396.4439,594.6658,594.6658,9514.6534,0.04257244,2378.6634,2163.0699,7532.4340,7748.0274,0.03370318,0.03466783,0.00177385,18.3071,35.3906,1.7021,111.3606,22.7319,2511.1605,65.4270,19.5018,17.8433,6.2314,10.3857,29.4087,42.1647,51.0976,84.0248,10.2195,-6.1317,4.919981,8.090411,1.762719,10,81,100,8,0.29790265,0.04434629,0.01893081,0E-8,0.000000,0.922083,0.000000,0.03619937,2026-03-22,2026-08-06,89,436,292,138,0.644928,1.092949,1.065259,0.993009,,,,,,,,GLOBAL_BASELINE_NO_ENTITY_RANKING,,,NOT_APPLICABLE_GLOBAL_BASELINE,HF9g-P5,,,,X 全窗基线 · 不参与实体赏罚,15058413,1506,A168_HF9F_20260827_0900,2026-08-27 09:00:00
2026-05-08,94349862,1363,0,403.3189790989,82.6593845183,82.6593845183,0.5000000,27,21,0.48080203257638605,0.453786361905,0.16302036593315813,0.39382150002876504,0.16302036593315813,0.02701567067138605,ELIGIBLE,R03b_20260811_FULL_v1,L1_ELIGIBILITY,v2026-08-11,2026-03-21..2026-08-06,baccarat_bet02_101_all_pairs_incl_sentinel,round_win = game_pnl > 0 (decisive only),COMPATIBILITY_ONLY_NOT_PRODUCTION,223493.2844,206079.2994,9911.0973,12208,5823,-0.04434629,-0.01893081,-0.05513017,-0.04434629,-9911.0973,223493.2844,OK,0.0000,396.4439,4.0000,96.0000,AG03-UNRESOLVED,ALL5_LEVELS_bet23_to_bet27,396.4439,396.4439,396.4439,594.6658,594.6658,4.000000,4.000000,4.000000,6.000000,6.000000,96.000000,96.000000,96.000000,94.000000,94.000000,5.0,2378.6634,2163.0699,7532.4340,7748.0274,PENDING_AG03,FALSE,NOT_FOR_ENFORCEMENT,9514.6534,197836.1275,9911.0973,9514.6534,396.4439,0.04434629,0.04257244,396.4439,9514.6534,0.04257244,396.4439,396.4439,396.4439,594.6658,594.6658,9514.6534,0.04257244,2378.6634,2163.0699,7532.4340,7748.0274,0.03370318,0.03466783,0.00177385,18.3071,35.3906,1.7021,111.3606,22.7319,2511.1605,65.4270,19.5018,17.8433,6.2314,10.3857,29.4087,42.1647,51.0976,84.0248,10.2195,-6.1317,4.919981,8.090411,1.762719,10,81,100,8,0.29790265,0.04434629,0.01893081,0E-8,0.000000,0.922083,0.000000,0.03619937,2026-03-22,2026-08-06,89,436,292,138,0.644928,1.092949,1.065259,0.993009,,,,,,,,GLOBAL_BASELINE_NO_ENTITY_RANKING,,,NOT_APPLICABLE_GLOBAL_BASELINE,HF9g-P5,,,,X 全窗基线 · 不参与实体赏罚,15058414,1506,A168_HF9F_20260827_0900,2026-08-27 09:00:00
2026-05-08,94349862,1941,0,189.0557714526,-17.6452053354,-17.6452053354,0.5000000,13,7,0.44628463571443092,0.374472814286,0.26468229740242755,0.6353019312238916,0.26468229740242755,0.07181182142843092,ELIGIBLE,R03b_20260811_FULL_v1,L1_ELIGIBILITY,v2026-08-11,2026-03-21..2026-08-06,baccarat_bet02_101_all_pairs_incl_sentinel,round_win = game_pnl > 0 (decisive only),COMPATIBILITY_ONLY_NOT_PRODUCTION,223493.2844,206079.2994,9911.0973,12208,5823,-0.04434629,-0.01893081,-0.05513017,-0.04434629,-9911.0973,223493.2844,OK,0.0000,396.4439,4.0000,96.0000,AG03-UNRESOLVED,ALL5_LEVELS_bet23_to_bet27,396.4439,396.4439,396.4439,594.6658,594.6658,4.000000,4.000000,4.000000,6.000000,6.000000,96.000000,96.000000,96.000000,94.000000,94.000000,5.0,2378.6634,2163.0699,7532.4340,7748.0274,PENDING_AG03,FALSE,NOT_FOR_ENFORCEMENT,9514.6534,197836.1275,9911.0973,9514.6534,396.4439,0.04434629,0.04257244,396.4439,9514.6534,0.04257244,396.4439,396.4439,396.4439,594.6658,594.6658,9514.6534,0.04257244,2378.6634,2163.0699,7532.4340,7748.0274,0.03370318,0.03466783,0.00177385,18.3071,35.3906,1.7021,111.3606,22.7319,2511.1605,65.4270,19.5018,17.8433,6.2314,10.3857,29.4087,42.1647,51.0976,84.0248,10.2195,-6.1317,4.919981,8.090411,1.762719,10,81,100,8,0.29790265,0.04434629,0.01893081,0E-8,0.000000,0.922083,0.000000,0.03619937,2026-03-22,2026-08-06,89,436,292,138,0.644928,1.092949,1.065259,0.993009,,,,,,,,GLOBAL_BASELINE_NO_ENTITY_RANKING,,,NOT_APPLICABLE_GLOBAL_BASELINE,HF9g-P5,,,,X 全窗基线 · 不参与实体赏罚,15058415,1506,A168_HF9F_20260827_0900,2026-08-27 09:00:00
2026-05-09,94349862,2167,0,39.7017120049,-10.6081293981,-10.6081293981,0.4000000,6,6,0.50218230000000000,0.502182300000,-0.4569774904649096,-0.4569774904649096,-0.4569774904649096,0E-17,ELIGIBLE,R03b_20260811_FULL_v1,L1_ELIGIBILITY,v2026-08-11,2026-03-21..2026-08-06,baccarat_bet02_101_all_pairs_incl_sentinel,round_win = game_pnl > 0 (decisive only),COMPATIBILITY_ONLY_NOT_PRODUCTION,223493.2844,206079.2994,9911.0973,12208,5823,-0.04434629,-0.01893081,-0.05513017,-0.04434629,-9911.0973,223493.2844,OK,0.0000,396.4439,4.0000,96.0000,AG03-UNRESOLVED,ALL5_LEVELS_bet23_to_bet27,396.4439,396.4439,396.4439,594.6658,594.6658,4.000000,4.000000,4.000000,6.000000,6.000000,96.000000,96.000000,96.000000,94.000000,94.000000,5.0,2378.6634,2163.0699,7532.4340,7748.0274,PENDING_AG03,FALSE,NOT_FOR_ENFORCEMENT,9514.6534,197836.1275,9911.0973,9514.6534,396.4439,0.04434629,0.04257244,396.4439,9514.6534,0.04257244,396.4439,396.4439,396.4439,594.6658,594.6658,9514.6534,0.04257244,2378.6634,2163.0699,7532.4340,7748.0274,0.03370318,0.03466783,0.00177385,18.3071,35.3906,1.7021,111.3606,22.7319,2511.1605,65.4270,19.5018,17.8433,6.2314,10.3857,29.4087,42.1647,51.0976,84.0248,10.2195,-6.1317,4.919981,8.090411,1.762719,10,81,100,8,0.29790265,0.04434629,0.01893081,0E-8,0.000000,0.922083,0.000000,0.03619937,2026-03-22,2026-08-06,89,436,292,138,0.644928,1.092949,1.065259,0.993009,,,,,,,,GLOBAL_BASELINE_NO_ENTITY_RANKING,,,NOT_APPLICABLE_GLOBAL_BASELINE,HF9g-P5,,,,X 全窗基线 · 不参与实体赏罚,15058416,1506,A168_HF9F_20260827_0900,2026-08-27 09:00:00
2026-05-11,94349862,1363,0,35.7105346076,-19.3257010817,-19.3257010817,0.2000000,5,5,0.50128862000000000,0.501288620000,-1.347408145195933,-1.347408145195933,-1.347408145195933,0E-17,ELIGIBLE,R03b_20260811_FULL_v1,L1_ELIGIBILITY,v2026-08-11,2026-03-21..2026-08-06,baccarat_bet02_101_all_pairs_incl_sentinel,round_win = game_pnl > 0 (decisive only),COMPATIBILITY_ONLY_NOT_PRODUCTION,223493.2844,206079.2994,9911.0973,12208,5823,-0.04434629,-0.01893081,-0.05513017,-0.04434629,-9911.0973,223493.2844,OK,0.0000,396.4439,4.0000,96.0000,AG03-UNRESOLVED,ALL5_LEVELS_bet23_to_bet27,396.4439,396.4439,396.4439,594.6658,594.6658,4.000000,4.000000,4.000000,6.000000,6.000000,96.000000,96.000000,96.000000,94.000000,94.000000,5.0,2378.6634,2163.0699,7532.4340,7748.0274,PENDING_AG03,FALSE,NOT_FOR_ENFORCEMENT,9514.6534,197836.1275,9911.0973,9514.6534,396.4439,0.04434629,0.04257244,396.4439,9514.6534,0.04257244,396.4439,396.4439,396.4439,594.6658,594.6658,9514.6534,0.04257244,2378.6634,2163.0699,7532.4340,7748.0274,0.03370318,0.03466783,0.00177385,18.3071,35.3906,1.7021,111.3606,22.7319,2511.1605,65.4270,19.5018,17.8433,6.2314,10.3857,29.4087,42.1647,51.0976,84.0248,10.2195,-6.1317,4.919981,8.090411,1.762719,10,81,100,8,0.29790265,0.04434629,0.01893081,0E-8,0.000000,0.922083,0.000000,0.03619937,2026-03-22,2026-08-06,89,436,292,138,0.644928,1.092949,1.065259,0.993009,,,,,,,,GLOBAL_BASELINE_NO_ENTITY_RANKING,,,NOT_APPLICABLE_GLOBAL_BASELINE,HF9g-P5,,,,X 全窗基线 · 不参与实体赏罚,15058417,1506,A168_HF9F_20260827_0900,2026-08-27 09:00:00
2026-05-12,94349862,1109,0,470.5388089483,187.3752757065,187.3752757065,0.6666667,21,12,0.45320954072172850,0.340763237500,1.4853927323622063,2.381949097726339,1.4853927323622063,0.11244630322172850,ELIGIBLE,R03b_20260811_FULL_v1,L1_ELIGIBILITY,v2026-08-11,2026-03-21..2026-08-06,baccarat_bet02_101_all_pairs_incl_sentinel,round_win = game_pnl > 0 (decisive only),COMPATIBILITY_ONLY_NOT_PRODUCTION,223493.2844,206079.2994,9911.0973,12208,5823,-0.04434629,-0.01893081,-0.05513017,-0.04434629,-9911.0973,223493.2844,OK,0.0000,396.4439,4.0000,96.0000,AG03-UNRESOLVED,ALL5_LEVELS_bet23_to_bet27,396.4439,396.4439,396.4439,594.6658,594.6658,4.000000,4.000000,4.000000,6.000000,6.000000,96.000000,96.000000,96.000000,94.000000,94.000000,5.0,2378.6634,2163.0699,7532.4340,7748.0274,PENDING_AG03,FALSE,NOT_FOR_ENFORCEMENT,9514.6534,197836.1275,9911.0973,9514.6534,396.4439,0.04434629,0.04257244,396.4439,9514.6534,0.04257244,396.4439,396.4439,396.4439,594.6658,594.6658,9514.6534,0.04257244,2378.6634,2163.0699,7532.4340,7748.0274,0.03370318,0.03466783,0.00177385,18.3071,35.3906,1.7021,111.3606,22.7319,2511.1605,65.4270,19.5018,17.8433,6.2314,10.3857,29.4087,42.1647,51.0976,84.0248,10.2195,-6.1317,4.919981,8.090411,1.762719,10,81,100,8,0.29790265,0.04434629,0.01893081,0E-8,0.000000,0.922083,0.000000,0.03619937,2026-03-22,2026-08-06,89,436,292,138,0.644928,1.092949,1.065259,0.993009,,,,,,,,GLOBAL_BASELINE_NO_ENTITY_RANKING,,,NOT_APPLICABLE_GLOBAL_BASELINE,HF9g-P5,,,,X 全窗基线 · 不参与实体赏罚,15058418,1506,A168_HF9F_20260827_0900,2026-08-27 09:00:00
2026-05-12,94349862,1157,0,281.6930994644,-189.2658334208,-189.2658334208,0.1250000,12,10,0.48341320170429433,0.451958130000,-2.0286077791658075,-1.8581516828420976,-2.0286077791658075,0.03145507170429433,ELIGIBLE,R03b_20260811_FULL_v1,L1_ELIGIBILITY,v2026-08-11,2026-03-21..2026-08-06,baccarat_bet02_101_all_pairs_incl_sentinel,round_win = game_pnl > 0 (decisive only),COMPATIBILITY_ONLY_NOT_PRODUCTION,223493.2844,206079.2994,9911.0973,12208,5823,-0.04434629,-0.01893081,-0.05513017,-0.04434629,-9911.0973,223493.2844,OK,0.0000,396.4439,4.0000,96.0000,AG03-UNRESOLVED,ALL5_LEVELS_bet23_to_bet27,396.4439,396.4439,396.4439,594.6658,594.6658,4.000000,4.000000,4.000000,6.000000,6.000000,96.000000,96.000000,96.000000,94.000000,94.000000,5.0,2378.6634,2163.0699,7532.4340,7748.0274,PENDING_AG03,FALSE,NOT_FOR_ENFORCEMENT,9514.6534,197836.1275,9911.0973,9514.6534,396.4439,0.04434629,0.04257244,396.4439,9514.6534,0.04257244,396.4439,396.4439,396.4439,594.6658,594.6658,9514.6534,0.04257244,2378.6634,2163.0699,7532.4340,7748.0274,0.03370318,0.03466783,0.00177385,18.3071,35.3906,1.7021,111.3606,22.7319,2511.1605,65.4270,19.5018,17.8433,6.2314,10.3857,29.4087,42.1647,51.0976,84.0248,10.2195,-6.1317,4.919981,8.090411,1.762719,10,81,100,8,0.29790265,0.04434629,0.01893081,0E-8,0.000000,0.922083,0.000000,0.03619937,2026-03-22,2026-08-06,89,436,292,138,0.644928,1.092949,1.065259,0.993009,,,,,,,,GLOBAL_BASELINE_NO_ENTITY_RANKING,,,NOT_APPLICABLE_GLOBAL_BASELINE,HF9g-P5,,,,X 全窗基线 · 不参与实体赏罚,15058419,1506,A168_HF9F_20260827_0900,2026-08-27 09:00:00
2026-05-12,94349862,1221,0,527.2555403840,46.5287259744,46.5287259744,0.5454545,34,11,0.39475899582195482,0.218975413182,1.022507683329325,2.618314072641907,1.022507683329325,0.17578358263995482,ELIGIBLE,R03b_20260811_FULL_v1,L1_ELIGIBILITY,v2026-08-11,2026-03-21..2026-08-06,baccarat_bet02_101_all_pairs_incl_sentinel,round_win = game_pnl > 0 (decisive only),COMPATIBILITY_ONLY_NOT_PRODUCTION,223493.2844,206079.2994,9911.0973,12208,5823,-0.04434629,-0.01893081,-0.05513017,-0.04434629,-9911.0973,223493.2844,OK,0.0000,396.4439,4.0000,96.0000,AG03-UNRESOLVED,ALL5_LEVELS_bet23_to_bet27,396.4439,396.4439,396.4439,594.6658,594.6658,4.000000,4.000000,4.000000,6.000000,6.000000,96.000000,96.000000,96.000000,94.000000,94.000000,5.0,2378.6634,2163.0699,7532.4340,7748.0274,PENDING_AG03,FALSE,NOT_FOR_ENFORCEMENT,9514.6534,197836.1275,9911.0973,9514.6534,396.4439,0.04434629,0.04257244,396.4439,9514.6534,0.04257244,396.4439,396.4439,396.4439,594.6658,594.6658,9514.6534,0.04257244,2378.6634,2163.0699,7532.4340,7748.0274,0.03370318,0.03466783,0.00177385,18.3071,35.3906,1.7021,111.3606,22.7319,2511.1605,65.4270,19.5018,17.8433,6.2314,10.3857,29.4087,42.1647,51.0976,84.0248,10.2195,-6.1317,4.919981,8.090411,1.762719,10,81,100,8,0.29790265,0.04434629,0.01893081,0E-8,0.000000,0.922083,0.000000,0.03619937,2026-03-22,2026-08-06,89,436,292,138,0.644928,1.092949,1.065259,0.993009,,,,,,,,GLOBAL_BASELINE_NO_ENTITY_RANKING,,,NOT_APPLICABLE_GLOBAL_BASELINE,HF9g-P5,,,,X 全窗基线 · 不参与实体赏罚,15058420,1506,A168_HF9F_20260827_0900,2026-08-27 09:00:00
2026-05-12,94349862,1353,0,507.2996533977,-94.5278857262,-94.5278857262,0.4444444,24,18,0.47724279903619802,0.425133030556,-0.2785919770275295,0.16573117988662403,-0.2785919770275295,0.05210976848019802,ELIGIBLE,R03b_20260811_FULL_v1,L1_ELIGIBILITY,v2026-08-11,2026-03-21..2026-08-06,baccarat_bet02_101_all_pairs_incl_sentinel,round_win = game_pnl > 0 (decisive only),COMPATIBILITY_ONLY_NOT_PRODUCTION,223493.2844,206079.2994,9911.0973,12208,5823,-0.04434629,-0.01893081,-0.05513017,-0.04434629,-9911.0973,223493.2844,OK,0.0000,396.4439,4.0000,96.0000,AG03-UNRESOLVED,ALL5_LEVELS_bet23_to_bet27,396.4439,396.4439,396.4439,594.6658,594.6658,4.000000,4.000000,4.000000,6.000000,6.000000,96.000000,96.000000,96.000000,94.000000,94.000000,5.0,2378.6634,2163.0699,7532.4340,7748.0274,PENDING_AG03,FALSE,NOT_FOR_ENFORCEMENT,9514.6534,197836.1275,9911.0973,9514.6534,396.4439,0.04434629,0.04257244,396.4439,9514.6534,0.04257244,396.4439,396.4439,396.4439,594.6658,594.6658,9514.6534,0.04257244,2378.6634,2163.0699,7532.4340,7748.0274,0.03370318,0.03466783,0.00177385,18.3071,35.3906,1.7021,111.3606,22.7319,2511.1605,65.4270,19.5018,17.8433,6.2314,10.3857,29.4087,42.1647,51.0976,84.0248,10.2195,-6.1317,4.919981,8.090411,1.762719,10,81,100,8,0.29790265,0.04434629,0.01893081,0E-8,0.000000,0.922083,0.000000,0.03619937,2026-03-22,2026-08-06,89,436,292,138,0.644928,1.092949,1.065259,0.993009,,,,,,,,GLOBAL_BASELINE_NO_ENTITY_RANKING,,,NOT_APPLICABLE_GLOBAL_BASELINE,HF9g-P5,,,,X 全窗基线 · 不参与实体赏罚,15058421,1506,A168_HF9F_20260827_0900,2026-08-27 09:00:00
2026-05-12,94349862,2106,0,877.2187795397,-327.8227076985,-327.8227076985,0.3548387,48,32,0.47720808555478258,0.430153830729,-1.3640656232368864,-0.8469783541189723,-1.3640656232368864,0.04705425482578258,ELIGIBLE,R03b_20260811_FULL_v1,L1_ELIGIBILITY,v2026-08-11,2026-03-21..2026-08-06,baccarat_bet02_101_all_pairs_incl_sentinel,round_win = game_pnl > 0 (decisive only),COMPATIBILITY_ONLY_NOT_PRODUCTION,223493.2844,206079.2994,9911.0973,12208,5823,-0.04434629,-0.01893081,-0.05513017,-0.04434629,-9911.0973,223493.2844,OK,0.0000,396.4439,4.0000,96.0000,AG03-UNRESOLVED,ALL5_LEVELS_bet23_to_bet27,396.4439,396.4439,396.4439,594.6658,594.6658,4.000000,4.000000,4.000000,6.000000,6.000000,96.000000,96.000000,96.000000,94.000000,94.000000,5.0,2378.6634,2163.0699,7532.4340,7748.0274,PENDING_AG03,FALSE,NOT_FOR_ENFORCEMENT,9514.6534,197836.1275,9911.0973,9514.6534,396.4439,0.04434629,0.04257244,396.4439,9514.6534,0.04257244,396.4439,396.4439,396.4439,594.6658,594.6658,9514.6534,0.04257244,2378.6634,2163.0699,7532.4340,7748.0274,0.03370318,0.03466783,0.00177385,18.3071,35.3906,1.7021,111.3606,22.7319,2511.1605,65.4270,19.5018,17.8433,6.2314,10.3857,29.4087,42.1647,51.0976,84.0248,10.2195,-6.1317,4.919981,8.090411,1.762719,10,81,100,8,0.29790265,0.04434629,0.01893081,0E-8,0.000000,0.922083,0.000000,0.03619937,2026-03-22,2026-08-06,89,436,292,138,0.644928,1.092949,1.065259,0.993009,,,,,,,,GLOBAL_BASELINE_NO_ENTITY_RANKING,,,NOT_APPLICABLE_GLOBAL_BASELINE,HF9g-P5,,,,X 全窗基线 · 不参与实体赏罚,15058422,1506,A168_HF9F_20260827_0900,2026-08-27 09:00:00
2026-05-12,94349862,2160,0,884.7810103972,-382.5648566319,-382.5648566319,0.2500000,58,20,0.41017711027830357,0.242220209167,-1.4563606309939685,0.08120938501906529,-1.4563606309939685,0.16795690111130357,ELIGIBLE,R03b_20260811_FULL_v1,L1_ELIGIBILITY,v2026-08-11,2026-03-21..2026-08-06,baccarat_bet02_101_all_pairs_incl_sentinel,round_win = game_pnl > 0 (decisive only),COMPATIBILITY_ONLY_NOT_PRODUCTION,223493.2844,206079.2994,9911.0973,12208,5823,-0.04434629,-0.01893081,-0.05513017,-0.04434629,-9911.0973,223493.2844,OK,0.0000,396.4439,4.0000,96.0000,AG03-UNRESOLVED,ALL5_LEVELS_bet23_to_bet27,396.4439,396.4439,396.4439,594.6658,594.6658,4.000000,4.000000,4.000000,6.000000,6.000000,96.000000,96.000000,96.000000,94.000000,94.000000,5.0,2378.6634,2163.0699,7532.4340,7748.0274,PENDING_AG03,FALSE,NOT_FOR_ENFORCEMENT,9514.6534,197836.1275,9911.0973,9514.6534,396.4439,0.04434629,0.04257244,396.4439,9514.6534,0.04257244,396.4439,396.4439,396.4439,594.6658,594.6658,9514.6534,0.04257244,2378.6634,2163.0699,7532.4340,7748.0274,0.03370318,0.03466783,0.00177385,18.3071,35.3906,1.7021,111.3606,22.7319,2511.1605,65.4270,19.5018,17.8433,6.2314,10.3857,29.4087,42.1647,51.0976,84.0248,10.2195,-6.1317,4.919981,8.090411,1.762719,10,81,100,8,0.29790265,0.04434629,0.01893081,0E-8,0.000000,0.922083,0.000000,0.03619937,2026-03-22,2026-08-06,89,436,292,138,0.644928,1.092949,1.065259,0.993009,,,,,,,,GLOBAL_BASELINE_NO_ENTITY_RANKING,,,NOT_APPLICABLE_GLOBAL_BASELINE,HF9g-P5,,,,X 全窗基线 · 不参与实体赏罚,15058423,1506,A168_HF9F_20260827_0900,2026-08-27 09:00:00
2026-05-12,94349862,526,0,1209.3267513912,52.7570633344,52.7570633344,0.6363636,79,34,0.43115536835536655,0.313076901471,2.3803350628987183,4.004656601409962,2.3803350628987183,0.11807846688436655,ELIGIBLE,R03b_20260811_FULL_v1,L1_ELIGIBILITY,v2026-08-11,2026-03-21..2026-08-06,baccarat_bet02_101_all_pairs_incl_sentinel,round_win = game_pnl > 0 (decisive only),COMPATIBILITY_ONLY_NOT_PRODUCTION,223493.2844,206079.2994,9911.0973,12208,5823,-0.04434629,-0.01893081,-0.05513017,-0.04434629,-9911.0973,223493.2844,OK,0.0000,396.4439,4.0000,96.0000,AG03-UNRESOLVED,ALL5_LEVELS_bet23_to_bet27,396.4439,396.4439,396.4439,594.6658,594.6658,4.000000,4.000000,4.000000,6.000000,6.000000,96.000000,96.000000,96.000000,94.000000,94.000000,5.0,2378.6634,2163.0699,7532.4340,7748.0274,PENDING_AG03,FALSE,NOT_FOR_ENFORCEMENT,9514.6534,197836.1275,9911.0973,9514.6534,396.4439,0.04434629,0.04257244,396.4439,9514.6534,0.04257244,396.4439,396.4439,396.4439,594.6658,594.6658,9514.6534,0.04257244,2378.6634,2163.0699,7532.4340,7748.0274,0.03370318,0.03466783,0.00177385,18.3071,35.3906,1.7021,111.3606,22.7319,2511.1605,65.4270,19.5018,17.8433,6.2314,10.3857,29.4087,42.1647,51.0976,84.0248,10.2195,-6.1317,4.919981,8.090411,1.762719,10,81,100,8,0.29790265,0.04434629,0.01893081,0E-8,0.000000,0.922083,0.000000,0.03619937,2026-03-22,2026-08-06,89,436,292,138,0.644928,1.092949,1.065259,0.993009,,,,,,,,GLOBAL_BASELINE_NO_ENTITY_RANKING,,,NOT_APPLICABLE_GLOBAL_BASELINE,HF9g-P5,,,,X 全窗基线 · 不参与实体赏罚,15058424,1506,A168_HF9F_20260827_0900,2026-08-27 09:00:00
2026-05-13,94349862,1004,0,1044.0079823539,-257.8510660635,-257.8510660635,0.4545455,66,22,0.38865970942001958,0.239028922121,0.6339814224757578,2.3701870952408206,0.6339814224757578,0.14963078729901958,ELIGIBLE,R03b_20260811_FULL_v1,L1_ELIGIBILITY,v2026-08-11,2026-03-21..2026-08-06,baccarat_bet02_101_all_pairs_incl_sentinel,round_win = game_pnl > 0 (decisive only),COMPATIBILITY_ONLY_NOT_PRODUCTION,223493.2844,206079.2994,9911.0973,12208,5823,-0.04434629,-0.01893081,-0.05513017,-0.04434629,-9911.0973,223493.2844,OK,0.0000,396.4439,4.0000,96.0000,AG03-UNRESOLVED,ALL5_LEVELS_bet23_to_bet27,396.4439,396.4439,396.4439,594.6658,594.6658,4.000000,4.000000,4.000000,6.000000,6.000000,96.000000,96.000000,96.000000,94.000000,94.000000,5.0,2378.6634,2163.0699,7532.4340,7748.0274,PENDING_AG03,FALSE,NOT_FOR_ENFORCEMENT,9514.6534,197836.1275,9911.0973,9514.6534,396.4439,0.04434629,0.04257244,396.4439,9514.6534,0.04257244,396.4439,396.4439,396.4439,594.6658,594.6658,9514.6534,0.04257244,2378.6634,2163.0699,7532.4340,7748.0274,0.03370318,0.03466783,0.00177385,18.3071,35.3906,1.7021,111.3606,22.7319,2511.1605,65.4270,19.5018,17.8433,6.2314,10.3857,29.4087,42.1647,51.0976,84.0248,10.2195,-6.1317,4.919981,8.090411,1.762719,10,81,100,8,0.29790265,0.04434629,0.01893081,0E-8,0.000000,0.922083,0.000000,0.03619937,2026-03-22,2026-08-06,89,436,292,138,0.644928,1.092949,1.065259,0.993009,,,,,,,,GLOBAL_BASELINE_NO_ENTITY_RANKING,,,NOT_APPLICABLE_GLOBAL_BASELINE,HF9g-P5,,,,X 全窗基线 · 不参与实体赏罚,15058425,1506,A168_HF9F_20260827_0900,2026-08-27 09:00:00
2026-05-13,94349862,1221,0,1046.1086020369,530.6165318775,530.6165318775,0.7241379,74,29,0.42156815023117883,0.265520586494,3.299624764232399,5.592558828707572,3.299624764232399,0.15604756373717883,ELIGIBLE,R03b_20260811_FULL_v1,L1_ELIGIBILITY,v2026-08-11,2026-03-21..2026-08-06,baccarat_bet02_101_all_pairs_incl_sentinel,round_win = game_pnl > 0 (decisive only),COMPATIBILITY_ONLY_NOT_PRODUCTION,223493.2844,206079.2994,9911.0973,12208,5823,-0.04434629,-0.01893081,-0.05513017,-0.04434629,-9911.0973,223493.2844,OK,0.0000,396.4439,4.0000,96.0000,AG03-UNRESOLVED,ALL5_LEVELS_bet23_to_bet27,396.4439,396.4439,396.4439,594.6658,594.6658,4.000000,4.000000,4.000000,6.000000,6.000000,96.000000,96.000000,96.000000,94.000000,94.000000,5.0,2378.6634,2163.0699,7532.4340,7748.0274,PENDING_AG03,FALSE,NOT_FOR_ENFORCEMENT,9514.6534,197836.1275,9911.0973,9514.6534,396.4439,0.04434629,0.04257244,396.4439,9514.6534,0.04257244,396.4439,396.4439,396.4439,594.6658,594.6658,9514.6534,0.04257244,2378.6634,2163.0699,7532.4340,7748.0274,0.03370318,0.03466783,0.00177385,18.3071,35.3906,1.7021,111.3606,22.7319,2511.1605,65.4270,19.5018,17.8433,6.2314,10.3857,29.4087,42.1647,51.0976,84.0248,10.2195,-6.1317,4.919981,8.090411,1.762719,10,81,100,8,0.29790265,0.04434629,0.01893081,0E-8,0.000000,0.922083,0.000000,0.03619937,2026-03-22,2026-08-06,89,436,292,138,0.644928,1.092949,1.065259,0.993009,,,,,,,,GLOBAL_BASELINE_NO_ENTITY_RANKING,,,NOT_APPLICABLE_GLOBAL_BASELINE,HF9g-P5,,,,X 全窗基线 · 不参与实体赏罚,15058426,1506,A168_HF9F_20260827_0900,2026-08-27 09:00:00
2026-05-13,94349862,1941,0,102.9303644575,-102.9303644575,-102.9303644575,0E-7,5,2,0.44254843030319591,0.336869625000,-1.2600617509904193,-1.0079673475927213,-1.2600617509904193,0.10567880530319591,ELIGIBLE,R03b_20260811_FULL_v1,L1_ELIGIBILITY,v2026-08-11,2026-03-21..2026-08-06,baccarat_bet02_101_all_pairs_incl_sentinel,round_win = game_pnl > 0 (decisive only),COMPATIBILITY_ONLY_NOT_PRODUCTION,223493.2844,206079.2994,9911.0973,12208,5823,-0.04434629,-0.01893081,-0.05513017,-0.04434629,-9911.0973,223493.2844,OK,0.0000,396.4439,4.0000,96.0000,AG03-UNRESOLVED,ALL5_LEVELS_bet23_to_bet27,396.4439,396.4439,396.4439,594.6658,594.6658,4.000000,4.000000,4.000000,6.000000,6.000000,96.000000,96.000000,96.000000,94.000000,94.000000,5.0,2378.6634,2163.0699,7532.4340,7748.0274,PENDING_AG03,FALSE,NOT_FOR_ENFORCEMENT,9514.6534,197836.1275,9911.0973,9514.6534,396.4439,0.04434629,0.04257244,396.4439,9514.6534,0.04257244,396.4439,396.4439,396.4439,594.6658,594.6658,9514.6534,0.04257244,2378.6634,2163.0699,7532.4340,7748.0274,0.03370318,0.03466783,0.00177385,18.3071,35.3906,1.7021,111.3606,22.7319,2511.1605,65.4270,19.5018,17.8433,6.2314,10.3857,29.4087,42.1647,51.0976,84.0248,10.2195,-6.1317,4.919981,8.090411,1.762719,10,81,100,8,0.29790265,0.04434629,0.01893081,0E-8,0.000000,0.922083,0.000000,0.03619937,2026-03-22,2026-08-06,89,436,292,138,0.644928,1.092949,1.065259,0.993009,,,,,,,,GLOBAL_BASELINE_NO_ENTITY_RANKING,,,NOT_APPLICABLE_GLOBAL_BASELINE,HF9g-P5,,,,X 全窗基线 · 不参与实体赏罚,15058427,1506,A168_HF9F_20260827_0900,2026-08-27 09:00:00
2026-05-13,94349862,2129,0,581.8716521368,-104.9259531555,-104.9259531555,0.5454545,40,11,0.36026263702600678,0.186413837121,1.2794045180392808,3.057730355900384,1.2794045180392808,0.17384879990500678,ELIGIBLE,R03b_20260811_FULL_v1,L1_ELIGIBILITY,v2026-08-11,2026-03-21..2026-08-06,baccarat_bet02_101_all_pairs_incl_sentinel,round_win = game_pnl > 0 (decisive only),COMPATIBILITY_ONLY_NOT_PRODUCTION,223493.2844,206079.2994,9911.0973,12208,5823,-0.04434629,-0.01893081,-0.05513017,-0.04434629,-9911.0973,223493.2844,OK,0.0000,396.4439,4.0000,96.0000,AG03-UNRESOLVED,ALL5_LEVELS_bet23_to_bet27,396.4439,396.4439,396.4439,594.6658,594.6658,4.000000,4.000000,4.000000,6.000000,6.000000,96.000000,96.000000,96.000000,94.000000,94.000000,5.0,2378.6634,2163.0699,7532.4340,7748.0274,PENDING_AG03,FALSE,NOT_FOR_ENFORCEMENT,9514.6534,197836.1275,9911.0973,9514.6534,396.4439,0.04434629,0.04257244,396.4439,9514.6534,0.04257244,396.4439,396.4439,396.4439,594.6658,594.6658,9514.6534,0.04257244,2378.6634,2163.0699,7532.4340,7748.0274,0.03370318,0.03466783,0.00177385,18.3071,35.3906,1.7021,111.3606,22.7319,2511.1605,65.4270,19.5018,17.8433,6.2314,10.3857,29.4087,42.1647,51.0976,84.0248,10.2195,-6.1317,4.919981,8.090411,1.762719,10,81,100,8,0.29790265,0.04434629,0.01893081,0E-8,0.000000,0.922083,0.000000,0.03619937,2026-03-22,2026-08-06,89,436,292,138,0.644928,1.092949,1.065259,0.993009,,,,,,,,GLOBAL_BASELINE_NO_ENTITY_RANKING,,,NOT_APPLICABLE_GLOBAL_BASELINE,HF9g-P5,,,,X 全窗基线 · 不参与实体赏罚,15058428,1506,A168_HF9F_20260827_0900,2026-08-27 09:00:00
2026-05-13,94349862,526,0,136.5402793823,-136.5402793823,-136.5402793823,0E-7,9,3,0.40717322238342746,0.280275933333,-1.4354442361065909,-1.0808626718005783,-1.4354442361065909,0.12689728905042746,ELIGIBLE,R03b_20260811_FULL_v1,L1_ELIGIBILITY,v2026-08-11,2026-03-21..2026-08-06,baccarat_bet02_101_all_pairs_incl_sentinel,round_win = game_pnl > 0 (decisive only),COMPATIBILITY_ONLY_NOT_PRODUCTION,223493.2844,206079.2994,9911.0973,12208,5823,-0.04434629,-0.01893081,-0.05513017,-0.04434629,-9911.0973,223493.2844,OK,0.0000,396.4439,4.0000,96.0000,AG03-UNRESOLVED,ALL5_LEVELS_bet23_to_bet27,396.4439,396.4439,396.4439,594.6658,594.6658,4.000000,4.000000,4.000000,6.000000,6.000000,96.000000,96.000000,96.000000,94.000000,94.000000,5.0,2378.6634,2163.0699,7532.4340,7748.0274,PENDING_AG03,FALSE,NOT_FOR_ENFORCEMENT,9514.6534,197836.1275,9911.0973,9514.6534,396.4439,0.04434629,0.04257244,396.4439,9514.6534,0.04257244,396.4439,396.4439,396.4439,594.6658,594.6658,9514.6534,0.04257244,2378.6634,2163.0699,7532.4340,7748.0274,0.03370318,0.03466783,0.00177385,18.3071,35.3906,1.7021,111.3606,22.7319,2511.1605,65.4270,19.5018,17.8433,6.2314,10.3857,29.4087,42.1647,51.0976,84.0248,10.2195,-6.1317,4.919981,8.090411,1.762719,10,81,100,8,0.29790265,0.04434629,0.01893081,0E-8,0.000000,0.922083,0.000000,0.03619937,2026-03-22,2026-08-06,89,436,292,138,0.644928,1.092949,1.065259,0.993009,,,,,,,,GLOBAL_BASELINE_NO_ENTITY_RANKING,,,NOT_APPLICABLE_GLOBAL_BASELINE,HF9g-P5,,,,X 全窗基线 · 不参与实体赏罚,15058429,1506,A168_HF9F_20260827_0900,2026-08-27 09:00:00
2026-05-13,94349862,550,0,1146.9383468110,-125.8271189990,-125.8271189990,0.5238095,70,21,0.38022672898076466,0.198303107143,1.3554213026890292,3.741100212950103,1.3554213026890292,0.18192362183776466,ELIGIBLE,R03b_20260811_FULL_v1,L1_ELIGIBILITY,v2026-08-11,2026-03-21..2026-08-06,baccarat_bet02_101_all_pairs_incl_sentinel,round_win = game_pnl > 0 (decisive only),COMPATIBILITY_ONLY_NOT_PRODUCTION,223493.2844,206079.2994,9911.0973,12208,5823,-0.04434629,-0.01893081,-0.05513017,-0.04434629,-9911.0973,223493.2844,OK,0.0000,396.4439,4.0000,96.0000,AG03-UNRESOLVED,ALL5_LEVELS_bet23_to_bet27,396.4439,396.4439,396.4439,594.6658,594.6658,4.000000,4.000000,4.000000,6.000000,6.000000,96.000000,96.000000,96.000000,94.000000,94.000000,5.0,2378.6634,2163.0699,7532.4340,7748.0274,PENDING_AG03,FALSE,NOT_FOR_ENFORCEMENT,9514.6534,197836.1275,9911.0973,9514.6534,396.4439,0.04434629,0.04257244,396.4439,9514.6534,0.04257244,396.4439,396.4439,396.4439,594.6658,594.6658,9514.6534,0.04257244,2378.6634,2163.0699,7532.4340,7748.0274,0.03370318,0.03466783,0.00177385,18.3071,35.3906,1.7021,111.3606,22.7319,2511.1605,65.4270,19.5018,17.8433,6.2314,10.3857,29.4087,42.1647,51.0976,84.0248,10.2195,-6.1317,4.919981,8.090411,1.762719,10,81,100,8,0.29790265,0.04434629,0.01893081,0E-8,0.000000,0.922083,0.000000,0.03619937,2026-03-22,2026-08-06,89,436,292,138,0.644928,1.092949,1.065259,0.993009,,,,,,,,GLOBAL_BASELINE_NO_ENTITY_RANKING,,,NOT_APPLICABLE_GLOBAL_BASELINE,HF9g-P5,,,,X 全窗基线 · 不参与实体赏罚,15058430,1506,A168_HF9F_20260827_0900,2026-08-27 09:00:00
2026-05-13,94349862,763,0,329.7972902003,17.1200504150,17.1200504150,0.5000000,24,8,0.39020270786277217,0.235660054167,0.6366470598892974,1.761657694153974,0.6366470598892974,0.15454265369577217,ELIGIBLE,R03b_20260811_FULL_v1,L1_ELIGIBILITY,v2026-08-11,2026-03-21..2026-08-06,baccarat_bet02_101_all_pairs_incl_sentinel,round_win = game_pnl > 0 (decisive only),COMPATIBILITY_ONLY_NOT_PRODUCTION,223493.2844,206079.2994,9911.0973,12208,5823,-0.04434629,-0.01893081,-0.05513017,-0.04434629,-9911.0973,223493.2844,OK,0.0000,396.4439,4.0000,96.0000,AG03-UNRESOLVED,ALL5_LEVELS_bet23_to_bet27,396.4439,396.4439,396.4439,594.6658,594.6658,4.000000,4.000000,4.000000,6.000000,6.000000,96.000000,96.000000,96.000000,94.000000,94.000000,5.0,2378.6634,2163.0699,7532.4340,7748.0274,PENDING_AG03,FALSE,NOT_FOR_ENFORCEMENT,9514.6534,197836.1275,9911.0973,9514.6534,396.4439,0.04434629,0.04257244,396.4439,9514.6534,0.04257244,396.4439,396.4439,396.4439,594.6658,594.6658,9514.6534,0.04257244,2378.6634,2163.0699,7532.4340,7748.0274,0.03370318,0.03466783,0.00177385,18.3071,35.3906,1.7021,111.3606,22.7319,2511.1605,65.4270,19.5018,17.8433,6.2314,10.3857,29.4087,42.1647,51.0976,84.0248,10.2195,-6.1317,4.919981,8.090411,1.762719,10,81,100,8,0.29790265,0.04434629,0.01893081,0E-8,0.000000,0.922083,0.000000,0.03619937,2026-03-22,2026-08-06,89,436,292,138,0.644928,1.092949,1.065259,0.993009,,,,,,,,GLOBAL_BASELINE_NO_ENTITY_RANKING,,,NOT_APPLICABLE_GLOBAL_BASELINE,HF9g-P5,,,,X 全窗基线 · 不参与实体赏罚,15058431,1506,A168_HF9F_20260827_0900,2026-08-27 09:00:00
2026-05-13,94349862,789,0,815.0404369280,-7.9823547939,-7.9823547939,0.4375000,57,16,0.34543954490033026,0.179474142812,0.7744122252717377,2.6895284410152818,0.7744122252717377,0.16596540208833026,ELIGIBLE,R03b_20260811_FULL_v1,L1_ELIGIBILITY,v2026-08-11,2026-03-21..2026-08-06,baccarat_bet02_101_all_pairs_incl_sentinel,round_win = game_pnl > 0 (decisive only),COMPATIBILITY_ONLY_NOT_PRODUCTION,223493.2844,206079.2994,9911.0973,12208,5823,-0.04434629,-0.01893081,-0.05513017,-0.04434629,-9911.0973,223493.2844,OK,0.0000,396.4439,4.0000,96.0000,AG03-UNRESOLVED,ALL5_LEVELS_bet23_to_bet27,396.4439,396.4439,396.4439,594.6658,594.6658,4.000000,4.000000,4.000000,6.000000,6.000000,96.000000,96.000000,96.000000,94.000000,94.000000,5.0,2378.6634,2163.0699,7532.4340,7748.0274,PENDING_AG03,FALSE,NOT_FOR_ENFORCEMENT,9514.6534,197836.1275,9911.0973,9514.6534,396.4439,0.04434629,0.04257244,396.4439,9514.6534,0.04257244,396.4439,396.4439,396.4439,594.6658,594.6658,9514.6534,0.04257244,2378.6634,2163.0699,7532.4340,7748.0274,0.03370318,0.03466783,0.00177385,18.3071,35.3906,1.7021,111.3606,22.7319,2511.1605,65.4270,19.5018,17.8433,6.2314,10.3857,29.4087,42.1647,51.0976,84.0248,10.2195,-6.1317,4.919981,8.090411,1.762719,10,81,100,8,0.29790265,0.04434629,0.01893081,0E-8,0.000000,0.922083,0.000000,0.03619937,2026-03-22,2026-08-06,89,436,292,138,0.644928,1.092949,1.065259,0.993009,,,,,,,,GLOBAL_BASELINE_NO_ENTITY_RANKING,,,NOT_APPLICABLE_GLOBAL_BASELINE,HF9g-P5,,,,X 全窗基线 · 不参与实体赏罚,15058432,1506,A168_HF9F_20260827_0900,2026-08-27 09:00:00
2026-05-14,94349862,1941,0,415.9226971954,-37.4960613381,-37.4960613381,0.5882353,27,17,0.47295032611799037,0.419814457843,0.9520584345841251,1.4070454739274292,0.9520584345841251,0.05313586827499037,ELIGIBLE,R03b_20260811_FULL_v1,L1_ELIGIBILITY,v2026-08-11,2026-03-21..2026-08-06,baccarat_bet02_101_all_pairs_incl_sentinel,round_win = game_pnl > 0 (decisive only),COMPATIBILITY_ONLY_NOT_PRODUCTION,223493.2844,206079.2994,9911.0973,12208,5823,-0.04434629,-0.01893081,-0.05513017,-0.04434629,-9911.0973,223493.2844,OK,0.0000,396.4439,4.0000,96.0000,AG03-UNRESOLVED,ALL5_LEVELS_bet23_to_bet27,396.4439,396.4439,396.4439,594.6658,594.6658,4.000000,4.000000,4.000000,6.000000,6.000000,96.000000,96.000000,96.000000,94.000000,94.000000,5.0,2378.6634,2163.0699,7532.4340,7748.0274,PENDING_AG03,FALSE,NOT_FOR_ENFORCEMENT,9514.6534,197836.1275,9911.0973,9514.6534,396.4439,0.04434629,0.04257244,396.4439,9514.6534,0.04257244,396.4439,396.4439,396.4439,594.6658,594.6658,9514.6534,0.04257244,2378.6634,2163.0699,7532.4340,7748.0274,0.03370318,0.03466783,0.00177385,18.3071,35.3906,1.7021,111.3606,22.7319,2511.1605,65.4270,19.5018,17.8433,6.2314,10.3857,29.4087,42.1647,51.0976,84.0248,10.2195,-6.1317,4.919981,8.090411,1.762719,10,81,100,8,0.29790265,0.04434629,0.01893081,0E-8,0.000000,0.922083,0.000000,0.03619937,2026-03-22,2026-08-06,89,436,292,138,0.644928,1.092949,1.065259,0.993009,,,,,,,,GLOBAL_BASELINE_NO_ENTITY_RANKING,,,NOT_APPLICABLE_GLOBAL_BASELINE,HF9g-P5,,,,X 全窗基线 · 不参与实体赏罚,15058433,1506,A168_HF9F_20260827_0900,2026-08-27 09:00:00
2026-05-14,94349862,1942,0,153.3452368448,-16.9099884467,-16.9099884467,0.4545455,11,11,0.50421339090909091,0.504213390909,-0.3294715162601009,-0.3294715162594974,-0.3294715162601009,9.091E-14,ELIGIBLE,R03b_20260811_FULL_v1,L1_ELIGIBILITY,v2026-08-11,2026-03-21..2026-08-06,baccarat_bet02_101_all_pairs_incl_sentinel,round_win = game_pnl > 0 (decisive only),COMPATIBILITY_ONLY_NOT_PRODUCTION,223493.2844,206079.2994,9911.0973,12208,5823,-0.04434629,-0.01893081,-0.05513017,-0.04434629,-9911.0973,223493.2844,OK,0.0000,396.4439,4.0000,96.0000,AG03-UNRESOLVED,ALL5_LEVELS_bet23_to_bet27,396.4439,396.4439,396.4439,594.6658,594.6658,4.000000,4.000000,4.000000,6.000000,6.000000,96.000000,96.000000,96.000000,94.000000,94.000000,5.0,2378.6634,2163.0699,7532.4340,7748.0274,PENDING_AG03,FALSE,NOT_FOR_ENFORCEMENT,9514.6534,197836.1275,9911.0973,9514.6534,396.4439,0.04434629,0.04257244,396.4439,9514.6534,0.04257244,396.4439,396.4439,396.4439,594.6658,594.6658,9514.6534,0.04257244,2378.6634,2163.0699,7532.4340,7748.0274,0.03370318,0.03466783,0.00177385,18.3071,35.3906,1.7021,111.3606,22.7319,2511.1605,65.4270,19.5018,17.8433,6.2314,10.3857,29.4087,42.1647,51.0976,84.0248,10.2195,-6.1317,4.919981,8.090411,1.762719,10,81,100,8,0.29790265,0.04434629,0.01893081,0E-8,0.000000,0.922083,0.000000,0.03619937,2026-03-22,2026-08-06,89,436,292,138,0.644928,1.092949,1.065259,0.993009,,,,,,,,GLOBAL_BASELINE_NO_ENTITY_RANKING,,,NOT_APPLICABLE_GLOBAL_BASELINE,HF9g-P5,,,,X 全窗基线 · 不参与实体赏罚,15058434,1506,A168_HF9F_20260827_0900,2026-08-27 09:00:00
2026-05-14,94349862,2106,0,142.6320764625,53.4712740260,53.4712740260,0.6000000,9,5,0.46899418547627228,0.385965713333,0.5870055485098845,0.9830999577988232,0.5870055485098845,0.08302847214327228,ELIGIBLE,R03b_20260811_FULL_v1,L1_ELIGIBILITY,v2026-08-11,2026-03-21..2026-08-06,baccarat_bet02_101_all_pairs_incl_sentinel,round_win = game_pnl > 0 (decisive only),COMPATIBILITY_ONLY_NOT_PRODUCTION,223493.2844,206079.2994,9911.0973,12208,5823,-0.04434629,-0.01893081,-0.05513017,-0.04434629,-9911.0973,223493.2844,OK,0.0000,396.4439,4.0000,96.0000,AG03-UNRESOLVED,ALL5_LEVELS_bet23_to_bet27,396.4439,396.4439,396.4439,594.6658,594.6658,4.000000,4.000000,4.000000,6.000000,6.000000,96.000000,96.000000,96.000000,94.000000,94.000000,5.0,2378.6634,2163.0699,7532.4340,7748.0274,PENDING_AG03,FALSE,NOT_FOR_ENFORCEMENT,9514.6534,197836.1275,9911.0973,9514.6534,396.4439,0.04434629,0.04257244,396.4439,9514.6534,0.04257244,396.4439,396.4439,396.4439,594.6658,594.6658,9514.6534,0.04257244,2378.6634,2163.0699,7532.4340,7748.0274,0.03370318,0.03466783,0.00177385,18.3071,35.3906,1.7021,111.3606,22.7319,2511.1605,65.4270,19.5018,17.8433,6.2314,10.3857,29.4087,42.1647,51.0976,84.0248,10.2195,-6.1317,4.919981,8.090411,1.762719,10,81,100,8,0.29790265,0.04434629,0.01893081,0E-8,0.000000,0.922083,0.000000,0.03619937,2026-03-22,2026-08-06,89,436,292,138,0.644928,1.092949,1.065259,0.993009,,,,,,,,GLOBAL_BASELINE_NO_ENTITY_RANKING,,,NOT_APPLICABLE_GLOBAL_BASELINE,HF9g-P5,,,,X 全窗基线 · 不参与实体赏罚,15058435,1506,A168_HF9F_20260827_0900,2026-08-27 09:00:00
2026-05-14,94349862,2108,0,140.7415187481,42.2224556245,42.2224556245,0.5714286,7,7,0.50090561428571429,0.500905614286,0.3731730247484194,0.373173024746908,0.3731730247484194,-2.8571E-13,ELIGIBLE,R03b_20260811_FULL_v1,L1_ELIGIBILITY,v2026-08-11,2026-03-21..2026-08-06,baccarat_bet02_101_all_pairs_incl_sentinel,round_win = game_pnl > 0 (decisive only),COMPATIBILITY_ONLY_NOT_PRODUCTION,223493.2844,206079.2994,9911.0973,12208,5823,-0.04434629,-0.01893081,-0.05513017,-0.04434629,-9911.0973,223493.2844,OK,0.0000,396.4439,4.0000,96.0000,AG03-UNRESOLVED,ALL5_LEVELS_bet23_to_bet27,396.4439,396.4439,396.4439,594.6658,594.6658,4.000000,4.000000,4.000000,6.000000,6.000000,96.000000,96.000000,96.000000,94.000000,94.000000,5.0,2378.6634,2163.0699,7532.4340,7748.0274,PENDING_AG03,FALSE,NOT_FOR_ENFORCEMENT,9514.6534,197836.1275,9911.0973,9514.6534,396.4439,0.04434629,0.04257244,396.4439,9514.6534,0.04257244,396.4439,396.4439,396.4439,594.6658,594.6658,9514.6534,0.04257244,2378.6634,2163.0699,7532.4340,7748.0274,0.03370318,0.03466783,0.00177385,18.3071,35.3906,1.7021,111.3606,22.7319,2511.1605,65.4270,19.5018,17.8433,6.2314,10.3857,29.4087,42.1647,51.0976,84.0248,10.2195,-6.1317,4.919981,8.090411,1.762719,10,81,100,8,0.29790265,0.04434629,0.01893081,0E-8,0.000000,0.922083,0.000000,0.03619937,2026-03-22,2026-08-06,89,436,292,138,0.644928,1.092949,1.065259,0.993009,,,,,,,,GLOBAL_BASELINE_NO_ENTITY_RANKING,,,NOT_APPLICABLE_GLOBAL_BASELINE,HF9g-P5,,,,X 全窗基线 · 不参与实体赏罚,15058436,1506,A168_HF9F_20260827_0900,2026-08-27 09:00:00
2026-05-14,94349862,2160,0,392.8158806846,-199.5588698664,-199.5588698664,0.2222222,19,9,0.44953848909511961,0.319969390741,-1.3708970762182773,-0.6286472103519603,-1.3708970762182773,0.12956909835411961,ELIGIBLE,R03b_20260811_FULL_v1,L1_ELIGIBILITY,v2026-08-11,2026-03-21..2026-08-06,baccarat_bet02_101_all_pairs_incl_sentinel,round_win = game_pnl > 0 (decisive only),COMPATIBILITY_ONLY_NOT_PRODUCTION,223493.2844,206079.2994,9911.0973,12208,5823,-0.04434629,-0.01893081,-0.05513017,-0.04434629,-9911.0973,223493.2844,OK,0.0000,396.4439,4.0000,96.0000,AG03-UNRESOLVED,ALL5_LEVELS_bet23_to_bet27,396.4439,396.4439,396.4439,594.6658,594.6658,4.000000,4.000000,4.000000,6.000000,6.000000,96.000000,96.000000,96.000000,94.000000,94.000000,5.0,2378.6634,2163.0699,7532.4340,7748.0274,PENDING_AG03,FALSE,NOT_FOR_ENFORCEMENT,9514.6534,197836.1275,9911.0973,9514.6534,396.4439,0.04434629,0.04257244,396.4439,9514.6534,0.04257244,396.4439,396.4439,396.4439,594.6658,594.6658,9514.6534,0.04257244,2378.6634,2163.0699,7532.4340,7748.0274,0.03370318,0.03466783,0.00177385,18.3071,35.3906,1.7021,111.3606,22.7319,2511.1605,65.4270,19.5018,17.8433,6.2314,10.3857,29.4087,42.1647,51.0976,84.0248,10.2195,-6.1317,4.919981,8.090411,1.762719,10,81,100,8,0.29790265,0.04434629,0.01893081,0E-8,0.000000,0.922083,0.000000,0.03619937,2026-03-22,2026-08-06,89,436,292,138,0.644928,1.092949,1.065259,0.993009,,,,,,,,GLOBAL_BASELINE_NO_ENTITY_RANKING,,,NOT_APPLICABLE_GLOBAL_BASELINE,HF9g-P5,,,,X 全窗基线 · 不参与实体赏罚,15058437,1506,A168_HF9F_20260827_0900,2026-08-27 09:00:00
2026-05-14,94349862,595,0,787.7323810521,-79.2983930256,-79.2983930256,0.4285714,43,23,0.45417752900832905,0.370710220652,-0.23567556928711172,0.5489774734576643,-0.23567556928711172,0.08346730835632905,ELIGIBLE,R03b_20260811_FULL_v1,L1_ELIGIBILITY,v2026-08-11,2026-03-21..2026-08-06,baccarat_bet02_101_all_pairs_incl_sentinel,round_win = game_pnl > 0 (decisive only),COMPATIBILITY_ONLY_NOT_PRODUCTION,223493.2844,206079.2994,9911.0973,12208,5823,-0.04434629,-0.01893081,-0.05513017,-0.04434629,-9911.0973,223493.2844,OK,0.0000,396.4439,4.0000,96.0000,AG03-UNRESOLVED,ALL5_LEVELS_bet23_to_bet27,396.4439,396.4439,396.4439,594.6658,594.6658,4.000000,4.000000,4.000000,6.000000,6.000000,96.000000,96.000000,96.000000,94.000000,94.000000,5.0,2378.6634,2163.0699,7532.4340,7748.0274,PENDING_AG03,FALSE,NOT_FOR_ENFORCEMENT,9514.6534,197836.1275,9911.0973,9514.6534,396.4439,0.04434629,0.04257244,396.4439,9514.6534,0.04257244,396.4439,396.4439,396.4439,594.6658,594.6658,9514.6534,0.04257244,2378.6634,2163.0699,7532.4340,7748.0274,0.03370318,0.03466783,0.00177385,18.3071,35.3906,1.7021,111.3606,22.7319,2511.1605,65.4270,19.5018,17.8433,6.2314,10.3857,29.4087,42.1647,51.0976,84.0248,10.2195,-6.1317,4.919981,8.090411,1.762719,10,81,100,8,0.29790265,0.04434629,0.01893081,0E-8,0.000000,0.922083,0.000000,0.03619937,2026-03-22,2026-08-06,89,436,292,138,0.644928,1.092949,1.065259,0.993009,,,,,,,,GLOBAL_BASELINE_NO_ENTITY_RANKING,,,NOT_APPLICABLE_GLOBAL_BASELINE,HF9g-P5,,,,X 全窗基线 · 不参与实体赏罚,15058438,1506,A168_HF9F_20260827_0900,2026-08-27 09:00:00
2026-05-14,94349862,763,0,52.5154920701,-52.5154920701,-52.5154920701,0E-7,3,1,0.41772476000016933,0.211640833333,-0.8469951968877222,-0.5181287254456737,-0.8469951968877222,0.20608392666716933,ELIGIBLE,R03b_20260811_FULL_v1,L1_ELIGIBILITY,v2026-08-11,2026-03-21..2026-08-06,baccarat_bet02_101_all_pairs_incl_sentinel,round_win = game_pnl > 0 (decisive only),COMPATIBILITY_ONLY_NOT_PRODUCTION,223493.2844,206079.2994,9911.0973,12208,5823,-0.04434629,-0.01893081,-0.05513017,-0.04434629,-9911.0973,223493.2844,OK,0.0000,396.4439,4.0000,96.0000,AG03-UNRESOLVED,ALL5_LEVELS_bet23_to_bet27,396.4439,396.4439,396.4439,594.6658,594.6658,4.000000,4.000000,4.000000,6.000000,6.000000,96.000000,96.000000,96.000000,94.000000,94.000000,5.0,2378.6634,2163.0699,7532.4340,7748.0274,PENDING_AG03,FALSE,NOT_FOR_ENFORCEMENT,9514.6534,197836.1275,9911.0973,9514.6534,396.4439,0.04434629,0.04257244,396.4439,9514.6534,0.04257244,396.4439,396.4439,396.4439,594.6658,594.6658,9514.6534,0.04257244,2378.6634,2163.0699,7532.4340,7748.0274,0.03370318,0.03466783,0.00177385,18.3071,35.3906,1.7021,111.3606,22.7319,2511.1605,65.4270,19.5018,17.8433,6.2314,10.3857,29.4087,42.1647,51.0976,84.0248,10.2195,-6.1317,4.919981,8.090411,1.762719,10,81,100,8,0.29790265,0.04434629,0.01893081,0E-8,0.000000,0.922083,0.000000,0.03619937,2026-03-22,2026-08-06,89,436,292,138,0.644928,1.092949,1.065259,0.993009,,,,,,,,GLOBAL_BASELINE_NO_ENTITY_RANKING,,,NOT_APPLICABLE_GLOBAL_BASELINE,HF9g-P5,,,,X 全窗基线 · 不参与实体赏罚,15058439,1506,A168_HF9F_20260827_0900,2026-08-27 09:00:00
2026-05-14,94349862,925,0,139.2710849700,-93.6351223611,-93.6351223611,0.2857143,9,8,0.49221865588236989,0.472543825000,-1.092850766973251,-0.9901028854058329,-1.092850766973251,0.01967483088236989,ELIGIBLE,R03b_20260811_FULL_v1,L1_ELIGIBILITY,v2026-08-11,2026-03-21..2026-08-06,baccarat_bet02_101_all_pairs_incl_sentinel,round_win = game_pnl > 0 (decisive only),COMPATIBILITY_ONLY_NOT_PRODUCTION,223493.2844,206079.2994,9911.0973,12208,5823,-0.04434629,-0.01893081,-0.05513017,-0.04434629,-9911.0973,223493.2844,OK,0.0000,396.4439,4.0000,96.0000,AG03-UNRESOLVED,ALL5_LEVELS_bet23_to_bet27,396.4439,396.4439,396.4439,594.6658,594.6658,4.000000,4.000000,4.000000,6.000000,6.000000,96.000000,96.000000,96.000000,94.000000,94.000000,5.0,2378.6634,2163.0699,7532.4340,7748.0274,PENDING_AG03,FALSE,NOT_FOR_ENFORCEMENT,9514.6534,197836.1275,9911.0973,9514.6534,396.4439,0.04434629,0.04257244,396.4439,9514.6534,0.04257244,396.4439,396.4439,396.4439,594.6658,594.6658,9514.6534,0.04257244,2378.6634,2163.0699,7532.4340,7748.0274,0.03370318,0.03466783,0.00177385,18.3071,35.3906,1.7021,111.3606,22.7319,2511.1605,65.4270,19.5018,17.8433,6.2314,10.3857,29.4087,42.1647,51.0976,84.0248,10.2195,-6.1317,4.919981,8.090411,1.762719,10,81,100,8,0.29790265,0.04434629,0.01893081,0E-8,0.000000,0.922083,0.000000,0.03619937,2026-03-22,2026-08-06,89,436,292,138,0.644928,1.092949,1.065259,0.993009,,,,,,,,GLOBAL_BASELINE_NO_ENTITY_RANKING,,,NOT_APPLICABLE_GLOBAL_BASELINE,HF9g-P5,,,,X 全窗基线 · 不参与实体赏罚,15058440,1506,A168_HF9F_20260827_0900,2026-08-27 09:00:00
2026-05-15,94349862,1221,0,6.3018590484,-6.3018590484,-6.3018590484,0E-7,1,1,0.50665070000000000,0.506650700000,-1.013391052207602,-1.013391052207602,-1.013391052207602,0E-17,ELIGIBLE,R03b_20260811_FULL_v1,L1_ELIGIBILITY,v2026-08-11,2026-03-21..2026-08-06,baccarat_bet02_101_all_pairs_incl_sentinel,round_win = game_pnl > 0 (decisive only),COMPATIBILITY_ONLY_NOT_PRODUCTION,223493.2844,206079.2994,9911.0973,12208,5823,-0.04434629,-0.01893081,-0.05513017,-0.04434629,-9911.0973,223493.2844,OK,0.0000,396.4439,4.0000,96.0000,AG03-UNRESOLVED,ALL5_LEVELS_bet23_to_bet27,396.4439,396.4439,396.4439,594.6658,594.6658,4.000000,4.000000,4.000000,6.000000,6.000000,96.000000,96.000000,96.000000,94.000000,94.000000,5.0,2378.6634,2163.0699,7532.4340,7748.0274,PENDING_AG03,FALSE,NOT_FOR_ENFORCEMENT,9514.6534,197836.1275,9911.0973,9514.6534,396.4439,0.04434629,0.04257244,396.4439,9514.6534,0.04257244,396.4439,396.4439,396.4439,594.6658,594.6658,9514.6534,0.04257244,2378.6634,2163.0699,7532.4340,7748.0274,0.03370318,0.03466783,0.00177385,18.3071,35.3906,1.7021,111.3606,22.7319,2511.1605,65.4270,19.5018,17.8433,6.2314,10.3857,29.4087,42.1647,51.0976,84.0248,10.2195,-6.1317,4.919981,8.090411,1.762719,10,81,100,8,0.29790265,0.04434629,0.01893081,0E-8,0.000000,0.922083,0.000000,0.03619937,2026-03-22,2026-08-06,89,436,292,138,0.644928,1.092949,1.065259,0.993009,,,,,,,,GLOBAL_BASELINE_NO_ENTITY_RANKING,,,NOT_APPLICABLE_GLOBAL_BASELINE,HF9g-P5,,,,X 全窗基线 · 不参与实体赏罚,15058441,1506,A168_HF9F_20260827_0900,2026-08-27 09:00:00
2026-05-15,94349862,462,0,4.2012393656,-4.2012393656,-4.2012393656,0E-7,1,1,0.50665070000000000,0.506650700000,-1.013391052207602,-1.013391052207602,-1.013391052207602,0E-17,ELIGIBLE,R03b_20260811_FULL_v1,L1_ELIGIBILITY,v2026-08-11,2026-03-21..2026-08-06,baccarat_bet02_101_all_pairs_incl_sentinel,round_win = game_pnl > 0 (decisive only),COMPATIBILITY_ONLY_NOT_PRODUCTION,223493.2844,206079.2994,9911.0973,12208,5823,-0.04434629,-0.01893081,-0.05513017,-0.04434629,-9911.0973,223493.2844,OK,0.0000,396.4439,4.0000,96.0000,AG03-UNRESOLVED,ALL5_LEVELS_bet23_to_bet27,396.4439,396.4439,396.4439,594.6658,594.6658,4.000000,4.000000,4.000000,6.000000,6.000000,96.000000,96.000000,96.000000,94.000000,94.000000,5.0,2378.6634,2163.0699,7532.4340,7748.0274,PENDING_AG03,FALSE,NOT_FOR_ENFORCEMENT,9514.6534,197836.1275,9911.0973,9514.6534,396.4439,0.04434629,0.04257244,396.4439,9514.6534,0.04257244,396.4439,396.4439,396.4439,594.6658,594.6658,9514.6534,0.04257244,2378.6634,2163.0699,7532.4340,7748.0274,0.03370318,0.03466783,0.00177385,18.3071,35.3906,1.7021,111.3606,22.7319,2511.1605,65.4270,19.5018,17.8433,6.2314,10.3857,29.4087,42.1647,51.0976,84.0248,10.2195,-6.1317,4.919981,8.090411,1.762719,10,81,100,8,0.29790265,0.04434629,0.01893081,0E-8,0.000000,0.922083,0.000000,0.03619937,2026-03-22,2026-08-06,89,436,292,138,0.644928,1.092949,1.065259,0.993009,,,,,,,,GLOBAL_BASELINE_NO_ENTITY_RANKING,,,NOT_APPLICABLE_GLOBAL_BASELINE,HF9g-P5,,,,X 全窗基线 · 不参与实体赏罚,15058442,1506,A168_HF9F_20260827_0900,2026-08-27 09:00:00
2026-05-18,94349862,1017,0,20.3760109232,-20.3760109232,-20.3760109232,0E-7,2,2,0.50665070000000000,0.506650700000,-1.4331513700195317,-1.4331513700195317,-1.4331513700195317,0E-17,ELIGIBLE,R03b_20260811_FULL_v1,L1_ELIGIBILITY,v2026-08-11,2026-03-21..2026-08-06,baccarat_bet02_101_all_pairs_incl_sentinel,round_win = game_pnl > 0 (decisive only),COMPATIBILITY_ONLY_NOT_PRODUCTION,223493.2844,206079.2994,9911.0973,12208,5823,-0.04434629,-0.01893081,-0.05513017,-0.04434629,-9911.0973,223493.2844,OK,0.0000,396.4439,4.0000,96.0000,AG03-UNRESOLVED,ALL5_LEVELS_bet23_to_bet27,396.4439,396.4439,396.4439,594.6658,594.6658,4.000000,4.000000,4.000000,6.000000,6.000000,96.000000,96.000000,96.000000,94.000000,94.000000,5.0,2378.6634,2163.0699,7532.4340,7748.0274,PENDING_AG03,FALSE,NOT_FOR_ENFORCEMENT,9514.6534,197836.1275,9911.0973,9514.6534,396.4439,0.04434629,0.04257244,396.4439,9514.6534,0.04257244,396.4439,396.4439,396.4439,594.6658,594.6658,9514.6534,0.04257244,2378.6634,2163.0699,7532.4340,7748.0274,0.03370318,0.03466783,0.00177385,18.3071,35.3906,1.7021,111.3606,22.7319,2511.1605,65.4270,19.5018,17.8433,6.2314,10.3857,29.4087,42.1647,51.0976,84.0248,10.2195,-6.1317,4.919981,8.090411,1.762719,10,81,100,8,0.29790265,0.04434629,0.01893081,0E-8,0.000000,0.922083,0.000000,0.03619937,2026-03-22,2026-08-06,89,436,292,138,0.644928,1.092949,1.065259,0.993009,,,,,,,,GLOBAL_BASELINE_NO_ENTITY_RANKING,,,NOT_APPLICABLE_GLOBAL_BASELINE,HF9g-P5,,,,X 全窗基线 · 不参与实体赏罚,15058443,1506,A168_HF9F_20260827_0900,2026-08-27 09:00:00
2026-05-18,94349862,1109,0,56.7167314357,-56.7167314357,-56.7167314357,0E-7,4,2,0.42923184347842111,0.359145766667,-1.2263970489504263,-1.0586947145722545,-1.2263970489504263,0.07008607681142111,ELIGIBLE,R03b_20260811_FULL_v1,L1_ELIGIBILITY,v2026-08-11,2026-03-21..2026-08-06,baccarat_bet02_101_all_pairs_incl_sentinel,round_win = game_pnl > 0 (decisive only),COMPATIBILITY_ONLY_NOT_PRODUCTION,223493.2844,206079.2994,9911.0973,12208,5823,-0.04434629,-0.01893081,-0.05513017,-0.04434629,-9911.0973,223493.2844,OK,0.0000,396.4439,4.0000,96.0000,AG03-UNRESOLVED,ALL5_LEVELS_bet23_to_bet27,396.4439,396.4439,396.4439,594.6658,594.6658,4.000000,4.000000,4.000000,6.000000,6.000000,96.000000,96.000000,96.000000,94.000000,94.000000,5.0,2378.6634,2163.0699,7532.4340,7748.0274,PENDING_AG03,FALSE,NOT_FOR_ENFORCEMENT,9514.6534,197836.1275,9911.0973,9514.6534,396.4439,0.04434629,0.04257244,396.4439,9514.6534,0.04257244,396.4439,396.4439,396.4439,594.6658,594.6658,9514.6534,0.04257244,2378.6634,2163.0699,7532.4340,7748.0274,0.03370318,0.03466783,0.00177385,18.3071,35.3906,1.7021,111.3606,22.7319,2511.1605,65.4270,19.5018,17.8433,6.2314,10.3857,29.4087,42.1647,51.0976,84.0248,10.2195,-6.1317,4.919981,8.090411,1.762719,10,81,100,8,0.29790265,0.04434629,0.01893081,0E-8,0.000000,0.922083,0.000000,0.03619937,2026-03-22,2026-08-06,89,436,292,138,0.644928,1.092949,1.065259,0.993009,,,,,,,,GLOBAL_BASELINE_NO_ENTITY_RANKING,,,NOT_APPLICABLE_GLOBAL_BASELINE,HF9g-P5,,,,X 全窗基线 · 不参与实体赏罚,15058444,1506,A168_HF9F_20260827_0900,2026-08-27 09:00:00
2026-05-18,94349862,1205,0,735.2168889816,42.7476105454,42.7476105454,0.5000000,40,17,0.43387540592767787,0.301296408823,0.5336843685940322,1.7322965567795763,0.5336843685940322,0.13257899710467787,ELIGIBLE,R03b_20260811_FULL_v1,L1_ELIGIBILITY,v2026-08-11,2026-03-21..2026-08-06,baccarat_bet02_101_all_pairs_incl_sentinel,round_win = game_pnl > 0 (decisive only),COMPATIBILITY_ONLY_NOT_PRODUCTION,223493.2844,206079.2994,9911.0973,12208,5823,-0.04434629,-0.01893081,-0.05513017,-0.04434629,-9911.0973,223493.2844,OK,0.0000,396.4439,4.0000,96.0000,AG03-UNRESOLVED,ALL5_LEVELS_bet23_to_bet27,396.4439,396.4439,396.4439,594.6658,594.6658,4.000000,4.000000,4.000000,6.000000,6.000000,96.000000,96.000000,96.000000,94.000000,94.000000,5.0,2378.6634,2163.0699,7532.4340,7748.0274,PENDING_AG03,FALSE,NOT_FOR_ENFORCEMENT,9514.6534,197836.1275,9911.0973,9514.6534,396.4439,0.04434629,0.04257244,396.4439,9514.6534,0.04257244,396.4439,396.4439,396.4439,594.6658,594.6658,9514.6534,0.04257244,2378.6634,2163.0699,7532.4340,7748.0274,0.03370318,0.03466783,0.00177385,18.3071,35.3906,1.7021,111.3606,22.7319,2511.1605,65.4270,19.5018,17.8433,6.2314,10.3857,29.4087,42.1647,51.0976,84.0248,10.2195,-6.1317,4.919981,8.090411,1.762719,10,81,100,8,0.29790265,0.04434629,0.01893081,0E-8,0.000000,0.922083,0.000000,0.03619937,2026-03-22,2026-08-06,89,436,292,138,0.644928,1.092949,1.065259,0.993009,,,,,,,,GLOBAL_BASELINE_NO_ENTITY_RANKING,,,NOT_APPLICABLE_GLOBAL_BASELINE,HF9g-P5,,,,X 全窗基线 · 不参与实体赏罚,15058445,1506,A168_HF9F_20260827_0900,2026-08-27 09:00:00
2026-05-18,94349862,1221,0,968.3856737730,-127.7176767140,-127.7176767140,0.5000000,62,23,0.41702040061275102,0.258414088768,0.7893640526503655,2.5884758347765557,0.7893640526503655,0.15860631184475102,ELIGIBLE,R03b_20260811_FULL_v1,L1_ELIGIBILITY,v2026-08-11,2026-03-21..2026-08-06,baccarat_bet02_101_all_pairs_incl_sentinel,round_win = game_pnl > 0 (decisive only),COMPATIBILITY_ONLY_NOT_PRODUCTION,223493.2844,206079.2994,9911.0973,12208,5823,-0.04434629,-0.01893081,-0.05513017,-0.04434629,-9911.0973,223493.2844,OK,0.0000,396.4439,4.0000,96.0000,AG03-UNRESOLVED,ALL5_LEVELS_bet23_to_bet27,396.4439,396.4439,396.4439,594.6658,594.6658,4.000000,4.000000,4.000000,6.000000,6.000000,96.000000,96.000000,96.000000,94.000000,94.000000,5.0,2378.6634,2163.0699,7532.4340,7748.0274,PENDING_AG03,FALSE,NOT_FOR_ENFORCEMENT,9514.6534,197836.1275,9911.0973,9514.6534,396.4439,0.04434629,0.04257244,396.4439,9514.6534,0.04257244,396.4439,396.4439,396.4439,594.6658,594.6658,9514.6534,0.04257244,2378.6634,2163.0699,7532.4340,7748.0274,0.03370318,0.03466783,0.00177385,18.3071,35.3906,1.7021,111.3606,22.7319,2511.1605,65.4270,19.5018,17.8433,6.2314,10.3857,29.4087,42.1647,51.0976,84.0248,10.2195,-6.1317,4.919981,8.090411,1.762719,10,81,100,8,0.29790265,0.04434629,0.01893081,0E-8,0.000000,0.922083,0.000000,0.03619937,2026-03-22,2026-08-06,89,436,292,138,0.644928,1.092949,1.065259,0.993009,,,,,,,,GLOBAL_BASELINE_NO_ENTITY_RANKING,,,NOT_APPLICABLE_GLOBAL_BASELINE,HF9g-P5,,,,X 全窗基线 · 不参与实体赏罚,15058446,1506,A168_HF9F_20260827_0900,2026-08-27 09:00:00
2026-05-18,94349862,1383,0,697.4057346911,-136.3302174134,-136.3302174134,0.5384615,35,13,0.41447288723411697,0.270777319872,0.9074695133240537,2.17199198197637,0.9074695133240537,0.14369556736211697,ELIGIBLE,R03b_20260811_FULL_v1,L1_ELIGIBILITY,v2026-08-11,2026-03-21..2026-08-06,baccarat_bet02_101_all_pairs_incl_sentinel,round_win = game_pnl > 0 (decisive only),COMPATIBILITY_ONLY_NOT_PRODUCTION,223493.2844,206079.2994,9911.0973,12208,5823,-0.04434629,-0.01893081,-0.05513017,-0.04434629,-9911.0973,223493.2844,OK,0.0000,396.4439,4.0000,96.0000,AG03-UNRESOLVED,ALL5_LEVELS_bet23_to_bet27,396.4439,396.4439,396.4439,594.6658,594.6658,4.000000,4.000000,4.000000,6.000000,6.000000,96.000000,96.000000,96.000000,94.000000,94.000000,5.0,2378.6634,2163.0699,7532.4340,7748.0274,PENDING_AG03,FALSE,NOT_FOR_ENFORCEMENT,9514.6534,197836.1275,9911.0973,9514.6534,396.4439,0.04434629,0.04257244,396.4439,9514.6534,0.04257244,396.4439,396.4439,396.4439,594.6658,594.6658,9514.6534,0.04257244,2378.6634,2163.0699,7532.4340,7748.0274,0.03370318,0.03466783,0.00177385,18.3071,35.3906,1.7021,111.3606,22.7319,2511.1605,65.4270,19.5018,17.8433,6.2314,10.3857,29.4087,42.1647,51.0976,84.0248,10.2195,-6.1317,4.919981,8.090411,1.762719,10,81,100,8,0.29790265,0.04434629,0.01893081,0E-8,0.000000,0.922083,0.000000,0.03619937,2026-03-22,2026-08-06,89,436,292,138,0.644928,1.092949,1.065259,0.993009,,,,,,,,GLOBAL_BASELINE_NO_ENTITY_RANKING,,,NOT_APPLICABLE_GLOBAL_BASELINE,HF9g-P5,,,,X 全窗基线 · 不参与实体赏罚,15058447,1506,A168_HF9F_20260827_0900,2026-08-27 09:00:00
2026-05-18,94349862,1485,0,322.0249973740,64.3629870812,64.3629870812,0.4166667,22,16,0.48472433000004092,0.448822875000,-0.47173753056812295,-0.22396098684929278,-0.47173753056812295,0.03590145500004092,ELIGIBLE,R03b_20260811_FULL_v1,L1_ELIGIBILITY,v2026-08-11,2026-03-21..2026-08-06,baccarat_bet02_101_all_pairs_incl_sentinel,round_win = game_pnl > 0 (decisive only),COMPATIBILITY_ONLY_NOT_PRODUCTION,223493.2844,206079.2994,9911.0973,12208,5823,-0.04434629,-0.01893081,-0.05513017,-0.04434629,-9911.0973,223493.2844,OK,0.0000,396.4439,4.0000,96.0000,AG03-UNRESOLVED,ALL5_LEVELS_bet23_to_bet27,396.4439,396.4439,396.4439,594.6658,594.6658,4.000000,4.000000,4.000000,6.000000,6.000000,96.000000,96.000000,96.000000,94.000000,94.000000,5.0,2378.6634,2163.0699,7532.4340,7748.0274,PENDING_AG03,FALSE,NOT_FOR_ENFORCEMENT,9514.6534,197836.1275,9911.0973,9514.6534,396.4439,0.04434629,0.04257244,396.4439,9514.6534,0.04257244,396.4439,396.4439,396.4439,594.6658,594.6658,9514.6534,0.04257244,2378.6634,2163.0699,7532.4340,7748.0274,0.03370318,0.03466783,0.00177385,18.3071,35.3906,1.7021,111.3606,22.7319,2511.1605,65.4270,19.5018,17.8433,6.2314,10.3857,29.4087,42.1647,51.0976,84.0248,10.2195,-6.1317,4.919981,8.090411,1.762719,10,81,100,8,0.29790265,0.04434629,0.01893081,0E-8,0.000000,0.922083,0.000000,0.03619937,2026-03-22,2026-08-06,89,436,292,138,0.644928,1.092949,1.065259,0.993009,,,,,,,,GLOBAL_BASELINE_NO_ENTITY_RANKING,,,NOT_APPLICABLE_GLOBAL_BASELINE,HF9g-P5,,,,X 全窗基线 · 不参与实体赏罚,15058448,1506,A168_HF9F_20260827_0900,2026-08-27 09:00:00
2026-05-18,94349862,1645,0,100.8297447747,-100.8297447747,-100.8297447747,0E-7,4,2,0.45269210303045871,0.359145766667,-1.2861765876758413,-1.0586947145722545,-1.2861765876758413,0.09354633636345871,ELIGIBLE,R03b_20260811_FULL_v1,L1_ELIGIBILITY,v2026-08-11,2026-03-21..2026-08-06,baccarat_bet02_101_all_pairs_incl_sentinel,round_win = game_pnl > 0 (decisive only),COMPATIBILITY_ONLY_NOT_PRODUCTION,223493.2844,206079.2994,9911.0973,12208,5823,-0.04434629,-0.01893081,-0.05513017,-0.04434629,-9911.0973,223493.2844,OK,0.0000,396.4439,4.0000,96.0000,AG03-UNRESOLVED,ALL5_LEVELS_bet23_to_bet27,396.4439,396.4439,396.4439,594.6658,594.6658,4.000000,4.000000,4.000000,6.000000,6.000000,96.000000,96.000000,96.000000,94.000000,94.000000,5.0,2378.6634,2163.0699,7532.4340,7748.0274,PENDING_AG03,FALSE,NOT_FOR_ENFORCEMENT,9514.6534,197836.1275,9911.0973,9514.6534,396.4439,0.04434629,0.04257244,396.4439,9514.6534,0.04257244,396.4439,396.4439,396.4439,594.6658,594.6658,9514.6534,0.04257244,2378.6634,2163.0699,7532.4340,7748.0274,0.03370318,0.03466783,0.00177385,18.3071,35.3906,1.7021,111.3606,22.7319,2511.1605,65.4270,19.5018,17.8433,6.2314,10.3857,29.4087,42.1647,51.0976,84.0248,10.2195,-6.1317,4.919981,8.090411,1.762719,10,81,100,8,0.29790265,0.04434629,0.01893081,0E-8,0.000000,0.922083,0.000000,0.03619937,2026-03-22,2026-08-06,89,436,292,138,0.644928,1.092949,1.065259,0.993009,,,,,,,,GLOBAL_BASELINE_NO_ENTITY_RANKING,,,NOT_APPLICABLE_GLOBAL_BASELINE,HF9g-P5,,,,X 全窗基线 · 不参与实体赏罚,15058449,1506,A168_HF9F_20260827_0900,2026-08-27 09:00:00
2026-05-18,94349862,1750,0,199.5588698664,-174.9816195776,-174.9816195776,0.2500000,11,4,0.41321069163980529,0.276833641667,-0.662905663964289,-0.11994470245973785,-0.662905663964289,0.13637704997280529,ELIGIBLE,R03b_20260811_FULL_v1,L1_ELIGIBILITY,v2026-08-11,2026-03-21..2026-08-06,baccarat_bet02_101_all_pairs_incl_sentinel,round_win = game_pnl > 0 (decisive only),COMPATIBILITY_ONLY_NOT_PRODUCTION,223493.2844,206079.2994,9911.0973,12208,5823,-0.04434629,-0.01893081,-0.05513017,-0.04434629,-9911.0973,223493.2844,OK,0.0000,396.4439,4.0000,96.0000,AG03-UNRESOLVED,ALL5_LEVELS_bet23_to_bet27,396.4439,396.4439,396.4439,594.6658,594.6658,4.000000,4.000000,4.000000,6.000000,6.000000,96.000000,96.000000,96.000000,94.000000,94.000000,5.0,2378.6634,2163.0699,7532.4340,7748.0274,PENDING_AG03,FALSE,NOT_FOR_ENFORCEMENT,9514.6534,197836.1275,9911.0973,9514.6534,396.4439,0.04434629,0.04257244,396.4439,9514.6534,0.04257244,396.4439,396.4439,396.4439,594.6658,594.6658,9514.6534,0.04257244,2378.6634,2163.0699,7532.4340,7748.0274,0.03370318,0.03466783,0.00177385,18.3071,35.3906,1.7021,111.3606,22.7319,2511.1605,65.4270,19.5018,17.8433,6.2314,10.3857,29.4087,42.1647,51.0976,84.0248,10.2195,-6.1317,4.919981,8.090411,1.762719,10,81,100,8,0.29790265,0.04434629,0.01893081,0E-8,0.000000,0.922083,0.000000,0.03619937,2026-03-22,2026-08-06,89,436,292,138,0.644928,1.092949,1.065259,0.993009,,,,,,,,GLOBAL_BASELINE_NO_ENTITY_RANKING,,,NOT_APPLICABLE_GLOBAL_BASELINE,HF9g-P5,,,,X 全窗基线 · 不参与实体赏罚,15058450,1506,A168_HF9F_20260827_0900,2026-08-27 09:00:00
2026-05-18,94349862,1941,0,1530.7215628599,-117.8447642044,-117.8447642044,0.5000000,84,31,0.41186032721951381,0.273013275806,0.9808821770142535,2.7906537937769094,0.9808821770142535,0.13884705141351381,ELIGIBLE,R03b_20260811_FULL_v1,L1_ELIGIBILITY,v2026-08-11,2026-03-21..2026-08-06,baccarat_bet02_101_all_pairs_incl_sentinel,round_win = game_pnl > 0 (decisive only),COMPATIBILITY_ONLY_NOT_PRODUCTION,223493.2844,206079.2994,9911.0973,12208,5823,-0.04434629,-0.01893081,-0.05513017,-0.04434629,-9911.0973,223493.2844,OK,0.0000,396.4439,4.0000,96.0000,AG03-UNRESOLVED,ALL5_LEVELS_bet23_to_bet27,396.4439,396.4439,396.4439,594.6658,594.6658,4.000000,4.000000,4.000000,6.000000,6.000000,96.000000,96.000000,96.000000,94.000000,94.000000,5.0,2378.6634,2163.0699,7532.4340,7748.0274,PENDING_AG03,FALSE,NOT_FOR_ENFORCEMENT,9514.6534,197836.1275,9911.0973,9514.6534,396.4439,0.04434629,0.04257244,396.4439,9514.6534,0.04257244,396.4439,396.4439,396.4439,594.6658,594.6658,9514.6534,0.04257244,2378.6634,2163.0699,7532.4340,7748.0274,0.03370318,0.03466783,0.00177385,18.3071,35.3906,1.7021,111.3606,22.7319,2511.1605,65.4270,19.5018,17.8433,6.2314,10.3857,29.4087,42.1647,51.0976,84.0248,10.2195,-6.1317,4.919981,8.090411,1.762719,10,81,100,8,0.29790265,0.04434629,0.01893081,0E-8,0.000000,0.922083,0.000000,0.03619937,2026-03-22,2026-08-06,89,436,292,138,0.644928,1.092949,1.065259,0.993009,,,,,,,,GLOBAL_BASELINE_NO_ENTITY_RANKING,,,NOT_APPLICABLE_GLOBAL_BASELINE,HF9g-P5,,,,X 全窗基线 · 不参与实体赏罚,15058451,1506,A168_HF9F_20260827_0900,2026-08-27 09:00:00
2026-05-18,94349862,2129,0,917.9708013856,-45.3733851480,-45.3733851480,0.5882353,56,17,0.39936619046136664,0.239703720980,1.589991653999632,3.3661833447093814,1.589991653999632,0.15966246948136664,ELIGIBLE,R03b_20260811_FULL_v1,L1_ELIGIBILITY,v2026-08-11,2026-03-21..2026-08-06,baccarat_bet02_101_all_pairs_incl_sentinel,round_win = game_pnl > 0 (decisive only),COMPATIBILITY_ONLY_NOT_PRODUCTION,223493.2844,206079.2994,9911.0973,12208,5823,-0.04434629,-0.01893081,-0.05513017,-0.04434629,-9911.0973,223493.2844,OK,0.0000,396.4439,4.0000,96.0000,AG03-UNRESOLVED,ALL5_LEVELS_bet23_to_bet27,396.4439,396.4439,396.4439,594.6658,594.6658,4.000000,4.000000,4.000000,6.000000,6.000000,96.000000,96.000000,96.000000,94.000000,94.000000,5.0,2378.6634,2163.0699,7532.4340,7748.0274,PENDING_AG03,FALSE,NOT_FOR_ENFORCEMENT,9514.6534,197836.1275,9911.0973,9514.6534,396.4439,0.04434629,0.04257244,396.4439,9514.6534,0.04257244,396.4439,396.4439,396.4439,594.6658,594.6658,9514.6534,0.04257244,2378.6634,2163.0699,7532.4340,7748.0274,0.03370318,0.03466783,0.00177385,18.3071,35.3906,1.7021,111.3606,22.7319,2511.1605,65.4270,19.5018,17.8433,6.2314,10.3857,29.4087,42.1647,51.0976,84.0248,10.2195,-6.1317,4.919981,8.090411,1.762719,10,81,100,8,0.29790265,0.04434629,0.01893081,0E-8,0.000000,0.922083,0.000000,0.03619937,2026-03-22,2026-08-06,89,436,292,138,0.644928,1.092949,1.065259,0.993009,,,,,,,,GLOBAL_BASELINE_NO_ENTITY_RANKING,,,NOT_APPLICABLE_GLOBAL_BASELINE,HF9g-P5,,,,X 全窗基线 · 不参与实体赏罚,15058452,1506,A168_HF9F_20260827_0900,2026-08-27 09:00:00
2026-05-18,94349862,2267,0,1097.5737842662,-40.8570528301,-40.8570528301,0.4705882,60,35,0.45685278313929595,0.393680636190,0.16078128755949286,0.9178801251944512,0.16078128755949286,0.06317214694929595,ELIGIBLE,R03b_20260811_FULL_v1,L1_ELIGIBILITY,v2026-08-11,2026-03-21..2026-08-06,baccarat_bet02_101_all_pairs_incl_sentinel,round_win = game_pnl > 0 (decisive only),COMPATIBILITY_ONLY_NOT_PRODUCTION,223493.2844,206079.2994,9911.0973,12208,5823,-0.04434629,-0.01893081,-0.05513017,-0.04434629,-9911.0973,223493.2844,OK,0.0000,396.4439,4.0000,96.0000,AG03-UNRESOLVED,ALL5_LEVELS_bet23_to_bet27,396.4439,396.4439,396.4439,594.6658,594.6658,4.000000,4.000000,4.000000,6.000000,6.000000,96.000000,96.000000,96.000000,94.000000,94.000000,5.0,2378.6634,2163.0699,7532.4340,7748.0274,PENDING_AG03,FALSE,NOT_FOR_ENFORCEMENT,9514.6534,197836.1275,9911.0973,9514.6534,396.4439,0.04434629,0.04257244,396.4439,9514.6534,0.04257244,396.4439,396.4439,396.4439,594.6658,594.6658,9514.6534,0.04257244,2378.6634,2163.0699,7532.4340,7748.0274,0.03370318,0.03466783,0.00177385,18.3071,35.3906,1.7021,111.3606,22.7319,2511.1605,65.4270,19.5018,17.8433,6.2314,10.3857,29.4087,42.1647,51.0976,84.0248,10.2195,-6.1317,4.919981,8.090411,1.762719,10,81,100,8,0.29790265,0.04434629,0.01893081,0E-8,0.000000,0.922083,0.000000,0.03619937,2026-03-22,2026-08-06,89,436,292,138,0.644928,1.092949,1.065259,0.993009,,,,,,,,GLOBAL_BASELINE_NO_ENTITY_RANKING,,,NOT_APPLICABLE_GLOBAL_BASELINE,HF9g-P5,,,,X 全窗基线 · 不参与实体赏罚,15058453,1506,A168_HF9F_20260827_0900,2026-08-27 09:00:00
2026-05-18,94349862,462,0,1117.5296712524,274.1098624101,274.1098624101,0.6086957,62,23,0.40859494984425328,0.248238728623,1.9521964528655185,4.001681748107364,1.9521964528655185,0.16035622122125328,ELIGIBLE,R03b_20260811_FULL_v1,L1_ELIGIBILITY,v2026-08-11,2026-03-21..2026-08-06,baccarat_bet02_101_all_pairs_incl_sentinel,round_win = game_pnl > 0 (decisive only),COMPATIBILITY_ONLY_NOT_PRODUCTION,223493.2844,206079.2994,9911.0973,12208,5823,-0.04434629,-0.01893081,-0.05513017,-0.04434629,-9911.0973,223493.2844,OK,0.0000,396.4439,4.0000,96.0000,AG03-UNRESOLVED,ALL5_LEVELS_bet23_to_bet27,396.4439,396.4439,396.4439,594.6658,594.6658,4.000000,4.000000,4.000000,6.000000,6.000000,96.000000,96.000000,96.000000,94.000000,94.000000,5.0,2378.6634,2163.0699,7532.4340,7748.0274,PENDING_AG03,FALSE,NOT_FOR_ENFORCEMENT,9514.6534,197836.1275,9911.0973,9514.6534,396.4439,0.04434629,0.04257244,396.4439,9514.6534,0.04257244,396.4439,396.4439,396.4439,594.6658,594.6658,9514.6534,0.04257244,2378.6634,2163.0699,7532.4340,7748.0274,0.03370318,0.03466783,0.00177385,18.3071,35.3906,1.7021,111.3606,22.7319,2511.1605,65.4270,19.5018,17.8433,6.2314,10.3857,29.4087,42.1647,51.0976,84.0248,10.2195,-6.1317,4.919981,8.090411,1.762719,10,81,100,8,0.29790265,0.04434629,0.01893081,0E-8,0.000000,0.922083,0.000000,0.03619937,2026-03-22,2026-08-06,89,436,292,138,0.644928,1.092949,1.065259,0.993009,,,,,,,,GLOBAL_BASELINE_NO_ENTITY_RANKING,,,NOT_APPLICABLE_GLOBAL_BASELINE,HF9g-P5,,,,X 全窗基线 · 不参与实体赏罚,15058454,1506,A168_HF9F_20260827_0900,2026-08-27 09:00:00
2026-05-18,94349862,526,0,1278.6472009234,478.4476420553,478.4476420553,0.6428571,67,28,0.42483900332484465,0.307952889524,2.3338059377834512,3.838748920309,2.3338059377834512,0.11688611380084465,ELIGIBLE,R03b_20260811_FULL_v1,L1_ELIGIBILITY,v2026-08-11,2026-03-21..2026-08-06,baccarat_bet02_101_all_pairs_incl_sentinel,round_win = game_pnl > 0 (decisive only),COMPATIBILITY_ONLY_NOT_PRODUCTION,223493.2844,206079.2994,9911.0973,12208,5823,-0.04434629,-0.01893081,-0.05513017,-0.04434629,-9911.0973,223493.2844,OK,0.0000,396.4439,4.0000,96.0000,AG03-UNRESOLVED,ALL5_LEVELS_bet23_to_bet27,396.4439,396.4439,396.4439,594.6658,594.6658,4.000000,4.000000,4.000000,6.000000,6.000000,96.000000,96.000000,96.000000,94.000000,94.000000,5.0,2378.6634,2163.0699,7532.4340,7748.0274,PENDING_AG03,FALSE,NOT_FOR_ENFORCEMENT,9514.6534,197836.1275,9911.0973,9514.6534,396.4439,0.04434629,0.04257244,396.4439,9514.6534,0.04257244,396.4439,396.4439,396.4439,594.6658,594.6658,9514.6534,0.04257244,2378.6634,2163.0699,7532.4340,7748.0274,0.03370318,0.03466783,0.00177385,18.3071,35.3906,1.7021,111.3606,22.7319,2511.1605,65.4270,19.5018,17.8433,6.2314,10.3857,29.4087,42.1647,51.0976,84.0248,10.2195,-6.1317,4.919981,8.090411,1.762719,10,81,100,8,0.29790265,0.04434629,0.01893081,0E-8,0.000000,0.922083,0.000000,0.03619937,2026-03-22,2026-08-06,89,436,292,138,0.644928,1.092949,1.065259,0.993009,,,,,,,,GLOBAL_BASELINE_NO_ENTITY_RANKING,,,NOT_APPLICABLE_GLOBAL_BASELINE,HF9g-P5,,,,X 全窗基线 · 不参与实体赏罚,15058455,1506,A168_HF9F_20260827_0900,2026-08-27 09:00:00
2026-05-18,94349862,550,0,659.5945804008,-134.5446906834,-134.5446906834,0.4166667,36,12,0.39332087073427817,0.208783976389,0.1655565183680229,1.7717923909081263,0.1655565183680229,0.18453689434527817,ELIGIBLE,R03b_20260811_FULL_v1,L1_ELIGIBILITY,v2026-08-11,2026-03-21..2026-08-06,baccarat_bet02_101_all_pairs_incl_sentinel,round_win = game_pnl > 0 (decisive only),COMPATIBILITY_ONLY_NOT_PRODUCTION,223493.2844,206079.2994,9911.0973,12208,5823,-0.04434629,-0.01893081,-0.05513017,-0.04434629,-9911.0973,223493.2844,OK,0.0000,396.4439,4.0000,96.0000,AG03-UNRESOLVED,ALL5_LEVELS_bet23_to_bet27,396.4439,396.4439,396.4439,594.6658,594.6658,4.000000,4.000000,4.000000,6.000000,6.000000,96.000000,96.000000,96.000000,94.000000,94.000000,5.0,2378.6634,2163.0699,7532.4340,7748.0274,PENDING_AG03,FALSE,NOT_FOR_ENFORCEMENT,9514.6534,197836.1275,9911.0973,9514.6534,396.4439,0.04434629,0.04257244,396.4439,9514.6534,0.04257244,396.4439,396.4439,396.4439,594.6658,594.6658,9514.6534,0.04257244,2378.6634,2163.0699,7532.4340,7748.0274,0.03370318,0.03466783,0.00177385,18.3071,35.3906,1.7021,111.3606,22.7319,2511.1605,65.4270,19.5018,17.8433,6.2314,10.3857,29.4087,42.1647,51.0976,84.0248,10.2195,-6.1317,4.919981,8.090411,1.762719,10,81,100,8,0.29790265,0.04434629,0.01893081,0E-8,0.000000,0.922083,0.000000,0.03619937,2026-03-22,2026-08-06,89,436,292,138,0.644928,1.092949,1.065259,0.993009,,,,,,,,GLOBAL_BASELINE_NO_ENTITY_RANKING,,,NOT_APPLICABLE_GLOBAL_BASELINE,HF9g-P5,,,,X 全窗基线 · 不参与实体赏罚,15058456,1506,A168_HF9F_20260827_0900,2026-08-27 09:00:00
2026-05-18,94349862,595,0,348.7028673456,-103.4555193779,-103.4555193779,0.1666667,18,6,0.40638112817081305,0.209348911111,-1.195499075812425,-0.2569774906927194,-1.195499075812425,0.19703221705981305,ELIGIBLE,R03b_20260811_FULL_v1,L1_ELIGIBILITY,v2026-08-11,2026-03-21..2026-08-06,baccarat_bet02_101_all_pairs_incl_sentinel,round_win = game_pnl > 0 (decisive only),COMPATIBILITY_ONLY_NOT_PRODUCTION,223493.2844,206079.2994,9911.0973,12208,5823,-0.04434629,-0.01893081,-0.05513017,-0.04434629,-9911.0973,223493.2844,OK,0.0000,396.4439,4.0000,96.0000,AG03-UNRESOLVED,ALL5_LEVELS_bet23_to_bet27,396.4439,396.4439,396.4439,594.6658,594.6658,4.000000,4.000000,4.000000,6.000000,6.000000,96.000000,96.000000,96.000000,94.000000,94.000000,5.0,2378.6634,2163.0699,7532.4340,7748.0274,PENDING_AG03,FALSE,NOT_FOR_ENFORCEMENT,9514.6534,197836.1275,9911.0973,9514.6534,396.4439,0.04434629,0.04257244,396.4439,9514.6534,0.04257244,396.4439,396.4439,396.4439,594.6658,594.6658,9514.6534,0.04257244,2378.6634,2163.0699,7532.4340,7748.0274,0.03370318,0.03466783,0.00177385,18.3071,35.3906,1.7021,111.3606,22.7319,2511.1605,65.4270,19.5018,17.8433,6.2314,10.3857,29.4087,42.1647,51.0976,84.0248,10.2195,-6.1317,4.919981,8.090411,1.762719,10,81,100,8,0.29790265,0.04434629,0.01893081,0E-8,0.000000,0.922083,0.000000,0.03619937,2026-03-22,2026-08-06,89,436,292,138,0.644928,1.092949,1.065259,0.993009,,,,,,,,GLOBAL_BASELINE_NO_ENTITY_RANKING,,,NOT_APPLICABLE_GLOBAL_BASELINE,HF9g-P5,,,,X 全窗基线 · 不参与实体赏罚,15058457,1506,A168_HF9F_20260827_0900,2026-08-27 09:00:00
2026-05-20,94349862,583,0,10.7131603823,-10.7131603823,-10.7131603823,0E-7,2,2,0.50665070000000000,0.506650700000,-1.4331513700195317,-1.4331513700195317,-1.4331513700195317,0E-17,ELIGIBLE,R03b_20260811_FULL_v1,L1_ELIGIBILITY,v2026-08-11,2026-03-21..2026-08-06,baccarat_bet02_101_all_pairs_incl_sentinel,round_win = game_pnl > 0 (decisive only),COMPATIBILITY_ONLY_NOT_PRODUCTION,223493.2844,206079.2994,9911.0973,12208,5823,-0.04434629,-0.01893081,-0.05513017,-0.04434629,-9911.0973,223493.2844,OK,0.0000,396.4439,4.0000,96.0000,AG03-UNRESOLVED,ALL5_LEVELS_bet23_to_bet27,396.4439,396.4439,396.4439,594.6658,594.6658,4.000000,4.000000,4.000000,6.000000,6.000000,96.000000,96.000000,96.000000,94.000000,94.000000,5.0,2378.6634,2163.0699,7532.4340,7748.0274,PENDING_AG03,FALSE,NOT_FOR_ENFORCEMENT,9514.6534,197836.1275,9911.0973,9514.6534,396.4439,0.04434629,0.04257244,396.4439,9514.6534,0.04257244,396.4439,396.4439,396.4439,594.6658,594.6658,9514.6534,0.04257244,2378.6634,2163.0699,7532.4340,7748.0274,0.03370318,0.03466783,0.00177385,18.3071,35.3906,1.7021,111.3606,22.7319,2511.1605,65.4270,19.5018,17.8433,6.2314,10.3857,29.4087,42.1647,51.0976,84.0248,10.2195,-6.1317,4.919981,8.090411,1.762719,10,81,100,8,0.29790265,0.04434629,0.01893081,0E-8,0.000000,0.922083,0.000000,0.03619937,2026-03-22,2026-08-06,89,436,292,138,0.644928,1.092949,1.065259,0.993009,,,,,,,,GLOBAL_BASELINE_NO_ENTITY_RANKING,,,NOT_APPLICABLE_GLOBAL_BASELINE,HF9g-P5,,,,X 全窗基线 · 不参与实体赏罚,15058458,1506,A168_HF9F_20260827_0900,2026-08-27 09:00:00
2026-05-22,94349862,1382,0,910.1985085595,-168.0495746240,-168.0495746240,0.4117647,38,17,0.44015973135601689,0.308413920588,-0.23584653634796393,0.9226736838477545,-0.23584653634796393,0.13174581076801689,ELIGIBLE,R03b_20260811_FULL_v1,L1_ELIGIBILITY,v2026-08-11,2026-03-21..2026-08-06,baccarat_bet02_101_all_pairs_incl_sentinel,round_win = game_pnl > 0 (decisive only),COMPATIBILITY_ONLY_NOT_PRODUCTION,223493.2844,206079.2994,9911.0973,12208,5823,-0.04434629,-0.01893081,-0.05513017,-0.04434629,-9911.0973,223493.2844,OK,0.0000,396.4439,4.0000,96.0000,AG03-UNRESOLVED,ALL5_LEVELS_bet23_to_bet27,396.4439,396.4439,396.4439,594.6658,594.6658,4.000000,4.000000,4.000000,6.000000,6.000000,96.000000,96.000000,96.000000,94.000000,94.000000,5.0,2378.6634,2163.0699,7532.4340,7748.0274,PENDING_AG03,FALSE,NOT_FOR_ENFORCEMENT,9514.6534,197836.1275,9911.0973,9514.6534,396.4439,0.04434629,0.04257244,396.4439,9514.6534,0.04257244,396.4439,396.4439,396.4439,594.6658,594.6658,9514.6534,0.04257244,2378.6634,2163.0699,7532.4340,7748.0274,0.03370318,0.03466783,0.00177385,18.3071,35.3906,1.7021,111.3606,22.7319,2511.1605,65.4270,19.5018,17.8433,6.2314,10.3857,29.4087,42.1647,51.0976,84.0248,10.2195,-6.1317,4.919981,8.090411,1.762719,10,81,100,8,0.29790265,0.04434629,0.01893081,0E-8,0.000000,0.922083,0.000000,0.03619937,2026-03-22,2026-08-06,89,436,292,138,0.644928,1.092949,1.065259,0.993009,,,,,,,,GLOBAL_BASELINE_NO_ENTITY_RANKING,,,NOT_APPLICABLE_GLOBAL_BASELINE,HF9g-P5,,,,X 全窗基线 · 不参与实体赏罚,15058459,1506,A168_HF9F_20260827_0900,2026-08-27 09:00:00
2026-05-22,94349862,1485,0,680.6007772291,224.8713370446,224.8713370446,0.6250000,24,19,0.48840923728904733,0.453864340351,1.093019826356333,1.3749509526716985,1.093019826356333,0.03454489693804733,ELIGIBLE,R03b_20260811_FULL_v1,L1_ELIGIBILITY,v2026-08-11,2026-03-21..2026-08-06,baccarat_bet02_101_all_pairs_incl_sentinel,round_win = game_pnl > 0 (decisive only),COMPATIBILITY_ONLY_NOT_PRODUCTION,223493.2844,206079.2994,9911.0973,12208,5823,-0.04434629,-0.01893081,-0.05513017,-0.04434629,-9911.0973,223493.2844,OK,0.0000,396.4439,4.0000,96.0000,AG03-UNRESOLVED,ALL5_LEVELS_bet23_to_bet27,396.4439,396.4439,396.4439,594.6658,594.6658,4.000000,4.000000,4.000000,6.000000,6.000000,96.000000,96.000000,96.000000,94.000000,94.000000,5.0,2378.6634,2163.0699,7532.4340,7748.0274,PENDING_AG03,FALSE,NOT_FOR_ENFORCEMENT,9514.6534,197836.1275,9911.0973,9514.6534,396.4439,0.04434629,0.04257244,396.4439,9514.6534,0.04257244,396.4439,396.4439,396.4439,594.6658,594.6658,9514.6534,0.04257244,2378.6634,2163.0699,7532.4340,7748.0274,0.03370318,0.03466783,0.00177385,18.3071,35.3906,1.7021,111.3606,22.7319,2511.1605,65.4270,19.5018,17.8433,6.2314,10.3857,29.4087,42.1647,51.0976,84.0248,10.2195,-6.1317,4.919981,8.090411,1.762719,10,81,100,8,0.29790265,0.04434629,0.01893081,0E-8,0.000000,0.922083,0.000000,0.03619937,2026-03-22,2026-08-06,89,436,292,138,0.644928,1.092949,1.065259,0.993009,,,,,,,,GLOBAL_BASELINE_NO_ENTITY_RANKING,,,NOT_APPLICABLE_GLOBAL_BASELINE,HF9g-P5,,,,X 全窗基线 · 不参与实体赏罚,15058460,1506,A168_HF9F_20260827_0900,2026-08-27 09:00:00
2026-05-22,94349862,1623,0,10.7131603823,-10.7131603823,-10.7131603823,0E-7,2,2,0.50665070000000000,0.506650700000,-1.4331513700195317,-1.4331513700195317,-1.4331513700195317,0E-17,ELIGIBLE,R03b_20260811_FULL_v1,L1_ELIGIBILITY,v2026-08-11,2026-03-21..2026-08-06,baccarat_bet02_101_all_pairs_incl_sentinel,round_win = game_pnl > 0 (decisive only),COMPATIBILITY_ONLY_NOT_PRODUCTION,223493.2844,206079.2994,9911.0973,12208,5823,-0.04434629,-0.01893081,-0.05513017,-0.04434629,-9911.0973,223493.2844,OK,0.0000,396.4439,4.0000,96.0000,AG03-UNRESOLVED,ALL5_LEVELS_bet23_to_bet27,396.4439,396.4439,396.4439,594.6658,594.6658,4.000000,4.000000,4.000000,6.000000,6.000000,96.000000,96.000000,96.000000,94.000000,94.000000,5.0,2378.6634,2163.0699,7532.4340,7748.0274,PENDING_AG03,FALSE,NOT_FOR_ENFORCEMENT,9514.6534,197836.1275,9911.0973,9514.6534,396.4439,0.04434629,0.04257244,396.4439,9514.6534,0.04257244,396.4439,396.4439,396.4439,594.6658,594.6658,9514.6534,0.04257244,2378.6634,2163.0699,7532.4340,7748.0274,0.03370318,0.03466783,0.00177385,18.3071,35.3906,1.7021,111.3606,22.7319,2511.1605,65.4270,19.5018,17.8433,6.2314,10.3857,29.4087,42.1647,51.0976,84.0248,10.2195,-6.1317,4.919981,8.090411,1.762719,10,81,100,8,0.29790265,0.04434629,0.01893081,0E-8,0.000000,0.922083,0.000000,0.03619937,2026-03-22,2026-08-06,89,436,292,138,0.644928,1.092949,1.065259,0.993009,,,,,,,,GLOBAL_BASELINE_NO_ENTITY_RANKING,,,NOT_APPLICABLE_GLOBAL_BASELINE,HF9g-P5,,,,X 全窗基线 · 不参与实体赏罚,15058461,1506,A168_HF9F_20260827_0900,2026-08-27 09:00:00
2026-05-22,94349862,1645,0,445.3313727550,-54.8261737212,-54.8261737212,0.3750000,9,9,0.50516123333333333,0.505161233333,-0.7363423568065913,-0.7363423568047006,-0.7363423568065913,3.3333E-13,ELIGIBLE,R03b_20260811_FULL_v1,L1_ELIGIBILITY,v2026-08-11,2026-03-21..2026-08-06,baccarat_bet02_101_all_pairs_incl_sentinel,round_win = game_pnl > 0 (decisive only),COMPATIBILITY_ONLY_NOT_PRODUCTION,223493.2844,206079.2994,9911.0973,12208,5823,-0.04434629,-0.01893081,-0.05513017,-0.04434629,-9911.0973,223493.2844,OK,0.0000,396.4439,4.0000,96.0000,AG03-UNRESOLVED,ALL5_LEVELS_bet23_to_bet27,396.4439,396.4439,396.4439,594.6658,594.6658,4.000000,4.000000,4.000000,6.000000,6.000000,96.000000,96.000000,96.000000,94.000000,94.000000,5.0,2378.6634,2163.0699,7532.4340,7748.0274,PENDING_AG03,FALSE,NOT_FOR_ENFORCEMENT,9514.6534,197836.1275,9911.0973,9514.6534,396.4439,0.04434629,0.04257244,396.4439,9514.6534,0.04257244,396.4439,396.4439,396.4439,594.6658,594.6658,9514.6534,0.04257244,2378.6634,2163.0699,7532.4340,7748.0274,0.03370318,0.03466783,0.00177385,18.3071,35.3906,1.7021,111.3606,22.7319,2511.1605,65.4270,19.5018,17.8433,6.2314,10.3857,29.4087,42.1647,51.0976,84.0248,10.2195,-6.1317,4.919981,8.090411,1.762719,10,81,100,8,0.29790265,0.04434629,0.01893081,0E-8,0.000000,0.922083,0.000000,0.03619937,2026-03-22,2026-08-06,89,436,292,138,0.644928,1.092949,1.065259,0.993009,,,,,,,,GLOBAL_BASELINE_NO_ENTITY_RANKING,,,NOT_APPLICABLE_GLOBAL_BASELINE,HF9g-P5,,,,X 全窗基线 · 不参与实体赏罚,15058462,1506,A168_HF9F_20260827_0900,2026-08-27 09:00:00
2026-05-22,94349862,1942,0,634.3871442077,-283.6886881630,-283.6886881630,0.3076923,14,13,0.49362367820514664,0.482006003846,-1.3408792181750597,-1.25780871931292,-1.3408792181750597,0.01161767435914664,ELIGIBLE,R03b_20260811_FULL_v1,L1_ELIGIBILITY,v2026-08-11,2026-03-21..2026-08-06,baccarat_bet02_101_all_pairs_incl_sentinel,round_win = game_pnl > 0 (decisive only),COMPATIBILITY_ONLY_NOT_PRODUCTION,223493.2844,206079.2994,9911.0973,12208,5823,-0.04434629,-0.01893081,-0.05513017,-0.04434629,-9911.0973,223493.2844,OK,0.0000,396.4439,4.0000,96.0000,AG03-UNRESOLVED,ALL5_LEVELS_bet23_to_bet27,396.4439,396.4439,396.4439,594.6658,594.6658,4.000000,4.000000,4.000000,6.000000,6.000000,96.000000,96.000000,96.000000,94.000000,94.000000,5.0,2378.6634,2163.0699,7532.4340,7748.0274,PENDING_AG03,FALSE,NOT_FOR_ENFORCEMENT,9514.6534,197836.1275,9911.0973,9514.6534,396.4439,0.04434629,0.04257244,396.4439,9514.6534,0.04257244,396.4439,396.4439,396.4439,594.6658,594.6658,9514.6534,0.04257244,2378.6634,2163.0699,7532.4340,7748.0274,0.03370318,0.03466783,0.00177385,18.3071,35.3906,1.7021,111.3606,22.7319,2511.1605,65.4270,19.5018,17.8433,6.2314,10.3857,29.4087,42.1647,51.0976,84.0248,10.2195,-6.1317,4.919981,8.090411,1.762719,10,81,100,8,0.29790265,0.04434629,0.01893081,0E-8,0.000000,0.922083,0.000000,0.03619937,2026-03-22,2026-08-06,89,436,292,138,0.644928,1.092949,1.065259,0.993009,,,,,,,,GLOBAL_BASELINE_NO_ENTITY_RANKING,,,NOT_APPLICABLE_GLOBAL_BASELINE,HF9g-P5,,,,X 全窗基线 · 不参与实体赏罚,15058463,1506,A168_HF9F_20260827_0900,2026-08-27 09:00:00
2026-05-22,94349862,550,0,14.7043377796,9.9779434933,9.9779434933,1.0000000,2,2,0.50665070000000000,0.506650700000,0.9867858985152569,0.9867858985152569,0.9867858985152569,0E-17,ELIGIBLE,R03b_20260811_FULL_v1,L1_ELIGIBILITY,v2026-08-11,2026-03-21..2026-08-06,baccarat_bet02_101_all_pairs_incl_sentinel,round_win = game_pnl > 0 (decisive only),COMPATIBILITY_ONLY_NOT_PRODUCTION,223493.2844,206079.2994,9911.0973,12208,5823,-0.04434629,-0.01893081,-0.05513017,-0.04434629,-9911.0973,223493.2844,OK,0.0000,396.4439,4.0000,96.0000,AG03-UNRESOLVED,ALL5_LEVELS_bet23_to_bet27,396.4439,396.4439,396.4439,594.6658,594.6658,4.000000,4.000000,4.000000,6.000000,6.000000,96.000000,96.000000,96.000000,94.000000,94.000000,5.0,2378.6634,2163.0699,7532.4340,7748.0274,PENDING_AG03,FALSE,NOT_FOR_ENFORCEMENT,9514.6534,197836.1275,9911.0973,9514.6534,396.4439,0.04434629,0.04257244,396.4439,9514.6534,0.04257244,396.4439,396.4439,396.4439,594.6658,594.6658,9514.6534,0.04257244,2378.6634,2163.0699,7532.4340,7748.0274,0.03370318,0.03466783,0.00177385,18.3071,35.3906,1.7021,111.3606,22.7319,2511.1605,65.4270,19.5018,17.8433,6.2314,10.3857,29.4087,42.1647,51.0976,84.0248,10.2195,-6.1317,4.919981,8.090411,1.762719,10,81,100,8,0.29790265,0.04434629,0.01893081,0E-8,0.000000,0.922083,0.000000,0.03619937,2026-03-22,2026-08-06,89,436,292,138,0.644928,1.092949,1.065259,0.993009,,,,,,,,GLOBAL_BASELINE_NO_ENTITY_RANKING,,,NOT_APPLICABLE_GLOBAL_BASELINE,HF9g-P5,,,,X 全窗基线 · 不参与实体赏罚,15058464,1506,A168_HF9F_20260827_0900,2026-08-27 09:00:00
2026-05-22,94349862,595,0,302.4892343245,196.1978783743,196.1978783743,0.8333333,14,14,0.50665070000000000,0.506650700000,2.2635239239151344,2.2635239239151344,2.2635239239151344,0E-17,ELIGIBLE,R03b_20260811_FULL_v1,L1_ELIGIBILITY,v2026-08-11,2026-03-21..2026-08-06,baccarat_bet02_101_all_pairs_incl_sentinel,round_win = game_pnl > 0 (decisive only),COMPATIBILITY_ONLY_NOT_PRODUCTION,223493.2844,206079.2994,9911.0973,12208,5823,-0.04434629,-0.01893081,-0.05513017,-0.04434629,-9911.0973,223493.2844,OK,0.0000,396.4439,4.0000,96.0000,AG03-UNRESOLVED,ALL5_LEVELS_bet23_to_bet27,396.4439,396.4439,396.4439,594.6658,594.6658,4.000000,4.000000,4.000000,6.000000,6.000000,96.000000,96.000000,96.000000,94.000000,94.000000,5.0,2378.6634,2163.0699,7532.4340,7748.0274,PENDING_AG03,FALSE,NOT_FOR_ENFORCEMENT,9514.6534,197836.1275,9911.0973,9514.6534,396.4439,0.04434629,0.04257244,396.4439,9514.6534,0.04257244,396.4439,396.4439,396.4439,594.6658,594.6658,9514.6534,0.04257244,2378.6634,2163.0699,7532.4340,7748.0274,0.03370318,0.03466783,0.00177385,18.3071,35.3906,1.7021,111.3606,22.7319,2511.1605,65.4270,19.5018,17.8433,6.2314,10.3857,29.4087,42.1647,51.0976,84.0248,10.2195,-6.1317,4.919981,8.090411,1.762719,10,81,100,8,0.29790265,0.04434629,0.01893081,0E-8,0.000000,0.922083,0.000000,0.03619937,2026-03-22,2026-08-06,89,436,292,138,0.644928,1.092949,1.065259,0.993009,,,,,,,,GLOBAL_BASELINE_NO_ENTITY_RANKING,,,NOT_APPLICABLE_GLOBAL_BASELINE,HF9g-P5,,,,X 全窗基线 · 不参与实体赏罚,15058465,1506,A168_HF9F_20260827_0900,2026-08-27 09:00:00
2026-05-22,94349862,789,0,18.9055771453,-18.9055771453,-18.9055771453,0E-7,1,1,0.50665070000000000,0.506650700000,-1.013391052207602,-1.013391052207602,-1.013391052207602,0E-17,ELIGIBLE,R03b_20260811_FULL_v1,L1_ELIGIBILITY,v2026-08-11,2026-03-21..2026-08-06,baccarat_bet02_101_all_pairs_incl_sentinel,round_win = game_pnl > 0 (decisive only),COMPATIBILITY_ONLY_NOT_PRODUCTION,223493.2844,206079.2994,9911.0973,12208,5823,-0.04434629,-0.01893081,-0.05513017,-0.04434629,-9911.0973,223493.2844,OK,0.0000,396.4439,4.0000,96.0000,AG03-UNRESOLVED,ALL5_LEVELS_bet23_to_bet27,396.4439,396.4439,396.4439,594.6658,594.6658,4.000000,4.000000,4.000000,6.000000,6.000000,96.000000,96.000000,96.000000,94.000000,94.000000,5.0,2378.6634,2163.0699,7532.4340,7748.0274,PENDING_AG03,FALSE,NOT_FOR_ENFORCEMENT,9514.6534,197836.1275,9911.0973,9514.6534,396.4439,0.04434629,0.04257244,396.4439,9514.6534,0.04257244,396.4439,396.4439,396.4439,594.6658,594.6658,9514.6534,0.04257244,2378.6634,2163.0699,7532.4340,7748.0274,0.03370318,0.03466783,0.00177385,18.3071,35.3906,1.7021,111.3606,22.7319,2511.1605,65.4270,19.5018,17.8433,6.2314,10.3857,29.4087,42.1647,51.0976,84.0248,10.2195,-6.1317,4.919981,8.090411,1.762719,10,81,100,8,0.29790265,0.04434629,0.01893081,0E-8,0.000000,0.922083,0.000000,0.03619937,2026-03-22,2026-08-06,89,436,292,138,0.644928,1.092949,1.065259,0.993009,,,,,,,,GLOBAL_BASELINE_NO_ENTITY_RANKING,,,NOT_APPLICABLE_GLOBAL_BASELINE,HF9g-P5,,,,X 全窗基线 · 不参与实体赏罚,15058466,1506,A168_HF9F_20260827_0900,2026-08-27 09:00:00
2026-05-24,94349862,1151,0,361.9367713472,-70.0976788149,-70.0976788149,0.5000000,24,8,0.38936242181786563,0.203046125000,0.6417692043612323,2.0879497583559314,0.6417692043612323,0.18631629681786563,ELIGIBLE,R03b_20260811_FULL_v1,L1_ELIGIBILITY,v2026-08-11,2026-03-21..2026-08-06,baccarat_bet02_101_all_pairs_incl_sentinel,round_win = game_pnl > 0 (decisive only),COMPATIBILITY_ONLY_NOT_PRODUCTION,223493.2844,206079.2994,9911.0973,12208,5823,-0.04434629,-0.01893081,-0.05513017,-0.04434629,-9911.0973,223493.2844,OK,0.0000,396.4439,4.0000,96.0000,AG03-UNRESOLVED,ALL5_LEVELS_bet23_to_bet27,396.4439,396.4439,396.4439,594.6658,594.6658,4.000000,4.000000,4.000000,6.000000,6.000000,96.000000,96.000000,96.000000,94.000000,94.000000,5.0,2378.6634,2163.0699,7532.4340,7748.0274,PENDING_AG03,FALSE,NOT_FOR_ENFORCEMENT,9514.6534,197836.1275,9911.0973,9514.6534,396.4439,0.04434629,0.04257244,396.4439,9514.6534,0.04257244,396.4439,396.4439,396.4439,594.6658,594.6658,9514.6534,0.04257244,2378.6634,2163.0699,7532.4340,7748.0274,0.03370318,0.03466783,0.00177385,18.3071,35.3906,1.7021,111.3606,22.7319,2511.1605,65.4270,19.5018,17.8433,6.2314,10.3857,29.4087,42.1647,51.0976,84.0248,10.2195,-6.1317,4.919981,8.090411,1.762719,10,81,100,8,0.29790265,0.04434629,0.01893081,0E-8,0.000000,0.922083,0.000000,0.03619937,2026-03-22,2026-08-06,89,436,292,138,0.644928,1.092949,1.065259,0.993009,,,,,,,,GLOBAL_BASELINE_NO_ENTITY_RANKING,,,NOT_APPLICABLE_GLOBAL_BASELINE,HF9g-P5,,,,X 全窗基线 · 不参与实体赏罚,15058467,1506,A168_HF9F_20260827_0900,2026-08-27 09:00:00
2026-05-24,94349862,1299,0,643.2097468748,3.0458985406,3.0458985406,0.3846154,36,13,0.39626317663640558,0.236453665384,-0.08586172166887619,1.257236443217498,-0.08586172166887619,0.15980951125240558,ELIGIBLE,R03b_20260811_FULL_v1,L1_ELIGIBILITY,v2026-08-11,2026-03-21..2026-08-06,baccarat_bet02_101_all_pairs_incl_sentinel,round_win = game_pnl > 0 (decisive only),COMPATIBILITY_ONLY_NOT_PRODUCTION,223493.2844,206079.2994,9911.0973,12208,5823,-0.04434629,-0.01893081,-0.05513017,-0.04434629,-9911.0973,223493.2844,OK,0.0000,396.4439,4.0000,96.0000,AG03-UNRESOLVED,ALL5_LEVELS_bet23_to_bet27,396.4439,396.4439,396.4439,594.6658,594.6658,4.000000,4.000000,4.000000,6.000000,6.000000,96.000000,96.000000,96.000000,94.000000,94.000000,5.0,2378.6634,2163.0699,7532.4340,7748.0274,PENDING_AG03,FALSE,NOT_FOR_ENFORCEMENT,9514.6534,197836.1275,9911.0973,9514.6534,396.4439,0.04434629,0.04257244,396.4439,9514.6534,0.04257244,396.4439,396.4439,396.4439,594.6658,594.6658,9514.6534,0.04257244,2378.6634,2163.0699,7532.4340,7748.0274,0.03370318,0.03466783,0.00177385,18.3071,35.3906,1.7021,111.3606,22.7319,2511.1605,65.4270,19.5018,17.8433,6.2314,10.3857,29.4087,42.1647,51.0976,84.0248,10.2195,-6.1317,4.919981,8.090411,1.762719,10,81,100,8,0.29790265,0.04434629,0.01893081,0E-8,0.000000,0.922083,0.000000,0.03619937,2026-03-22,2026-08-06,89,436,292,138,0.644928,1.092949,1.065259,0.993009,,,,,,,,GLOBAL_BASELINE_NO_ENTITY_RANKING,,,NOT_APPLICABLE_GLOBAL_BASELINE,HF9g-P5,,,,X 全窗基线 · 不参与实体赏罚,15058468,1506,A168_HF9F_20260827_0900,2026-08-27 09:00:00
2026-05-24,94349862,1382,0,306.6904736894,279.3824178133,279.3824178133,0.6666667,18,6,0.40534414141332428,0.238202412500,1.3037900738888653,2.463754022774253,1.3037900738888653,0.16714172891332428,ELIGIBLE,R03b_20260811_FULL_v1,L1_ELIGIBILITY,v2026-08-11,2026-03-21..2026-08-06,baccarat_bet02_101_all_pairs_incl_sentinel,round_win = game_pnl > 0 (decisive only),COMPATIBILITY_ONLY_NOT_PRODUCTION,223493.2844,206079.2994,9911.0973,12208,5823,-0.04434629,-0.01893081,-0.05513017,-0.04434629,-9911.0973,223493.2844,OK,0.0000,396.4439,4.0000,96.0000,AG03-UNRESOLVED,ALL5_LEVELS_bet23_to_bet27,396.4439,396.4439,396.4439,594.6658,594.6658,4.000000,4.000000,4.000000,6.000000,6.000000,96.000000,96.000000,96.000000,94.000000,94.000000,5.0,2378.6634,2163.0699,7532.4340,7748.0274,PENDING_AG03,FALSE,NOT_FOR_ENFORCEMENT,9514.6534,197836.1275,9911.0973,9514.6534,396.4439,0.04434629,0.04257244,396.4439,9514.6534,0.04257244,396.4439,396.4439,396.4439,594.6658,594.6658,9514.6534,0.04257244,2378.6634,2163.0699,7532.4340,7748.0274,0.03370318,0.03466783,0.00177385,18.3071,35.3906,1.7021,111.3606,22.7319,2511.1605,65.4270,19.5018,17.8433,6.2314,10.3857,29.4087,42.1647,51.0976,84.0248,10.2195,-6.1317,4.919981,8.090411,1.762719,10,81,100,8,0.29790265,0.04434629,0.01893081,0E-8,0.000000,0.922083,0.000000,0.03619937,2026-03-22,2026-08-06,89,436,292,138,0.644928,1.092949,1.065259,0.993009,,,,,,,,GLOBAL_BASELINE_NO_ENTITY_RANKING,,,NOT_APPLICABLE_GLOBAL_BASELINE,HF9g-P5,,,,X 全窗基线 · 不参与实体赏罚,15058469,1506,A168_HF9F_20260827_0900,2026-08-27 09:00:00
2026-05-24,94349862,1383,0,1614.3262262363,262.5774603514,262.5774603514,0.5555556,47,18,0.43850172931903405,0.246324290741,1.0008338838087827,3.044905156775217,1.0008338838087827,0.19217743857803405,ELIGIBLE,R03b_20260811_FULL_v1,L1_ELIGIBILITY,v2026-08-11,2026-03-21..2026-08-06,baccarat_bet02_101_all_pairs_incl_sentinel,round_win = game_pnl > 0 (decisive only),COMPATIBILITY_ONLY_NOT_PRODUCTION,223493.2844,206079.2994,9911.0973,12208,5823,-0.04434629,-0.01893081,-0.05513017,-0.04434629,-9911.0973,223493.2844,OK,0.0000,396.4439,4.0000,96.0000,AG03-UNRESOLVED,ALL5_LEVELS_bet23_to_bet27,396.4439,396.4439,396.4439,594.6658,594.6658,4.000000,4.000000,4.000000,6.000000,6.000000,96.000000,96.000000,96.000000,94.000000,94.000000,5.0,2378.6634,2163.0699,7532.4340,7748.0274,PENDING_AG03,FALSE,NOT_FOR_ENFORCEMENT,9514.6534,197836.1275,9911.0973,9514.6534,396.4439,0.04434629,0.04257244,396.4439,9514.6534,0.04257244,396.4439,396.4439,396.4439,594.6658,594.6658,9514.6534,0.04257244,2378.6634,2163.0699,7532.4340,7748.0274,0.03370318,0.03466783,0.00177385,18.3071,35.3906,1.7021,111.3606,22.7319,2511.1605,65.4270,19.5018,17.8433,6.2314,10.3857,29.4087,42.1647,51.0976,84.0248,10.2195,-6.1317,4.919981,8.090411,1.762719,10,81,100,8,0.29790265,0.04434629,0.01893081,0E-8,0.000000,0.922083,0.000000,0.03619937,2026-03-22,2026-08-06,89,436,292,138,0.644928,1.092949,1.065259,0.993009,,,,,,,,GLOBAL_BASELINE_NO_ENTITY_RANKING,,,NOT_APPLICABLE_GLOBAL_BASELINE,HF9g-P5,,,,X 全窗基线 · 不参与实体赏罚,15058470,1506,A168_HF9F_20260827_0900,2026-08-27 09:00:00
2026-05-24,94349862,1623,0,18.4854532087,-18.4854532087,-18.4854532087,0E-7,1,1,0.49324550000000000,0.493245500000,-0.9865810262130424,-0.9865810262130424,-0.9865810262130424,0E-17,ELIGIBLE,R03b_20260811_FULL_v1,L1_ELIGIBILITY,v2026-08-11,2026-03-21..2026-08-06,baccarat_bet02_101_all_pairs_incl_sentinel,round_win = game_pnl > 0 (decisive only),COMPATIBILITY_ONLY_NOT_PRODUCTION,223493.2844,206079.2994,9911.0973,12208,5823,-0.04434629,-0.01893081,-0.05513017,-0.04434629,-9911.0973,223493.2844,OK,0.0000,396.4439,4.0000,96.0000,AG03-UNRESOLVED,ALL5_LEVELS_bet23_to_bet27,396.4439,396.4439,396.4439,594.6658,594.6658,4.000000,4.000000,4.000000,6.000000,6.000000,96.000000,96.000000,96.000000,94.000000,94.000000,5.0,2378.6634,2163.0699,7532.4340,7748.0274,PENDING_AG03,FALSE,NOT_FOR_ENFORCEMENT,9514.6534,197836.1275,9911.0973,9514.6534,396.4439,0.04434629,0.04257244,396.4439,9514.6534,0.04257244,396.4439,396.4439,396.4439,594.6658,594.6658,9514.6534,0.04257244,2378.6634,2163.0699,7532.4340,7748.0274,0.03370318,0.03466783,0.00177385,18.3071,35.3906,1.7021,111.3606,22.7319,2511.1605,65.4270,19.5018,17.8433,6.2314,10.3857,29.4087,42.1647,51.0976,84.0248,10.2195,-6.1317,4.919981,8.090411,1.762719,10,81,100,8,0.29790265,0.04434629,0.01893081,0E-8,0.000000,0.922083,0.000000,0.03619937,2026-03-22,2026-08-06,89,436,292,138,0.644928,1.092949,1.065259,0.993009,,,,,,,,GLOBAL_BASELINE_NO_ENTITY_RANKING,,,NOT_APPLICABLE_GLOBAL_BASELINE,HF9g-P5,,,,X 全窗基线 · 不参与实体赏罚,15058471,1506,A168_HF9F_20260827_0900,2026-08-27 09:00:00
2026-05-24,94349862,1702,0,69.3204495326,-69.3204495326,-69.3204495326,0E-7,6,2,0.38721224473716241,0.197889300000,-1.1241764929366915,-0.702439619656346,-1.1241764929366915,0.18932294473716241,ELIGIBLE,R03b_20260811_FULL_v1,L1_ELIGIBILITY,v2026-08-11,2026-03-21..2026-08-06,baccarat_bet02_101_all_pairs_incl_sentinel,round_win = game_pnl > 0 (decisive only),COMPATIBILITY_ONLY_NOT_PRODUCTION,223493.2844,206079.2994,9911.0973,12208,5823,-0.04434629,-0.01893081,-0.05513017,-0.04434629,-9911.0973,223493.2844,OK,0.0000,396.4439,4.0000,96.0000,AG03-UNRESOLVED,ALL5_LEVELS_bet23_to_bet27,396.4439,396.4439,396.4439,594.6658,594.6658,4.000000,4.000000,4.000000,6.000000,6.000000,96.000000,96.000000,96.000000,94.000000,94.000000,5.0,2378.6634,2163.0699,7532.4340,7748.0274,PENDING_AG03,FALSE,NOT_FOR_ENFORCEMENT,9514.6534,197836.1275,9911.0973,9514.6534,396.4439,0.04434629,0.04257244,396.4439,9514.6534,0.04257244,396.4439,396.4439,396.4439,594.6658,594.6658,9514.6534,0.04257244,2378.6634,2163.0699,7532.4340,7748.0274,0.03370318,0.03466783,0.00177385,18.3071,35.3906,1.7021,111.3606,22.7319,2511.1605,65.4270,19.5018,17.8433,6.2314,10.3857,29.4087,42.1647,51.0976,84.0248,10.2195,-6.1317,4.919981,8.090411,1.762719,10,81,100,8,0.29790265,0.04434629,0.01893081,0E-8,0.000000,0.922083,0.000000,0.03619937,2026-03-22,2026-08-06,89,436,292,138,0.644928,1.092949,1.065259,0.993009,,,,,,,,GLOBAL_BASELINE_NO_ENTITY_RANKING,,,NOT_APPLICABLE_GLOBAL_BASELINE,HF9g-P5,,,,X 全窗基线 · 不参与实体赏罚,15058472,1506,A168_HF9F_20260827_0900,2026-08-27 09:00:00
2026-05-24,94349862,1710,0,541.9598781639,-210.0619682804,-210.0619682804,0.3333333,17,6,0.42578960180915805,0.218467858333,-0.4580141912631142,0.68092290069207,-0.4580141912631142,0.20732174347615805,ELIGIBLE,R03b_20260811_FULL_v1,L1_ELIGIBILITY,v2026-08-11,2026-03-21..2026-08-06,baccarat_bet02_101_all_pairs_incl_sentinel,round_win = game_pnl > 0 (decisive only),COMPATIBILITY_ONLY_NOT_PRODUCTION,223493.2844,206079.2994,9911.0973,12208,5823,-0.04434629,-0.01893081,-0.05513017,-0.04434629,-9911.0973,223493.2844,OK,0.0000,396.4439,4.0000,96.0000,AG03-UNRESOLVED,ALL5_LEVELS_bet23_to_bet27,396.4439,396.4439,396.4439,594.6658,594.6658,4.000000,4.000000,4.000000,6.000000,6.000000,96.000000,96.000000,96.000000,94.000000,94.000000,5.0,2378.6634,2163.0699,7532.4340,7748.0274,PENDING_AG03,FALSE,NOT_FOR_ENFORCEMENT,9514.6534,197836.1275,9911.0973,9514.6534,396.4439,0.04434629,0.04257244,396.4439,9514.6534,0.04257244,396.4439,396.4439,396.4439,594.6658,594.6658,9514.6534,0.04257244,2378.6634,2163.0699,7532.4340,7748.0274,0.03370318,0.03466783,0.00177385,18.3071,35.3906,1.7021,111.3606,22.7319,2511.1605,65.4270,19.5018,17.8433,6.2314,10.3857,29.4087,42.1647,51.0976,84.0248,10.2195,-6.1317,4.919981,8.090411,1.762719,10,81,100,8,0.29790265,0.04434629,0.01893081,0E-8,0.000000,0.922083,0.000000,0.03619937,2026-03-22,2026-08-06,89,436,292,138,0.644928,1.092949,1.065259,0.993009,,,,,,,,GLOBAL_BASELINE_NO_ENTITY_RANKING,,,NOT_APPLICABLE_GLOBAL_BASELINE,HF9g-P5,,,,X 全窗基线 · 不参与实体赏罚,15058473,1506,A168_HF9F_20260827_0900,2026-08-27 09:00:00
2026-05-24,94349862,1947,0,928.4738997997,214.9984245360,214.9984245360,0.4736842,59,19,0.38440827715177709,0.228244461140,0.7999603261916137,2.549069626457433,0.7999603261916137,0.15616381601177709,ELIGIBLE,R03b_20260811_FULL_v1,L1_ELIGIBILITY,v2026-08-11,2026-03-21..2026-08-06,baccarat_bet02_101_all_pairs_incl_sentinel,round_win = game_pnl > 0 (decisive only),COMPATIBILITY_ONLY_NOT_PRODUCTION,223493.2844,206079.2994,9911.0973,12208,5823,-0.04434629,-0.01893081,-0.05513017,-0.04434629,-9911.0973,223493.2844,OK,0.0000,396.4439,4.0000,96.0000,AG03-UNRESOLVED,ALL5_LEVELS_bet23_to_bet27,396.4439,396.4439,396.4439,594.6658,594.6658,4.000000,4.000000,4.000000,6.000000,6.000000,96.000000,96.000000,96.000000,94.000000,94.000000,5.0,2378.6634,2163.0699,7532.4340,7748.0274,PENDING_AG03,FALSE,NOT_FOR_ENFORCEMENT,9514.6534,197836.1275,9911.0973,9514.6534,396.4439,0.04434629,0.04257244,396.4439,9514.6534,0.04257244,396.4439,396.4439,396.4439,594.6658,594.6658,9514.6534,0.04257244,2378.6634,2163.0699,7532.4340,7748.0274,0.03370318,0.03466783,0.00177385,18.3071,35.3906,1.7021,111.3606,22.7319,2511.1605,65.4270,19.5018,17.8433,6.2314,10.3857,29.4087,42.1647,51.0976,84.0248,10.2195,-6.1317,4.919981,8.090411,1.762719,10,81,100,8,0.29790265,0.04434629,0.01893081,0E-8,0.000000,0.922083,0.000000,0.03619937,2026-03-22,2026-08-06,89,436,292,138,0.644928,1.092949,1.065259,0.993009,,,,,,,,GLOBAL_BASELINE_NO_ENTITY_RANKING,,,NOT_APPLICABLE_GLOBAL_BASELINE,HF9g-P5,,,,X 全窗基线 · 不参与实体赏罚,15058474,1506,A168_HF9F_20260827_0900,2026-08-27 09:00:00
2026-05-24,94349862,2153,0,50.4148723873,-18.9055771452,-18.9055771452,0E-7,4,2,0.45496429473695482,0.352270000000,-1.2920852785894512,-1.0429315880617451,-1.2920852785894512,0.10269429473695482,ELIGIBLE,R03b_20260811_FULL_v1,L1_ELIGIBILITY,v2026-08-11,2026-03-21..2026-08-06,baccarat_bet02_101_all_pairs_incl_sentinel,round_win = game_pnl > 0 (decisive only),COMPATIBILITY_ONLY_NOT_PRODUCTION,223493.2844,206079.2994,9911.0973,12208,5823,-0.04434629,-0.01893081,-0.05513017,-0.04434629,-9911.0973,223493.2844,OK,0.0000,396.4439,4.0000,96.0000,AG03-UNRESOLVED,ALL5_LEVELS_bet23_to_bet27,396.4439,396.4439,396.4439,594.6658,594.6658,4.000000,4.000000,4.000000,6.000000,6.000000,96.000000,96.000000,96.000000,94.000000,94.000000,5.0,2378.6634,2163.0699,7532.4340,7748.0274,PENDING_AG03,FALSE,NOT_FOR_ENFORCEMENT,9514.6534,197836.1275,9911.0973,9514.6534,396.4439,0.04434629,0.04257244,396.4439,9514.6534,0.04257244,396.4439,396.4439,396.4439,594.6658,594.6658,9514.6534,0.04257244,2378.6634,2163.0699,7532.4340,7748.0274,0.03370318,0.03466783,0.00177385,18.3071,35.3906,1.7021,111.3606,22.7319,2511.1605,65.4270,19.5018,17.8433,6.2314,10.3857,29.4087,42.1647,51.0976,84.0248,10.2195,-6.1317,4.919981,8.090411,1.762719,10,81,100,8,0.29790265,0.04434629,0.01893081,0E-8,0.000000,0.922083,0.000000,0.03619937,2026-03-22,2026-08-06,89,436,292,138,0.644928,1.092949,1.065259,0.993009,,,,,,,,GLOBAL_BASELINE_NO_ENTITY_RANKING,,,NOT_APPLICABLE_GLOBAL_BASELINE,HF9g-P5,,,,X 全窗基线 · 不参与实体赏罚,15058475,1506,A168_HF9F_20260827_0900,2026-08-27 09:00:00
2026-05-24,94349862,2178,0,1289.7804852421,577.3553198203,577.3553198203,0.6521739,78,23,0.38545583431107407,0.194518557246,2.628164291761071,5.544905865561675,2.628164291761071,0.19093727706507407,ELIGIBLE,R03b_20260811_FULL_v1,L1_ELIGIBILITY,v2026-08-11,2026-03-21..2026-08-06,baccarat_bet02_101_all_pairs_incl_sentinel,round_win = game_pnl > 0 (decisive only),COMPATIBILITY_ONLY_NOT_PRODUCTION,223493.2844,206079.2994,9911.0973,12208,5823,-0.04434629,-0.01893081,-0.05513017,-0.04434629,-9911.0973,223493.2844,OK,0.0000,396.4439,4.0000,96.0000,AG03-UNRESOLVED,ALL5_LEVELS_bet23_to_bet27,396.4439,396.4439,396.4439,594.6658,594.6658,4.000000,4.000000,4.000000,6.000000,6.000000,96.000000,96.000000,96.000000,94.000000,94.000000,5.0,2378.6634,2163.0699,7532.4340,7748.0274,PENDING_AG03,FALSE,NOT_FOR_ENFORCEMENT,9514.6534,197836.1275,9911.0973,9514.6534,396.4439,0.04434629,0.04257244,396.4439,9514.6534,0.04257244,396.4439,396.4439,396.4439,594.6658,594.6658,9514.6534,0.04257244,2378.6634,2163.0699,7532.4340,7748.0274,0.03370318,0.03466783,0.00177385,18.3071,35.3906,1.7021,111.3606,22.7319,2511.1605,65.4270,19.5018,17.8433,6.2314,10.3857,29.4087,42.1647,51.0976,84.0248,10.2195,-6.1317,4.919981,8.090411,1.762719,10,81,100,8,0.29790265,0.04434629,0.01893081,0E-8,0.000000,0.922083,0.000000,0.03619937,2026-03-22,2026-08-06,89,436,292,138,0.644928,1.092949,1.065259,0.993009,,,,,,,,GLOBAL_BASELINE_NO_ENTITY_RANKING,,,NOT_APPLICABLE_GLOBAL_BASELINE,HF9g-P5,,,,X 全窗基线 · 不参与实体赏罚,15058476,1506,A168_HF9F_20260827_0900,2026-08-27 09:00:00
2026-05-24,94349862,2193,0,922.5921646881,-98.5820817136,-98.5820817136,0.5384615,52,27,0.46222775035796966,0.369204343333,0.7796630869756367,1.7883646046562942,0.7796630869756367,0.09302340702496966,ELIGIBLE,R03b_20260811_FULL_v1,L1_ELIGIBILITY,v2026-08-11,2026-03-21..2026-08-06,baccarat_bet02_101_all_pairs_incl_sentinel,round_win = game_pnl > 0 (decisive only),COMPATIBILITY_ONLY_NOT_PRODUCTION,223493.2844,206079.2994,9911.0973,12208,5823,-0.04434629,-0.01893081,-0.05513017,-0.04434629,-9911.0973,223493.2844,OK,0.0000,396.4439,4.0000,96.0000,AG03-UNRESOLVED,ALL5_LEVELS_bet23_to_bet27,396.4439,396.4439,396.4439,594.6658,594.6658,4.000000,4.000000,4.000000,6.000000,6.000000,96.000000,96.000000,96.000000,94.000000,94.000000,5.0,2378.6634,2163.0699,7532.4340,7748.0274,PENDING_AG03,FALSE,NOT_FOR_ENFORCEMENT,9514.6534,197836.1275,9911.0973,9514.6534,396.4439,0.04434629,0.04257244,396.4439,9514.6534,0.04257244,396.4439,396.4439,396.4439,594.6658,594.6658,9514.6534,0.04257244,2378.6634,2163.0699,7532.4340,7748.0274,0.03370318,0.03466783,0.00177385,18.3071,35.3906,1.7021,111.3606,22.7319,2511.1605,65.4270,19.5018,17.8433,6.2314,10.3857,29.4087,42.1647,51.0976,84.0248,10.2195,-6.1317,4.919981,8.090411,1.762719,10,81,100,8,0.29790265,0.04434629,0.01893081,0E-8,0.000000,0.922083,0.000000,0.03619937,2026-03-22,2026-08-06,89,436,292,138,0.644928,1.092949,1.065259,0.993009,,,,,,,,GLOBAL_BASELINE_NO_ENTITY_RANKING,,,NOT_APPLICABLE_GLOBAL_BASELINE,HF9g-P5,,,,X 全窗基线 · 不参与实体赏罚,15058477,1506,A168_HF9F_20260827_0900,2026-08-27 09:00:00
2026-05-24,94349862,2271,0,833.9460140737,-242.8316353320,-242.8316353320,0.4285714,43,14,0.35511633353553712,0.209665501190,0.5743279210558272,2.0121139912431945,0.5743279210558272,0.14545083234553712,ELIGIBLE,R03b_20260811_FULL_v1,L1_ELIGIBILITY,v2026-08-11,2026-03-21..2026-08-06,baccarat_bet02_101_all_pairs_incl_sentinel,round_win = game_pnl > 0 (decisive only),COMPATIBILITY_ONLY_NOT_PRODUCTION,223493.2844,206079.2994,9911.0973,12208,5823,-0.04434629,-0.01893081,-0.05513017,-0.04434629,-9911.0973,223493.2844,OK,0.0000,396.4439,4.0000,96.0000,AG03-UNRESOLVED,ALL5_LEVELS_bet23_to_bet27,396.4439,396.4439,396.4439,594.6658,594.6658,4.000000,4.000000,4.000000,6.000000,6.000000,96.000000,96.000000,96.000000,94.000000,94.000000,5.0,2378.6634,2163.0699,7532.4340,7748.0274,PENDING_AG03,FALSE,NOT_FOR_ENFORCEMENT,9514.6534,197836.1275,9911.0973,9514.6534,396.4439,0.04434629,0.04257244,396.4439,9514.6534,0.04257244,396.4439,396.4439,396.4439,594.6658,594.6658,9514.6534,0.04257244,2378.6634,2163.0699,7532.4340,7748.0274,0.03370318,0.03466783,0.00177385,18.3071,35.3906,1.7021,111.3606,22.7319,2511.1605,65.4270,19.5018,17.8433,6.2314,10.3857,29.4087,42.1647,51.0976,84.0248,10.2195,-6.1317,4.919981,8.090411,1.762719,10,81,100,8,0.29790265,0.04434629,0.01893081,0E-8,0.000000,0.922083,0.000000,0.03619937,2026-03-22,2026-08-06,89,436,292,138,0.644928,1.092949,1.065259,0.993009,,,,,,,,GLOBAL_BASELINE_NO_ENTITY_RANKING,,,NOT_APPLICABLE_GLOBAL_BASELINE,HF9g-P5,,,,X 全窗基线 · 不参与实体赏罚,15058478,1506,A168_HF9F_20260827_0900,2026-08-27 09:00:00
2026-05-24,94349862,462,0,1916.6053985917,-131.8138850952,-131.8138850952,0.4666667,78,32,0.43698579449459929,0.307711494740,0.32775094301373525,1.8863395488387154,0.32775094301373525,0.12927429975459929,ELIGIBLE,R03b_20260811_FULL_v1,L1_ELIGIBILITY,v2026-08-11,2026-03-21..2026-08-06,baccarat_bet02_101_all_pairs_incl_sentinel,round_win = game_pnl > 0 (decisive only),COMPATIBILITY_ONLY_NOT_PRODUCTION,223493.2844,206079.2994,9911.0973,12208,5823,-0.04434629,-0.01893081,-0.05513017,-0.04434629,-9911.0973,223493.2844,OK,0.0000,396.4439,4.0000,96.0000,AG03-UNRESOLVED,ALL5_LEVELS_bet23_to_bet27,396.4439,396.4439,396.4439,594.6658,594.6658,4.000000,4.000000,4.000000,6.000000,6.000000,96.000000,96.000000,96.000000,94.000000,94.000000,5.0,2378.6634,2163.0699,7532.4340,7748.0274,PENDING_AG03,FALSE,NOT_FOR_ENFORCEMENT,9514.6534,197836.1275,9911.0973,9514.6534,396.4439,0.04434629,0.04257244,396.4439,9514.6534,0.04257244,396.4439,396.4439,396.4439,594.6658,594.6658,9514.6534,0.04257244,2378.6634,2163.0699,7532.4340,7748.0274,0.03370318,0.03466783,0.00177385,18.3071,35.3906,1.7021,111.3606,22.7319,2511.1605,65.4270,19.5018,17.8433,6.2314,10.3857,29.4087,42.1647,51.0976,84.0248,10.2195,-6.1317,4.919981,8.090411,1.762719,10,81,100,8,0.29790265,0.04434629,0.01893081,0E-8,0.000000,0.922083,0.000000,0.03619937,2026-03-22,2026-08-06,89,436,292,138,0.644928,1.092949,1.065259,0.993009,,,,,,,,GLOBAL_BASELINE_NO_ENTITY_RANKING,,,NOT_APPLICABLE_GLOBAL_BASELINE,HF9g-P5,,,,X 全窗基线 · 不参与实体赏罚,15058479,1506,A168_HF9F_20260827_0900,2026-08-27 09:00:00
2026-05-24,94349862,595,0,102.9303644574,-39.9117739732,-39.9117739732,0.5000000,6,2,0.39560983807038234,0.204765066667,0.3019133619840209,1.0346824506661954,0.3019133619840209,0.19084477140338234,ELIGIBLE,R03b_20260811_FULL_v1,L1_ELIGIBILITY,v2026-08-11,2026-03-21..2026-08-06,baccarat_bet02_101_all_pairs_incl_sentinel,round_win = game_pnl > 0 (decisive only),COMPATIBILITY_ONLY_NOT_PRODUCTION,223493.2844,206079.2994,9911.0973,12208,5823,-0.04434629,-0.01893081,-0.05513017,-0.04434629,-9911.0973,223493.2844,OK,0.0000,396.4439,4.0000,96.0000,AG03-UNRESOLVED,ALL5_LEVELS_bet23_to_bet27,396.4439,396.4439,396.4439,594.6658,594.6658,4.000000,4.000000,4.000000,6.000000,6.000000,96.000000,96.000000,96.000000,94.000000,94.000000,5.0,2378.6634,2163.0699,7532.4340,7748.0274,PENDING_AG03,FALSE,NOT_FOR_ENFORCEMENT,9514.6534,197836.1275,9911.0973,9514.6534,396.4439,0.04434629,0.04257244,396.4439,9514.6534,0.04257244,396.4439,396.4439,396.4439,594.6658,594.6658,9514.6534,0.04257244,2378.6634,2163.0699,7532.4340,7748.0274,0.03370318,0.03466783,0.00177385,18.3071,35.3906,1.7021,111.3606,22.7319,2511.1605,65.4270,19.5018,17.8433,6.2314,10.3857,29.4087,42.1647,51.0976,84.0248,10.2195,-6.1317,4.919981,8.090411,1.762719,10,81,100,8,0.29790265,0.04434629,0.01893081,0E-8,0.000000,0.922083,0.000000,0.03619937,2026-03-22,2026-08-06,89,436,292,138,0.644928,1.092949,1.065259,0.993009,,,,,,,,GLOBAL_BASELINE_NO_ENTITY_RANKING,,,NOT_APPLICABLE_GLOBAL_BASELINE,HF9g-P5,,,,X 全窗基线 · 不参与实体赏罚,15058480,1506,A168_HF9F_20260827_0900,2026-08-27 09:00:00
2026-05-24,94349862,772,0,231.9084129817,-17.2670937924,-17.2670937924,0.6000000,14,5,0.41445406913355102,0.232232568333,0.8422048712488789,1.9475197186847366,0.8422048712488789,0.18222150080055102,ELIGIBLE,R03b_20260811_FULL_v1,L1_ELIGIBILITY,v2026-08-11,2026-03-21..2026-08-06,baccarat_bet02_101_all_pairs_incl_sentinel,round_win = game_pnl > 0 (decisive only),COMPATIBILITY_ONLY_NOT_PRODUCTION,223493.2844,206079.2994,9911.0973,12208,5823,-0.04434629,-0.01893081,-0.05513017,-0.04434629,-9911.0973,223493.2844,OK,0.0000,396.4439,4.0000,96.0000,AG03-UNRESOLVED,ALL5_LEVELS_bet23_to_bet27,396.4439,396.4439,396.4439,594.6658,594.6658,4.000000,4.000000,4.000000,6.000000,6.000000,96.000000,96.000000,96.000000,94.000000,94.000000,5.0,2378.6634,2163.0699,7532.4340,7748.0274,PENDING_AG03,FALSE,NOT_FOR_ENFORCEMENT,9514.6534,197836.1275,9911.0973,9514.6534,396.4439,0.04434629,0.04257244,396.4439,9514.6534,0.04257244,396.4439,396.4439,396.4439,594.6658,594.6658,9514.6534,0.04257244,2378.6634,2163.0699,7532.4340,7748.0274,0.03370318,0.03466783,0.00177385,18.3071,35.3906,1.7021,111.3606,22.7319,2511.1605,65.4270,19.5018,17.8433,6.2314,10.3857,29.4087,42.1647,51.0976,84.0248,10.2195,-6.1317,4.919981,8.090411,1.762719,10,81,100,8,0.29790265,0.04434629,0.01893081,0E-8,0.000000,0.922083,0.000000,0.03619937,2026-03-22,2026-08-06,89,436,292,138,0.644928,1.092949,1.065259,0.993009,,,,,,,,GLOBAL_BASELINE_NO_ENTITY_RANKING,,,NOT_APPLICABLE_GLOBAL_BASELINE,HF9g-P5,,,,X 全窗基线 · 不参与实体赏罚,15058481,1506,A168_HF9F_20260827_0900,2026-08-27 09:00:00
2026-05-25,94349862,1323,0,1058.7123201343,-141.7918285893,-141.7918285893,0.4000000,41,20,0.40966845899406448,0.289757742500,-0.08792411374074668,1.086781700541207,-0.08792411374074668,0.11991071649406448,ELIGIBLE,R03b_20260811_FULL_v1,L1_ELIGIBILITY,v2026-08-11,2026-03-21..2026-08-06,baccarat_bet02_101_all_pairs_incl_sentinel,round_win = game_pnl > 0 (decisive only),COMPATIBILITY_ONLY_NOT_PRODUCTION,223493.2844,206079.2994,9911.0973,12208,5823,-0.04434629,-0.01893081,-0.05513017,-0.04434629,-9911.0973,223493.2844,OK,0.0000,396.4439,4.0000,96.0000,AG03-UNRESOLVED,ALL5_LEVELS_bet23_to_bet27,396.4439,396.4439,396.4439,594.6658,594.6658,4.000000,4.000000,4.000000,6.000000,6.000000,96.000000,96.000000,96.000000,94.000000,94.000000,5.0,2378.6634,2163.0699,7532.4340,7748.0274,PENDING_AG03,FALSE,NOT_FOR_ENFORCEMENT,9514.6534,197836.1275,9911.0973,9514.6534,396.4439,0.04434629,0.04257244,396.4439,9514.6534,0.04257244,396.4439,396.4439,396.4439,594.6658,594.6658,9514.6534,0.04257244,2378.6634,2163.0699,7532.4340,7748.0274,0.03370318,0.03466783,0.00177385,18.3071,35.3906,1.7021,111.3606,22.7319,2511.1605,65.4270,19.5018,17.8433,6.2314,10.3857,29.4087,42.1647,51.0976,84.0248,10.2195,-6.1317,4.919981,8.090411,1.762719,10,81,100,8,0.29790265,0.04434629,0.01893081,0E-8,0.000000,0.922083,0.000000,0.03619937,2026-03-22,2026-08-06,89,436,292,138,0.644928,1.092949,1.065259,0.993009,,,,,,,,GLOBAL_BASELINE_NO_ENTITY_RANKING,,,NOT_APPLICABLE_GLOBAL_BASELINE,HF9g-P5,,,,X 全窗基线 · 不参与实体赏罚,15058482,1506,A168_HF9F_20260827_0900,2026-08-27 09:00:00
2026-05-25,94349862,1702,0,352.9041067111,-210.0619682803,-210.0619682803,0.2857143,19,7,0.39451774426974419,0.229769292857,-0.5889897538785279,0.3518469854952293,-0.5889897538785279,0.16474845141274419,ELIGIBLE,R03b_20260811_FULL_v1,L1_ELIGIBILITY,v2026-08-11,2026-03-21..2026-08-06,baccarat_bet02_101_all_pairs_incl_sentinel,round_win = game_pnl > 0 (decisive only),COMPATIBILITY_ONLY_NOT_PRODUCTION,223493.2844,206079.2994,9911.0973,12208,5823,-0.04434629,-0.01893081,-0.05513017,-0.04434629,-9911.0973,223493.2844,OK,0.0000,396.4439,4.0000,96.0000,AG03-UNRESOLVED,ALL5_LEVELS_bet23_to_bet27,396.4439,396.4439,396.4439,594.6658,594.6658,4.000000,4.000000,4.000000,6.000000,6.000000,96.000000,96.000000,96.000000,94.000000,94.000000,5.0,2378.6634,2163.0699,7532.4340,7748.0274,PENDING_AG03,FALSE,NOT_FOR_ENFORCEMENT,9514.6534,197836.1275,9911.0973,9514.6534,396.4439,0.04434629,0.04257244,396.4439,9514.6534,0.04257244,396.4439,396.4439,396.4439,594.6658,594.6658,9514.6534,0.04257244,2378.6634,2163.0699,7532.4340,7748.0274,0.03370318,0.03466783,0.00177385,18.3071,35.3906,1.7021,111.3606,22.7319,2511.1605,65.4270,19.5018,17.8433,6.2314,10.3857,29.4087,42.1647,51.0976,84.0248,10.2195,-6.1317,4.919981,8.090411,1.762719,10,81,100,8,0.29790265,0.04434629,0.01893081,0E-8,0.000000,0.922083,0.000000,0.03619937,2026-03-22,2026-08-06,89,436,292,138,0.644928,1.092949,1.065259,0.993009,,,,,,,,GLOBAL_BASELINE_NO_ENTITY_RANKING,,,NOT_APPLICABLE_GLOBAL_BASELINE,HF9g-P5,,,,X 全窗基线 · 不参与实体赏罚,15058483,1506,A168_HF9F_20260827_0900,2026-08-27 09:00:00
2026-05-25,94349862,1947,0,599.9369814092,85.4952210906,85.4952210906,0.5333333,30,15,0.42673598910189911,0.307671633333,0.834708891807289,1.893667359256842,0.834708891807289,0.11906435576889911,ELIGIBLE,R03b_20260811_FULL_v1,L1_ELIGIBILITY,v2026-08-11,2026-03-21..2026-08-06,baccarat_bet02_101_all_pairs_incl_sentinel,round_win = game_pnl > 0 (decisive only),COMPATIBILITY_ONLY_NOT_PRODUCTION,223493.2844,206079.2994,9911.0973,12208,5823,-0.04434629,-0.01893081,-0.05513017,-0.04434629,-9911.0973,223493.2844,OK,0.0000,396.4439,4.0000,96.0000,AG03-UNRESOLVED,ALL5_LEVELS_bet23_to_bet27,396.4439,396.4439,396.4439,594.6658,594.6658,4.000000,4.000000,4.000000,6.000000,6.000000,96.000000,96.000000,96.000000,94.000000,94.000000,5.0,2378.6634,2163.0699,7532.4340,7748.0274,PENDING_AG03,FALSE,NOT_FOR_ENFORCEMENT,9514.6534,197836.1275,9911.0973,9514.6534,396.4439,0.04434629,0.04257244,396.4439,9514.6534,0.04257244,396.4439,396.4439,396.4439,594.6658,594.6658,9514.6534,0.04257244,2378.6634,2163.0699,7532.4340,7748.0274,0.03370318,0.03466783,0.00177385,18.3071,35.3906,1.7021,111.3606,22.7319,2511.1605,65.4270,19.5018,17.8433,6.2314,10.3857,29.4087,42.1647,51.0976,84.0248,10.2195,-6.1317,4.919981,8.090411,1.762719,10,81,100,8,0.29790265,0.04434629,0.01893081,0E-8,0.000000,0.922083,0.000000,0.03619937,2026-03-22,2026-08-06,89,436,292,138,0.644928,1.092949,1.065259,0.993009,,,,,,,,GLOBAL_BASELINE_NO_ENTITY_RANKING,,,NOT_APPLICABLE_GLOBAL_BASELINE,HF9g-P5,,,,X 全窗基线 · 不参与实体赏罚,15058484,1506,A168_HF9F_20260827_0900,2026-08-27 09:00:00
2026-05-25,94349862,1985,0,6.3018590484,-6.3018590484,-6.3018590484,0E-7,1,1,0.49324550000000000,0.493245500000,-0.9865810262130424,-0.9865810262130424,-0.9865810262130424,0E-17,ELIGIBLE,R03b_20260811_FULL_v1,L1_ELIGIBILITY,v2026-08-11,2026-03-21..2026-08-06,baccarat_bet02_101_all_pairs_incl_sentinel,round_win = game_pnl > 0 (decisive only),COMPATIBILITY_ONLY_NOT_PRODUCTION,223493.2844,206079.2994,9911.0973,12208,5823,-0.04434629,-0.01893081,-0.05513017,-0.04434629,-9911.0973,223493.2844,OK,0.0000,396.4439,4.0000,96.0000,AG03-UNRESOLVED,ALL5_LEVELS_bet23_to_bet27,396.4439,396.4439,396.4439,594.6658,594.6658,4.000000,4.000000,4.000000,6.000000,6.000000,96.000000,96.000000,96.000000,94.000000,94.000000,5.0,2378.6634,2163.0699,7532.4340,7748.0274,PENDING_AG03,FALSE,NOT_FOR_ENFORCEMENT,9514.6534,197836.1275,9911.0973,9514.6534,396.4439,0.04434629,0.04257244,396.4439,9514.6534,0.04257244,396.4439,396.4439,396.4439,594.6658,594.6658,9514.6534,0.04257244,2378.6634,2163.0699,7532.4340,7748.0274,0.03370318,0.03466783,0.00177385,18.3071,35.3906,1.7021,111.3606,22.7319,2511.1605,65.4270,19.5018,17.8433,6.2314,10.3857,29.4087,42.1647,51.0976,84.0248,10.2195,-6.1317,4.919981,8.090411,1.762719,10,81,100,8,0.29790265,0.04434629,0.01893081,0E-8,0.000000,0.922083,0.000000,0.03619937,2026-03-22,2026-08-06,89,436,292,138,0.644928,1.092949,1.065259,0.993009,,,,,,,,GLOBAL_BASELINE_NO_ENTITY_RANKING,,,NOT_APPLICABLE_GLOBAL_BASELINE,HF9g-P5,,,,X 全窗基线 · 不参与实体赏罚,15058485,1506,A168_HF9F_20260827_0900,2026-08-27 09:00:00
2026-05-25,94349862,2147,0,337.9897069635,-114.0636487763,-114.0636487763,0.3000000,16,10,0.46777893876509392,0.387897716667,-1.0633373837318718,-0.5704360738888913,-1.0633373837318718,0.07988122209809392,ELIGIBLE,R03b_20260811_FULL_v1,L1_ELIGIBILITY,v2026-08-11,2026-03-21..2026-08-06,baccarat_bet02_101_all_pairs_incl_sentinel,round_win = game_pnl > 0 (decisive only),COMPATIBILITY_ONLY_NOT_PRODUCTION,223493.2844,206079.2994,9911.0973,12208,5823,-0.04434629,-0.01893081,-0.05513017,-0.04434629,-9911.0973,223493.2844,OK,0.0000,396.4439,4.0000,96.0000,AG03-UNRESOLVED,ALL5_LEVELS_bet23_to_bet27,396.4439,396.4439,396.4439,594.6658,594.6658,4.000000,4.000000,4.000000,6.000000,6.000000,96.000000,96.000000,96.000000,94.000000,94.000000,5.0,2378.6634,2163.0699,7532.4340,7748.0274,PENDING_AG03,FALSE,NOT_FOR_ENFORCEMENT,9514.6534,197836.1275,9911.0973,9514.6534,396.4439,0.04434629,0.04257244,396.4439,9514.6534,0.04257244,396.4439,396.4439,396.4439,594.6658,594.6658,9514.6534,0.04257244,2378.6634,2163.0699,7532.4340,7748.0274,0.03370318,0.03466783,0.00177385,18.3071,35.3906,1.7021,111.3606,22.7319,2511.1605,65.4270,19.5018,17.8433,6.2314,10.3857,29.4087,42.1647,51.0976,84.0248,10.2195,-6.1317,4.919981,8.090411,1.762719,10,81,100,8,0.29790265,0.04434629,0.01893081,0E-8,0.000000,0.922083,0.000000,0.03619937,2026-03-22,2026-08-06,89,436,292,138,0.644928,1.092949,1.065259,0.993009,,,,,,,,GLOBAL_BASELINE_NO_ENTITY_RANKING,,,NOT_APPLICABLE_GLOBAL_BASELINE,HF9g-P5,,,,X 全窗基线 · 不参与实体赏罚,15058486,1506,A168_HF9F_20260827_0900,2026-08-27 09:00:00
2026-05-25,94349862,462,0,69.7405734691,-69.7405734691,-69.7405734691,0E-7,4,2,0.37845958097588850,0.280106050000,-1.1035450366604516,-0.8821490699244685,-1.1035450366604516,0.09835353097588850,ELIGIBLE,R03b_20260811_FULL_v1,L1_ELIGIBILITY,v2026-08-11,2026-03-21..2026-08-06,baccarat_bet02_101_all_pairs_incl_sentinel,round_win = game_pnl > 0 (decisive only),COMPATIBILITY_ONLY_NOT_PRODUCTION,223493.2844,206079.2994,9911.0973,12208,5823,-0.04434629,-0.01893081,-0.05513017,-0.04434629,-9911.0973,223493.2844,OK,0.0000,396.4439,4.0000,96.0000,AG03-UNRESOLVED,ALL5_LEVELS_bet23_to_bet27,396.4439,396.4439,396.4439,594.6658,594.6658,4.000000,4.000000,4.000000,6.000000,6.000000,96.000000,96.000000,96.000000,94.000000,94.000000,5.0,2378.6634,2163.0699,7532.4340,7748.0274,PENDING_AG03,FALSE,NOT_FOR_ENFORCEMENT,9514.6534,197836.1275,9911.0973,9514.6534,396.4439,0.04434629,0.04257244,396.4439,9514.6534,0.04257244,396.4439,396.4439,396.4439,594.6658,594.6658,9514.6534,0.04257244,2378.6634,2163.0699,7532.4340,7748.0274,0.03370318,0.03466783,0.00177385,18.3071,35.3906,1.7021,111.3606,22.7319,2511.1605,65.4270,19.5018,17.8433,6.2314,10.3857,29.4087,42.1647,51.0976,84.0248,10.2195,-6.1317,4.919981,8.090411,1.762719,10,81,100,8,0.29790265,0.04434629,0.01893081,0E-8,0.000000,0.922083,0.000000,0.03619937,2026-03-22,2026-08-06,89,436,292,138,0.644928,1.092949,1.065259,0.993009,,,,,,,,GLOBAL_BASELINE_NO_ENTITY_RANKING,,,NOT_APPLICABLE_GLOBAL_BASELINE,HF9g-P5,,,,X 全窗基线 · 不参与实体赏罚,15058487,1506,A168_HF9F_20260827_0900,2026-08-27 09:00:00
2026-05-25,94349862,595,0,464.2369498999,-84.0247873119,-84.0247873119,0.4444444,18,9,0.41767446789875547,0.280106050000,0.16284235156974708,1.0979050631619829,0.16284235156974708,0.13756841789875547,ELIGIBLE,R03b_20260811_FULL_v1,L1_ELIGIBILITY,v2026-08-11,2026-03-21..2026-08-06,baccarat_bet02_101_all_pairs_incl_sentinel,round_win = game_pnl > 0 (decisive only),COMPATIBILITY_ONLY_NOT_PRODUCTION,223493.2844,206079.2994,9911.0973,12208,5823,-0.04434629,-0.01893081,-0.05513017,-0.04434629,-9911.0973,223493.2844,OK,0.0000,396.4439,4.0000,96.0000,AG03-UNRESOLVED,ALL5_LEVELS_bet23_to_bet27,396.4439,396.4439,396.4439,594.6658,594.6658,4.000000,4.000000,4.000000,6.000000,6.000000,96.000000,96.000000,96.000000,94.000000,94.000000,5.0,2378.6634,2163.0699,7532.4340,7748.0274,PENDING_AG03,FALSE,NOT_FOR_ENFORCEMENT,9514.6534,197836.1275,9911.0973,9514.6534,396.4439,0.04434629,0.04257244,396.4439,9514.6534,0.04257244,396.4439,396.4439,396.4439,594.6658,594.6658,9514.6534,0.04257244,2378.6634,2163.0699,7532.4340,7748.0274,0.03370318,0.03466783,0.00177385,18.3071,35.3906,1.7021,111.3606,22.7319,2511.1605,65.4270,19.5018,17.8433,6.2314,10.3857,29.4087,42.1647,51.0976,84.0248,10.2195,-6.1317,4.919981,8.090411,1.762719,10,81,100,8,0.29790265,0.04434629,0.01893081,0E-8,0.000000,0.922083,0.000000,0.03619937,2026-03-22,2026-08-06,89,436,292,138,0.644928,1.092949,1.065259,0.993009,,,,,,,,GLOBAL_BASELINE_NO_ENTITY_RANKING,,,NOT_APPLICABLE_GLOBAL_BASELINE,HF9g-P5,,,,X 全窗基线 · 不参与实体赏罚,15058488,1506,A168_HF9F_20260827_0900,2026-08-27 09:00:00
2026-05-26,94349862,-1,1,33.6099149249,-12.6037180968,-12.6037180968,0E-7,3,1,0.33495171250047097,0.197889300000,-0.7096831788003433,-0.4966998184331015,-0.7096831788003433,0.13706241250047097,SENTINEL_DEALER,R03b_20260811_FULL_v1,L1_ELIGIBILITY,v2026-08-11,2026-03-21..2026-08-06,baccarat_bet02_101_all_pairs_incl_sentinel,round_win = game_pnl > 0 (decisive only),COMPATIBILITY_ONLY_NOT_PRODUCTION,223493.2844,206079.2994,9911.0973,12208,5823,-0.04434629,-0.01893081,-0.05513017,-0.04434629,-9911.0973,223493.2844,OK,0.0000,396.4439,4.0000,96.0000,AG03-UNRESOLVED,ALL5_LEVELS_bet23_to_bet27,396.4439,396.4439,396.4439,594.6658,594.6658,4.000000,4.000000,4.000000,6.000000,6.000000,96.000000,96.000000,96.000000,94.000000,94.000000,5.0,2378.6634,2163.0699,7532.4340,7748.0274,PENDING_AG03,FALSE,NOT_FOR_ENFORCEMENT,9514.6534,197836.1275,9911.0973,9514.6534,396.4439,0.04434629,0.04257244,396.4439,9514.6534,0.04257244,396.4439,396.4439,396.4439,594.6658,594.6658,9514.6534,0.04257244,2378.6634,2163.0699,7532.4340,7748.0274,0.03370318,0.03466783,0.00177385,18.3071,35.3906,1.7021,111.3606,22.7319,2511.1605,65.4270,19.5018,17.8433,6.2314,10.3857,29.4087,42.1647,51.0976,84.0248,10.2195,-6.1317,4.919981,8.090411,1.762719,10,81,100,8,0.29790265,0.04434629,0.01893081,0E-8,0.000000,0.922083,0.000000,0.03619937,2026-03-22,2026-08-06,89,436,292,138,0.644928,1.092949,1.065259,0.993009,,,,,,,,GLOBAL_BASELINE_NO_ENTITY_RANKING,,,NOT_APPLICABLE_GLOBAL_BASELINE,HF9g-P5,,,,X 全窗基线 · 不参与实体赏罚,15058489,1506,A168_HF9F_20260827_0900,2026-08-27 09:00:00
2026-05-26,94349862,1094,0,232.5385988865,-39.9117739731,-39.9117739731,0.3333333,17,6,0.37967139854267128,0.224411395833,-0.23388301178412382,0.6395180695713072,-0.23388301178412382,0.15526000270967128,ELIGIBLE,R03b_20260811_FULL_v1,L1_ELIGIBILITY,v2026-08-11,2026-03-21..2026-08-06,baccarat_bet02_101_all_pairs_incl_sentinel,round_win = game_pnl > 0 (decisive only),COMPATIBILITY_ONLY_NOT_PRODUCTION,223493.2844,206079.2994,9911.0973,12208,5823,-0.04434629,-0.01893081,-0.05513017,-0.04434629,-9911.0973,223493.2844,OK,0.0000,396.4439,4.0000,96.0000,AG03-UNRESOLVED,ALL5_LEVELS_bet23_to_bet27,396.4439,396.4439,396.4439,594.6658,594.6658,4.000000,4.000000,4.000000,6.000000,6.000000,96.000000,96.000000,96.000000,94.000000,94.000000,5.0,2378.6634,2163.0699,7532.4340,7748.0274,PENDING_AG03,FALSE,NOT_FOR_ENFORCEMENT,9514.6534,197836.1275,9911.0973,9514.6534,396.4439,0.04434629,0.04257244,396.4439,9514.6534,0.04257244,396.4439,396.4439,396.4439,594.6658,594.6658,9514.6534,0.04257244,2378.6634,2163.0699,7532.4340,7748.0274,0.03370318,0.03466783,0.00177385,18.3071,35.3906,1.7021,111.3606,22.7319,2511.1605,65.4270,19.5018,17.8433,6.2314,10.3857,29.4087,42.1647,51.0976,84.0248,10.2195,-6.1317,4.919981,8.090411,1.762719,10,81,100,8,0.29790265,0.04434629,0.01893081,0E-8,0.000000,0.922083,0.000000,0.03619937,2026-03-22,2026-08-06,89,436,292,138,0.644928,1.092949,1.065259,0.993009,,,,,,,,GLOBAL_BASELINE_NO_ENTITY_RANKING,,,NOT_APPLICABLE_GLOBAL_BASELINE,HF9g-P5,,,,X 全窗基线 · 不参与实体赏罚,15058490,1506,A168_HF9F_20260827_0900,2026-08-27 09:00:00
2026-05-26,94349862,1323,0,1720.4075202168,308.3709694375,308.3709694375,0.5483871,99,31,0.37351991306241568,0.199299138710,2.012698148280606,4.8655042478596915,2.012698148280606,0.17422077435241568,ELIGIBLE,R03b_20260811_FULL_v1,L1_ELIGIBILITY,v2026-08-11,2026-03-21..2026-08-06,baccarat_bet02_101_all_pairs_incl_sentinel,round_win = game_pnl > 0 (decisive only),COMPATIBILITY_ONLY_NOT_PRODUCTION,223493.2844,206079.2994,9911.0973,12208,5823,-0.04434629,-0.01893081,-0.05513017,-0.04434629,-9911.0973,223493.2844,OK,0.0000,396.4439,4.0000,96.0000,AG03-UNRESOLVED,ALL5_LEVELS_bet23_to_bet27,396.4439,396.4439,396.4439,594.6658,594.6658,4.000000,4.000000,4.000000,6.000000,6.000000,96.000000,96.000000,96.000000,94.000000,94.000000,5.0,2378.6634,2163.0699,7532.4340,7748.0274,PENDING_AG03,FALSE,NOT_FOR_ENFORCEMENT,9514.6534,197836.1275,9911.0973,9514.6534,396.4439,0.04434629,0.04257244,396.4439,9514.6534,0.04257244,396.4439,396.4439,396.4439,594.6658,594.6658,9514.6534,0.04257244,2378.6634,2163.0699,7532.4340,7748.0274,0.03370318,0.03466783,0.00177385,18.3071,35.3906,1.7021,111.3606,22.7319,2511.1605,65.4270,19.5018,17.8433,6.2314,10.3857,29.4087,42.1647,51.0976,84.0248,10.2195,-6.1317,4.919981,8.090411,1.762719,10,81,100,8,0.29790265,0.04434629,0.01893081,0E-8,0.000000,0.922083,0.000000,0.03619937,2026-03-22,2026-08-06,89,436,292,138,0.644928,1.092949,1.065259,0.993009,,,,,,,,GLOBAL_BASELINE_NO_ENTITY_RANKING,,,NOT_APPLICABLE_GLOBAL_BASELINE,HF9g-P5,,,,X 全窗基线 · 不参与实体赏罚,15058491,1506,A168_HF9F_20260827_0900,2026-08-27 09:00:00
2026-05-26,94349862,1383,0,26.2577460350,-26.2577460350,-26.2577460350,0E-7,3,3,0.50665070000000000,0.506650700000,-1.7552447903592512,-1.7552447903592512,-1.7552447903592512,0E-17,ELIGIBLE,R03b_20260811_FULL_v1,L1_ELIGIBILITY,v2026-08-11,2026-03-21..2026-08-06,baccarat_bet02_101_all_pairs_incl_sentinel,round_win = game_pnl > 0 (decisive only),COMPATIBILITY_ONLY_NOT_PRODUCTION,223493.2844,206079.2994,9911.0973,12208,5823,-0.04434629,-0.01893081,-0.05513017,-0.04434629,-9911.0973,223493.2844,OK,0.0000,396.4439,4.0000,96.0000,AG03-UNRESOLVED,ALL5_LEVELS_bet23_to_bet27,396.4439,396.4439,396.4439,594.6658,594.6658,4.000000,4.000000,4.000000,6.000000,6.000000,96.000000,96.000000,96.000000,94.000000,94.000000,5.0,2378.6634,2163.0699,7532.4340,7748.0274,PENDING_AG03,FALSE,NOT_FOR_ENFORCEMENT,9514.6534,197836.1275,9911.0973,9514.6534,396.4439,0.04434629,0.04257244,396.4439,9514.6534,0.04257244,396.4439,396.4439,396.4439,594.6658,594.6658,9514.6534,0.04257244,2378.6634,2163.0699,7532.4340,7748.0274,0.03370318,0.03466783,0.00177385,18.3071,35.3906,1.7021,111.3606,22.7319,2511.1605,65.4270,19.5018,17.8433,6.2314,10.3857,29.4087,42.1647,51.0976,84.0248,10.2195,-6.1317,4.919981,8.090411,1.762719,10,81,100,8,0.29790265,0.04434629,0.01893081,0E-8,0.000000,0.922083,0.000000,0.03619937,2026-03-22,2026-08-06,89,436,292,138,0.644928,1.092949,1.065259,0.993009,,,,,,,,GLOBAL_BASELINE_NO_ENTITY_RANKING,,,NOT_APPLICABLE_GLOBAL_BASELINE,HF9g-P5,,,,X 全窗基线 · 不参与实体赏罚,15058492,1506,A168_HF9F_20260827_0900,2026-08-27 09:00:00
2026-05-26,94349862,1645,0,447.4319924375,181.7036025630,181.7036025630,0.7500000,24,8,0.40705649488835862,0.203046125000,1.974392866941292,3.845756217655319,1.974392866941292,0.20401036988835862,ELIGIBLE,R03b_20260811_FULL_v1,L1_ELIGIBILITY,v2026-08-11,2026-03-21..2026-08-06,baccarat_bet02_101_all_pairs_incl_sentinel,round_win = game_pnl > 0 (decisive only),COMPATIBILITY_ONLY_NOT_PRODUCTION,223493.2844,206079.2994,9911.0973,12208,5823,-0.04434629,-0.01893081,-0.05513017,-0.04434629,-9911.0973,223493.2844,OK,0.0000,396.4439,4.0000,96.0000,AG03-UNRESOLVED,ALL5_LEVELS_bet23_to_bet27,396.4439,396.4439,396.4439,594.6658,594.6658,4.000000,4.000000,4.000000,6.000000,6.000000,96.000000,96.000000,96.000000,94.000000,94.000000,5.0,2378.6634,2163.0699,7532.4340,7748.0274,PENDING_AG03,FALSE,NOT_FOR_ENFORCEMENT,9514.6534,197836.1275,9911.0973,9514.6534,396.4439,0.04434629,0.04257244,396.4439,9514.6534,0.04257244,396.4439,396.4439,396.4439,594.6658,594.6658,9514.6534,0.04257244,2378.6634,2163.0699,7532.4340,7748.0274,0.03370318,0.03466783,0.00177385,18.3071,35.3906,1.7021,111.3606,22.7319,2511.1605,65.4270,19.5018,17.8433,6.2314,10.3857,29.4087,42.1647,51.0976,84.0248,10.2195,-6.1317,4.919981,8.090411,1.762719,10,81,100,8,0.29790265,0.04434629,0.01893081,0E-8,0.000000,0.922083,0.000000,0.03619937,2026-03-22,2026-08-06,89,436,292,138,0.644928,1.092949,1.065259,0.993009,,,,,,,,GLOBAL_BASELINE_NO_ENTITY_RANKING,,,NOT_APPLICABLE_GLOBAL_BASELINE,HF9g-P5,,,,X 全窗基线 · 不参与实体赏罚,15058493,1506,A168_HF9F_20260827_0900,2026-08-27 09:00:00
2026-05-26,94349862,1702,0,37.8111542905,21.0061968281,21.0061968281,1.0000000,3,1,0.39827968888914005,0.197889300000,1.2291453884309156,2.0132884347625057,1.2291453884309156,0.20039038888914005,ELIGIBLE,R03b_20260811_FULL_v1,L1_ELIGIBILITY,v2026-08-11,2026-03-21..2026-08-06,baccarat_bet02_101_all_pairs_incl_sentinel,round_win = game_pnl > 0 (decisive only),COMPATIBILITY_ONLY_NOT_PRODUCTION,223493.2844,206079.2994,9911.0973,12208,5823,-0.04434629,-0.01893081,-0.05513017,-0.04434629,-9911.0973,223493.2844,OK,0.0000,396.4439,4.0000,96.0000,AG03-UNRESOLVED,ALL5_LEVELS_bet23_to_bet27,396.4439,396.4439,396.4439,594.6658,594.6658,4.000000,4.000000,4.000000,6.000000,6.000000,96.000000,96.000000,96.000000,94.000000,94.000000,5.0,2378.6634,2163.0699,7532.4340,7748.0274,PENDING_AG03,FALSE,NOT_FOR_ENFORCEMENT,9514.6534,197836.1275,9911.0973,9514.6534,396.4439,0.04434629,0.04257244,396.4439,9514.6534,0.04257244,396.4439,396.4439,396.4439,594.6658,594.6658,9514.6534,0.04257244,2378.6634,2163.0699,7532.4340,7748.0274,0.03370318,0.03466783,0.00177385,18.3071,35.3906,1.7021,111.3606,22.7319,2511.1605,65.4270,19.5018,17.8433,6.2314,10.3857,29.4087,42.1647,51.0976,84.0248,10.2195,-6.1317,4.919981,8.090411,1.762719,10,81,100,8,0.29790265,0.04434629,0.01893081,0E-8,0.000000,0.922083,0.000000,0.03619937,2026-03-22,2026-08-06,89,436,292,138,0.644928,1.092949,1.065259,0.993009,,,,,,,,GLOBAL_BASELINE_NO_ENTITY_RANKING,,,NOT_APPLICABLE_GLOBAL_BASELINE,HF9g-P5,,,,X 全窗基线 · 不参与实体赏罚,15058494,1506,A168_HF9F_20260827_0900,2026-08-27 09:00:00
2026-05-26,94349862,1947,0,1004.0962083809,376.4310471594,376.4310471594,0.6923077,52,27,0.45752655853270094,0.362896683025,2.4029928279171506,3.493239410987944,2.4029928279171506,0.09462987550770094,ELIGIBLE,R03b_20260811_FULL_v1,L1_ELIGIBILITY,v2026-08-11,2026-03-21..2026-08-06,baccarat_bet02_101_all_pairs_incl_sentinel,round_win = game_pnl > 0 (decisive only),COMPATIBILITY_ONLY_NOT_PRODUCTION,223493.2844,206079.2994,9911.0973,12208,5823,-0.04434629,-0.01893081,-0.05513017,-0.04434629,-9911.0973,223493.2844,OK,0.0000,396.4439,4.0000,96.0000,AG03-UNRESOLVED,ALL5_LEVELS_bet23_to_bet27,396.4439,396.4439,396.4439,594.6658,594.6658,4.000000,4.000000,4.000000,6.000000,6.000000,96.000000,96.000000,96.000000,94.000000,94.000000,5.0,2378.6634,2163.0699,7532.4340,7748.0274,PENDING_AG03,FALSE,NOT_FOR_ENFORCEMENT,9514.6534,197836.1275,9911.0973,9514.6534,396.4439,0.04434629,0.04257244,396.4439,9514.6534,0.04257244,396.4439,396.4439,396.4439,594.6658,594.6658,9514.6534,0.04257244,2378.6634,2163.0699,7532.4340,7748.0274,0.03370318,0.03466783,0.00177385,18.3071,35.3906,1.7021,111.3606,22.7319,2511.1605,65.4270,19.5018,17.8433,6.2314,10.3857,29.4087,42.1647,51.0976,84.0248,10.2195,-6.1317,4.919981,8.090411,1.762719,10,81,100,8,0.29790265,0.04434629,0.01893081,0E-8,0.000000,0.922083,0.000000,0.03619937,2026-03-22,2026-08-06,89,436,292,138,0.644928,1.092949,1.065259,0.993009,,,,,,,,GLOBAL_BASELINE_NO_ENTITY_RANKING,,,NOT_APPLICABLE_GLOBAL_BASELINE,HF9g-P5,,,,X 全窗基线 · 不参与实体赏罚,15058495,1506,A168_HF9F_20260827_0900,2026-08-27 09:00:00
2026-05-26,94349862,1951,0,536.7083289567,-154.7106396384,-154.7106396384,0.4615385,35,13,0.41430673159499471,0.249408162820,0.3457079904850116,1.7677348727841264,0.3457079904850116,0.16489856877499471,ELIGIBLE,R03b_20260811_FULL_v1,L1_ELIGIBILITY,v2026-08-11,2026-03-21..2026-08-06,baccarat_bet02_101_all_pairs_incl_sentinel,round_win = game_pnl > 0 (decisive only),COMPATIBILITY_ONLY_NOT_PRODUCTION,223493.2844,206079.2994,9911.0973,12208,5823,-0.04434629,-0.01893081,-0.05513017,-0.04434629,-9911.0973,223493.2844,OK,0.0000,396.4439,4.0000,96.0000,AG03-UNRESOLVED,ALL5_LEVELS_bet23_to_bet27,396.4439,396.4439,396.4439,594.6658,594.6658,4.000000,4.000000,4.000000,6.000000,6.000000,96.000000,96.000000,96.000000,94.000000,94.000000,5.0,2378.6634,2163.0699,7532.4340,7748.0274,PENDING_AG03,FALSE,NOT_FOR_ENFORCEMENT,9514.6534,197836.1275,9911.0973,9514.6534,396.4439,0.04434629,0.04257244,396.4439,9514.6534,0.04257244,396.4439,396.4439,396.4439,594.6658,594.6658,9514.6534,0.04257244,2378.6634,2163.0699,7532.4340,7748.0274,0.03370318,0.03466783,0.00177385,18.3071,35.3906,1.7021,111.3606,22.7319,2511.1605,65.4270,19.5018,17.8433,6.2314,10.3857,29.4087,42.1647,51.0976,84.0248,10.2195,-6.1317,4.919981,8.090411,1.762719,10,81,100,8,0.29790265,0.04434629,0.01893081,0E-8,0.000000,0.922083,0.000000,0.03619937,2026-03-22,2026-08-06,89,436,292,138,0.644928,1.092949,1.065259,0.993009,,,,,,,,GLOBAL_BASELINE_NO_ENTITY_RANKING,,,NOT_APPLICABLE_GLOBAL_BASELINE,HF9g-P5,,,,X 全窗基线 · 不参与实体赏罚,15058496,1506,A168_HF9F_20260827_0900,2026-08-27 09:00:00
2026-05-26,94349862,1985,0,165.9489549416,-72.4713790566,-72.4713790566,0.3333333,9,7,0.48507464835167383,0.456796842857,-0.7437090095770177,-0.6071158253659058,-0.7437090095770177,0.02827780549467383,ELIGIBLE,R03b_20260811_FULL_v1,L1_ELIGIBILITY,v2026-08-11,2026-03-21..2026-08-06,baccarat_bet02_101_all_pairs_incl_sentinel,round_win = game_pnl > 0 (decisive only),COMPATIBILITY_ONLY_NOT_PRODUCTION,223493.2844,206079.2994,9911.0973,12208,5823,-0.04434629,-0.01893081,-0.05513017,-0.04434629,-9911.0973,223493.2844,OK,0.0000,396.4439,4.0000,96.0000,AG03-UNRESOLVED,ALL5_LEVELS_bet23_to_bet27,396.4439,396.4439,396.4439,594.6658,594.6658,4.000000,4.000000,4.000000,6.000000,6.000000,96.000000,96.000000,96.000000,94.000000,94.000000,5.0,2378.6634,2163.0699,7532.4340,7748.0274,PENDING_AG03,FALSE,NOT_FOR_ENFORCEMENT,9514.6534,197836.1275,9911.0973,9514.6534,396.4439,0.04434629,0.04257244,396.4439,9514.6534,0.04257244,396.4439,396.4439,396.4439,594.6658,594.6658,9514.6534,0.04257244,2378.6634,2163.0699,7532.4340,7748.0274,0.03370318,0.03466783,0.00177385,18.3071,35.3906,1.7021,111.3606,22.7319,2511.1605,65.4270,19.5018,17.8433,6.2314,10.3857,29.4087,42.1647,51.0976,84.0248,10.2195,-6.1317,4.919981,8.090411,1.762719,10,81,100,8,0.29790265,0.04434629,0.01893081,0E-8,0.000000,0.922083,0.000000,0.03619937,2026-03-22,2026-08-06,89,436,292,138,0.644928,1.092949,1.065259,0.993009,,,,,,,,GLOBAL_BASELINE_NO_ENTITY_RANKING,,,NOT_APPLICABLE_GLOBAL_BASELINE,HF9g-P5,,,,X 全窗基线 · 不参与实体赏罚,15058497,1506,A168_HF9F_20260827_0900,2026-08-27 09:00:00
2026-05-26,94349862,2124,0,680.3907152603,-229.4086755588,-229.4086755588,0.4285714,41,15,0.40901923965952472,0.258756016667,0.14879929131089661,1.4508259056281292,0.14879929131089661,0.15026322299252472,ELIGIBLE,R03b_20260811_FULL_v1,L1_ELIGIBILITY,v2026-08-11,2026-03-21..2026-08-06,baccarat_bet02_101_all_pairs_incl_sentinel,round_win = game_pnl > 0 (decisive only),COMPATIBILITY_ONLY_NOT_PRODUCTION,223493.2844,206079.2994,9911.0973,12208,5823,-0.04434629,-0.01893081,-0.05513017,-0.04434629,-9911.0973,223493.2844,OK,0.0000,396.4439,4.0000,96.0000,AG03-UNRESOLVED,ALL5_LEVELS_bet23_to_bet27,396.4439,396.4439,396.4439,594.6658,594.6658,4.000000,4.000000,4.000000,6.000000,6.000000,96.000000,96.000000,96.000000,94.000000,94.000000,5.0,2378.6634,2163.0699,7532.4340,7748.0274,PENDING_AG03,FALSE,NOT_FOR_ENFORCEMENT,9514.6534,197836.1275,9911.0973,9514.6534,396.4439,0.04434629,0.04257244,396.4439,9514.6534,0.04257244,396.4439,396.4439,396.4439,594.6658,594.6658,9514.6534,0.04257244,2378.6634,2163.0699,7532.4340,7748.0274,0.03370318,0.03466783,0.00177385,18.3071,35.3906,1.7021,111.3606,22.7319,2511.1605,65.4270,19.5018,17.8433,6.2314,10.3857,29.4087,42.1647,51.0976,84.0248,10.2195,-6.1317,4.919981,8.090411,1.762719,10,81,100,8,0.29790265,0.04434629,0.01893081,0E-8,0.000000,0.922083,0.000000,0.03619937,2026-03-22,2026-08-06,89,436,292,138,0.644928,1.092949,1.065259,0.993009,,,,,,,,GLOBAL_BASELINE_NO_ENTITY_RANKING,,,NOT_APPLICABLE_GLOBAL_BASELINE,HF9g-P5,,,,X 全窗基线 · 不参与实体赏罚,15058498,1506,A168_HF9F_20260827_0900,2026-08-27 09:00:00
2026-05-26,94349862,2185,0,453.7338514860,-292.0911668941,-292.0911668941,0.2857143,24,7,0.35682624741539813,0.186654344048,-0.39273456574206655,0.6726520363207042,-0.39273456574206655,0.17017190336739813,ELIGIBLE,R03b_20260811_FULL_v1,L1_ELIGIBILITY,v2026-08-11,2026-03-21..2026-08-06,baccarat_bet02_101_all_pairs_incl_sentinel,round_win = game_pnl > 0 (decisive only),COMPATIBILITY_ONLY_NOT_PRODUCTION,223493.2844,206079.2994,9911.0973,12208,5823,-0.04434629,-0.01893081,-0.05513017,-0.04434629,-9911.0973,223493.2844,OK,0.0000,396.4439,4.0000,96.0000,AG03-UNRESOLVED,ALL5_LEVELS_bet23_to_bet27,396.4439,396.4439,396.4439,594.6658,594.6658,4.000000,4.000000,4.000000,6.000000,6.000000,96.000000,96.000000,96.000000,94.000000,94.000000,5.0,2378.6634,2163.0699,7532.4340,7748.0274,PENDING_AG03,FALSE,NOT_FOR_ENFORCEMENT,9514.6534,197836.1275,9911.0973,9514.6534,396.4439,0.04434629,0.04257244,396.4439,9514.6534,0.04257244,396.4439,396.4439,396.4439,594.6658,594.6658,9514.6534,0.04257244,2378.6634,2163.0699,7532.4340,7748.0274,0.03370318,0.03466783,0.00177385,18.3071,35.3906,1.7021,111.3606,22.7319,2511.1605,65.4270,19.5018,17.8433,6.2314,10.3857,29.4087,42.1647,51.0976,84.0248,10.2195,-6.1317,4.919981,8.090411,1.762719,10,81,100,8,0.29790265,0.04434629,0.01893081,0E-8,0.000000,0.922083,0.000000,0.03619937,2026-03-22,2026-08-06,89,436,292,138,0.644928,1.092949,1.065259,0.993009,,,,,,,,GLOBAL_BASELINE_NO_ENTITY_RANKING,,,NOT_APPLICABLE_GLOBAL_BASELINE,HF9g-P5,,,,X 全窗基线 · 不参与实体赏罚,15058499,1506,A168_HF9F_20260827_0900,2026-08-27 09:00:00
2026-05-26,94349862,2271,0,325.5960508351,135.4899695410,135.4899695410,0.7500000,15,15,0.50128862000000000,0.501288620000,1.7231287089852596,1.7231287089852596,1.7231287089852596,0E-17,ELIGIBLE,R03b_20260811_FULL_v1,L1_ELIGIBILITY,v2026-08-11,2026-03-21..2026-08-06,baccarat_bet02_101_all_pairs_incl_sentinel,round_win = game_pnl > 0 (decisive only),COMPATIBILITY_ONLY_NOT_PRODUCTION,223493.2844,206079.2994,9911.0973,12208,5823,-0.04434629,-0.01893081,-0.05513017,-0.04434629,-9911.0973,223493.2844,OK,0.0000,396.4439,4.0000,96.0000,AG03-UNRESOLVED,ALL5_LEVELS_bet23_to_bet27,396.4439,396.4439,396.4439,594.6658,594.6658,4.000000,4.000000,4.000000,6.000000,6.000000,96.000000,96.000000,96.000000,94.000000,94.000000,5.0,2378.6634,2163.0699,7532.4340,7748.0274,PENDING_AG03,FALSE,NOT_FOR_ENFORCEMENT,9514.6534,197836.1275,9911.0973,9514.6534,396.4439,0.04434629,0.04257244,396.4439,9514.6534,0.04257244,396.4439,396.4439,396.4439,594.6658,594.6658,9514.6534,0.04257244,2378.6634,2163.0699,7532.4340,7748.0274,0.03370318,0.03466783,0.00177385,18.3071,35.3906,1.7021,111.3606,22.7319,2511.1605,65.4270,19.5018,17.8433,6.2314,10.3857,29.4087,42.1647,51.0976,84.0248,10.2195,-6.1317,4.919981,8.090411,1.762719,10,81,100,8,0.29790265,0.04434629,0.01893081,0E-8,0.000000,0.922083,0.000000,0.03619937,2026-03-22,2026-08-06,89,436,292,138,0.644928,1.092949,1.065259,0.993009,,,,,,,,GLOBAL_BASELINE_NO_ENTITY_RANKING,,,NOT_APPLICABLE_GLOBAL_BASELINE,HF9g-P5,,,,X 全窗基线 · 不参与实体赏罚,15058500,1506,A168_HF9F_20260827_0900,2026-08-27 09:00:00
2026-05-26,94349862,789,0,917.9708013861,-227.6021426316,-227.6021426316,0.5000000,46,19,0.39457865639956565,0.300159435088,0.9151012339589429,1.8498833589901378,0.9151012339589429,0.09441922131156565,ELIGIBLE,R03b_20260811_FULL_v1,L1_ELIGIBILITY,v2026-08-11,2026-03-21..2026-08-06,baccarat_bet02_101_all_pairs_incl_sentinel,round_win = game_pnl > 0 (decisive only),COMPATIBILITY_ONLY_NOT_PRODUCTION,223493.2844,206079.2994,9911.0973,12208,5823,-0.04434629,-0.01893081,-0.05513017,-0.04434629,-9911.0973,223493.2844,OK,0.0000,396.4439,4.0000,96.0000,AG03-UNRESOLVED,ALL5_LEVELS_bet23_to_bet27,396.4439,396.4439,396.4439,594.6658,594.6658,4.000000,4.000000,4.000000,6.000000,6.000000,96.000000,96.000000,96.000000,94.000000,94.000000,5.0,2378.6634,2163.0699,7532.4340,7748.0274,PENDING_AG03,FALSE,NOT_FOR_ENFORCEMENT,9514.6534,197836.1275,9911.0973,9514.6534,396.4439,0.04434629,0.04257244,396.4439,9514.6534,0.04257244,396.4439,396.4439,396.4439,594.6658,594.6658,9514.6534,0.04257244,2378.6634,2163.0699,7532.4340,7748.0274,0.03370318,0.03466783,0.00177385,18.3071,35.3906,1.7021,111.3606,22.7319,2511.1605,65.4270,19.5018,17.8433,6.2314,10.3857,29.4087,42.1647,51.0976,84.0248,10.2195,-6.1317,4.919981,8.090411,1.762719,10,81,100,8,0.29790265,0.04434629,0.01893081,0E-8,0.000000,0.922083,0.000000,0.03619937,2026-03-22,2026-08-06,89,436,292,138,0.644928,1.092949,1.065259,0.993009,,,,,,,,GLOBAL_BASELINE_NO_ENTITY_RANKING,,,NOT_APPLICABLE_GLOBAL_BASELINE,HF9g-P5,,,,X 全窗基线 · 不参与实体赏罚,15058501,1506,A168_HF9F_20260827_0900,2026-08-27 09:00:00
2026-05-29,94349862,1323,0,401.2183594156,-90.8518012811,-90.8518012811,0.3750000,17,8,0.42187383210767332,0.288783750000,-0.26845583376461896,0.5380800761008651,-0.26845583376461896,0.13309008210767332,ELIGIBLE,R03b_20260811_FULL_v1,L1_ELIGIBILITY,v2026-08-11,2026-03-21..2026-08-06,baccarat_bet02_101_all_pairs_incl_sentinel,round_win = game_pnl > 0 (decisive only),COMPATIBILITY_ONLY_NOT_PRODUCTION,223493.2844,206079.2994,9911.0973,12208,5823,-0.04434629,-0.01893081,-0.05513017,-0.04434629,-9911.0973,223493.2844,OK,0.0000,396.4439,4.0000,96.0000,AG03-UNRESOLVED,ALL5_LEVELS_bet23_to_bet27,396.4439,396.4439,396.4439,594.6658,594.6658,4.000000,4.000000,4.000000,6.000000,6.000000,96.000000,96.000000,96.000000,94.000000,94.000000,5.0,2378.6634,2163.0699,7532.4340,7748.0274,PENDING_AG03,FALSE,NOT_FOR_ENFORCEMENT,9514.6534,197836.1275,9911.0973,9514.6534,396.4439,0.04434629,0.04257244,396.4439,9514.6534,0.04257244,396.4439,396.4439,396.4439,594.6658,594.6658,9514.6534,0.04257244,2378.6634,2163.0699,7532.4340,7748.0274,0.03370318,0.03466783,0.00177385,18.3071,35.3906,1.7021,111.3606,22.7319,2511.1605,65.4270,19.5018,17.8433,6.2314,10.3857,29.4087,42.1647,51.0976,84.0248,10.2195,-6.1317,4.919981,8.090411,1.762719,10,81,100,8,0.29790265,0.04434629,0.01893081,0E-8,0.000000,0.922083,0.000000,0.03619937,2026-03-22,2026-08-06,89,436,292,138,0.644928,1.092949,1.065259,0.993009,,,,,,,,GLOBAL_BASELINE_NO_ENTITY_RANKING,,,NOT_APPLICABLE_GLOBAL_BASELINE,HF9g-P5,,,,X 全窗基线 · 不参与实体赏罚,15058502,1506,A168_HF9F_20260827_0900,2026-08-27 09:00:00
2026-05-29,94349862,1645,0,603.5080348702,-54.7211427370,-54.7211427370,0.4166667,25,15,0.44245105039985281,0.362178525556,-0.17983460390505765,0.3927188056010931,-0.17983460390505765,0.08027252484385281,ELIGIBLE,R03b_20260811_FULL_v1,L1_ELIGIBILITY,v2026-08-11,2026-03-21..2026-08-06,baccarat_bet02_101_all_pairs_incl_sentinel,round_win = game_pnl > 0 (decisive only),COMPATIBILITY_ONLY_NOT_PRODUCTION,223493.2844,206079.2994,9911.0973,12208,5823,-0.04434629,-0.01893081,-0.05513017,-0.04434629,-9911.0973,223493.2844,OK,0.0000,396.4439,4.0000,96.0000,AG03-UNRESOLVED,ALL5_LEVELS_bet23_to_bet27,396.4439,396.4439,396.4439,594.6658,594.6658,4.000000,4.000000,4.000000,6.000000,6.000000,96.000000,96.000000,96.000000,94.000000,94.000000,5.0,2378.6634,2163.0699,7532.4340,7748.0274,PENDING_AG03,FALSE,NOT_FOR_ENFORCEMENT,9514.6534,197836.1275,9911.0973,9514.6534,396.4439,0.04434629,0.04257244,396.4439,9514.6534,0.04257244,396.4439,396.4439,396.4439,594.6658,594.6658,9514.6534,0.04257244,2378.6634,2163.0699,7532.4340,7748.0274,0.03370318,0.03466783,0.00177385,18.3071,35.3906,1.7021,111.3606,22.7319,2511.1605,65.4270,19.5018,17.8433,6.2314,10.3857,29.4087,42.1647,51.0976,84.0248,10.2195,-6.1317,4.919981,8.090411,1.762719,10,81,100,8,0.29790265,0.04434629,0.01893081,0E-8,0.000000,0.922083,0.000000,0.03619937,2026-03-22,2026-08-06,89,436,292,138,0.644928,1.092949,1.065259,0.993009,,,,,,,,GLOBAL_BASELINE_NO_ENTITY_RANKING,,,NOT_APPLICABLE_GLOBAL_BASELINE,HF9g-P5,,,,X 全窗基线 · 不参与实体赏罚,15058503,1506,A168_HF9F_20260827_0900,2026-08-27 09:00:00
2026-05-29,94349862,1646,0,277.2817981303,-14.0741518747,-14.0741518747,0.5000000,18,12,0.47122854773154207,0.416959233333,0.19966530711119862,0.5834259128211928,0.19966530711119862,0.05426931439854207,ELIGIBLE,R03b_20260811_FULL_v1,L1_ELIGIBILITY,v2026-08-11,2026-03-21..2026-08-06,baccarat_bet02_101_all_pairs_incl_sentinel,round_win = game_pnl > 0 (decisive only),COMPATIBILITY_ONLY_NOT_PRODUCTION,223493.2844,206079.2994,9911.0973,12208,5823,-0.04434629,-0.01893081,-0.05513017,-0.04434629,-9911.0973,223493.2844,OK,0.0000,396.4439,4.0000,96.0000,AG03-UNRESOLVED,ALL5_LEVELS_bet23_to_bet27,396.4439,396.4439,396.4439,594.6658,594.6658,4.000000,4.000000,4.000000,6.000000,6.000000,96.000000,96.000000,96.000000,94.000000,94.000000,5.0,2378.6634,2163.0699,7532.4340,7748.0274,PENDING_AG03,FALSE,NOT_FOR_ENFORCEMENT,9514.6534,197836.1275,9911.0973,9514.6534,396.4439,0.04434629,0.04257244,396.4439,9514.6534,0.04257244,396.4439,396.4439,396.4439,594.6658,594.6658,9514.6534,0.04257244,2378.6634,2163.0699,7532.4340,7748.0274,0.03370318,0.03466783,0.00177385,18.3071,35.3906,1.7021,111.3606,22.7319,2511.1605,65.4270,19.5018,17.8433,6.2314,10.3857,29.4087,42.1647,51.0976,84.0248,10.2195,-6.1317,4.919981,8.090411,1.762719,10,81,100,8,0.29790265,0.04434629,0.01893081,0E-8,0.000000,0.922083,0.000000,0.03619937,2026-03-22,2026-08-06,89,436,292,138,0.644928,1.092949,1.065259,0.993009,,,,,,,,GLOBAL_BASELINE_NO_ENTITY_RANKING,,,NOT_APPLICABLE_GLOBAL_BASELINE,HF9g-P5,,,,X 全窗基线 · 不参与实体赏罚,15058504,1506,A168_HF9F_20260827_0900,2026-08-27 09:00:00
2026-05-29,94349862,1704,0,1153.2402058598,-90.8518012803,-90.8518012803,0.4782609,61,23,0.36101009781093645,0.228497823551,1.170773693397614,2.852873327005657,1.170773693397614,0.13251227425993645,ELIGIBLE,R03b_20260811_FULL_v1,L1_ELIGIBILITY,v2026-08-11,2026-03-21..2026-08-06,baccarat_bet02_101_all_pairs_incl_sentinel,round_win = game_pnl > 0 (decisive only),COMPATIBILITY_ONLY_NOT_PRODUCTION,223493.2844,206079.2994,9911.0973,12208,5823,-0.04434629,-0.01893081,-0.05513017,-0.04434629,-9911.0973,223493.2844,OK,0.0000,396.4439,4.0000,96.0000,AG03-UNRESOLVED,ALL5_LEVELS_bet23_to_bet27,396.4439,396.4439,396.4439,594.6658,594.6658,4.000000,4.000000,4.000000,6.000000,6.000000,96.000000,96.000000,96.000000,94.000000,94.000000,5.0,2378.6634,2163.0699,7532.4340,7748.0274,PENDING_AG03,FALSE,NOT_FOR_ENFORCEMENT,9514.6534,197836.1275,9911.0973,9514.6534,396.4439,0.04434629,0.04257244,396.4439,9514.6534,0.04257244,396.4439,396.4439,396.4439,594.6658,594.6658,9514.6534,0.04257244,2378.6634,2163.0699,7532.4340,7748.0274,0.03370318,0.03466783,0.00177385,18.3071,35.3906,1.7021,111.3606,22.7319,2511.1605,65.4270,19.5018,17.8433,6.2314,10.3857,29.4087,42.1647,51.0976,84.0248,10.2195,-6.1317,4.919981,8.090411,1.762719,10,81,100,8,0.29790265,0.04434629,0.01893081,0E-8,0.000000,0.922083,0.000000,0.03619937,2026-03-22,2026-08-06,89,436,292,138,0.644928,1.092949,1.065259,0.993009,,,,,,,,GLOBAL_BASELINE_NO_ENTITY_RANKING,,,NOT_APPLICABLE_GLOBAL_BASELINE,HF9g-P5,,,,X 全窗基线 · 不参与实体赏罚,15058505,1506,A168_HF9F_20260827_0900,2026-08-27 09:00:00
2026-05-29,94349862,2108,0,168.0495746244,-72.6814410250,-72.6814410250,0.4000000,12,5,0.42954269182556512,0.273403890000,-0.13345053677342836,0.6351210168749,-0.13345053677342836,0.15613880182556512,ELIGIBLE,R03b_20260811_FULL_v1,L1_ELIGIBILITY,v2026-08-11,2026-03-21..2026-08-06,baccarat_bet02_101_all_pairs_incl_sentinel,round_win = game_pnl > 0 (decisive only),COMPATIBILITY_ONLY_NOT_PRODUCTION,223493.2844,206079.2994,9911.0973,12208,5823,-0.04434629,-0.01893081,-0.05513017,-0.04434629,-9911.0973,223493.2844,OK,0.0000,396.4439,4.0000,96.0000,AG03-UNRESOLVED,ALL5_LEVELS_bet23_to_bet27,396.4439,396.4439,396.4439,594.6658,594.6658,4.000000,4.000000,4.000000,6.000000,6.000000,96.000000,96.000000,96.000000,94.000000,94.000000,5.0,2378.6634,2163.0699,7532.4340,7748.0274,PENDING_AG03,FALSE,NOT_FOR_ENFORCEMENT,9514.6534,197836.1275,9911.0973,9514.6534,396.4439,0.04434629,0.04257244,396.4439,9514.6534,0.04257244,396.4439,396.4439,396.4439,594.6658,594.6658,9514.6534,0.04257244,2378.6634,2163.0699,7532.4340,7748.0274,0.03370318,0.03466783,0.00177385,18.3071,35.3906,1.7021,111.3606,22.7319,2511.1605,65.4270,19.5018,17.8433,6.2314,10.3857,29.4087,42.1647,51.0976,84.0248,10.2195,-6.1317,4.919981,8.090411,1.762719,10,81,100,8,0.29790265,0.04434629,0.01893081,0E-8,0.000000,0.922083,0.000000,0.03619937,2026-03-22,2026-08-06,89,436,292,138,0.644928,1.092949,1.065259,0.993009,,,,,,,,GLOBAL_BASELINE_NO_ENTITY_RANKING,,,NOT_APPLICABLE_GLOBAL_BASELINE,HF9g-P5,,,,X 全窗基线 · 不参与实体赏罚,15058506,1506,A168_HF9F_20260827_0900,2026-08-27 09:00:00
2026-05-29,94349862,2115,0,280.0126037179,-129.6397437242,-129.6397437242,0.4285714,17,7,0.41579521358875046,0.276587130952,0.06858496679784201,0.8989564253973046,0.06858496679784201,0.13920808263675046,ELIGIBLE,R03b_20260811_FULL_v1,L1_ELIGIBILITY,v2026-08-11,2026-03-21..2026-08-06,baccarat_bet02_101_all_pairs_incl_sentinel,round_win = game_pnl > 0 (decisive only),COMPATIBILITY_ONLY_NOT_PRODUCTION,223493.2844,206079.2994,9911.0973,12208,5823,-0.04434629,-0.01893081,-0.05513017,-0.04434629,-9911.0973,223493.2844,OK,0.0000,396.4439,4.0000,96.0000,AG03-UNRESOLVED,ALL5_LEVELS_bet23_to_bet27,396.4439,396.4439,396.4439,594.6658,594.6658,4.000000,4.000000,4.000000,6.000000,6.000000,96.000000,96.000000,96.000000,94.000000,94.000000,5.0,2378.6634,2163.0699,7532.4340,7748.0274,PENDING_AG03,FALSE,NOT_FOR_ENFORCEMENT,9514.6534,197836.1275,9911.0973,9514.6534,396.4439,0.04434629,0.04257244,396.4439,9514.6534,0.04257244,396.4439,396.4439,396.4439,594.6658,594.6658,9514.6534,0.04257244,2378.6634,2163.0699,7532.4340,7748.0274,0.03370318,0.03466783,0.00177385,18.3071,35.3906,1.7021,111.3606,22.7319,2511.1605,65.4270,19.5018,17.8433,6.2314,10.3857,29.4087,42.1647,51.0976,84.0248,10.2195,-6.1317,4.919981,8.090411,1.762719,10,81,100,8,0.29790265,0.04434629,0.01893081,0E-8,0.000000,0.922083,0.000000,0.03619937,2026-03-22,2026-08-06,89,436,292,138,0.644928,1.092949,1.065259,0.993009,,,,,,,,GLOBAL_BASELINE_NO_ENTITY_RANKING,,,NOT_APPLICABLE_GLOBAL_BASELINE,HF9g-P5,,,,X 全窗基线 · 不参与实体赏罚,15058507,1506,A168_HF9F_20260827_0900,2026-08-27 09:00:00
2026-05-29,94349862,2121,0,73.5216888982,-3.8861464132,-3.8861464132,0.5000000,4,2,0.42569485000020995,0.287317200000,0.21252663188306475,0.6646888835166498,0.21252663188306475,0.13837765000020995,ELIGIBLE,R03b_20260811_FULL_v1,L1_ELIGIBILITY,v2026-08-11,2026-03-21..2026-08-06,baccarat_bet02_101_all_pairs_incl_sentinel,round_win = game_pnl > 0 (decisive only),COMPATIBILITY_ONLY_NOT_PRODUCTION,223493.2844,206079.2994,9911.0973,12208,5823,-0.04434629,-0.01893081,-0.05513017,-0.04434629,-9911.0973,223493.2844,OK,0.0000,396.4439,4.0000,96.0000,AG03-UNRESOLVED,ALL5_LEVELS_bet23_to_bet27,396.4439,396.4439,396.4439,594.6658,594.6658,4.000000,4.000000,4.000000,6.000000,6.000000,96.000000,96.000000,96.000000,94.000000,94.000000,5.0,2378.6634,2163.0699,7532.4340,7748.0274,PENDING_AG03,FALSE,NOT_FOR_ENFORCEMENT,9514.6534,197836.1275,9911.0973,9514.6534,396.4439,0.04434629,0.04257244,396.4439,9514.6534,0.04257244,396.4439,396.4439,396.4439,594.6658,594.6658,9514.6534,0.04257244,2378.6634,2163.0699,7532.4340,7748.0274,0.03370318,0.03466783,0.00177385,18.3071,35.3906,1.7021,111.3606,22.7319,2511.1605,65.4270,19.5018,17.8433,6.2314,10.3857,29.4087,42.1647,51.0976,84.0248,10.2195,-6.1317,4.919981,8.090411,1.762719,10,81,100,8,0.29790265,0.04434629,0.01893081,0E-8,0.000000,0.922083,0.000000,0.03619937,2026-03-22,2026-08-06,89,436,292,138,0.644928,1.092949,1.065259,0.993009,,,,,,,,GLOBAL_BASELINE_NO_ENTITY_RANKING,,,NOT_APPLICABLE_GLOBAL_BASELINE,HF9g-P5,,,,X 全窗基线 · 不参与实体赏罚,15058508,1506,A168_HF9F_20260827_0900,2026-08-27 09:00:00
2026-05-29,94349862,2271,0,42.2224556244,-18.2753912404,-18.2753912404,0.3333333,4,3,0.47364033274861843,0.429104233333,-0.48671454364287403,-0.33514626606720027,-0.48671454364287403,0.04453609941561843,ELIGIBLE,R03b_20260811_FULL_v1,L1_ELIGIBILITY,v2026-08-11,2026-03-21..2026-08-06,baccarat_bet02_101_all_pairs_incl_sentinel,round_win = game_pnl > 0 (decisive only),COMPATIBILITY_ONLY_NOT_PRODUCTION,223493.2844,206079.2994,9911.0973,12208,5823,-0.04434629,-0.01893081,-0.05513017,-0.04434629,-9911.0973,223493.2844,OK,0.0000,396.4439,4.0000,96.0000,AG03-UNRESOLVED,ALL5_LEVELS_bet23_to_bet27,396.4439,396.4439,396.4439,594.6658,594.6658,4.000000,4.000000,4.000000,6.000000,6.000000,96.000000,96.000000,96.000000,94.000000,94.000000,5.0,2378.6634,2163.0699,7532.4340,7748.0274,PENDING_AG03,FALSE,NOT_FOR_ENFORCEMENT,9514.6534,197836.1275,9911.0973,9514.6534,396.4439,0.04434629,0.04257244,396.4439,9514.6534,0.04257244,396.4439,396.4439,396.4439,594.6658,594.6658,9514.6534,0.04257244,2378.6634,2163.0699,7532.4340,7748.0274,0.03370318,0.03466783,0.00177385,18.3071,35.3906,1.7021,111.3606,22.7319,2511.1605,65.4270,19.5018,17.8433,6.2314,10.3857,29.4087,42.1647,51.0976,84.0248,10.2195,-6.1317,4.919981,8.090411,1.762719,10,81,100,8,0.29790265,0.04434629,0.01893081,0E-8,0.000000,0.922083,0.000000,0.03619937,2026-03-22,2026-08-06,89,436,292,138,0.644928,1.092949,1.065259,0.993009,,,,,,,,GLOBAL_BASELINE_NO_ENTITY_RANKING,,,NOT_APPLICABLE_GLOBAL_BASELINE,HF9g-P5,,,,X 全窗基线 · 不参与实体赏罚,15058509,1506,A168_HF9F_20260827_0900,2026-08-27 09:00:00
2026-05-29,94349862,462,0,144.9427581137,-38.1262472430,-38.1262472430,0.4000000,6,6,0.50441650000000000,0.504416500000,-0.466983001748531,-0.466983001748531,-0.466983001748531,0E-17,ELIGIBLE,R03b_20260811_FULL_v1,L1_ELIGIBILITY,v2026-08-11,2026-03-21..2026-08-06,baccarat_bet02_101_all_pairs_incl_sentinel,round_win = game_pnl > 0 (decisive only),COMPATIBILITY_ONLY_NOT_PRODUCTION,223493.2844,206079.2994,9911.0973,12208,5823,-0.04434629,-0.01893081,-0.05513017,-0.04434629,-9911.0973,223493.2844,OK,0.0000,396.4439,4.0000,96.0000,AG03-UNRESOLVED,ALL5_LEVELS_bet23_to_bet27,396.4439,396.4439,396.4439,594.6658,594.6658,4.000000,4.000000,4.000000,6.000000,6.000000,96.000000,96.000000,96.000000,94.000000,94.000000,5.0,2378.6634,2163.0699,7532.4340,7748.0274,PENDING_AG03,FALSE,NOT_FOR_ENFORCEMENT,9514.6534,197836.1275,9911.0973,9514.6534,396.4439,0.04434629,0.04257244,396.4439,9514.6534,0.04257244,396.4439,396.4439,396.4439,594.6658,594.6658,9514.6534,0.04257244,2378.6634,2163.0699,7532.4340,7748.0274,0.03370318,0.03466783,0.00177385,18.3071,35.3906,1.7021,111.3606,22.7319,2511.1605,65.4270,19.5018,17.8433,6.2314,10.3857,29.4087,42.1647,51.0976,84.0248,10.2195,-6.1317,4.919981,8.090411,1.762719,10,81,100,8,0.29790265,0.04434629,0.01893081,0E-8,0.000000,0.922083,0.000000,0.03619937,2026-03-22,2026-08-06,89,436,292,138,0.644928,1.092949,1.065259,0.993009,,,,,,,,GLOBAL_BASELINE_NO_ENTITY_RANKING,,,NOT_APPLICABLE_GLOBAL_BASELINE,HF9g-P5,,,,X 全窗基线 · 不参与实体赏罚,15058510,1506,A168_HF9F_20260827_0900,2026-08-27 09:00:00
2026-05-29,94349862,789,0,445.3313727545,-74.5719987392,-74.5719987392,0.5555556,26,9,0.37051630591852502,0.215839179629,1.1494476805031482,2.477251080726558,1.1494476805031482,0.15467712628952502,ELIGIBLE,R03b_20260811_FULL_v1,L1_ELIGIBILITY,v2026-08-11,2026-03-21..2026-08-06,baccarat_bet02_101_all_pairs_incl_sentinel,round_win = game_pnl > 0 (decisive only),COMPATIBILITY_ONLY_NOT_PRODUCTION,223493.2844,206079.2994,9911.0973,12208,5823,-0.04434629,-0.01893081,-0.05513017,-0.04434629,-9911.0973,223493.2844,OK,0.0000,396.4439,4.0000,96.0000,AG03-UNRESOLVED,ALL5_LEVELS_bet23_to_bet27,396.4439,396.4439,396.4439,594.6658,594.6658,4.000000,4.000000,4.000000,6.000000,6.000000,96.000000,96.000000,96.000000,94.000000,94.000000,5.0,2378.6634,2163.0699,7532.4340,7748.0274,PENDING_AG03,FALSE,NOT_FOR_ENFORCEMENT,9514.6534,197836.1275,9911.0973,9514.6534,396.4439,0.04434629,0.04257244,396.4439,9514.6534,0.04257244,396.4439,396.4439,396.4439,594.6658,594.6658,9514.6534,0.04257244,2378.6634,2163.0699,7532.4340,7748.0274,0.03370318,0.03466783,0.00177385,18.3071,35.3906,1.7021,111.3606,22.7319,2511.1605,65.4270,19.5018,17.8433,6.2314,10.3857,29.4087,42.1647,51.0976,84.0248,10.2195,-6.1317,4.919981,8.090411,1.762719,10,81,100,8,0.29790265,0.04434629,0.01893081,0E-8,0.000000,0.922083,0.000000,0.03619937,2026-03-22,2026-08-06,89,436,292,138,0.644928,1.092949,1.065259,0.993009,,,,,,,,GLOBAL_BASELINE_NO_ENTITY_RANKING,,,NOT_APPLICABLE_GLOBAL_BASELINE,HF9g-P5,,,,X 全窗基线 · 不参与实体赏罚,15058511,1506,A168_HF9F_20260827_0900,2026-08-27 09:00:00
2026-05-30,94349862,1951,0,4.2012393656,-4.2012393656,-4.2012393656,0E-7,1,1,0.50665070000000000,0.506650700000,-1.013391052207602,-1.013391052207602,-1.013391052207602,0E-17,ELIGIBLE,R03b_20260811_FULL_v1,L1_ELIGIBILITY,v2026-08-11,2026-03-21..2026-08-06,baccarat_bet02_101_all_pairs_incl_sentinel,round_win = game_pnl > 0 (decisive only),COMPATIBILITY_ONLY_NOT_PRODUCTION,223493.2844,206079.2994,9911.0973,12208,5823,-0.04434629,-0.01893081,-0.05513017,-0.04434629,-9911.0973,223493.2844,OK,0.0000,396.4439,4.0000,96.0000,AG03-UNRESOLVED,ALL5_LEVELS_bet23_to_bet27,396.4439,396.4439,396.4439,594.6658,594.6658,4.000000,4.000000,4.000000,6.000000,6.000000,96.000000,96.000000,96.000000,94.000000,94.000000,5.0,2378.6634,2163.0699,7532.4340,7748.0274,PENDING_AG03,FALSE,NOT_FOR_ENFORCEMENT,9514.6534,197836.1275,9911.0973,9514.6534,396.4439,0.04434629,0.04257244,396.4439,9514.6534,0.04257244,396.4439,396.4439,396.4439,594.6658,594.6658,9514.6534,0.04257244,2378.6634,2163.0699,7532.4340,7748.0274,0.03370318,0.03466783,0.00177385,18.3071,35.3906,1.7021,111.3606,22.7319,2511.1605,65.4270,19.5018,17.8433,6.2314,10.3857,29.4087,42.1647,51.0976,84.0248,10.2195,-6.1317,4.919981,8.090411,1.762719,10,81,100,8,0.29790265,0.04434629,0.01893081,0E-8,0.000000,0.922083,0.000000,0.03619937,2026-03-22,2026-08-06,89,436,292,138,0.644928,1.092949,1.065259,0.993009,,,,,,,,GLOBAL_BASELINE_NO_ENTITY_RANKING,,,NOT_APPLICABLE_GLOBAL_BASELINE,HF9g-P5,,,,X 全窗基线 · 不参与实体赏罚,15058512,1506,A168_HF9F_20260827_0900,2026-08-27 09:00:00
2026-05-30,94349862,2147,0,4.8314252705,-4.8314252705,-4.8314252705,0E-7,1,1,0.49324550000000000,0.493245500000,-0.9865810262130424,-0.9865810262130424,-0.9865810262130424,0E-17,ELIGIBLE,R03b_20260811_FULL_v1,L1_ELIGIBILITY,v2026-08-11,2026-03-21..2026-08-06,baccarat_bet02_101_all_pairs_incl_sentinel,round_win = game_pnl > 0 (decisive only),COMPATIBILITY_ONLY_NOT_PRODUCTION,223493.2844,206079.2994,9911.0973,12208,5823,-0.04434629,-0.01893081,-0.05513017,-0.04434629,-9911.0973,223493.2844,OK,0.0000,396.4439,4.0000,96.0000,AG03-UNRESOLVED,ALL5_LEVELS_bet23_to_bet27,396.4439,396.4439,396.4439,594.6658,594.6658,4.000000,4.000000,4.000000,6.000000,6.000000,96.000000,96.000000,96.000000,94.000000,94.000000,5.0,2378.6634,2163.0699,7532.4340,7748.0274,PENDING_AG03,FALSE,NOT_FOR_ENFORCEMENT,9514.6534,197836.1275,9911.0973,9514.6534,396.4439,0.04434629,0.04257244,396.4439,9514.6534,0.04257244,396.4439,396.4439,396.4439,594.6658,594.6658,9514.6534,0.04257244,2378.6634,2163.0699,7532.4340,7748.0274,0.03370318,0.03466783,0.00177385,18.3071,35.3906,1.7021,111.3606,22.7319,2511.1605,65.4270,19.5018,17.8433,6.2314,10.3857,29.4087,42.1647,51.0976,84.0248,10.2195,-6.1317,4.919981,8.090411,1.762719,10,81,100,8,0.29790265,0.04434629,0.01893081,0E-8,0.000000,0.922083,0.000000,0.03619937,2026-03-22,2026-08-06,89,436,292,138,0.644928,1.092949,1.065259,0.993009,,,,,,,,GLOBAL_BASELINE_NO_ENTITY_RANKING,,,NOT_APPLICABLE_GLOBAL_BASELINE,HF9g-P5,,,,X 全窗基线 · 不参与实体赏罚,15058513,1506,A168_HF9F_20260827_0900,2026-08-27 09:00:00
2026-06-02,94349862,1078,0,45.6971937769,6.2314355151,6.2314355151,0.5000000,3,3,0.49324550000000000,0.493245500000,0.01910635448239258,0.01910635448239258,0.01910635448239258,0E-17,ELIGIBLE,R03b_20260811_FULL_v1,L1_ELIGIBILITY,v2026-08-11,2026-03-21..2026-08-06,baccarat_bet02_101_all_pairs_incl_sentinel,round_win = game_pnl > 0 (decisive only),COMPATIBILITY_ONLY_NOT_PRODUCTION,223493.2844,206079.2994,9911.0973,12208,5823,-0.04434629,-0.01893081,-0.05513017,-0.04434629,-9911.0973,223493.2844,OK,0.0000,396.4439,4.0000,96.0000,AG03-UNRESOLVED,ALL5_LEVELS_bet23_to_bet27,396.4439,396.4439,396.4439,594.6658,594.6658,4.000000,4.000000,4.000000,6.000000,6.000000,96.000000,96.000000,96.000000,94.000000,94.000000,5.0,2378.6634,2163.0699,7532.4340,7748.0274,PENDING_AG03,FALSE,NOT_FOR_ENFORCEMENT,9514.6534,197836.1275,9911.0973,9514.6534,396.4439,0.04434629,0.04257244,396.4439,9514.6534,0.04257244,396.4439,396.4439,396.4439,594.6658,594.6658,9514.6534,0.04257244,2378.6634,2163.0699,7532.4340,7748.0274,0.03370318,0.03466783,0.00177385,18.3071,35.3906,1.7021,111.3606,22.7319,2511.1605,65.4270,19.5018,17.8433,6.2314,10.3857,29.4087,42.1647,51.0976,84.0248,10.2195,-6.1317,4.919981,8.090411,1.762719,10,81,100,8,0.29790265,0.04434629,0.01893081,0E-8,0.000000,0.922083,0.000000,0.03619937,2026-03-22,2026-08-06,89,436,292,138,0.644928,1.092949,1.065259,0.993009,,,,,,,,GLOBAL_BASELINE_NO_ENTITY_RANKING,,,NOT_APPLICABLE_GLOBAL_BASELINE,HF9g-P5,,,,X 全窗基线 · 不参与实体赏罚,15058514,1506,A168_HF9F_20260827_0900,2026-08-27 09:00:00
2026-06-02,94349862,1094,0,600.2949546142,-97.5219658103,-97.5219658103,0.5000000,29,19,0.46869793998347152,0.405651292105,0.26612881494680063,0.8152205450601238,0.26612881494680063,0.06304664787847152,ELIGIBLE,R03b_20260811_FULL_v1,L1_ELIGIBILITY,v2026-08-11,2026-03-21..2026-08-06,baccarat_bet02_101_all_pairs_incl_sentinel,round_win = game_pnl > 0 (decisive only),COMPATIBILITY_ONLY_NOT_PRODUCTION,223493.2844,206079.2994,9911.0973,12208,5823,-0.04434629,-0.01893081,-0.05513017,-0.04434629,-9911.0973,223493.2844,OK,0.0000,396.4439,4.0000,96.0000,AG03-UNRESOLVED,ALL5_LEVELS_bet23_to_bet27,396.4439,396.4439,396.4439,594.6658,594.6658,4.000000,4.000000,4.000000,6.000000,6.000000,96.000000,96.000000,96.000000,94.000000,94.000000,5.0,2378.6634,2163.0699,7532.4340,7748.0274,PENDING_AG03,FALSE,NOT_FOR_ENFORCEMENT,9514.6534,197836.1275,9911.0973,9514.6534,396.4439,0.04434629,0.04257244,396.4439,9514.6534,0.04257244,396.4439,396.4439,396.4439,594.6658,594.6658,9514.6534,0.04257244,2378.6634,2163.0699,7532.4340,7748.0274,0.03370318,0.03466783,0.00177385,18.3071,35.3906,1.7021,111.3606,22.7319,2511.1605,65.4270,19.5018,17.8433,6.2314,10.3857,29.4087,42.1647,51.0976,84.0248,10.2195,-6.1317,4.919981,8.090411,1.762719,10,81,100,8,0.29790265,0.04434629,0.01893081,0E-8,0.000000,0.922083,0.000000,0.03619937,2026-03-22,2026-08-06,89,436,292,138,0.644928,1.092949,1.065259,0.993009,,,,,,,,GLOBAL_BASELINE_NO_ENTITY_RANKING,,,NOT_APPLICABLE_GLOBAL_BASELINE,HF9g-P5,,,,X 全窗基线 · 不参与实体赏罚,15058515,1506,A168_HF9F_20260827_0900,2026-08-27 09:00:00
2026-06-02,94349862,1157,0,526.3485865027,-45.6348794218,-45.6348794218,0.4545455,24,12,0.44489755540629059,0.328301933333,0.06438912413228687,0.8916238415897232,0.06438912413228687,0.11659562207329059,ELIGIBLE,R03b_20260811_FULL_v1,L1_ELIGIBILITY,v2026-08-11,2026-03-21..2026-08-06,baccarat_bet02_101_all_pairs_incl_sentinel,round_win = game_pnl > 0 (decisive only),COMPATIBILITY_ONLY_NOT_PRODUCTION,223493.2844,206079.2994,9911.0973,12208,5823,-0.04434629,-0.01893081,-0.05513017,-0.04434629,-9911.0973,223493.2844,OK,0.0000,396.4439,4.0000,96.0000,AG03-UNRESOLVED,ALL5_LEVELS_bet23_to_bet27,396.4439,396.4439,396.4439,594.6658,594.6658,4.000000,4.000000,4.000000,6.000000,6.000000,96.000000,96.000000,96.000000,94.000000,94.000000,5.0,2378.6634,2163.0699,7532.4340,7748.0274,PENDING_AG03,FALSE,NOT_FOR_ENFORCEMENT,9514.6534,197836.1275,9911.0973,9514.6534,396.4439,0.04434629,0.04257244,396.4439,9514.6534,0.04257244,396.4439,396.4439,396.4439,594.6658,594.6658,9514.6534,0.04257244,2378.6634,2163.0699,7532.4340,7748.0274,0.03370318,0.03466783,0.00177385,18.3071,35.3906,1.7021,111.3606,22.7319,2511.1605,65.4270,19.5018,17.8433,6.2314,10.3857,29.4087,42.1647,51.0976,84.0248,10.2195,-6.1317,4.919981,8.090411,1.762719,10,81,100,8,0.29790265,0.04434629,0.01893081,0E-8,0.000000,0.922083,0.000000,0.03619937,2026-03-22,2026-08-06,89,436,292,138,0.644928,1.092949,1.065259,0.993009,,,,,,,,GLOBAL_BASELINE_NO_ENTITY_RANKING,,,NOT_APPLICABLE_GLOBAL_BASELINE,HF9g-P5,,,,X 全窗基线 · 不参与实体赏罚,15058516,1506,A168_HF9F_20260827_0900,2026-08-27 09:00:00
2026-06-02,94349862,1323,0,62.3143551503,62.3143551503,62.3143551503,1.0000000,2,2,0.49324550000000000,0.493245500000,1.4334489766152358,1.4334489766152358,1.4334489766152358,0E-17,ELIGIBLE,R03b_20260811_FULL_v1,L1_ELIGIBILITY,v2026-08-11,2026-03-21..2026-08-06,baccarat_bet02_101_all_pairs_incl_sentinel,round_win = game_pnl > 0 (decisive only),COMPATIBILITY_ONLY_NOT_PRODUCTION,223493.2844,206079.2994,9911.0973,12208,5823,-0.04434629,-0.01893081,-0.05513017,-0.04434629,-9911.0973,223493.2844,OK,0.0000,396.4439,4.0000,96.0000,AG03-UNRESOLVED,ALL5_LEVELS_bet23_to_bet27,396.4439,396.4439,396.4439,594.6658,594.6658,4.000000,4.000000,4.000000,6.000000,6.000000,96.000000,96.000000,96.000000,94.000000,94.000000,5.0,2378.6634,2163.0699,7532.4340,7748.0274,PENDING_AG03,FALSE,NOT_FOR_ENFORCEMENT,9514.6534,197836.1275,9911.0973,9514.6534,396.4439,0.04434629,0.04257244,396.4439,9514.6534,0.04257244,396.4439,396.4439,396.4439,594.6658,594.6658,9514.6534,0.04257244,2378.6634,2163.0699,7532.4340,7748.0274,0.03370318,0.03466783,0.00177385,18.3071,35.3906,1.7021,111.3606,22.7319,2511.1605,65.4270,19.5018,17.8433,6.2314,10.3857,29.4087,42.1647,51.0976,84.0248,10.2195,-6.1317,4.919981,8.090411,1.762719,10,81,100,8,0.29790265,0.04434629,0.01893081,0E-8,0.000000,0.922083,0.000000,0.03619937,2026-03-22,2026-08-06,89,436,292,138,0.644928,1.092949,1.065259,0.993009,,,,,,,,GLOBAL_BASELINE_NO_ENTITY_RANKING,,,NOT_APPLICABLE_GLOBAL_BASELINE,HF9g-P5,,,,X 全窗基线 · 不参与实体赏罚,15058517,1506,A168_HF9F_20260827_0900,2026-08-27 09:00:00
2026-06-02,94349862,1385,0,37.3886130902,4.1542903434,4.1542903434,0.5000000,3,2,0.45395086538484251,0.400287425000,0.1308025423162099,0.2878109933178697,0.1308025423162099,0.05366344038484251,ELIGIBLE,R03b_20260811_FULL_v1,L1_ELIGIBILITY,v2026-08-11,2026-03-21..2026-08-06,baccarat_bet02_101_all_pairs_incl_sentinel,round_win = game_pnl > 0 (decisive only),COMPATIBILITY_ONLY_NOT_PRODUCTION,223493.2844,206079.2994,9911.0973,12208,5823,-0.04434629,-0.01893081,-0.05513017,-0.04434629,-9911.0973,223493.2844,OK,0.0000,396.4439,4.0000,96.0000,AG03-UNRESOLVED,ALL5_LEVELS_bet23_to_bet27,396.4439,396.4439,396.4439,594.6658,594.6658,4.000000,4.000000,4.000000,6.000000,6.000000,96.000000,96.000000,96.000000,94.000000,94.000000,5.0,2378.6634,2163.0699,7532.4340,7748.0274,PENDING_AG03,FALSE,NOT_FOR_ENFORCEMENT,9514.6534,197836.1275,9911.0973,9514.6534,396.4439,0.04434629,0.04257244,396.4439,9514.6534,0.04257244,396.4439,396.4439,396.4439,594.6658,594.6658,9514.6534,0.04257244,2378.6634,2163.0699,7532.4340,7748.0274,0.03370318,0.03466783,0.00177385,18.3071,35.3906,1.7021,111.3606,22.7319,2511.1605,65.4270,19.5018,17.8433,6.2314,10.3857,29.4087,42.1647,51.0976,84.0248,10.2195,-6.1317,4.919981,8.090411,1.762719,10,81,100,8,0.29790265,0.04434629,0.01893081,0E-8,0.000000,0.922083,0.000000,0.03619937,2026-03-22,2026-08-06,89,436,292,138,0.644928,1.092949,1.065259,0.993009,,,,,,,,GLOBAL_BASELINE_NO_ENTITY_RANKING,,,NOT_APPLICABLE_GLOBAL_BASELINE,HF9g-P5,,,,X 全窗基线 · 不参与实体赏罚,15058518,1506,A168_HF9F_20260827_0900,2026-08-27 09:00:00
2026-06-02,94349862,1485,0,1188.7501817497,17.0014332306,17.0014332306,0.5769231,61,26,0.42931970929928529,0.260995010897,1.5205338400069601,3.668048715730154,1.5205338400069601,0.16832469840228529,ELIGIBLE,R03b_20260811_FULL_v1,L1_ELIGIBILITY,v2026-08-11,2026-03-21..2026-08-06,baccarat_bet02_101_all_pairs_incl_sentinel,round_win = game_pnl > 0 (decisive only),COMPATIBILITY_ONLY_NOT_PRODUCTION,223493.2844,206079.2994,9911.0973,12208,5823,-0.04434629,-0.01893081,-0.05513017,-0.04434629,-9911.0973,223493.2844,OK,0.0000,396.4439,4.0000,96.0000,AG03-UNRESOLVED,ALL5_LEVELS_bet23_to_bet27,396.4439,396.4439,396.4439,594.6658,594.6658,4.000000,4.000000,4.000000,6.000000,6.000000,96.000000,96.000000,96.000000,94.000000,94.000000,5.0,2378.6634,2163.0699,7532.4340,7748.0274,PENDING_AG03,FALSE,NOT_FOR_ENFORCEMENT,9514.6534,197836.1275,9911.0973,9514.6534,396.4439,0.04434629,0.04257244,396.4439,9514.6534,0.04257244,396.4439,396.4439,396.4439,594.6658,594.6658,9514.6534,0.04257244,2378.6634,2163.0699,7532.4340,7748.0274,0.03370318,0.03466783,0.00177385,18.3071,35.3906,1.7021,111.3606,22.7319,2511.1605,65.4270,19.5018,17.8433,6.2314,10.3857,29.4087,42.1647,51.0976,84.0248,10.2195,-6.1317,4.919981,8.090411,1.762719,10,81,100,8,0.29790265,0.04434629,0.01893081,0E-8,0.000000,0.922083,0.000000,0.03619937,2026-03-22,2026-08-06,89,436,292,138,0.644928,1.092949,1.065259,0.993009,,,,,,,,GLOBAL_BASELINE_NO_ENTITY_RANKING,,,NOT_APPLICABLE_GLOBAL_BASELINE,HF9g-P5,,,,X 全窗基线 · 不参与实体赏罚,15058519,1506,A168_HF9F_20260827_0900,2026-08-27 09:00:00
2026-06-02,94349862,1645,0,260.0585754939,-96.8261221776,-96.8261221776,0.3846154,13,13,0.49943251538461538,0.499432515385,-0.8279586378499967,-0.8279586378527695,-0.8279586378499967,-3.8462E-13,ELIGIBLE,R03b_20260811_FULL_v1,L1_ELIGIBILITY,v2026-08-11,2026-03-21..2026-08-06,baccarat_bet02_101_all_pairs_incl_sentinel,round_win = game_pnl > 0 (decisive only),COMPATIBILITY_ONLY_NOT_PRODUCTION,223493.2844,206079.2994,9911.0973,12208,5823,-0.04434629,-0.01893081,-0.05513017,-0.04434629,-9911.0973,223493.2844,OK,0.0000,396.4439,4.0000,96.0000,AG03-UNRESOLVED,ALL5_LEVELS_bet23_to_bet27,396.4439,396.4439,396.4439,594.6658,594.6658,4.000000,4.000000,4.000000,6.000000,6.000000,96.000000,96.000000,96.000000,94.000000,94.000000,5.0,2378.6634,2163.0699,7532.4340,7748.0274,PENDING_AG03,FALSE,NOT_FOR_ENFORCEMENT,9514.6534,197836.1275,9911.0973,9514.6534,396.4439,0.04434629,0.04257244,396.4439,9514.6534,0.04257244,396.4439,396.4439,396.4439,594.6658,594.6658,9514.6534,0.04257244,2378.6634,2163.0699,7532.4340,7748.0274,0.03370318,0.03466783,0.00177385,18.3071,35.3906,1.7021,111.3606,22.7319,2511.1605,65.4270,19.5018,17.8433,6.2314,10.3857,29.4087,42.1647,51.0976,84.0248,10.2195,-6.1317,4.919981,8.090411,1.762719,10,81,100,8,0.29790265,0.04434629,0.01893081,0E-8,0.000000,0.922083,0.000000,0.03619937,2026-03-22,2026-08-06,89,436,292,138,0.644928,1.092949,1.065259,0.993009,,,,,,,,GLOBAL_BASELINE_NO_ENTITY_RANKING,,,NOT_APPLICABLE_GLOBAL_BASELINE,HF9g-P5,,,,X 全窗基线 · 不参与实体赏罚,15058520,1506,A168_HF9F_20260827_0900,2026-08-27 09:00:00
2026-06-02,94349862,1714,0,216.0230978545,184.8659202793,184.8659202793,1.0000000,13,13,0.49324550000000000,0.493245500000,3.361735835409435,3.361735835409435,3.361735835409435,0E-17,ELIGIBLE,R03b_20260811_FULL_v1,L1_ELIGIBILITY,v2026-08-11,2026-03-21..2026-08-06,baccarat_bet02_101_all_pairs_incl_sentinel,round_win = game_pnl > 0 (decisive only),COMPATIBILITY_ONLY_NOT_PRODUCTION,223493.2844,206079.2994,9911.0973,12208,5823,-0.04434629,-0.01893081,-0.05513017,-0.04434629,-9911.0973,223493.2844,OK,0.0000,396.4439,4.0000,96.0000,AG03-UNRESOLVED,ALL5_LEVELS_bet23_to_bet27,396.4439,396.4439,396.4439,594.6658,594.6658,4.000000,4.000000,4.000000,6.000000,6.000000,96.000000,96.000000,96.000000,94.000000,94.000000,5.0,2378.6634,2163.0699,7532.4340,7748.0274,PENDING_AG03,FALSE,NOT_FOR_ENFORCEMENT,9514.6534,197836.1275,9911.0973,9514.6534,396.4439,0.04434629,0.04257244,396.4439,9514.6534,0.04257244,396.4439,396.4439,396.4439,594.6658,594.6658,9514.6534,0.04257244,2378.6634,2163.0699,7532.4340,7748.0274,0.03370318,0.03466783,0.00177385,18.3071,35.3906,1.7021,111.3606,22.7319,2511.1605,65.4270,19.5018,17.8433,6.2314,10.3857,29.4087,42.1647,51.0976,84.0248,10.2195,-6.1317,4.919981,8.090411,1.762719,10,81,100,8,0.29790265,0.04434629,0.01893081,0E-8,0.000000,0.922083,0.000000,0.03619937,2026-03-22,2026-08-06,89,436,292,138,0.644928,1.092949,1.065259,0.993009,,,,,,,,GLOBAL_BASELINE_NO_ENTITY_RANKING,,,NOT_APPLICABLE_GLOBAL_BASELINE,HF9g-P5,,,,X 全窗基线 · 不参与实体赏罚,15058521,1506,A168_HF9F_20260827_0900,2026-08-27 09:00:00
2026-06-02,94349862,1750,0,826.7037783269,-133.7681490557,-133.7681490557,0.4285714,26,21,0.48492659977046878,0.448001878571,-0.5167385426550536,-0.17905390157894005,-0.5167385426550536,0.03692472119946878,ELIGIBLE,R03b_20260811_FULL_v1,L1_ELIGIBILITY,v2026-08-11,2026-03-21..2026-08-06,baccarat_bet02_101_all_pairs_incl_sentinel,round_win = game_pnl > 0 (decisive only),COMPATIBILITY_ONLY_NOT_PRODUCTION,223493.2844,206079.2994,9911.0973,12208,5823,-0.04434629,-0.01893081,-0.05513017,-0.04434629,-9911.0973,223493.2844,OK,0.0000,396.4439,4.0000,96.0000,AG03-UNRESOLVED,ALL5_LEVELS_bet23_to_bet27,396.4439,396.4439,396.4439,594.6658,594.6658,4.000000,4.000000,4.000000,6.000000,6.000000,96.000000,96.000000,96.000000,94.000000,94.000000,5.0,2378.6634,2163.0699,7532.4340,7748.0274,PENDING_AG03,FALSE,NOT_FOR_ENFORCEMENT,9514.6534,197836.1275,9911.0973,9514.6534,396.4439,0.04434629,0.04257244,396.4439,9514.6534,0.04257244,396.4439,396.4439,396.4439,594.6658,594.6658,9514.6534,0.04257244,2378.6634,2163.0699,7532.4340,7748.0274,0.03370318,0.03466783,0.00177385,18.3071,35.3906,1.7021,111.3606,22.7319,2511.1605,65.4270,19.5018,17.8433,6.2314,10.3857,29.4087,42.1647,51.0976,84.0248,10.2195,-6.1317,4.919981,8.090411,1.762719,10,81,100,8,0.29790265,0.04434629,0.01893081,0E-8,0.000000,0.922083,0.000000,0.03619937,2026-03-22,2026-08-06,89,436,292,138,0.644928,1.092949,1.065259,0.993009,,,,,,,,GLOBAL_BASELINE_NO_ENTITY_RANKING,,,NOT_APPLICABLE_GLOBAL_BASELINE,HF9g-P5,,,,X 全窗基线 · 不参与实体赏罚,15058522,1506,A168_HF9F_20260827_0900,2026-08-27 09:00:00
2026-06-02,94349862,2261,0,573.9152109340,-39.3619010030,-39.3619010030,0.4705882,37,17,0.42859433874276546,0.305550214706,0.34987680355926837,1.477225331371245,0.34987680355926837,0.12304412403676546,ELIGIBLE,R03b_20260811_FULL_v1,L1_ELIGIBILITY,v2026-08-11,2026-03-21..2026-08-06,baccarat_bet02_101_all_pairs_incl_sentinel,round_win = game_pnl > 0 (decisive only),COMPATIBILITY_ONLY_NOT_PRODUCTION,223493.2844,206079.2994,9911.0973,12208,5823,-0.04434629,-0.01893081,-0.05513017,-0.04434629,-9911.0973,223493.2844,OK,0.0000,396.4439,4.0000,96.0000,AG03-UNRESOLVED,ALL5_LEVELS_bet23_to_bet27,396.4439,396.4439,396.4439,594.6658,594.6658,4.000000,4.000000,4.000000,6.000000,6.000000,96.000000,96.000000,96.000000,94.000000,94.000000,5.0,2378.6634,2163.0699,7532.4340,7748.0274,PENDING_AG03,FALSE,NOT_FOR_ENFORCEMENT,9514.6534,197836.1275,9911.0973,9514.6534,396.4439,0.04434629,0.04257244,396.4439,9514.6534,0.04257244,396.4439,396.4439,396.4439,594.6658,594.6658,9514.6534,0.04257244,2378.6634,2163.0699,7532.4340,7748.0274,0.03370318,0.03466783,0.00177385,18.3071,35.3906,1.7021,111.3606,22.7319,2511.1605,65.4270,19.5018,17.8433,6.2314,10.3857,29.4087,42.1647,51.0976,84.0248,10.2195,-6.1317,4.919981,8.090411,1.762719,10,81,100,8,0.29790265,0.04434629,0.01893081,0E-8,0.000000,0.922083,0.000000,0.03619937,2026-03-22,2026-08-06,89,436,292,138,0.644928,1.092949,1.065259,0.993009,,,,,,,,GLOBAL_BASELINE_NO_ENTITY_RANKING,,,NOT_APPLICABLE_GLOBAL_BASELINE,HF9g-P5,,,,X 全窗基线 · 不参与实体赏罚,15058523,1506,A168_HF9F_20260827_0900,2026-08-27 09:00:00
2026-06-02,94349862,471,0,403.3815923394,-42.7372619071,-42.7372619071,0.5625000,20,17,0.48978687484372748,0.465596688235,0.5818263921214085,0.7770681332662527,0.5818263921214085,0.02419018660872748,ELIGIBLE,R03b_20260811_FULL_v1,L1_ELIGIBILITY,v2026-08-11,2026-03-21..2026-08-06,baccarat_bet02_101_all_pairs_incl_sentinel,round_win = game_pnl > 0 (decisive only),COMPATIBILITY_ONLY_NOT_PRODUCTION,223493.2844,206079.2994,9911.0973,12208,5823,-0.04434629,-0.01893081,-0.05513017,-0.04434629,-9911.0973,223493.2844,OK,0.0000,396.4439,4.0000,96.0000,AG03-UNRESOLVED,ALL5_LEVELS_bet23_to_bet27,396.4439,396.4439,396.4439,594.6658,594.6658,4.000000,4.000000,4.000000,6.000000,6.000000,96.000000,96.000000,96.000000,94.000000,94.000000,5.0,2378.6634,2163.0699,7532.4340,7748.0274,PENDING_AG03,FALSE,NOT_FOR_ENFORCEMENT,9514.6534,197836.1275,9911.0973,9514.6534,396.4439,0.04434629,0.04257244,396.4439,9514.6534,0.04257244,396.4439,396.4439,396.4439,594.6658,594.6658,9514.6534,0.04257244,2378.6634,2163.0699,7532.4340,7748.0274,0.03370318,0.03466783,0.00177385,18.3071,35.3906,1.7021,111.3606,22.7319,2511.1605,65.4270,19.5018,17.8433,6.2314,10.3857,29.4087,42.1647,51.0976,84.0248,10.2195,-6.1317,4.919981,8.090411,1.762719,10,81,100,8,0.29790265,0.04434629,0.01893081,0E-8,0.000000,0.922083,0.000000,0.03619937,2026-03-22,2026-08-06,89,436,292,138,0.644928,1.092949,1.065259,0.993009,,,,,,,,GLOBAL_BASELINE_NO_ENTITY_RANKING,,,NOT_APPLICABLE_GLOBAL_BASELINE,HF9g-P5,,,,X 全窗基线 · 不参与实体赏罚,15058524,1506,A168_HF9F_20260827_0900,2026-08-27 09:00:00
2026-06-02,94349862,772,0,132.9372909874,-49.8514841202,-49.8514841202,0.3333333,6,6,0.49771390000000000,0.497713900000,-0.8053054414300617,-0.8053054414300617,-0.8053054414300617,0E-17,ELIGIBLE,R03b_20260811_FULL_v1,L1_ELIGIBILITY,v2026-08-11,2026-03-21..2026-08-06,baccarat_bet02_101_all_pairs_incl_sentinel,round_win = game_pnl > 0 (decisive only),COMPATIBILITY_ONLY_NOT_PRODUCTION,223493.2844,206079.2994,9911.0973,12208,5823,-0.04434629,-0.01893081,-0.05513017,-0.04434629,-9911.0973,223493.2844,OK,0.0000,396.4439,4.0000,96.0000,AG03-UNRESOLVED,ALL5_LEVELS_bet23_to_bet27,396.4439,396.4439,396.4439,594.6658,594.6658,4.000000,4.000000,4.000000,6.000000,6.000000,96.000000,96.000000,96.000000,94.000000,94.000000,5.0,2378.6634,2163.0699,7532.4340,7748.0274,PENDING_AG03,FALSE,NOT_FOR_ENFORCEMENT,9514.6534,197836.1275,9911.0973,9514.6534,396.4439,0.04434629,0.04257244,396.4439,9514.6534,0.04257244,396.4439,396.4439,396.4439,594.6658,594.6658,9514.6534,0.04257244,2378.6634,2163.0699,7532.4340,7748.0274,0.03370318,0.03466783,0.00177385,18.3071,35.3906,1.7021,111.3606,22.7319,2511.1605,65.4270,19.5018,17.8433,6.2314,10.3857,29.4087,42.1647,51.0976,84.0248,10.2195,-6.1317,4.919981,8.090411,1.762719,10,81,100,8,0.29790265,0.04434629,0.01893081,0E-8,0.000000,0.922083,0.000000,0.03619937,2026-03-22,2026-08-06,89,436,292,138,0.644928,1.092949,1.065259,0.993009,,,,,,,,GLOBAL_BASELINE_NO_ENTITY_RANKING,,,NOT_APPLICABLE_GLOBAL_BASELINE,HF9g-P5,,,,X 全窗基线 · 不参与实体赏罚,15058525,1506,A168_HF9F_20260827_0900,2026-08-27 09:00:00
2026-06-04,94349862,1205,0,527.8025881230,-195.4593606549,-195.4593606549,0.3333333,23,9,0.40280695468123330,0.252129537037,-0.4249475611983141,0.5610124949607558,-0.4249475611983141,0.15067741764423330,ELIGIBLE,R03b_20260811_FULL_v1,L1_ELIGIBILITY,v2026-08-11,2026-03-21..2026-08-06,baccarat_bet02_101_all_pairs_incl_sentinel,round_win = game_pnl > 0 (decisive only),COMPATIBILITY_ONLY_NOT_PRODUCTION,223493.2844,206079.2994,9911.0973,12208,5823,-0.04434629,-0.01893081,-0.05513017,-0.04434629,-9911.0973,223493.2844,OK,0.0000,396.4439,4.0000,96.0000,AG03-UNRESOLVED,ALL5_LEVELS_bet23_to_bet27,396.4439,396.4439,396.4439,594.6658,594.6658,4.000000,4.000000,4.000000,6.000000,6.000000,96.000000,96.000000,96.000000,94.000000,94.000000,5.0,2378.6634,2163.0699,7532.4340,7748.0274,PENDING_AG03,FALSE,NOT_FOR_ENFORCEMENT,9514.6534,197836.1275,9911.0973,9514.6534,396.4439,0.04434629,0.04257244,396.4439,9514.6534,0.04257244,396.4439,396.4439,396.4439,594.6658,594.6658,9514.6534,0.04257244,2378.6634,2163.0699,7532.4340,7748.0274,0.03370318,0.03466783,0.00177385,18.3071,35.3906,1.7021,111.3606,22.7319,2511.1605,65.4270,19.5018,17.8433,6.2314,10.3857,29.4087,42.1647,51.0976,84.0248,10.2195,-6.1317,4.919981,8.090411,1.762719,10,81,100,8,0.29790265,0.04434629,0.01893081,0E-8,0.000000,0.922083,0.000000,0.03619937,2026-03-22,2026-08-06,89,436,292,138,0.644928,1.092949,1.065259,0.993009,,,,,,,,GLOBAL_BASELINE_NO_ENTITY_RANKING,,,NOT_APPLICABLE_GLOBAL_BASELINE,HF9g-P5,,,,X 全窗基线 · 不参与实体赏罚,15058526,1506,A168_HF9F_20260827_0900,2026-08-27 09:00:00
2026-06-04,94349862,1323,0,1659.6389921689,-265.9784392336,-265.9784392336,0.5555556,81,27,0.39958234587990790,0.230758137469,1.6546342838214776,4.0057559134049185,1.6546342838214776,0.16882420841090790,ELIGIBLE,R03b_20260811_FULL_v1,L1_ELIGIBILITY,v2026-08-11,2026-03-21..2026-08-06,baccarat_bet02_101_all_pairs_incl_sentinel,round_win = game_pnl > 0 (decisive only),COMPATIBILITY_ONLY_NOT_PRODUCTION,223493.2844,206079.2994,9911.0973,12208,5823,-0.04434629,-0.01893081,-0.05513017,-0.04434629,-9911.0973,223493.2844,OK,0.0000,396.4439,4.0000,96.0000,AG03-UNRESOLVED,ALL5_LEVELS_bet23_to_bet27,396.4439,396.4439,396.4439,594.6658,594.6658,4.000000,4.000000,4.000000,6.000000,6.000000,96.000000,96.000000,96.000000,94.000000,94.000000,5.0,2378.6634,2163.0699,7532.4340,7748.0274,PENDING_AG03,FALSE,NOT_FOR_ENFORCEMENT,9514.6534,197836.1275,9911.0973,9514.6534,396.4439,0.04434629,0.04257244,396.4439,9514.6534,0.04257244,396.4439,396.4439,396.4439,594.6658,594.6658,9514.6534,0.04257244,2378.6634,2163.0699,7532.4340,7748.0274,0.03370318,0.03466783,0.00177385,18.3071,35.3906,1.7021,111.3606,22.7319,2511.1605,65.4270,19.5018,17.8433,6.2314,10.3857,29.4087,42.1647,51.0976,84.0248,10.2195,-6.1317,4.919981,8.090411,1.762719,10,81,100,8,0.29790265,0.04434629,0.01893081,0E-8,0.000000,0.922083,0.000000,0.03619937,2026-03-22,2026-08-06,89,436,292,138,0.644928,1.092949,1.065259,0.993009,,,,,,,,GLOBAL_BASELINE_NO_ENTITY_RANKING,,,NOT_APPLICABLE_GLOBAL_BASELINE,HF9g-P5,,,,X 全窗基线 · 不参与实体赏罚,15058527,1506,A168_HF9F_20260827_0900,2026-08-27 09:00:00
2026-06-04,94349862,1363,0,28.6646033691,-28.6646033691,-28.6646033691,0E-7,4,4,0.49659680000000000,0.496596800000,-1.9864332133590707,-1.986433213359071,-1.9864332133590707,0E-17,ELIGIBLE,R03b_20260811_FULL_v1,L1_ELIGIBILITY,v2026-08-11,2026-03-21..2026-08-06,baccarat_bet02_101_all_pairs_incl_sentinel,round_win = game_pnl > 0 (decisive only),COMPATIBILITY_ONLY_NOT_PRODUCTION,223493.2844,206079.2994,9911.0973,12208,5823,-0.04434629,-0.01893081,-0.05513017,-0.04434629,-9911.0973,223493.2844,OK,0.0000,396.4439,4.0000,96.0000,AG03-UNRESOLVED,ALL5_LEVELS_bet23_to_bet27,396.4439,396.4439,396.4439,594.6658,594.6658,4.000000,4.000000,4.000000,6.000000,6.000000,96.000000,96.000000,96.000000,94.000000,94.000000,5.0,2378.6634,2163.0699,7532.4340,7748.0274,PENDING_AG03,FALSE,NOT_FOR_ENFORCEMENT,9514.6534,197836.1275,9911.0973,9514.6534,396.4439,0.04434629,0.04257244,396.4439,9514.6534,0.04257244,396.4439,396.4439,396.4439,594.6658,594.6658,9514.6534,0.04257244,2378.6634,2163.0699,7532.4340,7748.0274,0.03370318,0.03466783,0.00177385,18.3071,35.3906,1.7021,111.3606,22.7319,2511.1605,65.4270,19.5018,17.8433,6.2314,10.3857,29.4087,42.1647,51.0976,84.0248,10.2195,-6.1317,4.919981,8.090411,1.762719,10,81,100,8,0.29790265,0.04434629,0.01893081,0E-8,0.000000,0.922083,0.000000,0.03619937,2026-03-22,2026-08-06,89,436,292,138,0.644928,1.092949,1.065259,0.993009,,,,,,,,GLOBAL_BASELINE_NO_ENTITY_RANKING,,,NOT_APPLICABLE_GLOBAL_BASELINE,HF9g-P5,,,,X 全窗基线 · 不参与实体赏罚,15058528,1506,A168_HF9F_20260827_0900,2026-08-27 09:00:00
2026-06-04,94349862,1490,0,165.9638992169,-29.1838896620,-29.1838896620,0.4545455,11,11,0.49812011818181818,0.498120118182,-0.28904366223770966,-0.2890436622389153,-0.28904366223770966,-1.8182E-13,ELIGIBLE,R03b_20260811_FULL_v1,L1_ELIGIBILITY,v2026-08-11,2026-03-21..2026-08-06,baccarat_bet02_101_all_pairs_incl_sentinel,round_win = game_pnl > 0 (decisive only),COMPATIBILITY_ONLY_NOT_PRODUCTION,223493.2844,206079.2994,9911.0973,12208,5823,-0.04434629,-0.01893081,-0.05513017,-0.04434629,-9911.0973,223493.2844,OK,0.0000,396.4439,4.0000,96.0000,AG03-UNRESOLVED,ALL5_LEVELS_bet23_to_bet27,396.4439,396.4439,396.4439,594.6658,594.6658,4.000000,4.000000,4.000000,6.000000,6.000000,96.000000,96.000000,96.000000,94.000000,94.000000,5.0,2378.6634,2163.0699,7532.4340,7748.0274,PENDING_AG03,FALSE,NOT_FOR_ENFORCEMENT,9514.6534,197836.1275,9911.0973,9514.6534,396.4439,0.04434629,0.04257244,396.4439,9514.6534,0.04257244,396.4439,396.4439,396.4439,594.6658,594.6658,9514.6534,0.04257244,2378.6634,2163.0699,7532.4340,7748.0274,0.03370318,0.03466783,0.00177385,18.3071,35.3906,1.7021,111.3606,22.7319,2511.1605,65.4270,19.5018,17.8433,6.2314,10.3857,29.4087,42.1647,51.0976,84.0248,10.2195,-6.1317,4.919981,8.090411,1.762719,10,81,100,8,0.29790265,0.04434629,0.01893081,0E-8,0.000000,0.922083,0.000000,0.03619937,2026-03-22,2026-08-06,89,436,292,138,0.644928,1.092949,1.065259,0.993009,,,,,,,,GLOBAL_BASELINE_NO_ENTITY_RANKING,,,NOT_APPLICABLE_GLOBAL_BASELINE,HF9g-P5,,,,X 全窗基线 · 不参与实体赏罚,15058529,1506,A168_HF9F_20260827_0900,2026-08-27 09:00:00
2026-06-04,94349862,1645,0,1165.2784413102,-311.4679184928,-311.4679184928,0.3750000,36,25,0.47108902495985149,0.418054520000,-0.9430541372289851,-0.42762861768384347,-0.9430541372289851,0.05303450495985149,ELIGIBLE,R03b_20260811_FULL_v1,L1_ELIGIBILITY,v2026-08-11,2026-03-21..2026-08-06,baccarat_bet02_101_all_pairs_incl_sentinel,round_win = game_pnl > 0 (decisive only),COMPATIBILITY_ONLY_NOT_PRODUCTION,223493.2844,206079.2994,9911.0973,12208,5823,-0.04434629,-0.01893081,-0.05513017,-0.04434629,-9911.0973,223493.2844,OK,0.0000,396.4439,4.0000,96.0000,AG03-UNRESOLVED,ALL5_LEVELS_bet23_to_bet27,396.4439,396.4439,396.4439,594.6658,594.6658,4.000000,4.000000,4.000000,6.000000,6.000000,96.000000,96.000000,96.000000,94.000000,94.000000,5.0,2378.6634,2163.0699,7532.4340,7748.0274,PENDING_AG03,FALSE,NOT_FOR_ENFORCEMENT,9514.6534,197836.1275,9911.0973,9514.6534,396.4439,0.04434629,0.04257244,396.4439,9514.6534,0.04257244,396.4439,396.4439,396.4439,594.6658,594.6658,9514.6534,0.04257244,2378.6634,2163.0699,7532.4340,7748.0274,0.03370318,0.03466783,0.00177385,18.3071,35.3906,1.7021,111.3606,22.7319,2511.1605,65.4270,19.5018,17.8433,6.2314,10.3857,29.4087,42.1647,51.0976,84.0248,10.2195,-6.1317,4.919981,8.090411,1.762719,10,81,100,8,0.29790265,0.04434629,0.01893081,0E-8,0.000000,0.922083,0.000000,0.03619937,2026-03-22,2026-08-06,89,436,292,138,0.644928,1.092949,1.065259,0.993009,,,,,,,,GLOBAL_BASELINE_NO_ENTITY_RANKING,,,NOT_APPLICABLE_GLOBAL_BASELINE,HF9g-P5,,,,X 全窗基线 · 不参与实体赏罚,15058530,1506,A168_HF9F_20260827_0900,2026-08-27 09:00:00
2026-06-04,94349862,1646,0,357.2689695282,-272.7707039444,-272.7707039444,0.3333333,18,9,0.45138642803097318,0.344367227778,-0.7116904021974922,-0.06966407028128617,-0.7116904021974922,0.10701920025297318,ELIGIBLE,R03b_20260811_FULL_v1,L1_ELIGIBILITY,v2026-08-11,2026-03-21..2026-08-06,baccarat_bet02_101_all_pairs_incl_sentinel,round_win = game_pnl > 0 (decisive only),COMPATIBILITY_ONLY_NOT_PRODUCTION,223493.2844,206079.2994,9911.0973,12208,5823,-0.04434629,-0.01893081,-0.05513017,-0.04434629,-9911.0973,223493.2844,OK,0.0000,396.4439,4.0000,96.0000,AG03-UNRESOLVED,ALL5_LEVELS_bet23_to_bet27,396.4439,396.4439,396.4439,594.6658,594.6658,4.000000,4.000000,4.000000,6.000000,6.000000,96.000000,96.000000,96.000000,94.000000,94.000000,5.0,2378.6634,2163.0699,7532.4340,7748.0274,PENDING_AG03,FALSE,NOT_FOR_ENFORCEMENT,9514.6534,197836.1275,9911.0973,9514.6534,396.4439,0.04434629,0.04257244,396.4439,9514.6534,0.04257244,396.4439,396.4439,396.4439,594.6658,594.6658,9514.6534,0.04257244,2378.6634,2163.0699,7532.4340,7748.0274,0.03370318,0.03466783,0.00177385,18.3071,35.3906,1.7021,111.3606,22.7319,2511.1605,65.4270,19.5018,17.8433,6.2314,10.3857,29.4087,42.1647,51.0976,84.0248,10.2195,-6.1317,4.919981,8.090411,1.762719,10,81,100,8,0.29790265,0.04434629,0.01893081,0E-8,0.000000,0.922083,0.000000,0.03619937,2026-03-22,2026-08-06,89,436,292,138,0.644928,1.092949,1.065259,0.993009,,,,,,,,GLOBAL_BASELINE_NO_ENTITY_RANKING,,,NOT_APPLICABLE_GLOBAL_BASELINE,HF9g-P5,,,,X 全窗基线 · 不参与实体赏罚,15058531,1506,A168_HF9F_20260827_0900,2026-08-27 09:00:00
2026-06-04,94349862,1750,0,335.6666597427,75.0887979561,75.0887979561,0.5000000,27,12,0.43984113093373056,0.318391127778,0.4198428470728643,1.3504533560071432,0.4198428470728643,0.12145000315573056,ELIGIBLE,R03b_20260811_FULL_v1,L1_ELIGIBILITY,v2026-08-11,2026-03-21..2026-08-06,baccarat_bet02_101_all_pairs_incl_sentinel,round_win = game_pnl > 0 (decisive only),COMPATIBILITY_ONLY_NOT_PRODUCTION,223493.2844,206079.2994,9911.0973,12208,5823,-0.04434629,-0.01893081,-0.05513017,-0.04434629,-9911.0973,223493.2844,OK,0.0000,396.4439,4.0000,96.0000,AG03-UNRESOLVED,ALL5_LEVELS_bet23_to_bet27,396.4439,396.4439,396.4439,594.6658,594.6658,4.000000,4.000000,4.000000,6.000000,6.000000,96.000000,96.000000,96.000000,94.000000,94.000000,5.0,2378.6634,2163.0699,7532.4340,7748.0274,PENDING_AG03,FALSE,NOT_FOR_ENFORCEMENT,9514.6534,197836.1275,9911.0973,9514.6534,396.4439,0.04434629,0.04257244,396.4439,9514.6534,0.04257244,396.4439,396.4439,396.4439,594.6658,594.6658,9514.6534,0.04257244,2378.6634,2163.0699,7532.4340,7748.0274,0.03370318,0.03466783,0.00177385,18.3071,35.3906,1.7021,111.3606,22.7319,2511.1605,65.4270,19.5018,17.8433,6.2314,10.3857,29.4087,42.1647,51.0976,84.0248,10.2195,-6.1317,4.919981,8.090411,1.762719,10,81,100,8,0.29790265,0.04434629,0.01893081,0E-8,0.000000,0.922083,0.000000,0.03619937,2026-03-22,2026-08-06,89,436,292,138,0.644928,1.092949,1.065259,0.993009,,,,,,,,GLOBAL_BASELINE_NO_ENTITY_RANKING,,,NOT_APPLICABLE_GLOBAL_BASELINE,HF9g-P5,,,,X 全窗基线 · 不参与实体赏罚,15058532,1506,A168_HF9F_20260827_0900,2026-08-27 09:00:00
2026-06-04,94349862,1990,0,1287.4145774045,14.1661300713,14.1661300713,0.5714286,76,28,0.41372423629540476,0.267057660655,1.69440098591214,3.6403633579231167,1.69440098591214,0.14666657564040476,ELIGIBLE,R03b_20260811_FULL_v1,L1_ELIGIBILITY,v2026-08-11,2026-03-21..2026-08-06,baccarat_bet02_101_all_pairs_incl_sentinel,round_win = game_pnl > 0 (decisive only),COMPATIBILITY_ONLY_NOT_PRODUCTION,223493.2844,206079.2994,9911.0973,12208,5823,-0.04434629,-0.01893081,-0.05513017,-0.04434629,-9911.0973,223493.2844,OK,0.0000,396.4439,4.0000,96.0000,AG03-UNRESOLVED,ALL5_LEVELS_bet23_to_bet27,396.4439,396.4439,396.4439,594.6658,594.6658,4.000000,4.000000,4.000000,6.000000,6.000000,96.000000,96.000000,96.000000,94.000000,94.000000,5.0,2378.6634,2163.0699,7532.4340,7748.0274,PENDING_AG03,FALSE,NOT_FOR_ENFORCEMENT,9514.6534,197836.1275,9911.0973,9514.6534,396.4439,0.04434629,0.04257244,396.4439,9514.6534,0.04257244,396.4439,396.4439,396.4439,594.6658,594.6658,9514.6534,0.04257244,2378.6634,2163.0699,7532.4340,7748.0274,0.03370318,0.03466783,0.00177385,18.3071,35.3906,1.7021,111.3606,22.7319,2511.1605,65.4270,19.5018,17.8433,6.2314,10.3857,29.4087,42.1647,51.0976,84.0248,10.2195,-6.1317,4.919981,8.090411,1.762719,10,81,100,8,0.29790265,0.04434629,0.01893081,0E-8,0.000000,0.922083,0.000000,0.03619937,2026-03-22,2026-08-06,89,436,292,138,0.644928,1.092949,1.065259,0.993009,,,,,,,,GLOBAL_BASELINE_NO_ENTITY_RANKING,,,NOT_APPLICABLE_GLOBAL_BASELINE,HF9g-P5,,,,X 全窗基线 · 不参与实体赏罚,15058533,1506,A168_HF9F_20260827_0900,2026-08-27 09:00:00
2026-06-04,94349862,2108,0,382.6101406227,-231.4978293832,-231.4978293832,0.2222222,17,9,0.44774475745045949,0.357119466667,-1.360586073525711,-0.8446026374615816,-1.360586073525711,0.09062529078345949,ELIGIBLE,R03b_20260811_FULL_v1,L1_ELIGIBILITY,v2026-08-11,2026-03-21..2026-08-06,baccarat_bet02_101_all_pairs_incl_sentinel,round_win = game_pnl > 0 (decisive only),COMPATIBILITY_ONLY_NOT_PRODUCTION,223493.2844,206079.2994,9911.0973,12208,5823,-0.04434629,-0.01893081,-0.05513017,-0.04434629,-9911.0973,223493.2844,OK,0.0000,396.4439,4.0000,96.0000,AG03-UNRESOLVED,ALL5_LEVELS_bet23_to_bet27,396.4439,396.4439,396.4439,594.6658,594.6658,4.000000,4.000000,4.000000,6.000000,6.000000,96.000000,96.000000,96.000000,94.000000,94.000000,5.0,2378.6634,2163.0699,7532.4340,7748.0274,PENDING_AG03,FALSE,NOT_FOR_ENFORCEMENT,9514.6534,197836.1275,9911.0973,9514.6534,396.4439,0.04434629,0.04257244,396.4439,9514.6534,0.04257244,396.4439,396.4439,396.4439,594.6658,594.6658,9514.6534,0.04257244,2378.6634,2163.0699,7532.4340,7748.0274,0.03370318,0.03466783,0.00177385,18.3071,35.3906,1.7021,111.3606,22.7319,2511.1605,65.4270,19.5018,17.8433,6.2314,10.3857,29.4087,42.1647,51.0976,84.0248,10.2195,-6.1317,4.919981,8.090411,1.762719,10,81,100,8,0.29790265,0.04434629,0.01893081,0E-8,0.000000,0.922083,0.000000,0.03619937,2026-03-22,2026-08-06,89,436,292,138,0.644928,1.092949,1.065259,0.993009,,,,,,,,GLOBAL_BASELINE_NO_ENTITY_RANKING,,,NOT_APPLICABLE_GLOBAL_BASELINE,HF9g-P5,,,,X 全窗基线 · 不参与实体赏罚,15058534,1506,A168_HF9F_20260827_0900,2026-08-27 09:00:00
2026-06-04,94349862,2127,0,1026.3174293251,-359.4603576846,-359.4603576846,0.3846154,38,28,0.48571293577255780,0.449331828571,-1.031417924711918,-0.663395834978523,-1.031417924711918,0.03638110720155780,ELIGIBLE,R03b_20260811_FULL_v1,L1_ELIGIBILITY,v2026-08-11,2026-03-21..2026-08-06,baccarat_bet02_101_all_pairs_incl_sentinel,round_win = game_pnl > 0 (decisive only),COMPATIBILITY_ONLY_NOT_PRODUCTION,223493.2844,206079.2994,9911.0973,12208,5823,-0.04434629,-0.01893081,-0.05513017,-0.04434629,-9911.0973,223493.2844,OK,0.0000,396.4439,4.0000,96.0000,AG03-UNRESOLVED,ALL5_LEVELS_bet23_to_bet27,396.4439,396.4439,396.4439,594.6658,594.6658,4.000000,4.000000,4.000000,6.000000,6.000000,96.000000,96.000000,96.000000,94.000000,94.000000,5.0,2378.6634,2163.0699,7532.4340,7748.0274,PENDING_AG03,FALSE,NOT_FOR_ENFORCEMENT,9514.6534,197836.1275,9911.0973,9514.6534,396.4439,0.04434629,0.04257244,396.4439,9514.6534,0.04257244,396.4439,396.4439,396.4439,594.6658,594.6658,9514.6534,0.04257244,2378.6634,2163.0699,7532.4340,7748.0274,0.03370318,0.03466783,0.00177385,18.3071,35.3906,1.7021,111.3606,22.7319,2511.1605,65.4270,19.5018,17.8433,6.2314,10.3857,29.4087,42.1647,51.0976,84.0248,10.2195,-6.1317,4.919981,8.090411,1.762719,10,81,100,8,0.29790265,0.04434629,0.01893081,0E-8,0.000000,0.922083,0.000000,0.03619937,2026-03-22,2026-08-06,89,436,292,138,0.644928,1.092949,1.065259,0.993009,,,,,,,,GLOBAL_BASELINE_NO_ENTITY_RANKING,,,NOT_APPLICABLE_GLOBAL_BASELINE,HF9g-P5,,,,X 全窗基线 · 不参与实体赏罚,15058535,1506,A168_HF9F_20260827_0900,2026-08-27 09:00:00
2026-06-04,94349862,2147,0,731.1551004300,172.2991919902,172.2991919902,0.6428571,37,14,0.42311616500101486,0.251010339286,1.664182983459967,3.3814004771020683,1.664182983459967,0.17210582571501486,ELIGIBLE,R03b_20260811_FULL_v1,L1_ELIGIBILITY,v2026-08-11,2026-03-21..2026-08-06,baccarat_bet02_101_all_pairs_incl_sentinel,round_win = game_pnl > 0 (decisive only),COMPATIBILITY_ONLY_NOT_PRODUCTION,223493.2844,206079.2994,9911.0973,12208,5823,-0.04434629,-0.01893081,-0.05513017,-0.04434629,-9911.0973,223493.2844,OK,0.0000,396.4439,4.0000,96.0000,AG03-UNRESOLVED,ALL5_LEVELS_bet23_to_bet27,396.4439,396.4439,396.4439,594.6658,594.6658,4.000000,4.000000,4.000000,6.000000,6.000000,96.000000,96.000000,96.000000,94.000000,94.000000,5.0,2378.6634,2163.0699,7532.4340,7748.0274,PENDING_AG03,FALSE,NOT_FOR_ENFORCEMENT,9514.6534,197836.1275,9911.0973,9514.6534,396.4439,0.04434629,0.04257244,396.4439,9514.6534,0.04257244,396.4439,396.4439,396.4439,594.6658,594.6658,9514.6534,0.04257244,2378.6634,2163.0699,7532.4340,7748.0274,0.03370318,0.03466783,0.00177385,18.3071,35.3906,1.7021,111.3606,22.7319,2511.1605,65.4270,19.5018,17.8433,6.2314,10.3857,29.4087,42.1647,51.0976,84.0248,10.2195,-6.1317,4.919981,8.090411,1.762719,10,81,100,8,0.29790265,0.04434629,0.01893081,0E-8,0.000000,0.922083,0.000000,0.03619937,2026-03-22,2026-08-06,89,436,292,138,0.644928,1.092949,1.065259,0.993009,,,,,,,,GLOBAL_BASELINE_NO_ENTITY_RANKING,,,NOT_APPLICABLE_GLOBAL_BASELINE,HF9g-P5,,,,X 全窗基线 · 不参与实体赏罚,15058536,1506,A168_HF9F_20260827_0900,2026-08-27 09:00:00
2026-06-04,94349862,2153,0,300.1474773072,-146.4387346032,-146.4387346032,0.2857143,10,8,0.47754953000001586,0.440925600000,-1.0161215133993982,-0.8270941249710254,-1.0161215133993982,0.03662393000001586,ELIGIBLE,R03b_20260811_FULL_v1,L1_ELIGIBILITY,v2026-08-11,2026-03-21..2026-08-06,baccarat_bet02_101_all_pairs_incl_sentinel,round_win = game_pnl > 0 (decisive only),COMPATIBILITY_ONLY_NOT_PRODUCTION,223493.2844,206079.2994,9911.0973,12208,5823,-0.04434629,-0.01893081,-0.05513017,-0.04434629,-9911.0973,223493.2844,OK,0.0000,396.4439,4.0000,96.0000,AG03-UNRESOLVED,ALL5_LEVELS_bet23_to_bet27,396.4439,396.4439,396.4439,594.6658,594.6658,4.000000,4.000000,4.000000,6.000000,6.000000,96.000000,96.000000,96.000000,94.000000,94.000000,5.0,2378.6634,2163.0699,7532.4340,7748.0274,PENDING_AG03,FALSE,NOT_FOR_ENFORCEMENT,9514.6534,197836.1275,9911.0973,9514.6534,396.4439,0.04434629,0.04257244,396.4439,9514.6534,0.04257244,396.4439,396.4439,396.4439,594.6658,594.6658,9514.6534,0.04257244,2378.6634,2163.0699,7532.4340,7748.0274,0.03370318,0.03466783,0.00177385,18.3071,35.3906,1.7021,111.3606,22.7319,2511.1605,65.4270,19.5018,17.8433,6.2314,10.3857,29.4087,42.1647,51.0976,84.0248,10.2195,-6.1317,4.919981,8.090411,1.762719,10,81,100,8,0.29790265,0.04434629,0.01893081,0E-8,0.000000,0.922083,0.000000,0.03619937,2026-03-22,2026-08-06,89,436,292,138,0.644928,1.092949,1.065259,0.993009,,,,,,,,GLOBAL_BASELINE_NO_ENTITY_RANKING,,,NOT_APPLICABLE_GLOBAL_BASELINE,HF9g-P5,,,,X 全窗基线 · 不参与实体赏罚,15058537,1506,A168_HF9F_20260827_0900,2026-08-27 09:00:00
2026-06-04,94349862,2267,0,39.4657582619,-20.7714517168,-20.7714517168,0E-7,2,2,0.50665070000000000,0.506650700000,-1.013391052207602,-1.013391052207602,-1.013391052207602,0E-17,ELIGIBLE,R03b_20260811_FULL_v1,L1_ELIGIBILITY,v2026-08-11,2026-03-21..2026-08-06,baccarat_bet02_101_all_pairs_incl_sentinel,round_win = game_pnl > 0 (decisive only),COMPATIBILITY_ONLY_NOT_PRODUCTION,223493.2844,206079.2994,9911.0973,12208,5823,-0.04434629,-0.01893081,-0.05513017,-0.04434629,-9911.0973,223493.2844,OK,0.0000,396.4439,4.0000,96.0000,AG03-UNRESOLVED,ALL5_LEVELS_bet23_to_bet27,396.4439,396.4439,396.4439,594.6658,594.6658,4.000000,4.000000,4.000000,6.000000,6.000000,96.000000,96.000000,96.000000,94.000000,94.000000,5.0,2378.6634,2163.0699,7532.4340,7748.0274,PENDING_AG03,FALSE,NOT_FOR_ENFORCEMENT,9514.6534,197836.1275,9911.0973,9514.6534,396.4439,0.04434629,0.04257244,396.4439,9514.6534,0.04257244,396.4439,396.4439,396.4439,594.6658,594.6658,9514.6534,0.04257244,2378.6634,2163.0699,7532.4340,7748.0274,0.03370318,0.03466783,0.00177385,18.3071,35.3906,1.7021,111.3606,22.7319,2511.1605,65.4270,19.5018,17.8433,6.2314,10.3857,29.4087,42.1647,51.0976,84.0248,10.2195,-6.1317,4.919981,8.090411,1.762719,10,81,100,8,0.29790265,0.04434629,0.01893081,0E-8,0.000000,0.922083,0.000000,0.03619937,2026-03-22,2026-08-06,89,436,292,138,0.644928,1.092949,1.065259,0.993009,,,,,,,,GLOBAL_BASELINE_NO_ENTITY_RANKING,,,NOT_APPLICABLE_GLOBAL_BASELINE,HF9g-P5,,,,X 全窗基线 · 不参与实体赏罚,15058538,1506,A168_HF9F_20260827_0900,2026-08-27 09:00:00
2026-06-04,94349862,789,0,344.8060984982,34.5844671085,34.5844671085,0.5555556,15,11,0.48110274449763921,0.445669130303,0.44703625934375174,0.6632457738061134,0.44703625934375174,0.03543361419463921,ELIGIBLE,R03b_20260811_FULL_v1,L1_ELIGIBILITY,v2026-08-11,2026-03-21..2026-08-06,baccarat_bet02_101_all_pairs_incl_sentinel,round_win = game_pnl > 0 (decisive only),COMPATIBILITY_ONLY_NOT_PRODUCTION,223493.2844,206079.2994,9911.0973,12208,5823,-0.04434629,-0.01893081,-0.05513017,-0.04434629,-9911.0973,223493.2844,OK,0.0000,396.4439,4.0000,96.0000,AG03-UNRESOLVED,ALL5_LEVELS_bet23_to_bet27,396.4439,396.4439,396.4439,594.6658,594.6658,4.000000,4.000000,4.000000,6.000000,6.000000,96.000000,96.000000,96.000000,94.000000,94.000000,5.0,2378.6634,2163.0699,7532.4340,7748.0274,PENDING_AG03,FALSE,NOT_FOR_ENFORCEMENT,9514.6534,197836.1275,9911.0973,9514.6534,396.4439,0.04434629,0.04257244,396.4439,9514.6534,0.04257244,396.4439,396.4439,396.4439,594.6658,594.6658,9514.6534,0.04257244,2378.6634,2163.0699,7532.4340,7748.0274,0.03370318,0.03466783,0.00177385,18.3071,35.3906,1.7021,111.3606,22.7319,2511.1605,65.4270,19.5018,17.8433,6.2314,10.3857,29.4087,42.1647,51.0976,84.0248,10.2195,-6.1317,4.919981,8.090411,1.762719,10,81,100,8,0.29790265,0.04434629,0.01893081,0E-8,0.000000,0.922083,0.000000,0.03619937,2026-03-22,2026-08-06,89,436,292,138,0.644928,1.092949,1.065259,0.993009,,,,,,,,GLOBAL_BASELINE_NO_ENTITY_RANKING,,,NOT_APPLICABLE_GLOBAL_BASELINE,HF9g-P5,,,,X 全窗基线 · 不参与实体赏罚,15058539,1506,A168_HF9F_20260827_0900,2026-08-27 09:00:00
2026-06-04,94349862,919,0,1344.3283551088,-116.6628585672,-116.6628585672,0.5000000,25,25,0.50343345200000000,0.503433452000,-0.030710452352491268,-0.030710452352491268,-0.030710452352491268,0E-17,ELIGIBLE,R03b_20260811_FULL_v1,L1_ELIGIBILITY,v2026-08-11,2026-03-21..2026-08-06,baccarat_bet02_101_all_pairs_incl_sentinel,round_win = game_pnl > 0 (decisive only),COMPATIBILITY_ONLY_NOT_PRODUCTION,223493.2844,206079.2994,9911.0973,12208,5823,-0.04434629,-0.01893081,-0.05513017,-0.04434629,-9911.0973,223493.2844,OK,0.0000,396.4439,4.0000,96.0000,AG03-UNRESOLVED,ALL5_LEVELS_bet23_to_bet27,396.4439,396.4439,396.4439,594.6658,594.6658,4.000000,4.000000,4.000000,6.000000,6.000000,96.000000,96.000000,96.000000,94.000000,94.000000,5.0,2378.6634,2163.0699,7532.4340,7748.0274,PENDING_AG03,FALSE,NOT_FOR_ENFORCEMENT,9514.6534,197836.1275,9911.0973,9514.6534,396.4439,0.04434629,0.04257244,396.4439,9514.6534,0.04257244,396.4439,396.4439,396.4439,594.6658,594.6658,9514.6534,0.04257244,2378.6634,2163.0699,7532.4340,7748.0274,0.03370318,0.03466783,0.00177385,18.3071,35.3906,1.7021,111.3606,22.7319,2511.1605,65.4270,19.5018,17.8433,6.2314,10.3857,29.4087,42.1647,51.0976,84.0248,10.2195,-6.1317,4.919981,8.090411,1.762719,10,81,100,8,0.29790265,0.04434629,0.01893081,0E-8,0.000000,0.922083,0.000000,0.03619937,2026-03-22,2026-08-06,89,436,292,138,0.644928,1.092949,1.065259,0.993009,,,,,,,,GLOBAL_BASELINE_NO_ENTITY_RANKING,,,NOT_APPLICABLE_GLOBAL_BASELINE,HF9g-P5,,,,X 全窗基线 · 不参与实体赏罚,15058540,1506,A168_HF9F_20260827_0900,2026-08-27 09:00:00
2026-06-04,94349862,948,0,1639.2829694869,-310.5124317146,-310.5124317146,0.5000000,98,41,0.42990686591723730,0.317960074390,0.8954583259196162,2.472324376333001,0.8954583259196162,0.11194679152723730,ELIGIBLE,R03b_20260811_FULL_v1,L1_ELIGIBILITY,v2026-08-11,2026-03-21..2026-08-06,baccarat_bet02_101_all_pairs_incl_sentinel,round_win = game_pnl > 0 (decisive only),COMPATIBILITY_ONLY_NOT_PRODUCTION,223493.2844,206079.2994,9911.0973,12208,5823,-0.04434629,-0.01893081,-0.05513017,-0.04434629,-9911.0973,223493.2844,OK,0.0000,396.4439,4.0000,96.0000,AG03-UNRESOLVED,ALL5_LEVELS_bet23_to_bet27,396.4439,396.4439,396.4439,594.6658,594.6658,4.000000,4.000000,4.000000,6.000000,6.000000,96.000000,96.000000,96.000000,94.000000,94.000000,5.0,2378.6634,2163.0699,7532.4340,7748.0274,PENDING_AG03,FALSE,NOT_FOR_ENFORCEMENT,9514.6534,197836.1275,9911.0973,9514.6534,396.4439,0.04434629,0.04257244,396.4439,9514.6534,0.04257244,396.4439,396.4439,396.4439,594.6658,594.6658,9514.6534,0.04257244,2378.6634,2163.0699,7532.4340,7748.0274,0.03370318,0.03466783,0.00177385,18.3071,35.3906,1.7021,111.3606,22.7319,2511.1605,65.4270,19.5018,17.8433,6.2314,10.3857,29.4087,42.1647,51.0976,84.0248,10.2195,-6.1317,4.919981,8.090411,1.762719,10,81,100,8,0.29790265,0.04434629,0.01893081,0E-8,0.000000,0.922083,0.000000,0.03619937,2026-03-22,2026-08-06,89,436,292,138,0.644928,1.092949,1.065259,0.993009,,,,,,,,GLOBAL_BASELINE_NO_ENTITY_RANKING,,,NOT_APPLICABLE_GLOBAL_BASELINE,HF9g-P5,,,,X 全窗基线 · 不参与实体赏罚,15058541,1506,A168_HF9F_20260827_0900,2026-08-27 09:00:00
2026-06-04,94349862,987,0,186.9430654509,-62.3143551503,-62.3143551503,0.5000000,2,2,0.49324550000000000,0.493245500000,0.01910635448239258,0.01910635448239258,0.01910635448239258,0E-17,ELIGIBLE,R03b_20260811_FULL_v1,L1_ELIGIBILITY,v2026-08-11,2026-03-21..2026-08-06,baccarat_bet02_101_all_pairs_incl_sentinel,round_win = game_pnl > 0 (decisive only),COMPATIBILITY_ONLY_NOT_PRODUCTION,223493.2844,206079.2994,9911.0973,12208,5823,-0.04434629,-0.01893081,-0.05513017,-0.04434629,-9911.0973,223493.2844,OK,0.0000,396.4439,4.0000,96.0000,AG03-UNRESOLVED,ALL5_LEVELS_bet23_to_bet27,396.4439,396.4439,396.4439,594.6658,594.6658,4.000000,4.000000,4.000000,6.000000,6.000000,96.000000,96.000000,96.000000,94.000000,94.000000,5.0,2378.6634,2163.0699,7532.4340,7748.0274,PENDING_AG03,FALSE,NOT_FOR_ENFORCEMENT,9514.6534,197836.1275,9911.0973,9514.6534,396.4439,0.04434629,0.04257244,396.4439,9514.6534,0.04257244,396.4439,396.4439,396.4439,594.6658,594.6658,9514.6534,0.04257244,2378.6634,2163.0699,7532.4340,7748.0274,0.03370318,0.03466783,0.00177385,18.3071,35.3906,1.7021,111.3606,22.7319,2511.1605,65.4270,19.5018,17.8433,6.2314,10.3857,29.4087,42.1647,51.0976,84.0248,10.2195,-6.1317,4.919981,8.090411,1.762719,10,81,100,8,0.29790265,0.04434629,0.01893081,0E-8,0.000000,0.922083,0.000000,0.03619937,2026-03-22,2026-08-06,89,436,292,138,0.644928,1.092949,1.065259,0.993009,,,,,,,,GLOBAL_BASELINE_NO_ENTITY_RANKING,,,NOT_APPLICABLE_GLOBAL_BASELINE,HF9g-P5,,,,X 全窗基线 · 不参与实体赏罚,15058542,1506,A168_HF9F_20260827_0900,2026-08-27 09:00:00
2026-06-05,94349862,1646,0,12.8783000644,-10.3857258584,-10.3857258584,0E-7,3,3,0.50665070000000000,0.506650700000,-1.4331513700195317,-1.4331513700195317,-1.4331513700195317,0E-17,ELIGIBLE,R03b_20260811_FULL_v1,L1_ELIGIBILITY,v2026-08-11,2026-03-21..2026-08-06,baccarat_bet02_101_all_pairs_incl_sentinel,round_win = game_pnl > 0 (decisive only),COMPATIBILITY_ONLY_NOT_PRODUCTION,223493.2844,206079.2994,9911.0973,12208,5823,-0.04434629,-0.01893081,-0.05513017,-0.04434629,-9911.0973,223493.2844,OK,0.0000,396.4439,4.0000,96.0000,AG03-UNRESOLVED,ALL5_LEVELS_bet23_to_bet27,396.4439,396.4439,396.4439,594.6658,594.6658,4.000000,4.000000,4.000000,6.000000,6.000000,96.000000,96.000000,96.000000,94.000000,94.000000,5.0,2378.6634,2163.0699,7532.4340,7748.0274,PENDING_AG03,FALSE,NOT_FOR_ENFORCEMENT,9514.6534,197836.1275,9911.0973,9514.6534,396.4439,0.04434629,0.04257244,396.4439,9514.6534,0.04257244,396.4439,396.4439,396.4439,594.6658,594.6658,9514.6534,0.04257244,2378.6634,2163.0699,7532.4340,7748.0274,0.03370318,0.03466783,0.00177385,18.3071,35.3906,1.7021,111.3606,22.7319,2511.1605,65.4270,19.5018,17.8433,6.2314,10.3857,29.4087,42.1647,51.0976,84.0248,10.2195,-6.1317,4.919981,8.090411,1.762719,10,81,100,8,0.29790265,0.04434629,0.01893081,0E-8,0.000000,0.922083,0.000000,0.03619937,2026-03-22,2026-08-06,89,436,292,138,0.644928,1.092949,1.065259,0.993009,,,,,,,,GLOBAL_BASELINE_NO_ENTITY_RANKING,,,NOT_APPLICABLE_GLOBAL_BASELINE,HF9g-P5,,,,X 全窗基线 · 不参与实体赏罚,15058543,1506,A168_HF9F_20260827_0900,2026-08-27 09:00:00
2026-06-05,94349862,1947,0,18.6943065453,7.6854371352,7.6854371352,0.8000000,6,6,0.50441650000000000,0.504416500000,1.3219411692341432,1.3219411692341432,1.3219411692341432,0E-17,ELIGIBLE,R03b_20260811_FULL_v1,L1_ELIGIBILITY,v2026-08-11,2026-03-21..2026-08-06,baccarat_bet02_101_all_pairs_incl_sentinel,round_win = game_pnl > 0 (decisive only),COMPATIBILITY_ONLY_NOT_PRODUCTION,223493.2844,206079.2994,9911.0973,12208,5823,-0.04434629,-0.01893081,-0.05513017,-0.04434629,-9911.0973,223493.2844,OK,0.0000,396.4439,4.0000,96.0000,AG03-UNRESOLVED,ALL5_LEVELS_bet23_to_bet27,396.4439,396.4439,396.4439,594.6658,594.6658,4.000000,4.000000,4.000000,6.000000,6.000000,96.000000,96.000000,96.000000,94.000000,94.000000,5.0,2378.6634,2163.0699,7532.4340,7748.0274,PENDING_AG03,FALSE,NOT_FOR_ENFORCEMENT,9514.6534,197836.1275,9911.0973,9514.6534,396.4439,0.04434629,0.04257244,396.4439,9514.6534,0.04257244,396.4439,396.4439,396.4439,594.6658,594.6658,9514.6534,0.04257244,2378.6634,2163.0699,7532.4340,7748.0274,0.03370318,0.03466783,0.00177385,18.3071,35.3906,1.7021,111.3606,22.7319,2511.1605,65.4270,19.5018,17.8433,6.2314,10.3857,29.4087,42.1647,51.0976,84.0248,10.2195,-6.1317,4.919981,8.090411,1.762719,10,81,100,8,0.29790265,0.04434629,0.01893081,0E-8,0.000000,0.922083,0.000000,0.03619937,2026-03-22,2026-08-06,89,436,292,138,0.644928,1.092949,1.065259,0.993009,,,,,,,,GLOBAL_BASELINE_NO_ENTITY_RANKING,,,NOT_APPLICABLE_GLOBAL_BASELINE,HF9g-P5,,,,X 全窗基线 · 不参与实体赏罚,15058544,1506,A168_HF9F_20260827_0900,2026-08-27 09:00:00
2026-06-05,94349862,462,0,17.0325904077,-2.3264025923,-2.3264025923,0.6666667,3,3,0.50218230000000000,0.502182300000,0.5697959874915163,0.5697959874915164,0.5697959874915163,0E-17,ELIGIBLE,R03b_20260811_FULL_v1,L1_ELIGIBILITY,v2026-08-11,2026-03-21..2026-08-06,baccarat_bet02_101_all_pairs_incl_sentinel,round_win = game_pnl > 0 (decisive only),COMPATIBILITY_ONLY_NOT_PRODUCTION,223493.2844,206079.2994,9911.0973,12208,5823,-0.04434629,-0.01893081,-0.05513017,-0.04434629,-9911.0973,223493.2844,OK,0.0000,396.4439,4.0000,96.0000,AG03-UNRESOLVED,ALL5_LEVELS_bet23_to_bet27,396.4439,396.4439,396.4439,594.6658,594.6658,4.000000,4.000000,4.000000,6.000000,6.000000,96.000000,96.000000,96.000000,94.000000,94.000000,5.0,2378.6634,2163.0699,7532.4340,7748.0274,PENDING_AG03,FALSE,NOT_FOR_ENFORCEMENT,9514.6534,197836.1275,9911.0973,9514.6534,396.4439,0.04434629,0.04257244,396.4439,9514.6534,0.04257244,396.4439,396.4439,396.4439,594.6658,594.6658,9514.6534,0.04257244,2378.6634,2163.0699,7532.4340,7748.0274,0.03370318,0.03466783,0.00177385,18.3071,35.3906,1.7021,111.3606,22.7319,2511.1605,65.4270,19.5018,17.8433,6.2314,10.3857,29.4087,42.1647,51.0976,84.0248,10.2195,-6.1317,4.919981,8.090411,1.762719,10,81,100,8,0.29790265,0.04434629,0.01893081,0E-8,0.000000,0.922083,0.000000,0.03619937,2026-03-22,2026-08-06,89,436,292,138,0.644928,1.092949,1.065259,0.993009,,,,,,,,GLOBAL_BASELINE_NO_ENTITY_RANKING,,,NOT_APPLICABLE_GLOBAL_BASELINE,HF9g-P5,,,,X 全窗基线 · 不参与实体赏罚,15058545,1506,A168_HF9F_20260827_0900,2026-08-27 09:00:00
2026-06-09,94349862,462,0,7.4777226180,-3.7388613090,-3.7388613090,0E-7,2,2,0.50665070000000000,0.506650700000,-1.013391052207602,-1.013391052207602,-1.013391052207602,0E-17,ELIGIBLE,R03b_20260811_FULL_v1,L1_ELIGIBILITY,v2026-08-11,2026-03-21..2026-08-06,baccarat_bet02_101_all_pairs_incl_sentinel,round_win = game_pnl > 0 (decisive only),COMPATIBILITY_ONLY_NOT_PRODUCTION,223493.2844,206079.2994,9911.0973,12208,5823,-0.04434629,-0.01893081,-0.05513017,-0.04434629,-9911.0973,223493.2844,OK,0.0000,396.4439,4.0000,96.0000,AG03-UNRESOLVED,ALL5_LEVELS_bet23_to_bet27,396.4439,396.4439,396.4439,594.6658,594.6658,4.000000,4.000000,4.000000,6.000000,6.000000,96.000000,96.000000,96.000000,94.000000,94.000000,5.0,2378.6634,2163.0699,7532.4340,7748.0274,PENDING_AG03,FALSE,NOT_FOR_ENFORCEMENT,9514.6534,197836.1275,9911.0973,9514.6534,396.4439,0.04434629,0.04257244,396.4439,9514.6534,0.04257244,396.4439,396.4439,396.4439,594.6658,594.6658,9514.6534,0.04257244,2378.6634,2163.0699,7532.4340,7748.0274,0.03370318,0.03466783,0.00177385,18.3071,35.3906,1.7021,111.3606,22.7319,2511.1605,65.4270,19.5018,17.8433,6.2314,10.3857,29.4087,42.1647,51.0976,84.0248,10.2195,-6.1317,4.919981,8.090411,1.762719,10,81,100,8,0.29790265,0.04434629,0.01893081,0E-8,0.000000,0.922083,0.000000,0.03619937,2026-03-22,2026-08-06,89,436,292,138,0.644928,1.092949,1.065259,0.993009,,,,,,,,GLOBAL_BASELINE_NO_ENTITY_RANKING,,,NOT_APPLICABLE_GLOBAL_BASELINE,HF9g-P5,,,,X 全窗基线 · 不参与实体赏罚,15058546,1506,A168_HF9F_20260827_0900,2026-08-27 09:00:00
2026-06-09,94349862,583,0,72.7000810088,-52.4479155849,-52.4479155849,0.1428571,7,7,0.50090561428571429,0.500905614286,-1.8946175331089474,-1.8946175331104613,-1.8946175331089474,-2.8571E-13,ELIGIBLE,R03b_20260811_FULL_v1,L1_ELIGIBILITY,v2026-08-11,2026-03-21..2026-08-06,baccarat_bet02_101_all_pairs_incl_sentinel,round_win = game_pnl > 0 (decisive only),COMPATIBILITY_ONLY_NOT_PRODUCTION,223493.2844,206079.2994,9911.0973,12208,5823,-0.04434629,-0.01893081,-0.05513017,-0.04434629,-9911.0973,223493.2844,OK,0.0000,396.4439,4.0000,96.0000,AG03-UNRESOLVED,ALL5_LEVELS_bet23_to_bet27,396.4439,396.4439,396.4439,594.6658,594.6658,4.000000,4.000000,4.000000,6.000000,6.000000,96.000000,96.000000,96.000000,94.000000,94.000000,5.0,2378.6634,2163.0699,7532.4340,7748.0274,PENDING_AG03,FALSE,NOT_FOR_ENFORCEMENT,9514.6534,197836.1275,9911.0973,9514.6534,396.4439,0.04434629,0.04257244,396.4439,9514.6534,0.04257244,396.4439,396.4439,396.4439,594.6658,594.6658,9514.6534,0.04257244,2378.6634,2163.0699,7532.4340,7748.0274,0.03370318,0.03466783,0.00177385,18.3071,35.3906,1.7021,111.3606,22.7319,2511.1605,65.4270,19.5018,17.8433,6.2314,10.3857,29.4087,42.1647,51.0976,84.0248,10.2195,-6.1317,4.919981,8.090411,1.762719,10,81,100,8,0.29790265,0.04434629,0.01893081,0E-8,0.000000,0.922083,0.000000,0.03619937,2026-03-22,2026-08-06,89,436,292,138,0.644928,1.092949,1.065259,0.993009,,,,,,,,GLOBAL_BASELINE_NO_ENTITY_RANKING,,,NOT_APPLICABLE_GLOBAL_BASELINE,HF9g-P5,,,,X 全窗基线 · 不参与实体赏罚,15058547,1506,A168_HF9F_20260827_0900,2026-08-27 09:00:00
2026-06-12,94349862,1078,0,515.1320025754,33.6497517814,33.6497517814,0.5333333,23,15,0.46683352114821149,0.396745304444,0.5162423312810974,1.0813144682941322,0.5162423312810974,0.07008821670421149,ELIGIBLE,R03b_20260811_FULL_v1,L1_ELIGIBILITY,v2026-08-11,2026-03-21..2026-08-06,baccarat_bet02_101_all_pairs_incl_sentinel,round_win = game_pnl > 0 (decisive only),COMPATIBILITY_ONLY_NOT_PRODUCTION,223493.2844,206079.2994,9911.0973,12208,5823,-0.04434629,-0.01893081,-0.05513017,-0.04434629,-9911.0973,223493.2844,OK,0.0000,396.4439,4.0000,96.0000,AG03-UNRESOLVED,ALL5_LEVELS_bet23_to_bet27,396.4439,396.4439,396.4439,594.6658,594.6658,4.000000,4.000000,4.000000,6.000000,6.000000,96.000000,96.000000,96.000000,94.000000,94.000000,5.0,2378.6634,2163.0699,7532.4340,7748.0274,PENDING_AG03,FALSE,NOT_FOR_ENFORCEMENT,9514.6534,197836.1275,9911.0973,9514.6534,396.4439,0.04434629,0.04257244,396.4439,9514.6534,0.04257244,396.4439,396.4439,396.4439,594.6658,594.6658,9514.6534,0.04257244,2378.6634,2163.0699,7532.4340,7748.0274,0.03370318,0.03466783,0.00177385,18.3071,35.3906,1.7021,111.3606,22.7319,2511.1605,65.4270,19.5018,17.8433,6.2314,10.3857,29.4087,42.1647,51.0976,84.0248,10.2195,-6.1317,4.919981,8.090411,1.762719,10,81,100,8,0.29790265,0.04434629,0.01893081,0E-8,0.000000,0.922083,0.000000,0.03619937,2026-03-22,2026-08-06,89,436,292,138,0.644928,1.092949,1.065259,0.993009,,,,,,,,GLOBAL_BASELINE_NO_ENTITY_RANKING,,,NOT_APPLICABLE_GLOBAL_BASELINE,HF9g-P5,,,,X 全窗基线 · 不参与实体赏罚,15058548,1506,A168_HF9F_20260827_0900,2026-08-27 09:00:00
2026-06-12,94349862,1942,0,62.3143551504,-0.5192862929,-0.5192862929,0.6000000,5,5,0.49592654000000000,0.495926540000,0.46544610904919037,0.46544610904919037,0.46544610904919037,0E-17,ELIGIBLE,R03b_20260811_FULL_v1,L1_ELIGIBILITY,v2026-08-11,2026-03-21..2026-08-06,baccarat_bet02_101_all_pairs_incl_sentinel,round_win = game_pnl > 0 (decisive only),COMPATIBILITY_ONLY_NOT_PRODUCTION,223493.2844,206079.2994,9911.0973,12208,5823,-0.04434629,-0.01893081,-0.05513017,-0.04434629,-9911.0973,223493.2844,OK,0.0000,396.4439,4.0000,96.0000,AG03-UNRESOLVED,ALL5_LEVELS_bet23_to_bet27,396.4439,396.4439,396.4439,594.6658,594.6658,4.000000,4.000000,4.000000,6.000000,6.000000,96.000000,96.000000,96.000000,94.000000,94.000000,5.0,2378.6634,2163.0699,7532.4340,7748.0274,PENDING_AG03,FALSE,NOT_FOR_ENFORCEMENT,9514.6534,197836.1275,9911.0973,9514.6534,396.4439,0.04434629,0.04257244,396.4439,9514.6534,0.04257244,396.4439,396.4439,396.4439,594.6658,594.6658,9514.6534,0.04257244,2378.6634,2163.0699,7532.4340,7748.0274,0.03370318,0.03466783,0.00177385,18.3071,35.3906,1.7021,111.3606,22.7319,2511.1605,65.4270,19.5018,17.8433,6.2314,10.3857,29.4087,42.1647,51.0976,84.0248,10.2195,-6.1317,4.919981,8.090411,1.762719,10,81,100,8,0.29790265,0.04434629,0.01893081,0E-8,0.000000,0.922083,0.000000,0.03619937,2026-03-22,2026-08-06,89,436,292,138,0.644928,1.092949,1.065259,0.993009,,,,,,,,GLOBAL_BASELINE_NO_ENTITY_RANKING,,,NOT_APPLICABLE_GLOBAL_BASELINE,HF9g-P5,,,,X 全窗基线 · 不参与实体赏罚,15058549,1506,A168_HF9F_20260827_0900,2026-08-27 09:00:00
2026-06-12,94349862,2160,0,297.0317595498,118.1895602680,118.1895602680,0.5454545,20,11,0.45784496192934637,0.377850201515,0.5832127228988118,1.1465006400172164,0.5832127228988118,0.07999476041434637,ELIGIBLE,R03b_20260811_FULL_v1,L1_ELIGIBILITY,v2026-08-11,2026-03-21..2026-08-06,baccarat_bet02_101_all_pairs_incl_sentinel,round_win = game_pnl > 0 (decisive only),COMPATIBILITY_ONLY_NOT_PRODUCTION,223493.2844,206079.2994,9911.0973,12208,5823,-0.04434629,-0.01893081,-0.05513017,-0.04434629,-9911.0973,223493.2844,OK,0.0000,396.4439,4.0000,96.0000,AG03-UNRESOLVED,ALL5_LEVELS_bet23_to_bet27,396.4439,396.4439,396.4439,594.6658,594.6658,4.000000,4.000000,4.000000,6.000000,6.000000,96.000000,96.000000,96.000000,94.000000,94.000000,5.0,2378.6634,2163.0699,7532.4340,7748.0274,PENDING_AG03,FALSE,NOT_FOR_ENFORCEMENT,9514.6534,197836.1275,9911.0973,9514.6534,396.4439,0.04434629,0.04257244,396.4439,9514.6534,0.04257244,396.4439,396.4439,396.4439,594.6658,594.6658,9514.6534,0.04257244,2378.6634,2163.0699,7532.4340,7748.0274,0.03370318,0.03466783,0.00177385,18.3071,35.3906,1.7021,111.3606,22.7319,2511.1605,65.4270,19.5018,17.8433,6.2314,10.3857,29.4087,42.1647,51.0976,84.0248,10.2195,-6.1317,4.919981,8.090411,1.762719,10,81,100,8,0.29790265,0.04434629,0.01893081,0E-8,0.000000,0.922083,0.000000,0.03619937,2026-03-22,2026-08-06,89,436,292,138,0.644928,1.092949,1.065259,0.993009,,,,,,,,GLOBAL_BASELINE_NO_ENTITY_RANKING,,,NOT_APPLICABLE_GLOBAL_BASELINE,HF9g-P5,,,,X 全窗基线 · 不参与实体赏罚,15058550,1506,A168_HF9F_20260827_0900,2026-08-27 09:00:00
2026-06-12,94349862,2261,0,585.5472238954,-246.3494173606,-246.3494173606,0.3076923,33,14,0.44390702883367437,0.300481720238,-0.988498485047533,0.05670662005453164,-0.988498485047533,0.14342530859567437,ELIGIBLE,R03b_20260811_FULL_v1,L1_ELIGIBILITY,v2026-08-11,2026-03-21..2026-08-06,baccarat_bet02_101_all_pairs_incl_sentinel,round_win = game_pnl > 0 (decisive only),COMPATIBILITY_ONLY_NOT_PRODUCTION,223493.2844,206079.2994,9911.0973,12208,5823,-0.04434629,-0.01893081,-0.05513017,-0.04434629,-9911.0973,223493.2844,OK,0.0000,396.4439,4.0000,96.0000,AG03-UNRESOLVED,ALL5_LEVELS_bet23_to_bet27,396.4439,396.4439,396.4439,594.6658,594.6658,4.000000,4.000000,4.000000,6.000000,6.000000,96.000000,96.000000,96.000000,94.000000,94.000000,5.0,2378.6634,2163.0699,7532.4340,7748.0274,PENDING_AG03,FALSE,NOT_FOR_ENFORCEMENT,9514.6534,197836.1275,9911.0973,9514.6534,396.4439,0.04434629,0.04257244,396.4439,9514.6534,0.04257244,396.4439,396.4439,396.4439,594.6658,594.6658,9514.6534,0.04257244,2378.6634,2163.0699,7532.4340,7748.0274,0.03370318,0.03466783,0.00177385,18.3071,35.3906,1.7021,111.3606,22.7319,2511.1605,65.4270,19.5018,17.8433,6.2314,10.3857,29.4087,42.1647,51.0976,84.0248,10.2195,-6.1317,4.919981,8.090411,1.762719,10,81,100,8,0.29790265,0.04434629,0.01893081,0E-8,0.000000,0.922083,0.000000,0.03619937,2026-03-22,2026-08-06,89,436,292,138,0.644928,1.092949,1.065259,0.993009,,,,,,,,GLOBAL_BASELINE_NO_ENTITY_RANKING,,,NOT_APPLICABLE_GLOBAL_BASELINE,HF9g-P5,,,,X 全窗基线 · 不参与实体赏罚,15058551,1506,A168_HF9F_20260827_0900,2026-08-27 09:00:00
2026-06-12,94349862,2271,0,139.1687265024,63.8722140291,63.8722140291,0.7142857,7,7,0.49516052857142857,0.495160528571,1.1595558107697723,1.1595558107720498,1.1595558107697723,4.2857E-13,ELIGIBLE,R03b_20260811_FULL_v1,L1_ELIGIBILITY,v2026-08-11,2026-03-21..2026-08-06,baccarat_bet02_101_all_pairs_incl_sentinel,round_win = game_pnl > 0 (decisive only),COMPATIBILITY_ONLY_NOT_PRODUCTION,223493.2844,206079.2994,9911.0973,12208,5823,-0.04434629,-0.01893081,-0.05513017,-0.04434629,-9911.0973,223493.2844,OK,0.0000,396.4439,4.0000,96.0000,AG03-UNRESOLVED,ALL5_LEVELS_bet23_to_bet27,396.4439,396.4439,396.4439,594.6658,594.6658,4.000000,4.000000,4.000000,6.000000,6.000000,96.000000,96.000000,96.000000,94.000000,94.000000,5.0,2378.6634,2163.0699,7532.4340,7748.0274,PENDING_AG03,FALSE,NOT_FOR_ENFORCEMENT,9514.6534,197836.1275,9911.0973,9514.6534,396.4439,0.04434629,0.04257244,396.4439,9514.6534,0.04257244,396.4439,396.4439,396.4439,594.6658,594.6658,9514.6534,0.04257244,2378.6634,2163.0699,7532.4340,7748.0274,0.03370318,0.03466783,0.00177385,18.3071,35.3906,1.7021,111.3606,22.7319,2511.1605,65.4270,19.5018,17.8433,6.2314,10.3857,29.4087,42.1647,51.0976,84.0248,10.2195,-6.1317,4.919981,8.090411,1.762719,10,81,100,8,0.29790265,0.04434629,0.01893081,0E-8,0.000000,0.922083,0.000000,0.03619937,2026-03-22,2026-08-06,89,436,292,138,0.644928,1.092949,1.065259,0.993009,,,,,,,,GLOBAL_BASELINE_NO_ENTITY_RANKING,,,NOT_APPLICABLE_GLOBAL_BASELINE,HF9g-P5,,,,X 全窗基线 · 不参与实体赏罚,15058552,1506,A168_HF9F_20260827_0900,2026-08-27 09:00:00
2026-06-13,94349862,2261,0,51.5132002577,-31.2610348338,-31.2610348338,0.1666667,6,6,0.50218230000000000,0.502182300000,-1.6436998608832374,-1.6436998608832374,-1.6436998608832374,0E-17,ELIGIBLE,R03b_20260811_FULL_v1,L1_ELIGIBILITY,v2026-08-11,2026-03-21..2026-08-06,baccarat_bet02_101_all_pairs_incl_sentinel,round_win = game_pnl > 0 (decisive only),COMPATIBILITY_ONLY_NOT_PRODUCTION,223493.2844,206079.2994,9911.0973,12208,5823,-0.04434629,-0.01893081,-0.05513017,-0.04434629,-9911.0973,223493.2844,OK,0.0000,396.4439,4.0000,96.0000,AG03-UNRESOLVED,ALL5_LEVELS_bet23_to_bet27,396.4439,396.4439,396.4439,594.6658,594.6658,4.000000,4.000000,4.000000,6.000000,6.000000,96.000000,96.000000,96.000000,94.000000,94.000000,5.0,2378.6634,2163.0699,7532.4340,7748.0274,PENDING_AG03,FALSE,NOT_FOR_ENFORCEMENT,9514.6534,197836.1275,9911.0973,9514.6534,396.4439,0.04434629,0.04257244,396.4439,9514.6534,0.04257244,396.4439,396.4439,396.4439,594.6658,594.6658,9514.6534,0.04257244,2378.6634,2163.0699,7532.4340,7748.0274,0.03370318,0.03466783,0.00177385,18.3071,35.3906,1.7021,111.3606,22.7319,2511.1605,65.4270,19.5018,17.8433,6.2314,10.3857,29.4087,42.1647,51.0976,84.0248,10.2195,-6.1317,4.919981,8.090411,1.762719,10,81,100,8,0.29790265,0.04434629,0.01893081,0E-8,0.000000,0.922083,0.000000,0.03619937,2026-03-22,2026-08-06,89,436,292,138,0.644928,1.092949,1.065259,0.993009,,,,,,,,GLOBAL_BASELINE_NO_ENTITY_RANKING,,,NOT_APPLICABLE_GLOBAL_BASELINE,HF9g-P5,,,,X 全窗基线 · 不参与实体赏罚,15058553,1506,A168_HF9F_20260827_0900,2026-08-27 09:00:00
2026-06-14,94349862,1157,0,153.7087427041,93.7831045012,93.7831045012,0.7142857,8,8,0.50665070000000000,0.506650700000,1.098798430526454,1.098798430526454,1.098798430526454,0E-17,ELIGIBLE,R03b_20260811_FULL_v1,L1_ELIGIBILITY,v2026-08-11,2026-03-21..2026-08-06,baccarat_bet02_101_all_pairs_incl_sentinel,round_win = game_pnl > 0 (decisive only),COMPATIBILITY_ONLY_NOT_PRODUCTION,223493.2844,206079.2994,9911.0973,12208,5823,-0.04434629,-0.01893081,-0.05513017,-0.04434629,-9911.0973,223493.2844,OK,0.0000,396.4439,4.0000,96.0000,AG03-UNRESOLVED,ALL5_LEVELS_bet23_to_bet27,396.4439,396.4439,396.4439,594.6658,594.6658,4.000000,4.000000,4.000000,6.000000,6.000000,96.000000,96.000000,96.000000,94.000000,94.000000,5.0,2378.6634,2163.0699,7532.4340,7748.0274,PENDING_AG03,FALSE,NOT_FOR_ENFORCEMENT,9514.6534,197836.1275,9911.0973,9514.6534,396.4439,0.04434629,0.04257244,396.4439,9514.6534,0.04257244,396.4439,396.4439,396.4439,594.6658,594.6658,9514.6534,0.04257244,2378.6634,2163.0699,7532.4340,7748.0274,0.03370318,0.03466783,0.00177385,18.3071,35.3906,1.7021,111.3606,22.7319,2511.1605,65.4270,19.5018,17.8433,6.2314,10.3857,29.4087,42.1647,51.0976,84.0248,10.2195,-6.1317,4.919981,8.090411,1.762719,10,81,100,8,0.29790265,0.04434629,0.01893081,0E-8,0.000000,0.922083,0.000000,0.03619937,2026-03-22,2026-08-06,89,436,292,138,0.644928,1.092949,1.065259,0.993009,,,,,,,,GLOBAL_BASELINE_NO_ENTITY_RANKING,,,NOT_APPLICABLE_GLOBAL_BASELINE,HF9g-P5,,,,X 全窗基线 · 不参与实体赏罚,15058554,1506,A168_HF9F_20260827_0900,2026-08-27 09:00:00
2026-06-14,94349862,1205,0,41.5429034336,0E-10,0E-10,0.5000000,2,2,0.49324550000000000,0.493245500000,0.01910635448239258,0.01910635448239258,0.01910635448239258,0E-17,ELIGIBLE,R03b_20260811_FULL_v1,L1_ELIGIBILITY,v2026-08-11,2026-03-21..2026-08-06,baccarat_bet02_101_all_pairs_incl_sentinel,round_win = game_pnl > 0 (decisive only),COMPATIBILITY_ONLY_NOT_PRODUCTION,223493.2844,206079.2994,9911.0973,12208,5823,-0.04434629,-0.01893081,-0.05513017,-0.04434629,-9911.0973,223493.2844,OK,0.0000,396.4439,4.0000,96.0000,AG03-UNRESOLVED,ALL5_LEVELS_bet23_to_bet27,396.4439,396.4439,396.4439,594.6658,594.6658,4.000000,4.000000,4.000000,6.000000,6.000000,96.000000,96.000000,96.000000,94.000000,94.000000,5.0,2378.6634,2163.0699,7532.4340,7748.0274,PENDING_AG03,FALSE,NOT_FOR_ENFORCEMENT,9514.6534,197836.1275,9911.0973,9514.6534,396.4439,0.04434629,0.04257244,396.4439,9514.6534,0.04257244,396.4439,396.4439,396.4439,594.6658,594.6658,9514.6534,0.04257244,2378.6634,2163.0699,7532.4340,7748.0274,0.03370318,0.03466783,0.00177385,18.3071,35.3906,1.7021,111.3606,22.7319,2511.1605,65.4270,19.5018,17.8433,6.2314,10.3857,29.4087,42.1647,51.0976,84.0248,10.2195,-6.1317,4.919981,8.090411,1.762719,10,81,100,8,0.29790265,0.04434629,0.01893081,0E-8,0.000000,0.922083,0.000000,0.03619937,2026-03-22,2026-08-06,89,436,292,138,0.644928,1.092949,1.065259,0.993009,,,,,,,,GLOBAL_BASELINE_NO_ENTITY_RANKING,,,NOT_APPLICABLE_GLOBAL_BASELINE,HF9g-P5,,,,X 全窗基线 · 不参与实体赏罚,15058555,1506,A168_HF9F_20260827_0900,2026-08-27 09:00:00
2026-06-14,94349862,1323,0,558.7520511810,-3.8427185676,-3.8427185676,0.5238095,25,23,0.49469556422362634,0.481290636957,0.2668488642608205,0.38996513756486795,0.2668488642608205,0.01340492726662634,ELIGIBLE,R03b_20260811_FULL_v1,L1_ELIGIBILITY,v2026-08-11,2026-03-21..2026-08-06,baccarat_bet02_101_all_pairs_incl_sentinel,round_win = game_pnl > 0 (decisive only),COMPATIBILITY_ONLY_NOT_PRODUCTION,223493.2844,206079.2994,9911.0973,12208,5823,-0.04434629,-0.01893081,-0.05513017,-0.04434629,-9911.0973,223493.2844,OK,0.0000,396.4439,4.0000,96.0000,AG03-UNRESOLVED,ALL5_LEVELS_bet23_to_bet27,396.4439,396.4439,396.4439,594.6658,594.6658,4.000000,4.000000,4.000000,6.000000,6.000000,96.000000,96.000000,96.000000,94.000000,94.000000,5.0,2378.6634,2163.0699,7532.4340,7748.0274,PENDING_AG03,FALSE,NOT_FOR_ENFORCEMENT,9514.6534,197836.1275,9911.0973,9514.6534,396.4439,0.04434629,0.04257244,396.4439,9514.6534,0.04257244,396.4439,396.4439,396.4439,594.6658,594.6658,9514.6534,0.04257244,2378.6634,2163.0699,7532.4340,7748.0274,0.03370318,0.03466783,0.00177385,18.3071,35.3906,1.7021,111.3606,22.7319,2511.1605,65.4270,19.5018,17.8433,6.2314,10.3857,29.4087,42.1647,51.0976,84.0248,10.2195,-6.1317,4.919981,8.090411,1.762719,10,81,100,8,0.29790265,0.04434629,0.01893081,0E-8,0.000000,0.922083,0.000000,0.03619937,2026-03-22,2026-08-06,89,436,292,138,0.644928,1.092949,1.065259,0.993009,,,,,,,,GLOBAL_BASELINE_NO_ENTITY_RANKING,,,NOT_APPLICABLE_GLOBAL_BASELINE,HF9g-P5,,,,X 全窗基线 · 不参与实体赏罚,15058556,1506,A168_HF9F_20260827_0900,2026-08-27 09:00:00
2026-06-14,94349862,1363,0,216.0230978544,-54.0057744637,-54.0057744637,0.3333333,9,9,0.50218230000000000,0.502182300000,-1.0131034497211469,-1.0131034497211469,-1.0131034497211469,0E-17,ELIGIBLE,R03b_20260811_FULL_v1,L1_ELIGIBILITY,v2026-08-11,2026-03-21..2026-08-06,baccarat_bet02_101_all_pairs_incl_sentinel,round_win = game_pnl > 0 (decisive only),COMPATIBILITY_ONLY_NOT_PRODUCTION,223493.2844,206079.2994,9911.0973,12208,5823,-0.04434629,-0.01893081,-0.05513017,-0.04434629,-9911.0973,223493.2844,OK,0.0000,396.4439,4.0000,96.0000,AG03-UNRESOLVED,ALL5_LEVELS_bet23_to_bet27,396.4439,396.4439,396.4439,594.6658,594.6658,4.000000,4.000000,4.000000,6.000000,6.000000,96.000000,96.000000,96.000000,94.000000,94.000000,5.0,2378.6634,2163.0699,7532.4340,7748.0274,PENDING_AG03,FALSE,NOT_FOR_ENFORCEMENT,9514.6534,197836.1275,9911.0973,9514.6534,396.4439,0.04434629,0.04257244,396.4439,9514.6534,0.04257244,396.4439,396.4439,396.4439,594.6658,594.6658,9514.6534,0.04257244,2378.6634,2163.0699,7532.4340,7748.0274,0.03370318,0.03466783,0.00177385,18.3071,35.3906,1.7021,111.3606,22.7319,2511.1605,65.4270,19.5018,17.8433,6.2314,10.3857,29.4087,42.1647,51.0976,84.0248,10.2195,-6.1317,4.919981,8.090411,1.762719,10,81,100,8,0.29790265,0.04434629,0.01893081,0E-8,0.000000,0.922083,0.000000,0.03619937,2026-03-22,2026-08-06,89,436,292,138,0.644928,1.092949,1.065259,0.993009,,,,,,,,GLOBAL_BASELINE_NO_ENTITY_RANKING,,,NOT_APPLICABLE_GLOBAL_BASELINE,HF9g-P5,,,,X 全窗基线 · 不参与实体赏罚,15058557,1506,A168_HF9F_20260827_0900,2026-08-27 09:00:00
2026-06-14,94349862,1385,0,116.3201296138,61.1719253058,61.1719253058,0.7500000,4,4,0.49659680000000000,0.496596800000,1.0136362796769356,1.0136362796769358,1.0136362796769356,0E-17,ELIGIBLE,R03b_20260811_FULL_v1,L1_ELIGIBILITY,v2026-08-11,2026-03-21..2026-08-06,baccarat_bet02_101_all_pairs_incl_sentinel,round_win = game_pnl > 0 (decisive only),COMPATIBILITY_ONLY_NOT_PRODUCTION,223493.2844,206079.2994,9911.0973,12208,5823,-0.04434629,-0.01893081,-0.05513017,-0.04434629,-9911.0973,223493.2844,OK,0.0000,396.4439,4.0000,96.0000,AG03-UNRESOLVED,ALL5_LEVELS_bet23_to_bet27,396.4439,396.4439,396.4439,594.6658,594.6658,4.000000,4.000000,4.000000,6.000000,6.000000,96.000000,96.000000,96.000000,94.000000,94.000000,5.0,2378.6634,2163.0699,7532.4340,7748.0274,PENDING_AG03,FALSE,NOT_FOR_ENFORCEMENT,9514.6534,197836.1275,9911.0973,9514.6534,396.4439,0.04434629,0.04257244,396.4439,9514.6534,0.04257244,396.4439,396.4439,396.4439,594.6658,594.6658,9514.6534,0.04257244,2378.6634,2163.0699,7532.4340,7748.0274,0.03370318,0.03466783,0.00177385,18.3071,35.3906,1.7021,111.3606,22.7319,2511.1605,65.4270,19.5018,17.8433,6.2314,10.3857,29.4087,42.1647,51.0976,84.0248,10.2195,-6.1317,4.919981,8.090411,1.762719,10,81,100,8,0.29790265,0.04434629,0.01893081,0E-8,0.000000,0.922083,0.000000,0.03619937,2026-03-22,2026-08-06,89,436,292,138,0.644928,1.092949,1.065259,0.993009,,,,,,,,GLOBAL_BASELINE_NO_ENTITY_RANKING,,,NOT_APPLICABLE_GLOBAL_BASELINE,HF9g-P5,,,,X 全窗基线 · 不参与实体赏罚,15058558,1506,A168_HF9F_20260827_0900,2026-08-27 09:00:00
2026-06-14,94349862,1702,0,251.3345657728,-39.5696155204,-39.5696155204,0.4000000,13,5,0.41884471956240750,0.240489010000,-0.08540869077664932,0.8345665312978936,-0.08540869077664932,0.17835570956240750,ELIGIBLE,R03b_20260811_FULL_v1,L1_ELIGIBILITY,v2026-08-11,2026-03-21..2026-08-06,baccarat_bet02_101_all_pairs_incl_sentinel,round_win = game_pnl > 0 (decisive only),COMPATIBILITY_ONLY_NOT_PRODUCTION,223493.2844,206079.2994,9911.0973,12208,5823,-0.04434629,-0.01893081,-0.05513017,-0.04434629,-9911.0973,223493.2844,OK,0.0000,396.4439,4.0000,96.0000,AG03-UNRESOLVED,ALL5_LEVELS_bet23_to_bet27,396.4439,396.4439,396.4439,594.6658,594.6658,4.000000,4.000000,4.000000,6.000000,6.000000,96.000000,96.000000,96.000000,94.000000,94.000000,5.0,2378.6634,2163.0699,7532.4340,7748.0274,PENDING_AG03,FALSE,NOT_FOR_ENFORCEMENT,9514.6534,197836.1275,9911.0973,9514.6534,396.4439,0.04434629,0.04257244,396.4439,9514.6534,0.04257244,396.4439,396.4439,396.4439,594.6658,594.6658,9514.6534,0.04257244,2378.6634,2163.0699,7532.4340,7748.0274,0.03370318,0.03466783,0.00177385,18.3071,35.3906,1.7021,111.3606,22.7319,2511.1605,65.4270,19.5018,17.8433,6.2314,10.3857,29.4087,42.1647,51.0976,84.0248,10.2195,-6.1317,4.919981,8.090411,1.762719,10,81,100,8,0.29790265,0.04434629,0.01893081,0E-8,0.000000,0.922083,0.000000,0.03619937,2026-03-22,2026-08-06,89,436,292,138,0.644928,1.092949,1.065259,0.993009,,,,,,,,GLOBAL_BASELINE_NO_ENTITY_RANKING,,,NOT_APPLICABLE_GLOBAL_BASELINE,HF9g-P5,,,,X 全窗基线 · 不参与实体赏罚,15058559,1506,A168_HF9F_20260827_0900,2026-08-27 09:00:00
2026-06-14,94349862,1714,0,749.8494069749,-101.0531126022,-101.0531126022,0.4074074,34,27,0.47974978955263722,0.441733303704,-0.7524214342108478,-0.3591723003962303,-0.7524214342108478,0.03801648584863722,ELIGIBLE,R03b_20260811_FULL_v1,L1_ELIGIBILITY,v2026-08-11,2026-03-21..2026-08-06,baccarat_bet02_101_all_pairs_incl_sentinel,round_win = game_pnl > 0 (decisive only),COMPATIBILITY_ONLY_NOT_PRODUCTION,223493.2844,206079.2994,9911.0973,12208,5823,-0.04434629,-0.01893081,-0.05513017,-0.04434629,-9911.0973,223493.2844,OK,0.0000,396.4439,4.0000,96.0000,AG03-UNRESOLVED,ALL5_LEVELS_bet23_to_bet27,396.4439,396.4439,396.4439,594.6658,594.6658,4.000000,4.000000,4.000000,6.000000,6.000000,96.000000,96.000000,96.000000,94.000000,94.000000,5.0,2378.6634,2163.0699,7532.4340,7748.0274,PENDING_AG03,FALSE,NOT_FOR_ENFORCEMENT,9514.6534,197836.1275,9911.0973,9514.6534,396.4439,0.04434629,0.04257244,396.4439,9514.6534,0.04257244,396.4439,396.4439,396.4439,594.6658,594.6658,9514.6534,0.04257244,2378.6634,2163.0699,7532.4340,7748.0274,0.03370318,0.03466783,0.00177385,18.3071,35.3906,1.7021,111.3606,22.7319,2511.1605,65.4270,19.5018,17.8433,6.2314,10.3857,29.4087,42.1647,51.0976,84.0248,10.2195,-6.1317,4.919981,8.090411,1.762719,10,81,100,8,0.29790265,0.04434629,0.01893081,0E-8,0.000000,0.922083,0.000000,0.03619937,2026-03-22,2026-08-06,89,436,292,138,0.644928,1.092949,1.065259,0.993009,,,,,,,,GLOBAL_BASELINE_NO_ENTITY_RANKING,,,NOT_APPLICABLE_GLOBAL_BASELINE,HF9g-P5,,,,X 全窗基线 · 不参与实体赏罚,15058560,1506,A168_HF9F_20260827_0900,2026-08-27 09:00:00
2026-06-14,94349862,2106,0,752.5496956984,-158.1019047421,-158.1019047421,0.4545455,44,22,0.44267649151633292,0.321453320455,0.1120797636945491,1.3366413936619352,0.1120797636945491,0.12122317106133292,ELIGIBLE,R03b_20260811_FULL_v1,L1_ELIGIBILITY,v2026-08-11,2026-03-21..2026-08-06,baccarat_bet02_101_all_pairs_incl_sentinel,round_win = game_pnl > 0 (decisive only),COMPATIBILITY_ONLY_NOT_PRODUCTION,223493.2844,206079.2994,9911.0973,12208,5823,-0.04434629,-0.01893081,-0.05513017,-0.04434629,-9911.0973,223493.2844,OK,0.0000,396.4439,4.0000,96.0000,AG03-UNRESOLVED,ALL5_LEVELS_bet23_to_bet27,396.4439,396.4439,396.4439,594.6658,594.6658,4.000000,4.000000,4.000000,6.000000,6.000000,96.000000,96.000000,96.000000,94.000000,94.000000,5.0,2378.6634,2163.0699,7532.4340,7748.0274,PENDING_AG03,FALSE,NOT_FOR_ENFORCEMENT,9514.6534,197836.1275,9911.0973,9514.6534,396.4439,0.04434629,0.04257244,396.4439,9514.6534,0.04257244,396.4439,396.4439,396.4439,594.6658,594.6658,9514.6534,0.04257244,2378.6634,2163.0699,7532.4340,7748.0274,0.03370318,0.03466783,0.00177385,18.3071,35.3906,1.7021,111.3606,22.7319,2511.1605,65.4270,19.5018,17.8433,6.2314,10.3857,29.4087,42.1647,51.0976,84.0248,10.2195,-6.1317,4.919981,8.090411,1.762719,10,81,100,8,0.29790265,0.04434629,0.01893081,0E-8,0.000000,0.922083,0.000000,0.03619937,2026-03-22,2026-08-06,89,436,292,138,0.644928,1.092949,1.065259,0.993009,,,,,,,,GLOBAL_BASELINE_NO_ENTITY_RANKING,,,NOT_APPLICABLE_GLOBAL_BASELINE,HF9g-P5,,,,X 全窗基线 · 不参与实体赏罚,15058561,1506,A168_HF9F_20260827_0900,2026-08-27 09:00:00
2026-06-17,94349862,1109,0,230.3553995391,23.0563114056,23.0563114056,0.4615385,17,14,0.47876913225107742,0.451272414286,-0.12436429846280005,0.07438359170622226,-0.12436429846280005,0.02749671796507742,ELIGIBLE,R03b_20260811_FULL_v1,L1_ELIGIBILITY,v2026-08-11,2026-03-21..2026-08-06,baccarat_bet02_101_all_pairs_incl_sentinel,round_win = game_pnl > 0 (decisive only),COMPATIBILITY_ONLY_NOT_PRODUCTION,223493.2844,206079.2994,9911.0973,12208,5823,-0.04434629,-0.01893081,-0.05513017,-0.04434629,-9911.0973,223493.2844,OK,0.0000,396.4439,4.0000,96.0000,AG03-UNRESOLVED,ALL5_LEVELS_bet23_to_bet27,396.4439,396.4439,396.4439,594.6658,594.6658,4.000000,4.000000,4.000000,6.000000,6.000000,96.000000,96.000000,96.000000,94.000000,94.000000,5.0,2378.6634,2163.0699,7532.4340,7748.0274,PENDING_AG03,FALSE,NOT_FOR_ENFORCEMENT,9514.6534,197836.1275,9911.0973,9514.6534,396.4439,0.04434629,0.04257244,396.4439,9514.6534,0.04257244,396.4439,396.4439,396.4439,594.6658,594.6658,9514.6534,0.04257244,2378.6634,2163.0699,7532.4340,7748.0274,0.03370318,0.03466783,0.00177385,18.3071,35.3906,1.7021,111.3606,22.7319,2511.1605,65.4270,19.5018,17.8433,6.2314,10.3857,29.4087,42.1647,51.0976,84.0248,10.2195,-6.1317,4.919981,8.090411,1.762719,10,81,100,8,0.29790265,0.04434629,0.01893081,0E-8,0.000000,0.922083,0.000000,0.03619937,2026-03-22,2026-08-06,89,436,292,138,0.644928,1.092949,1.065259,0.993009,,,,,,,,GLOBAL_BASELINE_NO_ENTITY_RANKING,,,NOT_APPLICABLE_GLOBAL_BASELINE,HF9g-P5,,,,X 全窗基线 · 不参与实体赏罚,15058562,1506,A168_HF9F_20260827_0900,2026-08-27 09:00:00
2026-06-17,94349862,1385,0,122.9669941632,-6.8753505181,-6.8753505181,0.6666667,9,9,0.49920336666666667,0.499203366667,1.0047810753185216,1.0047810753165205,1.0047810753185216,-3.3333E-13,ELIGIBLE,R03b_20260811_FULL_v1,L1_ELIGIBILITY,v2026-08-11,2026-03-21..2026-08-06,baccarat_bet02_101_all_pairs_incl_sentinel,round_win = game_pnl > 0 (decisive only),COMPATIBILITY_ONLY_NOT_PRODUCTION,223493.2844,206079.2994,9911.0973,12208,5823,-0.04434629,-0.01893081,-0.05513017,-0.04434629,-9911.0973,223493.2844,OK,0.0000,396.4439,4.0000,96.0000,AG03-UNRESOLVED,ALL5_LEVELS_bet23_to_bet27,396.4439,396.4439,396.4439,594.6658,594.6658,4.000000,4.000000,4.000000,6.000000,6.000000,96.000000,96.000000,96.000000,94.000000,94.000000,5.0,2378.6634,2163.0699,7532.4340,7748.0274,PENDING_AG03,FALSE,NOT_FOR_ENFORCEMENT,9514.6534,197836.1275,9911.0973,9514.6534,396.4439,0.04434629,0.04257244,396.4439,9514.6534,0.04257244,396.4439,396.4439,396.4439,594.6658,594.6658,9514.6534,0.04257244,2378.6634,2163.0699,7532.4340,7748.0274,0.03370318,0.03466783,0.00177385,18.3071,35.3906,1.7021,111.3606,22.7319,2511.1605,65.4270,19.5018,17.8433,6.2314,10.3857,29.4087,42.1647,51.0976,84.0248,10.2195,-6.1317,4.919981,8.090411,1.762719,10,81,100,8,0.29790265,0.04434629,0.01893081,0E-8,0.000000,0.922083,0.000000,0.03619937,2026-03-22,2026-08-06,89,436,292,138,0.644928,1.092949,1.065259,0.993009,,,,,,,,GLOBAL_BASELINE_NO_ENTITY_RANKING,,,NOT_APPLICABLE_GLOBAL_BASELINE,HF9g-P5,,,,X 全窗基线 · 不参与实体赏罚,15058563,1506,A168_HF9F_20260827_0900,2026-08-27 09:00:00
2026-06-17,94349862,1654,0,371.6012712127,-60.7357248199,-60.7357248199,0.5000000,23,14,0.45276824042306420,0.383480501190,0.35503773801504673,0.8966388954202859,0.35503773801504673,0.06928773923306420,ELIGIBLE,R03b_20260811_FULL_v1,L1_ELIGIBILITY,v2026-08-11,2026-03-21..2026-08-06,baccarat_bet02_101_all_pairs_incl_sentinel,round_win = game_pnl > 0 (decisive only),COMPATIBILITY_ONLY_NOT_PRODUCTION,223493.2844,206079.2994,9911.0973,12208,5823,-0.04434629,-0.01893081,-0.05513017,-0.04434629,-9911.0973,223493.2844,OK,0.0000,396.4439,4.0000,96.0000,AG03-UNRESOLVED,ALL5_LEVELS_bet23_to_bet27,396.4439,396.4439,396.4439,594.6658,594.6658,4.000000,4.000000,4.000000,6.000000,6.000000,96.000000,96.000000,96.000000,94.000000,94.000000,5.0,2378.6634,2163.0699,7532.4340,7748.0274,PENDING_AG03,FALSE,NOT_FOR_ENFORCEMENT,9514.6534,197836.1275,9911.0973,9514.6534,396.4439,0.04434629,0.04257244,396.4439,9514.6534,0.04257244,396.4439,396.4439,396.4439,594.6658,594.6658,9514.6534,0.04257244,2378.6634,2163.0699,7532.4340,7748.0274,0.03370318,0.03466783,0.00177385,18.3071,35.3906,1.7021,111.3606,22.7319,2511.1605,65.4270,19.5018,17.8433,6.2314,10.3857,29.4087,42.1647,51.0976,84.0248,10.2195,-6.1317,4.919981,8.090411,1.762719,10,81,100,8,0.29790265,0.04434629,0.01893081,0E-8,0.000000,0.922083,0.000000,0.03619937,2026-03-22,2026-08-06,89,436,292,138,0.644928,1.092949,1.065259,0.993009,,,,,,,,GLOBAL_BASELINE_NO_ENTITY_RANKING,,,NOT_APPLICABLE_GLOBAL_BASELINE,HF9g-P5,,,,X 全窗基线 · 不参与实体赏罚,15058564,1506,A168_HF9F_20260827_0900,2026-08-27 09:00:00
2026-06-17,94349862,2106,0,18.6943065451,17.7595912178,17.7595912178,1.0000000,1,1,0.50665070000000000,0.506650700000,0.9867858985152569,0.9867858985152569,0.9867858985152569,0E-17,ELIGIBLE,R03b_20260811_FULL_v1,L1_ELIGIBILITY,v2026-08-11,2026-03-21..2026-08-06,baccarat_bet02_101_all_pairs_incl_sentinel,round_win = game_pnl > 0 (decisive only),COMPATIBILITY_ONLY_NOT_PRODUCTION,223493.2844,206079.2994,9911.0973,12208,5823,-0.04434629,-0.01893081,-0.05513017,-0.04434629,-9911.0973,223493.2844,OK,0.0000,396.4439,4.0000,96.0000,AG03-UNRESOLVED,ALL5_LEVELS_bet23_to_bet27,396.4439,396.4439,396.4439,594.6658,594.6658,4.000000,4.000000,4.000000,6.000000,6.000000,96.000000,96.000000,96.000000,94.000000,94.000000,5.0,2378.6634,2163.0699,7532.4340,7748.0274,PENDING_AG03,FALSE,NOT_FOR_ENFORCEMENT,9514.6534,197836.1275,9911.0973,9514.6534,396.4439,0.04434629,0.04257244,396.4439,9514.6534,0.04257244,396.4439,396.4439,396.4439,594.6658,594.6658,9514.6534,0.04257244,2378.6634,2163.0699,7532.4340,7748.0274,0.03370318,0.03466783,0.00177385,18.3071,35.3906,1.7021,111.3606,22.7319,2511.1605,65.4270,19.5018,17.8433,6.2314,10.3857,29.4087,42.1647,51.0976,84.0248,10.2195,-6.1317,4.919981,8.090411,1.762719,10,81,100,8,0.29790265,0.04434629,0.01893081,0E-8,0.000000,0.922083,0.000000,0.03619937,2026-03-22,2026-08-06,89,436,292,138,0.644928,1.092949,1.065259,0.993009,,,,,,,,GLOBAL_BASELINE_NO_ENTITY_RANKING,,,NOT_APPLICABLE_GLOBAL_BASELINE,HF9g-P5,,,,X 全窗基线 · 不参与实体赏罚,15058565,1506,A168_HF9F_20260827_0900,2026-08-27 09:00:00
2026-06-17,94349862,789,0,37.3886130902,-37.3886130902,-37.3886130902,0E-7,2,2,0.49994810000000000,0.499948100000,-1.4140667746232096,-1.4140667746232096,-1.4140667746232096,0E-17,ELIGIBLE,R03b_20260811_FULL_v1,L1_ELIGIBILITY,v2026-08-11,2026-03-21..2026-08-06,baccarat_bet02_101_all_pairs_incl_sentinel,round_win = game_pnl > 0 (decisive only),COMPATIBILITY_ONLY_NOT_PRODUCTION,223493.2844,206079.2994,9911.0973,12208,5823,-0.04434629,-0.01893081,-0.05513017,-0.04434629,-9911.0973,223493.2844,OK,0.0000,396.4439,4.0000,96.0000,AG03-UNRESOLVED,ALL5_LEVELS_bet23_to_bet27,396.4439,396.4439,396.4439,594.6658,594.6658,4.000000,4.000000,4.000000,6.000000,6.000000,96.000000,96.000000,96.000000,94.000000,94.000000,5.0,2378.6634,2163.0699,7532.4340,7748.0274,PENDING_AG03,FALSE,NOT_FOR_ENFORCEMENT,9514.6534,197836.1275,9911.0973,9514.6534,396.4439,0.04434629,0.04257244,396.4439,9514.6534,0.04257244,396.4439,396.4439,396.4439,594.6658,594.6658,9514.6534,0.04257244,2378.6634,2163.0699,7532.4340,7748.0274,0.03370318,0.03466783,0.00177385,18.3071,35.3906,1.7021,111.3606,22.7319,2511.1605,65.4270,19.5018,17.8433,6.2314,10.3857,29.4087,42.1647,51.0976,84.0248,10.2195,-6.1317,4.919981,8.090411,1.762719,10,81,100,8,0.29790265,0.04434629,0.01893081,0E-8,0.000000,0.922083,0.000000,0.03619937,2026-03-22,2026-08-06,89,436,292,138,0.644928,1.092949,1.065259,0.993009,,,,,,,,GLOBAL_BASELINE_NO_ENTITY_RANKING,,,NOT_APPLICABLE_GLOBAL_BASELINE,HF9g-P5,,,,X 全窗基线 · 不参与实体赏罚,15058566,1506,A168_HF9F_20260827_0900,2026-08-27 09:00:00
2026-06-19,94349862,1385,0,14.3323016847,3.7388613090,3.7388613090,0.7500000,5,5,0.50128862000000000,0.501288620000,0.9948488239810122,0.9948488239810122,0.9948488239810122,0E-17,ELIGIBLE,R03b_20260811_FULL_v1,L1_ELIGIBILITY,v2026-08-11,2026-03-21..2026-08-06,baccarat_bet02_101_all_pairs_incl_sentinel,round_win = game_pnl > 0 (decisive only),COMPATIBILITY_ONLY_NOT_PRODUCTION,223493.2844,206079.2994,9911.0973,12208,5823,-0.04434629,-0.01893081,-0.05513017,-0.04434629,-9911.0973,223493.2844,OK,0.0000,396.4439,4.0000,96.0000,AG03-UNRESOLVED,ALL5_LEVELS_bet23_to_bet27,396.4439,396.4439,396.4439,594.6658,594.6658,4.000000,4.000000,4.000000,6.000000,6.000000,96.000000,96.000000,96.000000,94.000000,94.000000,5.0,2378.6634,2163.0699,7532.4340,7748.0274,PENDING_AG03,FALSE,NOT_FOR_ENFORCEMENT,9514.6534,197836.1275,9911.0973,9514.6534,396.4439,0.04434629,0.04257244,396.4439,9514.6534,0.04257244,396.4439,396.4439,396.4439,594.6658,594.6658,9514.6534,0.04257244,2378.6634,2163.0699,7532.4340,7748.0274,0.03370318,0.03466783,0.00177385,18.3071,35.3906,1.7021,111.3606,22.7319,2511.1605,65.4270,19.5018,17.8433,6.2314,10.3857,29.4087,42.1647,51.0976,84.0248,10.2195,-6.1317,4.919981,8.090411,1.762719,10,81,100,8,0.29790265,0.04434629,0.01893081,0E-8,0.000000,0.922083,0.000000,0.03619937,2026-03-22,2026-08-06,89,436,292,138,0.644928,1.092949,1.065259,0.993009,,,,,,,,GLOBAL_BASELINE_NO_ENTITY_RANKING,,,NOT_APPLICABLE_GLOBAL_BASELINE,HF9g-P5,,,,X 全窗基线 · 不参与实体赏罚,15058567,1506,A168_HF9F_20260827_0900,2026-08-27 09:00:00
2026-06-19,94349862,2129,0,31.5726066096,-7.9762374592,-7.9762374592,0.5000000,7,7,0.50665070000000000,0.506650700000,-0.032584525537284574,-0.032584525537284574,-0.032584525537284574,0E-17,ELIGIBLE,R03b_20260811_FULL_v1,L1_ELIGIBILITY,v2026-08-11,2026-03-21..2026-08-06,baccarat_bet02_101_all_pairs_incl_sentinel,round_win = game_pnl > 0 (decisive only),COMPATIBILITY_ONLY_NOT_PRODUCTION,223493.2844,206079.2994,9911.0973,12208,5823,-0.04434629,-0.01893081,-0.05513017,-0.04434629,-9911.0973,223493.2844,OK,0.0000,396.4439,4.0000,96.0000,AG03-UNRESOLVED,ALL5_LEVELS_bet23_to_bet27,396.4439,396.4439,396.4439,594.6658,594.6658,4.000000,4.000000,4.000000,6.000000,6.000000,96.000000,96.000000,96.000000,94.000000,94.000000,5.0,2378.6634,2163.0699,7532.4340,7748.0274,PENDING_AG03,FALSE,NOT_FOR_ENFORCEMENT,9514.6534,197836.1275,9911.0973,9514.6534,396.4439,0.04434629,0.04257244,396.4439,9514.6534,0.04257244,396.4439,396.4439,396.4439,594.6658,594.6658,9514.6534,0.04257244,2378.6634,2163.0699,7532.4340,7748.0274,0.03370318,0.03466783,0.00177385,18.3071,35.3906,1.7021,111.3606,22.7319,2511.1605,65.4270,19.5018,17.8433,6.2314,10.3857,29.4087,42.1647,51.0976,84.0248,10.2195,-6.1317,4.919981,8.090411,1.762719,10,81,100,8,0.29790265,0.04434629,0.01893081,0E-8,0.000000,0.922083,0.000000,0.03619937,2026-03-22,2026-08-06,89,436,292,138,0.644928,1.092949,1.065259,0.993009,,,,,,,,GLOBAL_BASELINE_NO_ENTITY_RANKING,,,NOT_APPLICABLE_GLOBAL_BASELINE,HF9g-P5,,,,X 全窗基线 · 不参与实体赏罚,15058568,1506,A168_HF9F_20260827_0900,2026-08-27 09:00:00
2026-06-20,94349862,1383,0,356.0226824250,-45.6660365990,-45.6660365990,0.5454545,23,12,0.44792308197085520,0.364851201389,0.6504884163485123,1.2443040058212402,0.6504884163485123,0.08307188058185520,ELIGIBLE,R03b_20260811_FULL_v1,L1_ELIGIBILITY,v2026-08-11,2026-03-21..2026-08-06,baccarat_bet02_101_all_pairs_incl_sentinel,round_win = game_pnl > 0 (decisive only),COMPATIBILITY_ONLY_NOT_PRODUCTION,223493.2844,206079.2994,9911.0973,12208,5823,-0.04434629,-0.01893081,-0.05513017,-0.04434629,-9911.0973,223493.2844,OK,0.0000,396.4439,4.0000,96.0000,AG03-UNRESOLVED,ALL5_LEVELS_bet23_to_bet27,396.4439,396.4439,396.4439,594.6658,594.6658,4.000000,4.000000,4.000000,6.000000,6.000000,96.000000,96.000000,96.000000,94.000000,94.000000,5.0,2378.6634,2163.0699,7532.4340,7748.0274,PENDING_AG03,FALSE,NOT_FOR_ENFORCEMENT,9514.6534,197836.1275,9911.0973,9514.6534,396.4439,0.04434629,0.04257244,396.4439,9514.6534,0.04257244,396.4439,396.4439,396.4439,594.6658,594.6658,9514.6534,0.04257244,2378.6634,2163.0699,7532.4340,7748.0274,0.03370318,0.03466783,0.00177385,18.3071,35.3906,1.7021,111.3606,22.7319,2511.1605,65.4270,19.5018,17.8433,6.2314,10.3857,29.4087,42.1647,51.0976,84.0248,10.2195,-6.1317,4.919981,8.090411,1.762719,10,81,100,8,0.29790265,0.04434629,0.01893081,0E-8,0.000000,0.922083,0.000000,0.03619937,2026-03-22,2026-08-06,89,436,292,138,0.644928,1.092949,1.065259,0.993009,,,,,,,,GLOBAL_BASELINE_NO_ENTITY_RANKING,,,NOT_APPLICABLE_GLOBAL_BASELINE,HF9g-P5,,,,X 全窗基线 · 不参与实体赏罚,15058569,1506,A168_HF9F_20260827_0900,2026-08-27 09:00:00
2026-06-20,94349862,1385,0,501.2151299249,-81.7668196827,-81.7668196827,0.5833333,32,12,0.41305477001640288,0.262700631250,1.197975649796899,2.523747773429068,1.197975649796899,0.15035413876640288,ELIGIBLE,R03b_20260811_FULL_v1,L1_ELIGIBILITY,v2026-08-11,2026-03-21..2026-08-06,baccarat_bet02_101_all_pairs_incl_sentinel,round_win = game_pnl > 0 (decisive only),COMPATIBILITY_ONLY_NOT_PRODUCTION,223493.2844,206079.2994,9911.0973,12208,5823,-0.04434629,-0.01893081,-0.05513017,-0.04434629,-9911.0973,223493.2844,OK,0.0000,396.4439,4.0000,96.0000,AG03-UNRESOLVED,ALL5_LEVELS_bet23_to_bet27,396.4439,396.4439,396.4439,594.6658,594.6658,4.000000,4.000000,4.000000,6.000000,6.000000,96.000000,96.000000,96.000000,94.000000,94.000000,5.0,2378.6634,2163.0699,7532.4340,7748.0274,PENDING_AG03,FALSE,NOT_FOR_ENFORCEMENT,9514.6534,197836.1275,9911.0973,9514.6534,396.4439,0.04434629,0.04257244,396.4439,9514.6534,0.04257244,396.4439,396.4439,396.4439,594.6658,594.6658,9514.6534,0.04257244,2378.6634,2163.0699,7532.4340,7748.0274,0.03370318,0.03466783,0.00177385,18.3071,35.3906,1.7021,111.3606,22.7319,2511.1605,65.4270,19.5018,17.8433,6.2314,10.3857,29.4087,42.1647,51.0976,84.0248,10.2195,-6.1317,4.919981,8.090411,1.762719,10,81,100,8,0.29790265,0.04434629,0.01893081,0E-8,0.000000,0.922083,0.000000,0.03619937,2026-03-22,2026-08-06,89,436,292,138,0.644928,1.092949,1.065259,0.993009,,,,,,,,GLOBAL_BASELINE_NO_ENTITY_RANKING,,,NOT_APPLICABLE_GLOBAL_BASELINE,HF9g-P5,,,,X 全窗基线 · 不参与实体赏罚,15058570,1506,A168_HF9F_20260827_0900,2026-08-27 09:00:00
2026-06-20,94349862,2130,0,197.3287913092,-67.9226471137,-67.9226471137,0.2500000,10,6,0.47218963022214438,0.403845677778,-0.8901364802305879,-0.6270876200746166,-0.8901364802305879,0.06834395244414438,ELIGIBLE,R03b_20260811_FULL_v1,L1_ELIGIBILITY,v2026-08-11,2026-03-21..2026-08-06,baccarat_bet02_101_all_pairs_incl_sentinel,round_win = game_pnl > 0 (decisive only),COMPATIBILITY_ONLY_NOT_PRODUCTION,223493.2844,206079.2994,9911.0973,12208,5823,-0.04434629,-0.01893081,-0.05513017,-0.04434629,-9911.0973,223493.2844,OK,0.0000,396.4439,4.0000,96.0000,AG03-UNRESOLVED,ALL5_LEVELS_bet23_to_bet27,396.4439,396.4439,396.4439,594.6658,594.6658,4.000000,4.000000,4.000000,6.000000,6.000000,96.000000,96.000000,96.000000,94.000000,94.000000,5.0,2378.6634,2163.0699,7532.4340,7748.0274,PENDING_AG03,FALSE,NOT_FOR_ENFORCEMENT,9514.6534,197836.1275,9911.0973,9514.6534,396.4439,0.04434629,0.04257244,396.4439,9514.6534,0.04257244,396.4439,396.4439,396.4439,594.6658,594.6658,9514.6534,0.04257244,2378.6634,2163.0699,7532.4340,7748.0274,0.03370318,0.03466783,0.00177385,18.3071,35.3906,1.7021,111.3606,22.7319,2511.1605,65.4270,19.5018,17.8433,6.2314,10.3857,29.4087,42.1647,51.0976,84.0248,10.2195,-6.1317,4.919981,8.090411,1.762719,10,81,100,8,0.29790265,0.04434629,0.01893081,0E-8,0.000000,0.922083,0.000000,0.03619937,2026-03-22,2026-08-06,89,436,292,138,0.644928,1.092949,1.065259,0.993009,,,,,,,,GLOBAL_BASELINE_NO_ENTITY_RANKING,,,NOT_APPLICABLE_GLOBAL_BASELINE,HF9g-P5,,,,X 全窗基线 · 不参与实体赏罚,15058571,1506,A168_HF9F_20260827_0900,2026-08-27 09:00:00
2026-06-20,94349862,2167,0,272.1060174895,-41.7506179505,-41.7506179505,0.3750000,15,8,0.44670153808933610,0.348558127083,-0.40792940322272425,0.1569501608990088,-0.40792940322272425,0.09814341100633610,ELIGIBLE,R03b_20260811_FULL_v1,L1_ELIGIBILITY,v2026-08-11,2026-03-21..2026-08-06,baccarat_bet02_101_all_pairs_incl_sentinel,round_win = game_pnl > 0 (decisive only),COMPATIBILITY_ONLY_NOT_PRODUCTION,223493.2844,206079.2994,9911.0973,12208,5823,-0.04434629,-0.01893081,-0.05513017,-0.04434629,-9911.0973,223493.2844,OK,0.0000,396.4439,4.0000,96.0000,AG03-UNRESOLVED,ALL5_LEVELS_bet23_to_bet27,396.4439,396.4439,396.4439,594.6658,594.6658,4.000000,4.000000,4.000000,6.000000,6.000000,96.000000,96.000000,96.000000,94.000000,94.000000,5.0,2378.6634,2163.0699,7532.4340,7748.0274,PENDING_AG03,FALSE,NOT_FOR_ENFORCEMENT,9514.6534,197836.1275,9911.0973,9514.6534,396.4439,0.04434629,0.04257244,396.4439,9514.6534,0.04257244,396.4439,396.4439,396.4439,594.6658,594.6658,9514.6534,0.04257244,2378.6634,2163.0699,7532.4340,7748.0274,0.03370318,0.03466783,0.00177385,18.3071,35.3906,1.7021,111.3606,22.7319,2511.1605,65.4270,19.5018,17.8433,6.2314,10.3857,29.4087,42.1647,51.0976,84.0248,10.2195,-6.1317,4.919981,8.090411,1.762719,10,81,100,8,0.29790265,0.04434629,0.01893081,0E-8,0.000000,0.922083,0.000000,0.03619937,2026-03-22,2026-08-06,89,436,292,138,0.644928,1.092949,1.065259,0.993009,,,,,,,,GLOBAL_BASELINE_NO_ENTITY_RANKING,,,NOT_APPLICABLE_GLOBAL_BASELINE,HF9g-P5,,,,X 全窗基线 · 不参与实体赏罚,15058572,1506,A168_HF9F_20260827_0900,2026-08-27 09:00:00
2026-06-20,94349862,2261,0,281.6608852794,-2.3471740441,-2.3471740441,0.5555556,23,9,0.38873283305312012,0.246769596296,1.0266804987901643,2.1486666987855854,1.0266804987901643,0.14196323675712012,ELIGIBLE,R03b_20260811_FULL_v1,L1_ELIGIBILITY,v2026-08-11,2026-03-21..2026-08-06,baccarat_bet02_101_all_pairs_incl_sentinel,round_win = game_pnl > 0 (decisive only),COMPATIBILITY_ONLY_NOT_PRODUCTION,223493.2844,206079.2994,9911.0973,12208,5823,-0.04434629,-0.01893081,-0.05513017,-0.04434629,-9911.0973,223493.2844,OK,0.0000,396.4439,4.0000,96.0000,AG03-UNRESOLVED,ALL5_LEVELS_bet23_to_bet27,396.4439,396.4439,396.4439,594.6658,594.6658,4.000000,4.000000,4.000000,6.000000,6.000000,96.000000,96.000000,96.000000,94.000000,94.000000,5.0,2378.6634,2163.0699,7532.4340,7748.0274,PENDING_AG03,FALSE,NOT_FOR_ENFORCEMENT,9514.6534,197836.1275,9911.0973,9514.6534,396.4439,0.04434629,0.04257244,396.4439,9514.6534,0.04257244,396.4439,396.4439,396.4439,594.6658,594.6658,9514.6534,0.04257244,2378.6634,2163.0699,7532.4340,7748.0274,0.03370318,0.03466783,0.00177385,18.3071,35.3906,1.7021,111.3606,22.7319,2511.1605,65.4270,19.5018,17.8433,6.2314,10.3857,29.4087,42.1647,51.0976,84.0248,10.2195,-6.1317,4.919981,8.090411,1.762719,10,81,100,8,0.29790265,0.04434629,0.01893081,0E-8,0.000000,0.922083,0.000000,0.03619937,2026-03-22,2026-08-06,89,436,292,138,0.644928,1.092949,1.065259,0.993009,,,,,,,,GLOBAL_BASELINE_NO_ENTITY_RANKING,,,NOT_APPLICABLE_GLOBAL_BASELINE,HF9g-P5,,,,X 全窗基线 · 不参与实体赏罚,15058573,1506,A168_HF9F_20260827_0900,2026-08-27 09:00:00
2026-06-20,94349862,595,0,84.5398084872,-35.9346114700,-35.9346114700,0.2500000,5,4,0.48452166071412657,0.445955562500,-0.9385364578763363,-0.788441543731305,-0.9385364578763363,0.03856609821412657,ELIGIBLE,R03b_20260811_FULL_v1,L1_ELIGIBILITY,v2026-08-11,2026-03-21..2026-08-06,baccarat_bet02_101_all_pairs_incl_sentinel,round_win = game_pnl > 0 (decisive only),COMPATIBILITY_ONLY_NOT_PRODUCTION,223493.2844,206079.2994,9911.0973,12208,5823,-0.04434629,-0.01893081,-0.05513017,-0.04434629,-9911.0973,223493.2844,OK,0.0000,396.4439,4.0000,96.0000,AG03-UNRESOLVED,ALL5_LEVELS_bet23_to_bet27,396.4439,396.4439,396.4439,594.6658,594.6658,4.000000,4.000000,4.000000,6.000000,6.000000,96.000000,96.000000,96.000000,94.000000,94.000000,5.0,2378.6634,2163.0699,7532.4340,7748.0274,PENDING_AG03,FALSE,NOT_FOR_ENFORCEMENT,9514.6534,197836.1275,9911.0973,9514.6534,396.4439,0.04434629,0.04257244,396.4439,9514.6534,0.04257244,396.4439,396.4439,396.4439,594.6658,594.6658,9514.6534,0.04257244,2378.6634,2163.0699,7532.4340,7748.0274,0.03370318,0.03466783,0.00177385,18.3071,35.3906,1.7021,111.3606,22.7319,2511.1605,65.4270,19.5018,17.8433,6.2314,10.3857,29.4087,42.1647,51.0976,84.0248,10.2195,-6.1317,4.919981,8.090411,1.762719,10,81,100,8,0.29790265,0.04434629,0.01893081,0E-8,0.000000,0.922083,0.000000,0.03619937,2026-03-22,2026-08-06,89,436,292,138,0.644928,1.092949,1.065259,0.993009,,,,,,,,GLOBAL_BASELINE_NO_ENTITY_RANKING,,,NOT_APPLICABLE_GLOBAL_BASELINE,HF9g-P5,,,,X 全窗基线 · 不参与实体赏罚,15058574,1506,A168_HF9F_20260827_0900,2026-08-27 09:00:00
2026-06-21,94349862,1151,0,23.8871694743,-1.6097875081,-1.6097875081,0.5000000,2,2,0.49994810000000000,0.499948100000,0.00014679536856514622,0.00014679536856514622,0.00014679536856514622,0E-17,ELIGIBLE,R03b_20260811_FULL_v1,L1_ELIGIBILITY,v2026-08-11,2026-03-21..2026-08-06,baccarat_bet02_101_all_pairs_incl_sentinel,round_win = game_pnl > 0 (decisive only),COMPATIBILITY_ONLY_NOT_PRODUCTION,223493.2844,206079.2994,9911.0973,12208,5823,-0.04434629,-0.01893081,-0.05513017,-0.04434629,-9911.0973,223493.2844,OK,0.0000,396.4439,4.0000,96.0000,AG03-UNRESOLVED,ALL5_LEVELS_bet23_to_bet27,396.4439,396.4439,396.4439,594.6658,594.6658,4.000000,4.000000,4.000000,6.000000,6.000000,96.000000,96.000000,96.000000,94.000000,94.000000,5.0,2378.6634,2163.0699,7532.4340,7748.0274,PENDING_AG03,FALSE,NOT_FOR_ENFORCEMENT,9514.6534,197836.1275,9911.0973,9514.6534,396.4439,0.04434629,0.04257244,396.4439,9514.6534,0.04257244,396.4439,396.4439,396.4439,594.6658,594.6658,9514.6534,0.04257244,2378.6634,2163.0699,7532.4340,7748.0274,0.03370318,0.03466783,0.00177385,18.3071,35.3906,1.7021,111.3606,22.7319,2511.1605,65.4270,19.5018,17.8433,6.2314,10.3857,29.4087,42.1647,51.0976,84.0248,10.2195,-6.1317,4.919981,8.090411,1.762719,10,81,100,8,0.29790265,0.04434629,0.01893081,0E-8,0.000000,0.922083,0.000000,0.03619937,2026-03-22,2026-08-06,89,436,292,138,0.644928,1.092949,1.065259,0.993009,,,,,,,,GLOBAL_BASELINE_NO_ENTITY_RANKING,,,NOT_APPLICABLE_GLOBAL_BASELINE,HF9g-P5,,,,X 全窗基线 · 不参与实体赏罚,15058575,1506,A168_HF9F_20260827_0900,2026-08-27 09:00:00
2026-06-21,94349862,1323,0,105.3112602040,-63.7683567704,-63.7683567704,0.2500000,8,4,0.44404446299338507,0.345567400000,-0.7810844484137561,-0.4019212062421464,-0.7810844484137561,0.09847706299338507,ELIGIBLE,R03b_20260811_FULL_v1,L1_ELIGIBILITY,v2026-08-11,2026-03-21..2026-08-06,baccarat_bet02_101_all_pairs_incl_sentinel,round_win = game_pnl > 0 (decisive only),COMPATIBILITY_ONLY_NOT_PRODUCTION,223493.2844,206079.2994,9911.0973,12208,5823,-0.04434629,-0.01893081,-0.05513017,-0.04434629,-9911.0973,223493.2844,OK,0.0000,396.4439,4.0000,96.0000,AG03-UNRESOLVED,ALL5_LEVELS_bet23_to_bet27,396.4439,396.4439,396.4439,594.6658,594.6658,4.000000,4.000000,4.000000,6.000000,6.000000,96.000000,96.000000,96.000000,94.000000,94.000000,5.0,2378.6634,2163.0699,7532.4340,7748.0274,PENDING_AG03,FALSE,NOT_FOR_ENFORCEMENT,9514.6534,197836.1275,9911.0973,9514.6534,396.4439,0.04434629,0.04257244,396.4439,9514.6534,0.04257244,396.4439,396.4439,396.4439,594.6658,594.6658,9514.6534,0.04257244,2378.6634,2163.0699,7532.4340,7748.0274,0.03370318,0.03466783,0.00177385,18.3071,35.3906,1.7021,111.3606,22.7319,2511.1605,65.4270,19.5018,17.8433,6.2314,10.3857,29.4087,42.1647,51.0976,84.0248,10.2195,-6.1317,4.919981,8.090411,1.762719,10,81,100,8,0.29790265,0.04434629,0.01893081,0E-8,0.000000,0.922083,0.000000,0.03619937,2026-03-22,2026-08-06,89,436,292,138,0.644928,1.092949,1.065259,0.993009,,,,,,,,GLOBAL_BASELINE_NO_ENTITY_RANKING,,,NOT_APPLICABLE_GLOBAL_BASELINE,HF9g-P5,,,,X 全窗基线 · 不参与实体赏罚,15058576,1506,A168_HF9F_20260827_0900,2026-08-27 09:00:00
2026-06-21,94349862,2167,0,49.8514841203,-20.7714517167,-20.7714517167,0.4000000,5,5,0.49324550000000000,0.493245500000,-0.4170446088060018,-0.4170446088060018,-0.4170446088060018,0E-17,ELIGIBLE,R03b_20260811_FULL_v1,L1_ELIGIBILITY,v2026-08-11,2026-03-21..2026-08-06,baccarat_bet02_101_all_pairs_incl_sentinel,round_win = game_pnl > 0 (decisive only),COMPATIBILITY_ONLY_NOT_PRODUCTION,223493.2844,206079.2994,9911.0973,12208,5823,-0.04434629,-0.01893081,-0.05513017,-0.04434629,-9911.0973,223493.2844,OK,0.0000,396.4439,4.0000,96.0000,AG03-UNRESOLVED,ALL5_LEVELS_bet23_to_bet27,396.4439,396.4439,396.4439,594.6658,594.6658,4.000000,4.000000,4.000000,6.000000,6.000000,96.000000,96.000000,96.000000,94.000000,94.000000,5.0,2378.6634,2163.0699,7532.4340,7748.0274,PENDING_AG03,FALSE,NOT_FOR_ENFORCEMENT,9514.6534,197836.1275,9911.0973,9514.6534,396.4439,0.04434629,0.04257244,396.4439,9514.6534,0.04257244,396.4439,396.4439,396.4439,594.6658,594.6658,9514.6534,0.04257244,2378.6634,2163.0699,7532.4340,7748.0274,0.03370318,0.03466783,0.00177385,18.3071,35.3906,1.7021,111.3606,22.7319,2511.1605,65.4270,19.5018,17.8433,6.2314,10.3857,29.4087,42.1647,51.0976,84.0248,10.2195,-6.1317,4.919981,8.090411,1.762719,10,81,100,8,0.29790265,0.04434629,0.01893081,0E-8,0.000000,0.922083,0.000000,0.03619937,2026-03-22,2026-08-06,89,436,292,138,0.644928,1.092949,1.065259,0.993009,,,,,,,,GLOBAL_BASELINE_NO_ENTITY_RANKING,,,NOT_APPLICABLE_GLOBAL_BASELINE,HF9g-P5,,,,X 全窗基线 · 不参与实体赏罚,15058577,1506,A168_HF9F_20260827_0900,2026-08-27 09:00:00
2026-06-21,94349862,595,0,12.4628710301,-12.4628710301,-12.4628710301,0E-7,1,1,0.50665070000000000,0.506650700000,-1.013391052207602,-1.013391052207602,-1.013391052207602,0E-17,ELIGIBLE,R03b_20260811_FULL_v1,L1_ELIGIBILITY,v2026-08-11,2026-03-21..2026-08-06,baccarat_bet02_101_all_pairs_incl_sentinel,round_win = game_pnl > 0 (decisive only),COMPATIBILITY_ONLY_NOT_PRODUCTION,223493.2844,206079.2994,9911.0973,12208,5823,-0.04434629,-0.01893081,-0.05513017,-0.04434629,-9911.0973,223493.2844,OK,0.0000,396.4439,4.0000,96.0000,AG03-UNRESOLVED,ALL5_LEVELS_bet23_to_bet27,396.4439,396.4439,396.4439,594.6658,594.6658,4.000000,4.000000,4.000000,6.000000,6.000000,96.000000,96.000000,96.000000,94.000000,94.000000,5.0,2378.6634,2163.0699,7532.4340,7748.0274,PENDING_AG03,FALSE,NOT_FOR_ENFORCEMENT,9514.6534,197836.1275,9911.0973,9514.6534,396.4439,0.04434629,0.04257244,396.4439,9514.6534,0.04257244,396.4439,396.4439,396.4439,594.6658,594.6658,9514.6534,0.04257244,2378.6634,2163.0699,7532.4340,7748.0274,0.03370318,0.03466783,0.00177385,18.3071,35.3906,1.7021,111.3606,22.7319,2511.1605,65.4270,19.5018,17.8433,6.2314,10.3857,29.4087,42.1647,51.0976,84.0248,10.2195,-6.1317,4.919981,8.090411,1.762719,10,81,100,8,0.29790265,0.04434629,0.01893081,0E-8,0.000000,0.922083,0.000000,0.03619937,2026-03-22,2026-08-06,89,436,292,138,0.644928,1.092949,1.065259,0.993009,,,,,,,,GLOBAL_BASELINE_NO_ENTITY_RANKING,,,NOT_APPLICABLE_GLOBAL_BASELINE,HF9g-P5,,,,X 全窗基线 · 不参与实体赏罚,15058578,1506,A168_HF9F_20260827_0900,2026-08-27 09:00:00
2026-06-21,94349862,987,0,37.3886130902,-37.3886130902,-37.3886130902,0E-7,3,3,0.50218230000000000,0.502182300000,-1.7396270863184011,-1.7396270863184016,-1.7396270863184011,0E-17,ELIGIBLE,R03b_20260811_FULL_v1,L1_ELIGIBILITY,v2026-08-11,2026-03-21..2026-08-06,baccarat_bet02_101_all_pairs_incl_sentinel,round_win = game_pnl > 0 (decisive only),COMPATIBILITY_ONLY_NOT_PRODUCTION,223493.2844,206079.2994,9911.0973,12208,5823,-0.04434629,-0.01893081,-0.05513017,-0.04434629,-9911.0973,223493.2844,OK,0.0000,396.4439,4.0000,96.0000,AG03-UNRESOLVED,ALL5_LEVELS_bet23_to_bet27,396.4439,396.4439,396.4439,594.6658,594.6658,4.000000,4.000000,4.000000,6.000000,6.000000,96.000000,96.000000,96.000000,94.000000,94.000000,5.0,2378.6634,2163.0699,7532.4340,7748.0274,PENDING_AG03,FALSE,NOT_FOR_ENFORCEMENT,9514.6534,197836.1275,9911.0973,9514.6534,396.4439,0.04434629,0.04257244,396.4439,9514.6534,0.04257244,396.4439,396.4439,396.4439,594.6658,594.6658,9514.6534,0.04257244,2378.6634,2163.0699,7532.4340,7748.0274,0.03370318,0.03466783,0.00177385,18.3071,35.3906,1.7021,111.3606,22.7319,2511.1605,65.4270,19.5018,17.8433,6.2314,10.3857,29.4087,42.1647,51.0976,84.0248,10.2195,-6.1317,4.919981,8.090411,1.762719,10,81,100,8,0.29790265,0.04434629,0.01893081,0E-8,0.000000,0.922083,0.000000,0.03619937,2026-03-22,2026-08-06,89,436,292,138,0.644928,1.092949,1.065259,0.993009,,,,,,,,GLOBAL_BASELINE_NO_ENTITY_RANKING,,,NOT_APPLICABLE_GLOBAL_BASELINE,HF9g-P5,,,,X 全窗基线 · 不参与实体赏罚,15058579,1506,A168_HF9F_20260827_0900,2026-08-27 09:00:00
2026-06-22,94349862,1157,0,81.0086616954,-20.2521654239,-20.2521654239,0.5000000,6,2,0.39312463223667842,0.211640833333,0.3094409149549595,0.9983595285498786,0.3094409149549595,0.18148379890367842,ELIGIBLE,R03b_20260811_FULL_v1,L1_ELIGIBILITY,v2026-08-11,2026-03-21..2026-08-06,baccarat_bet02_101_all_pairs_incl_sentinel,round_win = game_pnl > 0 (decisive only),COMPATIBILITY_ONLY_NOT_PRODUCTION,223493.2844,206079.2994,9911.0973,12208,5823,-0.04434629,-0.01893081,-0.05513017,-0.04434629,-9911.0973,223493.2844,OK,0.0000,396.4439,4.0000,96.0000,AG03-UNRESOLVED,ALL5_LEVELS_bet23_to_bet27,396.4439,396.4439,396.4439,594.6658,594.6658,4.000000,4.000000,4.000000,6.000000,6.000000,96.000000,96.000000,96.000000,94.000000,94.000000,5.0,2378.6634,2163.0699,7532.4340,7748.0274,PENDING_AG03,FALSE,NOT_FOR_ENFORCEMENT,9514.6534,197836.1275,9911.0973,9514.6534,396.4439,0.04434629,0.04257244,396.4439,9514.6534,0.04257244,396.4439,396.4439,396.4439,594.6658,594.6658,9514.6534,0.04257244,2378.6634,2163.0699,7532.4340,7748.0274,0.03370318,0.03466783,0.00177385,18.3071,35.3906,1.7021,111.3606,22.7319,2511.1605,65.4270,19.5018,17.8433,6.2314,10.3857,29.4087,42.1647,51.0976,84.0248,10.2195,-6.1317,4.919981,8.090411,1.762719,10,81,100,8,0.29790265,0.04434629,0.01893081,0E-8,0.000000,0.922083,0.000000,0.03619937,2026-03-22,2026-08-06,89,436,292,138,0.644928,1.092949,1.065259,0.993009,,,,,,,,GLOBAL_BASELINE_NO_ENTITY_RANKING,,,NOT_APPLICABLE_GLOBAL_BASELINE,HF9g-P5,,,,X 全窗基线 · 不参与实体赏罚,15058580,1506,A168_HF9F_20260827_0900,2026-08-27 09:00:00
2026-06-22,94349862,1710,0,770.6208586915,254.8657125649,254.8657125649,0.7500000,48,25,0.45130905201568891,0.350807286333,2.9405377704105864,4.097954249486668,2.9405377704105864,0.10050176568268891,ELIGIBLE,R03b_20260811_FULL_v1,L1_ELIGIBILITY,v2026-08-11,2026-03-21..2026-08-06,baccarat_bet02_101_all_pairs_incl_sentinel,round_win = game_pnl > 0 (decisive only),COMPATIBILITY_ONLY_NOT_PRODUCTION,223493.2844,206079.2994,9911.0973,12208,5823,-0.04434629,-0.01893081,-0.05513017,-0.04434629,-9911.0973,223493.2844,OK,0.0000,396.4439,4.0000,96.0000,AG03-UNRESOLVED,ALL5_LEVELS_bet23_to_bet27,396.4439,396.4439,396.4439,594.6658,594.6658,4.000000,4.000000,4.000000,6.000000,6.000000,96.000000,96.000000,96.000000,94.000000,94.000000,5.0,2378.6634,2163.0699,7532.4340,7748.0274,PENDING_AG03,FALSE,NOT_FOR_ENFORCEMENT,9514.6534,197836.1275,9911.0973,9514.6534,396.4439,0.04434629,0.04257244,396.4439,9514.6534,0.04257244,396.4439,396.4439,396.4439,594.6658,594.6658,9514.6534,0.04257244,2378.6634,2163.0699,7532.4340,7748.0274,0.03370318,0.03466783,0.00177385,18.3071,35.3906,1.7021,111.3606,22.7319,2511.1605,65.4270,19.5018,17.8433,6.2314,10.3857,29.4087,42.1647,51.0976,84.0248,10.2195,-6.1317,4.919981,8.090411,1.762719,10,81,100,8,0.29790265,0.04434629,0.01893081,0E-8,0.000000,0.922083,0.000000,0.03619937,2026-03-22,2026-08-06,89,436,292,138,0.644928,1.092949,1.065259,0.993009,,,,,,,,GLOBAL_BASELINE_NO_ENTITY_RANKING,,,NOT_APPLICABLE_GLOBAL_BASELINE,HF9g-P5,,,,X 全窗基线 · 不参与实体赏罚,15058581,1506,A168_HF9F_20260827_0900,2026-08-27 09:00:00
2026-06-22,94349862,1942,0,120.4744199573,-52.0428722764,-52.0428722764,0.3000000,11,11,0.50055742727272727,0.500557427273,-1.2684373319618214,-1.2684373319635474,-1.2684373319618214,-2.7273E-13,ELIGIBLE,R03b_20260811_FULL_v1,L1_ELIGIBILITY,v2026-08-11,2026-03-21..2026-08-06,baccarat_bet02_101_all_pairs_incl_sentinel,round_win = game_pnl > 0 (decisive only),COMPATIBILITY_ONLY_NOT_PRODUCTION,223493.2844,206079.2994,9911.0973,12208,5823,-0.04434629,-0.01893081,-0.05513017,-0.04434629,-9911.0973,223493.2844,OK,0.0000,396.4439,4.0000,96.0000,AG03-UNRESOLVED,ALL5_LEVELS_bet23_to_bet27,396.4439,396.4439,396.4439,594.6658,594.6658,4.000000,4.000000,4.000000,6.000000,6.000000,96.000000,96.000000,96.000000,94.000000,94.000000,5.0,2378.6634,2163.0699,7532.4340,7748.0274,PENDING_AG03,FALSE,NOT_FOR_ENFORCEMENT,9514.6534,197836.1275,9911.0973,9514.6534,396.4439,0.04434629,0.04257244,396.4439,9514.6534,0.04257244,396.4439,396.4439,396.4439,594.6658,594.6658,9514.6534,0.04257244,2378.6634,2163.0699,7532.4340,7748.0274,0.03370318,0.03466783,0.00177385,18.3071,35.3906,1.7021,111.3606,22.7319,2511.1605,65.4270,19.5018,17.8433,6.2314,10.3857,29.4087,42.1647,51.0976,84.0248,10.2195,-6.1317,4.919981,8.090411,1.762719,10,81,100,8,0.29790265,0.04434629,0.01893081,0E-8,0.000000,0.922083,0.000000,0.03619937,2026-03-22,2026-08-06,89,436,292,138,0.644928,1.092949,1.065259,0.993009,,,,,,,,GLOBAL_BASELINE_NO_ENTITY_RANKING,,,NOT_APPLICABLE_GLOBAL_BASELINE,HF9g-P5,,,,X 全窗基线 · 不参与实体赏罚,15058582,1506,A168_HF9F_20260827_0900,2026-08-27 09:00:00
2026-06-22,94349862,2261,0,39.4657582619,-19.2135928380,-19.2135928380,0.2500000,4,4,0.49994810000000000,0.499948100000,-0.9997924053861017,-0.9997924053861017,-0.9997924053861017,0E-17,ELIGIBLE,R03b_20260811_FULL_v1,L1_ELIGIBILITY,v2026-08-11,2026-03-21..2026-08-06,baccarat_bet02_101_all_pairs_incl_sentinel,round_win = game_pnl > 0 (decisive only),COMPATIBILITY_ONLY_NOT_PRODUCTION,223493.2844,206079.2994,9911.0973,12208,5823,-0.04434629,-0.01893081,-0.05513017,-0.04434629,-9911.0973,223493.2844,OK,0.0000,396.4439,4.0000,96.0000,AG03-UNRESOLVED,ALL5_LEVELS_bet23_to_bet27,396.4439,396.4439,396.4439,594.6658,594.6658,4.000000,4.000000,4.000000,6.000000,6.000000,96.000000,96.000000,96.000000,94.000000,94.000000,5.0,2378.6634,2163.0699,7532.4340,7748.0274,PENDING_AG03,FALSE,NOT_FOR_ENFORCEMENT,9514.6534,197836.1275,9911.0973,9514.6534,396.4439,0.04434629,0.04257244,396.4439,9514.6534,0.04257244,396.4439,396.4439,396.4439,594.6658,594.6658,9514.6534,0.04257244,2378.6634,2163.0699,7532.4340,7748.0274,0.03370318,0.03466783,0.00177385,18.3071,35.3906,1.7021,111.3606,22.7319,2511.1605,65.4270,19.5018,17.8433,6.2314,10.3857,29.4087,42.1647,51.0976,84.0248,10.2195,-6.1317,4.919981,8.090411,1.762719,10,81,100,8,0.29790265,0.04434629,0.01893081,0E-8,0.000000,0.922083,0.000000,0.03619937,2026-03-22,2026-08-06,89,436,292,138,0.644928,1.092949,1.065259,0.993009,,,,,,,,GLOBAL_BASELINE_NO_ENTITY_RANKING,,,NOT_APPLICABLE_GLOBAL_BASELINE,HF9g-P5,,,,X 全窗基线 · 不参与实体赏罚,15058583,1506,A168_HF9F_20260827_0900,2026-08-27 09:00:00
2026-06-22,94349862,526,0,63.5606422534,-22.3916249507,-22.3916249507,0.2857143,8,8,0.50329940000000000,0.503299400000,-1.1513772709309125,-1.1513772709309127,-1.1513772709309125,0E-17,ELIGIBLE,R03b_20260811_FULL_v1,L1_ELIGIBILITY,v2026-08-11,2026-03-21..2026-08-06,baccarat_bet02_101_all_pairs_incl_sentinel,round_win = game_pnl > 0 (decisive only),COMPATIBILITY_ONLY_NOT_PRODUCTION,223493.2844,206079.2994,9911.0973,12208,5823,-0.04434629,-0.01893081,-0.05513017,-0.04434629,-9911.0973,223493.2844,OK,0.0000,396.4439,4.0000,96.0000,AG03-UNRESOLVED,ALL5_LEVELS_bet23_to_bet27,396.4439,396.4439,396.4439,594.6658,594.6658,4.000000,4.000000,4.000000,6.000000,6.000000,96.000000,96.000000,96.000000,94.000000,94.000000,5.0,2378.6634,2163.0699,7532.4340,7748.0274,PENDING_AG03,FALSE,NOT_FOR_ENFORCEMENT,9514.6534,197836.1275,9911.0973,9514.6534,396.4439,0.04434629,0.04257244,396.4439,9514.6534,0.04257244,396.4439,396.4439,396.4439,594.6658,594.6658,9514.6534,0.04257244,2378.6634,2163.0699,7532.4340,7748.0274,0.03370318,0.03466783,0.00177385,18.3071,35.3906,1.7021,111.3606,22.7319,2511.1605,65.4270,19.5018,17.8433,6.2314,10.3857,29.4087,42.1647,51.0976,84.0248,10.2195,-6.1317,4.919981,8.090411,1.762719,10,81,100,8,0.29790265,0.04434629,0.01893081,0E-8,0.000000,0.922083,0.000000,0.03619937,2026-03-22,2026-08-06,89,436,292,138,0.644928,1.092949,1.065259,0.993009,,,,,,,,GLOBAL_BASELINE_NO_ENTITY_RANKING,,,NOT_APPLICABLE_GLOBAL_BASELINE,HF9g-P5,,,,X 全窗基线 · 不参与实体赏罚,15058584,1506,A168_HF9F_20260827_0900,2026-08-27 09:00:00
2026-06-22,94349862,925,0,689.4044824791,-296.8240450324,-296.8240450324,0.3333333,43,15,0.41880508250552905,0.247359570555,-0.6709672855617875,0.771708765753979,-0.6709672855617875,0.17144551195052905,ELIGIBLE,R03b_20260811_FULL_v1,L1_ELIGIBILITY,v2026-08-11,2026-03-21..2026-08-06,baccarat_bet02_101_all_pairs_incl_sentinel,round_win = game_pnl > 0 (decisive only),COMPATIBILITY_ONLY_NOT_PRODUCTION,223493.2844,206079.2994,9911.0973,12208,5823,-0.04434629,-0.01893081,-0.05513017,-0.04434629,-9911.0973,223493.2844,OK,0.0000,396.4439,4.0000,96.0000,AG03-UNRESOLVED,ALL5_LEVELS_bet23_to_bet27,396.4439,396.4439,396.4439,594.6658,594.6658,4.000000,4.000000,4.000000,6.000000,6.000000,96.000000,96.000000,96.000000,94.000000,94.000000,5.0,2378.6634,2163.0699,7532.4340,7748.0274,PENDING_AG03,FALSE,NOT_FOR_ENFORCEMENT,9514.6534,197836.1275,9911.0973,9514.6534,396.4439,0.04434629,0.04257244,396.4439,9514.6534,0.04257244,396.4439,396.4439,396.4439,594.6658,594.6658,9514.6534,0.04257244,2378.6634,2163.0699,7532.4340,7748.0274,0.03370318,0.03466783,0.00177385,18.3071,35.3906,1.7021,111.3606,22.7319,2511.1605,65.4270,19.5018,17.8433,6.2314,10.3857,29.4087,42.1647,51.0976,84.0248,10.2195,-6.1317,4.919981,8.090411,1.762719,10,81,100,8,0.29790265,0.04434629,0.01893081,0E-8,0.000000,0.922083,0.000000,0.03619937,2026-03-22,2026-08-06,89,436,292,138,0.644928,1.092949,1.065259,0.993009,,,,,,,,GLOBAL_BASELINE_NO_ENTITY_RANKING,,,NOT_APPLICABLE_GLOBAL_BASELINE,HF9g-P5,,,,X 全窗基线 · 不参与实体赏罚,15058585,1506,A168_HF9F_20260827_0900,2026-08-27 09:00:00
2026-06-23,94349862,1323,0,60.2372099786,-19.7328791309,-19.7328791309,0.5000000,4,2,0.45496429473679374,0.352270000000,0.12790008458823668,0.43736986829523256,0.12790008458823668,0.10269429473679374,ELIGIBLE,R03b_20260811_FULL_v1,L1_ELIGIBILITY,v2026-08-11,2026-03-21..2026-08-06,baccarat_bet02_101_all_pairs_incl_sentinel,round_win = game_pnl > 0 (decisive only),COMPATIBILITY_ONLY_NOT_PRODUCTION,223493.2844,206079.2994,9911.0973,12208,5823,-0.04434629,-0.01893081,-0.05513017,-0.04434629,-9911.0973,223493.2844,OK,0.0000,396.4439,4.0000,96.0000,AG03-UNRESOLVED,ALL5_LEVELS_bet23_to_bet27,396.4439,396.4439,396.4439,594.6658,594.6658,4.000000,4.000000,4.000000,6.000000,6.000000,96.000000,96.000000,96.000000,94.000000,94.000000,5.0,2378.6634,2163.0699,7532.4340,7748.0274,PENDING_AG03,FALSE,NOT_FOR_ENFORCEMENT,9514.6534,197836.1275,9911.0973,9514.6534,396.4439,0.04434629,0.04257244,396.4439,9514.6534,0.04257244,396.4439,396.4439,396.4439,594.6658,594.6658,9514.6534,0.04257244,2378.6634,2163.0699,7532.4340,7748.0274,0.03370318,0.03466783,0.00177385,18.3071,35.3906,1.7021,111.3606,22.7319,2511.1605,65.4270,19.5018,17.8433,6.2314,10.3857,29.4087,42.1647,51.0976,84.0248,10.2195,-6.1317,4.919981,8.090411,1.762719,10,81,100,8,0.29790265,0.04434629,0.01893081,0E-8,0.000000,0.922083,0.000000,0.03619937,2026-03-22,2026-08-06,89,436,292,138,0.644928,1.092949,1.065259,0.993009,,,,,,,,GLOBAL_BASELINE_NO_ENTITY_RANKING,,,NOT_APPLICABLE_GLOBAL_BASELINE,HF9g-P5,,,,X 全窗基线 · 不参与实体赏罚,15058586,1506,A168_HF9F_20260827_0900,2026-08-27 09:00:00
2026-06-23,94349862,1985,0,290.8003240347,-23.4717404399,-23.4717404399,0.6666667,19,6,0.40691625585494716,0.244598053333,1.2951537820465642,2.4051553602052014,1.2951537820465642,0.16231820252194716,ELIGIBLE,R03b_20260811_FULL_v1,L1_ELIGIBILITY,v2026-08-11,2026-03-21..2026-08-06,baccarat_bet02_101_all_pairs_incl_sentinel,round_win = game_pnl > 0 (decisive only),COMPATIBILITY_ONLY_NOT_PRODUCTION,223493.2844,206079.2994,9911.0973,12208,5823,-0.04434629,-0.01893081,-0.05513017,-0.04434629,-9911.0973,223493.2844,OK,0.0000,396.4439,4.0000,96.0000,AG03-UNRESOLVED,ALL5_LEVELS_bet23_to_bet27,396.4439,396.4439,396.4439,594.6658,594.6658,4.000000,4.000000,4.000000,6.000000,6.000000,96.000000,96.000000,96.000000,94.000000,94.000000,5.0,2378.6634,2163.0699,7532.4340,7748.0274,PENDING_AG03,FALSE,NOT_FOR_ENFORCEMENT,9514.6534,197836.1275,9911.0973,9514.6534,396.4439,0.04434629,0.04257244,396.4439,9514.6534,0.04257244,396.4439,396.4439,396.4439,594.6658,594.6658,9514.6534,0.04257244,2378.6634,2163.0699,7532.4340,7748.0274,0.03370318,0.03466783,0.00177385,18.3071,35.3906,1.7021,111.3606,22.7319,2511.1605,65.4270,19.5018,17.8433,6.2314,10.3857,29.4087,42.1647,51.0976,84.0248,10.2195,-6.1317,4.919981,8.090411,1.762719,10,81,100,8,0.29790265,0.04434629,0.01893081,0E-8,0.000000,0.922083,0.000000,0.03619937,2026-03-22,2026-08-06,89,436,292,138,0.644928,1.092949,1.065259,0.993009,,,,,,,,GLOBAL_BASELINE_NO_ENTITY_RANKING,,,NOT_APPLICABLE_GLOBAL_BASELINE,HF9g-P5,,,,X 全窗基线 · 不参与实体赏罚,15058587,1506,A168_HF9F_20260827_0900,2026-08-27 09:00:00
2026-06-23,94349862,2147,0,2039.9642731040,116.1955009029,116.1955009029,0.5576923,148,53,0.40707171925846089,0.263645241415,2.210800038193053,4.812436424102883,2.210800038193053,0.14342647784346089,ELIGIBLE,R03b_20260811_FULL_v1,L1_ELIGIBILITY,v2026-08-11,2026-03-21..2026-08-06,baccarat_bet02_101_all_pairs_incl_sentinel,round_win = game_pnl > 0 (decisive only),COMPATIBILITY_ONLY_NOT_PRODUCTION,223493.2844,206079.2994,9911.0973,12208,5823,-0.04434629,-0.01893081,-0.05513017,-0.04434629,-9911.0973,223493.2844,OK,0.0000,396.4439,4.0000,96.0000,AG03-UNRESOLVED,ALL5_LEVELS_bet23_to_bet27,396.4439,396.4439,396.4439,594.6658,594.6658,4.000000,4.000000,4.000000,6.000000,6.000000,96.000000,96.000000,96.000000,94.000000,94.000000,5.0,2378.6634,2163.0699,7532.4340,7748.0274,PENDING_AG03,FALSE,NOT_FOR_ENFORCEMENT,9514.6534,197836.1275,9911.0973,9514.6534,396.4439,0.04434629,0.04257244,396.4439,9514.6534,0.04257244,396.4439,396.4439,396.4439,594.6658,594.6658,9514.6534,0.04257244,2378.6634,2163.0699,7532.4340,7748.0274,0.03370318,0.03466783,0.00177385,18.3071,35.3906,1.7021,111.3606,22.7319,2511.1605,65.4270,19.5018,17.8433,6.2314,10.3857,29.4087,42.1647,51.0976,84.0248,10.2195,-6.1317,4.919981,8.090411,1.762719,10,81,100,8,0.29790265,0.04434629,0.01893081,0E-8,0.000000,0.922083,0.000000,0.03619937,2026-03-22,2026-08-06,89,436,292,138,0.644928,1.092949,1.065259,0.993009,,,,,,,,GLOBAL_BASELINE_NO_ENTITY_RANKING,,,NOT_APPLICABLE_GLOBAL_BASELINE,HF9g-P5,,,,X 全窗基线 · 不参与实体赏罚,15058588,1506,A168_HF9F_20260827_0900,2026-08-27 09:00:00
2026-06-23,94349862,2167,0,228.4859688844,-166.1716137342,-166.1716137342,0.2500000,18,4,0.35232821109717826,0.161344460000,-0.42842438092310997,0.48202219502802623,-0.42842438092310997,0.19098375109717826,ELIGIBLE,R03b_20260811_FULL_v1,L1_ELIGIBILITY,v2026-08-11,2026-03-21..2026-08-06,baccarat_bet02_101_all_pairs_incl_sentinel,round_win = game_pnl > 0 (decisive only),COMPATIBILITY_ONLY_NOT_PRODUCTION,223493.2844,206079.2994,9911.0973,12208,5823,-0.04434629,-0.01893081,-0.05513017,-0.04434629,-9911.0973,223493.2844,OK,0.0000,396.4439,4.0000,96.0000,AG03-UNRESOLVED,ALL5_LEVELS_bet23_to_bet27,396.4439,396.4439,396.4439,594.6658,594.6658,4.000000,4.000000,4.000000,6.000000,6.000000,96.000000,96.000000,96.000000,94.000000,94.000000,5.0,2378.6634,2163.0699,7532.4340,7748.0274,PENDING_AG03,FALSE,NOT_FOR_ENFORCEMENT,9514.6534,197836.1275,9911.0973,9514.6534,396.4439,0.04434629,0.04257244,396.4439,9514.6534,0.04257244,396.4439,396.4439,396.4439,594.6658,594.6658,9514.6534,0.04257244,2378.6634,2163.0699,7532.4340,7748.0274,0.03370318,0.03466783,0.00177385,18.3071,35.3906,1.7021,111.3606,22.7319,2511.1605,65.4270,19.5018,17.8433,6.2314,10.3857,29.4087,42.1647,51.0976,84.0248,10.2195,-6.1317,4.919981,8.090411,1.762719,10,81,100,8,0.29790265,0.04434629,0.01893081,0E-8,0.000000,0.922083,0.000000,0.03619937,2026-03-22,2026-08-06,89,436,292,138,0.644928,1.092949,1.065259,0.993009,,,,,,,,GLOBAL_BASELINE_NO_ENTITY_RANKING,,,NOT_APPLICABLE_GLOBAL_BASELINE,HF9g-P5,,,,X 全窗基线 · 不参与实体赏罚,15058589,1506,A168_HF9F_20260827_0900,2026-08-27 09:00:00
2026-06-23,94349862,471,0,189.0202106225,1.3501443615,1.3501443615,0.5000000,13,4,0.41514636510206993,0.259714325000,0.344410378563132,1.0959992350394205,0.344410378563132,0.15543204010206993,ELIGIBLE,R03b_20260811_FULL_v1,L1_ELIGIBILITY,v2026-08-11,2026-03-21..2026-08-06,baccarat_bet02_101_all_pairs_incl_sentinel,round_win = game_pnl > 0 (decisive only),COMPATIBILITY_ONLY_NOT_PRODUCTION,223493.2844,206079.2994,9911.0973,12208,5823,-0.04434629,-0.01893081,-0.05513017,-0.04434629,-9911.0973,223493.2844,OK,0.0000,396.4439,4.0000,96.0000,AG03-UNRESOLVED,ALL5_LEVELS_bet23_to_bet27,396.4439,396.4439,396.4439,594.6658,594.6658,4.000000,4.000000,4.000000,6.000000,6.000000,96.000000,96.000000,96.000000,94.000000,94.000000,5.0,2378.6634,2163.0699,7532.4340,7748.0274,PENDING_AG03,FALSE,NOT_FOR_ENFORCEMENT,9514.6534,197836.1275,9911.0973,9514.6534,396.4439,0.04434629,0.04257244,396.4439,9514.6534,0.04257244,396.4439,396.4439,396.4439,594.6658,594.6658,9514.6534,0.04257244,2378.6634,2163.0699,7532.4340,7748.0274,0.03370318,0.03466783,0.00177385,18.3071,35.3906,1.7021,111.3606,22.7319,2511.1605,65.4270,19.5018,17.8433,6.2314,10.3857,29.4087,42.1647,51.0976,84.0248,10.2195,-6.1317,4.919981,8.090411,1.762719,10,81,100,8,0.29790265,0.04434629,0.01893081,0E-8,0.000000,0.922083,0.000000,0.03619937,2026-03-22,2026-08-06,89,436,292,138,0.644928,1.092949,1.065259,0.993009,,,,,,,,GLOBAL_BASELINE_NO_ENTITY_RANKING,,,NOT_APPLICABLE_GLOBAL_BASELINE,HF9g-P5,,,,X 全窗基线 · 不参与实体赏罚,15058590,1506,A168_HF9F_20260827_0900,2026-08-27 09:00:00
2026-06-23,94349862,595,0,224.3316785410,71.2460793884,71.2460793884,0.4444444,12,10,0.49060285042768640,0.462786410000,-0.27699936186433394,-0.11035787629399431,-0.27699936186433394,0.02781644042768640,ELIGIBLE,R03b_20260811_FULL_v1,L1_ELIGIBILITY,v2026-08-11,2026-03-21..2026-08-06,baccarat_bet02_101_all_pairs_incl_sentinel,round_win = game_pnl > 0 (decisive only),COMPATIBILITY_ONLY_NOT_PRODUCTION,223493.2844,206079.2994,9911.0973,12208,5823,-0.04434629,-0.01893081,-0.05513017,-0.04434629,-9911.0973,223493.2844,OK,0.0000,396.4439,4.0000,96.0000,AG03-UNRESOLVED,ALL5_LEVELS_bet23_to_bet27,396.4439,396.4439,396.4439,594.6658,594.6658,4.000000,4.000000,4.000000,6.000000,6.000000,96.000000,96.000000,96.000000,94.000000,94.000000,5.0,2378.6634,2163.0699,7532.4340,7748.0274,PENDING_AG03,FALSE,NOT_FOR_ENFORCEMENT,9514.6534,197836.1275,9911.0973,9514.6534,396.4439,0.04434629,0.04257244,396.4439,9514.6534,0.04257244,396.4439,396.4439,396.4439,594.6658,594.6658,9514.6534,0.04257244,2378.6634,2163.0699,7532.4340,7748.0274,0.03370318,0.03466783,0.00177385,18.3071,35.3906,1.7021,111.3606,22.7319,2511.1605,65.4270,19.5018,17.8433,6.2314,10.3857,29.4087,42.1647,51.0976,84.0248,10.2195,-6.1317,4.919981,8.090411,1.762719,10,81,100,8,0.29790265,0.04434629,0.01893081,0E-8,0.000000,0.922083,0.000000,0.03619937,2026-03-22,2026-08-06,89,436,292,138,0.644928,1.092949,1.065259,0.993009,,,,,,,,GLOBAL_BASELINE_NO_ENTITY_RANKING,,,NOT_APPLICABLE_GLOBAL_BASELINE,HF9g-P5,,,,X 全窗基线 · 不参与实体赏罚,15058591,1506,A168_HF9F_20260827_0900,2026-08-27 09:00:00
2026-06-25,94349862,2167,0,62.3143551503,-62.3143551503,-62.3143551503,0E-7,1,1,0.49324550000000000,0.493245500000,-0.9865810262130424,-0.9865810262130424,-0.9865810262130424,0E-17,ELIGIBLE,R03b_20260811_FULL_v1,L1_ELIGIBILITY,v2026-08-11,2026-03-21..2026-08-06,baccarat_bet02_101_all_pairs_incl_sentinel,round_win = game_pnl > 0 (decisive only),COMPATIBILITY_ONLY_NOT_PRODUCTION,223493.2844,206079.2994,9911.0973,12208,5823,-0.04434629,-0.01893081,-0.05513017,-0.04434629,-9911.0973,223493.2844,OK,0.0000,396.4439,4.0000,96.0000,AG03-UNRESOLVED,ALL5_LEVELS_bet23_to_bet27,396.4439,396.4439,396.4439,594.6658,594.6658,4.000000,4.000000,4.000000,6.000000,6.000000,96.000000,96.000000,96.000000,94.000000,94.000000,5.0,2378.6634,2163.0699,7532.4340,7748.0274,PENDING_AG03,FALSE,NOT_FOR_ENFORCEMENT,9514.6534,197836.1275,9911.0973,9514.6534,396.4439,0.04434629,0.04257244,396.4439,9514.6534,0.04257244,396.4439,396.4439,396.4439,594.6658,594.6658,9514.6534,0.04257244,2378.6634,2163.0699,7532.4340,7748.0274,0.03370318,0.03466783,0.00177385,18.3071,35.3906,1.7021,111.3606,22.7319,2511.1605,65.4270,19.5018,17.8433,6.2314,10.3857,29.4087,42.1647,51.0976,84.0248,10.2195,-6.1317,4.919981,8.090411,1.762719,10,81,100,8,0.29790265,0.04434629,0.01893081,0E-8,0.000000,0.922083,0.000000,0.03619937,2026-03-22,2026-08-06,89,436,292,138,0.644928,1.092949,1.065259,0.993009,,,,,,,,GLOBAL_BASELINE_NO_ENTITY_RANKING,,,NOT_APPLICABLE_GLOBAL_BASELINE,HF9g-P5,,,,X 全窗基线 · 不参与实体赏罚,15058592,1506,A168_HF9F_20260827_0900,2026-08-27 09:00:00
2026-06-26,94349862,1383,0,12.0474419957,11.4450698959,11.4450698959,1.0000000,1,1,0.50665070000000000,0.506650700000,0.9867858985152569,0.9867858985152569,0.9867858985152569,0E-17,ELIGIBLE,R03b_20260811_FULL_v1,L1_ELIGIBILITY,v2026-08-11,2026-03-21..2026-08-06,baccarat_bet02_101_all_pairs_incl_sentinel,round_win = game_pnl > 0 (decisive only),COMPATIBILITY_ONLY_NOT_PRODUCTION,223493.2844,206079.2994,9911.0973,12208,5823,-0.04434629,-0.01893081,-0.05513017,-0.04434629,-9911.0973,223493.2844,OK,0.0000,396.4439,4.0000,96.0000,AG03-UNRESOLVED,ALL5_LEVELS_bet23_to_bet27,396.4439,396.4439,396.4439,594.6658,594.6658,4.000000,4.000000,4.000000,6.000000,6.000000,96.000000,96.000000,96.000000,94.000000,94.000000,5.0,2378.6634,2163.0699,7532.4340,7748.0274,PENDING_AG03,FALSE,NOT_FOR_ENFORCEMENT,9514.6534,197836.1275,9911.0973,9514.6534,396.4439,0.04434629,0.04257244,396.4439,9514.6534,0.04257244,396.4439,396.4439,396.4439,594.6658,594.6658,9514.6534,0.04257244,2378.6634,2163.0699,7532.4340,7748.0274,0.03370318,0.03466783,0.00177385,18.3071,35.3906,1.7021,111.3606,22.7319,2511.1605,65.4270,19.5018,17.8433,6.2314,10.3857,29.4087,42.1647,51.0976,84.0248,10.2195,-6.1317,4.919981,8.090411,1.762719,10,81,100,8,0.29790265,0.04434629,0.01893081,0E-8,0.000000,0.922083,0.000000,0.03619937,2026-03-22,2026-08-06,89,436,292,138,0.644928,1.092949,1.065259,0.993009,,,,,,,,GLOBAL_BASELINE_NO_ENTITY_RANKING,,,NOT_APPLICABLE_GLOBAL_BASELINE,HF9g-P5,,,,X 全窗基线 · 不参与实体赏罚,15058593,1506,A168_HF9F_20260827_0900,2026-08-27 09:00:00
2026-06-26,94349862,2108,0,116.1124150968,22.2254533369,22.2254533369,0.6000000,13,13,0.49737017692307692,0.497370176923,0.6490969718980796,0.6490969718985666,0.6490969718980796,7.692E-14,ELIGIBLE,R03b_20260811_FULL_v1,L1_ELIGIBILITY,v2026-08-11,2026-03-21..2026-08-06,baccarat_bet02_101_all_pairs_incl_sentinel,round_win = game_pnl > 0 (decisive only),COMPATIBILITY_ONLY_NOT_PRODUCTION,223493.2844,206079.2994,9911.0973,12208,5823,-0.04434629,-0.01893081,-0.05513017,-0.04434629,-9911.0973,223493.2844,OK,0.0000,396.4439,4.0000,96.0000,AG03-UNRESOLVED,ALL5_LEVELS_bet23_to_bet27,396.4439,396.4439,396.4439,594.6658,594.6658,4.000000,4.000000,4.000000,6.000000,6.000000,96.000000,96.000000,96.000000,94.000000,94.000000,5.0,2378.6634,2163.0699,7532.4340,7748.0274,PENDING_AG03,FALSE,NOT_FOR_ENFORCEMENT,9514.6534,197836.1275,9911.0973,9514.6534,396.4439,0.04434629,0.04257244,396.4439,9514.6534,0.04257244,396.4439,396.4439,396.4439,594.6658,594.6658,9514.6534,0.04257244,2378.6634,2163.0699,7532.4340,7748.0274,0.03370318,0.03466783,0.00177385,18.3071,35.3906,1.7021,111.3606,22.7319,2511.1605,65.4270,19.5018,17.8433,6.2314,10.3857,29.4087,42.1647,51.0976,84.0248,10.2195,-6.1317,4.919981,8.090411,1.762719,10,81,100,8,0.29790265,0.04434629,0.01893081,0E-8,0.000000,0.922083,0.000000,0.03619937,2026-03-22,2026-08-06,89,436,292,138,0.644928,1.092949,1.065259,0.993009,,,,,,,,GLOBAL_BASELINE_NO_ENTITY_RANKING,,,NOT_APPLICABLE_GLOBAL_BASELINE,HF9g-P5,,,,X 全窗基线 · 不参与实体赏罚,15058594,1506,A168_HF9F_20260827_0900,2026-08-27 09:00:00
2026-06-26,94349862,2147,0,24.9257420601,-24.9257420601,-24.9257420601,0E-7,2,2,0.49324550000000000,0.493245500000,-1.3952362676504506,-1.3952362676504506,-1.3952362676504506,0E-17,ELIGIBLE,R03b_20260811_FULL_v1,L1_ELIGIBILITY,v2026-08-11,2026-03-21..2026-08-06,baccarat_bet02_101_all_pairs_incl_sentinel,round_win = game_pnl > 0 (decisive only),COMPATIBILITY_ONLY_NOT_PRODUCTION,223493.2844,206079.2994,9911.0973,12208,5823,-0.04434629,-0.01893081,-0.05513017,-0.04434629,-9911.0973,223493.2844,OK,0.0000,396.4439,4.0000,96.0000,AG03-UNRESOLVED,ALL5_LEVELS_bet23_to_bet27,396.4439,396.4439,396.4439,594.6658,594.6658,4.000000,4.000000,4.000000,6.000000,6.000000,96.000000,96.000000,96.000000,94.000000,94.000000,5.0,2378.6634,2163.0699,7532.4340,7748.0274,PENDING_AG03,FALSE,NOT_FOR_ENFORCEMENT,9514.6534,197836.1275,9911.0973,9514.6534,396.4439,0.04434629,0.04257244,396.4439,9514.6534,0.04257244,396.4439,396.4439,396.4439,594.6658,594.6658,9514.6534,0.04257244,2378.6634,2163.0699,7532.4340,7748.0274,0.03370318,0.03466783,0.00177385,18.3071,35.3906,1.7021,111.3606,22.7319,2511.1605,65.4270,19.5018,17.8433,6.2314,10.3857,29.4087,42.1647,51.0976,84.0248,10.2195,-6.1317,4.919981,8.090411,1.762719,10,81,100,8,0.29790265,0.04434629,0.01893081,0E-8,0.000000,0.922083,0.000000,0.03619937,2026-03-22,2026-08-06,89,436,292,138,0.644928,1.092949,1.065259,0.993009,,,,,,,,GLOBAL_BASELINE_NO_ENTITY_RANKING,,,NOT_APPLICABLE_GLOBAL_BASELINE,HF9g-P5,,,,X 全窗基线 · 不参与实体赏罚,15058595,1506,A168_HF9F_20260827_0900,2026-08-27 09:00:00
2026-06-27,94349862,1157,0,45.6971937771,-5.4005774463,-5.4005774463,0.5000000,8,8,0.49994810000000000,0.499948100000,0.00029359073713029245,0.00029359073713029245,0.00029359073713029245,0E-17,ELIGIBLE,R03b_20260811_FULL_v1,L1_ELIGIBILITY,v2026-08-11,2026-03-21..2026-08-06,baccarat_bet02_101_all_pairs_incl_sentinel,round_win = game_pnl > 0 (decisive only),COMPATIBILITY_ONLY_NOT_PRODUCTION,223493.2844,206079.2994,9911.0973,12208,5823,-0.04434629,-0.01893081,-0.05513017,-0.04434629,-9911.0973,223493.2844,OK,0.0000,396.4439,4.0000,96.0000,AG03-UNRESOLVED,ALL5_LEVELS_bet23_to_bet27,396.4439,396.4439,396.4439,594.6658,594.6658,4.000000,4.000000,4.000000,6.000000,6.000000,96.000000,96.000000,96.000000,94.000000,94.000000,5.0,2378.6634,2163.0699,7532.4340,7748.0274,PENDING_AG03,FALSE,NOT_FOR_ENFORCEMENT,9514.6534,197836.1275,9911.0973,9514.6534,396.4439,0.04434629,0.04257244,396.4439,9514.6534,0.04257244,396.4439,396.4439,396.4439,594.6658,594.6658,9514.6534,0.04257244,2378.6634,2163.0699,7532.4340,7748.0274,0.03370318,0.03466783,0.00177385,18.3071,35.3906,1.7021,111.3606,22.7319,2511.1605,65.4270,19.5018,17.8433,6.2314,10.3857,29.4087,42.1647,51.0976,84.0248,10.2195,-6.1317,4.919981,8.090411,1.762719,10,81,100,8,0.29790265,0.04434629,0.01893081,0E-8,0.000000,0.922083,0.000000,0.03619937,2026-03-22,2026-08-06,89,436,292,138,0.644928,1.092949,1.065259,0.993009,,,,,,,,GLOBAL_BASELINE_NO_ENTITY_RANKING,,,NOT_APPLICABLE_GLOBAL_BASELINE,HF9g-P5,,,,X 全窗基线 · 不参与实体赏罚,15058596,1506,A168_HF9F_20260827_0900,2026-08-27 09:00:00
2026-06-27,94349862,1654,0,398.8118729619,34.0651808155,34.0651808155,0.3333333,18,9,0.45550728322357255,0.350363575926,-0.7359633192040912,-0.10708963306553568,-0.7359633192040912,0.10514370729757255,ELIGIBLE,R03b_20260811_FULL_v1,L1_ELIGIBILITY,v2026-08-11,2026-03-21..2026-08-06,baccarat_bet02_101_all_pairs_incl_sentinel,round_win = game_pnl > 0 (decisive only),COMPATIBILITY_ONLY_NOT_PRODUCTION,223493.2844,206079.2994,9911.0973,12208,5823,-0.04434629,-0.01893081,-0.05513017,-0.04434629,-9911.0973,223493.2844,OK,0.0000,396.4439,4.0000,96.0000,AG03-UNRESOLVED,ALL5_LEVELS_bet23_to_bet27,396.4439,396.4439,396.4439,594.6658,594.6658,4.000000,4.000000,4.000000,6.000000,6.000000,96.000000,96.000000,96.000000,94.000000,94.000000,5.0,2378.6634,2163.0699,7532.4340,7748.0274,PENDING_AG03,FALSE,NOT_FOR_ENFORCEMENT,9514.6534,197836.1275,9911.0973,9514.6534,396.4439,0.04434629,0.04257244,396.4439,9514.6534,0.04257244,396.4439,396.4439,396.4439,594.6658,594.6658,9514.6534,0.04257244,2378.6634,2163.0699,7532.4340,7748.0274,0.03370318,0.03466783,0.00177385,18.3071,35.3906,1.7021,111.3606,22.7319,2511.1605,65.4270,19.5018,17.8433,6.2314,10.3857,29.4087,42.1647,51.0976,84.0248,10.2195,-6.1317,4.919981,8.090411,1.762719,10,81,100,8,0.29790265,0.04434629,0.01893081,0E-8,0.000000,0.922083,0.000000,0.03619937,2026-03-22,2026-08-06,89,436,292,138,0.644928,1.092949,1.065259,0.993009,,,,,,,,GLOBAL_BASELINE_NO_ENTITY_RANKING,,,NOT_APPLICABLE_GLOBAL_BASELINE,HF9g-P5,,,,X 全窗基线 · 不参与实体赏罚,15058597,1506,A168_HF9F_20260827_0900,2026-08-27 09:00:00
2026-06-27,94349862,1941,0,639.7607128763,236.3791205367,236.3791205367,0.6842105,37,21,0.46606193026248763,0.386759643254,1.9061714672761294,2.6622946765853963,1.9061714672761294,0.07930228700848763,ELIGIBLE,R03b_20260811_FULL_v1,L1_ELIGIBILITY,v2026-08-11,2026-03-21..2026-08-06,baccarat_bet02_101_all_pairs_incl_sentinel,round_win = game_pnl > 0 (decisive only),COMPATIBILITY_ONLY_NOT_PRODUCTION,223493.2844,206079.2994,9911.0973,12208,5823,-0.04434629,-0.01893081,-0.05513017,-0.04434629,-9911.0973,223493.2844,OK,0.0000,396.4439,4.0000,96.0000,AG03-UNRESOLVED,ALL5_LEVELS_bet23_to_bet27,396.4439,396.4439,396.4439,594.6658,594.6658,4.000000,4.000000,4.000000,6.000000,6.000000,96.000000,96.000000,96.000000,94.000000,94.000000,5.0,2378.6634,2163.0699,7532.4340,7748.0274,PENDING_AG03,FALSE,NOT_FOR_ENFORCEMENT,9514.6534,197836.1275,9911.0973,9514.6534,396.4439,0.04434629,0.04257244,396.4439,9514.6534,0.04257244,396.4439,396.4439,396.4439,594.6658,594.6658,9514.6534,0.04257244,2378.6634,2163.0699,7532.4340,7748.0274,0.03370318,0.03466783,0.00177385,18.3071,35.3906,1.7021,111.3606,22.7319,2511.1605,65.4270,19.5018,17.8433,6.2314,10.3857,29.4087,42.1647,51.0976,84.0248,10.2195,-6.1317,4.919981,8.090411,1.762719,10,81,100,8,0.29790265,0.04434629,0.01893081,0E-8,0.000000,0.922083,0.000000,0.03619937,2026-03-22,2026-08-06,89,436,292,138,0.644928,1.092949,1.065259,0.993009,,,,,,,,GLOBAL_BASELINE_NO_ENTITY_RANKING,,,NOT_APPLICABLE_GLOBAL_BASELINE,HF9g-P5,,,,X 全窗基线 · 不参与实体赏罚,15058598,1506,A168_HF9F_20260827_0900,2026-08-27 09:00:00
2026-06-27,94349862,2129,0,178.8421992813,-110.0886940988,-110.0886940988,0.2000000,11,7,0.47005001411563065,0.421542135714,-1.2098728441174478,-1.0031941237540845,-1.2098728441174478,0.04850787840163065,ELIGIBLE,R03b_20260811_FULL_v1,L1_ELIGIBILITY,v2026-08-11,2026-03-21..2026-08-06,baccarat_bet02_101_all_pairs_incl_sentinel,round_win = game_pnl > 0 (decisive only),COMPATIBILITY_ONLY_NOT_PRODUCTION,223493.2844,206079.2994,9911.0973,12208,5823,-0.04434629,-0.01893081,-0.05513017,-0.04434629,-9911.0973,223493.2844,OK,0.0000,396.4439,4.0000,96.0000,AG03-UNRESOLVED,ALL5_LEVELS_bet23_to_bet27,396.4439,396.4439,396.4439,594.6658,594.6658,4.000000,4.000000,4.000000,6.000000,6.000000,96.000000,96.000000,96.000000,94.000000,94.000000,5.0,2378.6634,2163.0699,7532.4340,7748.0274,PENDING_AG03,FALSE,NOT_FOR_ENFORCEMENT,9514.6534,197836.1275,9911.0973,9514.6534,396.4439,0.04434629,0.04257244,396.4439,9514.6534,0.04257244,396.4439,396.4439,396.4439,594.6658,594.6658,9514.6534,0.04257244,2378.6634,2163.0699,7532.4340,7748.0274,0.03370318,0.03466783,0.00177385,18.3071,35.3906,1.7021,111.3606,22.7319,2511.1605,65.4270,19.5018,17.8433,6.2314,10.3857,29.4087,42.1647,51.0976,84.0248,10.2195,-6.1317,4.919981,8.090411,1.762719,10,81,100,8,0.29790265,0.04434629,0.01893081,0E-8,0.000000,0.922083,0.000000,0.03619937,2026-03-22,2026-08-06,89,436,292,138,0.644928,1.092949,1.065259,0.993009,,,,,,,,GLOBAL_BASELINE_NO_ENTITY_RANKING,,,NOT_APPLICABLE_GLOBAL_BASELINE,HF9g-P5,,,,X 全窗基线 · 不参与实体赏罚,15058599,1506,A168_HF9F_20260827_0900,2026-08-27 09:00:00
2026-06-27,94349862,2130,0,135.0144361591,87.1362399518,87.1362399518,0.8000000,10,10,0.49994810000000000,0.499948100000,1.8976948507454527,1.8976948507454527,1.8976948507454527,0E-17,ELIGIBLE,R03b_20260811_FULL_v1,L1_ELIGIBILITY,v2026-08-11,2026-03-21..2026-08-06,baccarat_bet02_101_all_pairs_incl_sentinel,round_win = game_pnl > 0 (decisive only),COMPATIBILITY_ONLY_NOT_PRODUCTION,223493.2844,206079.2994,9911.0973,12208,5823,-0.04434629,-0.01893081,-0.05513017,-0.04434629,-9911.0973,223493.2844,OK,0.0000,396.4439,4.0000,96.0000,AG03-UNRESOLVED,ALL5_LEVELS_bet23_to_bet27,396.4439,396.4439,396.4439,594.6658,594.6658,4.000000,4.000000,4.000000,6.000000,6.000000,96.000000,96.000000,96.000000,94.000000,94.000000,5.0,2378.6634,2163.0699,7532.4340,7748.0274,PENDING_AG03,FALSE,NOT_FOR_ENFORCEMENT,9514.6534,197836.1275,9911.0973,9514.6534,396.4439,0.04434629,0.04257244,396.4439,9514.6534,0.04257244,396.4439,396.4439,396.4439,594.6658,594.6658,9514.6534,0.04257244,2378.6634,2163.0699,7532.4340,7748.0274,0.03370318,0.03466783,0.00177385,18.3071,35.3906,1.7021,111.3606,22.7319,2511.1605,65.4270,19.5018,17.8433,6.2314,10.3857,29.4087,42.1647,51.0976,84.0248,10.2195,-6.1317,4.919981,8.090411,1.762719,10,81,100,8,0.29790265,0.04434629,0.01893081,0E-8,0.000000,0.922083,0.000000,0.03619937,2026-03-22,2026-08-06,89,436,292,138,0.644928,1.092949,1.065259,0.993009,,,,,,,,GLOBAL_BASELINE_NO_ENTITY_RANKING,,,NOT_APPLICABLE_GLOBAL_BASELINE,HF9g-P5,,,,X 全窗基线 · 不参与实体赏罚,15058600,1506,A168_HF9F_20260827_0900,2026-08-27 09:00:00
2026-06-27,94349862,2153,0,270.8597303866,-106.1421182725,-106.1421182725,0.2857143,18,15,0.48404126578024142,0.455413550000,-1.4848997647492286,-1.2749923752418968,-1.4848997647492286,0.02862771578024142,ELIGIBLE,R03b_20260811_FULL_v1,L1_ELIGIBILITY,v2026-08-11,2026-03-21..2026-08-06,baccarat_bet02_101_all_pairs_incl_sentinel,round_win = game_pnl > 0 (decisive only),COMPATIBILITY_ONLY_NOT_PRODUCTION,223493.2844,206079.2994,9911.0973,12208,5823,-0.04434629,-0.01893081,-0.05513017,-0.04434629,-9911.0973,223493.2844,OK,0.0000,396.4439,4.0000,96.0000,AG03-UNRESOLVED,ALL5_LEVELS_bet23_to_bet27,396.4439,396.4439,396.4439,594.6658,594.6658,4.000000,4.000000,4.000000,6.000000,6.000000,96.000000,96.000000,96.000000,94.000000,94.000000,5.0,2378.6634,2163.0699,7532.4340,7748.0274,PENDING_AG03,FALSE,NOT_FOR_ENFORCEMENT,9514.6534,197836.1275,9911.0973,9514.6534,396.4439,0.04434629,0.04257244,396.4439,9514.6534,0.04257244,396.4439,396.4439,396.4439,594.6658,594.6658,9514.6534,0.04257244,2378.6634,2163.0699,7532.4340,7748.0274,0.03370318,0.03466783,0.00177385,18.3071,35.3906,1.7021,111.3606,22.7319,2511.1605,65.4270,19.5018,17.8433,6.2314,10.3857,29.4087,42.1647,51.0976,84.0248,10.2195,-6.1317,4.919981,8.090411,1.762719,10,81,100,8,0.29790265,0.04434629,0.01893081,0E-8,0.000000,0.922083,0.000000,0.03619937,2026-03-22,2026-08-06,89,436,292,138,0.644928,1.092949,1.065259,0.993009,,,,,,,,GLOBAL_BASELINE_NO_ENTITY_RANKING,,,NOT_APPLICABLE_GLOBAL_BASELINE,HF9g-P5,,,,X 全窗基线 · 不参与实体赏罚,15058601,1506,A168_HF9F_20260827_0900,2026-08-27 09:00:00
2026-06-27,94349862,763,0,192.9667864487,-31.7803211267,-31.7803211267,0.4000000,12,12,0.49659680000000000,0.496596800000,-0.6109459572028219,-0.6109459572028219,-0.6109459572028219,0E-17,ELIGIBLE,R03b_20260811_FULL_v1,L1_ELIGIBILITY,v2026-08-11,2026-03-21..2026-08-06,baccarat_bet02_101_all_pairs_incl_sentinel,round_win = game_pnl > 0 (decisive only),COMPATIBILITY_ONLY_NOT_PRODUCTION,223493.2844,206079.2994,9911.0973,12208,5823,-0.04434629,-0.01893081,-0.05513017,-0.04434629,-9911.0973,223493.2844,OK,0.0000,396.4439,4.0000,96.0000,AG03-UNRESOLVED,ALL5_LEVELS_bet23_to_bet27,396.4439,396.4439,396.4439,594.6658,594.6658,4.000000,4.000000,4.000000,6.000000,6.000000,96.000000,96.000000,96.000000,94.000000,94.000000,5.0,2378.6634,2163.0699,7532.4340,7748.0274,PENDING_AG03,FALSE,NOT_FOR_ENFORCEMENT,9514.6534,197836.1275,9911.0973,9514.6534,396.4439,0.04434629,0.04257244,396.4439,9514.6534,0.04257244,396.4439,396.4439,396.4439,594.6658,594.6658,9514.6534,0.04257244,2378.6634,2163.0699,7532.4340,7748.0274,0.03370318,0.03466783,0.00177385,18.3071,35.3906,1.7021,111.3606,22.7319,2511.1605,65.4270,19.5018,17.8433,6.2314,10.3857,29.4087,42.1647,51.0976,84.0248,10.2195,-6.1317,4.919981,8.090411,1.762719,10,81,100,8,0.29790265,0.04434629,0.01893081,0E-8,0.000000,0.922083,0.000000,0.03619937,2026-03-22,2026-08-06,89,436,292,138,0.644928,1.092949,1.065259,0.993009,,,,,,,,GLOBAL_BASELINE_NO_ENTITY_RANKING,,,NOT_APPLICABLE_GLOBAL_BASELINE,HF9g-P5,,,,X 全窗基线 · 不参与实体赏罚,15058602,1506,A168_HF9F_20260827_0900,2026-08-27 09:00:00
2026-06-27,94349862,919,0,42.9969050537,-22.2254533369,-22.2254533369,0.2500000,4,4,0.49324550000000000,0.493245500000,-0.9730707933947887,-0.9730707933947887,-0.9730707933947887,0E-17,ELIGIBLE,R03b_20260811_FULL_v1,L1_ELIGIBILITY,v2026-08-11,2026-03-21..2026-08-06,baccarat_bet02_101_all_pairs_incl_sentinel,round_win = game_pnl > 0 (decisive only),COMPATIBILITY_ONLY_NOT_PRODUCTION,223493.2844,206079.2994,9911.0973,12208,5823,-0.04434629,-0.01893081,-0.05513017,-0.04434629,-9911.0973,223493.2844,OK,0.0000,396.4439,4.0000,96.0000,AG03-UNRESOLVED,ALL5_LEVELS_bet23_to_bet27,396.4439,396.4439,396.4439,594.6658,594.6658,4.000000,4.000000,4.000000,6.000000,6.000000,96.000000,96.000000,96.000000,94.000000,94.000000,5.0,2378.6634,2163.0699,7532.4340,7748.0274,PENDING_AG03,FALSE,NOT_FOR_ENFORCEMENT,9514.6534,197836.1275,9911.0973,9514.6534,396.4439,0.04434629,0.04257244,396.4439,9514.6534,0.04257244,396.4439,396.4439,396.4439,594.6658,594.6658,9514.6534,0.04257244,2378.6634,2163.0699,7532.4340,7748.0274,0.03370318,0.03466783,0.00177385,18.3071,35.3906,1.7021,111.3606,22.7319,2511.1605,65.4270,19.5018,17.8433,6.2314,10.3857,29.4087,42.1647,51.0976,84.0248,10.2195,-6.1317,4.919981,8.090411,1.762719,10,81,100,8,0.29790265,0.04434629,0.01893081,0E-8,0.000000,0.922083,0.000000,0.03619937,2026-03-22,2026-08-06,89,436,292,138,0.644928,1.092949,1.065259,0.993009,,,,,,,,GLOBAL_BASELINE_NO_ENTITY_RANKING,,,NOT_APPLICABLE_GLOBAL_BASELINE,HF9g-P5,,,,X 全窗基线 · 不参与实体赏罚,15058603,1506,A168_HF9F_20260827_0900,2026-08-27 09:00:00
2026-06-27,94349862,987,0,90.1481004507,3.4896038884,3.4896038884,0.6000000,11,11,0.50299473636363636,0.502994736364,0.6135261610830837,0.6135261610807864,0.6135261610830837,-3.6364E-13,ELIGIBLE,R03b_20260811_FULL_v1,L1_ELIGIBILITY,v2026-08-11,2026-03-21..2026-08-06,baccarat_bet02_101_all_pairs_incl_sentinel,round_win = game_pnl > 0 (decisive only),COMPATIBILITY_ONLY_NOT_PRODUCTION,223493.2844,206079.2994,9911.0973,12208,5823,-0.04434629,-0.01893081,-0.05513017,-0.04434629,-9911.0973,223493.2844,OK,0.0000,396.4439,4.0000,96.0000,AG03-UNRESOLVED,ALL5_LEVELS_bet23_to_bet27,396.4439,396.4439,396.4439,594.6658,594.6658,4.000000,4.000000,4.000000,6.000000,6.000000,96.000000,96.000000,96.000000,94.000000,94.000000,5.0,2378.6634,2163.0699,7532.4340,7748.0274,PENDING_AG03,FALSE,NOT_FOR_ENFORCEMENT,9514.6534,197836.1275,9911.0973,9514.6534,396.4439,0.04434629,0.04257244,396.4439,9514.6534,0.04257244,396.4439,396.4439,396.4439,594.6658,594.6658,9514.6534,0.04257244,2378.6634,2163.0699,7532.4340,7748.0274,0.03370318,0.03466783,0.00177385,18.3071,35.3906,1.7021,111.3606,22.7319,2511.1605,65.4270,19.5018,17.8433,6.2314,10.3857,29.4087,42.1647,51.0976,84.0248,10.2195,-6.1317,4.919981,8.090411,1.762719,10,81,100,8,0.29790265,0.04434629,0.01893081,0E-8,0.000000,0.922083,0.000000,0.03619937,2026-03-22,2026-08-06,89,436,292,138,0.644928,1.092949,1.065259,0.993009,,,,,,,,GLOBAL_BASELINE_NO_ENTITY_RANKING,,,NOT_APPLICABLE_GLOBAL_BASELINE,HF9g-P5,,,,X 全窗基线 · 不参与实体赏罚,15058604,1506,A168_HF9F_20260827_0900,2026-08-27 09:00:00
2026-06-28,94349862,1383,0,41.5429034336,-16.6171613734,-16.6171613734,0.3333333,6,6,0.49547970000000000,0.495479700000,-0.7943841881047936,-0.7943841881047936,-0.7943841881047936,0E-17,ELIGIBLE,R03b_20260811_FULL_v1,L1_ELIGIBILITY,v2026-08-11,2026-03-21..2026-08-06,baccarat_bet02_101_all_pairs_incl_sentinel,round_win = game_pnl > 0 (decisive only),COMPATIBILITY_ONLY_NOT_PRODUCTION,223493.2844,206079.2994,9911.0973,12208,5823,-0.04434629,-0.01893081,-0.05513017,-0.04434629,-9911.0973,223493.2844,OK,0.0000,396.4439,4.0000,96.0000,AG03-UNRESOLVED,ALL5_LEVELS_bet23_to_bet27,396.4439,396.4439,396.4439,594.6658,594.6658,4.000000,4.000000,4.000000,6.000000,6.000000,96.000000,96.000000,96.000000,94.000000,94.000000,5.0,2378.6634,2163.0699,7532.4340,7748.0274,PENDING_AG03,FALSE,NOT_FOR_ENFORCEMENT,9514.6534,197836.1275,9911.0973,9514.6534,396.4439,0.04434629,0.04257244,396.4439,9514.6534,0.04257244,396.4439,396.4439,396.4439,594.6658,594.6658,9514.6534,0.04257244,2378.6634,2163.0699,7532.4340,7748.0274,0.03370318,0.03466783,0.00177385,18.3071,35.3906,1.7021,111.3606,22.7319,2511.1605,65.4270,19.5018,17.8433,6.2314,10.3857,29.4087,42.1647,51.0976,84.0248,10.2195,-6.1317,4.919981,8.090411,1.762719,10,81,100,8,0.29790265,0.04434629,0.01893081,0E-8,0.000000,0.922083,0.000000,0.03619937,2026-03-22,2026-08-06,89,436,292,138,0.644928,1.092949,1.065259,0.993009,,,,,,,,GLOBAL_BASELINE_NO_ENTITY_RANKING,,,NOT_APPLICABLE_GLOBAL_BASELINE,HF9g-P5,,,,X 全窗基线 · 不参与实体赏罚,15058605,1506,A168_HF9F_20260827_0900,2026-08-27 09:00:00
2026-06-28,94349862,1645,0,12.4628710301,-4.1542903433,-4.1542903433,0.5000000,2,2,0.49324550000000000,0.493245500000,0.01910635448239258,0.01910635448239258,0.01910635448239258,0E-17,ELIGIBLE,R03b_20260811_FULL_v1,L1_ELIGIBILITY,v2026-08-11,2026-03-21..2026-08-06,baccarat_bet02_101_all_pairs_incl_sentinel,round_win = game_pnl > 0 (decisive only),COMPATIBILITY_ONLY_NOT_PRODUCTION,223493.2844,206079.2994,9911.0973,12208,5823,-0.04434629,-0.01893081,-0.05513017,-0.04434629,-9911.0973,223493.2844,OK,0.0000,396.4439,4.0000,96.0000,AG03-UNRESOLVED,ALL5_LEVELS_bet23_to_bet27,396.4439,396.4439,396.4439,594.6658,594.6658,4.000000,4.000000,4.000000,6.000000,6.000000,96.000000,96.000000,96.000000,94.000000,94.000000,5.0,2378.6634,2163.0699,7532.4340,7748.0274,PENDING_AG03,FALSE,NOT_FOR_ENFORCEMENT,9514.6534,197836.1275,9911.0973,9514.6534,396.4439,0.04434629,0.04257244,396.4439,9514.6534,0.04257244,396.4439,396.4439,396.4439,594.6658,594.6658,9514.6534,0.04257244,2378.6634,2163.0699,7532.4340,7748.0274,0.03370318,0.03466783,0.00177385,18.3071,35.3906,1.7021,111.3606,22.7319,2511.1605,65.4270,19.5018,17.8433,6.2314,10.3857,29.4087,42.1647,51.0976,84.0248,10.2195,-6.1317,4.919981,8.090411,1.762719,10,81,100,8,0.29790265,0.04434629,0.01893081,0E-8,0.000000,0.922083,0.000000,0.03619937,2026-03-22,2026-08-06,89,436,292,138,0.644928,1.092949,1.065259,0.993009,,,,,,,,GLOBAL_BASELINE_NO_ENTITY_RANKING,,,NOT_APPLICABLE_GLOBAL_BASELINE,HF9g-P5,,,,X 全窗基线 · 不参与实体赏罚,15058606,1506,A168_HF9F_20260827_0900,2026-08-27 09:00:00
2026-06-28,94349862,2121,0,264.4205803547,-87.3439544690,-87.3439544690,0.4375000,17,16,0.49428448374994547,0.485789059375,-0.45430555268271156,-0.38646860184880644,-0.45430555268271156,0.00849542437494547,ELIGIBLE,R03b_20260811_FULL_v1,L1_ELIGIBILITY,v2026-08-11,2026-03-21..2026-08-06,baccarat_bet02_101_all_pairs_incl_sentinel,round_win = game_pnl > 0 (decisive only),COMPATIBILITY_ONLY_NOT_PRODUCTION,223493.2844,206079.2994,9911.0973,12208,5823,-0.04434629,-0.01893081,-0.05513017,-0.04434629,-9911.0973,223493.2844,OK,0.0000,396.4439,4.0000,96.0000,AG03-UNRESOLVED,ALL5_LEVELS_bet23_to_bet27,396.4439,396.4439,396.4439,594.6658,594.6658,4.000000,4.000000,4.000000,6.000000,6.000000,96.000000,96.000000,96.000000,94.000000,94.000000,5.0,2378.6634,2163.0699,7532.4340,7748.0274,PENDING_AG03,FALSE,NOT_FOR_ENFORCEMENT,9514.6534,197836.1275,9911.0973,9514.6534,396.4439,0.04434629,0.04257244,396.4439,9514.6534,0.04257244,396.4439,396.4439,396.4439,594.6658,594.6658,9514.6534,0.04257244,2378.6634,2163.0699,7532.4340,7748.0274,0.03370318,0.03466783,0.00177385,18.3071,35.3906,1.7021,111.3606,22.7319,2511.1605,65.4270,19.5018,17.8433,6.2314,10.3857,29.4087,42.1647,51.0976,84.0248,10.2195,-6.1317,4.919981,8.090411,1.762719,10,81,100,8,0.29790265,0.04434629,0.01893081,0E-8,0.000000,0.922083,0.000000,0.03619937,2026-03-22,2026-08-06,89,436,292,138,0.644928,1.092949,1.065259,0.993009,,,,,,,,GLOBAL_BASELINE_NO_ENTITY_RANKING,,,NOT_APPLICABLE_GLOBAL_BASELINE,HF9g-P5,,,,X 全窗基线 · 不参与实体赏罚,15058607,1506,A168_HF9F_20260827_0900,2026-08-27 09:00:00
2026-06-28,94349862,772,0,4.1542903434,4.1542903434,4.1542903434,1.0000000,1,1,0.49324550000000000,0.493245500000,1.01360149184955,1.01360149184955,1.01360149184955,0E-17,ELIGIBLE,R03b_20260811_FULL_v1,L1_ELIGIBILITY,v2026-08-11,2026-03-21..2026-08-06,baccarat_bet02_101_all_pairs_incl_sentinel,round_win = game_pnl > 0 (decisive only),COMPATIBILITY_ONLY_NOT_PRODUCTION,223493.2844,206079.2994,9911.0973,12208,5823,-0.04434629,-0.01893081,-0.05513017,-0.04434629,-9911.0973,223493.2844,OK,0.0000,396.4439,4.0000,96.0000,AG03-UNRESOLVED,ALL5_LEVELS_bet23_to_bet27,396.4439,396.4439,396.4439,594.6658,594.6658,4.000000,4.000000,4.000000,6.000000,6.000000,96.000000,96.000000,96.000000,94.000000,94.000000,5.0,2378.6634,2163.0699,7532.4340,7748.0274,PENDING_AG03,FALSE,NOT_FOR_ENFORCEMENT,9514.6534,197836.1275,9911.0973,9514.6534,396.4439,0.04434629,0.04257244,396.4439,9514.6534,0.04257244,396.4439,396.4439,396.4439,594.6658,594.6658,9514.6534,0.04257244,2378.6634,2163.0699,7532.4340,7748.0274,0.03370318,0.03466783,0.00177385,18.3071,35.3906,1.7021,111.3606,22.7319,2511.1605,65.4270,19.5018,17.8433,6.2314,10.3857,29.4087,42.1647,51.0976,84.0248,10.2195,-6.1317,4.919981,8.090411,1.762719,10,81,100,8,0.29790265,0.04434629,0.01893081,0E-8,0.000000,0.922083,0.000000,0.03619937,2026-03-22,2026-08-06,89,436,292,138,0.644928,1.092949,1.065259,0.993009,,,,,,,,GLOBAL_BASELINE_NO_ENTITY_RANKING,,,NOT_APPLICABLE_GLOBAL_BASELINE,HF9g-P5,,,,X 全窗基线 · 不参与实体赏罚,15058608,1506,A168_HF9F_20260827_0900,2026-08-27 09:00:00
2026-06-29,94349862,529,0,20.7714517168,-20.7714517168,-20.7714517168,0E-7,3,3,0.50665070000000000,0.506650700000,-1.7552447903592512,-1.7552447903592512,-1.7552447903592512,0E-17,ELIGIBLE,R03b_20260811_FULL_v1,L1_ELIGIBILITY,v2026-08-11,2026-03-21..2026-08-06,baccarat_bet02_101_all_pairs_incl_sentinel,round_win = game_pnl > 0 (decisive only),COMPATIBILITY_ONLY_NOT_PRODUCTION,223493.2844,206079.2994,9911.0973,12208,5823,-0.04434629,-0.01893081,-0.05513017,-0.04434629,-9911.0973,223493.2844,OK,0.0000,396.4439,4.0000,96.0000,AG03-UNRESOLVED,ALL5_LEVELS_bet23_to_bet27,396.4439,396.4439,396.4439,594.6658,594.6658,4.000000,4.000000,4.000000,6.000000,6.000000,96.000000,96.000000,96.000000,94.000000,94.000000,5.0,2378.6634,2163.0699,7532.4340,7748.0274,PENDING_AG03,FALSE,NOT_FOR_ENFORCEMENT,9514.6534,197836.1275,9911.0973,9514.6534,396.4439,0.04434629,0.04257244,396.4439,9514.6534,0.04257244,396.4439,396.4439,396.4439,594.6658,594.6658,9514.6534,0.04257244,2378.6634,2163.0699,7532.4340,7748.0274,0.03370318,0.03466783,0.00177385,18.3071,35.3906,1.7021,111.3606,22.7319,2511.1605,65.4270,19.5018,17.8433,6.2314,10.3857,29.4087,42.1647,51.0976,84.0248,10.2195,-6.1317,4.919981,8.090411,1.762719,10,81,100,8,0.29790265,0.04434629,0.01893081,0E-8,0.000000,0.922083,0.000000,0.03619937,2026-03-22,2026-08-06,89,436,292,138,0.644928,1.092949,1.065259,0.993009,,,,,,,,GLOBAL_BASELINE_NO_ENTITY_RANKING,,,NOT_APPLICABLE_GLOBAL_BASELINE,HF9g-P5,,,,X 全窗基线 · 不参与实体赏罚,15058609,1506,A168_HF9F_20260827_0900,2026-08-27 09:00:00
2026-06-30,94349862,1094,0,98.4566811375,-49.7476268616,-49.7476268616,0.2500000,7,6,0.49025745937505681,0.466659058333,-0.9612123257918532,-0.8685694201752796,-0.9612123257918532,0.02359840104205681,ELIGIBLE,R03b_20260811_FULL_v1,L1_ELIGIBILITY,v2026-08-11,2026-03-21..2026-08-06,baccarat_bet02_101_all_pairs_incl_sentinel,round_win = game_pnl > 0 (decisive only),COMPATIBILITY_ONLY_NOT_PRODUCTION,223493.2844,206079.2994,9911.0973,12208,5823,-0.04434629,-0.01893081,-0.05513017,-0.04434629,-9911.0973,223493.2844,OK,0.0000,396.4439,4.0000,96.0000,AG03-UNRESOLVED,ALL5_LEVELS_bet23_to_bet27,396.4439,396.4439,396.4439,594.6658,594.6658,4.000000,4.000000,4.000000,6.000000,6.000000,96.000000,96.000000,96.000000,94.000000,94.000000,5.0,2378.6634,2163.0699,7532.4340,7748.0274,PENDING_AG03,FALSE,NOT_FOR_ENFORCEMENT,9514.6534,197836.1275,9911.0973,9514.6534,396.4439,0.04434629,0.04257244,396.4439,9514.6534,0.04257244,396.4439,396.4439,396.4439,594.6658,594.6658,9514.6534,0.04257244,2378.6634,2163.0699,7532.4340,7748.0274,0.03370318,0.03466783,0.00177385,18.3071,35.3906,1.7021,111.3606,22.7319,2511.1605,65.4270,19.5018,17.8433,6.2314,10.3857,29.4087,42.1647,51.0976,84.0248,10.2195,-6.1317,4.919981,8.090411,1.762719,10,81,100,8,0.29790265,0.04434629,0.01893081,0E-8,0.000000,0.922083,0.000000,0.03619937,2026-03-22,2026-08-06,89,436,292,138,0.644928,1.092949,1.065259,0.993009,,,,,,,,GLOBAL_BASELINE_NO_ENTITY_RANKING,,,NOT_APPLICABLE_GLOBAL_BASELINE,HF9g-P5,,,,X 全窗基线 · 不参与实体赏罚,15058610,1506,A168_HF9F_20260827_0900,2026-08-27 09:00:00
2026-06-30,94349862,2155,0,427.8919053653,7.2700081006,7.2700081006,0.5263158,30,20,0.45804780065161769,0.399497390000,0.5972525553367045,1.128611952854076,0.5972525553367045,0.05855041065161769,ELIGIBLE,R03b_20260811_FULL_v1,L1_ELIGIBILITY,v2026-08-11,2026-03-21..2026-08-06,baccarat_bet02_101_all_pairs_incl_sentinel,round_win = game_pnl > 0 (decisive only),COMPATIBILITY_ONLY_NOT_PRODUCTION,223493.2844,206079.2994,9911.0973,12208,5823,-0.04434629,-0.01893081,-0.05513017,-0.04434629,-9911.0973,223493.2844,OK,0.0000,396.4439,4.0000,96.0000,AG03-UNRESOLVED,ALL5_LEVELS_bet23_to_bet27,396.4439,396.4439,396.4439,594.6658,594.6658,4.000000,4.000000,4.000000,6.000000,6.000000,96.000000,96.000000,96.000000,94.000000,94.000000,5.0,2378.6634,2163.0699,7532.4340,7748.0274,PENDING_AG03,FALSE,NOT_FOR_ENFORCEMENT,9514.6534,197836.1275,9911.0973,9514.6534,396.4439,0.04434629,0.04257244,396.4439,9514.6534,0.04257244,396.4439,396.4439,396.4439,594.6658,594.6658,9514.6534,0.04257244,2378.6634,2163.0699,7532.4340,7748.0274,0.03370318,0.03466783,0.00177385,18.3071,35.3906,1.7021,111.3606,22.7319,2511.1605,65.4270,19.5018,17.8433,6.2314,10.3857,29.4087,42.1647,51.0976,84.0248,10.2195,-6.1317,4.919981,8.090411,1.762719,10,81,100,8,0.29790265,0.04434629,0.01893081,0E-8,0.000000,0.922083,0.000000,0.03619937,2026-03-22,2026-08-06,89,436,292,138,0.644928,1.092949,1.065259,0.993009,,,,,,,,GLOBAL_BASELINE_NO_ENTITY_RANKING,,,NOT_APPLICABLE_GLOBAL_BASELINE,HF9g-P5,,,,X 全窗基线 · 不参与实体赏罚,15058611,1506,A168_HF9F_20260827_0900,2026-08-27 09:00:00
2026-06-30,94349862,2160,0,330.2660822967,94.4062480526,94.4062480526,0.6956522,25,24,0.49736019652775253,0.491067289583,1.901976340195022,1.962622508236135,1.901976340195022,0.00629290694475253,ELIGIBLE,R03b_20260811_FULL_v1,L1_ELIGIBILITY,v2026-08-11,2026-03-21..2026-08-06,baccarat_bet02_101_all_pairs_incl_sentinel,round_win = game_pnl > 0 (decisive only),COMPATIBILITY_ONLY_NOT_PRODUCTION,223493.2844,206079.2994,9911.0973,12208,5823,-0.04434629,-0.01893081,-0.05513017,-0.04434629,-9911.0973,223493.2844,OK,0.0000,396.4439,4.0000,96.0000,AG03-UNRESOLVED,ALL5_LEVELS_bet23_to_bet27,396.4439,396.4439,396.4439,594.6658,594.6658,4.000000,4.000000,4.000000,6.000000,6.000000,96.000000,96.000000,96.000000,94.000000,94.000000,5.0,2378.6634,2163.0699,7532.4340,7748.0274,PENDING_AG03,FALSE,NOT_FOR_ENFORCEMENT,9514.6534,197836.1275,9911.0973,9514.6534,396.4439,0.04434629,0.04257244,396.4439,9514.6534,0.04257244,396.4439,396.4439,396.4439,594.6658,594.6658,9514.6534,0.04257244,2378.6634,2163.0699,7532.4340,7748.0274,0.03370318,0.03466783,0.00177385,18.3071,35.3906,1.7021,111.3606,22.7319,2511.1605,65.4270,19.5018,17.8433,6.2314,10.3857,29.4087,42.1647,51.0976,84.0248,10.2195,-6.1317,4.919981,8.090411,1.762719,10,81,100,8,0.29790265,0.04434629,0.01893081,0E-8,0.000000,0.922083,0.000000,0.03619937,2026-03-22,2026-08-06,89,436,292,138,0.644928,1.092949,1.065259,0.993009,,,,,,,,GLOBAL_BASELINE_NO_ENTITY_RANKING,,,NOT_APPLICABLE_GLOBAL_BASELINE,HF9g-P5,,,,X 全窗基线 · 不参与实体赏罚,15058612,1506,A168_HF9F_20260827_0900,2026-08-27 09:00:00
2026-06-30,94349862,919,0,72.9077955260,-31.3648920924,-31.3648920924,0.2500000,5,5,0.49592654000000000,0.495926540000,-0.983738807048034,-0.983738807048034,-0.983738807048034,0E-17,ELIGIBLE,R03b_20260811_FULL_v1,L1_ELIGIBILITY,v2026-08-11,2026-03-21..2026-08-06,baccarat_bet02_101_all_pairs_incl_sentinel,round_win = game_pnl > 0 (decisive only),COMPATIBILITY_ONLY_NOT_PRODUCTION,223493.2844,206079.2994,9911.0973,12208,5823,-0.04434629,-0.01893081,-0.05513017,-0.04434629,-9911.0973,223493.2844,OK,0.0000,396.4439,4.0000,96.0000,AG03-UNRESOLVED,ALL5_LEVELS_bet23_to_bet27,396.4439,396.4439,396.4439,594.6658,594.6658,4.000000,4.000000,4.000000,6.000000,6.000000,96.000000,96.000000,96.000000,94.000000,94.000000,5.0,2378.6634,2163.0699,7532.4340,7748.0274,PENDING_AG03,FALSE,NOT_FOR_ENFORCEMENT,9514.6534,197836.1275,9911.0973,9514.6534,396.4439,0.04434629,0.04257244,396.4439,9514.6534,0.04257244,396.4439,396.4439,396.4439,594.6658,594.6658,9514.6534,0.04257244,2378.6634,2163.0699,7532.4340,7748.0274,0.03370318,0.03466783,0.00177385,18.3071,35.3906,1.7021,111.3606,22.7319,2511.1605,65.4270,19.5018,17.8433,6.2314,10.3857,29.4087,42.1647,51.0976,84.0248,10.2195,-6.1317,4.919981,8.090411,1.762719,10,81,100,8,0.29790265,0.04434629,0.01893081,0E-8,0.000000,0.922083,0.000000,0.03619937,2026-03-22,2026-08-06,89,436,292,138,0.644928,1.092949,1.065259,0.993009,,,,,,,,GLOBAL_BASELINE_NO_ENTITY_RANKING,,,NOT_APPLICABLE_GLOBAL_BASELINE,HF9g-P5,,,,X 全窗基线 · 不参与实体赏罚,15058613,1506,A168_HF9F_20260827_0900,2026-08-27 09:00:00
2026-07-01,94349862,1646,0,173.9361484693,-29.2278134326,-29.2278134326,0.5000000,14,10,0.47427390495233905,0.444600286667,0.16292190807460416,0.3525492723527704,0.16292190807460416,0.02967361828533905,ELIGIBLE,R03b_20260811_FULL_v1,L1_ELIGIBILITY,v2026-08-11,2026-03-21..2026-08-06,baccarat_bet02_101_all_pairs_incl_sentinel,round_win = game_pnl > 0 (decisive only),COMPATIBILITY_ONLY_NOT_PRODUCTION,223493.2844,206079.2994,9911.0973,12208,5823,-0.04434629,-0.01893081,-0.05513017,-0.04434629,-9911.0973,223493.2844,OK,0.0000,396.4439,4.0000,96.0000,AG03-UNRESOLVED,ALL5_LEVELS_bet23_to_bet27,396.4439,396.4439,396.4439,594.6658,594.6658,4.000000,4.000000,4.000000,6.000000,6.000000,96.000000,96.000000,96.000000,94.000000,94.000000,5.0,2378.6634,2163.0699,7532.4340,7748.0274,PENDING_AG03,FALSE,NOT_FOR_ENFORCEMENT,9514.6534,197836.1275,9911.0973,9514.6534,396.4439,0.04434629,0.04257244,396.4439,9514.6534,0.04257244,396.4439,396.4439,396.4439,594.6658,594.6658,9514.6534,0.04257244,2378.6634,2163.0699,7532.4340,7748.0274,0.03370318,0.03466783,0.00177385,18.3071,35.3906,1.7021,111.3606,22.7319,2511.1605,65.4270,19.5018,17.8433,6.2314,10.3857,29.4087,42.1647,51.0976,84.0248,10.2195,-6.1317,4.919981,8.090411,1.762719,10,81,100,8,0.29790265,0.04434629,0.01893081,0E-8,0.000000,0.922083,0.000000,0.03619937,2026-03-22,2026-08-06,89,436,292,138,0.644928,1.092949,1.065259,0.993009,,,,,,,,GLOBAL_BASELINE_NO_ENTITY_RANKING,,,NOT_APPLICABLE_GLOBAL_BASELINE,HF9g-P5,,,,X 全窗基线 · 不参与实体赏罚,15058614,1506,A168_HF9F_20260827_0900,2026-08-27 09:00:00
2026-07-01,94349862,1710,0,81.7561214896,-81.7561214896,-81.7561214896,0E-7,4,2,0.45548513000000414,0.352443166667,-1.2934427991611526,-1.0433273683648632,-1.2934427991611526,0.10304196333300414,ELIGIBLE,R03b_20260811_FULL_v1,L1_ELIGIBILITY,v2026-08-11,2026-03-21..2026-08-06,baccarat_bet02_101_all_pairs_incl_sentinel,round_win = game_pnl > 0 (decisive only),COMPATIBILITY_ONLY_NOT_PRODUCTION,223493.2844,206079.2994,9911.0973,12208,5823,-0.04434629,-0.01893081,-0.05513017,-0.04434629,-9911.0973,223493.2844,OK,0.0000,396.4439,4.0000,96.0000,AG03-UNRESOLVED,ALL5_LEVELS_bet23_to_bet27,396.4439,396.4439,396.4439,594.6658,594.6658,4.000000,4.000000,4.000000,6.000000,6.000000,96.000000,96.000000,96.000000,94.000000,94.000000,5.0,2378.6634,2163.0699,7532.4340,7748.0274,PENDING_AG03,FALSE,NOT_FOR_ENFORCEMENT,9514.6534,197836.1275,9911.0973,9514.6534,396.4439,0.04434629,0.04257244,396.4439,9514.6534,0.04257244,396.4439,396.4439,396.4439,594.6658,594.6658,9514.6534,0.04257244,2378.6634,2163.0699,7532.4340,7748.0274,0.03370318,0.03466783,0.00177385,18.3071,35.3906,1.7021,111.3606,22.7319,2511.1605,65.4270,19.5018,17.8433,6.2314,10.3857,29.4087,42.1647,51.0976,84.0248,10.2195,-6.1317,4.919981,8.090411,1.762719,10,81,100,8,0.29790265,0.04434629,0.01893081,0E-8,0.000000,0.922083,0.000000,0.03619937,2026-03-22,2026-08-06,89,436,292,138,0.644928,1.092949,1.065259,0.993009,,,,,,,,GLOBAL_BASELINE_NO_ENTITY_RANKING,,,NOT_APPLICABLE_GLOBAL_BASELINE,HF9g-P5,,,,X 全窗基线 · 不参与实体赏罚,15058615,1506,A168_HF9F_20260827_0900,2026-08-27 09:00:00
2026-07-01,94349862,1951,0,502.8001471612,73.3761190366,73.3761190366,0.6250000,26,16,0.45429432132952057,0.362165896875,1.3713871292718758,2.1874294851626113,1.3713871292718758,0.09212842445452057,ELIGIBLE,R03b_20260811_FULL_v1,L1_ELIGIBILITY,v2026-08-11,2026-03-21..2026-08-06,baccarat_bet02_101_all_pairs_incl_sentinel,round_win = game_pnl > 0 (decisive only),COMPATIBILITY_ONLY_NOT_PRODUCTION,223493.2844,206079.2994,9911.0973,12208,5823,-0.04434629,-0.01893081,-0.05513017,-0.04434629,-9911.0973,223493.2844,OK,0.0000,396.4439,4.0000,96.0000,AG03-UNRESOLVED,ALL5_LEVELS_bet23_to_bet27,396.4439,396.4439,396.4439,594.6658,594.6658,4.000000,4.000000,4.000000,6.000000,6.000000,96.000000,96.000000,96.000000,94.000000,94.000000,5.0,2378.6634,2163.0699,7532.4340,7748.0274,PENDING_AG03,FALSE,NOT_FOR_ENFORCEMENT,9514.6534,197836.1275,9911.0973,9514.6534,396.4439,0.04434629,0.04257244,396.4439,9514.6534,0.04257244,396.4439,396.4439,396.4439,594.6658,594.6658,9514.6534,0.04257244,2378.6634,2163.0699,7532.4340,7748.0274,0.03370318,0.03466783,0.00177385,18.3071,35.3906,1.7021,111.3606,22.7319,2511.1605,65.4270,19.5018,17.8433,6.2314,10.3857,29.4087,42.1647,51.0976,84.0248,10.2195,-6.1317,4.919981,8.090411,1.762719,10,81,100,8,0.29790265,0.04434629,0.01893081,0E-8,0.000000,0.922083,0.000000,0.03619937,2026-03-22,2026-08-06,89,436,292,138,0.644928,1.092949,1.065259,0.993009,,,,,,,,GLOBAL_BASELINE_NO_ENTITY_RANKING,,,NOT_APPLICABLE_GLOBAL_BASELINE,HF9g-P5,,,,X 全窗基线 · 不参与实体赏罚,15058616,1506,A168_HF9F_20260827_0900,2026-08-27 09:00:00
2026-07-01,94349862,1964,0,1948.0439847931,-181.6007848588,-181.6007848588,0.4285714,101,35,0.41666260531081278,0.229731730809,0.1429060781240698,2.7964407389895607,0.1429060781240698,0.18693087450181278,ELIGIBLE,R03b_20260811_FULL_v1,L1_ELIGIBILITY,v2026-08-11,2026-03-21..2026-08-06,baccarat_bet02_101_all_pairs_incl_sentinel,round_win = game_pnl > 0 (decisive only),COMPATIBILITY_ONLY_NOT_PRODUCTION,223493.2844,206079.2994,9911.0973,12208,5823,-0.04434629,-0.01893081,-0.05513017,-0.04434629,-9911.0973,223493.2844,OK,0.0000,396.4439,4.0000,96.0000,AG03-UNRESOLVED,ALL5_LEVELS_bet23_to_bet27,396.4439,396.4439,396.4439,594.6658,594.6658,4.000000,4.000000,4.000000,6.000000,6.000000,96.000000,96.000000,96.000000,94.000000,94.000000,5.0,2378.6634,2163.0699,7532.4340,7748.0274,PENDING_AG03,FALSE,NOT_FOR_ENFORCEMENT,9514.6534,197836.1275,9911.0973,9514.6534,396.4439,0.04434629,0.04257244,396.4439,9514.6534,0.04257244,396.4439,396.4439,396.4439,594.6658,594.6658,9514.6534,0.04257244,2378.6634,2163.0699,7532.4340,7748.0274,0.03370318,0.03466783,0.00177385,18.3071,35.3906,1.7021,111.3606,22.7319,2511.1605,65.4270,19.5018,17.8433,6.2314,10.3857,29.4087,42.1647,51.0976,84.0248,10.2195,-6.1317,4.919981,8.090411,1.762719,10,81,100,8,0.29790265,0.04434629,0.01893081,0E-8,0.000000,0.922083,0.000000,0.03619937,2026-03-22,2026-08-06,89,436,292,138,0.644928,1.092949,1.065259,0.993009,,,,,,,,GLOBAL_BASELINE_NO_ENTITY_RANKING,,,NOT_APPLICABLE_GLOBAL_BASELINE,HF9g-P5,,,,X 全窗基线 · 不参与实体赏罚,15058617,1506,A168_HF9F_20260827_0900,2026-08-27 09:00:00
2026-07-01,94349862,1985,0,547.7660139801,26.1619588767,26.1619588767,0.5000000,28,10,0.42989269372554082,0.261732350000,0.44782150498173556,1.7140735758571317,0.44782150498173556,0.16816034372554082,ELIGIBLE,R03b_20260811_FULL_v1,L1_ELIGIBILITY,v2026-08-11,2026-03-21..2026-08-06,baccarat_bet02_101_all_pairs_incl_sentinel,round_win = game_pnl > 0 (decisive only),COMPATIBILITY_ONLY_NOT_PRODUCTION,223493.2844,206079.2994,9911.0973,12208,5823,-0.04434629,-0.01893081,-0.05513017,-0.04434629,-9911.0973,223493.2844,OK,0.0000,396.4439,4.0000,96.0000,AG03-UNRESOLVED,ALL5_LEVELS_bet23_to_bet27,396.4439,396.4439,396.4439,594.6658,594.6658,4.000000,4.000000,4.000000,6.000000,6.000000,96.000000,96.000000,96.000000,94.000000,94.000000,5.0,2378.6634,2163.0699,7532.4340,7748.0274,PENDING_AG03,FALSE,NOT_FOR_ENFORCEMENT,9514.6534,197836.1275,9911.0973,9514.6534,396.4439,0.04434629,0.04257244,396.4439,9514.6534,0.04257244,396.4439,396.4439,396.4439,594.6658,594.6658,9514.6534,0.04257244,2378.6634,2163.0699,7532.4340,7748.0274,0.03370318,0.03466783,0.00177385,18.3071,35.3906,1.7021,111.3606,22.7319,2511.1605,65.4270,19.5018,17.8433,6.2314,10.3857,29.4087,42.1647,51.0976,84.0248,10.2195,-6.1317,4.919981,8.090411,1.762719,10,81,100,8,0.29790265,0.04434629,0.01893081,0E-8,0.000000,0.922083,0.000000,0.03619937,2026-03-22,2026-08-06,89,436,292,138,0.644928,1.092949,1.065259,0.993009,,,,,,,,GLOBAL_BASELINE_NO_ENTITY_RANKING,,,NOT_APPLICABLE_GLOBAL_BASELINE,HF9g-P5,,,,X 全窗基线 · 不参与实体赏罚,15058618,1506,A168_HF9F_20260827_0900,2026-08-27 09:00:00
2026-07-01,94349862,2115,0,347.4635163309,142.1534562401,142.1534562401,0.6250000,15,8,0.46042574168720647,0.331231629167,0.9339023981710349,1.7654127767828114,0.9339023981710349,0.12919411252020647,ELIGIBLE,R03b_20260811_FULL_v1,L1_ELIGIBILITY,v2026-08-11,2026-03-21..2026-08-06,baccarat_bet02_101_all_pairs_incl_sentinel,round_win = game_pnl > 0 (decisive only),COMPATIBILITY_ONLY_NOT_PRODUCTION,223493.2844,206079.2994,9911.0973,12208,5823,-0.04434629,-0.01893081,-0.05513017,-0.04434629,-9911.0973,223493.2844,OK,0.0000,396.4439,4.0000,96.0000,AG03-UNRESOLVED,ALL5_LEVELS_bet23_to_bet27,396.4439,396.4439,396.4439,594.6658,594.6658,4.000000,4.000000,4.000000,6.000000,6.000000,96.000000,96.000000,96.000000,94.000000,94.000000,5.0,2378.6634,2163.0699,7532.4340,7748.0274,PENDING_AG03,FALSE,NOT_FOR_ENFORCEMENT,9514.6534,197836.1275,9911.0973,9514.6534,396.4439,0.04434629,0.04257244,396.4439,9514.6534,0.04257244,396.4439,396.4439,396.4439,594.6658,594.6658,9514.6534,0.04257244,2378.6634,2163.0699,7532.4340,7748.0274,0.03370318,0.03466783,0.00177385,18.3071,35.3906,1.7021,111.3606,22.7319,2511.1605,65.4270,19.5018,17.8433,6.2314,10.3857,29.4087,42.1647,51.0976,84.0248,10.2195,-6.1317,4.919981,8.090411,1.762719,10,81,100,8,0.29790265,0.04434629,0.01893081,0E-8,0.000000,0.922083,0.000000,0.03619937,2026-03-22,2026-08-06,89,436,292,138,0.644928,1.092949,1.065259,0.993009,,,,,,,,GLOBAL_BASELINE_NO_ENTITY_RANKING,,,NOT_APPLICABLE_GLOBAL_BASELINE,HF9g-P5,,,,X 全窗基线 · 不参与实体赏罚,15058619,1506,A168_HF9F_20260827_0900,2026-08-27 09:00:00
2026-07-01,94349862,2127,0,1209.9905980460,53.4480644241,53.4480644241,0.6470588,52,37,0.47863124018247979,0.433549665315,1.9659825223056127,2.5122081505729676,1.9659825223056127,0.04508157486747979,ELIGIBLE,R03b_20260811_FULL_v1,L1_ELIGIBILITY,v2026-08-11,2026-03-21..2026-08-06,baccarat_bet02_101_all_pairs_incl_sentinel,round_win = game_pnl > 0 (decisive only),COMPATIBILITY_ONLY_NOT_PRODUCTION,223493.2844,206079.2994,9911.0973,12208,5823,-0.04434629,-0.01893081,-0.05513017,-0.04434629,-9911.0973,223493.2844,OK,0.0000,396.4439,4.0000,96.0000,AG03-UNRESOLVED,ALL5_LEVELS_bet23_to_bet27,396.4439,396.4439,396.4439,594.6658,594.6658,4.000000,4.000000,4.000000,6.000000,6.000000,96.000000,96.000000,96.000000,94.000000,94.000000,5.0,2378.6634,2163.0699,7532.4340,7748.0274,PENDING_AG03,FALSE,NOT_FOR_ENFORCEMENT,9514.6534,197836.1275,9911.0973,9514.6534,396.4439,0.04434629,0.04257244,396.4439,9514.6534,0.04257244,396.4439,396.4439,396.4439,594.6658,594.6658,9514.6534,0.04257244,2378.6634,2163.0699,7532.4340,7748.0274,0.03370318,0.03466783,0.00177385,18.3071,35.3906,1.7021,111.3606,22.7319,2511.1605,65.4270,19.5018,17.8433,6.2314,10.3857,29.4087,42.1647,51.0976,84.0248,10.2195,-6.1317,4.919981,8.090411,1.762719,10,81,100,8,0.29790265,0.04434629,0.01893081,0E-8,0.000000,0.922083,0.000000,0.03619937,2026-03-22,2026-08-06,89,436,292,138,0.644928,1.092949,1.065259,0.993009,,,,,,,,GLOBAL_BASELINE_NO_ENTITY_RANKING,,,NOT_APPLICABLE_GLOBAL_BASELINE,HF9g-P5,,,,X 全窗基线 · 不参与实体赏罚,15058620,1506,A168_HF9F_20260827_0900,2026-08-27 09:00:00
2026-07-01,94349862,2149,0,404.6928013731,120.1814985899,120.1814985899,0.6363636,22,11,0.45402605808388620,0.331480786364,1.2146360808681211,2.1480441876315197,1.2146360808681211,0.12254527171988620,ELIGIBLE,R03b_20260811_FULL_v1,L1_ELIGIBILITY,v2026-08-11,2026-03-21..2026-08-06,baccarat_bet02_101_all_pairs_incl_sentinel,round_win = game_pnl > 0 (decisive only),COMPATIBILITY_ONLY_NOT_PRODUCTION,223493.2844,206079.2994,9911.0973,12208,5823,-0.04434629,-0.01893081,-0.05513017,-0.04434629,-9911.0973,223493.2844,OK,0.0000,396.4439,4.0000,96.0000,AG03-UNRESOLVED,ALL5_LEVELS_bet23_to_bet27,396.4439,396.4439,396.4439,594.6658,594.6658,4.000000,4.000000,4.000000,6.000000,6.000000,96.000000,96.000000,96.000000,94.000000,94.000000,5.0,2378.6634,2163.0699,7532.4340,7748.0274,PENDING_AG03,FALSE,NOT_FOR_ENFORCEMENT,9514.6534,197836.1275,9911.0973,9514.6534,396.4439,0.04434629,0.04257244,396.4439,9514.6534,0.04257244,396.4439,396.4439,396.4439,594.6658,594.6658,9514.6534,0.04257244,2378.6634,2163.0699,7532.4340,7748.0274,0.03370318,0.03466783,0.00177385,18.3071,35.3906,1.7021,111.3606,22.7319,2511.1605,65.4270,19.5018,17.8433,6.2314,10.3857,29.4087,42.1647,51.0976,84.0248,10.2195,-6.1317,4.919981,8.090411,1.762719,10,81,100,8,0.29790265,0.04434629,0.01893081,0E-8,0.000000,0.922083,0.000000,0.03619937,2026-03-22,2026-08-06,89,436,292,138,0.644928,1.092949,1.065259,0.993009,,,,,,,,GLOBAL_BASELINE_NO_ENTITY_RANKING,,,NOT_APPLICABLE_GLOBAL_BASELINE,HF9g-P5,,,,X 全窗基线 · 不参与实体赏罚,15058621,1506,A168_HF9F_20260827_0900,2026-08-27 09:00:00
2026-07-01,94349862,529,0,439.4391530063,169.4395617877,169.4395617877,0.8750000,30,8,0.39124686703480371,0.184066121250,2.80364319915999,5.042745705618793,2.80364319915999,0.20718074578480371,ELIGIBLE,R03b_20260811_FULL_v1,L1_ELIGIBILITY,v2026-08-11,2026-03-21..2026-08-06,baccarat_bet02_101_all_pairs_incl_sentinel,round_win = game_pnl > 0 (decisive only),COMPATIBILITY_ONLY_NOT_PRODUCTION,223493.2844,206079.2994,9911.0973,12208,5823,-0.04434629,-0.01893081,-0.05513017,-0.04434629,-9911.0973,223493.2844,OK,0.0000,396.4439,4.0000,96.0000,AG03-UNRESOLVED,ALL5_LEVELS_bet23_to_bet27,396.4439,396.4439,396.4439,594.6658,594.6658,4.000000,4.000000,4.000000,6.000000,6.000000,96.000000,96.000000,96.000000,94.000000,94.000000,5.0,2378.6634,2163.0699,7532.4340,7748.0274,PENDING_AG03,FALSE,NOT_FOR_ENFORCEMENT,9514.6534,197836.1275,9911.0973,9514.6534,396.4439,0.04434629,0.04257244,396.4439,9514.6534,0.04257244,396.4439,396.4439,396.4439,594.6658,594.6658,9514.6534,0.04257244,2378.6634,2163.0699,7532.4340,7748.0274,0.03370318,0.03466783,0.00177385,18.3071,35.3906,1.7021,111.3606,22.7319,2511.1605,65.4270,19.5018,17.8433,6.2314,10.3857,29.4087,42.1647,51.0976,84.0248,10.2195,-6.1317,4.919981,8.090411,1.762719,10,81,100,8,0.29790265,0.04434629,0.01893081,0E-8,0.000000,0.922083,0.000000,0.03619937,2026-03-22,2026-08-06,89,436,292,138,0.644928,1.092949,1.065259,0.993009,,,,,,,,GLOBAL_BASELINE_NO_ENTITY_RANKING,,,NOT_APPLICABLE_GLOBAL_BASELINE,HF9g-P5,,,,X 全窗基线 · 不参与实体赏罚,15058622,1506,A168_HF9F_20260827_0900,2026-08-27 09:00:00
2026-07-01,94349862,763,0,842.0880513422,-142.8688223024,-142.8688223024,0.4666667,54,15,0.39661442870264978,0.198176955000,0.5546077430780708,2.6085996725215312,0.5546077430780708,0.19843747370264978,ELIGIBLE,R03b_20260811_FULL_v1,L1_ELIGIBILITY,v2026-08-11,2026-03-21..2026-08-06,baccarat_bet02_101_all_pairs_incl_sentinel,round_win = game_pnl > 0 (decisive only),COMPATIBILITY_ONLY_NOT_PRODUCTION,223493.2844,206079.2994,9911.0973,12208,5823,-0.04434629,-0.01893081,-0.05513017,-0.04434629,-9911.0973,223493.2844,OK,0.0000,396.4439,4.0000,96.0000,AG03-UNRESOLVED,ALL5_LEVELS_bet23_to_bet27,396.4439,396.4439,396.4439,594.6658,594.6658,4.000000,4.000000,4.000000,6.000000,6.000000,96.000000,96.000000,96.000000,94.000000,94.000000,5.0,2378.6634,2163.0699,7532.4340,7748.0274,PENDING_AG03,FALSE,NOT_FOR_ENFORCEMENT,9514.6534,197836.1275,9911.0973,9514.6534,396.4439,0.04434629,0.04257244,396.4439,9514.6534,0.04257244,396.4439,396.4439,396.4439,594.6658,594.6658,9514.6534,0.04257244,2378.6634,2163.0699,7532.4340,7748.0274,0.03370318,0.03466783,0.00177385,18.3071,35.3906,1.7021,111.3606,22.7319,2511.1605,65.4270,19.5018,17.8433,6.2314,10.3857,29.4087,42.1647,51.0976,84.0248,10.2195,-6.1317,4.919981,8.090411,1.762719,10,81,100,8,0.29790265,0.04434629,0.01893081,0E-8,0.000000,0.922083,0.000000,0.03619937,2026-03-22,2026-08-06,89,436,292,138,0.644928,1.092949,1.065259,0.993009,,,,,,,,GLOBAL_BASELINE_NO_ENTITY_RANKING,,,NOT_APPLICABLE_GLOBAL_BASELINE,HF9g-P5,,,,X 全窗基线 · 不参与实体赏罚,15058623,1506,A168_HF9F_20260827_0900,2026-08-27 09:00:00
2026-07-01,94349862,772,0,118.5463761598,-69.4927032660,-69.4927032660,0E-7,10,2,0.35500582023855292,0.148612920000,-1.0491916766185054,-0.590853420264362,-1.0491916766185054,0.20639290023855292,ELIGIBLE,R03b_20260811_FULL_v1,L1_ELIGIBILITY,v2026-08-11,2026-03-21..2026-08-06,baccarat_bet02_101_all_pairs_incl_sentinel,round_win = game_pnl > 0 (decisive only),COMPATIBILITY_ONLY_NOT_PRODUCTION,223493.2844,206079.2994,9911.0973,12208,5823,-0.04434629,-0.01893081,-0.05513017,-0.04434629,-9911.0973,223493.2844,OK,0.0000,396.4439,4.0000,96.0000,AG03-UNRESOLVED,ALL5_LEVELS_bet23_to_bet27,396.4439,396.4439,396.4439,594.6658,594.6658,4.000000,4.000000,4.000000,6.000000,6.000000,96.000000,96.000000,96.000000,94.000000,94.000000,5.0,2378.6634,2163.0699,7532.4340,7748.0274,PENDING_AG03,FALSE,NOT_FOR_ENFORCEMENT,9514.6534,197836.1275,9911.0973,9514.6534,396.4439,0.04434629,0.04257244,396.4439,9514.6534,0.04257244,396.4439,396.4439,396.4439,594.6658,594.6658,9514.6534,0.04257244,2378.6634,2163.0699,7532.4340,7748.0274,0.03370318,0.03466783,0.00177385,18.3071,35.3906,1.7021,111.3606,22.7319,2511.1605,65.4270,19.5018,17.8433,6.2314,10.3857,29.4087,42.1647,51.0976,84.0248,10.2195,-6.1317,4.919981,8.090411,1.762719,10,81,100,8,0.29790265,0.04434629,0.01893081,0E-8,0.000000,0.922083,0.000000,0.03619937,2026-03-22,2026-08-06,89,436,292,138,0.644928,1.092949,1.065259,0.993009,,,,,,,,GLOBAL_BASELINE_NO_ENTITY_RANKING,,,NOT_APPLICABLE_GLOBAL_BASELINE,HF9g-P5,,,,X 全窗基线 · 不参与实体赏罚,15058624,1506,A168_HF9F_20260827_0900,2026-08-27 09:00:00
2026-07-02,94349862,1299,0,40.8780607448,-20.4390303724,-20.4390303724,0.3333333,3,3,0.49771390000000000,0.497713900000,-0.5694369385616226,-0.5694369385616226,-0.5694369385616226,0E-17,ELIGIBLE,R03b_20260811_FULL_v1,L1_ELIGIBILITY,v2026-08-11,2026-03-21..2026-08-06,baccarat_bet02_101_all_pairs_incl_sentinel,round_win = game_pnl > 0 (decisive only),COMPATIBILITY_ONLY_NOT_PRODUCTION,223493.2844,206079.2994,9911.0973,12208,5823,-0.04434629,-0.01893081,-0.05513017,-0.04434629,-9911.0973,223493.2844,OK,0.0000,396.4439,4.0000,96.0000,AG03-UNRESOLVED,ALL5_LEVELS_bet23_to_bet27,396.4439,396.4439,396.4439,594.6658,594.6658,4.000000,4.000000,4.000000,6.000000,6.000000,96.000000,96.000000,96.000000,94.000000,94.000000,5.0,2378.6634,2163.0699,7532.4340,7748.0274,PENDING_AG03,FALSE,NOT_FOR_ENFORCEMENT,9514.6534,197836.1275,9911.0973,9514.6534,396.4439,0.04434629,0.04257244,396.4439,9514.6534,0.04257244,396.4439,396.4439,396.4439,594.6658,594.6658,9514.6534,0.04257244,2378.6634,2163.0699,7532.4340,7748.0274,0.03370318,0.03466783,0.00177385,18.3071,35.3906,1.7021,111.3606,22.7319,2511.1605,65.4270,19.5018,17.8433,6.2314,10.3857,29.4087,42.1647,51.0976,84.0248,10.2195,-6.1317,4.919981,8.090411,1.762719,10,81,100,8,0.29790265,0.04434629,0.01893081,0E-8,0.000000,0.922083,0.000000,0.03619937,2026-03-22,2026-08-06,89,436,292,138,0.644928,1.092949,1.065259,0.993009,,,,,,,,GLOBAL_BASELINE_NO_ENTITY_RANKING,,,NOT_APPLICABLE_GLOBAL_BASELINE,HF9g-P5,,,,X 全窗基线 · 不参与实体赏罚,15058625,1506,A168_HF9F_20260827_0900,2026-08-27 09:00:00
2026-07-02,94349862,1490,0,204.3903037239,-83.0846584637,-83.0846584637,0.4000000,10,5,0.44256680434745736,0.289327980000,-0.1916329643529871,0.5457490808878799,-0.1916329643529871,0.15323882434745736,ELIGIBLE,R03b_20260811_FULL_v1,L1_ELIGIBILITY,v2026-08-11,2026-03-21..2026-08-06,baccarat_bet02_101_all_pairs_incl_sentinel,round_win = game_pnl > 0 (decisive only),COMPATIBILITY_ONLY_NOT_PRODUCTION,223493.2844,206079.2994,9911.0973,12208,5823,-0.04434629,-0.01893081,-0.05513017,-0.04434629,-9911.0973,223493.2844,OK,0.0000,396.4439,4.0000,96.0000,AG03-UNRESOLVED,ALL5_LEVELS_bet23_to_bet27,396.4439,396.4439,396.4439,594.6658,594.6658,4.000000,4.000000,4.000000,6.000000,6.000000,96.000000,96.000000,96.000000,94.000000,94.000000,5.0,2378.6634,2163.0699,7532.4340,7748.0274,PENDING_AG03,FALSE,NOT_FOR_ENFORCEMENT,9514.6534,197836.1275,9911.0973,9514.6534,396.4439,0.04434629,0.04257244,396.4439,9514.6534,0.04257244,396.4439,396.4439,396.4439,594.6658,594.6658,9514.6534,0.04257244,2378.6634,2163.0699,7532.4340,7748.0274,0.03370318,0.03466783,0.00177385,18.3071,35.3906,1.7021,111.3606,22.7319,2511.1605,65.4270,19.5018,17.8433,6.2314,10.3857,29.4087,42.1647,51.0976,84.0248,10.2195,-6.1317,4.919981,8.090411,1.762719,10,81,100,8,0.29790265,0.04434629,0.01893081,0E-8,0.000000,0.922083,0.000000,0.03619937,2026-03-22,2026-08-06,89,436,292,138,0.644928,1.092949,1.065259,0.993009,,,,,,,,GLOBAL_BASELINE_NO_ENTITY_RANKING,,,NOT_APPLICABLE_GLOBAL_BASELINE,HF9g-P5,,,,X 全窗基线 · 不参与实体赏罚,15058626,1506,A168_HF9F_20260827_0900,2026-08-27 09:00:00
2026-07-02,94349862,2127,0,20.4390303724,-20.4390303724,-20.4390303724,0E-7,1,1,0.49324550000000000,0.493245500000,-0.9865810262130424,-0.9865810262130424,-0.9865810262130424,0E-17,ELIGIBLE,R03b_20260811_FULL_v1,L1_ELIGIBILITY,v2026-08-11,2026-03-21..2026-08-06,baccarat_bet02_101_all_pairs_incl_sentinel,round_win = game_pnl > 0 (decisive only),COMPATIBILITY_ONLY_NOT_PRODUCTION,223493.2844,206079.2994,9911.0973,12208,5823,-0.04434629,-0.01893081,-0.05513017,-0.04434629,-9911.0973,223493.2844,OK,0.0000,396.4439,4.0000,96.0000,AG03-UNRESOLVED,ALL5_LEVELS_bet23_to_bet27,396.4439,396.4439,396.4439,594.6658,594.6658,4.000000,4.000000,4.000000,6.000000,6.000000,96.000000,96.000000,96.000000,94.000000,94.000000,5.0,2378.6634,2163.0699,7532.4340,7748.0274,PENDING_AG03,FALSE,NOT_FOR_ENFORCEMENT,9514.6534,197836.1275,9911.0973,9514.6534,396.4439,0.04434629,0.04257244,396.4439,9514.6534,0.04257244,396.4439,396.4439,396.4439,594.6658,594.6658,9514.6534,0.04257244,2378.6634,2163.0699,7532.4340,7748.0274,0.03370318,0.03466783,0.00177385,18.3071,35.3906,1.7021,111.3606,22.7319,2511.1605,65.4270,19.5018,17.8433,6.2314,10.3857,29.4087,42.1647,51.0976,84.0248,10.2195,-6.1317,4.919981,8.090411,1.762719,10,81,100,8,0.29790265,0.04434629,0.01893081,0E-8,0.000000,0.922083,0.000000,0.03619937,2026-03-22,2026-08-06,89,436,292,138,0.644928,1.092949,1.065259,0.993009,,,,,,,,GLOBAL_BASELINE_NO_ENTITY_RANKING,,,NOT_APPLICABLE_GLOBAL_BASELINE,HF9g-P5,,,,X 全窗基线 · 不参与实体赏罚,15058627,1506,A168_HF9F_20260827_0900,2026-08-27 09:00:00
2026-07-02,94349862,462,0,198.6673752195,103.6667620487,103.6667620487,0.7777778,11,11,0.50421339090909091,0.504213390909,1.6414446022723435,1.6414446022728861,1.6414446022723435,9.091E-14,ELIGIBLE,R03b_20260811_FULL_v1,L1_ELIGIBILITY,v2026-08-11,2026-03-21..2026-08-06,baccarat_bet02_101_all_pairs_incl_sentinel,round_win = game_pnl > 0 (decisive only),COMPATIBILITY_ONLY_NOT_PRODUCTION,223493.2844,206079.2994,9911.0973,12208,5823,-0.04434629,-0.01893081,-0.05513017,-0.04434629,-9911.0973,223493.2844,OK,0.0000,396.4439,4.0000,96.0000,AG03-UNRESOLVED,ALL5_LEVELS_bet23_to_bet27,396.4439,396.4439,396.4439,594.6658,594.6658,4.000000,4.000000,4.000000,6.000000,6.000000,96.000000,96.000000,96.000000,94.000000,94.000000,5.0,2378.6634,2163.0699,7532.4340,7748.0274,PENDING_AG03,FALSE,NOT_FOR_ENFORCEMENT,9514.6534,197836.1275,9911.0973,9514.6534,396.4439,0.04434629,0.04257244,396.4439,9514.6534,0.04257244,396.4439,396.4439,396.4439,594.6658,594.6658,9514.6534,0.04257244,2378.6634,2163.0699,7532.4340,7748.0274,0.03370318,0.03466783,0.00177385,18.3071,35.3906,1.7021,111.3606,22.7319,2511.1605,65.4270,19.5018,17.8433,6.2314,10.3857,29.4087,42.1647,51.0976,84.0248,10.2195,-6.1317,4.919981,8.090411,1.762719,10,81,100,8,0.29790265,0.04434629,0.01893081,0E-8,0.000000,0.922083,0.000000,0.03619937,2026-03-22,2026-08-06,89,436,292,138,0.644928,1.092949,1.065259,0.993009,,,,,,,,GLOBAL_BASELINE_NO_ENTITY_RANKING,,,NOT_APPLICABLE_GLOBAL_BASELINE,HF9g-P5,,,,X 全窗基线 · 不参与实体赏罚,15058628,1506,A168_HF9F_20260827_0900,2026-08-27 09:00:00
2026-07-02,94349862,987,0,21.6653721947,-21.6653721947,-21.6653721947,0E-7,1,1,0.50665070000000000,0.506650700000,-1.013391052207602,-1.013391052207602,-1.013391052207602,0E-17,ELIGIBLE,R03b_20260811_FULL_v1,L1_ELIGIBILITY,v2026-08-11,2026-03-21..2026-08-06,baccarat_bet02_101_all_pairs_incl_sentinel,round_win = game_pnl > 0 (decisive only),COMPATIBILITY_ONLY_NOT_PRODUCTION,223493.2844,206079.2994,9911.0973,12208,5823,-0.04434629,-0.01893081,-0.05513017,-0.04434629,-9911.0973,223493.2844,OK,0.0000,396.4439,4.0000,96.0000,AG03-UNRESOLVED,ALL5_LEVELS_bet23_to_bet27,396.4439,396.4439,396.4439,594.6658,594.6658,4.000000,4.000000,4.000000,6.000000,6.000000,96.000000,96.000000,96.000000,94.000000,94.000000,5.0,2378.6634,2163.0699,7532.4340,7748.0274,PENDING_AG03,FALSE,NOT_FOR_ENFORCEMENT,9514.6534,197836.1275,9911.0973,9514.6534,396.4439,0.04434629,0.04257244,396.4439,9514.6534,0.04257244,396.4439,396.4439,396.4439,594.6658,594.6658,9514.6534,0.04257244,2378.6634,2163.0699,7532.4340,7748.0274,0.03370318,0.03466783,0.00177385,18.3071,35.3906,1.7021,111.3606,22.7319,2511.1605,65.4270,19.5018,17.8433,6.2314,10.3857,29.4087,42.1647,51.0976,84.0248,10.2195,-6.1317,4.919981,8.090411,1.762719,10,81,100,8,0.29790265,0.04434629,0.01893081,0E-8,0.000000,0.922083,0.000000,0.03619937,2026-03-22,2026-08-06,89,436,292,138,0.644928,1.092949,1.065259,0.993009,,,,,,,,GLOBAL_BASELINE_NO_ENTITY_RANKING,,,NOT_APPLICABLE_GLOBAL_BASELINE,HF9g-P5,,,,X 全窗基线 · 不参与实体赏罚,15058629,1506,A168_HF9F_20260827_0900,2026-08-27 09:00:00
2026-07-04,94349862,1157,0,1757.7566120258,44.0461104533,44.0461104533,0.5555556,87,27,0.40316221023222106,0.217328041790,1.6142835432975253,4.261309171920809,1.6142835432975253,0.18583416844222106,ELIGIBLE,R03b_20260811_FULL_v1,L1_ELIGIBILITY,v2026-08-11,2026-03-21..2026-08-06,baccarat_bet02_101_all_pairs_incl_sentinel,round_win = game_pnl > 0 (decisive only),COMPATIBILITY_ONLY_NOT_PRODUCTION,223493.2844,206079.2994,9911.0973,12208,5823,-0.04434629,-0.01893081,-0.05513017,-0.04434629,-9911.0973,223493.2844,OK,0.0000,396.4439,4.0000,96.0000,AG03-UNRESOLVED,ALL5_LEVELS_bet23_to_bet27,396.4439,396.4439,396.4439,594.6658,594.6658,4.000000,4.000000,4.000000,6.000000,6.000000,96.000000,96.000000,96.000000,94.000000,94.000000,5.0,2378.6634,2163.0699,7532.4340,7748.0274,PENDING_AG03,FALSE,NOT_FOR_ENFORCEMENT,9514.6534,197836.1275,9911.0973,9514.6534,396.4439,0.04434629,0.04257244,396.4439,9514.6534,0.04257244,396.4439,396.4439,396.4439,594.6658,594.6658,9514.6534,0.04257244,2378.6634,2163.0699,7532.4340,7748.0274,0.03370318,0.03466783,0.00177385,18.3071,35.3906,1.7021,111.3606,22.7319,2511.1605,65.4270,19.5018,17.8433,6.2314,10.3857,29.4087,42.1647,51.0976,84.0248,10.2195,-6.1317,4.919981,8.090411,1.762719,10,81,100,8,0.29790265,0.04434629,0.01893081,0E-8,0.000000,0.922083,0.000000,0.03619937,2026-03-22,2026-08-06,89,436,292,138,0.644928,1.092949,1.065259,0.993009,,,,,,,,GLOBAL_BASELINE_NO_ENTITY_RANKING,,,NOT_APPLICABLE_GLOBAL_BASELINE,HF9g-P5,,,,X 全窗基线 · 不参与实体赏罚,15058630,1506,A168_HF9F_20260827_0900,2026-08-27 09:00:00
2026-07-04,94349862,1985,0,508.5230756653,-8.3800024527,-8.3800024527,0.4545455,19,11,0.46952863647230202,0.394607363636,-0.09957226372932879,0.4067223975781731,-0.09957226372932879,0.07492127283630202,ELIGIBLE,R03b_20260811_FULL_v1,L1_ELIGIBILITY,v2026-08-11,2026-03-21..2026-08-06,baccarat_bet02_101_all_pairs_incl_sentinel,round_win = game_pnl > 0 (decisive only),COMPATIBILITY_ONLY_NOT_PRODUCTION,223493.2844,206079.2994,9911.0973,12208,5823,-0.04434629,-0.01893081,-0.05513017,-0.04434629,-9911.0973,223493.2844,OK,0.0000,396.4439,4.0000,96.0000,AG03-UNRESOLVED,ALL5_LEVELS_bet23_to_bet27,396.4439,396.4439,396.4439,594.6658,594.6658,4.000000,4.000000,4.000000,6.000000,6.000000,96.000000,96.000000,96.000000,94.000000,94.000000,5.0,2378.6634,2163.0699,7532.4340,7748.0274,PENDING_AG03,FALSE,NOT_FOR_ENFORCEMENT,9514.6534,197836.1275,9911.0973,9514.6534,396.4439,0.04434629,0.04257244,396.4439,9514.6534,0.04257244,396.4439,396.4439,396.4439,594.6658,594.6658,9514.6534,0.04257244,2378.6634,2163.0699,7532.4340,7748.0274,0.03370318,0.03466783,0.00177385,18.3071,35.3906,1.7021,111.3606,22.7319,2511.1605,65.4270,19.5018,17.8433,6.2314,10.3857,29.4087,42.1647,51.0976,84.0248,10.2195,-6.1317,4.919981,8.090411,1.762719,10,81,100,8,0.29790265,0.04434629,0.01893081,0E-8,0.000000,0.922083,0.000000,0.03619937,2026-03-22,2026-08-06,89,436,292,138,0.644928,1.092949,1.065259,0.993009,,,,,,,,GLOBAL_BASELINE_NO_ENTITY_RANKING,,,NOT_APPLICABLE_GLOBAL_BASELINE,HF9g-P5,,,,X 全窗基线 · 不参与实体赏罚,15058631,1506,A168_HF9F_20260827_0900,2026-08-27 09:00:00
2026-07-04,94349862,1990,0,854.3514695663,231.9829947266,231.9829947266,0.7333333,18,15,0.49355086533334094,0.466206335556,1.8575015289275199,2.0738990836100584,1.8575015289275199,0.02734452977734094,ELIGIBLE,R03b_20260811_FULL_v1,L1_ELIGIBILITY,v2026-08-11,2026-03-21..2026-08-06,baccarat_bet02_101_all_pairs_incl_sentinel,round_win = game_pnl > 0 (decisive only),COMPATIBILITY_ONLY_NOT_PRODUCTION,223493.2844,206079.2994,9911.0973,12208,5823,-0.04434629,-0.01893081,-0.05513017,-0.04434629,-9911.0973,223493.2844,OK,0.0000,396.4439,4.0000,96.0000,AG03-UNRESOLVED,ALL5_LEVELS_bet23_to_bet27,396.4439,396.4439,396.4439,594.6658,594.6658,4.000000,4.000000,4.000000,6.000000,6.000000,96.000000,96.000000,96.000000,94.000000,94.000000,5.0,2378.6634,2163.0699,7532.4340,7748.0274,PENDING_AG03,FALSE,NOT_FOR_ENFORCEMENT,9514.6534,197836.1275,9911.0973,9514.6534,396.4439,0.04434629,0.04257244,396.4439,9514.6534,0.04257244,396.4439,396.4439,396.4439,594.6658,594.6658,9514.6534,0.04257244,2378.6634,2163.0699,7532.4340,7748.0274,0.03370318,0.03466783,0.00177385,18.3071,35.3906,1.7021,111.3606,22.7319,2511.1605,65.4270,19.5018,17.8433,6.2314,10.3857,29.4087,42.1647,51.0976,84.0248,10.2195,-6.1317,4.919981,8.090411,1.762719,10,81,100,8,0.29790265,0.04434629,0.01893081,0E-8,0.000000,0.922083,0.000000,0.03619937,2026-03-22,2026-08-06,89,436,292,138,0.644928,1.092949,1.065259,0.993009,,,,,,,,GLOBAL_BASELINE_NO_ENTITY_RANKING,,,NOT_APPLICABLE_GLOBAL_BASELINE,HF9g-P5,,,,X 全窗基线 · 不参与实体赏罚,15058632,1506,A168_HF9F_20260827_0900,2026-08-27 09:00:00
2026-07-04,94349862,2115,0,1855.6595675102,-364.3257163881,-364.3257163881,0.4074074,48,28,0.46813160828194999,0.374852733333,-0.6323501365943432,0.3494408913463122,-0.6323501365943432,0.09327887494894999,ELIGIBLE,R03b_20260811_FULL_v1,L1_ELIGIBILITY,v2026-08-11,2026-03-21..2026-08-06,baccarat_bet02_101_all_pairs_incl_sentinel,round_win = game_pnl > 0 (decisive only),COMPATIBILITY_ONLY_NOT_PRODUCTION,223493.2844,206079.2994,9911.0973,12208,5823,-0.04434629,-0.01893081,-0.05513017,-0.04434629,-9911.0973,223493.2844,OK,0.0000,396.4439,4.0000,96.0000,AG03-UNRESOLVED,ALL5_LEVELS_bet23_to_bet27,396.4439,396.4439,396.4439,594.6658,594.6658,4.000000,4.000000,4.000000,6.000000,6.000000,96.000000,96.000000,96.000000,94.000000,94.000000,5.0,2378.6634,2163.0699,7532.4340,7748.0274,PENDING_AG03,FALSE,NOT_FOR_ENFORCEMENT,9514.6534,197836.1275,9911.0973,9514.6534,396.4439,0.04434629,0.04257244,396.4439,9514.6534,0.04257244,396.4439,396.4439,396.4439,594.6658,594.6658,9514.6534,0.04257244,2378.6634,2163.0699,7532.4340,7748.0274,0.03370318,0.03466783,0.00177385,18.3071,35.3906,1.7021,111.3606,22.7319,2511.1605,65.4270,19.5018,17.8433,6.2314,10.3857,29.4087,42.1647,51.0976,84.0248,10.2195,-6.1317,4.919981,8.090411,1.762719,10,81,100,8,0.29790265,0.04434629,0.01893081,0E-8,0.000000,0.922083,0.000000,0.03619937,2026-03-22,2026-08-06,89,436,292,138,0.644928,1.092949,1.065259,0.993009,,,,,,,,GLOBAL_BASELINE_NO_ENTITY_RANKING,,,NOT_APPLICABLE_GLOBAL_BASELINE,HF9g-P5,,,,X 全窗基线 · 不参与实体赏罚,15058633,1506,A168_HF9F_20260827_0900,2026-08-27 09:00:00
2026-07-04,94349862,2134,0,302.4976495116,-40.8780607448,-40.8780607448,0.4285714,9,9,0.50367176666666667,0.503671766667,-0.3974043516061822,-0.39740435160794807,-0.3974043516061822,-3.3333E-13,ELIGIBLE,R03b_20260811_FULL_v1,L1_ELIGIBILITY,v2026-08-11,2026-03-21..2026-08-06,baccarat_bet02_101_all_pairs_incl_sentinel,round_win = game_pnl > 0 (decisive only),COMPATIBILITY_ONLY_NOT_PRODUCTION,223493.2844,206079.2994,9911.0973,12208,5823,-0.04434629,-0.01893081,-0.05513017,-0.04434629,-9911.0973,223493.2844,OK,0.0000,396.4439,4.0000,96.0000,AG03-UNRESOLVED,ALL5_LEVELS_bet23_to_bet27,396.4439,396.4439,396.4439,594.6658,594.6658,4.000000,4.000000,4.000000,6.000000,6.000000,96.000000,96.000000,96.000000,94.000000,94.000000,5.0,2378.6634,2163.0699,7532.4340,7748.0274,PENDING_AG03,FALSE,NOT_FOR_ENFORCEMENT,9514.6534,197836.1275,9911.0973,9514.6534,396.4439,0.04434629,0.04257244,396.4439,9514.6534,0.04257244,396.4439,396.4439,396.4439,594.6658,594.6658,9514.6534,0.04257244,2378.6634,2163.0699,7532.4340,7748.0274,0.03370318,0.03466783,0.00177385,18.3071,35.3906,1.7021,111.3606,22.7319,2511.1605,65.4270,19.5018,17.8433,6.2314,10.3857,29.4087,42.1647,51.0976,84.0248,10.2195,-6.1317,4.919981,8.090411,1.762719,10,81,100,8,0.29790265,0.04434629,0.01893081,0E-8,0.000000,0.922083,0.000000,0.03619937,2026-03-22,2026-08-06,89,436,292,138,0.644928,1.092949,1.065259,0.993009,,,,,,,,GLOBAL_BASELINE_NO_ENTITY_RANKING,,,NOT_APPLICABLE_GLOBAL_BASELINE,HF9g-P5,,,,X 全窗基线 · 不参与实体赏罚,15058634,1506,A168_HF9F_20260827_0900,2026-08-27 09:00:00
2026-07-04,94349862,2167,0,61.3170911172,-61.3170911172,-61.3170911172,0E-7,3,3,0.50218230000000000,0.502182300000,-1.7396270863184011,-1.7396270863184016,-1.7396270863184011,0E-17,ELIGIBLE,R03b_20260811_FULL_v1,L1_ELIGIBILITY,v2026-08-11,2026-03-21..2026-08-06,baccarat_bet02_101_all_pairs_incl_sentinel,round_win = game_pnl > 0 (decisive only),COMPATIBILITY_ONLY_NOT_PRODUCTION,223493.2844,206079.2994,9911.0973,12208,5823,-0.04434629,-0.01893081,-0.05513017,-0.04434629,-9911.0973,223493.2844,OK,0.0000,396.4439,4.0000,96.0000,AG03-UNRESOLVED,ALL5_LEVELS_bet23_to_bet27,396.4439,396.4439,396.4439,594.6658,594.6658,4.000000,4.000000,4.000000,6.000000,6.000000,96.000000,96.000000,96.000000,94.000000,94.000000,5.0,2378.6634,2163.0699,7532.4340,7748.0274,PENDING_AG03,FALSE,NOT_FOR_ENFORCEMENT,9514.6534,197836.1275,9911.0973,9514.6534,396.4439,0.04434629,0.04257244,396.4439,9514.6534,0.04257244,396.4439,396.4439,396.4439,594.6658,594.6658,9514.6534,0.04257244,2378.6634,2163.0699,7532.4340,7748.0274,0.03370318,0.03466783,0.00177385,18.3071,35.3906,1.7021,111.3606,22.7319,2511.1605,65.4270,19.5018,17.8433,6.2314,10.3857,29.4087,42.1647,51.0976,84.0248,10.2195,-6.1317,4.919981,8.090411,1.762719,10,81,100,8,0.29790265,0.04434629,0.01893081,0E-8,0.000000,0.922083,0.000000,0.03619937,2026-03-22,2026-08-06,89,436,292,138,0.644928,1.092949,1.065259,0.993009,,,,,,,,GLOBAL_BASELINE_NO_ENTITY_RANKING,,,NOT_APPLICABLE_GLOBAL_BASELINE,HF9g-P5,,,,X 全窗基线 · 不参与实体赏罚,15058635,1506,A168_HF9F_20260827_0900,2026-08-27 09:00:00
2026-07-04,94349862,550,0,1283.5711073864,-96.0634427499,-96.0634427499,0.4444444,56,29,0.45028763620145668,0.358522982758,-0.06102661160998524,0.9309674305053823,-0.06102661160998524,0.09176465344345668,ELIGIBLE,R03b_20260811_FULL_v1,L1_ELIGIBILITY,v2026-08-11,2026-03-21..2026-08-06,baccarat_bet02_101_all_pairs_incl_sentinel,round_win = game_pnl > 0 (decisive only),COMPATIBILITY_ONLY_NOT_PRODUCTION,223493.2844,206079.2994,9911.0973,12208,5823,-0.04434629,-0.01893081,-0.05513017,-0.04434629,-9911.0973,223493.2844,OK,0.0000,396.4439,4.0000,96.0000,AG03-UNRESOLVED,ALL5_LEVELS_bet23_to_bet27,396.4439,396.4439,396.4439,594.6658,594.6658,4.000000,4.000000,4.000000,6.000000,6.000000,96.000000,96.000000,96.000000,94.000000,94.000000,5.0,2378.6634,2163.0699,7532.4340,7748.0274,PENDING_AG03,FALSE,NOT_FOR_ENFORCEMENT,9514.6534,197836.1275,9911.0973,9514.6534,396.4439,0.04434629,0.04257244,396.4439,9514.6534,0.04257244,396.4439,396.4439,396.4439,594.6658,594.6658,9514.6534,0.04257244,2378.6634,2163.0699,7532.4340,7748.0274,0.03370318,0.03466783,0.00177385,18.3071,35.3906,1.7021,111.3606,22.7319,2511.1605,65.4270,19.5018,17.8433,6.2314,10.3857,29.4087,42.1647,51.0976,84.0248,10.2195,-6.1317,4.919981,8.090411,1.762719,10,81,100,8,0.29790265,0.04434629,0.01893081,0E-8,0.000000,0.922083,0.000000,0.03619937,2026-03-22,2026-08-06,89,436,292,138,0.644928,1.092949,1.065259,0.993009,,,,,,,,GLOBAL_BASELINE_NO_ENTITY_RANKING,,,NOT_APPLICABLE_GLOBAL_BASELINE,HF9g-P5,,,,X 全窗基线 · 不参与实体赏罚,15058636,1506,A168_HF9F_20260827_0900,2026-08-27 09:00:00
2026-07-04,94349862,583,0,273.6786166864,-61.3170911171,-61.3170911171,0.3000000,10,10,0.49726706000000000,0.497267060000,-1.2476450712142595,-1.2476450712142597,-1.2476450712142595,0E-17,ELIGIBLE,R03b_20260811_FULL_v1,L1_ELIGIBILITY,v2026-08-11,2026-03-21..2026-08-06,baccarat_bet02_101_all_pairs_incl_sentinel,round_win = game_pnl > 0 (decisive only),COMPATIBILITY_ONLY_NOT_PRODUCTION,223493.2844,206079.2994,9911.0973,12208,5823,-0.04434629,-0.01893081,-0.05513017,-0.04434629,-9911.0973,223493.2844,OK,0.0000,396.4439,4.0000,96.0000,AG03-UNRESOLVED,ALL5_LEVELS_bet23_to_bet27,396.4439,396.4439,396.4439,594.6658,594.6658,4.000000,4.000000,4.000000,6.000000,6.000000,96.000000,96.000000,96.000000,94.000000,94.000000,5.0,2378.6634,2163.0699,7532.4340,7748.0274,PENDING_AG03,FALSE,NOT_FOR_ENFORCEMENT,9514.6534,197836.1275,9911.0973,9514.6534,396.4439,0.04434629,0.04257244,396.4439,9514.6534,0.04257244,396.4439,396.4439,396.4439,594.6658,594.6658,9514.6534,0.04257244,2378.6634,2163.0699,7532.4340,7748.0274,0.03370318,0.03466783,0.00177385,18.3071,35.3906,1.7021,111.3606,22.7319,2511.1605,65.4270,19.5018,17.8433,6.2314,10.3857,29.4087,42.1647,51.0976,84.0248,10.2195,-6.1317,4.919981,8.090411,1.762719,10,81,100,8,0.29790265,0.04434629,0.01893081,0E-8,0.000000,0.922083,0.000000,0.03619937,2026-03-22,2026-08-06,89,436,292,138,0.644928,1.092949,1.065259,0.993009,,,,,,,,GLOBAL_BASELINE_NO_ENTITY_RANKING,,,NOT_APPLICABLE_GLOBAL_BASELINE,HF9g-P5,,,,X 全窗基线 · 不参与实体赏罚,15058637,1506,A168_HF9F_20260827_0900,2026-08-27 09:00:00
2026-07-04,94349862,948,0,566.1611413153,-105.5675918734,-105.5675918734,0.2857143,18,7,0.44367563141369845,0.289490709524,-0.8412072655460451,-0.022030662191887793,-0.8412072655460451,0.15418492188969845,ELIGIBLE,R03b_20260811_FULL_v1,L1_ELIGIBILITY,v2026-08-11,2026-03-21..2026-08-06,baccarat_bet02_101_all_pairs_incl_sentinel,round_win = game_pnl > 0 (decisive only),COMPATIBILITY_ONLY_NOT_PRODUCTION,223493.2844,206079.2994,9911.0973,12208,5823,-0.04434629,-0.01893081,-0.05513017,-0.04434629,-9911.0973,223493.2844,OK,0.0000,396.4439,4.0000,96.0000,AG03-UNRESOLVED,ALL5_LEVELS_bet23_to_bet27,396.4439,396.4439,396.4439,594.6658,594.6658,4.000000,4.000000,4.000000,6.000000,6.000000,96.000000,96.000000,96.000000,94.000000,94.000000,5.0,2378.6634,2163.0699,7532.4340,7748.0274,PENDING_AG03,FALSE,NOT_FOR_ENFORCEMENT,9514.6534,197836.1275,9911.0973,9514.6534,396.4439,0.04434629,0.04257244,396.4439,9514.6534,0.04257244,396.4439,396.4439,396.4439,594.6658,594.6658,9514.6534,0.04257244,2378.6634,2163.0699,7532.4340,7748.0274,0.03370318,0.03466783,0.00177385,18.3071,35.3906,1.7021,111.3606,22.7319,2511.1605,65.4270,19.5018,17.8433,6.2314,10.3857,29.4087,42.1647,51.0976,84.0248,10.2195,-6.1317,4.919981,8.090411,1.762719,10,81,100,8,0.29790265,0.04434629,0.01893081,0E-8,0.000000,0.922083,0.000000,0.03619937,2026-03-22,2026-08-06,89,436,292,138,0.644928,1.092949,1.065259,0.993009,,,,,,,,GLOBAL_BASELINE_NO_ENTITY_RANKING,,,NOT_APPLICABLE_GLOBAL_BASELINE,HF9g-P5,,,,X 全窗基线 · 不参与实体赏罚,15058638,1506,A168_HF9F_20260827_0900,2026-08-27 09:00:00
2026-07-05,94349862,1323,0,98.1073457875,-26.5707394842,-26.5707394842,0.3636364,12,12,0.49436260000000000,0.494362600000,-0.8671948736884628,-0.8671948736884628,-0.8671948736884628,0E-17,ELIGIBLE,R03b_20260811_FULL_v1,L1_ELIGIBILITY,v2026-08-11,2026-03-21..2026-08-06,baccarat_bet02_101_all_pairs_incl_sentinel,round_win = game_pnl > 0 (decisive only),COMPATIBILITY_ONLY_NOT_PRODUCTION,223493.2844,206079.2994,9911.0973,12208,5823,-0.04434629,-0.01893081,-0.05513017,-0.04434629,-9911.0973,223493.2844,OK,0.0000,396.4439,4.0000,96.0000,AG03-UNRESOLVED,ALL5_LEVELS_bet23_to_bet27,396.4439,396.4439,396.4439,594.6658,594.6658,4.000000,4.000000,4.000000,6.000000,6.000000,96.000000,96.000000,96.000000,94.000000,94.000000,5.0,2378.6634,2163.0699,7532.4340,7748.0274,PENDING_AG03,FALSE,NOT_FOR_ENFORCEMENT,9514.6534,197836.1275,9911.0973,9514.6534,396.4439,0.04434629,0.04257244,396.4439,9514.6534,0.04257244,396.4439,396.4439,396.4439,594.6658,594.6658,9514.6534,0.04257244,2378.6634,2163.0699,7532.4340,7748.0274,0.03370318,0.03466783,0.00177385,18.3071,35.3906,1.7021,111.3606,22.7319,2511.1605,65.4270,19.5018,17.8433,6.2314,10.3857,29.4087,42.1647,51.0976,84.0248,10.2195,-6.1317,4.919981,8.090411,1.762719,10,81,100,8,0.29790265,0.04434629,0.01893081,0E-8,0.000000,0.922083,0.000000,0.03619937,2026-03-22,2026-08-06,89,436,292,138,0.644928,1.092949,1.065259,0.993009,,,,,,,,GLOBAL_BASELINE_NO_ENTITY_RANKING,,,NOT_APPLICABLE_GLOBAL_BASELINE,HF9g-P5,,,,X 全窗基线 · 不参与实体赏罚,15058639,1506,A168_HF9F_20260827_0900,2026-08-27 09:00:00
2026-07-10,94349862,1151,0,384.2537710012,167.6000490537,167.6000490537,0.7222222,25,21,0.47962987875896411,0.454021061905,2.0601747089056057,2.2854459779436147,2.0601747089056057,0.02560881685396411,ELIGIBLE,R03b_20260811_FULL_v1,L1_ELIGIBILITY,v2026-08-11,2026-03-21..2026-08-06,baccarat_bet02_101_all_pairs_incl_sentinel,round_win = game_pnl > 0 (decisive only),COMPATIBILITY_ONLY_NOT_PRODUCTION,223493.2844,206079.2994,9911.0973,12208,5823,-0.04434629,-0.01893081,-0.05513017,-0.04434629,-9911.0973,223493.2844,OK,0.0000,396.4439,4.0000,96.0000,AG03-UNRESOLVED,ALL5_LEVELS_bet23_to_bet27,396.4439,396.4439,396.4439,594.6658,594.6658,4.000000,4.000000,4.000000,6.000000,6.000000,96.000000,96.000000,96.000000,94.000000,94.000000,5.0,2378.6634,2163.0699,7532.4340,7748.0274,PENDING_AG03,FALSE,NOT_FOR_ENFORCEMENT,9514.6534,197836.1275,9911.0973,9514.6534,396.4439,0.04434629,0.04257244,396.4439,9514.6534,0.04257244,396.4439,396.4439,396.4439,594.6658,594.6658,9514.6534,0.04257244,2378.6634,2163.0699,7532.4340,7748.0274,0.03370318,0.03466783,0.00177385,18.3071,35.3906,1.7021,111.3606,22.7319,2511.1605,65.4270,19.5018,17.8433,6.2314,10.3857,29.4087,42.1647,51.0976,84.0248,10.2195,-6.1317,4.919981,8.090411,1.762719,10,81,100,8,0.29790265,0.04434629,0.01893081,0E-8,0.000000,0.922083,0.000000,0.03619937,2026-03-22,2026-08-06,89,436,292,138,0.644928,1.092949,1.065259,0.993009,,,,,,,,GLOBAL_BASELINE_NO_ENTITY_RANKING,,,NOT_APPLICABLE_GLOBAL_BASELINE,HF9g-P5,,,,X 全窗基线 · 不参与实体赏罚,15058640,1506,A168_HF9F_20260827_0900,2026-08-27 09:00:00
2026-07-10,94349862,1382,0,100.1512488247,34.7463516331,34.7463516331,0.6666667,6,3,0.42583951169594362,0.287416500000,0.8435803474839507,1.4514854223384048,0.8435803474839507,0.13842301169594362,ELIGIBLE,R03b_20260811_FULL_v1,L1_ELIGIBILITY,v2026-08-11,2026-03-21..2026-08-06,baccarat_bet02_101_all_pairs_incl_sentinel,round_win = game_pnl > 0 (decisive only),COMPATIBILITY_ONLY_NOT_PRODUCTION,223493.2844,206079.2994,9911.0973,12208,5823,-0.04434629,-0.01893081,-0.05513017,-0.04434629,-9911.0973,223493.2844,OK,0.0000,396.4439,4.0000,96.0000,AG03-UNRESOLVED,ALL5_LEVELS_bet23_to_bet27,396.4439,396.4439,396.4439,594.6658,594.6658,4.000000,4.000000,4.000000,6.000000,6.000000,96.000000,96.000000,96.000000,94.000000,94.000000,5.0,2378.6634,2163.0699,7532.4340,7748.0274,PENDING_AG03,FALSE,NOT_FOR_ENFORCEMENT,9514.6534,197836.1275,9911.0973,9514.6534,396.4439,0.04434629,0.04257244,396.4439,9514.6534,0.04257244,396.4439,396.4439,396.4439,594.6658,594.6658,9514.6534,0.04257244,2378.6634,2163.0699,7532.4340,7748.0274,0.03370318,0.03466783,0.00177385,18.3071,35.3906,1.7021,111.3606,22.7319,2511.1605,65.4270,19.5018,17.8433,6.2314,10.3857,29.4087,42.1647,51.0976,84.0248,10.2195,-6.1317,4.919981,8.090411,1.762719,10,81,100,8,0.29790265,0.04434629,0.01893081,0E-8,0.000000,0.922083,0.000000,0.03619937,2026-03-22,2026-08-06,89,436,292,138,0.644928,1.092949,1.065259,0.993009,,,,,,,,GLOBAL_BASELINE_NO_ENTITY_RANKING,,,NOT_APPLICABLE_GLOBAL_BASELINE,HF9g-P5,,,,X 全窗基线 · 不参与实体赏罚,15058641,1506,A168_HF9F_20260827_0900,2026-08-27 09:00:00
2026-07-10,94349862,1490,0,132.8536974207,-37.1990352778,-37.1990352778,0.4000000,8,5,0.48151122271069250,0.405429423333,-0.36477874332841453,-0.02472745205811022,-0.36477874332841453,0.07608179937769250,ELIGIBLE,R03b_20260811_FULL_v1,L1_ELIGIBILITY,v2026-08-11,2026-03-21..2026-08-06,baccarat_bet02_101_all_pairs_incl_sentinel,round_win = game_pnl > 0 (decisive only),COMPATIBILITY_ONLY_NOT_PRODUCTION,223493.2844,206079.2994,9911.0973,12208,5823,-0.04434629,-0.01893081,-0.05513017,-0.04434629,-9911.0973,223493.2844,OK,0.0000,396.4439,4.0000,96.0000,AG03-UNRESOLVED,ALL5_LEVELS_bet23_to_bet27,396.4439,396.4439,396.4439,594.6658,594.6658,4.000000,4.000000,4.000000,6.000000,6.000000,96.000000,96.000000,96.000000,94.000000,94.000000,5.0,2378.6634,2163.0699,7532.4340,7748.0274,PENDING_AG03,FALSE,NOT_FOR_ENFORCEMENT,9514.6534,197836.1275,9911.0973,9514.6534,396.4439,0.04434629,0.04257244,396.4439,9514.6534,0.04257244,396.4439,396.4439,396.4439,594.6658,594.6658,9514.6534,0.04257244,2378.6634,2163.0699,7532.4340,7748.0274,0.03370318,0.03466783,0.00177385,18.3071,35.3906,1.7021,111.3606,22.7319,2511.1605,65.4270,19.5018,17.8433,6.2314,10.3857,29.4087,42.1647,51.0976,84.0248,10.2195,-6.1317,4.919981,8.090411,1.762719,10,81,100,8,0.29790265,0.04434629,0.01893081,0E-8,0.000000,0.922083,0.000000,0.03619937,2026-03-22,2026-08-06,89,436,292,138,0.644928,1.092949,1.065259,0.993009,,,,,,,,GLOBAL_BASELINE_NO_ENTITY_RANKING,,,NOT_APPLICABLE_GLOBAL_BASELINE,HF9g-P5,,,,X 全窗基线 · 不参与实体赏罚,15058642,1506,A168_HF9F_20260827_0900,2026-08-27 09:00:00
2026-07-10,94349862,1750,0,300.4537464741,-87.8878306013,-87.8878306013,0.5000000,16,6,0.43892589331876522,0.253321044444,0.3014581532862977,1.3893291103514687,0.3014581532862977,0.18560484887476522,ELIGIBLE,R03b_20260811_FULL_v1,L1_ELIGIBILITY,v2026-08-11,2026-03-21..2026-08-06,baccarat_bet02_101_all_pairs_incl_sentinel,round_win = game_pnl > 0 (decisive only),COMPATIBILITY_ONLY_NOT_PRODUCTION,223493.2844,206079.2994,9911.0973,12208,5823,-0.04434629,-0.01893081,-0.05513017,-0.04434629,-9911.0973,223493.2844,OK,0.0000,396.4439,4.0000,96.0000,AG03-UNRESOLVED,ALL5_LEVELS_bet23_to_bet27,396.4439,396.4439,396.4439,594.6658,594.6658,4.000000,4.000000,4.000000,6.000000,6.000000,96.000000,96.000000,96.000000,94.000000,94.000000,5.0,2378.6634,2163.0699,7532.4340,7748.0274,PENDING_AG03,FALSE,NOT_FOR_ENFORCEMENT,9514.6534,197836.1275,9911.0973,9514.6534,396.4439,0.04434629,0.04257244,396.4439,9514.6534,0.04257244,396.4439,396.4439,396.4439,594.6658,594.6658,9514.6534,0.04257244,2378.6634,2163.0699,7532.4340,7748.0274,0.03370318,0.03466783,0.00177385,18.3071,35.3906,1.7021,111.3606,22.7319,2511.1605,65.4270,19.5018,17.8433,6.2314,10.3857,29.4087,42.1647,51.0976,84.0248,10.2195,-6.1317,4.919981,8.090411,1.762719,10,81,100,8,0.29790265,0.04434629,0.01893081,0E-8,0.000000,0.922083,0.000000,0.03619937,2026-03-22,2026-08-06,89,436,292,138,0.644928,1.092949,1.065259,0.993009,,,,,,,,GLOBAL_BASELINE_NO_ENTITY_RANKING,,,NOT_APPLICABLE_GLOBAL_BASELINE,HF9g-P5,,,,X 全窗基线 · 不参与实体赏罚,15058643,1506,A168_HF9F_20260827_0900,2026-08-27 09:00:00
2026-07-10,94349862,1985,0,55.1853820054,-55.1853820054,-55.1853820054,0E-7,2,2,0.49324550000000000,0.493245500000,-1.3952362676504506,-1.3952362676504506,-1.3952362676504506,0E-17,ELIGIBLE,R03b_20260811_FULL_v1,L1_ELIGIBILITY,v2026-08-11,2026-03-21..2026-08-06,baccarat_bet02_101_all_pairs_incl_sentinel,round_win = game_pnl > 0 (decisive only),COMPATIBILITY_ONLY_NOT_PRODUCTION,223493.2844,206079.2994,9911.0973,12208,5823,-0.04434629,-0.01893081,-0.05513017,-0.04434629,-9911.0973,223493.2844,OK,0.0000,396.4439,4.0000,96.0000,AG03-UNRESOLVED,ALL5_LEVELS_bet23_to_bet27,396.4439,396.4439,396.4439,594.6658,594.6658,4.000000,4.000000,4.000000,6.000000,6.000000,96.000000,96.000000,96.000000,94.000000,94.000000,5.0,2378.6634,2163.0699,7532.4340,7748.0274,PENDING_AG03,FALSE,NOT_FOR_ENFORCEMENT,9514.6534,197836.1275,9911.0973,9514.6534,396.4439,0.04434629,0.04257244,396.4439,9514.6534,0.04257244,396.4439,396.4439,396.4439,594.6658,594.6658,9514.6534,0.04257244,2378.6634,2163.0699,7532.4340,7748.0274,0.03370318,0.03466783,0.00177385,18.3071,35.3906,1.7021,111.3606,22.7319,2511.1605,65.4270,19.5018,17.8433,6.2314,10.3857,29.4087,42.1647,51.0976,84.0248,10.2195,-6.1317,4.919981,8.090411,1.762719,10,81,100,8,0.29790265,0.04434629,0.01893081,0E-8,0.000000,0.922083,0.000000,0.03619937,2026-03-22,2026-08-06,89,436,292,138,0.644928,1.092949,1.065259,0.993009,,,,,,,,GLOBAL_BASELINE_NO_ENTITY_RANKING,,,NOT_APPLICABLE_GLOBAL_BASELINE,HF9g-P5,,,,X 全窗基线 · 不参与实体赏罚,15058644,1506,A168_HF9F_20260827_0900,2026-08-27 09:00:00
2026-07-10,94349862,2134,0,36.7902546703,22.4829334096,22.4829334096,1.0000000,3,3,0.49771390000000000,0.497713900000,1.4206944795187548,1.420694479518755,1.4206944795187548,0E-17,ELIGIBLE,R03b_20260811_FULL_v1,L1_ELIGIBILITY,v2026-08-11,2026-03-21..2026-08-06,baccarat_bet02_101_all_pairs_incl_sentinel,round_win = game_pnl > 0 (decisive only),COMPATIBILITY_ONLY_NOT_PRODUCTION,223493.2844,206079.2994,9911.0973,12208,5823,-0.04434629,-0.01893081,-0.05513017,-0.04434629,-9911.0973,223493.2844,OK,0.0000,396.4439,4.0000,96.0000,AG03-UNRESOLVED,ALL5_LEVELS_bet23_to_bet27,396.4439,396.4439,396.4439,594.6658,594.6658,4.000000,4.000000,4.000000,6.000000,6.000000,96.000000,96.000000,96.000000,94.000000,94.000000,5.0,2378.6634,2163.0699,7532.4340,7748.0274,PENDING_AG03,FALSE,NOT_FOR_ENFORCEMENT,9514.6534,197836.1275,9911.0973,9514.6534,396.4439,0.04434629,0.04257244,396.4439,9514.6534,0.04257244,396.4439,396.4439,396.4439,594.6658,594.6658,9514.6534,0.04257244,2378.6634,2163.0699,7532.4340,7748.0274,0.03370318,0.03466783,0.00177385,18.3071,35.3906,1.7021,111.3606,22.7319,2511.1605,65.4270,19.5018,17.8433,6.2314,10.3857,29.4087,42.1647,51.0976,84.0248,10.2195,-6.1317,4.919981,8.090411,1.762719,10,81,100,8,0.29790265,0.04434629,0.01893081,0E-8,0.000000,0.922083,0.000000,0.03619937,2026-03-22,2026-08-06,89,436,292,138,0.644928,1.092949,1.065259,0.993009,,,,,,,,GLOBAL_BASELINE_NO_ENTITY_RANKING,,,NOT_APPLICABLE_GLOBAL_BASELINE,HF9g-P5,,,,X 全窗基线 · 不参与实体赏罚,15058645,1506,A168_HF9F_20260827_0900,2026-08-27 09:00:00
2026-07-10,94349862,948,0,459.8781833790,284.1025221764,284.1025221764,0.6666667,19,9,0.43554359207193885,0.277469033333,1.3984068505226632,2.6076899444747763,1.3984068505226632,0.15807455873893885,ELIGIBLE,R03b_20260811_FULL_v1,L1_ELIGIBILITY,v2026-08-11,2026-03-21..2026-08-06,baccarat_bet02_101_all_pairs_incl_sentinel,round_win = game_pnl > 0 (decisive only),COMPATIBILITY_ONLY_NOT_PRODUCTION,223493.2844,206079.2994,9911.0973,12208,5823,-0.04434629,-0.01893081,-0.05513017,-0.04434629,-9911.0973,223493.2844,OK,0.0000,396.4439,4.0000,96.0000,AG03-UNRESOLVED,ALL5_LEVELS_bet23_to_bet27,396.4439,396.4439,396.4439,594.6658,594.6658,4.000000,4.000000,4.000000,6.000000,6.000000,96.000000,96.000000,96.000000,94.000000,94.000000,5.0,2378.6634,2163.0699,7532.4340,7748.0274,PENDING_AG03,FALSE,NOT_FOR_ENFORCEMENT,9514.6534,197836.1275,9911.0973,9514.6534,396.4439,0.04434629,0.04257244,396.4439,9514.6534,0.04257244,396.4439,396.4439,396.4439,594.6658,594.6658,9514.6534,0.04257244,2378.6634,2163.0699,7532.4340,7748.0274,0.03370318,0.03466783,0.00177385,18.3071,35.3906,1.7021,111.3606,22.7319,2511.1605,65.4270,19.5018,17.8433,6.2314,10.3857,29.4087,42.1647,51.0976,84.0248,10.2195,-6.1317,4.919981,8.090411,1.762719,10,81,100,8,0.29790265,0.04434629,0.01893081,0E-8,0.000000,0.922083,0.000000,0.03619937,2026-03-22,2026-08-06,89,436,292,138,0.644928,1.092949,1.065259,0.993009,,,,,,,,GLOBAL_BASELINE_NO_ENTITY_RANKING,,,NOT_APPLICABLE_GLOBAL_BASELINE,HF9g-P5,,,,X 全窗基线 · 不参与实体赏罚,15058646,1506,A168_HF9F_20260827_0900,2026-08-27 09:00:00
2026-07-12,94349862,1109,0,1784.3273515104,485.0181907371,485.0181907371,0.6176471,63,34,0.45780531223901748,0.361543776961,1.870732244566627,3.1081974141568423,1.870732244566627,0.09626153527801748,ELIGIBLE,R03b_20260811_FULL_v1,L1_ELIGIBILITY,v2026-08-11,2026-03-21..2026-08-06,baccarat_bet02_101_all_pairs_incl_sentinel,round_win = game_pnl > 0 (decisive only),COMPATIBILITY_ONLY_NOT_PRODUCTION,223493.2844,206079.2994,9911.0973,12208,5823,-0.04434629,-0.01893081,-0.05513017,-0.04434629,-9911.0973,223493.2844,OK,0.0000,396.4439,4.0000,96.0000,AG03-UNRESOLVED,ALL5_LEVELS_bet23_to_bet27,396.4439,396.4439,396.4439,594.6658,594.6658,4.000000,4.000000,4.000000,6.000000,6.000000,96.000000,96.000000,96.000000,94.000000,94.000000,5.0,2378.6634,2163.0699,7532.4340,7748.0274,PENDING_AG03,FALSE,NOT_FOR_ENFORCEMENT,9514.6534,197836.1275,9911.0973,9514.6534,396.4439,0.04434629,0.04257244,396.4439,9514.6534,0.04257244,396.4439,396.4439,396.4439,594.6658,594.6658,9514.6534,0.04257244,2378.6634,2163.0699,7532.4340,7748.0274,0.03370318,0.03466783,0.00177385,18.3071,35.3906,1.7021,111.3606,22.7319,2511.1605,65.4270,19.5018,17.8433,6.2314,10.3857,29.4087,42.1647,51.0976,84.0248,10.2195,-6.1317,4.919981,8.090411,1.762719,10,81,100,8,0.29790265,0.04434629,0.01893081,0E-8,0.000000,0.922083,0.000000,0.03619937,2026-03-22,2026-08-06,89,436,292,138,0.644928,1.092949,1.065259,0.993009,,,,,,,,GLOBAL_BASELINE_NO_ENTITY_RANKING,,,NOT_APPLICABLE_GLOBAL_BASELINE,HF9g-P5,,,,X 全窗基线 · 不参与实体赏罚,15058647,1506,A168_HF9F_20260827_0900,2026-08-27 09:00:00
2026-07-12,94349862,1704,0,10.2195151862,-10.2195151862,-10.2195151862,0E-7,1,1,0.49324550000000000,0.493245500000,-0.9865810262130424,-0.9865810262130424,-0.9865810262130424,0E-17,ELIGIBLE,R03b_20260811_FULL_v1,L1_ELIGIBILITY,v2026-08-11,2026-03-21..2026-08-06,baccarat_bet02_101_all_pairs_incl_sentinel,round_win = game_pnl > 0 (decisive only),COMPATIBILITY_ONLY_NOT_PRODUCTION,223493.2844,206079.2994,9911.0973,12208,5823,-0.04434629,-0.01893081,-0.05513017,-0.04434629,-9911.0973,223493.2844,OK,0.0000,396.4439,4.0000,96.0000,AG03-UNRESOLVED,ALL5_LEVELS_bet23_to_bet27,396.4439,396.4439,396.4439,594.6658,594.6658,4.000000,4.000000,4.000000,6.000000,6.000000,96.000000,96.000000,96.000000,94.000000,94.000000,5.0,2378.6634,2163.0699,7532.4340,7748.0274,PENDING_AG03,FALSE,NOT_FOR_ENFORCEMENT,9514.6534,197836.1275,9911.0973,9514.6534,396.4439,0.04434629,0.04257244,396.4439,9514.6534,0.04257244,396.4439,396.4439,396.4439,594.6658,594.6658,9514.6534,0.04257244,2378.6634,2163.0699,7532.4340,7748.0274,0.03370318,0.03466783,0.00177385,18.3071,35.3906,1.7021,111.3606,22.7319,2511.1605,65.4270,19.5018,17.8433,6.2314,10.3857,29.4087,42.1647,51.0976,84.0248,10.2195,-6.1317,4.919981,8.090411,1.762719,10,81,100,8,0.29790265,0.04434629,0.01893081,0E-8,0.000000,0.922083,0.000000,0.03619937,2026-03-22,2026-08-06,89,436,292,138,0.644928,1.092949,1.065259,0.993009,,,,,,,,GLOBAL_BASELINE_NO_ENTITY_RANKING,,,NOT_APPLICABLE_GLOBAL_BASELINE,HF9g-P5,,,,X 全窗基线 · 不参与实体赏罚,15058648,1506,A168_HF9F_20260827_0900,2026-08-27 09:00:00
2026-07-12,94349862,1941,0,79.7122184523,77.9749008706,77.9749008706,1.0000000,4,4,0.49994810000000000,0.499948100000,2.0002076107755586,2.0002076107755586,2.0002076107755586,0E-17,ELIGIBLE,R03b_20260811_FULL_v1,L1_ELIGIBILITY,v2026-08-11,2026-03-21..2026-08-06,baccarat_bet02_101_all_pairs_incl_sentinel,round_win = game_pnl > 0 (decisive only),COMPATIBILITY_ONLY_NOT_PRODUCTION,223493.2844,206079.2994,9911.0973,12208,5823,-0.04434629,-0.01893081,-0.05513017,-0.04434629,-9911.0973,223493.2844,OK,0.0000,396.4439,4.0000,96.0000,AG03-UNRESOLVED,ALL5_LEVELS_bet23_to_bet27,396.4439,396.4439,396.4439,594.6658,594.6658,4.000000,4.000000,4.000000,6.000000,6.000000,96.000000,96.000000,96.000000,94.000000,94.000000,5.0,2378.6634,2163.0699,7532.4340,7748.0274,PENDING_AG03,FALSE,NOT_FOR_ENFORCEMENT,9514.6534,197836.1275,9911.0973,9514.6534,396.4439,0.04434629,0.04257244,396.4439,9514.6534,0.04257244,396.4439,396.4439,396.4439,594.6658,594.6658,9514.6534,0.04257244,2378.6634,2163.0699,7532.4340,7748.0274,0.03370318,0.03466783,0.00177385,18.3071,35.3906,1.7021,111.3606,22.7319,2511.1605,65.4270,19.5018,17.8433,6.2314,10.3857,29.4087,42.1647,51.0976,84.0248,10.2195,-6.1317,4.919981,8.090411,1.762719,10,81,100,8,0.29790265,0.04434629,0.01893081,0E-8,0.000000,0.922083,0.000000,0.03619937,2026-03-22,2026-08-06,89,436,292,138,0.644928,1.092949,1.065259,0.993009,,,,,,,,GLOBAL_BASELINE_NO_ENTITY_RANKING,,,NOT_APPLICABLE_GLOBAL_BASELINE,HF9g-P5,,,,X 全窗基线 · 不参与实体赏罚,15058649,1506,A168_HF9F_20260827_0900,2026-08-27 09:00:00
2026-07-12,94349862,2152,0,91.9756366758,71.5366063034,71.5366063034,1.0000000,3,2,0.46384135714285715,0.390331000000,1.5204667211753564,1.767443469900924,1.5204667211753564,0.07351035714285715,ELIGIBLE,R03b_20260811_FULL_v1,L1_ELIGIBILITY,v2026-08-11,2026-03-21..2026-08-06,baccarat_bet02_101_all_pairs_incl_sentinel,round_win = game_pnl > 0 (decisive only),COMPATIBILITY_ONLY_NOT_PRODUCTION,223493.2844,206079.2994,9911.0973,12208,5823,-0.04434629,-0.01893081,-0.05513017,-0.04434629,-9911.0973,223493.2844,OK,0.0000,396.4439,4.0000,96.0000,AG03-UNRESOLVED,ALL5_LEVELS_bet23_to_bet27,396.4439,396.4439,396.4439,594.6658,594.6658,4.000000,4.000000,4.000000,6.000000,6.000000,96.000000,96.000000,96.000000,94.000000,94.000000,5.0,2378.6634,2163.0699,7532.4340,7748.0274,PENDING_AG03,FALSE,NOT_FOR_ENFORCEMENT,9514.6534,197836.1275,9911.0973,9514.6534,396.4439,0.04434629,0.04257244,396.4439,9514.6534,0.04257244,396.4439,396.4439,396.4439,594.6658,594.6658,9514.6534,0.04257244,2378.6634,2163.0699,7532.4340,7748.0274,0.03370318,0.03466783,0.00177385,18.3071,35.3906,1.7021,111.3606,22.7319,2511.1605,65.4270,19.5018,17.8433,6.2314,10.3857,29.4087,42.1647,51.0976,84.0248,10.2195,-6.1317,4.919981,8.090411,1.762719,10,81,100,8,0.29790265,0.04434629,0.01893081,0E-8,0.000000,0.922083,0.000000,0.03619937,2026-03-22,2026-08-06,89,436,292,138,0.644928,1.092949,1.065259,0.993009,,,,,,,,GLOBAL_BASELINE_NO_ENTITY_RANKING,,,NOT_APPLICABLE_GLOBAL_BASELINE,HF9g-P5,,,,X 全窗基线 · 不参与实体赏罚,15058650,1506,A168_HF9F_20260827_0900,2026-08-27 09:00:00
2026-07-12,94349862,2155,0,387.1152352532,14.5117115644,14.5117115644,0.5714286,9,8,0.49298463739755588,0.471630018750,0.415127145850817,0.5289364247079597,0.415127145850817,0.02135461864755588,ELIGIBLE,R03b_20260811_FULL_v1,L1_ELIGIBILITY,v2026-08-11,2026-03-21..2026-08-06,baccarat_bet02_101_all_pairs_incl_sentinel,round_win = game_pnl > 0 (decisive only),COMPATIBILITY_ONLY_NOT_PRODUCTION,223493.2844,206079.2994,9911.0973,12208,5823,-0.04434629,-0.01893081,-0.05513017,-0.04434629,-9911.0973,223493.2844,OK,0.0000,396.4439,4.0000,96.0000,AG03-UNRESOLVED,ALL5_LEVELS_bet23_to_bet27,396.4439,396.4439,396.4439,594.6658,594.6658,4.000000,4.000000,4.000000,6.000000,6.000000,96.000000,96.000000,96.000000,94.000000,94.000000,5.0,2378.6634,2163.0699,7532.4340,7748.0274,PENDING_AG03,FALSE,NOT_FOR_ENFORCEMENT,9514.6534,197836.1275,9911.0973,9514.6534,396.4439,0.04434629,0.04257244,396.4439,9514.6534,0.04257244,396.4439,396.4439,396.4439,594.6658,594.6658,9514.6534,0.04257244,2378.6634,2163.0699,7532.4340,7748.0274,0.03370318,0.03466783,0.00177385,18.3071,35.3906,1.7021,111.3606,22.7319,2511.1605,65.4270,19.5018,17.8433,6.2314,10.3857,29.4087,42.1647,51.0976,84.0248,10.2195,-6.1317,4.919981,8.090411,1.762719,10,81,100,8,0.29790265,0.04434629,0.01893081,0E-8,0.000000,0.922083,0.000000,0.03619937,2026-03-22,2026-08-06,89,436,292,138,0.644928,1.092949,1.065259,0.993009,,,,,,,,GLOBAL_BASELINE_NO_ENTITY_RANKING,,,NOT_APPLICABLE_GLOBAL_BASELINE,HF9g-P5,,,,X 全窗基线 · 不参与实体赏罚,15058651,1506,A168_HF9F_20260827_0900,2026-08-27 09:00:00
2026-07-12,94349862,2167,0,242.6112905204,9.2793197891,9.2793197891,0.6666667,6,3,0.44842985472384758,0.280106050000,0.7600479662418362,1.4910174502382623,0.7600479662418362,0.16832380472384758,ELIGIBLE,R03b_20260811_FULL_v1,L1_ELIGIBILITY,v2026-08-11,2026-03-21..2026-08-06,baccarat_bet02_101_all_pairs_incl_sentinel,round_win = game_pnl > 0 (decisive only),COMPATIBILITY_ONLY_NOT_PRODUCTION,223493.2844,206079.2994,9911.0973,12208,5823,-0.04434629,-0.01893081,-0.05513017,-0.04434629,-9911.0973,223493.2844,OK,0.0000,396.4439,4.0000,96.0000,AG03-UNRESOLVED,ALL5_LEVELS_bet23_to_bet27,396.4439,396.4439,396.4439,594.6658,594.6658,4.000000,4.000000,4.000000,6.000000,6.000000,96.000000,96.000000,96.000000,94.000000,94.000000,5.0,2378.6634,2163.0699,7532.4340,7748.0274,PENDING_AG03,FALSE,NOT_FOR_ENFORCEMENT,9514.6534,197836.1275,9911.0973,9514.6534,396.4439,0.04434629,0.04257244,396.4439,9514.6534,0.04257244,396.4439,396.4439,396.4439,594.6658,594.6658,9514.6534,0.04257244,2378.6634,2163.0699,7532.4340,7748.0274,0.03370318,0.03466783,0.00177385,18.3071,35.3906,1.7021,111.3606,22.7319,2511.1605,65.4270,19.5018,17.8433,6.2314,10.3857,29.4087,42.1647,51.0976,84.0248,10.2195,-6.1317,4.919981,8.090411,1.762719,10,81,100,8,0.29790265,0.04434629,0.01893081,0E-8,0.000000,0.922083,0.000000,0.03619937,2026-03-22,2026-08-06,89,436,292,138,0.644928,1.092949,1.065259,0.993009,,,,,,,,GLOBAL_BASELINE_NO_ENTITY_RANKING,,,NOT_APPLICABLE_GLOBAL_BASELINE,HF9g-P5,,,,X 全窗基线 · 不参与实体赏罚,15058652,1506,A168_HF9F_20260827_0900,2026-08-27 09:00:00
2026-07-12,94349862,2174,0,22.4829334096,-22.4829334096,-22.4829334096,0E-7,1,1,0.50665070000000000,0.506650700000,-1.013391052207602,-1.013391052207602,-1.013391052207602,0E-17,ELIGIBLE,R03b_20260811_FULL_v1,L1_ELIGIBILITY,v2026-08-11,2026-03-21..2026-08-06,baccarat_bet02_101_all_pairs_incl_sentinel,round_win = game_pnl > 0 (decisive only),COMPATIBILITY_ONLY_NOT_PRODUCTION,223493.2844,206079.2994,9911.0973,12208,5823,-0.04434629,-0.01893081,-0.05513017,-0.04434629,-9911.0973,223493.2844,OK,0.0000,396.4439,4.0000,96.0000,AG03-UNRESOLVED,ALL5_LEVELS_bet23_to_bet27,396.4439,396.4439,396.4439,594.6658,594.6658,4.000000,4.000000,4.000000,6.000000,6.000000,96.000000,96.000000,96.000000,94.000000,94.000000,5.0,2378.6634,2163.0699,7532.4340,7748.0274,PENDING_AG03,FALSE,NOT_FOR_ENFORCEMENT,9514.6534,197836.1275,9911.0973,9514.6534,396.4439,0.04434629,0.04257244,396.4439,9514.6534,0.04257244,396.4439,396.4439,396.4439,594.6658,594.6658,9514.6534,0.04257244,2378.6634,2163.0699,7532.4340,7748.0274,0.03370318,0.03466783,0.00177385,18.3071,35.3906,1.7021,111.3606,22.7319,2511.1605,65.4270,19.5018,17.8433,6.2314,10.3857,29.4087,42.1647,51.0976,84.0248,10.2195,-6.1317,4.919981,8.090411,1.762719,10,81,100,8,0.29790265,0.04434629,0.01893081,0E-8,0.000000,0.922083,0.000000,0.03619937,2026-03-22,2026-08-06,89,436,292,138,0.644928,1.092949,1.065259,0.993009,,,,,,,,GLOBAL_BASELINE_NO_ENTITY_RANKING,,,NOT_APPLICABLE_GLOBAL_BASELINE,HF9g-P5,,,,X 全窗基线 · 不参与实体赏罚,15058653,1506,A168_HF9F_20260827_0900,2026-08-27 09:00:00
2026-07-12,94349862,2175,0,1240.6491436046,3.5768303153,3.5768303153,0.5000000,30,15,0.46808748829879449,0.347548078333,0.23929927645746563,1.1978852513708325,0.23929927645746563,0.12053940996579449,ELIGIBLE,R03b_20260811_FULL_v1,L1_ELIGIBILITY,v2026-08-11,2026-03-21..2026-08-06,baccarat_bet02_101_all_pairs_incl_sentinel,round_win = game_pnl > 0 (decisive only),COMPATIBILITY_ONLY_NOT_PRODUCTION,223493.2844,206079.2994,9911.0973,12208,5823,-0.04434629,-0.01893081,-0.05513017,-0.04434629,-9911.0973,223493.2844,OK,0.0000,396.4439,4.0000,96.0000,AG03-UNRESOLVED,ALL5_LEVELS_bet23_to_bet27,396.4439,396.4439,396.4439,594.6658,594.6658,4.000000,4.000000,4.000000,6.000000,6.000000,96.000000,96.000000,96.000000,94.000000,94.000000,5.0,2378.6634,2163.0699,7532.4340,7748.0274,PENDING_AG03,FALSE,NOT_FOR_ENFORCEMENT,9514.6534,197836.1275,9911.0973,9514.6534,396.4439,0.04434629,0.04257244,396.4439,9514.6534,0.04257244,396.4439,396.4439,396.4439,594.6658,594.6658,9514.6534,0.04257244,2378.6634,2163.0699,7532.4340,7748.0274,0.03370318,0.03466783,0.00177385,18.3071,35.3906,1.7021,111.3606,22.7319,2511.1605,65.4270,19.5018,17.8433,6.2314,10.3857,29.4087,42.1647,51.0976,84.0248,10.2195,-6.1317,4.919981,8.090411,1.762719,10,81,100,8,0.29790265,0.04434629,0.01893081,0E-8,0.000000,0.922083,0.000000,0.03619937,2026-03-22,2026-08-06,89,436,292,138,0.644928,1.092949,1.065259,0.993009,,,,,,,,GLOBAL_BASELINE_NO_ENTITY_RANKING,,,NOT_APPLICABLE_GLOBAL_BASELINE,HF9g-P5,,,,X 全窗基线 · 不参与实体赏罚,15058654,1506,A168_HF9F_20260827_0900,2026-08-27 09:00:00
2026-07-12,94349862,529,0,71.5366063034,-71.5366063034,-71.5366063034,0E-7,2,2,0.49324550000000000,0.493245500000,-1.3952362676504506,-1.3952362676504506,-1.3952362676504506,0E-17,ELIGIBLE,R03b_20260811_FULL_v1,L1_ELIGIBILITY,v2026-08-11,2026-03-21..2026-08-06,baccarat_bet02_101_all_pairs_incl_sentinel,round_win = game_pnl > 0 (decisive only),COMPATIBILITY_ONLY_NOT_PRODUCTION,223493.2844,206079.2994,9911.0973,12208,5823,-0.04434629,-0.01893081,-0.05513017,-0.04434629,-9911.0973,223493.2844,OK,0.0000,396.4439,4.0000,96.0000,AG03-UNRESOLVED,ALL5_LEVELS_bet23_to_bet27,396.4439,396.4439,396.4439,594.6658,594.6658,4.000000,4.000000,4.000000,6.000000,6.000000,96.000000,96.000000,96.000000,94.000000,94.000000,5.0,2378.6634,2163.0699,7532.4340,7748.0274,PENDING_AG03,FALSE,NOT_FOR_ENFORCEMENT,9514.6534,197836.1275,9911.0973,9514.6534,396.4439,0.04434629,0.04257244,396.4439,9514.6534,0.04257244,396.4439,396.4439,396.4439,594.6658,594.6658,9514.6534,0.04257244,2378.6634,2163.0699,7532.4340,7748.0274,0.03370318,0.03466783,0.00177385,18.3071,35.3906,1.7021,111.3606,22.7319,2511.1605,65.4270,19.5018,17.8433,6.2314,10.3857,29.4087,42.1647,51.0976,84.0248,10.2195,-6.1317,4.919981,8.090411,1.762719,10,81,100,8,0.29790265,0.04434629,0.01893081,0E-8,0.000000,0.922083,0.000000,0.03619937,2026-03-22,2026-08-06,89,436,292,138,0.644928,1.092949,1.065259,0.993009,,,,,,,,GLOBAL_BASELINE_NO_ENTITY_RANKING,,,NOT_APPLICABLE_GLOBAL_BASELINE,HF9g-P5,,,,X 全窗基线 · 不参与实体赏罚,15058655,1506,A168_HF9F_20260827_0900,2026-08-27 09:00:00
2026-07-12,94349862,772,0,2424.0690021666,230.4500674488,230.4500674488,0.4117647,48,17,0.44165292691016047,0.225559954412,-0.2481600388883915,1.8369203251696435,-0.2481600388883915,0.21609297249816047,ELIGIBLE,R03b_20260811_FULL_v1,L1_ELIGIBILITY,v2026-08-11,2026-03-21..2026-08-06,baccarat_bet02_101_all_pairs_incl_sentinel,round_win = game_pnl > 0 (decisive only),COMPATIBILITY_ONLY_NOT_PRODUCTION,223493.2844,206079.2994,9911.0973,12208,5823,-0.04434629,-0.01893081,-0.05513017,-0.04434629,-9911.0973,223493.2844,OK,0.0000,396.4439,4.0000,96.0000,AG03-UNRESOLVED,ALL5_LEVELS_bet23_to_bet27,396.4439,396.4439,396.4439,594.6658,594.6658,4.000000,4.000000,4.000000,6.000000,6.000000,96.000000,96.000000,96.000000,94.000000,94.000000,5.0,2378.6634,2163.0699,7532.4340,7748.0274,PENDING_AG03,FALSE,NOT_FOR_ENFORCEMENT,9514.6534,197836.1275,9911.0973,9514.6534,396.4439,0.04434629,0.04257244,396.4439,9514.6534,0.04257244,396.4439,396.4439,396.4439,594.6658,594.6658,9514.6534,0.04257244,2378.6634,2163.0699,7532.4340,7748.0274,0.03370318,0.03466783,0.00177385,18.3071,35.3906,1.7021,111.3606,22.7319,2511.1605,65.4270,19.5018,17.8433,6.2314,10.3857,29.4087,42.1647,51.0976,84.0248,10.2195,-6.1317,4.919981,8.090411,1.762719,10,81,100,8,0.29790265,0.04434629,0.01893081,0E-8,0.000000,0.922083,0.000000,0.03619937,2026-03-22,2026-08-06,89,436,292,138,0.644928,1.092949,1.065259,0.993009,,,,,,,,GLOBAL_BASELINE_NO_ENTITY_RANKING,,,NOT_APPLICABLE_GLOBAL_BASELINE,HF9g-P5,,,,X 全窗基线 · 不参与实体赏罚,15058656,1506,A168_HF9F_20260827_0900,2026-08-27 09:00:00
2026-07-13,94349862,1947,0,339.2879041817,-65.4048971916,-65.4048971916,0.4000000,21,10,0.42118425118774073,0.289762538333,-0.1356772042114076,0.76843351478368,-0.1356772042114076,0.13142171285474073,ELIGIBLE,R03b_20260811_FULL_v1,L1_ELIGIBILITY,v2026-08-11,2026-03-21..2026-08-06,baccarat_bet02_101_all_pairs_incl_sentinel,round_win = game_pnl > 0 (decisive only),COMPATIBILITY_ONLY_NOT_PRODUCTION,223493.2844,206079.2994,9911.0973,12208,5823,-0.04434629,-0.01893081,-0.05513017,-0.04434629,-9911.0973,223493.2844,OK,0.0000,396.4439,4.0000,96.0000,AG03-UNRESOLVED,ALL5_LEVELS_bet23_to_bet27,396.4439,396.4439,396.4439,594.6658,594.6658,4.000000,4.000000,4.000000,6.000000,6.000000,96.000000,96.000000,96.000000,94.000000,94.000000,5.0,2378.6634,2163.0699,7532.4340,7748.0274,PENDING_AG03,FALSE,NOT_FOR_ENFORCEMENT,9514.6534,197836.1275,9911.0973,9514.6534,396.4439,0.04434629,0.04257244,396.4439,9514.6534,0.04257244,396.4439,396.4439,396.4439,594.6658,594.6658,9514.6534,0.04257244,2378.6634,2163.0699,7532.4340,7748.0274,0.03370318,0.03466783,0.00177385,18.3071,35.3906,1.7021,111.3606,22.7319,2511.1605,65.4270,19.5018,17.8433,6.2314,10.3857,29.4087,42.1647,51.0976,84.0248,10.2195,-6.1317,4.919981,8.090411,1.762719,10,81,100,8,0.29790265,0.04434629,0.01893081,0E-8,0.000000,0.922083,0.000000,0.03619937,2026-03-22,2026-08-06,89,436,292,138,0.644928,1.092949,1.065259,0.993009,,,,,,,,GLOBAL_BASELINE_NO_ENTITY_RANKING,,,NOT_APPLICABLE_GLOBAL_BASELINE,HF9g-P5,,,,X 全窗基线 · 不参与实体赏罚,15058657,1506,A168_HF9F_20260827_0900,2026-08-27 09:00:00
2026-07-13,94349862,2121,0,572.2928504272,-181.8051751626,-181.8051751626,0.2857143,25,14,0.45288456241358477,0.338027117857,-1.2565791115679865,-0.4137865595068886,-1.2565791115679865,0.11485744455658477,ELIGIBLE,R03b_20260811_FULL_v1,L1_ELIGIBILITY,v2026-08-11,2026-03-21..2026-08-06,baccarat_bet02_101_all_pairs_incl_sentinel,round_win = game_pnl > 0 (decisive only),COMPATIBILITY_ONLY_NOT_PRODUCTION,223493.2844,206079.2994,9911.0973,12208,5823,-0.04434629,-0.01893081,-0.05513017,-0.04434629,-9911.0973,223493.2844,OK,0.0000,396.4439,4.0000,96.0000,AG03-UNRESOLVED,ALL5_LEVELS_bet23_to_bet27,396.4439,396.4439,396.4439,594.6658,594.6658,4.000000,4.000000,4.000000,6.000000,6.000000,96.000000,96.000000,96.000000,94.000000,94.000000,5.0,2378.6634,2163.0699,7532.4340,7748.0274,PENDING_AG03,FALSE,NOT_FOR_ENFORCEMENT,9514.6534,197836.1275,9911.0973,9514.6534,396.4439,0.04434629,0.04257244,396.4439,9514.6534,0.04257244,396.4439,396.4439,396.4439,594.6658,594.6658,9514.6534,0.04257244,2378.6634,2163.0699,7532.4340,7748.0274,0.03370318,0.03466783,0.00177385,18.3071,35.3906,1.7021,111.3606,22.7319,2511.1605,65.4270,19.5018,17.8433,6.2314,10.3857,29.4087,42.1647,51.0976,84.0248,10.2195,-6.1317,4.919981,8.090411,1.762719,10,81,100,8,0.29790265,0.04434629,0.01893081,0E-8,0.000000,0.922083,0.000000,0.03619937,2026-03-22,2026-08-06,89,436,292,138,0.644928,1.092949,1.065259,0.993009,,,,,,,,GLOBAL_BASELINE_NO_ENTITY_RANKING,,,NOT_APPLICABLE_GLOBAL_BASELINE,HF9g-P5,,,,X 全窗基线 · 不参与实体赏罚,15058658,1506,A168_HF9F_20260827_0900,2026-08-27 09:00:00
2026-07-13,94349862,2160,0,302.4976495113,114.3563749337,114.3563749337,0.5714286,16,7,0.43624790748838963,0.259748600000,0.7211952095299472,1.8805794625534042,0.7211952095299472,0.17649930748838963,ELIGIBLE,R03b_20260811_FULL_v1,L1_ELIGIBILITY,v2026-08-11,2026-03-21..2026-08-06,baccarat_bet02_101_all_pairs_incl_sentinel,round_win = game_pnl > 0 (decisive only),COMPATIBILITY_ONLY_NOT_PRODUCTION,223493.2844,206079.2994,9911.0973,12208,5823,-0.04434629,-0.01893081,-0.05513017,-0.04434629,-9911.0973,223493.2844,OK,0.0000,396.4439,4.0000,96.0000,AG03-UNRESOLVED,ALL5_LEVELS_bet23_to_bet27,396.4439,396.4439,396.4439,594.6658,594.6658,4.000000,4.000000,4.000000,6.000000,6.000000,96.000000,96.000000,96.000000,94.000000,94.000000,5.0,2378.6634,2163.0699,7532.4340,7748.0274,PENDING_AG03,FALSE,NOT_FOR_ENFORCEMENT,9514.6534,197836.1275,9911.0973,9514.6534,396.4439,0.04434629,0.04257244,396.4439,9514.6534,0.04257244,396.4439,396.4439,396.4439,594.6658,594.6658,9514.6534,0.04257244,2378.6634,2163.0699,7532.4340,7748.0274,0.03370318,0.03466783,0.00177385,18.3071,35.3906,1.7021,111.3606,22.7319,2511.1605,65.4270,19.5018,17.8433,6.2314,10.3857,29.4087,42.1647,51.0976,84.0248,10.2195,-6.1317,4.919981,8.090411,1.762719,10,81,100,8,0.29790265,0.04434629,0.01893081,0E-8,0.000000,0.922083,0.000000,0.03619937,2026-03-22,2026-08-06,89,436,292,138,0.644928,1.092949,1.065259,0.993009,,,,,,,,GLOBAL_BASELINE_NO_ENTITY_RANKING,,,NOT_APPLICABLE_GLOBAL_BASELINE,HF9g-P5,,,,X 全窗基线 · 不参与实体赏罚,15058659,1506,A168_HF9F_20260827_0900,2026-08-27 09:00:00
2026-07-14,94349862,1299,0,72.3541675182,-36.8822303070,-36.8822303070,0.4000000,7,6,0.49069456666659953,0.470111666667,-0.40566869318553733,-0.3141106054303696,-0.40566869318553733,0.02058289999959953,ELIGIBLE,R03b_20260811_FULL_v1,L1_ELIGIBILITY,v2026-08-11,2026-03-21..2026-08-06,baccarat_bet02_101_all_pairs_incl_sentinel,round_win = game_pnl > 0 (decisive only),COMPATIBILITY_ONLY_NOT_PRODUCTION,223493.2844,206079.2994,9911.0973,12208,5823,-0.04434629,-0.01893081,-0.05513017,-0.04434629,-9911.0973,223493.2844,OK,0.0000,396.4439,4.0000,96.0000,AG03-UNRESOLVED,ALL5_LEVELS_bet23_to_bet27,396.4439,396.4439,396.4439,594.6658,594.6658,4.000000,4.000000,4.000000,6.000000,6.000000,96.000000,96.000000,96.000000,94.000000,94.000000,5.0,2378.6634,2163.0699,7532.4340,7748.0274,PENDING_AG03,FALSE,NOT_FOR_ENFORCEMENT,9514.6534,197836.1275,9911.0973,9514.6534,396.4439,0.04434629,0.04257244,396.4439,9514.6534,0.04257244,396.4439,396.4439,396.4439,594.6658,594.6658,9514.6534,0.04257244,2378.6634,2163.0699,7532.4340,7748.0274,0.03370318,0.03466783,0.00177385,18.3071,35.3906,1.7021,111.3606,22.7319,2511.1605,65.4270,19.5018,17.8433,6.2314,10.3857,29.4087,42.1647,51.0976,84.0248,10.2195,-6.1317,4.919981,8.090411,1.762719,10,81,100,8,0.29790265,0.04434629,0.01893081,0E-8,0.000000,0.922083,0.000000,0.03619937,2026-03-22,2026-08-06,89,436,292,138,0.644928,1.092949,1.065259,0.993009,,,,,,,,GLOBAL_BASELINE_NO_ENTITY_RANKING,,,NOT_APPLICABLE_GLOBAL_BASELINE,HF9g-P5,,,,X 全窗基线 · 不参与实体赏罚,15058660,1506,A168_HF9F_20260827_0900,2026-08-27 09:00:00
2026-07-14,94349862,1940,0,10.2195151862,-10.2195151862,-10.2195151862,0E-7,2,2,0.49994810000000000,0.499948100000,-1.4140667746232096,-1.4140667746232096,-1.4140667746232096,0E-17,ELIGIBLE,R03b_20260811_FULL_v1,L1_ELIGIBILITY,v2026-08-11,2026-03-21..2026-08-06,baccarat_bet02_101_all_pairs_incl_sentinel,round_win = game_pnl > 0 (decisive only),COMPATIBILITY_ONLY_NOT_PRODUCTION,223493.2844,206079.2994,9911.0973,12208,5823,-0.04434629,-0.01893081,-0.05513017,-0.04434629,-9911.0973,223493.2844,OK,0.0000,396.4439,4.0000,96.0000,AG03-UNRESOLVED,ALL5_LEVELS_bet23_to_bet27,396.4439,396.4439,396.4439,594.6658,594.6658,4.000000,4.000000,4.000000,6.000000,6.000000,96.000000,96.000000,96.000000,94.000000,94.000000,5.0,2378.6634,2163.0699,7532.4340,7748.0274,PENDING_AG03,FALSE,NOT_FOR_ENFORCEMENT,9514.6534,197836.1275,9911.0973,9514.6534,396.4439,0.04434629,0.04257244,396.4439,9514.6534,0.04257244,396.4439,396.4439,396.4439,594.6658,594.6658,9514.6534,0.04257244,2378.6634,2163.0699,7532.4340,7748.0274,0.03370318,0.03466783,0.00177385,18.3071,35.3906,1.7021,111.3606,22.7319,2511.1605,65.4270,19.5018,17.8433,6.2314,10.3857,29.4087,42.1647,51.0976,84.0248,10.2195,-6.1317,4.919981,8.090411,1.762719,10,81,100,8,0.29790265,0.04434629,0.01893081,0E-8,0.000000,0.922083,0.000000,0.03619937,2026-03-22,2026-08-06,89,436,292,138,0.644928,1.092949,1.065259,0.993009,,,,,,,,GLOBAL_BASELINE_NO_ENTITY_RANKING,,,NOT_APPLICABLE_GLOBAL_BASELINE,HF9g-P5,,,,X 全窗基线 · 不参与实体赏罚,15058661,1506,A168_HF9F_20260827_0900,2026-08-27 09:00:00
2026-07-14,94349862,2167,0,78.8946572376,-7.2558557822,-7.2558557822,0.5000000,10,10,0.49726706000000000,0.497267060000,0.01728488841940615,0.017284888419406154,0.01728488841940615,0E-17,ELIGIBLE,R03b_20260811_FULL_v1,L1_ELIGIBILITY,v2026-08-11,2026-03-21..2026-08-06,baccarat_bet02_101_all_pairs_incl_sentinel,round_win = game_pnl > 0 (decisive only),COMPATIBILITY_ONLY_NOT_PRODUCTION,223493.2844,206079.2994,9911.0973,12208,5823,-0.04434629,-0.01893081,-0.05513017,-0.04434629,-9911.0973,223493.2844,OK,0.0000,396.4439,4.0000,96.0000,AG03-UNRESOLVED,ALL5_LEVELS_bet23_to_bet27,396.4439,396.4439,396.4439,594.6658,594.6658,4.000000,4.000000,4.000000,6.000000,6.000000,96.000000,96.000000,96.000000,94.000000,94.000000,5.0,2378.6634,2163.0699,7532.4340,7748.0274,PENDING_AG03,FALSE,NOT_FOR_ENFORCEMENT,9514.6534,197836.1275,9911.0973,9514.6534,396.4439,0.04434629,0.04257244,396.4439,9514.6534,0.04257244,396.4439,396.4439,396.4439,594.6658,594.6658,9514.6534,0.04257244,2378.6634,2163.0699,7532.4340,7748.0274,0.03370318,0.03466783,0.00177385,18.3071,35.3906,1.7021,111.3606,22.7319,2511.1605,65.4270,19.5018,17.8433,6.2314,10.3857,29.4087,42.1647,51.0976,84.0248,10.2195,-6.1317,4.919981,8.090411,1.762719,10,81,100,8,0.29790265,0.04434629,0.01893081,0E-8,0.000000,0.922083,0.000000,0.03619937,2026-03-22,2026-08-06,89,436,292,138,0.644928,1.092949,1.065259,0.993009,,,,,,,,GLOBAL_BASELINE_NO_ENTITY_RANKING,,,NOT_APPLICABLE_GLOBAL_BASELINE,HF9g-P5,,,,X 全窗基线 · 不参与实体赏罚,15058662,1506,A168_HF9F_20260827_0900,2026-08-27 09:00:00
2026-07-14,94349862,2201,0,6.1317091117,0E-10,0E-10,,1,1,0.50665070000000000,0.506650700000,,,,0E-17,NO_DECISIVE_ROUND,R03b_20260811_FULL_v1,L1_ELIGIBILITY,v2026-08-11,2026-03-21..2026-08-06,baccarat_bet02_101_all_pairs_incl_sentinel,round_win = game_pnl > 0 (decisive only),COMPATIBILITY_ONLY_NOT_PRODUCTION,223493.2844,206079.2994,9911.0973,12208,5823,-0.04434629,-0.01893081,-0.05513017,-0.04434629,-9911.0973,223493.2844,OK,0.0000,396.4439,4.0000,96.0000,AG03-UNRESOLVED,ALL5_LEVELS_bet23_to_bet27,396.4439,396.4439,396.4439,594.6658,594.6658,4.000000,4.000000,4.000000,6.000000,6.000000,96.000000,96.000000,96.000000,94.000000,94.000000,5.0,2378.6634,2163.0699,7532.4340,7748.0274,PENDING_AG03,FALSE,NOT_FOR_ENFORCEMENT,9514.6534,197836.1275,9911.0973,9514.6534,396.4439,0.04434629,0.04257244,396.4439,9514.6534,0.04257244,396.4439,396.4439,396.4439,594.6658,594.6658,9514.6534,0.04257244,2378.6634,2163.0699,7532.4340,7748.0274,0.03370318,0.03466783,0.00177385,18.3071,35.3906,1.7021,111.3606,22.7319,2511.1605,65.4270,19.5018,17.8433,6.2314,10.3857,29.4087,42.1647,51.0976,84.0248,10.2195,-6.1317,4.919981,8.090411,1.762719,10,81,100,8,0.29790265,0.04434629,0.01893081,0E-8,0.000000,0.922083,0.000000,0.03619937,2026-03-22,2026-08-06,89,436,292,138,0.644928,1.092949,1.065259,0.993009,,,,,,,,GLOBAL_BASELINE_NO_ENTITY_RANKING,,,NOT_APPLICABLE_GLOBAL_BASELINE,HF9g-P5,,,,X 全窗基线 · 不参与实体赏罚,15058663,1506,A168_HF9F_20260827_0900,2026-08-27 09:00:00
2026-07-14,94349862,2271,0,73.9892899481,23.7092752321,23.7092752321,0.6666667,7,7,0.49516052857142857,0.495160528571,0.8402444109601804,0.840244410962287,0.8402444109601804,4.2857E-13,ELIGIBLE,R03b_20260811_FULL_v1,L1_ELIGIBILITY,v2026-08-11,2026-03-21..2026-08-06,baccarat_bet02_101_all_pairs_incl_sentinel,round_win = game_pnl > 0 (decisive only),COMPATIBILITY_ONLY_NOT_PRODUCTION,223493.2844,206079.2994,9911.0973,12208,5823,-0.04434629,-0.01893081,-0.05513017,-0.04434629,-9911.0973,223493.2844,OK,0.0000,396.4439,4.0000,96.0000,AG03-UNRESOLVED,ALL5_LEVELS_bet23_to_bet27,396.4439,396.4439,396.4439,594.6658,594.6658,4.000000,4.000000,4.000000,6.000000,6.000000,96.000000,96.000000,96.000000,94.000000,94.000000,5.0,2378.6634,2163.0699,7532.4340,7748.0274,PENDING_AG03,FALSE,NOT_FOR_ENFORCEMENT,9514.6534,197836.1275,9911.0973,9514.6534,396.4439,0.04434629,0.04257244,396.4439,9514.6534,0.04257244,396.4439,396.4439,396.4439,594.6658,594.6658,9514.6534,0.04257244,2378.6634,2163.0699,7532.4340,7748.0274,0.03370318,0.03466783,0.00177385,18.3071,35.3906,1.7021,111.3606,22.7319,2511.1605,65.4270,19.5018,17.8433,6.2314,10.3857,29.4087,42.1647,51.0976,84.0248,10.2195,-6.1317,4.919981,8.090411,1.762719,10,81,100,8,0.29790265,0.04434629,0.01893081,0E-8,0.000000,0.922083,0.000000,0.03619937,2026-03-22,2026-08-06,89,436,292,138,0.644928,1.092949,1.065259,0.993009,,,,,,,,GLOBAL_BASELINE_NO_ENTITY_RANKING,,,NOT_APPLICABLE_GLOBAL_BASELINE,HF9g-P5,,,,X 全窗基线 · 不参与实体赏罚,15058664,1506,A168_HF9F_20260827_0900,2026-08-27 09:00:00
2026-07-15,94349862,1094,0,11.8546376160,-11.8546376160,-11.8546376160,0E-7,2,2,0.50665070000000000,0.506650700000,-1.4331513700195317,-1.4331513700195317,-1.4331513700195317,0E-17,ELIGIBLE,R03b_20260811_FULL_v1,L1_ELIGIBILITY,v2026-08-11,2026-03-21..2026-08-06,baccarat_bet02_101_all_pairs_incl_sentinel,round_win = game_pnl > 0 (decisive only),COMPATIBILITY_ONLY_NOT_PRODUCTION,223493.2844,206079.2994,9911.0973,12208,5823,-0.04434629,-0.01893081,-0.05513017,-0.04434629,-9911.0973,223493.2844,OK,0.0000,396.4439,4.0000,96.0000,AG03-UNRESOLVED,ALL5_LEVELS_bet23_to_bet27,396.4439,396.4439,396.4439,594.6658,594.6658,4.000000,4.000000,4.000000,6.000000,6.000000,96.000000,96.000000,96.000000,94.000000,94.000000,5.0,2378.6634,2163.0699,7532.4340,7748.0274,PENDING_AG03,FALSE,NOT_FOR_ENFORCEMENT,9514.6534,197836.1275,9911.0973,9514.6534,396.4439,0.04434629,0.04257244,396.4439,9514.6534,0.04257244,396.4439,396.4439,396.4439,594.6658,594.6658,9514.6534,0.04257244,2378.6634,2163.0699,7532.4340,7748.0274,0.03370318,0.03466783,0.00177385,18.3071,35.3906,1.7021,111.3606,22.7319,2511.1605,65.4270,19.5018,17.8433,6.2314,10.3857,29.4087,42.1647,51.0976,84.0248,10.2195,-6.1317,4.919981,8.090411,1.762719,10,81,100,8,0.29790265,0.04434629,0.01893081,0E-8,0.000000,0.922083,0.000000,0.03619937,2026-03-22,2026-08-06,89,436,292,138,0.644928,1.092949,1.065259,0.993009,,,,,,,,GLOBAL_BASELINE_NO_ENTITY_RANKING,,,NOT_APPLICABLE_GLOBAL_BASELINE,HF9g-P5,,,,X 全窗基线 · 不参与实体赏罚,15058665,1506,A168_HF9F_20260827_0900,2026-08-27 09:00:00
2026-07-15,94349862,1109,0,249.3561705432,-97.9029554837,-97.9029554837,0.3333333,12,6,0.44230000986586532,0.303144908333,-0.5374159323052343,0.1608865366129675,-0.5374159323052343,0.13915510153286532,ELIGIBLE,R03b_20260811_FULL_v1,L1_ELIGIBILITY,v2026-08-11,2026-03-21..2026-08-06,baccarat_bet02_101_all_pairs_incl_sentinel,round_win = game_pnl > 0 (decisive only),COMPATIBILITY_ONLY_NOT_PRODUCTION,223493.2844,206079.2994,9911.0973,12208,5823,-0.04434629,-0.01893081,-0.05513017,-0.04434629,-9911.0973,223493.2844,OK,0.0000,396.4439,4.0000,96.0000,AG03-UNRESOLVED,ALL5_LEVELS_bet23_to_bet27,396.4439,396.4439,396.4439,594.6658,594.6658,4.000000,4.000000,4.000000,6.000000,6.000000,96.000000,96.000000,96.000000,94.000000,94.000000,5.0,2378.6634,2163.0699,7532.4340,7748.0274,PENDING_AG03,FALSE,NOT_FOR_ENFORCEMENT,9514.6534,197836.1275,9911.0973,9514.6534,396.4439,0.04434629,0.04257244,396.4439,9514.6534,0.04257244,396.4439,396.4439,396.4439,594.6658,594.6658,9514.6534,0.04257244,2378.6634,2163.0699,7532.4340,7748.0274,0.03370318,0.03466783,0.00177385,18.3071,35.3906,1.7021,111.3606,22.7319,2511.1605,65.4270,19.5018,17.8433,6.2314,10.3857,29.4087,42.1647,51.0976,84.0248,10.2195,-6.1317,4.919981,8.090411,1.762719,10,81,100,8,0.29790265,0.04434629,0.01893081,0E-8,0.000000,0.922083,0.000000,0.03619937,2026-03-22,2026-08-06,89,436,292,138,0.644928,1.092949,1.065259,0.993009,,,,,,,,GLOBAL_BASELINE_NO_ENTITY_RANKING,,,NOT_APPLICABLE_GLOBAL_BASELINE,HF9g-P5,,,,X 全窗基线 · 不参与实体赏罚,15058666,1506,A168_HF9F_20260827_0900,2026-08-27 09:00:00
2026-07-15,94349862,1157,0,250.1737317583,-104.9135429015,-104.9135429015,0.4285714,15,7,0.43867660747324745,0.288108392857,-0.05387834140600161,0.8205899219620381,-0.05387834140600161,0.15056821461624745,ELIGIBLE,R03b_20260811_FULL_v1,L1_ELIGIBILITY,v2026-08-11,2026-03-21..2026-08-06,baccarat_bet02_101_all_pairs_incl_sentinel,round_win = game_pnl > 0 (decisive only),COMPATIBILITY_ONLY_NOT_PRODUCTION,223493.2844,206079.2994,9911.0973,12208,5823,-0.04434629,-0.01893081,-0.05513017,-0.04434629,-9911.0973,223493.2844,OK,0.0000,396.4439,4.0000,96.0000,AG03-UNRESOLVED,ALL5_LEVELS_bet23_to_bet27,396.4439,396.4439,396.4439,594.6658,594.6658,4.000000,4.000000,4.000000,6.000000,6.000000,96.000000,96.000000,96.000000,94.000000,94.000000,5.0,2378.6634,2163.0699,7532.4340,7748.0274,PENDING_AG03,FALSE,NOT_FOR_ENFORCEMENT,9514.6534,197836.1275,9911.0973,9514.6534,396.4439,0.04434629,0.04257244,396.4439,9514.6534,0.04257244,396.4439,396.4439,396.4439,594.6658,594.6658,9514.6534,0.04257244,2378.6634,2163.0699,7532.4340,7748.0274,0.03370318,0.03466783,0.00177385,18.3071,35.3906,1.7021,111.3606,22.7319,2511.1605,65.4270,19.5018,17.8433,6.2314,10.3857,29.4087,42.1647,51.0976,84.0248,10.2195,-6.1317,4.919981,8.090411,1.762719,10,81,100,8,0.29790265,0.04434629,0.01893081,0E-8,0.000000,0.922083,0.000000,0.03619937,2026-03-22,2026-08-06,89,436,292,138,0.644928,1.092949,1.065259,0.993009,,,,,,,,GLOBAL_BASELINE_NO_ENTITY_RANKING,,,NOT_APPLICABLE_GLOBAL_BASELINE,HF9g-P5,,,,X 全窗基线 · 不参与实体赏罚,15058667,1506,A168_HF9F_20260827_0900,2026-08-27 09:00:00
2026-07-15,94349862,1353,0,314.7610677348,75.5222172262,75.5222172262,0.8000000,21,5,0.34570373029343546,0.170312659000,2.135919683061454,3.7456678903564873,2.135919683061454,0.17539107129343546,ELIGIBLE,R03b_20260811_FULL_v1,L1_ELIGIBILITY,v2026-08-11,2026-03-21..2026-08-06,baccarat_bet02_101_all_pairs_incl_sentinel,round_win = game_pnl > 0 (decisive only),COMPATIBILITY_ONLY_NOT_PRODUCTION,223493.2844,206079.2994,9911.0973,12208,5823,-0.04434629,-0.01893081,-0.05513017,-0.04434629,-9911.0973,223493.2844,OK,0.0000,396.4439,4.0000,96.0000,AG03-UNRESOLVED,ALL5_LEVELS_bet23_to_bet27,396.4439,396.4439,396.4439,594.6658,594.6658,4.000000,4.000000,4.000000,6.000000,6.000000,96.000000,96.000000,96.000000,94.000000,94.000000,5.0,2378.6634,2163.0699,7532.4340,7748.0274,PENDING_AG03,FALSE,NOT_FOR_ENFORCEMENT,9514.6534,197836.1275,9911.0973,9514.6534,396.4439,0.04434629,0.04257244,396.4439,9514.6534,0.04257244,396.4439,396.4439,396.4439,594.6658,594.6658,9514.6534,0.04257244,2378.6634,2163.0699,7532.4340,7748.0274,0.03370318,0.03466783,0.00177385,18.3071,35.3906,1.7021,111.3606,22.7319,2511.1605,65.4270,19.5018,17.8433,6.2314,10.3857,29.4087,42.1647,51.0976,84.0248,10.2195,-6.1317,4.919981,8.090411,1.762719,10,81,100,8,0.29790265,0.04434629,0.01893081,0E-8,0.000000,0.922083,0.000000,0.03619937,2026-03-22,2026-08-06,89,436,292,138,0.644928,1.092949,1.065259,0.993009,,,,,,,,GLOBAL_BASELINE_NO_ENTITY_RANKING,,,NOT_APPLICABLE_GLOBAL_BASELINE,HF9g-P5,,,,X 全窗基线 · 不参与实体赏罚,15058668,1506,A168_HF9F_20260827_0900,2026-08-27 09:00:00
2026-07-15,94349862,1382,0,1112.7008134734,-204.2370109960,-204.2370109960,0.3636364,54,22,0.38870423682744408,0.255241412879,-0.24120899513877408,1.1661034041092726,-0.24120899513877408,0.13346282394844408,ELIGIBLE,R03b_20260811_FULL_v1,L1_ELIGIBILITY,v2026-08-11,2026-03-21..2026-08-06,baccarat_bet02_101_all_pairs_incl_sentinel,round_win = game_pnl > 0 (decisive only),COMPATIBILITY_ONLY_NOT_PRODUCTION,223493.2844,206079.2994,9911.0973,12208,5823,-0.04434629,-0.01893081,-0.05513017,-0.04434629,-9911.0973,223493.2844,OK,0.0000,396.4439,4.0000,96.0000,AG03-UNRESOLVED,ALL5_LEVELS_bet23_to_bet27,396.4439,396.4439,396.4439,594.6658,594.6658,4.000000,4.000000,4.000000,6.000000,6.000000,96.000000,96.000000,96.000000,94.000000,94.000000,5.0,2378.6634,2163.0699,7532.4340,7748.0274,PENDING_AG03,FALSE,NOT_FOR_ENFORCEMENT,9514.6534,197836.1275,9911.0973,9514.6534,396.4439,0.04434629,0.04257244,396.4439,9514.6534,0.04257244,396.4439,396.4439,396.4439,594.6658,594.6658,9514.6534,0.04257244,2378.6634,2163.0699,7532.4340,7748.0274,0.03370318,0.03466783,0.00177385,18.3071,35.3906,1.7021,111.3606,22.7319,2511.1605,65.4270,19.5018,17.8433,6.2314,10.3857,29.4087,42.1647,51.0976,84.0248,10.2195,-6.1317,4.919981,8.090411,1.762719,10,81,100,8,0.29790265,0.04434629,0.01893081,0E-8,0.000000,0.922083,0.000000,0.03619937,2026-03-22,2026-08-06,89,436,292,138,0.644928,1.092949,1.065259,0.993009,,,,,,,,GLOBAL_BASELINE_NO_ENTITY_RANKING,,,NOT_APPLICABLE_GLOBAL_BASELINE,HF9g-P5,,,,X 全窗基线 · 不参与实体赏罚,15058669,1506,A168_HF9F_20260827_0900,2026-08-27 09:00:00
2026-07-15,94349862,1485,0,329.0683889954,-51.0975759308,-51.0975759308,0.4000000,15,5,0.35865270794738696,0.197889300000,0.19277396675791003,1.1343471843203148,0.19277396675791003,0.16076340794738696,ELIGIBLE,R03b_20260811_FULL_v1,L1_ELIGIBILITY,v2026-08-11,2026-03-21..2026-08-06,baccarat_bet02_101_all_pairs_incl_sentinel,round_win = game_pnl > 0 (decisive only),COMPATIBILITY_ONLY_NOT_PRODUCTION,223493.2844,206079.2994,9911.0973,12208,5823,-0.04434629,-0.01893081,-0.05513017,-0.04434629,-9911.0973,223493.2844,OK,0.0000,396.4439,4.0000,96.0000,AG03-UNRESOLVED,ALL5_LEVELS_bet23_to_bet27,396.4439,396.4439,396.4439,594.6658,594.6658,4.000000,4.000000,4.000000,6.000000,6.000000,96.000000,96.000000,96.000000,94.000000,94.000000,5.0,2378.6634,2163.0699,7532.4340,7748.0274,PENDING_AG03,FALSE,NOT_FOR_ENFORCEMENT,9514.6534,197836.1275,9911.0973,9514.6534,396.4439,0.04434629,0.04257244,396.4439,9514.6534,0.04257244,396.4439,396.4439,396.4439,594.6658,594.6658,9514.6534,0.04257244,2378.6634,2163.0699,7532.4340,7748.0274,0.03370318,0.03466783,0.00177385,18.3071,35.3906,1.7021,111.3606,22.7319,2511.1605,65.4270,19.5018,17.8433,6.2314,10.3857,29.4087,42.1647,51.0976,84.0248,10.2195,-6.1317,4.919981,8.090411,1.762719,10,81,100,8,0.29790265,0.04434629,0.01893081,0E-8,0.000000,0.922083,0.000000,0.03619937,2026-03-22,2026-08-06,89,436,292,138,0.644928,1.092949,1.065259,0.993009,,,,,,,,GLOBAL_BASELINE_NO_ENTITY_RANKING,,,NOT_APPLICABLE_GLOBAL_BASELINE,HF9g-P5,,,,X 全窗基线 · 不参与实体赏罚,15058670,1506,A168_HF9F_20260827_0900,2026-08-27 09:00:00
2026-07-15,94349862,1704,0,235.0488492824,84.5153905900,84.5153905900,0.4444444,19,9,0.41139461954629862,0.288766911111,0.20148791371955102,1.0305462947269772,0.20148791371955102,0.12262770843529862,ELIGIBLE,R03b_20260811_FULL_v1,L1_ELIGIBILITY,v2026-08-11,2026-03-21..2026-08-06,baccarat_bet02_101_all_pairs_incl_sentinel,round_win = game_pnl > 0 (decisive only),COMPATIBILITY_ONLY_NOT_PRODUCTION,223493.2844,206079.2994,9911.0973,12208,5823,-0.04434629,-0.01893081,-0.05513017,-0.04434629,-9911.0973,223493.2844,OK,0.0000,396.4439,4.0000,96.0000,AG03-UNRESOLVED,ALL5_LEVELS_bet23_to_bet27,396.4439,396.4439,396.4439,594.6658,594.6658,4.000000,4.000000,4.000000,6.000000,6.000000,96.000000,96.000000,96.000000,94.000000,94.000000,5.0,2378.6634,2163.0699,7532.4340,7748.0274,PENDING_AG03,FALSE,NOT_FOR_ENFORCEMENT,9514.6534,197836.1275,9911.0973,9514.6534,396.4439,0.04434629,0.04257244,396.4439,9514.6534,0.04257244,396.4439,396.4439,396.4439,594.6658,594.6658,9514.6534,0.04257244,2378.6634,2163.0699,7532.4340,7748.0274,0.03370318,0.03466783,0.00177385,18.3071,35.3906,1.7021,111.3606,22.7319,2511.1605,65.4270,19.5018,17.8433,6.2314,10.3857,29.4087,42.1647,51.0976,84.0248,10.2195,-6.1317,4.919981,8.090411,1.762719,10,81,100,8,0.29790265,0.04434629,0.01893081,0E-8,0.000000,0.922083,0.000000,0.03619937,2026-03-22,2026-08-06,89,436,292,138,0.644928,1.092949,1.065259,0.993009,,,,,,,,GLOBAL_BASELINE_NO_ENTITY_RANKING,,,NOT_APPLICABLE_GLOBAL_BASELINE,HF9g-P5,,,,X 全窗基线 · 不参与实体赏罚,15058671,1506,A168_HF9F_20260827_0900,2026-08-27 09:00:00
2026-07-15,94349862,1714,0,8.1756121490,-8.1756121490,-8.1756121490,0E-7,1,1,0.50665070000000000,0.506650700000,-1.013391052207602,-1.013391052207602,-1.013391052207602,0E-17,ELIGIBLE,R03b_20260811_FULL_v1,L1_ELIGIBILITY,v2026-08-11,2026-03-21..2026-08-06,baccarat_bet02_101_all_pairs_incl_sentinel,round_win = game_pnl > 0 (decisive only),COMPATIBILITY_ONLY_NOT_PRODUCTION,223493.2844,206079.2994,9911.0973,12208,5823,-0.04434629,-0.01893081,-0.05513017,-0.04434629,-9911.0973,223493.2844,OK,0.0000,396.4439,4.0000,96.0000,AG03-UNRESOLVED,ALL5_LEVELS_bet23_to_bet27,396.4439,396.4439,396.4439,594.6658,594.6658,4.000000,4.000000,4.000000,6.000000,6.000000,96.000000,96.000000,96.000000,94.000000,94.000000,5.0,2378.6634,2163.0699,7532.4340,7748.0274,PENDING_AG03,FALSE,NOT_FOR_ENFORCEMENT,9514.6534,197836.1275,9911.0973,9514.6534,396.4439,0.04434629,0.04257244,396.4439,9514.6534,0.04257244,396.4439,396.4439,396.4439,594.6658,594.6658,9514.6534,0.04257244,2378.6634,2163.0699,7532.4340,7748.0274,0.03370318,0.03466783,0.00177385,18.3071,35.3906,1.7021,111.3606,22.7319,2511.1605,65.4270,19.5018,17.8433,6.2314,10.3857,29.4087,42.1647,51.0976,84.0248,10.2195,-6.1317,4.919981,8.090411,1.762719,10,81,100,8,0.29790265,0.04434629,0.01893081,0E-8,0.000000,0.922083,0.000000,0.03619937,2026-03-22,2026-08-06,89,436,292,138,0.644928,1.092949,1.065259,0.993009,,,,,,,,GLOBAL_BASELINE_NO_ENTITY_RANKING,,,NOT_APPLICABLE_GLOBAL_BASELINE,HF9g-P5,,,,X 全窗基线 · 不参与实体赏罚,15058672,1506,A168_HF9F_20260827_0900,2026-08-27 09:00:00
2026-07-15,94349862,2106,0,717.4099660710,112.4146670485,112.4146670485,0.6666667,34,12,0.42817815119645314,0.217874463889,1.6696116608748892,3.766123239619338,1.6696116608748892,0.21030368730745314,ELIGIBLE,R03b_20260811_FULL_v1,L1_ELIGIBILITY,v2026-08-11,2026-03-21..2026-08-06,baccarat_bet02_101_all_pairs_incl_sentinel,round_win = game_pnl > 0 (decisive only),COMPATIBILITY_ONLY_NOT_PRODUCTION,223493.2844,206079.2994,9911.0973,12208,5823,-0.04434629,-0.01893081,-0.05513017,-0.04434629,-9911.0973,223493.2844,OK,0.0000,396.4439,4.0000,96.0000,AG03-UNRESOLVED,ALL5_LEVELS_bet23_to_bet27,396.4439,396.4439,396.4439,594.6658,594.6658,4.000000,4.000000,4.000000,6.000000,6.000000,96.000000,96.000000,96.000000,94.000000,94.000000,5.0,2378.6634,2163.0699,7532.4340,7748.0274,PENDING_AG03,FALSE,NOT_FOR_ENFORCEMENT,9514.6534,197836.1275,9911.0973,9514.6534,396.4439,0.04434629,0.04257244,396.4439,9514.6534,0.04257244,396.4439,396.4439,396.4439,594.6658,594.6658,9514.6534,0.04257244,2378.6634,2163.0699,7532.4340,7748.0274,0.03370318,0.03466783,0.00177385,18.3071,35.3906,1.7021,111.3606,22.7319,2511.1605,65.4270,19.5018,17.8433,6.2314,10.3857,29.4087,42.1647,51.0976,84.0248,10.2195,-6.1317,4.919981,8.090411,1.762719,10,81,100,8,0.29790265,0.04434629,0.01893081,0E-8,0.000000,0.922083,0.000000,0.03619937,2026-03-22,2026-08-06,89,436,292,138,0.644928,1.092949,1.065259,0.993009,,,,,,,,GLOBAL_BASELINE_NO_ENTITY_RANKING,,,NOT_APPLICABLE_GLOBAL_BASELINE,HF9g-P5,,,,X 全窗基线 · 不参与实体赏罚,15058673,1506,A168_HF9F_20260827_0900,2026-08-27 09:00:00
2026-07-15,94349862,2134,0,2689.5720067034,87.3053182364,87.3053182364,0.4509804,114,51,0.43335520261968010,0.288315363562,0.25400450762976107,2.564493448629298,0.25400450762976107,0.14503983905768010,ELIGIBLE,R03b_20260811_FULL_v1,L1_ELIGIBILITY,v2026-08-11,2026-03-21..2026-08-06,baccarat_bet02_101_all_pairs_incl_sentinel,round_win = game_pnl > 0 (decisive only),COMPATIBILITY_ONLY_NOT_PRODUCTION,223493.2844,206079.2994,9911.0973,12208,5823,-0.04434629,-0.01893081,-0.05513017,-0.04434629,-9911.0973,223493.2844,OK,0.0000,396.4439,4.0000,96.0000,AG03-UNRESOLVED,ALL5_LEVELS_bet23_to_bet27,396.4439,396.4439,396.4439,594.6658,594.6658,4.000000,4.000000,4.000000,6.000000,6.000000,96.000000,96.000000,96.000000,94.000000,94.000000,5.0,2378.6634,2163.0699,7532.4340,7748.0274,PENDING_AG03,FALSE,NOT_FOR_ENFORCEMENT,9514.6534,197836.1275,9911.0973,9514.6534,396.4439,0.04434629,0.04257244,396.4439,9514.6534,0.04257244,396.4439,396.4439,396.4439,594.6658,594.6658,9514.6534,0.04257244,2378.6634,2163.0699,7532.4340,7748.0274,0.03370318,0.03466783,0.00177385,18.3071,35.3906,1.7021,111.3606,22.7319,2511.1605,65.4270,19.5018,17.8433,6.2314,10.3857,29.4087,42.1647,51.0976,84.0248,10.2195,-6.1317,4.919981,8.090411,1.762719,10,81,100,8,0.29790265,0.04434629,0.01893081,0E-8,0.000000,0.922083,0.000000,0.03619937,2026-03-22,2026-08-06,89,436,292,138,0.644928,1.092949,1.065259,0.993009,,,,,,,,GLOBAL_BASELINE_NO_ENTITY_RANKING,,,NOT_APPLICABLE_GLOBAL_BASELINE,HF9g-P5,,,,X 全窗基线 · 不参与实体赏罚,15058674,1506,A168_HF9F_20260827_0900,2026-08-27 09:00:00
2026-07-15,94349862,2153,0,1118.0149613701,251.4000735808,251.4000735808,0.6470588,51,17,0.40577095540831228,0.209373159314,2.026014412662456,4.435478747556545,2.026014412662456,0.19639779609431228,ELIGIBLE,R03b_20260811_FULL_v1,L1_ELIGIBILITY,v2026-08-11,2026-03-21..2026-08-06,baccarat_bet02_101_all_pairs_incl_sentinel,round_win = game_pnl > 0 (decisive only),COMPATIBILITY_ONLY_NOT_PRODUCTION,223493.2844,206079.2994,9911.0973,12208,5823,-0.04434629,-0.01893081,-0.05513017,-0.04434629,-9911.0973,223493.2844,OK,0.0000,396.4439,4.0000,96.0000,AG03-UNRESOLVED,ALL5_LEVELS_bet23_to_bet27,396.4439,396.4439,396.4439,594.6658,594.6658,4.000000,4.000000,4.000000,6.000000,6.000000,96.000000,96.000000,96.000000,94.000000,94.000000,5.0,2378.6634,2163.0699,7532.4340,7748.0274,PENDING_AG03,FALSE,NOT_FOR_ENFORCEMENT,9514.6534,197836.1275,9911.0973,9514.6534,396.4439,0.04434629,0.04257244,396.4439,9514.6534,0.04257244,396.4439,396.4439,396.4439,594.6658,594.6658,9514.6534,0.04257244,2378.6634,2163.0699,7532.4340,7748.0274,0.03370318,0.03466783,0.00177385,18.3071,35.3906,1.7021,111.3606,22.7319,2511.1605,65.4270,19.5018,17.8433,6.2314,10.3857,29.4087,42.1647,51.0976,84.0248,10.2195,-6.1317,4.919981,8.090411,1.762719,10,81,100,8,0.29790265,0.04434629,0.01893081,0E-8,0.000000,0.922083,0.000000,0.03619937,2026-03-22,2026-08-06,89,436,292,138,0.644928,1.092949,1.065259,0.993009,,,,,,,,GLOBAL_BASELINE_NO_ENTITY_RANKING,,,NOT_APPLICABLE_GLOBAL_BASELINE,HF9g-P5,,,,X 全窗基线 · 不参与实体赏罚,15058675,1506,A168_HF9F_20260827_0900,2026-08-27 09:00:00
2026-07-15,94349862,2160,0,24.5268364470,-8.1756121490,-8.1756121490,0.4000000,5,5,0.49324550000000000,0.493245500000,-0.4170446088060018,-0.4170446088060018,-0.4170446088060018,0E-17,ELIGIBLE,R03b_20260811_FULL_v1,L1_ELIGIBILITY,v2026-08-11,2026-03-21..2026-08-06,baccarat_bet02_101_all_pairs_incl_sentinel,round_win = game_pnl > 0 (decisive only),COMPATIBILITY_ONLY_NOT_PRODUCTION,223493.2844,206079.2994,9911.0973,12208,5823,-0.04434629,-0.01893081,-0.05513017,-0.04434629,-9911.0973,223493.2844,OK,0.0000,396.4439,4.0000,96.0000,AG03-UNRESOLVED,ALL5_LEVELS_bet23_to_bet27,396.4439,396.4439,396.4439,594.6658,594.6658,4.000000,4.000000,4.000000,6.000000,6.000000,96.000000,96.000000,96.000000,94.000000,94.000000,5.0,2378.6634,2163.0699,7532.4340,7748.0274,PENDING_AG03,FALSE,NOT_FOR_ENFORCEMENT,9514.6534,197836.1275,9911.0973,9514.6534,396.4439,0.04434629,0.04257244,396.4439,9514.6534,0.04257244,396.4439,396.4439,396.4439,594.6658,594.6658,9514.6534,0.04257244,2378.6634,2163.0699,7532.4340,7748.0274,0.03370318,0.03466783,0.00177385,18.3071,35.3906,1.7021,111.3606,22.7319,2511.1605,65.4270,19.5018,17.8433,6.2314,10.3857,29.4087,42.1647,51.0976,84.0248,10.2195,-6.1317,4.919981,8.090411,1.762719,10,81,100,8,0.29790265,0.04434629,0.01893081,0E-8,0.000000,0.922083,0.000000,0.03619937,2026-03-22,2026-08-06,89,436,292,138,0.644928,1.092949,1.065259,0.993009,,,,,,,,GLOBAL_BASELINE_NO_ENTITY_RANKING,,,NOT_APPLICABLE_GLOBAL_BASELINE,HF9g-P5,,,,X 全窗基线 · 不参与实体赏罚,15058676,1506,A168_HF9F_20260827_0900,2026-08-27 09:00:00
2026-07-15,94349862,2261,0,459.8781833787,-153.2927277927,-153.2927277927,0.2500000,22,8,0.39140752724682505,0.234808825000,-0.8194824297665365,0.10136643579909368,-0.8194824297665365,0.15659870224682505,ELIGIBLE,R03b_20260811_FULL_v1,L1_ELIGIBILITY,v2026-08-11,2026-03-21..2026-08-06,baccarat_bet02_101_all_pairs_incl_sentinel,round_win = game_pnl > 0 (decisive only),COMPATIBILITY_ONLY_NOT_PRODUCTION,223493.2844,206079.2994,9911.0973,12208,5823,-0.04434629,-0.01893081,-0.05513017,-0.04434629,-9911.0973,223493.2844,OK,0.0000,396.4439,4.0000,96.0000,AG03-UNRESOLVED,ALL5_LEVELS_bet23_to_bet27,396.4439,396.4439,396.4439,594.6658,594.6658,4.000000,4.000000,4.000000,6.000000,6.000000,96.000000,96.000000,96.000000,94.000000,94.000000,5.0,2378.6634,2163.0699,7532.4340,7748.0274,PENDING_AG03,FALSE,NOT_FOR_ENFORCEMENT,9514.6534,197836.1275,9911.0973,9514.6534,396.4439,0.04434629,0.04257244,396.4439,9514.6534,0.04257244,396.4439,396.4439,396.4439,594.6658,594.6658,9514.6534,0.04257244,2378.6634,2163.0699,7532.4340,7748.0274,0.03370318,0.03466783,0.00177385,18.3071,35.3906,1.7021,111.3606,22.7319,2511.1605,65.4270,19.5018,17.8433,6.2314,10.3857,29.4087,42.1647,51.0976,84.0248,10.2195,-6.1317,4.919981,8.090411,1.762719,10,81,100,8,0.29790265,0.04434629,0.01893081,0E-8,0.000000,0.922083,0.000000,0.03619937,2026-03-22,2026-08-06,89,436,292,138,0.644928,1.092949,1.065259,0.993009,,,,,,,,GLOBAL_BASELINE_NO_ENTITY_RANKING,,,NOT_APPLICABLE_GLOBAL_BASELINE,HF9g-P5,,,,X 全窗基线 · 不参与实体赏罚,15058677,1506,A168_HF9F_20260827_0900,2026-08-27 09:00:00
2026-07-15,94349862,925,0,1880.1864039562,38.9874504358,38.9874504358,0.5227273,101,47,0.43813030957256506,0.314099339894,1.1309975381228006,2.9814990198287714,1.1309975381228006,0.12403096967856506,ELIGIBLE,R03b_20260811_FULL_v1,L1_ELIGIBILITY,v2026-08-11,2026-03-21..2026-08-06,baccarat_bet02_101_all_pairs_incl_sentinel,round_win = game_pnl > 0 (decisive only),COMPATIBILITY_ONLY_NOT_PRODUCTION,223493.2844,206079.2994,9911.0973,12208,5823,-0.04434629,-0.01893081,-0.05513017,-0.04434629,-9911.0973,223493.2844,OK,0.0000,396.4439,4.0000,96.0000,AG03-UNRESOLVED,ALL5_LEVELS_bet23_to_bet27,396.4439,396.4439,396.4439,594.6658,594.6658,4.000000,4.000000,4.000000,6.000000,6.000000,96.000000,96.000000,96.000000,94.000000,94.000000,5.0,2378.6634,2163.0699,7532.4340,7748.0274,PENDING_AG03,FALSE,NOT_FOR_ENFORCEMENT,9514.6534,197836.1275,9911.0973,9514.6534,396.4439,0.04434629,0.04257244,396.4439,9514.6534,0.04257244,396.4439,396.4439,396.4439,594.6658,594.6658,9514.6534,0.04257244,2378.6634,2163.0699,7532.4340,7748.0274,0.03370318,0.03466783,0.00177385,18.3071,35.3906,1.7021,111.3606,22.7319,2511.1605,65.4270,19.5018,17.8433,6.2314,10.3857,29.4087,42.1647,51.0976,84.0248,10.2195,-6.1317,4.919981,8.090411,1.762719,10,81,100,8,0.29790265,0.04434629,0.01893081,0E-8,0.000000,0.922083,0.000000,0.03619937,2026-03-22,2026-08-06,89,436,292,138,0.644928,1.092949,1.065259,0.993009,,,,,,,,GLOBAL_BASELINE_NO_ENTITY_RANKING,,,NOT_APPLICABLE_GLOBAL_BASELINE,HF9g-P5,,,,X 全窗基线 · 不参与实体赏罚,15058678,1506,A168_HF9F_20260827_0900,2026-08-27 09:00:00
2026-07-16,94349862,1304,0,105.6697870252,-11.3130033111,-11.3130033111,0.5000000,11,11,0.49446415454545455,0.494464154545,0.031317390422399546,0.031317390424971336,0.031317390422399546,4.5455E-13,ELIGIBLE,R03b_20260811_FULL_v1,L1_ELIGIBILITY,v2026-08-11,2026-03-21..2026-08-06,baccarat_bet02_101_all_pairs_incl_sentinel,round_win = game_pnl > 0 (decisive only),COMPATIBILITY_ONLY_NOT_PRODUCTION,223493.2844,206079.2994,9911.0973,12208,5823,-0.04434629,-0.01893081,-0.05513017,-0.04434629,-9911.0973,223493.2844,OK,0.0000,396.4439,4.0000,96.0000,AG03-UNRESOLVED,ALL5_LEVELS_bet23_to_bet27,396.4439,396.4439,396.4439,594.6658,594.6658,4.000000,4.000000,4.000000,6.000000,6.000000,96.000000,96.000000,96.000000,94.000000,94.000000,5.0,2378.6634,2163.0699,7532.4340,7748.0274,PENDING_AG03,FALSE,NOT_FOR_ENFORCEMENT,9514.6534,197836.1275,9911.0973,9514.6534,396.4439,0.04434629,0.04257244,396.4439,9514.6534,0.04257244,396.4439,396.4439,396.4439,594.6658,594.6658,9514.6534,0.04257244,2378.6634,2163.0699,7532.4340,7748.0274,0.03370318,0.03466783,0.00177385,18.3071,35.3906,1.7021,111.3606,22.7319,2511.1605,65.4270,19.5018,17.8433,6.2314,10.3857,29.4087,42.1647,51.0976,84.0248,10.2195,-6.1317,4.919981,8.090411,1.762719,10,81,100,8,0.29790265,0.04434629,0.01893081,0E-8,0.000000,0.922083,0.000000,0.03619937,2026-03-22,2026-08-06,89,436,292,138,0.644928,1.092949,1.065259,0.993009,,,,,,,,GLOBAL_BASELINE_NO_ENTITY_RANKING,,,NOT_APPLICABLE_GLOBAL_BASELINE,HF9g-P5,,,,X 全窗基线 · 不参与实体赏罚,15058679,1506,A168_HF9F_20260827_0900,2026-08-27 09:00:00
2026-07-16,94349862,1485,0,52.7326983608,19.7236643094,19.7236643094,1.0000000,6,6,0.49771390000000000,0.497713900000,1.739988277604938,1.739988277604938,1.739988277604938,0E-17,ELIGIBLE,R03b_20260811_FULL_v1,L1_ELIGIBILITY,v2026-08-11,2026-03-21..2026-08-06,baccarat_bet02_101_all_pairs_incl_sentinel,round_win = game_pnl > 0 (decisive only),COMPATIBILITY_ONLY_NOT_PRODUCTION,223493.2844,206079.2994,9911.0973,12208,5823,-0.04434629,-0.01893081,-0.05513017,-0.04434629,-9911.0973,223493.2844,OK,0.0000,396.4439,4.0000,96.0000,AG03-UNRESOLVED,ALL5_LEVELS_bet23_to_bet27,396.4439,396.4439,396.4439,594.6658,594.6658,4.000000,4.000000,4.000000,6.000000,6.000000,96.000000,96.000000,96.000000,94.000000,94.000000,5.0,2378.6634,2163.0699,7532.4340,7748.0274,PENDING_AG03,FALSE,NOT_FOR_ENFORCEMENT,9514.6534,197836.1275,9911.0973,9514.6534,396.4439,0.04434629,0.04257244,396.4439,9514.6534,0.04257244,396.4439,396.4439,396.4439,594.6658,594.6658,9514.6534,0.04257244,2378.6634,2163.0699,7532.4340,7748.0274,0.03370318,0.03466783,0.00177385,18.3071,35.3906,1.7021,111.3606,22.7319,2511.1605,65.4270,19.5018,17.8433,6.2314,10.3857,29.4087,42.1647,51.0976,84.0248,10.2195,-6.1317,4.919981,8.090411,1.762719,10,81,100,8,0.29790265,0.04434629,0.01893081,0E-8,0.000000,0.922083,0.000000,0.03619937,2026-03-22,2026-08-06,89,436,292,138,0.644928,1.092949,1.065259,0.993009,,,,,,,,GLOBAL_BASELINE_NO_ENTITY_RANKING,,,NOT_APPLICABLE_GLOBAL_BASELINE,HF9g-P5,,,,X 全窗基线 · 不参与实体赏罚,15058680,1506,A168_HF9F_20260827_0900,2026-08-27 09:00:00
2026-07-16,94349862,2106,0,59.0687977762,-6.4587335976,-6.4587335976,0.6000000,5,5,0.50396966000000000,0.503969660000,0.4294742719815242,0.4294742719815242,0.4294742719815242,0E-17,ELIGIBLE,R03b_20260811_FULL_v1,L1_ELIGIBILITY,v2026-08-11,2026-03-21..2026-08-06,baccarat_bet02_101_all_pairs_incl_sentinel,round_win = game_pnl > 0 (decisive only),COMPATIBILITY_ONLY_NOT_PRODUCTION,223493.2844,206079.2994,9911.0973,12208,5823,-0.04434629,-0.01893081,-0.05513017,-0.04434629,-9911.0973,223493.2844,OK,0.0000,396.4439,4.0000,96.0000,AG03-UNRESOLVED,ALL5_LEVELS_bet23_to_bet27,396.4439,396.4439,396.4439,594.6658,594.6658,4.000000,4.000000,4.000000,6.000000,6.000000,96.000000,96.000000,96.000000,94.000000,94.000000,5.0,2378.6634,2163.0699,7532.4340,7748.0274,PENDING_AG03,FALSE,NOT_FOR_ENFORCEMENT,9514.6534,197836.1275,9911.0973,9514.6534,396.4439,0.04434629,0.04257244,396.4439,9514.6534,0.04257244,396.4439,396.4439,396.4439,594.6658,594.6658,9514.6534,0.04257244,2378.6634,2163.0699,7532.4340,7748.0274,0.03370318,0.03466783,0.00177385,18.3071,35.3906,1.7021,111.3606,22.7319,2511.1605,65.4270,19.5018,17.8433,6.2314,10.3857,29.4087,42.1647,51.0976,84.0248,10.2195,-6.1317,4.919981,8.090411,1.762719,10,81,100,8,0.29790265,0.04434629,0.01893081,0E-8,0.000000,0.922083,0.000000,0.03619937,2026-03-22,2026-08-06,89,436,292,138,0.644928,1.092949,1.065259,0.993009,,,,,,,,GLOBAL_BASELINE_NO_ENTITY_RANKING,,,NOT_APPLICABLE_GLOBAL_BASELINE,HF9g-P5,,,,X 全窗基线 · 不参与实体赏罚,15058681,1506,A168_HF9F_20260827_0900,2026-08-27 09:00:00
2026-07-16,94349862,763,0,733.7611903689,-62.0324571800,-62.0324571800,0.6000000,29,16,0.43068347163444812,0.330765840625,1.324307949294674,2.2162891174859376,1.324307949294674,0.09991763100944812,ELIGIBLE,R03b_20260811_FULL_v1,L1_ELIGIBILITY,v2026-08-11,2026-03-21..2026-08-06,baccarat_bet02_101_all_pairs_incl_sentinel,round_win = game_pnl > 0 (decisive only),COMPATIBILITY_ONLY_NOT_PRODUCTION,223493.2844,206079.2994,9911.0973,12208,5823,-0.04434629,-0.01893081,-0.05513017,-0.04434629,-9911.0973,223493.2844,OK,0.0000,396.4439,4.0000,96.0000,AG03-UNRESOLVED,ALL5_LEVELS_bet23_to_bet27,396.4439,396.4439,396.4439,594.6658,594.6658,4.000000,4.000000,4.000000,6.000000,6.000000,96.000000,96.000000,96.000000,94.000000,94.000000,5.0,2378.6634,2163.0699,7532.4340,7748.0274,PENDING_AG03,FALSE,NOT_FOR_ENFORCEMENT,9514.6534,197836.1275,9911.0973,9514.6534,396.4439,0.04434629,0.04257244,396.4439,9514.6534,0.04257244,396.4439,396.4439,396.4439,594.6658,594.6658,9514.6534,0.04257244,2378.6634,2163.0699,7532.4340,7748.0274,0.03370318,0.03466783,0.00177385,18.3071,35.3906,1.7021,111.3606,22.7319,2511.1605,65.4270,19.5018,17.8433,6.2314,10.3857,29.4087,42.1647,51.0976,84.0248,10.2195,-6.1317,4.919981,8.090411,1.762719,10,81,100,8,0.29790265,0.04434629,0.01893081,0E-8,0.000000,0.922083,0.000000,0.03619937,2026-03-22,2026-08-06,89,436,292,138,0.644928,1.092949,1.065259,0.993009,,,,,,,,GLOBAL_BASELINE_NO_ENTITY_RANKING,,,NOT_APPLICABLE_GLOBAL_BASELINE,HF9g-P5,,,,X 全窗基线 · 不参与实体赏罚,15058682,1506,A168_HF9F_20260827_0900,2026-08-27 09:00:00
2026-07-16,94349862,789,0,141.4380901769,-31.9870825327,-31.9870825327,0.5454545,16,13,0.47346911880339968,0.448840007692,0.47817093288153617,0.6442496624958927,0.47817093288153617,0.02462911111139968,ELIGIBLE,R03b_20260811_FULL_v1,L1_ELIGIBILITY,v2026-08-11,2026-03-21..2026-08-06,baccarat_bet02_101_all_pairs_incl_sentinel,round_win = game_pnl > 0 (decisive only),COMPATIBILITY_ONLY_NOT_PRODUCTION,223493.2844,206079.2994,9911.0973,12208,5823,-0.04434629,-0.01893081,-0.05513017,-0.04434629,-9911.0973,223493.2844,OK,0.0000,396.4439,4.0000,96.0000,AG03-UNRESOLVED,ALL5_LEVELS_bet23_to_bet27,396.4439,396.4439,396.4439,594.6658,594.6658,4.000000,4.000000,4.000000,6.000000,6.000000,96.000000,96.000000,96.000000,94.000000,94.000000,5.0,2378.6634,2163.0699,7532.4340,7748.0274,PENDING_AG03,FALSE,NOT_FOR_ENFORCEMENT,9514.6534,197836.1275,9911.0973,9514.6534,396.4439,0.04434629,0.04257244,396.4439,9514.6534,0.04257244,396.4439,396.4439,396.4439,594.6658,594.6658,9514.6534,0.04257244,2378.6634,2163.0699,7532.4340,7748.0274,0.03370318,0.03466783,0.00177385,18.3071,35.3906,1.7021,111.3606,22.7319,2511.1605,65.4270,19.5018,17.8433,6.2314,10.3857,29.4087,42.1647,51.0976,84.0248,10.2195,-6.1317,4.919981,8.090411,1.762719,10,81,100,8,0.29790265,0.04434629,0.01893081,0E-8,0.000000,0.922083,0.000000,0.03619937,2026-03-22,2026-08-06,89,436,292,138,0.644928,1.092949,1.065259,0.993009,,,,,,,,GLOBAL_BASELINE_NO_ENTITY_RANKING,,,NOT_APPLICABLE_GLOBAL_BASELINE,HF9g-P5,,,,X 全窗基线 · 不参与实体赏罚,15058683,1506,A168_HF9F_20260827_0900,2026-08-27 09:00:00
2026-07-16,94349862,948,0,365.2454727544,-130.8097943833,-130.8097943833,0.5333333,26,16,0.45733054833237532,0.375070575000,0.5908705476775269,1.2660544267271638,0.5908705476775269,0.08225997333237532,ELIGIBLE,R03b_20260811_FULL_v1,L1_ELIGIBILITY,v2026-08-11,2026-03-21..2026-08-06,baccarat_bet02_101_all_pairs_incl_sentinel,round_win = game_pnl > 0 (decisive only),COMPATIBILITY_ONLY_NOT_PRODUCTION,223493.2844,206079.2994,9911.0973,12208,5823,-0.04434629,-0.01893081,-0.05513017,-0.04434629,-9911.0973,223493.2844,OK,0.0000,396.4439,4.0000,96.0000,AG03-UNRESOLVED,ALL5_LEVELS_bet23_to_bet27,396.4439,396.4439,396.4439,594.6658,594.6658,4.000000,4.000000,4.000000,6.000000,6.000000,96.000000,96.000000,96.000000,94.000000,94.000000,5.0,2378.6634,2163.0699,7532.4340,7748.0274,PENDING_AG03,FALSE,NOT_FOR_ENFORCEMENT,9514.6534,197836.1275,9911.0973,9514.6534,396.4439,0.04434629,0.04257244,396.4439,9514.6534,0.04257244,396.4439,396.4439,396.4439,594.6658,594.6658,9514.6534,0.04257244,2378.6634,2163.0699,7532.4340,7748.0274,0.03370318,0.03466783,0.00177385,18.3071,35.3906,1.7021,111.3606,22.7319,2511.1605,65.4270,19.5018,17.8433,6.2314,10.3857,29.4087,42.1647,51.0976,84.0248,10.2195,-6.1317,4.919981,8.090411,1.762719,10,81,100,8,0.29790265,0.04434629,0.01893081,0E-8,0.000000,0.922083,0.000000,0.03619937,2026-03-22,2026-08-06,89,436,292,138,0.644928,1.092949,1.065259,0.993009,,,,,,,,GLOBAL_BASELINE_NO_ENTITY_RANKING,,,NOT_APPLICABLE_GLOBAL_BASELINE,HF9g-P5,,,,X 全窗基线 · 不参与实体赏罚,15058684,1506,A168_HF9F_20260827_0900,2026-08-27 09:00:00
2026-07-17,94349862,1304,0,187.8346891224,-56.1971140090,-56.1971140090,0.2500000,14,8,0.42688862895297974,0.336742212500,-1.0115051616202508,-0.5191412391327583,-1.0115051616202508,0.09014641645297974,ELIGIBLE,R03b_20260811_FULL_v1,L1_ELIGIBILITY,v2026-08-11,2026-03-21..2026-08-06,baccarat_bet02_101_all_pairs_incl_sentinel,round_win = game_pnl > 0 (decisive only),COMPATIBILITY_ONLY_NOT_PRODUCTION,223493.2844,206079.2994,9911.0973,12208,5823,-0.04434629,-0.01893081,-0.05513017,-0.04434629,-9911.0973,223493.2844,OK,0.0000,396.4439,4.0000,96.0000,AG03-UNRESOLVED,ALL5_LEVELS_bet23_to_bet27,396.4439,396.4439,396.4439,594.6658,594.6658,4.000000,4.000000,4.000000,6.000000,6.000000,96.000000,96.000000,96.000000,94.000000,94.000000,5.0,2378.6634,2163.0699,7532.4340,7748.0274,PENDING_AG03,FALSE,NOT_FOR_ENFORCEMENT,9514.6534,197836.1275,9911.0973,9514.6534,396.4439,0.04434629,0.04257244,396.4439,9514.6534,0.04257244,396.4439,396.4439,396.4439,594.6658,594.6658,9514.6534,0.04257244,2378.6634,2163.0699,7532.4340,7748.0274,0.03370318,0.03466783,0.00177385,18.3071,35.3906,1.7021,111.3606,22.7319,2511.1605,65.4270,19.5018,17.8433,6.2314,10.3857,29.4087,42.1647,51.0976,84.0248,10.2195,-6.1317,4.919981,8.090411,1.762719,10,81,100,8,0.29790265,0.04434629,0.01893081,0E-8,0.000000,0.922083,0.000000,0.03619937,2026-03-22,2026-08-06,89,436,292,138,0.644928,1.092949,1.065259,0.993009,,,,,,,,GLOBAL_BASELINE_NO_ENTITY_RANKING,,,NOT_APPLICABLE_GLOBAL_BASELINE,HF9g-P5,,,,X 全窗基线 · 不参与实体赏罚,15058685,1506,A168_HF9F_20260827_0900,2026-08-27 09:00:00
2026-07-17,94349862,1383,0,50.2800147161,-21.0522012836,-21.0522012836,0.2500000,6,6,0.49547970000000000,0.495479700000,-0.9819589297737525,-0.9819589297737525,-0.9819589297737525,0E-17,ELIGIBLE,R03b_20260811_FULL_v1,L1_ELIGIBILITY,v2026-08-11,2026-03-21..2026-08-06,baccarat_bet02_101_all_pairs_incl_sentinel,round_win = game_pnl > 0 (decisive only),COMPATIBILITY_ONLY_NOT_PRODUCTION,223493.2844,206079.2994,9911.0973,12208,5823,-0.04434629,-0.01893081,-0.05513017,-0.04434629,-9911.0973,223493.2844,OK,0.0000,396.4439,4.0000,96.0000,AG03-UNRESOLVED,ALL5_LEVELS_bet23_to_bet27,396.4439,396.4439,396.4439,594.6658,594.6658,4.000000,4.000000,4.000000,6.000000,6.000000,96.000000,96.000000,96.000000,94.000000,94.000000,5.0,2378.6634,2163.0699,7532.4340,7748.0274,PENDING_AG03,FALSE,NOT_FOR_ENFORCEMENT,9514.6534,197836.1275,9911.0973,9514.6534,396.4439,0.04434629,0.04257244,396.4439,9514.6534,0.04257244,396.4439,396.4439,396.4439,594.6658,594.6658,9514.6534,0.04257244,2378.6634,2163.0699,7532.4340,7748.0274,0.03370318,0.03466783,0.00177385,18.3071,35.3906,1.7021,111.3606,22.7319,2511.1605,65.4270,19.5018,17.8433,6.2314,10.3857,29.4087,42.1647,51.0976,84.0248,10.2195,-6.1317,4.919981,8.090411,1.762719,10,81,100,8,0.29790265,0.04434629,0.01893081,0E-8,0.000000,0.922083,0.000000,0.03619937,2026-03-22,2026-08-06,89,436,292,138,0.644928,1.092949,1.065259,0.993009,,,,,,,,GLOBAL_BASELINE_NO_ENTITY_RANKING,,,NOT_APPLICABLE_GLOBAL_BASELINE,HF9g-P5,,,,X 全窗基线 · 不参与实体赏罚,15058686,1506,A168_HF9F_20260827_0900,2026-08-27 09:00:00
2026-07-17,94349862,1385,0,339.2879041817,-111.4949106813,-111.4949106813,0.3750000,17,8,0.42277819920686768,0.269828956250,-0.2735565484003165,0.6701694056429022,-0.2735565484003165,0.15294924295686768,ELIGIBLE,R03b_20260811_FULL_v1,L1_ELIGIBILITY,v2026-08-11,2026-03-21..2026-08-06,baccarat_bet02_101_all_pairs_incl_sentinel,round_win = game_pnl > 0 (decisive only),COMPATIBILITY_ONLY_NOT_PRODUCTION,223493.2844,206079.2994,9911.0973,12208,5823,-0.04434629,-0.01893081,-0.05513017,-0.04434629,-9911.0973,223493.2844,OK,0.0000,396.4439,4.0000,96.0000,AG03-UNRESOLVED,ALL5_LEVELS_bet23_to_bet27,396.4439,396.4439,396.4439,594.6658,594.6658,4.000000,4.000000,4.000000,6.000000,6.000000,96.000000,96.000000,96.000000,94.000000,94.000000,5.0,2378.6634,2163.0699,7532.4340,7748.0274,PENDING_AG03,FALSE,NOT_FOR_ENFORCEMENT,9514.6534,197836.1275,9911.0973,9514.6534,396.4439,0.04434629,0.04257244,396.4439,9514.6534,0.04257244,396.4439,396.4439,396.4439,594.6658,594.6658,9514.6534,0.04257244,2378.6634,2163.0699,7532.4340,7748.0274,0.03370318,0.03466783,0.00177385,18.3071,35.3906,1.7021,111.3606,22.7319,2511.1605,65.4270,19.5018,17.8433,6.2314,10.3857,29.4087,42.1647,51.0976,84.0248,10.2195,-6.1317,4.919981,8.090411,1.762719,10,81,100,8,0.29790265,0.04434629,0.01893081,0E-8,0.000000,0.922083,0.000000,0.03619937,2026-03-22,2026-08-06,89,436,292,138,0.644928,1.092949,1.065259,0.993009,,,,,,,,GLOBAL_BASELINE_NO_ENTITY_RANKING,,,NOT_APPLICABLE_GLOBAL_BASELINE,HF9g-P5,,,,X 全窗基线 · 不参与实体赏罚,15058687,1506,A168_HF9F_20260827_0900,2026-08-27 09:00:00
2026-07-17,94349862,2261,0,2.0439030372,1.9417078854,1.9417078854,1.0000000,1,1,0.50665070000000000,0.506650700000,0.9867858985152569,0.9867858985152569,0.9867858985152569,0E-17,ELIGIBLE,R03b_20260811_FULL_v1,L1_ELIGIBILITY,v2026-08-11,2026-03-21..2026-08-06,baccarat_bet02_101_all_pairs_incl_sentinel,round_win = game_pnl > 0 (decisive only),COMPATIBILITY_ONLY_NOT_PRODUCTION,223493.2844,206079.2994,9911.0973,12208,5823,-0.04434629,-0.01893081,-0.05513017,-0.04434629,-9911.0973,223493.2844,OK,0.0000,396.4439,4.0000,96.0000,AG03-UNRESOLVED,ALL5_LEVELS_bet23_to_bet27,396.4439,396.4439,396.4439,594.6658,594.6658,4.000000,4.000000,4.000000,6.000000,6.000000,96.000000,96.000000,96.000000,94.000000,94.000000,5.0,2378.6634,2163.0699,7532.4340,7748.0274,PENDING_AG03,FALSE,NOT_FOR_ENFORCEMENT,9514.6534,197836.1275,9911.0973,9514.6534,396.4439,0.04434629,0.04257244,396.4439,9514.6534,0.04257244,396.4439,396.4439,396.4439,594.6658,594.6658,9514.6534,0.04257244,2378.6634,2163.0699,7532.4340,7748.0274,0.03370318,0.03466783,0.00177385,18.3071,35.3906,1.7021,111.3606,22.7319,2511.1605,65.4270,19.5018,17.8433,6.2314,10.3857,29.4087,42.1647,51.0976,84.0248,10.2195,-6.1317,4.919981,8.090411,1.762719,10,81,100,8,0.29790265,0.04434629,0.01893081,0E-8,0.000000,0.922083,0.000000,0.03619937,2026-03-22,2026-08-06,89,436,292,138,0.644928,1.092949,1.065259,0.993009,,,,,,,,GLOBAL_BASELINE_NO_ENTITY_RANKING,,,NOT_APPLICABLE_GLOBAL_BASELINE,HF9g-P5,,,,X 全窗基线 · 不参与实体赏罚,15058688,1506,A168_HF9F_20260827_0900,2026-08-27 09:00:00
2026-07-17,94349862,462,0,40.8780607448,-18.3951273352,-18.3951273352,0.2500000,5,5,0.49592654000000000,0.495926540000,-0.983738807048034,-0.983738807048034,-0.983738807048034,0E-17,ELIGIBLE,R03b_20260811_FULL_v1,L1_ELIGIBILITY,v2026-08-11,2026-03-21..2026-08-06,baccarat_bet02_101_all_pairs_incl_sentinel,round_win = game_pnl > 0 (decisive only),COMPATIBILITY_ONLY_NOT_PRODUCTION,223493.2844,206079.2994,9911.0973,12208,5823,-0.04434629,-0.01893081,-0.05513017,-0.04434629,-9911.0973,223493.2844,OK,0.0000,396.4439,4.0000,96.0000,AG03-UNRESOLVED,ALL5_LEVELS_bet23_to_bet27,396.4439,396.4439,396.4439,594.6658,594.6658,4.000000,4.000000,4.000000,6.000000,6.000000,96.000000,96.000000,96.000000,94.000000,94.000000,5.0,2378.6634,2163.0699,7532.4340,7748.0274,PENDING_AG03,FALSE,NOT_FOR_ENFORCEMENT,9514.6534,197836.1275,9911.0973,9514.6534,396.4439,0.04434629,0.04257244,396.4439,9514.6534,0.04257244,396.4439,396.4439,396.4439,594.6658,594.6658,9514.6534,0.04257244,2378.6634,2163.0699,7532.4340,7748.0274,0.03370318,0.03466783,0.00177385,18.3071,35.3906,1.7021,111.3606,22.7319,2511.1605,65.4270,19.5018,17.8433,6.2314,10.3857,29.4087,42.1647,51.0976,84.0248,10.2195,-6.1317,4.919981,8.090411,1.762719,10,81,100,8,0.29790265,0.04434629,0.01893081,0E-8,0.000000,0.922083,0.000000,0.03619937,2026-03-22,2026-08-06,89,436,292,138,0.644928,1.092949,1.065259,0.993009,,,,,,,,GLOBAL_BASELINE_NO_ENTITY_RANKING,,,NOT_APPLICABLE_GLOBAL_BASELINE,HF9g-P5,,,,X 全窗基线 · 不参与实体赏罚,15058689,1506,A168_HF9F_20260827_0900,2026-08-27 09:00:00
2026-07-17,94349862,763,0,472.1416016023,-77.0551445036,-77.0551445036,0.4285714,28,14,0.43094243745064677,0.310075942857,-0.017914696981659893,0.9585861337097447,-0.017914696981659893,0.12086649459364677,ELIGIBLE,R03b_20260811_FULL_v1,L1_ELIGIBILITY,v2026-08-11,2026-03-21..2026-08-06,baccarat_bet02_101_all_pairs_incl_sentinel,round_win = game_pnl > 0 (decisive only),COMPATIBILITY_ONLY_NOT_PRODUCTION,223493.2844,206079.2994,9911.0973,12208,5823,-0.04434629,-0.01893081,-0.05513017,-0.04434629,-9911.0973,223493.2844,OK,0.0000,396.4439,4.0000,96.0000,AG03-UNRESOLVED,ALL5_LEVELS_bet23_to_bet27,396.4439,396.4439,396.4439,594.6658,594.6658,4.000000,4.000000,4.000000,6.000000,6.000000,96.000000,96.000000,96.000000,94.000000,94.000000,5.0,2378.6634,2163.0699,7532.4340,7748.0274,PENDING_AG03,FALSE,NOT_FOR_ENFORCEMENT,9514.6534,197836.1275,9911.0973,9514.6534,396.4439,0.04434629,0.04257244,396.4439,9514.6534,0.04257244,396.4439,396.4439,396.4439,594.6658,594.6658,9514.6534,0.04257244,2378.6634,2163.0699,7532.4340,7748.0274,0.03370318,0.03466783,0.00177385,18.3071,35.3906,1.7021,111.3606,22.7319,2511.1605,65.4270,19.5018,17.8433,6.2314,10.3857,29.4087,42.1647,51.0976,84.0248,10.2195,-6.1317,4.919981,8.090411,1.762719,10,81,100,8,0.29790265,0.04434629,0.01893081,0E-8,0.000000,0.922083,0.000000,0.03619937,2026-03-22,2026-08-06,89,436,292,138,0.644928,1.092949,1.065259,0.993009,,,,,,,,GLOBAL_BASELINE_NO_ENTITY_RANKING,,,NOT_APPLICABLE_GLOBAL_BASELINE,HF9g-P5,,,,X 全窗基线 · 不参与实体赏罚,15058690,1506,A168_HF9F_20260827_0900,2026-08-27 09:00:00
2026-07-17,94349862,789,0,12.2634182235,-4.0878060745,-4.0878060745,0E-7,3,3,0.49771390000000000,0.497713900000,-0.9954382048786059,-0.995438204878606,-0.9954382048786059,0E-17,ELIGIBLE,R03b_20260811_FULL_v1,L1_ELIGIBILITY,v2026-08-11,2026-03-21..2026-08-06,baccarat_bet02_101_all_pairs_incl_sentinel,round_win = game_pnl > 0 (decisive only),COMPATIBILITY_ONLY_NOT_PRODUCTION,223493.2844,206079.2994,9911.0973,12208,5823,-0.04434629,-0.01893081,-0.05513017,-0.04434629,-9911.0973,223493.2844,OK,0.0000,396.4439,4.0000,96.0000,AG03-UNRESOLVED,ALL5_LEVELS_bet23_to_bet27,396.4439,396.4439,396.4439,594.6658,594.6658,4.000000,4.000000,4.000000,6.000000,6.000000,96.000000,96.000000,96.000000,94.000000,94.000000,5.0,2378.6634,2163.0699,7532.4340,7748.0274,PENDING_AG03,FALSE,NOT_FOR_ENFORCEMENT,9514.6534,197836.1275,9911.0973,9514.6534,396.4439,0.04434629,0.04257244,396.4439,9514.6534,0.04257244,396.4439,396.4439,396.4439,594.6658,594.6658,9514.6534,0.04257244,2378.6634,2163.0699,7532.4340,7748.0274,0.03370318,0.03466783,0.00177385,18.3071,35.3906,1.7021,111.3606,22.7319,2511.1605,65.4270,19.5018,17.8433,6.2314,10.3857,29.4087,42.1647,51.0976,84.0248,10.2195,-6.1317,4.919981,8.090411,1.762719,10,81,100,8,0.29790265,0.04434629,0.01893081,0E-8,0.000000,0.922083,0.000000,0.03619937,2026-03-22,2026-08-06,89,436,292,138,0.644928,1.092949,1.065259,0.993009,,,,,,,,GLOBAL_BASELINE_NO_ENTITY_RANKING,,,NOT_APPLICABLE_GLOBAL_BASELINE,HF9g-P5,,,,X 全窗基线 · 不参与实体赏罚,15058691,1506,A168_HF9F_20260827_0900,2026-08-27 09:00:00
2026-07-18,94349862,1304,0,218.6976249846,-34.7463516330,-34.7463516330,0.5000000,11,4,0.41107372120551950,0.218443487500,0.3614679456470125,1.3628430034209176,0.3614679456470125,0.19263023370551950,ELIGIBLE,R03b_20260811_FULL_v1,L1_ELIGIBILITY,v2026-08-11,2026-03-21..2026-08-06,baccarat_bet02_101_all_pairs_incl_sentinel,round_win = game_pnl > 0 (decisive only),COMPATIBILITY_ONLY_NOT_PRODUCTION,223493.2844,206079.2994,9911.0973,12208,5823,-0.04434629,-0.01893081,-0.05513017,-0.04434629,-9911.0973,223493.2844,OK,0.0000,396.4439,4.0000,96.0000,AG03-UNRESOLVED,ALL5_LEVELS_bet23_to_bet27,396.4439,396.4439,396.4439,594.6658,594.6658,4.000000,4.000000,4.000000,6.000000,6.000000,96.000000,96.000000,96.000000,94.000000,94.000000,5.0,2378.6634,2163.0699,7532.4340,7748.0274,PENDING_AG03,FALSE,NOT_FOR_ENFORCEMENT,9514.6534,197836.1275,9911.0973,9514.6534,396.4439,0.04434629,0.04257244,396.4439,9514.6534,0.04257244,396.4439,396.4439,396.4439,594.6658,594.6658,9514.6534,0.04257244,2378.6634,2163.0699,7532.4340,7748.0274,0.03370318,0.03466783,0.00177385,18.3071,35.3906,1.7021,111.3606,22.7319,2511.1605,65.4270,19.5018,17.8433,6.2314,10.3857,29.4087,42.1647,51.0976,84.0248,10.2195,-6.1317,4.919981,8.090411,1.762719,10,81,100,8,0.29790265,0.04434629,0.01893081,0E-8,0.000000,0.922083,0.000000,0.03619937,2026-03-22,2026-08-06,89,436,292,138,0.644928,1.092949,1.065259,0.993009,,,,,,,,GLOBAL_BASELINE_NO_ENTITY_RANKING,,,NOT_APPLICABLE_GLOBAL_BASELINE,HF9g-P5,,,,X 全窗基线 · 不参与实体赏罚,15058692,1506,A168_HF9F_20260827_0900,2026-08-27 09:00:00
2026-07-18,94349862,1382,0,437.3952499693,-112.0058864407,-112.0058864407,0.3529412,30,17,0.43438640374864855,0.332335129412,-0.6774731197485945,0.18036478959375454,-0.6774731197485945,0.10205127433664855,ELIGIBLE,R03b_20260811_FULL_v1,L1_ELIGIBILITY,v2026-08-11,2026-03-21..2026-08-06,baccarat_bet02_101_all_pairs_incl_sentinel,round_win = game_pnl > 0 (decisive only),COMPATIBILITY_ONLY_NOT_PRODUCTION,223493.2844,206079.2994,9911.0973,12208,5823,-0.04434629,-0.01893081,-0.05513017,-0.04434629,-9911.0973,223493.2844,OK,0.0000,396.4439,4.0000,96.0000,AG03-UNRESOLVED,ALL5_LEVELS_bet23_to_bet27,396.4439,396.4439,396.4439,594.6658,594.6658,4.000000,4.000000,4.000000,6.000000,6.000000,96.000000,96.000000,96.000000,94.000000,94.000000,5.0,2378.6634,2163.0699,7532.4340,7748.0274,PENDING_AG03,FALSE,NOT_FOR_ENFORCEMENT,9514.6534,197836.1275,9911.0973,9514.6534,396.4439,0.04434629,0.04257244,396.4439,9514.6534,0.04257244,396.4439,396.4439,396.4439,594.6658,594.6658,9514.6534,0.04257244,2378.6634,2163.0699,7532.4340,7748.0274,0.03370318,0.03466783,0.00177385,18.3071,35.3906,1.7021,111.3606,22.7319,2511.1605,65.4270,19.5018,17.8433,6.2314,10.3857,29.4087,42.1647,51.0976,84.0248,10.2195,-6.1317,4.919981,8.090411,1.762719,10,81,100,8,0.29790265,0.04434629,0.01893081,0E-8,0.000000,0.922083,0.000000,0.03619937,2026-03-22,2026-08-06,89,436,292,138,0.644928,1.092949,1.065259,0.993009,,,,,,,,GLOBAL_BASELINE_NO_ENTITY_RANKING,,,NOT_APPLICABLE_GLOBAL_BASELINE,HF9g-P5,,,,X 全窗基线 · 不参与实体赏罚,15058693,1506,A168_HF9F_20260827_0900,2026-08-27 09:00:00
2026-07-18,94349862,1385,0,1282.9579364749,628.4082083150,628.4082083150,0.5806452,80,31,0.40425936179552833,0.254750661290,2.001178409422511,4.164371046716235,2.001178409422511,0.14950870050552833,ELIGIBLE,R03b_20260811_FULL_v1,L1_ELIGIBILITY,v2026-08-11,2026-03-21..2026-08-06,baccarat_bet02_101_all_pairs_incl_sentinel,round_win = game_pnl > 0 (decisive only),COMPATIBILITY_ONLY_NOT_PRODUCTION,223493.2844,206079.2994,9911.0973,12208,5823,-0.04434629,-0.01893081,-0.05513017,-0.04434629,-9911.0973,223493.2844,OK,0.0000,396.4439,4.0000,96.0000,AG03-UNRESOLVED,ALL5_LEVELS_bet23_to_bet27,396.4439,396.4439,396.4439,594.6658,594.6658,4.000000,4.000000,4.000000,6.000000,6.000000,96.000000,96.000000,96.000000,94.000000,94.000000,5.0,2378.6634,2163.0699,7532.4340,7748.0274,PENDING_AG03,FALSE,NOT_FOR_ENFORCEMENT,9514.6534,197836.1275,9911.0973,9514.6534,396.4439,0.04434629,0.04257244,396.4439,9514.6534,0.04257244,396.4439,396.4439,396.4439,594.6658,594.6658,9514.6534,0.04257244,2378.6634,2163.0699,7532.4340,7748.0274,0.03370318,0.03466783,0.00177385,18.3071,35.3906,1.7021,111.3606,22.7319,2511.1605,65.4270,19.5018,17.8433,6.2314,10.3857,29.4087,42.1647,51.0976,84.0248,10.2195,-6.1317,4.919981,8.090411,1.762719,10,81,100,8,0.29790265,0.04434629,0.01893081,0E-8,0.000000,0.922083,0.000000,0.03619937,2026-03-22,2026-08-06,89,436,292,138,0.644928,1.092949,1.065259,0.993009,,,,,,,,GLOBAL_BASELINE_NO_ENTITY_RANKING,,,NOT_APPLICABLE_GLOBAL_BASELINE,HF9g-P5,,,,X 全窗基线 · 不参与实体赏罚,15058694,1506,A168_HF9F_20260827_0900,2026-08-27 09:00:00
2026-07-18,94349862,1714,0,320.8927768464,-263.0503208925,-263.0503208925,0E-7,23,12,0.43675986182021188,0.333441750000,-3.050458948111992,-2.450087289490205,-3.050458948111992,0.10331811182021188,ELIGIBLE,R03b_20260811_FULL_v1,L1_ELIGIBILITY,v2026-08-11,2026-03-21..2026-08-06,baccarat_bet02_101_all_pairs_incl_sentinel,round_win = game_pnl > 0 (decisive only),COMPATIBILITY_ONLY_NOT_PRODUCTION,223493.2844,206079.2994,9911.0973,12208,5823,-0.04434629,-0.01893081,-0.05513017,-0.04434629,-9911.0973,223493.2844,OK,0.0000,396.4439,4.0000,96.0000,AG03-UNRESOLVED,ALL5_LEVELS_bet23_to_bet27,396.4439,396.4439,396.4439,594.6658,594.6658,4.000000,4.000000,4.000000,6.000000,6.000000,96.000000,96.000000,96.000000,94.000000,94.000000,5.0,2378.6634,2163.0699,7532.4340,7748.0274,PENDING_AG03,FALSE,NOT_FOR_ENFORCEMENT,9514.6534,197836.1275,9911.0973,9514.6534,396.4439,0.04434629,0.04257244,396.4439,9514.6534,0.04257244,396.4439,396.4439,396.4439,594.6658,594.6658,9514.6534,0.04257244,2378.6634,2163.0699,7532.4340,7748.0274,0.03370318,0.03466783,0.00177385,18.3071,35.3906,1.7021,111.3606,22.7319,2511.1605,65.4270,19.5018,17.8433,6.2314,10.3857,29.4087,42.1647,51.0976,84.0248,10.2195,-6.1317,4.919981,8.090411,1.762719,10,81,100,8,0.29790265,0.04434629,0.01893081,0E-8,0.000000,0.922083,0.000000,0.03619937,2026-03-22,2026-08-06,89,436,292,138,0.644928,1.092949,1.065259,0.993009,,,,,,,,GLOBAL_BASELINE_NO_ENTITY_RANKING,,,NOT_APPLICABLE_GLOBAL_BASELINE,HF9g-P5,,,,X 全窗基线 · 不参与实体赏罚,15058695,1506,A168_HF9F_20260827_0900,2026-08-27 09:00:00
2026-07-18,94349862,2106,0,359.7269345544,-216.2449413401,-216.2449413401,0.1428571,17,7,0.36400234075474847,0.269467057143,-1.216036711897134,-0.7549948558928719,-1.216036711897134,0.09453528361174847,ELIGIBLE,R03b_20260811_FULL_v1,L1_ELIGIBILITY,v2026-08-11,2026-03-21..2026-08-06,baccarat_bet02_101_all_pairs_incl_sentinel,round_win = game_pnl > 0 (decisive only),COMPATIBILITY_ONLY_NOT_PRODUCTION,223493.2844,206079.2994,9911.0973,12208,5823,-0.04434629,-0.01893081,-0.05513017,-0.04434629,-9911.0973,223493.2844,OK,0.0000,396.4439,4.0000,96.0000,AG03-UNRESOLVED,ALL5_LEVELS_bet23_to_bet27,396.4439,396.4439,396.4439,594.6658,594.6658,4.000000,4.000000,4.000000,6.000000,6.000000,96.000000,96.000000,96.000000,94.000000,94.000000,5.0,2378.6634,2163.0699,7532.4340,7748.0274,PENDING_AG03,FALSE,NOT_FOR_ENFORCEMENT,9514.6534,197836.1275,9911.0973,9514.6534,396.4439,0.04434629,0.04257244,396.4439,9514.6534,0.04257244,396.4439,396.4439,396.4439,594.6658,594.6658,9514.6534,0.04257244,2378.6634,2163.0699,7532.4340,7748.0274,0.03370318,0.03466783,0.00177385,18.3071,35.3906,1.7021,111.3606,22.7319,2511.1605,65.4270,19.5018,17.8433,6.2314,10.3857,29.4087,42.1647,51.0976,84.0248,10.2195,-6.1317,4.919981,8.090411,1.762719,10,81,100,8,0.29790265,0.04434629,0.01893081,0E-8,0.000000,0.922083,0.000000,0.03619937,2026-03-22,2026-08-06,89,436,292,138,0.644928,1.092949,1.065259,0.993009,,,,,,,,GLOBAL_BASELINE_NO_ENTITY_RANKING,,,NOT_APPLICABLE_GLOBAL_BASELINE,HF9g-P5,,,,X 全窗基线 · 不参与实体赏罚,15058696,1506,A168_HF9F_20260827_0900,2026-08-27 09:00:00
2026-07-18,94349862,2121,0,1039.5290847398,-133.9267465147,-133.9267465147,0.5217391,61,24,0.39831855501868614,0.252635650347,1.209074068157704,2.970090794175919,1.209074068157704,0.14568290467168614,ELIGIBLE,R03b_20260811_FULL_v1,L1_ELIGIBILITY,v2026-08-11,2026-03-21..2026-08-06,baccarat_bet02_101_all_pairs_incl_sentinel,round_win = game_pnl > 0 (decisive only),COMPATIBILITY_ONLY_NOT_PRODUCTION,223493.2844,206079.2994,9911.0973,12208,5823,-0.04434629,-0.01893081,-0.05513017,-0.04434629,-9911.0973,223493.2844,OK,0.0000,396.4439,4.0000,96.0000,AG03-UNRESOLVED,ALL5_LEVELS_bet23_to_bet27,396.4439,396.4439,396.4439,594.6658,594.6658,4.000000,4.000000,4.000000,6.000000,6.000000,96.000000,96.000000,96.000000,94.000000,94.000000,5.0,2378.6634,2163.0699,7532.4340,7748.0274,PENDING_AG03,FALSE,NOT_FOR_ENFORCEMENT,9514.6534,197836.1275,9911.0973,9514.6534,396.4439,0.04434629,0.04257244,396.4439,9514.6534,0.04257244,396.4439,396.4439,396.4439,594.6658,594.6658,9514.6534,0.04257244,2378.6634,2163.0699,7532.4340,7748.0274,0.03370318,0.03466783,0.00177385,18.3071,35.3906,1.7021,111.3606,22.7319,2511.1605,65.4270,19.5018,17.8433,6.2314,10.3857,29.4087,42.1647,51.0976,84.0248,10.2195,-6.1317,4.919981,8.090411,1.762719,10,81,100,8,0.29790265,0.04434629,0.01893081,0E-8,0.000000,0.922083,0.000000,0.03619937,2026-03-22,2026-08-06,89,436,292,138,0.644928,1.092949,1.065259,0.993009,,,,,,,,GLOBAL_BASELINE_NO_ENTITY_RANKING,,,NOT_APPLICABLE_GLOBAL_BASELINE,HF9g-P5,,,,X 全窗基线 · 不参与实体赏罚,15058697,1506,A168_HF9F_20260827_0900,2026-08-27 09:00:00
2026-07-18,94349862,2130,0,1238.6052405669,-281.6498385312,-281.6498385312,0.2857143,59,21,0.34860558249843056,0.216050773016,-0.6047989272626814,0.7756988300965822,-0.6047989272626814,0.13255480948243056,ELIGIBLE,R03b_20260811_FULL_v1,L1_ELIGIBILITY,v2026-08-11,2026-03-21..2026-08-06,baccarat_bet02_101_all_pairs_incl_sentinel,round_win = game_pnl > 0 (decisive only),COMPATIBILITY_ONLY_NOT_PRODUCTION,223493.2844,206079.2994,9911.0973,12208,5823,-0.04434629,-0.01893081,-0.05513017,-0.04434629,-9911.0973,223493.2844,OK,0.0000,396.4439,4.0000,96.0000,AG03-UNRESOLVED,ALL5_LEVELS_bet23_to_bet27,396.4439,396.4439,396.4439,594.6658,594.6658,4.000000,4.000000,4.000000,6.000000,6.000000,96.000000,96.000000,96.000000,94.000000,94.000000,5.0,2378.6634,2163.0699,7532.4340,7748.0274,PENDING_AG03,FALSE,NOT_FOR_ENFORCEMENT,9514.6534,197836.1275,9911.0973,9514.6534,396.4439,0.04434629,0.04257244,396.4439,9514.6534,0.04257244,396.4439,396.4439,396.4439,594.6658,594.6658,9514.6534,0.04257244,2378.6634,2163.0699,7532.4340,7748.0274,0.03370318,0.03466783,0.00177385,18.3071,35.3906,1.7021,111.3606,22.7319,2511.1605,65.4270,19.5018,17.8433,6.2314,10.3857,29.4087,42.1647,51.0976,84.0248,10.2195,-6.1317,4.919981,8.090411,1.762719,10,81,100,8,0.29790265,0.04434629,0.01893081,0E-8,0.000000,0.922083,0.000000,0.03619937,2026-03-22,2026-08-06,89,436,292,138,0.644928,1.092949,1.065259,0.993009,,,,,,,,GLOBAL_BASELINE_NO_ENTITY_RANKING,,,NOT_APPLICABLE_GLOBAL_BASELINE,HF9g-P5,,,,X 全窗基线 · 不参与实体赏罚,15058698,1506,A168_HF9F_20260827_0900,2026-08-27 09:00:00
2026-07-18,94349862,2153,0,340.3098557003,-274.9049585087,-274.9049585087,0.1000000,23,10,0.39820182542939598,0.256903115000,-1.9263413242998773,-1.135596800465917,-1.9263413242998773,0.14129871042939598,ELIGIBLE,R03b_20260811_FULL_v1,L1_ELIGIBILITY,v2026-08-11,2026-03-21..2026-08-06,baccarat_bet02_101_all_pairs_incl_sentinel,round_win = game_pnl > 0 (decisive only),COMPATIBILITY_ONLY_NOT_PRODUCTION,223493.2844,206079.2994,9911.0973,12208,5823,-0.04434629,-0.01893081,-0.05513017,-0.04434629,-9911.0973,223493.2844,OK,0.0000,396.4439,4.0000,96.0000,AG03-UNRESOLVED,ALL5_LEVELS_bet23_to_bet27,396.4439,396.4439,396.4439,594.6658,594.6658,4.000000,4.000000,4.000000,6.000000,6.000000,96.000000,96.000000,96.000000,94.000000,94.000000,5.0,2378.6634,2163.0699,7532.4340,7748.0274,PENDING_AG03,FALSE,NOT_FOR_ENFORCEMENT,9514.6534,197836.1275,9911.0973,9514.6534,396.4439,0.04434629,0.04257244,396.4439,9514.6534,0.04257244,396.4439,396.4439,396.4439,594.6658,594.6658,9514.6534,0.04257244,2378.6634,2163.0699,7532.4340,7748.0274,0.03370318,0.03466783,0.00177385,18.3071,35.3906,1.7021,111.3606,22.7319,2511.1605,65.4270,19.5018,17.8433,6.2314,10.3857,29.4087,42.1647,51.0976,84.0248,10.2195,-6.1317,4.919981,8.090411,1.762719,10,81,100,8,0.29790265,0.04434629,0.01893081,0E-8,0.000000,0.922083,0.000000,0.03619937,2026-03-22,2026-08-06,89,436,292,138,0.644928,1.092949,1.065259,0.993009,,,,,,,,GLOBAL_BASELINE_NO_ENTITY_RANKING,,,NOT_APPLICABLE_GLOBAL_BASELINE,HF9g-P5,,,,X 全窗基线 · 不参与实体赏罚,15058699,1506,A168_HF9F_20260827_0900,2026-08-27 09:00:00
2026-07-18,94349862,2261,0,615.2148142090,-100.1512488245,-100.1512488245,0.4285714,37,14,0.38596228827026023,0.251215513690,0.3274890859403918,1.5300585428723805,0.3274890859403918,0.13474677458026023,ELIGIBLE,R03b_20260811_FULL_v1,L1_ELIGIBILITY,v2026-08-11,2026-03-21..2026-08-06,baccarat_bet02_101_all_pairs_incl_sentinel,round_win = game_pnl > 0 (decisive only),COMPATIBILITY_ONLY_NOT_PRODUCTION,223493.2844,206079.2994,9911.0973,12208,5823,-0.04434629,-0.01893081,-0.05513017,-0.04434629,-9911.0973,223493.2844,OK,0.0000,396.4439,4.0000,96.0000,AG03-UNRESOLVED,ALL5_LEVELS_bet23_to_bet27,396.4439,396.4439,396.4439,594.6658,594.6658,4.000000,4.000000,4.000000,6.000000,6.000000,96.000000,96.000000,96.000000,94.000000,94.000000,5.0,2378.6634,2163.0699,7532.4340,7748.0274,PENDING_AG03,FALSE,NOT_FOR_ENFORCEMENT,9514.6534,197836.1275,9911.0973,9514.6534,396.4439,0.04434629,0.04257244,396.4439,9514.6534,0.04257244,396.4439,396.4439,396.4439,594.6658,594.6658,9514.6534,0.04257244,2378.6634,2163.0699,7532.4340,7748.0274,0.03370318,0.03466783,0.00177385,18.3071,35.3906,1.7021,111.3606,22.7319,2511.1605,65.4270,19.5018,17.8433,6.2314,10.3857,29.4087,42.1647,51.0976,84.0248,10.2195,-6.1317,4.919981,8.090411,1.762719,10,81,100,8,0.29790265,0.04434629,0.01893081,0E-8,0.000000,0.922083,0.000000,0.03619937,2026-03-22,2026-08-06,89,436,292,138,0.644928,1.092949,1.065259,0.993009,,,,,,,,GLOBAL_BASELINE_NO_ENTITY_RANKING,,,NOT_APPLICABLE_GLOBAL_BASELINE,HF9g-P5,,,,X 全窗基线 · 不参与实体赏罚,15058700,1506,A168_HF9F_20260827_0900,2026-08-27 09:00:00
2026-07-18,94349862,462,0,554.1021133958,308.2205780158,308.2205780158,0.6500000,37,21,0.45375279427807756,0.348554761905,1.7628453285375127,2.8291042978190735,1.7628453285375127,0.10519803237307756,ELIGIBLE,R03b_20260811_FULL_v1,L1_ELIGIBILITY,v2026-08-11,2026-03-21..2026-08-06,baccarat_bet02_101_all_pairs_incl_sentinel,round_win = game_pnl > 0 (decisive only),COMPATIBILITY_ONLY_NOT_PRODUCTION,223493.2844,206079.2994,9911.0973,12208,5823,-0.04434629,-0.01893081,-0.05513017,-0.04434629,-9911.0973,223493.2844,OK,0.0000,396.4439,4.0000,96.0000,AG03-UNRESOLVED,ALL5_LEVELS_bet23_to_bet27,396.4439,396.4439,396.4439,594.6658,594.6658,4.000000,4.000000,4.000000,6.000000,6.000000,96.000000,96.000000,96.000000,94.000000,94.000000,5.0,2378.6634,2163.0699,7532.4340,7748.0274,PENDING_AG03,FALSE,NOT_FOR_ENFORCEMENT,9514.6534,197836.1275,9911.0973,9514.6534,396.4439,0.04434629,0.04257244,396.4439,9514.6534,0.04257244,396.4439,396.4439,396.4439,594.6658,594.6658,9514.6534,0.04257244,2378.6634,2163.0699,7532.4340,7748.0274,0.03370318,0.03466783,0.00177385,18.3071,35.3906,1.7021,111.3606,22.7319,2511.1605,65.4270,19.5018,17.8433,6.2314,10.3857,29.4087,42.1647,51.0976,84.0248,10.2195,-6.1317,4.919981,8.090411,1.762719,10,81,100,8,0.29790265,0.04434629,0.01893081,0E-8,0.000000,0.922083,0.000000,0.03619937,2026-03-22,2026-08-06,89,436,292,138,0.644928,1.092949,1.065259,0.993009,,,,,,,,GLOBAL_BASELINE_NO_ENTITY_RANKING,,,NOT_APPLICABLE_GLOBAL_BASELINE,HF9g-P5,,,,X 全窗基线 · 不参与实体赏罚,15058701,1506,A168_HF9F_20260827_0900,2026-08-27 09:00:00
2026-07-18,94349862,595,0,451.7025712297,239.2388505091,239.2388505091,0.6363636,27,11,0.41980164792379239,0.256520104545,1.4553527068493772,2.884733907124284,1.4553527068493772,0.16328154337879239,ELIGIBLE,R03b_20260811_FULL_v1,L1_ELIGIBILITY,v2026-08-11,2026-03-21..2026-08-06,baccarat_bet02_101_all_pairs_incl_sentinel,round_win = game_pnl > 0 (decisive only),COMPATIBILITY_ONLY_NOT_PRODUCTION,223493.2844,206079.2994,9911.0973,12208,5823,-0.04434629,-0.01893081,-0.05513017,-0.04434629,-9911.0973,223493.2844,OK,0.0000,396.4439,4.0000,96.0000,AG03-UNRESOLVED,ALL5_LEVELS_bet23_to_bet27,396.4439,396.4439,396.4439,594.6658,594.6658,4.000000,4.000000,4.000000,6.000000,6.000000,96.000000,96.000000,96.000000,94.000000,94.000000,5.0,2378.6634,2163.0699,7532.4340,7748.0274,PENDING_AG03,FALSE,NOT_FOR_ENFORCEMENT,9514.6534,197836.1275,9911.0973,9514.6534,396.4439,0.04434629,0.04257244,396.4439,9514.6534,0.04257244,396.4439,396.4439,396.4439,594.6658,594.6658,9514.6534,0.04257244,2378.6634,2163.0699,7532.4340,7748.0274,0.03370318,0.03466783,0.00177385,18.3071,35.3906,1.7021,111.3606,22.7319,2511.1605,65.4270,19.5018,17.8433,6.2314,10.3857,29.4087,42.1647,51.0976,84.0248,10.2195,-6.1317,4.919981,8.090411,1.762719,10,81,100,8,0.29790265,0.04434629,0.01893081,0E-8,0.000000,0.922083,0.000000,0.03619937,2026-03-22,2026-08-06,89,436,292,138,0.644928,1.092949,1.065259,0.993009,,,,,,,,GLOBAL_BASELINE_NO_ENTITY_RANKING,,,NOT_APPLICABLE_GLOBAL_BASELINE,HF9g-P5,,,,X 全窗基线 · 不参与实体赏罚,15058702,1506,A168_HF9F_20260827_0900,2026-08-27 09:00:00
2026-07-18,94349862,789,0,217.4712831622,-119.0573519191,-119.0573519191,0.2000000,18,11,0.43425016483297321,0.360048613636,-1.494506096981835,-1.0543816837595417,-1.494506096981835,0.07420155119697321,ELIGIBLE,R03b_20260811_FULL_v1,L1_ELIGIBILITY,v2026-08-11,2026-03-21..2026-08-06,baccarat_bet02_101_all_pairs_incl_sentinel,round_win = game_pnl > 0 (decisive only),COMPATIBILITY_ONLY_NOT_PRODUCTION,223493.2844,206079.2994,9911.0973,12208,5823,-0.04434629,-0.01893081,-0.05513017,-0.04434629,-9911.0973,223493.2844,OK,0.0000,396.4439,4.0000,96.0000,AG03-UNRESOLVED,ALL5_LEVELS_bet23_to_bet27,396.4439,396.4439,396.4439,594.6658,594.6658,4.000000,4.000000,4.000000,6.000000,6.000000,96.000000,96.000000,96.000000,94.000000,94.000000,5.0,2378.6634,2163.0699,7532.4340,7748.0274,PENDING_AG03,FALSE,NOT_FOR_ENFORCEMENT,9514.6534,197836.1275,9911.0973,9514.6534,396.4439,0.04434629,0.04257244,396.4439,9514.6534,0.04257244,396.4439,396.4439,396.4439,594.6658,594.6658,9514.6534,0.04257244,2378.6634,2163.0699,7532.4340,7748.0274,0.03370318,0.03466783,0.00177385,18.3071,35.3906,1.7021,111.3606,22.7319,2511.1605,65.4270,19.5018,17.8433,6.2314,10.3857,29.4087,42.1647,51.0976,84.0248,10.2195,-6.1317,4.919981,8.090411,1.762719,10,81,100,8,0.29790265,0.04434629,0.01893081,0E-8,0.000000,0.922083,0.000000,0.03619937,2026-03-22,2026-08-06,89,436,292,138,0.644928,1.092949,1.065259,0.993009,,,,,,,,GLOBAL_BASELINE_NO_ENTITY_RANKING,,,NOT_APPLICABLE_GLOBAL_BASELINE,HF9g-P5,,,,X 全窗基线 · 不参与实体赏罚,15058703,1506,A168_HF9F_20260827_0900,2026-08-27 09:00:00
2026-07-18,94349862,948,0,32.7024485958,20.4390303724,20.4390303724,1.0000000,3,1,0.41213758750022931,0.197889300000,1.194309079665927,2.0132884347625057,1.194309079665927,0.21424828750022931,ELIGIBLE,R03b_20260811_FULL_v1,L1_ELIGIBILITY,v2026-08-11,2026-03-21..2026-08-06,baccarat_bet02_101_all_pairs_incl_sentinel,round_win = game_pnl > 0 (decisive only),COMPATIBILITY_ONLY_NOT_PRODUCTION,223493.2844,206079.2994,9911.0973,12208,5823,-0.04434629,-0.01893081,-0.05513017,-0.04434629,-9911.0973,223493.2844,OK,0.0000,396.4439,4.0000,96.0000,AG03-UNRESOLVED,ALL5_LEVELS_bet23_to_bet27,396.4439,396.4439,396.4439,594.6658,594.6658,4.000000,4.000000,4.000000,6.000000,6.000000,96.000000,96.000000,96.000000,94.000000,94.000000,5.0,2378.6634,2163.0699,7532.4340,7748.0274,PENDING_AG03,FALSE,NOT_FOR_ENFORCEMENT,9514.6534,197836.1275,9911.0973,9514.6534,396.4439,0.04434629,0.04257244,396.4439,9514.6534,0.04257244,396.4439,396.4439,396.4439,594.6658,594.6658,9514.6534,0.04257244,2378.6634,2163.0699,7532.4340,7748.0274,0.03370318,0.03466783,0.00177385,18.3071,35.3906,1.7021,111.3606,22.7319,2511.1605,65.4270,19.5018,17.8433,6.2314,10.3857,29.4087,42.1647,51.0976,84.0248,10.2195,-6.1317,4.919981,8.090411,1.762719,10,81,100,8,0.29790265,0.04434629,0.01893081,0E-8,0.000000,0.922083,0.000000,0.03619937,2026-03-22,2026-08-06,89,436,292,138,0.644928,1.092949,1.065259,0.993009,,,,,,,,GLOBAL_BASELINE_NO_ENTITY_RANKING,,,NOT_APPLICABLE_GLOBAL_BASELINE,HF9g-P5,,,,X 全窗基线 · 不参与实体赏罚,15058704,1506,A168_HF9F_20260827_0900,2026-08-27 09:00:00
2026-07-20,94349862,2261,0,455.3815966970,-102.2973470138,-102.2973470138,0.5000000,36,24,0.46606421645938969,0.402612950000,0.33326991303235326,0.9728257546663317,0.33326991303235326,0.06345126645938969,ELIGIBLE,R03b_20260811_FULL_v1,L1_ELIGIBILITY,v2026-08-11,2026-03-21..2026-08-06,baccarat_bet02_101_all_pairs_incl_sentinel,round_win = game_pnl > 0 (decisive only),COMPATIBILITY_ONLY_NOT_PRODUCTION,223493.2844,206079.2994,9911.0973,12208,5823,-0.04434629,-0.01893081,-0.05513017,-0.04434629,-9911.0973,223493.2844,OK,0.0000,396.4439,4.0000,96.0000,AG03-UNRESOLVED,ALL5_LEVELS_bet23_to_bet27,396.4439,396.4439,396.4439,594.6658,594.6658,4.000000,4.000000,4.000000,6.000000,6.000000,96.000000,96.000000,96.000000,94.000000,94.000000,5.0,2378.6634,2163.0699,7532.4340,7748.0274,PENDING_AG03,FALSE,NOT_FOR_ENFORCEMENT,9514.6534,197836.1275,9911.0973,9514.6534,396.4439,0.04434629,0.04257244,396.4439,9514.6534,0.04257244,396.4439,396.4439,396.4439,594.6658,594.6658,9514.6534,0.04257244,2378.6634,2163.0699,7532.4340,7748.0274,0.03370318,0.03466783,0.00177385,18.3071,35.3906,1.7021,111.3606,22.7319,2511.1605,65.4270,19.5018,17.8433,6.2314,10.3857,29.4087,42.1647,51.0976,84.0248,10.2195,-6.1317,4.919981,8.090411,1.762719,10,81,100,8,0.29790265,0.04434629,0.01893081,0E-8,0.000000,0.922083,0.000000,0.03619937,2026-03-22,2026-08-06,89,436,292,138,0.644928,1.092949,1.065259,0.993009,,,,,,,,GLOBAL_BASELINE_NO_ENTITY_RANKING,,,NOT_APPLICABLE_GLOBAL_BASELINE,HF9g-P5,,,,X 全窗基线 · 不参与实体赏罚,15058705,1506,A168_HF9F_20260827_0900,2026-08-27 09:00:00
2026-07-20,94349862,925,0,103.2171033806,-18.9061030944,-18.9061030944,0.5000000,10,9,0.49658204888883963,0.481479072222,0.016744863620861982,0.090795957143804,0.016744863620861982,0.01510297666683963,ELIGIBLE,R03b_20260811_FULL_v1,L1_ELIGIBILITY,v2026-08-11,2026-03-21..2026-08-06,baccarat_bet02_101_all_pairs_incl_sentinel,round_win = game_pnl > 0 (decisive only),COMPATIBILITY_ONLY_NOT_PRODUCTION,223493.2844,206079.2994,9911.0973,12208,5823,-0.04434629,-0.01893081,-0.05513017,-0.04434629,-9911.0973,223493.2844,OK,0.0000,396.4439,4.0000,96.0000,AG03-UNRESOLVED,ALL5_LEVELS_bet23_to_bet27,396.4439,396.4439,396.4439,594.6658,594.6658,4.000000,4.000000,4.000000,6.000000,6.000000,96.000000,96.000000,96.000000,94.000000,94.000000,5.0,2378.6634,2163.0699,7532.4340,7748.0274,PENDING_AG03,FALSE,NOT_FOR_ENFORCEMENT,9514.6534,197836.1275,9911.0973,9514.6534,396.4439,0.04434629,0.04257244,396.4439,9514.6534,0.04257244,396.4439,396.4439,396.4439,594.6658,594.6658,9514.6534,0.04257244,2378.6634,2163.0699,7532.4340,7748.0274,0.03370318,0.03466783,0.00177385,18.3071,35.3906,1.7021,111.3606,22.7319,2511.1605,65.4270,19.5018,17.8433,6.2314,10.3857,29.4087,42.1647,51.0976,84.0248,10.2195,-6.1317,4.919981,8.090411,1.762719,10,81,100,8,0.29790265,0.04434629,0.01893081,0E-8,0.000000,0.922083,0.000000,0.03619937,2026-03-22,2026-08-06,89,436,292,138,0.644928,1.092949,1.065259,0.993009,,,,,,,,GLOBAL_BASELINE_NO_ENTITY_RANKING,,,NOT_APPLICABLE_GLOBAL_BASELINE,HF9g-P5,,,,X 全窗基线 · 不参与实体赏罚,15058706,1506,A168_HF9F_20260827_0900,2026-08-27 09:00:00
2026-07-22,94349862,1654,0,20.4390303724,19.9280546131,19.9280546131,1.0000000,2,2,0.49994810000000000,0.499948100000,1.4143603653603398,1.4143603653603398,1.4143603653603398,0E-17,ELIGIBLE,R03b_20260811_FULL_v1,L1_ELIGIBILITY,v2026-08-11,2026-03-21..2026-08-06,baccarat_bet02_101_all_pairs_incl_sentinel,round_win = game_pnl > 0 (decisive only),COMPATIBILITY_ONLY_NOT_PRODUCTION,223493.2844,206079.2994,9911.0973,12208,5823,-0.04434629,-0.01893081,-0.05513017,-0.04434629,-9911.0973,223493.2844,OK,0.0000,396.4439,4.0000,96.0000,AG03-UNRESOLVED,ALL5_LEVELS_bet23_to_bet27,396.4439,396.4439,396.4439,594.6658,594.6658,4.000000,4.000000,4.000000,6.000000,6.000000,96.000000,96.000000,96.000000,94.000000,94.000000,5.0,2378.6634,2163.0699,7532.4340,7748.0274,PENDING_AG03,FALSE,NOT_FOR_ENFORCEMENT,9514.6534,197836.1275,9911.0973,9514.6534,396.4439,0.04434629,0.04257244,396.4439,9514.6534,0.04257244,396.4439,396.4439,396.4439,594.6658,594.6658,9514.6534,0.04257244,2378.6634,2163.0699,7532.4340,7748.0274,0.03370318,0.03466783,0.00177385,18.3071,35.3906,1.7021,111.3606,22.7319,2511.1605,65.4270,19.5018,17.8433,6.2314,10.3857,29.4087,42.1647,51.0976,84.0248,10.2195,-6.1317,4.919981,8.090411,1.762719,10,81,100,8,0.29790265,0.04434629,0.01893081,0E-8,0.000000,0.922083,0.000000,0.03619937,2026-03-22,2026-08-06,89,436,292,138,0.644928,1.092949,1.065259,0.993009,,,,,,,,GLOBAL_BASELINE_NO_ENTITY_RANKING,,,NOT_APPLICABLE_GLOBAL_BASELINE,HF9g-P5,,,,X 全窗基线 · 不参与实体赏罚,15058707,1506,A168_HF9F_20260827_0900,2026-08-27 09:00:00
2026-07-22,94349862,2153,0,102.1951518621,-33.7244001145,-33.7244001145,0.4285714,10,7,0.46433020952374683,0.425177883333,-0.18970102504006084,0.01816145318172931,-0.18970102504006084,0.03915232619074683,ELIGIBLE,R03b_20260811_FULL_v1,L1_ELIGIBILITY,v2026-08-11,2026-03-21..2026-08-06,baccarat_bet02_101_all_pairs_incl_sentinel,round_win = game_pnl > 0 (decisive only),COMPATIBILITY_ONLY_NOT_PRODUCTION,223493.2844,206079.2994,9911.0973,12208,5823,-0.04434629,-0.01893081,-0.05513017,-0.04434629,-9911.0973,223493.2844,OK,0.0000,396.4439,4.0000,96.0000,AG03-UNRESOLVED,ALL5_LEVELS_bet23_to_bet27,396.4439,396.4439,396.4439,594.6658,594.6658,4.000000,4.000000,4.000000,6.000000,6.000000,96.000000,96.000000,96.000000,94.000000,94.000000,5.0,2378.6634,2163.0699,7532.4340,7748.0274,PENDING_AG03,FALSE,NOT_FOR_ENFORCEMENT,9514.6534,197836.1275,9911.0973,9514.6534,396.4439,0.04434629,0.04257244,396.4439,9514.6534,0.04257244,396.4439,396.4439,396.4439,594.6658,594.6658,9514.6534,0.04257244,2378.6634,2163.0699,7532.4340,7748.0274,0.03370318,0.03466783,0.00177385,18.3071,35.3906,1.7021,111.3606,22.7319,2511.1605,65.4270,19.5018,17.8433,6.2314,10.3857,29.4087,42.1647,51.0976,84.0248,10.2195,-6.1317,4.919981,8.090411,1.762719,10,81,100,8,0.29790265,0.04434629,0.01893081,0E-8,0.000000,0.922083,0.000000,0.03619937,2026-03-22,2026-08-06,89,436,292,138,0.644928,1.092949,1.065259,0.993009,,,,,,,,GLOBAL_BASELINE_NO_ENTITY_RANKING,,,NOT_APPLICABLE_GLOBAL_BASELINE,HF9g-P5,,,,X 全窗基线 · 不参与实体赏罚,15058708,1506,A168_HF9F_20260827_0900,2026-08-27 09:00:00
2026-07-22,94349862,462,0,38.8341577076,-14.3073212608,-14.3073212608,0.2500000,6,6,0.49547970000000000,0.495479700000,-0.9819589297737525,-0.9819589297737525,-0.9819589297737525,0E-17,ELIGIBLE,R03b_20260811_FULL_v1,L1_ELIGIBILITY,v2026-08-11,2026-03-21..2026-08-06,baccarat_bet02_101_all_pairs_incl_sentinel,round_win = game_pnl > 0 (decisive only),COMPATIBILITY_ONLY_NOT_PRODUCTION,223493.2844,206079.2994,9911.0973,12208,5823,-0.04434629,-0.01893081,-0.05513017,-0.04434629,-9911.0973,223493.2844,OK,0.0000,396.4439,4.0000,96.0000,AG03-UNRESOLVED,ALL5_LEVELS_bet23_to_bet27,396.4439,396.4439,396.4439,594.6658,594.6658,4.000000,4.000000,4.000000,6.000000,6.000000,96.000000,96.000000,96.000000,94.000000,94.000000,5.0,2378.6634,2163.0699,7532.4340,7748.0274,PENDING_AG03,FALSE,NOT_FOR_ENFORCEMENT,9514.6534,197836.1275,9911.0973,9514.6534,396.4439,0.04434629,0.04257244,396.4439,9514.6534,0.04257244,396.4439,396.4439,396.4439,594.6658,594.6658,9514.6534,0.04257244,2378.6634,2163.0699,7532.4340,7748.0274,0.03370318,0.03466783,0.00177385,18.3071,35.3906,1.7021,111.3606,22.7319,2511.1605,65.4270,19.5018,17.8433,6.2314,10.3857,29.4087,42.1647,51.0976,84.0248,10.2195,-6.1317,4.919981,8.090411,1.762719,10,81,100,8,0.29790265,0.04434629,0.01893081,0E-8,0.000000,0.922083,0.000000,0.03619937,2026-03-22,2026-08-06,89,436,292,138,0.644928,1.092949,1.065259,0.993009,,,,,,,,GLOBAL_BASELINE_NO_ENTITY_RANKING,,,NOT_APPLICABLE_GLOBAL_BASELINE,HF9g-P5,,,,X 全窗基线 · 不参与实体赏罚,15058709,1506,A168_HF9F_20260827_0900,2026-08-27 09:00:00
2026-07-22,94349862,526,0,55.1853820055,-44.9658668193,-44.9658668193,0E-7,7,5,0.47141042111130268,0.416032840000,-1.8887317750385018,-1.6881055200557364,-1.8887317750385018,0.05537758111130268,ELIGIBLE,R03b_20260811_FULL_v1,L1_ELIGIBILITY,v2026-08-11,2026-03-21..2026-08-06,baccarat_bet02_101_all_pairs_incl_sentinel,round_win = game_pnl > 0 (decisive only),COMPATIBILITY_ONLY_NOT_PRODUCTION,223493.2844,206079.2994,9911.0973,12208,5823,-0.04434629,-0.01893081,-0.05513017,-0.04434629,-9911.0973,223493.2844,OK,0.0000,396.4439,4.0000,96.0000,AG03-UNRESOLVED,ALL5_LEVELS_bet23_to_bet27,396.4439,396.4439,396.4439,594.6658,594.6658,4.000000,4.000000,4.000000,6.000000,6.000000,96.000000,96.000000,96.000000,94.000000,94.000000,5.0,2378.6634,2163.0699,7532.4340,7748.0274,PENDING_AG03,FALSE,NOT_FOR_ENFORCEMENT,9514.6534,197836.1275,9911.0973,9514.6534,396.4439,0.04434629,0.04257244,396.4439,9514.6534,0.04257244,396.4439,396.4439,396.4439,594.6658,594.6658,9514.6534,0.04257244,2378.6634,2163.0699,7532.4340,7748.0274,0.03370318,0.03466783,0.00177385,18.3071,35.3906,1.7021,111.3606,22.7319,2511.1605,65.4270,19.5018,17.8433,6.2314,10.3857,29.4087,42.1647,51.0976,84.0248,10.2195,-6.1317,4.919981,8.090411,1.762719,10,81,100,8,0.29790265,0.04434629,0.01893081,0E-8,0.000000,0.922083,0.000000,0.03619937,2026-03-22,2026-08-06,89,436,292,138,0.644928,1.092949,1.065259,0.993009,,,,,,,,GLOBAL_BASELINE_NO_ENTITY_RANKING,,,NOT_APPLICABLE_GLOBAL_BASELINE,HF9g-P5,,,,X 全窗基线 · 不参与实体赏罚,15058710,1506,A168_HF9F_20260827_0900,2026-08-27 09:00:00
2026-07-23,94349862,1947,0,425.7450026570,1.1241466703,1.1241466703,0.6500000,31,21,0.45347391510460088,0.392794873810,1.7654425822475337,2.3552878810834152,1.7654425822475337,0.06067904129460088,ELIGIBLE,R03b_20260811_FULL_v1,L1_ELIGIBILITY,v2026-08-11,2026-03-21..2026-08-06,baccarat_bet02_101_all_pairs_incl_sentinel,round_win = game_pnl > 0 (decisive only),COMPATIBILITY_ONLY_NOT_PRODUCTION,223493.2844,206079.2994,9911.0973,12208,5823,-0.04434629,-0.01893081,-0.05513017,-0.04434629,-9911.0973,223493.2844,OK,0.0000,396.4439,4.0000,96.0000,AG03-UNRESOLVED,ALL5_LEVELS_bet23_to_bet27,396.4439,396.4439,396.4439,594.6658,594.6658,4.000000,4.000000,4.000000,6.000000,6.000000,96.000000,96.000000,96.000000,94.000000,94.000000,5.0,2378.6634,2163.0699,7532.4340,7748.0274,PENDING_AG03,FALSE,NOT_FOR_ENFORCEMENT,9514.6534,197836.1275,9911.0973,9514.6534,396.4439,0.04434629,0.04257244,396.4439,9514.6534,0.04257244,396.4439,396.4439,396.4439,594.6658,594.6658,9514.6534,0.04257244,2378.6634,2163.0699,7532.4340,7748.0274,0.03370318,0.03466783,0.00177385,18.3071,35.3906,1.7021,111.3606,22.7319,2511.1605,65.4270,19.5018,17.8433,6.2314,10.3857,29.4087,42.1647,51.0976,84.0248,10.2195,-6.1317,4.919981,8.090411,1.762719,10,81,100,8,0.29790265,0.04434629,0.01893081,0E-8,0.000000,0.922083,0.000000,0.03619937,2026-03-22,2026-08-06,89,436,292,138,0.644928,1.092949,1.065259,0.993009,,,,,,,,GLOBAL_BASELINE_NO_ENTITY_RANKING,,,NOT_APPLICABLE_GLOBAL_BASELINE,HF9g-P5,,,,X 全窗基线 · 不参与实体赏罚,15058711,1506,A168_HF9F_20260827_0900,2026-08-27 09:00:00
2026-07-23,94349862,2155,0,76.8507542002,-62.5434329395,-62.5434329395,0E-7,7,5,0.45476074000000000,0.413594940000,-2.042127833139321,-1.877905595764835,-2.042127833139321,0.04116580000000000,ELIGIBLE,R03b_20260811_FULL_v1,L1_ELIGIBILITY,v2026-08-11,2026-03-21..2026-08-06,baccarat_bet02_101_all_pairs_incl_sentinel,round_win = game_pnl > 0 (decisive only),COMPATIBILITY_ONLY_NOT_PRODUCTION,223493.2844,206079.2994,9911.0973,12208,5823,-0.04434629,-0.01893081,-0.05513017,-0.04434629,-9911.0973,223493.2844,OK,0.0000,396.4439,4.0000,96.0000,AG03-UNRESOLVED,ALL5_LEVELS_bet23_to_bet27,396.4439,396.4439,396.4439,594.6658,594.6658,4.000000,4.000000,4.000000,6.000000,6.000000,96.000000,96.000000,96.000000,94.000000,94.000000,5.0,2378.6634,2163.0699,7532.4340,7748.0274,PENDING_AG03,FALSE,NOT_FOR_ENFORCEMENT,9514.6534,197836.1275,9911.0973,9514.6534,396.4439,0.04434629,0.04257244,396.4439,9514.6534,0.04257244,396.4439,396.4439,396.4439,594.6658,594.6658,9514.6534,0.04257244,2378.6634,2163.0699,7532.4340,7748.0274,0.03370318,0.03466783,0.00177385,18.3071,35.3906,1.7021,111.3606,22.7319,2511.1605,65.4270,19.5018,17.8433,6.2314,10.3857,29.4087,42.1647,51.0976,84.0248,10.2195,-6.1317,4.919981,8.090411,1.762719,10,81,100,8,0.29790265,0.04434629,0.01893081,0E-8,0.000000,0.922083,0.000000,0.03619937,2026-03-22,2026-08-06,89,436,292,138,0.644928,1.092949,1.065259,0.993009,,,,,,,,GLOBAL_BASELINE_NO_ENTITY_RANKING,,,NOT_APPLICABLE_GLOBAL_BASELINE,HF9g-P5,,,,X 全窗基线 · 不参与实体赏罚,15058712,1506,A168_HF9F_20260827_0900,2026-08-27 09:00:00
2026-07-24,94349862,1017,0,89.9317336385,-9.1975636675,-9.1975636675,0.5000000,5,4,0.47380833269237328,0.443311937500,0.10491070631841065,0.22822380521574556,0.10491070631841065,0.03049639519237328,ELIGIBLE,R03b_20260811_FULL_v1,L1_ELIGIBILITY,v2026-08-11,2026-03-21..2026-08-06,baccarat_bet02_101_all_pairs_incl_sentinel,round_win = game_pnl > 0 (decisive only),COMPATIBILITY_ONLY_NOT_PRODUCTION,223493.2844,206079.2994,9911.0973,12208,5823,-0.04434629,-0.01893081,-0.05513017,-0.04434629,-9911.0973,223493.2844,OK,0.0000,396.4439,4.0000,96.0000,AG03-UNRESOLVED,ALL5_LEVELS_bet23_to_bet27,396.4439,396.4439,396.4439,594.6658,594.6658,4.000000,4.000000,4.000000,6.000000,6.000000,96.000000,96.000000,96.000000,94.000000,94.000000,5.0,2378.6634,2163.0699,7532.4340,7748.0274,PENDING_AG03,FALSE,NOT_FOR_ENFORCEMENT,9514.6534,197836.1275,9911.0973,9514.6534,396.4439,0.04434629,0.04257244,396.4439,9514.6534,0.04257244,396.4439,396.4439,396.4439,594.6658,594.6658,9514.6534,0.04257244,2378.6634,2163.0699,7532.4340,7748.0274,0.03370318,0.03466783,0.00177385,18.3071,35.3906,1.7021,111.3606,22.7319,2511.1605,65.4270,19.5018,17.8433,6.2314,10.3857,29.4087,42.1647,51.0976,84.0248,10.2195,-6.1317,4.919981,8.090411,1.762719,10,81,100,8,0.29790265,0.04434629,0.01893081,0E-8,0.000000,0.922083,0.000000,0.03619937,2026-03-22,2026-08-06,89,436,292,138,0.644928,1.092949,1.065259,0.993009,,,,,,,,GLOBAL_BASELINE_NO_ENTITY_RANKING,,,NOT_APPLICABLE_GLOBAL_BASELINE,HF9g-P5,,,,X 全窗基线 · 不参与实体赏罚,15058713,1506,A168_HF9F_20260827_0900,2026-08-27 09:00:00
2026-07-24,94349862,1382,0,1194.8657155701,-22.0741528021,-22.0741528021,0.4782609,55,23,0.41954440678382323,0.272753642029,0.5706243954818985,2.2129161669272284,0.5706243954818985,0.14679076475482323,ELIGIBLE,R03b_20260811_FULL_v1,L1_ELIGIBILITY,v2026-08-11,2026-03-21..2026-08-06,baccarat_bet02_101_all_pairs_incl_sentinel,round_win = game_pnl > 0 (decisive only),COMPATIBILITY_ONLY_NOT_PRODUCTION,223493.2844,206079.2994,9911.0973,12208,5823,-0.04434629,-0.01893081,-0.05513017,-0.04434629,-9911.0973,223493.2844,OK,0.0000,396.4439,4.0000,96.0000,AG03-UNRESOLVED,ALL5_LEVELS_bet23_to_bet27,396.4439,396.4439,396.4439,594.6658,594.6658,4.000000,4.000000,4.000000,6.000000,6.000000,96.000000,96.000000,96.000000,94.000000,94.000000,5.0,2378.6634,2163.0699,7532.4340,7748.0274,PENDING_AG03,FALSE,NOT_FOR_ENFORCEMENT,9514.6534,197836.1275,9911.0973,9514.6534,396.4439,0.04434629,0.04257244,396.4439,9514.6534,0.04257244,396.4439,396.4439,396.4439,594.6658,594.6658,9514.6534,0.04257244,2378.6634,2163.0699,7532.4340,7748.0274,0.03370318,0.03466783,0.00177385,18.3071,35.3906,1.7021,111.3606,22.7319,2511.1605,65.4270,19.5018,17.8433,6.2314,10.3857,29.4087,42.1647,51.0976,84.0248,10.2195,-6.1317,4.919981,8.090411,1.762719,10,81,100,8,0.29790265,0.04434629,0.01893081,0E-8,0.000000,0.922083,0.000000,0.03619937,2026-03-22,2026-08-06,89,436,292,138,0.644928,1.092949,1.065259,0.993009,,,,,,,,GLOBAL_BASELINE_NO_ENTITY_RANKING,,,NOT_APPLICABLE_GLOBAL_BASELINE,HF9g-P5,,,,X 全窗基线 · 不参与实体赏罚,15058714,1506,A168_HF9F_20260827_0900,2026-08-27 09:00:00
2026-07-24,94349862,1383,0,16.3512242979,3.5768303152,3.5768303152,0.5000000,2,2,0.50665070000000000,0.506650700000,-0.018812684590367487,-0.018812684590367487,-0.018812684590367487,0E-17,ELIGIBLE,R03b_20260811_FULL_v1,L1_ELIGIBILITY,v2026-08-11,2026-03-21..2026-08-06,baccarat_bet02_101_all_pairs_incl_sentinel,round_win = game_pnl > 0 (decisive only),COMPATIBILITY_ONLY_NOT_PRODUCTION,223493.2844,206079.2994,9911.0973,12208,5823,-0.04434629,-0.01893081,-0.05513017,-0.04434629,-9911.0973,223493.2844,OK,0.0000,396.4439,4.0000,96.0000,AG03-UNRESOLVED,ALL5_LEVELS_bet23_to_bet27,396.4439,396.4439,396.4439,594.6658,594.6658,4.000000,4.000000,4.000000,6.000000,6.000000,96.000000,96.000000,96.000000,94.000000,94.000000,5.0,2378.6634,2163.0699,7532.4340,7748.0274,PENDING_AG03,FALSE,NOT_FOR_ENFORCEMENT,9514.6534,197836.1275,9911.0973,9514.6534,396.4439,0.04434629,0.04257244,396.4439,9514.6534,0.04257244,396.4439,396.4439,396.4439,594.6658,594.6658,9514.6534,0.04257244,2378.6634,2163.0699,7532.4340,7748.0274,0.03370318,0.03466783,0.00177385,18.3071,35.3906,1.7021,111.3606,22.7319,2511.1605,65.4270,19.5018,17.8433,6.2314,10.3857,29.4087,42.1647,51.0976,84.0248,10.2195,-6.1317,4.919981,8.090411,1.762719,10,81,100,8,0.29790265,0.04434629,0.01893081,0E-8,0.000000,0.922083,0.000000,0.03619937,2026-03-22,2026-08-06,89,436,292,138,0.644928,1.092949,1.065259,0.993009,,,,,,,,GLOBAL_BASELINE_NO_ENTITY_RANKING,,,NOT_APPLICABLE_GLOBAL_BASELINE,HF9g-P5,,,,X 全窗基线 · 不参与实体赏罚,15058715,1506,A168_HF9F_20260827_0900,2026-08-27 09:00:00
2026-07-24,94349862,1405,0,290.4386215917,-132.6595266319,-132.6595266319,0.3333333,14,6,0.42850990233053383,0.252700466667,-0.4711084392662013,0.4545036212884263,-0.4711084392662013,0.17580943566353383,ELIGIBLE,R03b_20260811_FULL_v1,L1_ELIGIBILITY,v2026-08-11,2026-03-21..2026-08-06,baccarat_bet02_101_all_pairs_incl_sentinel,round_win = game_pnl > 0 (decisive only),COMPATIBILITY_ONLY_NOT_PRODUCTION,223493.2844,206079.2994,9911.0973,12208,5823,-0.04434629,-0.01893081,-0.05513017,-0.04434629,-9911.0973,223493.2844,OK,0.0000,396.4439,4.0000,96.0000,AG03-UNRESOLVED,ALL5_LEVELS_bet23_to_bet27,396.4439,396.4439,396.4439,594.6658,594.6658,4.000000,4.000000,4.000000,6.000000,6.000000,96.000000,96.000000,96.000000,94.000000,94.000000,5.0,2378.6634,2163.0699,7532.4340,7748.0274,PENDING_AG03,FALSE,NOT_FOR_ENFORCEMENT,9514.6534,197836.1275,9911.0973,9514.6534,396.4439,0.04434629,0.04257244,396.4439,9514.6534,0.04257244,396.4439,396.4439,396.4439,594.6658,594.6658,9514.6534,0.04257244,2378.6634,2163.0699,7532.4340,7748.0274,0.03370318,0.03466783,0.00177385,18.3071,35.3906,1.7021,111.3606,22.7319,2511.1605,65.4270,19.5018,17.8433,6.2314,10.3857,29.4087,42.1647,51.0976,84.0248,10.2195,-6.1317,4.919981,8.090411,1.762719,10,81,100,8,0.29790265,0.04434629,0.01893081,0E-8,0.000000,0.922083,0.000000,0.03619937,2026-03-22,2026-08-06,89,436,292,138,0.644928,1.092949,1.065259,0.993009,,,,,,,,GLOBAL_BASELINE_NO_ENTITY_RANKING,,,NOT_APPLICABLE_GLOBAL_BASELINE,HF9g-P5,,,,X 全窗基线 · 不参与实体赏罚,15058716,1506,A168_HF9F_20260827_0900,2026-08-27 09:00:00
2026-07-24,94349862,1645,0,42.9219637820,28.8190328251,28.8190328251,1.0000000,2,1,0.44192365714300794,0.280106050000,1.1237589949848568,1.6031457840727341,1.1237589949848568,0.16181760714300794,ELIGIBLE,R03b_20260811_FULL_v1,L1_ELIGIBILITY,v2026-08-11,2026-03-21..2026-08-06,baccarat_bet02_101_all_pairs_incl_sentinel,round_win = game_pnl > 0 (decisive only),COMPATIBILITY_ONLY_NOT_PRODUCTION,223493.2844,206079.2994,9911.0973,12208,5823,-0.04434629,-0.01893081,-0.05513017,-0.04434629,-9911.0973,223493.2844,OK,0.0000,396.4439,4.0000,96.0000,AG03-UNRESOLVED,ALL5_LEVELS_bet23_to_bet27,396.4439,396.4439,396.4439,594.6658,594.6658,4.000000,4.000000,4.000000,6.000000,6.000000,96.000000,96.000000,96.000000,94.000000,94.000000,5.0,2378.6634,2163.0699,7532.4340,7748.0274,PENDING_AG03,FALSE,NOT_FOR_ENFORCEMENT,9514.6534,197836.1275,9911.0973,9514.6534,396.4439,0.04434629,0.04257244,396.4439,9514.6534,0.04257244,396.4439,396.4439,396.4439,594.6658,594.6658,9514.6534,0.04257244,2378.6634,2163.0699,7532.4340,7748.0274,0.03370318,0.03466783,0.00177385,18.3071,35.3906,1.7021,111.3606,22.7319,2511.1605,65.4270,19.5018,17.8433,6.2314,10.3857,29.4087,42.1647,51.0976,84.0248,10.2195,-6.1317,4.919981,8.090411,1.762719,10,81,100,8,0.29790265,0.04434629,0.01893081,0E-8,0.000000,0.922083,0.000000,0.03619937,2026-03-22,2026-08-06,89,436,292,138,0.644928,1.092949,1.065259,0.993009,,,,,,,,GLOBAL_BASELINE_NO_ENTITY_RANKING,,,NOT_APPLICABLE_GLOBAL_BASELINE,HF9g-P5,,,,X 全窗基线 · 不参与实体赏罚,15058717,1506,A168_HF9F_20260827_0900,2026-08-27 09:00:00
2026-07-24,94349862,2267,0,63.3609941544,29.6365940400,29.6365940400,0.7500000,4,4,0.49659680000000000,0.496596800000,1.0136362796769356,1.0136362796769358,1.0136362796769356,0E-17,ELIGIBLE,R03b_20260811_FULL_v1,L1_ELIGIBILITY,v2026-08-11,2026-03-21..2026-08-06,baccarat_bet02_101_all_pairs_incl_sentinel,round_win = game_pnl > 0 (decisive only),COMPATIBILITY_ONLY_NOT_PRODUCTION,223493.2844,206079.2994,9911.0973,12208,5823,-0.04434629,-0.01893081,-0.05513017,-0.04434629,-9911.0973,223493.2844,OK,0.0000,396.4439,4.0000,96.0000,AG03-UNRESOLVED,ALL5_LEVELS_bet23_to_bet27,396.4439,396.4439,396.4439,594.6658,594.6658,4.000000,4.000000,4.000000,6.000000,6.000000,96.000000,96.000000,96.000000,94.000000,94.000000,5.0,2378.6634,2163.0699,7532.4340,7748.0274,PENDING_AG03,FALSE,NOT_FOR_ENFORCEMENT,9514.6534,197836.1275,9911.0973,9514.6534,396.4439,0.04434629,0.04257244,396.4439,9514.6534,0.04257244,396.4439,396.4439,396.4439,594.6658,594.6658,9514.6534,0.04257244,2378.6634,2163.0699,7532.4340,7748.0274,0.03370318,0.03466783,0.00177385,18.3071,35.3906,1.7021,111.3606,22.7319,2511.1605,65.4270,19.5018,17.8433,6.2314,10.3857,29.4087,42.1647,51.0976,84.0248,10.2195,-6.1317,4.919981,8.090411,1.762719,10,81,100,8,0.29790265,0.04434629,0.01893081,0E-8,0.000000,0.922083,0.000000,0.03619937,2026-03-22,2026-08-06,89,436,292,138,0.644928,1.092949,1.065259,0.993009,,,,,,,,GLOBAL_BASELINE_NO_ENTITY_RANKING,,,NOT_APPLICABLE_GLOBAL_BASELINE,HF9g-P5,,,,X 全窗基线 · 不参与实体赏罚,15058718,1506,A168_HF9F_20260827_0900,2026-08-27 09:00:00
2026-07-24,94349862,583,0,478.2733107141,-108.8378367330,-108.8378367330,0.4545455,24,12,0.43689385057886719,0.333609006944,0.11803136144713829,0.8506876091652826,0.11803136144713829,0.10328484363486719,ELIGIBLE,R03b_20260811_FULL_v1,L1_ELIGIBILITY,v2026-08-11,2026-03-21..2026-08-06,baccarat_bet02_101_all_pairs_incl_sentinel,round_win = game_pnl > 0 (decisive only),COMPATIBILITY_ONLY_NOT_PRODUCTION,223493.2844,206079.2994,9911.0973,12208,5823,-0.04434629,-0.01893081,-0.05513017,-0.04434629,-9911.0973,223493.2844,OK,0.0000,396.4439,4.0000,96.0000,AG03-UNRESOLVED,ALL5_LEVELS_bet23_to_bet27,396.4439,396.4439,396.4439,594.6658,594.6658,4.000000,4.000000,4.000000,6.000000,6.000000,96.000000,96.000000,96.000000,94.000000,94.000000,5.0,2378.6634,2163.0699,7532.4340,7748.0274,PENDING_AG03,FALSE,NOT_FOR_ENFORCEMENT,9514.6534,197836.1275,9911.0973,9514.6534,396.4439,0.04434629,0.04257244,396.4439,9514.6534,0.04257244,396.4439,396.4439,396.4439,594.6658,594.6658,9514.6534,0.04257244,2378.6634,2163.0699,7532.4340,7748.0274,0.03370318,0.03466783,0.00177385,18.3071,35.3906,1.7021,111.3606,22.7319,2511.1605,65.4270,19.5018,17.8433,6.2314,10.3857,29.4087,42.1647,51.0976,84.0248,10.2195,-6.1317,4.919981,8.090411,1.762719,10,81,100,8,0.29790265,0.04434629,0.01893081,0E-8,0.000000,0.922083,0.000000,0.03619937,2026-03-22,2026-08-06,89,436,292,138,0.644928,1.092949,1.065259,0.993009,,,,,,,,GLOBAL_BASELINE_NO_ENTITY_RANKING,,,NOT_APPLICABLE_GLOBAL_BASELINE,HF9g-P5,,,,X 全窗基线 · 不参与实体赏罚,15058719,1506,A168_HF9F_20260827_0900,2026-08-27 09:00:00
2026-07-24,94349862,919,0,259.3712954257,-64.9961165842,-64.9961165842,0.4285714,18,14,0.48060490591835942,0.439806435714,-0.38967616882871103,-0.08469105112240548,-0.38967616882871103,0.04079847020435942,ELIGIBLE,R03b_20260811_FULL_v1,L1_ELIGIBILITY,v2026-08-11,2026-03-21..2026-08-06,baccarat_bet02_101_all_pairs_incl_sentinel,round_win = game_pnl > 0 (decisive only),COMPATIBILITY_ONLY_NOT_PRODUCTION,223493.2844,206079.2994,9911.0973,12208,5823,-0.04434629,-0.01893081,-0.05513017,-0.04434629,-9911.0973,223493.2844,OK,0.0000,396.4439,4.0000,96.0000,AG03-UNRESOLVED,ALL5_LEVELS_bet23_to_bet27,396.4439,396.4439,396.4439,594.6658,594.6658,4.000000,4.000000,4.000000,6.000000,6.000000,96.000000,96.000000,96.000000,94.000000,94.000000,5.0,2378.6634,2163.0699,7532.4340,7748.0274,PENDING_AG03,FALSE,NOT_FOR_ENFORCEMENT,9514.6534,197836.1275,9911.0973,9514.6534,396.4439,0.04434629,0.04257244,396.4439,9514.6534,0.04257244,396.4439,396.4439,396.4439,594.6658,594.6658,9514.6534,0.04257244,2378.6634,2163.0699,7532.4340,7748.0274,0.03370318,0.03466783,0.00177385,18.3071,35.3906,1.7021,111.3606,22.7319,2511.1605,65.4270,19.5018,17.8433,6.2314,10.3857,29.4087,42.1647,51.0976,84.0248,10.2195,-6.1317,4.919981,8.090411,1.762719,10,81,100,8,0.29790265,0.04434629,0.01893081,0E-8,0.000000,0.922083,0.000000,0.03619937,2026-03-22,2026-08-06,89,436,292,138,0.644928,1.092949,1.065259,0.993009,,,,,,,,GLOBAL_BASELINE_NO_ENTITY_RANKING,,,NOT_APPLICABLE_GLOBAL_BASELINE,HF9g-P5,,,,X 全窗基线 · 不参与实体赏罚,15058720,1506,A168_HF9F_20260827_0900,2026-08-27 09:00:00
2026-07-25,94349862,471,0,10.2195151862,-10.2195151862,-10.2195151862,0E-7,2,2,0.49324550000000000,0.493245500000,-1.3952362676504506,-1.3952362676504506,-1.3952362676504506,0E-17,ELIGIBLE,R03b_20260811_FULL_v1,L1_ELIGIBILITY,v2026-08-11,2026-03-21..2026-08-06,baccarat_bet02_101_all_pairs_incl_sentinel,round_win = game_pnl > 0 (decisive only),COMPATIBILITY_ONLY_NOT_PRODUCTION,223493.2844,206079.2994,9911.0973,12208,5823,-0.04434629,-0.01893081,-0.05513017,-0.04434629,-9911.0973,223493.2844,OK,0.0000,396.4439,4.0000,96.0000,AG03-UNRESOLVED,ALL5_LEVELS_bet23_to_bet27,396.4439,396.4439,396.4439,594.6658,594.6658,4.000000,4.000000,4.000000,6.000000,6.000000,96.000000,96.000000,96.000000,94.000000,94.000000,5.0,2378.6634,2163.0699,7532.4340,7748.0274,PENDING_AG03,FALSE,NOT_FOR_ENFORCEMENT,9514.6534,197836.1275,9911.0973,9514.6534,396.4439,0.04434629,0.04257244,396.4439,9514.6534,0.04257244,396.4439,396.4439,396.4439,594.6658,594.6658,9514.6534,0.04257244,2378.6634,2163.0699,7532.4340,7748.0274,0.03370318,0.03466783,0.00177385,18.3071,35.3906,1.7021,111.3606,22.7319,2511.1605,65.4270,19.5018,17.8433,6.2314,10.3857,29.4087,42.1647,51.0976,84.0248,10.2195,-6.1317,4.919981,8.090411,1.762719,10,81,100,8,0.29790265,0.04434629,0.01893081,0E-8,0.000000,0.922083,0.000000,0.03619937,2026-03-22,2026-08-06,89,436,292,138,0.644928,1.092949,1.065259,0.993009,,,,,,,,GLOBAL_BASELINE_NO_ENTITY_RANKING,,,NOT_APPLICABLE_GLOBAL_BASELINE,HF9g-P5,,,,X 全窗基线 · 不参与实体赏罚,15058721,1506,A168_HF9F_20260827_0900,2026-08-27 09:00:00
2026-07-26,94349862,1383,0,204.3903037239,-39.1407431631,-39.1407431631,0.4545455,17,16,0.49443482321429214,0.487083787500,-0.26461252923630185,-0.21590693432948838,-0.26461252923630185,0.00735103571429214,ELIGIBLE,R03b_20260811_FULL_v1,L1_ELIGIBILITY,v2026-08-11,2026-03-21..2026-08-06,baccarat_bet02_101_all_pairs_incl_sentinel,round_win = game_pnl > 0 (decisive only),COMPATIBILITY_ONLY_NOT_PRODUCTION,223493.2844,206079.2994,9911.0973,12208,5823,-0.04434629,-0.01893081,-0.05513017,-0.04434629,-9911.0973,223493.2844,OK,0.0000,396.4439,4.0000,96.0000,AG03-UNRESOLVED,ALL5_LEVELS_bet23_to_bet27,396.4439,396.4439,396.4439,594.6658,594.6658,4.000000,4.000000,4.000000,6.000000,6.000000,96.000000,96.000000,96.000000,94.000000,94.000000,5.0,2378.6634,2163.0699,7532.4340,7748.0274,PENDING_AG03,FALSE,NOT_FOR_ENFORCEMENT,9514.6534,197836.1275,9911.0973,9514.6534,396.4439,0.04434629,0.04257244,396.4439,9514.6534,0.04257244,396.4439,396.4439,396.4439,594.6658,594.6658,9514.6534,0.04257244,2378.6634,2163.0699,7532.4340,7748.0274,0.03370318,0.03466783,0.00177385,18.3071,35.3906,1.7021,111.3606,22.7319,2511.1605,65.4270,19.5018,17.8433,6.2314,10.3857,29.4087,42.1647,51.0976,84.0248,10.2195,-6.1317,4.919981,8.090411,1.762719,10,81,100,8,0.29790265,0.04434629,0.01893081,0E-8,0.000000,0.922083,0.000000,0.03619937,2026-03-22,2026-08-06,89,436,292,138,0.644928,1.092949,1.065259,0.993009,,,,,,,,GLOBAL_BASELINE_NO_ENTITY_RANKING,,,NOT_APPLICABLE_GLOBAL_BASELINE,HF9g-P5,,,,X 全窗基线 · 不参与实体赏罚,15058722,1506,A168_HF9F_20260827_0900,2026-08-27 09:00:00
2026-07-26,94349862,2213,0,559.6206515963,-206.4342067611,-206.4342067611,0.2500000,27,21,0.47474322622566434,0.443705780952,-1.8002440447883827,-1.5595624009654903,-1.8002440447883827,0.03103744527366434,ELIGIBLE,R03b_20260811_FULL_v1,L1_ELIGIBILITY,v2026-08-11,2026-03-21..2026-08-06,baccarat_bet02_101_all_pairs_incl_sentinel,round_win = game_pnl > 0 (decisive only),COMPATIBILITY_ONLY_NOT_PRODUCTION,223493.2844,206079.2994,9911.0973,12208,5823,-0.04434629,-0.01893081,-0.05513017,-0.04434629,-9911.0973,223493.2844,OK,0.0000,396.4439,4.0000,96.0000,AG03-UNRESOLVED,ALL5_LEVELS_bet23_to_bet27,396.4439,396.4439,396.4439,594.6658,594.6658,4.000000,4.000000,4.000000,6.000000,6.000000,96.000000,96.000000,96.000000,94.000000,94.000000,5.0,2378.6634,2163.0699,7532.4340,7748.0274,PENDING_AG03,FALSE,NOT_FOR_ENFORCEMENT,9514.6534,197836.1275,9911.0973,9514.6534,396.4439,0.04434629,0.04257244,396.4439,9514.6534,0.04257244,396.4439,396.4439,396.4439,594.6658,594.6658,9514.6534,0.04257244,2378.6634,2163.0699,7532.4340,7748.0274,0.03370318,0.03466783,0.00177385,18.3071,35.3906,1.7021,111.3606,22.7319,2511.1605,65.4270,19.5018,17.8433,6.2314,10.3857,29.4087,42.1647,51.0976,84.0248,10.2195,-6.1317,4.919981,8.090411,1.762719,10,81,100,8,0.29790265,0.04434629,0.01893081,0E-8,0.000000,0.922083,0.000000,0.03619937,2026-03-22,2026-08-06,89,436,292,138,0.644928,1.092949,1.065259,0.993009,,,,,,,,GLOBAL_BASELINE_NO_ENTITY_RANKING,,,NOT_APPLICABLE_GLOBAL_BASELINE,HF9g-P5,,,,X 全窗基线 · 不参与实体赏罚,15058723,1506,A168_HF9F_20260827_0900,2026-08-27 09:00:00
2026-07-27,94349862,1205,0,698.4016678245,-209.3774271343,-209.3774271343,0.4000000,38,15,0.39742507494228132,0.268221437222,0.020378727543835313,1.1520035360659384,0.020378727543835313,0.12920363772028132,ELIGIBLE,R03b_20260811_FULL_v1,L1_ELIGIBILITY,v2026-08-11,2026-03-21..2026-08-06,baccarat_bet02_101_all_pairs_incl_sentinel,round_win = game_pnl > 0 (decisive only),COMPATIBILITY_ONLY_NOT_PRODUCTION,223493.2844,206079.2994,9911.0973,12208,5823,-0.04434629,-0.01893081,-0.05513017,-0.04434629,-9911.0973,223493.2844,OK,0.0000,396.4439,4.0000,96.0000,AG03-UNRESOLVED,ALL5_LEVELS_bet23_to_bet27,396.4439,396.4439,396.4439,594.6658,594.6658,4.000000,4.000000,4.000000,6.000000,6.000000,96.000000,96.000000,96.000000,94.000000,94.000000,5.0,2378.6634,2163.0699,7532.4340,7748.0274,PENDING_AG03,FALSE,NOT_FOR_ENFORCEMENT,9514.6534,197836.1275,9911.0973,9514.6534,396.4439,0.04434629,0.04257244,396.4439,9514.6534,0.04257244,396.4439,396.4439,396.4439,594.6658,594.6658,9514.6534,0.04257244,2378.6634,2163.0699,7532.4340,7748.0274,0.03370318,0.03466783,0.00177385,18.3071,35.3906,1.7021,111.3606,22.7319,2511.1605,65.4270,19.5018,17.8433,6.2314,10.3857,29.4087,42.1647,51.0976,84.0248,10.2195,-6.1317,4.919981,8.090411,1.762719,10,81,100,8,0.29790265,0.04434629,0.01893081,0E-8,0.000000,0.922083,0.000000,0.03619937,2026-03-22,2026-08-06,89,436,292,138,0.644928,1.092949,1.065259,0.993009,,,,,,,,GLOBAL_BASELINE_NO_ENTITY_RANKING,,,NOT_APPLICABLE_GLOBAL_BASELINE,HF9g-P5,,,,X 全窗基线 · 不参与实体赏罚,15058724,1506,A168_HF9F_20260827_0900,2026-08-27 09:00:00
2026-07-27,94349862,1710,0,763.3977844087,223.0920165152,223.0920165152,0.5000000,42,18,0.42167878190911668,0.293255408333,0.6728840720847851,1.9267090972750764,0.6728840720847851,0.12842337357611668,ELIGIBLE,R03b_20260811_FULL_v1,L1_ELIGIBILITY,v2026-08-11,2026-03-21..2026-08-06,baccarat_bet02_101_all_pairs_incl_sentinel,round_win = game_pnl > 0 (decisive only),COMPATIBILITY_ONLY_NOT_PRODUCTION,223493.2844,206079.2994,9911.0973,12208,5823,-0.04434629,-0.01893081,-0.05513017,-0.04434629,-9911.0973,223493.2844,OK,0.0000,396.4439,4.0000,96.0000,AG03-UNRESOLVED,ALL5_LEVELS_bet23_to_bet27,396.4439,396.4439,396.4439,594.6658,594.6658,4.000000,4.000000,4.000000,6.000000,6.000000,96.000000,96.000000,96.000000,94.000000,94.000000,5.0,2378.6634,2163.0699,7532.4340,7748.0274,PENDING_AG03,FALSE,NOT_FOR_ENFORCEMENT,9514.6534,197836.1275,9911.0973,9514.6534,396.4439,0.04434629,0.04257244,396.4439,9514.6534,0.04257244,396.4439,396.4439,396.4439,594.6658,594.6658,9514.6534,0.04257244,2378.6634,2163.0699,7532.4340,7748.0274,0.03370318,0.03466783,0.00177385,18.3071,35.3906,1.7021,111.3606,22.7319,2511.1605,65.4270,19.5018,17.8433,6.2314,10.3857,29.4087,42.1647,51.0976,84.0248,10.2195,-6.1317,4.919981,8.090411,1.762719,10,81,100,8,0.29790265,0.04434629,0.01893081,0E-8,0.000000,0.922083,0.000000,0.03619937,2026-03-22,2026-08-06,89,436,292,138,0.644928,1.092949,1.065259,0.993009,,,,,,,,GLOBAL_BASELINE_NO_ENTITY_RANKING,,,NOT_APPLICABLE_GLOBAL_BASELINE,HF9g-P5,,,,X 全窗基线 · 不参与实体赏罚,15058725,1506,A168_HF9F_20260827_0900,2026-08-27 09:00:00
2026-07-27,94349862,1990,0,1534.1536197526,170.5534889423,170.5534889423,0.4000000,56,25,0.35420192363535869,0.255993962000,0.4787881686389071,1.6498619823592202,0.4787881686389071,0.09820796163535869,ELIGIBLE,R03b_20260811_FULL_v1,L1_ELIGIBILITY,v2026-08-11,2026-03-21..2026-08-06,baccarat_bet02_101_all_pairs_incl_sentinel,round_win = game_pnl > 0 (decisive only),COMPATIBILITY_ONLY_NOT_PRODUCTION,223493.2844,206079.2994,9911.0973,12208,5823,-0.04434629,-0.01893081,-0.05513017,-0.04434629,-9911.0973,223493.2844,OK,0.0000,396.4439,4.0000,96.0000,AG03-UNRESOLVED,ALL5_LEVELS_bet23_to_bet27,396.4439,396.4439,396.4439,594.6658,594.6658,4.000000,4.000000,4.000000,6.000000,6.000000,96.000000,96.000000,96.000000,94.000000,94.000000,5.0,2378.6634,2163.0699,7532.4340,7748.0274,PENDING_AG03,FALSE,NOT_FOR_ENFORCEMENT,9514.6534,197836.1275,9911.0973,9514.6534,396.4439,0.04434629,0.04257244,396.4439,9514.6534,0.04257244,396.4439,396.4439,396.4439,594.6658,594.6658,9514.6534,0.04257244,2378.6634,2163.0699,7532.4340,7748.0274,0.03370318,0.03466783,0.00177385,18.3071,35.3906,1.7021,111.3606,22.7319,2511.1605,65.4270,19.5018,17.8433,6.2314,10.3857,29.4087,42.1647,51.0976,84.0248,10.2195,-6.1317,4.919981,8.090411,1.762719,10,81,100,8,0.29790265,0.04434629,0.01893081,0E-8,0.000000,0.922083,0.000000,0.03619937,2026-03-22,2026-08-06,89,436,292,138,0.644928,1.092949,1.065259,0.993009,,,,,,,,GLOBAL_BASELINE_NO_ENTITY_RANKING,,,NOT_APPLICABLE_GLOBAL_BASELINE,HF9g-P5,,,,X 全窗基线 · 不参与实体赏罚,15058726,1506,A168_HF9F_20260827_0900,2026-08-27 09:00:00
2026-07-27,94349862,2115,0,3241.6302170608,524.6699096613,524.6699096613,0.5000000,170,63,0.38877697435030471,0.234405006085,1.767340417258118,4.856378484826801,1.767340417258118,0.15437196826530471,ELIGIBLE,R03b_20260811_FULL_v1,L1_ELIGIBILITY,v2026-08-11,2026-03-21..2026-08-06,baccarat_bet02_101_all_pairs_incl_sentinel,round_win = game_pnl > 0 (decisive only),COMPATIBILITY_ONLY_NOT_PRODUCTION,223493.2844,206079.2994,9911.0973,12208,5823,-0.04434629,-0.01893081,-0.05513017,-0.04434629,-9911.0973,223493.2844,OK,0.0000,396.4439,4.0000,96.0000,AG03-UNRESOLVED,ALL5_LEVELS_bet23_to_bet27,396.4439,396.4439,396.4439,594.6658,594.6658,4.000000,4.000000,4.000000,6.000000,6.000000,96.000000,96.000000,96.000000,94.000000,94.000000,5.0,2378.6634,2163.0699,7532.4340,7748.0274,PENDING_AG03,FALSE,NOT_FOR_ENFORCEMENT,9514.6534,197836.1275,9911.0973,9514.6534,396.4439,0.04434629,0.04257244,396.4439,9514.6534,0.04257244,396.4439,396.4439,396.4439,594.6658,594.6658,9514.6534,0.04257244,2378.6634,2163.0699,7532.4340,7748.0274,0.03370318,0.03466783,0.00177385,18.3071,35.3906,1.7021,111.3606,22.7319,2511.1605,65.4270,19.5018,17.8433,6.2314,10.3857,29.4087,42.1647,51.0976,84.0248,10.2195,-6.1317,4.919981,8.090411,1.762719,10,81,100,8,0.29790265,0.04434629,0.01893081,0E-8,0.000000,0.922083,0.000000,0.03619937,2026-03-22,2026-08-06,89,436,292,138,0.644928,1.092949,1.065259,0.993009,,,,,,,,GLOBAL_BASELINE_NO_ENTITY_RANKING,,,NOT_APPLICABLE_GLOBAL_BASELINE,HF9g-P5,,,,X 全窗基线 · 不参与实体赏罚,15058727,1506,A168_HF9F_20260827_0900,2026-08-27 09:00:00
2026-07-27,94349862,2129,0,1199.7710828596,628.8067694071,628.8067694071,0.6842105,53,19,0.39123565543692722,0.235452167544,2.6167567573159114,4.6103688723462914,2.6167567573159114,0.15578348789292722,ELIGIBLE,R03b_20260811_FULL_v1,L1_ELIGIBILITY,v2026-08-11,2026-03-21..2026-08-06,baccarat_bet02_101_all_pairs_incl_sentinel,round_win = game_pnl > 0 (decisive only),COMPATIBILITY_ONLY_NOT_PRODUCTION,223493.2844,206079.2994,9911.0973,12208,5823,-0.04434629,-0.01893081,-0.05513017,-0.04434629,-9911.0973,223493.2844,OK,0.0000,396.4439,4.0000,96.0000,AG03-UNRESOLVED,ALL5_LEVELS_bet23_to_bet27,396.4439,396.4439,396.4439,594.6658,594.6658,4.000000,4.000000,4.000000,6.000000,6.000000,96.000000,96.000000,96.000000,94.000000,94.000000,5.0,2378.6634,2163.0699,7532.4340,7748.0274,PENDING_AG03,FALSE,NOT_FOR_ENFORCEMENT,9514.6534,197836.1275,9911.0973,9514.6534,396.4439,0.04434629,0.04257244,396.4439,9514.6534,0.04257244,396.4439,396.4439,396.4439,594.6658,594.6658,9514.6534,0.04257244,2378.6634,2163.0699,7532.4340,7748.0274,0.03370318,0.03466783,0.00177385,18.3071,35.3906,1.7021,111.3606,22.7319,2511.1605,65.4270,19.5018,17.8433,6.2314,10.3857,29.4087,42.1647,51.0976,84.0248,10.2195,-6.1317,4.919981,8.090411,1.762719,10,81,100,8,0.29790265,0.04434629,0.01893081,0E-8,0.000000,0.922083,0.000000,0.03619937,2026-03-22,2026-08-06,89,436,292,138,0.644928,1.092949,1.065259,0.993009,,,,,,,,GLOBAL_BASELINE_NO_ENTITY_RANKING,,,NOT_APPLICABLE_GLOBAL_BASELINE,HF9g-P5,,,,X 全窗基线 · 不参与实体赏罚,15058728,1506,A168_HF9F_20260827_0900,2026-08-27 09:00:00
2026-07-27,94349862,2130,0,493.3981931895,-141.7242366021,-141.7242366021,0.3076923,30,13,0.39907105534017428,0.255933273077,-0.6727910440171345,0.4276500489803865,-0.6727910440171345,0.14313778226317428,ELIGIBLE,R03b_20260811_FULL_v1,L1_ELIGIBILITY,v2026-08-11,2026-03-21..2026-08-06,baccarat_bet02_101_all_pairs_incl_sentinel,round_win = game_pnl > 0 (decisive only),COMPATIBILITY_ONLY_NOT_PRODUCTION,223493.2844,206079.2994,9911.0973,12208,5823,-0.04434629,-0.01893081,-0.05513017,-0.04434629,-9911.0973,223493.2844,OK,0.0000,396.4439,4.0000,96.0000,AG03-UNRESOLVED,ALL5_LEVELS_bet23_to_bet27,396.4439,396.4439,396.4439,594.6658,594.6658,4.000000,4.000000,4.000000,6.000000,6.000000,96.000000,96.000000,96.000000,94.000000,94.000000,5.0,2378.6634,2163.0699,7532.4340,7748.0274,PENDING_AG03,FALSE,NOT_FOR_ENFORCEMENT,9514.6534,197836.1275,9911.0973,9514.6534,396.4439,0.04434629,0.04257244,396.4439,9514.6534,0.04257244,396.4439,396.4439,396.4439,594.6658,594.6658,9514.6534,0.04257244,2378.6634,2163.0699,7532.4340,7748.0274,0.03370318,0.03466783,0.00177385,18.3071,35.3906,1.7021,111.3606,22.7319,2511.1605,65.4270,19.5018,17.8433,6.2314,10.3857,29.4087,42.1647,51.0976,84.0248,10.2195,-6.1317,4.919981,8.090411,1.762719,10,81,100,8,0.29790265,0.04434629,0.01893081,0E-8,0.000000,0.922083,0.000000,0.03619937,2026-03-22,2026-08-06,89,436,292,138,0.644928,1.092949,1.065259,0.993009,,,,,,,,GLOBAL_BASELINE_NO_ENTITY_RANKING,,,NOT_APPLICABLE_GLOBAL_BASELINE,HF9g-P5,,,,X 全窗基线 · 不参与实体赏罚,15058729,1506,A168_HF9F_20260827_0900,2026-08-27 09:00:00
2026-07-27,94349862,2147,0,1737.3175816532,76.4419735935,76.4419735935,0.5172414,80,29,0.38824127160383583,0.233842167529,1.425437350157503,3.605596305966142,1.425437350157503,0.15439910407483583,ELIGIBLE,R03b_20260811_FULL_v1,L1_ELIGIBILITY,v2026-08-11,2026-03-21..2026-08-06,baccarat_bet02_101_all_pairs_incl_sentinel,round_win = game_pnl > 0 (decisive only),COMPATIBILITY_ONLY_NOT_PRODUCTION,223493.2844,206079.2994,9911.0973,12208,5823,-0.04434629,-0.01893081,-0.05513017,-0.04434629,-9911.0973,223493.2844,OK,0.0000,396.4439,4.0000,96.0000,AG03-UNRESOLVED,ALL5_LEVELS_bet23_to_bet27,396.4439,396.4439,396.4439,594.6658,594.6658,4.000000,4.000000,4.000000,6.000000,6.000000,96.000000,96.000000,96.000000,94.000000,94.000000,5.0,2378.6634,2163.0699,7532.4340,7748.0274,PENDING_AG03,FALSE,NOT_FOR_ENFORCEMENT,9514.6534,197836.1275,9911.0973,9514.6534,396.4439,0.04434629,0.04257244,396.4439,9514.6534,0.04257244,396.4439,396.4439,396.4439,594.6658,594.6658,9514.6534,0.04257244,2378.6634,2163.0699,7532.4340,7748.0274,0.03370318,0.03466783,0.00177385,18.3071,35.3906,1.7021,111.3606,22.7319,2511.1605,65.4270,19.5018,17.8433,6.2314,10.3857,29.4087,42.1647,51.0976,84.0248,10.2195,-6.1317,4.919981,8.090411,1.762719,10,81,100,8,0.29790265,0.04434629,0.01893081,0E-8,0.000000,0.922083,0.000000,0.03619937,2026-03-22,2026-08-06,89,436,292,138,0.644928,1.092949,1.065259,0.993009,,,,,,,,GLOBAL_BASELINE_NO_ENTITY_RANKING,,,NOT_APPLICABLE_GLOBAL_BASELINE,HF9g-P5,,,,X 全窗基线 · 不参与实体赏罚,15058730,1506,A168_HF9F_20260827_0900,2026-08-27 09:00:00
2026-07-27,94349862,2167,0,1367.5755222170,-483.5874586107,-483.5874586107,0.3846154,64,26,0.38260102779405898,0.244804383333,0.021133287451700903,1.6580159145167814,0.021133287451700903,0.13779664446105898,ELIGIBLE,R03b_20260811_FULL_v1,L1_ELIGIBILITY,v2026-08-11,2026-03-21..2026-08-06,baccarat_bet02_101_all_pairs_incl_sentinel,round_win = game_pnl > 0 (decisive only),COMPATIBILITY_ONLY_NOT_PRODUCTION,223493.2844,206079.2994,9911.0973,12208,5823,-0.04434629,-0.01893081,-0.05513017,-0.04434629,-9911.0973,223493.2844,OK,0.0000,396.4439,4.0000,96.0000,AG03-UNRESOLVED,ALL5_LEVELS_bet23_to_bet27,396.4439,396.4439,396.4439,594.6658,594.6658,4.000000,4.000000,4.000000,6.000000,6.000000,96.000000,96.000000,96.000000,94.000000,94.000000,5.0,2378.6634,2163.0699,7532.4340,7748.0274,PENDING_AG03,FALSE,NOT_FOR_ENFORCEMENT,9514.6534,197836.1275,9911.0973,9514.6534,396.4439,0.04434629,0.04257244,396.4439,9514.6534,0.04257244,396.4439,396.4439,396.4439,594.6658,594.6658,9514.6534,0.04257244,2378.6634,2163.0699,7532.4340,7748.0274,0.03370318,0.03466783,0.00177385,18.3071,35.3906,1.7021,111.3606,22.7319,2511.1605,65.4270,19.5018,17.8433,6.2314,10.3857,29.4087,42.1647,51.0976,84.0248,10.2195,-6.1317,4.919981,8.090411,1.762719,10,81,100,8,0.29790265,0.04434629,0.01893081,0E-8,0.000000,0.922083,0.000000,0.03619937,2026-03-22,2026-08-06,89,436,292,138,0.644928,1.092949,1.065259,0.993009,,,,,,,,GLOBAL_BASELINE_NO_ENTITY_RANKING,,,NOT_APPLICABLE_GLOBAL_BASELINE,HF9g-P5,,,,X 全窗基线 · 不参与实体赏罚,15058731,1506,A168_HF9F_20260827_0900,2026-08-27 09:00:00
2026-07-27,94349862,526,0,378.1220618892,-49.0536728935,-49.0536728935,0.5000000,20,6,0.37658919230834123,0.198434293056,0.6238895771497862,1.8521649019659736,0.6238895771497862,0.17815489925234123,ELIGIBLE,R03b_20260811_FULL_v1,L1_ELIGIBILITY,v2026-08-11,2026-03-21..2026-08-06,baccarat_bet02_101_all_pairs_incl_sentinel,round_win = game_pnl > 0 (decisive only),COMPATIBILITY_ONLY_NOT_PRODUCTION,223493.2844,206079.2994,9911.0973,12208,5823,-0.04434629,-0.01893081,-0.05513017,-0.04434629,-9911.0973,223493.2844,OK,0.0000,396.4439,4.0000,96.0000,AG03-UNRESOLVED,ALL5_LEVELS_bet23_to_bet27,396.4439,396.4439,396.4439,594.6658,594.6658,4.000000,4.000000,4.000000,6.000000,6.000000,96.000000,96.000000,96.000000,94.000000,94.000000,5.0,2378.6634,2163.0699,7532.4340,7748.0274,PENDING_AG03,FALSE,NOT_FOR_ENFORCEMENT,9514.6534,197836.1275,9911.0973,9514.6534,396.4439,0.04434629,0.04257244,396.4439,9514.6534,0.04257244,396.4439,396.4439,396.4439,594.6658,594.6658,9514.6534,0.04257244,2378.6634,2163.0699,7532.4340,7748.0274,0.03370318,0.03466783,0.00177385,18.3071,35.3906,1.7021,111.3606,22.7319,2511.1605,65.4270,19.5018,17.8433,6.2314,10.3857,29.4087,42.1647,51.0976,84.0248,10.2195,-6.1317,4.919981,8.090411,1.762719,10,81,100,8,0.29790265,0.04434629,0.01893081,0E-8,0.000000,0.922083,0.000000,0.03619937,2026-03-22,2026-08-06,89,436,292,138,0.644928,1.092949,1.065259,0.993009,,,,,,,,GLOBAL_BASELINE_NO_ENTITY_RANKING,,,NOT_APPLICABLE_GLOBAL_BASELINE,HF9g-P5,,,,X 全窗基线 · 不参与实体赏罚,15058732,1506,A168_HF9F_20260827_0900,2026-08-27 09:00:00
2026-07-27,94349862,595,0,574.3367534645,-482.6677022443,-482.6677022443,0.1250000,18,8,0.36326943265463752,0.262989745833,-1.4012674912116319,-0.8865140753480862,-1.4012674912116319,0.10027968682163752,ELIGIBLE,R03b_20260811_FULL_v1,L1_ELIGIBILITY,v2026-08-11,2026-03-21..2026-08-06,baccarat_bet02_101_all_pairs_incl_sentinel,round_win = game_pnl > 0 (decisive only),COMPATIBILITY_ONLY_NOT_PRODUCTION,223493.2844,206079.2994,9911.0973,12208,5823,-0.04434629,-0.01893081,-0.05513017,-0.04434629,-9911.0973,223493.2844,OK,0.0000,396.4439,4.0000,96.0000,AG03-UNRESOLVED,ALL5_LEVELS_bet23_to_bet27,396.4439,396.4439,396.4439,594.6658,594.6658,4.000000,4.000000,4.000000,6.000000,6.000000,96.000000,96.000000,96.000000,94.000000,94.000000,5.0,2378.6634,2163.0699,7532.4340,7748.0274,PENDING_AG03,FALSE,NOT_FOR_ENFORCEMENT,9514.6534,197836.1275,9911.0973,9514.6534,396.4439,0.04434629,0.04257244,396.4439,9514.6534,0.04257244,396.4439,396.4439,396.4439,594.6658,594.6658,9514.6534,0.04257244,2378.6634,2163.0699,7532.4340,7748.0274,0.03370318,0.03466783,0.00177385,18.3071,35.3906,1.7021,111.3606,22.7319,2511.1605,65.4270,19.5018,17.8433,6.2314,10.3857,29.4087,42.1647,51.0976,84.0248,10.2195,-6.1317,4.919981,8.090411,1.762719,10,81,100,8,0.29790265,0.04434629,0.01893081,0E-8,0.000000,0.922083,0.000000,0.03619937,2026-03-22,2026-08-06,89,436,292,138,0.644928,1.092949,1.065259,0.993009,,,,,,,,GLOBAL_BASELINE_NO_ENTITY_RANKING,,,NOT_APPLICABLE_GLOBAL_BASELINE,HF9g-P5,,,,X 全窗基线 · 不参与实体赏罚,15058733,1506,A168_HF9F_20260827_0900,2026-08-27 09:00:00
2026-07-27,94349862,948,0,831.0509749418,-523.1369823815,-523.1369823815,0.2666667,34,15,0.39938198880161965,0.281092378889,-1.0494778614124038,-0.12428588653048339,-1.0494778614124038,0.11828960991261965,ELIGIBLE,R03b_20260811_FULL_v1,L1_ELIGIBILITY,v2026-08-11,2026-03-21..2026-08-06,baccarat_bet02_101_all_pairs_incl_sentinel,round_win = game_pnl > 0 (decisive only),COMPATIBILITY_ONLY_NOT_PRODUCTION,223493.2844,206079.2994,9911.0973,12208,5823,-0.04434629,-0.01893081,-0.05513017,-0.04434629,-9911.0973,223493.2844,OK,0.0000,396.4439,4.0000,96.0000,AG03-UNRESOLVED,ALL5_LEVELS_bet23_to_bet27,396.4439,396.4439,396.4439,594.6658,594.6658,4.000000,4.000000,4.000000,6.000000,6.000000,96.000000,96.000000,96.000000,94.000000,94.000000,5.0,2378.6634,2163.0699,7532.4340,7748.0274,PENDING_AG03,FALSE,NOT_FOR_ENFORCEMENT,9514.6534,197836.1275,9911.0973,9514.6534,396.4439,0.04434629,0.04257244,396.4439,9514.6534,0.04257244,396.4439,396.4439,396.4439,594.6658,594.6658,9514.6534,0.04257244,2378.6634,2163.0699,7532.4340,7748.0274,0.03370318,0.03466783,0.00177385,18.3071,35.3906,1.7021,111.3606,22.7319,2511.1605,65.4270,19.5018,17.8433,6.2314,10.3857,29.4087,42.1647,51.0976,84.0248,10.2195,-6.1317,4.919981,8.090411,1.762719,10,81,100,8,0.29790265,0.04434629,0.01893081,0E-8,0.000000,0.922083,0.000000,0.03619937,2026-03-22,2026-08-06,89,436,292,138,0.644928,1.092949,1.065259,0.993009,,,,,,,,GLOBAL_BASELINE_NO_ENTITY_RANKING,,,NOT_APPLICABLE_GLOBAL_BASELINE,HF9g-P5,,,,X 全窗基线 · 不参与实体赏罚,15058734,1506,A168_HF9F_20260827_0900,2026-08-27 09:00:00
2026-07-28,94349862,1363,0,384.8669419123,96.1043208111,96.1043208111,0.5555556,19,10,0.43958208945801015,0.304222605000,0.7009772027710528,1.638852192940285,0.7009772027710528,0.13535948445801015,ELIGIBLE,R03b_20260811_FULL_v1,L1_ELIGIBILITY,v2026-08-11,2026-03-21..2026-08-06,baccarat_bet02_101_all_pairs_incl_sentinel,round_win = game_pnl > 0 (decisive only),COMPATIBILITY_ONLY_NOT_PRODUCTION,223493.2844,206079.2994,9911.0973,12208,5823,-0.04434629,-0.01893081,-0.05513017,-0.04434629,-9911.0973,223493.2844,OK,0.0000,396.4439,4.0000,96.0000,AG03-UNRESOLVED,ALL5_LEVELS_bet23_to_bet27,396.4439,396.4439,396.4439,594.6658,594.6658,4.000000,4.000000,4.000000,6.000000,6.000000,96.000000,96.000000,96.000000,94.000000,94.000000,5.0,2378.6634,2163.0699,7532.4340,7748.0274,PENDING_AG03,FALSE,NOT_FOR_ENFORCEMENT,9514.6534,197836.1275,9911.0973,9514.6534,396.4439,0.04434629,0.04257244,396.4439,9514.6534,0.04257244,396.4439,396.4439,396.4439,594.6658,594.6658,9514.6534,0.04257244,2378.6634,2163.0699,7532.4340,7748.0274,0.03370318,0.03466783,0.00177385,18.3071,35.3906,1.7021,111.3606,22.7319,2511.1605,65.4270,19.5018,17.8433,6.2314,10.3857,29.4087,42.1647,51.0976,84.0248,10.2195,-6.1317,4.919981,8.090411,1.762719,10,81,100,8,0.29790265,0.04434629,0.01893081,0E-8,0.000000,0.922083,0.000000,0.03619937,2026-03-22,2026-08-06,89,436,292,138,0.644928,1.092949,1.065259,0.993009,,,,,,,,GLOBAL_BASELINE_NO_ENTITY_RANKING,,,NOT_APPLICABLE_GLOBAL_BASELINE,HF9g-P5,,,,X 全窗基线 · 不参与实体赏罚,15058735,1506,A168_HF9F_20260827_0900,2026-08-27 09:00:00
2026-07-28,94349862,1485,0,292.2781343253,-192.6378612599,-192.6378612599,0.1666667,12,6,0.41585304265875791,0.280106050000,-1.2384227402893995,-0.6187909817536316,-1.2384227402893995,0.13574699265875791,ELIGIBLE,R03b_20260811_FULL_v1,L1_ELIGIBILITY,v2026-08-11,2026-03-21..2026-08-06,baccarat_bet02_101_all_pairs_incl_sentinel,round_win = game_pnl > 0 (decisive only),COMPATIBILITY_ONLY_NOT_PRODUCTION,223493.2844,206079.2994,9911.0973,12208,5823,-0.04434629,-0.01893081,-0.05513017,-0.04434629,-9911.0973,223493.2844,OK,0.0000,396.4439,4.0000,96.0000,AG03-UNRESOLVED,ALL5_LEVELS_bet23_to_bet27,396.4439,396.4439,396.4439,594.6658,594.6658,4.000000,4.000000,4.000000,6.000000,6.000000,96.000000,96.000000,96.000000,94.000000,94.000000,5.0,2378.6634,2163.0699,7532.4340,7748.0274,PENDING_AG03,FALSE,NOT_FOR_ENFORCEMENT,9514.6534,197836.1275,9911.0973,9514.6534,396.4439,0.04434629,0.04257244,396.4439,9514.6534,0.04257244,396.4439,396.4439,396.4439,594.6658,594.6658,9514.6534,0.04257244,2378.6634,2163.0699,7532.4340,7748.0274,0.03370318,0.03466783,0.00177385,18.3071,35.3906,1.7021,111.3606,22.7319,2511.1605,65.4270,19.5018,17.8433,6.2314,10.3857,29.4087,42.1647,51.0976,84.0248,10.2195,-6.1317,4.919981,8.090411,1.762719,10,81,100,8,0.29790265,0.04434629,0.01893081,0E-8,0.000000,0.922083,0.000000,0.03619937,2026-03-22,2026-08-06,89,436,292,138,0.644928,1.092949,1.065259,0.993009,,,,,,,,GLOBAL_BASELINE_NO_ENTITY_RANKING,,,NOT_APPLICABLE_GLOBAL_BASELINE,HF9g-P5,,,,X 全窗基线 · 不参与实体赏罚,15058736,1506,A168_HF9F_20260827_0900,2026-08-27 09:00:00
2026-07-28,94349862,2108,0,818.7875567180,-236.2751911047,-236.2751911047,0.4000000,40,16,0.38183332687592846,0.255125451042,0.14482092663610163,1.2871206734602811,0.14482092663610163,0.12670787583392846,ELIGIBLE,R03b_20260811_FULL_v1,L1_ELIGIBILITY,v2026-08-11,2026-03-21..2026-08-06,baccarat_bet02_101_all_pairs_incl_sentinel,round_win = game_pnl > 0 (decisive only),COMPATIBILITY_ONLY_NOT_PRODUCTION,223493.2844,206079.2994,9911.0973,12208,5823,-0.04434629,-0.01893081,-0.05513017,-0.04434629,-9911.0973,223493.2844,OK,0.0000,396.4439,4.0000,96.0000,AG03-UNRESOLVED,ALL5_LEVELS_bet23_to_bet27,396.4439,396.4439,396.4439,594.6658,594.6658,4.000000,4.000000,4.000000,6.000000,6.000000,96.000000,96.000000,96.000000,94.000000,94.000000,5.0,2378.6634,2163.0699,7532.4340,7748.0274,PENDING_AG03,FALSE,NOT_FOR_ENFORCEMENT,9514.6534,197836.1275,9911.0973,9514.6534,396.4439,0.04434629,0.04257244,396.4439,9514.6534,0.04257244,396.4439,396.4439,396.4439,594.6658,594.6658,9514.6534,0.04257244,2378.6634,2163.0699,7532.4340,7748.0274,0.03370318,0.03466783,0.00177385,18.3071,35.3906,1.7021,111.3606,22.7319,2511.1605,65.4270,19.5018,17.8433,6.2314,10.3857,29.4087,42.1647,51.0976,84.0248,10.2195,-6.1317,4.919981,8.090411,1.762719,10,81,100,8,0.29790265,0.04434629,0.01893081,0E-8,0.000000,0.922083,0.000000,0.03619937,2026-03-22,2026-08-06,89,436,292,138,0.644928,1.092949,1.065259,0.993009,,,,,,,,GLOBAL_BASELINE_NO_ENTITY_RANKING,,,NOT_APPLICABLE_GLOBAL_BASELINE,HF9g-P5,,,,X 全窗基线 · 不参与实体赏罚,15058737,1506,A168_HF9F_20260827_0900,2026-08-27 09:00:00
2026-07-28,94349862,2115,0,739.8928994808,79.3034378449,79.3034378449,0.6521739,39,23,0.44533355016721956,0.348895145652,1.9959081560225942,3.0516378594743463,1.9959081560225942,0.09643840451521956,ELIGIBLE,R03b_20260811_FULL_v1,L1_ELIGIBILITY,v2026-08-11,2026-03-21..2026-08-06,baccarat_bet02_101_all_pairs_incl_sentinel,round_win = game_pnl > 0 (decisive only),COMPATIBILITY_ONLY_NOT_PRODUCTION,223493.2844,206079.2994,9911.0973,12208,5823,-0.04434629,-0.01893081,-0.05513017,-0.04434629,-9911.0973,223493.2844,OK,0.0000,396.4439,4.0000,96.0000,AG03-UNRESOLVED,ALL5_LEVELS_bet23_to_bet27,396.4439,396.4439,396.4439,594.6658,594.6658,4.000000,4.000000,4.000000,6.000000,6.000000,96.000000,96.000000,96.000000,94.000000,94.000000,5.0,2378.6634,2163.0699,7532.4340,7748.0274,PENDING_AG03,FALSE,NOT_FOR_ENFORCEMENT,9514.6534,197836.1275,9911.0973,9514.6534,396.4439,0.04434629,0.04257244,396.4439,9514.6534,0.04257244,396.4439,396.4439,396.4439,594.6658,594.6658,9514.6534,0.04257244,2378.6634,2163.0699,7532.4340,7748.0274,0.03370318,0.03466783,0.00177385,18.3071,35.3906,1.7021,111.3606,22.7319,2511.1605,65.4270,19.5018,17.8433,6.2314,10.3857,29.4087,42.1647,51.0976,84.0248,10.2195,-6.1317,4.919981,8.090411,1.762719,10,81,100,8,0.29790265,0.04434629,0.01893081,0E-8,0.000000,0.922083,0.000000,0.03619937,2026-03-22,2026-08-06,89,436,292,138,0.644928,1.092949,1.065259,0.993009,,,,,,,,GLOBAL_BASELINE_NO_ENTITY_RANKING,,,NOT_APPLICABLE_GLOBAL_BASELINE,HF9g-P5,,,,X 全窗基线 · 不参与实体赏罚,15058738,1506,A168_HF9F_20260827_0900,2026-08-27 09:00:00
2026-07-28,94349862,2167,0,550.0143073212,-68.7875567182,-68.7875567182,0.5000000,26,14,0.42959108978127127,0.320863678571,0.5321950824391368,1.4358494676167377,0.5321950824391368,0.10872741121027127,ELIGIBLE,R03b_20260811_FULL_v1,L1_ELIGIBILITY,v2026-08-11,2026-03-21..2026-08-06,baccarat_bet02_101_all_pairs_incl_sentinel,round_win = game_pnl > 0 (decisive only),COMPATIBILITY_ONLY_NOT_PRODUCTION,223493.2844,206079.2994,9911.0973,12208,5823,-0.04434629,-0.01893081,-0.05513017,-0.04434629,-9911.0973,223493.2844,OK,0.0000,396.4439,4.0000,96.0000,AG03-UNRESOLVED,ALL5_LEVELS_bet23_to_bet27,396.4439,396.4439,396.4439,594.6658,594.6658,4.000000,4.000000,4.000000,6.000000,6.000000,96.000000,96.000000,96.000000,94.000000,94.000000,5.0,2378.6634,2163.0699,7532.4340,7748.0274,PENDING_AG03,FALSE,NOT_FOR_ENFORCEMENT,9514.6534,197836.1275,9911.0973,9514.6534,396.4439,0.04434629,0.04257244,396.4439,9514.6534,0.04257244,396.4439,396.4439,396.4439,594.6658,594.6658,9514.6534,0.04257244,2378.6634,2163.0699,7532.4340,7748.0274,0.03370318,0.03466783,0.00177385,18.3071,35.3906,1.7021,111.3606,22.7319,2511.1605,65.4270,19.5018,17.8433,6.2314,10.3857,29.4087,42.1647,51.0976,84.0248,10.2195,-6.1317,4.919981,8.090411,1.762719,10,81,100,8,0.29790265,0.04434629,0.01893081,0E-8,0.000000,0.922083,0.000000,0.03619937,2026-03-22,2026-08-06,89,436,292,138,0.644928,1.092949,1.065259,0.993009,,,,,,,,GLOBAL_BASELINE_NO_ENTITY_RANKING,,,NOT_APPLICABLE_GLOBAL_BASELINE,HF9g-P5,,,,X 全窗基线 · 不参与实体赏罚,15058739,1506,A168_HF9F_20260827_0900,2026-08-27 09:00:00
2026-07-28,94349862,2271,0,51.0975759310,-20.4390303724,-20.4390303724,0.3333333,4,4,0.49324550000000000,0.493245500000,-0.5540025479526107,-0.5540025479526106,-0.5540025479526107,0E-17,ELIGIBLE,R03b_20260811_FULL_v1,L1_ELIGIBILITY,v2026-08-11,2026-03-21..2026-08-06,baccarat_bet02_101_all_pairs_incl_sentinel,round_win = game_pnl > 0 (decisive only),COMPATIBILITY_ONLY_NOT_PRODUCTION,223493.2844,206079.2994,9911.0973,12208,5823,-0.04434629,-0.01893081,-0.05513017,-0.04434629,-9911.0973,223493.2844,OK,0.0000,396.4439,4.0000,96.0000,AG03-UNRESOLVED,ALL5_LEVELS_bet23_to_bet27,396.4439,396.4439,396.4439,594.6658,594.6658,4.000000,4.000000,4.000000,6.000000,6.000000,96.000000,96.000000,96.000000,94.000000,94.000000,5.0,2378.6634,2163.0699,7532.4340,7748.0274,PENDING_AG03,FALSE,NOT_FOR_ENFORCEMENT,9514.6534,197836.1275,9911.0973,9514.6534,396.4439,0.04434629,0.04257244,396.4439,9514.6534,0.04257244,396.4439,396.4439,396.4439,594.6658,594.6658,9514.6534,0.04257244,2378.6634,2163.0699,7532.4340,7748.0274,0.03370318,0.03466783,0.00177385,18.3071,35.3906,1.7021,111.3606,22.7319,2511.1605,65.4270,19.5018,17.8433,6.2314,10.3857,29.4087,42.1647,51.0976,84.0248,10.2195,-6.1317,4.919981,8.090411,1.762719,10,81,100,8,0.29790265,0.04434629,0.01893081,0E-8,0.000000,0.922083,0.000000,0.03619937,2026-03-22,2026-08-06,89,436,292,138,0.644928,1.092949,1.065259,0.993009,,,,,,,,GLOBAL_BASELINE_NO_ENTITY_RANKING,,,NOT_APPLICABLE_GLOBAL_BASELINE,HF9g-P5,,,,X 全窗基线 · 不参与实体赏罚,15058740,1506,A168_HF9F_20260827_0900,2026-08-27 09:00:00
2026-07-28,94349862,550,0,723.5416751830,41.6956219596,41.6956219596,0.3571429,28,14,0.39289772593370945,0.290415185714,-0.2739230124179608,0.5499942768781528,-0.2739230124179608,0.10248254021970945,ELIGIBLE,R03b_20260811_FULL_v1,L1_ELIGIBILITY,v2026-08-11,2026-03-21..2026-08-06,baccarat_bet02_101_all_pairs_incl_sentinel,round_win = game_pnl > 0 (decisive only),COMPATIBILITY_ONLY_NOT_PRODUCTION,223493.2844,206079.2994,9911.0973,12208,5823,-0.04434629,-0.01893081,-0.05513017,-0.04434629,-9911.0973,223493.2844,OK,0.0000,396.4439,4.0000,96.0000,AG03-UNRESOLVED,ALL5_LEVELS_bet23_to_bet27,396.4439,396.4439,396.4439,594.6658,594.6658,4.000000,4.000000,4.000000,6.000000,6.000000,96.000000,96.000000,96.000000,94.000000,94.000000,5.0,2378.6634,2163.0699,7532.4340,7748.0274,PENDING_AG03,FALSE,NOT_FOR_ENFORCEMENT,9514.6534,197836.1275,9911.0973,9514.6534,396.4439,0.04434629,0.04257244,396.4439,9514.6534,0.04257244,396.4439,396.4439,396.4439,594.6658,594.6658,9514.6534,0.04257244,2378.6634,2163.0699,7532.4340,7748.0274,0.03370318,0.03466783,0.00177385,18.3071,35.3906,1.7021,111.3606,22.7319,2511.1605,65.4270,19.5018,17.8433,6.2314,10.3857,29.4087,42.1647,51.0976,84.0248,10.2195,-6.1317,4.919981,8.090411,1.762719,10,81,100,8,0.29790265,0.04434629,0.01893081,0E-8,0.000000,0.922083,0.000000,0.03619937,2026-03-22,2026-08-06,89,436,292,138,0.644928,1.092949,1.065259,0.993009,,,,,,,,GLOBAL_BASELINE_NO_ENTITY_RANKING,,,NOT_APPLICABLE_GLOBAL_BASELINE,HF9g-P5,,,,X 全窗基线 · 不参与实体赏罚,15058741,1506,A168_HF9F_20260827_0900,2026-08-27 09:00:00
2026-07-28,94349862,595,0,425.1318317456,149.2049217186,149.2049217186,0.6666667,24,10,0.41570014223244760,0.276206500000,1.527668325690941,2.619833573605676,1.527668325690941,0.13949364223244760,ELIGIBLE,R03b_20260811_FULL_v1,L1_ELIGIBILITY,v2026-08-11,2026-03-21..2026-08-06,baccarat_bet02_101_all_pairs_incl_sentinel,round_win = game_pnl > 0 (decisive only),COMPATIBILITY_ONLY_NOT_PRODUCTION,223493.2844,206079.2994,9911.0973,12208,5823,-0.04434629,-0.01893081,-0.05513017,-0.04434629,-9911.0973,223493.2844,OK,0.0000,396.4439,4.0000,96.0000,AG03-UNRESOLVED,ALL5_LEVELS_bet23_to_bet27,396.4439,396.4439,396.4439,594.6658,594.6658,4.000000,4.000000,4.000000,6.000000,6.000000,96.000000,96.000000,96.000000,94.000000,94.000000,5.0,2378.6634,2163.0699,7532.4340,7748.0274,PENDING_AG03,FALSE,NOT_FOR_ENFORCEMENT,9514.6534,197836.1275,9911.0973,9514.6534,396.4439,0.04434629,0.04257244,396.4439,9514.6534,0.04257244,396.4439,396.4439,396.4439,594.6658,594.6658,9514.6534,0.04257244,2378.6634,2163.0699,7532.4340,7748.0274,0.03370318,0.03466783,0.00177385,18.3071,35.3906,1.7021,111.3606,22.7319,2511.1605,65.4270,19.5018,17.8433,6.2314,10.3857,29.4087,42.1647,51.0976,84.0248,10.2195,-6.1317,4.919981,8.090411,1.762719,10,81,100,8,0.29790265,0.04434629,0.01893081,0E-8,0.000000,0.922083,0.000000,0.03619937,2026-03-22,2026-08-06,89,436,292,138,0.644928,1.092949,1.065259,0.993009,,,,,,,,GLOBAL_BASELINE_NO_ENTITY_RANKING,,,NOT_APPLICABLE_GLOBAL_BASELINE,HF9g-P5,,,,X 全窗基线 · 不参与实体赏罚,15058742,1506,A168_HF9F_20260827_0900,2026-08-27 09:00:00
2026-07-29,94349862,1205,0,20.4390303724,0E-10,0E-10,0.5000000,2,2,0.49324550000000000,0.493245500000,0.01910635448239258,0.01910635448239258,0.01910635448239258,0E-17,ELIGIBLE,R03b_20260811_FULL_v1,L1_ELIGIBILITY,v2026-08-11,2026-03-21..2026-08-06,baccarat_bet02_101_all_pairs_incl_sentinel,round_win = game_pnl > 0 (decisive only),COMPATIBILITY_ONLY_NOT_PRODUCTION,223493.2844,206079.2994,9911.0973,12208,5823,-0.04434629,-0.01893081,-0.05513017,-0.04434629,-9911.0973,223493.2844,OK,0.0000,396.4439,4.0000,96.0000,AG03-UNRESOLVED,ALL5_LEVELS_bet23_to_bet27,396.4439,396.4439,396.4439,594.6658,594.6658,4.000000,4.000000,4.000000,6.000000,6.000000,96.000000,96.000000,96.000000,94.000000,94.000000,5.0,2378.6634,2163.0699,7532.4340,7748.0274,PENDING_AG03,FALSE,NOT_FOR_ENFORCEMENT,9514.6534,197836.1275,9911.0973,9514.6534,396.4439,0.04434629,0.04257244,396.4439,9514.6534,0.04257244,396.4439,396.4439,396.4439,594.6658,594.6658,9514.6534,0.04257244,2378.6634,2163.0699,7532.4340,7748.0274,0.03370318,0.03466783,0.00177385,18.3071,35.3906,1.7021,111.3606,22.7319,2511.1605,65.4270,19.5018,17.8433,6.2314,10.3857,29.4087,42.1647,51.0976,84.0248,10.2195,-6.1317,4.919981,8.090411,1.762719,10,81,100,8,0.29790265,0.04434629,0.01893081,0E-8,0.000000,0.922083,0.000000,0.03619937,2026-03-22,2026-08-06,89,436,292,138,0.644928,1.092949,1.065259,0.993009,,,,,,,,GLOBAL_BASELINE_NO_ENTITY_RANKING,,,NOT_APPLICABLE_GLOBAL_BASELINE,HF9g-P5,,,,X 全窗基线 · 不参与实体赏罚,15058743,1506,A168_HF9F_20260827_0900,2026-08-27 09:00:00
2026-07-29,94349862,1645,0,11.8546376160,-11.8546376160,-11.8546376160,0E-7,2,2,0.49324550000000000,0.493245500000,-1.3952362676504506,-1.3952362676504506,-1.3952362676504506,0E-17,ELIGIBLE,R03b_20260811_FULL_v1,L1_ELIGIBILITY,v2026-08-11,2026-03-21..2026-08-06,baccarat_bet02_101_all_pairs_incl_sentinel,round_win = game_pnl > 0 (decisive only),COMPATIBILITY_ONLY_NOT_PRODUCTION,223493.2844,206079.2994,9911.0973,12208,5823,-0.04434629,-0.01893081,-0.05513017,-0.04434629,-9911.0973,223493.2844,OK,0.0000,396.4439,4.0000,96.0000,AG03-UNRESOLVED,ALL5_LEVELS_bet23_to_bet27,396.4439,396.4439,396.4439,594.6658,594.6658,4.000000,4.000000,4.000000,6.000000,6.000000,96.000000,96.000000,96.000000,94.000000,94.000000,5.0,2378.6634,2163.0699,7532.4340,7748.0274,PENDING_AG03,FALSE,NOT_FOR_ENFORCEMENT,9514.6534,197836.1275,9911.0973,9514.6534,396.4439,0.04434629,0.04257244,396.4439,9514.6534,0.04257244,396.4439,396.4439,396.4439,594.6658,594.6658,9514.6534,0.04257244,2378.6634,2163.0699,7532.4340,7748.0274,0.03370318,0.03466783,0.00177385,18.3071,35.3906,1.7021,111.3606,22.7319,2511.1605,65.4270,19.5018,17.8433,6.2314,10.3857,29.4087,42.1647,51.0976,84.0248,10.2195,-6.1317,4.919981,8.090411,1.762719,10,81,100,8,0.29790265,0.04434629,0.01893081,0E-8,0.000000,0.922083,0.000000,0.03619937,2026-03-22,2026-08-06,89,436,292,138,0.644928,1.092949,1.065259,0.993009,,,,,,,,GLOBAL_BASELINE_NO_ENTITY_RANKING,,,NOT_APPLICABLE_GLOBAL_BASELINE,HF9g-P5,,,,X 全窗基线 · 不参与实体赏罚,15058744,1506,A168_HF9F_20260827_0900,2026-08-27 09:00:00
2026-07-29,94349862,2129,0,202.1420103830,-25.9371295426,-25.9371295426,0.4666667,17,17,0.49876528823529412,0.498765288235,-0.24863561164068737,-0.24863561163840944,-0.24863561164068737,2.9412E-13,ELIGIBLE,R03b_20260811_FULL_v1,L1_ELIGIBILITY,v2026-08-11,2026-03-21..2026-08-06,baccarat_bet02_101_all_pairs_incl_sentinel,round_win = game_pnl > 0 (decisive only),COMPATIBILITY_ONLY_NOT_PRODUCTION,223493.2844,206079.2994,9911.0973,12208,5823,-0.04434629,-0.01893081,-0.05513017,-0.04434629,-9911.0973,223493.2844,OK,0.0000,396.4439,4.0000,96.0000,AG03-UNRESOLVED,ALL5_LEVELS_bet23_to_bet27,396.4439,396.4439,396.4439,594.6658,594.6658,4.000000,4.000000,4.000000,6.000000,6.000000,96.000000,96.000000,96.000000,94.000000,94.000000,5.0,2378.6634,2163.0699,7532.4340,7748.0274,PENDING_AG03,FALSE,NOT_FOR_ENFORCEMENT,9514.6534,197836.1275,9911.0973,9514.6534,396.4439,0.04434629,0.04257244,396.4439,9514.6534,0.04257244,396.4439,396.4439,396.4439,594.6658,594.6658,9514.6534,0.04257244,2378.6634,2163.0699,7532.4340,7748.0274,0.03370318,0.03466783,0.00177385,18.3071,35.3906,1.7021,111.3606,22.7319,2511.1605,65.4270,19.5018,17.8433,6.2314,10.3857,29.4087,42.1647,51.0976,84.0248,10.2195,-6.1317,4.919981,8.090411,1.762719,10,81,100,8,0.29790265,0.04434629,0.01893081,0E-8,0.000000,0.922083,0.000000,0.03619937,2026-03-22,2026-08-06,89,436,292,138,0.644928,1.092949,1.065259,0.993009,,,,,,,,GLOBAL_BASELINE_NO_ENTITY_RANKING,,,NOT_APPLICABLE_GLOBAL_BASELINE,HF9g-P5,,,,X 全窗基线 · 不参与实体赏罚,15058745,1506,A168_HF9F_20260827_0900,2026-08-27 09:00:00
2026-07-29,94349862,2271,0,10.2195151862,0E-10,0E-10,,1,1,0.49324550000000000,0.493245500000,,,,0E-17,NO_DECISIVE_ROUND,R03b_20260811_FULL_v1,L1_ELIGIBILITY,v2026-08-11,2026-03-21..2026-08-06,baccarat_bet02_101_all_pairs_incl_sentinel,round_win = game_pnl > 0 (decisive only),COMPATIBILITY_ONLY_NOT_PRODUCTION,223493.2844,206079.2994,9911.0973,12208,5823,-0.04434629,-0.01893081,-0.05513017,-0.04434629,-9911.0973,223493.2844,OK,0.0000,396.4439,4.0000,96.0000,AG03-UNRESOLVED,ALL5_LEVELS_bet23_to_bet27,396.4439,396.4439,396.4439,594.6658,594.6658,4.000000,4.000000,4.000000,6.000000,6.000000,96.000000,96.000000,96.000000,94.000000,94.000000,5.0,2378.6634,2163.0699,7532.4340,7748.0274,PENDING_AG03,FALSE,NOT_FOR_ENFORCEMENT,9514.6534,197836.1275,9911.0973,9514.6534,396.4439,0.04434629,0.04257244,396.4439,9514.6534,0.04257244,396.4439,396.4439,396.4439,594.6658,594.6658,9514.6534,0.04257244,2378.6634,2163.0699,7532.4340,7748.0274,0.03370318,0.03466783,0.00177385,18.3071,35.3906,1.7021,111.3606,22.7319,2511.1605,65.4270,19.5018,17.8433,6.2314,10.3857,29.4087,42.1647,51.0976,84.0248,10.2195,-6.1317,4.919981,8.090411,1.762719,10,81,100,8,0.29790265,0.04434629,0.01893081,0E-8,0.000000,0.922083,0.000000,0.03619937,2026-03-22,2026-08-06,89,436,292,138,0.644928,1.092949,1.065259,0.993009,,,,,,,,GLOBAL_BASELINE_NO_ENTITY_RANKING,,,NOT_APPLICABLE_GLOBAL_BASELINE,HF9g-P5,,,,X 全窗基线 · 不参与实体赏罚,15058746,1506,A168_HF9F_20260827_0900,2026-08-27 09:00:00
2026-07-29,94349862,526,0,35.3595225443,-35.3595225443,-35.3595225443,0E-7,2,2,0.49994810000000000,0.499948100000,-1.4140667746232096,-1.4140667746232096,-1.4140667746232096,0E-17,ELIGIBLE,R03b_20260811_FULL_v1,L1_ELIGIBILITY,v2026-08-11,2026-03-21..2026-08-06,baccarat_bet02_101_all_pairs_incl_sentinel,round_win = game_pnl > 0 (decisive only),COMPATIBILITY_ONLY_NOT_PRODUCTION,223493.2844,206079.2994,9911.0973,12208,5823,-0.04434629,-0.01893081,-0.05513017,-0.04434629,-9911.0973,223493.2844,OK,0.0000,396.4439,4.0000,96.0000,AG03-UNRESOLVED,ALL5_LEVELS_bet23_to_bet27,396.4439,396.4439,396.4439,594.6658,594.6658,4.000000,4.000000,4.000000,6.000000,6.000000,96.000000,96.000000,96.000000,94.000000,94.000000,5.0,2378.6634,2163.0699,7532.4340,7748.0274,PENDING_AG03,FALSE,NOT_FOR_ENFORCEMENT,9514.6534,197836.1275,9911.0973,9514.6534,396.4439,0.04434629,0.04257244,396.4439,9514.6534,0.04257244,396.4439,396.4439,396.4439,594.6658,594.6658,9514.6534,0.04257244,2378.6634,2163.0699,7532.4340,7748.0274,0.03370318,0.03466783,0.00177385,18.3071,35.3906,1.7021,111.3606,22.7319,2511.1605,65.4270,19.5018,17.8433,6.2314,10.3857,29.4087,42.1647,51.0976,84.0248,10.2195,-6.1317,4.919981,8.090411,1.762719,10,81,100,8,0.29790265,0.04434629,0.01893081,0E-8,0.000000,0.922083,0.000000,0.03619937,2026-03-22,2026-08-06,89,436,292,138,0.644928,1.092949,1.065259,0.993009,,,,,,,,GLOBAL_BASELINE_NO_ENTITY_RANKING,,,NOT_APPLICABLE_GLOBAL_BASELINE,HF9g-P5,,,,X 全窗基线 · 不参与实体赏罚,15058747,1506,A168_HF9F_20260827_0900,2026-08-27 09:00:00
2026-07-30,94349862,1205,0,88.2966112087,-31.0673261659,-31.0673261659,0.3333333,9,6,0.44909487407404018,0.392565200000,-0.5700756195754357,-0.2971155016760242,-0.5700756195754357,0.05652967407404018,ELIGIBLE,R03b_20260811_FULL_v1,L1_ELIGIBILITY,v2026-08-11,2026-03-21..2026-08-06,baccarat_bet02_101_all_pairs_incl_sentinel,round_win = game_pnl > 0 (decisive only),COMPATIBILITY_ONLY_NOT_PRODUCTION,223493.2844,206079.2994,9911.0973,12208,5823,-0.04434629,-0.01893081,-0.05513017,-0.04434629,-9911.0973,223493.2844,OK,0.0000,396.4439,4.0000,96.0000,AG03-UNRESOLVED,ALL5_LEVELS_bet23_to_bet27,396.4439,396.4439,396.4439,594.6658,594.6658,4.000000,4.000000,4.000000,6.000000,6.000000,96.000000,96.000000,96.000000,94.000000,94.000000,5.0,2378.6634,2163.0699,7532.4340,7748.0274,PENDING_AG03,FALSE,NOT_FOR_ENFORCEMENT,9514.6534,197836.1275,9911.0973,9514.6534,396.4439,0.04434629,0.04257244,396.4439,9514.6534,0.04257244,396.4439,396.4439,396.4439,594.6658,594.6658,9514.6534,0.04257244,2378.6634,2163.0699,7532.4340,7748.0274,0.03370318,0.03466783,0.00177385,18.3071,35.3906,1.7021,111.3606,22.7319,2511.1605,65.4270,19.5018,17.8433,6.2314,10.3857,29.4087,42.1647,51.0976,84.0248,10.2195,-6.1317,4.919981,8.090411,1.762719,10,81,100,8,0.29790265,0.04434629,0.01893081,0E-8,0.000000,0.922083,0.000000,0.03619937,2026-03-22,2026-08-06,89,436,292,138,0.644928,1.092949,1.065259,0.993009,,,,,,,,GLOBAL_BASELINE_NO_ENTITY_RANKING,,,NOT_APPLICABLE_GLOBAL_BASELINE,HF9g-P5,,,,X 全窗基线 · 不参与实体赏罚,15058748,1506,A168_HF9F_20260827_0900,2026-08-27 09:00:00
2026-07-30,94349862,2108,0,15.1248824754,-9.6063442749,-9.6063442749,0E-7,4,4,0.50329940000000000,0.503299400000,-1.743518224870635,-1.743518224870635,-1.743518224870635,0E-17,ELIGIBLE,R03b_20260811_FULL_v1,L1_ELIGIBILITY,v2026-08-11,2026-03-21..2026-08-06,baccarat_bet02_101_all_pairs_incl_sentinel,round_win = game_pnl > 0 (decisive only),COMPATIBILITY_ONLY_NOT_PRODUCTION,223493.2844,206079.2994,9911.0973,12208,5823,-0.04434629,-0.01893081,-0.05513017,-0.04434629,-9911.0973,223493.2844,OK,0.0000,396.4439,4.0000,96.0000,AG03-UNRESOLVED,ALL5_LEVELS_bet23_to_bet27,396.4439,396.4439,396.4439,594.6658,594.6658,4.000000,4.000000,4.000000,6.000000,6.000000,96.000000,96.000000,96.000000,94.000000,94.000000,5.0,2378.6634,2163.0699,7532.4340,7748.0274,PENDING_AG03,FALSE,NOT_FOR_ENFORCEMENT,9514.6534,197836.1275,9911.0973,9514.6534,396.4439,0.04434629,0.04257244,396.4439,9514.6534,0.04257244,396.4439,396.4439,396.4439,594.6658,594.6658,9514.6534,0.04257244,2378.6634,2163.0699,7532.4340,7748.0274,0.03370318,0.03466783,0.00177385,18.3071,35.3906,1.7021,111.3606,22.7319,2511.1605,65.4270,19.5018,17.8433,6.2314,10.3857,29.4087,42.1647,51.0976,84.0248,10.2195,-6.1317,4.919981,8.090411,1.762719,10,81,100,8,0.29790265,0.04434629,0.01893081,0E-8,0.000000,0.922083,0.000000,0.03619937,2026-03-22,2026-08-06,89,436,292,138,0.644928,1.092949,1.065259,0.993009,,,,,,,,GLOBAL_BASELINE_NO_ENTITY_RANKING,,,NOT_APPLICABLE_GLOBAL_BASELINE,HF9g-P5,,,,X 全窗基线 · 不参与实体赏罚,15058749,1506,A168_HF9F_20260827_0900,2026-08-27 09:00:00
2026-07-30,94349862,550,0,104.2390548992,-31.1695213179,-31.1695213179,0.5000000,9,6,0.44990327857144850,0.392565200000,0.24666402979840135,0.538908298789559,0.24666402979840135,0.05733807857144850,ELIGIBLE,R03b_20260811_FULL_v1,L1_ELIGIBILITY,v2026-08-11,2026-03-21..2026-08-06,baccarat_bet02_101_all_pairs_incl_sentinel,round_win = game_pnl > 0 (decisive only),COMPATIBILITY_ONLY_NOT_PRODUCTION,223493.2844,206079.2994,9911.0973,12208,5823,-0.04434629,-0.01893081,-0.05513017,-0.04434629,-9911.0973,223493.2844,OK,0.0000,396.4439,4.0000,96.0000,AG03-UNRESOLVED,ALL5_LEVELS_bet23_to_bet27,396.4439,396.4439,396.4439,594.6658,594.6658,4.000000,4.000000,4.000000,6.000000,6.000000,96.000000,96.000000,96.000000,94.000000,94.000000,5.0,2378.6634,2163.0699,7532.4340,7748.0274,PENDING_AG03,FALSE,NOT_FOR_ENFORCEMENT,9514.6534,197836.1275,9911.0973,9514.6534,396.4439,0.04434629,0.04257244,396.4439,9514.6534,0.04257244,396.4439,396.4439,396.4439,594.6658,594.6658,9514.6534,0.04257244,2378.6634,2163.0699,7532.4340,7748.0274,0.03370318,0.03466783,0.00177385,18.3071,35.3906,1.7021,111.3606,22.7319,2511.1605,65.4270,19.5018,17.8433,6.2314,10.3857,29.4087,42.1647,51.0976,84.0248,10.2195,-6.1317,4.919981,8.090411,1.762719,10,81,100,8,0.29790265,0.04434629,0.01893081,0E-8,0.000000,0.922083,0.000000,0.03619937,2026-03-22,2026-08-06,89,436,292,138,0.644928,1.092949,1.065259,0.993009,,,,,,,,GLOBAL_BASELINE_NO_ENTITY_RANKING,,,NOT_APPLICABLE_GLOBAL_BASELINE,HF9g-P5,,,,X 全窗基线 · 不参与实体赏罚,15058750,1506,A168_HF9F_20260827_0900,2026-08-27 09:00:00
2026-07-30,94349862,948,0,106.2829579365,-30.3519601030,-30.3519601030,0.5000000,10,7,0.46096067090909363,0.411735671429,0.19183851662875864,0.43930418716273034,0.19183851662875864,0.04922499948009363,ELIGIBLE,R03b_20260811_FULL_v1,L1_ELIGIBILITY,v2026-08-11,2026-03-21..2026-08-06,baccarat_bet02_101_all_pairs_incl_sentinel,round_win = game_pnl > 0 (decisive only),COMPATIBILITY_ONLY_NOT_PRODUCTION,223493.2844,206079.2994,9911.0973,12208,5823,-0.04434629,-0.01893081,-0.05513017,-0.04434629,-9911.0973,223493.2844,OK,0.0000,396.4439,4.0000,96.0000,AG03-UNRESOLVED,ALL5_LEVELS_bet23_to_bet27,396.4439,396.4439,396.4439,594.6658,594.6658,4.000000,4.000000,4.000000,6.000000,6.000000,96.000000,96.000000,96.000000,94.000000,94.000000,5.0,2378.6634,2163.0699,7532.4340,7748.0274,PENDING_AG03,FALSE,NOT_FOR_ENFORCEMENT,9514.6534,197836.1275,9911.0973,9514.6534,396.4439,0.04434629,0.04257244,396.4439,9514.6534,0.04257244,396.4439,396.4439,396.4439,594.6658,594.6658,9514.6534,0.04257244,2378.6634,2163.0699,7532.4340,7748.0274,0.03370318,0.03466783,0.00177385,18.3071,35.3906,1.7021,111.3606,22.7319,2511.1605,65.4270,19.5018,17.8433,6.2314,10.3857,29.4087,42.1647,51.0976,84.0248,10.2195,-6.1317,4.919981,8.090411,1.762719,10,81,100,8,0.29790265,0.04434629,0.01893081,0E-8,0.000000,0.922083,0.000000,0.03619937,2026-03-22,2026-08-06,89,436,292,138,0.644928,1.092949,1.065259,0.993009,,,,,,,,GLOBAL_BASELINE_NO_ENTITY_RANKING,,,NOT_APPLICABLE_GLOBAL_BASELINE,HF9g-P5,,,,X 全窗基线 · 不参与实体赏罚,15058751,1506,A168_HF9F_20260827_0900,2026-08-27 09:00:00
2026-07-31,94349862,2147,0,26.4667851948,-5.8590593180,-5.8590593180,0.5000000,4,4,0.49324550000000000,0.493245500000,0.027020465636507562,0.027020465636507562,0.027020465636507562,0E-17,ELIGIBLE,R03b_20260811_FULL_v1,L1_ELIGIBILITY,v2026-08-11,2026-03-21..2026-08-06,baccarat_bet02_101_all_pairs_incl_sentinel,round_win = game_pnl > 0 (decisive only),COMPATIBILITY_ONLY_NOT_PRODUCTION,223493.2844,206079.2994,9911.0973,12208,5823,-0.04434629,-0.01893081,-0.05513017,-0.04434629,-9911.0973,223493.2844,OK,0.0000,396.4439,4.0000,96.0000,AG03-UNRESOLVED,ALL5_LEVELS_bet23_to_bet27,396.4439,396.4439,396.4439,594.6658,594.6658,4.000000,4.000000,4.000000,6.000000,6.000000,96.000000,96.000000,96.000000,94.000000,94.000000,5.0,2378.6634,2163.0699,7532.4340,7748.0274,PENDING_AG03,FALSE,NOT_FOR_ENFORCEMENT,9514.6534,197836.1275,9911.0973,9514.6534,396.4439,0.04434629,0.04257244,396.4439,9514.6534,0.04257244,396.4439,396.4439,396.4439,594.6658,594.6658,9514.6534,0.04257244,2378.6634,2163.0699,7532.4340,7748.0274,0.03370318,0.03466783,0.00177385,18.3071,35.3906,1.7021,111.3606,22.7319,2511.1605,65.4270,19.5018,17.8433,6.2314,10.3857,29.4087,42.1647,51.0976,84.0248,10.2195,-6.1317,4.919981,8.090411,1.762719,10,81,100,8,0.29790265,0.04434629,0.01893081,0E-8,0.000000,0.922083,0.000000,0.03619937,2026-03-22,2026-08-06,89,436,292,138,0.644928,1.092949,1.065259,0.993009,,,,,,,,GLOBAL_BASELINE_NO_ENTITY_RANKING,,,NOT_APPLICABLE_GLOBAL_BASELINE,HF9g-P5,,,,X 全窗基线 · 不参与实体赏罚,15058752,1506,A168_HF9F_20260827_0900,2026-08-27 09:00:00
2026-08-03,94349862,1004,0,1859.3421690627,-206.2893971215,-206.2893971215,0.4411765,83,34,0.39552345606315791,0.260112249265,0.5444187446266275,2.4066269671091582,0.5444187446266275,0.13541120679815791,ELIGIBLE,R03b_20260811_FULL_v1,L1_ELIGIBILITY,v2026-08-11,2026-03-21..2026-08-06,baccarat_bet02_101_all_pairs_incl_sentinel,round_win = game_pnl > 0 (decisive only),COMPATIBILITY_ONLY_NOT_PRODUCTION,223493.2844,206079.2994,9911.0973,12208,5823,-0.04434629,-0.01893081,-0.05513017,-0.04434629,-9911.0973,223493.2844,OK,0.0000,396.4439,4.0000,96.0000,AG03-UNRESOLVED,ALL5_LEVELS_bet23_to_bet27,396.4439,396.4439,396.4439,594.6658,594.6658,4.000000,4.000000,4.000000,6.000000,6.000000,96.000000,96.000000,96.000000,94.000000,94.000000,5.0,2378.6634,2163.0699,7532.4340,7748.0274,PENDING_AG03,FALSE,NOT_FOR_ENFORCEMENT,9514.6534,197836.1275,9911.0973,9514.6534,396.4439,0.04434629,0.04257244,396.4439,9514.6534,0.04257244,396.4439,396.4439,396.4439,594.6658,594.6658,9514.6534,0.04257244,2378.6634,2163.0699,7532.4340,7748.0274,0.03370318,0.03466783,0.00177385,18.3071,35.3906,1.7021,111.3606,22.7319,2511.1605,65.4270,19.5018,17.8433,6.2314,10.3857,29.4087,42.1647,51.0976,84.0248,10.2195,-6.1317,4.919981,8.090411,1.762719,10,81,100,8,0.29790265,0.04434629,0.01893081,0E-8,0.000000,0.922083,0.000000,0.03619937,2026-03-22,2026-08-06,89,436,292,138,0.644928,1.092949,1.065259,0.993009,,,,,,,,GLOBAL_BASELINE_NO_ENTITY_RANKING,,,NOT_APPLICABLE_GLOBAL_BASELINE,HF9g-P5,,,,X 全窗基线 · 不参与实体赏罚,15058753,1506,A168_HF9F_20260827_0900,2026-08-27 09:00:00
2026-08-03,94349862,1405,0,268.5065459834,-181.8328753838,-181.8328753838,0.2000000,13,5,0.40262320995473518,0.233526306667,-0.9238482008776189,-0.1771961098207931,-0.9238482008776189,0.16909690328773518,ELIGIBLE,R03b_20260811_FULL_v1,L1_ELIGIBILITY,v2026-08-11,2026-03-21..2026-08-06,baccarat_bet02_101_all_pairs_incl_sentinel,round_win = game_pnl > 0 (decisive only),COMPATIBILITY_ONLY_NOT_PRODUCTION,223493.2844,206079.2994,9911.0973,12208,5823,-0.04434629,-0.01893081,-0.05513017,-0.04434629,-9911.0973,223493.2844,OK,0.0000,396.4439,4.0000,96.0000,AG03-UNRESOLVED,ALL5_LEVELS_bet23_to_bet27,396.4439,396.4439,396.4439,594.6658,594.6658,4.000000,4.000000,4.000000,6.000000,6.000000,96.000000,96.000000,96.000000,94.000000,94.000000,5.0,2378.6634,2163.0699,7532.4340,7748.0274,PENDING_AG03,FALSE,NOT_FOR_ENFORCEMENT,9514.6534,197836.1275,9911.0973,9514.6534,396.4439,0.04434629,0.04257244,396.4439,9514.6534,0.04257244,396.4439,396.4439,396.4439,594.6658,594.6658,9514.6534,0.04257244,2378.6634,2163.0699,7532.4340,7748.0274,0.03370318,0.03466783,0.00177385,18.3071,35.3906,1.7021,111.3606,22.7319,2511.1605,65.4270,19.5018,17.8433,6.2314,10.3857,29.4087,42.1647,51.0976,84.0248,10.2195,-6.1317,4.919981,8.090411,1.762719,10,81,100,8,0.29790265,0.04434629,0.01893081,0E-8,0.000000,0.922083,0.000000,0.03619937,2026-03-22,2026-08-06,89,436,292,138,0.644928,1.092949,1.065259,0.993009,,,,,,,,GLOBAL_BASELINE_NO_ENTITY_RANKING,,,NOT_APPLICABLE_GLOBAL_BASELINE,HF9g-P5,,,,X 全窗基线 · 不参与实体赏罚,15058754,1506,A168_HF9F_20260827_0900,2026-08-27 09:00:00
2026-08-03,94349862,1951,0,50.5091320510,-36.3665750767,-36.3665750767,0E-7,4,2,0.36317242166689093,0.280106050000,-1.0679735515840632,-0.8821490699244685,-1.0679735515840632,0.08306637166689093,ELIGIBLE,R03b_20260811_FULL_v1,L1_ELIGIBILITY,v2026-08-11,2026-03-21..2026-08-06,baccarat_bet02_101_all_pairs_incl_sentinel,round_win = game_pnl > 0 (decisive only),COMPATIBILITY_ONLY_NOT_PRODUCTION,223493.2844,206079.2994,9911.0973,12208,5823,-0.04434629,-0.01893081,-0.05513017,-0.04434629,-9911.0973,223493.2844,OK,0.0000,396.4439,4.0000,96.0000,AG03-UNRESOLVED,ALL5_LEVELS_bet23_to_bet27,396.4439,396.4439,396.4439,594.6658,594.6658,4.000000,4.000000,4.000000,6.000000,6.000000,96.000000,96.000000,96.000000,94.000000,94.000000,5.0,2378.6634,2163.0699,7532.4340,7748.0274,PENDING_AG03,FALSE,NOT_FOR_ENFORCEMENT,9514.6534,197836.1275,9911.0973,9514.6534,396.4439,0.04434629,0.04257244,396.4439,9514.6534,0.04257244,396.4439,396.4439,396.4439,594.6658,594.6658,9514.6534,0.04257244,2378.6634,2163.0699,7532.4340,7748.0274,0.03370318,0.03466783,0.00177385,18.3071,35.3906,1.7021,111.3606,22.7319,2511.1605,65.4270,19.5018,17.8433,6.2314,10.3857,29.4087,42.1647,51.0976,84.0248,10.2195,-6.1317,4.919981,8.090411,1.762719,10,81,100,8,0.29790265,0.04434629,0.01893081,0E-8,0.000000,0.922083,0.000000,0.03619937,2026-03-22,2026-08-06,89,436,292,138,0.644928,1.092949,1.065259,0.993009,,,,,,,,GLOBAL_BASELINE_NO_ENTITY_RANKING,,,NOT_APPLICABLE_GLOBAL_BASELINE,HF9g-P5,,,,X 全窗基线 · 不参与实体赏罚,15058755,1506,A168_HF9F_20260827_0900,2026-08-27 09:00:00
2026-08-03,94349862,1985,0,72.7331501535,-72.7331501535,-72.7331501535,0E-7,4,2,0.40740256761927341,0.280106050000,-1.172592186618716,-0.8821490699244685,-1.172592186618716,0.12729651761927341,ELIGIBLE,R03b_20260811_FULL_v1,L1_ELIGIBILITY,v2026-08-11,2026-03-21..2026-08-06,baccarat_bet02_101_all_pairs_incl_sentinel,round_win = game_pnl > 0 (decisive only),COMPATIBILITY_ONLY_NOT_PRODUCTION,223493.2844,206079.2994,9911.0973,12208,5823,-0.04434629,-0.01893081,-0.05513017,-0.04434629,-9911.0973,223493.2844,OK,0.0000,396.4439,4.0000,96.0000,AG03-UNRESOLVED,ALL5_LEVELS_bet23_to_bet27,396.4439,396.4439,396.4439,594.6658,594.6658,4.000000,4.000000,4.000000,6.000000,6.000000,96.000000,96.000000,96.000000,94.000000,94.000000,5.0,2378.6634,2163.0699,7532.4340,7748.0274,PENDING_AG03,FALSE,NOT_FOR_ENFORCEMENT,9514.6534,197836.1275,9911.0973,9514.6534,396.4439,0.04434629,0.04257244,396.4439,9514.6534,0.04257244,396.4439,396.4439,396.4439,594.6658,594.6658,9514.6534,0.04257244,2378.6634,2163.0699,7532.4340,7748.0274,0.03370318,0.03466783,0.00177385,18.3071,35.3906,1.7021,111.3606,22.7319,2511.1605,65.4270,19.5018,17.8433,6.2314,10.3857,29.4087,42.1647,51.0976,84.0248,10.2195,-6.1317,4.919981,8.090411,1.762719,10,81,100,8,0.29790265,0.04434629,0.01893081,0E-8,0.000000,0.922083,0.000000,0.03619937,2026-03-22,2026-08-06,89,436,292,138,0.644928,1.092949,1.065259,0.993009,,,,,,,,GLOBAL_BASELINE_NO_ENTITY_RANKING,,,NOT_APPLICABLE_GLOBAL_BASELINE,HF9g-P5,,,,X 全窗基线 · 不参与实体赏罚,15058756,1506,A168_HF9F_20260827_0900,2026-08-27 09:00:00
2026-08-03,94349862,2147,0,520.4460966538,-156.7803458860,-156.7803458860,0.3076923,33,15,0.41417311238243918,0.323564126667,-0.7794125591709676,-0.12232208613515731,-0.7794125591709676,0.09060898571543918,ELIGIBLE,R03b_20260811_FULL_v1,L1_ELIGIBILITY,v2026-08-11,2026-03-21..2026-08-06,baccarat_bet02_101_all_pairs_incl_sentinel,round_win = game_pnl > 0 (decisive only),COMPATIBILITY_ONLY_NOT_PRODUCTION,223493.2844,206079.2994,9911.0973,12208,5823,-0.04434629,-0.01893081,-0.05513017,-0.04434629,-9911.0973,223493.2844,OK,0.0000,396.4439,4.0000,96.0000,AG03-UNRESOLVED,ALL5_LEVELS_bet23_to_bet27,396.4439,396.4439,396.4439,594.6658,594.6658,4.000000,4.000000,4.000000,6.000000,6.000000,96.000000,96.000000,96.000000,94.000000,94.000000,5.0,2378.6634,2163.0699,7532.4340,7748.0274,PENDING_AG03,FALSE,NOT_FOR_ENFORCEMENT,9514.6534,197836.1275,9911.0973,9514.6534,396.4439,0.04434629,0.04257244,396.4439,9514.6534,0.04257244,396.4439,396.4439,396.4439,594.6658,594.6658,9514.6534,0.04257244,2378.6634,2163.0699,7532.4340,7748.0274,0.03370318,0.03466783,0.00177385,18.3071,35.3906,1.7021,111.3606,22.7319,2511.1605,65.4270,19.5018,17.8433,6.2314,10.3857,29.4087,42.1647,51.0976,84.0248,10.2195,-6.1317,4.919981,8.090411,1.762719,10,81,100,8,0.29790265,0.04434629,0.01893081,0E-8,0.000000,0.922083,0.000000,0.03619937,2026-03-22,2026-08-06,89,436,292,138,0.644928,1.092949,1.065259,0.993009,,,,,,,,GLOBAL_BASELINE_NO_ENTITY_RANKING,,,NOT_APPLICABLE_GLOBAL_BASELINE,HF9g-P5,,,,X 全窗基线 · 不参与实体赏罚,15058757,1506,A168_HF9F_20260827_0900,2026-08-27 09:00:00
2026-08-03,94349862,2149,0,107.0793599482,-8.5865524486,-8.5865524486,0.5000000,6,2,0.39711339053043780,0.211640833333,0.29737110643843634,0.9983595285498786,0.29737110643843634,0.18547255719743780,ELIGIBLE,R03b_20260811_FULL_v1,L1_ELIGIBILITY,v2026-08-11,2026-03-21..2026-08-06,baccarat_bet02_101_all_pairs_incl_sentinel,round_win = game_pnl > 0 (decisive only),COMPATIBILITY_ONLY_NOT_PRODUCTION,223493.2844,206079.2994,9911.0973,12208,5823,-0.04434629,-0.01893081,-0.05513017,-0.04434629,-9911.0973,223493.2844,OK,0.0000,396.4439,4.0000,96.0000,AG03-UNRESOLVED,ALL5_LEVELS_bet23_to_bet27,396.4439,396.4439,396.4439,594.6658,594.6658,4.000000,4.000000,4.000000,6.000000,6.000000,96.000000,96.000000,96.000000,94.000000,94.000000,5.0,2378.6634,2163.0699,7532.4340,7748.0274,PENDING_AG03,FALSE,NOT_FOR_ENFORCEMENT,9514.6534,197836.1275,9911.0973,9514.6534,396.4439,0.04434629,0.04257244,396.4439,9514.6534,0.04257244,396.4439,396.4439,396.4439,594.6658,594.6658,9514.6534,0.04257244,2378.6634,2163.0699,7532.4340,7748.0274,0.03370318,0.03466783,0.00177385,18.3071,35.3906,1.7021,111.3606,22.7319,2511.1605,65.4270,19.5018,17.8433,6.2314,10.3857,29.4087,42.1647,51.0976,84.0248,10.2195,-6.1317,4.919981,8.090411,1.762719,10,81,100,8,0.29790265,0.04434629,0.01893081,0E-8,0.000000,0.922083,0.000000,0.03619937,2026-03-22,2026-08-06,89,436,292,138,0.644928,1.092949,1.065259,0.993009,,,,,,,,GLOBAL_BASELINE_NO_ENTITY_RANKING,,,NOT_APPLICABLE_GLOBAL_BASELINE,HF9g-P5,,,,X 全窗基线 · 不参与实体赏罚,15058758,1506,A168_HF9F_20260827_0900,2026-08-27 09:00:00
2026-08-03,94349862,2167,0,1450.4202359773,1019.7894779388,1019.7894779388,0.5757576,82,34,0.42756785237881555,0.292904892157,1.7207212707526438,3.5703849607575884,1.7207212707526438,0.13466296022181555,ELIGIBLE,R03b_20260811_FULL_v1,L1_ELIGIBILITY,v2026-08-11,2026-03-21..2026-08-06,baccarat_bet02_101_all_pairs_incl_sentinel,round_win = game_pnl > 0 (decisive only),COMPATIBILITY_ONLY_NOT_PRODUCTION,223493.2844,206079.2994,9911.0973,12208,5823,-0.04434629,-0.01893081,-0.05513017,-0.04434629,-9911.0973,223493.2844,OK,0.0000,396.4439,4.0000,96.0000,AG03-UNRESOLVED,ALL5_LEVELS_bet23_to_bet27,396.4439,396.4439,396.4439,594.6658,594.6658,4.000000,4.000000,4.000000,6.000000,6.000000,96.000000,96.000000,96.000000,94.000000,94.000000,5.0,2378.6634,2163.0699,7532.4340,7748.0274,PENDING_AG03,FALSE,NOT_FOR_ENFORCEMENT,9514.6534,197836.1275,9911.0973,9514.6534,396.4439,0.04434629,0.04257244,396.4439,9514.6534,0.04257244,396.4439,396.4439,396.4439,594.6658,594.6658,9514.6534,0.04257244,2378.6634,2163.0699,7532.4340,7748.0274,0.03370318,0.03466783,0.00177385,18.3071,35.3906,1.7021,111.3606,22.7319,2511.1605,65.4270,19.5018,17.8433,6.2314,10.3857,29.4087,42.1647,51.0976,84.0248,10.2195,-6.1317,4.919981,8.090411,1.762719,10,81,100,8,0.29790265,0.04434629,0.01893081,0E-8,0.000000,0.922083,0.000000,0.03619937,2026-03-22,2026-08-06,89,436,292,138,0.644928,1.092949,1.065259,0.993009,,,,,,,,GLOBAL_BASELINE_NO_ENTITY_RANKING,,,NOT_APPLICABLE_GLOBAL_BASELINE,HF9g-P5,,,,X 全窗基线 · 不参与实体赏罚,15058759,1506,A168_HF9F_20260827_0900,2026-08-27 09:00:00
2026-08-03,94349862,2253,0,60.8129949894,-60.8129949894,-60.8129949894,0E-7,4,2,0.41272516329233695,0.280106050000,-1.1855633778617531,-0.8821490699244685,-1.1855633778617531,0.13261911329233695,ELIGIBLE,R03b_20260811_FULL_v1,L1_ELIGIBILITY,v2026-08-11,2026-03-21..2026-08-06,baccarat_bet02_101_all_pairs_incl_sentinel,round_win = game_pnl > 0 (decisive only),COMPATIBILITY_ONLY_NOT_PRODUCTION,223493.2844,206079.2994,9911.0973,12208,5823,-0.04434629,-0.01893081,-0.05513017,-0.04434629,-9911.0973,223493.2844,OK,0.0000,396.4439,4.0000,96.0000,AG03-UNRESOLVED,ALL5_LEVELS_bet23_to_bet27,396.4439,396.4439,396.4439,594.6658,594.6658,4.000000,4.000000,4.000000,6.000000,6.000000,96.000000,96.000000,96.000000,94.000000,94.000000,5.0,2378.6634,2163.0699,7532.4340,7748.0274,PENDING_AG03,FALSE,NOT_FOR_ENFORCEMENT,9514.6534,197836.1275,9911.0973,9514.6534,396.4439,0.04434629,0.04257244,396.4439,9514.6534,0.04257244,396.4439,396.4439,396.4439,594.6658,594.6658,9514.6534,0.04257244,2378.6634,2163.0699,7532.4340,7748.0274,0.03370318,0.03466783,0.00177385,18.3071,35.3906,1.7021,111.3606,22.7319,2511.1605,65.4270,19.5018,17.8433,6.2314,10.3857,29.4087,42.1647,51.0976,84.0248,10.2195,-6.1317,4.919981,8.090411,1.762719,10,81,100,8,0.29790265,0.04434629,0.01893081,0E-8,0.000000,0.922083,0.000000,0.03619937,2026-03-22,2026-08-06,89,436,292,138,0.644928,1.092949,1.065259,0.993009,,,,,,,,GLOBAL_BASELINE_NO_ENTITY_RANKING,,,NOT_APPLICABLE_GLOBAL_BASELINE,HF9g-P5,,,,X 全窗基线 · 不参与实体赏罚,15058760,1506,A168_HF9F_20260827_0900,2026-08-27 09:00:00
2026-08-03,94349862,462,0,719.2500404069,-22.7291094225,-22.7291094225,0.5000000,34,12,0.37106923174449191,0.220950811111,0.9245242353282698,2.3299207413004437,0.9245242353282698,0.15011842063349191,ELIGIBLE,R03b_20260811_FULL_v1,L1_ELIGIBILITY,v2026-08-11,2026-03-21..2026-08-06,baccarat_bet02_101_all_pairs_incl_sentinel,round_win = game_pnl > 0 (decisive only),COMPATIBILITY_ONLY_NOT_PRODUCTION,223493.2844,206079.2994,9911.0973,12208,5823,-0.04434629,-0.01893081,-0.05513017,-0.04434629,-9911.0973,223493.2844,OK,0.0000,396.4439,4.0000,96.0000,AG03-UNRESOLVED,ALL5_LEVELS_bet23_to_bet27,396.4439,396.4439,396.4439,594.6658,594.6658,4.000000,4.000000,4.000000,6.000000,6.000000,96.000000,96.000000,96.000000,94.000000,94.000000,5.0,2378.6634,2163.0699,7532.4340,7748.0274,PENDING_AG03,FALSE,NOT_FOR_ENFORCEMENT,9514.6534,197836.1275,9911.0973,9514.6534,396.4439,0.04434629,0.04257244,396.4439,9514.6534,0.04257244,396.4439,396.4439,396.4439,594.6658,594.6658,9514.6534,0.04257244,2378.6634,2163.0699,7532.4340,7748.0274,0.03370318,0.03466783,0.00177385,18.3071,35.3906,1.7021,111.3606,22.7319,2511.1605,65.4270,19.5018,17.8433,6.2314,10.3857,29.4087,42.1647,51.0976,84.0248,10.2195,-6.1317,4.919981,8.090411,1.762719,10,81,100,8,0.29790265,0.04434629,0.01893081,0E-8,0.000000,0.922083,0.000000,0.03619937,2026-03-22,2026-08-06,89,436,292,138,0.644928,1.092949,1.065259,0.993009,,,,,,,,GLOBAL_BASELINE_NO_ENTITY_RANKING,,,NOT_APPLICABLE_GLOBAL_BASELINE,HF9g-P5,,,,X 全窗基线 · 不参与实体赏罚,15058761,1506,A168_HF9F_20260827_0900,2026-08-27 09:00:00
2026-08-03,94349862,752,0,363.6657507676,-313.1566187165,-313.1566187165,0E-7,12,5,0.37759027642748394,0.252719963333,-1.7416353009024188,-1.300358458287612,-1.7416353009024188,0.12487031309448394,ELIGIBLE,R03b_20260811_FULL_v1,L1_ELIGIBILITY,v2026-08-11,2026-03-21..2026-08-06,baccarat_bet02_101_all_pairs_incl_sentinel,round_win = game_pnl > 0 (decisive only),COMPATIBILITY_ONLY_NOT_PRODUCTION,223493.2844,206079.2994,9911.0973,12208,5823,-0.04434629,-0.01893081,-0.05513017,-0.04434629,-9911.0973,223493.2844,OK,0.0000,396.4439,4.0000,96.0000,AG03-UNRESOLVED,ALL5_LEVELS_bet23_to_bet27,396.4439,396.4439,396.4439,594.6658,594.6658,4.000000,4.000000,4.000000,6.000000,6.000000,96.000000,96.000000,96.000000,94.000000,94.000000,5.0,2378.6634,2163.0699,7532.4340,7748.0274,PENDING_AG03,FALSE,NOT_FOR_ENFORCEMENT,9514.6534,197836.1275,9911.0973,9514.6534,396.4439,0.04434629,0.04257244,396.4439,9514.6534,0.04257244,396.4439,396.4439,396.4439,594.6658,594.6658,9514.6534,0.04257244,2378.6634,2163.0699,7532.4340,7748.0274,0.03370318,0.03466783,0.00177385,18.3071,35.3906,1.7021,111.3606,22.7319,2511.1605,65.4270,19.5018,17.8433,6.2314,10.3857,29.4087,42.1647,51.0976,84.0248,10.2195,-6.1317,4.919981,8.090411,1.762719,10,81,100,8,0.29790265,0.04434629,0.01893081,0E-8,0.000000,0.922083,0.000000,0.03619937,2026-03-22,2026-08-06,89,436,292,138,0.644928,1.092949,1.065259,0.993009,,,,,,,,GLOBAL_BASELINE_NO_ENTITY_RANKING,,,NOT_APPLICABLE_GLOBAL_BASELINE,HF9g-P5,,,,X 全窗基线 · 不参与实体赏罚,15058762,1506,A168_HF9F_20260827_0900,2026-08-27 09:00:00
2026-08-03,94349862,763,0,277.1941166960,-104.9579764019,-104.9579764019,0.2500000,18,8,0.42778745863715163,0.298266585417,-1.016373668871036,-0.29840300336825243,-1.016373668871036,0.12952087322015163,ELIGIBLE,R03b_20260811_FULL_v1,L1_ELIGIBILITY,v2026-08-11,2026-03-21..2026-08-06,baccarat_bet02_101_all_pairs_incl_sentinel,round_win = game_pnl > 0 (decisive only),COMPATIBILITY_ONLY_NOT_PRODUCTION,223493.2844,206079.2994,9911.0973,12208,5823,-0.04434629,-0.01893081,-0.05513017,-0.04434629,-9911.0973,223493.2844,OK,0.0000,396.4439,4.0000,96.0000,AG03-UNRESOLVED,ALL5_LEVELS_bet23_to_bet27,396.4439,396.4439,396.4439,594.6658,594.6658,4.000000,4.000000,4.000000,6.000000,6.000000,96.000000,96.000000,96.000000,94.000000,94.000000,5.0,2378.6634,2163.0699,7532.4340,7748.0274,PENDING_AG03,FALSE,NOT_FOR_ENFORCEMENT,9514.6534,197836.1275,9911.0973,9514.6534,396.4439,0.04434629,0.04257244,396.4439,9514.6534,0.04257244,396.4439,396.4439,396.4439,594.6658,594.6658,9514.6534,0.04257244,2378.6634,2163.0699,7532.4340,7748.0274,0.03370318,0.03466783,0.00177385,18.3071,35.3906,1.7021,111.3606,22.7319,2511.1605,65.4270,19.5018,17.8433,6.2314,10.3857,29.4087,42.1647,51.0976,84.0248,10.2195,-6.1317,4.919981,8.090411,1.762719,10,81,100,8,0.29790265,0.04434629,0.01893081,0E-8,0.000000,0.922083,0.000000,0.03619937,2026-03-22,2026-08-06,89,436,292,138,0.644928,1.092949,1.065259,0.993009,,,,,,,,GLOBAL_BASELINE_NO_ENTITY_RANKING,,,NOT_APPLICABLE_GLOBAL_BASELINE,HF9g-P5,,,,X 全窗基线 · 不参与实体赏罚,15058763,1506,A168_HF9F_20260827_0900,2026-08-27 09:00:00
2026-08-03,94349862,772,0,658.6390819457,-178.0951996118,-178.0951996118,0.3333333,23,12,0.36229194972804056,0.273474545833,-0.2087027344658179,0.4651946016967959,-0.2087027344658179,0.08881740389504056,ELIGIBLE,R03b_20260811_FULL_v1,L1_ELIGIBILITY,v2026-08-11,2026-03-21..2026-08-06,baccarat_bet02_101_all_pairs_incl_sentinel,round_win = game_pnl > 0 (decisive only),COMPATIBILITY_ONLY_NOT_PRODUCTION,223493.2844,206079.2994,9911.0973,12208,5823,-0.04434629,-0.01893081,-0.05513017,-0.04434629,-9911.0973,223493.2844,OK,0.0000,396.4439,4.0000,96.0000,AG03-UNRESOLVED,ALL5_LEVELS_bet23_to_bet27,396.4439,396.4439,396.4439,594.6658,594.6658,4.000000,4.000000,4.000000,6.000000,6.000000,96.000000,96.000000,96.000000,94.000000,94.000000,5.0,2378.6634,2163.0699,7532.4340,7748.0274,PENDING_AG03,FALSE,NOT_FOR_ENFORCEMENT,9514.6534,197836.1275,9911.0973,9514.6534,396.4439,0.04434629,0.04257244,396.4439,9514.6534,0.04257244,396.4439,396.4439,396.4439,594.6658,594.6658,9514.6534,0.04257244,2378.6634,2163.0699,7532.4340,7748.0274,0.03370318,0.03466783,0.00177385,18.3071,35.3906,1.7021,111.3606,22.7319,2511.1605,65.4270,19.5018,17.8433,6.2314,10.3857,29.4087,42.1647,51.0976,84.0248,10.2195,-6.1317,4.919981,8.090411,1.762719,10,81,100,8,0.29790265,0.04434629,0.01893081,0E-8,0.000000,0.922083,0.000000,0.03619937,2026-03-22,2026-08-06,89,436,292,138,0.644928,1.092949,1.065259,0.993009,,,,,,,,GLOBAL_BASELINE_NO_ENTITY_RANKING,,,NOT_APPLICABLE_GLOBAL_BASELINE,HF9g-P5,,,,X 全窗基线 · 不参与实体赏罚,15058764,1506,A168_HF9F_20260827_0900,2026-08-27 09:00:00
2026-08-03,94349862,925,0,1206.7641829630,393.3651204148,393.3651204148,0.6250000,72,24,0.36895640831889429,0.218069239930,2.599574823229008,4.827750155601013,2.599574823229008,0.15088716838889429,ELIGIBLE,R03b_20260811_FULL_v1,L1_ELIGIBILITY,v2026-08-11,2026-03-21..2026-08-06,baccarat_bet02_101_all_pairs_incl_sentinel,round_win = game_pnl > 0 (decisive only),COMPATIBILITY_ONLY_NOT_PRODUCTION,223493.2844,206079.2994,9911.0973,12208,5823,-0.04434629,-0.01893081,-0.05513017,-0.04434629,-9911.0973,223493.2844,OK,0.0000,396.4439,4.0000,96.0000,AG03-UNRESOLVED,ALL5_LEVELS_bet23_to_bet27,396.4439,396.4439,396.4439,594.6658,594.6658,4.000000,4.000000,4.000000,6.000000,6.000000,96.000000,96.000000,96.000000,94.000000,94.000000,5.0,2378.6634,2163.0699,7532.4340,7748.0274,PENDING_AG03,FALSE,NOT_FOR_ENFORCEMENT,9514.6534,197836.1275,9911.0973,9514.6534,396.4439,0.04434629,0.04257244,396.4439,9514.6534,0.04257244,396.4439,396.4439,396.4439,594.6658,594.6658,9514.6534,0.04257244,2378.6634,2163.0699,7532.4340,7748.0274,0.03370318,0.03466783,0.00177385,18.3071,35.3906,1.7021,111.3606,22.7319,2511.1605,65.4270,19.5018,17.8433,6.2314,10.3857,29.4087,42.1647,51.0976,84.0248,10.2195,-6.1317,4.919981,8.090411,1.762719,10,81,100,8,0.29790265,0.04434629,0.01893081,0E-8,0.000000,0.922083,0.000000,0.03619937,2026-03-22,2026-08-06,89,436,292,138,0.644928,1.092949,1.065259,0.993009,,,,,,,,GLOBAL_BASELINE_NO_ENTITY_RANKING,,,NOT_APPLICABLE_GLOBAL_BASELINE,HF9g-P5,,,,X 全窗基线 · 不参与实体赏罚,15058765,1506,A168_HF9F_20260827_0900,2026-08-27 09:00:00
2026-08-03,94349862,948,0,732.9885243250,-125.2727493129,-125.2727493129,0.5333333,29,15,0.39361328096993166,0.305318250000,1.1076298647512892,1.9175198978224368,1.1076298647512892,0.08829503096993166,ELIGIBLE,R03b_20260811_FULL_v1,L1_ELIGIBILITY,v2026-08-11,2026-03-21..2026-08-06,baccarat_bet02_101_all_pairs_incl_sentinel,round_win = game_pnl > 0 (decisive only),COMPATIBILITY_ONLY_NOT_PRODUCTION,223493.2844,206079.2994,9911.0973,12208,5823,-0.04434629,-0.01893081,-0.05513017,-0.04434629,-9911.0973,223493.2844,OK,0.0000,396.4439,4.0000,96.0000,AG03-UNRESOLVED,ALL5_LEVELS_bet23_to_bet27,396.4439,396.4439,396.4439,594.6658,594.6658,4.000000,4.000000,4.000000,6.000000,6.000000,96.000000,96.000000,96.000000,94.000000,94.000000,5.0,2378.6634,2163.0699,7532.4340,7748.0274,PENDING_AG03,FALSE,NOT_FOR_ENFORCEMENT,9514.6534,197836.1275,9911.0973,9514.6534,396.4439,0.04434629,0.04257244,396.4439,9514.6534,0.04257244,396.4439,396.4439,396.4439,594.6658,594.6658,9514.6534,0.04257244,2378.6634,2163.0699,7532.4340,7748.0274,0.03370318,0.03466783,0.00177385,18.3071,35.3906,1.7021,111.3606,22.7319,2511.1605,65.4270,19.5018,17.8433,6.2314,10.3857,29.4087,42.1647,51.0976,84.0248,10.2195,-6.1317,4.919981,8.090411,1.762719,10,81,100,8,0.29790265,0.04434629,0.01893081,0E-8,0.000000,0.922083,0.000000,0.03619937,2026-03-22,2026-08-06,89,436,292,138,0.644928,1.092949,1.065259,0.993009,,,,,,,,GLOBAL_BASELINE_NO_ENTITY_RANKING,,,NOT_APPLICABLE_GLOBAL_BASELINE,HF9g-P5,,,,X 全窗基线 · 不参与实体赏罚,15058766,1506,A168_HF9F_20260827_0900,2026-08-27 09:00:00
2026-08-04,94349862,1353,0,1345.5632778398,380.0307095533,380.0307095533,0.4230769,61,26,0.41102925897125509,0.281204408654,0.12485510248045033,1.60905605840826,0.12485510248045033,0.12982485031725509,ELIGIBLE,R03b_20260811_FULL_v1,L1_ELIGIBILITY,v2026-08-11,2026-03-21..2026-08-06,baccarat_bet02_101_all_pairs_incl_sentinel,round_win = game_pnl > 0 (decisive only),COMPATIBILITY_ONLY_NOT_PRODUCTION,223493.2844,206079.2994,9911.0973,12208,5823,-0.04434629,-0.01893081,-0.05513017,-0.04434629,-9911.0973,223493.2844,OK,0.0000,396.4439,4.0000,96.0000,AG03-UNRESOLVED,ALL5_LEVELS_bet23_to_bet27,396.4439,396.4439,396.4439,594.6658,594.6658,4.000000,4.000000,4.000000,6.000000,6.000000,96.000000,96.000000,96.000000,94.000000,94.000000,5.0,2378.6634,2163.0699,7532.4340,7748.0274,PENDING_AG03,FALSE,NOT_FOR_ENFORCEMENT,9514.6534,197836.1275,9911.0973,9514.6534,396.4439,0.04434629,0.04257244,396.4439,9514.6534,0.04257244,396.4439,396.4439,396.4439,594.6658,594.6658,9514.6534,0.04257244,2378.6634,2163.0699,7532.4340,7748.0274,0.03370318,0.03466783,0.00177385,18.3071,35.3906,1.7021,111.3606,22.7319,2511.1605,65.4270,19.5018,17.8433,6.2314,10.3857,29.4087,42.1647,51.0976,84.0248,10.2195,-6.1317,4.919981,8.090411,1.762719,10,81,100,8,0.29790265,0.04434629,0.01893081,0E-8,0.000000,0.922083,0.000000,0.03619937,2026-03-22,2026-08-06,89,436,292,138,0.644928,1.092949,1.065259,0.993009,,,,,,,,GLOBAL_BASELINE_NO_ENTITY_RANKING,,,NOT_APPLICABLE_GLOBAL_BASELINE,HF9g-P5,,,,X 全窗基线 · 不参与实体赏罚,15058767,1506,A168_HF9F_20260827_0900,2026-08-27 09:00:00
2026-08-04,94349862,1385,0,533.9825440433,-107.2813964759,-107.2813964759,0.5714286,40,14,0.36885602005132689,0.214150948214,1.5709123566530254,3.258669132788066,1.5709123566530254,0.15470507183732689,ELIGIBLE,R03b_20260811_FULL_v1,L1_ELIGIBILITY,v2026-08-11,2026-03-21..2026-08-06,baccarat_bet02_101_all_pairs_incl_sentinel,round_win = game_pnl > 0 (decisive only),COMPATIBILITY_ONLY_NOT_PRODUCTION,223493.2844,206079.2994,9911.0973,12208,5823,-0.04434629,-0.01893081,-0.05513017,-0.04434629,-9911.0973,223493.2844,OK,0.0000,396.4439,4.0000,96.0000,AG03-UNRESOLVED,ALL5_LEVELS_bet23_to_bet27,396.4439,396.4439,396.4439,594.6658,594.6658,4.000000,4.000000,4.000000,6.000000,6.000000,96.000000,96.000000,96.000000,94.000000,94.000000,5.0,2378.6634,2163.0699,7532.4340,7748.0274,PENDING_AG03,FALSE,NOT_FOR_ENFORCEMENT,9514.6534,197836.1275,9911.0973,9514.6534,396.4439,0.04434629,0.04257244,396.4439,9514.6534,0.04257244,396.4439,396.4439,396.4439,594.6658,594.6658,9514.6534,0.04257244,2378.6634,2163.0699,7532.4340,7748.0274,0.03370318,0.03466783,0.00177385,18.3071,35.3906,1.7021,111.3606,22.7319,2511.1605,65.4270,19.5018,17.8433,6.2314,10.3857,29.4087,42.1647,51.0976,84.0248,10.2195,-6.1317,4.919981,8.090411,1.762719,10,81,100,8,0.29790265,0.04434629,0.01893081,0E-8,0.000000,0.922083,0.000000,0.03619937,2026-03-22,2026-08-06,89,436,292,138,0.644928,1.092949,1.065259,0.993009,,,,,,,,GLOBAL_BASELINE_NO_ENTITY_RANKING,,,NOT_APPLICABLE_GLOBAL_BASELINE,HF9g-P5,,,,X 全窗基线 · 不参与实体赏罚,15058768,1506,A168_HF9F_20260827_0900,2026-08-27 09:00:00
2026-08-04,94349862,1985,0,424.8828188134,-102.7355745917,-102.7355745917,0.5000000,20,10,0.41291510301306943,0.293198320000,0.5593221318766122,1.4365625389814012,0.5593221318766122,0.11971678301306943,ELIGIBLE,R03b_20260811_FULL_v1,L1_ELIGIBILITY,v2026-08-11,2026-03-21..2026-08-06,baccarat_bet02_101_all_pairs_incl_sentinel,round_win = game_pnl > 0 (decisive only),COMPATIBILITY_ONLY_NOT_PRODUCTION,223493.2844,206079.2994,9911.0973,12208,5823,-0.04434629,-0.01893081,-0.05513017,-0.04434629,-9911.0973,223493.2844,OK,0.0000,396.4439,4.0000,96.0000,AG03-UNRESOLVED,ALL5_LEVELS_bet23_to_bet27,396.4439,396.4439,396.4439,594.6658,594.6658,4.000000,4.000000,4.000000,6.000000,6.000000,96.000000,96.000000,96.000000,94.000000,94.000000,5.0,2378.6634,2163.0699,7532.4340,7748.0274,PENDING_AG03,FALSE,NOT_FOR_ENFORCEMENT,9514.6534,197836.1275,9911.0973,9514.6534,396.4439,0.04434629,0.04257244,396.4439,9514.6534,0.04257244,396.4439,396.4439,396.4439,594.6658,594.6658,9514.6534,0.04257244,2378.6634,2163.0699,7532.4340,7748.0274,0.03370318,0.03466783,0.00177385,18.3071,35.3906,1.7021,111.3606,22.7319,2511.1605,65.4270,19.5018,17.8433,6.2314,10.3857,29.4087,42.1647,51.0976,84.0248,10.2195,-6.1317,4.919981,8.090411,1.762719,10,81,100,8,0.29790265,0.04434629,0.01893081,0E-8,0.000000,0.922083,0.000000,0.03619937,2026-03-22,2026-08-06,89,436,292,138,0.644928,1.092949,1.065259,0.993009,,,,,,,,GLOBAL_BASELINE_NO_ENTITY_RANKING,,,NOT_APPLICABLE_GLOBAL_BASELINE,HF9g-P5,,,,X 全窗基线 · 不参与实体赏罚,15058769,1506,A168_HF9F_20260827_0900,2026-08-27 09:00:00
2026-08-04,94349862,948,0,30.3054792306,30.3054792306,30.3054792306,1.0000000,2,2,0.49324550000000000,0.493245500000,1.4334489766152358,1.4334489766152358,1.4334489766152358,0E-17,ELIGIBLE,R03b_20260811_FULL_v1,L1_ELIGIBILITY,v2026-08-11,2026-03-21..2026-08-06,baccarat_bet02_101_all_pairs_incl_sentinel,round_win = game_pnl > 0 (decisive only),COMPATIBILITY_ONLY_NOT_PRODUCTION,223493.2844,206079.2994,9911.0973,12208,5823,-0.04434629,-0.01893081,-0.05513017,-0.04434629,-9911.0973,223493.2844,OK,0.0000,396.4439,4.0000,96.0000,AG03-UNRESOLVED,ALL5_LEVELS_bet23_to_bet27,396.4439,396.4439,396.4439,594.6658,594.6658,4.000000,4.000000,4.000000,6.000000,6.000000,96.000000,96.000000,96.000000,94.000000,94.000000,5.0,2378.6634,2163.0699,7532.4340,7748.0274,PENDING_AG03,FALSE,NOT_FOR_ENFORCEMENT,9514.6534,197836.1275,9911.0973,9514.6534,396.4439,0.04434629,0.04257244,396.4439,9514.6534,0.04257244,396.4439,396.4439,396.4439,594.6658,594.6658,9514.6534,0.04257244,2378.6634,2163.0699,7532.4340,7748.0274,0.03370318,0.03466783,0.00177385,18.3071,35.3906,1.7021,111.3606,22.7319,2511.1605,65.4270,19.5018,17.8433,6.2314,10.3857,29.4087,42.1647,51.0976,84.0248,10.2195,-6.1317,4.919981,8.090411,1.762719,10,81,100,8,0.29790265,0.04434629,0.01893081,0E-8,0.000000,0.922083,0.000000,0.03619937,2026-03-22,2026-08-06,89,436,292,138,0.644928,1.092949,1.065259,0.993009,,,,,,,,GLOBAL_BASELINE_NO_ENTITY_RANKING,,,NOT_APPLICABLE_GLOBAL_BASELINE,HF9g-P5,,,,X 全窗基线 · 不参与实体赏罚,15058770,1506,A168_HF9F_20260827_0900,2026-08-27 09:00:00
2026-08-05,94349862,1353,0,249.9191853884,-229.7155325680,-229.7155325680,0E-7,17,7,0.41730879779834116,0.284191814286,-2.239023026179286,-1.6670801180209032,-2.239023026179286,0.13311698351234116,ELIGIBLE,R03b_20260811_FULL_v1,L1_ELIGIBILITY,v2026-08-11,2026-03-21..2026-08-06,baccarat_bet02_101_all_pairs_incl_sentinel,round_win = game_pnl > 0 (decisive only),COMPATIBILITY_ONLY_NOT_PRODUCTION,223493.2844,206079.2994,9911.0973,12208,5823,-0.04434629,-0.01893081,-0.05513017,-0.04434629,-9911.0973,223493.2844,OK,0.0000,396.4439,4.0000,96.0000,AG03-UNRESOLVED,ALL5_LEVELS_bet23_to_bet27,396.4439,396.4439,396.4439,594.6658,594.6658,4.000000,4.000000,4.000000,6.000000,6.000000,96.000000,96.000000,96.000000,94.000000,94.000000,5.0,2378.6634,2163.0699,7532.4340,7748.0274,PENDING_AG03,FALSE,NOT_FOR_ENFORCEMENT,9514.6534,197836.1275,9911.0973,9514.6534,396.4439,0.04434629,0.04257244,396.4439,9514.6534,0.04257244,396.4439,396.4439,396.4439,594.6658,594.6658,9514.6534,0.04257244,2378.6634,2163.0699,7532.4340,7748.0274,0.03370318,0.03466783,0.00177385,18.3071,35.3906,1.7021,111.3606,22.7319,2511.1605,65.4270,19.5018,17.8433,6.2314,10.3857,29.4087,42.1647,51.0976,84.0248,10.2195,-6.1317,4.919981,8.090411,1.762719,10,81,100,8,0.29790265,0.04434629,0.01893081,0E-8,0.000000,0.922083,0.000000,0.03619937,2026-03-22,2026-08-06,89,436,292,138,0.644928,1.092949,1.065259,0.993009,,,,,,,,GLOBAL_BASELINE_NO_ENTITY_RANKING,,,NOT_APPLICABLE_GLOBAL_BASELINE,HF9g-P5,,,,X 全窗基线 · 不参与实体赏罚,15058771,1506,A168_HF9F_20260827_0900,2026-08-27 09:00:00
2026-08-05,94349862,1645,0,50.5091320510,-50.5091320510,-50.5091320510,0E-7,3,1,0.39193747600037570,0.197889300000,-0.8028497506501533,-0.4966998184331015,-0.8028497506501533,0.19404817600037570,ELIGIBLE,R03b_20260811_FULL_v1,L1_ELIGIBILITY,v2026-08-11,2026-03-21..2026-08-06,baccarat_bet02_101_all_pairs_incl_sentinel,round_win = game_pnl > 0 (decisive only),COMPATIBILITY_ONLY_NOT_PRODUCTION,223493.2844,206079.2994,9911.0973,12208,5823,-0.04434629,-0.01893081,-0.05513017,-0.04434629,-9911.0973,223493.2844,OK,0.0000,396.4439,4.0000,96.0000,AG03-UNRESOLVED,ALL5_LEVELS_bet23_to_bet27,396.4439,396.4439,396.4439,594.6658,594.6658,4.000000,4.000000,4.000000,6.000000,6.000000,96.000000,96.000000,96.000000,94.000000,94.000000,5.0,2378.6634,2163.0699,7532.4340,7748.0274,PENDING_AG03,FALSE,NOT_FOR_ENFORCEMENT,9514.6534,197836.1275,9911.0973,9514.6534,396.4439,0.04434629,0.04257244,396.4439,9514.6534,0.04257244,396.4439,396.4439,396.4439,594.6658,594.6658,9514.6534,0.04257244,2378.6634,2163.0699,7532.4340,7748.0274,0.03370318,0.03466783,0.00177385,18.3071,35.3906,1.7021,111.3606,22.7319,2511.1605,65.4270,19.5018,17.8433,6.2314,10.3857,29.4087,42.1647,51.0976,84.0248,10.2195,-6.1317,4.919981,8.090411,1.762719,10,81,100,8,0.29790265,0.04434629,0.01893081,0E-8,0.000000,0.922083,0.000000,0.03619937,2026-03-22,2026-08-06,89,436,292,138,0.644928,1.092949,1.065259,0.993009,,,,,,,,GLOBAL_BASELINE_NO_ENTITY_RANKING,,,NOT_APPLICABLE_GLOBAL_BASELINE,HF9g-P5,,,,X 全窗基线 · 不参与实体赏罚,15058772,1506,A168_HF9F_20260827_0900,2026-08-27 09:00:00
2026-08-05,94349862,1985,0,686.9241958941,-33.1339906249,-33.1339906249,0.5294118,38,17,0.39305062170889151,0.271130252941,1.151104135926983,2.3955422151789207,1.151104135926983,0.12192036876789151,ELIGIBLE,R03b_20260811_FULL_v1,L1_ELIGIBILITY,v2026-08-11,2026-03-21..2026-08-06,baccarat_bet02_101_all_pairs_incl_sentinel,round_win = game_pnl > 0 (decisive only),COMPATIBILITY_ONLY_NOT_PRODUCTION,223493.2844,206079.2994,9911.0973,12208,5823,-0.04434629,-0.01893081,-0.05513017,-0.04434629,-9911.0973,223493.2844,OK,0.0000,396.4439,4.0000,96.0000,AG03-UNRESOLVED,ALL5_LEVELS_bet23_to_bet27,396.4439,396.4439,396.4439,594.6658,594.6658,4.000000,4.000000,4.000000,6.000000,6.000000,96.000000,96.000000,96.000000,94.000000,94.000000,5.0,2378.6634,2163.0699,7532.4340,7748.0274,PENDING_AG03,FALSE,NOT_FOR_ENFORCEMENT,9514.6534,197836.1275,9911.0973,9514.6534,396.4439,0.04434629,0.04257244,396.4439,9514.6534,0.04257244,396.4439,396.4439,396.4439,594.6658,594.6658,9514.6534,0.04257244,2378.6634,2163.0699,7532.4340,7748.0274,0.03370318,0.03466783,0.00177385,18.3071,35.3906,1.7021,111.3606,22.7319,2511.1605,65.4270,19.5018,17.8433,6.2314,10.3857,29.4087,42.1647,51.0976,84.0248,10.2195,-6.1317,4.919981,8.090411,1.762719,10,81,100,8,0.29790265,0.04434629,0.01893081,0E-8,0.000000,0.922083,0.000000,0.03619937,2026-03-22,2026-08-06,89,436,292,138,0.644928,1.092949,1.065259,0.993009,,,,,,,,GLOBAL_BASELINE_NO_ENTITY_RANKING,,,NOT_APPLICABLE_GLOBAL_BASELINE,HF9g-P5,,,,X 全窗基线 · 不参与实体赏罚,15058773,1506,A168_HF9F_20260827_0900,2026-08-27 09:00:00
2026-08-05,94349862,2201,0,92.9368029739,-77.1779537739,-77.1779537739,0.3333333,6,3,0.43908974285738190,0.328215350000,-0.3690999516373797,0.018878392549923018,-0.3690999516373797,0.11087439285738190,ELIGIBLE,R03b_20260811_FULL_v1,L1_ELIGIBILITY,v2026-08-11,2026-03-21..2026-08-06,baccarat_bet02_101_all_pairs_incl_sentinel,round_win = game_pnl > 0 (decisive only),COMPATIBILITY_ONLY_NOT_PRODUCTION,223493.2844,206079.2994,9911.0973,12208,5823,-0.04434629,-0.01893081,-0.05513017,-0.04434629,-9911.0973,223493.2844,OK,0.0000,396.4439,4.0000,96.0000,AG03-UNRESOLVED,ALL5_LEVELS_bet23_to_bet27,396.4439,396.4439,396.4439,594.6658,594.6658,4.000000,4.000000,4.000000,6.000000,6.000000,96.000000,96.000000,96.000000,94.000000,94.000000,5.0,2378.6634,2163.0699,7532.4340,7748.0274,PENDING_AG03,FALSE,NOT_FOR_ENFORCEMENT,9514.6534,197836.1275,9911.0973,9514.6534,396.4439,0.04434629,0.04257244,396.4439,9514.6534,0.04257244,396.4439,396.4439,396.4439,594.6658,594.6658,9514.6534,0.04257244,2378.6634,2163.0699,7532.4340,7748.0274,0.03370318,0.03466783,0.00177385,18.3071,35.3906,1.7021,111.3606,22.7319,2511.1605,65.4270,19.5018,17.8433,6.2314,10.3857,29.4087,42.1647,51.0976,84.0248,10.2195,-6.1317,4.919981,8.090411,1.762719,10,81,100,8,0.29790265,0.04434629,0.01893081,0E-8,0.000000,0.922083,0.000000,0.03619937,2026-03-22,2026-08-06,89,436,292,138,0.644928,1.092949,1.065259,0.993009,,,,,,,,GLOBAL_BASELINE_NO_ENTITY_RANKING,,,NOT_APPLICABLE_GLOBAL_BASELINE,HF9g-P5,,,,X 全窗基线 · 不参与实体赏罚,15058774,1506,A168_HF9F_20260827_0900,2026-08-27 09:00:00
2026-08-05,94349862,2261,0,86.8757071277,51.0142233716,51.0142233716,0.5000000,6,2,0.38515560033371206,0.220956687500,0.3337521717521759,0.951157067884523,0.3337521717521759,0.16419891283371206,ELIGIBLE,R03b_20260811_FULL_v1,L1_ELIGIBILITY,v2026-08-11,2026-03-21..2026-08-06,baccarat_bet02_101_all_pairs_incl_sentinel,round_win = game_pnl > 0 (decisive only),COMPATIBILITY_ONLY_NOT_PRODUCTION,223493.2844,206079.2994,9911.0973,12208,5823,-0.04434629,-0.01893081,-0.05513017,-0.04434629,-9911.0973,223493.2844,OK,0.0000,396.4439,4.0000,96.0000,AG03-UNRESOLVED,ALL5_LEVELS_bet23_to_bet27,396.4439,396.4439,396.4439,594.6658,594.6658,4.000000,4.000000,4.000000,6.000000,6.000000,96.000000,96.000000,96.000000,94.000000,94.000000,5.0,2378.6634,2163.0699,7532.4340,7748.0274,PENDING_AG03,FALSE,NOT_FOR_ENFORCEMENT,9514.6534,197836.1275,9911.0973,9514.6534,396.4439,0.04434629,0.04257244,396.4439,9514.6534,0.04257244,396.4439,396.4439,396.4439,594.6658,594.6658,9514.6534,0.04257244,2378.6634,2163.0699,7532.4340,7748.0274,0.03370318,0.03466783,0.00177385,18.3071,35.3906,1.7021,111.3606,22.7319,2511.1605,65.4270,19.5018,17.8433,6.2314,10.3857,29.4087,42.1647,51.0976,84.0248,10.2195,-6.1317,4.919981,8.090411,1.762719,10,81,100,8,0.29790265,0.04434629,0.01893081,0E-8,0.000000,0.922083,0.000000,0.03619937,2026-03-22,2026-08-06,89,436,292,138,0.644928,1.092949,1.065259,0.993009,,,,,,,,GLOBAL_BASELINE_NO_ENTITY_RANKING,,,NOT_APPLICABLE_GLOBAL_BASELINE,HF9g-P5,,,,X 全窗基线 · 不参与实体赏罚,15058775,1506,A168_HF9F_20260827_0900,2026-08-27 09:00:00
2026-08-05,94349862,772,0,252.1415871985,-25.4566025535,-25.4566025535,0.3750000,18,8,0.41595619268576393,0.277744812500,-0.23502716509666385,0.6141712120067948,-0.23502716509666385,0.13821138018576393,ELIGIBLE,R03b_20260811_FULL_v1,L1_ELIGIBILITY,v2026-08-11,2026-03-21..2026-08-06,baccarat_bet02_101_all_pairs_incl_sentinel,round_win = game_pnl > 0 (decisive only),COMPATIBILITY_ONLY_NOT_PRODUCTION,223493.2844,206079.2994,9911.0973,12208,5823,-0.04434629,-0.01893081,-0.05513017,-0.04434629,-9911.0973,223493.2844,OK,0.0000,396.4439,4.0000,96.0000,AG03-UNRESOLVED,ALL5_LEVELS_bet23_to_bet27,396.4439,396.4439,396.4439,594.6658,594.6658,4.000000,4.000000,4.000000,6.000000,6.000000,96.000000,96.000000,96.000000,94.000000,94.000000,5.0,2378.6634,2163.0699,7532.4340,7748.0274,PENDING_AG03,FALSE,NOT_FOR_ENFORCEMENT,9514.6534,197836.1275,9911.0973,9514.6534,396.4439,0.04434629,0.04257244,396.4439,9514.6534,0.04257244,396.4439,396.4439,396.4439,594.6658,594.6658,9514.6534,0.04257244,2378.6634,2163.0699,7532.4340,7748.0274,0.03370318,0.03466783,0.00177385,18.3071,35.3906,1.7021,111.3606,22.7319,2511.1605,65.4270,19.5018,17.8433,6.2314,10.3857,29.4087,42.1647,51.0976,84.0248,10.2195,-6.1317,4.919981,8.090411,1.762719,10,81,100,8,0.29790265,0.04434629,0.01893081,0E-8,0.000000,0.922083,0.000000,0.03619937,2026-03-22,2026-08-06,89,436,292,138,0.644928,1.092949,1.065259,0.993009,,,,,,,,GLOBAL_BASELINE_NO_ENTITY_RANKING,,,NOT_APPLICABLE_GLOBAL_BASELINE,HF9g-P5,,,,X 全窗基线 · 不参与实体赏罚,15058776,1506,A168_HF9F_20260827_0900,2026-08-27 09:00:00
2026-08-05,94349862,925,0,371.3431388391,-140.2133505735,-140.2133505735,0.4000000,27,15,0.43704066444281785,0.361708743333,-0.28921776219305534,0.30864290496592406,-0.28921776219305534,0.07533192110981785,ELIGIBLE,R03b_20260811_FULL_v1,L1_ELIGIBILITY,v2026-08-11,2026-03-21..2026-08-06,baccarat_bet02_101_all_pairs_incl_sentinel,round_win = game_pnl > 0 (decisive only),COMPATIBILITY_ONLY_NOT_PRODUCTION,223493.2844,206079.2994,9911.0973,12208,5823,-0.04434629,-0.01893081,-0.05513017,-0.04434629,-9911.0973,223493.2844,OK,0.0000,396.4439,4.0000,96.0000,AG03-UNRESOLVED,ALL5_LEVELS_bet23_to_bet27,396.4439,396.4439,396.4439,594.6658,594.6658,4.000000,4.000000,4.000000,6.000000,6.000000,96.000000,96.000000,96.000000,94.000000,94.000000,5.0,2378.6634,2163.0699,7532.4340,7748.0274,PENDING_AG03,FALSE,NOT_FOR_ENFORCEMENT,9514.6534,197836.1275,9911.0973,9514.6534,396.4439,0.04434629,0.04257244,396.4439,9514.6534,0.04257244,396.4439,396.4439,396.4439,594.6658,594.6658,9514.6534,0.04257244,2378.6634,2163.0699,7532.4340,7748.0274,0.03370318,0.03466783,0.00177385,18.3071,35.3906,1.7021,111.3606,22.7319,2511.1605,65.4270,19.5018,17.8433,6.2314,10.3857,29.4087,42.1647,51.0976,84.0248,10.2195,-6.1317,4.919981,8.090411,1.762719,10,81,100,8,0.29790265,0.04434629,0.01893081,0E-8,0.000000,0.922083,0.000000,0.03619937,2026-03-22,2026-08-06,89,436,292,138,0.644928,1.092949,1.065259,0.993009,,,,,,,,GLOBAL_BASELINE_NO_ENTITY_RANKING,,,NOT_APPLICABLE_GLOBAL_BASELINE,HF9g-P5,,,,X 全窗基线 · 不参与实体赏罚,15058777,1506,A168_HF9F_20260827_0900,2026-08-27 09:00:00
2026-08-06,94349862,1304,0,228.3012768707,133.2430903510,133.2430903510,1.0000000,11,4,0.40892992702058128,0.218443487500,2.4045013958617942,3.7830374278367223,2.4045013958617942,0.19048643952058128,ELIGIBLE,R03b_20260811_FULL_v1,L1_ELIGIBILITY,v2026-08-11,2026-03-21..2026-08-06,baccarat_bet02_101_all_pairs_incl_sentinel,round_win = game_pnl > 0 (decisive only),COMPATIBILITY_ONLY_NOT_PRODUCTION,223493.2844,206079.2994,9911.0973,12208,5823,-0.04434629,-0.01893081,-0.05513017,-0.04434629,-9911.0973,223493.2844,OK,0.0000,396.4439,4.0000,96.0000,AG03-UNRESOLVED,ALL5_LEVELS_bet23_to_bet27,396.4439,396.4439,396.4439,594.6658,594.6658,4.000000,4.000000,4.000000,6.000000,6.000000,96.000000,96.000000,96.000000,94.000000,94.000000,5.0,2378.6634,2163.0699,7532.4340,7748.0274,PENDING_AG03,FALSE,NOT_FOR_ENFORCEMENT,9514.6534,197836.1275,9911.0973,9514.6534,396.4439,0.04434629,0.04257244,396.4439,9514.6534,0.04257244,396.4439,396.4439,396.4439,594.6658,594.6658,9514.6534,0.04257244,2378.6634,2163.0699,7532.4340,7748.0274,0.03370318,0.03466783,0.00177385,18.3071,35.3906,1.7021,111.3606,22.7319,2511.1605,65.4270,19.5018,17.8433,6.2314,10.3857,29.4087,42.1647,51.0976,84.0248,10.2195,-6.1317,4.919981,8.090411,1.762719,10,81,100,8,0.29790265,0.04434629,0.01893081,0E-8,0.000000,0.922083,0.000000,0.03619937,2026-03-22,2026-08-06,89,436,292,138,0.644928,1.092949,1.065259,0.993009,,,,,,,,GLOBAL_BASELINE_NO_ENTITY_RANKING,,,NOT_APPLICABLE_GLOBAL_BASELINE,HF9g-P5,,,,X 全窗基线 · 不参与实体赏罚,15058778,1506,A168_HF9F_20260827_0900,2026-08-27 09:00:00
2026-08-06,94349862,1353,0,846.9371262317,-224.7757394529,-224.7757394529,0.4062500,56,33,0.44928904494593664,0.372153853030,-0.48945508208602234,0.3990179352323396,-0.48945508208602234,0.07713519191593664,ELIGIBLE,R03b_20260811_FULL_v1,L1_ELIGIBILITY,v2026-08-11,2026-03-21..2026-08-06,baccarat_bet02_101_all_pairs_incl_sentinel,round_win = game_pnl > 0 (decisive only),COMPATIBILITY_ONLY_NOT_PRODUCTION,223493.2844,206079.2994,9911.0973,12208,5823,-0.04434629,-0.01893081,-0.05513017,-0.04434629,-9911.0973,223493.2844,OK,0.0000,396.4439,4.0000,96.0000,AG03-UNRESOLVED,ALL5_LEVELS_bet23_to_bet27,396.4439,396.4439,396.4439,594.6658,594.6658,4.000000,4.000000,4.000000,6.000000,6.000000,96.000000,96.000000,96.000000,94.000000,94.000000,5.0,2378.6634,2163.0699,7532.4340,7748.0274,PENDING_AG03,FALSE,NOT_FOR_ENFORCEMENT,9514.6534,197836.1275,9911.0973,9514.6534,396.4439,0.04434629,0.04257244,396.4439,9514.6534,0.04257244,396.4439,396.4439,396.4439,594.6658,594.6658,9514.6534,0.04257244,2378.6634,2163.0699,7532.4340,7748.0274,0.03370318,0.03466783,0.00177385,18.3071,35.3906,1.7021,111.3606,22.7319,2511.1605,65.4270,19.5018,17.8433,6.2314,10.3857,29.4087,42.1647,51.0976,84.0248,10.2195,-6.1317,4.919981,8.090411,1.762719,10,81,100,8,0.29790265,0.04434629,0.01893081,0E-8,0.000000,0.922083,0.000000,0.03619937,2026-03-22,2026-08-06,89,436,292,138,0.644928,1.092949,1.065259,0.993009,,,,,,,,GLOBAL_BASELINE_NO_ENTITY_RANKING,,,NOT_APPLICABLE_GLOBAL_BASELINE,HF9g-P5,,,,X 全窗基线 · 不参与实体赏罚,15058779,1506,A168_HF9F_20260827_0900,2026-08-27 09:00:00
2026-08-06,94349862,1490,0,18.1832875384,38.3869403588,38.3869403588,1.0000000,2,1,0.40176594444419290,0.287416500000,1.2202505318748276,1.5745702178656522,1.2202505318748276,0.11434944444419290,ELIGIBLE,R03b_20260811_FULL_v1,L1_ELIGIBILITY,v2026-08-11,2026-03-21..2026-08-06,baccarat_bet02_101_all_pairs_incl_sentinel,round_win = game_pnl > 0 (decisive only),COMPATIBILITY_ONLY_NOT_PRODUCTION,223493.2844,206079.2994,9911.0973,12208,5823,-0.04434629,-0.01893081,-0.05513017,-0.04434629,-9911.0973,223493.2844,OK,0.0000,396.4439,4.0000,96.0000,AG03-UNRESOLVED,ALL5_LEVELS_bet23_to_bet27,396.4439,396.4439,396.4439,594.6658,594.6658,4.000000,4.000000,4.000000,6.000000,6.000000,96.000000,96.000000,96.000000,94.000000,94.000000,5.0,2378.6634,2163.0699,7532.4340,7748.0274,PENDING_AG03,FALSE,NOT_FOR_ENFORCEMENT,9514.6534,197836.1275,9911.0973,9514.6534,396.4439,0.04434629,0.04257244,396.4439,9514.6534,0.04257244,396.4439,396.4439,396.4439,594.6658,594.6658,9514.6534,0.04257244,2378.6634,2163.0699,7532.4340,7748.0274,0.03370318,0.03466783,0.00177385,18.3071,35.3906,1.7021,111.3606,22.7319,2511.1605,65.4270,19.5018,17.8433,6.2314,10.3857,29.4087,42.1647,51.0976,84.0248,10.2195,-6.1317,4.919981,8.090411,1.762719,10,81,100,8,0.29790265,0.04434629,0.01893081,0E-8,0.000000,0.922083,0.000000,0.03619937,2026-03-22,2026-08-06,89,436,292,138,0.644928,1.092949,1.065259,0.993009,,,,,,,,GLOBAL_BASELINE_NO_ENTITY_RANKING,,,NOT_APPLICABLE_GLOBAL_BASELINE,HF9g-P5,,,,X 全窗基线 · 不参与实体赏罚,15058780,1506,A168_HF9F_20260827_0900,2026-08-27 09:00:00
2026-08-06,94349862,1645,0,218.1994504604,171.5290124455,171.5290124455,0.8000000,17,10,0.45318771077783877,0.376447120000,2.203110512277594,2.7645153451326467,2.203110512277594,0.07674059077783877,ELIGIBLE,R03b_20260811_FULL_v1,L1_ELIGIBILITY,v2026-08-11,2026-03-21..2026-08-06,baccarat_bet02_101_all_pairs_incl_sentinel,round_win = game_pnl > 0 (decisive only),COMPATIBILITY_ONLY_NOT_PRODUCTION,223493.2844,206079.2994,9911.0973,12208,5823,-0.04434629,-0.01893081,-0.05513017,-0.04434629,-9911.0973,223493.2844,OK,0.0000,396.4439,4.0000,96.0000,AG03-UNRESOLVED,ALL5_LEVELS_bet23_to_bet27,396.4439,396.4439,396.4439,594.6658,594.6658,4.000000,4.000000,4.000000,6.000000,6.000000,96.000000,96.000000,96.000000,94.000000,94.000000,5.0,2378.6634,2163.0699,7532.4340,7748.0274,PENDING_AG03,FALSE,NOT_FOR_ENFORCEMENT,9514.6534,197836.1275,9911.0973,9514.6534,396.4439,0.04434629,0.04257244,396.4439,9514.6534,0.04257244,396.4439,396.4439,396.4439,594.6658,594.6658,9514.6534,0.04257244,2378.6634,2163.0699,7532.4340,7748.0274,0.03370318,0.03466783,0.00177385,18.3071,35.3906,1.7021,111.3606,22.7319,2511.1605,65.4270,19.5018,17.8433,6.2314,10.3857,29.4087,42.1647,51.0976,84.0248,10.2195,-6.1317,4.919981,8.090411,1.762719,10,81,100,8,0.29790265,0.04434629,0.01893081,0E-8,0.000000,0.922083,0.000000,0.03619937,2026-03-22,2026-08-06,89,436,292,138,0.644928,1.092949,1.065259,0.993009,,,,,,,,GLOBAL_BASELINE_NO_ENTITY_RANKING,,,NOT_APPLICABLE_GLOBAL_BASELINE,HF9g-P5,,,,X 全窗基线 · 不参与实体赏罚,15058781,1506,A168_HF9F_20260827_0900,2026-08-27 09:00:00
2026-08-06,94349862,1990,0,224.2605463065,23.0321642153,23.0321642153,0.7142857,14,8,0.44729557114760182,0.366121587500,1.4206937727396414,1.9121298982353787,1.4206937727396414,0.08117398364760182,ELIGIBLE,R03b_20260811_FULL_v1,L1_ELIGIBILITY,v2026-08-11,2026-03-21..2026-08-06,baccarat_bet02_101_all_pairs_incl_sentinel,round_win = game_pnl > 0 (decisive only),COMPATIBILITY_ONLY_NOT_PRODUCTION,223493.2844,206079.2994,9911.0973,12208,5823,-0.04434629,-0.01893081,-0.05513017,-0.04434629,-9911.0973,223493.2844,OK,0.0000,396.4439,4.0000,96.0000,AG03-UNRESOLVED,ALL5_LEVELS_bet23_to_bet27,396.4439,396.4439,396.4439,594.6658,594.6658,4.000000,4.000000,4.000000,6.000000,6.000000,96.000000,96.000000,96.000000,94.000000,94.000000,5.0,2378.6634,2163.0699,7532.4340,7748.0274,PENDING_AG03,FALSE,NOT_FOR_ENFORCEMENT,9514.6534,197836.1275,9911.0973,9514.6534,396.4439,0.04434629,0.04257244,396.4439,9514.6534,0.04257244,396.4439,396.4439,396.4439,594.6658,594.6658,9514.6534,0.04257244,2378.6634,2163.0699,7532.4340,7748.0274,0.03370318,0.03466783,0.00177385,18.3071,35.3906,1.7021,111.3606,22.7319,2511.1605,65.4270,19.5018,17.8433,6.2314,10.3857,29.4087,42.1647,51.0976,84.0248,10.2195,-6.1317,4.919981,8.090411,1.762719,10,81,100,8,0.29790265,0.04434629,0.01893081,0E-8,0.000000,0.922083,0.000000,0.03619937,2026-03-22,2026-08-06,89,436,292,138,0.644928,1.092949,1.065259,0.993009,,,,,,,,GLOBAL_BASELINE_NO_ENTITY_RANKING,,,NOT_APPLICABLE_GLOBAL_BASELINE,HF9g-P5,,,,X 全窗基线 · 不参与实体赏罚,15058782,1506,A168_HF9F_20260827_0900,2026-08-27 09:00:00
2026-08-06,94349862,2129,0,34.3462097947,-18.1832875384,-18.1832875384,0E-7,3,2,0.45207969999979625,0.390331000000,-1.2845878362979422,-1.1315779169514892,-1.2845878362979422,0.06174869999979625,ELIGIBLE,R03b_20260811_FULL_v1,L1_ELIGIBILITY,v2026-08-11,2026-03-21..2026-08-06,baccarat_bet02_101_all_pairs_incl_sentinel,round_win = game_pnl > 0 (decisive only),COMPATIBILITY_ONLY_NOT_PRODUCTION,223493.2844,206079.2994,9911.0973,12208,5823,-0.04434629,-0.01893081,-0.05513017,-0.04434629,-9911.0973,223493.2844,OK,0.0000,396.4439,4.0000,96.0000,AG03-UNRESOLVED,ALL5_LEVELS_bet23_to_bet27,396.4439,396.4439,396.4439,594.6658,594.6658,4.000000,4.000000,4.000000,6.000000,6.000000,96.000000,96.000000,96.000000,94.000000,94.000000,5.0,2378.6634,2163.0699,7532.4340,7748.0274,PENDING_AG03,FALSE,NOT_FOR_ENFORCEMENT,9514.6534,197836.1275,9911.0973,9514.6534,396.4439,0.04434629,0.04257244,396.4439,9514.6534,0.04257244,396.4439,396.4439,396.4439,594.6658,594.6658,9514.6534,0.04257244,2378.6634,2163.0699,7532.4340,7748.0274,0.03370318,0.03466783,0.00177385,18.3071,35.3906,1.7021,111.3606,22.7319,2511.1605,65.4270,19.5018,17.8433,6.2314,10.3857,29.4087,42.1647,51.0976,84.0248,10.2195,-6.1317,4.919981,8.090411,1.762719,10,81,100,8,0.29790265,0.04434629,0.01893081,0E-8,0.000000,0.922083,0.000000,0.03619937,2026-03-22,2026-08-06,89,436,292,138,0.644928,1.092949,1.065259,0.993009,,,,,,,,GLOBAL_BASELINE_NO_ENTITY_RANKING,,,NOT_APPLICABLE_GLOBAL_BASELINE,HF9g-P5,,,,X 全窗基线 · 不参与实体赏罚,15058783,1506,A168_HF9F_20260827_0900,2026-08-27 09:00:00
2026-08-06,94349862,462,0,1257.0712784864,-130.9802812341,-130.9802812341,0.4878049,73,42,0.44282304548838956,0.353988526190,0.5798523120458774,1.791787100468192,0.5798523120458774,0.08883451929838956,ELIGIBLE,R03b_20260811_FULL_v1,L1_ELIGIBILITY,v2026-08-11,2026-03-21..2026-08-06,baccarat_bet02_101_all_pairs_incl_sentinel,round_win = game_pnl > 0 (decisive only),COMPATIBILITY_ONLY_NOT_PRODUCTION,223493.2844,206079.2994,9911.0973,12208,5823,-0.04434629,-0.01893081,-0.05513017,-0.04434629,-9911.0973,223493.2844,OK,0.0000,396.4439,4.0000,96.0000,AG03-UNRESOLVED,ALL5_LEVELS_bet23_to_bet27,396.4439,396.4439,396.4439,594.6658,594.6658,4.000000,4.000000,4.000000,6.000000,6.000000,96.000000,96.000000,96.000000,94.000000,94.000000,5.0,2378.6634,2163.0699,7532.4340,7748.0274,PENDING_AG03,FALSE,NOT_FOR_ENFORCEMENT,9514.6534,197836.1275,9911.0973,9514.6534,396.4439,0.04434629,0.04257244,396.4439,9514.6534,0.04257244,396.4439,396.4439,396.4439,594.6658,594.6658,9514.6534,0.04257244,2378.6634,2163.0699,7532.4340,7748.0274,0.03370318,0.03466783,0.00177385,18.3071,35.3906,1.7021,111.3606,22.7319,2511.1605,65.4270,19.5018,17.8433,6.2314,10.3857,29.4087,42.1647,51.0976,84.0248,10.2195,-6.1317,4.919981,8.090411,1.762719,10,81,100,8,0.29790265,0.04434629,0.01893081,0E-8,0.000000,0.922083,0.000000,0.03619937,2026-03-22,2026-08-06,89,436,292,138,0.644928,1.092949,1.065259,0.993009,,,,,,,,GLOBAL_BASELINE_NO_ENTITY_RANKING,,,NOT_APPLICABLE_GLOBAL_BASELINE,HF9g-P5,,,,X 全窗基线 · 不参与实体赏罚,15058784,1506,A168_HF9F_20260827_0900,2026-08-27 09:00:00
2026-08-06,94349862,471,0,531.3560691768,119.1005333770,119.1005333770,0.6363636,28,11,0.41248351252984958,0.252575338636,1.5083375908918064,2.9296037796018233,1.5083375908918064,0.15990817389384958,ELIGIBLE,R03b_20260811_FULL_v1,L1_ELIGIBILITY,v2026-08-11,2026-03-21..2026-08-06,baccarat_bet02_101_all_pairs_incl_sentinel,round_win = game_pnl > 0 (decisive only),COMPATIBILITY_ONLY_NOT_PRODUCTION,223493.2844,206079.2994,9911.0973,12208,5823,-0.04434629,-0.01893081,-0.05513017,-0.04434629,-9911.0973,223493.2844,OK,0.0000,396.4439,4.0000,96.0000,AG03-UNRESOLVED,ALL5_LEVELS_bet23_to_bet27,396.4439,396.4439,396.4439,594.6658,594.6658,4.000000,4.000000,4.000000,6.000000,6.000000,96.000000,96.000000,96.000000,94.000000,94.000000,5.0,2378.6634,2163.0699,7532.4340,7748.0274,PENDING_AG03,FALSE,NOT_FOR_ENFORCEMENT,9514.6534,197836.1275,9911.0973,9514.6534,396.4439,0.04434629,0.04257244,396.4439,9514.6534,0.04257244,396.4439,396.4439,396.4439,594.6658,594.6658,9514.6534,0.04257244,2378.6634,2163.0699,7532.4340,7748.0274,0.03370318,0.03466783,0.00177385,18.3071,35.3906,1.7021,111.3606,22.7319,2511.1605,65.4270,19.5018,17.8433,6.2314,10.3857,29.4087,42.1647,51.0976,84.0248,10.2195,-6.1317,4.919981,8.090411,1.762719,10,81,100,8,0.29790265,0.04434629,0.01893081,0E-8,0.000000,0.922083,0.000000,0.03619937,2026-03-22,2026-08-06,89,436,292,138,0.644928,1.092949,1.065259,0.993009,,,,,,,,GLOBAL_BASELINE_NO_ENTITY_RANKING,,,NOT_APPLICABLE_GLOBAL_BASELINE,HF9g-P5,,,,X 全窗基线 · 不参与实体赏罚,15058785,1506,A168_HF9F_20260827_0900,2026-08-27 09:00:00
2026-08-06,94349862,925,0,408.1137869725,320.2278972037,320.2278972037,0.6000000,17,11,0.45070396284017483,0.391326990909,0.948853926099674,1.3520861215634123,0.948853926099674,0.05937697193117483,ELIGIBLE,R03b_20260811_FULL_v1,L1_ELIGIBILITY,v2026-08-11,2026-03-21..2026-08-06,baccarat_bet02_101_all_pairs_incl_sentinel,round_win = game_pnl > 0 (decisive only),COMPATIBILITY_ONLY_NOT_PRODUCTION,223493.2844,206079.2994,9911.0973,12208,5823,-0.04434629,-0.01893081,-0.05513017,-0.04434629,-9911.0973,223493.2844,OK,0.0000,396.4439,4.0000,96.0000,AG03-UNRESOLVED,ALL5_LEVELS_bet23_to_bet27,396.4439,396.4439,396.4439,594.6658,594.6658,4.000000,4.000000,4.000000,6.000000,6.000000,96.000000,96.000000,96.000000,94.000000,94.000000,5.0,2378.6634,2163.0699,7532.4340,7748.0274,PENDING_AG03,FALSE,NOT_FOR_ENFORCEMENT,9514.6534,197836.1275,9911.0973,9514.6534,396.4439,0.04434629,0.04257244,396.4439,9514.6534,0.04257244,396.4439,396.4439,396.4439,594.6658,594.6658,9514.6534,0.04257244,2378.6634,2163.0699,7532.4340,7748.0274,0.03370318,0.03466783,0.00177385,18.3071,35.3906,1.7021,111.3606,22.7319,2511.1605,65.4270,19.5018,17.8433,6.2314,10.3857,29.4087,42.1647,51.0976,84.0248,10.2195,-6.1317,4.919981,8.090411,1.762719,10,81,100,8,0.29790265,0.04434629,0.01893081,0E-8,0.000000,0.922083,0.000000,0.03619937,2026-03-22,2026-08-06,89,436,292,138,0.644928,1.092949,1.065259,0.993009,,,,,,,,GLOBAL_BASELINE_NO_ENTITY_RANKING,,,NOT_APPLICABLE_GLOBAL_BASELINE,HF9g-P5,,,,X 全窗基线 · 不参与实体赏罚,15058786,1506,A168_HF9F_20260827_0900,2026-08-27 09:00:00
2026-08-06,94349862,948,0,73.3392597380,-61.5201228381,-61.5201228381,0.1666667,8,6,0.47512988333345050,0.446253666667,-1.5130278137219553,-1.377673385963964,-1.5130278137219553,0.02887621666645050,ELIGIBLE,R03b_20260811_FULL_v1,L1_ELIGIBILITY,v2026-08-11,2026-03-21..2026-08-06,baccarat_bet02_101_all_pairs_incl_sentinel,round_win = game_pnl > 0 (decisive only),COMPATIBILITY_ONLY_NOT_PRODUCTION,223493.2844,206079.2994,9911.0973,12208,5823,-0.04434629,-0.01893081,-0.05513017,-0.04434629,-9911.0973,223493.2844,OK,0.0000,396.4439,4.0000,96.0000,AG03-UNRESOLVED,ALL5_LEVELS_bet23_to_bet27,396.4439,396.4439,396.4439,594.6658,594.6658,4.000000,4.000000,4.000000,6.000000,6.000000,96.000000,96.000000,96.000000,94.000000,94.000000,5.0,2378.6634,2163.0699,7532.4340,7748.0274,PENDING_AG03,FALSE,NOT_FOR_ENFORCEMENT,9514.6534,197836.1275,9911.0973,9514.6534,396.4439,0.04434629,0.04257244,396.4439,9514.6534,0.04257244,396.4439,396.4439,396.4439,594.6658,594.6658,9514.6534,0.04257244,2378.6634,2163.0699,7532.4340,7748.0274,0.03370318,0.03466783,0.00177385,18.3071,35.3906,1.7021,111.3606,22.7319,2511.1605,65.4270,19.5018,17.8433,6.2314,10.3857,29.4087,42.1647,51.0976,84.0248,10.2195,-6.1317,4.919981,8.090411,1.762719,10,81,100,8,0.29790265,0.04434629,0.01893081,0E-8,0.000000,0.922083,0.000000,0.03619937,2026-03-22,2026-08-06,89,436,292,138,0.644928,1.092949,1.065259,0.993009,,,,,,,,GLOBAL_BASELINE_NO_ENTITY_RANKING,,,NOT_APPLICABLE_GLOBAL_BASELINE,HF9g-P5,,,,X 全窗基线 · 不参与实体赏罚,15058787,1506,A168_HF9F_20260827_0900,2026-08-27 09:00:00
2026-05-12,17529000,1935,0,111.5666026672,-111.5666026672,-111.5666026672,0E-7,1,1,0.49324550000000000,0.493245500000,-0.9865810262130424,-0.9865810262130424,-0.9865810262130424,0E-17,ELIGIBLE,R03b_20260811_FULL_v1,L1_ELIGIBILITY,v2026-08-11,2026-03-21..2026-08-06,baccarat_bet02_101_all_pairs_incl_sentinel,round_win = game_pnl > 0 (decisive only),COMPATIBILITY_ONLY_NOT_PRODUCTION,234594.9955,169540.3402,9810.4062,19851,11308,-0.04181848,-0.03860046,-0.05116595,-0.04181848,-9810.4062,234594.9955,OK,0.0000,294.3122,3.0000,97.0000,AG03-UNRESOLVED,ALL5_LEVELS_bet23_to_bet27,294.3122,294.3122,294.3122,392.4162,490.5203,3.000000,3.000000,3.000000,4.000000,5.000000,97.000000,97.000000,97.000000,96.000000,95.000000,5.0,1765.8731,1644.6383,8044.5331,8165.7679,PENDING_AG03,FALSE,NOT_FOR_ENFORCEMENT,9516.0940,164454.1300,9810.4062,9516.0940,294.3122,0.04181848,0.04056393,294.3122,9516.0940,0.04056393,294.3122,294.3122,294.3122,392.4162,490.5203,9516.0940,0.04056393,1765.8731,1644.6383,8044.5331,8165.7679,0.03429115,0.03480794,0.00125455,11.8178,14.9930,0.8676,208.7320,5.3202,4991.3829,240.5957,12.7170,9.8041,2.5818,2.84,3.3563,4.9054,16.007,177.8754,0.2582,0.0,5.636364,62.633151,4.16126,29,188,6,10,0.74390005,0.04181848,0.03860046,0E-8,0.000000,0.722694,0.000000,0.01256549,2026-05-12,2026-08-02,47,1844,580,83,0.566265,1.297104,1.076088,2.479667,,,,,,,,GLOBAL_BASELINE_NO_ENTITY_RANKING,,,NOT_APPLICABLE_GLOBAL_BASELINE,HF9g-P5,,,,X 全窗基线 · 不参与实体赏罚,15058788,1506,A168_HF9F_20260827_0900,2026-08-27 09:00:00
2026-05-12,17529000,2205,0,129.4691505375,-14.8928441703,-14.8928441703,0.2222222,10,10,0.49592654000000000,0.495926540000,-1.6422804085395202,-1.6422804085395202,-1.6422804085395202,0E-17,ELIGIBLE,R03b_20260811_FULL_v1,L1_ELIGIBILITY,v2026-08-11,2026-03-21..2026-08-06,baccarat_bet02_101_all_pairs_incl_sentinel,round_win = game_pnl > 0 (decisive only),COMPATIBILITY_ONLY_NOT_PRODUCTION,234594.9955,169540.3402,9810.4062,19851,11308,-0.04181848,-0.03860046,-0.05116595,-0.04181848,-9810.4062,234594.9955,OK,0.0000,294.3122,3.0000,97.0000,AG03-UNRESOLVED,ALL5_LEVELS_bet23_to_bet27,294.3122,294.3122,294.3122,392.4162,490.5203,3.000000,3.000000,3.000000,4.000000,5.000000,97.000000,97.000000,97.000000,96.000000,95.000000,5.0,1765.8731,1644.6383,8044.5331,8165.7679,PENDING_AG03,FALSE,NOT_FOR_ENFORCEMENT,9516.0940,164454.1300,9810.4062,9516.0940,294.3122,0.04181848,0.04056393,294.3122,9516.0940,0.04056393,294.3122,294.3122,294.3122,392.4162,490.5203,9516.0940,0.04056393,1765.8731,1644.6383,8044.5331,8165.7679,0.03429115,0.03480794,0.00125455,11.8178,14.9930,0.8676,208.7320,5.3202,4991.3829,240.5957,12.7170,9.8041,2.5818,2.84,3.3563,4.9054,16.007,177.8754,0.2582,0.0,5.636364,62.633151,4.16126,29,188,6,10,0.74390005,0.04181848,0.03860046,0E-8,0.000000,0.722694,0.000000,0.01256549,2026-05-12,2026-08-02,47,1844,580,83,0.566265,1.297104,1.076088,2.479667,,,,,,,,GLOBAL_BASELINE_NO_ENTITY_RANKING,,,NOT_APPLICABLE_GLOBAL_BASELINE,HF9g-P5,,,,X 全窗基线 · 不参与实体赏罚,15058789,1506,A168_HF9F_20260827_0900,2026-08-27 09:00:00
2026-05-12,17529000,2242,0,7.7837164653,-2.5945721551,-2.5945721551,0.3333333,3,3,0.49771390000000000,0.497713900000,-0.5694369385616226,-0.5694369385616226,-0.5694369385616226,0E-17,ELIGIBLE,R03b_20260811_FULL_v1,L1_ELIGIBILITY,v2026-08-11,2026-03-21..2026-08-06,baccarat_bet02_101_all_pairs_incl_sentinel,round_win = game_pnl > 0 (decisive only),COMPATIBILITY_ONLY_NOT_PRODUCTION,234594.9955,169540.3402,9810.4062,19851,11308,-0.04181848,-0.03860046,-0.05116595,-0.04181848,-9810.4062,234594.9955,OK,0.0000,294.3122,3.0000,97.0000,AG03-UNRESOLVED,ALL5_LEVELS_bet23_to_bet27,294.3122,294.3122,294.3122,392.4162,490.5203,3.000000,3.000000,3.000000,4.000000,5.000000,97.000000,97.000000,97.000000,96.000000,95.000000,5.0,1765.8731,1644.6383,8044.5331,8165.7679,PENDING_AG03,FALSE,NOT_FOR_ENFORCEMENT,9516.0940,164454.1300,9810.4062,9516.0940,294.3122,0.04181848,0.04056393,294.3122,9516.0940,0.04056393,294.3122,294.3122,294.3122,392.4162,490.5203,9516.0940,0.04056393,1765.8731,1644.6383,8044.5331,8165.7679,0.03429115,0.03480794,0.00125455,11.8178,14.9930,0.8676,208.7320,5.3202,4991.3829,240.5957,12.7170,9.8041,2.5818,2.84,3.3563,4.9054,16.007,177.8754,0.2582,0.0,5.636364,62.633151,4.16126,29,188,6,10,0.74390005,0.04181848,0.03860046,0E-8,0.000000,0.722694,0.000000,0.01256549,2026-05-12,2026-08-02,47,1844,580,83,0.566265,1.297104,1.076088,2.479667,,,,,,,,GLOBAL_BASELINE_NO_ENTITY_RANKING,,,NOT_APPLICABLE_GLOBAL_BASELINE,HF9g-P5,,,,X 全窗基线 · 不参与实体赏罚,15058790,1506,A168_HF9F_20260827_0900,2026-08-27 09:00:00
2026-05-12,17529000,2258,0,12.9728607755,2.5945721551,2.5945721551,0.6000000,5,5,0.49324550000000000,0.493245500000,0.47746420675292983,0.47746420675292983,0.47746420675292983,0E-17,ELIGIBLE,R03b_20260811_FULL_v1,L1_ELIGIBILITY,v2026-08-11,2026-03-21..2026-08-06,baccarat_bet02_101_all_pairs_incl_sentinel,round_win = game_pnl > 0 (decisive only),COMPATIBILITY_ONLY_NOT_PRODUCTION,234594.9955,169540.3402,9810.4062,19851,11308,-0.04181848,-0.03860046,-0.05116595,-0.04181848,-9810.4062,234594.9955,OK,0.0000,294.3122,3.0000,97.0000,AG03-UNRESOLVED,ALL5_LEVELS_bet23_to_bet27,294.3122,294.3122,294.3122,392.4162,490.5203,3.000000,3.000000,3.000000,4.000000,5.000000,97.000000,97.000000,97.000000,96.000000,95.000000,5.0,1765.8731,1644.6383,8044.5331,8165.7679,PENDING_AG03,FALSE,NOT_FOR_ENFORCEMENT,9516.0940,164454.1300,9810.4062,9516.0940,294.3122,0.04181848,0.04056393,294.3122,9516.0940,0.04056393,294.3122,294.3122,294.3122,392.4162,490.5203,9516.0940,0.04056393,1765.8731,1644.6383,8044.5331,8165.7679,0.03429115,0.03480794,0.00125455,11.8178,14.9930,0.8676,208.7320,5.3202,4991.3829,240.5957,12.7170,9.8041,2.5818,2.84,3.3563,4.9054,16.007,177.8754,0.2582,0.0,5.636364,62.633151,4.16126,29,188,6,10,0.74390005,0.04181848,0.03860046,0E-8,0.000000,0.722694,0.000000,0.01256549,2026-05-12,2026-08-02,47,1844,580,83,0.566265,1.297104,1.076088,2.479667,,,,,,,,GLOBAL_BASELINE_NO_ENTITY_RANKING,,,NOT_APPLICABLE_GLOBAL_BASELINE,HF9g-P5,,,,X 全窗基线 · 不参与实体赏罚,15058791,1506,A168_HF9F_20260827_0900,2026-08-27 09:00:00
2026-05-16,17529000,2235,0,185.2524518709,155.5705464169,155.5705464169,0.6666667,10,7,0.50430151898844905,0.503778157143,0.7954529648280207,0.7980102492650939,0.7954529648280207,0.00052336184544905,ELIGIBLE,R03b_20260811_FULL_v1,L1_ELIGIBILITY,v2026-08-11,2026-03-21..2026-08-06,baccarat_bet02_101_all_pairs_incl_sentinel,round_win = game_pnl > 0 (decisive only),COMPATIBILITY_ONLY_NOT_PRODUCTION,234594.9955,169540.3402,9810.4062,19851,11308,-0.04181848,-0.03860046,-0.05116595,-0.04181848,-9810.4062,234594.9955,OK,0.0000,294.3122,3.0000,97.0000,AG03-UNRESOLVED,ALL5_LEVELS_bet23_to_bet27,294.3122,294.3122,294.3122,392.4162,490.5203,3.000000,3.000000,3.000000,4.000000,5.000000,97.000000,97.000000,97.000000,96.000000,95.000000,5.0,1765.8731,1644.6383,8044.5331,8165.7679,PENDING_AG03,FALSE,NOT_FOR_ENFORCEMENT,9516.0940,164454.1300,9810.4062,9516.0940,294.3122,0.04181848,0.04056393,294.3122,9516.0940,0.04056393,294.3122,294.3122,294.3122,392.4162,490.5203,9516.0940,0.04056393,1765.8731,1644.6383,8044.5331,8165.7679,0.03429115,0.03480794,0.00125455,11.8178,14.9930,0.8676,208.7320,5.3202,4991.3829,240.5957,12.7170,9.8041,2.5818,2.84,3.3563,4.9054,16.007,177.8754,0.2582,0.0,5.636364,62.633151,4.16126,29,188,6,10,0.74390005,0.04181848,0.03860046,0E-8,0.000000,0.722694,0.000000,0.01256549,2026-05-12,2026-08-02,47,1844,580,83,0.566265,1.297104,1.076088,2.479667,,,,,,,,GLOBAL_BASELINE_NO_ENTITY_RANKING,,,NOT_APPLICABLE_GLOBAL_BASELINE,HF9g-P5,,,,X 全窗基线 · 不参与实体赏罚,15058792,1506,A168_HF9F_20260827_0900,2026-08-27 09:00:00
2026-05-22,17529000,1331,0,33.9888952313,22.1706190648,22.1706190648,1.0000000,5,3,0.50311206024841986,0.502182300000,1.7213036563317718,1.7245075243964754,1.7213036563317718,0.00092976024841986,ELIGIBLE,R03b_20260811_FULL_v1,L1_ELIGIBILITY,v2026-08-11,2026-03-21..2026-08-06,baccarat_bet02_101_all_pairs_incl_sentinel,round_win = game_pnl > 0 (decisive only),COMPATIBILITY_ONLY_NOT_PRODUCTION,234594.9955,169540.3402,9810.4062,19851,11308,-0.04181848,-0.03860046,-0.05116595,-0.04181848,-9810.4062,234594.9955,OK,0.0000,294.3122,3.0000,97.0000,AG03-UNRESOLVED,ALL5_LEVELS_bet23_to_bet27,294.3122,294.3122,294.3122,392.4162,490.5203,3.000000,3.000000,3.000000,4.000000,5.000000,97.000000,97.000000,97.000000,96.000000,95.000000,5.0,1765.8731,1644.6383,8044.5331,8165.7679,PENDING_AG03,FALSE,NOT_FOR_ENFORCEMENT,9516.0940,164454.1300,9810.4062,9516.0940,294.3122,0.04181848,0.04056393,294.3122,9516.0940,0.04056393,294.3122,294.3122,294.3122,392.4162,490.5203,9516.0940,0.04056393,1765.8731,1644.6383,8044.5331,8165.7679,0.03429115,0.03480794,0.00125455,11.8178,14.9930,0.8676,208.7320,5.3202,4991.3829,240.5957,12.7170,9.8041,2.5818,2.84,3.3563,4.9054,16.007,177.8754,0.2582,0.0,5.636364,62.633151,4.16126,29,188,6,10,0.74390005,0.04181848,0.03860046,0E-8,0.000000,0.722694,0.000000,0.01256549,2026-05-12,2026-08-02,47,1844,580,83,0.566265,1.297104,1.076088,2.479667,,,,,,,,GLOBAL_BASELINE_NO_ENTITY_RANKING,,,NOT_APPLICABLE_GLOBAL_BASELINE,HF9g-P5,,,,X 全窗基线 · 不参与实体赏罚,15058793,1506,A168_HF9F_20260827_0900,2026-08-27 09:00:00
2026-05-22,17529000,1384,0,29.0592081369,-7.0442634010,-7.0442634010,0.4000000,9,5,0.50199671239724217,0.501288620000,-0.4561468020051997,-0.4529779837142727,-0.4561468020051997,0.00070809239724217,ELIGIBLE,R03b_20260811_FULL_v1,L1_ELIGIBILITY,v2026-08-11,2026-03-21..2026-08-06,baccarat_bet02_101_all_pairs_incl_sentinel,round_win = game_pnl > 0 (decisive only),COMPATIBILITY_ONLY_NOT_PRODUCTION,234594.9955,169540.3402,9810.4062,19851,11308,-0.04181848,-0.03860046,-0.05116595,-0.04181848,-9810.4062,234594.9955,OK,0.0000,294.3122,3.0000,97.0000,AG03-UNRESOLVED,ALL5_LEVELS_bet23_to_bet27,294.3122,294.3122,294.3122,392.4162,490.5203,3.000000,3.000000,3.000000,4.000000,5.000000,97.000000,97.000000,97.000000,96.000000,95.000000,5.0,1765.8731,1644.6383,8044.5331,8165.7679,PENDING_AG03,FALSE,NOT_FOR_ENFORCEMENT,9516.0940,164454.1300,9810.4062,9516.0940,294.3122,0.04181848,0.04056393,294.3122,9516.0940,0.04056393,294.3122,294.3122,294.3122,392.4162,490.5203,9516.0940,0.04056393,1765.8731,1644.6383,8044.5331,8165.7679,0.03429115,0.03480794,0.00125455,11.8178,14.9930,0.8676,208.7320,5.3202,4991.3829,240.5957,12.7170,9.8041,2.5818,2.84,3.3563,4.9054,16.007,177.8754,0.2582,0.0,5.636364,62.633151,4.16126,29,188,6,10,0.74390005,0.04181848,0.03860046,0E-8,0.000000,0.722694,0.000000,0.01256549,2026-05-12,2026-08-02,47,1844,580,83,0.566265,1.297104,1.076088,2.479667,,,,,,,,GLOBAL_BASELINE_NO_ENTITY_RANKING,,,NOT_APPLICABLE_GLOBAL_BASELINE,HF9g-P5,,,,X 全窗基线 · 不参与实体赏罚,15058794,1506,A168_HF9F_20260827_0900,2026-08-27 09:00:00
2026-05-22,17529000,2142,0,3.3729438016,-3.3729438016,-3.3729438016,0E-7,1,1,0.49324550000000000,0.493245500000,-0.9865810262130424,-0.9865810262130424,-0.9865810262130424,0E-17,ELIGIBLE,R03b_20260811_FULL_v1,L1_ELIGIBILITY,v2026-08-11,2026-03-21..2026-08-06,baccarat_bet02_101_all_pairs_incl_sentinel,round_win = game_pnl > 0 (decisive only),COMPATIBILITY_ONLY_NOT_PRODUCTION,234594.9955,169540.3402,9810.4062,19851,11308,-0.04181848,-0.03860046,-0.05116595,-0.04181848,-9810.4062,234594.9955,OK,0.0000,294.3122,3.0000,97.0000,AG03-UNRESOLVED,ALL5_LEVELS_bet23_to_bet27,294.3122,294.3122,294.3122,392.4162,490.5203,3.000000,3.000000,3.000000,4.000000,5.000000,97.000000,97.000000,97.000000,96.000000,95.000000,5.0,1765.8731,1644.6383,8044.5331,8165.7679,PENDING_AG03,FALSE,NOT_FOR_ENFORCEMENT,9516.0940,164454.1300,9810.4062,9516.0940,294.3122,0.04181848,0.04056393,294.3122,9516.0940,0.04056393,294.3122,294.3122,294.3122,392.4162,490.5203,9516.0940,0.04056393,1765.8731,1644.6383,8044.5331,8165.7679,0.03429115,0.03480794,0.00125455,11.8178,14.9930,0.8676,208.7320,5.3202,4991.3829,240.5957,12.7170,9.8041,2.5818,2.84,3.3563,4.9054,16.007,177.8754,0.2582,0.0,5.636364,62.633151,4.16126,29,188,6,10,0.74390005,0.04181848,0.03860046,0E-8,0.000000,0.722694,0.000000,0.01256549,2026-05-12,2026-08-02,47,1844,580,83,0.566265,1.297104,1.076088,2.479667,,,,,,,,GLOBAL_BASELINE_NO_ENTITY_RANKING,,,NOT_APPLICABLE_GLOBAL_BASELINE,HF9g-P5,,,,X 全窗基线 · 不参与实体赏罚,15058795,1506,A168_HF9F_20260827_0900,2026-08-27 09:00:00
2026-05-23,17529000,-1,1,5.9675159567,-0.7783716465,-0.7783716465,0E-7,2,1,0.50082235217388374,0.499948100000,-1.0016460591012175,-0.9998962053866608,-1.0016460591012175,0.00087425217388374,SENTINEL_DEALER,R03b_20260811_FULL_v1,L1_ELIGIBILITY,v2026-08-11,2026-03-21..2026-08-06,baccarat_bet02_101_all_pairs_incl_sentinel,round_win = game_pnl > 0 (decisive only),COMPATIBILITY_ONLY_NOT_PRODUCTION,234594.9955,169540.3402,9810.4062,19851,11308,-0.04181848,-0.03860046,-0.05116595,-0.04181848,-9810.4062,234594.9955,OK,0.0000,294.3122,3.0000,97.0000,AG03-UNRESOLVED,ALL5_LEVELS_bet23_to_bet27,294.3122,294.3122,294.3122,392.4162,490.5203,3.000000,3.000000,3.000000,4.000000,5.000000,97.000000,97.000000,97.000000,96.000000,95.000000,5.0,1765.8731,1644.6383,8044.5331,8165.7679,PENDING_AG03,FALSE,NOT_FOR_ENFORCEMENT,9516.0940,164454.1300,9810.4062,9516.0940,294.3122,0.04181848,0.04056393,294.3122,9516.0940,0.04056393,294.3122,294.3122,294.3122,392.4162,490.5203,9516.0940,0.04056393,1765.8731,1644.6383,8044.5331,8165.7679,0.03429115,0.03480794,0.00125455,11.8178,14.9930,0.8676,208.7320,5.3202,4991.3829,240.5957,12.7170,9.8041,2.5818,2.84,3.3563,4.9054,16.007,177.8754,0.2582,0.0,5.636364,62.633151,4.16126,29,188,6,10,0.74390005,0.04181848,0.03860046,0E-8,0.000000,0.722694,0.000000,0.01256549,2026-05-12,2026-08-02,47,1844,580,83,0.566265,1.297104,1.076088,2.479667,,,,,,,,GLOBAL_BASELINE_NO_ENTITY_RANKING,,,NOT_APPLICABLE_GLOBAL_BASELINE,HF9g-P5,,,,X 全窗基线 · 不参与实体赏罚,15058796,1506,A168_HF9F_20260827_0900,2026-08-27 09:00:00
2026-05-23,17529000,1210,0,7.0053448187,1.5956618753,1.5956618753,1.0000000,2,1,0.50168581111106150,0.499948100000,0.9966340425803537,1.0001038053877793,0.9966340425803537,0.00173771111106150,ELIGIBLE,R03b_20260811_FULL_v1,L1_ELIGIBILITY,v2026-08-11,2026-03-21..2026-08-06,baccarat_bet02_101_all_pairs_incl_sentinel,round_win = game_pnl > 0 (decisive only),COMPATIBILITY_ONLY_NOT_PRODUCTION,234594.9955,169540.3402,9810.4062,19851,11308,-0.04181848,-0.03860046,-0.05116595,-0.04181848,-9810.4062,234594.9955,OK,0.0000,294.3122,3.0000,97.0000,AG03-UNRESOLVED,ALL5_LEVELS_bet23_to_bet27,294.3122,294.3122,294.3122,392.4162,490.5203,3.000000,3.000000,3.000000,4.000000,5.000000,97.000000,97.000000,97.000000,96.000000,95.000000,5.0,1765.8731,1644.6383,8044.5331,8165.7679,PENDING_AG03,FALSE,NOT_FOR_ENFORCEMENT,9516.0940,164454.1300,9810.4062,9516.0940,294.3122,0.04181848,0.04056393,294.3122,9516.0940,0.04056393,294.3122,294.3122,294.3122,392.4162,490.5203,9516.0940,0.04056393,1765.8731,1644.6383,8044.5331,8165.7679,0.03429115,0.03480794,0.00125455,11.8178,14.9930,0.8676,208.7320,5.3202,4991.3829,240.5957,12.7170,9.8041,2.5818,2.84,3.3563,4.9054,16.007,177.8754,0.2582,0.0,5.636364,62.633151,4.16126,29,188,6,10,0.74390005,0.04181848,0.03860046,0E-8,0.000000,0.722694,0.000000,0.01256549,2026-05-12,2026-08-02,47,1844,580,83,0.566265,1.297104,1.076088,2.479667,,,,,,,,GLOBAL_BASELINE_NO_ENTITY_RANKING,,,NOT_APPLICABLE_GLOBAL_BASELINE,HF9g-P5,,,,X 全窗基线 · 不参与实体赏罚,15058797,1506,A168_HF9F_20260827_0900,2026-08-27 09:00:00
2026-05-23,17529000,1306,0,5.7080587412,0.3632401017,0.3632401017,1.0000000,2,1,0.50055742727270592,0.499948100000,0.9988857662126688,1.0001038053877793,0.9988857662126688,0.00060932727270592,ELIGIBLE,R03b_20260811_FULL_v1,L1_ELIGIBILITY,v2026-08-11,2026-03-21..2026-08-06,baccarat_bet02_101_all_pairs_incl_sentinel,round_win = game_pnl > 0 (decisive only),COMPATIBILITY_ONLY_NOT_PRODUCTION,234594.9955,169540.3402,9810.4062,19851,11308,-0.04181848,-0.03860046,-0.05116595,-0.04181848,-9810.4062,234594.9955,OK,0.0000,294.3122,3.0000,97.0000,AG03-UNRESOLVED,ALL5_LEVELS_bet23_to_bet27,294.3122,294.3122,294.3122,392.4162,490.5203,3.000000,3.000000,3.000000,4.000000,5.000000,97.000000,97.000000,97.000000,96.000000,95.000000,5.0,1765.8731,1644.6383,8044.5331,8165.7679,PENDING_AG03,FALSE,NOT_FOR_ENFORCEMENT,9516.0940,164454.1300,9810.4062,9516.0940,294.3122,0.04181848,0.04056393,294.3122,9516.0940,0.04056393,294.3122,294.3122,294.3122,392.4162,490.5203,9516.0940,0.04056393,1765.8731,1644.6383,8044.5331,8165.7679,0.03429115,0.03480794,0.00125455,11.8178,14.9930,0.8676,208.7320,5.3202,4991.3829,240.5957,12.7170,9.8041,2.5818,2.84,3.3563,4.9054,16.007,177.8754,0.2582,0.0,5.636364,62.633151,4.16126,29,188,6,10,0.74390005,0.04181848,0.03860046,0E-8,0.000000,0.722694,0.000000,0.01256549,2026-05-12,2026-08-02,47,1844,580,83,0.566265,1.297104,1.076088,2.479667,,,,,,,,GLOBAL_BASELINE_NO_ENTITY_RANKING,,,NOT_APPLICABLE_GLOBAL_BASELINE,HF9g-P5,,,,X 全窗基线 · 不参与实体赏罚,15058798,1506,A168_HF9F_20260827_0900,2026-08-27 09:00:00
2026-05-23,17529000,1307,0,42.0320689124,0.7394530641,0.7394530641,0.6000000,14,7,0.50018105369201498,0.499948100000,0.44640392804074713,0.44744570176651083,0.44640392804074713,0.00023295369201498,ELIGIBLE,R03b_20260811_FULL_v1,L1_ELIGIBILITY,v2026-08-11,2026-03-21..2026-08-06,baccarat_bet02_101_all_pairs_incl_sentinel,round_win = game_pnl > 0 (decisive only),COMPATIBILITY_ONLY_NOT_PRODUCTION,234594.9955,169540.3402,9810.4062,19851,11308,-0.04181848,-0.03860046,-0.05116595,-0.04181848,-9810.4062,234594.9955,OK,0.0000,294.3122,3.0000,97.0000,AG03-UNRESOLVED,ALL5_LEVELS_bet23_to_bet27,294.3122,294.3122,294.3122,392.4162,490.5203,3.000000,3.000000,3.000000,4.000000,5.000000,97.000000,97.000000,97.000000,96.000000,95.000000,5.0,1765.8731,1644.6383,8044.5331,8165.7679,PENDING_AG03,FALSE,NOT_FOR_ENFORCEMENT,9516.0940,164454.1300,9810.4062,9516.0940,294.3122,0.04181848,0.04056393,294.3122,9516.0940,0.04056393,294.3122,294.3122,294.3122,392.4162,490.5203,9516.0940,0.04056393,1765.8731,1644.6383,8044.5331,8165.7679,0.03429115,0.03480794,0.00125455,11.8178,14.9930,0.8676,208.7320,5.3202,4991.3829,240.5957,12.7170,9.8041,2.5818,2.84,3.3563,4.9054,16.007,177.8754,0.2582,0.0,5.636364,62.633151,4.16126,29,188,6,10,0.74390005,0.04181848,0.03860046,0E-8,0.000000,0.722694,0.000000,0.01256549,2026-05-12,2026-08-02,47,1844,580,83,0.566265,1.297104,1.076088,2.479667,,,,,,,,GLOBAL_BASELINE_NO_ENTITY_RANKING,,,NOT_APPLICABLE_GLOBAL_BASELINE,HF9g-P5,,,,X 全窗基线 · 不参与实体赏罚,15058799,1506,A168_HF9F_20260827_0900,2026-08-27 09:00:00
2026-05-23,17529000,1331,0,5.7080587412,-0.5189144310,-0.5189144310,0E-7,2,1,0.50055742727270592,0.499948100000,-1.0011154766891472,-0.9998962053866608,-1.0011154766891472,0.00060932727270592,ELIGIBLE,R03b_20260811_FULL_v1,L1_ELIGIBILITY,v2026-08-11,2026-03-21..2026-08-06,baccarat_bet02_101_all_pairs_incl_sentinel,round_win = game_pnl > 0 (decisive only),COMPATIBILITY_ONLY_NOT_PRODUCTION,234594.9955,169540.3402,9810.4062,19851,11308,-0.04181848,-0.03860046,-0.05116595,-0.04181848,-9810.4062,234594.9955,OK,0.0000,294.3122,3.0000,97.0000,AG03-UNRESOLVED,ALL5_LEVELS_bet23_to_bet27,294.3122,294.3122,294.3122,392.4162,490.5203,3.000000,3.000000,3.000000,4.000000,5.000000,97.000000,97.000000,97.000000,96.000000,95.000000,5.0,1765.8731,1644.6383,8044.5331,8165.7679,PENDING_AG03,FALSE,NOT_FOR_ENFORCEMENT,9516.0940,164454.1300,9810.4062,9516.0940,294.3122,0.04181848,0.04056393,294.3122,9516.0940,0.04056393,294.3122,294.3122,294.3122,392.4162,490.5203,9516.0940,0.04056393,1765.8731,1644.6383,8044.5331,8165.7679,0.03429115,0.03480794,0.00125455,11.8178,14.9930,0.8676,208.7320,5.3202,4991.3829,240.5957,12.7170,9.8041,2.5818,2.84,3.3563,4.9054,16.007,177.8754,0.2582,0.0,5.636364,62.633151,4.16126,29,188,6,10,0.74390005,0.04181848,0.03860046,0E-8,0.000000,0.722694,0.000000,0.01256549,2026-05-12,2026-08-02,47,1844,580,83,0.566265,1.297104,1.076088,2.479667,,,,,,,,GLOBAL_BASELINE_NO_ENTITY_RANKING,,,NOT_APPLICABLE_GLOBAL_BASELINE,HF9g-P5,,,,X 全窗基线 · 不参与实体赏罚,15058800,1506,A168_HF9F_20260827_0900,2026-08-27 09:00:00
2026-05-23,17529000,1374,0,14.5296040683,5.5783301333,5.5783301333,0.5000000,3,2,0.49572794444446925,0.496596800000,0.012083638883639787,0.009625926164049045,0.012083638883639787,-0.00086885555553075,ELIGIBLE,R03b_20260811_FULL_v1,L1_ELIGIBILITY,v2026-08-11,2026-03-21..2026-08-06,baccarat_bet02_101_all_pairs_incl_sentinel,round_win = game_pnl > 0 (decisive only),COMPATIBILITY_ONLY_NOT_PRODUCTION,234594.9955,169540.3402,9810.4062,19851,11308,-0.04181848,-0.03860046,-0.05116595,-0.04181848,-9810.4062,234594.9955,OK,0.0000,294.3122,3.0000,97.0000,AG03-UNRESOLVED,ALL5_LEVELS_bet23_to_bet27,294.3122,294.3122,294.3122,392.4162,490.5203,3.000000,3.000000,3.000000,4.000000,5.000000,97.000000,97.000000,97.000000,96.000000,95.000000,5.0,1765.8731,1644.6383,8044.5331,8165.7679,PENDING_AG03,FALSE,NOT_FOR_ENFORCEMENT,9516.0940,164454.1300,9810.4062,9516.0940,294.3122,0.04181848,0.04056393,294.3122,9516.0940,0.04056393,294.3122,294.3122,294.3122,392.4162,490.5203,9516.0940,0.04056393,1765.8731,1644.6383,8044.5331,8165.7679,0.03429115,0.03480794,0.00125455,11.8178,14.9930,0.8676,208.7320,5.3202,4991.3829,240.5957,12.7170,9.8041,2.5818,2.84,3.3563,4.9054,16.007,177.8754,0.2582,0.0,5.636364,62.633151,4.16126,29,188,6,10,0.74390005,0.04181848,0.03860046,0E-8,0.000000,0.722694,0.000000,0.01256549,2026-05-12,2026-08-02,47,1844,580,83,0.566265,1.297104,1.076088,2.479667,,,,,,,,GLOBAL_BASELINE_NO_ENTITY_RANKING,,,NOT_APPLICABLE_GLOBAL_BASELINE,HF9g-P5,,,,X 全窗基线 · 不参与实体赏罚,15058801,1506,A168_HF9F_20260827_0900,2026-08-27 09:00:00
2026-05-23,17529000,1400,0,65.3832183082,1.3362046596,1.3362046596,0.5000000,22,11,0.50038224934538879,0.499948100000,-0.002417557837554828,0.0003282444228938027,-0.002417557837554828,0.00043414934538879,ELIGIBLE,R03b_20260811_FULL_v1,L1_ELIGIBILITY,v2026-08-11,2026-03-21..2026-08-06,baccarat_bet02_101_all_pairs_incl_sentinel,round_win = game_pnl > 0 (decisive only),COMPATIBILITY_ONLY_NOT_PRODUCTION,234594.9955,169540.3402,9810.4062,19851,11308,-0.04181848,-0.03860046,-0.05116595,-0.04181848,-9810.4062,234594.9955,OK,0.0000,294.3122,3.0000,97.0000,AG03-UNRESOLVED,ALL5_LEVELS_bet23_to_bet27,294.3122,294.3122,294.3122,392.4162,490.5203,3.000000,3.000000,3.000000,4.000000,5.000000,97.000000,97.000000,97.000000,96.000000,95.000000,5.0,1765.8731,1644.6383,8044.5331,8165.7679,PENDING_AG03,FALSE,NOT_FOR_ENFORCEMENT,9516.0940,164454.1300,9810.4062,9516.0940,294.3122,0.04181848,0.04056393,294.3122,9516.0940,0.04056393,294.3122,294.3122,294.3122,392.4162,490.5203,9516.0940,0.04056393,1765.8731,1644.6383,8044.5331,8165.7679,0.03429115,0.03480794,0.00125455,11.8178,14.9930,0.8676,208.7320,5.3202,4991.3829,240.5957,12.7170,9.8041,2.5818,2.84,3.3563,4.9054,16.007,177.8754,0.2582,0.0,5.636364,62.633151,4.16126,29,188,6,10,0.74390005,0.04181848,0.03860046,0E-8,0.000000,0.722694,0.000000,0.01256549,2026-05-12,2026-08-02,47,1844,580,83,0.566265,1.297104,1.076088,2.479667,,,,,,,,GLOBAL_BASELINE_NO_ENTITY_RANKING,,,NOT_APPLICABLE_GLOBAL_BASELINE,HF9g-P5,,,,X 全窗基线 · 不参与实体赏罚,15058802,1506,A168_HF9F_20260827_0900,2026-08-27 09:00:00
2026-05-23,17529000,1505,0,60.1940739979,5.3318457785,5.3318457785,0.6000000,19,10,0.50101099692589222,0.500618360000,0.6260627058643831,0.628545160678458,0.6260627058643831,0.00039263692589222,ELIGIBLE,R03b_20260811_FULL_v1,L1_ELIGIBILITY,v2026-08-11,2026-03-21..2026-08-06,baccarat_bet02_101_all_pairs_incl_sentinel,round_win = game_pnl > 0 (decisive only),COMPATIBILITY_ONLY_NOT_PRODUCTION,234594.9955,169540.3402,9810.4062,19851,11308,-0.04181848,-0.03860046,-0.05116595,-0.04181848,-9810.4062,234594.9955,OK,0.0000,294.3122,3.0000,97.0000,AG03-UNRESOLVED,ALL5_LEVELS_bet23_to_bet27,294.3122,294.3122,294.3122,392.4162,490.5203,3.000000,3.000000,3.000000,4.000000,5.000000,97.000000,97.000000,97.000000,96.000000,95.000000,5.0,1765.8731,1644.6383,8044.5331,8165.7679,PENDING_AG03,FALSE,NOT_FOR_ENFORCEMENT,9516.0940,164454.1300,9810.4062,9516.0940,294.3122,0.04181848,0.04056393,294.3122,9516.0940,0.04056393,294.3122,294.3122,294.3122,392.4162,490.5203,9516.0940,0.04056393,1765.8731,1644.6383,8044.5331,8165.7679,0.03429115,0.03480794,0.00125455,11.8178,14.9930,0.8676,208.7320,5.3202,4991.3829,240.5957,12.7170,9.8041,2.5818,2.84,3.3563,4.9054,16.007,177.8754,0.2582,0.0,5.636364,62.633151,4.16126,29,188,6,10,0.74390005,0.04181848,0.03860046,0E-8,0.000000,0.722694,0.000000,0.01256549,2026-05-12,2026-08-02,47,1844,580,83,0.566265,1.297104,1.076088,2.479667,,,,,,,,GLOBAL_BASELINE_NO_ENTITY_RANKING,,,NOT_APPLICABLE_GLOBAL_BASELINE,HF9g-P5,,,,X 全窗基线 · 不参与实体赏罚,15058803,1506,A168_HF9F_20260827_0900,2026-08-27 09:00:00
2026-05-23,17529000,2103,0,8.3026308963,-0.5189144310,-0.5189144310,0E-7,3,2,0.49690146363635296,0.496596800000,-0.9938220106822634,-0.9932166066795355,-0.9938220106822634,0.00030466363635296,ELIGIBLE,R03b_20260811_FULL_v1,L1_ELIGIBILITY,v2026-08-11,2026-03-21..2026-08-06,baccarat_bet02_101_all_pairs_incl_sentinel,round_win = game_pnl > 0 (decisive only),COMPATIBILITY_ONLY_NOT_PRODUCTION,234594.9955,169540.3402,9810.4062,19851,11308,-0.04181848,-0.03860046,-0.05116595,-0.04181848,-9810.4062,234594.9955,OK,0.0000,294.3122,3.0000,97.0000,AG03-UNRESOLVED,ALL5_LEVELS_bet23_to_bet27,294.3122,294.3122,294.3122,392.4162,490.5203,3.000000,3.000000,3.000000,4.000000,5.000000,97.000000,97.000000,97.000000,96.000000,95.000000,5.0,1765.8731,1644.6383,8044.5331,8165.7679,PENDING_AG03,FALSE,NOT_FOR_ENFORCEMENT,9516.0940,164454.1300,9810.4062,9516.0940,294.3122,0.04181848,0.04056393,294.3122,9516.0940,0.04056393,294.3122,294.3122,294.3122,392.4162,490.5203,9516.0940,0.04056393,1765.8731,1644.6383,8044.5331,8165.7679,0.03429115,0.03480794,0.00125455,11.8178,14.9930,0.8676,208.7320,5.3202,4991.3829,240.5957,12.7170,9.8041,2.5818,2.84,3.3563,4.9054,16.007,177.8754,0.2582,0.0,5.636364,62.633151,4.16126,29,188,6,10,0.74390005,0.04181848,0.03860046,0E-8,0.000000,0.722694,0.000000,0.01256549,2026-05-12,2026-08-02,47,1844,580,83,0.566265,1.297104,1.076088,2.479667,,,,,,,,GLOBAL_BASELINE_NO_ENTITY_RANKING,,,NOT_APPLICABLE_GLOBAL_BASELINE,HF9g-P5,,,,X 全窗基线 · 不参与实体赏罚,15058804,1506,A168_HF9F_20260827_0900,2026-08-27 09:00:00
2026-05-23,17529000,2141,0,142.9609257443,27.3078719317,27.3078719317,0.3125000,27,16,0.50248614713500075,0.502042662500,-1.519907966078264,-1.5163539539358322,-1.519907966078264,0.00044348463500075,ELIGIBLE,R03b_20260811_FULL_v1,L1_ELIGIBILITY,v2026-08-11,2026-03-21..2026-08-06,baccarat_bet02_101_all_pairs_incl_sentinel,round_win = game_pnl > 0 (decisive only),COMPATIBILITY_ONLY_NOT_PRODUCTION,234594.9955,169540.3402,9810.4062,19851,11308,-0.04181848,-0.03860046,-0.05116595,-0.04181848,-9810.4062,234594.9955,OK,0.0000,294.3122,3.0000,97.0000,AG03-UNRESOLVED,ALL5_LEVELS_bet23_to_bet27,294.3122,294.3122,294.3122,392.4162,490.5203,3.000000,3.000000,3.000000,4.000000,5.000000,97.000000,97.000000,97.000000,96.000000,95.000000,5.0,1765.8731,1644.6383,8044.5331,8165.7679,PENDING_AG03,FALSE,NOT_FOR_ENFORCEMENT,9516.0940,164454.1300,9810.4062,9516.0940,294.3122,0.04181848,0.04056393,294.3122,9516.0940,0.04056393,294.3122,294.3122,294.3122,392.4162,490.5203,9516.0940,0.04056393,1765.8731,1644.6383,8044.5331,8165.7679,0.03429115,0.03480794,0.00125455,11.8178,14.9930,0.8676,208.7320,5.3202,4991.3829,240.5957,12.7170,9.8041,2.5818,2.84,3.3563,4.9054,16.007,177.8754,0.2582,0.0,5.636364,62.633151,4.16126,29,188,6,10,0.74390005,0.04181848,0.03860046,0E-8,0.000000,0.722694,0.000000,0.01256549,2026-05-12,2026-08-02,47,1844,580,83,0.566265,1.297104,1.076088,2.479667,,,,,,,,GLOBAL_BASELINE_NO_ENTITY_RANKING,,,NOT_APPLICABLE_GLOBAL_BASELINE,HF9g-P5,,,,X 全窗基线 · 不参与实体赏罚,15058805,1506,A168_HF9F_20260827_0900,2026-08-27 09:00:00
2026-05-23,17529000,2169,0,30.6159514301,2.9448393960,2.9448393960,0.6666667,11,6,0.49902506800300499,0.498831000000,0.8212743140122964,0.82222573519267,0.8212743140122964,0.00019406800300499,ELIGIBLE,R03b_20260811_FULL_v1,L1_ELIGIBILITY,v2026-08-11,2026-03-21..2026-08-06,baccarat_bet02_101_all_pairs_incl_sentinel,round_win = game_pnl > 0 (decisive only),COMPATIBILITY_ONLY_NOT_PRODUCTION,234594.9955,169540.3402,9810.4062,19851,11308,-0.04181848,-0.03860046,-0.05116595,-0.04181848,-9810.4062,234594.9955,OK,0.0000,294.3122,3.0000,97.0000,AG03-UNRESOLVED,ALL5_LEVELS_bet23_to_bet27,294.3122,294.3122,294.3122,392.4162,490.5203,3.000000,3.000000,3.000000,4.000000,5.000000,97.000000,97.000000,97.000000,96.000000,95.000000,5.0,1765.8731,1644.6383,8044.5331,8165.7679,PENDING_AG03,FALSE,NOT_FOR_ENFORCEMENT,9516.0940,164454.1300,9810.4062,9516.0940,294.3122,0.04181848,0.04056393,294.3122,9516.0940,0.04056393,294.3122,294.3122,294.3122,392.4162,490.5203,9516.0940,0.04056393,1765.8731,1644.6383,8044.5331,8165.7679,0.03429115,0.03480794,0.00125455,11.8178,14.9930,0.8676,208.7320,5.3202,4991.3829,240.5957,12.7170,9.8041,2.5818,2.84,3.3563,4.9054,16.007,177.8754,0.2582,0.0,5.636364,62.633151,4.16126,29,188,6,10,0.74390005,0.04181848,0.03860046,0E-8,0.000000,0.722694,0.000000,0.01256549,2026-05-12,2026-08-02,47,1844,580,83,0.566265,1.297104,1.076088,2.479667,,,,,,,,GLOBAL_BASELINE_NO_ENTITY_RANKING,,,NOT_APPLICABLE_GLOBAL_BASELINE,HF9g-P5,,,,X 全窗基线 · 不参与实体赏罚,15058806,1506,A168_HF9F_20260827_0900,2026-08-27 09:00:00
2026-05-23,17529000,2177,0,36.3240101712,-0.0129728608,-0.0129728608,0.5000000,12,6,0.50086735670030731,0.499948100000,-0.004249169074843612,0.00025425703667063243,-0.004249169074843612,0.00091925670030731,ELIGIBLE,R03b_20260811_FULL_v1,L1_ELIGIBILITY,v2026-08-11,2026-03-21..2026-08-06,baccarat_bet02_101_all_pairs_incl_sentinel,round_win = game_pnl > 0 (decisive only),COMPATIBILITY_ONLY_NOT_PRODUCTION,234594.9955,169540.3402,9810.4062,19851,11308,-0.04181848,-0.03860046,-0.05116595,-0.04181848,-9810.4062,234594.9955,OK,0.0000,294.3122,3.0000,97.0000,AG03-UNRESOLVED,ALL5_LEVELS_bet23_to_bet27,294.3122,294.3122,294.3122,392.4162,490.5203,3.000000,3.000000,3.000000,4.000000,5.000000,97.000000,97.000000,97.000000,96.000000,95.000000,5.0,1765.8731,1644.6383,8044.5331,8165.7679,PENDING_AG03,FALSE,NOT_FOR_ENFORCEMENT,9516.0940,164454.1300,9810.4062,9516.0940,294.3122,0.04181848,0.04056393,294.3122,9516.0940,0.04056393,294.3122,294.3122,294.3122,392.4162,490.5203,9516.0940,0.04056393,1765.8731,1644.6383,8044.5331,8165.7679,0.03429115,0.03480794,0.00125455,11.8178,14.9930,0.8676,208.7320,5.3202,4991.3829,240.5957,12.7170,9.8041,2.5818,2.84,3.3563,4.9054,16.007,177.8754,0.2582,0.0,5.636364,62.633151,4.16126,29,188,6,10,0.74390005,0.04181848,0.03860046,0E-8,0.000000,0.722694,0.000000,0.01256549,2026-05-12,2026-08-02,47,1844,580,83,0.566265,1.297104,1.076088,2.479667,,,,,,,,GLOBAL_BASELINE_NO_ENTITY_RANKING,,,NOT_APPLICABLE_GLOBAL_BASELINE,HF9g-P5,,,,X 全窗基线 · 不参与实体赏罚,15058807,1506,A168_HF9F_20260827_0900,2026-08-27 09:00:00
2026-05-23,17529000,2233,0,72.1291059113,0.8562088111,0.8562088111,0.2500000,23,12,0.50086368302830458,0.500506650000,-1.7380371720894485,-1.7355618727531363,-1.7380371720894485,0.00035703302830458,ELIGIBLE,R03b_20260811_FULL_v1,L1_ELIGIBILITY,v2026-08-11,2026-03-21..2026-08-06,baccarat_bet02_101_all_pairs_incl_sentinel,round_win = game_pnl > 0 (decisive only),COMPATIBILITY_ONLY_NOT_PRODUCTION,234594.9955,169540.3402,9810.4062,19851,11308,-0.04181848,-0.03860046,-0.05116595,-0.04181848,-9810.4062,234594.9955,OK,0.0000,294.3122,3.0000,97.0000,AG03-UNRESOLVED,ALL5_LEVELS_bet23_to_bet27,294.3122,294.3122,294.3122,392.4162,490.5203,3.000000,3.000000,3.000000,4.000000,5.000000,97.000000,97.000000,97.000000,96.000000,95.000000,5.0,1765.8731,1644.6383,8044.5331,8165.7679,PENDING_AG03,FALSE,NOT_FOR_ENFORCEMENT,9516.0940,164454.1300,9810.4062,9516.0940,294.3122,0.04181848,0.04056393,294.3122,9516.0940,0.04056393,294.3122,294.3122,294.3122,392.4162,490.5203,9516.0940,0.04056393,1765.8731,1644.6383,8044.5331,8165.7679,0.03429115,0.03480794,0.00125455,11.8178,14.9930,0.8676,208.7320,5.3202,4991.3829,240.5957,12.7170,9.8041,2.5818,2.84,3.3563,4.9054,16.007,177.8754,0.2582,0.0,5.636364,62.633151,4.16126,29,188,6,10,0.74390005,0.04181848,0.03860046,0E-8,0.000000,0.722694,0.000000,0.01256549,2026-05-12,2026-08-02,47,1844,580,83,0.566265,1.297104,1.076088,2.479667,,,,,,,,GLOBAL_BASELINE_NO_ENTITY_RANKING,,,NOT_APPLICABLE_GLOBAL_BASELINE,HF9g-P5,,,,X 全窗基线 · 不参与实体赏罚,15058808,1506,A168_HF9F_20260827_0900,2026-08-27 09:00:00
2026-05-23,17529000,2246,0,54.2265580414,3.0226765605,3.0226765605,0.6000000,19,10,0.49925065365895061,0.499277840000,0.6371955300181267,0.6370235373389005,0.6371955300181267,-0.00002718634104939,ELIGIBLE,R03b_20260811_FULL_v1,L1_ELIGIBILITY,v2026-08-11,2026-03-21..2026-08-06,baccarat_bet02_101_all_pairs_incl_sentinel,round_win = game_pnl > 0 (decisive only),COMPATIBILITY_ONLY_NOT_PRODUCTION,234594.9955,169540.3402,9810.4062,19851,11308,-0.04181848,-0.03860046,-0.05116595,-0.04181848,-9810.4062,234594.9955,OK,0.0000,294.3122,3.0000,97.0000,AG03-UNRESOLVED,ALL5_LEVELS_bet23_to_bet27,294.3122,294.3122,294.3122,392.4162,490.5203,3.000000,3.000000,3.000000,4.000000,5.000000,97.000000,97.000000,97.000000,96.000000,95.000000,5.0,1765.8731,1644.6383,8044.5331,8165.7679,PENDING_AG03,FALSE,NOT_FOR_ENFORCEMENT,9516.0940,164454.1300,9810.4062,9516.0940,294.3122,0.04181848,0.04056393,294.3122,9516.0940,0.04056393,294.3122,294.3122,294.3122,392.4162,490.5203,9516.0940,0.04056393,1765.8731,1644.6383,8044.5331,8165.7679,0.03429115,0.03480794,0.00125455,11.8178,14.9930,0.8676,208.7320,5.3202,4991.3829,240.5957,12.7170,9.8041,2.5818,2.84,3.3563,4.9054,16.007,177.8754,0.2582,0.0,5.636364,62.633151,4.16126,29,188,6,10,0.74390005,0.04181848,0.03860046,0E-8,0.000000,0.722694,0.000000,0.01256549,2026-05-12,2026-08-02,47,1844,580,83,0.566265,1.297104,1.076088,2.479667,,,,,,,,GLOBAL_BASELINE_NO_ENTITY_RANKING,,,NOT_APPLICABLE_GLOBAL_BASELINE,HF9g-P5,,,,X 全窗基线 · 不参与实体赏罚,15058809,1506,A168_HF9F_20260827_0900,2026-08-27 09:00:00
2026-05-23,17529000,2252,0,5.7080587412,-0.6486430388,-0.6486430388,0E-7,2,1,0.49933877272729408,0.499948100000,-0.9986784187423349,-0.9998962053866608,-0.9986784187423349,-0.00060932727270592,ELIGIBLE,R03b_20260811_FULL_v1,L1_ELIGIBILITY,v2026-08-11,2026-03-21..2026-08-06,baccarat_bet02_101_all_pairs_incl_sentinel,round_win = game_pnl > 0 (decisive only),COMPATIBILITY_ONLY_NOT_PRODUCTION,234594.9955,169540.3402,9810.4062,19851,11308,-0.04181848,-0.03860046,-0.05116595,-0.04181848,-9810.4062,234594.9955,OK,0.0000,294.3122,3.0000,97.0000,AG03-UNRESOLVED,ALL5_LEVELS_bet23_to_bet27,294.3122,294.3122,294.3122,392.4162,490.5203,3.000000,3.000000,3.000000,4.000000,5.000000,97.000000,97.000000,97.000000,96.000000,95.000000,5.0,1765.8731,1644.6383,8044.5331,8165.7679,PENDING_AG03,FALSE,NOT_FOR_ENFORCEMENT,9516.0940,164454.1300,9810.4062,9516.0940,294.3122,0.04181848,0.04056393,294.3122,9516.0940,0.04056393,294.3122,294.3122,294.3122,392.4162,490.5203,9516.0940,0.04056393,1765.8731,1644.6383,8044.5331,8165.7679,0.03429115,0.03480794,0.00125455,11.8178,14.9930,0.8676,208.7320,5.3202,4991.3829,240.5957,12.7170,9.8041,2.5818,2.84,3.3563,4.9054,16.007,177.8754,0.2582,0.0,5.636364,62.633151,4.16126,29,188,6,10,0.74390005,0.04181848,0.03860046,0E-8,0.000000,0.722694,0.000000,0.01256549,2026-05-12,2026-08-02,47,1844,580,83,0.566265,1.297104,1.076088,2.479667,,,,,,,,GLOBAL_BASELINE_NO_ENTITY_RANKING,,,NOT_APPLICABLE_GLOBAL_BASELINE,HF9g-P5,,,,X 全窗基线 · 不参与实体赏罚,15058810,1506,A168_HF9F_20260827_0900,2026-08-27 09:00:00
2026-05-23,17529000,986,0,8.5620881118,1.8162005086,1.8162005086,0.5000000,3,2,0.49703392608694187,0.496596800000,0.00838947152533075,0.009625926164049045,0.00838947152533075,0.00043712608694187,ELIGIBLE,R03b_20260811_FULL_v1,L1_ELIGIBILITY,v2026-08-11,2026-03-21..2026-08-06,baccarat_bet02_101_all_pairs_incl_sentinel,round_win = game_pnl > 0 (decisive only),COMPATIBILITY_ONLY_NOT_PRODUCTION,234594.9955,169540.3402,9810.4062,19851,11308,-0.04181848,-0.03860046,-0.05116595,-0.04181848,-9810.4062,234594.9955,OK,0.0000,294.3122,3.0000,97.0000,AG03-UNRESOLVED,ALL5_LEVELS_bet23_to_bet27,294.3122,294.3122,294.3122,392.4162,490.5203,3.000000,3.000000,3.000000,4.000000,5.000000,97.000000,97.000000,97.000000,96.000000,95.000000,5.0,1765.8731,1644.6383,8044.5331,8165.7679,PENDING_AG03,FALSE,NOT_FOR_ENFORCEMENT,9516.0940,164454.1300,9810.4062,9516.0940,294.3122,0.04181848,0.04056393,294.3122,9516.0940,0.04056393,294.3122,294.3122,294.3122,392.4162,490.5203,9516.0940,0.04056393,1765.8731,1644.6383,8044.5331,8165.7679,0.03429115,0.03480794,0.00125455,11.8178,14.9930,0.8676,208.7320,5.3202,4991.3829,240.5957,12.7170,9.8041,2.5818,2.84,3.3563,4.9054,16.007,177.8754,0.2582,0.0,5.636364,62.633151,4.16126,29,188,6,10,0.74390005,0.04181848,0.03860046,0E-8,0.000000,0.722694,0.000000,0.01256549,2026-05-12,2026-08-02,47,1844,580,83,0.566265,1.297104,1.076088,2.479667,,,,,,,,GLOBAL_BASELINE_NO_ENTITY_RANKING,,,NOT_APPLICABLE_GLOBAL_BASELINE,HF9g-P5,,,,X 全窗基线 · 不参与实体赏罚,15058811,1506,A168_HF9F_20260827_0900,2026-08-27 09:00:00
2026-05-24,17529000,1307,0,11.6755746979,0.9729645581,0.9729645581,1.0000000,4,2,0.50068988972329483,0.499948100000,1.4122636038948804,1.4143603653603398,1.4122636038948804,0.00074178972329483,ELIGIBLE,R03b_20260811_FULL_v1,L1_ELIGIBILITY,v2026-08-11,2026-03-21..2026-08-06,baccarat_bet02_101_all_pairs_incl_sentinel,round_win = game_pnl > 0 (decisive only),COMPATIBILITY_ONLY_NOT_PRODUCTION,234594.9955,169540.3402,9810.4062,19851,11308,-0.04181848,-0.03860046,-0.05116595,-0.04181848,-9810.4062,234594.9955,OK,0.0000,294.3122,3.0000,97.0000,AG03-UNRESOLVED,ALL5_LEVELS_bet23_to_bet27,294.3122,294.3122,294.3122,392.4162,490.5203,3.000000,3.000000,3.000000,4.000000,5.000000,97.000000,97.000000,97.000000,96.000000,95.000000,5.0,1765.8731,1644.6383,8044.5331,8165.7679,PENDING_AG03,FALSE,NOT_FOR_ENFORCEMENT,9516.0940,164454.1300,9810.4062,9516.0940,294.3122,0.04181848,0.04056393,294.3122,9516.0940,0.04056393,294.3122,294.3122,294.3122,392.4162,490.5203,9516.0940,0.04056393,1765.8731,1644.6383,8044.5331,8165.7679,0.03429115,0.03480794,0.00125455,11.8178,14.9930,0.8676,208.7320,5.3202,4991.3829,240.5957,12.7170,9.8041,2.5818,2.84,3.3563,4.9054,16.007,177.8754,0.2582,0.0,5.636364,62.633151,4.16126,29,188,6,10,0.74390005,0.04181848,0.03860046,0E-8,0.000000,0.722694,0.000000,0.01256549,2026-05-12,2026-08-02,47,1844,580,83,0.566265,1.297104,1.076088,2.479667,,,,,,,,GLOBAL_BASELINE_NO_ENTITY_RANKING,,,NOT_APPLICABLE_GLOBAL_BASELINE,HF9g-P5,,,,X 全窗基线 · 不参与实体赏罚,15058812,1506,A168_HF9F_20260827_0900,2026-08-27 09:00:00
2026-05-24,17529000,1318,0,90.8100254280,3.8788853717,3.8788853717,0.5000000,30,16,0.50012163508457595,0.499948100000,-0.000973080705401241,0.00041520000223677376,-0.000973080705401241,0.00017353508457595,ELIGIBLE,R03b_20260811_FULL_v1,L1_ELIGIBILITY,v2026-08-11,2026-03-21..2026-08-06,baccarat_bet02_101_all_pairs_incl_sentinel,round_win = game_pnl > 0 (decisive only),COMPATIBILITY_ONLY_NOT_PRODUCTION,234594.9955,169540.3402,9810.4062,19851,11308,-0.04181848,-0.03860046,-0.05116595,-0.04181848,-9810.4062,234594.9955,OK,0.0000,294.3122,3.0000,97.0000,AG03-UNRESOLVED,ALL5_LEVELS_bet23_to_bet27,294.3122,294.3122,294.3122,392.4162,490.5203,3.000000,3.000000,3.000000,4.000000,5.000000,97.000000,97.000000,97.000000,96.000000,95.000000,5.0,1765.8731,1644.6383,8044.5331,8165.7679,PENDING_AG03,FALSE,NOT_FOR_ENFORCEMENT,9516.0940,164454.1300,9810.4062,9516.0940,294.3122,0.04181848,0.04056393,294.3122,9516.0940,0.04056393,294.3122,294.3122,294.3122,392.4162,490.5203,9516.0940,0.04056393,1765.8731,1644.6383,8044.5331,8165.7679,0.03429115,0.03480794,0.00125455,11.8178,14.9930,0.8676,208.7320,5.3202,4991.3829,240.5957,12.7170,9.8041,2.5818,2.84,3.3563,4.9054,16.007,177.8754,0.2582,0.0,5.636364,62.633151,4.16126,29,188,6,10,0.74390005,0.04181848,0.03860046,0E-8,0.000000,0.722694,0.000000,0.01256549,2026-05-12,2026-08-02,47,1844,580,83,0.566265,1.297104,1.076088,2.479667,,,,,,,,GLOBAL_BASELINE_NO_ENTITY_RANKING,,,NOT_APPLICABLE_GLOBAL_BASELINE,HF9g-P5,,,,X 全窗基线 · 不参与实体赏罚,15058813,1506,A168_HF9F_20260827_0900,2026-08-27 09:00:00
2026-05-24,17529000,1331,0,21.7944061027,1.1026931658,1.1026931658,0.5000000,7,4,0.50162092904040214,0.501623750000,-0.006483750232650848,-0.006495034249238073,-0.006483750232650848,-0.00000282095959786,ELIGIBLE,R03b_20260811_FULL_v1,L1_ELIGIBILITY,v2026-08-11,2026-03-21..2026-08-06,baccarat_bet02_101_all_pairs_incl_sentinel,round_win = game_pnl > 0 (decisive only),COMPATIBILITY_ONLY_NOT_PRODUCTION,234594.9955,169540.3402,9810.4062,19851,11308,-0.04181848,-0.03860046,-0.05116595,-0.04181848,-9810.4062,234594.9955,OK,0.0000,294.3122,3.0000,97.0000,AG03-UNRESOLVED,ALL5_LEVELS_bet23_to_bet27,294.3122,294.3122,294.3122,392.4162,490.5203,3.000000,3.000000,3.000000,4.000000,5.000000,97.000000,97.000000,97.000000,96.000000,95.000000,5.0,1765.8731,1644.6383,8044.5331,8165.7679,PENDING_AG03,FALSE,NOT_FOR_ENFORCEMENT,9516.0940,164454.1300,9810.4062,9516.0940,294.3122,0.04181848,0.04056393,294.3122,9516.0940,0.04056393,294.3122,294.3122,294.3122,392.4162,490.5203,9516.0940,0.04056393,1765.8731,1644.6383,8044.5331,8165.7679,0.03429115,0.03480794,0.00125455,11.8178,14.9930,0.8676,208.7320,5.3202,4991.3829,240.5957,12.7170,9.8041,2.5818,2.84,3.3563,4.9054,16.007,177.8754,0.2582,0.0,5.636364,62.633151,4.16126,29,188,6,10,0.74390005,0.04181848,0.03860046,0E-8,0.000000,0.722694,0.000000,0.01256549,2026-05-12,2026-08-02,47,1844,580,83,0.566265,1.297104,1.076088,2.479667,,,,,,,,GLOBAL_BASELINE_NO_ENTITY_RANKING,,,NOT_APPLICABLE_GLOBAL_BASELINE,HF9g-P5,,,,X 全窗基线 · 不参与实体赏罚,15058814,1506,A168_HF9F_20260827_0900,2026-08-27 09:00:00
2026-05-24,17529000,1384,0,37.8807534643,3.7880753463,3.7880753463,0.6666667,13,7,0.50089885599741917,0.500905614286,0.8120944160874938,0.8120613271233317,0.8120944160874938,-0.00000675828858083,ELIGIBLE,R03b_20260811_FULL_v1,L1_ELIGIBILITY,v2026-08-11,2026-03-21..2026-08-06,baccarat_bet02_101_all_pairs_incl_sentinel,round_win = game_pnl > 0 (decisive only),COMPATIBILITY_ONLY_NOT_PRODUCTION,234594.9955,169540.3402,9810.4062,19851,11308,-0.04181848,-0.03860046,-0.05116595,-0.04181848,-9810.4062,234594.9955,OK,0.0000,294.3122,3.0000,97.0000,AG03-UNRESOLVED,ALL5_LEVELS_bet23_to_bet27,294.3122,294.3122,294.3122,392.4162,490.5203,3.000000,3.000000,3.000000,4.000000,5.000000,97.000000,97.000000,97.000000,96.000000,95.000000,5.0,1765.8731,1644.6383,8044.5331,8165.7679,PENDING_AG03,FALSE,NOT_FOR_ENFORCEMENT,9516.0940,164454.1300,9810.4062,9516.0940,294.3122,0.04181848,0.04056393,294.3122,9516.0940,0.04056393,294.3122,294.3122,294.3122,392.4162,490.5203,9516.0940,0.04056393,1765.8731,1644.6383,8044.5331,8165.7679,0.03429115,0.03480794,0.00125455,11.8178,14.9930,0.8676,208.7320,5.3202,4991.3829,240.5957,12.7170,9.8041,2.5818,2.84,3.3563,4.9054,16.007,177.8754,0.2582,0.0,5.636364,62.633151,4.16126,29,188,6,10,0.74390005,0.04181848,0.03860046,0E-8,0.000000,0.722694,0.000000,0.01256549,2026-05-12,2026-08-02,47,1844,580,83,0.566265,1.297104,1.076088,2.479667,,,,,,,,GLOBAL_BASELINE_NO_ENTITY_RANKING,,,NOT_APPLICABLE_GLOBAL_BASELINE,HF9g-P5,,,,X 全窗基线 · 不参与实体赏罚,15058815,1506,A168_HF9F_20260827_0900,2026-08-27 09:00:00
2026-05-24,17529000,1400,0,30.3564942144,5.5913029941,5.5913029941,0.2500000,8,5,0.50296357614905763,0.502629140000,-1.0118720788593205,-1.0105305304328445,-1.0118720788593205,0.00033443614905763,ELIGIBLE,R03b_20260811_FULL_v1,L1_ELIGIBILITY,v2026-08-11,2026-03-21..2026-08-06,baccarat_bet02_101_all_pairs_incl_sentinel,round_win = game_pnl > 0 (decisive only),COMPATIBILITY_ONLY_NOT_PRODUCTION,234594.9955,169540.3402,9810.4062,19851,11308,-0.04181848,-0.03860046,-0.05116595,-0.04181848,-9810.4062,234594.9955,OK,0.0000,294.3122,3.0000,97.0000,AG03-UNRESOLVED,ALL5_LEVELS_bet23_to_bet27,294.3122,294.3122,294.3122,392.4162,490.5203,3.000000,3.000000,3.000000,4.000000,5.000000,97.000000,97.000000,97.000000,96.000000,95.000000,5.0,1765.8731,1644.6383,8044.5331,8165.7679,PENDING_AG03,FALSE,NOT_FOR_ENFORCEMENT,9516.0940,164454.1300,9810.4062,9516.0940,294.3122,0.04181848,0.04056393,294.3122,9516.0940,0.04056393,294.3122,294.3122,294.3122,392.4162,490.5203,9516.0940,0.04056393,1765.8731,1644.6383,8044.5331,8165.7679,0.03429115,0.03480794,0.00125455,11.8178,14.9930,0.8676,208.7320,5.3202,4991.3829,240.5957,12.7170,9.8041,2.5818,2.84,3.3563,4.9054,16.007,177.8754,0.2582,0.0,5.636364,62.633151,4.16126,29,188,6,10,0.74390005,0.04181848,0.03860046,0E-8,0.000000,0.722694,0.000000,0.01256549,2026-05-12,2026-08-02,47,1844,580,83,0.566265,1.297104,1.076088,2.479667,,,,,,,,GLOBAL_BASELINE_NO_ENTITY_RANKING,,,NOT_APPLICABLE_GLOBAL_BASELINE,HF9g-P5,,,,X 全窗基线 · 不参与实体赏罚,15058816,1506,A168_HF9F_20260827_0900,2026-08-27 09:00:00
2026-05-24,17529000,2088,0,56.5616729808,2.1405220280,2.1405220280,0.4444444,18,11,0.50280882381692500,0.502385409091,-0.35019180194878247,-0.3476497442786782,-0.35019180194878247,0.00042341472592500,ELIGIBLE,R03b_20260811_FULL_v1,L1_ELIGIBILITY,v2026-08-11,2026-03-21..2026-08-06,baccarat_bet02_101_all_pairs_incl_sentinel,round_win = game_pnl > 0 (decisive only),COMPATIBILITY_ONLY_NOT_PRODUCTION,234594.9955,169540.3402,9810.4062,19851,11308,-0.04181848,-0.03860046,-0.05116595,-0.04181848,-9810.4062,234594.9955,OK,0.0000,294.3122,3.0000,97.0000,AG03-UNRESOLVED,ALL5_LEVELS_bet23_to_bet27,294.3122,294.3122,294.3122,392.4162,490.5203,3.000000,3.000000,3.000000,4.000000,5.000000,97.000000,97.000000,97.000000,96.000000,95.000000,5.0,1765.8731,1644.6383,8044.5331,8165.7679,PENDING_AG03,FALSE,NOT_FOR_ENFORCEMENT,9516.0940,164454.1300,9810.4062,9516.0940,294.3122,0.04181848,0.04056393,294.3122,9516.0940,0.04056393,294.3122,294.3122,294.3122,392.4162,490.5203,9516.0940,0.04056393,1765.8731,1644.6383,8044.5331,8165.7679,0.03429115,0.03480794,0.00125455,11.8178,14.9930,0.8676,208.7320,5.3202,4991.3829,240.5957,12.7170,9.8041,2.5818,2.84,3.3563,4.9054,16.007,177.8754,0.2582,0.0,5.636364,62.633151,4.16126,29,188,6,10,0.74390005,0.04181848,0.03860046,0E-8,0.000000,0.722694,0.000000,0.01256549,2026-05-12,2026-08-02,47,1844,580,83,0.566265,1.297104,1.076088,2.479667,,,,,,,,GLOBAL_BASELINE_NO_ENTITY_RANKING,,,NOT_APPLICABLE_GLOBAL_BASELINE,HF9g-P5,,,,X 全窗基线 · 不参与实体赏罚,15058817,1506,A168_HF9F_20260827_0900,2026-08-27 09:00:00
2026-05-24,17529000,2103,0,68.7561621097,3.1524051682,3.1524051682,0.5454545,22,12,0.50047211981918999,0.499948100000,0.29837978900109946,0.30185561185716514,0.29837978900109946,0.00052401981918999,ELIGIBLE,R03b_20260811_FULL_v1,L1_ELIGIBILITY,v2026-08-11,2026-03-21..2026-08-06,baccarat_bet02_101_all_pairs_incl_sentinel,round_win = game_pnl > 0 (decisive only),COMPATIBILITY_ONLY_NOT_PRODUCTION,234594.9955,169540.3402,9810.4062,19851,11308,-0.04181848,-0.03860046,-0.05116595,-0.04181848,-9810.4062,234594.9955,OK,0.0000,294.3122,3.0000,97.0000,AG03-UNRESOLVED,ALL5_LEVELS_bet23_to_bet27,294.3122,294.3122,294.3122,392.4162,490.5203,3.000000,3.000000,3.000000,4.000000,5.000000,97.000000,97.000000,97.000000,96.000000,95.000000,5.0,1765.8731,1644.6383,8044.5331,8165.7679,PENDING_AG03,FALSE,NOT_FOR_ENFORCEMENT,9516.0940,164454.1300,9810.4062,9516.0940,294.3122,0.04181848,0.04056393,294.3122,9516.0940,0.04056393,294.3122,294.3122,294.3122,392.4162,490.5203,9516.0940,0.04056393,1765.8731,1644.6383,8044.5331,8165.7679,0.03429115,0.03480794,0.00125455,11.8178,14.9930,0.8676,208.7320,5.3202,4991.3829,240.5957,12.7170,9.8041,2.5818,2.84,3.3563,4.9054,16.007,177.8754,0.2582,0.0,5.636364,62.633151,4.16126,29,188,6,10,0.74390005,0.04181848,0.03860046,0E-8,0.000000,0.722694,0.000000,0.01256549,2026-05-12,2026-08-02,47,1844,580,83,0.566265,1.297104,1.076088,2.479667,,,,,,,,GLOBAL_BASELINE_NO_ENTITY_RANKING,,,NOT_APPLICABLE_GLOBAL_BASELINE,HF9g-P5,,,,X 全窗基线 · 不参与实体赏罚,15058818,1506,A168_HF9F_20260827_0900,2026-08-27 09:00:00
2026-05-24,17529000,2141,0,122.9827201501,-17.9544393131,-17.9544393131,0.3750000,17,10,0.49905108390865829,0.499277840000,-0.7017401649162495,-0.7030223605956216,-0.7017401649162495,-0.00022675609134171,ELIGIBLE,R03b_20260811_FULL_v1,L1_ELIGIBILITY,v2026-08-11,2026-03-21..2026-08-06,baccarat_bet02_101_all_pairs_incl_sentinel,round_win = game_pnl > 0 (decisive only),COMPATIBILITY_ONLY_NOT_PRODUCTION,234594.9955,169540.3402,9810.4062,19851,11308,-0.04181848,-0.03860046,-0.05116595,-0.04181848,-9810.4062,234594.9955,OK,0.0000,294.3122,3.0000,97.0000,AG03-UNRESOLVED,ALL5_LEVELS_bet23_to_bet27,294.3122,294.3122,294.3122,392.4162,490.5203,3.000000,3.000000,3.000000,4.000000,5.000000,97.000000,97.000000,97.000000,96.000000,95.000000,5.0,1765.8731,1644.6383,8044.5331,8165.7679,PENDING_AG03,FALSE,NOT_FOR_ENFORCEMENT,9516.0940,164454.1300,9810.4062,9516.0940,294.3122,0.04181848,0.04056393,294.3122,9516.0940,0.04056393,294.3122,294.3122,294.3122,392.4162,490.5203,9516.0940,0.04056393,1765.8731,1644.6383,8044.5331,8165.7679,0.03429115,0.03480794,0.00125455,11.8178,14.9930,0.8676,208.7320,5.3202,4991.3829,240.5957,12.7170,9.8041,2.5818,2.84,3.3563,4.9054,16.007,177.8754,0.2582,0.0,5.636364,62.633151,4.16126,29,188,6,10,0.74390005,0.04181848,0.03860046,0E-8,0.000000,0.722694,0.000000,0.01256549,2026-05-12,2026-08-02,47,1844,580,83,0.566265,1.297104,1.076088,2.479667,,,,,,,,GLOBAL_BASELINE_NO_ENTITY_RANKING,,,NOT_APPLICABLE_GLOBAL_BASELINE,HF9g-P5,,,,X 全窗基线 · 不参与实体赏罚,15058819,1506,A168_HF9F_20260827_0900,2026-08-27 09:00:00
2026-05-24,17529000,2169,0,11.4161174824,0.3632401017,0.3632401017,1.0000000,4,2,0.50055742727270592,0.499948100000,0.9988857662126688,1.0001038053877793,0.9988857662126688,0.00060932727270592,ELIGIBLE,R03b_20260811_FULL_v1,L1_ELIGIBILITY,v2026-08-11,2026-03-21..2026-08-06,baccarat_bet02_101_all_pairs_incl_sentinel,round_win = game_pnl > 0 (decisive only),COMPATIBILITY_ONLY_NOT_PRODUCTION,234594.9955,169540.3402,9810.4062,19851,11308,-0.04181848,-0.03860046,-0.05116595,-0.04181848,-9810.4062,234594.9955,OK,0.0000,294.3122,3.0000,97.0000,AG03-UNRESOLVED,ALL5_LEVELS_bet23_to_bet27,294.3122,294.3122,294.3122,392.4162,490.5203,3.000000,3.000000,3.000000,4.000000,5.000000,97.000000,97.000000,97.000000,96.000000,95.000000,5.0,1765.8731,1644.6383,8044.5331,8165.7679,PENDING_AG03,FALSE,NOT_FOR_ENFORCEMENT,9516.0940,164454.1300,9810.4062,9516.0940,294.3122,0.04181848,0.04056393,294.3122,9516.0940,0.04056393,294.3122,294.3122,294.3122,392.4162,490.5203,9516.0940,0.04056393,1765.8731,1644.6383,8044.5331,8165.7679,0.03429115,0.03480794,0.00125455,11.8178,14.9930,0.8676,208.7320,5.3202,4991.3829,240.5957,12.7170,9.8041,2.5818,2.84,3.3563,4.9054,16.007,177.8754,0.2582,0.0,5.636364,62.633151,4.16126,29,188,6,10,0.74390005,0.04181848,0.03860046,0E-8,0.000000,0.722694,0.000000,0.01256549,2026-05-12,2026-08-02,47,1844,580,83,0.566265,1.297104,1.076088,2.479667,,,,,,,,GLOBAL_BASELINE_NO_ENTITY_RANKING,,,NOT_APPLICABLE_GLOBAL_BASELINE,HF9g-P5,,,,X 全窗基线 · 不参与实体赏罚,15058820,1506,A168_HF9F_20260827_0900,2026-08-27 09:00:00
2026-05-24,17529000,2170,0,30.6159514300,1.6994447615,1.6994447615,0.6000000,10,5,0.50048134196246543,0.499948100000,0.4450611750355368,0.44744570176651083,0.4450611750355368,0.00053324196246543,ELIGIBLE,R03b_20260811_FULL_v1,L1_ELIGIBILITY,v2026-08-11,2026-03-21..2026-08-06,baccarat_bet02_101_all_pairs_incl_sentinel,round_win = game_pnl > 0 (decisive only),COMPATIBILITY_ONLY_NOT_PRODUCTION,234594.9955,169540.3402,9810.4062,19851,11308,-0.04181848,-0.03860046,-0.05116595,-0.04181848,-9810.4062,234594.9955,OK,0.0000,294.3122,3.0000,97.0000,AG03-UNRESOLVED,ALL5_LEVELS_bet23_to_bet27,294.3122,294.3122,294.3122,392.4162,490.5203,3.000000,3.000000,3.000000,4.000000,5.000000,97.000000,97.000000,97.000000,96.000000,95.000000,5.0,1765.8731,1644.6383,8044.5331,8165.7679,PENDING_AG03,FALSE,NOT_FOR_ENFORCEMENT,9516.0940,164454.1300,9810.4062,9516.0940,294.3122,0.04181848,0.04056393,294.3122,9516.0940,0.04056393,294.3122,294.3122,294.3122,392.4162,490.5203,9516.0940,0.04056393,1765.8731,1644.6383,8044.5331,8165.7679,0.03429115,0.03480794,0.00125455,11.8178,14.9930,0.8676,208.7320,5.3202,4991.3829,240.5957,12.7170,9.8041,2.5818,2.84,3.3563,4.9054,16.007,177.8754,0.2582,0.0,5.636364,62.633151,4.16126,29,188,6,10,0.74390005,0.04181848,0.03860046,0E-8,0.000000,0.722694,0.000000,0.01256549,2026-05-12,2026-08-02,47,1844,580,83,0.566265,1.297104,1.076088,2.479667,,,,,,,,GLOBAL_BASELINE_NO_ENTITY_RANKING,,,NOT_APPLICABLE_GLOBAL_BASELINE,HF9g-P5,,,,X 全窗基线 · 不参与实体赏罚,15058821,1506,A168_HF9F_20260827_0900,2026-08-27 09:00:00
2026-05-24,17529000,2171,0,305.1216854345,36.2721187274,36.2721187274,0.5714286,12,8,0.50349645366459037,0.503299400000,0.35947176860241464,0.3605135384730823,0.35947176860241464,0.00019705366459037,ELIGIBLE,R03b_20260811_FULL_v1,L1_ELIGIBILITY,v2026-08-11,2026-03-21..2026-08-06,baccarat_bet02_101_all_pairs_incl_sentinel,round_win = game_pnl > 0 (decisive only),COMPATIBILITY_ONLY_NOT_PRODUCTION,234594.9955,169540.3402,9810.4062,19851,11308,-0.04181848,-0.03860046,-0.05116595,-0.04181848,-9810.4062,234594.9955,OK,0.0000,294.3122,3.0000,97.0000,AG03-UNRESOLVED,ALL5_LEVELS_bet23_to_bet27,294.3122,294.3122,294.3122,392.4162,490.5203,3.000000,3.000000,3.000000,4.000000,5.000000,97.000000,97.000000,97.000000,96.000000,95.000000,5.0,1765.8731,1644.6383,8044.5331,8165.7679,PENDING_AG03,FALSE,NOT_FOR_ENFORCEMENT,9516.0940,164454.1300,9810.4062,9516.0940,294.3122,0.04181848,0.04056393,294.3122,9516.0940,0.04056393,294.3122,294.3122,294.3122,392.4162,490.5203,9516.0940,0.04056393,1765.8731,1644.6383,8044.5331,8165.7679,0.03429115,0.03480794,0.00125455,11.8178,14.9930,0.8676,208.7320,5.3202,4991.3829,240.5957,12.7170,9.8041,2.5818,2.84,3.3563,4.9054,16.007,177.8754,0.2582,0.0,5.636364,62.633151,4.16126,29,188,6,10,0.74390005,0.04181848,0.03860046,0E-8,0.000000,0.722694,0.000000,0.01256549,2026-05-12,2026-08-02,47,1844,580,83,0.566265,1.297104,1.076088,2.479667,,,,,,,,GLOBAL_BASELINE_NO_ENTITY_RANKING,,,NOT_APPLICABLE_GLOBAL_BASELINE,HF9g-P5,,,,X 全窗基线 · 不参与实体赏罚,15058822,1506,A168_HF9F_20260827_0900,2026-08-27 09:00:00
2026-05-24,17529000,2233,0,81.7290228850,8.5880338331,8.5880338331,0.3333333,23,14,0.49936256690821563,0.499469342857,-1.1502852071439946,-1.1510246860973374,-1.1502852071439946,-0.00010677594878437,ELIGIBLE,R03b_20260811_FULL_v1,L1_ELIGIBILITY,v2026-08-11,2026-03-21..2026-08-06,baccarat_bet02_101_all_pairs_incl_sentinel,round_win = game_pnl > 0 (decisive only),COMPATIBILITY_ONLY_NOT_PRODUCTION,234594.9955,169540.3402,9810.4062,19851,11308,-0.04181848,-0.03860046,-0.05116595,-0.04181848,-9810.4062,234594.9955,OK,0.0000,294.3122,3.0000,97.0000,AG03-UNRESOLVED,ALL5_LEVELS_bet23_to_bet27,294.3122,294.3122,294.3122,392.4162,490.5203,3.000000,3.000000,3.000000,4.000000,5.000000,97.000000,97.000000,97.000000,96.000000,95.000000,5.0,1765.8731,1644.6383,8044.5331,8165.7679,PENDING_AG03,FALSE,NOT_FOR_ENFORCEMENT,9516.0940,164454.1300,9810.4062,9516.0940,294.3122,0.04181848,0.04056393,294.3122,9516.0940,0.04056393,294.3122,294.3122,294.3122,392.4162,490.5203,9516.0940,0.04056393,1765.8731,1644.6383,8044.5331,8165.7679,0.03429115,0.03480794,0.00125455,11.8178,14.9930,0.8676,208.7320,5.3202,4991.3829,240.5957,12.7170,9.8041,2.5818,2.84,3.3563,4.9054,16.007,177.8754,0.2582,0.0,5.636364,62.633151,4.16126,29,188,6,10,0.74390005,0.04181848,0.03860046,0E-8,0.000000,0.722694,0.000000,0.01256549,2026-05-12,2026-08-02,47,1844,580,83,0.566265,1.297104,1.076088,2.479667,,,,,,,,GLOBAL_BASELINE_NO_ENTITY_RANKING,,,NOT_APPLICABLE_GLOBAL_BASELINE,HF9g-P5,,,,X 全窗基线 · 不参与实体赏罚,15058823,1506,A168_HF9F_20260827_0900,2026-08-27 09:00:00
2026-05-24,17529000,2246,0,48.7779565157,4.6313112966,4.6313112966,0.7777778,17,9,0.50108419329316704,0.500692833333,1.6601654098784444,1.6625112627401863,1.6601654098784444,0.00039135996016704,ELIGIBLE,R03b_20260811_FULL_v1,L1_ELIGIBILITY,v2026-08-11,2026-03-21..2026-08-06,baccarat_bet02_101_all_pairs_incl_sentinel,round_win = game_pnl > 0 (decisive only),COMPATIBILITY_ONLY_NOT_PRODUCTION,234594.9955,169540.3402,9810.4062,19851,11308,-0.04181848,-0.03860046,-0.05116595,-0.04181848,-9810.4062,234594.9955,OK,0.0000,294.3122,3.0000,97.0000,AG03-UNRESOLVED,ALL5_LEVELS_bet23_to_bet27,294.3122,294.3122,294.3122,392.4162,490.5203,3.000000,3.000000,3.000000,4.000000,5.000000,97.000000,97.000000,97.000000,96.000000,95.000000,5.0,1765.8731,1644.6383,8044.5331,8165.7679,PENDING_AG03,FALSE,NOT_FOR_ENFORCEMENT,9516.0940,164454.1300,9810.4062,9516.0940,294.3122,0.04181848,0.04056393,294.3122,9516.0940,0.04056393,294.3122,294.3122,294.3122,392.4162,490.5203,9516.0940,0.04056393,1765.8731,1644.6383,8044.5331,8165.7679,0.03429115,0.03480794,0.00125455,11.8178,14.9930,0.8676,208.7320,5.3202,4991.3829,240.5957,12.7170,9.8041,2.5818,2.84,3.3563,4.9054,16.007,177.8754,0.2582,0.0,5.636364,62.633151,4.16126,29,188,6,10,0.74390005,0.04181848,0.03860046,0E-8,0.000000,0.722694,0.000000,0.01256549,2026-05-12,2026-08-02,47,1844,580,83,0.566265,1.297104,1.076088,2.479667,,,,,,,,GLOBAL_BASELINE_NO_ENTITY_RANKING,,,NOT_APPLICABLE_GLOBAL_BASELINE,HF9g-P5,,,,X 全窗基线 · 不参与实体赏罚,15058824,1506,A168_HF9F_20260827_0900,2026-08-27 09:00:00
2026-05-25,17529000,1307,0,5.9675159567,0.7783716465,0.7783716465,1.0000000,2,1,0.49907384782611626,0.499948100000,1.001854023045546,1.0001038053877793,1.001854023045546,-0.00087425217388374,ELIGIBLE,R03b_20260811_FULL_v1,L1_ELIGIBILITY,v2026-08-11,2026-03-21..2026-08-06,baccarat_bet02_101_all_pairs_incl_sentinel,round_win = game_pnl > 0 (decisive only),COMPATIBILITY_ONLY_NOT_PRODUCTION,234594.9955,169540.3402,9810.4062,19851,11308,-0.04181848,-0.03860046,-0.05116595,-0.04181848,-9810.4062,234594.9955,OK,0.0000,294.3122,3.0000,97.0000,AG03-UNRESOLVED,ALL5_LEVELS_bet23_to_bet27,294.3122,294.3122,294.3122,392.4162,490.5203,3.000000,3.000000,3.000000,4.000000,5.000000,97.000000,97.000000,97.000000,96.000000,95.000000,5.0,1765.8731,1644.6383,8044.5331,8165.7679,PENDING_AG03,FALSE,NOT_FOR_ENFORCEMENT,9516.0940,164454.1300,9810.4062,9516.0940,294.3122,0.04181848,0.04056393,294.3122,9516.0940,0.04056393,294.3122,294.3122,294.3122,392.4162,490.5203,9516.0940,0.04056393,1765.8731,1644.6383,8044.5331,8165.7679,0.03429115,0.03480794,0.00125455,11.8178,14.9930,0.8676,208.7320,5.3202,4991.3829,240.5957,12.7170,9.8041,2.5818,2.84,3.3563,4.9054,16.007,177.8754,0.2582,0.0,5.636364,62.633151,4.16126,29,188,6,10,0.74390005,0.04181848,0.03860046,0E-8,0.000000,0.722694,0.000000,0.01256549,2026-05-12,2026-08-02,47,1844,580,83,0.566265,1.297104,1.076088,2.479667,,,,,,,,GLOBAL_BASELINE_NO_ENTITY_RANKING,,,NOT_APPLICABLE_GLOBAL_BASELINE,HF9g-P5,,,,X 全窗基线 · 不参与实体赏罚,15058825,1506,A168_HF9F_20260827_0900,2026-08-27 09:00:00
2026-05-25,17529000,1330,0,5.7080587412,-0.6486430388,-0.6486430388,0E-7,2,1,0.49933877272729408,0.499948100000,-0.9986784187423349,-0.9998962053866608,-0.9986784187423349,-0.00060932727270592,ELIGIBLE,R03b_20260811_FULL_v1,L1_ELIGIBILITY,v2026-08-11,2026-03-21..2026-08-06,baccarat_bet02_101_all_pairs_incl_sentinel,round_win = game_pnl > 0 (decisive only),COMPATIBILITY_ONLY_NOT_PRODUCTION,234594.9955,169540.3402,9810.4062,19851,11308,-0.04181848,-0.03860046,-0.05116595,-0.04181848,-9810.4062,234594.9955,OK,0.0000,294.3122,3.0000,97.0000,AG03-UNRESOLVED,ALL5_LEVELS_bet23_to_bet27,294.3122,294.3122,294.3122,392.4162,490.5203,3.000000,3.000000,3.000000,4.000000,5.000000,97.000000,97.000000,97.000000,96.000000,95.000000,5.0,1765.8731,1644.6383,8044.5331,8165.7679,PENDING_AG03,FALSE,NOT_FOR_ENFORCEMENT,9516.0940,164454.1300,9810.4062,9516.0940,294.3122,0.04181848,0.04056393,294.3122,9516.0940,0.04056393,294.3122,294.3122,294.3122,392.4162,490.5203,9516.0940,0.04056393,1765.8731,1644.6383,8044.5331,8165.7679,0.03429115,0.03480794,0.00125455,11.8178,14.9930,0.8676,208.7320,5.3202,4991.3829,240.5957,12.7170,9.8041,2.5818,2.84,3.3563,4.9054,16.007,177.8754,0.2582,0.0,5.636364,62.633151,4.16126,29,188,6,10,0.74390005,0.04181848,0.03860046,0E-8,0.000000,0.722694,0.000000,0.01256549,2026-05-12,2026-08-02,47,1844,580,83,0.566265,1.297104,1.076088,2.479667,,,,,,,,GLOBAL_BASELINE_NO_ENTITY_RANKING,,,NOT_APPLICABLE_GLOBAL_BASELINE,HF9g-P5,,,,X 全窗基线 · 不参与实体赏罚,15058826,1506,A168_HF9F_20260827_0900,2026-08-27 09:00:00
2026-05-25,17529000,1400,0,5.7080587412,0.3632401017,0.3632401017,1.0000000,2,1,0.50055742727270592,0.499948100000,0.9988857662126688,1.0001038053877793,0.9988857662126688,0.00060932727270592,ELIGIBLE,R03b_20260811_FULL_v1,L1_ELIGIBILITY,v2026-08-11,2026-03-21..2026-08-06,baccarat_bet02_101_all_pairs_incl_sentinel,round_win = game_pnl > 0 (decisive only),COMPATIBILITY_ONLY_NOT_PRODUCTION,234594.9955,169540.3402,9810.4062,19851,11308,-0.04181848,-0.03860046,-0.05116595,-0.04181848,-9810.4062,234594.9955,OK,0.0000,294.3122,3.0000,97.0000,AG03-UNRESOLVED,ALL5_LEVELS_bet23_to_bet27,294.3122,294.3122,294.3122,392.4162,490.5203,3.000000,3.000000,3.000000,4.000000,5.000000,97.000000,97.000000,97.000000,96.000000,95.000000,5.0,1765.8731,1644.6383,8044.5331,8165.7679,PENDING_AG03,FALSE,NOT_FOR_ENFORCEMENT,9516.0940,164454.1300,9810.4062,9516.0940,294.3122,0.04181848,0.04056393,294.3122,9516.0940,0.04056393,294.3122,294.3122,294.3122,392.4162,490.5203,9516.0940,0.04056393,1765.8731,1644.6383,8044.5331,8165.7679,0.03429115,0.03480794,0.00125455,11.8178,14.9930,0.8676,208.7320,5.3202,4991.3829,240.5957,12.7170,9.8041,2.5818,2.84,3.3563,4.9054,16.007,177.8754,0.2582,0.0,5.636364,62.633151,4.16126,29,188,6,10,0.74390005,0.04181848,0.03860046,0E-8,0.000000,0.722694,0.000000,0.01256549,2026-05-12,2026-08-02,47,1844,580,83,0.566265,1.297104,1.076088,2.479667,,,,,,,,GLOBAL_BASELINE_NO_ENTITY_RANKING,,,NOT_APPLICABLE_GLOBAL_BASELINE,HF9g-P5,,,,X 全窗基线 · 不参与实体赏罚,15058827,1506,A168_HF9F_20260827_0900,2026-08-27 09:00:00
2026-05-25,17529000,1401,0,463.6500441084,86.0230398006,86.0230398006,0.3846154,24,17,0.50255936489911167,0.502313723529,-0.8505172795330609,-0.8487438792179471,-0.8505172795330609,0.00024564137011167,ELIGIBLE,R03b_20260811_FULL_v1,L1_ELIGIBILITY,v2026-08-11,2026-03-21..2026-08-06,baccarat_bet02_101_all_pairs_incl_sentinel,round_win = game_pnl > 0 (decisive only),COMPATIBILITY_ONLY_NOT_PRODUCTION,234594.9955,169540.3402,9810.4062,19851,11308,-0.04181848,-0.03860046,-0.05116595,-0.04181848,-9810.4062,234594.9955,OK,0.0000,294.3122,3.0000,97.0000,AG03-UNRESOLVED,ALL5_LEVELS_bet23_to_bet27,294.3122,294.3122,294.3122,392.4162,490.5203,3.000000,3.000000,3.000000,4.000000,5.000000,97.000000,97.000000,97.000000,96.000000,95.000000,5.0,1765.8731,1644.6383,8044.5331,8165.7679,PENDING_AG03,FALSE,NOT_FOR_ENFORCEMENT,9516.0940,164454.1300,9810.4062,9516.0940,294.3122,0.04181848,0.04056393,294.3122,9516.0940,0.04056393,294.3122,294.3122,294.3122,392.4162,490.5203,9516.0940,0.04056393,1765.8731,1644.6383,8044.5331,8165.7679,0.03429115,0.03480794,0.00125455,11.8178,14.9930,0.8676,208.7320,5.3202,4991.3829,240.5957,12.7170,9.8041,2.5818,2.84,3.3563,4.9054,16.007,177.8754,0.2582,0.0,5.636364,62.633151,4.16126,29,188,6,10,0.74390005,0.04181848,0.03860046,0E-8,0.000000,0.722694,0.000000,0.01256549,2026-05-12,2026-08-02,47,1844,580,83,0.566265,1.297104,1.076088,2.479667,,,,,,,,GLOBAL_BASELINE_NO_ENTITY_RANKING,,,NOT_APPLICABLE_GLOBAL_BASELINE,HF9g-P5,,,,X 全窗基线 · 不参与实体赏罚,15058828,1506,A168_HF9F_20260827_0900,2026-08-27 09:00:00
2026-05-25,17529000,1994,0,724.6640029074,107.6877172952,107.6877172952,0.5000000,47,29,0.50072258796203326,0.500641472414,-0.007647160177315041,-0.006788711508342506,-0.007647160177315041,0.00008111554803326,ELIGIBLE,R03b_20260811_FULL_v1,L1_ELIGIBILITY,v2026-08-11,2026-03-21..2026-08-06,baccarat_bet02_101_all_pairs_incl_sentinel,round_win = game_pnl > 0 (decisive only),COMPATIBILITY_ONLY_NOT_PRODUCTION,234594.9955,169540.3402,9810.4062,19851,11308,-0.04181848,-0.03860046,-0.05116595,-0.04181848,-9810.4062,234594.9955,OK,0.0000,294.3122,3.0000,97.0000,AG03-UNRESOLVED,ALL5_LEVELS_bet23_to_bet27,294.3122,294.3122,294.3122,392.4162,490.5203,3.000000,3.000000,3.000000,4.000000,5.000000,97.000000,97.000000,97.000000,96.000000,95.000000,5.0,1765.8731,1644.6383,8044.5331,8165.7679,PENDING_AG03,FALSE,NOT_FOR_ENFORCEMENT,9516.0940,164454.1300,9810.4062,9516.0940,294.3122,0.04181848,0.04056393,294.3122,9516.0940,0.04056393,294.3122,294.3122,294.3122,392.4162,490.5203,9516.0940,0.04056393,1765.8731,1644.6383,8044.5331,8165.7679,0.03429115,0.03480794,0.00125455,11.8178,14.9930,0.8676,208.7320,5.3202,4991.3829,240.5957,12.7170,9.8041,2.5818,2.84,3.3563,4.9054,16.007,177.8754,0.2582,0.0,5.636364,62.633151,4.16126,29,188,6,10,0.74390005,0.04181848,0.03860046,0E-8,0.000000,0.722694,0.000000,0.01256549,2026-05-12,2026-08-02,47,1844,580,83,0.566265,1.297104,1.076088,2.479667,,,,,,,,GLOBAL_BASELINE_NO_ENTITY_RANKING,,,NOT_APPLICABLE_GLOBAL_BASELINE,HF9g-P5,,,,X 全窗基线 · 不参与实体赏罚,15058829,1506,A168_HF9F_20260827_0900,2026-08-27 09:00:00
2026-05-25,17529000,2123,0,714.8046287175,178.2600799127,178.2600799127,0.3333333,32,24,0.50291057773568489,0.502740850000,-1.6615390346625696,-1.6598728366772217,-1.6615390346625696,0.00016972773568489,ELIGIBLE,R03b_20260811_FULL_v1,L1_ELIGIBILITY,v2026-08-11,2026-03-21..2026-08-06,baccarat_bet02_101_all_pairs_incl_sentinel,round_win = game_pnl > 0 (decisive only),COMPATIBILITY_ONLY_NOT_PRODUCTION,234594.9955,169540.3402,9810.4062,19851,11308,-0.04181848,-0.03860046,-0.05116595,-0.04181848,-9810.4062,234594.9955,OK,0.0000,294.3122,3.0000,97.0000,AG03-UNRESOLVED,ALL5_LEVELS_bet23_to_bet27,294.3122,294.3122,294.3122,392.4162,490.5203,3.000000,3.000000,3.000000,4.000000,5.000000,97.000000,97.000000,97.000000,96.000000,95.000000,5.0,1765.8731,1644.6383,8044.5331,8165.7679,PENDING_AG03,FALSE,NOT_FOR_ENFORCEMENT,9516.0940,164454.1300,9810.4062,9516.0940,294.3122,0.04181848,0.04056393,294.3122,9516.0940,0.04056393,294.3122,294.3122,294.3122,392.4162,490.5203,9516.0940,0.04056393,1765.8731,1644.6383,8044.5331,8165.7679,0.03429115,0.03480794,0.00125455,11.8178,14.9930,0.8676,208.7320,5.3202,4991.3829,240.5957,12.7170,9.8041,2.5818,2.84,3.3563,4.9054,16.007,177.8754,0.2582,0.0,5.636364,62.633151,4.16126,29,188,6,10,0.74390005,0.04181848,0.03860046,0E-8,0.000000,0.722694,0.000000,0.01256549,2026-05-12,2026-08-02,47,1844,580,83,0.566265,1.297104,1.076088,2.479667,,,,,,,,GLOBAL_BASELINE_NO_ENTITY_RANKING,,,NOT_APPLICABLE_GLOBAL_BASELINE,HF9g-P5,,,,X 全窗基线 · 不参与实体赏罚,15058830,1506,A168_HF9F_20260827_0900,2026-08-27 09:00:00
2026-05-25,17529000,2141,0,344.0402677609,72.2718073787,72.2718073787,0.4375000,29,17,0.50210330818406388,0.501919452941,-0.5168310383158978,-0.5153594210190011,-0.5168310383158978,0.00018385524306388,ELIGIBLE,R03b_20260811_FULL_v1,L1_ELIGIBILITY,v2026-08-11,2026-03-21..2026-08-06,baccarat_bet02_101_all_pairs_incl_sentinel,round_win = game_pnl > 0 (decisive only),COMPATIBILITY_ONLY_NOT_PRODUCTION,234594.9955,169540.3402,9810.4062,19851,11308,-0.04181848,-0.03860046,-0.05116595,-0.04181848,-9810.4062,234594.9955,OK,0.0000,294.3122,3.0000,97.0000,AG03-UNRESOLVED,ALL5_LEVELS_bet23_to_bet27,294.3122,294.3122,294.3122,392.4162,490.5203,3.000000,3.000000,3.000000,4.000000,5.000000,97.000000,97.000000,97.000000,96.000000,95.000000,5.0,1765.8731,1644.6383,8044.5331,8165.7679,PENDING_AG03,FALSE,NOT_FOR_ENFORCEMENT,9516.0940,164454.1300,9810.4062,9516.0940,294.3122,0.04181848,0.04056393,294.3122,9516.0940,0.04056393,294.3122,294.3122,294.3122,392.4162,490.5203,9516.0940,0.04056393,1765.8731,1644.6383,8044.5331,8165.7679,0.03429115,0.03480794,0.00125455,11.8178,14.9930,0.8676,208.7320,5.3202,4991.3829,240.5957,12.7170,9.8041,2.5818,2.84,3.3563,4.9054,16.007,177.8754,0.2582,0.0,5.636364,62.633151,4.16126,29,188,6,10,0.74390005,0.04181848,0.03860046,0E-8,0.000000,0.722694,0.000000,0.01256549,2026-05-12,2026-08-02,47,1844,580,83,0.566265,1.297104,1.076088,2.479667,,,,,,,,GLOBAL_BASELINE_NO_ENTITY_RANKING,,,NOT_APPLICABLE_GLOBAL_BASELINE,HF9g-P5,,,,X 全窗基线 · 不参与实体赏罚,15058831,1506,A168_HF9F_20260827_0900,2026-08-27 09:00:00
2026-05-25,17529000,2145,0,417.4666597482,125.7589123554,125.7589123554,0.4000000,16,11,0.50149072697162852,0.501166754545,-0.64188657012616,-0.6398364777406386,-0.64188657012616,0.00032397242662852,ELIGIBLE,R03b_20260811_FULL_v1,L1_ELIGIBILITY,v2026-08-11,2026-03-21..2026-08-06,baccarat_bet02_101_all_pairs_incl_sentinel,round_win = game_pnl > 0 (decisive only),COMPATIBILITY_ONLY_NOT_PRODUCTION,234594.9955,169540.3402,9810.4062,19851,11308,-0.04181848,-0.03860046,-0.05116595,-0.04181848,-9810.4062,234594.9955,OK,0.0000,294.3122,3.0000,97.0000,AG03-UNRESOLVED,ALL5_LEVELS_bet23_to_bet27,294.3122,294.3122,294.3122,392.4162,490.5203,3.000000,3.000000,3.000000,4.000000,5.000000,97.000000,97.000000,97.000000,96.000000,95.000000,5.0,1765.8731,1644.6383,8044.5331,8165.7679,PENDING_AG03,FALSE,NOT_FOR_ENFORCEMENT,9516.0940,164454.1300,9810.4062,9516.0940,294.3122,0.04181848,0.04056393,294.3122,9516.0940,0.04056393,294.3122,294.3122,294.3122,392.4162,490.5203,9516.0940,0.04056393,1765.8731,1644.6383,8044.5331,8165.7679,0.03429115,0.03480794,0.00125455,11.8178,14.9930,0.8676,208.7320,5.3202,4991.3829,240.5957,12.7170,9.8041,2.5818,2.84,3.3563,4.9054,16.007,177.8754,0.2582,0.0,5.636364,62.633151,4.16126,29,188,6,10,0.74390005,0.04181848,0.03860046,0E-8,0.000000,0.722694,0.000000,0.01256549,2026-05-12,2026-08-02,47,1844,580,83,0.566265,1.297104,1.076088,2.479667,,,,,,,,GLOBAL_BASELINE_NO_ENTITY_RANKING,,,NOT_APPLICABLE_GLOBAL_BASELINE,HF9g-P5,,,,X 全窗基线 · 不参与实体赏罚,15058832,1506,A168_HF9F_20260827_0900,2026-08-27 09:00:00
2026-05-25,17529000,2174,0,52.4103575327,0.6875616210,0.6875616210,0.2500000,17,9,0.49966796488960082,0.499203366667,-1.412335599560301,-1.4097089129912617,-1.412335599560301,0.00046459822260082,ELIGIBLE,R03b_20260811_FULL_v1,L1_ELIGIBILITY,v2026-08-11,2026-03-21..2026-08-06,baccarat_bet02_101_all_pairs_incl_sentinel,round_win = game_pnl > 0 (decisive only),COMPATIBILITY_ONLY_NOT_PRODUCTION,234594.9955,169540.3402,9810.4062,19851,11308,-0.04181848,-0.03860046,-0.05116595,-0.04181848,-9810.4062,234594.9955,OK,0.0000,294.3122,3.0000,97.0000,AG03-UNRESOLVED,ALL5_LEVELS_bet23_to_bet27,294.3122,294.3122,294.3122,392.4162,490.5203,3.000000,3.000000,3.000000,4.000000,5.000000,97.000000,97.000000,97.000000,96.000000,95.000000,5.0,1765.8731,1644.6383,8044.5331,8165.7679,PENDING_AG03,FALSE,NOT_FOR_ENFORCEMENT,9516.0940,164454.1300,9810.4062,9516.0940,294.3122,0.04181848,0.04056393,294.3122,9516.0940,0.04056393,294.3122,294.3122,294.3122,392.4162,490.5203,9516.0940,0.04056393,1765.8731,1644.6383,8044.5331,8165.7679,0.03429115,0.03480794,0.00125455,11.8178,14.9930,0.8676,208.7320,5.3202,4991.3829,240.5957,12.7170,9.8041,2.5818,2.84,3.3563,4.9054,16.007,177.8754,0.2582,0.0,5.636364,62.633151,4.16126,29,188,6,10,0.74390005,0.04181848,0.03860046,0E-8,0.000000,0.722694,0.000000,0.01256549,2026-05-12,2026-08-02,47,1844,580,83,0.566265,1.297104,1.076088,2.479667,,,,,,,,GLOBAL_BASELINE_NO_ENTITY_RANKING,,,NOT_APPLICABLE_GLOBAL_BASELINE,HF9g-P5,,,,X 全窗基线 · 不参与实体赏罚,15058833,1506,A168_HF9F_20260827_0900,2026-08-27 09:00:00
2026-05-25,17529000,2233,0,17.3836334391,0.6097244564,0.6097244564,0.6666667,6,3,0.50023951739129458,0.499948100000,0.5765206227559322,0.5775300591747329,0.5765206227559322,0.00029141739129458,ELIGIBLE,R03b_20260811_FULL_v1,L1_ELIGIBILITY,v2026-08-11,2026-03-21..2026-08-06,baccarat_bet02_101_all_pairs_incl_sentinel,round_win = game_pnl > 0 (decisive only),COMPATIBILITY_ONLY_NOT_PRODUCTION,234594.9955,169540.3402,9810.4062,19851,11308,-0.04181848,-0.03860046,-0.05116595,-0.04181848,-9810.4062,234594.9955,OK,0.0000,294.3122,3.0000,97.0000,AG03-UNRESOLVED,ALL5_LEVELS_bet23_to_bet27,294.3122,294.3122,294.3122,392.4162,490.5203,3.000000,3.000000,3.000000,4.000000,5.000000,97.000000,97.000000,97.000000,96.000000,95.000000,5.0,1765.8731,1644.6383,8044.5331,8165.7679,PENDING_AG03,FALSE,NOT_FOR_ENFORCEMENT,9516.0940,164454.1300,9810.4062,9516.0940,294.3122,0.04181848,0.04056393,294.3122,9516.0940,0.04056393,294.3122,294.3122,294.3122,392.4162,490.5203,9516.0940,0.04056393,1765.8731,1644.6383,8044.5331,8165.7679,0.03429115,0.03480794,0.00125455,11.8178,14.9930,0.8676,208.7320,5.3202,4991.3829,240.5957,12.7170,9.8041,2.5818,2.84,3.3563,4.9054,16.007,177.8754,0.2582,0.0,5.636364,62.633151,4.16126,29,188,6,10,0.74390005,0.04181848,0.03860046,0E-8,0.000000,0.722694,0.000000,0.01256549,2026-05-12,2026-08-02,47,1844,580,83,0.566265,1.297104,1.076088,2.479667,,,,,,,,GLOBAL_BASELINE_NO_ENTITY_RANKING,,,NOT_APPLICABLE_GLOBAL_BASELINE,HF9g-P5,,,,X 全窗基线 · 不参与实体赏罚,15058834,1506,A168_HF9F_20260827_0900,2026-08-27 09:00:00
2026-05-25,17529000,2252,0,71.3507342648,2.2053863317,2.2053863317,0.4545455,22,12,0.50133074516185686,0.501065200000,-0.3103396085167089,-0.3085777822881345,-0.3103396085167089,0.00026554516185686,ELIGIBLE,R03b_20260811_FULL_v1,L1_ELIGIBILITY,v2026-08-11,2026-03-21..2026-08-06,baccarat_bet02_101_all_pairs_incl_sentinel,round_win = game_pnl > 0 (decisive only),COMPATIBILITY_ONLY_NOT_PRODUCTION,234594.9955,169540.3402,9810.4062,19851,11308,-0.04181848,-0.03860046,-0.05116595,-0.04181848,-9810.4062,234594.9955,OK,0.0000,294.3122,3.0000,97.0000,AG03-UNRESOLVED,ALL5_LEVELS_bet23_to_bet27,294.3122,294.3122,294.3122,392.4162,490.5203,3.000000,3.000000,3.000000,4.000000,5.000000,97.000000,97.000000,97.000000,96.000000,95.000000,5.0,1765.8731,1644.6383,8044.5331,8165.7679,PENDING_AG03,FALSE,NOT_FOR_ENFORCEMENT,9516.0940,164454.1300,9810.4062,9516.0940,294.3122,0.04181848,0.04056393,294.3122,9516.0940,0.04056393,294.3122,294.3122,294.3122,392.4162,490.5203,9516.0940,0.04056393,1765.8731,1644.6383,8044.5331,8165.7679,0.03429115,0.03480794,0.00125455,11.8178,14.9930,0.8676,208.7320,5.3202,4991.3829,240.5957,12.7170,9.8041,2.5818,2.84,3.3563,4.9054,16.007,177.8754,0.2582,0.0,5.636364,62.633151,4.16126,29,188,6,10,0.74390005,0.04181848,0.03860046,0E-8,0.000000,0.722694,0.000000,0.01256549,2026-05-12,2026-08-02,47,1844,580,83,0.566265,1.297104,1.076088,2.479667,,,,,,,,GLOBAL_BASELINE_NO_ENTITY_RANKING,,,NOT_APPLICABLE_GLOBAL_BASELINE,HF9g-P5,,,,X 全窗基线 · 不参与实体赏罚,15058835,1506,A168_HF9F_20260827_0900,2026-08-27 09:00:00
2026-05-26,17529000,1304,0,54.7454724718,29.8375797831,29.8375797831,0.2500000,7,5,0.50441649999998565,0.503969660000,-1.017705702435047,-1.0159106583522801,-1.017705702435047,0.00044683999998565,ELIGIBLE,R03b_20260811_FULL_v1,L1_ELIGIBILITY,v2026-08-11,2026-03-21..2026-08-06,baccarat_bet02_101_all_pairs_incl_sentinel,round_win = game_pnl > 0 (decisive only),COMPATIBILITY_ONLY_NOT_PRODUCTION,234594.9955,169540.3402,9810.4062,19851,11308,-0.04181848,-0.03860046,-0.05116595,-0.04181848,-9810.4062,234594.9955,OK,0.0000,294.3122,3.0000,97.0000,AG03-UNRESOLVED,ALL5_LEVELS_bet23_to_bet27,294.3122,294.3122,294.3122,392.4162,490.5203,3.000000,3.000000,3.000000,4.000000,5.000000,97.000000,97.000000,97.000000,96.000000,95.000000,5.0,1765.8731,1644.6383,8044.5331,8165.7679,PENDING_AG03,FALSE,NOT_FOR_ENFORCEMENT,9516.0940,164454.1300,9810.4062,9516.0940,294.3122,0.04181848,0.04056393,294.3122,9516.0940,0.04056393,294.3122,294.3122,294.3122,392.4162,490.5203,9516.0940,0.04056393,1765.8731,1644.6383,8044.5331,8165.7679,0.03429115,0.03480794,0.00125455,11.8178,14.9930,0.8676,208.7320,5.3202,4991.3829,240.5957,12.7170,9.8041,2.5818,2.84,3.3563,4.9054,16.007,177.8754,0.2582,0.0,5.636364,62.633151,4.16126,29,188,6,10,0.74390005,0.04181848,0.03860046,0E-8,0.000000,0.722694,0.000000,0.01256549,2026-05-12,2026-08-02,47,1844,580,83,0.566265,1.297104,1.076088,2.479667,,,,,,,,GLOBAL_BASELINE_NO_ENTITY_RANKING,,,NOT_APPLICABLE_GLOBAL_BASELINE,HF9g-P5,,,,X 全窗基线 · 不参与实体赏罚,15058836,1506,A168_HF9F_20260827_0900,2026-08-27 09:00:00
2026-05-26,17529000,1306,0,40.9942400503,4.2940169166,4.2940169166,0.7142857,13,7,0.50166163145740704,0.500905614286,1.125107104715366,1.1291032106993646,1.125107104715366,0.00075601717140704,ELIGIBLE,R03b_20260811_FULL_v1,L1_ELIGIBILITY,v2026-08-11,2026-03-21..2026-08-06,baccarat_bet02_101_all_pairs_incl_sentinel,round_win = game_pnl > 0 (decisive only),COMPATIBILITY_ONLY_NOT_PRODUCTION,234594.9955,169540.3402,9810.4062,19851,11308,-0.04181848,-0.03860046,-0.05116595,-0.04181848,-9810.4062,234594.9955,OK,0.0000,294.3122,3.0000,97.0000,AG03-UNRESOLVED,ALL5_LEVELS_bet23_to_bet27,294.3122,294.3122,294.3122,392.4162,490.5203,3.000000,3.000000,3.000000,4.000000,5.000000,97.000000,97.000000,97.000000,96.000000,95.000000,5.0,1765.8731,1644.6383,8044.5331,8165.7679,PENDING_AG03,FALSE,NOT_FOR_ENFORCEMENT,9516.0940,164454.1300,9810.4062,9516.0940,294.3122,0.04181848,0.04056393,294.3122,9516.0940,0.04056393,294.3122,294.3122,294.3122,392.4162,490.5203,9516.0940,0.04056393,1765.8731,1644.6383,8044.5331,8165.7679,0.03429115,0.03480794,0.00125455,11.8178,14.9930,0.8676,208.7320,5.3202,4991.3829,240.5957,12.7170,9.8041,2.5818,2.84,3.3563,4.9054,16.007,177.8754,0.2582,0.0,5.636364,62.633151,4.16126,29,188,6,10,0.74390005,0.04181848,0.03860046,0E-8,0.000000,0.722694,0.000000,0.01256549,2026-05-12,2026-08-02,47,1844,580,83,0.566265,1.297104,1.076088,2.479667,,,,,,,,GLOBAL_BASELINE_NO_ENTITY_RANKING,,,NOT_APPLICABLE_GLOBAL_BASELINE,HF9g-P5,,,,X 全窗基线 · 不参与实体赏罚,15058837,1506,A168_HF9F_20260827_0900,2026-08-27 09:00:00
2026-05-26,17529000,1307,0,69.0156193253,1.7513362045,1.7513362045,0.3750000,23,12,0.50015691759176738,0.500506650000,-0.7079944759984387,-0.7099731908841789,-0.7079944759984387,-0.00034973240823262,ELIGIBLE,R03b_20260811_FULL_v1,L1_ELIGIBILITY,v2026-08-11,2026-03-21..2026-08-06,baccarat_bet02_101_all_pairs_incl_sentinel,round_win = game_pnl > 0 (decisive only),COMPATIBILITY_ONLY_NOT_PRODUCTION,234594.9955,169540.3402,9810.4062,19851,11308,-0.04181848,-0.03860046,-0.05116595,-0.04181848,-9810.4062,234594.9955,OK,0.0000,294.3122,3.0000,97.0000,AG03-UNRESOLVED,ALL5_LEVELS_bet23_to_bet27,294.3122,294.3122,294.3122,392.4162,490.5203,3.000000,3.000000,3.000000,4.000000,5.000000,97.000000,97.000000,97.000000,96.000000,95.000000,5.0,1765.8731,1644.6383,8044.5331,8165.7679,PENDING_AG03,FALSE,NOT_FOR_ENFORCEMENT,9516.0940,164454.1300,9810.4062,9516.0940,294.3122,0.04181848,0.04056393,294.3122,9516.0940,0.04056393,294.3122,294.3122,294.3122,392.4162,490.5203,9516.0940,0.04056393,1765.8731,1644.6383,8044.5331,8165.7679,0.03429115,0.03480794,0.00125455,11.8178,14.9930,0.8676,208.7320,5.3202,4991.3829,240.5957,12.7170,9.8041,2.5818,2.84,3.3563,4.9054,16.007,177.8754,0.2582,0.0,5.636364,62.633151,4.16126,29,188,6,10,0.74390005,0.04181848,0.03860046,0E-8,0.000000,0.722694,0.000000,0.01256549,2026-05-12,2026-08-02,47,1844,580,83,0.566265,1.297104,1.076088,2.479667,,,,,,,,GLOBAL_BASELINE_NO_ENTITY_RANKING,,,NOT_APPLICABLE_GLOBAL_BASELINE,HF9g-P5,,,,X 全窗基线 · 不参与实体赏罚,15058838,1506,A168_HF9F_20260827_0900,2026-08-27 09:00:00
2026-05-26,17529000,1374,0,153.0797571496,27.4894919826,27.4894919826,0.5789474,41,22,0.50005976157696436,0.499643436364,0.6877262171746509,0.6913558271189163,0.6877262171746509,0.00041632521296436,ELIGIBLE,R03b_20260811_FULL_v1,L1_ELIGIBILITY,v2026-08-11,2026-03-21..2026-08-06,baccarat_bet02_101_all_pairs_incl_sentinel,round_win = game_pnl > 0 (decisive only),COMPATIBILITY_ONLY_NOT_PRODUCTION,234594.9955,169540.3402,9810.4062,19851,11308,-0.04181848,-0.03860046,-0.05116595,-0.04181848,-9810.4062,234594.9955,OK,0.0000,294.3122,3.0000,97.0000,AG03-UNRESOLVED,ALL5_LEVELS_bet23_to_bet27,294.3122,294.3122,294.3122,392.4162,490.5203,3.000000,3.000000,3.000000,4.000000,5.000000,97.000000,97.000000,97.000000,96.000000,95.000000,5.0,1765.8731,1644.6383,8044.5331,8165.7679,PENDING_AG03,FALSE,NOT_FOR_ENFORCEMENT,9516.0940,164454.1300,9810.4062,9516.0940,294.3122,0.04181848,0.04056393,294.3122,9516.0940,0.04056393,294.3122,294.3122,294.3122,392.4162,490.5203,9516.0940,0.04056393,1765.8731,1644.6383,8044.5331,8165.7679,0.03429115,0.03480794,0.00125455,11.8178,14.9930,0.8676,208.7320,5.3202,4991.3829,240.5957,12.7170,9.8041,2.5818,2.84,3.3563,4.9054,16.007,177.8754,0.2582,0.0,5.636364,62.633151,4.16126,29,188,6,10,0.74390005,0.04181848,0.03860046,0E-8,0.000000,0.722694,0.000000,0.01256549,2026-05-12,2026-08-02,47,1844,580,83,0.566265,1.297104,1.076088,2.479667,,,,,,,,GLOBAL_BASELINE_NO_ENTITY_RANKING,,,NOT_APPLICABLE_GLOBAL_BASELINE,HF9g-P5,,,,X 全窗基线 · 不参与实体赏罚,15058839,1506,A168_HF9F_20260827_0900,2026-08-27 09:00:00
2026-05-26,17529000,1384,0,276.0624772982,61.6859529862,61.6859529862,0.5714286,22,14,0.49809006632652889,0.498033071429,0.5488191227306203,0.5492458793288761,0.5488191227306203,0.00005699489752889,ELIGIBLE,R03b_20260811_FULL_v1,L1_ELIGIBILITY,v2026-08-11,2026-03-21..2026-08-06,baccarat_bet02_101_all_pairs_incl_sentinel,round_win = game_pnl > 0 (decisive only),COMPATIBILITY_ONLY_NOT_PRODUCTION,234594.9955,169540.3402,9810.4062,19851,11308,-0.04181848,-0.03860046,-0.05116595,-0.04181848,-9810.4062,234594.9955,OK,0.0000,294.3122,3.0000,97.0000,AG03-UNRESOLVED,ALL5_LEVELS_bet23_to_bet27,294.3122,294.3122,294.3122,392.4162,490.5203,3.000000,3.000000,3.000000,4.000000,5.000000,97.000000,97.000000,97.000000,96.000000,95.000000,5.0,1765.8731,1644.6383,8044.5331,8165.7679,PENDING_AG03,FALSE,NOT_FOR_ENFORCEMENT,9516.0940,164454.1300,9810.4062,9516.0940,294.3122,0.04181848,0.04056393,294.3122,9516.0940,0.04056393,294.3122,294.3122,294.3122,392.4162,490.5203,9516.0940,0.04056393,1765.8731,1644.6383,8044.5331,8165.7679,0.03429115,0.03480794,0.00125455,11.8178,14.9930,0.8676,208.7320,5.3202,4991.3829,240.5957,12.7170,9.8041,2.5818,2.84,3.3563,4.9054,16.007,177.8754,0.2582,0.0,5.636364,62.633151,4.16126,29,188,6,10,0.74390005,0.04181848,0.03860046,0E-8,0.000000,0.722694,0.000000,0.01256549,2026-05-12,2026-08-02,47,1844,580,83,0.566265,1.297104,1.076088,2.479667,,,,,,,,GLOBAL_BASELINE_NO_ENTITY_RANKING,,,NOT_APPLICABLE_GLOBAL_BASELINE,HF9g-P5,,,,X 全窗基线 · 不参与实体赏罚,15058840,1506,A168_HF9F_20260827_0900,2026-08-27 09:00:00
2026-05-26,17529000,1400,0,3002.6983550416,-474.1710341965,-474.1710341965,0.2857143,36,31,0.50305940192020035,0.502975080645,-2.300207564634269,-2.2993128354017136,-2.300207564634269,0.00008432127520035,ELIGIBLE,R03b_20260811_FULL_v1,L1_ELIGIBILITY,v2026-08-11,2026-03-21..2026-08-06,baccarat_bet02_101_all_pairs_incl_sentinel,round_win = game_pnl > 0 (decisive only),COMPATIBILITY_ONLY_NOT_PRODUCTION,234594.9955,169540.3402,9810.4062,19851,11308,-0.04181848,-0.03860046,-0.05116595,-0.04181848,-9810.4062,234594.9955,OK,0.0000,294.3122,3.0000,97.0000,AG03-UNRESOLVED,ALL5_LEVELS_bet23_to_bet27,294.3122,294.3122,294.3122,392.4162,490.5203,3.000000,3.000000,3.000000,4.000000,5.000000,97.000000,97.000000,97.000000,96.000000,95.000000,5.0,1765.8731,1644.6383,8044.5331,8165.7679,PENDING_AG03,FALSE,NOT_FOR_ENFORCEMENT,9516.0940,164454.1300,9810.4062,9516.0940,294.3122,0.04181848,0.04056393,294.3122,9516.0940,0.04056393,294.3122,294.3122,294.3122,392.4162,490.5203,9516.0940,0.04056393,1765.8731,1644.6383,8044.5331,8165.7679,0.03429115,0.03480794,0.00125455,11.8178,14.9930,0.8676,208.7320,5.3202,4991.3829,240.5957,12.7170,9.8041,2.5818,2.84,3.3563,4.9054,16.007,177.8754,0.2582,0.0,5.636364,62.633151,4.16126,29,188,6,10,0.74390005,0.04181848,0.03860046,0E-8,0.000000,0.722694,0.000000,0.01256549,2026-05-12,2026-08-02,47,1844,580,83,0.566265,1.297104,1.076088,2.479667,,,,,,,,GLOBAL_BASELINE_NO_ENTITY_RANKING,,,NOT_APPLICABLE_GLOBAL_BASELINE,HF9g-P5,,,,X 全窗基线 · 不参与实体赏罚,15058841,1506,A168_HF9F_20260827_0900,2026-08-27 09:00:00
2026-05-26,17529000,1401,0,5.9675159567,0.7783716465,0.7783716465,1.0000000,2,1,0.49907384782611626,0.499948100000,1.001854023045546,1.0001038053877793,1.001854023045546,-0.00087425217388374,ELIGIBLE,R03b_20260811_FULL_v1,L1_ELIGIBILITY,v2026-08-11,2026-03-21..2026-08-06,baccarat_bet02_101_all_pairs_incl_sentinel,round_win = game_pnl > 0 (decisive only),COMPATIBILITY_ONLY_NOT_PRODUCTION,234594.9955,169540.3402,9810.4062,19851,11308,-0.04181848,-0.03860046,-0.05116595,-0.04181848,-9810.4062,234594.9955,OK,0.0000,294.3122,3.0000,97.0000,AG03-UNRESOLVED,ALL5_LEVELS_bet23_to_bet27,294.3122,294.3122,294.3122,392.4162,490.5203,3.000000,3.000000,3.000000,4.000000,5.000000,97.000000,97.000000,97.000000,96.000000,95.000000,5.0,1765.8731,1644.6383,8044.5331,8165.7679,PENDING_AG03,FALSE,NOT_FOR_ENFORCEMENT,9516.0940,164454.1300,9810.4062,9516.0940,294.3122,0.04181848,0.04056393,294.3122,9516.0940,0.04056393,294.3122,294.3122,294.3122,392.4162,490.5203,9516.0940,0.04056393,1765.8731,1644.6383,8044.5331,8165.7679,0.03429115,0.03480794,0.00125455,11.8178,14.9930,0.8676,208.7320,5.3202,4991.3829,240.5957,12.7170,9.8041,2.5818,2.84,3.3563,4.9054,16.007,177.8754,0.2582,0.0,5.636364,62.633151,4.16126,29,188,6,10,0.74390005,0.04181848,0.03860046,0E-8,0.000000,0.722694,0.000000,0.01256549,2026-05-12,2026-08-02,47,1844,580,83,0.566265,1.297104,1.076088,2.479667,,,,,,,,GLOBAL_BASELINE_NO_ENTITY_RANKING,,,NOT_APPLICABLE_GLOBAL_BASELINE,HF9g-P5,,,,X 全窗基线 · 不参与实体赏罚,15058842,1506,A168_HF9F_20260827_0900,2026-08-27 09:00:00
2026-05-26,17529000,1402,0,385.2939650258,112.2801100098,112.2801100098,0.5833333,21,13,0.50253122453285884,0.502526023077,0.5598206049010316,0.559856612651239,0.5598206049010316,0.00000520145585884,ELIGIBLE,R03b_20260811_FULL_v1,L1_ELIGIBILITY,v2026-08-11,2026-03-21..2026-08-06,baccarat_bet02_101_all_pairs_incl_sentinel,round_win = game_pnl > 0 (decisive only),COMPATIBILITY_ONLY_NOT_PRODUCTION,234594.9955,169540.3402,9810.4062,19851,11308,-0.04181848,-0.03860046,-0.05116595,-0.04181848,-9810.4062,234594.9955,OK,0.0000,294.3122,3.0000,97.0000,AG03-UNRESOLVED,ALL5_LEVELS_bet23_to_bet27,294.3122,294.3122,294.3122,392.4162,490.5203,3.000000,3.000000,3.000000,4.000000,5.000000,97.000000,97.000000,97.000000,96.000000,95.000000,5.0,1765.8731,1644.6383,8044.5331,8165.7679,PENDING_AG03,FALSE,NOT_FOR_ENFORCEMENT,9516.0940,164454.1300,9810.4062,9516.0940,294.3122,0.04181848,0.04056393,294.3122,9516.0940,0.04056393,294.3122,294.3122,294.3122,392.4162,490.5203,9516.0940,0.04056393,1765.8731,1644.6383,8044.5331,8165.7679,0.03429115,0.03480794,0.00125455,11.8178,14.9930,0.8676,208.7320,5.3202,4991.3829,240.5957,12.7170,9.8041,2.5818,2.84,3.3563,4.9054,16.007,177.8754,0.2582,0.0,5.636364,62.633151,4.16126,29,188,6,10,0.74390005,0.04181848,0.03860046,0E-8,0.000000,0.722694,0.000000,0.01256549,2026-05-12,2026-08-02,47,1844,580,83,0.566265,1.297104,1.076088,2.479667,,,,,,,,GLOBAL_BASELINE_NO_ENTITY_RANKING,,,NOT_APPLICABLE_GLOBAL_BASELINE,HF9g-P5,,,,X 全窗基线 · 不参与实体赏罚,15058843,1506,A168_HF9F_20260827_0900,2026-08-27 09:00:00
2026-05-26,17529000,1994,0,13.7512324218,0E-10,0E-10,,1,1,0.50665070000000000,0.506650700000,,,,0E-17,NO_DECISIVE_ROUND,R03b_20260811_FULL_v1,L1_ELIGIBILITY,v2026-08-11,2026-03-21..2026-08-06,baccarat_bet02_101_all_pairs_incl_sentinel,round_win = game_pnl > 0 (decisive only),COMPATIBILITY_ONLY_NOT_PRODUCTION,234594.9955,169540.3402,9810.4062,19851,11308,-0.04181848,-0.03860046,-0.05116595,-0.04181848,-9810.4062,234594.9955,OK,0.0000,294.3122,3.0000,97.0000,AG03-UNRESOLVED,ALL5_LEVELS_bet23_to_bet27,294.3122,294.3122,294.3122,392.4162,490.5203,3.000000,3.000000,3.000000,4.000000,5.000000,97.000000,97.000000,97.000000,96.000000,95.000000,5.0,1765.8731,1644.6383,8044.5331,8165.7679,PENDING_AG03,FALSE,NOT_FOR_ENFORCEMENT,9516.0940,164454.1300,9810.4062,9516.0940,294.3122,0.04181848,0.04056393,294.3122,9516.0940,0.04056393,294.3122,294.3122,294.3122,392.4162,490.5203,9516.0940,0.04056393,1765.8731,1644.6383,8044.5331,8165.7679,0.03429115,0.03480794,0.00125455,11.8178,14.9930,0.8676,208.7320,5.3202,4991.3829,240.5957,12.7170,9.8041,2.5818,2.84,3.3563,4.9054,16.007,177.8754,0.2582,0.0,5.636364,62.633151,4.16126,29,188,6,10,0.74390005,0.04181848,0.03860046,0E-8,0.000000,0.722694,0.000000,0.01256549,2026-05-12,2026-08-02,47,1844,580,83,0.566265,1.297104,1.076088,2.479667,,,,,,,,GLOBAL_BASELINE_NO_ENTITY_RANKING,,,NOT_APPLICABLE_GLOBAL_BASELINE,HF9g-P5,,,,X 全窗基线 · 不参与实体赏罚,15058844,1506,A168_HF9F_20260827_0900,2026-08-27 09:00:00
2026-05-26,17529000,2093,0,37.3618390332,8.8734367702,8.8734367702,0.7142857,12,7,0.49812327204968619,0.498033071429,1.143832187326706,1.1443102809864716,1.143832187326706,0.00009020062068619,ELIGIBLE,R03b_20260811_FULL_v1,L1_ELIGIBILITY,v2026-08-11,2026-03-21..2026-08-06,baccarat_bet02_101_all_pairs_incl_sentinel,round_win = game_pnl > 0 (decisive only),COMPATIBILITY_ONLY_NOT_PRODUCTION,234594.9955,169540.3402,9810.4062,19851,11308,-0.04181848,-0.03860046,-0.05116595,-0.04181848,-9810.4062,234594.9955,OK,0.0000,294.3122,3.0000,97.0000,AG03-UNRESOLVED,ALL5_LEVELS_bet23_to_bet27,294.3122,294.3122,294.3122,392.4162,490.5203,3.000000,3.000000,3.000000,4.000000,5.000000,97.000000,97.000000,97.000000,96.000000,95.000000,5.0,1765.8731,1644.6383,8044.5331,8165.7679,PENDING_AG03,FALSE,NOT_FOR_ENFORCEMENT,9516.0940,164454.1300,9810.4062,9516.0940,294.3122,0.04181848,0.04056393,294.3122,9516.0940,0.04056393,294.3122,294.3122,294.3122,392.4162,490.5203,9516.0940,0.04056393,1765.8731,1644.6383,8044.5331,8165.7679,0.03429115,0.03480794,0.00125455,11.8178,14.9930,0.8676,208.7320,5.3202,4991.3829,240.5957,12.7170,9.8041,2.5818,2.84,3.3563,4.9054,16.007,177.8754,0.2582,0.0,5.636364,62.633151,4.16126,29,188,6,10,0.74390005,0.04181848,0.03860046,0E-8,0.000000,0.722694,0.000000,0.01256549,2026-05-12,2026-08-02,47,1844,580,83,0.566265,1.297104,1.076088,2.479667,,,,,,,,GLOBAL_BASELINE_NO_ENTITY_RANKING,,,NOT_APPLICABLE_GLOBAL_BASELINE,HF9g-P5,,,,X 全窗基线 · 不参与实体赏罚,15058845,1506,A168_HF9F_20260827_0900,2026-08-27 09:00:00
2026-05-26,17529000,2101,0,779.6689325956,-265.9436458933,-265.9436458933,0.4418605,84,51,0.50110039247189305,0.500736641176,-0.7769262451427964,-0.7721546481199967,-0.7769262451427964,0.00036375129589305,ELIGIBLE,R03b_20260811_FULL_v1,L1_ELIGIBILITY,v2026-08-11,2026-03-21..2026-08-06,baccarat_bet02_101_all_pairs_incl_sentinel,round_win = game_pnl > 0 (decisive only),COMPATIBILITY_ONLY_NOT_PRODUCTION,234594.9955,169540.3402,9810.4062,19851,11308,-0.04181848,-0.03860046,-0.05116595,-0.04181848,-9810.4062,234594.9955,OK,0.0000,294.3122,3.0000,97.0000,AG03-UNRESOLVED,ALL5_LEVELS_bet23_to_bet27,294.3122,294.3122,294.3122,392.4162,490.5203,3.000000,3.000000,3.000000,4.000000,5.000000,97.000000,97.000000,97.000000,96.000000,95.000000,5.0,1765.8731,1644.6383,8044.5331,8165.7679,PENDING_AG03,FALSE,NOT_FOR_ENFORCEMENT,9516.0940,164454.1300,9810.4062,9516.0940,294.3122,0.04181848,0.04056393,294.3122,9516.0940,0.04056393,294.3122,294.3122,294.3122,392.4162,490.5203,9516.0940,0.04056393,1765.8731,1644.6383,8044.5331,8165.7679,0.03429115,0.03480794,0.00125455,11.8178,14.9930,0.8676,208.7320,5.3202,4991.3829,240.5957,12.7170,9.8041,2.5818,2.84,3.3563,4.9054,16.007,177.8754,0.2582,0.0,5.636364,62.633151,4.16126,29,188,6,10,0.74390005,0.04181848,0.03860046,0E-8,0.000000,0.722694,0.000000,0.01256549,2026-05-12,2026-08-02,47,1844,580,83,0.566265,1.297104,1.076088,2.479667,,,,,,,,GLOBAL_BASELINE_NO_ENTITY_RANKING,,,NOT_APPLICABLE_GLOBAL_BASELINE,HF9g-P5,,,,X 全窗基线 · 不参与实体赏罚,15058846,1506,A168_HF9F_20260827_0900,2026-08-27 09:00:00
2026-05-26,17529000,2142,0,66.6805043855,4.2032068912,4.2032068912,0.4000000,20,11,0.50028132557351170,0.499948100000,-0.634234891578256,-0.6321272910179592,-0.634234891578256,0.00033322557351170,ELIGIBLE,R03b_20260811_FULL_v1,L1_ELIGIBILITY,v2026-08-11,2026-03-21..2026-08-06,baccarat_bet02_101_all_pairs_incl_sentinel,round_win = game_pnl > 0 (decisive only),COMPATIBILITY_ONLY_NOT_PRODUCTION,234594.9955,169540.3402,9810.4062,19851,11308,-0.04181848,-0.03860046,-0.05116595,-0.04181848,-9810.4062,234594.9955,OK,0.0000,294.3122,3.0000,97.0000,AG03-UNRESOLVED,ALL5_LEVELS_bet23_to_bet27,294.3122,294.3122,294.3122,392.4162,490.5203,3.000000,3.000000,3.000000,4.000000,5.000000,97.000000,97.000000,97.000000,96.000000,95.000000,5.0,1765.8731,1644.6383,8044.5331,8165.7679,PENDING_AG03,FALSE,NOT_FOR_ENFORCEMENT,9516.0940,164454.1300,9810.4062,9516.0940,294.3122,0.04181848,0.04056393,294.3122,9516.0940,0.04056393,294.3122,294.3122,294.3122,392.4162,490.5203,9516.0940,0.04056393,1765.8731,1644.6383,8044.5331,8165.7679,0.03429115,0.03480794,0.00125455,11.8178,14.9930,0.8676,208.7320,5.3202,4991.3829,240.5957,12.7170,9.8041,2.5818,2.84,3.3563,4.9054,16.007,177.8754,0.2582,0.0,5.636364,62.633151,4.16126,29,188,6,10,0.74390005,0.04181848,0.03860046,0E-8,0.000000,0.722694,0.000000,0.01256549,2026-05-12,2026-08-02,47,1844,580,83,0.566265,1.297104,1.076088,2.479667,,,,,,,,GLOBAL_BASELINE_NO_ENTITY_RANKING,,,NOT_APPLICABLE_GLOBAL_BASELINE,HF9g-P5,,,,X 全窗基线 · 不参与实体赏罚,15058847,1506,A168_HF9F_20260827_0900,2026-08-27 09:00:00
2026-05-26,17529000,2145,0,230.1385501544,67.4718488920,67.4718488920,0.4761905,38,23,0.49959961131268722,0.499365265217,-0.21454833609093368,-0.21240062100485035,-0.21454833609093368,0.00023434609568722,ELIGIBLE,R03b_20260811_FULL_v1,L1_ELIGIBILITY,v2026-08-11,2026-03-21..2026-08-06,baccarat_bet02_101_all_pairs_incl_sentinel,round_win = game_pnl > 0 (decisive only),COMPATIBILITY_ONLY_NOT_PRODUCTION,234594.9955,169540.3402,9810.4062,19851,11308,-0.04181848,-0.03860046,-0.05116595,-0.04181848,-9810.4062,234594.9955,OK,0.0000,294.3122,3.0000,97.0000,AG03-UNRESOLVED,ALL5_LEVELS_bet23_to_bet27,294.3122,294.3122,294.3122,392.4162,490.5203,3.000000,3.000000,3.000000,4.000000,5.000000,97.000000,97.000000,97.000000,96.000000,95.000000,5.0,1765.8731,1644.6383,8044.5331,8165.7679,PENDING_AG03,FALSE,NOT_FOR_ENFORCEMENT,9516.0940,164454.1300,9810.4062,9516.0940,294.3122,0.04181848,0.04056393,294.3122,9516.0940,0.04056393,294.3122,294.3122,294.3122,392.4162,490.5203,9516.0940,0.04056393,1765.8731,1644.6383,8044.5331,8165.7679,0.03429115,0.03480794,0.00125455,11.8178,14.9930,0.8676,208.7320,5.3202,4991.3829,240.5957,12.7170,9.8041,2.5818,2.84,3.3563,4.9054,16.007,177.8754,0.2582,0.0,5.636364,62.633151,4.16126,29,188,6,10,0.74390005,0.04181848,0.03860046,0E-8,0.000000,0.722694,0.000000,0.01256549,2026-05-12,2026-08-02,47,1844,580,83,0.566265,1.297104,1.076088,2.479667,,,,,,,,GLOBAL_BASELINE_NO_ENTITY_RANKING,,,NOT_APPLICABLE_GLOBAL_BASELINE,HF9g-P5,,,,X 全窗基线 · 不参与实体赏罚,15058848,1506,A168_HF9F_20260827_0900,2026-08-27 09:00:00
2026-05-26,17529000,2170,0,79.3939079456,1.9329562552,1.9329562552,0.5000000,26,14,0.50026252660956400,0.499948100000,-0.0019645695265968675,0.00038838403883944536,-0.0019645695265968675,0.00031442660956400,ELIGIBLE,R03b_20260811_FULL_v1,L1_ELIGIBILITY,v2026-08-11,2026-03-21..2026-08-06,baccarat_bet02_101_all_pairs_incl_sentinel,round_win = game_pnl > 0 (decisive only),COMPATIBILITY_ONLY_NOT_PRODUCTION,234594.9955,169540.3402,9810.4062,19851,11308,-0.04181848,-0.03860046,-0.05116595,-0.04181848,-9810.4062,234594.9955,OK,0.0000,294.3122,3.0000,97.0000,AG03-UNRESOLVED,ALL5_LEVELS_bet23_to_bet27,294.3122,294.3122,294.3122,392.4162,490.5203,3.000000,3.000000,3.000000,4.000000,5.000000,97.000000,97.000000,97.000000,96.000000,95.000000,5.0,1765.8731,1644.6383,8044.5331,8165.7679,PENDING_AG03,FALSE,NOT_FOR_ENFORCEMENT,9516.0940,164454.1300,9810.4062,9516.0940,294.3122,0.04181848,0.04056393,294.3122,9516.0940,0.04056393,294.3122,294.3122,294.3122,392.4162,490.5203,9516.0940,0.04056393,1765.8731,1644.6383,8044.5331,8165.7679,0.03429115,0.03480794,0.00125455,11.8178,14.9930,0.8676,208.7320,5.3202,4991.3829,240.5957,12.7170,9.8041,2.5818,2.84,3.3563,4.9054,16.007,177.8754,0.2582,0.0,5.636364,62.633151,4.16126,29,188,6,10,0.74390005,0.04181848,0.03860046,0E-8,0.000000,0.722694,0.000000,0.01256549,2026-05-12,2026-08-02,47,1844,580,83,0.566265,1.297104,1.076088,2.479667,,,,,,,,GLOBAL_BASELINE_NO_ENTITY_RANKING,,,NOT_APPLICABLE_GLOBAL_BASELINE,HF9g-P5,,,,X 全窗基线 · 不参与实体赏罚,15058849,1506,A168_HF9F_20260827_0900,2026-08-27 09:00:00
2026-05-26,17529000,2174,0,69.5345337563,4.1642883088,4.1642883088,0.6666667,23,12,0.49959727308278962,0.499389550000,1.1574910877726223,1.158930723790715,1.1574910877726223,0.00020772308278962,ELIGIBLE,R03b_20260811_FULL_v1,L1_ELIGIBILITY,v2026-08-11,2026-03-21..2026-08-06,baccarat_bet02_101_all_pairs_incl_sentinel,round_win = game_pnl > 0 (decisive only),COMPATIBILITY_ONLY_NOT_PRODUCTION,234594.9955,169540.3402,9810.4062,19851,11308,-0.04181848,-0.03860046,-0.05116595,-0.04181848,-9810.4062,234594.9955,OK,0.0000,294.3122,3.0000,97.0000,AG03-UNRESOLVED,ALL5_LEVELS_bet23_to_bet27,294.3122,294.3122,294.3122,392.4162,490.5203,3.000000,3.000000,3.000000,4.000000,5.000000,97.000000,97.000000,97.000000,96.000000,95.000000,5.0,1765.8731,1644.6383,8044.5331,8165.7679,PENDING_AG03,FALSE,NOT_FOR_ENFORCEMENT,9516.0940,164454.1300,9810.4062,9516.0940,294.3122,0.04181848,0.04056393,294.3122,9516.0940,0.04056393,294.3122,294.3122,294.3122,392.4162,490.5203,9516.0940,0.04056393,1765.8731,1644.6383,8044.5331,8165.7679,0.03429115,0.03480794,0.00125455,11.8178,14.9930,0.8676,208.7320,5.3202,4991.3829,240.5957,12.7170,9.8041,2.5818,2.84,3.3563,4.9054,16.007,177.8754,0.2582,0.0,5.636364,62.633151,4.16126,29,188,6,10,0.74390005,0.04181848,0.03860046,0E-8,0.000000,0.722694,0.000000,0.01256549,2026-05-12,2026-08-02,47,1844,580,83,0.566265,1.297104,1.076088,2.479667,,,,,,,,GLOBAL_BASELINE_NO_ENTITY_RANKING,,,NOT_APPLICABLE_GLOBAL_BASELINE,HF9g-P5,,,,X 全窗基线 · 不参与实体赏罚,15058850,1506,A168_HF9F_20260827_0900,2026-08-27 09:00:00
2026-05-26,17529000,2201,0,29.5781225677,21.1457630637,21.1457630637,0.5000000,3,2,0.50385794999998206,0.503299400000,-0.010912255261872693,-0.009332315641528947,-0.010912255261872693,0.00055854999998206,ELIGIBLE,R03b_20260811_FULL_v1,L1_ELIGIBILITY,v2026-08-11,2026-03-21..2026-08-06,baccarat_bet02_101_all_pairs_incl_sentinel,round_win = game_pnl > 0 (decisive only),COMPATIBILITY_ONLY_NOT_PRODUCTION,234594.9955,169540.3402,9810.4062,19851,11308,-0.04181848,-0.03860046,-0.05116595,-0.04181848,-9810.4062,234594.9955,OK,0.0000,294.3122,3.0000,97.0000,AG03-UNRESOLVED,ALL5_LEVELS_bet23_to_bet27,294.3122,294.3122,294.3122,392.4162,490.5203,3.000000,3.000000,3.000000,4.000000,5.000000,97.000000,97.000000,97.000000,96.000000,95.000000,5.0,1765.8731,1644.6383,8044.5331,8165.7679,PENDING_AG03,FALSE,NOT_FOR_ENFORCEMENT,9516.0940,164454.1300,9810.4062,9516.0940,294.3122,0.04181848,0.04056393,294.3122,9516.0940,0.04056393,294.3122,294.3122,294.3122,392.4162,490.5203,9516.0940,0.04056393,1765.8731,1644.6383,8044.5331,8165.7679,0.03429115,0.03480794,0.00125455,11.8178,14.9930,0.8676,208.7320,5.3202,4991.3829,240.5957,12.7170,9.8041,2.5818,2.84,3.3563,4.9054,16.007,177.8754,0.2582,0.0,5.636364,62.633151,4.16126,29,188,6,10,0.74390005,0.04181848,0.03860046,0E-8,0.000000,0.722694,0.000000,0.01256549,2026-05-12,2026-08-02,47,1844,580,83,0.566265,1.297104,1.076088,2.479667,,,,,,,,GLOBAL_BASELINE_NO_ENTITY_RANKING,,,NOT_APPLICABLE_GLOBAL_BASELINE,HF9g-P5,,,,X 全窗基线 · 不参与实体赏罚,15058851,1506,A168_HF9F_20260827_0900,2026-08-27 09:00:00
2026-05-26,17529000,2242,0,12.7134035599,1.0767474443,1.0767474443,0.5000000,4,2,0.50112161919188371,0.499948100000,-0.003172426127981848,0.00014679536856514622,-0.003172426127981848,0.00117351919188371,ELIGIBLE,R03b_20260811_FULL_v1,L1_ELIGIBILITY,v2026-08-11,2026-03-21..2026-08-06,baccarat_bet02_101_all_pairs_incl_sentinel,round_win = game_pnl > 0 (decisive only),COMPATIBILITY_ONLY_NOT_PRODUCTION,234594.9955,169540.3402,9810.4062,19851,11308,-0.04181848,-0.03860046,-0.05116595,-0.04181848,-9810.4062,234594.9955,OK,0.0000,294.3122,3.0000,97.0000,AG03-UNRESOLVED,ALL5_LEVELS_bet23_to_bet27,294.3122,294.3122,294.3122,392.4162,490.5203,3.000000,3.000000,3.000000,4.000000,5.000000,97.000000,97.000000,97.000000,96.000000,95.000000,5.0,1765.8731,1644.6383,8044.5331,8165.7679,PENDING_AG03,FALSE,NOT_FOR_ENFORCEMENT,9516.0940,164454.1300,9810.4062,9516.0940,294.3122,0.04181848,0.04056393,294.3122,9516.0940,0.04056393,294.3122,294.3122,294.3122,392.4162,490.5203,9516.0940,0.04056393,1765.8731,1644.6383,8044.5331,8165.7679,0.03429115,0.03480794,0.00125455,11.8178,14.9930,0.8676,208.7320,5.3202,4991.3829,240.5957,12.7170,9.8041,2.5818,2.84,3.3563,4.9054,16.007,177.8754,0.2582,0.0,5.636364,62.633151,4.16126,29,188,6,10,0.74390005,0.04181848,0.03860046,0E-8,0.000000,0.722694,0.000000,0.01256549,2026-05-12,2026-08-02,47,1844,580,83,0.566265,1.297104,1.076088,2.479667,,,,,,,,GLOBAL_BASELINE_NO_ENTITY_RANKING,,,NOT_APPLICABLE_GLOBAL_BASELINE,HF9g-P5,,,,X 全窗基线 · 不参与实体赏罚,15058852,1506,A168_HF9F_20260827_0900,2026-08-27 09:00:00
2026-05-29,17529000,1318,0,5.9675159567,0.6097244564,0.6097244564,1.0000000,2,1,0.50082235217388374,0.499948100000,0.998356645956662,1.0001038053877793,0.998356645956662,0.00087425217388374,ELIGIBLE,R03b_20260811_FULL_v1,L1_ELIGIBILITY,v2026-08-11,2026-03-21..2026-08-06,baccarat_bet02_101_all_pairs_incl_sentinel,round_win = game_pnl > 0 (decisive only),COMPATIBILITY_ONLY_NOT_PRODUCTION,234594.9955,169540.3402,9810.4062,19851,11308,-0.04181848,-0.03860046,-0.05116595,-0.04181848,-9810.4062,234594.9955,OK,0.0000,294.3122,3.0000,97.0000,AG03-UNRESOLVED,ALL5_LEVELS_bet23_to_bet27,294.3122,294.3122,294.3122,392.4162,490.5203,3.000000,3.000000,3.000000,4.000000,5.000000,97.000000,97.000000,97.000000,96.000000,95.000000,5.0,1765.8731,1644.6383,8044.5331,8165.7679,PENDING_AG03,FALSE,NOT_FOR_ENFORCEMENT,9516.0940,164454.1300,9810.4062,9516.0940,294.3122,0.04181848,0.04056393,294.3122,9516.0940,0.04056393,294.3122,294.3122,294.3122,392.4162,490.5203,9516.0940,0.04056393,1765.8731,1644.6383,8044.5331,8165.7679,0.03429115,0.03480794,0.00125455,11.8178,14.9930,0.8676,208.7320,5.3202,4991.3829,240.5957,12.7170,9.8041,2.5818,2.84,3.3563,4.9054,16.007,177.8754,0.2582,0.0,5.636364,62.633151,4.16126,29,188,6,10,0.74390005,0.04181848,0.03860046,0E-8,0.000000,0.722694,0.000000,0.01256549,2026-05-12,2026-08-02,47,1844,580,83,0.566265,1.297104,1.076088,2.479667,,,,,,,,GLOBAL_BASELINE_NO_ENTITY_RANKING,,,NOT_APPLICABLE_GLOBAL_BASELINE,HF9g-P5,,,,X 全窗基线 · 不参与实体赏罚,15058853,1506,A168_HF9F_20260827_0900,2026-08-27 09:00:00
2026-05-29,17529000,1325,0,6.2269731722,1.0378288620,1.0378288620,1.0000000,2,1,0.49883100000003588,0.499948100000,1.0023407395231985,1.0001038053877793,1.0023407395231985,-0.00111709999996412,ELIGIBLE,R03b_20260811_FULL_v1,L1_ELIGIBILITY,v2026-08-11,2026-03-21..2026-08-06,baccarat_bet02_101_all_pairs_incl_sentinel,round_win = game_pnl > 0 (decisive only),COMPATIBILITY_ONLY_NOT_PRODUCTION,234594.9955,169540.3402,9810.4062,19851,11308,-0.04181848,-0.03860046,-0.05116595,-0.04181848,-9810.4062,234594.9955,OK,0.0000,294.3122,3.0000,97.0000,AG03-UNRESOLVED,ALL5_LEVELS_bet23_to_bet27,294.3122,294.3122,294.3122,392.4162,490.5203,3.000000,3.000000,3.000000,4.000000,5.000000,97.000000,97.000000,97.000000,96.000000,95.000000,5.0,1765.8731,1644.6383,8044.5331,8165.7679,PENDING_AG03,FALSE,NOT_FOR_ENFORCEMENT,9516.0940,164454.1300,9810.4062,9516.0940,294.3122,0.04181848,0.04056393,294.3122,9516.0940,0.04056393,294.3122,294.3122,294.3122,392.4162,490.5203,9516.0940,0.04056393,1765.8731,1644.6383,8044.5331,8165.7679,0.03429115,0.03480794,0.00125455,11.8178,14.9930,0.8676,208.7320,5.3202,4991.3829,240.5957,12.7170,9.8041,2.5818,2.84,3.3563,4.9054,16.007,177.8754,0.2582,0.0,5.636364,62.633151,4.16126,29,188,6,10,0.74390005,0.04181848,0.03860046,0E-8,0.000000,0.722694,0.000000,0.01256549,2026-05-12,2026-08-02,47,1844,580,83,0.566265,1.297104,1.076088,2.479667,,,,,,,,GLOBAL_BASELINE_NO_ENTITY_RANKING,,,NOT_APPLICABLE_GLOBAL_BASELINE,HF9g-P5,,,,X 全窗基线 · 不参与实体赏罚,15058854,1506,A168_HF9F_20260827_0900,2026-08-27 09:00:00
2026-05-29,17529000,1330,0,105.5990867115,-35.0526698148,-35.0526698148,0.2666667,26,15,0.50213776645116623,0.501735460000,-1.8239679672660487,-1.820846011745191,-1.8239679672660487,0.00040230645116623,ELIGIBLE,R03b_20260811_FULL_v1,L1_ELIGIBILITY,v2026-08-11,2026-03-21..2026-08-06,baccarat_bet02_101_all_pairs_incl_sentinel,round_win = game_pnl > 0 (decisive only),COMPATIBILITY_ONLY_NOT_PRODUCTION,234594.9955,169540.3402,9810.4062,19851,11308,-0.04181848,-0.03860046,-0.05116595,-0.04181848,-9810.4062,234594.9955,OK,0.0000,294.3122,3.0000,97.0000,AG03-UNRESOLVED,ALL5_LEVELS_bet23_to_bet27,294.3122,294.3122,294.3122,392.4162,490.5203,3.000000,3.000000,3.000000,4.000000,5.000000,97.000000,97.000000,97.000000,96.000000,95.000000,5.0,1765.8731,1644.6383,8044.5331,8165.7679,PENDING_AG03,FALSE,NOT_FOR_ENFORCEMENT,9516.0940,164454.1300,9810.4062,9516.0940,294.3122,0.04181848,0.04056393,294.3122,9516.0940,0.04056393,294.3122,294.3122,294.3122,392.4162,490.5203,9516.0940,0.04056393,1765.8731,1644.6383,8044.5331,8165.7679,0.03429115,0.03480794,0.00125455,11.8178,14.9930,0.8676,208.7320,5.3202,4991.3829,240.5957,12.7170,9.8041,2.5818,2.84,3.3563,4.9054,16.007,177.8754,0.2582,0.0,5.636364,62.633151,4.16126,29,188,6,10,0.74390005,0.04181848,0.03860046,0E-8,0.000000,0.722694,0.000000,0.01256549,2026-05-12,2026-08-02,47,1844,580,83,0.566265,1.297104,1.076088,2.479667,,,,,,,,GLOBAL_BASELINE_NO_ENTITY_RANKING,,,NOT_APPLICABLE_GLOBAL_BASELINE,HF9g-P5,,,,X 全窗基线 · 不参与实体赏罚,15058855,1506,A168_HF9F_20260827_0900,2026-08-27 09:00:00
2026-05-29,17529000,1994,0,13.7512324219,-3.3729438015,-3.3729438015,0E-7,4,2,0.50159033247858475,0.499948100000,-1.4187188782377167,-1.4140667746232096,-1.4187188782377167,0.00164223247858475,ELIGIBLE,R03b_20260811_FULL_v1,L1_ELIGIBILITY,v2026-08-11,2026-03-21..2026-08-06,baccarat_bet02_101_all_pairs_incl_sentinel,round_win = game_pnl > 0 (decisive only),COMPATIBILITY_ONLY_NOT_PRODUCTION,234594.9955,169540.3402,9810.4062,19851,11308,-0.04181848,-0.03860046,-0.05116595,-0.04181848,-9810.4062,234594.9955,OK,0.0000,294.3122,3.0000,97.0000,AG03-UNRESOLVED,ALL5_LEVELS_bet23_to_bet27,294.3122,294.3122,294.3122,392.4162,490.5203,3.000000,3.000000,3.000000,4.000000,5.000000,97.000000,97.000000,97.000000,96.000000,95.000000,5.0,1765.8731,1644.6383,8044.5331,8165.7679,PENDING_AG03,FALSE,NOT_FOR_ENFORCEMENT,9516.0940,164454.1300,9810.4062,9516.0940,294.3122,0.04181848,0.04056393,294.3122,9516.0940,0.04056393,294.3122,294.3122,294.3122,392.4162,490.5203,9516.0940,0.04056393,1765.8731,1644.6383,8044.5331,8165.7679,0.03429115,0.03480794,0.00125455,11.8178,14.9930,0.8676,208.7320,5.3202,4991.3829,240.5957,12.7170,9.8041,2.5818,2.84,3.3563,4.9054,16.007,177.8754,0.2582,0.0,5.636364,62.633151,4.16126,29,188,6,10,0.74390005,0.04181848,0.03860046,0E-8,0.000000,0.722694,0.000000,0.01256549,2026-05-12,2026-08-02,47,1844,580,83,0.566265,1.297104,1.076088,2.479667,,,,,,,,GLOBAL_BASELINE_NO_ENTITY_RANKING,,,NOT_APPLICABLE_GLOBAL_BASELINE,HF9g-P5,,,,X 全窗基线 · 不参与实体赏罚,15058856,1506,A168_HF9F_20260827_0900,2026-08-27 09:00:00
2026-05-29,17529000,2174,0,48.5184993000,8.3026308961,8.3026308961,0.3750000,14,8,0.50047386554346128,0.499948100000,-0.7097876882634332,-0.7068131942587571,-0.7097876882634332,0.00052576554346128,ELIGIBLE,R03b_20260811_FULL_v1,L1_ELIGIBILITY,v2026-08-11,2026-03-21..2026-08-06,baccarat_bet02_101_all_pairs_incl_sentinel,round_win = game_pnl > 0 (decisive only),COMPATIBILITY_ONLY_NOT_PRODUCTION,234594.9955,169540.3402,9810.4062,19851,11308,-0.04181848,-0.03860046,-0.05116595,-0.04181848,-9810.4062,234594.9955,OK,0.0000,294.3122,3.0000,97.0000,AG03-UNRESOLVED,ALL5_LEVELS_bet23_to_bet27,294.3122,294.3122,294.3122,392.4162,490.5203,3.000000,3.000000,3.000000,4.000000,5.000000,97.000000,97.000000,97.000000,96.000000,95.000000,5.0,1765.8731,1644.6383,8044.5331,8165.7679,PENDING_AG03,FALSE,NOT_FOR_ENFORCEMENT,9516.0940,164454.1300,9810.4062,9516.0940,294.3122,0.04181848,0.04056393,294.3122,9516.0940,0.04056393,294.3122,294.3122,294.3122,392.4162,490.5203,9516.0940,0.04056393,1765.8731,1644.6383,8044.5331,8165.7679,0.03429115,0.03480794,0.00125455,11.8178,14.9930,0.8676,208.7320,5.3202,4991.3829,240.5957,12.7170,9.8041,2.5818,2.84,3.3563,4.9054,16.007,177.8754,0.2582,0.0,5.636364,62.633151,4.16126,29,188,6,10,0.74390005,0.04181848,0.03860046,0E-8,0.000000,0.722694,0.000000,0.01256549,2026-05-12,2026-08-02,47,1844,580,83,0.566265,1.297104,1.076088,2.479667,,,,,,,,GLOBAL_BASELINE_NO_ENTITY_RANKING,,,NOT_APPLICABLE_GLOBAL_BASELINE,HF9g-P5,,,,X 全窗基线 · 不参与实体赏罚,15058857,1506,A168_HF9F_20260827_0900,2026-08-27 09:00:00
2026-05-29,17529000,994,0,14.0106896374,-7.7837164652,-7.7837164652,0.5000000,3,2,0.50299473636364704,0.503299400000,-0.008470545499023601,-0.009332315641528947,-0.008470545499023601,-0.00030466363635296,ELIGIBLE,R03b_20260811_FULL_v1,L1_ELIGIBILITY,v2026-08-11,2026-03-21..2026-08-06,baccarat_bet02_101_all_pairs_incl_sentinel,round_win = game_pnl > 0 (decisive only),COMPATIBILITY_ONLY_NOT_PRODUCTION,234594.9955,169540.3402,9810.4062,19851,11308,-0.04181848,-0.03860046,-0.05116595,-0.04181848,-9810.4062,234594.9955,OK,0.0000,294.3122,3.0000,97.0000,AG03-UNRESOLVED,ALL5_LEVELS_bet23_to_bet27,294.3122,294.3122,294.3122,392.4162,490.5203,3.000000,3.000000,3.000000,4.000000,5.000000,97.000000,97.000000,97.000000,96.000000,95.000000,5.0,1765.8731,1644.6383,8044.5331,8165.7679,PENDING_AG03,FALSE,NOT_FOR_ENFORCEMENT,9516.0940,164454.1300,9810.4062,9516.0940,294.3122,0.04181848,0.04056393,294.3122,9516.0940,0.04056393,294.3122,294.3122,294.3122,392.4162,490.5203,9516.0940,0.04056393,1765.8731,1644.6383,8044.5331,8165.7679,0.03429115,0.03480794,0.00125455,11.8178,14.9930,0.8676,208.7320,5.3202,4991.3829,240.5957,12.7170,9.8041,2.5818,2.84,3.3563,4.9054,16.007,177.8754,0.2582,0.0,5.636364,62.633151,4.16126,29,188,6,10,0.74390005,0.04181848,0.03860046,0E-8,0.000000,0.722694,0.000000,0.01256549,2026-05-12,2026-08-02,47,1844,580,83,0.566265,1.297104,1.076088,2.479667,,,,,,,,GLOBAL_BASELINE_NO_ENTITY_RANKING,,,NOT_APPLICABLE_GLOBAL_BASELINE,HF9g-P5,,,,X 全窗基线 · 不参与实体赏罚,15058858,1506,A168_HF9F_20260827_0900,2026-08-27 09:00:00
2026-05-30,17529000,2088,0,29.3186653523,2.2183591926,2.2183591926,0.2500000,8,5,0.50319395988930967,0.502629140000,-1.012796503611578,-1.0105305304328445,-1.012796503611578,0.00056481988930967,ELIGIBLE,R03b_20260811_FULL_v1,L1_ELIGIBILITY,v2026-08-11,2026-03-21..2026-08-06,baccarat_bet02_101_all_pairs_incl_sentinel,round_win = game_pnl > 0 (decisive only),COMPATIBILITY_ONLY_NOT_PRODUCTION,234594.9955,169540.3402,9810.4062,19851,11308,-0.04181848,-0.03860046,-0.05116595,-0.04181848,-9810.4062,234594.9955,OK,0.0000,294.3122,3.0000,97.0000,AG03-UNRESOLVED,ALL5_LEVELS_bet23_to_bet27,294.3122,294.3122,294.3122,392.4162,490.5203,3.000000,3.000000,3.000000,4.000000,5.000000,97.000000,97.000000,97.000000,96.000000,95.000000,5.0,1765.8731,1644.6383,8044.5331,8165.7679,PENDING_AG03,FALSE,NOT_FOR_ENFORCEMENT,9516.0940,164454.1300,9810.4062,9516.0940,294.3122,0.04181848,0.04056393,294.3122,9516.0940,0.04056393,294.3122,294.3122,294.3122,392.4162,490.5203,9516.0940,0.04056393,1765.8731,1644.6383,8044.5331,8165.7679,0.03429115,0.03480794,0.00125455,11.8178,14.9930,0.8676,208.7320,5.3202,4991.3829,240.5957,12.7170,9.8041,2.5818,2.84,3.3563,4.9054,16.007,177.8754,0.2582,0.0,5.636364,62.633151,4.16126,29,188,6,10,0.74390005,0.04181848,0.03860046,0E-8,0.000000,0.722694,0.000000,0.01256549,2026-05-12,2026-08-02,47,1844,580,83,0.566265,1.297104,1.076088,2.479667,,,,,,,,GLOBAL_BASELINE_NO_ENTITY_RANKING,,,NOT_APPLICABLE_GLOBAL_BASELINE,HF9g-P5,,,,X 全窗基线 · 不参与实体赏罚,15058859,1506,A168_HF9F_20260827_0900,2026-08-27 09:00:00
2026-05-30,17529000,2171,0,85.3614239022,1.9459291161,1.9459291161,0.5384615,26,14,0.50106545406157540,0.500905614286,0.26966761186121063,0.2708200648442858,0.26966761186121063,0.00015983977557540,ELIGIBLE,R03b_20260811_FULL_v1,L1_ELIGIBILITY,v2026-08-11,2026-03-21..2026-08-06,baccarat_bet02_101_all_pairs_incl_sentinel,round_win = game_pnl > 0 (decisive only),COMPATIBILITY_ONLY_NOT_PRODUCTION,234594.9955,169540.3402,9810.4062,19851,11308,-0.04181848,-0.03860046,-0.05116595,-0.04181848,-9810.4062,234594.9955,OK,0.0000,294.3122,3.0000,97.0000,AG03-UNRESOLVED,ALL5_LEVELS_bet23_to_bet27,294.3122,294.3122,294.3122,392.4162,490.5203,3.000000,3.000000,3.000000,4.000000,5.000000,97.000000,97.000000,97.000000,96.000000,95.000000,5.0,1765.8731,1644.6383,8044.5331,8165.7679,PENDING_AG03,FALSE,NOT_FOR_ENFORCEMENT,9516.0940,164454.1300,9810.4062,9516.0940,294.3122,0.04181848,0.04056393,294.3122,9516.0940,0.04056393,294.3122,294.3122,294.3122,392.4162,490.5203,9516.0940,0.04056393,1765.8731,1644.6383,8044.5331,8165.7679,0.03429115,0.03480794,0.00125455,11.8178,14.9930,0.8676,208.7320,5.3202,4991.3829,240.5957,12.7170,9.8041,2.5818,2.84,3.3563,4.9054,16.007,177.8754,0.2582,0.0,5.636364,62.633151,4.16126,29,188,6,10,0.74390005,0.04181848,0.03860046,0E-8,0.000000,0.722694,0.000000,0.01256549,2026-05-12,2026-08-02,47,1844,580,83,0.566265,1.297104,1.076088,2.479667,,,,,,,,GLOBAL_BASELINE_NO_ENTITY_RANKING,,,NOT_APPLICABLE_GLOBAL_BASELINE,HF9g-P5,,,,X 全窗基线 · 不参与实体赏罚,15058860,1506,A168_HF9F_20260827_0900,2026-08-27 09:00:00
2026-05-30,17529000,2196,0,83.5452233937,5.4875201078,5.4875201078,0.5000000,27,14,0.50006957297319092,0.499469342857,-0.0004820157022674996,0.0036765026028861875,-0.0004820157022674996,0.00060023011619092,ELIGIBLE,R03b_20260811_FULL_v1,L1_ELIGIBILITY,v2026-08-11,2026-03-21..2026-08-06,baccarat_bet02_101_all_pairs_incl_sentinel,round_win = game_pnl > 0 (decisive only),COMPATIBILITY_ONLY_NOT_PRODUCTION,234594.9955,169540.3402,9810.4062,19851,11308,-0.04181848,-0.03860046,-0.05116595,-0.04181848,-9810.4062,234594.9955,OK,0.0000,294.3122,3.0000,97.0000,AG03-UNRESOLVED,ALL5_LEVELS_bet23_to_bet27,294.3122,294.3122,294.3122,392.4162,490.5203,3.000000,3.000000,3.000000,4.000000,5.000000,97.000000,97.000000,97.000000,96.000000,95.000000,5.0,1765.8731,1644.6383,8044.5331,8165.7679,PENDING_AG03,FALSE,NOT_FOR_ENFORCEMENT,9516.0940,164454.1300,9810.4062,9516.0940,294.3122,0.04181848,0.04056393,294.3122,9516.0940,0.04056393,294.3122,294.3122,294.3122,392.4162,490.5203,9516.0940,0.04056393,1765.8731,1644.6383,8044.5331,8165.7679,0.03429115,0.03480794,0.00125455,11.8178,14.9930,0.8676,208.7320,5.3202,4991.3829,240.5957,12.7170,9.8041,2.5818,2.84,3.3563,4.9054,16.007,177.8754,0.2582,0.0,5.636364,62.633151,4.16126,29,188,6,10,0.74390005,0.04181848,0.03860046,0E-8,0.000000,0.722694,0.000000,0.01256549,2026-05-12,2026-08-02,47,1844,580,83,0.566265,1.297104,1.076088,2.479667,,,,,,,,GLOBAL_BASELINE_NO_ENTITY_RANKING,,,NOT_APPLICABLE_GLOBAL_BASELINE,HF9g-P5,,,,X 全窗基线 · 不参与实体赏罚,15058861,1506,A168_HF9F_20260827_0900,2026-08-27 09:00:00
2026-05-30,17529000,2223,0,122.2043485038,-58.7021950081,-58.7021950081,0.2500000,25,15,0.50058249374732282,0.500394940000,-1.7360876207365623,-1.7347875733287437,-1.7360876207365623,0.00018755374732282,ELIGIBLE,R03b_20260811_FULL_v1,L1_ELIGIBILITY,v2026-08-11,2026-03-21..2026-08-06,baccarat_bet02_101_all_pairs_incl_sentinel,round_win = game_pnl > 0 (decisive only),COMPATIBILITY_ONLY_NOT_PRODUCTION,234594.9955,169540.3402,9810.4062,19851,11308,-0.04181848,-0.03860046,-0.05116595,-0.04181848,-9810.4062,234594.9955,OK,0.0000,294.3122,3.0000,97.0000,AG03-UNRESOLVED,ALL5_LEVELS_bet23_to_bet27,294.3122,294.3122,294.3122,392.4162,490.5203,3.000000,3.000000,3.000000,4.000000,5.000000,97.000000,97.000000,97.000000,96.000000,95.000000,5.0,1765.8731,1644.6383,8044.5331,8165.7679,PENDING_AG03,FALSE,NOT_FOR_ENFORCEMENT,9516.0940,164454.1300,9810.4062,9516.0940,294.3122,0.04181848,0.04056393,294.3122,9516.0940,0.04056393,294.3122,294.3122,294.3122,392.4162,490.5203,9516.0940,0.04056393,1765.8731,1644.6383,8044.5331,8165.7679,0.03429115,0.03480794,0.00125455,11.8178,14.9930,0.8676,208.7320,5.3202,4991.3829,240.5957,12.7170,9.8041,2.5818,2.84,3.3563,4.9054,16.007,177.8754,0.2582,0.0,5.636364,62.633151,4.16126,29,188,6,10,0.74390005,0.04181848,0.03860046,0E-8,0.000000,0.722694,0.000000,0.01256549,2026-05-12,2026-08-02,47,1844,580,83,0.566265,1.297104,1.076088,2.479667,,,,,,,,GLOBAL_BASELINE_NO_ENTITY_RANKING,,,NOT_APPLICABLE_GLOBAL_BASELINE,HF9g-P5,,,,X 全窗基线 · 不参与实体赏罚,15058862,1506,A168_HF9F_20260827_0900,2026-08-27 09:00:00
2026-06-23,17529000,1401,0,966.1326407285,-942.7957929387,-942.7957929387,0.4285714,11,7,0.50303258277806905,0.502820642857,-0.3940186400286474,-0.3928961639171632,-0.3940186400286474,0.00021193992106905,ELIGIBLE,R03b_20260811_FULL_v1,L1_ELIGIBILITY,v2026-08-11,2026-03-21..2026-08-06,baccarat_bet02_101_all_pairs_incl_sentinel,round_win = game_pnl > 0 (decisive only),COMPATIBILITY_ONLY_NOT_PRODUCTION,234594.9955,169540.3402,9810.4062,19851,11308,-0.04181848,-0.03860046,-0.05116595,-0.04181848,-9810.4062,234594.9955,OK,0.0000,294.3122,3.0000,97.0000,AG03-UNRESOLVED,ALL5_LEVELS_bet23_to_bet27,294.3122,294.3122,294.3122,392.4162,490.5203,3.000000,3.000000,3.000000,4.000000,5.000000,97.000000,97.000000,97.000000,96.000000,95.000000,5.0,1765.8731,1644.6383,8044.5331,8165.7679,PENDING_AG03,FALSE,NOT_FOR_ENFORCEMENT,9516.0940,164454.1300,9810.4062,9516.0940,294.3122,0.04181848,0.04056393,294.3122,9516.0940,0.04056393,294.3122,294.3122,294.3122,392.4162,490.5203,9516.0940,0.04056393,1765.8731,1644.6383,8044.5331,8165.7679,0.03429115,0.03480794,0.00125455,11.8178,14.9930,0.8676,208.7320,5.3202,4991.3829,240.5957,12.7170,9.8041,2.5818,2.84,3.3563,4.9054,16.007,177.8754,0.2582,0.0,5.636364,62.633151,4.16126,29,188,6,10,0.74390005,0.04181848,0.03860046,0E-8,0.000000,0.722694,0.000000,0.01256549,2026-05-12,2026-08-02,47,1844,580,83,0.566265,1.297104,1.076088,2.479667,,,,,,,,GLOBAL_BASELINE_NO_ENTITY_RANKING,,,NOT_APPLICABLE_GLOBAL_BASELINE,HF9g-P5,,,,X 全窗基线 · 不参与实体赏罚,15058863,1506,A168_HF9F_20260827_0900,2026-08-27 09:00:00
2026-06-24,17529000,1402,0,28.0299328826,-0.6814616711,-0.6814616711,0.6000000,10,5,0.50001698047427507,0.499948100000,0.4471376567682716,0.44744570176651083,0.4471376567682716,0.00006888047427507,ELIGIBLE,R03b_20260811_FULL_v1,L1_ELIGIBILITY,v2026-08-11,2026-03-21..2026-08-06,baccarat_bet02_101_all_pairs_incl_sentinel,round_win = game_pnl > 0 (decisive only),COMPATIBILITY_ONLY_NOT_PRODUCTION,234594.9955,169540.3402,9810.4062,19851,11308,-0.04181848,-0.03860046,-0.05116595,-0.04181848,-9810.4062,234594.9955,OK,0.0000,294.3122,3.0000,97.0000,AG03-UNRESOLVED,ALL5_LEVELS_bet23_to_bet27,294.3122,294.3122,294.3122,392.4162,490.5203,3.000000,3.000000,3.000000,4.000000,5.000000,97.000000,97.000000,97.000000,96.000000,95.000000,5.0,1765.8731,1644.6383,8044.5331,8165.7679,PENDING_AG03,FALSE,NOT_FOR_ENFORCEMENT,9516.0940,164454.1300,9810.4062,9516.0940,294.3122,0.04181848,0.04056393,294.3122,9516.0940,0.04056393,294.3122,294.3122,294.3122,392.4162,490.5203,9516.0940,0.04056393,1765.8731,1644.6383,8044.5331,8165.7679,0.03429115,0.03480794,0.00125455,11.8178,14.9930,0.8676,208.7320,5.3202,4991.3829,240.5957,12.7170,9.8041,2.5818,2.84,3.3563,4.9054,16.007,177.8754,0.2582,0.0,5.636364,62.633151,4.16126,29,188,6,10,0.74390005,0.04181848,0.03860046,0E-8,0.000000,0.722694,0.000000,0.01256549,2026-05-12,2026-08-02,47,1844,580,83,0.566265,1.297104,1.076088,2.479667,,,,,,,,GLOBAL_BASELINE_NO_ENTITY_RANKING,,,NOT_APPLICABLE_GLOBAL_BASELINE,HF9g-P5,,,,X 全窗基线 · 不参与实体赏罚,15058864,1506,A168_HF9F_20260827_0900,2026-08-27 09:00:00
2026-06-24,17529000,2093,0,67.8890117523,9.5147478589,9.5147478589,0.7777778,20,10,0.50121298330670305,0.499948100000,1.65939364985998,1.6669780756470443,1.65939364985998,0.00126488330670305,ELIGIBLE,R03b_20260811_FULL_v1,L1_ELIGIBILITY,v2026-08-11,2026-03-21..2026-08-06,baccarat_bet02_101_all_pairs_incl_sentinel,round_win = game_pnl > 0 (decisive only),COMPATIBILITY_ONLY_NOT_PRODUCTION,234594.9955,169540.3402,9810.4062,19851,11308,-0.04181848,-0.03860046,-0.05116595,-0.04181848,-9810.4062,234594.9955,OK,0.0000,294.3122,3.0000,97.0000,AG03-UNRESOLVED,ALL5_LEVELS_bet23_to_bet27,294.3122,294.3122,294.3122,392.4162,490.5203,3.000000,3.000000,3.000000,4.000000,5.000000,97.000000,97.000000,97.000000,96.000000,95.000000,5.0,1765.8731,1644.6383,8044.5331,8165.7679,PENDING_AG03,FALSE,NOT_FOR_ENFORCEMENT,9516.0940,164454.1300,9810.4062,9516.0940,294.3122,0.04181848,0.04056393,294.3122,9516.0940,0.04056393,294.3122,294.3122,294.3122,392.4162,490.5203,9516.0940,0.04056393,1765.8731,1644.6383,8044.5331,8165.7679,0.03429115,0.03480794,0.00125455,11.8178,14.9930,0.8676,208.7320,5.3202,4991.3829,240.5957,12.7170,9.8041,2.5818,2.84,3.3563,4.9054,16.007,177.8754,0.2582,0.0,5.636364,62.633151,4.16126,29,188,6,10,0.74390005,0.04181848,0.03860046,0E-8,0.000000,0.722694,0.000000,0.01256549,2026-05-12,2026-08-02,47,1844,580,83,0.566265,1.297104,1.076088,2.479667,,,,,,,,GLOBAL_BASELINE_NO_ENTITY_RANKING,,,NOT_APPLICABLE_GLOBAL_BASELINE,HF9g-P5,,,,X 全窗基线 · 不参与实体赏罚,15058865,1506,A168_HF9F_20260827_0900,2026-08-27 09:00:00
2026-06-24,17529000,2145,0,5.6574176460,0.3600174865,0.3600174865,1.0000000,2,1,0.50055742727261957,0.499948100000,0.9988857662128412,1.0001038053877793,0.9988857662128412,0.00060932727261957,ELIGIBLE,R03b_20260811_FULL_v1,L1_ELIGIBILITY,v2026-08-11,2026-03-21..2026-08-06,baccarat_bet02_101_all_pairs_incl_sentinel,round_win = game_pnl > 0 (decisive only),COMPATIBILITY_ONLY_NOT_PRODUCTION,234594.9955,169540.3402,9810.4062,19851,11308,-0.04181848,-0.03860046,-0.05116595,-0.04181848,-9810.4062,234594.9955,OK,0.0000,294.3122,3.0000,97.0000,AG03-UNRESOLVED,ALL5_LEVELS_bet23_to_bet27,294.3122,294.3122,294.3122,392.4162,490.5203,3.000000,3.000000,3.000000,4.000000,5.000000,97.000000,97.000000,97.000000,96.000000,95.000000,5.0,1765.8731,1644.6383,8044.5331,8165.7679,PENDING_AG03,FALSE,NOT_FOR_ENFORCEMENT,9516.0940,164454.1300,9810.4062,9516.0940,294.3122,0.04181848,0.04056393,294.3122,9516.0940,0.04056393,294.3122,294.3122,294.3122,392.4162,490.5203,9516.0940,0.04056393,1765.8731,1644.6383,8044.5331,8165.7679,0.03429115,0.03480794,0.00125455,11.8178,14.9930,0.8676,208.7320,5.3202,4991.3829,240.5957,12.7170,9.8041,2.5818,2.84,3.3563,4.9054,16.007,177.8754,0.2582,0.0,5.636364,62.633151,4.16126,29,188,6,10,0.74390005,0.04181848,0.03860046,0E-8,0.000000,0.722694,0.000000,0.01256549,2026-05-12,2026-08-02,47,1844,580,83,0.566265,1.297104,1.076088,2.479667,,,,,,,,GLOBAL_BASELINE_NO_ENTITY_RANKING,,,NOT_APPLICABLE_GLOBAL_BASELINE,HF9g-P5,,,,X 全窗基线 · 不参与实体赏罚,15058866,1506,A168_HF9F_20260827_0900,2026-08-27 09:00:00
2026-06-24,17529000,2177,0,11.3148352920,-0.1542932085,-0.1542932085,0.5000000,4,2,0.50055742727261957,0.499948100000,-0.001576643397756343,0.00014679536856514622,-0.001576643397756343,0.00060932727261957,ELIGIBLE,R03b_20260811_FULL_v1,L1_ELIGIBILITY,v2026-08-11,2026-03-21..2026-08-06,baccarat_bet02_101_all_pairs_incl_sentinel,round_win = game_pnl > 0 (decisive only),COMPATIBILITY_ONLY_NOT_PRODUCTION,234594.9955,169540.3402,9810.4062,19851,11308,-0.04181848,-0.03860046,-0.05116595,-0.04181848,-9810.4062,234594.9955,OK,0.0000,294.3122,3.0000,97.0000,AG03-UNRESOLVED,ALL5_LEVELS_bet23_to_bet27,294.3122,294.3122,294.3122,392.4162,490.5203,3.000000,3.000000,3.000000,4.000000,5.000000,97.000000,97.000000,97.000000,96.000000,95.000000,5.0,1765.8731,1644.6383,8044.5331,8165.7679,PENDING_AG03,FALSE,NOT_FOR_ENFORCEMENT,9516.0940,164454.1300,9810.4062,9516.0940,294.3122,0.04181848,0.04056393,294.3122,9516.0940,0.04056393,294.3122,294.3122,294.3122,392.4162,490.5203,9516.0940,0.04056393,1765.8731,1644.6383,8044.5331,8165.7679,0.03429115,0.03480794,0.00125455,11.8178,14.9930,0.8676,208.7320,5.3202,4991.3829,240.5957,12.7170,9.8041,2.5818,2.84,3.3563,4.9054,16.007,177.8754,0.2582,0.0,5.636364,62.633151,4.16126,29,188,6,10,0.74390005,0.04181848,0.03860046,0E-8,0.000000,0.722694,0.000000,0.01256549,2026-05-12,2026-08-02,47,1844,580,83,0.566265,1.297104,1.076088,2.479667,,,,,,,,GLOBAL_BASELINE_NO_ENTITY_RANKING,,,NOT_APPLICABLE_GLOBAL_BASELINE,HF9g-P5,,,,X 全窗基线 · 不参与实体赏罚,15058867,1506,A168_HF9F_20260827_0900,2026-08-27 09:00:00
2026-06-24,17529000,2223,0,17.2294082856,-0.1542932085,-0.1542932085,0.5000000,6,3,0.50064573557303430,0.499948100000,-0.0018264175333231943,0.00014679536856514622,-0.0018264175333231943,0.00069763557303430,ELIGIBLE,R03b_20260811_FULL_v1,L1_ELIGIBILITY,v2026-08-11,2026-03-21..2026-08-06,baccarat_bet02_101_all_pairs_incl_sentinel,round_win = game_pnl > 0 (decisive only),COMPATIBILITY_ONLY_NOT_PRODUCTION,234594.9955,169540.3402,9810.4062,19851,11308,-0.04181848,-0.03860046,-0.05116595,-0.04181848,-9810.4062,234594.9955,OK,0.0000,294.3122,3.0000,97.0000,AG03-UNRESOLVED,ALL5_LEVELS_bet23_to_bet27,294.3122,294.3122,294.3122,392.4162,490.5203,3.000000,3.000000,3.000000,4.000000,5.000000,97.000000,97.000000,97.000000,96.000000,95.000000,5.0,1765.8731,1644.6383,8044.5331,8165.7679,PENDING_AG03,FALSE,NOT_FOR_ENFORCEMENT,9516.0940,164454.1300,9810.4062,9516.0940,294.3122,0.04181848,0.04056393,294.3122,9516.0940,0.04056393,294.3122,294.3122,294.3122,392.4162,490.5203,9516.0940,0.04056393,1765.8731,1644.6383,8044.5331,8165.7679,0.03429115,0.03480794,0.00125455,11.8178,14.9930,0.8676,208.7320,5.3202,4991.3829,240.5957,12.7170,9.8041,2.5818,2.84,3.3563,4.9054,16.007,177.8754,0.2582,0.0,5.636364,62.633151,4.16126,29,188,6,10,0.74390005,0.04181848,0.03860046,0E-8,0.000000,0.722694,0.000000,0.01256549,2026-05-12,2026-08-02,47,1844,580,83,0.566265,1.297104,1.076088,2.479667,,,,,,,,GLOBAL_BASELINE_NO_ENTITY_RANKING,,,NOT_APPLICABLE_GLOBAL_BASELINE,HF9g-P5,,,,X 全窗基线 · 不参与实体赏罚,15058868,1506,A168_HF9F_20260827_0900,2026-08-27 09:00:00
2026-06-24,17529000,2235,0,10.8005245970,0.5143106950,0.5143106950,1.0000000,4,2,0.49962892857148767,0.499948100000,1.4152635006133705,1.4143603653603398,1.4152635006133705,-0.00031917142851233,ELIGIBLE,R03b_20260811_FULL_v1,L1_ELIGIBILITY,v2026-08-11,2026-03-21..2026-08-06,baccarat_bet02_101_all_pairs_incl_sentinel,round_win = game_pnl > 0 (decisive only),COMPATIBILITY_ONLY_NOT_PRODUCTION,234594.9955,169540.3402,9810.4062,19851,11308,-0.04181848,-0.03860046,-0.05116595,-0.04181848,-9810.4062,234594.9955,OK,0.0000,294.3122,3.0000,97.0000,AG03-UNRESOLVED,ALL5_LEVELS_bet23_to_bet27,294.3122,294.3122,294.3122,392.4162,490.5203,3.000000,3.000000,3.000000,4.000000,5.000000,97.000000,97.000000,97.000000,96.000000,95.000000,5.0,1765.8731,1644.6383,8044.5331,8165.7679,PENDING_AG03,FALSE,NOT_FOR_ENFORCEMENT,9516.0940,164454.1300,9810.4062,9516.0940,294.3122,0.04181848,0.04056393,294.3122,9516.0940,0.04056393,294.3122,294.3122,294.3122,392.4162,490.5203,9516.0940,0.04056393,1765.8731,1644.6383,8044.5331,8165.7679,0.03429115,0.03480794,0.00125455,11.8178,14.9930,0.8676,208.7320,5.3202,4991.3829,240.5957,12.7170,9.8041,2.5818,2.84,3.3563,4.9054,16.007,177.8754,0.2582,0.0,5.636364,62.633151,4.16126,29,188,6,10,0.74390005,0.04181848,0.03860046,0E-8,0.000000,0.722694,0.000000,0.01256549,2026-05-12,2026-08-02,47,1844,580,83,0.566265,1.297104,1.076088,2.479667,,,,,,,,GLOBAL_BASELINE_NO_ENTITY_RANKING,,,NOT_APPLICABLE_GLOBAL_BASELINE,HF9g-P5,,,,X 全窗基线 · 不参与实体赏罚,15058869,1506,A168_HF9F_20260827_0900,2026-08-27 09:00:00
2026-06-24,17529000,2246,0,39.6019235222,-0.8357548794,-0.8357548794,0.3333333,14,7,0.50036783475836594,0.499948100000,-0.8182988172986723,-0.8162423282897021,-0.8182988172986723,0.00041973475836594,ELIGIBLE,R03b_20260811_FULL_v1,L1_ELIGIBILITY,v2026-08-11,2026-03-21..2026-08-06,baccarat_bet02_101_all_pairs_incl_sentinel,round_win = game_pnl > 0 (decisive only),COMPATIBILITY_ONLY_NOT_PRODUCTION,234594.9955,169540.3402,9810.4062,19851,11308,-0.04181848,-0.03860046,-0.05116595,-0.04181848,-9810.4062,234594.9955,OK,0.0000,294.3122,3.0000,97.0000,AG03-UNRESOLVED,ALL5_LEVELS_bet23_to_bet27,294.3122,294.3122,294.3122,392.4162,490.5203,3.000000,3.000000,3.000000,4.000000,5.000000,97.000000,97.000000,97.000000,96.000000,95.000000,5.0,1765.8731,1644.6383,8044.5331,8165.7679,PENDING_AG03,FALSE,NOT_FOR_ENFORCEMENT,9516.0940,164454.1300,9810.4062,9516.0940,294.3122,0.04181848,0.04056393,294.3122,9516.0940,0.04056393,294.3122,294.3122,294.3122,392.4162,490.5203,9516.0940,0.04056393,1765.8731,1644.6383,8044.5331,8165.7679,0.03429115,0.03480794,0.00125455,11.8178,14.9930,0.8676,208.7320,5.3202,4991.3829,240.5957,12.7170,9.8041,2.5818,2.84,3.3563,4.9054,16.007,177.8754,0.2582,0.0,5.636364,62.633151,4.16126,29,188,6,10,0.74390005,0.04181848,0.03860046,0E-8,0.000000,0.722694,0.000000,0.01256549,2026-05-12,2026-08-02,47,1844,580,83,0.566265,1.297104,1.076088,2.479667,,,,,,,,GLOBAL_BASELINE_NO_ENTITY_RANKING,,,NOT_APPLICABLE_GLOBAL_BASELINE,HF9g-P5,,,,X 全窗基线 · 不参与实体赏罚,15058870,1506,A168_HF9F_20260827_0900,2026-08-27 09:00:00
2026-06-24,17529000,994,0,43.7164090830,2.1729626867,2.1729626867,0.4444444,15,9,0.50243118923518723,0.502182300000,-0.347924581711264,-0.34643043305270216,-0.347924581711264,0.00024888923518723,ELIGIBLE,R03b_20260811_FULL_v1,L1_ELIGIBILITY,v2026-08-11,2026-03-21..2026-08-06,baccarat_bet02_101_all_pairs_incl_sentinel,round_win = game_pnl > 0 (decisive only),COMPATIBILITY_ONLY_NOT_PRODUCTION,234594.9955,169540.3402,9810.4062,19851,11308,-0.04181848,-0.03860046,-0.05116595,-0.04181848,-9810.4062,234594.9955,OK,0.0000,294.3122,3.0000,97.0000,AG03-UNRESOLVED,ALL5_LEVELS_bet23_to_bet27,294.3122,294.3122,294.3122,392.4162,490.5203,3.000000,3.000000,3.000000,4.000000,5.000000,97.000000,97.000000,97.000000,96.000000,95.000000,5.0,1765.8731,1644.6383,8044.5331,8165.7679,PENDING_AG03,FALSE,NOT_FOR_ENFORCEMENT,9516.0940,164454.1300,9810.4062,9516.0940,294.3122,0.04181848,0.04056393,294.3122,9516.0940,0.04056393,294.3122,294.3122,294.3122,392.4162,490.5203,9516.0940,0.04056393,1765.8731,1644.6383,8044.5331,8165.7679,0.03429115,0.03480794,0.00125455,11.8178,14.9930,0.8676,208.7320,5.3202,4991.3829,240.5957,12.7170,9.8041,2.5818,2.84,3.3563,4.9054,16.007,177.8754,0.2582,0.0,5.636364,62.633151,4.16126,29,188,6,10,0.74390005,0.04181848,0.03860046,0E-8,0.000000,0.722694,0.000000,0.01256549,2026-05-12,2026-08-02,47,1844,580,83,0.566265,1.297104,1.076088,2.479667,,,,,,,,GLOBAL_BASELINE_NO_ENTITY_RANKING,,,NOT_APPLICABLE_GLOBAL_BASELINE,HF9g-P5,,,,X 全窗基线 · 不参与实体赏罚,15058871,1506,A168_HF9F_20260827_0900,2026-08-27 09:00:00
2026-06-25,17529000,2170,0,5.4002622985,0.2571553475,0.2571553475,1.0000000,2,1,0.49962892857148767,0.499948100000,1.000742418449526,1.0001038053877793,1.000742418449526,-0.00031917142851233,ELIGIBLE,R03b_20260811_FULL_v1,L1_ELIGIBILITY,v2026-08-11,2026-03-21..2026-08-06,baccarat_bet02_101_all_pairs_incl_sentinel,round_win = game_pnl > 0 (decisive only),COMPATIBILITY_ONLY_NOT_PRODUCTION,234594.9955,169540.3402,9810.4062,19851,11308,-0.04181848,-0.03860046,-0.05116595,-0.04181848,-9810.4062,234594.9955,OK,0.0000,294.3122,3.0000,97.0000,AG03-UNRESOLVED,ALL5_LEVELS_bet23_to_bet27,294.3122,294.3122,294.3122,392.4162,490.5203,3.000000,3.000000,3.000000,4.000000,5.000000,97.000000,97.000000,97.000000,96.000000,95.000000,5.0,1765.8731,1644.6383,8044.5331,8165.7679,PENDING_AG03,FALSE,NOT_FOR_ENFORCEMENT,9516.0940,164454.1300,9810.4062,9516.0940,294.3122,0.04181848,0.04056393,294.3122,9516.0940,0.04056393,294.3122,294.3122,294.3122,392.4162,490.5203,9516.0940,0.04056393,1765.8731,1644.6383,8044.5331,8165.7679,0.03429115,0.03480794,0.00125455,11.8178,14.9930,0.8676,208.7320,5.3202,4991.3829,240.5957,12.7170,9.8041,2.5818,2.84,3.3563,4.9054,16.007,177.8754,0.2582,0.0,5.636364,62.633151,4.16126,29,188,6,10,0.74390005,0.04181848,0.03860046,0E-8,0.000000,0.722694,0.000000,0.01256549,2026-05-12,2026-08-02,47,1844,580,83,0.566265,1.297104,1.076088,2.479667,,,,,,,,GLOBAL_BASELINE_NO_ENTITY_RANKING,,,NOT_APPLICABLE_GLOBAL_BASELINE,HF9g-P5,,,,X 全窗基线 · 不参与实体赏罚,15058872,1506,A168_HF9F_20260827_0900,2026-08-27 09:00:00
2026-06-25,17529000,2235,0,47.5737392961,3.2787306809,3.2787306809,0.7500000,16,8,0.49969033437888197,0.499948100000,1.4159655672196614,1.414507160728905,1.4159655672196614,-0.00025776562111803,ELIGIBLE,R03b_20260811_FULL_v1,L1_ELIGIBILITY,v2026-08-11,2026-03-21..2026-08-06,baccarat_bet02_101_all_pairs_incl_sentinel,round_win = game_pnl > 0 (decisive only),COMPATIBILITY_ONLY_NOT_PRODUCTION,234594.9955,169540.3402,9810.4062,19851,11308,-0.04181848,-0.03860046,-0.05116595,-0.04181848,-9810.4062,234594.9955,OK,0.0000,294.3122,3.0000,97.0000,AG03-UNRESOLVED,ALL5_LEVELS_bet23_to_bet27,294.3122,294.3122,294.3122,392.4162,490.5203,3.000000,3.000000,3.000000,4.000000,5.000000,97.000000,97.000000,97.000000,96.000000,95.000000,5.0,1765.8731,1644.6383,8044.5331,8165.7679,PENDING_AG03,FALSE,NOT_FOR_ENFORCEMENT,9516.0940,164454.1300,9810.4062,9516.0940,294.3122,0.04181848,0.04056393,294.3122,9516.0940,0.04056393,294.3122,294.3122,294.3122,392.4162,490.5203,9516.0940,0.04056393,1765.8731,1644.6383,8044.5331,8165.7679,0.03429115,0.03480794,0.00125455,11.8178,14.9930,0.8676,208.7320,5.3202,4991.3829,240.5957,12.7170,9.8041,2.5818,2.84,3.3563,4.9054,16.007,177.8754,0.2582,0.0,5.636364,62.633151,4.16126,29,188,6,10,0.74390005,0.04181848,0.03860046,0E-8,0.000000,0.722694,0.000000,0.01256549,2026-05-12,2026-08-02,47,1844,580,83,0.566265,1.297104,1.076088,2.479667,,,,,,,,GLOBAL_BASELINE_NO_ENTITY_RANKING,,,NOT_APPLICABLE_GLOBAL_BASELINE,HF9g-P5,,,,X 全窗基线 · 不参与实体赏罚,15058873,1506,A168_HF9F_20260827_0900,2026-08-27 09:00:00
2026-06-25,17529000,2246,0,5.6574176460,0.3600174865,0.3600174865,1.0000000,2,1,0.50055742727261957,0.499948100000,0.9988857662128412,1.0001038053877793,0.9988857662128412,0.00060932727261957,ELIGIBLE,R03b_20260811_FULL_v1,L1_ELIGIBILITY,v2026-08-11,2026-03-21..2026-08-06,baccarat_bet02_101_all_pairs_incl_sentinel,round_win = game_pnl > 0 (decisive only),COMPATIBILITY_ONLY_NOT_PRODUCTION,234594.9955,169540.3402,9810.4062,19851,11308,-0.04181848,-0.03860046,-0.05116595,-0.04181848,-9810.4062,234594.9955,OK,0.0000,294.3122,3.0000,97.0000,AG03-UNRESOLVED,ALL5_LEVELS_bet23_to_bet27,294.3122,294.3122,294.3122,392.4162,490.5203,3.000000,3.000000,3.000000,4.000000,5.000000,97.000000,97.000000,97.000000,96.000000,95.000000,5.0,1765.8731,1644.6383,8044.5331,8165.7679,PENDING_AG03,FALSE,NOT_FOR_ENFORCEMENT,9516.0940,164454.1300,9810.4062,9516.0940,294.3122,0.04181848,0.04056393,294.3122,9516.0940,0.04056393,294.3122,294.3122,294.3122,392.4162,490.5203,9516.0940,0.04056393,1765.8731,1644.6383,8044.5331,8165.7679,0.03429115,0.03480794,0.00125455,11.8178,14.9930,0.8676,208.7320,5.3202,4991.3829,240.5957,12.7170,9.8041,2.5818,2.84,3.3563,4.9054,16.007,177.8754,0.2582,0.0,5.636364,62.633151,4.16126,29,188,6,10,0.74390005,0.04181848,0.03860046,0E-8,0.000000,0.722694,0.000000,0.01256549,2026-05-12,2026-08-02,47,1844,580,83,0.566265,1.297104,1.076088,2.479667,,,,,,,,GLOBAL_BASELINE_NO_ENTITY_RANKING,,,NOT_APPLICABLE_GLOBAL_BASELINE,HF9g-P5,,,,X 全窗基线 · 不参与实体赏罚,15058874,1506,A168_HF9F_20260827_0900,2026-08-27 09:00:00
2026-06-25,17529000,2252,0,5.4002622985,-0.2571553475,-0.2571553475,0E-7,2,1,0.50026727142851233,0.499948100000,-1.0005346858014574,-0.9998962053866608,-1.0005346858014574,0.00031917142851233,ELIGIBLE,R03b_20260811_FULL_v1,L1_ELIGIBILITY,v2026-08-11,2026-03-21..2026-08-06,baccarat_bet02_101_all_pairs_incl_sentinel,round_win = game_pnl > 0 (decisive only),COMPATIBILITY_ONLY_NOT_PRODUCTION,234594.9955,169540.3402,9810.4062,19851,11308,-0.04181848,-0.03860046,-0.05116595,-0.04181848,-9810.4062,234594.9955,OK,0.0000,294.3122,3.0000,97.0000,AG03-UNRESOLVED,ALL5_LEVELS_bet23_to_bet27,294.3122,294.3122,294.3122,392.4162,490.5203,3.000000,3.000000,3.000000,4.000000,5.000000,97.000000,97.000000,97.000000,96.000000,95.000000,5.0,1765.8731,1644.6383,8044.5331,8165.7679,PENDING_AG03,FALSE,NOT_FOR_ENFORCEMENT,9516.0940,164454.1300,9810.4062,9516.0940,294.3122,0.04181848,0.04056393,294.3122,9516.0940,0.04056393,294.3122,294.3122,294.3122,392.4162,490.5203,9516.0940,0.04056393,1765.8731,1644.6383,8044.5331,8165.7679,0.03429115,0.03480794,0.00125455,11.8178,14.9930,0.8676,208.7320,5.3202,4991.3829,240.5957,12.7170,9.8041,2.5818,2.84,3.3563,4.9054,16.007,177.8754,0.2582,0.0,5.636364,62.633151,4.16126,29,188,6,10,0.74390005,0.04181848,0.03860046,0E-8,0.000000,0.722694,0.000000,0.01256549,2026-05-12,2026-08-02,47,1844,580,83,0.566265,1.297104,1.076088,2.479667,,,,,,,,GLOBAL_BASELINE_NO_ENTITY_RANKING,,,NOT_APPLICABLE_GLOBAL_BASELINE,HF9g-P5,,,,X 全窗基线 · 不参与实体赏罚,15058875,1506,A168_HF9F_20260827_0900,2026-08-27 09:00:00
2026-06-25,17529000,2288,0,41.9163216501,0.8614704141,0.8614704141,0.7142857,15,8,0.49900099347826703,0.499110275000,1.1391819384983408,1.1386032038602578,1.1391819384983408,-0.00010928152173297,ELIGIBLE,R03b_20260811_FULL_v1,L1_ELIGIBILITY,v2026-08-11,2026-03-21..2026-08-06,baccarat_bet02_101_all_pairs_incl_sentinel,round_win = game_pnl > 0 (decisive only),COMPATIBILITY_ONLY_NOT_PRODUCTION,234594.9955,169540.3402,9810.4062,19851,11308,-0.04181848,-0.03860046,-0.05116595,-0.04181848,-9810.4062,234594.9955,OK,0.0000,294.3122,3.0000,97.0000,AG03-UNRESOLVED,ALL5_LEVELS_bet23_to_bet27,294.3122,294.3122,294.3122,392.4162,490.5203,3.000000,3.000000,3.000000,4.000000,5.000000,97.000000,97.000000,97.000000,96.000000,95.000000,5.0,1765.8731,1644.6383,8044.5331,8165.7679,PENDING_AG03,FALSE,NOT_FOR_ENFORCEMENT,9516.0940,164454.1300,9810.4062,9516.0940,294.3122,0.04181848,0.04056393,294.3122,9516.0940,0.04056393,294.3122,294.3122,294.3122,392.4162,490.5203,9516.0940,0.04056393,1765.8731,1644.6383,8044.5331,8165.7679,0.03429115,0.03480794,0.00125455,11.8178,14.9930,0.8676,208.7320,5.3202,4991.3829,240.5957,12.7170,9.8041,2.5818,2.84,3.3563,4.9054,16.007,177.8754,0.2582,0.0,5.636364,62.633151,4.16126,29,188,6,10,0.74390005,0.04181848,0.03860046,0E-8,0.000000,0.722694,0.000000,0.01256549,2026-05-12,2026-08-02,47,1844,580,83,0.566265,1.297104,1.076088,2.479667,,,,,,,,GLOBAL_BASELINE_NO_ENTITY_RANKING,,,NOT_APPLICABLE_GLOBAL_BASELINE,HF9g-P5,,,,X 全窗基线 · 不参与实体赏罚,15058876,1506,A168_HF9F_20260827_0900,2026-08-27 09:00:00
2026-06-25,17529000,970,0,16.7150975905,0.1028621390,0.1028621390,0.6666667,6,3,0.50024792770557560,0.499948100000,0.5764914932960362,0.5775300591747329,0.5764914932960362,0.00029982770557560,ELIGIBLE,R03b_20260811_FULL_v1,L1_ELIGIBILITY,v2026-08-11,2026-03-21..2026-08-06,baccarat_bet02_101_all_pairs_incl_sentinel,round_win = game_pnl > 0 (decisive only),COMPATIBILITY_ONLY_NOT_PRODUCTION,234594.9955,169540.3402,9810.4062,19851,11308,-0.04181848,-0.03860046,-0.05116595,-0.04181848,-9810.4062,234594.9955,OK,0.0000,294.3122,3.0000,97.0000,AG03-UNRESOLVED,ALL5_LEVELS_bet23_to_bet27,294.3122,294.3122,294.3122,392.4162,490.5203,3.000000,3.000000,3.000000,4.000000,5.000000,97.000000,97.000000,97.000000,96.000000,95.000000,5.0,1765.8731,1644.6383,8044.5331,8165.7679,PENDING_AG03,FALSE,NOT_FOR_ENFORCEMENT,9516.0940,164454.1300,9810.4062,9516.0940,294.3122,0.04181848,0.04056393,294.3122,9516.0940,0.04056393,294.3122,294.3122,294.3122,392.4162,490.5203,9516.0940,0.04056393,1765.8731,1644.6383,8044.5331,8165.7679,0.03429115,0.03480794,0.00125455,11.8178,14.9930,0.8676,208.7320,5.3202,4991.3829,240.5957,12.7170,9.8041,2.5818,2.84,3.3563,4.9054,16.007,177.8754,0.2582,0.0,5.636364,62.633151,4.16126,29,188,6,10,0.74390005,0.04181848,0.03860046,0E-8,0.000000,0.722694,0.000000,0.01256549,2026-05-12,2026-08-02,47,1844,580,83,0.566265,1.297104,1.076088,2.479667,,,,,,,,GLOBAL_BASELINE_NO_ENTITY_RANKING,,,NOT_APPLICABLE_GLOBAL_BASELINE,HF9g-P5,,,,X 全窗基线 · 不参与实体赏罚,15058877,1506,A168_HF9F_20260827_0900,2026-08-27 09:00:00
2026-06-26,17529000,1400,0,38.0589914369,4.7316583948,4.7316583948,0.5000000,11,6,0.49837536187672362,0.498831000000,0.007959110852845775,0.005726922671026805,0.007959110852845775,-0.00045563812327638,ELIGIBLE,R03b_20260811_FULL_v1,L1_ELIGIBILITY,v2026-08-11,2026-03-21..2026-08-06,baccarat_bet02_101_all_pairs_incl_sentinel,round_win = game_pnl > 0 (decisive only),COMPATIBILITY_ONLY_NOT_PRODUCTION,234594.9955,169540.3402,9810.4062,19851,11308,-0.04181848,-0.03860046,-0.05116595,-0.04181848,-9810.4062,234594.9955,OK,0.0000,294.3122,3.0000,97.0000,AG03-UNRESOLVED,ALL5_LEVELS_bet23_to_bet27,294.3122,294.3122,294.3122,392.4162,490.5203,3.000000,3.000000,3.000000,4.000000,5.000000,97.000000,97.000000,97.000000,96.000000,95.000000,5.0,1765.8731,1644.6383,8044.5331,8165.7679,PENDING_AG03,FALSE,NOT_FOR_ENFORCEMENT,9516.0940,164454.1300,9810.4062,9516.0940,294.3122,0.04181848,0.04056393,294.3122,9516.0940,0.04056393,294.3122,294.3122,294.3122,392.4162,490.5203,9516.0940,0.04056393,1765.8731,1644.6383,8044.5331,8165.7679,0.03429115,0.03480794,0.00125455,11.8178,14.9930,0.8676,208.7320,5.3202,4991.3829,240.5957,12.7170,9.8041,2.5818,2.84,3.3563,4.9054,16.007,177.8754,0.2582,0.0,5.636364,62.633151,4.16126,29,188,6,10,0.74390005,0.04181848,0.03860046,0E-8,0.000000,0.722694,0.000000,0.01256549,2026-05-12,2026-08-02,47,1844,580,83,0.566265,1.297104,1.076088,2.479667,,,,,,,,GLOBAL_BASELINE_NO_ENTITY_RANKING,,,NOT_APPLICABLE_GLOBAL_BASELINE,HF9g-P5,,,,X 全窗基线 · 不参与实体赏罚,15058878,1506,A168_HF9F_20260827_0900,2026-08-27 09:00:00
2026-06-26,17529000,1994,0,35.4874379614,1.2214879006,1.2214879006,0.8000000,12,6,0.49962704793169117,0.499948100000,1.3433090525445321,1.3418728975849028,1.3433090525445321,-0.00032105206830883,ELIGIBLE,R03b_20260811_FULL_v1,L1_ELIGIBILITY,v2026-08-11,2026-03-21..2026-08-06,baccarat_bet02_101_all_pairs_incl_sentinel,round_win = game_pnl > 0 (decisive only),COMPATIBILITY_ONLY_NOT_PRODUCTION,234594.9955,169540.3402,9810.4062,19851,11308,-0.04181848,-0.03860046,-0.05116595,-0.04181848,-9810.4062,234594.9955,OK,0.0000,294.3122,3.0000,97.0000,AG03-UNRESOLVED,ALL5_LEVELS_bet23_to_bet27,294.3122,294.3122,294.3122,392.4162,490.5203,3.000000,3.000000,3.000000,4.000000,5.000000,97.000000,97.000000,97.000000,96.000000,95.000000,5.0,1765.8731,1644.6383,8044.5331,8165.7679,PENDING_AG03,FALSE,NOT_FOR_ENFORCEMENT,9516.0940,164454.1300,9810.4062,9516.0940,294.3122,0.04181848,0.04056393,294.3122,9516.0940,0.04056393,294.3122,294.3122,294.3122,392.4162,490.5203,9516.0940,0.04056393,1765.8731,1644.6383,8044.5331,8165.7679,0.03429115,0.03480794,0.00125455,11.8178,14.9930,0.8676,208.7320,5.3202,4991.3829,240.5957,12.7170,9.8041,2.5818,2.84,3.3563,4.9054,16.007,177.8754,0.2582,0.0,5.636364,62.633151,4.16126,29,188,6,10,0.74390005,0.04181848,0.03860046,0E-8,0.000000,0.722694,0.000000,0.01256549,2026-05-12,2026-08-02,47,1844,580,83,0.566265,1.297104,1.076088,2.479667,,,,,,,,GLOBAL_BASELINE_NO_ENTITY_RANKING,,,NOT_APPLICABLE_GLOBAL_BASELINE,HF9g-P5,,,,X 全窗基线 · 不参与实体赏罚,15058879,1506,A168_HF9F_20260827_0900,2026-08-27 09:00:00
2026-06-26,17529000,2093,0,5.4002622985,0.1157199063,0.1157199063,1.0000000,2,1,0.50026727142851233,0.499948100000,0.9994655999346699,1.0001038053877793,0.9994655999346699,0.00031917142851233,ELIGIBLE,R03b_20260811_FULL_v1,L1_ELIGIBILITY,v2026-08-11,2026-03-21..2026-08-06,baccarat_bet02_101_all_pairs_incl_sentinel,round_win = game_pnl > 0 (decisive only),COMPATIBILITY_ONLY_NOT_PRODUCTION,234594.9955,169540.3402,9810.4062,19851,11308,-0.04181848,-0.03860046,-0.05116595,-0.04181848,-9810.4062,234594.9955,OK,0.0000,294.3122,3.0000,97.0000,AG03-UNRESOLVED,ALL5_LEVELS_bet23_to_bet27,294.3122,294.3122,294.3122,392.4162,490.5203,3.000000,3.000000,3.000000,4.000000,5.000000,97.000000,97.000000,97.000000,96.000000,95.000000,5.0,1765.8731,1644.6383,8044.5331,8165.7679,PENDING_AG03,FALSE,NOT_FOR_ENFORCEMENT,9516.0940,164454.1300,9810.4062,9516.0940,294.3122,0.04181848,0.04056393,294.3122,9516.0940,0.04056393,294.3122,294.3122,294.3122,392.4162,490.5203,9516.0940,0.04056393,1765.8731,1644.6383,8044.5331,8165.7679,0.03429115,0.03480794,0.00125455,11.8178,14.9930,0.8676,208.7320,5.3202,4991.3829,240.5957,12.7170,9.8041,2.5818,2.84,3.3563,4.9054,16.007,177.8754,0.2582,0.0,5.636364,62.633151,4.16126,29,188,6,10,0.74390005,0.04181848,0.03860046,0E-8,0.000000,0.722694,0.000000,0.01256549,2026-05-12,2026-08-02,47,1844,580,83,0.566265,1.297104,1.076088,2.479667,,,,,,,,GLOBAL_BASELINE_NO_ENTITY_RANKING,,,NOT_APPLICABLE_GLOBAL_BASELINE,HF9g-P5,,,,X 全窗基线 · 不参与实体赏罚,15058880,1506,A168_HF9F_20260827_0900,2026-08-27 09:00:00
2026-06-26,17529000,2141,0,5.4002622985,0.2571553475,0.2571553475,1.0000000,2,1,0.49962892857148767,0.499948100000,1.000742418449526,1.0001038053877793,1.000742418449526,-0.00031917142851233,ELIGIBLE,R03b_20260811_FULL_v1,L1_ELIGIBILITY,v2026-08-11,2026-03-21..2026-08-06,baccarat_bet02_101_all_pairs_incl_sentinel,round_win = game_pnl > 0 (decisive only),COMPATIBILITY_ONLY_NOT_PRODUCTION,234594.9955,169540.3402,9810.4062,19851,11308,-0.04181848,-0.03860046,-0.05116595,-0.04181848,-9810.4062,234594.9955,OK,0.0000,294.3122,3.0000,97.0000,AG03-UNRESOLVED,ALL5_LEVELS_bet23_to_bet27,294.3122,294.3122,294.3122,392.4162,490.5203,3.000000,3.000000,3.000000,4.000000,5.000000,97.000000,97.000000,97.000000,96.000000,95.000000,5.0,1765.8731,1644.6383,8044.5331,8165.7679,PENDING_AG03,FALSE,NOT_FOR_ENFORCEMENT,9516.0940,164454.1300,9810.4062,9516.0940,294.3122,0.04181848,0.04056393,294.3122,9516.0940,0.04056393,294.3122,294.3122,294.3122,392.4162,490.5203,9516.0940,0.04056393,1765.8731,1644.6383,8044.5331,8165.7679,0.03429115,0.03480794,0.00125455,11.8178,14.9930,0.8676,208.7320,5.3202,4991.3829,240.5957,12.7170,9.8041,2.5818,2.84,3.3563,4.9054,16.007,177.8754,0.2582,0.0,5.636364,62.633151,4.16126,29,188,6,10,0.74390005,0.04181848,0.03860046,0E-8,0.000000,0.722694,0.000000,0.01256549,2026-05-12,2026-08-02,47,1844,580,83,0.566265,1.297104,1.076088,2.479667,,,,,,,,GLOBAL_BASELINE_NO_ENTITY_RANKING,,,NOT_APPLICABLE_GLOBAL_BASELINE,HF9g-P5,,,,X 全窗基线 · 不参与实体赏罚,15058881,1506,A168_HF9F_20260827_0900,2026-08-27 09:00:00
2026-06-26,17529000,2142,0,11.0576799445,0.7714660425,0.7714660425,1.0000000,4,2,0.49948385064943405,0.499948100000,1.4156742074968185,1.4143603653603398,1.4156742074968185,-0.00046424935056595,ELIGIBLE,R03b_20260811_FULL_v1,L1_ELIGIBILITY,v2026-08-11,2026-03-21..2026-08-06,baccarat_bet02_101_all_pairs_incl_sentinel,round_win = game_pnl > 0 (decisive only),COMPATIBILITY_ONLY_NOT_PRODUCTION,234594.9955,169540.3402,9810.4062,19851,11308,-0.04181848,-0.03860046,-0.05116595,-0.04181848,-9810.4062,234594.9955,OK,0.0000,294.3122,3.0000,97.0000,AG03-UNRESOLVED,ALL5_LEVELS_bet23_to_bet27,294.3122,294.3122,294.3122,392.4162,490.5203,3.000000,3.000000,3.000000,4.000000,5.000000,97.000000,97.000000,97.000000,96.000000,95.000000,5.0,1765.8731,1644.6383,8044.5331,8165.7679,PENDING_AG03,FALSE,NOT_FOR_ENFORCEMENT,9516.0940,164454.1300,9810.4062,9516.0940,294.3122,0.04181848,0.04056393,294.3122,9516.0940,0.04056393,294.3122,294.3122,294.3122,392.4162,490.5203,9516.0940,0.04056393,1765.8731,1644.6383,8044.5331,8165.7679,0.03429115,0.03480794,0.00125455,11.8178,14.9930,0.8676,208.7320,5.3202,4991.3829,240.5957,12.7170,9.8041,2.5818,2.84,3.3563,4.9054,16.007,177.8754,0.2582,0.0,5.636364,62.633151,4.16126,29,188,6,10,0.74390005,0.04181848,0.03860046,0E-8,0.000000,0.722694,0.000000,0.01256549,2026-05-12,2026-08-02,47,1844,580,83,0.566265,1.297104,1.076088,2.479667,,,,,,,,GLOBAL_BASELINE_NO_ENTITY_RANKING,,,NOT_APPLICABLE_GLOBAL_BASELINE,HF9g-P5,,,,X 全窗基线 · 不参与实体赏罚,15058882,1506,A168_HF9F_20260827_0900,2026-08-27 09:00:00
2026-06-26,17529000,2177,0,34.4588165712,1.7100830610,1.7100830610,0.8000000,12,6,0.50032143385278085,0.499948100000,1.3402035675486463,1.3418728975849028,1.3402035675486463,0.00037333385278085,ELIGIBLE,R03b_20260811_FULL_v1,L1_ELIGIBILITY,v2026-08-11,2026-03-21..2026-08-06,baccarat_bet02_101_all_pairs_incl_sentinel,round_win = game_pnl > 0 (decisive only),COMPATIBILITY_ONLY_NOT_PRODUCTION,234594.9955,169540.3402,9810.4062,19851,11308,-0.04181848,-0.03860046,-0.05116595,-0.04181848,-9810.4062,234594.9955,OK,0.0000,294.3122,3.0000,97.0000,AG03-UNRESOLVED,ALL5_LEVELS_bet23_to_bet27,294.3122,294.3122,294.3122,392.4162,490.5203,3.000000,3.000000,3.000000,4.000000,5.000000,97.000000,97.000000,97.000000,96.000000,95.000000,5.0,1765.8731,1644.6383,8044.5331,8165.7679,PENDING_AG03,FALSE,NOT_FOR_ENFORCEMENT,9516.0940,164454.1300,9810.4062,9516.0940,294.3122,0.04181848,0.04056393,294.3122,9516.0940,0.04056393,294.3122,294.3122,294.3122,392.4162,490.5203,9516.0940,0.04056393,1765.8731,1644.6383,8044.5331,8165.7679,0.03429115,0.03480794,0.00125455,11.8178,14.9930,0.8676,208.7320,5.3202,4991.3829,240.5957,12.7170,9.8041,2.5818,2.84,3.3563,4.9054,16.007,177.8754,0.2582,0.0,5.636364,62.633151,4.16126,29,188,6,10,0.74390005,0.04181848,0.03860046,0E-8,0.000000,0.722694,0.000000,0.01256549,2026-05-12,2026-08-02,47,1844,580,83,0.566265,1.297104,1.076088,2.479667,,,,,,,,GLOBAL_BASELINE_NO_ENTITY_RANKING,,,NOT_APPLICABLE_GLOBAL_BASELINE,HF9g-P5,,,,X 全窗基线 · 不参与实体赏罚,15058883,1506,A168_HF9F_20260827_0900,2026-08-27 09:00:00
2026-06-26,17529000,2233,0,28.0299328826,5.5931288091,5.5931288091,0.7500000,9,5,0.50146485813661408,0.501288620000,0.9941448339532793,0.9948488239810122,0.9941448339532793,0.00017623813661408,ELIGIBLE,R03b_20260811_FULL_v1,L1_ELIGIBILITY,v2026-08-11,2026-03-21..2026-08-06,baccarat_bet02_101_all_pairs_incl_sentinel,round_win = game_pnl > 0 (decisive only),COMPATIBILITY_ONLY_NOT_PRODUCTION,234594.9955,169540.3402,9810.4062,19851,11308,-0.04181848,-0.03860046,-0.05116595,-0.04181848,-9810.4062,234594.9955,OK,0.0000,294.3122,3.0000,97.0000,AG03-UNRESOLVED,ALL5_LEVELS_bet23_to_bet27,294.3122,294.3122,294.3122,392.4162,490.5203,3.000000,3.000000,3.000000,4.000000,5.000000,97.000000,97.000000,97.000000,96.000000,95.000000,5.0,1765.8731,1644.6383,8044.5331,8165.7679,PENDING_AG03,FALSE,NOT_FOR_ENFORCEMENT,9516.0940,164454.1300,9810.4062,9516.0940,294.3122,0.04181848,0.04056393,294.3122,9516.0940,0.04056393,294.3122,294.3122,294.3122,392.4162,490.5203,9516.0940,0.04056393,1765.8731,1644.6383,8044.5331,8165.7679,0.03429115,0.03480794,0.00125455,11.8178,14.9930,0.8676,208.7320,5.3202,4991.3829,240.5957,12.7170,9.8041,2.5818,2.84,3.3563,4.9054,16.007,177.8754,0.2582,0.0,5.636364,62.633151,4.16126,29,188,6,10,0.74390005,0.04181848,0.03860046,0E-8,0.000000,0.722694,0.000000,0.01256549,2026-05-12,2026-08-02,47,1844,580,83,0.566265,1.297104,1.076088,2.479667,,,,,,,,GLOBAL_BASELINE_NO_ENTITY_RANKING,,,NOT_APPLICABLE_GLOBAL_BASELINE,HF9g-P5,,,,X 全窗基线 · 不参与实体赏罚,15058884,1506,A168_HF9F_20260827_0900,2026-08-27 09:00:00
2026-06-26,17529000,2281,0,28.0299328826,0.0642888369,0.0642888369,0.5000000,10,5,0.50025061900617769,0.499948100000,-0.001002476150641594,0.00020760000111838688,-0.001002476150641594,0.00030251900617769,ELIGIBLE,R03b_20260811_FULL_v1,L1_ELIGIBILITY,v2026-08-11,2026-03-21..2026-08-06,baccarat_bet02_101_all_pairs_incl_sentinel,round_win = game_pnl > 0 (decisive only),COMPATIBILITY_ONLY_NOT_PRODUCTION,234594.9955,169540.3402,9810.4062,19851,11308,-0.04181848,-0.03860046,-0.05116595,-0.04181848,-9810.4062,234594.9955,OK,0.0000,294.3122,3.0000,97.0000,AG03-UNRESOLVED,ALL5_LEVELS_bet23_to_bet27,294.3122,294.3122,294.3122,392.4162,490.5203,3.000000,3.000000,3.000000,4.000000,5.000000,97.000000,97.000000,97.000000,96.000000,95.000000,5.0,1765.8731,1644.6383,8044.5331,8165.7679,PENDING_AG03,FALSE,NOT_FOR_ENFORCEMENT,9516.0940,164454.1300,9810.4062,9516.0940,294.3122,0.04181848,0.04056393,294.3122,9516.0940,0.04056393,294.3122,294.3122,294.3122,392.4162,490.5203,9516.0940,0.04056393,1765.8731,1644.6383,8044.5331,8165.7679,0.03429115,0.03480794,0.00125455,11.8178,14.9930,0.8676,208.7320,5.3202,4991.3829,240.5957,12.7170,9.8041,2.5818,2.84,3.3563,4.9054,16.007,177.8754,0.2582,0.0,5.636364,62.633151,4.16126,29,188,6,10,0.74390005,0.04181848,0.03860046,0E-8,0.000000,0.722694,0.000000,0.01256549,2026-05-12,2026-08-02,47,1844,580,83,0.566265,1.297104,1.076088,2.479667,,,,,,,,GLOBAL_BASELINE_NO_ENTITY_RANKING,,,NOT_APPLICABLE_GLOBAL_BASELINE,HF9g-P5,,,,X 全窗基线 · 不参与实体赏罚,15058885,1506,A168_HF9F_20260827_0900,2026-08-27 09:00:00
2026-06-26,17529000,2288,0,18.0008743283,1.1957723661,1.1957723661,0.6666667,6,3,0.50021783746998115,0.499948100000,0.5765957127806102,0.5775300591747329,0.5765957127806102,0.00026973746998115,ELIGIBLE,R03b_20260811_FULL_v1,L1_ELIGIBILITY,v2026-08-11,2026-03-21..2026-08-06,baccarat_bet02_101_all_pairs_incl_sentinel,round_win = game_pnl > 0 (decisive only),COMPATIBILITY_ONLY_NOT_PRODUCTION,234594.9955,169540.3402,9810.4062,19851,11308,-0.04181848,-0.03860046,-0.05116595,-0.04181848,-9810.4062,234594.9955,OK,0.0000,294.3122,3.0000,97.0000,AG03-UNRESOLVED,ALL5_LEVELS_bet23_to_bet27,294.3122,294.3122,294.3122,392.4162,490.5203,3.000000,3.000000,3.000000,4.000000,5.000000,97.000000,97.000000,97.000000,96.000000,95.000000,5.0,1765.8731,1644.6383,8044.5331,8165.7679,PENDING_AG03,FALSE,NOT_FOR_ENFORCEMENT,9516.0940,164454.1300,9810.4062,9516.0940,294.3122,0.04181848,0.04056393,294.3122,9516.0940,0.04056393,294.3122,294.3122,294.3122,392.4162,490.5203,9516.0940,0.04056393,1765.8731,1644.6383,8044.5331,8165.7679,0.03429115,0.03480794,0.00125455,11.8178,14.9930,0.8676,208.7320,5.3202,4991.3829,240.5957,12.7170,9.8041,2.5818,2.84,3.3563,4.9054,16.007,177.8754,0.2582,0.0,5.636364,62.633151,4.16126,29,188,6,10,0.74390005,0.04181848,0.03860046,0E-8,0.000000,0.722694,0.000000,0.01256549,2026-05-12,2026-08-02,47,1844,580,83,0.566265,1.297104,1.076088,2.479667,,,,,,,,GLOBAL_BASELINE_NO_ENTITY_RANKING,,,NOT_APPLICABLE_GLOBAL_BASELINE,HF9g-P5,,,,X 全窗基线 · 不参与实体赏罚,15058886,1506,A168_HF9F_20260827_0900,2026-08-27 09:00:00
2026-06-27,17529000,1307,0,193.6379767020,-85.6070151980,-85.6070151980,0.3846154,22,15,0.49735205930894293,0.497267060000,-0.8129671229299338,-0.8123549187174299,-0.8129671229299338,0.00008499930894293,ELIGIBLE,R03b_20260811_FULL_v1,L1_ELIGIBILITY,v2026-08-11,2026-03-21..2026-08-06,baccarat_bet02_101_all_pairs_incl_sentinel,round_win = game_pnl > 0 (decisive only),COMPATIBILITY_ONLY_NOT_PRODUCTION,234594.9955,169540.3402,9810.4062,19851,11308,-0.04181848,-0.03860046,-0.05116595,-0.04181848,-9810.4062,234594.9955,OK,0.0000,294.3122,3.0000,97.0000,AG03-UNRESOLVED,ALL5_LEVELS_bet23_to_bet27,294.3122,294.3122,294.3122,392.4162,490.5203,3.000000,3.000000,3.000000,4.000000,5.000000,97.000000,97.000000,97.000000,96.000000,95.000000,5.0,1765.8731,1644.6383,8044.5331,8165.7679,PENDING_AG03,FALSE,NOT_FOR_ENFORCEMENT,9516.0940,164454.1300,9810.4062,9516.0940,294.3122,0.04181848,0.04056393,294.3122,9516.0940,0.04056393,294.3122,294.3122,294.3122,392.4162,490.5203,9516.0940,0.04056393,1765.8731,1644.6383,8044.5331,8165.7679,0.03429115,0.03480794,0.00125455,11.8178,14.9930,0.8676,208.7320,5.3202,4991.3829,240.5957,12.7170,9.8041,2.5818,2.84,3.3563,4.9054,16.007,177.8754,0.2582,0.0,5.636364,62.633151,4.16126,29,188,6,10,0.74390005,0.04181848,0.03860046,0E-8,0.000000,0.722694,0.000000,0.01256549,2026-05-12,2026-08-02,47,1844,580,83,0.566265,1.297104,1.076088,2.479667,,,,,,,,GLOBAL_BASELINE_NO_ENTITY_RANKING,,,NOT_APPLICABLE_GLOBAL_BASELINE,HF9g-P5,,,,X 全窗基线 · 不参与实体赏罚,15058887,1506,A168_HF9F_20260827_0900,2026-08-27 09:00:00
2026-06-27,17529000,1331,0,33.9445058760,0.0771466042,0.0771466042,0.6000000,12,6,0.50015120909087319,0.499948100000,0.4465373883073723,0.44744570176651083,0.4465373883073723,0.00020310909087319,ELIGIBLE,R03b_20260811_FULL_v1,L1_ELIGIBILITY,v2026-08-11,2026-03-21..2026-08-06,baccarat_bet02_101_all_pairs_incl_sentinel,round_win = game_pnl > 0 (decisive only),COMPATIBILITY_ONLY_NOT_PRODUCTION,234594.9955,169540.3402,9810.4062,19851,11308,-0.04181848,-0.03860046,-0.05116595,-0.04181848,-9810.4062,234594.9955,OK,0.0000,294.3122,3.0000,97.0000,AG03-UNRESOLVED,ALL5_LEVELS_bet23_to_bet27,294.3122,294.3122,294.3122,392.4162,490.5203,3.000000,3.000000,3.000000,4.000000,5.000000,97.000000,97.000000,97.000000,96.000000,95.000000,5.0,1765.8731,1644.6383,8044.5331,8165.7679,PENDING_AG03,FALSE,NOT_FOR_ENFORCEMENT,9516.0940,164454.1300,9810.4062,9516.0940,294.3122,0.04181848,0.04056393,294.3122,9516.0940,0.04056393,294.3122,294.3122,294.3122,392.4162,490.5203,9516.0940,0.04056393,1765.8731,1644.6383,8044.5331,8165.7679,0.03429115,0.03480794,0.00125455,11.8178,14.9930,0.8676,208.7320,5.3202,4991.3829,240.5957,12.7170,9.8041,2.5818,2.84,3.3563,4.9054,16.007,177.8754,0.2582,0.0,5.636364,62.633151,4.16126,29,188,6,10,0.74390005,0.04181848,0.03860046,0E-8,0.000000,0.722694,0.000000,0.01256549,2026-05-12,2026-08-02,47,1844,580,83,0.566265,1.297104,1.076088,2.479667,,,,,,,,GLOBAL_BASELINE_NO_ENTITY_RANKING,,,NOT_APPLICABLE_GLOBAL_BASELINE,HF9g-P5,,,,X 全窗基线 · 不参与实体赏罚,15058888,1506,A168_HF9F_20260827_0900,2026-08-27 09:00:00
2026-06-27,17529000,1384,0,103.3764497137,2.9187131943,2.9187131943,0.6250000,36,18,0.50001388533360735,0.499948100000,0.9998889177167033,1.0004152053894568,0.9998889177167033,0.00006578533360735,ELIGIBLE,R03b_20260811_FULL_v1,L1_ELIGIBILITY,v2026-08-11,2026-03-21..2026-08-06,baccarat_bet02_101_all_pairs_incl_sentinel,round_win = game_pnl > 0 (decisive only),COMPATIBILITY_ONLY_NOT_PRODUCTION,234594.9955,169540.3402,9810.4062,19851,11308,-0.04181848,-0.03860046,-0.05116595,-0.04181848,-9810.4062,234594.9955,OK,0.0000,294.3122,3.0000,97.0000,AG03-UNRESOLVED,ALL5_LEVELS_bet23_to_bet27,294.3122,294.3122,294.3122,392.4162,490.5203,3.000000,3.000000,3.000000,4.000000,5.000000,97.000000,97.000000,97.000000,96.000000,95.000000,5.0,1765.8731,1644.6383,8044.5331,8165.7679,PENDING_AG03,FALSE,NOT_FOR_ENFORCEMENT,9516.0940,164454.1300,9810.4062,9516.0940,294.3122,0.04181848,0.04056393,294.3122,9516.0940,0.04056393,294.3122,294.3122,294.3122,392.4162,490.5203,9516.0940,0.04056393,1765.8731,1644.6383,8044.5331,8165.7679,0.03429115,0.03480794,0.00125455,11.8178,14.9930,0.8676,208.7320,5.3202,4991.3829,240.5957,12.7170,9.8041,2.5818,2.84,3.3563,4.9054,16.007,177.8754,0.2582,0.0,5.636364,62.633151,4.16126,29,188,6,10,0.74390005,0.04181848,0.03860046,0E-8,0.000000,0.722694,0.000000,0.01256549,2026-05-12,2026-08-02,47,1844,580,83,0.566265,1.297104,1.076088,2.479667,,,,,,,,GLOBAL_BASELINE_NO_ENTITY_RANKING,,,NOT_APPLICABLE_GLOBAL_BASELINE,HF9g-P5,,,,X 全窗基线 · 不参与实体赏罚,15058889,1506,A168_HF9F_20260827_0900,2026-08-27 09:00:00
2026-06-27,17529000,1396,0,67.3747010573,2.5715534750,2.5715534750,0.7500000,24,12,0.50006053538958116,0.499948100000,1.7316314187784774,1.7324103906494044,1.7316314187784774,0.00011243538958116,ELIGIBLE,R03b_20260811_FULL_v1,L1_ELIGIBILITY,v2026-08-11,2026-03-21..2026-08-06,baccarat_bet02_101_all_pairs_incl_sentinel,round_win = game_pnl > 0 (decisive only),COMPATIBILITY_ONLY_NOT_PRODUCTION,234594.9955,169540.3402,9810.4062,19851,11308,-0.04181848,-0.03860046,-0.05116595,-0.04181848,-9810.4062,234594.9955,OK,0.0000,294.3122,3.0000,97.0000,AG03-UNRESOLVED,ALL5_LEVELS_bet23_to_bet27,294.3122,294.3122,294.3122,392.4162,490.5203,3.000000,3.000000,3.000000,4.000000,5.000000,97.000000,97.000000,97.000000,96.000000,95.000000,5.0,1765.8731,1644.6383,8044.5331,8165.7679,PENDING_AG03,FALSE,NOT_FOR_ENFORCEMENT,9516.0940,164454.1300,9810.4062,9516.0940,294.3122,0.04181848,0.04056393,294.3122,9516.0940,0.04056393,294.3122,294.3122,294.3122,392.4162,490.5203,9516.0940,0.04056393,1765.8731,1644.6383,8044.5331,8165.7679,0.03429115,0.03480794,0.00125455,11.8178,14.9930,0.8676,208.7320,5.3202,4991.3829,240.5957,12.7170,9.8041,2.5818,2.84,3.3563,4.9054,16.007,177.8754,0.2582,0.0,5.636364,62.633151,4.16126,29,188,6,10,0.74390005,0.04181848,0.03860046,0E-8,0.000000,0.722694,0.000000,0.01256549,2026-05-12,2026-08-02,47,1844,580,83,0.566265,1.297104,1.076088,2.479667,,,,,,,,GLOBAL_BASELINE_NO_ENTITY_RANKING,,,NOT_APPLICABLE_GLOBAL_BASELINE,HF9g-P5,,,,X 全窗基线 · 不参与实体赏罚,15058890,1506,A168_HF9F_20260827_0900,2026-08-27 09:00:00
2026-06-27,17529000,1994,0,18.2580296758,3.0858641706,3.0858641706,0.3333333,5,3,0.49693155387210169,0.497713900000,-0.5667315320671464,-0.5694369385616226,-0.5667315320671464,-0.00078234612789831,ELIGIBLE,R03b_20260811_FULL_v1,L1_ELIGIBILITY,v2026-08-11,2026-03-21..2026-08-06,baccarat_bet02_101_all_pairs_incl_sentinel,round_win = game_pnl > 0 (decisive only),COMPATIBILITY_ONLY_NOT_PRODUCTION,234594.9955,169540.3402,9810.4062,19851,11308,-0.04181848,-0.03860046,-0.05116595,-0.04181848,-9810.4062,234594.9955,OK,0.0000,294.3122,3.0000,97.0000,AG03-UNRESOLVED,ALL5_LEVELS_bet23_to_bet27,294.3122,294.3122,294.3122,392.4162,490.5203,3.000000,3.000000,3.000000,4.000000,5.000000,97.000000,97.000000,97.000000,96.000000,95.000000,5.0,1765.8731,1644.6383,8044.5331,8165.7679,PENDING_AG03,FALSE,NOT_FOR_ENFORCEMENT,9516.0940,164454.1300,9810.4062,9516.0940,294.3122,0.04181848,0.04056393,294.3122,9516.0940,0.04056393,294.3122,294.3122,294.3122,392.4162,490.5203,9516.0940,0.04056393,1765.8731,1644.6383,8044.5331,8165.7679,0.03429115,0.03480794,0.00125455,11.8178,14.9930,0.8676,208.7320,5.3202,4991.3829,240.5957,12.7170,9.8041,2.5818,2.84,3.3563,4.9054,16.007,177.8754,0.2582,0.0,5.636364,62.633151,4.16126,29,188,6,10,0.74390005,0.04181848,0.03860046,0E-8,0.000000,0.722694,0.000000,0.01256549,2026-05-12,2026-08-02,47,1844,580,83,0.566265,1.297104,1.076088,2.479667,,,,,,,,GLOBAL_BASELINE_NO_ENTITY_RANKING,,,NOT_APPLICABLE_GLOBAL_BASELINE,HF9g-P5,,,,X 全窗基线 · 不参与实体赏罚,15058891,1506,A168_HF9F_20260827_0900,2026-08-27 09:00:00
2026-06-27,17529000,2093,0,5.9145729936,-0.9000437164,-0.9000437164,0E-7,2,1,0.49907384782613623,0.499948100000,-0.9981494079947199,-0.9998962053866608,-0.9981494079947199,-0.00087425217386377,ELIGIBLE,R03b_20260811_FULL_v1,L1_ELIGIBILITY,v2026-08-11,2026-03-21..2026-08-06,baccarat_bet02_101_all_pairs_incl_sentinel,round_win = game_pnl > 0 (decisive only),COMPATIBILITY_ONLY_NOT_PRODUCTION,234594.9955,169540.3402,9810.4062,19851,11308,-0.04181848,-0.03860046,-0.05116595,-0.04181848,-9810.4062,234594.9955,OK,0.0000,294.3122,3.0000,97.0000,AG03-UNRESOLVED,ALL5_LEVELS_bet23_to_bet27,294.3122,294.3122,294.3122,392.4162,490.5203,3.000000,3.000000,3.000000,4.000000,5.000000,97.000000,97.000000,97.000000,96.000000,95.000000,5.0,1765.8731,1644.6383,8044.5331,8165.7679,PENDING_AG03,FALSE,NOT_FOR_ENFORCEMENT,9516.0940,164454.1300,9810.4062,9516.0940,294.3122,0.04181848,0.04056393,294.3122,9516.0940,0.04056393,294.3122,294.3122,294.3122,392.4162,490.5203,9516.0940,0.04056393,1765.8731,1644.6383,8044.5331,8165.7679,0.03429115,0.03480794,0.00125455,11.8178,14.9930,0.8676,208.7320,5.3202,4991.3829,240.5957,12.7170,9.8041,2.5818,2.84,3.3563,4.9054,16.007,177.8754,0.2582,0.0,5.636364,62.633151,4.16126,29,188,6,10,0.74390005,0.04181848,0.03860046,0E-8,0.000000,0.722694,0.000000,0.01256549,2026-05-12,2026-08-02,47,1844,580,83,0.566265,1.297104,1.076088,2.479667,,,,,,,,GLOBAL_BASELINE_NO_ENTITY_RANKING,,,NOT_APPLICABLE_GLOBAL_BASELINE,HF9g-P5,,,,X 全窗基线 · 不参与实体赏罚,15058892,1506,A168_HF9F_20260827_0900,2026-08-27 09:00:00
2026-06-27,17529000,2101,0,28.8013989253,0.6686039037,0.6686039037,0.4000000,10,5,0.50064058846069326,0.499948100000,-0.4500787635703939,-0.4469814940518811,-0.4500787635703939,0.00069248846069326,ELIGIBLE,R03b_20260811_FULL_v1,L1_ELIGIBILITY,v2026-08-11,2026-03-21..2026-08-06,baccarat_bet02_101_all_pairs_incl_sentinel,round_win = game_pnl > 0 (decisive only),COMPATIBILITY_ONLY_NOT_PRODUCTION,234594.9955,169540.3402,9810.4062,19851,11308,-0.04181848,-0.03860046,-0.05116595,-0.04181848,-9810.4062,234594.9955,OK,0.0000,294.3122,3.0000,97.0000,AG03-UNRESOLVED,ALL5_LEVELS_bet23_to_bet27,294.3122,294.3122,294.3122,392.4162,490.5203,3.000000,3.000000,3.000000,4.000000,5.000000,97.000000,97.000000,97.000000,96.000000,95.000000,5.0,1765.8731,1644.6383,8044.5331,8165.7679,PENDING_AG03,FALSE,NOT_FOR_ENFORCEMENT,9516.0940,164454.1300,9810.4062,9516.0940,294.3122,0.04181848,0.04056393,294.3122,9516.0940,0.04056393,294.3122,294.3122,294.3122,392.4162,490.5203,9516.0940,0.04056393,1765.8731,1644.6383,8044.5331,8165.7679,0.03429115,0.03480794,0.00125455,11.8178,14.9930,0.8676,208.7320,5.3202,4991.3829,240.5957,12.7170,9.8041,2.5818,2.84,3.3563,4.9054,16.007,177.8754,0.2582,0.0,5.636364,62.633151,4.16126,29,188,6,10,0.74390005,0.04181848,0.03860046,0E-8,0.000000,0.722694,0.000000,0.01256549,2026-05-12,2026-08-02,47,1844,580,83,0.566265,1.297104,1.076088,2.479667,,,,,,,,GLOBAL_BASELINE_NO_ENTITY_RANKING,,,NOT_APPLICABLE_GLOBAL_BASELINE,HF9g-P5,,,,X 全窗基线 · 不参与实体赏罚,15058893,1506,A168_HF9F_20260827_0900,2026-08-27 09:00:00
2026-06-27,17529000,2233,0,232.9827448763,190.3978193228,190.3978193228,0.4444444,17,10,0.49919691875900565,0.499277840000,-0.3285152696325746,-0.3290007164911728,-0.3285152696325746,-0.00008092124099435,ELIGIBLE,R03b_20260811_FULL_v1,L1_ELIGIBILITY,v2026-08-11,2026-03-21..2026-08-06,baccarat_bet02_101_all_pairs_incl_sentinel,round_win = game_pnl > 0 (decisive only),COMPATIBILITY_ONLY_NOT_PRODUCTION,234594.9955,169540.3402,9810.4062,19851,11308,-0.04181848,-0.03860046,-0.05116595,-0.04181848,-9810.4062,234594.9955,OK,0.0000,294.3122,3.0000,97.0000,AG03-UNRESOLVED,ALL5_LEVELS_bet23_to_bet27,294.3122,294.3122,294.3122,392.4162,490.5203,3.000000,3.000000,3.000000,4.000000,5.000000,97.000000,97.000000,97.000000,96.000000,95.000000,5.0,1765.8731,1644.6383,8044.5331,8165.7679,PENDING_AG03,FALSE,NOT_FOR_ENFORCEMENT,9516.0940,164454.1300,9810.4062,9516.0940,294.3122,0.04181848,0.04056393,294.3122,9516.0940,0.04056393,294.3122,294.3122,294.3122,392.4162,490.5203,9516.0940,0.04056393,1765.8731,1644.6383,8044.5331,8165.7679,0.03429115,0.03480794,0.00125455,11.8178,14.9930,0.8676,208.7320,5.3202,4991.3829,240.5957,12.7170,9.8041,2.5818,2.84,3.3563,4.9054,16.007,177.8754,0.2582,0.0,5.636364,62.633151,4.16126,29,188,6,10,0.74390005,0.04181848,0.03860046,0E-8,0.000000,0.722694,0.000000,0.01256549,2026-05-12,2026-08-02,47,1844,580,83,0.566265,1.297104,1.076088,2.479667,,,,,,,,GLOBAL_BASELINE_NO_ENTITY_RANKING,,,NOT_APPLICABLE_GLOBAL_BASELINE,HF9g-P5,,,,X 全窗基线 · 不参与实体赏罚,15058894,1506,A168_HF9F_20260827_0900,2026-08-27 09:00:00
2026-06-27,17529000,2246,0,38.8304574794,10.0290585542,10.0290585542,0.6666667,10,6,0.49755915021647802,0.497713900000,0.8284641255637825,0.8277047895645219,0.8284641255637825,-0.00015474978352198,ELIGIBLE,R03b_20260811_FULL_v1,L1_ELIGIBILITY,v2026-08-11,2026-03-21..2026-08-06,baccarat_bet02_101_all_pairs_incl_sentinel,round_win = game_pnl > 0 (decisive only),COMPATIBILITY_ONLY_NOT_PRODUCTION,234594.9955,169540.3402,9810.4062,19851,11308,-0.04181848,-0.03860046,-0.05116595,-0.04181848,-9810.4062,234594.9955,OK,0.0000,294.3122,3.0000,97.0000,AG03-UNRESOLVED,ALL5_LEVELS_bet23_to_bet27,294.3122,294.3122,294.3122,392.4162,490.5203,3.000000,3.000000,3.000000,4.000000,5.000000,97.000000,97.000000,97.000000,96.000000,95.000000,5.0,1765.8731,1644.6383,8044.5331,8165.7679,PENDING_AG03,FALSE,NOT_FOR_ENFORCEMENT,9516.0940,164454.1300,9810.4062,9516.0940,294.3122,0.04181848,0.04056393,294.3122,9516.0940,0.04056393,294.3122,294.3122,294.3122,392.4162,490.5203,9516.0940,0.04056393,1765.8731,1644.6383,8044.5331,8165.7679,0.03429115,0.03480794,0.00125455,11.8178,14.9930,0.8676,208.7320,5.3202,4991.3829,240.5957,12.7170,9.8041,2.5818,2.84,3.3563,4.9054,16.007,177.8754,0.2582,0.0,5.636364,62.633151,4.16126,29,188,6,10,0.74390005,0.04181848,0.03860046,0E-8,0.000000,0.722694,0.000000,0.01256549,2026-05-12,2026-08-02,47,1844,580,83,0.566265,1.297104,1.076088,2.479667,,,,,,,,GLOBAL_BASELINE_NO_ENTITY_RANKING,,,NOT_APPLICABLE_GLOBAL_BASELINE,HF9g-P5,,,,X 全窗基线 · 不参与实体赏罚,15058895,1506,A168_HF9F_20260827_0900,2026-08-27 09:00:00
2026-06-27,17529000,2288,0,59.6600406309,3.9216190500,3.9216190500,0.7000000,20,10,0.50071222471467947,0.499948100000,1.2604078381786537,1.2652393153045998,1.2604078381786537,0.00076412471467947,ELIGIBLE,R03b_20260811_FULL_v1,L1_ELIGIBILITY,v2026-08-11,2026-03-21..2026-08-06,baccarat_bet02_101_all_pairs_incl_sentinel,round_win = game_pnl > 0 (decisive only),COMPATIBILITY_ONLY_NOT_PRODUCTION,234594.9955,169540.3402,9810.4062,19851,11308,-0.04181848,-0.03860046,-0.05116595,-0.04181848,-9810.4062,234594.9955,OK,0.0000,294.3122,3.0000,97.0000,AG03-UNRESOLVED,ALL5_LEVELS_bet23_to_bet27,294.3122,294.3122,294.3122,392.4162,490.5203,3.000000,3.000000,3.000000,4.000000,5.000000,97.000000,97.000000,97.000000,96.000000,95.000000,5.0,1765.8731,1644.6383,8044.5331,8165.7679,PENDING_AG03,FALSE,NOT_FOR_ENFORCEMENT,9516.0940,164454.1300,9810.4062,9516.0940,294.3122,0.04181848,0.04056393,294.3122,9516.0940,0.04056393,294.3122,294.3122,294.3122,392.4162,490.5203,9516.0940,0.04056393,1765.8731,1644.6383,8044.5331,8165.7679,0.03429115,0.03480794,0.00125455,11.8178,14.9930,0.8676,208.7320,5.3202,4991.3829,240.5957,12.7170,9.8041,2.5818,2.84,3.3563,4.9054,16.007,177.8754,0.2582,0.0,5.636364,62.633151,4.16126,29,188,6,10,0.74390005,0.04181848,0.03860046,0E-8,0.000000,0.722694,0.000000,0.01256549,2026-05-12,2026-08-02,47,1844,580,83,0.566265,1.297104,1.076088,2.479667,,,,,,,,GLOBAL_BASELINE_NO_ENTITY_RANKING,,,NOT_APPLICABLE_GLOBAL_BASELINE,HF9g-P5,,,,X 全窗基线 · 不参与实体赏罚,15058896,1506,A168_HF9F_20260827_0900,2026-08-27 09:00:00
2026-06-27,17529000,970,0,82.5468665622,36.7989302338,36.7989302338,0.2000000,7,5,0.50373097527952478,0.503969660000,-1.3583640330553715,-1.3594364909357963,-1.3583640330553715,-0.00023868472047522,ELIGIBLE,R03b_20260811_FULL_v1,L1_ELIGIBILITY,v2026-08-11,2026-03-21..2026-08-06,baccarat_bet02_101_all_pairs_incl_sentinel,round_win = game_pnl > 0 (decisive only),COMPATIBILITY_ONLY_NOT_PRODUCTION,234594.9955,169540.3402,9810.4062,19851,11308,-0.04181848,-0.03860046,-0.05116595,-0.04181848,-9810.4062,234594.9955,OK,0.0000,294.3122,3.0000,97.0000,AG03-UNRESOLVED,ALL5_LEVELS_bet23_to_bet27,294.3122,294.3122,294.3122,392.4162,490.5203,3.000000,3.000000,3.000000,4.000000,5.000000,97.000000,97.000000,97.000000,96.000000,95.000000,5.0,1765.8731,1644.6383,8044.5331,8165.7679,PENDING_AG03,FALSE,NOT_FOR_ENFORCEMENT,9516.0940,164454.1300,9810.4062,9516.0940,294.3122,0.04181848,0.04056393,294.3122,9516.0940,0.04056393,294.3122,294.3122,294.3122,392.4162,490.5203,9516.0940,0.04056393,1765.8731,1644.6383,8044.5331,8165.7679,0.03429115,0.03480794,0.00125455,11.8178,14.9930,0.8676,208.7320,5.3202,4991.3829,240.5957,12.7170,9.8041,2.5818,2.84,3.3563,4.9054,16.007,177.8754,0.2582,0.0,5.636364,62.633151,4.16126,29,188,6,10,0.74390005,0.04181848,0.03860046,0E-8,0.000000,0.722694,0.000000,0.01256549,2026-05-12,2026-08-02,47,1844,580,83,0.566265,1.297104,1.076088,2.479667,,,,,,,,GLOBAL_BASELINE_NO_ENTITY_RANKING,,,NOT_APPLICABLE_GLOBAL_BASELINE,HF9g-P5,,,,X 全窗基线 · 不参与实体赏罚,15058897,1506,A168_HF9F_20260827_0900,2026-08-27 09:00:00
2026-06-28,17529000,1306,0,86.1470414283,-8.0232468434,-8.0232468434,0.4000000,27,15,0.50078188921720618,0.500394940000,-0.7806541115826543,-0.7776561039208947,-0.7806541115826543,0.00038694921720618,ELIGIBLE,R03b_20260811_FULL_v1,L1_ELIGIBILITY,v2026-08-11,2026-03-21..2026-08-06,baccarat_bet02_101_all_pairs_incl_sentinel,round_win = game_pnl > 0 (decisive only),COMPATIBILITY_ONLY_NOT_PRODUCTION,234594.9955,169540.3402,9810.4062,19851,11308,-0.04181848,-0.03860046,-0.05116595,-0.04181848,-9810.4062,234594.9955,OK,0.0000,294.3122,3.0000,97.0000,AG03-UNRESOLVED,ALL5_LEVELS_bet23_to_bet27,294.3122,294.3122,294.3122,392.4162,490.5203,3.000000,3.000000,3.000000,4.000000,5.000000,97.000000,97.000000,97.000000,96.000000,95.000000,5.0,1765.8731,1644.6383,8044.5331,8165.7679,PENDING_AG03,FALSE,NOT_FOR_ENFORCEMENT,9516.0940,164454.1300,9810.4062,9516.0940,294.3122,0.04181848,0.04056393,294.3122,9516.0940,0.04056393,294.3122,294.3122,294.3122,392.4162,490.5203,9516.0940,0.04056393,1765.8731,1644.6383,8044.5331,8165.7679,0.03429115,0.03480794,0.00125455,11.8178,14.9930,0.8676,208.7320,5.3202,4991.3829,240.5957,12.7170,9.8041,2.5818,2.84,3.3563,4.9054,16.007,177.8754,0.2582,0.0,5.636364,62.633151,4.16126,29,188,6,10,0.74390005,0.04181848,0.03860046,0E-8,0.000000,0.722694,0.000000,0.01256549,2026-05-12,2026-08-02,47,1844,580,83,0.566265,1.297104,1.076088,2.479667,,,,,,,,GLOBAL_BASELINE_NO_ENTITY_RANKING,,,NOT_APPLICABLE_GLOBAL_BASELINE,HF9g-P5,,,,X 全窗基线 · 不参与实体赏罚,15058898,1506,A168_HF9F_20260827_0900,2026-08-27 09:00:00
2026-06-28,17529000,1330,0,29.0585542728,1.8000874330,1.8000874330,0.2500000,9,5,0.49808960275805187,0.498607580000,-0.9923656545690045,-0.9944341760919779,-0.9923656545690045,-0.00051797724194813,ELIGIBLE,R03b_20260811_FULL_v1,L1_ELIGIBILITY,v2026-08-11,2026-03-21..2026-08-06,baccarat_bet02_101_all_pairs_incl_sentinel,round_win = game_pnl > 0 (decisive only),COMPATIBILITY_ONLY_NOT_PRODUCTION,234594.9955,169540.3402,9810.4062,19851,11308,-0.04181848,-0.03860046,-0.05116595,-0.04181848,-9810.4062,234594.9955,OK,0.0000,294.3122,3.0000,97.0000,AG03-UNRESOLVED,ALL5_LEVELS_bet23_to_bet27,294.3122,294.3122,294.3122,392.4162,490.5203,3.000000,3.000000,3.000000,4.000000,5.000000,97.000000,97.000000,97.000000,96.000000,95.000000,5.0,1765.8731,1644.6383,8044.5331,8165.7679,PENDING_AG03,FALSE,NOT_FOR_ENFORCEMENT,9516.0940,164454.1300,9810.4062,9516.0940,294.3122,0.04181848,0.04056393,294.3122,9516.0940,0.04056393,294.3122,294.3122,294.3122,392.4162,490.5203,9516.0940,0.04056393,1765.8731,1644.6383,8044.5331,8165.7679,0.03429115,0.03480794,0.00125455,11.8178,14.9930,0.8676,208.7320,5.3202,4991.3829,240.5957,12.7170,9.8041,2.5818,2.84,3.3563,4.9054,16.007,177.8754,0.2582,0.0,5.636364,62.633151,4.16126,29,188,6,10,0.74390005,0.04181848,0.03860046,0E-8,0.000000,0.722694,0.000000,0.01256549,2026-05-12,2026-08-02,47,1844,580,83,0.566265,1.297104,1.076088,2.479667,,,,,,,,GLOBAL_BASELINE_NO_ENTITY_RANKING,,,NOT_APPLICABLE_GLOBAL_BASELINE,HF9g-P5,,,,X 全窗基线 · 不参与实体赏罚,15058899,1506,A168_HF9F_20260827_0900,2026-08-27 09:00:00
2026-06-28,17529000,1384,0,39.0876128272,1.2086301333,1.2086301333,0.8000000,14,7,0.50008986185529155,0.499948100000,1.341238933727261,1.3418728975849028,1.341238933727261,0.00014176185529155,ELIGIBLE,R03b_20260811_FULL_v1,L1_ELIGIBILITY,v2026-08-11,2026-03-21..2026-08-06,baccarat_bet02_101_all_pairs_incl_sentinel,round_win = game_pnl > 0 (decisive only),COMPATIBILITY_ONLY_NOT_PRODUCTION,234594.9955,169540.3402,9810.4062,19851,11308,-0.04181848,-0.03860046,-0.05116595,-0.04181848,-9810.4062,234594.9955,OK,0.0000,294.3122,3.0000,97.0000,AG03-UNRESOLVED,ALL5_LEVELS_bet23_to_bet27,294.3122,294.3122,294.3122,392.4162,490.5203,3.000000,3.000000,3.000000,4.000000,5.000000,97.000000,97.000000,97.000000,96.000000,95.000000,5.0,1765.8731,1644.6383,8044.5331,8165.7679,PENDING_AG03,FALSE,NOT_FOR_ENFORCEMENT,9516.0940,164454.1300,9810.4062,9516.0940,294.3122,0.04181848,0.04056393,294.3122,9516.0940,0.04056393,294.3122,294.3122,294.3122,392.4162,490.5203,9516.0940,0.04056393,1765.8731,1644.6383,8044.5331,8165.7679,0.03429115,0.03480794,0.00125455,11.8178,14.9930,0.8676,208.7320,5.3202,4991.3829,240.5957,12.7170,9.8041,2.5818,2.84,3.3563,4.9054,16.007,177.8754,0.2582,0.0,5.636364,62.633151,4.16126,29,188,6,10,0.74390005,0.04181848,0.03860046,0E-8,0.000000,0.722694,0.000000,0.01256549,2026-05-12,2026-08-02,47,1844,580,83,0.566265,1.297104,1.076088,2.479667,,,,,,,,GLOBAL_BASELINE_NO_ENTITY_RANKING,,,NOT_APPLICABLE_GLOBAL_BASELINE,HF9g-P5,,,,X 全窗基线 · 不参与实体赏罚,15058900,1506,A168_HF9F_20260827_0900,2026-08-27 09:00:00
2026-06-28,17529000,1401,0,21.8582045414,0.2442975802,0.2442975802,0.3333333,7,5,0.50383515966555741,0.503969660000,-0.5906530274176047,-0.5911202050821988,-0.5906530274176047,-0.00013450033444259,ELIGIBLE,R03b_20260811_FULL_v1,L1_ELIGIBILITY,v2026-08-11,2026-03-21..2026-08-06,baccarat_bet02_101_all_pairs_incl_sentinel,round_win = game_pnl > 0 (decisive only),COMPATIBILITY_ONLY_NOT_PRODUCTION,234594.9955,169540.3402,9810.4062,19851,11308,-0.04181848,-0.03860046,-0.05116595,-0.04181848,-9810.4062,234594.9955,OK,0.0000,294.3122,3.0000,97.0000,AG03-UNRESOLVED,ALL5_LEVELS_bet23_to_bet27,294.3122,294.3122,294.3122,392.4162,490.5203,3.000000,3.000000,3.000000,4.000000,5.000000,97.000000,97.000000,97.000000,96.000000,95.000000,5.0,1765.8731,1644.6383,8044.5331,8165.7679,PENDING_AG03,FALSE,NOT_FOR_ENFORCEMENT,9516.0940,164454.1300,9810.4062,9516.0940,294.3122,0.04181848,0.04056393,294.3122,9516.0940,0.04056393,294.3122,294.3122,294.3122,392.4162,490.5203,9516.0940,0.04056393,1765.8731,1644.6383,8044.5331,8165.7679,0.03429115,0.03480794,0.00125455,11.8178,14.9930,0.8676,208.7320,5.3202,4991.3829,240.5957,12.7170,9.8041,2.5818,2.84,3.3563,4.9054,16.007,177.8754,0.2582,0.0,5.636364,62.633151,4.16126,29,188,6,10,0.74390005,0.04181848,0.03860046,0E-8,0.000000,0.722694,0.000000,0.01256549,2026-05-12,2026-08-02,47,1844,580,83,0.566265,1.297104,1.076088,2.479667,,,,,,,,GLOBAL_BASELINE_NO_ENTITY_RANKING,,,NOT_APPLICABLE_GLOBAL_BASELINE,HF9g-P5,,,,X 全窗基线 · 不参与实体赏罚,15058901,1506,A168_HF9F_20260827_0900,2026-08-27 09:00:00
2026-06-28,17529000,2093,0,12.3434566822,12.1505901715,12.1505901715,1.0000000,2,2,0.49994810000000000,0.499948100000,1.4143603653603398,1.4143603653603398,1.4143603653603398,0E-17,ELIGIBLE,R03b_20260811_FULL_v1,L1_ELIGIBILITY,v2026-08-11,2026-03-21..2026-08-06,baccarat_bet02_101_all_pairs_incl_sentinel,round_win = game_pnl > 0 (decisive only),COMPATIBILITY_ONLY_NOT_PRODUCTION,234594.9955,169540.3402,9810.4062,19851,11308,-0.04181848,-0.03860046,-0.05116595,-0.04181848,-9810.4062,234594.9955,OK,0.0000,294.3122,3.0000,97.0000,AG03-UNRESOLVED,ALL5_LEVELS_bet23_to_bet27,294.3122,294.3122,294.3122,392.4162,490.5203,3.000000,3.000000,3.000000,4.000000,5.000000,97.000000,97.000000,97.000000,96.000000,95.000000,5.0,1765.8731,1644.6383,8044.5331,8165.7679,PENDING_AG03,FALSE,NOT_FOR_ENFORCEMENT,9516.0940,164454.1300,9810.4062,9516.0940,294.3122,0.04181848,0.04056393,294.3122,9516.0940,0.04056393,294.3122,294.3122,294.3122,392.4162,490.5203,9516.0940,0.04056393,1765.8731,1644.6383,8044.5331,8165.7679,0.03429115,0.03480794,0.00125455,11.8178,14.9930,0.8676,208.7320,5.3202,4991.3829,240.5957,12.7170,9.8041,2.5818,2.84,3.3563,4.9054,16.007,177.8754,0.2582,0.0,5.636364,62.633151,4.16126,29,188,6,10,0.74390005,0.04181848,0.03860046,0E-8,0.000000,0.722694,0.000000,0.01256549,2026-05-12,2026-08-02,47,1844,580,83,0.566265,1.297104,1.076088,2.479667,,,,,,,,GLOBAL_BASELINE_NO_ENTITY_RANKING,,,NOT_APPLICABLE_GLOBAL_BASELINE,HF9g-P5,,,,X 全窗基线 · 不参与实体赏罚,15058902,1506,A168_HF9F_20260827_0900,2026-08-27 09:00:00
2026-06-28,17529000,2103,0,51.1739141618,1.5686476199,1.5686476199,0.5555556,18,9,0.50004523913042931,0.499948100000,0.3330618999140324,0.33364473513075094,0.3330618999140324,0.00009713913042931,ELIGIBLE,R03b_20260811_FULL_v1,L1_ELIGIBILITY,v2026-08-11,2026-03-21..2026-08-06,baccarat_bet02_101_all_pairs_incl_sentinel,round_win = game_pnl > 0 (decisive only),COMPATIBILITY_ONLY_NOT_PRODUCTION,234594.9955,169540.3402,9810.4062,19851,11308,-0.04181848,-0.03860046,-0.05116595,-0.04181848,-9810.4062,234594.9955,OK,0.0000,294.3122,3.0000,97.0000,AG03-UNRESOLVED,ALL5_LEVELS_bet23_to_bet27,294.3122,294.3122,294.3122,392.4162,490.5203,3.000000,3.000000,3.000000,4.000000,5.000000,97.000000,97.000000,97.000000,96.000000,95.000000,5.0,1765.8731,1644.6383,8044.5331,8165.7679,PENDING_AG03,FALSE,NOT_FOR_ENFORCEMENT,9516.0940,164454.1300,9810.4062,9516.0940,294.3122,0.04181848,0.04056393,294.3122,9516.0940,0.04056393,294.3122,294.3122,294.3122,392.4162,490.5203,9516.0940,0.04056393,1765.8731,1644.6383,8044.5331,8165.7679,0.03429115,0.03480794,0.00125455,11.8178,14.9930,0.8676,208.7320,5.3202,4991.3829,240.5957,12.7170,9.8041,2.5818,2.84,3.3563,4.9054,16.007,177.8754,0.2582,0.0,5.636364,62.633151,4.16126,29,188,6,10,0.74390005,0.04181848,0.03860046,0E-8,0.000000,0.722694,0.000000,0.01256549,2026-05-12,2026-08-02,47,1844,580,83,0.566265,1.297104,1.076088,2.479667,,,,,,,,GLOBAL_BASELINE_NO_ENTITY_RANKING,,,NOT_APPLICABLE_GLOBAL_BASELINE,HF9g-P5,,,,X 全窗基线 · 不参与实体赏罚,15058903,1506,A168_HF9F_20260827_0900,2026-08-27 09:00:00
2026-06-28,17529000,2123,0,211.3816956833,13.7063800241,13.7063800241,0.5428571,65,35,0.50109530251739240,0.500905614286,0.4941339442922216,0.49637799429654766,0.4941339442922216,0.00018968823139240,ELIGIBLE,R03b_20260811_FULL_v1,L1_ELIGIBILITY,v2026-08-11,2026-03-21..2026-08-06,baccarat_bet02_101_all_pairs_incl_sentinel,round_win = game_pnl > 0 (decisive only),COMPATIBILITY_ONLY_NOT_PRODUCTION,234594.9955,169540.3402,9810.4062,19851,11308,-0.04181848,-0.03860046,-0.05116595,-0.04181848,-9810.4062,234594.9955,OK,0.0000,294.3122,3.0000,97.0000,AG03-UNRESOLVED,ALL5_LEVELS_bet23_to_bet27,294.3122,294.3122,294.3122,392.4162,490.5203,3.000000,3.000000,3.000000,4.000000,5.000000,97.000000,97.000000,97.000000,96.000000,95.000000,5.0,1765.8731,1644.6383,8044.5331,8165.7679,PENDING_AG03,FALSE,NOT_FOR_ENFORCEMENT,9516.0940,164454.1300,9810.4062,9516.0940,294.3122,0.04181848,0.04056393,294.3122,9516.0940,0.04056393,294.3122,294.3122,294.3122,392.4162,490.5203,9516.0940,0.04056393,1765.8731,1644.6383,8044.5331,8165.7679,0.03429115,0.03480794,0.00125455,11.8178,14.9930,0.8676,208.7320,5.3202,4991.3829,240.5957,12.7170,9.8041,2.5818,2.84,3.3563,4.9054,16.007,177.8754,0.2582,0.0,5.636364,62.633151,4.16126,29,188,6,10,0.74390005,0.04181848,0.03860046,0E-8,0.000000,0.722694,0.000000,0.01256549,2026-05-12,2026-08-02,47,1844,580,83,0.566265,1.297104,1.076088,2.479667,,,,,,,,GLOBAL_BASELINE_NO_ENTITY_RANKING,,,NOT_APPLICABLE_GLOBAL_BASELINE,HF9g-P5,,,,X 全窗基线 · 不参与实体赏罚,15058904,1506,A168_HF9F_20260827_0900,2026-08-27 09:00:00
2026-06-28,17529000,2141,0,1754.3137809558,106.3337362102,106.3337362102,0.4117647,57,38,0.50110436941081532,0.500830021053,-1.0418731020784826,-1.0386725676752064,-1.0418731020784826,0.00027434835781532,ELIGIBLE,R03b_20260811_FULL_v1,L1_ELIGIBILITY,v2026-08-11,2026-03-21..2026-08-06,baccarat_bet02_101_all_pairs_incl_sentinel,round_win = game_pnl > 0 (decisive only),COMPATIBILITY_ONLY_NOT_PRODUCTION,234594.9955,169540.3402,9810.4062,19851,11308,-0.04181848,-0.03860046,-0.05116595,-0.04181848,-9810.4062,234594.9955,OK,0.0000,294.3122,3.0000,97.0000,AG03-UNRESOLVED,ALL5_LEVELS_bet23_to_bet27,294.3122,294.3122,294.3122,392.4162,490.5203,3.000000,3.000000,3.000000,4.000000,5.000000,97.000000,97.000000,97.000000,96.000000,95.000000,5.0,1765.8731,1644.6383,8044.5331,8165.7679,PENDING_AG03,FALSE,NOT_FOR_ENFORCEMENT,9516.0940,164454.1300,9810.4062,9516.0940,294.3122,0.04181848,0.04056393,294.3122,9516.0940,0.04056393,294.3122,294.3122,294.3122,392.4162,490.5203,9516.0940,0.04056393,1765.8731,1644.6383,8044.5331,8165.7679,0.03429115,0.03480794,0.00125455,11.8178,14.9930,0.8676,208.7320,5.3202,4991.3829,240.5957,12.7170,9.8041,2.5818,2.84,3.3563,4.9054,16.007,177.8754,0.2582,0.0,5.636364,62.633151,4.16126,29,188,6,10,0.74390005,0.04181848,0.03860046,0E-8,0.000000,0.722694,0.000000,0.01256549,2026-05-12,2026-08-02,47,1844,580,83,0.566265,1.297104,1.076088,2.479667,,,,,,,,GLOBAL_BASELINE_NO_ENTITY_RANKING,,,NOT_APPLICABLE_GLOBAL_BASELINE,HF9g-P5,,,,X 全窗基线 · 不参与实体赏罚,15058905,1506,A168_HF9F_20260827_0900,2026-08-27 09:00:00
2026-06-28,17529000,2170,0,216.2676472869,10.8133823644,10.8133823644,0.5428571,70,38,0.50057332992802185,0.500300868421,0.5003091505552324,0.5035327208327991,0.5003091505552324,0.00027246150702185,ELIGIBLE,R03b_20260811_FULL_v1,L1_ELIGIBILITY,v2026-08-11,2026-03-21..2026-08-06,baccarat_bet02_101_all_pairs_incl_sentinel,round_win = game_pnl > 0 (decisive only),COMPATIBILITY_ONLY_NOT_PRODUCTION,234594.9955,169540.3402,9810.4062,19851,11308,-0.04181848,-0.03860046,-0.05116595,-0.04181848,-9810.4062,234594.9955,OK,0.0000,294.3122,3.0000,97.0000,AG03-UNRESOLVED,ALL5_LEVELS_bet23_to_bet27,294.3122,294.3122,294.3122,392.4162,490.5203,3.000000,3.000000,3.000000,4.000000,5.000000,97.000000,97.000000,97.000000,96.000000,95.000000,5.0,1765.8731,1644.6383,8044.5331,8165.7679,PENDING_AG03,FALSE,NOT_FOR_ENFORCEMENT,9516.0940,164454.1300,9810.4062,9516.0940,294.3122,0.04181848,0.04056393,294.3122,9516.0940,0.04056393,294.3122,294.3122,294.3122,392.4162,490.5203,9516.0940,0.04056393,1765.8731,1644.6383,8044.5331,8165.7679,0.03429115,0.03480794,0.00125455,11.8178,14.9930,0.8676,208.7320,5.3202,4991.3829,240.5957,12.7170,9.8041,2.5818,2.84,3.3563,4.9054,16.007,177.8754,0.2582,0.0,5.636364,62.633151,4.16126,29,188,6,10,0.74390005,0.04181848,0.03860046,0E-8,0.000000,0.722694,0.000000,0.01256549,2026-05-12,2026-08-02,47,1844,580,83,0.566265,1.297104,1.076088,2.479667,,,,,,,,GLOBAL_BASELINE_NO_ENTITY_RANKING,,,NOT_APPLICABLE_GLOBAL_BASELINE,HF9g-P5,,,,X 全窗基线 · 不参与实体赏罚,15058906,1506,A168_HF9F_20260827_0900,2026-08-27 09:00:00
2026-06-28,17529000,2174,0,82.5468665626,3.7673258415,3.7673258415,0.5384615,27,14,0.50086551010231885,0.500426857143,0.2711092221862654,0.2742720874284634,0.2711092221862654,0.00043865295931885,ELIGIBLE,R03b_20260811_FULL_v1,L1_ELIGIBILITY,v2026-08-11,2026-03-21..2026-08-06,baccarat_bet02_101_all_pairs_incl_sentinel,round_win = game_pnl > 0 (decisive only),COMPATIBILITY_ONLY_NOT_PRODUCTION,234594.9955,169540.3402,9810.4062,19851,11308,-0.04181848,-0.03860046,-0.05116595,-0.04181848,-9810.4062,234594.9955,OK,0.0000,294.3122,3.0000,97.0000,AG03-UNRESOLVED,ALL5_LEVELS_bet23_to_bet27,294.3122,294.3122,294.3122,392.4162,490.5203,3.000000,3.000000,3.000000,4.000000,5.000000,97.000000,97.000000,97.000000,96.000000,95.000000,5.0,1765.8731,1644.6383,8044.5331,8165.7679,PENDING_AG03,FALSE,NOT_FOR_ENFORCEMENT,9516.0940,164454.1300,9810.4062,9516.0940,294.3122,0.04181848,0.04056393,294.3122,9516.0940,0.04056393,294.3122,294.3122,294.3122,392.4162,490.5203,9516.0940,0.04056393,1765.8731,1644.6383,8044.5331,8165.7679,0.03429115,0.03480794,0.00125455,11.8178,14.9930,0.8676,208.7320,5.3202,4991.3829,240.5957,12.7170,9.8041,2.5818,2.84,3.3563,4.9054,16.007,177.8754,0.2582,0.0,5.636364,62.633151,4.16126,29,188,6,10,0.74390005,0.04181848,0.03860046,0E-8,0.000000,0.722694,0.000000,0.01256549,2026-05-12,2026-08-02,47,1844,580,83,0.566265,1.297104,1.076088,2.479667,,,,,,,,GLOBAL_BASELINE_NO_ENTITY_RANKING,,,NOT_APPLICABLE_GLOBAL_BASELINE,HF9g-P5,,,,X 全窗基线 · 不参与实体赏罚,15058907,1506,A168_HF9F_20260827_0900,2026-08-27 09:00:00
2026-06-28,17529000,2196,0,24.6869133644,8.2289711214,8.2289711214,0.6666667,4,3,0.49527659090912681,0.495479700000,0.5937391321861596,0.5930332832468497,0.5937391321861596,-0.00020310909087319,ELIGIBLE,R03b_20260811_FULL_v1,L1_ELIGIBILITY,v2026-08-11,2026-03-21..2026-08-06,baccarat_bet02_101_all_pairs_incl_sentinel,round_win = game_pnl > 0 (decisive only),COMPATIBILITY_ONLY_NOT_PRODUCTION,234594.9955,169540.3402,9810.4062,19851,11308,-0.04181848,-0.03860046,-0.05116595,-0.04181848,-9810.4062,234594.9955,OK,0.0000,294.3122,3.0000,97.0000,AG03-UNRESOLVED,ALL5_LEVELS_bet23_to_bet27,294.3122,294.3122,294.3122,392.4162,490.5203,3.000000,3.000000,3.000000,4.000000,5.000000,97.000000,97.000000,97.000000,96.000000,95.000000,5.0,1765.8731,1644.6383,8044.5331,8165.7679,PENDING_AG03,FALSE,NOT_FOR_ENFORCEMENT,9516.0940,164454.1300,9810.4062,9516.0940,294.3122,0.04181848,0.04056393,294.3122,9516.0940,0.04056393,294.3122,294.3122,294.3122,392.4162,490.5203,9516.0940,0.04056393,1765.8731,1644.6383,8044.5331,8165.7679,0.03429115,0.03480794,0.00125455,11.8178,14.9930,0.8676,208.7320,5.3202,4991.3829,240.5957,12.7170,9.8041,2.5818,2.84,3.3563,4.9054,16.007,177.8754,0.2582,0.0,5.636364,62.633151,4.16126,29,188,6,10,0.74390005,0.04181848,0.03860046,0E-8,0.000000,0.722694,0.000000,0.01256549,2026-05-12,2026-08-02,47,1844,580,83,0.566265,1.297104,1.076088,2.479667,,,,,,,,GLOBAL_BASELINE_NO_ENTITY_RANKING,,,NOT_APPLICABLE_GLOBAL_BASELINE,HF9g-P5,,,,X 全窗基线 · 不参与实体赏罚,15058908,1506,A168_HF9F_20260827_0900,2026-08-27 09:00:00
2026-06-28,17529000,2205,0,58.6314192405,3.5101704939,3.5101704939,0.5000000,10,7,0.50389989644266647,0.503778157143,-0.019106093853805392,-0.018509642775079008,-0.019106093853805392,0.00012173929966647,ELIGIBLE,R03b_20260811_FULL_v1,L1_ELIGIBILITY,v2026-08-11,2026-03-21..2026-08-06,baccarat_bet02_101_all_pairs_incl_sentinel,round_win = game_pnl > 0 (decisive only),COMPATIBILITY_ONLY_NOT_PRODUCTION,234594.9955,169540.3402,9810.4062,19851,11308,-0.04181848,-0.03860046,-0.05116595,-0.04181848,-9810.4062,234594.9955,OK,0.0000,294.3122,3.0000,97.0000,AG03-UNRESOLVED,ALL5_LEVELS_bet23_to_bet27,294.3122,294.3122,294.3122,392.4162,490.5203,3.000000,3.000000,3.000000,4.000000,5.000000,97.000000,97.000000,97.000000,96.000000,95.000000,5.0,1765.8731,1644.6383,8044.5331,8165.7679,PENDING_AG03,FALSE,NOT_FOR_ENFORCEMENT,9516.0940,164454.1300,9810.4062,9516.0940,294.3122,0.04181848,0.04056393,294.3122,9516.0940,0.04056393,294.3122,294.3122,294.3122,392.4162,490.5203,9516.0940,0.04056393,1765.8731,1644.6383,8044.5331,8165.7679,0.03429115,0.03480794,0.00125455,11.8178,14.9930,0.8676,208.7320,5.3202,4991.3829,240.5957,12.7170,9.8041,2.5818,2.84,3.3563,4.9054,16.007,177.8754,0.2582,0.0,5.636364,62.633151,4.16126,29,188,6,10,0.74390005,0.04181848,0.03860046,0E-8,0.000000,0.722694,0.000000,0.01256549,2026-05-12,2026-08-02,47,1844,580,83,0.566265,1.297104,1.076088,2.479667,,,,,,,,GLOBAL_BASELINE_NO_ENTITY_RANKING,,,NOT_APPLICABLE_GLOBAL_BASELINE,HF9g-P5,,,,X 全窗基线 · 不参与实体赏罚,15058909,1506,A168_HF9F_20260827_0900,2026-08-27 09:00:00
2026-06-28,17529000,2223,0,61.9744387588,3.1630107750,3.1630107750,0.5000000,20,11,0.49922539914157979,0.498729445455,0.004899011859140305,0.008035718451662536,0.004899011859140305,0.00049595368657979,ELIGIBLE,R03b_20260811_FULL_v1,L1_ELIGIBILITY,v2026-08-11,2026-03-21..2026-08-06,baccarat_bet02_101_all_pairs_incl_sentinel,round_win = game_pnl > 0 (decisive only),COMPATIBILITY_ONLY_NOT_PRODUCTION,234594.9955,169540.3402,9810.4062,19851,11308,-0.04181848,-0.03860046,-0.05116595,-0.04181848,-9810.4062,234594.9955,OK,0.0000,294.3122,3.0000,97.0000,AG03-UNRESOLVED,ALL5_LEVELS_bet23_to_bet27,294.3122,294.3122,294.3122,392.4162,490.5203,3.000000,3.000000,3.000000,4.000000,5.000000,97.000000,97.000000,97.000000,96.000000,95.000000,5.0,1765.8731,1644.6383,8044.5331,8165.7679,PENDING_AG03,FALSE,NOT_FOR_ENFORCEMENT,9516.0940,164454.1300,9810.4062,9516.0940,294.3122,0.04181848,0.04056393,294.3122,9516.0940,0.04056393,294.3122,294.3122,294.3122,392.4162,490.5203,9516.0940,0.04056393,1765.8731,1644.6383,8044.5331,8165.7679,0.03429115,0.03480794,0.00125455,11.8178,14.9930,0.8676,208.7320,5.3202,4991.3829,240.5957,12.7170,9.8041,2.5818,2.84,3.3563,4.9054,16.007,177.8754,0.2582,0.0,5.636364,62.633151,4.16126,29,188,6,10,0.74390005,0.04181848,0.03860046,0E-8,0.000000,0.722694,0.000000,0.01256549,2026-05-12,2026-08-02,47,1844,580,83,0.566265,1.297104,1.076088,2.479667,,,,,,,,GLOBAL_BASELINE_NO_ENTITY_RANKING,,,NOT_APPLICABLE_GLOBAL_BASELINE,HF9g-P5,,,,X 全窗基线 · 不参与实体赏罚,15058910,1506,A168_HF9F_20260827_0900,2026-08-27 09:00:00
2026-06-28,17529000,2233,0,17.2294082856,1.1057679944,1.1057679944,0.6666667,6,3,0.50022374805193409,0.499948100000,0.5765752409319324,0.5775300591747329,0.5765752409319324,0.00027564805193409,ELIGIBLE,R03b_20260811_FULL_v1,L1_ELIGIBILITY,v2026-08-11,2026-03-21..2026-08-06,baccarat_bet02_101_all_pairs_incl_sentinel,round_win = game_pnl > 0 (decisive only),COMPATIBILITY_ONLY_NOT_PRODUCTION,234594.9955,169540.3402,9810.4062,19851,11308,-0.04181848,-0.03860046,-0.05116595,-0.04181848,-9810.4062,234594.9955,OK,0.0000,294.3122,3.0000,97.0000,AG03-UNRESOLVED,ALL5_LEVELS_bet23_to_bet27,294.3122,294.3122,294.3122,392.4162,490.5203,3.000000,3.000000,3.000000,4.000000,5.000000,97.000000,97.000000,97.000000,96.000000,95.000000,5.0,1765.8731,1644.6383,8044.5331,8165.7679,PENDING_AG03,FALSE,NOT_FOR_ENFORCEMENT,9516.0940,164454.1300,9810.4062,9516.0940,294.3122,0.04181848,0.04056393,294.3122,9516.0940,0.04056393,294.3122,294.3122,294.3122,392.4162,490.5203,9516.0940,0.04056393,1765.8731,1644.6383,8044.5331,8165.7679,0.03429115,0.03480794,0.00125455,11.8178,14.9930,0.8676,208.7320,5.3202,4991.3829,240.5957,12.7170,9.8041,2.5818,2.84,3.3563,4.9054,16.007,177.8754,0.2582,0.0,5.636364,62.633151,4.16126,29,188,6,10,0.74390005,0.04181848,0.03860046,0E-8,0.000000,0.722694,0.000000,0.01256549,2026-05-12,2026-08-02,47,1844,580,83,0.566265,1.297104,1.076088,2.479667,,,,,,,,GLOBAL_BASELINE_NO_ENTITY_RANKING,,,NOT_APPLICABLE_GLOBAL_BASELINE,HF9g-P5,,,,X 全窗基线 · 不参与实体赏罚,15058911,1506,A168_HF9F_20260827_0900,2026-08-27 09:00:00
2026-06-28,17529000,2252,0,91.0329930311,23.4911409984,23.4911409984,0.3333333,8,6,0.50042390185183081,0.499948100000,-0.8185735615873093,-0.8162423282897021,-0.8185735615873093,0.00047580185183081,ELIGIBLE,R03b_20260811_FULL_v1,L1_ELIGIBILITY,v2026-08-11,2026-03-21..2026-08-06,baccarat_bet02_101_all_pairs_incl_sentinel,round_win = game_pnl > 0 (decisive only),COMPATIBILITY_ONLY_NOT_PRODUCTION,234594.9955,169540.3402,9810.4062,19851,11308,-0.04181848,-0.03860046,-0.05116595,-0.04181848,-9810.4062,234594.9955,OK,0.0000,294.3122,3.0000,97.0000,AG03-UNRESOLVED,ALL5_LEVELS_bet23_to_bet27,294.3122,294.3122,294.3122,392.4162,490.5203,3.000000,3.000000,3.000000,4.000000,5.000000,97.000000,97.000000,97.000000,96.000000,95.000000,5.0,1765.8731,1644.6383,8044.5331,8165.7679,PENDING_AG03,FALSE,NOT_FOR_ENFORCEMENT,9516.0940,164454.1300,9810.4062,9516.0940,294.3122,0.04181848,0.04056393,294.3122,9516.0940,0.04056393,294.3122,294.3122,294.3122,392.4162,490.5203,9516.0940,0.04056393,1765.8731,1644.6383,8044.5331,8165.7679,0.03429115,0.03480794,0.00125455,11.8178,14.9930,0.8676,208.7320,5.3202,4991.3829,240.5957,12.7170,9.8041,2.5818,2.84,3.3563,4.9054,16.007,177.8754,0.2582,0.0,5.636364,62.633151,4.16126,29,188,6,10,0.74390005,0.04181848,0.03860046,0E-8,0.000000,0.722694,0.000000,0.01256549,2026-05-12,2026-08-02,47,1844,580,83,0.566265,1.297104,1.076088,2.479667,,,,,,,,GLOBAL_BASELINE_NO_ENTITY_RANKING,,,NOT_APPLICABLE_GLOBAL_BASELINE,HF9g-P5,,,,X 全窗基线 · 不参与实体赏罚,15058912,1506,A168_HF9F_20260827_0900,2026-08-27 09:00:00
2026-06-28,17529000,2281,0,107.2337799270,9.6561833003,9.6561833003,0.5789474,35,19,0.50148168319172767,0.501006405263,0.6753331522526816,0.6794749403522482,0.6753331522526816,0.00047527792872767,ELIGIBLE,R03b_20260811_FULL_v1,L1_ELIGIBILITY,v2026-08-11,2026-03-21..2026-08-06,baccarat_bet02_101_all_pairs_incl_sentinel,round_win = game_pnl > 0 (decisive only),COMPATIBILITY_ONLY_NOT_PRODUCTION,234594.9955,169540.3402,9810.4062,19851,11308,-0.04181848,-0.03860046,-0.05116595,-0.04181848,-9810.4062,234594.9955,OK,0.0000,294.3122,3.0000,97.0000,AG03-UNRESOLVED,ALL5_LEVELS_bet23_to_bet27,294.3122,294.3122,294.3122,392.4162,490.5203,3.000000,3.000000,3.000000,4.000000,5.000000,97.000000,97.000000,97.000000,96.000000,95.000000,5.0,1765.8731,1644.6383,8044.5331,8165.7679,PENDING_AG03,FALSE,NOT_FOR_ENFORCEMENT,9516.0940,164454.1300,9810.4062,9516.0940,294.3122,0.04181848,0.04056393,294.3122,9516.0940,0.04056393,294.3122,294.3122,294.3122,392.4162,490.5203,9516.0940,0.04056393,1765.8731,1644.6383,8044.5331,8165.7679,0.03429115,0.03480794,0.00125455,11.8178,14.9930,0.8676,208.7320,5.3202,4991.3829,240.5957,12.7170,9.8041,2.5818,2.84,3.3563,4.9054,16.007,177.8754,0.2582,0.0,5.636364,62.633151,4.16126,29,188,6,10,0.74390005,0.04181848,0.03860046,0E-8,0.000000,0.722694,0.000000,0.01256549,2026-05-12,2026-08-02,47,1844,580,83,0.566265,1.297104,1.076088,2.479667,,,,,,,,GLOBAL_BASELINE_NO_ENTITY_RANKING,,,NOT_APPLICABLE_GLOBAL_BASELINE,HF9g-P5,,,,X 全窗基线 · 不参与实体赏罚,15058913,1506,A168_HF9F_20260827_0900,2026-08-27 09:00:00
2026-06-28,17529000,2288,0,95.1474785923,0.8357548796,0.8357548796,0.3076923,27,15,0.49839938734133673,0.498607580000,-1.3752153550510824,-1.376714945601453,-1.3752153550510824,-0.00020819265866327,ELIGIBLE,R03b_20260811_FULL_v1,L1_ELIGIBILITY,v2026-08-11,2026-03-21..2026-08-06,baccarat_bet02_101_all_pairs_incl_sentinel,round_win = game_pnl > 0 (decisive only),COMPATIBILITY_ONLY_NOT_PRODUCTION,234594.9955,169540.3402,9810.4062,19851,11308,-0.04181848,-0.03860046,-0.05116595,-0.04181848,-9810.4062,234594.9955,OK,0.0000,294.3122,3.0000,97.0000,AG03-UNRESOLVED,ALL5_LEVELS_bet23_to_bet27,294.3122,294.3122,294.3122,392.4162,490.5203,3.000000,3.000000,3.000000,4.000000,5.000000,97.000000,97.000000,97.000000,96.000000,95.000000,5.0,1765.8731,1644.6383,8044.5331,8165.7679,PENDING_AG03,FALSE,NOT_FOR_ENFORCEMENT,9516.0940,164454.1300,9810.4062,9516.0940,294.3122,0.04181848,0.04056393,294.3122,9516.0940,0.04056393,294.3122,294.3122,294.3122,392.4162,490.5203,9516.0940,0.04056393,1765.8731,1644.6383,8044.5331,8165.7679,0.03429115,0.03480794,0.00125455,11.8178,14.9930,0.8676,208.7320,5.3202,4991.3829,240.5957,12.7170,9.8041,2.5818,2.84,3.3563,4.9054,16.007,177.8754,0.2582,0.0,5.636364,62.633151,4.16126,29,188,6,10,0.74390005,0.04181848,0.03860046,0E-8,0.000000,0.722694,0.000000,0.01256549,2026-05-12,2026-08-02,47,1844,580,83,0.566265,1.297104,1.076088,2.479667,,,,,,,,GLOBAL_BASELINE_NO_ENTITY_RANKING,,,NOT_APPLICABLE_GLOBAL_BASELINE,HF9g-P5,,,,X 全窗基线 · 不参与实体赏罚,15058914,1506,A168_HF9F_20260827_0900,2026-08-27 09:00:00
2026-06-28,17529000,970,0,421.2204592805,64.6745699077,64.6745699077,0.5000000,63,35,0.49867786019091143,0.498607580000,0.014483366587760558,0.015253256017587716,0.014483366587760558,0.00007028019091143,ELIGIBLE,R03b_20260811_FULL_v1,L1_ELIGIBILITY,v2026-08-11,2026-03-21..2026-08-06,baccarat_bet02_101_all_pairs_incl_sentinel,round_win = game_pnl > 0 (decisive only),COMPATIBILITY_ONLY_NOT_PRODUCTION,234594.9955,169540.3402,9810.4062,19851,11308,-0.04181848,-0.03860046,-0.05116595,-0.04181848,-9810.4062,234594.9955,OK,0.0000,294.3122,3.0000,97.0000,AG03-UNRESOLVED,ALL5_LEVELS_bet23_to_bet27,294.3122,294.3122,294.3122,392.4162,490.5203,3.000000,3.000000,3.000000,4.000000,5.000000,97.000000,97.000000,97.000000,96.000000,95.000000,5.0,1765.8731,1644.6383,8044.5331,8165.7679,PENDING_AG03,FALSE,NOT_FOR_ENFORCEMENT,9516.0940,164454.1300,9810.4062,9516.0940,294.3122,0.04181848,0.04056393,294.3122,9516.0940,0.04056393,294.3122,294.3122,294.3122,392.4162,490.5203,9516.0940,0.04056393,1765.8731,1644.6383,8044.5331,8165.7679,0.03429115,0.03480794,0.00125455,11.8178,14.9930,0.8676,208.7320,5.3202,4991.3829,240.5957,12.7170,9.8041,2.5818,2.84,3.3563,4.9054,16.007,177.8754,0.2582,0.0,5.636364,62.633151,4.16126,29,188,6,10,0.74390005,0.04181848,0.03860046,0E-8,0.000000,0.722694,0.000000,0.01256549,2026-05-12,2026-08-02,47,1844,580,83,0.566265,1.297104,1.076088,2.479667,,,,,,,,GLOBAL_BASELINE_NO_ENTITY_RANKING,,,NOT_APPLICABLE_GLOBAL_BASELINE,HF9g-P5,,,,X 全窗基线 · 不参与实体赏罚,15058915,1506,A168_HF9F_20260827_0900,2026-08-27 09:00:00
2026-06-28,17529000,986,0,77.1466042641,5.1302491836,5.1302491836,0.5833333,25,13,0.50061101759479007,0.500463684615,0.573117443054005,0.5741380148254828,0.573117443054005,0.00014733297979007,ELIGIBLE,R03b_20260811_FULL_v1,L1_ELIGIBILITY,v2026-08-11,2026-03-21..2026-08-06,baccarat_bet02_101_all_pairs_incl_sentinel,round_win = game_pnl > 0 (decisive only),COMPATIBILITY_ONLY_NOT_PRODUCTION,234594.9955,169540.3402,9810.4062,19851,11308,-0.04181848,-0.03860046,-0.05116595,-0.04181848,-9810.4062,234594.9955,OK,0.0000,294.3122,3.0000,97.0000,AG03-UNRESOLVED,ALL5_LEVELS_bet23_to_bet27,294.3122,294.3122,294.3122,392.4162,490.5203,3.000000,3.000000,3.000000,4.000000,5.000000,97.000000,97.000000,97.000000,96.000000,95.000000,5.0,1765.8731,1644.6383,8044.5331,8165.7679,PENDING_AG03,FALSE,NOT_FOR_ENFORCEMENT,9516.0940,164454.1300,9810.4062,9516.0940,294.3122,0.04181848,0.04056393,294.3122,9516.0940,0.04056393,294.3122,294.3122,294.3122,392.4162,490.5203,9516.0940,0.04056393,1765.8731,1644.6383,8044.5331,8165.7679,0.03429115,0.03480794,0.00125455,11.8178,14.9930,0.8676,208.7320,5.3202,4991.3829,240.5957,12.7170,9.8041,2.5818,2.84,3.3563,4.9054,16.007,177.8754,0.2582,0.0,5.636364,62.633151,4.16126,29,188,6,10,0.74390005,0.04181848,0.03860046,0E-8,0.000000,0.722694,0.000000,0.01256549,2026-05-12,2026-08-02,47,1844,580,83,0.566265,1.297104,1.076088,2.479667,,,,,,,,GLOBAL_BASELINE_NO_ENTITY_RANKING,,,NOT_APPLICABLE_GLOBAL_BASELINE,HF9g-P5,,,,X 全窗基线 · 不参与实体赏罚,15058916,1506,A168_HF9F_20260827_0900,2026-08-27 09:00:00
2026-06-29,17529000,1306,0,18.0008743283,0.8357548794,0.8357548794,0.6666667,6,3,0.50048324830040083,0.499948100000,0.5756765168459878,0.5775300591747329,0.5756765168459878,0.00053514830040083,ELIGIBLE,R03b_20260811_FULL_v1,L1_ELIGIBILITY,v2026-08-11,2026-03-21..2026-08-06,baccarat_bet02_101_all_pairs_incl_sentinel,round_win = game_pnl > 0 (decisive only),COMPATIBILITY_ONLY_NOT_PRODUCTION,234594.9955,169540.3402,9810.4062,19851,11308,-0.04181848,-0.03860046,-0.05116595,-0.04181848,-9810.4062,234594.9955,OK,0.0000,294.3122,3.0000,97.0000,AG03-UNRESOLVED,ALL5_LEVELS_bet23_to_bet27,294.3122,294.3122,294.3122,392.4162,490.5203,3.000000,3.000000,3.000000,4.000000,5.000000,97.000000,97.000000,97.000000,96.000000,95.000000,5.0,1765.8731,1644.6383,8044.5331,8165.7679,PENDING_AG03,FALSE,NOT_FOR_ENFORCEMENT,9516.0940,164454.1300,9810.4062,9516.0940,294.3122,0.04181848,0.04056393,294.3122,9516.0940,0.04056393,294.3122,294.3122,294.3122,392.4162,490.5203,9516.0940,0.04056393,1765.8731,1644.6383,8044.5331,8165.7679,0.03429115,0.03480794,0.00125455,11.8178,14.9930,0.8676,208.7320,5.3202,4991.3829,240.5957,12.7170,9.8041,2.5818,2.84,3.3563,4.9054,16.007,177.8754,0.2582,0.0,5.636364,62.633151,4.16126,29,188,6,10,0.74390005,0.04181848,0.03860046,0E-8,0.000000,0.722694,0.000000,0.01256549,2026-05-12,2026-08-02,47,1844,580,83,0.566265,1.297104,1.076088,2.479667,,,,,,,,GLOBAL_BASELINE_NO_ENTITY_RANKING,,,NOT_APPLICABLE_GLOBAL_BASELINE,HF9g-P5,,,,X 全窗基线 · 不参与实体赏罚,15058917,1506,A168_HF9F_20260827_0900,2026-08-27 09:00:00
2026-06-29,17529000,1318,0,33.9445058762,0.3085864169,0.3085864169,0.8000000,12,6,0.50043474181248420,0.499948100000,1.339697068415897,1.3418728975849028,1.339697068415897,0.00048664181248420,ELIGIBLE,R03b_20260811_FULL_v1,L1_ELIGIBILITY,v2026-08-11,2026-03-21..2026-08-06,baccarat_bet02_101_all_pairs_incl_sentinel,round_win = game_pnl > 0 (decisive only),COMPATIBILITY_ONLY_NOT_PRODUCTION,234594.9955,169540.3402,9810.4062,19851,11308,-0.04181848,-0.03860046,-0.05116595,-0.04181848,-9810.4062,234594.9955,OK,0.0000,294.3122,3.0000,97.0000,AG03-UNRESOLVED,ALL5_LEVELS_bet23_to_bet27,294.3122,294.3122,294.3122,392.4162,490.5203,3.000000,3.000000,3.000000,4.000000,5.000000,97.000000,97.000000,97.000000,96.000000,95.000000,5.0,1765.8731,1644.6383,8044.5331,8165.7679,PENDING_AG03,FALSE,NOT_FOR_ENFORCEMENT,9516.0940,164454.1300,9810.4062,9516.0940,294.3122,0.04181848,0.04056393,294.3122,9516.0940,0.04056393,294.3122,294.3122,294.3122,392.4162,490.5203,9516.0940,0.04056393,1765.8731,1644.6383,8044.5331,8165.7679,0.03429115,0.03480794,0.00125455,11.8178,14.9930,0.8676,208.7320,5.3202,4991.3829,240.5957,12.7170,9.8041,2.5818,2.84,3.3563,4.9054,16.007,177.8754,0.2582,0.0,5.636364,62.633151,4.16126,29,188,6,10,0.74390005,0.04181848,0.03860046,0E-8,0.000000,0.722694,0.000000,0.01256549,2026-05-12,2026-08-02,47,1844,580,83,0.566265,1.297104,1.076088,2.479667,,,,,,,,GLOBAL_BASELINE_NO_ENTITY_RANKING,,,NOT_APPLICABLE_GLOBAL_BASELINE,HF9g-P5,,,,X 全窗基线 · 不参与实体赏罚,15058918,1506,A168_HF9F_20260827_0900,2026-08-27 09:00:00
2026-06-29,17529000,1330,0,130.6349165538,4.8730938361,4.8730938361,0.4736842,44,23,0.50078551438772593,0.500530934783,-0.23626398110560756,-0.2340444479504095,-0.23626398110560756,0.00025457960472593,ELIGIBLE,R03b_20260811_FULL_v1,L1_ELIGIBILITY,v2026-08-11,2026-03-21..2026-08-06,baccarat_bet02_101_all_pairs_incl_sentinel,round_win = game_pnl > 0 (decisive only),COMPATIBILITY_ONLY_NOT_PRODUCTION,234594.9955,169540.3402,9810.4062,19851,11308,-0.04181848,-0.03860046,-0.05116595,-0.04181848,-9810.4062,234594.9955,OK,0.0000,294.3122,3.0000,97.0000,AG03-UNRESOLVED,ALL5_LEVELS_bet23_to_bet27,294.3122,294.3122,294.3122,392.4162,490.5203,3.000000,3.000000,3.000000,4.000000,5.000000,97.000000,97.000000,97.000000,96.000000,95.000000,5.0,1765.8731,1644.6383,8044.5331,8165.7679,PENDING_AG03,FALSE,NOT_FOR_ENFORCEMENT,9516.0940,164454.1300,9810.4062,9516.0940,294.3122,0.04181848,0.04056393,294.3122,9516.0940,0.04056393,294.3122,294.3122,294.3122,392.4162,490.5203,9516.0940,0.04056393,1765.8731,1644.6383,8044.5331,8165.7679,0.03429115,0.03480794,0.00125455,11.8178,14.9930,0.8676,208.7320,5.3202,4991.3829,240.5957,12.7170,9.8041,2.5818,2.84,3.3563,4.9054,16.007,177.8754,0.2582,0.0,5.636364,62.633151,4.16126,29,188,6,10,0.74390005,0.04181848,0.03860046,0E-8,0.000000,0.722694,0.000000,0.01256549,2026-05-12,2026-08-02,47,1844,580,83,0.566265,1.297104,1.076088,2.479667,,,,,,,,GLOBAL_BASELINE_NO_ENTITY_RANKING,,,NOT_APPLICABLE_GLOBAL_BASELINE,HF9g-P5,,,,X 全窗基线 · 不参与实体赏罚,15058919,1506,A168_HF9F_20260827_0900,2026-08-27 09:00:00
2026-06-29,17529000,1396,0,362.0747293450,94.8517499424,94.8517499424,0.4400000,56,31,0.49970502654233740,0.499515674194,-0.597050369321301,-0.5951570211537996,-0.597050369321301,0.00018935234833740,ELIGIBLE,R03b_20260811_FULL_v1,L1_ELIGIBILITY,v2026-08-11,2026-03-21..2026-08-06,baccarat_bet02_101_all_pairs_incl_sentinel,round_win = game_pnl > 0 (decisive only),COMPATIBILITY_ONLY_NOT_PRODUCTION,234594.9955,169540.3402,9810.4062,19851,11308,-0.04181848,-0.03860046,-0.05116595,-0.04181848,-9810.4062,234594.9955,OK,0.0000,294.3122,3.0000,97.0000,AG03-UNRESOLVED,ALL5_LEVELS_bet23_to_bet27,294.3122,294.3122,294.3122,392.4162,490.5203,3.000000,3.000000,3.000000,4.000000,5.000000,97.000000,97.000000,97.000000,96.000000,95.000000,5.0,1765.8731,1644.6383,8044.5331,8165.7679,PENDING_AG03,FALSE,NOT_FOR_ENFORCEMENT,9516.0940,164454.1300,9810.4062,9516.0940,294.3122,0.04181848,0.04056393,294.3122,9516.0940,0.04056393,294.3122,294.3122,294.3122,392.4162,490.5203,9516.0940,0.04056393,1765.8731,1644.6383,8044.5331,8165.7679,0.03429115,0.03480794,0.00125455,11.8178,14.9930,0.8676,208.7320,5.3202,4991.3829,240.5957,12.7170,9.8041,2.5818,2.84,3.3563,4.9054,16.007,177.8754,0.2582,0.0,5.636364,62.633151,4.16126,29,188,6,10,0.74390005,0.04181848,0.03860046,0E-8,0.000000,0.722694,0.000000,0.01256549,2026-05-12,2026-08-02,47,1844,580,83,0.566265,1.297104,1.076088,2.479667,,,,,,,,GLOBAL_BASELINE_NO_ENTITY_RANKING,,,NOT_APPLICABLE_GLOBAL_BASELINE,HF9g-P5,,,,X 全窗基线 · 不参与实体赏罚,15058920,1506,A168_HF9F_20260827_0900,2026-08-27 09:00:00
2026-06-29,17529000,1400,0,290.3283873801,39.1261861288,39.1261861288,0.5263158,76,41,0.50033869927080760,0.499948100000,0.32026715068630907,0.32508271018632534,0.32026715068630907,0.00039059927080760,ELIGIBLE,R03b_20260811_FULL_v1,L1_ELIGIBILITY,v2026-08-11,2026-03-21..2026-08-06,baccarat_bet02_101_all_pairs_incl_sentinel,round_win = game_pnl > 0 (decisive only),COMPATIBILITY_ONLY_NOT_PRODUCTION,234594.9955,169540.3402,9810.4062,19851,11308,-0.04181848,-0.03860046,-0.05116595,-0.04181848,-9810.4062,234594.9955,OK,0.0000,294.3122,3.0000,97.0000,AG03-UNRESOLVED,ALL5_LEVELS_bet23_to_bet27,294.3122,294.3122,294.3122,392.4162,490.5203,3.000000,3.000000,3.000000,4.000000,5.000000,97.000000,97.000000,97.000000,96.000000,95.000000,5.0,1765.8731,1644.6383,8044.5331,8165.7679,PENDING_AG03,FALSE,NOT_FOR_ENFORCEMENT,9516.0940,164454.1300,9810.4062,9516.0940,294.3122,0.04181848,0.04056393,294.3122,9516.0940,0.04056393,294.3122,294.3122,294.3122,392.4162,490.5203,9516.0940,0.04056393,1765.8731,1644.6383,8044.5331,8165.7679,0.03429115,0.03480794,0.00125455,11.8178,14.9930,0.8676,208.7320,5.3202,4991.3829,240.5957,12.7170,9.8041,2.5818,2.84,3.3563,4.9054,16.007,177.8754,0.2582,0.0,5.636364,62.633151,4.16126,29,188,6,10,0.74390005,0.04181848,0.03860046,0E-8,0.000000,0.722694,0.000000,0.01256549,2026-05-12,2026-08-02,47,1844,580,83,0.566265,1.297104,1.076088,2.479667,,,,,,,,GLOBAL_BASELINE_NO_ENTITY_RANKING,,,NOT_APPLICABLE_GLOBAL_BASELINE,HF9g-P5,,,,X 全窗基线 · 不参与实体赏罚,15058921,1506,A168_HF9F_20260827_0900,2026-08-27 09:00:00
2026-06-29,17529000,1505,0,208.2958315132,-5.7988530876,-5.7988530876,0.5151515,72,38,0.49994554407594782,0.499948100000,0.1747033079262306,0.17467394249941548,0.1747033079262306,-0.00000255592405218,ELIGIBLE,R03b_20260811_FULL_v1,L1_ELIGIBILITY,v2026-08-11,2026-03-21..2026-08-06,baccarat_bet02_101_all_pairs_incl_sentinel,round_win = game_pnl > 0 (decisive only),COMPATIBILITY_ONLY_NOT_PRODUCTION,234594.9955,169540.3402,9810.4062,19851,11308,-0.04181848,-0.03860046,-0.05116595,-0.04181848,-9810.4062,234594.9955,OK,0.0000,294.3122,3.0000,97.0000,AG03-UNRESOLVED,ALL5_LEVELS_bet23_to_bet27,294.3122,294.3122,294.3122,392.4162,490.5203,3.000000,3.000000,3.000000,4.000000,5.000000,97.000000,97.000000,97.000000,96.000000,95.000000,5.0,1765.8731,1644.6383,8044.5331,8165.7679,PENDING_AG03,FALSE,NOT_FOR_ENFORCEMENT,9516.0940,164454.1300,9810.4062,9516.0940,294.3122,0.04181848,0.04056393,294.3122,9516.0940,0.04056393,294.3122,294.3122,294.3122,392.4162,490.5203,9516.0940,0.04056393,1765.8731,1644.6383,8044.5331,8165.7679,0.03429115,0.03480794,0.00125455,11.8178,14.9930,0.8676,208.7320,5.3202,4991.3829,240.5957,12.7170,9.8041,2.5818,2.84,3.3563,4.9054,16.007,177.8754,0.2582,0.0,5.636364,62.633151,4.16126,29,188,6,10,0.74390005,0.04181848,0.03860046,0E-8,0.000000,0.722694,0.000000,0.01256549,2026-05-12,2026-08-02,47,1844,580,83,0.566265,1.297104,1.076088,2.479667,,,,,,,,GLOBAL_BASELINE_NO_ENTITY_RANKING,,,NOT_APPLICABLE_GLOBAL_BASELINE,HF9g-P5,,,,X 全窗基线 · 不参与实体赏罚,15058922,1506,A168_HF9F_20260827_0900,2026-08-27 09:00:00
2026-06-29,17529000,1509,0,46.0308072109,10.8905289685,10.8905289685,0.7142857,13,7,0.50161657620207041,0.500905614286,1.1253451836019635,1.1291032106993646,1.1253451836019635,0.00071096191607041,ELIGIBLE,R03b_20260811_FULL_v1,L1_ELIGIBILITY,v2026-08-11,2026-03-21..2026-08-06,baccarat_bet02_101_all_pairs_incl_sentinel,round_win = game_pnl > 0 (decisive only),COMPATIBILITY_ONLY_NOT_PRODUCTION,234594.9955,169540.3402,9810.4062,19851,11308,-0.04181848,-0.03860046,-0.05116595,-0.04181848,-9810.4062,234594.9955,OK,0.0000,294.3122,3.0000,97.0000,AG03-UNRESOLVED,ALL5_LEVELS_bet23_to_bet27,294.3122,294.3122,294.3122,392.4162,490.5203,3.000000,3.000000,3.000000,4.000000,5.000000,97.000000,97.000000,97.000000,96.000000,95.000000,5.0,1765.8731,1644.6383,8044.5331,8165.7679,PENDING_AG03,FALSE,NOT_FOR_ENFORCEMENT,9516.0940,164454.1300,9810.4062,9516.0940,294.3122,0.04181848,0.04056393,294.3122,9516.0940,0.04056393,294.3122,294.3122,294.3122,392.4162,490.5203,9516.0940,0.04056393,1765.8731,1644.6383,8044.5331,8165.7679,0.03429115,0.03480794,0.00125455,11.8178,14.9930,0.8676,208.7320,5.3202,4991.3829,240.5957,12.7170,9.8041,2.5818,2.84,3.3563,4.9054,16.007,177.8754,0.2582,0.0,5.636364,62.633151,4.16126,29,188,6,10,0.74390005,0.04181848,0.03860046,0E-8,0.000000,0.722694,0.000000,0.01256549,2026-05-12,2026-08-02,47,1844,580,83,0.566265,1.297104,1.076088,2.479667,,,,,,,,GLOBAL_BASELINE_NO_ENTITY_RANKING,,,NOT_APPLICABLE_GLOBAL_BASELINE,HF9g-P5,,,,X 全窗基线 · 不参与实体赏罚,15058923,1506,A168_HF9F_20260827_0900,2026-08-27 09:00:00
2026-06-29,17529000,1994,0,81.2610898249,-2.6101267777,-2.6101267777,0.4615385,28,14,0.50037653442756706,0.499948100000,-0.28006540589809115,-0.2769758433823512,-0.28006540589809115,0.00042843442756706,ELIGIBLE,R03b_20260811_FULL_v1,L1_ELIGIBILITY,v2026-08-11,2026-03-21..2026-08-06,baccarat_bet02_101_all_pairs_incl_sentinel,round_win = game_pnl > 0 (decisive only),COMPATIBILITY_ONLY_NOT_PRODUCTION,234594.9955,169540.3402,9810.4062,19851,11308,-0.04181848,-0.03860046,-0.05116595,-0.04181848,-9810.4062,234594.9955,OK,0.0000,294.3122,3.0000,97.0000,AG03-UNRESOLVED,ALL5_LEVELS_bet23_to_bet27,294.3122,294.3122,294.3122,392.4162,490.5203,3.000000,3.000000,3.000000,4.000000,5.000000,97.000000,97.000000,97.000000,96.000000,95.000000,5.0,1765.8731,1644.6383,8044.5331,8165.7679,PENDING_AG03,FALSE,NOT_FOR_ENFORCEMENT,9516.0940,164454.1300,9810.4062,9516.0940,294.3122,0.04181848,0.04056393,294.3122,9516.0940,0.04056393,294.3122,294.3122,294.3122,392.4162,490.5203,9516.0940,0.04056393,1765.8731,1644.6383,8044.5331,8165.7679,0.03429115,0.03480794,0.00125455,11.8178,14.9930,0.8676,208.7320,5.3202,4991.3829,240.5957,12.7170,9.8041,2.5818,2.84,3.3563,4.9054,16.007,177.8754,0.2582,0.0,5.636364,62.633151,4.16126,29,188,6,10,0.74390005,0.04181848,0.03860046,0E-8,0.000000,0.722694,0.000000,0.01256549,2026-05-12,2026-08-02,47,1844,580,83,0.566265,1.297104,1.076088,2.479667,,,,,,,,GLOBAL_BASELINE_NO_ENTITY_RANKING,,,NOT_APPLICABLE_GLOBAL_BASELINE,HF9g-P5,,,,X 全窗基线 · 不参与实体赏罚,15058924,1506,A168_HF9F_20260827_0900,2026-08-27 09:00:00
2026-06-29,17529000,2064,0,2732.0184123230,-1431.4938154139,-1431.4938154139,0.2307692,17,13,0.49852187242755050,0.498401346154,-1.930800194359,-1.9299324946208258,-1.930800194359,0.00012052627355050,ELIGIBLE,R03b_20260811_FULL_v1,L1_ELIGIBILITY,v2026-08-11,2026-03-21..2026-08-06,baccarat_bet02_101_all_pairs_incl_sentinel,round_win = game_pnl > 0 (decisive only),COMPATIBILITY_ONLY_NOT_PRODUCTION,234594.9955,169540.3402,9810.4062,19851,11308,-0.04181848,-0.03860046,-0.05116595,-0.04181848,-9810.4062,234594.9955,OK,0.0000,294.3122,3.0000,97.0000,AG03-UNRESOLVED,ALL5_LEVELS_bet23_to_bet27,294.3122,294.3122,294.3122,392.4162,490.5203,3.000000,3.000000,3.000000,4.000000,5.000000,97.000000,97.000000,97.000000,96.000000,95.000000,5.0,1765.8731,1644.6383,8044.5331,8165.7679,PENDING_AG03,FALSE,NOT_FOR_ENFORCEMENT,9516.0940,164454.1300,9810.4062,9516.0940,294.3122,0.04181848,0.04056393,294.3122,9516.0940,0.04056393,294.3122,294.3122,294.3122,392.4162,490.5203,9516.0940,0.04056393,1765.8731,1644.6383,8044.5331,8165.7679,0.03429115,0.03480794,0.00125455,11.8178,14.9930,0.8676,208.7320,5.3202,4991.3829,240.5957,12.7170,9.8041,2.5818,2.84,3.3563,4.9054,16.007,177.8754,0.2582,0.0,5.636364,62.633151,4.16126,29,188,6,10,0.74390005,0.04181848,0.03860046,0E-8,0.000000,0.722694,0.000000,0.01256549,2026-05-12,2026-08-02,47,1844,580,83,0.566265,1.297104,1.076088,2.479667,,,,,,,,GLOBAL_BASELINE_NO_ENTITY_RANKING,,,NOT_APPLICABLE_GLOBAL_BASELINE,HF9g-P5,,,,X 全窗基线 · 不参与实体赏罚,15058925,1506,A168_HF9F_20260827_0900,2026-08-27 09:00:00
2026-06-29,17529000,2093,0,125.4918096029,6.7117545708,6.7117545708,0.5789474,41,21,0.49988476326698423,0.499628928571,0.6892518304651304,0.6914823177573439,0.6892518304651304,0.00025583469598423,ELIGIBLE,R03b_20260811_FULL_v1,L1_ELIGIBILITY,v2026-08-11,2026-03-21..2026-08-06,baccarat_bet02_101_all_pairs_incl_sentinel,round_win = game_pnl > 0 (decisive only),COMPATIBILITY_ONLY_NOT_PRODUCTION,234594.9955,169540.3402,9810.4062,19851,11308,-0.04181848,-0.03860046,-0.05116595,-0.04181848,-9810.4062,234594.9955,OK,0.0000,294.3122,3.0000,97.0000,AG03-UNRESOLVED,ALL5_LEVELS_bet23_to_bet27,294.3122,294.3122,294.3122,392.4162,490.5203,3.000000,3.000000,3.000000,4.000000,5.000000,97.000000,97.000000,97.000000,96.000000,95.000000,5.0,1765.8731,1644.6383,8044.5331,8165.7679,PENDING_AG03,FALSE,NOT_FOR_ENFORCEMENT,9516.0940,164454.1300,9810.4062,9516.0940,294.3122,0.04181848,0.04056393,294.3122,9516.0940,0.04056393,294.3122,294.3122,294.3122,392.4162,490.5203,9516.0940,0.04056393,1765.8731,1644.6383,8044.5331,8165.7679,0.03429115,0.03480794,0.00125455,11.8178,14.9930,0.8676,208.7320,5.3202,4991.3829,240.5957,12.7170,9.8041,2.5818,2.84,3.3563,4.9054,16.007,177.8754,0.2582,0.0,5.636364,62.633151,4.16126,29,188,6,10,0.74390005,0.04181848,0.03860046,0E-8,0.000000,0.722694,0.000000,0.01256549,2026-05-12,2026-08-02,47,1844,580,83,0.566265,1.297104,1.076088,2.479667,,,,,,,,GLOBAL_BASELINE_NO_ENTITY_RANKING,,,NOT_APPLICABLE_GLOBAL_BASELINE,HF9g-P5,,,,X 全窗基线 · 不参与实体赏罚,15058926,1506,A168_HF9F_20260827_0900,2026-08-27 09:00:00
2026-06-29,17529000,2101,0,288.7854552947,24.9954997814,24.9954997814,0.5600000,53,30,0.50201318287002966,0.501512040000,0.5798728716583864,0.5848822743978156,0.5798728716583864,0.00050114287002966,ELIGIBLE,R03b_20260811_FULL_v1,L1_ELIGIBILITY,v2026-08-11,2026-03-21..2026-08-06,baccarat_bet02_101_all_pairs_incl_sentinel,round_win = game_pnl > 0 (decisive only),COMPATIBILITY_ONLY_NOT_PRODUCTION,234594.9955,169540.3402,9810.4062,19851,11308,-0.04181848,-0.03860046,-0.05116595,-0.04181848,-9810.4062,234594.9955,OK,0.0000,294.3122,3.0000,97.0000,AG03-UNRESOLVED,ALL5_LEVELS_bet23_to_bet27,294.3122,294.3122,294.3122,392.4162,490.5203,3.000000,3.000000,3.000000,4.000000,5.000000,97.000000,97.000000,97.000000,96.000000,95.000000,5.0,1765.8731,1644.6383,8044.5331,8165.7679,PENDING_AG03,FALSE,NOT_FOR_ENFORCEMENT,9516.0940,164454.1300,9810.4062,9516.0940,294.3122,0.04181848,0.04056393,294.3122,9516.0940,0.04056393,294.3122,294.3122,294.3122,392.4162,490.5203,9516.0940,0.04056393,1765.8731,1644.6383,8044.5331,8165.7679,0.03429115,0.03480794,0.00125455,11.8178,14.9930,0.8676,208.7320,5.3202,4991.3829,240.5957,12.7170,9.8041,2.5818,2.84,3.3563,4.9054,16.007,177.8754,0.2582,0.0,5.636364,62.633151,4.16126,29,188,6,10,0.74390005,0.04181848,0.03860046,0E-8,0.000000,0.722694,0.000000,0.01256549,2026-05-12,2026-08-02,47,1844,580,83,0.566265,1.297104,1.076088,2.479667,,,,,,,,GLOBAL_BASELINE_NO_ENTITY_RANKING,,,NOT_APPLICABLE_GLOBAL_BASELINE,HF9g-P5,,,,X 全窗基线 · 不参与实体赏罚,15058927,1506,A168_HF9F_20260827_0900,2026-08-27 09:00:00
2026-06-29,17529000,2103,0,63.2602154967,1.4786432483,1.4786432483,0.6000000,22,11,0.50056642376042609,0.499948100000,0.6288735571566351,0.6327837798637467,0.6288735571566351,0.00061832376042609,ELIGIBLE,R03b_20260811_FULL_v1,L1_ELIGIBILITY,v2026-08-11,2026-03-21..2026-08-06,baccarat_bet02_101_all_pairs_incl_sentinel,round_win = game_pnl > 0 (decisive only),COMPATIBILITY_ONLY_NOT_PRODUCTION,234594.9955,169540.3402,9810.4062,19851,11308,-0.04181848,-0.03860046,-0.05116595,-0.04181848,-9810.4062,234594.9955,OK,0.0000,294.3122,3.0000,97.0000,AG03-UNRESOLVED,ALL5_LEVELS_bet23_to_bet27,294.3122,294.3122,294.3122,392.4162,490.5203,3.000000,3.000000,3.000000,4.000000,5.000000,97.000000,97.000000,97.000000,96.000000,95.000000,5.0,1765.8731,1644.6383,8044.5331,8165.7679,PENDING_AG03,FALSE,NOT_FOR_ENFORCEMENT,9516.0940,164454.1300,9810.4062,9516.0940,294.3122,0.04181848,0.04056393,294.3122,9516.0940,0.04056393,294.3122,294.3122,294.3122,392.4162,490.5203,9516.0940,0.04056393,1765.8731,1644.6383,8044.5331,8165.7679,0.03429115,0.03480794,0.00125455,11.8178,14.9930,0.8676,208.7320,5.3202,4991.3829,240.5957,12.7170,9.8041,2.5818,2.84,3.3563,4.9054,16.007,177.8754,0.2582,0.0,5.636364,62.633151,4.16126,29,188,6,10,0.74390005,0.04181848,0.03860046,0E-8,0.000000,0.722694,0.000000,0.01256549,2026-05-12,2026-08-02,47,1844,580,83,0.566265,1.297104,1.076088,2.479667,,,,,,,,GLOBAL_BASELINE_NO_ENTITY_RANKING,,,NOT_APPLICABLE_GLOBAL_BASELINE,HF9g-P5,,,,X 全窗基线 · 不参与实体赏罚,15058928,1506,A168_HF9F_20260827_0900,2026-08-27 09:00:00
2026-06-29,17529000,2170,0,74.8322061361,19.7495306915,19.7495306915,0.5454545,19,12,0.50204711471012159,0.501623750000,0.287934735079182,0.29074213869567533,0.287934735079182,0.00042336471012159,ELIGIBLE,R03b_20260811_FULL_v1,L1_ELIGIBILITY,v2026-08-11,2026-03-21..2026-08-06,baccarat_bet02_101_all_pairs_incl_sentinel,round_win = game_pnl > 0 (decisive only),COMPATIBILITY_ONLY_NOT_PRODUCTION,234594.9955,169540.3402,9810.4062,19851,11308,-0.04181848,-0.03860046,-0.05116595,-0.04181848,-9810.4062,234594.9955,OK,0.0000,294.3122,3.0000,97.0000,AG03-UNRESOLVED,ALL5_LEVELS_bet23_to_bet27,294.3122,294.3122,294.3122,392.4162,490.5203,3.000000,3.000000,3.000000,4.000000,5.000000,97.000000,97.000000,97.000000,96.000000,95.000000,5.0,1765.8731,1644.6383,8044.5331,8165.7679,PENDING_AG03,FALSE,NOT_FOR_ENFORCEMENT,9516.0940,164454.1300,9810.4062,9516.0940,294.3122,0.04181848,0.04056393,294.3122,9516.0940,0.04056393,294.3122,294.3122,294.3122,392.4162,490.5203,9516.0940,0.04056393,1765.8731,1644.6383,8044.5331,8165.7679,0.03429115,0.03480794,0.00125455,11.8178,14.9930,0.8676,208.7320,5.3202,4991.3829,240.5957,12.7170,9.8041,2.5818,2.84,3.3563,4.9054,16.007,177.8754,0.2582,0.0,5.636364,62.633151,4.16126,29,188,6,10,0.74390005,0.04181848,0.03860046,0E-8,0.000000,0.722694,0.000000,0.01256549,2026-05-12,2026-08-02,47,1844,580,83,0.566265,1.297104,1.076088,2.479667,,,,,,,,GLOBAL_BASELINE_NO_ENTITY_RANKING,,,NOT_APPLICABLE_GLOBAL_BASELINE,HF9g-P5,,,,X 全窗基线 · 不参与实体赏罚,15058929,1506,A168_HF9F_20260827_0900,2026-08-27 09:00:00
2026-06-29,17529000,2174,0,23.9154473219,-3.3430195179,-3.3430195179,0E-7,8,4,0.50087268790507635,0.499948100000,-2.003493803280999,-1.9997924107733216,-2.003493803280999,0.00092458790507635,ELIGIBLE,R03b_20260811_FULL_v1,L1_ELIGIBILITY,v2026-08-11,2026-03-21..2026-08-06,baccarat_bet02_101_all_pairs_incl_sentinel,round_win = game_pnl > 0 (decisive only),COMPATIBILITY_ONLY_NOT_PRODUCTION,234594.9955,169540.3402,9810.4062,19851,11308,-0.04181848,-0.03860046,-0.05116595,-0.04181848,-9810.4062,234594.9955,OK,0.0000,294.3122,3.0000,97.0000,AG03-UNRESOLVED,ALL5_LEVELS_bet23_to_bet27,294.3122,294.3122,294.3122,392.4162,490.5203,3.000000,3.000000,3.000000,4.000000,5.000000,97.000000,97.000000,97.000000,96.000000,95.000000,5.0,1765.8731,1644.6383,8044.5331,8165.7679,PENDING_AG03,FALSE,NOT_FOR_ENFORCEMENT,9516.0940,164454.1300,9810.4062,9516.0940,294.3122,0.04181848,0.04056393,294.3122,9516.0940,0.04056393,294.3122,294.3122,294.3122,392.4162,490.5203,9516.0940,0.04056393,1765.8731,1644.6383,8044.5331,8165.7679,0.03429115,0.03480794,0.00125455,11.8178,14.9930,0.8676,208.7320,5.3202,4991.3829,240.5957,12.7170,9.8041,2.5818,2.84,3.3563,4.9054,16.007,177.8754,0.2582,0.0,5.636364,62.633151,4.16126,29,188,6,10,0.74390005,0.04181848,0.03860046,0E-8,0.000000,0.722694,0.000000,0.01256549,2026-05-12,2026-08-02,47,1844,580,83,0.566265,1.297104,1.076088,2.479667,,,,,,,,GLOBAL_BASELINE_NO_ENTITY_RANKING,,,NOT_APPLICABLE_GLOBAL_BASELINE,HF9g-P5,,,,X 全窗基线 · 不参与实体赏罚,15058930,1506,A168_HF9F_20260827_0900,2026-08-27 09:00:00
2026-06-29,17529000,2223,0,17.2294082856,0.8228971121,0.8228971121,0.6666667,6,3,0.50041718528133891,0.499948100000,0.575905297447978,0.5775300591747329,0.575905297447978,0.00046908528133891,ELIGIBLE,R03b_20260811_FULL_v1,L1_ELIGIBILITY,v2026-08-11,2026-03-21..2026-08-06,baccarat_bet02_101_all_pairs_incl_sentinel,round_win = game_pnl > 0 (decisive only),COMPATIBILITY_ONLY_NOT_PRODUCTION,234594.9955,169540.3402,9810.4062,19851,11308,-0.04181848,-0.03860046,-0.05116595,-0.04181848,-9810.4062,234594.9955,OK,0.0000,294.3122,3.0000,97.0000,AG03-UNRESOLVED,ALL5_LEVELS_bet23_to_bet27,294.3122,294.3122,294.3122,392.4162,490.5203,3.000000,3.000000,3.000000,4.000000,5.000000,97.000000,97.000000,97.000000,96.000000,95.000000,5.0,1765.8731,1644.6383,8044.5331,8165.7679,PENDING_AG03,FALSE,NOT_FOR_ENFORCEMENT,9516.0940,164454.1300,9810.4062,9516.0940,294.3122,0.04181848,0.04056393,294.3122,9516.0940,0.04056393,294.3122,294.3122,294.3122,392.4162,490.5203,9516.0940,0.04056393,1765.8731,1644.6383,8044.5331,8165.7679,0.03429115,0.03480794,0.00125455,11.8178,14.9930,0.8676,208.7320,5.3202,4991.3829,240.5957,12.7170,9.8041,2.5818,2.84,3.3563,4.9054,16.007,177.8754,0.2582,0.0,5.636364,62.633151,4.16126,29,188,6,10,0.74390005,0.04181848,0.03860046,0E-8,0.000000,0.722694,0.000000,0.01256549,2026-05-12,2026-08-02,47,1844,580,83,0.566265,1.297104,1.076088,2.479667,,,,,,,,GLOBAL_BASELINE_NO_ENTITY_RANKING,,,NOT_APPLICABLE_GLOBAL_BASELINE,HF9g-P5,,,,X 全窗基线 · 不参与实体赏罚,15058931,1506,A168_HF9F_20260827_0900,2026-08-27 09:00:00
2026-06-29,17529000,2233,0,113.9198189634,21.8324890066,21.8324890066,0.5555556,33,18,0.50068230564448433,0.500320466667,0.4656153989406626,0.4686853672174111,0.4656153989406626,0.00036183897748433,ELIGIBLE,R03b_20260811_FULL_v1,L1_ELIGIBILITY,v2026-08-11,2026-03-21..2026-08-06,baccarat_bet02_101_all_pairs_incl_sentinel,round_win = game_pnl > 0 (decisive only),COMPATIBILITY_ONLY_NOT_PRODUCTION,234594.9955,169540.3402,9810.4062,19851,11308,-0.04181848,-0.03860046,-0.05116595,-0.04181848,-9810.4062,234594.9955,OK,0.0000,294.3122,3.0000,97.0000,AG03-UNRESOLVED,ALL5_LEVELS_bet23_to_bet27,294.3122,294.3122,294.3122,392.4162,490.5203,3.000000,3.000000,3.000000,4.000000,5.000000,97.000000,97.000000,97.000000,96.000000,95.000000,5.0,1765.8731,1644.6383,8044.5331,8165.7679,PENDING_AG03,FALSE,NOT_FOR_ENFORCEMENT,9516.0940,164454.1300,9810.4062,9516.0940,294.3122,0.04181848,0.04056393,294.3122,9516.0940,0.04056393,294.3122,294.3122,294.3122,392.4162,490.5203,9516.0940,0.04056393,1765.8731,1644.6383,8044.5331,8165.7679,0.03429115,0.03480794,0.00125455,11.8178,14.9930,0.8676,208.7320,5.3202,4991.3829,240.5957,12.7170,9.8041,2.5818,2.84,3.3563,4.9054,16.007,177.8754,0.2582,0.0,5.636364,62.633151,4.16126,29,188,6,10,0.74390005,0.04181848,0.03860046,0E-8,0.000000,0.722694,0.000000,0.01256549,2026-05-12,2026-08-02,47,1844,580,83,0.566265,1.297104,1.076088,2.479667,,,,,,,,GLOBAL_BASELINE_NO_ENTITY_RANKING,,,NOT_APPLICABLE_GLOBAL_BASELINE,HF9g-P5,,,,X 全窗基线 · 不参与实体赏罚,15058932,1506,A168_HF9F_20260827_0900,2026-08-27 09:00:00
2026-06-29,17529000,2234,0,14.9150101577,-4.7573739295,-4.7573739295,0E-7,5,3,0.50227060830041473,0.502182300000,-1.7399343665693676,-1.7396270863184016,-1.7399343665693676,0.00008830830041473,ELIGIBLE,R03b_20260811_FULL_v1,L1_ELIGIBILITY,v2026-08-11,2026-03-21..2026-08-06,baccarat_bet02_101_all_pairs_incl_sentinel,round_win = game_pnl > 0 (decisive only),COMPATIBILITY_ONLY_NOT_PRODUCTION,234594.9955,169540.3402,9810.4062,19851,11308,-0.04181848,-0.03860046,-0.05116595,-0.04181848,-9810.4062,234594.9955,OK,0.0000,294.3122,3.0000,97.0000,AG03-UNRESOLVED,ALL5_LEVELS_bet23_to_bet27,294.3122,294.3122,294.3122,392.4162,490.5203,3.000000,3.000000,3.000000,4.000000,5.000000,97.000000,97.000000,97.000000,96.000000,95.000000,5.0,1765.8731,1644.6383,8044.5331,8165.7679,PENDING_AG03,FALSE,NOT_FOR_ENFORCEMENT,9516.0940,164454.1300,9810.4062,9516.0940,294.3122,0.04181848,0.04056393,294.3122,9516.0940,0.04056393,294.3122,294.3122,294.3122,392.4162,490.5203,9516.0940,0.04056393,1765.8731,1644.6383,8044.5331,8165.7679,0.03429115,0.03480794,0.00125455,11.8178,14.9930,0.8676,208.7320,5.3202,4991.3829,240.5957,12.7170,9.8041,2.5818,2.84,3.3563,4.9054,16.007,177.8754,0.2582,0.0,5.636364,62.633151,4.16126,29,188,6,10,0.74390005,0.04181848,0.03860046,0E-8,0.000000,0.722694,0.000000,0.01256549,2026-05-12,2026-08-02,47,1844,580,83,0.566265,1.297104,1.076088,2.479667,,,,,,,,GLOBAL_BASELINE_NO_ENTITY_RANKING,,,NOT_APPLICABLE_GLOBAL_BASELINE,HF9g-P5,,,,X 全窗基线 · 不参与实体赏罚,15058933,1506,A168_HF9F_20260827_0900,2026-08-27 09:00:00
2026-06-29,17529000,2251,0,179.7515879348,44.1021421042,44.1021421042,0.4500000,35,21,0.50042888574564966,0.500267271429,-0.4510498321623048,-0.44960420806878165,-0.4510498321623048,0.00016161431664966,ELIGIBLE,R03b_20260811_FULL_v1,L1_ELIGIBILITY,v2026-08-11,2026-03-21..2026-08-06,baccarat_bet02_101_all_pairs_incl_sentinel,round_win = game_pnl > 0 (decisive only),COMPATIBILITY_ONLY_NOT_PRODUCTION,234594.9955,169540.3402,9810.4062,19851,11308,-0.04181848,-0.03860046,-0.05116595,-0.04181848,-9810.4062,234594.9955,OK,0.0000,294.3122,3.0000,97.0000,AG03-UNRESOLVED,ALL5_LEVELS_bet23_to_bet27,294.3122,294.3122,294.3122,392.4162,490.5203,3.000000,3.000000,3.000000,4.000000,5.000000,97.000000,97.000000,97.000000,96.000000,95.000000,5.0,1765.8731,1644.6383,8044.5331,8165.7679,PENDING_AG03,FALSE,NOT_FOR_ENFORCEMENT,9516.0940,164454.1300,9810.4062,9516.0940,294.3122,0.04181848,0.04056393,294.3122,9516.0940,0.04056393,294.3122,294.3122,294.3122,392.4162,490.5203,9516.0940,0.04056393,1765.8731,1644.6383,8044.5331,8165.7679,0.03429115,0.03480794,0.00125455,11.8178,14.9930,0.8676,208.7320,5.3202,4991.3829,240.5957,12.7170,9.8041,2.5818,2.84,3.3563,4.9054,16.007,177.8754,0.2582,0.0,5.636364,62.633151,4.16126,29,188,6,10,0.74390005,0.04181848,0.03860046,0E-8,0.000000,0.722694,0.000000,0.01256549,2026-05-12,2026-08-02,47,1844,580,83,0.566265,1.297104,1.076088,2.479667,,,,,,,,GLOBAL_BASELINE_NO_ENTITY_RANKING,,,NOT_APPLICABLE_GLOBAL_BASELINE,HF9g-P5,,,,X 全窗基线 · 不参与实体赏罚,15058934,1506,A168_HF9F_20260827_0900,2026-08-27 09:00:00
2026-06-29,17529000,2252,0,5.6574176460,0.5143106950,0.5143106950,1.0000000,2,1,0.49933877272738043,0.499948100000,1.001323330145811,1.0001038053877793,1.001323330145811,-0.00060932727261957,ELIGIBLE,R03b_20260811_FULL_v1,L1_ELIGIBILITY,v2026-08-11,2026-03-21..2026-08-06,baccarat_bet02_101_all_pairs_incl_sentinel,round_win = game_pnl > 0 (decisive only),COMPATIBILITY_ONLY_NOT_PRODUCTION,234594.9955,169540.3402,9810.4062,19851,11308,-0.04181848,-0.03860046,-0.05116595,-0.04181848,-9810.4062,234594.9955,OK,0.0000,294.3122,3.0000,97.0000,AG03-UNRESOLVED,ALL5_LEVELS_bet23_to_bet27,294.3122,294.3122,294.3122,392.4162,490.5203,3.000000,3.000000,3.000000,4.000000,5.000000,97.000000,97.000000,97.000000,96.000000,95.000000,5.0,1765.8731,1644.6383,8044.5331,8165.7679,PENDING_AG03,FALSE,NOT_FOR_ENFORCEMENT,9516.0940,164454.1300,9810.4062,9516.0940,294.3122,0.04181848,0.04056393,294.3122,9516.0940,0.04056393,294.3122,294.3122,294.3122,392.4162,490.5203,9516.0940,0.04056393,1765.8731,1644.6383,8044.5331,8165.7679,0.03429115,0.03480794,0.00125455,11.8178,14.9930,0.8676,208.7320,5.3202,4991.3829,240.5957,12.7170,9.8041,2.5818,2.84,3.3563,4.9054,16.007,177.8754,0.2582,0.0,5.636364,62.633151,4.16126,29,188,6,10,0.74390005,0.04181848,0.03860046,0E-8,0.000000,0.722694,0.000000,0.01256549,2026-05-12,2026-08-02,47,1844,580,83,0.566265,1.297104,1.076088,2.479667,,,,,,,,GLOBAL_BASELINE_NO_ENTITY_RANKING,,,NOT_APPLICABLE_GLOBAL_BASELINE,HF9g-P5,,,,X 全窗基线 · 不参与实体赏罚,15058935,1506,A168_HF9F_20260827_0900,2026-08-27 09:00:00
2026-06-29,17529000,550,0,5.9145729936,0.6043150667,0.6043150667,1.0000000,2,1,0.50082235217386377,0.499948100000,0.9983566459567018,1.0001038053877793,0.9983566459567018,0.00087425217386377,ELIGIBLE,R03b_20260811_FULL_v1,L1_ELIGIBILITY,v2026-08-11,2026-03-21..2026-08-06,baccarat_bet02_101_all_pairs_incl_sentinel,round_win = game_pnl > 0 (decisive only),COMPATIBILITY_ONLY_NOT_PRODUCTION,234594.9955,169540.3402,9810.4062,19851,11308,-0.04181848,-0.03860046,-0.05116595,-0.04181848,-9810.4062,234594.9955,OK,0.0000,294.3122,3.0000,97.0000,AG03-UNRESOLVED,ALL5_LEVELS_bet23_to_bet27,294.3122,294.3122,294.3122,392.4162,490.5203,3.000000,3.000000,3.000000,4.000000,5.000000,97.000000,97.000000,97.000000,96.000000,95.000000,5.0,1765.8731,1644.6383,8044.5331,8165.7679,PENDING_AG03,FALSE,NOT_FOR_ENFORCEMENT,9516.0940,164454.1300,9810.4062,9516.0940,294.3122,0.04181848,0.04056393,294.3122,9516.0940,0.04056393,294.3122,294.3122,294.3122,392.4162,490.5203,9516.0940,0.04056393,1765.8731,1644.6383,8044.5331,8165.7679,0.03429115,0.03480794,0.00125455,11.8178,14.9930,0.8676,208.7320,5.3202,4991.3829,240.5957,12.7170,9.8041,2.5818,2.84,3.3563,4.9054,16.007,177.8754,0.2582,0.0,5.636364,62.633151,4.16126,29,188,6,10,0.74390005,0.04181848,0.03860046,0E-8,0.000000,0.722694,0.000000,0.01256549,2026-05-12,2026-08-02,47,1844,580,83,0.566265,1.297104,1.076088,2.479667,,,,,,,,GLOBAL_BASELINE_NO_ENTITY_RANKING,,,NOT_APPLICABLE_GLOBAL_BASELINE,HF9g-P5,,,,X 全窗基线 · 不参与实体赏罚,15058936,1506,A168_HF9F_20260827_0900,2026-08-27 09:00:00
2026-06-29,17529000,986,0,105.6908478417,0.1928665104,0.1928665104,0.5555556,38,19,0.50015217185054959,0.499948100000,0.4701133215940243,0.471844909436287,0.4701133215940243,0.00020407185054959,ELIGIBLE,R03b_20260811_FULL_v1,L1_ELIGIBILITY,v2026-08-11,2026-03-21..2026-08-06,baccarat_bet02_101_all_pairs_incl_sentinel,round_win = game_pnl > 0 (decisive only),COMPATIBILITY_ONLY_NOT_PRODUCTION,234594.9955,169540.3402,9810.4062,19851,11308,-0.04181848,-0.03860046,-0.05116595,-0.04181848,-9810.4062,234594.9955,OK,0.0000,294.3122,3.0000,97.0000,AG03-UNRESOLVED,ALL5_LEVELS_bet23_to_bet27,294.3122,294.3122,294.3122,392.4162,490.5203,3.000000,3.000000,3.000000,4.000000,5.000000,97.000000,97.000000,97.000000,96.000000,95.000000,5.0,1765.8731,1644.6383,8044.5331,8165.7679,PENDING_AG03,FALSE,NOT_FOR_ENFORCEMENT,9516.0940,164454.1300,9810.4062,9516.0940,294.3122,0.04181848,0.04056393,294.3122,9516.0940,0.04056393,294.3122,294.3122,294.3122,392.4162,490.5203,9516.0940,0.04056393,1765.8731,1644.6383,8044.5331,8165.7679,0.03429115,0.03480794,0.00125455,11.8178,14.9930,0.8676,208.7320,5.3202,4991.3829,240.5957,12.7170,9.8041,2.5818,2.84,3.3563,4.9054,16.007,177.8754,0.2582,0.0,5.636364,62.633151,4.16126,29,188,6,10,0.74390005,0.04181848,0.03860046,0E-8,0.000000,0.722694,0.000000,0.01256549,2026-05-12,2026-08-02,47,1844,580,83,0.566265,1.297104,1.076088,2.479667,,,,,,,,GLOBAL_BASELINE_NO_ENTITY_RANKING,,,NOT_APPLICABLE_GLOBAL_BASELINE,HF9g-P5,,,,X 全窗基线 · 不参与实体赏罚,15058937,1506,A168_HF9F_20260827_0900,2026-08-27 09:00:00
2026-06-30,17529000,1210,0,358.6089381144,210.9828828132,210.9828828132,0.5652174,47,25,0.50095359568962277,0.500752412000,0.6163977946708513,0.6183270598947346,0.6163977946708513,0.00020118368962277,ELIGIBLE,R03b_20260811_FULL_v1,L1_ELIGIBILITY,v2026-08-11,2026-03-21..2026-08-06,baccarat_bet02_101_all_pairs_incl_sentinel,round_win = game_pnl > 0 (decisive only),COMPATIBILITY_ONLY_NOT_PRODUCTION,234594.9955,169540.3402,9810.4062,19851,11308,-0.04181848,-0.03860046,-0.05116595,-0.04181848,-9810.4062,234594.9955,OK,0.0000,294.3122,3.0000,97.0000,AG03-UNRESOLVED,ALL5_LEVELS_bet23_to_bet27,294.3122,294.3122,294.3122,392.4162,490.5203,3.000000,3.000000,3.000000,4.000000,5.000000,97.000000,97.000000,97.000000,96.000000,95.000000,5.0,1765.8731,1644.6383,8044.5331,8165.7679,PENDING_AG03,FALSE,NOT_FOR_ENFORCEMENT,9516.0940,164454.1300,9810.4062,9516.0940,294.3122,0.04181848,0.04056393,294.3122,9516.0940,0.04056393,294.3122,294.3122,294.3122,392.4162,490.5203,9516.0940,0.04056393,1765.8731,1644.6383,8044.5331,8165.7679,0.03429115,0.03480794,0.00125455,11.8178,14.9930,0.8676,208.7320,5.3202,4991.3829,240.5957,12.7170,9.8041,2.5818,2.84,3.3563,4.9054,16.007,177.8754,0.2582,0.0,5.636364,62.633151,4.16126,29,188,6,10,0.74390005,0.04181848,0.03860046,0E-8,0.000000,0.722694,0.000000,0.01256549,2026-05-12,2026-08-02,47,1844,580,83,0.566265,1.297104,1.076088,2.479667,,,,,,,,GLOBAL_BASELINE_NO_ENTITY_RANKING,,,NOT_APPLICABLE_GLOBAL_BASELINE,HF9g-P5,,,,X 全窗基线 · 不参与实体赏罚,15058938,1506,A168_HF9F_20260827_0900,2026-08-27 09:00:00
2026-06-30,17529000,1330,0,40.6305449124,1.8900918043,1.8900918043,0.6666667,14,7,0.50068343781068571,0.499948100000,0.8131491927370972,0.8167508423630434,0.8131491927370972,0.00073533781068571,ELIGIBLE,R03b_20260811_FULL_v1,L1_ELIGIBILITY,v2026-08-11,2026-03-21..2026-08-06,baccarat_bet02_101_all_pairs_incl_sentinel,round_win = game_pnl > 0 (decisive only),COMPATIBILITY_ONLY_NOT_PRODUCTION,234594.9955,169540.3402,9810.4062,19851,11308,-0.04181848,-0.03860046,-0.05116595,-0.04181848,-9810.4062,234594.9955,OK,0.0000,294.3122,3.0000,97.0000,AG03-UNRESOLVED,ALL5_LEVELS_bet23_to_bet27,294.3122,294.3122,294.3122,392.4162,490.5203,3.000000,3.000000,3.000000,4.000000,5.000000,97.000000,97.000000,97.000000,96.000000,95.000000,5.0,1765.8731,1644.6383,8044.5331,8165.7679,PENDING_AG03,FALSE,NOT_FOR_ENFORCEMENT,9516.0940,164454.1300,9810.4062,9516.0940,294.3122,0.04181848,0.04056393,294.3122,9516.0940,0.04056393,294.3122,294.3122,294.3122,392.4162,490.5203,9516.0940,0.04056393,1765.8731,1644.6383,8044.5331,8165.7679,0.03429115,0.03480794,0.00125455,11.8178,14.9930,0.8676,208.7320,5.3202,4991.3829,240.5957,12.7170,9.8041,2.5818,2.84,3.3563,4.9054,16.007,177.8754,0.2582,0.0,5.636364,62.633151,4.16126,29,188,6,10,0.74390005,0.04181848,0.03860046,0E-8,0.000000,0.722694,0.000000,0.01256549,2026-05-12,2026-08-02,47,1844,580,83,0.566265,1.297104,1.076088,2.479667,,,,,,,,GLOBAL_BASELINE_NO_ENTITY_RANKING,,,NOT_APPLICABLE_GLOBAL_BASELINE,HF9g-P5,,,,X 全窗基线 · 不参与实体赏罚,15058939,1506,A168_HF9F_20260827_0900,2026-08-27 09:00:00
2026-06-30,17529000,1384,0,24.7850669971,0.2969044484,0.2969044484,0.3333333,8,4,0.50103269763943433,0.499948100000,-0.5809288778316117,-0.5771704854251445,-0.5809288778316117,0.00108459763943433,ELIGIBLE,R03b_20260811_FULL_v1,L1_ELIGIBILITY,v2026-08-11,2026-03-21..2026-08-06,baccarat_bet02_101_all_pairs_incl_sentinel,round_win = game_pnl > 0 (decisive only),COMPATIBILITY_ONLY_NOT_PRODUCTION,234594.9955,169540.3402,9810.4062,19851,11308,-0.04181848,-0.03860046,-0.05116595,-0.04181848,-9810.4062,234594.9955,OK,0.0000,294.3122,3.0000,97.0000,AG03-UNRESOLVED,ALL5_LEVELS_bet23_to_bet27,294.3122,294.3122,294.3122,392.4162,490.5203,3.000000,3.000000,3.000000,4.000000,5.000000,97.000000,97.000000,97.000000,96.000000,95.000000,5.0,1765.8731,1644.6383,8044.5331,8165.7679,PENDING_AG03,FALSE,NOT_FOR_ENFORCEMENT,9516.0940,164454.1300,9810.4062,9516.0940,294.3122,0.04181848,0.04056393,294.3122,9516.0940,0.04056393,294.3122,294.3122,294.3122,392.4162,490.5203,9516.0940,0.04056393,1765.8731,1644.6383,8044.5331,8165.7679,0.03429115,0.03480794,0.00125455,11.8178,14.9930,0.8676,208.7320,5.3202,4991.3829,240.5957,12.7170,9.8041,2.5818,2.84,3.3563,4.9054,16.007,177.8754,0.2582,0.0,5.636364,62.633151,4.16126,29,188,6,10,0.74390005,0.04181848,0.03860046,0E-8,0.000000,0.722694,0.000000,0.01256549,2026-05-12,2026-08-02,47,1844,580,83,0.566265,1.297104,1.076088,2.479667,,,,,,,,GLOBAL_BASELINE_NO_ENTITY_RANKING,,,NOT_APPLICABLE_GLOBAL_BASELINE,HF9g-P5,,,,X 全窗基线 · 不参与实体赏罚,15058940,1506,A168_HF9F_20260827_0900,2026-08-27 09:00:00
2026-06-30,17529000,1396,0,11.0576799445,0.2571553475,0.2571553475,1.0000000,4,2,0.50009317792205362,0.499948100000,0.9998136615169075,1.0001038053877793,0.9998136615169075,0.00014507792205362,ELIGIBLE,R03b_20260811_FULL_v1,L1_ELIGIBILITY,v2026-08-11,2026-03-21..2026-08-06,baccarat_bet02_101_all_pairs_incl_sentinel,round_win = game_pnl > 0 (decisive only),COMPATIBILITY_ONLY_NOT_PRODUCTION,234594.9955,169540.3402,9810.4062,19851,11308,-0.04181848,-0.03860046,-0.05116595,-0.04181848,-9810.4062,234594.9955,OK,0.0000,294.3122,3.0000,97.0000,AG03-UNRESOLVED,ALL5_LEVELS_bet23_to_bet27,294.3122,294.3122,294.3122,392.4162,490.5203,3.000000,3.000000,3.000000,4.000000,5.000000,97.000000,97.000000,97.000000,96.000000,95.000000,5.0,1765.8731,1644.6383,8044.5331,8165.7679,PENDING_AG03,FALSE,NOT_FOR_ENFORCEMENT,9516.0940,164454.1300,9810.4062,9516.0940,294.3122,0.04181848,0.04056393,294.3122,9516.0940,0.04056393,294.3122,294.3122,294.3122,392.4162,490.5203,9516.0940,0.04056393,1765.8731,1644.6383,8044.5331,8165.7679,0.03429115,0.03480794,0.00125455,11.8178,14.9930,0.8676,208.7320,5.3202,4991.3829,240.5957,12.7170,9.8041,2.5818,2.84,3.3563,4.9054,16.007,177.8754,0.2582,0.0,5.636364,62.633151,4.16126,29,188,6,10,0.74390005,0.04181848,0.03860046,0E-8,0.000000,0.722694,0.000000,0.01256549,2026-05-12,2026-08-02,47,1844,580,83,0.566265,1.297104,1.076088,2.479667,,,,,,,,GLOBAL_BASELINE_NO_ENTITY_RANKING,,,NOT_APPLICABLE_GLOBAL_BASELINE,HF9g-P5,,,,X 全窗基线 · 不参与实体赏罚,15058941,1506,A168_HF9F_20260827_0900,2026-08-27 09:00:00
2026-06-30,17529000,1400,0,107.2337799268,-5.6188443432,-5.6188443432,0.2222222,34,19,0.50020103768474342,0.499948100000,-2.358728655938505,-2.356582230547262,-2.358728655938505,0.00025293768474342,ELIGIBLE,R03b_20260811_FULL_v1,L1_ELIGIBILITY,v2026-08-11,2026-03-21..2026-08-06,baccarat_bet02_101_all_pairs_incl_sentinel,round_win = game_pnl > 0 (decisive only),COMPATIBILITY_ONLY_NOT_PRODUCTION,234594.9955,169540.3402,9810.4062,19851,11308,-0.04181848,-0.03860046,-0.05116595,-0.04181848,-9810.4062,234594.9955,OK,0.0000,294.3122,3.0000,97.0000,AG03-UNRESOLVED,ALL5_LEVELS_bet23_to_bet27,294.3122,294.3122,294.3122,392.4162,490.5203,3.000000,3.000000,3.000000,4.000000,5.000000,97.000000,97.000000,97.000000,96.000000,95.000000,5.0,1765.8731,1644.6383,8044.5331,8165.7679,PENDING_AG03,FALSE,NOT_FOR_ENFORCEMENT,9516.0940,164454.1300,9810.4062,9516.0940,294.3122,0.04181848,0.04056393,294.3122,9516.0940,0.04056393,294.3122,294.3122,294.3122,392.4162,490.5203,9516.0940,0.04056393,1765.8731,1644.6383,8044.5331,8165.7679,0.03429115,0.03480794,0.00125455,11.8178,14.9930,0.8676,208.7320,5.3202,4991.3829,240.5957,12.7170,9.8041,2.5818,2.84,3.3563,4.9054,16.007,177.8754,0.2582,0.0,5.636364,62.633151,4.16126,29,188,6,10,0.74390005,0.04181848,0.03860046,0E-8,0.000000,0.722694,0.000000,0.01256549,2026-05-12,2026-08-02,47,1844,580,83,0.566265,1.297104,1.076088,2.479667,,,,,,,,GLOBAL_BASELINE_NO_ENTITY_RANKING,,,NOT_APPLICABLE_GLOBAL_BASELINE,HF9g-P5,,,,X 全窗基线 · 不参与实体赏罚,15058942,1506,A168_HF9F_20260827_0900,2026-08-27 09:00:00
2026-06-30,17529000,1505,0,34.0794671210,-1.0843466811,-1.0843466811,0.6000000,12,6,0.50025759956707741,0.499948100000,0.4460616344131454,0.44744570176651083,0.4460616344131454,0.00030949956707741,ELIGIBLE,R03b_20260811_FULL_v1,L1_ELIGIBILITY,v2026-08-11,2026-03-21..2026-08-06,baccarat_bet02_101_all_pairs_incl_sentinel,round_win = game_pnl > 0 (decisive only),COMPATIBILITY_ONLY_NOT_PRODUCTION,234594.9955,169540.3402,9810.4062,19851,11308,-0.04181848,-0.03860046,-0.05116595,-0.04181848,-9810.4062,234594.9955,OK,0.0000,294.3122,3.0000,97.0000,AG03-UNRESOLVED,ALL5_LEVELS_bet23_to_bet27,294.3122,294.3122,294.3122,392.4162,490.5203,3.000000,3.000000,3.000000,4.000000,5.000000,97.000000,97.000000,97.000000,96.000000,95.000000,5.0,1765.8731,1644.6383,8044.5331,8165.7679,PENDING_AG03,FALSE,NOT_FOR_ENFORCEMENT,9516.0940,164454.1300,9810.4062,9516.0940,294.3122,0.04181848,0.04056393,294.3122,9516.0940,0.04056393,294.3122,294.3122,294.3122,392.4162,490.5203,9516.0940,0.04056393,1765.8731,1644.6383,8044.5331,8165.7679,0.03429115,0.03480794,0.00125455,11.8178,14.9930,0.8676,208.7320,5.3202,4991.3829,240.5957,12.7170,9.8041,2.5818,2.84,3.3563,4.9054,16.007,177.8754,0.2582,0.0,5.636364,62.633151,4.16126,29,188,6,10,0.74390005,0.04181848,0.03860046,0E-8,0.000000,0.722694,0.000000,0.01256549,2026-05-12,2026-08-02,47,1844,580,83,0.566265,1.297104,1.076088,2.479667,,,,,,,,GLOBAL_BASELINE_NO_ENTITY_RANKING,,,NOT_APPLICABLE_GLOBAL_BASELINE,HF9g-P5,,,,X 全窗基线 · 不参与实体赏罚,15058943,1506,A168_HF9F_20260827_0900,2026-08-27 09:00:00
2026-06-30,17529000,2088,0,56.2827563058,5.4217334058,5.4217334058,0.6000000,19,10,0.50043985808708466,0.500618360000,0.6296738688813345,0.628545160678458,0.6296738688813345,-0.00017850191291534,ELIGIBLE,R03b_20260811_FULL_v1,L1_ELIGIBILITY,v2026-08-11,2026-03-21..2026-08-06,baccarat_bet02_101_all_pairs_incl_sentinel,round_win = game_pnl > 0 (decisive only),COMPATIBILITY_ONLY_NOT_PRODUCTION,234594.9955,169540.3402,9810.4062,19851,11308,-0.04181848,-0.03860046,-0.05116595,-0.04181848,-9810.4062,234594.9955,OK,0.0000,294.3122,3.0000,97.0000,AG03-UNRESOLVED,ALL5_LEVELS_bet23_to_bet27,294.3122,294.3122,294.3122,392.4162,490.5203,3.000000,3.000000,3.000000,4.000000,5.000000,97.000000,97.000000,97.000000,96.000000,95.000000,5.0,1765.8731,1644.6383,8044.5331,8165.7679,PENDING_AG03,FALSE,NOT_FOR_ENFORCEMENT,9516.0940,164454.1300,9810.4062,9516.0940,294.3122,0.04181848,0.04056393,294.3122,9516.0940,0.04056393,294.3122,294.3122,294.3122,392.4162,490.5203,9516.0940,0.04056393,1765.8731,1644.6383,8044.5331,8165.7679,0.03429115,0.03480794,0.00125455,11.8178,14.9930,0.8676,208.7320,5.3202,4991.3829,240.5957,12.7170,9.8041,2.5818,2.84,3.3563,4.9054,16.007,177.8754,0.2582,0.0,5.636364,62.633151,4.16126,29,188,6,10,0.74390005,0.04181848,0.03860046,0E-8,0.000000,0.722694,0.000000,0.01256549,2026-05-12,2026-08-02,47,1844,580,83,0.566265,1.297104,1.076088,2.479667,,,,,,,,GLOBAL_BASELINE_NO_ENTITY_RANKING,,,NOT_APPLICABLE_GLOBAL_BASELINE,HF9g-P5,,,,X 全窗基线 · 不参与实体赏罚,15058944,1506,A168_HF9F_20260827_0900,2026-08-27 09:00:00
2026-06-30,17529000,2093,0,12.6006120298,1.0671946924,1.0671946924,0.5000000,4,2,0.50112161919184747,0.499948100000,-0.0031724261278793446,0.00014679536856514622,-0.0031724261278793446,0.00117351919184747,ELIGIBLE,R03b_20260811_FULL_v1,L1_ELIGIBILITY,v2026-08-11,2026-03-21..2026-08-06,baccarat_bet02_101_all_pairs_incl_sentinel,round_win = game_pnl > 0 (decisive only),COMPATIBILITY_ONLY_NOT_PRODUCTION,234594.9955,169540.3402,9810.4062,19851,11308,-0.04181848,-0.03860046,-0.05116595,-0.04181848,-9810.4062,234594.9955,OK,0.0000,294.3122,3.0000,97.0000,AG03-UNRESOLVED,ALL5_LEVELS_bet23_to_bet27,294.3122,294.3122,294.3122,392.4162,490.5203,3.000000,3.000000,3.000000,4.000000,5.000000,97.000000,97.000000,97.000000,96.000000,95.000000,5.0,1765.8731,1644.6383,8044.5331,8165.7679,PENDING_AG03,FALSE,NOT_FOR_ENFORCEMENT,9516.0940,164454.1300,9810.4062,9516.0940,294.3122,0.04181848,0.04056393,294.3122,9516.0940,0.04056393,294.3122,294.3122,294.3122,392.4162,490.5203,9516.0940,0.04056393,1765.8731,1644.6383,8044.5331,8165.7679,0.03429115,0.03480794,0.00125455,11.8178,14.9930,0.8676,208.7320,5.3202,4991.3829,240.5957,12.7170,9.8041,2.5818,2.84,3.3563,4.9054,16.007,177.8754,0.2582,0.0,5.636364,62.633151,4.16126,29,188,6,10,0.74390005,0.04181848,0.03860046,0E-8,0.000000,0.722694,0.000000,0.01256549,2026-05-12,2026-08-02,47,1844,580,83,0.566265,1.297104,1.076088,2.479667,,,,,,,,GLOBAL_BASELINE_NO_ENTITY_RANKING,,,NOT_APPLICABLE_GLOBAL_BASELINE,HF9g-P5,,,,X 全窗基线 · 不参与实体赏罚,15058945,1506,A168_HF9F_20260827_0900,2026-08-27 09:00:00
2026-06-30,17529000,2177,0,78.2733792868,11.8048605316,11.8048605316,0.6153846,24,14,0.50029357126859857,0.499948100000,0.8299334648681062,0.832424555044691,0.8299334648681062,0.00034547126859857,ELIGIBLE,R03b_20260811_FULL_v1,L1_ELIGIBILITY,v2026-08-11,2026-03-21..2026-08-06,baccarat_bet02_101_all_pairs_incl_sentinel,round_win = game_pnl > 0 (decisive only),COMPATIBILITY_ONLY_NOT_PRODUCTION,234594.9955,169540.3402,9810.4062,19851,11308,-0.04181848,-0.03860046,-0.05116595,-0.04181848,-9810.4062,234594.9955,OK,0.0000,294.3122,3.0000,97.0000,AG03-UNRESOLVED,ALL5_LEVELS_bet23_to_bet27,294.3122,294.3122,294.3122,392.4162,490.5203,3.000000,3.000000,3.000000,4.000000,5.000000,97.000000,97.000000,97.000000,96.000000,95.000000,5.0,1765.8731,1644.6383,8044.5331,8165.7679,PENDING_AG03,FALSE,NOT_FOR_ENFORCEMENT,9516.0940,164454.1300,9810.4062,9516.0940,294.3122,0.04181848,0.04056393,294.3122,9516.0940,0.04056393,294.3122,294.3122,294.3122,392.4162,490.5203,9516.0940,0.04056393,1765.8731,1644.6383,8044.5331,8165.7679,0.03429115,0.03480794,0.00125455,11.8178,14.9930,0.8676,208.7320,5.3202,4991.3829,240.5957,12.7170,9.8041,2.5818,2.84,3.3563,4.9054,16.007,177.8754,0.2582,0.0,5.636364,62.633151,4.16126,29,188,6,10,0.74390005,0.04181848,0.03860046,0E-8,0.000000,0.722694,0.000000,0.01256549,2026-05-12,2026-08-02,47,1844,580,83,0.566265,1.297104,1.076088,2.479667,,,,,,,,GLOBAL_BASELINE_NO_ENTITY_RANKING,,,NOT_APPLICABLE_GLOBAL_BASELINE,HF9g-P5,,,,X 全窗基线 · 不参与实体赏罚,15058946,1506,A168_HF9F_20260827_0900,2026-08-27 09:00:00
2026-06-30,17529000,2196,0,146.3868019517,-125.8616683447,-125.8616683447,0.1250000,10,8,0.50173168236714129,0.501623750000,-2.131128999689897,-2.130516895165437,-2.131128999689897,0.00010793236714129,ELIGIBLE,R03b_20260811_FULL_v1,L1_ELIGIBILITY,v2026-08-11,2026-03-21..2026-08-06,baccarat_bet02_101_all_pairs_incl_sentinel,round_win = game_pnl > 0 (decisive only),COMPATIBILITY_ONLY_NOT_PRODUCTION,234594.9955,169540.3402,9810.4062,19851,11308,-0.04181848,-0.03860046,-0.05116595,-0.04181848,-9810.4062,234594.9955,OK,0.0000,294.3122,3.0000,97.0000,AG03-UNRESOLVED,ALL5_LEVELS_bet23_to_bet27,294.3122,294.3122,294.3122,392.4162,490.5203,3.000000,3.000000,3.000000,4.000000,5.000000,97.000000,97.000000,97.000000,96.000000,95.000000,5.0,1765.8731,1644.6383,8044.5331,8165.7679,PENDING_AG03,FALSE,NOT_FOR_ENFORCEMENT,9516.0940,164454.1300,9810.4062,9516.0940,294.3122,0.04181848,0.04056393,294.3122,9516.0940,0.04056393,294.3122,294.3122,294.3122,392.4162,490.5203,9516.0940,0.04056393,1765.8731,1644.6383,8044.5331,8165.7679,0.03429115,0.03480794,0.00125455,11.8178,14.9930,0.8676,208.7320,5.3202,4991.3829,240.5957,12.7170,9.8041,2.5818,2.84,3.3563,4.9054,16.007,177.8754,0.2582,0.0,5.636364,62.633151,4.16126,29,188,6,10,0.74390005,0.04181848,0.03860046,0E-8,0.000000,0.722694,0.000000,0.01256549,2026-05-12,2026-08-02,47,1844,580,83,0.566265,1.297104,1.076088,2.479667,,,,,,,,GLOBAL_BASELINE_NO_ENTITY_RANKING,,,NOT_APPLICABLE_GLOBAL_BASELINE,HF9g-P5,,,,X 全窗基线 · 不参与实体赏罚,15058947,1506,A168_HF9F_20260827_0900,2026-08-27 09:00:00
2026-06-30,17529000,2224,0,5.6574176460,0E-10,0E-10,,2,1,0.50055742727261957,0.499948100000,,,,0.00060932727261957,NO_DECISIVE_ROUND,R03b_20260811_FULL_v1,L1_ELIGIBILITY,v2026-08-11,2026-03-21..2026-08-06,baccarat_bet02_101_all_pairs_incl_sentinel,round_win = game_pnl > 0 (decisive only),COMPATIBILITY_ONLY_NOT_PRODUCTION,234594.9955,169540.3402,9810.4062,19851,11308,-0.04181848,-0.03860046,-0.05116595,-0.04181848,-9810.4062,234594.9955,OK,0.0000,294.3122,3.0000,97.0000,AG03-UNRESOLVED,ALL5_LEVELS_bet23_to_bet27,294.3122,294.3122,294.3122,392.4162,490.5203,3.000000,3.000000,3.000000,4.000000,5.000000,97.000000,97.000000,97.000000,96.000000,95.000000,5.0,1765.8731,1644.6383,8044.5331,8165.7679,PENDING_AG03,FALSE,NOT_FOR_ENFORCEMENT,9516.0940,164454.1300,9810.4062,9516.0940,294.3122,0.04181848,0.04056393,294.3122,9516.0940,0.04056393,294.3122,294.3122,294.3122,392.4162,490.5203,9516.0940,0.04056393,1765.8731,1644.6383,8044.5331,8165.7679,0.03429115,0.03480794,0.00125455,11.8178,14.9930,0.8676,208.7320,5.3202,4991.3829,240.5957,12.7170,9.8041,2.5818,2.84,3.3563,4.9054,16.007,177.8754,0.2582,0.0,5.636364,62.633151,4.16126,29,188,6,10,0.74390005,0.04181848,0.03860046,0E-8,0.000000,0.722694,0.000000,0.01256549,2026-05-12,2026-08-02,47,1844,580,83,0.566265,1.297104,1.076088,2.479667,,,,,,,,GLOBAL_BASELINE_NO_ENTITY_RANKING,,,NOT_APPLICABLE_GLOBAL_BASELINE,HF9g-P5,,,,X 全窗基线 · 不参与实体赏罚,15058948,1506,A168_HF9F_20260827_0900,2026-08-27 09:00:00
2026-06-30,17529000,2235,0,85.1184200379,8.7175662813,8.7175662813,0.7333333,27,16,0.50137033671652840,0.501204837500,1.7967843937642807,1.798064817354827,1.7967843937642807,0.00016549921652840,ELIGIBLE,R03b_20260811_FULL_v1,L1_ELIGIBILITY,v2026-08-11,2026-03-21..2026-08-06,baccarat_bet02_101_all_pairs_incl_sentinel,round_win = game_pnl > 0 (decisive only),COMPATIBILITY_ONLY_NOT_PRODUCTION,234594.9955,169540.3402,9810.4062,19851,11308,-0.04181848,-0.03860046,-0.05116595,-0.04181848,-9810.4062,234594.9955,OK,0.0000,294.3122,3.0000,97.0000,AG03-UNRESOLVED,ALL5_LEVELS_bet23_to_bet27,294.3122,294.3122,294.3122,392.4162,490.5203,3.000000,3.000000,3.000000,4.000000,5.000000,97.000000,97.000000,97.000000,96.000000,95.000000,5.0,1765.8731,1644.6383,8044.5331,8165.7679,PENDING_AG03,FALSE,NOT_FOR_ENFORCEMENT,9516.0940,164454.1300,9810.4062,9516.0940,294.3122,0.04181848,0.04056393,294.3122,9516.0940,0.04056393,294.3122,294.3122,294.3122,392.4162,490.5203,9516.0940,0.04056393,1765.8731,1644.6383,8044.5331,8165.7679,0.03429115,0.03480794,0.00125455,11.8178,14.9930,0.8676,208.7320,5.3202,4991.3829,240.5957,12.7170,9.8041,2.5818,2.84,3.3563,4.9054,16.007,177.8754,0.2582,0.0,5.636364,62.633151,4.16126,29,188,6,10,0.74390005,0.04181848,0.03860046,0E-8,0.000000,0.722694,0.000000,0.01256549,2026-05-12,2026-08-02,47,1844,580,83,0.566265,1.297104,1.076088,2.479667,,,,,,,,GLOBAL_BASELINE_NO_ENTITY_RANKING,,,NOT_APPLICABLE_GLOBAL_BASELINE,HF9g-P5,,,,X 全窗基线 · 不参与实体赏罚,15058949,1506,A168_HF9F_20260827_0900,2026-08-27 09:00:00
2026-06-30,17529000,2246,0,56.2827563057,2.0137866937,2.0137866937,0.5000000,17,10,0.49948062669552191,0.499277840000,0.0032848069682226205,0.004567345634015994,0.0032848069682226205,0.00020278669552191,ELIGIBLE,R03b_20260811_FULL_v1,L1_ELIGIBILITY,v2026-08-11,2026-03-21..2026-08-06,baccarat_bet02_101_all_pairs_incl_sentinel,round_win = game_pnl > 0 (decisive only),COMPATIBILITY_ONLY_NOT_PRODUCTION,234594.9955,169540.3402,9810.4062,19851,11308,-0.04181848,-0.03860046,-0.05116595,-0.04181848,-9810.4062,234594.9955,OK,0.0000,294.3122,3.0000,97.0000,AG03-UNRESOLVED,ALL5_LEVELS_bet23_to_bet27,294.3122,294.3122,294.3122,392.4162,490.5203,3.000000,3.000000,3.000000,4.000000,5.000000,97.000000,97.000000,97.000000,96.000000,95.000000,5.0,1765.8731,1644.6383,8044.5331,8165.7679,PENDING_AG03,FALSE,NOT_FOR_ENFORCEMENT,9516.0940,164454.1300,9810.4062,9516.0940,294.3122,0.04181848,0.04056393,294.3122,9516.0940,0.04056393,294.3122,294.3122,294.3122,392.4162,490.5203,9516.0940,0.04056393,1765.8731,1644.6383,8044.5331,8165.7679,0.03429115,0.03480794,0.00125455,11.8178,14.9930,0.8676,208.7320,5.3202,4991.3829,240.5957,12.7170,9.8041,2.5818,2.84,3.3563,4.9054,16.007,177.8754,0.2582,0.0,5.636364,62.633151,4.16126,29,188,6,10,0.74390005,0.04181848,0.03860046,0E-8,0.000000,0.722694,0.000000,0.01256549,2026-05-12,2026-08-02,47,1844,580,83,0.566265,1.297104,1.076088,2.479667,,,,,,,,GLOBAL_BASELINE_NO_ENTITY_RANKING,,,NOT_APPLICABLE_GLOBAL_BASELINE,HF9g-P5,,,,X 全窗基线 · 不参与实体赏罚,15058950,1506,A168_HF9F_20260827_0900,2026-08-27 09:00:00
2026-06-30,17529000,2251,0,75.8608275262,-1.4272121788,-1.4272121788,0.4545455,26,13,0.50035465243786589,0.499948100000,-0.303863919151551,-0.3011670805469781,-0.303863919151551,0.00040655243786589,ELIGIBLE,R03b_20260811_FULL_v1,L1_ELIGIBILITY,v2026-08-11,2026-03-21..2026-08-06,baccarat_bet02_101_all_pairs_incl_sentinel,round_win = game_pnl > 0 (decisive only),COMPATIBILITY_ONLY_NOT_PRODUCTION,234594.9955,169540.3402,9810.4062,19851,11308,-0.04181848,-0.03860046,-0.05116595,-0.04181848,-9810.4062,234594.9955,OK,0.0000,294.3122,3.0000,97.0000,AG03-UNRESOLVED,ALL5_LEVELS_bet23_to_bet27,294.3122,294.3122,294.3122,392.4162,490.5203,3.000000,3.000000,3.000000,4.000000,5.000000,97.000000,97.000000,97.000000,96.000000,95.000000,5.0,1765.8731,1644.6383,8044.5331,8165.7679,PENDING_AG03,FALSE,NOT_FOR_ENFORCEMENT,9516.0940,164454.1300,9810.4062,9516.0940,294.3122,0.04181848,0.04056393,294.3122,9516.0940,0.04056393,294.3122,294.3122,294.3122,392.4162,490.5203,9516.0940,0.04056393,1765.8731,1644.6383,8044.5331,8165.7679,0.03429115,0.03480794,0.00125455,11.8178,14.9930,0.8676,208.7320,5.3202,4991.3829,240.5957,12.7170,9.8041,2.5818,2.84,3.3563,4.9054,16.007,177.8754,0.2582,0.0,5.636364,62.633151,4.16126,29,188,6,10,0.74390005,0.04181848,0.03860046,0E-8,0.000000,0.722694,0.000000,0.01256549,2026-05-12,2026-08-02,47,1844,580,83,0.566265,1.297104,1.076088,2.479667,,,,,,,,GLOBAL_BASELINE_NO_ENTITY_RANKING,,,NOT_APPLICABLE_GLOBAL_BASELINE,HF9g-P5,,,,X 全窗基线 · 不参与实体赏罚,15058951,1506,A168_HF9F_20260827_0900,2026-08-27 09:00:00
2026-06-30,17529000,2252,0,26.3341336844,2.9948622622,2.9948622622,0.6000000,9,5,0.50158533588932733,0.501288620000,0.4401259702024016,0.4414521777673877,0.4401259702024016,0.00029671588932733,ELIGIBLE,R03b_20260811_FULL_v1,L1_ELIGIBILITY,v2026-08-11,2026-03-21..2026-08-06,baccarat_bet02_101_all_pairs_incl_sentinel,round_win = game_pnl > 0 (decisive only),COMPATIBILITY_ONLY_NOT_PRODUCTION,234594.9955,169540.3402,9810.4062,19851,11308,-0.04181848,-0.03860046,-0.05116595,-0.04181848,-9810.4062,234594.9955,OK,0.0000,294.3122,3.0000,97.0000,AG03-UNRESOLVED,ALL5_LEVELS_bet23_to_bet27,294.3122,294.3122,294.3122,392.4162,490.5203,3.000000,3.000000,3.000000,4.000000,5.000000,97.000000,97.000000,97.000000,96.000000,95.000000,5.0,1765.8731,1644.6383,8044.5331,8165.7679,PENDING_AG03,FALSE,NOT_FOR_ENFORCEMENT,9516.0940,164454.1300,9810.4062,9516.0940,294.3122,0.04181848,0.04056393,294.3122,9516.0940,0.04056393,294.3122,294.3122,294.3122,392.4162,490.5203,9516.0940,0.04056393,1765.8731,1644.6383,8044.5331,8165.7679,0.03429115,0.03480794,0.00125455,11.8178,14.9930,0.8676,208.7320,5.3202,4991.3829,240.5957,12.7170,9.8041,2.5818,2.84,3.3563,4.9054,16.007,177.8754,0.2582,0.0,5.636364,62.633151,4.16126,29,188,6,10,0.74390005,0.04181848,0.03860046,0E-8,0.000000,0.722694,0.000000,0.01256549,2026-05-12,2026-08-02,47,1844,580,83,0.566265,1.297104,1.076088,2.479667,,,,,,,,GLOBAL_BASELINE_NO_ENTITY_RANKING,,,NOT_APPLICABLE_GLOBAL_BASELINE,HF9g-P5,,,,X 全窗基线 · 不参与实体赏罚,15058952,1506,A168_HF9F_20260827_0900,2026-08-27 09:00:00
2026-06-30,17529000,2281,0,85.1986678025,3.8468489403,3.8468489403,0.3846154,27,15,0.50190406157122935,0.501288620000,-0.8457868103298665,-0.8413454594897705,-0.8457868103298665,0.00061544157122935,ELIGIBLE,R03b_20260811_FULL_v1,L1_ELIGIBILITY,v2026-08-11,2026-03-21..2026-08-06,baccarat_bet02_101_all_pairs_incl_sentinel,round_win = game_pnl > 0 (decisive only),COMPATIBILITY_ONLY_NOT_PRODUCTION,234594.9955,169540.3402,9810.4062,19851,11308,-0.04181848,-0.03860046,-0.05116595,-0.04181848,-9810.4062,234594.9955,OK,0.0000,294.3122,3.0000,97.0000,AG03-UNRESOLVED,ALL5_LEVELS_bet23_to_bet27,294.3122,294.3122,294.3122,392.4162,490.5203,3.000000,3.000000,3.000000,4.000000,5.000000,97.000000,97.000000,97.000000,96.000000,95.000000,5.0,1765.8731,1644.6383,8044.5331,8165.7679,PENDING_AG03,FALSE,NOT_FOR_ENFORCEMENT,9516.0940,164454.1300,9810.4062,9516.0940,294.3122,0.04181848,0.04056393,294.3122,9516.0940,0.04056393,294.3122,294.3122,294.3122,392.4162,490.5203,9516.0940,0.04056393,1765.8731,1644.6383,8044.5331,8165.7679,0.03429115,0.03480794,0.00125455,11.8178,14.9930,0.8676,208.7320,5.3202,4991.3829,240.5957,12.7170,9.8041,2.5818,2.84,3.3563,4.9054,16.007,177.8754,0.2582,0.0,5.636364,62.633151,4.16126,29,188,6,10,0.74390005,0.04181848,0.03860046,0E-8,0.000000,0.722694,0.000000,0.01256549,2026-05-12,2026-08-02,47,1844,580,83,0.566265,1.297104,1.076088,2.479667,,,,,,,,GLOBAL_BASELINE_NO_ENTITY_RANKING,,,NOT_APPLICABLE_GLOBAL_BASELINE,HF9g-P5,,,,X 全窗基线 · 不参与实体赏罚,15058953,1506,A168_HF9F_20260827_0900,2026-08-27 09:00:00
2026-06-30,17529000,986,0,32.5304004337,2.9432267058,2.9432267058,0.6000000,11,6,0.49853474667794733,0.498831000000,0.45376835602051785,0.4524427590143007,0.45376835602051785,-0.00029625332205267,ELIGIBLE,R03b_20260811_FULL_v1,L1_ELIGIBILITY,v2026-08-11,2026-03-21..2026-08-06,baccarat_bet02_101_all_pairs_incl_sentinel,round_win = game_pnl > 0 (decisive only),COMPATIBILITY_ONLY_NOT_PRODUCTION,234594.9955,169540.3402,9810.4062,19851,11308,-0.04181848,-0.03860046,-0.05116595,-0.04181848,-9810.4062,234594.9955,OK,0.0000,294.3122,3.0000,97.0000,AG03-UNRESOLVED,ALL5_LEVELS_bet23_to_bet27,294.3122,294.3122,294.3122,392.4162,490.5203,3.000000,3.000000,3.000000,4.000000,5.000000,97.000000,97.000000,97.000000,96.000000,95.000000,5.0,1765.8731,1644.6383,8044.5331,8165.7679,PENDING_AG03,FALSE,NOT_FOR_ENFORCEMENT,9516.0940,164454.1300,9810.4062,9516.0940,294.3122,0.04181848,0.04056393,294.3122,9516.0940,0.04056393,294.3122,294.3122,294.3122,392.4162,490.5203,9516.0940,0.04056393,1765.8731,1644.6383,8044.5331,8165.7679,0.03429115,0.03480794,0.00125455,11.8178,14.9930,0.8676,208.7320,5.3202,4991.3829,240.5957,12.7170,9.8041,2.5818,2.84,3.3563,4.9054,16.007,177.8754,0.2582,0.0,5.636364,62.633151,4.16126,29,188,6,10,0.74390005,0.04181848,0.03860046,0E-8,0.000000,0.722694,0.000000,0.01256549,2026-05-12,2026-08-02,47,1844,580,83,0.566265,1.297104,1.076088,2.479667,,,,,,,,GLOBAL_BASELINE_NO_ENTITY_RANKING,,,NOT_APPLICABLE_GLOBAL_BASELINE,HF9g-P5,,,,X 全窗基线 · 不参与实体赏罚,15058954,1506,A168_HF9F_20260827_0900,2026-08-27 09:00:00
2026-06-30,17529000,994,0,98.7476534578,7.1746341965,7.1746341965,0.5625000,34,18,0.50079581224097346,0.500692833333,0.4936341273264988,0.4944578080335511,0.4936341273264988,0.00010297890797346,ELIGIBLE,R03b_20260811_FULL_v1,L1_ELIGIBILITY,v2026-08-11,2026-03-21..2026-08-06,baccarat_bet02_101_all_pairs_incl_sentinel,round_win = game_pnl > 0 (decisive only),COMPATIBILITY_ONLY_NOT_PRODUCTION,234594.9955,169540.3402,9810.4062,19851,11308,-0.04181848,-0.03860046,-0.05116595,-0.04181848,-9810.4062,234594.9955,OK,0.0000,294.3122,3.0000,97.0000,AG03-UNRESOLVED,ALL5_LEVELS_bet23_to_bet27,294.3122,294.3122,294.3122,392.4162,490.5203,3.000000,3.000000,3.000000,4.000000,5.000000,97.000000,97.000000,97.000000,96.000000,95.000000,5.0,1765.8731,1644.6383,8044.5331,8165.7679,PENDING_AG03,FALSE,NOT_FOR_ENFORCEMENT,9516.0940,164454.1300,9810.4062,9516.0940,294.3122,0.04181848,0.04056393,294.3122,9516.0940,0.04056393,294.3122,294.3122,294.3122,392.4162,490.5203,9516.0940,0.04056393,1765.8731,1644.6383,8044.5331,8165.7679,0.03429115,0.03480794,0.00125455,11.8178,14.9930,0.8676,208.7320,5.3202,4991.3829,240.5957,12.7170,9.8041,2.5818,2.84,3.3563,4.9054,16.007,177.8754,0.2582,0.0,5.636364,62.633151,4.16126,29,188,6,10,0.74390005,0.04181848,0.03860046,0E-8,0.000000,0.722694,0.000000,0.01256549,2026-05-12,2026-08-02,47,1844,580,83,0.566265,1.297104,1.076088,2.479667,,,,,,,,GLOBAL_BASELINE_NO_ENTITY_RANKING,,,NOT_APPLICABLE_GLOBAL_BASELINE,HF9g-P5,,,,X 全窗基线 · 不参与实体赏罚,15058955,1506,A168_HF9F_20260827_0900,2026-08-27 09:00:00
2026-07-01,17529000,1306,0,58.8645341181,7.5387912117,7.5387912117,0.6666667,17,9,0.50109988722971749,0.500692833333,0.8111102184395629,0.8131031852511911,0.8111102184395629,0.00040705389671749,ELIGIBLE,R03b_20260811_FULL_v1,L1_ELIGIBILITY,v2026-08-11,2026-03-21..2026-08-06,baccarat_bet02_101_all_pairs_incl_sentinel,round_win = game_pnl > 0 (decisive only),COMPATIBILITY_ONLY_NOT_PRODUCTION,234594.9955,169540.3402,9810.4062,19851,11308,-0.04181848,-0.03860046,-0.05116595,-0.04181848,-9810.4062,234594.9955,OK,0.0000,294.3122,3.0000,97.0000,AG03-UNRESOLVED,ALL5_LEVELS_bet23_to_bet27,294.3122,294.3122,294.3122,392.4162,490.5203,3.000000,3.000000,3.000000,4.000000,5.000000,97.000000,97.000000,97.000000,96.000000,95.000000,5.0,1765.8731,1644.6383,8044.5331,8165.7679,PENDING_AG03,FALSE,NOT_FOR_ENFORCEMENT,9516.0940,164454.1300,9810.4062,9516.0940,294.3122,0.04181848,0.04056393,294.3122,9516.0940,0.04056393,294.3122,294.3122,294.3122,392.4162,490.5203,9516.0940,0.04056393,1765.8731,1644.6383,8044.5331,8165.7679,0.03429115,0.03480794,0.00125455,11.8178,14.9930,0.8676,208.7320,5.3202,4991.3829,240.5957,12.7170,9.8041,2.5818,2.84,3.3563,4.9054,16.007,177.8754,0.2582,0.0,5.636364,62.633151,4.16126,29,188,6,10,0.74390005,0.04181848,0.03860046,0E-8,0.000000,0.722694,0.000000,0.01256549,2026-05-12,2026-08-02,47,1844,580,83,0.566265,1.297104,1.076088,2.479667,,,,,,,,GLOBAL_BASELINE_NO_ENTITY_RANKING,,,NOT_APPLICABLE_GLOBAL_BASELINE,HF9g-P5,,,,X 全窗基线 · 不参与实体赏罚,15058956,1506,A168_HF9F_20260827_0900,2026-08-27 09:00:00
2026-07-01,17529000,1307,0,29.9486226215,4.1953889448,4.1953889448,0.6666667,10,6,0.50263605748354766,0.502182300000,0.8035937574937456,0.8058132132962729,0.8035937574937456,0.00045375748354766,ELIGIBLE,R03b_20260811_FULL_v1,L1_ELIGIBILITY,v2026-08-11,2026-03-21..2026-08-06,baccarat_bet02_101_all_pairs_incl_sentinel,round_win = game_pnl > 0 (decisive only),COMPATIBILITY_ONLY_NOT_PRODUCTION,234594.9955,169540.3402,9810.4062,19851,11308,-0.04181848,-0.03860046,-0.05116595,-0.04181848,-9810.4062,234594.9955,OK,0.0000,294.3122,3.0000,97.0000,AG03-UNRESOLVED,ALL5_LEVELS_bet23_to_bet27,294.3122,294.3122,294.3122,392.4162,490.5203,3.000000,3.000000,3.000000,4.000000,5.000000,97.000000,97.000000,97.000000,96.000000,95.000000,5.0,1765.8731,1644.6383,8044.5331,8165.7679,PENDING_AG03,FALSE,NOT_FOR_ENFORCEMENT,9516.0940,164454.1300,9810.4062,9516.0940,294.3122,0.04181848,0.04056393,294.3122,9516.0940,0.04056393,294.3122,294.3122,294.3122,392.4162,490.5203,9516.0940,0.04056393,1765.8731,1644.6383,8044.5331,8165.7679,0.03429115,0.03480794,0.00125455,11.8178,14.9930,0.8676,208.7320,5.3202,4991.3829,240.5957,12.7170,9.8041,2.5818,2.84,3.3563,4.9054,16.007,177.8754,0.2582,0.0,5.636364,62.633151,4.16126,29,188,6,10,0.74390005,0.04181848,0.03860046,0E-8,0.000000,0.722694,0.000000,0.01256549,2026-05-12,2026-08-02,47,1844,580,83,0.566265,1.297104,1.076088,2.479667,,,,,,,,GLOBAL_BASELINE_NO_ENTITY_RANKING,,,NOT_APPLICABLE_GLOBAL_BASELINE,HF9g-P5,,,,X 全窗基线 · 不参与实体赏罚,15058957,1506,A168_HF9F_20260827_0900,2026-08-27 09:00:00
2026-07-01,17529000,1318,0,30.4649781840,1.3812511296,1.3812511296,0.6000000,10,5,0.50057483662336476,0.499948100000,0.44464314182167425,0.44744570176651083,0.44464314182167425,0.00062673662336476,ELIGIBLE,R03b_20260811_FULL_v1,L1_ELIGIBILITY,v2026-08-11,2026-03-21..2026-08-06,baccarat_bet02_101_all_pairs_incl_sentinel,round_win = game_pnl > 0 (decisive only),COMPATIBILITY_ONLY_NOT_PRODUCTION,234594.9955,169540.3402,9810.4062,19851,11308,-0.04181848,-0.03860046,-0.05116595,-0.04181848,-9810.4062,234594.9955,OK,0.0000,294.3122,3.0000,97.0000,AG03-UNRESOLVED,ALL5_LEVELS_bet23_to_bet27,294.3122,294.3122,294.3122,392.4162,490.5203,3.000000,3.000000,3.000000,4.000000,5.000000,97.000000,97.000000,97.000000,96.000000,95.000000,5.0,1765.8731,1644.6383,8044.5331,8165.7679,PENDING_AG03,FALSE,NOT_FOR_ENFORCEMENT,9516.0940,164454.1300,9810.4062,9516.0940,294.3122,0.04181848,0.04056393,294.3122,9516.0940,0.04056393,294.3122,294.3122,294.3122,392.4162,490.5203,9516.0940,0.04056393,1765.8731,1644.6383,8044.5331,8165.7679,0.03429115,0.03480794,0.00125455,11.8178,14.9930,0.8676,208.7320,5.3202,4991.3829,240.5957,12.7170,9.8041,2.5818,2.84,3.3563,4.9054,16.007,177.8754,0.2582,0.0,5.636364,62.633151,4.16126,29,188,6,10,0.74390005,0.04181848,0.03860046,0E-8,0.000000,0.722694,0.000000,0.01256549,2026-05-12,2026-08-02,47,1844,580,83,0.566265,1.297104,1.076088,2.479667,,,,,,,,GLOBAL_BASELINE_NO_ENTITY_RANKING,,,NOT_APPLICABLE_GLOBAL_BASELINE,HF9g-P5,,,,X 全窗基线 · 不参与实体赏罚,15058958,1506,A168_HF9F_20260827_0900,2026-08-27 09:00:00
2026-07-01,17529000,1325,0,329.1766710557,84.2175922339,84.2175922339,0.3750000,27,17,0.50250902834335706,0.501919452941,-1.020085070154165,-1.0153631053593164,-1.020085070154165,0.00058957540235706,ELIGIBLE,R03b_20260811_FULL_v1,L1_ELIGIBILITY,v2026-08-11,2026-03-21..2026-08-06,baccarat_bet02_101_all_pairs_incl_sentinel,round_win = game_pnl > 0 (decisive only),COMPATIBILITY_ONLY_NOT_PRODUCTION,234594.9955,169540.3402,9810.4062,19851,11308,-0.04181848,-0.03860046,-0.05116595,-0.04181848,-9810.4062,234594.9955,OK,0.0000,294.3122,3.0000,97.0000,AG03-UNRESOLVED,ALL5_LEVELS_bet23_to_bet27,294.3122,294.3122,294.3122,392.4162,490.5203,3.000000,3.000000,3.000000,4.000000,5.000000,97.000000,97.000000,97.000000,96.000000,95.000000,5.0,1765.8731,1644.6383,8044.5331,8165.7679,PENDING_AG03,FALSE,NOT_FOR_ENFORCEMENT,9516.0940,164454.1300,9810.4062,9516.0940,294.3122,0.04181848,0.04056393,294.3122,9516.0940,0.04056393,294.3122,294.3122,294.3122,392.4162,490.5203,9516.0940,0.04056393,1765.8731,1644.6383,8044.5331,8165.7679,0.03429115,0.03480794,0.00125455,11.8178,14.9930,0.8676,208.7320,5.3202,4991.3829,240.5957,12.7170,9.8041,2.5818,2.84,3.3563,4.9054,16.007,177.8754,0.2582,0.0,5.636364,62.633151,4.16126,29,188,6,10,0.74390005,0.04181848,0.03860046,0E-8,0.000000,0.722694,0.000000,0.01256549,2026-05-12,2026-08-02,47,1844,580,83,0.566265,1.297104,1.076088,2.479667,,,,,,,,GLOBAL_BASELINE_NO_ENTITY_RANKING,,,NOT_APPLICABLE_GLOBAL_BASELINE,HF9g-P5,,,,X 全窗基线 · 不参与实体赏罚,15058959,1506,A168_HF9F_20260827_0900,2026-08-27 09:00:00
2026-07-01,17529000,1330,0,166.7828466681,39.0106627425,39.0106627425,0.1818182,17,11,0.50063197324060658,0.500557427273,-2.114773137517529,-2.114278280188591,-2.114773137517529,0.00007454596760658,ELIGIBLE,R03b_20260811_FULL_v1,L1_ELIGIBILITY,v2026-08-11,2026-03-21..2026-08-06,baccarat_bet02_101_all_pairs_incl_sentinel,round_win = game_pnl > 0 (decisive only),COMPATIBILITY_ONLY_NOT_PRODUCTION,234594.9955,169540.3402,9810.4062,19851,11308,-0.04181848,-0.03860046,-0.05116595,-0.04181848,-9810.4062,234594.9955,OK,0.0000,294.3122,3.0000,97.0000,AG03-UNRESOLVED,ALL5_LEVELS_bet23_to_bet27,294.3122,294.3122,294.3122,392.4162,490.5203,3.000000,3.000000,3.000000,4.000000,5.000000,97.000000,97.000000,97.000000,96.000000,95.000000,5.0,1765.8731,1644.6383,8044.5331,8165.7679,PENDING_AG03,FALSE,NOT_FOR_ENFORCEMENT,9516.0940,164454.1300,9810.4062,9516.0940,294.3122,0.04181848,0.04056393,294.3122,9516.0940,0.04056393,294.3122,294.3122,294.3122,392.4162,490.5203,9516.0940,0.04056393,1765.8731,1644.6383,8044.5331,8165.7679,0.03429115,0.03480794,0.00125455,11.8178,14.9930,0.8676,208.7320,5.3202,4991.3829,240.5957,12.7170,9.8041,2.5818,2.84,3.3563,4.9054,16.007,177.8754,0.2582,0.0,5.636364,62.633151,4.16126,29,188,6,10,0.74390005,0.04181848,0.03860046,0E-8,0.000000,0.722694,0.000000,0.01256549,2026-05-12,2026-08-02,47,1844,580,83,0.566265,1.297104,1.076088,2.479667,,,,,,,,GLOBAL_BASELINE_NO_ENTITY_RANKING,,,NOT_APPLICABLE_GLOBAL_BASELINE,HF9g-P5,,,,X 全窗基线 · 不参与实体赏罚,15058960,1506,A168_HF9F_20260827_0900,2026-08-27 09:00:00
2026-07-01,17529000,1331,0,41.0502672139,2.9303178169,2.9303178169,0.7142857,14,7,0.49944132850064624,0.499948100000,1.1368503403851025,1.134168054123783,1.1368503403851025,-0.00050677149935376,ELIGIBLE,R03b_20260811_FULL_v1,L1_ELIGIBILITY,v2026-08-11,2026-03-21..2026-08-06,baccarat_bet02_101_all_pairs_incl_sentinel,round_win = game_pnl > 0 (decisive only),COMPATIBILITY_ONLY_NOT_PRODUCTION,234594.9955,169540.3402,9810.4062,19851,11308,-0.04181848,-0.03860046,-0.05116595,-0.04181848,-9810.4062,234594.9955,OK,0.0000,294.3122,3.0000,97.0000,AG03-UNRESOLVED,ALL5_LEVELS_bet23_to_bet27,294.3122,294.3122,294.3122,392.4162,490.5203,3.000000,3.000000,3.000000,4.000000,5.000000,97.000000,97.000000,97.000000,96.000000,95.000000,5.0,1765.8731,1644.6383,8044.5331,8165.7679,PENDING_AG03,FALSE,NOT_FOR_ENFORCEMENT,9516.0940,164454.1300,9810.4062,9516.0940,294.3122,0.04181848,0.04056393,294.3122,9516.0940,0.04056393,294.3122,294.3122,294.3122,392.4162,490.5203,9516.0940,0.04056393,1765.8731,1644.6383,8044.5331,8165.7679,0.03429115,0.03480794,0.00125455,11.8178,14.9930,0.8676,208.7320,5.3202,4991.3829,240.5957,12.7170,9.8041,2.5818,2.84,3.3563,4.9054,16.007,177.8754,0.2582,0.0,5.636364,62.633151,4.16126,29,188,6,10,0.74390005,0.04181848,0.03860046,0E-8,0.000000,0.722694,0.000000,0.01256549,2026-05-12,2026-08-02,47,1844,580,83,0.566265,1.297104,1.076088,2.479667,,,,,,,,GLOBAL_BASELINE_NO_ENTITY_RANKING,,,NOT_APPLICABLE_GLOBAL_BASELINE,HF9g-P5,,,,X 全窗基线 · 不参与实体赏罚,15058961,1506,A168_HF9F_20260827_0900,2026-08-27 09:00:00
2026-07-01,17529000,1382,0,260.2432034698,56.9282007592,56.9282007592,0.1666667,6,6,0.50665070000000000,0.506650700000,-1.6657221670529434,-1.6657221670529434,-1.6657221670529434,0E-17,ELIGIBLE,R03b_20260811_FULL_v1,L1_ELIGIBILITY,v2026-08-11,2026-03-21..2026-08-06,baccarat_bet02_101_all_pairs_incl_sentinel,round_win = game_pnl > 0 (decisive only),COMPATIBILITY_ONLY_NOT_PRODUCTION,234594.9955,169540.3402,9810.4062,19851,11308,-0.04181848,-0.03860046,-0.05116595,-0.04181848,-9810.4062,234594.9955,OK,0.0000,294.3122,3.0000,97.0000,AG03-UNRESOLVED,ALL5_LEVELS_bet23_to_bet27,294.3122,294.3122,294.3122,392.4162,490.5203,3.000000,3.000000,3.000000,4.000000,5.000000,97.000000,97.000000,97.000000,96.000000,95.000000,5.0,1765.8731,1644.6383,8044.5331,8165.7679,PENDING_AG03,FALSE,NOT_FOR_ENFORCEMENT,9516.0940,164454.1300,9810.4062,9516.0940,294.3122,0.04181848,0.04056393,294.3122,9516.0940,0.04056393,294.3122,294.3122,294.3122,392.4162,490.5203,9516.0940,0.04056393,1765.8731,1644.6383,8044.5331,8165.7679,0.03429115,0.03480794,0.00125455,11.8178,14.9930,0.8676,208.7320,5.3202,4991.3829,240.5957,12.7170,9.8041,2.5818,2.84,3.3563,4.9054,16.007,177.8754,0.2582,0.0,5.636364,62.633151,4.16126,29,188,6,10,0.74390005,0.04181848,0.03860046,0E-8,0.000000,0.722694,0.000000,0.01256549,2026-05-12,2026-08-02,47,1844,580,83,0.566265,1.297104,1.076088,2.479667,,,,,,,,GLOBAL_BASELINE_NO_ENTITY_RANKING,,,NOT_APPLICABLE_GLOBAL_BASELINE,HF9g-P5,,,,X 全窗基线 · 不参与实体赏罚,15058962,1506,A168_HF9F_20260827_0900,2026-08-27 09:00:00
2026-07-01,17529000,1384,0,46.2138228384,1.7814266905,1.7814266905,0.4285714,15,8,0.49965029004477656,0.499110275000,-0.37611407385947443,-0.3732570817877279,-0.37611407385947443,0.00054001504477656,ELIGIBLE,R03b_20260811_FULL_v1,L1_ELIGIBILITY,v2026-08-11,2026-03-21..2026-08-06,baccarat_bet02_101_all_pairs_incl_sentinel,round_win = game_pnl > 0 (decisive only),COMPATIBILITY_ONLY_NOT_PRODUCTION,234594.9955,169540.3402,9810.4062,19851,11308,-0.04181848,-0.03860046,-0.05116595,-0.04181848,-9810.4062,234594.9955,OK,0.0000,294.3122,3.0000,97.0000,AG03-UNRESOLVED,ALL5_LEVELS_bet23_to_bet27,294.3122,294.3122,294.3122,392.4162,490.5203,3.000000,3.000000,3.000000,4.000000,5.000000,97.000000,97.000000,97.000000,96.000000,95.000000,5.0,1765.8731,1644.6383,8044.5331,8165.7679,PENDING_AG03,FALSE,NOT_FOR_ENFORCEMENT,9516.0940,164454.1300,9810.4062,9516.0940,294.3122,0.04181848,0.04056393,294.3122,9516.0940,0.04056393,294.3122,294.3122,294.3122,392.4162,490.5203,9516.0940,0.04056393,1765.8731,1644.6383,8044.5331,8165.7679,0.03429115,0.03480794,0.00125455,11.8178,14.9930,0.8676,208.7320,5.3202,4991.3829,240.5957,12.7170,9.8041,2.5818,2.84,3.3563,4.9054,16.007,177.8754,0.2582,0.0,5.636364,62.633151,4.16126,29,188,6,10,0.74390005,0.04181848,0.03860046,0E-8,0.000000,0.722694,0.000000,0.01256549,2026-05-12,2026-08-02,47,1844,580,83,0.566265,1.297104,1.076088,2.479667,,,,,,,,GLOBAL_BASELINE_NO_ENTITY_RANKING,,,NOT_APPLICABLE_GLOBAL_BASELINE,HF9g-P5,,,,X 全窗基线 · 不参与实体赏罚,15058963,1506,A168_HF9F_20260827_0900,2026-08-27 09:00:00
2026-07-01,17529000,1396,0,5.6799111868,0.3614488937,0.3614488937,1.0000000,2,1,0.50055742727268436,0.499948100000,0.9988857662127119,1.0001038053877793,0.9988857662127119,0.00060932727268436,ELIGIBLE,R03b_20260811_FULL_v1,L1_ELIGIBILITY,v2026-08-11,2026-03-21..2026-08-06,baccarat_bet02_101_all_pairs_incl_sentinel,round_win = game_pnl > 0 (decisive only),COMPATIBILITY_ONLY_NOT_PRODUCTION,234594.9955,169540.3402,9810.4062,19851,11308,-0.04181848,-0.03860046,-0.05116595,-0.04181848,-9810.4062,234594.9955,OK,0.0000,294.3122,3.0000,97.0000,AG03-UNRESOLVED,ALL5_LEVELS_bet23_to_bet27,294.3122,294.3122,294.3122,392.4162,490.5203,3.000000,3.000000,3.000000,4.000000,5.000000,97.000000,97.000000,97.000000,96.000000,95.000000,5.0,1765.8731,1644.6383,8044.5331,8165.7679,PENDING_AG03,FALSE,NOT_FOR_ENFORCEMENT,9516.0940,164454.1300,9810.4062,9516.0940,294.3122,0.04181848,0.04056393,294.3122,9516.0940,0.04056393,294.3122,294.3122,294.3122,392.4162,490.5203,9516.0940,0.04056393,1765.8731,1644.6383,8044.5331,8165.7679,0.03429115,0.03480794,0.00125455,11.8178,14.9930,0.8676,208.7320,5.3202,4991.3829,240.5957,12.7170,9.8041,2.5818,2.84,3.3563,4.9054,16.007,177.8754,0.2582,0.0,5.636364,62.633151,4.16126,29,188,6,10,0.74390005,0.04181848,0.03860046,0E-8,0.000000,0.722694,0.000000,0.01256549,2026-05-12,2026-08-02,47,1844,580,83,0.566265,1.297104,1.076088,2.479667,,,,,,,,GLOBAL_BASELINE_NO_ENTITY_RANKING,,,NOT_APPLICABLE_GLOBAL_BASELINE,HF9g-P5,,,,X 全窗基线 · 不参与实体赏罚,15058964,1506,A168_HF9F_20260827_0900,2026-08-27 09:00:00
2026-07-01,17529000,1505,0,117.2127126737,15.6584824309,15.6584824309,0.7142857,32,17,0.50009046600797485,0.499948100000,1.602890492096992,1.6039558441521566,1.602890492096992,0.00014236600797485,ELIGIBLE,R03b_20260811_FULL_v1,L1_ELIGIBILITY,v2026-08-11,2026-03-21..2026-08-06,baccarat_bet02_101_all_pairs_incl_sentinel,round_win = game_pnl > 0 (decisive only),COMPATIBILITY_ONLY_NOT_PRODUCTION,234594.9955,169540.3402,9810.4062,19851,11308,-0.04181848,-0.03860046,-0.05116595,-0.04181848,-9810.4062,234594.9955,OK,0.0000,294.3122,3.0000,97.0000,AG03-UNRESOLVED,ALL5_LEVELS_bet23_to_bet27,294.3122,294.3122,294.3122,392.4162,490.5203,3.000000,3.000000,3.000000,4.000000,5.000000,97.000000,97.000000,97.000000,96.000000,95.000000,5.0,1765.8731,1644.6383,8044.5331,8165.7679,PENDING_AG03,FALSE,NOT_FOR_ENFORCEMENT,9516.0940,164454.1300,9810.4062,9516.0940,294.3122,0.04181848,0.04056393,294.3122,9516.0940,0.04056393,294.3122,294.3122,294.3122,392.4162,490.5203,9516.0940,0.04056393,1765.8731,1644.6383,8044.5331,8165.7679,0.03429115,0.03480794,0.00125455,11.8178,14.9930,0.8676,208.7320,5.3202,4991.3829,240.5957,12.7170,9.8041,2.5818,2.84,3.3563,4.9054,16.007,177.8754,0.2582,0.0,5.636364,62.633151,4.16126,29,188,6,10,0.74390005,0.04181848,0.03860046,0E-8,0.000000,0.722694,0.000000,0.01256549,2026-05-12,2026-08-02,47,1844,580,83,0.566265,1.297104,1.076088,2.479667,,,,,,,,GLOBAL_BASELINE_NO_ENTITY_RANKING,,,NOT_APPLICABLE_GLOBAL_BASELINE,HF9g-P5,,,,X 全窗基线 · 不参与实体赏罚,15058965,1506,A168_HF9F_20260827_0900,2026-08-27 09:00:00
2026-07-01,17529000,1994,0,248.8833810961,79.4154855034,79.4154855034,0.5000000,19,12,0.50060716376904118,0.500506650000,-0.0038400436770537907,-0.0032043375981189374,-0.0038400436770537907,0.00010051376904118,ELIGIBLE,R03b_20260811_FULL_v1,L1_ELIGIBILITY,v2026-08-11,2026-03-21..2026-08-06,baccarat_bet02_101_all_pairs_incl_sentinel,round_win = game_pnl > 0 (decisive only),COMPATIBILITY_ONLY_NOT_PRODUCTION,234594.9955,169540.3402,9810.4062,19851,11308,-0.04181848,-0.03860046,-0.05116595,-0.04181848,-9810.4062,234594.9955,OK,0.0000,294.3122,3.0000,97.0000,AG03-UNRESOLVED,ALL5_LEVELS_bet23_to_bet27,294.3122,294.3122,294.3122,392.4162,490.5203,3.000000,3.000000,3.000000,4.000000,5.000000,97.000000,97.000000,97.000000,96.000000,95.000000,5.0,1765.8731,1644.6383,8044.5331,8165.7679,PENDING_AG03,FALSE,NOT_FOR_ENFORCEMENT,9516.0940,164454.1300,9810.4062,9516.0940,294.3122,0.04181848,0.04056393,294.3122,9516.0940,0.04056393,294.3122,294.3122,294.3122,392.4162,490.5203,9516.0940,0.04056393,1765.8731,1644.6383,8044.5331,8165.7679,0.03429115,0.03480794,0.00125455,11.8178,14.9930,0.8676,208.7320,5.3202,4991.3829,240.5957,12.7170,9.8041,2.5818,2.84,3.3563,4.9054,16.007,177.8754,0.2582,0.0,5.636364,62.633151,4.16126,29,188,6,10,0.74390005,0.04181848,0.03860046,0E-8,0.000000,0.722694,0.000000,0.01256549,2026-05-12,2026-08-02,47,1844,580,83,0.566265,1.297104,1.076088,2.479667,,,,,,,,GLOBAL_BASELINE_NO_ENTITY_RANKING,,,NOT_APPLICABLE_GLOBAL_BASELINE,HF9g-P5,,,,X 全窗基线 · 不参与实体赏罚,15058966,1506,A168_HF9F_20260827_0900,2026-08-27 09:00:00
2026-07-01,17529000,2101,0,5.4217334056,0.1161800016,0.1161800016,1.0000000,2,1,0.50026727142854788,0.499948100000,0.9994655999345988,1.0001038053877793,0.9994655999345988,0.00031917142854788,ELIGIBLE,R03b_20260811_FULL_v1,L1_ELIGIBILITY,v2026-08-11,2026-03-21..2026-08-06,baccarat_bet02_101_all_pairs_incl_sentinel,round_win = game_pnl > 0 (decisive only),COMPATIBILITY_ONLY_NOT_PRODUCTION,234594.9955,169540.3402,9810.4062,19851,11308,-0.04181848,-0.03860046,-0.05116595,-0.04181848,-9810.4062,234594.9955,OK,0.0000,294.3122,3.0000,97.0000,AG03-UNRESOLVED,ALL5_LEVELS_bet23_to_bet27,294.3122,294.3122,294.3122,392.4162,490.5203,3.000000,3.000000,3.000000,4.000000,5.000000,97.000000,97.000000,97.000000,96.000000,95.000000,5.0,1765.8731,1644.6383,8044.5331,8165.7679,PENDING_AG03,FALSE,NOT_FOR_ENFORCEMENT,9516.0940,164454.1300,9810.4062,9516.0940,294.3122,0.04181848,0.04056393,294.3122,9516.0940,0.04056393,294.3122,294.3122,294.3122,392.4162,490.5203,9516.0940,0.04056393,1765.8731,1644.6383,8044.5331,8165.7679,0.03429115,0.03480794,0.00125455,11.8178,14.9930,0.8676,208.7320,5.3202,4991.3829,240.5957,12.7170,9.8041,2.5818,2.84,3.3563,4.9054,16.007,177.8754,0.2582,0.0,5.636364,62.633151,4.16126,29,188,6,10,0.74390005,0.04181848,0.03860046,0E-8,0.000000,0.722694,0.000000,0.01256549,2026-05-12,2026-08-02,47,1844,580,83,0.566265,1.297104,1.076088,2.479667,,,,,,,,GLOBAL_BASELINE_NO_ENTITY_RANKING,,,NOT_APPLICABLE_GLOBAL_BASELINE,HF9g-P5,,,,X 全窗基线 · 不参与实体赏罚,15058967,1506,A168_HF9F_20260827_0900,2026-08-27 09:00:00
2026-07-01,17529000,2123,0,113.8564015180,14.3288668577,14.3288668577,0.4375000,32,17,0.49911082929744145,0.499159558824,-0.49288741375791567,-0.493277167436633,-0.49288741375791567,-0.00004872952655855,ELIGIBLE,R03b_20260811_FULL_v1,L1_ELIGIBILITY,v2026-08-11,2026-03-21..2026-08-06,baccarat_bet02_101_all_pairs_incl_sentinel,round_win = game_pnl > 0 (decisive only),COMPATIBILITY_ONLY_NOT_PRODUCTION,234594.9955,169540.3402,9810.4062,19851,11308,-0.04181848,-0.03860046,-0.05116595,-0.04181848,-9810.4062,234594.9955,OK,0.0000,294.3122,3.0000,97.0000,AG03-UNRESOLVED,ALL5_LEVELS_bet23_to_bet27,294.3122,294.3122,294.3122,392.4162,490.5203,3.000000,3.000000,3.000000,4.000000,5.000000,97.000000,97.000000,97.000000,96.000000,95.000000,5.0,1765.8731,1644.6383,8044.5331,8165.7679,PENDING_AG03,FALSE,NOT_FOR_ENFORCEMENT,9516.0940,164454.1300,9810.4062,9516.0940,294.3122,0.04181848,0.04056393,294.3122,9516.0940,0.04056393,294.3122,294.3122,294.3122,392.4162,490.5203,9516.0940,0.04056393,1765.8731,1644.6383,8044.5331,8165.7679,0.03429115,0.03480794,0.00125455,11.8178,14.9930,0.8676,208.7320,5.3202,4991.3829,240.5957,12.7170,9.8041,2.5818,2.84,3.3563,4.9054,16.007,177.8754,0.2582,0.0,5.636364,62.633151,4.16126,29,188,6,10,0.74390005,0.04181848,0.03860046,0E-8,0.000000,0.722694,0.000000,0.01256549,2026-05-12,2026-08-02,47,1844,580,83,0.566265,1.297104,1.076088,2.479667,,,,,,,,GLOBAL_BASELINE_NO_ENTITY_RANKING,,,NOT_APPLICABLE_GLOBAL_BASELINE,HF9g-P5,,,,X 全窗基线 · 不参与实体赏罚,15058968,1506,A168_HF9F_20260827_0900,2026-08-27 09:00:00
2026-07-01,17529000,2145,0,77.9696899285,0.9939844576,0.9939844576,0.4545455,20,12,0.49833725030377568,0.497713900000,-0.29048351707769243,-0.28635006580284456,-0.29048351707769243,0.00062335030377568,ELIGIBLE,R03b_20260811_FULL_v1,L1_ELIGIBILITY,v2026-08-11,2026-03-21..2026-08-06,baccarat_bet02_101_all_pairs_incl_sentinel,round_win = game_pnl > 0 (decisive only),COMPATIBILITY_ONLY_NOT_PRODUCTION,234594.9955,169540.3402,9810.4062,19851,11308,-0.04181848,-0.03860046,-0.05116595,-0.04181848,-9810.4062,234594.9955,OK,0.0000,294.3122,3.0000,97.0000,AG03-UNRESOLVED,ALL5_LEVELS_bet23_to_bet27,294.3122,294.3122,294.3122,392.4162,490.5203,3.000000,3.000000,3.000000,4.000000,5.000000,97.000000,97.000000,97.000000,96.000000,95.000000,5.0,1765.8731,1644.6383,8044.5331,8165.7679,PENDING_AG03,FALSE,NOT_FOR_ENFORCEMENT,9516.0940,164454.1300,9810.4062,9516.0940,294.3122,0.04181848,0.04056393,294.3122,9516.0940,0.04056393,294.3122,294.3122,294.3122,392.4162,490.5203,9516.0940,0.04056393,1765.8731,1644.6383,8044.5331,8165.7679,0.03429115,0.03480794,0.00125455,11.8178,14.9930,0.8676,208.7320,5.3202,4991.3829,240.5957,12.7170,9.8041,2.5818,2.84,3.3563,4.9054,16.007,177.8754,0.2582,0.0,5.636364,62.633151,4.16126,29,188,6,10,0.74390005,0.04181848,0.03860046,0E-8,0.000000,0.722694,0.000000,0.01256549,2026-05-12,2026-08-02,47,1844,580,83,0.566265,1.297104,1.076088,2.479667,,,,,,,,GLOBAL_BASELINE_NO_ENTITY_RANKING,,,NOT_APPLICABLE_GLOBAL_BASELINE,HF9g-P5,,,,X 全窗基线 · 不参与实体赏罚,15058969,1506,A168_HF9F_20260827_0900,2026-08-27 09:00:00
2026-07-01,17529000,2171,0,5.9380889681,0E-10,0E-10,,2,1,0.50082235217395230,0.499948100000,,,,0.00087425217395230,NO_DECISIVE_ROUND,R03b_20260811_FULL_v1,L1_ELIGIBILITY,v2026-08-11,2026-03-21..2026-08-06,baccarat_bet02_101_all_pairs_incl_sentinel,round_win = game_pnl > 0 (decisive only),COMPATIBILITY_ONLY_NOT_PRODUCTION,234594.9955,169540.3402,9810.4062,19851,11308,-0.04181848,-0.03860046,-0.05116595,-0.04181848,-9810.4062,234594.9955,OK,0.0000,294.3122,3.0000,97.0000,AG03-UNRESOLVED,ALL5_LEVELS_bet23_to_bet27,294.3122,294.3122,294.3122,392.4162,490.5203,3.000000,3.000000,3.000000,4.000000,5.000000,97.000000,97.000000,97.000000,96.000000,95.000000,5.0,1765.8731,1644.6383,8044.5331,8165.7679,PENDING_AG03,FALSE,NOT_FOR_ENFORCEMENT,9516.0940,164454.1300,9810.4062,9516.0940,294.3122,0.04181848,0.04056393,294.3122,9516.0940,0.04056393,294.3122,294.3122,294.3122,392.4162,490.5203,9516.0940,0.04056393,1765.8731,1644.6383,8044.5331,8165.7679,0.03429115,0.03480794,0.00125455,11.8178,14.9930,0.8676,208.7320,5.3202,4991.3829,240.5957,12.7170,9.8041,2.5818,2.84,3.3563,4.9054,16.007,177.8754,0.2582,0.0,5.636364,62.633151,4.16126,29,188,6,10,0.74390005,0.04181848,0.03860046,0E-8,0.000000,0.722694,0.000000,0.01256549,2026-05-12,2026-08-02,47,1844,580,83,0.566265,1.297104,1.076088,2.479667,,,,,,,,GLOBAL_BASELINE_NO_ENTITY_RANKING,,,NOT_APPLICABLE_GLOBAL_BASELINE,HF9g-P5,,,,X 全窗基线 · 不参与实体赏罚,15058970,1506,A168_HF9F_20260827_0900,2026-08-27 09:00:00
2026-07-01,17529000,2177,0,16.5233779980,0.8907133452,0.8907133452,1.0000000,6,3,0.49974499090910521,0.499948100000,1.7329344103567248,1.7322306037746105,1.7329344103567248,-0.00020310909089479,ELIGIBLE,R03b_20260811_FULL_v1,L1_ELIGIBILITY,v2026-08-11,2026-03-21..2026-08-06,baccarat_bet02_101_all_pairs_incl_sentinel,round_win = game_pnl > 0 (decisive only),COMPATIBILITY_ONLY_NOT_PRODUCTION,234594.9955,169540.3402,9810.4062,19851,11308,-0.04181848,-0.03860046,-0.05116595,-0.04181848,-9810.4062,234594.9955,OK,0.0000,294.3122,3.0000,97.0000,AG03-UNRESOLVED,ALL5_LEVELS_bet23_to_bet27,294.3122,294.3122,294.3122,392.4162,490.5203,3.000000,3.000000,3.000000,4.000000,5.000000,97.000000,97.000000,97.000000,96.000000,95.000000,5.0,1765.8731,1644.6383,8044.5331,8165.7679,PENDING_AG03,FALSE,NOT_FOR_ENFORCEMENT,9516.0940,164454.1300,9810.4062,9516.0940,294.3122,0.04181848,0.04056393,294.3122,9516.0940,0.04056393,294.3122,294.3122,294.3122,392.4162,490.5203,9516.0940,0.04056393,1765.8731,1644.6383,8044.5331,8165.7679,0.03429115,0.03480794,0.00125455,11.8178,14.9930,0.8676,208.7320,5.3202,4991.3829,240.5957,12.7170,9.8041,2.5818,2.84,3.3563,4.9054,16.007,177.8754,0.2582,0.0,5.636364,62.633151,4.16126,29,188,6,10,0.74390005,0.04181848,0.03860046,0E-8,0.000000,0.722694,0.000000,0.01256549,2026-05-12,2026-08-02,47,1844,580,83,0.566265,1.297104,1.076088,2.479667,,,,,,,,GLOBAL_BASELINE_NO_ENTITY_RANKING,,,NOT_APPLICABLE_GLOBAL_BASELINE,HF9g-P5,,,,X 全窗基线 · 不参与实体赏罚,15058971,1506,A168_HF9F_20260827_0900,2026-08-27 09:00:00
2026-07-01,17529000,2246,0,29.4322670591,2.6979578138,2.6979578138,0.8000000,10,5,0.50044212186337190,0.499948100000,1.3396640811512426,1.3418728975849028,1.3396640811512426,0.00049402186337190,ELIGIBLE,R03b_20260811_FULL_v1,L1_ELIGIBILITY,v2026-08-11,2026-03-21..2026-08-06,baccarat_bet02_101_all_pairs_incl_sentinel,round_win = game_pnl > 0 (decisive only),COMPATIBILITY_ONLY_NOT_PRODUCTION,234594.9955,169540.3402,9810.4062,19851,11308,-0.04181848,-0.03860046,-0.05116595,-0.04181848,-9810.4062,234594.9955,OK,0.0000,294.3122,3.0000,97.0000,AG03-UNRESOLVED,ALL5_LEVELS_bet23_to_bet27,294.3122,294.3122,294.3122,392.4162,490.5203,3.000000,3.000000,3.000000,4.000000,5.000000,97.000000,97.000000,97.000000,96.000000,95.000000,5.0,1765.8731,1644.6383,8044.5331,8165.7679,PENDING_AG03,FALSE,NOT_FOR_ENFORCEMENT,9516.0940,164454.1300,9810.4062,9516.0940,294.3122,0.04181848,0.04056393,294.3122,9516.0940,0.04056393,294.3122,294.3122,294.3122,392.4162,490.5203,9516.0940,0.04056393,1765.8731,1644.6383,8044.5331,8165.7679,0.03429115,0.03480794,0.00125455,11.8178,14.9930,0.8676,208.7320,5.3202,4991.3829,240.5957,12.7170,9.8041,2.5818,2.84,3.3563,4.9054,16.007,177.8754,0.2582,0.0,5.636364,62.633151,4.16126,29,188,6,10,0.74390005,0.04181848,0.03860046,0E-8,0.000000,0.722694,0.000000,0.01256549,2026-05-12,2026-08-02,47,1844,580,83,0.566265,1.297104,1.076088,2.479667,,,,,,,,GLOBAL_BASELINE_NO_ENTITY_RANKING,,,NOT_APPLICABLE_GLOBAL_BASELINE,HF9g-P5,,,,X 全窗基线 · 不参与实体赏罚,15058972,1506,A168_HF9F_20260827_0900,2026-08-27 09:00:00
2026-07-01,17529000,2251,0,67.1262231173,11.3469134846,11.3469134846,0.2500000,15,9,0.49950081144990409,0.499203366667,-1.41139042890889,-1.4097089129912617,-1.41139042890889,0.00029744478290409,ELIGIBLE,R03b_20260811_FULL_v1,L1_ELIGIBILITY,v2026-08-11,2026-03-21..2026-08-06,baccarat_bet02_101_all_pairs_incl_sentinel,round_win = game_pnl > 0 (decisive only),COMPATIBILITY_ONLY_NOT_PRODUCTION,234594.9955,169540.3402,9810.4062,19851,11308,-0.04181848,-0.03860046,-0.05116595,-0.04181848,-9810.4062,234594.9955,OK,0.0000,294.3122,3.0000,97.0000,AG03-UNRESOLVED,ALL5_LEVELS_bet23_to_bet27,294.3122,294.3122,294.3122,392.4162,490.5203,3.000000,3.000000,3.000000,4.000000,5.000000,97.000000,97.000000,97.000000,96.000000,95.000000,5.0,1765.8731,1644.6383,8044.5331,8165.7679,PENDING_AG03,FALSE,NOT_FOR_ENFORCEMENT,9516.0940,164454.1300,9810.4062,9516.0940,294.3122,0.04181848,0.04056393,294.3122,9516.0940,0.04056393,294.3122,294.3122,294.3122,392.4162,490.5203,9516.0940,0.04056393,1765.8731,1644.6383,8044.5331,8165.7679,0.03429115,0.03480794,0.00125455,11.8178,14.9930,0.8676,208.7320,5.3202,4991.3829,240.5957,12.7170,9.8041,2.5818,2.84,3.3563,4.9054,16.007,177.8754,0.2582,0.0,5.636364,62.633151,4.16126,29,188,6,10,0.74390005,0.04181848,0.03860046,0E-8,0.000000,0.722694,0.000000,0.01256549,2026-05-12,2026-08-02,47,1844,580,83,0.566265,1.297104,1.076088,2.479667,,,,,,,,GLOBAL_BASELINE_NO_ENTITY_RANKING,,,NOT_APPLICABLE_GLOBAL_BASELINE,HF9g-P5,,,,X 全窗基线 · 不参与实体赏罚,15058973,1506,A168_HF9F_20260827_0900,2026-08-27 09:00:00
2026-07-01,17529000,2252,0,63.2535563987,0.5292644514,0.5292644514,0.6250000,20,10,0.49987994561615657,0.499948100000,0.7077859317406779,0.7074003757330176,0.7077859317406779,-0.00006815438384343,ELIGIBLE,R03b_20260811_FULL_v1,L1_ELIGIBILITY,v2026-08-11,2026-03-21..2026-08-06,baccarat_bet02_101_all_pairs_incl_sentinel,round_win = game_pnl > 0 (decisive only),COMPATIBILITY_ONLY_NOT_PRODUCTION,234594.9955,169540.3402,9810.4062,19851,11308,-0.04181848,-0.03860046,-0.05116595,-0.04181848,-9810.4062,234594.9955,OK,0.0000,294.3122,3.0000,97.0000,AG03-UNRESOLVED,ALL5_LEVELS_bet23_to_bet27,294.3122,294.3122,294.3122,392.4162,490.5203,3.000000,3.000000,3.000000,4.000000,5.000000,97.000000,97.000000,97.000000,96.000000,95.000000,5.0,1765.8731,1644.6383,8044.5331,8165.7679,PENDING_AG03,FALSE,NOT_FOR_ENFORCEMENT,9516.0940,164454.1300,9810.4062,9516.0940,294.3122,0.04181848,0.04056393,294.3122,9516.0940,0.04056393,294.3122,294.3122,294.3122,392.4162,490.5203,9516.0940,0.04056393,1765.8731,1644.6383,8044.5331,8165.7679,0.03429115,0.03480794,0.00125455,11.8178,14.9930,0.8676,208.7320,5.3202,4991.3829,240.5957,12.7170,9.8041,2.5818,2.84,3.3563,4.9054,16.007,177.8754,0.2582,0.0,5.636364,62.633151,4.16126,29,188,6,10,0.74390005,0.04181848,0.03860046,0E-8,0.000000,0.722694,0.000000,0.01256549,2026-05-12,2026-08-02,47,1844,580,83,0.566265,1.297104,1.076088,2.479667,,,,,,,,GLOBAL_BASELINE_NO_ENTITY_RANKING,,,NOT_APPLICABLE_GLOBAL_BASELINE,HF9g-P5,,,,X 全窗基线 · 不参与实体赏罚,15058974,1506,A168_HF9F_20260827_0900,2026-08-27 09:00:00
2026-07-01,17529000,2281,0,73.0643120852,5.9768156352,5.9768156352,0.4444444,18,11,0.50117369305477412,0.501166754545,-0.3403764294380377,-0.34033478721109167,-0.3403764294380377,0.00000693850977412,ELIGIBLE,R03b_20260811_FULL_v1,L1_ELIGIBILITY,v2026-08-11,2026-03-21..2026-08-06,baccarat_bet02_101_all_pairs_incl_sentinel,round_win = game_pnl > 0 (decisive only),COMPATIBILITY_ONLY_NOT_PRODUCTION,234594.9955,169540.3402,9810.4062,19851,11308,-0.04181848,-0.03860046,-0.05116595,-0.04181848,-9810.4062,234594.9955,OK,0.0000,294.3122,3.0000,97.0000,AG03-UNRESOLVED,ALL5_LEVELS_bet23_to_bet27,294.3122,294.3122,294.3122,392.4162,490.5203,3.000000,3.000000,3.000000,4.000000,5.000000,97.000000,97.000000,97.000000,96.000000,95.000000,5.0,1765.8731,1644.6383,8044.5331,8165.7679,PENDING_AG03,FALSE,NOT_FOR_ENFORCEMENT,9516.0940,164454.1300,9810.4062,9516.0940,294.3122,0.04181848,0.04056393,294.3122,9516.0940,0.04056393,294.3122,294.3122,294.3122,392.4162,490.5203,9516.0940,0.04056393,1765.8731,1644.6383,8044.5331,8165.7679,0.03429115,0.03480794,0.00125455,11.8178,14.9930,0.8676,208.7320,5.3202,4991.3829,240.5957,12.7170,9.8041,2.5818,2.84,3.3563,4.9054,16.007,177.8754,0.2582,0.0,5.636364,62.633151,4.16126,29,188,6,10,0.74390005,0.04181848,0.03860046,0E-8,0.000000,0.722694,0.000000,0.01256549,2026-05-12,2026-08-02,47,1844,580,83,0.566265,1.297104,1.076088,2.479667,,,,,,,,GLOBAL_BASELINE_NO_ENTITY_RANKING,,,NOT_APPLICABLE_GLOBAL_BASELINE,HF9g-P5,,,,X 全窗基线 · 不参与实体赏罚,15058975,1506,A168_HF9F_20260827_0900,2026-08-27 09:00:00
2026-07-02,17529000,1318,0,256.8868923141,-121.0724705031,-121.0724705031,0.4545455,40,23,0.49985450721877407,0.499948100000,-0.4250366074376928,-0.4259145698498467,-0.4250366074376928,-0.00009359278122593,ELIGIBLE,R03b_20260811_FULL_v1,L1_ELIGIBILITY,v2026-08-11,2026-03-21..2026-08-06,baccarat_bet02_101_all_pairs_incl_sentinel,round_win = game_pnl > 0 (decisive only),COMPATIBILITY_ONLY_NOT_PRODUCTION,234594.9955,169540.3402,9810.4062,19851,11308,-0.04181848,-0.03860046,-0.05116595,-0.04181848,-9810.4062,234594.9955,OK,0.0000,294.3122,3.0000,97.0000,AG03-UNRESOLVED,ALL5_LEVELS_bet23_to_bet27,294.3122,294.3122,294.3122,392.4162,490.5203,3.000000,3.000000,3.000000,4.000000,5.000000,97.000000,97.000000,97.000000,96.000000,95.000000,5.0,1765.8731,1644.6383,8044.5331,8165.7679,PENDING_AG03,FALSE,NOT_FOR_ENFORCEMENT,9516.0940,164454.1300,9810.4062,9516.0940,294.3122,0.04181848,0.04056393,294.3122,9516.0940,0.04056393,294.3122,294.3122,294.3122,392.4162,490.5203,9516.0940,0.04056393,1765.8731,1644.6383,8044.5331,8165.7679,0.03429115,0.03480794,0.00125455,11.8178,14.9930,0.8676,208.7320,5.3202,4991.3829,240.5957,12.7170,9.8041,2.5818,2.84,3.3563,4.9054,16.007,177.8754,0.2582,0.0,5.636364,62.633151,4.16126,29,188,6,10,0.74390005,0.04181848,0.03860046,0E-8,0.000000,0.722694,0.000000,0.01256549,2026-05-12,2026-08-02,47,1844,580,83,0.566265,1.297104,1.076088,2.479667,,,,,,,,GLOBAL_BASELINE_NO_ENTITY_RANKING,,,NOT_APPLICABLE_GLOBAL_BASELINE,HF9g-P5,,,,X 全窗基线 · 不参与实体赏罚,15058976,1506,A168_HF9F_20260827_0900,2026-08-27 09:00:00
2026-07-02,17529000,1401,0,181.2408024160,-7.9002401051,-7.9002401051,0.4800000,51,26,0.50017222546816492,0.500205892308,-0.20172226664846474,-0.20205894021122145,-0.20172226664846474,-0.00003366683983508,ELIGIBLE,R03b_20260811_FULL_v1,L1_ELIGIBILITY,v2026-08-11,2026-03-21..2026-08-06,baccarat_bet02_101_all_pairs_incl_sentinel,round_win = game_pnl > 0 (decisive only),COMPATIBILITY_ONLY_NOT_PRODUCTION,234594.9955,169540.3402,9810.4062,19851,11308,-0.04181848,-0.03860046,-0.05116595,-0.04181848,-9810.4062,234594.9955,OK,0.0000,294.3122,3.0000,97.0000,AG03-UNRESOLVED,ALL5_LEVELS_bet23_to_bet27,294.3122,294.3122,294.3122,392.4162,490.5203,3.000000,3.000000,3.000000,4.000000,5.000000,97.000000,97.000000,97.000000,96.000000,95.000000,5.0,1765.8731,1644.6383,8044.5331,8165.7679,PENDING_AG03,FALSE,NOT_FOR_ENFORCEMENT,9516.0940,164454.1300,9810.4062,9516.0940,294.3122,0.04181848,0.04056393,294.3122,9516.0940,0.04056393,294.3122,294.3122,294.3122,392.4162,490.5203,9516.0940,0.04056393,1765.8731,1644.6383,8044.5331,8165.7679,0.03429115,0.03480794,0.00125455,11.8178,14.9930,0.8676,208.7320,5.3202,4991.3829,240.5957,12.7170,9.8041,2.5818,2.84,3.3563,4.9054,16.007,177.8754,0.2582,0.0,5.636364,62.633151,4.16126,29,188,6,10,0.74390005,0.04181848,0.03860046,0E-8,0.000000,0.722694,0.000000,0.01256549,2026-05-12,2026-08-02,47,1844,580,83,0.566265,1.297104,1.076088,2.479667,,,,,,,,GLOBAL_BASELINE_NO_ENTITY_RANKING,,,NOT_APPLICABLE_GLOBAL_BASELINE,HF9g-P5,,,,X 全窗基线 · 不参与实体赏罚,15058977,1506,A168_HF9F_20260827_0900,2026-08-27 09:00:00
2026-07-02,17529000,1935,0,7.7453334366,0.8132600108,0.8132600108,0.5000000,2,2,0.49994810000000000,0.499948100000,0.00014679536856514622,0.00014679536856514622,0.00014679536856514622,0E-17,ELIGIBLE,R03b_20260811_FULL_v1,L1_ELIGIBILITY,v2026-08-11,2026-03-21..2026-08-06,baccarat_bet02_101_all_pairs_incl_sentinel,round_win = game_pnl > 0 (decisive only),COMPATIBILITY_ONLY_NOT_PRODUCTION,234594.9955,169540.3402,9810.4062,19851,11308,-0.04181848,-0.03860046,-0.05116595,-0.04181848,-9810.4062,234594.9955,OK,0.0000,294.3122,3.0000,97.0000,AG03-UNRESOLVED,ALL5_LEVELS_bet23_to_bet27,294.3122,294.3122,294.3122,392.4162,490.5203,3.000000,3.000000,3.000000,4.000000,5.000000,97.000000,97.000000,97.000000,96.000000,95.000000,5.0,1765.8731,1644.6383,8044.5331,8165.7679,PENDING_AG03,FALSE,NOT_FOR_ENFORCEMENT,9516.0940,164454.1300,9810.4062,9516.0940,294.3122,0.04181848,0.04056393,294.3122,9516.0940,0.04056393,294.3122,294.3122,294.3122,392.4162,490.5203,9516.0940,0.04056393,1765.8731,1644.6383,8044.5331,8165.7679,0.03429115,0.03480794,0.00125455,11.8178,14.9930,0.8676,208.7320,5.3202,4991.3829,240.5957,12.7170,9.8041,2.5818,2.84,3.3563,4.9054,16.007,177.8754,0.2582,0.0,5.636364,62.633151,4.16126,29,188,6,10,0.74390005,0.04181848,0.03860046,0E-8,0.000000,0.722694,0.000000,0.01256549,2026-05-12,2026-08-02,47,1844,580,83,0.566265,1.297104,1.076088,2.479667,,,,,,,,GLOBAL_BASELINE_NO_ENTITY_RANKING,,,NOT_APPLICABLE_GLOBAL_BASELINE,HF9g-P5,,,,X 全窗基线 · 不参与实体赏罚,15058978,1506,A168_HF9F_20260827_0900,2026-08-27 09:00:00
2026-07-02,17529000,2093,0,426.7678723559,-179.3948312805,-179.3948312805,0.4250000,84,45,0.50029543953896967,0.500543886667,-0.9524205117297219,-0.9555635460132289,-0.9524205117297219,-0.00024844712803033,ELIGIBLE,R03b_20260811_FULL_v1,L1_ELIGIBILITY,v2026-08-11,2026-03-21..2026-08-06,baccarat_bet02_101_all_pairs_incl_sentinel,round_win = game_pnl > 0 (decisive only),COMPATIBILITY_ONLY_NOT_PRODUCTION,234594.9955,169540.3402,9810.4062,19851,11308,-0.04181848,-0.03860046,-0.05116595,-0.04181848,-9810.4062,234594.9955,OK,0.0000,294.3122,3.0000,97.0000,AG03-UNRESOLVED,ALL5_LEVELS_bet23_to_bet27,294.3122,294.3122,294.3122,392.4162,490.5203,3.000000,3.000000,3.000000,4.000000,5.000000,97.000000,97.000000,97.000000,96.000000,95.000000,5.0,1765.8731,1644.6383,8044.5331,8165.7679,PENDING_AG03,FALSE,NOT_FOR_ENFORCEMENT,9516.0940,164454.1300,9810.4062,9516.0940,294.3122,0.04181848,0.04056393,294.3122,9516.0940,0.04056393,294.3122,294.3122,294.3122,392.4162,490.5203,9516.0940,0.04056393,1765.8731,1644.6383,8044.5331,8165.7679,0.03429115,0.03480794,0.00125455,11.8178,14.9930,0.8676,208.7320,5.3202,4991.3829,240.5957,12.7170,9.8041,2.5818,2.84,3.3563,4.9054,16.007,177.8754,0.2582,0.0,5.636364,62.633151,4.16126,29,188,6,10,0.74390005,0.04181848,0.03860046,0E-8,0.000000,0.722694,0.000000,0.01256549,2026-05-12,2026-08-02,47,1844,580,83,0.566265,1.297104,1.076088,2.479667,,,,,,,,GLOBAL_BASELINE_NO_ENTITY_RANKING,,,NOT_APPLICABLE_GLOBAL_BASELINE,HF9g-P5,,,,X 全窗基线 · 不参与实体赏罚,15058979,1506,A168_HF9F_20260827_0900,2026-08-27 09:00:00
2026-07-02,17529000,2101,0,1784.7830015744,468.4635840240,468.4635840240,0.3863636,79,48,0.49877973942622964,0.499249912500,-1.4913725784313145,-1.497607372901463,-1.4913725784313145,-0.00047017307377036,ELIGIBLE,R03b_20260811_FULL_v1,L1_ELIGIBILITY,v2026-08-11,2026-03-21..2026-08-06,baccarat_bet02_101_all_pairs_incl_sentinel,round_win = game_pnl > 0 (decisive only),COMPATIBILITY_ONLY_NOT_PRODUCTION,234594.9955,169540.3402,9810.4062,19851,11308,-0.04181848,-0.03860046,-0.05116595,-0.04181848,-9810.4062,234594.9955,OK,0.0000,294.3122,3.0000,97.0000,AG03-UNRESOLVED,ALL5_LEVELS_bet23_to_bet27,294.3122,294.3122,294.3122,392.4162,490.5203,3.000000,3.000000,3.000000,4.000000,5.000000,97.000000,97.000000,97.000000,96.000000,95.000000,5.0,1765.8731,1644.6383,8044.5331,8165.7679,PENDING_AG03,FALSE,NOT_FOR_ENFORCEMENT,9516.0940,164454.1300,9810.4062,9516.0940,294.3122,0.04181848,0.04056393,294.3122,9516.0940,0.04056393,294.3122,294.3122,294.3122,392.4162,490.5203,9516.0940,0.04056393,1765.8731,1644.6383,8044.5331,8165.7679,0.03429115,0.03480794,0.00125455,11.8178,14.9930,0.8676,208.7320,5.3202,4991.3829,240.5957,12.7170,9.8041,2.5818,2.84,3.3563,4.9054,16.007,177.8754,0.2582,0.0,5.636364,62.633151,4.16126,29,188,6,10,0.74390005,0.04181848,0.03860046,0E-8,0.000000,0.722694,0.000000,0.01256549,2026-05-12,2026-08-02,47,1844,580,83,0.566265,1.297104,1.076088,2.479667,,,,,,,,GLOBAL_BASELINE_NO_ENTITY_RANKING,,,NOT_APPLICABLE_GLOBAL_BASELINE,HF9g-P5,,,,X 全窗基线 · 不参与实体赏罚,15058980,1506,A168_HF9F_20260827_0900,2026-08-27 09:00:00
2026-07-02,17529000,2123,0,67.1262231170,-10.7272868095,-10.7272868095,0.4000000,18,10,0.50186750696171640,0.501288620000,-0.6442711770372833,-0.6406076080251435,-0.6442711770372833,0.00057888696171640,ELIGIBLE,R03b_20260811_FULL_v1,L1_ELIGIBILITY,v2026-08-11,2026-03-21..2026-08-06,baccarat_bet02_101_all_pairs_incl_sentinel,round_win = game_pnl > 0 (decisive only),COMPATIBILITY_ONLY_NOT_PRODUCTION,234594.9955,169540.3402,9810.4062,19851,11308,-0.04181848,-0.03860046,-0.05116595,-0.04181848,-9810.4062,234594.9955,OK,0.0000,294.3122,3.0000,97.0000,AG03-UNRESOLVED,ALL5_LEVELS_bet23_to_bet27,294.3122,294.3122,294.3122,392.4162,490.5203,3.000000,3.000000,3.000000,4.000000,5.000000,97.000000,97.000000,97.000000,96.000000,95.000000,5.0,1765.8731,1644.6383,8044.5331,8165.7679,PENDING_AG03,FALSE,NOT_FOR_ENFORCEMENT,9516.0940,164454.1300,9810.4062,9516.0940,294.3122,0.04181848,0.04056393,294.3122,9516.0940,0.04056393,294.3122,294.3122,294.3122,392.4162,490.5203,9516.0940,0.04056393,1765.8731,1644.6383,8044.5331,8165.7679,0.03429115,0.03480794,0.00125455,11.8178,14.9930,0.8676,208.7320,5.3202,4991.3829,240.5957,12.7170,9.8041,2.5818,2.84,3.3563,4.9054,16.007,177.8754,0.2582,0.0,5.636364,62.633151,4.16126,29,188,6,10,0.74390005,0.04181848,0.03860046,0E-8,0.000000,0.722694,0.000000,0.01256549,2026-05-12,2026-08-02,47,1844,580,83,0.566265,1.297104,1.076088,2.479667,,,,,,,,GLOBAL_BASELINE_NO_ENTITY_RANKING,,,NOT_APPLICABLE_GLOBAL_BASELINE,HF9g-P5,,,,X 全窗基线 · 不参与实体赏罚,15058981,1506,A168_HF9F_20260827_0900,2026-08-27 09:00:00
2026-07-02,17529000,2169,0,1301.7323729113,-72.7415898586,-72.7415898586,0.4736842,110,66,0.49528482632733882,0.494789178030,-0.32617664999909907,-0.31869532815447243,-0.32617664999909907,0.00049564829733882,ELIGIBLE,R03b_20260811_FULL_v1,L1_ELIGIBILITY,v2026-08-11,2026-03-21..2026-08-06,baccarat_bet02_101_all_pairs_incl_sentinel,round_win = game_pnl > 0 (decisive only),COMPATIBILITY_ONLY_NOT_PRODUCTION,234594.9955,169540.3402,9810.4062,19851,11308,-0.04181848,-0.03860046,-0.05116595,-0.04181848,-9810.4062,234594.9955,OK,0.0000,294.3122,3.0000,97.0000,AG03-UNRESOLVED,ALL5_LEVELS_bet23_to_bet27,294.3122,294.3122,294.3122,392.4162,490.5203,3.000000,3.000000,3.000000,4.000000,5.000000,97.000000,97.000000,97.000000,96.000000,95.000000,5.0,1765.8731,1644.6383,8044.5331,8165.7679,PENDING_AG03,FALSE,NOT_FOR_ENFORCEMENT,9516.0940,164454.1300,9810.4062,9516.0940,294.3122,0.04181848,0.04056393,294.3122,9516.0940,0.04056393,294.3122,294.3122,294.3122,392.4162,490.5203,9516.0940,0.04056393,1765.8731,1644.6383,8044.5331,8165.7679,0.03429115,0.03480794,0.00125455,11.8178,14.9930,0.8676,208.7320,5.3202,4991.3829,240.5957,12.7170,9.8041,2.5818,2.84,3.3563,4.9054,16.007,177.8754,0.2582,0.0,5.636364,62.633151,4.16126,29,188,6,10,0.74390005,0.04181848,0.03860046,0E-8,0.000000,0.722694,0.000000,0.01256549,2026-05-12,2026-08-02,47,1844,580,83,0.566265,1.297104,1.076088,2.479667,,,,,,,,GLOBAL_BASELINE_NO_ENTITY_RANKING,,,NOT_APPLICABLE_GLOBAL_BASELINE,HF9g-P5,,,,X 全窗基线 · 不参与实体赏罚,15058982,1506,A168_HF9F_20260827_0900,2026-08-27 09:00:00
2026-07-02,17529000,2170,0,217.3856917872,29.4322670593,29.4322670593,0.5357143,56,31,0.49907685293086804,0.499083248387,0.3877348041392323,0.3876671117547068,0.3877348041392323,-0.00000639545613196,ELIGIBLE,R03b_20260811_FULL_v1,L1_ELIGIBILITY,v2026-08-11,2026-03-21..2026-08-06,baccarat_bet02_101_all_pairs_incl_sentinel,round_win = game_pnl > 0 (decisive only),COMPATIBILITY_ONLY_NOT_PRODUCTION,234594.9955,169540.3402,9810.4062,19851,11308,-0.04181848,-0.03860046,-0.05116595,-0.04181848,-9810.4062,234594.9955,OK,0.0000,294.3122,3.0000,97.0000,AG03-UNRESOLVED,ALL5_LEVELS_bet23_to_bet27,294.3122,294.3122,294.3122,392.4162,490.5203,3.000000,3.000000,3.000000,4.000000,5.000000,97.000000,97.000000,97.000000,96.000000,95.000000,5.0,1765.8731,1644.6383,8044.5331,8165.7679,PENDING_AG03,FALSE,NOT_FOR_ENFORCEMENT,9516.0940,164454.1300,9810.4062,9516.0940,294.3122,0.04181848,0.04056393,294.3122,9516.0940,0.04056393,294.3122,294.3122,294.3122,392.4162,490.5203,9516.0940,0.04056393,1765.8731,1644.6383,8044.5331,8165.7679,0.03429115,0.03480794,0.00125455,11.8178,14.9930,0.8676,208.7320,5.3202,4991.3829,240.5957,12.7170,9.8041,2.5818,2.84,3.3563,4.9054,16.007,177.8754,0.2582,0.0,5.636364,62.633151,4.16126,29,188,6,10,0.74390005,0.04181848,0.03860046,0E-8,0.000000,0.722694,0.000000,0.01256549,2026-05-12,2026-08-02,47,1844,580,83,0.566265,1.297104,1.076088,2.479667,,,,,,,,GLOBAL_BASELINE_NO_ENTITY_RANKING,,,NOT_APPLICABLE_GLOBAL_BASELINE,HF9g-P5,,,,X 全窗基线 · 不参与实体赏罚,15058983,1506,A168_HF9F_20260827_0900,2026-08-27 09:00:00
2026-07-02,17529000,2174,0,43.8902228074,27.8961092608,27.8961092608,1.0000000,7,4,0.49892261986166367,0.498272450000,2.0043141735659327,2.0069221790692646,2.0043141735659327,0.00065016986166367,ELIGIBLE,R03b_20260811_FULL_v1,L1_ELIGIBILITY,v2026-08-11,2026-03-21..2026-08-06,baccarat_bet02_101_all_pairs_incl_sentinel,round_win = game_pnl > 0 (decisive only),COMPATIBILITY_ONLY_NOT_PRODUCTION,234594.9955,169540.3402,9810.4062,19851,11308,-0.04181848,-0.03860046,-0.05116595,-0.04181848,-9810.4062,234594.9955,OK,0.0000,294.3122,3.0000,97.0000,AG03-UNRESOLVED,ALL5_LEVELS_bet23_to_bet27,294.3122,294.3122,294.3122,392.4162,490.5203,3.000000,3.000000,3.000000,4.000000,5.000000,97.000000,97.000000,97.000000,96.000000,95.000000,5.0,1765.8731,1644.6383,8044.5331,8165.7679,PENDING_AG03,FALSE,NOT_FOR_ENFORCEMENT,9516.0940,164454.1300,9810.4062,9516.0940,294.3122,0.04181848,0.04056393,294.3122,9516.0940,0.04056393,294.3122,294.3122,294.3122,392.4162,490.5203,9516.0940,0.04056393,1765.8731,1644.6383,8044.5331,8165.7679,0.03429115,0.03480794,0.00125455,11.8178,14.9930,0.8676,208.7320,5.3202,4991.3829,240.5957,12.7170,9.8041,2.5818,2.84,3.3563,4.9054,16.007,177.8754,0.2582,0.0,5.636364,62.633151,4.16126,29,188,6,10,0.74390005,0.04181848,0.03860046,0E-8,0.000000,0.722694,0.000000,0.01256549,2026-05-12,2026-08-02,47,1844,580,83,0.566265,1.297104,1.076088,2.479667,,,,,,,,GLOBAL_BASELINE_NO_ENTITY_RANKING,,,NOT_APPLICABLE_GLOBAL_BASELINE,HF9g-P5,,,,X 全窗基线 · 不参与实体赏罚,15058984,1506,A168_HF9F_20260827_0900,2026-08-27 09:00:00
2026-07-02,17529000,2177,0,299.2280484337,24.8237936645,24.8237936645,0.4500000,81,45,0.50105106618567585,0.500990726667,-0.6457520112848542,-0.6449886094238407,-0.6457520112848542,0.00006033951867585,ELIGIBLE,R03b_20260811_FULL_v1,L1_ELIGIBILITY,v2026-08-11,2026-03-21..2026-08-06,baccarat_bet02_101_all_pairs_incl_sentinel,round_win = game_pnl > 0 (decisive only),COMPATIBILITY_ONLY_NOT_PRODUCTION,234594.9955,169540.3402,9810.4062,19851,11308,-0.04181848,-0.03860046,-0.05116595,-0.04181848,-9810.4062,234594.9955,OK,0.0000,294.3122,3.0000,97.0000,AG03-UNRESOLVED,ALL5_LEVELS_bet23_to_bet27,294.3122,294.3122,294.3122,392.4162,490.5203,3.000000,3.000000,3.000000,4.000000,5.000000,97.000000,97.000000,97.000000,96.000000,95.000000,5.0,1765.8731,1644.6383,8044.5331,8165.7679,PENDING_AG03,FALSE,NOT_FOR_ENFORCEMENT,9516.0940,164454.1300,9810.4062,9516.0940,294.3122,0.04181848,0.04056393,294.3122,9516.0940,0.04056393,294.3122,294.3122,294.3122,392.4162,490.5203,9516.0940,0.04056393,1765.8731,1644.6383,8044.5331,8165.7679,0.03429115,0.03480794,0.00125455,11.8178,14.9930,0.8676,208.7320,5.3202,4991.3829,240.5957,12.7170,9.8041,2.5818,2.84,3.3563,4.9054,16.007,177.8754,0.2582,0.0,5.636364,62.633151,4.16126,29,188,6,10,0.74390005,0.04181848,0.03860046,0E-8,0.000000,0.722694,0.000000,0.01256549,2026-05-12,2026-08-02,47,1844,580,83,0.566265,1.297104,1.076088,2.479667,,,,,,,,GLOBAL_BASELINE_NO_ENTITY_RANKING,,,NOT_APPLICABLE_GLOBAL_BASELINE,HF9g-P5,,,,X 全窗基线 · 不参与实体赏罚,15058985,1506,A168_HF9F_20260827_0900,2026-08-27 09:00:00
2026-07-02,17529000,2235,0,1165.6726822088,-678.3879379341,-678.3879379341,0.3333333,27,17,0.50140331689839320,0.501130911765,-1.3018696222390727,-1.2997577782839158,-1.3018696222390727,0.00027240513339320,ELIGIBLE,R03b_20260811_FULL_v1,L1_ELIGIBILITY,v2026-08-11,2026-03-21..2026-08-06,baccarat_bet02_101_all_pairs_incl_sentinel,round_win = game_pnl > 0 (decisive only),COMPATIBILITY_ONLY_NOT_PRODUCTION,234594.9955,169540.3402,9810.4062,19851,11308,-0.04181848,-0.03860046,-0.05116595,-0.04181848,-9810.4062,234594.9955,OK,0.0000,294.3122,3.0000,97.0000,AG03-UNRESOLVED,ALL5_LEVELS_bet23_to_bet27,294.3122,294.3122,294.3122,392.4162,490.5203,3.000000,3.000000,3.000000,4.000000,5.000000,97.000000,97.000000,97.000000,96.000000,95.000000,5.0,1765.8731,1644.6383,8044.5331,8165.7679,PENDING_AG03,FALSE,NOT_FOR_ENFORCEMENT,9516.0940,164454.1300,9810.4062,9516.0940,294.3122,0.04181848,0.04056393,294.3122,9516.0940,0.04056393,294.3122,294.3122,294.3122,392.4162,490.5203,9516.0940,0.04056393,1765.8731,1644.6383,8044.5331,8165.7679,0.03429115,0.03480794,0.00125455,11.8178,14.9930,0.8676,208.7320,5.3202,4991.3829,240.5957,12.7170,9.8041,2.5818,2.84,3.3563,4.9054,16.007,177.8754,0.2582,0.0,5.636364,62.633151,4.16126,29,188,6,10,0.74390005,0.04181848,0.03860046,0E-8,0.000000,0.722694,0.000000,0.01256549,2026-05-12,2026-08-02,47,1844,580,83,0.566265,1.297104,1.076088,2.479667,,,,,,,,GLOBAL_BASELINE_NO_ENTITY_RANKING,,,NOT_APPLICABLE_GLOBAL_BASELINE,HF9g-P5,,,,X 全窗基线 · 不参与实体赏罚,15058986,1506,A168_HF9F_20260827_0900,2026-08-27 09:00:00
2026-07-02,17529000,986,0,54.2173340561,5.5508222963,5.5508222963,0.6000000,18,10,0.50017235822800703,0.499948100000,0.6313654803981331,0.6327837798637467,0.6313654803981331,0.00022425822800703,ELIGIBLE,R03b_20260811_FULL_v1,L1_ELIGIBILITY,v2026-08-11,2026-03-21..2026-08-06,baccarat_bet02_101_all_pairs_incl_sentinel,round_win = game_pnl > 0 (decisive only),COMPATIBILITY_ONLY_NOT_PRODUCTION,234594.9955,169540.3402,9810.4062,19851,11308,-0.04181848,-0.03860046,-0.05116595,-0.04181848,-9810.4062,234594.9955,OK,0.0000,294.3122,3.0000,97.0000,AG03-UNRESOLVED,ALL5_LEVELS_bet23_to_bet27,294.3122,294.3122,294.3122,392.4162,490.5203,3.000000,3.000000,3.000000,4.000000,5.000000,97.000000,97.000000,97.000000,96.000000,95.000000,5.0,1765.8731,1644.6383,8044.5331,8165.7679,PENDING_AG03,FALSE,NOT_FOR_ENFORCEMENT,9516.0940,164454.1300,9810.4062,9516.0940,294.3122,0.04181848,0.04056393,294.3122,9516.0940,0.04056393,294.3122,294.3122,294.3122,392.4162,490.5203,9516.0940,0.04056393,1765.8731,1644.6383,8044.5331,8165.7679,0.03429115,0.03480794,0.00125455,11.8178,14.9930,0.8676,208.7320,5.3202,4991.3829,240.5957,12.7170,9.8041,2.5818,2.84,3.3563,4.9054,16.007,177.8754,0.2582,0.0,5.636364,62.633151,4.16126,29,188,6,10,0.74390005,0.04181848,0.03860046,0E-8,0.000000,0.722694,0.000000,0.01256549,2026-05-12,2026-08-02,47,1844,580,83,0.566265,1.297104,1.076088,2.479667,,,,,,,,GLOBAL_BASELINE_NO_ENTITY_RANKING,,,NOT_APPLICABLE_GLOBAL_BASELINE,HF9g-P5,,,,X 全窗基线 · 不参与实体赏罚,15058987,1506,A168_HF9F_20260827_0900,2026-08-27 09:00:00
2026-07-02,17529000,994,0,2726.6155474651,-1085.4439366942,-1085.4439366942,0.3906250,111,70,0.49688389925216774,0.494145655714,-1.7001754060468697,-1.6564440390785293,-1.7001754060468697,0.00273824353816774,ELIGIBLE,R03b_20260811_FULL_v1,L1_ELIGIBILITY,v2026-08-11,2026-03-21..2026-08-06,baccarat_bet02_101_all_pairs_incl_sentinel,round_win = game_pnl > 0 (decisive only),COMPATIBILITY_ONLY_NOT_PRODUCTION,234594.9955,169540.3402,9810.4062,19851,11308,-0.04181848,-0.03860046,-0.05116595,-0.04181848,-9810.4062,234594.9955,OK,0.0000,294.3122,3.0000,97.0000,AG03-UNRESOLVED,ALL5_LEVELS_bet23_to_bet27,294.3122,294.3122,294.3122,392.4162,490.5203,3.000000,3.000000,3.000000,4.000000,5.000000,97.000000,97.000000,97.000000,96.000000,95.000000,5.0,1765.8731,1644.6383,8044.5331,8165.7679,PENDING_AG03,FALSE,NOT_FOR_ENFORCEMENT,9516.0940,164454.1300,9810.4062,9516.0940,294.3122,0.04181848,0.04056393,294.3122,9516.0940,0.04056393,294.3122,294.3122,294.3122,392.4162,490.5203,9516.0940,0.04056393,1765.8731,1644.6383,8044.5331,8165.7679,0.03429115,0.03480794,0.00125455,11.8178,14.9930,0.8676,208.7320,5.3202,4991.3829,240.5957,12.7170,9.8041,2.5818,2.84,3.3563,4.9054,16.007,177.8754,0.2582,0.0,5.636364,62.633151,4.16126,29,188,6,10,0.74390005,0.04181848,0.03860046,0E-8,0.000000,0.722694,0.000000,0.01256549,2026-05-12,2026-08-02,47,1844,580,83,0.566265,1.297104,1.076088,2.479667,,,,,,,,GLOBAL_BASELINE_NO_ENTITY_RANKING,,,NOT_APPLICABLE_GLOBAL_BASELINE,HF9g-P5,,,,X 全窗基线 · 不参与实体赏罚,15058988,1506,A168_HF9F_20260827_0900,2026-08-27 09:00:00
2026-07-04,17529000,1210,0,88.0386233958,4.2599333900,4.2599333900,0.6666667,30,15,0.49918330900150007,0.499948100000,1.2973222405961753,1.291396471364179,1.2973222405961753,-0.00076479099849993,ELIGIBLE,R03b_20260811_FULL_v1,L1_ELIGIBILITY,v2026-08-11,2026-03-21..2026-08-06,baccarat_bet02_101_all_pairs_incl_sentinel,round_win = game_pnl > 0 (decisive only),COMPATIBILITY_ONLY_NOT_PRODUCTION,234594.9955,169540.3402,9810.4062,19851,11308,-0.04181848,-0.03860046,-0.05116595,-0.04181848,-9810.4062,234594.9955,OK,0.0000,294.3122,3.0000,97.0000,AG03-UNRESOLVED,ALL5_LEVELS_bet23_to_bet27,294.3122,294.3122,294.3122,392.4162,490.5203,3.000000,3.000000,3.000000,4.000000,5.000000,97.000000,97.000000,97.000000,96.000000,95.000000,5.0,1765.8731,1644.6383,8044.5331,8165.7679,PENDING_AG03,FALSE,NOT_FOR_ENFORCEMENT,9516.0940,164454.1300,9810.4062,9516.0940,294.3122,0.04181848,0.04056393,294.3122,9516.0940,0.04056393,294.3122,294.3122,294.3122,392.4162,490.5203,9516.0940,0.04056393,1765.8731,1644.6383,8044.5331,8165.7679,0.03429115,0.03480794,0.00125455,11.8178,14.9930,0.8676,208.7320,5.3202,4991.3829,240.5957,12.7170,9.8041,2.5818,2.84,3.3563,4.9054,16.007,177.8754,0.2582,0.0,5.636364,62.633151,4.16126,29,188,6,10,0.74390005,0.04181848,0.03860046,0E-8,0.000000,0.722694,0.000000,0.01256549,2026-05-12,2026-08-02,47,1844,580,83,0.566265,1.297104,1.076088,2.479667,,,,,,,,GLOBAL_BASELINE_NO_ENTITY_RANKING,,,NOT_APPLICABLE_GLOBAL_BASELINE,HF9g-P5,,,,X 全窗基线 · 不参与实体赏罚,15058989,1506,A168_HF9F_20260827_0900,2026-08-27 09:00:00
2026-07-04,17529000,1307,0,201.3786693510,3.9630289416,3.9630289416,0.5517241,70,36,0.49952835912299530,0.499948100000,0.5621659923382745,0.5576449976422924,0.5621659923382745,-0.00041974087700470,ELIGIBLE,R03b_20260811_FULL_v1,L1_ELIGIBILITY,v2026-08-11,2026-03-21..2026-08-06,baccarat_bet02_101_all_pairs_incl_sentinel,round_win = game_pnl > 0 (decisive only),COMPATIBILITY_ONLY_NOT_PRODUCTION,234594.9955,169540.3402,9810.4062,19851,11308,-0.04181848,-0.03860046,-0.05116595,-0.04181848,-9810.4062,234594.9955,OK,0.0000,294.3122,3.0000,97.0000,AG03-UNRESOLVED,ALL5_LEVELS_bet23_to_bet27,294.3122,294.3122,294.3122,392.4162,490.5203,3.000000,3.000000,3.000000,4.000000,5.000000,97.000000,97.000000,97.000000,96.000000,95.000000,5.0,1765.8731,1644.6383,8044.5331,8165.7679,PENDING_AG03,FALSE,NOT_FOR_ENFORCEMENT,9516.0940,164454.1300,9810.4062,9516.0940,294.3122,0.04181848,0.04056393,294.3122,9516.0940,0.04056393,294.3122,294.3122,294.3122,392.4162,490.5203,9516.0940,0.04056393,1765.8731,1644.6383,8044.5331,8165.7679,0.03429115,0.03480794,0.00125455,11.8178,14.9930,0.8676,208.7320,5.3202,4991.3829,240.5957,12.7170,9.8041,2.5818,2.84,3.3563,4.9054,16.007,177.8754,0.2582,0.0,5.636364,62.633151,4.16126,29,188,6,10,0.74390005,0.04181848,0.03860046,0E-8,0.000000,0.722694,0.000000,0.01256549,2026-05-12,2026-08-02,47,1844,580,83,0.566265,1.297104,1.076088,2.479667,,,,,,,,GLOBAL_BASELINE_NO_ENTITY_RANKING,,,NOT_APPLICABLE_GLOBAL_BASELINE,HF9g-P5,,,,X 全窗基线 · 不参与实体赏罚,15058990,1506,A168_HF9F_20260827_0900,2026-08-27 09:00:00
2026-07-04,17529000,1330,0,21.9451114036,-0.7745333436,-0.7745333436,0.3333333,8,4,0.49955638961041800,0.499948100000,-0.5758137843516213,-0.5771704854251445,-0.5758137843516213,-0.00039171038958200,ELIGIBLE,R03b_20260811_FULL_v1,L1_ELIGIBILITY,v2026-08-11,2026-03-21..2026-08-06,baccarat_bet02_101_all_pairs_incl_sentinel,round_win = game_pnl > 0 (decisive only),COMPATIBILITY_ONLY_NOT_PRODUCTION,234594.9955,169540.3402,9810.4062,19851,11308,-0.04181848,-0.03860046,-0.05116595,-0.04181848,-9810.4062,234594.9955,OK,0.0000,294.3122,3.0000,97.0000,AG03-UNRESOLVED,ALL5_LEVELS_bet23_to_bet27,294.3122,294.3122,294.3122,392.4162,490.5203,3.000000,3.000000,3.000000,4.000000,5.000000,97.000000,97.000000,97.000000,96.000000,95.000000,5.0,1765.8731,1644.6383,8044.5331,8165.7679,PENDING_AG03,FALSE,NOT_FOR_ENFORCEMENT,9516.0940,164454.1300,9810.4062,9516.0940,294.3122,0.04181848,0.04056393,294.3122,9516.0940,0.04056393,294.3122,294.3122,294.3122,392.4162,490.5203,9516.0940,0.04056393,1765.8731,1644.6383,8044.5331,8165.7679,0.03429115,0.03480794,0.00125455,11.8178,14.9930,0.8676,208.7320,5.3202,4991.3829,240.5957,12.7170,9.8041,2.5818,2.84,3.3563,4.9054,16.007,177.8754,0.2582,0.0,5.636364,62.633151,4.16126,29,188,6,10,0.74390005,0.04181848,0.03860046,0E-8,0.000000,0.722694,0.000000,0.01256549,2026-05-12,2026-08-02,47,1844,580,83,0.566265,1.297104,1.076088,2.479667,,,,,,,,GLOBAL_BASELINE_NO_ENTITY_RANKING,,,NOT_APPLICABLE_GLOBAL_BASELINE,HF9g-P5,,,,X 全窗基线 · 不参与实体赏罚,15058991,1506,A168_HF9F_20260827_0900,2026-08-27 09:00:00
2026-07-04,17529000,1401,0,67.1262231170,0.9810755689,0.9810755689,0.5000000,23,12,0.50100117064170639,0.500506650000,-0.00693632757909514,-0.0035101759687033315,-0.00693632757909514,0.00049452064170639,ELIGIBLE,R03b_20260811_FULL_v1,L1_ELIGIBILITY,v2026-08-11,2026-03-21..2026-08-06,baccarat_bet02_101_all_pairs_incl_sentinel,round_win = game_pnl > 0 (decisive only),COMPATIBILITY_ONLY_NOT_PRODUCTION,234594.9955,169540.3402,9810.4062,19851,11308,-0.04181848,-0.03860046,-0.05116595,-0.04181848,-9810.4062,234594.9955,OK,0.0000,294.3122,3.0000,97.0000,AG03-UNRESOLVED,ALL5_LEVELS_bet23_to_bet27,294.3122,294.3122,294.3122,392.4162,490.5203,3.000000,3.000000,3.000000,4.000000,5.000000,97.000000,97.000000,97.000000,96.000000,95.000000,5.0,1765.8731,1644.6383,8044.5331,8165.7679,PENDING_AG03,FALSE,NOT_FOR_ENFORCEMENT,9516.0940,164454.1300,9810.4062,9516.0940,294.3122,0.04181848,0.04056393,294.3122,9516.0940,0.04056393,294.3122,294.3122,294.3122,392.4162,490.5203,9516.0940,0.04056393,1765.8731,1644.6383,8044.5331,8165.7679,0.03429115,0.03480794,0.00125455,11.8178,14.9930,0.8676,208.7320,5.3202,4991.3829,240.5957,12.7170,9.8041,2.5818,2.84,3.3563,4.9054,16.007,177.8754,0.2582,0.0,5.636364,62.633151,4.16126,29,188,6,10,0.74390005,0.04181848,0.03860046,0E-8,0.000000,0.722694,0.000000,0.01256549,2026-05-12,2026-08-02,47,1844,580,83,0.566265,1.297104,1.076088,2.479667,,,,,,,,GLOBAL_BASELINE_NO_ENTITY_RANKING,,,NOT_APPLICABLE_GLOBAL_BASELINE,HF9g-P5,,,,X 全窗基线 · 不参与实体赏罚,15058992,1506,A168_HF9F_20260827_0900,2026-08-27 09:00:00
2026-07-04,17529000,1505,0,101.9802235818,10.1980223582,10.1980223582,0.5555556,30,18,0.49736635816715604,0.497713900000,0.49375856231640236,0.490807852739722,0.49375856231640236,-0.00034754183284396,ELIGIBLE,R03b_20260811_FULL_v1,L1_ELIGIBILITY,v2026-08-11,2026-03-21..2026-08-06,baccarat_bet02_101_all_pairs_incl_sentinel,round_win = game_pnl > 0 (decisive only),COMPATIBILITY_ONLY_NOT_PRODUCTION,234594.9955,169540.3402,9810.4062,19851,11308,-0.04181848,-0.03860046,-0.05116595,-0.04181848,-9810.4062,234594.9955,OK,0.0000,294.3122,3.0000,97.0000,AG03-UNRESOLVED,ALL5_LEVELS_bet23_to_bet27,294.3122,294.3122,294.3122,392.4162,490.5203,3.000000,3.000000,3.000000,4.000000,5.000000,97.000000,97.000000,97.000000,96.000000,95.000000,5.0,1765.8731,1644.6383,8044.5331,8165.7679,PENDING_AG03,FALSE,NOT_FOR_ENFORCEMENT,9516.0940,164454.1300,9810.4062,9516.0940,294.3122,0.04181848,0.04056393,294.3122,9516.0940,0.04056393,294.3122,294.3122,294.3122,392.4162,490.5203,9516.0940,0.04056393,1765.8731,1644.6383,8044.5331,8165.7679,0.03429115,0.03480794,0.00125455,11.8178,14.9930,0.8676,208.7320,5.3202,4991.3829,240.5957,12.7170,9.8041,2.5818,2.84,3.3563,4.9054,16.007,177.8754,0.2582,0.0,5.636364,62.633151,4.16126,29,188,6,10,0.74390005,0.04181848,0.03860046,0E-8,0.000000,0.722694,0.000000,0.01256549,2026-05-12,2026-08-02,47,1844,580,83,0.566265,1.297104,1.076088,2.479667,,,,,,,,GLOBAL_BASELINE_NO_ENTITY_RANKING,,,NOT_APPLICABLE_GLOBAL_BASELINE,HF9g-P5,,,,X 全窗基线 · 不参与实体赏罚,15058993,1506,A168_HF9F_20260827_0900,2026-08-27 09:00:00
2026-07-04,17529000,1994,0,69.9661787105,14.1997779670,14.1997779670,0.8333333,14,8,0.49792741685489648,0.498272450000,1.643160820952266,1.6414661915736004,1.643160820952266,-0.00034503314510352,ELIGIBLE,R03b_20260811_FULL_v1,L1_ELIGIBILITY,v2026-08-11,2026-03-21..2026-08-06,baccarat_bet02_101_all_pairs_incl_sentinel,round_win = game_pnl > 0 (decisive only),COMPATIBILITY_ONLY_NOT_PRODUCTION,234594.9955,169540.3402,9810.4062,19851,11308,-0.04181848,-0.03860046,-0.05116595,-0.04181848,-9810.4062,234594.9955,OK,0.0000,294.3122,3.0000,97.0000,AG03-UNRESOLVED,ALL5_LEVELS_bet23_to_bet27,294.3122,294.3122,294.3122,392.4162,490.5203,3.000000,3.000000,3.000000,4.000000,5.000000,97.000000,97.000000,97.000000,96.000000,95.000000,5.0,1765.8731,1644.6383,8044.5331,8165.7679,PENDING_AG03,FALSE,NOT_FOR_ENFORCEMENT,9516.0940,164454.1300,9810.4062,9516.0940,294.3122,0.04181848,0.04056393,294.3122,9516.0940,0.04056393,294.3122,294.3122,294.3122,392.4162,490.5203,9516.0940,0.04056393,1765.8731,1644.6383,8044.5331,8165.7679,0.03429115,0.03480794,0.00125455,11.8178,14.9930,0.8676,208.7320,5.3202,4991.3829,240.5957,12.7170,9.8041,2.5818,2.84,3.3563,4.9054,16.007,177.8754,0.2582,0.0,5.636364,62.633151,4.16126,29,188,6,10,0.74390005,0.04181848,0.03860046,0E-8,0.000000,0.722694,0.000000,0.01256549,2026-05-12,2026-08-02,47,1844,580,83,0.566265,1.297104,1.076088,2.479667,,,,,,,,GLOBAL_BASELINE_NO_ENTITY_RANKING,,,NOT_APPLICABLE_GLOBAL_BASELINE,HF9g-P5,,,,X 全窗基线 · 不参与实体赏罚,15058994,1506,A168_HF9F_20260827_0900,2026-08-27 09:00:00
2026-07-04,17529000,2088,0,162.1356466058,3.4854000468,3.4854000468,0.6071429,58,29,0.49944730928368521,0.499948100000,1.1397432440850694,1.1344426831113508,1.1397432440850694,-0.00050079071631479,ELIGIBLE,R03b_20260811_FULL_v1,L1_ELIGIBILITY,v2026-08-11,2026-03-21..2026-08-06,baccarat_bet02_101_all_pairs_incl_sentinel,round_win = game_pnl > 0 (decisive only),COMPATIBILITY_ONLY_NOT_PRODUCTION,234594.9955,169540.3402,9810.4062,19851,11308,-0.04181848,-0.03860046,-0.05116595,-0.04181848,-9810.4062,234594.9955,OK,0.0000,294.3122,3.0000,97.0000,AG03-UNRESOLVED,ALL5_LEVELS_bet23_to_bet27,294.3122,294.3122,294.3122,392.4162,490.5203,3.000000,3.000000,3.000000,4.000000,5.000000,97.000000,97.000000,97.000000,96.000000,95.000000,5.0,1765.8731,1644.6383,8044.5331,8165.7679,PENDING_AG03,FALSE,NOT_FOR_ENFORCEMENT,9516.0940,164454.1300,9810.4062,9516.0940,294.3122,0.04181848,0.04056393,294.3122,9516.0940,0.04056393,294.3122,294.3122,294.3122,392.4162,490.5203,9516.0940,0.04056393,1765.8731,1644.6383,8044.5331,8165.7679,0.03429115,0.03480794,0.00125455,11.8178,14.9930,0.8676,208.7320,5.3202,4991.3829,240.5957,12.7170,9.8041,2.5818,2.84,3.3563,4.9054,16.007,177.8754,0.2582,0.0,5.636364,62.633151,4.16126,29,188,6,10,0.74390005,0.04181848,0.03860046,0E-8,0.000000,0.722694,0.000000,0.01256549,2026-05-12,2026-08-02,47,1844,580,83,0.566265,1.297104,1.076088,2.479667,,,,,,,,GLOBAL_BASELINE_NO_ENTITY_RANKING,,,NOT_APPLICABLE_GLOBAL_BASELINE,HF9g-P5,,,,X 全窗基线 · 不参与实体赏罚,15058995,1506,A168_HF9F_20260827_0900,2026-08-27 09:00:00
2026-07-04,17529000,2142,0,181.7571579783,0.7745333439,0.7745333439,0.5714286,66,33,0.49953450367881892,0.499948100000,0.7608556257615479,0.7564782080659459,0.7608556257615479,-0.00041359632118108,ELIGIBLE,R03b_20260811_FULL_v1,L1_ELIGIBILITY,v2026-08-11,2026-03-21..2026-08-06,baccarat_bet02_101_all_pairs_incl_sentinel,round_win = game_pnl > 0 (decisive only),COMPATIBILITY_ONLY_NOT_PRODUCTION,234594.9955,169540.3402,9810.4062,19851,11308,-0.04181848,-0.03860046,-0.05116595,-0.04181848,-9810.4062,234594.9955,OK,0.0000,294.3122,3.0000,97.0000,AG03-UNRESOLVED,ALL5_LEVELS_bet23_to_bet27,294.3122,294.3122,294.3122,392.4162,490.5203,3.000000,3.000000,3.000000,4.000000,5.000000,97.000000,97.000000,97.000000,96.000000,95.000000,5.0,1765.8731,1644.6383,8044.5331,8165.7679,PENDING_AG03,FALSE,NOT_FOR_ENFORCEMENT,9516.0940,164454.1300,9810.4062,9516.0940,294.3122,0.04181848,0.04056393,294.3122,9516.0940,0.04056393,294.3122,294.3122,294.3122,392.4162,490.5203,9516.0940,0.04056393,1765.8731,1644.6383,8044.5331,8165.7679,0.03429115,0.03480794,0.00125455,11.8178,14.9930,0.8676,208.7320,5.3202,4991.3829,240.5957,12.7170,9.8041,2.5818,2.84,3.3563,4.9054,16.007,177.8754,0.2582,0.0,5.636364,62.633151,4.16126,29,188,6,10,0.74390005,0.04181848,0.03860046,0E-8,0.000000,0.722694,0.000000,0.01256549,2026-05-12,2026-08-02,47,1844,580,83,0.566265,1.297104,1.076088,2.479667,,,,,,,,GLOBAL_BASELINE_NO_ENTITY_RANKING,,,NOT_APPLICABLE_GLOBAL_BASELINE,HF9g-P5,,,,X 全窗基线 · 不参与实体赏罚,15058996,1506,A168_HF9F_20260827_0900,2026-08-27 09:00:00
2026-07-04,17529000,2145,0,152.0667131383,3.2788578215,3.2788578215,0.6000000,53,27,0.49926035558667981,0.499699855556,1.0073975463755298,1.0030016251542038,1.0073975463755298,-0.00043949996932019,ELIGIBLE,R03b_20260811_FULL_v1,L1_ELIGIBILITY,v2026-08-11,2026-03-21..2026-08-06,baccarat_bet02_101_all_pairs_incl_sentinel,round_win = game_pnl > 0 (decisive only),COMPATIBILITY_ONLY_NOT_PRODUCTION,234594.9955,169540.3402,9810.4062,19851,11308,-0.04181848,-0.03860046,-0.05116595,-0.04181848,-9810.4062,234594.9955,OK,0.0000,294.3122,3.0000,97.0000,AG03-UNRESOLVED,ALL5_LEVELS_bet23_to_bet27,294.3122,294.3122,294.3122,392.4162,490.5203,3.000000,3.000000,3.000000,4.000000,5.000000,97.000000,97.000000,97.000000,96.000000,95.000000,5.0,1765.8731,1644.6383,8044.5331,8165.7679,PENDING_AG03,FALSE,NOT_FOR_ENFORCEMENT,9516.0940,164454.1300,9810.4062,9516.0940,294.3122,0.04181848,0.04056393,294.3122,9516.0940,0.04056393,294.3122,294.3122,294.3122,392.4162,490.5203,9516.0940,0.04056393,1765.8731,1644.6383,8044.5331,8165.7679,0.03429115,0.03480794,0.00125455,11.8178,14.9930,0.8676,208.7320,5.3202,4991.3829,240.5957,12.7170,9.8041,2.5818,2.84,3.3563,4.9054,16.007,177.8754,0.2582,0.0,5.636364,62.633151,4.16126,29,188,6,10,0.74390005,0.04181848,0.03860046,0E-8,0.000000,0.722694,0.000000,0.01256549,2026-05-12,2026-08-02,47,1844,580,83,0.566265,1.297104,1.076088,2.479667,,,,,,,,GLOBAL_BASELINE_NO_ENTITY_RANKING,,,NOT_APPLICABLE_GLOBAL_BASELINE,HF9g-P5,,,,X 全窗基线 · 不参与实体赏罚,15058997,1506,A168_HF9F_20260827_0900,2026-08-27 09:00:00
2026-07-04,17529000,2169,0,181.2408024160,7.2289778742,7.2289778742,0.4615385,57,29,0.49947049257953547,0.499716975862,-0.3868325498561044,-0.3893460414467228,-0.3868325498561044,-0.00024648328246453,ELIGIBLE,R03b_20260811_FULL_v1,L1_ELIGIBILITY,v2026-08-11,2026-03-21..2026-08-06,baccarat_bet02_101_all_pairs_incl_sentinel,round_win = game_pnl > 0 (decisive only),COMPATIBILITY_ONLY_NOT_PRODUCTION,234594.9955,169540.3402,9810.4062,19851,11308,-0.04181848,-0.03860046,-0.05116595,-0.04181848,-9810.4062,234594.9955,OK,0.0000,294.3122,3.0000,97.0000,AG03-UNRESOLVED,ALL5_LEVELS_bet23_to_bet27,294.3122,294.3122,294.3122,392.4162,490.5203,3.000000,3.000000,3.000000,4.000000,5.000000,97.000000,97.000000,97.000000,96.000000,95.000000,5.0,1765.8731,1644.6383,8044.5331,8165.7679,PENDING_AG03,FALSE,NOT_FOR_ENFORCEMENT,9516.0940,164454.1300,9810.4062,9516.0940,294.3122,0.04181848,0.04056393,294.3122,9516.0940,0.04056393,294.3122,294.3122,294.3122,392.4162,490.5203,9516.0940,0.04056393,1765.8731,1644.6383,8044.5331,8165.7679,0.03429115,0.03480794,0.00125455,11.8178,14.9930,0.8676,208.7320,5.3202,4991.3829,240.5957,12.7170,9.8041,2.5818,2.84,3.3563,4.9054,16.007,177.8754,0.2582,0.0,5.636364,62.633151,4.16126,29,188,6,10,0.74390005,0.04181848,0.03860046,0E-8,0.000000,0.722694,0.000000,0.01256549,2026-05-12,2026-08-02,47,1844,580,83,0.566265,1.297104,1.076088,2.479667,,,,,,,,GLOBAL_BASELINE_NO_ENTITY_RANKING,,,NOT_APPLICABLE_GLOBAL_BASELINE,HF9g-P5,,,,X 全窗基线 · 不参与实体赏罚,15058998,1506,A168_HF9F_20260827_0900,2026-08-27 09:00:00
2026-07-04,17529000,2170,0,236.2326698157,2.7108667031,2.7108667031,0.4571429,82,41,0.49932801607202503,0.499948100000,-0.49914198256309494,-0.5064784664841351,-0.49914198256309494,-0.00062008392797497,ELIGIBLE,R03b_20260811_FULL_v1,L1_ELIGIBILITY,v2026-08-11,2026-03-21..2026-08-06,baccarat_bet02_101_all_pairs_incl_sentinel,round_win = game_pnl > 0 (decisive only),COMPATIBILITY_ONLY_NOT_PRODUCTION,234594.9955,169540.3402,9810.4062,19851,11308,-0.04181848,-0.03860046,-0.05116595,-0.04181848,-9810.4062,234594.9955,OK,0.0000,294.3122,3.0000,97.0000,AG03-UNRESOLVED,ALL5_LEVELS_bet23_to_bet27,294.3122,294.3122,294.3122,392.4162,490.5203,3.000000,3.000000,3.000000,4.000000,5.000000,97.000000,97.000000,97.000000,96.000000,95.000000,5.0,1765.8731,1644.6383,8044.5331,8165.7679,PENDING_AG03,FALSE,NOT_FOR_ENFORCEMENT,9516.0940,164454.1300,9810.4062,9516.0940,294.3122,0.04181848,0.04056393,294.3122,9516.0940,0.04056393,294.3122,294.3122,294.3122,392.4162,490.5203,9516.0940,0.04056393,1765.8731,1644.6383,8044.5331,8165.7679,0.03429115,0.03480794,0.00125455,11.8178,14.9930,0.8676,208.7320,5.3202,4991.3829,240.5957,12.7170,9.8041,2.5818,2.84,3.3563,4.9054,16.007,177.8754,0.2582,0.0,5.636364,62.633151,4.16126,29,188,6,10,0.74390005,0.04181848,0.03860046,0E-8,0.000000,0.722694,0.000000,0.01256549,2026-05-12,2026-08-02,47,1844,580,83,0.566265,1.297104,1.076088,2.479667,,,,,,,,GLOBAL_BASELINE_NO_ENTITY_RANKING,,,NOT_APPLICABLE_GLOBAL_BASELINE,HF9g-P5,,,,X 全窗基线 · 不参与实体赏罚,15058999,1506,A168_HF9F_20260827_0900,2026-08-27 09:00:00
2026-07-04,17529000,2171,0,46.9883561820,0.9810755687,0.9810755687,0.3750000,16,8,0.50071936962716666,0.499948100000,-0.7111768863769599,-0.7068131942587571,-0.7111768863769599,0.00077126962716666,ELIGIBLE,R03b_20260811_FULL_v1,L1_ELIGIBILITY,v2026-08-11,2026-03-21..2026-08-06,baccarat_bet02_101_all_pairs_incl_sentinel,round_win = game_pnl > 0 (decisive only),COMPATIBILITY_ONLY_NOT_PRODUCTION,234594.9955,169540.3402,9810.4062,19851,11308,-0.04181848,-0.03860046,-0.05116595,-0.04181848,-9810.4062,234594.9955,OK,0.0000,294.3122,3.0000,97.0000,AG03-UNRESOLVED,ALL5_LEVELS_bet23_to_bet27,294.3122,294.3122,294.3122,392.4162,490.5203,3.000000,3.000000,3.000000,4.000000,5.000000,97.000000,97.000000,97.000000,96.000000,95.000000,5.0,1765.8731,1644.6383,8044.5331,8165.7679,PENDING_AG03,FALSE,NOT_FOR_ENFORCEMENT,9516.0940,164454.1300,9810.4062,9516.0940,294.3122,0.04181848,0.04056393,294.3122,9516.0940,0.04056393,294.3122,294.3122,294.3122,392.4162,490.5203,9516.0940,0.04056393,1765.8731,1644.6383,8044.5331,8165.7679,0.03429115,0.03480794,0.00125455,11.8178,14.9930,0.8676,208.7320,5.3202,4991.3829,240.5957,12.7170,9.8041,2.5818,2.84,3.3563,4.9054,16.007,177.8754,0.2582,0.0,5.636364,62.633151,4.16126,29,188,6,10,0.74390005,0.04181848,0.03860046,0E-8,0.000000,0.722694,0.000000,0.01256549,2026-05-12,2026-08-02,47,1844,580,83,0.566265,1.297104,1.076088,2.479667,,,,,,,,GLOBAL_BASELINE_NO_ENTITY_RANKING,,,NOT_APPLICABLE_GLOBAL_BASELINE,HF9g-P5,,,,X 全窗基线 · 不参与实体赏罚,15059000,1506,A168_HF9F_20260827_0900,2026-08-27 09:00:00
2026-07-04,17529000,2174,0,179.9499135097,0.6454444532,0.6454444532,0.5357143,64,32,0.49941903691246998,0.499948100000,0.38411306770159803,0.378513733020541,0.38411306770159803,-0.00052906308753002,ELIGIBLE,R03b_20260811_FULL_v1,L1_ELIGIBILITY,v2026-08-11,2026-03-21..2026-08-06,baccarat_bet02_101_all_pairs_incl_sentinel,round_win = game_pnl > 0 (decisive only),COMPATIBILITY_ONLY_NOT_PRODUCTION,234594.9955,169540.3402,9810.4062,19851,11308,-0.04181848,-0.03860046,-0.05116595,-0.04181848,-9810.4062,234594.9955,OK,0.0000,294.3122,3.0000,97.0000,AG03-UNRESOLVED,ALL5_LEVELS_bet23_to_bet27,294.3122,294.3122,294.3122,392.4162,490.5203,3.000000,3.000000,3.000000,4.000000,5.000000,97.000000,97.000000,97.000000,96.000000,95.000000,5.0,1765.8731,1644.6383,8044.5331,8165.7679,PENDING_AG03,FALSE,NOT_FOR_ENFORCEMENT,9516.0940,164454.1300,9810.4062,9516.0940,294.3122,0.04181848,0.04056393,294.3122,9516.0940,0.04056393,294.3122,294.3122,294.3122,392.4162,490.5203,9516.0940,0.04056393,1765.8731,1644.6383,8044.5331,8165.7679,0.03429115,0.03480794,0.00125455,11.8178,14.9930,0.8676,208.7320,5.3202,4991.3829,240.5957,12.7170,9.8041,2.5818,2.84,3.3563,4.9054,16.007,177.8754,0.2582,0.0,5.636364,62.633151,4.16126,29,188,6,10,0.74390005,0.04181848,0.03860046,0E-8,0.000000,0.722694,0.000000,0.01256549,2026-05-12,2026-08-02,47,1844,580,83,0.566265,1.297104,1.076088,2.479667,,,,,,,,GLOBAL_BASELINE_NO_ENTITY_RANKING,,,NOT_APPLICABLE_GLOBAL_BASELINE,HF9g-P5,,,,X 全窗基线 · 不参与实体赏罚,15059001,1506,A168_HF9F_20260827_0900,2026-08-27 09:00:00
2026-07-04,17529000,2235,0,189.7606691967,13.2961557331,13.2961557331,0.3333333,52,30,0.49800269991459238,0.498607580000,-1.7113079097931643,-1.7175870146992769,-1.7113079097931643,-0.00060488008540762,ELIGIBLE,R03b_20260811_FULL_v1,L1_ELIGIBILITY,v2026-08-11,2026-03-21..2026-08-06,baccarat_bet02_101_all_pairs_incl_sentinel,round_win = game_pnl > 0 (decisive only),COMPATIBILITY_ONLY_NOT_PRODUCTION,234594.9955,169540.3402,9810.4062,19851,11308,-0.04181848,-0.03860046,-0.05116595,-0.04181848,-9810.4062,234594.9955,OK,0.0000,294.3122,3.0000,97.0000,AG03-UNRESOLVED,ALL5_LEVELS_bet23_to_bet27,294.3122,294.3122,294.3122,392.4162,490.5203,3.000000,3.000000,3.000000,4.000000,5.000000,97.000000,97.000000,97.000000,96.000000,95.000000,5.0,1765.8731,1644.6383,8044.5331,8165.7679,PENDING_AG03,FALSE,NOT_FOR_ENFORCEMENT,9516.0940,164454.1300,9810.4062,9516.0940,294.3122,0.04181848,0.04056393,294.3122,9516.0940,0.04056393,294.3122,294.3122,294.3122,392.4162,490.5203,9516.0940,0.04056393,1765.8731,1644.6383,8044.5331,8165.7679,0.03429115,0.03480794,0.00125455,11.8178,14.9930,0.8676,208.7320,5.3202,4991.3829,240.5957,12.7170,9.8041,2.5818,2.84,3.3563,4.9054,16.007,177.8754,0.2582,0.0,5.636364,62.633151,4.16126,29,188,6,10,0.74390005,0.04181848,0.03860046,0E-8,0.000000,0.722694,0.000000,0.01256549,2026-05-12,2026-08-02,47,1844,580,83,0.566265,1.297104,1.076088,2.479667,,,,,,,,GLOBAL_BASELINE_NO_ENTITY_RANKING,,,NOT_APPLICABLE_GLOBAL_BASELINE,HF9g-P5,,,,X 全窗基线 · 不参与实体赏罚,15059002,1506,A168_HF9F_20260827_0900,2026-08-27 09:00:00
2026-07-04,17529000,2246,0,103.2711124878,-8.0035112176,-8.0035112176,0.2500000,35,19,0.49836030716820140,0.498889794737,-1.9868931412666604,-1.9911232662428158,-1.9868931412666604,-0.00052948756879860,ELIGIBLE,R03b_20260811_FULL_v1,L1_ELIGIBILITY,v2026-08-11,2026-03-21..2026-08-06,baccarat_bet02_101_all_pairs_incl_sentinel,round_win = game_pnl > 0 (decisive only),COMPATIBILITY_ONLY_NOT_PRODUCTION,234594.9955,169540.3402,9810.4062,19851,11308,-0.04181848,-0.03860046,-0.05116595,-0.04181848,-9810.4062,234594.9955,OK,0.0000,294.3122,3.0000,97.0000,AG03-UNRESOLVED,ALL5_LEVELS_bet23_to_bet27,294.3122,294.3122,294.3122,392.4162,490.5203,3.000000,3.000000,3.000000,4.000000,5.000000,97.000000,97.000000,97.000000,96.000000,95.000000,5.0,1765.8731,1644.6383,8044.5331,8165.7679,PENDING_AG03,FALSE,NOT_FOR_ENFORCEMENT,9516.0940,164454.1300,9810.4062,9516.0940,294.3122,0.04181848,0.04056393,294.3122,9516.0940,0.04056393,294.3122,294.3122,294.3122,392.4162,490.5203,9516.0940,0.04056393,1765.8731,1644.6383,8044.5331,8165.7679,0.03429115,0.03480794,0.00125455,11.8178,14.9930,0.8676,208.7320,5.3202,4991.3829,240.5957,12.7170,9.8041,2.5818,2.84,3.3563,4.9054,16.007,177.8754,0.2582,0.0,5.636364,62.633151,4.16126,29,188,6,10,0.74390005,0.04181848,0.03860046,0E-8,0.000000,0.722694,0.000000,0.01256549,2026-05-12,2026-08-02,47,1844,580,83,0.566265,1.297104,1.076088,2.479667,,,,,,,,GLOBAL_BASELINE_NO_ENTITY_RANKING,,,NOT_APPLICABLE_GLOBAL_BASELINE,HF9g-P5,,,,X 全窗基线 · 不参与实体赏罚,15059003,1506,A168_HF9F_20260827_0900,2026-08-27 09:00:00
2026-07-04,17529000,970,0,7.2289778742,2.0654222498,2.0654222498,1.0000000,2,1,0.49803307142854494,0.499948100000,1.003941625287757,1.0001038053877793,1.003941625287757,-0.00191502857145506,ELIGIBLE,R03b_20260811_FULL_v1,L1_ELIGIBILITY,v2026-08-11,2026-03-21..2026-08-06,baccarat_bet02_101_all_pairs_incl_sentinel,round_win = game_pnl > 0 (decisive only),COMPATIBILITY_ONLY_NOT_PRODUCTION,234594.9955,169540.3402,9810.4062,19851,11308,-0.04181848,-0.03860046,-0.05116595,-0.04181848,-9810.4062,234594.9955,OK,0.0000,294.3122,3.0000,97.0000,AG03-UNRESOLVED,ALL5_LEVELS_bet23_to_bet27,294.3122,294.3122,294.3122,392.4162,490.5203,3.000000,3.000000,3.000000,4.000000,5.000000,97.000000,97.000000,97.000000,96.000000,95.000000,5.0,1765.8731,1644.6383,8044.5331,8165.7679,PENDING_AG03,FALSE,NOT_FOR_ENFORCEMENT,9516.0940,164454.1300,9810.4062,9516.0940,294.3122,0.04181848,0.04056393,294.3122,9516.0940,0.04056393,294.3122,294.3122,294.3122,392.4162,490.5203,9516.0940,0.04056393,1765.8731,1644.6383,8044.5331,8165.7679,0.03429115,0.03480794,0.00125455,11.8178,14.9930,0.8676,208.7320,5.3202,4991.3829,240.5957,12.7170,9.8041,2.5818,2.84,3.3563,4.9054,16.007,177.8754,0.2582,0.0,5.636364,62.633151,4.16126,29,188,6,10,0.74390005,0.04181848,0.03860046,0E-8,0.000000,0.722694,0.000000,0.01256549,2026-05-12,2026-08-02,47,1844,580,83,0.566265,1.297104,1.076088,2.479667,,,,,,,,GLOBAL_BASELINE_NO_ENTITY_RANKING,,,NOT_APPLICABLE_GLOBAL_BASELINE,HF9g-P5,,,,X 全窗基线 · 不参与实体赏罚,15059004,1506,A168_HF9F_20260827_0900,2026-08-27 09:00:00
2026-07-05,17529000,1401,0,153.8739576068,35.1250871352,35.1250871352,0.5714286,42,22,0.50104562881627025,0.500557427273,0.6450717348757212,0.6495451690222512,0.6450717348757212,0.00048820154327025,ELIGIBLE,R03b_20260811_FULL_v1,L1_ELIGIBILITY,v2026-08-11,2026-03-21..2026-08-06,baccarat_bet02_101_all_pairs_incl_sentinel,round_win = game_pnl > 0 (decisive only),COMPATIBILITY_ONLY_NOT_PRODUCTION,234594.9955,169540.3402,9810.4062,19851,11308,-0.04181848,-0.03860046,-0.05116595,-0.04181848,-9810.4062,234594.9955,OK,0.0000,294.3122,3.0000,97.0000,AG03-UNRESOLVED,ALL5_LEVELS_bet23_to_bet27,294.3122,294.3122,294.3122,392.4162,490.5203,3.000000,3.000000,3.000000,4.000000,5.000000,97.000000,97.000000,97.000000,96.000000,95.000000,5.0,1765.8731,1644.6383,8044.5331,8165.7679,PENDING_AG03,FALSE,NOT_FOR_ENFORCEMENT,9516.0940,164454.1300,9810.4062,9516.0940,294.3122,0.04181848,0.04056393,294.3122,9516.0940,0.04056393,294.3122,294.3122,294.3122,392.4162,490.5203,9516.0940,0.04056393,1765.8731,1644.6383,8044.5331,8165.7679,0.03429115,0.03480794,0.00125455,11.8178,14.9930,0.8676,208.7320,5.3202,4991.3829,240.5957,12.7170,9.8041,2.5818,2.84,3.3563,4.9054,16.007,177.8754,0.2582,0.0,5.636364,62.633151,4.16126,29,188,6,10,0.74390005,0.04181848,0.03860046,0E-8,0.000000,0.722694,0.000000,0.01256549,2026-05-12,2026-08-02,47,1844,580,83,0.566265,1.297104,1.076088,2.479667,,,,,,,,GLOBAL_BASELINE_NO_ENTITY_RANKING,,,NOT_APPLICABLE_GLOBAL_BASELINE,HF9g-P5,,,,X 全窗基线 · 不参与实体赏罚,15059005,1506,A168_HF9F_20260827_0900,2026-08-27 09:00:00
2026-07-05,17529000,2088,0,163.4265355117,2.5688689232,2.5688689232,0.5925926,57,29,0.49988023311359141,0.500179224138,0.9634951302842752,0.9603879584694291,0.9634951302842752,-0.00029899102440859,ELIGIBLE,R03b_20260811_FULL_v1,L1_ELIGIBILITY,v2026-08-11,2026-03-21..2026-08-06,baccarat_bet02_101_all_pairs_incl_sentinel,round_win = game_pnl > 0 (decisive only),COMPATIBILITY_ONLY_NOT_PRODUCTION,234594.9955,169540.3402,9810.4062,19851,11308,-0.04181848,-0.03860046,-0.05116595,-0.04181848,-9810.4062,234594.9955,OK,0.0000,294.3122,3.0000,97.0000,AG03-UNRESOLVED,ALL5_LEVELS_bet23_to_bet27,294.3122,294.3122,294.3122,392.4162,490.5203,3.000000,3.000000,3.000000,4.000000,5.000000,97.000000,97.000000,97.000000,96.000000,95.000000,5.0,1765.8731,1644.6383,8044.5331,8165.7679,PENDING_AG03,FALSE,NOT_FOR_ENFORCEMENT,9516.0940,164454.1300,9810.4062,9516.0940,294.3122,0.04181848,0.04056393,294.3122,9516.0940,0.04056393,294.3122,294.3122,294.3122,392.4162,490.5203,9516.0940,0.04056393,1765.8731,1644.6383,8044.5331,8165.7679,0.03429115,0.03480794,0.00125455,11.8178,14.9930,0.8676,208.7320,5.3202,4991.3829,240.5957,12.7170,9.8041,2.5818,2.84,3.3563,4.9054,16.007,177.8754,0.2582,0.0,5.636364,62.633151,4.16126,29,188,6,10,0.74390005,0.04181848,0.03860046,0E-8,0.000000,0.722694,0.000000,0.01256549,2026-05-12,2026-08-02,47,1844,580,83,0.566265,1.297104,1.076088,2.479667,,,,,,,,GLOBAL_BASELINE_NO_ENTITY_RANKING,,,NOT_APPLICABLE_GLOBAL_BASELINE,HF9g-P5,,,,X 全窗基线 · 不参与实体赏罚,15059006,1506,A168_HF9F_20260827_0900,2026-08-27 09:00:00
2026-07-05,17529000,2123,0,160.3284021375,-6.3769911960,-6.3769911960,0.4642857,53,28,0.49995909627884245,0.499708721429,-0.3775315899770143,-0.3748819339771698,-0.3775315899770143,0.00025037484984245,ELIGIBLE,R03b_20260811_FULL_v1,L1_ELIGIBILITY,v2026-08-11,2026-03-21..2026-08-06,baccarat_bet02_101_all_pairs_incl_sentinel,round_win = game_pnl > 0 (decisive only),COMPATIBILITY_ONLY_NOT_PRODUCTION,234594.9955,169540.3402,9810.4062,19851,11308,-0.04181848,-0.03860046,-0.05116595,-0.04181848,-9810.4062,234594.9955,OK,0.0000,294.3122,3.0000,97.0000,AG03-UNRESOLVED,ALL5_LEVELS_bet23_to_bet27,294.3122,294.3122,294.3122,392.4162,490.5203,3.000000,3.000000,3.000000,4.000000,5.000000,97.000000,97.000000,97.000000,96.000000,95.000000,5.0,1765.8731,1644.6383,8044.5331,8165.7679,PENDING_AG03,FALSE,NOT_FOR_ENFORCEMENT,9516.0940,164454.1300,9810.4062,9516.0940,294.3122,0.04181848,0.04056393,294.3122,9516.0940,0.04056393,294.3122,294.3122,294.3122,392.4162,490.5203,9516.0940,0.04056393,1765.8731,1644.6383,8044.5331,8165.7679,0.03429115,0.03480794,0.00125455,11.8178,14.9930,0.8676,208.7320,5.3202,4991.3829,240.5957,12.7170,9.8041,2.5818,2.84,3.3563,4.9054,16.007,177.8754,0.2582,0.0,5.636364,62.633151,4.16126,29,188,6,10,0.74390005,0.04181848,0.03860046,0E-8,0.000000,0.722694,0.000000,0.01256549,2026-05-12,2026-08-02,47,1844,580,83,0.566265,1.297104,1.076088,2.479667,,,,,,,,GLOBAL_BASELINE_NO_ENTITY_RANKING,,,NOT_APPLICABLE_GLOBAL_BASELINE,HF9g-P5,,,,X 全窗基线 · 不参与实体赏罚,15059007,1506,A168_HF9F_20260827_0900,2026-08-27 09:00:00
2026-07-05,17529000,2171,0,164.2010688556,-28.2059225980,-28.2059225980,0.3333333,43,24,0.50033677542617781,0.500227375000,-1.5306121766142955,-1.529609316108975,-1.5306121766142955,0.00010940042617781,ELIGIBLE,R03b_20260811_FULL_v1,L1_ELIGIBILITY,v2026-08-11,2026-03-21..2026-08-06,baccarat_bet02_101_all_pairs_incl_sentinel,round_win = game_pnl > 0 (decisive only),COMPATIBILITY_ONLY_NOT_PRODUCTION,234594.9955,169540.3402,9810.4062,19851,11308,-0.04181848,-0.03860046,-0.05116595,-0.04181848,-9810.4062,234594.9955,OK,0.0000,294.3122,3.0000,97.0000,AG03-UNRESOLVED,ALL5_LEVELS_bet23_to_bet27,294.3122,294.3122,294.3122,392.4162,490.5203,3.000000,3.000000,3.000000,4.000000,5.000000,97.000000,97.000000,97.000000,96.000000,95.000000,5.0,1765.8731,1644.6383,8044.5331,8165.7679,PENDING_AG03,FALSE,NOT_FOR_ENFORCEMENT,9516.0940,164454.1300,9810.4062,9516.0940,294.3122,0.04181848,0.04056393,294.3122,9516.0940,0.04056393,294.3122,294.3122,294.3122,392.4162,490.5203,9516.0940,0.04056393,1765.8731,1644.6383,8044.5331,8165.7679,0.03429115,0.03480794,0.00125455,11.8178,14.9930,0.8676,208.7320,5.3202,4991.3829,240.5957,12.7170,9.8041,2.5818,2.84,3.3563,4.9054,16.007,177.8754,0.2582,0.0,5.636364,62.633151,4.16126,29,188,6,10,0.74390005,0.04181848,0.03860046,0E-8,0.000000,0.722694,0.000000,0.01256549,2026-05-12,2026-08-02,47,1844,580,83,0.566265,1.297104,1.076088,2.479667,,,,,,,,GLOBAL_BASELINE_NO_ENTITY_RANKING,,,NOT_APPLICABLE_GLOBAL_BASELINE,HF9g-P5,,,,X 全窗基线 · 不参与实体赏罚,15059008,1506,A168_HF9F_20260827_0900,2026-08-27 09:00:00
2026-07-05,17529000,2235,0,278.5738259361,-153.5125087134,-153.5125087134,0.3478261,41,26,0.49906487628502330,0.499174723077,-1.450634043853115,-1.4516870976712009,-1.450634043853115,-0.00010984679197670,ELIGIBLE,R03b_20260811_FULL_v1,L1_ELIGIBILITY,v2026-08-11,2026-03-21..2026-08-06,baccarat_bet02_101_all_pairs_incl_sentinel,round_win = game_pnl > 0 (decisive only),COMPATIBILITY_ONLY_NOT_PRODUCTION,234594.9955,169540.3402,9810.4062,19851,11308,-0.04181848,-0.03860046,-0.05116595,-0.04181848,-9810.4062,234594.9955,OK,0.0000,294.3122,3.0000,97.0000,AG03-UNRESOLVED,ALL5_LEVELS_bet23_to_bet27,294.3122,294.3122,294.3122,392.4162,490.5203,3.000000,3.000000,3.000000,4.000000,5.000000,97.000000,97.000000,97.000000,96.000000,95.000000,5.0,1765.8731,1644.6383,8044.5331,8165.7679,PENDING_AG03,FALSE,NOT_FOR_ENFORCEMENT,9516.0940,164454.1300,9810.4062,9516.0940,294.3122,0.04181848,0.04056393,294.3122,9516.0940,0.04056393,294.3122,294.3122,294.3122,392.4162,490.5203,9516.0940,0.04056393,1765.8731,1644.6383,8044.5331,8165.7679,0.03429115,0.03480794,0.00125455,11.8178,14.9930,0.8676,208.7320,5.3202,4991.3829,240.5957,12.7170,9.8041,2.5818,2.84,3.3563,4.9054,16.007,177.8754,0.2582,0.0,5.636364,62.633151,4.16126,29,188,6,10,0.74390005,0.04181848,0.03860046,0E-8,0.000000,0.722694,0.000000,0.01256549,2026-05-12,2026-08-02,47,1844,580,83,0.566265,1.297104,1.076088,2.479667,,,,,,,,GLOBAL_BASELINE_NO_ENTITY_RANKING,,,NOT_APPLICABLE_GLOBAL_BASELINE,HF9g-P5,,,,X 全窗基线 · 不参与实体赏罚,15059009,1506,A168_HF9F_20260827_0900,2026-08-27 09:00:00
2026-07-05,17529000,970,0,124.6998683292,2.4010533654,2.4010533654,0.3500000,38,21,0.50085444953780087,0.501224785714,-1.3492851856838612,-1.3525996610330853,-1.3492851856838612,-0.00037033617619913,ELIGIBLE,R03b_20260811_FULL_v1,L1_ELIGIBILITY,v2026-08-11,2026-03-21..2026-08-06,baccarat_bet02_101_all_pairs_incl_sentinel,round_win = game_pnl > 0 (decisive only),COMPATIBILITY_ONLY_NOT_PRODUCTION,234594.9955,169540.3402,9810.4062,19851,11308,-0.04181848,-0.03860046,-0.05116595,-0.04181848,-9810.4062,234594.9955,OK,0.0000,294.3122,3.0000,97.0000,AG03-UNRESOLVED,ALL5_LEVELS_bet23_to_bet27,294.3122,294.3122,294.3122,392.4162,490.5203,3.000000,3.000000,3.000000,4.000000,5.000000,97.000000,97.000000,97.000000,96.000000,95.000000,5.0,1765.8731,1644.6383,8044.5331,8165.7679,PENDING_AG03,FALSE,NOT_FOR_ENFORCEMENT,9516.0940,164454.1300,9810.4062,9516.0940,294.3122,0.04181848,0.04056393,294.3122,9516.0940,0.04056393,294.3122,294.3122,294.3122,392.4162,490.5203,9516.0940,0.04056393,1765.8731,1644.6383,8044.5331,8165.7679,0.03429115,0.03480794,0.00125455,11.8178,14.9930,0.8676,208.7320,5.3202,4991.3829,240.5957,12.7170,9.8041,2.5818,2.84,3.3563,4.9054,16.007,177.8754,0.2582,0.0,5.636364,62.633151,4.16126,29,188,6,10,0.74390005,0.04181848,0.03860046,0E-8,0.000000,0.722694,0.000000,0.01256549,2026-05-12,2026-08-02,47,1844,580,83,0.566265,1.297104,1.076088,2.479667,,,,,,,,GLOBAL_BASELINE_NO_ENTITY_RANKING,,,NOT_APPLICABLE_GLOBAL_BASELINE,HF9g-P5,,,,X 全窗基线 · 不参与实体赏罚,15059010,1506,A168_HF9F_20260827_0900,2026-08-27 09:00:00
2026-07-06,17529000,1306,0,480.7270286314,30.1551648469,30.1551648469,0.2083333,40,26,0.49799724510691794,0.497885761538,-2.838137890763048,-2.837048174889485,-2.838137890763048,0.00011148356891794,ELIGIBLE,R03b_20260811_FULL_v1,L1_ELIGIBILITY,v2026-08-11,2026-03-21..2026-08-06,baccarat_bet02_101_all_pairs_incl_sentinel,round_win = game_pnl > 0 (decisive only),COMPATIBILITY_ONLY_NOT_PRODUCTION,234594.9955,169540.3402,9810.4062,19851,11308,-0.04181848,-0.03860046,-0.05116595,-0.04181848,-9810.4062,234594.9955,OK,0.0000,294.3122,3.0000,97.0000,AG03-UNRESOLVED,ALL5_LEVELS_bet23_to_bet27,294.3122,294.3122,294.3122,392.4162,490.5203,3.000000,3.000000,3.000000,4.000000,5.000000,97.000000,97.000000,97.000000,96.000000,95.000000,5.0,1765.8731,1644.6383,8044.5331,8165.7679,PENDING_AG03,FALSE,NOT_FOR_ENFORCEMENT,9516.0940,164454.1300,9810.4062,9516.0940,294.3122,0.04181848,0.04056393,294.3122,9516.0940,0.04056393,294.3122,294.3122,294.3122,392.4162,490.5203,9516.0940,0.04056393,1765.8731,1644.6383,8044.5331,8165.7679,0.03429115,0.03480794,0.00125455,11.8178,14.9930,0.8676,208.7320,5.3202,4991.3829,240.5957,12.7170,9.8041,2.5818,2.84,3.3563,4.9054,16.007,177.8754,0.2582,0.0,5.636364,62.633151,4.16126,29,188,6,10,0.74390005,0.04181848,0.03860046,0E-8,0.000000,0.722694,0.000000,0.01256549,2026-05-12,2026-08-02,47,1844,580,83,0.566265,1.297104,1.076088,2.479667,,,,,,,,GLOBAL_BASELINE_NO_ENTITY_RANKING,,,NOT_APPLICABLE_GLOBAL_BASELINE,HF9g-P5,,,,X 全窗基线 · 不参与实体赏罚,15059011,1506,A168_HF9F_20260827_0900,2026-08-27 09:00:00
2026-07-06,17529000,1307,0,98.8820902074,27.3023003641,27.3023003641,0.5454545,17,11,0.49843187451659597,0.498120118182,0.31191464629399474,0.31398328907267725,0.31191464629399474,0.00031175633459597,ELIGIBLE,R03b_20260811_FULL_v1,L1_ELIGIBILITY,v2026-08-11,2026-03-21..2026-08-06,baccarat_bet02_101_all_pairs_incl_sentinel,round_win = game_pnl > 0 (decisive only),COMPATIBILITY_ONLY_NOT_PRODUCTION,234594.9955,169540.3402,9810.4062,19851,11308,-0.04181848,-0.03860046,-0.05116595,-0.04181848,-9810.4062,234594.9955,OK,0.0000,294.3122,3.0000,97.0000,AG03-UNRESOLVED,ALL5_LEVELS_bet23_to_bet27,294.3122,294.3122,294.3122,392.4162,490.5203,3.000000,3.000000,3.000000,4.000000,5.000000,97.000000,97.000000,97.000000,96.000000,95.000000,5.0,1765.8731,1644.6383,8044.5331,8165.7679,PENDING_AG03,FALSE,NOT_FOR_ENFORCEMENT,9516.0940,164454.1300,9810.4062,9516.0940,294.3122,0.04181848,0.04056393,294.3122,9516.0940,0.04056393,294.3122,294.3122,294.3122,392.4162,490.5203,9516.0940,0.04056393,1765.8731,1644.6383,8044.5331,8165.7679,0.03429115,0.03480794,0.00125455,11.8178,14.9930,0.8676,208.7320,5.3202,4991.3829,240.5957,12.7170,9.8041,2.5818,2.84,3.3563,4.9054,16.007,177.8754,0.2582,0.0,5.636364,62.633151,4.16126,29,188,6,10,0.74390005,0.04181848,0.03860046,0E-8,0.000000,0.722694,0.000000,0.01256549,2026-05-12,2026-08-02,47,1844,580,83,0.566265,1.297104,1.076088,2.479667,,,,,,,,GLOBAL_BASELINE_NO_ENTITY_RANKING,,,NOT_APPLICABLE_GLOBAL_BASELINE,HF9g-P5,,,,X 全窗基线 · 不参与实体赏罚,15059012,1506,A168_HF9F_20260827_0900,2026-08-27 09:00:00
2026-07-06,17529000,1318,0,4194.0980559206,117.2127126745,117.2127126745,0.4242424,94,73,0.49944966596580913,0.499397201370,-1.2219737803276698,-1.2211214787814002,-1.2219737803276698,0.00005246459580913,ELIGIBLE,R03b_20260811_FULL_v1,L1_ELIGIBILITY,v2026-08-11,2026-03-21..2026-08-06,baccarat_bet02_101_all_pairs_incl_sentinel,round_win = game_pnl > 0 (decisive only),COMPATIBILITY_ONLY_NOT_PRODUCTION,234594.9955,169540.3402,9810.4062,19851,11308,-0.04181848,-0.03860046,-0.05116595,-0.04181848,-9810.4062,234594.9955,OK,0.0000,294.3122,3.0000,97.0000,AG03-UNRESOLVED,ALL5_LEVELS_bet23_to_bet27,294.3122,294.3122,294.3122,392.4162,490.5203,3.000000,3.000000,3.000000,4.000000,5.000000,97.000000,97.000000,97.000000,96.000000,95.000000,5.0,1765.8731,1644.6383,8044.5331,8165.7679,PENDING_AG03,FALSE,NOT_FOR_ENFORCEMENT,9516.0940,164454.1300,9810.4062,9516.0940,294.3122,0.04181848,0.04056393,294.3122,9516.0940,0.04056393,294.3122,294.3122,294.3122,392.4162,490.5203,9516.0940,0.04056393,1765.8731,1644.6383,8044.5331,8165.7679,0.03429115,0.03480794,0.00125455,11.8178,14.9930,0.8676,208.7320,5.3202,4991.3829,240.5957,12.7170,9.8041,2.5818,2.84,3.3563,4.9054,16.007,177.8754,0.2582,0.0,5.636364,62.633151,4.16126,29,188,6,10,0.74390005,0.04181848,0.03860046,0E-8,0.000000,0.722694,0.000000,0.01256549,2026-05-12,2026-08-02,47,1844,580,83,0.566265,1.297104,1.076088,2.479667,,,,,,,,GLOBAL_BASELINE_NO_ENTITY_RANKING,,,NOT_APPLICABLE_GLOBAL_BASELINE,HF9g-P5,,,,X 全窗基线 · 不参与实体赏罚,15059013,1506,A168_HF9F_20260827_0900,2026-08-27 09:00:00
2026-07-06,17529000,1330,0,20.6542224976,14.5870446389,14.5870446389,1.0000000,3,2,0.50416825555554131,0.503299400000,1.4024726902587286,1.4049120381089935,1.4024726902587286,0.00086885555554131,ELIGIBLE,R03b_20260811_FULL_v1,L1_ELIGIBILITY,v2026-08-11,2026-03-21..2026-08-06,baccarat_bet02_101_all_pairs_incl_sentinel,round_win = game_pnl > 0 (decisive only),COMPATIBILITY_ONLY_NOT_PRODUCTION,234594.9955,169540.3402,9810.4062,19851,11308,-0.04181848,-0.03860046,-0.05116595,-0.04181848,-9810.4062,234594.9955,OK,0.0000,294.3122,3.0000,97.0000,AG03-UNRESOLVED,ALL5_LEVELS_bet23_to_bet27,294.3122,294.3122,294.3122,392.4162,490.5203,3.000000,3.000000,3.000000,4.000000,5.000000,97.000000,97.000000,97.000000,96.000000,95.000000,5.0,1765.8731,1644.6383,8044.5331,8165.7679,PENDING_AG03,FALSE,NOT_FOR_ENFORCEMENT,9516.0940,164454.1300,9810.4062,9516.0940,294.3122,0.04181848,0.04056393,294.3122,9516.0940,0.04056393,294.3122,294.3122,294.3122,392.4162,490.5203,9516.0940,0.04056393,1765.8731,1644.6383,8044.5331,8165.7679,0.03429115,0.03480794,0.00125455,11.8178,14.9930,0.8676,208.7320,5.3202,4991.3829,240.5957,12.7170,9.8041,2.5818,2.84,3.3563,4.9054,16.007,177.8754,0.2582,0.0,5.636364,62.633151,4.16126,29,188,6,10,0.74390005,0.04181848,0.03860046,0E-8,0.000000,0.722694,0.000000,0.01256549,2026-05-12,2026-08-02,47,1844,580,83,0.566265,1.297104,1.076088,2.479667,,,,,,,,GLOBAL_BASELINE_NO_ENTITY_RANKING,,,NOT_APPLICABLE_GLOBAL_BASELINE,HF9g-P5,,,,X 全窗基线 · 不参与实体赏罚,15059014,1506,A168_HF9F_20260827_0900,2026-08-27 09:00:00
2026-07-06,17529000,1384,0,346.7327601782,55.4436785175,55.4436785175,0.6000000,78,45,0.50050005971314217,0.500245993333,1.258586382872539,1.2617996198912298,1.258586382872539,0.00025406638014217,ELIGIBLE,R03b_20260811_FULL_v1,L1_ELIGIBILITY,v2026-08-11,2026-03-21..2026-08-06,baccarat_bet02_101_all_pairs_incl_sentinel,round_win = game_pnl > 0 (decisive only),COMPATIBILITY_ONLY_NOT_PRODUCTION,234594.9955,169540.3402,9810.4062,19851,11308,-0.04181848,-0.03860046,-0.05116595,-0.04181848,-9810.4062,234594.9955,OK,0.0000,294.3122,3.0000,97.0000,AG03-UNRESOLVED,ALL5_LEVELS_bet23_to_bet27,294.3122,294.3122,294.3122,392.4162,490.5203,3.000000,3.000000,3.000000,4.000000,5.000000,97.000000,97.000000,97.000000,96.000000,95.000000,5.0,1765.8731,1644.6383,8044.5331,8165.7679,PENDING_AG03,FALSE,NOT_FOR_ENFORCEMENT,9516.0940,164454.1300,9810.4062,9516.0940,294.3122,0.04181848,0.04056393,294.3122,9516.0940,0.04056393,294.3122,294.3122,294.3122,392.4162,490.5203,9516.0940,0.04056393,1765.8731,1644.6383,8044.5331,8165.7679,0.03429115,0.03480794,0.00125455,11.8178,14.9930,0.8676,208.7320,5.3202,4991.3829,240.5957,12.7170,9.8041,2.5818,2.84,3.3563,4.9054,16.007,177.8754,0.2582,0.0,5.636364,62.633151,4.16126,29,188,6,10,0.74390005,0.04181848,0.03860046,0E-8,0.000000,0.722694,0.000000,0.01256549,2026-05-12,2026-08-02,47,1844,580,83,0.566265,1.297104,1.076088,2.479667,,,,,,,,GLOBAL_BASELINE_NO_ENTITY_RANKING,,,NOT_APPLICABLE_GLOBAL_BASELINE,HF9g-P5,,,,X 全窗基线 · 不参与实体赏罚,15059015,1506,A168_HF9F_20260827_0900,2026-08-27 09:00:00
2026-07-06,17529000,1401,0,84.1659566776,10.5078356959,10.5078356959,0.6666667,28,16,0.50046501105942106,0.500785925000,1.151479345236294,1.1492569099980363,1.151479345236294,-0.00032091394057894,ELIGIBLE,R03b_20260811_FULL_v1,L1_ELIGIBILITY,v2026-08-11,2026-03-21..2026-08-06,baccarat_bet02_101_all_pairs_incl_sentinel,round_win = game_pnl > 0 (decisive only),COMPATIBILITY_ONLY_NOT_PRODUCTION,234594.9955,169540.3402,9810.4062,19851,11308,-0.04181848,-0.03860046,-0.05116595,-0.04181848,-9810.4062,234594.9955,OK,0.0000,294.3122,3.0000,97.0000,AG03-UNRESOLVED,ALL5_LEVELS_bet23_to_bet27,294.3122,294.3122,294.3122,392.4162,490.5203,3.000000,3.000000,3.000000,4.000000,5.000000,97.000000,97.000000,97.000000,96.000000,95.000000,5.0,1765.8731,1644.6383,8044.5331,8165.7679,PENDING_AG03,FALSE,NOT_FOR_ENFORCEMENT,9516.0940,164454.1300,9810.4062,9516.0940,294.3122,0.04181848,0.04056393,294.3122,9516.0940,0.04056393,294.3122,294.3122,294.3122,392.4162,490.5203,9516.0940,0.04056393,1765.8731,1644.6383,8044.5331,8165.7679,0.03429115,0.03480794,0.00125455,11.8178,14.9930,0.8676,208.7320,5.3202,4991.3829,240.5957,12.7170,9.8041,2.5818,2.84,3.3563,4.9054,16.007,177.8754,0.2582,0.0,5.636364,62.633151,4.16126,29,188,6,10,0.74390005,0.04181848,0.03860046,0E-8,0.000000,0.722694,0.000000,0.01256549,2026-05-12,2026-08-02,47,1844,580,83,0.566265,1.297104,1.076088,2.479667,,,,,,,,GLOBAL_BASELINE_NO_ENTITY_RANKING,,,NOT_APPLICABLE_GLOBAL_BASELINE,HF9g-P5,,,,X 全窗基线 · 不参与实体赏罚,15059016,1506,A168_HF9F_20260827_0900,2026-08-27 09:00:00
2026-07-06,17529000,1402,0,54.4755118376,13.0379779517,13.0379779517,0.5555556,13,9,0.50072226943347422,0.500692833333,0.32900005999365217,0.32917664935693675,0.32900005999365217,0.00002943610047422,ELIGIBLE,R03b_20260811_FULL_v1,L1_ELIGIBILITY,v2026-08-11,2026-03-21..2026-08-06,baccarat_bet02_101_all_pairs_incl_sentinel,round_win = game_pnl > 0 (decisive only),COMPATIBILITY_ONLY_NOT_PRODUCTION,234594.9955,169540.3402,9810.4062,19851,11308,-0.04181848,-0.03860046,-0.05116595,-0.04181848,-9810.4062,234594.9955,OK,0.0000,294.3122,3.0000,97.0000,AG03-UNRESOLVED,ALL5_LEVELS_bet23_to_bet27,294.3122,294.3122,294.3122,392.4162,490.5203,3.000000,3.000000,3.000000,4.000000,5.000000,97.000000,97.000000,97.000000,96.000000,95.000000,5.0,1765.8731,1644.6383,8044.5331,8165.7679,PENDING_AG03,FALSE,NOT_FOR_ENFORCEMENT,9516.0940,164454.1300,9810.4062,9516.0940,294.3122,0.04181848,0.04056393,294.3122,9516.0940,0.04056393,294.3122,294.3122,294.3122,392.4162,490.5203,9516.0940,0.04056393,1765.8731,1644.6383,8044.5331,8165.7679,0.03429115,0.03480794,0.00125455,11.8178,14.9930,0.8676,208.7320,5.3202,4991.3829,240.5957,12.7170,9.8041,2.5818,2.84,3.3563,4.9054,16.007,177.8754,0.2582,0.0,5.636364,62.633151,4.16126,29,188,6,10,0.74390005,0.04181848,0.03860046,0E-8,0.000000,0.722694,0.000000,0.01256549,2026-05-12,2026-08-02,47,1844,580,83,0.566265,1.297104,1.076088,2.479667,,,,,,,,GLOBAL_BASELINE_NO_ENTITY_RANKING,,,NOT_APPLICABLE_GLOBAL_BASELINE,HF9g-P5,,,,X 全窗基线 · 不参与实体赏罚,15059017,1506,A168_HF9F_20260827_0900,2026-08-27 09:00:00
2026-07-06,17529000,1505,0,827.4597888105,219.8383807090,219.8383807090,0.1666667,14,12,0.50110405565217064,0.501065200000,-2.3170558474000944,-2.3167862563332284,-2.3170558474000944,0.00003885565217064,ELIGIBLE,R03b_20260811_FULL_v1,L1_ELIGIBILITY,v2026-08-11,2026-03-21..2026-08-06,baccarat_bet02_101_all_pairs_incl_sentinel,round_win = game_pnl > 0 (decisive only),COMPATIBILITY_ONLY_NOT_PRODUCTION,234594.9955,169540.3402,9810.4062,19851,11308,-0.04181848,-0.03860046,-0.05116595,-0.04181848,-9810.4062,234594.9955,OK,0.0000,294.3122,3.0000,97.0000,AG03-UNRESOLVED,ALL5_LEVELS_bet23_to_bet27,294.3122,294.3122,294.3122,392.4162,490.5203,3.000000,3.000000,3.000000,4.000000,5.000000,97.000000,97.000000,97.000000,96.000000,95.000000,5.0,1765.8731,1644.6383,8044.5331,8165.7679,PENDING_AG03,FALSE,NOT_FOR_ENFORCEMENT,9516.0940,164454.1300,9810.4062,9516.0940,294.3122,0.04181848,0.04056393,294.3122,9516.0940,0.04056393,294.3122,294.3122,294.3122,392.4162,490.5203,9516.0940,0.04056393,1765.8731,1644.6383,8044.5331,8165.7679,0.03429115,0.03480794,0.00125455,11.8178,14.9930,0.8676,208.7320,5.3202,4991.3829,240.5957,12.7170,9.8041,2.5818,2.84,3.3563,4.9054,16.007,177.8754,0.2582,0.0,5.636364,62.633151,4.16126,29,188,6,10,0.74390005,0.04181848,0.03860046,0E-8,0.000000,0.722694,0.000000,0.01256549,2026-05-12,2026-08-02,47,1844,580,83,0.566265,1.297104,1.076088,2.479667,,,,,,,,GLOBAL_BASELINE_NO_ENTITY_RANKING,,,NOT_APPLICABLE_GLOBAL_BASELINE,HF9g-P5,,,,X 全窗基线 · 不参与实体赏罚,15059018,1506,A168_HF9F_20260827_0900,2026-08-27 09:00:00
2026-07-06,17529000,1509,0,5.6799111868,0.5163555624,0.5163555624,1.0000000,2,1,0.49933877272731564,0.499948100000,1.0013233301459405,1.0001038053877793,1.0013233301459405,-0.00060932727268436,ELIGIBLE,R03b_20260811_FULL_v1,L1_ELIGIBILITY,v2026-08-11,2026-03-21..2026-08-06,baccarat_bet02_101_all_pairs_incl_sentinel,round_win = game_pnl > 0 (decisive only),COMPATIBILITY_ONLY_NOT_PRODUCTION,234594.9955,169540.3402,9810.4062,19851,11308,-0.04181848,-0.03860046,-0.05116595,-0.04181848,-9810.4062,234594.9955,OK,0.0000,294.3122,3.0000,97.0000,AG03-UNRESOLVED,ALL5_LEVELS_bet23_to_bet27,294.3122,294.3122,294.3122,392.4162,490.5203,3.000000,3.000000,3.000000,4.000000,5.000000,97.000000,97.000000,97.000000,96.000000,95.000000,5.0,1765.8731,1644.6383,8044.5331,8165.7679,PENDING_AG03,FALSE,NOT_FOR_ENFORCEMENT,9516.0940,164454.1300,9810.4062,9516.0940,294.3122,0.04181848,0.04056393,294.3122,9516.0940,0.04056393,294.3122,294.3122,294.3122,392.4162,490.5203,9516.0940,0.04056393,1765.8731,1644.6383,8044.5331,8165.7679,0.03429115,0.03480794,0.00125455,11.8178,14.9930,0.8676,208.7320,5.3202,4991.3829,240.5957,12.7170,9.8041,2.5818,2.84,3.3563,4.9054,16.007,177.8754,0.2582,0.0,5.636364,62.633151,4.16126,29,188,6,10,0.74390005,0.04181848,0.03860046,0E-8,0.000000,0.722694,0.000000,0.01256549,2026-05-12,2026-08-02,47,1844,580,83,0.566265,1.297104,1.076088,2.479667,,,,,,,,GLOBAL_BASELINE_NO_ENTITY_RANKING,,,NOT_APPLICABLE_GLOBAL_BASELINE,HF9g-P5,,,,X 全窗基线 · 不参与实体赏罚,15059019,1506,A168_HF9F_20260827_0900,2026-08-27 09:00:00
2026-07-06,17529000,1994,0,61.1881341492,4.0921178324,4.0921178324,0.3333333,11,7,0.49943050522707769,0.498990585714,-0.8137071655282213,-0.8115531348607564,-0.8137071655282213,0.00043991951307769,ELIGIBLE,R03b_20260811_FULL_v1,L1_ELIGIBILITY,v2026-08-11,2026-03-21..2026-08-06,baccarat_bet02_101_all_pairs_incl_sentinel,round_win = game_pnl > 0 (decisive only),COMPATIBILITY_ONLY_NOT_PRODUCTION,234594.9955,169540.3402,9810.4062,19851,11308,-0.04181848,-0.03860046,-0.05116595,-0.04181848,-9810.4062,234594.9955,OK,0.0000,294.3122,3.0000,97.0000,AG03-UNRESOLVED,ALL5_LEVELS_bet23_to_bet27,294.3122,294.3122,294.3122,392.4162,490.5203,3.000000,3.000000,3.000000,4.000000,5.000000,97.000000,97.000000,97.000000,96.000000,95.000000,5.0,1765.8731,1644.6383,8044.5331,8165.7679,PENDING_AG03,FALSE,NOT_FOR_ENFORCEMENT,9516.0940,164454.1300,9810.4062,9516.0940,294.3122,0.04181848,0.04056393,294.3122,9516.0940,0.04056393,294.3122,294.3122,294.3122,392.4162,490.5203,9516.0940,0.04056393,1765.8731,1644.6383,8044.5331,8165.7679,0.03429115,0.03480794,0.00125455,11.8178,14.9930,0.8676,208.7320,5.3202,4991.3829,240.5957,12.7170,9.8041,2.5818,2.84,3.3563,4.9054,16.007,177.8754,0.2582,0.0,5.636364,62.633151,4.16126,29,188,6,10,0.74390005,0.04181848,0.03860046,0E-8,0.000000,0.722694,0.000000,0.01256549,2026-05-12,2026-08-02,47,1844,580,83,0.566265,1.297104,1.076088,2.479667,,,,,,,,GLOBAL_BASELINE_NO_ENTITY_RANKING,,,NOT_APPLICABLE_GLOBAL_BASELINE,HF9g-P5,,,,X 全窗基线 · 不参与实体赏罚,15059020,1506,A168_HF9F_20260827_0900,2026-08-27 09:00:00
2026-07-06,17529000,2088,0,2456.3034105283,3.3563111560,3.3563111560,0.4666667,19,18,0.49818280617283792,0.498086266667,-0.24412457918677694,-0.24337695777361076,-0.24412457918677694,0.00009653950583792,ELIGIBLE,R03b_20260811_FULL_v1,L1_ELIGIBILITY,v2026-08-11,2026-03-21..2026-08-06,baccarat_bet02_101_all_pairs_incl_sentinel,round_win = game_pnl > 0 (decisive only),COMPATIBILITY_ONLY_NOT_PRODUCTION,234594.9955,169540.3402,9810.4062,19851,11308,-0.04181848,-0.03860046,-0.05116595,-0.04181848,-9810.4062,234594.9955,OK,0.0000,294.3122,3.0000,97.0000,AG03-UNRESOLVED,ALL5_LEVELS_bet23_to_bet27,294.3122,294.3122,294.3122,392.4162,490.5203,3.000000,3.000000,3.000000,4.000000,5.000000,97.000000,97.000000,97.000000,96.000000,95.000000,5.0,1765.8731,1644.6383,8044.5331,8165.7679,PENDING_AG03,FALSE,NOT_FOR_ENFORCEMENT,9516.0940,164454.1300,9810.4062,9516.0940,294.3122,0.04181848,0.04056393,294.3122,9516.0940,0.04056393,294.3122,294.3122,294.3122,392.4162,490.5203,9516.0940,0.04056393,1765.8731,1644.6383,8044.5331,8165.7679,0.03429115,0.03480794,0.00125455,11.8178,14.9930,0.8676,208.7320,5.3202,4991.3829,240.5957,12.7170,9.8041,2.5818,2.84,3.3563,4.9054,16.007,177.8754,0.2582,0.0,5.636364,62.633151,4.16126,29,188,6,10,0.74390005,0.04181848,0.03860046,0E-8,0.000000,0.722694,0.000000,0.01256549,2026-05-12,2026-08-02,47,1844,580,83,0.566265,1.297104,1.076088,2.479667,,,,,,,,GLOBAL_BASELINE_NO_ENTITY_RANKING,,,NOT_APPLICABLE_GLOBAL_BASELINE,HF9g-P5,,,,X 全窗基线 · 不参与实体赏罚,15059021,1506,A168_HF9F_20260827_0900,2026-08-27 09:00:00
2026-07-06,17529000,2093,0,143.8050241392,14.7032246407,14.7032246407,0.7083333,48,26,0.50077919486160419,0.500463684615,2.033609402426365,2.0366991652807687,2.033609402426365,0.00031551024660419,ELIGIBLE,R03b_20260811_FULL_v1,L1_ELIGIBILITY,v2026-08-11,2026-03-21..2026-08-06,baccarat_bet02_101_all_pairs_incl_sentinel,round_win = game_pnl > 0 (decisive only),COMPATIBILITY_ONLY_NOT_PRODUCTION,234594.9955,169540.3402,9810.4062,19851,11308,-0.04181848,-0.03860046,-0.05116595,-0.04181848,-9810.4062,234594.9955,OK,0.0000,294.3122,3.0000,97.0000,AG03-UNRESOLVED,ALL5_LEVELS_bet23_to_bet27,294.3122,294.3122,294.3122,392.4162,490.5203,3.000000,3.000000,3.000000,4.000000,5.000000,97.000000,97.000000,97.000000,96.000000,95.000000,5.0,1765.8731,1644.6383,8044.5331,8165.7679,PENDING_AG03,FALSE,NOT_FOR_ENFORCEMENT,9516.0940,164454.1300,9810.4062,9516.0940,294.3122,0.04181848,0.04056393,294.3122,9516.0940,0.04056393,294.3122,294.3122,294.3122,392.4162,490.5203,9516.0940,0.04056393,1765.8731,1644.6383,8044.5331,8165.7679,0.03429115,0.03480794,0.00125455,11.8178,14.9930,0.8676,208.7320,5.3202,4991.3829,240.5957,12.7170,9.8041,2.5818,2.84,3.3563,4.9054,16.007,177.8754,0.2582,0.0,5.636364,62.633151,4.16126,29,188,6,10,0.74390005,0.04181848,0.03860046,0E-8,0.000000,0.722694,0.000000,0.01256549,2026-05-12,2026-08-02,47,1844,580,83,0.566265,1.297104,1.076088,2.479667,,,,,,,,GLOBAL_BASELINE_NO_ENTITY_RANKING,,,NOT_APPLICABLE_GLOBAL_BASELINE,HF9g-P5,,,,X 全窗基线 · 不参与实体赏罚,15059022,1506,A168_HF9F_20260827_0900,2026-08-27 09:00:00
2026-07-06,17529000,2103,0,19.3633335915,1.0714377921,1.0714377921,0.6666667,6,3,0.50068275964571011,0.499948100000,0.5749856564698914,0.5775300591747329,0.5749856564698914,0.00073465964571011,ELIGIBLE,R03b_20260811_FULL_v1,L1_ELIGIBILITY,v2026-08-11,2026-03-21..2026-08-06,baccarat_bet02_101_all_pairs_incl_sentinel,round_win = game_pnl > 0 (decisive only),COMPATIBILITY_ONLY_NOT_PRODUCTION,234594.9955,169540.3402,9810.4062,19851,11308,-0.04181848,-0.03860046,-0.05116595,-0.04181848,-9810.4062,234594.9955,OK,0.0000,294.3122,3.0000,97.0000,AG03-UNRESOLVED,ALL5_LEVELS_bet23_to_bet27,294.3122,294.3122,294.3122,392.4162,490.5203,3.000000,3.000000,3.000000,4.000000,5.000000,97.000000,97.000000,97.000000,96.000000,95.000000,5.0,1765.8731,1644.6383,8044.5331,8165.7679,PENDING_AG03,FALSE,NOT_FOR_ENFORCEMENT,9516.0940,164454.1300,9810.4062,9516.0940,294.3122,0.04181848,0.04056393,294.3122,9516.0940,0.04056393,294.3122,294.3122,294.3122,392.4162,490.5203,9516.0940,0.04056393,1765.8731,1644.6383,8044.5331,8165.7679,0.03429115,0.03480794,0.00125455,11.8178,14.9930,0.8676,208.7320,5.3202,4991.3829,240.5957,12.7170,9.8041,2.5818,2.84,3.3563,4.9054,16.007,177.8754,0.2582,0.0,5.636364,62.633151,4.16126,29,188,6,10,0.74390005,0.04181848,0.03860046,0E-8,0.000000,0.722694,0.000000,0.01256549,2026-05-12,2026-08-02,47,1844,580,83,0.566265,1.297104,1.076088,2.479667,,,,,,,,GLOBAL_BASELINE_NO_ENTITY_RANKING,,,NOT_APPLICABLE_GLOBAL_BASELINE,HF9g-P5,,,,X 全窗基线 · 不参与实体赏罚,15059023,1506,A168_HF9F_20260827_0900,2026-08-27 09:00:00
2026-07-06,17529000,2141,0,97.0748457389,-18.7566158055,-18.7566158055,0.6153846,24,14,0.50265031897368395,0.501863128571,0.8129499931376618,0.8186207664380415,0.8129499931376618,0.00078719040268395,ELIGIBLE,R03b_20260811_FULL_v1,L1_ELIGIBILITY,v2026-08-11,2026-03-21..2026-08-06,baccarat_bet02_101_all_pairs_incl_sentinel,round_win = game_pnl > 0 (decisive only),COMPATIBILITY_ONLY_NOT_PRODUCTION,234594.9955,169540.3402,9810.4062,19851,11308,-0.04181848,-0.03860046,-0.05116595,-0.04181848,-9810.4062,234594.9955,OK,0.0000,294.3122,3.0000,97.0000,AG03-UNRESOLVED,ALL5_LEVELS_bet23_to_bet27,294.3122,294.3122,294.3122,392.4162,490.5203,3.000000,3.000000,3.000000,4.000000,5.000000,97.000000,97.000000,97.000000,96.000000,95.000000,5.0,1765.8731,1644.6383,8044.5331,8165.7679,PENDING_AG03,FALSE,NOT_FOR_ENFORCEMENT,9516.0940,164454.1300,9810.4062,9516.0940,294.3122,0.04181848,0.04056393,294.3122,9516.0940,0.04056393,294.3122,294.3122,294.3122,392.4162,490.5203,9516.0940,0.04056393,1765.8731,1644.6383,8044.5331,8165.7679,0.03429115,0.03480794,0.00125455,11.8178,14.9930,0.8676,208.7320,5.3202,4991.3829,240.5957,12.7170,9.8041,2.5818,2.84,3.3563,4.9054,16.007,177.8754,0.2582,0.0,5.636364,62.633151,4.16126,29,188,6,10,0.74390005,0.04181848,0.03860046,0E-8,0.000000,0.722694,0.000000,0.01256549,2026-05-12,2026-08-02,47,1844,580,83,0.566265,1.297104,1.076088,2.479667,,,,,,,,GLOBAL_BASELINE_NO_ENTITY_RANKING,,,NOT_APPLICABLE_GLOBAL_BASELINE,HF9g-P5,,,,X 全窗基线 · 不参与实体赏罚,15059024,1506,A168_HF9F_20260827_0900,2026-08-27 09:00:00
2026-07-06,17529000,2142,0,4652.6217953677,-3662.3163710527,-3662.3163710527,0.3968254,101,71,0.49383371820938721,0.493746407746,-1.5400764821206965,-1.5386937036540167,-1.5400764821206965,0.00008731046338721,ELIGIBLE,R03b_20260811_FULL_v1,L1_ELIGIBILITY,v2026-08-11,2026-03-21..2026-08-06,baccarat_bet02_101_all_pairs_incl_sentinel,round_win = game_pnl > 0 (decisive only),COMPATIBILITY_ONLY_NOT_PRODUCTION,234594.9955,169540.3402,9810.4062,19851,11308,-0.04181848,-0.03860046,-0.05116595,-0.04181848,-9810.4062,234594.9955,OK,0.0000,294.3122,3.0000,97.0000,AG03-UNRESOLVED,ALL5_LEVELS_bet23_to_bet27,294.3122,294.3122,294.3122,392.4162,490.5203,3.000000,3.000000,3.000000,4.000000,5.000000,97.000000,97.000000,97.000000,96.000000,95.000000,5.0,1765.8731,1644.6383,8044.5331,8165.7679,PENDING_AG03,FALSE,NOT_FOR_ENFORCEMENT,9516.0940,164454.1300,9810.4062,9516.0940,294.3122,0.04181848,0.04056393,294.3122,9516.0940,0.04056393,294.3122,294.3122,294.3122,392.4162,490.5203,9516.0940,0.04056393,1765.8731,1644.6383,8044.5331,8165.7679,0.03429115,0.03480794,0.00125455,11.8178,14.9930,0.8676,208.7320,5.3202,4991.3829,240.5957,12.7170,9.8041,2.5818,2.84,3.3563,4.9054,16.007,177.8754,0.2582,0.0,5.636364,62.633151,4.16126,29,188,6,10,0.74390005,0.04181848,0.03860046,0E-8,0.000000,0.722694,0.000000,0.01256549,2026-05-12,2026-08-02,47,1844,580,83,0.566265,1.297104,1.076088,2.479667,,,,,,,,GLOBAL_BASELINE_NO_ENTITY_RANKING,,,NOT_APPLICABLE_GLOBAL_BASELINE,HF9g-P5,,,,X 全窗基线 · 不参与实体赏罚,15059025,1506,A168_HF9F_20260827_0900,2026-08-27 09:00:00
2026-07-06,17529000,2177,0,234.4254253470,14.3159579689,14.3159579689,0.5500000,55,31,0.50050298133948919,0.500164312903,0.44271501763911403,0.445743960286247,0.44271501763911403,0.00033866843648919,ELIGIBLE,R03b_20260811_FULL_v1,L1_ELIGIBILITY,v2026-08-11,2026-03-21..2026-08-06,baccarat_bet02_101_all_pairs_incl_sentinel,round_win = game_pnl > 0 (decisive only),COMPATIBILITY_ONLY_NOT_PRODUCTION,234594.9955,169540.3402,9810.4062,19851,11308,-0.04181848,-0.03860046,-0.05116595,-0.04181848,-9810.4062,234594.9955,OK,0.0000,294.3122,3.0000,97.0000,AG03-UNRESOLVED,ALL5_LEVELS_bet23_to_bet27,294.3122,294.3122,294.3122,392.4162,490.5203,3.000000,3.000000,3.000000,4.000000,5.000000,97.000000,97.000000,97.000000,96.000000,95.000000,5.0,1765.8731,1644.6383,8044.5331,8165.7679,PENDING_AG03,FALSE,NOT_FOR_ENFORCEMENT,9516.0940,164454.1300,9810.4062,9516.0940,294.3122,0.04181848,0.04056393,294.3122,9516.0940,0.04056393,294.3122,294.3122,294.3122,392.4162,490.5203,9516.0940,0.04056393,1765.8731,1644.6383,8044.5331,8165.7679,0.03429115,0.03480794,0.00125455,11.8178,14.9930,0.8676,208.7320,5.3202,4991.3829,240.5957,12.7170,9.8041,2.5818,2.84,3.3563,4.9054,16.007,177.8754,0.2582,0.0,5.636364,62.633151,4.16126,29,188,6,10,0.74390005,0.04181848,0.03860046,0E-8,0.000000,0.722694,0.000000,0.01256549,2026-05-12,2026-08-02,47,1844,580,83,0.566265,1.297104,1.076088,2.479667,,,,,,,,GLOBAL_BASELINE_NO_ENTITY_RANKING,,,NOT_APPLICABLE_GLOBAL_BASELINE,HF9g-P5,,,,X 全窗基线 · 不参与实体赏罚,15059026,1506,A168_HF9F_20260827_0900,2026-08-27 09:00:00
2026-07-06,17529000,2196,0,3066.1193297701,659.0116954541,659.0116954541,0.4888889,69,54,0.50100028887898125,0.500816955556,-0.16249180725494963,-0.16003202106298586,-0.16249180725494963,0.00018333332298125,ELIGIBLE,R03b_20260811_FULL_v1,L1_ELIGIBILITY,v2026-08-11,2026-03-21..2026-08-06,baccarat_bet02_101_all_pairs_incl_sentinel,round_win = game_pnl > 0 (decisive only),COMPATIBILITY_ONLY_NOT_PRODUCTION,234594.9955,169540.3402,9810.4062,19851,11308,-0.04181848,-0.03860046,-0.05116595,-0.04181848,-9810.4062,234594.9955,OK,0.0000,294.3122,3.0000,97.0000,AG03-UNRESOLVED,ALL5_LEVELS_bet23_to_bet27,294.3122,294.3122,294.3122,392.4162,490.5203,3.000000,3.000000,3.000000,4.000000,5.000000,97.000000,97.000000,97.000000,96.000000,95.000000,5.0,1765.8731,1644.6383,8044.5331,8165.7679,PENDING_AG03,FALSE,NOT_FOR_ENFORCEMENT,9516.0940,164454.1300,9810.4062,9516.0940,294.3122,0.04181848,0.04056393,294.3122,9516.0940,0.04056393,294.3122,294.3122,294.3122,392.4162,490.5203,9516.0940,0.04056393,1765.8731,1644.6383,8044.5331,8165.7679,0.03429115,0.03480794,0.00125455,11.8178,14.9930,0.8676,208.7320,5.3202,4991.3829,240.5957,12.7170,9.8041,2.5818,2.84,3.3563,4.9054,16.007,177.8754,0.2582,0.0,5.636364,62.633151,4.16126,29,188,6,10,0.74390005,0.04181848,0.03860046,0E-8,0.000000,0.722694,0.000000,0.01256549,2026-05-12,2026-08-02,47,1844,580,83,0.566265,1.297104,1.076088,2.479667,,,,,,,,GLOBAL_BASELINE_NO_ENTITY_RANKING,,,NOT_APPLICABLE_GLOBAL_BASELINE,HF9g-P5,,,,X 全窗基线 · 不参与实体赏罚,15059027,1506,A168_HF9F_20260827_0900,2026-08-27 09:00:00
2026-07-06,17529000,2201,0,11.8761779362,0E-10,0E-10,0.5000000,4,2,0.49994810000000000,0.499948100000,0.00014679536856514622,0.00014679536856514622,0.00014679536856514622,0E-17,ELIGIBLE,R03b_20260811_FULL_v1,L1_ELIGIBILITY,v2026-08-11,2026-03-21..2026-08-06,baccarat_bet02_101_all_pairs_incl_sentinel,round_win = game_pnl > 0 (decisive only),COMPATIBILITY_ONLY_NOT_PRODUCTION,234594.9955,169540.3402,9810.4062,19851,11308,-0.04181848,-0.03860046,-0.05116595,-0.04181848,-9810.4062,234594.9955,OK,0.0000,294.3122,3.0000,97.0000,AG03-UNRESOLVED,ALL5_LEVELS_bet23_to_bet27,294.3122,294.3122,294.3122,392.4162,490.5203,3.000000,3.000000,3.000000,4.000000,5.000000,97.000000,97.000000,97.000000,96.000000,95.000000,5.0,1765.8731,1644.6383,8044.5331,8165.7679,PENDING_AG03,FALSE,NOT_FOR_ENFORCEMENT,9516.0940,164454.1300,9810.4062,9516.0940,294.3122,0.04181848,0.04056393,294.3122,9516.0940,0.04056393,294.3122,294.3122,294.3122,392.4162,490.5203,9516.0940,0.04056393,1765.8731,1644.6383,8044.5331,8165.7679,0.03429115,0.03480794,0.00125455,11.8178,14.9930,0.8676,208.7320,5.3202,4991.3829,240.5957,12.7170,9.8041,2.5818,2.84,3.3563,4.9054,16.007,177.8754,0.2582,0.0,5.636364,62.633151,4.16126,29,188,6,10,0.74390005,0.04181848,0.03860046,0E-8,0.000000,0.722694,0.000000,0.01256549,2026-05-12,2026-08-02,47,1844,580,83,0.566265,1.297104,1.076088,2.479667,,,,,,,,GLOBAL_BASELINE_NO_ENTITY_RANKING,,,NOT_APPLICABLE_GLOBAL_BASELINE,HF9g-P5,,,,X 全窗基线 · 不参与实体赏罚,15059028,1506,A168_HF9F_20260827_0900,2026-08-27 09:00:00
2026-07-06,17529000,2223,0,29.1740892779,6.5964423101,6.5964423101,0.8000000,9,5,0.50050038011066906,0.501288620000,1.3394036893364267,1.335882339249048,1.3394036893364267,-0.00078823988933094,ELIGIBLE,R03b_20260811_FULL_v1,L1_ELIGIBILITY,v2026-08-11,2026-03-21..2026-08-06,baccarat_bet02_101_all_pairs_incl_sentinel,round_win = game_pnl > 0 (decisive only),COMPATIBILITY_ONLY_NOT_PRODUCTION,234594.9955,169540.3402,9810.4062,19851,11308,-0.04181848,-0.03860046,-0.05116595,-0.04181848,-9810.4062,234594.9955,OK,0.0000,294.3122,3.0000,97.0000,AG03-UNRESOLVED,ALL5_LEVELS_bet23_to_bet27,294.3122,294.3122,294.3122,392.4162,490.5203,3.000000,3.000000,3.000000,4.000000,5.000000,97.000000,97.000000,97.000000,96.000000,95.000000,5.0,1765.8731,1644.6383,8044.5331,8165.7679,PENDING_AG03,FALSE,NOT_FOR_ENFORCEMENT,9516.0940,164454.1300,9810.4062,9516.0940,294.3122,0.04181848,0.04056393,294.3122,9516.0940,0.04056393,294.3122,294.3122,294.3122,392.4162,490.5203,9516.0940,0.04056393,1765.8731,1644.6383,8044.5331,8165.7679,0.03429115,0.03480794,0.00125455,11.8178,14.9930,0.8676,208.7320,5.3202,4991.3829,240.5957,12.7170,9.8041,2.5818,2.84,3.3563,4.9054,16.007,177.8754,0.2582,0.0,5.636364,62.633151,4.16126,29,188,6,10,0.74390005,0.04181848,0.03860046,0E-8,0.000000,0.722694,0.000000,0.01256549,2026-05-12,2026-08-02,47,1844,580,83,0.566265,1.297104,1.076088,2.479667,,,,,,,,GLOBAL_BASELINE_NO_ENTITY_RANKING,,,NOT_APPLICABLE_GLOBAL_BASELINE,HF9g-P5,,,,X 全窗基线 · 不参与实体赏罚,15059029,1506,A168_HF9F_20260827_0900,2026-08-27 09:00:00
2026-07-06,17529000,2224,0,12.6507112798,2.1428755841,2.1428755841,1.0000000,4,2,0.49983639000000902,0.499948100000,1.4146763970717235,1.4143603653603398,1.4146763970717235,-0.00011170999999098,ELIGIBLE,R03b_20260811_FULL_v1,L1_ELIGIBILITY,v2026-08-11,2026-03-21..2026-08-06,baccarat_bet02_101_all_pairs_incl_sentinel,round_win = game_pnl > 0 (decisive only),COMPATIBILITY_ONLY_NOT_PRODUCTION,234594.9955,169540.3402,9810.4062,19851,11308,-0.04181848,-0.03860046,-0.05116595,-0.04181848,-9810.4062,234594.9955,OK,0.0000,294.3122,3.0000,97.0000,AG03-UNRESOLVED,ALL5_LEVELS_bet23_to_bet27,294.3122,294.3122,294.3122,392.4162,490.5203,3.000000,3.000000,3.000000,4.000000,5.000000,97.000000,97.000000,97.000000,96.000000,95.000000,5.0,1765.8731,1644.6383,8044.5331,8165.7679,PENDING_AG03,FALSE,NOT_FOR_ENFORCEMENT,9516.0940,164454.1300,9810.4062,9516.0940,294.3122,0.04181848,0.04056393,294.3122,9516.0940,0.04056393,294.3122,294.3122,294.3122,392.4162,490.5203,9516.0940,0.04056393,1765.8731,1644.6383,8044.5331,8165.7679,0.03429115,0.03480794,0.00125455,11.8178,14.9930,0.8676,208.7320,5.3202,4991.3829,240.5957,12.7170,9.8041,2.5818,2.84,3.3563,4.9054,16.007,177.8754,0.2582,0.0,5.636364,62.633151,4.16126,29,188,6,10,0.74390005,0.04181848,0.03860046,0E-8,0.000000,0.722694,0.000000,0.01256549,2026-05-12,2026-08-02,47,1844,580,83,0.566265,1.297104,1.076088,2.479667,,,,,,,,GLOBAL_BASELINE_NO_ENTITY_RANKING,,,NOT_APPLICABLE_GLOBAL_BASELINE,HF9g-P5,,,,X 全窗基线 · 不参与实体赏罚,15059030,1506,A168_HF9F_20260827_0900,2026-08-27 09:00:00
2026-07-06,17529000,2251,0,20.9124002787,3.2272222653,3.2272222653,0.3333333,4,3,0.49490046296297246,0.495479700000,-0.5597140665000746,-0.5617144462762695,-0.5597140665000746,-0.00057923703702754,ELIGIBLE,R03b_20260811_FULL_v1,L1_ELIGIBILITY,v2026-08-11,2026-03-21..2026-08-06,baccarat_bet02_101_all_pairs_incl_sentinel,round_win = game_pnl > 0 (decisive only),COMPATIBILITY_ONLY_NOT_PRODUCTION,234594.9955,169540.3402,9810.4062,19851,11308,-0.04181848,-0.03860046,-0.05116595,-0.04181848,-9810.4062,234594.9955,OK,0.0000,294.3122,3.0000,97.0000,AG03-UNRESOLVED,ALL5_LEVELS_bet23_to_bet27,294.3122,294.3122,294.3122,392.4162,490.5203,3.000000,3.000000,3.000000,4.000000,5.000000,97.000000,97.000000,97.000000,96.000000,95.000000,5.0,1765.8731,1644.6383,8044.5331,8165.7679,PENDING_AG03,FALSE,NOT_FOR_ENFORCEMENT,9516.0940,164454.1300,9810.4062,9516.0940,294.3122,0.04181848,0.04056393,294.3122,9516.0940,0.04056393,294.3122,294.3122,294.3122,392.4162,490.5203,9516.0940,0.04056393,1765.8731,1644.6383,8044.5331,8165.7679,0.03429115,0.03480794,0.00125455,11.8178,14.9930,0.8676,208.7320,5.3202,4991.3829,240.5957,12.7170,9.8041,2.5818,2.84,3.3563,4.9054,16.007,177.8754,0.2582,0.0,5.636364,62.633151,4.16126,29,188,6,10,0.74390005,0.04181848,0.03860046,0E-8,0.000000,0.722694,0.000000,0.01256549,2026-05-12,2026-08-02,47,1844,580,83,0.566265,1.297104,1.076088,2.479667,,,,,,,,GLOBAL_BASELINE_NO_ENTITY_RANKING,,,NOT_APPLICABLE_GLOBAL_BASELINE,HF9g-P5,,,,X 全窗基线 · 不参与实体赏罚,15059031,1506,A168_HF9F_20260827_0900,2026-08-27 09:00:00
2026-07-06,17529000,626,0,5.9380889681,-0.7745333437,-0.7745333437,0E-7,2,1,0.50082235217395230,0.499948100000,-1.001646059101355,-0.9998962053866608,-1.001646059101355,0.00087425217395230,ELIGIBLE,R03b_20260811_FULL_v1,L1_ELIGIBILITY,v2026-08-11,2026-03-21..2026-08-06,baccarat_bet02_101_all_pairs_incl_sentinel,round_win = game_pnl > 0 (decisive only),COMPATIBILITY_ONLY_NOT_PRODUCTION,234594.9955,169540.3402,9810.4062,19851,11308,-0.04181848,-0.03860046,-0.05116595,-0.04181848,-9810.4062,234594.9955,OK,0.0000,294.3122,3.0000,97.0000,AG03-UNRESOLVED,ALL5_LEVELS_bet23_to_bet27,294.3122,294.3122,294.3122,392.4162,490.5203,3.000000,3.000000,3.000000,4.000000,5.000000,97.000000,97.000000,97.000000,96.000000,95.000000,5.0,1765.8731,1644.6383,8044.5331,8165.7679,PENDING_AG03,FALSE,NOT_FOR_ENFORCEMENT,9516.0940,164454.1300,9810.4062,9516.0940,294.3122,0.04181848,0.04056393,294.3122,9516.0940,0.04056393,294.3122,294.3122,294.3122,392.4162,490.5203,9516.0940,0.04056393,1765.8731,1644.6383,8044.5331,8165.7679,0.03429115,0.03480794,0.00125455,11.8178,14.9930,0.8676,208.7320,5.3202,4991.3829,240.5957,12.7170,9.8041,2.5818,2.84,3.3563,4.9054,16.007,177.8754,0.2582,0.0,5.636364,62.633151,4.16126,29,188,6,10,0.74390005,0.04181848,0.03860046,0E-8,0.000000,0.722694,0.000000,0.01256549,2026-05-12,2026-08-02,47,1844,580,83,0.566265,1.297104,1.076088,2.479667,,,,,,,,GLOBAL_BASELINE_NO_ENTITY_RANKING,,,NOT_APPLICABLE_GLOBAL_BASELINE,HF9g-P5,,,,X 全窗基线 · 不参与实体赏罚,15059032,1506,A168_HF9F_20260827_0900,2026-08-27 09:00:00
2026-07-06,17529000,970,0,172.7209356356,32.6207626575,32.6207626575,0.6250000,49,29,0.50220902293500910,0.502028217241,1.2031126972215327,1.2048823950860075,1.2031126972215327,0.00018080569400910,ELIGIBLE,R03b_20260811_FULL_v1,L1_ELIGIBILITY,v2026-08-11,2026-03-21..2026-08-06,baccarat_bet02_101_all_pairs_incl_sentinel,round_win = game_pnl > 0 (decisive only),COMPATIBILITY_ONLY_NOT_PRODUCTION,234594.9955,169540.3402,9810.4062,19851,11308,-0.04181848,-0.03860046,-0.05116595,-0.04181848,-9810.4062,234594.9955,OK,0.0000,294.3122,3.0000,97.0000,AG03-UNRESOLVED,ALL5_LEVELS_bet23_to_bet27,294.3122,294.3122,294.3122,392.4162,490.5203,3.000000,3.000000,3.000000,4.000000,5.000000,97.000000,97.000000,97.000000,96.000000,95.000000,5.0,1765.8731,1644.6383,8044.5331,8165.7679,PENDING_AG03,FALSE,NOT_FOR_ENFORCEMENT,9516.0940,164454.1300,9810.4062,9516.0940,294.3122,0.04181848,0.04056393,294.3122,9516.0940,0.04056393,294.3122,294.3122,294.3122,392.4162,490.5203,9516.0940,0.04056393,1765.8731,1644.6383,8044.5331,8165.7679,0.03429115,0.03480794,0.00125455,11.8178,14.9930,0.8676,208.7320,5.3202,4991.3829,240.5957,12.7170,9.8041,2.5818,2.84,3.3563,4.9054,16.007,177.8754,0.2582,0.0,5.636364,62.633151,4.16126,29,188,6,10,0.74390005,0.04181848,0.03860046,0E-8,0.000000,0.722694,0.000000,0.01256549,2026-05-12,2026-08-02,47,1844,580,83,0.566265,1.297104,1.076088,2.479667,,,,,,,,GLOBAL_BASELINE_NO_ENTITY_RANKING,,,NOT_APPLICABLE_GLOBAL_BASELINE,HF9g-P5,,,,X 全窗基线 · 不参与实体赏罚,15059033,1506,A168_HF9F_20260827_0900,2026-08-27 09:00:00
2026-07-06,17529000,994,0,58.8645341183,33.0338471073,33.0338471073,0.8333333,11,7,0.50334897880294128,0.502820642857,1.6166228467902037,1.6192006553733256,1.6166228467902037,0.00052833594594128,ELIGIBLE,R03b_20260811_FULL_v1,L1_ELIGIBILITY,v2026-08-11,2026-03-21..2026-08-06,baccarat_bet02_101_all_pairs_incl_sentinel,round_win = game_pnl > 0 (decisive only),COMPATIBILITY_ONLY_NOT_PRODUCTION,234594.9955,169540.3402,9810.4062,19851,11308,-0.04181848,-0.03860046,-0.05116595,-0.04181848,-9810.4062,234594.9955,OK,0.0000,294.3122,3.0000,97.0000,AG03-UNRESOLVED,ALL5_LEVELS_bet23_to_bet27,294.3122,294.3122,294.3122,392.4162,490.5203,3.000000,3.000000,3.000000,4.000000,5.000000,97.000000,97.000000,97.000000,96.000000,95.000000,5.0,1765.8731,1644.6383,8044.5331,8165.7679,PENDING_AG03,FALSE,NOT_FOR_ENFORCEMENT,9516.0940,164454.1300,9810.4062,9516.0940,294.3122,0.04181848,0.04056393,294.3122,9516.0940,0.04056393,294.3122,294.3122,294.3122,392.4162,490.5203,9516.0940,0.04056393,1765.8731,1644.6383,8044.5331,8165.7679,0.03429115,0.03480794,0.00125455,11.8178,14.9930,0.8676,208.7320,5.3202,4991.3829,240.5957,12.7170,9.8041,2.5818,2.84,3.3563,4.9054,16.007,177.8754,0.2582,0.0,5.636364,62.633151,4.16126,29,188,6,10,0.74390005,0.04181848,0.03860046,0E-8,0.000000,0.722694,0.000000,0.01256549,2026-05-12,2026-08-02,47,1844,580,83,0.566265,1.297104,1.076088,2.479667,,,,,,,,GLOBAL_BASELINE_NO_ENTITY_RANKING,,,NOT_APPLICABLE_GLOBAL_BASELINE,HF9g-P5,,,,X 全窗基线 · 不参与实体赏罚,15059034,1506,A168_HF9F_20260827_0900,2026-08-27 09:00:00
2026-07-07,17529000,1210,0,11.3598223737,-1.0327111249,-1.0327111249,0E-7,4,2,0.50054481180125009,0.499948100000,-1.4157553632986093,-1.4140667746232096,-1.4157553632986093,0.00059671180125009,ELIGIBLE,R03b_20260811_FULL_v1,L1_ELIGIBILITY,v2026-08-11,2026-03-21..2026-08-06,baccarat_bet02_101_all_pairs_incl_sentinel,round_win = game_pnl > 0 (decisive only),COMPATIBILITY_ONLY_NOT_PRODUCTION,234594.9955,169540.3402,9810.4062,19851,11308,-0.04181848,-0.03860046,-0.05116595,-0.04181848,-9810.4062,234594.9955,OK,0.0000,294.3122,3.0000,97.0000,AG03-UNRESOLVED,ALL5_LEVELS_bet23_to_bet27,294.3122,294.3122,294.3122,392.4162,490.5203,3.000000,3.000000,3.000000,4.000000,5.000000,97.000000,97.000000,97.000000,96.000000,95.000000,5.0,1765.8731,1644.6383,8044.5331,8165.7679,PENDING_AG03,FALSE,NOT_FOR_ENFORCEMENT,9516.0940,164454.1300,9810.4062,9516.0940,294.3122,0.04181848,0.04056393,294.3122,9516.0940,0.04056393,294.3122,294.3122,294.3122,392.4162,490.5203,9516.0940,0.04056393,1765.8731,1644.6383,8044.5331,8165.7679,0.03429115,0.03480794,0.00125455,11.8178,14.9930,0.8676,208.7320,5.3202,4991.3829,240.5957,12.7170,9.8041,2.5818,2.84,3.3563,4.9054,16.007,177.8754,0.2582,0.0,5.636364,62.633151,4.16126,29,188,6,10,0.74390005,0.04181848,0.03860046,0E-8,0.000000,0.722694,0.000000,0.01256549,2026-05-12,2026-08-02,47,1844,580,83,0.566265,1.297104,1.076088,2.479667,,,,,,,,GLOBAL_BASELINE_NO_ENTITY_RANKING,,,NOT_APPLICABLE_GLOBAL_BASELINE,HF9g-P5,,,,X 全窗基线 · 不参与实体赏罚,15059035,1506,A168_HF9F_20260827_0900,2026-08-27 09:00:00
2026-07-07,17529000,1306,0,58.8645341180,-6.0929956366,-6.0929956366,0.3000000,21,11,0.50054521320259038,0.500557427273,-1.2683600491876497,-1.2684373319635474,-1.2683600491876497,-0.00001221407040962,ELIGIBLE,R03b_20260811_FULL_v1,L1_ELIGIBILITY,v2026-08-11,2026-03-21..2026-08-06,baccarat_bet02_101_all_pairs_incl_sentinel,round_win = game_pnl > 0 (decisive only),COMPATIBILITY_ONLY_NOT_PRODUCTION,234594.9955,169540.3402,9810.4062,19851,11308,-0.04181848,-0.03860046,-0.05116595,-0.04181848,-9810.4062,234594.9955,OK,0.0000,294.3122,3.0000,97.0000,AG03-UNRESOLVED,ALL5_LEVELS_bet23_to_bet27,294.3122,294.3122,294.3122,392.4162,490.5203,3.000000,3.000000,3.000000,4.000000,5.000000,97.000000,97.000000,97.000000,96.000000,95.000000,5.0,1765.8731,1644.6383,8044.5331,8165.7679,PENDING_AG03,FALSE,NOT_FOR_ENFORCEMENT,9516.0940,164454.1300,9810.4062,9516.0940,294.3122,0.04181848,0.04056393,294.3122,9516.0940,0.04056393,294.3122,294.3122,294.3122,392.4162,490.5203,9516.0940,0.04056393,1765.8731,1644.6383,8044.5331,8165.7679,0.03429115,0.03480794,0.00125455,11.8178,14.9930,0.8676,208.7320,5.3202,4991.3829,240.5957,12.7170,9.8041,2.5818,2.84,3.3563,4.9054,16.007,177.8754,0.2582,0.0,5.636364,62.633151,4.16126,29,188,6,10,0.74390005,0.04181848,0.03860046,0E-8,0.000000,0.722694,0.000000,0.01256549,2026-05-12,2026-08-02,47,1844,580,83,0.566265,1.297104,1.076088,2.479667,,,,,,,,GLOBAL_BASELINE_NO_ENTITY_RANKING,,,NOT_APPLICABLE_GLOBAL_BASELINE,HF9g-P5,,,,X 全窗基线 · 不参与实体赏罚,15059036,1506,A168_HF9F_20260827_0900,2026-08-27 09:00:00
2026-07-07,17529000,1325,0,75.9042676785,2.4139622544,2.4139622544,0.6363636,26,13,0.50055753063554347,0.499948100000,0.900836353911695,0.9048783042613083,0.900836353911695,0.00060943063554347,ELIGIBLE,R03b_20260811_FULL_v1,L1_ELIGIBILITY,v2026-08-11,2026-03-21..2026-08-06,baccarat_bet02_101_all_pairs_incl_sentinel,round_win = game_pnl > 0 (decisive only),COMPATIBILITY_ONLY_NOT_PRODUCTION,234594.9955,169540.3402,9810.4062,19851,11308,-0.04181848,-0.03860046,-0.05116595,-0.04181848,-9810.4062,234594.9955,OK,0.0000,294.3122,3.0000,97.0000,AG03-UNRESOLVED,ALL5_LEVELS_bet23_to_bet27,294.3122,294.3122,294.3122,392.4162,490.5203,3.000000,3.000000,3.000000,4.000000,5.000000,97.000000,97.000000,97.000000,96.000000,95.000000,5.0,1765.8731,1644.6383,8044.5331,8165.7679,PENDING_AG03,FALSE,NOT_FOR_ENFORCEMENT,9516.0940,164454.1300,9810.4062,9516.0940,294.3122,0.04181848,0.04056393,294.3122,9516.0940,0.04056393,294.3122,294.3122,294.3122,392.4162,490.5203,9516.0940,0.04056393,1765.8731,1644.6383,8044.5331,8165.7679,0.03429115,0.03480794,0.00125455,11.8178,14.9930,0.8676,208.7320,5.3202,4991.3829,240.5957,12.7170,9.8041,2.5818,2.84,3.3563,4.9054,16.007,177.8754,0.2582,0.0,5.636364,62.633151,4.16126,29,188,6,10,0.74390005,0.04181848,0.03860046,0E-8,0.000000,0.722694,0.000000,0.01256549,2026-05-12,2026-08-02,47,1844,580,83,0.566265,1.297104,1.076088,2.479667,,,,,,,,GLOBAL_BASELINE_NO_ENTITY_RANKING,,,NOT_APPLICABLE_GLOBAL_BASELINE,HF9g-P5,,,,X 全窗基线 · 不参与实体赏罚,15059037,1506,A168_HF9F_20260827_0900,2026-08-27 09:00:00
2026-07-07,17529000,1330,0,7.7453334366,7.7453334366,7.7453334366,1.0000000,1,1,0.49324550000000000,0.493245500000,1.01360149184955,1.01360149184955,1.01360149184955,0E-17,ELIGIBLE,R03b_20260811_FULL_v1,L1_ELIGIBILITY,v2026-08-11,2026-03-21..2026-08-06,baccarat_bet02_101_all_pairs_incl_sentinel,round_win = game_pnl > 0 (decisive only),COMPATIBILITY_ONLY_NOT_PRODUCTION,234594.9955,169540.3402,9810.4062,19851,11308,-0.04181848,-0.03860046,-0.05116595,-0.04181848,-9810.4062,234594.9955,OK,0.0000,294.3122,3.0000,97.0000,AG03-UNRESOLVED,ALL5_LEVELS_bet23_to_bet27,294.3122,294.3122,294.3122,392.4162,490.5203,3.000000,3.000000,3.000000,4.000000,5.000000,97.000000,97.000000,97.000000,96.000000,95.000000,5.0,1765.8731,1644.6383,8044.5331,8165.7679,PENDING_AG03,FALSE,NOT_FOR_ENFORCEMENT,9516.0940,164454.1300,9810.4062,9516.0940,294.3122,0.04181848,0.04056393,294.3122,9516.0940,0.04056393,294.3122,294.3122,294.3122,392.4162,490.5203,9516.0940,0.04056393,1765.8731,1644.6383,8044.5331,8165.7679,0.03429115,0.03480794,0.00125455,11.8178,14.9930,0.8676,208.7320,5.3202,4991.3829,240.5957,12.7170,9.8041,2.5818,2.84,3.3563,4.9054,16.007,177.8754,0.2582,0.0,5.636364,62.633151,4.16126,29,188,6,10,0.74390005,0.04181848,0.03860046,0E-8,0.000000,0.722694,0.000000,0.01256549,2026-05-12,2026-08-02,47,1844,580,83,0.566265,1.297104,1.076088,2.479667,,,,,,,,GLOBAL_BASELINE_NO_ENTITY_RANKING,,,NOT_APPLICABLE_GLOBAL_BASELINE,HF9g-P5,,,,X 全窗基线 · 不参与实体赏罚,15059038,1506,A168_HF9F_20260827_0900,2026-08-27 09:00:00
2026-07-07,17529000,1384,0,103.7874680505,10.9080112567,10.9080112567,0.8750000,34,17,0.50035768313208917,0.499948100000,2.9971393018347428,3.000415216163897,2.9971393018347428,0.00040958313208917,ELIGIBLE,R03b_20260811_FULL_v1,L1_ELIGIBILITY,v2026-08-11,2026-03-21..2026-08-06,baccarat_bet02_101_all_pairs_incl_sentinel,round_win = game_pnl > 0 (decisive only),COMPATIBILITY_ONLY_NOT_PRODUCTION,234594.9955,169540.3402,9810.4062,19851,11308,-0.04181848,-0.03860046,-0.05116595,-0.04181848,-9810.4062,234594.9955,OK,0.0000,294.3122,3.0000,97.0000,AG03-UNRESOLVED,ALL5_LEVELS_bet23_to_bet27,294.3122,294.3122,294.3122,392.4162,490.5203,3.000000,3.000000,3.000000,4.000000,5.000000,97.000000,97.000000,97.000000,96.000000,95.000000,5.0,1765.8731,1644.6383,8044.5331,8165.7679,PENDING_AG03,FALSE,NOT_FOR_ENFORCEMENT,9516.0940,164454.1300,9810.4062,9516.0940,294.3122,0.04181848,0.04056393,294.3122,9516.0940,0.04056393,294.3122,294.3122,294.3122,392.4162,490.5203,9516.0940,0.04056393,1765.8731,1644.6383,8044.5331,8165.7679,0.03429115,0.03480794,0.00125455,11.8178,14.9930,0.8676,208.7320,5.3202,4991.3829,240.5957,12.7170,9.8041,2.5818,2.84,3.3563,4.9054,16.007,177.8754,0.2582,0.0,5.636364,62.633151,4.16126,29,188,6,10,0.74390005,0.04181848,0.03860046,0E-8,0.000000,0.722694,0.000000,0.01256549,2026-05-12,2026-08-02,47,1844,580,83,0.566265,1.297104,1.076088,2.479667,,,,,,,,GLOBAL_BASELINE_NO_ENTITY_RANKING,,,NOT_APPLICABLE_GLOBAL_BASELINE,HF9g-P5,,,,X 全窗基线 · 不参与实体赏罚,15059039,1506,A168_HF9F_20260827_0900,2026-08-27 09:00:00
2026-07-07,17529000,1396,0,17.0397335605,0.7099888984,0.7099888984,0.6666667,6,3,0.50054901695839485,0.499948100000,0.5754487655605138,0.5775300591747329,0.5754487655605138,0.00060091695839485,ELIGIBLE,R03b_20260811_FULL_v1,L1_ELIGIBILITY,v2026-08-11,2026-03-21..2026-08-06,baccarat_bet02_101_all_pairs_incl_sentinel,round_win = game_pnl > 0 (decisive only),COMPATIBILITY_ONLY_NOT_PRODUCTION,234594.9955,169540.3402,9810.4062,19851,11308,-0.04181848,-0.03860046,-0.05116595,-0.04181848,-9810.4062,234594.9955,OK,0.0000,294.3122,3.0000,97.0000,AG03-UNRESOLVED,ALL5_LEVELS_bet23_to_bet27,294.3122,294.3122,294.3122,392.4162,490.5203,3.000000,3.000000,3.000000,4.000000,5.000000,97.000000,97.000000,97.000000,96.000000,95.000000,5.0,1765.8731,1644.6383,8044.5331,8165.7679,PENDING_AG03,FALSE,NOT_FOR_ENFORCEMENT,9516.0940,164454.1300,9810.4062,9516.0940,294.3122,0.04181848,0.04056393,294.3122,9516.0940,0.04056393,294.3122,294.3122,294.3122,392.4162,490.5203,9516.0940,0.04056393,1765.8731,1644.6383,8044.5331,8165.7679,0.03429115,0.03480794,0.00125455,11.8178,14.9930,0.8676,208.7320,5.3202,4991.3829,240.5957,12.7170,9.8041,2.5818,2.84,3.3563,4.9054,16.007,177.8754,0.2582,0.0,5.636364,62.633151,4.16126,29,188,6,10,0.74390005,0.04181848,0.03860046,0E-8,0.000000,0.722694,0.000000,0.01256549,2026-05-12,2026-08-02,47,1844,580,83,0.566265,1.297104,1.076088,2.479667,,,,,,,,GLOBAL_BASELINE_NO_ENTITY_RANKING,,,NOT_APPLICABLE_GLOBAL_BASELINE,HF9g-P5,,,,X 全窗基线 · 不参与实体赏罚,15059040,1506,A168_HF9F_20260827_0900,2026-08-27 09:00:00
2026-07-07,17529000,2088,0,470.1417396013,125.6809438984,125.6809438984,0.5384615,79,45,0.49955251710391615,0.499501260000,0.48597371561969216,0.48661396410102403,0.48597371561969216,0.00005125710391615,ELIGIBLE,R03b_20260811_FULL_v1,L1_ELIGIBILITY,v2026-08-11,2026-03-21..2026-08-06,baccarat_bet02_101_all_pairs_incl_sentinel,round_win = game_pnl > 0 (decisive only),COMPATIBILITY_ONLY_NOT_PRODUCTION,234594.9955,169540.3402,9810.4062,19851,11308,-0.04181848,-0.03860046,-0.05116595,-0.04181848,-9810.4062,234594.9955,OK,0.0000,294.3122,3.0000,97.0000,AG03-UNRESOLVED,ALL5_LEVELS_bet23_to_bet27,294.3122,294.3122,294.3122,392.4162,490.5203,3.000000,3.000000,3.000000,4.000000,5.000000,97.000000,97.000000,97.000000,96.000000,95.000000,5.0,1765.8731,1644.6383,8044.5331,8165.7679,PENDING_AG03,FALSE,NOT_FOR_ENFORCEMENT,9516.0940,164454.1300,9810.4062,9516.0940,294.3122,0.04181848,0.04056393,294.3122,9516.0940,0.04056393,294.3122,294.3122,294.3122,392.4162,490.5203,9516.0940,0.04056393,1765.8731,1644.6383,8044.5331,8165.7679,0.03429115,0.03480794,0.00125455,11.8178,14.9930,0.8676,208.7320,5.3202,4991.3829,240.5957,12.7170,9.8041,2.5818,2.84,3.3563,4.9054,16.007,177.8754,0.2582,0.0,5.636364,62.633151,4.16126,29,188,6,10,0.74390005,0.04181848,0.03860046,0E-8,0.000000,0.722694,0.000000,0.01256549,2026-05-12,2026-08-02,47,1844,580,83,0.566265,1.297104,1.076088,2.479667,,,,,,,,GLOBAL_BASELINE_NO_ENTITY_RANKING,,,NOT_APPLICABLE_GLOBAL_BASELINE,HF9g-P5,,,,X 全窗基线 · 不参与实体赏罚,15059041,1506,A168_HF9F_20260827_0900,2026-08-27 09:00:00
2026-07-07,17529000,2093,0,6.4544445305,-1.2908889061,-1.2908889061,0E-7,2,1,0.50128862000000000,0.499948100000,-1.002580569658824,-0.9998962053866608,-1.002580569658824,0.00134052000000000,ELIGIBLE,R03b_20260811_FULL_v1,L1_ELIGIBILITY,v2026-08-11,2026-03-21..2026-08-06,baccarat_bet02_101_all_pairs_incl_sentinel,round_win = game_pnl > 0 (decisive only),COMPATIBILITY_ONLY_NOT_PRODUCTION,234594.9955,169540.3402,9810.4062,19851,11308,-0.04181848,-0.03860046,-0.05116595,-0.04181848,-9810.4062,234594.9955,OK,0.0000,294.3122,3.0000,97.0000,AG03-UNRESOLVED,ALL5_LEVELS_bet23_to_bet27,294.3122,294.3122,294.3122,392.4162,490.5203,3.000000,3.000000,3.000000,4.000000,5.000000,97.000000,97.000000,97.000000,96.000000,95.000000,5.0,1765.8731,1644.6383,8044.5331,8165.7679,PENDING_AG03,FALSE,NOT_FOR_ENFORCEMENT,9516.0940,164454.1300,9810.4062,9516.0940,294.3122,0.04181848,0.04056393,294.3122,9516.0940,0.04056393,294.3122,294.3122,294.3122,392.4162,490.5203,9516.0940,0.04056393,1765.8731,1644.6383,8044.5331,8165.7679,0.03429115,0.03480794,0.00125455,11.8178,14.9930,0.8676,208.7320,5.3202,4991.3829,240.5957,12.7170,9.8041,2.5818,2.84,3.3563,4.9054,16.007,177.8754,0.2582,0.0,5.636364,62.633151,4.16126,29,188,6,10,0.74390005,0.04181848,0.03860046,0E-8,0.000000,0.722694,0.000000,0.01256549,2026-05-12,2026-08-02,47,1844,580,83,0.566265,1.297104,1.076088,2.479667,,,,,,,,GLOBAL_BASELINE_NO_ENTITY_RANKING,,,NOT_APPLICABLE_GLOBAL_BASELINE,HF9g-P5,,,,X 全窗基线 · 不参与实体赏罚,15059042,1506,A168_HF9F_20260827_0900,2026-08-27 09:00:00
2026-07-07,17529000,2117,0,16.7815557793,0.6454444531,0.6454444531,0.6666667,6,3,0.49944390165631731,0.499948100000,0.5792770086377264,0.5775300591747329,0.5792770086377264,-0.00050419834368269,ELIGIBLE,R03b_20260811_FULL_v1,L1_ELIGIBILITY,v2026-08-11,2026-03-21..2026-08-06,baccarat_bet02_101_all_pairs_incl_sentinel,round_win = game_pnl > 0 (decisive only),COMPATIBILITY_ONLY_NOT_PRODUCTION,234594.9955,169540.3402,9810.4062,19851,11308,-0.04181848,-0.03860046,-0.05116595,-0.04181848,-9810.4062,234594.9955,OK,0.0000,294.3122,3.0000,97.0000,AG03-UNRESOLVED,ALL5_LEVELS_bet23_to_bet27,294.3122,294.3122,294.3122,392.4162,490.5203,3.000000,3.000000,3.000000,4.000000,5.000000,97.000000,97.000000,97.000000,96.000000,95.000000,5.0,1765.8731,1644.6383,8044.5331,8165.7679,PENDING_AG03,FALSE,NOT_FOR_ENFORCEMENT,9516.0940,164454.1300,9810.4062,9516.0940,294.3122,0.04181848,0.04056393,294.3122,9516.0940,0.04056393,294.3122,294.3122,294.3122,392.4162,490.5203,9516.0940,0.04056393,1765.8731,1644.6383,8044.5331,8165.7679,0.03429115,0.03480794,0.00125455,11.8178,14.9930,0.8676,208.7320,5.3202,4991.3829,240.5957,12.7170,9.8041,2.5818,2.84,3.3563,4.9054,16.007,177.8754,0.2582,0.0,5.636364,62.633151,4.16126,29,188,6,10,0.74390005,0.04181848,0.03860046,0E-8,0.000000,0.722694,0.000000,0.01256549,2026-05-12,2026-08-02,47,1844,580,83,0.566265,1.297104,1.076088,2.479667,,,,,,,,GLOBAL_BASELINE_NO_ENTITY_RANKING,,,NOT_APPLICABLE_GLOBAL_BASELINE,HF9g-P5,,,,X 全窗基线 · 不参与实体赏罚,15059043,1506,A168_HF9F_20260827_0900,2026-08-27 09:00:00
2026-07-07,17529000,2123,0,4842.8988201275,1831.2033666385,1831.2033666385,0.5294118,56,36,0.49693448463296728,0.496969166667,0.3787540342226236,0.3783494080789179,0.3787540342226236,-0.00003468203403272,ELIGIBLE,R03b_20260811_FULL_v1,L1_ELIGIBILITY,v2026-08-11,2026-03-21..2026-08-06,baccarat_bet02_101_all_pairs_incl_sentinel,round_win = game_pnl > 0 (decisive only),COMPATIBILITY_ONLY_NOT_PRODUCTION,234594.9955,169540.3402,9810.4062,19851,11308,-0.04181848,-0.03860046,-0.05116595,-0.04181848,-9810.4062,234594.9955,OK,0.0000,294.3122,3.0000,97.0000,AG03-UNRESOLVED,ALL5_LEVELS_bet23_to_bet27,294.3122,294.3122,294.3122,392.4162,490.5203,3.000000,3.000000,3.000000,4.000000,5.000000,97.000000,97.000000,97.000000,96.000000,95.000000,5.0,1765.8731,1644.6383,8044.5331,8165.7679,PENDING_AG03,FALSE,NOT_FOR_ENFORCEMENT,9516.0940,164454.1300,9810.4062,9516.0940,294.3122,0.04181848,0.04056393,294.3122,9516.0940,0.04056393,294.3122,294.3122,294.3122,392.4162,490.5203,9516.0940,0.04056393,1765.8731,1644.6383,8044.5331,8165.7679,0.03429115,0.03480794,0.00125455,11.8178,14.9930,0.8676,208.7320,5.3202,4991.3829,240.5957,12.7170,9.8041,2.5818,2.84,3.3563,4.9054,16.007,177.8754,0.2582,0.0,5.636364,62.633151,4.16126,29,188,6,10,0.74390005,0.04181848,0.03860046,0E-8,0.000000,0.722694,0.000000,0.01256549,2026-05-12,2026-08-02,47,1844,580,83,0.566265,1.297104,1.076088,2.479667,,,,,,,,GLOBAL_BASELINE_NO_ENTITY_RANKING,,,NOT_APPLICABLE_GLOBAL_BASELINE,HF9g-P5,,,,X 全窗基线 · 不参与实体赏罚,15059044,1506,A168_HF9F_20260827_0900,2026-08-27 09:00:00
2026-07-07,17529000,2141,0,96.3003123951,1.9492422484,1.9492422484,0.5625000,32,16,0.50017143027789932,0.499948100000,0.4986285870845394,0.5004152026958467,0.4986285870845394,0.00022333027789932,ELIGIBLE,R03b_20260811_FULL_v1,L1_ELIGIBILITY,v2026-08-11,2026-03-21..2026-08-06,baccarat_bet02_101_all_pairs_incl_sentinel,round_win = game_pnl > 0 (decisive only),COMPATIBILITY_ONLY_NOT_PRODUCTION,234594.9955,169540.3402,9810.4062,19851,11308,-0.04181848,-0.03860046,-0.05116595,-0.04181848,-9810.4062,234594.9955,OK,0.0000,294.3122,3.0000,97.0000,AG03-UNRESOLVED,ALL5_LEVELS_bet23_to_bet27,294.3122,294.3122,294.3122,392.4162,490.5203,3.000000,3.000000,3.000000,4.000000,5.000000,97.000000,97.000000,97.000000,96.000000,95.000000,5.0,1765.8731,1644.6383,8044.5331,8165.7679,PENDING_AG03,FALSE,NOT_FOR_ENFORCEMENT,9516.0940,164454.1300,9810.4062,9516.0940,294.3122,0.04181848,0.04056393,294.3122,9516.0940,0.04056393,294.3122,294.3122,294.3122,392.4162,490.5203,9516.0940,0.04056393,1765.8731,1644.6383,8044.5331,8165.7679,0.03429115,0.03480794,0.00125455,11.8178,14.9930,0.8676,208.7320,5.3202,4991.3829,240.5957,12.7170,9.8041,2.5818,2.84,3.3563,4.9054,16.007,177.8754,0.2582,0.0,5.636364,62.633151,4.16126,29,188,6,10,0.74390005,0.04181848,0.03860046,0E-8,0.000000,0.722694,0.000000,0.01256549,2026-05-12,2026-08-02,47,1844,580,83,0.566265,1.297104,1.076088,2.479667,,,,,,,,GLOBAL_BASELINE_NO_ENTITY_RANKING,,,NOT_APPLICABLE_GLOBAL_BASELINE,HF9g-P5,,,,X 全窗基线 · 不参与实体赏罚,15059045,1506,A168_HF9F_20260827_0900,2026-08-27 09:00:00
2026-07-07,17529000,2156,0,28.1413781530,4.7117445073,4.7117445073,0.6666667,9,6,0.50359985847919742,0.503299400000,0.7988816537399798,0.8003503134943746,0.7988816537399798,0.00030045847919742,ELIGIBLE,R03b_20260811_FULL_v1,L1_ELIGIBILITY,v2026-08-11,2026-03-21..2026-08-06,baccarat_bet02_101_all_pairs_incl_sentinel,round_win = game_pnl > 0 (decisive only),COMPATIBILITY_ONLY_NOT_PRODUCTION,234594.9955,169540.3402,9810.4062,19851,11308,-0.04181848,-0.03860046,-0.05116595,-0.04181848,-9810.4062,234594.9955,OK,0.0000,294.3122,3.0000,97.0000,AG03-UNRESOLVED,ALL5_LEVELS_bet23_to_bet27,294.3122,294.3122,294.3122,392.4162,490.5203,3.000000,3.000000,3.000000,4.000000,5.000000,97.000000,97.000000,97.000000,96.000000,95.000000,5.0,1765.8731,1644.6383,8044.5331,8165.7679,PENDING_AG03,FALSE,NOT_FOR_ENFORCEMENT,9516.0940,164454.1300,9810.4062,9516.0940,294.3122,0.04181848,0.04056393,294.3122,9516.0940,0.04056393,294.3122,294.3122,294.3122,392.4162,490.5203,9516.0940,0.04056393,1765.8731,1644.6383,8044.5331,8165.7679,0.03429115,0.03480794,0.00125455,11.8178,14.9930,0.8676,208.7320,5.3202,4991.3829,240.5957,12.7170,9.8041,2.5818,2.84,3.3563,4.9054,16.007,177.8754,0.2582,0.0,5.636364,62.633151,4.16126,29,188,6,10,0.74390005,0.04181848,0.03860046,0E-8,0.000000,0.722694,0.000000,0.01256549,2026-05-12,2026-08-02,47,1844,580,83,0.566265,1.297104,1.076088,2.479667,,,,,,,,GLOBAL_BASELINE_NO_ENTITY_RANKING,,,NOT_APPLICABLE_GLOBAL_BASELINE,HF9g-P5,,,,X 全窗基线 · 不参与实体赏罚,15059046,1506,A168_HF9F_20260827_0900,2026-08-27 09:00:00
2026-07-07,17529000,2169,0,171.9464022921,3.1497689313,3.1497689313,0.5666667,61,31,0.49978010849307154,0.499731887097,0.7327056049671608,0.7332338784551985,0.7327056049671608,0.00004822139607154,ELIGIBLE,R03b_20260811_FULL_v1,L1_ELIGIBILITY,v2026-08-11,2026-03-21..2026-08-06,baccarat_bet02_101_all_pairs_incl_sentinel,round_win = game_pnl > 0 (decisive only),COMPATIBILITY_ONLY_NOT_PRODUCTION,234594.9955,169540.3402,9810.4062,19851,11308,-0.04181848,-0.03860046,-0.05116595,-0.04181848,-9810.4062,234594.9955,OK,0.0000,294.3122,3.0000,97.0000,AG03-UNRESOLVED,ALL5_LEVELS_bet23_to_bet27,294.3122,294.3122,294.3122,392.4162,490.5203,3.000000,3.000000,3.000000,4.000000,5.000000,97.000000,97.000000,97.000000,96.000000,95.000000,5.0,1765.8731,1644.6383,8044.5331,8165.7679,PENDING_AG03,FALSE,NOT_FOR_ENFORCEMENT,9516.0940,164454.1300,9810.4062,9516.0940,294.3122,0.04181848,0.04056393,294.3122,9516.0940,0.04056393,294.3122,294.3122,294.3122,392.4162,490.5203,9516.0940,0.04056393,1765.8731,1644.6383,8044.5331,8165.7679,0.03429115,0.03480794,0.00125455,11.8178,14.9930,0.8676,208.7320,5.3202,4991.3829,240.5957,12.7170,9.8041,2.5818,2.84,3.3563,4.9054,16.007,177.8754,0.2582,0.0,5.636364,62.633151,4.16126,29,188,6,10,0.74390005,0.04181848,0.03860046,0E-8,0.000000,0.722694,0.000000,0.01256549,2026-05-12,2026-08-02,47,1844,580,83,0.566265,1.297104,1.076088,2.479667,,,,,,,,GLOBAL_BASELINE_NO_ENTITY_RANKING,,,NOT_APPLICABLE_GLOBAL_BASELINE,HF9g-P5,,,,X 全窗基线 · 不参与实体赏罚,15059047,1506,A168_HF9F_20260827_0900,2026-08-27 09:00:00
2026-07-07,17529000,2170,0,33.5631115585,0.9294400125,0.9294400125,0.6666667,12,6,0.50044861883114899,0.499948100000,0.8142991342469781,0.8167508423630434,0.8142991342469781,0.00050051883114899,ELIGIBLE,R03b_20260811_FULL_v1,L1_ELIGIBILITY,v2026-08-11,2026-03-21..2026-08-06,baccarat_bet02_101_all_pairs_incl_sentinel,round_win = game_pnl > 0 (decisive only),COMPATIBILITY_ONLY_NOT_PRODUCTION,234594.9955,169540.3402,9810.4062,19851,11308,-0.04181848,-0.03860046,-0.05116595,-0.04181848,-9810.4062,234594.9955,OK,0.0000,294.3122,3.0000,97.0000,AG03-UNRESOLVED,ALL5_LEVELS_bet23_to_bet27,294.3122,294.3122,294.3122,392.4162,490.5203,3.000000,3.000000,3.000000,4.000000,5.000000,97.000000,97.000000,97.000000,96.000000,95.000000,5.0,1765.8731,1644.6383,8044.5331,8165.7679,PENDING_AG03,FALSE,NOT_FOR_ENFORCEMENT,9516.0940,164454.1300,9810.4062,9516.0940,294.3122,0.04181848,0.04056393,294.3122,9516.0940,0.04056393,294.3122,294.3122,294.3122,392.4162,490.5203,9516.0940,0.04056393,1765.8731,1644.6383,8044.5331,8165.7679,0.03429115,0.03480794,0.00125455,11.8178,14.9930,0.8676,208.7320,5.3202,4991.3829,240.5957,12.7170,9.8041,2.5818,2.84,3.3563,4.9054,16.007,177.8754,0.2582,0.0,5.636364,62.633151,4.16126,29,188,6,10,0.74390005,0.04181848,0.03860046,0E-8,0.000000,0.722694,0.000000,0.01256549,2026-05-12,2026-08-02,47,1844,580,83,0.566265,1.297104,1.076088,2.479667,,,,,,,,GLOBAL_BASELINE_NO_ENTITY_RANKING,,,NOT_APPLICABLE_GLOBAL_BASELINE,HF9g-P5,,,,X 全窗基线 · 不参与实体赏罚,15059048,1506,A168_HF9F_20260827_0900,2026-08-27 09:00:00
2026-07-07,17529000,2223,0,178.1426690417,5.6670022981,5.6670022981,0.5925926,60,31,0.49558593321328582,0.496184382258,1.008162063100637,1.0019326859757844,1.008162063100637,-0.00059844904471418,ELIGIBLE,R03b_20260811_FULL_v1,L1_ELIGIBILITY,v2026-08-11,2026-03-21..2026-08-06,baccarat_bet02_101_all_pairs_incl_sentinel,round_win = game_pnl > 0 (decisive only),COMPATIBILITY_ONLY_NOT_PRODUCTION,234594.9955,169540.3402,9810.4062,19851,11308,-0.04181848,-0.03860046,-0.05116595,-0.04181848,-9810.4062,234594.9955,OK,0.0000,294.3122,3.0000,97.0000,AG03-UNRESOLVED,ALL5_LEVELS_bet23_to_bet27,294.3122,294.3122,294.3122,392.4162,490.5203,3.000000,3.000000,3.000000,4.000000,5.000000,97.000000,97.000000,97.000000,96.000000,95.000000,5.0,1765.8731,1644.6383,8044.5331,8165.7679,PENDING_AG03,FALSE,NOT_FOR_ENFORCEMENT,9516.0940,164454.1300,9810.4062,9516.0940,294.3122,0.04181848,0.04056393,294.3122,9516.0940,0.04056393,294.3122,294.3122,294.3122,392.4162,490.5203,9516.0940,0.04056393,1765.8731,1644.6383,8044.5331,8165.7679,0.03429115,0.03480794,0.00125455,11.8178,14.9930,0.8676,208.7320,5.3202,4991.3829,240.5957,12.7170,9.8041,2.5818,2.84,3.3563,4.9054,16.007,177.8754,0.2582,0.0,5.636364,62.633151,4.16126,29,188,6,10,0.74390005,0.04181848,0.03860046,0E-8,0.000000,0.722694,0.000000,0.01256549,2026-05-12,2026-08-02,47,1844,580,83,0.566265,1.297104,1.076088,2.479667,,,,,,,,GLOBAL_BASELINE_NO_ENTITY_RANKING,,,NOT_APPLICABLE_GLOBAL_BASELINE,HF9g-P5,,,,X 全窗基线 · 不参与实体赏罚,15059049,1506,A168_HF9F_20260827_0900,2026-08-27 09:00:00
2026-07-07,17529000,2233,0,33.5631115585,0.2065422251,0.2065422251,0.6000000,12,6,0.50035011302464482,0.499948100000,0.44564795170842,0.44744570176651083,0.44564795170842,0.00040201302464482,ELIGIBLE,R03b_20260811_FULL_v1,L1_ELIGIBILITY,v2026-08-11,2026-03-21..2026-08-06,baccarat_bet02_101_all_pairs_incl_sentinel,round_win = game_pnl > 0 (decisive only),COMPATIBILITY_ONLY_NOT_PRODUCTION,234594.9955,169540.3402,9810.4062,19851,11308,-0.04181848,-0.03860046,-0.05116595,-0.04181848,-9810.4062,234594.9955,OK,0.0000,294.3122,3.0000,97.0000,AG03-UNRESOLVED,ALL5_LEVELS_bet23_to_bet27,294.3122,294.3122,294.3122,392.4162,490.5203,3.000000,3.000000,3.000000,4.000000,5.000000,97.000000,97.000000,97.000000,96.000000,95.000000,5.0,1765.8731,1644.6383,8044.5331,8165.7679,PENDING_AG03,FALSE,NOT_FOR_ENFORCEMENT,9516.0940,164454.1300,9810.4062,9516.0940,294.3122,0.04181848,0.04056393,294.3122,9516.0940,0.04056393,294.3122,294.3122,294.3122,392.4162,490.5203,9516.0940,0.04056393,1765.8731,1644.6383,8044.5331,8165.7679,0.03429115,0.03480794,0.00125455,11.8178,14.9930,0.8676,208.7320,5.3202,4991.3829,240.5957,12.7170,9.8041,2.5818,2.84,3.3563,4.9054,16.007,177.8754,0.2582,0.0,5.636364,62.633151,4.16126,29,188,6,10,0.74390005,0.04181848,0.03860046,0E-8,0.000000,0.722694,0.000000,0.01256549,2026-05-12,2026-08-02,47,1844,580,83,0.566265,1.297104,1.076088,2.479667,,,,,,,,GLOBAL_BASELINE_NO_ENTITY_RANKING,,,NOT_APPLICABLE_GLOBAL_BASELINE,HF9g-P5,,,,X 全窗基线 · 不参与实体赏罚,15059050,1506,A168_HF9F_20260827_0900,2026-08-27 09:00:00
2026-07-07,17529000,2246,0,29.4322670591,-2.8399555935,-2.8399555935,0.2000000,10,5,0.50003050425975355,0.499948100000,-1.3417772081937722,-1.341408689870273,-1.3417772081937722,0.00008240425975355,ELIGIBLE,R03b_20260811_FULL_v1,L1_ELIGIBILITY,v2026-08-11,2026-03-21..2026-08-06,baccarat_bet02_101_all_pairs_incl_sentinel,round_win = game_pnl > 0 (decisive only),COMPATIBILITY_ONLY_NOT_PRODUCTION,234594.9955,169540.3402,9810.4062,19851,11308,-0.04181848,-0.03860046,-0.05116595,-0.04181848,-9810.4062,234594.9955,OK,0.0000,294.3122,3.0000,97.0000,AG03-UNRESOLVED,ALL5_LEVELS_bet23_to_bet27,294.3122,294.3122,294.3122,392.4162,490.5203,3.000000,3.000000,3.000000,4.000000,5.000000,97.000000,97.000000,97.000000,96.000000,95.000000,5.0,1765.8731,1644.6383,8044.5331,8165.7679,PENDING_AG03,FALSE,NOT_FOR_ENFORCEMENT,9516.0940,164454.1300,9810.4062,9516.0940,294.3122,0.04181848,0.04056393,294.3122,9516.0940,0.04056393,294.3122,294.3122,294.3122,392.4162,490.5203,9516.0940,0.04056393,1765.8731,1644.6383,8044.5331,8165.7679,0.03429115,0.03480794,0.00125455,11.8178,14.9930,0.8676,208.7320,5.3202,4991.3829,240.5957,12.7170,9.8041,2.5818,2.84,3.3563,4.9054,16.007,177.8754,0.2582,0.0,5.636364,62.633151,4.16126,29,188,6,10,0.74390005,0.04181848,0.03860046,0E-8,0.000000,0.722694,0.000000,0.01256549,2026-05-12,2026-08-02,47,1844,580,83,0.566265,1.297104,1.076088,2.479667,,,,,,,,GLOBAL_BASELINE_NO_ENTITY_RANKING,,,NOT_APPLICABLE_GLOBAL_BASELINE,HF9g-P5,,,,X 全窗基线 · 不参与实体赏罚,15059051,1506,A168_HF9F_20260827_0900,2026-08-27 09:00:00
2026-07-07,17529000,2251,0,161.6192910433,4.0533911654,4.0533911654,0.6153846,57,29,0.49976706363403391,0.499716975862,1.179072432931493,1.179583291009604,1.179072432931493,0.00005008777203391,ELIGIBLE,R03b_20260811_FULL_v1,L1_ELIGIBILITY,v2026-08-11,2026-03-21..2026-08-06,baccarat_bet02_101_all_pairs_incl_sentinel,round_win = game_pnl > 0 (decisive only),COMPATIBILITY_ONLY_NOT_PRODUCTION,234594.9955,169540.3402,9810.4062,19851,11308,-0.04181848,-0.03860046,-0.05116595,-0.04181848,-9810.4062,234594.9955,OK,0.0000,294.3122,3.0000,97.0000,AG03-UNRESOLVED,ALL5_LEVELS_bet23_to_bet27,294.3122,294.3122,294.3122,392.4162,490.5203,3.000000,3.000000,3.000000,4.000000,5.000000,97.000000,97.000000,97.000000,96.000000,95.000000,5.0,1765.8731,1644.6383,8044.5331,8165.7679,PENDING_AG03,FALSE,NOT_FOR_ENFORCEMENT,9516.0940,164454.1300,9810.4062,9516.0940,294.3122,0.04181848,0.04056393,294.3122,9516.0940,0.04056393,294.3122,294.3122,294.3122,392.4162,490.5203,9516.0940,0.04056393,1765.8731,1644.6383,8044.5331,8165.7679,0.03429115,0.03480794,0.00125455,11.8178,14.9930,0.8676,208.7320,5.3202,4991.3829,240.5957,12.7170,9.8041,2.5818,2.84,3.3563,4.9054,16.007,177.8754,0.2582,0.0,5.636364,62.633151,4.16126,29,188,6,10,0.74390005,0.04181848,0.03860046,0E-8,0.000000,0.722694,0.000000,0.01256549,2026-05-12,2026-08-02,47,1844,580,83,0.566265,1.297104,1.076088,2.479667,,,,,,,,GLOBAL_BASELINE_NO_ENTITY_RANKING,,,NOT_APPLICABLE_GLOBAL_BASELINE,HF9g-P5,,,,X 全窗基线 · 不参与实体赏罚,15059052,1506,A168_HF9F_20260827_0900,2026-08-27 09:00:00
2026-07-07,17529000,2252,0,27.3668448092,0.6067177860,0.6067177860,0.8000000,10,5,0.50008157168830143,0.499948100000,1.341276004669252,1.3418728975849028,1.341276004669252,0.00013347168830143,ELIGIBLE,R03b_20260811_FULL_v1,L1_ELIGIBILITY,v2026-08-11,2026-03-21..2026-08-06,baccarat_bet02_101_all_pairs_incl_sentinel,round_win = game_pnl > 0 (decisive only),COMPATIBILITY_ONLY_NOT_PRODUCTION,234594.9955,169540.3402,9810.4062,19851,11308,-0.04181848,-0.03860046,-0.05116595,-0.04181848,-9810.4062,234594.9955,OK,0.0000,294.3122,3.0000,97.0000,AG03-UNRESOLVED,ALL5_LEVELS_bet23_to_bet27,294.3122,294.3122,294.3122,392.4162,490.5203,3.000000,3.000000,3.000000,4.000000,5.000000,97.000000,97.000000,97.000000,96.000000,95.000000,5.0,1765.8731,1644.6383,8044.5331,8165.7679,PENDING_AG03,FALSE,NOT_FOR_ENFORCEMENT,9516.0940,164454.1300,9810.4062,9516.0940,294.3122,0.04181848,0.04056393,294.3122,9516.0940,0.04056393,294.3122,294.3122,294.3122,392.4162,490.5203,9516.0940,0.04056393,1765.8731,1644.6383,8044.5331,8165.7679,0.03429115,0.03480794,0.00125455,11.8178,14.9930,0.8676,208.7320,5.3202,4991.3829,240.5957,12.7170,9.8041,2.5818,2.84,3.3563,4.9054,16.007,177.8754,0.2582,0.0,5.636364,62.633151,4.16126,29,188,6,10,0.74390005,0.04181848,0.03860046,0E-8,0.000000,0.722694,0.000000,0.01256549,2026-05-12,2026-08-02,47,1844,580,83,0.566265,1.297104,1.076088,2.479667,,,,,,,,GLOBAL_BASELINE_NO_ENTITY_RANKING,,,NOT_APPLICABLE_GLOBAL_BASELINE,HF9g-P5,,,,X 全窗基线 · 不参与实体赏罚,15059053,1506,A168_HF9F_20260827_0900,2026-08-27 09:00:00
2026-07-07,17529000,2281,0,82.8750677716,-5.5508222961,-5.5508222961,0.2500000,28,15,0.49943566422065833,0.499948100000,-1.728142075339485,-1.7316912431502278,-1.728142075339485,-0.00051243577934167,ELIGIBLE,R03b_20260811_FULL_v1,L1_ELIGIBILITY,v2026-08-11,2026-03-21..2026-08-06,baccarat_bet02_101_all_pairs_incl_sentinel,round_win = game_pnl > 0 (decisive only),COMPATIBILITY_ONLY_NOT_PRODUCTION,234594.9955,169540.3402,9810.4062,19851,11308,-0.04181848,-0.03860046,-0.05116595,-0.04181848,-9810.4062,234594.9955,OK,0.0000,294.3122,3.0000,97.0000,AG03-UNRESOLVED,ALL5_LEVELS_bet23_to_bet27,294.3122,294.3122,294.3122,392.4162,490.5203,3.000000,3.000000,3.000000,4.000000,5.000000,97.000000,97.000000,97.000000,96.000000,95.000000,5.0,1765.8731,1644.6383,8044.5331,8165.7679,PENDING_AG03,FALSE,NOT_FOR_ENFORCEMENT,9516.0940,164454.1300,9810.4062,9516.0940,294.3122,0.04181848,0.04056393,294.3122,9516.0940,0.04056393,294.3122,294.3122,294.3122,392.4162,490.5203,9516.0940,0.04056393,1765.8731,1644.6383,8044.5331,8165.7679,0.03429115,0.03480794,0.00125455,11.8178,14.9930,0.8676,208.7320,5.3202,4991.3829,240.5957,12.7170,9.8041,2.5818,2.84,3.3563,4.9054,16.007,177.8754,0.2582,0.0,5.636364,62.633151,4.16126,29,188,6,10,0.74390005,0.04181848,0.03860046,0E-8,0.000000,0.722694,0.000000,0.01256549,2026-05-12,2026-08-02,47,1844,580,83,0.566265,1.297104,1.076088,2.479667,,,,,,,,GLOBAL_BASELINE_NO_ENTITY_RANKING,,,NOT_APPLICABLE_GLOBAL_BASELINE,HF9g-P5,,,,X 全窗基线 · 不参与实体赏罚,15059054,1506,A168_HF9F_20260827_0900,2026-08-27 09:00:00
2026-07-07,17529000,2288,0,224.6146696613,7.5517001008,7.5517001008,0.4838710,62,33,0.50063382478403562,0.500354318182,-0.18666342609453526,-0.18355086840692178,-0.18666342609453526,0.00027950660203562,ELIGIBLE,R03b_20260811_FULL_v1,L1_ELIGIBILITY,v2026-08-11,2026-03-21..2026-08-06,baccarat_bet02_101_all_pairs_incl_sentinel,round_win = game_pnl > 0 (decisive only),COMPATIBILITY_ONLY_NOT_PRODUCTION,234594.9955,169540.3402,9810.4062,19851,11308,-0.04181848,-0.03860046,-0.05116595,-0.04181848,-9810.4062,234594.9955,OK,0.0000,294.3122,3.0000,97.0000,AG03-UNRESOLVED,ALL5_LEVELS_bet23_to_bet27,294.3122,294.3122,294.3122,392.4162,490.5203,3.000000,3.000000,3.000000,4.000000,5.000000,97.000000,97.000000,97.000000,96.000000,95.000000,5.0,1765.8731,1644.6383,8044.5331,8165.7679,PENDING_AG03,FALSE,NOT_FOR_ENFORCEMENT,9516.0940,164454.1300,9810.4062,9516.0940,294.3122,0.04181848,0.04056393,294.3122,9516.0940,0.04056393,294.3122,294.3122,294.3122,392.4162,490.5203,9516.0940,0.04056393,1765.8731,1644.6383,8044.5331,8165.7679,0.03429115,0.03480794,0.00125455,11.8178,14.9930,0.8676,208.7320,5.3202,4991.3829,240.5957,12.7170,9.8041,2.5818,2.84,3.3563,4.9054,16.007,177.8754,0.2582,0.0,5.636364,62.633151,4.16126,29,188,6,10,0.74390005,0.04181848,0.03860046,0E-8,0.000000,0.722694,0.000000,0.01256549,2026-05-12,2026-08-02,47,1844,580,83,0.566265,1.297104,1.076088,2.479667,,,,,,,,GLOBAL_BASELINE_NO_ENTITY_RANKING,,,NOT_APPLICABLE_GLOBAL_BASELINE,HF9g-P5,,,,X 全窗基线 · 不参与实体赏罚,15059055,1506,A168_HF9F_20260827_0900,2026-08-27 09:00:00
2026-07-07,17529000,626,0,4.3890222807,4.1695711667,4.1695711667,1.0000000,1,1,0.50665070000000000,0.506650700000,0.9867858985152569,0.9867858985152569,0.9867858985152569,0E-17,ELIGIBLE,R03b_20260811_FULL_v1,L1_ELIGIBILITY,v2026-08-11,2026-03-21..2026-08-06,baccarat_bet02_101_all_pairs_incl_sentinel,round_win = game_pnl > 0 (decisive only),COMPATIBILITY_ONLY_NOT_PRODUCTION,234594.9955,169540.3402,9810.4062,19851,11308,-0.04181848,-0.03860046,-0.05116595,-0.04181848,-9810.4062,234594.9955,OK,0.0000,294.3122,3.0000,97.0000,AG03-UNRESOLVED,ALL5_LEVELS_bet23_to_bet27,294.3122,294.3122,294.3122,392.4162,490.5203,3.000000,3.000000,3.000000,4.000000,5.000000,97.000000,97.000000,97.000000,96.000000,95.000000,5.0,1765.8731,1644.6383,8044.5331,8165.7679,PENDING_AG03,FALSE,NOT_FOR_ENFORCEMENT,9516.0940,164454.1300,9810.4062,9516.0940,294.3122,0.04181848,0.04056393,294.3122,9516.0940,0.04056393,294.3122,294.3122,294.3122,392.4162,490.5203,9516.0940,0.04056393,1765.8731,1644.6383,8044.5331,8165.7679,0.03429115,0.03480794,0.00125455,11.8178,14.9930,0.8676,208.7320,5.3202,4991.3829,240.5957,12.7170,9.8041,2.5818,2.84,3.3563,4.9054,16.007,177.8754,0.2582,0.0,5.636364,62.633151,4.16126,29,188,6,10,0.74390005,0.04181848,0.03860046,0E-8,0.000000,0.722694,0.000000,0.01256549,2026-05-12,2026-08-02,47,1844,580,83,0.566265,1.297104,1.076088,2.479667,,,,,,,,GLOBAL_BASELINE_NO_ENTITY_RANKING,,,NOT_APPLICABLE_GLOBAL_BASELINE,HF9g-P5,,,,X 全窗基线 · 不参与实体赏罚,15059056,1506,A168_HF9F_20260827_0900,2026-08-27 09:00:00
2026-07-07,17529000,986,0,144.3213797016,2.7366844810,2.7366844810,0.5454545,42,24,0.49948259143839757,0.499389550000,0.43125538615865366,0.43212828337702974,0.43125538615865366,0.00009304143839757,ELIGIBLE,R03b_20260811_FULL_v1,L1_ELIGIBILITY,v2026-08-11,2026-03-21..2026-08-06,baccarat_bet02_101_all_pairs_incl_sentinel,round_win = game_pnl > 0 (decisive only),COMPATIBILITY_ONLY_NOT_PRODUCTION,234594.9955,169540.3402,9810.4062,19851,11308,-0.04181848,-0.03860046,-0.05116595,-0.04181848,-9810.4062,234594.9955,OK,0.0000,294.3122,3.0000,97.0000,AG03-UNRESOLVED,ALL5_LEVELS_bet23_to_bet27,294.3122,294.3122,294.3122,392.4162,490.5203,3.000000,3.000000,3.000000,4.000000,5.000000,97.000000,97.000000,97.000000,96.000000,95.000000,5.0,1765.8731,1644.6383,8044.5331,8165.7679,PENDING_AG03,FALSE,NOT_FOR_ENFORCEMENT,9516.0940,164454.1300,9810.4062,9516.0940,294.3122,0.04181848,0.04056393,294.3122,9516.0940,0.04056393,294.3122,294.3122,294.3122,392.4162,490.5203,9516.0940,0.04056393,1765.8731,1644.6383,8044.5331,8165.7679,0.03429115,0.03480794,0.00125455,11.8178,14.9930,0.8676,208.7320,5.3202,4991.3829,240.5957,12.7170,9.8041,2.5818,2.84,3.3563,4.9054,16.007,177.8754,0.2582,0.0,5.636364,62.633151,4.16126,29,188,6,10,0.74390005,0.04181848,0.03860046,0E-8,0.000000,0.722694,0.000000,0.01256549,2026-05-12,2026-08-02,47,1844,580,83,0.566265,1.297104,1.076088,2.479667,,,,,,,,GLOBAL_BASELINE_NO_ENTITY_RANKING,,,NOT_APPLICABLE_GLOBAL_BASELINE,HF9g-P5,,,,X 全窗基线 · 不参与实体赏罚,15059057,1506,A168_HF9F_20260827_0900,2026-08-27 09:00:00
2026-07-08,17529000,1210,0,176.0772467920,9.5525779054,9.5525779054,0.4210526,38,22,0.50128125970067341,0.501166754545,-0.6994192610970644,-0.6984206334640186,-0.6994192610970644,0.00011450515567341,ELIGIBLE,R03b_20260811_FULL_v1,L1_ELIGIBILITY,v2026-08-11,2026-03-21..2026-08-06,baccarat_bet02_101_all_pairs_incl_sentinel,round_win = game_pnl > 0 (decisive only),COMPATIBILITY_ONLY_NOT_PRODUCTION,234594.9955,169540.3402,9810.4062,19851,11308,-0.04181848,-0.03860046,-0.05116595,-0.04181848,-9810.4062,234594.9955,OK,0.0000,294.3122,3.0000,97.0000,AG03-UNRESOLVED,ALL5_LEVELS_bet23_to_bet27,294.3122,294.3122,294.3122,392.4162,490.5203,3.000000,3.000000,3.000000,4.000000,5.000000,97.000000,97.000000,97.000000,96.000000,95.000000,5.0,1765.8731,1644.6383,8044.5331,8165.7679,PENDING_AG03,FALSE,NOT_FOR_ENFORCEMENT,9516.0940,164454.1300,9810.4062,9516.0940,294.3122,0.04181848,0.04056393,294.3122,9516.0940,0.04056393,294.3122,294.3122,294.3122,392.4162,490.5203,9516.0940,0.04056393,1765.8731,1644.6383,8044.5331,8165.7679,0.03429115,0.03480794,0.00125455,11.8178,14.9930,0.8676,208.7320,5.3202,4991.3829,240.5957,12.7170,9.8041,2.5818,2.84,3.3563,4.9054,16.007,177.8754,0.2582,0.0,5.636364,62.633151,4.16126,29,188,6,10,0.74390005,0.04181848,0.03860046,0E-8,0.000000,0.722694,0.000000,0.01256549,2026-05-12,2026-08-02,47,1844,580,83,0.566265,1.297104,1.076088,2.479667,,,,,,,,GLOBAL_BASELINE_NO_ENTITY_RANKING,,,NOT_APPLICABLE_GLOBAL_BASELINE,HF9g-P5,,,,X 全窗基线 · 不参与实体赏罚,15059058,1506,A168_HF9F_20260827_0900,2026-08-27 09:00:00
2026-07-08,17529000,1307,0,5.4217334056,-0.2581777812,-0.2581777812,0E-7,2,1,0.50026727142854788,0.499948100000,-1.0005346858015285,-0.9998962053866608,-1.0005346858015285,0.00031917142854788,ELIGIBLE,R03b_20260811_FULL_v1,L1_ELIGIBILITY,v2026-08-11,2026-03-21..2026-08-06,baccarat_bet02_101_all_pairs_incl_sentinel,round_win = game_pnl > 0 (decisive only),COMPATIBILITY_ONLY_NOT_PRODUCTION,234594.9955,169540.3402,9810.4062,19851,11308,-0.04181848,-0.03860046,-0.05116595,-0.04181848,-9810.4062,234594.9955,OK,0.0000,294.3122,3.0000,97.0000,AG03-UNRESOLVED,ALL5_LEVELS_bet23_to_bet27,294.3122,294.3122,294.3122,392.4162,490.5203,3.000000,3.000000,3.000000,4.000000,5.000000,97.000000,97.000000,97.000000,96.000000,95.000000,5.0,1765.8731,1644.6383,8044.5331,8165.7679,PENDING_AG03,FALSE,NOT_FOR_ENFORCEMENT,9516.0940,164454.1300,9810.4062,9516.0940,294.3122,0.04181848,0.04056393,294.3122,9516.0940,0.04056393,294.3122,294.3122,294.3122,392.4162,490.5203,9516.0940,0.04056393,1765.8731,1644.6383,8044.5331,8165.7679,0.03429115,0.03480794,0.00125455,11.8178,14.9930,0.8676,208.7320,5.3202,4991.3829,240.5957,12.7170,9.8041,2.5818,2.84,3.3563,4.9054,16.007,177.8754,0.2582,0.0,5.636364,62.633151,4.16126,29,188,6,10,0.74390005,0.04181848,0.03860046,0E-8,0.000000,0.722694,0.000000,0.01256549,2026-05-12,2026-08-02,47,1844,580,83,0.566265,1.297104,1.076088,2.479667,,,,,,,,GLOBAL_BASELINE_NO_ENTITY_RANKING,,,NOT_APPLICABLE_GLOBAL_BASELINE,HF9g-P5,,,,X 全窗基线 · 不参与实体赏罚,15059059,1506,A168_HF9F_20260827_0900,2026-08-27 09:00:00
2026-07-08,17529000,1325,0,156.4557354190,-4.5181111711,-4.5181111711,0.4400000,50,28,0.50073386194349125,0.500426857143,-0.6073392736044682,-0.6042687916340723,-0.6073392736044682,0.00030700480049125,ELIGIBLE,R03b_20260811_FULL_v1,L1_ELIGIBILITY,v2026-08-11,2026-03-21..2026-08-06,baccarat_bet02_101_all_pairs_incl_sentinel,round_win = game_pnl > 0 (decisive only),COMPATIBILITY_ONLY_NOT_PRODUCTION,234594.9955,169540.3402,9810.4062,19851,11308,-0.04181848,-0.03860046,-0.05116595,-0.04181848,-9810.4062,234594.9955,OK,0.0000,294.3122,3.0000,97.0000,AG03-UNRESOLVED,ALL5_LEVELS_bet23_to_bet27,294.3122,294.3122,294.3122,392.4162,490.5203,3.000000,3.000000,3.000000,4.000000,5.000000,97.000000,97.000000,97.000000,96.000000,95.000000,5.0,1765.8731,1644.6383,8044.5331,8165.7679,PENDING_AG03,FALSE,NOT_FOR_ENFORCEMENT,9516.0940,164454.1300,9810.4062,9516.0940,294.3122,0.04181848,0.04056393,294.3122,9516.0940,0.04056393,294.3122,294.3122,294.3122,392.4162,490.5203,9516.0940,0.04056393,1765.8731,1644.6383,8044.5331,8165.7679,0.03429115,0.03480794,0.00125455,11.8178,14.9930,0.8676,208.7320,5.3202,4991.3829,240.5957,12.7170,9.8041,2.5818,2.84,3.3563,4.9054,16.007,177.8754,0.2582,0.0,5.636364,62.633151,4.16126,29,188,6,10,0.74390005,0.04181848,0.03860046,0E-8,0.000000,0.722694,0.000000,0.01256549,2026-05-12,2026-08-02,47,1844,580,83,0.566265,1.297104,1.076088,2.479667,,,,,,,,GLOBAL_BASELINE_NO_ENTITY_RANKING,,,NOT_APPLICABLE_GLOBAL_BASELINE,HF9g-P5,,,,X 全窗基线 · 不参与实体赏罚,15059060,1506,A168_HF9F_20260827_0900,2026-08-27 09:00:00
2026-07-08,17529000,1331,0,90.3622234268,4.9957400666,4.9957400666,0.5000000,29,16,0.50077060070644523,0.500367012500,-0.006164812973211848,-0.0029361007909749436,-0.006164812973211848,0.00040358820644523,ELIGIBLE,R03b_20260811_FULL_v1,L1_ELIGIBILITY,v2026-08-11,2026-03-21..2026-08-06,baccarat_bet02_101_all_pairs_incl_sentinel,round_win = game_pnl > 0 (decisive only),COMPATIBILITY_ONLY_NOT_PRODUCTION,234594.9955,169540.3402,9810.4062,19851,11308,-0.04181848,-0.03860046,-0.05116595,-0.04181848,-9810.4062,234594.9955,OK,0.0000,294.3122,3.0000,97.0000,AG03-UNRESOLVED,ALL5_LEVELS_bet23_to_bet27,294.3122,294.3122,294.3122,392.4162,490.5203,3.000000,3.000000,3.000000,4.000000,5.000000,97.000000,97.000000,97.000000,96.000000,95.000000,5.0,1765.8731,1644.6383,8044.5331,8165.7679,PENDING_AG03,FALSE,NOT_FOR_ENFORCEMENT,9516.0940,164454.1300,9810.4062,9516.0940,294.3122,0.04181848,0.04056393,294.3122,9516.0940,0.04056393,294.3122,294.3122,294.3122,392.4162,490.5203,9516.0940,0.04056393,1765.8731,1644.6383,8044.5331,8165.7679,0.03429115,0.03480794,0.00125455,11.8178,14.9930,0.8676,208.7320,5.3202,4991.3829,240.5957,12.7170,9.8041,2.5818,2.84,3.3563,4.9054,16.007,177.8754,0.2582,0.0,5.636364,62.633151,4.16126,29,188,6,10,0.74390005,0.04181848,0.03860046,0E-8,0.000000,0.722694,0.000000,0.01256549,2026-05-12,2026-08-02,47,1844,580,83,0.566265,1.297104,1.076088,2.479667,,,,,,,,GLOBAL_BASELINE_NO_ENTITY_RANKING,,,NOT_APPLICABLE_GLOBAL_BASELINE,HF9g-P5,,,,X 全窗基线 · 不参与实体赏罚,15059061,1506,A168_HF9F_20260827_0900,2026-08-27 09:00:00
2026-07-08,17529000,1374,0,66.0935119922,3.2530400433,3.2530400433,0.7000000,23,12,0.49935959409572171,0.499389550000,1.2689623874898606,1.2687728344773737,1.2689623874898606,-0.00002995590427829,ELIGIBLE,R03b_20260811_FULL_v1,L1_ELIGIBILITY,v2026-08-11,2026-03-21..2026-08-06,baccarat_bet02_101_all_pairs_incl_sentinel,round_win = game_pnl > 0 (decisive only),COMPATIBILITY_ONLY_NOT_PRODUCTION,234594.9955,169540.3402,9810.4062,19851,11308,-0.04181848,-0.03860046,-0.05116595,-0.04181848,-9810.4062,234594.9955,OK,0.0000,294.3122,3.0000,97.0000,AG03-UNRESOLVED,ALL5_LEVELS_bet23_to_bet27,294.3122,294.3122,294.3122,392.4162,490.5203,3.000000,3.000000,3.000000,4.000000,5.000000,97.000000,97.000000,97.000000,96.000000,95.000000,5.0,1765.8731,1644.6383,8044.5331,8165.7679,PENDING_AG03,FALSE,NOT_FOR_ENFORCEMENT,9516.0940,164454.1300,9810.4062,9516.0940,294.3122,0.04181848,0.04056393,294.3122,9516.0940,0.04056393,294.3122,294.3122,294.3122,392.4162,490.5203,9516.0940,0.04056393,1765.8731,1644.6383,8044.5331,8165.7679,0.03429115,0.03480794,0.00125455,11.8178,14.9930,0.8676,208.7320,5.3202,4991.3829,240.5957,12.7170,9.8041,2.5818,2.84,3.3563,4.9054,16.007,177.8754,0.2582,0.0,5.636364,62.633151,4.16126,29,188,6,10,0.74390005,0.04181848,0.03860046,0E-8,0.000000,0.722694,0.000000,0.01256549,2026-05-12,2026-08-02,47,1844,580,83,0.566265,1.297104,1.076088,2.479667,,,,,,,,GLOBAL_BASELINE_NO_ENTITY_RANKING,,,NOT_APPLICABLE_GLOBAL_BASELINE,HF9g-P5,,,,X 全窗基线 · 不参与实体赏罚,15059062,1506,A168_HF9F_20260827_0900,2026-08-27 09:00:00
2026-07-08,17529000,1396,0,32.0140448712,1.1230733483,1.1230733483,0.5000000,11,6,0.50138113345756740,0.501065200000,-0.006766170288841847,-0.005218404790175564,-0.006766170288841847,0.00031593345756740,ELIGIBLE,R03b_20260811_FULL_v1,L1_ELIGIBILITY,v2026-08-11,2026-03-21..2026-08-06,baccarat_bet02_101_all_pairs_incl_sentinel,round_win = game_pnl > 0 (decisive only),COMPATIBILITY_ONLY_NOT_PRODUCTION,234594.9955,169540.3402,9810.4062,19851,11308,-0.04181848,-0.03860046,-0.05116595,-0.04181848,-9810.4062,234594.9955,OK,0.0000,294.3122,3.0000,97.0000,AG03-UNRESOLVED,ALL5_LEVELS_bet23_to_bet27,294.3122,294.3122,294.3122,392.4162,490.5203,3.000000,3.000000,3.000000,4.000000,5.000000,97.000000,97.000000,97.000000,96.000000,95.000000,5.0,1765.8731,1644.6383,8044.5331,8165.7679,PENDING_AG03,FALSE,NOT_FOR_ENFORCEMENT,9516.0940,164454.1300,9810.4062,9516.0940,294.3122,0.04181848,0.04056393,294.3122,9516.0940,0.04056393,294.3122,294.3122,294.3122,392.4162,490.5203,9516.0940,0.04056393,1765.8731,1644.6383,8044.5331,8165.7679,0.03429115,0.03480794,0.00125455,11.8178,14.9930,0.8676,208.7320,5.3202,4991.3829,240.5957,12.7170,9.8041,2.5818,2.84,3.3563,4.9054,16.007,177.8754,0.2582,0.0,5.636364,62.633151,4.16126,29,188,6,10,0.74390005,0.04181848,0.03860046,0E-8,0.000000,0.722694,0.000000,0.01256549,2026-05-12,2026-08-02,47,1844,580,83,0.566265,1.297104,1.076088,2.479667,,,,,,,,GLOBAL_BASELINE_NO_ENTITY_RANKING,,,NOT_APPLICABLE_GLOBAL_BASELINE,HF9g-P5,,,,X 全窗基线 · 不参与实体赏罚,15059063,1506,A168_HF9F_20260827_0900,2026-08-27 09:00:00
2026-07-08,17529000,1401,0,45.9556450570,-0.0387266670,-0.0387266670,0.2500000,16,8,0.49984016763285871,0.499948100000,-1.4133094861777253,-1.4139199792546444,-1.4133094861777253,-0.00010793236714129,ELIGIBLE,R03b_20260811_FULL_v1,L1_ELIGIBILITY,v2026-08-11,2026-03-21..2026-08-06,baccarat_bet02_101_all_pairs_incl_sentinel,round_win = game_pnl > 0 (decisive only),COMPATIBILITY_ONLY_NOT_PRODUCTION,234594.9955,169540.3402,9810.4062,19851,11308,-0.04181848,-0.03860046,-0.05116595,-0.04181848,-9810.4062,234594.9955,OK,0.0000,294.3122,3.0000,97.0000,AG03-UNRESOLVED,ALL5_LEVELS_bet23_to_bet27,294.3122,294.3122,294.3122,392.4162,490.5203,3.000000,3.000000,3.000000,4.000000,5.000000,97.000000,97.000000,97.000000,96.000000,95.000000,5.0,1765.8731,1644.6383,8044.5331,8165.7679,PENDING_AG03,FALSE,NOT_FOR_ENFORCEMENT,9516.0940,164454.1300,9810.4062,9516.0940,294.3122,0.04181848,0.04056393,294.3122,9516.0940,0.04056393,294.3122,294.3122,294.3122,392.4162,490.5203,9516.0940,0.04056393,1765.8731,1644.6383,8044.5331,8165.7679,0.03429115,0.03480794,0.00125455,11.8178,14.9930,0.8676,208.7320,5.3202,4991.3829,240.5957,12.7170,9.8041,2.5818,2.84,3.3563,4.9054,16.007,177.8754,0.2582,0.0,5.636364,62.633151,4.16126,29,188,6,10,0.74390005,0.04181848,0.03860046,0E-8,0.000000,0.722694,0.000000,0.01256549,2026-05-12,2026-08-02,47,1844,580,83,0.566265,1.297104,1.076088,2.479667,,,,,,,,GLOBAL_BASELINE_NO_ENTITY_RANKING,,,NOT_APPLICABLE_GLOBAL_BASELINE,HF9g-P5,,,,X 全窗基线 · 不参与实体赏罚,15059064,1506,A168_HF9F_20260827_0900,2026-08-27 09:00:00
2026-07-08,17529000,1402,0,407.4045387653,16.1748379937,16.1748379937,0.3571429,26,16,0.50074429043979914,0.500785925000,-1.0746159179005343,-1.07492761973243,-1.0746159179005343,-0.00004163456020086,ELIGIBLE,R03b_20260811_FULL_v1,L1_ELIGIBILITY,v2026-08-11,2026-03-21..2026-08-06,baccarat_bet02_101_all_pairs_incl_sentinel,round_win = game_pnl > 0 (decisive only),COMPATIBILITY_ONLY_NOT_PRODUCTION,234594.9955,169540.3402,9810.4062,19851,11308,-0.04181848,-0.03860046,-0.05116595,-0.04181848,-9810.4062,234594.9955,OK,0.0000,294.3122,3.0000,97.0000,AG03-UNRESOLVED,ALL5_LEVELS_bet23_to_bet27,294.3122,294.3122,294.3122,392.4162,490.5203,3.000000,3.000000,3.000000,4.000000,5.000000,97.000000,97.000000,97.000000,96.000000,95.000000,5.0,1765.8731,1644.6383,8044.5331,8165.7679,PENDING_AG03,FALSE,NOT_FOR_ENFORCEMENT,9516.0940,164454.1300,9810.4062,9516.0940,294.3122,0.04181848,0.04056393,294.3122,9516.0940,0.04056393,294.3122,294.3122,294.3122,392.4162,490.5203,9516.0940,0.04056393,1765.8731,1644.6383,8044.5331,8165.7679,0.03429115,0.03480794,0.00125455,11.8178,14.9930,0.8676,208.7320,5.3202,4991.3829,240.5957,12.7170,9.8041,2.5818,2.84,3.3563,4.9054,16.007,177.8754,0.2582,0.0,5.636364,62.633151,4.16126,29,188,6,10,0.74390005,0.04181848,0.03860046,0E-8,0.000000,0.722694,0.000000,0.01256549,2026-05-12,2026-08-02,47,1844,580,83,0.566265,1.297104,1.076088,2.479667,,,,,,,,GLOBAL_BASELINE_NO_ENTITY_RANKING,,,NOT_APPLICABLE_GLOBAL_BASELINE,HF9g-P5,,,,X 全窗基线 · 不参与实体赏罚,15059065,1506,A168_HF9F_20260827_0900,2026-08-27 09:00:00
2026-07-08,17529000,1485,0,11.6180001549,0.7745333437,0.7745333437,0.5000000,4,2,0.49954913571426493,0.499948100000,0.001275237293809408,0.00014679536856514622,0.001275237293809408,-0.00039896428573507,ELIGIBLE,R03b_20260811_FULL_v1,L1_ELIGIBILITY,v2026-08-11,2026-03-21..2026-08-06,baccarat_bet02_101_all_pairs_incl_sentinel,round_win = game_pnl > 0 (decisive only),COMPATIBILITY_ONLY_NOT_PRODUCTION,234594.9955,169540.3402,9810.4062,19851,11308,-0.04181848,-0.03860046,-0.05116595,-0.04181848,-9810.4062,234594.9955,OK,0.0000,294.3122,3.0000,97.0000,AG03-UNRESOLVED,ALL5_LEVELS_bet23_to_bet27,294.3122,294.3122,294.3122,392.4162,490.5203,3.000000,3.000000,3.000000,4.000000,5.000000,97.000000,97.000000,97.000000,96.000000,95.000000,5.0,1765.8731,1644.6383,8044.5331,8165.7679,PENDING_AG03,FALSE,NOT_FOR_ENFORCEMENT,9516.0940,164454.1300,9810.4062,9516.0940,294.3122,0.04181848,0.04056393,294.3122,9516.0940,0.04056393,294.3122,294.3122,294.3122,392.4162,490.5203,9516.0940,0.04056393,1765.8731,1644.6383,8044.5331,8165.7679,0.03429115,0.03480794,0.00125455,11.8178,14.9930,0.8676,208.7320,5.3202,4991.3829,240.5957,12.7170,9.8041,2.5818,2.84,3.3563,4.9054,16.007,177.8754,0.2582,0.0,5.636364,62.633151,4.16126,29,188,6,10,0.74390005,0.04181848,0.03860046,0E-8,0.000000,0.722694,0.000000,0.01256549,2026-05-12,2026-08-02,47,1844,580,83,0.566265,1.297104,1.076088,2.479667,,,,,,,,GLOBAL_BASELINE_NO_ENTITY_RANKING,,,NOT_APPLICABLE_GLOBAL_BASELINE,HF9g-P5,,,,X 全窗基线 · 不参与实体赏罚,15059066,1506,A168_HF9F_20260827_0900,2026-08-27 09:00:00
2026-07-08,17529000,1507,0,5.6799111868,-0.5163555624,-0.5163555624,0E-7,2,1,0.50055742727268436,0.499948100000,-1.001115476689104,-0.9998962053866608,-1.001115476689104,0.00060932727268436,ELIGIBLE,R03b_20260811_FULL_v1,L1_ELIGIBILITY,v2026-08-11,2026-03-21..2026-08-06,baccarat_bet02_101_all_pairs_incl_sentinel,round_win = game_pnl > 0 (decisive only),COMPATIBILITY_ONLY_NOT_PRODUCTION,234594.9955,169540.3402,9810.4062,19851,11308,-0.04181848,-0.03860046,-0.05116595,-0.04181848,-9810.4062,234594.9955,OK,0.0000,294.3122,3.0000,97.0000,AG03-UNRESOLVED,ALL5_LEVELS_bet23_to_bet27,294.3122,294.3122,294.3122,392.4162,490.5203,3.000000,3.000000,3.000000,4.000000,5.000000,97.000000,97.000000,97.000000,96.000000,95.000000,5.0,1765.8731,1644.6383,8044.5331,8165.7679,PENDING_AG03,FALSE,NOT_FOR_ENFORCEMENT,9516.0940,164454.1300,9810.4062,9516.0940,294.3122,0.04181848,0.04056393,294.3122,9516.0940,0.04056393,294.3122,294.3122,294.3122,392.4162,490.5203,9516.0940,0.04056393,1765.8731,1644.6383,8044.5331,8165.7679,0.03429115,0.03480794,0.00125455,11.8178,14.9930,0.8676,208.7320,5.3202,4991.3829,240.5957,12.7170,9.8041,2.5818,2.84,3.3563,4.9054,16.007,177.8754,0.2582,0.0,5.636364,62.633151,4.16126,29,188,6,10,0.74390005,0.04181848,0.03860046,0E-8,0.000000,0.722694,0.000000,0.01256549,2026-05-12,2026-08-02,47,1844,580,83,0.566265,1.297104,1.076088,2.479667,,,,,,,,GLOBAL_BASELINE_NO_ENTITY_RANKING,,,NOT_APPLICABLE_GLOBAL_BASELINE,HF9g-P5,,,,X 全窗基线 · 不参与实体赏罚,15059067,1506,A168_HF9F_20260827_0900,2026-08-27 09:00:00
2026-07-08,17529000,1509,0,11.3598223736,0E-10,0E-10,0.5000000,4,2,0.49994810000000000,0.499948100000,0.00014679536856514622,0.00014679536856514622,0.00014679536856514622,0E-17,ELIGIBLE,R03b_20260811_FULL_v1,L1_ELIGIBILITY,v2026-08-11,2026-03-21..2026-08-06,baccarat_bet02_101_all_pairs_incl_sentinel,round_win = game_pnl > 0 (decisive only),COMPATIBILITY_ONLY_NOT_PRODUCTION,234594.9955,169540.3402,9810.4062,19851,11308,-0.04181848,-0.03860046,-0.05116595,-0.04181848,-9810.4062,234594.9955,OK,0.0000,294.3122,3.0000,97.0000,AG03-UNRESOLVED,ALL5_LEVELS_bet23_to_bet27,294.3122,294.3122,294.3122,392.4162,490.5203,3.000000,3.000000,3.000000,4.000000,5.000000,97.000000,97.000000,97.000000,96.000000,95.000000,5.0,1765.8731,1644.6383,8044.5331,8165.7679,PENDING_AG03,FALSE,NOT_FOR_ENFORCEMENT,9516.0940,164454.1300,9810.4062,9516.0940,294.3122,0.04181848,0.04056393,294.3122,9516.0940,0.04056393,294.3122,294.3122,294.3122,392.4162,490.5203,9516.0940,0.04056393,1765.8731,1644.6383,8044.5331,8165.7679,0.03429115,0.03480794,0.00125455,11.8178,14.9930,0.8676,208.7320,5.3202,4991.3829,240.5957,12.7170,9.8041,2.5818,2.84,3.3563,4.9054,16.007,177.8754,0.2582,0.0,5.636364,62.633151,4.16126,29,188,6,10,0.74390005,0.04181848,0.03860046,0E-8,0.000000,0.722694,0.000000,0.01256549,2026-05-12,2026-08-02,47,1844,580,83,0.566265,1.297104,1.076088,2.479667,,,,,,,,GLOBAL_BASELINE_NO_ENTITY_RANKING,,,NOT_APPLICABLE_GLOBAL_BASELINE,HF9g-P5,,,,X 全窗基线 · 不参与实体赏罚,15059068,1506,A168_HF9F_20260827_0900,2026-08-27 09:00:00
2026-07-08,17529000,1957,0,23.2360003098,-0.2969044483,-0.2969044483,0.3333333,8,4,0.50051847700452670,0.499948100000,-0.579146637589052,-0.5771704854251445,-0.579146637589052,0.00057037700452670,ELIGIBLE,R03b_20260811_FULL_v1,L1_ELIGIBILITY,v2026-08-11,2026-03-21..2026-08-06,baccarat_bet02_101_all_pairs_incl_sentinel,round_win = game_pnl > 0 (decisive only),COMPATIBILITY_ONLY_NOT_PRODUCTION,234594.9955,169540.3402,9810.4062,19851,11308,-0.04181848,-0.03860046,-0.05116595,-0.04181848,-9810.4062,234594.9955,OK,0.0000,294.3122,3.0000,97.0000,AG03-UNRESOLVED,ALL5_LEVELS_bet23_to_bet27,294.3122,294.3122,294.3122,392.4162,490.5203,3.000000,3.000000,3.000000,4.000000,5.000000,97.000000,97.000000,97.000000,96.000000,95.000000,5.0,1765.8731,1644.6383,8044.5331,8165.7679,PENDING_AG03,FALSE,NOT_FOR_ENFORCEMENT,9516.0940,164454.1300,9810.4062,9516.0940,294.3122,0.04181848,0.04056393,294.3122,9516.0940,0.04056393,294.3122,294.3122,294.3122,392.4162,490.5203,9516.0940,0.04056393,1765.8731,1644.6383,8044.5331,8165.7679,0.03429115,0.03480794,0.00125455,11.8178,14.9930,0.8676,208.7320,5.3202,4991.3829,240.5957,12.7170,9.8041,2.5818,2.84,3.3563,4.9054,16.007,177.8754,0.2582,0.0,5.636364,62.633151,4.16126,29,188,6,10,0.74390005,0.04181848,0.03860046,0E-8,0.000000,0.722694,0.000000,0.01256549,2026-05-12,2026-08-02,47,1844,580,83,0.566265,1.297104,1.076088,2.479667,,,,,,,,GLOBAL_BASELINE_NO_ENTITY_RANKING,,,NOT_APPLICABLE_GLOBAL_BASELINE,HF9g-P5,,,,X 全窗基线 · 不参与实体赏罚,15059069,1506,A168_HF9F_20260827_0900,2026-08-27 09:00:00
2026-07-08,17529000,2093,0,16.5233779980,0.4776288953,0.4776288953,1.0000000,6,3,0.50036399004326004,0.499948100000,1.4131844175237291,1.4143603653603398,1.4131844175237291,0.00041589004326004,ELIGIBLE,R03b_20260811_FULL_v1,L1_ELIGIBILITY,v2026-08-11,2026-03-21..2026-08-06,baccarat_bet02_101_all_pairs_incl_sentinel,round_win = game_pnl > 0 (decisive only),COMPATIBILITY_ONLY_NOT_PRODUCTION,234594.9955,169540.3402,9810.4062,19851,11308,-0.04181848,-0.03860046,-0.05116595,-0.04181848,-9810.4062,234594.9955,OK,0.0000,294.3122,3.0000,97.0000,AG03-UNRESOLVED,ALL5_LEVELS_bet23_to_bet27,294.3122,294.3122,294.3122,392.4162,490.5203,3.000000,3.000000,3.000000,4.000000,5.000000,97.000000,97.000000,97.000000,96.000000,95.000000,5.0,1765.8731,1644.6383,8044.5331,8165.7679,PENDING_AG03,FALSE,NOT_FOR_ENFORCEMENT,9516.0940,164454.1300,9810.4062,9516.0940,294.3122,0.04181848,0.04056393,294.3122,9516.0940,0.04056393,294.3122,294.3122,294.3122,392.4162,490.5203,9516.0940,0.04056393,1765.8731,1644.6383,8044.5331,8165.7679,0.03429115,0.03480794,0.00125455,11.8178,14.9930,0.8676,208.7320,5.3202,4991.3829,240.5957,12.7170,9.8041,2.5818,2.84,3.3563,4.9054,16.007,177.8754,0.2582,0.0,5.636364,62.633151,4.16126,29,188,6,10,0.74390005,0.04181848,0.03860046,0E-8,0.000000,0.722694,0.000000,0.01256549,2026-05-12,2026-08-02,47,1844,580,83,0.566265,1.297104,1.076088,2.479667,,,,,,,,GLOBAL_BASELINE_NO_ENTITY_RANKING,,,NOT_APPLICABLE_GLOBAL_BASELINE,HF9g-P5,,,,X 全窗基线 · 不参与实体赏罚,15059070,1506,A168_HF9F_20260827_0900,2026-08-27 09:00:00
2026-07-08,17529000,2141,0,97.3330235199,8.2875067773,8.2875067773,0.5000000,29,16,0.50146146422438661,0.501204837500,-0.011691763739553959,-0.009638727983839598,-0.011691763739553959,0.00025662672438661,ELIGIBLE,R03b_20260811_FULL_v1,L1_ELIGIBILITY,v2026-08-11,2026-03-21..2026-08-06,baccarat_bet02_101_all_pairs_incl_sentinel,round_win = game_pnl > 0 (decisive only),COMPATIBILITY_ONLY_NOT_PRODUCTION,234594.9955,169540.3402,9810.4062,19851,11308,-0.04181848,-0.03860046,-0.05116595,-0.04181848,-9810.4062,234594.9955,OK,0.0000,294.3122,3.0000,97.0000,AG03-UNRESOLVED,ALL5_LEVELS_bet23_to_bet27,294.3122,294.3122,294.3122,392.4162,490.5203,3.000000,3.000000,3.000000,4.000000,5.000000,97.000000,97.000000,97.000000,96.000000,95.000000,5.0,1765.8731,1644.6383,8044.5331,8165.7679,PENDING_AG03,FALSE,NOT_FOR_ENFORCEMENT,9516.0940,164454.1300,9810.4062,9516.0940,294.3122,0.04181848,0.04056393,294.3122,9516.0940,0.04056393,294.3122,294.3122,294.3122,392.4162,490.5203,9516.0940,0.04056393,1765.8731,1644.6383,8044.5331,8165.7679,0.03429115,0.03480794,0.00125455,11.8178,14.9930,0.8676,208.7320,5.3202,4991.3829,240.5957,12.7170,9.8041,2.5818,2.84,3.3563,4.9054,16.007,177.8754,0.2582,0.0,5.636364,62.633151,4.16126,29,188,6,10,0.74390005,0.04181848,0.03860046,0E-8,0.000000,0.722694,0.000000,0.01256549,2026-05-12,2026-08-02,47,1844,580,83,0.566265,1.297104,1.076088,2.479667,,,,,,,,GLOBAL_BASELINE_NO_ENTITY_RANKING,,,NOT_APPLICABLE_GLOBAL_BASELINE,HF9g-P5,,,,X 全窗基线 · 不参与实体赏罚,15059071,1506,A168_HF9F_20260827_0900,2026-08-27 09:00:00
2026-07-08,17529000,2142,0,16.7815557793,0.4647200063,0.4647200063,0.6666667,6,3,0.50045229834368269,0.499948100000,0.5757836973473069,0.5775300591747329,0.5757836973473069,0.00050419834368269,ELIGIBLE,R03b_20260811_FULL_v1,L1_ELIGIBILITY,v2026-08-11,2026-03-21..2026-08-06,baccarat_bet02_101_all_pairs_incl_sentinel,round_win = game_pnl > 0 (decisive only),COMPATIBILITY_ONLY_NOT_PRODUCTION,234594.9955,169540.3402,9810.4062,19851,11308,-0.04181848,-0.03860046,-0.05116595,-0.04181848,-9810.4062,234594.9955,OK,0.0000,294.3122,3.0000,97.0000,AG03-UNRESOLVED,ALL5_LEVELS_bet23_to_bet27,294.3122,294.3122,294.3122,392.4162,490.5203,3.000000,3.000000,3.000000,4.000000,5.000000,97.000000,97.000000,97.000000,96.000000,95.000000,5.0,1765.8731,1644.6383,8044.5331,8165.7679,PENDING_AG03,FALSE,NOT_FOR_ENFORCEMENT,9516.0940,164454.1300,9810.4062,9516.0940,294.3122,0.04181848,0.04056393,294.3122,9516.0940,0.04056393,294.3122,294.3122,294.3122,392.4162,490.5203,9516.0940,0.04056393,1765.8731,1644.6383,8044.5331,8165.7679,0.03429115,0.03480794,0.00125455,11.8178,14.9930,0.8676,208.7320,5.3202,4991.3829,240.5957,12.7170,9.8041,2.5818,2.84,3.3563,4.9054,16.007,177.8754,0.2582,0.0,5.636364,62.633151,4.16126,29,188,6,10,0.74390005,0.04181848,0.03860046,0E-8,0.000000,0.722694,0.000000,0.01256549,2026-05-12,2026-08-02,47,1844,580,83,0.566265,1.297104,1.076088,2.479667,,,,,,,,GLOBAL_BASELINE_NO_ENTITY_RANKING,,,NOT_APPLICABLE_GLOBAL_BASELINE,HF9g-P5,,,,X 全窗基线 · 不参与实体赏罚,15059072,1506,A168_HF9F_20260827_0900,2026-08-27 09:00:00
2026-07-08,17529000,2152,0,17.8142669042,5.9768156353,5.9768156353,0.6666667,5,3,0.50275777575756746,0.502182300000,0.5678056904953782,0.5697959874915164,0.5678056904953782,0.00057547575756746,ELIGIBLE,R03b_20260811_FULL_v1,L1_ELIGIBILITY,v2026-08-11,2026-03-21..2026-08-06,baccarat_bet02_101_all_pairs_incl_sentinel,round_win = game_pnl > 0 (decisive only),COMPATIBILITY_ONLY_NOT_PRODUCTION,234594.9955,169540.3402,9810.4062,19851,11308,-0.04181848,-0.03860046,-0.05116595,-0.04181848,-9810.4062,234594.9955,OK,0.0000,294.3122,3.0000,97.0000,AG03-UNRESOLVED,ALL5_LEVELS_bet23_to_bet27,294.3122,294.3122,294.3122,392.4162,490.5203,3.000000,3.000000,3.000000,4.000000,5.000000,97.000000,97.000000,97.000000,96.000000,95.000000,5.0,1765.8731,1644.6383,8044.5331,8165.7679,PENDING_AG03,FALSE,NOT_FOR_ENFORCEMENT,9516.0940,164454.1300,9810.4062,9516.0940,294.3122,0.04181848,0.04056393,294.3122,9516.0940,0.04056393,294.3122,294.3122,294.3122,392.4162,490.5203,9516.0940,0.04056393,1765.8731,1644.6383,8044.5331,8165.7679,0.03429115,0.03480794,0.00125455,11.8178,14.9930,0.8676,208.7320,5.3202,4991.3829,240.5957,12.7170,9.8041,2.5818,2.84,3.3563,4.9054,16.007,177.8754,0.2582,0.0,5.636364,62.633151,4.16126,29,188,6,10,0.74390005,0.04181848,0.03860046,0E-8,0.000000,0.722694,0.000000,0.01256549,2026-05-12,2026-08-02,47,1844,580,83,0.566265,1.297104,1.076088,2.479667,,,,,,,,GLOBAL_BASELINE_NO_ENTITY_RANKING,,,NOT_APPLICABLE_GLOBAL_BASELINE,HF9g-P5,,,,X 全窗基线 · 不参与实体赏罚,15059073,1506,A168_HF9F_20260827_0900,2026-08-27 09:00:00
2026-07-08,17529000,2162,0,35.3703560272,0.9165311233,0.9165311233,0.4000000,11,6,0.50199104147699978,0.501065200000,-0.45612142004665907,-0.4519783403957753,-0.45612142004665907,0.00092584147699978,ELIGIBLE,R03b_20260811_FULL_v1,L1_ELIGIBILITY,v2026-08-11,2026-03-21..2026-08-06,baccarat_bet02_101_all_pairs_incl_sentinel,round_win = game_pnl > 0 (decisive only),COMPATIBILITY_ONLY_NOT_PRODUCTION,234594.9955,169540.3402,9810.4062,19851,11308,-0.04181848,-0.03860046,-0.05116595,-0.04181848,-9810.4062,234594.9955,OK,0.0000,294.3122,3.0000,97.0000,AG03-UNRESOLVED,ALL5_LEVELS_bet23_to_bet27,294.3122,294.3122,294.3122,392.4162,490.5203,3.000000,3.000000,3.000000,4.000000,5.000000,97.000000,97.000000,97.000000,96.000000,95.000000,5.0,1765.8731,1644.6383,8044.5331,8165.7679,PENDING_AG03,FALSE,NOT_FOR_ENFORCEMENT,9516.0940,164454.1300,9810.4062,9516.0940,294.3122,0.04181848,0.04056393,294.3122,9516.0940,0.04056393,294.3122,294.3122,294.3122,392.4162,490.5203,9516.0940,0.04056393,1765.8731,1644.6383,8044.5331,8165.7679,0.03429115,0.03480794,0.00125455,11.8178,14.9930,0.8676,208.7320,5.3202,4991.3829,240.5957,12.7170,9.8041,2.5818,2.84,3.3563,4.9054,16.007,177.8754,0.2582,0.0,5.636364,62.633151,4.16126,29,188,6,10,0.74390005,0.04181848,0.03860046,0E-8,0.000000,0.722694,0.000000,0.01256549,2026-05-12,2026-08-02,47,1844,580,83,0.566265,1.297104,1.076088,2.479667,,,,,,,,GLOBAL_BASELINE_NO_ENTITY_RANKING,,,NOT_APPLICABLE_GLOBAL_BASELINE,HF9g-P5,,,,X 全窗基线 · 不参与实体赏罚,15059074,1506,A168_HF9F_20260827_0900,2026-08-27 09:00:00
2026-07-08,17529000,2169,0,68.1589342420,18.4597113572,18.4597113572,0.2857143,11,7,0.49875602004535476,0.498990585714,-1.1273143848479432,-1.1285544004958228,-1.1273143848479432,-0.00023456566864524,ELIGIBLE,R03b_20260811_FULL_v1,L1_ELIGIBILITY,v2026-08-11,2026-03-21..2026-08-06,baccarat_bet02_101_all_pairs_incl_sentinel,round_win = game_pnl > 0 (decisive only),COMPATIBILITY_ONLY_NOT_PRODUCTION,234594.9955,169540.3402,9810.4062,19851,11308,-0.04181848,-0.03860046,-0.05116595,-0.04181848,-9810.4062,234594.9955,OK,0.0000,294.3122,3.0000,97.0000,AG03-UNRESOLVED,ALL5_LEVELS_bet23_to_bet27,294.3122,294.3122,294.3122,392.4162,490.5203,3.000000,3.000000,3.000000,4.000000,5.000000,97.000000,97.000000,97.000000,96.000000,95.000000,5.0,1765.8731,1644.6383,8044.5331,8165.7679,PENDING_AG03,FALSE,NOT_FOR_ENFORCEMENT,9516.0940,164454.1300,9810.4062,9516.0940,294.3122,0.04181848,0.04056393,294.3122,9516.0940,0.04056393,294.3122,294.3122,294.3122,392.4162,490.5203,9516.0940,0.04056393,1765.8731,1644.6383,8044.5331,8165.7679,0.03429115,0.03480794,0.00125455,11.8178,14.9930,0.8676,208.7320,5.3202,4991.3829,240.5957,12.7170,9.8041,2.5818,2.84,3.3563,4.9054,16.007,177.8754,0.2582,0.0,5.636364,62.633151,4.16126,29,188,6,10,0.74390005,0.04181848,0.03860046,0E-8,0.000000,0.722694,0.000000,0.01256549,2026-05-12,2026-08-02,47,1844,580,83,0.566265,1.297104,1.076088,2.479667,,,,,,,,GLOBAL_BASELINE_NO_ENTITY_RANKING,,,NOT_APPLICABLE_GLOBAL_BASELINE,HF9g-P5,,,,X 全窗基线 · 不参与实体赏罚,15059075,1506,A168_HF9F_20260827_0900,2026-08-27 09:00:00
2026-07-08,17529000,2174,0,109.2092014558,0.2581777816,0.2581777816,0.5000000,38,19,0.50012619357001257,0.499948100000,-0.0010707879832805374,0.0004403861056954386,-0.0010707879832805374,0.00017809357001257,ELIGIBLE,R03b_20260811_FULL_v1,L1_ELIGIBILITY,v2026-08-11,2026-03-21..2026-08-06,baccarat_bet02_101_all_pairs_incl_sentinel,round_win = game_pnl > 0 (decisive only),COMPATIBILITY_ONLY_NOT_PRODUCTION,234594.9955,169540.3402,9810.4062,19851,11308,-0.04181848,-0.03860046,-0.05116595,-0.04181848,-9810.4062,234594.9955,OK,0.0000,294.3122,3.0000,97.0000,AG03-UNRESOLVED,ALL5_LEVELS_bet23_to_bet27,294.3122,294.3122,294.3122,392.4162,490.5203,3.000000,3.000000,3.000000,4.000000,5.000000,97.000000,97.000000,97.000000,96.000000,95.000000,5.0,1765.8731,1644.6383,8044.5331,8165.7679,PENDING_AG03,FALSE,NOT_FOR_ENFORCEMENT,9516.0940,164454.1300,9810.4062,9516.0940,294.3122,0.04181848,0.04056393,294.3122,9516.0940,0.04056393,294.3122,294.3122,294.3122,392.4162,490.5203,9516.0940,0.04056393,1765.8731,1644.6383,8044.5331,8165.7679,0.03429115,0.03480794,0.00125455,11.8178,14.9930,0.8676,208.7320,5.3202,4991.3829,240.5957,12.7170,9.8041,2.5818,2.84,3.3563,4.9054,16.007,177.8754,0.2582,0.0,5.636364,62.633151,4.16126,29,188,6,10,0.74390005,0.04181848,0.03860046,0E-8,0.000000,0.722694,0.000000,0.01256549,2026-05-12,2026-08-02,47,1844,580,83,0.566265,1.297104,1.076088,2.479667,,,,,,,,GLOBAL_BASELINE_NO_ENTITY_RANKING,,,NOT_APPLICABLE_GLOBAL_BASELINE,HF9g-P5,,,,X 全窗基线 · 不参与实体赏罚,15059076,1506,A168_HF9F_20260827_0900,2026-08-27 09:00:00
2026-07-08,17529000,2177,0,15.2324890920,-2.0654222498,-2.0654222498,0E-7,5,3,0.50292055739131743,0.502182300000,-1.4224984131678255,-1.4203995680682369,-1.4224984131678255,0.00073825739131743,ELIGIBLE,R03b_20260811_FULL_v1,L1_ELIGIBILITY,v2026-08-11,2026-03-21..2026-08-06,baccarat_bet02_101_all_pairs_incl_sentinel,round_win = game_pnl > 0 (decisive only),COMPATIBILITY_ONLY_NOT_PRODUCTION,234594.9955,169540.3402,9810.4062,19851,11308,-0.04181848,-0.03860046,-0.05116595,-0.04181848,-9810.4062,234594.9955,OK,0.0000,294.3122,3.0000,97.0000,AG03-UNRESOLVED,ALL5_LEVELS_bet23_to_bet27,294.3122,294.3122,294.3122,392.4162,490.5203,3.000000,3.000000,3.000000,4.000000,5.000000,97.000000,97.000000,97.000000,96.000000,95.000000,5.0,1765.8731,1644.6383,8044.5331,8165.7679,PENDING_AG03,FALSE,NOT_FOR_ENFORCEMENT,9516.0940,164454.1300,9810.4062,9516.0940,294.3122,0.04181848,0.04056393,294.3122,9516.0940,0.04056393,294.3122,294.3122,294.3122,392.4162,490.5203,9516.0940,0.04056393,1765.8731,1644.6383,8044.5331,8165.7679,0.03429115,0.03480794,0.00125455,11.8178,14.9930,0.8676,208.7320,5.3202,4991.3829,240.5957,12.7170,9.8041,2.5818,2.84,3.3563,4.9054,16.007,177.8754,0.2582,0.0,5.636364,62.633151,4.16126,29,188,6,10,0.74390005,0.04181848,0.03860046,0E-8,0.000000,0.722694,0.000000,0.01256549,2026-05-12,2026-08-02,47,1844,580,83,0.566265,1.297104,1.076088,2.479667,,,,,,,,GLOBAL_BASELINE_NO_ENTITY_RANKING,,,NOT_APPLICABLE_GLOBAL_BASELINE,HF9g-P5,,,,X 全窗基线 · 不参与实体赏罚,15059077,1506,A168_HF9F_20260827_0900,2026-08-27 09:00:00
2026-07-08,17529000,2196,0,86.2313789272,3.0594067076,3.0594067076,0.6153846,30,15,0.49993395758922655,0.499948100000,0.8325265401969371,0.832424555044691,0.8325265401969371,-0.00001414241077345,ELIGIBLE,R03b_20260811_FULL_v1,L1_ELIGIBILITY,v2026-08-11,2026-03-21..2026-08-06,baccarat_bet02_101_all_pairs_incl_sentinel,round_win = game_pnl > 0 (decisive only),COMPATIBILITY_ONLY_NOT_PRODUCTION,234594.9955,169540.3402,9810.4062,19851,11308,-0.04181848,-0.03860046,-0.05116595,-0.04181848,-9810.4062,234594.9955,OK,0.0000,294.3122,3.0000,97.0000,AG03-UNRESOLVED,ALL5_LEVELS_bet23_to_bet27,294.3122,294.3122,294.3122,392.4162,490.5203,3.000000,3.000000,3.000000,4.000000,5.000000,97.000000,97.000000,97.000000,96.000000,95.000000,5.0,1765.8731,1644.6383,8044.5331,8165.7679,PENDING_AG03,FALSE,NOT_FOR_ENFORCEMENT,9516.0940,164454.1300,9810.4062,9516.0940,294.3122,0.04181848,0.04056393,294.3122,9516.0940,0.04056393,294.3122,294.3122,294.3122,392.4162,490.5203,9516.0940,0.04056393,1765.8731,1644.6383,8044.5331,8165.7679,0.03429115,0.03480794,0.00125455,11.8178,14.9930,0.8676,208.7320,5.3202,4991.3829,240.5957,12.7170,9.8041,2.5818,2.84,3.3563,4.9054,16.007,177.8754,0.2582,0.0,5.636364,62.633151,4.16126,29,188,6,10,0.74390005,0.04181848,0.03860046,0E-8,0.000000,0.722694,0.000000,0.01256549,2026-05-12,2026-08-02,47,1844,580,83,0.566265,1.297104,1.076088,2.479667,,,,,,,,GLOBAL_BASELINE_NO_ENTITY_RANKING,,,NOT_APPLICABLE_GLOBAL_BASELINE,HF9g-P5,,,,X 全窗基线 · 不参与实体赏罚,15059078,1506,A168_HF9F_20260827_0900,2026-08-27 09:00:00
2026-07-08,17529000,2201,0,41.3084449951,0.8648955672,0.8648955672,0.4285714,14,7,0.50064538314089531,0.499948100000,-0.381379837295886,-0.377689846057837,-0.381379837295886,0.00069728314089531,ELIGIBLE,R03b_20260811_FULL_v1,L1_ELIGIBILITY,v2026-08-11,2026-03-21..2026-08-06,baccarat_bet02_101_all_pairs_incl_sentinel,round_win = game_pnl > 0 (decisive only),COMPATIBILITY_ONLY_NOT_PRODUCTION,234594.9955,169540.3402,9810.4062,19851,11308,-0.04181848,-0.03860046,-0.05116595,-0.04181848,-9810.4062,234594.9955,OK,0.0000,294.3122,3.0000,97.0000,AG03-UNRESOLVED,ALL5_LEVELS_bet23_to_bet27,294.3122,294.3122,294.3122,392.4162,490.5203,3.000000,3.000000,3.000000,4.000000,5.000000,97.000000,97.000000,97.000000,96.000000,95.000000,5.0,1765.8731,1644.6383,8044.5331,8165.7679,PENDING_AG03,FALSE,NOT_FOR_ENFORCEMENT,9516.0940,164454.1300,9810.4062,9516.0940,294.3122,0.04181848,0.04056393,294.3122,9516.0940,0.04056393,294.3122,294.3122,294.3122,392.4162,490.5203,9516.0940,0.04056393,1765.8731,1644.6383,8044.5331,8165.7679,0.03429115,0.03480794,0.00125455,11.8178,14.9930,0.8676,208.7320,5.3202,4991.3829,240.5957,12.7170,9.8041,2.5818,2.84,3.3563,4.9054,16.007,177.8754,0.2582,0.0,5.636364,62.633151,4.16126,29,188,6,10,0.74390005,0.04181848,0.03860046,0E-8,0.000000,0.722694,0.000000,0.01256549,2026-05-12,2026-08-02,47,1844,580,83,0.566265,1.297104,1.076088,2.479667,,,,,,,,GLOBAL_BASELINE_NO_ENTITY_RANKING,,,NOT_APPLICABLE_GLOBAL_BASELINE,HF9g-P5,,,,X 全窗基线 · 不参与实体赏罚,15059079,1506,A168_HF9F_20260827_0900,2026-08-27 09:00:00
2026-07-08,17529000,2209,0,38.7266671828,0.9681666796,0.9681666796,0.8000000,14,7,0.50003514675324062,0.499948100000,1.3414836087552586,1.3418728975849028,1.3414836087552586,0.00008704675324062,ELIGIBLE,R03b_20260811_FULL_v1,L1_ELIGIBILITY,v2026-08-11,2026-03-21..2026-08-06,baccarat_bet02_101_all_pairs_incl_sentinel,round_win = game_pnl > 0 (decisive only),COMPATIBILITY_ONLY_NOT_PRODUCTION,234594.9955,169540.3402,9810.4062,19851,11308,-0.04181848,-0.03860046,-0.05116595,-0.04181848,-9810.4062,234594.9955,OK,0.0000,294.3122,3.0000,97.0000,AG03-UNRESOLVED,ALL5_LEVELS_bet23_to_bet27,294.3122,294.3122,294.3122,392.4162,490.5203,3.000000,3.000000,3.000000,4.000000,5.000000,97.000000,97.000000,97.000000,96.000000,95.000000,5.0,1765.8731,1644.6383,8044.5331,8165.7679,PENDING_AG03,FALSE,NOT_FOR_ENFORCEMENT,9516.0940,164454.1300,9810.4062,9516.0940,294.3122,0.04181848,0.04056393,294.3122,9516.0940,0.04056393,294.3122,294.3122,294.3122,392.4162,490.5203,9516.0940,0.04056393,1765.8731,1644.6383,8044.5331,8165.7679,0.03429115,0.03480794,0.00125455,11.8178,14.9930,0.8676,208.7320,5.3202,4991.3829,240.5957,12.7170,9.8041,2.5818,2.84,3.3563,4.9054,16.007,177.8754,0.2582,0.0,5.636364,62.633151,4.16126,29,188,6,10,0.74390005,0.04181848,0.03860046,0E-8,0.000000,0.722694,0.000000,0.01256549,2026-05-12,2026-08-02,47,1844,580,83,0.566265,1.297104,1.076088,2.479667,,,,,,,,GLOBAL_BASELINE_NO_ENTITY_RANKING,,,NOT_APPLICABLE_GLOBAL_BASELINE,HF9g-P5,,,,X 全窗基线 · 不参与实体赏罚,15059080,1506,A168_HF9F_20260827_0900,2026-08-27 09:00:00
2026-07-08,17529000,2212,0,17.2979113417,0.1290888907,0.1290888907,0.3333333,6,3,0.49947901471861516,0.499948100000,-0.5755458356708228,-0.5771704854251445,-0.5755458356708228,-0.00046908528138484,ELIGIBLE,R03b_20260811_FULL_v1,L1_ELIGIBILITY,v2026-08-11,2026-03-21..2026-08-06,baccarat_bet02_101_all_pairs_incl_sentinel,round_win = game_pnl > 0 (decisive only),COMPATIBILITY_ONLY_NOT_PRODUCTION,234594.9955,169540.3402,9810.4062,19851,11308,-0.04181848,-0.03860046,-0.05116595,-0.04181848,-9810.4062,234594.9955,OK,0.0000,294.3122,3.0000,97.0000,AG03-UNRESOLVED,ALL5_LEVELS_bet23_to_bet27,294.3122,294.3122,294.3122,392.4162,490.5203,3.000000,3.000000,3.000000,4.000000,5.000000,97.000000,97.000000,97.000000,96.000000,95.000000,5.0,1765.8731,1644.6383,8044.5331,8165.7679,PENDING_AG03,FALSE,NOT_FOR_ENFORCEMENT,9516.0940,164454.1300,9810.4062,9516.0940,294.3122,0.04181848,0.04056393,294.3122,9516.0940,0.04056393,294.3122,294.3122,294.3122,392.4162,490.5203,9516.0940,0.04056393,1765.8731,1644.6383,8044.5331,8165.7679,0.03429115,0.03480794,0.00125455,11.8178,14.9930,0.8676,208.7320,5.3202,4991.3829,240.5957,12.7170,9.8041,2.5818,2.84,3.3563,4.9054,16.007,177.8754,0.2582,0.0,5.636364,62.633151,4.16126,29,188,6,10,0.74390005,0.04181848,0.03860046,0E-8,0.000000,0.722694,0.000000,0.01256549,2026-05-12,2026-08-02,47,1844,580,83,0.566265,1.297104,1.076088,2.479667,,,,,,,,GLOBAL_BASELINE_NO_ENTITY_RANKING,,,NOT_APPLICABLE_GLOBAL_BASELINE,HF9g-P5,,,,X 全窗基线 · 不参与实体赏罚,15059081,1506,A168_HF9F_20260827_0900,2026-08-27 09:00:00
2026-07-08,17529000,2216,0,40.5339116515,-2.3623266981,-2.3623266981,0.5000000,13,7,0.50144608711604756,0.500905614286,-0.007084380745180652,-0.004436593086186165,-0.007084380745180652,0.00054047283004756,ELIGIBLE,R03b_20260811_FULL_v1,L1_ELIGIBILITY,v2026-08-11,2026-03-21..2026-08-06,baccarat_bet02_101_all_pairs_incl_sentinel,round_win = game_pnl > 0 (decisive only),COMPATIBILITY_ONLY_NOT_PRODUCTION,234594.9955,169540.3402,9810.4062,19851,11308,-0.04181848,-0.03860046,-0.05116595,-0.04181848,-9810.4062,234594.9955,OK,0.0000,294.3122,3.0000,97.0000,AG03-UNRESOLVED,ALL5_LEVELS_bet23_to_bet27,294.3122,294.3122,294.3122,392.4162,490.5203,3.000000,3.000000,3.000000,4.000000,5.000000,97.000000,97.000000,97.000000,96.000000,95.000000,5.0,1765.8731,1644.6383,8044.5331,8165.7679,PENDING_AG03,FALSE,NOT_FOR_ENFORCEMENT,9516.0940,164454.1300,9810.4062,9516.0940,294.3122,0.04181848,0.04056393,294.3122,9516.0940,0.04056393,294.3122,294.3122,294.3122,392.4162,490.5203,9516.0940,0.04056393,1765.8731,1644.6383,8044.5331,8165.7679,0.03429115,0.03480794,0.00125455,11.8178,14.9930,0.8676,208.7320,5.3202,4991.3829,240.5957,12.7170,9.8041,2.5818,2.84,3.3563,4.9054,16.007,177.8754,0.2582,0.0,5.636364,62.633151,4.16126,29,188,6,10,0.74390005,0.04181848,0.03860046,0E-8,0.000000,0.722694,0.000000,0.01256549,2026-05-12,2026-08-02,47,1844,580,83,0.566265,1.297104,1.076088,2.479667,,,,,,,,GLOBAL_BASELINE_NO_ENTITY_RANKING,,,NOT_APPLICABLE_GLOBAL_BASELINE,HF9g-P5,,,,X 全窗基线 · 不参与实体赏罚,15059082,1506,A168_HF9F_20260827_0900,2026-08-27 09:00:00
2026-07-08,17529000,2220,0,6.4544445305,1.2908889061,1.2908889061,1.0000000,2,1,0.49860758000000000,0.499948100000,1.002788728488212,1.0001038053877793,1.002788728488212,-0.00134052000000000,ELIGIBLE,R03b_20260811_FULL_v1,L1_ELIGIBILITY,v2026-08-11,2026-03-21..2026-08-06,baccarat_bet02_101_all_pairs_incl_sentinel,round_win = game_pnl > 0 (decisive only),COMPATIBILITY_ONLY_NOT_PRODUCTION,234594.9955,169540.3402,9810.4062,19851,11308,-0.04181848,-0.03860046,-0.05116595,-0.04181848,-9810.4062,234594.9955,OK,0.0000,294.3122,3.0000,97.0000,AG03-UNRESOLVED,ALL5_LEVELS_bet23_to_bet27,294.3122,294.3122,294.3122,392.4162,490.5203,3.000000,3.000000,3.000000,4.000000,5.000000,97.000000,97.000000,97.000000,96.000000,95.000000,5.0,1765.8731,1644.6383,8044.5331,8165.7679,PENDING_AG03,FALSE,NOT_FOR_ENFORCEMENT,9516.0940,164454.1300,9810.4062,9516.0940,294.3122,0.04181848,0.04056393,294.3122,9516.0940,0.04056393,294.3122,294.3122,294.3122,392.4162,490.5203,9516.0940,0.04056393,1765.8731,1644.6383,8044.5331,8165.7679,0.03429115,0.03480794,0.00125455,11.8178,14.9930,0.8676,208.7320,5.3202,4991.3829,240.5957,12.7170,9.8041,2.5818,2.84,3.3563,4.9054,16.007,177.8754,0.2582,0.0,5.636364,62.633151,4.16126,29,188,6,10,0.74390005,0.04181848,0.03860046,0E-8,0.000000,0.722694,0.000000,0.01256549,2026-05-12,2026-08-02,47,1844,580,83,0.566265,1.297104,1.076088,2.479667,,,,,,,,GLOBAL_BASELINE_NO_ENTITY_RANKING,,,NOT_APPLICABLE_GLOBAL_BASELINE,HF9g-P5,,,,X 全窗基线 · 不参与实体赏罚,15059083,1506,A168_HF9F_20260827_0900,2026-08-27 09:00:00
2026-07-08,17529000,2229,0,29.9486226215,0.9165311233,0.9165311233,0.5000000,10,5,0.50083104283204389,0.499948100000,-0.0033241759197445127,0.00020760000111838688,-0.0033241759197445127,0.00088294283204389,ELIGIBLE,R03b_20260811_FULL_v1,L1_ELIGIBILITY,v2026-08-11,2026-03-21..2026-08-06,baccarat_bet02_101_all_pairs_incl_sentinel,round_win = game_pnl > 0 (decisive only),COMPATIBILITY_ONLY_NOT_PRODUCTION,234594.9955,169540.3402,9810.4062,19851,11308,-0.04181848,-0.03860046,-0.05116595,-0.04181848,-9810.4062,234594.9955,OK,0.0000,294.3122,3.0000,97.0000,AG03-UNRESOLVED,ALL5_LEVELS_bet23_to_bet27,294.3122,294.3122,294.3122,392.4162,490.5203,3.000000,3.000000,3.000000,4.000000,5.000000,97.000000,97.000000,97.000000,96.000000,95.000000,5.0,1765.8731,1644.6383,8044.5331,8165.7679,PENDING_AG03,FALSE,NOT_FOR_ENFORCEMENT,9516.0940,164454.1300,9810.4062,9516.0940,294.3122,0.04181848,0.04056393,294.3122,9516.0940,0.04056393,294.3122,294.3122,294.3122,392.4162,490.5203,9516.0940,0.04056393,1765.8731,1644.6383,8044.5331,8165.7679,0.03429115,0.03480794,0.00125455,11.8178,14.9930,0.8676,208.7320,5.3202,4991.3829,240.5957,12.7170,9.8041,2.5818,2.84,3.3563,4.9054,16.007,177.8754,0.2582,0.0,5.636364,62.633151,4.16126,29,188,6,10,0.74390005,0.04181848,0.03860046,0E-8,0.000000,0.722694,0.000000,0.01256549,2026-05-12,2026-08-02,47,1844,580,83,0.566265,1.297104,1.076088,2.479667,,,,,,,,GLOBAL_BASELINE_NO_ENTITY_RANKING,,,NOT_APPLICABLE_GLOBAL_BASELINE,HF9g-P5,,,,X 全窗基线 · 不参与实体赏罚,15059084,1506,A168_HF9F_20260827_0900,2026-08-27 09:00:00
2026-07-08,17529000,2246,0,230.2945808480,3.5241267140,3.5241267140,0.5151515,74,39,0.49973718570114050,0.499604376923,0.17709718682879383,0.17862307497150867,0.17709718682879383,0.00013280877814050,ELIGIBLE,R03b_20260811_FULL_v1,L1_ELIGIBILITY,v2026-08-11,2026-03-21..2026-08-06,baccarat_bet02_101_all_pairs_incl_sentinel,round_win = game_pnl > 0 (decisive only),COMPATIBILITY_ONLY_NOT_PRODUCTION,234594.9955,169540.3402,9810.4062,19851,11308,-0.04181848,-0.03860046,-0.05116595,-0.04181848,-9810.4062,234594.9955,OK,0.0000,294.3122,3.0000,97.0000,AG03-UNRESOLVED,ALL5_LEVELS_bet23_to_bet27,294.3122,294.3122,294.3122,392.4162,490.5203,3.000000,3.000000,3.000000,4.000000,5.000000,97.000000,97.000000,97.000000,96.000000,95.000000,5.0,1765.8731,1644.6383,8044.5331,8165.7679,PENDING_AG03,FALSE,NOT_FOR_ENFORCEMENT,9516.0940,164454.1300,9810.4062,9516.0940,294.3122,0.04181848,0.04056393,294.3122,9516.0940,0.04056393,294.3122,294.3122,294.3122,392.4162,490.5203,9516.0940,0.04056393,1765.8731,1644.6383,8044.5331,8165.7679,0.03429115,0.03480794,0.00125455,11.8178,14.9930,0.8676,208.7320,5.3202,4991.3829,240.5957,12.7170,9.8041,2.5818,2.84,3.3563,4.9054,16.007,177.8754,0.2582,0.0,5.636364,62.633151,4.16126,29,188,6,10,0.74390005,0.04181848,0.03860046,0E-8,0.000000,0.722694,0.000000,0.01256549,2026-05-12,2026-08-02,47,1844,580,83,0.566265,1.297104,1.076088,2.479667,,,,,,,,GLOBAL_BASELINE_NO_ENTITY_RANKING,,,NOT_APPLICABLE_GLOBAL_BASELINE,HF9g-P5,,,,X 全窗基线 · 不参与实体赏罚,15059085,1506,A168_HF9F_20260827_0900,2026-08-27 09:00:00
2026-07-08,17529000,2252,0,158.5211576690,14.9097668657,14.9097668657,0.5000000,28,18,0.50219185972394711,0.502182300000,-0.01859872519722636,-0.018517605921566614,-0.01859872519722636,0.00000955972394711,ELIGIBLE,R03b_20260811_FULL_v1,L1_ELIGIBILITY,v2026-08-11,2026-03-21..2026-08-06,baccarat_bet02_101_all_pairs_incl_sentinel,round_win = game_pnl > 0 (decisive only),COMPATIBILITY_ONLY_NOT_PRODUCTION,234594.9955,169540.3402,9810.4062,19851,11308,-0.04181848,-0.03860046,-0.05116595,-0.04181848,-9810.4062,234594.9955,OK,0.0000,294.3122,3.0000,97.0000,AG03-UNRESOLVED,ALL5_LEVELS_bet23_to_bet27,294.3122,294.3122,294.3122,392.4162,490.5203,3.000000,3.000000,3.000000,4.000000,5.000000,97.000000,97.000000,97.000000,96.000000,95.000000,5.0,1765.8731,1644.6383,8044.5331,8165.7679,PENDING_AG03,FALSE,NOT_FOR_ENFORCEMENT,9516.0940,164454.1300,9810.4062,9516.0940,294.3122,0.04181848,0.04056393,294.3122,9516.0940,0.04056393,294.3122,294.3122,294.3122,392.4162,490.5203,9516.0940,0.04056393,1765.8731,1644.6383,8044.5331,8165.7679,0.03429115,0.03480794,0.00125455,11.8178,14.9930,0.8676,208.7320,5.3202,4991.3829,240.5957,12.7170,9.8041,2.5818,2.84,3.3563,4.9054,16.007,177.8754,0.2582,0.0,5.636364,62.633151,4.16126,29,188,6,10,0.74390005,0.04181848,0.03860046,0E-8,0.000000,0.722694,0.000000,0.01256549,2026-05-12,2026-08-02,47,1844,580,83,0.566265,1.297104,1.076088,2.479667,,,,,,,,GLOBAL_BASELINE_NO_ENTITY_RANKING,,,NOT_APPLICABLE_GLOBAL_BASELINE,HF9g-P5,,,,X 全窗基线 · 不参与实体赏罚,15059086,1506,A168_HF9F_20260827_0900,2026-08-27 09:00:00
2026-07-08,17529000,2267,0,22.9778225286,10.5207445847,10.5207445847,0.6666667,5,3,0.50236732691513481,0.502182300000,0.569155987604874,0.5697959874915164,0.569155987604874,0.00018502691513481,ELIGIBLE,R03b_20260811_FULL_v1,L1_ELIGIBILITY,v2026-08-11,2026-03-21..2026-08-06,baccarat_bet02_101_all_pairs_incl_sentinel,round_win = game_pnl > 0 (decisive only),COMPATIBILITY_ONLY_NOT_PRODUCTION,234594.9955,169540.3402,9810.4062,19851,11308,-0.04181848,-0.03860046,-0.05116595,-0.04181848,-9810.4062,234594.9955,OK,0.0000,294.3122,3.0000,97.0000,AG03-UNRESOLVED,ALL5_LEVELS_bet23_to_bet27,294.3122,294.3122,294.3122,392.4162,490.5203,3.000000,3.000000,3.000000,4.000000,5.000000,97.000000,97.000000,97.000000,96.000000,95.000000,5.0,1765.8731,1644.6383,8044.5331,8165.7679,PENDING_AG03,FALSE,NOT_FOR_ENFORCEMENT,9516.0940,164454.1300,9810.4062,9516.0940,294.3122,0.04181848,0.04056393,294.3122,9516.0940,0.04056393,294.3122,294.3122,294.3122,392.4162,490.5203,9516.0940,0.04056393,1765.8731,1644.6383,8044.5331,8165.7679,0.03429115,0.03480794,0.00125455,11.8178,14.9930,0.8676,208.7320,5.3202,4991.3829,240.5957,12.7170,9.8041,2.5818,2.84,3.3563,4.9054,16.007,177.8754,0.2582,0.0,5.636364,62.633151,4.16126,29,188,6,10,0.74390005,0.04181848,0.03860046,0E-8,0.000000,0.722694,0.000000,0.01256549,2026-05-12,2026-08-02,47,1844,580,83,0.566265,1.297104,1.076088,2.479667,,,,,,,,GLOBAL_BASELINE_NO_ENTITY_RANKING,,,NOT_APPLICABLE_GLOBAL_BASELINE,HF9g-P5,,,,X 全窗基线 · 不参与实体赏罚,15059087,1506,A168_HF9F_20260827_0900,2026-08-27 09:00:00
2026-07-08,17529000,2278,0,38.9848449641,3.6919422715,3.6919422715,0.6666667,13,7,0.50119345529096947,0.500905614286,0.8106521772250147,0.8120613271233317,0.8106521772250147,0.00028784100496947,ELIGIBLE,R03b_20260811_FULL_v1,L1_ELIGIBILITY,v2026-08-11,2026-03-21..2026-08-06,baccarat_bet02_101_all_pairs_incl_sentinel,round_win = game_pnl > 0 (decisive only),COMPATIBILITY_ONLY_NOT_PRODUCTION,234594.9955,169540.3402,9810.4062,19851,11308,-0.04181848,-0.03860046,-0.05116595,-0.04181848,-9810.4062,234594.9955,OK,0.0000,294.3122,3.0000,97.0000,AG03-UNRESOLVED,ALL5_LEVELS_bet23_to_bet27,294.3122,294.3122,294.3122,392.4162,490.5203,3.000000,3.000000,3.000000,4.000000,5.000000,97.000000,97.000000,97.000000,96.000000,95.000000,5.0,1765.8731,1644.6383,8044.5331,8165.7679,PENDING_AG03,FALSE,NOT_FOR_ENFORCEMENT,9516.0940,164454.1300,9810.4062,9516.0940,294.3122,0.04181848,0.04056393,294.3122,9516.0940,0.04056393,294.3122,294.3122,294.3122,392.4162,490.5203,9516.0940,0.04056393,1765.8731,1644.6383,8044.5331,8165.7679,0.03429115,0.03480794,0.00125455,11.8178,14.9930,0.8676,208.7320,5.3202,4991.3829,240.5957,12.7170,9.8041,2.5818,2.84,3.3563,4.9054,16.007,177.8754,0.2582,0.0,5.636364,62.633151,4.16126,29,188,6,10,0.74390005,0.04181848,0.03860046,0E-8,0.000000,0.722694,0.000000,0.01256549,2026-05-12,2026-08-02,47,1844,580,83,0.566265,1.297104,1.076088,2.479667,,,,,,,,GLOBAL_BASELINE_NO_ENTITY_RANKING,,,NOT_APPLICABLE_GLOBAL_BASELINE,HF9g-P5,,,,X 全窗基线 · 不参与实体赏罚,15059088,1506,A168_HF9F_20260827_0900,2026-08-27 09:00:00
2026-07-08,17529000,2280,0,13.4252446234,0.1678155578,0.1678155578,0.5000000,4,2,0.50014669555554131,0.499948100000,-0.0004149177062304674,0.00014679536856514622,-0.0004149177062304674,0.00019859555554131,ELIGIBLE,R03b_20260811_FULL_v1,L1_ELIGIBILITY,v2026-08-11,2026-03-21..2026-08-06,baccarat_bet02_101_all_pairs_incl_sentinel,round_win = game_pnl > 0 (decisive only),COMPATIBILITY_ONLY_NOT_PRODUCTION,234594.9955,169540.3402,9810.4062,19851,11308,-0.04181848,-0.03860046,-0.05116595,-0.04181848,-9810.4062,234594.9955,OK,0.0000,294.3122,3.0000,97.0000,AG03-UNRESOLVED,ALL5_LEVELS_bet23_to_bet27,294.3122,294.3122,294.3122,392.4162,490.5203,3.000000,3.000000,3.000000,4.000000,5.000000,97.000000,97.000000,97.000000,96.000000,95.000000,5.0,1765.8731,1644.6383,8044.5331,8165.7679,PENDING_AG03,FALSE,NOT_FOR_ENFORCEMENT,9516.0940,164454.1300,9810.4062,9516.0940,294.3122,0.04181848,0.04056393,294.3122,9516.0940,0.04056393,294.3122,294.3122,294.3122,392.4162,490.5203,9516.0940,0.04056393,1765.8731,1644.6383,8044.5331,8165.7679,0.03429115,0.03480794,0.00125455,11.8178,14.9930,0.8676,208.7320,5.3202,4991.3829,240.5957,12.7170,9.8041,2.5818,2.84,3.3563,4.9054,16.007,177.8754,0.2582,0.0,5.636364,62.633151,4.16126,29,188,6,10,0.74390005,0.04181848,0.03860046,0E-8,0.000000,0.722694,0.000000,0.01256549,2026-05-12,2026-08-02,47,1844,580,83,0.566265,1.297104,1.076088,2.479667,,,,,,,,GLOBAL_BASELINE_NO_ENTITY_RANKING,,,NOT_APPLICABLE_GLOBAL_BASELINE,HF9g-P5,,,,X 全窗基线 · 不参与实体赏罚,15059089,1506,A168_HF9F_20260827_0900,2026-08-27 09:00:00
2026-07-08,17529000,2287,0,12.6507112797,1.9492422482,1.9492422482,1.0000000,4,2,0.50112161919188349,0.499948100000,1.4110446945036201,1.4143603653603398,1.4110446945036201,0.00117351919188349,ELIGIBLE,R03b_20260811_FULL_v1,L1_ELIGIBILITY,v2026-08-11,2026-03-21..2026-08-06,baccarat_bet02_101_all_pairs_incl_sentinel,round_win = game_pnl > 0 (decisive only),COMPATIBILITY_ONLY_NOT_PRODUCTION,234594.9955,169540.3402,9810.4062,19851,11308,-0.04181848,-0.03860046,-0.05116595,-0.04181848,-9810.4062,234594.9955,OK,0.0000,294.3122,3.0000,97.0000,AG03-UNRESOLVED,ALL5_LEVELS_bet23_to_bet27,294.3122,294.3122,294.3122,392.4162,490.5203,3.000000,3.000000,3.000000,4.000000,5.000000,97.000000,97.000000,97.000000,96.000000,95.000000,5.0,1765.8731,1644.6383,8044.5331,8165.7679,PENDING_AG03,FALSE,NOT_FOR_ENFORCEMENT,9516.0940,164454.1300,9810.4062,9516.0940,294.3122,0.04181848,0.04056393,294.3122,9516.0940,0.04056393,294.3122,294.3122,294.3122,392.4162,490.5203,9516.0940,0.04056393,1765.8731,1644.6383,8044.5331,8165.7679,0.03429115,0.03480794,0.00125455,11.8178,14.9930,0.8676,208.7320,5.3202,4991.3829,240.5957,12.7170,9.8041,2.5818,2.84,3.3563,4.9054,16.007,177.8754,0.2582,0.0,5.636364,62.633151,4.16126,29,188,6,10,0.74390005,0.04181848,0.03860046,0E-8,0.000000,0.722694,0.000000,0.01256549,2026-05-12,2026-08-02,47,1844,580,83,0.566265,1.297104,1.076088,2.479667,,,,,,,,GLOBAL_BASELINE_NO_ENTITY_RANKING,,,NOT_APPLICABLE_GLOBAL_BASELINE,HF9g-P5,,,,X 全窗基线 · 不参与实体赏罚,15059090,1506,A168_HF9F_20260827_0900,2026-08-27 09:00:00
2026-07-08,17529000,2288,0,161.1029354812,16.4330157750,16.4330157750,0.5000000,41,25,0.50051886878498663,0.500216204000,-0.005083857804102583,-0.002118358119436569,-0.005083857804102583,0.00030266478498663,ELIGIBLE,R03b_20260811_FULL_v1,L1_ELIGIBILITY,v2026-08-11,2026-03-21..2026-08-06,baccarat_bet02_101_all_pairs_incl_sentinel,round_win = game_pnl > 0 (decisive only),COMPATIBILITY_ONLY_NOT_PRODUCTION,234594.9955,169540.3402,9810.4062,19851,11308,-0.04181848,-0.03860046,-0.05116595,-0.04181848,-9810.4062,234594.9955,OK,0.0000,294.3122,3.0000,97.0000,AG03-UNRESOLVED,ALL5_LEVELS_bet23_to_bet27,294.3122,294.3122,294.3122,392.4162,490.5203,3.000000,3.000000,3.000000,4.000000,5.000000,97.000000,97.000000,97.000000,96.000000,95.000000,5.0,1765.8731,1644.6383,8044.5331,8165.7679,PENDING_AG03,FALSE,NOT_FOR_ENFORCEMENT,9516.0940,164454.1300,9810.4062,9516.0940,294.3122,0.04181848,0.04056393,294.3122,9516.0940,0.04056393,294.3122,294.3122,294.3122,392.4162,490.5203,9516.0940,0.04056393,1765.8731,1644.6383,8044.5331,8165.7679,0.03429115,0.03480794,0.00125455,11.8178,14.9930,0.8676,208.7320,5.3202,4991.3829,240.5957,12.7170,9.8041,2.5818,2.84,3.3563,4.9054,16.007,177.8754,0.2582,0.0,5.636364,62.633151,4.16126,29,188,6,10,0.74390005,0.04181848,0.03860046,0E-8,0.000000,0.722694,0.000000,0.01256549,2026-05-12,2026-08-02,47,1844,580,83,0.566265,1.297104,1.076088,2.479667,,,,,,,,GLOBAL_BASELINE_NO_ENTITY_RANKING,,,NOT_APPLICABLE_GLOBAL_BASELINE,HF9g-P5,,,,X 全窗基线 · 不参与实体赏罚,15059091,1506,A168_HF9F_20260827_0900,2026-08-27 09:00:00
2026-07-08,17529000,2289,0,11.1016445924,0.1032711125,0.1032711125,0.5000000,4,2,0.50041234935061612,0.499948100000,-0.001166300484770956,0.00014679536856514622,-0.001166300484770956,0.00046424935061612,ELIGIBLE,R03b_20260811_FULL_v1,L1_ELIGIBILITY,v2026-08-11,2026-03-21..2026-08-06,baccarat_bet02_101_all_pairs_incl_sentinel,round_win = game_pnl > 0 (decisive only),COMPATIBILITY_ONLY_NOT_PRODUCTION,234594.9955,169540.3402,9810.4062,19851,11308,-0.04181848,-0.03860046,-0.05116595,-0.04181848,-9810.4062,234594.9955,OK,0.0000,294.3122,3.0000,97.0000,AG03-UNRESOLVED,ALL5_LEVELS_bet23_to_bet27,294.3122,294.3122,294.3122,392.4162,490.5203,3.000000,3.000000,3.000000,4.000000,5.000000,97.000000,97.000000,97.000000,96.000000,95.000000,5.0,1765.8731,1644.6383,8044.5331,8165.7679,PENDING_AG03,FALSE,NOT_FOR_ENFORCEMENT,9516.0940,164454.1300,9810.4062,9516.0940,294.3122,0.04181848,0.04056393,294.3122,9516.0940,0.04056393,294.3122,294.3122,294.3122,392.4162,490.5203,9516.0940,0.04056393,1765.8731,1644.6383,8044.5331,8165.7679,0.03429115,0.03480794,0.00125455,11.8178,14.9930,0.8676,208.7320,5.3202,4991.3829,240.5957,12.7170,9.8041,2.5818,2.84,3.3563,4.9054,16.007,177.8754,0.2582,0.0,5.636364,62.633151,4.16126,29,188,6,10,0.74390005,0.04181848,0.03860046,0E-8,0.000000,0.722694,0.000000,0.01256549,2026-05-12,2026-08-02,47,1844,580,83,0.566265,1.297104,1.076088,2.479667,,,,,,,,GLOBAL_BASELINE_NO_ENTITY_RANKING,,,NOT_APPLICABLE_GLOBAL_BASELINE,HF9g-P5,,,,X 全窗基线 · 不参与实体赏罚,15059092,1506,A168_HF9F_20260827_0900,2026-08-27 09:00:00
2026-07-08,17529000,789,0,13.4252446234,1.1747089045,1.1747089045,0.6666667,4,3,0.50015120909089479,0.499948100000,0.5768264919109742,0.5775300591747329,0.5768264919109742,0.00020310909089479,ELIGIBLE,R03b_20260811_FULL_v1,L1_ELIGIBILITY,v2026-08-11,2026-03-21..2026-08-06,baccarat_bet02_101_all_pairs_incl_sentinel,round_win = game_pnl > 0 (decisive only),COMPATIBILITY_ONLY_NOT_PRODUCTION,234594.9955,169540.3402,9810.4062,19851,11308,-0.04181848,-0.03860046,-0.05116595,-0.04181848,-9810.4062,234594.9955,OK,0.0000,294.3122,3.0000,97.0000,AG03-UNRESOLVED,ALL5_LEVELS_bet23_to_bet27,294.3122,294.3122,294.3122,392.4162,490.5203,3.000000,3.000000,3.000000,4.000000,5.000000,97.000000,97.000000,97.000000,96.000000,95.000000,5.0,1765.8731,1644.6383,8044.5331,8165.7679,PENDING_AG03,FALSE,NOT_FOR_ENFORCEMENT,9516.0940,164454.1300,9810.4062,9516.0940,294.3122,0.04181848,0.04056393,294.3122,9516.0940,0.04056393,294.3122,294.3122,294.3122,392.4162,490.5203,9516.0940,0.04056393,1765.8731,1644.6383,8044.5331,8165.7679,0.03429115,0.03480794,0.00125455,11.8178,14.9930,0.8676,208.7320,5.3202,4991.3829,240.5957,12.7170,9.8041,2.5818,2.84,3.3563,4.9054,16.007,177.8754,0.2582,0.0,5.636364,62.633151,4.16126,29,188,6,10,0.74390005,0.04181848,0.03860046,0E-8,0.000000,0.722694,0.000000,0.01256549,2026-05-12,2026-08-02,47,1844,580,83,0.566265,1.297104,1.076088,2.479667,,,,,,,,GLOBAL_BASELINE_NO_ENTITY_RANKING,,,NOT_APPLICABLE_GLOBAL_BASELINE,HF9g-P5,,,,X 全窗基线 · 不参与实体赏罚,15059093,1506,A168_HF9F_20260827_0900,2026-08-27 09:00:00
2026-07-08,17529000,986,0,205.7676916318,20.0475047122,20.0475047122,0.6666667,68,35,0.50033661847506834,0.499948100000,1.822054800630581,1.82631040420398,1.822054800630581,0.00038851847506834,ELIGIBLE,R03b_20260811_FULL_v1,L1_ELIGIBILITY,v2026-08-11,2026-03-21..2026-08-06,baccarat_bet02_101_all_pairs_incl_sentinel,round_win = game_pnl > 0 (decisive only),COMPATIBILITY_ONLY_NOT_PRODUCTION,234594.9955,169540.3402,9810.4062,19851,11308,-0.04181848,-0.03860046,-0.05116595,-0.04181848,-9810.4062,234594.9955,OK,0.0000,294.3122,3.0000,97.0000,AG03-UNRESOLVED,ALL5_LEVELS_bet23_to_bet27,294.3122,294.3122,294.3122,392.4162,490.5203,3.000000,3.000000,3.000000,4.000000,5.000000,97.000000,97.000000,97.000000,96.000000,95.000000,5.0,1765.8731,1644.6383,8044.5331,8165.7679,PENDING_AG03,FALSE,NOT_FOR_ENFORCEMENT,9516.0940,164454.1300,9810.4062,9516.0940,294.3122,0.04181848,0.04056393,294.3122,9516.0940,0.04056393,294.3122,294.3122,294.3122,392.4162,490.5203,9516.0940,0.04056393,1765.8731,1644.6383,8044.5331,8165.7679,0.03429115,0.03480794,0.00125455,11.8178,14.9930,0.8676,208.7320,5.3202,4991.3829,240.5957,12.7170,9.8041,2.5818,2.84,3.3563,4.9054,16.007,177.8754,0.2582,0.0,5.636364,62.633151,4.16126,29,188,6,10,0.74390005,0.04181848,0.03860046,0E-8,0.000000,0.722694,0.000000,0.01256549,2026-05-12,2026-08-02,47,1844,580,83,0.566265,1.297104,1.076088,2.479667,,,,,,,,GLOBAL_BASELINE_NO_ENTITY_RANKING,,,NOT_APPLICABLE_GLOBAL_BASELINE,HF9g-P5,,,,X 全窗基线 · 不参与实体赏罚,15059094,1506,A168_HF9F_20260827_0900,2026-08-27 09:00:00
2026-07-08,17529000,994,0,64.5444453049,0.0387266673,0.0387266673,0.4285714,22,11,0.50013470066332085,0.499948100000,-0.378677255664036,-0.377689846057837,-0.378677255664036,0.00018660066332085,ELIGIBLE,R03b_20260811_FULL_v1,L1_ELIGIBILITY,v2026-08-11,2026-03-21..2026-08-06,baccarat_bet02_101_all_pairs_incl_sentinel,round_win = game_pnl > 0 (decisive only),COMPATIBILITY_ONLY_NOT_PRODUCTION,234594.9955,169540.3402,9810.4062,19851,11308,-0.04181848,-0.03860046,-0.05116595,-0.04181848,-9810.4062,234594.9955,OK,0.0000,294.3122,3.0000,97.0000,AG03-UNRESOLVED,ALL5_LEVELS_bet23_to_bet27,294.3122,294.3122,294.3122,392.4162,490.5203,3.000000,3.000000,3.000000,4.000000,5.000000,97.000000,97.000000,97.000000,96.000000,95.000000,5.0,1765.8731,1644.6383,8044.5331,8165.7679,PENDING_AG03,FALSE,NOT_FOR_ENFORCEMENT,9516.0940,164454.1300,9810.4062,9516.0940,294.3122,0.04181848,0.04056393,294.3122,9516.0940,0.04056393,294.3122,294.3122,294.3122,392.4162,490.5203,9516.0940,0.04056393,1765.8731,1644.6383,8044.5331,8165.7679,0.03429115,0.03480794,0.00125455,11.8178,14.9930,0.8676,208.7320,5.3202,4991.3829,240.5957,12.7170,9.8041,2.5818,2.84,3.3563,4.9054,16.007,177.8754,0.2582,0.0,5.636364,62.633151,4.16126,29,188,6,10,0.74390005,0.04181848,0.03860046,0E-8,0.000000,0.722694,0.000000,0.01256549,2026-05-12,2026-08-02,47,1844,580,83,0.566265,1.297104,1.076088,2.479667,,,,,,,,GLOBAL_BASELINE_NO_ENTITY_RANKING,,,NOT_APPLICABLE_GLOBAL_BASELINE,HF9g-P5,,,,X 全窗基线 · 不参与实体赏罚,15059095,1506,A168_HF9F_20260827_0900,2026-08-27 09:00:00
2026-07-09,17529000,-1,1,6.9708000929,-1.8072444685,-1.8072444685,0E-7,2,1,0.50168581111108262,0.499948100000,-1.003377325353019,-0.9998962053866608,-1.003377325353019,0.00173771111108262,SENTINEL_DEALER,R03b_20260811_FULL_v1,L1_ELIGIBILITY,v2026-08-11,2026-03-21..2026-08-06,baccarat_bet02_101_all_pairs_incl_sentinel,round_win = game_pnl > 0 (decisive only),COMPATIBILITY_ONLY_NOT_PRODUCTION,234594.9955,169540.3402,9810.4062,19851,11308,-0.04181848,-0.03860046,-0.05116595,-0.04181848,-9810.4062,234594.9955,OK,0.0000,294.3122,3.0000,97.0000,AG03-UNRESOLVED,ALL5_LEVELS_bet23_to_bet27,294.3122,294.3122,294.3122,392.4162,490.5203,3.000000,3.000000,3.000000,4.000000,5.000000,97.000000,97.000000,97.000000,96.000000,95.000000,5.0,1765.8731,1644.6383,8044.5331,8165.7679,PENDING_AG03,FALSE,NOT_FOR_ENFORCEMENT,9516.0940,164454.1300,9810.4062,9516.0940,294.3122,0.04181848,0.04056393,294.3122,9516.0940,0.04056393,294.3122,294.3122,294.3122,392.4162,490.5203,9516.0940,0.04056393,1765.8731,1644.6383,8044.5331,8165.7679,0.03429115,0.03480794,0.00125455,11.8178,14.9930,0.8676,208.7320,5.3202,4991.3829,240.5957,12.7170,9.8041,2.5818,2.84,3.3563,4.9054,16.007,177.8754,0.2582,0.0,5.636364,62.633151,4.16126,29,188,6,10,0.74390005,0.04181848,0.03860046,0E-8,0.000000,0.722694,0.000000,0.01256549,2026-05-12,2026-08-02,47,1844,580,83,0.566265,1.297104,1.076088,2.479667,,,,,,,,GLOBAL_BASELINE_NO_ENTITY_RANKING,,,NOT_APPLICABLE_GLOBAL_BASELINE,HF9g-P5,,,,X 全窗基线 · 不参与实体赏罚,15059096,1506,A168_HF9F_20260827_0900,2026-08-27 09:00:00
2026-07-09,17529000,1087,0,11.8761779361,0.3356311156,0.3356311156,0.5000000,4,2,0.50081131363635120,0.499948100000,-0.0022947445166727133,0.00014679536856514622,-0.0022947445166727133,0.00086321363635120,ELIGIBLE,R03b_20260811_FULL_v1,L1_ELIGIBILITY,v2026-08-11,2026-03-21..2026-08-06,baccarat_bet02_101_all_pairs_incl_sentinel,round_win = game_pnl > 0 (decisive only),COMPATIBILITY_ONLY_NOT_PRODUCTION,234594.9955,169540.3402,9810.4062,19851,11308,-0.04181848,-0.03860046,-0.05116595,-0.04181848,-9810.4062,234594.9955,OK,0.0000,294.3122,3.0000,97.0000,AG03-UNRESOLVED,ALL5_LEVELS_bet23_to_bet27,294.3122,294.3122,294.3122,392.4162,490.5203,3.000000,3.000000,3.000000,4.000000,5.000000,97.000000,97.000000,97.000000,96.000000,95.000000,5.0,1765.8731,1644.6383,8044.5331,8165.7679,PENDING_AG03,FALSE,NOT_FOR_ENFORCEMENT,9516.0940,164454.1300,9810.4062,9516.0940,294.3122,0.04181848,0.04056393,294.3122,9516.0940,0.04056393,294.3122,294.3122,294.3122,392.4162,490.5203,9516.0940,0.04056393,1765.8731,1644.6383,8044.5331,8165.7679,0.03429115,0.03480794,0.00125455,11.8178,14.9930,0.8676,208.7320,5.3202,4991.3829,240.5957,12.7170,9.8041,2.5818,2.84,3.3563,4.9054,16.007,177.8754,0.2582,0.0,5.636364,62.633151,4.16126,29,188,6,10,0.74390005,0.04181848,0.03860046,0E-8,0.000000,0.722694,0.000000,0.01256549,2026-05-12,2026-08-02,47,1844,580,83,0.566265,1.297104,1.076088,2.479667,,,,,,,,GLOBAL_BASELINE_NO_ENTITY_RANKING,,,NOT_APPLICABLE_GLOBAL_BASELINE,HF9g-P5,,,,X 全窗基线 · 不参与实体赏罚,15059097,1506,A168_HF9F_20260827_0900,2026-08-27 09:00:00
2026-07-09,17529000,1115,0,15.2324890919,-4.9053778431,-4.9053778431,0E-7,5,3,0.50283224909089479,0.502182300000,-1.741889952053799,-1.7396270863184016,-1.741889952053799,0.00064994909089479,ELIGIBLE,R03b_20260811_FULL_v1,L1_ELIGIBILITY,v2026-08-11,2026-03-21..2026-08-06,baccarat_bet02_101_all_pairs_incl_sentinel,round_win = game_pnl > 0 (decisive only),COMPATIBILITY_ONLY_NOT_PRODUCTION,234594.9955,169540.3402,9810.4062,19851,11308,-0.04181848,-0.03860046,-0.05116595,-0.04181848,-9810.4062,234594.9955,OK,0.0000,294.3122,3.0000,97.0000,AG03-UNRESOLVED,ALL5_LEVELS_bet23_to_bet27,294.3122,294.3122,294.3122,392.4162,490.5203,3.000000,3.000000,3.000000,4.000000,5.000000,97.000000,97.000000,97.000000,96.000000,95.000000,5.0,1765.8731,1644.6383,8044.5331,8165.7679,PENDING_AG03,FALSE,NOT_FOR_ENFORCEMENT,9516.0940,164454.1300,9810.4062,9516.0940,294.3122,0.04181848,0.04056393,294.3122,9516.0940,0.04056393,294.3122,294.3122,294.3122,392.4162,490.5203,9516.0940,0.04056393,1765.8731,1644.6383,8044.5331,8165.7679,0.03429115,0.03480794,0.00125455,11.8178,14.9930,0.8676,208.7320,5.3202,4991.3829,240.5957,12.7170,9.8041,2.5818,2.84,3.3563,4.9054,16.007,177.8754,0.2582,0.0,5.636364,62.633151,4.16126,29,188,6,10,0.74390005,0.04181848,0.03860046,0E-8,0.000000,0.722694,0.000000,0.01256549,2026-05-12,2026-08-02,47,1844,580,83,0.566265,1.297104,1.076088,2.479667,,,,,,,,GLOBAL_BASELINE_NO_ENTITY_RANKING,,,NOT_APPLICABLE_GLOBAL_BASELINE,HF9g-P5,,,,X 全窗基线 · 不参与实体赏罚,15059098,1506,A168_HF9F_20260827_0900,2026-08-27 09:00:00
2026-07-09,17529000,1210,0,87.5222678335,1.5619755764,1.5619755764,0.4285714,26,15,0.46892044110591871,0.467049373333,-0.3025293770700168,-0.2885698802420125,-0.3025293770700168,0.00187106777291871,ELIGIBLE,R03b_20260811_FULL_v1,L1_ELIGIBILITY,v2026-08-11,2026-03-21..2026-08-06,baccarat_bet02_101_all_pairs_incl_sentinel,round_win = game_pnl > 0 (decisive only),COMPATIBILITY_ONLY_NOT_PRODUCTION,234594.9955,169540.3402,9810.4062,19851,11308,-0.04181848,-0.03860046,-0.05116595,-0.04181848,-9810.4062,234594.9955,OK,0.0000,294.3122,3.0000,97.0000,AG03-UNRESOLVED,ALL5_LEVELS_bet23_to_bet27,294.3122,294.3122,294.3122,392.4162,490.5203,3.000000,3.000000,3.000000,4.000000,5.000000,97.000000,97.000000,97.000000,96.000000,95.000000,5.0,1765.8731,1644.6383,8044.5331,8165.7679,PENDING_AG03,FALSE,NOT_FOR_ENFORCEMENT,9516.0940,164454.1300,9810.4062,9516.0940,294.3122,0.04181848,0.04056393,294.3122,9516.0940,0.04056393,294.3122,294.3122,294.3122,392.4162,490.5203,9516.0940,0.04056393,1765.8731,1644.6383,8044.5331,8165.7679,0.03429115,0.03480794,0.00125455,11.8178,14.9930,0.8676,208.7320,5.3202,4991.3829,240.5957,12.7170,9.8041,2.5818,2.84,3.3563,4.9054,16.007,177.8754,0.2582,0.0,5.636364,62.633151,4.16126,29,188,6,10,0.74390005,0.04181848,0.03860046,0E-8,0.000000,0.722694,0.000000,0.01256549,2026-05-12,2026-08-02,47,1844,580,83,0.566265,1.297104,1.076088,2.479667,,,,,,,,GLOBAL_BASELINE_NO_ENTITY_RANKING,,,NOT_APPLICABLE_GLOBAL_BASELINE,HF9g-P5,,,,X 全窗基线 · 不参与实体赏罚,15059099,1506,A168_HF9F_20260827_0900,2026-08-27 09:00:00
2026-07-09,17529000,1296,0,63.2535563988,2.9303178170,2.9303178170,0.5000000,21,11,0.50033389768377160,0.500557427273,-0.002111754843215071,-0.0035254818160654774,-0.002111754843215071,-0.00022352958922840,ELIGIBLE,R03b_20260811_FULL_v1,L1_ELIGIBILITY,v2026-08-11,2026-03-21..2026-08-06,baccarat_bet02_101_all_pairs_incl_sentinel,round_win = game_pnl > 0 (decisive only),COMPATIBILITY_ONLY_NOT_PRODUCTION,234594.9955,169540.3402,9810.4062,19851,11308,-0.04181848,-0.03860046,-0.05116595,-0.04181848,-9810.4062,234594.9955,OK,0.0000,294.3122,3.0000,97.0000,AG03-UNRESOLVED,ALL5_LEVELS_bet23_to_bet27,294.3122,294.3122,294.3122,392.4162,490.5203,3.000000,3.000000,3.000000,4.000000,5.000000,97.000000,97.000000,97.000000,96.000000,95.000000,5.0,1765.8731,1644.6383,8044.5331,8165.7679,PENDING_AG03,FALSE,NOT_FOR_ENFORCEMENT,9516.0940,164454.1300,9810.4062,9516.0940,294.3122,0.04181848,0.04056393,294.3122,9516.0940,0.04056393,294.3122,294.3122,294.3122,392.4162,490.5203,9516.0940,0.04056393,1765.8731,1644.6383,8044.5331,8165.7679,0.03429115,0.03480794,0.00125455,11.8178,14.9930,0.8676,208.7320,5.3202,4991.3829,240.5957,12.7170,9.8041,2.5818,2.84,3.3563,4.9054,16.007,177.8754,0.2582,0.0,5.636364,62.633151,4.16126,29,188,6,10,0.74390005,0.04181848,0.03860046,0E-8,0.000000,0.722694,0.000000,0.01256549,2026-05-12,2026-08-02,47,1844,580,83,0.566265,1.297104,1.076088,2.479667,,,,,,,,GLOBAL_BASELINE_NO_ENTITY_RANKING,,,NOT_APPLICABLE_GLOBAL_BASELINE,HF9g-P5,,,,X 全窗基线 · 不参与实体赏罚,15059100,1506,A168_HF9F_20260827_0900,2026-08-27 09:00:00
2026-07-09,17529000,1302,0,85.1986678025,2.8012289262,2.8012289262,0.5454545,26,15,0.50003719886994246,0.499948100000,0.30126459602306827,0.30185561185716514,0.30126459602306827,0.00008909886994246,ELIGIBLE,R03b_20260811_FULL_v1,L1_ELIGIBILITY,v2026-08-11,2026-03-21..2026-08-06,baccarat_bet02_101_all_pairs_incl_sentinel,round_win = game_pnl > 0 (decisive only),COMPATIBILITY_ONLY_NOT_PRODUCTION,234594.9955,169540.3402,9810.4062,19851,11308,-0.04181848,-0.03860046,-0.05116595,-0.04181848,-9810.4062,234594.9955,OK,0.0000,294.3122,3.0000,97.0000,AG03-UNRESOLVED,ALL5_LEVELS_bet23_to_bet27,294.3122,294.3122,294.3122,392.4162,490.5203,3.000000,3.000000,3.000000,4.000000,5.000000,97.000000,97.000000,97.000000,96.000000,95.000000,5.0,1765.8731,1644.6383,8044.5331,8165.7679,PENDING_AG03,FALSE,NOT_FOR_ENFORCEMENT,9516.0940,164454.1300,9810.4062,9516.0940,294.3122,0.04181848,0.04056393,294.3122,9516.0940,0.04056393,294.3122,294.3122,294.3122,392.4162,490.5203,9516.0940,0.04056393,1765.8731,1644.6383,8044.5331,8165.7679,0.03429115,0.03480794,0.00125455,11.8178,14.9930,0.8676,208.7320,5.3202,4991.3829,240.5957,12.7170,9.8041,2.5818,2.84,3.3563,4.9054,16.007,177.8754,0.2582,0.0,5.636364,62.633151,4.16126,29,188,6,10,0.74390005,0.04181848,0.03860046,0E-8,0.000000,0.722694,0.000000,0.01256549,2026-05-12,2026-08-02,47,1844,580,83,0.566265,1.297104,1.076088,2.479667,,,,,,,,GLOBAL_BASELINE_NO_ENTITY_RANKING,,,NOT_APPLICABLE_GLOBAL_BASELINE,HF9g-P5,,,,X 全窗基线 · 不参与实体赏罚,15059101,1506,A168_HF9F_20260827_0900,2026-08-27 09:00:00
2026-07-09,17529000,1306,0,55.2500451809,3.2014044872,3.2014044872,0.5555556,16,9,0.50171930440917253,0.501437566667,0.3230194165796772,0.32470927542113465,0.3230194165796772,0.00028173774217253,ELIGIBLE,R03b_20260811_FULL_v1,L1_ELIGIBILITY,v2026-08-11,2026-03-21..2026-08-06,baccarat_bet02_101_all_pairs_incl_sentinel,round_win = game_pnl > 0 (decisive only),COMPATIBILITY_ONLY_NOT_PRODUCTION,234594.9955,169540.3402,9810.4062,19851,11308,-0.04181848,-0.03860046,-0.05116595,-0.04181848,-9810.4062,234594.9955,OK,0.0000,294.3122,3.0000,97.0000,AG03-UNRESOLVED,ALL5_LEVELS_bet23_to_bet27,294.3122,294.3122,294.3122,392.4162,490.5203,3.000000,3.000000,3.000000,4.000000,5.000000,97.000000,97.000000,97.000000,96.000000,95.000000,5.0,1765.8731,1644.6383,8044.5331,8165.7679,PENDING_AG03,FALSE,NOT_FOR_ENFORCEMENT,9516.0940,164454.1300,9810.4062,9516.0940,294.3122,0.04181848,0.04056393,294.3122,9516.0940,0.04056393,294.3122,294.3122,294.3122,392.4162,490.5203,9516.0940,0.04056393,1765.8731,1644.6383,8044.5331,8165.7679,0.03429115,0.03480794,0.00125455,11.8178,14.9930,0.8676,208.7320,5.3202,4991.3829,240.5957,12.7170,9.8041,2.5818,2.84,3.3563,4.9054,16.007,177.8754,0.2582,0.0,5.636364,62.633151,4.16126,29,188,6,10,0.74390005,0.04181848,0.03860046,0E-8,0.000000,0.722694,0.000000,0.01256549,2026-05-12,2026-08-02,47,1844,580,83,0.566265,1.297104,1.076088,2.479667,,,,,,,,GLOBAL_BASELINE_NO_ENTITY_RANKING,,,NOT_APPLICABLE_GLOBAL_BASELINE,HF9g-P5,,,,X 全窗基线 · 不参与实体赏罚,15059102,1506,A168_HF9F_20260827_0900,2026-08-27 09:00:00
2026-07-09,17529000,1318,0,112.5655126117,8.5198667805,8.5198667805,0.4375000,33,18,0.50050473230332848,0.500320466667,-0.5040381152388489,-0.5025638365615015,-0.5040381152388489,0.00018426563632848,ELIGIBLE,R03b_20260811_FULL_v1,L1_ELIGIBILITY,v2026-08-11,2026-03-21..2026-08-06,baccarat_bet02_101_all_pairs_incl_sentinel,round_win = game_pnl > 0 (decisive only),COMPATIBILITY_ONLY_NOT_PRODUCTION,234594.9955,169540.3402,9810.4062,19851,11308,-0.04181848,-0.03860046,-0.05116595,-0.04181848,-9810.4062,234594.9955,OK,0.0000,294.3122,3.0000,97.0000,AG03-UNRESOLVED,ALL5_LEVELS_bet23_to_bet27,294.3122,294.3122,294.3122,392.4162,490.5203,3.000000,3.000000,3.000000,4.000000,5.000000,97.000000,97.000000,97.000000,96.000000,95.000000,5.0,1765.8731,1644.6383,8044.5331,8165.7679,PENDING_AG03,FALSE,NOT_FOR_ENFORCEMENT,9516.0940,164454.1300,9810.4062,9516.0940,294.3122,0.04181848,0.04056393,294.3122,9516.0940,0.04056393,294.3122,294.3122,294.3122,392.4162,490.5203,9516.0940,0.04056393,1765.8731,1644.6383,8044.5331,8165.7679,0.03429115,0.03480794,0.00125455,11.8178,14.9930,0.8676,208.7320,5.3202,4991.3829,240.5957,12.7170,9.8041,2.5818,2.84,3.3563,4.9054,16.007,177.8754,0.2582,0.0,5.636364,62.633151,4.16126,29,188,6,10,0.74390005,0.04181848,0.03860046,0E-8,0.000000,0.722694,0.000000,0.01256549,2026-05-12,2026-08-02,47,1844,580,83,0.566265,1.297104,1.076088,2.479667,,,,,,,,GLOBAL_BASELINE_NO_ENTITY_RANKING,,,NOT_APPLICABLE_GLOBAL_BASELINE,HF9g-P5,,,,X 全窗基线 · 不参与实体赏罚,15059103,1506,A168_HF9F_20260827_0900,2026-08-27 09:00:00
2026-07-09,17529000,1325,0,69.4498231480,5.6153667418,5.6153667418,0.5384615,24,13,0.49888329598141259,0.498916930769,0.28540347712274694,0.2851608904175632,0.28540347712274694,-0.00003363478758741,ELIGIBLE,R03b_20260811_FULL_v1,L1_ELIGIBILITY,v2026-08-11,2026-03-21..2026-08-06,baccarat_bet02_101_all_pairs_incl_sentinel,round_win = game_pnl > 0 (decisive only),COMPATIBILITY_ONLY_NOT_PRODUCTION,234594.9955,169540.3402,9810.4062,19851,11308,-0.04181848,-0.03860046,-0.05116595,-0.04181848,-9810.4062,234594.9955,OK,0.0000,294.3122,3.0000,97.0000,AG03-UNRESOLVED,ALL5_LEVELS_bet23_to_bet27,294.3122,294.3122,294.3122,392.4162,490.5203,3.000000,3.000000,3.000000,4.000000,5.000000,97.000000,97.000000,97.000000,96.000000,95.000000,5.0,1765.8731,1644.6383,8044.5331,8165.7679,PENDING_AG03,FALSE,NOT_FOR_ENFORCEMENT,9516.0940,164454.1300,9810.4062,9516.0940,294.3122,0.04181848,0.04056393,294.3122,9516.0940,0.04056393,294.3122,294.3122,294.3122,392.4162,490.5203,9516.0940,0.04056393,1765.8731,1644.6383,8044.5331,8165.7679,0.03429115,0.03480794,0.00125455,11.8178,14.9930,0.8676,208.7320,5.3202,4991.3829,240.5957,12.7170,9.8041,2.5818,2.84,3.3563,4.9054,16.007,177.8754,0.2582,0.0,5.636364,62.633151,4.16126,29,188,6,10,0.74390005,0.04181848,0.03860046,0E-8,0.000000,0.722694,0.000000,0.01256549,2026-05-12,2026-08-02,47,1844,580,83,0.566265,1.297104,1.076088,2.479667,,,,,,,,GLOBAL_BASELINE_NO_ENTITY_RANKING,,,NOT_APPLICABLE_GLOBAL_BASELINE,HF9g-P5,,,,X 全窗基线 · 不参与实体赏罚,15059104,1506,A168_HF9F_20260827_0900,2026-08-27 09:00:00
2026-07-09,17529000,1330,0,95.2676012700,-1.2392533497,-1.2392533497,0.5833333,34,17,0.50023414468462810,0.499948100000,0.5757281303563678,0.577709846049527,0.5757281303563678,0.00028604468462810,ELIGIBLE,R03b_20260811_FULL_v1,L1_ELIGIBILITY,v2026-08-11,2026-03-21..2026-08-06,baccarat_bet02_101_all_pairs_incl_sentinel,round_win = game_pnl > 0 (decisive only),COMPATIBILITY_ONLY_NOT_PRODUCTION,234594.9955,169540.3402,9810.4062,19851,11308,-0.04181848,-0.03860046,-0.05116595,-0.04181848,-9810.4062,234594.9955,OK,0.0000,294.3122,3.0000,97.0000,AG03-UNRESOLVED,ALL5_LEVELS_bet23_to_bet27,294.3122,294.3122,294.3122,392.4162,490.5203,3.000000,3.000000,3.000000,4.000000,5.000000,97.000000,97.000000,97.000000,96.000000,95.000000,5.0,1765.8731,1644.6383,8044.5331,8165.7679,PENDING_AG03,FALSE,NOT_FOR_ENFORCEMENT,9516.0940,164454.1300,9810.4062,9516.0940,294.3122,0.04181848,0.04056393,294.3122,9516.0940,0.04056393,294.3122,294.3122,294.3122,392.4162,490.5203,9516.0940,0.04056393,1765.8731,1644.6383,8044.5331,8165.7679,0.03429115,0.03480794,0.00125455,11.8178,14.9930,0.8676,208.7320,5.3202,4991.3829,240.5957,12.7170,9.8041,2.5818,2.84,3.3563,4.9054,16.007,177.8754,0.2582,0.0,5.636364,62.633151,4.16126,29,188,6,10,0.74390005,0.04181848,0.03860046,0E-8,0.000000,0.722694,0.000000,0.01256549,2026-05-12,2026-08-02,47,1844,580,83,0.566265,1.297104,1.076088,2.479667,,,,,,,,GLOBAL_BASELINE_NO_ENTITY_RANKING,,,NOT_APPLICABLE_GLOBAL_BASELINE,HF9g-P5,,,,X 全窗基线 · 不参与实体赏罚,15059105,1506,A168_HF9F_20260827_0900,2026-08-27 09:00:00
2026-07-09,17529000,1331,0,39.5012005266,1.0068933469,1.0068933469,0.5000000,14,7,0.49991800308943029,0.499948100000,0.000401701188162499,0.00025425703667063243,0.000401701188162499,-0.00003009691056971,ELIGIBLE,R03b_20260811_FULL_v1,L1_ELIGIBILITY,v2026-08-11,2026-03-21..2026-08-06,baccarat_bet02_101_all_pairs_incl_sentinel,round_win = game_pnl > 0 (decisive only),COMPATIBILITY_ONLY_NOT_PRODUCTION,234594.9955,169540.3402,9810.4062,19851,11308,-0.04181848,-0.03860046,-0.05116595,-0.04181848,-9810.4062,234594.9955,OK,0.0000,294.3122,3.0000,97.0000,AG03-UNRESOLVED,ALL5_LEVELS_bet23_to_bet27,294.3122,294.3122,294.3122,392.4162,490.5203,3.000000,3.000000,3.000000,4.000000,5.000000,97.000000,97.000000,97.000000,96.000000,95.000000,5.0,1765.8731,1644.6383,8044.5331,8165.7679,PENDING_AG03,FALSE,NOT_FOR_ENFORCEMENT,9516.0940,164454.1300,9810.4062,9516.0940,294.3122,0.04181848,0.04056393,294.3122,9516.0940,0.04056393,294.3122,294.3122,294.3122,392.4162,490.5203,9516.0940,0.04056393,1765.8731,1644.6383,8044.5331,8165.7679,0.03429115,0.03480794,0.00125455,11.8178,14.9930,0.8676,208.7320,5.3202,4991.3829,240.5957,12.7170,9.8041,2.5818,2.84,3.3563,4.9054,16.007,177.8754,0.2582,0.0,5.636364,62.633151,4.16126,29,188,6,10,0.74390005,0.04181848,0.03860046,0E-8,0.000000,0.722694,0.000000,0.01256549,2026-05-12,2026-08-02,47,1844,580,83,0.566265,1.297104,1.076088,2.479667,,,,,,,,GLOBAL_BASELINE_NO_ENTITY_RANKING,,,NOT_APPLICABLE_GLOBAL_BASELINE,HF9g-P5,,,,X 全窗基线 · 不参与实体赏罚,15059106,1506,A168_HF9F_20260827_0900,2026-08-27 09:00:00
2026-07-09,17529000,1354,0,1559.3937985695,136.1758707046,136.1758707046,0.2105263,25,20,0.50317111998905111,0.502964270000,-2.5512695673760737,-2.549459783391783,-2.5512695673760737,0.00020684998905111,ELIGIBLE,R03b_20260811_FULL_v1,L1_ELIGIBILITY,v2026-08-11,2026-03-21..2026-08-06,baccarat_bet02_101_all_pairs_incl_sentinel,round_win = game_pnl > 0 (decisive only),COMPATIBILITY_ONLY_NOT_PRODUCTION,234594.9955,169540.3402,9810.4062,19851,11308,-0.04181848,-0.03860046,-0.05116595,-0.04181848,-9810.4062,234594.9955,OK,0.0000,294.3122,3.0000,97.0000,AG03-UNRESOLVED,ALL5_LEVELS_bet23_to_bet27,294.3122,294.3122,294.3122,392.4162,490.5203,3.000000,3.000000,3.000000,4.000000,5.000000,97.000000,97.000000,97.000000,96.000000,95.000000,5.0,1765.8731,1644.6383,8044.5331,8165.7679,PENDING_AG03,FALSE,NOT_FOR_ENFORCEMENT,9516.0940,164454.1300,9810.4062,9516.0940,294.3122,0.04181848,0.04056393,294.3122,9516.0940,0.04056393,294.3122,294.3122,294.3122,392.4162,490.5203,9516.0940,0.04056393,1765.8731,1644.6383,8044.5331,8165.7679,0.03429115,0.03480794,0.00125455,11.8178,14.9930,0.8676,208.7320,5.3202,4991.3829,240.5957,12.7170,9.8041,2.5818,2.84,3.3563,4.9054,16.007,177.8754,0.2582,0.0,5.636364,62.633151,4.16126,29,188,6,10,0.74390005,0.04181848,0.03860046,0E-8,0.000000,0.722694,0.000000,0.01256549,2026-05-12,2026-08-02,47,1844,580,83,0.566265,1.297104,1.076088,2.479667,,,,,,,,GLOBAL_BASELINE_NO_ENTITY_RANKING,,,NOT_APPLICABLE_GLOBAL_BASELINE,HF9g-P5,,,,X 全窗基线 · 不参与实体赏罚,15059107,1506,A168_HF9F_20260827_0900,2026-08-27 09:00:00
2026-07-09,17529000,1399,0,22.4614669661,-1.9363333591,-1.9363333591,0E-7,8,4,0.50031899486165917,0.499948100000,-2.00127638673733,-1.9997924107733216,-2.00127638673733,0.00037089486165917,ELIGIBLE,R03b_20260811_FULL_v1,L1_ELIGIBILITY,v2026-08-11,2026-03-21..2026-08-06,baccarat_bet02_101_all_pairs_incl_sentinel,round_win = game_pnl > 0 (decisive only),COMPATIBILITY_ONLY_NOT_PRODUCTION,234594.9955,169540.3402,9810.4062,19851,11308,-0.04181848,-0.03860046,-0.05116595,-0.04181848,-9810.4062,234594.9955,OK,0.0000,294.3122,3.0000,97.0000,AG03-UNRESOLVED,ALL5_LEVELS_bet23_to_bet27,294.3122,294.3122,294.3122,392.4162,490.5203,3.000000,3.000000,3.000000,4.000000,5.000000,97.000000,97.000000,97.000000,96.000000,95.000000,5.0,1765.8731,1644.6383,8044.5331,8165.7679,PENDING_AG03,FALSE,NOT_FOR_ENFORCEMENT,9516.0940,164454.1300,9810.4062,9516.0940,294.3122,0.04181848,0.04056393,294.3122,9516.0940,0.04056393,294.3122,294.3122,294.3122,392.4162,490.5203,9516.0940,0.04056393,1765.8731,1644.6383,8044.5331,8165.7679,0.03429115,0.03480794,0.00125455,11.8178,14.9930,0.8676,208.7320,5.3202,4991.3829,240.5957,12.7170,9.8041,2.5818,2.84,3.3563,4.9054,16.007,177.8754,0.2582,0.0,5.636364,62.633151,4.16126,29,188,6,10,0.74390005,0.04181848,0.03860046,0E-8,0.000000,0.722694,0.000000,0.01256549,2026-05-12,2026-08-02,47,1844,580,83,0.566265,1.297104,1.076088,2.479667,,,,,,,,GLOBAL_BASELINE_NO_ENTITY_RANKING,,,NOT_APPLICABLE_GLOBAL_BASELINE,HF9g-P5,,,,X 全窗基线 · 不参与实体赏罚,15059108,1506,A168_HF9F_20260827_0900,2026-08-27 09:00:00
2026-07-09,17529000,1401,0,72.8061343039,3.8597578294,3.8597578294,0.3750000,15,9,0.50238135189297826,0.502182300000,-0.720585914458522,-0.7194585869949017,-0.720585914458522,0.00019905189297826,ELIGIBLE,R03b_20260811_FULL_v1,L1_ELIGIBILITY,v2026-08-11,2026-03-21..2026-08-06,baccarat_bet02_101_all_pairs_incl_sentinel,round_win = game_pnl > 0 (decisive only),COMPATIBILITY_ONLY_NOT_PRODUCTION,234594.9955,169540.3402,9810.4062,19851,11308,-0.04181848,-0.03860046,-0.05116595,-0.04181848,-9810.4062,234594.9955,OK,0.0000,294.3122,3.0000,97.0000,AG03-UNRESOLVED,ALL5_LEVELS_bet23_to_bet27,294.3122,294.3122,294.3122,392.4162,490.5203,3.000000,3.000000,3.000000,4.000000,5.000000,97.000000,97.000000,97.000000,96.000000,95.000000,5.0,1765.8731,1644.6383,8044.5331,8165.7679,PENDING_AG03,FALSE,NOT_FOR_ENFORCEMENT,9516.0940,164454.1300,9810.4062,9516.0940,294.3122,0.04181848,0.04056393,294.3122,9516.0940,0.04056393,294.3122,294.3122,294.3122,392.4162,490.5203,9516.0940,0.04056393,1765.8731,1644.6383,8044.5331,8165.7679,0.03429115,0.03480794,0.00125455,11.8178,14.9930,0.8676,208.7320,5.3202,4991.3829,240.5957,12.7170,9.8041,2.5818,2.84,3.3563,4.9054,16.007,177.8754,0.2582,0.0,5.636364,62.633151,4.16126,29,188,6,10,0.74390005,0.04181848,0.03860046,0E-8,0.000000,0.722694,0.000000,0.01256549,2026-05-12,2026-08-02,47,1844,580,83,0.566265,1.297104,1.076088,2.479667,,,,,,,,GLOBAL_BASELINE_NO_ENTITY_RANKING,,,NOT_APPLICABLE_GLOBAL_BASELINE,HF9g-P5,,,,X 全窗基线 · 不参与实体赏罚,15059109,1506,A168_HF9F_20260827_0900,2026-08-27 09:00:00
2026-07-09,17529000,1505,0,72.0316009605,1.2263444608,1.2263444608,0.6000000,24,12,0.50071333814689631,0.499948100000,0.6279446245227408,0.6327837798637467,0.6279446245227408,0.00076523814689631,ELIGIBLE,R03b_20260811_FULL_v1,L1_ELIGIBILITY,v2026-08-11,2026-03-21..2026-08-06,baccarat_bet02_101_all_pairs_incl_sentinel,round_win = game_pnl > 0 (decisive only),COMPATIBILITY_ONLY_NOT_PRODUCTION,234594.9955,169540.3402,9810.4062,19851,11308,-0.04181848,-0.03860046,-0.05116595,-0.04181848,-9810.4062,234594.9955,OK,0.0000,294.3122,3.0000,97.0000,AG03-UNRESOLVED,ALL5_LEVELS_bet23_to_bet27,294.3122,294.3122,294.3122,392.4162,490.5203,3.000000,3.000000,3.000000,4.000000,5.000000,97.000000,97.000000,97.000000,96.000000,95.000000,5.0,1765.8731,1644.6383,8044.5331,8165.7679,PENDING_AG03,FALSE,NOT_FOR_ENFORCEMENT,9516.0940,164454.1300,9810.4062,9516.0940,294.3122,0.04181848,0.04056393,294.3122,9516.0940,0.04056393,294.3122,294.3122,294.3122,392.4162,490.5203,9516.0940,0.04056393,1765.8731,1644.6383,8044.5331,8165.7679,0.03429115,0.03480794,0.00125455,11.8178,14.9930,0.8676,208.7320,5.3202,4991.3829,240.5957,12.7170,9.8041,2.5818,2.84,3.3563,4.9054,16.007,177.8754,0.2582,0.0,5.636364,62.633151,4.16126,29,188,6,10,0.74390005,0.04181848,0.03860046,0E-8,0.000000,0.722694,0.000000,0.01256549,2026-05-12,2026-08-02,47,1844,580,83,0.566265,1.297104,1.076088,2.479667,,,,,,,,GLOBAL_BASELINE_NO_ENTITY_RANKING,,,NOT_APPLICABLE_GLOBAL_BASELINE,HF9g-P5,,,,X 全窗基线 · 不参与实体赏罚,15059110,1506,A168_HF9F_20260827_0900,2026-08-27 09:00:00
2026-07-09,17529000,1935,0,144.8377352642,4.2470245014,4.2470245014,0.3888889,43,24,0.50108051378065468,0.500785925000,-0.9519797279340175,-0.9494790092916278,-0.9519797279340175,0.00029458878065468,ELIGIBLE,R03b_20260811_FULL_v1,L1_ELIGIBILITY,v2026-08-11,2026-03-21..2026-08-06,baccarat_bet02_101_all_pairs_incl_sentinel,round_win = game_pnl > 0 (decisive only),COMPATIBILITY_ONLY_NOT_PRODUCTION,234594.9955,169540.3402,9810.4062,19851,11308,-0.04181848,-0.03860046,-0.05116595,-0.04181848,-9810.4062,234594.9955,OK,0.0000,294.3122,3.0000,97.0000,AG03-UNRESOLVED,ALL5_LEVELS_bet23_to_bet27,294.3122,294.3122,294.3122,392.4162,490.5203,3.000000,3.000000,3.000000,4.000000,5.000000,97.000000,97.000000,97.000000,96.000000,95.000000,5.0,1765.8731,1644.6383,8044.5331,8165.7679,PENDING_AG03,FALSE,NOT_FOR_ENFORCEMENT,9516.0940,164454.1300,9810.4062,9516.0940,294.3122,0.04181848,0.04056393,294.3122,9516.0940,0.04056393,294.3122,294.3122,294.3122,392.4162,490.5203,9516.0940,0.04056393,1765.8731,1644.6383,8044.5331,8165.7679,0.03429115,0.03480794,0.00125455,11.8178,14.9930,0.8676,208.7320,5.3202,4991.3829,240.5957,12.7170,9.8041,2.5818,2.84,3.3563,4.9054,16.007,177.8754,0.2582,0.0,5.636364,62.633151,4.16126,29,188,6,10,0.74390005,0.04181848,0.03860046,0E-8,0.000000,0.722694,0.000000,0.01256549,2026-05-12,2026-08-02,47,1844,580,83,0.566265,1.297104,1.076088,2.479667,,,,,,,,GLOBAL_BASELINE_NO_ENTITY_RANKING,,,NOT_APPLICABLE_GLOBAL_BASELINE,HF9g-P5,,,,X 全窗基线 · 不参与实体赏罚,15059111,1506,A168_HF9F_20260827_0900,2026-08-27 09:00:00
2026-07-09,17529000,1963,0,113.0818681743,14.1094157437,14.1094157437,0.3000000,13,10,0.50059166788576247,0.500618360000,-1.2686539885800885,-1.26882288641291,-1.2686539885800885,-0.00002669211423753,ELIGIBLE,R03b_20260811_FULL_v1,L1_ELIGIBILITY,v2026-08-11,2026-03-21..2026-08-06,baccarat_bet02_101_all_pairs_incl_sentinel,round_win = game_pnl > 0 (decisive only),COMPATIBILITY_ONLY_NOT_PRODUCTION,234594.9955,169540.3402,9810.4062,19851,11308,-0.04181848,-0.03860046,-0.05116595,-0.04181848,-9810.4062,234594.9955,OK,0.0000,294.3122,3.0000,97.0000,AG03-UNRESOLVED,ALL5_LEVELS_bet23_to_bet27,294.3122,294.3122,294.3122,392.4162,490.5203,3.000000,3.000000,3.000000,4.000000,5.000000,97.000000,97.000000,97.000000,96.000000,95.000000,5.0,1765.8731,1644.6383,8044.5331,8165.7679,PENDING_AG03,FALSE,NOT_FOR_ENFORCEMENT,9516.0940,164454.1300,9810.4062,9516.0940,294.3122,0.04181848,0.04056393,294.3122,9516.0940,0.04056393,294.3122,294.3122,294.3122,392.4162,490.5203,9516.0940,0.04056393,1765.8731,1644.6383,8044.5331,8165.7679,0.03429115,0.03480794,0.00125455,11.8178,14.9930,0.8676,208.7320,5.3202,4991.3829,240.5957,12.7170,9.8041,2.5818,2.84,3.3563,4.9054,16.007,177.8754,0.2582,0.0,5.636364,62.633151,4.16126,29,188,6,10,0.74390005,0.04181848,0.03860046,0E-8,0.000000,0.722694,0.000000,0.01256549,2026-05-12,2026-08-02,47,1844,580,83,0.566265,1.297104,1.076088,2.479667,,,,,,,,GLOBAL_BASELINE_NO_ENTITY_RANKING,,,NOT_APPLICABLE_GLOBAL_BASELINE,HF9g-P5,,,,X 全窗基线 · 不参与实体赏罚,15059112,1506,A168_HF9F_20260827_0900,2026-08-27 09:00:00
2026-07-09,17529000,1994,0,195.4405803833,24.0621692099,24.0621692099,0.5000000,45,27,0.50017248636265206,0.500196344444,-0.001759022762650285,-0.0020023284570671496,-0.001759022762650285,-0.00002385808134794,ELIGIBLE,R03b_20260811_FULL_v1,L1_ELIGIBILITY,v2026-08-11,2026-03-21..2026-08-06,baccarat_bet02_101_all_pairs_incl_sentinel,round_win = game_pnl > 0 (decisive only),COMPATIBILITY_ONLY_NOT_PRODUCTION,234594.9955,169540.3402,9810.4062,19851,11308,-0.04181848,-0.03860046,-0.05116595,-0.04181848,-9810.4062,234594.9955,OK,0.0000,294.3122,3.0000,97.0000,AG03-UNRESOLVED,ALL5_LEVELS_bet23_to_bet27,294.3122,294.3122,294.3122,392.4162,490.5203,3.000000,3.000000,3.000000,4.000000,5.000000,97.000000,97.000000,97.000000,96.000000,95.000000,5.0,1765.8731,1644.6383,8044.5331,8165.7679,PENDING_AG03,FALSE,NOT_FOR_ENFORCEMENT,9516.0940,164454.1300,9810.4062,9516.0940,294.3122,0.04181848,0.04056393,294.3122,9516.0940,0.04056393,294.3122,294.3122,294.3122,392.4162,490.5203,9516.0940,0.04056393,1765.8731,1644.6383,8044.5331,8165.7679,0.03429115,0.03480794,0.00125455,11.8178,14.9930,0.8676,208.7320,5.3202,4991.3829,240.5957,12.7170,9.8041,2.5818,2.84,3.3563,4.9054,16.007,177.8754,0.2582,0.0,5.636364,62.633151,4.16126,29,188,6,10,0.74390005,0.04181848,0.03860046,0E-8,0.000000,0.722694,0.000000,0.01256549,2026-05-12,2026-08-02,47,1844,580,83,0.566265,1.297104,1.076088,2.479667,,,,,,,,GLOBAL_BASELINE_NO_ENTITY_RANKING,,,NOT_APPLICABLE_GLOBAL_BASELINE,HF9g-P5,,,,X 全窗基线 · 不参与实体赏罚,15059113,1506,A168_HF9F_20260827_0900,2026-08-27 09:00:00
2026-07-09,17529000,2093,0,50.6028451189,0.1419977799,0.1419977799,0.6250000,18,9,0.50034948225106425,0.499948100000,0.7051299832756251,0.7074003757330176,0.7051299832756251,0.00040138225106425,ELIGIBLE,R03b_20260811_FULL_v1,L1_ELIGIBILITY,v2026-08-11,2026-03-21..2026-08-06,baccarat_bet02_101_all_pairs_incl_sentinel,round_win = game_pnl > 0 (decisive only),COMPATIBILITY_ONLY_NOT_PRODUCTION,234594.9955,169540.3402,9810.4062,19851,11308,-0.04181848,-0.03860046,-0.05116595,-0.04181848,-9810.4062,234594.9955,OK,0.0000,294.3122,3.0000,97.0000,AG03-UNRESOLVED,ALL5_LEVELS_bet23_to_bet27,294.3122,294.3122,294.3122,392.4162,490.5203,3.000000,3.000000,3.000000,4.000000,5.000000,97.000000,97.000000,97.000000,96.000000,95.000000,5.0,1765.8731,1644.6383,8044.5331,8165.7679,PENDING_AG03,FALSE,NOT_FOR_ENFORCEMENT,9516.0940,164454.1300,9810.4062,9516.0940,294.3122,0.04181848,0.04056393,294.3122,9516.0940,0.04056393,294.3122,294.3122,294.3122,392.4162,490.5203,9516.0940,0.04056393,1765.8731,1644.6383,8044.5331,8165.7679,0.03429115,0.03480794,0.00125455,11.8178,14.9930,0.8676,208.7320,5.3202,4991.3829,240.5957,12.7170,9.8041,2.5818,2.84,3.3563,4.9054,16.007,177.8754,0.2582,0.0,5.636364,62.633151,4.16126,29,188,6,10,0.74390005,0.04181848,0.03860046,0E-8,0.000000,0.722694,0.000000,0.01256549,2026-05-12,2026-08-02,47,1844,580,83,0.566265,1.297104,1.076088,2.479667,,,,,,,,GLOBAL_BASELINE_NO_ENTITY_RANKING,,,NOT_APPLICABLE_GLOBAL_BASELINE,HF9g-P5,,,,X 全窗基线 · 不参与实体赏罚,15059114,1506,A168_HF9F_20260827_0900,2026-08-27 09:00:00
2026-07-09,17529000,2101,0,44.9229339322,0.4776288952,0.4776288952,0.5714286,16,8,0.50001433122531699,0.499948100000,0.3778886394481086,0.37823910403297295,0.3778886394481086,0.00006623122531699,ELIGIBLE,R03b_20260811_FULL_v1,L1_ELIGIBILITY,v2026-08-11,2026-03-21..2026-08-06,baccarat_bet02_101_all_pairs_incl_sentinel,round_win = game_pnl > 0 (decisive only),COMPATIBILITY_ONLY_NOT_PRODUCTION,234594.9955,169540.3402,9810.4062,19851,11308,-0.04181848,-0.03860046,-0.05116595,-0.04181848,-9810.4062,234594.9955,OK,0.0000,294.3122,3.0000,97.0000,AG03-UNRESOLVED,ALL5_LEVELS_bet23_to_bet27,294.3122,294.3122,294.3122,392.4162,490.5203,3.000000,3.000000,3.000000,4.000000,5.000000,97.000000,97.000000,97.000000,96.000000,95.000000,5.0,1765.8731,1644.6383,8044.5331,8165.7679,PENDING_AG03,FALSE,NOT_FOR_ENFORCEMENT,9516.0940,164454.1300,9810.4062,9516.0940,294.3122,0.04181848,0.04056393,294.3122,9516.0940,0.04056393,294.3122,294.3122,294.3122,392.4162,490.5203,9516.0940,0.04056393,1765.8731,1644.6383,8044.5331,8165.7679,0.03429115,0.03480794,0.00125455,11.8178,14.9930,0.8676,208.7320,5.3202,4991.3829,240.5957,12.7170,9.8041,2.5818,2.84,3.3563,4.9054,16.007,177.8754,0.2582,0.0,5.636364,62.633151,4.16126,29,188,6,10,0.74390005,0.04181848,0.03860046,0E-8,0.000000,0.722694,0.000000,0.01256549,2026-05-12,2026-08-02,47,1844,580,83,0.566265,1.297104,1.076088,2.479667,,,,,,,,GLOBAL_BASELINE_NO_ENTITY_RANKING,,,NOT_APPLICABLE_GLOBAL_BASELINE,HF9g-P5,,,,X 全窗基线 · 不参与实体赏罚,15059115,1506,A168_HF9F_20260827_0900,2026-08-27 09:00:00
2026-07-09,17529000,2123,0,63.5117341801,6.2995378619,6.2995378619,0.5000000,19,11,0.49951732115176460,0.499338772727,0.0030527305000649574,0.0041819721243018205,0.0030527305000649574,0.00017854842476460,ELIGIBLE,R03b_20260811_FULL_v1,L1_ELIGIBILITY,v2026-08-11,2026-03-21..2026-08-06,baccarat_bet02_101_all_pairs_incl_sentinel,round_win = game_pnl > 0 (decisive only),COMPATIBILITY_ONLY_NOT_PRODUCTION,234594.9955,169540.3402,9810.4062,19851,11308,-0.04181848,-0.03860046,-0.05116595,-0.04181848,-9810.4062,234594.9955,OK,0.0000,294.3122,3.0000,97.0000,AG03-UNRESOLVED,ALL5_LEVELS_bet23_to_bet27,294.3122,294.3122,294.3122,392.4162,490.5203,3.000000,3.000000,3.000000,4.000000,5.000000,97.000000,97.000000,97.000000,96.000000,95.000000,5.0,1765.8731,1644.6383,8044.5331,8165.7679,PENDING_AG03,FALSE,NOT_FOR_ENFORCEMENT,9516.0940,164454.1300,9810.4062,9516.0940,294.3122,0.04181848,0.04056393,294.3122,9516.0940,0.04056393,294.3122,294.3122,294.3122,392.4162,490.5203,9516.0940,0.04056393,1765.8731,1644.6383,8044.5331,8165.7679,0.03429115,0.03480794,0.00125455,11.8178,14.9930,0.8676,208.7320,5.3202,4991.3829,240.5957,12.7170,9.8041,2.5818,2.84,3.3563,4.9054,16.007,177.8754,0.2582,0.0,5.636364,62.633151,4.16126,29,188,6,10,0.74390005,0.04181848,0.03860046,0E-8,0.000000,0.722694,0.000000,0.01256549,2026-05-12,2026-08-02,47,1844,580,83,0.566265,1.297104,1.076088,2.479667,,,,,,,,GLOBAL_BASELINE_NO_ENTITY_RANKING,,,NOT_APPLICABLE_GLOBAL_BASELINE,HF9g-P5,,,,X 全窗基线 · 不参与实体赏罚,15059116,1506,A168_HF9F_20260827_0900,2026-08-27 09:00:00
2026-07-09,17529000,2141,0,80.5514677406,0.6841711203,0.6841711203,0.4166667,27,14,0.49933008949202646,0.499469342857,-0.5727095070857654,-0.5736740917472256,-0.5727095070857654,-0.00013925336497354,ELIGIBLE,R03b_20260811_FULL_v1,L1_ELIGIBILITY,v2026-08-11,2026-03-21..2026-08-06,baccarat_bet02_101_all_pairs_incl_sentinel,round_win = game_pnl > 0 (decisive only),COMPATIBILITY_ONLY_NOT_PRODUCTION,234594.9955,169540.3402,9810.4062,19851,11308,-0.04181848,-0.03860046,-0.05116595,-0.04181848,-9810.4062,234594.9955,OK,0.0000,294.3122,3.0000,97.0000,AG03-UNRESOLVED,ALL5_LEVELS_bet23_to_bet27,294.3122,294.3122,294.3122,392.4162,490.5203,3.000000,3.000000,3.000000,4.000000,5.000000,97.000000,97.000000,97.000000,96.000000,95.000000,5.0,1765.8731,1644.6383,8044.5331,8165.7679,PENDING_AG03,FALSE,NOT_FOR_ENFORCEMENT,9516.0940,164454.1300,9810.4062,9516.0940,294.3122,0.04181848,0.04056393,294.3122,9516.0940,0.04056393,294.3122,294.3122,294.3122,392.4162,490.5203,9516.0940,0.04056393,1765.8731,1644.6383,8044.5331,8165.7679,0.03429115,0.03480794,0.00125455,11.8178,14.9930,0.8676,208.7320,5.3202,4991.3829,240.5957,12.7170,9.8041,2.5818,2.84,3.3563,4.9054,16.007,177.8754,0.2582,0.0,5.636364,62.633151,4.16126,29,188,6,10,0.74390005,0.04181848,0.03860046,0E-8,0.000000,0.722694,0.000000,0.01256549,2026-05-12,2026-08-02,47,1844,580,83,0.566265,1.297104,1.076088,2.479667,,,,,,,,GLOBAL_BASELINE_NO_ENTITY_RANKING,,,NOT_APPLICABLE_GLOBAL_BASELINE,HF9g-P5,,,,X 全窗基线 · 不参与实体赏罚,15059117,1506,A168_HF9F_20260827_0900,2026-08-27 09:00:00
2026-07-09,17529000,2145,0,52.1519118064,6.1317223041,6.1317223041,0.5000000,15,9,0.49767212254232475,0.497713900000,0.013168606211229736,0.0129322696751028,0.013168606211229736,-0.00004177745767525,ELIGIBLE,R03b_20260811_FULL_v1,L1_ELIGIBILITY,v2026-08-11,2026-03-21..2026-08-06,baccarat_bet02_101_all_pairs_incl_sentinel,round_win = game_pnl > 0 (decisive only),COMPATIBILITY_ONLY_NOT_PRODUCTION,234594.9955,169540.3402,9810.4062,19851,11308,-0.04181848,-0.03860046,-0.05116595,-0.04181848,-9810.4062,234594.9955,OK,0.0000,294.3122,3.0000,97.0000,AG03-UNRESOLVED,ALL5_LEVELS_bet23_to_bet27,294.3122,294.3122,294.3122,392.4162,490.5203,3.000000,3.000000,3.000000,4.000000,5.000000,97.000000,97.000000,97.000000,96.000000,95.000000,5.0,1765.8731,1644.6383,8044.5331,8165.7679,PENDING_AG03,FALSE,NOT_FOR_ENFORCEMENT,9516.0940,164454.1300,9810.4062,9516.0940,294.3122,0.04181848,0.04056393,294.3122,9516.0940,0.04056393,294.3122,294.3122,294.3122,392.4162,490.5203,9516.0940,0.04056393,1765.8731,1644.6383,8044.5331,8165.7679,0.03429115,0.03480794,0.00125455,11.8178,14.9930,0.8676,208.7320,5.3202,4991.3829,240.5957,12.7170,9.8041,2.5818,2.84,3.3563,4.9054,16.007,177.8754,0.2582,0.0,5.636364,62.633151,4.16126,29,188,6,10,0.74390005,0.04181848,0.03860046,0E-8,0.000000,0.722694,0.000000,0.01256549,2026-05-12,2026-08-02,47,1844,580,83,0.566265,1.297104,1.076088,2.479667,,,,,,,,GLOBAL_BASELINE_NO_ENTITY_RANKING,,,NOT_APPLICABLE_GLOBAL_BASELINE,HF9g-P5,,,,X 全窗基线 · 不参与实体赏罚,15059118,1506,A168_HF9F_20260827_0900,2026-08-27 09:00:00
2026-07-09,17529000,2156,0,45.1811117133,0.1161800017,0.1161800017,0.4285714,16,8,0.49970436909091446,0.499948100000,-0.37640020707159977,-0.377689846057837,-0.37640020707159977,-0.00024373090908554,ELIGIBLE,R03b_20260811_FULL_v1,L1_ELIGIBILITY,v2026-08-11,2026-03-21..2026-08-06,baccarat_bet02_101_all_pairs_incl_sentinel,round_win = game_pnl > 0 (decisive only),COMPATIBILITY_ONLY_NOT_PRODUCTION,234594.9955,169540.3402,9810.4062,19851,11308,-0.04181848,-0.03860046,-0.05116595,-0.04181848,-9810.4062,234594.9955,OK,0.0000,294.3122,3.0000,97.0000,AG03-UNRESOLVED,ALL5_LEVELS_bet23_to_bet27,294.3122,294.3122,294.3122,392.4162,490.5203,3.000000,3.000000,3.000000,4.000000,5.000000,97.000000,97.000000,97.000000,96.000000,95.000000,5.0,1765.8731,1644.6383,8044.5331,8165.7679,PENDING_AG03,FALSE,NOT_FOR_ENFORCEMENT,9516.0940,164454.1300,9810.4062,9516.0940,294.3122,0.04181848,0.04056393,294.3122,9516.0940,0.04056393,294.3122,294.3122,294.3122,392.4162,490.5203,9516.0940,0.04056393,1765.8731,1644.6383,8044.5331,8165.7679,0.03429115,0.03480794,0.00125455,11.8178,14.9930,0.8676,208.7320,5.3202,4991.3829,240.5957,12.7170,9.8041,2.5818,2.84,3.3563,4.9054,16.007,177.8754,0.2582,0.0,5.636364,62.633151,4.16126,29,188,6,10,0.74390005,0.04181848,0.03860046,0E-8,0.000000,0.722694,0.000000,0.01256549,2026-05-12,2026-08-02,47,1844,580,83,0.566265,1.297104,1.076088,2.479667,,,,,,,,GLOBAL_BASELINE_NO_ENTITY_RANKING,,,NOT_APPLICABLE_GLOBAL_BASELINE,HF9g-P5,,,,X 全窗基线 · 不参与实体赏罚,15059119,1506,A168_HF9F_20260827_0900,2026-08-27 09:00:00
2026-07-09,17529000,2170,0,201.3786693512,3.2788578220,3.2788578220,0.5714286,68,36,0.50052529224579568,0.500320466667,0.8389393760378476,0.8413626148029465,0.8389393760378476,0.00020482557879568,ELIGIBLE,R03b_20260811_FULL_v1,L1_ELIGIBILITY,v2026-08-11,2026-03-21..2026-08-06,baccarat_bet02_101_all_pairs_incl_sentinel,round_win = game_pnl > 0 (decisive only),COMPATIBILITY_ONLY_NOT_PRODUCTION,234594.9955,169540.3402,9810.4062,19851,11308,-0.04181848,-0.03860046,-0.05116595,-0.04181848,-9810.4062,234594.9955,OK,0.0000,294.3122,3.0000,97.0000,AG03-UNRESOLVED,ALL5_LEVELS_bet23_to_bet27,294.3122,294.3122,294.3122,392.4162,490.5203,3.000000,3.000000,3.000000,4.000000,5.000000,97.000000,97.000000,97.000000,96.000000,95.000000,5.0,1765.8731,1644.6383,8044.5331,8165.7679,PENDING_AG03,FALSE,NOT_FOR_ENFORCEMENT,9516.0940,164454.1300,9810.4062,9516.0940,294.3122,0.04181848,0.04056393,294.3122,9516.0940,0.04056393,294.3122,294.3122,294.3122,392.4162,490.5203,9516.0940,0.04056393,1765.8731,1644.6383,8044.5331,8165.7679,0.03429115,0.03480794,0.00125455,11.8178,14.9930,0.8676,208.7320,5.3202,4991.3829,240.5957,12.7170,9.8041,2.5818,2.84,3.3563,4.9054,16.007,177.8754,0.2582,0.0,5.636364,62.633151,4.16126,29,188,6,10,0.74390005,0.04181848,0.03860046,0E-8,0.000000,0.722694,0.000000,0.01256549,2026-05-12,2026-08-02,47,1844,580,83,0.566265,1.297104,1.076088,2.479667,,,,,,,,GLOBAL_BASELINE_NO_ENTITY_RANKING,,,NOT_APPLICABLE_GLOBAL_BASELINE,HF9g-P5,,,,X 全窗基线 · 不参与实体赏罚,15059120,1506,A168_HF9F_20260827_0900,2026-08-27 09:00:00
2026-07-09,17529000,2177,0,100.6893346756,4.0921178327,4.0921178327,0.4444444,33,18,0.50088511102961112,0.501065200000,-0.47891568731103745,-0.4804441327849775,-0.47891568731103745,-0.00018008897038888,ELIGIBLE,R03b_20260811_FULL_v1,L1_ELIGIBILITY,v2026-08-11,2026-03-21..2026-08-06,baccarat_bet02_101_all_pairs_incl_sentinel,round_win = game_pnl > 0 (decisive only),COMPATIBILITY_ONLY_NOT_PRODUCTION,234594.9955,169540.3402,9810.4062,19851,11308,-0.04181848,-0.03860046,-0.05116595,-0.04181848,-9810.4062,234594.9955,OK,0.0000,294.3122,3.0000,97.0000,AG03-UNRESOLVED,ALL5_LEVELS_bet23_to_bet27,294.3122,294.3122,294.3122,392.4162,490.5203,3.000000,3.000000,3.000000,4.000000,5.000000,97.000000,97.000000,97.000000,96.000000,95.000000,5.0,1765.8731,1644.6383,8044.5331,8165.7679,PENDING_AG03,FALSE,NOT_FOR_ENFORCEMENT,9516.0940,164454.1300,9810.4062,9516.0940,294.3122,0.04181848,0.04056393,294.3122,9516.0940,0.04056393,294.3122,294.3122,294.3122,392.4162,490.5203,9516.0940,0.04056393,1765.8731,1644.6383,8044.5331,8165.7679,0.03429115,0.03480794,0.00125455,11.8178,14.9930,0.8676,208.7320,5.3202,4991.3829,240.5957,12.7170,9.8041,2.5818,2.84,3.3563,4.9054,16.007,177.8754,0.2582,0.0,5.636364,62.633151,4.16126,29,188,6,10,0.74390005,0.04181848,0.03860046,0E-8,0.000000,0.722694,0.000000,0.01256549,2026-05-12,2026-08-02,47,1844,580,83,0.566265,1.297104,1.076088,2.479667,,,,,,,,GLOBAL_BASELINE_NO_ENTITY_RANKING,,,NOT_APPLICABLE_GLOBAL_BASELINE,HF9g-P5,,,,X 全窗基线 · 不参与实体赏罚,15059121,1506,A168_HF9F_20260827_0900,2026-08-27 09:00:00
2026-07-09,17529000,2201,0,380.2958717371,135.6724240311,135.6724240311,0.6923077,23,15,0.49920214717109796,0.499501260000,1.3925056619862157,1.390347647524057,1.3925056619862157,-0.00029911282890204,ELIGIBLE,R03b_20260811_FULL_v1,L1_ELIGIBILITY,v2026-08-11,2026-03-21..2026-08-06,baccarat_bet02_101_all_pairs_incl_sentinel,round_win = game_pnl > 0 (decisive only),COMPATIBILITY_ONLY_NOT_PRODUCTION,234594.9955,169540.3402,9810.4062,19851,11308,-0.04181848,-0.03860046,-0.05116595,-0.04181848,-9810.4062,234594.9955,OK,0.0000,294.3122,3.0000,97.0000,AG03-UNRESOLVED,ALL5_LEVELS_bet23_to_bet27,294.3122,294.3122,294.3122,392.4162,490.5203,3.000000,3.000000,3.000000,4.000000,5.000000,97.000000,97.000000,97.000000,96.000000,95.000000,5.0,1765.8731,1644.6383,8044.5331,8165.7679,PENDING_AG03,FALSE,NOT_FOR_ENFORCEMENT,9516.0940,164454.1300,9810.4062,9516.0940,294.3122,0.04181848,0.04056393,294.3122,9516.0940,0.04056393,294.3122,294.3122,294.3122,392.4162,490.5203,9516.0940,0.04056393,1765.8731,1644.6383,8044.5331,8165.7679,0.03429115,0.03480794,0.00125455,11.8178,14.9930,0.8676,208.7320,5.3202,4991.3829,240.5957,12.7170,9.8041,2.5818,2.84,3.3563,4.9054,16.007,177.8754,0.2582,0.0,5.636364,62.633151,4.16126,29,188,6,10,0.74390005,0.04181848,0.03860046,0E-8,0.000000,0.722694,0.000000,0.01256549,2026-05-12,2026-08-02,47,1844,580,83,0.566265,1.297104,1.076088,2.479667,,,,,,,,GLOBAL_BASELINE_NO_ENTITY_RANKING,,,NOT_APPLICABLE_GLOBAL_BASELINE,HF9g-P5,,,,X 全窗基线 · 不参与实体赏罚,15059122,1506,A168_HF9F_20260827_0900,2026-08-27 09:00:00
2026-07-09,17529000,2212,0,12.3925334986,0.5163555624,0.5163555624,0.5000000,4,2,0.49971496608697615,0.499948100000,0.0008061977820672142,0.00014679536856514622,0.0008061977820672142,-0.00023313391302385,ELIGIBLE,R03b_20260811_FULL_v1,L1_ELIGIBILITY,v2026-08-11,2026-03-21..2026-08-06,baccarat_bet02_101_all_pairs_incl_sentinel,round_win = game_pnl > 0 (decisive only),COMPATIBILITY_ONLY_NOT_PRODUCTION,234594.9955,169540.3402,9810.4062,19851,11308,-0.04181848,-0.03860046,-0.05116595,-0.04181848,-9810.4062,234594.9955,OK,0.0000,294.3122,3.0000,97.0000,AG03-UNRESOLVED,ALL5_LEVELS_bet23_to_bet27,294.3122,294.3122,294.3122,392.4162,490.5203,3.000000,3.000000,3.000000,4.000000,5.000000,97.000000,97.000000,97.000000,96.000000,95.000000,5.0,1765.8731,1644.6383,8044.5331,8165.7679,PENDING_AG03,FALSE,NOT_FOR_ENFORCEMENT,9516.0940,164454.1300,9810.4062,9516.0940,294.3122,0.04181848,0.04056393,294.3122,9516.0940,0.04056393,294.3122,294.3122,294.3122,392.4162,490.5203,9516.0940,0.04056393,1765.8731,1644.6383,8044.5331,8165.7679,0.03429115,0.03480794,0.00125455,11.8178,14.9930,0.8676,208.7320,5.3202,4991.3829,240.5957,12.7170,9.8041,2.5818,2.84,3.3563,4.9054,16.007,177.8754,0.2582,0.0,5.636364,62.633151,4.16126,29,188,6,10,0.74390005,0.04181848,0.03860046,0E-8,0.000000,0.722694,0.000000,0.01256549,2026-05-12,2026-08-02,47,1844,580,83,0.566265,1.297104,1.076088,2.479667,,,,,,,,GLOBAL_BASELINE_NO_ENTITY_RANKING,,,NOT_APPLICABLE_GLOBAL_BASELINE,HF9g-P5,,,,X 全窗基线 · 不参与实体赏罚,15059123,1506,A168_HF9F_20260827_0900,2026-08-27 09:00:00
2026-07-09,17529000,2220,0,38.7266671829,-0.3356311154,-0.3356311154,0.7142857,14,7,0.50013823317735307,0.499948100000,1.1331620011131047,1.134168054123783,1.1331620011131047,0.00019013317735307,ELIGIBLE,R03b_20260811_FULL_v1,L1_ELIGIBILITY,v2026-08-11,2026-03-21..2026-08-06,baccarat_bet02_101_all_pairs_incl_sentinel,round_win = game_pnl > 0 (decisive only),COMPATIBILITY_ONLY_NOT_PRODUCTION,234594.9955,169540.3402,9810.4062,19851,11308,-0.04181848,-0.03860046,-0.05116595,-0.04181848,-9810.4062,234594.9955,OK,0.0000,294.3122,3.0000,97.0000,AG03-UNRESOLVED,ALL5_LEVELS_bet23_to_bet27,294.3122,294.3122,294.3122,392.4162,490.5203,3.000000,3.000000,3.000000,4.000000,5.000000,97.000000,97.000000,97.000000,96.000000,95.000000,5.0,1765.8731,1644.6383,8044.5331,8165.7679,PENDING_AG03,FALSE,NOT_FOR_ENFORCEMENT,9516.0940,164454.1300,9810.4062,9516.0940,294.3122,0.04181848,0.04056393,294.3122,9516.0940,0.04056393,294.3122,294.3122,294.3122,392.4162,490.5203,9516.0940,0.04056393,1765.8731,1644.6383,8044.5331,8165.7679,0.03429115,0.03480794,0.00125455,11.8178,14.9930,0.8676,208.7320,5.3202,4991.3829,240.5957,12.7170,9.8041,2.5818,2.84,3.3563,4.9054,16.007,177.8754,0.2582,0.0,5.636364,62.633151,4.16126,29,188,6,10,0.74390005,0.04181848,0.03860046,0E-8,0.000000,0.722694,0.000000,0.01256549,2026-05-12,2026-08-02,47,1844,580,83,0.566265,1.297104,1.076088,2.479667,,,,,,,,GLOBAL_BASELINE_NO_ENTITY_RANKING,,,NOT_APPLICABLE_GLOBAL_BASELINE,HF9g-P5,,,,X 全窗基线 · 不参与实体赏罚,15059124,1506,A168_HF9F_20260827_0900,2026-08-27 09:00:00
2026-07-09,17529000,2222,0,73.0643120851,2.1041489172,2.1041489172,0.6923077,26,13,0.50043190333143962,0.499948100000,1.3836365075565284,1.387124754258212,1.3836365075565284,0.00048380333143962,ELIGIBLE,R03b_20260811_FULL_v1,L1_ELIGIBILITY,v2026-08-11,2026-03-21..2026-08-06,baccarat_bet02_101_all_pairs_incl_sentinel,round_win = game_pnl > 0 (decisive only),COMPATIBILITY_ONLY_NOT_PRODUCTION,234594.9955,169540.3402,9810.4062,19851,11308,-0.04181848,-0.03860046,-0.05116595,-0.04181848,-9810.4062,234594.9955,OK,0.0000,294.3122,3.0000,97.0000,AG03-UNRESOLVED,ALL5_LEVELS_bet23_to_bet27,294.3122,294.3122,294.3122,392.4162,490.5203,3.000000,3.000000,3.000000,4.000000,5.000000,97.000000,97.000000,97.000000,96.000000,95.000000,5.0,1765.8731,1644.6383,8044.5331,8165.7679,PENDING_AG03,FALSE,NOT_FOR_ENFORCEMENT,9516.0940,164454.1300,9810.4062,9516.0940,294.3122,0.04181848,0.04056393,294.3122,9516.0940,0.04056393,294.3122,294.3122,294.3122,392.4162,490.5203,9516.0940,0.04056393,1765.8731,1644.6383,8044.5331,8165.7679,0.03429115,0.03480794,0.00125455,11.8178,14.9930,0.8676,208.7320,5.3202,4991.3829,240.5957,12.7170,9.8041,2.5818,2.84,3.3563,4.9054,16.007,177.8754,0.2582,0.0,5.636364,62.633151,4.16126,29,188,6,10,0.74390005,0.04181848,0.03860046,0E-8,0.000000,0.722694,0.000000,0.01256549,2026-05-12,2026-08-02,47,1844,580,83,0.566265,1.297104,1.076088,2.479667,,,,,,,,GLOBAL_BASELINE_NO_ENTITY_RANKING,,,NOT_APPLICABLE_GLOBAL_BASELINE,HF9g-P5,,,,X 全窗基线 · 不参与实体赏罚,15059125,1506,A168_HF9F_20260827_0900,2026-08-27 09:00:00
2026-07-09,17529000,2233,0,23.2360003098,1.0714377921,1.0714377921,0.6666667,8,4,0.50051847700452670,0.499948100000,0.5755545216002123,0.5775300591747329,0.5755545216002123,0.00057037700452670,ELIGIBLE,R03b_20260811_FULL_v1,L1_ELIGIBILITY,v2026-08-11,2026-03-21..2026-08-06,baccarat_bet02_101_all_pairs_incl_sentinel,round_win = game_pnl > 0 (decisive only),COMPATIBILITY_ONLY_NOT_PRODUCTION,234594.9955,169540.3402,9810.4062,19851,11308,-0.04181848,-0.03860046,-0.05116595,-0.04181848,-9810.4062,234594.9955,OK,0.0000,294.3122,3.0000,97.0000,AG03-UNRESOLVED,ALL5_LEVELS_bet23_to_bet27,294.3122,294.3122,294.3122,392.4162,490.5203,3.000000,3.000000,3.000000,4.000000,5.000000,97.000000,97.000000,97.000000,96.000000,95.000000,5.0,1765.8731,1644.6383,8044.5331,8165.7679,PENDING_AG03,FALSE,NOT_FOR_ENFORCEMENT,9516.0940,164454.1300,9810.4062,9516.0940,294.3122,0.04181848,0.04056393,294.3122,9516.0940,0.04056393,294.3122,294.3122,294.3122,392.4162,490.5203,9516.0940,0.04056393,1765.8731,1644.6383,8044.5331,8165.7679,0.03429115,0.03480794,0.00125455,11.8178,14.9930,0.8676,208.7320,5.3202,4991.3829,240.5957,12.7170,9.8041,2.5818,2.84,3.3563,4.9054,16.007,177.8754,0.2582,0.0,5.636364,62.633151,4.16126,29,188,6,10,0.74390005,0.04181848,0.03860046,0E-8,0.000000,0.722694,0.000000,0.01256549,2026-05-12,2026-08-02,47,1844,580,83,0.566265,1.297104,1.076088,2.479667,,,,,,,,GLOBAL_BASELINE_NO_ENTITY_RANKING,,,NOT_APPLICABLE_GLOBAL_BASELINE,HF9g-P5,,,,X 全窗基线 · 不参与实体赏罚,15059126,1506,A168_HF9F_20260827_0900,2026-08-27 09:00:00
2026-07-09,17529000,2235,0,149.7431131073,7.2806134308,7.2806134308,0.4000000,50,26,0.50081044155889081,0.500463684615,-1.0081057398687703,-1.0046372781509985,-1.0081057398687703,0.00034675694389081,ELIGIBLE,R03b_20260811_FULL_v1,L1_ELIGIBILITY,v2026-08-11,2026-03-21..2026-08-06,baccarat_bet02_101_all_pairs_incl_sentinel,round_win = game_pnl > 0 (decisive only),COMPATIBILITY_ONLY_NOT_PRODUCTION,234594.9955,169540.3402,9810.4062,19851,11308,-0.04181848,-0.03860046,-0.05116595,-0.04181848,-9810.4062,234594.9955,OK,0.0000,294.3122,3.0000,97.0000,AG03-UNRESOLVED,ALL5_LEVELS_bet23_to_bet27,294.3122,294.3122,294.3122,392.4162,490.5203,3.000000,3.000000,3.000000,4.000000,5.000000,97.000000,97.000000,97.000000,96.000000,95.000000,5.0,1765.8731,1644.6383,8044.5331,8165.7679,PENDING_AG03,FALSE,NOT_FOR_ENFORCEMENT,9516.0940,164454.1300,9810.4062,9516.0940,294.3122,0.04181848,0.04056393,294.3122,9516.0940,0.04056393,294.3122,294.3122,294.3122,392.4162,490.5203,9516.0940,0.04056393,1765.8731,1644.6383,8044.5331,8165.7679,0.03429115,0.03480794,0.00125455,11.8178,14.9930,0.8676,208.7320,5.3202,4991.3829,240.5957,12.7170,9.8041,2.5818,2.84,3.3563,4.9054,16.007,177.8754,0.2582,0.0,5.636364,62.633151,4.16126,29,188,6,10,0.74390005,0.04181848,0.03860046,0E-8,0.000000,0.722694,0.000000,0.01256549,2026-05-12,2026-08-02,47,1844,580,83,0.566265,1.297104,1.076088,2.479667,,,,,,,,GLOBAL_BASELINE_NO_ENTITY_RANKING,,,NOT_APPLICABLE_GLOBAL_BASELINE,HF9g-P5,,,,X 全窗基线 · 不参与实体赏罚,15059127,1506,A168_HF9F_20260827_0900,2026-08-27 09:00:00
2026-07-09,17529000,2242,0,73.5806676476,6.5318978651,6.5318978651,0.5454545,23,13,0.50170315900176316,0.501494853846,0.29021554953416867,0.29159690913139247,0.29021554953416867,0.00020830515576316,ELIGIBLE,R03b_20260811_FULL_v1,L1_ELIGIBILITY,v2026-08-11,2026-03-21..2026-08-06,baccarat_bet02_101_all_pairs_incl_sentinel,round_win = game_pnl > 0 (decisive only),COMPATIBILITY_ONLY_NOT_PRODUCTION,234594.9955,169540.3402,9810.4062,19851,11308,-0.04181848,-0.03860046,-0.05116595,-0.04181848,-9810.4062,234594.9955,OK,0.0000,294.3122,3.0000,97.0000,AG03-UNRESOLVED,ALL5_LEVELS_bet23_to_bet27,294.3122,294.3122,294.3122,392.4162,490.5203,3.000000,3.000000,3.000000,4.000000,5.000000,97.000000,97.000000,97.000000,96.000000,95.000000,5.0,1765.8731,1644.6383,8044.5331,8165.7679,PENDING_AG03,FALSE,NOT_FOR_ENFORCEMENT,9516.0940,164454.1300,9810.4062,9516.0940,294.3122,0.04181848,0.04056393,294.3122,9516.0940,0.04056393,294.3122,294.3122,294.3122,392.4162,490.5203,9516.0940,0.04056393,1765.8731,1644.6383,8044.5331,8165.7679,0.03429115,0.03480794,0.00125455,11.8178,14.9930,0.8676,208.7320,5.3202,4991.3829,240.5957,12.7170,9.8041,2.5818,2.84,3.3563,4.9054,16.007,177.8754,0.2582,0.0,5.636364,62.633151,4.16126,29,188,6,10,0.74390005,0.04181848,0.03860046,0E-8,0.000000,0.722694,0.000000,0.01256549,2026-05-12,2026-08-02,47,1844,580,83,0.566265,1.297104,1.076088,2.479667,,,,,,,,GLOBAL_BASELINE_NO_ENTITY_RANKING,,,NOT_APPLICABLE_GLOBAL_BASELINE,HF9g-P5,,,,X 全窗基线 · 不参与实体赏罚,15059128,1506,A168_HF9F_20260827_0900,2026-08-27 09:00:00
2026-07-09,17529000,2246,0,27.1086670280,10.6498334753,10.6498334753,1.0000000,7,4,0.50315976249999437,0.501623750000,1.9874006352058606,1.9935155120904304,1.9874006352058606,0.00153601249999437,ELIGIBLE,R03b_20260811_FULL_v1,L1_ELIGIBILITY,v2026-08-11,2026-03-21..2026-08-06,baccarat_bet02_101_all_pairs_incl_sentinel,round_win = game_pnl > 0 (decisive only),COMPATIBILITY_ONLY_NOT_PRODUCTION,234594.9955,169540.3402,9810.4062,19851,11308,-0.04181848,-0.03860046,-0.05116595,-0.04181848,-9810.4062,234594.9955,OK,0.0000,294.3122,3.0000,97.0000,AG03-UNRESOLVED,ALL5_LEVELS_bet23_to_bet27,294.3122,294.3122,294.3122,392.4162,490.5203,3.000000,3.000000,3.000000,4.000000,5.000000,97.000000,97.000000,97.000000,96.000000,95.000000,5.0,1765.8731,1644.6383,8044.5331,8165.7679,PENDING_AG03,FALSE,NOT_FOR_ENFORCEMENT,9516.0940,164454.1300,9810.4062,9516.0940,294.3122,0.04181848,0.04056393,294.3122,9516.0940,0.04056393,294.3122,294.3122,294.3122,392.4162,490.5203,9516.0940,0.04056393,1765.8731,1644.6383,8044.5331,8165.7679,0.03429115,0.03480794,0.00125455,11.8178,14.9930,0.8676,208.7320,5.3202,4991.3829,240.5957,12.7170,9.8041,2.5818,2.84,3.3563,4.9054,16.007,177.8754,0.2582,0.0,5.636364,62.633151,4.16126,29,188,6,10,0.74390005,0.04181848,0.03860046,0E-8,0.000000,0.722694,0.000000,0.01256549,2026-05-12,2026-08-02,47,1844,580,83,0.566265,1.297104,1.076088,2.479667,,,,,,,,GLOBAL_BASELINE_NO_ENTITY_RANKING,,,NOT_APPLICABLE_GLOBAL_BASELINE,HF9g-P5,,,,X 全窗基线 · 不参与实体赏罚,15059129,1506,A168_HF9F_20260827_0900,2026-08-27 09:00:00
2026-07-09,17529000,2251,0,5.6799111868,0.3614488937,0.3614488937,1.0000000,2,1,0.50055742727268436,0.499948100000,0.9988857662127119,1.0001038053877793,0.9988857662127119,0.00060932727268436,ELIGIBLE,R03b_20260811_FULL_v1,L1_ELIGIBILITY,v2026-08-11,2026-03-21..2026-08-06,baccarat_bet02_101_all_pairs_incl_sentinel,round_win = game_pnl > 0 (decisive only),COMPATIBILITY_ONLY_NOT_PRODUCTION,234594.9955,169540.3402,9810.4062,19851,11308,-0.04181848,-0.03860046,-0.05116595,-0.04181848,-9810.4062,234594.9955,OK,0.0000,294.3122,3.0000,97.0000,AG03-UNRESOLVED,ALL5_LEVELS_bet23_to_bet27,294.3122,294.3122,294.3122,392.4162,490.5203,3.000000,3.000000,3.000000,4.000000,5.000000,97.000000,97.000000,97.000000,96.000000,95.000000,5.0,1765.8731,1644.6383,8044.5331,8165.7679,PENDING_AG03,FALSE,NOT_FOR_ENFORCEMENT,9516.0940,164454.1300,9810.4062,9516.0940,294.3122,0.04181848,0.04056393,294.3122,9516.0940,0.04056393,294.3122,294.3122,294.3122,392.4162,490.5203,9516.0940,0.04056393,1765.8731,1644.6383,8044.5331,8165.7679,0.03429115,0.03480794,0.00125455,11.8178,14.9930,0.8676,208.7320,5.3202,4991.3829,240.5957,12.7170,9.8041,2.5818,2.84,3.3563,4.9054,16.007,177.8754,0.2582,0.0,5.636364,62.633151,4.16126,29,188,6,10,0.74390005,0.04181848,0.03860046,0E-8,0.000000,0.722694,0.000000,0.01256549,2026-05-12,2026-08-02,47,1844,580,83,0.566265,1.297104,1.076088,2.479667,,,,,,,,GLOBAL_BASELINE_NO_ENTITY_RANKING,,,NOT_APPLICABLE_GLOBAL_BASELINE,HF9g-P5,,,,X 全窗基线 · 不参与实体赏罚,15059130,1506,A168_HF9F_20260827_0900,2026-08-27 09:00:00
2026-07-09,17529000,2252,0,46.9883561819,5.8864534119,5.8864534119,0.2500000,13,8,0.50121578843011456,0.500785925000,-1.4210953014865826,-1.4186611781021081,-1.4210953014865826,0.00042986343011456,ELIGIBLE,R03b_20260811_FULL_v1,L1_ELIGIBILITY,v2026-08-11,2026-03-21..2026-08-06,baccarat_bet02_101_all_pairs_incl_sentinel,round_win = game_pnl > 0 (decisive only),COMPATIBILITY_ONLY_NOT_PRODUCTION,234594.9955,169540.3402,9810.4062,19851,11308,-0.04181848,-0.03860046,-0.05116595,-0.04181848,-9810.4062,234594.9955,OK,0.0000,294.3122,3.0000,97.0000,AG03-UNRESOLVED,ALL5_LEVELS_bet23_to_bet27,294.3122,294.3122,294.3122,392.4162,490.5203,3.000000,3.000000,3.000000,4.000000,5.000000,97.000000,97.000000,97.000000,96.000000,95.000000,5.0,1765.8731,1644.6383,8044.5331,8165.7679,PENDING_AG03,FALSE,NOT_FOR_ENFORCEMENT,9516.0940,164454.1300,9810.4062,9516.0940,294.3122,0.04181848,0.04056393,294.3122,9516.0940,0.04056393,294.3122,294.3122,294.3122,392.4162,490.5203,9516.0940,0.04056393,1765.8731,1644.6383,8044.5331,8165.7679,0.03429115,0.03480794,0.00125455,11.8178,14.9930,0.8676,208.7320,5.3202,4991.3829,240.5957,12.7170,9.8041,2.5818,2.84,3.3563,4.9054,16.007,177.8754,0.2582,0.0,5.636364,62.633151,4.16126,29,188,6,10,0.74390005,0.04181848,0.03860046,0E-8,0.000000,0.722694,0.000000,0.01256549,2026-05-12,2026-08-02,47,1844,580,83,0.566265,1.297104,1.076088,2.479667,,,,,,,,GLOBAL_BASELINE_NO_ENTITY_RANKING,,,NOT_APPLICABLE_GLOBAL_BASELINE,HF9g-P5,,,,X 全窗基线 · 不参与实体赏罚,15059131,1506,A168_HF9F_20260827_0900,2026-08-27 09:00:00
2026-07-09,17529000,2258,0,31.4976893088,9.5396690162,9.5396690162,0.5000000,7,4,0.50241724563491213,0.501623750000,-0.009669095534837772,-0.006495034249238073,-0.009669095534837772,0.00079349563491213,ELIGIBLE,R03b_20260811_FULL_v1,L1_ELIGIBILITY,v2026-08-11,2026-03-21..2026-08-06,baccarat_bet02_101_all_pairs_incl_sentinel,round_win = game_pnl > 0 (decisive only),COMPATIBILITY_ONLY_NOT_PRODUCTION,234594.9955,169540.3402,9810.4062,19851,11308,-0.04181848,-0.03860046,-0.05116595,-0.04181848,-9810.4062,234594.9955,OK,0.0000,294.3122,3.0000,97.0000,AG03-UNRESOLVED,ALL5_LEVELS_bet23_to_bet27,294.3122,294.3122,294.3122,392.4162,490.5203,3.000000,3.000000,3.000000,4.000000,5.000000,97.000000,97.000000,97.000000,96.000000,95.000000,5.0,1765.8731,1644.6383,8044.5331,8165.7679,PENDING_AG03,FALSE,NOT_FOR_ENFORCEMENT,9516.0940,164454.1300,9810.4062,9516.0940,294.3122,0.04181848,0.04056393,294.3122,9516.0940,0.04056393,294.3122,294.3122,294.3122,392.4162,490.5203,9516.0940,0.04056393,1765.8731,1644.6383,8044.5331,8165.7679,0.03429115,0.03480794,0.00125455,11.8178,14.9930,0.8676,208.7320,5.3202,4991.3829,240.5957,12.7170,9.8041,2.5818,2.84,3.3563,4.9054,16.007,177.8754,0.2582,0.0,5.636364,62.633151,4.16126,29,188,6,10,0.74390005,0.04181848,0.03860046,0E-8,0.000000,0.722694,0.000000,0.01256549,2026-05-12,2026-08-02,47,1844,580,83,0.566265,1.297104,1.076088,2.479667,,,,,,,,GLOBAL_BASELINE_NO_ENTITY_RANKING,,,NOT_APPLICABLE_GLOBAL_BASELINE,HF9g-P5,,,,X 全窗基线 · 不参与实体赏罚,15059132,1506,A168_HF9F_20260827_0900,2026-08-27 09:00:00
2026-07-09,17529000,2266,0,57.5736452121,12.5345312782,12.5345312782,0.5714286,12,7,0.50059481312236044,0.499948100000,0.3748172830353704,0.37823910403297295,0.3748172830353704,0.00064671312236044,ELIGIBLE,R03b_20260811_FULL_v1,L1_ELIGIBILITY,v2026-08-11,2026-03-21..2026-08-06,baccarat_bet02_101_all_pairs_incl_sentinel,round_win = game_pnl > 0 (decisive only),COMPATIBILITY_ONLY_NOT_PRODUCTION,234594.9955,169540.3402,9810.4062,19851,11308,-0.04181848,-0.03860046,-0.05116595,-0.04181848,-9810.4062,234594.9955,OK,0.0000,294.3122,3.0000,97.0000,AG03-UNRESOLVED,ALL5_LEVELS_bet23_to_bet27,294.3122,294.3122,294.3122,392.4162,490.5203,3.000000,3.000000,3.000000,4.000000,5.000000,97.000000,97.000000,97.000000,96.000000,95.000000,5.0,1765.8731,1644.6383,8044.5331,8165.7679,PENDING_AG03,FALSE,NOT_FOR_ENFORCEMENT,9516.0940,164454.1300,9810.4062,9516.0940,294.3122,0.04181848,0.04056393,294.3122,9516.0940,0.04056393,294.3122,294.3122,294.3122,392.4162,490.5203,9516.0940,0.04056393,1765.8731,1644.6383,8044.5331,8165.7679,0.03429115,0.03480794,0.00125455,11.8178,14.9930,0.8676,208.7320,5.3202,4991.3829,240.5957,12.7170,9.8041,2.5818,2.84,3.3563,4.9054,16.007,177.8754,0.2582,0.0,5.636364,62.633151,4.16126,29,188,6,10,0.74390005,0.04181848,0.03860046,0E-8,0.000000,0.722694,0.000000,0.01256549,2026-05-12,2026-08-02,47,1844,580,83,0.566265,1.297104,1.076088,2.479667,,,,,,,,GLOBAL_BASELINE_NO_ENTITY_RANKING,,,NOT_APPLICABLE_GLOBAL_BASELINE,HF9g-P5,,,,X 全窗基线 · 不参与实体赏罚,15059133,1506,A168_HF9F_20260827_0900,2026-08-27 09:00:00
2026-07-09,17529000,2280,0,46.7301784008,1.7556089124,1.7556089124,0.5714286,15,8,0.50123054853175061,0.500785925000,0.37145414717716885,0.37380621059503966,0.37145414717716885,0.00044462353175061,ELIGIBLE,R03b_20260811_FULL_v1,L1_ELIGIBILITY,v2026-08-11,2026-03-21..2026-08-06,baccarat_bet02_101_all_pairs_incl_sentinel,round_win = game_pnl > 0 (decisive only),COMPATIBILITY_ONLY_NOT_PRODUCTION,234594.9955,169540.3402,9810.4062,19851,11308,-0.04181848,-0.03860046,-0.05116595,-0.04181848,-9810.4062,234594.9955,OK,0.0000,294.3122,3.0000,97.0000,AG03-UNRESOLVED,ALL5_LEVELS_bet23_to_bet27,294.3122,294.3122,294.3122,392.4162,490.5203,3.000000,3.000000,3.000000,4.000000,5.000000,97.000000,97.000000,97.000000,96.000000,95.000000,5.0,1765.8731,1644.6383,8044.5331,8165.7679,PENDING_AG03,FALSE,NOT_FOR_ENFORCEMENT,9516.0940,164454.1300,9810.4062,9516.0940,294.3122,0.04181848,0.04056393,294.3122,9516.0940,0.04056393,294.3122,294.3122,294.3122,392.4162,490.5203,9516.0940,0.04056393,1765.8731,1644.6383,8044.5331,8165.7679,0.03429115,0.03480794,0.00125455,11.8178,14.9930,0.8676,208.7320,5.3202,4991.3829,240.5957,12.7170,9.8041,2.5818,2.84,3.3563,4.9054,16.007,177.8754,0.2582,0.0,5.636364,62.633151,4.16126,29,188,6,10,0.74390005,0.04181848,0.03860046,0E-8,0.000000,0.722694,0.000000,0.01256549,2026-05-12,2026-08-02,47,1844,580,83,0.566265,1.297104,1.076088,2.479667,,,,,,,,GLOBAL_BASELINE_NO_ENTITY_RANKING,,,NOT_APPLICABLE_GLOBAL_BASELINE,HF9g-P5,,,,X 全窗基线 · 不参与实体赏罚,15059134,1506,A168_HF9F_20260827_0900,2026-08-27 09:00:00
2026-07-09,17529000,2287,0,49.8283117754,3.7435778276,3.7435778276,0.2500000,16,9,0.49985096086956086,0.499948100000,-1.4133705325241763,-1.4139199792546444,-1.4133705325241763,-0.00009713913043914,ELIGIBLE,R03b_20260811_FULL_v1,L1_ELIGIBILITY,v2026-08-11,2026-03-21..2026-08-06,baccarat_bet02_101_all_pairs_incl_sentinel,round_win = game_pnl > 0 (decisive only),COMPATIBILITY_ONLY_NOT_PRODUCTION,234594.9955,169540.3402,9810.4062,19851,11308,-0.04181848,-0.03860046,-0.05116595,-0.04181848,-9810.4062,234594.9955,OK,0.0000,294.3122,3.0000,97.0000,AG03-UNRESOLVED,ALL5_LEVELS_bet23_to_bet27,294.3122,294.3122,294.3122,392.4162,490.5203,3.000000,3.000000,3.000000,4.000000,5.000000,97.000000,97.000000,97.000000,96.000000,95.000000,5.0,1765.8731,1644.6383,8044.5331,8165.7679,PENDING_AG03,FALSE,NOT_FOR_ENFORCEMENT,9516.0940,164454.1300,9810.4062,9516.0940,294.3122,0.04181848,0.04056393,294.3122,9516.0940,0.04056393,294.3122,294.3122,294.3122,392.4162,490.5203,9516.0940,0.04056393,1765.8731,1644.6383,8044.5331,8165.7679,0.03429115,0.03480794,0.00125455,11.8178,14.9930,0.8676,208.7320,5.3202,4991.3829,240.5957,12.7170,9.8041,2.5818,2.84,3.3563,4.9054,16.007,177.8754,0.2582,0.0,5.636364,62.633151,4.16126,29,188,6,10,0.74390005,0.04181848,0.03860046,0E-8,0.000000,0.722694,0.000000,0.01256549,2026-05-12,2026-08-02,47,1844,580,83,0.566265,1.297104,1.076088,2.479667,,,,,,,,GLOBAL_BASELINE_NO_ENTITY_RANKING,,,NOT_APPLICABLE_GLOBAL_BASELINE,HF9g-P5,,,,X 全窗基线 · 不参与实体赏罚,15059135,1506,A168_HF9F_20260827_0900,2026-08-27 09:00:00
2026-07-09,17529000,2288,0,1431.0794413031,126.7652905791,126.7652905791,0.6500000,37,24,0.50326269457680497,0.503020125000,1.312486302638238,1.3146519498048892,1.312486302638238,0.00024256957680497,ELIGIBLE,R03b_20260811_FULL_v1,L1_ELIGIBILITY,v2026-08-11,2026-03-21..2026-08-06,baccarat_bet02_101_all_pairs_incl_sentinel,round_win = game_pnl > 0 (decisive only),COMPATIBILITY_ONLY_NOT_PRODUCTION,234594.9955,169540.3402,9810.4062,19851,11308,-0.04181848,-0.03860046,-0.05116595,-0.04181848,-9810.4062,234594.9955,OK,0.0000,294.3122,3.0000,97.0000,AG03-UNRESOLVED,ALL5_LEVELS_bet23_to_bet27,294.3122,294.3122,294.3122,392.4162,490.5203,3.000000,3.000000,3.000000,4.000000,5.000000,97.000000,97.000000,97.000000,96.000000,95.000000,5.0,1765.8731,1644.6383,8044.5331,8165.7679,PENDING_AG03,FALSE,NOT_FOR_ENFORCEMENT,9516.0940,164454.1300,9810.4062,9516.0940,294.3122,0.04181848,0.04056393,294.3122,9516.0940,0.04056393,294.3122,294.3122,294.3122,392.4162,490.5203,9516.0940,0.04056393,1765.8731,1644.6383,8044.5331,8165.7679,0.03429115,0.03480794,0.00125455,11.8178,14.9930,0.8676,208.7320,5.3202,4991.3829,240.5957,12.7170,9.8041,2.5818,2.84,3.3563,4.9054,16.007,177.8754,0.2582,0.0,5.636364,62.633151,4.16126,29,188,6,10,0.74390005,0.04181848,0.03860046,0E-8,0.000000,0.722694,0.000000,0.01256549,2026-05-12,2026-08-02,47,1844,580,83,0.566265,1.297104,1.076088,2.479667,,,,,,,,GLOBAL_BASELINE_NO_ENTITY_RANKING,,,NOT_APPLICABLE_GLOBAL_BASELINE,HF9g-P5,,,,X 全窗基线 · 不参与实体赏罚,15059136,1506,A168_HF9F_20260827_0900,2026-08-27 09:00:00
2026-07-09,17529000,471,0,2.5817778122,2.5817778122,2.5817778122,1.0000000,1,1,0.49324550000000000,0.493245500000,1.01360149184955,1.01360149184955,1.01360149184955,0E-17,ELIGIBLE,R03b_20260811_FULL_v1,L1_ELIGIBILITY,v2026-08-11,2026-03-21..2026-08-06,baccarat_bet02_101_all_pairs_incl_sentinel,round_win = game_pnl > 0 (decisive only),COMPATIBILITY_ONLY_NOT_PRODUCTION,234594.9955,169540.3402,9810.4062,19851,11308,-0.04181848,-0.03860046,-0.05116595,-0.04181848,-9810.4062,234594.9955,OK,0.0000,294.3122,3.0000,97.0000,AG03-UNRESOLVED,ALL5_LEVELS_bet23_to_bet27,294.3122,294.3122,294.3122,392.4162,490.5203,3.000000,3.000000,3.000000,4.000000,5.000000,97.000000,97.000000,97.000000,96.000000,95.000000,5.0,1765.8731,1644.6383,8044.5331,8165.7679,PENDING_AG03,FALSE,NOT_FOR_ENFORCEMENT,9516.0940,164454.1300,9810.4062,9516.0940,294.3122,0.04181848,0.04056393,294.3122,9516.0940,0.04056393,294.3122,294.3122,294.3122,392.4162,490.5203,9516.0940,0.04056393,1765.8731,1644.6383,8044.5331,8165.7679,0.03429115,0.03480794,0.00125455,11.8178,14.9930,0.8676,208.7320,5.3202,4991.3829,240.5957,12.7170,9.8041,2.5818,2.84,3.3563,4.9054,16.007,177.8754,0.2582,0.0,5.636364,62.633151,4.16126,29,188,6,10,0.74390005,0.04181848,0.03860046,0E-8,0.000000,0.722694,0.000000,0.01256549,2026-05-12,2026-08-02,47,1844,580,83,0.566265,1.297104,1.076088,2.479667,,,,,,,,GLOBAL_BASELINE_NO_ENTITY_RANKING,,,NOT_APPLICABLE_GLOBAL_BASELINE,HF9g-P5,,,,X 全窗基线 · 不参与实体赏罚,15059137,1506,A168_HF9F_20260827_0900,2026-08-27 09:00:00
2026-07-09,17529000,970,0,103.5292902692,2.3752355873,2.3752355873,0.5000000,31,17,0.50128871976941486,0.501130911765,-0.009643927722722816,-0.008462990366307654,-0.009643927722722816,0.00015780800441486,ELIGIBLE,R03b_20260811_FULL_v1,L1_ELIGIBILITY,v2026-08-11,2026-03-21..2026-08-06,baccarat_bet02_101_all_pairs_incl_sentinel,round_win = game_pnl > 0 (decisive only),COMPATIBILITY_ONLY_NOT_PRODUCTION,234594.9955,169540.3402,9810.4062,19851,11308,-0.04181848,-0.03860046,-0.05116595,-0.04181848,-9810.4062,234594.9955,OK,0.0000,294.3122,3.0000,97.0000,AG03-UNRESOLVED,ALL5_LEVELS_bet23_to_bet27,294.3122,294.3122,294.3122,392.4162,490.5203,3.000000,3.000000,3.000000,4.000000,5.000000,97.000000,97.000000,97.000000,96.000000,95.000000,5.0,1765.8731,1644.6383,8044.5331,8165.7679,PENDING_AG03,FALSE,NOT_FOR_ENFORCEMENT,9516.0940,164454.1300,9810.4062,9516.0940,294.3122,0.04181848,0.04056393,294.3122,9516.0940,0.04056393,294.3122,294.3122,294.3122,392.4162,490.5203,9516.0940,0.04056393,1765.8731,1644.6383,8044.5331,8165.7679,0.03429115,0.03480794,0.00125455,11.8178,14.9930,0.8676,208.7320,5.3202,4991.3829,240.5957,12.7170,9.8041,2.5818,2.84,3.3563,4.9054,16.007,177.8754,0.2582,0.0,5.636364,62.633151,4.16126,29,188,6,10,0.74390005,0.04181848,0.03860046,0E-8,0.000000,0.722694,0.000000,0.01256549,2026-05-12,2026-08-02,47,1844,580,83,0.566265,1.297104,1.076088,2.479667,,,,,,,,GLOBAL_BASELINE_NO_ENTITY_RANKING,,,NOT_APPLICABLE_GLOBAL_BASELINE,HF9g-P5,,,,X 全窗基线 · 不参与实体赏罚,15059138,1506,A168_HF9F_20260827_0900,2026-08-27 09:00:00
2026-07-09,17529000,986,0,66.6098675546,3.6661244935,3.6661244935,0.7272727,23,12,0.50110848158006754,0.500506650000,1.5002075746214862,1.5041967592261842,1.5002075746214862,0.00060183158006754,ELIGIBLE,R03b_20260811_FULL_v1,L1_ELIGIBILITY,v2026-08-11,2026-03-21..2026-08-06,baccarat_bet02_101_all_pairs_incl_sentinel,round_win = game_pnl > 0 (decisive only),COMPATIBILITY_ONLY_NOT_PRODUCTION,234594.9955,169540.3402,9810.4062,19851,11308,-0.04181848,-0.03860046,-0.05116595,-0.04181848,-9810.4062,234594.9955,OK,0.0000,294.3122,3.0000,97.0000,AG03-UNRESOLVED,ALL5_LEVELS_bet23_to_bet27,294.3122,294.3122,294.3122,392.4162,490.5203,3.000000,3.000000,3.000000,4.000000,5.000000,97.000000,97.000000,97.000000,96.000000,95.000000,5.0,1765.8731,1644.6383,8044.5331,8165.7679,PENDING_AG03,FALSE,NOT_FOR_ENFORCEMENT,9516.0940,164454.1300,9810.4062,9516.0940,294.3122,0.04181848,0.04056393,294.3122,9516.0940,0.04056393,294.3122,294.3122,294.3122,392.4162,490.5203,9516.0940,0.04056393,1765.8731,1644.6383,8044.5331,8165.7679,0.03429115,0.03480794,0.00125455,11.8178,14.9930,0.8676,208.7320,5.3202,4991.3829,240.5957,12.7170,9.8041,2.5818,2.84,3.3563,4.9054,16.007,177.8754,0.2582,0.0,5.636364,62.633151,4.16126,29,188,6,10,0.74390005,0.04181848,0.03860046,0E-8,0.000000,0.722694,0.000000,0.01256549,2026-05-12,2026-08-02,47,1844,580,83,0.566265,1.297104,1.076088,2.479667,,,,,,,,GLOBAL_BASELINE_NO_ENTITY_RANKING,,,NOT_APPLICABLE_GLOBAL_BASELINE,HF9g-P5,,,,X 全窗基线 · 不参与实体赏罚,15059139,1506,A168_HF9F_20260827_0900,2026-08-27 09:00:00
2026-07-10,17529000,-1,1,91.6531123330,9.6687579068,9.6687579068,0.5833333,23,13,0.50175593156767125,0.501494853846,0.5651883037263888,0.5669961519562594,0.5651883037263888,0.00026107772167125,SENTINEL_DEALER,R03b_20260811_FULL_v1,L1_ELIGIBILITY,v2026-08-11,2026-03-21..2026-08-06,baccarat_bet02_101_all_pairs_incl_sentinel,round_win = game_pnl > 0 (decisive only),COMPATIBILITY_ONLY_NOT_PRODUCTION,234594.9955,169540.3402,9810.4062,19851,11308,-0.04181848,-0.03860046,-0.05116595,-0.04181848,-9810.4062,234594.9955,OK,0.0000,294.3122,3.0000,97.0000,AG03-UNRESOLVED,ALL5_LEVELS_bet23_to_bet27,294.3122,294.3122,294.3122,392.4162,490.5203,3.000000,3.000000,3.000000,4.000000,5.000000,97.000000,97.000000,97.000000,96.000000,95.000000,5.0,1765.8731,1644.6383,8044.5331,8165.7679,PENDING_AG03,FALSE,NOT_FOR_ENFORCEMENT,9516.0940,164454.1300,9810.4062,9516.0940,294.3122,0.04181848,0.04056393,294.3122,9516.0940,0.04056393,294.3122,294.3122,294.3122,392.4162,490.5203,9516.0940,0.04056393,1765.8731,1644.6383,8044.5331,8165.7679,0.03429115,0.03480794,0.00125455,11.8178,14.9930,0.8676,208.7320,5.3202,4991.3829,240.5957,12.7170,9.8041,2.5818,2.84,3.3563,4.9054,16.007,177.8754,0.2582,0.0,5.636364,62.633151,4.16126,29,188,6,10,0.74390005,0.04181848,0.03860046,0E-8,0.000000,0.722694,0.000000,0.01256549,2026-05-12,2026-08-02,47,1844,580,83,0.566265,1.297104,1.076088,2.479667,,,,,,,,GLOBAL_BASELINE_NO_ENTITY_RANKING,,,NOT_APPLICABLE_GLOBAL_BASELINE,HF9g-P5,,,,X 全窗基线 · 不参与实体赏罚,15059140,1506,A168_HF9F_20260827_0900,2026-08-27 09:00:00
2026-07-10,17529000,1017,0,87.5222678334,15.4777579842,15.4777579842,0.5384615,17,13,0.49818687882561953,0.498401346154,0.2904266103463612,0.2888796315192806,0.2904266103463612,-0.00021446732838047,ELIGIBLE,R03b_20260811_FULL_v1,L1_ELIGIBILITY,v2026-08-11,2026-03-21..2026-08-06,baccarat_bet02_101_all_pairs_incl_sentinel,round_win = game_pnl > 0 (decisive only),COMPATIBILITY_ONLY_NOT_PRODUCTION,234594.9955,169540.3402,9810.4062,19851,11308,-0.04181848,-0.03860046,-0.05116595,-0.04181848,-9810.4062,234594.9955,OK,0.0000,294.3122,3.0000,97.0000,AG03-UNRESOLVED,ALL5_LEVELS_bet23_to_bet27,294.3122,294.3122,294.3122,392.4162,490.5203,3.000000,3.000000,3.000000,4.000000,5.000000,97.000000,97.000000,97.000000,96.000000,95.000000,5.0,1765.8731,1644.6383,8044.5331,8165.7679,PENDING_AG03,FALSE,NOT_FOR_ENFORCEMENT,9516.0940,164454.1300,9810.4062,9516.0940,294.3122,0.04181848,0.04056393,294.3122,9516.0940,0.04056393,294.3122,294.3122,294.3122,392.4162,490.5203,9516.0940,0.04056393,1765.8731,1644.6383,8044.5331,8165.7679,0.03429115,0.03480794,0.00125455,11.8178,14.9930,0.8676,208.7320,5.3202,4991.3829,240.5957,12.7170,9.8041,2.5818,2.84,3.3563,4.9054,16.007,177.8754,0.2582,0.0,5.636364,62.633151,4.16126,29,188,6,10,0.74390005,0.04181848,0.03860046,0E-8,0.000000,0.722694,0.000000,0.01256549,2026-05-12,2026-08-02,47,1844,580,83,0.566265,1.297104,1.076088,2.479667,,,,,,,,GLOBAL_BASELINE_NO_ENTITY_RANKING,,,NOT_APPLICABLE_GLOBAL_BASELINE,HF9g-P5,,,,X 全窗基线 · 不参与实体赏罚,15059141,1506,A168_HF9F_20260827_0900,2026-08-27 09:00:00
2026-07-10,17529000,1109,0,39.2430227453,0.3227222266,0.3227222266,0.6000000,14,7,0.50046416289422547,0.499948100000,0.4451379877392162,0.44744570176651083,0.4451379877392162,0.00051606289422547,ELIGIBLE,R03b_20260811_FULL_v1,L1_ELIGIBILITY,v2026-08-11,2026-03-21..2026-08-06,baccarat_bet02_101_all_pairs_incl_sentinel,round_win = game_pnl > 0 (decisive only),COMPATIBILITY_ONLY_NOT_PRODUCTION,234594.9955,169540.3402,9810.4062,19851,11308,-0.04181848,-0.03860046,-0.05116595,-0.04181848,-9810.4062,234594.9955,OK,0.0000,294.3122,3.0000,97.0000,AG03-UNRESOLVED,ALL5_LEVELS_bet23_to_bet27,294.3122,294.3122,294.3122,392.4162,490.5203,3.000000,3.000000,3.000000,4.000000,5.000000,97.000000,97.000000,97.000000,96.000000,95.000000,5.0,1765.8731,1644.6383,8044.5331,8165.7679,PENDING_AG03,FALSE,NOT_FOR_ENFORCEMENT,9516.0940,164454.1300,9810.4062,9516.0940,294.3122,0.04181848,0.04056393,294.3122,9516.0940,0.04056393,294.3122,294.3122,294.3122,392.4162,490.5203,9516.0940,0.04056393,1765.8731,1644.6383,8044.5331,8165.7679,0.03429115,0.03480794,0.00125455,11.8178,14.9930,0.8676,208.7320,5.3202,4991.3829,240.5957,12.7170,9.8041,2.5818,2.84,3.3563,4.9054,16.007,177.8754,0.2582,0.0,5.636364,62.633151,4.16126,29,188,6,10,0.74390005,0.04181848,0.03860046,0E-8,0.000000,0.722694,0.000000,0.01256549,2026-05-12,2026-08-02,47,1844,580,83,0.566265,1.297104,1.076088,2.479667,,,,,,,,GLOBAL_BASELINE_NO_ENTITY_RANKING,,,NOT_APPLICABLE_GLOBAL_BASELINE,HF9g-P5,,,,X 全窗基线 · 不参与实体赏罚,15059142,1506,A168_HF9F_20260827_0900,2026-08-27 09:00:00
2026-07-10,17529000,1115,0,40.7920894327,0.3872666719,0.3872666719,0.3333333,13,7,0.50084236671953832,0.500905614286,-0.8206244828071095,-0.820934513295704,-0.8206244828071095,-0.00006324756646168,ELIGIBLE,R03b_20260811_FULL_v1,L1_ELIGIBILITY,v2026-08-11,2026-03-21..2026-08-06,baccarat_bet02_101_all_pairs_incl_sentinel,round_win = game_pnl > 0 (decisive only),COMPATIBILITY_ONLY_NOT_PRODUCTION,234594.9955,169540.3402,9810.4062,19851,11308,-0.04181848,-0.03860046,-0.05116595,-0.04181848,-9810.4062,234594.9955,OK,0.0000,294.3122,3.0000,97.0000,AG03-UNRESOLVED,ALL5_LEVELS_bet23_to_bet27,294.3122,294.3122,294.3122,392.4162,490.5203,3.000000,3.000000,3.000000,4.000000,5.000000,97.000000,97.000000,97.000000,96.000000,95.000000,5.0,1765.8731,1644.6383,8044.5331,8165.7679,PENDING_AG03,FALSE,NOT_FOR_ENFORCEMENT,9516.0940,164454.1300,9810.4062,9516.0940,294.3122,0.04181848,0.04056393,294.3122,9516.0940,0.04056393,294.3122,294.3122,294.3122,392.4162,490.5203,9516.0940,0.04056393,1765.8731,1644.6383,8044.5331,8165.7679,0.03429115,0.03480794,0.00125455,11.8178,14.9930,0.8676,208.7320,5.3202,4991.3829,240.5957,12.7170,9.8041,2.5818,2.84,3.3563,4.9054,16.007,177.8754,0.2582,0.0,5.636364,62.633151,4.16126,29,188,6,10,0.74390005,0.04181848,0.03860046,0E-8,0.000000,0.722694,0.000000,0.01256549,2026-05-12,2026-08-02,47,1844,580,83,0.566265,1.297104,1.076088,2.479667,,,,,,,,GLOBAL_BASELINE_NO_ENTITY_RANKING,,,NOT_APPLICABLE_GLOBAL_BASELINE,HF9g-P5,,,,X 全窗基线 · 不参与实体赏罚,15059143,1506,A168_HF9F_20260827_0900,2026-08-27 09:00:00
2026-07-10,17529000,1205,0,5.6799111868,0.3614488937,0.3614488937,1.0000000,2,1,0.50055742727268436,0.499948100000,0.9988857662127119,1.0001038053877793,0.9988857662127119,0.00060932727268436,ELIGIBLE,R03b_20260811_FULL_v1,L1_ELIGIBILITY,v2026-08-11,2026-03-21..2026-08-06,baccarat_bet02_101_all_pairs_incl_sentinel,round_win = game_pnl > 0 (decisive only),COMPATIBILITY_ONLY_NOT_PRODUCTION,234594.9955,169540.3402,9810.4062,19851,11308,-0.04181848,-0.03860046,-0.05116595,-0.04181848,-9810.4062,234594.9955,OK,0.0000,294.3122,3.0000,97.0000,AG03-UNRESOLVED,ALL5_LEVELS_bet23_to_bet27,294.3122,294.3122,294.3122,392.4162,490.5203,3.000000,3.000000,3.000000,4.000000,5.000000,97.000000,97.000000,97.000000,96.000000,95.000000,5.0,1765.8731,1644.6383,8044.5331,8165.7679,PENDING_AG03,FALSE,NOT_FOR_ENFORCEMENT,9516.0940,164454.1300,9810.4062,9516.0940,294.3122,0.04181848,0.04056393,294.3122,9516.0940,0.04056393,294.3122,294.3122,294.3122,392.4162,490.5203,9516.0940,0.04056393,1765.8731,1644.6383,8044.5331,8165.7679,0.03429115,0.03480794,0.00125455,11.8178,14.9930,0.8676,208.7320,5.3202,4991.3829,240.5957,12.7170,9.8041,2.5818,2.84,3.3563,4.9054,16.007,177.8754,0.2582,0.0,5.636364,62.633151,4.16126,29,188,6,10,0.74390005,0.04181848,0.03860046,0E-8,0.000000,0.722694,0.000000,0.01256549,2026-05-12,2026-08-02,47,1844,580,83,0.566265,1.297104,1.076088,2.479667,,,,,,,,GLOBAL_BASELINE_NO_ENTITY_RANKING,,,NOT_APPLICABLE_GLOBAL_BASELINE,HF9g-P5,,,,X 全窗基线 · 不参与实体赏罚,15059144,1506,A168_HF9F_20260827_0900,2026-08-27 09:00:00
2026-07-10,17529000,1210,0,88.0386233959,3.4079467122,3.4079467122,0.6153846,29,15,0.50015712582759745,0.499501260000,0.8309172849098857,0.8356471753446071,0.8309172849098857,0.00065586582759745,ELIGIBLE,R03b_20260811_FULL_v1,L1_ELIGIBILITY,v2026-08-11,2026-03-21..2026-08-06,baccarat_bet02_101_all_pairs_incl_sentinel,round_win = game_pnl > 0 (decisive only),COMPATIBILITY_ONLY_NOT_PRODUCTION,234594.9955,169540.3402,9810.4062,19851,11308,-0.04181848,-0.03860046,-0.05116595,-0.04181848,-9810.4062,234594.9955,OK,0.0000,294.3122,3.0000,97.0000,AG03-UNRESOLVED,ALL5_LEVELS_bet23_to_bet27,294.3122,294.3122,294.3122,392.4162,490.5203,3.000000,3.000000,3.000000,4.000000,5.000000,97.000000,97.000000,97.000000,96.000000,95.000000,5.0,1765.8731,1644.6383,8044.5331,8165.7679,PENDING_AG03,FALSE,NOT_FOR_ENFORCEMENT,9516.0940,164454.1300,9810.4062,9516.0940,294.3122,0.04181848,0.04056393,294.3122,9516.0940,0.04056393,294.3122,294.3122,294.3122,392.4162,490.5203,9516.0940,0.04056393,1765.8731,1644.6383,8044.5331,8165.7679,0.03429115,0.03480794,0.00125455,11.8178,14.9930,0.8676,208.7320,5.3202,4991.3829,240.5957,12.7170,9.8041,2.5818,2.84,3.3563,4.9054,16.007,177.8754,0.2582,0.0,5.636364,62.633151,4.16126,29,188,6,10,0.74390005,0.04181848,0.03860046,0E-8,0.000000,0.722694,0.000000,0.01256549,2026-05-12,2026-08-02,47,1844,580,83,0.566265,1.297104,1.076088,2.479667,,,,,,,,GLOBAL_BASELINE_NO_ENTITY_RANKING,,,NOT_APPLICABLE_GLOBAL_BASELINE,HF9g-P5,,,,X 全窗基线 · 不参与实体赏罚,15059145,1506,A168_HF9F_20260827_0900,2026-08-27 09:00:00
2026-07-10,17529000,1318,0,113.8564015179,15.1937624250,15.1937624250,0.3571429,25,15,0.50134783328522937,0.501288620000,-1.0791351492240466,-1.0786916991638094,-1.0791351492240466,0.00005921328522937,ELIGIBLE,R03b_20260811_FULL_v1,L1_ELIGIBILITY,v2026-08-11,2026-03-21..2026-08-06,baccarat_bet02_101_all_pairs_incl_sentinel,round_win = game_pnl > 0 (decisive only),COMPATIBILITY_ONLY_NOT_PRODUCTION,234594.9955,169540.3402,9810.4062,19851,11308,-0.04181848,-0.03860046,-0.05116595,-0.04181848,-9810.4062,234594.9955,OK,0.0000,294.3122,3.0000,97.0000,AG03-UNRESOLVED,ALL5_LEVELS_bet23_to_bet27,294.3122,294.3122,294.3122,392.4162,490.5203,3.000000,3.000000,3.000000,4.000000,5.000000,97.000000,97.000000,97.000000,96.000000,95.000000,5.0,1765.8731,1644.6383,8044.5331,8165.7679,PENDING_AG03,FALSE,NOT_FOR_ENFORCEMENT,9516.0940,164454.1300,9810.4062,9516.0940,294.3122,0.04181848,0.04056393,294.3122,9516.0940,0.04056393,294.3122,294.3122,294.3122,392.4162,490.5203,9516.0940,0.04056393,1765.8731,1644.6383,8044.5331,8165.7679,0.03429115,0.03480794,0.00125455,11.8178,14.9930,0.8676,208.7320,5.3202,4991.3829,240.5957,12.7170,9.8041,2.5818,2.84,3.3563,4.9054,16.007,177.8754,0.2582,0.0,5.636364,62.633151,4.16126,29,188,6,10,0.74390005,0.04181848,0.03860046,0E-8,0.000000,0.722694,0.000000,0.01256549,2026-05-12,2026-08-02,47,1844,580,83,0.566265,1.297104,1.076088,2.479667,,,,,,,,GLOBAL_BASELINE_NO_ENTITY_RANKING,,,NOT_APPLICABLE_GLOBAL_BASELINE,HF9g-P5,,,,X 全窗基线 · 不参与实体赏罚,15059146,1506,A168_HF9F_20260827_0900,2026-08-27 09:00:00
2026-07-10,17529000,1323,0,11.8761779361,-1.0327111249,-1.0327111249,0E-7,4,2,0.50081131363635120,0.499948100000,-1.0016239458710627,-0.9998962053866608,-1.0016239458710627,0.00086321363635120,ELIGIBLE,R03b_20260811_FULL_v1,L1_ELIGIBILITY,v2026-08-11,2026-03-21..2026-08-06,baccarat_bet02_101_all_pairs_incl_sentinel,round_win = game_pnl > 0 (decisive only),COMPATIBILITY_ONLY_NOT_PRODUCTION,234594.9955,169540.3402,9810.4062,19851,11308,-0.04181848,-0.03860046,-0.05116595,-0.04181848,-9810.4062,234594.9955,OK,0.0000,294.3122,3.0000,97.0000,AG03-UNRESOLVED,ALL5_LEVELS_bet23_to_bet27,294.3122,294.3122,294.3122,392.4162,490.5203,3.000000,3.000000,3.000000,4.000000,5.000000,97.000000,97.000000,97.000000,96.000000,95.000000,5.0,1765.8731,1644.6383,8044.5331,8165.7679,PENDING_AG03,FALSE,NOT_FOR_ENFORCEMENT,9516.0940,164454.1300,9810.4062,9516.0940,294.3122,0.04181848,0.04056393,294.3122,9516.0940,0.04056393,294.3122,294.3122,294.3122,392.4162,490.5203,9516.0940,0.04056393,1765.8731,1644.6383,8044.5331,8165.7679,0.03429115,0.03480794,0.00125455,11.8178,14.9930,0.8676,208.7320,5.3202,4991.3829,240.5957,12.7170,9.8041,2.5818,2.84,3.3563,4.9054,16.007,177.8754,0.2582,0.0,5.636364,62.633151,4.16126,29,188,6,10,0.74390005,0.04181848,0.03860046,0E-8,0.000000,0.722694,0.000000,0.01256549,2026-05-12,2026-08-02,47,1844,580,83,0.566265,1.297104,1.076088,2.479667,,,,,,,,GLOBAL_BASELINE_NO_ENTITY_RANKING,,,NOT_APPLICABLE_GLOBAL_BASELINE,HF9g-P5,,,,X 全窗基线 · 不参与实体赏罚,15059147,1506,A168_HF9F_20260827_0900,2026-08-27 09:00:00
2026-07-10,17529000,1330,0,107.9183125498,3.1368600421,3.1368600421,0.5882353,36,19,0.49956795305482995,0.499242563158,0.7311698984563918,0.7338537013573325,0.7311698984563918,0.00032538989682995,ELIGIBLE,R03b_20260811_FULL_v1,L1_ELIGIBILITY,v2026-08-11,2026-03-21..2026-08-06,baccarat_bet02_101_all_pairs_incl_sentinel,round_win = game_pnl > 0 (decisive only),COMPATIBILITY_ONLY_NOT_PRODUCTION,234594.9955,169540.3402,9810.4062,19851,11308,-0.04181848,-0.03860046,-0.05116595,-0.04181848,-9810.4062,234594.9955,OK,0.0000,294.3122,3.0000,97.0000,AG03-UNRESOLVED,ALL5_LEVELS_bet23_to_bet27,294.3122,294.3122,294.3122,392.4162,490.5203,3.000000,3.000000,3.000000,4.000000,5.000000,97.000000,97.000000,97.000000,96.000000,95.000000,5.0,1765.8731,1644.6383,8044.5331,8165.7679,PENDING_AG03,FALSE,NOT_FOR_ENFORCEMENT,9516.0940,164454.1300,9810.4062,9516.0940,294.3122,0.04181848,0.04056393,294.3122,9516.0940,0.04056393,294.3122,294.3122,294.3122,392.4162,490.5203,9516.0940,0.04056393,1765.8731,1644.6383,8044.5331,8165.7679,0.03429115,0.03480794,0.00125455,11.8178,14.9930,0.8676,208.7320,5.3202,4991.3829,240.5957,12.7170,9.8041,2.5818,2.84,3.3563,4.9054,16.007,177.8754,0.2582,0.0,5.636364,62.633151,4.16126,29,188,6,10,0.74390005,0.04181848,0.03860046,0E-8,0.000000,0.722694,0.000000,0.01256549,2026-05-12,2026-08-02,47,1844,580,83,0.566265,1.297104,1.076088,2.479667,,,,,,,,GLOBAL_BASELINE_NO_ENTITY_RANKING,,,NOT_APPLICABLE_GLOBAL_BASELINE,HF9g-P5,,,,X 全窗基线 · 不参与实体赏罚,15059148,1506,A168_HF9F_20260827_0900,2026-08-27 09:00:00
2026-07-10,17529000,1384,0,70.2243564918,-0.4130844498,-0.4130844498,0.4545455,24,12,0.50044593804348982,0.499948100000,-0.30446948401184254,-0.3011670805469781,-0.30446948401184254,0.00049783804348982,ELIGIBLE,R03b_20260811_FULL_v1,L1_ELIGIBILITY,v2026-08-11,2026-03-21..2026-08-06,baccarat_bet02_101_all_pairs_incl_sentinel,round_win = game_pnl > 0 (decisive only),COMPATIBILITY_ONLY_NOT_PRODUCTION,234594.9955,169540.3402,9810.4062,19851,11308,-0.04181848,-0.03860046,-0.05116595,-0.04181848,-9810.4062,234594.9955,OK,0.0000,294.3122,3.0000,97.0000,AG03-UNRESOLVED,ALL5_LEVELS_bet23_to_bet27,294.3122,294.3122,294.3122,392.4162,490.5203,3.000000,3.000000,3.000000,4.000000,5.000000,97.000000,97.000000,97.000000,96.000000,95.000000,5.0,1765.8731,1644.6383,8044.5331,8165.7679,PENDING_AG03,FALSE,NOT_FOR_ENFORCEMENT,9516.0940,164454.1300,9810.4062,9516.0940,294.3122,0.04181848,0.04056393,294.3122,9516.0940,0.04056393,294.3122,294.3122,294.3122,392.4162,490.5203,9516.0940,0.04056393,1765.8731,1644.6383,8044.5331,8165.7679,0.03429115,0.03480794,0.00125455,11.8178,14.9930,0.8676,208.7320,5.3202,4991.3829,240.5957,12.7170,9.8041,2.5818,2.84,3.3563,4.9054,16.007,177.8754,0.2582,0.0,5.636364,62.633151,4.16126,29,188,6,10,0.74390005,0.04181848,0.03860046,0E-8,0.000000,0.722694,0.000000,0.01256549,2026-05-12,2026-08-02,47,1844,580,83,0.566265,1.297104,1.076088,2.479667,,,,,,,,GLOBAL_BASELINE_NO_ENTITY_RANKING,,,NOT_APPLICABLE_GLOBAL_BASELINE,HF9g-P5,,,,X 全窗基线 · 不参与实体赏罚,15059149,1506,A168_HF9F_20260827_0900,2026-08-27 09:00:00
2026-07-10,17529000,1396,0,83.9077788963,-37.4357782768,-37.4357782768,0.3750000,17,9,0.50145016656347404,0.500692833333,-0.7153131706628981,-0.7110267209821342,-0.7153131706628981,0.00075733323047404,ELIGIBLE,R03b_20260811_FULL_v1,L1_ELIGIBILITY,v2026-08-11,2026-03-21..2026-08-06,baccarat_bet02_101_all_pairs_incl_sentinel,round_win = game_pnl > 0 (decisive only),COMPATIBILITY_ONLY_NOT_PRODUCTION,234594.9955,169540.3402,9810.4062,19851,11308,-0.04181848,-0.03860046,-0.05116595,-0.04181848,-9810.4062,234594.9955,OK,0.0000,294.3122,3.0000,97.0000,AG03-UNRESOLVED,ALL5_LEVELS_bet23_to_bet27,294.3122,294.3122,294.3122,392.4162,490.5203,3.000000,3.000000,3.000000,4.000000,5.000000,97.000000,97.000000,97.000000,96.000000,95.000000,5.0,1765.8731,1644.6383,8044.5331,8165.7679,PENDING_AG03,FALSE,NOT_FOR_ENFORCEMENT,9516.0940,164454.1300,9810.4062,9516.0940,294.3122,0.04181848,0.04056393,294.3122,9516.0940,0.04056393,294.3122,294.3122,294.3122,392.4162,490.5203,9516.0940,0.04056393,1765.8731,1644.6383,8044.5331,8165.7679,0.03429115,0.03480794,0.00125455,11.8178,14.9930,0.8676,208.7320,5.3202,4991.3829,240.5957,12.7170,9.8041,2.5818,2.84,3.3563,4.9054,16.007,177.8754,0.2582,0.0,5.636364,62.633151,4.16126,29,188,6,10,0.74390005,0.04181848,0.03860046,0E-8,0.000000,0.722694,0.000000,0.01256549,2026-05-12,2026-08-02,47,1844,580,83,0.566265,1.297104,1.076088,2.479667,,,,,,,,GLOBAL_BASELINE_NO_ENTITY_RANKING,,,NOT_APPLICABLE_GLOBAL_BASELINE,HF9g-P5,,,,X 全窗基线 · 不参与实体赏罚,15059150,1506,A168_HF9F_20260827_0900,2026-08-27 09:00:00
2026-07-10,17529000,1401,0,8.5198667802,2.3236000310,2.3236000310,0.5000000,3,2,0.49690146363634218,0.496596800000,0.008764152587586838,0.009625926164049045,0.008764152587586838,0.00030466363634218,ELIGIBLE,R03b_20260811_FULL_v1,L1_ELIGIBILITY,v2026-08-11,2026-03-21..2026-08-06,baccarat_bet02_101_all_pairs_incl_sentinel,round_win = game_pnl > 0 (decisive only),COMPATIBILITY_ONLY_NOT_PRODUCTION,234594.9955,169540.3402,9810.4062,19851,11308,-0.04181848,-0.03860046,-0.05116595,-0.04181848,-9810.4062,234594.9955,OK,0.0000,294.3122,3.0000,97.0000,AG03-UNRESOLVED,ALL5_LEVELS_bet23_to_bet27,294.3122,294.3122,294.3122,392.4162,490.5203,3.000000,3.000000,3.000000,4.000000,5.000000,97.000000,97.000000,97.000000,96.000000,95.000000,5.0,1765.8731,1644.6383,8044.5331,8165.7679,PENDING_AG03,FALSE,NOT_FOR_ENFORCEMENT,9516.0940,164454.1300,9810.4062,9516.0940,294.3122,0.04181848,0.04056393,294.3122,9516.0940,0.04056393,294.3122,294.3122,294.3122,392.4162,490.5203,9516.0940,0.04056393,1765.8731,1644.6383,8044.5331,8165.7679,0.03429115,0.03480794,0.00125455,11.8178,14.9930,0.8676,208.7320,5.3202,4991.3829,240.5957,12.7170,9.8041,2.5818,2.84,3.3563,4.9054,16.007,177.8754,0.2582,0.0,5.636364,62.633151,4.16126,29,188,6,10,0.74390005,0.04181848,0.03860046,0E-8,0.000000,0.722694,0.000000,0.01256549,2026-05-12,2026-08-02,47,1844,580,83,0.566265,1.297104,1.076088,2.479667,,,,,,,,GLOBAL_BASELINE_NO_ENTITY_RANKING,,,NOT_APPLICABLE_GLOBAL_BASELINE,HF9g-P5,,,,X 全窗基线 · 不参与实体赏罚,15059151,1506,A168_HF9F_20260827_0900,2026-08-27 09:00:00
2026-07-10,17529000,1402,0,5.6799111868,0.3614488937,0.3614488937,1.0000000,2,1,0.50055742727268436,0.499948100000,0.9988857662127119,1.0001038053877793,0.9988857662127119,0.00060932727268436,ELIGIBLE,R03b_20260811_FULL_v1,L1_ELIGIBILITY,v2026-08-11,2026-03-21..2026-08-06,baccarat_bet02_101_all_pairs_incl_sentinel,round_win = game_pnl > 0 (decisive only),COMPATIBILITY_ONLY_NOT_PRODUCTION,234594.9955,169540.3402,9810.4062,19851,11308,-0.04181848,-0.03860046,-0.05116595,-0.04181848,-9810.4062,234594.9955,OK,0.0000,294.3122,3.0000,97.0000,AG03-UNRESOLVED,ALL5_LEVELS_bet23_to_bet27,294.3122,294.3122,294.3122,392.4162,490.5203,3.000000,3.000000,3.000000,4.000000,5.000000,97.000000,97.000000,97.000000,96.000000,95.000000,5.0,1765.8731,1644.6383,8044.5331,8165.7679,PENDING_AG03,FALSE,NOT_FOR_ENFORCEMENT,9516.0940,164454.1300,9810.4062,9516.0940,294.3122,0.04181848,0.04056393,294.3122,9516.0940,0.04056393,294.3122,294.3122,294.3122,392.4162,490.5203,9516.0940,0.04056393,1765.8731,1644.6383,8044.5331,8165.7679,0.03429115,0.03480794,0.00125455,11.8178,14.9930,0.8676,208.7320,5.3202,4991.3829,240.5957,12.7170,9.8041,2.5818,2.84,3.3563,4.9054,16.007,177.8754,0.2582,0.0,5.636364,62.633151,4.16126,29,188,6,10,0.74390005,0.04181848,0.03860046,0E-8,0.000000,0.722694,0.000000,0.01256549,2026-05-12,2026-08-02,47,1844,580,83,0.566265,1.297104,1.076088,2.479667,,,,,,,,GLOBAL_BASELINE_NO_ENTITY_RANKING,,,NOT_APPLICABLE_GLOBAL_BASELINE,HF9g-P5,,,,X 全窗基线 · 不参与实体赏罚,15059152,1506,A168_HF9F_20260827_0900,2026-08-27 09:00:00
2026-07-10,17529000,1507,0,50.3446673378,12.6248935017,12.6248935017,0.4285714,14,8,0.50189214415582512,0.501623750000,-0.3879795368772209,-0.38655858877025023,-0.3879795368772209,0.00026839415582512,ELIGIBLE,R03b_20260811_FULL_v1,L1_ELIGIBILITY,v2026-08-11,2026-03-21..2026-08-06,baccarat_bet02_101_all_pairs_incl_sentinel,round_win = game_pnl > 0 (decisive only),COMPATIBILITY_ONLY_NOT_PRODUCTION,234594.9955,169540.3402,9810.4062,19851,11308,-0.04181848,-0.03860046,-0.05116595,-0.04181848,-9810.4062,234594.9955,OK,0.0000,294.3122,3.0000,97.0000,AG03-UNRESOLVED,ALL5_LEVELS_bet23_to_bet27,294.3122,294.3122,294.3122,392.4162,490.5203,3.000000,3.000000,3.000000,4.000000,5.000000,97.000000,97.000000,97.000000,96.000000,95.000000,5.0,1765.8731,1644.6383,8044.5331,8165.7679,PENDING_AG03,FALSE,NOT_FOR_ENFORCEMENT,9516.0940,164454.1300,9810.4062,9516.0940,294.3122,0.04181848,0.04056393,294.3122,9516.0940,0.04056393,294.3122,294.3122,294.3122,392.4162,490.5203,9516.0940,0.04056393,1765.8731,1644.6383,8044.5331,8165.7679,0.03429115,0.03480794,0.00125455,11.8178,14.9930,0.8676,208.7320,5.3202,4991.3829,240.5957,12.7170,9.8041,2.5818,2.84,3.3563,4.9054,16.007,177.8754,0.2582,0.0,5.636364,62.633151,4.16126,29,188,6,10,0.74390005,0.04181848,0.03860046,0E-8,0.000000,0.722694,0.000000,0.01256549,2026-05-12,2026-08-02,47,1844,580,83,0.566265,1.297104,1.076088,2.479667,,,,,,,,GLOBAL_BASELINE_NO_ENTITY_RANKING,,,NOT_APPLICABLE_GLOBAL_BASELINE,HF9g-P5,,,,X 全窗基线 · 不参与实体赏罚,15059153,1506,A168_HF9F_20260827_0900,2026-08-27 09:00:00
2026-07-10,17529000,1509,0,85.7150233648,3.2530400437,3.2530400437,0.5454545,22,13,0.50105292417581874,0.500979269231,0.2945276887865615,0.2950161731846454,0.2945276887865615,0.00007365494481874,ELIGIBLE,R03b_20260811_FULL_v1,L1_ELIGIBILITY,v2026-08-11,2026-03-21..2026-08-06,baccarat_bet02_101_all_pairs_incl_sentinel,round_win = game_pnl > 0 (decisive only),COMPATIBILITY_ONLY_NOT_PRODUCTION,234594.9955,169540.3402,9810.4062,19851,11308,-0.04181848,-0.03860046,-0.05116595,-0.04181848,-9810.4062,234594.9955,OK,0.0000,294.3122,3.0000,97.0000,AG03-UNRESOLVED,ALL5_LEVELS_bet23_to_bet27,294.3122,294.3122,294.3122,392.4162,490.5203,3.000000,3.000000,3.000000,4.000000,5.000000,97.000000,97.000000,97.000000,96.000000,95.000000,5.0,1765.8731,1644.6383,8044.5331,8165.7679,PENDING_AG03,FALSE,NOT_FOR_ENFORCEMENT,9516.0940,164454.1300,9810.4062,9516.0940,294.3122,0.04181848,0.04056393,294.3122,9516.0940,0.04056393,294.3122,294.3122,294.3122,392.4162,490.5203,9516.0940,0.04056393,1765.8731,1644.6383,8044.5331,8165.7679,0.03429115,0.03480794,0.00125455,11.8178,14.9930,0.8676,208.7320,5.3202,4991.3829,240.5957,12.7170,9.8041,2.5818,2.84,3.3563,4.9054,16.007,177.8754,0.2582,0.0,5.636364,62.633151,4.16126,29,188,6,10,0.74390005,0.04181848,0.03860046,0E-8,0.000000,0.722694,0.000000,0.01256549,2026-05-12,2026-08-02,47,1844,580,83,0.566265,1.297104,1.076088,2.479667,,,,,,,,GLOBAL_BASELINE_NO_ENTITY_RANKING,,,NOT_APPLICABLE_GLOBAL_BASELINE,HF9g-P5,,,,X 全窗基线 · 不参与实体赏罚,15059154,1506,A168_HF9F_20260827_0900,2026-08-27 09:00:00
2026-07-10,17529000,1994,0,72.5479565227,-2.4139622541,-2.4139622541,0.4166667,24,13,0.50133240970324082,0.500979269231,-0.5865835571452666,-0.5841359657758864,-0.5865835571452666,0.00035314047224082,ELIGIBLE,R03b_20260811_FULL_v1,L1_ELIGIBILITY,v2026-08-11,2026-03-21..2026-08-06,baccarat_bet02_101_all_pairs_incl_sentinel,round_win = game_pnl > 0 (decisive only),COMPATIBILITY_ONLY_NOT_PRODUCTION,234594.9955,169540.3402,9810.4062,19851,11308,-0.04181848,-0.03860046,-0.05116595,-0.04181848,-9810.4062,234594.9955,OK,0.0000,294.3122,3.0000,97.0000,AG03-UNRESOLVED,ALL5_LEVELS_bet23_to_bet27,294.3122,294.3122,294.3122,392.4162,490.5203,3.000000,3.000000,3.000000,4.000000,5.000000,97.000000,97.000000,97.000000,96.000000,95.000000,5.0,1765.8731,1644.6383,8044.5331,8165.7679,PENDING_AG03,FALSE,NOT_FOR_ENFORCEMENT,9516.0940,164454.1300,9810.4062,9516.0940,294.3122,0.04181848,0.04056393,294.3122,9516.0940,0.04056393,294.3122,294.3122,294.3122,392.4162,490.5203,9516.0940,0.04056393,1765.8731,1644.6383,8044.5331,8165.7679,0.03429115,0.03480794,0.00125455,11.8178,14.9930,0.8676,208.7320,5.3202,4991.3829,240.5957,12.7170,9.8041,2.5818,2.84,3.3563,4.9054,16.007,177.8754,0.2582,0.0,5.636364,62.633151,4.16126,29,188,6,10,0.74390005,0.04181848,0.03860046,0E-8,0.000000,0.722694,0.000000,0.01256549,2026-05-12,2026-08-02,47,1844,580,83,0.566265,1.297104,1.076088,2.479667,,,,,,,,GLOBAL_BASELINE_NO_ENTITY_RANKING,,,NOT_APPLICABLE_GLOBAL_BASELINE,HF9g-P5,,,,X 全窗基线 · 不参与实体赏罚,15059155,1506,A168_HF9F_20260827_0900,2026-08-27 09:00:00
2026-07-10,17529000,2087,0,34.3376449022,-0.1549066686,-0.1549066686,0.5000000,12,6,0.50002513847919742,0.499948100000,-0.00012315289404214844,0.00025425703667063243,-0.00012315289404214844,0.00007703847919742,ELIGIBLE,R03b_20260811_FULL_v1,L1_ELIGIBILITY,v2026-08-11,2026-03-21..2026-08-06,baccarat_bet02_101_all_pairs_incl_sentinel,round_win = game_pnl > 0 (decisive only),COMPATIBILITY_ONLY_NOT_PRODUCTION,234594.9955,169540.3402,9810.4062,19851,11308,-0.04181848,-0.03860046,-0.05116595,-0.04181848,-9810.4062,234594.9955,OK,0.0000,294.3122,3.0000,97.0000,AG03-UNRESOLVED,ALL5_LEVELS_bet23_to_bet27,294.3122,294.3122,294.3122,392.4162,490.5203,3.000000,3.000000,3.000000,4.000000,5.000000,97.000000,97.000000,97.000000,96.000000,95.000000,5.0,1765.8731,1644.6383,8044.5331,8165.7679,PENDING_AG03,FALSE,NOT_FOR_ENFORCEMENT,9516.0940,164454.1300,9810.4062,9516.0940,294.3122,0.04181848,0.04056393,294.3122,9516.0940,0.04056393,294.3122,294.3122,294.3122,392.4162,490.5203,9516.0940,0.04056393,1765.8731,1644.6383,8044.5331,8165.7679,0.03429115,0.03480794,0.00125455,11.8178,14.9930,0.8676,208.7320,5.3202,4991.3829,240.5957,12.7170,9.8041,2.5818,2.84,3.3563,4.9054,16.007,177.8754,0.2582,0.0,5.636364,62.633151,4.16126,29,188,6,10,0.74390005,0.04181848,0.03860046,0E-8,0.000000,0.722694,0.000000,0.01256549,2026-05-12,2026-08-02,47,1844,580,83,0.566265,1.297104,1.076088,2.479667,,,,,,,,GLOBAL_BASELINE_NO_ENTITY_RANKING,,,NOT_APPLICABLE_GLOBAL_BASELINE,HF9g-P5,,,,X 全窗基线 · 不参与实体赏罚,15059156,1506,A168_HF9F_20260827_0900,2026-08-27 09:00:00
2026-07-10,17529000,2101,0,11.1016445924,-1.0327111248,-1.0327111248,0E-7,4,2,0.49948385064938388,0.499948100000,-1.412754424293835,-1.4140667746232096,-1.412754424293835,-0.00046424935061612,ELIGIBLE,R03b_20260811_FULL_v1,L1_ELIGIBILITY,v2026-08-11,2026-03-21..2026-08-06,baccarat_bet02_101_all_pairs_incl_sentinel,round_win = game_pnl > 0 (decisive only),COMPATIBILITY_ONLY_NOT_PRODUCTION,234594.9955,169540.3402,9810.4062,19851,11308,-0.04181848,-0.03860046,-0.05116595,-0.04181848,-9810.4062,234594.9955,OK,0.0000,294.3122,3.0000,97.0000,AG03-UNRESOLVED,ALL5_LEVELS_bet23_to_bet27,294.3122,294.3122,294.3122,392.4162,490.5203,3.000000,3.000000,3.000000,4.000000,5.000000,97.000000,97.000000,97.000000,96.000000,95.000000,5.0,1765.8731,1644.6383,8044.5331,8165.7679,PENDING_AG03,FALSE,NOT_FOR_ENFORCEMENT,9516.0940,164454.1300,9810.4062,9516.0940,294.3122,0.04181848,0.04056393,294.3122,9516.0940,0.04056393,294.3122,294.3122,294.3122,392.4162,490.5203,9516.0940,0.04056393,1765.8731,1644.6383,8044.5331,8165.7679,0.03429115,0.03480794,0.00125455,11.8178,14.9930,0.8676,208.7320,5.3202,4991.3829,240.5957,12.7170,9.8041,2.5818,2.84,3.3563,4.9054,16.007,177.8754,0.2582,0.0,5.636364,62.633151,4.16126,29,188,6,10,0.74390005,0.04181848,0.03860046,0E-8,0.000000,0.722694,0.000000,0.01256549,2026-05-12,2026-08-02,47,1844,580,83,0.566265,1.297104,1.076088,2.479667,,,,,,,,GLOBAL_BASELINE_NO_ENTITY_RANKING,,,NOT_APPLICABLE_GLOBAL_BASELINE,HF9g-P5,,,,X 全窗基线 · 不参与实体赏罚,15059157,1506,A168_HF9F_20260827_0900,2026-08-27 09:00:00
2026-07-10,17529000,2115,0,5.6799111868,0E-10,0E-10,,2,1,0.49933877272731564,0.499948100000,,,,-0.00060932727268436,NO_DECISIVE_ROUND,R03b_20260811_FULL_v1,L1_ELIGIBILITY,v2026-08-11,2026-03-21..2026-08-06,baccarat_bet02_101_all_pairs_incl_sentinel,round_win = game_pnl > 0 (decisive only),COMPATIBILITY_ONLY_NOT_PRODUCTION,234594.9955,169540.3402,9810.4062,19851,11308,-0.04181848,-0.03860046,-0.05116595,-0.04181848,-9810.4062,234594.9955,OK,0.0000,294.3122,3.0000,97.0000,AG03-UNRESOLVED,ALL5_LEVELS_bet23_to_bet27,294.3122,294.3122,294.3122,392.4162,490.5203,3.000000,3.000000,3.000000,4.000000,5.000000,97.000000,97.000000,97.000000,96.000000,95.000000,5.0,1765.8731,1644.6383,8044.5331,8165.7679,PENDING_AG03,FALSE,NOT_FOR_ENFORCEMENT,9516.0940,164454.1300,9810.4062,9516.0940,294.3122,0.04181848,0.04056393,294.3122,9516.0940,0.04056393,294.3122,294.3122,294.3122,392.4162,490.5203,9516.0940,0.04056393,1765.8731,1644.6383,8044.5331,8165.7679,0.03429115,0.03480794,0.00125455,11.8178,14.9930,0.8676,208.7320,5.3202,4991.3829,240.5957,12.7170,9.8041,2.5818,2.84,3.3563,4.9054,16.007,177.8754,0.2582,0.0,5.636364,62.633151,4.16126,29,188,6,10,0.74390005,0.04181848,0.03860046,0E-8,0.000000,0.722694,0.000000,0.01256549,2026-05-12,2026-08-02,47,1844,580,83,0.566265,1.297104,1.076088,2.479667,,,,,,,,GLOBAL_BASELINE_NO_ENTITY_RANKING,,,NOT_APPLICABLE_GLOBAL_BASELINE,HF9g-P5,,,,X 全窗基线 · 不参与实体赏罚,15059158,1506,A168_HF9F_20260827_0900,2026-08-27 09:00:00
2026-07-10,17529000,2123,0,84.9404900213,1.3941600187,1.3941600187,0.3333333,26,15,0.49811301520412852,0.498160740000,-1.1416352543177943,-1.1419654975904991,-1.1416352543177943,-0.00004772479587148,ELIGIBLE,R03b_20260811_FULL_v1,L1_ELIGIBILITY,v2026-08-11,2026-03-21..2026-08-06,baccarat_bet02_101_all_pairs_incl_sentinel,round_win = game_pnl > 0 (decisive only),COMPATIBILITY_ONLY_NOT_PRODUCTION,234594.9955,169540.3402,9810.4062,19851,11308,-0.04181848,-0.03860046,-0.05116595,-0.04181848,-9810.4062,234594.9955,OK,0.0000,294.3122,3.0000,97.0000,AG03-UNRESOLVED,ALL5_LEVELS_bet23_to_bet27,294.3122,294.3122,294.3122,392.4162,490.5203,3.000000,3.000000,3.000000,4.000000,5.000000,97.000000,97.000000,97.000000,96.000000,95.000000,5.0,1765.8731,1644.6383,8044.5331,8165.7679,PENDING_AG03,FALSE,NOT_FOR_ENFORCEMENT,9516.0940,164454.1300,9810.4062,9516.0940,294.3122,0.04181848,0.04056393,294.3122,9516.0940,0.04056393,294.3122,294.3122,294.3122,392.4162,490.5203,9516.0940,0.04056393,1765.8731,1644.6383,8044.5331,8165.7679,0.03429115,0.03480794,0.00125455,11.8178,14.9930,0.8676,208.7320,5.3202,4991.3829,240.5957,12.7170,9.8041,2.5818,2.84,3.3563,4.9054,16.007,177.8754,0.2582,0.0,5.636364,62.633151,4.16126,29,188,6,10,0.74390005,0.04181848,0.03860046,0E-8,0.000000,0.722694,0.000000,0.01256549,2026-05-12,2026-08-02,47,1844,580,83,0.566265,1.297104,1.076088,2.479667,,,,,,,,GLOBAL_BASELINE_NO_ENTITY_RANKING,,,NOT_APPLICABLE_GLOBAL_BASELINE,HF9g-P5,,,,X 全窗基线 · 不参与实体赏罚,15059159,1506,A168_HF9F_20260827_0900,2026-08-27 09:00:00
2026-07-10,17529000,2129,0,87.2640900523,18.4597113573,18.4597113573,0.2500000,5,4,0.50154395714286303,0.501623750000,-1.0061806256570016,-1.0065003074190721,-1.0061806256570016,-0.00007979285713697,ELIGIBLE,R03b_20260811_FULL_v1,L1_ELIGIBILITY,v2026-08-11,2026-03-21..2026-08-06,baccarat_bet02_101_all_pairs_incl_sentinel,round_win = game_pnl > 0 (decisive only),COMPATIBILITY_ONLY_NOT_PRODUCTION,234594.9955,169540.3402,9810.4062,19851,11308,-0.04181848,-0.03860046,-0.05116595,-0.04181848,-9810.4062,234594.9955,OK,0.0000,294.3122,3.0000,97.0000,AG03-UNRESOLVED,ALL5_LEVELS_bet23_to_bet27,294.3122,294.3122,294.3122,392.4162,490.5203,3.000000,3.000000,3.000000,4.000000,5.000000,97.000000,97.000000,97.000000,96.000000,95.000000,5.0,1765.8731,1644.6383,8044.5331,8165.7679,PENDING_AG03,FALSE,NOT_FOR_ENFORCEMENT,9516.0940,164454.1300,9810.4062,9516.0940,294.3122,0.04181848,0.04056393,294.3122,9516.0940,0.04056393,294.3122,294.3122,294.3122,392.4162,490.5203,9516.0940,0.04056393,1765.8731,1644.6383,8044.5331,8165.7679,0.03429115,0.03480794,0.00125455,11.8178,14.9930,0.8676,208.7320,5.3202,4991.3829,240.5957,12.7170,9.8041,2.5818,2.84,3.3563,4.9054,16.007,177.8754,0.2582,0.0,5.636364,62.633151,4.16126,29,188,6,10,0.74390005,0.04181848,0.03860046,0E-8,0.000000,0.722694,0.000000,0.01256549,2026-05-12,2026-08-02,47,1844,580,83,0.566265,1.297104,1.076088,2.479667,,,,,,,,GLOBAL_BASELINE_NO_ENTITY_RANKING,,,NOT_APPLICABLE_GLOBAL_BASELINE,HF9g-P5,,,,X 全窗基线 · 不参与实体赏罚,15059160,1506,A168_HF9F_20260827_0900,2026-08-27 09:00:00
2026-07-10,17529000,2130,0,20.6542224975,-4.2857511682,-4.2857511682,0.2500000,7,4,0.50200820649347915,0.501623750000,-1.0080409566499884,-1.0065003074190721,-1.0080409566499884,0.00038445649347915,ELIGIBLE,R03b_20260811_FULL_v1,L1_ELIGIBILITY,v2026-08-11,2026-03-21..2026-08-06,baccarat_bet02_101_all_pairs_incl_sentinel,round_win = game_pnl > 0 (decisive only),COMPATIBILITY_ONLY_NOT_PRODUCTION,234594.9955,169540.3402,9810.4062,19851,11308,-0.04181848,-0.03860046,-0.05116595,-0.04181848,-9810.4062,234594.9955,OK,0.0000,294.3122,3.0000,97.0000,AG03-UNRESOLVED,ALL5_LEVELS_bet23_to_bet27,294.3122,294.3122,294.3122,392.4162,490.5203,3.000000,3.000000,3.000000,4.000000,5.000000,97.000000,97.000000,97.000000,96.000000,95.000000,5.0,1765.8731,1644.6383,8044.5331,8165.7679,PENDING_AG03,FALSE,NOT_FOR_ENFORCEMENT,9516.0940,164454.1300,9810.4062,9516.0940,294.3122,0.04181848,0.04056393,294.3122,9516.0940,0.04056393,294.3122,294.3122,294.3122,392.4162,490.5203,9516.0940,0.04056393,1765.8731,1644.6383,8044.5331,8165.7679,0.03429115,0.03480794,0.00125455,11.8178,14.9930,0.8676,208.7320,5.3202,4991.3829,240.5957,12.7170,9.8041,2.5818,2.84,3.3563,4.9054,16.007,177.8754,0.2582,0.0,5.636364,62.633151,4.16126,29,188,6,10,0.74390005,0.04181848,0.03860046,0E-8,0.000000,0.722694,0.000000,0.01256549,2026-05-12,2026-08-02,47,1844,580,83,0.566265,1.297104,1.076088,2.479667,,,,,,,,GLOBAL_BASELINE_NO_ENTITY_RANKING,,,NOT_APPLICABLE_GLOBAL_BASELINE,HF9g-P5,,,,X 全窗基线 · 不参与实体赏罚,15059161,1506,A168_HF9F_20260827_0900,2026-08-27 09:00:00
2026-07-10,17529000,2141,0,12.1343557173,0.4518111172,0.4518111172,0.5000000,4,2,0.50031369636365782,0.499948100000,-0.0008872674785278777,0.00014679536856514622,-0.0008872674785278777,0.00036559636365782,ELIGIBLE,R03b_20260811_FULL_v1,L1_ELIGIBILITY,v2026-08-11,2026-03-21..2026-08-06,baccarat_bet02_101_all_pairs_incl_sentinel,round_win = game_pnl > 0 (decisive only),COMPATIBILITY_ONLY_NOT_PRODUCTION,234594.9955,169540.3402,9810.4062,19851,11308,-0.04181848,-0.03860046,-0.05116595,-0.04181848,-9810.4062,234594.9955,OK,0.0000,294.3122,3.0000,97.0000,AG03-UNRESOLVED,ALL5_LEVELS_bet23_to_bet27,294.3122,294.3122,294.3122,392.4162,490.5203,3.000000,3.000000,3.000000,4.000000,5.000000,97.000000,97.000000,97.000000,96.000000,95.000000,5.0,1765.8731,1644.6383,8044.5331,8165.7679,PENDING_AG03,FALSE,NOT_FOR_ENFORCEMENT,9516.0940,164454.1300,9810.4062,9516.0940,294.3122,0.04181848,0.04056393,294.3122,9516.0940,0.04056393,294.3122,294.3122,294.3122,392.4162,490.5203,9516.0940,0.04056393,1765.8731,1644.6383,8044.5331,8165.7679,0.03429115,0.03480794,0.00125455,11.8178,14.9930,0.8676,208.7320,5.3202,4991.3829,240.5957,12.7170,9.8041,2.5818,2.84,3.3563,4.9054,16.007,177.8754,0.2582,0.0,5.636364,62.633151,4.16126,29,188,6,10,0.74390005,0.04181848,0.03860046,0E-8,0.000000,0.722694,0.000000,0.01256549,2026-05-12,2026-08-02,47,1844,580,83,0.566265,1.297104,1.076088,2.479667,,,,,,,,GLOBAL_BASELINE_NO_ENTITY_RANKING,,,NOT_APPLICABLE_GLOBAL_BASELINE,HF9g-P5,,,,X 全窗基线 · 不参与实体赏罚,15059162,1506,A168_HF9F_20260827_0900,2026-08-27 09:00:00
2026-07-10,17529000,2142,0,82.3587122090,9.3073090132,9.3073090132,0.4166667,20,12,0.50141343373694691,0.501065200000,-0.5871451713677002,-0.5847315182044714,-0.5871451713677002,0.00034823373694691,ELIGIBLE,R03b_20260811_FULL_v1,L1_ELIGIBILITY,v2026-08-11,2026-03-21..2026-08-06,baccarat_bet02_101_all_pairs_incl_sentinel,round_win = game_pnl > 0 (decisive only),COMPATIBILITY_ONLY_NOT_PRODUCTION,234594.9955,169540.3402,9810.4062,19851,11308,-0.04181848,-0.03860046,-0.05116595,-0.04181848,-9810.4062,234594.9955,OK,0.0000,294.3122,3.0000,97.0000,AG03-UNRESOLVED,ALL5_LEVELS_bet23_to_bet27,294.3122,294.3122,294.3122,392.4162,490.5203,3.000000,3.000000,3.000000,4.000000,5.000000,97.000000,97.000000,97.000000,96.000000,95.000000,5.0,1765.8731,1644.6383,8044.5331,8165.7679,PENDING_AG03,FALSE,NOT_FOR_ENFORCEMENT,9516.0940,164454.1300,9810.4062,9516.0940,294.3122,0.04181848,0.04056393,294.3122,9516.0940,0.04056393,294.3122,294.3122,294.3122,392.4162,490.5203,9516.0940,0.04056393,1765.8731,1644.6383,8044.5331,8165.7679,0.03429115,0.03480794,0.00125455,11.8178,14.9930,0.8676,208.7320,5.3202,4991.3829,240.5957,12.7170,9.8041,2.5818,2.84,3.3563,4.9054,16.007,177.8754,0.2582,0.0,5.636364,62.633151,4.16126,29,188,6,10,0.74390005,0.04181848,0.03860046,0E-8,0.000000,0.722694,0.000000,0.01256549,2026-05-12,2026-08-02,47,1844,580,83,0.566265,1.297104,1.076088,2.479667,,,,,,,,GLOBAL_BASELINE_NO_ENTITY_RANKING,,,NOT_APPLICABLE_GLOBAL_BASELINE,HF9g-P5,,,,X 全窗基线 · 不参与实体赏罚,15059163,1506,A168_HF9F_20260827_0900,2026-08-27 09:00:00
2026-07-10,17529000,2171,0,80.0351121782,5.7315467432,5.7315467432,0.3333333,17,10,0.50193528906831435,0.501958880000,-1.0116193121624601,-1.0117610447107206,-1.0116193121624601,-0.00002359093168565,ELIGIBLE,R03b_20260811_FULL_v1,L1_ELIGIBILITY,v2026-08-11,2026-03-21..2026-08-06,baccarat_bet02_101_all_pairs_incl_sentinel,round_win = game_pnl > 0 (decisive only),COMPATIBILITY_ONLY_NOT_PRODUCTION,234594.9955,169540.3402,9810.4062,19851,11308,-0.04181848,-0.03860046,-0.05116595,-0.04181848,-9810.4062,234594.9955,OK,0.0000,294.3122,3.0000,97.0000,AG03-UNRESOLVED,ALL5_LEVELS_bet23_to_bet27,294.3122,294.3122,294.3122,392.4162,490.5203,3.000000,3.000000,3.000000,4.000000,5.000000,97.000000,97.000000,97.000000,96.000000,95.000000,5.0,1765.8731,1644.6383,8044.5331,8165.7679,PENDING_AG03,FALSE,NOT_FOR_ENFORCEMENT,9516.0940,164454.1300,9810.4062,9516.0940,294.3122,0.04181848,0.04056393,294.3122,9516.0940,0.04056393,294.3122,294.3122,294.3122,392.4162,490.5203,9516.0940,0.04056393,1765.8731,1644.6383,8044.5331,8165.7679,0.03429115,0.03480794,0.00125455,11.8178,14.9930,0.8676,208.7320,5.3202,4991.3829,240.5957,12.7170,9.8041,2.5818,2.84,3.3563,4.9054,16.007,177.8754,0.2582,0.0,5.636364,62.633151,4.16126,29,188,6,10,0.74390005,0.04181848,0.03860046,0E-8,0.000000,0.722694,0.000000,0.01256549,2026-05-12,2026-08-02,47,1844,580,83,0.566265,1.297104,1.076088,2.479667,,,,,,,,GLOBAL_BASELINE_NO_ENTITY_RANKING,,,NOT_APPLICABLE_GLOBAL_BASELINE,HF9g-P5,,,,X 全窗基线 · 不参与实体赏罚,15059164,1506,A168_HF9F_20260827_0900,2026-08-27 09:00:00
2026-07-10,17529000,2174,0,185.8880024784,99.6049879947,99.6049879947,0.5714286,28,15,0.50153764847262488,0.500841780000,0.5230182495087915,0.5282239277074577,0.5230182495087915,0.00069586847262488,ELIGIBLE,R03b_20260811_FULL_v1,L1_ELIGIBILITY,v2026-08-11,2026-03-21..2026-08-06,baccarat_bet02_101_all_pairs_incl_sentinel,round_win = game_pnl > 0 (decisive only),COMPATIBILITY_ONLY_NOT_PRODUCTION,234594.9955,169540.3402,9810.4062,19851,11308,-0.04181848,-0.03860046,-0.05116595,-0.04181848,-9810.4062,234594.9955,OK,0.0000,294.3122,3.0000,97.0000,AG03-UNRESOLVED,ALL5_LEVELS_bet23_to_bet27,294.3122,294.3122,294.3122,392.4162,490.5203,3.000000,3.000000,3.000000,4.000000,5.000000,97.000000,97.000000,97.000000,96.000000,95.000000,5.0,1765.8731,1644.6383,8044.5331,8165.7679,PENDING_AG03,FALSE,NOT_FOR_ENFORCEMENT,9516.0940,164454.1300,9810.4062,9516.0940,294.3122,0.04181848,0.04056393,294.3122,9516.0940,0.04056393,294.3122,294.3122,294.3122,392.4162,490.5203,9516.0940,0.04056393,1765.8731,1644.6383,8044.5331,8165.7679,0.03429115,0.03480794,0.00125455,11.8178,14.9930,0.8676,208.7320,5.3202,4991.3829,240.5957,12.7170,9.8041,2.5818,2.84,3.3563,4.9054,16.007,177.8754,0.2582,0.0,5.636364,62.633151,4.16126,29,188,6,10,0.74390005,0.04181848,0.03860046,0E-8,0.000000,0.722694,0.000000,0.01256549,2026-05-12,2026-08-02,47,1844,580,83,0.566265,1.297104,1.076088,2.479667,,,,,,,,GLOBAL_BASELINE_NO_ENTITY_RANKING,,,NOT_APPLICABLE_GLOBAL_BASELINE,HF9g-P5,,,,X 全窗基线 · 不参与实体赏罚,15059165,1506,A168_HF9F_20260827_0900,2026-08-27 09:00:00
2026-07-10,17529000,2177,0,69.4498231479,1.5232489094,1.5232489094,0.3333333,22,12,0.50041616436266512,0.499948100000,-1.1575842106315104,-1.154340970850289,-1.1575842106315104,0.00046806436266512,ELIGIBLE,R03b_20260811_FULL_v1,L1_ELIGIBILITY,v2026-08-11,2026-03-21..2026-08-06,baccarat_bet02_101_all_pairs_incl_sentinel,round_win = game_pnl > 0 (decisive only),COMPATIBILITY_ONLY_NOT_PRODUCTION,234594.9955,169540.3402,9810.4062,19851,11308,-0.04181848,-0.03860046,-0.05116595,-0.04181848,-9810.4062,234594.9955,OK,0.0000,294.3122,3.0000,97.0000,AG03-UNRESOLVED,ALL5_LEVELS_bet23_to_bet27,294.3122,294.3122,294.3122,392.4162,490.5203,3.000000,3.000000,3.000000,4.000000,5.000000,97.000000,97.000000,97.000000,96.000000,95.000000,5.0,1765.8731,1644.6383,8044.5331,8165.7679,PENDING_AG03,FALSE,NOT_FOR_ENFORCEMENT,9516.0940,164454.1300,9810.4062,9516.0940,294.3122,0.04181848,0.04056393,294.3122,9516.0940,0.04056393,294.3122,294.3122,294.3122,392.4162,490.5203,9516.0940,0.04056393,1765.8731,1644.6383,8044.5331,8165.7679,0.03429115,0.03480794,0.00125455,11.8178,14.9930,0.8676,208.7320,5.3202,4991.3829,240.5957,12.7170,9.8041,2.5818,2.84,3.3563,4.9054,16.007,177.8754,0.2582,0.0,5.636364,62.633151,4.16126,29,188,6,10,0.74390005,0.04181848,0.03860046,0E-8,0.000000,0.722694,0.000000,0.01256549,2026-05-12,2026-08-02,47,1844,580,83,0.566265,1.297104,1.076088,2.479667,,,,,,,,GLOBAL_BASELINE_NO_ENTITY_RANKING,,,NOT_APPLICABLE_GLOBAL_BASELINE,HF9g-P5,,,,X 全窗基线 · 不参与实体赏罚,15059166,1506,A168_HF9F_20260827_0900,2026-08-27 09:00:00
2026-07-10,17529000,2188,0,1894.7667363746,-1757.8808767717,-1757.8808767717,0.3333333,23,15,0.49953679357801348,0.499501260000,-1.1514918442788826,-1.151245739025712,-1.1514918442788826,0.00003553357801348,ELIGIBLE,R03b_20260811_FULL_v1,L1_ELIGIBILITY,v2026-08-11,2026-03-21..2026-08-06,baccarat_bet02_101_all_pairs_incl_sentinel,round_win = game_pnl > 0 (decisive only),COMPATIBILITY_ONLY_NOT_PRODUCTION,234594.9955,169540.3402,9810.4062,19851,11308,-0.04181848,-0.03860046,-0.05116595,-0.04181848,-9810.4062,234594.9955,OK,0.0000,294.3122,3.0000,97.0000,AG03-UNRESOLVED,ALL5_LEVELS_bet23_to_bet27,294.3122,294.3122,294.3122,392.4162,490.5203,3.000000,3.000000,3.000000,4.000000,5.000000,97.000000,97.000000,97.000000,96.000000,95.000000,5.0,1765.8731,1644.6383,8044.5331,8165.7679,PENDING_AG03,FALSE,NOT_FOR_ENFORCEMENT,9516.0940,164454.1300,9810.4062,9516.0940,294.3122,0.04181848,0.04056393,294.3122,9516.0940,0.04056393,294.3122,294.3122,294.3122,392.4162,490.5203,9516.0940,0.04056393,1765.8731,1644.6383,8044.5331,8165.7679,0.03429115,0.03480794,0.00125455,11.8178,14.9930,0.8676,208.7320,5.3202,4991.3829,240.5957,12.7170,9.8041,2.5818,2.84,3.3563,4.9054,16.007,177.8754,0.2582,0.0,5.636364,62.633151,4.16126,29,188,6,10,0.74390005,0.04181848,0.03860046,0E-8,0.000000,0.722694,0.000000,0.01256549,2026-05-12,2026-08-02,47,1844,580,83,0.566265,1.297104,1.076088,2.479667,,,,,,,,GLOBAL_BASELINE_NO_ENTITY_RANKING,,,NOT_APPLICABLE_GLOBAL_BASELINE,HF9g-P5,,,,X 全窗基线 · 不参与实体赏罚,15059167,1506,A168_HF9F_20260827_0900,2026-08-27 09:00:00
2026-07-10,17529000,2218,0,24.7850669971,14.9872201999,14.9872201999,0.5000000,2,2,0.50665070000000000,0.506650700000,-0.018812684590367487,-0.018812684590367487,-0.018812684590367487,0E-17,ELIGIBLE,R03b_20260811_FULL_v1,L1_ELIGIBILITY,v2026-08-11,2026-03-21..2026-08-06,baccarat_bet02_101_all_pairs_incl_sentinel,round_win = game_pnl > 0 (decisive only),COMPATIBILITY_ONLY_NOT_PRODUCTION,234594.9955,169540.3402,9810.4062,19851,11308,-0.04181848,-0.03860046,-0.05116595,-0.04181848,-9810.4062,234594.9955,OK,0.0000,294.3122,3.0000,97.0000,AG03-UNRESOLVED,ALL5_LEVELS_bet23_to_bet27,294.3122,294.3122,294.3122,392.4162,490.5203,3.000000,3.000000,3.000000,4.000000,5.000000,97.000000,97.000000,97.000000,96.000000,95.000000,5.0,1765.8731,1644.6383,8044.5331,8165.7679,PENDING_AG03,FALSE,NOT_FOR_ENFORCEMENT,9516.0940,164454.1300,9810.4062,9516.0940,294.3122,0.04181848,0.04056393,294.3122,9516.0940,0.04056393,294.3122,294.3122,294.3122,392.4162,490.5203,9516.0940,0.04056393,1765.8731,1644.6383,8044.5331,8165.7679,0.03429115,0.03480794,0.00125455,11.8178,14.9930,0.8676,208.7320,5.3202,4991.3829,240.5957,12.7170,9.8041,2.5818,2.84,3.3563,4.9054,16.007,177.8754,0.2582,0.0,5.636364,62.633151,4.16126,29,188,6,10,0.74390005,0.04181848,0.03860046,0E-8,0.000000,0.722694,0.000000,0.01256549,2026-05-12,2026-08-02,47,1844,580,83,0.566265,1.297104,1.076088,2.479667,,,,,,,,GLOBAL_BASELINE_NO_ENTITY_RANKING,,,NOT_APPLICABLE_GLOBAL_BASELINE,HF9g-P5,,,,X 全窗基线 · 不参与实体赏罚,15059168,1506,A168_HF9F_20260827_0900,2026-08-27 09:00:00
2026-07-10,17529000,2234,0,5.6799111868,0.3614488937,0.3614488937,1.0000000,2,1,0.50055742727268436,0.499948100000,0.9988857662127119,1.0001038053877793,0.9988857662127119,0.00060932727268436,ELIGIBLE,R03b_20260811_FULL_v1,L1_ELIGIBILITY,v2026-08-11,2026-03-21..2026-08-06,baccarat_bet02_101_all_pairs_incl_sentinel,round_win = game_pnl > 0 (decisive only),COMPATIBILITY_ONLY_NOT_PRODUCTION,234594.9955,169540.3402,9810.4062,19851,11308,-0.04181848,-0.03860046,-0.05116595,-0.04181848,-9810.4062,234594.9955,OK,0.0000,294.3122,3.0000,97.0000,AG03-UNRESOLVED,ALL5_LEVELS_bet23_to_bet27,294.3122,294.3122,294.3122,392.4162,490.5203,3.000000,3.000000,3.000000,4.000000,5.000000,97.000000,97.000000,97.000000,96.000000,95.000000,5.0,1765.8731,1644.6383,8044.5331,8165.7679,PENDING_AG03,FALSE,NOT_FOR_ENFORCEMENT,9516.0940,164454.1300,9810.4062,9516.0940,294.3122,0.04181848,0.04056393,294.3122,9516.0940,0.04056393,294.3122,294.3122,294.3122,392.4162,490.5203,9516.0940,0.04056393,1765.8731,1644.6383,8044.5331,8165.7679,0.03429115,0.03480794,0.00125455,11.8178,14.9930,0.8676,208.7320,5.3202,4991.3829,240.5957,12.7170,9.8041,2.5818,2.84,3.3563,4.9054,16.007,177.8754,0.2582,0.0,5.636364,62.633151,4.16126,29,188,6,10,0.74390005,0.04181848,0.03860046,0E-8,0.000000,0.722694,0.000000,0.01256549,2026-05-12,2026-08-02,47,1844,580,83,0.566265,1.297104,1.076088,2.479667,,,,,,,,GLOBAL_BASELINE_NO_ENTITY_RANKING,,,NOT_APPLICABLE_GLOBAL_BASELINE,HF9g-P5,,,,X 全窗基线 · 不参与实体赏罚,15059169,1506,A168_HF9F_20260827_0900,2026-08-27 09:00:00
2026-07-10,17529000,2235,0,81.5841788654,-0.0129088888,-0.0129088888,0.6000000,28,15,0.50124488636550996,0.500841780000,0.7649561918916503,0.7680773579092655,0.7649561918916503,0.00040310636550996,ELIGIBLE,R03b_20260811_FULL_v1,L1_ELIGIBILITY,v2026-08-11,2026-03-21..2026-08-06,baccarat_bet02_101_all_pairs_incl_sentinel,round_win = game_pnl > 0 (decisive only),COMPATIBILITY_ONLY_NOT_PRODUCTION,234594.9955,169540.3402,9810.4062,19851,11308,-0.04181848,-0.03860046,-0.05116595,-0.04181848,-9810.4062,234594.9955,OK,0.0000,294.3122,3.0000,97.0000,AG03-UNRESOLVED,ALL5_LEVELS_bet23_to_bet27,294.3122,294.3122,294.3122,392.4162,490.5203,3.000000,3.000000,3.000000,4.000000,5.000000,97.000000,97.000000,97.000000,96.000000,95.000000,5.0,1765.8731,1644.6383,8044.5331,8165.7679,PENDING_AG03,FALSE,NOT_FOR_ENFORCEMENT,9516.0940,164454.1300,9810.4062,9516.0940,294.3122,0.04181848,0.04056393,294.3122,9516.0940,0.04056393,294.3122,294.3122,294.3122,392.4162,490.5203,9516.0940,0.04056393,1765.8731,1644.6383,8044.5331,8165.7679,0.03429115,0.03480794,0.00125455,11.8178,14.9930,0.8676,208.7320,5.3202,4991.3829,240.5957,12.7170,9.8041,2.5818,2.84,3.3563,4.9054,16.007,177.8754,0.2582,0.0,5.636364,62.633151,4.16126,29,188,6,10,0.74390005,0.04181848,0.03860046,0E-8,0.000000,0.722694,0.000000,0.01256549,2026-05-12,2026-08-02,47,1844,580,83,0.566265,1.297104,1.076088,2.479667,,,,,,,,GLOBAL_BASELINE_NO_ENTITY_RANKING,,,NOT_APPLICABLE_GLOBAL_BASELINE,HF9g-P5,,,,X 全窗基线 · 不参与实体赏罚,15059170,1506,A168_HF9F_20260827_0900,2026-08-27 09:00:00
2026-07-10,17529000,2242,0,73.0643120850,2.9690444842,2.9690444842,0.4000000,20,12,0.50231497270843305,0.502182300000,-0.6471036408148844,-0.6462637647146969,-0.6471036408148844,0.00013267270843305,ELIGIBLE,R03b_20260811_FULL_v1,L1_ELIGIBILITY,v2026-08-11,2026-03-21..2026-08-06,baccarat_bet02_101_all_pairs_incl_sentinel,round_win = game_pnl > 0 (decisive only),COMPATIBILITY_ONLY_NOT_PRODUCTION,234594.9955,169540.3402,9810.4062,19851,11308,-0.04181848,-0.03860046,-0.05116595,-0.04181848,-9810.4062,234594.9955,OK,0.0000,294.3122,3.0000,97.0000,AG03-UNRESOLVED,ALL5_LEVELS_bet23_to_bet27,294.3122,294.3122,294.3122,392.4162,490.5203,3.000000,3.000000,3.000000,4.000000,5.000000,97.000000,97.000000,97.000000,96.000000,95.000000,5.0,1765.8731,1644.6383,8044.5331,8165.7679,PENDING_AG03,FALSE,NOT_FOR_ENFORCEMENT,9516.0940,164454.1300,9810.4062,9516.0940,294.3122,0.04181848,0.04056393,294.3122,9516.0940,0.04056393,294.3122,294.3122,294.3122,392.4162,490.5203,9516.0940,0.04056393,1765.8731,1644.6383,8044.5331,8165.7679,0.03429115,0.03480794,0.00125455,11.8178,14.9930,0.8676,208.7320,5.3202,4991.3829,240.5957,12.7170,9.8041,2.5818,2.84,3.3563,4.9054,16.007,177.8754,0.2582,0.0,5.636364,62.633151,4.16126,29,188,6,10,0.74390005,0.04181848,0.03860046,0E-8,0.000000,0.722694,0.000000,0.01256549,2026-05-12,2026-08-02,47,1844,580,83,0.566265,1.297104,1.076088,2.479667,,,,,,,,GLOBAL_BASELINE_NO_ENTITY_RANKING,,,NOT_APPLICABLE_GLOBAL_BASELINE,HF9g-P5,,,,X 全窗基线 · 不参与实体赏罚,15059171,1506,A168_HF9F_20260827_0900,2026-08-27 09:00:00
2026-07-10,17529000,2252,0,29.4322670590,0.6325355640,0.6325355640,0.5000000,10,5,0.49989727366711081,0.499948100000,0.0004109053402290812,0.00020760000111838688,0.0004109053402290812,-0.00005082633288919,ELIGIBLE,R03b_20260811_FULL_v1,L1_ELIGIBILITY,v2026-08-11,2026-03-21..2026-08-06,baccarat_bet02_101_all_pairs_incl_sentinel,round_win = game_pnl > 0 (decisive only),COMPATIBILITY_ONLY_NOT_PRODUCTION,234594.9955,169540.3402,9810.4062,19851,11308,-0.04181848,-0.03860046,-0.05116595,-0.04181848,-9810.4062,234594.9955,OK,0.0000,294.3122,3.0000,97.0000,AG03-UNRESOLVED,ALL5_LEVELS_bet23_to_bet27,294.3122,294.3122,294.3122,392.4162,490.5203,3.000000,3.000000,3.000000,4.000000,5.000000,97.000000,97.000000,97.000000,96.000000,95.000000,5.0,1765.8731,1644.6383,8044.5331,8165.7679,PENDING_AG03,FALSE,NOT_FOR_ENFORCEMENT,9516.0940,164454.1300,9810.4062,9516.0940,294.3122,0.04181848,0.04056393,294.3122,9516.0940,0.04056393,294.3122,294.3122,294.3122,392.4162,490.5203,9516.0940,0.04056393,1765.8731,1644.6383,8044.5331,8165.7679,0.03429115,0.03480794,0.00125455,11.8178,14.9930,0.8676,208.7320,5.3202,4991.3829,240.5957,12.7170,9.8041,2.5818,2.84,3.3563,4.9054,16.007,177.8754,0.2582,0.0,5.636364,62.633151,4.16126,29,188,6,10,0.74390005,0.04181848,0.03860046,0E-8,0.000000,0.722694,0.000000,0.01256549,2026-05-12,2026-08-02,47,1844,580,83,0.566265,1.297104,1.076088,2.479667,,,,,,,,GLOBAL_BASELINE_NO_ENTITY_RANKING,,,NOT_APPLICABLE_GLOBAL_BASELINE,HF9g-P5,,,,X 全窗基线 · 不参与实体赏罚,15059172,1506,A168_HF9F_20260827_0900,2026-08-27 09:00:00
2026-07-10,17529000,2256,0,33.5631115585,0.9423489016,0.9423489016,0.8000000,12,6,0.50045650350082744,0.499948100000,1.3395997991133524,1.3418728975849028,1.3395997991133524,0.00050840350082744,ELIGIBLE,R03b_20260811_FULL_v1,L1_ELIGIBILITY,v2026-08-11,2026-03-21..2026-08-06,baccarat_bet02_101_all_pairs_incl_sentinel,round_win = game_pnl > 0 (decisive only),COMPATIBILITY_ONLY_NOT_PRODUCTION,234594.9955,169540.3402,9810.4062,19851,11308,-0.04181848,-0.03860046,-0.05116595,-0.04181848,-9810.4062,234594.9955,OK,0.0000,294.3122,3.0000,97.0000,AG03-UNRESOLVED,ALL5_LEVELS_bet23_to_bet27,294.3122,294.3122,294.3122,392.4162,490.5203,3.000000,3.000000,3.000000,4.000000,5.000000,97.000000,97.000000,97.000000,96.000000,95.000000,5.0,1765.8731,1644.6383,8044.5331,8165.7679,PENDING_AG03,FALSE,NOT_FOR_ENFORCEMENT,9516.0940,164454.1300,9810.4062,9516.0940,294.3122,0.04181848,0.04056393,294.3122,9516.0940,0.04056393,294.3122,294.3122,294.3122,392.4162,490.5203,9516.0940,0.04056393,1765.8731,1644.6383,8044.5331,8165.7679,0.03429115,0.03480794,0.00125455,11.8178,14.9930,0.8676,208.7320,5.3202,4991.3829,240.5957,12.7170,9.8041,2.5818,2.84,3.3563,4.9054,16.007,177.8754,0.2582,0.0,5.636364,62.633151,4.16126,29,188,6,10,0.74390005,0.04181848,0.03860046,0E-8,0.000000,0.722694,0.000000,0.01256549,2026-05-12,2026-08-02,47,1844,580,83,0.566265,1.297104,1.076088,2.479667,,,,,,,,GLOBAL_BASELINE_NO_ENTITY_RANKING,,,NOT_APPLICABLE_GLOBAL_BASELINE,HF9g-P5,,,,X 全窗基线 · 不参与实体赏罚,15059173,1506,A168_HF9F_20260827_0900,2026-08-27 09:00:00
2026-07-10,17529000,2258,0,31.7558670900,2.4785066998,2.4785066998,0.6666667,11,6,0.50116675454544739,0.501065200000,0.8107828818115868,0.8112800290212471,0.8107828818115868,0.00010155454544739,ELIGIBLE,R03b_20260811_FULL_v1,L1_ELIGIBILITY,v2026-08-11,2026-03-21..2026-08-06,baccarat_bet02_101_all_pairs_incl_sentinel,round_win = game_pnl > 0 (decisive only),COMPATIBILITY_ONLY_NOT_PRODUCTION,234594.9955,169540.3402,9810.4062,19851,11308,-0.04181848,-0.03860046,-0.05116595,-0.04181848,-9810.4062,234594.9955,OK,0.0000,294.3122,3.0000,97.0000,AG03-UNRESOLVED,ALL5_LEVELS_bet23_to_bet27,294.3122,294.3122,294.3122,392.4162,490.5203,3.000000,3.000000,3.000000,4.000000,5.000000,97.000000,97.000000,97.000000,96.000000,95.000000,5.0,1765.8731,1644.6383,8044.5331,8165.7679,PENDING_AG03,FALSE,NOT_FOR_ENFORCEMENT,9516.0940,164454.1300,9810.4062,9516.0940,294.3122,0.04181848,0.04056393,294.3122,9516.0940,0.04056393,294.3122,294.3122,294.3122,392.4162,490.5203,9516.0940,0.04056393,1765.8731,1644.6383,8044.5331,8165.7679,0.03429115,0.03480794,0.00125455,11.8178,14.9930,0.8676,208.7320,5.3202,4991.3829,240.5957,12.7170,9.8041,2.5818,2.84,3.3563,4.9054,16.007,177.8754,0.2582,0.0,5.636364,62.633151,4.16126,29,188,6,10,0.74390005,0.04181848,0.03860046,0E-8,0.000000,0.722694,0.000000,0.01256549,2026-05-12,2026-08-02,47,1844,580,83,0.566265,1.297104,1.076088,2.479667,,,,,,,,GLOBAL_BASELINE_NO_ENTITY_RANKING,,,NOT_APPLICABLE_GLOBAL_BASELINE,HF9g-P5,,,,X 全窗基线 · 不参与实体赏罚,15059174,1506,A168_HF9F_20260827_0900,2026-08-27 09:00:00
2026-07-10,17529000,2266,0,52.6682673688,2.1041489171,2.1041489171,0.7777778,18,9,0.50059940344151911,0.499948100000,1.663071441049516,1.6669780756470443,1.663071441049516,0.00065130344151911,ELIGIBLE,R03b_20260811_FULL_v1,L1_ELIGIBILITY,v2026-08-11,2026-03-21..2026-08-06,baccarat_bet02_101_all_pairs_incl_sentinel,round_win = game_pnl > 0 (decisive only),COMPATIBILITY_ONLY_NOT_PRODUCTION,234594.9955,169540.3402,9810.4062,19851,11308,-0.04181848,-0.03860046,-0.05116595,-0.04181848,-9810.4062,234594.9955,OK,0.0000,294.3122,3.0000,97.0000,AG03-UNRESOLVED,ALL5_LEVELS_bet23_to_bet27,294.3122,294.3122,294.3122,392.4162,490.5203,3.000000,3.000000,3.000000,4.000000,5.000000,97.000000,97.000000,97.000000,96.000000,95.000000,5.0,1765.8731,1644.6383,8044.5331,8165.7679,PENDING_AG03,FALSE,NOT_FOR_ENFORCEMENT,9516.0940,164454.1300,9810.4062,9516.0940,294.3122,0.04181848,0.04056393,294.3122,9516.0940,0.04056393,294.3122,294.3122,294.3122,392.4162,490.5203,9516.0940,0.04056393,1765.8731,1644.6383,8044.5331,8165.7679,0.03429115,0.03480794,0.00125455,11.8178,14.9930,0.8676,208.7320,5.3202,4991.3829,240.5957,12.7170,9.8041,2.5818,2.84,3.3563,4.9054,16.007,177.8754,0.2582,0.0,5.636364,62.633151,4.16126,29,188,6,10,0.74390005,0.04181848,0.03860046,0E-8,0.000000,0.722694,0.000000,0.01256549,2026-05-12,2026-08-02,47,1844,580,83,0.566265,1.297104,1.076088,2.479667,,,,,,,,GLOBAL_BASELINE_NO_ENTITY_RANKING,,,NOT_APPLICABLE_GLOBAL_BASELINE,HF9g-P5,,,,X 全窗基线 · 不参与实体赏罚,15059175,1506,A168_HF9F_20260827_0900,2026-08-27 09:00:00
2026-07-10,17529000,2271,0,13.6834224046,2.8399555934,2.8399555934,0.6666667,5,3,0.49761718138528784,0.497713900000,0.5856112450349967,0.5852756695216578,0.5856112450349967,-0.00009671861471216,ELIGIBLE,R03b_20260811_FULL_v1,L1_ELIGIBILITY,v2026-08-11,2026-03-21..2026-08-06,baccarat_bet02_101_all_pairs_incl_sentinel,round_win = game_pnl > 0 (decisive only),COMPATIBILITY_ONLY_NOT_PRODUCTION,234594.9955,169540.3402,9810.4062,19851,11308,-0.04181848,-0.03860046,-0.05116595,-0.04181848,-9810.4062,234594.9955,OK,0.0000,294.3122,3.0000,97.0000,AG03-UNRESOLVED,ALL5_LEVELS_bet23_to_bet27,294.3122,294.3122,294.3122,392.4162,490.5203,3.000000,3.000000,3.000000,4.000000,5.000000,97.000000,97.000000,97.000000,96.000000,95.000000,5.0,1765.8731,1644.6383,8044.5331,8165.7679,PENDING_AG03,FALSE,NOT_FOR_ENFORCEMENT,9516.0940,164454.1300,9810.4062,9516.0940,294.3122,0.04181848,0.04056393,294.3122,9516.0940,0.04056393,294.3122,294.3122,294.3122,392.4162,490.5203,9516.0940,0.04056393,1765.8731,1644.6383,8044.5331,8165.7679,0.03429115,0.03480794,0.00125455,11.8178,14.9930,0.8676,208.7320,5.3202,4991.3829,240.5957,12.7170,9.8041,2.5818,2.84,3.3563,4.9054,16.007,177.8754,0.2582,0.0,5.636364,62.633151,4.16126,29,188,6,10,0.74390005,0.04181848,0.03860046,0E-8,0.000000,0.722694,0.000000,0.01256549,2026-05-12,2026-08-02,47,1844,580,83,0.566265,1.297104,1.076088,2.479667,,,,,,,,GLOBAL_BASELINE_NO_ENTITY_RANKING,,,NOT_APPLICABLE_GLOBAL_BASELINE,HF9g-P5,,,,X 全窗基线 · 不参与实体赏罚,15059176,1506,A168_HF9F_20260827_0900,2026-08-27 09:00:00
2026-07-10,17529000,2278,0,22.4614669661,0.8390777890,0.8390777890,0.7500000,8,4,0.50015940914738523,0.499948100000,0.9993624142006091,1.0002076053883384,0.9993624142006091,0.00021130914738523,ELIGIBLE,R03b_20260811_FULL_v1,L1_ELIGIBILITY,v2026-08-11,2026-03-21..2026-08-06,baccarat_bet02_101_all_pairs_incl_sentinel,round_win = game_pnl > 0 (decisive only),COMPATIBILITY_ONLY_NOT_PRODUCTION,234594.9955,169540.3402,9810.4062,19851,11308,-0.04181848,-0.03860046,-0.05116595,-0.04181848,-9810.4062,234594.9955,OK,0.0000,294.3122,3.0000,97.0000,AG03-UNRESOLVED,ALL5_LEVELS_bet23_to_bet27,294.3122,294.3122,294.3122,392.4162,490.5203,3.000000,3.000000,3.000000,4.000000,5.000000,97.000000,97.000000,97.000000,96.000000,95.000000,5.0,1765.8731,1644.6383,8044.5331,8165.7679,PENDING_AG03,FALSE,NOT_FOR_ENFORCEMENT,9516.0940,164454.1300,9810.4062,9516.0940,294.3122,0.04181848,0.04056393,294.3122,9516.0940,0.04056393,294.3122,294.3122,294.3122,392.4162,490.5203,9516.0940,0.04056393,1765.8731,1644.6383,8044.5331,8165.7679,0.03429115,0.03480794,0.00125455,11.8178,14.9930,0.8676,208.7320,5.3202,4991.3829,240.5957,12.7170,9.8041,2.5818,2.84,3.3563,4.9054,16.007,177.8754,0.2582,0.0,5.636364,62.633151,4.16126,29,188,6,10,0.74390005,0.04181848,0.03860046,0E-8,0.000000,0.722694,0.000000,0.01256549,2026-05-12,2026-08-02,47,1844,580,83,0.566265,1.297104,1.076088,2.479667,,,,,,,,GLOBAL_BASELINE_NO_ENTITY_RANKING,,,NOT_APPLICABLE_GLOBAL_BASELINE,HF9g-P5,,,,X 全窗基线 · 不参与实体赏罚,15059177,1506,A168_HF9F_20260827_0900,2026-08-27 09:00:00
2026-07-10,17529000,2287,0,6.1962667493,0E-10,0E-10,,2,1,0.50106520000001803,0.499948100000,,,,0.00111710000001803,NO_DECISIVE_ROUND,R03b_20260811_FULL_v1,L1_ELIGIBILITY,v2026-08-11,2026-03-21..2026-08-06,baccarat_bet02_101_all_pairs_incl_sentinel,round_win = game_pnl > 0 (decisive only),COMPATIBILITY_ONLY_NOT_PRODUCTION,234594.9955,169540.3402,9810.4062,19851,11308,-0.04181848,-0.03860046,-0.05116595,-0.04181848,-9810.4062,234594.9955,OK,0.0000,294.3122,3.0000,97.0000,AG03-UNRESOLVED,ALL5_LEVELS_bet23_to_bet27,294.3122,294.3122,294.3122,392.4162,490.5203,3.000000,3.000000,3.000000,4.000000,5.000000,97.000000,97.000000,97.000000,96.000000,95.000000,5.0,1765.8731,1644.6383,8044.5331,8165.7679,PENDING_AG03,FALSE,NOT_FOR_ENFORCEMENT,9516.0940,164454.1300,9810.4062,9516.0940,294.3122,0.04181848,0.04056393,294.3122,9516.0940,0.04056393,294.3122,294.3122,294.3122,392.4162,490.5203,9516.0940,0.04056393,1765.8731,1644.6383,8044.5331,8165.7679,0.03429115,0.03480794,0.00125455,11.8178,14.9930,0.8676,208.7320,5.3202,4991.3829,240.5957,12.7170,9.8041,2.5818,2.84,3.3563,4.9054,16.007,177.8754,0.2582,0.0,5.636364,62.633151,4.16126,29,188,6,10,0.74390005,0.04181848,0.03860046,0E-8,0.000000,0.722694,0.000000,0.01256549,2026-05-12,2026-08-02,47,1844,580,83,0.566265,1.297104,1.076088,2.479667,,,,,,,,GLOBAL_BASELINE_NO_ENTITY_RANKING,,,NOT_APPLICABLE_GLOBAL_BASELINE,HF9g-P5,,,,X 全窗基线 · 不参与实体赏罚,15059178,1506,A168_HF9F_20260827_0900,2026-08-27 09:00:00
2026-07-10,17529000,550,0,23.4941780911,-0.4259933391,-0.4259933391,0.5000000,8,4,0.50045145731229314,0.499948100000,-0.001805829985278509,0.00020760000111838688,-0.001805829985278509,0.00050335731229314,ELIGIBLE,R03b_20260811_FULL_v1,L1_ELIGIBILITY,v2026-08-11,2026-03-21..2026-08-06,baccarat_bet02_101_all_pairs_incl_sentinel,round_win = game_pnl > 0 (decisive only),COMPATIBILITY_ONLY_NOT_PRODUCTION,234594.9955,169540.3402,9810.4062,19851,11308,-0.04181848,-0.03860046,-0.05116595,-0.04181848,-9810.4062,234594.9955,OK,0.0000,294.3122,3.0000,97.0000,AG03-UNRESOLVED,ALL5_LEVELS_bet23_to_bet27,294.3122,294.3122,294.3122,392.4162,490.5203,3.000000,3.000000,3.000000,4.000000,5.000000,97.000000,97.000000,97.000000,96.000000,95.000000,5.0,1765.8731,1644.6383,8044.5331,8165.7679,PENDING_AG03,FALSE,NOT_FOR_ENFORCEMENT,9516.0940,164454.1300,9810.4062,9516.0940,294.3122,0.04181848,0.04056393,294.3122,9516.0940,0.04056393,294.3122,294.3122,294.3122,392.4162,490.5203,9516.0940,0.04056393,1765.8731,1644.6383,8044.5331,8165.7679,0.03429115,0.03480794,0.00125455,11.8178,14.9930,0.8676,208.7320,5.3202,4991.3829,240.5957,12.7170,9.8041,2.5818,2.84,3.3563,4.9054,16.007,177.8754,0.2582,0.0,5.636364,62.633151,4.16126,29,188,6,10,0.74390005,0.04181848,0.03860046,0E-8,0.000000,0.722694,0.000000,0.01256549,2026-05-12,2026-08-02,47,1844,580,83,0.566265,1.297104,1.076088,2.479667,,,,,,,,GLOBAL_BASELINE_NO_ENTITY_RANKING,,,NOT_APPLICABLE_GLOBAL_BASELINE,HF9g-P5,,,,X 全窗基线 · 不参与实体赏罚,15059179,1506,A168_HF9F_20260827_0900,2026-08-27 09:00:00
2026-07-10,17529000,583,0,18.8469780291,1.2908889061,1.2908889061,0.6666667,6,3,0.50052733703702754,0.499948100000,0.5755238401963724,0.5775300591747329,0.5755238401963724,0.00057923703702754,ELIGIBLE,R03b_20260811_FULL_v1,L1_ELIGIBILITY,v2026-08-11,2026-03-21..2026-08-06,baccarat_bet02_101_all_pairs_incl_sentinel,round_win = game_pnl > 0 (decisive only),COMPATIBILITY_ONLY_NOT_PRODUCTION,234594.9955,169540.3402,9810.4062,19851,11308,-0.04181848,-0.03860046,-0.05116595,-0.04181848,-9810.4062,234594.9955,OK,0.0000,294.3122,3.0000,97.0000,AG03-UNRESOLVED,ALL5_LEVELS_bet23_to_bet27,294.3122,294.3122,294.3122,392.4162,490.5203,3.000000,3.000000,3.000000,4.000000,5.000000,97.000000,97.000000,97.000000,96.000000,95.000000,5.0,1765.8731,1644.6383,8044.5331,8165.7679,PENDING_AG03,FALSE,NOT_FOR_ENFORCEMENT,9516.0940,164454.1300,9810.4062,9516.0940,294.3122,0.04181848,0.04056393,294.3122,9516.0940,0.04056393,294.3122,294.3122,294.3122,392.4162,490.5203,9516.0940,0.04056393,1765.8731,1644.6383,8044.5331,8165.7679,0.03429115,0.03480794,0.00125455,11.8178,14.9930,0.8676,208.7320,5.3202,4991.3829,240.5957,12.7170,9.8041,2.5818,2.84,3.3563,4.9054,16.007,177.8754,0.2582,0.0,5.636364,62.633151,4.16126,29,188,6,10,0.74390005,0.04181848,0.03860046,0E-8,0.000000,0.722694,0.000000,0.01256549,2026-05-12,2026-08-02,47,1844,580,83,0.566265,1.297104,1.076088,2.479667,,,,,,,,GLOBAL_BASELINE_NO_ENTITY_RANKING,,,NOT_APPLICABLE_GLOBAL_BASELINE,HF9g-P5,,,,X 全窗基线 · 不参与实体赏罚,15059180,1506,A168_HF9F_20260827_0900,2026-08-27 09:00:00
2026-07-10,17529000,948,0,28.1413781530,0.1290888906,0.1290888906,0.3333333,8,5,0.49979101214908088,0.499948100000,-0.5766263644070909,-0.5771704854251445,-0.5766263644070909,-0.00015708785091912,ELIGIBLE,R03b_20260811_FULL_v1,L1_ELIGIBILITY,v2026-08-11,2026-03-21..2026-08-06,baccarat_bet02_101_all_pairs_incl_sentinel,round_win = game_pnl > 0 (decisive only),COMPATIBILITY_ONLY_NOT_PRODUCTION,234594.9955,169540.3402,9810.4062,19851,11308,-0.04181848,-0.03860046,-0.05116595,-0.04181848,-9810.4062,234594.9955,OK,0.0000,294.3122,3.0000,97.0000,AG03-UNRESOLVED,ALL5_LEVELS_bet23_to_bet27,294.3122,294.3122,294.3122,392.4162,490.5203,3.000000,3.000000,3.000000,4.000000,5.000000,97.000000,97.000000,97.000000,96.000000,95.000000,5.0,1765.8731,1644.6383,8044.5331,8165.7679,PENDING_AG03,FALSE,NOT_FOR_ENFORCEMENT,9516.0940,164454.1300,9810.4062,9516.0940,294.3122,0.04181848,0.04056393,294.3122,9516.0940,0.04056393,294.3122,294.3122,294.3122,392.4162,490.5203,9516.0940,0.04056393,1765.8731,1644.6383,8044.5331,8165.7679,0.03429115,0.03480794,0.00125455,11.8178,14.9930,0.8676,208.7320,5.3202,4991.3829,240.5957,12.7170,9.8041,2.5818,2.84,3.3563,4.9054,16.007,177.8754,0.2582,0.0,5.636364,62.633151,4.16126,29,188,6,10,0.74390005,0.04181848,0.03860046,0E-8,0.000000,0.722694,0.000000,0.01256549,2026-05-12,2026-08-02,47,1844,580,83,0.566265,1.297104,1.076088,2.479667,,,,,,,,GLOBAL_BASELINE_NO_ENTITY_RANKING,,,NOT_APPLICABLE_GLOBAL_BASELINE,HF9g-P5,,,,X 全窗基线 · 不参与实体赏罚,15059181,1506,A168_HF9F_20260827_0900,2026-08-27 09:00:00
2026-07-10,17529000,970,0,111.5328014871,10.5336534738,10.5336534738,0.5000000,29,16,0.50078699731507139,0.500367012500,-0.005889355929939977,-0.0027464708032160527,-0.005889355929939977,0.00041998481507139,ELIGIBLE,R03b_20260811_FULL_v1,L1_ELIGIBILITY,v2026-08-11,2026-03-21..2026-08-06,baccarat_bet02_101_all_pairs_incl_sentinel,round_win = game_pnl > 0 (decisive only),COMPATIBILITY_ONLY_NOT_PRODUCTION,234594.9955,169540.3402,9810.4062,19851,11308,-0.04181848,-0.03860046,-0.05116595,-0.04181848,-9810.4062,234594.9955,OK,0.0000,294.3122,3.0000,97.0000,AG03-UNRESOLVED,ALL5_LEVELS_bet23_to_bet27,294.3122,294.3122,294.3122,392.4162,490.5203,3.000000,3.000000,3.000000,4.000000,5.000000,97.000000,97.000000,97.000000,96.000000,95.000000,5.0,1765.8731,1644.6383,8044.5331,8165.7679,PENDING_AG03,FALSE,NOT_FOR_ENFORCEMENT,9516.0940,164454.1300,9810.4062,9516.0940,294.3122,0.04181848,0.04056393,294.3122,9516.0940,0.04056393,294.3122,294.3122,294.3122,392.4162,490.5203,9516.0940,0.04056393,1765.8731,1644.6383,8044.5331,8165.7679,0.03429115,0.03480794,0.00125455,11.8178,14.9930,0.8676,208.7320,5.3202,4991.3829,240.5957,12.7170,9.8041,2.5818,2.84,3.3563,4.9054,16.007,177.8754,0.2582,0.0,5.636364,62.633151,4.16126,29,188,6,10,0.74390005,0.04181848,0.03860046,0E-8,0.000000,0.722694,0.000000,0.01256549,2026-05-12,2026-08-02,47,1844,580,83,0.566265,1.297104,1.076088,2.479667,,,,,,,,GLOBAL_BASELINE_NO_ENTITY_RANKING,,,NOT_APPLICABLE_GLOBAL_BASELINE,HF9g-P5,,,,X 全窗基线 · 不参与实体赏罚,15059182,1506,A168_HF9F_20260827_0900,2026-08-27 09:00:00
2026-07-11,17529000,-1,1,256.6287145327,47.2465339634,47.2465339634,0.6250000,24,16,0.49974806855848538,0.499110275000,1.0020155787268827,1.0071193944939894,1.0020155787268827,0.00063779355848538,SENTINEL_DEALER,R03b_20260811_FULL_v1,L1_ELIGIBILITY,v2026-08-11,2026-03-21..2026-08-06,baccarat_bet02_101_all_pairs_incl_sentinel,round_win = game_pnl > 0 (decisive only),COMPATIBILITY_ONLY_NOT_PRODUCTION,234594.9955,169540.3402,9810.4062,19851,11308,-0.04181848,-0.03860046,-0.05116595,-0.04181848,-9810.4062,234594.9955,OK,0.0000,294.3122,3.0000,97.0000,AG03-UNRESOLVED,ALL5_LEVELS_bet23_to_bet27,294.3122,294.3122,294.3122,392.4162,490.5203,3.000000,3.000000,3.000000,4.000000,5.000000,97.000000,97.000000,97.000000,96.000000,95.000000,5.0,1765.8731,1644.6383,8044.5331,8165.7679,PENDING_AG03,FALSE,NOT_FOR_ENFORCEMENT,9516.0940,164454.1300,9810.4062,9516.0940,294.3122,0.04181848,0.04056393,294.3122,9516.0940,0.04056393,294.3122,294.3122,294.3122,392.4162,490.5203,9516.0940,0.04056393,1765.8731,1644.6383,8044.5331,8165.7679,0.03429115,0.03480794,0.00125455,11.8178,14.9930,0.8676,208.7320,5.3202,4991.3829,240.5957,12.7170,9.8041,2.5818,2.84,3.3563,4.9054,16.007,177.8754,0.2582,0.0,5.636364,62.633151,4.16126,29,188,6,10,0.74390005,0.04181848,0.03860046,0E-8,0.000000,0.722694,0.000000,0.01256549,2026-05-12,2026-08-02,47,1844,580,83,0.566265,1.297104,1.076088,2.479667,,,,,,,,GLOBAL_BASELINE_NO_ENTITY_RANKING,,,NOT_APPLICABLE_GLOBAL_BASELINE,HF9g-P5,,,,X 全窗基线 · 不参与实体赏罚,15059183,1506,A168_HF9F_20260827_0900,2026-08-27 09:00:00
2026-07-11,17529000,1151,0,43.1156894637,32.5304004338,32.5304004338,0.5000000,3,2,0.50416825555554131,0.503299400000,-0.011790016771144319,-0.009332315641528947,-0.011790016771144319,0.00086885555554131,ELIGIBLE,R03b_20260811_FULL_v1,L1_ELIGIBILITY,v2026-08-11,2026-03-21..2026-08-06,baccarat_bet02_101_all_pairs_incl_sentinel,round_win = game_pnl > 0 (decisive only),COMPATIBILITY_ONLY_NOT_PRODUCTION,234594.9955,169540.3402,9810.4062,19851,11308,-0.04181848,-0.03860046,-0.05116595,-0.04181848,-9810.4062,234594.9955,OK,0.0000,294.3122,3.0000,97.0000,AG03-UNRESOLVED,ALL5_LEVELS_bet23_to_bet27,294.3122,294.3122,294.3122,392.4162,490.5203,3.000000,3.000000,3.000000,4.000000,5.000000,97.000000,97.000000,97.000000,96.000000,95.000000,5.0,1765.8731,1644.6383,8044.5331,8165.7679,PENDING_AG03,FALSE,NOT_FOR_ENFORCEMENT,9516.0940,164454.1300,9810.4062,9516.0940,294.3122,0.04181848,0.04056393,294.3122,9516.0940,0.04056393,294.3122,294.3122,294.3122,392.4162,490.5203,9516.0940,0.04056393,1765.8731,1644.6383,8044.5331,8165.7679,0.03429115,0.03480794,0.00125455,11.8178,14.9930,0.8676,208.7320,5.3202,4991.3829,240.5957,12.7170,9.8041,2.5818,2.84,3.3563,4.9054,16.007,177.8754,0.2582,0.0,5.636364,62.633151,4.16126,29,188,6,10,0.74390005,0.04181848,0.03860046,0E-8,0.000000,0.722694,0.000000,0.01256549,2026-05-12,2026-08-02,47,1844,580,83,0.566265,1.297104,1.076088,2.479667,,,,,,,,GLOBAL_BASELINE_NO_ENTITY_RANKING,,,NOT_APPLICABLE_GLOBAL_BASELINE,HF9g-P5,,,,X 全窗基线 · 不参与实体赏罚,15059184,1506,A168_HF9F_20260827_0900,2026-08-27 09:00:00
2026-07-11,17529000,1157,0,30.9813337465,0.3614488938,0.3614488938,0.6000000,10,5,0.50047653686958151,0.499948100000,0.44508265997698293,0.44744570176651083,0.44508265997698293,0.00052843686958151,ELIGIBLE,R03b_20260811_FULL_v1,L1_ELIGIBILITY,v2026-08-11,2026-03-21..2026-08-06,baccarat_bet02_101_all_pairs_incl_sentinel,round_win = game_pnl > 0 (decisive only),COMPATIBILITY_ONLY_NOT_PRODUCTION,234594.9955,169540.3402,9810.4062,19851,11308,-0.04181848,-0.03860046,-0.05116595,-0.04181848,-9810.4062,234594.9955,OK,0.0000,294.3122,3.0000,97.0000,AG03-UNRESOLVED,ALL5_LEVELS_bet23_to_bet27,294.3122,294.3122,294.3122,392.4162,490.5203,3.000000,3.000000,3.000000,4.000000,5.000000,97.000000,97.000000,97.000000,96.000000,95.000000,5.0,1765.8731,1644.6383,8044.5331,8165.7679,PENDING_AG03,FALSE,NOT_FOR_ENFORCEMENT,9516.0940,164454.1300,9810.4062,9516.0940,294.3122,0.04181848,0.04056393,294.3122,9516.0940,0.04056393,294.3122,294.3122,294.3122,392.4162,490.5203,9516.0940,0.04056393,1765.8731,1644.6383,8044.5331,8165.7679,0.03429115,0.03480794,0.00125455,11.8178,14.9930,0.8676,208.7320,5.3202,4991.3829,240.5957,12.7170,9.8041,2.5818,2.84,3.3563,4.9054,16.007,177.8754,0.2582,0.0,5.636364,62.633151,4.16126,29,188,6,10,0.74390005,0.04181848,0.03860046,0E-8,0.000000,0.722694,0.000000,0.01256549,2026-05-12,2026-08-02,47,1844,580,83,0.566265,1.297104,1.076088,2.479667,,,,,,,,GLOBAL_BASELINE_NO_ENTITY_RANKING,,,NOT_APPLICABLE_GLOBAL_BASELINE,HF9g-P5,,,,X 全窗基线 · 不参与实体赏罚,15059185,1506,A168_HF9F_20260827_0900,2026-08-27 09:00:00
2026-07-11,17529000,1210,0,103.2711124878,2.7495933704,2.7495933704,0.6111111,36,18,0.50043103426563629,0.499948100000,0.939151943527356,0.9432494327668786,0.939151943527356,0.00048293426563629,ELIGIBLE,R03b_20260811_FULL_v1,L1_ELIGIBILITY,v2026-08-11,2026-03-21..2026-08-06,baccarat_bet02_101_all_pairs_incl_sentinel,round_win = game_pnl > 0 (decisive only),COMPATIBILITY_ONLY_NOT_PRODUCTION,234594.9955,169540.3402,9810.4062,19851,11308,-0.04181848,-0.03860046,-0.05116595,-0.04181848,-9810.4062,234594.9955,OK,0.0000,294.3122,3.0000,97.0000,AG03-UNRESOLVED,ALL5_LEVELS_bet23_to_bet27,294.3122,294.3122,294.3122,392.4162,490.5203,3.000000,3.000000,3.000000,4.000000,5.000000,97.000000,97.000000,97.000000,96.000000,95.000000,5.0,1765.8731,1644.6383,8044.5331,8165.7679,PENDING_AG03,FALSE,NOT_FOR_ENFORCEMENT,9516.0940,164454.1300,9810.4062,9516.0940,294.3122,0.04181848,0.04056393,294.3122,9516.0940,0.04056393,294.3122,294.3122,294.3122,392.4162,490.5203,9516.0940,0.04056393,1765.8731,1644.6383,8044.5331,8165.7679,0.03429115,0.03480794,0.00125455,11.8178,14.9930,0.8676,208.7320,5.3202,4991.3829,240.5957,12.7170,9.8041,2.5818,2.84,3.3563,4.9054,16.007,177.8754,0.2582,0.0,5.636364,62.633151,4.16126,29,188,6,10,0.74390005,0.04181848,0.03860046,0E-8,0.000000,0.722694,0.000000,0.01256549,2026-05-12,2026-08-02,47,1844,580,83,0.566265,1.297104,1.076088,2.479667,,,,,,,,GLOBAL_BASELINE_NO_ENTITY_RANKING,,,NOT_APPLICABLE_GLOBAL_BASELINE,HF9g-P5,,,,X 全窗基线 · 不参与实体赏罚,15059186,1506,A168_HF9F_20260827_0900,2026-08-27 09:00:00
2026-07-11,17529000,1302,0,11.1016445924,0.1290888906,0.1290888906,0.5000000,4,2,0.49948385064938388,0.499948100000,0.0014598916015628603,0.00014679536856514622,0.0014598916015628603,-0.00046424935061612,ELIGIBLE,R03b_20260811_FULL_v1,L1_ELIGIBILITY,v2026-08-11,2026-03-21..2026-08-06,baccarat_bet02_101_all_pairs_incl_sentinel,round_win = game_pnl > 0 (decisive only),COMPATIBILITY_ONLY_NOT_PRODUCTION,234594.9955,169540.3402,9810.4062,19851,11308,-0.04181848,-0.03860046,-0.05116595,-0.04181848,-9810.4062,234594.9955,OK,0.0000,294.3122,3.0000,97.0000,AG03-UNRESOLVED,ALL5_LEVELS_bet23_to_bet27,294.3122,294.3122,294.3122,392.4162,490.5203,3.000000,3.000000,3.000000,4.000000,5.000000,97.000000,97.000000,97.000000,96.000000,95.000000,5.0,1765.8731,1644.6383,8044.5331,8165.7679,PENDING_AG03,FALSE,NOT_FOR_ENFORCEMENT,9516.0940,164454.1300,9810.4062,9516.0940,294.3122,0.04181848,0.04056393,294.3122,9516.0940,0.04056393,294.3122,294.3122,294.3122,392.4162,490.5203,9516.0940,0.04056393,1765.8731,1644.6383,8044.5331,8165.7679,0.03429115,0.03480794,0.00125455,11.8178,14.9930,0.8676,208.7320,5.3202,4991.3829,240.5957,12.7170,9.8041,2.5818,2.84,3.3563,4.9054,16.007,177.8754,0.2582,0.0,5.636364,62.633151,4.16126,29,188,6,10,0.74390005,0.04181848,0.03860046,0E-8,0.000000,0.722694,0.000000,0.01256549,2026-05-12,2026-08-02,47,1844,580,83,0.566265,1.297104,1.076088,2.479667,,,,,,,,GLOBAL_BASELINE_NO_ENTITY_RANKING,,,NOT_APPLICABLE_GLOBAL_BASELINE,HF9g-P5,,,,X 全窗基线 · 不参与实体赏罚,15059187,1506,A168_HF9F_20260827_0900,2026-08-27 09:00:00
2026-07-11,17529000,1374,0,11.6180001549,0.0903622235,0.0903622235,0.5000000,4,2,0.50068988972331833,0.499948100000,-0.0019513046639565348,0.00014679536856514622,-0.0019513046639565348,0.00074178972331833,ELIGIBLE,R03b_20260811_FULL_v1,L1_ELIGIBILITY,v2026-08-11,2026-03-21..2026-08-06,baccarat_bet02_101_all_pairs_incl_sentinel,round_win = game_pnl > 0 (decisive only),COMPATIBILITY_ONLY_NOT_PRODUCTION,234594.9955,169540.3402,9810.4062,19851,11308,-0.04181848,-0.03860046,-0.05116595,-0.04181848,-9810.4062,234594.9955,OK,0.0000,294.3122,3.0000,97.0000,AG03-UNRESOLVED,ALL5_LEVELS_bet23_to_bet27,294.3122,294.3122,294.3122,392.4162,490.5203,3.000000,3.000000,3.000000,4.000000,5.000000,97.000000,97.000000,97.000000,96.000000,95.000000,5.0,1765.8731,1644.6383,8044.5331,8165.7679,PENDING_AG03,FALSE,NOT_FOR_ENFORCEMENT,9516.0940,164454.1300,9810.4062,9516.0940,294.3122,0.04181848,0.04056393,294.3122,9516.0940,0.04056393,294.3122,294.3122,294.3122,392.4162,490.5203,9516.0940,0.04056393,1765.8731,1644.6383,8044.5331,8165.7679,0.03429115,0.03480794,0.00125455,11.8178,14.9930,0.8676,208.7320,5.3202,4991.3829,240.5957,12.7170,9.8041,2.5818,2.84,3.3563,4.9054,16.007,177.8754,0.2582,0.0,5.636364,62.633151,4.16126,29,188,6,10,0.74390005,0.04181848,0.03860046,0E-8,0.000000,0.722694,0.000000,0.01256549,2026-05-12,2026-08-02,47,1844,580,83,0.566265,1.297104,1.076088,2.479667,,,,,,,,GLOBAL_BASELINE_NO_ENTITY_RANKING,,,NOT_APPLICABLE_GLOBAL_BASELINE,HF9g-P5,,,,X 全窗基线 · 不参与实体赏罚,15059188,1506,A168_HF9F_20260827_0900,2026-08-27 09:00:00
2026-07-11,17529000,1383,0,33.8212893398,17.1559135621,17.1559135621,0.5000000,6,4,0.50329940000000000,0.503299400000,-0.01319788734859681,-0.01319788734859681,-0.01319788734859681,0E-17,ELIGIBLE,R03b_20260811_FULL_v1,L1_ELIGIBILITY,v2026-08-11,2026-03-21..2026-08-06,baccarat_bet02_101_all_pairs_incl_sentinel,round_win = game_pnl > 0 (decisive only),COMPATIBILITY_ONLY_NOT_PRODUCTION,234594.9955,169540.3402,9810.4062,19851,11308,-0.04181848,-0.03860046,-0.05116595,-0.04181848,-9810.4062,234594.9955,OK,0.0000,294.3122,3.0000,97.0000,AG03-UNRESOLVED,ALL5_LEVELS_bet23_to_bet27,294.3122,294.3122,294.3122,392.4162,490.5203,3.000000,3.000000,3.000000,4.000000,5.000000,97.000000,97.000000,97.000000,96.000000,95.000000,5.0,1765.8731,1644.6383,8044.5331,8165.7679,PENDING_AG03,FALSE,NOT_FOR_ENFORCEMENT,9516.0940,164454.1300,9810.4062,9516.0940,294.3122,0.04181848,0.04056393,294.3122,9516.0940,0.04056393,294.3122,294.3122,294.3122,392.4162,490.5203,9516.0940,0.04056393,1765.8731,1644.6383,8044.5331,8165.7679,0.03429115,0.03480794,0.00125455,11.8178,14.9930,0.8676,208.7320,5.3202,4991.3829,240.5957,12.7170,9.8041,2.5818,2.84,3.3563,4.9054,16.007,177.8754,0.2582,0.0,5.636364,62.633151,4.16126,29,188,6,10,0.74390005,0.04181848,0.03860046,0E-8,0.000000,0.722694,0.000000,0.01256549,2026-05-12,2026-08-02,47,1844,580,83,0.566265,1.297104,1.076088,2.479667,,,,,,,,GLOBAL_BASELINE_NO_ENTITY_RANKING,,,NOT_APPLICABLE_GLOBAL_BASELINE,HF9g-P5,,,,X 全窗基线 · 不参与实体赏罚,15059189,1506,A168_HF9F_20260827_0900,2026-08-27 09:00:00
2026-07-11,17529000,1385,0,5.9380889681,0.6067177859,0.6067177859,1.0000000,2,1,0.50082235217395230,0.499948100000,0.9983566459565251,1.0001038053877793,0.9983566459565251,0.00087425217395230,ELIGIBLE,R03b_20260811_FULL_v1,L1_ELIGIBILITY,v2026-08-11,2026-03-21..2026-08-06,baccarat_bet02_101_all_pairs_incl_sentinel,round_win = game_pnl > 0 (decisive only),COMPATIBILITY_ONLY_NOT_PRODUCTION,234594.9955,169540.3402,9810.4062,19851,11308,-0.04181848,-0.03860046,-0.05116595,-0.04181848,-9810.4062,234594.9955,OK,0.0000,294.3122,3.0000,97.0000,AG03-UNRESOLVED,ALL5_LEVELS_bet23_to_bet27,294.3122,294.3122,294.3122,392.4162,490.5203,3.000000,3.000000,3.000000,4.000000,5.000000,97.000000,97.000000,97.000000,96.000000,95.000000,5.0,1765.8731,1644.6383,8044.5331,8165.7679,PENDING_AG03,FALSE,NOT_FOR_ENFORCEMENT,9516.0940,164454.1300,9810.4062,9516.0940,294.3122,0.04181848,0.04056393,294.3122,9516.0940,0.04056393,294.3122,294.3122,294.3122,392.4162,490.5203,9516.0940,0.04056393,1765.8731,1644.6383,8044.5331,8165.7679,0.03429115,0.03480794,0.00125455,11.8178,14.9930,0.8676,208.7320,5.3202,4991.3829,240.5957,12.7170,9.8041,2.5818,2.84,3.3563,4.9054,16.007,177.8754,0.2582,0.0,5.636364,62.633151,4.16126,29,188,6,10,0.74390005,0.04181848,0.03860046,0E-8,0.000000,0.722694,0.000000,0.01256549,2026-05-12,2026-08-02,47,1844,580,83,0.566265,1.297104,1.076088,2.479667,,,,,,,,GLOBAL_BASELINE_NO_ENTITY_RANKING,,,NOT_APPLICABLE_GLOBAL_BASELINE,HF9g-P5,,,,X 全窗基线 · 不参与实体赏罚,15059190,1506,A168_HF9F_20260827_0900,2026-08-27 09:00:00
2026-07-11,17529000,1396,0,55.7664007433,1.1488911265,1.1488911265,0.4000000,19,10,0.50080974230929938,0.500618360000,-0.6375776281617286,-0.6363668707157873,-0.6375776281617286,0.00019138230929938,ELIGIBLE,R03b_20260811_FULL_v1,L1_ELIGIBILITY,v2026-08-11,2026-03-21..2026-08-06,baccarat_bet02_101_all_pairs_incl_sentinel,round_win = game_pnl > 0 (decisive only),COMPATIBILITY_ONLY_NOT_PRODUCTION,234594.9955,169540.3402,9810.4062,19851,11308,-0.04181848,-0.03860046,-0.05116595,-0.04181848,-9810.4062,234594.9955,OK,0.0000,294.3122,3.0000,97.0000,AG03-UNRESOLVED,ALL5_LEVELS_bet23_to_bet27,294.3122,294.3122,294.3122,392.4162,490.5203,3.000000,3.000000,3.000000,4.000000,5.000000,97.000000,97.000000,97.000000,96.000000,95.000000,5.0,1765.8731,1644.6383,8044.5331,8165.7679,PENDING_AG03,FALSE,NOT_FOR_ENFORCEMENT,9516.0940,164454.1300,9810.4062,9516.0940,294.3122,0.04181848,0.04056393,294.3122,9516.0940,0.04056393,294.3122,294.3122,294.3122,392.4162,490.5203,9516.0940,0.04056393,1765.8731,1644.6383,8044.5331,8165.7679,0.03429115,0.03480794,0.00125455,11.8178,14.9930,0.8676,208.7320,5.3202,4991.3829,240.5957,12.7170,9.8041,2.5818,2.84,3.3563,4.9054,16.007,177.8754,0.2582,0.0,5.636364,62.633151,4.16126,29,188,6,10,0.74390005,0.04181848,0.03860046,0E-8,0.000000,0.722694,0.000000,0.01256549,2026-05-12,2026-08-02,47,1844,580,83,0.566265,1.297104,1.076088,2.479667,,,,,,,,GLOBAL_BASELINE_NO_ENTITY_RANKING,,,NOT_APPLICABLE_GLOBAL_BASELINE,HF9g-P5,,,,X 全窗基线 · 不参与实体赏罚,15059191,1506,A168_HF9F_20260827_0900,2026-08-27 09:00:00
2026-07-11,17529000,1401,0,32.0140448713,3.8081222730,3.8081222730,0.6666667,11,6,0.50124026069264392,0.501065200000,0.8104230625025622,0.8112800290212471,0.8104230625025622,0.00017506069264392,ELIGIBLE,R03b_20260811_FULL_v1,L1_ELIGIBILITY,v2026-08-11,2026-03-21..2026-08-06,baccarat_bet02_101_all_pairs_incl_sentinel,round_win = game_pnl > 0 (decisive only),COMPATIBILITY_ONLY_NOT_PRODUCTION,234594.9955,169540.3402,9810.4062,19851,11308,-0.04181848,-0.03860046,-0.05116595,-0.04181848,-9810.4062,234594.9955,OK,0.0000,294.3122,3.0000,97.0000,AG03-UNRESOLVED,ALL5_LEVELS_bet23_to_bet27,294.3122,294.3122,294.3122,392.4162,490.5203,3.000000,3.000000,3.000000,4.000000,5.000000,97.000000,97.000000,97.000000,96.000000,95.000000,5.0,1765.8731,1644.6383,8044.5331,8165.7679,PENDING_AG03,FALSE,NOT_FOR_ENFORCEMENT,9516.0940,164454.1300,9810.4062,9516.0940,294.3122,0.04181848,0.04056393,294.3122,9516.0940,0.04056393,294.3122,294.3122,294.3122,392.4162,490.5203,9516.0940,0.04056393,1765.8731,1644.6383,8044.5331,8165.7679,0.03429115,0.03480794,0.00125455,11.8178,14.9930,0.8676,208.7320,5.3202,4991.3829,240.5957,12.7170,9.8041,2.5818,2.84,3.3563,4.9054,16.007,177.8754,0.2582,0.0,5.636364,62.633151,4.16126,29,188,6,10,0.74390005,0.04181848,0.03860046,0E-8,0.000000,0.722694,0.000000,0.01256549,2026-05-12,2026-08-02,47,1844,580,83,0.566265,1.297104,1.076088,2.479667,,,,,,,,GLOBAL_BASELINE_NO_ENTITY_RANKING,,,NOT_APPLICABLE_GLOBAL_BASELINE,HF9g-P5,,,,X 全窗基线 · 不参与实体赏罚,15059192,1506,A168_HF9F_20260827_0900,2026-08-27 09:00:00
2026-07-11,17529000,1402,0,84.1659566776,3.2401311544,3.2401311544,0.6153846,29,15,0.50051437113578695,0.500394940000,0.8283415496499092,0.8292026001704895,0.8283415496499092,0.00011943113578695,ELIGIBLE,R03b_20260811_FULL_v1,L1_ELIGIBILITY,v2026-08-11,2026-03-21..2026-08-06,baccarat_bet02_101_all_pairs_incl_sentinel,round_win = game_pnl > 0 (decisive only),COMPATIBILITY_ONLY_NOT_PRODUCTION,234594.9955,169540.3402,9810.4062,19851,11308,-0.04181848,-0.03860046,-0.05116595,-0.04181848,-9810.4062,234594.9955,OK,0.0000,294.3122,3.0000,97.0000,AG03-UNRESOLVED,ALL5_LEVELS_bet23_to_bet27,294.3122,294.3122,294.3122,392.4162,490.5203,3.000000,3.000000,3.000000,4.000000,5.000000,97.000000,97.000000,97.000000,96.000000,95.000000,5.0,1765.8731,1644.6383,8044.5331,8165.7679,PENDING_AG03,FALSE,NOT_FOR_ENFORCEMENT,9516.0940,164454.1300,9810.4062,9516.0940,294.3122,0.04181848,0.04056393,294.3122,9516.0940,0.04056393,294.3122,294.3122,294.3122,392.4162,490.5203,9516.0940,0.04056393,1765.8731,1644.6383,8044.5331,8165.7679,0.03429115,0.03480794,0.00125455,11.8178,14.9930,0.8676,208.7320,5.3202,4991.3829,240.5957,12.7170,9.8041,2.5818,2.84,3.3563,4.9054,16.007,177.8754,0.2582,0.0,5.636364,62.633151,4.16126,29,188,6,10,0.74390005,0.04181848,0.03860046,0E-8,0.000000,0.722694,0.000000,0.01256549,2026-05-12,2026-08-02,47,1844,580,83,0.566265,1.297104,1.076088,2.479667,,,,,,,,GLOBAL_BASELINE_NO_ENTITY_RANKING,,,NOT_APPLICABLE_GLOBAL_BASELINE,HF9g-P5,,,,X 全窗基线 · 不参与实体赏罚,15059193,1506,A168_HF9F_20260827_0900,2026-08-27 09:00:00
2026-07-11,17529000,1490,0,11.6180001549,0.2581777813,0.2581777813,0.5000000,4,2,0.49981563754936603,0.499948100000,0.0005214557916058594,0.00014679536856514622,0.0005214557916058594,-0.00013246245063397,ELIGIBLE,R03b_20260811_FULL_v1,L1_ELIGIBILITY,v2026-08-11,2026-03-21..2026-08-06,baccarat_bet02_101_all_pairs_incl_sentinel,round_win = game_pnl > 0 (decisive only),COMPATIBILITY_ONLY_NOT_PRODUCTION,234594.9955,169540.3402,9810.4062,19851,11308,-0.04181848,-0.03860046,-0.05116595,-0.04181848,-9810.4062,234594.9955,OK,0.0000,294.3122,3.0000,97.0000,AG03-UNRESOLVED,ALL5_LEVELS_bet23_to_bet27,294.3122,294.3122,294.3122,392.4162,490.5203,3.000000,3.000000,3.000000,4.000000,5.000000,97.000000,97.000000,97.000000,96.000000,95.000000,5.0,1765.8731,1644.6383,8044.5331,8165.7679,PENDING_AG03,FALSE,NOT_FOR_ENFORCEMENT,9516.0940,164454.1300,9810.4062,9516.0940,294.3122,0.04181848,0.04056393,294.3122,9516.0940,0.04056393,294.3122,294.3122,294.3122,392.4162,490.5203,9516.0940,0.04056393,1765.8731,1644.6383,8044.5331,8165.7679,0.03429115,0.03480794,0.00125455,11.8178,14.9930,0.8676,208.7320,5.3202,4991.3829,240.5957,12.7170,9.8041,2.5818,2.84,3.3563,4.9054,16.007,177.8754,0.2582,0.0,5.636364,62.633151,4.16126,29,188,6,10,0.74390005,0.04181848,0.03860046,0E-8,0.000000,0.722694,0.000000,0.01256549,2026-05-12,2026-08-02,47,1844,580,83,0.566265,1.297104,1.076088,2.479667,,,,,,,,GLOBAL_BASELINE_NO_ENTITY_RANKING,,,NOT_APPLICABLE_GLOBAL_BASELINE,HF9g-P5,,,,X 全窗基线 · 不参与实体赏罚,15059194,1506,A168_HF9F_20260827_0900,2026-08-27 09:00:00
2026-07-11,17529000,1505,0,17.2979113417,0.3227222266,0.3227222266,0.3333333,6,3,0.50018215904763475,0.499948100000,-0.5779813249978091,-0.5771704854251445,-0.5779813249978091,0.00023405904763475,ELIGIBLE,R03b_20260811_FULL_v1,L1_ELIGIBILITY,v2026-08-11,2026-03-21..2026-08-06,baccarat_bet02_101_all_pairs_incl_sentinel,round_win = game_pnl > 0 (decisive only),COMPATIBILITY_ONLY_NOT_PRODUCTION,234594.9955,169540.3402,9810.4062,19851,11308,-0.04181848,-0.03860046,-0.05116595,-0.04181848,-9810.4062,234594.9955,OK,0.0000,294.3122,3.0000,97.0000,AG03-UNRESOLVED,ALL5_LEVELS_bet23_to_bet27,294.3122,294.3122,294.3122,392.4162,490.5203,3.000000,3.000000,3.000000,4.000000,5.000000,97.000000,97.000000,97.000000,96.000000,95.000000,5.0,1765.8731,1644.6383,8044.5331,8165.7679,PENDING_AG03,FALSE,NOT_FOR_ENFORCEMENT,9516.0940,164454.1300,9810.4062,9516.0940,294.3122,0.04181848,0.04056393,294.3122,9516.0940,0.04056393,294.3122,294.3122,294.3122,392.4162,490.5203,9516.0940,0.04056393,1765.8731,1644.6383,8044.5331,8165.7679,0.03429115,0.03480794,0.00125455,11.8178,14.9930,0.8676,208.7320,5.3202,4991.3829,240.5957,12.7170,9.8041,2.5818,2.84,3.3563,4.9054,16.007,177.8754,0.2582,0.0,5.636364,62.633151,4.16126,29,188,6,10,0.74390005,0.04181848,0.03860046,0E-8,0.000000,0.722694,0.000000,0.01256549,2026-05-12,2026-08-02,47,1844,580,83,0.566265,1.297104,1.076088,2.479667,,,,,,,,GLOBAL_BASELINE_NO_ENTITY_RANKING,,,NOT_APPLICABLE_GLOBAL_BASELINE,HF9g-P5,,,,X 全窗基线 · 不参与实体赏罚,15059195,1506,A168_HF9F_20260827_0900,2026-08-27 09:00:00
2026-07-11,17529000,1509,0,18.5888002478,1.8459711358,1.8459711358,0.6666667,6,3,0.50043902873660489,0.499948100000,0.5758296510120942,0.5775300591747329,0.5758296510120942,0.00049092873660489,ELIGIBLE,R03b_20260811_FULL_v1,L1_ELIGIBILITY,v2026-08-11,2026-03-21..2026-08-06,baccarat_bet02_101_all_pairs_incl_sentinel,round_win = game_pnl > 0 (decisive only),COMPATIBILITY_ONLY_NOT_PRODUCTION,234594.9955,169540.3402,9810.4062,19851,11308,-0.04181848,-0.03860046,-0.05116595,-0.04181848,-9810.4062,234594.9955,OK,0.0000,294.3122,3.0000,97.0000,AG03-UNRESOLVED,ALL5_LEVELS_bet23_to_bet27,294.3122,294.3122,294.3122,392.4162,490.5203,3.000000,3.000000,3.000000,4.000000,5.000000,97.000000,97.000000,97.000000,96.000000,95.000000,5.0,1765.8731,1644.6383,8044.5331,8165.7679,PENDING_AG03,FALSE,NOT_FOR_ENFORCEMENT,9516.0940,164454.1300,9810.4062,9516.0940,294.3122,0.04181848,0.04056393,294.3122,9516.0940,0.04056393,294.3122,294.3122,294.3122,392.4162,490.5203,9516.0940,0.04056393,1765.8731,1644.6383,8044.5331,8165.7679,0.03429115,0.03480794,0.00125455,11.8178,14.9930,0.8676,208.7320,5.3202,4991.3829,240.5957,12.7170,9.8041,2.5818,2.84,3.3563,4.9054,16.007,177.8754,0.2582,0.0,5.636364,62.633151,4.16126,29,188,6,10,0.74390005,0.04181848,0.03860046,0E-8,0.000000,0.722694,0.000000,0.01256549,2026-05-12,2026-08-02,47,1844,580,83,0.566265,1.297104,1.076088,2.479667,,,,,,,,GLOBAL_BASELINE_NO_ENTITY_RANKING,,,NOT_APPLICABLE_GLOBAL_BASELINE,HF9g-P5,,,,X 全窗基线 · 不参与实体赏罚,15059196,1506,A168_HF9F_20260827_0900,2026-08-27 09:00:00
2026-07-11,17529000,1654,0,5.6799111868,0.3614488937,0.3614488937,1.0000000,2,1,0.50055742727268436,0.499948100000,0.9988857662127119,1.0001038053877793,0.9988857662127119,0.00060932727268436,ELIGIBLE,R03b_20260811_FULL_v1,L1_ELIGIBILITY,v2026-08-11,2026-03-21..2026-08-06,baccarat_bet02_101_all_pairs_incl_sentinel,round_win = game_pnl > 0 (decisive only),COMPATIBILITY_ONLY_NOT_PRODUCTION,234594.9955,169540.3402,9810.4062,19851,11308,-0.04181848,-0.03860046,-0.05116595,-0.04181848,-9810.4062,234594.9955,OK,0.0000,294.3122,3.0000,97.0000,AG03-UNRESOLVED,ALL5_LEVELS_bet23_to_bet27,294.3122,294.3122,294.3122,392.4162,490.5203,3.000000,3.000000,3.000000,4.000000,5.000000,97.000000,97.000000,97.000000,96.000000,95.000000,5.0,1765.8731,1644.6383,8044.5331,8165.7679,PENDING_AG03,FALSE,NOT_FOR_ENFORCEMENT,9516.0940,164454.1300,9810.4062,9516.0940,294.3122,0.04181848,0.04056393,294.3122,9516.0940,0.04056393,294.3122,294.3122,294.3122,392.4162,490.5203,9516.0940,0.04056393,1765.8731,1644.6383,8044.5331,8165.7679,0.03429115,0.03480794,0.00125455,11.8178,14.9930,0.8676,208.7320,5.3202,4991.3829,240.5957,12.7170,9.8041,2.5818,2.84,3.3563,4.9054,16.007,177.8754,0.2582,0.0,5.636364,62.633151,4.16126,29,188,6,10,0.74390005,0.04181848,0.03860046,0E-8,0.000000,0.722694,0.000000,0.01256549,2026-05-12,2026-08-02,47,1844,580,83,0.566265,1.297104,1.076088,2.479667,,,,,,,,GLOBAL_BASELINE_NO_ENTITY_RANKING,,,NOT_APPLICABLE_GLOBAL_BASELINE,HF9g-P5,,,,X 全窗基线 · 不参与实体赏罚,15059197,1506,A168_HF9F_20260827_0900,2026-08-27 09:00:00
2026-07-11,17529000,1935,0,5.4217334056,-0.3872666718,-0.3872666718,0E-7,2,1,0.49962892857145212,0.499948100000,-0.9992581323266508,-0.9998962053866608,-0.9992581323266508,-0.00031917142854788,ELIGIBLE,R03b_20260811_FULL_v1,L1_ELIGIBILITY,v2026-08-11,2026-03-21..2026-08-06,baccarat_bet02_101_all_pairs_incl_sentinel,round_win = game_pnl > 0 (decisive only),COMPATIBILITY_ONLY_NOT_PRODUCTION,234594.9955,169540.3402,9810.4062,19851,11308,-0.04181848,-0.03860046,-0.05116595,-0.04181848,-9810.4062,234594.9955,OK,0.0000,294.3122,3.0000,97.0000,AG03-UNRESOLVED,ALL5_LEVELS_bet23_to_bet27,294.3122,294.3122,294.3122,392.4162,490.5203,3.000000,3.000000,3.000000,4.000000,5.000000,97.000000,97.000000,97.000000,96.000000,95.000000,5.0,1765.8731,1644.6383,8044.5331,8165.7679,PENDING_AG03,FALSE,NOT_FOR_ENFORCEMENT,9516.0940,164454.1300,9810.4062,9516.0940,294.3122,0.04181848,0.04056393,294.3122,9516.0940,0.04056393,294.3122,294.3122,294.3122,392.4162,490.5203,9516.0940,0.04056393,1765.8731,1644.6383,8044.5331,8165.7679,0.03429115,0.03480794,0.00125455,11.8178,14.9930,0.8676,208.7320,5.3202,4991.3829,240.5957,12.7170,9.8041,2.5818,2.84,3.3563,4.9054,16.007,177.8754,0.2582,0.0,5.636364,62.633151,4.16126,29,188,6,10,0.74390005,0.04181848,0.03860046,0E-8,0.000000,0.722694,0.000000,0.01256549,2026-05-12,2026-08-02,47,1844,580,83,0.566265,1.297104,1.076088,2.479667,,,,,,,,GLOBAL_BASELINE_NO_ENTITY_RANKING,,,NOT_APPLICABLE_GLOBAL_BASELINE,HF9g-P5,,,,X 全窗基线 · 不参与实体赏罚,15059198,1506,A168_HF9F_20260827_0900,2026-08-27 09:00:00
2026-07-11,17529000,1957,0,25.8177781219,0.8132600109,0.8132600109,0.5000000,8,4,0.50056161841267828,0.499948100000,-0.0022464750678585187,0.00020760000111838688,-0.0022464750678585187,0.00061351841267828,ELIGIBLE,R03b_20260811_FULL_v1,L1_ELIGIBILITY,v2026-08-11,2026-03-21..2026-08-06,baccarat_bet02_101_all_pairs_incl_sentinel,round_win = game_pnl > 0 (decisive only),COMPATIBILITY_ONLY_NOT_PRODUCTION,234594.9955,169540.3402,9810.4062,19851,11308,-0.04181848,-0.03860046,-0.05116595,-0.04181848,-9810.4062,234594.9955,OK,0.0000,294.3122,3.0000,97.0000,AG03-UNRESOLVED,ALL5_LEVELS_bet23_to_bet27,294.3122,294.3122,294.3122,392.4162,490.5203,3.000000,3.000000,3.000000,4.000000,5.000000,97.000000,97.000000,97.000000,96.000000,95.000000,5.0,1765.8731,1644.6383,8044.5331,8165.7679,PENDING_AG03,FALSE,NOT_FOR_ENFORCEMENT,9516.0940,164454.1300,9810.4062,9516.0940,294.3122,0.04181848,0.04056393,294.3122,9516.0940,0.04056393,294.3122,294.3122,294.3122,392.4162,490.5203,9516.0940,0.04056393,1765.8731,1644.6383,8044.5331,8165.7679,0.03429115,0.03480794,0.00125455,11.8178,14.9930,0.8676,208.7320,5.3202,4991.3829,240.5957,12.7170,9.8041,2.5818,2.84,3.3563,4.9054,16.007,177.8754,0.2582,0.0,5.636364,62.633151,4.16126,29,188,6,10,0.74390005,0.04181848,0.03860046,0E-8,0.000000,0.722694,0.000000,0.01256549,2026-05-12,2026-08-02,47,1844,580,83,0.566265,1.297104,1.076088,2.479667,,,,,,,,GLOBAL_BASELINE_NO_ENTITY_RANKING,,,NOT_APPLICABLE_GLOBAL_BASELINE,HF9g-P5,,,,X 全窗基线 · 不参与实体赏罚,15059199,1506,A168_HF9F_20260827_0900,2026-08-27 09:00:00
2026-07-11,17529000,1963,0,5.4217334056,-0.2581777812,-0.2581777812,0E-7,2,1,0.50026727142854788,0.499948100000,-1.0005346858015285,-0.9998962053866608,-1.0005346858015285,0.00031917142854788,ELIGIBLE,R03b_20260811_FULL_v1,L1_ELIGIBILITY,v2026-08-11,2026-03-21..2026-08-06,baccarat_bet02_101_all_pairs_incl_sentinel,round_win = game_pnl > 0 (decisive only),COMPATIBILITY_ONLY_NOT_PRODUCTION,234594.9955,169540.3402,9810.4062,19851,11308,-0.04181848,-0.03860046,-0.05116595,-0.04181848,-9810.4062,234594.9955,OK,0.0000,294.3122,3.0000,97.0000,AG03-UNRESOLVED,ALL5_LEVELS_bet23_to_bet27,294.3122,294.3122,294.3122,392.4162,490.5203,3.000000,3.000000,3.000000,4.000000,5.000000,97.000000,97.000000,97.000000,96.000000,95.000000,5.0,1765.8731,1644.6383,8044.5331,8165.7679,PENDING_AG03,FALSE,NOT_FOR_ENFORCEMENT,9516.0940,164454.1300,9810.4062,9516.0940,294.3122,0.04181848,0.04056393,294.3122,9516.0940,0.04056393,294.3122,294.3122,294.3122,392.4162,490.5203,9516.0940,0.04056393,1765.8731,1644.6383,8044.5331,8165.7679,0.03429115,0.03480794,0.00125455,11.8178,14.9930,0.8676,208.7320,5.3202,4991.3829,240.5957,12.7170,9.8041,2.5818,2.84,3.3563,4.9054,16.007,177.8754,0.2582,0.0,5.636364,62.633151,4.16126,29,188,6,10,0.74390005,0.04181848,0.03860046,0E-8,0.000000,0.722694,0.000000,0.01256549,2026-05-12,2026-08-02,47,1844,580,83,0.566265,1.297104,1.076088,2.479667,,,,,,,,GLOBAL_BASELINE_NO_ENTITY_RANKING,,,NOT_APPLICABLE_GLOBAL_BASELINE,HF9g-P5,,,,X 全窗基线 · 不参与实体赏罚,15059200,1506,A168_HF9F_20260827_0900,2026-08-27 09:00:00
2026-07-11,17529000,1990,0,234.6836031291,115.9992771023,115.9992771023,0.5384615,20,15,0.50151610218182104,0.501735460000,0.2664185545658023,0.2648371133685631,0.2664185545658023,-0.00021935781817896,ELIGIBLE,R03b_20260811_FULL_v1,L1_ELIGIBILITY,v2026-08-11,2026-03-21..2026-08-06,baccarat_bet02_101_all_pairs_incl_sentinel,round_win = game_pnl > 0 (decisive only),COMPATIBILITY_ONLY_NOT_PRODUCTION,234594.9955,169540.3402,9810.4062,19851,11308,-0.04181848,-0.03860046,-0.05116595,-0.04181848,-9810.4062,234594.9955,OK,0.0000,294.3122,3.0000,97.0000,AG03-UNRESOLVED,ALL5_LEVELS_bet23_to_bet27,294.3122,294.3122,294.3122,392.4162,490.5203,3.000000,3.000000,3.000000,4.000000,5.000000,97.000000,97.000000,97.000000,96.000000,95.000000,5.0,1765.8731,1644.6383,8044.5331,8165.7679,PENDING_AG03,FALSE,NOT_FOR_ENFORCEMENT,9516.0940,164454.1300,9810.4062,9516.0940,294.3122,0.04181848,0.04056393,294.3122,9516.0940,0.04056393,294.3122,294.3122,294.3122,392.4162,490.5203,9516.0940,0.04056393,1765.8731,1644.6383,8044.5331,8165.7679,0.03429115,0.03480794,0.00125455,11.8178,14.9930,0.8676,208.7320,5.3202,4991.3829,240.5957,12.7170,9.8041,2.5818,2.84,3.3563,4.9054,16.007,177.8754,0.2582,0.0,5.636364,62.633151,4.16126,29,188,6,10,0.74390005,0.04181848,0.03860046,0E-8,0.000000,0.722694,0.000000,0.01256549,2026-05-12,2026-08-02,47,1844,580,83,0.566265,1.297104,1.076088,2.479667,,,,,,,,GLOBAL_BASELINE_NO_ENTITY_RANKING,,,NOT_APPLICABLE_GLOBAL_BASELINE,HF9g-P5,,,,X 全窗基线 · 不参与实体赏罚,15059201,1506,A168_HF9F_20260827_0900,2026-08-27 09:00:00
2026-07-11,17529000,1994,0,21.9451114036,0.7099888985,0.7099888985,1.0000000,8,4,0.50033981038958200,0.499948100000,1.9986412200123291,2.0002076107755586,1.9986412200123291,0.00039171038958200,ELIGIBLE,R03b_20260811_FULL_v1,L1_ELIGIBILITY,v2026-08-11,2026-03-21..2026-08-06,baccarat_bet02_101_all_pairs_incl_sentinel,round_win = game_pnl > 0 (decisive only),COMPATIBILITY_ONLY_NOT_PRODUCTION,234594.9955,169540.3402,9810.4062,19851,11308,-0.04181848,-0.03860046,-0.05116595,-0.04181848,-9810.4062,234594.9955,OK,0.0000,294.3122,3.0000,97.0000,AG03-UNRESOLVED,ALL5_LEVELS_bet23_to_bet27,294.3122,294.3122,294.3122,392.4162,490.5203,3.000000,3.000000,3.000000,4.000000,5.000000,97.000000,97.000000,97.000000,96.000000,95.000000,5.0,1765.8731,1644.6383,8044.5331,8165.7679,PENDING_AG03,FALSE,NOT_FOR_ENFORCEMENT,9516.0940,164454.1300,9810.4062,9516.0940,294.3122,0.04181848,0.04056393,294.3122,9516.0940,0.04056393,294.3122,294.3122,294.3122,392.4162,490.5203,9516.0940,0.04056393,1765.8731,1644.6383,8044.5331,8165.7679,0.03429115,0.03480794,0.00125455,11.8178,14.9930,0.8676,208.7320,5.3202,4991.3829,240.5957,12.7170,9.8041,2.5818,2.84,3.3563,4.9054,16.007,177.8754,0.2582,0.0,5.636364,62.633151,4.16126,29,188,6,10,0.74390005,0.04181848,0.03860046,0E-8,0.000000,0.722694,0.000000,0.01256549,2026-05-12,2026-08-02,47,1844,580,83,0.566265,1.297104,1.076088,2.479667,,,,,,,,GLOBAL_BASELINE_NO_ENTITY_RANKING,,,NOT_APPLICABLE_GLOBAL_BASELINE,HF9g-P5,,,,X 全窗基线 · 不参与实体赏罚,15059202,1506,A168_HF9F_20260827_0900,2026-08-27 09:00:00
2026-07-11,17529000,2108,0,5.6799111868,-0.6454444530,-0.6454444530,0E-7,2,1,0.49933877272731564,0.499948100000,-0.998678418742378,-0.9998962053866608,-0.998678418742378,-0.00060932727268436,ELIGIBLE,R03b_20260811_FULL_v1,L1_ELIGIBILITY,v2026-08-11,2026-03-21..2026-08-06,baccarat_bet02_101_all_pairs_incl_sentinel,round_win = game_pnl > 0 (decisive only),COMPATIBILITY_ONLY_NOT_PRODUCTION,234594.9955,169540.3402,9810.4062,19851,11308,-0.04181848,-0.03860046,-0.05116595,-0.04181848,-9810.4062,234594.9955,OK,0.0000,294.3122,3.0000,97.0000,AG03-UNRESOLVED,ALL5_LEVELS_bet23_to_bet27,294.3122,294.3122,294.3122,392.4162,490.5203,3.000000,3.000000,3.000000,4.000000,5.000000,97.000000,97.000000,97.000000,96.000000,95.000000,5.0,1765.8731,1644.6383,8044.5331,8165.7679,PENDING_AG03,FALSE,NOT_FOR_ENFORCEMENT,9516.0940,164454.1300,9810.4062,9516.0940,294.3122,0.04181848,0.04056393,294.3122,9516.0940,0.04056393,294.3122,294.3122,294.3122,392.4162,490.5203,9516.0940,0.04056393,1765.8731,1644.6383,8044.5331,8165.7679,0.03429115,0.03480794,0.00125455,11.8178,14.9930,0.8676,208.7320,5.3202,4991.3829,240.5957,12.7170,9.8041,2.5818,2.84,3.3563,4.9054,16.007,177.8754,0.2582,0.0,5.636364,62.633151,4.16126,29,188,6,10,0.74390005,0.04181848,0.03860046,0E-8,0.000000,0.722694,0.000000,0.01256549,2026-05-12,2026-08-02,47,1844,580,83,0.566265,1.297104,1.076088,2.479667,,,,,,,,GLOBAL_BASELINE_NO_ENTITY_RANKING,,,NOT_APPLICABLE_GLOBAL_BASELINE,HF9g-P5,,,,X 全窗基线 · 不参与实体赏罚,15059203,1506,A168_HF9F_20260827_0900,2026-08-27 09:00:00
2026-07-11,17529000,2117,0,831.0742777473,139.1965507449,139.1965507449,0.2500000,26,20,0.49933425919191991,0.499277840000,-1.9946758416599881,-1.9942248000376397,-1.9946758416599881,0.00005641919191991,ELIGIBLE,R03b_20260811_FULL_v1,L1_ELIGIBILITY,v2026-08-11,2026-03-21..2026-08-06,baccarat_bet02_101_all_pairs_incl_sentinel,round_win = game_pnl > 0 (decisive only),COMPATIBILITY_ONLY_NOT_PRODUCTION,234594.9955,169540.3402,9810.4062,19851,11308,-0.04181848,-0.03860046,-0.05116595,-0.04181848,-9810.4062,234594.9955,OK,0.0000,294.3122,3.0000,97.0000,AG03-UNRESOLVED,ALL5_LEVELS_bet23_to_bet27,294.3122,294.3122,294.3122,392.4162,490.5203,3.000000,3.000000,3.000000,4.000000,5.000000,97.000000,97.000000,97.000000,96.000000,95.000000,5.0,1765.8731,1644.6383,8044.5331,8165.7679,PENDING_AG03,FALSE,NOT_FOR_ENFORCEMENT,9516.0940,164454.1300,9810.4062,9516.0940,294.3122,0.04181848,0.04056393,294.3122,9516.0940,0.04056393,294.3122,294.3122,294.3122,392.4162,490.5203,9516.0940,0.04056393,1765.8731,1644.6383,8044.5331,8165.7679,0.03429115,0.03480794,0.00125455,11.8178,14.9930,0.8676,208.7320,5.3202,4991.3829,240.5957,12.7170,9.8041,2.5818,2.84,3.3563,4.9054,16.007,177.8754,0.2582,0.0,5.636364,62.633151,4.16126,29,188,6,10,0.74390005,0.04181848,0.03860046,0E-8,0.000000,0.722694,0.000000,0.01256549,2026-05-12,2026-08-02,47,1844,580,83,0.566265,1.297104,1.076088,2.479667,,,,,,,,GLOBAL_BASELINE_NO_ENTITY_RANKING,,,NOT_APPLICABLE_GLOBAL_BASELINE,HF9g-P5,,,,X 全窗基线 · 不参与实体赏罚,15059204,1506,A168_HF9F_20260827_0900,2026-08-27 09:00:00
2026-07-11,17529000,2129,0,17.8142669041,0.8132600109,0.8132600109,0.6666667,6,3,0.50039494000000000,0.499948100000,0.5759823365784605,0.5775300591747329,0.5759823365784605,0.00044684000000000,ELIGIBLE,R03b_20260811_FULL_v1,L1_ELIGIBILITY,v2026-08-11,2026-03-21..2026-08-06,baccarat_bet02_101_all_pairs_incl_sentinel,round_win = game_pnl > 0 (decisive only),COMPATIBILITY_ONLY_NOT_PRODUCTION,234594.9955,169540.3402,9810.4062,19851,11308,-0.04181848,-0.03860046,-0.05116595,-0.04181848,-9810.4062,234594.9955,OK,0.0000,294.3122,3.0000,97.0000,AG03-UNRESOLVED,ALL5_LEVELS_bet23_to_bet27,294.3122,294.3122,294.3122,392.4162,490.5203,3.000000,3.000000,3.000000,4.000000,5.000000,97.000000,97.000000,97.000000,96.000000,95.000000,5.0,1765.8731,1644.6383,8044.5331,8165.7679,PENDING_AG03,FALSE,NOT_FOR_ENFORCEMENT,9516.0940,164454.1300,9810.4062,9516.0940,294.3122,0.04181848,0.04056393,294.3122,9516.0940,0.04056393,294.3122,294.3122,294.3122,392.4162,490.5203,9516.0940,0.04056393,1765.8731,1644.6383,8044.5331,8165.7679,0.03429115,0.03480794,0.00125455,11.8178,14.9930,0.8676,208.7320,5.3202,4991.3829,240.5957,12.7170,9.8041,2.5818,2.84,3.3563,4.9054,16.007,177.8754,0.2582,0.0,5.636364,62.633151,4.16126,29,188,6,10,0.74390005,0.04181848,0.03860046,0E-8,0.000000,0.722694,0.000000,0.01256549,2026-05-12,2026-08-02,47,1844,580,83,0.566265,1.297104,1.076088,2.479667,,,,,,,,GLOBAL_BASELINE_NO_ENTITY_RANKING,,,NOT_APPLICABLE_GLOBAL_BASELINE,HF9g-P5,,,,X 全窗基线 · 不参与实体赏罚,15059205,1506,A168_HF9F_20260827_0900,2026-08-27 09:00:00
2026-07-11,17529000,2141,0,5.6799111868,-0.5163555624,-0.5163555624,0E-7,2,1,0.50055742727268436,0.499948100000,-1.001115476689104,-0.9998962053866608,-1.001115476689104,0.00060932727268436,ELIGIBLE,R03b_20260811_FULL_v1,L1_ELIGIBILITY,v2026-08-11,2026-03-21..2026-08-06,baccarat_bet02_101_all_pairs_incl_sentinel,round_win = game_pnl > 0 (decisive only),COMPATIBILITY_ONLY_NOT_PRODUCTION,234594.9955,169540.3402,9810.4062,19851,11308,-0.04181848,-0.03860046,-0.05116595,-0.04181848,-9810.4062,234594.9955,OK,0.0000,294.3122,3.0000,97.0000,AG03-UNRESOLVED,ALL5_LEVELS_bet23_to_bet27,294.3122,294.3122,294.3122,392.4162,490.5203,3.000000,3.000000,3.000000,4.000000,5.000000,97.000000,97.000000,97.000000,96.000000,95.000000,5.0,1765.8731,1644.6383,8044.5331,8165.7679,PENDING_AG03,FALSE,NOT_FOR_ENFORCEMENT,9516.0940,164454.1300,9810.4062,9516.0940,294.3122,0.04181848,0.04056393,294.3122,9516.0940,0.04056393,294.3122,294.3122,294.3122,392.4162,490.5203,9516.0940,0.04056393,1765.8731,1644.6383,8044.5331,8165.7679,0.03429115,0.03480794,0.00125455,11.8178,14.9930,0.8676,208.7320,5.3202,4991.3829,240.5957,12.7170,9.8041,2.5818,2.84,3.3563,4.9054,16.007,177.8754,0.2582,0.0,5.636364,62.633151,4.16126,29,188,6,10,0.74390005,0.04181848,0.03860046,0E-8,0.000000,0.722694,0.000000,0.01256549,2026-05-12,2026-08-02,47,1844,580,83,0.566265,1.297104,1.076088,2.479667,,,,,,,,GLOBAL_BASELINE_NO_ENTITY_RANKING,,,NOT_APPLICABLE_GLOBAL_BASELINE,HF9g-P5,,,,X 全窗基线 · 不参与实体赏罚,15059206,1506,A168_HF9F_20260827_0900,2026-08-27 09:00:00
2026-07-11,17529000,2145,0,16.7815557792,-1.4199777966,-1.4199777966,0E-7,6,3,0.50024792770560695,0.499948100000,-1.7329098673718384,-1.7318710300250217,-1.7329098673718384,0.00029982770560695,ELIGIBLE,R03b_20260811_FULL_v1,L1_ELIGIBILITY,v2026-08-11,2026-03-21..2026-08-06,baccarat_bet02_101_all_pairs_incl_sentinel,round_win = game_pnl > 0 (decisive only),COMPATIBILITY_ONLY_NOT_PRODUCTION,234594.9955,169540.3402,9810.4062,19851,11308,-0.04181848,-0.03860046,-0.05116595,-0.04181848,-9810.4062,234594.9955,OK,0.0000,294.3122,3.0000,97.0000,AG03-UNRESOLVED,ALL5_LEVELS_bet23_to_bet27,294.3122,294.3122,294.3122,392.4162,490.5203,3.000000,3.000000,3.000000,4.000000,5.000000,97.000000,97.000000,97.000000,96.000000,95.000000,5.0,1765.8731,1644.6383,8044.5331,8165.7679,PENDING_AG03,FALSE,NOT_FOR_ENFORCEMENT,9516.0940,164454.1300,9810.4062,9516.0940,294.3122,0.04181848,0.04056393,294.3122,9516.0940,0.04056393,294.3122,294.3122,294.3122,392.4162,490.5203,9516.0940,0.04056393,1765.8731,1644.6383,8044.5331,8165.7679,0.03429115,0.03480794,0.00125455,11.8178,14.9930,0.8676,208.7320,5.3202,4991.3829,240.5957,12.7170,9.8041,2.5818,2.84,3.3563,4.9054,16.007,177.8754,0.2582,0.0,5.636364,62.633151,4.16126,29,188,6,10,0.74390005,0.04181848,0.03860046,0E-8,0.000000,0.722694,0.000000,0.01256549,2026-05-12,2026-08-02,47,1844,580,83,0.566265,1.297104,1.076088,2.479667,,,,,,,,GLOBAL_BASELINE_NO_ENTITY_RANKING,,,NOT_APPLICABLE_GLOBAL_BASELINE,HF9g-P5,,,,X 全窗基线 · 不参与实体赏罚,15059207,1506,A168_HF9F_20260827_0900,2026-08-27 09:00:00
2026-07-11,17529000,2153,0,5.9380889681,0.7745333437,0.7745333437,1.0000000,2,1,0.49907384782604770,0.499948100000,1.0018540230456832,1.0001038053877793,1.0018540230456832,-0.00087425217395230,ELIGIBLE,R03b_20260811_FULL_v1,L1_ELIGIBILITY,v2026-08-11,2026-03-21..2026-08-06,baccarat_bet02_101_all_pairs_incl_sentinel,round_win = game_pnl > 0 (decisive only),COMPATIBILITY_ONLY_NOT_PRODUCTION,234594.9955,169540.3402,9810.4062,19851,11308,-0.04181848,-0.03860046,-0.05116595,-0.04181848,-9810.4062,234594.9955,OK,0.0000,294.3122,3.0000,97.0000,AG03-UNRESOLVED,ALL5_LEVELS_bet23_to_bet27,294.3122,294.3122,294.3122,392.4162,490.5203,3.000000,3.000000,3.000000,4.000000,5.000000,97.000000,97.000000,97.000000,96.000000,95.000000,5.0,1765.8731,1644.6383,8044.5331,8165.7679,PENDING_AG03,FALSE,NOT_FOR_ENFORCEMENT,9516.0940,164454.1300,9810.4062,9516.0940,294.3122,0.04181848,0.04056393,294.3122,9516.0940,0.04056393,294.3122,294.3122,294.3122,392.4162,490.5203,9516.0940,0.04056393,1765.8731,1644.6383,8044.5331,8165.7679,0.03429115,0.03480794,0.00125455,11.8178,14.9930,0.8676,208.7320,5.3202,4991.3829,240.5957,12.7170,9.8041,2.5818,2.84,3.3563,4.9054,16.007,177.8754,0.2582,0.0,5.636364,62.633151,4.16126,29,188,6,10,0.74390005,0.04181848,0.03860046,0E-8,0.000000,0.722694,0.000000,0.01256549,2026-05-12,2026-08-02,47,1844,580,83,0.566265,1.297104,1.076088,2.479667,,,,,,,,GLOBAL_BASELINE_NO_ENTITY_RANKING,,,NOT_APPLICABLE_GLOBAL_BASELINE,HF9g-P5,,,,X 全窗基线 · 不参与实体赏罚,15059208,1506,A168_HF9F_20260827_0900,2026-08-27 09:00:00
2026-07-11,17529000,2167,0,24.7850669971,4.0404822761,4.0404822761,0.4000000,7,5,0.50376539028570958,0.503969660000,-0.4640660921781916,-0.4649811094771361,-0.4640660921781916,-0.00020426971429042,ELIGIBLE,R03b_20260811_FULL_v1,L1_ELIGIBILITY,v2026-08-11,2026-03-21..2026-08-06,baccarat_bet02_101_all_pairs_incl_sentinel,round_win = game_pnl > 0 (decisive only),COMPATIBILITY_ONLY_NOT_PRODUCTION,234594.9955,169540.3402,9810.4062,19851,11308,-0.04181848,-0.03860046,-0.05116595,-0.04181848,-9810.4062,234594.9955,OK,0.0000,294.3122,3.0000,97.0000,AG03-UNRESOLVED,ALL5_LEVELS_bet23_to_bet27,294.3122,294.3122,294.3122,392.4162,490.5203,3.000000,3.000000,3.000000,4.000000,5.000000,97.000000,97.000000,97.000000,96.000000,95.000000,5.0,1765.8731,1644.6383,8044.5331,8165.7679,PENDING_AG03,FALSE,NOT_FOR_ENFORCEMENT,9516.0940,164454.1300,9810.4062,9516.0940,294.3122,0.04181848,0.04056393,294.3122,9516.0940,0.04056393,294.3122,294.3122,294.3122,392.4162,490.5203,9516.0940,0.04056393,1765.8731,1644.6383,8044.5331,8165.7679,0.03429115,0.03480794,0.00125455,11.8178,14.9930,0.8676,208.7320,5.3202,4991.3829,240.5957,12.7170,9.8041,2.5818,2.84,3.3563,4.9054,16.007,177.8754,0.2582,0.0,5.636364,62.633151,4.16126,29,188,6,10,0.74390005,0.04181848,0.03860046,0E-8,0.000000,0.722694,0.000000,0.01256549,2026-05-12,2026-08-02,47,1844,580,83,0.566265,1.297104,1.076088,2.479667,,,,,,,,GLOBAL_BASELINE_NO_ENTITY_RANKING,,,NOT_APPLICABLE_GLOBAL_BASELINE,HF9g-P5,,,,X 全窗基线 · 不参与实体赏罚,15059209,1506,A168_HF9F_20260827_0900,2026-08-27 09:00:00
2026-07-11,17529000,2170,0,11.1016445924,-0.7745333436,-0.7745333436,0E-7,4,2,0.50041234935061612,0.499948100000,-1.4153803437811954,-1.4140667746232096,-1.4153803437811954,0.00046424935061612,ELIGIBLE,R03b_20260811_FULL_v1,L1_ELIGIBILITY,v2026-08-11,2026-03-21..2026-08-06,baccarat_bet02_101_all_pairs_incl_sentinel,round_win = game_pnl > 0 (decisive only),COMPATIBILITY_ONLY_NOT_PRODUCTION,234594.9955,169540.3402,9810.4062,19851,11308,-0.04181848,-0.03860046,-0.05116595,-0.04181848,-9810.4062,234594.9955,OK,0.0000,294.3122,3.0000,97.0000,AG03-UNRESOLVED,ALL5_LEVELS_bet23_to_bet27,294.3122,294.3122,294.3122,392.4162,490.5203,3.000000,3.000000,3.000000,4.000000,5.000000,97.000000,97.000000,97.000000,96.000000,95.000000,5.0,1765.8731,1644.6383,8044.5331,8165.7679,PENDING_AG03,FALSE,NOT_FOR_ENFORCEMENT,9516.0940,164454.1300,9810.4062,9516.0940,294.3122,0.04181848,0.04056393,294.3122,9516.0940,0.04056393,294.3122,294.3122,294.3122,392.4162,490.5203,9516.0940,0.04056393,1765.8731,1644.6383,8044.5331,8165.7679,0.03429115,0.03480794,0.00125455,11.8178,14.9930,0.8676,208.7320,5.3202,4991.3829,240.5957,12.7170,9.8041,2.5818,2.84,3.3563,4.9054,16.007,177.8754,0.2582,0.0,5.636364,62.633151,4.16126,29,188,6,10,0.74390005,0.04181848,0.03860046,0E-8,0.000000,0.722694,0.000000,0.01256549,2026-05-12,2026-08-02,47,1844,580,83,0.566265,1.297104,1.076088,2.479667,,,,,,,,GLOBAL_BASELINE_NO_ENTITY_RANKING,,,NOT_APPLICABLE_GLOBAL_BASELINE,HF9g-P5,,,,X 全窗基线 · 不参与实体赏罚,15059210,1506,A168_HF9F_20260827_0900,2026-08-27 09:00:00
2026-07-11,17529000,2177,0,1288.3071282884,-1131.9288462035,-1131.9288462035,0.2857143,36,22,0.50209313155382193,0.501776081818,-1.983162257029622,-1.9802515641811145,-1.983162257029622,0.00031704973582193,ELIGIBLE,R03b_20260811_FULL_v1,L1_ELIGIBILITY,v2026-08-11,2026-03-21..2026-08-06,baccarat_bet02_101_all_pairs_incl_sentinel,round_win = game_pnl > 0 (decisive only),COMPATIBILITY_ONLY_NOT_PRODUCTION,234594.9955,169540.3402,9810.4062,19851,11308,-0.04181848,-0.03860046,-0.05116595,-0.04181848,-9810.4062,234594.9955,OK,0.0000,294.3122,3.0000,97.0000,AG03-UNRESOLVED,ALL5_LEVELS_bet23_to_bet27,294.3122,294.3122,294.3122,392.4162,490.5203,3.000000,3.000000,3.000000,4.000000,5.000000,97.000000,97.000000,97.000000,96.000000,95.000000,5.0,1765.8731,1644.6383,8044.5331,8165.7679,PENDING_AG03,FALSE,NOT_FOR_ENFORCEMENT,9516.0940,164454.1300,9810.4062,9516.0940,294.3122,0.04181848,0.04056393,294.3122,9516.0940,0.04056393,294.3122,294.3122,294.3122,392.4162,490.5203,9516.0940,0.04056393,1765.8731,1644.6383,8044.5331,8165.7679,0.03429115,0.03480794,0.00125455,11.8178,14.9930,0.8676,208.7320,5.3202,4991.3829,240.5957,12.7170,9.8041,2.5818,2.84,3.3563,4.9054,16.007,177.8754,0.2582,0.0,5.636364,62.633151,4.16126,29,188,6,10,0.74390005,0.04181848,0.03860046,0E-8,0.000000,0.722694,0.000000,0.01256549,2026-05-12,2026-08-02,47,1844,580,83,0.566265,1.297104,1.076088,2.479667,,,,,,,,GLOBAL_BASELINE_NO_ENTITY_RANKING,,,NOT_APPLICABLE_GLOBAL_BASELINE,HF9g-P5,,,,X 全窗基线 · 不参与实体赏罚,15059211,1506,A168_HF9F_20260827_0900,2026-08-27 09:00:00
2026-07-11,17529000,2196,0,127.2816461413,17.3753646764,17.3753646764,0.7222222,38,21,0.50116079496081789,0.500586442857,1.8757734663135355,1.8806432440767011,1.8757734663135355,0.00057435210381789,ELIGIBLE,R03b_20260811_FULL_v1,L1_ELIGIBILITY,v2026-08-11,2026-03-21..2026-08-06,baccarat_bet02_101_all_pairs_incl_sentinel,round_win = game_pnl > 0 (decisive only),COMPATIBILITY_ONLY_NOT_PRODUCTION,234594.9955,169540.3402,9810.4062,19851,11308,-0.04181848,-0.03860046,-0.05116595,-0.04181848,-9810.4062,234594.9955,OK,0.0000,294.3122,3.0000,97.0000,AG03-UNRESOLVED,ALL5_LEVELS_bet23_to_bet27,294.3122,294.3122,294.3122,392.4162,490.5203,3.000000,3.000000,3.000000,4.000000,5.000000,97.000000,97.000000,97.000000,96.000000,95.000000,5.0,1765.8731,1644.6383,8044.5331,8165.7679,PENDING_AG03,FALSE,NOT_FOR_ENFORCEMENT,9516.0940,164454.1300,9810.4062,9516.0940,294.3122,0.04181848,0.04056393,294.3122,9516.0940,0.04056393,294.3122,294.3122,294.3122,392.4162,490.5203,9516.0940,0.04056393,1765.8731,1644.6383,8044.5331,8165.7679,0.03429115,0.03480794,0.00125455,11.8178,14.9930,0.8676,208.7320,5.3202,4991.3829,240.5957,12.7170,9.8041,2.5818,2.84,3.3563,4.9054,16.007,177.8754,0.2582,0.0,5.636364,62.633151,4.16126,29,188,6,10,0.74390005,0.04181848,0.03860046,0E-8,0.000000,0.722694,0.000000,0.01256549,2026-05-12,2026-08-02,47,1844,580,83,0.566265,1.297104,1.076088,2.479667,,,,,,,,GLOBAL_BASELINE_NO_ENTITY_RANKING,,,NOT_APPLICABLE_GLOBAL_BASELINE,HF9g-P5,,,,X 全窗基线 · 不参与实体赏罚,15059212,1506,A168_HF9F_20260827_0900,2026-08-27 09:00:00
2026-07-11,17529000,2205,0,28.9159114965,1.2005266827,1.2005266827,0.7500000,10,5,0.50027423516882730,0.499948100000,0.9989032095695897,1.0002076053883384,0.9989032095695897,0.00032613516882730,ELIGIBLE,R03b_20260811_FULL_v1,L1_ELIGIBILITY,v2026-08-11,2026-03-21..2026-08-06,baccarat_bet02_101_all_pairs_incl_sentinel,round_win = game_pnl > 0 (decisive only),COMPATIBILITY_ONLY_NOT_PRODUCTION,234594.9955,169540.3402,9810.4062,19851,11308,-0.04181848,-0.03860046,-0.05116595,-0.04181848,-9810.4062,234594.9955,OK,0.0000,294.3122,3.0000,97.0000,AG03-UNRESOLVED,ALL5_LEVELS_bet23_to_bet27,294.3122,294.3122,294.3122,392.4162,490.5203,3.000000,3.000000,3.000000,4.000000,5.000000,97.000000,97.000000,97.000000,96.000000,95.000000,5.0,1765.8731,1644.6383,8044.5331,8165.7679,PENDING_AG03,FALSE,NOT_FOR_ENFORCEMENT,9516.0940,164454.1300,9810.4062,9516.0940,294.3122,0.04181848,0.04056393,294.3122,9516.0940,0.04056393,294.3122,294.3122,294.3122,392.4162,490.5203,9516.0940,0.04056393,1765.8731,1644.6383,8044.5331,8165.7679,0.03429115,0.03480794,0.00125455,11.8178,14.9930,0.8676,208.7320,5.3202,4991.3829,240.5957,12.7170,9.8041,2.5818,2.84,3.3563,4.9054,16.007,177.8754,0.2582,0.0,5.636364,62.633151,4.16126,29,188,6,10,0.74390005,0.04181848,0.03860046,0E-8,0.000000,0.722694,0.000000,0.01256549,2026-05-12,2026-08-02,47,1844,580,83,0.566265,1.297104,1.076088,2.479667,,,,,,,,GLOBAL_BASELINE_NO_ENTITY_RANKING,,,NOT_APPLICABLE_GLOBAL_BASELINE,HF9g-P5,,,,X 全窗基线 · 不参与实体赏罚,15059213,1506,A168_HF9F_20260827_0900,2026-08-27 09:00:00
2026-07-11,17529000,2222,0,21.9451114037,1.2908889061,1.2908889061,0.2500000,6,4,0.49708426181817109,0.496596800000,-0.9883538524537197,-0.9864100490137354,-0.9883538524537197,0.00048746181817109,ELIGIBLE,R03b_20260811_FULL_v1,L1_ELIGIBILITY,v2026-08-11,2026-03-21..2026-08-06,baccarat_bet02_101_all_pairs_incl_sentinel,round_win = game_pnl > 0 (decisive only),COMPATIBILITY_ONLY_NOT_PRODUCTION,234594.9955,169540.3402,9810.4062,19851,11308,-0.04181848,-0.03860046,-0.05116595,-0.04181848,-9810.4062,234594.9955,OK,0.0000,294.3122,3.0000,97.0000,AG03-UNRESOLVED,ALL5_LEVELS_bet23_to_bet27,294.3122,294.3122,294.3122,392.4162,490.5203,3.000000,3.000000,3.000000,4.000000,5.000000,97.000000,97.000000,97.000000,96.000000,95.000000,5.0,1765.8731,1644.6383,8044.5331,8165.7679,PENDING_AG03,FALSE,NOT_FOR_ENFORCEMENT,9516.0940,164454.1300,9810.4062,9516.0940,294.3122,0.04181848,0.04056393,294.3122,9516.0940,0.04056393,294.3122,294.3122,294.3122,392.4162,490.5203,9516.0940,0.04056393,1765.8731,1644.6383,8044.5331,8165.7679,0.03429115,0.03480794,0.00125455,11.8178,14.9930,0.8676,208.7320,5.3202,4991.3829,240.5957,12.7170,9.8041,2.5818,2.84,3.3563,4.9054,16.007,177.8754,0.2582,0.0,5.636364,62.633151,4.16126,29,188,6,10,0.74390005,0.04181848,0.03860046,0E-8,0.000000,0.722694,0.000000,0.01256549,2026-05-12,2026-08-02,47,1844,580,83,0.566265,1.297104,1.076088,2.479667,,,,,,,,GLOBAL_BASELINE_NO_ENTITY_RANKING,,,NOT_APPLICABLE_GLOBAL_BASELINE,HF9g-P5,,,,X 全窗基线 · 不参与实体赏罚,15059214,1506,A168_HF9F_20260827_0900,2026-08-27 09:00:00
2026-07-11,17529000,2223,0,19.3633335915,0.6067177859,0.6067177859,0.6666667,7,4,0.50184231304348808,0.501623750000,0.5709721855064472,0.5717284489973589,0.5709721855064472,0.00021856304348808,ELIGIBLE,R03b_20260811_FULL_v1,L1_ELIGIBILITY,v2026-08-11,2026-03-21..2026-08-06,baccarat_bet02_101_all_pairs_incl_sentinel,round_win = game_pnl > 0 (decisive only),COMPATIBILITY_ONLY_NOT_PRODUCTION,234594.9955,169540.3402,9810.4062,19851,11308,-0.04181848,-0.03860046,-0.05116595,-0.04181848,-9810.4062,234594.9955,OK,0.0000,294.3122,3.0000,97.0000,AG03-UNRESOLVED,ALL5_LEVELS_bet23_to_bet27,294.3122,294.3122,294.3122,392.4162,490.5203,3.000000,3.000000,3.000000,4.000000,5.000000,97.000000,97.000000,97.000000,96.000000,95.000000,5.0,1765.8731,1644.6383,8044.5331,8165.7679,PENDING_AG03,FALSE,NOT_FOR_ENFORCEMENT,9516.0940,164454.1300,9810.4062,9516.0940,294.3122,0.04181848,0.04056393,294.3122,9516.0940,0.04056393,294.3122,294.3122,294.3122,392.4162,490.5203,9516.0940,0.04056393,1765.8731,1644.6383,8044.5331,8165.7679,0.03429115,0.03480794,0.00125455,11.8178,14.9930,0.8676,208.7320,5.3202,4991.3829,240.5957,12.7170,9.8041,2.5818,2.84,3.3563,4.9054,16.007,177.8754,0.2582,0.0,5.636364,62.633151,4.16126,29,188,6,10,0.74390005,0.04181848,0.03860046,0E-8,0.000000,0.722694,0.000000,0.01256549,2026-05-12,2026-08-02,47,1844,580,83,0.566265,1.297104,1.076088,2.479667,,,,,,,,GLOBAL_BASELINE_NO_ENTITY_RANKING,,,NOT_APPLICABLE_GLOBAL_BASELINE,HF9g-P5,,,,X 全窗基线 · 不参与实体赏罚,15059215,1506,A168_HF9F_20260827_0900,2026-08-27 09:00:00
2026-07-11,17529000,2224,0,81.3260010843,-5.8993623008,-5.8993623008,0.1666667,24,13,0.50152924619434189,0.500979269231,-2.320006856315276,-2.316190095317704,-2.320006856315276,0.00054997696334189,ELIGIBLE,R03b_20260811_FULL_v1,L1_ELIGIBILITY,v2026-08-11,2026-03-21..2026-08-06,baccarat_bet02_101_all_pairs_incl_sentinel,round_win = game_pnl > 0 (decisive only),COMPATIBILITY_ONLY_NOT_PRODUCTION,234594.9955,169540.3402,9810.4062,19851,11308,-0.04181848,-0.03860046,-0.05116595,-0.04181848,-9810.4062,234594.9955,OK,0.0000,294.3122,3.0000,97.0000,AG03-UNRESOLVED,ALL5_LEVELS_bet23_to_bet27,294.3122,294.3122,294.3122,392.4162,490.5203,3.000000,3.000000,3.000000,4.000000,5.000000,97.000000,97.000000,97.000000,96.000000,95.000000,5.0,1765.8731,1644.6383,8044.5331,8165.7679,PENDING_AG03,FALSE,NOT_FOR_ENFORCEMENT,9516.0940,164454.1300,9810.4062,9516.0940,294.3122,0.04181848,0.04056393,294.3122,9516.0940,0.04056393,294.3122,294.3122,294.3122,392.4162,490.5203,9516.0940,0.04056393,1765.8731,1644.6383,8044.5331,8165.7679,0.03429115,0.03480794,0.00125455,11.8178,14.9930,0.8676,208.7320,5.3202,4991.3829,240.5957,12.7170,9.8041,2.5818,2.84,3.3563,4.9054,16.007,177.8754,0.2582,0.0,5.636364,62.633151,4.16126,29,188,6,10,0.74390005,0.04181848,0.03860046,0E-8,0.000000,0.722694,0.000000,0.01256549,2026-05-12,2026-08-02,47,1844,580,83,0.566265,1.297104,1.076088,2.479667,,,,,,,,GLOBAL_BASELINE_NO_ENTITY_RANKING,,,NOT_APPLICABLE_GLOBAL_BASELINE,HF9g-P5,,,,X 全窗基线 · 不参与实体赏罚,15059216,1506,A168_HF9F_20260827_0900,2026-08-27 09:00:00
2026-07-11,17529000,2239,0,61.7044897114,-0.5938088967,-0.5938088967,0.5000000,22,11,0.49987062953647726,0.499948100000,0.0008182106807554993,0.0003282444228938027,0.0008182106807554993,-0.00007747046352274,ELIGIBLE,R03b_20260811_FULL_v1,L1_ELIGIBILITY,v2026-08-11,2026-03-21..2026-08-06,baccarat_bet02_101_all_pairs_incl_sentinel,round_win = game_pnl > 0 (decisive only),COMPATIBILITY_ONLY_NOT_PRODUCTION,234594.9955,169540.3402,9810.4062,19851,11308,-0.04181848,-0.03860046,-0.05116595,-0.04181848,-9810.4062,234594.9955,OK,0.0000,294.3122,3.0000,97.0000,AG03-UNRESOLVED,ALL5_LEVELS_bet23_to_bet27,294.3122,294.3122,294.3122,392.4162,490.5203,3.000000,3.000000,3.000000,4.000000,5.000000,97.000000,97.000000,97.000000,96.000000,95.000000,5.0,1765.8731,1644.6383,8044.5331,8165.7679,PENDING_AG03,FALSE,NOT_FOR_ENFORCEMENT,9516.0940,164454.1300,9810.4062,9516.0940,294.3122,0.04181848,0.04056393,294.3122,9516.0940,0.04056393,294.3122,294.3122,294.3122,392.4162,490.5203,9516.0940,0.04056393,1765.8731,1644.6383,8044.5331,8165.7679,0.03429115,0.03480794,0.00125455,11.8178,14.9930,0.8676,208.7320,5.3202,4991.3829,240.5957,12.7170,9.8041,2.5818,2.84,3.3563,4.9054,16.007,177.8754,0.2582,0.0,5.636364,62.633151,4.16126,29,188,6,10,0.74390005,0.04181848,0.03860046,0E-8,0.000000,0.722694,0.000000,0.01256549,2026-05-12,2026-08-02,47,1844,580,83,0.566265,1.297104,1.076088,2.479667,,,,,,,,GLOBAL_BASELINE_NO_ENTITY_RANKING,,,NOT_APPLICABLE_GLOBAL_BASELINE,HF9g-P5,,,,X 全窗基线 · 不参与实体赏罚,15059217,1506,A168_HF9F_20260827_0900,2026-08-27 09:00:00
2026-07-11,17529000,2242,0,39.2430227454,11.2307334831,11.2307334831,0.3333333,4,3,0.50499573703702754,0.504416500000,-0.5946856942731245,-0.5926725951415955,-0.5946856942731245,0.00057923703702754,ELIGIBLE,R03b_20260811_FULL_v1,L1_ELIGIBILITY,v2026-08-11,2026-03-21..2026-08-06,baccarat_bet02_101_all_pairs_incl_sentinel,round_win = game_pnl > 0 (decisive only),COMPATIBILITY_ONLY_NOT_PRODUCTION,234594.9955,169540.3402,9810.4062,19851,11308,-0.04181848,-0.03860046,-0.05116595,-0.04181848,-9810.4062,234594.9955,OK,0.0000,294.3122,3.0000,97.0000,AG03-UNRESOLVED,ALL5_LEVELS_bet23_to_bet27,294.3122,294.3122,294.3122,392.4162,490.5203,3.000000,3.000000,3.000000,4.000000,5.000000,97.000000,97.000000,97.000000,96.000000,95.000000,5.0,1765.8731,1644.6383,8044.5331,8165.7679,PENDING_AG03,FALSE,NOT_FOR_ENFORCEMENT,9516.0940,164454.1300,9810.4062,9516.0940,294.3122,0.04181848,0.04056393,294.3122,9516.0940,0.04056393,294.3122,294.3122,294.3122,392.4162,490.5203,9516.0940,0.04056393,1765.8731,1644.6383,8044.5331,8165.7679,0.03429115,0.03480794,0.00125455,11.8178,14.9930,0.8676,208.7320,5.3202,4991.3829,240.5957,12.7170,9.8041,2.5818,2.84,3.3563,4.9054,16.007,177.8754,0.2582,0.0,5.636364,62.633151,4.16126,29,188,6,10,0.74390005,0.04181848,0.03860046,0E-8,0.000000,0.722694,0.000000,0.01256549,2026-05-12,2026-08-02,47,1844,580,83,0.566265,1.297104,1.076088,2.479667,,,,,,,,GLOBAL_BASELINE_NO_ENTITY_RANKING,,,NOT_APPLICABLE_GLOBAL_BASELINE,HF9g-P5,,,,X 全窗基线 · 不参与实体赏罚,15059218,1506,A168_HF9F_20260827_0900,2026-08-27 09:00:00
2026-07-11,17529000,2251,0,26.8504892468,0.7228977876,0.7228977876,0.4000000,9,5,0.50199671239725343,0.501288620000,-0.45614680200525004,-0.4529779837142727,-0.45614680200525004,0.00070809239725343,ELIGIBLE,R03b_20260811_FULL_v1,L1_ELIGIBILITY,v2026-08-11,2026-03-21..2026-08-06,baccarat_bet02_101_all_pairs_incl_sentinel,round_win = game_pnl > 0 (decisive only),COMPATIBILITY_ONLY_NOT_PRODUCTION,234594.9955,169540.3402,9810.4062,19851,11308,-0.04181848,-0.03860046,-0.05116595,-0.04181848,-9810.4062,234594.9955,OK,0.0000,294.3122,3.0000,97.0000,AG03-UNRESOLVED,ALL5_LEVELS_bet23_to_bet27,294.3122,294.3122,294.3122,392.4162,490.5203,3.000000,3.000000,3.000000,4.000000,5.000000,97.000000,97.000000,97.000000,96.000000,95.000000,5.0,1765.8731,1644.6383,8044.5331,8165.7679,PENDING_AG03,FALSE,NOT_FOR_ENFORCEMENT,9516.0940,164454.1300,9810.4062,9516.0940,294.3122,0.04181848,0.04056393,294.3122,9516.0940,0.04056393,294.3122,294.3122,294.3122,392.4162,490.5203,9516.0940,0.04056393,1765.8731,1644.6383,8044.5331,8165.7679,0.03429115,0.03480794,0.00125455,11.8178,14.9930,0.8676,208.7320,5.3202,4991.3829,240.5957,12.7170,9.8041,2.5818,2.84,3.3563,4.9054,16.007,177.8754,0.2582,0.0,5.636364,62.633151,4.16126,29,188,6,10,0.74390005,0.04181848,0.03860046,0E-8,0.000000,0.722694,0.000000,0.01256549,2026-05-12,2026-08-02,47,1844,580,83,0.566265,1.297104,1.076088,2.479667,,,,,,,,GLOBAL_BASELINE_NO_ENTITY_RANKING,,,NOT_APPLICABLE_GLOBAL_BASELINE,HF9g-P5,,,,X 全窗基线 · 不参与实体赏罚,15059219,1506,A168_HF9F_20260827_0900,2026-08-27 09:00:00
2026-07-11,17529000,2254,0,105.3365347377,0.7616244547,0.7616244547,0.3333333,31,17,0.49868446773144616,0.498765288235,-1.2808088128083495,-1.2814343196622628,-1.2808088128083495,-0.00008082050355384,ELIGIBLE,R03b_20260811_FULL_v1,L1_ELIGIBILITY,v2026-08-11,2026-03-21..2026-08-06,baccarat_bet02_101_all_pairs_incl_sentinel,round_win = game_pnl > 0 (decisive only),COMPATIBILITY_ONLY_NOT_PRODUCTION,234594.9955,169540.3402,9810.4062,19851,11308,-0.04181848,-0.03860046,-0.05116595,-0.04181848,-9810.4062,234594.9955,OK,0.0000,294.3122,3.0000,97.0000,AG03-UNRESOLVED,ALL5_LEVELS_bet23_to_bet27,294.3122,294.3122,294.3122,392.4162,490.5203,3.000000,3.000000,3.000000,4.000000,5.000000,97.000000,97.000000,97.000000,96.000000,95.000000,5.0,1765.8731,1644.6383,8044.5331,8165.7679,PENDING_AG03,FALSE,NOT_FOR_ENFORCEMENT,9516.0940,164454.1300,9810.4062,9516.0940,294.3122,0.04181848,0.04056393,294.3122,9516.0940,0.04056393,294.3122,294.3122,294.3122,392.4162,490.5203,9516.0940,0.04056393,1765.8731,1644.6383,8044.5331,8165.7679,0.03429115,0.03480794,0.00125455,11.8178,14.9930,0.8676,208.7320,5.3202,4991.3829,240.5957,12.7170,9.8041,2.5818,2.84,3.3563,4.9054,16.007,177.8754,0.2582,0.0,5.636364,62.633151,4.16126,29,188,6,10,0.74390005,0.04181848,0.03860046,0E-8,0.000000,0.722694,0.000000,0.01256549,2026-05-12,2026-08-02,47,1844,580,83,0.566265,1.297104,1.076088,2.479667,,,,,,,,GLOBAL_BASELINE_NO_ENTITY_RANKING,,,NOT_APPLICABLE_GLOBAL_BASELINE,HF9g-P5,,,,X 全窗基线 · 不参与实体赏罚,15059220,1506,A168_HF9F_20260827_0900,2026-08-27 09:00:00
2026-07-11,17529000,2258,0,184.0807580098,96.0679523922,96.0679523922,0.4615385,21,13,0.49905505661098277,0.499432515385,-0.2705364975638425,-0.2732580843572371,-0.2705364975638425,-0.00037745877401723,ELIGIBLE,R03b_20260811_FULL_v1,L1_ELIGIBILITY,v2026-08-11,2026-03-21..2026-08-06,baccarat_bet02_101_all_pairs_incl_sentinel,round_win = game_pnl > 0 (decisive only),COMPATIBILITY_ONLY_NOT_PRODUCTION,234594.9955,169540.3402,9810.4062,19851,11308,-0.04181848,-0.03860046,-0.05116595,-0.04181848,-9810.4062,234594.9955,OK,0.0000,294.3122,3.0000,97.0000,AG03-UNRESOLVED,ALL5_LEVELS_bet23_to_bet27,294.3122,294.3122,294.3122,392.4162,490.5203,3.000000,3.000000,3.000000,4.000000,5.000000,97.000000,97.000000,97.000000,96.000000,95.000000,5.0,1765.8731,1644.6383,8044.5331,8165.7679,PENDING_AG03,FALSE,NOT_FOR_ENFORCEMENT,9516.0940,164454.1300,9810.4062,9516.0940,294.3122,0.04181848,0.04056393,294.3122,9516.0940,0.04056393,294.3122,294.3122,294.3122,392.4162,490.5203,9516.0940,0.04056393,1765.8731,1644.6383,8044.5331,8165.7679,0.03429115,0.03480794,0.00125455,11.8178,14.9930,0.8676,208.7320,5.3202,4991.3829,240.5957,12.7170,9.8041,2.5818,2.84,3.3563,4.9054,16.007,177.8754,0.2582,0.0,5.636364,62.633151,4.16126,29,188,6,10,0.74390005,0.04181848,0.03860046,0E-8,0.000000,0.722694,0.000000,0.01256549,2026-05-12,2026-08-02,47,1844,580,83,0.566265,1.297104,1.076088,2.479667,,,,,,,,GLOBAL_BASELINE_NO_ENTITY_RANKING,,,NOT_APPLICABLE_GLOBAL_BASELINE,HF9g-P5,,,,X 全窗基线 · 不参与实体赏罚,15059221,1506,A168_HF9F_20260827_0900,2026-08-27 09:00:00
2026-07-11,17529000,2280,0,261.5340923760,17.8142669042,17.8142669042,0.3333333,8,7,0.50019634444444037,0.499948100000,-0.8174585313610649,-0.8162423282897021,-0.8174585313610649,0.00024824444444037,ELIGIBLE,R03b_20260811_FULL_v1,L1_ELIGIBILITY,v2026-08-11,2026-03-21..2026-08-06,baccarat_bet02_101_all_pairs_incl_sentinel,round_win = game_pnl > 0 (decisive only),COMPATIBILITY_ONLY_NOT_PRODUCTION,234594.9955,169540.3402,9810.4062,19851,11308,-0.04181848,-0.03860046,-0.05116595,-0.04181848,-9810.4062,234594.9955,OK,0.0000,294.3122,3.0000,97.0000,AG03-UNRESOLVED,ALL5_LEVELS_bet23_to_bet27,294.3122,294.3122,294.3122,392.4162,490.5203,3.000000,3.000000,3.000000,4.000000,5.000000,97.000000,97.000000,97.000000,96.000000,95.000000,5.0,1765.8731,1644.6383,8044.5331,8165.7679,PENDING_AG03,FALSE,NOT_FOR_ENFORCEMENT,9516.0940,164454.1300,9810.4062,9516.0940,294.3122,0.04181848,0.04056393,294.3122,9516.0940,0.04056393,294.3122,294.3122,294.3122,392.4162,490.5203,9516.0940,0.04056393,1765.8731,1644.6383,8044.5331,8165.7679,0.03429115,0.03480794,0.00125455,11.8178,14.9930,0.8676,208.7320,5.3202,4991.3829,240.5957,12.7170,9.8041,2.5818,2.84,3.3563,4.9054,16.007,177.8754,0.2582,0.0,5.636364,62.633151,4.16126,29,188,6,10,0.74390005,0.04181848,0.03860046,0E-8,0.000000,0.722694,0.000000,0.01256549,2026-05-12,2026-08-02,47,1844,580,83,0.566265,1.297104,1.076088,2.479667,,,,,,,,GLOBAL_BASELINE_NO_ENTITY_RANKING,,,NOT_APPLICABLE_GLOBAL_BASELINE,HF9g-P5,,,,X 全窗基线 · 不参与实体赏罚,15059222,1506,A168_HF9F_20260827_0900,2026-08-27 09:00:00
2026-07-11,17529000,2281,0,9542.5089716774,-8899.1041230989,-8899.1041230989,0.3448276,59,38,0.50164667806611150,0.501182789474,-1.6890024687836511,-1.6840017879058145,-1.6890024687836511,0.00046388859211150,ELIGIBLE,R03b_20260811_FULL_v1,L1_ELIGIBILITY,v2026-08-11,2026-03-21..2026-08-06,baccarat_bet02_101_all_pairs_incl_sentinel,round_win = game_pnl > 0 (decisive only),COMPATIBILITY_ONLY_NOT_PRODUCTION,234594.9955,169540.3402,9810.4062,19851,11308,-0.04181848,-0.03860046,-0.05116595,-0.04181848,-9810.4062,234594.9955,OK,0.0000,294.3122,3.0000,97.0000,AG03-UNRESOLVED,ALL5_LEVELS_bet23_to_bet27,294.3122,294.3122,294.3122,392.4162,490.5203,3.000000,3.000000,3.000000,4.000000,5.000000,97.000000,97.000000,97.000000,96.000000,95.000000,5.0,1765.8731,1644.6383,8044.5331,8165.7679,PENDING_AG03,FALSE,NOT_FOR_ENFORCEMENT,9516.0940,164454.1300,9810.4062,9516.0940,294.3122,0.04181848,0.04056393,294.3122,9516.0940,0.04056393,294.3122,294.3122,294.3122,392.4162,490.5203,9516.0940,0.04056393,1765.8731,1644.6383,8044.5331,8165.7679,0.03429115,0.03480794,0.00125455,11.8178,14.9930,0.8676,208.7320,5.3202,4991.3829,240.5957,12.7170,9.8041,2.5818,2.84,3.3563,4.9054,16.007,177.8754,0.2582,0.0,5.636364,62.633151,4.16126,29,188,6,10,0.74390005,0.04181848,0.03860046,0E-8,0.000000,0.722694,0.000000,0.01256549,2026-05-12,2026-08-02,47,1844,580,83,0.566265,1.297104,1.076088,2.479667,,,,,,,,GLOBAL_BASELINE_NO_ENTITY_RANKING,,,NOT_APPLICABLE_GLOBAL_BASELINE,HF9g-P5,,,,X 全窗基线 · 不参与实体赏罚,15059223,1506,A168_HF9F_20260827_0900,2026-08-27 09:00:00
2026-07-11,17529000,2287,0,2805.6179485193,834.5596777942,834.5596777942,0.2000000,8,5,0.50291059116883090,0.502629140000,-1.3546802985700055,-1.3534173688164992,-1.3546802985700055,0.00028145116883090,ELIGIBLE,R03b_20260811_FULL_v1,L1_ELIGIBILITY,v2026-08-11,2026-03-21..2026-08-06,baccarat_bet02_101_all_pairs_incl_sentinel,round_win = game_pnl > 0 (decisive only),COMPATIBILITY_ONLY_NOT_PRODUCTION,234594.9955,169540.3402,9810.4062,19851,11308,-0.04181848,-0.03860046,-0.05116595,-0.04181848,-9810.4062,234594.9955,OK,0.0000,294.3122,3.0000,97.0000,AG03-UNRESOLVED,ALL5_LEVELS_bet23_to_bet27,294.3122,294.3122,294.3122,392.4162,490.5203,3.000000,3.000000,3.000000,4.000000,5.000000,97.000000,97.000000,97.000000,96.000000,95.000000,5.0,1765.8731,1644.6383,8044.5331,8165.7679,PENDING_AG03,FALSE,NOT_FOR_ENFORCEMENT,9516.0940,164454.1300,9810.4062,9516.0940,294.3122,0.04181848,0.04056393,294.3122,9516.0940,0.04056393,294.3122,294.3122,294.3122,392.4162,490.5203,9516.0940,0.04056393,1765.8731,1644.6383,8044.5331,8165.7679,0.03429115,0.03480794,0.00125455,11.8178,14.9930,0.8676,208.7320,5.3202,4991.3829,240.5957,12.7170,9.8041,2.5818,2.84,3.3563,4.9054,16.007,177.8754,0.2582,0.0,5.636364,62.633151,4.16126,29,188,6,10,0.74390005,0.04181848,0.03860046,0E-8,0.000000,0.722694,0.000000,0.01256549,2026-05-12,2026-08-02,47,1844,580,83,0.566265,1.297104,1.076088,2.479667,,,,,,,,GLOBAL_BASELINE_NO_ENTITY_RANKING,,,NOT_APPLICABLE_GLOBAL_BASELINE,HF9g-P5,,,,X 全窗基线 · 不参与实体赏罚,15059224,1506,A168_HF9F_20260827_0900,2026-08-27 09:00:00
2026-07-11,17529000,471,0,5.9380889681,-0.9036222343,-0.9036222343,0E-7,2,1,0.49907384782604770,0.499948100000,-0.9981494079945431,-0.9998962053866608,-0.9981494079945431,-0.00087425217395230,ELIGIBLE,R03b_20260811_FULL_v1,L1_ELIGIBILITY,v2026-08-11,2026-03-21..2026-08-06,baccarat_bet02_101_all_pairs_incl_sentinel,round_win = game_pnl > 0 (decisive only),COMPATIBILITY_ONLY_NOT_PRODUCTION,234594.9955,169540.3402,9810.4062,19851,11308,-0.04181848,-0.03860046,-0.05116595,-0.04181848,-9810.4062,234594.9955,OK,0.0000,294.3122,3.0000,97.0000,AG03-UNRESOLVED,ALL5_LEVELS_bet23_to_bet27,294.3122,294.3122,294.3122,392.4162,490.5203,3.000000,3.000000,3.000000,4.000000,5.000000,97.000000,97.000000,97.000000,96.000000,95.000000,5.0,1765.8731,1644.6383,8044.5331,8165.7679,PENDING_AG03,FALSE,NOT_FOR_ENFORCEMENT,9516.0940,164454.1300,9810.4062,9516.0940,294.3122,0.04181848,0.04056393,294.3122,9516.0940,0.04056393,294.3122,294.3122,294.3122,392.4162,490.5203,9516.0940,0.04056393,1765.8731,1644.6383,8044.5331,8165.7679,0.03429115,0.03480794,0.00125455,11.8178,14.9930,0.8676,208.7320,5.3202,4991.3829,240.5957,12.7170,9.8041,2.5818,2.84,3.3563,4.9054,16.007,177.8754,0.2582,0.0,5.636364,62.633151,4.16126,29,188,6,10,0.74390005,0.04181848,0.03860046,0E-8,0.000000,0.722694,0.000000,0.01256549,2026-05-12,2026-08-02,47,1844,580,83,0.566265,1.297104,1.076088,2.479667,,,,,,,,GLOBAL_BASELINE_NO_ENTITY_RANKING,,,NOT_APPLICABLE_GLOBAL_BASELINE,HF9g-P5,,,,X 全窗基线 · 不参与实体赏罚,15059225,1506,A168_HF9F_20260827_0900,2026-08-27 09:00:00
2026-07-11,17529000,529,0,34.5958226835,2.1686933622,2.1686933622,0.6000000,10,6,0.50192632837786513,0.502182300000,0.43860204818947285,0.4374582199563857,0.43860204818947285,-0.00025597162213487,ELIGIBLE,R03b_20260811_FULL_v1,L1_ELIGIBILITY,v2026-08-11,2026-03-21..2026-08-06,baccarat_bet02_101_all_pairs_incl_sentinel,round_win = game_pnl > 0 (decisive only),COMPATIBILITY_ONLY_NOT_PRODUCTION,234594.9955,169540.3402,9810.4062,19851,11308,-0.04181848,-0.03860046,-0.05116595,-0.04181848,-9810.4062,234594.9955,OK,0.0000,294.3122,3.0000,97.0000,AG03-UNRESOLVED,ALL5_LEVELS_bet23_to_bet27,294.3122,294.3122,294.3122,392.4162,490.5203,3.000000,3.000000,3.000000,4.000000,5.000000,97.000000,97.000000,97.000000,96.000000,95.000000,5.0,1765.8731,1644.6383,8044.5331,8165.7679,PENDING_AG03,FALSE,NOT_FOR_ENFORCEMENT,9516.0940,164454.1300,9810.4062,9516.0940,294.3122,0.04181848,0.04056393,294.3122,9516.0940,0.04056393,294.3122,294.3122,294.3122,392.4162,490.5203,9516.0940,0.04056393,1765.8731,1644.6383,8044.5331,8165.7679,0.03429115,0.03480794,0.00125455,11.8178,14.9930,0.8676,208.7320,5.3202,4991.3829,240.5957,12.7170,9.8041,2.5818,2.84,3.3563,4.9054,16.007,177.8754,0.2582,0.0,5.636364,62.633151,4.16126,29,188,6,10,0.74390005,0.04181848,0.03860046,0E-8,0.000000,0.722694,0.000000,0.01256549,2026-05-12,2026-08-02,47,1844,580,83,0.566265,1.297104,1.076088,2.479667,,,,,,,,GLOBAL_BASELINE_NO_ENTITY_RANKING,,,NOT_APPLICABLE_GLOBAL_BASELINE,HF9g-P5,,,,X 全窗基线 · 不参与实体赏罚,15059226,1506,A168_HF9F_20260827_0900,2026-08-27 09:00:00
2026-07-11,17529000,986,0,19.6215113727,0.1419977797,0.1419977797,0.3333333,6,3,0.50039774150469201,0.499948100000,-0.5787282692861276,-0.5771704854251445,-0.5787282692861276,0.00044964150469201,ELIGIBLE,R03b_20260811_FULL_v1,L1_ELIGIBILITY,v2026-08-11,2026-03-21..2026-08-06,baccarat_bet02_101_all_pairs_incl_sentinel,round_win = game_pnl > 0 (decisive only),COMPATIBILITY_ONLY_NOT_PRODUCTION,234594.9955,169540.3402,9810.4062,19851,11308,-0.04181848,-0.03860046,-0.05116595,-0.04181848,-9810.4062,234594.9955,OK,0.0000,294.3122,3.0000,97.0000,AG03-UNRESOLVED,ALL5_LEVELS_bet23_to_bet27,294.3122,294.3122,294.3122,392.4162,490.5203,3.000000,3.000000,3.000000,4.000000,5.000000,97.000000,97.000000,97.000000,96.000000,95.000000,5.0,1765.8731,1644.6383,8044.5331,8165.7679,PENDING_AG03,FALSE,NOT_FOR_ENFORCEMENT,9516.0940,164454.1300,9810.4062,9516.0940,294.3122,0.04181848,0.04056393,294.3122,9516.0940,0.04056393,294.3122,294.3122,294.3122,392.4162,490.5203,9516.0940,0.04056393,1765.8731,1644.6383,8044.5331,8165.7679,0.03429115,0.03480794,0.00125455,11.8178,14.9930,0.8676,208.7320,5.3202,4991.3829,240.5957,12.7170,9.8041,2.5818,2.84,3.3563,4.9054,16.007,177.8754,0.2582,0.0,5.636364,62.633151,4.16126,29,188,6,10,0.74390005,0.04181848,0.03860046,0E-8,0.000000,0.722694,0.000000,0.01256549,2026-05-12,2026-08-02,47,1844,580,83,0.566265,1.297104,1.076088,2.479667,,,,,,,,GLOBAL_BASELINE_NO_ENTITY_RANKING,,,NOT_APPLICABLE_GLOBAL_BASELINE,HF9g-P5,,,,X 全窗基线 · 不参与实体赏罚,15059227,1506,A168_HF9F_20260827_0900,2026-08-27 09:00:00
2026-07-12,17529000,-1,1,216.3529806616,2.6334133692,2.6334133692,0.5151515,73,38,0.50098467101835206,0.500477252632,0.16276496288002976,0.16859451747178872,0.16276496288002976,0.00050741838635206,SENTINEL_DEALER,R03b_20260811_FULL_v1,L1_ELIGIBILITY,v2026-08-11,2026-03-21..2026-08-06,baccarat_bet02_101_all_pairs_incl_sentinel,round_win = game_pnl > 0 (decisive only),COMPATIBILITY_ONLY_NOT_PRODUCTION,234594.9955,169540.3402,9810.4062,19851,11308,-0.04181848,-0.03860046,-0.05116595,-0.04181848,-9810.4062,234594.9955,OK,0.0000,294.3122,3.0000,97.0000,AG03-UNRESOLVED,ALL5_LEVELS_bet23_to_bet27,294.3122,294.3122,294.3122,392.4162,490.5203,3.000000,3.000000,3.000000,4.000000,5.000000,97.000000,97.000000,97.000000,96.000000,95.000000,5.0,1765.8731,1644.6383,8044.5331,8165.7679,PENDING_AG03,FALSE,NOT_FOR_ENFORCEMENT,9516.0940,164454.1300,9810.4062,9516.0940,294.3122,0.04181848,0.04056393,294.3122,9516.0940,0.04056393,294.3122,294.3122,294.3122,392.4162,490.5203,9516.0940,0.04056393,1765.8731,1644.6383,8044.5331,8165.7679,0.03429115,0.03480794,0.00125455,11.8178,14.9930,0.8676,208.7320,5.3202,4991.3829,240.5957,12.7170,9.8041,2.5818,2.84,3.3563,4.9054,16.007,177.8754,0.2582,0.0,5.636364,62.633151,4.16126,29,188,6,10,0.74390005,0.04181848,0.03860046,0E-8,0.000000,0.722694,0.000000,0.01256549,2026-05-12,2026-08-02,47,1844,580,83,0.566265,1.297104,1.076088,2.479667,,,,,,,,GLOBAL_BASELINE_NO_ENTITY_RANKING,,,NOT_APPLICABLE_GLOBAL_BASELINE,HF9g-P5,,,,X 全窗基线 · 不参与实体赏罚,15059228,1506,A168_HF9F_20260827_0900,2026-08-27 09:00:00
2026-07-12,17529000,1157,0,45.1811117136,2.2719644747,2.2719644747,0.3333333,8,6,0.50478562869565872,0.504416500000,-0.839979753453695,-0.838165622096103,-0.839979753453695,0.00036912869565872,ELIGIBLE,R03b_20260811_FULL_v1,L1_ELIGIBILITY,v2026-08-11,2026-03-21..2026-08-06,baccarat_bet02_101_all_pairs_incl_sentinel,round_win = game_pnl > 0 (decisive only),COMPATIBILITY_ONLY_NOT_PRODUCTION,234594.9955,169540.3402,9810.4062,19851,11308,-0.04181848,-0.03860046,-0.05116595,-0.04181848,-9810.4062,234594.9955,OK,0.0000,294.3122,3.0000,97.0000,AG03-UNRESOLVED,ALL5_LEVELS_bet23_to_bet27,294.3122,294.3122,294.3122,392.4162,490.5203,3.000000,3.000000,3.000000,4.000000,5.000000,97.000000,97.000000,97.000000,96.000000,95.000000,5.0,1765.8731,1644.6383,8044.5331,8165.7679,PENDING_AG03,FALSE,NOT_FOR_ENFORCEMENT,9516.0940,164454.1300,9810.4062,9516.0940,294.3122,0.04181848,0.04056393,294.3122,9516.0940,0.04056393,294.3122,294.3122,294.3122,392.4162,490.5203,9516.0940,0.04056393,1765.8731,1644.6383,8044.5331,8165.7679,0.03429115,0.03480794,0.00125455,11.8178,14.9930,0.8676,208.7320,5.3202,4991.3829,240.5957,12.7170,9.8041,2.5818,2.84,3.3563,4.9054,16.007,177.8754,0.2582,0.0,5.636364,62.633151,4.16126,29,188,6,10,0.74390005,0.04181848,0.03860046,0E-8,0.000000,0.722694,0.000000,0.01256549,2026-05-12,2026-08-02,47,1844,580,83,0.566265,1.297104,1.076088,2.479667,,,,,,,,GLOBAL_BASELINE_NO_ENTITY_RANKING,,,NOT_APPLICABLE_GLOBAL_BASELINE,HF9g-P5,,,,X 全窗基线 · 不参与实体赏罚,15059229,1506,A168_HF9F_20260827_0900,2026-08-27 09:00:00
2026-07-12,17529000,1382,0,85.4568455838,3.4983089356,3.4983089356,0.3571429,24,15,0.50090309960174010,0.500841780000,-1.0758049010718673,-1.075345796327085,-1.0758049010718673,0.00006131960174010,ELIGIBLE,R03b_20260811_FULL_v1,L1_ELIGIBILITY,v2026-08-11,2026-03-21..2026-08-06,baccarat_bet02_101_all_pairs_incl_sentinel,round_win = game_pnl > 0 (decisive only),COMPATIBILITY_ONLY_NOT_PRODUCTION,234594.9955,169540.3402,9810.4062,19851,11308,-0.04181848,-0.03860046,-0.05116595,-0.04181848,-9810.4062,234594.9955,OK,0.0000,294.3122,3.0000,97.0000,AG03-UNRESOLVED,ALL5_LEVELS_bet23_to_bet27,294.3122,294.3122,294.3122,392.4162,490.5203,3.000000,3.000000,3.000000,4.000000,5.000000,97.000000,97.000000,97.000000,96.000000,95.000000,5.0,1765.8731,1644.6383,8044.5331,8165.7679,PENDING_AG03,FALSE,NOT_FOR_ENFORCEMENT,9516.0940,164454.1300,9810.4062,9516.0940,294.3122,0.04181848,0.04056393,294.3122,9516.0940,0.04056393,294.3122,294.3122,294.3122,392.4162,490.5203,9516.0940,0.04056393,1765.8731,1644.6383,8044.5331,8165.7679,0.03429115,0.03480794,0.00125455,11.8178,14.9930,0.8676,208.7320,5.3202,4991.3829,240.5957,12.7170,9.8041,2.5818,2.84,3.3563,4.9054,16.007,177.8754,0.2582,0.0,5.636364,62.633151,4.16126,29,188,6,10,0.74390005,0.04181848,0.03860046,0E-8,0.000000,0.722694,0.000000,0.01256549,2026-05-12,2026-08-02,47,1844,580,83,0.566265,1.297104,1.076088,2.479667,,,,,,,,GLOBAL_BASELINE_NO_ENTITY_RANKING,,,NOT_APPLICABLE_GLOBAL_BASELINE,HF9g-P5,,,,X 全窗基线 · 不参与实体赏罚,15059230,1506,A168_HF9F_20260827_0900,2026-08-27 09:00:00
2026-07-12,17529000,1383,0,64.0280897425,1.3941600188,1.3941600188,0.5000000,21,11,0.50140953430686616,0.500557427273,-0.007973561817201403,-0.0031532867976647267,-0.007973561817201403,0.00085210703386616,ELIGIBLE,R03b_20260811_FULL_v1,L1_ELIGIBILITY,v2026-08-11,2026-03-21..2026-08-06,baccarat_bet02_101_all_pairs_incl_sentinel,round_win = game_pnl > 0 (decisive only),COMPATIBILITY_ONLY_NOT_PRODUCTION,234594.9955,169540.3402,9810.4062,19851,11308,-0.04181848,-0.03860046,-0.05116595,-0.04181848,-9810.4062,234594.9955,OK,0.0000,294.3122,3.0000,97.0000,AG03-UNRESOLVED,ALL5_LEVELS_bet23_to_bet27,294.3122,294.3122,294.3122,392.4162,490.5203,3.000000,3.000000,3.000000,4.000000,5.000000,97.000000,97.000000,97.000000,96.000000,95.000000,5.0,1765.8731,1644.6383,8044.5331,8165.7679,PENDING_AG03,FALSE,NOT_FOR_ENFORCEMENT,9516.0940,164454.1300,9810.4062,9516.0940,294.3122,0.04181848,0.04056393,294.3122,9516.0940,0.04056393,294.3122,294.3122,294.3122,392.4162,490.5203,9516.0940,0.04056393,1765.8731,1644.6383,8044.5331,8165.7679,0.03429115,0.03480794,0.00125455,11.8178,14.9930,0.8676,208.7320,5.3202,4991.3829,240.5957,12.7170,9.8041,2.5818,2.84,3.3563,4.9054,16.007,177.8754,0.2582,0.0,5.636364,62.633151,4.16126,29,188,6,10,0.74390005,0.04181848,0.03860046,0E-8,0.000000,0.722694,0.000000,0.01256549,2026-05-12,2026-08-02,47,1844,580,83,0.566265,1.297104,1.076088,2.479667,,,,,,,,GLOBAL_BASELINE_NO_ENTITY_RANKING,,,NOT_APPLICABLE_GLOBAL_BASELINE,HF9g-P5,,,,X 全窗基线 · 不参与实体赏罚,15059231,1506,A168_HF9F_20260827_0900,2026-08-27 09:00:00
2026-07-12,17529000,1385,0,54.9918673997,-4.9699222883,-4.9699222883,0.2500000,19,10,0.50126981593887497,0.500618360000,-1.4214013098977725,-1.4177126189461924,-1.4214013098977725,0.00065145593887497,ELIGIBLE,R03b_20260811_FULL_v1,L1_ELIGIBILITY,v2026-08-11,2026-03-21..2026-08-06,baccarat_bet02_101_all_pairs_incl_sentinel,round_win = game_pnl > 0 (decisive only),COMPATIBILITY_ONLY_NOT_PRODUCTION,234594.9955,169540.3402,9810.4062,19851,11308,-0.04181848,-0.03860046,-0.05116595,-0.04181848,-9810.4062,234594.9955,OK,0.0000,294.3122,3.0000,97.0000,AG03-UNRESOLVED,ALL5_LEVELS_bet23_to_bet27,294.3122,294.3122,294.3122,392.4162,490.5203,3.000000,3.000000,3.000000,4.000000,5.000000,97.000000,97.000000,97.000000,96.000000,95.000000,5.0,1765.8731,1644.6383,8044.5331,8165.7679,PENDING_AG03,FALSE,NOT_FOR_ENFORCEMENT,9516.0940,164454.1300,9810.4062,9516.0940,294.3122,0.04181848,0.04056393,294.3122,9516.0940,0.04056393,294.3122,294.3122,294.3122,392.4162,490.5203,9516.0940,0.04056393,1765.8731,1644.6383,8044.5331,8165.7679,0.03429115,0.03480794,0.00125455,11.8178,14.9930,0.8676,208.7320,5.3202,4991.3829,240.5957,12.7170,9.8041,2.5818,2.84,3.3563,4.9054,16.007,177.8754,0.2582,0.0,5.636364,62.633151,4.16126,29,188,6,10,0.74390005,0.04181848,0.03860046,0E-8,0.000000,0.722694,0.000000,0.01256549,2026-05-12,2026-08-02,47,1844,580,83,0.566265,1.297104,1.076088,2.479667,,,,,,,,GLOBAL_BASELINE_NO_ENTITY_RANKING,,,NOT_APPLICABLE_GLOBAL_BASELINE,HF9g-P5,,,,X 全窗基线 · 不参与实体赏罚,15059232,1506,A168_HF9F_20260827_0900,2026-08-27 09:00:00
2026-07-12,17529000,1490,0,5.9380889681,0.6067177859,0.6067177859,1.0000000,2,1,0.50082235217395230,0.499948100000,0.9983566459565251,1.0001038053877793,0.9983566459565251,0.00087425217395230,ELIGIBLE,R03b_20260811_FULL_v1,L1_ELIGIBILITY,v2026-08-11,2026-03-21..2026-08-06,baccarat_bet02_101_all_pairs_incl_sentinel,round_win = game_pnl > 0 (decisive only),COMPATIBILITY_ONLY_NOT_PRODUCTION,234594.9955,169540.3402,9810.4062,19851,11308,-0.04181848,-0.03860046,-0.05116595,-0.04181848,-9810.4062,234594.9955,OK,0.0000,294.3122,3.0000,97.0000,AG03-UNRESOLVED,ALL5_LEVELS_bet23_to_bet27,294.3122,294.3122,294.3122,392.4162,490.5203,3.000000,3.000000,3.000000,4.000000,5.000000,97.000000,97.000000,97.000000,96.000000,95.000000,5.0,1765.8731,1644.6383,8044.5331,8165.7679,PENDING_AG03,FALSE,NOT_FOR_ENFORCEMENT,9516.0940,164454.1300,9810.4062,9516.0940,294.3122,0.04181848,0.04056393,294.3122,9516.0940,0.04056393,294.3122,294.3122,294.3122,392.4162,490.5203,9516.0940,0.04056393,1765.8731,1644.6383,8044.5331,8165.7679,0.03429115,0.03480794,0.00125455,11.8178,14.9930,0.8676,208.7320,5.3202,4991.3829,240.5957,12.7170,9.8041,2.5818,2.84,3.3563,4.9054,16.007,177.8754,0.2582,0.0,5.636364,62.633151,4.16126,29,188,6,10,0.74390005,0.04181848,0.03860046,0E-8,0.000000,0.722694,0.000000,0.01256549,2026-05-12,2026-08-02,47,1844,580,83,0.566265,1.297104,1.076088,2.479667,,,,,,,,GLOBAL_BASELINE_NO_ENTITY_RANKING,,,NOT_APPLICABLE_GLOBAL_BASELINE,HF9g-P5,,,,X 全窗基线 · 不参与实体赏罚,15059233,1506,A168_HF9F_20260827_0900,2026-08-27 09:00:00
2026-07-12,17529000,1509,0,25.3014225596,-0.2452688922,-0.2452688922,0.2500000,8,4,0.50111829917201159,0.499948100000,-1.004475709071846,-0.9997924053861017,-1.004475709071846,0.00117019917201159,ELIGIBLE,R03b_20260811_FULL_v1,L1_ELIGIBILITY,v2026-08-11,2026-03-21..2026-08-06,baccarat_bet02_101_all_pairs_incl_sentinel,round_win = game_pnl > 0 (decisive only),COMPATIBILITY_ONLY_NOT_PRODUCTION,234594.9955,169540.3402,9810.4062,19851,11308,-0.04181848,-0.03860046,-0.05116595,-0.04181848,-9810.4062,234594.9955,OK,0.0000,294.3122,3.0000,97.0000,AG03-UNRESOLVED,ALL5_LEVELS_bet23_to_bet27,294.3122,294.3122,294.3122,392.4162,490.5203,3.000000,3.000000,3.000000,4.000000,5.000000,97.000000,97.000000,97.000000,96.000000,95.000000,5.0,1765.8731,1644.6383,8044.5331,8165.7679,PENDING_AG03,FALSE,NOT_FOR_ENFORCEMENT,9516.0940,164454.1300,9810.4062,9516.0940,294.3122,0.04181848,0.04056393,294.3122,9516.0940,0.04056393,294.3122,294.3122,294.3122,392.4162,490.5203,9516.0940,0.04056393,1765.8731,1644.6383,8044.5331,8165.7679,0.03429115,0.03480794,0.00125455,11.8178,14.9930,0.8676,208.7320,5.3202,4991.3829,240.5957,12.7170,9.8041,2.5818,2.84,3.3563,4.9054,16.007,177.8754,0.2582,0.0,5.636364,62.633151,4.16126,29,188,6,10,0.74390005,0.04181848,0.03860046,0E-8,0.000000,0.722694,0.000000,0.01256549,2026-05-12,2026-08-02,47,1844,580,83,0.566265,1.297104,1.076088,2.479667,,,,,,,,GLOBAL_BASELINE_NO_ENTITY_RANKING,,,NOT_APPLICABLE_GLOBAL_BASELINE,HF9g-P5,,,,X 全窗基线 · 不参与实体赏罚,15059234,1506,A168_HF9F_20260827_0900,2026-08-27 09:00:00
2026-07-12,17529000,2083,0,30.2068004027,0.9036222343,0.9036222343,0.5000000,10,5,0.50084653907785211,0.499948100000,-0.003386161164650503,0.00020760000111838688,-0.003386161164650503,0.00089843907785211,ELIGIBLE,R03b_20260811_FULL_v1,L1_ELIGIBILITY,v2026-08-11,2026-03-21..2026-08-06,baccarat_bet02_101_all_pairs_incl_sentinel,round_win = game_pnl > 0 (decisive only),COMPATIBILITY_ONLY_NOT_PRODUCTION,234594.9955,169540.3402,9810.4062,19851,11308,-0.04181848,-0.03860046,-0.05116595,-0.04181848,-9810.4062,234594.9955,OK,0.0000,294.3122,3.0000,97.0000,AG03-UNRESOLVED,ALL5_LEVELS_bet23_to_bet27,294.3122,294.3122,294.3122,392.4162,490.5203,3.000000,3.000000,3.000000,4.000000,5.000000,97.000000,97.000000,97.000000,96.000000,95.000000,5.0,1765.8731,1644.6383,8044.5331,8165.7679,PENDING_AG03,FALSE,NOT_FOR_ENFORCEMENT,9516.0940,164454.1300,9810.4062,9516.0940,294.3122,0.04181848,0.04056393,294.3122,9516.0940,0.04056393,294.3122,294.3122,294.3122,392.4162,490.5203,9516.0940,0.04056393,1765.8731,1644.6383,8044.5331,8165.7679,0.03429115,0.03480794,0.00125455,11.8178,14.9930,0.8676,208.7320,5.3202,4991.3829,240.5957,12.7170,9.8041,2.5818,2.84,3.3563,4.9054,16.007,177.8754,0.2582,0.0,5.636364,62.633151,4.16126,29,188,6,10,0.74390005,0.04181848,0.03860046,0E-8,0.000000,0.722694,0.000000,0.01256549,2026-05-12,2026-08-02,47,1844,580,83,0.566265,1.297104,1.076088,2.479667,,,,,,,,GLOBAL_BASELINE_NO_ENTITY_RANKING,,,NOT_APPLICABLE_GLOBAL_BASELINE,HF9g-P5,,,,X 全窗基线 · 不参与实体赏罚,15059235,1506,A168_HF9F_20260827_0900,2026-08-27 09:00:00
2026-07-12,17529000,2101,0,43.8902228072,1.1876177938,1.1876177938,1.0000000,16,8,0.50033981038958200,0.499948100000,2.4478255839619285,2.4497440130157893,2.4478255839619285,0.00039171038958200,ELIGIBLE,R03b_20260811_FULL_v1,L1_ELIGIBILITY,v2026-08-11,2026-03-21..2026-08-06,baccarat_bet02_101_all_pairs_incl_sentinel,round_win = game_pnl > 0 (decisive only),COMPATIBILITY_ONLY_NOT_PRODUCTION,234594.9955,169540.3402,9810.4062,19851,11308,-0.04181848,-0.03860046,-0.05116595,-0.04181848,-9810.4062,234594.9955,OK,0.0000,294.3122,3.0000,97.0000,AG03-UNRESOLVED,ALL5_LEVELS_bet23_to_bet27,294.3122,294.3122,294.3122,392.4162,490.5203,3.000000,3.000000,3.000000,4.000000,5.000000,97.000000,97.000000,97.000000,96.000000,95.000000,5.0,1765.8731,1644.6383,8044.5331,8165.7679,PENDING_AG03,FALSE,NOT_FOR_ENFORCEMENT,9516.0940,164454.1300,9810.4062,9516.0940,294.3122,0.04181848,0.04056393,294.3122,9516.0940,0.04056393,294.3122,294.3122,294.3122,392.4162,490.5203,9516.0940,0.04056393,1765.8731,1644.6383,8044.5331,8165.7679,0.03429115,0.03480794,0.00125455,11.8178,14.9930,0.8676,208.7320,5.3202,4991.3829,240.5957,12.7170,9.8041,2.5818,2.84,3.3563,4.9054,16.007,177.8754,0.2582,0.0,5.636364,62.633151,4.16126,29,188,6,10,0.74390005,0.04181848,0.03860046,0E-8,0.000000,0.722694,0.000000,0.01256549,2026-05-12,2026-08-02,47,1844,580,83,0.566265,1.297104,1.076088,2.479667,,,,,,,,GLOBAL_BASELINE_NO_ENTITY_RANKING,,,NOT_APPLICABLE_GLOBAL_BASELINE,HF9g-P5,,,,X 全窗基线 · 不参与实体赏罚,15059236,1506,A168_HF9F_20260827_0900,2026-08-27 09:00:00
2026-07-12,17529000,2103,0,43.8902228072,0.4905377843,0.4905377843,0.6000000,16,8,0.49994810000000000,0.499948100000,0.44744570176651083,0.44744570176651083,0.44744570176651083,0E-17,ELIGIBLE,R03b_20260811_FULL_v1,L1_ELIGIBILITY,v2026-08-11,2026-03-21..2026-08-06,baccarat_bet02_101_all_pairs_incl_sentinel,round_win = game_pnl > 0 (decisive only),COMPATIBILITY_ONLY_NOT_PRODUCTION,234594.9955,169540.3402,9810.4062,19851,11308,-0.04181848,-0.03860046,-0.05116595,-0.04181848,-9810.4062,234594.9955,OK,0.0000,294.3122,3.0000,97.0000,AG03-UNRESOLVED,ALL5_LEVELS_bet23_to_bet27,294.3122,294.3122,294.3122,392.4162,490.5203,3.000000,3.000000,3.000000,4.000000,5.000000,97.000000,97.000000,97.000000,96.000000,95.000000,5.0,1765.8731,1644.6383,8044.5331,8165.7679,PENDING_AG03,FALSE,NOT_FOR_ENFORCEMENT,9516.0940,164454.1300,9810.4062,9516.0940,294.3122,0.04181848,0.04056393,294.3122,9516.0940,0.04056393,294.3122,294.3122,294.3122,392.4162,490.5203,9516.0940,0.04056393,1765.8731,1644.6383,8044.5331,8165.7679,0.03429115,0.03480794,0.00125455,11.8178,14.9930,0.8676,208.7320,5.3202,4991.3829,240.5957,12.7170,9.8041,2.5818,2.84,3.3563,4.9054,16.007,177.8754,0.2582,0.0,5.636364,62.633151,4.16126,29,188,6,10,0.74390005,0.04181848,0.03860046,0E-8,0.000000,0.722694,0.000000,0.01256549,2026-05-12,2026-08-02,47,1844,580,83,0.566265,1.297104,1.076088,2.479667,,,,,,,,GLOBAL_BASELINE_NO_ENTITY_RANKING,,,NOT_APPLICABLE_GLOBAL_BASELINE,HF9g-P5,,,,X 全窗基线 · 不参与实体赏罚,15059237,1506,A168_HF9F_20260827_0900,2026-08-27 09:00:00
2026-07-12,17529000,2115,0,10.8434668112,0E-10,0E-10,0.5000000,4,2,0.49994810000000000,0.499948100000,0.00014679536856514622,0.00014679536856514622,0.00014679536856514622,0E-17,ELIGIBLE,R03b_20260811_FULL_v1,L1_ELIGIBILITY,v2026-08-11,2026-03-21..2026-08-06,baccarat_bet02_101_all_pairs_incl_sentinel,round_win = game_pnl > 0 (decisive only),COMPATIBILITY_ONLY_NOT_PRODUCTION,234594.9955,169540.3402,9810.4062,19851,11308,-0.04181848,-0.03860046,-0.05116595,-0.04181848,-9810.4062,234594.9955,OK,0.0000,294.3122,3.0000,97.0000,AG03-UNRESOLVED,ALL5_LEVELS_bet23_to_bet27,294.3122,294.3122,294.3122,392.4162,490.5203,3.000000,3.000000,3.000000,4.000000,5.000000,97.000000,97.000000,97.000000,96.000000,95.000000,5.0,1765.8731,1644.6383,8044.5331,8165.7679,PENDING_AG03,FALSE,NOT_FOR_ENFORCEMENT,9516.0940,164454.1300,9810.4062,9516.0940,294.3122,0.04181848,0.04056393,294.3122,9516.0940,0.04056393,294.3122,294.3122,294.3122,392.4162,490.5203,9516.0940,0.04056393,1765.8731,1644.6383,8044.5331,8165.7679,0.03429115,0.03480794,0.00125455,11.8178,14.9930,0.8676,208.7320,5.3202,4991.3829,240.5957,12.7170,9.8041,2.5818,2.84,3.3563,4.9054,16.007,177.8754,0.2582,0.0,5.636364,62.633151,4.16126,29,188,6,10,0.74390005,0.04181848,0.03860046,0E-8,0.000000,0.722694,0.000000,0.01256549,2026-05-12,2026-08-02,47,1844,580,83,0.566265,1.297104,1.076088,2.479667,,,,,,,,GLOBAL_BASELINE_NO_ENTITY_RANKING,,,NOT_APPLICABLE_GLOBAL_BASELINE,HF9g-P5,,,,X 全窗基线 · 不参与实体赏罚,15059238,1506,A168_HF9F_20260827_0900,2026-08-27 09:00:00
2026-07-12,17529000,2117,0,22.4614669661,0.2194511141,0.2194511141,0.6666667,8,4,0.50047858057593311,0.499948100000,0.5756926811561979,0.5775300591747329,0.5756926811561979,0.00053048057593311,ELIGIBLE,R03b_20260811_FULL_v1,L1_ELIGIBILITY,v2026-08-11,2026-03-21..2026-08-06,baccarat_bet02_101_all_pairs_incl_sentinel,round_win = game_pnl > 0 (decisive only),COMPATIBILITY_ONLY_NOT_PRODUCTION,234594.9955,169540.3402,9810.4062,19851,11308,-0.04181848,-0.03860046,-0.05116595,-0.04181848,-9810.4062,234594.9955,OK,0.0000,294.3122,3.0000,97.0000,AG03-UNRESOLVED,ALL5_LEVELS_bet23_to_bet27,294.3122,294.3122,294.3122,392.4162,490.5203,3.000000,3.000000,3.000000,4.000000,5.000000,97.000000,97.000000,97.000000,96.000000,95.000000,5.0,1765.8731,1644.6383,8044.5331,8165.7679,PENDING_AG03,FALSE,NOT_FOR_ENFORCEMENT,9516.0940,164454.1300,9810.4062,9516.0940,294.3122,0.04181848,0.04056393,294.3122,9516.0940,0.04056393,294.3122,294.3122,294.3122,392.4162,490.5203,9516.0940,0.04056393,1765.8731,1644.6383,8044.5331,8165.7679,0.03429115,0.03480794,0.00125455,11.8178,14.9930,0.8676,208.7320,5.3202,4991.3829,240.5957,12.7170,9.8041,2.5818,2.84,3.3563,4.9054,16.007,177.8754,0.2582,0.0,5.636364,62.633151,4.16126,29,188,6,10,0.74390005,0.04181848,0.03860046,0E-8,0.000000,0.722694,0.000000,0.01256549,2026-05-12,2026-08-02,47,1844,580,83,0.566265,1.297104,1.076088,2.479667,,,,,,,,GLOBAL_BASELINE_NO_ENTITY_RANKING,,,NOT_APPLICABLE_GLOBAL_BASELINE,HF9g-P5,,,,X 全窗基线 · 不参与实体赏罚,15059239,1506,A168_HF9F_20260827_0900,2026-08-27 09:00:00
2026-07-12,17529000,2142,0,29.6904448402,0.5292644516,0.5292644516,0.2000000,9,5,0.50214799713129027,0.501288620000,-1.351259390888396,-1.347408145195933,-1.351259390888396,0.00085937713129027,ELIGIBLE,R03b_20260811_FULL_v1,L1_ELIGIBILITY,v2026-08-11,2026-03-21..2026-08-06,baccarat_bet02_101_all_pairs_incl_sentinel,round_win = game_pnl > 0 (decisive only),COMPATIBILITY_ONLY_NOT_PRODUCTION,234594.9955,169540.3402,9810.4062,19851,11308,-0.04181848,-0.03860046,-0.05116595,-0.04181848,-9810.4062,234594.9955,OK,0.0000,294.3122,3.0000,97.0000,AG03-UNRESOLVED,ALL5_LEVELS_bet23_to_bet27,294.3122,294.3122,294.3122,392.4162,490.5203,3.000000,3.000000,3.000000,4.000000,5.000000,97.000000,97.000000,97.000000,96.000000,95.000000,5.0,1765.8731,1644.6383,8044.5331,8165.7679,PENDING_AG03,FALSE,NOT_FOR_ENFORCEMENT,9516.0940,164454.1300,9810.4062,9516.0940,294.3122,0.04181848,0.04056393,294.3122,9516.0940,0.04056393,294.3122,294.3122,294.3122,392.4162,490.5203,9516.0940,0.04056393,1765.8731,1644.6383,8044.5331,8165.7679,0.03429115,0.03480794,0.00125455,11.8178,14.9930,0.8676,208.7320,5.3202,4991.3829,240.5957,12.7170,9.8041,2.5818,2.84,3.3563,4.9054,16.007,177.8754,0.2582,0.0,5.636364,62.633151,4.16126,29,188,6,10,0.74390005,0.04181848,0.03860046,0E-8,0.000000,0.722694,0.000000,0.01256549,2026-05-12,2026-08-02,47,1844,580,83,0.566265,1.297104,1.076088,2.479667,,,,,,,,GLOBAL_BASELINE_NO_ENTITY_RANKING,,,NOT_APPLICABLE_GLOBAL_BASELINE,HF9g-P5,,,,X 全窗基线 · 不参与实体赏罚,15059240,1506,A168_HF9F_20260827_0900,2026-08-27 09:00:00
2026-07-12,17529000,2145,0,109.4673792373,5.7831822993,5.7831822993,0.4000000,33,18,0.50181344775449038,0.501065200000,-0.7886487622524755,-0.7828494494861434,-0.7886487622524755,0.00074824775449038,ELIGIBLE,R03b_20260811_FULL_v1,L1_ELIGIBILITY,v2026-08-11,2026-03-21..2026-08-06,baccarat_bet02_101_all_pairs_incl_sentinel,round_win = game_pnl > 0 (decisive only),COMPATIBILITY_ONLY_NOT_PRODUCTION,234594.9955,169540.3402,9810.4062,19851,11308,-0.04181848,-0.03860046,-0.05116595,-0.04181848,-9810.4062,234594.9955,OK,0.0000,294.3122,3.0000,97.0000,AG03-UNRESOLVED,ALL5_LEVELS_bet23_to_bet27,294.3122,294.3122,294.3122,392.4162,490.5203,3.000000,3.000000,3.000000,4.000000,5.000000,97.000000,97.000000,97.000000,96.000000,95.000000,5.0,1765.8731,1644.6383,8044.5331,8165.7679,PENDING_AG03,FALSE,NOT_FOR_ENFORCEMENT,9516.0940,164454.1300,9810.4062,9516.0940,294.3122,0.04181848,0.04056393,294.3122,9516.0940,0.04056393,294.3122,294.3122,294.3122,392.4162,490.5203,9516.0940,0.04056393,1765.8731,1644.6383,8044.5331,8165.7679,0.03429115,0.03480794,0.00125455,11.8178,14.9930,0.8676,208.7320,5.3202,4991.3829,240.5957,12.7170,9.8041,2.5818,2.84,3.3563,4.9054,16.007,177.8754,0.2582,0.0,5.636364,62.633151,4.16126,29,188,6,10,0.74390005,0.04181848,0.03860046,0E-8,0.000000,0.722694,0.000000,0.01256549,2026-05-12,2026-08-02,47,1844,580,83,0.566265,1.297104,1.076088,2.479667,,,,,,,,GLOBAL_BASELINE_NO_ENTITY_RANKING,,,NOT_APPLICABLE_GLOBAL_BASELINE,HF9g-P5,,,,X 全窗基线 · 不参与实体赏罚,15059241,1506,A168_HF9F_20260827_0900,2026-08-27 09:00:00
2026-07-12,17529000,2147,0,8.2616889990,2.5817778122,2.5817778122,1.0000000,3,2,0.49629213636365782,0.496596800000,1.0074434288273104,1.0068297220111357,1.0074434288273104,-0.00030466363634218,ELIGIBLE,R03b_20260811_FULL_v1,L1_ELIGIBILITY,v2026-08-11,2026-03-21..2026-08-06,baccarat_bet02_101_all_pairs_incl_sentinel,round_win = game_pnl > 0 (decisive only),COMPATIBILITY_ONLY_NOT_PRODUCTION,234594.9955,169540.3402,9810.4062,19851,11308,-0.04181848,-0.03860046,-0.05116595,-0.04181848,-9810.4062,234594.9955,OK,0.0000,294.3122,3.0000,97.0000,AG03-UNRESOLVED,ALL5_LEVELS_bet23_to_bet27,294.3122,294.3122,294.3122,392.4162,490.5203,3.000000,3.000000,3.000000,4.000000,5.000000,97.000000,97.000000,97.000000,96.000000,95.000000,5.0,1765.8731,1644.6383,8044.5331,8165.7679,PENDING_AG03,FALSE,NOT_FOR_ENFORCEMENT,9516.0940,164454.1300,9810.4062,9516.0940,294.3122,0.04181848,0.04056393,294.3122,9516.0940,0.04056393,294.3122,294.3122,294.3122,392.4162,490.5203,9516.0940,0.04056393,1765.8731,1644.6383,8044.5331,8165.7679,0.03429115,0.03480794,0.00125455,11.8178,14.9930,0.8676,208.7320,5.3202,4991.3829,240.5957,12.7170,9.8041,2.5818,2.84,3.3563,4.9054,16.007,177.8754,0.2582,0.0,5.636364,62.633151,4.16126,29,188,6,10,0.74390005,0.04181848,0.03860046,0E-8,0.000000,0.722694,0.000000,0.01256549,2026-05-12,2026-08-02,47,1844,580,83,0.566265,1.297104,1.076088,2.479667,,,,,,,,GLOBAL_BASELINE_NO_ENTITY_RANKING,,,NOT_APPLICABLE_GLOBAL_BASELINE,HF9g-P5,,,,X 全窗基线 · 不参与实体赏罚,15059242,1506,A168_HF9F_20260827_0900,2026-08-27 09:00:00
2026-07-12,17529000,2152,0,34.0794671210,0.2969044486,0.2969044486,0.6000000,12,6,0.50054901695839485,0.499948100000,0.4447585851384246,0.44744570176651083,0.4447585851384246,0.00060091695839485,ELIGIBLE,R03b_20260811_FULL_v1,L1_ELIGIBILITY,v2026-08-11,2026-03-21..2026-08-06,baccarat_bet02_101_all_pairs_incl_sentinel,round_win = game_pnl > 0 (decisive only),COMPATIBILITY_ONLY_NOT_PRODUCTION,234594.9955,169540.3402,9810.4062,19851,11308,-0.04181848,-0.03860046,-0.05116595,-0.04181848,-9810.4062,234594.9955,OK,0.0000,294.3122,3.0000,97.0000,AG03-UNRESOLVED,ALL5_LEVELS_bet23_to_bet27,294.3122,294.3122,294.3122,392.4162,490.5203,3.000000,3.000000,3.000000,4.000000,5.000000,97.000000,97.000000,97.000000,96.000000,95.000000,5.0,1765.8731,1644.6383,8044.5331,8165.7679,PENDING_AG03,FALSE,NOT_FOR_ENFORCEMENT,9516.0940,164454.1300,9810.4062,9516.0940,294.3122,0.04181848,0.04056393,294.3122,9516.0940,0.04056393,294.3122,294.3122,294.3122,392.4162,490.5203,9516.0940,0.04056393,1765.8731,1644.6383,8044.5331,8165.7679,0.03429115,0.03480794,0.00125455,11.8178,14.9930,0.8676,208.7320,5.3202,4991.3829,240.5957,12.7170,9.8041,2.5818,2.84,3.3563,4.9054,16.007,177.8754,0.2582,0.0,5.636364,62.633151,4.16126,29,188,6,10,0.74390005,0.04181848,0.03860046,0E-8,0.000000,0.722694,0.000000,0.01256549,2026-05-12,2026-08-02,47,1844,580,83,0.566265,1.297104,1.076088,2.479667,,,,,,,,GLOBAL_BASELINE_NO_ENTITY_RANKING,,,NOT_APPLICABLE_GLOBAL_BASELINE,HF9g-P5,,,,X 全窗基线 · 不参与实体赏罚,15059243,1506,A168_HF9F_20260827_0900,2026-08-27 09:00:00
2026-07-12,17529000,2155,0,5.4217334056,0.2581777812,0.2581777812,1.0000000,2,1,0.49962892857145212,0.499948100000,1.000742418449597,1.0001038053877793,1.000742418449597,-0.00031917142854788,ELIGIBLE,R03b_20260811_FULL_v1,L1_ELIGIBILITY,v2026-08-11,2026-03-21..2026-08-06,baccarat_bet02_101_all_pairs_incl_sentinel,round_win = game_pnl > 0 (decisive only),COMPATIBILITY_ONLY_NOT_PRODUCTION,234594.9955,169540.3402,9810.4062,19851,11308,-0.04181848,-0.03860046,-0.05116595,-0.04181848,-9810.4062,234594.9955,OK,0.0000,294.3122,3.0000,97.0000,AG03-UNRESOLVED,ALL5_LEVELS_bet23_to_bet27,294.3122,294.3122,294.3122,392.4162,490.5203,3.000000,3.000000,3.000000,4.000000,5.000000,97.000000,97.000000,97.000000,96.000000,95.000000,5.0,1765.8731,1644.6383,8044.5331,8165.7679,PENDING_AG03,FALSE,NOT_FOR_ENFORCEMENT,9516.0940,164454.1300,9810.4062,9516.0940,294.3122,0.04181848,0.04056393,294.3122,9516.0940,0.04056393,294.3122,294.3122,294.3122,392.4162,490.5203,9516.0940,0.04056393,1765.8731,1644.6383,8044.5331,8165.7679,0.03429115,0.03480794,0.00125455,11.8178,14.9930,0.8676,208.7320,5.3202,4991.3829,240.5957,12.7170,9.8041,2.5818,2.84,3.3563,4.9054,16.007,177.8754,0.2582,0.0,5.636364,62.633151,4.16126,29,188,6,10,0.74390005,0.04181848,0.03860046,0E-8,0.000000,0.722694,0.000000,0.01256549,2026-05-12,2026-08-02,47,1844,580,83,0.566265,1.297104,1.076088,2.479667,,,,,,,,GLOBAL_BASELINE_NO_ENTITY_RANKING,,,NOT_APPLICABLE_GLOBAL_BASELINE,HF9g-P5,,,,X 全窗基线 · 不参与实体赏罚,15059244,1506,A168_HF9F_20260827_0900,2026-08-27 09:00:00
2026-07-12,17529000,2156,0,33.8212893398,0.8390777891,0.8390777891,1.0000000,12,6,0.50029754856014398,0.499948100000,1.73102037563341,1.7322306037746105,1.73102037563341,0.00034944856014398,ELIGIBLE,R03b_20260811_FULL_v1,L1_ELIGIBILITY,v2026-08-11,2026-03-21..2026-08-06,baccarat_bet02_101_all_pairs_incl_sentinel,round_win = game_pnl > 0 (decisive only),COMPATIBILITY_ONLY_NOT_PRODUCTION,234594.9955,169540.3402,9810.4062,19851,11308,-0.04181848,-0.03860046,-0.05116595,-0.04181848,-9810.4062,234594.9955,OK,0.0000,294.3122,3.0000,97.0000,AG03-UNRESOLVED,ALL5_LEVELS_bet23_to_bet27,294.3122,294.3122,294.3122,392.4162,490.5203,3.000000,3.000000,3.000000,4.000000,5.000000,97.000000,97.000000,97.000000,96.000000,95.000000,5.0,1765.8731,1644.6383,8044.5331,8165.7679,PENDING_AG03,FALSE,NOT_FOR_ENFORCEMENT,9516.0940,164454.1300,9810.4062,9516.0940,294.3122,0.04181848,0.04056393,294.3122,9516.0940,0.04056393,294.3122,294.3122,294.3122,392.4162,490.5203,9516.0940,0.04056393,1765.8731,1644.6383,8044.5331,8165.7679,0.03429115,0.03480794,0.00125455,11.8178,14.9930,0.8676,208.7320,5.3202,4991.3829,240.5957,12.7170,9.8041,2.5818,2.84,3.3563,4.9054,16.007,177.8754,0.2582,0.0,5.636364,62.633151,4.16126,29,188,6,10,0.74390005,0.04181848,0.03860046,0E-8,0.000000,0.722694,0.000000,0.01256549,2026-05-12,2026-08-02,47,1844,580,83,0.566265,1.297104,1.076088,2.479667,,,,,,,,GLOBAL_BASELINE_NO_ENTITY_RANKING,,,NOT_APPLICABLE_GLOBAL_BASELINE,HF9g-P5,,,,X 全窗基线 · 不参与实体赏罚,15059245,1506,A168_HF9F_20260827_0900,2026-08-27 09:00:00
2026-07-12,17529000,2160,0,5.4217334056,0.1161800016,0.1161800016,1.0000000,2,1,0.50026727142854788,0.499948100000,0.9994655999345988,1.0001038053877793,0.9994655999345988,0.00031917142854788,ELIGIBLE,R03b_20260811_FULL_v1,L1_ELIGIBILITY,v2026-08-11,2026-03-21..2026-08-06,baccarat_bet02_101_all_pairs_incl_sentinel,round_win = game_pnl > 0 (decisive only),COMPATIBILITY_ONLY_NOT_PRODUCTION,234594.9955,169540.3402,9810.4062,19851,11308,-0.04181848,-0.03860046,-0.05116595,-0.04181848,-9810.4062,234594.9955,OK,0.0000,294.3122,3.0000,97.0000,AG03-UNRESOLVED,ALL5_LEVELS_bet23_to_bet27,294.3122,294.3122,294.3122,392.4162,490.5203,3.000000,3.000000,3.000000,4.000000,5.000000,97.000000,97.000000,97.000000,96.000000,95.000000,5.0,1765.8731,1644.6383,8044.5331,8165.7679,PENDING_AG03,FALSE,NOT_FOR_ENFORCEMENT,9516.0940,164454.1300,9810.4062,9516.0940,294.3122,0.04181848,0.04056393,294.3122,9516.0940,0.04056393,294.3122,294.3122,294.3122,392.4162,490.5203,9516.0940,0.04056393,1765.8731,1644.6383,8044.5331,8165.7679,0.03429115,0.03480794,0.00125455,11.8178,14.9930,0.8676,208.7320,5.3202,4991.3829,240.5957,12.7170,9.8041,2.5818,2.84,3.3563,4.9054,16.007,177.8754,0.2582,0.0,5.636364,62.633151,4.16126,29,188,6,10,0.74390005,0.04181848,0.03860046,0E-8,0.000000,0.722694,0.000000,0.01256549,2026-05-12,2026-08-02,47,1844,580,83,0.566265,1.297104,1.076088,2.479667,,,,,,,,GLOBAL_BASELINE_NO_ENTITY_RANKING,,,NOT_APPLICABLE_GLOBAL_BASELINE,HF9g-P5,,,,X 全窗基线 · 不参与实体赏罚,15059246,1506,A168_HF9F_20260827_0900,2026-08-27 09:00:00
2026-07-12,17529000,2169,0,11.6180001549,0.7745333437,0.7745333437,1.0000000,4,2,0.49981563754936603,0.499948100000,1.0003687929053668,1.0001038053877793,1.0003687929053668,-0.00013246245063397,ELIGIBLE,R03b_20260811_FULL_v1,L1_ELIGIBILITY,v2026-08-11,2026-03-21..2026-08-06,baccarat_bet02_101_all_pairs_incl_sentinel,round_win = game_pnl > 0 (decisive only),COMPATIBILITY_ONLY_NOT_PRODUCTION,234594.9955,169540.3402,9810.4062,19851,11308,-0.04181848,-0.03860046,-0.05116595,-0.04181848,-9810.4062,234594.9955,OK,0.0000,294.3122,3.0000,97.0000,AG03-UNRESOLVED,ALL5_LEVELS_bet23_to_bet27,294.3122,294.3122,294.3122,392.4162,490.5203,3.000000,3.000000,3.000000,4.000000,5.000000,97.000000,97.000000,97.000000,96.000000,95.000000,5.0,1765.8731,1644.6383,8044.5331,8165.7679,PENDING_AG03,FALSE,NOT_FOR_ENFORCEMENT,9516.0940,164454.1300,9810.4062,9516.0940,294.3122,0.04181848,0.04056393,294.3122,9516.0940,0.04056393,294.3122,294.3122,294.3122,392.4162,490.5203,9516.0940,0.04056393,1765.8731,1644.6383,8044.5331,8165.7679,0.03429115,0.03480794,0.00125455,11.8178,14.9930,0.8676,208.7320,5.3202,4991.3829,240.5957,12.7170,9.8041,2.5818,2.84,3.3563,4.9054,16.007,177.8754,0.2582,0.0,5.636364,62.633151,4.16126,29,188,6,10,0.74390005,0.04181848,0.03860046,0E-8,0.000000,0.722694,0.000000,0.01256549,2026-05-12,2026-08-02,47,1844,580,83,0.566265,1.297104,1.076088,2.479667,,,,,,,,GLOBAL_BASELINE_NO_ENTITY_RANKING,,,NOT_APPLICABLE_GLOBAL_BASELINE,HF9g-P5,,,,X 全窗基线 · 不参与实体赏罚,15059247,1506,A168_HF9F_20260827_0900,2026-08-27 09:00:00
2026-07-12,17529000,2171,0,91.3949345518,1.3296155735,1.3296155735,0.6666667,32,16,0.50057415065710722,0.499948100000,1.1507234646118925,1.1550601183494658,1.1507234646118925,0.00062605065710722,ELIGIBLE,R03b_20260811_FULL_v1,L1_ELIGIBILITY,v2026-08-11,2026-03-21..2026-08-06,baccarat_bet02_101_all_pairs_incl_sentinel,round_win = game_pnl > 0 (decisive only),COMPATIBILITY_ONLY_NOT_PRODUCTION,234594.9955,169540.3402,9810.4062,19851,11308,-0.04181848,-0.03860046,-0.05116595,-0.04181848,-9810.4062,234594.9955,OK,0.0000,294.3122,3.0000,97.0000,AG03-UNRESOLVED,ALL5_LEVELS_bet23_to_bet27,294.3122,294.3122,294.3122,392.4162,490.5203,3.000000,3.000000,3.000000,4.000000,5.000000,97.000000,97.000000,97.000000,96.000000,95.000000,5.0,1765.8731,1644.6383,8044.5331,8165.7679,PENDING_AG03,FALSE,NOT_FOR_ENFORCEMENT,9516.0940,164454.1300,9810.4062,9516.0940,294.3122,0.04181848,0.04056393,294.3122,9516.0940,0.04056393,294.3122,294.3122,294.3122,392.4162,490.5203,9516.0940,0.04056393,1765.8731,1644.6383,8044.5331,8165.7679,0.03429115,0.03480794,0.00125455,11.8178,14.9930,0.8676,208.7320,5.3202,4991.3829,240.5957,12.7170,9.8041,2.5818,2.84,3.3563,4.9054,16.007,177.8754,0.2582,0.0,5.636364,62.633151,4.16126,29,188,6,10,0.74390005,0.04181848,0.03860046,0E-8,0.000000,0.722694,0.000000,0.01256549,2026-05-12,2026-08-02,47,1844,580,83,0.566265,1.297104,1.076088,2.479667,,,,,,,,GLOBAL_BASELINE_NO_ENTITY_RANKING,,,NOT_APPLICABLE_GLOBAL_BASELINE,HF9g-P5,,,,X 全窗基线 · 不参与实体赏罚,15059248,1506,A168_HF9F_20260827_0900,2026-08-27 09:00:00
2026-07-12,17529000,2174,0,51.8937340250,4.0533911653,4.0533911653,0.5000000,17,9,0.50122364876435837,0.500692833333,-0.0069220234414948175,-0.003919260946604642,-0.0069220234414948175,0.00053081543135837,ELIGIBLE,R03b_20260811_FULL_v1,L1_ELIGIBILITY,v2026-08-11,2026-03-21..2026-08-06,baccarat_bet02_101_all_pairs_incl_sentinel,round_win = game_pnl > 0 (decisive only),COMPATIBILITY_ONLY_NOT_PRODUCTION,234594.9955,169540.3402,9810.4062,19851,11308,-0.04181848,-0.03860046,-0.05116595,-0.04181848,-9810.4062,234594.9955,OK,0.0000,294.3122,3.0000,97.0000,AG03-UNRESOLVED,ALL5_LEVELS_bet23_to_bet27,294.3122,294.3122,294.3122,392.4162,490.5203,3.000000,3.000000,3.000000,4.000000,5.000000,97.000000,97.000000,97.000000,96.000000,95.000000,5.0,1765.8731,1644.6383,8044.5331,8165.7679,PENDING_AG03,FALSE,NOT_FOR_ENFORCEMENT,9516.0940,164454.1300,9810.4062,9516.0940,294.3122,0.04181848,0.04056393,294.3122,9516.0940,0.04056393,294.3122,294.3122,294.3122,392.4162,490.5203,9516.0940,0.04056393,1765.8731,1644.6383,8044.5331,8165.7679,0.03429115,0.03480794,0.00125455,11.8178,14.9930,0.8676,208.7320,5.3202,4991.3829,240.5957,12.7170,9.8041,2.5818,2.84,3.3563,4.9054,16.007,177.8754,0.2582,0.0,5.636364,62.633151,4.16126,29,188,6,10,0.74390005,0.04181848,0.03860046,0E-8,0.000000,0.722694,0.000000,0.01256549,2026-05-12,2026-08-02,47,1844,580,83,0.566265,1.297104,1.076088,2.479667,,,,,,,,GLOBAL_BASELINE_NO_ENTITY_RANKING,,,NOT_APPLICABLE_GLOBAL_BASELINE,HF9g-P5,,,,X 全窗基线 · 不参与实体赏罚,15059249,1506,A168_HF9F_20260827_0900,2026-08-27 09:00:00
2026-07-12,17529000,2209,0,17.5560891229,0.6970800094,0.6970800094,0.6666667,6,3,0.50070443956707741,0.499948100000,0.5749105895294611,0.5775300591747329,0.5749105895294611,0.00075633956707741,ELIGIBLE,R03b_20260811_FULL_v1,L1_ELIGIBILITY,v2026-08-11,2026-03-21..2026-08-06,baccarat_bet02_101_all_pairs_incl_sentinel,round_win = game_pnl > 0 (decisive only),COMPATIBILITY_ONLY_NOT_PRODUCTION,234594.9955,169540.3402,9810.4062,19851,11308,-0.04181848,-0.03860046,-0.05116595,-0.04181848,-9810.4062,234594.9955,OK,0.0000,294.3122,3.0000,97.0000,AG03-UNRESOLVED,ALL5_LEVELS_bet23_to_bet27,294.3122,294.3122,294.3122,392.4162,490.5203,3.000000,3.000000,3.000000,4.000000,5.000000,97.000000,97.000000,97.000000,96.000000,95.000000,5.0,1765.8731,1644.6383,8044.5331,8165.7679,PENDING_AG03,FALSE,NOT_FOR_ENFORCEMENT,9516.0940,164454.1300,9810.4062,9516.0940,294.3122,0.04181848,0.04056393,294.3122,9516.0940,0.04056393,294.3122,294.3122,294.3122,392.4162,490.5203,9516.0940,0.04056393,1765.8731,1644.6383,8044.5331,8165.7679,0.03429115,0.03480794,0.00125455,11.8178,14.9930,0.8676,208.7320,5.3202,4991.3829,240.5957,12.7170,9.8041,2.5818,2.84,3.3563,4.9054,16.007,177.8754,0.2582,0.0,5.636364,62.633151,4.16126,29,188,6,10,0.74390005,0.04181848,0.03860046,0E-8,0.000000,0.722694,0.000000,0.01256549,2026-05-12,2026-08-02,47,1844,580,83,0.566265,1.297104,1.076088,2.479667,,,,,,,,GLOBAL_BASELINE_NO_ENTITY_RANKING,,,NOT_APPLICABLE_GLOBAL_BASELINE,HF9g-P5,,,,X 全窗基线 · 不参与实体赏罚,15059250,1506,A168_HF9F_20260827_0900,2026-08-27 09:00:00
2026-07-12,17529000,2212,0,5.4217334056,-0.3872666718,-0.3872666718,0E-7,2,1,0.49962892857145212,0.499948100000,-0.9992581323266508,-0.9998962053866608,-0.9992581323266508,-0.00031917142854788,ELIGIBLE,R03b_20260811_FULL_v1,L1_ELIGIBILITY,v2026-08-11,2026-03-21..2026-08-06,baccarat_bet02_101_all_pairs_incl_sentinel,round_win = game_pnl > 0 (decisive only),COMPATIBILITY_ONLY_NOT_PRODUCTION,234594.9955,169540.3402,9810.4062,19851,11308,-0.04181848,-0.03860046,-0.05116595,-0.04181848,-9810.4062,234594.9955,OK,0.0000,294.3122,3.0000,97.0000,AG03-UNRESOLVED,ALL5_LEVELS_bet23_to_bet27,294.3122,294.3122,294.3122,392.4162,490.5203,3.000000,3.000000,3.000000,4.000000,5.000000,97.000000,97.000000,97.000000,96.000000,95.000000,5.0,1765.8731,1644.6383,8044.5331,8165.7679,PENDING_AG03,FALSE,NOT_FOR_ENFORCEMENT,9516.0940,164454.1300,9810.4062,9516.0940,294.3122,0.04181848,0.04056393,294.3122,9516.0940,0.04056393,294.3122,294.3122,294.3122,392.4162,490.5203,9516.0940,0.04056393,1765.8731,1644.6383,8044.5331,8165.7679,0.03429115,0.03480794,0.00125455,11.8178,14.9930,0.8676,208.7320,5.3202,4991.3829,240.5957,12.7170,9.8041,2.5818,2.84,3.3563,4.9054,16.007,177.8754,0.2582,0.0,5.636364,62.633151,4.16126,29,188,6,10,0.74390005,0.04181848,0.03860046,0E-8,0.000000,0.722694,0.000000,0.01256549,2026-05-12,2026-08-02,47,1844,580,83,0.566265,1.297104,1.076088,2.479667,,,,,,,,GLOBAL_BASELINE_NO_ENTITY_RANKING,,,NOT_APPLICABLE_GLOBAL_BASELINE,HF9g-P5,,,,X 全窗基线 · 不参与实体赏罚,15059251,1506,A168_HF9F_20260827_0900,2026-08-27 09:00:00
2026-07-12,17529000,2216,0,36.4030671519,2.9948622623,2.9948622623,0.5000000,11,6,0.50122183042326875,0.501065200000,-0.005985740050319653,-0.005218404790175564,-0.005985740050319653,0.00015663042326875,ELIGIBLE,R03b_20260811_FULL_v1,L1_ELIGIBILITY,v2026-08-11,2026-03-21..2026-08-06,baccarat_bet02_101_all_pairs_incl_sentinel,round_win = game_pnl > 0 (decisive only),COMPATIBILITY_ONLY_NOT_PRODUCTION,234594.9955,169540.3402,9810.4062,19851,11308,-0.04181848,-0.03860046,-0.05116595,-0.04181848,-9810.4062,234594.9955,OK,0.0000,294.3122,3.0000,97.0000,AG03-UNRESOLVED,ALL5_LEVELS_bet23_to_bet27,294.3122,294.3122,294.3122,392.4162,490.5203,3.000000,3.000000,3.000000,4.000000,5.000000,97.000000,97.000000,97.000000,96.000000,95.000000,5.0,1765.8731,1644.6383,8044.5331,8165.7679,PENDING_AG03,FALSE,NOT_FOR_ENFORCEMENT,9516.0940,164454.1300,9810.4062,9516.0940,294.3122,0.04181848,0.04056393,294.3122,9516.0940,0.04056393,294.3122,294.3122,294.3122,392.4162,490.5203,9516.0940,0.04056393,1765.8731,1644.6383,8044.5331,8165.7679,0.03429115,0.03480794,0.00125455,11.8178,14.9930,0.8676,208.7320,5.3202,4991.3829,240.5957,12.7170,9.8041,2.5818,2.84,3.3563,4.9054,16.007,177.8754,0.2582,0.0,5.636364,62.633151,4.16126,29,188,6,10,0.74390005,0.04181848,0.03860046,0E-8,0.000000,0.722694,0.000000,0.01256549,2026-05-12,2026-08-02,47,1844,580,83,0.566265,1.297104,1.076088,2.479667,,,,,,,,GLOBAL_BASELINE_NO_ENTITY_RANKING,,,NOT_APPLICABLE_GLOBAL_BASELINE,HF9g-P5,,,,X 全窗基线 · 不参与实体赏罚,15059252,1506,A168_HF9F_20260827_0900,2026-08-27 09:00:00
2026-07-12,17529000,2222,0,5.6799111868,0.3614488937,0.3614488937,1.0000000,2,1,0.50055742727268436,0.499948100000,0.9988857662127119,1.0001038053877793,0.9988857662127119,0.00060932727268436,ELIGIBLE,R03b_20260811_FULL_v1,L1_ELIGIBILITY,v2026-08-11,2026-03-21..2026-08-06,baccarat_bet02_101_all_pairs_incl_sentinel,round_win = game_pnl > 0 (decisive only),COMPATIBILITY_ONLY_NOT_PRODUCTION,234594.9955,169540.3402,9810.4062,19851,11308,-0.04181848,-0.03860046,-0.05116595,-0.04181848,-9810.4062,234594.9955,OK,0.0000,294.3122,3.0000,97.0000,AG03-UNRESOLVED,ALL5_LEVELS_bet23_to_bet27,294.3122,294.3122,294.3122,392.4162,490.5203,3.000000,3.000000,3.000000,4.000000,5.000000,97.000000,97.000000,97.000000,96.000000,95.000000,5.0,1765.8731,1644.6383,8044.5331,8165.7679,PENDING_AG03,FALSE,NOT_FOR_ENFORCEMENT,9516.0940,164454.1300,9810.4062,9516.0940,294.3122,0.04181848,0.04056393,294.3122,9516.0940,0.04056393,294.3122,294.3122,294.3122,392.4162,490.5203,9516.0940,0.04056393,1765.8731,1644.6383,8044.5331,8165.7679,0.03429115,0.03480794,0.00125455,11.8178,14.9930,0.8676,208.7320,5.3202,4991.3829,240.5957,12.7170,9.8041,2.5818,2.84,3.3563,4.9054,16.007,177.8754,0.2582,0.0,5.636364,62.633151,4.16126,29,188,6,10,0.74390005,0.04181848,0.03860046,0E-8,0.000000,0.722694,0.000000,0.01256549,2026-05-12,2026-08-02,47,1844,580,83,0.566265,1.297104,1.076088,2.479667,,,,,,,,GLOBAL_BASELINE_NO_ENTITY_RANKING,,,NOT_APPLICABLE_GLOBAL_BASELINE,HF9g-P5,,,,X 全窗基线 · 不参与实体赏罚,15059253,1506,A168_HF9F_20260827_0900,2026-08-27 09:00:00
2026-07-12,17529000,2224,0,5.4217334056,0.2581777812,0.2581777812,1.0000000,2,1,0.49962892857145212,0.499948100000,1.000742418449597,1.0001038053877793,1.000742418449597,-0.00031917142854788,ELIGIBLE,R03b_20260811_FULL_v1,L1_ELIGIBILITY,v2026-08-11,2026-03-21..2026-08-06,baccarat_bet02_101_all_pairs_incl_sentinel,round_win = game_pnl > 0 (decisive only),COMPATIBILITY_ONLY_NOT_PRODUCTION,234594.9955,169540.3402,9810.4062,19851,11308,-0.04181848,-0.03860046,-0.05116595,-0.04181848,-9810.4062,234594.9955,OK,0.0000,294.3122,3.0000,97.0000,AG03-UNRESOLVED,ALL5_LEVELS_bet23_to_bet27,294.3122,294.3122,294.3122,392.4162,490.5203,3.000000,3.000000,3.000000,4.000000,5.000000,97.000000,97.000000,97.000000,96.000000,95.000000,5.0,1765.8731,1644.6383,8044.5331,8165.7679,PENDING_AG03,FALSE,NOT_FOR_ENFORCEMENT,9516.0940,164454.1300,9810.4062,9516.0940,294.3122,0.04181848,0.04056393,294.3122,9516.0940,0.04056393,294.3122,294.3122,294.3122,392.4162,490.5203,9516.0940,0.04056393,1765.8731,1644.6383,8044.5331,8165.7679,0.03429115,0.03480794,0.00125455,11.8178,14.9930,0.8676,208.7320,5.3202,4991.3829,240.5957,12.7170,9.8041,2.5818,2.84,3.3563,4.9054,16.007,177.8754,0.2582,0.0,5.636364,62.633151,4.16126,29,188,6,10,0.74390005,0.04181848,0.03860046,0E-8,0.000000,0.722694,0.000000,0.01256549,2026-05-12,2026-08-02,47,1844,580,83,0.566265,1.297104,1.076088,2.479667,,,,,,,,GLOBAL_BASELINE_NO_ENTITY_RANKING,,,NOT_APPLICABLE_GLOBAL_BASELINE,HF9g-P5,,,,X 全窗基线 · 不参与实体赏罚,15059254,1506,A168_HF9F_20260827_0900,2026-08-27 09:00:00
2026-07-12,17529000,2234,0,63.7699119612,3.3434022670,3.3434022670,0.6666667,21,11,0.50110658586490266,0.500557427273,0.9933629176234727,0.9966560557344265,0.9933629176234727,0.00054915859190266,ELIGIBLE,R03b_20260811_FULL_v1,L1_ELIGIBILITY,v2026-08-11,2026-03-21..2026-08-06,baccarat_bet02_101_all_pairs_incl_sentinel,round_win = game_pnl > 0 (decisive only),COMPATIBILITY_ONLY_NOT_PRODUCTION,234594.9955,169540.3402,9810.4062,19851,11308,-0.04181848,-0.03860046,-0.05116595,-0.04181848,-9810.4062,234594.9955,OK,0.0000,294.3122,3.0000,97.0000,AG03-UNRESOLVED,ALL5_LEVELS_bet23_to_bet27,294.3122,294.3122,294.3122,392.4162,490.5203,3.000000,3.000000,3.000000,4.000000,5.000000,97.000000,97.000000,97.000000,96.000000,95.000000,5.0,1765.8731,1644.6383,8044.5331,8165.7679,PENDING_AG03,FALSE,NOT_FOR_ENFORCEMENT,9516.0940,164454.1300,9810.4062,9516.0940,294.3122,0.04181848,0.04056393,294.3122,9516.0940,0.04056393,294.3122,294.3122,294.3122,392.4162,490.5203,9516.0940,0.04056393,1765.8731,1644.6383,8044.5331,8165.7679,0.03429115,0.03480794,0.00125455,11.8178,14.9930,0.8676,208.7320,5.3202,4991.3829,240.5957,12.7170,9.8041,2.5818,2.84,3.3563,4.9054,16.007,177.8754,0.2582,0.0,5.636364,62.633151,4.16126,29,188,6,10,0.74390005,0.04181848,0.03860046,0E-8,0.000000,0.722694,0.000000,0.01256549,2026-05-12,2026-08-02,47,1844,580,83,0.566265,1.297104,1.076088,2.479667,,,,,,,,GLOBAL_BASELINE_NO_ENTITY_RANKING,,,NOT_APPLICABLE_GLOBAL_BASELINE,HF9g-P5,,,,X 全窗基线 · 不参与实体赏罚,15059255,1506,A168_HF9F_20260827_0900,2026-08-27 09:00:00
2026-07-12,17529000,2242,0,28.3995559341,0.5550822298,0.5550822298,0.6000000,10,5,0.50052957231166560,0.499948100000,0.44484552563529384,0.44744570176651083,0.44484552563529384,0.00058147231166560,ELIGIBLE,R03b_20260811_FULL_v1,L1_ELIGIBILITY,v2026-08-11,2026-03-21..2026-08-06,baccarat_bet02_101_all_pairs_incl_sentinel,round_win = game_pnl > 0 (decisive only),COMPATIBILITY_ONLY_NOT_PRODUCTION,234594.9955,169540.3402,9810.4062,19851,11308,-0.04181848,-0.03860046,-0.05116595,-0.04181848,-9810.4062,234594.9955,OK,0.0000,294.3122,3.0000,97.0000,AG03-UNRESOLVED,ALL5_LEVELS_bet23_to_bet27,294.3122,294.3122,294.3122,392.4162,490.5203,3.000000,3.000000,3.000000,4.000000,5.000000,97.000000,97.000000,97.000000,96.000000,95.000000,5.0,1765.8731,1644.6383,8044.5331,8165.7679,PENDING_AG03,FALSE,NOT_FOR_ENFORCEMENT,9516.0940,164454.1300,9810.4062,9516.0940,294.3122,0.04181848,0.04056393,294.3122,9516.0940,0.04056393,294.3122,294.3122,294.3122,392.4162,490.5203,9516.0940,0.04056393,1765.8731,1644.6383,8044.5331,8165.7679,0.03429115,0.03480794,0.00125455,11.8178,14.9930,0.8676,208.7320,5.3202,4991.3829,240.5957,12.7170,9.8041,2.5818,2.84,3.3563,4.9054,16.007,177.8754,0.2582,0.0,5.636364,62.633151,4.16126,29,188,6,10,0.74390005,0.04181848,0.03860046,0E-8,0.000000,0.722694,0.000000,0.01256549,2026-05-12,2026-08-02,47,1844,580,83,0.566265,1.297104,1.076088,2.479667,,,,,,,,GLOBAL_BASELINE_NO_ENTITY_RANKING,,,NOT_APPLICABLE_GLOBAL_BASELINE,HF9g-P5,,,,X 全窗基线 · 不参与实体赏罚,15059256,1506,A168_HF9F_20260827_0900,2026-08-27 09:00:00
2026-07-12,17529000,2250,0,22.2032891848,-0.1549066687,-0.1549066687,0.3333333,8,4,0.50010768571427394,0.499948100000,-0.577723316845175,-0.5771704854251445,-0.577723316845175,0.00015958571427394,ELIGIBLE,R03b_20260811_FULL_v1,L1_ELIGIBILITY,v2026-08-11,2026-03-21..2026-08-06,baccarat_bet02_101_all_pairs_incl_sentinel,round_win = game_pnl > 0 (decisive only),COMPATIBILITY_ONLY_NOT_PRODUCTION,234594.9955,169540.3402,9810.4062,19851,11308,-0.04181848,-0.03860046,-0.05116595,-0.04181848,-9810.4062,234594.9955,OK,0.0000,294.3122,3.0000,97.0000,AG03-UNRESOLVED,ALL5_LEVELS_bet23_to_bet27,294.3122,294.3122,294.3122,392.4162,490.5203,3.000000,3.000000,3.000000,4.000000,5.000000,97.000000,97.000000,97.000000,96.000000,95.000000,5.0,1765.8731,1644.6383,8044.5331,8165.7679,PENDING_AG03,FALSE,NOT_FOR_ENFORCEMENT,9516.0940,164454.1300,9810.4062,9516.0940,294.3122,0.04181848,0.04056393,294.3122,9516.0940,0.04056393,294.3122,294.3122,294.3122,392.4162,490.5203,9516.0940,0.04056393,1765.8731,1644.6383,8044.5331,8165.7679,0.03429115,0.03480794,0.00125455,11.8178,14.9930,0.8676,208.7320,5.3202,4991.3829,240.5957,12.7170,9.8041,2.5818,2.84,3.3563,4.9054,16.007,177.8754,0.2582,0.0,5.636364,62.633151,4.16126,29,188,6,10,0.74390005,0.04181848,0.03860046,0E-8,0.000000,0.722694,0.000000,0.01256549,2026-05-12,2026-08-02,47,1844,580,83,0.566265,1.297104,1.076088,2.479667,,,,,,,,GLOBAL_BASELINE_NO_ENTITY_RANKING,,,NOT_APPLICABLE_GLOBAL_BASELINE,HF9g-P5,,,,X 全窗基线 · 不参与实体赏罚,15059257,1506,A168_HF9F_20260827_0900,2026-08-27 09:00:00
2026-07-12,17529000,2252,0,40.0175560890,-0.0387266671,-0.0387266671,0.4285714,14,7,0.50019237157213781,0.499948100000,-0.3789824357374895,-0.377689846057837,-0.3789824357374895,0.00024427157213781,ELIGIBLE,R03b_20260811_FULL_v1,L1_ELIGIBILITY,v2026-08-11,2026-03-21..2026-08-06,baccarat_bet02_101_all_pairs_incl_sentinel,round_win = game_pnl > 0 (decisive only),COMPATIBILITY_ONLY_NOT_PRODUCTION,234594.9955,169540.3402,9810.4062,19851,11308,-0.04181848,-0.03860046,-0.05116595,-0.04181848,-9810.4062,234594.9955,OK,0.0000,294.3122,3.0000,97.0000,AG03-UNRESOLVED,ALL5_LEVELS_bet23_to_bet27,294.3122,294.3122,294.3122,392.4162,490.5203,3.000000,3.000000,3.000000,4.000000,5.000000,97.000000,97.000000,97.000000,96.000000,95.000000,5.0,1765.8731,1644.6383,8044.5331,8165.7679,PENDING_AG03,FALSE,NOT_FOR_ENFORCEMENT,9516.0940,164454.1300,9810.4062,9516.0940,294.3122,0.04181848,0.04056393,294.3122,9516.0940,0.04056393,294.3122,294.3122,294.3122,392.4162,490.5203,9516.0940,0.04056393,1765.8731,1644.6383,8044.5331,8165.7679,0.03429115,0.03480794,0.00125455,11.8178,14.9930,0.8676,208.7320,5.3202,4991.3829,240.5957,12.7170,9.8041,2.5818,2.84,3.3563,4.9054,16.007,177.8754,0.2582,0.0,5.636364,62.633151,4.16126,29,188,6,10,0.74390005,0.04181848,0.03860046,0E-8,0.000000,0.722694,0.000000,0.01256549,2026-05-12,2026-08-02,47,1844,580,83,0.566265,1.297104,1.076088,2.479667,,,,,,,,GLOBAL_BASELINE_NO_ENTITY_RANKING,,,NOT_APPLICABLE_GLOBAL_BASELINE,HF9g-P5,,,,X 全窗基线 · 不参与实体赏罚,15059258,1506,A168_HF9F_20260827_0900,2026-08-27 09:00:00
2026-07-12,17529000,2258,0,20.1378669351,0.7616244547,0.7616244547,0.2500000,7,4,0.50197556396103863,0.501623750000,-1.007910123324885,-1.0065003074190721,-1.007910123324885,0.00035181396103863,ELIGIBLE,R03b_20260811_FULL_v1,L1_ELIGIBILITY,v2026-08-11,2026-03-21..2026-08-06,baccarat_bet02_101_all_pairs_incl_sentinel,round_win = game_pnl > 0 (decisive only),COMPATIBILITY_ONLY_NOT_PRODUCTION,234594.9955,169540.3402,9810.4062,19851,11308,-0.04181848,-0.03860046,-0.05116595,-0.04181848,-9810.4062,234594.9955,OK,0.0000,294.3122,3.0000,97.0000,AG03-UNRESOLVED,ALL5_LEVELS_bet23_to_bet27,294.3122,294.3122,294.3122,392.4162,490.5203,3.000000,3.000000,3.000000,4.000000,5.000000,97.000000,97.000000,97.000000,96.000000,95.000000,5.0,1765.8731,1644.6383,8044.5331,8165.7679,PENDING_AG03,FALSE,NOT_FOR_ENFORCEMENT,9516.0940,164454.1300,9810.4062,9516.0940,294.3122,0.04181848,0.04056393,294.3122,9516.0940,0.04056393,294.3122,294.3122,294.3122,392.4162,490.5203,9516.0940,0.04056393,1765.8731,1644.6383,8044.5331,8165.7679,0.03429115,0.03480794,0.00125455,11.8178,14.9930,0.8676,208.7320,5.3202,4991.3829,240.5957,12.7170,9.8041,2.5818,2.84,3.3563,4.9054,16.007,177.8754,0.2582,0.0,5.636364,62.633151,4.16126,29,188,6,10,0.74390005,0.04181848,0.03860046,0E-8,0.000000,0.722694,0.000000,0.01256549,2026-05-12,2026-08-02,47,1844,580,83,0.566265,1.297104,1.076088,2.479667,,,,,,,,GLOBAL_BASELINE_NO_ENTITY_RANKING,,,NOT_APPLICABLE_GLOBAL_BASELINE,HF9g-P5,,,,X 全窗基线 · 不参与实体赏罚,15059259,1506,A168_HF9F_20260827_0900,2026-08-27 09:00:00
2026-07-12,17529000,2262,0,17.8142669041,1.3296155733,1.3296155733,0.5000000,6,3,0.50074011798939279,0.499948100000,-0.0020933720901047154,0.00014679536856514622,-0.0020933720901047154,0.00079201798939279,ELIGIBLE,R03b_20260811_FULL_v1,L1_ELIGIBILITY,v2026-08-11,2026-03-21..2026-08-06,baccarat_bet02_101_all_pairs_incl_sentinel,round_win = game_pnl > 0 (decisive only),COMPATIBILITY_ONLY_NOT_PRODUCTION,234594.9955,169540.3402,9810.4062,19851,11308,-0.04181848,-0.03860046,-0.05116595,-0.04181848,-9810.4062,234594.9955,OK,0.0000,294.3122,3.0000,97.0000,AG03-UNRESOLVED,ALL5_LEVELS_bet23_to_bet27,294.3122,294.3122,294.3122,392.4162,490.5203,3.000000,3.000000,3.000000,4.000000,5.000000,97.000000,97.000000,97.000000,96.000000,95.000000,5.0,1765.8731,1644.6383,8044.5331,8165.7679,PENDING_AG03,FALSE,NOT_FOR_ENFORCEMENT,9516.0940,164454.1300,9810.4062,9516.0940,294.3122,0.04181848,0.04056393,294.3122,9516.0940,0.04056393,294.3122,294.3122,294.3122,392.4162,490.5203,9516.0940,0.04056393,1765.8731,1644.6383,8044.5331,8165.7679,0.03429115,0.03480794,0.00125455,11.8178,14.9930,0.8676,208.7320,5.3202,4991.3829,240.5957,12.7170,9.8041,2.5818,2.84,3.3563,4.9054,16.007,177.8754,0.2582,0.0,5.636364,62.633151,4.16126,29,188,6,10,0.74390005,0.04181848,0.03860046,0E-8,0.000000,0.722694,0.000000,0.01256549,2026-05-12,2026-08-02,47,1844,580,83,0.566265,1.297104,1.076088,2.479667,,,,,,,,GLOBAL_BASELINE_NO_ENTITY_RANKING,,,NOT_APPLICABLE_GLOBAL_BASELINE,HF9g-P5,,,,X 全窗基线 · 不参与实体赏罚,15059260,1506,A168_HF9F_20260827_0900,2026-08-27 09:00:00
2026-07-12,17529000,2280,0,16.5233779980,0.5163555624,0.5163555624,0.6666667,6,3,0.49974499090910521,0.499948100000,0.5782337217979314,0.5775300591747329,0.5782337217979314,-0.00020310909089479,ELIGIBLE,R03b_20260811_FULL_v1,L1_ELIGIBILITY,v2026-08-11,2026-03-21..2026-08-06,baccarat_bet02_101_all_pairs_incl_sentinel,round_win = game_pnl > 0 (decisive only),COMPATIBILITY_ONLY_NOT_PRODUCTION,234594.9955,169540.3402,9810.4062,19851,11308,-0.04181848,-0.03860046,-0.05116595,-0.04181848,-9810.4062,234594.9955,OK,0.0000,294.3122,3.0000,97.0000,AG03-UNRESOLVED,ALL5_LEVELS_bet23_to_bet27,294.3122,294.3122,294.3122,392.4162,490.5203,3.000000,3.000000,3.000000,4.000000,5.000000,97.000000,97.000000,97.000000,96.000000,95.000000,5.0,1765.8731,1644.6383,8044.5331,8165.7679,PENDING_AG03,FALSE,NOT_FOR_ENFORCEMENT,9516.0940,164454.1300,9810.4062,9516.0940,294.3122,0.04181848,0.04056393,294.3122,9516.0940,0.04056393,294.3122,294.3122,294.3122,392.4162,490.5203,9516.0940,0.04056393,1765.8731,1644.6383,8044.5331,8165.7679,0.03429115,0.03480794,0.00125455,11.8178,14.9930,0.8676,208.7320,5.3202,4991.3829,240.5957,12.7170,9.8041,2.5818,2.84,3.3563,4.9054,16.007,177.8754,0.2582,0.0,5.636364,62.633151,4.16126,29,188,6,10,0.74390005,0.04181848,0.03860046,0E-8,0.000000,0.722694,0.000000,0.01256549,2026-05-12,2026-08-02,47,1844,580,83,0.566265,1.297104,1.076088,2.479667,,,,,,,,GLOBAL_BASELINE_NO_ENTITY_RANKING,,,NOT_APPLICABLE_GLOBAL_BASELINE,HF9g-P5,,,,X 全窗基线 · 不参与实体赏罚,15059261,1506,A168_HF9F_20260827_0900,2026-08-27 09:00:00
2026-07-12,17529000,2281,0,81.5841788655,1.6136111328,1.6136111328,0.3000000,18,11,0.49728576795023903,0.497510790909,-1.2477631381327288,-1.2491834038485794,-1.2477631381327288,-0.00022502295876097,ELIGIBLE,R03b_20260811_FULL_v1,L1_ELIGIBILITY,v2026-08-11,2026-03-21..2026-08-06,baccarat_bet02_101_all_pairs_incl_sentinel,round_win = game_pnl > 0 (decisive only),COMPATIBILITY_ONLY_NOT_PRODUCTION,234594.9955,169540.3402,9810.4062,19851,11308,-0.04181848,-0.03860046,-0.05116595,-0.04181848,-9810.4062,234594.9955,OK,0.0000,294.3122,3.0000,97.0000,AG03-UNRESOLVED,ALL5_LEVELS_bet23_to_bet27,294.3122,294.3122,294.3122,392.4162,490.5203,3.000000,3.000000,3.000000,4.000000,5.000000,97.000000,97.000000,97.000000,96.000000,95.000000,5.0,1765.8731,1644.6383,8044.5331,8165.7679,PENDING_AG03,FALSE,NOT_FOR_ENFORCEMENT,9516.0940,164454.1300,9810.4062,9516.0940,294.3122,0.04181848,0.04056393,294.3122,9516.0940,0.04056393,294.3122,294.3122,294.3122,392.4162,490.5203,9516.0940,0.04056393,1765.8731,1644.6383,8044.5331,8165.7679,0.03429115,0.03480794,0.00125455,11.8178,14.9930,0.8676,208.7320,5.3202,4991.3829,240.5957,12.7170,9.8041,2.5818,2.84,3.3563,4.9054,16.007,177.8754,0.2582,0.0,5.636364,62.633151,4.16126,29,188,6,10,0.74390005,0.04181848,0.03860046,0E-8,0.000000,0.722694,0.000000,0.01256549,2026-05-12,2026-08-02,47,1844,580,83,0.566265,1.297104,1.076088,2.479667,,,,,,,,GLOBAL_BASELINE_NO_ENTITY_RANKING,,,NOT_APPLICABLE_GLOBAL_BASELINE,HF9g-P5,,,,X 全窗基线 · 不参与实体赏罚,15059262,1506,A168_HF9F_20260827_0900,2026-08-27 09:00:00
2026-07-12,17529000,2287,0,10.5852890300,5.1764645134,5.1764645134,1.0000000,3,2,0.50299473636365782,0.503299400000,1.405768384152174,1.4049120381089935,1.405768384152174,-0.00030466363634218,ELIGIBLE,R03b_20260811_FULL_v1,L1_ELIGIBILITY,v2026-08-11,2026-03-21..2026-08-06,baccarat_bet02_101_all_pairs_incl_sentinel,round_win = game_pnl > 0 (decisive only),COMPATIBILITY_ONLY_NOT_PRODUCTION,234594.9955,169540.3402,9810.4062,19851,11308,-0.04181848,-0.03860046,-0.05116595,-0.04181848,-9810.4062,234594.9955,OK,0.0000,294.3122,3.0000,97.0000,AG03-UNRESOLVED,ALL5_LEVELS_bet23_to_bet27,294.3122,294.3122,294.3122,392.4162,490.5203,3.000000,3.000000,3.000000,4.000000,5.000000,97.000000,97.000000,97.000000,96.000000,95.000000,5.0,1765.8731,1644.6383,8044.5331,8165.7679,PENDING_AG03,FALSE,NOT_FOR_ENFORCEMENT,9516.0940,164454.1300,9810.4062,9516.0940,294.3122,0.04181848,0.04056393,294.3122,9516.0940,0.04056393,294.3122,294.3122,294.3122,392.4162,490.5203,9516.0940,0.04056393,1765.8731,1644.6383,8044.5331,8165.7679,0.03429115,0.03480794,0.00125455,11.8178,14.9930,0.8676,208.7320,5.3202,4991.3829,240.5957,12.7170,9.8041,2.5818,2.84,3.3563,4.9054,16.007,177.8754,0.2582,0.0,5.636364,62.633151,4.16126,29,188,6,10,0.74390005,0.04181848,0.03860046,0E-8,0.000000,0.722694,0.000000,0.01256549,2026-05-12,2026-08-02,47,1844,580,83,0.566265,1.297104,1.076088,2.479667,,,,,,,,GLOBAL_BASELINE_NO_ENTITY_RANKING,,,NOT_APPLICABLE_GLOBAL_BASELINE,HF9g-P5,,,,X 全窗基线 · 不参与实体赏罚,15059263,1506,A168_HF9F_20260827_0900,2026-08-27 09:00:00
2026-07-12,17529000,2289,0,35.3703560271,-3.2272222652,-3.2272222652,0E-7,12,6,0.50063069045527860,0.499948100000,-2.0025243549117766,-1.9997924107733216,-2.0025243549117766,0.00068259045527860,ELIGIBLE,R03b_20260811_FULL_v1,L1_ELIGIBILITY,v2026-08-11,2026-03-21..2026-08-06,baccarat_bet02_101_all_pairs_incl_sentinel,round_win = game_pnl > 0 (decisive only),COMPATIBILITY_ONLY_NOT_PRODUCTION,234594.9955,169540.3402,9810.4062,19851,11308,-0.04181848,-0.03860046,-0.05116595,-0.04181848,-9810.4062,234594.9955,OK,0.0000,294.3122,3.0000,97.0000,AG03-UNRESOLVED,ALL5_LEVELS_bet23_to_bet27,294.3122,294.3122,294.3122,392.4162,490.5203,3.000000,3.000000,3.000000,4.000000,5.000000,97.000000,97.000000,97.000000,96.000000,95.000000,5.0,1765.8731,1644.6383,8044.5331,8165.7679,PENDING_AG03,FALSE,NOT_FOR_ENFORCEMENT,9516.0940,164454.1300,9810.4062,9516.0940,294.3122,0.04181848,0.04056393,294.3122,9516.0940,0.04056393,294.3122,294.3122,294.3122,392.4162,490.5203,9516.0940,0.04056393,1765.8731,1644.6383,8044.5331,8165.7679,0.03429115,0.03480794,0.00125455,11.8178,14.9930,0.8676,208.7320,5.3202,4991.3829,240.5957,12.7170,9.8041,2.5818,2.84,3.3563,4.9054,16.007,177.8754,0.2582,0.0,5.636364,62.633151,4.16126,29,188,6,10,0.74390005,0.04181848,0.03860046,0E-8,0.000000,0.722694,0.000000,0.01256549,2026-05-12,2026-08-02,47,1844,580,83,0.566265,1.297104,1.076088,2.479667,,,,,,,,GLOBAL_BASELINE_NO_ENTITY_RANKING,,,NOT_APPLICABLE_GLOBAL_BASELINE,HF9g-P5,,,,X 全窗基线 · 不参与实体赏罚,15059264,1506,A168_HF9F_20260827_0900,2026-08-27 09:00:00
2026-07-12,17529000,462,0,11.1016445924,0.1032711125,0.1032711125,0.5000000,4,2,0.50041234935061612,0.499948100000,-0.001166300484770956,0.00014679536856514622,-0.001166300484770956,0.00046424935061612,ELIGIBLE,R03b_20260811_FULL_v1,L1_ELIGIBILITY,v2026-08-11,2026-03-21..2026-08-06,baccarat_bet02_101_all_pairs_incl_sentinel,round_win = game_pnl > 0 (decisive only),COMPATIBILITY_ONLY_NOT_PRODUCTION,234594.9955,169540.3402,9810.4062,19851,11308,-0.04181848,-0.03860046,-0.05116595,-0.04181848,-9810.4062,234594.9955,OK,0.0000,294.3122,3.0000,97.0000,AG03-UNRESOLVED,ALL5_LEVELS_bet23_to_bet27,294.3122,294.3122,294.3122,392.4162,490.5203,3.000000,3.000000,3.000000,4.000000,5.000000,97.000000,97.000000,97.000000,96.000000,95.000000,5.0,1765.8731,1644.6383,8044.5331,8165.7679,PENDING_AG03,FALSE,NOT_FOR_ENFORCEMENT,9516.0940,164454.1300,9810.4062,9516.0940,294.3122,0.04181848,0.04056393,294.3122,9516.0940,0.04056393,294.3122,294.3122,294.3122,392.4162,490.5203,9516.0940,0.04056393,1765.8731,1644.6383,8044.5331,8165.7679,0.03429115,0.03480794,0.00125455,11.8178,14.9930,0.8676,208.7320,5.3202,4991.3829,240.5957,12.7170,9.8041,2.5818,2.84,3.3563,4.9054,16.007,177.8754,0.2582,0.0,5.636364,62.633151,4.16126,29,188,6,10,0.74390005,0.04181848,0.03860046,0E-8,0.000000,0.722694,0.000000,0.01256549,2026-05-12,2026-08-02,47,1844,580,83,0.566265,1.297104,1.076088,2.479667,,,,,,,,GLOBAL_BASELINE_NO_ENTITY_RANKING,,,NOT_APPLICABLE_GLOBAL_BASELINE,HF9g-P5,,,,X 全窗基线 · 不参与实体赏罚,15059265,1506,A168_HF9F_20260827_0900,2026-08-27 09:00:00
2026-07-12,17529000,576,0,5.6799111868,-0.5163555624,-0.5163555624,0E-7,2,1,0.50055742727268436,0.499948100000,-1.001115476689104,-0.9998962053866608,-1.001115476689104,0.00060932727268436,ELIGIBLE,R03b_20260811_FULL_v1,L1_ELIGIBILITY,v2026-08-11,2026-03-21..2026-08-06,baccarat_bet02_101_all_pairs_incl_sentinel,round_win = game_pnl > 0 (decisive only),COMPATIBILITY_ONLY_NOT_PRODUCTION,234594.9955,169540.3402,9810.4062,19851,11308,-0.04181848,-0.03860046,-0.05116595,-0.04181848,-9810.4062,234594.9955,OK,0.0000,294.3122,3.0000,97.0000,AG03-UNRESOLVED,ALL5_LEVELS_bet23_to_bet27,294.3122,294.3122,294.3122,392.4162,490.5203,3.000000,3.000000,3.000000,4.000000,5.000000,97.000000,97.000000,97.000000,96.000000,95.000000,5.0,1765.8731,1644.6383,8044.5331,8165.7679,PENDING_AG03,FALSE,NOT_FOR_ENFORCEMENT,9516.0940,164454.1300,9810.4062,9516.0940,294.3122,0.04181848,0.04056393,294.3122,9516.0940,0.04056393,294.3122,294.3122,294.3122,392.4162,490.5203,9516.0940,0.04056393,1765.8731,1644.6383,8044.5331,8165.7679,0.03429115,0.03480794,0.00125455,11.8178,14.9930,0.8676,208.7320,5.3202,4991.3829,240.5957,12.7170,9.8041,2.5818,2.84,3.3563,4.9054,16.007,177.8754,0.2582,0.0,5.636364,62.633151,4.16126,29,188,6,10,0.74390005,0.04181848,0.03860046,0E-8,0.000000,0.722694,0.000000,0.01256549,2026-05-12,2026-08-02,47,1844,580,83,0.566265,1.297104,1.076088,2.479667,,,,,,,,GLOBAL_BASELINE_NO_ENTITY_RANKING,,,NOT_APPLICABLE_GLOBAL_BASELINE,HF9g-P5,,,,X 全窗基线 · 不参与实体赏罚,15059266,1506,A168_HF9F_20260827_0900,2026-08-27 09:00:00
2026-07-12,17529000,583,0,5.4217334056,-0.2581777812,-0.2581777812,0E-7,2,1,0.50026727142854788,0.499948100000,-1.0005346858015285,-0.9998962053866608,-1.0005346858015285,0.00031917142854788,ELIGIBLE,R03b_20260811_FULL_v1,L1_ELIGIBILITY,v2026-08-11,2026-03-21..2026-08-06,baccarat_bet02_101_all_pairs_incl_sentinel,round_win = game_pnl > 0 (decisive only),COMPATIBILITY_ONLY_NOT_PRODUCTION,234594.9955,169540.3402,9810.4062,19851,11308,-0.04181848,-0.03860046,-0.05116595,-0.04181848,-9810.4062,234594.9955,OK,0.0000,294.3122,3.0000,97.0000,AG03-UNRESOLVED,ALL5_LEVELS_bet23_to_bet27,294.3122,294.3122,294.3122,392.4162,490.5203,3.000000,3.000000,3.000000,4.000000,5.000000,97.000000,97.000000,97.000000,96.000000,95.000000,5.0,1765.8731,1644.6383,8044.5331,8165.7679,PENDING_AG03,FALSE,NOT_FOR_ENFORCEMENT,9516.0940,164454.1300,9810.4062,9516.0940,294.3122,0.04181848,0.04056393,294.3122,9516.0940,0.04056393,294.3122,294.3122,294.3122,392.4162,490.5203,9516.0940,0.04056393,1765.8731,1644.6383,8044.5331,8165.7679,0.03429115,0.03480794,0.00125455,11.8178,14.9930,0.8676,208.7320,5.3202,4991.3829,240.5957,12.7170,9.8041,2.5818,2.84,3.3563,4.9054,16.007,177.8754,0.2582,0.0,5.636364,62.633151,4.16126,29,188,6,10,0.74390005,0.04181848,0.03860046,0E-8,0.000000,0.722694,0.000000,0.01256549,2026-05-12,2026-08-02,47,1844,580,83,0.566265,1.297104,1.076088,2.479667,,,,,,,,GLOBAL_BASELINE_NO_ENTITY_RANKING,,,NOT_APPLICABLE_GLOBAL_BASELINE,HF9g-P5,,,,X 全窗基线 · 不参与实体赏罚,15059267,1506,A168_HF9F_20260827_0900,2026-08-27 09:00:00
2026-07-12,17529000,752,0,16.7815557793,-0.9036222343,-0.9036222343,0.3333333,6,3,0.50002673643895218,0.499948100000,-0.5774428877565384,-0.5771704854251445,-0.5774428877565384,0.00007863643895218,ELIGIBLE,R03b_20260811_FULL_v1,L1_ELIGIBILITY,v2026-08-11,2026-03-21..2026-08-06,baccarat_bet02_101_all_pairs_incl_sentinel,round_win = game_pnl > 0 (decisive only),COMPATIBILITY_ONLY_NOT_PRODUCTION,234594.9955,169540.3402,9810.4062,19851,11308,-0.04181848,-0.03860046,-0.05116595,-0.04181848,-9810.4062,234594.9955,OK,0.0000,294.3122,3.0000,97.0000,AG03-UNRESOLVED,ALL5_LEVELS_bet23_to_bet27,294.3122,294.3122,294.3122,392.4162,490.5203,3.000000,3.000000,3.000000,4.000000,5.000000,97.000000,97.000000,97.000000,96.000000,95.000000,5.0,1765.8731,1644.6383,8044.5331,8165.7679,PENDING_AG03,FALSE,NOT_FOR_ENFORCEMENT,9516.0940,164454.1300,9810.4062,9516.0940,294.3122,0.04181848,0.04056393,294.3122,9516.0940,0.04056393,294.3122,294.3122,294.3122,392.4162,490.5203,9516.0940,0.04056393,1765.8731,1644.6383,8044.5331,8165.7679,0.03429115,0.03480794,0.00125455,11.8178,14.9930,0.8676,208.7320,5.3202,4991.3829,240.5957,12.7170,9.8041,2.5818,2.84,3.3563,4.9054,16.007,177.8754,0.2582,0.0,5.636364,62.633151,4.16126,29,188,6,10,0.74390005,0.04181848,0.03860046,0E-8,0.000000,0.722694,0.000000,0.01256549,2026-05-12,2026-08-02,47,1844,580,83,0.566265,1.297104,1.076088,2.479667,,,,,,,,GLOBAL_BASELINE_NO_ENTITY_RANKING,,,NOT_APPLICABLE_GLOBAL_BASELINE,HF9g-P5,,,,X 全窗基线 · 不参与实体赏罚,15059268,1506,A168_HF9F_20260827_0900,2026-08-27 09:00:00
2026-07-12,17529000,919,0,12.1343557173,0.5809000078,0.5809000078,0.5000000,4,2,0.50092302363634218,0.499948100000,-0.0026107095383220355,0.00014679536856514622,-0.0026107095383220355,0.00097492363634218,ELIGIBLE,R03b_20260811_FULL_v1,L1_ELIGIBILITY,v2026-08-11,2026-03-21..2026-08-06,baccarat_bet02_101_all_pairs_incl_sentinel,round_win = game_pnl > 0 (decisive only),COMPATIBILITY_ONLY_NOT_PRODUCTION,234594.9955,169540.3402,9810.4062,19851,11308,-0.04181848,-0.03860046,-0.05116595,-0.04181848,-9810.4062,234594.9955,OK,0.0000,294.3122,3.0000,97.0000,AG03-UNRESOLVED,ALL5_LEVELS_bet23_to_bet27,294.3122,294.3122,294.3122,392.4162,490.5203,3.000000,3.000000,3.000000,4.000000,5.000000,97.000000,97.000000,97.000000,96.000000,95.000000,5.0,1765.8731,1644.6383,8044.5331,8165.7679,PENDING_AG03,FALSE,NOT_FOR_ENFORCEMENT,9516.0940,164454.1300,9810.4062,9516.0940,294.3122,0.04181848,0.04056393,294.3122,9516.0940,0.04056393,294.3122,294.3122,294.3122,392.4162,490.5203,9516.0940,0.04056393,1765.8731,1644.6383,8044.5331,8165.7679,0.03429115,0.03480794,0.00125455,11.8178,14.9930,0.8676,208.7320,5.3202,4991.3829,240.5957,12.7170,9.8041,2.5818,2.84,3.3563,4.9054,16.007,177.8754,0.2582,0.0,5.636364,62.633151,4.16126,29,188,6,10,0.74390005,0.04181848,0.03860046,0E-8,0.000000,0.722694,0.000000,0.01256549,2026-05-12,2026-08-02,47,1844,580,83,0.566265,1.297104,1.076088,2.479667,,,,,,,,GLOBAL_BASELINE_NO_ENTITY_RANKING,,,NOT_APPLICABLE_GLOBAL_BASELINE,HF9g-P5,,,,X 全窗基线 · 不参与实体赏罚,15059269,1506,A168_HF9F_20260827_0900,2026-08-27 09:00:00
2026-07-12,17529000,986,0,107.9183125500,7.0611623163,7.0611623163,0.4117647,34,19,0.50204210817544296,0.501359173684,-0.7444527395897347,-0.7388176381535386,-0.7444527395897347,0.00068293449144296,ELIGIBLE,R03b_20260811_FULL_v1,L1_ELIGIBILITY,v2026-08-11,2026-03-21..2026-08-06,baccarat_bet02_101_all_pairs_incl_sentinel,round_win = game_pnl > 0 (decisive only),COMPATIBILITY_ONLY_NOT_PRODUCTION,234594.9955,169540.3402,9810.4062,19851,11308,-0.04181848,-0.03860046,-0.05116595,-0.04181848,-9810.4062,234594.9955,OK,0.0000,294.3122,3.0000,97.0000,AG03-UNRESOLVED,ALL5_LEVELS_bet23_to_bet27,294.3122,294.3122,294.3122,392.4162,490.5203,3.000000,3.000000,3.000000,4.000000,5.000000,97.000000,97.000000,97.000000,96.000000,95.000000,5.0,1765.8731,1644.6383,8044.5331,8165.7679,PENDING_AG03,FALSE,NOT_FOR_ENFORCEMENT,9516.0940,164454.1300,9810.4062,9516.0940,294.3122,0.04181848,0.04056393,294.3122,9516.0940,0.04056393,294.3122,294.3122,294.3122,392.4162,490.5203,9516.0940,0.04056393,1765.8731,1644.6383,8044.5331,8165.7679,0.03429115,0.03480794,0.00125455,11.8178,14.9930,0.8676,208.7320,5.3202,4991.3829,240.5957,12.7170,9.8041,2.5818,2.84,3.3563,4.9054,16.007,177.8754,0.2582,0.0,5.636364,62.633151,4.16126,29,188,6,10,0.74390005,0.04181848,0.03860046,0E-8,0.000000,0.722694,0.000000,0.01256549,2026-05-12,2026-08-02,47,1844,580,83,0.566265,1.297104,1.076088,2.479667,,,,,,,,GLOBAL_BASELINE_NO_ENTITY_RANKING,,,NOT_APPLICABLE_GLOBAL_BASELINE,HF9g-P5,,,,X 全窗基线 · 不参与实体赏罚,15059270,1506,A168_HF9F_20260827_0900,2026-08-27 09:00:00
2026-07-13,17529000,-1,1,377.4559161430,31.1362404157,31.1362404157,0.5483871,124,66,0.50093975379041707,0.500760536364,0.7472028242767557,0.7500246910163331,0.7472028242767557,0.00017921742641707,SENTINEL_DEALER,R03b_20260811_FULL_v1,L1_ELIGIBILITY,v2026-08-11,2026-03-21..2026-08-06,baccarat_bet02_101_all_pairs_incl_sentinel,round_win = game_pnl > 0 (decisive only),COMPATIBILITY_ONLY_NOT_PRODUCTION,234594.9955,169540.3402,9810.4062,19851,11308,-0.04181848,-0.03860046,-0.05116595,-0.04181848,-9810.4062,234594.9955,OK,0.0000,294.3122,3.0000,97.0000,AG03-UNRESOLVED,ALL5_LEVELS_bet23_to_bet27,294.3122,294.3122,294.3122,392.4162,490.5203,3.000000,3.000000,3.000000,4.000000,5.000000,97.000000,97.000000,97.000000,96.000000,95.000000,5.0,1765.8731,1644.6383,8044.5331,8165.7679,PENDING_AG03,FALSE,NOT_FOR_ENFORCEMENT,9516.0940,164454.1300,9810.4062,9516.0940,294.3122,0.04181848,0.04056393,294.3122,9516.0940,0.04056393,294.3122,294.3122,294.3122,392.4162,490.5203,9516.0940,0.04056393,1765.8731,1644.6383,8044.5331,8165.7679,0.03429115,0.03480794,0.00125455,11.8178,14.9930,0.8676,208.7320,5.3202,4991.3829,240.5957,12.7170,9.8041,2.5818,2.84,3.3563,4.9054,16.007,177.8754,0.2582,0.0,5.636364,62.633151,4.16126,29,188,6,10,0.74390005,0.04181848,0.03860046,0E-8,0.000000,0.722694,0.000000,0.01256549,2026-05-12,2026-08-02,47,1844,580,83,0.566265,1.297104,1.076088,2.479667,,,,,,,,GLOBAL_BASELINE_NO_ENTITY_RANKING,,,NOT_APPLICABLE_GLOBAL_BASELINE,HF9g-P5,,,,X 全窗基线 · 不参与实体赏罚,15059271,1506,A168_HF9F_20260827_0900,2026-08-27 09:00:00
2026-07-13,17529000,1109,0,19.1051558102,2.4526889216,2.4526889216,0.6666667,6,3,0.49871891387207767,0.499948100000,0.5817899913637621,0.5775300591747329,0.5817899913637621,-0.00122918612792233,ELIGIBLE,R03b_20260811_FULL_v1,L1_ELIGIBILITY,v2026-08-11,2026-03-21..2026-08-06,baccarat_bet02_101_all_pairs_incl_sentinel,round_win = game_pnl > 0 (decisive only),COMPATIBILITY_ONLY_NOT_PRODUCTION,234594.9955,169540.3402,9810.4062,19851,11308,-0.04181848,-0.03860046,-0.05116595,-0.04181848,-9810.4062,234594.9955,OK,0.0000,294.3122,3.0000,97.0000,AG03-UNRESOLVED,ALL5_LEVELS_bet23_to_bet27,294.3122,294.3122,294.3122,392.4162,490.5203,3.000000,3.000000,3.000000,4.000000,5.000000,97.000000,97.000000,97.000000,96.000000,95.000000,5.0,1765.8731,1644.6383,8044.5331,8165.7679,PENDING_AG03,FALSE,NOT_FOR_ENFORCEMENT,9516.0940,164454.1300,9810.4062,9516.0940,294.3122,0.04181848,0.04056393,294.3122,9516.0940,0.04056393,294.3122,294.3122,294.3122,392.4162,490.5203,9516.0940,0.04056393,1765.8731,1644.6383,8044.5331,8165.7679,0.03429115,0.03480794,0.00125455,11.8178,14.9930,0.8676,208.7320,5.3202,4991.3829,240.5957,12.7170,9.8041,2.5818,2.84,3.3563,4.9054,16.007,177.8754,0.2582,0.0,5.636364,62.633151,4.16126,29,188,6,10,0.74390005,0.04181848,0.03860046,0E-8,0.000000,0.722694,0.000000,0.01256549,2026-05-12,2026-08-02,47,1844,580,83,0.566265,1.297104,1.076088,2.479667,,,,,,,,GLOBAL_BASELINE_NO_ENTITY_RANKING,,,NOT_APPLICABLE_GLOBAL_BASELINE,HF9g-P5,,,,X 全窗基线 · 不参与实体赏罚,15059272,1506,A168_HF9F_20260827_0900,2026-08-27 09:00:00
2026-07-13,17529000,1205,0,569.0238298090,29.4064492813,29.4064492813,0.5238095,39,23,0.50082469974860694,0.500822352174,0.21065967874078037,0.21068119301748472,0.21065967874078037,0.00000234757460694,ELIGIBLE,R03b_20260811_FULL_v1,L1_ELIGIBILITY,v2026-08-11,2026-03-21..2026-08-06,baccarat_bet02_101_all_pairs_incl_sentinel,round_win = game_pnl > 0 (decisive only),COMPATIBILITY_ONLY_NOT_PRODUCTION,234594.9955,169540.3402,9810.4062,19851,11308,-0.04181848,-0.03860046,-0.05116595,-0.04181848,-9810.4062,234594.9955,OK,0.0000,294.3122,3.0000,97.0000,AG03-UNRESOLVED,ALL5_LEVELS_bet23_to_bet27,294.3122,294.3122,294.3122,392.4162,490.5203,3.000000,3.000000,3.000000,4.000000,5.000000,97.000000,97.000000,97.000000,96.000000,95.000000,5.0,1765.8731,1644.6383,8044.5331,8165.7679,PENDING_AG03,FALSE,NOT_FOR_ENFORCEMENT,9516.0940,164454.1300,9810.4062,9516.0940,294.3122,0.04181848,0.04056393,294.3122,9516.0940,0.04056393,294.3122,294.3122,294.3122,392.4162,490.5203,9516.0940,0.04056393,1765.8731,1644.6383,8044.5331,8165.7679,0.03429115,0.03480794,0.00125455,11.8178,14.9930,0.8676,208.7320,5.3202,4991.3829,240.5957,12.7170,9.8041,2.5818,2.84,3.3563,4.9054,16.007,177.8754,0.2582,0.0,5.636364,62.633151,4.16126,29,188,6,10,0.74390005,0.04181848,0.03860046,0E-8,0.000000,0.722694,0.000000,0.01256549,2026-05-12,2026-08-02,47,1844,580,83,0.566265,1.297104,1.076088,2.479667,,,,,,,,GLOBAL_BASELINE_NO_ENTITY_RANKING,,,NOT_APPLICABLE_GLOBAL_BASELINE,HF9g-P5,,,,X 全窗基线 · 不参与实体赏罚,15059273,1506,A168_HF9F_20260827_0900,2026-08-27 09:00:00
2026-07-13,17529000,1221,0,461.1055172591,44.2387628122,44.2387628122,0.2857143,10,8,0.50512422795031252,0.504975050000,-1.1610692603089707,-1.1602763468535837,-1.1610692603089707,0.00014917795031252,ELIGIBLE,R03b_20260811_FULL_v1,L1_ELIGIBILITY,v2026-08-11,2026-03-21..2026-08-06,baccarat_bet02_101_all_pairs_incl_sentinel,round_win = game_pnl > 0 (decisive only),COMPATIBILITY_ONLY_NOT_PRODUCTION,234594.9955,169540.3402,9810.4062,19851,11308,-0.04181848,-0.03860046,-0.05116595,-0.04181848,-9810.4062,234594.9955,OK,0.0000,294.3122,3.0000,97.0000,AG03-UNRESOLVED,ALL5_LEVELS_bet23_to_bet27,294.3122,294.3122,294.3122,392.4162,490.5203,3.000000,3.000000,3.000000,4.000000,5.000000,97.000000,97.000000,97.000000,96.000000,95.000000,5.0,1765.8731,1644.6383,8044.5331,8165.7679,PENDING_AG03,FALSE,NOT_FOR_ENFORCEMENT,9516.0940,164454.1300,9810.4062,9516.0940,294.3122,0.04181848,0.04056393,294.3122,9516.0940,0.04056393,294.3122,294.3122,294.3122,392.4162,490.5203,9516.0940,0.04056393,1765.8731,1644.6383,8044.5331,8165.7679,0.03429115,0.03480794,0.00125455,11.8178,14.9930,0.8676,208.7320,5.3202,4991.3829,240.5957,12.7170,9.8041,2.5818,2.84,3.3563,4.9054,16.007,177.8754,0.2582,0.0,5.636364,62.633151,4.16126,29,188,6,10,0.74390005,0.04181848,0.03860046,0E-8,0.000000,0.722694,0.000000,0.01256549,2026-05-12,2026-08-02,47,1844,580,83,0.566265,1.297104,1.076088,2.479667,,,,,,,,GLOBAL_BASELINE_NO_ENTITY_RANKING,,,NOT_APPLICABLE_GLOBAL_BASELINE,HF9g-P5,,,,X 全窗基线 · 不参与实体赏罚,15059274,1506,A168_HF9F_20260827_0900,2026-08-27 09:00:00
2026-07-13,17529000,1325,0,77.9696899283,-13.8125112952,-13.8125112952,0.6153846,24,13,0.49911015127133061,0.498916930769,0.8384684126263037,0.8398623880172537,0.8384684126263037,0.00019322050233061,ELIGIBLE,R03b_20260811_FULL_v1,L1_ELIGIBILITY,v2026-08-11,2026-03-21..2026-08-06,baccarat_bet02_101_all_pairs_incl_sentinel,round_win = game_pnl > 0 (decisive only),COMPATIBILITY_ONLY_NOT_PRODUCTION,234594.9955,169540.3402,9810.4062,19851,11308,-0.04181848,-0.03860046,-0.05116595,-0.04181848,-9810.4062,234594.9955,OK,0.0000,294.3122,3.0000,97.0000,AG03-UNRESOLVED,ALL5_LEVELS_bet23_to_bet27,294.3122,294.3122,294.3122,392.4162,490.5203,3.000000,3.000000,3.000000,4.000000,5.000000,97.000000,97.000000,97.000000,96.000000,95.000000,5.0,1765.8731,1644.6383,8044.5331,8165.7679,PENDING_AG03,FALSE,NOT_FOR_ENFORCEMENT,9516.0940,164454.1300,9810.4062,9516.0940,294.3122,0.04181848,0.04056393,294.3122,9516.0940,0.04056393,294.3122,294.3122,294.3122,392.4162,490.5203,9516.0940,0.04056393,1765.8731,1644.6383,8044.5331,8165.7679,0.03429115,0.03480794,0.00125455,11.8178,14.9930,0.8676,208.7320,5.3202,4991.3829,240.5957,12.7170,9.8041,2.5818,2.84,3.3563,4.9054,16.007,177.8754,0.2582,0.0,5.636364,62.633151,4.16126,29,188,6,10,0.74390005,0.04181848,0.03860046,0E-8,0.000000,0.722694,0.000000,0.01256549,2026-05-12,2026-08-02,47,1844,580,83,0.566265,1.297104,1.076088,2.479667,,,,,,,,GLOBAL_BASELINE_NO_ENTITY_RANKING,,,NOT_APPLICABLE_GLOBAL_BASELINE,HF9g-P5,,,,X 全窗基线 · 不参与实体赏罚,15059275,1506,A168_HF9F_20260827_0900,2026-08-27 09:00:00
2026-07-13,17529000,1330,0,5.9380889681,0.7745333437,0.7745333437,1.0000000,2,1,0.49907384782604770,0.499948100000,1.0018540230456832,1.0001038053877793,1.0018540230456832,-0.00087425217395230,ELIGIBLE,R03b_20260811_FULL_v1,L1_ELIGIBILITY,v2026-08-11,2026-03-21..2026-08-06,baccarat_bet02_101_all_pairs_incl_sentinel,round_win = game_pnl > 0 (decisive only),COMPATIBILITY_ONLY_NOT_PRODUCTION,234594.9955,169540.3402,9810.4062,19851,11308,-0.04181848,-0.03860046,-0.05116595,-0.04181848,-9810.4062,234594.9955,OK,0.0000,294.3122,3.0000,97.0000,AG03-UNRESOLVED,ALL5_LEVELS_bet23_to_bet27,294.3122,294.3122,294.3122,392.4162,490.5203,3.000000,3.000000,3.000000,4.000000,5.000000,97.000000,97.000000,97.000000,96.000000,95.000000,5.0,1765.8731,1644.6383,8044.5331,8165.7679,PENDING_AG03,FALSE,NOT_FOR_ENFORCEMENT,9516.0940,164454.1300,9810.4062,9516.0940,294.3122,0.04181848,0.04056393,294.3122,9516.0940,0.04056393,294.3122,294.3122,294.3122,392.4162,490.5203,9516.0940,0.04056393,1765.8731,1644.6383,8044.5331,8165.7679,0.03429115,0.03480794,0.00125455,11.8178,14.9930,0.8676,208.7320,5.3202,4991.3829,240.5957,12.7170,9.8041,2.5818,2.84,3.3563,4.9054,16.007,177.8754,0.2582,0.0,5.636364,62.633151,4.16126,29,188,6,10,0.74390005,0.04181848,0.03860046,0E-8,0.000000,0.722694,0.000000,0.01256549,2026-05-12,2026-08-02,47,1844,580,83,0.566265,1.297104,1.076088,2.479667,,,,,,,,GLOBAL_BASELINE_NO_ENTITY_RANKING,,,NOT_APPLICABLE_GLOBAL_BASELINE,HF9g-P5,,,,X 全窗基线 · 不参与实体赏罚,15059276,1506,A168_HF9F_20260827_0900,2026-08-27 09:00:00
2026-07-13,17529000,1374,0,5.6799111868,0.3614488937,0.3614488937,1.0000000,2,1,0.50055742727268436,0.499948100000,0.9988857662127119,1.0001038053877793,0.9988857662127119,0.00060932727268436,ELIGIBLE,R03b_20260811_FULL_v1,L1_ELIGIBILITY,v2026-08-11,2026-03-21..2026-08-06,baccarat_bet02_101_all_pairs_incl_sentinel,round_win = game_pnl > 0 (decisive only),COMPATIBILITY_ONLY_NOT_PRODUCTION,234594.9955,169540.3402,9810.4062,19851,11308,-0.04181848,-0.03860046,-0.05116595,-0.04181848,-9810.4062,234594.9955,OK,0.0000,294.3122,3.0000,97.0000,AG03-UNRESOLVED,ALL5_LEVELS_bet23_to_bet27,294.3122,294.3122,294.3122,392.4162,490.5203,3.000000,3.000000,3.000000,4.000000,5.000000,97.000000,97.000000,97.000000,96.000000,95.000000,5.0,1765.8731,1644.6383,8044.5331,8165.7679,PENDING_AG03,FALSE,NOT_FOR_ENFORCEMENT,9516.0940,164454.1300,9810.4062,9516.0940,294.3122,0.04181848,0.04056393,294.3122,9516.0940,0.04056393,294.3122,294.3122,294.3122,392.4162,490.5203,9516.0940,0.04056393,1765.8731,1644.6383,8044.5331,8165.7679,0.03429115,0.03480794,0.00125455,11.8178,14.9930,0.8676,208.7320,5.3202,4991.3829,240.5957,12.7170,9.8041,2.5818,2.84,3.3563,4.9054,16.007,177.8754,0.2582,0.0,5.636364,62.633151,4.16126,29,188,6,10,0.74390005,0.04181848,0.03860046,0E-8,0.000000,0.722694,0.000000,0.01256549,2026-05-12,2026-08-02,47,1844,580,83,0.566265,1.297104,1.076088,2.479667,,,,,,,,GLOBAL_BASELINE_NO_ENTITY_RANKING,,,NOT_APPLICABLE_GLOBAL_BASELINE,HF9g-P5,,,,X 全窗基线 · 不参与实体赏罚,15059277,1506,A168_HF9F_20260827_0900,2026-08-27 09:00:00
2026-07-13,17529000,1396,0,12.9088890610,0.8132600108,0.8132600108,0.5000000,4,2,0.50125408164251746,0.499948100000,-0.00354708969152342,0.00014679536856514622,-0.00354708969152342,0.00130598164251746,ELIGIBLE,R03b_20260811_FULL_v1,L1_ELIGIBILITY,v2026-08-11,2026-03-21..2026-08-06,baccarat_bet02_101_all_pairs_incl_sentinel,round_win = game_pnl > 0 (decisive only),COMPATIBILITY_ONLY_NOT_PRODUCTION,234594.9955,169540.3402,9810.4062,19851,11308,-0.04181848,-0.03860046,-0.05116595,-0.04181848,-9810.4062,234594.9955,OK,0.0000,294.3122,3.0000,97.0000,AG03-UNRESOLVED,ALL5_LEVELS_bet23_to_bet27,294.3122,294.3122,294.3122,392.4162,490.5203,3.000000,3.000000,3.000000,4.000000,5.000000,97.000000,97.000000,97.000000,96.000000,95.000000,5.0,1765.8731,1644.6383,8044.5331,8165.7679,PENDING_AG03,FALSE,NOT_FOR_ENFORCEMENT,9516.0940,164454.1300,9810.4062,9516.0940,294.3122,0.04181848,0.04056393,294.3122,9516.0940,0.04056393,294.3122,294.3122,294.3122,392.4162,490.5203,9516.0940,0.04056393,1765.8731,1644.6383,8044.5331,8165.7679,0.03429115,0.03480794,0.00125455,11.8178,14.9930,0.8676,208.7320,5.3202,4991.3829,240.5957,12.7170,9.8041,2.5818,2.84,3.3563,4.9054,16.007,177.8754,0.2582,0.0,5.636364,62.633151,4.16126,29,188,6,10,0.74390005,0.04181848,0.03860046,0E-8,0.000000,0.722694,0.000000,0.01256549,2026-05-12,2026-08-02,47,1844,580,83,0.566265,1.297104,1.076088,2.479667,,,,,,,,GLOBAL_BASELINE_NO_ENTITY_RANKING,,,NOT_APPLICABLE_GLOBAL_BASELINE,HF9g-P5,,,,X 全窗基线 · 不参与实体赏罚,15059278,1506,A168_HF9F_20260827_0900,2026-08-27 09:00:00
2026-07-13,17529000,1402,0,29.6904448402,1.8588800249,1.8588800249,0.6666667,10,6,0.50185732545455261,0.502182300000,0.8074031521763037,0.8058132132962729,0.8074031521763037,-0.00032497454544739,ELIGIBLE,R03b_20260811_FULL_v1,L1_ELIGIBILITY,v2026-08-11,2026-03-21..2026-08-06,baccarat_bet02_101_all_pairs_incl_sentinel,round_win = game_pnl > 0 (decisive only),COMPATIBILITY_ONLY_NOT_PRODUCTION,234594.9955,169540.3402,9810.4062,19851,11308,-0.04181848,-0.03860046,-0.05116595,-0.04181848,-9810.4062,234594.9955,OK,0.0000,294.3122,3.0000,97.0000,AG03-UNRESOLVED,ALL5_LEVELS_bet23_to_bet27,294.3122,294.3122,294.3122,392.4162,490.5203,3.000000,3.000000,3.000000,4.000000,5.000000,97.000000,97.000000,97.000000,96.000000,95.000000,5.0,1765.8731,1644.6383,8044.5331,8165.7679,PENDING_AG03,FALSE,NOT_FOR_ENFORCEMENT,9516.0940,164454.1300,9810.4062,9516.0940,294.3122,0.04181848,0.04056393,294.3122,9516.0940,0.04056393,294.3122,294.3122,294.3122,392.4162,490.5203,9516.0940,0.04056393,1765.8731,1644.6383,8044.5331,8165.7679,0.03429115,0.03480794,0.00125455,11.8178,14.9930,0.8676,208.7320,5.3202,4991.3829,240.5957,12.7170,9.8041,2.5818,2.84,3.3563,4.9054,16.007,177.8754,0.2582,0.0,5.636364,62.633151,4.16126,29,188,6,10,0.74390005,0.04181848,0.03860046,0E-8,0.000000,0.722694,0.000000,0.01256549,2026-05-12,2026-08-02,47,1844,580,83,0.566265,1.297104,1.076088,2.479667,,,,,,,,GLOBAL_BASELINE_NO_ENTITY_RANKING,,,NOT_APPLICABLE_GLOBAL_BASELINE,HF9g-P5,,,,X 全窗基线 · 不参与实体赏罚,15059279,1506,A168_HF9F_20260827_0900,2026-08-27 09:00:00
2026-07-13,17529000,1485,0,16.5233779980,1.0327111248,1.0327111248,1.0000000,6,3,0.49953220995673996,0.499948100000,1.733672038563767,1.7322306037746105,1.733672038563767,-0.00041589004326004,ELIGIBLE,R03b_20260811_FULL_v1,L1_ELIGIBILITY,v2026-08-11,2026-03-21..2026-08-06,baccarat_bet02_101_all_pairs_incl_sentinel,round_win = game_pnl > 0 (decisive only),COMPATIBILITY_ONLY_NOT_PRODUCTION,234594.9955,169540.3402,9810.4062,19851,11308,-0.04181848,-0.03860046,-0.05116595,-0.04181848,-9810.4062,234594.9955,OK,0.0000,294.3122,3.0000,97.0000,AG03-UNRESOLVED,ALL5_LEVELS_bet23_to_bet27,294.3122,294.3122,294.3122,392.4162,490.5203,3.000000,3.000000,3.000000,4.000000,5.000000,97.000000,97.000000,97.000000,96.000000,95.000000,5.0,1765.8731,1644.6383,8044.5331,8165.7679,PENDING_AG03,FALSE,NOT_FOR_ENFORCEMENT,9516.0940,164454.1300,9810.4062,9516.0940,294.3122,0.04181848,0.04056393,294.3122,9516.0940,0.04056393,294.3122,294.3122,294.3122,392.4162,490.5203,9516.0940,0.04056393,1765.8731,1644.6383,8044.5331,8165.7679,0.03429115,0.03480794,0.00125455,11.8178,14.9930,0.8676,208.7320,5.3202,4991.3829,240.5957,12.7170,9.8041,2.5818,2.84,3.3563,4.9054,16.007,177.8754,0.2582,0.0,5.636364,62.633151,4.16126,29,188,6,10,0.74390005,0.04181848,0.03860046,0E-8,0.000000,0.722694,0.000000,0.01256549,2026-05-12,2026-08-02,47,1844,580,83,0.566265,1.297104,1.076088,2.479667,,,,,,,,GLOBAL_BASELINE_NO_ENTITY_RANKING,,,NOT_APPLICABLE_GLOBAL_BASELINE,HF9g-P5,,,,X 全窗基线 · 不参与实体赏罚,15059280,1506,A168_HF9F_20260827_0900,2026-08-27 09:00:00
2026-07-13,17529000,1490,0,11.1016445924,0.4776288953,0.4776288953,1.0000000,4,2,0.50041234935061612,0.499948100000,1.413047742811653,1.4143603653603398,1.413047742811653,0.00046424935061612,ELIGIBLE,R03b_20260811_FULL_v1,L1_ELIGIBILITY,v2026-08-11,2026-03-21..2026-08-06,baccarat_bet02_101_all_pairs_incl_sentinel,round_win = game_pnl > 0 (decisive only),COMPATIBILITY_ONLY_NOT_PRODUCTION,234594.9955,169540.3402,9810.4062,19851,11308,-0.04181848,-0.03860046,-0.05116595,-0.04181848,-9810.4062,234594.9955,OK,0.0000,294.3122,3.0000,97.0000,AG03-UNRESOLVED,ALL5_LEVELS_bet23_to_bet27,294.3122,294.3122,294.3122,392.4162,490.5203,3.000000,3.000000,3.000000,4.000000,5.000000,97.000000,97.000000,97.000000,96.000000,95.000000,5.0,1765.8731,1644.6383,8044.5331,8165.7679,PENDING_AG03,FALSE,NOT_FOR_ENFORCEMENT,9516.0940,164454.1300,9810.4062,9516.0940,294.3122,0.04181848,0.04056393,294.3122,9516.0940,0.04056393,294.3122,294.3122,294.3122,392.4162,490.5203,9516.0940,0.04056393,1765.8731,1644.6383,8044.5331,8165.7679,0.03429115,0.03480794,0.00125455,11.8178,14.9930,0.8676,208.7320,5.3202,4991.3829,240.5957,12.7170,9.8041,2.5818,2.84,3.3563,4.9054,16.007,177.8754,0.2582,0.0,5.636364,62.633151,4.16126,29,188,6,10,0.74390005,0.04181848,0.03860046,0E-8,0.000000,0.722694,0.000000,0.01256549,2026-05-12,2026-08-02,47,1844,580,83,0.566265,1.297104,1.076088,2.479667,,,,,,,,GLOBAL_BASELINE_NO_ENTITY_RANKING,,,NOT_APPLICABLE_GLOBAL_BASELINE,HF9g-P5,,,,X 全窗基线 · 不参与实体赏罚,15059281,1506,A168_HF9F_20260827_0900,2026-08-27 09:00:00
2026-07-13,17529000,1505,0,27.8832003717,1.3941600186,1.3941600186,0.8000000,10,5,0.49983128073403684,0.499948100000,1.3423953984212578,1.3418728975849028,1.3423953984212578,-0.00011681926596316,ELIGIBLE,R03b_20260811_FULL_v1,L1_ELIGIBILITY,v2026-08-11,2026-03-21..2026-08-06,baccarat_bet02_101_all_pairs_incl_sentinel,round_win = game_pnl > 0 (decisive only),COMPATIBILITY_ONLY_NOT_PRODUCTION,234594.9955,169540.3402,9810.4062,19851,11308,-0.04181848,-0.03860046,-0.05116595,-0.04181848,-9810.4062,234594.9955,OK,0.0000,294.3122,3.0000,97.0000,AG03-UNRESOLVED,ALL5_LEVELS_bet23_to_bet27,294.3122,294.3122,294.3122,392.4162,490.5203,3.000000,3.000000,3.000000,4.000000,5.000000,97.000000,97.000000,97.000000,96.000000,95.000000,5.0,1765.8731,1644.6383,8044.5331,8165.7679,PENDING_AG03,FALSE,NOT_FOR_ENFORCEMENT,9516.0940,164454.1300,9810.4062,9516.0940,294.3122,0.04181848,0.04056393,294.3122,9516.0940,0.04056393,294.3122,294.3122,294.3122,392.4162,490.5203,9516.0940,0.04056393,1765.8731,1644.6383,8044.5331,8165.7679,0.03429115,0.03480794,0.00125455,11.8178,14.9930,0.8676,208.7320,5.3202,4991.3829,240.5957,12.7170,9.8041,2.5818,2.84,3.3563,4.9054,16.007,177.8754,0.2582,0.0,5.636364,62.633151,4.16126,29,188,6,10,0.74390005,0.04181848,0.03860046,0E-8,0.000000,0.722694,0.000000,0.01256549,2026-05-12,2026-08-02,47,1844,580,83,0.566265,1.297104,1.076088,2.479667,,,,,,,,GLOBAL_BASELINE_NO_ENTITY_RANKING,,,NOT_APPLICABLE_GLOBAL_BASELINE,HF9g-P5,,,,X 全窗基线 · 不参与实体赏罚,15059282,1506,A168_HF9F_20260827_0900,2026-08-27 09:00:00
2026-07-13,17529000,1646,0,84.6823122402,12.6119846126,12.6119846126,0.2000000,6,5,0.50548503043479046,0.505310180000,-1.3662527997530967,-1.365465642409092,-1.3662527997530967,0.00017485043479046,ELIGIBLE,R03b_20260811_FULL_v1,L1_ELIGIBILITY,v2026-08-11,2026-03-21..2026-08-06,baccarat_bet02_101_all_pairs_incl_sentinel,round_win = game_pnl > 0 (decisive only),COMPATIBILITY_ONLY_NOT_PRODUCTION,234594.9955,169540.3402,9810.4062,19851,11308,-0.04181848,-0.03860046,-0.05116595,-0.04181848,-9810.4062,234594.9955,OK,0.0000,294.3122,3.0000,97.0000,AG03-UNRESOLVED,ALL5_LEVELS_bet23_to_bet27,294.3122,294.3122,294.3122,392.4162,490.5203,3.000000,3.000000,3.000000,4.000000,5.000000,97.000000,97.000000,97.000000,96.000000,95.000000,5.0,1765.8731,1644.6383,8044.5331,8165.7679,PENDING_AG03,FALSE,NOT_FOR_ENFORCEMENT,9516.0940,164454.1300,9810.4062,9516.0940,294.3122,0.04181848,0.04056393,294.3122,9516.0940,0.04056393,294.3122,294.3122,294.3122,392.4162,490.5203,9516.0940,0.04056393,1765.8731,1644.6383,8044.5331,8165.7679,0.03429115,0.03480794,0.00125455,11.8178,14.9930,0.8676,208.7320,5.3202,4991.3829,240.5957,12.7170,9.8041,2.5818,2.84,3.3563,4.9054,16.007,177.8754,0.2582,0.0,5.636364,62.633151,4.16126,29,188,6,10,0.74390005,0.04181848,0.03860046,0E-8,0.000000,0.722694,0.000000,0.01256549,2026-05-12,2026-08-02,47,1844,580,83,0.566265,1.297104,1.076088,2.479667,,,,,,,,GLOBAL_BASELINE_NO_ENTITY_RANKING,,,NOT_APPLICABLE_GLOBAL_BASELINE,HF9g-P5,,,,X 全窗基线 · 不参与实体赏罚,15059283,1506,A168_HF9F_20260827_0900,2026-08-27 09:00:00
2026-07-13,17529000,1654,0,5.9380889681,0.6067177859,0.6067177859,1.0000000,2,1,0.50082235217395230,0.499948100000,0.9983566459565251,1.0001038053877793,0.9983566459565251,0.00087425217395230,ELIGIBLE,R03b_20260811_FULL_v1,L1_ELIGIBILITY,v2026-08-11,2026-03-21..2026-08-06,baccarat_bet02_101_all_pairs_incl_sentinel,round_win = game_pnl > 0 (decisive only),COMPATIBILITY_ONLY_NOT_PRODUCTION,234594.9955,169540.3402,9810.4062,19851,11308,-0.04181848,-0.03860046,-0.05116595,-0.04181848,-9810.4062,234594.9955,OK,0.0000,294.3122,3.0000,97.0000,AG03-UNRESOLVED,ALL5_LEVELS_bet23_to_bet27,294.3122,294.3122,294.3122,392.4162,490.5203,3.000000,3.000000,3.000000,4.000000,5.000000,97.000000,97.000000,97.000000,96.000000,95.000000,5.0,1765.8731,1644.6383,8044.5331,8165.7679,PENDING_AG03,FALSE,NOT_FOR_ENFORCEMENT,9516.0940,164454.1300,9810.4062,9516.0940,294.3122,0.04181848,0.04056393,294.3122,9516.0940,0.04056393,294.3122,294.3122,294.3122,392.4162,490.5203,9516.0940,0.04056393,1765.8731,1644.6383,8044.5331,8165.7679,0.03429115,0.03480794,0.00125455,11.8178,14.9930,0.8676,208.7320,5.3202,4991.3829,240.5957,12.7170,9.8041,2.5818,2.84,3.3563,4.9054,16.007,177.8754,0.2582,0.0,5.636364,62.633151,4.16126,29,188,6,10,0.74390005,0.04181848,0.03860046,0E-8,0.000000,0.722694,0.000000,0.01256549,2026-05-12,2026-08-02,47,1844,580,83,0.566265,1.297104,1.076088,2.479667,,,,,,,,GLOBAL_BASELINE_NO_ENTITY_RANKING,,,NOT_APPLICABLE_GLOBAL_BASELINE,HF9g-P5,,,,X 全窗基线 · 不参与实体赏罚,15059284,1506,A168_HF9F_20260827_0900,2026-08-27 09:00:00
2026-07-13,17529000,1951,0,34.8540004646,1.1488911266,1.1488911266,0.6666667,12,6,0.50067508757009221,0.499948100000,0.8131900819829658,0.8167508423630434,0.8131900819829658,0.00072698757009221,ELIGIBLE,R03b_20260811_FULL_v1,L1_ELIGIBILITY,v2026-08-11,2026-03-21..2026-08-06,baccarat_bet02_101_all_pairs_incl_sentinel,round_win = game_pnl > 0 (decisive only),COMPATIBILITY_ONLY_NOT_PRODUCTION,234594.9955,169540.3402,9810.4062,19851,11308,-0.04181848,-0.03860046,-0.05116595,-0.04181848,-9810.4062,234594.9955,OK,0.0000,294.3122,3.0000,97.0000,AG03-UNRESOLVED,ALL5_LEVELS_bet23_to_bet27,294.3122,294.3122,294.3122,392.4162,490.5203,3.000000,3.000000,3.000000,4.000000,5.000000,97.000000,97.000000,97.000000,96.000000,95.000000,5.0,1765.8731,1644.6383,8044.5331,8165.7679,PENDING_AG03,FALSE,NOT_FOR_ENFORCEMENT,9516.0940,164454.1300,9810.4062,9516.0940,294.3122,0.04181848,0.04056393,294.3122,9516.0940,0.04056393,294.3122,294.3122,294.3122,392.4162,490.5203,9516.0940,0.04056393,1765.8731,1644.6383,8044.5331,8165.7679,0.03429115,0.03480794,0.00125455,11.8178,14.9930,0.8676,208.7320,5.3202,4991.3829,240.5957,12.7170,9.8041,2.5818,2.84,3.3563,4.9054,16.007,177.8754,0.2582,0.0,5.636364,62.633151,4.16126,29,188,6,10,0.74390005,0.04181848,0.03860046,0E-8,0.000000,0.722694,0.000000,0.01256549,2026-05-12,2026-08-02,47,1844,580,83,0.566265,1.297104,1.076088,2.479667,,,,,,,,GLOBAL_BASELINE_NO_ENTITY_RANKING,,,NOT_APPLICABLE_GLOBAL_BASELINE,HF9g-P5,,,,X 全窗基线 · 不参与实体赏罚,15059285,1506,A168_HF9F_20260827_0900,2026-08-27 09:00:00
2026-07-13,17529000,1957,0,18.0724446854,1.1876177936,1.1876177936,0.6666667,6,3,0.50089594242424014,0.499948100000,0.5742475555032431,0.5775300591747329,0.5742475555032431,0.00094784242424014,ELIGIBLE,R03b_20260811_FULL_v1,L1_ELIGIBILITY,v2026-08-11,2026-03-21..2026-08-06,baccarat_bet02_101_all_pairs_incl_sentinel,round_win = game_pnl > 0 (decisive only),COMPATIBILITY_ONLY_NOT_PRODUCTION,234594.9955,169540.3402,9810.4062,19851,11308,-0.04181848,-0.03860046,-0.05116595,-0.04181848,-9810.4062,234594.9955,OK,0.0000,294.3122,3.0000,97.0000,AG03-UNRESOLVED,ALL5_LEVELS_bet23_to_bet27,294.3122,294.3122,294.3122,392.4162,490.5203,3.000000,3.000000,3.000000,4.000000,5.000000,97.000000,97.000000,97.000000,96.000000,95.000000,5.0,1765.8731,1644.6383,8044.5331,8165.7679,PENDING_AG03,FALSE,NOT_FOR_ENFORCEMENT,9516.0940,164454.1300,9810.4062,9516.0940,294.3122,0.04181848,0.04056393,294.3122,9516.0940,0.04056393,294.3122,294.3122,294.3122,392.4162,490.5203,9516.0940,0.04056393,1765.8731,1644.6383,8044.5331,8165.7679,0.03429115,0.03480794,0.00125455,11.8178,14.9930,0.8676,208.7320,5.3202,4991.3829,240.5957,12.7170,9.8041,2.5818,2.84,3.3563,4.9054,16.007,177.8754,0.2582,0.0,5.636364,62.633151,4.16126,29,188,6,10,0.74390005,0.04181848,0.03860046,0E-8,0.000000,0.722694,0.000000,0.01256549,2026-05-12,2026-08-02,47,1844,580,83,0.566265,1.297104,1.076088,2.479667,,,,,,,,GLOBAL_BASELINE_NO_ENTITY_RANKING,,,NOT_APPLICABLE_GLOBAL_BASELINE,HF9g-P5,,,,X 全窗基线 · 不参与实体赏罚,15059286,1506,A168_HF9F_20260827_0900,2026-08-27 09:00:00
2026-07-13,17529000,1985,0,159.8120465749,18.0208091293,18.0208091293,0.4761905,44,25,0.50225107618640291,0.501556724000,-0.23885176497498148,-0.2324866281823914,-0.23885176497498148,0.00069435218640291,ELIGIBLE,R03b_20260811_FULL_v1,L1_ELIGIBILITY,v2026-08-11,2026-03-21..2026-08-06,baccarat_bet02_101_all_pairs_incl_sentinel,round_win = game_pnl > 0 (decisive only),COMPATIBILITY_ONLY_NOT_PRODUCTION,234594.9955,169540.3402,9810.4062,19851,11308,-0.04181848,-0.03860046,-0.05116595,-0.04181848,-9810.4062,234594.9955,OK,0.0000,294.3122,3.0000,97.0000,AG03-UNRESOLVED,ALL5_LEVELS_bet23_to_bet27,294.3122,294.3122,294.3122,392.4162,490.5203,3.000000,3.000000,3.000000,4.000000,5.000000,97.000000,97.000000,97.000000,96.000000,95.000000,5.0,1765.8731,1644.6383,8044.5331,8165.7679,PENDING_AG03,FALSE,NOT_FOR_ENFORCEMENT,9516.0940,164454.1300,9810.4062,9516.0940,294.3122,0.04181848,0.04056393,294.3122,9516.0940,0.04056393,294.3122,294.3122,294.3122,392.4162,490.5203,9516.0940,0.04056393,1765.8731,1644.6383,8044.5331,8165.7679,0.03429115,0.03480794,0.00125455,11.8178,14.9930,0.8676,208.7320,5.3202,4991.3829,240.5957,12.7170,9.8041,2.5818,2.84,3.3563,4.9054,16.007,177.8754,0.2582,0.0,5.636364,62.633151,4.16126,29,188,6,10,0.74390005,0.04181848,0.03860046,0E-8,0.000000,0.722694,0.000000,0.01256549,2026-05-12,2026-08-02,47,1844,580,83,0.566265,1.297104,1.076088,2.479667,,,,,,,,GLOBAL_BASELINE_NO_ENTITY_RANKING,,,NOT_APPLICABLE_GLOBAL_BASELINE,HF9g-P5,,,,X 全窗基线 · 不参与实体赏罚,15059287,1506,A168_HF9F_20260827_0900,2026-08-27 09:00:00
2026-07-13,17529000,1994,0,69.1916453667,1.4070689079,1.4070689079,0.3636364,19,13,0.50389595545564596,0.503557192308,-0.9304051233051197,-0.9281532674082095,-0.9304051233051197,0.00033876314764596,ELIGIBLE,R03b_20260811_FULL_v1,L1_ELIGIBILITY,v2026-08-11,2026-03-21..2026-08-06,baccarat_bet02_101_all_pairs_incl_sentinel,round_win = game_pnl > 0 (decisive only),COMPATIBILITY_ONLY_NOT_PRODUCTION,234594.9955,169540.3402,9810.4062,19851,11308,-0.04181848,-0.03860046,-0.05116595,-0.04181848,-9810.4062,234594.9955,OK,0.0000,294.3122,3.0000,97.0000,AG03-UNRESOLVED,ALL5_LEVELS_bet23_to_bet27,294.3122,294.3122,294.3122,392.4162,490.5203,3.000000,3.000000,3.000000,4.000000,5.000000,97.000000,97.000000,97.000000,96.000000,95.000000,5.0,1765.8731,1644.6383,8044.5331,8165.7679,PENDING_AG03,FALSE,NOT_FOR_ENFORCEMENT,9516.0940,164454.1300,9810.4062,9516.0940,294.3122,0.04181848,0.04056393,294.3122,9516.0940,0.04056393,294.3122,294.3122,294.3122,392.4162,490.5203,9516.0940,0.04056393,1765.8731,1644.6383,8044.5331,8165.7679,0.03429115,0.03480794,0.00125455,11.8178,14.9930,0.8676,208.7320,5.3202,4991.3829,240.5957,12.7170,9.8041,2.5818,2.84,3.3563,4.9054,16.007,177.8754,0.2582,0.0,5.636364,62.633151,4.16126,29,188,6,10,0.74390005,0.04181848,0.03860046,0E-8,0.000000,0.722694,0.000000,0.01256549,2026-05-12,2026-08-02,47,1844,580,83,0.566265,1.297104,1.076088,2.479667,,,,,,,,GLOBAL_BASELINE_NO_ENTITY_RANKING,,,NOT_APPLICABLE_GLOBAL_BASELINE,HF9g-P5,,,,X 全窗基线 · 不参与实体赏罚,15059288,1506,A168_HF9F_20260827_0900,2026-08-27 09:00:00
2026-07-13,17529000,2088,0,116.9545348924,5.3571889605,5.3571889605,0.4705882,38,20,0.50023378646294667,0.499948100000,-0.24446350432032024,-0.24210764797668105,-0.24446350432032024,0.00028568646294667,ELIGIBLE,R03b_20260811_FULL_v1,L1_ELIGIBILITY,v2026-08-11,2026-03-21..2026-08-06,baccarat_bet02_101_all_pairs_incl_sentinel,round_win = game_pnl > 0 (decisive only),COMPATIBILITY_ONLY_NOT_PRODUCTION,234594.9955,169540.3402,9810.4062,19851,11308,-0.04181848,-0.03860046,-0.05116595,-0.04181848,-9810.4062,234594.9955,OK,0.0000,294.3122,3.0000,97.0000,AG03-UNRESOLVED,ALL5_LEVELS_bet23_to_bet27,294.3122,294.3122,294.3122,392.4162,490.5203,3.000000,3.000000,3.000000,4.000000,5.000000,97.000000,97.000000,97.000000,96.000000,95.000000,5.0,1765.8731,1644.6383,8044.5331,8165.7679,PENDING_AG03,FALSE,NOT_FOR_ENFORCEMENT,9516.0940,164454.1300,9810.4062,9516.0940,294.3122,0.04181848,0.04056393,294.3122,9516.0940,0.04056393,294.3122,294.3122,294.3122,392.4162,490.5203,9516.0940,0.04056393,1765.8731,1644.6383,8044.5331,8165.7679,0.03429115,0.03480794,0.00125455,11.8178,14.9930,0.8676,208.7320,5.3202,4991.3829,240.5957,12.7170,9.8041,2.5818,2.84,3.3563,4.9054,16.007,177.8754,0.2582,0.0,5.636364,62.633151,4.16126,29,188,6,10,0.74390005,0.04181848,0.03860046,0E-8,0.000000,0.722694,0.000000,0.01256549,2026-05-12,2026-08-02,47,1844,580,83,0.566265,1.297104,1.076088,2.479667,,,,,,,,GLOBAL_BASELINE_NO_ENTITY_RANKING,,,NOT_APPLICABLE_GLOBAL_BASELINE,HF9g-P5,,,,X 全窗基线 · 不参与实体赏罚,15059289,1506,A168_HF9F_20260827_0900,2026-08-27 09:00:00
2026-07-13,17529000,2103,0,79.2605788344,2.8657733717,2.8657733717,0.4615385,26,14,0.49908950903283086,0.498990585714,-0.2707849033350492,-0.27007165854177423,-0.2707849033350492,0.00009892331883086,ELIGIBLE,R03b_20260811_FULL_v1,L1_ELIGIBILITY,v2026-08-11,2026-03-21..2026-08-06,baccarat_bet02_101_all_pairs_incl_sentinel,round_win = game_pnl > 0 (decisive only),COMPATIBILITY_ONLY_NOT_PRODUCTION,234594.9955,169540.3402,9810.4062,19851,11308,-0.04181848,-0.03860046,-0.05116595,-0.04181848,-9810.4062,234594.9955,OK,0.0000,294.3122,3.0000,97.0000,AG03-UNRESOLVED,ALL5_LEVELS_bet23_to_bet27,294.3122,294.3122,294.3122,392.4162,490.5203,3.000000,3.000000,3.000000,4.000000,5.000000,97.000000,97.000000,97.000000,96.000000,95.000000,5.0,1765.8731,1644.6383,8044.5331,8165.7679,PENDING_AG03,FALSE,NOT_FOR_ENFORCEMENT,9516.0940,164454.1300,9810.4062,9516.0940,294.3122,0.04181848,0.04056393,294.3122,9516.0940,0.04056393,294.3122,294.3122,294.3122,392.4162,490.5203,9516.0940,0.04056393,1765.8731,1644.6383,8044.5331,8165.7679,0.03429115,0.03480794,0.00125455,11.8178,14.9930,0.8676,208.7320,5.3202,4991.3829,240.5957,12.7170,9.8041,2.5818,2.84,3.3563,4.9054,16.007,177.8754,0.2582,0.0,5.636364,62.633151,4.16126,29,188,6,10,0.74390005,0.04181848,0.03860046,0E-8,0.000000,0.722694,0.000000,0.01256549,2026-05-12,2026-08-02,47,1844,580,83,0.566265,1.297104,1.076088,2.479667,,,,,,,,GLOBAL_BASELINE_NO_ENTITY_RANKING,,,NOT_APPLICABLE_GLOBAL_BASELINE,HF9g-P5,,,,X 全窗基线 · 不参与实体赏罚,15059290,1506,A168_HF9F_20260827_0900,2026-08-27 09:00:00
2026-07-13,17529000,2142,0,5.9380889681,-0.9036222343,-0.9036222343,0E-7,2,1,0.49907384782604770,0.499948100000,-0.9981494079945431,-0.9998962053866608,-0.9981494079945431,-0.00087425217395230,ELIGIBLE,R03b_20260811_FULL_v1,L1_ELIGIBILITY,v2026-08-11,2026-03-21..2026-08-06,baccarat_bet02_101_all_pairs_incl_sentinel,round_win = game_pnl > 0 (decisive only),COMPATIBILITY_ONLY_NOT_PRODUCTION,234594.9955,169540.3402,9810.4062,19851,11308,-0.04181848,-0.03860046,-0.05116595,-0.04181848,-9810.4062,234594.9955,OK,0.0000,294.3122,3.0000,97.0000,AG03-UNRESOLVED,ALL5_LEVELS_bet23_to_bet27,294.3122,294.3122,294.3122,392.4162,490.5203,3.000000,3.000000,3.000000,4.000000,5.000000,97.000000,97.000000,97.000000,96.000000,95.000000,5.0,1765.8731,1644.6383,8044.5331,8165.7679,PENDING_AG03,FALSE,NOT_FOR_ENFORCEMENT,9516.0940,164454.1300,9810.4062,9516.0940,294.3122,0.04181848,0.04056393,294.3122,9516.0940,0.04056393,294.3122,294.3122,294.3122,392.4162,490.5203,9516.0940,0.04056393,1765.8731,1644.6383,8044.5331,8165.7679,0.03429115,0.03480794,0.00125455,11.8178,14.9930,0.8676,208.7320,5.3202,4991.3829,240.5957,12.7170,9.8041,2.5818,2.84,3.3563,4.9054,16.007,177.8754,0.2582,0.0,5.636364,62.633151,4.16126,29,188,6,10,0.74390005,0.04181848,0.03860046,0E-8,0.000000,0.722694,0.000000,0.01256549,2026-05-12,2026-08-02,47,1844,580,83,0.566265,1.297104,1.076088,2.479667,,,,,,,,GLOBAL_BASELINE_NO_ENTITY_RANKING,,,NOT_APPLICABLE_GLOBAL_BASELINE,HF9g-P5,,,,X 全窗基线 · 不参与实体赏罚,15059291,1506,A168_HF9F_20260827_0900,2026-08-27 09:00:00
2026-07-13,17529000,2147,0,23.7523558721,0.0387266673,0.0387266673,0.2500000,8,4,0.50015765699856545,0.499948100000,-1.0006306777370733,-0.9997924053861017,-1.0006306777370733,0.00020955699856545,ELIGIBLE,R03b_20260811_FULL_v1,L1_ELIGIBILITY,v2026-08-11,2026-03-21..2026-08-06,baccarat_bet02_101_all_pairs_incl_sentinel,round_win = game_pnl > 0 (decisive only),COMPATIBILITY_ONLY_NOT_PRODUCTION,234594.9955,169540.3402,9810.4062,19851,11308,-0.04181848,-0.03860046,-0.05116595,-0.04181848,-9810.4062,234594.9955,OK,0.0000,294.3122,3.0000,97.0000,AG03-UNRESOLVED,ALL5_LEVELS_bet23_to_bet27,294.3122,294.3122,294.3122,392.4162,490.5203,3.000000,3.000000,3.000000,4.000000,5.000000,97.000000,97.000000,97.000000,96.000000,95.000000,5.0,1765.8731,1644.6383,8044.5331,8165.7679,PENDING_AG03,FALSE,NOT_FOR_ENFORCEMENT,9516.0940,164454.1300,9810.4062,9516.0940,294.3122,0.04181848,0.04056393,294.3122,9516.0940,0.04056393,294.3122,294.3122,294.3122,392.4162,490.5203,9516.0940,0.04056393,1765.8731,1644.6383,8044.5331,8165.7679,0.03429115,0.03480794,0.00125455,11.8178,14.9930,0.8676,208.7320,5.3202,4991.3829,240.5957,12.7170,9.8041,2.5818,2.84,3.3563,4.9054,16.007,177.8754,0.2582,0.0,5.636364,62.633151,4.16126,29,188,6,10,0.74390005,0.04181848,0.03860046,0E-8,0.000000,0.722694,0.000000,0.01256549,2026-05-12,2026-08-02,47,1844,580,83,0.566265,1.297104,1.076088,2.479667,,,,,,,,GLOBAL_BASELINE_NO_ENTITY_RANKING,,,NOT_APPLICABLE_GLOBAL_BASELINE,HF9g-P5,,,,X 全窗基线 · 不参与实体赏罚,15059292,1506,A168_HF9F_20260827_0900,2026-08-27 09:00:00
2026-07-13,17529000,2153,0,66.8680453359,4.2599333904,4.2599333904,0.5833333,22,12,0.50188861250857178,0.501065200000,0.5642696032595607,0.5699716405480334,0.5642696032595607,0.00082341250857178,ELIGIBLE,R03b_20260811_FULL_v1,L1_ELIGIBILITY,v2026-08-11,2026-03-21..2026-08-06,baccarat_bet02_101_all_pairs_incl_sentinel,round_win = game_pnl > 0 (decisive only),COMPATIBILITY_ONLY_NOT_PRODUCTION,234594.9955,169540.3402,9810.4062,19851,11308,-0.04181848,-0.03860046,-0.05116595,-0.04181848,-9810.4062,234594.9955,OK,0.0000,294.3122,3.0000,97.0000,AG03-UNRESOLVED,ALL5_LEVELS_bet23_to_bet27,294.3122,294.3122,294.3122,392.4162,490.5203,3.000000,3.000000,3.000000,4.000000,5.000000,97.000000,97.000000,97.000000,96.000000,95.000000,5.0,1765.8731,1644.6383,8044.5331,8165.7679,PENDING_AG03,FALSE,NOT_FOR_ENFORCEMENT,9516.0940,164454.1300,9810.4062,9516.0940,294.3122,0.04181848,0.04056393,294.3122,9516.0940,0.04056393,294.3122,294.3122,294.3122,392.4162,490.5203,9516.0940,0.04056393,1765.8731,1644.6383,8044.5331,8165.7679,0.03429115,0.03480794,0.00125455,11.8178,14.9930,0.8676,208.7320,5.3202,4991.3829,240.5957,12.7170,9.8041,2.5818,2.84,3.3563,4.9054,16.007,177.8754,0.2582,0.0,5.636364,62.633151,4.16126,29,188,6,10,0.74390005,0.04181848,0.03860046,0E-8,0.000000,0.722694,0.000000,0.01256549,2026-05-12,2026-08-02,47,1844,580,83,0.566265,1.297104,1.076088,2.479667,,,,,,,,GLOBAL_BASELINE_NO_ENTITY_RANKING,,,NOT_APPLICABLE_GLOBAL_BASELINE,HF9g-P5,,,,X 全窗基线 · 不参与实体赏罚,15059293,1506,A168_HF9F_20260827_0900,2026-08-27 09:00:00
2026-07-13,17529000,2188,0,5.6799111868,0.3614488937,0.3614488937,1.0000000,2,1,0.50055742727268436,0.499948100000,0.9988857662127119,1.0001038053877793,0.9988857662127119,0.00060932727268436,ELIGIBLE,R03b_20260811_FULL_v1,L1_ELIGIBILITY,v2026-08-11,2026-03-21..2026-08-06,baccarat_bet02_101_all_pairs_incl_sentinel,round_win = game_pnl > 0 (decisive only),COMPATIBILITY_ONLY_NOT_PRODUCTION,234594.9955,169540.3402,9810.4062,19851,11308,-0.04181848,-0.03860046,-0.05116595,-0.04181848,-9810.4062,234594.9955,OK,0.0000,294.3122,3.0000,97.0000,AG03-UNRESOLVED,ALL5_LEVELS_bet23_to_bet27,294.3122,294.3122,294.3122,392.4162,490.5203,3.000000,3.000000,3.000000,4.000000,5.000000,97.000000,97.000000,97.000000,96.000000,95.000000,5.0,1765.8731,1644.6383,8044.5331,8165.7679,PENDING_AG03,FALSE,NOT_FOR_ENFORCEMENT,9516.0940,164454.1300,9810.4062,9516.0940,294.3122,0.04181848,0.04056393,294.3122,9516.0940,0.04056393,294.3122,294.3122,294.3122,392.4162,490.5203,9516.0940,0.04056393,1765.8731,1644.6383,8044.5331,8165.7679,0.03429115,0.03480794,0.00125455,11.8178,14.9930,0.8676,208.7320,5.3202,4991.3829,240.5957,12.7170,9.8041,2.5818,2.84,3.3563,4.9054,16.007,177.8754,0.2582,0.0,5.636364,62.633151,4.16126,29,188,6,10,0.74390005,0.04181848,0.03860046,0E-8,0.000000,0.722694,0.000000,0.01256549,2026-05-12,2026-08-02,47,1844,580,83,0.566265,1.297104,1.076088,2.479667,,,,,,,,GLOBAL_BASELINE_NO_ENTITY_RANKING,,,NOT_APPLICABLE_GLOBAL_BASELINE,HF9g-P5,,,,X 全窗基线 · 不参与实体赏罚,15059294,1506,A168_HF9F_20260827_0900,2026-08-27 09:00:00
2026-07-13,17529000,2212,0,11.3598223737,0.7228977875,0.7228977875,1.0000000,4,2,0.50054481180125009,0.499948100000,1.4126734405159815,1.4143603653603398,1.4126734405159815,0.00059671180125009,ELIGIBLE,R03b_20260811_FULL_v1,L1_ELIGIBILITY,v2026-08-11,2026-03-21..2026-08-06,baccarat_bet02_101_all_pairs_incl_sentinel,round_win = game_pnl > 0 (decisive only),COMPATIBILITY_ONLY_NOT_PRODUCTION,234594.9955,169540.3402,9810.4062,19851,11308,-0.04181848,-0.03860046,-0.05116595,-0.04181848,-9810.4062,234594.9955,OK,0.0000,294.3122,3.0000,97.0000,AG03-UNRESOLVED,ALL5_LEVELS_bet23_to_bet27,294.3122,294.3122,294.3122,392.4162,490.5203,3.000000,3.000000,3.000000,4.000000,5.000000,97.000000,97.000000,97.000000,96.000000,95.000000,5.0,1765.8731,1644.6383,8044.5331,8165.7679,PENDING_AG03,FALSE,NOT_FOR_ENFORCEMENT,9516.0940,164454.1300,9810.4062,9516.0940,294.3122,0.04181848,0.04056393,294.3122,9516.0940,0.04056393,294.3122,294.3122,294.3122,392.4162,490.5203,9516.0940,0.04056393,1765.8731,1644.6383,8044.5331,8165.7679,0.03429115,0.03480794,0.00125455,11.8178,14.9930,0.8676,208.7320,5.3202,4991.3829,240.5957,12.7170,9.8041,2.5818,2.84,3.3563,4.9054,16.007,177.8754,0.2582,0.0,5.636364,62.633151,4.16126,29,188,6,10,0.74390005,0.04181848,0.03860046,0E-8,0.000000,0.722694,0.000000,0.01256549,2026-05-12,2026-08-02,47,1844,580,83,0.566265,1.297104,1.076088,2.479667,,,,,,,,GLOBAL_BASELINE_NO_ENTITY_RANKING,,,NOT_APPLICABLE_GLOBAL_BASELINE,HF9g-P5,,,,X 全窗基线 · 不参与实体赏罚,15059295,1506,A168_HF9F_20260827_0900,2026-08-27 09:00:00
2026-07-13,17529000,2229,0,21.1705780601,3.6273978261,3.6273978261,0.3333333,4,3,0.50478886666667268,0.504416500000,-0.5939666337325493,-0.5926725951415955,-0.5939666337325493,0.00037236666667268,ELIGIBLE,R03b_20260811_FULL_v1,L1_ELIGIBILITY,v2026-08-11,2026-03-21..2026-08-06,baccarat_bet02_101_all_pairs_incl_sentinel,round_win = game_pnl > 0 (decisive only),COMPATIBILITY_ONLY_NOT_PRODUCTION,234594.9955,169540.3402,9810.4062,19851,11308,-0.04181848,-0.03860046,-0.05116595,-0.04181848,-9810.4062,234594.9955,OK,0.0000,294.3122,3.0000,97.0000,AG03-UNRESOLVED,ALL5_LEVELS_bet23_to_bet27,294.3122,294.3122,294.3122,392.4162,490.5203,3.000000,3.000000,3.000000,4.000000,5.000000,97.000000,97.000000,97.000000,96.000000,95.000000,5.0,1765.8731,1644.6383,8044.5331,8165.7679,PENDING_AG03,FALSE,NOT_FOR_ENFORCEMENT,9516.0940,164454.1300,9810.4062,9516.0940,294.3122,0.04181848,0.04056393,294.3122,9516.0940,0.04056393,294.3122,294.3122,294.3122,392.4162,490.5203,9516.0940,0.04056393,1765.8731,1644.6383,8044.5331,8165.7679,0.03429115,0.03480794,0.00125455,11.8178,14.9930,0.8676,208.7320,5.3202,4991.3829,240.5957,12.7170,9.8041,2.5818,2.84,3.3563,4.9054,16.007,177.8754,0.2582,0.0,5.636364,62.633151,4.16126,29,188,6,10,0.74390005,0.04181848,0.03860046,0E-8,0.000000,0.722694,0.000000,0.01256549,2026-05-12,2026-08-02,47,1844,580,83,0.566265,1.297104,1.076088,2.479667,,,,,,,,GLOBAL_BASELINE_NO_ENTITY_RANKING,,,NOT_APPLICABLE_GLOBAL_BASELINE,HF9g-P5,,,,X 全窗基线 · 不参与实体赏罚,15059296,1506,A168_HF9F_20260827_0900,2026-08-27 09:00:00
2026-07-13,17529000,2242,0,5.6799111868,0.3614488937,0.3614488937,1.0000000,2,1,0.50055742727268436,0.499948100000,0.9988857662127119,1.0001038053877793,0.9988857662127119,0.00060932727268436,ELIGIBLE,R03b_20260811_FULL_v1,L1_ELIGIBILITY,v2026-08-11,2026-03-21..2026-08-06,baccarat_bet02_101_all_pairs_incl_sentinel,round_win = game_pnl > 0 (decisive only),COMPATIBILITY_ONLY_NOT_PRODUCTION,234594.9955,169540.3402,9810.4062,19851,11308,-0.04181848,-0.03860046,-0.05116595,-0.04181848,-9810.4062,234594.9955,OK,0.0000,294.3122,3.0000,97.0000,AG03-UNRESOLVED,ALL5_LEVELS_bet23_to_bet27,294.3122,294.3122,294.3122,392.4162,490.5203,3.000000,3.000000,3.000000,4.000000,5.000000,97.000000,97.000000,97.000000,96.000000,95.000000,5.0,1765.8731,1644.6383,8044.5331,8165.7679,PENDING_AG03,FALSE,NOT_FOR_ENFORCEMENT,9516.0940,164454.1300,9810.4062,9516.0940,294.3122,0.04181848,0.04056393,294.3122,9516.0940,0.04056393,294.3122,294.3122,294.3122,392.4162,490.5203,9516.0940,0.04056393,1765.8731,1644.6383,8044.5331,8165.7679,0.03429115,0.03480794,0.00125455,11.8178,14.9930,0.8676,208.7320,5.3202,4991.3829,240.5957,12.7170,9.8041,2.5818,2.84,3.3563,4.9054,16.007,177.8754,0.2582,0.0,5.636364,62.633151,4.16126,29,188,6,10,0.74390005,0.04181848,0.03860046,0E-8,0.000000,0.722694,0.000000,0.01256549,2026-05-12,2026-08-02,47,1844,580,83,0.566265,1.297104,1.076088,2.479667,,,,,,,,GLOBAL_BASELINE_NO_ENTITY_RANKING,,,NOT_APPLICABLE_GLOBAL_BASELINE,HF9g-P5,,,,X 全窗基线 · 不参与实体赏罚,15059297,1506,A168_HF9F_20260827_0900,2026-08-27 09:00:00
2026-07-13,17529000,2246,0,2.8399555934,-2.8399555934,-2.8399555934,0E-7,1,1,0.50665070000000000,0.506650700000,-1.013391052207602,-1.013391052207602,-1.013391052207602,0E-17,ELIGIBLE,R03b_20260811_FULL_v1,L1_ELIGIBILITY,v2026-08-11,2026-03-21..2026-08-06,baccarat_bet02_101_all_pairs_incl_sentinel,round_win = game_pnl > 0 (decisive only),COMPATIBILITY_ONLY_NOT_PRODUCTION,234594.9955,169540.3402,9810.4062,19851,11308,-0.04181848,-0.03860046,-0.05116595,-0.04181848,-9810.4062,234594.9955,OK,0.0000,294.3122,3.0000,97.0000,AG03-UNRESOLVED,ALL5_LEVELS_bet23_to_bet27,294.3122,294.3122,294.3122,392.4162,490.5203,3.000000,3.000000,3.000000,4.000000,5.000000,97.000000,97.000000,97.000000,96.000000,95.000000,5.0,1765.8731,1644.6383,8044.5331,8165.7679,PENDING_AG03,FALSE,NOT_FOR_ENFORCEMENT,9516.0940,164454.1300,9810.4062,9516.0940,294.3122,0.04181848,0.04056393,294.3122,9516.0940,0.04056393,294.3122,294.3122,294.3122,392.4162,490.5203,9516.0940,0.04056393,1765.8731,1644.6383,8044.5331,8165.7679,0.03429115,0.03480794,0.00125455,11.8178,14.9930,0.8676,208.7320,5.3202,4991.3829,240.5957,12.7170,9.8041,2.5818,2.84,3.3563,4.9054,16.007,177.8754,0.2582,0.0,5.636364,62.633151,4.16126,29,188,6,10,0.74390005,0.04181848,0.03860046,0E-8,0.000000,0.722694,0.000000,0.01256549,2026-05-12,2026-08-02,47,1844,580,83,0.566265,1.297104,1.076088,2.479667,,,,,,,,GLOBAL_BASELINE_NO_ENTITY_RANKING,,,NOT_APPLICABLE_GLOBAL_BASELINE,HF9g-P5,,,,X 全窗基线 · 不参与实体赏罚,15059298,1506,A168_HF9F_20260827_0900,2026-08-27 09:00:00
2026-07-13,17529000,2251,0,17.2979113417,2.8399555935,2.8399555935,0.6666667,4,3,0.50470791739131743,0.504416500000,0.5610664370002756,0.5620729918323724,0.5610664370002756,0.00029141739131743,ELIGIBLE,R03b_20260811_FULL_v1,L1_ELIGIBILITY,v2026-08-11,2026-03-21..2026-08-06,baccarat_bet02_101_all_pairs_incl_sentinel,round_win = game_pnl > 0 (decisive only),COMPATIBILITY_ONLY_NOT_PRODUCTION,234594.9955,169540.3402,9810.4062,19851,11308,-0.04181848,-0.03860046,-0.05116595,-0.04181848,-9810.4062,234594.9955,OK,0.0000,294.3122,3.0000,97.0000,AG03-UNRESOLVED,ALL5_LEVELS_bet23_to_bet27,294.3122,294.3122,294.3122,392.4162,490.5203,3.000000,3.000000,3.000000,4.000000,5.000000,97.000000,97.000000,97.000000,96.000000,95.000000,5.0,1765.8731,1644.6383,8044.5331,8165.7679,PENDING_AG03,FALSE,NOT_FOR_ENFORCEMENT,9516.0940,164454.1300,9810.4062,9516.0940,294.3122,0.04181848,0.04056393,294.3122,9516.0940,0.04056393,294.3122,294.3122,294.3122,392.4162,490.5203,9516.0940,0.04056393,1765.8731,1644.6383,8044.5331,8165.7679,0.03429115,0.03480794,0.00125455,11.8178,14.9930,0.8676,208.7320,5.3202,4991.3829,240.5957,12.7170,9.8041,2.5818,2.84,3.3563,4.9054,16.007,177.8754,0.2582,0.0,5.636364,62.633151,4.16126,29,188,6,10,0.74390005,0.04181848,0.03860046,0E-8,0.000000,0.722694,0.000000,0.01256549,2026-05-12,2026-08-02,47,1844,580,83,0.566265,1.297104,1.076088,2.479667,,,,,,,,GLOBAL_BASELINE_NO_ENTITY_RANKING,,,NOT_APPLICABLE_GLOBAL_BASELINE,HF9g-P5,,,,X 全窗基线 · 不参与实体赏罚,15059299,1506,A168_HF9F_20260827_0900,2026-08-27 09:00:00
2026-07-13,17529000,2258,0,270.3121369375,35.1638138021,35.1638138021,0.2222222,13,9,0.50409213442359254,0.503671766667,-1.691276116902159,-1.6887428021059638,-1.691276116902159,0.00042036775659254,ELIGIBLE,R03b_20260811_FULL_v1,L1_ELIGIBILITY,v2026-08-11,2026-03-21..2026-08-06,baccarat_bet02_101_all_pairs_incl_sentinel,round_win = game_pnl > 0 (decisive only),COMPATIBILITY_ONLY_NOT_PRODUCTION,234594.9955,169540.3402,9810.4062,19851,11308,-0.04181848,-0.03860046,-0.05116595,-0.04181848,-9810.4062,234594.9955,OK,0.0000,294.3122,3.0000,97.0000,AG03-UNRESOLVED,ALL5_LEVELS_bet23_to_bet27,294.3122,294.3122,294.3122,392.4162,490.5203,3.000000,3.000000,3.000000,4.000000,5.000000,97.000000,97.000000,97.000000,96.000000,95.000000,5.0,1765.8731,1644.6383,8044.5331,8165.7679,PENDING_AG03,FALSE,NOT_FOR_ENFORCEMENT,9516.0940,164454.1300,9810.4062,9516.0940,294.3122,0.04181848,0.04056393,294.3122,9516.0940,0.04056393,294.3122,294.3122,294.3122,392.4162,490.5203,9516.0940,0.04056393,1765.8731,1644.6383,8044.5331,8165.7679,0.03429115,0.03480794,0.00125455,11.8178,14.9930,0.8676,208.7320,5.3202,4991.3829,240.5957,12.7170,9.8041,2.5818,2.84,3.3563,4.9054,16.007,177.8754,0.2582,0.0,5.636364,62.633151,4.16126,29,188,6,10,0.74390005,0.04181848,0.03860046,0E-8,0.000000,0.722694,0.000000,0.01256549,2026-05-12,2026-08-02,47,1844,580,83,0.566265,1.297104,1.076088,2.479667,,,,,,,,GLOBAL_BASELINE_NO_ENTITY_RANKING,,,NOT_APPLICABLE_GLOBAL_BASELINE,HF9g-P5,,,,X 全窗基线 · 不参与实体赏罚,15059300,1506,A168_HF9F_20260827_0900,2026-08-27 09:00:00
2026-07-13,17529000,2278,0,5.6799111868,0.5163555624,0.5163555624,1.0000000,2,1,0.49933877272731564,0.499948100000,1.0013233301459405,1.0001038053877793,1.0013233301459405,-0.00060932727268436,ELIGIBLE,R03b_20260811_FULL_v1,L1_ELIGIBILITY,v2026-08-11,2026-03-21..2026-08-06,baccarat_bet02_101_all_pairs_incl_sentinel,round_win = game_pnl > 0 (decisive only),COMPATIBILITY_ONLY_NOT_PRODUCTION,234594.9955,169540.3402,9810.4062,19851,11308,-0.04181848,-0.03860046,-0.05116595,-0.04181848,-9810.4062,234594.9955,OK,0.0000,294.3122,3.0000,97.0000,AG03-UNRESOLVED,ALL5_LEVELS_bet23_to_bet27,294.3122,294.3122,294.3122,392.4162,490.5203,3.000000,3.000000,3.000000,4.000000,5.000000,97.000000,97.000000,97.000000,96.000000,95.000000,5.0,1765.8731,1644.6383,8044.5331,8165.7679,PENDING_AG03,FALSE,NOT_FOR_ENFORCEMENT,9516.0940,164454.1300,9810.4062,9516.0940,294.3122,0.04181848,0.04056393,294.3122,9516.0940,0.04056393,294.3122,294.3122,294.3122,392.4162,490.5203,9516.0940,0.04056393,1765.8731,1644.6383,8044.5331,8165.7679,0.03429115,0.03480794,0.00125455,11.8178,14.9930,0.8676,208.7320,5.3202,4991.3829,240.5957,12.7170,9.8041,2.5818,2.84,3.3563,4.9054,16.007,177.8754,0.2582,0.0,5.636364,62.633151,4.16126,29,188,6,10,0.74390005,0.04181848,0.03860046,0E-8,0.000000,0.722694,0.000000,0.01256549,2026-05-12,2026-08-02,47,1844,580,83,0.566265,1.297104,1.076088,2.479667,,,,,,,,GLOBAL_BASELINE_NO_ENTITY_RANKING,,,NOT_APPLICABLE_GLOBAL_BASELINE,HF9g-P5,,,,X 全窗基线 · 不参与实体赏罚,15059301,1506,A168_HF9F_20260827_0900,2026-08-27 09:00:00
2026-07-13,17529000,2280,0,57.8318229932,-5.4475511837,-5.4475511837,0.3333333,19,10,0.50146050439725343,0.500618360000,-1.0087673299416005,-1.0037109275763607,-1.0087673299416005,0.00084214439725343,ELIGIBLE,R03b_20260811_FULL_v1,L1_ELIGIBILITY,v2026-08-11,2026-03-21..2026-08-06,baccarat_bet02_101_all_pairs_incl_sentinel,round_win = game_pnl > 0 (decisive only),COMPATIBILITY_ONLY_NOT_PRODUCTION,234594.9955,169540.3402,9810.4062,19851,11308,-0.04181848,-0.03860046,-0.05116595,-0.04181848,-9810.4062,234594.9955,OK,0.0000,294.3122,3.0000,97.0000,AG03-UNRESOLVED,ALL5_LEVELS_bet23_to_bet27,294.3122,294.3122,294.3122,392.4162,490.5203,3.000000,3.000000,3.000000,4.000000,5.000000,97.000000,97.000000,97.000000,96.000000,95.000000,5.0,1765.8731,1644.6383,8044.5331,8165.7679,PENDING_AG03,FALSE,NOT_FOR_ENFORCEMENT,9516.0940,164454.1300,9810.4062,9516.0940,294.3122,0.04181848,0.04056393,294.3122,9516.0940,0.04056393,294.3122,294.3122,294.3122,392.4162,490.5203,9516.0940,0.04056393,1765.8731,1644.6383,8044.5331,8165.7679,0.03429115,0.03480794,0.00125455,11.8178,14.9930,0.8676,208.7320,5.3202,4991.3829,240.5957,12.7170,9.8041,2.5818,2.84,3.3563,4.9054,16.007,177.8754,0.2582,0.0,5.636364,62.633151,4.16126,29,188,6,10,0.74390005,0.04181848,0.03860046,0E-8,0.000000,0.722694,0.000000,0.01256549,2026-05-12,2026-08-02,47,1844,580,83,0.566265,1.297104,1.076088,2.479667,,,,,,,,GLOBAL_BASELINE_NO_ENTITY_RANKING,,,NOT_APPLICABLE_GLOBAL_BASELINE,HF9g-P5,,,,X 全窗基线 · 不参与实体赏罚,15059302,1506,A168_HF9F_20260827_0900,2026-08-27 09:00:00
2026-07-13,17529000,2287,0,56.5409340872,0.8778044561,0.8778044561,0.2500000,17,10,0.50282331032850890,0.501958880000,-1.4302074181832625,-1.4253055994635482,-1.4302074181832625,0.00086443032850890,ELIGIBLE,R03b_20260811_FULL_v1,L1_ELIGIBILITY,v2026-08-11,2026-03-21..2026-08-06,baccarat_bet02_101_all_pairs_incl_sentinel,round_win = game_pnl > 0 (decisive only),COMPATIBILITY_ONLY_NOT_PRODUCTION,234594.9955,169540.3402,9810.4062,19851,11308,-0.04181848,-0.03860046,-0.05116595,-0.04181848,-9810.4062,234594.9955,OK,0.0000,294.3122,3.0000,97.0000,AG03-UNRESOLVED,ALL5_LEVELS_bet23_to_bet27,294.3122,294.3122,294.3122,392.4162,490.5203,3.000000,3.000000,3.000000,4.000000,5.000000,97.000000,97.000000,97.000000,96.000000,95.000000,5.0,1765.8731,1644.6383,8044.5331,8165.7679,PENDING_AG03,FALSE,NOT_FOR_ENFORCEMENT,9516.0940,164454.1300,9810.4062,9516.0940,294.3122,0.04181848,0.04056393,294.3122,9516.0940,0.04056393,294.3122,294.3122,294.3122,392.4162,490.5203,9516.0940,0.04056393,1765.8731,1644.6383,8044.5331,8165.7679,0.03429115,0.03480794,0.00125455,11.8178,14.9930,0.8676,208.7320,5.3202,4991.3829,240.5957,12.7170,9.8041,2.5818,2.84,3.3563,4.9054,16.007,177.8754,0.2582,0.0,5.636364,62.633151,4.16126,29,188,6,10,0.74390005,0.04181848,0.03860046,0E-8,0.000000,0.722694,0.000000,0.01256549,2026-05-12,2026-08-02,47,1844,580,83,0.566265,1.297104,1.076088,2.479667,,,,,,,,GLOBAL_BASELINE_NO_ENTITY_RANKING,,,NOT_APPLICABLE_GLOBAL_BASELINE,HF9g-P5,,,,X 全窗基线 · 不参与实体赏罚,15059303,1506,A168_HF9F_20260827_0900,2026-08-27 09:00:00
2026-07-13,17529000,462,0,74.3552009913,3.8855756075,3.8855756075,0.5384615,25,14,0.50193026090182783,0.501384371429,0.26343275185874854,0.26736827858567647,0.26343275185874854,0.00054588947282783,ELIGIBLE,R03b_20260811_FULL_v1,L1_ELIGIBILITY,v2026-08-11,2026-03-21..2026-08-06,baccarat_bet02_101_all_pairs_incl_sentinel,round_win = game_pnl > 0 (decisive only),COMPATIBILITY_ONLY_NOT_PRODUCTION,234594.9955,169540.3402,9810.4062,19851,11308,-0.04181848,-0.03860046,-0.05116595,-0.04181848,-9810.4062,234594.9955,OK,0.0000,294.3122,3.0000,97.0000,AG03-UNRESOLVED,ALL5_LEVELS_bet23_to_bet27,294.3122,294.3122,294.3122,392.4162,490.5203,3.000000,3.000000,3.000000,4.000000,5.000000,97.000000,97.000000,97.000000,96.000000,95.000000,5.0,1765.8731,1644.6383,8044.5331,8165.7679,PENDING_AG03,FALSE,NOT_FOR_ENFORCEMENT,9516.0940,164454.1300,9810.4062,9516.0940,294.3122,0.04181848,0.04056393,294.3122,9516.0940,0.04056393,294.3122,294.3122,294.3122,392.4162,490.5203,9516.0940,0.04056393,1765.8731,1644.6383,8044.5331,8165.7679,0.03429115,0.03480794,0.00125455,11.8178,14.9930,0.8676,208.7320,5.3202,4991.3829,240.5957,12.7170,9.8041,2.5818,2.84,3.3563,4.9054,16.007,177.8754,0.2582,0.0,5.636364,62.633151,4.16126,29,188,6,10,0.74390005,0.04181848,0.03860046,0E-8,0.000000,0.722694,0.000000,0.01256549,2026-05-12,2026-08-02,47,1844,580,83,0.566265,1.297104,1.076088,2.479667,,,,,,,,GLOBAL_BASELINE_NO_ENTITY_RANKING,,,NOT_APPLICABLE_GLOBAL_BASELINE,HF9g-P5,,,,X 全窗基线 · 不参与实体赏罚,15059304,1506,A168_HF9F_20260827_0900,2026-08-27 09:00:00
2026-07-13,17529000,550,0,17.0397335605,0.3485400047,0.3485400047,0.5000000,6,3,0.50054901695839485,0.499948100000,-0.0015528553931920932,0.00014679536856514622,-0.0015528553931920932,0.00060091695839485,ELIGIBLE,R03b_20260811_FULL_v1,L1_ELIGIBILITY,v2026-08-11,2026-03-21..2026-08-06,baccarat_bet02_101_all_pairs_incl_sentinel,round_win = game_pnl > 0 (decisive only),COMPATIBILITY_ONLY_NOT_PRODUCTION,234594.9955,169540.3402,9810.4062,19851,11308,-0.04181848,-0.03860046,-0.05116595,-0.04181848,-9810.4062,234594.9955,OK,0.0000,294.3122,3.0000,97.0000,AG03-UNRESOLVED,ALL5_LEVELS_bet23_to_bet27,294.3122,294.3122,294.3122,392.4162,490.5203,3.000000,3.000000,3.000000,4.000000,5.000000,97.000000,97.000000,97.000000,96.000000,95.000000,5.0,1765.8731,1644.6383,8044.5331,8165.7679,PENDING_AG03,FALSE,NOT_FOR_ENFORCEMENT,9516.0940,164454.1300,9810.4062,9516.0940,294.3122,0.04181848,0.04056393,294.3122,9516.0940,0.04056393,294.3122,294.3122,294.3122,392.4162,490.5203,9516.0940,0.04056393,1765.8731,1644.6383,8044.5331,8165.7679,0.03429115,0.03480794,0.00125455,11.8178,14.9930,0.8676,208.7320,5.3202,4991.3829,240.5957,12.7170,9.8041,2.5818,2.84,3.3563,4.9054,16.007,177.8754,0.2582,0.0,5.636364,62.633151,4.16126,29,188,6,10,0.74390005,0.04181848,0.03860046,0E-8,0.000000,0.722694,0.000000,0.01256549,2026-05-12,2026-08-02,47,1844,580,83,0.566265,1.297104,1.076088,2.479667,,,,,,,,GLOBAL_BASELINE_NO_ENTITY_RANKING,,,NOT_APPLICABLE_GLOBAL_BASELINE,HF9g-P5,,,,X 全窗基线 · 不参与实体赏罚,15059305,1506,A168_HF9F_20260827_0900,2026-08-27 09:00:00
2026-07-13,17529000,925,0,11.1016445924,0.4776288953,0.4776288953,1.0000000,4,2,0.50041234935061612,0.499948100000,1.413047742811653,1.4143603653603398,1.413047742811653,0.00046424935061612,ELIGIBLE,R03b_20260811_FULL_v1,L1_ELIGIBILITY,v2026-08-11,2026-03-21..2026-08-06,baccarat_bet02_101_all_pairs_incl_sentinel,round_win = game_pnl > 0 (decisive only),COMPATIBILITY_ONLY_NOT_PRODUCTION,234594.9955,169540.3402,9810.4062,19851,11308,-0.04181848,-0.03860046,-0.05116595,-0.04181848,-9810.4062,234594.9955,OK,0.0000,294.3122,3.0000,97.0000,AG03-UNRESOLVED,ALL5_LEVELS_bet23_to_bet27,294.3122,294.3122,294.3122,392.4162,490.5203,3.000000,3.000000,3.000000,4.000000,5.000000,97.000000,97.000000,97.000000,96.000000,95.000000,5.0,1765.8731,1644.6383,8044.5331,8165.7679,PENDING_AG03,FALSE,NOT_FOR_ENFORCEMENT,9516.0940,164454.1300,9810.4062,9516.0940,294.3122,0.04181848,0.04056393,294.3122,9516.0940,0.04056393,294.3122,294.3122,294.3122,392.4162,490.5203,9516.0940,0.04056393,1765.8731,1644.6383,8044.5331,8165.7679,0.03429115,0.03480794,0.00125455,11.8178,14.9930,0.8676,208.7320,5.3202,4991.3829,240.5957,12.7170,9.8041,2.5818,2.84,3.3563,4.9054,16.007,177.8754,0.2582,0.0,5.636364,62.633151,4.16126,29,188,6,10,0.74390005,0.04181848,0.03860046,0E-8,0.000000,0.722694,0.000000,0.01256549,2026-05-12,2026-08-02,47,1844,580,83,0.566265,1.297104,1.076088,2.479667,,,,,,,,GLOBAL_BASELINE_NO_ENTITY_RANKING,,,NOT_APPLICABLE_GLOBAL_BASELINE,HF9g-P5,,,,X 全窗基线 · 不参与实体赏罚,15059306,1506,A168_HF9F_20260827_0900,2026-08-27 09:00:00
2026-07-13,17529000,970,0,46.7301784009,-0.9681666795,-0.9681666795,0.3750000,16,9,0.50156449232698740,0.501437566667,-0.715960391084544,-0.7152418425364157,-0.715960391084544,0.00012692565998740,ELIGIBLE,R03b_20260811_FULL_v1,L1_ELIGIBILITY,v2026-08-11,2026-03-21..2026-08-06,baccarat_bet02_101_all_pairs_incl_sentinel,round_win = game_pnl > 0 (decisive only),COMPATIBILITY_ONLY_NOT_PRODUCTION,234594.9955,169540.3402,9810.4062,19851,11308,-0.04181848,-0.03860046,-0.05116595,-0.04181848,-9810.4062,234594.9955,OK,0.0000,294.3122,3.0000,97.0000,AG03-UNRESOLVED,ALL5_LEVELS_bet23_to_bet27,294.3122,294.3122,294.3122,392.4162,490.5203,3.000000,3.000000,3.000000,4.000000,5.000000,97.000000,97.000000,97.000000,96.000000,95.000000,5.0,1765.8731,1644.6383,8044.5331,8165.7679,PENDING_AG03,FALSE,NOT_FOR_ENFORCEMENT,9516.0940,164454.1300,9810.4062,9516.0940,294.3122,0.04181848,0.04056393,294.3122,9516.0940,0.04056393,294.3122,294.3122,294.3122,392.4162,490.5203,9516.0940,0.04056393,1765.8731,1644.6383,8044.5331,8165.7679,0.03429115,0.03480794,0.00125455,11.8178,14.9930,0.8676,208.7320,5.3202,4991.3829,240.5957,12.7170,9.8041,2.5818,2.84,3.3563,4.9054,16.007,177.8754,0.2582,0.0,5.636364,62.633151,4.16126,29,188,6,10,0.74390005,0.04181848,0.03860046,0E-8,0.000000,0.722694,0.000000,0.01256549,2026-05-12,2026-08-02,47,1844,580,83,0.566265,1.297104,1.076088,2.479667,,,,,,,,GLOBAL_BASELINE_NO_ENTITY_RANKING,,,NOT_APPLICABLE_GLOBAL_BASELINE,HF9g-P5,,,,X 全窗基线 · 不参与实体赏罚,15059307,1506,A168_HF9F_20260827_0900,2026-08-27 09:00:00
2026-07-13,17529000,987,0,324.2712932125,34.5958226836,34.5958226836,0.4000000,6,6,0.49547970000000000,0.495479700000,-0.42701565021644644,-0.42701565021644644,-0.42701565021644644,0E-17,ELIGIBLE,R03b_20260811_FULL_v1,L1_ELIGIBILITY,v2026-08-11,2026-03-21..2026-08-06,baccarat_bet02_101_all_pairs_incl_sentinel,round_win = game_pnl > 0 (decisive only),COMPATIBILITY_ONLY_NOT_PRODUCTION,234594.9955,169540.3402,9810.4062,19851,11308,-0.04181848,-0.03860046,-0.05116595,-0.04181848,-9810.4062,234594.9955,OK,0.0000,294.3122,3.0000,97.0000,AG03-UNRESOLVED,ALL5_LEVELS_bet23_to_bet27,294.3122,294.3122,294.3122,392.4162,490.5203,3.000000,3.000000,3.000000,4.000000,5.000000,97.000000,97.000000,97.000000,96.000000,95.000000,5.0,1765.8731,1644.6383,8044.5331,8165.7679,PENDING_AG03,FALSE,NOT_FOR_ENFORCEMENT,9516.0940,164454.1300,9810.4062,9516.0940,294.3122,0.04181848,0.04056393,294.3122,9516.0940,0.04056393,294.3122,294.3122,294.3122,392.4162,490.5203,9516.0940,0.04056393,1765.8731,1644.6383,8044.5331,8165.7679,0.03429115,0.03480794,0.00125455,11.8178,14.9930,0.8676,208.7320,5.3202,4991.3829,240.5957,12.7170,9.8041,2.5818,2.84,3.3563,4.9054,16.007,177.8754,0.2582,0.0,5.636364,62.633151,4.16126,29,188,6,10,0.74390005,0.04181848,0.03860046,0E-8,0.000000,0.722694,0.000000,0.01256549,2026-05-12,2026-08-02,47,1844,580,83,0.566265,1.297104,1.076088,2.479667,,,,,,,,GLOBAL_BASELINE_NO_ENTITY_RANKING,,,NOT_APPLICABLE_GLOBAL_BASELINE,HF9g-P5,,,,X 全窗基线 · 不参与实体赏罚,15059308,1506,A168_HF9F_20260827_0900,2026-08-27 09:00:00
2026-07-14,17529000,-1,1,503.4466733787,15.0775824240,15.0775824240,0.4153846,130,74,0.50187282224903059,0.501397310811,-1.3945902148401217,-1.3869184561715666,-1.3945902148401217,0.00047551143803059,SENTINEL_DEALER,R03b_20260811_FULL_v1,L1_ELIGIBILITY,v2026-08-11,2026-03-21..2026-08-06,baccarat_bet02_101_all_pairs_incl_sentinel,round_win = game_pnl > 0 (decisive only),COMPATIBILITY_ONLY_NOT_PRODUCTION,234594.9955,169540.3402,9810.4062,19851,11308,-0.04181848,-0.03860046,-0.05116595,-0.04181848,-9810.4062,234594.9955,OK,0.0000,294.3122,3.0000,97.0000,AG03-UNRESOLVED,ALL5_LEVELS_bet23_to_bet27,294.3122,294.3122,294.3122,392.4162,490.5203,3.000000,3.000000,3.000000,4.000000,5.000000,97.000000,97.000000,97.000000,96.000000,95.000000,5.0,1765.8731,1644.6383,8044.5331,8165.7679,PENDING_AG03,FALSE,NOT_FOR_ENFORCEMENT,9516.0940,164454.1300,9810.4062,9516.0940,294.3122,0.04181848,0.04056393,294.3122,9516.0940,0.04056393,294.3122,294.3122,294.3122,392.4162,490.5203,9516.0940,0.04056393,1765.8731,1644.6383,8044.5331,8165.7679,0.03429115,0.03480794,0.00125455,11.8178,14.9930,0.8676,208.7320,5.3202,4991.3829,240.5957,12.7170,9.8041,2.5818,2.84,3.3563,4.9054,16.007,177.8754,0.2582,0.0,5.636364,62.633151,4.16126,29,188,6,10,0.74390005,0.04181848,0.03860046,0E-8,0.000000,0.722694,0.000000,0.01256549,2026-05-12,2026-08-02,47,1844,580,83,0.566265,1.297104,1.076088,2.479667,,,,,,,,GLOBAL_BASELINE_NO_ENTITY_RANKING,,,NOT_APPLICABLE_GLOBAL_BASELINE,HF9g-P5,,,,X 全窗基线 · 不参与实体赏罚,15059309,1506,A168_HF9F_20260827_0900,2026-08-27 09:00:00
2026-07-14,17529000,1109,0,20.9124002788,3.8855756075,3.8855756075,0.7500000,7,4,0.50207443771879614,0.501623750000,0.9917107844034156,0.9935102389205961,0.9917107844034156,0.00045068771879614,ELIGIBLE,R03b_20260811_FULL_v1,L1_ELIGIBILITY,v2026-08-11,2026-03-21..2026-08-06,baccarat_bet02_101_all_pairs_incl_sentinel,round_win = game_pnl > 0 (decisive only),COMPATIBILITY_ONLY_NOT_PRODUCTION,234594.9955,169540.3402,9810.4062,19851,11308,-0.04181848,-0.03860046,-0.05116595,-0.04181848,-9810.4062,234594.9955,OK,0.0000,294.3122,3.0000,97.0000,AG03-UNRESOLVED,ALL5_LEVELS_bet23_to_bet27,294.3122,294.3122,294.3122,392.4162,490.5203,3.000000,3.000000,3.000000,4.000000,5.000000,97.000000,97.000000,97.000000,96.000000,95.000000,5.0,1765.8731,1644.6383,8044.5331,8165.7679,PENDING_AG03,FALSE,NOT_FOR_ENFORCEMENT,9516.0940,164454.1300,9810.4062,9516.0940,294.3122,0.04181848,0.04056393,294.3122,9516.0940,0.04056393,294.3122,294.3122,294.3122,392.4162,490.5203,9516.0940,0.04056393,1765.8731,1644.6383,8044.5331,8165.7679,0.03429115,0.03480794,0.00125455,11.8178,14.9930,0.8676,208.7320,5.3202,4991.3829,240.5957,12.7170,9.8041,2.5818,2.84,3.3563,4.9054,16.007,177.8754,0.2582,0.0,5.636364,62.633151,4.16126,29,188,6,10,0.74390005,0.04181848,0.03860046,0E-8,0.000000,0.722694,0.000000,0.01256549,2026-05-12,2026-08-02,47,1844,580,83,0.566265,1.297104,1.076088,2.479667,,,,,,,,GLOBAL_BASELINE_NO_ENTITY_RANKING,,,NOT_APPLICABLE_GLOBAL_BASELINE,HF9g-P5,,,,X 全窗基线 · 不参与实体赏罚,15059310,1506,A168_HF9F_20260827_0900,2026-08-27 09:00:00
2026-07-14,17529000,1115,0,16.2652002168,-0.2581777812,-0.2581777812,0E-7,6,3,0.50026727142854788,0.499948100000,-1.0005346858015285,-0.9998962053866608,-1.0005346858015285,0.00031917142854788,ELIGIBLE,R03b_20260811_FULL_v1,L1_ELIGIBILITY,v2026-08-11,2026-03-21..2026-08-06,baccarat_bet02_101_all_pairs_incl_sentinel,round_win = game_pnl > 0 (decisive only),COMPATIBILITY_ONLY_NOT_PRODUCTION,234594.9955,169540.3402,9810.4062,19851,11308,-0.04181848,-0.03860046,-0.05116595,-0.04181848,-9810.4062,234594.9955,OK,0.0000,294.3122,3.0000,97.0000,AG03-UNRESOLVED,ALL5_LEVELS_bet23_to_bet27,294.3122,294.3122,294.3122,392.4162,490.5203,3.000000,3.000000,3.000000,4.000000,5.000000,97.000000,97.000000,97.000000,96.000000,95.000000,5.0,1765.8731,1644.6383,8044.5331,8165.7679,PENDING_AG03,FALSE,NOT_FOR_ENFORCEMENT,9516.0940,164454.1300,9810.4062,9516.0940,294.3122,0.04181848,0.04056393,294.3122,9516.0940,0.04056393,294.3122,294.3122,294.3122,392.4162,490.5203,9516.0940,0.04056393,1765.8731,1644.6383,8044.5331,8165.7679,0.03429115,0.03480794,0.00125455,11.8178,14.9930,0.8676,208.7320,5.3202,4991.3829,240.5957,12.7170,9.8041,2.5818,2.84,3.3563,4.9054,16.007,177.8754,0.2582,0.0,5.636364,62.633151,4.16126,29,188,6,10,0.74390005,0.04181848,0.03860046,0E-8,0.000000,0.722694,0.000000,0.01256549,2026-05-12,2026-08-02,47,1844,580,83,0.566265,1.297104,1.076088,2.479667,,,,,,,,GLOBAL_BASELINE_NO_ENTITY_RANKING,,,NOT_APPLICABLE_GLOBAL_BASELINE,HF9g-P5,,,,X 全窗基线 · 不参与实体赏罚,15059311,1506,A168_HF9F_20260827_0900,2026-08-27 09:00:00
2026-07-14,17529000,1221,0,5.6799111868,-0.5163555624,-0.5163555624,0E-7,2,1,0.50055742727268436,0.499948100000,-1.001115476689104,-0.9998962053866608,-1.001115476689104,0.00060932727268436,ELIGIBLE,R03b_20260811_FULL_v1,L1_ELIGIBILITY,v2026-08-11,2026-03-21..2026-08-06,baccarat_bet02_101_all_pairs_incl_sentinel,round_win = game_pnl > 0 (decisive only),COMPATIBILITY_ONLY_NOT_PRODUCTION,234594.9955,169540.3402,9810.4062,19851,11308,-0.04181848,-0.03860046,-0.05116595,-0.04181848,-9810.4062,234594.9955,OK,0.0000,294.3122,3.0000,97.0000,AG03-UNRESOLVED,ALL5_LEVELS_bet23_to_bet27,294.3122,294.3122,294.3122,392.4162,490.5203,3.000000,3.000000,3.000000,4.000000,5.000000,97.000000,97.000000,97.000000,96.000000,95.000000,5.0,1765.8731,1644.6383,8044.5331,8165.7679,PENDING_AG03,FALSE,NOT_FOR_ENFORCEMENT,9516.0940,164454.1300,9810.4062,9516.0940,294.3122,0.04181848,0.04056393,294.3122,9516.0940,0.04056393,294.3122,294.3122,294.3122,392.4162,490.5203,9516.0940,0.04056393,1765.8731,1644.6383,8044.5331,8165.7679,0.03429115,0.03480794,0.00125455,11.8178,14.9930,0.8676,208.7320,5.3202,4991.3829,240.5957,12.7170,9.8041,2.5818,2.84,3.3563,4.9054,16.007,177.8754,0.2582,0.0,5.636364,62.633151,4.16126,29,188,6,10,0.74390005,0.04181848,0.03860046,0E-8,0.000000,0.722694,0.000000,0.01256549,2026-05-12,2026-08-02,47,1844,580,83,0.566265,1.297104,1.076088,2.479667,,,,,,,,GLOBAL_BASELINE_NO_ENTITY_RANKING,,,NOT_APPLICABLE_GLOBAL_BASELINE,HF9g-P5,,,,X 全窗基线 · 不参与实体赏罚,15059312,1506,A168_HF9F_20260827_0900,2026-08-27 09:00:00
2026-07-14,17529000,1299,0,78.2278677096,4.0017556091,4.0017556091,0.5833333,26,13,0.50075826018754264,0.499948100000,0.5720975463739898,0.577709846049527,0.5720975463739898,0.00081016018754264,ELIGIBLE,R03b_20260811_FULL_v1,L1_ELIGIBILITY,v2026-08-11,2026-03-21..2026-08-06,baccarat_bet02_101_all_pairs_incl_sentinel,round_win = game_pnl > 0 (decisive only),COMPATIBILITY_ONLY_NOT_PRODUCTION,234594.9955,169540.3402,9810.4062,19851,11308,-0.04181848,-0.03860046,-0.05116595,-0.04181848,-9810.4062,234594.9955,OK,0.0000,294.3122,3.0000,97.0000,AG03-UNRESOLVED,ALL5_LEVELS_bet23_to_bet27,294.3122,294.3122,294.3122,392.4162,490.5203,3.000000,3.000000,3.000000,4.000000,5.000000,97.000000,97.000000,97.000000,96.000000,95.000000,5.0,1765.8731,1644.6383,8044.5331,8165.7679,PENDING_AG03,FALSE,NOT_FOR_ENFORCEMENT,9516.0940,164454.1300,9810.4062,9516.0940,294.3122,0.04181848,0.04056393,294.3122,9516.0940,0.04056393,294.3122,294.3122,294.3122,392.4162,490.5203,9516.0940,0.04056393,1765.8731,1644.6383,8044.5331,8165.7679,0.03429115,0.03480794,0.00125455,11.8178,14.9930,0.8676,208.7320,5.3202,4991.3829,240.5957,12.7170,9.8041,2.5818,2.84,3.3563,4.9054,16.007,177.8754,0.2582,0.0,5.636364,62.633151,4.16126,29,188,6,10,0.74390005,0.04181848,0.03860046,0E-8,0.000000,0.722694,0.000000,0.01256549,2026-05-12,2026-08-02,47,1844,580,83,0.566265,1.297104,1.076088,2.479667,,,,,,,,GLOBAL_BASELINE_NO_ENTITY_RANKING,,,NOT_APPLICABLE_GLOBAL_BASELINE,HF9g-P5,,,,X 全窗基线 · 不参与实体赏罚,15059313,1506,A168_HF9F_20260827_0900,2026-08-27 09:00:00
2026-07-14,17529000,1306,0,42.0829783387,1.7814266905,1.7814266905,0.6000000,14,7,0.50083476739979743,0.499948100000,0.44348102026531616,0.44744570176651083,0.44348102026531616,0.00088666739979743,ELIGIBLE,R03b_20260811_FULL_v1,L1_ELIGIBILITY,v2026-08-11,2026-03-21..2026-08-06,baccarat_bet02_101_all_pairs_incl_sentinel,round_win = game_pnl > 0 (decisive only),COMPATIBILITY_ONLY_NOT_PRODUCTION,234594.9955,169540.3402,9810.4062,19851,11308,-0.04181848,-0.03860046,-0.05116595,-0.04181848,-9810.4062,234594.9955,OK,0.0000,294.3122,3.0000,97.0000,AG03-UNRESOLVED,ALL5_LEVELS_bet23_to_bet27,294.3122,294.3122,294.3122,392.4162,490.5203,3.000000,3.000000,3.000000,4.000000,5.000000,97.000000,97.000000,97.000000,96.000000,95.000000,5.0,1765.8731,1644.6383,8044.5331,8165.7679,PENDING_AG03,FALSE,NOT_FOR_ENFORCEMENT,9516.0940,164454.1300,9810.4062,9516.0940,294.3122,0.04181848,0.04056393,294.3122,9516.0940,0.04056393,294.3122,294.3122,294.3122,392.4162,490.5203,9516.0940,0.04056393,1765.8731,1644.6383,8044.5331,8165.7679,0.03429115,0.03480794,0.00125455,11.8178,14.9930,0.8676,208.7320,5.3202,4991.3829,240.5957,12.7170,9.8041,2.5818,2.84,3.3563,4.9054,16.007,177.8754,0.2582,0.0,5.636364,62.633151,4.16126,29,188,6,10,0.74390005,0.04181848,0.03860046,0E-8,0.000000,0.722694,0.000000,0.01256549,2026-05-12,2026-08-02,47,1844,580,83,0.566265,1.297104,1.076088,2.479667,,,,,,,,GLOBAL_BASELINE_NO_ENTITY_RANKING,,,NOT_APPLICABLE_GLOBAL_BASELINE,HF9g-P5,,,,X 全窗基线 · 不参与实体赏罚,15059314,1506,A168_HF9F_20260827_0900,2026-08-27 09:00:00
2026-07-14,17529000,1331,0,5.6799111868,0.3614488937,0.3614488937,1.0000000,2,1,0.50055742727268436,0.499948100000,0.9988857662127119,1.0001038053877793,0.9988857662127119,0.00060932727268436,ELIGIBLE,R03b_20260811_FULL_v1,L1_ELIGIBILITY,v2026-08-11,2026-03-21..2026-08-06,baccarat_bet02_101_all_pairs_incl_sentinel,round_win = game_pnl > 0 (decisive only),COMPATIBILITY_ONLY_NOT_PRODUCTION,234594.9955,169540.3402,9810.4062,19851,11308,-0.04181848,-0.03860046,-0.05116595,-0.04181848,-9810.4062,234594.9955,OK,0.0000,294.3122,3.0000,97.0000,AG03-UNRESOLVED,ALL5_LEVELS_bet23_to_bet27,294.3122,294.3122,294.3122,392.4162,490.5203,3.000000,3.000000,3.000000,4.000000,5.000000,97.000000,97.000000,97.000000,96.000000,95.000000,5.0,1765.8731,1644.6383,8044.5331,8165.7679,PENDING_AG03,FALSE,NOT_FOR_ENFORCEMENT,9516.0940,164454.1300,9810.4062,9516.0940,294.3122,0.04181848,0.04056393,294.3122,9516.0940,0.04056393,294.3122,294.3122,294.3122,392.4162,490.5203,9516.0940,0.04056393,1765.8731,1644.6383,8044.5331,8165.7679,0.03429115,0.03480794,0.00125455,11.8178,14.9930,0.8676,208.7320,5.3202,4991.3829,240.5957,12.7170,9.8041,2.5818,2.84,3.3563,4.9054,16.007,177.8754,0.2582,0.0,5.636364,62.633151,4.16126,29,188,6,10,0.74390005,0.04181848,0.03860046,0E-8,0.000000,0.722694,0.000000,0.01256549,2026-05-12,2026-08-02,47,1844,580,83,0.566265,1.297104,1.076088,2.479667,,,,,,,,GLOBAL_BASELINE_NO_ENTITY_RANKING,,,NOT_APPLICABLE_GLOBAL_BASELINE,HF9g-P5,,,,X 全窗基线 · 不参与实体赏罚,15059315,1506,A168_HF9F_20260827_0900,2026-08-27 09:00:00
2026-07-14,17529000,1353,0,17.5560891229,1.2263444608,1.2263444608,0.6666667,6,3,0.50008544043292259,0.499948100000,0.5770543032730114,0.5775300591747329,0.5770543032730114,0.00013734043292259,ELIGIBLE,R03b_20260811_FULL_v1,L1_ELIGIBILITY,v2026-08-11,2026-03-21..2026-08-06,baccarat_bet02_101_all_pairs_incl_sentinel,round_win = game_pnl > 0 (decisive only),COMPATIBILITY_ONLY_NOT_PRODUCTION,234594.9955,169540.3402,9810.4062,19851,11308,-0.04181848,-0.03860046,-0.05116595,-0.04181848,-9810.4062,234594.9955,OK,0.0000,294.3122,3.0000,97.0000,AG03-UNRESOLVED,ALL5_LEVELS_bet23_to_bet27,294.3122,294.3122,294.3122,392.4162,490.5203,3.000000,3.000000,3.000000,4.000000,5.000000,97.000000,97.000000,97.000000,96.000000,95.000000,5.0,1765.8731,1644.6383,8044.5331,8165.7679,PENDING_AG03,FALSE,NOT_FOR_ENFORCEMENT,9516.0940,164454.1300,9810.4062,9516.0940,294.3122,0.04181848,0.04056393,294.3122,9516.0940,0.04056393,294.3122,294.3122,294.3122,392.4162,490.5203,9516.0940,0.04056393,1765.8731,1644.6383,8044.5331,8165.7679,0.03429115,0.03480794,0.00125455,11.8178,14.9930,0.8676,208.7320,5.3202,4991.3829,240.5957,12.7170,9.8041,2.5818,2.84,3.3563,4.9054,16.007,177.8754,0.2582,0.0,5.636364,62.633151,4.16126,29,188,6,10,0.74390005,0.04181848,0.03860046,0E-8,0.000000,0.722694,0.000000,0.01256549,2026-05-12,2026-08-02,47,1844,580,83,0.566265,1.297104,1.076088,2.479667,,,,,,,,GLOBAL_BASELINE_NO_ENTITY_RANKING,,,NOT_APPLICABLE_GLOBAL_BASELINE,HF9g-P5,,,,X 全窗基线 · 不参与实体赏罚,15059316,1506,A168_HF9F_20260827_0900,2026-08-27 09:00:00
2026-07-14,17529000,1363,0,114.6309348616,22.3969225208,22.3969225208,0.4615385,21,14,0.50300366531401097,0.502341885714,-0.29901523220332205,-0.29424090366303485,-0.29901523220332205,0.00066177960001097,ELIGIBLE,R03b_20260811_FULL_v1,L1_ELIGIBILITY,v2026-08-11,2026-03-21..2026-08-06,baccarat_bet02_101_all_pairs_incl_sentinel,round_win = game_pnl > 0 (decisive only),COMPATIBILITY_ONLY_NOT_PRODUCTION,234594.9955,169540.3402,9810.4062,19851,11308,-0.04181848,-0.03860046,-0.05116595,-0.04181848,-9810.4062,234594.9955,OK,0.0000,294.3122,3.0000,97.0000,AG03-UNRESOLVED,ALL5_LEVELS_bet23_to_bet27,294.3122,294.3122,294.3122,392.4162,490.5203,3.000000,3.000000,3.000000,4.000000,5.000000,97.000000,97.000000,97.000000,96.000000,95.000000,5.0,1765.8731,1644.6383,8044.5331,8165.7679,PENDING_AG03,FALSE,NOT_FOR_ENFORCEMENT,9516.0940,164454.1300,9810.4062,9516.0940,294.3122,0.04181848,0.04056393,294.3122,9516.0940,0.04056393,294.3122,294.3122,294.3122,392.4162,490.5203,9516.0940,0.04056393,1765.8731,1644.6383,8044.5331,8165.7679,0.03429115,0.03480794,0.00125455,11.8178,14.9930,0.8676,208.7320,5.3202,4991.3829,240.5957,12.7170,9.8041,2.5818,2.84,3.3563,4.9054,16.007,177.8754,0.2582,0.0,5.636364,62.633151,4.16126,29,188,6,10,0.74390005,0.04181848,0.03860046,0E-8,0.000000,0.722694,0.000000,0.01256549,2026-05-12,2026-08-02,47,1844,580,83,0.566265,1.297104,1.076088,2.479667,,,,,,,,GLOBAL_BASELINE_NO_ENTITY_RANKING,,,NOT_APPLICABLE_GLOBAL_BASELINE,HF9g-P5,,,,X 全窗基线 · 不参与实体赏罚,15059317,1506,A168_HF9F_20260827_0900,2026-08-27 09:00:00
2026-07-14,17529000,1374,0,40.7920894326,-5.1635556243,-5.1635556243,0E-7,13,7,0.50170523493227109,0.500905614286,-2.243707068610347,-2.24012168212699,-2.243707068610347,0.00079962064627109,ELIGIBLE,R03b_20260811_FULL_v1,L1_ELIGIBILITY,v2026-08-11,2026-03-21..2026-08-06,baccarat_bet02_101_all_pairs_incl_sentinel,round_win = game_pnl > 0 (decisive only),COMPATIBILITY_ONLY_NOT_PRODUCTION,234594.9955,169540.3402,9810.4062,19851,11308,-0.04181848,-0.03860046,-0.05116595,-0.04181848,-9810.4062,234594.9955,OK,0.0000,294.3122,3.0000,97.0000,AG03-UNRESOLVED,ALL5_LEVELS_bet23_to_bet27,294.3122,294.3122,294.3122,392.4162,490.5203,3.000000,3.000000,3.000000,4.000000,5.000000,97.000000,97.000000,97.000000,96.000000,95.000000,5.0,1765.8731,1644.6383,8044.5331,8165.7679,PENDING_AG03,FALSE,NOT_FOR_ENFORCEMENT,9516.0940,164454.1300,9810.4062,9516.0940,294.3122,0.04181848,0.04056393,294.3122,9516.0940,0.04056393,294.3122,294.3122,294.3122,392.4162,490.5203,9516.0940,0.04056393,1765.8731,1644.6383,8044.5331,8165.7679,0.03429115,0.03480794,0.00125455,11.8178,14.9930,0.8676,208.7320,5.3202,4991.3829,240.5957,12.7170,9.8041,2.5818,2.84,3.3563,4.9054,16.007,177.8754,0.2582,0.0,5.636364,62.633151,4.16126,29,188,6,10,0.74390005,0.04181848,0.03860046,0E-8,0.000000,0.722694,0.000000,0.01256549,2026-05-12,2026-08-02,47,1844,580,83,0.566265,1.297104,1.076088,2.479667,,,,,,,,GLOBAL_BASELINE_NO_ENTITY_RANKING,,,NOT_APPLICABLE_GLOBAL_BASELINE,HF9g-P5,,,,X 全窗基线 · 不参与实体赏罚,15059318,1506,A168_HF9F_20260827_0900,2026-08-27 09:00:00
2026-07-14,17529000,1382,0,27.3668448093,2.2203289186,2.2203289186,0.4000000,9,5,0.50201052774024645,0.501288620000,-0.456208637103538,-0.4529779837142727,-0.456208637103538,0.00072190774024645,ELIGIBLE,R03b_20260811_FULL_v1,L1_ELIGIBILITY,v2026-08-11,2026-03-21..2026-08-06,baccarat_bet02_101_all_pairs_incl_sentinel,round_win = game_pnl > 0 (decisive only),COMPATIBILITY_ONLY_NOT_PRODUCTION,234594.9955,169540.3402,9810.4062,19851,11308,-0.04181848,-0.03860046,-0.05116595,-0.04181848,-9810.4062,234594.9955,OK,0.0000,294.3122,3.0000,97.0000,AG03-UNRESOLVED,ALL5_LEVELS_bet23_to_bet27,294.3122,294.3122,294.3122,392.4162,490.5203,3.000000,3.000000,3.000000,4.000000,5.000000,97.000000,97.000000,97.000000,96.000000,95.000000,5.0,1765.8731,1644.6383,8044.5331,8165.7679,PENDING_AG03,FALSE,NOT_FOR_ENFORCEMENT,9516.0940,164454.1300,9810.4062,9516.0940,294.3122,0.04181848,0.04056393,294.3122,9516.0940,0.04056393,294.3122,294.3122,294.3122,392.4162,490.5203,9516.0940,0.04056393,1765.8731,1644.6383,8044.5331,8165.7679,0.03429115,0.03480794,0.00125455,11.8178,14.9930,0.8676,208.7320,5.3202,4991.3829,240.5957,12.7170,9.8041,2.5818,2.84,3.3563,4.9054,16.007,177.8754,0.2582,0.0,5.636364,62.633151,4.16126,29,188,6,10,0.74390005,0.04181848,0.03860046,0E-8,0.000000,0.722694,0.000000,0.01256549,2026-05-12,2026-08-02,47,1844,580,83,0.566265,1.297104,1.076088,2.479667,,,,,,,,GLOBAL_BASELINE_NO_ENTITY_RANKING,,,NOT_APPLICABLE_GLOBAL_BASELINE,HF9g-P5,,,,X 全窗基线 · 不参与实体赏罚,15059319,1506,A168_HF9F_20260827_0900,2026-08-27 09:00:00
2026-07-14,17529000,1405,0,86.2313789274,23.4038158677,23.4038158677,0.3333333,10,6,0.50282073630506727,0.502182300000,-0.8303285234318863,-0.8271955028234007,-0.8303285234318863,0.00063843630506727,ELIGIBLE,R03b_20260811_FULL_v1,L1_ELIGIBILITY,v2026-08-11,2026-03-21..2026-08-06,baccarat_bet02_101_all_pairs_incl_sentinel,round_win = game_pnl > 0 (decisive only),COMPATIBILITY_ONLY_NOT_PRODUCTION,234594.9955,169540.3402,9810.4062,19851,11308,-0.04181848,-0.03860046,-0.05116595,-0.04181848,-9810.4062,234594.9955,OK,0.0000,294.3122,3.0000,97.0000,AG03-UNRESOLVED,ALL5_LEVELS_bet23_to_bet27,294.3122,294.3122,294.3122,392.4162,490.5203,3.000000,3.000000,3.000000,4.000000,5.000000,97.000000,97.000000,97.000000,96.000000,95.000000,5.0,1765.8731,1644.6383,8044.5331,8165.7679,PENDING_AG03,FALSE,NOT_FOR_ENFORCEMENT,9516.0940,164454.1300,9810.4062,9516.0940,294.3122,0.04181848,0.04056393,294.3122,9516.0940,0.04056393,294.3122,294.3122,294.3122,392.4162,490.5203,9516.0940,0.04056393,1765.8731,1644.6383,8044.5331,8165.7679,0.03429115,0.03480794,0.00125455,11.8178,14.9930,0.8676,208.7320,5.3202,4991.3829,240.5957,12.7170,9.8041,2.5818,2.84,3.3563,4.9054,16.007,177.8754,0.2582,0.0,5.636364,62.633151,4.16126,29,188,6,10,0.74390005,0.04181848,0.03860046,0E-8,0.000000,0.722694,0.000000,0.01256549,2026-05-12,2026-08-02,47,1844,580,83,0.566265,1.297104,1.076088,2.479667,,,,,,,,GLOBAL_BASELINE_NO_ENTITY_RANKING,,,NOT_APPLICABLE_GLOBAL_BASELINE,HF9g-P5,,,,X 全窗基线 · 不参与实体赏罚,15059320,1506,A168_HF9F_20260827_0900,2026-08-27 09:00:00
2026-07-14,17529000,1485,0,5.9380889681,-0.7745333437,-0.7745333437,0E-7,2,1,0.50082235217395230,0.499948100000,-1.001646059101355,-0.9998962053866608,-1.001646059101355,0.00087425217395230,ELIGIBLE,R03b_20260811_FULL_v1,L1_ELIGIBILITY,v2026-08-11,2026-03-21..2026-08-06,baccarat_bet02_101_all_pairs_incl_sentinel,round_win = game_pnl > 0 (decisive only),COMPATIBILITY_ONLY_NOT_PRODUCTION,234594.9955,169540.3402,9810.4062,19851,11308,-0.04181848,-0.03860046,-0.05116595,-0.04181848,-9810.4062,234594.9955,OK,0.0000,294.3122,3.0000,97.0000,AG03-UNRESOLVED,ALL5_LEVELS_bet23_to_bet27,294.3122,294.3122,294.3122,392.4162,490.5203,3.000000,3.000000,3.000000,4.000000,5.000000,97.000000,97.000000,97.000000,96.000000,95.000000,5.0,1765.8731,1644.6383,8044.5331,8165.7679,PENDING_AG03,FALSE,NOT_FOR_ENFORCEMENT,9516.0940,164454.1300,9810.4062,9516.0940,294.3122,0.04181848,0.04056393,294.3122,9516.0940,0.04056393,294.3122,294.3122,294.3122,392.4162,490.5203,9516.0940,0.04056393,1765.8731,1644.6383,8044.5331,8165.7679,0.03429115,0.03480794,0.00125455,11.8178,14.9930,0.8676,208.7320,5.3202,4991.3829,240.5957,12.7170,9.8041,2.5818,2.84,3.3563,4.9054,16.007,177.8754,0.2582,0.0,5.636364,62.633151,4.16126,29,188,6,10,0.74390005,0.04181848,0.03860046,0E-8,0.000000,0.722694,0.000000,0.01256549,2026-05-12,2026-08-02,47,1844,580,83,0.566265,1.297104,1.076088,2.479667,,,,,,,,GLOBAL_BASELINE_NO_ENTITY_RANKING,,,NOT_APPLICABLE_GLOBAL_BASELINE,HF9g-P5,,,,X 全窗基线 · 不参与实体赏罚,15059321,1506,A168_HF9F_20260827_0900,2026-08-27 09:00:00
2026-07-14,17529000,1623,0,107.6601347688,2.7237755919,2.7237755919,0.3750000,16,11,0.50392328603653234,0.503604063636,-0.7293226905423956,-0.727513343868127,-0.7293226905423956,0.00031922240053234,ELIGIBLE,R03b_20260811_FULL_v1,L1_ELIGIBILITY,v2026-08-11,2026-03-21..2026-08-06,baccarat_bet02_101_all_pairs_incl_sentinel,round_win = game_pnl > 0 (decisive only),COMPATIBILITY_ONLY_NOT_PRODUCTION,234594.9955,169540.3402,9810.4062,19851,11308,-0.04181848,-0.03860046,-0.05116595,-0.04181848,-9810.4062,234594.9955,OK,0.0000,294.3122,3.0000,97.0000,AG03-UNRESOLVED,ALL5_LEVELS_bet23_to_bet27,294.3122,294.3122,294.3122,392.4162,490.5203,3.000000,3.000000,3.000000,4.000000,5.000000,97.000000,97.000000,97.000000,96.000000,95.000000,5.0,1765.8731,1644.6383,8044.5331,8165.7679,PENDING_AG03,FALSE,NOT_FOR_ENFORCEMENT,9516.0940,164454.1300,9810.4062,9516.0940,294.3122,0.04181848,0.04056393,294.3122,9516.0940,0.04056393,294.3122,294.3122,294.3122,392.4162,490.5203,9516.0940,0.04056393,1765.8731,1644.6383,8044.5331,8165.7679,0.03429115,0.03480794,0.00125455,11.8178,14.9930,0.8676,208.7320,5.3202,4991.3829,240.5957,12.7170,9.8041,2.5818,2.84,3.3563,4.9054,16.007,177.8754,0.2582,0.0,5.636364,62.633151,4.16126,29,188,6,10,0.74390005,0.04181848,0.03860046,0E-8,0.000000,0.722694,0.000000,0.01256549,2026-05-12,2026-08-02,47,1844,580,83,0.566265,1.297104,1.076088,2.479667,,,,,,,,GLOBAL_BASELINE_NO_ENTITY_RANKING,,,NOT_APPLICABLE_GLOBAL_BASELINE,HF9g-P5,,,,X 全窗基线 · 不参与实体赏罚,15059322,1506,A168_HF9F_20260827_0900,2026-08-27 09:00:00
2026-07-14,17529000,1750,0,22.7196447474,1.0198022357,1.0198022357,0.3333333,5,4,0.50519361304348808,0.504975050000,-0.5953735921462118,-0.5946137833757833,-0.5953735921462118,0.00021856304348808,ELIGIBLE,R03b_20260811_FULL_v1,L1_ELIGIBILITY,v2026-08-11,2026-03-21..2026-08-06,baccarat_bet02_101_all_pairs_incl_sentinel,round_win = game_pnl > 0 (decisive only),COMPATIBILITY_ONLY_NOT_PRODUCTION,234594.9955,169540.3402,9810.4062,19851,11308,-0.04181848,-0.03860046,-0.05116595,-0.04181848,-9810.4062,234594.9955,OK,0.0000,294.3122,3.0000,97.0000,AG03-UNRESOLVED,ALL5_LEVELS_bet23_to_bet27,294.3122,294.3122,294.3122,392.4162,490.5203,3.000000,3.000000,3.000000,4.000000,5.000000,97.000000,97.000000,97.000000,96.000000,95.000000,5.0,1765.8731,1644.6383,8044.5331,8165.7679,PENDING_AG03,FALSE,NOT_FOR_ENFORCEMENT,9516.0940,164454.1300,9810.4062,9516.0940,294.3122,0.04181848,0.04056393,294.3122,9516.0940,0.04056393,294.3122,294.3122,294.3122,392.4162,490.5203,9516.0940,0.04056393,1765.8731,1644.6383,8044.5331,8165.7679,0.03429115,0.03480794,0.00125455,11.8178,14.9930,0.8676,208.7320,5.3202,4991.3829,240.5957,12.7170,9.8041,2.5818,2.84,3.3563,4.9054,16.007,177.8754,0.2582,0.0,5.636364,62.633151,4.16126,29,188,6,10,0.74390005,0.04181848,0.03860046,0E-8,0.000000,0.722694,0.000000,0.01256549,2026-05-12,2026-08-02,47,1844,580,83,0.566265,1.297104,1.076088,2.479667,,,,,,,,GLOBAL_BASELINE_NO_ENTITY_RANKING,,,NOT_APPLICABLE_GLOBAL_BASELINE,HF9g-P5,,,,X 全窗基线 · 不参与实体赏罚,15059323,1506,A168_HF9F_20260827_0900,2026-08-27 09:00:00
2026-07-14,17529000,1935,0,6.4544445305,-1.2908889061,-1.2908889061,0E-7,2,1,0.50128862000000000,0.499948100000,-1.002580569658824,-0.9998962053866608,-1.002580569658824,0.00134052000000000,ELIGIBLE,R03b_20260811_FULL_v1,L1_ELIGIBILITY,v2026-08-11,2026-03-21..2026-08-06,baccarat_bet02_101_all_pairs_incl_sentinel,round_win = game_pnl > 0 (decisive only),COMPATIBILITY_ONLY_NOT_PRODUCTION,234594.9955,169540.3402,9810.4062,19851,11308,-0.04181848,-0.03860046,-0.05116595,-0.04181848,-9810.4062,234594.9955,OK,0.0000,294.3122,3.0000,97.0000,AG03-UNRESOLVED,ALL5_LEVELS_bet23_to_bet27,294.3122,294.3122,294.3122,392.4162,490.5203,3.000000,3.000000,3.000000,4.000000,5.000000,97.000000,97.000000,97.000000,96.000000,95.000000,5.0,1765.8731,1644.6383,8044.5331,8165.7679,PENDING_AG03,FALSE,NOT_FOR_ENFORCEMENT,9516.0940,164454.1300,9810.4062,9516.0940,294.3122,0.04181848,0.04056393,294.3122,9516.0940,0.04056393,294.3122,294.3122,294.3122,392.4162,490.5203,9516.0940,0.04056393,1765.8731,1644.6383,8044.5331,8165.7679,0.03429115,0.03480794,0.00125455,11.8178,14.9930,0.8676,208.7320,5.3202,4991.3829,240.5957,12.7170,9.8041,2.5818,2.84,3.3563,4.9054,16.007,177.8754,0.2582,0.0,5.636364,62.633151,4.16126,29,188,6,10,0.74390005,0.04181848,0.03860046,0E-8,0.000000,0.722694,0.000000,0.01256549,2026-05-12,2026-08-02,47,1844,580,83,0.566265,1.297104,1.076088,2.479667,,,,,,,,GLOBAL_BASELINE_NO_ENTITY_RANKING,,,NOT_APPLICABLE_GLOBAL_BASELINE,HF9g-P5,,,,X 全窗基线 · 不参与实体赏罚,15059324,1506,A168_HF9F_20260827_0900,2026-08-27 09:00:00
2026-07-14,17529000,1940,0,6.4544445305,1.0972555702,1.0972555702,1.0000000,2,1,0.50128862000000000,0.499948100000,0.9974260725402827,1.0001038053877793,0.9974260725402827,0.00134052000000000,ELIGIBLE,R03b_20260811_FULL_v1,L1_ELIGIBILITY,v2026-08-11,2026-03-21..2026-08-06,baccarat_bet02_101_all_pairs_incl_sentinel,round_win = game_pnl > 0 (decisive only),COMPATIBILITY_ONLY_NOT_PRODUCTION,234594.9955,169540.3402,9810.4062,19851,11308,-0.04181848,-0.03860046,-0.05116595,-0.04181848,-9810.4062,234594.9955,OK,0.0000,294.3122,3.0000,97.0000,AG03-UNRESOLVED,ALL5_LEVELS_bet23_to_bet27,294.3122,294.3122,294.3122,392.4162,490.5203,3.000000,3.000000,3.000000,4.000000,5.000000,97.000000,97.000000,97.000000,96.000000,95.000000,5.0,1765.8731,1644.6383,8044.5331,8165.7679,PENDING_AG03,FALSE,NOT_FOR_ENFORCEMENT,9516.0940,164454.1300,9810.4062,9516.0940,294.3122,0.04181848,0.04056393,294.3122,9516.0940,0.04056393,294.3122,294.3122,294.3122,392.4162,490.5203,9516.0940,0.04056393,1765.8731,1644.6383,8044.5331,8165.7679,0.03429115,0.03480794,0.00125455,11.8178,14.9930,0.8676,208.7320,5.3202,4991.3829,240.5957,12.7170,9.8041,2.5818,2.84,3.3563,4.9054,16.007,177.8754,0.2582,0.0,5.636364,62.633151,4.16126,29,188,6,10,0.74390005,0.04181848,0.03860046,0E-8,0.000000,0.722694,0.000000,0.01256549,2026-05-12,2026-08-02,47,1844,580,83,0.566265,1.297104,1.076088,2.479667,,,,,,,,GLOBAL_BASELINE_NO_ENTITY_RANKING,,,NOT_APPLICABLE_GLOBAL_BASELINE,HF9g-P5,,,,X 全窗基线 · 不参与实体赏罚,15059325,1506,A168_HF9F_20260827_0900,2026-08-27 09:00:00
2026-07-14,17529000,1942,0,15.7488446544,10.5852890300,10.5852890300,1.0000000,3,2,0.49643721428572606,0.496596800000,1.4243268018054283,1.423872247868481,1.4243268018054283,-0.00015958571427394,ELIGIBLE,R03b_20260811_FULL_v1,L1_ELIGIBILITY,v2026-08-11,2026-03-21..2026-08-06,baccarat_bet02_101_all_pairs_incl_sentinel,round_win = game_pnl > 0 (decisive only),COMPATIBILITY_ONLY_NOT_PRODUCTION,234594.9955,169540.3402,9810.4062,19851,11308,-0.04181848,-0.03860046,-0.05116595,-0.04181848,-9810.4062,234594.9955,OK,0.0000,294.3122,3.0000,97.0000,AG03-UNRESOLVED,ALL5_LEVELS_bet23_to_bet27,294.3122,294.3122,294.3122,392.4162,490.5203,3.000000,3.000000,3.000000,4.000000,5.000000,97.000000,97.000000,97.000000,96.000000,95.000000,5.0,1765.8731,1644.6383,8044.5331,8165.7679,PENDING_AG03,FALSE,NOT_FOR_ENFORCEMENT,9516.0940,164454.1300,9810.4062,9516.0940,294.3122,0.04181848,0.04056393,294.3122,9516.0940,0.04056393,294.3122,294.3122,294.3122,392.4162,490.5203,9516.0940,0.04056393,1765.8731,1644.6383,8044.5331,8165.7679,0.03429115,0.03480794,0.00125455,11.8178,14.9930,0.8676,208.7320,5.3202,4991.3829,240.5957,12.7170,9.8041,2.5818,2.84,3.3563,4.9054,16.007,177.8754,0.2582,0.0,5.636364,62.633151,4.16126,29,188,6,10,0.74390005,0.04181848,0.03860046,0E-8,0.000000,0.722694,0.000000,0.01256549,2026-05-12,2026-08-02,47,1844,580,83,0.566265,1.297104,1.076088,2.479667,,,,,,,,GLOBAL_BASELINE_NO_ENTITY_RANKING,,,NOT_APPLICABLE_GLOBAL_BASELINE,HF9g-P5,,,,X 全窗基线 · 不参与实体赏罚,15059326,1506,A168_HF9F_20260827_0900,2026-08-27 09:00:00
2026-07-14,17529000,1947,0,5.4217334056,0.2581777812,0.2581777812,1.0000000,2,1,0.49962892857145212,0.499948100000,1.000742418449597,1.0001038053877793,1.000742418449597,-0.00031917142854788,ELIGIBLE,R03b_20260811_FULL_v1,L1_ELIGIBILITY,v2026-08-11,2026-03-21..2026-08-06,baccarat_bet02_101_all_pairs_incl_sentinel,round_win = game_pnl > 0 (decisive only),COMPATIBILITY_ONLY_NOT_PRODUCTION,234594.9955,169540.3402,9810.4062,19851,11308,-0.04181848,-0.03860046,-0.05116595,-0.04181848,-9810.4062,234594.9955,OK,0.0000,294.3122,3.0000,97.0000,AG03-UNRESOLVED,ALL5_LEVELS_bet23_to_bet27,294.3122,294.3122,294.3122,392.4162,490.5203,3.000000,3.000000,3.000000,4.000000,5.000000,97.000000,97.000000,97.000000,96.000000,95.000000,5.0,1765.8731,1644.6383,8044.5331,8165.7679,PENDING_AG03,FALSE,NOT_FOR_ENFORCEMENT,9516.0940,164454.1300,9810.4062,9516.0940,294.3122,0.04181848,0.04056393,294.3122,9516.0940,0.04056393,294.3122,294.3122,294.3122,392.4162,490.5203,9516.0940,0.04056393,1765.8731,1644.6383,8044.5331,8165.7679,0.03429115,0.03480794,0.00125455,11.8178,14.9930,0.8676,208.7320,5.3202,4991.3829,240.5957,12.7170,9.8041,2.5818,2.84,3.3563,4.9054,16.007,177.8754,0.2582,0.0,5.636364,62.633151,4.16126,29,188,6,10,0.74390005,0.04181848,0.03860046,0E-8,0.000000,0.722694,0.000000,0.01256549,2026-05-12,2026-08-02,47,1844,580,83,0.566265,1.297104,1.076088,2.479667,,,,,,,,GLOBAL_BASELINE_NO_ENTITY_RANKING,,,NOT_APPLICABLE_GLOBAL_BASELINE,HF9g-P5,,,,X 全窗基线 · 不参与实体赏罚,15059327,1506,A168_HF9F_20260827_0900,2026-08-27 09:00:00
2026-07-14,17529000,1951,0,237.2653809415,5.1119200682,5.1119200682,0.4444444,14,12,0.50441650000000000,0.504416500000,-0.35984637155399,-0.35984637155399,-0.35984637155399,0E-17,ELIGIBLE,R03b_20260811_FULL_v1,L1_ELIGIBILITY,v2026-08-11,2026-03-21..2026-08-06,baccarat_bet02_101_all_pairs_incl_sentinel,round_win = game_pnl > 0 (decisive only),COMPATIBILITY_ONLY_NOT_PRODUCTION,234594.9955,169540.3402,9810.4062,19851,11308,-0.04181848,-0.03860046,-0.05116595,-0.04181848,-9810.4062,234594.9955,OK,0.0000,294.3122,3.0000,97.0000,AG03-UNRESOLVED,ALL5_LEVELS_bet23_to_bet27,294.3122,294.3122,294.3122,392.4162,490.5203,3.000000,3.000000,3.000000,4.000000,5.000000,97.000000,97.000000,97.000000,96.000000,95.000000,5.0,1765.8731,1644.6383,8044.5331,8165.7679,PENDING_AG03,FALSE,NOT_FOR_ENFORCEMENT,9516.0940,164454.1300,9810.4062,9516.0940,294.3122,0.04181848,0.04056393,294.3122,9516.0940,0.04056393,294.3122,294.3122,294.3122,392.4162,490.5203,9516.0940,0.04056393,1765.8731,1644.6383,8044.5331,8165.7679,0.03429115,0.03480794,0.00125455,11.8178,14.9930,0.8676,208.7320,5.3202,4991.3829,240.5957,12.7170,9.8041,2.5818,2.84,3.3563,4.9054,16.007,177.8754,0.2582,0.0,5.636364,62.633151,4.16126,29,188,6,10,0.74390005,0.04181848,0.03860046,0E-8,0.000000,0.722694,0.000000,0.01256549,2026-05-12,2026-08-02,47,1844,580,83,0.566265,1.297104,1.076088,2.479667,,,,,,,,GLOBAL_BASELINE_NO_ENTITY_RANKING,,,NOT_APPLICABLE_GLOBAL_BASELINE,HF9g-P5,,,,X 全窗基线 · 不参与实体赏罚,15059328,1506,A168_HF9F_20260827_0900,2026-08-27 09:00:00
2026-07-14,17529000,1957,0,24.7850669970,2.0654222498,2.0654222498,0.5000000,9,5,0.49823618051950710,0.498607580000,0.007055321821155327,0.005569701597489473,0.007055321821155327,-0.00037139948049290,ELIGIBLE,R03b_20260811_FULL_v1,L1_ELIGIBILITY,v2026-08-11,2026-03-21..2026-08-06,baccarat_bet02_101_all_pairs_incl_sentinel,round_win = game_pnl > 0 (decisive only),COMPATIBILITY_ONLY_NOT_PRODUCTION,234594.9955,169540.3402,9810.4062,19851,11308,-0.04181848,-0.03860046,-0.05116595,-0.04181848,-9810.4062,234594.9955,OK,0.0000,294.3122,3.0000,97.0000,AG03-UNRESOLVED,ALL5_LEVELS_bet23_to_bet27,294.3122,294.3122,294.3122,392.4162,490.5203,3.000000,3.000000,3.000000,4.000000,5.000000,97.000000,97.000000,97.000000,96.000000,95.000000,5.0,1765.8731,1644.6383,8044.5331,8165.7679,PENDING_AG03,FALSE,NOT_FOR_ENFORCEMENT,9516.0940,164454.1300,9810.4062,9516.0940,294.3122,0.04181848,0.04056393,294.3122,9516.0940,0.04056393,294.3122,294.3122,294.3122,392.4162,490.5203,9516.0940,0.04056393,1765.8731,1644.6383,8044.5331,8165.7679,0.03429115,0.03480794,0.00125455,11.8178,14.9930,0.8676,208.7320,5.3202,4991.3829,240.5957,12.7170,9.8041,2.5818,2.84,3.3563,4.9054,16.007,177.8754,0.2582,0.0,5.636364,62.633151,4.16126,29,188,6,10,0.74390005,0.04181848,0.03860046,0E-8,0.000000,0.722694,0.000000,0.01256549,2026-05-12,2026-08-02,47,1844,580,83,0.566265,1.297104,1.076088,2.479667,,,,,,,,GLOBAL_BASELINE_NO_ENTITY_RANKING,,,NOT_APPLICABLE_GLOBAL_BASELINE,HF9g-P5,,,,X 全窗基线 · 不参与实体赏罚,15059329,1506,A168_HF9F_20260827_0900,2026-08-27 09:00:00
2026-07-14,17529000,1985,0,85.1986678024,5.6799111871,5.6799111871,0.6923077,23,13,0.50202416452579756,0.501494853846,1.3721652768201484,1.3759770956785293,1.3721652768201484,0.00052931067979756,ELIGIBLE,R03b_20260811_FULL_v1,L1_ELIGIBILITY,v2026-08-11,2026-03-21..2026-08-06,baccarat_bet02_101_all_pairs_incl_sentinel,round_win = game_pnl > 0 (decisive only),COMPATIBILITY_ONLY_NOT_PRODUCTION,234594.9955,169540.3402,9810.4062,19851,11308,-0.04181848,-0.03860046,-0.05116595,-0.04181848,-9810.4062,234594.9955,OK,0.0000,294.3122,3.0000,97.0000,AG03-UNRESOLVED,ALL5_LEVELS_bet23_to_bet27,294.3122,294.3122,294.3122,392.4162,490.5203,3.000000,3.000000,3.000000,4.000000,5.000000,97.000000,97.000000,97.000000,96.000000,95.000000,5.0,1765.8731,1644.6383,8044.5331,8165.7679,PENDING_AG03,FALSE,NOT_FOR_ENFORCEMENT,9516.0940,164454.1300,9810.4062,9516.0940,294.3122,0.04181848,0.04056393,294.3122,9516.0940,0.04056393,294.3122,294.3122,294.3122,392.4162,490.5203,9516.0940,0.04056393,1765.8731,1644.6383,8044.5331,8165.7679,0.03429115,0.03480794,0.00125455,11.8178,14.9930,0.8676,208.7320,5.3202,4991.3829,240.5957,12.7170,9.8041,2.5818,2.84,3.3563,4.9054,16.007,177.8754,0.2582,0.0,5.636364,62.633151,4.16126,29,188,6,10,0.74390005,0.04181848,0.03860046,0E-8,0.000000,0.722694,0.000000,0.01256549,2026-05-12,2026-08-02,47,1844,580,83,0.566265,1.297104,1.076088,2.479667,,,,,,,,GLOBAL_BASELINE_NO_ENTITY_RANKING,,,NOT_APPLICABLE_GLOBAL_BASELINE,HF9g-P5,,,,X 全窗基线 · 不参与实体赏罚,15059330,1506,A168_HF9F_20260827_0900,2026-08-27 09:00:00
2026-07-14,17529000,2066,0,4.6472000620,4.6472000620,4.6472000620,1.0000000,1,1,0.49324550000000000,0.493245500000,1.01360149184955,1.01360149184955,1.01360149184955,0E-17,ELIGIBLE,R03b_20260811_FULL_v1,L1_ELIGIBILITY,v2026-08-11,2026-03-21..2026-08-06,baccarat_bet02_101_all_pairs_incl_sentinel,round_win = game_pnl > 0 (decisive only),COMPATIBILITY_ONLY_NOT_PRODUCTION,234594.9955,169540.3402,9810.4062,19851,11308,-0.04181848,-0.03860046,-0.05116595,-0.04181848,-9810.4062,234594.9955,OK,0.0000,294.3122,3.0000,97.0000,AG03-UNRESOLVED,ALL5_LEVELS_bet23_to_bet27,294.3122,294.3122,294.3122,392.4162,490.5203,3.000000,3.000000,3.000000,4.000000,5.000000,97.000000,97.000000,97.000000,96.000000,95.000000,5.0,1765.8731,1644.6383,8044.5331,8165.7679,PENDING_AG03,FALSE,NOT_FOR_ENFORCEMENT,9516.0940,164454.1300,9810.4062,9516.0940,294.3122,0.04181848,0.04056393,294.3122,9516.0940,0.04056393,294.3122,294.3122,294.3122,392.4162,490.5203,9516.0940,0.04056393,1765.8731,1644.6383,8044.5331,8165.7679,0.03429115,0.03480794,0.00125455,11.8178,14.9930,0.8676,208.7320,5.3202,4991.3829,240.5957,12.7170,9.8041,2.5818,2.84,3.3563,4.9054,16.007,177.8754,0.2582,0.0,5.636364,62.633151,4.16126,29,188,6,10,0.74390005,0.04181848,0.03860046,0E-8,0.000000,0.722694,0.000000,0.01256549,2026-05-12,2026-08-02,47,1844,580,83,0.566265,1.297104,1.076088,2.479667,,,,,,,,GLOBAL_BASELINE_NO_ENTITY_RANKING,,,NOT_APPLICABLE_GLOBAL_BASELINE,HF9g-P5,,,,X 全窗基线 · 不参与实体赏罚,15059331,1506,A168_HF9F_20260827_0900,2026-08-27 09:00:00
2026-07-14,17529000,2103,0,5.4217334056,-0.3872666718,-0.3872666718,0E-7,2,1,0.49962892857145212,0.499948100000,-0.9992581323266508,-0.9998962053866608,-0.9992581323266508,-0.00031917142854788,ELIGIBLE,R03b_20260811_FULL_v1,L1_ELIGIBILITY,v2026-08-11,2026-03-21..2026-08-06,baccarat_bet02_101_all_pairs_incl_sentinel,round_win = game_pnl > 0 (decisive only),COMPATIBILITY_ONLY_NOT_PRODUCTION,234594.9955,169540.3402,9810.4062,19851,11308,-0.04181848,-0.03860046,-0.05116595,-0.04181848,-9810.4062,234594.9955,OK,0.0000,294.3122,3.0000,97.0000,AG03-UNRESOLVED,ALL5_LEVELS_bet23_to_bet27,294.3122,294.3122,294.3122,392.4162,490.5203,3.000000,3.000000,3.000000,4.000000,5.000000,97.000000,97.000000,97.000000,96.000000,95.000000,5.0,1765.8731,1644.6383,8044.5331,8165.7679,PENDING_AG03,FALSE,NOT_FOR_ENFORCEMENT,9516.0940,164454.1300,9810.4062,9516.0940,294.3122,0.04181848,0.04056393,294.3122,9516.0940,0.04056393,294.3122,294.3122,294.3122,392.4162,490.5203,9516.0940,0.04056393,1765.8731,1644.6383,8044.5331,8165.7679,0.03429115,0.03480794,0.00125455,11.8178,14.9930,0.8676,208.7320,5.3202,4991.3829,240.5957,12.7170,9.8041,2.5818,2.84,3.3563,4.9054,16.007,177.8754,0.2582,0.0,5.636364,62.633151,4.16126,29,188,6,10,0.74390005,0.04181848,0.03860046,0E-8,0.000000,0.722694,0.000000,0.01256549,2026-05-12,2026-08-02,47,1844,580,83,0.566265,1.297104,1.076088,2.479667,,,,,,,,GLOBAL_BASELINE_NO_ENTITY_RANKING,,,NOT_APPLICABLE_GLOBAL_BASELINE,HF9g-P5,,,,X 全窗基线 · 不参与实体赏罚,15059332,1506,A168_HF9F_20260827_0900,2026-08-27 09:00:00
2026-07-14,17529000,2155,0,34.0794671209,0.0387266673,0.0387266673,0.5000000,12,6,0.50054533744586115,0.499948100000,-0.0026715985490144397,0.00025425703667063243,-0.0026715985490144397,0.00059723744586115,ELIGIBLE,R03b_20260811_FULL_v1,L1_ELIGIBILITY,v2026-08-11,2026-03-21..2026-08-06,baccarat_bet02_101_all_pairs_incl_sentinel,round_win = game_pnl > 0 (decisive only),COMPATIBILITY_ONLY_NOT_PRODUCTION,234594.9955,169540.3402,9810.4062,19851,11308,-0.04181848,-0.03860046,-0.05116595,-0.04181848,-9810.4062,234594.9955,OK,0.0000,294.3122,3.0000,97.0000,AG03-UNRESOLVED,ALL5_LEVELS_bet23_to_bet27,294.3122,294.3122,294.3122,392.4162,490.5203,3.000000,3.000000,3.000000,4.000000,5.000000,97.000000,97.000000,97.000000,96.000000,95.000000,5.0,1765.8731,1644.6383,8044.5331,8165.7679,PENDING_AG03,FALSE,NOT_FOR_ENFORCEMENT,9516.0940,164454.1300,9810.4062,9516.0940,294.3122,0.04181848,0.04056393,294.3122,9516.0940,0.04056393,294.3122,294.3122,294.3122,392.4162,490.5203,9516.0940,0.04056393,1765.8731,1644.6383,8044.5331,8165.7679,0.03429115,0.03480794,0.00125455,11.8178,14.9930,0.8676,208.7320,5.3202,4991.3829,240.5957,12.7170,9.8041,2.5818,2.84,3.3563,4.9054,16.007,177.8754,0.2582,0.0,5.636364,62.633151,4.16126,29,188,6,10,0.74390005,0.04181848,0.03860046,0E-8,0.000000,0.722694,0.000000,0.01256549,2026-05-12,2026-08-02,47,1844,580,83,0.566265,1.297104,1.076088,2.479667,,,,,,,,GLOBAL_BASELINE_NO_ENTITY_RANKING,,,NOT_APPLICABLE_GLOBAL_BASELINE,HF9g-P5,,,,X 全窗基线 · 不参与实体赏罚,15059333,1506,A168_HF9F_20260827_0900,2026-08-27 09:00:00
2026-07-14,17529000,2169,0,61.7044897115,24.5139803270,24.5139803270,0.4000000,7,5,0.50147431974024645,0.501288620000,-0.45380892663890304,-0.4529779837142727,-0.45380892663890304,0.00018569974024645,ELIGIBLE,R03b_20260811_FULL_v1,L1_ELIGIBILITY,v2026-08-11,2026-03-21..2026-08-06,baccarat_bet02_101_all_pairs_incl_sentinel,round_win = game_pnl > 0 (decisive only),COMPATIBILITY_ONLY_NOT_PRODUCTION,234594.9955,169540.3402,9810.4062,19851,11308,-0.04181848,-0.03860046,-0.05116595,-0.04181848,-9810.4062,234594.9955,OK,0.0000,294.3122,3.0000,97.0000,AG03-UNRESOLVED,ALL5_LEVELS_bet23_to_bet27,294.3122,294.3122,294.3122,392.4162,490.5203,3.000000,3.000000,3.000000,4.000000,5.000000,97.000000,97.000000,97.000000,96.000000,95.000000,5.0,1765.8731,1644.6383,8044.5331,8165.7679,PENDING_AG03,FALSE,NOT_FOR_ENFORCEMENT,9516.0940,164454.1300,9810.4062,9516.0940,294.3122,0.04181848,0.04056393,294.3122,9516.0940,0.04056393,294.3122,294.3122,294.3122,392.4162,490.5203,9516.0940,0.04056393,1765.8731,1644.6383,8044.5331,8165.7679,0.03429115,0.03480794,0.00125455,11.8178,14.9930,0.8676,208.7320,5.3202,4991.3829,240.5957,12.7170,9.8041,2.5818,2.84,3.3563,4.9054,16.007,177.8754,0.2582,0.0,5.636364,62.633151,4.16126,29,188,6,10,0.74390005,0.04181848,0.03860046,0E-8,0.000000,0.722694,0.000000,0.01256549,2026-05-12,2026-08-02,47,1844,580,83,0.566265,1.297104,1.076088,2.479667,,,,,,,,GLOBAL_BASELINE_NO_ENTITY_RANKING,,,NOT_APPLICABLE_GLOBAL_BASELINE,HF9g-P5,,,,X 全窗基线 · 不参与实体赏罚,15059334,1506,A168_HF9F_20260827_0900,2026-08-27 09:00:00
2026-07-14,17529000,2177,0,15.7488446544,-3.8726667182,-3.8726667182,0.3333333,5,3,0.50247011964571011,0.502182300000,-0.5859141645876184,-0.5849155494134426,-0.5859141645876184,0.00028781964571011,ELIGIBLE,R03b_20260811_FULL_v1,L1_ELIGIBILITY,v2026-08-11,2026-03-21..2026-08-06,baccarat_bet02_101_all_pairs_incl_sentinel,round_win = game_pnl > 0 (decisive only),COMPATIBILITY_ONLY_NOT_PRODUCTION,234594.9955,169540.3402,9810.4062,19851,11308,-0.04181848,-0.03860046,-0.05116595,-0.04181848,-9810.4062,234594.9955,OK,0.0000,294.3122,3.0000,97.0000,AG03-UNRESOLVED,ALL5_LEVELS_bet23_to_bet27,294.3122,294.3122,294.3122,392.4162,490.5203,3.000000,3.000000,3.000000,4.000000,5.000000,97.000000,97.000000,97.000000,96.000000,95.000000,5.0,1765.8731,1644.6383,8044.5331,8165.7679,PENDING_AG03,FALSE,NOT_FOR_ENFORCEMENT,9516.0940,164454.1300,9810.4062,9516.0940,294.3122,0.04181848,0.04056393,294.3122,9516.0940,0.04056393,294.3122,294.3122,294.3122,392.4162,490.5203,9516.0940,0.04056393,1765.8731,1644.6383,8044.5331,8165.7679,0.03429115,0.03480794,0.00125455,11.8178,14.9930,0.8676,208.7320,5.3202,4991.3829,240.5957,12.7170,9.8041,2.5818,2.84,3.3563,4.9054,16.007,177.8754,0.2582,0.0,5.636364,62.633151,4.16126,29,188,6,10,0.74390005,0.04181848,0.03860046,0E-8,0.000000,0.722694,0.000000,0.01256549,2026-05-12,2026-08-02,47,1844,580,83,0.566265,1.297104,1.076088,2.479667,,,,,,,,GLOBAL_BASELINE_NO_ENTITY_RANKING,,,NOT_APPLICABLE_GLOBAL_BASELINE,HF9g-P5,,,,X 全窗基线 · 不参与实体赏罚,15059335,1506,A168_HF9F_20260827_0900,2026-08-27 09:00:00
2026-07-14,17529000,2188,0,5.6799111868,0E-10,0E-10,,2,1,0.50055742727268436,0.499948100000,,,,0.00060932727268436,NO_DECISIVE_ROUND,R03b_20260811_FULL_v1,L1_ELIGIBILITY,v2026-08-11,2026-03-21..2026-08-06,baccarat_bet02_101_all_pairs_incl_sentinel,round_win = game_pnl > 0 (decisive only),COMPATIBILITY_ONLY_NOT_PRODUCTION,234594.9955,169540.3402,9810.4062,19851,11308,-0.04181848,-0.03860046,-0.05116595,-0.04181848,-9810.4062,234594.9955,OK,0.0000,294.3122,3.0000,97.0000,AG03-UNRESOLVED,ALL5_LEVELS_bet23_to_bet27,294.3122,294.3122,294.3122,392.4162,490.5203,3.000000,3.000000,3.000000,4.000000,5.000000,97.000000,97.000000,97.000000,96.000000,95.000000,5.0,1765.8731,1644.6383,8044.5331,8165.7679,PENDING_AG03,FALSE,NOT_FOR_ENFORCEMENT,9516.0940,164454.1300,9810.4062,9516.0940,294.3122,0.04181848,0.04056393,294.3122,9516.0940,0.04056393,294.3122,294.3122,294.3122,392.4162,490.5203,9516.0940,0.04056393,1765.8731,1644.6383,8044.5331,8165.7679,0.03429115,0.03480794,0.00125455,11.8178,14.9930,0.8676,208.7320,5.3202,4991.3829,240.5957,12.7170,9.8041,2.5818,2.84,3.3563,4.9054,16.007,177.8754,0.2582,0.0,5.636364,62.633151,4.16126,29,188,6,10,0.74390005,0.04181848,0.03860046,0E-8,0.000000,0.722694,0.000000,0.01256549,2026-05-12,2026-08-02,47,1844,580,83,0.566265,1.297104,1.076088,2.479667,,,,,,,,GLOBAL_BASELINE_NO_ENTITY_RANKING,,,NOT_APPLICABLE_GLOBAL_BASELINE,HF9g-P5,,,,X 全窗基线 · 不参与实体赏罚,15059336,1506,A168_HF9F_20260827_0900,2026-08-27 09:00:00
2026-07-14,17529000,2193,0,5.9380889681,-0.7745333437,-0.7745333437,0E-7,2,1,0.50082235217395230,0.499948100000,-1.001646059101355,-0.9998962053866608,-1.001646059101355,0.00087425217395230,ELIGIBLE,R03b_20260811_FULL_v1,L1_ELIGIBILITY,v2026-08-11,2026-03-21..2026-08-06,baccarat_bet02_101_all_pairs_incl_sentinel,round_win = game_pnl > 0 (decisive only),COMPATIBILITY_ONLY_NOT_PRODUCTION,234594.9955,169540.3402,9810.4062,19851,11308,-0.04181848,-0.03860046,-0.05116595,-0.04181848,-9810.4062,234594.9955,OK,0.0000,294.3122,3.0000,97.0000,AG03-UNRESOLVED,ALL5_LEVELS_bet23_to_bet27,294.3122,294.3122,294.3122,392.4162,490.5203,3.000000,3.000000,3.000000,4.000000,5.000000,97.000000,97.000000,97.000000,96.000000,95.000000,5.0,1765.8731,1644.6383,8044.5331,8165.7679,PENDING_AG03,FALSE,NOT_FOR_ENFORCEMENT,9516.0940,164454.1300,9810.4062,9516.0940,294.3122,0.04181848,0.04056393,294.3122,9516.0940,0.04056393,294.3122,294.3122,294.3122,392.4162,490.5203,9516.0940,0.04056393,1765.8731,1644.6383,8044.5331,8165.7679,0.03429115,0.03480794,0.00125455,11.8178,14.9930,0.8676,208.7320,5.3202,4991.3829,240.5957,12.7170,9.8041,2.5818,2.84,3.3563,4.9054,16.007,177.8754,0.2582,0.0,5.636364,62.633151,4.16126,29,188,6,10,0.74390005,0.04181848,0.03860046,0E-8,0.000000,0.722694,0.000000,0.01256549,2026-05-12,2026-08-02,47,1844,580,83,0.566265,1.297104,1.076088,2.479667,,,,,,,,GLOBAL_BASELINE_NO_ENTITY_RANKING,,,NOT_APPLICABLE_GLOBAL_BASELINE,HF9g-P5,,,,X 全窗基线 · 不参与实体赏罚,15059337,1506,A168_HF9F_20260827_0900,2026-08-27 09:00:00
2026-07-14,17529000,2196,0,5.4217334056,-0.2581777812,-0.2581777812,0E-7,2,1,0.50026727142854788,0.499948100000,-1.0005346858015285,-0.9998962053866608,-1.0005346858015285,0.00031917142854788,ELIGIBLE,R03b_20260811_FULL_v1,L1_ELIGIBILITY,v2026-08-11,2026-03-21..2026-08-06,baccarat_bet02_101_all_pairs_incl_sentinel,round_win = game_pnl > 0 (decisive only),COMPATIBILITY_ONLY_NOT_PRODUCTION,234594.9955,169540.3402,9810.4062,19851,11308,-0.04181848,-0.03860046,-0.05116595,-0.04181848,-9810.4062,234594.9955,OK,0.0000,294.3122,3.0000,97.0000,AG03-UNRESOLVED,ALL5_LEVELS_bet23_to_bet27,294.3122,294.3122,294.3122,392.4162,490.5203,3.000000,3.000000,3.000000,4.000000,5.000000,97.000000,97.000000,97.000000,96.000000,95.000000,5.0,1765.8731,1644.6383,8044.5331,8165.7679,PENDING_AG03,FALSE,NOT_FOR_ENFORCEMENT,9516.0940,164454.1300,9810.4062,9516.0940,294.3122,0.04181848,0.04056393,294.3122,9516.0940,0.04056393,294.3122,294.3122,294.3122,392.4162,490.5203,9516.0940,0.04056393,1765.8731,1644.6383,8044.5331,8165.7679,0.03429115,0.03480794,0.00125455,11.8178,14.9930,0.8676,208.7320,5.3202,4991.3829,240.5957,12.7170,9.8041,2.5818,2.84,3.3563,4.9054,16.007,177.8754,0.2582,0.0,5.636364,62.633151,4.16126,29,188,6,10,0.74390005,0.04181848,0.03860046,0E-8,0.000000,0.722694,0.000000,0.01256549,2026-05-12,2026-08-02,47,1844,580,83,0.566265,1.297104,1.076088,2.479667,,,,,,,,GLOBAL_BASELINE_NO_ENTITY_RANKING,,,NOT_APPLICABLE_GLOBAL_BASELINE,HF9g-P5,,,,X 全窗基线 · 不参与实体赏罚,15059338,1506,A168_HF9F_20260827_0900,2026-08-27 09:00:00
2026-07-14,17529000,2212,0,12.1343557173,1.0972555702,1.0972555702,1.0000000,4,2,0.50092302363634218,0.499948100000,0.9981556535313657,1.0001038053877793,0.9981556535313657,0.00097492363634218,ELIGIBLE,R03b_20260811_FULL_v1,L1_ELIGIBILITY,v2026-08-11,2026-03-21..2026-08-06,baccarat_bet02_101_all_pairs_incl_sentinel,round_win = game_pnl > 0 (decisive only),COMPATIBILITY_ONLY_NOT_PRODUCTION,234594.9955,169540.3402,9810.4062,19851,11308,-0.04181848,-0.03860046,-0.05116595,-0.04181848,-9810.4062,234594.9955,OK,0.0000,294.3122,3.0000,97.0000,AG03-UNRESOLVED,ALL5_LEVELS_bet23_to_bet27,294.3122,294.3122,294.3122,392.4162,490.5203,3.000000,3.000000,3.000000,4.000000,5.000000,97.000000,97.000000,97.000000,96.000000,95.000000,5.0,1765.8731,1644.6383,8044.5331,8165.7679,PENDING_AG03,FALSE,NOT_FOR_ENFORCEMENT,9516.0940,164454.1300,9810.4062,9516.0940,294.3122,0.04181848,0.04056393,294.3122,9516.0940,0.04056393,294.3122,294.3122,294.3122,392.4162,490.5203,9516.0940,0.04056393,1765.8731,1644.6383,8044.5331,8165.7679,0.03429115,0.03480794,0.00125455,11.8178,14.9930,0.8676,208.7320,5.3202,4991.3829,240.5957,12.7170,9.8041,2.5818,2.84,3.3563,4.9054,16.007,177.8754,0.2582,0.0,5.636364,62.633151,4.16126,29,188,6,10,0.74390005,0.04181848,0.03860046,0E-8,0.000000,0.722694,0.000000,0.01256549,2026-05-12,2026-08-02,47,1844,580,83,0.566265,1.297104,1.076088,2.479667,,,,,,,,GLOBAL_BASELINE_NO_ENTITY_RANKING,,,NOT_APPLICABLE_GLOBAL_BASELINE,HF9g-P5,,,,X 全窗基线 · 不参与实体赏罚,15059339,1506,A168_HF9F_20260827_0900,2026-08-27 09:00:00
2026-07-14,17529000,2220,0,5.4217334056,0.1161800016,0.1161800016,1.0000000,2,1,0.50026727142854788,0.499948100000,0.9994655999345988,1.0001038053877793,0.9994655999345988,0.00031917142854788,ELIGIBLE,R03b_20260811_FULL_v1,L1_ELIGIBILITY,v2026-08-11,2026-03-21..2026-08-06,baccarat_bet02_101_all_pairs_incl_sentinel,round_win = game_pnl > 0 (decisive only),COMPATIBILITY_ONLY_NOT_PRODUCTION,234594.9955,169540.3402,9810.4062,19851,11308,-0.04181848,-0.03860046,-0.05116595,-0.04181848,-9810.4062,234594.9955,OK,0.0000,294.3122,3.0000,97.0000,AG03-UNRESOLVED,ALL5_LEVELS_bet23_to_bet27,294.3122,294.3122,294.3122,392.4162,490.5203,3.000000,3.000000,3.000000,4.000000,5.000000,97.000000,97.000000,97.000000,96.000000,95.000000,5.0,1765.8731,1644.6383,8044.5331,8165.7679,PENDING_AG03,FALSE,NOT_FOR_ENFORCEMENT,9516.0940,164454.1300,9810.4062,9516.0940,294.3122,0.04181848,0.04056393,294.3122,9516.0940,0.04056393,294.3122,294.3122,294.3122,392.4162,490.5203,9516.0940,0.04056393,1765.8731,1644.6383,8044.5331,8165.7679,0.03429115,0.03480794,0.00125455,11.8178,14.9930,0.8676,208.7320,5.3202,4991.3829,240.5957,12.7170,9.8041,2.5818,2.84,3.3563,4.9054,16.007,177.8754,0.2582,0.0,5.636364,62.633151,4.16126,29,188,6,10,0.74390005,0.04181848,0.03860046,0E-8,0.000000,0.722694,0.000000,0.01256549,2026-05-12,2026-08-02,47,1844,580,83,0.566265,1.297104,1.076088,2.479667,,,,,,,,GLOBAL_BASELINE_NO_ENTITY_RANKING,,,NOT_APPLICABLE_GLOBAL_BASELINE,HF9g-P5,,,,X 全窗基线 · 不参与实体赏罚,15059340,1506,A168_HF9F_20260827_0900,2026-08-27 09:00:00
2026-07-14,17529000,2224,0,24.7850669971,0.6454444531,0.6454444531,0.5000000,8,4,0.50097952898566048,0.499948100000,-0.003918123461348087,0.00020760000111838688,-0.003918123461348087,0.00103142898566048,ELIGIBLE,R03b_20260811_FULL_v1,L1_ELIGIBILITY,v2026-08-11,2026-03-21..2026-08-06,baccarat_bet02_101_all_pairs_incl_sentinel,round_win = game_pnl > 0 (decisive only),COMPATIBILITY_ONLY_NOT_PRODUCTION,234594.9955,169540.3402,9810.4062,19851,11308,-0.04181848,-0.03860046,-0.05116595,-0.04181848,-9810.4062,234594.9955,OK,0.0000,294.3122,3.0000,97.0000,AG03-UNRESOLVED,ALL5_LEVELS_bet23_to_bet27,294.3122,294.3122,294.3122,392.4162,490.5203,3.000000,3.000000,3.000000,4.000000,5.000000,97.000000,97.000000,97.000000,96.000000,95.000000,5.0,1765.8731,1644.6383,8044.5331,8165.7679,PENDING_AG03,FALSE,NOT_FOR_ENFORCEMENT,9516.0940,164454.1300,9810.4062,9516.0940,294.3122,0.04181848,0.04056393,294.3122,9516.0940,0.04056393,294.3122,294.3122,294.3122,392.4162,490.5203,9516.0940,0.04056393,1765.8731,1644.6383,8044.5331,8165.7679,0.03429115,0.03480794,0.00125455,11.8178,14.9930,0.8676,208.7320,5.3202,4991.3829,240.5957,12.7170,9.8041,2.5818,2.84,3.3563,4.9054,16.007,177.8754,0.2582,0.0,5.636364,62.633151,4.16126,29,188,6,10,0.74390005,0.04181848,0.03860046,0E-8,0.000000,0.722694,0.000000,0.01256549,2026-05-12,2026-08-02,47,1844,580,83,0.566265,1.297104,1.076088,2.479667,,,,,,,,GLOBAL_BASELINE_NO_ENTITY_RANKING,,,NOT_APPLICABLE_GLOBAL_BASELINE,HF9g-P5,,,,X 全窗基线 · 不参与实体赏罚,15059341,1506,A168_HF9F_20260827_0900,2026-08-27 09:00:00
2026-07-14,17529000,2229,0,1900.9630031239,-1686.6754447112,-1686.6754447112,0.3076923,24,16,0.50195293057868560,0.501623750000,-1.4008439587451507,-1.3984668926446884,-1.4008439587451507,0.00032918057868560,ELIGIBLE,R03b_20260811_FULL_v1,L1_ELIGIBILITY,v2026-08-11,2026-03-21..2026-08-06,baccarat_bet02_101_all_pairs_incl_sentinel,round_win = game_pnl > 0 (decisive only),COMPATIBILITY_ONLY_NOT_PRODUCTION,234594.9955,169540.3402,9810.4062,19851,11308,-0.04181848,-0.03860046,-0.05116595,-0.04181848,-9810.4062,234594.9955,OK,0.0000,294.3122,3.0000,97.0000,AG03-UNRESOLVED,ALL5_LEVELS_bet23_to_bet27,294.3122,294.3122,294.3122,392.4162,490.5203,3.000000,3.000000,3.000000,4.000000,5.000000,97.000000,97.000000,97.000000,96.000000,95.000000,5.0,1765.8731,1644.6383,8044.5331,8165.7679,PENDING_AG03,FALSE,NOT_FOR_ENFORCEMENT,9516.0940,164454.1300,9810.4062,9516.0940,294.3122,0.04181848,0.04056393,294.3122,9516.0940,0.04056393,294.3122,294.3122,294.3122,392.4162,490.5203,9516.0940,0.04056393,1765.8731,1644.6383,8044.5331,8165.7679,0.03429115,0.03480794,0.00125455,11.8178,14.9930,0.8676,208.7320,5.3202,4991.3829,240.5957,12.7170,9.8041,2.5818,2.84,3.3563,4.9054,16.007,177.8754,0.2582,0.0,5.636364,62.633151,4.16126,29,188,6,10,0.74390005,0.04181848,0.03860046,0E-8,0.000000,0.722694,0.000000,0.01256549,2026-05-12,2026-08-02,47,1844,580,83,0.566265,1.297104,1.076088,2.479667,,,,,,,,GLOBAL_BASELINE_NO_ENTITY_RANKING,,,NOT_APPLICABLE_GLOBAL_BASELINE,HF9g-P5,,,,X 全窗基线 · 不参与实体赏罚,15059342,1506,A168_HF9F_20260827_0900,2026-08-27 09:00:00
2026-07-14,17529000,2233,0,45.6974672758,1.0068933470,1.0068933470,0.6250000,16,8,0.50057313353470613,0.499948100000,0.7038651107294775,0.7074003757330176,0.7038651107294775,0.00062503353470613,ELIGIBLE,R03b_20260811_FULL_v1,L1_ELIGIBILITY,v2026-08-11,2026-03-21..2026-08-06,baccarat_bet02_101_all_pairs_incl_sentinel,round_win = game_pnl > 0 (decisive only),COMPATIBILITY_ONLY_NOT_PRODUCTION,234594.9955,169540.3402,9810.4062,19851,11308,-0.04181848,-0.03860046,-0.05116595,-0.04181848,-9810.4062,234594.9955,OK,0.0000,294.3122,3.0000,97.0000,AG03-UNRESOLVED,ALL5_LEVELS_bet23_to_bet27,294.3122,294.3122,294.3122,392.4162,490.5203,3.000000,3.000000,3.000000,4.000000,5.000000,97.000000,97.000000,97.000000,96.000000,95.000000,5.0,1765.8731,1644.6383,8044.5331,8165.7679,PENDING_AG03,FALSE,NOT_FOR_ENFORCEMENT,9516.0940,164454.1300,9810.4062,9516.0940,294.3122,0.04181848,0.04056393,294.3122,9516.0940,0.04056393,294.3122,294.3122,294.3122,392.4162,490.5203,9516.0940,0.04056393,1765.8731,1644.6383,8044.5331,8165.7679,0.03429115,0.03480794,0.00125455,11.8178,14.9930,0.8676,208.7320,5.3202,4991.3829,240.5957,12.7170,9.8041,2.5818,2.84,3.3563,4.9054,16.007,177.8754,0.2582,0.0,5.636364,62.633151,4.16126,29,188,6,10,0.74390005,0.04181848,0.03860046,0E-8,0.000000,0.722694,0.000000,0.01256549,2026-05-12,2026-08-02,47,1844,580,83,0.566265,1.297104,1.076088,2.479667,,,,,,,,GLOBAL_BASELINE_NO_ENTITY_RANKING,,,NOT_APPLICABLE_GLOBAL_BASELINE,HF9g-P5,,,,X 全窗基线 · 不参与实体赏罚,15059343,1506,A168_HF9F_20260827_0900,2026-08-27 09:00:00
2026-07-14,17529000,2280,0,24.2687114347,-2.0654222498,-2.0654222498,0E-7,8,4,0.50093339986166367,0.499948100000,-1.4168560846922866,-1.4140667746232096,-1.4168560846922866,0.00098529986166367,ELIGIBLE,R03b_20260811_FULL_v1,L1_ELIGIBILITY,v2026-08-11,2026-03-21..2026-08-06,baccarat_bet02_101_all_pairs_incl_sentinel,round_win = game_pnl > 0 (decisive only),COMPATIBILITY_ONLY_NOT_PRODUCTION,234594.9955,169540.3402,9810.4062,19851,11308,-0.04181848,-0.03860046,-0.05116595,-0.04181848,-9810.4062,234594.9955,OK,0.0000,294.3122,3.0000,97.0000,AG03-UNRESOLVED,ALL5_LEVELS_bet23_to_bet27,294.3122,294.3122,294.3122,392.4162,490.5203,3.000000,3.000000,3.000000,4.000000,5.000000,97.000000,97.000000,97.000000,96.000000,95.000000,5.0,1765.8731,1644.6383,8044.5331,8165.7679,PENDING_AG03,FALSE,NOT_FOR_ENFORCEMENT,9516.0940,164454.1300,9810.4062,9516.0940,294.3122,0.04181848,0.04056393,294.3122,9516.0940,0.04056393,294.3122,294.3122,294.3122,392.4162,490.5203,9516.0940,0.04056393,1765.8731,1644.6383,8044.5331,8165.7679,0.03429115,0.03480794,0.00125455,11.8178,14.9930,0.8676,208.7320,5.3202,4991.3829,240.5957,12.7170,9.8041,2.5818,2.84,3.3563,4.9054,16.007,177.8754,0.2582,0.0,5.636364,62.633151,4.16126,29,188,6,10,0.74390005,0.04181848,0.03860046,0E-8,0.000000,0.722694,0.000000,0.01256549,2026-05-12,2026-08-02,47,1844,580,83,0.566265,1.297104,1.076088,2.479667,,,,,,,,GLOBAL_BASELINE_NO_ENTITY_RANKING,,,NOT_APPLICABLE_GLOBAL_BASELINE,HF9g-P5,,,,X 全窗基线 · 不参与实体赏罚,15059344,1506,A168_HF9F_20260827_0900,2026-08-27 09:00:00
2026-07-14,17529000,2281,0,27.8832003718,3.4854000465,3.4854000465,0.5000000,9,5,0.50216674816878197,0.501288620000,-0.008667074055827367,-0.0051544971185412255,-0.008667074055827367,0.00087812816878197,ELIGIBLE,R03b_20260811_FULL_v1,L1_ELIGIBILITY,v2026-08-11,2026-03-21..2026-08-06,baccarat_bet02_101_all_pairs_incl_sentinel,round_win = game_pnl > 0 (decisive only),COMPATIBILITY_ONLY_NOT_PRODUCTION,234594.9955,169540.3402,9810.4062,19851,11308,-0.04181848,-0.03860046,-0.05116595,-0.04181848,-9810.4062,234594.9955,OK,0.0000,294.3122,3.0000,97.0000,AG03-UNRESOLVED,ALL5_LEVELS_bet23_to_bet27,294.3122,294.3122,294.3122,392.4162,490.5203,3.000000,3.000000,3.000000,4.000000,5.000000,97.000000,97.000000,97.000000,96.000000,95.000000,5.0,1765.8731,1644.6383,8044.5331,8165.7679,PENDING_AG03,FALSE,NOT_FOR_ENFORCEMENT,9516.0940,164454.1300,9810.4062,9516.0940,294.3122,0.04181848,0.04056393,294.3122,9516.0940,0.04056393,294.3122,294.3122,294.3122,392.4162,490.5203,9516.0940,0.04056393,1765.8731,1644.6383,8044.5331,8165.7679,0.03429115,0.03480794,0.00125455,11.8178,14.9930,0.8676,208.7320,5.3202,4991.3829,240.5957,12.7170,9.8041,2.5818,2.84,3.3563,4.9054,16.007,177.8754,0.2582,0.0,5.636364,62.633151,4.16126,29,188,6,10,0.74390005,0.04181848,0.03860046,0E-8,0.000000,0.722694,0.000000,0.01256549,2026-05-12,2026-08-02,47,1844,580,83,0.566265,1.297104,1.076088,2.479667,,,,,,,,GLOBAL_BASELINE_NO_ENTITY_RANKING,,,NOT_APPLICABLE_GLOBAL_BASELINE,HF9g-P5,,,,X 全窗基线 · 不参与实体赏罚,15059345,1506,A168_HF9F_20260827_0900,2026-08-27 09:00:00
2026-07-14,17529000,2287,0,33.3049337773,0.3098133376,0.3098133376,0.5000000,12,6,0.50040814419347136,0.499948100000,-0.001999490697126379,0.00025425703667063243,-0.001999490697126379,0.00046004419347136,ELIGIBLE,R03b_20260811_FULL_v1,L1_ELIGIBILITY,v2026-08-11,2026-03-21..2026-08-06,baccarat_bet02_101_all_pairs_incl_sentinel,round_win = game_pnl > 0 (decisive only),COMPATIBILITY_ONLY_NOT_PRODUCTION,234594.9955,169540.3402,9810.4062,19851,11308,-0.04181848,-0.03860046,-0.05116595,-0.04181848,-9810.4062,234594.9955,OK,0.0000,294.3122,3.0000,97.0000,AG03-UNRESOLVED,ALL5_LEVELS_bet23_to_bet27,294.3122,294.3122,294.3122,392.4162,490.5203,3.000000,3.000000,3.000000,4.000000,5.000000,97.000000,97.000000,97.000000,96.000000,95.000000,5.0,1765.8731,1644.6383,8044.5331,8165.7679,PENDING_AG03,FALSE,NOT_FOR_ENFORCEMENT,9516.0940,164454.1300,9810.4062,9516.0940,294.3122,0.04181848,0.04056393,294.3122,9516.0940,0.04056393,294.3122,294.3122,294.3122,392.4162,490.5203,9516.0940,0.04056393,1765.8731,1644.6383,8044.5331,8165.7679,0.03429115,0.03480794,0.00125455,11.8178,14.9930,0.8676,208.7320,5.3202,4991.3829,240.5957,12.7170,9.8041,2.5818,2.84,3.3563,4.9054,16.007,177.8754,0.2582,0.0,5.636364,62.633151,4.16126,29,188,6,10,0.74390005,0.04181848,0.03860046,0E-8,0.000000,0.722694,0.000000,0.01256549,2026-05-12,2026-08-02,47,1844,580,83,0.566265,1.297104,1.076088,2.479667,,,,,,,,GLOBAL_BASELINE_NO_ENTITY_RANKING,,,NOT_APPLICABLE_GLOBAL_BASELINE,HF9g-P5,,,,X 全窗基线 · 不参与实体赏罚,15059346,1506,A168_HF9F_20260827_0900,2026-08-27 09:00:00
2026-07-14,17529000,2288,0,6.4544445305,1.0972555702,1.0972555702,1.0000000,2,1,0.50128862000000000,0.499948100000,0.9974260725402827,1.0001038053877793,0.9974260725402827,0.00134052000000000,ELIGIBLE,R03b_20260811_FULL_v1,L1_ELIGIBILITY,v2026-08-11,2026-03-21..2026-08-06,baccarat_bet02_101_all_pairs_incl_sentinel,round_win = game_pnl > 0 (decisive only),COMPATIBILITY_ONLY_NOT_PRODUCTION,234594.9955,169540.3402,9810.4062,19851,11308,-0.04181848,-0.03860046,-0.05116595,-0.04181848,-9810.4062,234594.9955,OK,0.0000,294.3122,3.0000,97.0000,AG03-UNRESOLVED,ALL5_LEVELS_bet23_to_bet27,294.3122,294.3122,294.3122,392.4162,490.5203,3.000000,3.000000,3.000000,4.000000,5.000000,97.000000,97.000000,97.000000,96.000000,95.000000,5.0,1765.8731,1644.6383,8044.5331,8165.7679,PENDING_AG03,FALSE,NOT_FOR_ENFORCEMENT,9516.0940,164454.1300,9810.4062,9516.0940,294.3122,0.04181848,0.04056393,294.3122,9516.0940,0.04056393,294.3122,294.3122,294.3122,392.4162,490.5203,9516.0940,0.04056393,1765.8731,1644.6383,8044.5331,8165.7679,0.03429115,0.03480794,0.00125455,11.8178,14.9930,0.8676,208.7320,5.3202,4991.3829,240.5957,12.7170,9.8041,2.5818,2.84,3.3563,4.9054,16.007,177.8754,0.2582,0.0,5.636364,62.633151,4.16126,29,188,6,10,0.74390005,0.04181848,0.03860046,0E-8,0.000000,0.722694,0.000000,0.01256549,2026-05-12,2026-08-02,47,1844,580,83,0.566265,1.297104,1.076088,2.479667,,,,,,,,GLOBAL_BASELINE_NO_ENTITY_RANKING,,,NOT_APPLICABLE_GLOBAL_BASELINE,HF9g-P5,,,,X 全窗基线 · 不参与实体赏罚,15059347,1506,A168_HF9F_20260827_0900,2026-08-27 09:00:00
2026-07-14,17529000,462,0,5.9380889681,-0.7745333437,-0.7745333437,0E-7,2,1,0.50082235217395230,0.499948100000,-1.001646059101355,-0.9998962053866608,-1.001646059101355,0.00087425217395230,ELIGIBLE,R03b_20260811_FULL_v1,L1_ELIGIBILITY,v2026-08-11,2026-03-21..2026-08-06,baccarat_bet02_101_all_pairs_incl_sentinel,round_win = game_pnl > 0 (decisive only),COMPATIBILITY_ONLY_NOT_PRODUCTION,234594.9955,169540.3402,9810.4062,19851,11308,-0.04181848,-0.03860046,-0.05116595,-0.04181848,-9810.4062,234594.9955,OK,0.0000,294.3122,3.0000,97.0000,AG03-UNRESOLVED,ALL5_LEVELS_bet23_to_bet27,294.3122,294.3122,294.3122,392.4162,490.5203,3.000000,3.000000,3.000000,4.000000,5.000000,97.000000,97.000000,97.000000,96.000000,95.000000,5.0,1765.8731,1644.6383,8044.5331,8165.7679,PENDING_AG03,FALSE,NOT_FOR_ENFORCEMENT,9516.0940,164454.1300,9810.4062,9516.0940,294.3122,0.04181848,0.04056393,294.3122,9516.0940,0.04056393,294.3122,294.3122,294.3122,392.4162,490.5203,9516.0940,0.04056393,1765.8731,1644.6383,8044.5331,8165.7679,0.03429115,0.03480794,0.00125455,11.8178,14.9930,0.8676,208.7320,5.3202,4991.3829,240.5957,12.7170,9.8041,2.5818,2.84,3.3563,4.9054,16.007,177.8754,0.2582,0.0,5.636364,62.633151,4.16126,29,188,6,10,0.74390005,0.04181848,0.03860046,0E-8,0.000000,0.722694,0.000000,0.01256549,2026-05-12,2026-08-02,47,1844,580,83,0.566265,1.297104,1.076088,2.479667,,,,,,,,GLOBAL_BASELINE_NO_ENTITY_RANKING,,,NOT_APPLICABLE_GLOBAL_BASELINE,HF9g-P5,,,,X 全窗基线 · 不参与实体赏罚,15059348,1506,A168_HF9F_20260827_0900,2026-08-27 09:00:00
2026-07-14,17529000,471,0,24.7850669972,0.7745333436,0.7745333436,0.5000000,8,4,0.49891115174553897,0.499948100000,0.004355403345306209,0.00020760000111838688,0.004355403345306209,-0.00103694825446103,ELIGIBLE,R03b_20260811_FULL_v1,L1_ELIGIBILITY,v2026-08-11,2026-03-21..2026-08-06,baccarat_bet02_101_all_pairs_incl_sentinel,round_win = game_pnl > 0 (decisive only),COMPATIBILITY_ONLY_NOT_PRODUCTION,234594.9955,169540.3402,9810.4062,19851,11308,-0.04181848,-0.03860046,-0.05116595,-0.04181848,-9810.4062,234594.9955,OK,0.0000,294.3122,3.0000,97.0000,AG03-UNRESOLVED,ALL5_LEVELS_bet23_to_bet27,294.3122,294.3122,294.3122,392.4162,490.5203,3.000000,3.000000,3.000000,4.000000,5.000000,97.000000,97.000000,97.000000,96.000000,95.000000,5.0,1765.8731,1644.6383,8044.5331,8165.7679,PENDING_AG03,FALSE,NOT_FOR_ENFORCEMENT,9516.0940,164454.1300,9810.4062,9516.0940,294.3122,0.04181848,0.04056393,294.3122,9516.0940,0.04056393,294.3122,294.3122,294.3122,392.4162,490.5203,9516.0940,0.04056393,1765.8731,1644.6383,8044.5331,8165.7679,0.03429115,0.03480794,0.00125455,11.8178,14.9930,0.8676,208.7320,5.3202,4991.3829,240.5957,12.7170,9.8041,2.5818,2.84,3.3563,4.9054,16.007,177.8754,0.2582,0.0,5.636364,62.633151,4.16126,29,188,6,10,0.74390005,0.04181848,0.03860046,0E-8,0.000000,0.722694,0.000000,0.01256549,2026-05-12,2026-08-02,47,1844,580,83,0.566265,1.297104,1.076088,2.479667,,,,,,,,GLOBAL_BASELINE_NO_ENTITY_RANKING,,,NOT_APPLICABLE_GLOBAL_BASELINE,HF9g-P5,,,,X 全窗基线 · 不参与实体赏罚,15059349,1506,A168_HF9F_20260827_0900,2026-08-27 09:00:00
2026-07-14,17529000,550,0,21.4287558412,0.6067177860,0.6067177860,0.2500000,7,4,0.50229030245307872,0.501623750000,-1.0091717970595573,-1.0065003074190721,-1.0091717970595573,0.00066655245307872,ELIGIBLE,R03b_20260811_FULL_v1,L1_ELIGIBILITY,v2026-08-11,2026-03-21..2026-08-06,baccarat_bet02_101_all_pairs_incl_sentinel,round_win = game_pnl > 0 (decisive only),COMPATIBILITY_ONLY_NOT_PRODUCTION,234594.9955,169540.3402,9810.4062,19851,11308,-0.04181848,-0.03860046,-0.05116595,-0.04181848,-9810.4062,234594.9955,OK,0.0000,294.3122,3.0000,97.0000,AG03-UNRESOLVED,ALL5_LEVELS_bet23_to_bet27,294.3122,294.3122,294.3122,392.4162,490.5203,3.000000,3.000000,3.000000,4.000000,5.000000,97.000000,97.000000,97.000000,96.000000,95.000000,5.0,1765.8731,1644.6383,8044.5331,8165.7679,PENDING_AG03,FALSE,NOT_FOR_ENFORCEMENT,9516.0940,164454.1300,9810.4062,9516.0940,294.3122,0.04181848,0.04056393,294.3122,9516.0940,0.04056393,294.3122,294.3122,294.3122,392.4162,490.5203,9516.0940,0.04056393,1765.8731,1644.6383,8044.5331,8165.7679,0.03429115,0.03480794,0.00125455,11.8178,14.9930,0.8676,208.7320,5.3202,4991.3829,240.5957,12.7170,9.8041,2.5818,2.84,3.3563,4.9054,16.007,177.8754,0.2582,0.0,5.636364,62.633151,4.16126,29,188,6,10,0.74390005,0.04181848,0.03860046,0E-8,0.000000,0.722694,0.000000,0.01256549,2026-05-12,2026-08-02,47,1844,580,83,0.566265,1.297104,1.076088,2.479667,,,,,,,,GLOBAL_BASELINE_NO_ENTITY_RANKING,,,NOT_APPLICABLE_GLOBAL_BASELINE,HF9g-P5,,,,X 全窗基线 · 不参与实体赏罚,15059350,1506,A168_HF9F_20260827_0900,2026-08-27 09:00:00
2026-07-14,17529000,595,0,29.6904448403,-10.8047401441,-10.8047401441,0.2000000,8,5,0.50350945299144783,0.502629140000,-1.3573689732363106,-1.3534173688164992,-1.3573689732363106,0.00088031299144783,ELIGIBLE,R03b_20260811_FULL_v1,L1_ELIGIBILITY,v2026-08-11,2026-03-21..2026-08-06,baccarat_bet02_101_all_pairs_incl_sentinel,round_win = game_pnl > 0 (decisive only),COMPATIBILITY_ONLY_NOT_PRODUCTION,234594.9955,169540.3402,9810.4062,19851,11308,-0.04181848,-0.03860046,-0.05116595,-0.04181848,-9810.4062,234594.9955,OK,0.0000,294.3122,3.0000,97.0000,AG03-UNRESOLVED,ALL5_LEVELS_bet23_to_bet27,294.3122,294.3122,294.3122,392.4162,490.5203,3.000000,3.000000,3.000000,4.000000,5.000000,97.000000,97.000000,97.000000,96.000000,95.000000,5.0,1765.8731,1644.6383,8044.5331,8165.7679,PENDING_AG03,FALSE,NOT_FOR_ENFORCEMENT,9516.0940,164454.1300,9810.4062,9516.0940,294.3122,0.04181848,0.04056393,294.3122,9516.0940,0.04056393,294.3122,294.3122,294.3122,392.4162,490.5203,9516.0940,0.04056393,1765.8731,1644.6383,8044.5331,8165.7679,0.03429115,0.03480794,0.00125455,11.8178,14.9930,0.8676,208.7320,5.3202,4991.3829,240.5957,12.7170,9.8041,2.5818,2.84,3.3563,4.9054,16.007,177.8754,0.2582,0.0,5.636364,62.633151,4.16126,29,188,6,10,0.74390005,0.04181848,0.03860046,0E-8,0.000000,0.722694,0.000000,0.01256549,2026-05-12,2026-08-02,47,1844,580,83,0.566265,1.297104,1.076088,2.479667,,,,,,,,GLOBAL_BASELINE_NO_ENTITY_RANKING,,,NOT_APPLICABLE_GLOBAL_BASELINE,HF9g-P5,,,,X 全窗基线 · 不参与实体赏罚,15059351,1506,A168_HF9F_20260827_0900,2026-08-27 09:00:00
2026-07-14,17529000,772,0,17.5560891229,-0.8132600108,-0.8132600108,0.6666667,6,3,0.50070443956707741,0.499948100000,0.5749105895294611,0.5775300591747329,0.5749105895294611,0.00075633956707741,ELIGIBLE,R03b_20260811_FULL_v1,L1_ELIGIBILITY,v2026-08-11,2026-03-21..2026-08-06,baccarat_bet02_101_all_pairs_incl_sentinel,round_win = game_pnl > 0 (decisive only),COMPATIBILITY_ONLY_NOT_PRODUCTION,234594.9955,169540.3402,9810.4062,19851,11308,-0.04181848,-0.03860046,-0.05116595,-0.04181848,-9810.4062,234594.9955,OK,0.0000,294.3122,3.0000,97.0000,AG03-UNRESOLVED,ALL5_LEVELS_bet23_to_bet27,294.3122,294.3122,294.3122,392.4162,490.5203,3.000000,3.000000,3.000000,4.000000,5.000000,97.000000,97.000000,97.000000,96.000000,95.000000,5.0,1765.8731,1644.6383,8044.5331,8165.7679,PENDING_AG03,FALSE,NOT_FOR_ENFORCEMENT,9516.0940,164454.1300,9810.4062,9516.0940,294.3122,0.04181848,0.04056393,294.3122,9516.0940,0.04056393,294.3122,294.3122,294.3122,392.4162,490.5203,9516.0940,0.04056393,1765.8731,1644.6383,8044.5331,8165.7679,0.03429115,0.03480794,0.00125455,11.8178,14.9930,0.8676,208.7320,5.3202,4991.3829,240.5957,12.7170,9.8041,2.5818,2.84,3.3563,4.9054,16.007,177.8754,0.2582,0.0,5.636364,62.633151,4.16126,29,188,6,10,0.74390005,0.04181848,0.03860046,0E-8,0.000000,0.722694,0.000000,0.01256549,2026-05-12,2026-08-02,47,1844,580,83,0.566265,1.297104,1.076088,2.479667,,,,,,,,GLOBAL_BASELINE_NO_ENTITY_RANKING,,,NOT_APPLICABLE_GLOBAL_BASELINE,HF9g-P5,,,,X 全窗基线 · 不参与实体赏罚,15059352,1506,A168_HF9F_20260827_0900,2026-08-27 09:00:00
2026-07-14,17529000,789,0,23.4941780910,-12.0181757157,-12.0181757157,0.3333333,6,4,0.50359775590062505,0.503299400000,-0.5898285307146306,-0.5887925454369916,-0.5898285307146306,0.00029835590062505,ELIGIBLE,R03b_20260811_FULL_v1,L1_ELIGIBILITY,v2026-08-11,2026-03-21..2026-08-06,baccarat_bet02_101_all_pairs_incl_sentinel,round_win = game_pnl > 0 (decisive only),COMPATIBILITY_ONLY_NOT_PRODUCTION,234594.9955,169540.3402,9810.4062,19851,11308,-0.04181848,-0.03860046,-0.05116595,-0.04181848,-9810.4062,234594.9955,OK,0.0000,294.3122,3.0000,97.0000,AG03-UNRESOLVED,ALL5_LEVELS_bet23_to_bet27,294.3122,294.3122,294.3122,392.4162,490.5203,3.000000,3.000000,3.000000,4.000000,5.000000,97.000000,97.000000,97.000000,96.000000,95.000000,5.0,1765.8731,1644.6383,8044.5331,8165.7679,PENDING_AG03,FALSE,NOT_FOR_ENFORCEMENT,9516.0940,164454.1300,9810.4062,9516.0940,294.3122,0.04181848,0.04056393,294.3122,9516.0940,0.04056393,294.3122,294.3122,294.3122,392.4162,490.5203,9516.0940,0.04056393,1765.8731,1644.6383,8044.5331,8165.7679,0.03429115,0.03480794,0.00125455,11.8178,14.9930,0.8676,208.7320,5.3202,4991.3829,240.5957,12.7170,9.8041,2.5818,2.84,3.3563,4.9054,16.007,177.8754,0.2582,0.0,5.636364,62.633151,4.16126,29,188,6,10,0.74390005,0.04181848,0.03860046,0E-8,0.000000,0.722694,0.000000,0.01256549,2026-05-12,2026-08-02,47,1844,580,83,0.566265,1.297104,1.076088,2.479667,,,,,,,,GLOBAL_BASELINE_NO_ENTITY_RANKING,,,NOT_APPLICABLE_GLOBAL_BASELINE,HF9g-P5,,,,X 全窗基线 · 不参与实体赏罚,15059353,1506,A168_HF9F_20260827_0900,2026-08-27 09:00:00
2026-07-15,17529000,-1,1,224.0983140987,8.6747734493,8.6747734493,0.5757576,73,38,0.50097296968460132,0.500477252632,0.859211335946483,0.8649054584922424,0.859211335946483,0.00049571705260132,SENTINEL_DEALER,R03b_20260811_FULL_v1,L1_ELIGIBILITY,v2026-08-11,2026-03-21..2026-08-06,baccarat_bet02_101_all_pairs_incl_sentinel,round_win = game_pnl > 0 (decisive only),COMPATIBILITY_ONLY_NOT_PRODUCTION,234594.9955,169540.3402,9810.4062,19851,11308,-0.04181848,-0.03860046,-0.05116595,-0.04181848,-9810.4062,234594.9955,OK,0.0000,294.3122,3.0000,97.0000,AG03-UNRESOLVED,ALL5_LEVELS_bet23_to_bet27,294.3122,294.3122,294.3122,392.4162,490.5203,3.000000,3.000000,3.000000,4.000000,5.000000,97.000000,97.000000,97.000000,96.000000,95.000000,5.0,1765.8731,1644.6383,8044.5331,8165.7679,PENDING_AG03,FALSE,NOT_FOR_ENFORCEMENT,9516.0940,164454.1300,9810.4062,9516.0940,294.3122,0.04181848,0.04056393,294.3122,9516.0940,0.04056393,294.3122,294.3122,294.3122,392.4162,490.5203,9516.0940,0.04056393,1765.8731,1644.6383,8044.5331,8165.7679,0.03429115,0.03480794,0.00125455,11.8178,14.9930,0.8676,208.7320,5.3202,4991.3829,240.5957,12.7170,9.8041,2.5818,2.84,3.3563,4.9054,16.007,177.8754,0.2582,0.0,5.636364,62.633151,4.16126,29,188,6,10,0.74390005,0.04181848,0.03860046,0E-8,0.000000,0.722694,0.000000,0.01256549,2026-05-12,2026-08-02,47,1844,580,83,0.566265,1.297104,1.076088,2.479667,,,,,,,,GLOBAL_BASELINE_NO_ENTITY_RANKING,,,NOT_APPLICABLE_GLOBAL_BASELINE,HF9g-P5,,,,X 全窗基线 · 不参与实体赏罚,15059354,1506,A168_HF9F_20260827_0900,2026-08-27 09:00:00
2026-07-15,17529000,1094,0,22.7196447473,-0.2581777813,-0.2581777813,0.5000000,8,4,0.50008687018635111,0.499948100000,-0.0002457059951156416,0.00014679536856514622,-0.0002457059951156416,0.00013877018635111,ELIGIBLE,R03b_20260811_FULL_v1,L1_ELIGIBILITY,v2026-08-11,2026-03-21..2026-08-06,baccarat_bet02_101_all_pairs_incl_sentinel,round_win = game_pnl > 0 (decisive only),COMPATIBILITY_ONLY_NOT_PRODUCTION,234594.9955,169540.3402,9810.4062,19851,11308,-0.04181848,-0.03860046,-0.05116595,-0.04181848,-9810.4062,234594.9955,OK,0.0000,294.3122,3.0000,97.0000,AG03-UNRESOLVED,ALL5_LEVELS_bet23_to_bet27,294.3122,294.3122,294.3122,392.4162,490.5203,3.000000,3.000000,3.000000,4.000000,5.000000,97.000000,97.000000,97.000000,96.000000,95.000000,5.0,1765.8731,1644.6383,8044.5331,8165.7679,PENDING_AG03,FALSE,NOT_FOR_ENFORCEMENT,9516.0940,164454.1300,9810.4062,9516.0940,294.3122,0.04181848,0.04056393,294.3122,9516.0940,0.04056393,294.3122,294.3122,294.3122,392.4162,490.5203,9516.0940,0.04056393,1765.8731,1644.6383,8044.5331,8165.7679,0.03429115,0.03480794,0.00125455,11.8178,14.9930,0.8676,208.7320,5.3202,4991.3829,240.5957,12.7170,9.8041,2.5818,2.84,3.3563,4.9054,16.007,177.8754,0.2582,0.0,5.636364,62.633151,4.16126,29,188,6,10,0.74390005,0.04181848,0.03860046,0E-8,0.000000,0.722694,0.000000,0.01256549,2026-05-12,2026-08-02,47,1844,580,83,0.566265,1.297104,1.076088,2.479667,,,,,,,,GLOBAL_BASELINE_NO_ENTITY_RANKING,,,NOT_APPLICABLE_GLOBAL_BASELINE,HF9g-P5,,,,X 全窗基线 · 不参与实体赏罚,15059355,1506,A168_HF9F_20260827_0900,2026-08-27 09:00:00
2026-07-15,17529000,1109,0,5.4217334056,0.1161800016,0.1161800016,1.0000000,2,1,0.50026727142854788,0.499948100000,0.9994655999345988,1.0001038053877793,0.9994655999345988,0.00031917142854788,ELIGIBLE,R03b_20260811_FULL_v1,L1_ELIGIBILITY,v2026-08-11,2026-03-21..2026-08-06,baccarat_bet02_101_all_pairs_incl_sentinel,round_win = game_pnl > 0 (decisive only),COMPATIBILITY_ONLY_NOT_PRODUCTION,234594.9955,169540.3402,9810.4062,19851,11308,-0.04181848,-0.03860046,-0.05116595,-0.04181848,-9810.4062,234594.9955,OK,0.0000,294.3122,3.0000,97.0000,AG03-UNRESOLVED,ALL5_LEVELS_bet23_to_bet27,294.3122,294.3122,294.3122,392.4162,490.5203,3.000000,3.000000,3.000000,4.000000,5.000000,97.000000,97.000000,97.000000,96.000000,95.000000,5.0,1765.8731,1644.6383,8044.5331,8165.7679,PENDING_AG03,FALSE,NOT_FOR_ENFORCEMENT,9516.0940,164454.1300,9810.4062,9516.0940,294.3122,0.04181848,0.04056393,294.3122,9516.0940,0.04056393,294.3122,294.3122,294.3122,392.4162,490.5203,9516.0940,0.04056393,1765.8731,1644.6383,8044.5331,8165.7679,0.03429115,0.03480794,0.00125455,11.8178,14.9930,0.8676,208.7320,5.3202,4991.3829,240.5957,12.7170,9.8041,2.5818,2.84,3.3563,4.9054,16.007,177.8754,0.2582,0.0,5.636364,62.633151,4.16126,29,188,6,10,0.74390005,0.04181848,0.03860046,0E-8,0.000000,0.722694,0.000000,0.01256549,2026-05-12,2026-08-02,47,1844,580,83,0.566265,1.297104,1.076088,2.479667,,,,,,,,GLOBAL_BASELINE_NO_ENTITY_RANKING,,,NOT_APPLICABLE_GLOBAL_BASELINE,HF9g-P5,,,,X 全窗基线 · 不参与实体赏罚,15059356,1506,A168_HF9F_20260827_0900,2026-08-27 09:00:00
2026-07-15,17529000,1115,0,5.6799111868,0.3614488937,0.3614488937,1.0000000,2,1,0.50055742727268436,0.499948100000,0.9988857662127119,1.0001038053877793,0.9988857662127119,0.00060932727268436,ELIGIBLE,R03b_20260811_FULL_v1,L1_ELIGIBILITY,v2026-08-11,2026-03-21..2026-08-06,baccarat_bet02_101_all_pairs_incl_sentinel,round_win = game_pnl > 0 (decisive only),COMPATIBILITY_ONLY_NOT_PRODUCTION,234594.9955,169540.3402,9810.4062,19851,11308,-0.04181848,-0.03860046,-0.05116595,-0.04181848,-9810.4062,234594.9955,OK,0.0000,294.3122,3.0000,97.0000,AG03-UNRESOLVED,ALL5_LEVELS_bet23_to_bet27,294.3122,294.3122,294.3122,392.4162,490.5203,3.000000,3.000000,3.000000,4.000000,5.000000,97.000000,97.000000,97.000000,96.000000,95.000000,5.0,1765.8731,1644.6383,8044.5331,8165.7679,PENDING_AG03,FALSE,NOT_FOR_ENFORCEMENT,9516.0940,164454.1300,9810.4062,9516.0940,294.3122,0.04181848,0.04056393,294.3122,9516.0940,0.04056393,294.3122,294.3122,294.3122,392.4162,490.5203,9516.0940,0.04056393,1765.8731,1644.6383,8044.5331,8165.7679,0.03429115,0.03480794,0.00125455,11.8178,14.9930,0.8676,208.7320,5.3202,4991.3829,240.5957,12.7170,9.8041,2.5818,2.84,3.3563,4.9054,16.007,177.8754,0.2582,0.0,5.636364,62.633151,4.16126,29,188,6,10,0.74390005,0.04181848,0.03860046,0E-8,0.000000,0.722694,0.000000,0.01256549,2026-05-12,2026-08-02,47,1844,580,83,0.566265,1.297104,1.076088,2.479667,,,,,,,,GLOBAL_BASELINE_NO_ENTITY_RANKING,,,NOT_APPLICABLE_GLOBAL_BASELINE,HF9g-P5,,,,X 全窗基线 · 不参与实体赏罚,15059357,1506,A168_HF9F_20260827_0900,2026-08-27 09:00:00
2026-07-15,17529000,1157,0,6.4544445305,1.2908889061,1.2908889061,1.0000000,2,1,0.49860758000000000,0.499948100000,1.002788728488212,1.0001038053877793,1.002788728488212,-0.00134052000000000,ELIGIBLE,R03b_20260811_FULL_v1,L1_ELIGIBILITY,v2026-08-11,2026-03-21..2026-08-06,baccarat_bet02_101_all_pairs_incl_sentinel,round_win = game_pnl > 0 (decisive only),COMPATIBILITY_ONLY_NOT_PRODUCTION,234594.9955,169540.3402,9810.4062,19851,11308,-0.04181848,-0.03860046,-0.05116595,-0.04181848,-9810.4062,234594.9955,OK,0.0000,294.3122,3.0000,97.0000,AG03-UNRESOLVED,ALL5_LEVELS_bet23_to_bet27,294.3122,294.3122,294.3122,392.4162,490.5203,3.000000,3.000000,3.000000,4.000000,5.000000,97.000000,97.000000,97.000000,96.000000,95.000000,5.0,1765.8731,1644.6383,8044.5331,8165.7679,PENDING_AG03,FALSE,NOT_FOR_ENFORCEMENT,9516.0940,164454.1300,9810.4062,9516.0940,294.3122,0.04181848,0.04056393,294.3122,9516.0940,0.04056393,294.3122,294.3122,294.3122,392.4162,490.5203,9516.0940,0.04056393,1765.8731,1644.6383,8044.5331,8165.7679,0.03429115,0.03480794,0.00125455,11.8178,14.9930,0.8676,208.7320,5.3202,4991.3829,240.5957,12.7170,9.8041,2.5818,2.84,3.3563,4.9054,16.007,177.8754,0.2582,0.0,5.636364,62.633151,4.16126,29,188,6,10,0.74390005,0.04181848,0.03860046,0E-8,0.000000,0.722694,0.000000,0.01256549,2026-05-12,2026-08-02,47,1844,580,83,0.566265,1.297104,1.076088,2.479667,,,,,,,,GLOBAL_BASELINE_NO_ENTITY_RANKING,,,NOT_APPLICABLE_GLOBAL_BASELINE,HF9g-P5,,,,X 全窗基线 · 不参与实体赏罚,15059358,1506,A168_HF9F_20260827_0900,2026-08-27 09:00:00
2026-07-15,17529000,1221,0,42.5993339013,2.0783311387,2.0783311387,0.6666667,14,7,0.50044013142230614,0.499948100000,0.8143407016200638,0.8167508423630434,0.8143407016200638,0.00049203142230614,ELIGIBLE,R03b_20260811_FULL_v1,L1_ELIGIBILITY,v2026-08-11,2026-03-21..2026-08-06,baccarat_bet02_101_all_pairs_incl_sentinel,round_win = game_pnl > 0 (decisive only),COMPATIBILITY_ONLY_NOT_PRODUCTION,234594.9955,169540.3402,9810.4062,19851,11308,-0.04181848,-0.03860046,-0.05116595,-0.04181848,-9810.4062,234594.9955,OK,0.0000,294.3122,3.0000,97.0000,AG03-UNRESOLVED,ALL5_LEVELS_bet23_to_bet27,294.3122,294.3122,294.3122,392.4162,490.5203,3.000000,3.000000,3.000000,4.000000,5.000000,97.000000,97.000000,97.000000,96.000000,95.000000,5.0,1765.8731,1644.6383,8044.5331,8165.7679,PENDING_AG03,FALSE,NOT_FOR_ENFORCEMENT,9516.0940,164454.1300,9810.4062,9516.0940,294.3122,0.04181848,0.04056393,294.3122,9516.0940,0.04056393,294.3122,294.3122,294.3122,392.4162,490.5203,9516.0940,0.04056393,1765.8731,1644.6383,8044.5331,8165.7679,0.03429115,0.03480794,0.00125455,11.8178,14.9930,0.8676,208.7320,5.3202,4991.3829,240.5957,12.7170,9.8041,2.5818,2.84,3.3563,4.9054,16.007,177.8754,0.2582,0.0,5.636364,62.633151,4.16126,29,188,6,10,0.74390005,0.04181848,0.03860046,0E-8,0.000000,0.722694,0.000000,0.01256549,2026-05-12,2026-08-02,47,1844,580,83,0.566265,1.297104,1.076088,2.479667,,,,,,,,GLOBAL_BASELINE_NO_ENTITY_RANKING,,,NOT_APPLICABLE_GLOBAL_BASELINE,HF9g-P5,,,,X 全窗基线 · 不参与实体赏罚,15059359,1506,A168_HF9F_20260827_0900,2026-08-27 09:00:00
2026-07-15,17529000,1302,0,6.1962667493,0.8519866780,0.8519866780,1.0000000,2,1,0.50106520000001803,0.499948100000,0.997871864475231,1.0001038053877793,0.997871864475231,0.00111710000001803,ELIGIBLE,R03b_20260811_FULL_v1,L1_ELIGIBILITY,v2026-08-11,2026-03-21..2026-08-06,baccarat_bet02_101_all_pairs_incl_sentinel,round_win = game_pnl > 0 (decisive only),COMPATIBILITY_ONLY_NOT_PRODUCTION,234594.9955,169540.3402,9810.4062,19851,11308,-0.04181848,-0.03860046,-0.05116595,-0.04181848,-9810.4062,234594.9955,OK,0.0000,294.3122,3.0000,97.0000,AG03-UNRESOLVED,ALL5_LEVELS_bet23_to_bet27,294.3122,294.3122,294.3122,392.4162,490.5203,3.000000,3.000000,3.000000,4.000000,5.000000,97.000000,97.000000,97.000000,96.000000,95.000000,5.0,1765.8731,1644.6383,8044.5331,8165.7679,PENDING_AG03,FALSE,NOT_FOR_ENFORCEMENT,9516.0940,164454.1300,9810.4062,9516.0940,294.3122,0.04181848,0.04056393,294.3122,9516.0940,0.04056393,294.3122,294.3122,294.3122,392.4162,490.5203,9516.0940,0.04056393,1765.8731,1644.6383,8044.5331,8165.7679,0.03429115,0.03480794,0.00125455,11.8178,14.9930,0.8676,208.7320,5.3202,4991.3829,240.5957,12.7170,9.8041,2.5818,2.84,3.3563,4.9054,16.007,177.8754,0.2582,0.0,5.636364,62.633151,4.16126,29,188,6,10,0.74390005,0.04181848,0.03860046,0E-8,0.000000,0.722694,0.000000,0.01256549,2026-05-12,2026-08-02,47,1844,580,83,0.566265,1.297104,1.076088,2.479667,,,,,,,,GLOBAL_BASELINE_NO_ENTITY_RANKING,,,NOT_APPLICABLE_GLOBAL_BASELINE,HF9g-P5,,,,X 全窗基线 · 不参与实体赏罚,15059360,1506,A168_HF9F_20260827_0900,2026-08-27 09:00:00
2026-07-15,17529000,1325,0,11.3598223737,0.3872666719,0.3872666719,0.5000000,4,2,0.49935138819874991,0.499948100000,0.0018345527556695562,0.00014679536856514622,0.0018345527556695562,-0.00059671180125009,ELIGIBLE,R03b_20260811_FULL_v1,L1_ELIGIBILITY,v2026-08-11,2026-03-21..2026-08-06,baccarat_bet02_101_all_pairs_incl_sentinel,round_win = game_pnl > 0 (decisive only),COMPATIBILITY_ONLY_NOT_PRODUCTION,234594.9955,169540.3402,9810.4062,19851,11308,-0.04181848,-0.03860046,-0.05116595,-0.04181848,-9810.4062,234594.9955,OK,0.0000,294.3122,3.0000,97.0000,AG03-UNRESOLVED,ALL5_LEVELS_bet23_to_bet27,294.3122,294.3122,294.3122,392.4162,490.5203,3.000000,3.000000,3.000000,4.000000,5.000000,97.000000,97.000000,97.000000,96.000000,95.000000,5.0,1765.8731,1644.6383,8044.5331,8165.7679,PENDING_AG03,FALSE,NOT_FOR_ENFORCEMENT,9516.0940,164454.1300,9810.4062,9516.0940,294.3122,0.04181848,0.04056393,294.3122,9516.0940,0.04056393,294.3122,294.3122,294.3122,392.4162,490.5203,9516.0940,0.04056393,1765.8731,1644.6383,8044.5331,8165.7679,0.03429115,0.03480794,0.00125455,11.8178,14.9930,0.8676,208.7320,5.3202,4991.3829,240.5957,12.7170,9.8041,2.5818,2.84,3.3563,4.9054,16.007,177.8754,0.2582,0.0,5.636364,62.633151,4.16126,29,188,6,10,0.74390005,0.04181848,0.03860046,0E-8,0.000000,0.722694,0.000000,0.01256549,2026-05-12,2026-08-02,47,1844,580,83,0.566265,1.297104,1.076088,2.479667,,,,,,,,GLOBAL_BASELINE_NO_ENTITY_RANKING,,,NOT_APPLICABLE_GLOBAL_BASELINE,HF9g-P5,,,,X 全窗基线 · 不参与实体赏罚,15059361,1506,A168_HF9F_20260827_0900,2026-08-27 09:00:00
2026-07-15,17529000,1331,0,6.4544445305,-1.4199777967,-1.4199777967,0E-7,2,1,0.49860758000000000,0.499948100000,-0.9972190268907226,-0.9998962053866608,-0.9972190268907226,-0.00134052000000000,ELIGIBLE,R03b_20260811_FULL_v1,L1_ELIGIBILITY,v2026-08-11,2026-03-21..2026-08-06,baccarat_bet02_101_all_pairs_incl_sentinel,round_win = game_pnl > 0 (decisive only),COMPATIBILITY_ONLY_NOT_PRODUCTION,234594.9955,169540.3402,9810.4062,19851,11308,-0.04181848,-0.03860046,-0.05116595,-0.04181848,-9810.4062,234594.9955,OK,0.0000,294.3122,3.0000,97.0000,AG03-UNRESOLVED,ALL5_LEVELS_bet23_to_bet27,294.3122,294.3122,294.3122,392.4162,490.5203,3.000000,3.000000,3.000000,4.000000,5.000000,97.000000,97.000000,97.000000,96.000000,95.000000,5.0,1765.8731,1644.6383,8044.5331,8165.7679,PENDING_AG03,FALSE,NOT_FOR_ENFORCEMENT,9516.0940,164454.1300,9810.4062,9516.0940,294.3122,0.04181848,0.04056393,294.3122,9516.0940,0.04056393,294.3122,294.3122,294.3122,392.4162,490.5203,9516.0940,0.04056393,1765.8731,1644.6383,8044.5331,8165.7679,0.03429115,0.03480794,0.00125455,11.8178,14.9930,0.8676,208.7320,5.3202,4991.3829,240.5957,12.7170,9.8041,2.5818,2.84,3.3563,4.9054,16.007,177.8754,0.2582,0.0,5.636364,62.633151,4.16126,29,188,6,10,0.74390005,0.04181848,0.03860046,0E-8,0.000000,0.722694,0.000000,0.01256549,2026-05-12,2026-08-02,47,1844,580,83,0.566265,1.297104,1.076088,2.479667,,,,,,,,GLOBAL_BASELINE_NO_ENTITY_RANKING,,,NOT_APPLICABLE_GLOBAL_BASELINE,HF9g-P5,,,,X 全窗基线 · 不参与实体赏罚,15059362,1506,A168_HF9F_20260827_0900,2026-08-27 09:00:00
2026-07-15,17529000,1353,0,40.2757338702,2.5301422560,2.5301422560,0.4285714,13,7,0.50164849334497358,0.500905614286,-0.38668958155374444,-0.38275716120554854,-0.38668958155374444,0.00074287905897358,ELIGIBLE,R03b_20260811_FULL_v1,L1_ELIGIBILITY,v2026-08-11,2026-03-21..2026-08-06,baccarat_bet02_101_all_pairs_incl_sentinel,round_win = game_pnl > 0 (decisive only),COMPATIBILITY_ONLY_NOT_PRODUCTION,234594.9955,169540.3402,9810.4062,19851,11308,-0.04181848,-0.03860046,-0.05116595,-0.04181848,-9810.4062,234594.9955,OK,0.0000,294.3122,3.0000,97.0000,AG03-UNRESOLVED,ALL5_LEVELS_bet23_to_bet27,294.3122,294.3122,294.3122,392.4162,490.5203,3.000000,3.000000,3.000000,4.000000,5.000000,97.000000,97.000000,97.000000,96.000000,95.000000,5.0,1765.8731,1644.6383,8044.5331,8165.7679,PENDING_AG03,FALSE,NOT_FOR_ENFORCEMENT,9516.0940,164454.1300,9810.4062,9516.0940,294.3122,0.04181848,0.04056393,294.3122,9516.0940,0.04056393,294.3122,294.3122,294.3122,392.4162,490.5203,9516.0940,0.04056393,1765.8731,1644.6383,8044.5331,8165.7679,0.03429115,0.03480794,0.00125455,11.8178,14.9930,0.8676,208.7320,5.3202,4991.3829,240.5957,12.7170,9.8041,2.5818,2.84,3.3563,4.9054,16.007,177.8754,0.2582,0.0,5.636364,62.633151,4.16126,29,188,6,10,0.74390005,0.04181848,0.03860046,0E-8,0.000000,0.722694,0.000000,0.01256549,2026-05-12,2026-08-02,47,1844,580,83,0.566265,1.297104,1.076088,2.479667,,,,,,,,GLOBAL_BASELINE_NO_ENTITY_RANKING,,,NOT_APPLICABLE_GLOBAL_BASELINE,HF9g-P5,,,,X 全窗基线 · 不参与实体赏罚,15059363,1506,A168_HF9F_20260827_0900,2026-08-27 09:00:00
2026-07-15,17529000,1383,0,6.4544445305,1.0972555702,1.0972555702,1.0000000,2,1,0.50128862000000000,0.499948100000,0.9974260725402827,1.0001038053877793,0.9974260725402827,0.00134052000000000,ELIGIBLE,R03b_20260811_FULL_v1,L1_ELIGIBILITY,v2026-08-11,2026-03-21..2026-08-06,baccarat_bet02_101_all_pairs_incl_sentinel,round_win = game_pnl > 0 (decisive only),COMPATIBILITY_ONLY_NOT_PRODUCTION,234594.9955,169540.3402,9810.4062,19851,11308,-0.04181848,-0.03860046,-0.05116595,-0.04181848,-9810.4062,234594.9955,OK,0.0000,294.3122,3.0000,97.0000,AG03-UNRESOLVED,ALL5_LEVELS_bet23_to_bet27,294.3122,294.3122,294.3122,392.4162,490.5203,3.000000,3.000000,3.000000,4.000000,5.000000,97.000000,97.000000,97.000000,96.000000,95.000000,5.0,1765.8731,1644.6383,8044.5331,8165.7679,PENDING_AG03,FALSE,NOT_FOR_ENFORCEMENT,9516.0940,164454.1300,9810.4062,9516.0940,294.3122,0.04181848,0.04056393,294.3122,9516.0940,0.04056393,294.3122,294.3122,294.3122,392.4162,490.5203,9516.0940,0.04056393,1765.8731,1644.6383,8044.5331,8165.7679,0.03429115,0.03480794,0.00125455,11.8178,14.9930,0.8676,208.7320,5.3202,4991.3829,240.5957,12.7170,9.8041,2.5818,2.84,3.3563,4.9054,16.007,177.8754,0.2582,0.0,5.636364,62.633151,4.16126,29,188,6,10,0.74390005,0.04181848,0.03860046,0E-8,0.000000,0.722694,0.000000,0.01256549,2026-05-12,2026-08-02,47,1844,580,83,0.566265,1.297104,1.076088,2.479667,,,,,,,,GLOBAL_BASELINE_NO_ENTITY_RANKING,,,NOT_APPLICABLE_GLOBAL_BASELINE,HF9g-P5,,,,X 全窗基线 · 不参与实体赏罚,15059364,1506,A168_HF9F_20260827_0900,2026-08-27 09:00:00
2026-07-15,17529000,1396,0,24.0105336534,0.5550822296,0.5550822296,0.3333333,8,4,0.50083321549656679,0.499948100000,-0.5802374179950077,-0.5771704854251445,-0.5802374179950077,0.00088511549656679,ELIGIBLE,R03b_20260811_FULL_v1,L1_ELIGIBILITY,v2026-08-11,2026-03-21..2026-08-06,baccarat_bet02_101_all_pairs_incl_sentinel,round_win = game_pnl > 0 (decisive only),COMPATIBILITY_ONLY_NOT_PRODUCTION,234594.9955,169540.3402,9810.4062,19851,11308,-0.04181848,-0.03860046,-0.05116595,-0.04181848,-9810.4062,234594.9955,OK,0.0000,294.3122,3.0000,97.0000,AG03-UNRESOLVED,ALL5_LEVELS_bet23_to_bet27,294.3122,294.3122,294.3122,392.4162,490.5203,3.000000,3.000000,3.000000,4.000000,5.000000,97.000000,97.000000,97.000000,96.000000,95.000000,5.0,1765.8731,1644.6383,8044.5331,8165.7679,PENDING_AG03,FALSE,NOT_FOR_ENFORCEMENT,9516.0940,164454.1300,9810.4062,9516.0940,294.3122,0.04181848,0.04056393,294.3122,9516.0940,0.04056393,294.3122,294.3122,294.3122,392.4162,490.5203,9516.0940,0.04056393,1765.8731,1644.6383,8044.5331,8165.7679,0.03429115,0.03480794,0.00125455,11.8178,14.9930,0.8676,208.7320,5.3202,4991.3829,240.5957,12.7170,9.8041,2.5818,2.84,3.3563,4.9054,16.007,177.8754,0.2582,0.0,5.636364,62.633151,4.16126,29,188,6,10,0.74390005,0.04181848,0.03860046,0E-8,0.000000,0.722694,0.000000,0.01256549,2026-05-12,2026-08-02,47,1844,580,83,0.566265,1.297104,1.076088,2.479667,,,,,,,,GLOBAL_BASELINE_NO_ENTITY_RANKING,,,NOT_APPLICABLE_GLOBAL_BASELINE,HF9g-P5,,,,X 全窗基线 · 不参与实体赏罚,15059365,1506,A168_HF9F_20260827_0900,2026-08-27 09:00:00
2026-07-15,17529000,1402,0,22.9778225285,1.3167066843,1.3167066843,0.7500000,8,4,0.50059514753244503,0.499948100000,0.9976201165857287,1.0002076053883384,0.9976201165857287,0.00064704753244503,ELIGIBLE,R03b_20260811_FULL_v1,L1_ELIGIBILITY,v2026-08-11,2026-03-21..2026-08-06,baccarat_bet02_101_all_pairs_incl_sentinel,round_win = game_pnl > 0 (decisive only),COMPATIBILITY_ONLY_NOT_PRODUCTION,234594.9955,169540.3402,9810.4062,19851,11308,-0.04181848,-0.03860046,-0.05116595,-0.04181848,-9810.4062,234594.9955,OK,0.0000,294.3122,3.0000,97.0000,AG03-UNRESOLVED,ALL5_LEVELS_bet23_to_bet27,294.3122,294.3122,294.3122,392.4162,490.5203,3.000000,3.000000,3.000000,4.000000,5.000000,97.000000,97.000000,97.000000,96.000000,95.000000,5.0,1765.8731,1644.6383,8044.5331,8165.7679,PENDING_AG03,FALSE,NOT_FOR_ENFORCEMENT,9516.0940,164454.1300,9810.4062,9516.0940,294.3122,0.04181848,0.04056393,294.3122,9516.0940,0.04056393,294.3122,294.3122,294.3122,392.4162,490.5203,9516.0940,0.04056393,1765.8731,1644.6383,8044.5331,8165.7679,0.03429115,0.03480794,0.00125455,11.8178,14.9930,0.8676,208.7320,5.3202,4991.3829,240.5957,12.7170,9.8041,2.5818,2.84,3.3563,4.9054,16.007,177.8754,0.2582,0.0,5.636364,62.633151,4.16126,29,188,6,10,0.74390005,0.04181848,0.03860046,0E-8,0.000000,0.722694,0.000000,0.01256549,2026-05-12,2026-08-02,47,1844,580,83,0.566265,1.297104,1.076088,2.479667,,,,,,,,GLOBAL_BASELINE_NO_ENTITY_RANKING,,,NOT_APPLICABLE_GLOBAL_BASELINE,HF9g-P5,,,,X 全窗基线 · 不参与实体赏罚,15059366,1506,A168_HF9F_20260827_0900,2026-08-27 09:00:00
2026-07-15,17529000,1645,0,10.8434668112,0.2323600032,0.2323600032,1.0000000,4,2,0.50026727142854788,0.499948100000,1.4134578065528718,1.4143603653603398,1.4134578065528718,0.00031917142854788,ELIGIBLE,R03b_20260811_FULL_v1,L1_ELIGIBILITY,v2026-08-11,2026-03-21..2026-08-06,baccarat_bet02_101_all_pairs_incl_sentinel,round_win = game_pnl > 0 (decisive only),COMPATIBILITY_ONLY_NOT_PRODUCTION,234594.9955,169540.3402,9810.4062,19851,11308,-0.04181848,-0.03860046,-0.05116595,-0.04181848,-9810.4062,234594.9955,OK,0.0000,294.3122,3.0000,97.0000,AG03-UNRESOLVED,ALL5_LEVELS_bet23_to_bet27,294.3122,294.3122,294.3122,392.4162,490.5203,3.000000,3.000000,3.000000,4.000000,5.000000,97.000000,97.000000,97.000000,96.000000,95.000000,5.0,1765.8731,1644.6383,8044.5331,8165.7679,PENDING_AG03,FALSE,NOT_FOR_ENFORCEMENT,9516.0940,164454.1300,9810.4062,9516.0940,294.3122,0.04181848,0.04056393,294.3122,9516.0940,0.04056393,294.3122,294.3122,294.3122,392.4162,490.5203,9516.0940,0.04056393,1765.8731,1644.6383,8044.5331,8165.7679,0.03429115,0.03480794,0.00125455,11.8178,14.9930,0.8676,208.7320,5.3202,4991.3829,240.5957,12.7170,9.8041,2.5818,2.84,3.3563,4.9054,16.007,177.8754,0.2582,0.0,5.636364,62.633151,4.16126,29,188,6,10,0.74390005,0.04181848,0.03860046,0E-8,0.000000,0.722694,0.000000,0.01256549,2026-05-12,2026-08-02,47,1844,580,83,0.566265,1.297104,1.076088,2.479667,,,,,,,,GLOBAL_BASELINE_NO_ENTITY_RANKING,,,NOT_APPLICABLE_GLOBAL_BASELINE,HF9g-P5,,,,X 全窗基线 · 不参与实体赏罚,15059367,1506,A168_HF9F_20260827_0900,2026-08-27 09:00:00
2026-07-15,17529000,1710,0,5.6799111868,0E-10,0E-10,,2,1,0.50055742727268436,0.499948100000,,,,0.00060932727268436,NO_DECISIVE_ROUND,R03b_20260811_FULL_v1,L1_ELIGIBILITY,v2026-08-11,2026-03-21..2026-08-06,baccarat_bet02_101_all_pairs_incl_sentinel,round_win = game_pnl > 0 (decisive only),COMPATIBILITY_ONLY_NOT_PRODUCTION,234594.9955,169540.3402,9810.4062,19851,11308,-0.04181848,-0.03860046,-0.05116595,-0.04181848,-9810.4062,234594.9955,OK,0.0000,294.3122,3.0000,97.0000,AG03-UNRESOLVED,ALL5_LEVELS_bet23_to_bet27,294.3122,294.3122,294.3122,392.4162,490.5203,3.000000,3.000000,3.000000,4.000000,5.000000,97.000000,97.000000,97.000000,96.000000,95.000000,5.0,1765.8731,1644.6383,8044.5331,8165.7679,PENDING_AG03,FALSE,NOT_FOR_ENFORCEMENT,9516.0940,164454.1300,9810.4062,9516.0940,294.3122,0.04181848,0.04056393,294.3122,9516.0940,0.04056393,294.3122,294.3122,294.3122,392.4162,490.5203,9516.0940,0.04056393,1765.8731,1644.6383,8044.5331,8165.7679,0.03429115,0.03480794,0.00125455,11.8178,14.9930,0.8676,208.7320,5.3202,4991.3829,240.5957,12.7170,9.8041,2.5818,2.84,3.3563,4.9054,16.007,177.8754,0.2582,0.0,5.636364,62.633151,4.16126,29,188,6,10,0.74390005,0.04181848,0.03860046,0E-8,0.000000,0.722694,0.000000,0.01256549,2026-05-12,2026-08-02,47,1844,580,83,0.566265,1.297104,1.076088,2.479667,,,,,,,,GLOBAL_BASELINE_NO_ENTITY_RANKING,,,NOT_APPLICABLE_GLOBAL_BASELINE,HF9g-P5,,,,X 全窗基线 · 不参与实体赏罚,15059368,1506,A168_HF9F_20260827_0900,2026-08-27 09:00:00
2026-07-15,17529000,1966,0,31.7558670900,1.3554333515,1.3554333515,0.4000000,10,5,0.50114579884558489,0.499948100000,-0.4523389514269577,-0.4469814940518811,-0.4523389514269577,0.00119769884558489,ELIGIBLE,R03b_20260811_FULL_v1,L1_ELIGIBILITY,v2026-08-11,2026-03-21..2026-08-06,baccarat_bet02_101_all_pairs_incl_sentinel,round_win = game_pnl > 0 (decisive only),COMPATIBILITY_ONLY_NOT_PRODUCTION,234594.9955,169540.3402,9810.4062,19851,11308,-0.04181848,-0.03860046,-0.05116595,-0.04181848,-9810.4062,234594.9955,OK,0.0000,294.3122,3.0000,97.0000,AG03-UNRESOLVED,ALL5_LEVELS_bet23_to_bet27,294.3122,294.3122,294.3122,392.4162,490.5203,3.000000,3.000000,3.000000,4.000000,5.000000,97.000000,97.000000,97.000000,96.000000,95.000000,5.0,1765.8731,1644.6383,8044.5331,8165.7679,PENDING_AG03,FALSE,NOT_FOR_ENFORCEMENT,9516.0940,164454.1300,9810.4062,9516.0940,294.3122,0.04181848,0.04056393,294.3122,9516.0940,0.04056393,294.3122,294.3122,294.3122,392.4162,490.5203,9516.0940,0.04056393,1765.8731,1644.6383,8044.5331,8165.7679,0.03429115,0.03480794,0.00125455,11.8178,14.9930,0.8676,208.7320,5.3202,4991.3829,240.5957,12.7170,9.8041,2.5818,2.84,3.3563,4.9054,16.007,177.8754,0.2582,0.0,5.636364,62.633151,4.16126,29,188,6,10,0.74390005,0.04181848,0.03860046,0E-8,0.000000,0.722694,0.000000,0.01256549,2026-05-12,2026-08-02,47,1844,580,83,0.566265,1.297104,1.076088,2.479667,,,,,,,,GLOBAL_BASELINE_NO_ENTITY_RANKING,,,NOT_APPLICABLE_GLOBAL_BASELINE,HF9g-P5,,,,X 全窗基线 · 不参与实体赏罚,15059369,1506,A168_HF9F_20260827_0900,2026-08-27 09:00:00
2026-07-15,17529000,1985,0,541.3988072186,112.4880592777,112.4880592777,0.1666667,8,7,0.50578023246752634,0.505693185714,-1.6614214256380573,-1.6609916386958048,-1.6614214256380573,0.00008704675352634,ELIGIBLE,R03b_20260811_FULL_v1,L1_ELIGIBILITY,v2026-08-11,2026-03-21..2026-08-06,baccarat_bet02_101_all_pairs_incl_sentinel,round_win = game_pnl > 0 (decisive only),COMPATIBILITY_ONLY_NOT_PRODUCTION,234594.9955,169540.3402,9810.4062,19851,11308,-0.04181848,-0.03860046,-0.05116595,-0.04181848,-9810.4062,234594.9955,OK,0.0000,294.3122,3.0000,97.0000,AG03-UNRESOLVED,ALL5_LEVELS_bet23_to_bet27,294.3122,294.3122,294.3122,392.4162,490.5203,3.000000,3.000000,3.000000,4.000000,5.000000,97.000000,97.000000,97.000000,96.000000,95.000000,5.0,1765.8731,1644.6383,8044.5331,8165.7679,PENDING_AG03,FALSE,NOT_FOR_ENFORCEMENT,9516.0940,164454.1300,9810.4062,9516.0940,294.3122,0.04181848,0.04056393,294.3122,9516.0940,0.04056393,294.3122,294.3122,294.3122,392.4162,490.5203,9516.0940,0.04056393,1765.8731,1644.6383,8044.5331,8165.7679,0.03429115,0.03480794,0.00125455,11.8178,14.9930,0.8676,208.7320,5.3202,4991.3829,240.5957,12.7170,9.8041,2.5818,2.84,3.3563,4.9054,16.007,177.8754,0.2582,0.0,5.636364,62.633151,4.16126,29,188,6,10,0.74390005,0.04181848,0.03860046,0E-8,0.000000,0.722694,0.000000,0.01256549,2026-05-12,2026-08-02,47,1844,580,83,0.566265,1.297104,1.076088,2.479667,,,,,,,,GLOBAL_BASELINE_NO_ENTITY_RANKING,,,NOT_APPLICABLE_GLOBAL_BASELINE,HF9g-P5,,,,X 全窗基线 · 不参与实体赏罚,15059370,1506,A168_HF9F_20260827_0900,2026-08-27 09:00:00
2026-07-15,17529000,2088,0,17.0397335605,0.8648955671,0.8648955671,0.6666667,6,3,0.50014279877660527,0.499948100000,0.5768556232428402,0.5775300591747329,0.5768556232428402,0.00019469877660527,ELIGIBLE,R03b_20260811_FULL_v1,L1_ELIGIBILITY,v2026-08-11,2026-03-21..2026-08-06,baccarat_bet02_101_all_pairs_incl_sentinel,round_win = game_pnl > 0 (decisive only),COMPATIBILITY_ONLY_NOT_PRODUCTION,234594.9955,169540.3402,9810.4062,19851,11308,-0.04181848,-0.03860046,-0.05116595,-0.04181848,-9810.4062,234594.9955,OK,0.0000,294.3122,3.0000,97.0000,AG03-UNRESOLVED,ALL5_LEVELS_bet23_to_bet27,294.3122,294.3122,294.3122,392.4162,490.5203,3.000000,3.000000,3.000000,4.000000,5.000000,97.000000,97.000000,97.000000,96.000000,95.000000,5.0,1765.8731,1644.6383,8044.5331,8165.7679,PENDING_AG03,FALSE,NOT_FOR_ENFORCEMENT,9516.0940,164454.1300,9810.4062,9516.0940,294.3122,0.04181848,0.04056393,294.3122,9516.0940,0.04056393,294.3122,294.3122,294.3122,392.4162,490.5203,9516.0940,0.04056393,1765.8731,1644.6383,8044.5331,8165.7679,0.03429115,0.03480794,0.00125455,11.8178,14.9930,0.8676,208.7320,5.3202,4991.3829,240.5957,12.7170,9.8041,2.5818,2.84,3.3563,4.9054,16.007,177.8754,0.2582,0.0,5.636364,62.633151,4.16126,29,188,6,10,0.74390005,0.04181848,0.03860046,0E-8,0.000000,0.722694,0.000000,0.01256549,2026-05-12,2026-08-02,47,1844,580,83,0.566265,1.297104,1.076088,2.479667,,,,,,,,GLOBAL_BASELINE_NO_ENTITY_RANKING,,,NOT_APPLICABLE_GLOBAL_BASELINE,HF9g-P5,,,,X 全窗基线 · 不参与实体赏罚,15059371,1506,A168_HF9F_20260827_0900,2026-08-27 09:00:00
2026-07-15,17529000,2108,0,5.4217334056,0.2581777812,0.2581777812,1.0000000,2,1,0.49962892857145212,0.499948100000,1.000742418449597,1.0001038053877793,1.000742418449597,-0.00031917142854788,ELIGIBLE,R03b_20260811_FULL_v1,L1_ELIGIBILITY,v2026-08-11,2026-03-21..2026-08-06,baccarat_bet02_101_all_pairs_incl_sentinel,round_win = game_pnl > 0 (decisive only),COMPATIBILITY_ONLY_NOT_PRODUCTION,234594.9955,169540.3402,9810.4062,19851,11308,-0.04181848,-0.03860046,-0.05116595,-0.04181848,-9810.4062,234594.9955,OK,0.0000,294.3122,3.0000,97.0000,AG03-UNRESOLVED,ALL5_LEVELS_bet23_to_bet27,294.3122,294.3122,294.3122,392.4162,490.5203,3.000000,3.000000,3.000000,4.000000,5.000000,97.000000,97.000000,97.000000,96.000000,95.000000,5.0,1765.8731,1644.6383,8044.5331,8165.7679,PENDING_AG03,FALSE,NOT_FOR_ENFORCEMENT,9516.0940,164454.1300,9810.4062,9516.0940,294.3122,0.04181848,0.04056393,294.3122,9516.0940,0.04056393,294.3122,294.3122,294.3122,392.4162,490.5203,9516.0940,0.04056393,1765.8731,1644.6383,8044.5331,8165.7679,0.03429115,0.03480794,0.00125455,11.8178,14.9930,0.8676,208.7320,5.3202,4991.3829,240.5957,12.7170,9.8041,2.5818,2.84,3.3563,4.9054,16.007,177.8754,0.2582,0.0,5.636364,62.633151,4.16126,29,188,6,10,0.74390005,0.04181848,0.03860046,0E-8,0.000000,0.722694,0.000000,0.01256549,2026-05-12,2026-08-02,47,1844,580,83,0.566265,1.297104,1.076088,2.479667,,,,,,,,GLOBAL_BASELINE_NO_ENTITY_RANKING,,,NOT_APPLICABLE_GLOBAL_BASELINE,HF9g-P5,,,,X 全窗基线 · 不参与实体赏罚,15059372,1506,A168_HF9F_20260827_0900,2026-08-27 09:00:00
2026-07-15,17529000,2123,0,17.2979113417,1.5877933545,1.5877933545,0.3333333,5,3,0.50305295442834497,0.502182300000,-0.5879369734272202,-0.5849155494134426,-0.5879369734272202,0.00087065442834497,ELIGIBLE,R03b_20260811_FULL_v1,L1_ELIGIBILITY,v2026-08-11,2026-03-21..2026-08-06,baccarat_bet02_101_all_pairs_incl_sentinel,round_win = game_pnl > 0 (decisive only),COMPATIBILITY_ONLY_NOT_PRODUCTION,234594.9955,169540.3402,9810.4062,19851,11308,-0.04181848,-0.03860046,-0.05116595,-0.04181848,-9810.4062,234594.9955,OK,0.0000,294.3122,3.0000,97.0000,AG03-UNRESOLVED,ALL5_LEVELS_bet23_to_bet27,294.3122,294.3122,294.3122,392.4162,490.5203,3.000000,3.000000,3.000000,4.000000,5.000000,97.000000,97.000000,97.000000,96.000000,95.000000,5.0,1765.8731,1644.6383,8044.5331,8165.7679,PENDING_AG03,FALSE,NOT_FOR_ENFORCEMENT,9516.0940,164454.1300,9810.4062,9516.0940,294.3122,0.04181848,0.04056393,294.3122,9516.0940,0.04056393,294.3122,294.3122,294.3122,392.4162,490.5203,9516.0940,0.04056393,1765.8731,1644.6383,8044.5331,8165.7679,0.03429115,0.03480794,0.00125455,11.8178,14.9930,0.8676,208.7320,5.3202,4991.3829,240.5957,12.7170,9.8041,2.5818,2.84,3.3563,4.9054,16.007,177.8754,0.2582,0.0,5.636364,62.633151,4.16126,29,188,6,10,0.74390005,0.04181848,0.03860046,0E-8,0.000000,0.722694,0.000000,0.01256549,2026-05-12,2026-08-02,47,1844,580,83,0.566265,1.297104,1.076088,2.479667,,,,,,,,GLOBAL_BASELINE_NO_ENTITY_RANKING,,,NOT_APPLICABLE_GLOBAL_BASELINE,HF9g-P5,,,,X 全窗基线 · 不参与实体赏罚,15059373,1506,A168_HF9F_20260827_0900,2026-08-27 09:00:00
2026-07-15,17529000,2142,0,5.6799111868,-0.5163555624,-0.5163555624,0E-7,2,1,0.50055742727268436,0.499948100000,-1.001115476689104,-0.9998962053866608,-1.001115476689104,0.00060932727268436,ELIGIBLE,R03b_20260811_FULL_v1,L1_ELIGIBILITY,v2026-08-11,2026-03-21..2026-08-06,baccarat_bet02_101_all_pairs_incl_sentinel,round_win = game_pnl > 0 (decisive only),COMPATIBILITY_ONLY_NOT_PRODUCTION,234594.9955,169540.3402,9810.4062,19851,11308,-0.04181848,-0.03860046,-0.05116595,-0.04181848,-9810.4062,234594.9955,OK,0.0000,294.3122,3.0000,97.0000,AG03-UNRESOLVED,ALL5_LEVELS_bet23_to_bet27,294.3122,294.3122,294.3122,392.4162,490.5203,3.000000,3.000000,3.000000,4.000000,5.000000,97.000000,97.000000,97.000000,96.000000,95.000000,5.0,1765.8731,1644.6383,8044.5331,8165.7679,PENDING_AG03,FALSE,NOT_FOR_ENFORCEMENT,9516.0940,164454.1300,9810.4062,9516.0940,294.3122,0.04181848,0.04056393,294.3122,9516.0940,0.04056393,294.3122,294.3122,294.3122,392.4162,490.5203,9516.0940,0.04056393,1765.8731,1644.6383,8044.5331,8165.7679,0.03429115,0.03480794,0.00125455,11.8178,14.9930,0.8676,208.7320,5.3202,4991.3829,240.5957,12.7170,9.8041,2.5818,2.84,3.3563,4.9054,16.007,177.8754,0.2582,0.0,5.636364,62.633151,4.16126,29,188,6,10,0.74390005,0.04181848,0.03860046,0E-8,0.000000,0.722694,0.000000,0.01256549,2026-05-12,2026-08-02,47,1844,580,83,0.566265,1.297104,1.076088,2.479667,,,,,,,,GLOBAL_BASELINE_NO_ENTITY_RANKING,,,NOT_APPLICABLE_GLOBAL_BASELINE,HF9g-P5,,,,X 全窗基线 · 不参与实体赏罚,15059374,1506,A168_HF9F_20260827_0900,2026-08-27 09:00:00
2026-07-15,17529000,2153,0,24.2687114346,0.6583533421,0.6583533421,0.5000000,8,4,0.50090575445760091,0.499948100000,-0.0036230237750017086,0.00020760000111838688,-0.0036230237750017086,0.00095765445760091,ELIGIBLE,R03b_20260811_FULL_v1,L1_ELIGIBILITY,v2026-08-11,2026-03-21..2026-08-06,baccarat_bet02_101_all_pairs_incl_sentinel,round_win = game_pnl > 0 (decisive only),COMPATIBILITY_ONLY_NOT_PRODUCTION,234594.9955,169540.3402,9810.4062,19851,11308,-0.04181848,-0.03860046,-0.05116595,-0.04181848,-9810.4062,234594.9955,OK,0.0000,294.3122,3.0000,97.0000,AG03-UNRESOLVED,ALL5_LEVELS_bet23_to_bet27,294.3122,294.3122,294.3122,392.4162,490.5203,3.000000,3.000000,3.000000,4.000000,5.000000,97.000000,97.000000,97.000000,96.000000,95.000000,5.0,1765.8731,1644.6383,8044.5331,8165.7679,PENDING_AG03,FALSE,NOT_FOR_ENFORCEMENT,9516.0940,164454.1300,9810.4062,9516.0940,294.3122,0.04181848,0.04056393,294.3122,9516.0940,0.04056393,294.3122,294.3122,294.3122,392.4162,490.5203,9516.0940,0.04056393,1765.8731,1644.6383,8044.5331,8165.7679,0.03429115,0.03480794,0.00125455,11.8178,14.9930,0.8676,208.7320,5.3202,4991.3829,240.5957,12.7170,9.8041,2.5818,2.84,3.3563,4.9054,16.007,177.8754,0.2582,0.0,5.636364,62.633151,4.16126,29,188,6,10,0.74390005,0.04181848,0.03860046,0E-8,0.000000,0.722694,0.000000,0.01256549,2026-05-12,2026-08-02,47,1844,580,83,0.566265,1.297104,1.076088,2.479667,,,,,,,,GLOBAL_BASELINE_NO_ENTITY_RANKING,,,NOT_APPLICABLE_GLOBAL_BASELINE,HF9g-P5,,,,X 全窗基线 · 不参与实体赏罚,15059375,1506,A168_HF9F_20260827_0900,2026-08-27 09:00:00
2026-07-15,17529000,2155,0,20.9124002788,4.2599333902,4.2599333902,0.3333333,3,3,0.50665070000000000,0.506650700000,-0.6004420894325239,-0.6004420894325239,-0.6004420894325239,0E-17,ELIGIBLE,R03b_20260811_FULL_v1,L1_ELIGIBILITY,v2026-08-11,2026-03-21..2026-08-06,baccarat_bet02_101_all_pairs_incl_sentinel,round_win = game_pnl > 0 (decisive only),COMPATIBILITY_ONLY_NOT_PRODUCTION,234594.9955,169540.3402,9810.4062,19851,11308,-0.04181848,-0.03860046,-0.05116595,-0.04181848,-9810.4062,234594.9955,OK,0.0000,294.3122,3.0000,97.0000,AG03-UNRESOLVED,ALL5_LEVELS_bet23_to_bet27,294.3122,294.3122,294.3122,392.4162,490.5203,3.000000,3.000000,3.000000,4.000000,5.000000,97.000000,97.000000,97.000000,96.000000,95.000000,5.0,1765.8731,1644.6383,8044.5331,8165.7679,PENDING_AG03,FALSE,NOT_FOR_ENFORCEMENT,9516.0940,164454.1300,9810.4062,9516.0940,294.3122,0.04181848,0.04056393,294.3122,9516.0940,0.04056393,294.3122,294.3122,294.3122,392.4162,490.5203,9516.0940,0.04056393,1765.8731,1644.6383,8044.5331,8165.7679,0.03429115,0.03480794,0.00125455,11.8178,14.9930,0.8676,208.7320,5.3202,4991.3829,240.5957,12.7170,9.8041,2.5818,2.84,3.3563,4.9054,16.007,177.8754,0.2582,0.0,5.636364,62.633151,4.16126,29,188,6,10,0.74390005,0.04181848,0.03860046,0E-8,0.000000,0.722694,0.000000,0.01256549,2026-05-12,2026-08-02,47,1844,580,83,0.566265,1.297104,1.076088,2.479667,,,,,,,,GLOBAL_BASELINE_NO_ENTITY_RANKING,,,NOT_APPLICABLE_GLOBAL_BASELINE,HF9g-P5,,,,X 全窗基线 · 不参与实体赏罚,15059376,1506,A168_HF9F_20260827_0900,2026-08-27 09:00:00
2026-07-15,17529000,2167,0,5.6799111868,-0.6454444530,-0.6454444530,0E-7,2,1,0.49933877272731564,0.499948100000,-0.998678418742378,-0.9998962053866608,-0.998678418742378,-0.00060932727268436,ELIGIBLE,R03b_20260811_FULL_v1,L1_ELIGIBILITY,v2026-08-11,2026-03-21..2026-08-06,baccarat_bet02_101_all_pairs_incl_sentinel,round_win = game_pnl > 0 (decisive only),COMPATIBILITY_ONLY_NOT_PRODUCTION,234594.9955,169540.3402,9810.4062,19851,11308,-0.04181848,-0.03860046,-0.05116595,-0.04181848,-9810.4062,234594.9955,OK,0.0000,294.3122,3.0000,97.0000,AG03-UNRESOLVED,ALL5_LEVELS_bet23_to_bet27,294.3122,294.3122,294.3122,392.4162,490.5203,3.000000,3.000000,3.000000,4.000000,5.000000,97.000000,97.000000,97.000000,96.000000,95.000000,5.0,1765.8731,1644.6383,8044.5331,8165.7679,PENDING_AG03,FALSE,NOT_FOR_ENFORCEMENT,9516.0940,164454.1300,9810.4062,9516.0940,294.3122,0.04181848,0.04056393,294.3122,9516.0940,0.04056393,294.3122,294.3122,294.3122,392.4162,490.5203,9516.0940,0.04056393,1765.8731,1644.6383,8044.5331,8165.7679,0.03429115,0.03480794,0.00125455,11.8178,14.9930,0.8676,208.7320,5.3202,4991.3829,240.5957,12.7170,9.8041,2.5818,2.84,3.3563,4.9054,16.007,177.8754,0.2582,0.0,5.636364,62.633151,4.16126,29,188,6,10,0.74390005,0.04181848,0.03860046,0E-8,0.000000,0.722694,0.000000,0.01256549,2026-05-12,2026-08-02,47,1844,580,83,0.566265,1.297104,1.076088,2.479667,,,,,,,,GLOBAL_BASELINE_NO_ENTITY_RANKING,,,NOT_APPLICABLE_GLOBAL_BASELINE,HF9g-P5,,,,X 全窗基线 · 不参与实体赏罚,15059377,1506,A168_HF9F_20260827_0900,2026-08-27 09:00:00
2026-07-15,17529000,2171,0,22.4614669661,-1.0327111249,-1.0327111249,0E-7,8,4,0.50047858057593311,0.499948100000,-1.4155678410971158,-1.4140667746232096,-1.4155678410971158,0.00053048057593311,ELIGIBLE,R03b_20260811_FULL_v1,L1_ELIGIBILITY,v2026-08-11,2026-03-21..2026-08-06,baccarat_bet02_101_all_pairs_incl_sentinel,round_win = game_pnl > 0 (decisive only),COMPATIBILITY_ONLY_NOT_PRODUCTION,234594.9955,169540.3402,9810.4062,19851,11308,-0.04181848,-0.03860046,-0.05116595,-0.04181848,-9810.4062,234594.9955,OK,0.0000,294.3122,3.0000,97.0000,AG03-UNRESOLVED,ALL5_LEVELS_bet23_to_bet27,294.3122,294.3122,294.3122,392.4162,490.5203,3.000000,3.000000,3.000000,4.000000,5.000000,97.000000,97.000000,97.000000,96.000000,95.000000,5.0,1765.8731,1644.6383,8044.5331,8165.7679,PENDING_AG03,FALSE,NOT_FOR_ENFORCEMENT,9516.0940,164454.1300,9810.4062,9516.0940,294.3122,0.04181848,0.04056393,294.3122,9516.0940,0.04056393,294.3122,294.3122,294.3122,392.4162,490.5203,9516.0940,0.04056393,1765.8731,1644.6383,8044.5331,8165.7679,0.03429115,0.03480794,0.00125455,11.8178,14.9930,0.8676,208.7320,5.3202,4991.3829,240.5957,12.7170,9.8041,2.5818,2.84,3.3563,4.9054,16.007,177.8754,0.2582,0.0,5.636364,62.633151,4.16126,29,188,6,10,0.74390005,0.04181848,0.03860046,0E-8,0.000000,0.722694,0.000000,0.01256549,2026-05-12,2026-08-02,47,1844,580,83,0.566265,1.297104,1.076088,2.479667,,,,,,,,GLOBAL_BASELINE_NO_ENTITY_RANKING,,,NOT_APPLICABLE_GLOBAL_BASELINE,HF9g-P5,,,,X 全窗基线 · 不参与实体赏罚,15059378,1506,A168_HF9F_20260827_0900,2026-08-27 09:00:00
2026-07-15,17529000,2196,0,95.7839568326,8.5198667804,8.5198667804,0.4285714,13,9,0.50216009054031489,0.502182300000,-0.38939823164169496,-0.3895158292854737,-0.38939823164169496,-0.00002220945968511,ELIGIBLE,R03b_20260811_FULL_v1,L1_ELIGIBILITY,v2026-08-11,2026-03-21..2026-08-06,baccarat_bet02_101_all_pairs_incl_sentinel,round_win = game_pnl > 0 (decisive only),COMPATIBILITY_ONLY_NOT_PRODUCTION,234594.9955,169540.3402,9810.4062,19851,11308,-0.04181848,-0.03860046,-0.05116595,-0.04181848,-9810.4062,234594.9955,OK,0.0000,294.3122,3.0000,97.0000,AG03-UNRESOLVED,ALL5_LEVELS_bet23_to_bet27,294.3122,294.3122,294.3122,392.4162,490.5203,3.000000,3.000000,3.000000,4.000000,5.000000,97.000000,97.000000,97.000000,96.000000,95.000000,5.0,1765.8731,1644.6383,8044.5331,8165.7679,PENDING_AG03,FALSE,NOT_FOR_ENFORCEMENT,9516.0940,164454.1300,9810.4062,9516.0940,294.3122,0.04181848,0.04056393,294.3122,9516.0940,0.04056393,294.3122,294.3122,294.3122,392.4162,490.5203,9516.0940,0.04056393,1765.8731,1644.6383,8044.5331,8165.7679,0.03429115,0.03480794,0.00125455,11.8178,14.9930,0.8676,208.7320,5.3202,4991.3829,240.5957,12.7170,9.8041,2.5818,2.84,3.3563,4.9054,16.007,177.8754,0.2582,0.0,5.636364,62.633151,4.16126,29,188,6,10,0.74390005,0.04181848,0.03860046,0E-8,0.000000,0.722694,0.000000,0.01256549,2026-05-12,2026-08-02,47,1844,580,83,0.566265,1.297104,1.076088,2.479667,,,,,,,,GLOBAL_BASELINE_NO_ENTITY_RANKING,,,NOT_APPLICABLE_GLOBAL_BASELINE,HF9g-P5,,,,X 全窗基线 · 不参与实体赏罚,15059379,1506,A168_HF9F_20260827_0900,2026-08-27 09:00:00
2026-07-15,17529000,2216,0,11.1016445924,0.1032711125,0.1032711125,0.5000000,4,2,0.50041234935061612,0.499948100000,-0.001166300484770956,0.00014679536856514622,-0.001166300484770956,0.00046424935061612,ELIGIBLE,R03b_20260811_FULL_v1,L1_ELIGIBILITY,v2026-08-11,2026-03-21..2026-08-06,baccarat_bet02_101_all_pairs_incl_sentinel,round_win = game_pnl > 0 (decisive only),COMPATIBILITY_ONLY_NOT_PRODUCTION,234594.9955,169540.3402,9810.4062,19851,11308,-0.04181848,-0.03860046,-0.05116595,-0.04181848,-9810.4062,234594.9955,OK,0.0000,294.3122,3.0000,97.0000,AG03-UNRESOLVED,ALL5_LEVELS_bet23_to_bet27,294.3122,294.3122,294.3122,392.4162,490.5203,3.000000,3.000000,3.000000,4.000000,5.000000,97.000000,97.000000,97.000000,96.000000,95.000000,5.0,1765.8731,1644.6383,8044.5331,8165.7679,PENDING_AG03,FALSE,NOT_FOR_ENFORCEMENT,9516.0940,164454.1300,9810.4062,9516.0940,294.3122,0.04181848,0.04056393,294.3122,9516.0940,0.04056393,294.3122,294.3122,294.3122,392.4162,490.5203,9516.0940,0.04056393,1765.8731,1644.6383,8044.5331,8165.7679,0.03429115,0.03480794,0.00125455,11.8178,14.9930,0.8676,208.7320,5.3202,4991.3829,240.5957,12.7170,9.8041,2.5818,2.84,3.3563,4.9054,16.007,177.8754,0.2582,0.0,5.636364,62.633151,4.16126,29,188,6,10,0.74390005,0.04181848,0.03860046,0E-8,0.000000,0.722694,0.000000,0.01256549,2026-05-12,2026-08-02,47,1844,580,83,0.566265,1.297104,1.076088,2.479667,,,,,,,,GLOBAL_BASELINE_NO_ENTITY_RANKING,,,NOT_APPLICABLE_GLOBAL_BASELINE,HF9g-P5,,,,X 全窗基线 · 不参与实体赏罚,15059380,1506,A168_HF9F_20260827_0900,2026-08-27 09:00:00
2026-07-15,17529000,2220,0,56.7991118684,0.4001755611,0.4001755611,0.5555556,20,10,0.50006996545453687,0.499948100000,0.33291354386544547,0.33364473513075094,0.33291354386544547,0.00012186545453687,ELIGIBLE,R03b_20260811_FULL_v1,L1_ELIGIBILITY,v2026-08-11,2026-03-21..2026-08-06,baccarat_bet02_101_all_pairs_incl_sentinel,round_win = game_pnl > 0 (decisive only),COMPATIBILITY_ONLY_NOT_PRODUCTION,234594.9955,169540.3402,9810.4062,19851,11308,-0.04181848,-0.03860046,-0.05116595,-0.04181848,-9810.4062,234594.9955,OK,0.0000,294.3122,3.0000,97.0000,AG03-UNRESOLVED,ALL5_LEVELS_bet23_to_bet27,294.3122,294.3122,294.3122,392.4162,490.5203,3.000000,3.000000,3.000000,4.000000,5.000000,97.000000,97.000000,97.000000,96.000000,95.000000,5.0,1765.8731,1644.6383,8044.5331,8165.7679,PENDING_AG03,FALSE,NOT_FOR_ENFORCEMENT,9516.0940,164454.1300,9810.4062,9516.0940,294.3122,0.04181848,0.04056393,294.3122,9516.0940,0.04056393,294.3122,294.3122,294.3122,392.4162,490.5203,9516.0940,0.04056393,1765.8731,1644.6383,8044.5331,8165.7679,0.03429115,0.03480794,0.00125455,11.8178,14.9930,0.8676,208.7320,5.3202,4991.3829,240.5957,12.7170,9.8041,2.5818,2.84,3.3563,4.9054,16.007,177.8754,0.2582,0.0,5.636364,62.633151,4.16126,29,188,6,10,0.74390005,0.04181848,0.03860046,0E-8,0.000000,0.722694,0.000000,0.01256549,2026-05-12,2026-08-02,47,1844,580,83,0.566265,1.297104,1.076088,2.479667,,,,,,,,GLOBAL_BASELINE_NO_ENTITY_RANKING,,,NOT_APPLICABLE_GLOBAL_BASELINE,HF9g-P5,,,,X 全窗基线 · 不参与实体赏罚,15059381,1506,A168_HF9F_20260827_0900,2026-08-27 09:00:00
2026-07-15,17529000,2222,0,28.1413781529,-6.1059045257,-6.1059045257,0.2000000,9,5,0.50193868122842614,0.501288620000,-1.3503209828870144,-1.347408145195933,-1.3503209828870144,0.00065006122842614,ELIGIBLE,R03b_20260811_FULL_v1,L1_ELIGIBILITY,v2026-08-11,2026-03-21..2026-08-06,baccarat_bet02_101_all_pairs_incl_sentinel,round_win = game_pnl > 0 (decisive only),COMPATIBILITY_ONLY_NOT_PRODUCTION,234594.9955,169540.3402,9810.4062,19851,11308,-0.04181848,-0.03860046,-0.05116595,-0.04181848,-9810.4062,234594.9955,OK,0.0000,294.3122,3.0000,97.0000,AG03-UNRESOLVED,ALL5_LEVELS_bet23_to_bet27,294.3122,294.3122,294.3122,392.4162,490.5203,3.000000,3.000000,3.000000,4.000000,5.000000,97.000000,97.000000,97.000000,96.000000,95.000000,5.0,1765.8731,1644.6383,8044.5331,8165.7679,PENDING_AG03,FALSE,NOT_FOR_ENFORCEMENT,9516.0940,164454.1300,9810.4062,9516.0940,294.3122,0.04181848,0.04056393,294.3122,9516.0940,0.04056393,294.3122,294.3122,294.3122,392.4162,490.5203,9516.0940,0.04056393,1765.8731,1644.6383,8044.5331,8165.7679,0.03429115,0.03480794,0.00125455,11.8178,14.9930,0.8676,208.7320,5.3202,4991.3829,240.5957,12.7170,9.8041,2.5818,2.84,3.3563,4.9054,16.007,177.8754,0.2582,0.0,5.636364,62.633151,4.16126,29,188,6,10,0.74390005,0.04181848,0.03860046,0E-8,0.000000,0.722694,0.000000,0.01256549,2026-05-12,2026-08-02,47,1844,580,83,0.566265,1.297104,1.076088,2.479667,,,,,,,,GLOBAL_BASELINE_NO_ENTITY_RANKING,,,NOT_APPLICABLE_GLOBAL_BASELINE,HF9g-P5,,,,X 全窗基线 · 不参与实体赏罚,15059382,1506,A168_HF9F_20260827_0900,2026-08-27 09:00:00
2026-07-15,17529000,2223,0,11.1016445924,0.4776288953,0.4776288953,1.0000000,4,2,0.50041234935061612,0.499948100000,1.413047742811653,1.4143603653603398,1.413047742811653,0.00046424935061612,ELIGIBLE,R03b_20260811_FULL_v1,L1_ELIGIBILITY,v2026-08-11,2026-03-21..2026-08-06,baccarat_bet02_101_all_pairs_incl_sentinel,round_win = game_pnl > 0 (decisive only),COMPATIBILITY_ONLY_NOT_PRODUCTION,234594.9955,169540.3402,9810.4062,19851,11308,-0.04181848,-0.03860046,-0.05116595,-0.04181848,-9810.4062,234594.9955,OK,0.0000,294.3122,3.0000,97.0000,AG03-UNRESOLVED,ALL5_LEVELS_bet23_to_bet27,294.3122,294.3122,294.3122,392.4162,490.5203,3.000000,3.000000,3.000000,4.000000,5.000000,97.000000,97.000000,97.000000,96.000000,95.000000,5.0,1765.8731,1644.6383,8044.5331,8165.7679,PENDING_AG03,FALSE,NOT_FOR_ENFORCEMENT,9516.0940,164454.1300,9810.4062,9516.0940,294.3122,0.04181848,0.04056393,294.3122,9516.0940,0.04056393,294.3122,294.3122,294.3122,392.4162,490.5203,9516.0940,0.04056393,1765.8731,1644.6383,8044.5331,8165.7679,0.03429115,0.03480794,0.00125455,11.8178,14.9930,0.8676,208.7320,5.3202,4991.3829,240.5957,12.7170,9.8041,2.5818,2.84,3.3563,4.9054,16.007,177.8754,0.2582,0.0,5.636364,62.633151,4.16126,29,188,6,10,0.74390005,0.04181848,0.03860046,0E-8,0.000000,0.722694,0.000000,0.01256549,2026-05-12,2026-08-02,47,1844,580,83,0.566265,1.297104,1.076088,2.479667,,,,,,,,GLOBAL_BASELINE_NO_ENTITY_RANKING,,,NOT_APPLICABLE_GLOBAL_BASELINE,HF9g-P5,,,,X 全窗基线 · 不参与实体赏罚,15059383,1506,A168_HF9F_20260827_0900,2026-08-27 09:00:00
2026-07-15,17529000,2224,0,6.4544445305,1.0972555702,1.0972555702,1.0000000,2,1,0.50128862000000000,0.499948100000,0.9974260725402827,1.0001038053877793,0.9974260725402827,0.00134052000000000,ELIGIBLE,R03b_20260811_FULL_v1,L1_ELIGIBILITY,v2026-08-11,2026-03-21..2026-08-06,baccarat_bet02_101_all_pairs_incl_sentinel,round_win = game_pnl > 0 (decisive only),COMPATIBILITY_ONLY_NOT_PRODUCTION,234594.9955,169540.3402,9810.4062,19851,11308,-0.04181848,-0.03860046,-0.05116595,-0.04181848,-9810.4062,234594.9955,OK,0.0000,294.3122,3.0000,97.0000,AG03-UNRESOLVED,ALL5_LEVELS_bet23_to_bet27,294.3122,294.3122,294.3122,392.4162,490.5203,3.000000,3.000000,3.000000,4.000000,5.000000,97.000000,97.000000,97.000000,96.000000,95.000000,5.0,1765.8731,1644.6383,8044.5331,8165.7679,PENDING_AG03,FALSE,NOT_FOR_ENFORCEMENT,9516.0940,164454.1300,9810.4062,9516.0940,294.3122,0.04181848,0.04056393,294.3122,9516.0940,0.04056393,294.3122,294.3122,294.3122,392.4162,490.5203,9516.0940,0.04056393,1765.8731,1644.6383,8044.5331,8165.7679,0.03429115,0.03480794,0.00125455,11.8178,14.9930,0.8676,208.7320,5.3202,4991.3829,240.5957,12.7170,9.8041,2.5818,2.84,3.3563,4.9054,16.007,177.8754,0.2582,0.0,5.636364,62.633151,4.16126,29,188,6,10,0.74390005,0.04181848,0.03860046,0E-8,0.000000,0.722694,0.000000,0.01256549,2026-05-12,2026-08-02,47,1844,580,83,0.566265,1.297104,1.076088,2.479667,,,,,,,,GLOBAL_BASELINE_NO_ENTITY_RANKING,,,NOT_APPLICABLE_GLOBAL_BASELINE,HF9g-P5,,,,X 全窗基线 · 不参与实体赏罚,15059384,1506,A168_HF9F_20260827_0900,2026-08-27 09:00:00
2026-07-15,17529000,2233,0,20.9124002787,2.8786822607,2.8786822607,0.3333333,4,3,0.50499573703702754,0.504416500000,-0.5946856942731245,-0.5926725951415955,-0.5946856942731245,0.00057923703702754,ELIGIBLE,R03b_20260811_FULL_v1,L1_ELIGIBILITY,v2026-08-11,2026-03-21..2026-08-06,baccarat_bet02_101_all_pairs_incl_sentinel,round_win = game_pnl > 0 (decisive only),COMPATIBILITY_ONLY_NOT_PRODUCTION,234594.9955,169540.3402,9810.4062,19851,11308,-0.04181848,-0.03860046,-0.05116595,-0.04181848,-9810.4062,234594.9955,OK,0.0000,294.3122,3.0000,97.0000,AG03-UNRESOLVED,ALL5_LEVELS_bet23_to_bet27,294.3122,294.3122,294.3122,392.4162,490.5203,3.000000,3.000000,3.000000,4.000000,5.000000,97.000000,97.000000,97.000000,96.000000,95.000000,5.0,1765.8731,1644.6383,8044.5331,8165.7679,PENDING_AG03,FALSE,NOT_FOR_ENFORCEMENT,9516.0940,164454.1300,9810.4062,9516.0940,294.3122,0.04181848,0.04056393,294.3122,9516.0940,0.04056393,294.3122,294.3122,294.3122,392.4162,490.5203,9516.0940,0.04056393,1765.8731,1644.6383,8044.5331,8165.7679,0.03429115,0.03480794,0.00125455,11.8178,14.9930,0.8676,208.7320,5.3202,4991.3829,240.5957,12.7170,9.8041,2.5818,2.84,3.3563,4.9054,16.007,177.8754,0.2582,0.0,5.636364,62.633151,4.16126,29,188,6,10,0.74390005,0.04181848,0.03860046,0E-8,0.000000,0.722694,0.000000,0.01256549,2026-05-12,2026-08-02,47,1844,580,83,0.566265,1.297104,1.076088,2.479667,,,,,,,,GLOBAL_BASELINE_NO_ENTITY_RANKING,,,NOT_APPLICABLE_GLOBAL_BASELINE,HF9g-P5,,,,X 全窗基线 · 不参与实体赏罚,15059385,1506,A168_HF9F_20260827_0900,2026-08-27 09:00:00
2026-07-15,17529000,2241,0,9.2944001240,2.4139622544,2.4139622544,0.5000000,3,2,0.50373652608697615,0.503299400000,-0.010568786855769528,-0.009332315641528947,-0.010568786855769528,0.00043712608697615,ELIGIBLE,R03b_20260811_FULL_v1,L1_ELIGIBILITY,v2026-08-11,2026-03-21..2026-08-06,baccarat_bet02_101_all_pairs_incl_sentinel,round_win = game_pnl > 0 (decisive only),COMPATIBILITY_ONLY_NOT_PRODUCTION,234594.9955,169540.3402,9810.4062,19851,11308,-0.04181848,-0.03860046,-0.05116595,-0.04181848,-9810.4062,234594.9955,OK,0.0000,294.3122,3.0000,97.0000,AG03-UNRESOLVED,ALL5_LEVELS_bet23_to_bet27,294.3122,294.3122,294.3122,392.4162,490.5203,3.000000,3.000000,3.000000,4.000000,5.000000,97.000000,97.000000,97.000000,96.000000,95.000000,5.0,1765.8731,1644.6383,8044.5331,8165.7679,PENDING_AG03,FALSE,NOT_FOR_ENFORCEMENT,9516.0940,164454.1300,9810.4062,9516.0940,294.3122,0.04181848,0.04056393,294.3122,9516.0940,0.04056393,294.3122,294.3122,294.3122,392.4162,490.5203,9516.0940,0.04056393,1765.8731,1644.6383,8044.5331,8165.7679,0.03429115,0.03480794,0.00125455,11.8178,14.9930,0.8676,208.7320,5.3202,4991.3829,240.5957,12.7170,9.8041,2.5818,2.84,3.3563,4.9054,16.007,177.8754,0.2582,0.0,5.636364,62.633151,4.16126,29,188,6,10,0.74390005,0.04181848,0.03860046,0E-8,0.000000,0.722694,0.000000,0.01256549,2026-05-12,2026-08-02,47,1844,580,83,0.566265,1.297104,1.076088,2.479667,,,,,,,,GLOBAL_BASELINE_NO_ENTITY_RANKING,,,NOT_APPLICABLE_GLOBAL_BASELINE,HF9g-P5,,,,X 全窗基线 · 不参与实体赏罚,15059386,1506,A168_HF9F_20260827_0900,2026-08-27 09:00:00
2026-07-15,17529000,2261,0,28.6577337154,1.6781555780,1.6781555780,0.8000000,10,5,0.50059590446075009,0.499948100000,1.338976771682544,1.3418728975849028,1.338976771682544,0.00064780446075009,ELIGIBLE,R03b_20260811_FULL_v1,L1_ELIGIBILITY,v2026-08-11,2026-03-21..2026-08-06,baccarat_bet02_101_all_pairs_incl_sentinel,round_win = game_pnl > 0 (decisive only),COMPATIBILITY_ONLY_NOT_PRODUCTION,234594.9955,169540.3402,9810.4062,19851,11308,-0.04181848,-0.03860046,-0.05116595,-0.04181848,-9810.4062,234594.9955,OK,0.0000,294.3122,3.0000,97.0000,AG03-UNRESOLVED,ALL5_LEVELS_bet23_to_bet27,294.3122,294.3122,294.3122,392.4162,490.5203,3.000000,3.000000,3.000000,4.000000,5.000000,97.000000,97.000000,97.000000,96.000000,95.000000,5.0,1765.8731,1644.6383,8044.5331,8165.7679,PENDING_AG03,FALSE,NOT_FOR_ENFORCEMENT,9516.0940,164454.1300,9810.4062,9516.0940,294.3122,0.04181848,0.04056393,294.3122,9516.0940,0.04056393,294.3122,294.3122,294.3122,392.4162,490.5203,9516.0940,0.04056393,1765.8731,1644.6383,8044.5331,8165.7679,0.03429115,0.03480794,0.00125455,11.8178,14.9930,0.8676,208.7320,5.3202,4991.3829,240.5957,12.7170,9.8041,2.5818,2.84,3.3563,4.9054,16.007,177.8754,0.2582,0.0,5.636364,62.633151,4.16126,29,188,6,10,0.74390005,0.04181848,0.03860046,0E-8,0.000000,0.722694,0.000000,0.01256549,2026-05-12,2026-08-02,47,1844,580,83,0.566265,1.297104,1.076088,2.479667,,,,,,,,GLOBAL_BASELINE_NO_ENTITY_RANKING,,,NOT_APPLICABLE_GLOBAL_BASELINE,HF9g-P5,,,,X 全窗基线 · 不参与实体赏罚,15059387,1506,A168_HF9F_20260827_0900,2026-08-27 09:00:00
2026-07-15,17529000,2267,0,17.5560891229,1.7168822451,1.7168822451,1.0000000,6,3,0.50049165861471216,0.499948100000,1.7303484887157872,1.7322306037746105,1.7303484887157872,0.00054355861471216,ELIGIBLE,R03b_20260811_FULL_v1,L1_ELIGIBILITY,v2026-08-11,2026-03-21..2026-08-06,baccarat_bet02_101_all_pairs_incl_sentinel,round_win = game_pnl > 0 (decisive only),COMPATIBILITY_ONLY_NOT_PRODUCTION,234594.9955,169540.3402,9810.4062,19851,11308,-0.04181848,-0.03860046,-0.05116595,-0.04181848,-9810.4062,234594.9955,OK,0.0000,294.3122,3.0000,97.0000,AG03-UNRESOLVED,ALL5_LEVELS_bet23_to_bet27,294.3122,294.3122,294.3122,392.4162,490.5203,3.000000,3.000000,3.000000,4.000000,5.000000,97.000000,97.000000,97.000000,96.000000,95.000000,5.0,1765.8731,1644.6383,8044.5331,8165.7679,PENDING_AG03,FALSE,NOT_FOR_ENFORCEMENT,9516.0940,164454.1300,9810.4062,9516.0940,294.3122,0.04181848,0.04056393,294.3122,9516.0940,0.04056393,294.3122,294.3122,294.3122,392.4162,490.5203,9516.0940,0.04056393,1765.8731,1644.6383,8044.5331,8165.7679,0.03429115,0.03480794,0.00125455,11.8178,14.9930,0.8676,208.7320,5.3202,4991.3829,240.5957,12.7170,9.8041,2.5818,2.84,3.3563,4.9054,16.007,177.8754,0.2582,0.0,5.636364,62.633151,4.16126,29,188,6,10,0.74390005,0.04181848,0.03860046,0E-8,0.000000,0.722694,0.000000,0.01256549,2026-05-12,2026-08-02,47,1844,580,83,0.566265,1.297104,1.076088,2.479667,,,,,,,,GLOBAL_BASELINE_NO_ENTITY_RANKING,,,NOT_APPLICABLE_GLOBAL_BASELINE,HF9g-P5,,,,X 全窗基线 · 不参与实体赏罚,15059388,1506,A168_HF9F_20260827_0900,2026-08-27 09:00:00
2026-07-15,17529000,2271,0,104.5620013939,1.8459711358,1.8459711358,0.6000000,35,18,0.50100418628450283,0.500320466667,0.7668198222373294,0.7721145037034852,0.7668198222373294,0.00068371961750283,ELIGIBLE,R03b_20260811_FULL_v1,L1_ELIGIBILITY,v2026-08-11,2026-03-21..2026-08-06,baccarat_bet02_101_all_pairs_incl_sentinel,round_win = game_pnl > 0 (decisive only),COMPATIBILITY_ONLY_NOT_PRODUCTION,234594.9955,169540.3402,9810.4062,19851,11308,-0.04181848,-0.03860046,-0.05116595,-0.04181848,-9810.4062,234594.9955,OK,0.0000,294.3122,3.0000,97.0000,AG03-UNRESOLVED,ALL5_LEVELS_bet23_to_bet27,294.3122,294.3122,294.3122,392.4162,490.5203,3.000000,3.000000,3.000000,4.000000,5.000000,97.000000,97.000000,97.000000,96.000000,95.000000,5.0,1765.8731,1644.6383,8044.5331,8165.7679,PENDING_AG03,FALSE,NOT_FOR_ENFORCEMENT,9516.0940,164454.1300,9810.4062,9516.0940,294.3122,0.04181848,0.04056393,294.3122,9516.0940,0.04056393,294.3122,294.3122,294.3122,392.4162,490.5203,9516.0940,0.04056393,1765.8731,1644.6383,8044.5331,8165.7679,0.03429115,0.03480794,0.00125455,11.8178,14.9930,0.8676,208.7320,5.3202,4991.3829,240.5957,12.7170,9.8041,2.5818,2.84,3.3563,4.9054,16.007,177.8754,0.2582,0.0,5.636364,62.633151,4.16126,29,188,6,10,0.74390005,0.04181848,0.03860046,0E-8,0.000000,0.722694,0.000000,0.01256549,2026-05-12,2026-08-02,47,1844,580,83,0.566265,1.297104,1.076088,2.479667,,,,,,,,GLOBAL_BASELINE_NO_ENTITY_RANKING,,,NOT_APPLICABLE_GLOBAL_BASELINE,HF9g-P5,,,,X 全窗基线 · 不参与实体赏罚,15059389,1506,A168_HF9F_20260827_0900,2026-08-27 09:00:00
2026-07-15,17529000,2280,0,5.6799111868,0E-10,0E-10,,2,1,0.50055742727268436,0.499948100000,,,,0.00060932727268436,NO_DECISIVE_ROUND,R03b_20260811_FULL_v1,L1_ELIGIBILITY,v2026-08-11,2026-03-21..2026-08-06,baccarat_bet02_101_all_pairs_incl_sentinel,round_win = game_pnl > 0 (decisive only),COMPATIBILITY_ONLY_NOT_PRODUCTION,234594.9955,169540.3402,9810.4062,19851,11308,-0.04181848,-0.03860046,-0.05116595,-0.04181848,-9810.4062,234594.9955,OK,0.0000,294.3122,3.0000,97.0000,AG03-UNRESOLVED,ALL5_LEVELS_bet23_to_bet27,294.3122,294.3122,294.3122,392.4162,490.5203,3.000000,3.000000,3.000000,4.000000,5.000000,97.000000,97.000000,97.000000,96.000000,95.000000,5.0,1765.8731,1644.6383,8044.5331,8165.7679,PENDING_AG03,FALSE,NOT_FOR_ENFORCEMENT,9516.0940,164454.1300,9810.4062,9516.0940,294.3122,0.04181848,0.04056393,294.3122,9516.0940,0.04056393,294.3122,294.3122,294.3122,392.4162,490.5203,9516.0940,0.04056393,1765.8731,1644.6383,8044.5331,8165.7679,0.03429115,0.03480794,0.00125455,11.8178,14.9930,0.8676,208.7320,5.3202,4991.3829,240.5957,12.7170,9.8041,2.5818,2.84,3.3563,4.9054,16.007,177.8754,0.2582,0.0,5.636364,62.633151,4.16126,29,188,6,10,0.74390005,0.04181848,0.03860046,0E-8,0.000000,0.722694,0.000000,0.01256549,2026-05-12,2026-08-02,47,1844,580,83,0.566265,1.297104,1.076088,2.479667,,,,,,,,GLOBAL_BASELINE_NO_ENTITY_RANKING,,,NOT_APPLICABLE_GLOBAL_BASELINE,HF9g-P5,,,,X 全窗基线 · 不参与实体赏罚,15059390,1506,A168_HF9F_20260827_0900,2026-08-27 09:00:00
2026-07-15,17529000,2288,0,34.5958226835,0.3872666719,0.3872666719,0.5000000,12,6,0.49975708073592843,0.499948100000,0.0011900566317854396,0.00025425703667063243,0.0011900566317854396,-0.00019101926407157,ELIGIBLE,R03b_20260811_FULL_v1,L1_ELIGIBILITY,v2026-08-11,2026-03-21..2026-08-06,baccarat_bet02_101_all_pairs_incl_sentinel,round_win = game_pnl > 0 (decisive only),COMPATIBILITY_ONLY_NOT_PRODUCTION,234594.9955,169540.3402,9810.4062,19851,11308,-0.04181848,-0.03860046,-0.05116595,-0.04181848,-9810.4062,234594.9955,OK,0.0000,294.3122,3.0000,97.0000,AG03-UNRESOLVED,ALL5_LEVELS_bet23_to_bet27,294.3122,294.3122,294.3122,392.4162,490.5203,3.000000,3.000000,3.000000,4.000000,5.000000,97.000000,97.000000,97.000000,96.000000,95.000000,5.0,1765.8731,1644.6383,8044.5331,8165.7679,PENDING_AG03,FALSE,NOT_FOR_ENFORCEMENT,9516.0940,164454.1300,9810.4062,9516.0940,294.3122,0.04181848,0.04056393,294.3122,9516.0940,0.04056393,294.3122,294.3122,294.3122,392.4162,490.5203,9516.0940,0.04056393,1765.8731,1644.6383,8044.5331,8165.7679,0.03429115,0.03480794,0.00125455,11.8178,14.9930,0.8676,208.7320,5.3202,4991.3829,240.5957,12.7170,9.8041,2.5818,2.84,3.3563,4.9054,16.007,177.8754,0.2582,0.0,5.636364,62.633151,4.16126,29,188,6,10,0.74390005,0.04181848,0.03860046,0E-8,0.000000,0.722694,0.000000,0.01256549,2026-05-12,2026-08-02,47,1844,580,83,0.566265,1.297104,1.076088,2.479667,,,,,,,,GLOBAL_BASELINE_NO_ENTITY_RANKING,,,NOT_APPLICABLE_GLOBAL_BASELINE,HF9g-P5,,,,X 全窗基线 · 不参与实体赏罚,15059391,1506,A168_HF9F_20260827_0900,2026-08-27 09:00:00
2026-07-15,17529000,2289,0,35.6285338084,2.1428755842,2.1428755842,0.8000000,12,6,0.50076663384152330,0.499948100000,1.3382138687438436,1.3418728975849028,1.3382138687438436,0.00081853384152330,ELIGIBLE,R03b_20260811_FULL_v1,L1_ELIGIBILITY,v2026-08-11,2026-03-21..2026-08-06,baccarat_bet02_101_all_pairs_incl_sentinel,round_win = game_pnl > 0 (decisive only),COMPATIBILITY_ONLY_NOT_PRODUCTION,234594.9955,169540.3402,9810.4062,19851,11308,-0.04181848,-0.03860046,-0.05116595,-0.04181848,-9810.4062,234594.9955,OK,0.0000,294.3122,3.0000,97.0000,AG03-UNRESOLVED,ALL5_LEVELS_bet23_to_bet27,294.3122,294.3122,294.3122,392.4162,490.5203,3.000000,3.000000,3.000000,4.000000,5.000000,97.000000,97.000000,97.000000,96.000000,95.000000,5.0,1765.8731,1644.6383,8044.5331,8165.7679,PENDING_AG03,FALSE,NOT_FOR_ENFORCEMENT,9516.0940,164454.1300,9810.4062,9516.0940,294.3122,0.04181848,0.04056393,294.3122,9516.0940,0.04056393,294.3122,294.3122,294.3122,392.4162,490.5203,9516.0940,0.04056393,1765.8731,1644.6383,8044.5331,8165.7679,0.03429115,0.03480794,0.00125455,11.8178,14.9930,0.8676,208.7320,5.3202,4991.3829,240.5957,12.7170,9.8041,2.5818,2.84,3.3563,4.9054,16.007,177.8754,0.2582,0.0,5.636364,62.633151,4.16126,29,188,6,10,0.74390005,0.04181848,0.03860046,0E-8,0.000000,0.722694,0.000000,0.01256549,2026-05-12,2026-08-02,47,1844,580,83,0.566265,1.297104,1.076088,2.479667,,,,,,,,GLOBAL_BASELINE_NO_ENTITY_RANKING,,,NOT_APPLICABLE_GLOBAL_BASELINE,HF9g-P5,,,,X 全窗基线 · 不参与实体赏罚,15059392,1506,A168_HF9F_20260827_0900,2026-08-27 09:00:00
2026-07-15,17529000,462,0,54.9918673999,6.0929956369,6.0929956369,0.3333333,14,8,0.50228487079177147,0.501623750000,-0.8276987583343474,-0.8244556463391335,-0.8276987583343474,0.00066112079177147,ELIGIBLE,R03b_20260811_FULL_v1,L1_ELIGIBILITY,v2026-08-11,2026-03-21..2026-08-06,baccarat_bet02_101_all_pairs_incl_sentinel,round_win = game_pnl > 0 (decisive only),COMPATIBILITY_ONLY_NOT_PRODUCTION,234594.9955,169540.3402,9810.4062,19851,11308,-0.04181848,-0.03860046,-0.05116595,-0.04181848,-9810.4062,234594.9955,OK,0.0000,294.3122,3.0000,97.0000,AG03-UNRESOLVED,ALL5_LEVELS_bet23_to_bet27,294.3122,294.3122,294.3122,392.4162,490.5203,3.000000,3.000000,3.000000,4.000000,5.000000,97.000000,97.000000,97.000000,96.000000,95.000000,5.0,1765.8731,1644.6383,8044.5331,8165.7679,PENDING_AG03,FALSE,NOT_FOR_ENFORCEMENT,9516.0940,164454.1300,9810.4062,9516.0940,294.3122,0.04181848,0.04056393,294.3122,9516.0940,0.04056393,294.3122,294.3122,294.3122,392.4162,490.5203,9516.0940,0.04056393,1765.8731,1644.6383,8044.5331,8165.7679,0.03429115,0.03480794,0.00125455,11.8178,14.9930,0.8676,208.7320,5.3202,4991.3829,240.5957,12.7170,9.8041,2.5818,2.84,3.3563,4.9054,16.007,177.8754,0.2582,0.0,5.636364,62.633151,4.16126,29,188,6,10,0.74390005,0.04181848,0.03860046,0E-8,0.000000,0.722694,0.000000,0.01256549,2026-05-12,2026-08-02,47,1844,580,83,0.566265,1.297104,1.076088,2.479667,,,,,,,,GLOBAL_BASELINE_NO_ENTITY_RANKING,,,NOT_APPLICABLE_GLOBAL_BASELINE,HF9g-P5,,,,X 全窗基线 · 不参与实体赏罚,15059393,1506,A168_HF9F_20260827_0900,2026-08-27 09:00:00
2026-07-15,17529000,583,0,5.4217334056,0.2581777812,0.2581777812,1.0000000,2,1,0.49962892857145212,0.499948100000,1.000742418449597,1.0001038053877793,1.000742418449597,-0.00031917142854788,ELIGIBLE,R03b_20260811_FULL_v1,L1_ELIGIBILITY,v2026-08-11,2026-03-21..2026-08-06,baccarat_bet02_101_all_pairs_incl_sentinel,round_win = game_pnl > 0 (decisive only),COMPATIBILITY_ONLY_NOT_PRODUCTION,234594.9955,169540.3402,9810.4062,19851,11308,-0.04181848,-0.03860046,-0.05116595,-0.04181848,-9810.4062,234594.9955,OK,0.0000,294.3122,3.0000,97.0000,AG03-UNRESOLVED,ALL5_LEVELS_bet23_to_bet27,294.3122,294.3122,294.3122,392.4162,490.5203,3.000000,3.000000,3.000000,4.000000,5.000000,97.000000,97.000000,97.000000,96.000000,95.000000,5.0,1765.8731,1644.6383,8044.5331,8165.7679,PENDING_AG03,FALSE,NOT_FOR_ENFORCEMENT,9516.0940,164454.1300,9810.4062,9516.0940,294.3122,0.04181848,0.04056393,294.3122,9516.0940,0.04056393,294.3122,294.3122,294.3122,392.4162,490.5203,9516.0940,0.04056393,1765.8731,1644.6383,8044.5331,8165.7679,0.03429115,0.03480794,0.00125455,11.8178,14.9930,0.8676,208.7320,5.3202,4991.3829,240.5957,12.7170,9.8041,2.5818,2.84,3.3563,4.9054,16.007,177.8754,0.2582,0.0,5.636364,62.633151,4.16126,29,188,6,10,0.74390005,0.04181848,0.03860046,0E-8,0.000000,0.722694,0.000000,0.01256549,2026-05-12,2026-08-02,47,1844,580,83,0.566265,1.297104,1.076088,2.479667,,,,,,,,GLOBAL_BASELINE_NO_ENTITY_RANKING,,,NOT_APPLICABLE_GLOBAL_BASELINE,HF9g-P5,,,,X 全窗基线 · 不参与实体赏罚,15059394,1506,A168_HF9F_20260827_0900,2026-08-27 09:00:00
2026-07-15,17529000,595,0,18.8469780291,1.0327111249,1.0327111249,0.3333333,6,3,0.49885691971870272,0.499948100000,-0.5733920213682441,-0.5771704854251445,-0.5733920213682441,-0.00109118028129728,ELIGIBLE,R03b_20260811_FULL_v1,L1_ELIGIBILITY,v2026-08-11,2026-03-21..2026-08-06,baccarat_bet02_101_all_pairs_incl_sentinel,round_win = game_pnl > 0 (decisive only),COMPATIBILITY_ONLY_NOT_PRODUCTION,234594.9955,169540.3402,9810.4062,19851,11308,-0.04181848,-0.03860046,-0.05116595,-0.04181848,-9810.4062,234594.9955,OK,0.0000,294.3122,3.0000,97.0000,AG03-UNRESOLVED,ALL5_LEVELS_bet23_to_bet27,294.3122,294.3122,294.3122,392.4162,490.5203,3.000000,3.000000,3.000000,4.000000,5.000000,97.000000,97.000000,97.000000,96.000000,95.000000,5.0,1765.8731,1644.6383,8044.5331,8165.7679,PENDING_AG03,FALSE,NOT_FOR_ENFORCEMENT,9516.0940,164454.1300,9810.4062,9516.0940,294.3122,0.04181848,0.04056393,294.3122,9516.0940,0.04056393,294.3122,294.3122,294.3122,392.4162,490.5203,9516.0940,0.04056393,1765.8731,1644.6383,8044.5331,8165.7679,0.03429115,0.03480794,0.00125455,11.8178,14.9930,0.8676,208.7320,5.3202,4991.3829,240.5957,12.7170,9.8041,2.5818,2.84,3.3563,4.9054,16.007,177.8754,0.2582,0.0,5.636364,62.633151,4.16126,29,188,6,10,0.74390005,0.04181848,0.03860046,0E-8,0.000000,0.722694,0.000000,0.01256549,2026-05-12,2026-08-02,47,1844,580,83,0.566265,1.297104,1.076088,2.479667,,,,,,,,GLOBAL_BASELINE_NO_ENTITY_RANKING,,,NOT_APPLICABLE_GLOBAL_BASELINE,HF9g-P5,,,,X 全窗基线 · 不参与实体赏罚,15059395,1506,A168_HF9F_20260827_0900,2026-08-27 09:00:00
2026-07-15,17529000,627,0,5.4217334056,0E-10,0E-10,,2,1,0.50026727142854788,0.499948100000,,,,0.00031917142854788,NO_DECISIVE_ROUND,R03b_20260811_FULL_v1,L1_ELIGIBILITY,v2026-08-11,2026-03-21..2026-08-06,baccarat_bet02_101_all_pairs_incl_sentinel,round_win = game_pnl > 0 (decisive only),COMPATIBILITY_ONLY_NOT_PRODUCTION,234594.9955,169540.3402,9810.4062,19851,11308,-0.04181848,-0.03860046,-0.05116595,-0.04181848,-9810.4062,234594.9955,OK,0.0000,294.3122,3.0000,97.0000,AG03-UNRESOLVED,ALL5_LEVELS_bet23_to_bet27,294.3122,294.3122,294.3122,392.4162,490.5203,3.000000,3.000000,3.000000,4.000000,5.000000,97.000000,97.000000,97.000000,96.000000,95.000000,5.0,1765.8731,1644.6383,8044.5331,8165.7679,PENDING_AG03,FALSE,NOT_FOR_ENFORCEMENT,9516.0940,164454.1300,9810.4062,9516.0940,294.3122,0.04181848,0.04056393,294.3122,9516.0940,0.04056393,294.3122,294.3122,294.3122,392.4162,490.5203,9516.0940,0.04056393,1765.8731,1644.6383,8044.5331,8165.7679,0.03429115,0.03480794,0.00125455,11.8178,14.9930,0.8676,208.7320,5.3202,4991.3829,240.5957,12.7170,9.8041,2.5818,2.84,3.3563,4.9054,16.007,177.8754,0.2582,0.0,5.636364,62.633151,4.16126,29,188,6,10,0.74390005,0.04181848,0.03860046,0E-8,0.000000,0.722694,0.000000,0.01256549,2026-05-12,2026-08-02,47,1844,580,83,0.566265,1.297104,1.076088,2.479667,,,,,,,,GLOBAL_BASELINE_NO_ENTITY_RANKING,,,NOT_APPLICABLE_GLOBAL_BASELINE,HF9g-P5,,,,X 全窗基线 · 不参与实体赏罚,15059396,1506,A168_HF9F_20260827_0900,2026-08-27 09:00:00
2026-07-15,17529000,925,0,27.6250225904,0.5809000078,0.5809000078,0.7500000,10,5,0.50038333376620247,0.499948100000,0.9984669583742409,1.0002076053883384,0.9984669583742409,0.00043523376620247,ELIGIBLE,R03b_20260811_FULL_v1,L1_ELIGIBILITY,v2026-08-11,2026-03-21..2026-08-06,baccarat_bet02_101_all_pairs_incl_sentinel,round_win = game_pnl > 0 (decisive only),COMPATIBILITY_ONLY_NOT_PRODUCTION,234594.9955,169540.3402,9810.4062,19851,11308,-0.04181848,-0.03860046,-0.05116595,-0.04181848,-9810.4062,234594.9955,OK,0.0000,294.3122,3.0000,97.0000,AG03-UNRESOLVED,ALL5_LEVELS_bet23_to_bet27,294.3122,294.3122,294.3122,392.4162,490.5203,3.000000,3.000000,3.000000,4.000000,5.000000,97.000000,97.000000,97.000000,96.000000,95.000000,5.0,1765.8731,1644.6383,8044.5331,8165.7679,PENDING_AG03,FALSE,NOT_FOR_ENFORCEMENT,9516.0940,164454.1300,9810.4062,9516.0940,294.3122,0.04181848,0.04056393,294.3122,9516.0940,0.04056393,294.3122,294.3122,294.3122,392.4162,490.5203,9516.0940,0.04056393,1765.8731,1644.6383,8044.5331,8165.7679,0.03429115,0.03480794,0.00125455,11.8178,14.9930,0.8676,208.7320,5.3202,4991.3829,240.5957,12.7170,9.8041,2.5818,2.84,3.3563,4.9054,16.007,177.8754,0.2582,0.0,5.636364,62.633151,4.16126,29,188,6,10,0.74390005,0.04181848,0.03860046,0E-8,0.000000,0.722694,0.000000,0.01256549,2026-05-12,2026-08-02,47,1844,580,83,0.566265,1.297104,1.076088,2.479667,,,,,,,,GLOBAL_BASELINE_NO_ENTITY_RANKING,,,NOT_APPLICABLE_GLOBAL_BASELINE,HF9g-P5,,,,X 全窗基线 · 不参与实体赏罚,15059397,1506,A168_HF9F_20260827_0900,2026-08-27 09:00:00
2026-07-15,17529000,986,0,5.4217334056,0.1161800016,0.1161800016,1.0000000,2,1,0.50026727142854788,0.499948100000,0.9994655999345988,1.0001038053877793,0.9994655999345988,0.00031917142854788,ELIGIBLE,R03b_20260811_FULL_v1,L1_ELIGIBILITY,v2026-08-11,2026-03-21..2026-08-06,baccarat_bet02_101_all_pairs_incl_sentinel,round_win = game_pnl > 0 (decisive only),COMPATIBILITY_ONLY_NOT_PRODUCTION,234594.9955,169540.3402,9810.4062,19851,11308,-0.04181848,-0.03860046,-0.05116595,-0.04181848,-9810.4062,234594.9955,OK,0.0000,294.3122,3.0000,97.0000,AG03-UNRESOLVED,ALL5_LEVELS_bet23_to_bet27,294.3122,294.3122,294.3122,392.4162,490.5203,3.000000,3.000000,3.000000,4.000000,5.000000,97.000000,97.000000,97.000000,96.000000,95.000000,5.0,1765.8731,1644.6383,8044.5331,8165.7679,PENDING_AG03,FALSE,NOT_FOR_ENFORCEMENT,9516.0940,164454.1300,9810.4062,9516.0940,294.3122,0.04181848,0.04056393,294.3122,9516.0940,0.04056393,294.3122,294.3122,294.3122,392.4162,490.5203,9516.0940,0.04056393,1765.8731,1644.6383,8044.5331,8165.7679,0.03429115,0.03480794,0.00125455,11.8178,14.9930,0.8676,208.7320,5.3202,4991.3829,240.5957,12.7170,9.8041,2.5818,2.84,3.3563,4.9054,16.007,177.8754,0.2582,0.0,5.636364,62.633151,4.16126,29,188,6,10,0.74390005,0.04181848,0.03860046,0E-8,0.000000,0.722694,0.000000,0.01256549,2026-05-12,2026-08-02,47,1844,580,83,0.566265,1.297104,1.076088,2.479667,,,,,,,,GLOBAL_BASELINE_NO_ENTITY_RANKING,,,NOT_APPLICABLE_GLOBAL_BASELINE,HF9g-P5,,,,X 全窗基线 · 不参与实体赏罚,15059398,1506,A168_HF9F_20260827_0900,2026-08-27 09:00:00
2026-07-15,17529000,987,0,11.3598223737,0.3485400047,0.3485400047,0.5000000,4,2,0.50054481180125009,0.499948100000,-0.0015409613913138648,0.00014679536856514622,-0.0015409613913138648,0.00059671180125009,ELIGIBLE,R03b_20260811_FULL_v1,L1_ELIGIBILITY,v2026-08-11,2026-03-21..2026-08-06,baccarat_bet02_101_all_pairs_incl_sentinel,round_win = game_pnl > 0 (decisive only),COMPATIBILITY_ONLY_NOT_PRODUCTION,234594.9955,169540.3402,9810.4062,19851,11308,-0.04181848,-0.03860046,-0.05116595,-0.04181848,-9810.4062,234594.9955,OK,0.0000,294.3122,3.0000,97.0000,AG03-UNRESOLVED,ALL5_LEVELS_bet23_to_bet27,294.3122,294.3122,294.3122,392.4162,490.5203,3.000000,3.000000,3.000000,4.000000,5.000000,97.000000,97.000000,97.000000,96.000000,95.000000,5.0,1765.8731,1644.6383,8044.5331,8165.7679,PENDING_AG03,FALSE,NOT_FOR_ENFORCEMENT,9516.0940,164454.1300,9810.4062,9516.0940,294.3122,0.04181848,0.04056393,294.3122,9516.0940,0.04056393,294.3122,294.3122,294.3122,392.4162,490.5203,9516.0940,0.04056393,1765.8731,1644.6383,8044.5331,8165.7679,0.03429115,0.03480794,0.00125455,11.8178,14.9930,0.8676,208.7320,5.3202,4991.3829,240.5957,12.7170,9.8041,2.5818,2.84,3.3563,4.9054,16.007,177.8754,0.2582,0.0,5.636364,62.633151,4.16126,29,188,6,10,0.74390005,0.04181848,0.03860046,0E-8,0.000000,0.722694,0.000000,0.01256549,2026-05-12,2026-08-02,47,1844,580,83,0.566265,1.297104,1.076088,2.479667,,,,,,,,GLOBAL_BASELINE_NO_ENTITY_RANKING,,,NOT_APPLICABLE_GLOBAL_BASELINE,HF9g-P5,,,,X 全窗基线 · 不参与实体赏罚,15059399,1506,A168_HF9F_20260827_0900,2026-08-27 09:00:00
2026-07-15,17529000,994,0,12.1343557173,1.4587044639,1.4587044639,1.0000000,4,2,0.50092302363634218,0.499948100000,1.4116052625834377,1.4143603653603398,1.4116052625834377,0.00097492363634218,ELIGIBLE,R03b_20260811_FULL_v1,L1_ELIGIBILITY,v2026-08-11,2026-03-21..2026-08-06,baccarat_bet02_101_all_pairs_incl_sentinel,round_win = game_pnl > 0 (decisive only),COMPATIBILITY_ONLY_NOT_PRODUCTION,234594.9955,169540.3402,9810.4062,19851,11308,-0.04181848,-0.03860046,-0.05116595,-0.04181848,-9810.4062,234594.9955,OK,0.0000,294.3122,3.0000,97.0000,AG03-UNRESOLVED,ALL5_LEVELS_bet23_to_bet27,294.3122,294.3122,294.3122,392.4162,490.5203,3.000000,3.000000,3.000000,4.000000,5.000000,97.000000,97.000000,97.000000,96.000000,95.000000,5.0,1765.8731,1644.6383,8044.5331,8165.7679,PENDING_AG03,FALSE,NOT_FOR_ENFORCEMENT,9516.0940,164454.1300,9810.4062,9516.0940,294.3122,0.04181848,0.04056393,294.3122,9516.0940,0.04056393,294.3122,294.3122,294.3122,392.4162,490.5203,9516.0940,0.04056393,1765.8731,1644.6383,8044.5331,8165.7679,0.03429115,0.03480794,0.00125455,11.8178,14.9930,0.8676,208.7320,5.3202,4991.3829,240.5957,12.7170,9.8041,2.5818,2.84,3.3563,4.9054,16.007,177.8754,0.2582,0.0,5.636364,62.633151,4.16126,29,188,6,10,0.74390005,0.04181848,0.03860046,0E-8,0.000000,0.722694,0.000000,0.01256549,2026-05-12,2026-08-02,47,1844,580,83,0.566265,1.297104,1.076088,2.479667,,,,,,,,GLOBAL_BASELINE_NO_ENTITY_RANKING,,,NOT_APPLICABLE_GLOBAL_BASELINE,HF9g-P5,,,,X 全窗基线 · 不参与实体赏罚,15059400,1506,A168_HF9F_20260827_0900,2026-08-27 09:00:00
2026-07-16,17529000,-1,1,399.4010275471,18.5113469140,18.5113469140,0.5423729,112,62,0.50155836887107309,0.501029164516,0.6270074834485319,0.635135575058973,0.6270074834485319,0.00052920435507309,SENTINEL_DEALER,R03b_20260811_FULL_v1,L1_ELIGIBILITY,v2026-08-11,2026-03-21..2026-08-06,baccarat_bet02_101_all_pairs_incl_sentinel,round_win = game_pnl > 0 (decisive only),COMPATIBILITY_ONLY_NOT_PRODUCTION,234594.9955,169540.3402,9810.4062,19851,11308,-0.04181848,-0.03860046,-0.05116595,-0.04181848,-9810.4062,234594.9955,OK,0.0000,294.3122,3.0000,97.0000,AG03-UNRESOLVED,ALL5_LEVELS_bet23_to_bet27,294.3122,294.3122,294.3122,392.4162,490.5203,3.000000,3.000000,3.000000,4.000000,5.000000,97.000000,97.000000,97.000000,96.000000,95.000000,5.0,1765.8731,1644.6383,8044.5331,8165.7679,PENDING_AG03,FALSE,NOT_FOR_ENFORCEMENT,9516.0940,164454.1300,9810.4062,9516.0940,294.3122,0.04181848,0.04056393,294.3122,9516.0940,0.04056393,294.3122,294.3122,294.3122,392.4162,490.5203,9516.0940,0.04056393,1765.8731,1644.6383,8044.5331,8165.7679,0.03429115,0.03480794,0.00125455,11.8178,14.9930,0.8676,208.7320,5.3202,4991.3829,240.5957,12.7170,9.8041,2.5818,2.84,3.3563,4.9054,16.007,177.8754,0.2582,0.0,5.636364,62.633151,4.16126,29,188,6,10,0.74390005,0.04181848,0.03860046,0E-8,0.000000,0.722694,0.000000,0.01256549,2026-05-12,2026-08-02,47,1844,580,83,0.566265,1.297104,1.076088,2.479667,,,,,,,,GLOBAL_BASELINE_NO_ENTITY_RANKING,,,NOT_APPLICABLE_GLOBAL_BASELINE,HF9g-P5,,,,X 全窗基线 · 不参与实体赏罚,15059401,1506,A168_HF9F_20260827_0900,2026-08-27 09:00:00
2026-07-16,17529000,1109,0,39.2430227454,7.8744223272,7.8744223272,0.3333333,9,6,0.49605120985935136,0.496596800000,-0.7971764000767958,-0.7998429013504523,-0.7971764000767958,-0.00054559014064864,ELIGIBLE,R03b_20260811_FULL_v1,L1_ELIGIBILITY,v2026-08-11,2026-03-21..2026-08-06,baccarat_bet02_101_all_pairs_incl_sentinel,round_win = game_pnl > 0 (decisive only),COMPATIBILITY_ONLY_NOT_PRODUCTION,234594.9955,169540.3402,9810.4062,19851,11308,-0.04181848,-0.03860046,-0.05116595,-0.04181848,-9810.4062,234594.9955,OK,0.0000,294.3122,3.0000,97.0000,AG03-UNRESOLVED,ALL5_LEVELS_bet23_to_bet27,294.3122,294.3122,294.3122,392.4162,490.5203,3.000000,3.000000,3.000000,4.000000,5.000000,97.000000,97.000000,97.000000,96.000000,95.000000,5.0,1765.8731,1644.6383,8044.5331,8165.7679,PENDING_AG03,FALSE,NOT_FOR_ENFORCEMENT,9516.0940,164454.1300,9810.4062,9516.0940,294.3122,0.04181848,0.04056393,294.3122,9516.0940,0.04056393,294.3122,294.3122,294.3122,392.4162,490.5203,9516.0940,0.04056393,1765.8731,1644.6383,8044.5331,8165.7679,0.03429115,0.03480794,0.00125455,11.8178,14.9930,0.8676,208.7320,5.3202,4991.3829,240.5957,12.7170,9.8041,2.5818,2.84,3.3563,4.9054,16.007,177.8754,0.2582,0.0,5.636364,62.633151,4.16126,29,188,6,10,0.74390005,0.04181848,0.03860046,0E-8,0.000000,0.722694,0.000000,0.01256549,2026-05-12,2026-08-02,47,1844,580,83,0.566265,1.297104,1.076088,2.479667,,,,,,,,GLOBAL_BASELINE_NO_ENTITY_RANKING,,,NOT_APPLICABLE_GLOBAL_BASELINE,HF9g-P5,,,,X 全窗基线 · 不参与实体赏罚,15059402,1506,A168_HF9F_20260827_0900,2026-08-27 09:00:00
2026-07-16,17529000,1157,0,6.4544445305,0E-10,0E-10,,2,1,0.50128862000000000,0.499948100000,,,,0.00134052000000000,NO_DECISIVE_ROUND,R03b_20260811_FULL_v1,L1_ELIGIBILITY,v2026-08-11,2026-03-21..2026-08-06,baccarat_bet02_101_all_pairs_incl_sentinel,round_win = game_pnl > 0 (decisive only),COMPATIBILITY_ONLY_NOT_PRODUCTION,234594.9955,169540.3402,9810.4062,19851,11308,-0.04181848,-0.03860046,-0.05116595,-0.04181848,-9810.4062,234594.9955,OK,0.0000,294.3122,3.0000,97.0000,AG03-UNRESOLVED,ALL5_LEVELS_bet23_to_bet27,294.3122,294.3122,294.3122,392.4162,490.5203,3.000000,3.000000,3.000000,4.000000,5.000000,97.000000,97.000000,97.000000,96.000000,95.000000,5.0,1765.8731,1644.6383,8044.5331,8165.7679,PENDING_AG03,FALSE,NOT_FOR_ENFORCEMENT,9516.0940,164454.1300,9810.4062,9516.0940,294.3122,0.04181848,0.04056393,294.3122,9516.0940,0.04056393,294.3122,294.3122,294.3122,392.4162,490.5203,9516.0940,0.04056393,1765.8731,1644.6383,8044.5331,8165.7679,0.03429115,0.03480794,0.00125455,11.8178,14.9930,0.8676,208.7320,5.3202,4991.3829,240.5957,12.7170,9.8041,2.5818,2.84,3.3563,4.9054,16.007,177.8754,0.2582,0.0,5.636364,62.633151,4.16126,29,188,6,10,0.74390005,0.04181848,0.03860046,0E-8,0.000000,0.722694,0.000000,0.01256549,2026-05-12,2026-08-02,47,1844,580,83,0.566265,1.297104,1.076088,2.479667,,,,,,,,GLOBAL_BASELINE_NO_ENTITY_RANKING,,,NOT_APPLICABLE_GLOBAL_BASELINE,HF9g-P5,,,,X 全窗基线 · 不参与实体赏罚,15059403,1506,A168_HF9F_20260827_0900,2026-08-27 09:00:00
2026-07-16,17529000,1205,0,12.6507112797,2.3236000309,2.3236000309,1.0000000,4,2,0.49877458080811651,0.499948100000,1.4176838289970664,1.4143603653603398,1.4176838289970664,-0.00117351919188349,ELIGIBLE,R03b_20260811_FULL_v1,L1_ELIGIBILITY,v2026-08-11,2026-03-21..2026-08-06,baccarat_bet02_101_all_pairs_incl_sentinel,round_win = game_pnl > 0 (decisive only),COMPATIBILITY_ONLY_NOT_PRODUCTION,234594.9955,169540.3402,9810.4062,19851,11308,-0.04181848,-0.03860046,-0.05116595,-0.04181848,-9810.4062,234594.9955,OK,0.0000,294.3122,3.0000,97.0000,AG03-UNRESOLVED,ALL5_LEVELS_bet23_to_bet27,294.3122,294.3122,294.3122,392.4162,490.5203,3.000000,3.000000,3.000000,4.000000,5.000000,97.000000,97.000000,97.000000,96.000000,95.000000,5.0,1765.8731,1644.6383,8044.5331,8165.7679,PENDING_AG03,FALSE,NOT_FOR_ENFORCEMENT,9516.0940,164454.1300,9810.4062,9516.0940,294.3122,0.04181848,0.04056393,294.3122,9516.0940,0.04056393,294.3122,294.3122,294.3122,392.4162,490.5203,9516.0940,0.04056393,1765.8731,1644.6383,8044.5331,8165.7679,0.03429115,0.03480794,0.00125455,11.8178,14.9930,0.8676,208.7320,5.3202,4991.3829,240.5957,12.7170,9.8041,2.5818,2.84,3.3563,4.9054,16.007,177.8754,0.2582,0.0,5.636364,62.633151,4.16126,29,188,6,10,0.74390005,0.04181848,0.03860046,0E-8,0.000000,0.722694,0.000000,0.01256549,2026-05-12,2026-08-02,47,1844,580,83,0.566265,1.297104,1.076088,2.479667,,,,,,,,GLOBAL_BASELINE_NO_ENTITY_RANKING,,,NOT_APPLICABLE_GLOBAL_BASELINE,HF9g-P5,,,,X 全窗基线 · 不参与实体赏罚,15059404,1506,A168_HF9F_20260827_0900,2026-08-27 09:00:00
2026-07-16,17529000,1221,0,14.9743113107,0.8907133453,0.8907133453,0.3333333,5,3,0.50283224909089479,0.502182300000,-0.5871708880564238,-0.5849155494134426,-0.5871708880564238,0.00064994909089479,ELIGIBLE,R03b_20260811_FULL_v1,L1_ELIGIBILITY,v2026-08-11,2026-03-21..2026-08-06,baccarat_bet02_101_all_pairs_incl_sentinel,round_win = game_pnl > 0 (decisive only),COMPATIBILITY_ONLY_NOT_PRODUCTION,234594.9955,169540.3402,9810.4062,19851,11308,-0.04181848,-0.03860046,-0.05116595,-0.04181848,-9810.4062,234594.9955,OK,0.0000,294.3122,3.0000,97.0000,AG03-UNRESOLVED,ALL5_LEVELS_bet23_to_bet27,294.3122,294.3122,294.3122,392.4162,490.5203,3.000000,3.000000,3.000000,4.000000,5.000000,97.000000,97.000000,97.000000,96.000000,95.000000,5.0,1765.8731,1644.6383,8044.5331,8165.7679,PENDING_AG03,FALSE,NOT_FOR_ENFORCEMENT,9516.0940,164454.1300,9810.4062,9516.0940,294.3122,0.04181848,0.04056393,294.3122,9516.0940,0.04056393,294.3122,294.3122,294.3122,392.4162,490.5203,9516.0940,0.04056393,1765.8731,1644.6383,8044.5331,8165.7679,0.03429115,0.03480794,0.00125455,11.8178,14.9930,0.8676,208.7320,5.3202,4991.3829,240.5957,12.7170,9.8041,2.5818,2.84,3.3563,4.9054,16.007,177.8754,0.2582,0.0,5.636364,62.633151,4.16126,29,188,6,10,0.74390005,0.04181848,0.03860046,0E-8,0.000000,0.722694,0.000000,0.01256549,2026-05-12,2026-08-02,47,1844,580,83,0.566265,1.297104,1.076088,2.479667,,,,,,,,GLOBAL_BASELINE_NO_ENTITY_RANKING,,,NOT_APPLICABLE_GLOBAL_BASELINE,HF9g-P5,,,,X 全窗基线 · 不参与实体赏罚,15059405,1506,A168_HF9F_20260827_0900,2026-08-27 09:00:00
2026-07-16,17529000,1307,0,41.3084449952,3.4724911573,3.4724911573,0.4285714,12,7,0.49998623159176790,0.499948100000,-0.3778916175842376,-0.377689846057837,-0.3778916175842376,0.00003813159176790,ELIGIBLE,R03b_20260811_FULL_v1,L1_ELIGIBILITY,v2026-08-11,2026-03-21..2026-08-06,baccarat_bet02_101_all_pairs_incl_sentinel,round_win = game_pnl > 0 (decisive only),COMPATIBILITY_ONLY_NOT_PRODUCTION,234594.9955,169540.3402,9810.4062,19851,11308,-0.04181848,-0.03860046,-0.05116595,-0.04181848,-9810.4062,234594.9955,OK,0.0000,294.3122,3.0000,97.0000,AG03-UNRESOLVED,ALL5_LEVELS_bet23_to_bet27,294.3122,294.3122,294.3122,392.4162,490.5203,3.000000,3.000000,3.000000,4.000000,5.000000,97.000000,97.000000,97.000000,96.000000,95.000000,5.0,1765.8731,1644.6383,8044.5331,8165.7679,PENDING_AG03,FALSE,NOT_FOR_ENFORCEMENT,9516.0940,164454.1300,9810.4062,9516.0940,294.3122,0.04181848,0.04056393,294.3122,9516.0940,0.04056393,294.3122,294.3122,294.3122,392.4162,490.5203,9516.0940,0.04056393,1765.8731,1644.6383,8044.5331,8165.7679,0.03429115,0.03480794,0.00125455,11.8178,14.9930,0.8676,208.7320,5.3202,4991.3829,240.5957,12.7170,9.8041,2.5818,2.84,3.3563,4.9054,16.007,177.8754,0.2582,0.0,5.636364,62.633151,4.16126,29,188,6,10,0.74390005,0.04181848,0.03860046,0E-8,0.000000,0.722694,0.000000,0.01256549,2026-05-12,2026-08-02,47,1844,580,83,0.566265,1.297104,1.076088,2.479667,,,,,,,,GLOBAL_BASELINE_NO_ENTITY_RANKING,,,NOT_APPLICABLE_GLOBAL_BASELINE,HF9g-P5,,,,X 全窗基线 · 不参与实体赏罚,15059406,1506,A168_HF9F_20260827_0900,2026-08-27 09:00:00
2026-07-16,17529000,1318,0,11.3598223737,-1.1618000155,-1.1618000155,0E-7,4,2,0.50022564037270221,0.499948100000,-1.4148519137940372,-1.4140667746232096,-1.4148519137940372,0.00027754037270221,ELIGIBLE,R03b_20260811_FULL_v1,L1_ELIGIBILITY,v2026-08-11,2026-03-21..2026-08-06,baccarat_bet02_101_all_pairs_incl_sentinel,round_win = game_pnl > 0 (decisive only),COMPATIBILITY_ONLY_NOT_PRODUCTION,234594.9955,169540.3402,9810.4062,19851,11308,-0.04181848,-0.03860046,-0.05116595,-0.04181848,-9810.4062,234594.9955,OK,0.0000,294.3122,3.0000,97.0000,AG03-UNRESOLVED,ALL5_LEVELS_bet23_to_bet27,294.3122,294.3122,294.3122,392.4162,490.5203,3.000000,3.000000,3.000000,4.000000,5.000000,97.000000,97.000000,97.000000,96.000000,95.000000,5.0,1765.8731,1644.6383,8044.5331,8165.7679,PENDING_AG03,FALSE,NOT_FOR_ENFORCEMENT,9516.0940,164454.1300,9810.4062,9516.0940,294.3122,0.04181848,0.04056393,294.3122,9516.0940,0.04056393,294.3122,294.3122,294.3122,392.4162,490.5203,9516.0940,0.04056393,1765.8731,1644.6383,8044.5331,8165.7679,0.03429115,0.03480794,0.00125455,11.8178,14.9930,0.8676,208.7320,5.3202,4991.3829,240.5957,12.7170,9.8041,2.5818,2.84,3.3563,4.9054,16.007,177.8754,0.2582,0.0,5.636364,62.633151,4.16126,29,188,6,10,0.74390005,0.04181848,0.03860046,0E-8,0.000000,0.722694,0.000000,0.01256549,2026-05-12,2026-08-02,47,1844,580,83,0.566265,1.297104,1.076088,2.479667,,,,,,,,GLOBAL_BASELINE_NO_ENTITY_RANKING,,,NOT_APPLICABLE_GLOBAL_BASELINE,HF9g-P5,,,,X 全窗基线 · 不参与实体赏罚,15059407,1506,A168_HF9F_20260827_0900,2026-08-27 09:00:00
2026-07-16,17529000,1323,0,7.4871556554,2.0783311388,2.0783311388,1.0000000,2,1,0.50202821724139166,0.499948100000,0.9959517595750697,1.0001038053877793,0.9959517595750697,0.00208011724139166,ELIGIBLE,R03b_20260811_FULL_v1,L1_ELIGIBILITY,v2026-08-11,2026-03-21..2026-08-06,baccarat_bet02_101_all_pairs_incl_sentinel,round_win = game_pnl > 0 (decisive only),COMPATIBILITY_ONLY_NOT_PRODUCTION,234594.9955,169540.3402,9810.4062,19851,11308,-0.04181848,-0.03860046,-0.05116595,-0.04181848,-9810.4062,234594.9955,OK,0.0000,294.3122,3.0000,97.0000,AG03-UNRESOLVED,ALL5_LEVELS_bet23_to_bet27,294.3122,294.3122,294.3122,392.4162,490.5203,3.000000,3.000000,3.000000,4.000000,5.000000,97.000000,97.000000,97.000000,96.000000,95.000000,5.0,1765.8731,1644.6383,8044.5331,8165.7679,PENDING_AG03,FALSE,NOT_FOR_ENFORCEMENT,9516.0940,164454.1300,9810.4062,9516.0940,294.3122,0.04181848,0.04056393,294.3122,9516.0940,0.04056393,294.3122,294.3122,294.3122,392.4162,490.5203,9516.0940,0.04056393,1765.8731,1644.6383,8044.5331,8165.7679,0.03429115,0.03480794,0.00125455,11.8178,14.9930,0.8676,208.7320,5.3202,4991.3829,240.5957,12.7170,9.8041,2.5818,2.84,3.3563,4.9054,16.007,177.8754,0.2582,0.0,5.636364,62.633151,4.16126,29,188,6,10,0.74390005,0.04181848,0.03860046,0E-8,0.000000,0.722694,0.000000,0.01256549,2026-05-12,2026-08-02,47,1844,580,83,0.566265,1.297104,1.076088,2.479667,,,,,,,,GLOBAL_BASELINE_NO_ENTITY_RANKING,,,NOT_APPLICABLE_GLOBAL_BASELINE,HF9g-P5,,,,X 全窗基线 · 不参与实体赏罚,15059408,1506,A168_HF9F_20260827_0900,2026-08-27 09:00:00
2026-07-16,17529000,1325,0,49.0537784318,3.2530400435,3.2530400435,0.6250000,16,9,0.50208319846288451,0.501437566667,0.6953284661913455,0.6989775650945377,0.6953284661913455,0.00064563179588451,ELIGIBLE,R03b_20260811_FULL_v1,L1_ELIGIBILITY,v2026-08-11,2026-03-21..2026-08-06,baccarat_bet02_101_all_pairs_incl_sentinel,round_win = game_pnl > 0 (decisive only),COMPATIBILITY_ONLY_NOT_PRODUCTION,234594.9955,169540.3402,9810.4062,19851,11308,-0.04181848,-0.03860046,-0.05116595,-0.04181848,-9810.4062,234594.9955,OK,0.0000,294.3122,3.0000,97.0000,AG03-UNRESOLVED,ALL5_LEVELS_bet23_to_bet27,294.3122,294.3122,294.3122,392.4162,490.5203,3.000000,3.000000,3.000000,4.000000,5.000000,97.000000,97.000000,97.000000,96.000000,95.000000,5.0,1765.8731,1644.6383,8044.5331,8165.7679,PENDING_AG03,FALSE,NOT_FOR_ENFORCEMENT,9516.0940,164454.1300,9810.4062,9516.0940,294.3122,0.04181848,0.04056393,294.3122,9516.0940,0.04056393,294.3122,294.3122,294.3122,392.4162,490.5203,9516.0940,0.04056393,1765.8731,1644.6383,8044.5331,8165.7679,0.03429115,0.03480794,0.00125455,11.8178,14.9930,0.8676,208.7320,5.3202,4991.3829,240.5957,12.7170,9.8041,2.5818,2.84,3.3563,4.9054,16.007,177.8754,0.2582,0.0,5.636364,62.633151,4.16126,29,188,6,10,0.74390005,0.04181848,0.03860046,0E-8,0.000000,0.722694,0.000000,0.01256549,2026-05-12,2026-08-02,47,1844,580,83,0.566265,1.297104,1.076088,2.479667,,,,,,,,GLOBAL_BASELINE_NO_ENTITY_RANKING,,,NOT_APPLICABLE_GLOBAL_BASELINE,HF9g-P5,,,,X 全窗基线 · 不参与实体赏罚,15059409,1506,A168_HF9F_20260827_0900,2026-08-27 09:00:00
2026-07-16,17529000,1331,0,11.8761779361,1.2134355717,1.2134355717,1.0000000,4,2,0.50081131363635120,0.499948100000,1.4119206796151662,1.4143603653603398,1.4119206796151662,0.00086321363635120,ELIGIBLE,R03b_20260811_FULL_v1,L1_ELIGIBILITY,v2026-08-11,2026-03-21..2026-08-06,baccarat_bet02_101_all_pairs_incl_sentinel,round_win = game_pnl > 0 (decisive only),COMPATIBILITY_ONLY_NOT_PRODUCTION,234594.9955,169540.3402,9810.4062,19851,11308,-0.04181848,-0.03860046,-0.05116595,-0.04181848,-9810.4062,234594.9955,OK,0.0000,294.3122,3.0000,97.0000,AG03-UNRESOLVED,ALL5_LEVELS_bet23_to_bet27,294.3122,294.3122,294.3122,392.4162,490.5203,3.000000,3.000000,3.000000,4.000000,5.000000,97.000000,97.000000,97.000000,96.000000,95.000000,5.0,1765.8731,1644.6383,8044.5331,8165.7679,PENDING_AG03,FALSE,NOT_FOR_ENFORCEMENT,9516.0940,164454.1300,9810.4062,9516.0940,294.3122,0.04181848,0.04056393,294.3122,9516.0940,0.04056393,294.3122,294.3122,294.3122,392.4162,490.5203,9516.0940,0.04056393,1765.8731,1644.6383,8044.5331,8165.7679,0.03429115,0.03480794,0.00125455,11.8178,14.9930,0.8676,208.7320,5.3202,4991.3829,240.5957,12.7170,9.8041,2.5818,2.84,3.3563,4.9054,16.007,177.8754,0.2582,0.0,5.636364,62.633151,4.16126,29,188,6,10,0.74390005,0.04181848,0.03860046,0E-8,0.000000,0.722694,0.000000,0.01256549,2026-05-12,2026-08-02,47,1844,580,83,0.566265,1.297104,1.076088,2.479667,,,,,,,,GLOBAL_BASELINE_NO_ENTITY_RANKING,,,NOT_APPLICABLE_GLOBAL_BASELINE,HF9g-P5,,,,X 全窗基线 · 不参与实体赏罚,15059410,1506,A168_HF9F_20260827_0900,2026-08-27 09:00:00
2026-07-16,17529000,1354,0,5.9380889681,0.6067177859,0.6067177859,1.0000000,2,1,0.50082235217395230,0.499948100000,0.9983566459565251,1.0001038053877793,0.9983566459565251,0.00087425217395230,ELIGIBLE,R03b_20260811_FULL_v1,L1_ELIGIBILITY,v2026-08-11,2026-03-21..2026-08-06,baccarat_bet02_101_all_pairs_incl_sentinel,round_win = game_pnl > 0 (decisive only),COMPATIBILITY_ONLY_NOT_PRODUCTION,234594.9955,169540.3402,9810.4062,19851,11308,-0.04181848,-0.03860046,-0.05116595,-0.04181848,-9810.4062,234594.9955,OK,0.0000,294.3122,3.0000,97.0000,AG03-UNRESOLVED,ALL5_LEVELS_bet23_to_bet27,294.3122,294.3122,294.3122,392.4162,490.5203,3.000000,3.000000,3.000000,4.000000,5.000000,97.000000,97.000000,97.000000,96.000000,95.000000,5.0,1765.8731,1644.6383,8044.5331,8165.7679,PENDING_AG03,FALSE,NOT_FOR_ENFORCEMENT,9516.0940,164454.1300,9810.4062,9516.0940,294.3122,0.04181848,0.04056393,294.3122,9516.0940,0.04056393,294.3122,294.3122,294.3122,392.4162,490.5203,9516.0940,0.04056393,1765.8731,1644.6383,8044.5331,8165.7679,0.03429115,0.03480794,0.00125455,11.8178,14.9930,0.8676,208.7320,5.3202,4991.3829,240.5957,12.7170,9.8041,2.5818,2.84,3.3563,4.9054,16.007,177.8754,0.2582,0.0,5.636364,62.633151,4.16126,29,188,6,10,0.74390005,0.04181848,0.03860046,0E-8,0.000000,0.722694,0.000000,0.01256549,2026-05-12,2026-08-02,47,1844,580,83,0.566265,1.297104,1.076088,2.479667,,,,,,,,GLOBAL_BASELINE_NO_ENTITY_RANKING,,,NOT_APPLICABLE_GLOBAL_BASELINE,HF9g-P5,,,,X 全窗基线 · 不参与实体赏罚,15059411,1506,A168_HF9F_20260827_0900,2026-08-27 09:00:00
2026-07-16,17529000,1363,0,11.8761779361,0.3356311156,0.3356311156,0.5000000,4,2,0.50081131363635120,0.499948100000,-0.0022947445166727133,0.00014679536856514622,-0.0022947445166727133,0.00086321363635120,ELIGIBLE,R03b_20260811_FULL_v1,L1_ELIGIBILITY,v2026-08-11,2026-03-21..2026-08-06,baccarat_bet02_101_all_pairs_incl_sentinel,round_win = game_pnl > 0 (decisive only),COMPATIBILITY_ONLY_NOT_PRODUCTION,234594.9955,169540.3402,9810.4062,19851,11308,-0.04181848,-0.03860046,-0.05116595,-0.04181848,-9810.4062,234594.9955,OK,0.0000,294.3122,3.0000,97.0000,AG03-UNRESOLVED,ALL5_LEVELS_bet23_to_bet27,294.3122,294.3122,294.3122,392.4162,490.5203,3.000000,3.000000,3.000000,4.000000,5.000000,97.000000,97.000000,97.000000,96.000000,95.000000,5.0,1765.8731,1644.6383,8044.5331,8165.7679,PENDING_AG03,FALSE,NOT_FOR_ENFORCEMENT,9516.0940,164454.1300,9810.4062,9516.0940,294.3122,0.04181848,0.04056393,294.3122,9516.0940,0.04056393,294.3122,294.3122,294.3122,392.4162,490.5203,9516.0940,0.04056393,1765.8731,1644.6383,8044.5331,8165.7679,0.03429115,0.03480794,0.00125455,11.8178,14.9930,0.8676,208.7320,5.3202,4991.3829,240.5957,12.7170,9.8041,2.5818,2.84,3.3563,4.9054,16.007,177.8754,0.2582,0.0,5.636364,62.633151,4.16126,29,188,6,10,0.74390005,0.04181848,0.03860046,0E-8,0.000000,0.722694,0.000000,0.01256549,2026-05-12,2026-08-02,47,1844,580,83,0.566265,1.297104,1.076088,2.479667,,,,,,,,GLOBAL_BASELINE_NO_ENTITY_RANKING,,,NOT_APPLICABLE_GLOBAL_BASELINE,HF9g-P5,,,,X 全窗基线 · 不参与实体赏罚,15059412,1506,A168_HF9F_20260827_0900,2026-08-27 09:00:00
2026-07-16,17529000,1384,0,93.7185345827,7.0998889837,7.0998889837,0.6363636,18,11,0.50303289827471681,0.502385409091,0.8844323335258708,0.8887211338984204,0.8844323335258708,0.00064748918371681,ELIGIBLE,R03b_20260811_FULL_v1,L1_ELIGIBILITY,v2026-08-11,2026-03-21..2026-08-06,baccarat_bet02_101_all_pairs_incl_sentinel,round_win = game_pnl > 0 (decisive only),COMPATIBILITY_ONLY_NOT_PRODUCTION,234594.9955,169540.3402,9810.4062,19851,11308,-0.04181848,-0.03860046,-0.05116595,-0.04181848,-9810.4062,234594.9955,OK,0.0000,294.3122,3.0000,97.0000,AG03-UNRESOLVED,ALL5_LEVELS_bet23_to_bet27,294.3122,294.3122,294.3122,392.4162,490.5203,3.000000,3.000000,3.000000,4.000000,5.000000,97.000000,97.000000,97.000000,96.000000,95.000000,5.0,1765.8731,1644.6383,8044.5331,8165.7679,PENDING_AG03,FALSE,NOT_FOR_ENFORCEMENT,9516.0940,164454.1300,9810.4062,9516.0940,294.3122,0.04181848,0.04056393,294.3122,9516.0940,0.04056393,294.3122,294.3122,294.3122,392.4162,490.5203,9516.0940,0.04056393,1765.8731,1644.6383,8044.5331,8165.7679,0.03429115,0.03480794,0.00125455,11.8178,14.9930,0.8676,208.7320,5.3202,4991.3829,240.5957,12.7170,9.8041,2.5818,2.84,3.3563,4.9054,16.007,177.8754,0.2582,0.0,5.636364,62.633151,4.16126,29,188,6,10,0.74390005,0.04181848,0.03860046,0E-8,0.000000,0.722694,0.000000,0.01256549,2026-05-12,2026-08-02,47,1844,580,83,0.566265,1.297104,1.076088,2.479667,,,,,,,,GLOBAL_BASELINE_NO_ENTITY_RANKING,,,NOT_APPLICABLE_GLOBAL_BASELINE,HF9g-P5,,,,X 全窗基线 · 不参与实体赏罚,15059413,1506,A168_HF9F_20260827_0900,2026-08-27 09:00:00
2026-07-16,17529000,1385,0,5.4217334056,0.1161800016,0.1161800016,1.0000000,2,1,0.50026727142854788,0.499948100000,0.9994655999345988,1.0001038053877793,0.9994655999345988,0.00031917142854788,ELIGIBLE,R03b_20260811_FULL_v1,L1_ELIGIBILITY,v2026-08-11,2026-03-21..2026-08-06,baccarat_bet02_101_all_pairs_incl_sentinel,round_win = game_pnl > 0 (decisive only),COMPATIBILITY_ONLY_NOT_PRODUCTION,234594.9955,169540.3402,9810.4062,19851,11308,-0.04181848,-0.03860046,-0.05116595,-0.04181848,-9810.4062,234594.9955,OK,0.0000,294.3122,3.0000,97.0000,AG03-UNRESOLVED,ALL5_LEVELS_bet23_to_bet27,294.3122,294.3122,294.3122,392.4162,490.5203,3.000000,3.000000,3.000000,4.000000,5.000000,97.000000,97.000000,97.000000,96.000000,95.000000,5.0,1765.8731,1644.6383,8044.5331,8165.7679,PENDING_AG03,FALSE,NOT_FOR_ENFORCEMENT,9516.0940,164454.1300,9810.4062,9516.0940,294.3122,0.04181848,0.04056393,294.3122,9516.0940,0.04056393,294.3122,294.3122,294.3122,392.4162,490.5203,9516.0940,0.04056393,1765.8731,1644.6383,8044.5331,8165.7679,0.03429115,0.03480794,0.00125455,11.8178,14.9930,0.8676,208.7320,5.3202,4991.3829,240.5957,12.7170,9.8041,2.5818,2.84,3.3563,4.9054,16.007,177.8754,0.2582,0.0,5.636364,62.633151,4.16126,29,188,6,10,0.74390005,0.04181848,0.03860046,0E-8,0.000000,0.722694,0.000000,0.01256549,2026-05-12,2026-08-02,47,1844,580,83,0.566265,1.297104,1.076088,2.479667,,,,,,,,GLOBAL_BASELINE_NO_ENTITY_RANKING,,,NOT_APPLICABLE_GLOBAL_BASELINE,HF9g-P5,,,,X 全窗基线 · 不参与实体赏罚,15059414,1506,A168_HF9F_20260827_0900,2026-08-27 09:00:00
2026-07-16,17529000,1400,0,5.4217334056,0.2581777812,0.2581777812,1.0000000,2,1,0.49962892857145212,0.499948100000,1.000742418449597,1.0001038053877793,1.000742418449597,-0.00031917142854788,ELIGIBLE,R03b_20260811_FULL_v1,L1_ELIGIBILITY,v2026-08-11,2026-03-21..2026-08-06,baccarat_bet02_101_all_pairs_incl_sentinel,round_win = game_pnl > 0 (decisive only),COMPATIBILITY_ONLY_NOT_PRODUCTION,234594.9955,169540.3402,9810.4062,19851,11308,-0.04181848,-0.03860046,-0.05116595,-0.04181848,-9810.4062,234594.9955,OK,0.0000,294.3122,3.0000,97.0000,AG03-UNRESOLVED,ALL5_LEVELS_bet23_to_bet27,294.3122,294.3122,294.3122,392.4162,490.5203,3.000000,3.000000,3.000000,4.000000,5.000000,97.000000,97.000000,97.000000,96.000000,95.000000,5.0,1765.8731,1644.6383,8044.5331,8165.7679,PENDING_AG03,FALSE,NOT_FOR_ENFORCEMENT,9516.0940,164454.1300,9810.4062,9516.0940,294.3122,0.04181848,0.04056393,294.3122,9516.0940,0.04056393,294.3122,294.3122,294.3122,392.4162,490.5203,9516.0940,0.04056393,1765.8731,1644.6383,8044.5331,8165.7679,0.03429115,0.03480794,0.00125455,11.8178,14.9930,0.8676,208.7320,5.3202,4991.3829,240.5957,12.7170,9.8041,2.5818,2.84,3.3563,4.9054,16.007,177.8754,0.2582,0.0,5.636364,62.633151,4.16126,29,188,6,10,0.74390005,0.04181848,0.03860046,0E-8,0.000000,0.722694,0.000000,0.01256549,2026-05-12,2026-08-02,47,1844,580,83,0.566265,1.297104,1.076088,2.479667,,,,,,,,GLOBAL_BASELINE_NO_ENTITY_RANKING,,,NOT_APPLICABLE_GLOBAL_BASELINE,HF9g-P5,,,,X 全窗基线 · 不参与实体赏罚,15059415,1506,A168_HF9F_20260827_0900,2026-08-27 09:00:00
2026-07-16,17529000,1490,0,127.2816461415,6.7126223118,6.7126223118,0.1666667,11,8,0.49547534766234597,0.495758975000,-1.610892942167483,-1.6122744661079298,-1.610892942167483,-0.00028362733765403,ELIGIBLE,R03b_20260811_FULL_v1,L1_ELIGIBILITY,v2026-08-11,2026-03-21..2026-08-06,baccarat_bet02_101_all_pairs_incl_sentinel,round_win = game_pnl > 0 (decisive only),COMPATIBILITY_ONLY_NOT_PRODUCTION,234594.9955,169540.3402,9810.4062,19851,11308,-0.04181848,-0.03860046,-0.05116595,-0.04181848,-9810.4062,234594.9955,OK,0.0000,294.3122,3.0000,97.0000,AG03-UNRESOLVED,ALL5_LEVELS_bet23_to_bet27,294.3122,294.3122,294.3122,392.4162,490.5203,3.000000,3.000000,3.000000,4.000000,5.000000,97.000000,97.000000,97.000000,96.000000,95.000000,5.0,1765.8731,1644.6383,8044.5331,8165.7679,PENDING_AG03,FALSE,NOT_FOR_ENFORCEMENT,9516.0940,164454.1300,9810.4062,9516.0940,294.3122,0.04181848,0.04056393,294.3122,9516.0940,0.04056393,294.3122,294.3122,294.3122,392.4162,490.5203,9516.0940,0.04056393,1765.8731,1644.6383,8044.5331,8165.7679,0.03429115,0.03480794,0.00125455,11.8178,14.9930,0.8676,208.7320,5.3202,4991.3829,240.5957,12.7170,9.8041,2.5818,2.84,3.3563,4.9054,16.007,177.8754,0.2582,0.0,5.636364,62.633151,4.16126,29,188,6,10,0.74390005,0.04181848,0.03860046,0E-8,0.000000,0.722694,0.000000,0.01256549,2026-05-12,2026-08-02,47,1844,580,83,0.566265,1.297104,1.076088,2.479667,,,,,,,,GLOBAL_BASELINE_NO_ENTITY_RANKING,,,NOT_APPLICABLE_GLOBAL_BASELINE,HF9g-P5,,,,X 全窗基线 · 不参与实体赏罚,15059416,1506,A168_HF9F_20260827_0900,2026-08-27 09:00:00
2026-07-16,17529000,1505,0,64.5444453050,1.8459711359,1.8459711359,0.6000000,22,11,0.50050609886956868,0.499948100000,0.6292550040854137,0.6327837798637467,0.6292550040854137,0.00055799886956868,ELIGIBLE,R03b_20260811_FULL_v1,L1_ELIGIBILITY,v2026-08-11,2026-03-21..2026-08-06,baccarat_bet02_101_all_pairs_incl_sentinel,round_win = game_pnl > 0 (decisive only),COMPATIBILITY_ONLY_NOT_PRODUCTION,234594.9955,169540.3402,9810.4062,19851,11308,-0.04181848,-0.03860046,-0.05116595,-0.04181848,-9810.4062,234594.9955,OK,0.0000,294.3122,3.0000,97.0000,AG03-UNRESOLVED,ALL5_LEVELS_bet23_to_bet27,294.3122,294.3122,294.3122,392.4162,490.5203,3.000000,3.000000,3.000000,4.000000,5.000000,97.000000,97.000000,97.000000,96.000000,95.000000,5.0,1765.8731,1644.6383,8044.5331,8165.7679,PENDING_AG03,FALSE,NOT_FOR_ENFORCEMENT,9516.0940,164454.1300,9810.4062,9516.0940,294.3122,0.04181848,0.04056393,294.3122,9516.0940,0.04056393,294.3122,294.3122,294.3122,392.4162,490.5203,9516.0940,0.04056393,1765.8731,1644.6383,8044.5331,8165.7679,0.03429115,0.03480794,0.00125455,11.8178,14.9930,0.8676,208.7320,5.3202,4991.3829,240.5957,12.7170,9.8041,2.5818,2.84,3.3563,4.9054,16.007,177.8754,0.2582,0.0,5.636364,62.633151,4.16126,29,188,6,10,0.74390005,0.04181848,0.03860046,0E-8,0.000000,0.722694,0.000000,0.01256549,2026-05-12,2026-08-02,47,1844,580,83,0.566265,1.297104,1.076088,2.479667,,,,,,,,GLOBAL_BASELINE_NO_ENTITY_RANKING,,,NOT_APPLICABLE_GLOBAL_BASELINE,HF9g-P5,,,,X 全窗基线 · 不参与实体赏罚,15059417,1506,A168_HF9F_20260827_0900,2026-08-27 09:00:00
2026-07-16,17529000,1507,0,11.1016445924,0.1032711125,0.1032711125,0.5000000,4,2,0.50041234935061612,0.499948100000,-0.001166300484770956,0.00014679536856514622,-0.001166300484770956,0.00046424935061612,ELIGIBLE,R03b_20260811_FULL_v1,L1_ELIGIBILITY,v2026-08-11,2026-03-21..2026-08-06,baccarat_bet02_101_all_pairs_incl_sentinel,round_win = game_pnl > 0 (decisive only),COMPATIBILITY_ONLY_NOT_PRODUCTION,234594.9955,169540.3402,9810.4062,19851,11308,-0.04181848,-0.03860046,-0.05116595,-0.04181848,-9810.4062,234594.9955,OK,0.0000,294.3122,3.0000,97.0000,AG03-UNRESOLVED,ALL5_LEVELS_bet23_to_bet27,294.3122,294.3122,294.3122,392.4162,490.5203,3.000000,3.000000,3.000000,4.000000,5.000000,97.000000,97.000000,97.000000,96.000000,95.000000,5.0,1765.8731,1644.6383,8044.5331,8165.7679,PENDING_AG03,FALSE,NOT_FOR_ENFORCEMENT,9516.0940,164454.1300,9810.4062,9516.0940,294.3122,0.04181848,0.04056393,294.3122,9516.0940,0.04056393,294.3122,294.3122,294.3122,392.4162,490.5203,9516.0940,0.04056393,1765.8731,1644.6383,8044.5331,8165.7679,0.03429115,0.03480794,0.00125455,11.8178,14.9930,0.8676,208.7320,5.3202,4991.3829,240.5957,12.7170,9.8041,2.5818,2.84,3.3563,4.9054,16.007,177.8754,0.2582,0.0,5.636364,62.633151,4.16126,29,188,6,10,0.74390005,0.04181848,0.03860046,0E-8,0.000000,0.722694,0.000000,0.01256549,2026-05-12,2026-08-02,47,1844,580,83,0.566265,1.297104,1.076088,2.479667,,,,,,,,GLOBAL_BASELINE_NO_ENTITY_RANKING,,,NOT_APPLICABLE_GLOBAL_BASELINE,HF9g-P5,,,,X 全窗基线 · 不参与实体赏罚,15059418,1506,A168_HF9F_20260827_0900,2026-08-27 09:00:00
2026-07-16,17529000,1509,0,1205.9484160792,1182.1960602070,1182.1960602070,0.8000000,8,5,0.49707555714287127,0.497267060000,1.3547424652546278,1.3538830900879013,1.3547424652546278,-0.00019150285712873,ELIGIBLE,R03b_20260811_FULL_v1,L1_ELIGIBILITY,v2026-08-11,2026-03-21..2026-08-06,baccarat_bet02_101_all_pairs_incl_sentinel,round_win = game_pnl > 0 (decisive only),COMPATIBILITY_ONLY_NOT_PRODUCTION,234594.9955,169540.3402,9810.4062,19851,11308,-0.04181848,-0.03860046,-0.05116595,-0.04181848,-9810.4062,234594.9955,OK,0.0000,294.3122,3.0000,97.0000,AG03-UNRESOLVED,ALL5_LEVELS_bet23_to_bet27,294.3122,294.3122,294.3122,392.4162,490.5203,3.000000,3.000000,3.000000,4.000000,5.000000,97.000000,97.000000,97.000000,96.000000,95.000000,5.0,1765.8731,1644.6383,8044.5331,8165.7679,PENDING_AG03,FALSE,NOT_FOR_ENFORCEMENT,9516.0940,164454.1300,9810.4062,9516.0940,294.3122,0.04181848,0.04056393,294.3122,9516.0940,0.04056393,294.3122,294.3122,294.3122,392.4162,490.5203,9516.0940,0.04056393,1765.8731,1644.6383,8044.5331,8165.7679,0.03429115,0.03480794,0.00125455,11.8178,14.9930,0.8676,208.7320,5.3202,4991.3829,240.5957,12.7170,9.8041,2.5818,2.84,3.3563,4.9054,16.007,177.8754,0.2582,0.0,5.636364,62.633151,4.16126,29,188,6,10,0.74390005,0.04181848,0.03860046,0E-8,0.000000,0.722694,0.000000,0.01256549,2026-05-12,2026-08-02,47,1844,580,83,0.566265,1.297104,1.076088,2.479667,,,,,,,,GLOBAL_BASELINE_NO_ENTITY_RANKING,,,NOT_APPLICABLE_GLOBAL_BASELINE,HF9g-P5,,,,X 全窗基线 · 不参与实体赏罚,15059419,1506,A168_HF9F_20260827_0900,2026-08-27 09:00:00
2026-07-16,17529000,1710,0,11.1016445924,-0.3872666718,-0.3872666718,0.5000000,4,2,0.49948385064938388,0.499948100000,0.0014598916015628603,0.00014679536856514622,0.0014598916015628603,-0.00046424935061612,ELIGIBLE,R03b_20260811_FULL_v1,L1_ELIGIBILITY,v2026-08-11,2026-03-21..2026-08-06,baccarat_bet02_101_all_pairs_incl_sentinel,round_win = game_pnl > 0 (decisive only),COMPATIBILITY_ONLY_NOT_PRODUCTION,234594.9955,169540.3402,9810.4062,19851,11308,-0.04181848,-0.03860046,-0.05116595,-0.04181848,-9810.4062,234594.9955,OK,0.0000,294.3122,3.0000,97.0000,AG03-UNRESOLVED,ALL5_LEVELS_bet23_to_bet27,294.3122,294.3122,294.3122,392.4162,490.5203,3.000000,3.000000,3.000000,4.000000,5.000000,97.000000,97.000000,97.000000,96.000000,95.000000,5.0,1765.8731,1644.6383,8044.5331,8165.7679,PENDING_AG03,FALSE,NOT_FOR_ENFORCEMENT,9516.0940,164454.1300,9810.4062,9516.0940,294.3122,0.04181848,0.04056393,294.3122,9516.0940,0.04056393,294.3122,294.3122,294.3122,392.4162,490.5203,9516.0940,0.04056393,1765.8731,1644.6383,8044.5331,8165.7679,0.03429115,0.03480794,0.00125455,11.8178,14.9930,0.8676,208.7320,5.3202,4991.3829,240.5957,12.7170,9.8041,2.5818,2.84,3.3563,4.9054,16.007,177.8754,0.2582,0.0,5.636364,62.633151,4.16126,29,188,6,10,0.74390005,0.04181848,0.03860046,0E-8,0.000000,0.722694,0.000000,0.01256549,2026-05-12,2026-08-02,47,1844,580,83,0.566265,1.297104,1.076088,2.479667,,,,,,,,GLOBAL_BASELINE_NO_ENTITY_RANKING,,,NOT_APPLICABLE_GLOBAL_BASELINE,HF9g-P5,,,,X 全窗基线 · 不参与实体赏罚,15059420,1506,A168_HF9F_20260827_0900,2026-08-27 09:00:00
2026-07-16,17529000,1714,0,61.7044897116,8.0293289960,8.0293289960,0.3333333,8,6,0.50489230185185011,0.504416500000,-0.8405041025884298,-0.838165622096103,-0.8405041025884298,0.00047580185185011,ELIGIBLE,R03b_20260811_FULL_v1,L1_ELIGIBILITY,v2026-08-11,2026-03-21..2026-08-06,baccarat_bet02_101_all_pairs_incl_sentinel,round_win = game_pnl > 0 (decisive only),COMPATIBILITY_ONLY_NOT_PRODUCTION,234594.9955,169540.3402,9810.4062,19851,11308,-0.04181848,-0.03860046,-0.05116595,-0.04181848,-9810.4062,234594.9955,OK,0.0000,294.3122,3.0000,97.0000,AG03-UNRESOLVED,ALL5_LEVELS_bet23_to_bet27,294.3122,294.3122,294.3122,392.4162,490.5203,3.000000,3.000000,3.000000,4.000000,5.000000,97.000000,97.000000,97.000000,96.000000,95.000000,5.0,1765.8731,1644.6383,8044.5331,8165.7679,PENDING_AG03,FALSE,NOT_FOR_ENFORCEMENT,9516.0940,164454.1300,9810.4062,9516.0940,294.3122,0.04181848,0.04056393,294.3122,9516.0940,0.04056393,294.3122,294.3122,294.3122,392.4162,490.5203,9516.0940,0.04056393,1765.8731,1644.6383,8044.5331,8165.7679,0.03429115,0.03480794,0.00125455,11.8178,14.9930,0.8676,208.7320,5.3202,4991.3829,240.5957,12.7170,9.8041,2.5818,2.84,3.3563,4.9054,16.007,177.8754,0.2582,0.0,5.636364,62.633151,4.16126,29,188,6,10,0.74390005,0.04181848,0.03860046,0E-8,0.000000,0.722694,0.000000,0.01256549,2026-05-12,2026-08-02,47,1844,580,83,0.566265,1.297104,1.076088,2.479667,,,,,,,,GLOBAL_BASELINE_NO_ENTITY_RANKING,,,NOT_APPLICABLE_GLOBAL_BASELINE,HF9g-P5,,,,X 全窗基线 · 不参与实体赏罚,15059421,1506,A168_HF9F_20260827_0900,2026-08-27 09:00:00
2026-07-16,17529000,1951,0,62.7372008364,3.6532156045,3.6532156045,0.4545455,20,11,0.50186204415058839,0.501166754545,-0.3138649246366835,-0.30925156065362264,-0.3138649246366835,0.00069528960558839,ELIGIBLE,R03b_20260811_FULL_v1,L1_ELIGIBILITY,v2026-08-11,2026-03-21..2026-08-06,baccarat_bet02_101_all_pairs_incl_sentinel,round_win = game_pnl > 0 (decisive only),COMPATIBILITY_ONLY_NOT_PRODUCTION,234594.9955,169540.3402,9810.4062,19851,11308,-0.04181848,-0.03860046,-0.05116595,-0.04181848,-9810.4062,234594.9955,OK,0.0000,294.3122,3.0000,97.0000,AG03-UNRESOLVED,ALL5_LEVELS_bet23_to_bet27,294.3122,294.3122,294.3122,392.4162,490.5203,3.000000,3.000000,3.000000,4.000000,5.000000,97.000000,97.000000,97.000000,96.000000,95.000000,5.0,1765.8731,1644.6383,8044.5331,8165.7679,PENDING_AG03,FALSE,NOT_FOR_ENFORCEMENT,9516.0940,164454.1300,9810.4062,9516.0940,294.3122,0.04181848,0.04056393,294.3122,9516.0940,0.04056393,294.3122,294.3122,294.3122,392.4162,490.5203,9516.0940,0.04056393,1765.8731,1644.6383,8044.5331,8165.7679,0.03429115,0.03480794,0.00125455,11.8178,14.9930,0.8676,208.7320,5.3202,4991.3829,240.5957,12.7170,9.8041,2.5818,2.84,3.3563,4.9054,16.007,177.8754,0.2582,0.0,5.636364,62.633151,4.16126,29,188,6,10,0.74390005,0.04181848,0.03860046,0E-8,0.000000,0.722694,0.000000,0.01256549,2026-05-12,2026-08-02,47,1844,580,83,0.566265,1.297104,1.076088,2.479667,,,,,,,,GLOBAL_BASELINE_NO_ENTITY_RANKING,,,NOT_APPLICABLE_GLOBAL_BASELINE,HF9g-P5,,,,X 全窗基线 · 不参与实体赏罚,15059422,1506,A168_HF9F_20260827_0900,2026-08-27 09:00:00
2026-07-16,17529000,1963,0,5.6799111868,-0.5163555624,-0.5163555624,0E-7,2,1,0.50055742727268436,0.499948100000,-1.001115476689104,-0.9998962053866608,-1.001115476689104,0.00060932727268436,ELIGIBLE,R03b_20260811_FULL_v1,L1_ELIGIBILITY,v2026-08-11,2026-03-21..2026-08-06,baccarat_bet02_101_all_pairs_incl_sentinel,round_win = game_pnl > 0 (decisive only),COMPATIBILITY_ONLY_NOT_PRODUCTION,234594.9955,169540.3402,9810.4062,19851,11308,-0.04181848,-0.03860046,-0.05116595,-0.04181848,-9810.4062,234594.9955,OK,0.0000,294.3122,3.0000,97.0000,AG03-UNRESOLVED,ALL5_LEVELS_bet23_to_bet27,294.3122,294.3122,294.3122,392.4162,490.5203,3.000000,3.000000,3.000000,4.000000,5.000000,97.000000,97.000000,97.000000,96.000000,95.000000,5.0,1765.8731,1644.6383,8044.5331,8165.7679,PENDING_AG03,FALSE,NOT_FOR_ENFORCEMENT,9516.0940,164454.1300,9810.4062,9516.0940,294.3122,0.04181848,0.04056393,294.3122,9516.0940,0.04056393,294.3122,294.3122,294.3122,392.4162,490.5203,9516.0940,0.04056393,1765.8731,1644.6383,8044.5331,8165.7679,0.03429115,0.03480794,0.00125455,11.8178,14.9930,0.8676,208.7320,5.3202,4991.3829,240.5957,12.7170,9.8041,2.5818,2.84,3.3563,4.9054,16.007,177.8754,0.2582,0.0,5.636364,62.633151,4.16126,29,188,6,10,0.74390005,0.04181848,0.03860046,0E-8,0.000000,0.722694,0.000000,0.01256549,2026-05-12,2026-08-02,47,1844,580,83,0.566265,1.297104,1.076088,2.479667,,,,,,,,GLOBAL_BASELINE_NO_ENTITY_RANKING,,,NOT_APPLICABLE_GLOBAL_BASELINE,HF9g-P5,,,,X 全窗基线 · 不参与实体赏罚,15059423,1506,A168_HF9F_20260827_0900,2026-08-27 09:00:00
2026-07-16,17529000,2103,0,11.3598223736,2.3623266982,2.3623266982,0.5000000,3,2,0.50416825555554131,0.503299400000,-0.011790016771144319,-0.009332315641528947,-0.011790016771144319,0.00086885555554131,ELIGIBLE,R03b_20260811_FULL_v1,L1_ELIGIBILITY,v2026-08-11,2026-03-21..2026-08-06,baccarat_bet02_101_all_pairs_incl_sentinel,round_win = game_pnl > 0 (decisive only),COMPATIBILITY_ONLY_NOT_PRODUCTION,234594.9955,169540.3402,9810.4062,19851,11308,-0.04181848,-0.03860046,-0.05116595,-0.04181848,-9810.4062,234594.9955,OK,0.0000,294.3122,3.0000,97.0000,AG03-UNRESOLVED,ALL5_LEVELS_bet23_to_bet27,294.3122,294.3122,294.3122,392.4162,490.5203,3.000000,3.000000,3.000000,4.000000,5.000000,97.000000,97.000000,97.000000,96.000000,95.000000,5.0,1765.8731,1644.6383,8044.5331,8165.7679,PENDING_AG03,FALSE,NOT_FOR_ENFORCEMENT,9516.0940,164454.1300,9810.4062,9516.0940,294.3122,0.04181848,0.04056393,294.3122,9516.0940,0.04056393,294.3122,294.3122,294.3122,392.4162,490.5203,9516.0940,0.04056393,1765.8731,1644.6383,8044.5331,8165.7679,0.03429115,0.03480794,0.00125455,11.8178,14.9930,0.8676,208.7320,5.3202,4991.3829,240.5957,12.7170,9.8041,2.5818,2.84,3.3563,4.9054,16.007,177.8754,0.2582,0.0,5.636364,62.633151,4.16126,29,188,6,10,0.74390005,0.04181848,0.03860046,0E-8,0.000000,0.722694,0.000000,0.01256549,2026-05-12,2026-08-02,47,1844,580,83,0.566265,1.297104,1.076088,2.479667,,,,,,,,GLOBAL_BASELINE_NO_ENTITY_RANKING,,,NOT_APPLICABLE_GLOBAL_BASELINE,HF9g-P5,,,,X 全窗基线 · 不参与实体赏罚,15059424,1506,A168_HF9F_20260827_0900,2026-08-27 09:00:00
2026-07-16,17529000,2106,0,11.1016445924,0.7745333436,0.7745333436,1.0000000,4,2,0.49948385064938388,0.499948100000,1.415674207496961,1.4143603653603398,1.415674207496961,-0.00046424935061612,ELIGIBLE,R03b_20260811_FULL_v1,L1_ELIGIBILITY,v2026-08-11,2026-03-21..2026-08-06,baccarat_bet02_101_all_pairs_incl_sentinel,round_win = game_pnl > 0 (decisive only),COMPATIBILITY_ONLY_NOT_PRODUCTION,234594.9955,169540.3402,9810.4062,19851,11308,-0.04181848,-0.03860046,-0.05116595,-0.04181848,-9810.4062,234594.9955,OK,0.0000,294.3122,3.0000,97.0000,AG03-UNRESOLVED,ALL5_LEVELS_bet23_to_bet27,294.3122,294.3122,294.3122,392.4162,490.5203,3.000000,3.000000,3.000000,4.000000,5.000000,97.000000,97.000000,97.000000,96.000000,95.000000,5.0,1765.8731,1644.6383,8044.5331,8165.7679,PENDING_AG03,FALSE,NOT_FOR_ENFORCEMENT,9516.0940,164454.1300,9810.4062,9516.0940,294.3122,0.04181848,0.04056393,294.3122,9516.0940,0.04056393,294.3122,294.3122,294.3122,392.4162,490.5203,9516.0940,0.04056393,1765.8731,1644.6383,8044.5331,8165.7679,0.03429115,0.03480794,0.00125455,11.8178,14.9930,0.8676,208.7320,5.3202,4991.3829,240.5957,12.7170,9.8041,2.5818,2.84,3.3563,4.9054,16.007,177.8754,0.2582,0.0,5.636364,62.633151,4.16126,29,188,6,10,0.74390005,0.04181848,0.03860046,0E-8,0.000000,0.722694,0.000000,0.01256549,2026-05-12,2026-08-02,47,1844,580,83,0.566265,1.297104,1.076088,2.479667,,,,,,,,GLOBAL_BASELINE_NO_ENTITY_RANKING,,,NOT_APPLICABLE_GLOBAL_BASELINE,HF9g-P5,,,,X 全窗基线 · 不参与实体赏罚,15059425,1506,A168_HF9F_20260827_0900,2026-08-27 09:00:00
2026-07-16,17529000,2123,0,117.9872460175,11.4889112644,11.4889112644,0.3750000,16,10,0.49740922059428302,0.497267060000,-0.6924604155378545,-0.691657269933519,-0.6924604155378545,0.00014216059428302,ELIGIBLE,R03b_20260811_FULL_v1,L1_ELIGIBILITY,v2026-08-11,2026-03-21..2026-08-06,baccarat_bet02_101_all_pairs_incl_sentinel,round_win = game_pnl > 0 (decisive only),COMPATIBILITY_ONLY_NOT_PRODUCTION,234594.9955,169540.3402,9810.4062,19851,11308,-0.04181848,-0.03860046,-0.05116595,-0.04181848,-9810.4062,234594.9955,OK,0.0000,294.3122,3.0000,97.0000,AG03-UNRESOLVED,ALL5_LEVELS_bet23_to_bet27,294.3122,294.3122,294.3122,392.4162,490.5203,3.000000,3.000000,3.000000,4.000000,5.000000,97.000000,97.000000,97.000000,96.000000,95.000000,5.0,1765.8731,1644.6383,8044.5331,8165.7679,PENDING_AG03,FALSE,NOT_FOR_ENFORCEMENT,9516.0940,164454.1300,9810.4062,9516.0940,294.3122,0.04181848,0.04056393,294.3122,9516.0940,0.04056393,294.3122,294.3122,294.3122,392.4162,490.5203,9516.0940,0.04056393,1765.8731,1644.6383,8044.5331,8165.7679,0.03429115,0.03480794,0.00125455,11.8178,14.9930,0.8676,208.7320,5.3202,4991.3829,240.5957,12.7170,9.8041,2.5818,2.84,3.3563,4.9054,16.007,177.8754,0.2582,0.0,5.636364,62.633151,4.16126,29,188,6,10,0.74390005,0.04181848,0.03860046,0E-8,0.000000,0.722694,0.000000,0.01256549,2026-05-12,2026-08-02,47,1844,580,83,0.566265,1.297104,1.076088,2.479667,,,,,,,,GLOBAL_BASELINE_NO_ENTITY_RANKING,,,NOT_APPLICABLE_GLOBAL_BASELINE,HF9g-P5,,,,X 全窗基线 · 不参与实体赏罚,15059426,1506,A168_HF9F_20260827_0900,2026-08-27 09:00:00
2026-07-16,17529000,2130,0,89.0713345210,3.7435778277,3.7435778277,0.1250000,15,9,0.49897562405510937,0.499203366667,-2.115530037993659,-2.1168165916743296,-2.115530037993659,-0.00022774261189063,ELIGIBLE,R03b_20260811_FULL_v1,L1_ELIGIBILITY,v2026-08-11,2026-03-21..2026-08-06,baccarat_bet02_101_all_pairs_incl_sentinel,round_win = game_pnl > 0 (decisive only),COMPATIBILITY_ONLY_NOT_PRODUCTION,234594.9955,169540.3402,9810.4062,19851,11308,-0.04181848,-0.03860046,-0.05116595,-0.04181848,-9810.4062,234594.9955,OK,0.0000,294.3122,3.0000,97.0000,AG03-UNRESOLVED,ALL5_LEVELS_bet23_to_bet27,294.3122,294.3122,294.3122,392.4162,490.5203,3.000000,3.000000,3.000000,4.000000,5.000000,97.000000,97.000000,97.000000,96.000000,95.000000,5.0,1765.8731,1644.6383,8044.5331,8165.7679,PENDING_AG03,FALSE,NOT_FOR_ENFORCEMENT,9516.0940,164454.1300,9810.4062,9516.0940,294.3122,0.04181848,0.04056393,294.3122,9516.0940,0.04056393,294.3122,294.3122,294.3122,392.4162,490.5203,9516.0940,0.04056393,1765.8731,1644.6383,8044.5331,8165.7679,0.03429115,0.03480794,0.00125455,11.8178,14.9930,0.8676,208.7320,5.3202,4991.3829,240.5957,12.7170,9.8041,2.5818,2.84,3.3563,4.9054,16.007,177.8754,0.2582,0.0,5.636364,62.633151,4.16126,29,188,6,10,0.74390005,0.04181848,0.03860046,0E-8,0.000000,0.722694,0.000000,0.01256549,2026-05-12,2026-08-02,47,1844,580,83,0.566265,1.297104,1.076088,2.479667,,,,,,,,GLOBAL_BASELINE_NO_ENTITY_RANKING,,,NOT_APPLICABLE_GLOBAL_BASELINE,HF9g-P5,,,,X 全窗基线 · 不参与实体赏罚,15059427,1506,A168_HF9F_20260827_0900,2026-08-27 09:00:00
2026-07-16,17529000,2147,0,38.9848449642,2.0525133607,2.0525133607,0.1666667,9,6,0.50339674938830264,0.503299400000,-1.6496718353840638,-1.649192761518943,-1.6496718353840638,0.00009734938830264,ELIGIBLE,R03b_20260811_FULL_v1,L1_ELIGIBILITY,v2026-08-11,2026-03-21..2026-08-06,baccarat_bet02_101_all_pairs_incl_sentinel,round_win = game_pnl > 0 (decisive only),COMPATIBILITY_ONLY_NOT_PRODUCTION,234594.9955,169540.3402,9810.4062,19851,11308,-0.04181848,-0.03860046,-0.05116595,-0.04181848,-9810.4062,234594.9955,OK,0.0000,294.3122,3.0000,97.0000,AG03-UNRESOLVED,ALL5_LEVELS_bet23_to_bet27,294.3122,294.3122,294.3122,392.4162,490.5203,3.000000,3.000000,3.000000,4.000000,5.000000,97.000000,97.000000,97.000000,96.000000,95.000000,5.0,1765.8731,1644.6383,8044.5331,8165.7679,PENDING_AG03,FALSE,NOT_FOR_ENFORCEMENT,9516.0940,164454.1300,9810.4062,9516.0940,294.3122,0.04181848,0.04056393,294.3122,9516.0940,0.04056393,294.3122,294.3122,294.3122,392.4162,490.5203,9516.0940,0.04056393,1765.8731,1644.6383,8044.5331,8165.7679,0.03429115,0.03480794,0.00125455,11.8178,14.9930,0.8676,208.7320,5.3202,4991.3829,240.5957,12.7170,9.8041,2.5818,2.84,3.3563,4.9054,16.007,177.8754,0.2582,0.0,5.636364,62.633151,4.16126,29,188,6,10,0.74390005,0.04181848,0.03860046,0E-8,0.000000,0.722694,0.000000,0.01256549,2026-05-12,2026-08-02,47,1844,580,83,0.566265,1.297104,1.076088,2.479667,,,,,,,,GLOBAL_BASELINE_NO_ENTITY_RANKING,,,NOT_APPLICABLE_GLOBAL_BASELINE,HF9g-P5,,,,X 全窗基线 · 不参与实体赏罚,15059428,1506,A168_HF9F_20260827_0900,2026-08-27 09:00:00
2026-07-16,17529000,2152,0,16.5233779980,0.8778044561,0.8778044561,1.0000000,6,3,0.49993842813852953,0.499948100000,1.732264111887997,1.7322306037746105,1.732264111887997,-0.00000967186147047,ELIGIBLE,R03b_20260811_FULL_v1,L1_ELIGIBILITY,v2026-08-11,2026-03-21..2026-08-06,baccarat_bet02_101_all_pairs_incl_sentinel,round_win = game_pnl > 0 (decisive only),COMPATIBILITY_ONLY_NOT_PRODUCTION,234594.9955,169540.3402,9810.4062,19851,11308,-0.04181848,-0.03860046,-0.05116595,-0.04181848,-9810.4062,234594.9955,OK,0.0000,294.3122,3.0000,97.0000,AG03-UNRESOLVED,ALL5_LEVELS_bet23_to_bet27,294.3122,294.3122,294.3122,392.4162,490.5203,3.000000,3.000000,3.000000,4.000000,5.000000,97.000000,97.000000,97.000000,96.000000,95.000000,5.0,1765.8731,1644.6383,8044.5331,8165.7679,PENDING_AG03,FALSE,NOT_FOR_ENFORCEMENT,9516.0940,164454.1300,9810.4062,9516.0940,294.3122,0.04181848,0.04056393,294.3122,9516.0940,0.04056393,294.3122,294.3122,294.3122,392.4162,490.5203,9516.0940,0.04056393,1765.8731,1644.6383,8044.5331,8165.7679,0.03429115,0.03480794,0.00125455,11.8178,14.9930,0.8676,208.7320,5.3202,4991.3829,240.5957,12.7170,9.8041,2.5818,2.84,3.3563,4.9054,16.007,177.8754,0.2582,0.0,5.636364,62.633151,4.16126,29,188,6,10,0.74390005,0.04181848,0.03860046,0E-8,0.000000,0.722694,0.000000,0.01256549,2026-05-12,2026-08-02,47,1844,580,83,0.566265,1.297104,1.076088,2.479667,,,,,,,,GLOBAL_BASELINE_NO_ENTITY_RANKING,,,NOT_APPLICABLE_GLOBAL_BASELINE,HF9g-P5,,,,X 全窗基线 · 不参与实体赏罚,15059429,1506,A168_HF9F_20260827_0900,2026-08-27 09:00:00
2026-07-16,17529000,2155,0,24.2687114346,1.2263444609,1.2263444609,0.5000000,8,4,0.49994810000000000,0.499948100000,0.00020760000111838688,0.00020760000111838688,0.00020760000111838688,0E-17,ELIGIBLE,R03b_20260811_FULL_v1,L1_ELIGIBILITY,v2026-08-11,2026-03-21..2026-08-06,baccarat_bet02_101_all_pairs_incl_sentinel,round_win = game_pnl > 0 (decisive only),COMPATIBILITY_ONLY_NOT_PRODUCTION,234594.9955,169540.3402,9810.4062,19851,11308,-0.04181848,-0.03860046,-0.05116595,-0.04181848,-9810.4062,234594.9955,OK,0.0000,294.3122,3.0000,97.0000,AG03-UNRESOLVED,ALL5_LEVELS_bet23_to_bet27,294.3122,294.3122,294.3122,392.4162,490.5203,3.000000,3.000000,3.000000,4.000000,5.000000,97.000000,97.000000,97.000000,96.000000,95.000000,5.0,1765.8731,1644.6383,8044.5331,8165.7679,PENDING_AG03,FALSE,NOT_FOR_ENFORCEMENT,9516.0940,164454.1300,9810.4062,9516.0940,294.3122,0.04181848,0.04056393,294.3122,9516.0940,0.04056393,294.3122,294.3122,294.3122,392.4162,490.5203,9516.0940,0.04056393,1765.8731,1644.6383,8044.5331,8165.7679,0.03429115,0.03480794,0.00125455,11.8178,14.9930,0.8676,208.7320,5.3202,4991.3829,240.5957,12.7170,9.8041,2.5818,2.84,3.3563,4.9054,16.007,177.8754,0.2582,0.0,5.636364,62.633151,4.16126,29,188,6,10,0.74390005,0.04181848,0.03860046,0E-8,0.000000,0.722694,0.000000,0.01256549,2026-05-12,2026-08-02,47,1844,580,83,0.566265,1.297104,1.076088,2.479667,,,,,,,,GLOBAL_BASELINE_NO_ENTITY_RANKING,,,NOT_APPLICABLE_GLOBAL_BASELINE,HF9g-P5,,,,X 全窗基线 · 不参与实体赏罚,15059430,1506,A168_HF9F_20260827_0900,2026-08-27 09:00:00
2026-07-16,17529000,2160,0,683.9129424522,-678.3750290450,-678.3750290450,0.3333333,4,3,0.49558609047618263,0.495479700000,-0.5620819401379766,-0.5617144462762695,-0.5620819401379766,0.00010639047618263,ELIGIBLE,R03b_20260811_FULL_v1,L1_ELIGIBILITY,v2026-08-11,2026-03-21..2026-08-06,baccarat_bet02_101_all_pairs_incl_sentinel,round_win = game_pnl > 0 (decisive only),COMPATIBILITY_ONLY_NOT_PRODUCTION,234594.9955,169540.3402,9810.4062,19851,11308,-0.04181848,-0.03860046,-0.05116595,-0.04181848,-9810.4062,234594.9955,OK,0.0000,294.3122,3.0000,97.0000,AG03-UNRESOLVED,ALL5_LEVELS_bet23_to_bet27,294.3122,294.3122,294.3122,392.4162,490.5203,3.000000,3.000000,3.000000,4.000000,5.000000,97.000000,97.000000,97.000000,96.000000,95.000000,5.0,1765.8731,1644.6383,8044.5331,8165.7679,PENDING_AG03,FALSE,NOT_FOR_ENFORCEMENT,9516.0940,164454.1300,9810.4062,9516.0940,294.3122,0.04181848,0.04056393,294.3122,9516.0940,0.04056393,294.3122,294.3122,294.3122,392.4162,490.5203,9516.0940,0.04056393,1765.8731,1644.6383,8044.5331,8165.7679,0.03429115,0.03480794,0.00125455,11.8178,14.9930,0.8676,208.7320,5.3202,4991.3829,240.5957,12.7170,9.8041,2.5818,2.84,3.3563,4.9054,16.007,177.8754,0.2582,0.0,5.636364,62.633151,4.16126,29,188,6,10,0.74390005,0.04181848,0.03860046,0E-8,0.000000,0.722694,0.000000,0.01256549,2026-05-12,2026-08-02,47,1844,580,83,0.566265,1.297104,1.076088,2.479667,,,,,,,,GLOBAL_BASELINE_NO_ENTITY_RANKING,,,NOT_APPLICABLE_GLOBAL_BASELINE,HF9g-P5,,,,X 全窗基线 · 不参与实体赏罚,15059431,1506,A168_HF9F_20260827_0900,2026-08-27 09:00:00
2026-07-16,17529000,2170,0,17.0397335605,0.2065422251,0.2065422251,0.6666667,6,3,0.50054901695839485,0.499948100000,0.5754487655605138,0.5775300591747329,0.5754487655605138,0.00060091695839485,ELIGIBLE,R03b_20260811_FULL_v1,L1_ELIGIBILITY,v2026-08-11,2026-03-21..2026-08-06,baccarat_bet02_101_all_pairs_incl_sentinel,round_win = game_pnl > 0 (decisive only),COMPATIBILITY_ONLY_NOT_PRODUCTION,234594.9955,169540.3402,9810.4062,19851,11308,-0.04181848,-0.03860046,-0.05116595,-0.04181848,-9810.4062,234594.9955,OK,0.0000,294.3122,3.0000,97.0000,AG03-UNRESOLVED,ALL5_LEVELS_bet23_to_bet27,294.3122,294.3122,294.3122,392.4162,490.5203,3.000000,3.000000,3.000000,4.000000,5.000000,97.000000,97.000000,97.000000,96.000000,95.000000,5.0,1765.8731,1644.6383,8044.5331,8165.7679,PENDING_AG03,FALSE,NOT_FOR_ENFORCEMENT,9516.0940,164454.1300,9810.4062,9516.0940,294.3122,0.04181848,0.04056393,294.3122,9516.0940,0.04056393,294.3122,294.3122,294.3122,392.4162,490.5203,9516.0940,0.04056393,1765.8731,1644.6383,8044.5331,8165.7679,0.03429115,0.03480794,0.00125455,11.8178,14.9930,0.8676,208.7320,5.3202,4991.3829,240.5957,12.7170,9.8041,2.5818,2.84,3.3563,4.9054,16.007,177.8754,0.2582,0.0,5.636364,62.633151,4.16126,29,188,6,10,0.74390005,0.04181848,0.03860046,0E-8,0.000000,0.722694,0.000000,0.01256549,2026-05-12,2026-08-02,47,1844,580,83,0.566265,1.297104,1.076088,2.479667,,,,,,,,GLOBAL_BASELINE_NO_ENTITY_RANKING,,,NOT_APPLICABLE_GLOBAL_BASELINE,HF9g-P5,,,,X 全窗基线 · 不参与实体赏罚,15059432,1506,A168_HF9F_20260827_0900,2026-08-27 09:00:00
2026-07-16,17529000,2174,0,16.7815557793,0.3872666719,0.3872666719,0.5000000,6,3,0.49944390165631731,0.499948100000,0.0015728846121134113,0.00014679536856514622,0.0015728846121134113,-0.00050419834368269,ELIGIBLE,R03b_20260811_FULL_v1,L1_ELIGIBILITY,v2026-08-11,2026-03-21..2026-08-06,baccarat_bet02_101_all_pairs_incl_sentinel,round_win = game_pnl > 0 (decisive only),COMPATIBILITY_ONLY_NOT_PRODUCTION,234594.9955,169540.3402,9810.4062,19851,11308,-0.04181848,-0.03860046,-0.05116595,-0.04181848,-9810.4062,234594.9955,OK,0.0000,294.3122,3.0000,97.0000,AG03-UNRESOLVED,ALL5_LEVELS_bet23_to_bet27,294.3122,294.3122,294.3122,392.4162,490.5203,3.000000,3.000000,3.000000,4.000000,5.000000,97.000000,97.000000,97.000000,96.000000,95.000000,5.0,1765.8731,1644.6383,8044.5331,8165.7679,PENDING_AG03,FALSE,NOT_FOR_ENFORCEMENT,9516.0940,164454.1300,9810.4062,9516.0940,294.3122,0.04181848,0.04056393,294.3122,9516.0940,0.04056393,294.3122,294.3122,294.3122,392.4162,490.5203,9516.0940,0.04056393,1765.8731,1644.6383,8044.5331,8165.7679,0.03429115,0.03480794,0.00125455,11.8178,14.9930,0.8676,208.7320,5.3202,4991.3829,240.5957,12.7170,9.8041,2.5818,2.84,3.3563,4.9054,16.007,177.8754,0.2582,0.0,5.636364,62.633151,4.16126,29,188,6,10,0.74390005,0.04181848,0.03860046,0E-8,0.000000,0.722694,0.000000,0.01256549,2026-05-12,2026-08-02,47,1844,580,83,0.566265,1.297104,1.076088,2.479667,,,,,,,,GLOBAL_BASELINE_NO_ENTITY_RANKING,,,NOT_APPLICABLE_GLOBAL_BASELINE,HF9g-P5,,,,X 全窗基线 · 不参与实体赏罚,15059433,1506,A168_HF9F_20260827_0900,2026-08-27 09:00:00
2026-07-16,17529000,2201,0,5.4217334056,0E-10,0E-10,,2,1,0.49962892857145212,0.499948100000,,,,-0.00031917142854788,NO_DECISIVE_ROUND,R03b_20260811_FULL_v1,L1_ELIGIBILITY,v2026-08-11,2026-03-21..2026-08-06,baccarat_bet02_101_all_pairs_incl_sentinel,round_win = game_pnl > 0 (decisive only),COMPATIBILITY_ONLY_NOT_PRODUCTION,234594.9955,169540.3402,9810.4062,19851,11308,-0.04181848,-0.03860046,-0.05116595,-0.04181848,-9810.4062,234594.9955,OK,0.0000,294.3122,3.0000,97.0000,AG03-UNRESOLVED,ALL5_LEVELS_bet23_to_bet27,294.3122,294.3122,294.3122,392.4162,490.5203,3.000000,3.000000,3.000000,4.000000,5.000000,97.000000,97.000000,97.000000,96.000000,95.000000,5.0,1765.8731,1644.6383,8044.5331,8165.7679,PENDING_AG03,FALSE,NOT_FOR_ENFORCEMENT,9516.0940,164454.1300,9810.4062,9516.0940,294.3122,0.04181848,0.04056393,294.3122,9516.0940,0.04056393,294.3122,294.3122,294.3122,392.4162,490.5203,9516.0940,0.04056393,1765.8731,1644.6383,8044.5331,8165.7679,0.03429115,0.03480794,0.00125455,11.8178,14.9930,0.8676,208.7320,5.3202,4991.3829,240.5957,12.7170,9.8041,2.5818,2.84,3.3563,4.9054,16.007,177.8754,0.2582,0.0,5.636364,62.633151,4.16126,29,188,6,10,0.74390005,0.04181848,0.03860046,0E-8,0.000000,0.722694,0.000000,0.01256549,2026-05-12,2026-08-02,47,1844,580,83,0.566265,1.297104,1.076088,2.479667,,,,,,,,GLOBAL_BASELINE_NO_ENTITY_RANKING,,,NOT_APPLICABLE_GLOBAL_BASELINE,HF9g-P5,,,,X 全窗基线 · 不参与实体赏罚,15059434,1506,A168_HF9F_20260827_0900,2026-08-27 09:00:00
2026-07-16,17529000,2221,0,5.9380889681,0.6067177859,0.6067177859,1.0000000,2,1,0.50082235217395230,0.499948100000,0.9983566459565251,1.0001038053877793,0.9983566459565251,0.00087425217395230,ELIGIBLE,R03b_20260811_FULL_v1,L1_ELIGIBILITY,v2026-08-11,2026-03-21..2026-08-06,baccarat_bet02_101_all_pairs_incl_sentinel,round_win = game_pnl > 0 (decisive only),COMPATIBILITY_ONLY_NOT_PRODUCTION,234594.9955,169540.3402,9810.4062,19851,11308,-0.04181848,-0.03860046,-0.05116595,-0.04181848,-9810.4062,234594.9955,OK,0.0000,294.3122,3.0000,97.0000,AG03-UNRESOLVED,ALL5_LEVELS_bet23_to_bet27,294.3122,294.3122,294.3122,392.4162,490.5203,3.000000,3.000000,3.000000,4.000000,5.000000,97.000000,97.000000,97.000000,96.000000,95.000000,5.0,1765.8731,1644.6383,8044.5331,8165.7679,PENDING_AG03,FALSE,NOT_FOR_ENFORCEMENT,9516.0940,164454.1300,9810.4062,9516.0940,294.3122,0.04181848,0.04056393,294.3122,9516.0940,0.04056393,294.3122,294.3122,294.3122,392.4162,490.5203,9516.0940,0.04056393,1765.8731,1644.6383,8044.5331,8165.7679,0.03429115,0.03480794,0.00125455,11.8178,14.9930,0.8676,208.7320,5.3202,4991.3829,240.5957,12.7170,9.8041,2.5818,2.84,3.3563,4.9054,16.007,177.8754,0.2582,0.0,5.636364,62.633151,4.16126,29,188,6,10,0.74390005,0.04181848,0.03860046,0E-8,0.000000,0.722694,0.000000,0.01256549,2026-05-12,2026-08-02,47,1844,580,83,0.566265,1.297104,1.076088,2.479667,,,,,,,,GLOBAL_BASELINE_NO_ENTITY_RANKING,,,NOT_APPLICABLE_GLOBAL_BASELINE,HF9g-P5,,,,X 全窗基线 · 不参与实体赏罚,15059435,1506,A168_HF9F_20260827_0900,2026-08-27 09:00:00
2026-07-16,17529000,2224,0,24.7850669971,1.1488911264,1.1488911264,0.5000000,8,4,0.50099135599017817,0.499948100000,-0.003965431755067511,0.00020760000111838688,-0.003965431755067511,0.00104325599017817,ELIGIBLE,R03b_20260811_FULL_v1,L1_ELIGIBILITY,v2026-08-11,2026-03-21..2026-08-06,baccarat_bet02_101_all_pairs_incl_sentinel,round_win = game_pnl > 0 (decisive only),COMPATIBILITY_ONLY_NOT_PRODUCTION,234594.9955,169540.3402,9810.4062,19851,11308,-0.04181848,-0.03860046,-0.05116595,-0.04181848,-9810.4062,234594.9955,OK,0.0000,294.3122,3.0000,97.0000,AG03-UNRESOLVED,ALL5_LEVELS_bet23_to_bet27,294.3122,294.3122,294.3122,392.4162,490.5203,3.000000,3.000000,3.000000,4.000000,5.000000,97.000000,97.000000,97.000000,96.000000,95.000000,5.0,1765.8731,1644.6383,8044.5331,8165.7679,PENDING_AG03,FALSE,NOT_FOR_ENFORCEMENT,9516.0940,164454.1300,9810.4062,9516.0940,294.3122,0.04181848,0.04056393,294.3122,9516.0940,0.04056393,294.3122,294.3122,294.3122,392.4162,490.5203,9516.0940,0.04056393,1765.8731,1644.6383,8044.5331,8165.7679,0.03429115,0.03480794,0.00125455,11.8178,14.9930,0.8676,208.7320,5.3202,4991.3829,240.5957,12.7170,9.8041,2.5818,2.84,3.3563,4.9054,16.007,177.8754,0.2582,0.0,5.636364,62.633151,4.16126,29,188,6,10,0.74390005,0.04181848,0.03860046,0E-8,0.000000,0.722694,0.000000,0.01256549,2026-05-12,2026-08-02,47,1844,580,83,0.566265,1.297104,1.076088,2.479667,,,,,,,,GLOBAL_BASELINE_NO_ENTITY_RANKING,,,NOT_APPLICABLE_GLOBAL_BASELINE,HF9g-P5,,,,X 全窗基线 · 不参与实体赏罚,15059436,1506,A168_HF9F_20260827_0900,2026-08-27 09:00:00
2026-07-16,17529000,2230,0,38.4684894018,2.0654222498,2.0654222498,0.5000000,12,6,0.50109624340465702,0.499948100000,-0.005370486858578564,0.00025425703667063243,-0.005370486858578564,0.00114814340465702,ELIGIBLE,R03b_20260811_FULL_v1,L1_ELIGIBILITY,v2026-08-11,2026-03-21..2026-08-06,baccarat_bet02_101_all_pairs_incl_sentinel,round_win = game_pnl > 0 (decisive only),COMPATIBILITY_ONLY_NOT_PRODUCTION,234594.9955,169540.3402,9810.4062,19851,11308,-0.04181848,-0.03860046,-0.05116595,-0.04181848,-9810.4062,234594.9955,OK,0.0000,294.3122,3.0000,97.0000,AG03-UNRESOLVED,ALL5_LEVELS_bet23_to_bet27,294.3122,294.3122,294.3122,392.4162,490.5203,3.000000,3.000000,3.000000,4.000000,5.000000,97.000000,97.000000,97.000000,96.000000,95.000000,5.0,1765.8731,1644.6383,8044.5331,8165.7679,PENDING_AG03,FALSE,NOT_FOR_ENFORCEMENT,9516.0940,164454.1300,9810.4062,9516.0940,294.3122,0.04181848,0.04056393,294.3122,9516.0940,0.04056393,294.3122,294.3122,294.3122,392.4162,490.5203,9516.0940,0.04056393,1765.8731,1644.6383,8044.5331,8165.7679,0.03429115,0.03480794,0.00125455,11.8178,14.9930,0.8676,208.7320,5.3202,4991.3829,240.5957,12.7170,9.8041,2.5818,2.84,3.3563,4.9054,16.007,177.8754,0.2582,0.0,5.636364,62.633151,4.16126,29,188,6,10,0.74390005,0.04181848,0.03860046,0E-8,0.000000,0.722694,0.000000,0.01256549,2026-05-12,2026-08-02,47,1844,580,83,0.566265,1.297104,1.076088,2.479667,,,,,,,,GLOBAL_BASELINE_NO_ENTITY_RANKING,,,NOT_APPLICABLE_GLOBAL_BASELINE,HF9g-P5,,,,X 全窗基线 · 不参与实体赏罚,15059437,1506,A168_HF9F_20260827_0900,2026-08-27 09:00:00
2026-07-16,17529000,2233,0,34.8540004646,0.7745333437,0.7745333437,0.5000000,12,6,0.50067832554110617,0.499948100000,-0.003323105968508087,0.00025425703667063243,-0.003323105968508087,0.00073022554110617,ELIGIBLE,R03b_20260811_FULL_v1,L1_ELIGIBILITY,v2026-08-11,2026-03-21..2026-08-06,baccarat_bet02_101_all_pairs_incl_sentinel,round_win = game_pnl > 0 (decisive only),COMPATIBILITY_ONLY_NOT_PRODUCTION,234594.9955,169540.3402,9810.4062,19851,11308,-0.04181848,-0.03860046,-0.05116595,-0.04181848,-9810.4062,234594.9955,OK,0.0000,294.3122,3.0000,97.0000,AG03-UNRESOLVED,ALL5_LEVELS_bet23_to_bet27,294.3122,294.3122,294.3122,392.4162,490.5203,3.000000,3.000000,3.000000,4.000000,5.000000,97.000000,97.000000,97.000000,96.000000,95.000000,5.0,1765.8731,1644.6383,8044.5331,8165.7679,PENDING_AG03,FALSE,NOT_FOR_ENFORCEMENT,9516.0940,164454.1300,9810.4062,9516.0940,294.3122,0.04181848,0.04056393,294.3122,9516.0940,0.04056393,294.3122,294.3122,294.3122,392.4162,490.5203,9516.0940,0.04056393,1765.8731,1644.6383,8044.5331,8165.7679,0.03429115,0.03480794,0.00125455,11.8178,14.9930,0.8676,208.7320,5.3202,4991.3829,240.5957,12.7170,9.8041,2.5818,2.84,3.3563,4.9054,16.007,177.8754,0.2582,0.0,5.636364,62.633151,4.16126,29,188,6,10,0.74390005,0.04181848,0.03860046,0E-8,0.000000,0.722694,0.000000,0.01256549,2026-05-12,2026-08-02,47,1844,580,83,0.566265,1.297104,1.076088,2.479667,,,,,,,,GLOBAL_BASELINE_NO_ENTITY_RANKING,,,NOT_APPLICABLE_GLOBAL_BASELINE,HF9g-P5,,,,X 全窗基线 · 不参与实体赏罚,15059438,1506,A168_HF9F_20260827_0900,2026-08-27 09:00:00
2026-07-16,17529000,2246,0,6.1962667493,-1.0327111249,-1.0327111249,0E-7,2,1,0.50106520000001803,0.499948100000,-1.0021326741443781,-0.9998962053866608,-1.0021326741443781,0.00111710000001803,ELIGIBLE,R03b_20260811_FULL_v1,L1_ELIGIBILITY,v2026-08-11,2026-03-21..2026-08-06,baccarat_bet02_101_all_pairs_incl_sentinel,round_win = game_pnl > 0 (decisive only),COMPATIBILITY_ONLY_NOT_PRODUCTION,234594.9955,169540.3402,9810.4062,19851,11308,-0.04181848,-0.03860046,-0.05116595,-0.04181848,-9810.4062,234594.9955,OK,0.0000,294.3122,3.0000,97.0000,AG03-UNRESOLVED,ALL5_LEVELS_bet23_to_bet27,294.3122,294.3122,294.3122,392.4162,490.5203,3.000000,3.000000,3.000000,4.000000,5.000000,97.000000,97.000000,97.000000,96.000000,95.000000,5.0,1765.8731,1644.6383,8044.5331,8165.7679,PENDING_AG03,FALSE,NOT_FOR_ENFORCEMENT,9516.0940,164454.1300,9810.4062,9516.0940,294.3122,0.04181848,0.04056393,294.3122,9516.0940,0.04056393,294.3122,294.3122,294.3122,392.4162,490.5203,9516.0940,0.04056393,1765.8731,1644.6383,8044.5331,8165.7679,0.03429115,0.03480794,0.00125455,11.8178,14.9930,0.8676,208.7320,5.3202,4991.3829,240.5957,12.7170,9.8041,2.5818,2.84,3.3563,4.9054,16.007,177.8754,0.2582,0.0,5.636364,62.633151,4.16126,29,188,6,10,0.74390005,0.04181848,0.03860046,0E-8,0.000000,0.722694,0.000000,0.01256549,2026-05-12,2026-08-02,47,1844,580,83,0.566265,1.297104,1.076088,2.479667,,,,,,,,GLOBAL_BASELINE_NO_ENTITY_RANKING,,,NOT_APPLICABLE_GLOBAL_BASELINE,HF9g-P5,,,,X 全窗基线 · 不参与实体赏罚,15059439,1506,A168_HF9F_20260827_0900,2026-08-27 09:00:00
2026-07-16,17529000,2251,0,11.3598223737,0.3872666719,0.3872666719,0.5000000,4,2,0.49935138819874991,0.499948100000,0.0018345527556695562,0.00014679536856514622,0.0018345527556695562,-0.00059671180125009,ELIGIBLE,R03b_20260811_FULL_v1,L1_ELIGIBILITY,v2026-08-11,2026-03-21..2026-08-06,baccarat_bet02_101_all_pairs_incl_sentinel,round_win = game_pnl > 0 (decisive only),COMPATIBILITY_ONLY_NOT_PRODUCTION,234594.9955,169540.3402,9810.4062,19851,11308,-0.04181848,-0.03860046,-0.05116595,-0.04181848,-9810.4062,234594.9955,OK,0.0000,294.3122,3.0000,97.0000,AG03-UNRESOLVED,ALL5_LEVELS_bet23_to_bet27,294.3122,294.3122,294.3122,392.4162,490.5203,3.000000,3.000000,3.000000,4.000000,5.000000,97.000000,97.000000,97.000000,96.000000,95.000000,5.0,1765.8731,1644.6383,8044.5331,8165.7679,PENDING_AG03,FALSE,NOT_FOR_ENFORCEMENT,9516.0940,164454.1300,9810.4062,9516.0940,294.3122,0.04181848,0.04056393,294.3122,9516.0940,0.04056393,294.3122,294.3122,294.3122,392.4162,490.5203,9516.0940,0.04056393,1765.8731,1644.6383,8044.5331,8165.7679,0.03429115,0.03480794,0.00125455,11.8178,14.9930,0.8676,208.7320,5.3202,4991.3829,240.5957,12.7170,9.8041,2.5818,2.84,3.3563,4.9054,16.007,177.8754,0.2582,0.0,5.636364,62.633151,4.16126,29,188,6,10,0.74390005,0.04181848,0.03860046,0E-8,0.000000,0.722694,0.000000,0.01256549,2026-05-12,2026-08-02,47,1844,580,83,0.566265,1.297104,1.076088,2.479667,,,,,,,,GLOBAL_BASELINE_NO_ENTITY_RANKING,,,NOT_APPLICABLE_GLOBAL_BASELINE,HF9g-P5,,,,X 全窗基线 · 不参与实体赏罚,15059440,1506,A168_HF9F_20260827_0900,2026-08-27 09:00:00
2026-07-16,17529000,2261,0,203.4440916014,-188.3406914000,-188.3406914000,0E-7,11,8,0.49539258316080215,0.495758975000,-2.802482625573521,-2.8045371527215757,-2.802482625573521,-0.00036639183919785,ELIGIBLE,R03b_20260811_FULL_v1,L1_ELIGIBILITY,v2026-08-11,2026-03-21..2026-08-06,baccarat_bet02_101_all_pairs_incl_sentinel,round_win = game_pnl > 0 (decisive only),COMPATIBILITY_ONLY_NOT_PRODUCTION,234594.9955,169540.3402,9810.4062,19851,11308,-0.04181848,-0.03860046,-0.05116595,-0.04181848,-9810.4062,234594.9955,OK,0.0000,294.3122,3.0000,97.0000,AG03-UNRESOLVED,ALL5_LEVELS_bet23_to_bet27,294.3122,294.3122,294.3122,392.4162,490.5203,3.000000,3.000000,3.000000,4.000000,5.000000,97.000000,97.000000,97.000000,96.000000,95.000000,5.0,1765.8731,1644.6383,8044.5331,8165.7679,PENDING_AG03,FALSE,NOT_FOR_ENFORCEMENT,9516.0940,164454.1300,9810.4062,9516.0940,294.3122,0.04181848,0.04056393,294.3122,9516.0940,0.04056393,294.3122,294.3122,294.3122,392.4162,490.5203,9516.0940,0.04056393,1765.8731,1644.6383,8044.5331,8165.7679,0.03429115,0.03480794,0.00125455,11.8178,14.9930,0.8676,208.7320,5.3202,4991.3829,240.5957,12.7170,9.8041,2.5818,2.84,3.3563,4.9054,16.007,177.8754,0.2582,0.0,5.636364,62.633151,4.16126,29,188,6,10,0.74390005,0.04181848,0.03860046,0E-8,0.000000,0.722694,0.000000,0.01256549,2026-05-12,2026-08-02,47,1844,580,83,0.566265,1.297104,1.076088,2.479667,,,,,,,,GLOBAL_BASELINE_NO_ENTITY_RANKING,,,NOT_APPLICABLE_GLOBAL_BASELINE,HF9g-P5,,,,X 全窗基线 · 不参与实体赏罚,15059441,1506,A168_HF9F_20260827_0900,2026-08-27 09:00:00
2026-07-16,17529000,2266,0,11.1016445924,4.6342911729,4.6342911729,0.5000000,3,2,0.50360406363634218,0.503299400000,-0.010194096179612706,-0.009332315641528947,-0.010194096179612706,0.00030466363634218,ELIGIBLE,R03b_20260811_FULL_v1,L1_ELIGIBILITY,v2026-08-11,2026-03-21..2026-08-06,baccarat_bet02_101_all_pairs_incl_sentinel,round_win = game_pnl > 0 (decisive only),COMPATIBILITY_ONLY_NOT_PRODUCTION,234594.9955,169540.3402,9810.4062,19851,11308,-0.04181848,-0.03860046,-0.05116595,-0.04181848,-9810.4062,234594.9955,OK,0.0000,294.3122,3.0000,97.0000,AG03-UNRESOLVED,ALL5_LEVELS_bet23_to_bet27,294.3122,294.3122,294.3122,392.4162,490.5203,3.000000,3.000000,3.000000,4.000000,5.000000,97.000000,97.000000,97.000000,96.000000,95.000000,5.0,1765.8731,1644.6383,8044.5331,8165.7679,PENDING_AG03,FALSE,NOT_FOR_ENFORCEMENT,9516.0940,164454.1300,9810.4062,9516.0940,294.3122,0.04181848,0.04056393,294.3122,9516.0940,0.04056393,294.3122,294.3122,294.3122,392.4162,490.5203,9516.0940,0.04056393,1765.8731,1644.6383,8044.5331,8165.7679,0.03429115,0.03480794,0.00125455,11.8178,14.9930,0.8676,208.7320,5.3202,4991.3829,240.5957,12.7170,9.8041,2.5818,2.84,3.3563,4.9054,16.007,177.8754,0.2582,0.0,5.636364,62.633151,4.16126,29,188,6,10,0.74390005,0.04181848,0.03860046,0E-8,0.000000,0.722694,0.000000,0.01256549,2026-05-12,2026-08-02,47,1844,580,83,0.566265,1.297104,1.076088,2.479667,,,,,,,,GLOBAL_BASELINE_NO_ENTITY_RANKING,,,NOT_APPLICABLE_GLOBAL_BASELINE,HF9g-P5,,,,X 全窗基线 · 不参与实体赏罚,15059442,1506,A168_HF9F_20260827_0900,2026-08-27 09:00:00
2026-07-16,17529000,2271,0,16.5233779980,-0.4001755608,-0.4001755608,0.5000000,6,3,0.50036399004326004,0.499948100000,-0.0010295195842938013,0.00014679536856514622,-0.0010295195842938013,0.00041589004326004,ELIGIBLE,R03b_20260811_FULL_v1,L1_ELIGIBILITY,v2026-08-11,2026-03-21..2026-08-06,baccarat_bet02_101_all_pairs_incl_sentinel,round_win = game_pnl > 0 (decisive only),COMPATIBILITY_ONLY_NOT_PRODUCTION,234594.9955,169540.3402,9810.4062,19851,11308,-0.04181848,-0.03860046,-0.05116595,-0.04181848,-9810.4062,234594.9955,OK,0.0000,294.3122,3.0000,97.0000,AG03-UNRESOLVED,ALL5_LEVELS_bet23_to_bet27,294.3122,294.3122,294.3122,392.4162,490.5203,3.000000,3.000000,3.000000,4.000000,5.000000,97.000000,97.000000,97.000000,96.000000,95.000000,5.0,1765.8731,1644.6383,8044.5331,8165.7679,PENDING_AG03,FALSE,NOT_FOR_ENFORCEMENT,9516.0940,164454.1300,9810.4062,9516.0940,294.3122,0.04181848,0.04056393,294.3122,9516.0940,0.04056393,294.3122,294.3122,294.3122,392.4162,490.5203,9516.0940,0.04056393,1765.8731,1644.6383,8044.5331,8165.7679,0.03429115,0.03480794,0.00125455,11.8178,14.9930,0.8676,208.7320,5.3202,4991.3829,240.5957,12.7170,9.8041,2.5818,2.84,3.3563,4.9054,16.007,177.8754,0.2582,0.0,5.636364,62.633151,4.16126,29,188,6,10,0.74390005,0.04181848,0.03860046,0E-8,0.000000,0.722694,0.000000,0.01256549,2026-05-12,2026-08-02,47,1844,580,83,0.566265,1.297104,1.076088,2.479667,,,,,,,,GLOBAL_BASELINE_NO_ENTITY_RANKING,,,NOT_APPLICABLE_GLOBAL_BASELINE,HF9g-P5,,,,X 全窗基线 · 不参与实体赏罚,15059443,1506,A168_HF9F_20260827_0900,2026-08-27 09:00:00
2026-07-16,17529000,2280,0,41.3084449953,3.3821289339,3.3821289339,0.5714286,13,7,0.50172120451722999,0.500905614286,0.36885890032173335,0.373173024746908,0.36885890032173335,0.00081559023122999,ELIGIBLE,R03b_20260811_FULL_v1,L1_ELIGIBILITY,v2026-08-11,2026-03-21..2026-08-06,baccarat_bet02_101_all_pairs_incl_sentinel,round_win = game_pnl > 0 (decisive only),COMPATIBILITY_ONLY_NOT_PRODUCTION,234594.9955,169540.3402,9810.4062,19851,11308,-0.04181848,-0.03860046,-0.05116595,-0.04181848,-9810.4062,234594.9955,OK,0.0000,294.3122,3.0000,97.0000,AG03-UNRESOLVED,ALL5_LEVELS_bet23_to_bet27,294.3122,294.3122,294.3122,392.4162,490.5203,3.000000,3.000000,3.000000,4.000000,5.000000,97.000000,97.000000,97.000000,96.000000,95.000000,5.0,1765.8731,1644.6383,8044.5331,8165.7679,PENDING_AG03,FALSE,NOT_FOR_ENFORCEMENT,9516.0940,164454.1300,9810.4062,9516.0940,294.3122,0.04181848,0.04056393,294.3122,9516.0940,0.04056393,294.3122,294.3122,294.3122,392.4162,490.5203,9516.0940,0.04056393,1765.8731,1644.6383,8044.5331,8165.7679,0.03429115,0.03480794,0.00125455,11.8178,14.9930,0.8676,208.7320,5.3202,4991.3829,240.5957,12.7170,9.8041,2.5818,2.84,3.3563,4.9054,16.007,177.8754,0.2582,0.0,5.636364,62.633151,4.16126,29,188,6,10,0.74390005,0.04181848,0.03860046,0E-8,0.000000,0.722694,0.000000,0.01256549,2026-05-12,2026-08-02,47,1844,580,83,0.566265,1.297104,1.076088,2.479667,,,,,,,,GLOBAL_BASELINE_NO_ENTITY_RANKING,,,NOT_APPLICABLE_GLOBAL_BASELINE,HF9g-P5,,,,X 全窗基线 · 不参与实体赏罚,15059444,1506,A168_HF9F_20260827_0900,2026-08-27 09:00:00
2026-07-16,17529000,2281,0,14.9743113108,2.2848733638,2.2848733638,0.6666667,5,3,0.49763295072464476,0.497713900000,0.5855565300997073,0.5852756695216578,0.5855565300997073,-0.00008094927535524,ELIGIBLE,R03b_20260811_FULL_v1,L1_ELIGIBILITY,v2026-08-11,2026-03-21..2026-08-06,baccarat_bet02_101_all_pairs_incl_sentinel,round_win = game_pnl > 0 (decisive only),COMPATIBILITY_ONLY_NOT_PRODUCTION,234594.9955,169540.3402,9810.4062,19851,11308,-0.04181848,-0.03860046,-0.05116595,-0.04181848,-9810.4062,234594.9955,OK,0.0000,294.3122,3.0000,97.0000,AG03-UNRESOLVED,ALL5_LEVELS_bet23_to_bet27,294.3122,294.3122,294.3122,392.4162,490.5203,3.000000,3.000000,3.000000,4.000000,5.000000,97.000000,97.000000,97.000000,96.000000,95.000000,5.0,1765.8731,1644.6383,8044.5331,8165.7679,PENDING_AG03,FALSE,NOT_FOR_ENFORCEMENT,9516.0940,164454.1300,9810.4062,9516.0940,294.3122,0.04181848,0.04056393,294.3122,9516.0940,0.04056393,294.3122,294.3122,294.3122,392.4162,490.5203,9516.0940,0.04056393,1765.8731,1644.6383,8044.5331,8165.7679,0.03429115,0.03480794,0.00125455,11.8178,14.9930,0.8676,208.7320,5.3202,4991.3829,240.5957,12.7170,9.8041,2.5818,2.84,3.3563,4.9054,16.007,177.8754,0.2582,0.0,5.636364,62.633151,4.16126,29,188,6,10,0.74390005,0.04181848,0.03860046,0E-8,0.000000,0.722694,0.000000,0.01256549,2026-05-12,2026-08-02,47,1844,580,83,0.566265,1.297104,1.076088,2.479667,,,,,,,,GLOBAL_BASELINE_NO_ENTITY_RANKING,,,NOT_APPLICABLE_GLOBAL_BASELINE,HF9g-P5,,,,X 全窗基线 · 不参与实体赏罚,15059445,1506,A168_HF9F_20260827_0900,2026-08-27 09:00:00
2026-07-16,17529000,2287,0,19.3633335915,0.8132600108,0.8132600108,0.5000000,6,3,0.50126559442834497,0.499948100000,-0.003579653077347057,0.00014679536856514622,-0.003579653077347057,0.00131749442834497,ELIGIBLE,R03b_20260811_FULL_v1,L1_ELIGIBILITY,v2026-08-11,2026-03-21..2026-08-06,baccarat_bet02_101_all_pairs_incl_sentinel,round_win = game_pnl > 0 (decisive only),COMPATIBILITY_ONLY_NOT_PRODUCTION,234594.9955,169540.3402,9810.4062,19851,11308,-0.04181848,-0.03860046,-0.05116595,-0.04181848,-9810.4062,234594.9955,OK,0.0000,294.3122,3.0000,97.0000,AG03-UNRESOLVED,ALL5_LEVELS_bet23_to_bet27,294.3122,294.3122,294.3122,392.4162,490.5203,3.000000,3.000000,3.000000,4.000000,5.000000,97.000000,97.000000,97.000000,96.000000,95.000000,5.0,1765.8731,1644.6383,8044.5331,8165.7679,PENDING_AG03,FALSE,NOT_FOR_ENFORCEMENT,9516.0940,164454.1300,9810.4062,9516.0940,294.3122,0.04181848,0.04056393,294.3122,9516.0940,0.04056393,294.3122,294.3122,294.3122,392.4162,490.5203,9516.0940,0.04056393,1765.8731,1644.6383,8044.5331,8165.7679,0.03429115,0.03480794,0.00125455,11.8178,14.9930,0.8676,208.7320,5.3202,4991.3829,240.5957,12.7170,9.8041,2.5818,2.84,3.3563,4.9054,16.007,177.8754,0.2582,0.0,5.636364,62.633151,4.16126,29,188,6,10,0.74390005,0.04181848,0.03860046,0E-8,0.000000,0.722694,0.000000,0.01256549,2026-05-12,2026-08-02,47,1844,580,83,0.566265,1.297104,1.076088,2.479667,,,,,,,,GLOBAL_BASELINE_NO_ENTITY_RANKING,,,NOT_APPLICABLE_GLOBAL_BASELINE,HF9g-P5,,,,X 全窗基线 · 不参与实体赏罚,15059446,1506,A168_HF9F_20260827_0900,2026-08-27 09:00:00
2026-07-16,17529000,2288,0,11.1016445924,0.1032711125,0.1032711125,0.5000000,4,2,0.50041234935061612,0.499948100000,-0.001166300484770956,0.00014679536856514622,-0.001166300484770956,0.00046424935061612,ELIGIBLE,R03b_20260811_FULL_v1,L1_ELIGIBILITY,v2026-08-11,2026-03-21..2026-08-06,baccarat_bet02_101_all_pairs_incl_sentinel,round_win = game_pnl > 0 (decisive only),COMPATIBILITY_ONLY_NOT_PRODUCTION,234594.9955,169540.3402,9810.4062,19851,11308,-0.04181848,-0.03860046,-0.05116595,-0.04181848,-9810.4062,234594.9955,OK,0.0000,294.3122,3.0000,97.0000,AG03-UNRESOLVED,ALL5_LEVELS_bet23_to_bet27,294.3122,294.3122,294.3122,392.4162,490.5203,3.000000,3.000000,3.000000,4.000000,5.000000,97.000000,97.000000,97.000000,96.000000,95.000000,5.0,1765.8731,1644.6383,8044.5331,8165.7679,PENDING_AG03,FALSE,NOT_FOR_ENFORCEMENT,9516.0940,164454.1300,9810.4062,9516.0940,294.3122,0.04181848,0.04056393,294.3122,9516.0940,0.04056393,294.3122,294.3122,294.3122,392.4162,490.5203,9516.0940,0.04056393,1765.8731,1644.6383,8044.5331,8165.7679,0.03429115,0.03480794,0.00125455,11.8178,14.9930,0.8676,208.7320,5.3202,4991.3829,240.5957,12.7170,9.8041,2.5818,2.84,3.3563,4.9054,16.007,177.8754,0.2582,0.0,5.636364,62.633151,4.16126,29,188,6,10,0.74390005,0.04181848,0.03860046,0E-8,0.000000,0.722694,0.000000,0.01256549,2026-05-12,2026-08-02,47,1844,580,83,0.566265,1.297104,1.076088,2.479667,,,,,,,,GLOBAL_BASELINE_NO_ENTITY_RANKING,,,NOT_APPLICABLE_GLOBAL_BASELINE,HF9g-P5,,,,X 全窗基线 · 不参与实体赏罚,15059447,1506,A168_HF9F_20260827_0900,2026-08-27 09:00:00
2026-07-16,17529000,529,0,16.7815557792,-0.4130844499,-0.4130844499,0.3333333,6,3,0.50046070865797220,0.499948100000,-0.5789464565614953,-0.5771704854251445,-0.5789464565614953,0.00051260865797220,ELIGIBLE,R03b_20260811_FULL_v1,L1_ELIGIBILITY,v2026-08-11,2026-03-21..2026-08-06,baccarat_bet02_101_all_pairs_incl_sentinel,round_win = game_pnl > 0 (decisive only),COMPATIBILITY_ONLY_NOT_PRODUCTION,234594.9955,169540.3402,9810.4062,19851,11308,-0.04181848,-0.03860046,-0.05116595,-0.04181848,-9810.4062,234594.9955,OK,0.0000,294.3122,3.0000,97.0000,AG03-UNRESOLVED,ALL5_LEVELS_bet23_to_bet27,294.3122,294.3122,294.3122,392.4162,490.5203,3.000000,3.000000,3.000000,4.000000,5.000000,97.000000,97.000000,97.000000,96.000000,95.000000,5.0,1765.8731,1644.6383,8044.5331,8165.7679,PENDING_AG03,FALSE,NOT_FOR_ENFORCEMENT,9516.0940,164454.1300,9810.4062,9516.0940,294.3122,0.04181848,0.04056393,294.3122,9516.0940,0.04056393,294.3122,294.3122,294.3122,392.4162,490.5203,9516.0940,0.04056393,1765.8731,1644.6383,8044.5331,8165.7679,0.03429115,0.03480794,0.00125455,11.8178,14.9930,0.8676,208.7320,5.3202,4991.3829,240.5957,12.7170,9.8041,2.5818,2.84,3.3563,4.9054,16.007,177.8754,0.2582,0.0,5.636364,62.633151,4.16126,29,188,6,10,0.74390005,0.04181848,0.03860046,0E-8,0.000000,0.722694,0.000000,0.01256549,2026-05-12,2026-08-02,47,1844,580,83,0.566265,1.297104,1.076088,2.479667,,,,,,,,GLOBAL_BASELINE_NO_ENTITY_RANKING,,,NOT_APPLICABLE_GLOBAL_BASELINE,HF9g-P5,,,,X 全窗基线 · 不参与实体赏罚,15059448,1506,A168_HF9F_20260827_0900,2026-08-27 09:00:00
2026-07-16,17529000,576,0,13.1670668423,-3.0981333747,-3.0981333747,0E-7,4,2,0.49855345962729632,0.499948100000,-1.4101280296849672,-1.4140667746232096,-1.4101280296849672,-0.00139464037270368,ELIGIBLE,R03b_20260811_FULL_v1,L1_ELIGIBILITY,v2026-08-11,2026-03-21..2026-08-06,baccarat_bet02_101_all_pairs_incl_sentinel,round_win = game_pnl > 0 (decisive only),COMPATIBILITY_ONLY_NOT_PRODUCTION,234594.9955,169540.3402,9810.4062,19851,11308,-0.04181848,-0.03860046,-0.05116595,-0.04181848,-9810.4062,234594.9955,OK,0.0000,294.3122,3.0000,97.0000,AG03-UNRESOLVED,ALL5_LEVELS_bet23_to_bet27,294.3122,294.3122,294.3122,392.4162,490.5203,3.000000,3.000000,3.000000,4.000000,5.000000,97.000000,97.000000,97.000000,96.000000,95.000000,5.0,1765.8731,1644.6383,8044.5331,8165.7679,PENDING_AG03,FALSE,NOT_FOR_ENFORCEMENT,9516.0940,164454.1300,9810.4062,9516.0940,294.3122,0.04181848,0.04056393,294.3122,9516.0940,0.04056393,294.3122,294.3122,294.3122,392.4162,490.5203,9516.0940,0.04056393,1765.8731,1644.6383,8044.5331,8165.7679,0.03429115,0.03480794,0.00125455,11.8178,14.9930,0.8676,208.7320,5.3202,4991.3829,240.5957,12.7170,9.8041,2.5818,2.84,3.3563,4.9054,16.007,177.8754,0.2582,0.0,5.636364,62.633151,4.16126,29,188,6,10,0.74390005,0.04181848,0.03860046,0E-8,0.000000,0.722694,0.000000,0.01256549,2026-05-12,2026-08-02,47,1844,580,83,0.566265,1.297104,1.076088,2.479667,,,,,,,,GLOBAL_BASELINE_NO_ENTITY_RANKING,,,NOT_APPLICABLE_GLOBAL_BASELINE,HF9g-P5,,,,X 全窗基线 · 不参与实体赏罚,15059449,1506,A168_HF9F_20260827_0900,2026-08-27 09:00:00
2026-07-16,17529000,772,0,5.6799111868,0.5163555624,0.5163555624,1.0000000,2,1,0.49933877272731564,0.499948100000,1.0013233301459405,1.0001038053877793,1.0013233301459405,-0.00060932727268436,ELIGIBLE,R03b_20260811_FULL_v1,L1_ELIGIBILITY,v2026-08-11,2026-03-21..2026-08-06,baccarat_bet02_101_all_pairs_incl_sentinel,round_win = game_pnl > 0 (decisive only),COMPATIBILITY_ONLY_NOT_PRODUCTION,234594.9955,169540.3402,9810.4062,19851,11308,-0.04181848,-0.03860046,-0.05116595,-0.04181848,-9810.4062,234594.9955,OK,0.0000,294.3122,3.0000,97.0000,AG03-UNRESOLVED,ALL5_LEVELS_bet23_to_bet27,294.3122,294.3122,294.3122,392.4162,490.5203,3.000000,3.000000,3.000000,4.000000,5.000000,97.000000,97.000000,97.000000,96.000000,95.000000,5.0,1765.8731,1644.6383,8044.5331,8165.7679,PENDING_AG03,FALSE,NOT_FOR_ENFORCEMENT,9516.0940,164454.1300,9810.4062,9516.0940,294.3122,0.04181848,0.04056393,294.3122,9516.0940,0.04056393,294.3122,294.3122,294.3122,392.4162,490.5203,9516.0940,0.04056393,1765.8731,1644.6383,8044.5331,8165.7679,0.03429115,0.03480794,0.00125455,11.8178,14.9930,0.8676,208.7320,5.3202,4991.3829,240.5957,12.7170,9.8041,2.5818,2.84,3.3563,4.9054,16.007,177.8754,0.2582,0.0,5.636364,62.633151,4.16126,29,188,6,10,0.74390005,0.04181848,0.03860046,0E-8,0.000000,0.722694,0.000000,0.01256549,2026-05-12,2026-08-02,47,1844,580,83,0.566265,1.297104,1.076088,2.479667,,,,,,,,GLOBAL_BASELINE_NO_ENTITY_RANKING,,,NOT_APPLICABLE_GLOBAL_BASELINE,HF9g-P5,,,,X 全窗基线 · 不参与实体赏罚,15059450,1506,A168_HF9F_20260827_0900,2026-08-27 09:00:00
2026-07-16,17529000,801,0,111.2746237058,5.7444556322,5.7444556322,0.6470588,36,19,0.50136401447390265,0.500653636842,1.201434644312016,1.207289129308506,1.201434644312016,0.00071037763190265,ELIGIBLE,R03b_20260811_FULL_v1,L1_ELIGIBILITY,v2026-08-11,2026-03-21..2026-08-06,baccarat_bet02_101_all_pairs_incl_sentinel,round_win = game_pnl > 0 (decisive only),COMPATIBILITY_ONLY_NOT_PRODUCTION,234594.9955,169540.3402,9810.4062,19851,11308,-0.04181848,-0.03860046,-0.05116595,-0.04181848,-9810.4062,234594.9955,OK,0.0000,294.3122,3.0000,97.0000,AG03-UNRESOLVED,ALL5_LEVELS_bet23_to_bet27,294.3122,294.3122,294.3122,392.4162,490.5203,3.000000,3.000000,3.000000,4.000000,5.000000,97.000000,97.000000,97.000000,96.000000,95.000000,5.0,1765.8731,1644.6383,8044.5331,8165.7679,PENDING_AG03,FALSE,NOT_FOR_ENFORCEMENT,9516.0940,164454.1300,9810.4062,9516.0940,294.3122,0.04181848,0.04056393,294.3122,9516.0940,0.04056393,294.3122,294.3122,294.3122,392.4162,490.5203,9516.0940,0.04056393,1765.8731,1644.6383,8044.5331,8165.7679,0.03429115,0.03480794,0.00125455,11.8178,14.9930,0.8676,208.7320,5.3202,4991.3829,240.5957,12.7170,9.8041,2.5818,2.84,3.3563,4.9054,16.007,177.8754,0.2582,0.0,5.636364,62.633151,4.16126,29,188,6,10,0.74390005,0.04181848,0.03860046,0E-8,0.000000,0.722694,0.000000,0.01256549,2026-05-12,2026-08-02,47,1844,580,83,0.566265,1.297104,1.076088,2.479667,,,,,,,,GLOBAL_BASELINE_NO_ENTITY_RANKING,,,NOT_APPLICABLE_GLOBAL_BASELINE,HF9g-P5,,,,X 全窗基线 · 不参与实体赏罚,15059451,1506,A168_HF9F_20260827_0900,2026-08-27 09:00:00
2026-07-16,17529000,986,0,17.0397335605,1.2263444608,1.2263444608,1.0000000,6,3,0.50033623600602959,0.499948100000,1.730886443246895,1.7322306037746105,1.730886443246895,0.00038813600602959,ELIGIBLE,R03b_20260811_FULL_v1,L1_ELIGIBILITY,v2026-08-11,2026-03-21..2026-08-06,baccarat_bet02_101_all_pairs_incl_sentinel,round_win = game_pnl > 0 (decisive only),COMPATIBILITY_ONLY_NOT_PRODUCTION,234594.9955,169540.3402,9810.4062,19851,11308,-0.04181848,-0.03860046,-0.05116595,-0.04181848,-9810.4062,234594.9955,OK,0.0000,294.3122,3.0000,97.0000,AG03-UNRESOLVED,ALL5_LEVELS_bet23_to_bet27,294.3122,294.3122,294.3122,392.4162,490.5203,3.000000,3.000000,3.000000,4.000000,5.000000,97.000000,97.000000,97.000000,96.000000,95.000000,5.0,1765.8731,1644.6383,8044.5331,8165.7679,PENDING_AG03,FALSE,NOT_FOR_ENFORCEMENT,9516.0940,164454.1300,9810.4062,9516.0940,294.3122,0.04181848,0.04056393,294.3122,9516.0940,0.04056393,294.3122,294.3122,294.3122,392.4162,490.5203,9516.0940,0.04056393,1765.8731,1644.6383,8044.5331,8165.7679,0.03429115,0.03480794,0.00125455,11.8178,14.9930,0.8676,208.7320,5.3202,4991.3829,240.5957,12.7170,9.8041,2.5818,2.84,3.3563,4.9054,16.007,177.8754,0.2582,0.0,5.636364,62.633151,4.16126,29,188,6,10,0.74390005,0.04181848,0.03860046,0E-8,0.000000,0.722694,0.000000,0.01256549,2026-05-12,2026-08-02,47,1844,580,83,0.566265,1.297104,1.076088,2.479667,,,,,,,,GLOBAL_BASELINE_NO_ENTITY_RANKING,,,NOT_APPLICABLE_GLOBAL_BASELINE,HF9g-P5,,,,X 全窗基线 · 不参与实体赏罚,15059452,1506,A168_HF9F_20260827_0900,2026-08-27 09:00:00
2026-07-16,17529000,987,0,35.6285338084,-0.1290888906,-0.1290888906,0.2000000,9,6,0.49694208545455261,0.496596800000,-1.3279902127977352,-1.3264519390968674,-1.3279902127977352,0.00034528545455261,ELIGIBLE,R03b_20260811_FULL_v1,L1_ELIGIBILITY,v2026-08-11,2026-03-21..2026-08-06,baccarat_bet02_101_all_pairs_incl_sentinel,round_win = game_pnl > 0 (decisive only),COMPATIBILITY_ONLY_NOT_PRODUCTION,234594.9955,169540.3402,9810.4062,19851,11308,-0.04181848,-0.03860046,-0.05116595,-0.04181848,-9810.4062,234594.9955,OK,0.0000,294.3122,3.0000,97.0000,AG03-UNRESOLVED,ALL5_LEVELS_bet23_to_bet27,294.3122,294.3122,294.3122,392.4162,490.5203,3.000000,3.000000,3.000000,4.000000,5.000000,97.000000,97.000000,97.000000,96.000000,95.000000,5.0,1765.8731,1644.6383,8044.5331,8165.7679,PENDING_AG03,FALSE,NOT_FOR_ENFORCEMENT,9516.0940,164454.1300,9810.4062,9516.0940,294.3122,0.04181848,0.04056393,294.3122,9516.0940,0.04056393,294.3122,294.3122,294.3122,392.4162,490.5203,9516.0940,0.04056393,1765.8731,1644.6383,8044.5331,8165.7679,0.03429115,0.03480794,0.00125455,11.8178,14.9930,0.8676,208.7320,5.3202,4991.3829,240.5957,12.7170,9.8041,2.5818,2.84,3.3563,4.9054,16.007,177.8754,0.2582,0.0,5.636364,62.633151,4.16126,29,188,6,10,0.74390005,0.04181848,0.03860046,0E-8,0.000000,0.722694,0.000000,0.01256549,2026-05-12,2026-08-02,47,1844,580,83,0.566265,1.297104,1.076088,2.479667,,,,,,,,GLOBAL_BASELINE_NO_ENTITY_RANKING,,,NOT_APPLICABLE_GLOBAL_BASELINE,HF9g-P5,,,,X 全窗基线 · 不参与实体赏罚,15059453,1506,A168_HF9F_20260827_0900,2026-08-27 09:00:00
2026-07-16,17529000,994,0,13.4252446235,1.3037977951,1.3037977951,0.5000000,4,2,0.50142528470767198,0.499948100000,-0.004031330306481684,0.00014679536856514622,-0.004031330306481684,0.00147718470767198,ELIGIBLE,R03b_20260811_FULL_v1,L1_ELIGIBILITY,v2026-08-11,2026-03-21..2026-08-06,baccarat_bet02_101_all_pairs_incl_sentinel,round_win = game_pnl > 0 (decisive only),COMPATIBILITY_ONLY_NOT_PRODUCTION,234594.9955,169540.3402,9810.4062,19851,11308,-0.04181848,-0.03860046,-0.05116595,-0.04181848,-9810.4062,234594.9955,OK,0.0000,294.3122,3.0000,97.0000,AG03-UNRESOLVED,ALL5_LEVELS_bet23_to_bet27,294.3122,294.3122,294.3122,392.4162,490.5203,3.000000,3.000000,3.000000,4.000000,5.000000,97.000000,97.000000,97.000000,96.000000,95.000000,5.0,1765.8731,1644.6383,8044.5331,8165.7679,PENDING_AG03,FALSE,NOT_FOR_ENFORCEMENT,9516.0940,164454.1300,9810.4062,9516.0940,294.3122,0.04181848,0.04056393,294.3122,9516.0940,0.04056393,294.3122,294.3122,294.3122,392.4162,490.5203,9516.0940,0.04056393,1765.8731,1644.6383,8044.5331,8165.7679,0.03429115,0.03480794,0.00125455,11.8178,14.9930,0.8676,208.7320,5.3202,4991.3829,240.5957,12.7170,9.8041,2.5818,2.84,3.3563,4.9054,16.007,177.8754,0.2582,0.0,5.636364,62.633151,4.16126,29,188,6,10,0.74390005,0.04181848,0.03860046,0E-8,0.000000,0.722694,0.000000,0.01256549,2026-05-12,2026-08-02,47,1844,580,83,0.566265,1.297104,1.076088,2.479667,,,,,,,,GLOBAL_BASELINE_NO_ENTITY_RANKING,,,NOT_APPLICABLE_GLOBAL_BASELINE,HF9g-P5,,,,X 全窗基线 · 不参与实体赏罚,15059454,1506,A168_HF9F_20260827_0900,2026-08-27 09:00:00
2026-07-17,17529000,-1,1,657.8369865478,72.3930498548,72.3930498548,0.5783133,161,87,0.50114726033910271,0.500641472414,1.4060350029003,1.4152483609374555,1.4060350029003,0.00050578792510271,SENTINEL_DEALER,R03b_20260811_FULL_v1,L1_ELIGIBILITY,v2026-08-11,2026-03-21..2026-08-06,baccarat_bet02_101_all_pairs_incl_sentinel,round_win = game_pnl > 0 (decisive only),COMPATIBILITY_ONLY_NOT_PRODUCTION,234594.9955,169540.3402,9810.4062,19851,11308,-0.04181848,-0.03860046,-0.05116595,-0.04181848,-9810.4062,234594.9955,OK,0.0000,294.3122,3.0000,97.0000,AG03-UNRESOLVED,ALL5_LEVELS_bet23_to_bet27,294.3122,294.3122,294.3122,392.4162,490.5203,3.000000,3.000000,3.000000,4.000000,5.000000,97.000000,97.000000,97.000000,96.000000,95.000000,5.0,1765.8731,1644.6383,8044.5331,8165.7679,PENDING_AG03,FALSE,NOT_FOR_ENFORCEMENT,9516.0940,164454.1300,9810.4062,9516.0940,294.3122,0.04181848,0.04056393,294.3122,9516.0940,0.04056393,294.3122,294.3122,294.3122,392.4162,490.5203,9516.0940,0.04056393,1765.8731,1644.6383,8044.5331,8165.7679,0.03429115,0.03480794,0.00125455,11.8178,14.9930,0.8676,208.7320,5.3202,4991.3829,240.5957,12.7170,9.8041,2.5818,2.84,3.3563,4.9054,16.007,177.8754,0.2582,0.0,5.636364,62.633151,4.16126,29,188,6,10,0.74390005,0.04181848,0.03860046,0E-8,0.000000,0.722694,0.000000,0.01256549,2026-05-12,2026-08-02,47,1844,580,83,0.566265,1.297104,1.076088,2.479667,,,,,,,,GLOBAL_BASELINE_NO_ENTITY_RANKING,,,NOT_APPLICABLE_GLOBAL_BASELINE,HF9g-P5,,,,X 全窗基线 · 不参与实体赏罚,15059455,1506,A168_HF9F_20260827_0900,2026-08-27 09:00:00
2026-07-17,17529000,1094,0,20.3960447164,2.5172333669,2.5172333669,0.5000000,7,4,0.50225723590062505,0.501623750000,-0.009029035610898885,-0.006495034249238073,-0.009029035610898885,0.00063348590062505,ELIGIBLE,R03b_20260811_FULL_v1,L1_ELIGIBILITY,v2026-08-11,2026-03-21..2026-08-06,baccarat_bet02_101_all_pairs_incl_sentinel,round_win = game_pnl > 0 (decisive only),COMPATIBILITY_ONLY_NOT_PRODUCTION,234594.9955,169540.3402,9810.4062,19851,11308,-0.04181848,-0.03860046,-0.05116595,-0.04181848,-9810.4062,234594.9955,OK,0.0000,294.3122,3.0000,97.0000,AG03-UNRESOLVED,ALL5_LEVELS_bet23_to_bet27,294.3122,294.3122,294.3122,392.4162,490.5203,3.000000,3.000000,3.000000,4.000000,5.000000,97.000000,97.000000,97.000000,96.000000,95.000000,5.0,1765.8731,1644.6383,8044.5331,8165.7679,PENDING_AG03,FALSE,NOT_FOR_ENFORCEMENT,9516.0940,164454.1300,9810.4062,9516.0940,294.3122,0.04181848,0.04056393,294.3122,9516.0940,0.04056393,294.3122,294.3122,294.3122,392.4162,490.5203,9516.0940,0.04056393,1765.8731,1644.6383,8044.5331,8165.7679,0.03429115,0.03480794,0.00125455,11.8178,14.9930,0.8676,208.7320,5.3202,4991.3829,240.5957,12.7170,9.8041,2.5818,2.84,3.3563,4.9054,16.007,177.8754,0.2582,0.0,5.636364,62.633151,4.16126,29,188,6,10,0.74390005,0.04181848,0.03860046,0E-8,0.000000,0.722694,0.000000,0.01256549,2026-05-12,2026-08-02,47,1844,580,83,0.566265,1.297104,1.076088,2.479667,,,,,,,,GLOBAL_BASELINE_NO_ENTITY_RANKING,,,NOT_APPLICABLE_GLOBAL_BASELINE,HF9g-P5,,,,X 全窗基线 · 不参与实体赏罚,15059456,1506,A168_HF9F_20260827_0900,2026-08-27 09:00:00
2026-07-17,17529000,1151,0,11.1016445924,0.4776288953,0.4776288953,1.0000000,4,2,0.50041234935061612,0.499948100000,1.413047742811653,1.4143603653603398,1.413047742811653,0.00046424935061612,ELIGIBLE,R03b_20260811_FULL_v1,L1_ELIGIBILITY,v2026-08-11,2026-03-21..2026-08-06,baccarat_bet02_101_all_pairs_incl_sentinel,round_win = game_pnl > 0 (decisive only),COMPATIBILITY_ONLY_NOT_PRODUCTION,234594.9955,169540.3402,9810.4062,19851,11308,-0.04181848,-0.03860046,-0.05116595,-0.04181848,-9810.4062,234594.9955,OK,0.0000,294.3122,3.0000,97.0000,AG03-UNRESOLVED,ALL5_LEVELS_bet23_to_bet27,294.3122,294.3122,294.3122,392.4162,490.5203,3.000000,3.000000,3.000000,4.000000,5.000000,97.000000,97.000000,97.000000,96.000000,95.000000,5.0,1765.8731,1644.6383,8044.5331,8165.7679,PENDING_AG03,FALSE,NOT_FOR_ENFORCEMENT,9516.0940,164454.1300,9810.4062,9516.0940,294.3122,0.04181848,0.04056393,294.3122,9516.0940,0.04056393,294.3122,294.3122,294.3122,392.4162,490.5203,9516.0940,0.04056393,1765.8731,1644.6383,8044.5331,8165.7679,0.03429115,0.03480794,0.00125455,11.8178,14.9930,0.8676,208.7320,5.3202,4991.3829,240.5957,12.7170,9.8041,2.5818,2.84,3.3563,4.9054,16.007,177.8754,0.2582,0.0,5.636364,62.633151,4.16126,29,188,6,10,0.74390005,0.04181848,0.03860046,0E-8,0.000000,0.722694,0.000000,0.01256549,2026-05-12,2026-08-02,47,1844,580,83,0.566265,1.297104,1.076088,2.479667,,,,,,,,GLOBAL_BASELINE_NO_ENTITY_RANKING,,,NOT_APPLICABLE_GLOBAL_BASELINE,HF9g-P5,,,,X 全窗基线 · 不参与实体赏罚,15059457,1506,A168_HF9F_20260827_0900,2026-08-27 09:00:00
2026-07-17,17529000,1205,0,5.6799111868,-0.5163555624,-0.5163555624,0E-7,2,1,0.50055742727268436,0.499948100000,-1.001115476689104,-0.9998962053866608,-1.001115476689104,0.00060932727268436,ELIGIBLE,R03b_20260811_FULL_v1,L1_ELIGIBILITY,v2026-08-11,2026-03-21..2026-08-06,baccarat_bet02_101_all_pairs_incl_sentinel,round_win = game_pnl > 0 (decisive only),COMPATIBILITY_ONLY_NOT_PRODUCTION,234594.9955,169540.3402,9810.4062,19851,11308,-0.04181848,-0.03860046,-0.05116595,-0.04181848,-9810.4062,234594.9955,OK,0.0000,294.3122,3.0000,97.0000,AG03-UNRESOLVED,ALL5_LEVELS_bet23_to_bet27,294.3122,294.3122,294.3122,392.4162,490.5203,3.000000,3.000000,3.000000,4.000000,5.000000,97.000000,97.000000,97.000000,96.000000,95.000000,5.0,1765.8731,1644.6383,8044.5331,8165.7679,PENDING_AG03,FALSE,NOT_FOR_ENFORCEMENT,9516.0940,164454.1300,9810.4062,9516.0940,294.3122,0.04181848,0.04056393,294.3122,9516.0940,0.04056393,294.3122,294.3122,294.3122,392.4162,490.5203,9516.0940,0.04056393,1765.8731,1644.6383,8044.5331,8165.7679,0.03429115,0.03480794,0.00125455,11.8178,14.9930,0.8676,208.7320,5.3202,4991.3829,240.5957,12.7170,9.8041,2.5818,2.84,3.3563,4.9054,16.007,177.8754,0.2582,0.0,5.636364,62.633151,4.16126,29,188,6,10,0.74390005,0.04181848,0.03860046,0E-8,0.000000,0.722694,0.000000,0.01256549,2026-05-12,2026-08-02,47,1844,580,83,0.566265,1.297104,1.076088,2.479667,,,,,,,,GLOBAL_BASELINE_NO_ENTITY_RANKING,,,NOT_APPLICABLE_GLOBAL_BASELINE,HF9g-P5,,,,X 全窗基线 · 不参与实体赏罚,15059458,1506,A168_HF9F_20260827_0900,2026-08-27 09:00:00
2026-07-17,17529000,1210,0,27.8832003717,0.7487155656,0.7487155656,0.6666667,10,5,0.49970361216261768,0.499948100000,0.5783770883917563,0.5775300591747329,0.5783770883917563,-0.00024448783738232,ELIGIBLE,R03b_20260811_FULL_v1,L1_ELIGIBILITY,v2026-08-11,2026-03-21..2026-08-06,baccarat_bet02_101_all_pairs_incl_sentinel,round_win = game_pnl > 0 (decisive only),COMPATIBILITY_ONLY_NOT_PRODUCTION,234594.9955,169540.3402,9810.4062,19851,11308,-0.04181848,-0.03860046,-0.05116595,-0.04181848,-9810.4062,234594.9955,OK,0.0000,294.3122,3.0000,97.0000,AG03-UNRESOLVED,ALL5_LEVELS_bet23_to_bet27,294.3122,294.3122,294.3122,392.4162,490.5203,3.000000,3.000000,3.000000,4.000000,5.000000,97.000000,97.000000,97.000000,96.000000,95.000000,5.0,1765.8731,1644.6383,8044.5331,8165.7679,PENDING_AG03,FALSE,NOT_FOR_ENFORCEMENT,9516.0940,164454.1300,9810.4062,9516.0940,294.3122,0.04181848,0.04056393,294.3122,9516.0940,0.04056393,294.3122,294.3122,294.3122,392.4162,490.5203,9516.0940,0.04056393,1765.8731,1644.6383,8044.5331,8165.7679,0.03429115,0.03480794,0.00125455,11.8178,14.9930,0.8676,208.7320,5.3202,4991.3829,240.5957,12.7170,9.8041,2.5818,2.84,3.3563,4.9054,16.007,177.8754,0.2582,0.0,5.636364,62.633151,4.16126,29,188,6,10,0.74390005,0.04181848,0.03860046,0E-8,0.000000,0.722694,0.000000,0.01256549,2026-05-12,2026-08-02,47,1844,580,83,0.566265,1.297104,1.076088,2.479667,,,,,,,,GLOBAL_BASELINE_NO_ENTITY_RANKING,,,NOT_APPLICABLE_GLOBAL_BASELINE,HF9g-P5,,,,X 全窗基线 · 不参与实体赏罚,15059459,1506,A168_HF9F_20260827_0900,2026-08-27 09:00:00
2026-07-17,17529000,1221,0,6.4544445305,-1.2908889061,-1.2908889061,0E-7,2,1,0.50128862000000000,0.499948100000,-1.002580569658824,-0.9998962053866608,-1.002580569658824,0.00134052000000000,ELIGIBLE,R03b_20260811_FULL_v1,L1_ELIGIBILITY,v2026-08-11,2026-03-21..2026-08-06,baccarat_bet02_101_all_pairs_incl_sentinel,round_win = game_pnl > 0 (decisive only),COMPATIBILITY_ONLY_NOT_PRODUCTION,234594.9955,169540.3402,9810.4062,19851,11308,-0.04181848,-0.03860046,-0.05116595,-0.04181848,-9810.4062,234594.9955,OK,0.0000,294.3122,3.0000,97.0000,AG03-UNRESOLVED,ALL5_LEVELS_bet23_to_bet27,294.3122,294.3122,294.3122,392.4162,490.5203,3.000000,3.000000,3.000000,4.000000,5.000000,97.000000,97.000000,97.000000,96.000000,95.000000,5.0,1765.8731,1644.6383,8044.5331,8165.7679,PENDING_AG03,FALSE,NOT_FOR_ENFORCEMENT,9516.0940,164454.1300,9810.4062,9516.0940,294.3122,0.04181848,0.04056393,294.3122,9516.0940,0.04056393,294.3122,294.3122,294.3122,392.4162,490.5203,9516.0940,0.04056393,1765.8731,1644.6383,8044.5331,8165.7679,0.03429115,0.03480794,0.00125455,11.8178,14.9930,0.8676,208.7320,5.3202,4991.3829,240.5957,12.7170,9.8041,2.5818,2.84,3.3563,4.9054,16.007,177.8754,0.2582,0.0,5.636364,62.633151,4.16126,29,188,6,10,0.74390005,0.04181848,0.03860046,0E-8,0.000000,0.722694,0.000000,0.01256549,2026-05-12,2026-08-02,47,1844,580,83,0.566265,1.297104,1.076088,2.479667,,,,,,,,GLOBAL_BASELINE_NO_ENTITY_RANKING,,,NOT_APPLICABLE_GLOBAL_BASELINE,HF9g-P5,,,,X 全窗基线 · 不参与实体赏罚,15059460,1506,A168_HF9F_20260827_0900,2026-08-27 09:00:00
2026-07-17,17529000,1302,0,25.3014225596,1.6394289107,1.6394289107,0.4000000,8,5,0.50314927588933094,0.502629140000,-0.46130673595139415,-0.4589778123240219,-0.46130673595139415,0.00052013588933094,ELIGIBLE,R03b_20260811_FULL_v1,L1_ELIGIBILITY,v2026-08-11,2026-03-21..2026-08-06,baccarat_bet02_101_all_pairs_incl_sentinel,round_win = game_pnl > 0 (decisive only),COMPATIBILITY_ONLY_NOT_PRODUCTION,234594.9955,169540.3402,9810.4062,19851,11308,-0.04181848,-0.03860046,-0.05116595,-0.04181848,-9810.4062,234594.9955,OK,0.0000,294.3122,3.0000,97.0000,AG03-UNRESOLVED,ALL5_LEVELS_bet23_to_bet27,294.3122,294.3122,294.3122,392.4162,490.5203,3.000000,3.000000,3.000000,4.000000,5.000000,97.000000,97.000000,97.000000,96.000000,95.000000,5.0,1765.8731,1644.6383,8044.5331,8165.7679,PENDING_AG03,FALSE,NOT_FOR_ENFORCEMENT,9516.0940,164454.1300,9810.4062,9516.0940,294.3122,0.04181848,0.04056393,294.3122,9516.0940,0.04056393,294.3122,294.3122,294.3122,392.4162,490.5203,9516.0940,0.04056393,1765.8731,1644.6383,8044.5331,8165.7679,0.03429115,0.03480794,0.00125455,11.8178,14.9930,0.8676,208.7320,5.3202,4991.3829,240.5957,12.7170,9.8041,2.5818,2.84,3.3563,4.9054,16.007,177.8754,0.2582,0.0,5.636364,62.633151,4.16126,29,188,6,10,0.74390005,0.04181848,0.03860046,0E-8,0.000000,0.722694,0.000000,0.01256549,2026-05-12,2026-08-02,47,1844,580,83,0.566265,1.297104,1.076088,2.479667,,,,,,,,GLOBAL_BASELINE_NO_ENTITY_RANKING,,,NOT_APPLICABLE_GLOBAL_BASELINE,HF9g-P5,,,,X 全窗基线 · 不参与实体赏罚,15059461,1506,A168_HF9F_20260827_0900,2026-08-27 09:00:00
2026-07-17,17529000,1304,0,56.7991118682,5.0731934009,5.0731934009,0.6250000,17,10,0.50087453537086181,0.500618360000,0.7021607361004532,0.7036093468699679,0.7021607361004532,0.00025617537086181,ELIGIBLE,R03b_20260811_FULL_v1,L1_ELIGIBILITY,v2026-08-11,2026-03-21..2026-08-06,baccarat_bet02_101_all_pairs_incl_sentinel,round_win = game_pnl > 0 (decisive only),COMPATIBILITY_ONLY_NOT_PRODUCTION,234594.9955,169540.3402,9810.4062,19851,11308,-0.04181848,-0.03860046,-0.05116595,-0.04181848,-9810.4062,234594.9955,OK,0.0000,294.3122,3.0000,97.0000,AG03-UNRESOLVED,ALL5_LEVELS_bet23_to_bet27,294.3122,294.3122,294.3122,392.4162,490.5203,3.000000,3.000000,3.000000,4.000000,5.000000,97.000000,97.000000,97.000000,96.000000,95.000000,5.0,1765.8731,1644.6383,8044.5331,8165.7679,PENDING_AG03,FALSE,NOT_FOR_ENFORCEMENT,9516.0940,164454.1300,9810.4062,9516.0940,294.3122,0.04181848,0.04056393,294.3122,9516.0940,0.04056393,294.3122,294.3122,294.3122,392.4162,490.5203,9516.0940,0.04056393,1765.8731,1644.6383,8044.5331,8165.7679,0.03429115,0.03480794,0.00125455,11.8178,14.9930,0.8676,208.7320,5.3202,4991.3829,240.5957,12.7170,9.8041,2.5818,2.84,3.3563,4.9054,16.007,177.8754,0.2582,0.0,5.636364,62.633151,4.16126,29,188,6,10,0.74390005,0.04181848,0.03860046,0E-8,0.000000,0.722694,0.000000,0.01256549,2026-05-12,2026-08-02,47,1844,580,83,0.566265,1.297104,1.076088,2.479667,,,,,,,,GLOBAL_BASELINE_NO_ENTITY_RANKING,,,NOT_APPLICABLE_GLOBAL_BASELINE,HF9g-P5,,,,X 全窗基线 · 不参与实体赏罚,15059462,1506,A168_HF9F_20260827_0900,2026-08-27 09:00:00
2026-07-17,17529000,1306,0,155.1648465131,24.1912581005,24.1912581005,0.7000000,15,10,0.50367465981478689,0.503299400000,1.24170400900642,1.244070912550628,1.24170400900642,0.00037525981478689,ELIGIBLE,R03b_20260811_FULL_v1,L1_ELIGIBILITY,v2026-08-11,2026-03-21..2026-08-06,baccarat_bet02_101_all_pairs_incl_sentinel,round_win = game_pnl > 0 (decisive only),COMPATIBILITY_ONLY_NOT_PRODUCTION,234594.9955,169540.3402,9810.4062,19851,11308,-0.04181848,-0.03860046,-0.05116595,-0.04181848,-9810.4062,234594.9955,OK,0.0000,294.3122,3.0000,97.0000,AG03-UNRESOLVED,ALL5_LEVELS_bet23_to_bet27,294.3122,294.3122,294.3122,392.4162,490.5203,3.000000,3.000000,3.000000,4.000000,5.000000,97.000000,97.000000,97.000000,96.000000,95.000000,5.0,1765.8731,1644.6383,8044.5331,8165.7679,PENDING_AG03,FALSE,NOT_FOR_ENFORCEMENT,9516.0940,164454.1300,9810.4062,9516.0940,294.3122,0.04181848,0.04056393,294.3122,9516.0940,0.04056393,294.3122,294.3122,294.3122,392.4162,490.5203,9516.0940,0.04056393,1765.8731,1644.6383,8044.5331,8165.7679,0.03429115,0.03480794,0.00125455,11.8178,14.9930,0.8676,208.7320,5.3202,4991.3829,240.5957,12.7170,9.8041,2.5818,2.84,3.3563,4.9054,16.007,177.8754,0.2582,0.0,5.636364,62.633151,4.16126,29,188,6,10,0.74390005,0.04181848,0.03860046,0E-8,0.000000,0.722694,0.000000,0.01256549,2026-05-12,2026-08-02,47,1844,580,83,0.566265,1.297104,1.076088,2.479667,,,,,,,,GLOBAL_BASELINE_NO_ENTITY_RANKING,,,NOT_APPLICABLE_GLOBAL_BASELINE,HF9g-P5,,,,X 全窗基线 · 不参与实体赏罚,15059463,1506,A168_HF9F_20260827_0900,2026-08-27 09:00:00
2026-07-17,17529000,1307,0,8.2616889990,1.9363333592,1.9363333592,0.5000000,3,2,0.50360406363634218,0.503299400000,-0.010194096179612706,-0.009332315641528947,-0.010194096179612706,0.00030466363634218,ELIGIBLE,R03b_20260811_FULL_v1,L1_ELIGIBILITY,v2026-08-11,2026-03-21..2026-08-06,baccarat_bet02_101_all_pairs_incl_sentinel,round_win = game_pnl > 0 (decisive only),COMPATIBILITY_ONLY_NOT_PRODUCTION,234594.9955,169540.3402,9810.4062,19851,11308,-0.04181848,-0.03860046,-0.05116595,-0.04181848,-9810.4062,234594.9955,OK,0.0000,294.3122,3.0000,97.0000,AG03-UNRESOLVED,ALL5_LEVELS_bet23_to_bet27,294.3122,294.3122,294.3122,392.4162,490.5203,3.000000,3.000000,3.000000,4.000000,5.000000,97.000000,97.000000,97.000000,96.000000,95.000000,5.0,1765.8731,1644.6383,8044.5331,8165.7679,PENDING_AG03,FALSE,NOT_FOR_ENFORCEMENT,9516.0940,164454.1300,9810.4062,9516.0940,294.3122,0.04181848,0.04056393,294.3122,9516.0940,0.04056393,294.3122,294.3122,294.3122,392.4162,490.5203,9516.0940,0.04056393,1765.8731,1644.6383,8044.5331,8165.7679,0.03429115,0.03480794,0.00125455,11.8178,14.9930,0.8676,208.7320,5.3202,4991.3829,240.5957,12.7170,9.8041,2.5818,2.84,3.3563,4.9054,16.007,177.8754,0.2582,0.0,5.636364,62.633151,4.16126,29,188,6,10,0.74390005,0.04181848,0.03860046,0E-8,0.000000,0.722694,0.000000,0.01256549,2026-05-12,2026-08-02,47,1844,580,83,0.566265,1.297104,1.076088,2.479667,,,,,,,,GLOBAL_BASELINE_NO_ENTITY_RANKING,,,NOT_APPLICABLE_GLOBAL_BASELINE,HF9g-P5,,,,X 全窗基线 · 不参与实体赏罚,15059464,1506,A168_HF9F_20260827_0900,2026-08-27 09:00:00
2026-07-17,17529000,1318,0,13.1670668423,-2.9690444841,-2.9690444841,0E-7,4,2,0.49942771180124862,0.499948100000,-1.4125958121980724,-1.4140667746232096,-1.4125958121980724,-0.00052038819875138,ELIGIBLE,R03b_20260811_FULL_v1,L1_ELIGIBILITY,v2026-08-11,2026-03-21..2026-08-06,baccarat_bet02_101_all_pairs_incl_sentinel,round_win = game_pnl > 0 (decisive only),COMPATIBILITY_ONLY_NOT_PRODUCTION,234594.9955,169540.3402,9810.4062,19851,11308,-0.04181848,-0.03860046,-0.05116595,-0.04181848,-9810.4062,234594.9955,OK,0.0000,294.3122,3.0000,97.0000,AG03-UNRESOLVED,ALL5_LEVELS_bet23_to_bet27,294.3122,294.3122,294.3122,392.4162,490.5203,3.000000,3.000000,3.000000,4.000000,5.000000,97.000000,97.000000,97.000000,96.000000,95.000000,5.0,1765.8731,1644.6383,8044.5331,8165.7679,PENDING_AG03,FALSE,NOT_FOR_ENFORCEMENT,9516.0940,164454.1300,9810.4062,9516.0940,294.3122,0.04181848,0.04056393,294.3122,9516.0940,0.04056393,294.3122,294.3122,294.3122,392.4162,490.5203,9516.0940,0.04056393,1765.8731,1644.6383,8044.5331,8165.7679,0.03429115,0.03480794,0.00125455,11.8178,14.9930,0.8676,208.7320,5.3202,4991.3829,240.5957,12.7170,9.8041,2.5818,2.84,3.3563,4.9054,16.007,177.8754,0.2582,0.0,5.636364,62.633151,4.16126,29,188,6,10,0.74390005,0.04181848,0.03860046,0E-8,0.000000,0.722694,0.000000,0.01256549,2026-05-12,2026-08-02,47,1844,580,83,0.566265,1.297104,1.076088,2.479667,,,,,,,,GLOBAL_BASELINE_NO_ENTITY_RANKING,,,NOT_APPLICABLE_GLOBAL_BASELINE,HF9g-P5,,,,X 全窗基线 · 不参与实体赏罚,15059465,1506,A168_HF9F_20260827_0900,2026-08-27 09:00:00
2026-07-17,17529000,1331,0,57.3154674307,0.7616244546,0.7616244546,0.4444444,20,10,0.50033948799420950,0.499948100000,-0.33537033860286963,-0.33302193512739575,-0.33537033860286963,0.00039138799420950,ELIGIBLE,R03b_20260811_FULL_v1,L1_ELIGIBILITY,v2026-08-11,2026-03-21..2026-08-06,baccarat_bet02_101_all_pairs_incl_sentinel,round_win = game_pnl > 0 (decisive only),COMPATIBILITY_ONLY_NOT_PRODUCTION,234594.9955,169540.3402,9810.4062,19851,11308,-0.04181848,-0.03860046,-0.05116595,-0.04181848,-9810.4062,234594.9955,OK,0.0000,294.3122,3.0000,97.0000,AG03-UNRESOLVED,ALL5_LEVELS_bet23_to_bet27,294.3122,294.3122,294.3122,392.4162,490.5203,3.000000,3.000000,3.000000,4.000000,5.000000,97.000000,97.000000,97.000000,96.000000,95.000000,5.0,1765.8731,1644.6383,8044.5331,8165.7679,PENDING_AG03,FALSE,NOT_FOR_ENFORCEMENT,9516.0940,164454.1300,9810.4062,9516.0940,294.3122,0.04181848,0.04056393,294.3122,9516.0940,0.04056393,294.3122,294.3122,294.3122,392.4162,490.5203,9516.0940,0.04056393,1765.8731,1644.6383,8044.5331,8165.7679,0.03429115,0.03480794,0.00125455,11.8178,14.9930,0.8676,208.7320,5.3202,4991.3829,240.5957,12.7170,9.8041,2.5818,2.84,3.3563,4.9054,16.007,177.8754,0.2582,0.0,5.636364,62.633151,4.16126,29,188,6,10,0.74390005,0.04181848,0.03860046,0E-8,0.000000,0.722694,0.000000,0.01256549,2026-05-12,2026-08-02,47,1844,580,83,0.566265,1.297104,1.076088,2.479667,,,,,,,,GLOBAL_BASELINE_NO_ENTITY_RANKING,,,NOT_APPLICABLE_GLOBAL_BASELINE,HF9g-P5,,,,X 全窗基线 · 不参与实体赏罚,15059466,1506,A168_HF9F_20260827_0900,2026-08-27 09:00:00
2026-07-17,17529000,1363,0,67.9007564607,2.3365089204,2.3365089204,0.7500000,24,12,0.50046029865517320,0.499948100000,1.728862497544341,1.7324103906494044,1.728862497544341,0.00051219865517320,ELIGIBLE,R03b_20260811_FULL_v1,L1_ELIGIBILITY,v2026-08-11,2026-03-21..2026-08-06,baccarat_bet02_101_all_pairs_incl_sentinel,round_win = game_pnl > 0 (decisive only),COMPATIBILITY_ONLY_NOT_PRODUCTION,234594.9955,169540.3402,9810.4062,19851,11308,-0.04181848,-0.03860046,-0.05116595,-0.04181848,-9810.4062,234594.9955,OK,0.0000,294.3122,3.0000,97.0000,AG03-UNRESOLVED,ALL5_LEVELS_bet23_to_bet27,294.3122,294.3122,294.3122,392.4162,490.5203,3.000000,3.000000,3.000000,4.000000,5.000000,97.000000,97.000000,97.000000,96.000000,95.000000,5.0,1765.8731,1644.6383,8044.5331,8165.7679,PENDING_AG03,FALSE,NOT_FOR_ENFORCEMENT,9516.0940,164454.1300,9810.4062,9516.0940,294.3122,0.04181848,0.04056393,294.3122,9516.0940,0.04056393,294.3122,294.3122,294.3122,392.4162,490.5203,9516.0940,0.04056393,1765.8731,1644.6383,8044.5331,8165.7679,0.03429115,0.03480794,0.00125455,11.8178,14.9930,0.8676,208.7320,5.3202,4991.3829,240.5957,12.7170,9.8041,2.5818,2.84,3.3563,4.9054,16.007,177.8754,0.2582,0.0,5.636364,62.633151,4.16126,29,188,6,10,0.74390005,0.04181848,0.03860046,0E-8,0.000000,0.722694,0.000000,0.01256549,2026-05-12,2026-08-02,47,1844,580,83,0.566265,1.297104,1.076088,2.479667,,,,,,,,GLOBAL_BASELINE_NO_ENTITY_RANKING,,,NOT_APPLICABLE_GLOBAL_BASELINE,HF9g-P5,,,,X 全窗基线 · 不参与实体赏罚,15059467,1506,A168_HF9F_20260827_0900,2026-08-27 09:00:00
2026-07-17,17529000,1374,0,20.9124002788,0.1290888906,0.1290888906,0.2500000,7,4,0.49818411743909043,0.498272450000,-0.9927430167781194,-0.9930957276650746,-0.9927430167781194,-0.00008833256090957,ELIGIBLE,R03b_20260811_FULL_v1,L1_ELIGIBILITY,v2026-08-11,2026-03-21..2026-08-06,baccarat_bet02_101_all_pairs_incl_sentinel,round_win = game_pnl > 0 (decisive only),COMPATIBILITY_ONLY_NOT_PRODUCTION,234594.9955,169540.3402,9810.4062,19851,11308,-0.04181848,-0.03860046,-0.05116595,-0.04181848,-9810.4062,234594.9955,OK,0.0000,294.3122,3.0000,97.0000,AG03-UNRESOLVED,ALL5_LEVELS_bet23_to_bet27,294.3122,294.3122,294.3122,392.4162,490.5203,3.000000,3.000000,3.000000,4.000000,5.000000,97.000000,97.000000,97.000000,96.000000,95.000000,5.0,1765.8731,1644.6383,8044.5331,8165.7679,PENDING_AG03,FALSE,NOT_FOR_ENFORCEMENT,9516.0940,164454.1300,9810.4062,9516.0940,294.3122,0.04181848,0.04056393,294.3122,9516.0940,0.04056393,294.3122,294.3122,294.3122,392.4162,490.5203,9516.0940,0.04056393,1765.8731,1644.6383,8044.5331,8165.7679,0.03429115,0.03480794,0.00125455,11.8178,14.9930,0.8676,208.7320,5.3202,4991.3829,240.5957,12.7170,9.8041,2.5818,2.84,3.3563,4.9054,16.007,177.8754,0.2582,0.0,5.636364,62.633151,4.16126,29,188,6,10,0.74390005,0.04181848,0.03860046,0E-8,0.000000,0.722694,0.000000,0.01256549,2026-05-12,2026-08-02,47,1844,580,83,0.566265,1.297104,1.076088,2.479667,,,,,,,,GLOBAL_BASELINE_NO_ENTITY_RANKING,,,NOT_APPLICABLE_GLOBAL_BASELINE,HF9g-P5,,,,X 全窗基线 · 不参与实体赏罚,15059468,1506,A168_HF9F_20260827_0900,2026-08-27 09:00:00
2026-07-17,17529000,1382,0,8.5198667802,2.1945111404,2.1945111404,0.5000000,3,2,0.49629213636365782,0.496596800000,0.010487710463243377,0.009625926164049045,0.010487710463243377,-0.00030466363634218,ELIGIBLE,R03b_20260811_FULL_v1,L1_ELIGIBILITY,v2026-08-11,2026-03-21..2026-08-06,baccarat_bet02_101_all_pairs_incl_sentinel,round_win = game_pnl > 0 (decisive only),COMPATIBILITY_ONLY_NOT_PRODUCTION,234594.9955,169540.3402,9810.4062,19851,11308,-0.04181848,-0.03860046,-0.05116595,-0.04181848,-9810.4062,234594.9955,OK,0.0000,294.3122,3.0000,97.0000,AG03-UNRESOLVED,ALL5_LEVELS_bet23_to_bet27,294.3122,294.3122,294.3122,392.4162,490.5203,3.000000,3.000000,3.000000,4.000000,5.000000,97.000000,97.000000,97.000000,96.000000,95.000000,5.0,1765.8731,1644.6383,8044.5331,8165.7679,PENDING_AG03,FALSE,NOT_FOR_ENFORCEMENT,9516.0940,164454.1300,9810.4062,9516.0940,294.3122,0.04181848,0.04056393,294.3122,9516.0940,0.04056393,294.3122,294.3122,294.3122,392.4162,490.5203,9516.0940,0.04056393,1765.8731,1644.6383,8044.5331,8165.7679,0.03429115,0.03480794,0.00125455,11.8178,14.9930,0.8676,208.7320,5.3202,4991.3829,240.5957,12.7170,9.8041,2.5818,2.84,3.3563,4.9054,16.007,177.8754,0.2582,0.0,5.636364,62.633151,4.16126,29,188,6,10,0.74390005,0.04181848,0.03860046,0E-8,0.000000,0.722694,0.000000,0.01256549,2026-05-12,2026-08-02,47,1844,580,83,0.566265,1.297104,1.076088,2.479667,,,,,,,,GLOBAL_BASELINE_NO_ENTITY_RANKING,,,NOT_APPLICABLE_GLOBAL_BASELINE,HF9g-P5,,,,X 全窗基线 · 不参与实体赏罚,15059469,1506,A168_HF9F_20260827_0900,2026-08-27 09:00:00
2026-07-17,17529000,1399,0,104.5620013940,-1.4199777966,-1.4199777966,0.2857143,31,18,0.49746046484490216,0.498086266667,-1.5845837493802837,-1.5892580235122755,-1.5845837493802837,-0.00062580182209784,ELIGIBLE,R03b_20260811_FULL_v1,L1_ELIGIBILITY,v2026-08-11,2026-03-21..2026-08-06,baccarat_bet02_101_all_pairs_incl_sentinel,round_win = game_pnl > 0 (decisive only),COMPATIBILITY_ONLY_NOT_PRODUCTION,234594.9955,169540.3402,9810.4062,19851,11308,-0.04181848,-0.03860046,-0.05116595,-0.04181848,-9810.4062,234594.9955,OK,0.0000,294.3122,3.0000,97.0000,AG03-UNRESOLVED,ALL5_LEVELS_bet23_to_bet27,294.3122,294.3122,294.3122,392.4162,490.5203,3.000000,3.000000,3.000000,4.000000,5.000000,97.000000,97.000000,97.000000,96.000000,95.000000,5.0,1765.8731,1644.6383,8044.5331,8165.7679,PENDING_AG03,FALSE,NOT_FOR_ENFORCEMENT,9516.0940,164454.1300,9810.4062,9516.0940,294.3122,0.04181848,0.04056393,294.3122,9516.0940,0.04056393,294.3122,294.3122,294.3122,392.4162,490.5203,9516.0940,0.04056393,1765.8731,1644.6383,8044.5331,8165.7679,0.03429115,0.03480794,0.00125455,11.8178,14.9930,0.8676,208.7320,5.3202,4991.3829,240.5957,12.7170,9.8041,2.5818,2.84,3.3563,4.9054,16.007,177.8754,0.2582,0.0,5.636364,62.633151,4.16126,29,188,6,10,0.74390005,0.04181848,0.03860046,0E-8,0.000000,0.722694,0.000000,0.01256549,2026-05-12,2026-08-02,47,1844,580,83,0.566265,1.297104,1.076088,2.479667,,,,,,,,GLOBAL_BASELINE_NO_ENTITY_RANKING,,,NOT_APPLICABLE_GLOBAL_BASELINE,HF9g-P5,,,,X 全窗基线 · 不参与实体赏罚,15059470,1506,A168_HF9F_20260827_0900,2026-08-27 09:00:00
2026-07-17,17529000,1402,0,40.0175560891,4.5310200603,4.5310200603,0.7142857,12,7,0.49981131224490805,0.499948100000,1.1348919415897891,1.134168054123783,1.1348919415897891,-0.00013678775509195,ELIGIBLE,R03b_20260811_FULL_v1,L1_ELIGIBILITY,v2026-08-11,2026-03-21..2026-08-06,baccarat_bet02_101_all_pairs_incl_sentinel,round_win = game_pnl > 0 (decisive only),COMPATIBILITY_ONLY_NOT_PRODUCTION,234594.9955,169540.3402,9810.4062,19851,11308,-0.04181848,-0.03860046,-0.05116595,-0.04181848,-9810.4062,234594.9955,OK,0.0000,294.3122,3.0000,97.0000,AG03-UNRESOLVED,ALL5_LEVELS_bet23_to_bet27,294.3122,294.3122,294.3122,392.4162,490.5203,3.000000,3.000000,3.000000,4.000000,5.000000,97.000000,97.000000,97.000000,96.000000,95.000000,5.0,1765.8731,1644.6383,8044.5331,8165.7679,PENDING_AG03,FALSE,NOT_FOR_ENFORCEMENT,9516.0940,164454.1300,9810.4062,9516.0940,294.3122,0.04181848,0.04056393,294.3122,9516.0940,0.04056393,294.3122,294.3122,294.3122,392.4162,490.5203,9516.0940,0.04056393,1765.8731,1644.6383,8044.5331,8165.7679,0.03429115,0.03480794,0.00125455,11.8178,14.9930,0.8676,208.7320,5.3202,4991.3829,240.5957,12.7170,9.8041,2.5818,2.84,3.3563,4.9054,16.007,177.8754,0.2582,0.0,5.636364,62.633151,4.16126,29,188,6,10,0.74390005,0.04181848,0.03860046,0E-8,0.000000,0.722694,0.000000,0.01256549,2026-05-12,2026-08-02,47,1844,580,83,0.566265,1.297104,1.076088,2.479667,,,,,,,,GLOBAL_BASELINE_NO_ENTITY_RANKING,,,NOT_APPLICABLE_GLOBAL_BASELINE,HF9g-P5,,,,X 全窗基线 · 不参与实体赏罚,15059471,1506,A168_HF9F_20260827_0900,2026-08-27 09:00:00
2026-07-17,17529000,1485,0,22.2032891848,0.2581777812,0.2581777812,0.5000000,8,4,0.49964343636365782,0.499948100000,0.0010085145171686756,0.00014679536856514622,0.0010085145171686756,-0.00030466363634218,ELIGIBLE,R03b_20260811_FULL_v1,L1_ELIGIBILITY,v2026-08-11,2026-03-21..2026-08-06,baccarat_bet02_101_all_pairs_incl_sentinel,round_win = game_pnl > 0 (decisive only),COMPATIBILITY_ONLY_NOT_PRODUCTION,234594.9955,169540.3402,9810.4062,19851,11308,-0.04181848,-0.03860046,-0.05116595,-0.04181848,-9810.4062,234594.9955,OK,0.0000,294.3122,3.0000,97.0000,AG03-UNRESOLVED,ALL5_LEVELS_bet23_to_bet27,294.3122,294.3122,294.3122,392.4162,490.5203,3.000000,3.000000,3.000000,4.000000,5.000000,97.000000,97.000000,97.000000,96.000000,95.000000,5.0,1765.8731,1644.6383,8044.5331,8165.7679,PENDING_AG03,FALSE,NOT_FOR_ENFORCEMENT,9516.0940,164454.1300,9810.4062,9516.0940,294.3122,0.04181848,0.04056393,294.3122,9516.0940,0.04056393,294.3122,294.3122,294.3122,392.4162,490.5203,9516.0940,0.04056393,1765.8731,1644.6383,8044.5331,8165.7679,0.03429115,0.03480794,0.00125455,11.8178,14.9930,0.8676,208.7320,5.3202,4991.3829,240.5957,12.7170,9.8041,2.5818,2.84,3.3563,4.9054,16.007,177.8754,0.2582,0.0,5.636364,62.633151,4.16126,29,188,6,10,0.74390005,0.04181848,0.03860046,0E-8,0.000000,0.722694,0.000000,0.01256549,2026-05-12,2026-08-02,47,1844,580,83,0.566265,1.297104,1.076088,2.479667,,,,,,,,GLOBAL_BASELINE_NO_ENTITY_RANKING,,,NOT_APPLICABLE_GLOBAL_BASELINE,HF9g-P5,,,,X 全窗基线 · 不参与实体赏罚,15059472,1506,A168_HF9F_20260827_0900,2026-08-27 09:00:00
2026-07-17,17529000,1490,0,16.7815557793,0.8390777891,0.8390777891,1.0000000,6,3,0.50045229834368269,0.499948100000,1.7304847081697832,1.7322306037746105,1.7304847081697832,0.00050419834368269,ELIGIBLE,R03b_20260811_FULL_v1,L1_ELIGIBILITY,v2026-08-11,2026-03-21..2026-08-06,baccarat_bet02_101_all_pairs_incl_sentinel,round_win = game_pnl > 0 (decisive only),COMPATIBILITY_ONLY_NOT_PRODUCTION,234594.9955,169540.3402,9810.4062,19851,11308,-0.04181848,-0.03860046,-0.05116595,-0.04181848,-9810.4062,234594.9955,OK,0.0000,294.3122,3.0000,97.0000,AG03-UNRESOLVED,ALL5_LEVELS_bet23_to_bet27,294.3122,294.3122,294.3122,392.4162,490.5203,3.000000,3.000000,3.000000,4.000000,5.000000,97.000000,97.000000,97.000000,96.000000,95.000000,5.0,1765.8731,1644.6383,8044.5331,8165.7679,PENDING_AG03,FALSE,NOT_FOR_ENFORCEMENT,9516.0940,164454.1300,9810.4062,9516.0940,294.3122,0.04181848,0.04056393,294.3122,9516.0940,0.04056393,294.3122,294.3122,294.3122,392.4162,490.5203,9516.0940,0.04056393,1765.8731,1644.6383,8044.5331,8165.7679,0.03429115,0.03480794,0.00125455,11.8178,14.9930,0.8676,208.7320,5.3202,4991.3829,240.5957,12.7170,9.8041,2.5818,2.84,3.3563,4.9054,16.007,177.8754,0.2582,0.0,5.636364,62.633151,4.16126,29,188,6,10,0.74390005,0.04181848,0.03860046,0E-8,0.000000,0.722694,0.000000,0.01256549,2026-05-12,2026-08-02,47,1844,580,83,0.566265,1.297104,1.076088,2.479667,,,,,,,,GLOBAL_BASELINE_NO_ENTITY_RANKING,,,NOT_APPLICABLE_GLOBAL_BASELINE,HF9g-P5,,,,X 全窗基线 · 不参与实体赏罚,15059473,1506,A168_HF9F_20260827_0900,2026-08-27 09:00:00
2026-07-17,17529000,1505,0,18.0724446854,2.0654222498,2.0654222498,1.0000000,6,3,0.50087369714285530,0.499948100000,1.7290268715810906,1.7322306037746105,1.7290268715810906,0.00092559714285530,ELIGIBLE,R03b_20260811_FULL_v1,L1_ELIGIBILITY,v2026-08-11,2026-03-21..2026-08-06,baccarat_bet02_101_all_pairs_incl_sentinel,round_win = game_pnl > 0 (decisive only),COMPATIBILITY_ONLY_NOT_PRODUCTION,234594.9955,169540.3402,9810.4062,19851,11308,-0.04181848,-0.03860046,-0.05116595,-0.04181848,-9810.4062,234594.9955,OK,0.0000,294.3122,3.0000,97.0000,AG03-UNRESOLVED,ALL5_LEVELS_bet23_to_bet27,294.3122,294.3122,294.3122,392.4162,490.5203,3.000000,3.000000,3.000000,4.000000,5.000000,97.000000,97.000000,97.000000,96.000000,95.000000,5.0,1765.8731,1644.6383,8044.5331,8165.7679,PENDING_AG03,FALSE,NOT_FOR_ENFORCEMENT,9516.0940,164454.1300,9810.4062,9516.0940,294.3122,0.04181848,0.04056393,294.3122,9516.0940,0.04056393,294.3122,294.3122,294.3122,392.4162,490.5203,9516.0940,0.04056393,1765.8731,1644.6383,8044.5331,8165.7679,0.03429115,0.03480794,0.00125455,11.8178,14.9930,0.8676,208.7320,5.3202,4991.3829,240.5957,12.7170,9.8041,2.5818,2.84,3.3563,4.9054,16.007,177.8754,0.2582,0.0,5.636364,62.633151,4.16126,29,188,6,10,0.74390005,0.04181848,0.03860046,0E-8,0.000000,0.722694,0.000000,0.01256549,2026-05-12,2026-08-02,47,1844,580,83,0.566265,1.297104,1.076088,2.479667,,,,,,,,GLOBAL_BASELINE_NO_ENTITY_RANKING,,,NOT_APPLICABLE_GLOBAL_BASELINE,HF9g-P5,,,,X 全窗基线 · 不参与实体赏罚,15059474,1506,A168_HF9F_20260827_0900,2026-08-27 09:00:00
2026-07-17,17529000,1507,0,5.6799111868,-0.5163555624,-0.5163555624,0E-7,2,1,0.50055742727268436,0.499948100000,-1.001115476689104,-0.9998962053866608,-1.001115476689104,0.00060932727268436,ELIGIBLE,R03b_20260811_FULL_v1,L1_ELIGIBILITY,v2026-08-11,2026-03-21..2026-08-06,baccarat_bet02_101_all_pairs_incl_sentinel,round_win = game_pnl > 0 (decisive only),COMPATIBILITY_ONLY_NOT_PRODUCTION,234594.9955,169540.3402,9810.4062,19851,11308,-0.04181848,-0.03860046,-0.05116595,-0.04181848,-9810.4062,234594.9955,OK,0.0000,294.3122,3.0000,97.0000,AG03-UNRESOLVED,ALL5_LEVELS_bet23_to_bet27,294.3122,294.3122,294.3122,392.4162,490.5203,3.000000,3.000000,3.000000,4.000000,5.000000,97.000000,97.000000,97.000000,96.000000,95.000000,5.0,1765.8731,1644.6383,8044.5331,8165.7679,PENDING_AG03,FALSE,NOT_FOR_ENFORCEMENT,9516.0940,164454.1300,9810.4062,9516.0940,294.3122,0.04181848,0.04056393,294.3122,9516.0940,0.04056393,294.3122,294.3122,294.3122,392.4162,490.5203,9516.0940,0.04056393,1765.8731,1644.6383,8044.5331,8165.7679,0.03429115,0.03480794,0.00125455,11.8178,14.9930,0.8676,208.7320,5.3202,4991.3829,240.5957,12.7170,9.8041,2.5818,2.84,3.3563,4.9054,16.007,177.8754,0.2582,0.0,5.636364,62.633151,4.16126,29,188,6,10,0.74390005,0.04181848,0.03860046,0E-8,0.000000,0.722694,0.000000,0.01256549,2026-05-12,2026-08-02,47,1844,580,83,0.566265,1.297104,1.076088,2.479667,,,,,,,,GLOBAL_BASELINE_NO_ENTITY_RANKING,,,NOT_APPLICABLE_GLOBAL_BASELINE,HF9g-P5,,,,X 全窗基线 · 不参与实体赏罚,15059475,1506,A168_HF9F_20260827_0900,2026-08-27 09:00:00
2026-07-17,17529000,1645,0,17.5560891229,-0.1807244468,-0.1807244468,0.3333333,6,3,0.50072668484846225,0.499948100000,-0.5798681917702032,-0.5771704854251445,-0.5798681917702032,0.00077858484846225,ELIGIBLE,R03b_20260811_FULL_v1,L1_ELIGIBILITY,v2026-08-11,2026-03-21..2026-08-06,baccarat_bet02_101_all_pairs_incl_sentinel,round_win = game_pnl > 0 (decisive only),COMPATIBILITY_ONLY_NOT_PRODUCTION,234594.9955,169540.3402,9810.4062,19851,11308,-0.04181848,-0.03860046,-0.05116595,-0.04181848,-9810.4062,234594.9955,OK,0.0000,294.3122,3.0000,97.0000,AG03-UNRESOLVED,ALL5_LEVELS_bet23_to_bet27,294.3122,294.3122,294.3122,392.4162,490.5203,3.000000,3.000000,3.000000,4.000000,5.000000,97.000000,97.000000,97.000000,96.000000,95.000000,5.0,1765.8731,1644.6383,8044.5331,8165.7679,PENDING_AG03,FALSE,NOT_FOR_ENFORCEMENT,9516.0940,164454.1300,9810.4062,9516.0940,294.3122,0.04181848,0.04056393,294.3122,9516.0940,0.04056393,294.3122,294.3122,294.3122,392.4162,490.5203,9516.0940,0.04056393,1765.8731,1644.6383,8044.5331,8165.7679,0.03429115,0.03480794,0.00125455,11.8178,14.9930,0.8676,208.7320,5.3202,4991.3829,240.5957,12.7170,9.8041,2.5818,2.84,3.3563,4.9054,16.007,177.8754,0.2582,0.0,5.636364,62.633151,4.16126,29,188,6,10,0.74390005,0.04181848,0.03860046,0E-8,0.000000,0.722694,0.000000,0.01256549,2026-05-12,2026-08-02,47,1844,580,83,0.566265,1.297104,1.076088,2.479667,,,,,,,,GLOBAL_BASELINE_NO_ENTITY_RANKING,,,NOT_APPLICABLE_GLOBAL_BASELINE,HF9g-P5,,,,X 全窗基线 · 不参与实体赏罚,15059476,1506,A168_HF9F_20260827_0900,2026-08-27 09:00:00
2026-07-17,17529000,1654,0,5.9380889681,0.6067177859,0.6067177859,1.0000000,2,1,0.50082235217395230,0.499948100000,0.9983566459565251,1.0001038053877793,0.9983566459565251,0.00087425217395230,ELIGIBLE,R03b_20260811_FULL_v1,L1_ELIGIBILITY,v2026-08-11,2026-03-21..2026-08-06,baccarat_bet02_101_all_pairs_incl_sentinel,round_win = game_pnl > 0 (decisive only),COMPATIBILITY_ONLY_NOT_PRODUCTION,234594.9955,169540.3402,9810.4062,19851,11308,-0.04181848,-0.03860046,-0.05116595,-0.04181848,-9810.4062,234594.9955,OK,0.0000,294.3122,3.0000,97.0000,AG03-UNRESOLVED,ALL5_LEVELS_bet23_to_bet27,294.3122,294.3122,294.3122,392.4162,490.5203,3.000000,3.000000,3.000000,4.000000,5.000000,97.000000,97.000000,97.000000,96.000000,95.000000,5.0,1765.8731,1644.6383,8044.5331,8165.7679,PENDING_AG03,FALSE,NOT_FOR_ENFORCEMENT,9516.0940,164454.1300,9810.4062,9516.0940,294.3122,0.04181848,0.04056393,294.3122,9516.0940,0.04056393,294.3122,294.3122,294.3122,392.4162,490.5203,9516.0940,0.04056393,1765.8731,1644.6383,8044.5331,8165.7679,0.03429115,0.03480794,0.00125455,11.8178,14.9930,0.8676,208.7320,5.3202,4991.3829,240.5957,12.7170,9.8041,2.5818,2.84,3.3563,4.9054,16.007,177.8754,0.2582,0.0,5.636364,62.633151,4.16126,29,188,6,10,0.74390005,0.04181848,0.03860046,0E-8,0.000000,0.722694,0.000000,0.01256549,2026-05-12,2026-08-02,47,1844,580,83,0.566265,1.297104,1.076088,2.479667,,,,,,,,GLOBAL_BASELINE_NO_ENTITY_RANKING,,,NOT_APPLICABLE_GLOBAL_BASELINE,HF9g-P5,,,,X 全窗基线 · 不参与实体赏罚,15059477,1506,A168_HF9F_20260827_0900,2026-08-27 09:00:00
2026-07-17,17529000,1704,0,12.9088890610,5.0344667338,5.0344667338,0.5000000,3,2,0.49592654000000000,0.496596800000,0.011521867128355871,0.009625926164049045,0.011521867128355871,-0.00067026000000000,ELIGIBLE,R03b_20260811_FULL_v1,L1_ELIGIBILITY,v2026-08-11,2026-03-21..2026-08-06,baccarat_bet02_101_all_pairs_incl_sentinel,round_win = game_pnl > 0 (decisive only),COMPATIBILITY_ONLY_NOT_PRODUCTION,234594.9955,169540.3402,9810.4062,19851,11308,-0.04181848,-0.03860046,-0.05116595,-0.04181848,-9810.4062,234594.9955,OK,0.0000,294.3122,3.0000,97.0000,AG03-UNRESOLVED,ALL5_LEVELS_bet23_to_bet27,294.3122,294.3122,294.3122,392.4162,490.5203,3.000000,3.000000,3.000000,4.000000,5.000000,97.000000,97.000000,97.000000,96.000000,95.000000,5.0,1765.8731,1644.6383,8044.5331,8165.7679,PENDING_AG03,FALSE,NOT_FOR_ENFORCEMENT,9516.0940,164454.1300,9810.4062,9516.0940,294.3122,0.04181848,0.04056393,294.3122,9516.0940,0.04056393,294.3122,294.3122,294.3122,392.4162,490.5203,9516.0940,0.04056393,1765.8731,1644.6383,8044.5331,8165.7679,0.03429115,0.03480794,0.00125455,11.8178,14.9930,0.8676,208.7320,5.3202,4991.3829,240.5957,12.7170,9.8041,2.5818,2.84,3.3563,4.9054,16.007,177.8754,0.2582,0.0,5.636364,62.633151,4.16126,29,188,6,10,0.74390005,0.04181848,0.03860046,0E-8,0.000000,0.722694,0.000000,0.01256549,2026-05-12,2026-08-02,47,1844,580,83,0.566265,1.297104,1.076088,2.479667,,,,,,,,GLOBAL_BASELINE_NO_ENTITY_RANKING,,,NOT_APPLICABLE_GLOBAL_BASELINE,HF9g-P5,,,,X 全窗基线 · 不参与实体赏罚,15059478,1506,A168_HF9F_20260827_0900,2026-08-27 09:00:00
2026-07-17,17529000,1714,0,9.5525779051,3.3563111559,3.3563111559,0.5000000,3,2,0.49690146363634218,0.496596800000,0.008764152587586838,0.009625926164049045,0.008764152587586838,0.00030466363634218,ELIGIBLE,R03b_20260811_FULL_v1,L1_ELIGIBILITY,v2026-08-11,2026-03-21..2026-08-06,baccarat_bet02_101_all_pairs_incl_sentinel,round_win = game_pnl > 0 (decisive only),COMPATIBILITY_ONLY_NOT_PRODUCTION,234594.9955,169540.3402,9810.4062,19851,11308,-0.04181848,-0.03860046,-0.05116595,-0.04181848,-9810.4062,234594.9955,OK,0.0000,294.3122,3.0000,97.0000,AG03-UNRESOLVED,ALL5_LEVELS_bet23_to_bet27,294.3122,294.3122,294.3122,392.4162,490.5203,3.000000,3.000000,3.000000,4.000000,5.000000,97.000000,97.000000,97.000000,96.000000,95.000000,5.0,1765.8731,1644.6383,8044.5331,8165.7679,PENDING_AG03,FALSE,NOT_FOR_ENFORCEMENT,9516.0940,164454.1300,9810.4062,9516.0940,294.3122,0.04181848,0.04056393,294.3122,9516.0940,0.04056393,294.3122,294.3122,294.3122,392.4162,490.5203,9516.0940,0.04056393,1765.8731,1644.6383,8044.5331,8165.7679,0.03429115,0.03480794,0.00125455,11.8178,14.9930,0.8676,208.7320,5.3202,4991.3829,240.5957,12.7170,9.8041,2.5818,2.84,3.3563,4.9054,16.007,177.8754,0.2582,0.0,5.636364,62.633151,4.16126,29,188,6,10,0.74390005,0.04181848,0.03860046,0E-8,0.000000,0.722694,0.000000,0.01256549,2026-05-12,2026-08-02,47,1844,580,83,0.566265,1.297104,1.076088,2.479667,,,,,,,,GLOBAL_BASELINE_NO_ENTITY_RANKING,,,NOT_APPLICABLE_GLOBAL_BASELINE,HF9g-P5,,,,X 全窗基线 · 不参与实体赏罚,15059479,1506,A168_HF9F_20260827_0900,2026-08-27 09:00:00
2026-07-17,17529000,1951,0,5.6799111868,0.3614488937,0.3614488937,1.0000000,2,1,0.50055742727268436,0.499948100000,0.9988857662127119,1.0001038053877793,0.9988857662127119,0.00060932727268436,ELIGIBLE,R03b_20260811_FULL_v1,L1_ELIGIBILITY,v2026-08-11,2026-03-21..2026-08-06,baccarat_bet02_101_all_pairs_incl_sentinel,round_win = game_pnl > 0 (decisive only),COMPATIBILITY_ONLY_NOT_PRODUCTION,234594.9955,169540.3402,9810.4062,19851,11308,-0.04181848,-0.03860046,-0.05116595,-0.04181848,-9810.4062,234594.9955,OK,0.0000,294.3122,3.0000,97.0000,AG03-UNRESOLVED,ALL5_LEVELS_bet23_to_bet27,294.3122,294.3122,294.3122,392.4162,490.5203,3.000000,3.000000,3.000000,4.000000,5.000000,97.000000,97.000000,97.000000,96.000000,95.000000,5.0,1765.8731,1644.6383,8044.5331,8165.7679,PENDING_AG03,FALSE,NOT_FOR_ENFORCEMENT,9516.0940,164454.1300,9810.4062,9516.0940,294.3122,0.04181848,0.04056393,294.3122,9516.0940,0.04056393,294.3122,294.3122,294.3122,392.4162,490.5203,9516.0940,0.04056393,1765.8731,1644.6383,8044.5331,8165.7679,0.03429115,0.03480794,0.00125455,11.8178,14.9930,0.8676,208.7320,5.3202,4991.3829,240.5957,12.7170,9.8041,2.5818,2.84,3.3563,4.9054,16.007,177.8754,0.2582,0.0,5.636364,62.633151,4.16126,29,188,6,10,0.74390005,0.04181848,0.03860046,0E-8,0.000000,0.722694,0.000000,0.01256549,2026-05-12,2026-08-02,47,1844,580,83,0.566265,1.297104,1.076088,2.479667,,,,,,,,GLOBAL_BASELINE_NO_ENTITY_RANKING,,,NOT_APPLICABLE_GLOBAL_BASELINE,HF9g-P5,,,,X 全窗基线 · 不参与实体赏罚,15059480,1506,A168_HF9F_20260827_0900,2026-08-27 09:00:00
2026-07-17,17529000,1994,0,50.8610229003,1.4328866860,1.4328866860,0.6250000,18,9,0.50025157217515742,0.499948100000,0.7056837633818773,0.7074003757330176,0.7056837633818773,0.00030347217515742,ELIGIBLE,R03b_20260811_FULL_v1,L1_ELIGIBILITY,v2026-08-11,2026-03-21..2026-08-06,baccarat_bet02_101_all_pairs_incl_sentinel,round_win = game_pnl > 0 (decisive only),COMPATIBILITY_ONLY_NOT_PRODUCTION,234594.9955,169540.3402,9810.4062,19851,11308,-0.04181848,-0.03860046,-0.05116595,-0.04181848,-9810.4062,234594.9955,OK,0.0000,294.3122,3.0000,97.0000,AG03-UNRESOLVED,ALL5_LEVELS_bet23_to_bet27,294.3122,294.3122,294.3122,392.4162,490.5203,3.000000,3.000000,3.000000,4.000000,5.000000,97.000000,97.000000,97.000000,96.000000,95.000000,5.0,1765.8731,1644.6383,8044.5331,8165.7679,PENDING_AG03,FALSE,NOT_FOR_ENFORCEMENT,9516.0940,164454.1300,9810.4062,9516.0940,294.3122,0.04181848,0.04056393,294.3122,9516.0940,0.04056393,294.3122,294.3122,294.3122,392.4162,490.5203,9516.0940,0.04056393,1765.8731,1644.6383,8044.5331,8165.7679,0.03429115,0.03480794,0.00125455,11.8178,14.9930,0.8676,208.7320,5.3202,4991.3829,240.5957,12.7170,9.8041,2.5818,2.84,3.3563,4.9054,16.007,177.8754,0.2582,0.0,5.636364,62.633151,4.16126,29,188,6,10,0.74390005,0.04181848,0.03860046,0E-8,0.000000,0.722694,0.000000,0.01256549,2026-05-12,2026-08-02,47,1844,580,83,0.566265,1.297104,1.076088,2.479667,,,,,,,,GLOBAL_BASELINE_NO_ENTITY_RANKING,,,NOT_APPLICABLE_GLOBAL_BASELINE,HF9g-P5,,,,X 全窗基线 · 不参与实体赏罚,15059481,1506,A168_HF9F_20260827_0900,2026-08-27 09:00:00
2026-07-17,17529000,2075,0,25.8177781220,-3.4079467121,-3.4079467121,0.2000000,9,5,0.49894781926596677,0.498607580000,-1.336938251418012,-1.3354188732730328,-1.336938251418012,0.00034023926596677,ELIGIBLE,R03b_20260811_FULL_v1,L1_ELIGIBILITY,v2026-08-11,2026-03-21..2026-08-06,baccarat_bet02_101_all_pairs_incl_sentinel,round_win = game_pnl > 0 (decisive only),COMPATIBILITY_ONLY_NOT_PRODUCTION,234594.9955,169540.3402,9810.4062,19851,11308,-0.04181848,-0.03860046,-0.05116595,-0.04181848,-9810.4062,234594.9955,OK,0.0000,294.3122,3.0000,97.0000,AG03-UNRESOLVED,ALL5_LEVELS_bet23_to_bet27,294.3122,294.3122,294.3122,392.4162,490.5203,3.000000,3.000000,3.000000,4.000000,5.000000,97.000000,97.000000,97.000000,96.000000,95.000000,5.0,1765.8731,1644.6383,8044.5331,8165.7679,PENDING_AG03,FALSE,NOT_FOR_ENFORCEMENT,9516.0940,164454.1300,9810.4062,9516.0940,294.3122,0.04181848,0.04056393,294.3122,9516.0940,0.04056393,294.3122,294.3122,294.3122,392.4162,490.5203,9516.0940,0.04056393,1765.8731,1644.6383,8044.5331,8165.7679,0.03429115,0.03480794,0.00125455,11.8178,14.9930,0.8676,208.7320,5.3202,4991.3829,240.5957,12.7170,9.8041,2.5818,2.84,3.3563,4.9054,16.007,177.8754,0.2582,0.0,5.636364,62.633151,4.16126,29,188,6,10,0.74390005,0.04181848,0.03860046,0E-8,0.000000,0.722694,0.000000,0.01256549,2026-05-12,2026-08-02,47,1844,580,83,0.566265,1.297104,1.076088,2.479667,,,,,,,,GLOBAL_BASELINE_NO_ENTITY_RANKING,,,NOT_APPLICABLE_GLOBAL_BASELINE,HF9g-P5,,,,X 全窗基线 · 不参与实体赏罚,15059482,1506,A168_HF9F_20260827_0900,2026-08-27 09:00:00
2026-07-17,17529000,2103,0,5.9380889681,0.6067177859,0.6067177859,1.0000000,2,1,0.50082235217395230,0.499948100000,0.9983566459565251,1.0001038053877793,0.9983566459565251,0.00087425217395230,ELIGIBLE,R03b_20260811_FULL_v1,L1_ELIGIBILITY,v2026-08-11,2026-03-21..2026-08-06,baccarat_bet02_101_all_pairs_incl_sentinel,round_win = game_pnl > 0 (decisive only),COMPATIBILITY_ONLY_NOT_PRODUCTION,234594.9955,169540.3402,9810.4062,19851,11308,-0.04181848,-0.03860046,-0.05116595,-0.04181848,-9810.4062,234594.9955,OK,0.0000,294.3122,3.0000,97.0000,AG03-UNRESOLVED,ALL5_LEVELS_bet23_to_bet27,294.3122,294.3122,294.3122,392.4162,490.5203,3.000000,3.000000,3.000000,4.000000,5.000000,97.000000,97.000000,97.000000,96.000000,95.000000,5.0,1765.8731,1644.6383,8044.5331,8165.7679,PENDING_AG03,FALSE,NOT_FOR_ENFORCEMENT,9516.0940,164454.1300,9810.4062,9516.0940,294.3122,0.04181848,0.04056393,294.3122,9516.0940,0.04056393,294.3122,294.3122,294.3122,392.4162,490.5203,9516.0940,0.04056393,1765.8731,1644.6383,8044.5331,8165.7679,0.03429115,0.03480794,0.00125455,11.8178,14.9930,0.8676,208.7320,5.3202,4991.3829,240.5957,12.7170,9.8041,2.5818,2.84,3.3563,4.9054,16.007,177.8754,0.2582,0.0,5.636364,62.633151,4.16126,29,188,6,10,0.74390005,0.04181848,0.03860046,0E-8,0.000000,0.722694,0.000000,0.01256549,2026-05-12,2026-08-02,47,1844,580,83,0.566265,1.297104,1.076088,2.479667,,,,,,,,GLOBAL_BASELINE_NO_ENTITY_RANKING,,,NOT_APPLICABLE_GLOBAL_BASELINE,HF9g-P5,,,,X 全窗基线 · 不参与实体赏罚,15059483,1506,A168_HF9F_20260827_0900,2026-08-27 09:00:00
2026-07-17,17529000,2127,0,12.9088890610,-0.7745333437,-0.7745333437,0E-7,4,2,0.50125408164251746,0.499948100000,-1.0025113166307258,-0.9998962053866608,-1.0025113166307258,0.00130598164251746,ELIGIBLE,R03b_20260811_FULL_v1,L1_ELIGIBILITY,v2026-08-11,2026-03-21..2026-08-06,baccarat_bet02_101_all_pairs_incl_sentinel,round_win = game_pnl > 0 (decisive only),COMPATIBILITY_ONLY_NOT_PRODUCTION,234594.9955,169540.3402,9810.4062,19851,11308,-0.04181848,-0.03860046,-0.05116595,-0.04181848,-9810.4062,234594.9955,OK,0.0000,294.3122,3.0000,97.0000,AG03-UNRESOLVED,ALL5_LEVELS_bet23_to_bet27,294.3122,294.3122,294.3122,392.4162,490.5203,3.000000,3.000000,3.000000,4.000000,5.000000,97.000000,97.000000,97.000000,96.000000,95.000000,5.0,1765.8731,1644.6383,8044.5331,8165.7679,PENDING_AG03,FALSE,NOT_FOR_ENFORCEMENT,9516.0940,164454.1300,9810.4062,9516.0940,294.3122,0.04181848,0.04056393,294.3122,9516.0940,0.04056393,294.3122,294.3122,294.3122,392.4162,490.5203,9516.0940,0.04056393,1765.8731,1644.6383,8044.5331,8165.7679,0.03429115,0.03480794,0.00125455,11.8178,14.9930,0.8676,208.7320,5.3202,4991.3829,240.5957,12.7170,9.8041,2.5818,2.84,3.3563,4.9054,16.007,177.8754,0.2582,0.0,5.636364,62.633151,4.16126,29,188,6,10,0.74390005,0.04181848,0.03860046,0E-8,0.000000,0.722694,0.000000,0.01256549,2026-05-12,2026-08-02,47,1844,580,83,0.566265,1.297104,1.076088,2.479667,,,,,,,,GLOBAL_BASELINE_NO_ENTITY_RANKING,,,NOT_APPLICABLE_GLOBAL_BASELINE,HF9g-P5,,,,X 全窗基线 · 不参与实体赏罚,15059484,1506,A168_HF9F_20260827_0900,2026-08-27 09:00:00
2026-07-17,17529000,2134,0,29.6904448403,0.9036222343,0.9036222343,0.4000000,10,5,0.50075549017503750,0.499948100000,-0.4505927646412089,-0.4469814940518811,-0.4505927646412089,0.00080739017503750,ELIGIBLE,R03b_20260811_FULL_v1,L1_ELIGIBILITY,v2026-08-11,2026-03-21..2026-08-06,baccarat_bet02_101_all_pairs_incl_sentinel,round_win = game_pnl > 0 (decisive only),COMPATIBILITY_ONLY_NOT_PRODUCTION,234594.9955,169540.3402,9810.4062,19851,11308,-0.04181848,-0.03860046,-0.05116595,-0.04181848,-9810.4062,234594.9955,OK,0.0000,294.3122,3.0000,97.0000,AG03-UNRESOLVED,ALL5_LEVELS_bet23_to_bet27,294.3122,294.3122,294.3122,392.4162,490.5203,3.000000,3.000000,3.000000,4.000000,5.000000,97.000000,97.000000,97.000000,96.000000,95.000000,5.0,1765.8731,1644.6383,8044.5331,8165.7679,PENDING_AG03,FALSE,NOT_FOR_ENFORCEMENT,9516.0940,164454.1300,9810.4062,9516.0940,294.3122,0.04181848,0.04056393,294.3122,9516.0940,0.04056393,294.3122,294.3122,294.3122,392.4162,490.5203,9516.0940,0.04056393,1765.8731,1644.6383,8044.5331,8165.7679,0.03429115,0.03480794,0.00125455,11.8178,14.9930,0.8676,208.7320,5.3202,4991.3829,240.5957,12.7170,9.8041,2.5818,2.84,3.3563,4.9054,16.007,177.8754,0.2582,0.0,5.636364,62.633151,4.16126,29,188,6,10,0.74390005,0.04181848,0.03860046,0E-8,0.000000,0.722694,0.000000,0.01256549,2026-05-12,2026-08-02,47,1844,580,83,0.566265,1.297104,1.076088,2.479667,,,,,,,,GLOBAL_BASELINE_NO_ENTITY_RANKING,,,NOT_APPLICABLE_GLOBAL_BASELINE,HF9g-P5,,,,X 全窗基线 · 不参与实体赏罚,15059485,1506,A168_HF9F_20260827_0900,2026-08-27 09:00:00
2026-07-17,17529000,2147,0,16.5233779980,0.2194511141,0.2194511141,0.6666667,6,3,0.50036399004326004,0.499948100000,0.5760895233436583,0.5775300591747329,0.5760895233436583,0.00041589004326004,ELIGIBLE,R03b_20260811_FULL_v1,L1_ELIGIBILITY,v2026-08-11,2026-03-21..2026-08-06,baccarat_bet02_101_all_pairs_incl_sentinel,round_win = game_pnl > 0 (decisive only),COMPATIBILITY_ONLY_NOT_PRODUCTION,234594.9955,169540.3402,9810.4062,19851,11308,-0.04181848,-0.03860046,-0.05116595,-0.04181848,-9810.4062,234594.9955,OK,0.0000,294.3122,3.0000,97.0000,AG03-UNRESOLVED,ALL5_LEVELS_bet23_to_bet27,294.3122,294.3122,294.3122,392.4162,490.5203,3.000000,3.000000,3.000000,4.000000,5.000000,97.000000,97.000000,97.000000,96.000000,95.000000,5.0,1765.8731,1644.6383,8044.5331,8165.7679,PENDING_AG03,FALSE,NOT_FOR_ENFORCEMENT,9516.0940,164454.1300,9810.4062,9516.0940,294.3122,0.04181848,0.04056393,294.3122,9516.0940,0.04056393,294.3122,294.3122,294.3122,392.4162,490.5203,9516.0940,0.04056393,1765.8731,1644.6383,8044.5331,8165.7679,0.03429115,0.03480794,0.00125455,11.8178,14.9930,0.8676,208.7320,5.3202,4991.3829,240.5957,12.7170,9.8041,2.5818,2.84,3.3563,4.9054,16.007,177.8754,0.2582,0.0,5.636364,62.633151,4.16126,29,188,6,10,0.74390005,0.04181848,0.03860046,0E-8,0.000000,0.722694,0.000000,0.01256549,2026-05-12,2026-08-02,47,1844,580,83,0.566265,1.297104,1.076088,2.479667,,,,,,,,GLOBAL_BASELINE_NO_ENTITY_RANKING,,,NOT_APPLICABLE_GLOBAL_BASELINE,HF9g-P5,,,,X 全窗基线 · 不参与实体赏罚,15059486,1506,A168_HF9F_20260827_0900,2026-08-27 09:00:00
2026-07-17,17529000,2149,0,34.5958226834,-14.3546846358,-14.3546846358,0.2000000,9,6,0.50374376830205248,0.503299400000,-1.3584215065956806,-1.3564256844007867,-1.3584215065956806,0.00044436830205248,ELIGIBLE,R03b_20260811_FULL_v1,L1_ELIGIBILITY,v2026-08-11,2026-03-21..2026-08-06,baccarat_bet02_101_all_pairs_incl_sentinel,round_win = game_pnl > 0 (decisive only),COMPATIBILITY_ONLY_NOT_PRODUCTION,234594.9955,169540.3402,9810.4062,19851,11308,-0.04181848,-0.03860046,-0.05116595,-0.04181848,-9810.4062,234594.9955,OK,0.0000,294.3122,3.0000,97.0000,AG03-UNRESOLVED,ALL5_LEVELS_bet23_to_bet27,294.3122,294.3122,294.3122,392.4162,490.5203,3.000000,3.000000,3.000000,4.000000,5.000000,97.000000,97.000000,97.000000,96.000000,95.000000,5.0,1765.8731,1644.6383,8044.5331,8165.7679,PENDING_AG03,FALSE,NOT_FOR_ENFORCEMENT,9516.0940,164454.1300,9810.4062,9516.0940,294.3122,0.04181848,0.04056393,294.3122,9516.0940,0.04056393,294.3122,294.3122,294.3122,392.4162,490.5203,9516.0940,0.04056393,1765.8731,1644.6383,8044.5331,8165.7679,0.03429115,0.03480794,0.00125455,11.8178,14.9930,0.8676,208.7320,5.3202,4991.3829,240.5957,12.7170,9.8041,2.5818,2.84,3.3563,4.9054,16.007,177.8754,0.2582,0.0,5.636364,62.633151,4.16126,29,188,6,10,0.74390005,0.04181848,0.03860046,0E-8,0.000000,0.722694,0.000000,0.01256549,2026-05-12,2026-08-02,47,1844,580,83,0.566265,1.297104,1.076088,2.479667,,,,,,,,GLOBAL_BASELINE_NO_ENTITY_RANKING,,,NOT_APPLICABLE_GLOBAL_BASELINE,HF9g-P5,,,,X 全窗基线 · 不参与实体赏罚,15059487,1506,A168_HF9F_20260827_0900,2026-08-27 09:00:00
2026-07-17,17529000,2155,0,58.8645341181,18.1628069089,18.1628069089,0.7500000,6,4,0.50353152467530806,0.503299400000,0.9858984931999573,0.9868238854431842,0.9858984931999573,0.00023212467530806,ELIGIBLE,R03b_20260811_FULL_v1,L1_ELIGIBILITY,v2026-08-11,2026-03-21..2026-08-06,baccarat_bet02_101_all_pairs_incl_sentinel,round_win = game_pnl > 0 (decisive only),COMPATIBILITY_ONLY_NOT_PRODUCTION,234594.9955,169540.3402,9810.4062,19851,11308,-0.04181848,-0.03860046,-0.05116595,-0.04181848,-9810.4062,234594.9955,OK,0.0000,294.3122,3.0000,97.0000,AG03-UNRESOLVED,ALL5_LEVELS_bet23_to_bet27,294.3122,294.3122,294.3122,392.4162,490.5203,3.000000,3.000000,3.000000,4.000000,5.000000,97.000000,97.000000,97.000000,96.000000,95.000000,5.0,1765.8731,1644.6383,8044.5331,8165.7679,PENDING_AG03,FALSE,NOT_FOR_ENFORCEMENT,9516.0940,164454.1300,9810.4062,9516.0940,294.3122,0.04181848,0.04056393,294.3122,9516.0940,0.04056393,294.3122,294.3122,294.3122,392.4162,490.5203,9516.0940,0.04056393,1765.8731,1644.6383,8044.5331,8165.7679,0.03429115,0.03480794,0.00125455,11.8178,14.9930,0.8676,208.7320,5.3202,4991.3829,240.5957,12.7170,9.8041,2.5818,2.84,3.3563,4.9054,16.007,177.8754,0.2582,0.0,5.636364,62.633151,4.16126,29,188,6,10,0.74390005,0.04181848,0.03860046,0E-8,0.000000,0.722694,0.000000,0.01256549,2026-05-12,2026-08-02,47,1844,580,83,0.566265,1.297104,1.076088,2.479667,,,,,,,,GLOBAL_BASELINE_NO_ENTITY_RANKING,,,NOT_APPLICABLE_GLOBAL_BASELINE,HF9g-P5,,,,X 全窗基线 · 不参与实体赏罚,15059488,1506,A168_HF9F_20260827_0900,2026-08-27 09:00:00
2026-07-17,17529000,2170,0,39.2430227454,1.2908889063,1.2908889063,0.7142857,14,7,0.50046055847381568,0.499948100000,1.1314568526518656,1.134168054123783,1.1314568526518656,0.00051245847381568,ELIGIBLE,R03b_20260811_FULL_v1,L1_ELIGIBILITY,v2026-08-11,2026-03-21..2026-08-06,baccarat_bet02_101_all_pairs_incl_sentinel,round_win = game_pnl > 0 (decisive only),COMPATIBILITY_ONLY_NOT_PRODUCTION,234594.9955,169540.3402,9810.4062,19851,11308,-0.04181848,-0.03860046,-0.05116595,-0.04181848,-9810.4062,234594.9955,OK,0.0000,294.3122,3.0000,97.0000,AG03-UNRESOLVED,ALL5_LEVELS_bet23_to_bet27,294.3122,294.3122,294.3122,392.4162,490.5203,3.000000,3.000000,3.000000,4.000000,5.000000,97.000000,97.000000,97.000000,96.000000,95.000000,5.0,1765.8731,1644.6383,8044.5331,8165.7679,PENDING_AG03,FALSE,NOT_FOR_ENFORCEMENT,9516.0940,164454.1300,9810.4062,9516.0940,294.3122,0.04181848,0.04056393,294.3122,9516.0940,0.04056393,294.3122,294.3122,294.3122,392.4162,490.5203,9516.0940,0.04056393,1765.8731,1644.6383,8044.5331,8165.7679,0.03429115,0.03480794,0.00125455,11.8178,14.9930,0.8676,208.7320,5.3202,4991.3829,240.5957,12.7170,9.8041,2.5818,2.84,3.3563,4.9054,16.007,177.8754,0.2582,0.0,5.636364,62.633151,4.16126,29,188,6,10,0.74390005,0.04181848,0.03860046,0E-8,0.000000,0.722694,0.000000,0.01256549,2026-05-12,2026-08-02,47,1844,580,83,0.566265,1.297104,1.076088,2.479667,,,,,,,,GLOBAL_BASELINE_NO_ENTITY_RANKING,,,NOT_APPLICABLE_GLOBAL_BASELINE,HF9g-P5,,,,X 全窗基线 · 不参与实体赏罚,15059489,1506,A168_HF9F_20260827_0900,2026-08-27 09:00:00
2026-07-17,17529000,2188,0,11.3598223737,-1.2908889061,-1.2908889061,0E-7,4,2,0.49935138819874991,0.499948100000,-1.4123801995304934,-1.4140667746232096,-1.4123801995304934,-0.00059671180125009,ELIGIBLE,R03b_20260811_FULL_v1,L1_ELIGIBILITY,v2026-08-11,2026-03-21..2026-08-06,baccarat_bet02_101_all_pairs_incl_sentinel,round_win = game_pnl > 0 (decisive only),COMPATIBILITY_ONLY_NOT_PRODUCTION,234594.9955,169540.3402,9810.4062,19851,11308,-0.04181848,-0.03860046,-0.05116595,-0.04181848,-9810.4062,234594.9955,OK,0.0000,294.3122,3.0000,97.0000,AG03-UNRESOLVED,ALL5_LEVELS_bet23_to_bet27,294.3122,294.3122,294.3122,392.4162,490.5203,3.000000,3.000000,3.000000,4.000000,5.000000,97.000000,97.000000,97.000000,96.000000,95.000000,5.0,1765.8731,1644.6383,8044.5331,8165.7679,PENDING_AG03,FALSE,NOT_FOR_ENFORCEMENT,9516.0940,164454.1300,9810.4062,9516.0940,294.3122,0.04181848,0.04056393,294.3122,9516.0940,0.04056393,294.3122,294.3122,294.3122,392.4162,490.5203,9516.0940,0.04056393,1765.8731,1644.6383,8044.5331,8165.7679,0.03429115,0.03480794,0.00125455,11.8178,14.9930,0.8676,208.7320,5.3202,4991.3829,240.5957,12.7170,9.8041,2.5818,2.84,3.3563,4.9054,16.007,177.8754,0.2582,0.0,5.636364,62.633151,4.16126,29,188,6,10,0.74390005,0.04181848,0.03860046,0E-8,0.000000,0.722694,0.000000,0.01256549,2026-05-12,2026-08-02,47,1844,580,83,0.566265,1.297104,1.076088,2.479667,,,,,,,,GLOBAL_BASELINE_NO_ENTITY_RANKING,,,NOT_APPLICABLE_GLOBAL_BASELINE,HF9g-P5,,,,X 全窗基线 · 不参与实体赏罚,15059490,1506,A168_HF9F_20260827_0900,2026-08-27 09:00:00
2026-07-17,17529000,2196,0,5.9380889681,0E-10,0E-10,,2,1,0.50082235217395230,0.499948100000,,,,0.00087425217395230,NO_DECISIVE_ROUND,R03b_20260811_FULL_v1,L1_ELIGIBILITY,v2026-08-11,2026-03-21..2026-08-06,baccarat_bet02_101_all_pairs_incl_sentinel,round_win = game_pnl > 0 (decisive only),COMPATIBILITY_ONLY_NOT_PRODUCTION,234594.9955,169540.3402,9810.4062,19851,11308,-0.04181848,-0.03860046,-0.05116595,-0.04181848,-9810.4062,234594.9955,OK,0.0000,294.3122,3.0000,97.0000,AG03-UNRESOLVED,ALL5_LEVELS_bet23_to_bet27,294.3122,294.3122,294.3122,392.4162,490.5203,3.000000,3.000000,3.000000,4.000000,5.000000,97.000000,97.000000,97.000000,96.000000,95.000000,5.0,1765.8731,1644.6383,8044.5331,8165.7679,PENDING_AG03,FALSE,NOT_FOR_ENFORCEMENT,9516.0940,164454.1300,9810.4062,9516.0940,294.3122,0.04181848,0.04056393,294.3122,9516.0940,0.04056393,294.3122,294.3122,294.3122,392.4162,490.5203,9516.0940,0.04056393,1765.8731,1644.6383,8044.5331,8165.7679,0.03429115,0.03480794,0.00125455,11.8178,14.9930,0.8676,208.7320,5.3202,4991.3829,240.5957,12.7170,9.8041,2.5818,2.84,3.3563,4.9054,16.007,177.8754,0.2582,0.0,5.636364,62.633151,4.16126,29,188,6,10,0.74390005,0.04181848,0.03860046,0E-8,0.000000,0.722694,0.000000,0.01256549,2026-05-12,2026-08-02,47,1844,580,83,0.566265,1.297104,1.076088,2.479667,,,,,,,,GLOBAL_BASELINE_NO_ENTITY_RANKING,,,NOT_APPLICABLE_GLOBAL_BASELINE,HF9g-P5,,,,X 全窗基线 · 不参与实体赏罚,15059491,1506,A168_HF9F_20260827_0900,2026-08-27 09:00:00
2026-07-17,17529000,2222,0,27.3668448092,2.0654222498,2.0654222498,0.6000000,9,5,0.49889128793650695,0.498607580000,0.45217301824474176,0.4534424453485946,0.45217301824474176,0.00028370793650695,ELIGIBLE,R03b_20260811_FULL_v1,L1_ELIGIBILITY,v2026-08-11,2026-03-21..2026-08-06,baccarat_bet02_101_all_pairs_incl_sentinel,round_win = game_pnl > 0 (decisive only),COMPATIBILITY_ONLY_NOT_PRODUCTION,234594.9955,169540.3402,9810.4062,19851,11308,-0.04181848,-0.03860046,-0.05116595,-0.04181848,-9810.4062,234594.9955,OK,0.0000,294.3122,3.0000,97.0000,AG03-UNRESOLVED,ALL5_LEVELS_bet23_to_bet27,294.3122,294.3122,294.3122,392.4162,490.5203,3.000000,3.000000,3.000000,4.000000,5.000000,97.000000,97.000000,97.000000,96.000000,95.000000,5.0,1765.8731,1644.6383,8044.5331,8165.7679,PENDING_AG03,FALSE,NOT_FOR_ENFORCEMENT,9516.0940,164454.1300,9810.4062,9516.0940,294.3122,0.04181848,0.04056393,294.3122,9516.0940,0.04056393,294.3122,294.3122,294.3122,392.4162,490.5203,9516.0940,0.04056393,1765.8731,1644.6383,8044.5331,8165.7679,0.03429115,0.03480794,0.00125455,11.8178,14.9930,0.8676,208.7320,5.3202,4991.3829,240.5957,12.7170,9.8041,2.5818,2.84,3.3563,4.9054,16.007,177.8754,0.2582,0.0,5.636364,62.633151,4.16126,29,188,6,10,0.74390005,0.04181848,0.03860046,0E-8,0.000000,0.722694,0.000000,0.01256549,2026-05-12,2026-08-02,47,1844,580,83,0.566265,1.297104,1.076088,2.479667,,,,,,,,GLOBAL_BASELINE_NO_ENTITY_RANKING,,,NOT_APPLICABLE_GLOBAL_BASELINE,HF9g-P5,,,,X 全窗基线 · 不参与实体赏罚,15059492,1506,A168_HF9F_20260827_0900,2026-08-27 09:00:00
2026-07-17,17529000,2229,0,16.5233779980,1.3554333515,1.3554333515,0.3333333,5,3,0.50296464612792233,0.502182300000,-0.5876304342370985,-0.5849155494134426,-0.5876304342370985,0.00078234612792233,ELIGIBLE,R03b_20260811_FULL_v1,L1_ELIGIBILITY,v2026-08-11,2026-03-21..2026-08-06,baccarat_bet02_101_all_pairs_incl_sentinel,round_win = game_pnl > 0 (decisive only),COMPATIBILITY_ONLY_NOT_PRODUCTION,234594.9955,169540.3402,9810.4062,19851,11308,-0.04181848,-0.03860046,-0.05116595,-0.04181848,-9810.4062,234594.9955,OK,0.0000,294.3122,3.0000,97.0000,AG03-UNRESOLVED,ALL5_LEVELS_bet23_to_bet27,294.3122,294.3122,294.3122,392.4162,490.5203,3.000000,3.000000,3.000000,4.000000,5.000000,97.000000,97.000000,97.000000,96.000000,95.000000,5.0,1765.8731,1644.6383,8044.5331,8165.7679,PENDING_AG03,FALSE,NOT_FOR_ENFORCEMENT,9516.0940,164454.1300,9810.4062,9516.0940,294.3122,0.04181848,0.04056393,294.3122,9516.0940,0.04056393,294.3122,294.3122,294.3122,392.4162,490.5203,9516.0940,0.04056393,1765.8731,1644.6383,8044.5331,8165.7679,0.03429115,0.03480794,0.00125455,11.8178,14.9930,0.8676,208.7320,5.3202,4991.3829,240.5957,12.7170,9.8041,2.5818,2.84,3.3563,4.9054,16.007,177.8754,0.2582,0.0,5.636364,62.633151,4.16126,29,188,6,10,0.74390005,0.04181848,0.03860046,0E-8,0.000000,0.722694,0.000000,0.01256549,2026-05-12,2026-08-02,47,1844,580,83,0.566265,1.297104,1.076088,2.479667,,,,,,,,GLOBAL_BASELINE_NO_ENTITY_RANKING,,,NOT_APPLICABLE_GLOBAL_BASELINE,HF9g-P5,,,,X 全窗基线 · 不参与实体赏罚,15059493,1506,A168_HF9F_20260827_0900,2026-08-27 09:00:00
2026-07-17,17529000,2235,0,29.4322670590,1.7685178013,1.7685178013,0.8000000,10,5,0.49987743395127234,0.499948100000,1.3421889588591478,1.3418728975849028,1.3421889588591478,-0.00007066604872766,ELIGIBLE,R03b_20260811_FULL_v1,L1_ELIGIBILITY,v2026-08-11,2026-03-21..2026-08-06,baccarat_bet02_101_all_pairs_incl_sentinel,round_win = game_pnl > 0 (decisive only),COMPATIBILITY_ONLY_NOT_PRODUCTION,234594.9955,169540.3402,9810.4062,19851,11308,-0.04181848,-0.03860046,-0.05116595,-0.04181848,-9810.4062,234594.9955,OK,0.0000,294.3122,3.0000,97.0000,AG03-UNRESOLVED,ALL5_LEVELS_bet23_to_bet27,294.3122,294.3122,294.3122,392.4162,490.5203,3.000000,3.000000,3.000000,4.000000,5.000000,97.000000,97.000000,97.000000,96.000000,95.000000,5.0,1765.8731,1644.6383,8044.5331,8165.7679,PENDING_AG03,FALSE,NOT_FOR_ENFORCEMENT,9516.0940,164454.1300,9810.4062,9516.0940,294.3122,0.04181848,0.04056393,294.3122,9516.0940,0.04056393,294.3122,294.3122,294.3122,392.4162,490.5203,9516.0940,0.04056393,1765.8731,1644.6383,8044.5331,8165.7679,0.03429115,0.03480794,0.00125455,11.8178,14.9930,0.8676,208.7320,5.3202,4991.3829,240.5957,12.7170,9.8041,2.5818,2.84,3.3563,4.9054,16.007,177.8754,0.2582,0.0,5.636364,62.633151,4.16126,29,188,6,10,0.74390005,0.04181848,0.03860046,0E-8,0.000000,0.722694,0.000000,0.01256549,2026-05-12,2026-08-02,47,1844,580,83,0.566265,1.297104,1.076088,2.479667,,,,,,,,GLOBAL_BASELINE_NO_ENTITY_RANKING,,,NOT_APPLICABLE_GLOBAL_BASELINE,HF9g-P5,,,,X 全窗基线 · 不参与实体赏罚,15059494,1506,A168_HF9F_20260827_0900,2026-08-27 09:00:00
2026-07-17,17529000,2239,0,5.4217334056,-0.2581777812,-0.2581777812,0E-7,2,1,0.50026727142854788,0.499948100000,-1.0005346858015285,-0.9998962053866608,-1.0005346858015285,0.00031917142854788,ELIGIBLE,R03b_20260811_FULL_v1,L1_ELIGIBILITY,v2026-08-11,2026-03-21..2026-08-06,baccarat_bet02_101_all_pairs_incl_sentinel,round_win = game_pnl > 0 (decisive only),COMPATIBILITY_ONLY_NOT_PRODUCTION,234594.9955,169540.3402,9810.4062,19851,11308,-0.04181848,-0.03860046,-0.05116595,-0.04181848,-9810.4062,234594.9955,OK,0.0000,294.3122,3.0000,97.0000,AG03-UNRESOLVED,ALL5_LEVELS_bet23_to_bet27,294.3122,294.3122,294.3122,392.4162,490.5203,3.000000,3.000000,3.000000,4.000000,5.000000,97.000000,97.000000,97.000000,96.000000,95.000000,5.0,1765.8731,1644.6383,8044.5331,8165.7679,PENDING_AG03,FALSE,NOT_FOR_ENFORCEMENT,9516.0940,164454.1300,9810.4062,9516.0940,294.3122,0.04181848,0.04056393,294.3122,9516.0940,0.04056393,294.3122,294.3122,294.3122,392.4162,490.5203,9516.0940,0.04056393,1765.8731,1644.6383,8044.5331,8165.7679,0.03429115,0.03480794,0.00125455,11.8178,14.9930,0.8676,208.7320,5.3202,4991.3829,240.5957,12.7170,9.8041,2.5818,2.84,3.3563,4.9054,16.007,177.8754,0.2582,0.0,5.636364,62.633151,4.16126,29,188,6,10,0.74390005,0.04181848,0.03860046,0E-8,0.000000,0.722694,0.000000,0.01256549,2026-05-12,2026-08-02,47,1844,580,83,0.566265,1.297104,1.076088,2.479667,,,,,,,,GLOBAL_BASELINE_NO_ENTITY_RANKING,,,NOT_APPLICABLE_GLOBAL_BASELINE,HF9g-P5,,,,X 全窗基线 · 不参与实体赏罚,15059495,1506,A168_HF9F_20260827_0900,2026-08-27 09:00:00
2026-07-17,17529000,2241,0,11.6180001549,0.0903622235,0.0903622235,0.5000000,4,2,0.50068988972331833,0.499948100000,-0.0019513046639565348,0.00014679536856514622,-0.0019513046639565348,0.00074178972331833,ELIGIBLE,R03b_20260811_FULL_v1,L1_ELIGIBILITY,v2026-08-11,2026-03-21..2026-08-06,baccarat_bet02_101_all_pairs_incl_sentinel,round_win = game_pnl > 0 (decisive only),COMPATIBILITY_ONLY_NOT_PRODUCTION,234594.9955,169540.3402,9810.4062,19851,11308,-0.04181848,-0.03860046,-0.05116595,-0.04181848,-9810.4062,234594.9955,OK,0.0000,294.3122,3.0000,97.0000,AG03-UNRESOLVED,ALL5_LEVELS_bet23_to_bet27,294.3122,294.3122,294.3122,392.4162,490.5203,3.000000,3.000000,3.000000,4.000000,5.000000,97.000000,97.000000,97.000000,96.000000,95.000000,5.0,1765.8731,1644.6383,8044.5331,8165.7679,PENDING_AG03,FALSE,NOT_FOR_ENFORCEMENT,9516.0940,164454.1300,9810.4062,9516.0940,294.3122,0.04181848,0.04056393,294.3122,9516.0940,0.04056393,294.3122,294.3122,294.3122,392.4162,490.5203,9516.0940,0.04056393,1765.8731,1644.6383,8044.5331,8165.7679,0.03429115,0.03480794,0.00125455,11.8178,14.9930,0.8676,208.7320,5.3202,4991.3829,240.5957,12.7170,9.8041,2.5818,2.84,3.3563,4.9054,16.007,177.8754,0.2582,0.0,5.636364,62.633151,4.16126,29,188,6,10,0.74390005,0.04181848,0.03860046,0E-8,0.000000,0.722694,0.000000,0.01256549,2026-05-12,2026-08-02,47,1844,580,83,0.566265,1.297104,1.076088,2.479667,,,,,,,,GLOBAL_BASELINE_NO_ENTITY_RANKING,,,NOT_APPLICABLE_GLOBAL_BASELINE,HF9g-P5,,,,X 全窗基线 · 不参与实体赏罚,15059496,1506,A168_HF9F_20260827_0900,2026-08-27 09:00:00
2026-07-17,17529000,2258,0,11.6180001549,0.5938088968,0.5938088968,0.5000000,4,2,0.50066623571428296,0.499948100000,-0.0018844008386114212,0.00014679536856514622,-0.0018844008386114212,0.00071813571428296,ELIGIBLE,R03b_20260811_FULL_v1,L1_ELIGIBILITY,v2026-08-11,2026-03-21..2026-08-06,baccarat_bet02_101_all_pairs_incl_sentinel,round_win = game_pnl > 0 (decisive only),COMPATIBILITY_ONLY_NOT_PRODUCTION,234594.9955,169540.3402,9810.4062,19851,11308,-0.04181848,-0.03860046,-0.05116595,-0.04181848,-9810.4062,234594.9955,OK,0.0000,294.3122,3.0000,97.0000,AG03-UNRESOLVED,ALL5_LEVELS_bet23_to_bet27,294.3122,294.3122,294.3122,392.4162,490.5203,3.000000,3.000000,3.000000,4.000000,5.000000,97.000000,97.000000,97.000000,96.000000,95.000000,5.0,1765.8731,1644.6383,8044.5331,8165.7679,PENDING_AG03,FALSE,NOT_FOR_ENFORCEMENT,9516.0940,164454.1300,9810.4062,9516.0940,294.3122,0.04181848,0.04056393,294.3122,9516.0940,0.04056393,294.3122,294.3122,294.3122,392.4162,490.5203,9516.0940,0.04056393,1765.8731,1644.6383,8044.5331,8165.7679,0.03429115,0.03480794,0.00125455,11.8178,14.9930,0.8676,208.7320,5.3202,4991.3829,240.5957,12.7170,9.8041,2.5818,2.84,3.3563,4.9054,16.007,177.8754,0.2582,0.0,5.636364,62.633151,4.16126,29,188,6,10,0.74390005,0.04181848,0.03860046,0E-8,0.000000,0.722694,0.000000,0.01256549,2026-05-12,2026-08-02,47,1844,580,83,0.566265,1.297104,1.076088,2.479667,,,,,,,,GLOBAL_BASELINE_NO_ENTITY_RANKING,,,NOT_APPLICABLE_GLOBAL_BASELINE,HF9g-P5,,,,X 全窗基线 · 不参与实体赏罚,15059497,1506,A168_HF9F_20260827_0900,2026-08-27 09:00:00
2026-07-17,17529000,2266,0,17.0397335605,1.0843466812,1.0843466812,1.0000000,6,3,0.50054901695839485,0.499948100000,1.7301500000391912,1.7322306037746105,1.7301500000391912,0.00060091695839485,ELIGIBLE,R03b_20260811_FULL_v1,L1_ELIGIBILITY,v2026-08-11,2026-03-21..2026-08-06,baccarat_bet02_101_all_pairs_incl_sentinel,round_win = game_pnl > 0 (decisive only),COMPATIBILITY_ONLY_NOT_PRODUCTION,234594.9955,169540.3402,9810.4062,19851,11308,-0.04181848,-0.03860046,-0.05116595,-0.04181848,-9810.4062,234594.9955,OK,0.0000,294.3122,3.0000,97.0000,AG03-UNRESOLVED,ALL5_LEVELS_bet23_to_bet27,294.3122,294.3122,294.3122,392.4162,490.5203,3.000000,3.000000,3.000000,4.000000,5.000000,97.000000,97.000000,97.000000,96.000000,95.000000,5.0,1765.8731,1644.6383,8044.5331,8165.7679,PENDING_AG03,FALSE,NOT_FOR_ENFORCEMENT,9516.0940,164454.1300,9810.4062,9516.0940,294.3122,0.04181848,0.04056393,294.3122,9516.0940,0.04056393,294.3122,294.3122,294.3122,392.4162,490.5203,9516.0940,0.04056393,1765.8731,1644.6383,8044.5331,8165.7679,0.03429115,0.03480794,0.00125455,11.8178,14.9930,0.8676,208.7320,5.3202,4991.3829,240.5957,12.7170,9.8041,2.5818,2.84,3.3563,4.9054,16.007,177.8754,0.2582,0.0,5.636364,62.633151,4.16126,29,188,6,10,0.74390005,0.04181848,0.03860046,0E-8,0.000000,0.722694,0.000000,0.01256549,2026-05-12,2026-08-02,47,1844,580,83,0.566265,1.297104,1.076088,2.479667,,,,,,,,GLOBAL_BASELINE_NO_ENTITY_RANKING,,,NOT_APPLICABLE_GLOBAL_BASELINE,HF9g-P5,,,,X 全窗基线 · 不参与实体赏罚,15059498,1506,A168_HF9F_20260827_0900,2026-08-27 09:00:00
2026-07-17,17529000,2267,0,31.4976893088,-21.4287558412,-21.4287558412,0.2500000,5,4,0.50147141818182891,0.501623750000,-1.0058900283843424,-1.0065003074190721,-1.0058900283843424,-0.00015233181817109,ELIGIBLE,R03b_20260811_FULL_v1,L1_ELIGIBILITY,v2026-08-11,2026-03-21..2026-08-06,baccarat_bet02_101_all_pairs_incl_sentinel,round_win = game_pnl > 0 (decisive only),COMPATIBILITY_ONLY_NOT_PRODUCTION,234594.9955,169540.3402,9810.4062,19851,11308,-0.04181848,-0.03860046,-0.05116595,-0.04181848,-9810.4062,234594.9955,OK,0.0000,294.3122,3.0000,97.0000,AG03-UNRESOLVED,ALL5_LEVELS_bet23_to_bet27,294.3122,294.3122,294.3122,392.4162,490.5203,3.000000,3.000000,3.000000,4.000000,5.000000,97.000000,97.000000,97.000000,96.000000,95.000000,5.0,1765.8731,1644.6383,8044.5331,8165.7679,PENDING_AG03,FALSE,NOT_FOR_ENFORCEMENT,9516.0940,164454.1300,9810.4062,9516.0940,294.3122,0.04181848,0.04056393,294.3122,9516.0940,0.04056393,294.3122,294.3122,294.3122,392.4162,490.5203,9516.0940,0.04056393,1765.8731,1644.6383,8044.5331,8165.7679,0.03429115,0.03480794,0.00125455,11.8178,14.9930,0.8676,208.7320,5.3202,4991.3829,240.5957,12.7170,9.8041,2.5818,2.84,3.3563,4.9054,16.007,177.8754,0.2582,0.0,5.636364,62.633151,4.16126,29,188,6,10,0.74390005,0.04181848,0.03860046,0E-8,0.000000,0.722694,0.000000,0.01256549,2026-05-12,2026-08-02,47,1844,580,83,0.566265,1.297104,1.076088,2.479667,,,,,,,,GLOBAL_BASELINE_NO_ENTITY_RANKING,,,NOT_APPLICABLE_GLOBAL_BASELINE,HF9g-P5,,,,X 全窗基线 · 不参与实体赏罚,15059499,1506,A168_HF9F_20260827_0900,2026-08-27 09:00:00
2026-07-17,17529000,2278,0,42.0829783389,36.1448893708,36.1448893708,1.0000000,3,2,0.49703392608697615,0.496596800000,1.005949847859379,1.0068297220111357,1.005949847859379,0.00043712608697615,ELIGIBLE,R03b_20260811_FULL_v1,L1_ELIGIBILITY,v2026-08-11,2026-03-21..2026-08-06,baccarat_bet02_101_all_pairs_incl_sentinel,round_win = game_pnl > 0 (decisive only),COMPATIBILITY_ONLY_NOT_PRODUCTION,234594.9955,169540.3402,9810.4062,19851,11308,-0.04181848,-0.03860046,-0.05116595,-0.04181848,-9810.4062,234594.9955,OK,0.0000,294.3122,3.0000,97.0000,AG03-UNRESOLVED,ALL5_LEVELS_bet23_to_bet27,294.3122,294.3122,294.3122,392.4162,490.5203,3.000000,3.000000,3.000000,4.000000,5.000000,97.000000,97.000000,97.000000,96.000000,95.000000,5.0,1765.8731,1644.6383,8044.5331,8165.7679,PENDING_AG03,FALSE,NOT_FOR_ENFORCEMENT,9516.0940,164454.1300,9810.4062,9516.0940,294.3122,0.04181848,0.04056393,294.3122,9516.0940,0.04056393,294.3122,294.3122,294.3122,392.4162,490.5203,9516.0940,0.04056393,1765.8731,1644.6383,8044.5331,8165.7679,0.03429115,0.03480794,0.00125455,11.8178,14.9930,0.8676,208.7320,5.3202,4991.3829,240.5957,12.7170,9.8041,2.5818,2.84,3.3563,4.9054,16.007,177.8754,0.2582,0.0,5.636364,62.633151,4.16126,29,188,6,10,0.74390005,0.04181848,0.03860046,0E-8,0.000000,0.722694,0.000000,0.01256549,2026-05-12,2026-08-02,47,1844,580,83,0.566265,1.297104,1.076088,2.479667,,,,,,,,GLOBAL_BASELINE_NO_ENTITY_RANKING,,,NOT_APPLICABLE_GLOBAL_BASELINE,HF9g-P5,,,,X 全窗基线 · 不参与实体赏罚,15059500,1506,A168_HF9F_20260827_0900,2026-08-27 09:00:00
2026-07-17,17529000,2280,0,5.9380889681,0.6067177859,0.6067177859,1.0000000,2,1,0.50082235217395230,0.499948100000,0.9983566459565251,1.0001038053877793,0.9983566459565251,0.00087425217395230,ELIGIBLE,R03b_20260811_FULL_v1,L1_ELIGIBILITY,v2026-08-11,2026-03-21..2026-08-06,baccarat_bet02_101_all_pairs_incl_sentinel,round_win = game_pnl > 0 (decisive only),COMPATIBILITY_ONLY_NOT_PRODUCTION,234594.9955,169540.3402,9810.4062,19851,11308,-0.04181848,-0.03860046,-0.05116595,-0.04181848,-9810.4062,234594.9955,OK,0.0000,294.3122,3.0000,97.0000,AG03-UNRESOLVED,ALL5_LEVELS_bet23_to_bet27,294.3122,294.3122,294.3122,392.4162,490.5203,3.000000,3.000000,3.000000,4.000000,5.000000,97.000000,97.000000,97.000000,96.000000,95.000000,5.0,1765.8731,1644.6383,8044.5331,8165.7679,PENDING_AG03,FALSE,NOT_FOR_ENFORCEMENT,9516.0940,164454.1300,9810.4062,9516.0940,294.3122,0.04181848,0.04056393,294.3122,9516.0940,0.04056393,294.3122,294.3122,294.3122,392.4162,490.5203,9516.0940,0.04056393,1765.8731,1644.6383,8044.5331,8165.7679,0.03429115,0.03480794,0.00125455,11.8178,14.9930,0.8676,208.7320,5.3202,4991.3829,240.5957,12.7170,9.8041,2.5818,2.84,3.3563,4.9054,16.007,177.8754,0.2582,0.0,5.636364,62.633151,4.16126,29,188,6,10,0.74390005,0.04181848,0.03860046,0E-8,0.000000,0.722694,0.000000,0.01256549,2026-05-12,2026-08-02,47,1844,580,83,0.566265,1.297104,1.076088,2.479667,,,,,,,,GLOBAL_BASELINE_NO_ENTITY_RANKING,,,NOT_APPLICABLE_GLOBAL_BASELINE,HF9g-P5,,,,X 全窗基线 · 不参与实体赏罚,15059501,1506,A168_HF9F_20260827_0900,2026-08-27 09:00:00
2026-07-17,17529000,2281,0,11.1016445924,-0.7745333436,-0.7745333436,0E-7,4,2,0.50041234935061612,0.499948100000,-1.4153803437811954,-1.4140667746232096,-1.4153803437811954,0.00046424935061612,ELIGIBLE,R03b_20260811_FULL_v1,L1_ELIGIBILITY,v2026-08-11,2026-03-21..2026-08-06,baccarat_bet02_101_all_pairs_incl_sentinel,round_win = game_pnl > 0 (decisive only),COMPATIBILITY_ONLY_NOT_PRODUCTION,234594.9955,169540.3402,9810.4062,19851,11308,-0.04181848,-0.03860046,-0.05116595,-0.04181848,-9810.4062,234594.9955,OK,0.0000,294.3122,3.0000,97.0000,AG03-UNRESOLVED,ALL5_LEVELS_bet23_to_bet27,294.3122,294.3122,294.3122,392.4162,490.5203,3.000000,3.000000,3.000000,4.000000,5.000000,97.000000,97.000000,97.000000,96.000000,95.000000,5.0,1765.8731,1644.6383,8044.5331,8165.7679,PENDING_AG03,FALSE,NOT_FOR_ENFORCEMENT,9516.0940,164454.1300,9810.4062,9516.0940,294.3122,0.04181848,0.04056393,294.3122,9516.0940,0.04056393,294.3122,294.3122,294.3122,392.4162,490.5203,9516.0940,0.04056393,1765.8731,1644.6383,8044.5331,8165.7679,0.03429115,0.03480794,0.00125455,11.8178,14.9930,0.8676,208.7320,5.3202,4991.3829,240.5957,12.7170,9.8041,2.5818,2.84,3.3563,4.9054,16.007,177.8754,0.2582,0.0,5.636364,62.633151,4.16126,29,188,6,10,0.74390005,0.04181848,0.03860046,0E-8,0.000000,0.722694,0.000000,0.01256549,2026-05-12,2026-08-02,47,1844,580,83,0.566265,1.297104,1.076088,2.479667,,,,,,,,GLOBAL_BASELINE_NO_ENTITY_RANKING,,,NOT_APPLICABLE_GLOBAL_BASELINE,HF9g-P5,,,,X 全窗基线 · 不参与实体赏罚,15059502,1506,A168_HF9F_20260827_0900,2026-08-27 09:00:00
2026-07-17,17529000,2287,0,34.8540004647,-23.1456380863,-23.1456380863,0.2500000,5,4,0.49860758000000000,0.498272450000,-0.9944341760919779,-0.9930957276650746,-0.9944341760919779,0.00033513000000000,ELIGIBLE,R03b_20260811_FULL_v1,L1_ELIGIBILITY,v2026-08-11,2026-03-21..2026-08-06,baccarat_bet02_101_all_pairs_incl_sentinel,round_win = game_pnl > 0 (decisive only),COMPATIBILITY_ONLY_NOT_PRODUCTION,234594.9955,169540.3402,9810.4062,19851,11308,-0.04181848,-0.03860046,-0.05116595,-0.04181848,-9810.4062,234594.9955,OK,0.0000,294.3122,3.0000,97.0000,AG03-UNRESOLVED,ALL5_LEVELS_bet23_to_bet27,294.3122,294.3122,294.3122,392.4162,490.5203,3.000000,3.000000,3.000000,4.000000,5.000000,97.000000,97.000000,97.000000,96.000000,95.000000,5.0,1765.8731,1644.6383,8044.5331,8165.7679,PENDING_AG03,FALSE,NOT_FOR_ENFORCEMENT,9516.0940,164454.1300,9810.4062,9516.0940,294.3122,0.04181848,0.04056393,294.3122,9516.0940,0.04056393,294.3122,294.3122,294.3122,392.4162,490.5203,9516.0940,0.04056393,1765.8731,1644.6383,8044.5331,8165.7679,0.03429115,0.03480794,0.00125455,11.8178,14.9930,0.8676,208.7320,5.3202,4991.3829,240.5957,12.7170,9.8041,2.5818,2.84,3.3563,4.9054,16.007,177.8754,0.2582,0.0,5.636364,62.633151,4.16126,29,188,6,10,0.74390005,0.04181848,0.03860046,0E-8,0.000000,0.722694,0.000000,0.01256549,2026-05-12,2026-08-02,47,1844,580,83,0.566265,1.297104,1.076088,2.479667,,,,,,,,GLOBAL_BASELINE_NO_ENTITY_RANKING,,,NOT_APPLICABLE_GLOBAL_BASELINE,HF9g-P5,,,,X 全窗基线 · 不参与实体赏罚,15059503,1506,A168_HF9F_20260827_0900,2026-08-27 09:00:00
2026-07-17,17529000,462,0,6.4544445305,-1.2908889061,-1.2908889061,0E-7,2,1,0.50128862000000000,0.499948100000,-1.002580569658824,-0.9998962053866608,-1.002580569658824,0.00134052000000000,ELIGIBLE,R03b_20260811_FULL_v1,L1_ELIGIBILITY,v2026-08-11,2026-03-21..2026-08-06,baccarat_bet02_101_all_pairs_incl_sentinel,round_win = game_pnl > 0 (decisive only),COMPATIBILITY_ONLY_NOT_PRODUCTION,234594.9955,169540.3402,9810.4062,19851,11308,-0.04181848,-0.03860046,-0.05116595,-0.04181848,-9810.4062,234594.9955,OK,0.0000,294.3122,3.0000,97.0000,AG03-UNRESOLVED,ALL5_LEVELS_bet23_to_bet27,294.3122,294.3122,294.3122,392.4162,490.5203,3.000000,3.000000,3.000000,4.000000,5.000000,97.000000,97.000000,97.000000,96.000000,95.000000,5.0,1765.8731,1644.6383,8044.5331,8165.7679,PENDING_AG03,FALSE,NOT_FOR_ENFORCEMENT,9516.0940,164454.1300,9810.4062,9516.0940,294.3122,0.04181848,0.04056393,294.3122,9516.0940,0.04056393,294.3122,294.3122,294.3122,392.4162,490.5203,9516.0940,0.04056393,1765.8731,1644.6383,8044.5331,8165.7679,0.03429115,0.03480794,0.00125455,11.8178,14.9930,0.8676,208.7320,5.3202,4991.3829,240.5957,12.7170,9.8041,2.5818,2.84,3.3563,4.9054,16.007,177.8754,0.2582,0.0,5.636364,62.633151,4.16126,29,188,6,10,0.74390005,0.04181848,0.03860046,0E-8,0.000000,0.722694,0.000000,0.01256549,2026-05-12,2026-08-02,47,1844,580,83,0.566265,1.297104,1.076088,2.479667,,,,,,,,GLOBAL_BASELINE_NO_ENTITY_RANKING,,,NOT_APPLICABLE_GLOBAL_BASELINE,HF9g-P5,,,,X 全窗基线 · 不参与实体赏罚,15059504,1506,A168_HF9F_20260827_0900,2026-08-27 09:00:00
2026-07-17,17529000,583,0,5.6799111868,0E-10,0E-10,,2,1,0.50055742727268436,0.499948100000,,,,0.00060932727268436,NO_DECISIVE_ROUND,R03b_20260811_FULL_v1,L1_ELIGIBILITY,v2026-08-11,2026-03-21..2026-08-06,baccarat_bet02_101_all_pairs_incl_sentinel,round_win = game_pnl > 0 (decisive only),COMPATIBILITY_ONLY_NOT_PRODUCTION,234594.9955,169540.3402,9810.4062,19851,11308,-0.04181848,-0.03860046,-0.05116595,-0.04181848,-9810.4062,234594.9955,OK,0.0000,294.3122,3.0000,97.0000,AG03-UNRESOLVED,ALL5_LEVELS_bet23_to_bet27,294.3122,294.3122,294.3122,392.4162,490.5203,3.000000,3.000000,3.000000,4.000000,5.000000,97.000000,97.000000,97.000000,96.000000,95.000000,5.0,1765.8731,1644.6383,8044.5331,8165.7679,PENDING_AG03,FALSE,NOT_FOR_ENFORCEMENT,9516.0940,164454.1300,9810.4062,9516.0940,294.3122,0.04181848,0.04056393,294.3122,9516.0940,0.04056393,294.3122,294.3122,294.3122,392.4162,490.5203,9516.0940,0.04056393,1765.8731,1644.6383,8044.5331,8165.7679,0.03429115,0.03480794,0.00125455,11.8178,14.9930,0.8676,208.7320,5.3202,4991.3829,240.5957,12.7170,9.8041,2.5818,2.84,3.3563,4.9054,16.007,177.8754,0.2582,0.0,5.636364,62.633151,4.16126,29,188,6,10,0.74390005,0.04181848,0.03860046,0E-8,0.000000,0.722694,0.000000,0.01256549,2026-05-12,2026-08-02,47,1844,580,83,0.566265,1.297104,1.076088,2.479667,,,,,,,,GLOBAL_BASELINE_NO_ENTITY_RANKING,,,NOT_APPLICABLE_GLOBAL_BASELINE,HF9g-P5,,,,X 全窗基线 · 不参与实体赏罚,15059505,1506,A168_HF9F_20260827_0900,2026-08-27 09:00:00
2026-07-17,17529000,772,0,33.5631115585,1.3037977953,1.3037977953,0.8333333,12,6,0.50045650350082744,0.499948100000,1.6307574402547997,1.6332474276894162,1.6307574402547997,0.00050840350082744,ELIGIBLE,R03b_20260811_FULL_v1,L1_ELIGIBILITY,v2026-08-11,2026-03-21..2026-08-06,baccarat_bet02_101_all_pairs_incl_sentinel,round_win = game_pnl > 0 (decisive only),COMPATIBILITY_ONLY_NOT_PRODUCTION,234594.9955,169540.3402,9810.4062,19851,11308,-0.04181848,-0.03860046,-0.05116595,-0.04181848,-9810.4062,234594.9955,OK,0.0000,294.3122,3.0000,97.0000,AG03-UNRESOLVED,ALL5_LEVELS_bet23_to_bet27,294.3122,294.3122,294.3122,392.4162,490.5203,3.000000,3.000000,3.000000,4.000000,5.000000,97.000000,97.000000,97.000000,96.000000,95.000000,5.0,1765.8731,1644.6383,8044.5331,8165.7679,PENDING_AG03,FALSE,NOT_FOR_ENFORCEMENT,9516.0940,164454.1300,9810.4062,9516.0940,294.3122,0.04181848,0.04056393,294.3122,9516.0940,0.04056393,294.3122,294.3122,294.3122,392.4162,490.5203,9516.0940,0.04056393,1765.8731,1644.6383,8044.5331,8165.7679,0.03429115,0.03480794,0.00125455,11.8178,14.9930,0.8676,208.7320,5.3202,4991.3829,240.5957,12.7170,9.8041,2.5818,2.84,3.3563,4.9054,16.007,177.8754,0.2582,0.0,5.636364,62.633151,4.16126,29,188,6,10,0.74390005,0.04181848,0.03860046,0E-8,0.000000,0.722694,0.000000,0.01256549,2026-05-12,2026-08-02,47,1844,580,83,0.566265,1.297104,1.076088,2.479667,,,,,,,,GLOBAL_BASELINE_NO_ENTITY_RANKING,,,NOT_APPLICABLE_GLOBAL_BASELINE,HF9g-P5,,,,X 全窗基线 · 不参与实体赏罚,15059506,1506,A168_HF9F_20260827_0900,2026-08-27 09:00:00
2026-07-17,17529000,801,0,509.9011179094,67.7200320142,67.7200320142,0.3500000,38,24,0.49931425208931703,0.498831000000,-1.335508526771898,-1.3311885709428262,-1.335508526771898,0.00048325208931703,ELIGIBLE,R03b_20260811_FULL_v1,L1_ELIGIBILITY,v2026-08-11,2026-03-21..2026-08-06,baccarat_bet02_101_all_pairs_incl_sentinel,round_win = game_pnl > 0 (decisive only),COMPATIBILITY_ONLY_NOT_PRODUCTION,234594.9955,169540.3402,9810.4062,19851,11308,-0.04181848,-0.03860046,-0.05116595,-0.04181848,-9810.4062,234594.9955,OK,0.0000,294.3122,3.0000,97.0000,AG03-UNRESOLVED,ALL5_LEVELS_bet23_to_bet27,294.3122,294.3122,294.3122,392.4162,490.5203,3.000000,3.000000,3.000000,4.000000,5.000000,97.000000,97.000000,97.000000,96.000000,95.000000,5.0,1765.8731,1644.6383,8044.5331,8165.7679,PENDING_AG03,FALSE,NOT_FOR_ENFORCEMENT,9516.0940,164454.1300,9810.4062,9516.0940,294.3122,0.04181848,0.04056393,294.3122,9516.0940,0.04056393,294.3122,294.3122,294.3122,392.4162,490.5203,9516.0940,0.04056393,1765.8731,1644.6383,8044.5331,8165.7679,0.03429115,0.03480794,0.00125455,11.8178,14.9930,0.8676,208.7320,5.3202,4991.3829,240.5957,12.7170,9.8041,2.5818,2.84,3.3563,4.9054,16.007,177.8754,0.2582,0.0,5.636364,62.633151,4.16126,29,188,6,10,0.74390005,0.04181848,0.03860046,0E-8,0.000000,0.722694,0.000000,0.01256549,2026-05-12,2026-08-02,47,1844,580,83,0.566265,1.297104,1.076088,2.479667,,,,,,,,GLOBAL_BASELINE_NO_ENTITY_RANKING,,,NOT_APPLICABLE_GLOBAL_BASELINE,HF9g-P5,,,,X 全窗基线 · 不参与实体赏罚,15059507,1506,A168_HF9F_20260827_0900,2026-08-27 09:00:00
2026-07-17,17529000,919,0,70.2243564918,65.0608008674,65.0608008674,1.0000000,3,2,0.49629213636365782,0.496596800000,1.4247401603712364,1.423872247868481,1.4247401603712364,-0.00030466363634218,ELIGIBLE,R03b_20260811_FULL_v1,L1_ELIGIBILITY,v2026-08-11,2026-03-21..2026-08-06,baccarat_bet02_101_all_pairs_incl_sentinel,round_win = game_pnl > 0 (decisive only),COMPATIBILITY_ONLY_NOT_PRODUCTION,234594.9955,169540.3402,9810.4062,19851,11308,-0.04181848,-0.03860046,-0.05116595,-0.04181848,-9810.4062,234594.9955,OK,0.0000,294.3122,3.0000,97.0000,AG03-UNRESOLVED,ALL5_LEVELS_bet23_to_bet27,294.3122,294.3122,294.3122,392.4162,490.5203,3.000000,3.000000,3.000000,4.000000,5.000000,97.000000,97.000000,97.000000,96.000000,95.000000,5.0,1765.8731,1644.6383,8044.5331,8165.7679,PENDING_AG03,FALSE,NOT_FOR_ENFORCEMENT,9516.0940,164454.1300,9810.4062,9516.0940,294.3122,0.04181848,0.04056393,294.3122,9516.0940,0.04056393,294.3122,294.3122,294.3122,392.4162,490.5203,9516.0940,0.04056393,1765.8731,1644.6383,8044.5331,8165.7679,0.03429115,0.03480794,0.00125455,11.8178,14.9930,0.8676,208.7320,5.3202,4991.3829,240.5957,12.7170,9.8041,2.5818,2.84,3.3563,4.9054,16.007,177.8754,0.2582,0.0,5.636364,62.633151,4.16126,29,188,6,10,0.74390005,0.04181848,0.03860046,0E-8,0.000000,0.722694,0.000000,0.01256549,2026-05-12,2026-08-02,47,1844,580,83,0.566265,1.297104,1.076088,2.479667,,,,,,,,GLOBAL_BASELINE_NO_ENTITY_RANKING,,,NOT_APPLICABLE_GLOBAL_BASELINE,HF9g-P5,,,,X 全窗基线 · 不参与实体赏罚,15059508,1506,A168_HF9F_20260827_0900,2026-08-27 09:00:00
2026-07-17,17529000,925,0,5.4217334056,-0.3872666718,-0.3872666718,0E-7,2,1,0.49962892857145212,0.499948100000,-0.9992581323266508,-0.9998962053866608,-0.9992581323266508,-0.00031917142854788,ELIGIBLE,R03b_20260811_FULL_v1,L1_ELIGIBILITY,v2026-08-11,2026-03-21..2026-08-06,baccarat_bet02_101_all_pairs_incl_sentinel,round_win = game_pnl > 0 (decisive only),COMPATIBILITY_ONLY_NOT_PRODUCTION,234594.9955,169540.3402,9810.4062,19851,11308,-0.04181848,-0.03860046,-0.05116595,-0.04181848,-9810.4062,234594.9955,OK,0.0000,294.3122,3.0000,97.0000,AG03-UNRESOLVED,ALL5_LEVELS_bet23_to_bet27,294.3122,294.3122,294.3122,392.4162,490.5203,3.000000,3.000000,3.000000,4.000000,5.000000,97.000000,97.000000,97.000000,96.000000,95.000000,5.0,1765.8731,1644.6383,8044.5331,8165.7679,PENDING_AG03,FALSE,NOT_FOR_ENFORCEMENT,9516.0940,164454.1300,9810.4062,9516.0940,294.3122,0.04181848,0.04056393,294.3122,9516.0940,0.04056393,294.3122,294.3122,294.3122,392.4162,490.5203,9516.0940,0.04056393,1765.8731,1644.6383,8044.5331,8165.7679,0.03429115,0.03480794,0.00125455,11.8178,14.9930,0.8676,208.7320,5.3202,4991.3829,240.5957,12.7170,9.8041,2.5818,2.84,3.3563,4.9054,16.007,177.8754,0.2582,0.0,5.636364,62.633151,4.16126,29,188,6,10,0.74390005,0.04181848,0.03860046,0E-8,0.000000,0.722694,0.000000,0.01256549,2026-05-12,2026-08-02,47,1844,580,83,0.566265,1.297104,1.076088,2.479667,,,,,,,,GLOBAL_BASELINE_NO_ENTITY_RANKING,,,NOT_APPLICABLE_GLOBAL_BASELINE,HF9g-P5,,,,X 全窗基线 · 不参与实体赏罚,15059509,1506,A168_HF9F_20260827_0900,2026-08-27 09:00:00
2026-07-17,17529000,948,0,91.9112901143,7.3451578758,7.3451578758,0.2857143,17,10,0.49982516223037534,0.499277840000,-1.1329683337769765,-1.1300732861951874,-1.1329683337769765,0.00054732223037534,ELIGIBLE,R03b_20260811_FULL_v1,L1_ELIGIBILITY,v2026-08-11,2026-03-21..2026-08-06,baccarat_bet02_101_all_pairs_incl_sentinel,round_win = game_pnl > 0 (decisive only),COMPATIBILITY_ONLY_NOT_PRODUCTION,234594.9955,169540.3402,9810.4062,19851,11308,-0.04181848,-0.03860046,-0.05116595,-0.04181848,-9810.4062,234594.9955,OK,0.0000,294.3122,3.0000,97.0000,AG03-UNRESOLVED,ALL5_LEVELS_bet23_to_bet27,294.3122,294.3122,294.3122,392.4162,490.5203,3.000000,3.000000,3.000000,4.000000,5.000000,97.000000,97.000000,97.000000,96.000000,95.000000,5.0,1765.8731,1644.6383,8044.5331,8165.7679,PENDING_AG03,FALSE,NOT_FOR_ENFORCEMENT,9516.0940,164454.1300,9810.4062,9516.0940,294.3122,0.04181848,0.04056393,294.3122,9516.0940,0.04056393,294.3122,294.3122,294.3122,392.4162,490.5203,9516.0940,0.04056393,1765.8731,1644.6383,8044.5331,8165.7679,0.03429115,0.03480794,0.00125455,11.8178,14.9930,0.8676,208.7320,5.3202,4991.3829,240.5957,12.7170,9.8041,2.5818,2.84,3.3563,4.9054,16.007,177.8754,0.2582,0.0,5.636364,62.633151,4.16126,29,188,6,10,0.74390005,0.04181848,0.03860046,0E-8,0.000000,0.722694,0.000000,0.01256549,2026-05-12,2026-08-02,47,1844,580,83,0.566265,1.297104,1.076088,2.479667,,,,,,,,GLOBAL_BASELINE_NO_ENTITY_RANKING,,,NOT_APPLICABLE_GLOBAL_BASELINE,HF9g-P5,,,,X 全窗基线 · 不参与实体赏罚,15059510,1506,A168_HF9F_20260827_0900,2026-08-27 09:00:00
2026-07-17,17529000,994,0,24.0105336534,0.6970800094,0.6970800094,0.6666667,8,4,0.50085048467530806,0.499948100000,0.5744049348148026,0.5775300591747329,0.5744049348148026,0.00090238467530806,ELIGIBLE,R03b_20260811_FULL_v1,L1_ELIGIBILITY,v2026-08-11,2026-03-21..2026-08-06,baccarat_bet02_101_all_pairs_incl_sentinel,round_win = game_pnl > 0 (decisive only),COMPATIBILITY_ONLY_NOT_PRODUCTION,234594.9955,169540.3402,9810.4062,19851,11308,-0.04181848,-0.03860046,-0.05116595,-0.04181848,-9810.4062,234594.9955,OK,0.0000,294.3122,3.0000,97.0000,AG03-UNRESOLVED,ALL5_LEVELS_bet23_to_bet27,294.3122,294.3122,294.3122,392.4162,490.5203,3.000000,3.000000,3.000000,4.000000,5.000000,97.000000,97.000000,97.000000,96.000000,95.000000,5.0,1765.8731,1644.6383,8044.5331,8165.7679,PENDING_AG03,FALSE,NOT_FOR_ENFORCEMENT,9516.0940,164454.1300,9810.4062,9516.0940,294.3122,0.04181848,0.04056393,294.3122,9516.0940,0.04056393,294.3122,294.3122,294.3122,392.4162,490.5203,9516.0940,0.04056393,1765.8731,1644.6383,8044.5331,8165.7679,0.03429115,0.03480794,0.00125455,11.8178,14.9930,0.8676,208.7320,5.3202,4991.3829,240.5957,12.7170,9.8041,2.5818,2.84,3.3563,4.9054,16.007,177.8754,0.2582,0.0,5.636364,62.633151,4.16126,29,188,6,10,0.74390005,0.04181848,0.03860046,0E-8,0.000000,0.722694,0.000000,0.01256549,2026-05-12,2026-08-02,47,1844,580,83,0.566265,1.297104,1.076088,2.479667,,,,,,,,GLOBAL_BASELINE_NO_ENTITY_RANKING,,,NOT_APPLICABLE_GLOBAL_BASELINE,HF9g-P5,,,,X 全窗基线 · 不参与实体赏罚,15059511,1506,A168_HF9F_20260827_0900,2026-08-27 09:00:00
2026-07-18,17529000,-1,1,209.3821805692,25.8565047894,25.8565047894,0.6896552,59,32,0.50080430197481678,0.500576468750,2.0339887541525186,2.0364413149831537,2.0339887541525186,0.00022783322481678,SENTINEL_DEALER,R03b_20260811_FULL_v1,L1_ELIGIBILITY,v2026-08-11,2026-03-21..2026-08-06,baccarat_bet02_101_all_pairs_incl_sentinel,round_win = game_pnl > 0 (decisive only),COMPATIBILITY_ONLY_NOT_PRODUCTION,234594.9955,169540.3402,9810.4062,19851,11308,-0.04181848,-0.03860046,-0.05116595,-0.04181848,-9810.4062,234594.9955,OK,0.0000,294.3122,3.0000,97.0000,AG03-UNRESOLVED,ALL5_LEVELS_bet23_to_bet27,294.3122,294.3122,294.3122,392.4162,490.5203,3.000000,3.000000,3.000000,4.000000,5.000000,97.000000,97.000000,97.000000,96.000000,95.000000,5.0,1765.8731,1644.6383,8044.5331,8165.7679,PENDING_AG03,FALSE,NOT_FOR_ENFORCEMENT,9516.0940,164454.1300,9810.4062,9516.0940,294.3122,0.04181848,0.04056393,294.3122,9516.0940,0.04056393,294.3122,294.3122,294.3122,392.4162,490.5203,9516.0940,0.04056393,1765.8731,1644.6383,8044.5331,8165.7679,0.03429115,0.03480794,0.00125455,11.8178,14.9930,0.8676,208.7320,5.3202,4991.3829,240.5957,12.7170,9.8041,2.5818,2.84,3.3563,4.9054,16.007,177.8754,0.2582,0.0,5.636364,62.633151,4.16126,29,188,6,10,0.74390005,0.04181848,0.03860046,0E-8,0.000000,0.722694,0.000000,0.01256549,2026-05-12,2026-08-02,47,1844,580,83,0.566265,1.297104,1.076088,2.479667,,,,,,,,GLOBAL_BASELINE_NO_ENTITY_RANKING,,,NOT_APPLICABLE_GLOBAL_BASELINE,HF9g-P5,,,,X 全窗基线 · 不参与实体赏罚,15059512,1506,A168_HF9F_20260827_0900,2026-08-27 09:00:00
2026-07-18,17529000,1115,0,32.2722226525,2.9690444841,2.9690444841,0.4000000,11,6,0.49833163758705255,0.498831000000,-0.4397549000305851,-0.4419868765742703,-0.4397549000305851,-0.00049936241294745,ELIGIBLE,R03b_20260811_FULL_v1,L1_ELIGIBILITY,v2026-08-11,2026-03-21..2026-08-06,baccarat_bet02_101_all_pairs_incl_sentinel,round_win = game_pnl > 0 (decisive only),COMPATIBILITY_ONLY_NOT_PRODUCTION,234594.9955,169540.3402,9810.4062,19851,11308,-0.04181848,-0.03860046,-0.05116595,-0.04181848,-9810.4062,234594.9955,OK,0.0000,294.3122,3.0000,97.0000,AG03-UNRESOLVED,ALL5_LEVELS_bet23_to_bet27,294.3122,294.3122,294.3122,392.4162,490.5203,3.000000,3.000000,3.000000,4.000000,5.000000,97.000000,97.000000,97.000000,96.000000,95.000000,5.0,1765.8731,1644.6383,8044.5331,8165.7679,PENDING_AG03,FALSE,NOT_FOR_ENFORCEMENT,9516.0940,164454.1300,9810.4062,9516.0940,294.3122,0.04181848,0.04056393,294.3122,9516.0940,0.04056393,294.3122,294.3122,294.3122,392.4162,490.5203,9516.0940,0.04056393,1765.8731,1644.6383,8044.5331,8165.7679,0.03429115,0.03480794,0.00125455,11.8178,14.9930,0.8676,208.7320,5.3202,4991.3829,240.5957,12.7170,9.8041,2.5818,2.84,3.3563,4.9054,16.007,177.8754,0.2582,0.0,5.636364,62.633151,4.16126,29,188,6,10,0.74390005,0.04181848,0.03860046,0E-8,0.000000,0.722694,0.000000,0.01256549,2026-05-12,2026-08-02,47,1844,580,83,0.566265,1.297104,1.076088,2.479667,,,,,,,,GLOBAL_BASELINE_NO_ENTITY_RANKING,,,NOT_APPLICABLE_GLOBAL_BASELINE,HF9g-P5,,,,X 全窗基线 · 不参与实体赏罚,15059513,1506,A168_HF9F_20260827_0900,2026-08-27 09:00:00
2026-07-18,17529000,1221,0,11.8761779361,1.0972555702,1.0972555702,1.0000000,4,2,0.50077794571427394,0.499948100000,0.9984453170894656,1.0001038053877793,0.9984453170894656,0.00082984571427394,ELIGIBLE,R03b_20260811_FULL_v1,L1_ELIGIBILITY,v2026-08-11,2026-03-21..2026-08-06,baccarat_bet02_101_all_pairs_incl_sentinel,round_win = game_pnl > 0 (decisive only),COMPATIBILITY_ONLY_NOT_PRODUCTION,234594.9955,169540.3402,9810.4062,19851,11308,-0.04181848,-0.03860046,-0.05116595,-0.04181848,-9810.4062,234594.9955,OK,0.0000,294.3122,3.0000,97.0000,AG03-UNRESOLVED,ALL5_LEVELS_bet23_to_bet27,294.3122,294.3122,294.3122,392.4162,490.5203,3.000000,3.000000,3.000000,4.000000,5.000000,97.000000,97.000000,97.000000,96.000000,95.000000,5.0,1765.8731,1644.6383,8044.5331,8165.7679,PENDING_AG03,FALSE,NOT_FOR_ENFORCEMENT,9516.0940,164454.1300,9810.4062,9516.0940,294.3122,0.04181848,0.04056393,294.3122,9516.0940,0.04056393,294.3122,294.3122,294.3122,392.4162,490.5203,9516.0940,0.04056393,1765.8731,1644.6383,8044.5331,8165.7679,0.03429115,0.03480794,0.00125455,11.8178,14.9930,0.8676,208.7320,5.3202,4991.3829,240.5957,12.7170,9.8041,2.5818,2.84,3.3563,4.9054,16.007,177.8754,0.2582,0.0,5.636364,62.633151,4.16126,29,188,6,10,0.74390005,0.04181848,0.03860046,0E-8,0.000000,0.722694,0.000000,0.01256549,2026-05-12,2026-08-02,47,1844,580,83,0.566265,1.297104,1.076088,2.479667,,,,,,,,GLOBAL_BASELINE_NO_ENTITY_RANKING,,,NOT_APPLICABLE_GLOBAL_BASELINE,HF9g-P5,,,,X 全窗基线 · 不参与实体赏罚,15059514,1506,A168_HF9F_20260827_0900,2026-08-27 09:00:00
2026-07-18,17529000,1299,0,5.4217334056,0.2581777812,0.2581777812,1.0000000,2,1,0.49962892857145212,0.499948100000,1.000742418449597,1.0001038053877793,1.000742418449597,-0.00031917142854788,ELIGIBLE,R03b_20260811_FULL_v1,L1_ELIGIBILITY,v2026-08-11,2026-03-21..2026-08-06,baccarat_bet02_101_all_pairs_incl_sentinel,round_win = game_pnl > 0 (decisive only),COMPATIBILITY_ONLY_NOT_PRODUCTION,234594.9955,169540.3402,9810.4062,19851,11308,-0.04181848,-0.03860046,-0.05116595,-0.04181848,-9810.4062,234594.9955,OK,0.0000,294.3122,3.0000,97.0000,AG03-UNRESOLVED,ALL5_LEVELS_bet23_to_bet27,294.3122,294.3122,294.3122,392.4162,490.5203,3.000000,3.000000,3.000000,4.000000,5.000000,97.000000,97.000000,97.000000,96.000000,95.000000,5.0,1765.8731,1644.6383,8044.5331,8165.7679,PENDING_AG03,FALSE,NOT_FOR_ENFORCEMENT,9516.0940,164454.1300,9810.4062,9516.0940,294.3122,0.04181848,0.04056393,294.3122,9516.0940,0.04056393,294.3122,294.3122,294.3122,392.4162,490.5203,9516.0940,0.04056393,1765.8731,1644.6383,8044.5331,8165.7679,0.03429115,0.03480794,0.00125455,11.8178,14.9930,0.8676,208.7320,5.3202,4991.3829,240.5957,12.7170,9.8041,2.5818,2.84,3.3563,4.9054,16.007,177.8754,0.2582,0.0,5.636364,62.633151,4.16126,29,188,6,10,0.74390005,0.04181848,0.03860046,0E-8,0.000000,0.722694,0.000000,0.01256549,2026-05-12,2026-08-02,47,1844,580,83,0.566265,1.297104,1.076088,2.479667,,,,,,,,GLOBAL_BASELINE_NO_ENTITY_RANKING,,,NOT_APPLICABLE_GLOBAL_BASELINE,HF9g-P5,,,,X 全窗基线 · 不参与实体赏罚,15059515,1506,A168_HF9F_20260827_0900,2026-08-27 09:00:00
2026-07-18,17529000,1304,0,338.9874267417,18.1240802419,18.1240802419,0.4000000,31,20,0.50334730374865896,0.502964270000,-0.8005427120583842,-0.7975718224142921,-0.8005427120583842,0.00038303374865896,ELIGIBLE,R03b_20260811_FULL_v1,L1_ELIGIBILITY,v2026-08-11,2026-03-21..2026-08-06,baccarat_bet02_101_all_pairs_incl_sentinel,round_win = game_pnl > 0 (decisive only),COMPATIBILITY_ONLY_NOT_PRODUCTION,234594.9955,169540.3402,9810.4062,19851,11308,-0.04181848,-0.03860046,-0.05116595,-0.04181848,-9810.4062,234594.9955,OK,0.0000,294.3122,3.0000,97.0000,AG03-UNRESOLVED,ALL5_LEVELS_bet23_to_bet27,294.3122,294.3122,294.3122,392.4162,490.5203,3.000000,3.000000,3.000000,4.000000,5.000000,97.000000,97.000000,97.000000,96.000000,95.000000,5.0,1765.8731,1644.6383,8044.5331,8165.7679,PENDING_AG03,FALSE,NOT_FOR_ENFORCEMENT,9516.0940,164454.1300,9810.4062,9516.0940,294.3122,0.04181848,0.04056393,294.3122,9516.0940,0.04056393,294.3122,294.3122,294.3122,392.4162,490.5203,9516.0940,0.04056393,1765.8731,1644.6383,8044.5331,8165.7679,0.03429115,0.03480794,0.00125455,11.8178,14.9930,0.8676,208.7320,5.3202,4991.3829,240.5957,12.7170,9.8041,2.5818,2.84,3.3563,4.9054,16.007,177.8754,0.2582,0.0,5.636364,62.633151,4.16126,29,188,6,10,0.74390005,0.04181848,0.03860046,0E-8,0.000000,0.722694,0.000000,0.01256549,2026-05-12,2026-08-02,47,1844,580,83,0.566265,1.297104,1.076088,2.479667,,,,,,,,GLOBAL_BASELINE_NO_ENTITY_RANKING,,,NOT_APPLICABLE_GLOBAL_BASELINE,HF9g-P5,,,,X 全窗基线 · 不参与实体赏罚,15059516,1506,A168_HF9F_20260827_0900,2026-08-27 09:00:00
2026-07-18,17529000,1306,0,123.4089794224,0.2323600034,0.2323600034,0.5294118,42,21,0.50017292839390922,0.499948100000,0.24110963538921687,0.2429636047091705,0.24110963538921687,0.00022482839390922,ELIGIBLE,R03b_20260811_FULL_v1,L1_ELIGIBILITY,v2026-08-11,2026-03-21..2026-08-06,baccarat_bet02_101_all_pairs_incl_sentinel,round_win = game_pnl > 0 (decisive only),COMPATIBILITY_ONLY_NOT_PRODUCTION,234594.9955,169540.3402,9810.4062,19851,11308,-0.04181848,-0.03860046,-0.05116595,-0.04181848,-9810.4062,234594.9955,OK,0.0000,294.3122,3.0000,97.0000,AG03-UNRESOLVED,ALL5_LEVELS_bet23_to_bet27,294.3122,294.3122,294.3122,392.4162,490.5203,3.000000,3.000000,3.000000,4.000000,5.000000,97.000000,97.000000,97.000000,96.000000,95.000000,5.0,1765.8731,1644.6383,8044.5331,8165.7679,PENDING_AG03,FALSE,NOT_FOR_ENFORCEMENT,9516.0940,164454.1300,9810.4062,9516.0940,294.3122,0.04181848,0.04056393,294.3122,9516.0940,0.04056393,294.3122,294.3122,294.3122,392.4162,490.5203,9516.0940,0.04056393,1765.8731,1644.6383,8044.5331,8165.7679,0.03429115,0.03480794,0.00125455,11.8178,14.9930,0.8676,208.7320,5.3202,4991.3829,240.5957,12.7170,9.8041,2.5818,2.84,3.3563,4.9054,16.007,177.8754,0.2582,0.0,5.636364,62.633151,4.16126,29,188,6,10,0.74390005,0.04181848,0.03860046,0E-8,0.000000,0.722694,0.000000,0.01256549,2026-05-12,2026-08-02,47,1844,580,83,0.566265,1.297104,1.076088,2.479667,,,,,,,,GLOBAL_BASELINE_NO_ENTITY_RANKING,,,NOT_APPLICABLE_GLOBAL_BASELINE,HF9g-P5,,,,X 全窗基线 · 不参与实体赏罚,15059517,1506,A168_HF9F_20260827_0900,2026-08-27 09:00:00
2026-07-18,17529000,1307,0,40.2757338703,0.8907133452,0.8907133452,0.5714286,14,7,0.50062275739291244,0.499948100000,0.37466944124547225,0.37823910403297295,0.37466944124547225,0.00067465739291244,ELIGIBLE,R03b_20260811_FULL_v1,L1_ELIGIBILITY,v2026-08-11,2026-03-21..2026-08-06,baccarat_bet02_101_all_pairs_incl_sentinel,round_win = game_pnl > 0 (decisive only),COMPATIBILITY_ONLY_NOT_PRODUCTION,234594.9955,169540.3402,9810.4062,19851,11308,-0.04181848,-0.03860046,-0.05116595,-0.04181848,-9810.4062,234594.9955,OK,0.0000,294.3122,3.0000,97.0000,AG03-UNRESOLVED,ALL5_LEVELS_bet23_to_bet27,294.3122,294.3122,294.3122,392.4162,490.5203,3.000000,3.000000,3.000000,4.000000,5.000000,97.000000,97.000000,97.000000,96.000000,95.000000,5.0,1765.8731,1644.6383,8044.5331,8165.7679,PENDING_AG03,FALSE,NOT_FOR_ENFORCEMENT,9516.0940,164454.1300,9810.4062,9516.0940,294.3122,0.04181848,0.04056393,294.3122,9516.0940,0.04056393,294.3122,294.3122,294.3122,392.4162,490.5203,9516.0940,0.04056393,1765.8731,1644.6383,8044.5331,8165.7679,0.03429115,0.03480794,0.00125455,11.8178,14.9930,0.8676,208.7320,5.3202,4991.3829,240.5957,12.7170,9.8041,2.5818,2.84,3.3563,4.9054,16.007,177.8754,0.2582,0.0,5.636364,62.633151,4.16126,29,188,6,10,0.74390005,0.04181848,0.03860046,0E-8,0.000000,0.722694,0.000000,0.01256549,2026-05-12,2026-08-02,47,1844,580,83,0.566265,1.297104,1.076088,2.479667,,,,,,,,GLOBAL_BASELINE_NO_ENTITY_RANKING,,,NOT_APPLICABLE_GLOBAL_BASELINE,HF9g-P5,,,,X 全窗基线 · 不参与实体赏罚,15059518,1506,A168_HF9F_20260827_0900,2026-08-27 09:00:00
2026-07-18,17529000,1331,0,13.1670668423,5.9639067462,5.9639067462,0.5000000,3,2,0.50286227391302385,0.503299400000,-0.008095865827711166,-0.009332315641528947,-0.008095865827711166,-0.00043712608697615,ELIGIBLE,R03b_20260811_FULL_v1,L1_ELIGIBILITY,v2026-08-11,2026-03-21..2026-08-06,baccarat_bet02_101_all_pairs_incl_sentinel,round_win = game_pnl > 0 (decisive only),COMPATIBILITY_ONLY_NOT_PRODUCTION,234594.9955,169540.3402,9810.4062,19851,11308,-0.04181848,-0.03860046,-0.05116595,-0.04181848,-9810.4062,234594.9955,OK,0.0000,294.3122,3.0000,97.0000,AG03-UNRESOLVED,ALL5_LEVELS_bet23_to_bet27,294.3122,294.3122,294.3122,392.4162,490.5203,3.000000,3.000000,3.000000,4.000000,5.000000,97.000000,97.000000,97.000000,96.000000,95.000000,5.0,1765.8731,1644.6383,8044.5331,8165.7679,PENDING_AG03,FALSE,NOT_FOR_ENFORCEMENT,9516.0940,164454.1300,9810.4062,9516.0940,294.3122,0.04181848,0.04056393,294.3122,9516.0940,0.04056393,294.3122,294.3122,294.3122,392.4162,490.5203,9516.0940,0.04056393,1765.8731,1644.6383,8044.5331,8165.7679,0.03429115,0.03480794,0.00125455,11.8178,14.9930,0.8676,208.7320,5.3202,4991.3829,240.5957,12.7170,9.8041,2.5818,2.84,3.3563,4.9054,16.007,177.8754,0.2582,0.0,5.636364,62.633151,4.16126,29,188,6,10,0.74390005,0.04181848,0.03860046,0E-8,0.000000,0.722694,0.000000,0.01256549,2026-05-12,2026-08-02,47,1844,580,83,0.566265,1.297104,1.076088,2.479667,,,,,,,,GLOBAL_BASELINE_NO_ENTITY_RANKING,,,NOT_APPLICABLE_GLOBAL_BASELINE,HF9g-P5,,,,X 全窗基线 · 不参与实体赏罚,15059519,1506,A168_HF9F_20260827_0900,2026-08-27 09:00:00
2026-07-18,17529000,1363,0,22.4614669661,3.4724911574,3.4724911574,0.5000000,7,4,0.50233463181818011,0.501623750000,-0.009338629073777797,-0.006495034249238073,-0.009338629073777797,0.00071088181818011,ELIGIBLE,R03b_20260811_FULL_v1,L1_ELIGIBILITY,v2026-08-11,2026-03-21..2026-08-06,baccarat_bet02_101_all_pairs_incl_sentinel,round_win = game_pnl > 0 (decisive only),COMPATIBILITY_ONLY_NOT_PRODUCTION,234594.9955,169540.3402,9810.4062,19851,11308,-0.04181848,-0.03860046,-0.05116595,-0.04181848,-9810.4062,234594.9955,OK,0.0000,294.3122,3.0000,97.0000,AG03-UNRESOLVED,ALL5_LEVELS_bet23_to_bet27,294.3122,294.3122,294.3122,392.4162,490.5203,3.000000,3.000000,3.000000,4.000000,5.000000,97.000000,97.000000,97.000000,96.000000,95.000000,5.0,1765.8731,1644.6383,8044.5331,8165.7679,PENDING_AG03,FALSE,NOT_FOR_ENFORCEMENT,9516.0940,164454.1300,9810.4062,9516.0940,294.3122,0.04181848,0.04056393,294.3122,9516.0940,0.04056393,294.3122,294.3122,294.3122,392.4162,490.5203,9516.0940,0.04056393,1765.8731,1644.6383,8044.5331,8165.7679,0.03429115,0.03480794,0.00125455,11.8178,14.9930,0.8676,208.7320,5.3202,4991.3829,240.5957,12.7170,9.8041,2.5818,2.84,3.3563,4.9054,16.007,177.8754,0.2582,0.0,5.636364,62.633151,4.16126,29,188,6,10,0.74390005,0.04181848,0.03860046,0E-8,0.000000,0.722694,0.000000,0.01256549,2026-05-12,2026-08-02,47,1844,580,83,0.566265,1.297104,1.076088,2.479667,,,,,,,,GLOBAL_BASELINE_NO_ENTITY_RANKING,,,NOT_APPLICABLE_GLOBAL_BASELINE,HF9g-P5,,,,X 全窗基线 · 不参与实体赏罚,15059520,1506,A168_HF9F_20260827_0900,2026-08-27 09:00:00
2026-07-18,17529000,1383,0,35.3703560270,0.3614488937,0.3614488937,0.5000000,11,6,0.50111839523809131,0.501065200000,-0.004473592143588104,-0.004260809669075216,-0.004473592143588104,0.00005319523809131,ELIGIBLE,R03b_20260811_FULL_v1,L1_ELIGIBILITY,v2026-08-11,2026-03-21..2026-08-06,baccarat_bet02_101_all_pairs_incl_sentinel,round_win = game_pnl > 0 (decisive only),COMPATIBILITY_ONLY_NOT_PRODUCTION,234594.9955,169540.3402,9810.4062,19851,11308,-0.04181848,-0.03860046,-0.05116595,-0.04181848,-9810.4062,234594.9955,OK,0.0000,294.3122,3.0000,97.0000,AG03-UNRESOLVED,ALL5_LEVELS_bet23_to_bet27,294.3122,294.3122,294.3122,392.4162,490.5203,3.000000,3.000000,3.000000,4.000000,5.000000,97.000000,97.000000,97.000000,96.000000,95.000000,5.0,1765.8731,1644.6383,8044.5331,8165.7679,PENDING_AG03,FALSE,NOT_FOR_ENFORCEMENT,9516.0940,164454.1300,9810.4062,9516.0940,294.3122,0.04181848,0.04056393,294.3122,9516.0940,0.04056393,294.3122,294.3122,294.3122,392.4162,490.5203,9516.0940,0.04056393,1765.8731,1644.6383,8044.5331,8165.7679,0.03429115,0.03480794,0.00125455,11.8178,14.9930,0.8676,208.7320,5.3202,4991.3829,240.5957,12.7170,9.8041,2.5818,2.84,3.3563,4.9054,16.007,177.8754,0.2582,0.0,5.636364,62.633151,4.16126,29,188,6,10,0.74390005,0.04181848,0.03860046,0E-8,0.000000,0.722694,0.000000,0.01256549,2026-05-12,2026-08-02,47,1844,580,83,0.566265,1.297104,1.076088,2.479667,,,,,,,,GLOBAL_BASELINE_NO_ENTITY_RANKING,,,NOT_APPLICABLE_GLOBAL_BASELINE,HF9g-P5,,,,X 全窗基线 · 不参与实体赏罚,15059521,1506,A168_HF9F_20260827_0900,2026-08-27 09:00:00
2026-07-18,17529000,1385,0,12.9088890610,0.8132600108,0.8132600108,0.5000000,4,2,0.50125408164251746,0.499948100000,-0.00354708969152342,0.00014679536856514622,-0.00354708969152342,0.00130598164251746,ELIGIBLE,R03b_20260811_FULL_v1,L1_ELIGIBILITY,v2026-08-11,2026-03-21..2026-08-06,baccarat_bet02_101_all_pairs_incl_sentinel,round_win = game_pnl > 0 (decisive only),COMPATIBILITY_ONLY_NOT_PRODUCTION,234594.9955,169540.3402,9810.4062,19851,11308,-0.04181848,-0.03860046,-0.05116595,-0.04181848,-9810.4062,234594.9955,OK,0.0000,294.3122,3.0000,97.0000,AG03-UNRESOLVED,ALL5_LEVELS_bet23_to_bet27,294.3122,294.3122,294.3122,392.4162,490.5203,3.000000,3.000000,3.000000,4.000000,5.000000,97.000000,97.000000,97.000000,96.000000,95.000000,5.0,1765.8731,1644.6383,8044.5331,8165.7679,PENDING_AG03,FALSE,NOT_FOR_ENFORCEMENT,9516.0940,164454.1300,9810.4062,9516.0940,294.3122,0.04181848,0.04056393,294.3122,9516.0940,0.04056393,294.3122,294.3122,294.3122,392.4162,490.5203,9516.0940,0.04056393,1765.8731,1644.6383,8044.5331,8165.7679,0.03429115,0.03480794,0.00125455,11.8178,14.9930,0.8676,208.7320,5.3202,4991.3829,240.5957,12.7170,9.8041,2.5818,2.84,3.3563,4.9054,16.007,177.8754,0.2582,0.0,5.636364,62.633151,4.16126,29,188,6,10,0.74390005,0.04181848,0.03860046,0E-8,0.000000,0.722694,0.000000,0.01256549,2026-05-12,2026-08-02,47,1844,580,83,0.566265,1.297104,1.076088,2.479667,,,,,,,,GLOBAL_BASELINE_NO_ENTITY_RANKING,,,NOT_APPLICABLE_GLOBAL_BASELINE,HF9g-P5,,,,X 全窗基线 · 不参与实体赏罚,15059522,1506,A168_HF9F_20260827_0900,2026-08-27 09:00:00
2026-07-18,17529000,1396,0,75.9042676786,47.2465339634,47.2465339634,0.3333333,11,6,0.49859645735930758,0.498831000000,-0.8096238441378867,-0.8107718898506163,-0.8096238441378867,-0.00023454264069242,ELIGIBLE,R03b_20260811_FULL_v1,L1_ELIGIBILITY,v2026-08-11,2026-03-21..2026-08-06,baccarat_bet02_101_all_pairs_incl_sentinel,round_win = game_pnl > 0 (decisive only),COMPATIBILITY_ONLY_NOT_PRODUCTION,234594.9955,169540.3402,9810.4062,19851,11308,-0.04181848,-0.03860046,-0.05116595,-0.04181848,-9810.4062,234594.9955,OK,0.0000,294.3122,3.0000,97.0000,AG03-UNRESOLVED,ALL5_LEVELS_bet23_to_bet27,294.3122,294.3122,294.3122,392.4162,490.5203,3.000000,3.000000,3.000000,4.000000,5.000000,97.000000,97.000000,97.000000,96.000000,95.000000,5.0,1765.8731,1644.6383,8044.5331,8165.7679,PENDING_AG03,FALSE,NOT_FOR_ENFORCEMENT,9516.0940,164454.1300,9810.4062,9516.0940,294.3122,0.04181848,0.04056393,294.3122,9516.0940,0.04056393,294.3122,294.3122,294.3122,392.4162,490.5203,9516.0940,0.04056393,1765.8731,1644.6383,8044.5331,8165.7679,0.03429115,0.03480794,0.00125455,11.8178,14.9930,0.8676,208.7320,5.3202,4991.3829,240.5957,12.7170,9.8041,2.5818,2.84,3.3563,4.9054,16.007,177.8754,0.2582,0.0,5.636364,62.633151,4.16126,29,188,6,10,0.74390005,0.04181848,0.03860046,0E-8,0.000000,0.722694,0.000000,0.01256549,2026-05-12,2026-08-02,47,1844,580,83,0.566265,1.297104,1.076088,2.479667,,,,,,,,GLOBAL_BASELINE_NO_ENTITY_RANKING,,,NOT_APPLICABLE_GLOBAL_BASELINE,HF9g-P5,,,,X 全窗基线 · 不参与实体赏罚,15059523,1506,A168_HF9F_20260827_0900,2026-08-27 09:00:00
2026-07-18,17529000,1399,0,24.7850669971,-0.7358066765,-0.7358066765,0.2500000,8,4,0.50101601367839570,0.499948100000,-1.0040661276781073,-0.9997924053861017,-1.0040661276781073,0.00106791367839570,ELIGIBLE,R03b_20260811_FULL_v1,L1_ELIGIBILITY,v2026-08-11,2026-03-21..2026-08-06,baccarat_bet02_101_all_pairs_incl_sentinel,round_win = game_pnl > 0 (decisive only),COMPATIBILITY_ONLY_NOT_PRODUCTION,234594.9955,169540.3402,9810.4062,19851,11308,-0.04181848,-0.03860046,-0.05116595,-0.04181848,-9810.4062,234594.9955,OK,0.0000,294.3122,3.0000,97.0000,AG03-UNRESOLVED,ALL5_LEVELS_bet23_to_bet27,294.3122,294.3122,294.3122,392.4162,490.5203,3.000000,3.000000,3.000000,4.000000,5.000000,97.000000,97.000000,97.000000,96.000000,95.000000,5.0,1765.8731,1644.6383,8044.5331,8165.7679,PENDING_AG03,FALSE,NOT_FOR_ENFORCEMENT,9516.0940,164454.1300,9810.4062,9516.0940,294.3122,0.04181848,0.04056393,294.3122,9516.0940,0.04056393,294.3122,294.3122,294.3122,392.4162,490.5203,9516.0940,0.04056393,1765.8731,1644.6383,8044.5331,8165.7679,0.03429115,0.03480794,0.00125455,11.8178,14.9930,0.8676,208.7320,5.3202,4991.3829,240.5957,12.7170,9.8041,2.5818,2.84,3.3563,4.9054,16.007,177.8754,0.2582,0.0,5.636364,62.633151,4.16126,29,188,6,10,0.74390005,0.04181848,0.03860046,0E-8,0.000000,0.722694,0.000000,0.01256549,2026-05-12,2026-08-02,47,1844,580,83,0.566265,1.297104,1.076088,2.479667,,,,,,,,GLOBAL_BASELINE_NO_ENTITY_RANKING,,,NOT_APPLICABLE_GLOBAL_BASELINE,HF9g-P5,,,,X 全窗基线 · 不参与实体赏罚,15059524,1506,A168_HF9F_20260827_0900,2026-08-27 09:00:00
2026-07-18,17529000,1402,0,88.2968011774,-32.7498515479,-32.7498515479,0.0909091,20,12,0.50030313489392540,0.499948100000,-2.715613369687522,-2.713257850163551,-2.715613369687522,0.00035503489392540,ELIGIBLE,R03b_20260811_FULL_v1,L1_ELIGIBILITY,v2026-08-11,2026-03-21..2026-08-06,baccarat_bet02_101_all_pairs_incl_sentinel,round_win = game_pnl > 0 (decisive only),COMPATIBILITY_ONLY_NOT_PRODUCTION,234594.9955,169540.3402,9810.4062,19851,11308,-0.04181848,-0.03860046,-0.05116595,-0.04181848,-9810.4062,234594.9955,OK,0.0000,294.3122,3.0000,97.0000,AG03-UNRESOLVED,ALL5_LEVELS_bet23_to_bet27,294.3122,294.3122,294.3122,392.4162,490.5203,3.000000,3.000000,3.000000,4.000000,5.000000,97.000000,97.000000,97.000000,96.000000,95.000000,5.0,1765.8731,1644.6383,8044.5331,8165.7679,PENDING_AG03,FALSE,NOT_FOR_ENFORCEMENT,9516.0940,164454.1300,9810.4062,9516.0940,294.3122,0.04181848,0.04056393,294.3122,9516.0940,0.04056393,294.3122,294.3122,294.3122,392.4162,490.5203,9516.0940,0.04056393,1765.8731,1644.6383,8044.5331,8165.7679,0.03429115,0.03480794,0.00125455,11.8178,14.9930,0.8676,208.7320,5.3202,4991.3829,240.5957,12.7170,9.8041,2.5818,2.84,3.3563,4.9054,16.007,177.8754,0.2582,0.0,5.636364,62.633151,4.16126,29,188,6,10,0.74390005,0.04181848,0.03860046,0E-8,0.000000,0.722694,0.000000,0.01256549,2026-05-12,2026-08-02,47,1844,580,83,0.566265,1.297104,1.076088,2.479667,,,,,,,,GLOBAL_BASELINE_NO_ENTITY_RANKING,,,NOT_APPLICABLE_GLOBAL_BASELINE,HF9g-P5,,,,X 全窗基线 · 不参与实体赏罚,15059525,1506,A168_HF9F_20260827_0900,2026-08-27 09:00:00
2026-07-18,17529000,1490,0,16.7815557792,-0.1290888906,-0.1290888906,0.5000000,6,3,0.49943549134202780,0.499948100000,0.0015966726179863701,0.00014679536856514622,0.0015966726179863701,-0.00051260865797220,ELIGIBLE,R03b_20260811_FULL_v1,L1_ELIGIBILITY,v2026-08-11,2026-03-21..2026-08-06,baccarat_bet02_101_all_pairs_incl_sentinel,round_win = game_pnl > 0 (decisive only),COMPATIBILITY_ONLY_NOT_PRODUCTION,234594.9955,169540.3402,9810.4062,19851,11308,-0.04181848,-0.03860046,-0.05116595,-0.04181848,-9810.4062,234594.9955,OK,0.0000,294.3122,3.0000,97.0000,AG03-UNRESOLVED,ALL5_LEVELS_bet23_to_bet27,294.3122,294.3122,294.3122,392.4162,490.5203,3.000000,3.000000,3.000000,4.000000,5.000000,97.000000,97.000000,97.000000,96.000000,95.000000,5.0,1765.8731,1644.6383,8044.5331,8165.7679,PENDING_AG03,FALSE,NOT_FOR_ENFORCEMENT,9516.0940,164454.1300,9810.4062,9516.0940,294.3122,0.04181848,0.04056393,294.3122,9516.0940,0.04056393,294.3122,294.3122,294.3122,392.4162,490.5203,9516.0940,0.04056393,1765.8731,1644.6383,8044.5331,8165.7679,0.03429115,0.03480794,0.00125455,11.8178,14.9930,0.8676,208.7320,5.3202,4991.3829,240.5957,12.7170,9.8041,2.5818,2.84,3.3563,4.9054,16.007,177.8754,0.2582,0.0,5.636364,62.633151,4.16126,29,188,6,10,0.74390005,0.04181848,0.03860046,0E-8,0.000000,0.722694,0.000000,0.01256549,2026-05-12,2026-08-02,47,1844,580,83,0.566265,1.297104,1.076088,2.479667,,,,,,,,GLOBAL_BASELINE_NO_ENTITY_RANKING,,,NOT_APPLICABLE_GLOBAL_BASELINE,HF9g-P5,,,,X 全窗基线 · 不参与实体赏罚,15059526,1506,A168_HF9F_20260827_0900,2026-08-27 09:00:00
2026-07-18,17529000,1505,0,6.1962667493,0.8519866780,0.8519866780,1.0000000,2,1,0.50106520000001803,0.499948100000,0.997871864475231,1.0001038053877793,0.997871864475231,0.00111710000001803,ELIGIBLE,R03b_20260811_FULL_v1,L1_ELIGIBILITY,v2026-08-11,2026-03-21..2026-08-06,baccarat_bet02_101_all_pairs_incl_sentinel,round_win = game_pnl > 0 (decisive only),COMPATIBILITY_ONLY_NOT_PRODUCTION,234594.9955,169540.3402,9810.4062,19851,11308,-0.04181848,-0.03860046,-0.05116595,-0.04181848,-9810.4062,234594.9955,OK,0.0000,294.3122,3.0000,97.0000,AG03-UNRESOLVED,ALL5_LEVELS_bet23_to_bet27,294.3122,294.3122,294.3122,392.4162,490.5203,3.000000,3.000000,3.000000,4.000000,5.000000,97.000000,97.000000,97.000000,96.000000,95.000000,5.0,1765.8731,1644.6383,8044.5331,8165.7679,PENDING_AG03,FALSE,NOT_FOR_ENFORCEMENT,9516.0940,164454.1300,9810.4062,9516.0940,294.3122,0.04181848,0.04056393,294.3122,9516.0940,0.04056393,294.3122,294.3122,294.3122,392.4162,490.5203,9516.0940,0.04056393,1765.8731,1644.6383,8044.5331,8165.7679,0.03429115,0.03480794,0.00125455,11.8178,14.9930,0.8676,208.7320,5.3202,4991.3829,240.5957,12.7170,9.8041,2.5818,2.84,3.3563,4.9054,16.007,177.8754,0.2582,0.0,5.636364,62.633151,4.16126,29,188,6,10,0.74390005,0.04181848,0.03860046,0E-8,0.000000,0.722694,0.000000,0.01256549,2026-05-12,2026-08-02,47,1844,580,83,0.566265,1.297104,1.076088,2.479667,,,,,,,,GLOBAL_BASELINE_NO_ENTITY_RANKING,,,NOT_APPLICABLE_GLOBAL_BASELINE,HF9g-P5,,,,X 全窗基线 · 不参与实体赏罚,15059527,1506,A168_HF9F_20260827_0900,2026-08-27 09:00:00
2026-07-18,17529000,1704,0,11.1016445924,-0.9036222342,-0.9036222342,0E-7,4,2,0.50009317792206824,0.499948100000,-1.4144771338966355,-1.4140667746232096,-1.4144771338966355,0.00014507792206824,ELIGIBLE,R03b_20260811_FULL_v1,L1_ELIGIBILITY,v2026-08-11,2026-03-21..2026-08-06,baccarat_bet02_101_all_pairs_incl_sentinel,round_win = game_pnl > 0 (decisive only),COMPATIBILITY_ONLY_NOT_PRODUCTION,234594.9955,169540.3402,9810.4062,19851,11308,-0.04181848,-0.03860046,-0.05116595,-0.04181848,-9810.4062,234594.9955,OK,0.0000,294.3122,3.0000,97.0000,AG03-UNRESOLVED,ALL5_LEVELS_bet23_to_bet27,294.3122,294.3122,294.3122,392.4162,490.5203,3.000000,3.000000,3.000000,4.000000,5.000000,97.000000,97.000000,97.000000,96.000000,95.000000,5.0,1765.8731,1644.6383,8044.5331,8165.7679,PENDING_AG03,FALSE,NOT_FOR_ENFORCEMENT,9516.0940,164454.1300,9810.4062,9516.0940,294.3122,0.04181848,0.04056393,294.3122,9516.0940,0.04056393,294.3122,294.3122,294.3122,392.4162,490.5203,9516.0940,0.04056393,1765.8731,1644.6383,8044.5331,8165.7679,0.03429115,0.03480794,0.00125455,11.8178,14.9930,0.8676,208.7320,5.3202,4991.3829,240.5957,12.7170,9.8041,2.5818,2.84,3.3563,4.9054,16.007,177.8754,0.2582,0.0,5.636364,62.633151,4.16126,29,188,6,10,0.74390005,0.04181848,0.03860046,0E-8,0.000000,0.722694,0.000000,0.01256549,2026-05-12,2026-08-02,47,1844,580,83,0.566265,1.297104,1.076088,2.479667,,,,,,,,GLOBAL_BASELINE_NO_ENTITY_RANKING,,,NOT_APPLICABLE_GLOBAL_BASELINE,HF9g-P5,,,,X 全窗基线 · 不参与实体赏罚,15059528,1506,A168_HF9F_20260827_0900,2026-08-27 09:00:00
2026-07-18,17529000,1710,0,10.8434668112,0E-10,0E-10,0.5000000,4,2,0.49994810000000000,0.499948100000,0.00014679536856514622,0.00014679536856514622,0.00014679536856514622,0E-17,ELIGIBLE,R03b_20260811_FULL_v1,L1_ELIGIBILITY,v2026-08-11,2026-03-21..2026-08-06,baccarat_bet02_101_all_pairs_incl_sentinel,round_win = game_pnl > 0 (decisive only),COMPATIBILITY_ONLY_NOT_PRODUCTION,234594.9955,169540.3402,9810.4062,19851,11308,-0.04181848,-0.03860046,-0.05116595,-0.04181848,-9810.4062,234594.9955,OK,0.0000,294.3122,3.0000,97.0000,AG03-UNRESOLVED,ALL5_LEVELS_bet23_to_bet27,294.3122,294.3122,294.3122,392.4162,490.5203,3.000000,3.000000,3.000000,4.000000,5.000000,97.000000,97.000000,97.000000,96.000000,95.000000,5.0,1765.8731,1644.6383,8044.5331,8165.7679,PENDING_AG03,FALSE,NOT_FOR_ENFORCEMENT,9516.0940,164454.1300,9810.4062,9516.0940,294.3122,0.04181848,0.04056393,294.3122,9516.0940,0.04056393,294.3122,294.3122,294.3122,392.4162,490.5203,9516.0940,0.04056393,1765.8731,1644.6383,8044.5331,8165.7679,0.03429115,0.03480794,0.00125455,11.8178,14.9930,0.8676,208.7320,5.3202,4991.3829,240.5957,12.7170,9.8041,2.5818,2.84,3.3563,4.9054,16.007,177.8754,0.2582,0.0,5.636364,62.633151,4.16126,29,188,6,10,0.74390005,0.04181848,0.03860046,0E-8,0.000000,0.722694,0.000000,0.01256549,2026-05-12,2026-08-02,47,1844,580,83,0.566265,1.297104,1.076088,2.479667,,,,,,,,GLOBAL_BASELINE_NO_ENTITY_RANKING,,,NOT_APPLICABLE_GLOBAL_BASELINE,HF9g-P5,,,,X 全窗基线 · 不参与实体赏罚,15059529,1506,A168_HF9F_20260827_0900,2026-08-27 09:00:00
2026-07-18,17529000,1942,0,43.3738672449,0.9423489016,0.9423489016,0.4285714,14,7,0.50101429874762815,0.499948100000,-0.3833324262390302,-0.377689846057837,-0.3833324262390302,0.00106619874762815,ELIGIBLE,R03b_20260811_FULL_v1,L1_ELIGIBILITY,v2026-08-11,2026-03-21..2026-08-06,baccarat_bet02_101_all_pairs_incl_sentinel,round_win = game_pnl > 0 (decisive only),COMPATIBILITY_ONLY_NOT_PRODUCTION,234594.9955,169540.3402,9810.4062,19851,11308,-0.04181848,-0.03860046,-0.05116595,-0.04181848,-9810.4062,234594.9955,OK,0.0000,294.3122,3.0000,97.0000,AG03-UNRESOLVED,ALL5_LEVELS_bet23_to_bet27,294.3122,294.3122,294.3122,392.4162,490.5203,3.000000,3.000000,3.000000,4.000000,5.000000,97.000000,97.000000,97.000000,96.000000,95.000000,5.0,1765.8731,1644.6383,8044.5331,8165.7679,PENDING_AG03,FALSE,NOT_FOR_ENFORCEMENT,9516.0940,164454.1300,9810.4062,9516.0940,294.3122,0.04181848,0.04056393,294.3122,9516.0940,0.04056393,294.3122,294.3122,294.3122,392.4162,490.5203,9516.0940,0.04056393,1765.8731,1644.6383,8044.5331,8165.7679,0.03429115,0.03480794,0.00125455,11.8178,14.9930,0.8676,208.7320,5.3202,4991.3829,240.5957,12.7170,9.8041,2.5818,2.84,3.3563,4.9054,16.007,177.8754,0.2582,0.0,5.636364,62.633151,4.16126,29,188,6,10,0.74390005,0.04181848,0.03860046,0E-8,0.000000,0.722694,0.000000,0.01256549,2026-05-12,2026-08-02,47,1844,580,83,0.566265,1.297104,1.076088,2.479667,,,,,,,,GLOBAL_BASELINE_NO_ENTITY_RANKING,,,NOT_APPLICABLE_GLOBAL_BASELINE,HF9g-P5,,,,X 全窗基线 · 不参与实体赏罚,15059530,1506,A168_HF9F_20260827_0900,2026-08-27 09:00:00
2026-07-18,17529000,1990,0,11.1016445924,0.2581777812,0.2581777812,0.5000000,4,2,0.49980302207793176,0.499948100000,0.0005571377409881778,0.00014679536856514622,0.0005571377409881778,-0.00014507792206824,ELIGIBLE,R03b_20260811_FULL_v1,L1_ELIGIBILITY,v2026-08-11,2026-03-21..2026-08-06,baccarat_bet02_101_all_pairs_incl_sentinel,round_win = game_pnl > 0 (decisive only),COMPATIBILITY_ONLY_NOT_PRODUCTION,234594.9955,169540.3402,9810.4062,19851,11308,-0.04181848,-0.03860046,-0.05116595,-0.04181848,-9810.4062,234594.9955,OK,0.0000,294.3122,3.0000,97.0000,AG03-UNRESOLVED,ALL5_LEVELS_bet23_to_bet27,294.3122,294.3122,294.3122,392.4162,490.5203,3.000000,3.000000,3.000000,4.000000,5.000000,97.000000,97.000000,97.000000,96.000000,95.000000,5.0,1765.8731,1644.6383,8044.5331,8165.7679,PENDING_AG03,FALSE,NOT_FOR_ENFORCEMENT,9516.0940,164454.1300,9810.4062,9516.0940,294.3122,0.04181848,0.04056393,294.3122,9516.0940,0.04056393,294.3122,294.3122,294.3122,392.4162,490.5203,9516.0940,0.04056393,1765.8731,1644.6383,8044.5331,8165.7679,0.03429115,0.03480794,0.00125455,11.8178,14.9930,0.8676,208.7320,5.3202,4991.3829,240.5957,12.7170,9.8041,2.5818,2.84,3.3563,4.9054,16.007,177.8754,0.2582,0.0,5.636364,62.633151,4.16126,29,188,6,10,0.74390005,0.04181848,0.03860046,0E-8,0.000000,0.722694,0.000000,0.01256549,2026-05-12,2026-08-02,47,1844,580,83,0.566265,1.297104,1.076088,2.479667,,,,,,,,GLOBAL_BASELINE_NO_ENTITY_RANKING,,,NOT_APPLICABLE_GLOBAL_BASELINE,HF9g-P5,,,,X 全窗基线 · 不参与实体赏罚,15059531,1506,A168_HF9F_20260827_0900,2026-08-27 09:00:00
2026-07-18,17529000,2101,0,118.7617793610,1.2134355719,1.2134355719,0.5000000,41,21,0.50039191267813166,0.500267271429,-0.003325490369639714,-0.0022678736023664914,-0.003325490369639714,0.00012464124913166,ELIGIBLE,R03b_20260811_FULL_v1,L1_ELIGIBILITY,v2026-08-11,2026-03-21..2026-08-06,baccarat_bet02_101_all_pairs_incl_sentinel,round_win = game_pnl > 0 (decisive only),COMPATIBILITY_ONLY_NOT_PRODUCTION,234594.9955,169540.3402,9810.4062,19851,11308,-0.04181848,-0.03860046,-0.05116595,-0.04181848,-9810.4062,234594.9955,OK,0.0000,294.3122,3.0000,97.0000,AG03-UNRESOLVED,ALL5_LEVELS_bet23_to_bet27,294.3122,294.3122,294.3122,392.4162,490.5203,3.000000,3.000000,3.000000,4.000000,5.000000,97.000000,97.000000,97.000000,96.000000,95.000000,5.0,1765.8731,1644.6383,8044.5331,8165.7679,PENDING_AG03,FALSE,NOT_FOR_ENFORCEMENT,9516.0940,164454.1300,9810.4062,9516.0940,294.3122,0.04181848,0.04056393,294.3122,9516.0940,0.04056393,294.3122,294.3122,294.3122,392.4162,490.5203,9516.0940,0.04056393,1765.8731,1644.6383,8044.5331,8165.7679,0.03429115,0.03480794,0.00125455,11.8178,14.9930,0.8676,208.7320,5.3202,4991.3829,240.5957,12.7170,9.8041,2.5818,2.84,3.3563,4.9054,16.007,177.8754,0.2582,0.0,5.636364,62.633151,4.16126,29,188,6,10,0.74390005,0.04181848,0.03860046,0E-8,0.000000,0.722694,0.000000,0.01256549,2026-05-12,2026-08-02,47,1844,580,83,0.566265,1.297104,1.076088,2.479667,,,,,,,,GLOBAL_BASELINE_NO_ENTITY_RANKING,,,NOT_APPLICABLE_GLOBAL_BASELINE,HF9g-P5,,,,X 全窗基线 · 不参与实体赏罚,15059532,1506,A168_HF9F_20260827_0900,2026-08-27 09:00:00
2026-07-18,17529000,2104,0,11.8761779361,-1.8072444685,-1.8072444685,0E-7,4,2,0.49911825428572606,0.499948100000,-1.4117218040376647,-1.4140667746232096,-1.4117218040376647,-0.00082984571427394,ELIGIBLE,R03b_20260811_FULL_v1,L1_ELIGIBILITY,v2026-08-11,2026-03-21..2026-08-06,baccarat_bet02_101_all_pairs_incl_sentinel,round_win = game_pnl > 0 (decisive only),COMPATIBILITY_ONLY_NOT_PRODUCTION,234594.9955,169540.3402,9810.4062,19851,11308,-0.04181848,-0.03860046,-0.05116595,-0.04181848,-9810.4062,234594.9955,OK,0.0000,294.3122,3.0000,97.0000,AG03-UNRESOLVED,ALL5_LEVELS_bet23_to_bet27,294.3122,294.3122,294.3122,392.4162,490.5203,3.000000,3.000000,3.000000,4.000000,5.000000,97.000000,97.000000,97.000000,96.000000,95.000000,5.0,1765.8731,1644.6383,8044.5331,8165.7679,PENDING_AG03,FALSE,NOT_FOR_ENFORCEMENT,9516.0940,164454.1300,9810.4062,9516.0940,294.3122,0.04181848,0.04056393,294.3122,9516.0940,0.04056393,294.3122,294.3122,294.3122,392.4162,490.5203,9516.0940,0.04056393,1765.8731,1644.6383,8044.5331,8165.7679,0.03429115,0.03480794,0.00125455,11.8178,14.9930,0.8676,208.7320,5.3202,4991.3829,240.5957,12.7170,9.8041,2.5818,2.84,3.3563,4.9054,16.007,177.8754,0.2582,0.0,5.636364,62.633151,4.16126,29,188,6,10,0.74390005,0.04181848,0.03860046,0E-8,0.000000,0.722694,0.000000,0.01256549,2026-05-12,2026-08-02,47,1844,580,83,0.566265,1.297104,1.076088,2.479667,,,,,,,,GLOBAL_BASELINE_NO_ENTITY_RANKING,,,NOT_APPLICABLE_GLOBAL_BASELINE,HF9g-P5,,,,X 全窗基线 · 不参与实体赏罚,15059533,1506,A168_HF9F_20260827_0900,2026-08-27 09:00:00
2026-07-18,17529000,2127,0,5.6799111868,0.5163555624,0.5163555624,1.0000000,2,1,0.49933877272731564,0.499948100000,1.0013233301459405,1.0001038053877793,1.0013233301459405,-0.00060932727268436,ELIGIBLE,R03b_20260811_FULL_v1,L1_ELIGIBILITY,v2026-08-11,2026-03-21..2026-08-06,baccarat_bet02_101_all_pairs_incl_sentinel,round_win = game_pnl > 0 (decisive only),COMPATIBILITY_ONLY_NOT_PRODUCTION,234594.9955,169540.3402,9810.4062,19851,11308,-0.04181848,-0.03860046,-0.05116595,-0.04181848,-9810.4062,234594.9955,OK,0.0000,294.3122,3.0000,97.0000,AG03-UNRESOLVED,ALL5_LEVELS_bet23_to_bet27,294.3122,294.3122,294.3122,392.4162,490.5203,3.000000,3.000000,3.000000,4.000000,5.000000,97.000000,97.000000,97.000000,96.000000,95.000000,5.0,1765.8731,1644.6383,8044.5331,8165.7679,PENDING_AG03,FALSE,NOT_FOR_ENFORCEMENT,9516.0940,164454.1300,9810.4062,9516.0940,294.3122,0.04181848,0.04056393,294.3122,9516.0940,0.04056393,294.3122,294.3122,294.3122,392.4162,490.5203,9516.0940,0.04056393,1765.8731,1644.6383,8044.5331,8165.7679,0.03429115,0.03480794,0.00125455,11.8178,14.9930,0.8676,208.7320,5.3202,4991.3829,240.5957,12.7170,9.8041,2.5818,2.84,3.3563,4.9054,16.007,177.8754,0.2582,0.0,5.636364,62.633151,4.16126,29,188,6,10,0.74390005,0.04181848,0.03860046,0E-8,0.000000,0.722694,0.000000,0.01256549,2026-05-12,2026-08-02,47,1844,580,83,0.566265,1.297104,1.076088,2.479667,,,,,,,,GLOBAL_BASELINE_NO_ENTITY_RANKING,,,NOT_APPLICABLE_GLOBAL_BASELINE,HF9g-P5,,,,X 全窗基线 · 不参与实体赏罚,15059534,1506,A168_HF9F_20260827_0900,2026-08-27 09:00:00
2026-07-18,17529000,2129,0,8.0035112178,2.1945111404,2.1945111404,0.5000000,3,2,0.49643721428572606,0.496596800000,0.010077335589308673,0.009625926164049045,0.010077335589308673,-0.00015958571427394,ELIGIBLE,R03b_20260811_FULL_v1,L1_ELIGIBILITY,v2026-08-11,2026-03-21..2026-08-06,baccarat_bet02_101_all_pairs_incl_sentinel,round_win = game_pnl > 0 (decisive only),COMPATIBILITY_ONLY_NOT_PRODUCTION,234594.9955,169540.3402,9810.4062,19851,11308,-0.04181848,-0.03860046,-0.05116595,-0.04181848,-9810.4062,234594.9955,OK,0.0000,294.3122,3.0000,97.0000,AG03-UNRESOLVED,ALL5_LEVELS_bet23_to_bet27,294.3122,294.3122,294.3122,392.4162,490.5203,3.000000,3.000000,3.000000,4.000000,5.000000,97.000000,97.000000,97.000000,96.000000,95.000000,5.0,1765.8731,1644.6383,8044.5331,8165.7679,PENDING_AG03,FALSE,NOT_FOR_ENFORCEMENT,9516.0940,164454.1300,9810.4062,9516.0940,294.3122,0.04181848,0.04056393,294.3122,9516.0940,0.04056393,294.3122,294.3122,294.3122,392.4162,490.5203,9516.0940,0.04056393,1765.8731,1644.6383,8044.5331,8165.7679,0.03429115,0.03480794,0.00125455,11.8178,14.9930,0.8676,208.7320,5.3202,4991.3829,240.5957,12.7170,9.8041,2.5818,2.84,3.3563,4.9054,16.007,177.8754,0.2582,0.0,5.636364,62.633151,4.16126,29,188,6,10,0.74390005,0.04181848,0.03860046,0E-8,0.000000,0.722694,0.000000,0.01256549,2026-05-12,2026-08-02,47,1844,580,83,0.566265,1.297104,1.076088,2.479667,,,,,,,,GLOBAL_BASELINE_NO_ENTITY_RANKING,,,NOT_APPLICABLE_GLOBAL_BASELINE,HF9g-P5,,,,X 全窗基线 · 不参与实体赏罚,15059535,1506,A168_HF9F_20260827_0900,2026-08-27 09:00:00
2026-07-18,17529000,2130,0,16.5233779980,0.5938088969,0.5938088969,1.0000000,6,3,0.50036399004326004,0.499948100000,1.7307903676926968,1.7322306037746105,1.7307903676926968,0.00041589004326004,ELIGIBLE,R03b_20260811_FULL_v1,L1_ELIGIBILITY,v2026-08-11,2026-03-21..2026-08-06,baccarat_bet02_101_all_pairs_incl_sentinel,round_win = game_pnl > 0 (decisive only),COMPATIBILITY_ONLY_NOT_PRODUCTION,234594.9955,169540.3402,9810.4062,19851,11308,-0.04181848,-0.03860046,-0.05116595,-0.04181848,-9810.4062,234594.9955,OK,0.0000,294.3122,3.0000,97.0000,AG03-UNRESOLVED,ALL5_LEVELS_bet23_to_bet27,294.3122,294.3122,294.3122,392.4162,490.5203,3.000000,3.000000,3.000000,4.000000,5.000000,97.000000,97.000000,97.000000,96.000000,95.000000,5.0,1765.8731,1644.6383,8044.5331,8165.7679,PENDING_AG03,FALSE,NOT_FOR_ENFORCEMENT,9516.0940,164454.1300,9810.4062,9516.0940,294.3122,0.04181848,0.04056393,294.3122,9516.0940,0.04056393,294.3122,294.3122,294.3122,392.4162,490.5203,9516.0940,0.04056393,1765.8731,1644.6383,8044.5331,8165.7679,0.03429115,0.03480794,0.00125455,11.8178,14.9930,0.8676,208.7320,5.3202,4991.3829,240.5957,12.7170,9.8041,2.5818,2.84,3.3563,4.9054,16.007,177.8754,0.2582,0.0,5.636364,62.633151,4.16126,29,188,6,10,0.74390005,0.04181848,0.03860046,0E-8,0.000000,0.722694,0.000000,0.01256549,2026-05-12,2026-08-02,47,1844,580,83,0.566265,1.297104,1.076088,2.479667,,,,,,,,GLOBAL_BASELINE_NO_ENTITY_RANKING,,,NOT_APPLICABLE_GLOBAL_BASELINE,HF9g-P5,,,,X 全窗基线 · 不参与实体赏罚,15059536,1506,A168_HF9F_20260827_0900,2026-08-27 09:00:00
2026-07-18,17529000,2142,0,202.4113804763,23.6232669820,23.6232669820,0.6086957,45,24,0.50102977680734996,0.500785925000,1.0326969883653185,1.0350350211431867,1.0326969883653185,0.00024385180734996,ELIGIBLE,R03b_20260811_FULL_v1,L1_ELIGIBILITY,v2026-08-11,2026-03-21..2026-08-06,baccarat_bet02_101_all_pairs_incl_sentinel,round_win = game_pnl > 0 (decisive only),COMPATIBILITY_ONLY_NOT_PRODUCTION,234594.9955,169540.3402,9810.4062,19851,11308,-0.04181848,-0.03860046,-0.05116595,-0.04181848,-9810.4062,234594.9955,OK,0.0000,294.3122,3.0000,97.0000,AG03-UNRESOLVED,ALL5_LEVELS_bet23_to_bet27,294.3122,294.3122,294.3122,392.4162,490.5203,3.000000,3.000000,3.000000,4.000000,5.000000,97.000000,97.000000,97.000000,96.000000,95.000000,5.0,1765.8731,1644.6383,8044.5331,8165.7679,PENDING_AG03,FALSE,NOT_FOR_ENFORCEMENT,9516.0940,164454.1300,9810.4062,9516.0940,294.3122,0.04181848,0.04056393,294.3122,9516.0940,0.04056393,294.3122,294.3122,294.3122,392.4162,490.5203,9516.0940,0.04056393,1765.8731,1644.6383,8044.5331,8165.7679,0.03429115,0.03480794,0.00125455,11.8178,14.9930,0.8676,208.7320,5.3202,4991.3829,240.5957,12.7170,9.8041,2.5818,2.84,3.3563,4.9054,16.007,177.8754,0.2582,0.0,5.636364,62.633151,4.16126,29,188,6,10,0.74390005,0.04181848,0.03860046,0E-8,0.000000,0.722694,0.000000,0.01256549,2026-05-12,2026-08-02,47,1844,580,83,0.566265,1.297104,1.076088,2.479667,,,,,,,,GLOBAL_BASELINE_NO_ENTITY_RANKING,,,NOT_APPLICABLE_GLOBAL_BASELINE,HF9g-P5,,,,X 全窗基线 · 不参与实体赏罚,15059537,1506,A168_HF9F_20260827_0900,2026-08-27 09:00:00
2026-07-18,17529000,2152,0,130.1216017346,7.8744223274,7.8744223274,0.4000000,26,16,0.50302599820282617,0.502461575000,-0.798050565629271,-0.7936735655548349,-0.798050565629271,0.00056442320282617,ELIGIBLE,R03b_20260811_FULL_v1,L1_ELIGIBILITY,v2026-08-11,2026-03-21..2026-08-06,baccarat_bet02_101_all_pairs_incl_sentinel,round_win = game_pnl > 0 (decisive only),COMPATIBILITY_ONLY_NOT_PRODUCTION,234594.9955,169540.3402,9810.4062,19851,11308,-0.04181848,-0.03860046,-0.05116595,-0.04181848,-9810.4062,234594.9955,OK,0.0000,294.3122,3.0000,97.0000,AG03-UNRESOLVED,ALL5_LEVELS_bet23_to_bet27,294.3122,294.3122,294.3122,392.4162,490.5203,3.000000,3.000000,3.000000,4.000000,5.000000,97.000000,97.000000,97.000000,96.000000,95.000000,5.0,1765.8731,1644.6383,8044.5331,8165.7679,PENDING_AG03,FALSE,NOT_FOR_ENFORCEMENT,9516.0940,164454.1300,9810.4062,9516.0940,294.3122,0.04181848,0.04056393,294.3122,9516.0940,0.04056393,294.3122,294.3122,294.3122,392.4162,490.5203,9516.0940,0.04056393,1765.8731,1644.6383,8044.5331,8165.7679,0.03429115,0.03480794,0.00125455,11.8178,14.9930,0.8676,208.7320,5.3202,4991.3829,240.5957,12.7170,9.8041,2.5818,2.84,3.3563,4.9054,16.007,177.8754,0.2582,0.0,5.636364,62.633151,4.16126,29,188,6,10,0.74390005,0.04181848,0.03860046,0E-8,0.000000,0.722694,0.000000,0.01256549,2026-05-12,2026-08-02,47,1844,580,83,0.566265,1.297104,1.076088,2.479667,,,,,,,,GLOBAL_BASELINE_NO_ENTITY_RANKING,,,NOT_APPLICABLE_GLOBAL_BASELINE,HF9g-P5,,,,X 全窗基线 · 不参与实体赏罚,15059538,1506,A168_HF9F_20260827_0900,2026-08-27 09:00:00
2026-07-18,17529000,2153,0,22.9778225285,1.3167066842,1.3167066842,0.7500000,8,4,0.50061183149348366,0.499948100000,0.9975534208702036,1.0002076053883384,0.9975534208702036,0.00066373149348366,ELIGIBLE,R03b_20260811_FULL_v1,L1_ELIGIBILITY,v2026-08-11,2026-03-21..2026-08-06,baccarat_bet02_101_all_pairs_incl_sentinel,round_win = game_pnl > 0 (decisive only),COMPATIBILITY_ONLY_NOT_PRODUCTION,234594.9955,169540.3402,9810.4062,19851,11308,-0.04181848,-0.03860046,-0.05116595,-0.04181848,-9810.4062,234594.9955,OK,0.0000,294.3122,3.0000,97.0000,AG03-UNRESOLVED,ALL5_LEVELS_bet23_to_bet27,294.3122,294.3122,294.3122,392.4162,490.5203,3.000000,3.000000,3.000000,4.000000,5.000000,97.000000,97.000000,97.000000,96.000000,95.000000,5.0,1765.8731,1644.6383,8044.5331,8165.7679,PENDING_AG03,FALSE,NOT_FOR_ENFORCEMENT,9516.0940,164454.1300,9810.4062,9516.0940,294.3122,0.04181848,0.04056393,294.3122,9516.0940,0.04056393,294.3122,294.3122,294.3122,392.4162,490.5203,9516.0940,0.04056393,1765.8731,1644.6383,8044.5331,8165.7679,0.03429115,0.03480794,0.00125455,11.8178,14.9930,0.8676,208.7320,5.3202,4991.3829,240.5957,12.7170,9.8041,2.5818,2.84,3.3563,4.9054,16.007,177.8754,0.2582,0.0,5.636364,62.633151,4.16126,29,188,6,10,0.74390005,0.04181848,0.03860046,0E-8,0.000000,0.722694,0.000000,0.01256549,2026-05-12,2026-08-02,47,1844,580,83,0.566265,1.297104,1.076088,2.479667,,,,,,,,GLOBAL_BASELINE_NO_ENTITY_RANKING,,,NOT_APPLICABLE_GLOBAL_BASELINE,HF9g-P5,,,,X 全窗基线 · 不参与实体赏罚,15059539,1506,A168_HF9F_20260827_0900,2026-08-27 09:00:00
2026-07-18,17529000,2174,0,5.4217334056,-0.2581777812,-0.2581777812,0E-7,2,1,0.50026727142854788,0.499948100000,-1.0005346858015285,-0.9998962053866608,-1.0005346858015285,0.00031917142854788,ELIGIBLE,R03b_20260811_FULL_v1,L1_ELIGIBILITY,v2026-08-11,2026-03-21..2026-08-06,baccarat_bet02_101_all_pairs_incl_sentinel,round_win = game_pnl > 0 (decisive only),COMPATIBILITY_ONLY_NOT_PRODUCTION,234594.9955,169540.3402,9810.4062,19851,11308,-0.04181848,-0.03860046,-0.05116595,-0.04181848,-9810.4062,234594.9955,OK,0.0000,294.3122,3.0000,97.0000,AG03-UNRESOLVED,ALL5_LEVELS_bet23_to_bet27,294.3122,294.3122,294.3122,392.4162,490.5203,3.000000,3.000000,3.000000,4.000000,5.000000,97.000000,97.000000,97.000000,96.000000,95.000000,5.0,1765.8731,1644.6383,8044.5331,8165.7679,PENDING_AG03,FALSE,NOT_FOR_ENFORCEMENT,9516.0940,164454.1300,9810.4062,9516.0940,294.3122,0.04181848,0.04056393,294.3122,9516.0940,0.04056393,294.3122,294.3122,294.3122,392.4162,490.5203,9516.0940,0.04056393,1765.8731,1644.6383,8044.5331,8165.7679,0.03429115,0.03480794,0.00125455,11.8178,14.9930,0.8676,208.7320,5.3202,4991.3829,240.5957,12.7170,9.8041,2.5818,2.84,3.3563,4.9054,16.007,177.8754,0.2582,0.0,5.636364,62.633151,4.16126,29,188,6,10,0.74390005,0.04181848,0.03860046,0E-8,0.000000,0.722694,0.000000,0.01256549,2026-05-12,2026-08-02,47,1844,580,83,0.566265,1.297104,1.076088,2.479667,,,,,,,,GLOBAL_BASELINE_NO_ENTITY_RANKING,,,NOT_APPLICABLE_GLOBAL_BASELINE,HF9g-P5,,,,X 全窗基线 · 不参与实体赏罚,15059540,1506,A168_HF9F_20260827_0900,2026-08-27 09:00:00
2026-07-18,17529000,2177,0,12.1343557173,-1.8072444685,-1.8072444685,0E-7,4,2,0.50092302363634218,0.499948100000,-1.4168266816600814,-1.4140667746232096,-1.4168266816600814,0.00097492363634218,ELIGIBLE,R03b_20260811_FULL_v1,L1_ELIGIBILITY,v2026-08-11,2026-03-21..2026-08-06,baccarat_bet02_101_all_pairs_incl_sentinel,round_win = game_pnl > 0 (decisive only),COMPATIBILITY_ONLY_NOT_PRODUCTION,234594.9955,169540.3402,9810.4062,19851,11308,-0.04181848,-0.03860046,-0.05116595,-0.04181848,-9810.4062,234594.9955,OK,0.0000,294.3122,3.0000,97.0000,AG03-UNRESOLVED,ALL5_LEVELS_bet23_to_bet27,294.3122,294.3122,294.3122,392.4162,490.5203,3.000000,3.000000,3.000000,4.000000,5.000000,97.000000,97.000000,97.000000,96.000000,95.000000,5.0,1765.8731,1644.6383,8044.5331,8165.7679,PENDING_AG03,FALSE,NOT_FOR_ENFORCEMENT,9516.0940,164454.1300,9810.4062,9516.0940,294.3122,0.04181848,0.04056393,294.3122,9516.0940,0.04056393,294.3122,294.3122,294.3122,392.4162,490.5203,9516.0940,0.04056393,1765.8731,1644.6383,8044.5331,8165.7679,0.03429115,0.03480794,0.00125455,11.8178,14.9930,0.8676,208.7320,5.3202,4991.3829,240.5957,12.7170,9.8041,2.5818,2.84,3.3563,4.9054,16.007,177.8754,0.2582,0.0,5.636364,62.633151,4.16126,29,188,6,10,0.74390005,0.04181848,0.03860046,0E-8,0.000000,0.722694,0.000000,0.01256549,2026-05-12,2026-08-02,47,1844,580,83,0.566265,1.297104,1.076088,2.479667,,,,,,,,GLOBAL_BASELINE_NO_ENTITY_RANKING,,,NOT_APPLICABLE_GLOBAL_BASELINE,HF9g-P5,,,,X 全窗基线 · 不参与实体赏罚,15059541,1506,A168_HF9F_20260827_0900,2026-08-27 09:00:00
2026-07-18,17529000,2188,0,5.6799111868,-0.5163555624,-0.5163555624,0E-7,2,1,0.50055742727268436,0.499948100000,-1.001115476689104,-0.9998962053866608,-1.001115476689104,0.00060932727268436,ELIGIBLE,R03b_20260811_FULL_v1,L1_ELIGIBILITY,v2026-08-11,2026-03-21..2026-08-06,baccarat_bet02_101_all_pairs_incl_sentinel,round_win = game_pnl > 0 (decisive only),COMPATIBILITY_ONLY_NOT_PRODUCTION,234594.9955,169540.3402,9810.4062,19851,11308,-0.04181848,-0.03860046,-0.05116595,-0.04181848,-9810.4062,234594.9955,OK,0.0000,294.3122,3.0000,97.0000,AG03-UNRESOLVED,ALL5_LEVELS_bet23_to_bet27,294.3122,294.3122,294.3122,392.4162,490.5203,3.000000,3.000000,3.000000,4.000000,5.000000,97.000000,97.000000,97.000000,96.000000,95.000000,5.0,1765.8731,1644.6383,8044.5331,8165.7679,PENDING_AG03,FALSE,NOT_FOR_ENFORCEMENT,9516.0940,164454.1300,9810.4062,9516.0940,294.3122,0.04181848,0.04056393,294.3122,9516.0940,0.04056393,294.3122,294.3122,294.3122,392.4162,490.5203,9516.0940,0.04056393,1765.8731,1644.6383,8044.5331,8165.7679,0.03429115,0.03480794,0.00125455,11.8178,14.9930,0.8676,208.7320,5.3202,4991.3829,240.5957,12.7170,9.8041,2.5818,2.84,3.3563,4.9054,16.007,177.8754,0.2582,0.0,5.636364,62.633151,4.16126,29,188,6,10,0.74390005,0.04181848,0.03860046,0E-8,0.000000,0.722694,0.000000,0.01256549,2026-05-12,2026-08-02,47,1844,580,83,0.566265,1.297104,1.076088,2.479667,,,,,,,,GLOBAL_BASELINE_NO_ENTITY_RANKING,,,NOT_APPLICABLE_GLOBAL_BASELINE,HF9g-P5,,,,X 全窗基线 · 不参与实体赏罚,15059542,1506,A168_HF9F_20260827_0900,2026-08-27 09:00:00
2026-07-18,17529000,2201,0,45.6974672759,6.0800867479,6.0800867479,0.5714286,12,7,0.50028753628116834,0.499948100000,0.37644303626991965,0.37823910403297295,0.37644303626991965,0.00033943628116834,ELIGIBLE,R03b_20260811_FULL_v1,L1_ELIGIBILITY,v2026-08-11,2026-03-21..2026-08-06,baccarat_bet02_101_all_pairs_incl_sentinel,round_win = game_pnl > 0 (decisive only),COMPATIBILITY_ONLY_NOT_PRODUCTION,234594.9955,169540.3402,9810.4062,19851,11308,-0.04181848,-0.03860046,-0.05116595,-0.04181848,-9810.4062,234594.9955,OK,0.0000,294.3122,3.0000,97.0000,AG03-UNRESOLVED,ALL5_LEVELS_bet23_to_bet27,294.3122,294.3122,294.3122,392.4162,490.5203,3.000000,3.000000,3.000000,4.000000,5.000000,97.000000,97.000000,97.000000,96.000000,95.000000,5.0,1765.8731,1644.6383,8044.5331,8165.7679,PENDING_AG03,FALSE,NOT_FOR_ENFORCEMENT,9516.0940,164454.1300,9810.4062,9516.0940,294.3122,0.04181848,0.04056393,294.3122,9516.0940,0.04056393,294.3122,294.3122,294.3122,392.4162,490.5203,9516.0940,0.04056393,1765.8731,1644.6383,8044.5331,8165.7679,0.03429115,0.03480794,0.00125455,11.8178,14.9930,0.8676,208.7320,5.3202,4991.3829,240.5957,12.7170,9.8041,2.5818,2.84,3.3563,4.9054,16.007,177.8754,0.2582,0.0,5.636364,62.633151,4.16126,29,188,6,10,0.74390005,0.04181848,0.03860046,0E-8,0.000000,0.722694,0.000000,0.01256549,2026-05-12,2026-08-02,47,1844,580,83,0.566265,1.297104,1.076088,2.479667,,,,,,,,GLOBAL_BASELINE_NO_ENTITY_RANKING,,,NOT_APPLICABLE_GLOBAL_BASELINE,HF9g-P5,,,,X 全窗基线 · 不参与实体赏罚,15059543,1506,A168_HF9F_20260827_0900,2026-08-27 09:00:00
2026-07-18,17529000,2205,0,16.2652002168,3.4983089355,3.4983089355,0.6666667,5,3,0.50275777575756746,0.502182300000,0.5678056904953782,0.5697959874915164,0.5678056904953782,0.00057547575756746,ELIGIBLE,R03b_20260811_FULL_v1,L1_ELIGIBILITY,v2026-08-11,2026-03-21..2026-08-06,baccarat_bet02_101_all_pairs_incl_sentinel,round_win = game_pnl > 0 (decisive only),COMPATIBILITY_ONLY_NOT_PRODUCTION,234594.9955,169540.3402,9810.4062,19851,11308,-0.04181848,-0.03860046,-0.05116595,-0.04181848,-9810.4062,234594.9955,OK,0.0000,294.3122,3.0000,97.0000,AG03-UNRESOLVED,ALL5_LEVELS_bet23_to_bet27,294.3122,294.3122,294.3122,392.4162,490.5203,3.000000,3.000000,3.000000,4.000000,5.000000,97.000000,97.000000,97.000000,96.000000,95.000000,5.0,1765.8731,1644.6383,8044.5331,8165.7679,PENDING_AG03,FALSE,NOT_FOR_ENFORCEMENT,9516.0940,164454.1300,9810.4062,9516.0940,294.3122,0.04181848,0.04056393,294.3122,9516.0940,0.04056393,294.3122,294.3122,294.3122,392.4162,490.5203,9516.0940,0.04056393,1765.8731,1644.6383,8044.5331,8165.7679,0.03429115,0.03480794,0.00125455,11.8178,14.9930,0.8676,208.7320,5.3202,4991.3829,240.5957,12.7170,9.8041,2.5818,2.84,3.3563,4.9054,16.007,177.8754,0.2582,0.0,5.636364,62.633151,4.16126,29,188,6,10,0.74390005,0.04181848,0.03860046,0E-8,0.000000,0.722694,0.000000,0.01256549,2026-05-12,2026-08-02,47,1844,580,83,0.566265,1.297104,1.076088,2.479667,,,,,,,,GLOBAL_BASELINE_NO_ENTITY_RANKING,,,NOT_APPLICABLE_GLOBAL_BASELINE,HF9g-P5,,,,X 全窗基线 · 不参与实体赏罚,15059544,1506,A168_HF9F_20260827_0900,2026-08-27 09:00:00
2026-07-18,17529000,2212,0,30.7231559652,0.0258177782,0.0258177782,0.2500000,10,5,0.50097310705815882,0.499948100000,-1.0038943294845009,-0.9997924053861017,-1.0038943294845009,0.00102500705815882,ELIGIBLE,R03b_20260811_FULL_v1,L1_ELIGIBILITY,v2026-08-11,2026-03-21..2026-08-06,baccarat_bet02_101_all_pairs_incl_sentinel,round_win = game_pnl > 0 (decisive only),COMPATIBILITY_ONLY_NOT_PRODUCTION,234594.9955,169540.3402,9810.4062,19851,11308,-0.04181848,-0.03860046,-0.05116595,-0.04181848,-9810.4062,234594.9955,OK,0.0000,294.3122,3.0000,97.0000,AG03-UNRESOLVED,ALL5_LEVELS_bet23_to_bet27,294.3122,294.3122,294.3122,392.4162,490.5203,3.000000,3.000000,3.000000,4.000000,5.000000,97.000000,97.000000,97.000000,96.000000,95.000000,5.0,1765.8731,1644.6383,8044.5331,8165.7679,PENDING_AG03,FALSE,NOT_FOR_ENFORCEMENT,9516.0940,164454.1300,9810.4062,9516.0940,294.3122,0.04181848,0.04056393,294.3122,9516.0940,0.04056393,294.3122,294.3122,294.3122,392.4162,490.5203,9516.0940,0.04056393,1765.8731,1644.6383,8044.5331,8165.7679,0.03429115,0.03480794,0.00125455,11.8178,14.9930,0.8676,208.7320,5.3202,4991.3829,240.5957,12.7170,9.8041,2.5818,2.84,3.3563,4.9054,16.007,177.8754,0.2582,0.0,5.636364,62.633151,4.16126,29,188,6,10,0.74390005,0.04181848,0.03860046,0E-8,0.000000,0.722694,0.000000,0.01256549,2026-05-12,2026-08-02,47,1844,580,83,0.566265,1.297104,1.076088,2.479667,,,,,,,,GLOBAL_BASELINE_NO_ENTITY_RANKING,,,NOT_APPLICABLE_GLOBAL_BASELINE,HF9g-P5,,,,X 全窗基线 · 不参与实体赏罚,15059545,1506,A168_HF9F_20260827_0900,2026-08-27 09:00:00
2026-07-18,17529000,2218,0,5.4217334056,0.1161800016,0.1161800016,1.0000000,2,1,0.50026727142854788,0.499948100000,0.9994655999345988,1.0001038053877793,0.9994655999345988,0.00031917142854788,ELIGIBLE,R03b_20260811_FULL_v1,L1_ELIGIBILITY,v2026-08-11,2026-03-21..2026-08-06,baccarat_bet02_101_all_pairs_incl_sentinel,round_win = game_pnl > 0 (decisive only),COMPATIBILITY_ONLY_NOT_PRODUCTION,234594.9955,169540.3402,9810.4062,19851,11308,-0.04181848,-0.03860046,-0.05116595,-0.04181848,-9810.4062,234594.9955,OK,0.0000,294.3122,3.0000,97.0000,AG03-UNRESOLVED,ALL5_LEVELS_bet23_to_bet27,294.3122,294.3122,294.3122,392.4162,490.5203,3.000000,3.000000,3.000000,4.000000,5.000000,97.000000,97.000000,97.000000,96.000000,95.000000,5.0,1765.8731,1644.6383,8044.5331,8165.7679,PENDING_AG03,FALSE,NOT_FOR_ENFORCEMENT,9516.0940,164454.1300,9810.4062,9516.0940,294.3122,0.04181848,0.04056393,294.3122,9516.0940,0.04056393,294.3122,294.3122,294.3122,392.4162,490.5203,9516.0940,0.04056393,1765.8731,1644.6383,8044.5331,8165.7679,0.03429115,0.03480794,0.00125455,11.8178,14.9930,0.8676,208.7320,5.3202,4991.3829,240.5957,12.7170,9.8041,2.5818,2.84,3.3563,4.9054,16.007,177.8754,0.2582,0.0,5.636364,62.633151,4.16126,29,188,6,10,0.74390005,0.04181848,0.03860046,0E-8,0.000000,0.722694,0.000000,0.01256549,2026-05-12,2026-08-02,47,1844,580,83,0.566265,1.297104,1.076088,2.479667,,,,,,,,GLOBAL_BASELINE_NO_ENTITY_RANKING,,,NOT_APPLICABLE_GLOBAL_BASELINE,HF9g-P5,,,,X 全窗基线 · 不参与实体赏罚,15059546,1506,A168_HF9F_20260827_0900,2026-08-27 09:00:00
2026-07-18,17529000,2220,0,79.7769343968,0.9423489017,0.9423489017,0.5833333,28,14,0.49975549779462710,0.499948100000,0.5790442993907787,0.577709846049527,0.5790442993907787,-0.00019260220537290,ELIGIBLE,R03b_20260811_FULL_v1,L1_ELIGIBILITY,v2026-08-11,2026-03-21..2026-08-06,baccarat_bet02_101_all_pairs_incl_sentinel,round_win = game_pnl > 0 (decisive only),COMPATIBILITY_ONLY_NOT_PRODUCTION,234594.9955,169540.3402,9810.4062,19851,11308,-0.04181848,-0.03860046,-0.05116595,-0.04181848,-9810.4062,234594.9955,OK,0.0000,294.3122,3.0000,97.0000,AG03-UNRESOLVED,ALL5_LEVELS_bet23_to_bet27,294.3122,294.3122,294.3122,392.4162,490.5203,3.000000,3.000000,3.000000,4.000000,5.000000,97.000000,97.000000,97.000000,96.000000,95.000000,5.0,1765.8731,1644.6383,8044.5331,8165.7679,PENDING_AG03,FALSE,NOT_FOR_ENFORCEMENT,9516.0940,164454.1300,9810.4062,9516.0940,294.3122,0.04181848,0.04056393,294.3122,9516.0940,0.04056393,294.3122,294.3122,294.3122,392.4162,490.5203,9516.0940,0.04056393,1765.8731,1644.6383,8044.5331,8165.7679,0.03429115,0.03480794,0.00125455,11.8178,14.9930,0.8676,208.7320,5.3202,4991.3829,240.5957,12.7170,9.8041,2.5818,2.84,3.3563,4.9054,16.007,177.8754,0.2582,0.0,5.636364,62.633151,4.16126,29,188,6,10,0.74390005,0.04181848,0.03860046,0E-8,0.000000,0.722694,0.000000,0.01256549,2026-05-12,2026-08-02,47,1844,580,83,0.566265,1.297104,1.076088,2.479667,,,,,,,,GLOBAL_BASELINE_NO_ENTITY_RANKING,,,NOT_APPLICABLE_GLOBAL_BASELINE,HF9g-P5,,,,X 全窗基线 · 不参与实体赏罚,15059547,1506,A168_HF9F_20260827_0900,2026-08-27 09:00:00
2026-07-18,17529000,2222,0,22.2032891849,1.2908889061,1.2908889061,1.0000000,8,4,0.49949015838510102,0.499948100000,1.7338178521026748,1.7322306037746105,1.7338178521026748,-0.00045794161489898,ELIGIBLE,R03b_20260811_FULL_v1,L1_ELIGIBILITY,v2026-08-11,2026-03-21..2026-08-06,baccarat_bet02_101_all_pairs_incl_sentinel,round_win = game_pnl > 0 (decisive only),COMPATIBILITY_ONLY_NOT_PRODUCTION,234594.9955,169540.3402,9810.4062,19851,11308,-0.04181848,-0.03860046,-0.05116595,-0.04181848,-9810.4062,234594.9955,OK,0.0000,294.3122,3.0000,97.0000,AG03-UNRESOLVED,ALL5_LEVELS_bet23_to_bet27,294.3122,294.3122,294.3122,392.4162,490.5203,3.000000,3.000000,3.000000,4.000000,5.000000,97.000000,97.000000,97.000000,96.000000,95.000000,5.0,1765.8731,1644.6383,8044.5331,8165.7679,PENDING_AG03,FALSE,NOT_FOR_ENFORCEMENT,9516.0940,164454.1300,9810.4062,9516.0940,294.3122,0.04181848,0.04056393,294.3122,9516.0940,0.04056393,294.3122,294.3122,294.3122,392.4162,490.5203,9516.0940,0.04056393,1765.8731,1644.6383,8044.5331,8165.7679,0.03429115,0.03480794,0.00125455,11.8178,14.9930,0.8676,208.7320,5.3202,4991.3829,240.5957,12.7170,9.8041,2.5818,2.84,3.3563,4.9054,16.007,177.8754,0.2582,0.0,5.636364,62.633151,4.16126,29,188,6,10,0.74390005,0.04181848,0.03860046,0E-8,0.000000,0.722694,0.000000,0.01256549,2026-05-12,2026-08-02,47,1844,580,83,0.566265,1.297104,1.076088,2.479667,,,,,,,,GLOBAL_BASELINE_NO_ENTITY_RANKING,,,NOT_APPLICABLE_GLOBAL_BASELINE,HF9g-P5,,,,X 全窗基线 · 不参与实体赏罚,15059548,1506,A168_HF9F_20260827_0900,2026-08-27 09:00:00
2026-07-18,17529000,2223,0,139.1578240772,1.1230733488,1.1230733488,0.5454545,48,24,0.50044844011198691,0.499948100000,0.42219486137958967,0.42688830016683177,0.42219486137958967,0.00050034011198691,ELIGIBLE,R03b_20260811_FULL_v1,L1_ELIGIBILITY,v2026-08-11,2026-03-21..2026-08-06,baccarat_bet02_101_all_pairs_incl_sentinel,round_win = game_pnl > 0 (decisive only),COMPATIBILITY_ONLY_NOT_PRODUCTION,234594.9955,169540.3402,9810.4062,19851,11308,-0.04181848,-0.03860046,-0.05116595,-0.04181848,-9810.4062,234594.9955,OK,0.0000,294.3122,3.0000,97.0000,AG03-UNRESOLVED,ALL5_LEVELS_bet23_to_bet27,294.3122,294.3122,294.3122,392.4162,490.5203,3.000000,3.000000,3.000000,4.000000,5.000000,97.000000,97.000000,97.000000,96.000000,95.000000,5.0,1765.8731,1644.6383,8044.5331,8165.7679,PENDING_AG03,FALSE,NOT_FOR_ENFORCEMENT,9516.0940,164454.1300,9810.4062,9516.0940,294.3122,0.04181848,0.04056393,294.3122,9516.0940,0.04056393,294.3122,294.3122,294.3122,392.4162,490.5203,9516.0940,0.04056393,1765.8731,1644.6383,8044.5331,8165.7679,0.03429115,0.03480794,0.00125455,11.8178,14.9930,0.8676,208.7320,5.3202,4991.3829,240.5957,12.7170,9.8041,2.5818,2.84,3.3563,4.9054,16.007,177.8754,0.2582,0.0,5.636364,62.633151,4.16126,29,188,6,10,0.74390005,0.04181848,0.03860046,0E-8,0.000000,0.722694,0.000000,0.01256549,2026-05-12,2026-08-02,47,1844,580,83,0.566265,1.297104,1.076088,2.479667,,,,,,,,GLOBAL_BASELINE_NO_ENTITY_RANKING,,,NOT_APPLICABLE_GLOBAL_BASELINE,HF9g-P5,,,,X 全窗基线 · 不参与实体赏罚,15059549,1506,A168_HF9F_20260827_0900,2026-08-27 09:00:00
2026-07-18,17529000,2229,0,97.0748457386,5.4862778511,5.4862778511,0.5625000,27,16,0.49994621556394197,0.499529187500,0.5004302783837191,0.5037667233343567,0.5004302783837191,0.00041702806394197,ELIGIBLE,R03b_20260811_FULL_v1,L1_ELIGIBILITY,v2026-08-11,2026-03-21..2026-08-06,baccarat_bet02_101_all_pairs_incl_sentinel,round_win = game_pnl > 0 (decisive only),COMPATIBILITY_ONLY_NOT_PRODUCTION,234594.9955,169540.3402,9810.4062,19851,11308,-0.04181848,-0.03860046,-0.05116595,-0.04181848,-9810.4062,234594.9955,OK,0.0000,294.3122,3.0000,97.0000,AG03-UNRESOLVED,ALL5_LEVELS_bet23_to_bet27,294.3122,294.3122,294.3122,392.4162,490.5203,3.000000,3.000000,3.000000,4.000000,5.000000,97.000000,97.000000,97.000000,96.000000,95.000000,5.0,1765.8731,1644.6383,8044.5331,8165.7679,PENDING_AG03,FALSE,NOT_FOR_ENFORCEMENT,9516.0940,164454.1300,9810.4062,9516.0940,294.3122,0.04181848,0.04056393,294.3122,9516.0940,0.04056393,294.3122,294.3122,294.3122,392.4162,490.5203,9516.0940,0.04056393,1765.8731,1644.6383,8044.5331,8165.7679,0.03429115,0.03480794,0.00125455,11.8178,14.9930,0.8676,208.7320,5.3202,4991.3829,240.5957,12.7170,9.8041,2.5818,2.84,3.3563,4.9054,16.007,177.8754,0.2582,0.0,5.636364,62.633151,4.16126,29,188,6,10,0.74390005,0.04181848,0.03860046,0E-8,0.000000,0.722694,0.000000,0.01256549,2026-05-12,2026-08-02,47,1844,580,83,0.566265,1.297104,1.076088,2.479667,,,,,,,,GLOBAL_BASELINE_NO_ENTITY_RANKING,,,NOT_APPLICABLE_GLOBAL_BASELINE,HF9g-P5,,,,X 全窗基线 · 不参与实体赏罚,15059550,1506,A168_HF9F_20260827_0900,2026-08-27 09:00:00
2026-07-18,17529000,2235,0,55.2500451810,4.8021067309,4.8021067309,0.7777778,19,10,0.50113016967814171,0.500618360000,1.659889888903171,1.6629577783944565,1.659889888903171,0.00051180967814171,ELIGIBLE,R03b_20260811_FULL_v1,L1_ELIGIBILITY,v2026-08-11,2026-03-21..2026-08-06,baccarat_bet02_101_all_pairs_incl_sentinel,round_win = game_pnl > 0 (decisive only),COMPATIBILITY_ONLY_NOT_PRODUCTION,234594.9955,169540.3402,9810.4062,19851,11308,-0.04181848,-0.03860046,-0.05116595,-0.04181848,-9810.4062,234594.9955,OK,0.0000,294.3122,3.0000,97.0000,AG03-UNRESOLVED,ALL5_LEVELS_bet23_to_bet27,294.3122,294.3122,294.3122,392.4162,490.5203,3.000000,3.000000,3.000000,4.000000,5.000000,97.000000,97.000000,97.000000,96.000000,95.000000,5.0,1765.8731,1644.6383,8044.5331,8165.7679,PENDING_AG03,FALSE,NOT_FOR_ENFORCEMENT,9516.0940,164454.1300,9810.4062,9516.0940,294.3122,0.04181848,0.04056393,294.3122,9516.0940,0.04056393,294.3122,294.3122,294.3122,392.4162,490.5203,9516.0940,0.04056393,1765.8731,1644.6383,8044.5331,8165.7679,0.03429115,0.03480794,0.00125455,11.8178,14.9930,0.8676,208.7320,5.3202,4991.3829,240.5957,12.7170,9.8041,2.5818,2.84,3.3563,4.9054,16.007,177.8754,0.2582,0.0,5.636364,62.633151,4.16126,29,188,6,10,0.74390005,0.04181848,0.03860046,0E-8,0.000000,0.722694,0.000000,0.01256549,2026-05-12,2026-08-02,47,1844,580,83,0.566265,1.297104,1.076088,2.479667,,,,,,,,GLOBAL_BASELINE_NO_ENTITY_RANKING,,,NOT_APPLICABLE_GLOBAL_BASELINE,HF9g-P5,,,,X 全窗基线 · 不参与实体赏罚,15059551,1506,A168_HF9F_20260827_0900,2026-08-27 09:00:00
2026-07-18,17529000,2243,0,5.6799111868,0.3614488937,0.3614488937,1.0000000,2,1,0.50055742727268436,0.499948100000,0.9988857662127119,1.0001038053877793,0.9988857662127119,0.00060932727268436,ELIGIBLE,R03b_20260811_FULL_v1,L1_ELIGIBILITY,v2026-08-11,2026-03-21..2026-08-06,baccarat_bet02_101_all_pairs_incl_sentinel,round_win = game_pnl > 0 (decisive only),COMPATIBILITY_ONLY_NOT_PRODUCTION,234594.9955,169540.3402,9810.4062,19851,11308,-0.04181848,-0.03860046,-0.05116595,-0.04181848,-9810.4062,234594.9955,OK,0.0000,294.3122,3.0000,97.0000,AG03-UNRESOLVED,ALL5_LEVELS_bet23_to_bet27,294.3122,294.3122,294.3122,392.4162,490.5203,3.000000,3.000000,3.000000,4.000000,5.000000,97.000000,97.000000,97.000000,96.000000,95.000000,5.0,1765.8731,1644.6383,8044.5331,8165.7679,PENDING_AG03,FALSE,NOT_FOR_ENFORCEMENT,9516.0940,164454.1300,9810.4062,9516.0940,294.3122,0.04181848,0.04056393,294.3122,9516.0940,0.04056393,294.3122,294.3122,294.3122,392.4162,490.5203,9516.0940,0.04056393,1765.8731,1644.6383,8044.5331,8165.7679,0.03429115,0.03480794,0.00125455,11.8178,14.9930,0.8676,208.7320,5.3202,4991.3829,240.5957,12.7170,9.8041,2.5818,2.84,3.3563,4.9054,16.007,177.8754,0.2582,0.0,5.636364,62.633151,4.16126,29,188,6,10,0.74390005,0.04181848,0.03860046,0E-8,0.000000,0.722694,0.000000,0.01256549,2026-05-12,2026-08-02,47,1844,580,83,0.566265,1.297104,1.076088,2.479667,,,,,,,,GLOBAL_BASELINE_NO_ENTITY_RANKING,,,NOT_APPLICABLE_GLOBAL_BASELINE,HF9g-P5,,,,X 全窗基线 · 不参与实体赏罚,15059552,1506,A168_HF9F_20260827_0900,2026-08-27 09:00:00
2026-07-18,17529000,2246,0,74.8715565535,-3.3175844885,-3.3175844885,0.3333333,24,13,0.50159664991857725,0.500979269231,-1.165768397283589,-1.1614873422898255,-1.165768397283589,0.00061738068757725,ELIGIBLE,R03b_20260811_FULL_v1,L1_ELIGIBILITY,v2026-08-11,2026-03-21..2026-08-06,baccarat_bet02_101_all_pairs_incl_sentinel,round_win = game_pnl > 0 (decisive only),COMPATIBILITY_ONLY_NOT_PRODUCTION,234594.9955,169540.3402,9810.4062,19851,11308,-0.04181848,-0.03860046,-0.05116595,-0.04181848,-9810.4062,234594.9955,OK,0.0000,294.3122,3.0000,97.0000,AG03-UNRESOLVED,ALL5_LEVELS_bet23_to_bet27,294.3122,294.3122,294.3122,392.4162,490.5203,3.000000,3.000000,3.000000,4.000000,5.000000,97.000000,97.000000,97.000000,96.000000,95.000000,5.0,1765.8731,1644.6383,8044.5331,8165.7679,PENDING_AG03,FALSE,NOT_FOR_ENFORCEMENT,9516.0940,164454.1300,9810.4062,9516.0940,294.3122,0.04181848,0.04056393,294.3122,9516.0940,0.04056393,294.3122,294.3122,294.3122,392.4162,490.5203,9516.0940,0.04056393,1765.8731,1644.6383,8044.5331,8165.7679,0.03429115,0.03480794,0.00125455,11.8178,14.9930,0.8676,208.7320,5.3202,4991.3829,240.5957,12.7170,9.8041,2.5818,2.84,3.3563,4.9054,16.007,177.8754,0.2582,0.0,5.636364,62.633151,4.16126,29,188,6,10,0.74390005,0.04181848,0.03860046,0E-8,0.000000,0.722694,0.000000,0.01256549,2026-05-12,2026-08-02,47,1844,580,83,0.566265,1.297104,1.076088,2.479667,,,,,,,,GLOBAL_BASELINE_NO_ENTITY_RANKING,,,NOT_APPLICABLE_GLOBAL_BASELINE,HF9g-P5,,,,X 全窗基线 · 不参与实体赏罚,15059553,1506,A168_HF9F_20260827_0900,2026-08-27 09:00:00
2026-07-18,17529000,2251,0,74.0970232100,2.2848733639,2.2848733639,0.4166667,21,12,0.50177397923959871,0.501623750000,-0.5896444691245857,-0.5886030429722293,-0.5896444691245857,0.00015022923959871,ELIGIBLE,R03b_20260811_FULL_v1,L1_ELIGIBILITY,v2026-08-11,2026-03-21..2026-08-06,baccarat_bet02_101_all_pairs_incl_sentinel,round_win = game_pnl > 0 (decisive only),COMPATIBILITY_ONLY_NOT_PRODUCTION,234594.9955,169540.3402,9810.4062,19851,11308,-0.04181848,-0.03860046,-0.05116595,-0.04181848,-9810.4062,234594.9955,OK,0.0000,294.3122,3.0000,97.0000,AG03-UNRESOLVED,ALL5_LEVELS_bet23_to_bet27,294.3122,294.3122,294.3122,392.4162,490.5203,3.000000,3.000000,3.000000,4.000000,5.000000,97.000000,97.000000,97.000000,96.000000,95.000000,5.0,1765.8731,1644.6383,8044.5331,8165.7679,PENDING_AG03,FALSE,NOT_FOR_ENFORCEMENT,9516.0940,164454.1300,9810.4062,9516.0940,294.3122,0.04181848,0.04056393,294.3122,9516.0940,0.04056393,294.3122,294.3122,294.3122,392.4162,490.5203,9516.0940,0.04056393,1765.8731,1644.6383,8044.5331,8165.7679,0.03429115,0.03480794,0.00125455,11.8178,14.9930,0.8676,208.7320,5.3202,4991.3829,240.5957,12.7170,9.8041,2.5818,2.84,3.3563,4.9054,16.007,177.8754,0.2582,0.0,5.636364,62.633151,4.16126,29,188,6,10,0.74390005,0.04181848,0.03860046,0E-8,0.000000,0.722694,0.000000,0.01256549,2026-05-12,2026-08-02,47,1844,580,83,0.566265,1.297104,1.076088,2.479667,,,,,,,,GLOBAL_BASELINE_NO_ENTITY_RANKING,,,NOT_APPLICABLE_GLOBAL_BASELINE,HF9g-P5,,,,X 全窗基线 · 不参与实体赏罚,15059554,1506,A168_HF9F_20260827_0900,2026-08-27 09:00:00
2026-07-18,17529000,2254,0,5.9380889681,0E-10,0E-10,,2,1,0.50082235217395230,0.499948100000,,,,0.00087425217395230,NO_DECISIVE_ROUND,R03b_20260811_FULL_v1,L1_ELIGIBILITY,v2026-08-11,2026-03-21..2026-08-06,baccarat_bet02_101_all_pairs_incl_sentinel,round_win = game_pnl > 0 (decisive only),COMPATIBILITY_ONLY_NOT_PRODUCTION,234594.9955,169540.3402,9810.4062,19851,11308,-0.04181848,-0.03860046,-0.05116595,-0.04181848,-9810.4062,234594.9955,OK,0.0000,294.3122,3.0000,97.0000,AG03-UNRESOLVED,ALL5_LEVELS_bet23_to_bet27,294.3122,294.3122,294.3122,392.4162,490.5203,3.000000,3.000000,3.000000,4.000000,5.000000,97.000000,97.000000,97.000000,96.000000,95.000000,5.0,1765.8731,1644.6383,8044.5331,8165.7679,PENDING_AG03,FALSE,NOT_FOR_ENFORCEMENT,9516.0940,164454.1300,9810.4062,9516.0940,294.3122,0.04181848,0.04056393,294.3122,9516.0940,0.04056393,294.3122,294.3122,294.3122,392.4162,490.5203,9516.0940,0.04056393,1765.8731,1644.6383,8044.5331,8165.7679,0.03429115,0.03480794,0.00125455,11.8178,14.9930,0.8676,208.7320,5.3202,4991.3829,240.5957,12.7170,9.8041,2.5818,2.84,3.3563,4.9054,16.007,177.8754,0.2582,0.0,5.636364,62.633151,4.16126,29,188,6,10,0.74390005,0.04181848,0.03860046,0E-8,0.000000,0.722694,0.000000,0.01256549,2026-05-12,2026-08-02,47,1844,580,83,0.566265,1.297104,1.076088,2.479667,,,,,,,,GLOBAL_BASELINE_NO_ENTITY_RANKING,,,NOT_APPLICABLE_GLOBAL_BASELINE,HF9g-P5,,,,X 全窗基线 · 不参与实体赏罚,15059555,1506,A168_HF9F_20260827_0900,2026-08-27 09:00:00
2026-07-18,17529000,2258,0,92.6858234578,5.1248289574,5.1248289574,0.4375000,28,17,0.50247131172295554,0.502313723529,-0.5197768427735049,-0.518515339815239,-0.5197768427735049,0.00015758819395554,ELIGIBLE,R03b_20260811_FULL_v1,L1_ELIGIBILITY,v2026-08-11,2026-03-21..2026-08-06,baccarat_bet02_101_all_pairs_incl_sentinel,round_win = game_pnl > 0 (decisive only),COMPATIBILITY_ONLY_NOT_PRODUCTION,234594.9955,169540.3402,9810.4062,19851,11308,-0.04181848,-0.03860046,-0.05116595,-0.04181848,-9810.4062,234594.9955,OK,0.0000,294.3122,3.0000,97.0000,AG03-UNRESOLVED,ALL5_LEVELS_bet23_to_bet27,294.3122,294.3122,294.3122,392.4162,490.5203,3.000000,3.000000,3.000000,4.000000,5.000000,97.000000,97.000000,97.000000,96.000000,95.000000,5.0,1765.8731,1644.6383,8044.5331,8165.7679,PENDING_AG03,FALSE,NOT_FOR_ENFORCEMENT,9516.0940,164454.1300,9810.4062,9516.0940,294.3122,0.04181848,0.04056393,294.3122,9516.0940,0.04056393,294.3122,294.3122,294.3122,392.4162,490.5203,9516.0940,0.04056393,1765.8731,1644.6383,8044.5331,8165.7679,0.03429115,0.03480794,0.00125455,11.8178,14.9930,0.8676,208.7320,5.3202,4991.3829,240.5957,12.7170,9.8041,2.5818,2.84,3.3563,4.9054,16.007,177.8754,0.2582,0.0,5.636364,62.633151,4.16126,29,188,6,10,0.74390005,0.04181848,0.03860046,0E-8,0.000000,0.722694,0.000000,0.01256549,2026-05-12,2026-08-02,47,1844,580,83,0.566265,1.297104,1.076088,2.479667,,,,,,,,GLOBAL_BASELINE_NO_ENTITY_RANKING,,,NOT_APPLICABLE_GLOBAL_BASELINE,HF9g-P5,,,,X 全窗基线 · 不参与实体赏罚,15059556,1506,A168_HF9F_20260827_0900,2026-08-27 09:00:00
2026-07-18,17529000,2261,0,64.8026230861,2.4526889216,2.4526889216,0.8000000,22,11,0.50063088881975757,0.499948100000,1.893378012067383,1.8976948507454527,1.893378012067383,0.00068278881975757,ELIGIBLE,R03b_20260811_FULL_v1,L1_ELIGIBILITY,v2026-08-11,2026-03-21..2026-08-06,baccarat_bet02_101_all_pairs_incl_sentinel,round_win = game_pnl > 0 (decisive only),COMPATIBILITY_ONLY_NOT_PRODUCTION,234594.9955,169540.3402,9810.4062,19851,11308,-0.04181848,-0.03860046,-0.05116595,-0.04181848,-9810.4062,234594.9955,OK,0.0000,294.3122,3.0000,97.0000,AG03-UNRESOLVED,ALL5_LEVELS_bet23_to_bet27,294.3122,294.3122,294.3122,392.4162,490.5203,3.000000,3.000000,3.000000,4.000000,5.000000,97.000000,97.000000,97.000000,96.000000,95.000000,5.0,1765.8731,1644.6383,8044.5331,8165.7679,PENDING_AG03,FALSE,NOT_FOR_ENFORCEMENT,9516.0940,164454.1300,9810.4062,9516.0940,294.3122,0.04181848,0.04056393,294.3122,9516.0940,0.04056393,294.3122,294.3122,294.3122,392.4162,490.5203,9516.0940,0.04056393,1765.8731,1644.6383,8044.5331,8165.7679,0.03429115,0.03480794,0.00125455,11.8178,14.9930,0.8676,208.7320,5.3202,4991.3829,240.5957,12.7170,9.8041,2.5818,2.84,3.3563,4.9054,16.007,177.8754,0.2582,0.0,5.636364,62.633151,4.16126,29,188,6,10,0.74390005,0.04181848,0.03860046,0E-8,0.000000,0.722694,0.000000,0.01256549,2026-05-12,2026-08-02,47,1844,580,83,0.566265,1.297104,1.076088,2.479667,,,,,,,,GLOBAL_BASELINE_NO_ENTITY_RANKING,,,NOT_APPLICABLE_GLOBAL_BASELINE,HF9g-P5,,,,X 全窗基线 · 不参与实体赏罚,15059557,1506,A168_HF9F_20260827_0900,2026-08-27 09:00:00
2026-07-18,17529000,2281,0,38.7266671830,1.9363333591,1.9363333591,0.4285714,12,7,0.50247175298217180,0.501863128571,-0.3910485386960522,-0.38782591521730486,-0.3910485386960522,0.00060862441117180,ELIGIBLE,R03b_20260811_FULL_v1,L1_ELIGIBILITY,v2026-08-11,2026-03-21..2026-08-06,baccarat_bet02_101_all_pairs_incl_sentinel,round_win = game_pnl > 0 (decisive only),COMPATIBILITY_ONLY_NOT_PRODUCTION,234594.9955,169540.3402,9810.4062,19851,11308,-0.04181848,-0.03860046,-0.05116595,-0.04181848,-9810.4062,234594.9955,OK,0.0000,294.3122,3.0000,97.0000,AG03-UNRESOLVED,ALL5_LEVELS_bet23_to_bet27,294.3122,294.3122,294.3122,392.4162,490.5203,3.000000,3.000000,3.000000,4.000000,5.000000,97.000000,97.000000,97.000000,96.000000,95.000000,5.0,1765.8731,1644.6383,8044.5331,8165.7679,PENDING_AG03,FALSE,NOT_FOR_ENFORCEMENT,9516.0940,164454.1300,9810.4062,9516.0940,294.3122,0.04181848,0.04056393,294.3122,9516.0940,0.04056393,294.3122,294.3122,294.3122,392.4162,490.5203,9516.0940,0.04056393,1765.8731,1644.6383,8044.5331,8165.7679,0.03429115,0.03480794,0.00125455,11.8178,14.9930,0.8676,208.7320,5.3202,4991.3829,240.5957,12.7170,9.8041,2.5818,2.84,3.3563,4.9054,16.007,177.8754,0.2582,0.0,5.636364,62.633151,4.16126,29,188,6,10,0.74390005,0.04181848,0.03860046,0E-8,0.000000,0.722694,0.000000,0.01256549,2026-05-12,2026-08-02,47,1844,580,83,0.566265,1.297104,1.076088,2.479667,,,,,,,,GLOBAL_BASELINE_NO_ENTITY_RANKING,,,NOT_APPLICABLE_GLOBAL_BASELINE,HF9g-P5,,,,X 全窗基线 · 不参与实体赏罚,15059558,1506,A168_HF9F_20260827_0900,2026-08-27 09:00:00
2026-07-18,17529000,2289,0,6.9708000929,1.5877933545,1.5877933545,1.0000000,2,1,0.50168581111108262,0.499948100000,0.9966340425803116,1.0001038053877793,0.9966340425803116,0.00173771111108262,ELIGIBLE,R03b_20260811_FULL_v1,L1_ELIGIBILITY,v2026-08-11,2026-03-21..2026-08-06,baccarat_bet02_101_all_pairs_incl_sentinel,round_win = game_pnl > 0 (decisive only),COMPATIBILITY_ONLY_NOT_PRODUCTION,234594.9955,169540.3402,9810.4062,19851,11308,-0.04181848,-0.03860046,-0.05116595,-0.04181848,-9810.4062,234594.9955,OK,0.0000,294.3122,3.0000,97.0000,AG03-UNRESOLVED,ALL5_LEVELS_bet23_to_bet27,294.3122,294.3122,294.3122,392.4162,490.5203,3.000000,3.000000,3.000000,4.000000,5.000000,97.000000,97.000000,97.000000,96.000000,95.000000,5.0,1765.8731,1644.6383,8044.5331,8165.7679,PENDING_AG03,FALSE,NOT_FOR_ENFORCEMENT,9516.0940,164454.1300,9810.4062,9516.0940,294.3122,0.04181848,0.04056393,294.3122,9516.0940,0.04056393,294.3122,294.3122,294.3122,392.4162,490.5203,9516.0940,0.04056393,1765.8731,1644.6383,8044.5331,8165.7679,0.03429115,0.03480794,0.00125455,11.8178,14.9930,0.8676,208.7320,5.3202,4991.3829,240.5957,12.7170,9.8041,2.5818,2.84,3.3563,4.9054,16.007,177.8754,0.2582,0.0,5.636364,62.633151,4.16126,29,188,6,10,0.74390005,0.04181848,0.03860046,0E-8,0.000000,0.722694,0.000000,0.01256549,2026-05-12,2026-08-02,47,1844,580,83,0.566265,1.297104,1.076088,2.479667,,,,,,,,GLOBAL_BASELINE_NO_ENTITY_RANKING,,,NOT_APPLICABLE_GLOBAL_BASELINE,HF9g-P5,,,,X 全窗基线 · 不参与实体赏罚,15059559,1506,A168_HF9F_20260827_0900,2026-08-27 09:00:00
2026-07-18,17529000,462,0,27.6250225904,0.3356311157,0.3356311157,0.7500000,10,5,0.50038333376620247,0.499948100000,0.9984669583742409,1.0002076053883384,0.9984669583742409,0.00043523376620247,ELIGIBLE,R03b_20260811_FULL_v1,L1_ELIGIBILITY,v2026-08-11,2026-03-21..2026-08-06,baccarat_bet02_101_all_pairs_incl_sentinel,round_win = game_pnl > 0 (decisive only),COMPATIBILITY_ONLY_NOT_PRODUCTION,234594.9955,169540.3402,9810.4062,19851,11308,-0.04181848,-0.03860046,-0.05116595,-0.04181848,-9810.4062,234594.9955,OK,0.0000,294.3122,3.0000,97.0000,AG03-UNRESOLVED,ALL5_LEVELS_bet23_to_bet27,294.3122,294.3122,294.3122,392.4162,490.5203,3.000000,3.000000,3.000000,4.000000,5.000000,97.000000,97.000000,97.000000,96.000000,95.000000,5.0,1765.8731,1644.6383,8044.5331,8165.7679,PENDING_AG03,FALSE,NOT_FOR_ENFORCEMENT,9516.0940,164454.1300,9810.4062,9516.0940,294.3122,0.04181848,0.04056393,294.3122,9516.0940,0.04056393,294.3122,294.3122,294.3122,392.4162,490.5203,9516.0940,0.04056393,1765.8731,1644.6383,8044.5331,8165.7679,0.03429115,0.03480794,0.00125455,11.8178,14.9930,0.8676,208.7320,5.3202,4991.3829,240.5957,12.7170,9.8041,2.5818,2.84,3.3563,4.9054,16.007,177.8754,0.2582,0.0,5.636364,62.633151,4.16126,29,188,6,10,0.74390005,0.04181848,0.03860046,0E-8,0.000000,0.722694,0.000000,0.01256549,2026-05-12,2026-08-02,47,1844,580,83,0.566265,1.297104,1.076088,2.479667,,,,,,,,GLOBAL_BASELINE_NO_ENTITY_RANKING,,,NOT_APPLICABLE_GLOBAL_BASELINE,HF9g-P5,,,,X 全窗基线 · 不参与实体赏罚,15059560,1506,A168_HF9F_20260827_0900,2026-08-27 09:00:00
2026-07-18,17529000,471,0,5.6799111868,0.3614488937,0.3614488937,1.0000000,2,1,0.50055742727268436,0.499948100000,0.9988857662127119,1.0001038053877793,0.9988857662127119,0.00060932727268436,ELIGIBLE,R03b_20260811_FULL_v1,L1_ELIGIBILITY,v2026-08-11,2026-03-21..2026-08-06,baccarat_bet02_101_all_pairs_incl_sentinel,round_win = game_pnl > 0 (decisive only),COMPATIBILITY_ONLY_NOT_PRODUCTION,234594.9955,169540.3402,9810.4062,19851,11308,-0.04181848,-0.03860046,-0.05116595,-0.04181848,-9810.4062,234594.9955,OK,0.0000,294.3122,3.0000,97.0000,AG03-UNRESOLVED,ALL5_LEVELS_bet23_to_bet27,294.3122,294.3122,294.3122,392.4162,490.5203,3.000000,3.000000,3.000000,4.000000,5.000000,97.000000,97.000000,97.000000,96.000000,95.000000,5.0,1765.8731,1644.6383,8044.5331,8165.7679,PENDING_AG03,FALSE,NOT_FOR_ENFORCEMENT,9516.0940,164454.1300,9810.4062,9516.0940,294.3122,0.04181848,0.04056393,294.3122,9516.0940,0.04056393,294.3122,294.3122,294.3122,392.4162,490.5203,9516.0940,0.04056393,1765.8731,1644.6383,8044.5331,8165.7679,0.03429115,0.03480794,0.00125455,11.8178,14.9930,0.8676,208.7320,5.3202,4991.3829,240.5957,12.7170,9.8041,2.5818,2.84,3.3563,4.9054,16.007,177.8754,0.2582,0.0,5.636364,62.633151,4.16126,29,188,6,10,0.74390005,0.04181848,0.03860046,0E-8,0.000000,0.722694,0.000000,0.01256549,2026-05-12,2026-08-02,47,1844,580,83,0.566265,1.297104,1.076088,2.479667,,,,,,,,GLOBAL_BASELINE_NO_ENTITY_RANKING,,,NOT_APPLICABLE_GLOBAL_BASELINE,HF9g-P5,,,,X 全窗基线 · 不参与实体赏罚,15059561,1506,A168_HF9F_20260827_0900,2026-08-27 09:00:00
2026-07-18,17529000,583,0,11.8761779362,-0.1678155578,-0.1678155578,0.5000000,4,2,0.50082235217395230,0.499948100000,-0.0023259663408332167,0.00014679536856514622,-0.0023259663408332167,0.00087425217395230,ELIGIBLE,R03b_20260811_FULL_v1,L1_ELIGIBILITY,v2026-08-11,2026-03-21..2026-08-06,baccarat_bet02_101_all_pairs_incl_sentinel,round_win = game_pnl > 0 (decisive only),COMPATIBILITY_ONLY_NOT_PRODUCTION,234594.9955,169540.3402,9810.4062,19851,11308,-0.04181848,-0.03860046,-0.05116595,-0.04181848,-9810.4062,234594.9955,OK,0.0000,294.3122,3.0000,97.0000,AG03-UNRESOLVED,ALL5_LEVELS_bet23_to_bet27,294.3122,294.3122,294.3122,392.4162,490.5203,3.000000,3.000000,3.000000,4.000000,5.000000,97.000000,97.000000,97.000000,96.000000,95.000000,5.0,1765.8731,1644.6383,8044.5331,8165.7679,PENDING_AG03,FALSE,NOT_FOR_ENFORCEMENT,9516.0940,164454.1300,9810.4062,9516.0940,294.3122,0.04181848,0.04056393,294.3122,9516.0940,0.04056393,294.3122,294.3122,294.3122,392.4162,490.5203,9516.0940,0.04056393,1765.8731,1644.6383,8044.5331,8165.7679,0.03429115,0.03480794,0.00125455,11.8178,14.9930,0.8676,208.7320,5.3202,4991.3829,240.5957,12.7170,9.8041,2.5818,2.84,3.3563,4.9054,16.007,177.8754,0.2582,0.0,5.636364,62.633151,4.16126,29,188,6,10,0.74390005,0.04181848,0.03860046,0E-8,0.000000,0.722694,0.000000,0.01256549,2026-05-12,2026-08-02,47,1844,580,83,0.566265,1.297104,1.076088,2.479667,,,,,,,,GLOBAL_BASELINE_NO_ENTITY_RANKING,,,NOT_APPLICABLE_GLOBAL_BASELINE,HF9g-P5,,,,X 全窗基线 · 不参与实体赏罚,15059562,1506,A168_HF9F_20260827_0900,2026-08-27 09:00:00
2026-07-18,17529000,772,0,5.6799111868,-0.6454444530,-0.6454444530,0E-7,2,1,0.49933877272731564,0.499948100000,-0.998678418742378,-0.9998962053866608,-0.998678418742378,-0.00060932727268436,ELIGIBLE,R03b_20260811_FULL_v1,L1_ELIGIBILITY,v2026-08-11,2026-03-21..2026-08-06,baccarat_bet02_101_all_pairs_incl_sentinel,round_win = game_pnl > 0 (decisive only),COMPATIBILITY_ONLY_NOT_PRODUCTION,234594.9955,169540.3402,9810.4062,19851,11308,-0.04181848,-0.03860046,-0.05116595,-0.04181848,-9810.4062,234594.9955,OK,0.0000,294.3122,3.0000,97.0000,AG03-UNRESOLVED,ALL5_LEVELS_bet23_to_bet27,294.3122,294.3122,294.3122,392.4162,490.5203,3.000000,3.000000,3.000000,4.000000,5.000000,97.000000,97.000000,97.000000,96.000000,95.000000,5.0,1765.8731,1644.6383,8044.5331,8165.7679,PENDING_AG03,FALSE,NOT_FOR_ENFORCEMENT,9516.0940,164454.1300,9810.4062,9516.0940,294.3122,0.04181848,0.04056393,294.3122,9516.0940,0.04056393,294.3122,294.3122,294.3122,392.4162,490.5203,9516.0940,0.04056393,1765.8731,1644.6383,8044.5331,8165.7679,0.03429115,0.03480794,0.00125455,11.8178,14.9930,0.8676,208.7320,5.3202,4991.3829,240.5957,12.7170,9.8041,2.5818,2.84,3.3563,4.9054,16.007,177.8754,0.2582,0.0,5.636364,62.633151,4.16126,29,188,6,10,0.74390005,0.04181848,0.03860046,0E-8,0.000000,0.722694,0.000000,0.01256549,2026-05-12,2026-08-02,47,1844,580,83,0.566265,1.297104,1.076088,2.479667,,,,,,,,GLOBAL_BASELINE_NO_ENTITY_RANKING,,,NOT_APPLICABLE_GLOBAL_BASELINE,HF9g-P5,,,,X 全窗基线 · 不参与实体赏罚,15059563,1506,A168_HF9F_20260827_0900,2026-08-27 09:00:00
2026-07-19,17529000,-1,1,1034.5183693486,235.9099475903,235.9099475903,0.5116279,77,46,0.50135373135021610,0.501259478261,0.1347450439830394,0.13598109920457357,0.1347450439830394,0.00009425308921610,SENTINEL_DEALER,R03b_20260811_FULL_v1,L1_ELIGIBILITY,v2026-08-11,2026-03-21..2026-08-06,baccarat_bet02_101_all_pairs_incl_sentinel,round_win = game_pnl > 0 (decisive only),COMPATIBILITY_ONLY_NOT_PRODUCTION,234594.9955,169540.3402,9810.4062,19851,11308,-0.04181848,-0.03860046,-0.05116595,-0.04181848,-9810.4062,234594.9955,OK,0.0000,294.3122,3.0000,97.0000,AG03-UNRESOLVED,ALL5_LEVELS_bet23_to_bet27,294.3122,294.3122,294.3122,392.4162,490.5203,3.000000,3.000000,3.000000,4.000000,5.000000,97.000000,97.000000,97.000000,96.000000,95.000000,5.0,1765.8731,1644.6383,8044.5331,8165.7679,PENDING_AG03,FALSE,NOT_FOR_ENFORCEMENT,9516.0940,164454.1300,9810.4062,9516.0940,294.3122,0.04181848,0.04056393,294.3122,9516.0940,0.04056393,294.3122,294.3122,294.3122,392.4162,490.5203,9516.0940,0.04056393,1765.8731,1644.6383,8044.5331,8165.7679,0.03429115,0.03480794,0.00125455,11.8178,14.9930,0.8676,208.7320,5.3202,4991.3829,240.5957,12.7170,9.8041,2.5818,2.84,3.3563,4.9054,16.007,177.8754,0.2582,0.0,5.636364,62.633151,4.16126,29,188,6,10,0.74390005,0.04181848,0.03860046,0E-8,0.000000,0.722694,0.000000,0.01256549,2026-05-12,2026-08-02,47,1844,580,83,0.566265,1.297104,1.076088,2.479667,,,,,,,,GLOBAL_BASELINE_NO_ENTITY_RANKING,,,NOT_APPLICABLE_GLOBAL_BASELINE,HF9g-P5,,,,X 全窗基线 · 不参与实体赏罚,15059564,1506,A168_HF9F_20260827_0900,2026-08-27 09:00:00
2026-07-19,17529000,1210,0,11.1016445924,0.1032711125,0.1032711125,0.5000000,4,2,0.50041234935061612,0.499948100000,-0.001166300484770956,0.00014679536856514622,-0.001166300484770956,0.00046424935061612,ELIGIBLE,R03b_20260811_FULL_v1,L1_ELIGIBILITY,v2026-08-11,2026-03-21..2026-08-06,baccarat_bet02_101_all_pairs_incl_sentinel,round_win = game_pnl > 0 (decisive only),COMPATIBILITY_ONLY_NOT_PRODUCTION,234594.9955,169540.3402,9810.4062,19851,11308,-0.04181848,-0.03860046,-0.05116595,-0.04181848,-9810.4062,234594.9955,OK,0.0000,294.3122,3.0000,97.0000,AG03-UNRESOLVED,ALL5_LEVELS_bet23_to_bet27,294.3122,294.3122,294.3122,392.4162,490.5203,3.000000,3.000000,3.000000,4.000000,5.000000,97.000000,97.000000,97.000000,96.000000,95.000000,5.0,1765.8731,1644.6383,8044.5331,8165.7679,PENDING_AG03,FALSE,NOT_FOR_ENFORCEMENT,9516.0940,164454.1300,9810.4062,9516.0940,294.3122,0.04181848,0.04056393,294.3122,9516.0940,0.04056393,294.3122,294.3122,294.3122,392.4162,490.5203,9516.0940,0.04056393,1765.8731,1644.6383,8044.5331,8165.7679,0.03429115,0.03480794,0.00125455,11.8178,14.9930,0.8676,208.7320,5.3202,4991.3829,240.5957,12.7170,9.8041,2.5818,2.84,3.3563,4.9054,16.007,177.8754,0.2582,0.0,5.636364,62.633151,4.16126,29,188,6,10,0.74390005,0.04181848,0.03860046,0E-8,0.000000,0.722694,0.000000,0.01256549,2026-05-12,2026-08-02,47,1844,580,83,0.566265,1.297104,1.076088,2.479667,,,,,,,,GLOBAL_BASELINE_NO_ENTITY_RANKING,,,NOT_APPLICABLE_GLOBAL_BASELINE,HF9g-P5,,,,X 全窗基线 · 不参与实体赏罚,15059565,1506,A168_HF9F_20260827_0900,2026-08-27 09:00:00
2026-07-19,17529000,1302,0,5.4217334056,-0.2581777812,-0.2581777812,0E-7,2,1,0.50026727142854788,0.499948100000,-1.0005346858015285,-0.9998962053866608,-1.0005346858015285,0.00031917142854788,ELIGIBLE,R03b_20260811_FULL_v1,L1_ELIGIBILITY,v2026-08-11,2026-03-21..2026-08-06,baccarat_bet02_101_all_pairs_incl_sentinel,round_win = game_pnl > 0 (decisive only),COMPATIBILITY_ONLY_NOT_PRODUCTION,234594.9955,169540.3402,9810.4062,19851,11308,-0.04181848,-0.03860046,-0.05116595,-0.04181848,-9810.4062,234594.9955,OK,0.0000,294.3122,3.0000,97.0000,AG03-UNRESOLVED,ALL5_LEVELS_bet23_to_bet27,294.3122,294.3122,294.3122,392.4162,490.5203,3.000000,3.000000,3.000000,4.000000,5.000000,97.000000,97.000000,97.000000,96.000000,95.000000,5.0,1765.8731,1644.6383,8044.5331,8165.7679,PENDING_AG03,FALSE,NOT_FOR_ENFORCEMENT,9516.0940,164454.1300,9810.4062,9516.0940,294.3122,0.04181848,0.04056393,294.3122,9516.0940,0.04056393,294.3122,294.3122,294.3122,392.4162,490.5203,9516.0940,0.04056393,1765.8731,1644.6383,8044.5331,8165.7679,0.03429115,0.03480794,0.00125455,11.8178,14.9930,0.8676,208.7320,5.3202,4991.3829,240.5957,12.7170,9.8041,2.5818,2.84,3.3563,4.9054,16.007,177.8754,0.2582,0.0,5.636364,62.633151,4.16126,29,188,6,10,0.74390005,0.04181848,0.03860046,0E-8,0.000000,0.722694,0.000000,0.01256549,2026-05-12,2026-08-02,47,1844,580,83,0.566265,1.297104,1.076088,2.479667,,,,,,,,GLOBAL_BASELINE_NO_ENTITY_RANKING,,,NOT_APPLICABLE_GLOBAL_BASELINE,HF9g-P5,,,,X 全窗基线 · 不参与实体赏罚,15059566,1506,A168_HF9F_20260827_0900,2026-08-27 09:00:00
2026-07-19,17529000,1307,0,21.9451114037,20.8478558335,20.8478558335,1.0000000,1,1,0.50665070000000000,0.506650700000,0.9867858985152569,0.9867858985152569,0.9867858985152569,0E-17,ELIGIBLE,R03b_20260811_FULL_v1,L1_ELIGIBILITY,v2026-08-11,2026-03-21..2026-08-06,baccarat_bet02_101_all_pairs_incl_sentinel,round_win = game_pnl > 0 (decisive only),COMPATIBILITY_ONLY_NOT_PRODUCTION,234594.9955,169540.3402,9810.4062,19851,11308,-0.04181848,-0.03860046,-0.05116595,-0.04181848,-9810.4062,234594.9955,OK,0.0000,294.3122,3.0000,97.0000,AG03-UNRESOLVED,ALL5_LEVELS_bet23_to_bet27,294.3122,294.3122,294.3122,392.4162,490.5203,3.000000,3.000000,3.000000,4.000000,5.000000,97.000000,97.000000,97.000000,96.000000,95.000000,5.0,1765.8731,1644.6383,8044.5331,8165.7679,PENDING_AG03,FALSE,NOT_FOR_ENFORCEMENT,9516.0940,164454.1300,9810.4062,9516.0940,294.3122,0.04181848,0.04056393,294.3122,9516.0940,0.04056393,294.3122,294.3122,294.3122,392.4162,490.5203,9516.0940,0.04056393,1765.8731,1644.6383,8044.5331,8165.7679,0.03429115,0.03480794,0.00125455,11.8178,14.9930,0.8676,208.7320,5.3202,4991.3829,240.5957,12.7170,9.8041,2.5818,2.84,3.3563,4.9054,16.007,177.8754,0.2582,0.0,5.636364,62.633151,4.16126,29,188,6,10,0.74390005,0.04181848,0.03860046,0E-8,0.000000,0.722694,0.000000,0.01256549,2026-05-12,2026-08-02,47,1844,580,83,0.566265,1.297104,1.076088,2.479667,,,,,,,,GLOBAL_BASELINE_NO_ENTITY_RANKING,,,NOT_APPLICABLE_GLOBAL_BASELINE,HF9g-P5,,,,X 全窗基线 · 不参与实体赏罚,15059567,1506,A168_HF9F_20260827_0900,2026-08-27 09:00:00
2026-07-19,17529000,1363,0,101.4638680193,5.2151911807,5.2151911807,0.7142857,34,17,0.50079825710671604,0.499948100000,1.5975958782982909,1.6039558441521566,1.5975958782982909,0.00085015710671604,ELIGIBLE,R03b_20260811_FULL_v1,L1_ELIGIBILITY,v2026-08-11,2026-03-21..2026-08-06,baccarat_bet02_101_all_pairs_incl_sentinel,round_win = game_pnl > 0 (decisive only),COMPATIBILITY_ONLY_NOT_PRODUCTION,234594.9955,169540.3402,9810.4062,19851,11308,-0.04181848,-0.03860046,-0.05116595,-0.04181848,-9810.4062,234594.9955,OK,0.0000,294.3122,3.0000,97.0000,AG03-UNRESOLVED,ALL5_LEVELS_bet23_to_bet27,294.3122,294.3122,294.3122,392.4162,490.5203,3.000000,3.000000,3.000000,4.000000,5.000000,97.000000,97.000000,97.000000,96.000000,95.000000,5.0,1765.8731,1644.6383,8044.5331,8165.7679,PENDING_AG03,FALSE,NOT_FOR_ENFORCEMENT,9516.0940,164454.1300,9810.4062,9516.0940,294.3122,0.04181848,0.04056393,294.3122,9516.0940,0.04056393,294.3122,294.3122,294.3122,392.4162,490.5203,9516.0940,0.04056393,1765.8731,1644.6383,8044.5331,8165.7679,0.03429115,0.03480794,0.00125455,11.8178,14.9930,0.8676,208.7320,5.3202,4991.3829,240.5957,12.7170,9.8041,2.5818,2.84,3.3563,4.9054,16.007,177.8754,0.2582,0.0,5.636364,62.633151,4.16126,29,188,6,10,0.74390005,0.04181848,0.03860046,0E-8,0.000000,0.722694,0.000000,0.01256549,2026-05-12,2026-08-02,47,1844,580,83,0.566265,1.297104,1.076088,2.479667,,,,,,,,GLOBAL_BASELINE_NO_ENTITY_RANKING,,,NOT_APPLICABLE_GLOBAL_BASELINE,HF9g-P5,,,,X 全窗基线 · 不参与实体赏罚,15059568,1506,A168_HF9F_20260827_0900,2026-08-27 09:00:00
2026-07-19,17529000,1374,0,11.8761779361,1.2134355717,1.2134355717,1.0000000,4,2,0.50081131363635120,0.499948100000,1.4119206796151662,1.4143603653603398,1.4119206796151662,0.00086321363635120,ELIGIBLE,R03b_20260811_FULL_v1,L1_ELIGIBILITY,v2026-08-11,2026-03-21..2026-08-06,baccarat_bet02_101_all_pairs_incl_sentinel,round_win = game_pnl > 0 (decisive only),COMPATIBILITY_ONLY_NOT_PRODUCTION,234594.9955,169540.3402,9810.4062,19851,11308,-0.04181848,-0.03860046,-0.05116595,-0.04181848,-9810.4062,234594.9955,OK,0.0000,294.3122,3.0000,97.0000,AG03-UNRESOLVED,ALL5_LEVELS_bet23_to_bet27,294.3122,294.3122,294.3122,392.4162,490.5203,3.000000,3.000000,3.000000,4.000000,5.000000,97.000000,97.000000,97.000000,96.000000,95.000000,5.0,1765.8731,1644.6383,8044.5331,8165.7679,PENDING_AG03,FALSE,NOT_FOR_ENFORCEMENT,9516.0940,164454.1300,9810.4062,9516.0940,294.3122,0.04181848,0.04056393,294.3122,9516.0940,0.04056393,294.3122,294.3122,294.3122,392.4162,490.5203,9516.0940,0.04056393,1765.8731,1644.6383,8044.5331,8165.7679,0.03429115,0.03480794,0.00125455,11.8178,14.9930,0.8676,208.7320,5.3202,4991.3829,240.5957,12.7170,9.8041,2.5818,2.84,3.3563,4.9054,16.007,177.8754,0.2582,0.0,5.636364,62.633151,4.16126,29,188,6,10,0.74390005,0.04181848,0.03860046,0E-8,0.000000,0.722694,0.000000,0.01256549,2026-05-12,2026-08-02,47,1844,580,83,0.566265,1.297104,1.076088,2.479667,,,,,,,,GLOBAL_BASELINE_NO_ENTITY_RANKING,,,NOT_APPLICABLE_GLOBAL_BASELINE,HF9g-P5,,,,X 全窗基线 · 不参与实体赏罚,15059569,1506,A168_HF9F_20260827_0900,2026-08-27 09:00:00
2026-07-19,17529000,1396,0,70.9988898354,4.1308444995,4.1308444995,0.5454545,23,12,0.49895320186712454,0.499389550000,0.30845569385755545,0.30556083951839974,0.30845569385755545,-0.00043634813287546,ELIGIBLE,R03b_20260811_FULL_v1,L1_ELIGIBILITY,v2026-08-11,2026-03-21..2026-08-06,baccarat_bet02_101_all_pairs_incl_sentinel,round_win = game_pnl > 0 (decisive only),COMPATIBILITY_ONLY_NOT_PRODUCTION,234594.9955,169540.3402,9810.4062,19851,11308,-0.04181848,-0.03860046,-0.05116595,-0.04181848,-9810.4062,234594.9955,OK,0.0000,294.3122,3.0000,97.0000,AG03-UNRESOLVED,ALL5_LEVELS_bet23_to_bet27,294.3122,294.3122,294.3122,392.4162,490.5203,3.000000,3.000000,3.000000,4.000000,5.000000,97.000000,97.000000,97.000000,96.000000,95.000000,5.0,1765.8731,1644.6383,8044.5331,8165.7679,PENDING_AG03,FALSE,NOT_FOR_ENFORCEMENT,9516.0940,164454.1300,9810.4062,9516.0940,294.3122,0.04181848,0.04056393,294.3122,9516.0940,0.04056393,294.3122,294.3122,294.3122,392.4162,490.5203,9516.0940,0.04056393,1765.8731,1644.6383,8044.5331,8165.7679,0.03429115,0.03480794,0.00125455,11.8178,14.9930,0.8676,208.7320,5.3202,4991.3829,240.5957,12.7170,9.8041,2.5818,2.84,3.3563,4.9054,16.007,177.8754,0.2582,0.0,5.636364,62.633151,4.16126,29,188,6,10,0.74390005,0.04181848,0.03860046,0E-8,0.000000,0.722694,0.000000,0.01256549,2026-05-12,2026-08-02,47,1844,580,83,0.566265,1.297104,1.076088,2.479667,,,,,,,,GLOBAL_BASELINE_NO_ENTITY_RANKING,,,NOT_APPLICABLE_GLOBAL_BASELINE,HF9g-P5,,,,X 全窗基线 · 不参与实体赏罚,15059570,1506,A168_HF9F_20260827_0900,2026-08-27 09:00:00
2026-07-19,17529000,1398,0,66.3516897736,4.0275733871,4.0275733871,0.8000000,22,11,0.50087372719852908,0.499948100000,1.8918435485650216,1.8976948507454527,1.8918435485650216,0.00092562719852908,ELIGIBLE,R03b_20260811_FULL_v1,L1_ELIGIBILITY,v2026-08-11,2026-03-21..2026-08-06,baccarat_bet02_101_all_pairs_incl_sentinel,round_win = game_pnl > 0 (decisive only),COMPATIBILITY_ONLY_NOT_PRODUCTION,234594.9955,169540.3402,9810.4062,19851,11308,-0.04181848,-0.03860046,-0.05116595,-0.04181848,-9810.4062,234594.9955,OK,0.0000,294.3122,3.0000,97.0000,AG03-UNRESOLVED,ALL5_LEVELS_bet23_to_bet27,294.3122,294.3122,294.3122,392.4162,490.5203,3.000000,3.000000,3.000000,4.000000,5.000000,97.000000,97.000000,97.000000,96.000000,95.000000,5.0,1765.8731,1644.6383,8044.5331,8165.7679,PENDING_AG03,FALSE,NOT_FOR_ENFORCEMENT,9516.0940,164454.1300,9810.4062,9516.0940,294.3122,0.04181848,0.04056393,294.3122,9516.0940,0.04056393,294.3122,294.3122,294.3122,392.4162,490.5203,9516.0940,0.04056393,1765.8731,1644.6383,8044.5331,8165.7679,0.03429115,0.03480794,0.00125455,11.8178,14.9930,0.8676,208.7320,5.3202,4991.3829,240.5957,12.7170,9.8041,2.5818,2.84,3.3563,4.9054,16.007,177.8754,0.2582,0.0,5.636364,62.633151,4.16126,29,188,6,10,0.74390005,0.04181848,0.03860046,0E-8,0.000000,0.722694,0.000000,0.01256549,2026-05-12,2026-08-02,47,1844,580,83,0.566265,1.297104,1.076088,2.479667,,,,,,,,GLOBAL_BASELINE_NO_ENTITY_RANKING,,,NOT_APPLICABLE_GLOBAL_BASELINE,HF9g-P5,,,,X 全窗基线 · 不参与实体赏罚,15059571,1506,A168_HF9F_20260827_0900,2026-08-27 09:00:00
2026-07-19,17529000,1399,0,26.3341336844,3.2917667106,3.2917667106,1.0000000,8,4,0.50131197263942982,0.499948100000,1.7275119480764538,1.7322306037746105,1.7275119480764538,0.00136387263942982,ELIGIBLE,R03b_20260811_FULL_v1,L1_ELIGIBILITY,v2026-08-11,2026-03-21..2026-08-06,baccarat_bet02_101_all_pairs_incl_sentinel,round_win = game_pnl > 0 (decisive only),COMPATIBILITY_ONLY_NOT_PRODUCTION,234594.9955,169540.3402,9810.4062,19851,11308,-0.04181848,-0.03860046,-0.05116595,-0.04181848,-9810.4062,234594.9955,OK,0.0000,294.3122,3.0000,97.0000,AG03-UNRESOLVED,ALL5_LEVELS_bet23_to_bet27,294.3122,294.3122,294.3122,392.4162,490.5203,3.000000,3.000000,3.000000,4.000000,5.000000,97.000000,97.000000,97.000000,96.000000,95.000000,5.0,1765.8731,1644.6383,8044.5331,8165.7679,PENDING_AG03,FALSE,NOT_FOR_ENFORCEMENT,9516.0940,164454.1300,9810.4062,9516.0940,294.3122,0.04181848,0.04056393,294.3122,9516.0940,0.04056393,294.3122,294.3122,294.3122,392.4162,490.5203,9516.0940,0.04056393,1765.8731,1644.6383,8044.5331,8165.7679,0.03429115,0.03480794,0.00125455,11.8178,14.9930,0.8676,208.7320,5.3202,4991.3829,240.5957,12.7170,9.8041,2.5818,2.84,3.3563,4.9054,16.007,177.8754,0.2582,0.0,5.636364,62.633151,4.16126,29,188,6,10,0.74390005,0.04181848,0.03860046,0E-8,0.000000,0.722694,0.000000,0.01256549,2026-05-12,2026-08-02,47,1844,580,83,0.566265,1.297104,1.076088,2.479667,,,,,,,,GLOBAL_BASELINE_NO_ENTITY_RANKING,,,NOT_APPLICABLE_GLOBAL_BASELINE,HF9g-P5,,,,X 全窗基线 · 不参与实体赏罚,15059572,1506,A168_HF9F_20260827_0900,2026-08-27 09:00:00
2026-07-19,17529000,1507,0,5.4217334056,-0.2581777812,-0.2581777812,0E-7,2,1,0.50026727142854788,0.499948100000,-1.0005346858015285,-0.9998962053866608,-1.0005346858015285,0.00031917142854788,ELIGIBLE,R03b_20260811_FULL_v1,L1_ELIGIBILITY,v2026-08-11,2026-03-21..2026-08-06,baccarat_bet02_101_all_pairs_incl_sentinel,round_win = game_pnl > 0 (decisive only),COMPATIBILITY_ONLY_NOT_PRODUCTION,234594.9955,169540.3402,9810.4062,19851,11308,-0.04181848,-0.03860046,-0.05116595,-0.04181848,-9810.4062,234594.9955,OK,0.0000,294.3122,3.0000,97.0000,AG03-UNRESOLVED,ALL5_LEVELS_bet23_to_bet27,294.3122,294.3122,294.3122,392.4162,490.5203,3.000000,3.000000,3.000000,4.000000,5.000000,97.000000,97.000000,97.000000,96.000000,95.000000,5.0,1765.8731,1644.6383,8044.5331,8165.7679,PENDING_AG03,FALSE,NOT_FOR_ENFORCEMENT,9516.0940,164454.1300,9810.4062,9516.0940,294.3122,0.04181848,0.04056393,294.3122,9516.0940,0.04056393,294.3122,294.3122,294.3122,392.4162,490.5203,9516.0940,0.04056393,1765.8731,1644.6383,8044.5331,8165.7679,0.03429115,0.03480794,0.00125455,11.8178,14.9930,0.8676,208.7320,5.3202,4991.3829,240.5957,12.7170,9.8041,2.5818,2.84,3.3563,4.9054,16.007,177.8754,0.2582,0.0,5.636364,62.633151,4.16126,29,188,6,10,0.74390005,0.04181848,0.03860046,0E-8,0.000000,0.722694,0.000000,0.01256549,2026-05-12,2026-08-02,47,1844,580,83,0.566265,1.297104,1.076088,2.479667,,,,,,,,GLOBAL_BASELINE_NO_ENTITY_RANKING,,,NOT_APPLICABLE_GLOBAL_BASELINE,HF9g-P5,,,,X 全窗基线 · 不参与实体赏罚,15059573,1506,A168_HF9F_20260827_0900,2026-08-27 09:00:00
2026-07-19,17529000,1687,0,5.6799111868,0E-10,0E-10,,2,1,0.50055742727268436,0.499948100000,,,,0.00060932727268436,NO_DECISIVE_ROUND,R03b_20260811_FULL_v1,L1_ELIGIBILITY,v2026-08-11,2026-03-21..2026-08-06,baccarat_bet02_101_all_pairs_incl_sentinel,round_win = game_pnl > 0 (decisive only),COMPATIBILITY_ONLY_NOT_PRODUCTION,234594.9955,169540.3402,9810.4062,19851,11308,-0.04181848,-0.03860046,-0.05116595,-0.04181848,-9810.4062,234594.9955,OK,0.0000,294.3122,3.0000,97.0000,AG03-UNRESOLVED,ALL5_LEVELS_bet23_to_bet27,294.3122,294.3122,294.3122,392.4162,490.5203,3.000000,3.000000,3.000000,4.000000,5.000000,97.000000,97.000000,97.000000,96.000000,95.000000,5.0,1765.8731,1644.6383,8044.5331,8165.7679,PENDING_AG03,FALSE,NOT_FOR_ENFORCEMENT,9516.0940,164454.1300,9810.4062,9516.0940,294.3122,0.04181848,0.04056393,294.3122,9516.0940,0.04056393,294.3122,294.3122,294.3122,392.4162,490.5203,9516.0940,0.04056393,1765.8731,1644.6383,8044.5331,8165.7679,0.03429115,0.03480794,0.00125455,11.8178,14.9930,0.8676,208.7320,5.3202,4991.3829,240.5957,12.7170,9.8041,2.5818,2.84,3.3563,4.9054,16.007,177.8754,0.2582,0.0,5.636364,62.633151,4.16126,29,188,6,10,0.74390005,0.04181848,0.03860046,0E-8,0.000000,0.722694,0.000000,0.01256549,2026-05-12,2026-08-02,47,1844,580,83,0.566265,1.297104,1.076088,2.479667,,,,,,,,GLOBAL_BASELINE_NO_ENTITY_RANKING,,,NOT_APPLICABLE_GLOBAL_BASELINE,HF9g-P5,,,,X 全窗基线 · 不参与实体赏罚,15059574,1506,A168_HF9F_20260827_0900,2026-08-27 09:00:00
2026-07-19,17529000,1941,0,99.3984457696,4.3632045028,4.3632045028,0.7333333,34,17,0.50071431921279971,0.499948100000,1.801860974207075,1.8077942536404497,1.801860974207075,0.00076621921279971,ELIGIBLE,R03b_20260811_FULL_v1,L1_ELIGIBILITY,v2026-08-11,2026-03-21..2026-08-06,baccarat_bet02_101_all_pairs_incl_sentinel,round_win = game_pnl > 0 (decisive only),COMPATIBILITY_ONLY_NOT_PRODUCTION,234594.9955,169540.3402,9810.4062,19851,11308,-0.04181848,-0.03860046,-0.05116595,-0.04181848,-9810.4062,234594.9955,OK,0.0000,294.3122,3.0000,97.0000,AG03-UNRESOLVED,ALL5_LEVELS_bet23_to_bet27,294.3122,294.3122,294.3122,392.4162,490.5203,3.000000,3.000000,3.000000,4.000000,5.000000,97.000000,97.000000,97.000000,96.000000,95.000000,5.0,1765.8731,1644.6383,8044.5331,8165.7679,PENDING_AG03,FALSE,NOT_FOR_ENFORCEMENT,9516.0940,164454.1300,9810.4062,9516.0940,294.3122,0.04181848,0.04056393,294.3122,9516.0940,0.04056393,294.3122,294.3122,294.3122,392.4162,490.5203,9516.0940,0.04056393,1765.8731,1644.6383,8044.5331,8165.7679,0.03429115,0.03480794,0.00125455,11.8178,14.9930,0.8676,208.7320,5.3202,4991.3829,240.5957,12.7170,9.8041,2.5818,2.84,3.3563,4.9054,16.007,177.8754,0.2582,0.0,5.636364,62.633151,4.16126,29,188,6,10,0.74390005,0.04181848,0.03860046,0E-8,0.000000,0.722694,0.000000,0.01256549,2026-05-12,2026-08-02,47,1844,580,83,0.566265,1.297104,1.076088,2.479667,,,,,,,,GLOBAL_BASELINE_NO_ENTITY_RANKING,,,NOT_APPLICABLE_GLOBAL_BASELINE,HF9g-P5,,,,X 全窗基线 · 不参与实体赏罚,15059575,1506,A168_HF9F_20260827_0900,2026-08-27 09:00:00
2026-07-19,17529000,1963,0,23.4941780910,0.4259933391,0.4259933391,0.5000000,8,4,0.50075060167983476,0.499948100000,-0.003002410102473954,0.00020760000111838688,-0.003002410102473954,0.00080250167983476,ELIGIBLE,R03b_20260811_FULL_v1,L1_ELIGIBILITY,v2026-08-11,2026-03-21..2026-08-06,baccarat_bet02_101_all_pairs_incl_sentinel,round_win = game_pnl > 0 (decisive only),COMPATIBILITY_ONLY_NOT_PRODUCTION,234594.9955,169540.3402,9810.4062,19851,11308,-0.04181848,-0.03860046,-0.05116595,-0.04181848,-9810.4062,234594.9955,OK,0.0000,294.3122,3.0000,97.0000,AG03-UNRESOLVED,ALL5_LEVELS_bet23_to_bet27,294.3122,294.3122,294.3122,392.4162,490.5203,3.000000,3.000000,3.000000,4.000000,5.000000,97.000000,97.000000,97.000000,96.000000,95.000000,5.0,1765.8731,1644.6383,8044.5331,8165.7679,PENDING_AG03,FALSE,NOT_FOR_ENFORCEMENT,9516.0940,164454.1300,9810.4062,9516.0940,294.3122,0.04181848,0.04056393,294.3122,9516.0940,0.04056393,294.3122,294.3122,294.3122,392.4162,490.5203,9516.0940,0.04056393,1765.8731,1644.6383,8044.5331,8165.7679,0.03429115,0.03480794,0.00125455,11.8178,14.9930,0.8676,208.7320,5.3202,4991.3829,240.5957,12.7170,9.8041,2.5818,2.84,3.3563,4.9054,16.007,177.8754,0.2582,0.0,5.636364,62.633151,4.16126,29,188,6,10,0.74390005,0.04181848,0.03860046,0E-8,0.000000,0.722694,0.000000,0.01256549,2026-05-12,2026-08-02,47,1844,580,83,0.566265,1.297104,1.076088,2.479667,,,,,,,,GLOBAL_BASELINE_NO_ENTITY_RANKING,,,NOT_APPLICABLE_GLOBAL_BASELINE,HF9g-P5,,,,X 全窗基线 · 不参与实体赏罚,15059576,1506,A168_HF9F_20260827_0900,2026-08-27 09:00:00
2026-07-19,17529000,2088,0,7.4871556554,2.0783311388,2.0783311388,1.0000000,2,1,0.50202821724139166,0.499948100000,0.9959517595750697,1.0001038053877793,0.9959517595750697,0.00208011724139166,ELIGIBLE,R03b_20260811_FULL_v1,L1_ELIGIBILITY,v2026-08-11,2026-03-21..2026-08-06,baccarat_bet02_101_all_pairs_incl_sentinel,round_win = game_pnl > 0 (decisive only),COMPATIBILITY_ONLY_NOT_PRODUCTION,234594.9955,169540.3402,9810.4062,19851,11308,-0.04181848,-0.03860046,-0.05116595,-0.04181848,-9810.4062,234594.9955,OK,0.0000,294.3122,3.0000,97.0000,AG03-UNRESOLVED,ALL5_LEVELS_bet23_to_bet27,294.3122,294.3122,294.3122,392.4162,490.5203,3.000000,3.000000,3.000000,4.000000,5.000000,97.000000,97.000000,97.000000,96.000000,95.000000,5.0,1765.8731,1644.6383,8044.5331,8165.7679,PENDING_AG03,FALSE,NOT_FOR_ENFORCEMENT,9516.0940,164454.1300,9810.4062,9516.0940,294.3122,0.04181848,0.04056393,294.3122,9516.0940,0.04056393,294.3122,294.3122,294.3122,392.4162,490.5203,9516.0940,0.04056393,1765.8731,1644.6383,8044.5331,8165.7679,0.03429115,0.03480794,0.00125455,11.8178,14.9930,0.8676,208.7320,5.3202,4991.3829,240.5957,12.7170,9.8041,2.5818,2.84,3.3563,4.9054,16.007,177.8754,0.2582,0.0,5.636364,62.633151,4.16126,29,188,6,10,0.74390005,0.04181848,0.03860046,0E-8,0.000000,0.722694,0.000000,0.01256549,2026-05-12,2026-08-02,47,1844,580,83,0.566265,1.297104,1.076088,2.479667,,,,,,,,GLOBAL_BASELINE_NO_ENTITY_RANKING,,,NOT_APPLICABLE_GLOBAL_BASELINE,HF9g-P5,,,,X 全窗基线 · 不参与实体赏罚,15059577,1506,A168_HF9F_20260827_0900,2026-08-27 09:00:00
2026-07-19,17529000,2101,0,328.4021377120,150.2594686702,150.2594686702,0.4000000,5,5,0.49324550000000000,0.493245500000,-0.4170446088060018,-0.4170446088060018,-0.4170446088060018,0E-17,ELIGIBLE,R03b_20260811_FULL_v1,L1_ELIGIBILITY,v2026-08-11,2026-03-21..2026-08-06,baccarat_bet02_101_all_pairs_incl_sentinel,round_win = game_pnl > 0 (decisive only),COMPATIBILITY_ONLY_NOT_PRODUCTION,234594.9955,169540.3402,9810.4062,19851,11308,-0.04181848,-0.03860046,-0.05116595,-0.04181848,-9810.4062,234594.9955,OK,0.0000,294.3122,3.0000,97.0000,AG03-UNRESOLVED,ALL5_LEVELS_bet23_to_bet27,294.3122,294.3122,294.3122,392.4162,490.5203,3.000000,3.000000,3.000000,4.000000,5.000000,97.000000,97.000000,97.000000,96.000000,95.000000,5.0,1765.8731,1644.6383,8044.5331,8165.7679,PENDING_AG03,FALSE,NOT_FOR_ENFORCEMENT,9516.0940,164454.1300,9810.4062,9516.0940,294.3122,0.04181848,0.04056393,294.3122,9516.0940,0.04056393,294.3122,294.3122,294.3122,392.4162,490.5203,9516.0940,0.04056393,1765.8731,1644.6383,8044.5331,8165.7679,0.03429115,0.03480794,0.00125455,11.8178,14.9930,0.8676,208.7320,5.3202,4991.3829,240.5957,12.7170,9.8041,2.5818,2.84,3.3563,4.9054,16.007,177.8754,0.2582,0.0,5.636364,62.633151,4.16126,29,188,6,10,0.74390005,0.04181848,0.03860046,0E-8,0.000000,0.722694,0.000000,0.01256549,2026-05-12,2026-08-02,47,1844,580,83,0.566265,1.297104,1.076088,2.479667,,,,,,,,GLOBAL_BASELINE_NO_ENTITY_RANKING,,,NOT_APPLICABLE_GLOBAL_BASELINE,HF9g-P5,,,,X 全窗基线 · 不参与实体赏罚,15059578,1506,A168_HF9F_20260827_0900,2026-08-27 09:00:00
2026-07-19,17529000,2115,0,5.9380889681,-0.7745333437,-0.7745333437,0E-7,2,1,0.50082235217395230,0.499948100000,-1.001646059101355,-0.9998962053866608,-1.001646059101355,0.00087425217395230,ELIGIBLE,R03b_20260811_FULL_v1,L1_ELIGIBILITY,v2026-08-11,2026-03-21..2026-08-06,baccarat_bet02_101_all_pairs_incl_sentinel,round_win = game_pnl > 0 (decisive only),COMPATIBILITY_ONLY_NOT_PRODUCTION,234594.9955,169540.3402,9810.4062,19851,11308,-0.04181848,-0.03860046,-0.05116595,-0.04181848,-9810.4062,234594.9955,OK,0.0000,294.3122,3.0000,97.0000,AG03-UNRESOLVED,ALL5_LEVELS_bet23_to_bet27,294.3122,294.3122,294.3122,392.4162,490.5203,3.000000,3.000000,3.000000,4.000000,5.000000,97.000000,97.000000,97.000000,96.000000,95.000000,5.0,1765.8731,1644.6383,8044.5331,8165.7679,PENDING_AG03,FALSE,NOT_FOR_ENFORCEMENT,9516.0940,164454.1300,9810.4062,9516.0940,294.3122,0.04181848,0.04056393,294.3122,9516.0940,0.04056393,294.3122,294.3122,294.3122,392.4162,490.5203,9516.0940,0.04056393,1765.8731,1644.6383,8044.5331,8165.7679,0.03429115,0.03480794,0.00125455,11.8178,14.9930,0.8676,208.7320,5.3202,4991.3829,240.5957,12.7170,9.8041,2.5818,2.84,3.3563,4.9054,16.007,177.8754,0.2582,0.0,5.636364,62.633151,4.16126,29,188,6,10,0.74390005,0.04181848,0.03860046,0E-8,0.000000,0.722694,0.000000,0.01256549,2026-05-12,2026-08-02,47,1844,580,83,0.566265,1.297104,1.076088,2.479667,,,,,,,,GLOBAL_BASELINE_NO_ENTITY_RANKING,,,NOT_APPLICABLE_GLOBAL_BASELINE,HF9g-P5,,,,X 全窗基线 · 不参与实体赏罚,15059579,1506,A168_HF9F_20260827_0900,2026-08-27 09:00:00
2026-07-19,17529000,2127,0,2136.1629618155,-2082.0747166499,-2082.0747166499,0E-7,12,10,0.50525467192545956,0.505310180000,-3.0316954559610507,-3.032032079373666,-3.0316954559610507,-0.00005550807454044,ELIGIBLE,R03b_20260811_FULL_v1,L1_ELIGIBILITY,v2026-08-11,2026-03-21..2026-08-06,baccarat_bet02_101_all_pairs_incl_sentinel,round_win = game_pnl > 0 (decisive only),COMPATIBILITY_ONLY_NOT_PRODUCTION,234594.9955,169540.3402,9810.4062,19851,11308,-0.04181848,-0.03860046,-0.05116595,-0.04181848,-9810.4062,234594.9955,OK,0.0000,294.3122,3.0000,97.0000,AG03-UNRESOLVED,ALL5_LEVELS_bet23_to_bet27,294.3122,294.3122,294.3122,392.4162,490.5203,3.000000,3.000000,3.000000,4.000000,5.000000,97.000000,97.000000,97.000000,96.000000,95.000000,5.0,1765.8731,1644.6383,8044.5331,8165.7679,PENDING_AG03,FALSE,NOT_FOR_ENFORCEMENT,9516.0940,164454.1300,9810.4062,9516.0940,294.3122,0.04181848,0.04056393,294.3122,9516.0940,0.04056393,294.3122,294.3122,294.3122,392.4162,490.5203,9516.0940,0.04056393,1765.8731,1644.6383,8044.5331,8165.7679,0.03429115,0.03480794,0.00125455,11.8178,14.9930,0.8676,208.7320,5.3202,4991.3829,240.5957,12.7170,9.8041,2.5818,2.84,3.3563,4.9054,16.007,177.8754,0.2582,0.0,5.636364,62.633151,4.16126,29,188,6,10,0.74390005,0.04181848,0.03860046,0E-8,0.000000,0.722694,0.000000,0.01256549,2026-05-12,2026-08-02,47,1844,580,83,0.566265,1.297104,1.076088,2.479667,,,,,,,,GLOBAL_BASELINE_NO_ENTITY_RANKING,,,NOT_APPLICABLE_GLOBAL_BASELINE,HF9g-P5,,,,X 全窗基线 · 不参与实体赏罚,15059580,1506,A168_HF9F_20260827_0900,2026-08-27 09:00:00
2026-07-19,17529000,2141,0,6.4544445305,0E-10,0E-10,,2,1,0.50128862000000000,0.499948100000,,,,0.00134052000000000,NO_DECISIVE_ROUND,R03b_20260811_FULL_v1,L1_ELIGIBILITY,v2026-08-11,2026-03-21..2026-08-06,baccarat_bet02_101_all_pairs_incl_sentinel,round_win = game_pnl > 0 (decisive only),COMPATIBILITY_ONLY_NOT_PRODUCTION,234594.9955,169540.3402,9810.4062,19851,11308,-0.04181848,-0.03860046,-0.05116595,-0.04181848,-9810.4062,234594.9955,OK,0.0000,294.3122,3.0000,97.0000,AG03-UNRESOLVED,ALL5_LEVELS_bet23_to_bet27,294.3122,294.3122,294.3122,392.4162,490.5203,3.000000,3.000000,3.000000,4.000000,5.000000,97.000000,97.000000,97.000000,96.000000,95.000000,5.0,1765.8731,1644.6383,8044.5331,8165.7679,PENDING_AG03,FALSE,NOT_FOR_ENFORCEMENT,9516.0940,164454.1300,9810.4062,9516.0940,294.3122,0.04181848,0.04056393,294.3122,9516.0940,0.04056393,294.3122,294.3122,294.3122,392.4162,490.5203,9516.0940,0.04056393,1765.8731,1644.6383,8044.5331,8165.7679,0.03429115,0.03480794,0.00125455,11.8178,14.9930,0.8676,208.7320,5.3202,4991.3829,240.5957,12.7170,9.8041,2.5818,2.84,3.3563,4.9054,16.007,177.8754,0.2582,0.0,5.636364,62.633151,4.16126,29,188,6,10,0.74390005,0.04181848,0.03860046,0E-8,0.000000,0.722694,0.000000,0.01256549,2026-05-12,2026-08-02,47,1844,580,83,0.566265,1.297104,1.076088,2.479667,,,,,,,,GLOBAL_BASELINE_NO_ENTITY_RANKING,,,NOT_APPLICABLE_GLOBAL_BASELINE,HF9g-P5,,,,X 全窗基线 · 不参与实体赏罚,15059581,1506,A168_HF9F_20260827_0900,2026-08-27 09:00:00
2026-07-19,17529000,2142,0,50.8610229002,5.9509978573,5.9509978573,0.8571429,17,9,0.50133707742767991,0.500692833333,1.8827539482284377,1.8861580464284666,1.8827539482284377,0.00064424409467991,ELIGIBLE,R03b_20260811_FULL_v1,L1_ELIGIBILITY,v2026-08-11,2026-03-21..2026-08-06,baccarat_bet02_101_all_pairs_incl_sentinel,round_win = game_pnl > 0 (decisive only),COMPATIBILITY_ONLY_NOT_PRODUCTION,234594.9955,169540.3402,9810.4062,19851,11308,-0.04181848,-0.03860046,-0.05116595,-0.04181848,-9810.4062,234594.9955,OK,0.0000,294.3122,3.0000,97.0000,AG03-UNRESOLVED,ALL5_LEVELS_bet23_to_bet27,294.3122,294.3122,294.3122,392.4162,490.5203,3.000000,3.000000,3.000000,4.000000,5.000000,97.000000,97.000000,97.000000,96.000000,95.000000,5.0,1765.8731,1644.6383,8044.5331,8165.7679,PENDING_AG03,FALSE,NOT_FOR_ENFORCEMENT,9516.0940,164454.1300,9810.4062,9516.0940,294.3122,0.04181848,0.04056393,294.3122,9516.0940,0.04056393,294.3122,294.3122,294.3122,392.4162,490.5203,9516.0940,0.04056393,1765.8731,1644.6383,8044.5331,8165.7679,0.03429115,0.03480794,0.00125455,11.8178,14.9930,0.8676,208.7320,5.3202,4991.3829,240.5957,12.7170,9.8041,2.5818,2.84,3.3563,4.9054,16.007,177.8754,0.2582,0.0,5.636364,62.633151,4.16126,29,188,6,10,0.74390005,0.04181848,0.03860046,0E-8,0.000000,0.722694,0.000000,0.01256549,2026-05-12,2026-08-02,47,1844,580,83,0.566265,1.297104,1.076088,2.479667,,,,,,,,GLOBAL_BASELINE_NO_ENTITY_RANKING,,,NOT_APPLICABLE_GLOBAL_BASELINE,HF9g-P5,,,,X 全窗基线 · 不参与实体赏罚,15059582,1506,A168_HF9F_20260827_0900,2026-08-27 09:00:00
2026-07-19,17529000,2147,0,109.7255570182,-17.9046291273,-17.9046291273,0.3333333,33,19,0.50162049942368275,0.501711942105,-1.4279714557281131,-1.428748247450738,-1.4279714557281131,-0.00009144268131725,ELIGIBLE,R03b_20260811_FULL_v1,L1_ELIGIBILITY,v2026-08-11,2026-03-21..2026-08-06,baccarat_bet02_101_all_pairs_incl_sentinel,round_win = game_pnl > 0 (decisive only),COMPATIBILITY_ONLY_NOT_PRODUCTION,234594.9955,169540.3402,9810.4062,19851,11308,-0.04181848,-0.03860046,-0.05116595,-0.04181848,-9810.4062,234594.9955,OK,0.0000,294.3122,3.0000,97.0000,AG03-UNRESOLVED,ALL5_LEVELS_bet23_to_bet27,294.3122,294.3122,294.3122,392.4162,490.5203,3.000000,3.000000,3.000000,4.000000,5.000000,97.000000,97.000000,97.000000,96.000000,95.000000,5.0,1765.8731,1644.6383,8044.5331,8165.7679,PENDING_AG03,FALSE,NOT_FOR_ENFORCEMENT,9516.0940,164454.1300,9810.4062,9516.0940,294.3122,0.04181848,0.04056393,294.3122,9516.0940,0.04056393,294.3122,294.3122,294.3122,392.4162,490.5203,9516.0940,0.04056393,1765.8731,1644.6383,8044.5331,8165.7679,0.03429115,0.03480794,0.00125455,11.8178,14.9930,0.8676,208.7320,5.3202,4991.3829,240.5957,12.7170,9.8041,2.5818,2.84,3.3563,4.9054,16.007,177.8754,0.2582,0.0,5.636364,62.633151,4.16126,29,188,6,10,0.74390005,0.04181848,0.03860046,0E-8,0.000000,0.722694,0.000000,0.01256549,2026-05-12,2026-08-02,47,1844,580,83,0.566265,1.297104,1.076088,2.479667,,,,,,,,GLOBAL_BASELINE_NO_ENTITY_RANKING,,,NOT_APPLICABLE_GLOBAL_BASELINE,HF9g-P5,,,,X 全窗基线 · 不参与实体赏罚,15059583,1506,A168_HF9F_20260827_0900,2026-08-27 09:00:00
2026-07-19,17529000,2152,0,331.7584488675,-22.1387447393,-22.1387447393,0.5000000,42,26,0.50272691529523357,0.502526023077,-0.025581113401511035,-0.023696499306900716,-0.025581113401511035,0.00020089221823357,ELIGIBLE,R03b_20260811_FULL_v1,L1_ELIGIBILITY,v2026-08-11,2026-03-21..2026-08-06,baccarat_bet02_101_all_pairs_incl_sentinel,round_win = game_pnl > 0 (decisive only),COMPATIBILITY_ONLY_NOT_PRODUCTION,234594.9955,169540.3402,9810.4062,19851,11308,-0.04181848,-0.03860046,-0.05116595,-0.04181848,-9810.4062,234594.9955,OK,0.0000,294.3122,3.0000,97.0000,AG03-UNRESOLVED,ALL5_LEVELS_bet23_to_bet27,294.3122,294.3122,294.3122,392.4162,490.5203,3.000000,3.000000,3.000000,4.000000,5.000000,97.000000,97.000000,97.000000,96.000000,95.000000,5.0,1765.8731,1644.6383,8044.5331,8165.7679,PENDING_AG03,FALSE,NOT_FOR_ENFORCEMENT,9516.0940,164454.1300,9810.4062,9516.0940,294.3122,0.04181848,0.04056393,294.3122,9516.0940,0.04056393,294.3122,294.3122,294.3122,392.4162,490.5203,9516.0940,0.04056393,1765.8731,1644.6383,8044.5331,8165.7679,0.03429115,0.03480794,0.00125455,11.8178,14.9930,0.8676,208.7320,5.3202,4991.3829,240.5957,12.7170,9.8041,2.5818,2.84,3.3563,4.9054,16.007,177.8754,0.2582,0.0,5.636364,62.633151,4.16126,29,188,6,10,0.74390005,0.04181848,0.03860046,0E-8,0.000000,0.722694,0.000000,0.01256549,2026-05-12,2026-08-02,47,1844,580,83,0.566265,1.297104,1.076088,2.479667,,,,,,,,GLOBAL_BASELINE_NO_ENTITY_RANKING,,,NOT_APPLICABLE_GLOBAL_BASELINE,HF9g-P5,,,,X 全窗基线 · 不参与实体赏罚,15059584,1506,A168_HF9F_20260827_0900,2026-08-27 09:00:00
2026-07-19,17529000,2155,0,16.7815557794,-2.5559600341,-2.5559600341,0.3333333,5,3,0.50319300952382436,0.502182300000,-0.5884231770737751,-0.5849155494134426,-0.5884231770737751,0.00101070952382436,ELIGIBLE,R03b_20260811_FULL_v1,L1_ELIGIBILITY,v2026-08-11,2026-03-21..2026-08-06,baccarat_bet02_101_all_pairs_incl_sentinel,round_win = game_pnl > 0 (decisive only),COMPATIBILITY_ONLY_NOT_PRODUCTION,234594.9955,169540.3402,9810.4062,19851,11308,-0.04181848,-0.03860046,-0.05116595,-0.04181848,-9810.4062,234594.9955,OK,0.0000,294.3122,3.0000,97.0000,AG03-UNRESOLVED,ALL5_LEVELS_bet23_to_bet27,294.3122,294.3122,294.3122,392.4162,490.5203,3.000000,3.000000,3.000000,4.000000,5.000000,97.000000,97.000000,97.000000,96.000000,95.000000,5.0,1765.8731,1644.6383,8044.5331,8165.7679,PENDING_AG03,FALSE,NOT_FOR_ENFORCEMENT,9516.0940,164454.1300,9810.4062,9516.0940,294.3122,0.04181848,0.04056393,294.3122,9516.0940,0.04056393,294.3122,294.3122,294.3122,392.4162,490.5203,9516.0940,0.04056393,1765.8731,1644.6383,8044.5331,8165.7679,0.03429115,0.03480794,0.00125455,11.8178,14.9930,0.8676,208.7320,5.3202,4991.3829,240.5957,12.7170,9.8041,2.5818,2.84,3.3563,4.9054,16.007,177.8754,0.2582,0.0,5.636364,62.633151,4.16126,29,188,6,10,0.74390005,0.04181848,0.03860046,0E-8,0.000000,0.722694,0.000000,0.01256549,2026-05-12,2026-08-02,47,1844,580,83,0.566265,1.297104,1.076088,2.479667,,,,,,,,GLOBAL_BASELINE_NO_ENTITY_RANKING,,,NOT_APPLICABLE_GLOBAL_BASELINE,HF9g-P5,,,,X 全窗基线 · 不参与实体赏罚,15059585,1506,A168_HF9F_20260827_0900,2026-08-27 09:00:00
2026-07-19,17529000,2169,0,22.7196447474,1.2005266826,1.2005266826,0.2500000,6,4,0.50385309304348808,0.503299400000,-1.0154425238030886,-1.013219660140378,-1.0154425238030886,0.00055369304348808,ELIGIBLE,R03b_20260811_FULL_v1,L1_ELIGIBILITY,v2026-08-11,2026-03-21..2026-08-06,baccarat_bet02_101_all_pairs_incl_sentinel,round_win = game_pnl > 0 (decisive only),COMPATIBILITY_ONLY_NOT_PRODUCTION,234594.9955,169540.3402,9810.4062,19851,11308,-0.04181848,-0.03860046,-0.05116595,-0.04181848,-9810.4062,234594.9955,OK,0.0000,294.3122,3.0000,97.0000,AG03-UNRESOLVED,ALL5_LEVELS_bet23_to_bet27,294.3122,294.3122,294.3122,392.4162,490.5203,3.000000,3.000000,3.000000,4.000000,5.000000,97.000000,97.000000,97.000000,96.000000,95.000000,5.0,1765.8731,1644.6383,8044.5331,8165.7679,PENDING_AG03,FALSE,NOT_FOR_ENFORCEMENT,9516.0940,164454.1300,9810.4062,9516.0940,294.3122,0.04181848,0.04056393,294.3122,9516.0940,0.04056393,294.3122,294.3122,294.3122,392.4162,490.5203,9516.0940,0.04056393,1765.8731,1644.6383,8044.5331,8165.7679,0.03429115,0.03480794,0.00125455,11.8178,14.9930,0.8676,208.7320,5.3202,4991.3829,240.5957,12.7170,9.8041,2.5818,2.84,3.3563,4.9054,16.007,177.8754,0.2582,0.0,5.636364,62.633151,4.16126,29,188,6,10,0.74390005,0.04181848,0.03860046,0E-8,0.000000,0.722694,0.000000,0.01256549,2026-05-12,2026-08-02,47,1844,580,83,0.566265,1.297104,1.076088,2.479667,,,,,,,,GLOBAL_BASELINE_NO_ENTITY_RANKING,,,NOT_APPLICABLE_GLOBAL_BASELINE,HF9g-P5,,,,X 全窗基线 · 不参与实体赏罚,15059586,1506,A168_HF9F_20260827_0900,2026-08-27 09:00:00
2026-07-19,17529000,2170,0,75.6460898974,4.7633800636,4.7633800636,0.2857143,14,9,0.50058637121371083,0.499948100000,-1.136996985712919,-1.133618796148647,-1.136996985712919,0.00063827121371083,ELIGIBLE,R03b_20260811_FULL_v1,L1_ELIGIBILITY,v2026-08-11,2026-03-21..2026-08-06,baccarat_bet02_101_all_pairs_incl_sentinel,round_win = game_pnl > 0 (decisive only),COMPATIBILITY_ONLY_NOT_PRODUCTION,234594.9955,169540.3402,9810.4062,19851,11308,-0.04181848,-0.03860046,-0.05116595,-0.04181848,-9810.4062,234594.9955,OK,0.0000,294.3122,3.0000,97.0000,AG03-UNRESOLVED,ALL5_LEVELS_bet23_to_bet27,294.3122,294.3122,294.3122,392.4162,490.5203,3.000000,3.000000,3.000000,4.000000,5.000000,97.000000,97.000000,97.000000,96.000000,95.000000,5.0,1765.8731,1644.6383,8044.5331,8165.7679,PENDING_AG03,FALSE,NOT_FOR_ENFORCEMENT,9516.0940,164454.1300,9810.4062,9516.0940,294.3122,0.04181848,0.04056393,294.3122,9516.0940,0.04056393,294.3122,294.3122,294.3122,392.4162,490.5203,9516.0940,0.04056393,1765.8731,1644.6383,8044.5331,8165.7679,0.03429115,0.03480794,0.00125455,11.8178,14.9930,0.8676,208.7320,5.3202,4991.3829,240.5957,12.7170,9.8041,2.5818,2.84,3.3563,4.9054,16.007,177.8754,0.2582,0.0,5.636364,62.633151,4.16126,29,188,6,10,0.74390005,0.04181848,0.03860046,0E-8,0.000000,0.722694,0.000000,0.01256549,2026-05-12,2026-08-02,47,1844,580,83,0.566265,1.297104,1.076088,2.479667,,,,,,,,GLOBAL_BASELINE_NO_ENTITY_RANKING,,,NOT_APPLICABLE_GLOBAL_BASELINE,HF9g-P5,,,,X 全窗基线 · 不参与实体赏罚,15059587,1506,A168_HF9F_20260827_0900,2026-08-27 09:00:00
2026-07-19,17529000,2171,0,12.9088890610,1.3167066843,1.3167066843,0.5000000,4,2,0.50121027792206971,0.499948100000,-0.003423192931676867,0.00014679536856514622,-0.003423192931676867,0.00126217792206971,ELIGIBLE,R03b_20260811_FULL_v1,L1_ELIGIBILITY,v2026-08-11,2026-03-21..2026-08-06,baccarat_bet02_101_all_pairs_incl_sentinel,round_win = game_pnl > 0 (decisive only),COMPATIBILITY_ONLY_NOT_PRODUCTION,234594.9955,169540.3402,9810.4062,19851,11308,-0.04181848,-0.03860046,-0.05116595,-0.04181848,-9810.4062,234594.9955,OK,0.0000,294.3122,3.0000,97.0000,AG03-UNRESOLVED,ALL5_LEVELS_bet23_to_bet27,294.3122,294.3122,294.3122,392.4162,490.5203,3.000000,3.000000,3.000000,4.000000,5.000000,97.000000,97.000000,97.000000,96.000000,95.000000,5.0,1765.8731,1644.6383,8044.5331,8165.7679,PENDING_AG03,FALSE,NOT_FOR_ENFORCEMENT,9516.0940,164454.1300,9810.4062,9516.0940,294.3122,0.04181848,0.04056393,294.3122,9516.0940,0.04056393,294.3122,294.3122,294.3122,392.4162,490.5203,9516.0940,0.04056393,1765.8731,1644.6383,8044.5331,8165.7679,0.03429115,0.03480794,0.00125455,11.8178,14.9930,0.8676,208.7320,5.3202,4991.3829,240.5957,12.7170,9.8041,2.5818,2.84,3.3563,4.9054,16.007,177.8754,0.2582,0.0,5.636364,62.633151,4.16126,29,188,6,10,0.74390005,0.04181848,0.03860046,0E-8,0.000000,0.722694,0.000000,0.01256549,2026-05-12,2026-08-02,47,1844,580,83,0.566265,1.297104,1.076088,2.479667,,,,,,,,GLOBAL_BASELINE_NO_ENTITY_RANKING,,,NOT_APPLICABLE_GLOBAL_BASELINE,HF9g-P5,,,,X 全窗基线 · 不参与实体赏罚,15059588,1506,A168_HF9F_20260827_0900,2026-08-27 09:00:00
2026-07-19,17529000,2174,0,88.0386233960,4.3244778356,4.3244778356,0.6428571,30,15,0.50034695074646725,0.499948100000,1.0664488827501823,1.0694333574477175,1.0664488827501823,0.00039885074646725,ELIGIBLE,R03b_20260811_FULL_v1,L1_ELIGIBILITY,v2026-08-11,2026-03-21..2026-08-06,baccarat_bet02_101_all_pairs_incl_sentinel,round_win = game_pnl > 0 (decisive only),COMPATIBILITY_ONLY_NOT_PRODUCTION,234594.9955,169540.3402,9810.4062,19851,11308,-0.04181848,-0.03860046,-0.05116595,-0.04181848,-9810.4062,234594.9955,OK,0.0000,294.3122,3.0000,97.0000,AG03-UNRESOLVED,ALL5_LEVELS_bet23_to_bet27,294.3122,294.3122,294.3122,392.4162,490.5203,3.000000,3.000000,3.000000,4.000000,5.000000,97.000000,97.000000,97.000000,96.000000,95.000000,5.0,1765.8731,1644.6383,8044.5331,8165.7679,PENDING_AG03,FALSE,NOT_FOR_ENFORCEMENT,9516.0940,164454.1300,9810.4062,9516.0940,294.3122,0.04181848,0.04056393,294.3122,9516.0940,0.04056393,294.3122,294.3122,294.3122,392.4162,490.5203,9516.0940,0.04056393,1765.8731,1644.6383,8044.5331,8165.7679,0.03429115,0.03480794,0.00125455,11.8178,14.9930,0.8676,208.7320,5.3202,4991.3829,240.5957,12.7170,9.8041,2.5818,2.84,3.3563,4.9054,16.007,177.8754,0.2582,0.0,5.636364,62.633151,4.16126,29,188,6,10,0.74390005,0.04181848,0.03860046,0E-8,0.000000,0.722694,0.000000,0.01256549,2026-05-12,2026-08-02,47,1844,580,83,0.566265,1.297104,1.076088,2.479667,,,,,,,,GLOBAL_BASELINE_NO_ENTITY_RANKING,,,NOT_APPLICABLE_GLOBAL_BASELINE,HF9g-P5,,,,X 全窗基线 · 不参与实体赏罚,15059589,1506,A168_HF9F_20260827_0900,2026-08-27 09:00:00
2026-07-19,17529000,2188,0,17.5560891229,0.3227222266,0.3227222266,0.3333333,6,3,0.50070443956707741,0.499948100000,-0.5797910948573791,-0.5771704854251445,-0.5797910948573791,0.00075633956707741,ELIGIBLE,R03b_20260811_FULL_v1,L1_ELIGIBILITY,v2026-08-11,2026-03-21..2026-08-06,baccarat_bet02_101_all_pairs_incl_sentinel,round_win = game_pnl > 0 (decisive only),COMPATIBILITY_ONLY_NOT_PRODUCTION,234594.9955,169540.3402,9810.4062,19851,11308,-0.04181848,-0.03860046,-0.05116595,-0.04181848,-9810.4062,234594.9955,OK,0.0000,294.3122,3.0000,97.0000,AG03-UNRESOLVED,ALL5_LEVELS_bet23_to_bet27,294.3122,294.3122,294.3122,392.4162,490.5203,3.000000,3.000000,3.000000,4.000000,5.000000,97.000000,97.000000,97.000000,96.000000,95.000000,5.0,1765.8731,1644.6383,8044.5331,8165.7679,PENDING_AG03,FALSE,NOT_FOR_ENFORCEMENT,9516.0940,164454.1300,9810.4062,9516.0940,294.3122,0.04181848,0.04056393,294.3122,9516.0940,0.04056393,294.3122,294.3122,294.3122,392.4162,490.5203,9516.0940,0.04056393,1765.8731,1644.6383,8044.5331,8165.7679,0.03429115,0.03480794,0.00125455,11.8178,14.9930,0.8676,208.7320,5.3202,4991.3829,240.5957,12.7170,9.8041,2.5818,2.84,3.3563,4.9054,16.007,177.8754,0.2582,0.0,5.636364,62.633151,4.16126,29,188,6,10,0.74390005,0.04181848,0.03860046,0E-8,0.000000,0.722694,0.000000,0.01256549,2026-05-12,2026-08-02,47,1844,580,83,0.566265,1.297104,1.076088,2.479667,,,,,,,,GLOBAL_BASELINE_NO_ENTITY_RANKING,,,NOT_APPLICABLE_GLOBAL_BASELINE,HF9g-P5,,,,X 全窗基线 · 不参与实体赏罚,15059590,1506,A168_HF9F_20260827_0900,2026-08-27 09:00:00
2026-07-19,17529000,2201,0,44.1484005886,36.0287093693,36.0287093693,0.5000000,3,2,0.50360406363634218,0.503299400000,-0.010194096179612706,-0.009332315641528947,-0.010194096179612706,0.00030466363634218,ELIGIBLE,R03b_20260811_FULL_v1,L1_ELIGIBILITY,v2026-08-11,2026-03-21..2026-08-06,baccarat_bet02_101_all_pairs_incl_sentinel,round_win = game_pnl > 0 (decisive only),COMPATIBILITY_ONLY_NOT_PRODUCTION,234594.9955,169540.3402,9810.4062,19851,11308,-0.04181848,-0.03860046,-0.05116595,-0.04181848,-9810.4062,234594.9955,OK,0.0000,294.3122,3.0000,97.0000,AG03-UNRESOLVED,ALL5_LEVELS_bet23_to_bet27,294.3122,294.3122,294.3122,392.4162,490.5203,3.000000,3.000000,3.000000,4.000000,5.000000,97.000000,97.000000,97.000000,96.000000,95.000000,5.0,1765.8731,1644.6383,8044.5331,8165.7679,PENDING_AG03,FALSE,NOT_FOR_ENFORCEMENT,9516.0940,164454.1300,9810.4062,9516.0940,294.3122,0.04181848,0.04056393,294.3122,9516.0940,0.04056393,294.3122,294.3122,294.3122,392.4162,490.5203,9516.0940,0.04056393,1765.8731,1644.6383,8044.5331,8165.7679,0.03429115,0.03480794,0.00125455,11.8178,14.9930,0.8676,208.7320,5.3202,4991.3829,240.5957,12.7170,9.8041,2.5818,2.84,3.3563,4.9054,16.007,177.8754,0.2582,0.0,5.636364,62.633151,4.16126,29,188,6,10,0.74390005,0.04181848,0.03860046,0E-8,0.000000,0.722694,0.000000,0.01256549,2026-05-12,2026-08-02,47,1844,580,83,0.566265,1.297104,1.076088,2.479667,,,,,,,,GLOBAL_BASELINE_NO_ENTITY_RANKING,,,NOT_APPLICABLE_GLOBAL_BASELINE,HF9g-P5,,,,X 全窗基线 · 不参与实体赏罚,15059591,1506,A168_HF9F_20260827_0900,2026-08-27 09:00:00
2026-07-19,17529000,2209,0,25.0432447784,0.2581777812,0.2581777812,0.5000000,8,4,0.50051847700451842,0.499948100000,-0.002073909133083867,0.00020760000111838688,-0.002073909133083867,0.00057037700451842,ELIGIBLE,R03b_20260811_FULL_v1,L1_ELIGIBILITY,v2026-08-11,2026-03-21..2026-08-06,baccarat_bet02_101_all_pairs_incl_sentinel,round_win = game_pnl > 0 (decisive only),COMPATIBILITY_ONLY_NOT_PRODUCTION,234594.9955,169540.3402,9810.4062,19851,11308,-0.04181848,-0.03860046,-0.05116595,-0.04181848,-9810.4062,234594.9955,OK,0.0000,294.3122,3.0000,97.0000,AG03-UNRESOLVED,ALL5_LEVELS_bet23_to_bet27,294.3122,294.3122,294.3122,392.4162,490.5203,3.000000,3.000000,3.000000,4.000000,5.000000,97.000000,97.000000,97.000000,96.000000,95.000000,5.0,1765.8731,1644.6383,8044.5331,8165.7679,PENDING_AG03,FALSE,NOT_FOR_ENFORCEMENT,9516.0940,164454.1300,9810.4062,9516.0940,294.3122,0.04181848,0.04056393,294.3122,9516.0940,0.04056393,294.3122,294.3122,294.3122,392.4162,490.5203,9516.0940,0.04056393,1765.8731,1644.6383,8044.5331,8165.7679,0.03429115,0.03480794,0.00125455,11.8178,14.9930,0.8676,208.7320,5.3202,4991.3829,240.5957,12.7170,9.8041,2.5818,2.84,3.3563,4.9054,16.007,177.8754,0.2582,0.0,5.636364,62.633151,4.16126,29,188,6,10,0.74390005,0.04181848,0.03860046,0E-8,0.000000,0.722694,0.000000,0.01256549,2026-05-12,2026-08-02,47,1844,580,83,0.566265,1.297104,1.076088,2.479667,,,,,,,,GLOBAL_BASELINE_NO_ENTITY_RANKING,,,NOT_APPLICABLE_GLOBAL_BASELINE,HF9g-P5,,,,X 全窗基线 · 不参与实体赏罚,15059592,1506,A168_HF9F_20260827_0900,2026-08-27 09:00:00
2026-07-19,17529000,2216,0,33.8212893397,1.1747089046,1.1747089046,0.6666667,12,6,0.50049697813850507,0.499948100000,0.8140622973485631,0.8167508423630434,0.8140622973485631,0.00054887813850507,ELIGIBLE,R03b_20260811_FULL_v1,L1_ELIGIBILITY,v2026-08-11,2026-03-21..2026-08-06,baccarat_bet02_101_all_pairs_incl_sentinel,round_win = game_pnl > 0 (decisive only),COMPATIBILITY_ONLY_NOT_PRODUCTION,234594.9955,169540.3402,9810.4062,19851,11308,-0.04181848,-0.03860046,-0.05116595,-0.04181848,-9810.4062,234594.9955,OK,0.0000,294.3122,3.0000,97.0000,AG03-UNRESOLVED,ALL5_LEVELS_bet23_to_bet27,294.3122,294.3122,294.3122,392.4162,490.5203,3.000000,3.000000,3.000000,4.000000,5.000000,97.000000,97.000000,97.000000,96.000000,95.000000,5.0,1765.8731,1644.6383,8044.5331,8165.7679,PENDING_AG03,FALSE,NOT_FOR_ENFORCEMENT,9516.0940,164454.1300,9810.4062,9516.0940,294.3122,0.04181848,0.04056393,294.3122,9516.0940,0.04056393,294.3122,294.3122,294.3122,392.4162,490.5203,9516.0940,0.04056393,1765.8731,1644.6383,8044.5331,8165.7679,0.03429115,0.03480794,0.00125455,11.8178,14.9930,0.8676,208.7320,5.3202,4991.3829,240.5957,12.7170,9.8041,2.5818,2.84,3.3563,4.9054,16.007,177.8754,0.2582,0.0,5.636364,62.633151,4.16126,29,188,6,10,0.74390005,0.04181848,0.03860046,0E-8,0.000000,0.722694,0.000000,0.01256549,2026-05-12,2026-08-02,47,1844,580,83,0.566265,1.297104,1.076088,2.479667,,,,,,,,GLOBAL_BASELINE_NO_ENTITY_RANKING,,,NOT_APPLICABLE_GLOBAL_BASELINE,HF9g-P5,,,,X 全窗基线 · 不参与实体赏罚,15059593,1506,A168_HF9F_20260827_0900,2026-08-27 09:00:00
2026-07-19,17529000,2222,0,79.2605788344,5.0731934010,5.0731934010,0.6428571,26,14,0.50033328079558459,0.500905614286,1.0665511594850483,1.0622697132994576,1.0665511594850483,-0.00057233349041541,ELIGIBLE,R03b_20260811_FULL_v1,L1_ELIGIBILITY,v2026-08-11,2026-03-21..2026-08-06,baccarat_bet02_101_all_pairs_incl_sentinel,round_win = game_pnl > 0 (decisive only),COMPATIBILITY_ONLY_NOT_PRODUCTION,234594.9955,169540.3402,9810.4062,19851,11308,-0.04181848,-0.03860046,-0.05116595,-0.04181848,-9810.4062,234594.9955,OK,0.0000,294.3122,3.0000,97.0000,AG03-UNRESOLVED,ALL5_LEVELS_bet23_to_bet27,294.3122,294.3122,294.3122,392.4162,490.5203,3.000000,3.000000,3.000000,4.000000,5.000000,97.000000,97.000000,97.000000,96.000000,95.000000,5.0,1765.8731,1644.6383,8044.5331,8165.7679,PENDING_AG03,FALSE,NOT_FOR_ENFORCEMENT,9516.0940,164454.1300,9810.4062,9516.0940,294.3122,0.04181848,0.04056393,294.3122,9516.0940,0.04056393,294.3122,294.3122,294.3122,392.4162,490.5203,9516.0940,0.04056393,1765.8731,1644.6383,8044.5331,8165.7679,0.03429115,0.03480794,0.00125455,11.8178,14.9930,0.8676,208.7320,5.3202,4991.3829,240.5957,12.7170,9.8041,2.5818,2.84,3.3563,4.9054,16.007,177.8754,0.2582,0.0,5.636364,62.633151,4.16126,29,188,6,10,0.74390005,0.04181848,0.03860046,0E-8,0.000000,0.722694,0.000000,0.01256549,2026-05-12,2026-08-02,47,1844,580,83,0.566265,1.297104,1.076088,2.479667,,,,,,,,GLOBAL_BASELINE_NO_ENTITY_RANKING,,,NOT_APPLICABLE_GLOBAL_BASELINE,HF9g-P5,,,,X 全窗基线 · 不参与实体赏罚,15059594,1506,A168_HF9F_20260827_0900,2026-08-27 09:00:00
2026-07-19,17529000,2239,0,21.4287558412,-16.2652002168,-16.2652002168,0E-7,4,3,0.50510987241379722,0.504416500000,-1.7498433068403112,-1.7474181821155634,-1.7498433068403112,0.00069337241379722,ELIGIBLE,R03b_20260811_FULL_v1,L1_ELIGIBILITY,v2026-08-11,2026-03-21..2026-08-06,baccarat_bet02_101_all_pairs_incl_sentinel,round_win = game_pnl > 0 (decisive only),COMPATIBILITY_ONLY_NOT_PRODUCTION,234594.9955,169540.3402,9810.4062,19851,11308,-0.04181848,-0.03860046,-0.05116595,-0.04181848,-9810.4062,234594.9955,OK,0.0000,294.3122,3.0000,97.0000,AG03-UNRESOLVED,ALL5_LEVELS_bet23_to_bet27,294.3122,294.3122,294.3122,392.4162,490.5203,3.000000,3.000000,3.000000,4.000000,5.000000,97.000000,97.000000,97.000000,96.000000,95.000000,5.0,1765.8731,1644.6383,8044.5331,8165.7679,PENDING_AG03,FALSE,NOT_FOR_ENFORCEMENT,9516.0940,164454.1300,9810.4062,9516.0940,294.3122,0.04181848,0.04056393,294.3122,9516.0940,0.04056393,294.3122,294.3122,294.3122,392.4162,490.5203,9516.0940,0.04056393,1765.8731,1644.6383,8044.5331,8165.7679,0.03429115,0.03480794,0.00125455,11.8178,14.9930,0.8676,208.7320,5.3202,4991.3829,240.5957,12.7170,9.8041,2.5818,2.84,3.3563,4.9054,16.007,177.8754,0.2582,0.0,5.636364,62.633151,4.16126,29,188,6,10,0.74390005,0.04181848,0.03860046,0E-8,0.000000,0.722694,0.000000,0.01256549,2026-05-12,2026-08-02,47,1844,580,83,0.566265,1.297104,1.076088,2.479667,,,,,,,,GLOBAL_BASELINE_NO_ENTITY_RANKING,,,NOT_APPLICABLE_GLOBAL_BASELINE,HF9g-P5,,,,X 全窗基线 · 不参与实体赏罚,15059595,1506,A168_HF9F_20260827_0900,2026-08-27 09:00:00
2026-07-19,17529000,2250,0,9.0362223427,3.1755867090,3.1755867090,0.5000000,3,2,0.50345898571427394,0.503299400000,-0.009783723137482003,-0.009332315641528947,-0.009783723137482003,0.00015958571427394,ELIGIBLE,R03b_20260811_FULL_v1,L1_ELIGIBILITY,v2026-08-11,2026-03-21..2026-08-06,baccarat_bet02_101_all_pairs_incl_sentinel,round_win = game_pnl > 0 (decisive only),COMPATIBILITY_ONLY_NOT_PRODUCTION,234594.9955,169540.3402,9810.4062,19851,11308,-0.04181848,-0.03860046,-0.05116595,-0.04181848,-9810.4062,234594.9955,OK,0.0000,294.3122,3.0000,97.0000,AG03-UNRESOLVED,ALL5_LEVELS_bet23_to_bet27,294.3122,294.3122,294.3122,392.4162,490.5203,3.000000,3.000000,3.000000,4.000000,5.000000,97.000000,97.000000,97.000000,96.000000,95.000000,5.0,1765.8731,1644.6383,8044.5331,8165.7679,PENDING_AG03,FALSE,NOT_FOR_ENFORCEMENT,9516.0940,164454.1300,9810.4062,9516.0940,294.3122,0.04181848,0.04056393,294.3122,9516.0940,0.04056393,294.3122,294.3122,294.3122,392.4162,490.5203,9516.0940,0.04056393,1765.8731,1644.6383,8044.5331,8165.7679,0.03429115,0.03480794,0.00125455,11.8178,14.9930,0.8676,208.7320,5.3202,4991.3829,240.5957,12.7170,9.8041,2.5818,2.84,3.3563,4.9054,16.007,177.8754,0.2582,0.0,5.636364,62.633151,4.16126,29,188,6,10,0.74390005,0.04181848,0.03860046,0E-8,0.000000,0.722694,0.000000,0.01256549,2026-05-12,2026-08-02,47,1844,580,83,0.566265,1.297104,1.076088,2.479667,,,,,,,,GLOBAL_BASELINE_NO_ENTITY_RANKING,,,NOT_APPLICABLE_GLOBAL_BASELINE,HF9g-P5,,,,X 全窗基线 · 不参与实体赏罚,15059596,1506,A168_HF9F_20260827_0900,2026-08-27 09:00:00
2026-07-19,17529000,2261,0,40.0175560890,-0.2065422248,-0.2065422248,0.5000000,14,7,0.50058491097844560,0.499948100000,-0.0028654688449614996,0.00025425703667063243,-0.0028654688449614996,0.00063681097844560,ELIGIBLE,R03b_20260811_FULL_v1,L1_ELIGIBILITY,v2026-08-11,2026-03-21..2026-08-06,baccarat_bet02_101_all_pairs_incl_sentinel,round_win = game_pnl > 0 (decisive only),COMPATIBILITY_ONLY_NOT_PRODUCTION,234594.9955,169540.3402,9810.4062,19851,11308,-0.04181848,-0.03860046,-0.05116595,-0.04181848,-9810.4062,234594.9955,OK,0.0000,294.3122,3.0000,97.0000,AG03-UNRESOLVED,ALL5_LEVELS_bet23_to_bet27,294.3122,294.3122,294.3122,392.4162,490.5203,3.000000,3.000000,3.000000,4.000000,5.000000,97.000000,97.000000,97.000000,96.000000,95.000000,5.0,1765.8731,1644.6383,8044.5331,8165.7679,PENDING_AG03,FALSE,NOT_FOR_ENFORCEMENT,9516.0940,164454.1300,9810.4062,9516.0940,294.3122,0.04181848,0.04056393,294.3122,9516.0940,0.04056393,294.3122,294.3122,294.3122,392.4162,490.5203,9516.0940,0.04056393,1765.8731,1644.6383,8044.5331,8165.7679,0.03429115,0.03480794,0.00125455,11.8178,14.9930,0.8676,208.7320,5.3202,4991.3829,240.5957,12.7170,9.8041,2.5818,2.84,3.3563,4.9054,16.007,177.8754,0.2582,0.0,5.636364,62.633151,4.16126,29,188,6,10,0.74390005,0.04181848,0.03860046,0E-8,0.000000,0.722694,0.000000,0.01256549,2026-05-12,2026-08-02,47,1844,580,83,0.566265,1.297104,1.076088,2.479667,,,,,,,,GLOBAL_BASELINE_NO_ENTITY_RANKING,,,NOT_APPLICABLE_GLOBAL_BASELINE,HF9g-P5,,,,X 全窗基线 · 不参与实体赏罚,15059597,1506,A168_HF9F_20260827_0900,2026-08-27 09:00:00
2026-07-19,17529000,2267,0,5.6799111868,0.3614488937,0.3614488937,1.0000000,2,1,0.50055742727268436,0.499948100000,0.9988857662127119,1.0001038053877793,0.9988857662127119,0.00060932727268436,ELIGIBLE,R03b_20260811_FULL_v1,L1_ELIGIBILITY,v2026-08-11,2026-03-21..2026-08-06,baccarat_bet02_101_all_pairs_incl_sentinel,round_win = game_pnl > 0 (decisive only),COMPATIBILITY_ONLY_NOT_PRODUCTION,234594.9955,169540.3402,9810.4062,19851,11308,-0.04181848,-0.03860046,-0.05116595,-0.04181848,-9810.4062,234594.9955,OK,0.0000,294.3122,3.0000,97.0000,AG03-UNRESOLVED,ALL5_LEVELS_bet23_to_bet27,294.3122,294.3122,294.3122,392.4162,490.5203,3.000000,3.000000,3.000000,4.000000,5.000000,97.000000,97.000000,97.000000,96.000000,95.000000,5.0,1765.8731,1644.6383,8044.5331,8165.7679,PENDING_AG03,FALSE,NOT_FOR_ENFORCEMENT,9516.0940,164454.1300,9810.4062,9516.0940,294.3122,0.04181848,0.04056393,294.3122,9516.0940,0.04056393,294.3122,294.3122,294.3122,392.4162,490.5203,9516.0940,0.04056393,1765.8731,1644.6383,8044.5331,8165.7679,0.03429115,0.03480794,0.00125455,11.8178,14.9930,0.8676,208.7320,5.3202,4991.3829,240.5957,12.7170,9.8041,2.5818,2.84,3.3563,4.9054,16.007,177.8754,0.2582,0.0,5.636364,62.633151,4.16126,29,188,6,10,0.74390005,0.04181848,0.03860046,0E-8,0.000000,0.722694,0.000000,0.01256549,2026-05-12,2026-08-02,47,1844,580,83,0.566265,1.297104,1.076088,2.479667,,,,,,,,GLOBAL_BASELINE_NO_ENTITY_RANKING,,,NOT_APPLICABLE_GLOBAL_BASELINE,HF9g-P5,,,,X 全窗基线 · 不参与实体赏罚,15059598,1506,A168_HF9F_20260827_0900,2026-08-27 09:00:00
2026-07-19,17529000,2273,0,5.4217334056,0.1161800016,0.1161800016,1.0000000,2,1,0.50026727142854788,0.499948100000,0.9994655999345988,1.0001038053877793,0.9994655999345988,0.00031917142854788,ELIGIBLE,R03b_20260811_FULL_v1,L1_ELIGIBILITY,v2026-08-11,2026-03-21..2026-08-06,baccarat_bet02_101_all_pairs_incl_sentinel,round_win = game_pnl > 0 (decisive only),COMPATIBILITY_ONLY_NOT_PRODUCTION,234594.9955,169540.3402,9810.4062,19851,11308,-0.04181848,-0.03860046,-0.05116595,-0.04181848,-9810.4062,234594.9955,OK,0.0000,294.3122,3.0000,97.0000,AG03-UNRESOLVED,ALL5_LEVELS_bet23_to_bet27,294.3122,294.3122,294.3122,392.4162,490.5203,3.000000,3.000000,3.000000,4.000000,5.000000,97.000000,97.000000,97.000000,96.000000,95.000000,5.0,1765.8731,1644.6383,8044.5331,8165.7679,PENDING_AG03,FALSE,NOT_FOR_ENFORCEMENT,9516.0940,164454.1300,9810.4062,9516.0940,294.3122,0.04181848,0.04056393,294.3122,9516.0940,0.04056393,294.3122,294.3122,294.3122,392.4162,490.5203,9516.0940,0.04056393,1765.8731,1644.6383,8044.5331,8165.7679,0.03429115,0.03480794,0.00125455,11.8178,14.9930,0.8676,208.7320,5.3202,4991.3829,240.5957,12.7170,9.8041,2.5818,2.84,3.3563,4.9054,16.007,177.8754,0.2582,0.0,5.636364,62.633151,4.16126,29,188,6,10,0.74390005,0.04181848,0.03860046,0E-8,0.000000,0.722694,0.000000,0.01256549,2026-05-12,2026-08-02,47,1844,580,83,0.566265,1.297104,1.076088,2.479667,,,,,,,,GLOBAL_BASELINE_NO_ENTITY_RANKING,,,NOT_APPLICABLE_GLOBAL_BASELINE,HF9g-P5,,,,X 全窗基线 · 不参与实体赏罚,15059599,1506,A168_HF9F_20260827_0900,2026-08-27 09:00:00
2026-07-19,17529000,2276,0,56.0245785247,-1.3554333515,-1.3554333515,0.3750000,18,9,0.50104733107718354,0.499948100000,-0.7130329446979301,-0.7068131942587571,-0.7130329446979301,0.00109923107718354,ELIGIBLE,R03b_20260811_FULL_v1,L1_ELIGIBILITY,v2026-08-11,2026-03-21..2026-08-06,baccarat_bet02_101_all_pairs_incl_sentinel,round_win = game_pnl > 0 (decisive only),COMPATIBILITY_ONLY_NOT_PRODUCTION,234594.9955,169540.3402,9810.4062,19851,11308,-0.04181848,-0.03860046,-0.05116595,-0.04181848,-9810.4062,234594.9955,OK,0.0000,294.3122,3.0000,97.0000,AG03-UNRESOLVED,ALL5_LEVELS_bet23_to_bet27,294.3122,294.3122,294.3122,392.4162,490.5203,3.000000,3.000000,3.000000,4.000000,5.000000,97.000000,97.000000,97.000000,96.000000,95.000000,5.0,1765.8731,1644.6383,8044.5331,8165.7679,PENDING_AG03,FALSE,NOT_FOR_ENFORCEMENT,9516.0940,164454.1300,9810.4062,9516.0940,294.3122,0.04181848,0.04056393,294.3122,9516.0940,0.04056393,294.3122,294.3122,294.3122,392.4162,490.5203,9516.0940,0.04056393,1765.8731,1644.6383,8044.5331,8165.7679,0.03429115,0.03480794,0.00125455,11.8178,14.9930,0.8676,208.7320,5.3202,4991.3829,240.5957,12.7170,9.8041,2.5818,2.84,3.3563,4.9054,16.007,177.8754,0.2582,0.0,5.636364,62.633151,4.16126,29,188,6,10,0.74390005,0.04181848,0.03860046,0E-8,0.000000,0.722694,0.000000,0.01256549,2026-05-12,2026-08-02,47,1844,580,83,0.566265,1.297104,1.076088,2.479667,,,,,,,,GLOBAL_BASELINE_NO_ENTITY_RANKING,,,NOT_APPLICABLE_GLOBAL_BASELINE,HF9g-P5,,,,X 全窗基线 · 不参与实体赏罚,15059600,1506,A168_HF9F_20260827_0900,2026-08-27 09:00:00
2026-07-19,17529000,2280,0,36.4030671520,-1.2779800171,-1.2779800171,0.5000000,12,6,0.50089270445322066,0.499948100000,-0.004373347773434766,0.00025425703667063243,-0.004373347773434766,0.00094460445322066,ELIGIBLE,R03b_20260811_FULL_v1,L1_ELIGIBILITY,v2026-08-11,2026-03-21..2026-08-06,baccarat_bet02_101_all_pairs_incl_sentinel,round_win = game_pnl > 0 (decisive only),COMPATIBILITY_ONLY_NOT_PRODUCTION,234594.9955,169540.3402,9810.4062,19851,11308,-0.04181848,-0.03860046,-0.05116595,-0.04181848,-9810.4062,234594.9955,OK,0.0000,294.3122,3.0000,97.0000,AG03-UNRESOLVED,ALL5_LEVELS_bet23_to_bet27,294.3122,294.3122,294.3122,392.4162,490.5203,3.000000,3.000000,3.000000,4.000000,5.000000,97.000000,97.000000,97.000000,96.000000,95.000000,5.0,1765.8731,1644.6383,8044.5331,8165.7679,PENDING_AG03,FALSE,NOT_FOR_ENFORCEMENT,9516.0940,164454.1300,9810.4062,9516.0940,294.3122,0.04181848,0.04056393,294.3122,9516.0940,0.04056393,294.3122,294.3122,294.3122,392.4162,490.5203,9516.0940,0.04056393,1765.8731,1644.6383,8044.5331,8165.7679,0.03429115,0.03480794,0.00125455,11.8178,14.9930,0.8676,208.7320,5.3202,4991.3829,240.5957,12.7170,9.8041,2.5818,2.84,3.3563,4.9054,16.007,177.8754,0.2582,0.0,5.636364,62.633151,4.16126,29,188,6,10,0.74390005,0.04181848,0.03860046,0E-8,0.000000,0.722694,0.000000,0.01256549,2026-05-12,2026-08-02,47,1844,580,83,0.566265,1.297104,1.076088,2.479667,,,,,,,,GLOBAL_BASELINE_NO_ENTITY_RANKING,,,NOT_APPLICABLE_GLOBAL_BASELINE,HF9g-P5,,,,X 全窗基线 · 不参与实体赏罚,15059601,1506,A168_HF9F_20260827_0900,2026-08-27 09:00:00
2026-07-19,17529000,2287,0,17.0397335605,-0.6712622312,-0.6712622312,0.3333333,6,3,0.50054901695839485,0.499948100000,-0.5792524689181635,-0.5771704854251445,-0.5792524689181635,0.00060091695839485,ELIGIBLE,R03b_20260811_FULL_v1,L1_ELIGIBILITY,v2026-08-11,2026-03-21..2026-08-06,baccarat_bet02_101_all_pairs_incl_sentinel,round_win = game_pnl > 0 (decisive only),COMPATIBILITY_ONLY_NOT_PRODUCTION,234594.9955,169540.3402,9810.4062,19851,11308,-0.04181848,-0.03860046,-0.05116595,-0.04181848,-9810.4062,234594.9955,OK,0.0000,294.3122,3.0000,97.0000,AG03-UNRESOLVED,ALL5_LEVELS_bet23_to_bet27,294.3122,294.3122,294.3122,392.4162,490.5203,3.000000,3.000000,3.000000,4.000000,5.000000,97.000000,97.000000,97.000000,96.000000,95.000000,5.0,1765.8731,1644.6383,8044.5331,8165.7679,PENDING_AG03,FALSE,NOT_FOR_ENFORCEMENT,9516.0940,164454.1300,9810.4062,9516.0940,294.3122,0.04181848,0.04056393,294.3122,9516.0940,0.04056393,294.3122,294.3122,294.3122,392.4162,490.5203,9516.0940,0.04056393,1765.8731,1644.6383,8044.5331,8165.7679,0.03429115,0.03480794,0.00125455,11.8178,14.9930,0.8676,208.7320,5.3202,4991.3829,240.5957,12.7170,9.8041,2.5818,2.84,3.3563,4.9054,16.007,177.8754,0.2582,0.0,5.636364,62.633151,4.16126,29,188,6,10,0.74390005,0.04181848,0.03860046,0E-8,0.000000,0.722694,0.000000,0.01256549,2026-05-12,2026-08-02,47,1844,580,83,0.566265,1.297104,1.076088,2.479667,,,,,,,,GLOBAL_BASELINE_NO_ENTITY_RANKING,,,NOT_APPLICABLE_GLOBAL_BASELINE,HF9g-P5,,,,X 全窗基线 · 不参与实体赏罚,15059602,1506,A168_HF9F_20260827_0900,2026-08-27 09:00:00
2026-07-19,17529000,2288,0,17.2979113417,-0.7745333436,-0.7745333436,0E-7,6,3,0.50062996623375009,0.499948100000,-1.4159964998542904,-1.4140667746232096,-1.4159964998542904,0.00068186623375009,ELIGIBLE,R03b_20260811_FULL_v1,L1_ELIGIBILITY,v2026-08-11,2026-03-21..2026-08-06,baccarat_bet02_101_all_pairs_incl_sentinel,round_win = game_pnl > 0 (decisive only),COMPATIBILITY_ONLY_NOT_PRODUCTION,234594.9955,169540.3402,9810.4062,19851,11308,-0.04181848,-0.03860046,-0.05116595,-0.04181848,-9810.4062,234594.9955,OK,0.0000,294.3122,3.0000,97.0000,AG03-UNRESOLVED,ALL5_LEVELS_bet23_to_bet27,294.3122,294.3122,294.3122,392.4162,490.5203,3.000000,3.000000,3.000000,4.000000,5.000000,97.000000,97.000000,97.000000,96.000000,95.000000,5.0,1765.8731,1644.6383,8044.5331,8165.7679,PENDING_AG03,FALSE,NOT_FOR_ENFORCEMENT,9516.0940,164454.1300,9810.4062,9516.0940,294.3122,0.04181848,0.04056393,294.3122,9516.0940,0.04056393,294.3122,294.3122,294.3122,392.4162,490.5203,9516.0940,0.04056393,1765.8731,1644.6383,8044.5331,8165.7679,0.03429115,0.03480794,0.00125455,11.8178,14.9930,0.8676,208.7320,5.3202,4991.3829,240.5957,12.7170,9.8041,2.5818,2.84,3.3563,4.9054,16.007,177.8754,0.2582,0.0,5.636364,62.633151,4.16126,29,188,6,10,0.74390005,0.04181848,0.03860046,0E-8,0.000000,0.722694,0.000000,0.01256549,2026-05-12,2026-08-02,47,1844,580,83,0.566265,1.297104,1.076088,2.479667,,,,,,,,GLOBAL_BASELINE_NO_ENTITY_RANKING,,,NOT_APPLICABLE_GLOBAL_BASELINE,HF9g-P5,,,,X 全窗基线 · 不参与实体赏罚,15059603,1506,A168_HF9F_20260827_0900,2026-08-27 09:00:00
2026-07-19,17529000,2289,0,107.4019569872,1.9363333596,1.9363333596,0.5263158,37,19,0.49997111696460066,0.499595331579,0.22966753071872958,0.23294362766821733,0.22966753071872958,0.00037578538560066,ELIGIBLE,R03b_20260811_FULL_v1,L1_ELIGIBILITY,v2026-08-11,2026-03-21..2026-08-06,baccarat_bet02_101_all_pairs_incl_sentinel,round_win = game_pnl > 0 (decisive only),COMPATIBILITY_ONLY_NOT_PRODUCTION,234594.9955,169540.3402,9810.4062,19851,11308,-0.04181848,-0.03860046,-0.05116595,-0.04181848,-9810.4062,234594.9955,OK,0.0000,294.3122,3.0000,97.0000,AG03-UNRESOLVED,ALL5_LEVELS_bet23_to_bet27,294.3122,294.3122,294.3122,392.4162,490.5203,3.000000,3.000000,3.000000,4.000000,5.000000,97.000000,97.000000,97.000000,96.000000,95.000000,5.0,1765.8731,1644.6383,8044.5331,8165.7679,PENDING_AG03,FALSE,NOT_FOR_ENFORCEMENT,9516.0940,164454.1300,9810.4062,9516.0940,294.3122,0.04181848,0.04056393,294.3122,9516.0940,0.04056393,294.3122,294.3122,294.3122,392.4162,490.5203,9516.0940,0.04056393,1765.8731,1644.6383,8044.5331,8165.7679,0.03429115,0.03480794,0.00125455,11.8178,14.9930,0.8676,208.7320,5.3202,4991.3829,240.5957,12.7170,9.8041,2.5818,2.84,3.3563,4.9054,16.007,177.8754,0.2582,0.0,5.636364,62.633151,4.16126,29,188,6,10,0.74390005,0.04181848,0.03860046,0E-8,0.000000,0.722694,0.000000,0.01256549,2026-05-12,2026-08-02,47,1844,580,83,0.566265,1.297104,1.076088,2.479667,,,,,,,,GLOBAL_BASELINE_NO_ENTITY_RANKING,,,NOT_APPLICABLE_GLOBAL_BASELINE,HF9g-P5,,,,X 全窗基线 · 不参与实体赏罚,15059604,1506,A168_HF9F_20260827_0900,2026-08-27 09:00:00
2026-07-19,17529000,526,0,5.4217334056,-0.2581777812,-0.2581777812,0E-7,2,1,0.50026727142854788,0.499948100000,-1.0005346858015285,-0.9998962053866608,-1.0005346858015285,0.00031917142854788,ELIGIBLE,R03b_20260811_FULL_v1,L1_ELIGIBILITY,v2026-08-11,2026-03-21..2026-08-06,baccarat_bet02_101_all_pairs_incl_sentinel,round_win = game_pnl > 0 (decisive only),COMPATIBILITY_ONLY_NOT_PRODUCTION,234594.9955,169540.3402,9810.4062,19851,11308,-0.04181848,-0.03860046,-0.05116595,-0.04181848,-9810.4062,234594.9955,OK,0.0000,294.3122,3.0000,97.0000,AG03-UNRESOLVED,ALL5_LEVELS_bet23_to_bet27,294.3122,294.3122,294.3122,392.4162,490.5203,3.000000,3.000000,3.000000,4.000000,5.000000,97.000000,97.000000,97.000000,96.000000,95.000000,5.0,1765.8731,1644.6383,8044.5331,8165.7679,PENDING_AG03,FALSE,NOT_FOR_ENFORCEMENT,9516.0940,164454.1300,9810.4062,9516.0940,294.3122,0.04181848,0.04056393,294.3122,9516.0940,0.04056393,294.3122,294.3122,294.3122,392.4162,490.5203,9516.0940,0.04056393,1765.8731,1644.6383,8044.5331,8165.7679,0.03429115,0.03480794,0.00125455,11.8178,14.9930,0.8676,208.7320,5.3202,4991.3829,240.5957,12.7170,9.8041,2.5818,2.84,3.3563,4.9054,16.007,177.8754,0.2582,0.0,5.636364,62.633151,4.16126,29,188,6,10,0.74390005,0.04181848,0.03860046,0E-8,0.000000,0.722694,0.000000,0.01256549,2026-05-12,2026-08-02,47,1844,580,83,0.566265,1.297104,1.076088,2.479667,,,,,,,,GLOBAL_BASELINE_NO_ENTITY_RANKING,,,NOT_APPLICABLE_GLOBAL_BASELINE,HF9g-P5,,,,X 全窗基线 · 不参与实体赏罚,15059605,1506,A168_HF9F_20260827_0900,2026-08-27 09:00:00
2026-07-19,17529000,583,0,11.1016445924,0.1032711125,0.1032711125,0.5000000,4,2,0.50041234935061612,0.499948100000,-0.001166300484770956,0.00014679536856514622,-0.001166300484770956,0.00046424935061612,ELIGIBLE,R03b_20260811_FULL_v1,L1_ELIGIBILITY,v2026-08-11,2026-03-21..2026-08-06,baccarat_bet02_101_all_pairs_incl_sentinel,round_win = game_pnl > 0 (decisive only),COMPATIBILITY_ONLY_NOT_PRODUCTION,234594.9955,169540.3402,9810.4062,19851,11308,-0.04181848,-0.03860046,-0.05116595,-0.04181848,-9810.4062,234594.9955,OK,0.0000,294.3122,3.0000,97.0000,AG03-UNRESOLVED,ALL5_LEVELS_bet23_to_bet27,294.3122,294.3122,294.3122,392.4162,490.5203,3.000000,3.000000,3.000000,4.000000,5.000000,97.000000,97.000000,97.000000,96.000000,95.000000,5.0,1765.8731,1644.6383,8044.5331,8165.7679,PENDING_AG03,FALSE,NOT_FOR_ENFORCEMENT,9516.0940,164454.1300,9810.4062,9516.0940,294.3122,0.04181848,0.04056393,294.3122,9516.0940,0.04056393,294.3122,294.3122,294.3122,392.4162,490.5203,9516.0940,0.04056393,1765.8731,1644.6383,8044.5331,8165.7679,0.03429115,0.03480794,0.00125455,11.8178,14.9930,0.8676,208.7320,5.3202,4991.3829,240.5957,12.7170,9.8041,2.5818,2.84,3.3563,4.9054,16.007,177.8754,0.2582,0.0,5.636364,62.633151,4.16126,29,188,6,10,0.74390005,0.04181848,0.03860046,0E-8,0.000000,0.722694,0.000000,0.01256549,2026-05-12,2026-08-02,47,1844,580,83,0.566265,1.297104,1.076088,2.479667,,,,,,,,GLOBAL_BASELINE_NO_ENTITY_RANKING,,,NOT_APPLICABLE_GLOBAL_BASELINE,HF9g-P5,,,,X 全窗基线 · 不参与实体赏罚,15059606,1506,A168_HF9F_20260827_0900,2026-08-27 09:00:00
2026-07-19,17529000,948,0,27.3668448092,-4.3244778353,-4.3244778353,0.2000000,8,5,0.50336665167675340,0.502629140000,-1.356727666094882,-1.3534173688164992,-1.356727666094882,0.00073751167675340,ELIGIBLE,R03b_20260811_FULL_v1,L1_ELIGIBILITY,v2026-08-11,2026-03-21..2026-08-06,baccarat_bet02_101_all_pairs_incl_sentinel,round_win = game_pnl > 0 (decisive only),COMPATIBILITY_ONLY_NOT_PRODUCTION,234594.9955,169540.3402,9810.4062,19851,11308,-0.04181848,-0.03860046,-0.05116595,-0.04181848,-9810.4062,234594.9955,OK,0.0000,294.3122,3.0000,97.0000,AG03-UNRESOLVED,ALL5_LEVELS_bet23_to_bet27,294.3122,294.3122,294.3122,392.4162,490.5203,3.000000,3.000000,3.000000,4.000000,5.000000,97.000000,97.000000,97.000000,96.000000,95.000000,5.0,1765.8731,1644.6383,8044.5331,8165.7679,PENDING_AG03,FALSE,NOT_FOR_ENFORCEMENT,9516.0940,164454.1300,9810.4062,9516.0940,294.3122,0.04181848,0.04056393,294.3122,9516.0940,0.04056393,294.3122,294.3122,294.3122,392.4162,490.5203,9516.0940,0.04056393,1765.8731,1644.6383,8044.5331,8165.7679,0.03429115,0.03480794,0.00125455,11.8178,14.9930,0.8676,208.7320,5.3202,4991.3829,240.5957,12.7170,9.8041,2.5818,2.84,3.3563,4.9054,16.007,177.8754,0.2582,0.0,5.636364,62.633151,4.16126,29,188,6,10,0.74390005,0.04181848,0.03860046,0E-8,0.000000,0.722694,0.000000,0.01256549,2026-05-12,2026-08-02,47,1844,580,83,0.566265,1.297104,1.076088,2.479667,,,,,,,,GLOBAL_BASELINE_NO_ENTITY_RANKING,,,NOT_APPLICABLE_GLOBAL_BASELINE,HF9g-P5,,,,X 全窗基线 · 不参与实体赏罚,15059607,1506,A168_HF9F_20260827_0900,2026-08-27 09:00:00
2026-07-19,17529000,970,0,18.3306224667,0.3227222265,0.3227222265,0.5000000,6,3,0.50097777478263487,0.499948100000,-0.002765570005112927,0.00014679536856514622,-0.002765570005112927,0.00102967478263487,ELIGIBLE,R03b_20260811_FULL_v1,L1_ELIGIBILITY,v2026-08-11,2026-03-21..2026-08-06,baccarat_bet02_101_all_pairs_incl_sentinel,round_win = game_pnl > 0 (decisive only),COMPATIBILITY_ONLY_NOT_PRODUCTION,234594.9955,169540.3402,9810.4062,19851,11308,-0.04181848,-0.03860046,-0.05116595,-0.04181848,-9810.4062,234594.9955,OK,0.0000,294.3122,3.0000,97.0000,AG03-UNRESOLVED,ALL5_LEVELS_bet23_to_bet27,294.3122,294.3122,294.3122,392.4162,490.5203,3.000000,3.000000,3.000000,4.000000,5.000000,97.000000,97.000000,97.000000,96.000000,95.000000,5.0,1765.8731,1644.6383,8044.5331,8165.7679,PENDING_AG03,FALSE,NOT_FOR_ENFORCEMENT,9516.0940,164454.1300,9810.4062,9516.0940,294.3122,0.04181848,0.04056393,294.3122,9516.0940,0.04056393,294.3122,294.3122,294.3122,392.4162,490.5203,9516.0940,0.04056393,1765.8731,1644.6383,8044.5331,8165.7679,0.03429115,0.03480794,0.00125455,11.8178,14.9930,0.8676,208.7320,5.3202,4991.3829,240.5957,12.7170,9.8041,2.5818,2.84,3.3563,4.9054,16.007,177.8754,0.2582,0.0,5.636364,62.633151,4.16126,29,188,6,10,0.74390005,0.04181848,0.03860046,0E-8,0.000000,0.722694,0.000000,0.01256549,2026-05-12,2026-08-02,47,1844,580,83,0.566265,1.297104,1.076088,2.479667,,,,,,,,GLOBAL_BASELINE_NO_ENTITY_RANKING,,,NOT_APPLICABLE_GLOBAL_BASELINE,HF9g-P5,,,,X 全窗基线 · 不参与实体赏罚,15059608,1506,A168_HF9F_20260827_0900,2026-08-27 09:00:00
2026-07-19,17529000,986,0,5.9380889681,-0.7745333437,-0.7745333437,0E-7,2,1,0.50082235217395230,0.499948100000,-1.001646059101355,-0.9998962053866608,-1.001646059101355,0.00087425217395230,ELIGIBLE,R03b_20260811_FULL_v1,L1_ELIGIBILITY,v2026-08-11,2026-03-21..2026-08-06,baccarat_bet02_101_all_pairs_incl_sentinel,round_win = game_pnl > 0 (decisive only),COMPATIBILITY_ONLY_NOT_PRODUCTION,234594.9955,169540.3402,9810.4062,19851,11308,-0.04181848,-0.03860046,-0.05116595,-0.04181848,-9810.4062,234594.9955,OK,0.0000,294.3122,3.0000,97.0000,AG03-UNRESOLVED,ALL5_LEVELS_bet23_to_bet27,294.3122,294.3122,294.3122,392.4162,490.5203,3.000000,3.000000,3.000000,4.000000,5.000000,97.000000,97.000000,97.000000,96.000000,95.000000,5.0,1765.8731,1644.6383,8044.5331,8165.7679,PENDING_AG03,FALSE,NOT_FOR_ENFORCEMENT,9516.0940,164454.1300,9810.4062,9516.0940,294.3122,0.04181848,0.04056393,294.3122,9516.0940,0.04056393,294.3122,294.3122,294.3122,392.4162,490.5203,9516.0940,0.04056393,1765.8731,1644.6383,8044.5331,8165.7679,0.03429115,0.03480794,0.00125455,11.8178,14.9930,0.8676,208.7320,5.3202,4991.3829,240.5957,12.7170,9.8041,2.5818,2.84,3.3563,4.9054,16.007,177.8754,0.2582,0.0,5.636364,62.633151,4.16126,29,188,6,10,0.74390005,0.04181848,0.03860046,0E-8,0.000000,0.722694,0.000000,0.01256549,2026-05-12,2026-08-02,47,1844,580,83,0.566265,1.297104,1.076088,2.479667,,,,,,,,GLOBAL_BASELINE_NO_ENTITY_RANKING,,,NOT_APPLICABLE_GLOBAL_BASELINE,HF9g-P5,,,,X 全窗基线 · 不参与实体赏罚,15059609,1506,A168_HF9F_20260827_0900,2026-08-27 09:00:00
2026-07-19,17529000,987,0,11.1016445924,-0.4001755608,-0.4001755608,0.5000000,4,2,0.50041234935061612,0.499948100000,-0.001166300484770956,0.00014679536856514622,-0.001166300484770956,0.00046424935061612,ELIGIBLE,R03b_20260811_FULL_v1,L1_ELIGIBILITY,v2026-08-11,2026-03-21..2026-08-06,baccarat_bet02_101_all_pairs_incl_sentinel,round_win = game_pnl > 0 (decisive only),COMPATIBILITY_ONLY_NOT_PRODUCTION,234594.9955,169540.3402,9810.4062,19851,11308,-0.04181848,-0.03860046,-0.05116595,-0.04181848,-9810.4062,234594.9955,OK,0.0000,294.3122,3.0000,97.0000,AG03-UNRESOLVED,ALL5_LEVELS_bet23_to_bet27,294.3122,294.3122,294.3122,392.4162,490.5203,3.000000,3.000000,3.000000,4.000000,5.000000,97.000000,97.000000,97.000000,96.000000,95.000000,5.0,1765.8731,1644.6383,8044.5331,8165.7679,PENDING_AG03,FALSE,NOT_FOR_ENFORCEMENT,9516.0940,164454.1300,9810.4062,9516.0940,294.3122,0.04181848,0.04056393,294.3122,9516.0940,0.04056393,294.3122,294.3122,294.3122,392.4162,490.5203,9516.0940,0.04056393,1765.8731,1644.6383,8044.5331,8165.7679,0.03429115,0.03480794,0.00125455,11.8178,14.9930,0.8676,208.7320,5.3202,4991.3829,240.5957,12.7170,9.8041,2.5818,2.84,3.3563,4.9054,16.007,177.8754,0.2582,0.0,5.636364,62.633151,4.16126,29,188,6,10,0.74390005,0.04181848,0.03860046,0E-8,0.000000,0.722694,0.000000,0.01256549,2026-05-12,2026-08-02,47,1844,580,83,0.566265,1.297104,1.076088,2.479667,,,,,,,,GLOBAL_BASELINE_NO_ENTITY_RANKING,,,NOT_APPLICABLE_GLOBAL_BASELINE,HF9g-P5,,,,X 全窗基线 · 不参与实体赏罚,15059610,1506,A168_HF9F_20260827_0900,2026-08-27 09:00:00
2026-07-20,17529000,-1,1,427.8005834806,16.1102935491,16.1102935491,0.6406250,128,69,0.50019177495940343,0.499753821739,2.2469317659232235,2.253939125370281,2.2469317659232235,0.00043795322040343,SENTINEL_DEALER,R03b_20260811_FULL_v1,L1_ELIGIBILITY,v2026-08-11,2026-03-21..2026-08-06,baccarat_bet02_101_all_pairs_incl_sentinel,round_win = game_pnl > 0 (decisive only),COMPATIBILITY_ONLY_NOT_PRODUCTION,234594.9955,169540.3402,9810.4062,19851,11308,-0.04181848,-0.03860046,-0.05116595,-0.04181848,-9810.4062,234594.9955,OK,0.0000,294.3122,3.0000,97.0000,AG03-UNRESOLVED,ALL5_LEVELS_bet23_to_bet27,294.3122,294.3122,294.3122,392.4162,490.5203,3.000000,3.000000,3.000000,4.000000,5.000000,97.000000,97.000000,97.000000,96.000000,95.000000,5.0,1765.8731,1644.6383,8044.5331,8165.7679,PENDING_AG03,FALSE,NOT_FOR_ENFORCEMENT,9516.0940,164454.1300,9810.4062,9516.0940,294.3122,0.04181848,0.04056393,294.3122,9516.0940,0.04056393,294.3122,294.3122,294.3122,392.4162,490.5203,9516.0940,0.04056393,1765.8731,1644.6383,8044.5331,8165.7679,0.03429115,0.03480794,0.00125455,11.8178,14.9930,0.8676,208.7320,5.3202,4991.3829,240.5957,12.7170,9.8041,2.5818,2.84,3.3563,4.9054,16.007,177.8754,0.2582,0.0,5.636364,62.633151,4.16126,29,188,6,10,0.74390005,0.04181848,0.03860046,0E-8,0.000000,0.722694,0.000000,0.01256549,2026-05-12,2026-08-02,47,1844,580,83,0.566265,1.297104,1.076088,2.479667,,,,,,,,GLOBAL_BASELINE_NO_ENTITY_RANKING,,,NOT_APPLICABLE_GLOBAL_BASELINE,HF9g-P5,,,,X 全窗基线 · 不参与实体赏罚,15059611,1506,A168_HF9F_20260827_0900,2026-08-27 09:00:00
2026-07-20,17529000,1017,0,5.4217334056,0.2581777812,0.2581777812,1.0000000,2,1,0.49962892857145212,0.499948100000,1.000742418449597,1.0001038053877793,1.000742418449597,-0.00031917142854788,ELIGIBLE,R03b_20260811_FULL_v1,L1_ELIGIBILITY,v2026-08-11,2026-03-21..2026-08-06,baccarat_bet02_101_all_pairs_incl_sentinel,round_win = game_pnl > 0 (decisive only),COMPATIBILITY_ONLY_NOT_PRODUCTION,234594.9955,169540.3402,9810.4062,19851,11308,-0.04181848,-0.03860046,-0.05116595,-0.04181848,-9810.4062,234594.9955,OK,0.0000,294.3122,3.0000,97.0000,AG03-UNRESOLVED,ALL5_LEVELS_bet23_to_bet27,294.3122,294.3122,294.3122,392.4162,490.5203,3.000000,3.000000,3.000000,4.000000,5.000000,97.000000,97.000000,97.000000,96.000000,95.000000,5.0,1765.8731,1644.6383,8044.5331,8165.7679,PENDING_AG03,FALSE,NOT_FOR_ENFORCEMENT,9516.0940,164454.1300,9810.4062,9516.0940,294.3122,0.04181848,0.04056393,294.3122,9516.0940,0.04056393,294.3122,294.3122,294.3122,392.4162,490.5203,9516.0940,0.04056393,1765.8731,1644.6383,8044.5331,8165.7679,0.03429115,0.03480794,0.00125455,11.8178,14.9930,0.8676,208.7320,5.3202,4991.3829,240.5957,12.7170,9.8041,2.5818,2.84,3.3563,4.9054,16.007,177.8754,0.2582,0.0,5.636364,62.633151,4.16126,29,188,6,10,0.74390005,0.04181848,0.03860046,0E-8,0.000000,0.722694,0.000000,0.01256549,2026-05-12,2026-08-02,47,1844,580,83,0.566265,1.297104,1.076088,2.479667,,,,,,,,GLOBAL_BASELINE_NO_ENTITY_RANKING,,,NOT_APPLICABLE_GLOBAL_BASELINE,HF9g-P5,,,,X 全窗基线 · 不参与实体赏罚,15059612,1506,A168_HF9F_20260827_0900,2026-08-27 09:00:00
2026-07-20,17529000,1151,0,5.9380889681,-0.7745333437,-0.7745333437,0E-7,2,1,0.50082235217395230,0.499948100000,-1.001646059101355,-0.9998962053866608,-1.001646059101355,0.00087425217395230,ELIGIBLE,R03b_20260811_FULL_v1,L1_ELIGIBILITY,v2026-08-11,2026-03-21..2026-08-06,baccarat_bet02_101_all_pairs_incl_sentinel,round_win = game_pnl > 0 (decisive only),COMPATIBILITY_ONLY_NOT_PRODUCTION,234594.9955,169540.3402,9810.4062,19851,11308,-0.04181848,-0.03860046,-0.05116595,-0.04181848,-9810.4062,234594.9955,OK,0.0000,294.3122,3.0000,97.0000,AG03-UNRESOLVED,ALL5_LEVELS_bet23_to_bet27,294.3122,294.3122,294.3122,392.4162,490.5203,3.000000,3.000000,3.000000,4.000000,5.000000,97.000000,97.000000,97.000000,96.000000,95.000000,5.0,1765.8731,1644.6383,8044.5331,8165.7679,PENDING_AG03,FALSE,NOT_FOR_ENFORCEMENT,9516.0940,164454.1300,9810.4062,9516.0940,294.3122,0.04181848,0.04056393,294.3122,9516.0940,0.04056393,294.3122,294.3122,294.3122,392.4162,490.5203,9516.0940,0.04056393,1765.8731,1644.6383,8044.5331,8165.7679,0.03429115,0.03480794,0.00125455,11.8178,14.9930,0.8676,208.7320,5.3202,4991.3829,240.5957,12.7170,9.8041,2.5818,2.84,3.3563,4.9054,16.007,177.8754,0.2582,0.0,5.636364,62.633151,4.16126,29,188,6,10,0.74390005,0.04181848,0.03860046,0E-8,0.000000,0.722694,0.000000,0.01256549,2026-05-12,2026-08-02,47,1844,580,83,0.566265,1.297104,1.076088,2.479667,,,,,,,,GLOBAL_BASELINE_NO_ENTITY_RANKING,,,NOT_APPLICABLE_GLOBAL_BASELINE,HF9g-P5,,,,X 全窗基线 · 不参与实体赏罚,15059613,1506,A168_HF9F_20260827_0900,2026-08-27 09:00:00
2026-07-20,17529000,1306,0,3214.0551984095,1481.3982908633,1481.3982908633,0.4545455,22,12,0.50133635437428630,0.501065200000,-0.31037682524122895,-0.3085777822881345,-0.31037682524122895,0.00027115437428630,ELIGIBLE,R03b_20260811_FULL_v1,L1_ELIGIBILITY,v2026-08-11,2026-03-21..2026-08-06,baccarat_bet02_101_all_pairs_incl_sentinel,round_win = game_pnl > 0 (decisive only),COMPATIBILITY_ONLY_NOT_PRODUCTION,234594.9955,169540.3402,9810.4062,19851,11308,-0.04181848,-0.03860046,-0.05116595,-0.04181848,-9810.4062,234594.9955,OK,0.0000,294.3122,3.0000,97.0000,AG03-UNRESOLVED,ALL5_LEVELS_bet23_to_bet27,294.3122,294.3122,294.3122,392.4162,490.5203,3.000000,3.000000,3.000000,4.000000,5.000000,97.000000,97.000000,97.000000,96.000000,95.000000,5.0,1765.8731,1644.6383,8044.5331,8165.7679,PENDING_AG03,FALSE,NOT_FOR_ENFORCEMENT,9516.0940,164454.1300,9810.4062,9516.0940,294.3122,0.04181848,0.04056393,294.3122,9516.0940,0.04056393,294.3122,294.3122,294.3122,392.4162,490.5203,9516.0940,0.04056393,1765.8731,1644.6383,8044.5331,8165.7679,0.03429115,0.03480794,0.00125455,11.8178,14.9930,0.8676,208.7320,5.3202,4991.3829,240.5957,12.7170,9.8041,2.5818,2.84,3.3563,4.9054,16.007,177.8754,0.2582,0.0,5.636364,62.633151,4.16126,29,188,6,10,0.74390005,0.04181848,0.03860046,0E-8,0.000000,0.722694,0.000000,0.01256549,2026-05-12,2026-08-02,47,1844,580,83,0.566265,1.297104,1.076088,2.479667,,,,,,,,GLOBAL_BASELINE_NO_ENTITY_RANKING,,,NOT_APPLICABLE_GLOBAL_BASELINE,HF9g-P5,,,,X 全窗基线 · 不参与实体赏罚,15059614,1506,A168_HF9F_20260827_0900,2026-08-27 09:00:00
2026-07-20,17529000,1307,0,22.2032891848,0.4647200062,0.4647200062,0.6666667,8,4,0.50025276363634218,0.499948100000,0.5764747439300448,0.5775300591747329,0.5764747439300448,0.00030466363634218,ELIGIBLE,R03b_20260811_FULL_v1,L1_ELIGIBILITY,v2026-08-11,2026-03-21..2026-08-06,baccarat_bet02_101_all_pairs_incl_sentinel,round_win = game_pnl > 0 (decisive only),COMPATIBILITY_ONLY_NOT_PRODUCTION,234594.9955,169540.3402,9810.4062,19851,11308,-0.04181848,-0.03860046,-0.05116595,-0.04181848,-9810.4062,234594.9955,OK,0.0000,294.3122,3.0000,97.0000,AG03-UNRESOLVED,ALL5_LEVELS_bet23_to_bet27,294.3122,294.3122,294.3122,392.4162,490.5203,3.000000,3.000000,3.000000,4.000000,5.000000,97.000000,97.000000,97.000000,96.000000,95.000000,5.0,1765.8731,1644.6383,8044.5331,8165.7679,PENDING_AG03,FALSE,NOT_FOR_ENFORCEMENT,9516.0940,164454.1300,9810.4062,9516.0940,294.3122,0.04181848,0.04056393,294.3122,9516.0940,0.04056393,294.3122,294.3122,294.3122,392.4162,490.5203,9516.0940,0.04056393,1765.8731,1644.6383,8044.5331,8165.7679,0.03429115,0.03480794,0.00125455,11.8178,14.9930,0.8676,208.7320,5.3202,4991.3829,240.5957,12.7170,9.8041,2.5818,2.84,3.3563,4.9054,16.007,177.8754,0.2582,0.0,5.636364,62.633151,4.16126,29,188,6,10,0.74390005,0.04181848,0.03860046,0E-8,0.000000,0.722694,0.000000,0.01256549,2026-05-12,2026-08-02,47,1844,580,83,0.566265,1.297104,1.076088,2.479667,,,,,,,,GLOBAL_BASELINE_NO_ENTITY_RANKING,,,NOT_APPLICABLE_GLOBAL_BASELINE,HF9g-P5,,,,X 全窗基线 · 不参与实体赏罚,15059615,1506,A168_HF9F_20260827_0900,2026-08-27 09:00:00
2026-07-20,17529000,1353,0,5.6799111868,0E-10,0E-10,,2,1,0.50055742727268436,0.499948100000,,,,0.00060932727268436,NO_DECISIVE_ROUND,R03b_20260811_FULL_v1,L1_ELIGIBILITY,v2026-08-11,2026-03-21..2026-08-06,baccarat_bet02_101_all_pairs_incl_sentinel,round_win = game_pnl > 0 (decisive only),COMPATIBILITY_ONLY_NOT_PRODUCTION,234594.9955,169540.3402,9810.4062,19851,11308,-0.04181848,-0.03860046,-0.05116595,-0.04181848,-9810.4062,234594.9955,OK,0.0000,294.3122,3.0000,97.0000,AG03-UNRESOLVED,ALL5_LEVELS_bet23_to_bet27,294.3122,294.3122,294.3122,392.4162,490.5203,3.000000,3.000000,3.000000,4.000000,5.000000,97.000000,97.000000,97.000000,96.000000,95.000000,5.0,1765.8731,1644.6383,8044.5331,8165.7679,PENDING_AG03,FALSE,NOT_FOR_ENFORCEMENT,9516.0940,164454.1300,9810.4062,9516.0940,294.3122,0.04181848,0.04056393,294.3122,9516.0940,0.04056393,294.3122,294.3122,294.3122,392.4162,490.5203,9516.0940,0.04056393,1765.8731,1644.6383,8044.5331,8165.7679,0.03429115,0.03480794,0.00125455,11.8178,14.9930,0.8676,208.7320,5.3202,4991.3829,240.5957,12.7170,9.8041,2.5818,2.84,3.3563,4.9054,16.007,177.8754,0.2582,0.0,5.636364,62.633151,4.16126,29,188,6,10,0.74390005,0.04181848,0.03860046,0E-8,0.000000,0.722694,0.000000,0.01256549,2026-05-12,2026-08-02,47,1844,580,83,0.566265,1.297104,1.076088,2.479667,,,,,,,,GLOBAL_BASELINE_NO_ENTITY_RANKING,,,NOT_APPLICABLE_GLOBAL_BASELINE,HF9g-P5,,,,X 全窗基线 · 不参与实体赏罚,15059616,1506,A168_HF9F_20260827_0900,2026-08-27 09:00:00
2026-07-20,17529000,1382,0,158.2629798879,123.6929749827,123.6929749827,0.5000000,11,6,0.50147204895538005,0.501065200000,-0.005888221340280378,-0.004260809669075216,-0.005888221340280378,0.00040684895538005,ELIGIBLE,R03b_20260811_FULL_v1,L1_ELIGIBILITY,v2026-08-11,2026-03-21..2026-08-06,baccarat_bet02_101_all_pairs_incl_sentinel,round_win = game_pnl > 0 (decisive only),COMPATIBILITY_ONLY_NOT_PRODUCTION,234594.9955,169540.3402,9810.4062,19851,11308,-0.04181848,-0.03860046,-0.05116595,-0.04181848,-9810.4062,234594.9955,OK,0.0000,294.3122,3.0000,97.0000,AG03-UNRESOLVED,ALL5_LEVELS_bet23_to_bet27,294.3122,294.3122,294.3122,392.4162,490.5203,3.000000,3.000000,3.000000,4.000000,5.000000,97.000000,97.000000,97.000000,96.000000,95.000000,5.0,1765.8731,1644.6383,8044.5331,8165.7679,PENDING_AG03,FALSE,NOT_FOR_ENFORCEMENT,9516.0940,164454.1300,9810.4062,9516.0940,294.3122,0.04181848,0.04056393,294.3122,9516.0940,0.04056393,294.3122,294.3122,294.3122,392.4162,490.5203,9516.0940,0.04056393,1765.8731,1644.6383,8044.5331,8165.7679,0.03429115,0.03480794,0.00125455,11.8178,14.9930,0.8676,208.7320,5.3202,4991.3829,240.5957,12.7170,9.8041,2.5818,2.84,3.3563,4.9054,16.007,177.8754,0.2582,0.0,5.636364,62.633151,4.16126,29,188,6,10,0.74390005,0.04181848,0.03860046,0E-8,0.000000,0.722694,0.000000,0.01256549,2026-05-12,2026-08-02,47,1844,580,83,0.566265,1.297104,1.076088,2.479667,,,,,,,,GLOBAL_BASELINE_NO_ENTITY_RANKING,,,NOT_APPLICABLE_GLOBAL_BASELINE,HF9g-P5,,,,X 全窗基线 · 不参与实体赏罚,15059617,1506,A168_HF9F_20260827_0900,2026-08-27 09:00:00
2026-07-20,17529000,1399,0,731.1594764155,663.0392688407,663.0392688407,0.6666667,13,7,0.50141708154392865,0.500905614286,0.80955757889887,0.8120613271233317,0.80955757889887,0.00051146725792865,ELIGIBLE,R03b_20260811_FULL_v1,L1_ELIGIBILITY,v2026-08-11,2026-03-21..2026-08-06,baccarat_bet02_101_all_pairs_incl_sentinel,round_win = game_pnl > 0 (decisive only),COMPATIBILITY_ONLY_NOT_PRODUCTION,234594.9955,169540.3402,9810.4062,19851,11308,-0.04181848,-0.03860046,-0.05116595,-0.04181848,-9810.4062,234594.9955,OK,0.0000,294.3122,3.0000,97.0000,AG03-UNRESOLVED,ALL5_LEVELS_bet23_to_bet27,294.3122,294.3122,294.3122,392.4162,490.5203,3.000000,3.000000,3.000000,4.000000,5.000000,97.000000,97.000000,97.000000,96.000000,95.000000,5.0,1765.8731,1644.6383,8044.5331,8165.7679,PENDING_AG03,FALSE,NOT_FOR_ENFORCEMENT,9516.0940,164454.1300,9810.4062,9516.0940,294.3122,0.04181848,0.04056393,294.3122,9516.0940,0.04056393,294.3122,294.3122,294.3122,392.4162,490.5203,9516.0940,0.04056393,1765.8731,1644.6383,8044.5331,8165.7679,0.03429115,0.03480794,0.00125455,11.8178,14.9930,0.8676,208.7320,5.3202,4991.3829,240.5957,12.7170,9.8041,2.5818,2.84,3.3563,4.9054,16.007,177.8754,0.2582,0.0,5.636364,62.633151,4.16126,29,188,6,10,0.74390005,0.04181848,0.03860046,0E-8,0.000000,0.722694,0.000000,0.01256549,2026-05-12,2026-08-02,47,1844,580,83,0.566265,1.297104,1.076088,2.479667,,,,,,,,GLOBAL_BASELINE_NO_ENTITY_RANKING,,,NOT_APPLICABLE_GLOBAL_BASELINE,HF9g-P5,,,,X 全窗基线 · 不参与实体赏罚,15059618,1506,A168_HF9F_20260827_0900,2026-08-27 09:00:00
2026-07-20,17529000,1401,0,96.5584901762,2.9819533732,2.9819533732,0.5333333,30,16,0.50092409296070967,0.500785925000,0.2510413252055499,0.25211145232206594,0.2510413252055499,0.00013816796070967,ELIGIBLE,R03b_20260811_FULL_v1,L1_ELIGIBILITY,v2026-08-11,2026-03-21..2026-08-06,baccarat_bet02_101_all_pairs_incl_sentinel,round_win = game_pnl > 0 (decisive only),COMPATIBILITY_ONLY_NOT_PRODUCTION,234594.9955,169540.3402,9810.4062,19851,11308,-0.04181848,-0.03860046,-0.05116595,-0.04181848,-9810.4062,234594.9955,OK,0.0000,294.3122,3.0000,97.0000,AG03-UNRESOLVED,ALL5_LEVELS_bet23_to_bet27,294.3122,294.3122,294.3122,392.4162,490.5203,3.000000,3.000000,3.000000,4.000000,5.000000,97.000000,97.000000,97.000000,96.000000,95.000000,5.0,1765.8731,1644.6383,8044.5331,8165.7679,PENDING_AG03,FALSE,NOT_FOR_ENFORCEMENT,9516.0940,164454.1300,9810.4062,9516.0940,294.3122,0.04181848,0.04056393,294.3122,9516.0940,0.04056393,294.3122,294.3122,294.3122,392.4162,490.5203,9516.0940,0.04056393,1765.8731,1644.6383,8044.5331,8165.7679,0.03429115,0.03480794,0.00125455,11.8178,14.9930,0.8676,208.7320,5.3202,4991.3829,240.5957,12.7170,9.8041,2.5818,2.84,3.3563,4.9054,16.007,177.8754,0.2582,0.0,5.636364,62.633151,4.16126,29,188,6,10,0.74390005,0.04181848,0.03860046,0E-8,0.000000,0.722694,0.000000,0.01256549,2026-05-12,2026-08-02,47,1844,580,83,0.566265,1.297104,1.076088,2.479667,,,,,,,,GLOBAL_BASELINE_NO_ENTITY_RANKING,,,NOT_APPLICABLE_GLOBAL_BASELINE,HF9g-P5,,,,X 全窗基线 · 不参与实体赏罚,15059619,1506,A168_HF9F_20260827_0900,2026-08-27 09:00:00
2026-07-20,17529000,1405,0,11.3598223737,0.3485400047,0.3485400047,0.5000000,4,2,0.50054481180125009,0.499948100000,-0.0015409613913138648,0.00014679536856514622,-0.0015409613913138648,0.00059671180125009,ELIGIBLE,R03b_20260811_FULL_v1,L1_ELIGIBILITY,v2026-08-11,2026-03-21..2026-08-06,baccarat_bet02_101_all_pairs_incl_sentinel,round_win = game_pnl > 0 (decisive only),COMPATIBILITY_ONLY_NOT_PRODUCTION,234594.9955,169540.3402,9810.4062,19851,11308,-0.04181848,-0.03860046,-0.05116595,-0.04181848,-9810.4062,234594.9955,OK,0.0000,294.3122,3.0000,97.0000,AG03-UNRESOLVED,ALL5_LEVELS_bet23_to_bet27,294.3122,294.3122,294.3122,392.4162,490.5203,3.000000,3.000000,3.000000,4.000000,5.000000,97.000000,97.000000,97.000000,96.000000,95.000000,5.0,1765.8731,1644.6383,8044.5331,8165.7679,PENDING_AG03,FALSE,NOT_FOR_ENFORCEMENT,9516.0940,164454.1300,9810.4062,9516.0940,294.3122,0.04181848,0.04056393,294.3122,9516.0940,0.04056393,294.3122,294.3122,294.3122,392.4162,490.5203,9516.0940,0.04056393,1765.8731,1644.6383,8044.5331,8165.7679,0.03429115,0.03480794,0.00125455,11.8178,14.9930,0.8676,208.7320,5.3202,4991.3829,240.5957,12.7170,9.8041,2.5818,2.84,3.3563,4.9054,16.007,177.8754,0.2582,0.0,5.636364,62.633151,4.16126,29,188,6,10,0.74390005,0.04181848,0.03860046,0E-8,0.000000,0.722694,0.000000,0.01256549,2026-05-12,2026-08-02,47,1844,580,83,0.566265,1.297104,1.076088,2.479667,,,,,,,,GLOBAL_BASELINE_NO_ENTITY_RANKING,,,NOT_APPLICABLE_GLOBAL_BASELINE,HF9g-P5,,,,X 全窗基线 · 不参与实体赏罚,15059620,1506,A168_HF9F_20260827_0900,2026-08-27 09:00:00
2026-07-20,17529000,1940,0,73.3224898664,2.4655978108,2.4655978108,0.6363636,22,12,0.50166321141230055,0.501065200000,0.8935064807079695,0.8974703329135217,0.8935064807079695,0.00059801141230055,ELIGIBLE,R03b_20260811_FULL_v1,L1_ELIGIBILITY,v2026-08-11,2026-03-21..2026-08-06,baccarat_bet02_101_all_pairs_incl_sentinel,round_win = game_pnl > 0 (decisive only),COMPATIBILITY_ONLY_NOT_PRODUCTION,234594.9955,169540.3402,9810.4062,19851,11308,-0.04181848,-0.03860046,-0.05116595,-0.04181848,-9810.4062,234594.9955,OK,0.0000,294.3122,3.0000,97.0000,AG03-UNRESOLVED,ALL5_LEVELS_bet23_to_bet27,294.3122,294.3122,294.3122,392.4162,490.5203,3.000000,3.000000,3.000000,4.000000,5.000000,97.000000,97.000000,97.000000,96.000000,95.000000,5.0,1765.8731,1644.6383,8044.5331,8165.7679,PENDING_AG03,FALSE,NOT_FOR_ENFORCEMENT,9516.0940,164454.1300,9810.4062,9516.0940,294.3122,0.04181848,0.04056393,294.3122,9516.0940,0.04056393,294.3122,294.3122,294.3122,392.4162,490.5203,9516.0940,0.04056393,1765.8731,1644.6383,8044.5331,8165.7679,0.03429115,0.03480794,0.00125455,11.8178,14.9930,0.8676,208.7320,5.3202,4991.3829,240.5957,12.7170,9.8041,2.5818,2.84,3.3563,4.9054,16.007,177.8754,0.2582,0.0,5.636364,62.633151,4.16126,29,188,6,10,0.74390005,0.04181848,0.03860046,0E-8,0.000000,0.722694,0.000000,0.01256549,2026-05-12,2026-08-02,47,1844,580,83,0.566265,1.297104,1.076088,2.479667,,,,,,,,GLOBAL_BASELINE_NO_ENTITY_RANKING,,,NOT_APPLICABLE_GLOBAL_BASELINE,HF9g-P5,,,,X 全窗基线 · 不参与实体赏罚,15059621,1506,A168_HF9F_20260827_0900,2026-08-27 09:00:00
2026-07-20,17529000,1941,0,21.9451114036,0.7099888985,0.7099888985,1.0000000,8,4,0.50033981038958200,0.499948100000,1.9986412200123291,2.0002076107755586,1.9986412200123291,0.00039171038958200,ELIGIBLE,R03b_20260811_FULL_v1,L1_ELIGIBILITY,v2026-08-11,2026-03-21..2026-08-06,baccarat_bet02_101_all_pairs_incl_sentinel,round_win = game_pnl > 0 (decisive only),COMPATIBILITY_ONLY_NOT_PRODUCTION,234594.9955,169540.3402,9810.4062,19851,11308,-0.04181848,-0.03860046,-0.05116595,-0.04181848,-9810.4062,234594.9955,OK,0.0000,294.3122,3.0000,97.0000,AG03-UNRESOLVED,ALL5_LEVELS_bet23_to_bet27,294.3122,294.3122,294.3122,392.4162,490.5203,3.000000,3.000000,3.000000,4.000000,5.000000,97.000000,97.000000,97.000000,96.000000,95.000000,5.0,1765.8731,1644.6383,8044.5331,8165.7679,PENDING_AG03,FALSE,NOT_FOR_ENFORCEMENT,9516.0940,164454.1300,9810.4062,9516.0940,294.3122,0.04181848,0.04056393,294.3122,9516.0940,0.04056393,294.3122,294.3122,294.3122,392.4162,490.5203,9516.0940,0.04056393,1765.8731,1644.6383,8044.5331,8165.7679,0.03429115,0.03480794,0.00125455,11.8178,14.9930,0.8676,208.7320,5.3202,4991.3829,240.5957,12.7170,9.8041,2.5818,2.84,3.3563,4.9054,16.007,177.8754,0.2582,0.0,5.636364,62.633151,4.16126,29,188,6,10,0.74390005,0.04181848,0.03860046,0E-8,0.000000,0.722694,0.000000,0.01256549,2026-05-12,2026-08-02,47,1844,580,83,0.566265,1.297104,1.076088,2.479667,,,,,,,,GLOBAL_BASELINE_NO_ENTITY_RANKING,,,NOT_APPLICABLE_GLOBAL_BASELINE,HF9g-P5,,,,X 全窗基线 · 不参与实体赏罚,15059622,1506,A168_HF9F_20260827_0900,2026-08-27 09:00:00
2026-07-20,17529000,1942,0,27.1086670280,-0.1678155576,-0.1678155576,0.6000000,10,5,0.50026727142854788,0.499948100000,0.4460183850563788,0.44744570176651083,0.4460183850563788,0.00031917142854788,ELIGIBLE,R03b_20260811_FULL_v1,L1_ELIGIBILITY,v2026-08-11,2026-03-21..2026-08-06,baccarat_bet02_101_all_pairs_incl_sentinel,round_win = game_pnl > 0 (decisive only),COMPATIBILITY_ONLY_NOT_PRODUCTION,234594.9955,169540.3402,9810.4062,19851,11308,-0.04181848,-0.03860046,-0.05116595,-0.04181848,-9810.4062,234594.9955,OK,0.0000,294.3122,3.0000,97.0000,AG03-UNRESOLVED,ALL5_LEVELS_bet23_to_bet27,294.3122,294.3122,294.3122,392.4162,490.5203,3.000000,3.000000,3.000000,4.000000,5.000000,97.000000,97.000000,97.000000,96.000000,95.000000,5.0,1765.8731,1644.6383,8044.5331,8165.7679,PENDING_AG03,FALSE,NOT_FOR_ENFORCEMENT,9516.0940,164454.1300,9810.4062,9516.0940,294.3122,0.04181848,0.04056393,294.3122,9516.0940,0.04056393,294.3122,294.3122,294.3122,392.4162,490.5203,9516.0940,0.04056393,1765.8731,1644.6383,8044.5331,8165.7679,0.03429115,0.03480794,0.00125455,11.8178,14.9930,0.8676,208.7320,5.3202,4991.3829,240.5957,12.7170,9.8041,2.5818,2.84,3.3563,4.9054,16.007,177.8754,0.2582,0.0,5.636364,62.633151,4.16126,29,188,6,10,0.74390005,0.04181848,0.03860046,0E-8,0.000000,0.722694,0.000000,0.01256549,2026-05-12,2026-08-02,47,1844,580,83,0.566265,1.297104,1.076088,2.479667,,,,,,,,GLOBAL_BASELINE_NO_ENTITY_RANKING,,,NOT_APPLICABLE_GLOBAL_BASELINE,HF9g-P5,,,,X 全窗基线 · 不参与实体赏罚,15059623,1506,A168_HF9F_20260827_0900,2026-08-27 09:00:00
2026-07-20,17529000,1985,0,26.8504892468,0.0387266672,0.0387266672,0.2500000,9,5,0.50198725079363928,0.501288620000,-1.0079569643841728,-1.0051578182180947,-1.0079569643841728,0.00069863079363928,ELIGIBLE,R03b_20260811_FULL_v1,L1_ELIGIBILITY,v2026-08-11,2026-03-21..2026-08-06,baccarat_bet02_101_all_pairs_incl_sentinel,round_win = game_pnl > 0 (decisive only),COMPATIBILITY_ONLY_NOT_PRODUCTION,234594.9955,169540.3402,9810.4062,19851,11308,-0.04181848,-0.03860046,-0.05116595,-0.04181848,-9810.4062,234594.9955,OK,0.0000,294.3122,3.0000,97.0000,AG03-UNRESOLVED,ALL5_LEVELS_bet23_to_bet27,294.3122,294.3122,294.3122,392.4162,490.5203,3.000000,3.000000,3.000000,4.000000,5.000000,97.000000,97.000000,97.000000,96.000000,95.000000,5.0,1765.8731,1644.6383,8044.5331,8165.7679,PENDING_AG03,FALSE,NOT_FOR_ENFORCEMENT,9516.0940,164454.1300,9810.4062,9516.0940,294.3122,0.04181848,0.04056393,294.3122,9516.0940,0.04056393,294.3122,294.3122,294.3122,392.4162,490.5203,9516.0940,0.04056393,1765.8731,1644.6383,8044.5331,8165.7679,0.03429115,0.03480794,0.00125455,11.8178,14.9930,0.8676,208.7320,5.3202,4991.3829,240.5957,12.7170,9.8041,2.5818,2.84,3.3563,4.9054,16.007,177.8754,0.2582,0.0,5.636364,62.633151,4.16126,29,188,6,10,0.74390005,0.04181848,0.03860046,0E-8,0.000000,0.722694,0.000000,0.01256549,2026-05-12,2026-08-02,47,1844,580,83,0.566265,1.297104,1.076088,2.479667,,,,,,,,GLOBAL_BASELINE_NO_ENTITY_RANKING,,,NOT_APPLICABLE_GLOBAL_BASELINE,HF9g-P5,,,,X 全窗基线 · 不参与实体赏罚,15059624,1506,A168_HF9F_20260827_0900,2026-08-27 09:00:00
2026-07-20,17529000,2088,0,6.1962667493,-1.0327111249,-1.0327111249,0E-7,2,1,0.50106520000001803,0.499948100000,-1.0021326741443781,-0.9998962053866608,-1.0021326741443781,0.00111710000001803,ELIGIBLE,R03b_20260811_FULL_v1,L1_ELIGIBILITY,v2026-08-11,2026-03-21..2026-08-06,baccarat_bet02_101_all_pairs_incl_sentinel,round_win = game_pnl > 0 (decisive only),COMPATIBILITY_ONLY_NOT_PRODUCTION,234594.9955,169540.3402,9810.4062,19851,11308,-0.04181848,-0.03860046,-0.05116595,-0.04181848,-9810.4062,234594.9955,OK,0.0000,294.3122,3.0000,97.0000,AG03-UNRESOLVED,ALL5_LEVELS_bet23_to_bet27,294.3122,294.3122,294.3122,392.4162,490.5203,3.000000,3.000000,3.000000,4.000000,5.000000,97.000000,97.000000,97.000000,96.000000,95.000000,5.0,1765.8731,1644.6383,8044.5331,8165.7679,PENDING_AG03,FALSE,NOT_FOR_ENFORCEMENT,9516.0940,164454.1300,9810.4062,9516.0940,294.3122,0.04181848,0.04056393,294.3122,9516.0940,0.04056393,294.3122,294.3122,294.3122,392.4162,490.5203,9516.0940,0.04056393,1765.8731,1644.6383,8044.5331,8165.7679,0.03429115,0.03480794,0.00125455,11.8178,14.9930,0.8676,208.7320,5.3202,4991.3829,240.5957,12.7170,9.8041,2.5818,2.84,3.3563,4.9054,16.007,177.8754,0.2582,0.0,5.636364,62.633151,4.16126,29,188,6,10,0.74390005,0.04181848,0.03860046,0E-8,0.000000,0.722694,0.000000,0.01256549,2026-05-12,2026-08-02,47,1844,580,83,0.566265,1.297104,1.076088,2.479667,,,,,,,,GLOBAL_BASELINE_NO_ENTITY_RANKING,,,NOT_APPLICABLE_GLOBAL_BASELINE,HF9g-P5,,,,X 全窗基线 · 不参与实体赏罚,15059625,1506,A168_HF9F_20260827_0900,2026-08-27 09:00:00
2026-07-20,17529000,2115,0,6.9708000929,1.5877933545,1.5877933545,1.0000000,2,1,0.50168581111108262,0.499948100000,0.9966340425803116,1.0001038053877793,0.9966340425803116,0.00173771111108262,ELIGIBLE,R03b_20260811_FULL_v1,L1_ELIGIBILITY,v2026-08-11,2026-03-21..2026-08-06,baccarat_bet02_101_all_pairs_incl_sentinel,round_win = game_pnl > 0 (decisive only),COMPATIBILITY_ONLY_NOT_PRODUCTION,234594.9955,169540.3402,9810.4062,19851,11308,-0.04181848,-0.03860046,-0.05116595,-0.04181848,-9810.4062,234594.9955,OK,0.0000,294.3122,3.0000,97.0000,AG03-UNRESOLVED,ALL5_LEVELS_bet23_to_bet27,294.3122,294.3122,294.3122,392.4162,490.5203,3.000000,3.000000,3.000000,4.000000,5.000000,97.000000,97.000000,97.000000,96.000000,95.000000,5.0,1765.8731,1644.6383,8044.5331,8165.7679,PENDING_AG03,FALSE,NOT_FOR_ENFORCEMENT,9516.0940,164454.1300,9810.4062,9516.0940,294.3122,0.04181848,0.04056393,294.3122,9516.0940,0.04056393,294.3122,294.3122,294.3122,392.4162,490.5203,9516.0940,0.04056393,1765.8731,1644.6383,8044.5331,8165.7679,0.03429115,0.03480794,0.00125455,11.8178,14.9930,0.8676,208.7320,5.3202,4991.3829,240.5957,12.7170,9.8041,2.5818,2.84,3.3563,4.9054,16.007,177.8754,0.2582,0.0,5.636364,62.633151,4.16126,29,188,6,10,0.74390005,0.04181848,0.03860046,0E-8,0.000000,0.722694,0.000000,0.01256549,2026-05-12,2026-08-02,47,1844,580,83,0.566265,1.297104,1.076088,2.479667,,,,,,,,GLOBAL_BASELINE_NO_ENTITY_RANKING,,,NOT_APPLICABLE_GLOBAL_BASELINE,HF9g-P5,,,,X 全窗基线 · 不参与实体赏罚,15059626,1506,A168_HF9F_20260827_0900,2026-08-27 09:00:00
2026-07-20,17529000,2123,0,16.5233779980,0.5163555624,0.5163555624,0.6666667,6,3,0.49974499090910521,0.499948100000,0.5782337217979314,0.5775300591747329,0.5782337217979314,-0.00020310909089479,ELIGIBLE,R03b_20260811_FULL_v1,L1_ELIGIBILITY,v2026-08-11,2026-03-21..2026-08-06,baccarat_bet02_101_all_pairs_incl_sentinel,round_win = game_pnl > 0 (decisive only),COMPATIBILITY_ONLY_NOT_PRODUCTION,234594.9955,169540.3402,9810.4062,19851,11308,-0.04181848,-0.03860046,-0.05116595,-0.04181848,-9810.4062,234594.9955,OK,0.0000,294.3122,3.0000,97.0000,AG03-UNRESOLVED,ALL5_LEVELS_bet23_to_bet27,294.3122,294.3122,294.3122,392.4162,490.5203,3.000000,3.000000,3.000000,4.000000,5.000000,97.000000,97.000000,97.000000,96.000000,95.000000,5.0,1765.8731,1644.6383,8044.5331,8165.7679,PENDING_AG03,FALSE,NOT_FOR_ENFORCEMENT,9516.0940,164454.1300,9810.4062,9516.0940,294.3122,0.04181848,0.04056393,294.3122,9516.0940,0.04056393,294.3122,294.3122,294.3122,392.4162,490.5203,9516.0940,0.04056393,1765.8731,1644.6383,8044.5331,8165.7679,0.03429115,0.03480794,0.00125455,11.8178,14.9930,0.8676,208.7320,5.3202,4991.3829,240.5957,12.7170,9.8041,2.5818,2.84,3.3563,4.9054,16.007,177.8754,0.2582,0.0,5.636364,62.633151,4.16126,29,188,6,10,0.74390005,0.04181848,0.03860046,0E-8,0.000000,0.722694,0.000000,0.01256549,2026-05-12,2026-08-02,47,1844,580,83,0.566265,1.297104,1.076088,2.479667,,,,,,,,GLOBAL_BASELINE_NO_ENTITY_RANKING,,,NOT_APPLICABLE_GLOBAL_BASELINE,HF9g-P5,,,,X 全窗基线 · 不参与实体赏罚,15059627,1506,A168_HF9F_20260827_0900,2026-08-27 09:00:00
2026-07-20,17529000,2141,0,131.1543128597,6.2866289728,6.2866289728,0.4615385,27,15,0.50056367761854640,0.500394940000,-0.2814150140550404,-0.28019813836336,-0.2814150140550404,0.00016873761854640,ELIGIBLE,R03b_20260811_FULL_v1,L1_ELIGIBILITY,v2026-08-11,2026-03-21..2026-08-06,baccarat_bet02_101_all_pairs_incl_sentinel,round_win = game_pnl > 0 (decisive only),COMPATIBILITY_ONLY_NOT_PRODUCTION,234594.9955,169540.3402,9810.4062,19851,11308,-0.04181848,-0.03860046,-0.05116595,-0.04181848,-9810.4062,234594.9955,OK,0.0000,294.3122,3.0000,97.0000,AG03-UNRESOLVED,ALL5_LEVELS_bet23_to_bet27,294.3122,294.3122,294.3122,392.4162,490.5203,3.000000,3.000000,3.000000,4.000000,5.000000,97.000000,97.000000,97.000000,96.000000,95.000000,5.0,1765.8731,1644.6383,8044.5331,8165.7679,PENDING_AG03,FALSE,NOT_FOR_ENFORCEMENT,9516.0940,164454.1300,9810.4062,9516.0940,294.3122,0.04181848,0.04056393,294.3122,9516.0940,0.04056393,294.3122,294.3122,294.3122,392.4162,490.5203,9516.0940,0.04056393,1765.8731,1644.6383,8044.5331,8165.7679,0.03429115,0.03480794,0.00125455,11.8178,14.9930,0.8676,208.7320,5.3202,4991.3829,240.5957,12.7170,9.8041,2.5818,2.84,3.3563,4.9054,16.007,177.8754,0.2582,0.0,5.636364,62.633151,4.16126,29,188,6,10,0.74390005,0.04181848,0.03860046,0E-8,0.000000,0.722694,0.000000,0.01256549,2026-05-12,2026-08-02,47,1844,580,83,0.566265,1.297104,1.076088,2.479667,,,,,,,,GLOBAL_BASELINE_NO_ENTITY_RANKING,,,NOT_APPLICABLE_GLOBAL_BASELINE,HF9g-P5,,,,X 全窗基线 · 不参与实体赏罚,15059628,1506,A168_HF9F_20260827_0900,2026-08-27 09:00:00
2026-07-20,17529000,2149,0,165.4919577619,8.6489556710,8.6489556710,0.1250000,12,9,0.50166288521724657,0.501437566667,-2.1307388266834812,-2.129461250167369,-2.1307388266834812,0.00022531855024657,ELIGIBLE,R03b_20260811_FULL_v1,L1_ELIGIBILITY,v2026-08-11,2026-03-21..2026-08-06,baccarat_bet02_101_all_pairs_incl_sentinel,round_win = game_pnl > 0 (decisive only),COMPATIBILITY_ONLY_NOT_PRODUCTION,234594.9955,169540.3402,9810.4062,19851,11308,-0.04181848,-0.03860046,-0.05116595,-0.04181848,-9810.4062,234594.9955,OK,0.0000,294.3122,3.0000,97.0000,AG03-UNRESOLVED,ALL5_LEVELS_bet23_to_bet27,294.3122,294.3122,294.3122,392.4162,490.5203,3.000000,3.000000,3.000000,4.000000,5.000000,97.000000,97.000000,97.000000,96.000000,95.000000,5.0,1765.8731,1644.6383,8044.5331,8165.7679,PENDING_AG03,FALSE,NOT_FOR_ENFORCEMENT,9516.0940,164454.1300,9810.4062,9516.0940,294.3122,0.04181848,0.04056393,294.3122,9516.0940,0.04056393,294.3122,294.3122,294.3122,392.4162,490.5203,9516.0940,0.04056393,1765.8731,1644.6383,8044.5331,8165.7679,0.03429115,0.03480794,0.00125455,11.8178,14.9930,0.8676,208.7320,5.3202,4991.3829,240.5957,12.7170,9.8041,2.5818,2.84,3.3563,4.9054,16.007,177.8754,0.2582,0.0,5.636364,62.633151,4.16126,29,188,6,10,0.74390005,0.04181848,0.03860046,0E-8,0.000000,0.722694,0.000000,0.01256549,2026-05-12,2026-08-02,47,1844,580,83,0.566265,1.297104,1.076088,2.479667,,,,,,,,GLOBAL_BASELINE_NO_ENTITY_RANKING,,,NOT_APPLICABLE_GLOBAL_BASELINE,HF9g-P5,,,,X 全窗基线 · 不参与实体赏罚,15059629,1506,A168_HF9F_20260827_0900,2026-08-27 09:00:00
2026-07-20,17529000,2152,0,5.4217334056,-0.2581777812,-0.2581777812,0E-7,2,1,0.50026727142854788,0.499948100000,-1.0005346858015285,-0.9998962053866608,-1.0005346858015285,0.00031917142854788,ELIGIBLE,R03b_20260811_FULL_v1,L1_ELIGIBILITY,v2026-08-11,2026-03-21..2026-08-06,baccarat_bet02_101_all_pairs_incl_sentinel,round_win = game_pnl > 0 (decisive only),COMPATIBILITY_ONLY_NOT_PRODUCTION,234594.9955,169540.3402,9810.4062,19851,11308,-0.04181848,-0.03860046,-0.05116595,-0.04181848,-9810.4062,234594.9955,OK,0.0000,294.3122,3.0000,97.0000,AG03-UNRESOLVED,ALL5_LEVELS_bet23_to_bet27,294.3122,294.3122,294.3122,392.4162,490.5203,3.000000,3.000000,3.000000,4.000000,5.000000,97.000000,97.000000,97.000000,96.000000,95.000000,5.0,1765.8731,1644.6383,8044.5331,8165.7679,PENDING_AG03,FALSE,NOT_FOR_ENFORCEMENT,9516.0940,164454.1300,9810.4062,9516.0940,294.3122,0.04181848,0.04056393,294.3122,9516.0940,0.04056393,294.3122,294.3122,294.3122,392.4162,490.5203,9516.0940,0.04056393,1765.8731,1644.6383,8044.5331,8165.7679,0.03429115,0.03480794,0.00125455,11.8178,14.9930,0.8676,208.7320,5.3202,4991.3829,240.5957,12.7170,9.8041,2.5818,2.84,3.3563,4.9054,16.007,177.8754,0.2582,0.0,5.636364,62.633151,4.16126,29,188,6,10,0.74390005,0.04181848,0.03860046,0E-8,0.000000,0.722694,0.000000,0.01256549,2026-05-12,2026-08-02,47,1844,580,83,0.566265,1.297104,1.076088,2.479667,,,,,,,,GLOBAL_BASELINE_NO_ENTITY_RANKING,,,NOT_APPLICABLE_GLOBAL_BASELINE,HF9g-P5,,,,X 全窗基线 · 不参与实体赏罚,15059630,1506,A168_HF9F_20260827_0900,2026-08-27 09:00:00
2026-07-20,17529000,2153,0,119.7944904861,-91.7176567784,-91.7176567784,0.2500000,13,8,0.50128811538114211,0.500785925000,-1.4215049605878654,-1.4186611781021081,-1.4215049605878654,0.00050219038114211,ELIGIBLE,R03b_20260811_FULL_v1,L1_ELIGIBILITY,v2026-08-11,2026-03-21..2026-08-06,baccarat_bet02_101_all_pairs_incl_sentinel,round_win = game_pnl > 0 (decisive only),COMPATIBILITY_ONLY_NOT_PRODUCTION,234594.9955,169540.3402,9810.4062,19851,11308,-0.04181848,-0.03860046,-0.05116595,-0.04181848,-9810.4062,234594.9955,OK,0.0000,294.3122,3.0000,97.0000,AG03-UNRESOLVED,ALL5_LEVELS_bet23_to_bet27,294.3122,294.3122,294.3122,392.4162,490.5203,3.000000,3.000000,3.000000,4.000000,5.000000,97.000000,97.000000,97.000000,96.000000,95.000000,5.0,1765.8731,1644.6383,8044.5331,8165.7679,PENDING_AG03,FALSE,NOT_FOR_ENFORCEMENT,9516.0940,164454.1300,9810.4062,9516.0940,294.3122,0.04181848,0.04056393,294.3122,9516.0940,0.04056393,294.3122,294.3122,294.3122,392.4162,490.5203,9516.0940,0.04056393,1765.8731,1644.6383,8044.5331,8165.7679,0.03429115,0.03480794,0.00125455,11.8178,14.9930,0.8676,208.7320,5.3202,4991.3829,240.5957,12.7170,9.8041,2.5818,2.84,3.3563,4.9054,16.007,177.8754,0.2582,0.0,5.636364,62.633151,4.16126,29,188,6,10,0.74390005,0.04181848,0.03860046,0E-8,0.000000,0.722694,0.000000,0.01256549,2026-05-12,2026-08-02,47,1844,580,83,0.566265,1.297104,1.076088,2.479667,,,,,,,,GLOBAL_BASELINE_NO_ENTITY_RANKING,,,NOT_APPLICABLE_GLOBAL_BASELINE,HF9g-P5,,,,X 全窗基线 · 不参与实体赏罚,15059631,1506,A168_HF9F_20260827_0900,2026-08-27 09:00:00
2026-07-20,17529000,2155,0,33.5631115585,0.1936333360,0.1936333360,0.5000000,12,6,0.50044861883114899,0.499948100000,-0.0017944760469044967,0.00020760000111838688,-0.0017944760469044967,0.00050051883114899,ELIGIBLE,R03b_20260811_FULL_v1,L1_ELIGIBILITY,v2026-08-11,2026-03-21..2026-08-06,baccarat_bet02_101_all_pairs_incl_sentinel,round_win = game_pnl > 0 (decisive only),COMPATIBILITY_ONLY_NOT_PRODUCTION,234594.9955,169540.3402,9810.4062,19851,11308,-0.04181848,-0.03860046,-0.05116595,-0.04181848,-9810.4062,234594.9955,OK,0.0000,294.3122,3.0000,97.0000,AG03-UNRESOLVED,ALL5_LEVELS_bet23_to_bet27,294.3122,294.3122,294.3122,392.4162,490.5203,3.000000,3.000000,3.000000,4.000000,5.000000,97.000000,97.000000,97.000000,96.000000,95.000000,5.0,1765.8731,1644.6383,8044.5331,8165.7679,PENDING_AG03,FALSE,NOT_FOR_ENFORCEMENT,9516.0940,164454.1300,9810.4062,9516.0940,294.3122,0.04181848,0.04056393,294.3122,9516.0940,0.04056393,294.3122,294.3122,294.3122,392.4162,490.5203,9516.0940,0.04056393,1765.8731,1644.6383,8044.5331,8165.7679,0.03429115,0.03480794,0.00125455,11.8178,14.9930,0.8676,208.7320,5.3202,4991.3829,240.5957,12.7170,9.8041,2.5818,2.84,3.3563,4.9054,16.007,177.8754,0.2582,0.0,5.636364,62.633151,4.16126,29,188,6,10,0.74390005,0.04181848,0.03860046,0E-8,0.000000,0.722694,0.000000,0.01256549,2026-05-12,2026-08-02,47,1844,580,83,0.566265,1.297104,1.076088,2.479667,,,,,,,,GLOBAL_BASELINE_NO_ENTITY_RANKING,,,NOT_APPLICABLE_GLOBAL_BASELINE,HF9g-P5,,,,X 全窗基线 · 不参与实体赏罚,15059632,1506,A168_HF9F_20260827_0900,2026-08-27 09:00:00
2026-07-20,17529000,2171,0,5.4217334056,-0.2581777812,-0.2581777812,0E-7,2,1,0.50026727142854788,0.499948100000,-1.0005346858015285,-0.9998962053866608,-1.0005346858015285,0.00031917142854788,ELIGIBLE,R03b_20260811_FULL_v1,L1_ELIGIBILITY,v2026-08-11,2026-03-21..2026-08-06,baccarat_bet02_101_all_pairs_incl_sentinel,round_win = game_pnl > 0 (decisive only),COMPATIBILITY_ONLY_NOT_PRODUCTION,234594.9955,169540.3402,9810.4062,19851,11308,-0.04181848,-0.03860046,-0.05116595,-0.04181848,-9810.4062,234594.9955,OK,0.0000,294.3122,3.0000,97.0000,AG03-UNRESOLVED,ALL5_LEVELS_bet23_to_bet27,294.3122,294.3122,294.3122,392.4162,490.5203,3.000000,3.000000,3.000000,4.000000,5.000000,97.000000,97.000000,97.000000,96.000000,95.000000,5.0,1765.8731,1644.6383,8044.5331,8165.7679,PENDING_AG03,FALSE,NOT_FOR_ENFORCEMENT,9516.0940,164454.1300,9810.4062,9516.0940,294.3122,0.04181848,0.04056393,294.3122,9516.0940,0.04056393,294.3122,294.3122,294.3122,392.4162,490.5203,9516.0940,0.04056393,1765.8731,1644.6383,8044.5331,8165.7679,0.03429115,0.03480794,0.00125455,11.8178,14.9930,0.8676,208.7320,5.3202,4991.3829,240.5957,12.7170,9.8041,2.5818,2.84,3.3563,4.9054,16.007,177.8754,0.2582,0.0,5.636364,62.633151,4.16126,29,188,6,10,0.74390005,0.04181848,0.03860046,0E-8,0.000000,0.722694,0.000000,0.01256549,2026-05-12,2026-08-02,47,1844,580,83,0.566265,1.297104,1.076088,2.479667,,,,,,,,GLOBAL_BASELINE_NO_ENTITY_RANKING,,,NOT_APPLICABLE_GLOBAL_BASELINE,HF9g-P5,,,,X 全窗基线 · 不参与实体赏罚,15059633,1506,A168_HF9F_20260827_0900,2026-08-27 09:00:00
2026-07-20,17529000,2209,0,16.7815557793,-0.0387266671,-0.0387266671,0.3333333,6,3,0.50023951739131743,0.499948100000,-0.5781800481104834,-0.5771704854251445,-0.5781800481104834,0.00029141739131743,ELIGIBLE,R03b_20260811_FULL_v1,L1_ELIGIBILITY,v2026-08-11,2026-03-21..2026-08-06,baccarat_bet02_101_all_pairs_incl_sentinel,round_win = game_pnl > 0 (decisive only),COMPATIBILITY_ONLY_NOT_PRODUCTION,234594.9955,169540.3402,9810.4062,19851,11308,-0.04181848,-0.03860046,-0.05116595,-0.04181848,-9810.4062,234594.9955,OK,0.0000,294.3122,3.0000,97.0000,AG03-UNRESOLVED,ALL5_LEVELS_bet23_to_bet27,294.3122,294.3122,294.3122,392.4162,490.5203,3.000000,3.000000,3.000000,4.000000,5.000000,97.000000,97.000000,97.000000,96.000000,95.000000,5.0,1765.8731,1644.6383,8044.5331,8165.7679,PENDING_AG03,FALSE,NOT_FOR_ENFORCEMENT,9516.0940,164454.1300,9810.4062,9516.0940,294.3122,0.04181848,0.04056393,294.3122,9516.0940,0.04056393,294.3122,294.3122,294.3122,392.4162,490.5203,9516.0940,0.04056393,1765.8731,1644.6383,8044.5331,8165.7679,0.03429115,0.03480794,0.00125455,11.8178,14.9930,0.8676,208.7320,5.3202,4991.3829,240.5957,12.7170,9.8041,2.5818,2.84,3.3563,4.9054,16.007,177.8754,0.2582,0.0,5.636364,62.633151,4.16126,29,188,6,10,0.74390005,0.04181848,0.03860046,0E-8,0.000000,0.722694,0.000000,0.01256549,2026-05-12,2026-08-02,47,1844,580,83,0.566265,1.297104,1.076088,2.479667,,,,,,,,GLOBAL_BASELINE_NO_ENTITY_RANKING,,,NOT_APPLICABLE_GLOBAL_BASELINE,HF9g-P5,,,,X 全窗基线 · 不参与实体赏罚,15059634,1506,A168_HF9F_20260827_0900,2026-08-27 09:00:00
2026-07-20,17529000,2213,0,22.4614669661,1.1618000155,1.1618000155,0.7500000,8,4,0.49941761942406690,0.499948100000,1.0023302022188896,1.0002076053883384,1.0023302022188896,-0.00053048057593310,ELIGIBLE,R03b_20260811_FULL_v1,L1_ELIGIBILITY,v2026-08-11,2026-03-21..2026-08-06,baccarat_bet02_101_all_pairs_incl_sentinel,round_win = game_pnl > 0 (decisive only),COMPATIBILITY_ONLY_NOT_PRODUCTION,234594.9955,169540.3402,9810.4062,19851,11308,-0.04181848,-0.03860046,-0.05116595,-0.04181848,-9810.4062,234594.9955,OK,0.0000,294.3122,3.0000,97.0000,AG03-UNRESOLVED,ALL5_LEVELS_bet23_to_bet27,294.3122,294.3122,294.3122,392.4162,490.5203,3.000000,3.000000,3.000000,4.000000,5.000000,97.000000,97.000000,97.000000,96.000000,95.000000,5.0,1765.8731,1644.6383,8044.5331,8165.7679,PENDING_AG03,FALSE,NOT_FOR_ENFORCEMENT,9516.0940,164454.1300,9810.4062,9516.0940,294.3122,0.04181848,0.04056393,294.3122,9516.0940,0.04056393,294.3122,294.3122,294.3122,392.4162,490.5203,9516.0940,0.04056393,1765.8731,1644.6383,8044.5331,8165.7679,0.03429115,0.03480794,0.00125455,11.8178,14.9930,0.8676,208.7320,5.3202,4991.3829,240.5957,12.7170,9.8041,2.5818,2.84,3.3563,4.9054,16.007,177.8754,0.2582,0.0,5.636364,62.633151,4.16126,29,188,6,10,0.74390005,0.04181848,0.03860046,0E-8,0.000000,0.722694,0.000000,0.01256549,2026-05-12,2026-08-02,47,1844,580,83,0.566265,1.297104,1.076088,2.479667,,,,,,,,GLOBAL_BASELINE_NO_ENTITY_RANKING,,,NOT_APPLICABLE_GLOBAL_BASELINE,HF9g-P5,,,,X 全窗基线 · 不参与实体赏罚,15059635,1506,A168_HF9F_20260827_0900,2026-08-27 09:00:00
2026-07-20,17529000,2216,0,5.6799111868,-0.5163555624,-0.5163555624,0E-7,2,1,0.50055742727268436,0.499948100000,-1.001115476689104,-0.9998962053866608,-1.001115476689104,0.00060932727268436,ELIGIBLE,R03b_20260811_FULL_v1,L1_ELIGIBILITY,v2026-08-11,2026-03-21..2026-08-06,baccarat_bet02_101_all_pairs_incl_sentinel,round_win = game_pnl > 0 (decisive only),COMPATIBILITY_ONLY_NOT_PRODUCTION,234594.9955,169540.3402,9810.4062,19851,11308,-0.04181848,-0.03860046,-0.05116595,-0.04181848,-9810.4062,234594.9955,OK,0.0000,294.3122,3.0000,97.0000,AG03-UNRESOLVED,ALL5_LEVELS_bet23_to_bet27,294.3122,294.3122,294.3122,392.4162,490.5203,3.000000,3.000000,3.000000,4.000000,5.000000,97.000000,97.000000,97.000000,96.000000,95.000000,5.0,1765.8731,1644.6383,8044.5331,8165.7679,PENDING_AG03,FALSE,NOT_FOR_ENFORCEMENT,9516.0940,164454.1300,9810.4062,9516.0940,294.3122,0.04181848,0.04056393,294.3122,9516.0940,0.04056393,294.3122,294.3122,294.3122,392.4162,490.5203,9516.0940,0.04056393,1765.8731,1644.6383,8044.5331,8165.7679,0.03429115,0.03480794,0.00125455,11.8178,14.9930,0.8676,208.7320,5.3202,4991.3829,240.5957,12.7170,9.8041,2.5818,2.84,3.3563,4.9054,16.007,177.8754,0.2582,0.0,5.636364,62.633151,4.16126,29,188,6,10,0.74390005,0.04181848,0.03860046,0E-8,0.000000,0.722694,0.000000,0.01256549,2026-05-12,2026-08-02,47,1844,580,83,0.566265,1.297104,1.076088,2.479667,,,,,,,,GLOBAL_BASELINE_NO_ENTITY_RANKING,,,NOT_APPLICABLE_GLOBAL_BASELINE,HF9g-P5,,,,X 全窗基线 · 不参与实体赏罚,15059636,1506,A168_HF9F_20260827_0900,2026-08-27 09:00:00
2026-07-20,17529000,2223,0,14.7161335295,-1.5490666873,-1.5490666873,0E-7,5,3,0.50275777575756746,0.502182300000,-1.4220353603824822,-1.4203995680682369,-1.4220353603824822,0.00057547575756746,ELIGIBLE,R03b_20260811_FULL_v1,L1_ELIGIBILITY,v2026-08-11,2026-03-21..2026-08-06,baccarat_bet02_101_all_pairs_incl_sentinel,round_win = game_pnl > 0 (decisive only),COMPATIBILITY_ONLY_NOT_PRODUCTION,234594.9955,169540.3402,9810.4062,19851,11308,-0.04181848,-0.03860046,-0.05116595,-0.04181848,-9810.4062,234594.9955,OK,0.0000,294.3122,3.0000,97.0000,AG03-UNRESOLVED,ALL5_LEVELS_bet23_to_bet27,294.3122,294.3122,294.3122,392.4162,490.5203,3.000000,3.000000,3.000000,4.000000,5.000000,97.000000,97.000000,97.000000,96.000000,95.000000,5.0,1765.8731,1644.6383,8044.5331,8165.7679,PENDING_AG03,FALSE,NOT_FOR_ENFORCEMENT,9516.0940,164454.1300,9810.4062,9516.0940,294.3122,0.04181848,0.04056393,294.3122,9516.0940,0.04056393,294.3122,294.3122,294.3122,392.4162,490.5203,9516.0940,0.04056393,1765.8731,1644.6383,8044.5331,8165.7679,0.03429115,0.03480794,0.00125455,11.8178,14.9930,0.8676,208.7320,5.3202,4991.3829,240.5957,12.7170,9.8041,2.5818,2.84,3.3563,4.9054,16.007,177.8754,0.2582,0.0,5.636364,62.633151,4.16126,29,188,6,10,0.74390005,0.04181848,0.03860046,0E-8,0.000000,0.722694,0.000000,0.01256549,2026-05-12,2026-08-02,47,1844,580,83,0.566265,1.297104,1.076088,2.479667,,,,,,,,GLOBAL_BASELINE_NO_ENTITY_RANKING,,,NOT_APPLICABLE_GLOBAL_BASELINE,HF9g-P5,,,,X 全窗基线 · 不参与实体赏罚,15059637,1506,A168_HF9F_20260827_0900,2026-08-27 09:00:00
2026-07-20,17529000,2230,0,5.9380889681,-0.7745333437,-0.7745333437,0E-7,2,1,0.50082235217395230,0.499948100000,-1.001646059101355,-0.9998962053866608,-1.001646059101355,0.00087425217395230,ELIGIBLE,R03b_20260811_FULL_v1,L1_ELIGIBILITY,v2026-08-11,2026-03-21..2026-08-06,baccarat_bet02_101_all_pairs_incl_sentinel,round_win = game_pnl > 0 (decisive only),COMPATIBILITY_ONLY_NOT_PRODUCTION,234594.9955,169540.3402,9810.4062,19851,11308,-0.04181848,-0.03860046,-0.05116595,-0.04181848,-9810.4062,234594.9955,OK,0.0000,294.3122,3.0000,97.0000,AG03-UNRESOLVED,ALL5_LEVELS_bet23_to_bet27,294.3122,294.3122,294.3122,392.4162,490.5203,3.000000,3.000000,3.000000,4.000000,5.000000,97.000000,97.000000,97.000000,96.000000,95.000000,5.0,1765.8731,1644.6383,8044.5331,8165.7679,PENDING_AG03,FALSE,NOT_FOR_ENFORCEMENT,9516.0940,164454.1300,9810.4062,9516.0940,294.3122,0.04181848,0.04056393,294.3122,9516.0940,0.04056393,294.3122,294.3122,294.3122,392.4162,490.5203,9516.0940,0.04056393,1765.8731,1644.6383,8044.5331,8165.7679,0.03429115,0.03480794,0.00125455,11.8178,14.9930,0.8676,208.7320,5.3202,4991.3829,240.5957,12.7170,9.8041,2.5818,2.84,3.3563,4.9054,16.007,177.8754,0.2582,0.0,5.636364,62.633151,4.16126,29,188,6,10,0.74390005,0.04181848,0.03860046,0E-8,0.000000,0.722694,0.000000,0.01256549,2026-05-12,2026-08-02,47,1844,580,83,0.566265,1.297104,1.076088,2.479667,,,,,,,,GLOBAL_BASELINE_NO_ENTITY_RANKING,,,NOT_APPLICABLE_GLOBAL_BASELINE,HF9g-P5,,,,X 全窗基线 · 不参与实体赏罚,15059638,1506,A168_HF9F_20260827_0900,2026-08-27 09:00:00
2026-07-20,17529000,2233,0,50.8610229001,0.3872666720,0.3872666720,0.5000000,18,9,0.50030337971138494,0.499948100000,-0.0017161751254686389,0.00029359073713029245,-0.0017161751254686389,0.00035527971138494,ELIGIBLE,R03b_20260811_FULL_v1,L1_ELIGIBILITY,v2026-08-11,2026-03-21..2026-08-06,baccarat_bet02_101_all_pairs_incl_sentinel,round_win = game_pnl > 0 (decisive only),COMPATIBILITY_ONLY_NOT_PRODUCTION,234594.9955,169540.3402,9810.4062,19851,11308,-0.04181848,-0.03860046,-0.05116595,-0.04181848,-9810.4062,234594.9955,OK,0.0000,294.3122,3.0000,97.0000,AG03-UNRESOLVED,ALL5_LEVELS_bet23_to_bet27,294.3122,294.3122,294.3122,392.4162,490.5203,3.000000,3.000000,3.000000,4.000000,5.000000,97.000000,97.000000,97.000000,96.000000,95.000000,5.0,1765.8731,1644.6383,8044.5331,8165.7679,PENDING_AG03,FALSE,NOT_FOR_ENFORCEMENT,9516.0940,164454.1300,9810.4062,9516.0940,294.3122,0.04181848,0.04056393,294.3122,9516.0940,0.04056393,294.3122,294.3122,294.3122,392.4162,490.5203,9516.0940,0.04056393,1765.8731,1644.6383,8044.5331,8165.7679,0.03429115,0.03480794,0.00125455,11.8178,14.9930,0.8676,208.7320,5.3202,4991.3829,240.5957,12.7170,9.8041,2.5818,2.84,3.3563,4.9054,16.007,177.8754,0.2582,0.0,5.636364,62.633151,4.16126,29,188,6,10,0.74390005,0.04181848,0.03860046,0E-8,0.000000,0.722694,0.000000,0.01256549,2026-05-12,2026-08-02,47,1844,580,83,0.566265,1.297104,1.076088,2.479667,,,,,,,,GLOBAL_BASELINE_NO_ENTITY_RANKING,,,NOT_APPLICABLE_GLOBAL_BASELINE,HF9g-P5,,,,X 全窗基线 · 不参与实体赏罚,15059639,1506,A168_HF9F_20260827_0900,2026-08-27 09:00:00
2026-07-20,17529000,2239,0,12.1343557173,0.5809000078,0.5809000078,0.5000000,4,2,0.50092302363634218,0.499948100000,-0.0026107095383220355,0.00014679536856514622,-0.0026107095383220355,0.00097492363634218,ELIGIBLE,R03b_20260811_FULL_v1,L1_ELIGIBILITY,v2026-08-11,2026-03-21..2026-08-06,baccarat_bet02_101_all_pairs_incl_sentinel,round_win = game_pnl > 0 (decisive only),COMPATIBILITY_ONLY_NOT_PRODUCTION,234594.9955,169540.3402,9810.4062,19851,11308,-0.04181848,-0.03860046,-0.05116595,-0.04181848,-9810.4062,234594.9955,OK,0.0000,294.3122,3.0000,97.0000,AG03-UNRESOLVED,ALL5_LEVELS_bet23_to_bet27,294.3122,294.3122,294.3122,392.4162,490.5203,3.000000,3.000000,3.000000,4.000000,5.000000,97.000000,97.000000,97.000000,96.000000,95.000000,5.0,1765.8731,1644.6383,8044.5331,8165.7679,PENDING_AG03,FALSE,NOT_FOR_ENFORCEMENT,9516.0940,164454.1300,9810.4062,9516.0940,294.3122,0.04181848,0.04056393,294.3122,9516.0940,0.04056393,294.3122,294.3122,294.3122,392.4162,490.5203,9516.0940,0.04056393,1765.8731,1644.6383,8044.5331,8165.7679,0.03429115,0.03480794,0.00125455,11.8178,14.9930,0.8676,208.7320,5.3202,4991.3829,240.5957,12.7170,9.8041,2.5818,2.84,3.3563,4.9054,16.007,177.8754,0.2582,0.0,5.636364,62.633151,4.16126,29,188,6,10,0.74390005,0.04181848,0.03860046,0E-8,0.000000,0.722694,0.000000,0.01256549,2026-05-12,2026-08-02,47,1844,580,83,0.566265,1.297104,1.076088,2.479667,,,,,,,,GLOBAL_BASELINE_NO_ENTITY_RANKING,,,NOT_APPLICABLE_GLOBAL_BASELINE,HF9g-P5,,,,X 全窗基线 · 不参与实体赏罚,15059640,1506,A168_HF9F_20260827_0900,2026-08-27 09:00:00
2026-07-20,17529000,2276,0,48.7956006505,2.1299666951,2.1299666951,0.1666667,14,8,0.50066474463562716,0.499948100000,-1.6362511782602818,-1.6327389136160748,-1.6362511782602818,0.00071664463562716,ELIGIBLE,R03b_20260811_FULL_v1,L1_ELIGIBILITY,v2026-08-11,2026-03-21..2026-08-06,baccarat_bet02_101_all_pairs_incl_sentinel,round_win = game_pnl > 0 (decisive only),COMPATIBILITY_ONLY_NOT_PRODUCTION,234594.9955,169540.3402,9810.4062,19851,11308,-0.04181848,-0.03860046,-0.05116595,-0.04181848,-9810.4062,234594.9955,OK,0.0000,294.3122,3.0000,97.0000,AG03-UNRESOLVED,ALL5_LEVELS_bet23_to_bet27,294.3122,294.3122,294.3122,392.4162,490.5203,3.000000,3.000000,3.000000,4.000000,5.000000,97.000000,97.000000,97.000000,96.000000,95.000000,5.0,1765.8731,1644.6383,8044.5331,8165.7679,PENDING_AG03,FALSE,NOT_FOR_ENFORCEMENT,9516.0940,164454.1300,9810.4062,9516.0940,294.3122,0.04181848,0.04056393,294.3122,9516.0940,0.04056393,294.3122,294.3122,294.3122,392.4162,490.5203,9516.0940,0.04056393,1765.8731,1644.6383,8044.5331,8165.7679,0.03429115,0.03480794,0.00125455,11.8178,14.9930,0.8676,208.7320,5.3202,4991.3829,240.5957,12.7170,9.8041,2.5818,2.84,3.3563,4.9054,16.007,177.8754,0.2582,0.0,5.636364,62.633151,4.16126,29,188,6,10,0.74390005,0.04181848,0.03860046,0E-8,0.000000,0.722694,0.000000,0.01256549,2026-05-12,2026-08-02,47,1844,580,83,0.566265,1.297104,1.076088,2.479667,,,,,,,,GLOBAL_BASELINE_NO_ENTITY_RANKING,,,NOT_APPLICABLE_GLOBAL_BASELINE,HF9g-P5,,,,X 全窗基线 · 不参与实体赏罚,15059641,1506,A168_HF9F_20260827_0900,2026-08-27 09:00:00
2026-07-20,17529000,2280,0,13.9416001859,1.4199777967,1.4199777967,0.3333333,5,3,0.50258010786750006,0.502182300000,-0.5862958309644389,-0.5849155494134426,-0.5862958309644389,0.00039780786750006,ELIGIBLE,R03b_20260811_FULL_v1,L1_ELIGIBILITY,v2026-08-11,2026-03-21..2026-08-06,baccarat_bet02_101_all_pairs_incl_sentinel,round_win = game_pnl > 0 (decisive only),COMPATIBILITY_ONLY_NOT_PRODUCTION,234594.9955,169540.3402,9810.4062,19851,11308,-0.04181848,-0.03860046,-0.05116595,-0.04181848,-9810.4062,234594.9955,OK,0.0000,294.3122,3.0000,97.0000,AG03-UNRESOLVED,ALL5_LEVELS_bet23_to_bet27,294.3122,294.3122,294.3122,392.4162,490.5203,3.000000,3.000000,3.000000,4.000000,5.000000,97.000000,97.000000,97.000000,96.000000,95.000000,5.0,1765.8731,1644.6383,8044.5331,8165.7679,PENDING_AG03,FALSE,NOT_FOR_ENFORCEMENT,9516.0940,164454.1300,9810.4062,9516.0940,294.3122,0.04181848,0.04056393,294.3122,9516.0940,0.04056393,294.3122,294.3122,294.3122,392.4162,490.5203,9516.0940,0.04056393,1765.8731,1644.6383,8044.5331,8165.7679,0.03429115,0.03480794,0.00125455,11.8178,14.9930,0.8676,208.7320,5.3202,4991.3829,240.5957,12.7170,9.8041,2.5818,2.84,3.3563,4.9054,16.007,177.8754,0.2582,0.0,5.636364,62.633151,4.16126,29,188,6,10,0.74390005,0.04181848,0.03860046,0E-8,0.000000,0.722694,0.000000,0.01256549,2026-05-12,2026-08-02,47,1844,580,83,0.566265,1.297104,1.076088,2.479667,,,,,,,,GLOBAL_BASELINE_NO_ENTITY_RANKING,,,NOT_APPLICABLE_GLOBAL_BASELINE,HF9g-P5,,,,X 全窗基线 · 不参与实体赏罚,15059642,1506,A168_HF9F_20260827_0900,2026-08-27 09:00:00
2026-07-20,17529000,2288,0,16.0070224356,4.2599333902,4.2599333902,0.6666667,5,3,0.50267682648221222,0.502182300000,0.5680856114287844,0.5697959874915164,0.5680856114287844,0.00049452648221222,ELIGIBLE,R03b_20260811_FULL_v1,L1_ELIGIBILITY,v2026-08-11,2026-03-21..2026-08-06,baccarat_bet02_101_all_pairs_incl_sentinel,round_win = game_pnl > 0 (decisive only),COMPATIBILITY_ONLY_NOT_PRODUCTION,234594.9955,169540.3402,9810.4062,19851,11308,-0.04181848,-0.03860046,-0.05116595,-0.04181848,-9810.4062,234594.9955,OK,0.0000,294.3122,3.0000,97.0000,AG03-UNRESOLVED,ALL5_LEVELS_bet23_to_bet27,294.3122,294.3122,294.3122,392.4162,490.5203,3.000000,3.000000,3.000000,4.000000,5.000000,97.000000,97.000000,97.000000,96.000000,95.000000,5.0,1765.8731,1644.6383,8044.5331,8165.7679,PENDING_AG03,FALSE,NOT_FOR_ENFORCEMENT,9516.0940,164454.1300,9810.4062,9516.0940,294.3122,0.04181848,0.04056393,294.3122,9516.0940,0.04056393,294.3122,294.3122,294.3122,392.4162,490.5203,9516.0940,0.04056393,1765.8731,1644.6383,8044.5331,8165.7679,0.03429115,0.03480794,0.00125455,11.8178,14.9930,0.8676,208.7320,5.3202,4991.3829,240.5957,12.7170,9.8041,2.5818,2.84,3.3563,4.9054,16.007,177.8754,0.2582,0.0,5.636364,62.633151,4.16126,29,188,6,10,0.74390005,0.04181848,0.03860046,0E-8,0.000000,0.722694,0.000000,0.01256549,2026-05-12,2026-08-02,47,1844,580,83,0.566265,1.297104,1.076088,2.479667,,,,,,,,GLOBAL_BASELINE_NO_ENTITY_RANKING,,,NOT_APPLICABLE_GLOBAL_BASELINE,HF9g-P5,,,,X 全窗基线 · 不参与实体赏罚,15059643,1506,A168_HF9F_20260827_0900,2026-08-27 09:00:00
2026-07-20,17529000,752,0,29.1740892779,0.2839955594,0.2839955594,0.6000000,10,5,0.50070692060983097,0.499948100000,0.44405259424242366,0.44744570176651083,0.44405259424242366,0.00075882060983097,ELIGIBLE,R03b_20260811_FULL_v1,L1_ELIGIBILITY,v2026-08-11,2026-03-21..2026-08-06,baccarat_bet02_101_all_pairs_incl_sentinel,round_win = game_pnl > 0 (decisive only),COMPATIBILITY_ONLY_NOT_PRODUCTION,234594.9955,169540.3402,9810.4062,19851,11308,-0.04181848,-0.03860046,-0.05116595,-0.04181848,-9810.4062,234594.9955,OK,0.0000,294.3122,3.0000,97.0000,AG03-UNRESOLVED,ALL5_LEVELS_bet23_to_bet27,294.3122,294.3122,294.3122,392.4162,490.5203,3.000000,3.000000,3.000000,4.000000,5.000000,97.000000,97.000000,97.000000,96.000000,95.000000,5.0,1765.8731,1644.6383,8044.5331,8165.7679,PENDING_AG03,FALSE,NOT_FOR_ENFORCEMENT,9516.0940,164454.1300,9810.4062,9516.0940,294.3122,0.04181848,0.04056393,294.3122,9516.0940,0.04056393,294.3122,294.3122,294.3122,392.4162,490.5203,9516.0940,0.04056393,1765.8731,1644.6383,8044.5331,8165.7679,0.03429115,0.03480794,0.00125455,11.8178,14.9930,0.8676,208.7320,5.3202,4991.3829,240.5957,12.7170,9.8041,2.5818,2.84,3.3563,4.9054,16.007,177.8754,0.2582,0.0,5.636364,62.633151,4.16126,29,188,6,10,0.74390005,0.04181848,0.03860046,0E-8,0.000000,0.722694,0.000000,0.01256549,2026-05-12,2026-08-02,47,1844,580,83,0.566265,1.297104,1.076088,2.479667,,,,,,,,GLOBAL_BASELINE_NO_ENTITY_RANKING,,,NOT_APPLICABLE_GLOBAL_BASELINE,HF9g-P5,,,,X 全窗基线 · 不参与实体赏罚,15059644,1506,A168_HF9F_20260827_0900,2026-08-27 09:00:00
2026-07-20,17529000,919,0,254.8214700643,-148.1036841969,-148.1036841969,0.1111111,16,11,0.50400769500937164,0.503604063636,-2.357455233702839,-2.355018895918727,-2.357455233702839,0.00040363137337164,ELIGIBLE,R03b_20260811_FULL_v1,L1_ELIGIBILITY,v2026-08-11,2026-03-21..2026-08-06,baccarat_bet02_101_all_pairs_incl_sentinel,round_win = game_pnl > 0 (decisive only),COMPATIBILITY_ONLY_NOT_PRODUCTION,234594.9955,169540.3402,9810.4062,19851,11308,-0.04181848,-0.03860046,-0.05116595,-0.04181848,-9810.4062,234594.9955,OK,0.0000,294.3122,3.0000,97.0000,AG03-UNRESOLVED,ALL5_LEVELS_bet23_to_bet27,294.3122,294.3122,294.3122,392.4162,490.5203,3.000000,3.000000,3.000000,4.000000,5.000000,97.000000,97.000000,97.000000,96.000000,95.000000,5.0,1765.8731,1644.6383,8044.5331,8165.7679,PENDING_AG03,FALSE,NOT_FOR_ENFORCEMENT,9516.0940,164454.1300,9810.4062,9516.0940,294.3122,0.04181848,0.04056393,294.3122,9516.0940,0.04056393,294.3122,294.3122,294.3122,392.4162,490.5203,9516.0940,0.04056393,1765.8731,1644.6383,8044.5331,8165.7679,0.03429115,0.03480794,0.00125455,11.8178,14.9930,0.8676,208.7320,5.3202,4991.3829,240.5957,12.7170,9.8041,2.5818,2.84,3.3563,4.9054,16.007,177.8754,0.2582,0.0,5.636364,62.633151,4.16126,29,188,6,10,0.74390005,0.04181848,0.03860046,0E-8,0.000000,0.722694,0.000000,0.01256549,2026-05-12,2026-08-02,47,1844,580,83,0.566265,1.297104,1.076088,2.479667,,,,,,,,GLOBAL_BASELINE_NO_ENTITY_RANKING,,,NOT_APPLICABLE_GLOBAL_BASELINE,HF9g-P5,,,,X 全窗基线 · 不参与实体赏罚,15059645,1506,A168_HF9F_20260827_0900,2026-08-27 09:00:00
2026-07-20,17529000,925,0,11.1016445924,0.1032711125,0.1032711125,0.5000000,4,2,0.50041234935061612,0.499948100000,-0.001166300484770956,0.00014679536856514622,-0.001166300484770956,0.00046424935061612,ELIGIBLE,R03b_20260811_FULL_v1,L1_ELIGIBILITY,v2026-08-11,2026-03-21..2026-08-06,baccarat_bet02_101_all_pairs_incl_sentinel,round_win = game_pnl > 0 (decisive only),COMPATIBILITY_ONLY_NOT_PRODUCTION,234594.9955,169540.3402,9810.4062,19851,11308,-0.04181848,-0.03860046,-0.05116595,-0.04181848,-9810.4062,234594.9955,OK,0.0000,294.3122,3.0000,97.0000,AG03-UNRESOLVED,ALL5_LEVELS_bet23_to_bet27,294.3122,294.3122,294.3122,392.4162,490.5203,3.000000,3.000000,3.000000,4.000000,5.000000,97.000000,97.000000,97.000000,96.000000,95.000000,5.0,1765.8731,1644.6383,8044.5331,8165.7679,PENDING_AG03,FALSE,NOT_FOR_ENFORCEMENT,9516.0940,164454.1300,9810.4062,9516.0940,294.3122,0.04181848,0.04056393,294.3122,9516.0940,0.04056393,294.3122,294.3122,294.3122,392.4162,490.5203,9516.0940,0.04056393,1765.8731,1644.6383,8044.5331,8165.7679,0.03429115,0.03480794,0.00125455,11.8178,14.9930,0.8676,208.7320,5.3202,4991.3829,240.5957,12.7170,9.8041,2.5818,2.84,3.3563,4.9054,16.007,177.8754,0.2582,0.0,5.636364,62.633151,4.16126,29,188,6,10,0.74390005,0.04181848,0.03860046,0E-8,0.000000,0.722694,0.000000,0.01256549,2026-05-12,2026-08-02,47,1844,580,83,0.566265,1.297104,1.076088,2.479667,,,,,,,,GLOBAL_BASELINE_NO_ENTITY_RANKING,,,NOT_APPLICABLE_GLOBAL_BASELINE,HF9g-P5,,,,X 全窗基线 · 不参与实体赏罚,15059646,1506,A168_HF9F_20260827_0900,2026-08-27 09:00:00
2026-07-20,17529000,970,0,33.8212893398,1.5877933547,1.5877933547,0.8333333,12,6,0.50010284978353871,0.499948100000,1.6324893374130003,1.6332474276894162,1.6324893374130003,0.00015474978353871,ELIGIBLE,R03b_20260811_FULL_v1,L1_ELIGIBILITY,v2026-08-11,2026-03-21..2026-08-06,baccarat_bet02_101_all_pairs_incl_sentinel,round_win = game_pnl > 0 (decisive only),COMPATIBILITY_ONLY_NOT_PRODUCTION,234594.9955,169540.3402,9810.4062,19851,11308,-0.04181848,-0.03860046,-0.05116595,-0.04181848,-9810.4062,234594.9955,OK,0.0000,294.3122,3.0000,97.0000,AG03-UNRESOLVED,ALL5_LEVELS_bet23_to_bet27,294.3122,294.3122,294.3122,392.4162,490.5203,3.000000,3.000000,3.000000,4.000000,5.000000,97.000000,97.000000,97.000000,96.000000,95.000000,5.0,1765.8731,1644.6383,8044.5331,8165.7679,PENDING_AG03,FALSE,NOT_FOR_ENFORCEMENT,9516.0940,164454.1300,9810.4062,9516.0940,294.3122,0.04181848,0.04056393,294.3122,9516.0940,0.04056393,294.3122,294.3122,294.3122,392.4162,490.5203,9516.0940,0.04056393,1765.8731,1644.6383,8044.5331,8165.7679,0.03429115,0.03480794,0.00125455,11.8178,14.9930,0.8676,208.7320,5.3202,4991.3829,240.5957,12.7170,9.8041,2.5818,2.84,3.3563,4.9054,16.007,177.8754,0.2582,0.0,5.636364,62.633151,4.16126,29,188,6,10,0.74390005,0.04181848,0.03860046,0E-8,0.000000,0.722694,0.000000,0.01256549,2026-05-12,2026-08-02,47,1844,580,83,0.566265,1.297104,1.076088,2.479667,,,,,,,,GLOBAL_BASELINE_NO_ENTITY_RANKING,,,NOT_APPLICABLE_GLOBAL_BASELINE,HF9g-P5,,,,X 全窗基线 · 不参与实体赏罚,15059647,1506,A168_HF9F_20260827_0900,2026-08-27 09:00:00
2026-07-20,17529000,994,0,26.8504892468,2.9948622622,2.9948622622,0.5000000,9,5,0.50199671239725343,0.501288620000,-0.007986913274684091,-0.0051544971185412255,-0.007986913274684091,0.00070809239725343,ELIGIBLE,R03b_20260811_FULL_v1,L1_ELIGIBILITY,v2026-08-11,2026-03-21..2026-08-06,baccarat_bet02_101_all_pairs_incl_sentinel,round_win = game_pnl > 0 (decisive only),COMPATIBILITY_ONLY_NOT_PRODUCTION,234594.9955,169540.3402,9810.4062,19851,11308,-0.04181848,-0.03860046,-0.05116595,-0.04181848,-9810.4062,234594.9955,OK,0.0000,294.3122,3.0000,97.0000,AG03-UNRESOLVED,ALL5_LEVELS_bet23_to_bet27,294.3122,294.3122,294.3122,392.4162,490.5203,3.000000,3.000000,3.000000,4.000000,5.000000,97.000000,97.000000,97.000000,96.000000,95.000000,5.0,1765.8731,1644.6383,8044.5331,8165.7679,PENDING_AG03,FALSE,NOT_FOR_ENFORCEMENT,9516.0940,164454.1300,9810.4062,9516.0940,294.3122,0.04181848,0.04056393,294.3122,9516.0940,0.04056393,294.3122,294.3122,294.3122,392.4162,490.5203,9516.0940,0.04056393,1765.8731,1644.6383,8044.5331,8165.7679,0.03429115,0.03480794,0.00125455,11.8178,14.9930,0.8676,208.7320,5.3202,4991.3829,240.5957,12.7170,9.8041,2.5818,2.84,3.3563,4.9054,16.007,177.8754,0.2582,0.0,5.636364,62.633151,4.16126,29,188,6,10,0.74390005,0.04181848,0.03860046,0E-8,0.000000,0.722694,0.000000,0.01256549,2026-05-12,2026-08-02,47,1844,580,83,0.566265,1.297104,1.076088,2.479667,,,,,,,,GLOBAL_BASELINE_NO_ENTITY_RANKING,,,NOT_APPLICABLE_GLOBAL_BASELINE,HF9g-P5,,,,X 全窗基线 · 不参与实体赏罚,15059648,1506,A168_HF9F_20260827_0900,2026-08-27 09:00:00
2026-07-21,17529000,-1,1,426.5096945749,10.1851134701,10.1851134701,0.4385965,125,66,0.50094830171171917,0.500455872727,-0.9414933851084483,-0.9340565654015869,-0.9414933851084483,0.00049242898471917,SENTINEL_DEALER,R03b_20260811_FULL_v1,L1_ELIGIBILITY,v2026-08-11,2026-03-21..2026-08-06,baccarat_bet02_101_all_pairs_incl_sentinel,round_win = game_pnl > 0 (decisive only),COMPATIBILITY_ONLY_NOT_PRODUCTION,234594.9955,169540.3402,9810.4062,19851,11308,-0.04181848,-0.03860046,-0.05116595,-0.04181848,-9810.4062,234594.9955,OK,0.0000,294.3122,3.0000,97.0000,AG03-UNRESOLVED,ALL5_LEVELS_bet23_to_bet27,294.3122,294.3122,294.3122,392.4162,490.5203,3.000000,3.000000,3.000000,4.000000,5.000000,97.000000,97.000000,97.000000,96.000000,95.000000,5.0,1765.8731,1644.6383,8044.5331,8165.7679,PENDING_AG03,FALSE,NOT_FOR_ENFORCEMENT,9516.0940,164454.1300,9810.4062,9516.0940,294.3122,0.04181848,0.04056393,294.3122,9516.0940,0.04056393,294.3122,294.3122,294.3122,392.4162,490.5203,9516.0940,0.04056393,1765.8731,1644.6383,8044.5331,8165.7679,0.03429115,0.03480794,0.00125455,11.8178,14.9930,0.8676,208.7320,5.3202,4991.3829,240.5957,12.7170,9.8041,2.5818,2.84,3.3563,4.9054,16.007,177.8754,0.2582,0.0,5.636364,62.633151,4.16126,29,188,6,10,0.74390005,0.04181848,0.03860046,0E-8,0.000000,0.722694,0.000000,0.01256549,2026-05-12,2026-08-02,47,1844,580,83,0.566265,1.297104,1.076088,2.479667,,,,,,,,GLOBAL_BASELINE_NO_ENTITY_RANKING,,,NOT_APPLICABLE_GLOBAL_BASELINE,HF9g-P5,,,,X 全窗基线 · 不参与实体赏罚,15059649,1506,A168_HF9F_20260827_0900,2026-08-27 09:00:00
2026-07-21,17529000,1017,0,16.5233779980,0.2194511141,0.2194511141,0.6666667,6,3,0.50036399004326004,0.499948100000,0.5760895233436583,0.5775300591747329,0.5760895233436583,0.00041589004326004,ELIGIBLE,R03b_20260811_FULL_v1,L1_ELIGIBILITY,v2026-08-11,2026-03-21..2026-08-06,baccarat_bet02_101_all_pairs_incl_sentinel,round_win = game_pnl > 0 (decisive only),COMPATIBILITY_ONLY_NOT_PRODUCTION,234594.9955,169540.3402,9810.4062,19851,11308,-0.04181848,-0.03860046,-0.05116595,-0.04181848,-9810.4062,234594.9955,OK,0.0000,294.3122,3.0000,97.0000,AG03-UNRESOLVED,ALL5_LEVELS_bet23_to_bet27,294.3122,294.3122,294.3122,392.4162,490.5203,3.000000,3.000000,3.000000,4.000000,5.000000,97.000000,97.000000,97.000000,96.000000,95.000000,5.0,1765.8731,1644.6383,8044.5331,8165.7679,PENDING_AG03,FALSE,NOT_FOR_ENFORCEMENT,9516.0940,164454.1300,9810.4062,9516.0940,294.3122,0.04181848,0.04056393,294.3122,9516.0940,0.04056393,294.3122,294.3122,294.3122,392.4162,490.5203,9516.0940,0.04056393,1765.8731,1644.6383,8044.5331,8165.7679,0.03429115,0.03480794,0.00125455,11.8178,14.9930,0.8676,208.7320,5.3202,4991.3829,240.5957,12.7170,9.8041,2.5818,2.84,3.3563,4.9054,16.007,177.8754,0.2582,0.0,5.636364,62.633151,4.16126,29,188,6,10,0.74390005,0.04181848,0.03860046,0E-8,0.000000,0.722694,0.000000,0.01256549,2026-05-12,2026-08-02,47,1844,580,83,0.566265,1.297104,1.076088,2.479667,,,,,,,,GLOBAL_BASELINE_NO_ENTITY_RANKING,,,NOT_APPLICABLE_GLOBAL_BASELINE,HF9g-P5,,,,X 全窗基线 · 不参与实体赏罚,15059650,1506,A168_HF9F_20260827_0900,2026-08-27 09:00:00
2026-07-21,17529000,1151,0,23.2360003097,1.5619755764,1.5619755764,0.7500000,8,4,0.50066768649347915,0.499948100000,0.9973301432565146,1.0002076053883384,0.9973301432565146,0.00071958649347915,ELIGIBLE,R03b_20260811_FULL_v1,L1_ELIGIBILITY,v2026-08-11,2026-03-21..2026-08-06,baccarat_bet02_101_all_pairs_incl_sentinel,round_win = game_pnl > 0 (decisive only),COMPATIBILITY_ONLY_NOT_PRODUCTION,234594.9955,169540.3402,9810.4062,19851,11308,-0.04181848,-0.03860046,-0.05116595,-0.04181848,-9810.4062,234594.9955,OK,0.0000,294.3122,3.0000,97.0000,AG03-UNRESOLVED,ALL5_LEVELS_bet23_to_bet27,294.3122,294.3122,294.3122,392.4162,490.5203,3.000000,3.000000,3.000000,4.000000,5.000000,97.000000,97.000000,97.000000,96.000000,95.000000,5.0,1765.8731,1644.6383,8044.5331,8165.7679,PENDING_AG03,FALSE,NOT_FOR_ENFORCEMENT,9516.0940,164454.1300,9810.4062,9516.0940,294.3122,0.04181848,0.04056393,294.3122,9516.0940,0.04056393,294.3122,294.3122,294.3122,392.4162,490.5203,9516.0940,0.04056393,1765.8731,1644.6383,8044.5331,8165.7679,0.03429115,0.03480794,0.00125455,11.8178,14.9930,0.8676,208.7320,5.3202,4991.3829,240.5957,12.7170,9.8041,2.5818,2.84,3.3563,4.9054,16.007,177.8754,0.2582,0.0,5.636364,62.633151,4.16126,29,188,6,10,0.74390005,0.04181848,0.03860046,0E-8,0.000000,0.722694,0.000000,0.01256549,2026-05-12,2026-08-02,47,1844,580,83,0.566265,1.297104,1.076088,2.479667,,,,,,,,GLOBAL_BASELINE_NO_ENTITY_RANKING,,,NOT_APPLICABLE_GLOBAL_BASELINE,HF9g-P5,,,,X 全窗基线 · 不参与实体赏罚,15059651,1506,A168_HF9F_20260827_0900,2026-08-27 09:00:00
2026-07-21,17529000,1185,0,14.7161335295,0E-10,0E-10,,3,2,0.50360406363634218,0.503299400000,,,,0.00030466363634218,NO_DECISIVE_ROUND,R03b_20260811_FULL_v1,L1_ELIGIBILITY,v2026-08-11,2026-03-21..2026-08-06,baccarat_bet02_101_all_pairs_incl_sentinel,round_win = game_pnl > 0 (decisive only),COMPATIBILITY_ONLY_NOT_PRODUCTION,234594.9955,169540.3402,9810.4062,19851,11308,-0.04181848,-0.03860046,-0.05116595,-0.04181848,-9810.4062,234594.9955,OK,0.0000,294.3122,3.0000,97.0000,AG03-UNRESOLVED,ALL5_LEVELS_bet23_to_bet27,294.3122,294.3122,294.3122,392.4162,490.5203,3.000000,3.000000,3.000000,4.000000,5.000000,97.000000,97.000000,97.000000,96.000000,95.000000,5.0,1765.8731,1644.6383,8044.5331,8165.7679,PENDING_AG03,FALSE,NOT_FOR_ENFORCEMENT,9516.0940,164454.1300,9810.4062,9516.0940,294.3122,0.04181848,0.04056393,294.3122,9516.0940,0.04056393,294.3122,294.3122,294.3122,392.4162,490.5203,9516.0940,0.04056393,1765.8731,1644.6383,8044.5331,8165.7679,0.03429115,0.03480794,0.00125455,11.8178,14.9930,0.8676,208.7320,5.3202,4991.3829,240.5957,12.7170,9.8041,2.5818,2.84,3.3563,4.9054,16.007,177.8754,0.2582,0.0,5.636364,62.633151,4.16126,29,188,6,10,0.74390005,0.04181848,0.03860046,0E-8,0.000000,0.722694,0.000000,0.01256549,2026-05-12,2026-08-02,47,1844,580,83,0.566265,1.297104,1.076088,2.479667,,,,,,,,GLOBAL_BASELINE_NO_ENTITY_RANKING,,,NOT_APPLICABLE_GLOBAL_BASELINE,HF9g-P5,,,,X 全窗基线 · 不参与实体赏罚,15059652,1506,A168_HF9F_20260827_0900,2026-08-27 09:00:00
2026-07-21,17529000,1205,0,5.6799111868,0.3614488937,0.3614488937,1.0000000,2,1,0.50055742727268436,0.499948100000,0.9988857662127119,1.0001038053877793,0.9988857662127119,0.00060932727268436,ELIGIBLE,R03b_20260811_FULL_v1,L1_ELIGIBILITY,v2026-08-11,2026-03-21..2026-08-06,baccarat_bet02_101_all_pairs_incl_sentinel,round_win = game_pnl > 0 (decisive only),COMPATIBILITY_ONLY_NOT_PRODUCTION,234594.9955,169540.3402,9810.4062,19851,11308,-0.04181848,-0.03860046,-0.05116595,-0.04181848,-9810.4062,234594.9955,OK,0.0000,294.3122,3.0000,97.0000,AG03-UNRESOLVED,ALL5_LEVELS_bet23_to_bet27,294.3122,294.3122,294.3122,392.4162,490.5203,3.000000,3.000000,3.000000,4.000000,5.000000,97.000000,97.000000,97.000000,96.000000,95.000000,5.0,1765.8731,1644.6383,8044.5331,8165.7679,PENDING_AG03,FALSE,NOT_FOR_ENFORCEMENT,9516.0940,164454.1300,9810.4062,9516.0940,294.3122,0.04181848,0.04056393,294.3122,9516.0940,0.04056393,294.3122,294.3122,294.3122,392.4162,490.5203,9516.0940,0.04056393,1765.8731,1644.6383,8044.5331,8165.7679,0.03429115,0.03480794,0.00125455,11.8178,14.9930,0.8676,208.7320,5.3202,4991.3829,240.5957,12.7170,9.8041,2.5818,2.84,3.3563,4.9054,16.007,177.8754,0.2582,0.0,5.636364,62.633151,4.16126,29,188,6,10,0.74390005,0.04181848,0.03860046,0E-8,0.000000,0.722694,0.000000,0.01256549,2026-05-12,2026-08-02,47,1844,580,83,0.566265,1.297104,1.076088,2.479667,,,,,,,,GLOBAL_BASELINE_NO_ENTITY_RANKING,,,NOT_APPLICABLE_GLOBAL_BASELINE,HF9g-P5,,,,X 全窗基线 · 不参与实体赏罚,15059653,1506,A168_HF9F_20260827_0900,2026-08-27 09:00:00
2026-07-21,17529000,1307,0,5.4217334056,-0.2581777812,-0.2581777812,0E-7,2,1,0.50026727142854788,0.499948100000,-1.0005346858015285,-0.9998962053866608,-1.0005346858015285,0.00031917142854788,ELIGIBLE,R03b_20260811_FULL_v1,L1_ELIGIBILITY,v2026-08-11,2026-03-21..2026-08-06,baccarat_bet02_101_all_pairs_incl_sentinel,round_win = game_pnl > 0 (decisive only),COMPATIBILITY_ONLY_NOT_PRODUCTION,234594.9955,169540.3402,9810.4062,19851,11308,-0.04181848,-0.03860046,-0.05116595,-0.04181848,-9810.4062,234594.9955,OK,0.0000,294.3122,3.0000,97.0000,AG03-UNRESOLVED,ALL5_LEVELS_bet23_to_bet27,294.3122,294.3122,294.3122,392.4162,490.5203,3.000000,3.000000,3.000000,4.000000,5.000000,97.000000,97.000000,97.000000,96.000000,95.000000,5.0,1765.8731,1644.6383,8044.5331,8165.7679,PENDING_AG03,FALSE,NOT_FOR_ENFORCEMENT,9516.0940,164454.1300,9810.4062,9516.0940,294.3122,0.04181848,0.04056393,294.3122,9516.0940,0.04056393,294.3122,294.3122,294.3122,392.4162,490.5203,9516.0940,0.04056393,1765.8731,1644.6383,8044.5331,8165.7679,0.03429115,0.03480794,0.00125455,11.8178,14.9930,0.8676,208.7320,5.3202,4991.3829,240.5957,12.7170,9.8041,2.5818,2.84,3.3563,4.9054,16.007,177.8754,0.2582,0.0,5.636364,62.633151,4.16126,29,188,6,10,0.74390005,0.04181848,0.03860046,0E-8,0.000000,0.722694,0.000000,0.01256549,2026-05-12,2026-08-02,47,1844,580,83,0.566265,1.297104,1.076088,2.479667,,,,,,,,GLOBAL_BASELINE_NO_ENTITY_RANKING,,,NOT_APPLICABLE_GLOBAL_BASELINE,HF9g-P5,,,,X 全窗基线 · 不参与实体赏罚,15059654,1506,A168_HF9F_20260827_0900,2026-08-27 09:00:00
2026-07-21,17529000,1330,0,17.0397335605,-0.2581777811,-0.2581777811,0.3333333,6,3,0.49934718304160515,0.499948100000,-0.575089335081492,-0.5771704854251445,-0.575089335081492,-0.00060091695839485,ELIGIBLE,R03b_20260811_FULL_v1,L1_ELIGIBILITY,v2026-08-11,2026-03-21..2026-08-06,baccarat_bet02_101_all_pairs_incl_sentinel,round_win = game_pnl > 0 (decisive only),COMPATIBILITY_ONLY_NOT_PRODUCTION,234594.9955,169540.3402,9810.4062,19851,11308,-0.04181848,-0.03860046,-0.05116595,-0.04181848,-9810.4062,234594.9955,OK,0.0000,294.3122,3.0000,97.0000,AG03-UNRESOLVED,ALL5_LEVELS_bet23_to_bet27,294.3122,294.3122,294.3122,392.4162,490.5203,3.000000,3.000000,3.000000,4.000000,5.000000,97.000000,97.000000,97.000000,96.000000,95.000000,5.0,1765.8731,1644.6383,8044.5331,8165.7679,PENDING_AG03,FALSE,NOT_FOR_ENFORCEMENT,9516.0940,164454.1300,9810.4062,9516.0940,294.3122,0.04181848,0.04056393,294.3122,9516.0940,0.04056393,294.3122,294.3122,294.3122,392.4162,490.5203,9516.0940,0.04056393,1765.8731,1644.6383,8044.5331,8165.7679,0.03429115,0.03480794,0.00125455,11.8178,14.9930,0.8676,208.7320,5.3202,4991.3829,240.5957,12.7170,9.8041,2.5818,2.84,3.3563,4.9054,16.007,177.8754,0.2582,0.0,5.636364,62.633151,4.16126,29,188,6,10,0.74390005,0.04181848,0.03860046,0E-8,0.000000,0.722694,0.000000,0.01256549,2026-05-12,2026-08-02,47,1844,580,83,0.566265,1.297104,1.076088,2.479667,,,,,,,,GLOBAL_BASELINE_NO_ENTITY_RANKING,,,NOT_APPLICABLE_GLOBAL_BASELINE,HF9g-P5,,,,X 全窗基线 · 不参与实体赏罚,15059655,1506,A168_HF9F_20260827_0900,2026-08-27 09:00:00
2026-07-21,17529000,1331,0,28.3995559342,1.6136111328,1.6136111328,0.8000000,10,5,0.50009103329191558,0.499948100000,1.3412336954717652,1.3418728975849028,1.3412336954717652,0.00014293329191558,ELIGIBLE,R03b_20260811_FULL_v1,L1_ELIGIBILITY,v2026-08-11,2026-03-21..2026-08-06,baccarat_bet02_101_all_pairs_incl_sentinel,round_win = game_pnl > 0 (decisive only),COMPATIBILITY_ONLY_NOT_PRODUCTION,234594.9955,169540.3402,9810.4062,19851,11308,-0.04181848,-0.03860046,-0.05116595,-0.04181848,-9810.4062,234594.9955,OK,0.0000,294.3122,3.0000,97.0000,AG03-UNRESOLVED,ALL5_LEVELS_bet23_to_bet27,294.3122,294.3122,294.3122,392.4162,490.5203,3.000000,3.000000,3.000000,4.000000,5.000000,97.000000,97.000000,97.000000,96.000000,95.000000,5.0,1765.8731,1644.6383,8044.5331,8165.7679,PENDING_AG03,FALSE,NOT_FOR_ENFORCEMENT,9516.0940,164454.1300,9810.4062,9516.0940,294.3122,0.04181848,0.04056393,294.3122,9516.0940,0.04056393,294.3122,294.3122,294.3122,392.4162,490.5203,9516.0940,0.04056393,1765.8731,1644.6383,8044.5331,8165.7679,0.03429115,0.03480794,0.00125455,11.8178,14.9930,0.8676,208.7320,5.3202,4991.3829,240.5957,12.7170,9.8041,2.5818,2.84,3.3563,4.9054,16.007,177.8754,0.2582,0.0,5.636364,62.633151,4.16126,29,188,6,10,0.74390005,0.04181848,0.03860046,0E-8,0.000000,0.722694,0.000000,0.01256549,2026-05-12,2026-08-02,47,1844,580,83,0.566265,1.297104,1.076088,2.479667,,,,,,,,GLOBAL_BASELINE_NO_ENTITY_RANKING,,,NOT_APPLICABLE_GLOBAL_BASELINE,HF9g-P5,,,,X 全窗基线 · 不参与实体赏罚,15059656,1506,A168_HF9F_20260827_0900,2026-08-27 09:00:00
2026-07-21,17529000,1346,0,17.8142669041,0.0645444454,0.0645444454,0.3333333,6,3,0.50080115818178957,0.499948100000,-0.580126307254905,-0.5771704854251445,-0.580126307254905,0.00085305818178957,ELIGIBLE,R03b_20260811_FULL_v1,L1_ELIGIBILITY,v2026-08-11,2026-03-21..2026-08-06,baccarat_bet02_101_all_pairs_incl_sentinel,round_win = game_pnl > 0 (decisive only),COMPATIBILITY_ONLY_NOT_PRODUCTION,234594.9955,169540.3402,9810.4062,19851,11308,-0.04181848,-0.03860046,-0.05116595,-0.04181848,-9810.4062,234594.9955,OK,0.0000,294.3122,3.0000,97.0000,AG03-UNRESOLVED,ALL5_LEVELS_bet23_to_bet27,294.3122,294.3122,294.3122,392.4162,490.5203,3.000000,3.000000,3.000000,4.000000,5.000000,97.000000,97.000000,97.000000,96.000000,95.000000,5.0,1765.8731,1644.6383,8044.5331,8165.7679,PENDING_AG03,FALSE,NOT_FOR_ENFORCEMENT,9516.0940,164454.1300,9810.4062,9516.0940,294.3122,0.04181848,0.04056393,294.3122,9516.0940,0.04056393,294.3122,294.3122,294.3122,392.4162,490.5203,9516.0940,0.04056393,1765.8731,1644.6383,8044.5331,8165.7679,0.03429115,0.03480794,0.00125455,11.8178,14.9930,0.8676,208.7320,5.3202,4991.3829,240.5957,12.7170,9.8041,2.5818,2.84,3.3563,4.9054,16.007,177.8754,0.2582,0.0,5.636364,62.633151,4.16126,29,188,6,10,0.74390005,0.04181848,0.03860046,0E-8,0.000000,0.722694,0.000000,0.01256549,2026-05-12,2026-08-02,47,1844,580,83,0.566265,1.297104,1.076088,2.479667,,,,,,,,GLOBAL_BASELINE_NO_ENTITY_RANKING,,,NOT_APPLICABLE_GLOBAL_BASELINE,HF9g-P5,,,,X 全窗基线 · 不参与实体赏罚,15059657,1506,A168_HF9F_20260827_0900,2026-08-27 09:00:00
2026-07-21,17529000,1353,0,5.4217334056,-0.2581777812,-0.2581777812,0E-7,2,1,0.50026727142854788,0.499948100000,-1.0005346858015285,-0.9998962053866608,-1.0005346858015285,0.00031917142854788,ELIGIBLE,R03b_20260811_FULL_v1,L1_ELIGIBILITY,v2026-08-11,2026-03-21..2026-08-06,baccarat_bet02_101_all_pairs_incl_sentinel,round_win = game_pnl > 0 (decisive only),COMPATIBILITY_ONLY_NOT_PRODUCTION,234594.9955,169540.3402,9810.4062,19851,11308,-0.04181848,-0.03860046,-0.05116595,-0.04181848,-9810.4062,234594.9955,OK,0.0000,294.3122,3.0000,97.0000,AG03-UNRESOLVED,ALL5_LEVELS_bet23_to_bet27,294.3122,294.3122,294.3122,392.4162,490.5203,3.000000,3.000000,3.000000,4.000000,5.000000,97.000000,97.000000,97.000000,96.000000,95.000000,5.0,1765.8731,1644.6383,8044.5331,8165.7679,PENDING_AG03,FALSE,NOT_FOR_ENFORCEMENT,9516.0940,164454.1300,9810.4062,9516.0940,294.3122,0.04181848,0.04056393,294.3122,9516.0940,0.04056393,294.3122,294.3122,294.3122,392.4162,490.5203,9516.0940,0.04056393,1765.8731,1644.6383,8044.5331,8165.7679,0.03429115,0.03480794,0.00125455,11.8178,14.9930,0.8676,208.7320,5.3202,4991.3829,240.5957,12.7170,9.8041,2.5818,2.84,3.3563,4.9054,16.007,177.8754,0.2582,0.0,5.636364,62.633151,4.16126,29,188,6,10,0.74390005,0.04181848,0.03860046,0E-8,0.000000,0.722694,0.000000,0.01256549,2026-05-12,2026-08-02,47,1844,580,83,0.566265,1.297104,1.076088,2.479667,,,,,,,,GLOBAL_BASELINE_NO_ENTITY_RANKING,,,NOT_APPLICABLE_GLOBAL_BASELINE,HF9g-P5,,,,X 全窗基线 · 不参与实体赏罚,15059658,1506,A168_HF9F_20260827_0900,2026-08-27 09:00:00
2026-07-21,17529000,1374,0,73.5806676476,8.0809645522,8.0809645522,0.3333333,22,12,0.49914959321946386,0.498831000000,-0.9948989983232045,-0.9929887139630086,-0.9948989983232045,0.00031859321946386,ELIGIBLE,R03b_20260811_FULL_v1,L1_ELIGIBILITY,v2026-08-11,2026-03-21..2026-08-06,baccarat_bet02_101_all_pairs_incl_sentinel,round_win = game_pnl > 0 (decisive only),COMPATIBILITY_ONLY_NOT_PRODUCTION,234594.9955,169540.3402,9810.4062,19851,11308,-0.04181848,-0.03860046,-0.05116595,-0.04181848,-9810.4062,234594.9955,OK,0.0000,294.3122,3.0000,97.0000,AG03-UNRESOLVED,ALL5_LEVELS_bet23_to_bet27,294.3122,294.3122,294.3122,392.4162,490.5203,3.000000,3.000000,3.000000,4.000000,5.000000,97.000000,97.000000,97.000000,96.000000,95.000000,5.0,1765.8731,1644.6383,8044.5331,8165.7679,PENDING_AG03,FALSE,NOT_FOR_ENFORCEMENT,9516.0940,164454.1300,9810.4062,9516.0940,294.3122,0.04181848,0.04056393,294.3122,9516.0940,0.04056393,294.3122,294.3122,294.3122,392.4162,490.5203,9516.0940,0.04056393,1765.8731,1644.6383,8044.5331,8165.7679,0.03429115,0.03480794,0.00125455,11.8178,14.9930,0.8676,208.7320,5.3202,4991.3829,240.5957,12.7170,9.8041,2.5818,2.84,3.3563,4.9054,16.007,177.8754,0.2582,0.0,5.636364,62.633151,4.16126,29,188,6,10,0.74390005,0.04181848,0.03860046,0E-8,0.000000,0.722694,0.000000,0.01256549,2026-05-12,2026-08-02,47,1844,580,83,0.566265,1.297104,1.076088,2.479667,,,,,,,,GLOBAL_BASELINE_NO_ENTITY_RANKING,,,NOT_APPLICABLE_GLOBAL_BASELINE,HF9g-P5,,,,X 全窗基线 · 不参与实体赏罚,15059659,1506,A168_HF9F_20260827_0900,2026-08-27 09:00:00
2026-07-21,17529000,1383,0,36.1448893707,2.8786822607,2.8786822607,0.2000000,7,5,0.50430159828570958,0.503969660000,-1.3609284843442555,-1.3594364909357963,-1.3609284843442555,0.00033193828570958,ELIGIBLE,R03b_20260811_FULL_v1,L1_ELIGIBILITY,v2026-08-11,2026-03-21..2026-08-06,baccarat_bet02_101_all_pairs_incl_sentinel,round_win = game_pnl > 0 (decisive only),COMPATIBILITY_ONLY_NOT_PRODUCTION,234594.9955,169540.3402,9810.4062,19851,11308,-0.04181848,-0.03860046,-0.05116595,-0.04181848,-9810.4062,234594.9955,OK,0.0000,294.3122,3.0000,97.0000,AG03-UNRESOLVED,ALL5_LEVELS_bet23_to_bet27,294.3122,294.3122,294.3122,392.4162,490.5203,3.000000,3.000000,3.000000,4.000000,5.000000,97.000000,97.000000,97.000000,96.000000,95.000000,5.0,1765.8731,1644.6383,8044.5331,8165.7679,PENDING_AG03,FALSE,NOT_FOR_ENFORCEMENT,9516.0940,164454.1300,9810.4062,9516.0940,294.3122,0.04181848,0.04056393,294.3122,9516.0940,0.04056393,294.3122,294.3122,294.3122,392.4162,490.5203,9516.0940,0.04056393,1765.8731,1644.6383,8044.5331,8165.7679,0.03429115,0.03480794,0.00125455,11.8178,14.9930,0.8676,208.7320,5.3202,4991.3829,240.5957,12.7170,9.8041,2.5818,2.84,3.3563,4.9054,16.007,177.8754,0.2582,0.0,5.636364,62.633151,4.16126,29,188,6,10,0.74390005,0.04181848,0.03860046,0E-8,0.000000,0.722694,0.000000,0.01256549,2026-05-12,2026-08-02,47,1844,580,83,0.566265,1.297104,1.076088,2.479667,,,,,,,,GLOBAL_BASELINE_NO_ENTITY_RANKING,,,NOT_APPLICABLE_GLOBAL_BASELINE,HF9g-P5,,,,X 全窗基线 · 不参与实体赏罚,15059660,1506,A168_HF9F_20260827_0900,2026-08-27 09:00:00
2026-07-21,17529000,1384,0,140.1905352026,-24.3074381019,-24.3074381019,0.1818182,16,12,0.50249049596838241,0.502182300000,-2.1271258808411178,-2.125075393760326,-2.1271258808411178,0.00030819596838241,ELIGIBLE,R03b_20260811_FULL_v1,L1_ELIGIBILITY,v2026-08-11,2026-03-21..2026-08-06,baccarat_bet02_101_all_pairs_incl_sentinel,round_win = game_pnl > 0 (decisive only),COMPATIBILITY_ONLY_NOT_PRODUCTION,234594.9955,169540.3402,9810.4062,19851,11308,-0.04181848,-0.03860046,-0.05116595,-0.04181848,-9810.4062,234594.9955,OK,0.0000,294.3122,3.0000,97.0000,AG03-UNRESOLVED,ALL5_LEVELS_bet23_to_bet27,294.3122,294.3122,294.3122,392.4162,490.5203,3.000000,3.000000,3.000000,4.000000,5.000000,97.000000,97.000000,97.000000,96.000000,95.000000,5.0,1765.8731,1644.6383,8044.5331,8165.7679,PENDING_AG03,FALSE,NOT_FOR_ENFORCEMENT,9516.0940,164454.1300,9810.4062,9516.0940,294.3122,0.04181848,0.04056393,294.3122,9516.0940,0.04056393,294.3122,294.3122,294.3122,392.4162,490.5203,9516.0940,0.04056393,1765.8731,1644.6383,8044.5331,8165.7679,0.03429115,0.03480794,0.00125455,11.8178,14.9930,0.8676,208.7320,5.3202,4991.3829,240.5957,12.7170,9.8041,2.5818,2.84,3.3563,4.9054,16.007,177.8754,0.2582,0.0,5.636364,62.633151,4.16126,29,188,6,10,0.74390005,0.04181848,0.03860046,0E-8,0.000000,0.722694,0.000000,0.01256549,2026-05-12,2026-08-02,47,1844,580,83,0.566265,1.297104,1.076088,2.479667,,,,,,,,GLOBAL_BASELINE_NO_ENTITY_RANKING,,,NOT_APPLICABLE_GLOBAL_BASELINE,HF9g-P5,,,,X 全窗基线 · 不参与实体赏罚,15059661,1506,A168_HF9F_20260827_0900,2026-08-27 09:00:00
2026-07-21,17529000,1396,0,89.0713345207,-0.0516355561,-0.0516355561,0.5714286,30,15,0.50079618675156011,0.499948100000,0.5285650378736814,0.5349108707432784,0.5285650378736814,0.00084808675156011,ELIGIBLE,R03b_20260811_FULL_v1,L1_ELIGIBILITY,v2026-08-11,2026-03-21..2026-08-06,baccarat_bet02_101_all_pairs_incl_sentinel,round_win = game_pnl > 0 (decisive only),COMPATIBILITY_ONLY_NOT_PRODUCTION,234594.9955,169540.3402,9810.4062,19851,11308,-0.04181848,-0.03860046,-0.05116595,-0.04181848,-9810.4062,234594.9955,OK,0.0000,294.3122,3.0000,97.0000,AG03-UNRESOLVED,ALL5_LEVELS_bet23_to_bet27,294.3122,294.3122,294.3122,392.4162,490.5203,3.000000,3.000000,3.000000,4.000000,5.000000,97.000000,97.000000,97.000000,96.000000,95.000000,5.0,1765.8731,1644.6383,8044.5331,8165.7679,PENDING_AG03,FALSE,NOT_FOR_ENFORCEMENT,9516.0940,164454.1300,9810.4062,9516.0940,294.3122,0.04181848,0.04056393,294.3122,9516.0940,0.04056393,294.3122,294.3122,294.3122,392.4162,490.5203,9516.0940,0.04056393,1765.8731,1644.6383,8044.5331,8165.7679,0.03429115,0.03480794,0.00125455,11.8178,14.9930,0.8676,208.7320,5.3202,4991.3829,240.5957,12.7170,9.8041,2.5818,2.84,3.3563,4.9054,16.007,177.8754,0.2582,0.0,5.636364,62.633151,4.16126,29,188,6,10,0.74390005,0.04181848,0.03860046,0E-8,0.000000,0.722694,0.000000,0.01256549,2026-05-12,2026-08-02,47,1844,580,83,0.566265,1.297104,1.076088,2.479667,,,,,,,,GLOBAL_BASELINE_NO_ENTITY_RANKING,,,NOT_APPLICABLE_GLOBAL_BASELINE,HF9g-P5,,,,X 全窗基线 · 不参与实体赏罚,15059662,1506,A168_HF9F_20260827_0900,2026-08-27 09:00:00
2026-07-21,17529000,1399,0,20.9124002788,0.7745333436,0.7745333436,0.2500000,7,4,0.49892261986166367,0.498272450000,-0.9956927909460944,-0.9930957276650746,-0.9956927909460944,0.00065016986166367,ELIGIBLE,R03b_20260811_FULL_v1,L1_ELIGIBILITY,v2026-08-11,2026-03-21..2026-08-06,baccarat_bet02_101_all_pairs_incl_sentinel,round_win = game_pnl > 0 (decisive only),COMPATIBILITY_ONLY_NOT_PRODUCTION,234594.9955,169540.3402,9810.4062,19851,11308,-0.04181848,-0.03860046,-0.05116595,-0.04181848,-9810.4062,234594.9955,OK,0.0000,294.3122,3.0000,97.0000,AG03-UNRESOLVED,ALL5_LEVELS_bet23_to_bet27,294.3122,294.3122,294.3122,392.4162,490.5203,3.000000,3.000000,3.000000,4.000000,5.000000,97.000000,97.000000,97.000000,96.000000,95.000000,5.0,1765.8731,1644.6383,8044.5331,8165.7679,PENDING_AG03,FALSE,NOT_FOR_ENFORCEMENT,9516.0940,164454.1300,9810.4062,9516.0940,294.3122,0.04181848,0.04056393,294.3122,9516.0940,0.04056393,294.3122,294.3122,294.3122,392.4162,490.5203,9516.0940,0.04056393,1765.8731,1644.6383,8044.5331,8165.7679,0.03429115,0.03480794,0.00125455,11.8178,14.9930,0.8676,208.7320,5.3202,4991.3829,240.5957,12.7170,9.8041,2.5818,2.84,3.3563,4.9054,16.007,177.8754,0.2582,0.0,5.636364,62.633151,4.16126,29,188,6,10,0.74390005,0.04181848,0.03860046,0E-8,0.000000,0.722694,0.000000,0.01256549,2026-05-12,2026-08-02,47,1844,580,83,0.566265,1.297104,1.076088,2.479667,,,,,,,,GLOBAL_BASELINE_NO_ENTITY_RANKING,,,NOT_APPLICABLE_GLOBAL_BASELINE,HF9g-P5,,,,X 全窗基线 · 不参与实体赏罚,15059663,1506,A168_HF9F_20260827_0900,2026-08-27 09:00:00
2026-07-21,17529000,1400,0,228.2291585983,83.4430588903,83.4430588903,0.7000000,19,12,0.50203816239777418,0.501623750000,1.2520309954128501,1.2546481833040208,1.2520309954128501,0.00041441239777418,ELIGIBLE,R03b_20260811_FULL_v1,L1_ELIGIBILITY,v2026-08-11,2026-03-21..2026-08-06,baccarat_bet02_101_all_pairs_incl_sentinel,round_win = game_pnl > 0 (decisive only),COMPATIBILITY_ONLY_NOT_PRODUCTION,234594.9955,169540.3402,9810.4062,19851,11308,-0.04181848,-0.03860046,-0.05116595,-0.04181848,-9810.4062,234594.9955,OK,0.0000,294.3122,3.0000,97.0000,AG03-UNRESOLVED,ALL5_LEVELS_bet23_to_bet27,294.3122,294.3122,294.3122,392.4162,490.5203,3.000000,3.000000,3.000000,4.000000,5.000000,97.000000,97.000000,97.000000,96.000000,95.000000,5.0,1765.8731,1644.6383,8044.5331,8165.7679,PENDING_AG03,FALSE,NOT_FOR_ENFORCEMENT,9516.0940,164454.1300,9810.4062,9516.0940,294.3122,0.04181848,0.04056393,294.3122,9516.0940,0.04056393,294.3122,294.3122,294.3122,392.4162,490.5203,9516.0940,0.04056393,1765.8731,1644.6383,8044.5331,8165.7679,0.03429115,0.03480794,0.00125455,11.8178,14.9930,0.8676,208.7320,5.3202,4991.3829,240.5957,12.7170,9.8041,2.5818,2.84,3.3563,4.9054,16.007,177.8754,0.2582,0.0,5.636364,62.633151,4.16126,29,188,6,10,0.74390005,0.04181848,0.03860046,0E-8,0.000000,0.722694,0.000000,0.01256549,2026-05-12,2026-08-02,47,1844,580,83,0.566265,1.297104,1.076088,2.479667,,,,,,,,GLOBAL_BASELINE_NO_ENTITY_RANKING,,,NOT_APPLICABLE_GLOBAL_BASELINE,HF9g-P5,,,,X 全窗基线 · 不参与实体赏罚,15059664,1506,A168_HF9F_20260827_0900,2026-08-27 09:00:00
2026-07-21,17529000,1401,0,83.1332455529,7.2031600960,7.2031600960,0.3636364,21,13,0.50259512503771245,0.502526023077,-0.9217605613989073,-0.921301532592665,-0.9217605613989073,0.00006910196071245,ELIGIBLE,R03b_20260811_FULL_v1,L1_ELIGIBILITY,v2026-08-11,2026-03-21..2026-08-06,baccarat_bet02_101_all_pairs_incl_sentinel,round_win = game_pnl > 0 (decisive only),COMPATIBILITY_ONLY_NOT_PRODUCTION,234594.9955,169540.3402,9810.4062,19851,11308,-0.04181848,-0.03860046,-0.05116595,-0.04181848,-9810.4062,234594.9955,OK,0.0000,294.3122,3.0000,97.0000,AG03-UNRESOLVED,ALL5_LEVELS_bet23_to_bet27,294.3122,294.3122,294.3122,392.4162,490.5203,3.000000,3.000000,3.000000,4.000000,5.000000,97.000000,97.000000,97.000000,96.000000,95.000000,5.0,1765.8731,1644.6383,8044.5331,8165.7679,PENDING_AG03,FALSE,NOT_FOR_ENFORCEMENT,9516.0940,164454.1300,9810.4062,9516.0940,294.3122,0.04181848,0.04056393,294.3122,9516.0940,0.04056393,294.3122,294.3122,294.3122,392.4162,490.5203,9516.0940,0.04056393,1765.8731,1644.6383,8044.5331,8165.7679,0.03429115,0.03480794,0.00125455,11.8178,14.9930,0.8676,208.7320,5.3202,4991.3829,240.5957,12.7170,9.8041,2.5818,2.84,3.3563,4.9054,16.007,177.8754,0.2582,0.0,5.636364,62.633151,4.16126,29,188,6,10,0.74390005,0.04181848,0.03860046,0E-8,0.000000,0.722694,0.000000,0.01256549,2026-05-12,2026-08-02,47,1844,580,83,0.566265,1.297104,1.076088,2.479667,,,,,,,,GLOBAL_BASELINE_NO_ENTITY_RANKING,,,NOT_APPLICABLE_GLOBAL_BASELINE,HF9g-P5,,,,X 全窗基线 · 不参与实体赏罚,15059665,1506,A168_HF9F_20260827_0900,2026-08-27 09:00:00
2026-07-21,17529000,1623,0,39.7593783079,-0.6841711202,-0.6841711202,0.4000000,12,6,0.50141333328042595,0.499948100000,-0.4535360259697343,-0.4469814940518811,-0.4535360259697343,0.00146523328042595,ELIGIBLE,R03b_20260811_FULL_v1,L1_ELIGIBILITY,v2026-08-11,2026-03-21..2026-08-06,baccarat_bet02_101_all_pairs_incl_sentinel,round_win = game_pnl > 0 (decisive only),COMPATIBILITY_ONLY_NOT_PRODUCTION,234594.9955,169540.3402,9810.4062,19851,11308,-0.04181848,-0.03860046,-0.05116595,-0.04181848,-9810.4062,234594.9955,OK,0.0000,294.3122,3.0000,97.0000,AG03-UNRESOLVED,ALL5_LEVELS_bet23_to_bet27,294.3122,294.3122,294.3122,392.4162,490.5203,3.000000,3.000000,3.000000,4.000000,5.000000,97.000000,97.000000,97.000000,96.000000,95.000000,5.0,1765.8731,1644.6383,8044.5331,8165.7679,PENDING_AG03,FALSE,NOT_FOR_ENFORCEMENT,9516.0940,164454.1300,9810.4062,9516.0940,294.3122,0.04181848,0.04056393,294.3122,9516.0940,0.04056393,294.3122,294.3122,294.3122,392.4162,490.5203,9516.0940,0.04056393,1765.8731,1644.6383,8044.5331,8165.7679,0.03429115,0.03480794,0.00125455,11.8178,14.9930,0.8676,208.7320,5.3202,4991.3829,240.5957,12.7170,9.8041,2.5818,2.84,3.3563,4.9054,16.007,177.8754,0.2582,0.0,5.636364,62.633151,4.16126,29,188,6,10,0.74390005,0.04181848,0.03860046,0E-8,0.000000,0.722694,0.000000,0.01256549,2026-05-12,2026-08-02,47,1844,580,83,0.566265,1.297104,1.076088,2.479667,,,,,,,,GLOBAL_BASELINE_NO_ENTITY_RANKING,,,NOT_APPLICABLE_GLOBAL_BASELINE,HF9g-P5,,,,X 全窗基线 · 不参与实体赏罚,15059666,1506,A168_HF9F_20260827_0900,2026-08-27 09:00:00
2026-07-21,17529000,1654,0,18.0724446854,-1.2005266826,-1.2005266826,0.3333333,6,3,0.50088946648221222,0.499948100000,-0.5804323898868883,-0.5771704854251445,-0.5804323898868883,0.00094136648221222,ELIGIBLE,R03b_20260811_FULL_v1,L1_ELIGIBILITY,v2026-08-11,2026-03-21..2026-08-06,baccarat_bet02_101_all_pairs_incl_sentinel,round_win = game_pnl > 0 (decisive only),COMPATIBILITY_ONLY_NOT_PRODUCTION,234594.9955,169540.3402,9810.4062,19851,11308,-0.04181848,-0.03860046,-0.05116595,-0.04181848,-9810.4062,234594.9955,OK,0.0000,294.3122,3.0000,97.0000,AG03-UNRESOLVED,ALL5_LEVELS_bet23_to_bet27,294.3122,294.3122,294.3122,392.4162,490.5203,3.000000,3.000000,3.000000,4.000000,5.000000,97.000000,97.000000,97.000000,96.000000,95.000000,5.0,1765.8731,1644.6383,8044.5331,8165.7679,PENDING_AG03,FALSE,NOT_FOR_ENFORCEMENT,9516.0940,164454.1300,9810.4062,9516.0940,294.3122,0.04181848,0.04056393,294.3122,9516.0940,0.04056393,294.3122,294.3122,294.3122,392.4162,490.5203,9516.0940,0.04056393,1765.8731,1644.6383,8044.5331,8165.7679,0.03429115,0.03480794,0.00125455,11.8178,14.9930,0.8676,208.7320,5.3202,4991.3829,240.5957,12.7170,9.8041,2.5818,2.84,3.3563,4.9054,16.007,177.8754,0.2582,0.0,5.636364,62.633151,4.16126,29,188,6,10,0.74390005,0.04181848,0.03860046,0E-8,0.000000,0.722694,0.000000,0.01256549,2026-05-12,2026-08-02,47,1844,580,83,0.566265,1.297104,1.076088,2.479667,,,,,,,,GLOBAL_BASELINE_NO_ENTITY_RANKING,,,NOT_APPLICABLE_GLOBAL_BASELINE,HF9g-P5,,,,X 全窗基线 · 不参与实体赏罚,15059667,1506,A168_HF9F_20260827_0900,2026-08-27 09:00:00
2026-07-21,17529000,1750,0,66.6098675548,0.1290888907,0.1290888907,0.5000000,22,12,0.50184267700708915,0.501065200000,-0.010423826045573108,-0.0060256948206965895,-0.010423826045573108,0.00077747700708915,ELIGIBLE,R03b_20260811_FULL_v1,L1_ELIGIBILITY,v2026-08-11,2026-03-21..2026-08-06,baccarat_bet02_101_all_pairs_incl_sentinel,round_win = game_pnl > 0 (decisive only),COMPATIBILITY_ONLY_NOT_PRODUCTION,234594.9955,169540.3402,9810.4062,19851,11308,-0.04181848,-0.03860046,-0.05116595,-0.04181848,-9810.4062,234594.9955,OK,0.0000,294.3122,3.0000,97.0000,AG03-UNRESOLVED,ALL5_LEVELS_bet23_to_bet27,294.3122,294.3122,294.3122,392.4162,490.5203,3.000000,3.000000,3.000000,4.000000,5.000000,97.000000,97.000000,97.000000,96.000000,95.000000,5.0,1765.8731,1644.6383,8044.5331,8165.7679,PENDING_AG03,FALSE,NOT_FOR_ENFORCEMENT,9516.0940,164454.1300,9810.4062,9516.0940,294.3122,0.04181848,0.04056393,294.3122,9516.0940,0.04056393,294.3122,294.3122,294.3122,392.4162,490.5203,9516.0940,0.04056393,1765.8731,1644.6383,8044.5331,8165.7679,0.03429115,0.03480794,0.00125455,11.8178,14.9930,0.8676,208.7320,5.3202,4991.3829,240.5957,12.7170,9.8041,2.5818,2.84,3.3563,4.9054,16.007,177.8754,0.2582,0.0,5.636364,62.633151,4.16126,29,188,6,10,0.74390005,0.04181848,0.03860046,0E-8,0.000000,0.722694,0.000000,0.01256549,2026-05-12,2026-08-02,47,1844,580,83,0.566265,1.297104,1.076088,2.479667,,,,,,,,GLOBAL_BASELINE_NO_ENTITY_RANKING,,,NOT_APPLICABLE_GLOBAL_BASELINE,HF9g-P5,,,,X 全窗基线 · 不参与实体赏罚,15059668,1506,A168_HF9F_20260827_0900,2026-08-27 09:00:00
2026-07-21,17529000,1940,0,20.6542224975,1.3941600186,1.3941600186,0.5000000,6,4,0.49718355959594175,0.496596800000,0.01126594034811155,0.013613115331600183,0.01126594034811155,0.00058675959594175,ELIGIBLE,R03b_20260811_FULL_v1,L1_ELIGIBILITY,v2026-08-11,2026-03-21..2026-08-06,baccarat_bet02_101_all_pairs_incl_sentinel,round_win = game_pnl > 0 (decisive only),COMPATIBILITY_ONLY_NOT_PRODUCTION,234594.9955,169540.3402,9810.4062,19851,11308,-0.04181848,-0.03860046,-0.05116595,-0.04181848,-9810.4062,234594.9955,OK,0.0000,294.3122,3.0000,97.0000,AG03-UNRESOLVED,ALL5_LEVELS_bet23_to_bet27,294.3122,294.3122,294.3122,392.4162,490.5203,3.000000,3.000000,3.000000,4.000000,5.000000,97.000000,97.000000,97.000000,96.000000,95.000000,5.0,1765.8731,1644.6383,8044.5331,8165.7679,PENDING_AG03,FALSE,NOT_FOR_ENFORCEMENT,9516.0940,164454.1300,9810.4062,9516.0940,294.3122,0.04181848,0.04056393,294.3122,9516.0940,0.04056393,294.3122,294.3122,294.3122,392.4162,490.5203,9516.0940,0.04056393,1765.8731,1644.6383,8044.5331,8165.7679,0.03429115,0.03480794,0.00125455,11.8178,14.9930,0.8676,208.7320,5.3202,4991.3829,240.5957,12.7170,9.8041,2.5818,2.84,3.3563,4.9054,16.007,177.8754,0.2582,0.0,5.636364,62.633151,4.16126,29,188,6,10,0.74390005,0.04181848,0.03860046,0E-8,0.000000,0.722694,0.000000,0.01256549,2026-05-12,2026-08-02,47,1844,580,83,0.566265,1.297104,1.076088,2.479667,,,,,,,,GLOBAL_BASELINE_NO_ENTITY_RANKING,,,NOT_APPLICABLE_GLOBAL_BASELINE,HF9g-P5,,,,X 全窗基线 · 不参与实体赏罚,15059669,1506,A168_HF9F_20260827_0900,2026-08-27 09:00:00
2026-07-21,17529000,1963,0,12.3925334986,-2.0654222498,-2.0654222498,0E-7,4,2,0.50105548608697615,0.499948100000,-1.4172020855252687,-1.4140667746232096,-1.4172020855252687,0.00110738608697615,ELIGIBLE,R03b_20260811_FULL_v1,L1_ELIGIBILITY,v2026-08-11,2026-03-21..2026-08-06,baccarat_bet02_101_all_pairs_incl_sentinel,round_win = game_pnl > 0 (decisive only),COMPATIBILITY_ONLY_NOT_PRODUCTION,234594.9955,169540.3402,9810.4062,19851,11308,-0.04181848,-0.03860046,-0.05116595,-0.04181848,-9810.4062,234594.9955,OK,0.0000,294.3122,3.0000,97.0000,AG03-UNRESOLVED,ALL5_LEVELS_bet23_to_bet27,294.3122,294.3122,294.3122,392.4162,490.5203,3.000000,3.000000,3.000000,4.000000,5.000000,97.000000,97.000000,97.000000,96.000000,95.000000,5.0,1765.8731,1644.6383,8044.5331,8165.7679,PENDING_AG03,FALSE,NOT_FOR_ENFORCEMENT,9516.0940,164454.1300,9810.4062,9516.0940,294.3122,0.04181848,0.04056393,294.3122,9516.0940,0.04056393,294.3122,294.3122,294.3122,392.4162,490.5203,9516.0940,0.04056393,1765.8731,1644.6383,8044.5331,8165.7679,0.03429115,0.03480794,0.00125455,11.8178,14.9930,0.8676,208.7320,5.3202,4991.3829,240.5957,12.7170,9.8041,2.5818,2.84,3.3563,4.9054,16.007,177.8754,0.2582,0.0,5.636364,62.633151,4.16126,29,188,6,10,0.74390005,0.04181848,0.03860046,0E-8,0.000000,0.722694,0.000000,0.01256549,2026-05-12,2026-08-02,47,1844,580,83,0.566265,1.297104,1.076088,2.479667,,,,,,,,GLOBAL_BASELINE_NO_ENTITY_RANKING,,,NOT_APPLICABLE_GLOBAL_BASELINE,HF9g-P5,,,,X 全窗基线 · 不参与实体赏罚,15059670,1506,A168_HF9F_20260827_0900,2026-08-27 09:00:00
2026-07-21,17529000,1966,0,5.4217334056,0.2581777812,0.2581777812,1.0000000,2,1,0.49962892857145212,0.499948100000,1.000742418449597,1.0001038053877793,1.000742418449597,-0.00031917142854788,ELIGIBLE,R03b_20260811_FULL_v1,L1_ELIGIBILITY,v2026-08-11,2026-03-21..2026-08-06,baccarat_bet02_101_all_pairs_incl_sentinel,round_win = game_pnl > 0 (decisive only),COMPATIBILITY_ONLY_NOT_PRODUCTION,234594.9955,169540.3402,9810.4062,19851,11308,-0.04181848,-0.03860046,-0.05116595,-0.04181848,-9810.4062,234594.9955,OK,0.0000,294.3122,3.0000,97.0000,AG03-UNRESOLVED,ALL5_LEVELS_bet23_to_bet27,294.3122,294.3122,294.3122,392.4162,490.5203,3.000000,3.000000,3.000000,4.000000,5.000000,97.000000,97.000000,97.000000,96.000000,95.000000,5.0,1765.8731,1644.6383,8044.5331,8165.7679,PENDING_AG03,FALSE,NOT_FOR_ENFORCEMENT,9516.0940,164454.1300,9810.4062,9516.0940,294.3122,0.04181848,0.04056393,294.3122,9516.0940,0.04056393,294.3122,294.3122,294.3122,392.4162,490.5203,9516.0940,0.04056393,1765.8731,1644.6383,8044.5331,8165.7679,0.03429115,0.03480794,0.00125455,11.8178,14.9930,0.8676,208.7320,5.3202,4991.3829,240.5957,12.7170,9.8041,2.5818,2.84,3.3563,4.9054,16.007,177.8754,0.2582,0.0,5.636364,62.633151,4.16126,29,188,6,10,0.74390005,0.04181848,0.03860046,0E-8,0.000000,0.722694,0.000000,0.01256549,2026-05-12,2026-08-02,47,1844,580,83,0.566265,1.297104,1.076088,2.479667,,,,,,,,GLOBAL_BASELINE_NO_ENTITY_RANKING,,,NOT_APPLICABLE_GLOBAL_BASELINE,HF9g-P5,,,,X 全窗基线 · 不参与实体赏罚,15059671,1506,A168_HF9F_20260827_0900,2026-08-27 09:00:00
2026-07-21,17529000,1985,0,5.6799111868,-0.5163555624,-0.5163555624,0E-7,2,1,0.50055742727268436,0.499948100000,-1.001115476689104,-0.9998962053866608,-1.001115476689104,0.00060932727268436,ELIGIBLE,R03b_20260811_FULL_v1,L1_ELIGIBILITY,v2026-08-11,2026-03-21..2026-08-06,baccarat_bet02_101_all_pairs_incl_sentinel,round_win = game_pnl > 0 (decisive only),COMPATIBILITY_ONLY_NOT_PRODUCTION,234594.9955,169540.3402,9810.4062,19851,11308,-0.04181848,-0.03860046,-0.05116595,-0.04181848,-9810.4062,234594.9955,OK,0.0000,294.3122,3.0000,97.0000,AG03-UNRESOLVED,ALL5_LEVELS_bet23_to_bet27,294.3122,294.3122,294.3122,392.4162,490.5203,3.000000,3.000000,3.000000,4.000000,5.000000,97.000000,97.000000,97.000000,96.000000,95.000000,5.0,1765.8731,1644.6383,8044.5331,8165.7679,PENDING_AG03,FALSE,NOT_FOR_ENFORCEMENT,9516.0940,164454.1300,9810.4062,9516.0940,294.3122,0.04181848,0.04056393,294.3122,9516.0940,0.04056393,294.3122,294.3122,294.3122,392.4162,490.5203,9516.0940,0.04056393,1765.8731,1644.6383,8044.5331,8165.7679,0.03429115,0.03480794,0.00125455,11.8178,14.9930,0.8676,208.7320,5.3202,4991.3829,240.5957,12.7170,9.8041,2.5818,2.84,3.3563,4.9054,16.007,177.8754,0.2582,0.0,5.636364,62.633151,4.16126,29,188,6,10,0.74390005,0.04181848,0.03860046,0E-8,0.000000,0.722694,0.000000,0.01256549,2026-05-12,2026-08-02,47,1844,580,83,0.566265,1.297104,1.076088,2.479667,,,,,,,,GLOBAL_BASELINE_NO_ENTITY_RANKING,,,NOT_APPLICABLE_GLOBAL_BASELINE,HF9g-P5,,,,X 全窗基线 · 不参与实体赏罚,15059672,1506,A168_HF9F_20260827_0900,2026-08-27 09:00:00
2026-07-21,17529000,1990,0,5.9380889681,0.6067177859,0.6067177859,1.0000000,2,1,0.50082235217395230,0.499948100000,0.9983566459565251,1.0001038053877793,0.9983566459565251,0.00087425217395230,ELIGIBLE,R03b_20260811_FULL_v1,L1_ELIGIBILITY,v2026-08-11,2026-03-21..2026-08-06,baccarat_bet02_101_all_pairs_incl_sentinel,round_win = game_pnl > 0 (decisive only),COMPATIBILITY_ONLY_NOT_PRODUCTION,234594.9955,169540.3402,9810.4062,19851,11308,-0.04181848,-0.03860046,-0.05116595,-0.04181848,-9810.4062,234594.9955,OK,0.0000,294.3122,3.0000,97.0000,AG03-UNRESOLVED,ALL5_LEVELS_bet23_to_bet27,294.3122,294.3122,294.3122,392.4162,490.5203,3.000000,3.000000,3.000000,4.000000,5.000000,97.000000,97.000000,97.000000,96.000000,95.000000,5.0,1765.8731,1644.6383,8044.5331,8165.7679,PENDING_AG03,FALSE,NOT_FOR_ENFORCEMENT,9516.0940,164454.1300,9810.4062,9516.0940,294.3122,0.04181848,0.04056393,294.3122,9516.0940,0.04056393,294.3122,294.3122,294.3122,392.4162,490.5203,9516.0940,0.04056393,1765.8731,1644.6383,8044.5331,8165.7679,0.03429115,0.03480794,0.00125455,11.8178,14.9930,0.8676,208.7320,5.3202,4991.3829,240.5957,12.7170,9.8041,2.5818,2.84,3.3563,4.9054,16.007,177.8754,0.2582,0.0,5.636364,62.633151,4.16126,29,188,6,10,0.74390005,0.04181848,0.03860046,0E-8,0.000000,0.722694,0.000000,0.01256549,2026-05-12,2026-08-02,47,1844,580,83,0.566265,1.297104,1.076088,2.479667,,,,,,,,GLOBAL_BASELINE_NO_ENTITY_RANKING,,,NOT_APPLICABLE_GLOBAL_BASELINE,HF9g-P5,,,,X 全窗基线 · 不参与实体赏罚,15059673,1506,A168_HF9F_20260827_0900,2026-08-27 09:00:00
2026-07-21,17529000,2093,0,5.9380889681,-0.7745333437,-0.7745333437,0E-7,2,1,0.50082235217395230,0.499948100000,-1.001646059101355,-0.9998962053866608,-1.001646059101355,0.00087425217395230,ELIGIBLE,R03b_20260811_FULL_v1,L1_ELIGIBILITY,v2026-08-11,2026-03-21..2026-08-06,baccarat_bet02_101_all_pairs_incl_sentinel,round_win = game_pnl > 0 (decisive only),COMPATIBILITY_ONLY_NOT_PRODUCTION,234594.9955,169540.3402,9810.4062,19851,11308,-0.04181848,-0.03860046,-0.05116595,-0.04181848,-9810.4062,234594.9955,OK,0.0000,294.3122,3.0000,97.0000,AG03-UNRESOLVED,ALL5_LEVELS_bet23_to_bet27,294.3122,294.3122,294.3122,392.4162,490.5203,3.000000,3.000000,3.000000,4.000000,5.000000,97.000000,97.000000,97.000000,96.000000,95.000000,5.0,1765.8731,1644.6383,8044.5331,8165.7679,PENDING_AG03,FALSE,NOT_FOR_ENFORCEMENT,9516.0940,164454.1300,9810.4062,9516.0940,294.3122,0.04181848,0.04056393,294.3122,9516.0940,0.04056393,294.3122,294.3122,294.3122,392.4162,490.5203,9516.0940,0.04056393,1765.8731,1644.6383,8044.5331,8165.7679,0.03429115,0.03480794,0.00125455,11.8178,14.9930,0.8676,208.7320,5.3202,4991.3829,240.5957,12.7170,9.8041,2.5818,2.84,3.3563,4.9054,16.007,177.8754,0.2582,0.0,5.636364,62.633151,4.16126,29,188,6,10,0.74390005,0.04181848,0.03860046,0E-8,0.000000,0.722694,0.000000,0.01256549,2026-05-12,2026-08-02,47,1844,580,83,0.566265,1.297104,1.076088,2.479667,,,,,,,,GLOBAL_BASELINE_NO_ENTITY_RANKING,,,NOT_APPLICABLE_GLOBAL_BASELINE,HF9g-P5,,,,X 全窗基线 · 不参与实体赏罚,15059674,1506,A168_HF9F_20260827_0900,2026-08-27 09:00:00
2026-07-21,17529000,2101,0,154.6484909505,9.0749490102,9.0749490102,0.7083333,50,26,0.50026958934520101,0.499948100000,2.0386003233004835,2.041749977389273,2.0386003233004835,0.00032148934520101,ELIGIBLE,R03b_20260811_FULL_v1,L1_ELIGIBILITY,v2026-08-11,2026-03-21..2026-08-06,baccarat_bet02_101_all_pairs_incl_sentinel,round_win = game_pnl > 0 (decisive only),COMPATIBILITY_ONLY_NOT_PRODUCTION,234594.9955,169540.3402,9810.4062,19851,11308,-0.04181848,-0.03860046,-0.05116595,-0.04181848,-9810.4062,234594.9955,OK,0.0000,294.3122,3.0000,97.0000,AG03-UNRESOLVED,ALL5_LEVELS_bet23_to_bet27,294.3122,294.3122,294.3122,392.4162,490.5203,3.000000,3.000000,3.000000,4.000000,5.000000,97.000000,97.000000,97.000000,96.000000,95.000000,5.0,1765.8731,1644.6383,8044.5331,8165.7679,PENDING_AG03,FALSE,NOT_FOR_ENFORCEMENT,9516.0940,164454.1300,9810.4062,9516.0940,294.3122,0.04181848,0.04056393,294.3122,9516.0940,0.04056393,294.3122,294.3122,294.3122,392.4162,490.5203,9516.0940,0.04056393,1765.8731,1644.6383,8044.5331,8165.7679,0.03429115,0.03480794,0.00125455,11.8178,14.9930,0.8676,208.7320,5.3202,4991.3829,240.5957,12.7170,9.8041,2.5818,2.84,3.3563,4.9054,16.007,177.8754,0.2582,0.0,5.636364,62.633151,4.16126,29,188,6,10,0.74390005,0.04181848,0.03860046,0E-8,0.000000,0.722694,0.000000,0.01256549,2026-05-12,2026-08-02,47,1844,580,83,0.566265,1.297104,1.076088,2.479667,,,,,,,,GLOBAL_BASELINE_NO_ENTITY_RANKING,,,NOT_APPLICABLE_GLOBAL_BASELINE,HF9g-P5,,,,X 全窗基线 · 不参与实体赏罚,15059675,1506,A168_HF9F_20260827_0900,2026-08-27 09:00:00
2026-07-21,17529000,2103,0,41.5666227763,0.3872666718,0.3872666718,0.6666667,14,7,0.49999766879066655,0.499948100000,0.8165080014833017,0.8167508423630434,0.8165080014833017,0.00004956879066655,ELIGIBLE,R03b_20260811_FULL_v1,L1_ELIGIBILITY,v2026-08-11,2026-03-21..2026-08-06,baccarat_bet02_101_all_pairs_incl_sentinel,round_win = game_pnl > 0 (decisive only),COMPATIBILITY_ONLY_NOT_PRODUCTION,234594.9955,169540.3402,9810.4062,19851,11308,-0.04181848,-0.03860046,-0.05116595,-0.04181848,-9810.4062,234594.9955,OK,0.0000,294.3122,3.0000,97.0000,AG03-UNRESOLVED,ALL5_LEVELS_bet23_to_bet27,294.3122,294.3122,294.3122,392.4162,490.5203,3.000000,3.000000,3.000000,4.000000,5.000000,97.000000,97.000000,97.000000,96.000000,95.000000,5.0,1765.8731,1644.6383,8044.5331,8165.7679,PENDING_AG03,FALSE,NOT_FOR_ENFORCEMENT,9516.0940,164454.1300,9810.4062,9516.0940,294.3122,0.04181848,0.04056393,294.3122,9516.0940,0.04056393,294.3122,294.3122,294.3122,392.4162,490.5203,9516.0940,0.04056393,1765.8731,1644.6383,8044.5331,8165.7679,0.03429115,0.03480794,0.00125455,11.8178,14.9930,0.8676,208.7320,5.3202,4991.3829,240.5957,12.7170,9.8041,2.5818,2.84,3.3563,4.9054,16.007,177.8754,0.2582,0.0,5.636364,62.633151,4.16126,29,188,6,10,0.74390005,0.04181848,0.03860046,0E-8,0.000000,0.722694,0.000000,0.01256549,2026-05-12,2026-08-02,47,1844,580,83,0.566265,1.297104,1.076088,2.479667,,,,,,,,GLOBAL_BASELINE_NO_ENTITY_RANKING,,,NOT_APPLICABLE_GLOBAL_BASELINE,HF9g-P5,,,,X 全窗基线 · 不参与实体赏罚,15059676,1506,A168_HF9F_20260827_0900,2026-08-27 09:00:00
2026-07-21,17529000,2115,0,5.4217334056,-0.3872666718,-0.3872666718,0E-7,2,1,0.49962892857145212,0.499948100000,-0.9992581323266508,-0.9998962053866608,-0.9992581323266508,-0.00031917142854788,ELIGIBLE,R03b_20260811_FULL_v1,L1_ELIGIBILITY,v2026-08-11,2026-03-21..2026-08-06,baccarat_bet02_101_all_pairs_incl_sentinel,round_win = game_pnl > 0 (decisive only),COMPATIBILITY_ONLY_NOT_PRODUCTION,234594.9955,169540.3402,9810.4062,19851,11308,-0.04181848,-0.03860046,-0.05116595,-0.04181848,-9810.4062,234594.9955,OK,0.0000,294.3122,3.0000,97.0000,AG03-UNRESOLVED,ALL5_LEVELS_bet23_to_bet27,294.3122,294.3122,294.3122,392.4162,490.5203,3.000000,3.000000,3.000000,4.000000,5.000000,97.000000,97.000000,97.000000,96.000000,95.000000,5.0,1765.8731,1644.6383,8044.5331,8165.7679,PENDING_AG03,FALSE,NOT_FOR_ENFORCEMENT,9516.0940,164454.1300,9810.4062,9516.0940,294.3122,0.04181848,0.04056393,294.3122,9516.0940,0.04056393,294.3122,294.3122,294.3122,392.4162,490.5203,9516.0940,0.04056393,1765.8731,1644.6383,8044.5331,8165.7679,0.03429115,0.03480794,0.00125455,11.8178,14.9930,0.8676,208.7320,5.3202,4991.3829,240.5957,12.7170,9.8041,2.5818,2.84,3.3563,4.9054,16.007,177.8754,0.2582,0.0,5.636364,62.633151,4.16126,29,188,6,10,0.74390005,0.04181848,0.03860046,0E-8,0.000000,0.722694,0.000000,0.01256549,2026-05-12,2026-08-02,47,1844,580,83,0.566265,1.297104,1.076088,2.479667,,,,,,,,GLOBAL_BASELINE_NO_ENTITY_RANKING,,,NOT_APPLICABLE_GLOBAL_BASELINE,HF9g-P5,,,,X 全窗基线 · 不参与实体赏罚,15059677,1506,A168_HF9F_20260827_0900,2026-08-27 09:00:00
2026-07-21,17529000,2123,0,33.5631115586,0.9294400126,0.9294400126,0.6666667,12,6,0.50045229834368269,0.499948100000,0.814281113781887,0.8167508423630434,0.814281113781887,0.00050419834368269,ELIGIBLE,R03b_20260811_FULL_v1,L1_ELIGIBILITY,v2026-08-11,2026-03-21..2026-08-06,baccarat_bet02_101_all_pairs_incl_sentinel,round_win = game_pnl > 0 (decisive only),COMPATIBILITY_ONLY_NOT_PRODUCTION,234594.9955,169540.3402,9810.4062,19851,11308,-0.04181848,-0.03860046,-0.05116595,-0.04181848,-9810.4062,234594.9955,OK,0.0000,294.3122,3.0000,97.0000,AG03-UNRESOLVED,ALL5_LEVELS_bet23_to_bet27,294.3122,294.3122,294.3122,392.4162,490.5203,3.000000,3.000000,3.000000,4.000000,5.000000,97.000000,97.000000,97.000000,96.000000,95.000000,5.0,1765.8731,1644.6383,8044.5331,8165.7679,PENDING_AG03,FALSE,NOT_FOR_ENFORCEMENT,9516.0940,164454.1300,9810.4062,9516.0940,294.3122,0.04181848,0.04056393,294.3122,9516.0940,0.04056393,294.3122,294.3122,294.3122,392.4162,490.5203,9516.0940,0.04056393,1765.8731,1644.6383,8044.5331,8165.7679,0.03429115,0.03480794,0.00125455,11.8178,14.9930,0.8676,208.7320,5.3202,4991.3829,240.5957,12.7170,9.8041,2.5818,2.84,3.3563,4.9054,16.007,177.8754,0.2582,0.0,5.636364,62.633151,4.16126,29,188,6,10,0.74390005,0.04181848,0.03860046,0E-8,0.000000,0.722694,0.000000,0.01256549,2026-05-12,2026-08-02,47,1844,580,83,0.566265,1.297104,1.076088,2.479667,,,,,,,,GLOBAL_BASELINE_NO_ENTITY_RANKING,,,NOT_APPLICABLE_GLOBAL_BASELINE,HF9g-P5,,,,X 全窗基线 · 不参与实体赏罚,15059678,1506,A168_HF9F_20260827_0900,2026-08-27 09:00:00
2026-07-21,17529000,2145,0,24.5268892158,2.7883200373,2.7883200373,0.8000000,9,5,0.50160198831166560,0.501288620000,1.3344833265361071,1.335882339249048,1.3344833265361071,0.00031336831166560,ELIGIBLE,R03b_20260811_FULL_v1,L1_ELIGIBILITY,v2026-08-11,2026-03-21..2026-08-06,baccarat_bet02_101_all_pairs_incl_sentinel,round_win = game_pnl > 0 (decisive only),COMPATIBILITY_ONLY_NOT_PRODUCTION,234594.9955,169540.3402,9810.4062,19851,11308,-0.04181848,-0.03860046,-0.05116595,-0.04181848,-9810.4062,234594.9955,OK,0.0000,294.3122,3.0000,97.0000,AG03-UNRESOLVED,ALL5_LEVELS_bet23_to_bet27,294.3122,294.3122,294.3122,392.4162,490.5203,3.000000,3.000000,3.000000,4.000000,5.000000,97.000000,97.000000,97.000000,96.000000,95.000000,5.0,1765.8731,1644.6383,8044.5331,8165.7679,PENDING_AG03,FALSE,NOT_FOR_ENFORCEMENT,9516.0940,164454.1300,9810.4062,9516.0940,294.3122,0.04181848,0.04056393,294.3122,9516.0940,0.04056393,294.3122,294.3122,294.3122,392.4162,490.5203,9516.0940,0.04056393,1765.8731,1644.6383,8044.5331,8165.7679,0.03429115,0.03480794,0.00125455,11.8178,14.9930,0.8676,208.7320,5.3202,4991.3829,240.5957,12.7170,9.8041,2.5818,2.84,3.3563,4.9054,16.007,177.8754,0.2582,0.0,5.636364,62.633151,4.16126,29,188,6,10,0.74390005,0.04181848,0.03860046,0E-8,0.000000,0.722694,0.000000,0.01256549,2026-05-12,2026-08-02,47,1844,580,83,0.566265,1.297104,1.076088,2.479667,,,,,,,,GLOBAL_BASELINE_NO_ENTITY_RANKING,,,NOT_APPLICABLE_GLOBAL_BASELINE,HF9g-P5,,,,X 全窗基线 · 不参与实体赏罚,15059679,1506,A168_HF9F_20260827_0900,2026-08-27 09:00:00
2026-07-21,17529000,2167,0,16.7815557793,0.6454444531,0.6454444531,0.5000000,5,3,0.49706395090910521,0.497713900000,0.008304544066229455,0.0064661348375514,0.008304544066229455,-0.00064994909089479,ELIGIBLE,R03b_20260811_FULL_v1,L1_ELIGIBILITY,v2026-08-11,2026-03-21..2026-08-06,baccarat_bet02_101_all_pairs_incl_sentinel,round_win = game_pnl > 0 (decisive only),COMPATIBILITY_ONLY_NOT_PRODUCTION,234594.9955,169540.3402,9810.4062,19851,11308,-0.04181848,-0.03860046,-0.05116595,-0.04181848,-9810.4062,234594.9955,OK,0.0000,294.3122,3.0000,97.0000,AG03-UNRESOLVED,ALL5_LEVELS_bet23_to_bet27,294.3122,294.3122,294.3122,392.4162,490.5203,3.000000,3.000000,3.000000,4.000000,5.000000,97.000000,97.000000,97.000000,96.000000,95.000000,5.0,1765.8731,1644.6383,8044.5331,8165.7679,PENDING_AG03,FALSE,NOT_FOR_ENFORCEMENT,9516.0940,164454.1300,9810.4062,9516.0940,294.3122,0.04181848,0.04056393,294.3122,9516.0940,0.04056393,294.3122,294.3122,294.3122,392.4162,490.5203,9516.0940,0.04056393,1765.8731,1644.6383,8044.5331,8165.7679,0.03429115,0.03480794,0.00125455,11.8178,14.9930,0.8676,208.7320,5.3202,4991.3829,240.5957,12.7170,9.8041,2.5818,2.84,3.3563,4.9054,16.007,177.8754,0.2582,0.0,5.636364,62.633151,4.16126,29,188,6,10,0.74390005,0.04181848,0.03860046,0E-8,0.000000,0.722694,0.000000,0.01256549,2026-05-12,2026-08-02,47,1844,580,83,0.566265,1.297104,1.076088,2.479667,,,,,,,,GLOBAL_BASELINE_NO_ENTITY_RANKING,,,NOT_APPLICABLE_GLOBAL_BASELINE,HF9g-P5,,,,X 全窗基线 · 不参与实体赏罚,15059680,1506,A168_HF9F_20260827_0900,2026-08-27 09:00:00
2026-07-21,17529000,2174,0,5.6799111868,0.5163555624,0.5163555624,1.0000000,2,1,0.49933877272731564,0.499948100000,1.0013233301459405,1.0001038053877793,1.0013233301459405,-0.00060932727268436,ELIGIBLE,R03b_20260811_FULL_v1,L1_ELIGIBILITY,v2026-08-11,2026-03-21..2026-08-06,baccarat_bet02_101_all_pairs_incl_sentinel,round_win = game_pnl > 0 (decisive only),COMPATIBILITY_ONLY_NOT_PRODUCTION,234594.9955,169540.3402,9810.4062,19851,11308,-0.04181848,-0.03860046,-0.05116595,-0.04181848,-9810.4062,234594.9955,OK,0.0000,294.3122,3.0000,97.0000,AG03-UNRESOLVED,ALL5_LEVELS_bet23_to_bet27,294.3122,294.3122,294.3122,392.4162,490.5203,3.000000,3.000000,3.000000,4.000000,5.000000,97.000000,97.000000,97.000000,96.000000,95.000000,5.0,1765.8731,1644.6383,8044.5331,8165.7679,PENDING_AG03,FALSE,NOT_FOR_ENFORCEMENT,9516.0940,164454.1300,9810.4062,9516.0940,294.3122,0.04181848,0.04056393,294.3122,9516.0940,0.04056393,294.3122,294.3122,294.3122,392.4162,490.5203,9516.0940,0.04056393,1765.8731,1644.6383,8044.5331,8165.7679,0.03429115,0.03480794,0.00125455,11.8178,14.9930,0.8676,208.7320,5.3202,4991.3829,240.5957,12.7170,9.8041,2.5818,2.84,3.3563,4.9054,16.007,177.8754,0.2582,0.0,5.636364,62.633151,4.16126,29,188,6,10,0.74390005,0.04181848,0.03860046,0E-8,0.000000,0.722694,0.000000,0.01256549,2026-05-12,2026-08-02,47,1844,580,83,0.566265,1.297104,1.076088,2.479667,,,,,,,,GLOBAL_BASELINE_NO_ENTITY_RANKING,,,NOT_APPLICABLE_GLOBAL_BASELINE,HF9g-P5,,,,X 全窗基线 · 不参与实体赏罚,15059681,1506,A168_HF9F_20260827_0900,2026-08-27 09:00:00
2026-07-21,17529000,2175,0,32.0140448712,1.5490666875,1.5490666875,0.4000000,10,6,0.49765470073196027,0.497713900000,-0.4367299027478944,-0.436994413204015,-0.4367299027478944,-0.00005919926803973,ELIGIBLE,R03b_20260811_FULL_v1,L1_ELIGIBILITY,v2026-08-11,2026-03-21..2026-08-06,baccarat_bet02_101_all_pairs_incl_sentinel,round_win = game_pnl > 0 (decisive only),COMPATIBILITY_ONLY_NOT_PRODUCTION,234594.9955,169540.3402,9810.4062,19851,11308,-0.04181848,-0.03860046,-0.05116595,-0.04181848,-9810.4062,234594.9955,OK,0.0000,294.3122,3.0000,97.0000,AG03-UNRESOLVED,ALL5_LEVELS_bet23_to_bet27,294.3122,294.3122,294.3122,392.4162,490.5203,3.000000,3.000000,3.000000,4.000000,5.000000,97.000000,97.000000,97.000000,96.000000,95.000000,5.0,1765.8731,1644.6383,8044.5331,8165.7679,PENDING_AG03,FALSE,NOT_FOR_ENFORCEMENT,9516.0940,164454.1300,9810.4062,9516.0940,294.3122,0.04181848,0.04056393,294.3122,9516.0940,0.04056393,294.3122,294.3122,294.3122,392.4162,490.5203,9516.0940,0.04056393,1765.8731,1644.6383,8044.5331,8165.7679,0.03429115,0.03480794,0.00125455,11.8178,14.9930,0.8676,208.7320,5.3202,4991.3829,240.5957,12.7170,9.8041,2.5818,2.84,3.3563,4.9054,16.007,177.8754,0.2582,0.0,5.636364,62.633151,4.16126,29,188,6,10,0.74390005,0.04181848,0.03860046,0E-8,0.000000,0.722694,0.000000,0.01256549,2026-05-12,2026-08-02,47,1844,580,83,0.566265,1.297104,1.076088,2.479667,,,,,,,,GLOBAL_BASELINE_NO_ENTITY_RANKING,,,NOT_APPLICABLE_GLOBAL_BASELINE,HF9g-P5,,,,X 全窗基线 · 不参与实体赏罚,15059682,1506,A168_HF9F_20260827_0900,2026-08-27 09:00:00
2026-07-21,17529000,2188,0,17.8142669041,-1.2908889061,-1.2908889061,0.3333333,6,3,0.50039494000000000,0.499948100000,-0.5787185620158054,-0.5771704854251445,-0.5787185620158054,0.00044684000000000,ELIGIBLE,R03b_20260811_FULL_v1,L1_ELIGIBILITY,v2026-08-11,2026-03-21..2026-08-06,baccarat_bet02_101_all_pairs_incl_sentinel,round_win = game_pnl > 0 (decisive only),COMPATIBILITY_ONLY_NOT_PRODUCTION,234594.9955,169540.3402,9810.4062,19851,11308,-0.04181848,-0.03860046,-0.05116595,-0.04181848,-9810.4062,234594.9955,OK,0.0000,294.3122,3.0000,97.0000,AG03-UNRESOLVED,ALL5_LEVELS_bet23_to_bet27,294.3122,294.3122,294.3122,392.4162,490.5203,3.000000,3.000000,3.000000,4.000000,5.000000,97.000000,97.000000,97.000000,96.000000,95.000000,5.0,1765.8731,1644.6383,8044.5331,8165.7679,PENDING_AG03,FALSE,NOT_FOR_ENFORCEMENT,9516.0940,164454.1300,9810.4062,9516.0940,294.3122,0.04181848,0.04056393,294.3122,9516.0940,0.04056393,294.3122,294.3122,294.3122,392.4162,490.5203,9516.0940,0.04056393,1765.8731,1644.6383,8044.5331,8165.7679,0.03429115,0.03480794,0.00125455,11.8178,14.9930,0.8676,208.7320,5.3202,4991.3829,240.5957,12.7170,9.8041,2.5818,2.84,3.3563,4.9054,16.007,177.8754,0.2582,0.0,5.636364,62.633151,4.16126,29,188,6,10,0.74390005,0.04181848,0.03860046,0E-8,0.000000,0.722694,0.000000,0.01256549,2026-05-12,2026-08-02,47,1844,580,83,0.566265,1.297104,1.076088,2.479667,,,,,,,,GLOBAL_BASELINE_NO_ENTITY_RANKING,,,NOT_APPLICABLE_GLOBAL_BASELINE,HF9g-P5,,,,X 全窗基线 · 不参与实体赏罚,15059683,1506,A168_HF9F_20260827_0900,2026-08-27 09:00:00
2026-07-21,17529000,2196,0,14.7161335296,1.9234244701,1.9234244701,0.5000000,5,3,0.50276513478263487,0.502182300000,-0.007821101823523644,-0.00617253530718887,-0.007821101823523644,0.00058283478263487,ELIGIBLE,R03b_20260811_FULL_v1,L1_ELIGIBILITY,v2026-08-11,2026-03-21..2026-08-06,baccarat_bet02_101_all_pairs_incl_sentinel,round_win = game_pnl > 0 (decisive only),COMPATIBILITY_ONLY_NOT_PRODUCTION,234594.9955,169540.3402,9810.4062,19851,11308,-0.04181848,-0.03860046,-0.05116595,-0.04181848,-9810.4062,234594.9955,OK,0.0000,294.3122,3.0000,97.0000,AG03-UNRESOLVED,ALL5_LEVELS_bet23_to_bet27,294.3122,294.3122,294.3122,392.4162,490.5203,3.000000,3.000000,3.000000,4.000000,5.000000,97.000000,97.000000,97.000000,96.000000,95.000000,5.0,1765.8731,1644.6383,8044.5331,8165.7679,PENDING_AG03,FALSE,NOT_FOR_ENFORCEMENT,9516.0940,164454.1300,9810.4062,9516.0940,294.3122,0.04181848,0.04056393,294.3122,9516.0940,0.04056393,294.3122,294.3122,294.3122,392.4162,490.5203,9516.0940,0.04056393,1765.8731,1644.6383,8044.5331,8165.7679,0.03429115,0.03480794,0.00125455,11.8178,14.9930,0.8676,208.7320,5.3202,4991.3829,240.5957,12.7170,9.8041,2.5818,2.84,3.3563,4.9054,16.007,177.8754,0.2582,0.0,5.636364,62.633151,4.16126,29,188,6,10,0.74390005,0.04181848,0.03860046,0E-8,0.000000,0.722694,0.000000,0.01256549,2026-05-12,2026-08-02,47,1844,580,83,0.566265,1.297104,1.076088,2.479667,,,,,,,,GLOBAL_BASELINE_NO_ENTITY_RANKING,,,NOT_APPLICABLE_GLOBAL_BASELINE,HF9g-P5,,,,X 全窗基线 · 不参与实体赏罚,15059684,1506,A168_HF9F_20260827_0900,2026-08-27 09:00:00
2026-07-21,17529000,2205,0,17.2979113417,3.9759378308,3.9759378308,0.3333333,4,3,0.50461960909089479,0.504416500000,-0.5933783913682954,-0.5926725951415955,-0.5933783913682954,0.00020310909089479,ELIGIBLE,R03b_20260811_FULL_v1,L1_ELIGIBILITY,v2026-08-11,2026-03-21..2026-08-06,baccarat_bet02_101_all_pairs_incl_sentinel,round_win = game_pnl > 0 (decisive only),COMPATIBILITY_ONLY_NOT_PRODUCTION,234594.9955,169540.3402,9810.4062,19851,11308,-0.04181848,-0.03860046,-0.05116595,-0.04181848,-9810.4062,234594.9955,OK,0.0000,294.3122,3.0000,97.0000,AG03-UNRESOLVED,ALL5_LEVELS_bet23_to_bet27,294.3122,294.3122,294.3122,392.4162,490.5203,3.000000,3.000000,3.000000,4.000000,5.000000,97.000000,97.000000,97.000000,96.000000,95.000000,5.0,1765.8731,1644.6383,8044.5331,8165.7679,PENDING_AG03,FALSE,NOT_FOR_ENFORCEMENT,9516.0940,164454.1300,9810.4062,9516.0940,294.3122,0.04181848,0.04056393,294.3122,9516.0940,0.04056393,294.3122,294.3122,294.3122,392.4162,490.5203,9516.0940,0.04056393,1765.8731,1644.6383,8044.5331,8165.7679,0.03429115,0.03480794,0.00125455,11.8178,14.9930,0.8676,208.7320,5.3202,4991.3829,240.5957,12.7170,9.8041,2.5818,2.84,3.3563,4.9054,16.007,177.8754,0.2582,0.0,5.636364,62.633151,4.16126,29,188,6,10,0.74390005,0.04181848,0.03860046,0E-8,0.000000,0.722694,0.000000,0.01256549,2026-05-12,2026-08-02,47,1844,580,83,0.566265,1.297104,1.076088,2.479667,,,,,,,,GLOBAL_BASELINE_NO_ENTITY_RANKING,,,NOT_APPLICABLE_GLOBAL_BASELINE,HF9g-P5,,,,X 全窗基线 · 不参与实体赏罚,15059685,1506,A168_HF9F_20260827_0900,2026-08-27 09:00:00
2026-07-21,17529000,2209,0,6.4544445305,-1.2908889061,-1.2908889061,0E-7,2,1,0.50128862000000000,0.499948100000,-1.002580569658824,-0.9998962053866608,-1.002580569658824,0.00134052000000000,ELIGIBLE,R03b_20260811_FULL_v1,L1_ELIGIBILITY,v2026-08-11,2026-03-21..2026-08-06,baccarat_bet02_101_all_pairs_incl_sentinel,round_win = game_pnl > 0 (decisive only),COMPATIBILITY_ONLY_NOT_PRODUCTION,234594.9955,169540.3402,9810.4062,19851,11308,-0.04181848,-0.03860046,-0.05116595,-0.04181848,-9810.4062,234594.9955,OK,0.0000,294.3122,3.0000,97.0000,AG03-UNRESOLVED,ALL5_LEVELS_bet23_to_bet27,294.3122,294.3122,294.3122,392.4162,490.5203,3.000000,3.000000,3.000000,4.000000,5.000000,97.000000,97.000000,97.000000,96.000000,95.000000,5.0,1765.8731,1644.6383,8044.5331,8165.7679,PENDING_AG03,FALSE,NOT_FOR_ENFORCEMENT,9516.0940,164454.1300,9810.4062,9516.0940,294.3122,0.04181848,0.04056393,294.3122,9516.0940,0.04056393,294.3122,294.3122,294.3122,392.4162,490.5203,9516.0940,0.04056393,1765.8731,1644.6383,8044.5331,8165.7679,0.03429115,0.03480794,0.00125455,11.8178,14.9930,0.8676,208.7320,5.3202,4991.3829,240.5957,12.7170,9.8041,2.5818,2.84,3.3563,4.9054,16.007,177.8754,0.2582,0.0,5.636364,62.633151,4.16126,29,188,6,10,0.74390005,0.04181848,0.03860046,0E-8,0.000000,0.722694,0.000000,0.01256549,2026-05-12,2026-08-02,47,1844,580,83,0.566265,1.297104,1.076088,2.479667,,,,,,,,GLOBAL_BASELINE_NO_ENTITY_RANKING,,,NOT_APPLICABLE_GLOBAL_BASELINE,HF9g-P5,,,,X 全窗基线 · 不参与实体赏罚,15059686,1506,A168_HF9F_20260827_0900,2026-08-27 09:00:00
2026-07-21,17529000,2222,0,31.2395115276,0.3872666719,0.3872666719,0.5000000,10,5,0.50106636062336836,0.499948100000,-0.004265452194188946,0.00020760000111838688,-0.004265452194188946,0.00111826062336836,ELIGIBLE,R03b_20260811_FULL_v1,L1_ELIGIBILITY,v2026-08-11,2026-03-21..2026-08-06,baccarat_bet02_101_all_pairs_incl_sentinel,round_win = game_pnl > 0 (decisive only),COMPATIBILITY_ONLY_NOT_PRODUCTION,234594.9955,169540.3402,9810.4062,19851,11308,-0.04181848,-0.03860046,-0.05116595,-0.04181848,-9810.4062,234594.9955,OK,0.0000,294.3122,3.0000,97.0000,AG03-UNRESOLVED,ALL5_LEVELS_bet23_to_bet27,294.3122,294.3122,294.3122,392.4162,490.5203,3.000000,3.000000,3.000000,4.000000,5.000000,97.000000,97.000000,97.000000,96.000000,95.000000,5.0,1765.8731,1644.6383,8044.5331,8165.7679,PENDING_AG03,FALSE,NOT_FOR_ENFORCEMENT,9516.0940,164454.1300,9810.4062,9516.0940,294.3122,0.04181848,0.04056393,294.3122,9516.0940,0.04056393,294.3122,294.3122,294.3122,392.4162,490.5203,9516.0940,0.04056393,1765.8731,1644.6383,8044.5331,8165.7679,0.03429115,0.03480794,0.00125455,11.8178,14.9930,0.8676,208.7320,5.3202,4991.3829,240.5957,12.7170,9.8041,2.5818,2.84,3.3563,4.9054,16.007,177.8754,0.2582,0.0,5.636364,62.633151,4.16126,29,188,6,10,0.74390005,0.04181848,0.03860046,0E-8,0.000000,0.722694,0.000000,0.01256549,2026-05-12,2026-08-02,47,1844,580,83,0.566265,1.297104,1.076088,2.479667,,,,,,,,GLOBAL_BASELINE_NO_ENTITY_RANKING,,,NOT_APPLICABLE_GLOBAL_BASELINE,HF9g-P5,,,,X 全窗基线 · 不参与实体赏罚,15059687,1506,A168_HF9F_20260827_0900,2026-08-27 09:00:00
2026-07-21,17529000,2223,0,65.8353342111,4.0275733871,4.0275733871,0.1428571,10,7,0.50427303405482643,0.503778157143,-1.9125029773222955,-1.9098690189948389,-1.9125029773222955,0.00049487691182643,ELIGIBLE,R03b_20260811_FULL_v1,L1_ELIGIBILITY,v2026-08-11,2026-03-21..2026-08-06,baccarat_bet02_101_all_pairs_incl_sentinel,round_win = game_pnl > 0 (decisive only),COMPATIBILITY_ONLY_NOT_PRODUCTION,234594.9955,169540.3402,9810.4062,19851,11308,-0.04181848,-0.03860046,-0.05116595,-0.04181848,-9810.4062,234594.9955,OK,0.0000,294.3122,3.0000,97.0000,AG03-UNRESOLVED,ALL5_LEVELS_bet23_to_bet27,294.3122,294.3122,294.3122,392.4162,490.5203,3.000000,3.000000,3.000000,4.000000,5.000000,97.000000,97.000000,97.000000,96.000000,95.000000,5.0,1765.8731,1644.6383,8044.5331,8165.7679,PENDING_AG03,FALSE,NOT_FOR_ENFORCEMENT,9516.0940,164454.1300,9810.4062,9516.0940,294.3122,0.04181848,0.04056393,294.3122,9516.0940,0.04056393,294.3122,294.3122,294.3122,392.4162,490.5203,9516.0940,0.04056393,1765.8731,1644.6383,8044.5331,8165.7679,0.03429115,0.03480794,0.00125455,11.8178,14.9930,0.8676,208.7320,5.3202,4991.3829,240.5957,12.7170,9.8041,2.5818,2.84,3.3563,4.9054,16.007,177.8754,0.2582,0.0,5.636364,62.633151,4.16126,29,188,6,10,0.74390005,0.04181848,0.03860046,0E-8,0.000000,0.722694,0.000000,0.01256549,2026-05-12,2026-08-02,47,1844,580,83,0.566265,1.297104,1.076088,2.479667,,,,,,,,GLOBAL_BASELINE_NO_ENTITY_RANKING,,,NOT_APPLICABLE_GLOBAL_BASELINE,HF9g-P5,,,,X 全窗基线 · 不参与实体赏罚,15059688,1506,A168_HF9F_20260827_0900,2026-08-27 09:00:00
2026-07-21,17529000,2229,0,11.1016445924,0.1290888906,0.1290888906,0.5000000,4,2,0.49948385064938388,0.499948100000,0.0014598916015628603,0.00014679536856514622,0.0014598916015628603,-0.00046424935061612,ELIGIBLE,R03b_20260811_FULL_v1,L1_ELIGIBILITY,v2026-08-11,2026-03-21..2026-08-06,baccarat_bet02_101_all_pairs_incl_sentinel,round_win = game_pnl > 0 (decisive only),COMPATIBILITY_ONLY_NOT_PRODUCTION,234594.9955,169540.3402,9810.4062,19851,11308,-0.04181848,-0.03860046,-0.05116595,-0.04181848,-9810.4062,234594.9955,OK,0.0000,294.3122,3.0000,97.0000,AG03-UNRESOLVED,ALL5_LEVELS_bet23_to_bet27,294.3122,294.3122,294.3122,392.4162,490.5203,3.000000,3.000000,3.000000,4.000000,5.000000,97.000000,97.000000,97.000000,96.000000,95.000000,5.0,1765.8731,1644.6383,8044.5331,8165.7679,PENDING_AG03,FALSE,NOT_FOR_ENFORCEMENT,9516.0940,164454.1300,9810.4062,9516.0940,294.3122,0.04181848,0.04056393,294.3122,9516.0940,0.04056393,294.3122,294.3122,294.3122,392.4162,490.5203,9516.0940,0.04056393,1765.8731,1644.6383,8044.5331,8165.7679,0.03429115,0.03480794,0.00125455,11.8178,14.9930,0.8676,208.7320,5.3202,4991.3829,240.5957,12.7170,9.8041,2.5818,2.84,3.3563,4.9054,16.007,177.8754,0.2582,0.0,5.636364,62.633151,4.16126,29,188,6,10,0.74390005,0.04181848,0.03860046,0E-8,0.000000,0.722694,0.000000,0.01256549,2026-05-12,2026-08-02,47,1844,580,83,0.566265,1.297104,1.076088,2.479667,,,,,,,,GLOBAL_BASELINE_NO_ENTITY_RANKING,,,NOT_APPLICABLE_GLOBAL_BASELINE,HF9g-P5,,,,X 全窗基线 · 不参与实体赏罚,15059689,1506,A168_HF9F_20260827_0900,2026-08-27 09:00:00
2026-07-21,17529000,2235,0,2.5817778122,-2.5817778122,-2.5817778122,0E-7,1,1,0.50665070000000000,0.506650700000,-1.013391052207602,-1.013391052207602,-1.013391052207602,0E-17,ELIGIBLE,R03b_20260811_FULL_v1,L1_ELIGIBILITY,v2026-08-11,2026-03-21..2026-08-06,baccarat_bet02_101_all_pairs_incl_sentinel,round_win = game_pnl > 0 (decisive only),COMPATIBILITY_ONLY_NOT_PRODUCTION,234594.9955,169540.3402,9810.4062,19851,11308,-0.04181848,-0.03860046,-0.05116595,-0.04181848,-9810.4062,234594.9955,OK,0.0000,294.3122,3.0000,97.0000,AG03-UNRESOLVED,ALL5_LEVELS_bet23_to_bet27,294.3122,294.3122,294.3122,392.4162,490.5203,3.000000,3.000000,3.000000,4.000000,5.000000,97.000000,97.000000,97.000000,96.000000,95.000000,5.0,1765.8731,1644.6383,8044.5331,8165.7679,PENDING_AG03,FALSE,NOT_FOR_ENFORCEMENT,9516.0940,164454.1300,9810.4062,9516.0940,294.3122,0.04181848,0.04056393,294.3122,9516.0940,0.04056393,294.3122,294.3122,294.3122,392.4162,490.5203,9516.0940,0.04056393,1765.8731,1644.6383,8044.5331,8165.7679,0.03429115,0.03480794,0.00125455,11.8178,14.9930,0.8676,208.7320,5.3202,4991.3829,240.5957,12.7170,9.8041,2.5818,2.84,3.3563,4.9054,16.007,177.8754,0.2582,0.0,5.636364,62.633151,4.16126,29,188,6,10,0.74390005,0.04181848,0.03860046,0E-8,0.000000,0.722694,0.000000,0.01256549,2026-05-12,2026-08-02,47,1844,580,83,0.566265,1.297104,1.076088,2.479667,,,,,,,,GLOBAL_BASELINE_NO_ENTITY_RANKING,,,NOT_APPLICABLE_GLOBAL_BASELINE,HF9g-P5,,,,X 全窗基线 · 不参与实体赏罚,15059690,1506,A168_HF9F_20260827_0900,2026-08-27 09:00:00
2026-07-21,17529000,2239,0,20.1378669351,3.4854000465,3.4854000465,0.7500000,7,4,0.50134447499999549,0.501623750000,0.9946256958032446,0.9935102389205961,0.9946256958032446,-0.00027927500000451,ELIGIBLE,R03b_20260811_FULL_v1,L1_ELIGIBILITY,v2026-08-11,2026-03-21..2026-08-06,baccarat_bet02_101_all_pairs_incl_sentinel,round_win = game_pnl > 0 (decisive only),COMPATIBILITY_ONLY_NOT_PRODUCTION,234594.9955,169540.3402,9810.4062,19851,11308,-0.04181848,-0.03860046,-0.05116595,-0.04181848,-9810.4062,234594.9955,OK,0.0000,294.3122,3.0000,97.0000,AG03-UNRESOLVED,ALL5_LEVELS_bet23_to_bet27,294.3122,294.3122,294.3122,392.4162,490.5203,3.000000,3.000000,3.000000,4.000000,5.000000,97.000000,97.000000,97.000000,96.000000,95.000000,5.0,1765.8731,1644.6383,8044.5331,8165.7679,PENDING_AG03,FALSE,NOT_FOR_ENFORCEMENT,9516.0940,164454.1300,9810.4062,9516.0940,294.3122,0.04181848,0.04056393,294.3122,9516.0940,0.04056393,294.3122,294.3122,294.3122,392.4162,490.5203,9516.0940,0.04056393,1765.8731,1644.6383,8044.5331,8165.7679,0.03429115,0.03480794,0.00125455,11.8178,14.9930,0.8676,208.7320,5.3202,4991.3829,240.5957,12.7170,9.8041,2.5818,2.84,3.3563,4.9054,16.007,177.8754,0.2582,0.0,5.636364,62.633151,4.16126,29,188,6,10,0.74390005,0.04181848,0.03860046,0E-8,0.000000,0.722694,0.000000,0.01256549,2026-05-12,2026-08-02,47,1844,580,83,0.566265,1.297104,1.076088,2.479667,,,,,,,,GLOBAL_BASELINE_NO_ENTITY_RANKING,,,NOT_APPLICABLE_GLOBAL_BASELINE,HF9g-P5,,,,X 全窗基线 · 不参与实体赏罚,15059691,1506,A168_HF9F_20260827_0900,2026-08-27 09:00:00
2026-07-21,17529000,2250,0,11.1016445924,0.2581777812,0.2581777812,0.5000000,4,2,0.49980302207793176,0.499948100000,0.0005571377409881778,0.00014679536856514622,0.0005571377409881778,-0.00014507792206824,ELIGIBLE,R03b_20260811_FULL_v1,L1_ELIGIBILITY,v2026-08-11,2026-03-21..2026-08-06,baccarat_bet02_101_all_pairs_incl_sentinel,round_win = game_pnl > 0 (decisive only),COMPATIBILITY_ONLY_NOT_PRODUCTION,234594.9955,169540.3402,9810.4062,19851,11308,-0.04181848,-0.03860046,-0.05116595,-0.04181848,-9810.4062,234594.9955,OK,0.0000,294.3122,3.0000,97.0000,AG03-UNRESOLVED,ALL5_LEVELS_bet23_to_bet27,294.3122,294.3122,294.3122,392.4162,490.5203,3.000000,3.000000,3.000000,4.000000,5.000000,97.000000,97.000000,97.000000,96.000000,95.000000,5.0,1765.8731,1644.6383,8044.5331,8165.7679,PENDING_AG03,FALSE,NOT_FOR_ENFORCEMENT,9516.0940,164454.1300,9810.4062,9516.0940,294.3122,0.04181848,0.04056393,294.3122,9516.0940,0.04056393,294.3122,294.3122,294.3122,392.4162,490.5203,9516.0940,0.04056393,1765.8731,1644.6383,8044.5331,8165.7679,0.03429115,0.03480794,0.00125455,11.8178,14.9930,0.8676,208.7320,5.3202,4991.3829,240.5957,12.7170,9.8041,2.5818,2.84,3.3563,4.9054,16.007,177.8754,0.2582,0.0,5.636364,62.633151,4.16126,29,188,6,10,0.74390005,0.04181848,0.03860046,0E-8,0.000000,0.722694,0.000000,0.01256549,2026-05-12,2026-08-02,47,1844,580,83,0.566265,1.297104,1.076088,2.479667,,,,,,,,GLOBAL_BASELINE_NO_ENTITY_RANKING,,,NOT_APPLICABLE_GLOBAL_BASELINE,HF9g-P5,,,,X 全窗基线 · 不参与实体赏罚,15059692,1506,A168_HF9F_20260827_0900,2026-08-27 09:00:00
2026-07-21,17529000,2254,0,8.7780445615,3.3046755997,3.3046755997,1.0000000,3,2,0.50373652608697615,0.503299400000,1.4036842666164875,1.4049120381089935,1.4036842666164875,0.00043712608697615,ELIGIBLE,R03b_20260811_FULL_v1,L1_ELIGIBILITY,v2026-08-11,2026-03-21..2026-08-06,baccarat_bet02_101_all_pairs_incl_sentinel,round_win = game_pnl > 0 (decisive only),COMPATIBILITY_ONLY_NOT_PRODUCTION,234594.9955,169540.3402,9810.4062,19851,11308,-0.04181848,-0.03860046,-0.05116595,-0.04181848,-9810.4062,234594.9955,OK,0.0000,294.3122,3.0000,97.0000,AG03-UNRESOLVED,ALL5_LEVELS_bet23_to_bet27,294.3122,294.3122,294.3122,392.4162,490.5203,3.000000,3.000000,3.000000,4.000000,5.000000,97.000000,97.000000,97.000000,96.000000,95.000000,5.0,1765.8731,1644.6383,8044.5331,8165.7679,PENDING_AG03,FALSE,NOT_FOR_ENFORCEMENT,9516.0940,164454.1300,9810.4062,9516.0940,294.3122,0.04181848,0.04056393,294.3122,9516.0940,0.04056393,294.3122,294.3122,294.3122,392.4162,490.5203,9516.0940,0.04056393,1765.8731,1644.6383,8044.5331,8165.7679,0.03429115,0.03480794,0.00125455,11.8178,14.9930,0.8676,208.7320,5.3202,4991.3829,240.5957,12.7170,9.8041,2.5818,2.84,3.3563,4.9054,16.007,177.8754,0.2582,0.0,5.636364,62.633151,4.16126,29,188,6,10,0.74390005,0.04181848,0.03860046,0E-8,0.000000,0.722694,0.000000,0.01256549,2026-05-12,2026-08-02,47,1844,580,83,0.566265,1.297104,1.076088,2.479667,,,,,,,,GLOBAL_BASELINE_NO_ENTITY_RANKING,,,NOT_APPLICABLE_GLOBAL_BASELINE,HF9g-P5,,,,X 全窗基线 · 不参与实体赏罚,15059693,1506,A168_HF9F_20260827_0900,2026-08-27 09:00:00
2026-07-21,17529000,2258,0,7.2289778742,1.8330622467,1.8330622467,1.0000000,2,1,0.50186312857145506,0.499948100000,0.9962806595557404,1.0001038053877793,0.9962806595557404,0.00191502857145506,ELIGIBLE,R03b_20260811_FULL_v1,L1_ELIGIBILITY,v2026-08-11,2026-03-21..2026-08-06,baccarat_bet02_101_all_pairs_incl_sentinel,round_win = game_pnl > 0 (decisive only),COMPATIBILITY_ONLY_NOT_PRODUCTION,234594.9955,169540.3402,9810.4062,19851,11308,-0.04181848,-0.03860046,-0.05116595,-0.04181848,-9810.4062,234594.9955,OK,0.0000,294.3122,3.0000,97.0000,AG03-UNRESOLVED,ALL5_LEVELS_bet23_to_bet27,294.3122,294.3122,294.3122,392.4162,490.5203,3.000000,3.000000,3.000000,4.000000,5.000000,97.000000,97.000000,97.000000,96.000000,95.000000,5.0,1765.8731,1644.6383,8044.5331,8165.7679,PENDING_AG03,FALSE,NOT_FOR_ENFORCEMENT,9516.0940,164454.1300,9810.4062,9516.0940,294.3122,0.04181848,0.04056393,294.3122,9516.0940,0.04056393,294.3122,294.3122,294.3122,392.4162,490.5203,9516.0940,0.04056393,1765.8731,1644.6383,8044.5331,8165.7679,0.03429115,0.03480794,0.00125455,11.8178,14.9930,0.8676,208.7320,5.3202,4991.3829,240.5957,12.7170,9.8041,2.5818,2.84,3.3563,4.9054,16.007,177.8754,0.2582,0.0,5.636364,62.633151,4.16126,29,188,6,10,0.74390005,0.04181848,0.03860046,0E-8,0.000000,0.722694,0.000000,0.01256549,2026-05-12,2026-08-02,47,1844,580,83,0.566265,1.297104,1.076088,2.479667,,,,,,,,GLOBAL_BASELINE_NO_ENTITY_RANKING,,,NOT_APPLICABLE_GLOBAL_BASELINE,HF9g-P5,,,,X 全窗基线 · 不参与实体赏罚,15059694,1506,A168_HF9F_20260827_0900,2026-08-27 09:00:00
2026-07-21,17529000,2262,0,30.7231559652,2.6334133684,2.6334133684,0.8000000,10,5,0.50094809362331885,0.499948100000,1.3374031872545007,1.3418728975849028,1.3374031872545007,0.00099999362331885,ELIGIBLE,R03b_20260811_FULL_v1,L1_ELIGIBILITY,v2026-08-11,2026-03-21..2026-08-06,baccarat_bet02_101_all_pairs_incl_sentinel,round_win = game_pnl > 0 (decisive only),COMPATIBILITY_ONLY_NOT_PRODUCTION,234594.9955,169540.3402,9810.4062,19851,11308,-0.04181848,-0.03860046,-0.05116595,-0.04181848,-9810.4062,234594.9955,OK,0.0000,294.3122,3.0000,97.0000,AG03-UNRESOLVED,ALL5_LEVELS_bet23_to_bet27,294.3122,294.3122,294.3122,392.4162,490.5203,3.000000,3.000000,3.000000,4.000000,5.000000,97.000000,97.000000,97.000000,96.000000,95.000000,5.0,1765.8731,1644.6383,8044.5331,8165.7679,PENDING_AG03,FALSE,NOT_FOR_ENFORCEMENT,9516.0940,164454.1300,9810.4062,9516.0940,294.3122,0.04181848,0.04056393,294.3122,9516.0940,0.04056393,294.3122,294.3122,294.3122,392.4162,490.5203,9516.0940,0.04056393,1765.8731,1644.6383,8044.5331,8165.7679,0.03429115,0.03480794,0.00125455,11.8178,14.9930,0.8676,208.7320,5.3202,4991.3829,240.5957,12.7170,9.8041,2.5818,2.84,3.3563,4.9054,16.007,177.8754,0.2582,0.0,5.636364,62.633151,4.16126,29,188,6,10,0.74390005,0.04181848,0.03860046,0E-8,0.000000,0.722694,0.000000,0.01256549,2026-05-12,2026-08-02,47,1844,580,83,0.566265,1.297104,1.076088,2.479667,,,,,,,,GLOBAL_BASELINE_NO_ENTITY_RANKING,,,NOT_APPLICABLE_GLOBAL_BASELINE,HF9g-P5,,,,X 全窗基线 · 不参与实体赏罚,15059695,1506,A168_HF9F_20260827_0900,2026-08-27 09:00:00
2026-07-21,17529000,2267,0,24.0105336534,2.2977822529,2.2977822529,0.7500000,8,4,0.50083321549656679,0.499948100000,0.9966685218850765,1.0002076053883384,0.9966685218850765,0.00088511549656679,ELIGIBLE,R03b_20260811_FULL_v1,L1_ELIGIBILITY,v2026-08-11,2026-03-21..2026-08-06,baccarat_bet02_101_all_pairs_incl_sentinel,round_win = game_pnl > 0 (decisive only),COMPATIBILITY_ONLY_NOT_PRODUCTION,234594.9955,169540.3402,9810.4062,19851,11308,-0.04181848,-0.03860046,-0.05116595,-0.04181848,-9810.4062,234594.9955,OK,0.0000,294.3122,3.0000,97.0000,AG03-UNRESOLVED,ALL5_LEVELS_bet23_to_bet27,294.3122,294.3122,294.3122,392.4162,490.5203,3.000000,3.000000,3.000000,4.000000,5.000000,97.000000,97.000000,97.000000,96.000000,95.000000,5.0,1765.8731,1644.6383,8044.5331,8165.7679,PENDING_AG03,FALSE,NOT_FOR_ENFORCEMENT,9516.0940,164454.1300,9810.4062,9516.0940,294.3122,0.04181848,0.04056393,294.3122,9516.0940,0.04056393,294.3122,294.3122,294.3122,392.4162,490.5203,9516.0940,0.04056393,1765.8731,1644.6383,8044.5331,8165.7679,0.03429115,0.03480794,0.00125455,11.8178,14.9930,0.8676,208.7320,5.3202,4991.3829,240.5957,12.7170,9.8041,2.5818,2.84,3.3563,4.9054,16.007,177.8754,0.2582,0.0,5.636364,62.633151,4.16126,29,188,6,10,0.74390005,0.04181848,0.03860046,0E-8,0.000000,0.722694,0.000000,0.01256549,2026-05-12,2026-08-02,47,1844,580,83,0.566265,1.297104,1.076088,2.479667,,,,,,,,GLOBAL_BASELINE_NO_ENTITY_RANKING,,,NOT_APPLICABLE_GLOBAL_BASELINE,HF9g-P5,,,,X 全窗基线 · 不参与实体赏罚,15059696,1506,A168_HF9F_20260827_0900,2026-08-27 09:00:00
2026-07-21,17529000,2289,0,35.8867115894,0.7874422327,0.7874422327,0.8333333,12,6,0.50050949782586985,0.499948100000,1.630497988974331,1.6332474276894162,1.630497988974331,0.00056139782586985,ELIGIBLE,R03b_20260811_FULL_v1,L1_ELIGIBILITY,v2026-08-11,2026-03-21..2026-08-06,baccarat_bet02_101_all_pairs_incl_sentinel,round_win = game_pnl > 0 (decisive only),COMPATIBILITY_ONLY_NOT_PRODUCTION,234594.9955,169540.3402,9810.4062,19851,11308,-0.04181848,-0.03860046,-0.05116595,-0.04181848,-9810.4062,234594.9955,OK,0.0000,294.3122,3.0000,97.0000,AG03-UNRESOLVED,ALL5_LEVELS_bet23_to_bet27,294.3122,294.3122,294.3122,392.4162,490.5203,3.000000,3.000000,3.000000,4.000000,5.000000,97.000000,97.000000,97.000000,96.000000,95.000000,5.0,1765.8731,1644.6383,8044.5331,8165.7679,PENDING_AG03,FALSE,NOT_FOR_ENFORCEMENT,9516.0940,164454.1300,9810.4062,9516.0940,294.3122,0.04181848,0.04056393,294.3122,9516.0940,0.04056393,294.3122,294.3122,294.3122,392.4162,490.5203,9516.0940,0.04056393,1765.8731,1644.6383,8044.5331,8165.7679,0.03429115,0.03480794,0.00125455,11.8178,14.9930,0.8676,208.7320,5.3202,4991.3829,240.5957,12.7170,9.8041,2.5818,2.84,3.3563,4.9054,16.007,177.8754,0.2582,0.0,5.636364,62.633151,4.16126,29,188,6,10,0.74390005,0.04181848,0.03860046,0E-8,0.000000,0.722694,0.000000,0.01256549,2026-05-12,2026-08-02,47,1844,580,83,0.566265,1.297104,1.076088,2.479667,,,,,,,,GLOBAL_BASELINE_NO_ENTITY_RANKING,,,NOT_APPLICABLE_GLOBAL_BASELINE,HF9g-P5,,,,X 全窗基线 · 不参与实体赏罚,15059697,1506,A168_HF9F_20260827_0900,2026-08-27 09:00:00
2026-07-21,17529000,471,0,12.9088890610,2.1945111404,2.1945111404,1.0000000,4,2,0.50125408164251746,0.499948100000,1.4106709210286341,1.4143603653603398,1.4106709210286341,0.00130598164251746,ELIGIBLE,R03b_20260811_FULL_v1,L1_ELIGIBILITY,v2026-08-11,2026-03-21..2026-08-06,baccarat_bet02_101_all_pairs_incl_sentinel,round_win = game_pnl > 0 (decisive only),COMPATIBILITY_ONLY_NOT_PRODUCTION,234594.9955,169540.3402,9810.4062,19851,11308,-0.04181848,-0.03860046,-0.05116595,-0.04181848,-9810.4062,234594.9955,OK,0.0000,294.3122,3.0000,97.0000,AG03-UNRESOLVED,ALL5_LEVELS_bet23_to_bet27,294.3122,294.3122,294.3122,392.4162,490.5203,3.000000,3.000000,3.000000,4.000000,5.000000,97.000000,97.000000,97.000000,96.000000,95.000000,5.0,1765.8731,1644.6383,8044.5331,8165.7679,PENDING_AG03,FALSE,NOT_FOR_ENFORCEMENT,9516.0940,164454.1300,9810.4062,9516.0940,294.3122,0.04181848,0.04056393,294.3122,9516.0940,0.04056393,294.3122,294.3122,294.3122,392.4162,490.5203,9516.0940,0.04056393,1765.8731,1644.6383,8044.5331,8165.7679,0.03429115,0.03480794,0.00125455,11.8178,14.9930,0.8676,208.7320,5.3202,4991.3829,240.5957,12.7170,9.8041,2.5818,2.84,3.3563,4.9054,16.007,177.8754,0.2582,0.0,5.636364,62.633151,4.16126,29,188,6,10,0.74390005,0.04181848,0.03860046,0E-8,0.000000,0.722694,0.000000,0.01256549,2026-05-12,2026-08-02,47,1844,580,83,0.566265,1.297104,1.076088,2.479667,,,,,,,,GLOBAL_BASELINE_NO_ENTITY_RANKING,,,NOT_APPLICABLE_GLOBAL_BASELINE,HF9g-P5,,,,X 全窗基线 · 不参与实体赏罚,15059698,1506,A168_HF9F_20260827_0900,2026-08-27 09:00:00
2026-07-21,17529000,550,0,41.5666227763,2.1428755842,2.1428755842,0.6666667,14,8,0.50211070719931320,0.501623750000,0.806163452743475,0.8085461265665994,0.806163452743475,0.00048695719931320,ELIGIBLE,R03b_20260811_FULL_v1,L1_ELIGIBILITY,v2026-08-11,2026-03-21..2026-08-06,baccarat_bet02_101_all_pairs_incl_sentinel,round_win = game_pnl > 0 (decisive only),COMPATIBILITY_ONLY_NOT_PRODUCTION,234594.9955,169540.3402,9810.4062,19851,11308,-0.04181848,-0.03860046,-0.05116595,-0.04181848,-9810.4062,234594.9955,OK,0.0000,294.3122,3.0000,97.0000,AG03-UNRESOLVED,ALL5_LEVELS_bet23_to_bet27,294.3122,294.3122,294.3122,392.4162,490.5203,3.000000,3.000000,3.000000,4.000000,5.000000,97.000000,97.000000,97.000000,96.000000,95.000000,5.0,1765.8731,1644.6383,8044.5331,8165.7679,PENDING_AG03,FALSE,NOT_FOR_ENFORCEMENT,9516.0940,164454.1300,9810.4062,9516.0940,294.3122,0.04181848,0.04056393,294.3122,9516.0940,0.04056393,294.3122,294.3122,294.3122,392.4162,490.5203,9516.0940,0.04056393,1765.8731,1644.6383,8044.5331,8165.7679,0.03429115,0.03480794,0.00125455,11.8178,14.9930,0.8676,208.7320,5.3202,4991.3829,240.5957,12.7170,9.8041,2.5818,2.84,3.3563,4.9054,16.007,177.8754,0.2582,0.0,5.636364,62.633151,4.16126,29,188,6,10,0.74390005,0.04181848,0.03860046,0E-8,0.000000,0.722694,0.000000,0.01256549,2026-05-12,2026-08-02,47,1844,580,83,0.566265,1.297104,1.076088,2.479667,,,,,,,,GLOBAL_BASELINE_NO_ENTITY_RANKING,,,NOT_APPLICABLE_GLOBAL_BASELINE,HF9g-P5,,,,X 全窗基线 · 不参与实体赏罚,15059699,1506,A168_HF9F_20260827_0900,2026-08-27 09:00:00
2026-07-21,17529000,752,0,12.1343557174,0.2581777812,0.2581777812,0.5000000,4,2,0.49982667608696714,0.499948100000,0.0004902340864437115,0.00014679536856514622,0.0004902340864437115,-0.00012142391303286,ELIGIBLE,R03b_20260811_FULL_v1,L1_ELIGIBILITY,v2026-08-11,2026-03-21..2026-08-06,baccarat_bet02_101_all_pairs_incl_sentinel,round_win = game_pnl > 0 (decisive only),COMPATIBILITY_ONLY_NOT_PRODUCTION,234594.9955,169540.3402,9810.4062,19851,11308,-0.04181848,-0.03860046,-0.05116595,-0.04181848,-9810.4062,234594.9955,OK,0.0000,294.3122,3.0000,97.0000,AG03-UNRESOLVED,ALL5_LEVELS_bet23_to_bet27,294.3122,294.3122,294.3122,392.4162,490.5203,3.000000,3.000000,3.000000,4.000000,5.000000,97.000000,97.000000,97.000000,96.000000,95.000000,5.0,1765.8731,1644.6383,8044.5331,8165.7679,PENDING_AG03,FALSE,NOT_FOR_ENFORCEMENT,9516.0940,164454.1300,9810.4062,9516.0940,294.3122,0.04181848,0.04056393,294.3122,9516.0940,0.04056393,294.3122,294.3122,294.3122,392.4162,490.5203,9516.0940,0.04056393,1765.8731,1644.6383,8044.5331,8165.7679,0.03429115,0.03480794,0.00125455,11.8178,14.9930,0.8676,208.7320,5.3202,4991.3829,240.5957,12.7170,9.8041,2.5818,2.84,3.3563,4.9054,16.007,177.8754,0.2582,0.0,5.636364,62.633151,4.16126,29,188,6,10,0.74390005,0.04181848,0.03860046,0E-8,0.000000,0.722694,0.000000,0.01256549,2026-05-12,2026-08-02,47,1844,580,83,0.566265,1.297104,1.076088,2.479667,,,,,,,,GLOBAL_BASELINE_NO_ENTITY_RANKING,,,NOT_APPLICABLE_GLOBAL_BASELINE,HF9g-P5,,,,X 全窗基线 · 不参与实体赏罚,15059700,1506,A168_HF9F_20260827_0900,2026-08-27 09:00:00
2026-07-21,17529000,789,0,21.9451114036,0.3356311157,0.3356311157,0.7500000,8,4,0.50033981038958200,0.499948100000,0.9986409890700473,1.0002076053883384,0.9986409890700473,0.00039171038958200,ELIGIBLE,R03b_20260811_FULL_v1,L1_ELIGIBILITY,v2026-08-11,2026-03-21..2026-08-06,baccarat_bet02_101_all_pairs_incl_sentinel,round_win = game_pnl > 0 (decisive only),COMPATIBILITY_ONLY_NOT_PRODUCTION,234594.9955,169540.3402,9810.4062,19851,11308,-0.04181848,-0.03860046,-0.05116595,-0.04181848,-9810.4062,234594.9955,OK,0.0000,294.3122,3.0000,97.0000,AG03-UNRESOLVED,ALL5_LEVELS_bet23_to_bet27,294.3122,294.3122,294.3122,392.4162,490.5203,3.000000,3.000000,3.000000,4.000000,5.000000,97.000000,97.000000,97.000000,96.000000,95.000000,5.0,1765.8731,1644.6383,8044.5331,8165.7679,PENDING_AG03,FALSE,NOT_FOR_ENFORCEMENT,9516.0940,164454.1300,9810.4062,9516.0940,294.3122,0.04181848,0.04056393,294.3122,9516.0940,0.04056393,294.3122,294.3122,294.3122,392.4162,490.5203,9516.0940,0.04056393,1765.8731,1644.6383,8044.5331,8165.7679,0.03429115,0.03480794,0.00125455,11.8178,14.9930,0.8676,208.7320,5.3202,4991.3829,240.5957,12.7170,9.8041,2.5818,2.84,3.3563,4.9054,16.007,177.8754,0.2582,0.0,5.636364,62.633151,4.16126,29,188,6,10,0.74390005,0.04181848,0.03860046,0E-8,0.000000,0.722694,0.000000,0.01256549,2026-05-12,2026-08-02,47,1844,580,83,0.566265,1.297104,1.076088,2.479667,,,,,,,,GLOBAL_BASELINE_NO_ENTITY_RANKING,,,NOT_APPLICABLE_GLOBAL_BASELINE,HF9g-P5,,,,X 全窗基线 · 不参与实体赏罚,15059701,1506,A168_HF9F_20260827_0900,2026-08-27 09:00:00
2026-07-21,17529000,948,0,40.7920894327,1.9105155810,1.9105155810,0.5000000,13,7,0.50149592238737126,0.500905614286,-0.007328525887117504,-0.004436593086186165,-0.007328525887117504,0.00059030810137126,ELIGIBLE,R03b_20260811_FULL_v1,L1_ELIGIBILITY,v2026-08-11,2026-03-21..2026-08-06,baccarat_bet02_101_all_pairs_incl_sentinel,round_win = game_pnl > 0 (decisive only),COMPATIBILITY_ONLY_NOT_PRODUCTION,234594.9955,169540.3402,9810.4062,19851,11308,-0.04181848,-0.03860046,-0.05116595,-0.04181848,-9810.4062,234594.9955,OK,0.0000,294.3122,3.0000,97.0000,AG03-UNRESOLVED,ALL5_LEVELS_bet23_to_bet27,294.3122,294.3122,294.3122,392.4162,490.5203,3.000000,3.000000,3.000000,4.000000,5.000000,97.000000,97.000000,97.000000,96.000000,95.000000,5.0,1765.8731,1644.6383,8044.5331,8165.7679,PENDING_AG03,FALSE,NOT_FOR_ENFORCEMENT,9516.0940,164454.1300,9810.4062,9516.0940,294.3122,0.04181848,0.04056393,294.3122,9516.0940,0.04056393,294.3122,294.3122,294.3122,392.4162,490.5203,9516.0940,0.04056393,1765.8731,1644.6383,8044.5331,8165.7679,0.03429115,0.03480794,0.00125455,11.8178,14.9930,0.8676,208.7320,5.3202,4991.3829,240.5957,12.7170,9.8041,2.5818,2.84,3.3563,4.9054,16.007,177.8754,0.2582,0.0,5.636364,62.633151,4.16126,29,188,6,10,0.74390005,0.04181848,0.03860046,0E-8,0.000000,0.722694,0.000000,0.01256549,2026-05-12,2026-08-02,47,1844,580,83,0.566265,1.297104,1.076088,2.479667,,,,,,,,GLOBAL_BASELINE_NO_ENTITY_RANKING,,,NOT_APPLICABLE_GLOBAL_BASELINE,HF9g-P5,,,,X 全窗基线 · 不参与实体赏罚,15059702,1506,A168_HF9F_20260827_0900,2026-08-27 09:00:00
2026-07-21,17529000,987,0,23.7523558721,0.2581777813,0.2581777813,0.2500000,8,4,0.49943387936509238,0.499948100000,-0.9977361569946313,-0.9997924053861017,-0.9977361569946313,-0.00051422063490762,ELIGIBLE,R03b_20260811_FULL_v1,L1_ELIGIBILITY,v2026-08-11,2026-03-21..2026-08-06,baccarat_bet02_101_all_pairs_incl_sentinel,round_win = game_pnl > 0 (decisive only),COMPATIBILITY_ONLY_NOT_PRODUCTION,234594.9955,169540.3402,9810.4062,19851,11308,-0.04181848,-0.03860046,-0.05116595,-0.04181848,-9810.4062,234594.9955,OK,0.0000,294.3122,3.0000,97.0000,AG03-UNRESOLVED,ALL5_LEVELS_bet23_to_bet27,294.3122,294.3122,294.3122,392.4162,490.5203,3.000000,3.000000,3.000000,4.000000,5.000000,97.000000,97.000000,97.000000,96.000000,95.000000,5.0,1765.8731,1644.6383,8044.5331,8165.7679,PENDING_AG03,FALSE,NOT_FOR_ENFORCEMENT,9516.0940,164454.1300,9810.4062,9516.0940,294.3122,0.04181848,0.04056393,294.3122,9516.0940,0.04056393,294.3122,294.3122,294.3122,392.4162,490.5203,9516.0940,0.04056393,1765.8731,1644.6383,8044.5331,8165.7679,0.03429115,0.03480794,0.00125455,11.8178,14.9930,0.8676,208.7320,5.3202,4991.3829,240.5957,12.7170,9.8041,2.5818,2.84,3.3563,4.9054,16.007,177.8754,0.2582,0.0,5.636364,62.633151,4.16126,29,188,6,10,0.74390005,0.04181848,0.03860046,0E-8,0.000000,0.722694,0.000000,0.01256549,2026-05-12,2026-08-02,47,1844,580,83,0.566265,1.297104,1.076088,2.479667,,,,,,,,GLOBAL_BASELINE_NO_ENTITY_RANKING,,,NOT_APPLICABLE_GLOBAL_BASELINE,HF9g-P5,,,,X 全窗基线 · 不参与实体赏罚,15059703,1506,A168_HF9F_20260827_0900,2026-08-27 09:00:00
2026-07-22,17529000,-1,1,847.8558335254,55.5985851868,55.5985851868,0.5087719,234,130,0.50004934385832604,0.499741866154,0.1862634667501649,0.1928294185604572,0.1862634667501649,0.00030747770432604,SENTINEL_DEALER,R03b_20260811_FULL_v1,L1_ELIGIBILITY,v2026-08-11,2026-03-21..2026-08-06,baccarat_bet02_101_all_pairs_incl_sentinel,round_win = game_pnl > 0 (decisive only),COMPATIBILITY_ONLY_NOT_PRODUCTION,234594.9955,169540.3402,9810.4062,19851,11308,-0.04181848,-0.03860046,-0.05116595,-0.04181848,-9810.4062,234594.9955,OK,0.0000,294.3122,3.0000,97.0000,AG03-UNRESOLVED,ALL5_LEVELS_bet23_to_bet27,294.3122,294.3122,294.3122,392.4162,490.5203,3.000000,3.000000,3.000000,4.000000,5.000000,97.000000,97.000000,97.000000,96.000000,95.000000,5.0,1765.8731,1644.6383,8044.5331,8165.7679,PENDING_AG03,FALSE,NOT_FOR_ENFORCEMENT,9516.0940,164454.1300,9810.4062,9516.0940,294.3122,0.04181848,0.04056393,294.3122,9516.0940,0.04056393,294.3122,294.3122,294.3122,392.4162,490.5203,9516.0940,0.04056393,1765.8731,1644.6383,8044.5331,8165.7679,0.03429115,0.03480794,0.00125455,11.8178,14.9930,0.8676,208.7320,5.3202,4991.3829,240.5957,12.7170,9.8041,2.5818,2.84,3.3563,4.9054,16.007,177.8754,0.2582,0.0,5.636364,62.633151,4.16126,29,188,6,10,0.74390005,0.04181848,0.03860046,0E-8,0.000000,0.722694,0.000000,0.01256549,2026-05-12,2026-08-02,47,1844,580,83,0.566265,1.297104,1.076088,2.479667,,,,,,,,GLOBAL_BASELINE_NO_ENTITY_RANKING,,,NOT_APPLICABLE_GLOBAL_BASELINE,HF9g-P5,,,,X 全窗基线 · 不参与实体赏罚,15059704,1506,A168_HF9F_20260827_0900,2026-08-27 09:00:00
2026-07-22,17529000,1017,0,5.4217334056,0.1161800016,0.1161800016,1.0000000,2,1,0.50026727142854788,0.499948100000,0.9994655999345988,1.0001038053877793,0.9994655999345988,0.00031917142854788,ELIGIBLE,R03b_20260811_FULL_v1,L1_ELIGIBILITY,v2026-08-11,2026-03-21..2026-08-06,baccarat_bet02_101_all_pairs_incl_sentinel,round_win = game_pnl > 0 (decisive only),COMPATIBILITY_ONLY_NOT_PRODUCTION,234594.9955,169540.3402,9810.4062,19851,11308,-0.04181848,-0.03860046,-0.05116595,-0.04181848,-9810.4062,234594.9955,OK,0.0000,294.3122,3.0000,97.0000,AG03-UNRESOLVED,ALL5_LEVELS_bet23_to_bet27,294.3122,294.3122,294.3122,392.4162,490.5203,3.000000,3.000000,3.000000,4.000000,5.000000,97.000000,97.000000,97.000000,96.000000,95.000000,5.0,1765.8731,1644.6383,8044.5331,8165.7679,PENDING_AG03,FALSE,NOT_FOR_ENFORCEMENT,9516.0940,164454.1300,9810.4062,9516.0940,294.3122,0.04181848,0.04056393,294.3122,9516.0940,0.04056393,294.3122,294.3122,294.3122,392.4162,490.5203,9516.0940,0.04056393,1765.8731,1644.6383,8044.5331,8165.7679,0.03429115,0.03480794,0.00125455,11.8178,14.9930,0.8676,208.7320,5.3202,4991.3829,240.5957,12.7170,9.8041,2.5818,2.84,3.3563,4.9054,16.007,177.8754,0.2582,0.0,5.636364,62.633151,4.16126,29,188,6,10,0.74390005,0.04181848,0.03860046,0E-8,0.000000,0.722694,0.000000,0.01256549,2026-05-12,2026-08-02,47,1844,580,83,0.566265,1.297104,1.076088,2.479667,,,,,,,,GLOBAL_BASELINE_NO_ENTITY_RANKING,,,NOT_APPLICABLE_GLOBAL_BASELINE,HF9g-P5,,,,X 全窗基线 · 不参与实体赏罚,15059705,1506,A168_HF9F_20260827_0900,2026-08-27 09:00:00
2026-07-22,17529000,1210,0,2842.5373712337,803.8365218290,803.8365218290,0.3333333,7,7,0.50090561428571429,0.500905614286,-0.8209345132943034,-0.820934513295704,-0.8209345132943034,-2.8571E-13,ELIGIBLE,R03b_20260811_FULL_v1,L1_ELIGIBILITY,v2026-08-11,2026-03-21..2026-08-06,baccarat_bet02_101_all_pairs_incl_sentinel,round_win = game_pnl > 0 (decisive only),COMPATIBILITY_ONLY_NOT_PRODUCTION,234594.9955,169540.3402,9810.4062,19851,11308,-0.04181848,-0.03860046,-0.05116595,-0.04181848,-9810.4062,234594.9955,OK,0.0000,294.3122,3.0000,97.0000,AG03-UNRESOLVED,ALL5_LEVELS_bet23_to_bet27,294.3122,294.3122,294.3122,392.4162,490.5203,3.000000,3.000000,3.000000,4.000000,5.000000,97.000000,97.000000,97.000000,96.000000,95.000000,5.0,1765.8731,1644.6383,8044.5331,8165.7679,PENDING_AG03,FALSE,NOT_FOR_ENFORCEMENT,9516.0940,164454.1300,9810.4062,9516.0940,294.3122,0.04181848,0.04056393,294.3122,9516.0940,0.04056393,294.3122,294.3122,294.3122,392.4162,490.5203,9516.0940,0.04056393,1765.8731,1644.6383,8044.5331,8165.7679,0.03429115,0.03480794,0.00125455,11.8178,14.9930,0.8676,208.7320,5.3202,4991.3829,240.5957,12.7170,9.8041,2.5818,2.84,3.3563,4.9054,16.007,177.8754,0.2582,0.0,5.636364,62.633151,4.16126,29,188,6,10,0.74390005,0.04181848,0.03860046,0E-8,0.000000,0.722694,0.000000,0.01256549,2026-05-12,2026-08-02,47,1844,580,83,0.566265,1.297104,1.076088,2.479667,,,,,,,,GLOBAL_BASELINE_NO_ENTITY_RANKING,,,NOT_APPLICABLE_GLOBAL_BASELINE,HF9g-P5,,,,X 全窗基线 · 不参与实体赏罚,15059706,1506,A168_HF9F_20260827_0900,2026-08-27 09:00:00
2026-07-22,17529000,1257,0,46.9883561820,0.5163555626,0.5163555626,0.3750000,16,8,0.50034343733765440,0.499948100000,-0.7090497234132142,-0.7068131942587571,-0.7090497234132142,0.00039533733765440,ELIGIBLE,R03b_20260811_FULL_v1,L1_ELIGIBILITY,v2026-08-11,2026-03-21..2026-08-06,baccarat_bet02_101_all_pairs_incl_sentinel,round_win = game_pnl > 0 (decisive only),COMPATIBILITY_ONLY_NOT_PRODUCTION,234594.9955,169540.3402,9810.4062,19851,11308,-0.04181848,-0.03860046,-0.05116595,-0.04181848,-9810.4062,234594.9955,OK,0.0000,294.3122,3.0000,97.0000,AG03-UNRESOLVED,ALL5_LEVELS_bet23_to_bet27,294.3122,294.3122,294.3122,392.4162,490.5203,3.000000,3.000000,3.000000,4.000000,5.000000,97.000000,97.000000,97.000000,96.000000,95.000000,5.0,1765.8731,1644.6383,8044.5331,8165.7679,PENDING_AG03,FALSE,NOT_FOR_ENFORCEMENT,9516.0940,164454.1300,9810.4062,9516.0940,294.3122,0.04181848,0.04056393,294.3122,9516.0940,0.04056393,294.3122,294.3122,294.3122,392.4162,490.5203,9516.0940,0.04056393,1765.8731,1644.6383,8044.5331,8165.7679,0.03429115,0.03480794,0.00125455,11.8178,14.9930,0.8676,208.7320,5.3202,4991.3829,240.5957,12.7170,9.8041,2.5818,2.84,3.3563,4.9054,16.007,177.8754,0.2582,0.0,5.636364,62.633151,4.16126,29,188,6,10,0.74390005,0.04181848,0.03860046,0E-8,0.000000,0.722694,0.000000,0.01256549,2026-05-12,2026-08-02,47,1844,580,83,0.566265,1.297104,1.076088,2.479667,,,,,,,,GLOBAL_BASELINE_NO_ENTITY_RANKING,,,NOT_APPLICABLE_GLOBAL_BASELINE,HF9g-P5,,,,X 全窗基线 · 不参与实体赏罚,15059707,1506,A168_HF9F_20260827_0900,2026-08-27 09:00:00
2026-07-22,17529000,1306,0,27.3668448092,0.7099888985,0.7099888985,1.0000000,10,5,0.50032530259737518,0.499948100000,1.9986992126223602,2.0002076107755586,1.9986992126223602,0.00037720259737518,ELIGIBLE,R03b_20260811_FULL_v1,L1_ELIGIBILITY,v2026-08-11,2026-03-21..2026-08-06,baccarat_bet02_101_all_pairs_incl_sentinel,round_win = game_pnl > 0 (decisive only),COMPATIBILITY_ONLY_NOT_PRODUCTION,234594.9955,169540.3402,9810.4062,19851,11308,-0.04181848,-0.03860046,-0.05116595,-0.04181848,-9810.4062,234594.9955,OK,0.0000,294.3122,3.0000,97.0000,AG03-UNRESOLVED,ALL5_LEVELS_bet23_to_bet27,294.3122,294.3122,294.3122,392.4162,490.5203,3.000000,3.000000,3.000000,4.000000,5.000000,97.000000,97.000000,97.000000,96.000000,95.000000,5.0,1765.8731,1644.6383,8044.5331,8165.7679,PENDING_AG03,FALSE,NOT_FOR_ENFORCEMENT,9516.0940,164454.1300,9810.4062,9516.0940,294.3122,0.04181848,0.04056393,294.3122,9516.0940,0.04056393,294.3122,294.3122,294.3122,392.4162,490.5203,9516.0940,0.04056393,1765.8731,1644.6383,8044.5331,8165.7679,0.03429115,0.03480794,0.00125455,11.8178,14.9930,0.8676,208.7320,5.3202,4991.3829,240.5957,12.7170,9.8041,2.5818,2.84,3.3563,4.9054,16.007,177.8754,0.2582,0.0,5.636364,62.633151,4.16126,29,188,6,10,0.74390005,0.04181848,0.03860046,0E-8,0.000000,0.722694,0.000000,0.01256549,2026-05-12,2026-08-02,47,1844,580,83,0.566265,1.297104,1.076088,2.479667,,,,,,,,GLOBAL_BASELINE_NO_ENTITY_RANKING,,,NOT_APPLICABLE_GLOBAL_BASELINE,HF9g-P5,,,,X 全窗基线 · 不参与实体赏罚,15059708,1506,A168_HF9F_20260827_0900,2026-08-27 09:00:00
2026-07-22,17529000,1325,0,80.5514677407,4.0921178324,4.0921178324,0.6666667,27,14,0.50123738875673807,0.500426857143,1.1461311673568584,1.1517436050538705,1.1461311673568584,0.00081053161373807,ELIGIBLE,R03b_20260811_FULL_v1,L1_ELIGIBILITY,v2026-08-11,2026-03-21..2026-08-06,baccarat_bet02_101_all_pairs_incl_sentinel,round_win = game_pnl > 0 (decisive only),COMPATIBILITY_ONLY_NOT_PRODUCTION,234594.9955,169540.3402,9810.4062,19851,11308,-0.04181848,-0.03860046,-0.05116595,-0.04181848,-9810.4062,234594.9955,OK,0.0000,294.3122,3.0000,97.0000,AG03-UNRESOLVED,ALL5_LEVELS_bet23_to_bet27,294.3122,294.3122,294.3122,392.4162,490.5203,3.000000,3.000000,3.000000,4.000000,5.000000,97.000000,97.000000,97.000000,96.000000,95.000000,5.0,1765.8731,1644.6383,8044.5331,8165.7679,PENDING_AG03,FALSE,NOT_FOR_ENFORCEMENT,9516.0940,164454.1300,9810.4062,9516.0940,294.3122,0.04181848,0.04056393,294.3122,9516.0940,0.04056393,294.3122,294.3122,294.3122,392.4162,490.5203,9516.0940,0.04056393,1765.8731,1644.6383,8044.5331,8165.7679,0.03429115,0.03480794,0.00125455,11.8178,14.9930,0.8676,208.7320,5.3202,4991.3829,240.5957,12.7170,9.8041,2.5818,2.84,3.3563,4.9054,16.007,177.8754,0.2582,0.0,5.636364,62.633151,4.16126,29,188,6,10,0.74390005,0.04181848,0.03860046,0E-8,0.000000,0.722694,0.000000,0.01256549,2026-05-12,2026-08-02,47,1844,580,83,0.566265,1.297104,1.076088,2.479667,,,,,,,,GLOBAL_BASELINE_NO_ENTITY_RANKING,,,NOT_APPLICABLE_GLOBAL_BASELINE,HF9g-P5,,,,X 全窗基线 · 不参与实体赏罚,15059709,1506,A168_HF9F_20260827_0900,2026-08-27 09:00:00
2026-07-22,17529000,1330,0,11.8761779362,0E-10,0E-10,0.5000000,4,2,0.49994810000000000,0.499948100000,0.00014679536856514622,0.00014679536856514622,0.00014679536856514622,0E-17,ELIGIBLE,R03b_20260811_FULL_v1,L1_ELIGIBILITY,v2026-08-11,2026-03-21..2026-08-06,baccarat_bet02_101_all_pairs_incl_sentinel,round_win = game_pnl > 0 (decisive only),COMPATIBILITY_ONLY_NOT_PRODUCTION,234594.9955,169540.3402,9810.4062,19851,11308,-0.04181848,-0.03860046,-0.05116595,-0.04181848,-9810.4062,234594.9955,OK,0.0000,294.3122,3.0000,97.0000,AG03-UNRESOLVED,ALL5_LEVELS_bet23_to_bet27,294.3122,294.3122,294.3122,392.4162,490.5203,3.000000,3.000000,3.000000,4.000000,5.000000,97.000000,97.000000,97.000000,96.000000,95.000000,5.0,1765.8731,1644.6383,8044.5331,8165.7679,PENDING_AG03,FALSE,NOT_FOR_ENFORCEMENT,9516.0940,164454.1300,9810.4062,9516.0940,294.3122,0.04181848,0.04056393,294.3122,9516.0940,0.04056393,294.3122,294.3122,294.3122,392.4162,490.5203,9516.0940,0.04056393,1765.8731,1644.6383,8044.5331,8165.7679,0.03429115,0.03480794,0.00125455,11.8178,14.9930,0.8676,208.7320,5.3202,4991.3829,240.5957,12.7170,9.8041,2.5818,2.84,3.3563,4.9054,16.007,177.8754,0.2582,0.0,5.636364,62.633151,4.16126,29,188,6,10,0.74390005,0.04181848,0.03860046,0E-8,0.000000,0.722694,0.000000,0.01256549,2026-05-12,2026-08-02,47,1844,580,83,0.566265,1.297104,1.076088,2.479667,,,,,,,,GLOBAL_BASELINE_NO_ENTITY_RANKING,,,NOT_APPLICABLE_GLOBAL_BASELINE,HF9g-P5,,,,X 全窗基线 · 不参与实体赏罚,15059710,1506,A168_HF9F_20260827_0900,2026-08-27 09:00:00
2026-07-22,17529000,1331,0,91.3949345518,3.3821289341,3.3821289341,0.4615385,29,16,0.50188641251454122,0.501204837500,-0.29095528297480433,-0.28603913533144965,-0.29095528297480433,0.00068157501454122,ELIGIBLE,R03b_20260811_FULL_v1,L1_ELIGIBILITY,v2026-08-11,2026-03-21..2026-08-06,baccarat_bet02_101_all_pairs_incl_sentinel,round_win = game_pnl > 0 (decisive only),COMPATIBILITY_ONLY_NOT_PRODUCTION,234594.9955,169540.3402,9810.4062,19851,11308,-0.04181848,-0.03860046,-0.05116595,-0.04181848,-9810.4062,234594.9955,OK,0.0000,294.3122,3.0000,97.0000,AG03-UNRESOLVED,ALL5_LEVELS_bet23_to_bet27,294.3122,294.3122,294.3122,392.4162,490.5203,3.000000,3.000000,3.000000,4.000000,5.000000,97.000000,97.000000,97.000000,96.000000,95.000000,5.0,1765.8731,1644.6383,8044.5331,8165.7679,PENDING_AG03,FALSE,NOT_FOR_ENFORCEMENT,9516.0940,164454.1300,9810.4062,9516.0940,294.3122,0.04181848,0.04056393,294.3122,9516.0940,0.04056393,294.3122,294.3122,294.3122,392.4162,490.5203,9516.0940,0.04056393,1765.8731,1644.6383,8044.5331,8165.7679,0.03429115,0.03480794,0.00125455,11.8178,14.9930,0.8676,208.7320,5.3202,4991.3829,240.5957,12.7170,9.8041,2.5818,2.84,3.3563,4.9054,16.007,177.8754,0.2582,0.0,5.636364,62.633151,4.16126,29,188,6,10,0.74390005,0.04181848,0.03860046,0E-8,0.000000,0.722694,0.000000,0.01256549,2026-05-12,2026-08-02,47,1844,580,83,0.566265,1.297104,1.076088,2.479667,,,,,,,,GLOBAL_BASELINE_NO_ENTITY_RANKING,,,NOT_APPLICABLE_GLOBAL_BASELINE,HF9g-P5,,,,X 全窗基线 · 不参与实体赏罚,15059711,1506,A168_HF9F_20260827_0900,2026-08-27 09:00:00
2026-07-22,17529000,1353,0,38.2103116206,5.1635556244,5.1635556244,0.2500000,4,4,0.49994810000000000,0.499948100000,-0.9997924053861017,-0.9997924053861017,-0.9997924053861017,0E-17,ELIGIBLE,R03b_20260811_FULL_v1,L1_ELIGIBILITY,v2026-08-11,2026-03-21..2026-08-06,baccarat_bet02_101_all_pairs_incl_sentinel,round_win = game_pnl > 0 (decisive only),COMPATIBILITY_ONLY_NOT_PRODUCTION,234594.9955,169540.3402,9810.4062,19851,11308,-0.04181848,-0.03860046,-0.05116595,-0.04181848,-9810.4062,234594.9955,OK,0.0000,294.3122,3.0000,97.0000,AG03-UNRESOLVED,ALL5_LEVELS_bet23_to_bet27,294.3122,294.3122,294.3122,392.4162,490.5203,3.000000,3.000000,3.000000,4.000000,5.000000,97.000000,97.000000,97.000000,96.000000,95.000000,5.0,1765.8731,1644.6383,8044.5331,8165.7679,PENDING_AG03,FALSE,NOT_FOR_ENFORCEMENT,9516.0940,164454.1300,9810.4062,9516.0940,294.3122,0.04181848,0.04056393,294.3122,9516.0940,0.04056393,294.3122,294.3122,294.3122,392.4162,490.5203,9516.0940,0.04056393,1765.8731,1644.6383,8044.5331,8165.7679,0.03429115,0.03480794,0.00125455,11.8178,14.9930,0.8676,208.7320,5.3202,4991.3829,240.5957,12.7170,9.8041,2.5818,2.84,3.3563,4.9054,16.007,177.8754,0.2582,0.0,5.636364,62.633151,4.16126,29,188,6,10,0.74390005,0.04181848,0.03860046,0E-8,0.000000,0.722694,0.000000,0.01256549,2026-05-12,2026-08-02,47,1844,580,83,0.566265,1.297104,1.076088,2.479667,,,,,,,,GLOBAL_BASELINE_NO_ENTITY_RANKING,,,NOT_APPLICABLE_GLOBAL_BASELINE,HF9g-P5,,,,X 全窗基线 · 不参与实体赏罚,15059712,1506,A168_HF9F_20260827_0900,2026-08-27 09:00:00
2026-07-22,17529000,1363,0,5.6799111868,0.3614488937,0.3614488937,1.0000000,2,1,0.50055742727268436,0.499948100000,0.9988857662127119,1.0001038053877793,0.9988857662127119,0.00060932727268436,ELIGIBLE,R03b_20260811_FULL_v1,L1_ELIGIBILITY,v2026-08-11,2026-03-21..2026-08-06,baccarat_bet02_101_all_pairs_incl_sentinel,round_win = game_pnl > 0 (decisive only),COMPATIBILITY_ONLY_NOT_PRODUCTION,234594.9955,169540.3402,9810.4062,19851,11308,-0.04181848,-0.03860046,-0.05116595,-0.04181848,-9810.4062,234594.9955,OK,0.0000,294.3122,3.0000,97.0000,AG03-UNRESOLVED,ALL5_LEVELS_bet23_to_bet27,294.3122,294.3122,294.3122,392.4162,490.5203,3.000000,3.000000,3.000000,4.000000,5.000000,97.000000,97.000000,97.000000,96.000000,95.000000,5.0,1765.8731,1644.6383,8044.5331,8165.7679,PENDING_AG03,FALSE,NOT_FOR_ENFORCEMENT,9516.0940,164454.1300,9810.4062,9516.0940,294.3122,0.04181848,0.04056393,294.3122,9516.0940,0.04056393,294.3122,294.3122,294.3122,392.4162,490.5203,9516.0940,0.04056393,1765.8731,1644.6383,8044.5331,8165.7679,0.03429115,0.03480794,0.00125455,11.8178,14.9930,0.8676,208.7320,5.3202,4991.3829,240.5957,12.7170,9.8041,2.5818,2.84,3.3563,4.9054,16.007,177.8754,0.2582,0.0,5.636364,62.633151,4.16126,29,188,6,10,0.74390005,0.04181848,0.03860046,0E-8,0.000000,0.722694,0.000000,0.01256549,2026-05-12,2026-08-02,47,1844,580,83,0.566265,1.297104,1.076088,2.479667,,,,,,,,GLOBAL_BASELINE_NO_ENTITY_RANKING,,,NOT_APPLICABLE_GLOBAL_BASELINE,HF9g-P5,,,,X 全窗基线 · 不参与实体赏罚,15059713,1506,A168_HF9F_20260827_0900,2026-08-27 09:00:00
2026-07-22,17529000,1374,0,48.2792450879,3.2401311545,3.2401311545,0.7500000,17,9,0.50121898259737568,0.500692833333,1.4073221378254925,1.4102956591244544,1.4073221378254925,0.00052614926437568,ELIGIBLE,R03b_20260811_FULL_v1,L1_ELIGIBILITY,v2026-08-11,2026-03-21..2026-08-06,baccarat_bet02_101_all_pairs_incl_sentinel,round_win = game_pnl > 0 (decisive only),COMPATIBILITY_ONLY_NOT_PRODUCTION,234594.9955,169540.3402,9810.4062,19851,11308,-0.04181848,-0.03860046,-0.05116595,-0.04181848,-9810.4062,234594.9955,OK,0.0000,294.3122,3.0000,97.0000,AG03-UNRESOLVED,ALL5_LEVELS_bet23_to_bet27,294.3122,294.3122,294.3122,392.4162,490.5203,3.000000,3.000000,3.000000,4.000000,5.000000,97.000000,97.000000,97.000000,96.000000,95.000000,5.0,1765.8731,1644.6383,8044.5331,8165.7679,PENDING_AG03,FALSE,NOT_FOR_ENFORCEMENT,9516.0940,164454.1300,9810.4062,9516.0940,294.3122,0.04181848,0.04056393,294.3122,9516.0940,0.04056393,294.3122,294.3122,294.3122,392.4162,490.5203,9516.0940,0.04056393,1765.8731,1644.6383,8044.5331,8165.7679,0.03429115,0.03480794,0.00125455,11.8178,14.9930,0.8676,208.7320,5.3202,4991.3829,240.5957,12.7170,9.8041,2.5818,2.84,3.3563,4.9054,16.007,177.8754,0.2582,0.0,5.636364,62.633151,4.16126,29,188,6,10,0.74390005,0.04181848,0.03860046,0E-8,0.000000,0.722694,0.000000,0.01256549,2026-05-12,2026-08-02,47,1844,580,83,0.566265,1.297104,1.076088,2.479667,,,,,,,,GLOBAL_BASELINE_NO_ENTITY_RANKING,,,NOT_APPLICABLE_GLOBAL_BASELINE,HF9g-P5,,,,X 全窗基线 · 不参与实体赏罚,15059714,1506,A168_HF9F_20260827_0900,2026-08-27 09:00:00
2026-07-22,17529000,1384,0,56.2827563057,1.3167066843,1.3167066843,0.5555556,20,10,0.50020488792204995,0.499948100000,0.33210403368386554,0.33364473513075094,0.33210403368386554,0.00025678792204995,ELIGIBLE,R03b_20260811_FULL_v1,L1_ELIGIBILITY,v2026-08-11,2026-03-21..2026-08-06,baccarat_bet02_101_all_pairs_incl_sentinel,round_win = game_pnl > 0 (decisive only),COMPATIBILITY_ONLY_NOT_PRODUCTION,234594.9955,169540.3402,9810.4062,19851,11308,-0.04181848,-0.03860046,-0.05116595,-0.04181848,-9810.4062,234594.9955,OK,0.0000,294.3122,3.0000,97.0000,AG03-UNRESOLVED,ALL5_LEVELS_bet23_to_bet27,294.3122,294.3122,294.3122,392.4162,490.5203,3.000000,3.000000,3.000000,4.000000,5.000000,97.000000,97.000000,97.000000,96.000000,95.000000,5.0,1765.8731,1644.6383,8044.5331,8165.7679,PENDING_AG03,FALSE,NOT_FOR_ENFORCEMENT,9516.0940,164454.1300,9810.4062,9516.0940,294.3122,0.04181848,0.04056393,294.3122,9516.0940,0.04056393,294.3122,294.3122,294.3122,392.4162,490.5203,9516.0940,0.04056393,1765.8731,1644.6383,8044.5331,8165.7679,0.03429115,0.03480794,0.00125455,11.8178,14.9930,0.8676,208.7320,5.3202,4991.3829,240.5957,12.7170,9.8041,2.5818,2.84,3.3563,4.9054,16.007,177.8754,0.2582,0.0,5.636364,62.633151,4.16126,29,188,6,10,0.74390005,0.04181848,0.03860046,0E-8,0.000000,0.722694,0.000000,0.01256549,2026-05-12,2026-08-02,47,1844,580,83,0.566265,1.297104,1.076088,2.479667,,,,,,,,GLOBAL_BASELINE_NO_ENTITY_RANKING,,,NOT_APPLICABLE_GLOBAL_BASELINE,HF9g-P5,,,,X 全窗基线 · 不参与实体赏罚,15059715,1506,A168_HF9F_20260827_0900,2026-08-27 09:00:00
2026-07-22,17529000,1398,0,144.5795574830,47.1690806291,47.1690806291,0.3846154,21,14,0.50145456751632230,0.501384371429,-0.8425428951211691,-0.8420363661859962,-0.8425428951211691,0.00007019608732230,ELIGIBLE,R03b_20260811_FULL_v1,L1_ELIGIBILITY,v2026-08-11,2026-03-21..2026-08-06,baccarat_bet02_101_all_pairs_incl_sentinel,round_win = game_pnl > 0 (decisive only),COMPATIBILITY_ONLY_NOT_PRODUCTION,234594.9955,169540.3402,9810.4062,19851,11308,-0.04181848,-0.03860046,-0.05116595,-0.04181848,-9810.4062,234594.9955,OK,0.0000,294.3122,3.0000,97.0000,AG03-UNRESOLVED,ALL5_LEVELS_bet23_to_bet27,294.3122,294.3122,294.3122,392.4162,490.5203,3.000000,3.000000,3.000000,4.000000,5.000000,97.000000,97.000000,97.000000,96.000000,95.000000,5.0,1765.8731,1644.6383,8044.5331,8165.7679,PENDING_AG03,FALSE,NOT_FOR_ENFORCEMENT,9516.0940,164454.1300,9810.4062,9516.0940,294.3122,0.04181848,0.04056393,294.3122,9516.0940,0.04056393,294.3122,294.3122,294.3122,392.4162,490.5203,9516.0940,0.04056393,1765.8731,1644.6383,8044.5331,8165.7679,0.03429115,0.03480794,0.00125455,11.8178,14.9930,0.8676,208.7320,5.3202,4991.3829,240.5957,12.7170,9.8041,2.5818,2.84,3.3563,4.9054,16.007,177.8754,0.2582,0.0,5.636364,62.633151,4.16126,29,188,6,10,0.74390005,0.04181848,0.03860046,0E-8,0.000000,0.722694,0.000000,0.01256549,2026-05-12,2026-08-02,47,1844,580,83,0.566265,1.297104,1.076088,2.479667,,,,,,,,GLOBAL_BASELINE_NO_ENTITY_RANKING,,,NOT_APPLICABLE_GLOBAL_BASELINE,HF9g-P5,,,,X 全窗基线 · 不参与实体赏罚,15059716,1506,A168_HF9F_20260827_0900,2026-08-27 09:00:00
2026-07-22,17529000,1402,0,25.0432447783,19.3633335915,19.3633335915,1.0000000,3,2,0.49629213636365782,0.496596800000,1.0074434288273104,1.0068297220111357,1.0074434288273104,-0.00030466363634218,ELIGIBLE,R03b_20260811_FULL_v1,L1_ELIGIBILITY,v2026-08-11,2026-03-21..2026-08-06,baccarat_bet02_101_all_pairs_incl_sentinel,round_win = game_pnl > 0 (decisive only),COMPATIBILITY_ONLY_NOT_PRODUCTION,234594.9955,169540.3402,9810.4062,19851,11308,-0.04181848,-0.03860046,-0.05116595,-0.04181848,-9810.4062,234594.9955,OK,0.0000,294.3122,3.0000,97.0000,AG03-UNRESOLVED,ALL5_LEVELS_bet23_to_bet27,294.3122,294.3122,294.3122,392.4162,490.5203,3.000000,3.000000,3.000000,4.000000,5.000000,97.000000,97.000000,97.000000,96.000000,95.000000,5.0,1765.8731,1644.6383,8044.5331,8165.7679,PENDING_AG03,FALSE,NOT_FOR_ENFORCEMENT,9516.0940,164454.1300,9810.4062,9516.0940,294.3122,0.04181848,0.04056393,294.3122,9516.0940,0.04056393,294.3122,294.3122,294.3122,392.4162,490.5203,9516.0940,0.04056393,1765.8731,1644.6383,8044.5331,8165.7679,0.03429115,0.03480794,0.00125455,11.8178,14.9930,0.8676,208.7320,5.3202,4991.3829,240.5957,12.7170,9.8041,2.5818,2.84,3.3563,4.9054,16.007,177.8754,0.2582,0.0,5.636364,62.633151,4.16126,29,188,6,10,0.74390005,0.04181848,0.03860046,0E-8,0.000000,0.722694,0.000000,0.01256549,2026-05-12,2026-08-02,47,1844,580,83,0.566265,1.297104,1.076088,2.479667,,,,,,,,GLOBAL_BASELINE_NO_ENTITY_RANKING,,,NOT_APPLICABLE_GLOBAL_BASELINE,HF9g-P5,,,,X 全窗基线 · 不参与实体赏罚,15059717,1506,A168_HF9F_20260827_0900,2026-08-27 09:00:00
2026-07-22,17529000,1507,0,25.5596003408,2.3881444763,2.3881444763,0.5000000,8,4,0.50115964082125947,0.499948100000,-0.004638575760660339,0.00020760000111838688,-0.004638575760660339,0.00121154082125947,ELIGIBLE,R03b_20260811_FULL_v1,L1_ELIGIBILITY,v2026-08-11,2026-03-21..2026-08-06,baccarat_bet02_101_all_pairs_incl_sentinel,round_win = game_pnl > 0 (decisive only),COMPATIBILITY_ONLY_NOT_PRODUCTION,234594.9955,169540.3402,9810.4062,19851,11308,-0.04181848,-0.03860046,-0.05116595,-0.04181848,-9810.4062,234594.9955,OK,0.0000,294.3122,3.0000,97.0000,AG03-UNRESOLVED,ALL5_LEVELS_bet23_to_bet27,294.3122,294.3122,294.3122,392.4162,490.5203,3.000000,3.000000,3.000000,4.000000,5.000000,97.000000,97.000000,97.000000,96.000000,95.000000,5.0,1765.8731,1644.6383,8044.5331,8165.7679,PENDING_AG03,FALSE,NOT_FOR_ENFORCEMENT,9516.0940,164454.1300,9810.4062,9516.0940,294.3122,0.04181848,0.04056393,294.3122,9516.0940,0.04056393,294.3122,294.3122,294.3122,392.4162,490.5203,9516.0940,0.04056393,1765.8731,1644.6383,8044.5331,8165.7679,0.03429115,0.03480794,0.00125455,11.8178,14.9930,0.8676,208.7320,5.3202,4991.3829,240.5957,12.7170,9.8041,2.5818,2.84,3.3563,4.9054,16.007,177.8754,0.2582,0.0,5.636364,62.633151,4.16126,29,188,6,10,0.74390005,0.04181848,0.03860046,0E-8,0.000000,0.722694,0.000000,0.01256549,2026-05-12,2026-08-02,47,1844,580,83,0.566265,1.297104,1.076088,2.479667,,,,,,,,GLOBAL_BASELINE_NO_ENTITY_RANKING,,,NOT_APPLICABLE_GLOBAL_BASELINE,HF9g-P5,,,,X 全窗基线 · 不参与实体赏罚,15059718,1506,A168_HF9F_20260827_0900,2026-08-27 09:00:00
2026-07-22,17529000,1646,0,11.6180001549,0.0903622235,0.0903622235,0.5000000,4,2,0.50068988972331833,0.499948100000,-0.0019513046639565348,0.00014679536856514622,-0.0019513046639565348,0.00074178972331833,ELIGIBLE,R03b_20260811_FULL_v1,L1_ELIGIBILITY,v2026-08-11,2026-03-21..2026-08-06,baccarat_bet02_101_all_pairs_incl_sentinel,round_win = game_pnl > 0 (decisive only),COMPATIBILITY_ONLY_NOT_PRODUCTION,234594.9955,169540.3402,9810.4062,19851,11308,-0.04181848,-0.03860046,-0.05116595,-0.04181848,-9810.4062,234594.9955,OK,0.0000,294.3122,3.0000,97.0000,AG03-UNRESOLVED,ALL5_LEVELS_bet23_to_bet27,294.3122,294.3122,294.3122,392.4162,490.5203,3.000000,3.000000,3.000000,4.000000,5.000000,97.000000,97.000000,97.000000,96.000000,95.000000,5.0,1765.8731,1644.6383,8044.5331,8165.7679,PENDING_AG03,FALSE,NOT_FOR_ENFORCEMENT,9516.0940,164454.1300,9810.4062,9516.0940,294.3122,0.04181848,0.04056393,294.3122,9516.0940,0.04056393,294.3122,294.3122,294.3122,392.4162,490.5203,9516.0940,0.04056393,1765.8731,1644.6383,8044.5331,8165.7679,0.03429115,0.03480794,0.00125455,11.8178,14.9930,0.8676,208.7320,5.3202,4991.3829,240.5957,12.7170,9.8041,2.5818,2.84,3.3563,4.9054,16.007,177.8754,0.2582,0.0,5.636364,62.633151,4.16126,29,188,6,10,0.74390005,0.04181848,0.03860046,0E-8,0.000000,0.722694,0.000000,0.01256549,2026-05-12,2026-08-02,47,1844,580,83,0.566265,1.297104,1.076088,2.479667,,,,,,,,GLOBAL_BASELINE_NO_ENTITY_RANKING,,,NOT_APPLICABLE_GLOBAL_BASELINE,HF9g-P5,,,,X 全窗基线 · 不参与实体赏罚,15059719,1506,A168_HF9F_20260827_0900,2026-08-27 09:00:00
2026-07-22,17529000,1935,0,24.0105336534,1.9879689154,1.9879689154,0.7500000,8,4,0.50019690863634669,0.499948100000,0.9992124429395665,1.0002076053883384,0.9992124429395665,0.00024880863634669,ELIGIBLE,R03b_20260811_FULL_v1,L1_ELIGIBILITY,v2026-08-11,2026-03-21..2026-08-06,baccarat_bet02_101_all_pairs_incl_sentinel,round_win = game_pnl > 0 (decisive only),COMPATIBILITY_ONLY_NOT_PRODUCTION,234594.9955,169540.3402,9810.4062,19851,11308,-0.04181848,-0.03860046,-0.05116595,-0.04181848,-9810.4062,234594.9955,OK,0.0000,294.3122,3.0000,97.0000,AG03-UNRESOLVED,ALL5_LEVELS_bet23_to_bet27,294.3122,294.3122,294.3122,392.4162,490.5203,3.000000,3.000000,3.000000,4.000000,5.000000,97.000000,97.000000,97.000000,96.000000,95.000000,5.0,1765.8731,1644.6383,8044.5331,8165.7679,PENDING_AG03,FALSE,NOT_FOR_ENFORCEMENT,9516.0940,164454.1300,9810.4062,9516.0940,294.3122,0.04181848,0.04056393,294.3122,9516.0940,0.04056393,294.3122,294.3122,294.3122,392.4162,490.5203,9516.0940,0.04056393,1765.8731,1644.6383,8044.5331,8165.7679,0.03429115,0.03480794,0.00125455,11.8178,14.9930,0.8676,208.7320,5.3202,4991.3829,240.5957,12.7170,9.8041,2.5818,2.84,3.3563,4.9054,16.007,177.8754,0.2582,0.0,5.636364,62.633151,4.16126,29,188,6,10,0.74390005,0.04181848,0.03860046,0E-8,0.000000,0.722694,0.000000,0.01256549,2026-05-12,2026-08-02,47,1844,580,83,0.566265,1.297104,1.076088,2.479667,,,,,,,,GLOBAL_BASELINE_NO_ENTITY_RANKING,,,NOT_APPLICABLE_GLOBAL_BASELINE,HF9g-P5,,,,X 全窗基线 · 不参与实体赏罚,15059720,1506,A168_HF9F_20260827_0900,2026-08-27 09:00:00
2026-07-22,17529000,1951,0,59.6390674618,4.3115689464,4.3115689464,0.6000000,19,10,0.50153264188663366,0.500618360000,0.6227651793820617,0.628545160678458,0.6227651793820617,0.00091428188663366,ELIGIBLE,R03b_20260811_FULL_v1,L1_ELIGIBILITY,v2026-08-11,2026-03-21..2026-08-06,baccarat_bet02_101_all_pairs_incl_sentinel,round_win = game_pnl > 0 (decisive only),COMPATIBILITY_ONLY_NOT_PRODUCTION,234594.9955,169540.3402,9810.4062,19851,11308,-0.04181848,-0.03860046,-0.05116595,-0.04181848,-9810.4062,234594.9955,OK,0.0000,294.3122,3.0000,97.0000,AG03-UNRESOLVED,ALL5_LEVELS_bet23_to_bet27,294.3122,294.3122,294.3122,392.4162,490.5203,3.000000,3.000000,3.000000,4.000000,5.000000,97.000000,97.000000,97.000000,96.000000,95.000000,5.0,1765.8731,1644.6383,8044.5331,8165.7679,PENDING_AG03,FALSE,NOT_FOR_ENFORCEMENT,9516.0940,164454.1300,9810.4062,9516.0940,294.3122,0.04181848,0.04056393,294.3122,9516.0940,0.04056393,294.3122,294.3122,294.3122,392.4162,490.5203,9516.0940,0.04056393,1765.8731,1644.6383,8044.5331,8165.7679,0.03429115,0.03480794,0.00125455,11.8178,14.9930,0.8676,208.7320,5.3202,4991.3829,240.5957,12.7170,9.8041,2.5818,2.84,3.3563,4.9054,16.007,177.8754,0.2582,0.0,5.636364,62.633151,4.16126,29,188,6,10,0.74390005,0.04181848,0.03860046,0E-8,0.000000,0.722694,0.000000,0.01256549,2026-05-12,2026-08-02,47,1844,580,83,0.566265,1.297104,1.076088,2.479667,,,,,,,,GLOBAL_BASELINE_NO_ENTITY_RANKING,,,NOT_APPLICABLE_GLOBAL_BASELINE,HF9g-P5,,,,X 全窗基线 · 不参与实体赏罚,15059721,1506,A168_HF9F_20260827_0900,2026-08-27 09:00:00
2026-07-22,17529000,1957,0,5.6799111868,-0.5163555624,-0.5163555624,0E-7,2,1,0.50055742727268436,0.499948100000,-1.001115476689104,-0.9998962053866608,-1.001115476689104,0.00060932727268436,ELIGIBLE,R03b_20260811_FULL_v1,L1_ELIGIBILITY,v2026-08-11,2026-03-21..2026-08-06,baccarat_bet02_101_all_pairs_incl_sentinel,round_win = game_pnl > 0 (decisive only),COMPATIBILITY_ONLY_NOT_PRODUCTION,234594.9955,169540.3402,9810.4062,19851,11308,-0.04181848,-0.03860046,-0.05116595,-0.04181848,-9810.4062,234594.9955,OK,0.0000,294.3122,3.0000,97.0000,AG03-UNRESOLVED,ALL5_LEVELS_bet23_to_bet27,294.3122,294.3122,294.3122,392.4162,490.5203,3.000000,3.000000,3.000000,4.000000,5.000000,97.000000,97.000000,97.000000,96.000000,95.000000,5.0,1765.8731,1644.6383,8044.5331,8165.7679,PENDING_AG03,FALSE,NOT_FOR_ENFORCEMENT,9516.0940,164454.1300,9810.4062,9516.0940,294.3122,0.04181848,0.04056393,294.3122,9516.0940,0.04056393,294.3122,294.3122,294.3122,392.4162,490.5203,9516.0940,0.04056393,1765.8731,1644.6383,8044.5331,8165.7679,0.03429115,0.03480794,0.00125455,11.8178,14.9930,0.8676,208.7320,5.3202,4991.3829,240.5957,12.7170,9.8041,2.5818,2.84,3.3563,4.9054,16.007,177.8754,0.2582,0.0,5.636364,62.633151,4.16126,29,188,6,10,0.74390005,0.04181848,0.03860046,0E-8,0.000000,0.722694,0.000000,0.01256549,2026-05-12,2026-08-02,47,1844,580,83,0.566265,1.297104,1.076088,2.479667,,,,,,,,GLOBAL_BASELINE_NO_ENTITY_RANKING,,,NOT_APPLICABLE_GLOBAL_BASELINE,HF9g-P5,,,,X 全窗基线 · 不参与实体赏罚,15059722,1506,A168_HF9F_20260827_0900,2026-08-27 09:00:00
2026-07-22,17529000,1963,0,115.1472904241,8.7393178945,8.7393178945,0.3000000,16,10,0.49963833410628667,0.499948100000,-1.2626240184231716,-1.2645828264588121,-1.2626240184231716,-0.00030976589371333,ELIGIBLE,R03b_20260811_FULL_v1,L1_ELIGIBILITY,v2026-08-11,2026-03-21..2026-08-06,baccarat_bet02_101_all_pairs_incl_sentinel,round_win = game_pnl > 0 (decisive only),COMPATIBILITY_ONLY_NOT_PRODUCTION,234594.9955,169540.3402,9810.4062,19851,11308,-0.04181848,-0.03860046,-0.05116595,-0.04181848,-9810.4062,234594.9955,OK,0.0000,294.3122,3.0000,97.0000,AG03-UNRESOLVED,ALL5_LEVELS_bet23_to_bet27,294.3122,294.3122,294.3122,392.4162,490.5203,3.000000,3.000000,3.000000,4.000000,5.000000,97.000000,97.000000,97.000000,96.000000,95.000000,5.0,1765.8731,1644.6383,8044.5331,8165.7679,PENDING_AG03,FALSE,NOT_FOR_ENFORCEMENT,9516.0940,164454.1300,9810.4062,9516.0940,294.3122,0.04181848,0.04056393,294.3122,9516.0940,0.04056393,294.3122,294.3122,294.3122,392.4162,490.5203,9516.0940,0.04056393,1765.8731,1644.6383,8044.5331,8165.7679,0.03429115,0.03480794,0.00125455,11.8178,14.9930,0.8676,208.7320,5.3202,4991.3829,240.5957,12.7170,9.8041,2.5818,2.84,3.3563,4.9054,16.007,177.8754,0.2582,0.0,5.636364,62.633151,4.16126,29,188,6,10,0.74390005,0.04181848,0.03860046,0E-8,0.000000,0.722694,0.000000,0.01256549,2026-05-12,2026-08-02,47,1844,580,83,0.566265,1.297104,1.076088,2.479667,,,,,,,,GLOBAL_BASELINE_NO_ENTITY_RANKING,,,NOT_APPLICABLE_GLOBAL_BASELINE,HF9g-P5,,,,X 全窗基线 · 不参与实体赏罚,15059723,1506,A168_HF9F_20260827_0900,2026-08-27 09:00:00
2026-07-22,17529000,1966,0,28.3995559342,1.3167066843,1.3167066843,0.7500000,10,5,0.50054733489553694,0.499948100000,0.9978112582576203,1.0002076053883384,0.9978112582576203,0.00059923489553694,ELIGIBLE,R03b_20260811_FULL_v1,L1_ELIGIBILITY,v2026-08-11,2026-03-21..2026-08-06,baccarat_bet02_101_all_pairs_incl_sentinel,round_win = game_pnl > 0 (decisive only),COMPATIBILITY_ONLY_NOT_PRODUCTION,234594.9955,169540.3402,9810.4062,19851,11308,-0.04181848,-0.03860046,-0.05116595,-0.04181848,-9810.4062,234594.9955,OK,0.0000,294.3122,3.0000,97.0000,AG03-UNRESOLVED,ALL5_LEVELS_bet23_to_bet27,294.3122,294.3122,294.3122,392.4162,490.5203,3.000000,3.000000,3.000000,4.000000,5.000000,97.000000,97.000000,97.000000,96.000000,95.000000,5.0,1765.8731,1644.6383,8044.5331,8165.7679,PENDING_AG03,FALSE,NOT_FOR_ENFORCEMENT,9516.0940,164454.1300,9810.4062,9516.0940,294.3122,0.04181848,0.04056393,294.3122,9516.0940,0.04056393,294.3122,294.3122,294.3122,392.4162,490.5203,9516.0940,0.04056393,1765.8731,1644.6383,8044.5331,8165.7679,0.03429115,0.03480794,0.00125455,11.8178,14.9930,0.8676,208.7320,5.3202,4991.3829,240.5957,12.7170,9.8041,2.5818,2.84,3.3563,4.9054,16.007,177.8754,0.2582,0.0,5.636364,62.633151,4.16126,29,188,6,10,0.74390005,0.04181848,0.03860046,0E-8,0.000000,0.722694,0.000000,0.01256549,2026-05-12,2026-08-02,47,1844,580,83,0.566265,1.297104,1.076088,2.479667,,,,,,,,GLOBAL_BASELINE_NO_ENTITY_RANKING,,,NOT_APPLICABLE_GLOBAL_BASELINE,HF9g-P5,,,,X 全窗基线 · 不参与实体赏罚,15059724,1506,A168_HF9F_20260827_0900,2026-08-27 09:00:00
2026-07-22,17529000,1985,0,17.2979113417,0.4518111172,0.4518111172,0.6666667,6,3,0.50064573557310701,0.499948100000,0.5751138551636181,0.5775300591747329,0.5751138551636181,0.00069763557310701,ELIGIBLE,R03b_20260811_FULL_v1,L1_ELIGIBILITY,v2026-08-11,2026-03-21..2026-08-06,baccarat_bet02_101_all_pairs_incl_sentinel,round_win = game_pnl > 0 (decisive only),COMPATIBILITY_ONLY_NOT_PRODUCTION,234594.9955,169540.3402,9810.4062,19851,11308,-0.04181848,-0.03860046,-0.05116595,-0.04181848,-9810.4062,234594.9955,OK,0.0000,294.3122,3.0000,97.0000,AG03-UNRESOLVED,ALL5_LEVELS_bet23_to_bet27,294.3122,294.3122,294.3122,392.4162,490.5203,3.000000,3.000000,3.000000,4.000000,5.000000,97.000000,97.000000,97.000000,96.000000,95.000000,5.0,1765.8731,1644.6383,8044.5331,8165.7679,PENDING_AG03,FALSE,NOT_FOR_ENFORCEMENT,9516.0940,164454.1300,9810.4062,9516.0940,294.3122,0.04181848,0.04056393,294.3122,9516.0940,0.04056393,294.3122,294.3122,294.3122,392.4162,490.5203,9516.0940,0.04056393,1765.8731,1644.6383,8044.5331,8165.7679,0.03429115,0.03480794,0.00125455,11.8178,14.9930,0.8676,208.7320,5.3202,4991.3829,240.5957,12.7170,9.8041,2.5818,2.84,3.3563,4.9054,16.007,177.8754,0.2582,0.0,5.636364,62.633151,4.16126,29,188,6,10,0.74390005,0.04181848,0.03860046,0E-8,0.000000,0.722694,0.000000,0.01256549,2026-05-12,2026-08-02,47,1844,580,83,0.566265,1.297104,1.076088,2.479667,,,,,,,,GLOBAL_BASELINE_NO_ENTITY_RANKING,,,NOT_APPLICABLE_GLOBAL_BASELINE,HF9g-P5,,,,X 全窗基线 · 不参与实体赏罚,15059725,1506,A168_HF9F_20260827_0900,2026-08-27 09:00:00
2026-07-22,17529000,1990,0,5.6799111868,-0.5163555624,-0.5163555624,0E-7,2,1,0.50055742727268436,0.499948100000,-1.001115476689104,-0.9998962053866608,-1.001115476689104,0.00060932727268436,ELIGIBLE,R03b_20260811_FULL_v1,L1_ELIGIBILITY,v2026-08-11,2026-03-21..2026-08-06,baccarat_bet02_101_all_pairs_incl_sentinel,round_win = game_pnl > 0 (decisive only),COMPATIBILITY_ONLY_NOT_PRODUCTION,234594.9955,169540.3402,9810.4062,19851,11308,-0.04181848,-0.03860046,-0.05116595,-0.04181848,-9810.4062,234594.9955,OK,0.0000,294.3122,3.0000,97.0000,AG03-UNRESOLVED,ALL5_LEVELS_bet23_to_bet27,294.3122,294.3122,294.3122,392.4162,490.5203,3.000000,3.000000,3.000000,4.000000,5.000000,97.000000,97.000000,97.000000,96.000000,95.000000,5.0,1765.8731,1644.6383,8044.5331,8165.7679,PENDING_AG03,FALSE,NOT_FOR_ENFORCEMENT,9516.0940,164454.1300,9810.4062,9516.0940,294.3122,0.04181848,0.04056393,294.3122,9516.0940,0.04056393,294.3122,294.3122,294.3122,392.4162,490.5203,9516.0940,0.04056393,1765.8731,1644.6383,8044.5331,8165.7679,0.03429115,0.03480794,0.00125455,11.8178,14.9930,0.8676,208.7320,5.3202,4991.3829,240.5957,12.7170,9.8041,2.5818,2.84,3.3563,4.9054,16.007,177.8754,0.2582,0.0,5.636364,62.633151,4.16126,29,188,6,10,0.74390005,0.04181848,0.03860046,0E-8,0.000000,0.722694,0.000000,0.01256549,2026-05-12,2026-08-02,47,1844,580,83,0.566265,1.297104,1.076088,2.479667,,,,,,,,GLOBAL_BASELINE_NO_ENTITY_RANKING,,,NOT_APPLICABLE_GLOBAL_BASELINE,HF9g-P5,,,,X 全窗基线 · 不参与实体赏罚,15059726,1506,A168_HF9F_20260827_0900,2026-08-27 09:00:00
2026-07-22,17529000,2103,0,51.1192006814,2.1428755842,2.1428755842,0.7500000,18,9,0.49989306850994899,0.499948100000,1.4148184905820362,1.414507160728905,1.4148184905820362,-0.00005503149005101,ELIGIBLE,R03b_20260811_FULL_v1,L1_ELIGIBILITY,v2026-08-11,2026-03-21..2026-08-06,baccarat_bet02_101_all_pairs_incl_sentinel,round_win = game_pnl > 0 (decisive only),COMPATIBILITY_ONLY_NOT_PRODUCTION,234594.9955,169540.3402,9810.4062,19851,11308,-0.04181848,-0.03860046,-0.05116595,-0.04181848,-9810.4062,234594.9955,OK,0.0000,294.3122,3.0000,97.0000,AG03-UNRESOLVED,ALL5_LEVELS_bet23_to_bet27,294.3122,294.3122,294.3122,392.4162,490.5203,3.000000,3.000000,3.000000,4.000000,5.000000,97.000000,97.000000,97.000000,96.000000,95.000000,5.0,1765.8731,1644.6383,8044.5331,8165.7679,PENDING_AG03,FALSE,NOT_FOR_ENFORCEMENT,9516.0940,164454.1300,9810.4062,9516.0940,294.3122,0.04181848,0.04056393,294.3122,9516.0940,0.04056393,294.3122,294.3122,294.3122,392.4162,490.5203,9516.0940,0.04056393,1765.8731,1644.6383,8044.5331,8165.7679,0.03429115,0.03480794,0.00125455,11.8178,14.9930,0.8676,208.7320,5.3202,4991.3829,240.5957,12.7170,9.8041,2.5818,2.84,3.3563,4.9054,16.007,177.8754,0.2582,0.0,5.636364,62.633151,4.16126,29,188,6,10,0.74390005,0.04181848,0.03860046,0E-8,0.000000,0.722694,0.000000,0.01256549,2026-05-12,2026-08-02,47,1844,580,83,0.566265,1.297104,1.076088,2.479667,,,,,,,,GLOBAL_BASELINE_NO_ENTITY_RANKING,,,NOT_APPLICABLE_GLOBAL_BASELINE,HF9g-P5,,,,X 全窗基线 · 不参与实体赏罚,15059727,1506,A168_HF9F_20260827_0900,2026-08-27 09:00:00
2026-07-22,17529000,2106,0,45.1811117134,4.4148400590,4.4148400590,0.5714286,14,8,0.50238170154399317,0.501623750000,0.36536583814464546,0.36937434338991915,0.36536583814464546,0.00075795154399317,ELIGIBLE,R03b_20260811_FULL_v1,L1_ELIGIBILITY,v2026-08-11,2026-03-21..2026-08-06,baccarat_bet02_101_all_pairs_incl_sentinel,round_win = game_pnl > 0 (decisive only),COMPATIBILITY_ONLY_NOT_PRODUCTION,234594.9955,169540.3402,9810.4062,19851,11308,-0.04181848,-0.03860046,-0.05116595,-0.04181848,-9810.4062,234594.9955,OK,0.0000,294.3122,3.0000,97.0000,AG03-UNRESOLVED,ALL5_LEVELS_bet23_to_bet27,294.3122,294.3122,294.3122,392.4162,490.5203,3.000000,3.000000,3.000000,4.000000,5.000000,97.000000,97.000000,97.000000,96.000000,95.000000,5.0,1765.8731,1644.6383,8044.5331,8165.7679,PENDING_AG03,FALSE,NOT_FOR_ENFORCEMENT,9516.0940,164454.1300,9810.4062,9516.0940,294.3122,0.04181848,0.04056393,294.3122,9516.0940,0.04056393,294.3122,294.3122,294.3122,392.4162,490.5203,9516.0940,0.04056393,1765.8731,1644.6383,8044.5331,8165.7679,0.03429115,0.03480794,0.00125455,11.8178,14.9930,0.8676,208.7320,5.3202,4991.3829,240.5957,12.7170,9.8041,2.5818,2.84,3.3563,4.9054,16.007,177.8754,0.2582,0.0,5.636364,62.633151,4.16126,29,188,6,10,0.74390005,0.04181848,0.03860046,0E-8,0.000000,0.722694,0.000000,0.01256549,2026-05-12,2026-08-02,47,1844,580,83,0.566265,1.297104,1.076088,2.479667,,,,,,,,GLOBAL_BASELINE_NO_ENTITY_RANKING,,,NOT_APPLICABLE_GLOBAL_BASELINE,HF9g-P5,,,,X 全窗基线 · 不参与实体赏罚,15059728,1506,A168_HF9F_20260827_0900,2026-08-27 09:00:00
2026-07-22,17529000,2142,0,108.1764903311,-47.0658095163,-47.0658095163,0.3333333,25,14,0.49961545705008931,0.499469342857,-1.152036687382439,-1.1510246860973374,-1.152036687382439,0.00014611419308931,ELIGIBLE,R03b_20260811_FULL_v1,L1_ELIGIBILITY,v2026-08-11,2026-03-21..2026-08-06,baccarat_bet02_101_all_pairs_incl_sentinel,round_win = game_pnl > 0 (decisive only),COMPATIBILITY_ONLY_NOT_PRODUCTION,234594.9955,169540.3402,9810.4062,19851,11308,-0.04181848,-0.03860046,-0.05116595,-0.04181848,-9810.4062,234594.9955,OK,0.0000,294.3122,3.0000,97.0000,AG03-UNRESOLVED,ALL5_LEVELS_bet23_to_bet27,294.3122,294.3122,294.3122,392.4162,490.5203,3.000000,3.000000,3.000000,4.000000,5.000000,97.000000,97.000000,97.000000,96.000000,95.000000,5.0,1765.8731,1644.6383,8044.5331,8165.7679,PENDING_AG03,FALSE,NOT_FOR_ENFORCEMENT,9516.0940,164454.1300,9810.4062,9516.0940,294.3122,0.04181848,0.04056393,294.3122,9516.0940,0.04056393,294.3122,294.3122,294.3122,392.4162,490.5203,9516.0940,0.04056393,1765.8731,1644.6383,8044.5331,8165.7679,0.03429115,0.03480794,0.00125455,11.8178,14.9930,0.8676,208.7320,5.3202,4991.3829,240.5957,12.7170,9.8041,2.5818,2.84,3.3563,4.9054,16.007,177.8754,0.2582,0.0,5.636364,62.633151,4.16126,29,188,6,10,0.74390005,0.04181848,0.03860046,0E-8,0.000000,0.722694,0.000000,0.01256549,2026-05-12,2026-08-02,47,1844,580,83,0.566265,1.297104,1.076088,2.479667,,,,,,,,GLOBAL_BASELINE_NO_ENTITY_RANKING,,,NOT_APPLICABLE_GLOBAL_BASELINE,HF9g-P5,,,,X 全窗基线 · 不参与实体赏罚,15059729,1506,A168_HF9F_20260827_0900,2026-08-27 09:00:00
2026-07-22,17529000,2156,0,49.5701339941,4.4793845042,4.4793845042,0.5555556,17,9,0.50082543595583335,0.500692833333,0.3283811650800509,0.32917664935693675,0.3283811650800509,0.00013260262283335,ELIGIBLE,R03b_20260811_FULL_v1,L1_ELIGIBILITY,v2026-08-11,2026-03-21..2026-08-06,baccarat_bet02_101_all_pairs_incl_sentinel,round_win = game_pnl > 0 (decisive only),COMPATIBILITY_ONLY_NOT_PRODUCTION,234594.9955,169540.3402,9810.4062,19851,11308,-0.04181848,-0.03860046,-0.05116595,-0.04181848,-9810.4062,234594.9955,OK,0.0000,294.3122,3.0000,97.0000,AG03-UNRESOLVED,ALL5_LEVELS_bet23_to_bet27,294.3122,294.3122,294.3122,392.4162,490.5203,3.000000,3.000000,3.000000,4.000000,5.000000,97.000000,97.000000,97.000000,96.000000,95.000000,5.0,1765.8731,1644.6383,8044.5331,8165.7679,PENDING_AG03,FALSE,NOT_FOR_ENFORCEMENT,9516.0940,164454.1300,9810.4062,9516.0940,294.3122,0.04181848,0.04056393,294.3122,9516.0940,0.04056393,294.3122,294.3122,294.3122,392.4162,490.5203,9516.0940,0.04056393,1765.8731,1644.6383,8044.5331,8165.7679,0.03429115,0.03480794,0.00125455,11.8178,14.9930,0.8676,208.7320,5.3202,4991.3829,240.5957,12.7170,9.8041,2.5818,2.84,3.3563,4.9054,16.007,177.8754,0.2582,0.0,5.636364,62.633151,4.16126,29,188,6,10,0.74390005,0.04181848,0.03860046,0E-8,0.000000,0.722694,0.000000,0.01256549,2026-05-12,2026-08-02,47,1844,580,83,0.566265,1.297104,1.076088,2.479667,,,,,,,,GLOBAL_BASELINE_NO_ENTITY_RANKING,,,NOT_APPLICABLE_GLOBAL_BASELINE,HF9g-P5,,,,X 全窗基线 · 不参与实体赏罚,15059730,1506,A168_HF9F_20260827_0900,2026-08-27 09:00:00
2026-07-22,17529000,2167,0,12.6507112797,1.0714377921,1.0714377921,0.5000000,4,2,0.50112161919188349,0.499948100000,-0.0031724261279812253,0.00014679536856514622,-0.0031724261279812253,0.00117351919188349,ELIGIBLE,R03b_20260811_FULL_v1,L1_ELIGIBILITY,v2026-08-11,2026-03-21..2026-08-06,baccarat_bet02_101_all_pairs_incl_sentinel,round_win = game_pnl > 0 (decisive only),COMPATIBILITY_ONLY_NOT_PRODUCTION,234594.9955,169540.3402,9810.4062,19851,11308,-0.04181848,-0.03860046,-0.05116595,-0.04181848,-9810.4062,234594.9955,OK,0.0000,294.3122,3.0000,97.0000,AG03-UNRESOLVED,ALL5_LEVELS_bet23_to_bet27,294.3122,294.3122,294.3122,392.4162,490.5203,3.000000,3.000000,3.000000,4.000000,5.000000,97.000000,97.000000,97.000000,96.000000,95.000000,5.0,1765.8731,1644.6383,8044.5331,8165.7679,PENDING_AG03,FALSE,NOT_FOR_ENFORCEMENT,9516.0940,164454.1300,9810.4062,9516.0940,294.3122,0.04181848,0.04056393,294.3122,9516.0940,0.04056393,294.3122,294.3122,294.3122,392.4162,490.5203,9516.0940,0.04056393,1765.8731,1644.6383,8044.5331,8165.7679,0.03429115,0.03480794,0.00125455,11.8178,14.9930,0.8676,208.7320,5.3202,4991.3829,240.5957,12.7170,9.8041,2.5818,2.84,3.3563,4.9054,16.007,177.8754,0.2582,0.0,5.636364,62.633151,4.16126,29,188,6,10,0.74390005,0.04181848,0.03860046,0E-8,0.000000,0.722694,0.000000,0.01256549,2026-05-12,2026-08-02,47,1844,580,83,0.566265,1.297104,1.076088,2.479667,,,,,,,,GLOBAL_BASELINE_NO_ENTITY_RANKING,,,NOT_APPLICABLE_GLOBAL_BASELINE,HF9g-P5,,,,X 全窗基线 · 不参与实体赏罚,15059731,1506,A168_HF9F_20260827_0900,2026-08-27 09:00:00
2026-07-22,17529000,2169,0,5.4217334056,0.1161800016,0.1161800016,1.0000000,2,1,0.50026727142854788,0.499948100000,0.9994655999345988,1.0001038053877793,0.9994655999345988,0.00031917142854788,ELIGIBLE,R03b_20260811_FULL_v1,L1_ELIGIBILITY,v2026-08-11,2026-03-21..2026-08-06,baccarat_bet02_101_all_pairs_incl_sentinel,round_win = game_pnl > 0 (decisive only),COMPATIBILITY_ONLY_NOT_PRODUCTION,234594.9955,169540.3402,9810.4062,19851,11308,-0.04181848,-0.03860046,-0.05116595,-0.04181848,-9810.4062,234594.9955,OK,0.0000,294.3122,3.0000,97.0000,AG03-UNRESOLVED,ALL5_LEVELS_bet23_to_bet27,294.3122,294.3122,294.3122,392.4162,490.5203,3.000000,3.000000,3.000000,4.000000,5.000000,97.000000,97.000000,97.000000,96.000000,95.000000,5.0,1765.8731,1644.6383,8044.5331,8165.7679,PENDING_AG03,FALSE,NOT_FOR_ENFORCEMENT,9516.0940,164454.1300,9810.4062,9516.0940,294.3122,0.04181848,0.04056393,294.3122,9516.0940,0.04056393,294.3122,294.3122,294.3122,392.4162,490.5203,9516.0940,0.04056393,1765.8731,1644.6383,8044.5331,8165.7679,0.03429115,0.03480794,0.00125455,11.8178,14.9930,0.8676,208.7320,5.3202,4991.3829,240.5957,12.7170,9.8041,2.5818,2.84,3.3563,4.9054,16.007,177.8754,0.2582,0.0,5.636364,62.633151,4.16126,29,188,6,10,0.74390005,0.04181848,0.03860046,0E-8,0.000000,0.722694,0.000000,0.01256549,2026-05-12,2026-08-02,47,1844,580,83,0.566265,1.297104,1.076088,2.479667,,,,,,,,GLOBAL_BASELINE_NO_ENTITY_RANKING,,,NOT_APPLICABLE_GLOBAL_BASELINE,HF9g-P5,,,,X 全窗基线 · 不参与实体赏罚,15059732,1506,A168_HF9F_20260827_0900,2026-08-27 09:00:00
2026-07-22,17529000,2171,0,42.3411561200,-11.9923579376,-11.9923579376,0.3333333,12,7,0.50243390656770495,0.501863128571,-0.8284300544063963,-0.8256297415272218,-0.8284300544063963,0.00057077799670495,ELIGIBLE,R03b_20260811_FULL_v1,L1_ELIGIBILITY,v2026-08-11,2026-03-21..2026-08-06,baccarat_bet02_101_all_pairs_incl_sentinel,round_win = game_pnl > 0 (decisive only),COMPATIBILITY_ONLY_NOT_PRODUCTION,234594.9955,169540.3402,9810.4062,19851,11308,-0.04181848,-0.03860046,-0.05116595,-0.04181848,-9810.4062,234594.9955,OK,0.0000,294.3122,3.0000,97.0000,AG03-UNRESOLVED,ALL5_LEVELS_bet23_to_bet27,294.3122,294.3122,294.3122,392.4162,490.5203,3.000000,3.000000,3.000000,4.000000,5.000000,97.000000,97.000000,97.000000,96.000000,95.000000,5.0,1765.8731,1644.6383,8044.5331,8165.7679,PENDING_AG03,FALSE,NOT_FOR_ENFORCEMENT,9516.0940,164454.1300,9810.4062,9516.0940,294.3122,0.04181848,0.04056393,294.3122,9516.0940,0.04056393,294.3122,294.3122,294.3122,392.4162,490.5203,9516.0940,0.04056393,1765.8731,1644.6383,8044.5331,8165.7679,0.03429115,0.03480794,0.00125455,11.8178,14.9930,0.8676,208.7320,5.3202,4991.3829,240.5957,12.7170,9.8041,2.5818,2.84,3.3563,4.9054,16.007,177.8754,0.2582,0.0,5.636364,62.633151,4.16126,29,188,6,10,0.74390005,0.04181848,0.03860046,0E-8,0.000000,0.722694,0.000000,0.01256549,2026-05-12,2026-08-02,47,1844,580,83,0.566265,1.297104,1.076088,2.479667,,,,,,,,GLOBAL_BASELINE_NO_ENTITY_RANKING,,,NOT_APPLICABLE_GLOBAL_BASELINE,HF9g-P5,,,,X 全窗基线 · 不参与实体赏罚,15059733,1506,A168_HF9F_20260827_0900,2026-08-27 09:00:00
2026-07-22,17529000,2196,0,19.1051558102,2.5817778122,2.5817778122,0.3333333,4,3,0.49605893703702754,0.495479700000,-0.5637155381200847,-0.5617144462762695,-0.5637155381200847,0.00057923703702754,ELIGIBLE,R03b_20260811_FULL_v1,L1_ELIGIBILITY,v2026-08-11,2026-03-21..2026-08-06,baccarat_bet02_101_all_pairs_incl_sentinel,round_win = game_pnl > 0 (decisive only),COMPATIBILITY_ONLY_NOT_PRODUCTION,234594.9955,169540.3402,9810.4062,19851,11308,-0.04181848,-0.03860046,-0.05116595,-0.04181848,-9810.4062,234594.9955,OK,0.0000,294.3122,3.0000,97.0000,AG03-UNRESOLVED,ALL5_LEVELS_bet23_to_bet27,294.3122,294.3122,294.3122,392.4162,490.5203,3.000000,3.000000,3.000000,4.000000,5.000000,97.000000,97.000000,97.000000,96.000000,95.000000,5.0,1765.8731,1644.6383,8044.5331,8165.7679,PENDING_AG03,FALSE,NOT_FOR_ENFORCEMENT,9516.0940,164454.1300,9810.4062,9516.0940,294.3122,0.04181848,0.04056393,294.3122,9516.0940,0.04056393,294.3122,294.3122,294.3122,392.4162,490.5203,9516.0940,0.04056393,1765.8731,1644.6383,8044.5331,8165.7679,0.03429115,0.03480794,0.00125455,11.8178,14.9930,0.8676,208.7320,5.3202,4991.3829,240.5957,12.7170,9.8041,2.5818,2.84,3.3563,4.9054,16.007,177.8754,0.2582,0.0,5.636364,62.633151,4.16126,29,188,6,10,0.74390005,0.04181848,0.03860046,0E-8,0.000000,0.722694,0.000000,0.01256549,2026-05-12,2026-08-02,47,1844,580,83,0.566265,1.297104,1.076088,2.479667,,,,,,,,GLOBAL_BASELINE_NO_ENTITY_RANKING,,,NOT_APPLICABLE_GLOBAL_BASELINE,HF9g-P5,,,,X 全窗基线 · 不参与实体赏罚,15059734,1506,A168_HF9F_20260827_0900,2026-08-27 09:00:00
2026-07-22,17529000,2201,0,11.8761779361,-1.0327111249,-1.0327111249,0E-7,4,2,0.50020198636366684,0.499948100000,-1.0004040543572887,-0.9998962053866608,-1.0004040543572887,0.00025388636366684,ELIGIBLE,R03b_20260811_FULL_v1,L1_ELIGIBILITY,v2026-08-11,2026-03-21..2026-08-06,baccarat_bet02_101_all_pairs_incl_sentinel,round_win = game_pnl > 0 (decisive only),COMPATIBILITY_ONLY_NOT_PRODUCTION,234594.9955,169540.3402,9810.4062,19851,11308,-0.04181848,-0.03860046,-0.05116595,-0.04181848,-9810.4062,234594.9955,OK,0.0000,294.3122,3.0000,97.0000,AG03-UNRESOLVED,ALL5_LEVELS_bet23_to_bet27,294.3122,294.3122,294.3122,392.4162,490.5203,3.000000,3.000000,3.000000,4.000000,5.000000,97.000000,97.000000,97.000000,96.000000,95.000000,5.0,1765.8731,1644.6383,8044.5331,8165.7679,PENDING_AG03,FALSE,NOT_FOR_ENFORCEMENT,9516.0940,164454.1300,9810.4062,9516.0940,294.3122,0.04181848,0.04056393,294.3122,9516.0940,0.04056393,294.3122,294.3122,294.3122,392.4162,490.5203,9516.0940,0.04056393,1765.8731,1644.6383,8044.5331,8165.7679,0.03429115,0.03480794,0.00125455,11.8178,14.9930,0.8676,208.7320,5.3202,4991.3829,240.5957,12.7170,9.8041,2.5818,2.84,3.3563,4.9054,16.007,177.8754,0.2582,0.0,5.636364,62.633151,4.16126,29,188,6,10,0.74390005,0.04181848,0.03860046,0E-8,0.000000,0.722694,0.000000,0.01256549,2026-05-12,2026-08-02,47,1844,580,83,0.566265,1.297104,1.076088,2.479667,,,,,,,,GLOBAL_BASELINE_NO_ENTITY_RANKING,,,NOT_APPLICABLE_GLOBAL_BASELINE,HF9g-P5,,,,X 全窗基线 · 不参与实体赏罚,15059735,1506,A168_HF9F_20260827_0900,2026-08-27 09:00:00
2026-07-22,17529000,2205,0,5.4217334056,-0.3872666718,-0.3872666718,0E-7,2,1,0.49962892857145212,0.499948100000,-0.9992581323266508,-0.9998962053866608,-0.9992581323266508,-0.00031917142854788,ELIGIBLE,R03b_20260811_FULL_v1,L1_ELIGIBILITY,v2026-08-11,2026-03-21..2026-08-06,baccarat_bet02_101_all_pairs_incl_sentinel,round_win = game_pnl > 0 (decisive only),COMPATIBILITY_ONLY_NOT_PRODUCTION,234594.9955,169540.3402,9810.4062,19851,11308,-0.04181848,-0.03860046,-0.05116595,-0.04181848,-9810.4062,234594.9955,OK,0.0000,294.3122,3.0000,97.0000,AG03-UNRESOLVED,ALL5_LEVELS_bet23_to_bet27,294.3122,294.3122,294.3122,392.4162,490.5203,3.000000,3.000000,3.000000,4.000000,5.000000,97.000000,97.000000,97.000000,96.000000,95.000000,5.0,1765.8731,1644.6383,8044.5331,8165.7679,PENDING_AG03,FALSE,NOT_FOR_ENFORCEMENT,9516.0940,164454.1300,9810.4062,9516.0940,294.3122,0.04181848,0.04056393,294.3122,9516.0940,0.04056393,294.3122,294.3122,294.3122,392.4162,490.5203,9516.0940,0.04056393,1765.8731,1644.6383,8044.5331,8165.7679,0.03429115,0.03480794,0.00125455,11.8178,14.9930,0.8676,208.7320,5.3202,4991.3829,240.5957,12.7170,9.8041,2.5818,2.84,3.3563,4.9054,16.007,177.8754,0.2582,0.0,5.636364,62.633151,4.16126,29,188,6,10,0.74390005,0.04181848,0.03860046,0E-8,0.000000,0.722694,0.000000,0.01256549,2026-05-12,2026-08-02,47,1844,580,83,0.566265,1.297104,1.076088,2.479667,,,,,,,,GLOBAL_BASELINE_NO_ENTITY_RANKING,,,NOT_APPLICABLE_GLOBAL_BASELINE,HF9g-P5,,,,X 全窗基线 · 不参与实体赏罚,15059736,1506,A168_HF9F_20260827_0900,2026-08-27 09:00:00
2026-07-22,17529000,2222,0,5.9380889681,0.7745333437,0.7745333437,1.0000000,2,1,0.49907384782604770,0.499948100000,1.0018540230456832,1.0001038053877793,1.0018540230456832,-0.00087425217395230,ELIGIBLE,R03b_20260811_FULL_v1,L1_ELIGIBILITY,v2026-08-11,2026-03-21..2026-08-06,baccarat_bet02_101_all_pairs_incl_sentinel,round_win = game_pnl > 0 (decisive only),COMPATIBILITY_ONLY_NOT_PRODUCTION,234594.9955,169540.3402,9810.4062,19851,11308,-0.04181848,-0.03860046,-0.05116595,-0.04181848,-9810.4062,234594.9955,OK,0.0000,294.3122,3.0000,97.0000,AG03-UNRESOLVED,ALL5_LEVELS_bet23_to_bet27,294.3122,294.3122,294.3122,392.4162,490.5203,3.000000,3.000000,3.000000,4.000000,5.000000,97.000000,97.000000,97.000000,96.000000,95.000000,5.0,1765.8731,1644.6383,8044.5331,8165.7679,PENDING_AG03,FALSE,NOT_FOR_ENFORCEMENT,9516.0940,164454.1300,9810.4062,9516.0940,294.3122,0.04181848,0.04056393,294.3122,9516.0940,0.04056393,294.3122,294.3122,294.3122,392.4162,490.5203,9516.0940,0.04056393,1765.8731,1644.6383,8044.5331,8165.7679,0.03429115,0.03480794,0.00125455,11.8178,14.9930,0.8676,208.7320,5.3202,4991.3829,240.5957,12.7170,9.8041,2.5818,2.84,3.3563,4.9054,16.007,177.8754,0.2582,0.0,5.636364,62.633151,4.16126,29,188,6,10,0.74390005,0.04181848,0.03860046,0E-8,0.000000,0.722694,0.000000,0.01256549,2026-05-12,2026-08-02,47,1844,580,83,0.566265,1.297104,1.076088,2.479667,,,,,,,,GLOBAL_BASELINE_NO_ENTITY_RANKING,,,NOT_APPLICABLE_GLOBAL_BASELINE,HF9g-P5,,,,X 全窗基线 · 不参与实体赏罚,15059737,1506,A168_HF9F_20260827_0900,2026-08-27 09:00:00
2026-07-22,17529000,2223,0,70.2243564917,1.8201533578,1.8201533578,0.4000000,23,12,0.50119903379906419,0.500506650000,-0.6400407279795901,-0.635660194327407,-0.6400407279795901,0.00069238379906419,ELIGIBLE,R03b_20260811_FULL_v1,L1_ELIGIBILITY,v2026-08-11,2026-03-21..2026-08-06,baccarat_bet02_101_all_pairs_incl_sentinel,round_win = game_pnl > 0 (decisive only),COMPATIBILITY_ONLY_NOT_PRODUCTION,234594.9955,169540.3402,9810.4062,19851,11308,-0.04181848,-0.03860046,-0.05116595,-0.04181848,-9810.4062,234594.9955,OK,0.0000,294.3122,3.0000,97.0000,AG03-UNRESOLVED,ALL5_LEVELS_bet23_to_bet27,294.3122,294.3122,294.3122,392.4162,490.5203,3.000000,3.000000,3.000000,4.000000,5.000000,97.000000,97.000000,97.000000,96.000000,95.000000,5.0,1765.8731,1644.6383,8044.5331,8165.7679,PENDING_AG03,FALSE,NOT_FOR_ENFORCEMENT,9516.0940,164454.1300,9810.4062,9516.0940,294.3122,0.04181848,0.04056393,294.3122,9516.0940,0.04056393,294.3122,294.3122,294.3122,392.4162,490.5203,9516.0940,0.04056393,1765.8731,1644.6383,8044.5331,8165.7679,0.03429115,0.03480794,0.00125455,11.8178,14.9930,0.8676,208.7320,5.3202,4991.3829,240.5957,12.7170,9.8041,2.5818,2.84,3.3563,4.9054,16.007,177.8754,0.2582,0.0,5.636364,62.633151,4.16126,29,188,6,10,0.74390005,0.04181848,0.03860046,0E-8,0.000000,0.722694,0.000000,0.01256549,2026-05-12,2026-08-02,47,1844,580,83,0.566265,1.297104,1.076088,2.479667,,,,,,,,GLOBAL_BASELINE_NO_ENTITY_RANKING,,,NOT_APPLICABLE_GLOBAL_BASELINE,HF9g-P5,,,,X 全窗基线 · 不参与实体赏罚,15059738,1506,A168_HF9F_20260827_0900,2026-08-27 09:00:00
2026-07-22,17529000,2229,0,6.1962667493,0.8519866780,0.8519866780,1.0000000,2,1,0.50106520000001803,0.499948100000,0.997871864475231,1.0001038053877793,0.997871864475231,0.00111710000001803,ELIGIBLE,R03b_20260811_FULL_v1,L1_ELIGIBILITY,v2026-08-11,2026-03-21..2026-08-06,baccarat_bet02_101_all_pairs_incl_sentinel,round_win = game_pnl > 0 (decisive only),COMPATIBILITY_ONLY_NOT_PRODUCTION,234594.9955,169540.3402,9810.4062,19851,11308,-0.04181848,-0.03860046,-0.05116595,-0.04181848,-9810.4062,234594.9955,OK,0.0000,294.3122,3.0000,97.0000,AG03-UNRESOLVED,ALL5_LEVELS_bet23_to_bet27,294.3122,294.3122,294.3122,392.4162,490.5203,3.000000,3.000000,3.000000,4.000000,5.000000,97.000000,97.000000,97.000000,96.000000,95.000000,5.0,1765.8731,1644.6383,8044.5331,8165.7679,PENDING_AG03,FALSE,NOT_FOR_ENFORCEMENT,9516.0940,164454.1300,9810.4062,9516.0940,294.3122,0.04181848,0.04056393,294.3122,9516.0940,0.04056393,294.3122,294.3122,294.3122,392.4162,490.5203,9516.0940,0.04056393,1765.8731,1644.6383,8044.5331,8165.7679,0.03429115,0.03480794,0.00125455,11.8178,14.9930,0.8676,208.7320,5.3202,4991.3829,240.5957,12.7170,9.8041,2.5818,2.84,3.3563,4.9054,16.007,177.8754,0.2582,0.0,5.636364,62.633151,4.16126,29,188,6,10,0.74390005,0.04181848,0.03860046,0E-8,0.000000,0.722694,0.000000,0.01256549,2026-05-12,2026-08-02,47,1844,580,83,0.566265,1.297104,1.076088,2.479667,,,,,,,,GLOBAL_BASELINE_NO_ENTITY_RANKING,,,NOT_APPLICABLE_GLOBAL_BASELINE,HF9g-P5,,,,X 全窗基线 · 不参与实体赏罚,15059739,1506,A168_HF9F_20260827_0900,2026-08-27 09:00:00
2026-07-22,17529000,2233,0,67.3844008982,-4.3890222808,-4.3890222808,0.5000000,22,12,0.49951327623659615,0.499948100000,0.0033721227475786903,0.0003595737495884018,0.0033721227475786903,-0.00043482376340385,ELIGIBLE,R03b_20260811_FULL_v1,L1_ELIGIBILITY,v2026-08-11,2026-03-21..2026-08-06,baccarat_bet02_101_all_pairs_incl_sentinel,round_win = game_pnl > 0 (decisive only),COMPATIBILITY_ONLY_NOT_PRODUCTION,234594.9955,169540.3402,9810.4062,19851,11308,-0.04181848,-0.03860046,-0.05116595,-0.04181848,-9810.4062,234594.9955,OK,0.0000,294.3122,3.0000,97.0000,AG03-UNRESOLVED,ALL5_LEVELS_bet23_to_bet27,294.3122,294.3122,294.3122,392.4162,490.5203,3.000000,3.000000,3.000000,4.000000,5.000000,97.000000,97.000000,97.000000,96.000000,95.000000,5.0,1765.8731,1644.6383,8044.5331,8165.7679,PENDING_AG03,FALSE,NOT_FOR_ENFORCEMENT,9516.0940,164454.1300,9810.4062,9516.0940,294.3122,0.04181848,0.04056393,294.3122,9516.0940,0.04056393,294.3122,294.3122,294.3122,392.4162,490.5203,9516.0940,0.04056393,1765.8731,1644.6383,8044.5331,8165.7679,0.03429115,0.03480794,0.00125455,11.8178,14.9930,0.8676,208.7320,5.3202,4991.3829,240.5957,12.7170,9.8041,2.5818,2.84,3.3563,4.9054,16.007,177.8754,0.2582,0.0,5.636364,62.633151,4.16126,29,188,6,10,0.74390005,0.04181848,0.03860046,0E-8,0.000000,0.722694,0.000000,0.01256549,2026-05-12,2026-08-02,47,1844,580,83,0.566265,1.297104,1.076088,2.479667,,,,,,,,GLOBAL_BASELINE_NO_ENTITY_RANKING,,,NOT_APPLICABLE_GLOBAL_BASELINE,HF9g-P5,,,,X 全窗基线 · 不参与实体赏罚,15059740,1506,A168_HF9F_20260827_0900,2026-08-27 09:00:00
2026-07-22,17529000,2235,0,70.4825342730,0.0516355564,0.0516355564,0.4545455,24,12,0.50018994326076428,0.499948100000,-0.30277130747962216,-0.3011670805469781,-0.30277130747962216,0.00024184326076428,ELIGIBLE,R03b_20260811_FULL_v1,L1_ELIGIBILITY,v2026-08-11,2026-03-21..2026-08-06,baccarat_bet02_101_all_pairs_incl_sentinel,round_win = game_pnl > 0 (decisive only),COMPATIBILITY_ONLY_NOT_PRODUCTION,234594.9955,169540.3402,9810.4062,19851,11308,-0.04181848,-0.03860046,-0.05116595,-0.04181848,-9810.4062,234594.9955,OK,0.0000,294.3122,3.0000,97.0000,AG03-UNRESOLVED,ALL5_LEVELS_bet23_to_bet27,294.3122,294.3122,294.3122,392.4162,490.5203,3.000000,3.000000,3.000000,4.000000,5.000000,97.000000,97.000000,97.000000,96.000000,95.000000,5.0,1765.8731,1644.6383,8044.5331,8165.7679,PENDING_AG03,FALSE,NOT_FOR_ENFORCEMENT,9516.0940,164454.1300,9810.4062,9516.0940,294.3122,0.04181848,0.04056393,294.3122,9516.0940,0.04056393,294.3122,294.3122,294.3122,392.4162,490.5203,9516.0940,0.04056393,1765.8731,1644.6383,8044.5331,8165.7679,0.03429115,0.03480794,0.00125455,11.8178,14.9930,0.8676,208.7320,5.3202,4991.3829,240.5957,12.7170,9.8041,2.5818,2.84,3.3563,4.9054,16.007,177.8754,0.2582,0.0,5.636364,62.633151,4.16126,29,188,6,10,0.74390005,0.04181848,0.03860046,0E-8,0.000000,0.722694,0.000000,0.01256549,2026-05-12,2026-08-02,47,1844,580,83,0.566265,1.297104,1.076088,2.479667,,,,,,,,GLOBAL_BASELINE_NO_ENTITY_RANKING,,,NOT_APPLICABLE_GLOBAL_BASELINE,HF9g-P5,,,,X 全窗基线 · 不参与实体赏罚,15059741,1506,A168_HF9F_20260827_0900,2026-08-27 09:00:00
2026-07-22,17529000,2252,0,12.9088890610,0.8132600108,0.8132600108,0.5000000,4,2,0.50125408164251746,0.499948100000,-0.00354708969152342,0.00014679536856514622,-0.00354708969152342,0.00130598164251746,ELIGIBLE,R03b_20260811_FULL_v1,L1_ELIGIBILITY,v2026-08-11,2026-03-21..2026-08-06,baccarat_bet02_101_all_pairs_incl_sentinel,round_win = game_pnl > 0 (decisive only),COMPATIBILITY_ONLY_NOT_PRODUCTION,234594.9955,169540.3402,9810.4062,19851,11308,-0.04181848,-0.03860046,-0.05116595,-0.04181848,-9810.4062,234594.9955,OK,0.0000,294.3122,3.0000,97.0000,AG03-UNRESOLVED,ALL5_LEVELS_bet23_to_bet27,294.3122,294.3122,294.3122,392.4162,490.5203,3.000000,3.000000,3.000000,4.000000,5.000000,97.000000,97.000000,97.000000,96.000000,95.000000,5.0,1765.8731,1644.6383,8044.5331,8165.7679,PENDING_AG03,FALSE,NOT_FOR_ENFORCEMENT,9516.0940,164454.1300,9810.4062,9516.0940,294.3122,0.04181848,0.04056393,294.3122,9516.0940,0.04056393,294.3122,294.3122,294.3122,392.4162,490.5203,9516.0940,0.04056393,1765.8731,1644.6383,8044.5331,8165.7679,0.03429115,0.03480794,0.00125455,11.8178,14.9930,0.8676,208.7320,5.3202,4991.3829,240.5957,12.7170,9.8041,2.5818,2.84,3.3563,4.9054,16.007,177.8754,0.2582,0.0,5.636364,62.633151,4.16126,29,188,6,10,0.74390005,0.04181848,0.03860046,0E-8,0.000000,0.722694,0.000000,0.01256549,2026-05-12,2026-08-02,47,1844,580,83,0.566265,1.297104,1.076088,2.479667,,,,,,,,GLOBAL_BASELINE_NO_ENTITY_RANKING,,,NOT_APPLICABLE_GLOBAL_BASELINE,HF9g-P5,,,,X 全窗基线 · 不参与实体赏罚,15059742,1506,A168_HF9F_20260827_0900,2026-08-27 09:00:00
2026-07-22,17529000,2267,0,31.2395115276,0.1678155578,0.1678155578,0.6666667,10,5,0.50084015120247372,0.499948100000,0.5744407109953457,0.5775300591747329,0.5744407109953457,0.00089205120247372,ELIGIBLE,R03b_20260811_FULL_v1,L1_ELIGIBILITY,v2026-08-11,2026-03-21..2026-08-06,baccarat_bet02_101_all_pairs_incl_sentinel,round_win = game_pnl > 0 (decisive only),COMPATIBILITY_ONLY_NOT_PRODUCTION,234594.9955,169540.3402,9810.4062,19851,11308,-0.04181848,-0.03860046,-0.05116595,-0.04181848,-9810.4062,234594.9955,OK,0.0000,294.3122,3.0000,97.0000,AG03-UNRESOLVED,ALL5_LEVELS_bet23_to_bet27,294.3122,294.3122,294.3122,392.4162,490.5203,3.000000,3.000000,3.000000,4.000000,5.000000,97.000000,97.000000,97.000000,96.000000,95.000000,5.0,1765.8731,1644.6383,8044.5331,8165.7679,PENDING_AG03,FALSE,NOT_FOR_ENFORCEMENT,9516.0940,164454.1300,9810.4062,9516.0940,294.3122,0.04181848,0.04056393,294.3122,9516.0940,0.04056393,294.3122,294.3122,294.3122,392.4162,490.5203,9516.0940,0.04056393,1765.8731,1644.6383,8044.5331,8165.7679,0.03429115,0.03480794,0.00125455,11.8178,14.9930,0.8676,208.7320,5.3202,4991.3829,240.5957,12.7170,9.8041,2.5818,2.84,3.3563,4.9054,16.007,177.8754,0.2582,0.0,5.636364,62.633151,4.16126,29,188,6,10,0.74390005,0.04181848,0.03860046,0E-8,0.000000,0.722694,0.000000,0.01256549,2026-05-12,2026-08-02,47,1844,580,83,0.566265,1.297104,1.076088,2.479667,,,,,,,,GLOBAL_BASELINE_NO_ENTITY_RANKING,,,NOT_APPLICABLE_GLOBAL_BASELINE,HF9g-P5,,,,X 全窗基线 · 不参与实体赏罚,15059743,1506,A168_HF9F_20260827_0900,2026-08-27 09:00:00
2026-07-22,17529000,2276,0,65.5771564298,6.1962667493,6.1962667493,0.4444444,18,10,0.49860801453292042,0.498607580000,-0.32498267992147784,-0.32498007350025493,-0.32498267992147784,4.3453292042E-7,ELIGIBLE,R03b_20260811_FULL_v1,L1_ELIGIBILITY,v2026-08-11,2026-03-21..2026-08-06,baccarat_bet02_101_all_pairs_incl_sentinel,round_win = game_pnl > 0 (decisive only),COMPATIBILITY_ONLY_NOT_PRODUCTION,234594.9955,169540.3402,9810.4062,19851,11308,-0.04181848,-0.03860046,-0.05116595,-0.04181848,-9810.4062,234594.9955,OK,0.0000,294.3122,3.0000,97.0000,AG03-UNRESOLVED,ALL5_LEVELS_bet23_to_bet27,294.3122,294.3122,294.3122,392.4162,490.5203,3.000000,3.000000,3.000000,4.000000,5.000000,97.000000,97.000000,97.000000,96.000000,95.000000,5.0,1765.8731,1644.6383,8044.5331,8165.7679,PENDING_AG03,FALSE,NOT_FOR_ENFORCEMENT,9516.0940,164454.1300,9810.4062,9516.0940,294.3122,0.04181848,0.04056393,294.3122,9516.0940,0.04056393,294.3122,294.3122,294.3122,392.4162,490.5203,9516.0940,0.04056393,1765.8731,1644.6383,8044.5331,8165.7679,0.03429115,0.03480794,0.00125455,11.8178,14.9930,0.8676,208.7320,5.3202,4991.3829,240.5957,12.7170,9.8041,2.5818,2.84,3.3563,4.9054,16.007,177.8754,0.2582,0.0,5.636364,62.633151,4.16126,29,188,6,10,0.74390005,0.04181848,0.03860046,0E-8,0.000000,0.722694,0.000000,0.01256549,2026-05-12,2026-08-02,47,1844,580,83,0.566265,1.297104,1.076088,2.479667,,,,,,,,GLOBAL_BASELINE_NO_ENTITY_RANKING,,,NOT_APPLICABLE_GLOBAL_BASELINE,HF9g-P5,,,,X 全窗基线 · 不参与实体赏罚,15059744,1506,A168_HF9F_20260827_0900,2026-08-27 09:00:00
2026-07-22,17529000,2280,0,11.8761779361,-0.5163555624,-0.5163555624,0E-7,4,2,0.50081131363635120,0.499948100000,-1.0016239458710627,-0.9998962053866608,-1.0016239458710627,0.00086321363635120,ELIGIBLE,R03b_20260811_FULL_v1,L1_ELIGIBILITY,v2026-08-11,2026-03-21..2026-08-06,baccarat_bet02_101_all_pairs_incl_sentinel,round_win = game_pnl > 0 (decisive only),COMPATIBILITY_ONLY_NOT_PRODUCTION,234594.9955,169540.3402,9810.4062,19851,11308,-0.04181848,-0.03860046,-0.05116595,-0.04181848,-9810.4062,234594.9955,OK,0.0000,294.3122,3.0000,97.0000,AG03-UNRESOLVED,ALL5_LEVELS_bet23_to_bet27,294.3122,294.3122,294.3122,392.4162,490.5203,3.000000,3.000000,3.000000,4.000000,5.000000,97.000000,97.000000,97.000000,96.000000,95.000000,5.0,1765.8731,1644.6383,8044.5331,8165.7679,PENDING_AG03,FALSE,NOT_FOR_ENFORCEMENT,9516.0940,164454.1300,9810.4062,9516.0940,294.3122,0.04181848,0.04056393,294.3122,9516.0940,0.04056393,294.3122,294.3122,294.3122,392.4162,490.5203,9516.0940,0.04056393,1765.8731,1644.6383,8044.5331,8165.7679,0.03429115,0.03480794,0.00125455,11.8178,14.9930,0.8676,208.7320,5.3202,4991.3829,240.5957,12.7170,9.8041,2.5818,2.84,3.3563,4.9054,16.007,177.8754,0.2582,0.0,5.636364,62.633151,4.16126,29,188,6,10,0.74390005,0.04181848,0.03860046,0E-8,0.000000,0.722694,0.000000,0.01256549,2026-05-12,2026-08-02,47,1844,580,83,0.566265,1.297104,1.076088,2.479667,,,,,,,,GLOBAL_BASELINE_NO_ENTITY_RANKING,,,NOT_APPLICABLE_GLOBAL_BASELINE,HF9g-P5,,,,X 全窗基线 · 不参与实体赏罚,15059745,1506,A168_HF9F_20260827_0900,2026-08-27 09:00:00
2026-07-22,17529000,925,0,22.2032891849,-4.0017556089,-4.0017556089,0E-7,7,4,0.50191970896103486,0.501623750000,-1.7387136898308713,-1.7376848056252374,-1.7387136898308713,0.00029595896103486,ELIGIBLE,R03b_20260811_FULL_v1,L1_ELIGIBILITY,v2026-08-11,2026-03-21..2026-08-06,baccarat_bet02_101_all_pairs_incl_sentinel,round_win = game_pnl > 0 (decisive only),COMPATIBILITY_ONLY_NOT_PRODUCTION,234594.9955,169540.3402,9810.4062,19851,11308,-0.04181848,-0.03860046,-0.05116595,-0.04181848,-9810.4062,234594.9955,OK,0.0000,294.3122,3.0000,97.0000,AG03-UNRESOLVED,ALL5_LEVELS_bet23_to_bet27,294.3122,294.3122,294.3122,392.4162,490.5203,3.000000,3.000000,3.000000,4.000000,5.000000,97.000000,97.000000,97.000000,96.000000,95.000000,5.0,1765.8731,1644.6383,8044.5331,8165.7679,PENDING_AG03,FALSE,NOT_FOR_ENFORCEMENT,9516.0940,164454.1300,9810.4062,9516.0940,294.3122,0.04181848,0.04056393,294.3122,9516.0940,0.04056393,294.3122,294.3122,294.3122,392.4162,490.5203,9516.0940,0.04056393,1765.8731,1644.6383,8044.5331,8165.7679,0.03429115,0.03480794,0.00125455,11.8178,14.9930,0.8676,208.7320,5.3202,4991.3829,240.5957,12.7170,9.8041,2.5818,2.84,3.3563,4.9054,16.007,177.8754,0.2582,0.0,5.636364,62.633151,4.16126,29,188,6,10,0.74390005,0.04181848,0.03860046,0E-8,0.000000,0.722694,0.000000,0.01256549,2026-05-12,2026-08-02,47,1844,580,83,0.566265,1.297104,1.076088,2.479667,,,,,,,,GLOBAL_BASELINE_NO_ENTITY_RANKING,,,NOT_APPLICABLE_GLOBAL_BASELINE,HF9g-P5,,,,X 全窗基线 · 不参与实体赏罚,15059746,1506,A168_HF9F_20260827_0900,2026-08-27 09:00:00
2026-07-22,17529000,986,0,77.7115121470,10.3529290270,10.3529290270,0.6153846,23,13,0.50061468434428190,0.500463684615,0.8276183679044362,0.8287069733775382,0.8276183679044362,0.00015099972928190,ELIGIBLE,R03b_20260811_FULL_v1,L1_ELIGIBILITY,v2026-08-11,2026-03-21..2026-08-06,baccarat_bet02_101_all_pairs_incl_sentinel,round_win = game_pnl > 0 (decisive only),COMPATIBILITY_ONLY_NOT_PRODUCTION,234594.9955,169540.3402,9810.4062,19851,11308,-0.04181848,-0.03860046,-0.05116595,-0.04181848,-9810.4062,234594.9955,OK,0.0000,294.3122,3.0000,97.0000,AG03-UNRESOLVED,ALL5_LEVELS_bet23_to_bet27,294.3122,294.3122,294.3122,392.4162,490.5203,3.000000,3.000000,3.000000,4.000000,5.000000,97.000000,97.000000,97.000000,96.000000,95.000000,5.0,1765.8731,1644.6383,8044.5331,8165.7679,PENDING_AG03,FALSE,NOT_FOR_ENFORCEMENT,9516.0940,164454.1300,9810.4062,9516.0940,294.3122,0.04181848,0.04056393,294.3122,9516.0940,0.04056393,294.3122,294.3122,294.3122,392.4162,490.5203,9516.0940,0.04056393,1765.8731,1644.6383,8044.5331,8165.7679,0.03429115,0.03480794,0.00125455,11.8178,14.9930,0.8676,208.7320,5.3202,4991.3829,240.5957,12.7170,9.8041,2.5818,2.84,3.3563,4.9054,16.007,177.8754,0.2582,0.0,5.636364,62.633151,4.16126,29,188,6,10,0.74390005,0.04181848,0.03860046,0E-8,0.000000,0.722694,0.000000,0.01256549,2026-05-12,2026-08-02,47,1844,580,83,0.566265,1.297104,1.076088,2.479667,,,,,,,,GLOBAL_BASELINE_NO_ENTITY_RANKING,,,NOT_APPLICABLE_GLOBAL_BASELINE,HF9g-P5,,,,X 全窗基线 · 不参与实体赏罚,15059747,1506,A168_HF9F_20260827_0900,2026-08-27 09:00:00
2026-07-22,17529000,987,0,11.8761779361,0.3872666719,0.3872666719,0.5000000,4,2,0.49908488636364881,0.499948100000,0.0025883365664012004,0.00014679536856514622,0.0025883365664012004,-0.00086321363635119,ELIGIBLE,R03b_20260811_FULL_v1,L1_ELIGIBILITY,v2026-08-11,2026-03-21..2026-08-06,baccarat_bet02_101_all_pairs_incl_sentinel,round_win = game_pnl > 0 (decisive only),COMPATIBILITY_ONLY_NOT_PRODUCTION,234594.9955,169540.3402,9810.4062,19851,11308,-0.04181848,-0.03860046,-0.05116595,-0.04181848,-9810.4062,234594.9955,OK,0.0000,294.3122,3.0000,97.0000,AG03-UNRESOLVED,ALL5_LEVELS_bet23_to_bet27,294.3122,294.3122,294.3122,392.4162,490.5203,3.000000,3.000000,3.000000,4.000000,5.000000,97.000000,97.000000,97.000000,96.000000,95.000000,5.0,1765.8731,1644.6383,8044.5331,8165.7679,PENDING_AG03,FALSE,NOT_FOR_ENFORCEMENT,9516.0940,164454.1300,9810.4062,9516.0940,294.3122,0.04181848,0.04056393,294.3122,9516.0940,0.04056393,294.3122,294.3122,294.3122,392.4162,490.5203,9516.0940,0.04056393,1765.8731,1644.6383,8044.5331,8165.7679,0.03429115,0.03480794,0.00125455,11.8178,14.9930,0.8676,208.7320,5.3202,4991.3829,240.5957,12.7170,9.8041,2.5818,2.84,3.3563,4.9054,16.007,177.8754,0.2582,0.0,5.636364,62.633151,4.16126,29,188,6,10,0.74390005,0.04181848,0.03860046,0E-8,0.000000,0.722694,0.000000,0.01256549,2026-05-12,2026-08-02,47,1844,580,83,0.566265,1.297104,1.076088,2.479667,,,,,,,,GLOBAL_BASELINE_NO_ENTITY_RANKING,,,NOT_APPLICABLE_GLOBAL_BASELINE,HF9g-P5,,,,X 全窗基线 · 不参与实体赏罚,15059748,1506,A168_HF9F_20260827_0900,2026-08-27 09:00:00
2026-07-23,17529000,-1,1,4912.3486432734,829.5768466171,829.5768466171,0.4756098,444,271,0.50157718316027845,0.501234207749,-0.8145704107421055,-0.8038100888137034,-0.8145704107421055,0.00034297541127845,SENTINEL_DEALER,R03b_20260811_FULL_v1,L1_ELIGIBILITY,v2026-08-11,2026-03-21..2026-08-06,baccarat_bet02_101_all_pairs_incl_sentinel,round_win = game_pnl > 0 (decisive only),COMPATIBILITY_ONLY_NOT_PRODUCTION,234594.9955,169540.3402,9810.4062,19851,11308,-0.04181848,-0.03860046,-0.05116595,-0.04181848,-9810.4062,234594.9955,OK,0.0000,294.3122,3.0000,97.0000,AG03-UNRESOLVED,ALL5_LEVELS_bet23_to_bet27,294.3122,294.3122,294.3122,392.4162,490.5203,3.000000,3.000000,3.000000,4.000000,5.000000,97.000000,97.000000,97.000000,96.000000,95.000000,5.0,1765.8731,1644.6383,8044.5331,8165.7679,PENDING_AG03,FALSE,NOT_FOR_ENFORCEMENT,9516.0940,164454.1300,9810.4062,9516.0940,294.3122,0.04181848,0.04056393,294.3122,9516.0940,0.04056393,294.3122,294.3122,294.3122,392.4162,490.5203,9516.0940,0.04056393,1765.8731,1644.6383,8044.5331,8165.7679,0.03429115,0.03480794,0.00125455,11.8178,14.9930,0.8676,208.7320,5.3202,4991.3829,240.5957,12.7170,9.8041,2.5818,2.84,3.3563,4.9054,16.007,177.8754,0.2582,0.0,5.636364,62.633151,4.16126,29,188,6,10,0.74390005,0.04181848,0.03860046,0E-8,0.000000,0.722694,0.000000,0.01256549,2026-05-12,2026-08-02,47,1844,580,83,0.566265,1.297104,1.076088,2.479667,,,,,,,,GLOBAL_BASELINE_NO_ENTITY_RANKING,,,NOT_APPLICABLE_GLOBAL_BASELINE,HF9g-P5,,,,X 全窗基线 · 不参与实体赏罚,15059749,1506,A168_HF9F_20260827_0900,2026-08-27 09:00:00
2026-07-23,17529000,1110,0,5.6799111868,-0.6454444530,-0.6454444530,0E-7,2,1,0.49933877272731564,0.499948100000,-0.998678418742378,-0.9998962053866608,-0.998678418742378,-0.00060932727268436,ELIGIBLE,R03b_20260811_FULL_v1,L1_ELIGIBILITY,v2026-08-11,2026-03-21..2026-08-06,baccarat_bet02_101_all_pairs_incl_sentinel,round_win = game_pnl > 0 (decisive only),COMPATIBILITY_ONLY_NOT_PRODUCTION,234594.9955,169540.3402,9810.4062,19851,11308,-0.04181848,-0.03860046,-0.05116595,-0.04181848,-9810.4062,234594.9955,OK,0.0000,294.3122,3.0000,97.0000,AG03-UNRESOLVED,ALL5_LEVELS_bet23_to_bet27,294.3122,294.3122,294.3122,392.4162,490.5203,3.000000,3.000000,3.000000,4.000000,5.000000,97.000000,97.000000,97.000000,96.000000,95.000000,5.0,1765.8731,1644.6383,8044.5331,8165.7679,PENDING_AG03,FALSE,NOT_FOR_ENFORCEMENT,9516.0940,164454.1300,9810.4062,9516.0940,294.3122,0.04181848,0.04056393,294.3122,9516.0940,0.04056393,294.3122,294.3122,294.3122,392.4162,490.5203,9516.0940,0.04056393,1765.8731,1644.6383,8044.5331,8165.7679,0.03429115,0.03480794,0.00125455,11.8178,14.9930,0.8676,208.7320,5.3202,4991.3829,240.5957,12.7170,9.8041,2.5818,2.84,3.3563,4.9054,16.007,177.8754,0.2582,0.0,5.636364,62.633151,4.16126,29,188,6,10,0.74390005,0.04181848,0.03860046,0E-8,0.000000,0.722694,0.000000,0.01256549,2026-05-12,2026-08-02,47,1844,580,83,0.566265,1.297104,1.076088,2.479667,,,,,,,,GLOBAL_BASELINE_NO_ENTITY_RANKING,,,NOT_APPLICABLE_GLOBAL_BASELINE,HF9g-P5,,,,X 全窗基线 · 不参与实体赏罚,15059750,1506,A168_HF9F_20260827_0900,2026-08-27 09:00:00
2026-07-23,17529000,1115,0,92.9440012392,10.2625668036,10.2625668036,0.3000000,21,12,0.50210532995529491,0.501623750000,-1.2782376712450652,-1.2751872850124146,-1.2782376712450652,0.00048157995529491,ELIGIBLE,R03b_20260811_FULL_v1,L1_ELIGIBILITY,v2026-08-11,2026-03-21..2026-08-06,baccarat_bet02_101_all_pairs_incl_sentinel,round_win = game_pnl > 0 (decisive only),COMPATIBILITY_ONLY_NOT_PRODUCTION,234594.9955,169540.3402,9810.4062,19851,11308,-0.04181848,-0.03860046,-0.05116595,-0.04181848,-9810.4062,234594.9955,OK,0.0000,294.3122,3.0000,97.0000,AG03-UNRESOLVED,ALL5_LEVELS_bet23_to_bet27,294.3122,294.3122,294.3122,392.4162,490.5203,3.000000,3.000000,3.000000,4.000000,5.000000,97.000000,97.000000,97.000000,96.000000,95.000000,5.0,1765.8731,1644.6383,8044.5331,8165.7679,PENDING_AG03,FALSE,NOT_FOR_ENFORCEMENT,9516.0940,164454.1300,9810.4062,9516.0940,294.3122,0.04181848,0.04056393,294.3122,9516.0940,0.04056393,294.3122,294.3122,294.3122,392.4162,490.5203,9516.0940,0.04056393,1765.8731,1644.6383,8044.5331,8165.7679,0.03429115,0.03480794,0.00125455,11.8178,14.9930,0.8676,208.7320,5.3202,4991.3829,240.5957,12.7170,9.8041,2.5818,2.84,3.3563,4.9054,16.007,177.8754,0.2582,0.0,5.636364,62.633151,4.16126,29,188,6,10,0.74390005,0.04181848,0.03860046,0E-8,0.000000,0.722694,0.000000,0.01256549,2026-05-12,2026-08-02,47,1844,580,83,0.566265,1.297104,1.076088,2.479667,,,,,,,,GLOBAL_BASELINE_NO_ENTITY_RANKING,,,NOT_APPLICABLE_GLOBAL_BASELINE,HF9g-P5,,,,X 全窗基线 · 不参与实体赏罚,15059751,1506,A168_HF9F_20260827_0900,2026-08-27 09:00:00
2026-07-23,17529000,1210,0,6.4544445305,0E-10,0E-10,,2,1,0.50128862000000000,0.499948100000,,,,0.00134052000000000,NO_DECISIVE_ROUND,R03b_20260811_FULL_v1,L1_ELIGIBILITY,v2026-08-11,2026-03-21..2026-08-06,baccarat_bet02_101_all_pairs_incl_sentinel,round_win = game_pnl > 0 (decisive only),COMPATIBILITY_ONLY_NOT_PRODUCTION,234594.9955,169540.3402,9810.4062,19851,11308,-0.04181848,-0.03860046,-0.05116595,-0.04181848,-9810.4062,234594.9955,OK,0.0000,294.3122,3.0000,97.0000,AG03-UNRESOLVED,ALL5_LEVELS_bet23_to_bet27,294.3122,294.3122,294.3122,392.4162,490.5203,3.000000,3.000000,3.000000,4.000000,5.000000,97.000000,97.000000,97.000000,96.000000,95.000000,5.0,1765.8731,1644.6383,8044.5331,8165.7679,PENDING_AG03,FALSE,NOT_FOR_ENFORCEMENT,9516.0940,164454.1300,9810.4062,9516.0940,294.3122,0.04181848,0.04056393,294.3122,9516.0940,0.04056393,294.3122,294.3122,294.3122,392.4162,490.5203,9516.0940,0.04056393,1765.8731,1644.6383,8044.5331,8165.7679,0.03429115,0.03480794,0.00125455,11.8178,14.9930,0.8676,208.7320,5.3202,4991.3829,240.5957,12.7170,9.8041,2.5818,2.84,3.3563,4.9054,16.007,177.8754,0.2582,0.0,5.636364,62.633151,4.16126,29,188,6,10,0.74390005,0.04181848,0.03860046,0E-8,0.000000,0.722694,0.000000,0.01256549,2026-05-12,2026-08-02,47,1844,580,83,0.566265,1.297104,1.076088,2.479667,,,,,,,,GLOBAL_BASELINE_NO_ENTITY_RANKING,,,NOT_APPLICABLE_GLOBAL_BASELINE,HF9g-P5,,,,X 全窗基线 · 不参与实体赏罚,15059752,1506,A168_HF9F_20260827_0900,2026-08-27 09:00:00
2026-07-23,17529000,1220,0,112.3073348306,3.2143133765,3.2143133765,0.5882353,37,19,0.50019098539441246,0.499595331579,0.7260320221654225,0.730944095789047,0.7260320221654225,0.00059565381541246,ELIGIBLE,R03b_20260811_FULL_v1,L1_ELIGIBILITY,v2026-08-11,2026-03-21..2026-08-06,baccarat_bet02_101_all_pairs_incl_sentinel,round_win = game_pnl > 0 (decisive only),COMPATIBILITY_ONLY_NOT_PRODUCTION,234594.9955,169540.3402,9810.4062,19851,11308,-0.04181848,-0.03860046,-0.05116595,-0.04181848,-9810.4062,234594.9955,OK,0.0000,294.3122,3.0000,97.0000,AG03-UNRESOLVED,ALL5_LEVELS_bet23_to_bet27,294.3122,294.3122,294.3122,392.4162,490.5203,3.000000,3.000000,3.000000,4.000000,5.000000,97.000000,97.000000,97.000000,96.000000,95.000000,5.0,1765.8731,1644.6383,8044.5331,8165.7679,PENDING_AG03,FALSE,NOT_FOR_ENFORCEMENT,9516.0940,164454.1300,9810.4062,9516.0940,294.3122,0.04181848,0.04056393,294.3122,9516.0940,0.04056393,294.3122,294.3122,294.3122,392.4162,490.5203,9516.0940,0.04056393,1765.8731,1644.6383,8044.5331,8165.7679,0.03429115,0.03480794,0.00125455,11.8178,14.9930,0.8676,208.7320,5.3202,4991.3829,240.5957,12.7170,9.8041,2.5818,2.84,3.3563,4.9054,16.007,177.8754,0.2582,0.0,5.636364,62.633151,4.16126,29,188,6,10,0.74390005,0.04181848,0.03860046,0E-8,0.000000,0.722694,0.000000,0.01256549,2026-05-12,2026-08-02,47,1844,580,83,0.566265,1.297104,1.076088,2.479667,,,,,,,,GLOBAL_BASELINE_NO_ENTITY_RANKING,,,NOT_APPLICABLE_GLOBAL_BASELINE,HF9g-P5,,,,X 全窗基线 · 不参与实体赏罚,15059753,1506,A168_HF9F_20260827_0900,2026-08-27 09:00:00
2026-07-23,17529000,1302,0,24.0105336534,1.1618000154,1.1618000154,0.5000000,8,4,0.49950011059040936,0.499948100000,0.0019995586376999135,0.00020760000111838688,0.0019995586376999135,-0.00044798940959064,ELIGIBLE,R03b_20260811_FULL_v1,L1_ELIGIBILITY,v2026-08-11,2026-03-21..2026-08-06,baccarat_bet02_101_all_pairs_incl_sentinel,round_win = game_pnl > 0 (decisive only),COMPATIBILITY_ONLY_NOT_PRODUCTION,234594.9955,169540.3402,9810.4062,19851,11308,-0.04181848,-0.03860046,-0.05116595,-0.04181848,-9810.4062,234594.9955,OK,0.0000,294.3122,3.0000,97.0000,AG03-UNRESOLVED,ALL5_LEVELS_bet23_to_bet27,294.3122,294.3122,294.3122,392.4162,490.5203,3.000000,3.000000,3.000000,4.000000,5.000000,97.000000,97.000000,97.000000,96.000000,95.000000,5.0,1765.8731,1644.6383,8044.5331,8165.7679,PENDING_AG03,FALSE,NOT_FOR_ENFORCEMENT,9516.0940,164454.1300,9810.4062,9516.0940,294.3122,0.04181848,0.04056393,294.3122,9516.0940,0.04056393,294.3122,294.3122,294.3122,392.4162,490.5203,9516.0940,0.04056393,1765.8731,1644.6383,8044.5331,8165.7679,0.03429115,0.03480794,0.00125455,11.8178,14.9930,0.8676,208.7320,5.3202,4991.3829,240.5957,12.7170,9.8041,2.5818,2.84,3.3563,4.9054,16.007,177.8754,0.2582,0.0,5.636364,62.633151,4.16126,29,188,6,10,0.74390005,0.04181848,0.03860046,0E-8,0.000000,0.722694,0.000000,0.01256549,2026-05-12,2026-08-02,47,1844,580,83,0.566265,1.297104,1.076088,2.479667,,,,,,,,GLOBAL_BASELINE_NO_ENTITY_RANKING,,,NOT_APPLICABLE_GLOBAL_BASELINE,HF9g-P5,,,,X 全窗基线 · 不参与实体赏罚,15059754,1506,A168_HF9F_20260827_0900,2026-08-27 09:00:00
2026-07-23,17529000,1306,0,26.8504892468,0E-10,0E-10,0.5000000,9,5,0.50099190411067267,0.501288620000,-0.0028055340123618803,-0.00364477986612702,-0.0028055340123618803,-0.00029671588932733,ELIGIBLE,R03b_20260811_FULL_v1,L1_ELIGIBILITY,v2026-08-11,2026-03-21..2026-08-06,baccarat_bet02_101_all_pairs_incl_sentinel,round_win = game_pnl > 0 (decisive only),COMPATIBILITY_ONLY_NOT_PRODUCTION,234594.9955,169540.3402,9810.4062,19851,11308,-0.04181848,-0.03860046,-0.05116595,-0.04181848,-9810.4062,234594.9955,OK,0.0000,294.3122,3.0000,97.0000,AG03-UNRESOLVED,ALL5_LEVELS_bet23_to_bet27,294.3122,294.3122,294.3122,392.4162,490.5203,3.000000,3.000000,3.000000,4.000000,5.000000,97.000000,97.000000,97.000000,96.000000,95.000000,5.0,1765.8731,1644.6383,8044.5331,8165.7679,PENDING_AG03,FALSE,NOT_FOR_ENFORCEMENT,9516.0940,164454.1300,9810.4062,9516.0940,294.3122,0.04181848,0.04056393,294.3122,9516.0940,0.04056393,294.3122,294.3122,294.3122,392.4162,490.5203,9516.0940,0.04056393,1765.8731,1644.6383,8044.5331,8165.7679,0.03429115,0.03480794,0.00125455,11.8178,14.9930,0.8676,208.7320,5.3202,4991.3829,240.5957,12.7170,9.8041,2.5818,2.84,3.3563,4.9054,16.007,177.8754,0.2582,0.0,5.636364,62.633151,4.16126,29,188,6,10,0.74390005,0.04181848,0.03860046,0E-8,0.000000,0.722694,0.000000,0.01256549,2026-05-12,2026-08-02,47,1844,580,83,0.566265,1.297104,1.076088,2.479667,,,,,,,,GLOBAL_BASELINE_NO_ENTITY_RANKING,,,NOT_APPLICABLE_GLOBAL_BASELINE,HF9g-P5,,,,X 全窗基线 · 不参与实体赏罚,15059755,1506,A168_HF9F_20260827_0900,2026-08-27 09:00:00
2026-07-23,17529000,1307,0,291.9990705599,68.8560142515,68.8560142515,0.3750000,11,8,0.50475409104406154,0.504137225000,-0.7340331623888774,-0.7305354690486562,-0.7340331623888774,0.00061686604406154,ELIGIBLE,R03b_20260811_FULL_v1,L1_ELIGIBILITY,v2026-08-11,2026-03-21..2026-08-06,baccarat_bet02_101_all_pairs_incl_sentinel,round_win = game_pnl > 0 (decisive only),COMPATIBILITY_ONLY_NOT_PRODUCTION,234594.9955,169540.3402,9810.4062,19851,11308,-0.04181848,-0.03860046,-0.05116595,-0.04181848,-9810.4062,234594.9955,OK,0.0000,294.3122,3.0000,97.0000,AG03-UNRESOLVED,ALL5_LEVELS_bet23_to_bet27,294.3122,294.3122,294.3122,392.4162,490.5203,3.000000,3.000000,3.000000,4.000000,5.000000,97.000000,97.000000,97.000000,96.000000,95.000000,5.0,1765.8731,1644.6383,8044.5331,8165.7679,PENDING_AG03,FALSE,NOT_FOR_ENFORCEMENT,9516.0940,164454.1300,9810.4062,9516.0940,294.3122,0.04181848,0.04056393,294.3122,9516.0940,0.04056393,294.3122,294.3122,294.3122,392.4162,490.5203,9516.0940,0.04056393,1765.8731,1644.6383,8044.5331,8165.7679,0.03429115,0.03480794,0.00125455,11.8178,14.9930,0.8676,208.7320,5.3202,4991.3829,240.5957,12.7170,9.8041,2.5818,2.84,3.3563,4.9054,16.007,177.8754,0.2582,0.0,5.636364,62.633151,4.16126,29,188,6,10,0.74390005,0.04181848,0.03860046,0E-8,0.000000,0.722694,0.000000,0.01256549,2026-05-12,2026-08-02,47,1844,580,83,0.566265,1.297104,1.076088,2.479667,,,,,,,,GLOBAL_BASELINE_NO_ENTITY_RANKING,,,NOT_APPLICABLE_GLOBAL_BASELINE,HF9g-P5,,,,X 全窗基线 · 不参与实体赏罚,15059756,1506,A168_HF9F_20260827_0900,2026-08-27 09:00:00
2026-07-23,17529000,1384,0,18.5888002478,-2.8399555934,-2.8399555934,0E-7,6,3,0.50100609417988284,0.499948100000,-1.417062095217201,-1.4140667746232096,-1.417062095217201,0.00105799417988284,ELIGIBLE,R03b_20260811_FULL_v1,L1_ELIGIBILITY,v2026-08-11,2026-03-21..2026-08-06,baccarat_bet02_101_all_pairs_incl_sentinel,round_win = game_pnl > 0 (decisive only),COMPATIBILITY_ONLY_NOT_PRODUCTION,234594.9955,169540.3402,9810.4062,19851,11308,-0.04181848,-0.03860046,-0.05116595,-0.04181848,-9810.4062,234594.9955,OK,0.0000,294.3122,3.0000,97.0000,AG03-UNRESOLVED,ALL5_LEVELS_bet23_to_bet27,294.3122,294.3122,294.3122,392.4162,490.5203,3.000000,3.000000,3.000000,4.000000,5.000000,97.000000,97.000000,97.000000,96.000000,95.000000,5.0,1765.8731,1644.6383,8044.5331,8165.7679,PENDING_AG03,FALSE,NOT_FOR_ENFORCEMENT,9516.0940,164454.1300,9810.4062,9516.0940,294.3122,0.04181848,0.04056393,294.3122,9516.0940,0.04056393,294.3122,294.3122,294.3122,392.4162,490.5203,9516.0940,0.04056393,1765.8731,1644.6383,8044.5331,8165.7679,0.03429115,0.03480794,0.00125455,11.8178,14.9930,0.8676,208.7320,5.3202,4991.3829,240.5957,12.7170,9.8041,2.5818,2.84,3.3563,4.9054,16.007,177.8754,0.2582,0.0,5.636364,62.633151,4.16126,29,188,6,10,0.74390005,0.04181848,0.03860046,0E-8,0.000000,0.722694,0.000000,0.01256549,2026-05-12,2026-08-02,47,1844,580,83,0.566265,1.297104,1.076088,2.479667,,,,,,,,GLOBAL_BASELINE_NO_ENTITY_RANKING,,,NOT_APPLICABLE_GLOBAL_BASELINE,HF9g-P5,,,,X 全窗基线 · 不参与实体赏罚,15059757,1506,A168_HF9F_20260827_0900,2026-08-27 09:00:00
2026-07-23,17529000,1391,0,28.9159114966,-0.4647200061,-0.4647200061,0.4000000,10,5,0.50051291988932733,0.499948100000,-0.44950767949820086,-0.4469814940518811,-0.44950767949820086,0.00056481988932733,ELIGIBLE,R03b_20260811_FULL_v1,L1_ELIGIBILITY,v2026-08-11,2026-03-21..2026-08-06,baccarat_bet02_101_all_pairs_incl_sentinel,round_win = game_pnl > 0 (decisive only),COMPATIBILITY_ONLY_NOT_PRODUCTION,234594.9955,169540.3402,9810.4062,19851,11308,-0.04181848,-0.03860046,-0.05116595,-0.04181848,-9810.4062,234594.9955,OK,0.0000,294.3122,3.0000,97.0000,AG03-UNRESOLVED,ALL5_LEVELS_bet23_to_bet27,294.3122,294.3122,294.3122,392.4162,490.5203,3.000000,3.000000,3.000000,4.000000,5.000000,97.000000,97.000000,97.000000,96.000000,95.000000,5.0,1765.8731,1644.6383,8044.5331,8165.7679,PENDING_AG03,FALSE,NOT_FOR_ENFORCEMENT,9516.0940,164454.1300,9810.4062,9516.0940,294.3122,0.04181848,0.04056393,294.3122,9516.0940,0.04056393,294.3122,294.3122,294.3122,392.4162,490.5203,9516.0940,0.04056393,1765.8731,1644.6383,8044.5331,8165.7679,0.03429115,0.03480794,0.00125455,11.8178,14.9930,0.8676,208.7320,5.3202,4991.3829,240.5957,12.7170,9.8041,2.5818,2.84,3.3563,4.9054,16.007,177.8754,0.2582,0.0,5.636364,62.633151,4.16126,29,188,6,10,0.74390005,0.04181848,0.03860046,0E-8,0.000000,0.722694,0.000000,0.01256549,2026-05-12,2026-08-02,47,1844,580,83,0.566265,1.297104,1.076088,2.479667,,,,,,,,GLOBAL_BASELINE_NO_ENTITY_RANKING,,,NOT_APPLICABLE_GLOBAL_BASELINE,HF9g-P5,,,,X 全窗基线 · 不参与实体赏罚,15059758,1506,A168_HF9F_20260827_0900,2026-08-27 09:00:00
2026-07-23,17529000,1399,0,5.6799111868,0.3614488937,0.3614488937,1.0000000,2,1,0.50055742727268436,0.499948100000,0.9988857662127119,1.0001038053877793,0.9988857662127119,0.00060932727268436,ELIGIBLE,R03b_20260811_FULL_v1,L1_ELIGIBILITY,v2026-08-11,2026-03-21..2026-08-06,baccarat_bet02_101_all_pairs_incl_sentinel,round_win = game_pnl > 0 (decisive only),COMPATIBILITY_ONLY_NOT_PRODUCTION,234594.9955,169540.3402,9810.4062,19851,11308,-0.04181848,-0.03860046,-0.05116595,-0.04181848,-9810.4062,234594.9955,OK,0.0000,294.3122,3.0000,97.0000,AG03-UNRESOLVED,ALL5_LEVELS_bet23_to_bet27,294.3122,294.3122,294.3122,392.4162,490.5203,3.000000,3.000000,3.000000,4.000000,5.000000,97.000000,97.000000,97.000000,96.000000,95.000000,5.0,1765.8731,1644.6383,8044.5331,8165.7679,PENDING_AG03,FALSE,NOT_FOR_ENFORCEMENT,9516.0940,164454.1300,9810.4062,9516.0940,294.3122,0.04181848,0.04056393,294.3122,9516.0940,0.04056393,294.3122,294.3122,294.3122,392.4162,490.5203,9516.0940,0.04056393,1765.8731,1644.6383,8044.5331,8165.7679,0.03429115,0.03480794,0.00125455,11.8178,14.9930,0.8676,208.7320,5.3202,4991.3829,240.5957,12.7170,9.8041,2.5818,2.84,3.3563,4.9054,16.007,177.8754,0.2582,0.0,5.636364,62.633151,4.16126,29,188,6,10,0.74390005,0.04181848,0.03860046,0E-8,0.000000,0.722694,0.000000,0.01256549,2026-05-12,2026-08-02,47,1844,580,83,0.566265,1.297104,1.076088,2.479667,,,,,,,,GLOBAL_BASELINE_NO_ENTITY_RANKING,,,NOT_APPLICABLE_GLOBAL_BASELINE,HF9g-P5,,,,X 全窗基线 · 不参与实体赏罚,15059759,1506,A168_HF9F_20260827_0900,2026-08-27 09:00:00
2026-07-23,17529000,1401,0,73.8388454288,9.8365734647,9.8365734647,0.4444444,17,11,0.50096783659451350,0.500557427273,-0.3391409882529418,-0.33667810620011834,-0.3391409882529418,0.00041040932151350,ELIGIBLE,R03b_20260811_FULL_v1,L1_ELIGIBILITY,v2026-08-11,2026-03-21..2026-08-06,baccarat_bet02_101_all_pairs_incl_sentinel,round_win = game_pnl > 0 (decisive only),COMPATIBILITY_ONLY_NOT_PRODUCTION,234594.9955,169540.3402,9810.4062,19851,11308,-0.04181848,-0.03860046,-0.05116595,-0.04181848,-9810.4062,234594.9955,OK,0.0000,294.3122,3.0000,97.0000,AG03-UNRESOLVED,ALL5_LEVELS_bet23_to_bet27,294.3122,294.3122,294.3122,392.4162,490.5203,3.000000,3.000000,3.000000,4.000000,5.000000,97.000000,97.000000,97.000000,96.000000,95.000000,5.0,1765.8731,1644.6383,8044.5331,8165.7679,PENDING_AG03,FALSE,NOT_FOR_ENFORCEMENT,9516.0940,164454.1300,9810.4062,9516.0940,294.3122,0.04181848,0.04056393,294.3122,9516.0940,0.04056393,294.3122,294.3122,294.3122,392.4162,490.5203,9516.0940,0.04056393,1765.8731,1644.6383,8044.5331,8165.7679,0.03429115,0.03480794,0.00125455,11.8178,14.9930,0.8676,208.7320,5.3202,4991.3829,240.5957,12.7170,9.8041,2.5818,2.84,3.3563,4.9054,16.007,177.8754,0.2582,0.0,5.636364,62.633151,4.16126,29,188,6,10,0.74390005,0.04181848,0.03860046,0E-8,0.000000,0.722694,0.000000,0.01256549,2026-05-12,2026-08-02,47,1844,580,83,0.566265,1.297104,1.076088,2.479667,,,,,,,,GLOBAL_BASELINE_NO_ENTITY_RANKING,,,NOT_APPLICABLE_GLOBAL_BASELINE,HF9g-P5,,,,X 全窗基线 · 不参与实体赏罚,15059760,1506,A168_HF9F_20260827_0900,2026-08-27 09:00:00
2026-07-23,17529000,1505,0,171.6882245114,26.0630470142,26.0630470142,0.2500000,14,9,0.49996119205597424,0.499948100000,-1.4139940357491287,-1.4139199792546444,-1.4139940357491287,0.00001309205597424,ELIGIBLE,R03b_20260811_FULL_v1,L1_ELIGIBILITY,v2026-08-11,2026-03-21..2026-08-06,baccarat_bet02_101_all_pairs_incl_sentinel,round_win = game_pnl > 0 (decisive only),COMPATIBILITY_ONLY_NOT_PRODUCTION,234594.9955,169540.3402,9810.4062,19851,11308,-0.04181848,-0.03860046,-0.05116595,-0.04181848,-9810.4062,234594.9955,OK,0.0000,294.3122,3.0000,97.0000,AG03-UNRESOLVED,ALL5_LEVELS_bet23_to_bet27,294.3122,294.3122,294.3122,392.4162,490.5203,3.000000,3.000000,3.000000,4.000000,5.000000,97.000000,97.000000,97.000000,96.000000,95.000000,5.0,1765.8731,1644.6383,8044.5331,8165.7679,PENDING_AG03,FALSE,NOT_FOR_ENFORCEMENT,9516.0940,164454.1300,9810.4062,9516.0940,294.3122,0.04181848,0.04056393,294.3122,9516.0940,0.04056393,294.3122,294.3122,294.3122,392.4162,490.5203,9516.0940,0.04056393,1765.8731,1644.6383,8044.5331,8165.7679,0.03429115,0.03480794,0.00125455,11.8178,14.9930,0.8676,208.7320,5.3202,4991.3829,240.5957,12.7170,9.8041,2.5818,2.84,3.3563,4.9054,16.007,177.8754,0.2582,0.0,5.636364,62.633151,4.16126,29,188,6,10,0.74390005,0.04181848,0.03860046,0E-8,0.000000,0.722694,0.000000,0.01256549,2026-05-12,2026-08-02,47,1844,580,83,0.566265,1.297104,1.076088,2.479667,,,,,,,,GLOBAL_BASELINE_NO_ENTITY_RANKING,,,NOT_APPLICABLE_GLOBAL_BASELINE,HF9g-P5,,,,X 全窗基线 · 不参与实体赏罚,15059761,1506,A168_HF9F_20260827_0900,2026-08-27 09:00:00
2026-07-23,17529000,1509,0,28.6577337153,1.4328866858,1.4328866858,0.4000000,9,5,0.50204528196246658,0.501288620000,-0.45636419262396927,-0.4529779837142727,-0.45636419262396927,0.00075666196246658,ELIGIBLE,R03b_20260811_FULL_v1,L1_ELIGIBILITY,v2026-08-11,2026-03-21..2026-08-06,baccarat_bet02_101_all_pairs_incl_sentinel,round_win = game_pnl > 0 (decisive only),COMPATIBILITY_ONLY_NOT_PRODUCTION,234594.9955,169540.3402,9810.4062,19851,11308,-0.04181848,-0.03860046,-0.05116595,-0.04181848,-9810.4062,234594.9955,OK,0.0000,294.3122,3.0000,97.0000,AG03-UNRESOLVED,ALL5_LEVELS_bet23_to_bet27,294.3122,294.3122,294.3122,392.4162,490.5203,3.000000,3.000000,3.000000,4.000000,5.000000,97.000000,97.000000,97.000000,96.000000,95.000000,5.0,1765.8731,1644.6383,8044.5331,8165.7679,PENDING_AG03,FALSE,NOT_FOR_ENFORCEMENT,9516.0940,164454.1300,9810.4062,9516.0940,294.3122,0.04181848,0.04056393,294.3122,9516.0940,0.04056393,294.3122,294.3122,294.3122,392.4162,490.5203,9516.0940,0.04056393,1765.8731,1644.6383,8044.5331,8165.7679,0.03429115,0.03480794,0.00125455,11.8178,14.9930,0.8676,208.7320,5.3202,4991.3829,240.5957,12.7170,9.8041,2.5818,2.84,3.3563,4.9054,16.007,177.8754,0.2582,0.0,5.636364,62.633151,4.16126,29,188,6,10,0.74390005,0.04181848,0.03860046,0E-8,0.000000,0.722694,0.000000,0.01256549,2026-05-12,2026-08-02,47,1844,580,83,0.566265,1.297104,1.076088,2.479667,,,,,,,,GLOBAL_BASELINE_NO_ENTITY_RANKING,,,NOT_APPLICABLE_GLOBAL_BASELINE,HF9g-P5,,,,X 全窗基线 · 不参与实体赏罚,15059762,1506,A168_HF9F_20260827_0900,2026-08-27 09:00:00
2026-07-23,17529000,1935,0,57.5736452121,8.1326001084,8.1326001084,0.6666667,16,9,0.50235365236701808,0.501437566667,0.985889008876596,0.9913786975687808,0.985889008876596,0.00091608570001808,ELIGIBLE,R03b_20260811_FULL_v1,L1_ELIGIBILITY,v2026-08-11,2026-03-21..2026-08-06,baccarat_bet02_101_all_pairs_incl_sentinel,round_win = game_pnl > 0 (decisive only),COMPATIBILITY_ONLY_NOT_PRODUCTION,234594.9955,169540.3402,9810.4062,19851,11308,-0.04181848,-0.03860046,-0.05116595,-0.04181848,-9810.4062,234594.9955,OK,0.0000,294.3122,3.0000,97.0000,AG03-UNRESOLVED,ALL5_LEVELS_bet23_to_bet27,294.3122,294.3122,294.3122,392.4162,490.5203,3.000000,3.000000,3.000000,4.000000,5.000000,97.000000,97.000000,97.000000,96.000000,95.000000,5.0,1765.8731,1644.6383,8044.5331,8165.7679,PENDING_AG03,FALSE,NOT_FOR_ENFORCEMENT,9516.0940,164454.1300,9810.4062,9516.0940,294.3122,0.04181848,0.04056393,294.3122,9516.0940,0.04056393,294.3122,294.3122,294.3122,392.4162,490.5203,9516.0940,0.04056393,1765.8731,1644.6383,8044.5331,8165.7679,0.03429115,0.03480794,0.00125455,11.8178,14.9930,0.8676,208.7320,5.3202,4991.3829,240.5957,12.7170,9.8041,2.5818,2.84,3.3563,4.9054,16.007,177.8754,0.2582,0.0,5.636364,62.633151,4.16126,29,188,6,10,0.74390005,0.04181848,0.03860046,0E-8,0.000000,0.722694,0.000000,0.01256549,2026-05-12,2026-08-02,47,1844,580,83,0.566265,1.297104,1.076088,2.479667,,,,,,,,GLOBAL_BASELINE_NO_ENTITY_RANKING,,,NOT_APPLICABLE_GLOBAL_BASELINE,HF9g-P5,,,,X 全窗基线 · 不参与实体赏罚,15059763,1506,A168_HF9F_20260827_0900,2026-08-27 09:00:00
2026-07-23,17529000,1957,0,24.0105336535,5.3184622932,5.3184622932,0.5000000,6,4,0.50031899486165917,0.499948100000,-0.0012759797063182823,0.00020760000111838688,-0.0012759797063182823,0.00037089486165917,ELIGIBLE,R03b_20260811_FULL_v1,L1_ELIGIBILITY,v2026-08-11,2026-03-21..2026-08-06,baccarat_bet02_101_all_pairs_incl_sentinel,round_win = game_pnl > 0 (decisive only),COMPATIBILITY_ONLY_NOT_PRODUCTION,234594.9955,169540.3402,9810.4062,19851,11308,-0.04181848,-0.03860046,-0.05116595,-0.04181848,-9810.4062,234594.9955,OK,0.0000,294.3122,3.0000,97.0000,AG03-UNRESOLVED,ALL5_LEVELS_bet23_to_bet27,294.3122,294.3122,294.3122,392.4162,490.5203,3.000000,3.000000,3.000000,4.000000,5.000000,97.000000,97.000000,97.000000,96.000000,95.000000,5.0,1765.8731,1644.6383,8044.5331,8165.7679,PENDING_AG03,FALSE,NOT_FOR_ENFORCEMENT,9516.0940,164454.1300,9810.4062,9516.0940,294.3122,0.04181848,0.04056393,294.3122,9516.0940,0.04056393,294.3122,294.3122,294.3122,392.4162,490.5203,9516.0940,0.04056393,1765.8731,1644.6383,8044.5331,8165.7679,0.03429115,0.03480794,0.00125455,11.8178,14.9930,0.8676,208.7320,5.3202,4991.3829,240.5957,12.7170,9.8041,2.5818,2.84,3.3563,4.9054,16.007,177.8754,0.2582,0.0,5.636364,62.633151,4.16126,29,188,6,10,0.74390005,0.04181848,0.03860046,0E-8,0.000000,0.722694,0.000000,0.01256549,2026-05-12,2026-08-02,47,1844,580,83,0.566265,1.297104,1.076088,2.479667,,,,,,,,GLOBAL_BASELINE_NO_ENTITY_RANKING,,,NOT_APPLICABLE_GLOBAL_BASELINE,HF9g-P5,,,,X 全窗基线 · 不参与实体赏罚,15059764,1506,A168_HF9F_20260827_0900,2026-08-27 09:00:00
2026-07-23,17529000,1963,0,61.1881341489,1.4587044640,1.4587044640,0.7777778,22,11,0.50013836424721100,0.499948100000,1.6658365449671666,1.6669780756470443,1.6658365449671666,0.00019026424721100,ELIGIBLE,R03b_20260811_FULL_v1,L1_ELIGIBILITY,v2026-08-11,2026-03-21..2026-08-06,baccarat_bet02_101_all_pairs_incl_sentinel,round_win = game_pnl > 0 (decisive only),COMPATIBILITY_ONLY_NOT_PRODUCTION,234594.9955,169540.3402,9810.4062,19851,11308,-0.04181848,-0.03860046,-0.05116595,-0.04181848,-9810.4062,234594.9955,OK,0.0000,294.3122,3.0000,97.0000,AG03-UNRESOLVED,ALL5_LEVELS_bet23_to_bet27,294.3122,294.3122,294.3122,392.4162,490.5203,3.000000,3.000000,3.000000,4.000000,5.000000,97.000000,97.000000,97.000000,96.000000,95.000000,5.0,1765.8731,1644.6383,8044.5331,8165.7679,PENDING_AG03,FALSE,NOT_FOR_ENFORCEMENT,9516.0940,164454.1300,9810.4062,9516.0940,294.3122,0.04181848,0.04056393,294.3122,9516.0940,0.04056393,294.3122,294.3122,294.3122,392.4162,490.5203,9516.0940,0.04056393,1765.8731,1644.6383,8044.5331,8165.7679,0.03429115,0.03480794,0.00125455,11.8178,14.9930,0.8676,208.7320,5.3202,4991.3829,240.5957,12.7170,9.8041,2.5818,2.84,3.3563,4.9054,16.007,177.8754,0.2582,0.0,5.636364,62.633151,4.16126,29,188,6,10,0.74390005,0.04181848,0.03860046,0E-8,0.000000,0.722694,0.000000,0.01256549,2026-05-12,2026-08-02,47,1844,580,83,0.566265,1.297104,1.076088,2.479667,,,,,,,,GLOBAL_BASELINE_NO_ENTITY_RANKING,,,NOT_APPLICABLE_GLOBAL_BASELINE,HF9g-P5,,,,X 全窗基线 · 不参与实体赏罚,15059765,1506,A168_HF9F_20260827_0900,2026-08-27 09:00:00
2026-07-23,17529000,2088,0,12.9088890610,-0.5163555624,-0.5163555624,0E-7,4,2,0.50121027792206971,0.499948100000,-1.002423492493469,-0.9998962053866608,-1.002423492493469,0.00126217792206971,ELIGIBLE,R03b_20260811_FULL_v1,L1_ELIGIBILITY,v2026-08-11,2026-03-21..2026-08-06,baccarat_bet02_101_all_pairs_incl_sentinel,round_win = game_pnl > 0 (decisive only),COMPATIBILITY_ONLY_NOT_PRODUCTION,234594.9955,169540.3402,9810.4062,19851,11308,-0.04181848,-0.03860046,-0.05116595,-0.04181848,-9810.4062,234594.9955,OK,0.0000,294.3122,3.0000,97.0000,AG03-UNRESOLVED,ALL5_LEVELS_bet23_to_bet27,294.3122,294.3122,294.3122,392.4162,490.5203,3.000000,3.000000,3.000000,4.000000,5.000000,97.000000,97.000000,97.000000,96.000000,95.000000,5.0,1765.8731,1644.6383,8044.5331,8165.7679,PENDING_AG03,FALSE,NOT_FOR_ENFORCEMENT,9516.0940,164454.1300,9810.4062,9516.0940,294.3122,0.04181848,0.04056393,294.3122,9516.0940,0.04056393,294.3122,294.3122,294.3122,392.4162,490.5203,9516.0940,0.04056393,1765.8731,1644.6383,8044.5331,8165.7679,0.03429115,0.03480794,0.00125455,11.8178,14.9930,0.8676,208.7320,5.3202,4991.3829,240.5957,12.7170,9.8041,2.5818,2.84,3.3563,4.9054,16.007,177.8754,0.2582,0.0,5.636364,62.633151,4.16126,29,188,6,10,0.74390005,0.04181848,0.03860046,0E-8,0.000000,0.722694,0.000000,0.01256549,2026-05-12,2026-08-02,47,1844,580,83,0.566265,1.297104,1.076088,2.479667,,,,,,,,GLOBAL_BASELINE_NO_ENTITY_RANKING,,,NOT_APPLICABLE_GLOBAL_BASELINE,HF9g-P5,,,,X 全窗基线 · 不参与实体赏罚,15059766,1506,A168_HF9F_20260827_0900,2026-08-27 09:00:00
2026-07-23,17529000,2090,0,12.3925334986,-2.1945111404,-2.1945111404,0E-7,4,2,0.50018123391302385,0.499948100000,-1.4147262622240557,-1.4140667746232096,-1.4147262622240557,0.00023313391302385,ELIGIBLE,R03b_20260811_FULL_v1,L1_ELIGIBILITY,v2026-08-11,2026-03-21..2026-08-06,baccarat_bet02_101_all_pairs_incl_sentinel,round_win = game_pnl > 0 (decisive only),COMPATIBILITY_ONLY_NOT_PRODUCTION,234594.9955,169540.3402,9810.4062,19851,11308,-0.04181848,-0.03860046,-0.05116595,-0.04181848,-9810.4062,234594.9955,OK,0.0000,294.3122,3.0000,97.0000,AG03-UNRESOLVED,ALL5_LEVELS_bet23_to_bet27,294.3122,294.3122,294.3122,392.4162,490.5203,3.000000,3.000000,3.000000,4.000000,5.000000,97.000000,97.000000,97.000000,96.000000,95.000000,5.0,1765.8731,1644.6383,8044.5331,8165.7679,PENDING_AG03,FALSE,NOT_FOR_ENFORCEMENT,9516.0940,164454.1300,9810.4062,9516.0940,294.3122,0.04181848,0.04056393,294.3122,9516.0940,0.04056393,294.3122,294.3122,294.3122,392.4162,490.5203,9516.0940,0.04056393,1765.8731,1644.6383,8044.5331,8165.7679,0.03429115,0.03480794,0.00125455,11.8178,14.9930,0.8676,208.7320,5.3202,4991.3829,240.5957,12.7170,9.8041,2.5818,2.84,3.3563,4.9054,16.007,177.8754,0.2582,0.0,5.636364,62.633151,4.16126,29,188,6,10,0.74390005,0.04181848,0.03860046,0E-8,0.000000,0.722694,0.000000,0.01256549,2026-05-12,2026-08-02,47,1844,580,83,0.566265,1.297104,1.076088,2.479667,,,,,,,,GLOBAL_BASELINE_NO_ENTITY_RANKING,,,NOT_APPLICABLE_GLOBAL_BASELINE,HF9g-P5,,,,X 全窗基线 · 不参与实体赏罚,15059767,1506,A168_HF9F_20260827_0900,2026-08-27 09:00:00
2026-07-23,17529000,2092,0,90.3622234270,4.5052022824,4.5052022824,0.4615385,25,15,0.49836721321663985,0.498607580000,-0.26557732123216865,-0.2673102512407778,-0.26557732123216865,-0.00024036678336015,ELIGIBLE,R03b_20260811_FULL_v1,L1_ELIGIBILITY,v2026-08-11,2026-03-21..2026-08-06,baccarat_bet02_101_all_pairs_incl_sentinel,round_win = game_pnl > 0 (decisive only),COMPATIBILITY_ONLY_NOT_PRODUCTION,234594.9955,169540.3402,9810.4062,19851,11308,-0.04181848,-0.03860046,-0.05116595,-0.04181848,-9810.4062,234594.9955,OK,0.0000,294.3122,3.0000,97.0000,AG03-UNRESOLVED,ALL5_LEVELS_bet23_to_bet27,294.3122,294.3122,294.3122,392.4162,490.5203,3.000000,3.000000,3.000000,4.000000,5.000000,97.000000,97.000000,97.000000,96.000000,95.000000,5.0,1765.8731,1644.6383,8044.5331,8165.7679,PENDING_AG03,FALSE,NOT_FOR_ENFORCEMENT,9516.0940,164454.1300,9810.4062,9516.0940,294.3122,0.04181848,0.04056393,294.3122,9516.0940,0.04056393,294.3122,294.3122,294.3122,392.4162,490.5203,9516.0940,0.04056393,1765.8731,1644.6383,8044.5331,8165.7679,0.03429115,0.03480794,0.00125455,11.8178,14.9930,0.8676,208.7320,5.3202,4991.3829,240.5957,12.7170,9.8041,2.5818,2.84,3.3563,4.9054,16.007,177.8754,0.2582,0.0,5.636364,62.633151,4.16126,29,188,6,10,0.74390005,0.04181848,0.03860046,0E-8,0.000000,0.722694,0.000000,0.01256549,2026-05-12,2026-08-02,47,1844,580,83,0.566265,1.297104,1.076088,2.479667,,,,,,,,GLOBAL_BASELINE_NO_ENTITY_RANKING,,,NOT_APPLICABLE_GLOBAL_BASELINE,HF9g-P5,,,,X 全窗基线 · 不参与实体赏罚,15059768,1506,A168_HF9F_20260827_0900,2026-08-27 09:00:00
2026-07-23,17529000,2093,0,20.1378669352,4.5310200604,4.5310200604,0.5000000,2,2,0.50665070000000000,0.506650700000,-0.018812684590367487,-0.018812684590367487,-0.018812684590367487,0E-17,ELIGIBLE,R03b_20260811_FULL_v1,L1_ELIGIBILITY,v2026-08-11,2026-03-21..2026-08-06,baccarat_bet02_101_all_pairs_incl_sentinel,round_win = game_pnl > 0 (decisive only),COMPATIBILITY_ONLY_NOT_PRODUCTION,234594.9955,169540.3402,9810.4062,19851,11308,-0.04181848,-0.03860046,-0.05116595,-0.04181848,-9810.4062,234594.9955,OK,0.0000,294.3122,3.0000,97.0000,AG03-UNRESOLVED,ALL5_LEVELS_bet23_to_bet27,294.3122,294.3122,294.3122,392.4162,490.5203,3.000000,3.000000,3.000000,4.000000,5.000000,97.000000,97.000000,97.000000,96.000000,95.000000,5.0,1765.8731,1644.6383,8044.5331,8165.7679,PENDING_AG03,FALSE,NOT_FOR_ENFORCEMENT,9516.0940,164454.1300,9810.4062,9516.0940,294.3122,0.04181848,0.04056393,294.3122,9516.0940,0.04056393,294.3122,294.3122,294.3122,392.4162,490.5203,9516.0940,0.04056393,1765.8731,1644.6383,8044.5331,8165.7679,0.03429115,0.03480794,0.00125455,11.8178,14.9930,0.8676,208.7320,5.3202,4991.3829,240.5957,12.7170,9.8041,2.5818,2.84,3.3563,4.9054,16.007,177.8754,0.2582,0.0,5.636364,62.633151,4.16126,29,188,6,10,0.74390005,0.04181848,0.03860046,0E-8,0.000000,0.722694,0.000000,0.01256549,2026-05-12,2026-08-02,47,1844,580,83,0.566265,1.297104,1.076088,2.479667,,,,,,,,GLOBAL_BASELINE_NO_ENTITY_RANKING,,,NOT_APPLICABLE_GLOBAL_BASELINE,HF9g-P5,,,,X 全窗基线 · 不参与实体赏罚,15059769,1506,A168_HF9F_20260827_0900,2026-08-27 09:00:00
2026-07-23,17529000,2103,0,51.1192006815,6.5706245321,6.5706245321,0.8571429,17,9,0.50006690191967315,0.499203366667,1.889468370276778,1.894040156427315,1.889468370276778,0.00086353525267315,ELIGIBLE,R03b_20260811_FULL_v1,L1_ELIGIBILITY,v2026-08-11,2026-03-21..2026-08-06,baccarat_bet02_101_all_pairs_incl_sentinel,round_win = game_pnl > 0 (decisive only),COMPATIBILITY_ONLY_NOT_PRODUCTION,234594.9955,169540.3402,9810.4062,19851,11308,-0.04181848,-0.03860046,-0.05116595,-0.04181848,-9810.4062,234594.9955,OK,0.0000,294.3122,3.0000,97.0000,AG03-UNRESOLVED,ALL5_LEVELS_bet23_to_bet27,294.3122,294.3122,294.3122,392.4162,490.5203,3.000000,3.000000,3.000000,4.000000,5.000000,97.000000,97.000000,97.000000,96.000000,95.000000,5.0,1765.8731,1644.6383,8044.5331,8165.7679,PENDING_AG03,FALSE,NOT_FOR_ENFORCEMENT,9516.0940,164454.1300,9810.4062,9516.0940,294.3122,0.04181848,0.04056393,294.3122,9516.0940,0.04056393,294.3122,294.3122,294.3122,392.4162,490.5203,9516.0940,0.04056393,1765.8731,1644.6383,8044.5331,8165.7679,0.03429115,0.03480794,0.00125455,11.8178,14.9930,0.8676,208.7320,5.3202,4991.3829,240.5957,12.7170,9.8041,2.5818,2.84,3.3563,4.9054,16.007,177.8754,0.2582,0.0,5.636364,62.633151,4.16126,29,188,6,10,0.74390005,0.04181848,0.03860046,0E-8,0.000000,0.722694,0.000000,0.01256549,2026-05-12,2026-08-02,47,1844,580,83,0.566265,1.297104,1.076088,2.479667,,,,,,,,GLOBAL_BASELINE_NO_ENTITY_RANKING,,,NOT_APPLICABLE_GLOBAL_BASELINE,HF9g-P5,,,,X 全窗基线 · 不参与实体赏罚,15059770,1506,A168_HF9F_20260827_0900,2026-08-27 09:00:00
2026-07-23,17529000,2107,0,5.6799111868,-0.5163555624,-0.5163555624,0E-7,2,1,0.50055742727268436,0.499948100000,-1.001115476689104,-0.9998962053866608,-1.001115476689104,0.00060932727268436,ELIGIBLE,R03b_20260811_FULL_v1,L1_ELIGIBILITY,v2026-08-11,2026-03-21..2026-08-06,baccarat_bet02_101_all_pairs_incl_sentinel,round_win = game_pnl > 0 (decisive only),COMPATIBILITY_ONLY_NOT_PRODUCTION,234594.9955,169540.3402,9810.4062,19851,11308,-0.04181848,-0.03860046,-0.05116595,-0.04181848,-9810.4062,234594.9955,OK,0.0000,294.3122,3.0000,97.0000,AG03-UNRESOLVED,ALL5_LEVELS_bet23_to_bet27,294.3122,294.3122,294.3122,392.4162,490.5203,3.000000,3.000000,3.000000,4.000000,5.000000,97.000000,97.000000,97.000000,96.000000,95.000000,5.0,1765.8731,1644.6383,8044.5331,8165.7679,PENDING_AG03,FALSE,NOT_FOR_ENFORCEMENT,9516.0940,164454.1300,9810.4062,9516.0940,294.3122,0.04181848,0.04056393,294.3122,9516.0940,0.04056393,294.3122,294.3122,294.3122,392.4162,490.5203,9516.0940,0.04056393,1765.8731,1644.6383,8044.5331,8165.7679,0.03429115,0.03480794,0.00125455,11.8178,14.9930,0.8676,208.7320,5.3202,4991.3829,240.5957,12.7170,9.8041,2.5818,2.84,3.3563,4.9054,16.007,177.8754,0.2582,0.0,5.636364,62.633151,4.16126,29,188,6,10,0.74390005,0.04181848,0.03860046,0E-8,0.000000,0.722694,0.000000,0.01256549,2026-05-12,2026-08-02,47,1844,580,83,0.566265,1.297104,1.076088,2.479667,,,,,,,,GLOBAL_BASELINE_NO_ENTITY_RANKING,,,NOT_APPLICABLE_GLOBAL_BASELINE,HF9g-P5,,,,X 全窗基线 · 不参与实体赏罚,15059771,1506,A168_HF9F_20260827_0900,2026-08-27 09:00:00
2026-07-23,17529000,2117,0,5.9380889681,0.6067177859,0.6067177859,1.0000000,2,1,0.50082235217395230,0.499948100000,0.9983566459565251,1.0001038053877793,0.9983566459565251,0.00087425217395230,ELIGIBLE,R03b_20260811_FULL_v1,L1_ELIGIBILITY,v2026-08-11,2026-03-21..2026-08-06,baccarat_bet02_101_all_pairs_incl_sentinel,round_win = game_pnl > 0 (decisive only),COMPATIBILITY_ONLY_NOT_PRODUCTION,234594.9955,169540.3402,9810.4062,19851,11308,-0.04181848,-0.03860046,-0.05116595,-0.04181848,-9810.4062,234594.9955,OK,0.0000,294.3122,3.0000,97.0000,AG03-UNRESOLVED,ALL5_LEVELS_bet23_to_bet27,294.3122,294.3122,294.3122,392.4162,490.5203,3.000000,3.000000,3.000000,4.000000,5.000000,97.000000,97.000000,97.000000,96.000000,95.000000,5.0,1765.8731,1644.6383,8044.5331,8165.7679,PENDING_AG03,FALSE,NOT_FOR_ENFORCEMENT,9516.0940,164454.1300,9810.4062,9516.0940,294.3122,0.04181848,0.04056393,294.3122,9516.0940,0.04056393,294.3122,294.3122,294.3122,392.4162,490.5203,9516.0940,0.04056393,1765.8731,1644.6383,8044.5331,8165.7679,0.03429115,0.03480794,0.00125455,11.8178,14.9930,0.8676,208.7320,5.3202,4991.3829,240.5957,12.7170,9.8041,2.5818,2.84,3.3563,4.9054,16.007,177.8754,0.2582,0.0,5.636364,62.633151,4.16126,29,188,6,10,0.74390005,0.04181848,0.03860046,0E-8,0.000000,0.722694,0.000000,0.01256549,2026-05-12,2026-08-02,47,1844,580,83,0.566265,1.297104,1.076088,2.479667,,,,,,,,GLOBAL_BASELINE_NO_ENTITY_RANKING,,,NOT_APPLICABLE_GLOBAL_BASELINE,HF9g-P5,,,,X 全窗基线 · 不参与实体赏罚,15059772,1506,A168_HF9F_20260827_0900,2026-08-27 09:00:00
2026-07-23,17529000,2142,0,50.6028451192,2.6463222574,2.6463222574,0.1666667,9,6,0.50381747536233139,0.503299400000,-1.6517430381366391,-1.649192761518943,-1.6517430381366391,0.00051807536233139,ELIGIBLE,R03b_20260811_FULL_v1,L1_ELIGIBILITY,v2026-08-11,2026-03-21..2026-08-06,baccarat_bet02_101_all_pairs_incl_sentinel,round_win = game_pnl > 0 (decisive only),COMPATIBILITY_ONLY_NOT_PRODUCTION,234594.9955,169540.3402,9810.4062,19851,11308,-0.04181848,-0.03860046,-0.05116595,-0.04181848,-9810.4062,234594.9955,OK,0.0000,294.3122,3.0000,97.0000,AG03-UNRESOLVED,ALL5_LEVELS_bet23_to_bet27,294.3122,294.3122,294.3122,392.4162,490.5203,3.000000,3.000000,3.000000,4.000000,5.000000,97.000000,97.000000,97.000000,96.000000,95.000000,5.0,1765.8731,1644.6383,8044.5331,8165.7679,PENDING_AG03,FALSE,NOT_FOR_ENFORCEMENT,9516.0940,164454.1300,9810.4062,9516.0940,294.3122,0.04181848,0.04056393,294.3122,9516.0940,0.04056393,294.3122,294.3122,294.3122,392.4162,490.5203,9516.0940,0.04056393,1765.8731,1644.6383,8044.5331,8165.7679,0.03429115,0.03480794,0.00125455,11.8178,14.9930,0.8676,208.7320,5.3202,4991.3829,240.5957,12.7170,9.8041,2.5818,2.84,3.3563,4.9054,16.007,177.8754,0.2582,0.0,5.636364,62.633151,4.16126,29,188,6,10,0.74390005,0.04181848,0.03860046,0E-8,0.000000,0.722694,0.000000,0.01256549,2026-05-12,2026-08-02,47,1844,580,83,0.566265,1.297104,1.076088,2.479667,,,,,,,,GLOBAL_BASELINE_NO_ENTITY_RANKING,,,NOT_APPLICABLE_GLOBAL_BASELINE,HF9g-P5,,,,X 全窗基线 · 不参与实体赏罚,15059773,1506,A168_HF9F_20260827_0900,2026-08-27 09:00:00
2026-07-23,17529000,2169,0,6.9708000929,-1.8072444685,-1.8072444685,0E-7,2,1,0.50168581111108262,0.499948100000,-1.003377325353019,-0.9998962053866608,-1.003377325353019,0.00173771111108262,ELIGIBLE,R03b_20260811_FULL_v1,L1_ELIGIBILITY,v2026-08-11,2026-03-21..2026-08-06,baccarat_bet02_101_all_pairs_incl_sentinel,round_win = game_pnl > 0 (decisive only),COMPATIBILITY_ONLY_NOT_PRODUCTION,234594.9955,169540.3402,9810.4062,19851,11308,-0.04181848,-0.03860046,-0.05116595,-0.04181848,-9810.4062,234594.9955,OK,0.0000,294.3122,3.0000,97.0000,AG03-UNRESOLVED,ALL5_LEVELS_bet23_to_bet27,294.3122,294.3122,294.3122,392.4162,490.5203,3.000000,3.000000,3.000000,4.000000,5.000000,97.000000,97.000000,97.000000,96.000000,95.000000,5.0,1765.8731,1644.6383,8044.5331,8165.7679,PENDING_AG03,FALSE,NOT_FOR_ENFORCEMENT,9516.0940,164454.1300,9810.4062,9516.0940,294.3122,0.04181848,0.04056393,294.3122,9516.0940,0.04056393,294.3122,294.3122,294.3122,392.4162,490.5203,9516.0940,0.04056393,1765.8731,1644.6383,8044.5331,8165.7679,0.03429115,0.03480794,0.00125455,11.8178,14.9930,0.8676,208.7320,5.3202,4991.3829,240.5957,12.7170,9.8041,2.5818,2.84,3.3563,4.9054,16.007,177.8754,0.2582,0.0,5.636364,62.633151,4.16126,29,188,6,10,0.74390005,0.04181848,0.03860046,0E-8,0.000000,0.722694,0.000000,0.01256549,2026-05-12,2026-08-02,47,1844,580,83,0.566265,1.297104,1.076088,2.479667,,,,,,,,GLOBAL_BASELINE_NO_ENTITY_RANKING,,,NOT_APPLICABLE_GLOBAL_BASELINE,HF9g-P5,,,,X 全窗基线 · 不参与实体赏罚,15059774,1506,A168_HF9F_20260827_0900,2026-08-27 09:00:00
2026-07-23,17529000,2170,0,16.0070224356,3.7564867167,3.7564867167,0.6666667,5,3,0.50267682648221222,0.502182300000,0.5680856114287844,0.5697959874915164,0.5680856114287844,0.00049452648221222,ELIGIBLE,R03b_20260811_FULL_v1,L1_ELIGIBILITY,v2026-08-11,2026-03-21..2026-08-06,baccarat_bet02_101_all_pairs_incl_sentinel,round_win = game_pnl > 0 (decisive only),COMPATIBILITY_ONLY_NOT_PRODUCTION,234594.9955,169540.3402,9810.4062,19851,11308,-0.04181848,-0.03860046,-0.05116595,-0.04181848,-9810.4062,234594.9955,OK,0.0000,294.3122,3.0000,97.0000,AG03-UNRESOLVED,ALL5_LEVELS_bet23_to_bet27,294.3122,294.3122,294.3122,392.4162,490.5203,3.000000,3.000000,3.000000,4.000000,5.000000,97.000000,97.000000,97.000000,96.000000,95.000000,5.0,1765.8731,1644.6383,8044.5331,8165.7679,PENDING_AG03,FALSE,NOT_FOR_ENFORCEMENT,9516.0940,164454.1300,9810.4062,9516.0940,294.3122,0.04181848,0.04056393,294.3122,9516.0940,0.04056393,294.3122,294.3122,294.3122,392.4162,490.5203,9516.0940,0.04056393,1765.8731,1644.6383,8044.5331,8165.7679,0.03429115,0.03480794,0.00125455,11.8178,14.9930,0.8676,208.7320,5.3202,4991.3829,240.5957,12.7170,9.8041,2.5818,2.84,3.3563,4.9054,16.007,177.8754,0.2582,0.0,5.636364,62.633151,4.16126,29,188,6,10,0.74390005,0.04181848,0.03860046,0E-8,0.000000,0.722694,0.000000,0.01256549,2026-05-12,2026-08-02,47,1844,580,83,0.566265,1.297104,1.076088,2.479667,,,,,,,,GLOBAL_BASELINE_NO_ENTITY_RANKING,,,NOT_APPLICABLE_GLOBAL_BASELINE,HF9g-P5,,,,X 全窗基线 · 不参与实体赏罚,15059775,1506,A168_HF9F_20260827_0900,2026-08-27 09:00:00
2026-07-23,17529000,2201,0,35.8867115895,11.5663645987,11.5663645987,0.6666667,10,6,0.50246312039523607,0.502182300000,0.8044395657088886,0.8058132132962729,0.8044395657088886,0.00028082039523607,ELIGIBLE,R03b_20260811_FULL_v1,L1_ELIGIBILITY,v2026-08-11,2026-03-21..2026-08-06,baccarat_bet02_101_all_pairs_incl_sentinel,round_win = game_pnl > 0 (decisive only),COMPATIBILITY_ONLY_NOT_PRODUCTION,234594.9955,169540.3402,9810.4062,19851,11308,-0.04181848,-0.03860046,-0.05116595,-0.04181848,-9810.4062,234594.9955,OK,0.0000,294.3122,3.0000,97.0000,AG03-UNRESOLVED,ALL5_LEVELS_bet23_to_bet27,294.3122,294.3122,294.3122,392.4162,490.5203,3.000000,3.000000,3.000000,4.000000,5.000000,97.000000,97.000000,97.000000,96.000000,95.000000,5.0,1765.8731,1644.6383,8044.5331,8165.7679,PENDING_AG03,FALSE,NOT_FOR_ENFORCEMENT,9516.0940,164454.1300,9810.4062,9516.0940,294.3122,0.04181848,0.04056393,294.3122,9516.0940,0.04056393,294.3122,294.3122,294.3122,392.4162,490.5203,9516.0940,0.04056393,1765.8731,1644.6383,8044.5331,8165.7679,0.03429115,0.03480794,0.00125455,11.8178,14.9930,0.8676,208.7320,5.3202,4991.3829,240.5957,12.7170,9.8041,2.5818,2.84,3.3563,4.9054,16.007,177.8754,0.2582,0.0,5.636364,62.633151,4.16126,29,188,6,10,0.74390005,0.04181848,0.03860046,0E-8,0.000000,0.722694,0.000000,0.01256549,2026-05-12,2026-08-02,47,1844,580,83,0.566265,1.297104,1.076088,2.479667,,,,,,,,GLOBAL_BASELINE_NO_ENTITY_RANKING,,,NOT_APPLICABLE_GLOBAL_BASELINE,HF9g-P5,,,,X 全窗基线 · 不参与实体赏罚,15059776,1506,A168_HF9F_20260827_0900,2026-08-27 09:00:00
2026-07-23,17529000,2205,0,26.8504892469,3.4854000465,3.4854000465,0.2500000,7,4,0.50167090032468817,0.501623750000,-1.0066892224816226,-1.0065003074190721,-1.0066892224816226,0.00004715032468817,ELIGIBLE,R03b_20260811_FULL_v1,L1_ELIGIBILITY,v2026-08-11,2026-03-21..2026-08-06,baccarat_bet02_101_all_pairs_incl_sentinel,round_win = game_pnl > 0 (decisive only),COMPATIBILITY_ONLY_NOT_PRODUCTION,234594.9955,169540.3402,9810.4062,19851,11308,-0.04181848,-0.03860046,-0.05116595,-0.04181848,-9810.4062,234594.9955,OK,0.0000,294.3122,3.0000,97.0000,AG03-UNRESOLVED,ALL5_LEVELS_bet23_to_bet27,294.3122,294.3122,294.3122,392.4162,490.5203,3.000000,3.000000,3.000000,4.000000,5.000000,97.000000,97.000000,97.000000,96.000000,95.000000,5.0,1765.8731,1644.6383,8044.5331,8165.7679,PENDING_AG03,FALSE,NOT_FOR_ENFORCEMENT,9516.0940,164454.1300,9810.4062,9516.0940,294.3122,0.04181848,0.04056393,294.3122,9516.0940,0.04056393,294.3122,294.3122,294.3122,392.4162,490.5203,9516.0940,0.04056393,1765.8731,1644.6383,8044.5331,8165.7679,0.03429115,0.03480794,0.00125455,11.8178,14.9930,0.8676,208.7320,5.3202,4991.3829,240.5957,12.7170,9.8041,2.5818,2.84,3.3563,4.9054,16.007,177.8754,0.2582,0.0,5.636364,62.633151,4.16126,29,188,6,10,0.74390005,0.04181848,0.03860046,0E-8,0.000000,0.722694,0.000000,0.01256549,2026-05-12,2026-08-02,47,1844,580,83,0.566265,1.297104,1.076088,2.479667,,,,,,,,GLOBAL_BASELINE_NO_ENTITY_RANKING,,,NOT_APPLICABLE_GLOBAL_BASELINE,HF9g-P5,,,,X 全窗基线 · 不参与实体赏罚,15059777,1506,A168_HF9F_20260827_0900,2026-08-27 09:00:00
2026-07-23,17529000,2216,0,59.6390674618,0.5550822296,0.5550822296,0.5000000,19,10,0.49986236047061351,0.499277840000,0.0007786067862089484,0.004085158125758655,0.0007786067862089484,0.00058452047061351,ELIGIBLE,R03b_20260811_FULL_v1,L1_ELIGIBILITY,v2026-08-11,2026-03-21..2026-08-06,baccarat_bet02_101_all_pairs_incl_sentinel,round_win = game_pnl > 0 (decisive only),COMPATIBILITY_ONLY_NOT_PRODUCTION,234594.9955,169540.3402,9810.4062,19851,11308,-0.04181848,-0.03860046,-0.05116595,-0.04181848,-9810.4062,234594.9955,OK,0.0000,294.3122,3.0000,97.0000,AG03-UNRESOLVED,ALL5_LEVELS_bet23_to_bet27,294.3122,294.3122,294.3122,392.4162,490.5203,3.000000,3.000000,3.000000,4.000000,5.000000,97.000000,97.000000,97.000000,96.000000,95.000000,5.0,1765.8731,1644.6383,8044.5331,8165.7679,PENDING_AG03,FALSE,NOT_FOR_ENFORCEMENT,9516.0940,164454.1300,9810.4062,9516.0940,294.3122,0.04181848,0.04056393,294.3122,9516.0940,0.04056393,294.3122,294.3122,294.3122,392.4162,490.5203,9516.0940,0.04056393,1765.8731,1644.6383,8044.5331,8165.7679,0.03429115,0.03480794,0.00125455,11.8178,14.9930,0.8676,208.7320,5.3202,4991.3829,240.5957,12.7170,9.8041,2.5818,2.84,3.3563,4.9054,16.007,177.8754,0.2582,0.0,5.636364,62.633151,4.16126,29,188,6,10,0.74390005,0.04181848,0.03860046,0E-8,0.000000,0.722694,0.000000,0.01256549,2026-05-12,2026-08-02,47,1844,580,83,0.566265,1.297104,1.076088,2.479667,,,,,,,,GLOBAL_BASELINE_NO_ENTITY_RANKING,,,NOT_APPLICABLE_GLOBAL_BASELINE,HF9g-P5,,,,X 全窗基线 · 不参与实体赏罚,15059778,1506,A168_HF9F_20260827_0900,2026-08-27 09:00:00
2026-07-23,17529000,2220,0,194.1496914775,19.7118735962,19.7118735962,0.4705882,28,18,0.49997764434398561,0.499948100000,-0.2423512758164207,-0.24210764797668105,-0.2423512758164207,0.00002954434398561,ELIGIBLE,R03b_20260811_FULL_v1,L1_ELIGIBILITY,v2026-08-11,2026-03-21..2026-08-06,baccarat_bet02_101_all_pairs_incl_sentinel,round_win = game_pnl > 0 (decisive only),COMPATIBILITY_ONLY_NOT_PRODUCTION,234594.9955,169540.3402,9810.4062,19851,11308,-0.04181848,-0.03860046,-0.05116595,-0.04181848,-9810.4062,234594.9955,OK,0.0000,294.3122,3.0000,97.0000,AG03-UNRESOLVED,ALL5_LEVELS_bet23_to_bet27,294.3122,294.3122,294.3122,392.4162,490.5203,3.000000,3.000000,3.000000,4.000000,5.000000,97.000000,97.000000,97.000000,96.000000,95.000000,5.0,1765.8731,1644.6383,8044.5331,8165.7679,PENDING_AG03,FALSE,NOT_FOR_ENFORCEMENT,9516.0940,164454.1300,9810.4062,9516.0940,294.3122,0.04181848,0.04056393,294.3122,9516.0940,0.04056393,294.3122,294.3122,294.3122,392.4162,490.5203,9516.0940,0.04056393,1765.8731,1644.6383,8044.5331,8165.7679,0.03429115,0.03480794,0.00125455,11.8178,14.9930,0.8676,208.7320,5.3202,4991.3829,240.5957,12.7170,9.8041,2.5818,2.84,3.3563,4.9054,16.007,177.8754,0.2582,0.0,5.636364,62.633151,4.16126,29,188,6,10,0.74390005,0.04181848,0.03860046,0E-8,0.000000,0.722694,0.000000,0.01256549,2026-05-12,2026-08-02,47,1844,580,83,0.566265,1.297104,1.076088,2.479667,,,,,,,,GLOBAL_BASELINE_NO_ENTITY_RANKING,,,NOT_APPLICABLE_GLOBAL_BASELINE,HF9g-P5,,,,X 全窗基线 · 不参与实体赏罚,15059779,1506,A168_HF9F_20260827_0900,2026-08-27 09:00:00
2026-07-23,17529000,2222,0,69.1916453668,4.5826556168,4.5826556168,0.7272727,23,12,0.50130999154315859,0.500506650000,1.4988723664065702,1.5041967592261842,1.4988723664065702,0.00080334154315859,ELIGIBLE,R03b_20260811_FULL_v1,L1_ELIGIBILITY,v2026-08-11,2026-03-21..2026-08-06,baccarat_bet02_101_all_pairs_incl_sentinel,round_win = game_pnl > 0 (decisive only),COMPATIBILITY_ONLY_NOT_PRODUCTION,234594.9955,169540.3402,9810.4062,19851,11308,-0.04181848,-0.03860046,-0.05116595,-0.04181848,-9810.4062,234594.9955,OK,0.0000,294.3122,3.0000,97.0000,AG03-UNRESOLVED,ALL5_LEVELS_bet23_to_bet27,294.3122,294.3122,294.3122,392.4162,490.5203,3.000000,3.000000,3.000000,4.000000,5.000000,97.000000,97.000000,97.000000,96.000000,95.000000,5.0,1765.8731,1644.6383,8044.5331,8165.7679,PENDING_AG03,FALSE,NOT_FOR_ENFORCEMENT,9516.0940,164454.1300,9810.4062,9516.0940,294.3122,0.04181848,0.04056393,294.3122,9516.0940,0.04056393,294.3122,294.3122,294.3122,392.4162,490.5203,9516.0940,0.04056393,1765.8731,1644.6383,8044.5331,8165.7679,0.03429115,0.03480794,0.00125455,11.8178,14.9930,0.8676,208.7320,5.3202,4991.3829,240.5957,12.7170,9.8041,2.5818,2.84,3.3563,4.9054,16.007,177.8754,0.2582,0.0,5.636364,62.633151,4.16126,29,188,6,10,0.74390005,0.04181848,0.03860046,0E-8,0.000000,0.722694,0.000000,0.01256549,2026-05-12,2026-08-02,47,1844,580,83,0.566265,1.297104,1.076088,2.479667,,,,,,,,GLOBAL_BASELINE_NO_ENTITY_RANKING,,,NOT_APPLICABLE_GLOBAL_BASELINE,HF9g-P5,,,,X 全窗基线 · 不参与实体赏罚,15059780,1506,A168_HF9F_20260827_0900,2026-08-27 09:00:00
2026-07-23,17529000,2223,0,40.0175560889,1.0068933468,1.0068933468,0.4285714,13,7,0.49910793763346944,0.498990585714,-0.37324471669592796,-0.3726239140146481,-0.37324471669592796,0.00011735191946944,ELIGIBLE,R03b_20260811_FULL_v1,L1_ELIGIBILITY,v2026-08-11,2026-03-21..2026-08-06,baccarat_bet02_101_all_pairs_incl_sentinel,round_win = game_pnl > 0 (decisive only),COMPATIBILITY_ONLY_NOT_PRODUCTION,234594.9955,169540.3402,9810.4062,19851,11308,-0.04181848,-0.03860046,-0.05116595,-0.04181848,-9810.4062,234594.9955,OK,0.0000,294.3122,3.0000,97.0000,AG03-UNRESOLVED,ALL5_LEVELS_bet23_to_bet27,294.3122,294.3122,294.3122,392.4162,490.5203,3.000000,3.000000,3.000000,4.000000,5.000000,97.000000,97.000000,97.000000,96.000000,95.000000,5.0,1765.8731,1644.6383,8044.5331,8165.7679,PENDING_AG03,FALSE,NOT_FOR_ENFORCEMENT,9516.0940,164454.1300,9810.4062,9516.0940,294.3122,0.04181848,0.04056393,294.3122,9516.0940,0.04056393,294.3122,294.3122,294.3122,392.4162,490.5203,9516.0940,0.04056393,1765.8731,1644.6383,8044.5331,8165.7679,0.03429115,0.03480794,0.00125455,11.8178,14.9930,0.8676,208.7320,5.3202,4991.3829,240.5957,12.7170,9.8041,2.5818,2.84,3.3563,4.9054,16.007,177.8754,0.2582,0.0,5.636364,62.633151,4.16126,29,188,6,10,0.74390005,0.04181848,0.03860046,0E-8,0.000000,0.722694,0.000000,0.01256549,2026-05-12,2026-08-02,47,1844,580,83,0.566265,1.297104,1.076088,2.479667,,,,,,,,GLOBAL_BASELINE_NO_ENTITY_RANKING,,,NOT_APPLICABLE_GLOBAL_BASELINE,HF9g-P5,,,,X 全窗基线 · 不参与实体赏罚,15059781,1506,A168_HF9F_20260827_0900,2026-08-27 09:00:00
2026-07-23,17529000,2229,0,200.3459582267,10.3916556942,10.3916556942,0.2222222,13,10,0.49945161111110826,0.499277840000,-1.6633773337897906,-1.6623354405335238,-1.6633773337897906,0.00017377111110826,ELIGIBLE,R03b_20260811_FULL_v1,L1_ELIGIBILITY,v2026-08-11,2026-03-21..2026-08-06,baccarat_bet02_101_all_pairs_incl_sentinel,round_win = game_pnl > 0 (decisive only),COMPATIBILITY_ONLY_NOT_PRODUCTION,234594.9955,169540.3402,9810.4062,19851,11308,-0.04181848,-0.03860046,-0.05116595,-0.04181848,-9810.4062,234594.9955,OK,0.0000,294.3122,3.0000,97.0000,AG03-UNRESOLVED,ALL5_LEVELS_bet23_to_bet27,294.3122,294.3122,294.3122,392.4162,490.5203,3.000000,3.000000,3.000000,4.000000,5.000000,97.000000,97.000000,97.000000,96.000000,95.000000,5.0,1765.8731,1644.6383,8044.5331,8165.7679,PENDING_AG03,FALSE,NOT_FOR_ENFORCEMENT,9516.0940,164454.1300,9810.4062,9516.0940,294.3122,0.04181848,0.04056393,294.3122,9516.0940,0.04056393,294.3122,294.3122,294.3122,392.4162,490.5203,9516.0940,0.04056393,1765.8731,1644.6383,8044.5331,8165.7679,0.03429115,0.03480794,0.00125455,11.8178,14.9930,0.8676,208.7320,5.3202,4991.3829,240.5957,12.7170,9.8041,2.5818,2.84,3.3563,4.9054,16.007,177.8754,0.2582,0.0,5.636364,62.633151,4.16126,29,188,6,10,0.74390005,0.04181848,0.03860046,0E-8,0.000000,0.722694,0.000000,0.01256549,2026-05-12,2026-08-02,47,1844,580,83,0.566265,1.297104,1.076088,2.479667,,,,,,,,GLOBAL_BASELINE_NO_ENTITY_RANKING,,,NOT_APPLICABLE_GLOBAL_BASELINE,HF9g-P5,,,,X 全窗基线 · 不参与实体赏罚,15059782,1506,A168_HF9F_20260827_0900,2026-08-27 09:00:00
2026-07-23,17529000,2234,0,821.5216998424,136.7825884906,136.7825884906,0.5833333,16,12,0.50238330651232241,0.502182300000,0.5608446087113393,0.5622362065305534,0.5608446087113393,0.00020100651232241,ELIGIBLE,R03b_20260811_FULL_v1,L1_ELIGIBILITY,v2026-08-11,2026-03-21..2026-08-06,baccarat_bet02_101_all_pairs_incl_sentinel,round_win = game_pnl > 0 (decisive only),COMPATIBILITY_ONLY_NOT_PRODUCTION,234594.9955,169540.3402,9810.4062,19851,11308,-0.04181848,-0.03860046,-0.05116595,-0.04181848,-9810.4062,234594.9955,OK,0.0000,294.3122,3.0000,97.0000,AG03-UNRESOLVED,ALL5_LEVELS_bet23_to_bet27,294.3122,294.3122,294.3122,392.4162,490.5203,3.000000,3.000000,3.000000,4.000000,5.000000,97.000000,97.000000,97.000000,96.000000,95.000000,5.0,1765.8731,1644.6383,8044.5331,8165.7679,PENDING_AG03,FALSE,NOT_FOR_ENFORCEMENT,9516.0940,164454.1300,9810.4062,9516.0940,294.3122,0.04181848,0.04056393,294.3122,9516.0940,0.04056393,294.3122,294.3122,294.3122,392.4162,490.5203,9516.0940,0.04056393,1765.8731,1644.6383,8044.5331,8165.7679,0.03429115,0.03480794,0.00125455,11.8178,14.9930,0.8676,208.7320,5.3202,4991.3829,240.5957,12.7170,9.8041,2.5818,2.84,3.3563,4.9054,16.007,177.8754,0.2582,0.0,5.636364,62.633151,4.16126,29,188,6,10,0.74390005,0.04181848,0.03860046,0E-8,0.000000,0.722694,0.000000,0.01256549,2026-05-12,2026-08-02,47,1844,580,83,0.566265,1.297104,1.076088,2.479667,,,,,,,,GLOBAL_BASELINE_NO_ENTITY_RANKING,,,NOT_APPLICABLE_GLOBAL_BASELINE,HF9g-P5,,,,X 全窗基线 · 不参与实体赏罚,15059783,1506,A168_HF9F_20260827_0900,2026-08-27 09:00:00
2026-07-23,17529000,2235,0,11.8761779361,-0.5163555625,-0.5163555625,0.5000000,4,2,0.50020198636366684,0.499948100000,-0.0005713037564408029,0.00014679536856514622,-0.0005713037564408029,0.00025388636366684,ELIGIBLE,R03b_20260811_FULL_v1,L1_ELIGIBILITY,v2026-08-11,2026-03-21..2026-08-06,baccarat_bet02_101_all_pairs_incl_sentinel,round_win = game_pnl > 0 (decisive only),COMPATIBILITY_ONLY_NOT_PRODUCTION,234594.9955,169540.3402,9810.4062,19851,11308,-0.04181848,-0.03860046,-0.05116595,-0.04181848,-9810.4062,234594.9955,OK,0.0000,294.3122,3.0000,97.0000,AG03-UNRESOLVED,ALL5_LEVELS_bet23_to_bet27,294.3122,294.3122,294.3122,392.4162,490.5203,3.000000,3.000000,3.000000,4.000000,5.000000,97.000000,97.000000,97.000000,96.000000,95.000000,5.0,1765.8731,1644.6383,8044.5331,8165.7679,PENDING_AG03,FALSE,NOT_FOR_ENFORCEMENT,9516.0940,164454.1300,9810.4062,9516.0940,294.3122,0.04181848,0.04056393,294.3122,9516.0940,0.04056393,294.3122,294.3122,294.3122,392.4162,490.5203,9516.0940,0.04056393,1765.8731,1644.6383,8044.5331,8165.7679,0.03429115,0.03480794,0.00125455,11.8178,14.9930,0.8676,208.7320,5.3202,4991.3829,240.5957,12.7170,9.8041,2.5818,2.84,3.3563,4.9054,16.007,177.8754,0.2582,0.0,5.636364,62.633151,4.16126,29,188,6,10,0.74390005,0.04181848,0.03860046,0E-8,0.000000,0.722694,0.000000,0.01256549,2026-05-12,2026-08-02,47,1844,580,83,0.566265,1.297104,1.076088,2.479667,,,,,,,,GLOBAL_BASELINE_NO_ENTITY_RANKING,,,NOT_APPLICABLE_GLOBAL_BASELINE,HF9g-P5,,,,X 全窗基线 · 不参与实体赏罚,15059784,1506,A168_HF9F_20260827_0900,2026-08-27 09:00:00
2026-07-23,17529000,2239,0,19.8796891540,1.3941600186,1.3941600186,0.6666667,6,3,0.50137972980511465,0.499948100000,0.5725729249092858,0.5775300591747329,0.5725729249092858,0.00143162980511465,ELIGIBLE,R03b_20260811_FULL_v1,L1_ELIGIBILITY,v2026-08-11,2026-03-21..2026-08-06,baccarat_bet02_101_all_pairs_incl_sentinel,round_win = game_pnl > 0 (decisive only),COMPATIBILITY_ONLY_NOT_PRODUCTION,234594.9955,169540.3402,9810.4062,19851,11308,-0.04181848,-0.03860046,-0.05116595,-0.04181848,-9810.4062,234594.9955,OK,0.0000,294.3122,3.0000,97.0000,AG03-UNRESOLVED,ALL5_LEVELS_bet23_to_bet27,294.3122,294.3122,294.3122,392.4162,490.5203,3.000000,3.000000,3.000000,4.000000,5.000000,97.000000,97.000000,97.000000,96.000000,95.000000,5.0,1765.8731,1644.6383,8044.5331,8165.7679,PENDING_AG03,FALSE,NOT_FOR_ENFORCEMENT,9516.0940,164454.1300,9810.4062,9516.0940,294.3122,0.04181848,0.04056393,294.3122,9516.0940,0.04056393,294.3122,294.3122,294.3122,392.4162,490.5203,9516.0940,0.04056393,1765.8731,1644.6383,8044.5331,8165.7679,0.03429115,0.03480794,0.00125455,11.8178,14.9930,0.8676,208.7320,5.3202,4991.3829,240.5957,12.7170,9.8041,2.5818,2.84,3.3563,4.9054,16.007,177.8754,0.2582,0.0,5.636364,62.633151,4.16126,29,188,6,10,0.74390005,0.04181848,0.03860046,0E-8,0.000000,0.722694,0.000000,0.01256549,2026-05-12,2026-08-02,47,1844,580,83,0.566265,1.297104,1.076088,2.479667,,,,,,,,GLOBAL_BASELINE_NO_ENTITY_RANKING,,,NOT_APPLICABLE_GLOBAL_BASELINE,HF9g-P5,,,,X 全窗基线 · 不参与实体赏罚,15059785,1506,A168_HF9F_20260827_0900,2026-08-27 09:00:00
2026-07-23,17529000,2246,0,85.7150233652,15.8779335450,15.8779335450,0.4615385,24,14,0.50106857914415049,0.500905614286,-0.2850563828953636,-0.28388104124375235,-0.2850563828953636,0.00016296485815049,ELIGIBLE,R03b_20260811_FULL_v1,L1_ELIGIBILITY,v2026-08-11,2026-03-21..2026-08-06,baccarat_bet02_101_all_pairs_incl_sentinel,round_win = game_pnl > 0 (decisive only),COMPATIBILITY_ONLY_NOT_PRODUCTION,234594.9955,169540.3402,9810.4062,19851,11308,-0.04181848,-0.03860046,-0.05116595,-0.04181848,-9810.4062,234594.9955,OK,0.0000,294.3122,3.0000,97.0000,AG03-UNRESOLVED,ALL5_LEVELS_bet23_to_bet27,294.3122,294.3122,294.3122,392.4162,490.5203,3.000000,3.000000,3.000000,4.000000,5.000000,97.000000,97.000000,97.000000,96.000000,95.000000,5.0,1765.8731,1644.6383,8044.5331,8165.7679,PENDING_AG03,FALSE,NOT_FOR_ENFORCEMENT,9516.0940,164454.1300,9810.4062,9516.0940,294.3122,0.04181848,0.04056393,294.3122,9516.0940,0.04056393,294.3122,294.3122,294.3122,392.4162,490.5203,9516.0940,0.04056393,1765.8731,1644.6383,8044.5331,8165.7679,0.03429115,0.03480794,0.00125455,11.8178,14.9930,0.8676,208.7320,5.3202,4991.3829,240.5957,12.7170,9.8041,2.5818,2.84,3.3563,4.9054,16.007,177.8754,0.2582,0.0,5.636364,62.633151,4.16126,29,188,6,10,0.74390005,0.04181848,0.03860046,0E-8,0.000000,0.722694,0.000000,0.01256549,2026-05-12,2026-08-02,47,1844,580,83,0.566265,1.297104,1.076088,2.479667,,,,,,,,GLOBAL_BASELINE_NO_ENTITY_RANKING,,,NOT_APPLICABLE_GLOBAL_BASELINE,HF9g-P5,,,,X 全窗基线 · 不参与实体赏罚,15059786,1506,A168_HF9F_20260827_0900,2026-08-27 09:00:00
2026-07-23,17529000,2250,0,87.0059122712,8.6618645599,8.6618645599,0.1250000,12,8,0.49890614791063162,0.498272450000,-2.115137643302447,-2.1115604486430337,-2.115137643302447,0.00063369791063162,ELIGIBLE,R03b_20260811_FULL_v1,L1_ELIGIBILITY,v2026-08-11,2026-03-21..2026-08-06,baccarat_bet02_101_all_pairs_incl_sentinel,round_win = game_pnl > 0 (decisive only),COMPATIBILITY_ONLY_NOT_PRODUCTION,234594.9955,169540.3402,9810.4062,19851,11308,-0.04181848,-0.03860046,-0.05116595,-0.04181848,-9810.4062,234594.9955,OK,0.0000,294.3122,3.0000,97.0000,AG03-UNRESOLVED,ALL5_LEVELS_bet23_to_bet27,294.3122,294.3122,294.3122,392.4162,490.5203,3.000000,3.000000,3.000000,4.000000,5.000000,97.000000,97.000000,97.000000,96.000000,95.000000,5.0,1765.8731,1644.6383,8044.5331,8165.7679,PENDING_AG03,FALSE,NOT_FOR_ENFORCEMENT,9516.0940,164454.1300,9810.4062,9516.0940,294.3122,0.04181848,0.04056393,294.3122,9516.0940,0.04056393,294.3122,294.3122,294.3122,392.4162,490.5203,9516.0940,0.04056393,1765.8731,1644.6383,8044.5331,8165.7679,0.03429115,0.03480794,0.00125455,11.8178,14.9930,0.8676,208.7320,5.3202,4991.3829,240.5957,12.7170,9.8041,2.5818,2.84,3.3563,4.9054,16.007,177.8754,0.2582,0.0,5.636364,62.633151,4.16126,29,188,6,10,0.74390005,0.04181848,0.03860046,0E-8,0.000000,0.722694,0.000000,0.01256549,2026-05-12,2026-08-02,47,1844,580,83,0.566265,1.297104,1.076088,2.479667,,,,,,,,GLOBAL_BASELINE_NO_ENTITY_RANKING,,,NOT_APPLICABLE_GLOBAL_BASELINE,HF9g-P5,,,,X 全窗基线 · 不参与实体赏罚,15059787,1506,A168_HF9F_20260827_0900,2026-08-27 09:00:00
2026-07-23,17529000,2251,0,5.6799111868,-0.5163555624,-0.5163555624,0E-7,2,1,0.50055742727268436,0.499948100000,-1.001115476689104,-0.9998962053866608,-1.001115476689104,0.00060932727268436,ELIGIBLE,R03b_20260811_FULL_v1,L1_ELIGIBILITY,v2026-08-11,2026-03-21..2026-08-06,baccarat_bet02_101_all_pairs_incl_sentinel,round_win = game_pnl > 0 (decisive only),COMPATIBILITY_ONLY_NOT_PRODUCTION,234594.9955,169540.3402,9810.4062,19851,11308,-0.04181848,-0.03860046,-0.05116595,-0.04181848,-9810.4062,234594.9955,OK,0.0000,294.3122,3.0000,97.0000,AG03-UNRESOLVED,ALL5_LEVELS_bet23_to_bet27,294.3122,294.3122,294.3122,392.4162,490.5203,3.000000,3.000000,3.000000,4.000000,5.000000,97.000000,97.000000,97.000000,96.000000,95.000000,5.0,1765.8731,1644.6383,8044.5331,8165.7679,PENDING_AG03,FALSE,NOT_FOR_ENFORCEMENT,9516.0940,164454.1300,9810.4062,9516.0940,294.3122,0.04181848,0.04056393,294.3122,9516.0940,0.04056393,294.3122,294.3122,294.3122,392.4162,490.5203,9516.0940,0.04056393,1765.8731,1644.6383,8044.5331,8165.7679,0.03429115,0.03480794,0.00125455,11.8178,14.9930,0.8676,208.7320,5.3202,4991.3829,240.5957,12.7170,9.8041,2.5818,2.84,3.3563,4.9054,16.007,177.8754,0.2582,0.0,5.636364,62.633151,4.16126,29,188,6,10,0.74390005,0.04181848,0.03860046,0E-8,0.000000,0.722694,0.000000,0.01256549,2026-05-12,2026-08-02,47,1844,580,83,0.566265,1.297104,1.076088,2.479667,,,,,,,,GLOBAL_BASELINE_NO_ENTITY_RANKING,,,NOT_APPLICABLE_GLOBAL_BASELINE,HF9g-P5,,,,X 全窗基线 · 不参与实体赏罚,15059788,1506,A168_HF9F_20260827_0900,2026-08-27 09:00:00
2026-07-23,17529000,2252,0,4.3890222807,0E-10,0E-10,,1,1,0.50665070000000000,0.506650700000,,,,0E-17,NO_DECISIVE_ROUND,R03b_20260811_FULL_v1,L1_ELIGIBILITY,v2026-08-11,2026-03-21..2026-08-06,baccarat_bet02_101_all_pairs_incl_sentinel,round_win = game_pnl > 0 (decisive only),COMPATIBILITY_ONLY_NOT_PRODUCTION,234594.9955,169540.3402,9810.4062,19851,11308,-0.04181848,-0.03860046,-0.05116595,-0.04181848,-9810.4062,234594.9955,OK,0.0000,294.3122,3.0000,97.0000,AG03-UNRESOLVED,ALL5_LEVELS_bet23_to_bet27,294.3122,294.3122,294.3122,392.4162,490.5203,3.000000,3.000000,3.000000,4.000000,5.000000,97.000000,97.000000,97.000000,96.000000,95.000000,5.0,1765.8731,1644.6383,8044.5331,8165.7679,PENDING_AG03,FALSE,NOT_FOR_ENFORCEMENT,9516.0940,164454.1300,9810.4062,9516.0940,294.3122,0.04181848,0.04056393,294.3122,9516.0940,0.04056393,294.3122,294.3122,294.3122,392.4162,490.5203,9516.0940,0.04056393,1765.8731,1644.6383,8044.5331,8165.7679,0.03429115,0.03480794,0.00125455,11.8178,14.9930,0.8676,208.7320,5.3202,4991.3829,240.5957,12.7170,9.8041,2.5818,2.84,3.3563,4.9054,16.007,177.8754,0.2582,0.0,5.636364,62.633151,4.16126,29,188,6,10,0.74390005,0.04181848,0.03860046,0E-8,0.000000,0.722694,0.000000,0.01256549,2026-05-12,2026-08-02,47,1844,580,83,0.566265,1.297104,1.076088,2.479667,,,,,,,,GLOBAL_BASELINE_NO_ENTITY_RANKING,,,NOT_APPLICABLE_GLOBAL_BASELINE,HF9g-P5,,,,X 全窗基线 · 不参与实体赏罚,15059789,1506,A168_HF9F_20260827_0900,2026-08-27 09:00:00
2026-07-23,17529000,2258,0,69.7080009296,7.3580667648,7.3580667648,0.6666667,18,11,0.50132206681820596,0.501166754545,0.9920710671008293,0.9930021763135161,0.9920710671008293,0.00015531227320596,ELIGIBLE,R03b_20260811_FULL_v1,L1_ELIGIBILITY,v2026-08-11,2026-03-21..2026-08-06,baccarat_bet02_101_all_pairs_incl_sentinel,round_win = game_pnl > 0 (decisive only),COMPATIBILITY_ONLY_NOT_PRODUCTION,234594.9955,169540.3402,9810.4062,19851,11308,-0.04181848,-0.03860046,-0.05116595,-0.04181848,-9810.4062,234594.9955,OK,0.0000,294.3122,3.0000,97.0000,AG03-UNRESOLVED,ALL5_LEVELS_bet23_to_bet27,294.3122,294.3122,294.3122,392.4162,490.5203,3.000000,3.000000,3.000000,4.000000,5.000000,97.000000,97.000000,97.000000,96.000000,95.000000,5.0,1765.8731,1644.6383,8044.5331,8165.7679,PENDING_AG03,FALSE,NOT_FOR_ENFORCEMENT,9516.0940,164454.1300,9810.4062,9516.0940,294.3122,0.04181848,0.04056393,294.3122,9516.0940,0.04056393,294.3122,294.3122,294.3122,392.4162,490.5203,9516.0940,0.04056393,1765.8731,1644.6383,8044.5331,8165.7679,0.03429115,0.03480794,0.00125455,11.8178,14.9930,0.8676,208.7320,5.3202,4991.3829,240.5957,12.7170,9.8041,2.5818,2.84,3.3563,4.9054,16.007,177.8754,0.2582,0.0,5.636364,62.633151,4.16126,29,188,6,10,0.74390005,0.04181848,0.03860046,0E-8,0.000000,0.722694,0.000000,0.01256549,2026-05-12,2026-08-02,47,1844,580,83,0.566265,1.297104,1.076088,2.479667,,,,,,,,GLOBAL_BASELINE_NO_ENTITY_RANKING,,,NOT_APPLICABLE_GLOBAL_BASELINE,HF9g-P5,,,,X 全窗基线 · 不参与实体赏罚,15059790,1506,A168_HF9F_20260827_0900,2026-08-27 09:00:00
2026-07-23,17529000,2287,0,32.0140448712,2.4785066998,2.4785066998,0.4000000,9,5,0.50149643606349666,0.501288620000,-0.45390789391929165,-0.4529779837142727,-0.45390789391929165,0.00020781606349666,ELIGIBLE,R03b_20260811_FULL_v1,L1_ELIGIBILITY,v2026-08-11,2026-03-21..2026-08-06,baccarat_bet02_101_all_pairs_incl_sentinel,round_win = game_pnl > 0 (decisive only),COMPATIBILITY_ONLY_NOT_PRODUCTION,234594.9955,169540.3402,9810.4062,19851,11308,-0.04181848,-0.03860046,-0.05116595,-0.04181848,-9810.4062,234594.9955,OK,0.0000,294.3122,3.0000,97.0000,AG03-UNRESOLVED,ALL5_LEVELS_bet23_to_bet27,294.3122,294.3122,294.3122,392.4162,490.5203,3.000000,3.000000,3.000000,4.000000,5.000000,97.000000,97.000000,97.000000,96.000000,95.000000,5.0,1765.8731,1644.6383,8044.5331,8165.7679,PENDING_AG03,FALSE,NOT_FOR_ENFORCEMENT,9516.0940,164454.1300,9810.4062,9516.0940,294.3122,0.04181848,0.04056393,294.3122,9516.0940,0.04056393,294.3122,294.3122,294.3122,392.4162,490.5203,9516.0940,0.04056393,1765.8731,1644.6383,8044.5331,8165.7679,0.03429115,0.03480794,0.00125455,11.8178,14.9930,0.8676,208.7320,5.3202,4991.3829,240.5957,12.7170,9.8041,2.5818,2.84,3.3563,4.9054,16.007,177.8754,0.2582,0.0,5.636364,62.633151,4.16126,29,188,6,10,0.74390005,0.04181848,0.03860046,0E-8,0.000000,0.722694,0.000000,0.01256549,2026-05-12,2026-08-02,47,1844,580,83,0.566265,1.297104,1.076088,2.479667,,,,,,,,GLOBAL_BASELINE_NO_ENTITY_RANKING,,,NOT_APPLICABLE_GLOBAL_BASELINE,HF9g-P5,,,,X 全窗基线 · 不参与实体赏罚,15059791,1506,A168_HF9F_20260827_0900,2026-08-27 09:00:00
2026-07-23,17529000,598,0,34.0794671210,3.0981333746,3.0981333746,1.0000000,12,6,0.49935506771128361,0.499948100000,2.4526512931360926,2.4497440130157893,2.4526512931360926,-0.00059303228871639,ELIGIBLE,R03b_20260811_FULL_v1,L1_ELIGIBILITY,v2026-08-11,2026-03-21..2026-08-06,baccarat_bet02_101_all_pairs_incl_sentinel,round_win = game_pnl > 0 (decisive only),COMPATIBILITY_ONLY_NOT_PRODUCTION,234594.9955,169540.3402,9810.4062,19851,11308,-0.04181848,-0.03860046,-0.05116595,-0.04181848,-9810.4062,234594.9955,OK,0.0000,294.3122,3.0000,97.0000,AG03-UNRESOLVED,ALL5_LEVELS_bet23_to_bet27,294.3122,294.3122,294.3122,392.4162,490.5203,3.000000,3.000000,3.000000,4.000000,5.000000,97.000000,97.000000,97.000000,96.000000,95.000000,5.0,1765.8731,1644.6383,8044.5331,8165.7679,PENDING_AG03,FALSE,NOT_FOR_ENFORCEMENT,9516.0940,164454.1300,9810.4062,9516.0940,294.3122,0.04181848,0.04056393,294.3122,9516.0940,0.04056393,294.3122,294.3122,294.3122,392.4162,490.5203,9516.0940,0.04056393,1765.8731,1644.6383,8044.5331,8165.7679,0.03429115,0.03480794,0.00125455,11.8178,14.9930,0.8676,208.7320,5.3202,4991.3829,240.5957,12.7170,9.8041,2.5818,2.84,3.3563,4.9054,16.007,177.8754,0.2582,0.0,5.636364,62.633151,4.16126,29,188,6,10,0.74390005,0.04181848,0.03860046,0E-8,0.000000,0.722694,0.000000,0.01256549,2026-05-12,2026-08-02,47,1844,580,83,0.566265,1.297104,1.076088,2.479667,,,,,,,,GLOBAL_BASELINE_NO_ENTITY_RANKING,,,NOT_APPLICABLE_GLOBAL_BASELINE,HF9g-P5,,,,X 全窗基线 · 不参与实体赏罚,15059792,1506,A168_HF9F_20260827_0900,2026-08-27 09:00:00
2026-07-24,17529000,-1,1,18427.1809568046,4486.2003975947,4486.2003975947,0.5394737,402,252,0.50083983863298195,0.500692833333,1.166718196674462,1.17115713789061,1.166718196674462,0.00014700529998195,SENTINEL_DEALER,R03b_20260811_FULL_v1,L1_ELIGIBILITY,v2026-08-11,2026-03-21..2026-08-06,baccarat_bet02_101_all_pairs_incl_sentinel,round_win = game_pnl > 0 (decisive only),COMPATIBILITY_ONLY_NOT_PRODUCTION,234594.9955,169540.3402,9810.4062,19851,11308,-0.04181848,-0.03860046,-0.05116595,-0.04181848,-9810.4062,234594.9955,OK,0.0000,294.3122,3.0000,97.0000,AG03-UNRESOLVED,ALL5_LEVELS_bet23_to_bet27,294.3122,294.3122,294.3122,392.4162,490.5203,3.000000,3.000000,3.000000,4.000000,5.000000,97.000000,97.000000,97.000000,96.000000,95.000000,5.0,1765.8731,1644.6383,8044.5331,8165.7679,PENDING_AG03,FALSE,NOT_FOR_ENFORCEMENT,9516.0940,164454.1300,9810.4062,9516.0940,294.3122,0.04181848,0.04056393,294.3122,9516.0940,0.04056393,294.3122,294.3122,294.3122,392.4162,490.5203,9516.0940,0.04056393,1765.8731,1644.6383,8044.5331,8165.7679,0.03429115,0.03480794,0.00125455,11.8178,14.9930,0.8676,208.7320,5.3202,4991.3829,240.5957,12.7170,9.8041,2.5818,2.84,3.3563,4.9054,16.007,177.8754,0.2582,0.0,5.636364,62.633151,4.16126,29,188,6,10,0.74390005,0.04181848,0.03860046,0E-8,0.000000,0.722694,0.000000,0.01256549,2026-05-12,2026-08-02,47,1844,580,83,0.566265,1.297104,1.076088,2.479667,,,,,,,,GLOBAL_BASELINE_NO_ENTITY_RANKING,,,NOT_APPLICABLE_GLOBAL_BASELINE,HF9g-P5,,,,X 全窗基线 · 不参与实体赏罚,15059793,1506,A168_HF9F_20260827_0900,2026-08-27 09:00:00
2026-07-24,17529000,1017,0,32.2722226525,25.6241447861,25.6241447861,1.0000000,3,2,0.50396966000000000,0.503299400000,1.4030298875024936,1.4049120381089935,1.4030298875024936,0.00067026000000000,ELIGIBLE,R03b_20260811_FULL_v1,L1_ELIGIBILITY,v2026-08-11,2026-03-21..2026-08-06,baccarat_bet02_101_all_pairs_incl_sentinel,round_win = game_pnl > 0 (decisive only),COMPATIBILITY_ONLY_NOT_PRODUCTION,234594.9955,169540.3402,9810.4062,19851,11308,-0.04181848,-0.03860046,-0.05116595,-0.04181848,-9810.4062,234594.9955,OK,0.0000,294.3122,3.0000,97.0000,AG03-UNRESOLVED,ALL5_LEVELS_bet23_to_bet27,294.3122,294.3122,294.3122,392.4162,490.5203,3.000000,3.000000,3.000000,4.000000,5.000000,97.000000,97.000000,97.000000,96.000000,95.000000,5.0,1765.8731,1644.6383,8044.5331,8165.7679,PENDING_AG03,FALSE,NOT_FOR_ENFORCEMENT,9516.0940,164454.1300,9810.4062,9516.0940,294.3122,0.04181848,0.04056393,294.3122,9516.0940,0.04056393,294.3122,294.3122,294.3122,392.4162,490.5203,9516.0940,0.04056393,1765.8731,1644.6383,8044.5331,8165.7679,0.03429115,0.03480794,0.00125455,11.8178,14.9930,0.8676,208.7320,5.3202,4991.3829,240.5957,12.7170,9.8041,2.5818,2.84,3.3563,4.9054,16.007,177.8754,0.2582,0.0,5.636364,62.633151,4.16126,29,188,6,10,0.74390005,0.04181848,0.03860046,0E-8,0.000000,0.722694,0.000000,0.01256549,2026-05-12,2026-08-02,47,1844,580,83,0.566265,1.297104,1.076088,2.479667,,,,,,,,GLOBAL_BASELINE_NO_ENTITY_RANKING,,,NOT_APPLICABLE_GLOBAL_BASELINE,HF9g-P5,,,,X 全窗基线 · 不参与实体赏罚,15059794,1506,A168_HF9F_20260827_0900,2026-08-27 09:00:00
2026-07-24,17529000,1115,0,6.9708000929,1.5877933545,1.5877933545,1.0000000,2,1,0.50168581111108262,0.499948100000,0.9966340425803116,1.0001038053877793,0.9966340425803116,0.00173771111108262,ELIGIBLE,R03b_20260811_FULL_v1,L1_ELIGIBILITY,v2026-08-11,2026-03-21..2026-08-06,baccarat_bet02_101_all_pairs_incl_sentinel,round_win = game_pnl > 0 (decisive only),COMPATIBILITY_ONLY_NOT_PRODUCTION,234594.9955,169540.3402,9810.4062,19851,11308,-0.04181848,-0.03860046,-0.05116595,-0.04181848,-9810.4062,234594.9955,OK,0.0000,294.3122,3.0000,97.0000,AG03-UNRESOLVED,ALL5_LEVELS_bet23_to_bet27,294.3122,294.3122,294.3122,392.4162,490.5203,3.000000,3.000000,3.000000,4.000000,5.000000,97.000000,97.000000,97.000000,96.000000,95.000000,5.0,1765.8731,1644.6383,8044.5331,8165.7679,PENDING_AG03,FALSE,NOT_FOR_ENFORCEMENT,9516.0940,164454.1300,9810.4062,9516.0940,294.3122,0.04181848,0.04056393,294.3122,9516.0940,0.04056393,294.3122,294.3122,294.3122,392.4162,490.5203,9516.0940,0.04056393,1765.8731,1644.6383,8044.5331,8165.7679,0.03429115,0.03480794,0.00125455,11.8178,14.9930,0.8676,208.7320,5.3202,4991.3829,240.5957,12.7170,9.8041,2.5818,2.84,3.3563,4.9054,16.007,177.8754,0.2582,0.0,5.636364,62.633151,4.16126,29,188,6,10,0.74390005,0.04181848,0.03860046,0E-8,0.000000,0.722694,0.000000,0.01256549,2026-05-12,2026-08-02,47,1844,580,83,0.566265,1.297104,1.076088,2.479667,,,,,,,,GLOBAL_BASELINE_NO_ENTITY_RANKING,,,NOT_APPLICABLE_GLOBAL_BASELINE,HF9g-P5,,,,X 全窗基线 · 不参与实体赏罚,15059795,1506,A168_HF9F_20260827_0900,2026-08-27 09:00:00
2026-07-24,17529000,1205,0,23.2360003098,22.0742002943,22.0742002943,1.0000000,1,1,0.50665070000000000,0.506650700000,0.9867858985152569,0.9867858985152569,0.9867858985152569,0E-17,ELIGIBLE,R03b_20260811_FULL_v1,L1_ELIGIBILITY,v2026-08-11,2026-03-21..2026-08-06,baccarat_bet02_101_all_pairs_incl_sentinel,round_win = game_pnl > 0 (decisive only),COMPATIBILITY_ONLY_NOT_PRODUCTION,234594.9955,169540.3402,9810.4062,19851,11308,-0.04181848,-0.03860046,-0.05116595,-0.04181848,-9810.4062,234594.9955,OK,0.0000,294.3122,3.0000,97.0000,AG03-UNRESOLVED,ALL5_LEVELS_bet23_to_bet27,294.3122,294.3122,294.3122,392.4162,490.5203,3.000000,3.000000,3.000000,4.000000,5.000000,97.000000,97.000000,97.000000,96.000000,95.000000,5.0,1765.8731,1644.6383,8044.5331,8165.7679,PENDING_AG03,FALSE,NOT_FOR_ENFORCEMENT,9516.0940,164454.1300,9810.4062,9516.0940,294.3122,0.04181848,0.04056393,294.3122,9516.0940,0.04056393,294.3122,294.3122,294.3122,392.4162,490.5203,9516.0940,0.04056393,1765.8731,1644.6383,8044.5331,8165.7679,0.03429115,0.03480794,0.00125455,11.8178,14.9930,0.8676,208.7320,5.3202,4991.3829,240.5957,12.7170,9.8041,2.5818,2.84,3.3563,4.9054,16.007,177.8754,0.2582,0.0,5.636364,62.633151,4.16126,29,188,6,10,0.74390005,0.04181848,0.03860046,0E-8,0.000000,0.722694,0.000000,0.01256549,2026-05-12,2026-08-02,47,1844,580,83,0.566265,1.297104,1.076088,2.479667,,,,,,,,GLOBAL_BASELINE_NO_ENTITY_RANKING,,,NOT_APPLICABLE_GLOBAL_BASELINE,HF9g-P5,,,,X 全窗基线 · 不参与实体赏罚,15059796,1506,A168_HF9F_20260827_0900,2026-08-27 09:00:00
2026-07-24,17529000,1210,0,12.3925334985,1.3296155733,1.3296155733,0.5000000,4,2,0.50097654126981525,0.499948100000,-0.002762081084007086,0.00014679536856514622,-0.002762081084007086,0.00102844126981525,ELIGIBLE,R03b_20260811_FULL_v1,L1_ELIGIBILITY,v2026-08-11,2026-03-21..2026-08-06,baccarat_bet02_101_all_pairs_incl_sentinel,round_win = game_pnl > 0 (decisive only),COMPATIBILITY_ONLY_NOT_PRODUCTION,234594.9955,169540.3402,9810.4062,19851,11308,-0.04181848,-0.03860046,-0.05116595,-0.04181848,-9810.4062,234594.9955,OK,0.0000,294.3122,3.0000,97.0000,AG03-UNRESOLVED,ALL5_LEVELS_bet23_to_bet27,294.3122,294.3122,294.3122,392.4162,490.5203,3.000000,3.000000,3.000000,4.000000,5.000000,97.000000,97.000000,97.000000,96.000000,95.000000,5.0,1765.8731,1644.6383,8044.5331,8165.7679,PENDING_AG03,FALSE,NOT_FOR_ENFORCEMENT,9516.0940,164454.1300,9810.4062,9516.0940,294.3122,0.04181848,0.04056393,294.3122,9516.0940,0.04056393,294.3122,294.3122,294.3122,392.4162,490.5203,9516.0940,0.04056393,1765.8731,1644.6383,8044.5331,8165.7679,0.03429115,0.03480794,0.00125455,11.8178,14.9930,0.8676,208.7320,5.3202,4991.3829,240.5957,12.7170,9.8041,2.5818,2.84,3.3563,4.9054,16.007,177.8754,0.2582,0.0,5.636364,62.633151,4.16126,29,188,6,10,0.74390005,0.04181848,0.03860046,0E-8,0.000000,0.722694,0.000000,0.01256549,2026-05-12,2026-08-02,47,1844,580,83,0.566265,1.297104,1.076088,2.479667,,,,,,,,GLOBAL_BASELINE_NO_ENTITY_RANKING,,,NOT_APPLICABLE_GLOBAL_BASELINE,HF9g-P5,,,,X 全窗基线 · 不参与实体赏罚,15059797,1506,A168_HF9F_20260827_0900,2026-08-27 09:00:00
2026-07-24,17529000,1300,0,60.1554230243,7.3193400977,7.3193400977,0.3333333,14,9,0.50210540792256963,0.501437566667,-1.0126414251326197,-1.0086295688741578,-1.0126414251326197,0.00066784125556963,ELIGIBLE,R03b_20260811_FULL_v1,L1_ELIGIBILITY,v2026-08-11,2026-03-21..2026-08-06,baccarat_bet02_101_all_pairs_incl_sentinel,round_win = game_pnl > 0 (decisive only),COMPATIBILITY_ONLY_NOT_PRODUCTION,234594.9955,169540.3402,9810.4062,19851,11308,-0.04181848,-0.03860046,-0.05116595,-0.04181848,-9810.4062,234594.9955,OK,0.0000,294.3122,3.0000,97.0000,AG03-UNRESOLVED,ALL5_LEVELS_bet23_to_bet27,294.3122,294.3122,294.3122,392.4162,490.5203,3.000000,3.000000,3.000000,4.000000,5.000000,97.000000,97.000000,97.000000,96.000000,95.000000,5.0,1765.8731,1644.6383,8044.5331,8165.7679,PENDING_AG03,FALSE,NOT_FOR_ENFORCEMENT,9516.0940,164454.1300,9810.4062,9516.0940,294.3122,0.04181848,0.04056393,294.3122,9516.0940,0.04056393,294.3122,294.3122,294.3122,392.4162,490.5203,9516.0940,0.04056393,1765.8731,1644.6383,8044.5331,8165.7679,0.03429115,0.03480794,0.00125455,11.8178,14.9930,0.8676,208.7320,5.3202,4991.3829,240.5957,12.7170,9.8041,2.5818,2.84,3.3563,4.9054,16.007,177.8754,0.2582,0.0,5.636364,62.633151,4.16126,29,188,6,10,0.74390005,0.04181848,0.03860046,0E-8,0.000000,0.722694,0.000000,0.01256549,2026-05-12,2026-08-02,47,1844,580,83,0.566265,1.297104,1.076088,2.479667,,,,,,,,GLOBAL_BASELINE_NO_ENTITY_RANKING,,,NOT_APPLICABLE_GLOBAL_BASELINE,HF9g-P5,,,,X 全窗基线 · 不参与实体赏罚,15059798,1506,A168_HF9F_20260827_0900,2026-08-27 09:00:00
2026-07-24,17529000,1318,0,407.4045387653,62.9308341724,62.9308341724,0.4444444,13,10,0.50070578521739523,0.500618360000,-0.33756838094561964,-0.3370437510836564,-0.33756838094561964,0.00008742521739523,ELIGIBLE,R03b_20260811_FULL_v1,L1_ELIGIBILITY,v2026-08-11,2026-03-21..2026-08-06,baccarat_bet02_101_all_pairs_incl_sentinel,round_win = game_pnl > 0 (decisive only),COMPATIBILITY_ONLY_NOT_PRODUCTION,234594.9955,169540.3402,9810.4062,19851,11308,-0.04181848,-0.03860046,-0.05116595,-0.04181848,-9810.4062,234594.9955,OK,0.0000,294.3122,3.0000,97.0000,AG03-UNRESOLVED,ALL5_LEVELS_bet23_to_bet27,294.3122,294.3122,294.3122,392.4162,490.5203,3.000000,3.000000,3.000000,4.000000,5.000000,97.000000,97.000000,97.000000,96.000000,95.000000,5.0,1765.8731,1644.6383,8044.5331,8165.7679,PENDING_AG03,FALSE,NOT_FOR_ENFORCEMENT,9516.0940,164454.1300,9810.4062,9516.0940,294.3122,0.04181848,0.04056393,294.3122,9516.0940,0.04056393,294.3122,294.3122,294.3122,392.4162,490.5203,9516.0940,0.04056393,1765.8731,1644.6383,8044.5331,8165.7679,0.03429115,0.03480794,0.00125455,11.8178,14.9930,0.8676,208.7320,5.3202,4991.3829,240.5957,12.7170,9.8041,2.5818,2.84,3.3563,4.9054,16.007,177.8754,0.2582,0.0,5.636364,62.633151,4.16126,29,188,6,10,0.74390005,0.04181848,0.03860046,0E-8,0.000000,0.722694,0.000000,0.01256549,2026-05-12,2026-08-02,47,1844,580,83,0.566265,1.297104,1.076088,2.479667,,,,,,,,GLOBAL_BASELINE_NO_ENTITY_RANKING,,,NOT_APPLICABLE_GLOBAL_BASELINE,HF9g-P5,,,,X 全窗基线 · 不参与实体赏罚,15059799,1506,A168_HF9F_20260827_0900,2026-08-27 09:00:00
2026-07-24,17529000,1399,0,98.6239124260,19.4407869259,19.4407869259,0.3333333,8,6,0.50499573703702754,0.504416500000,-0.8410125741903127,-0.838165622096103,-0.8410125741903127,0.00057923703702754,ELIGIBLE,R03b_20260811_FULL_v1,L1_ELIGIBILITY,v2026-08-11,2026-03-21..2026-08-06,baccarat_bet02_101_all_pairs_incl_sentinel,round_win = game_pnl > 0 (decisive only),COMPATIBILITY_ONLY_NOT_PRODUCTION,234594.9955,169540.3402,9810.4062,19851,11308,-0.04181848,-0.03860046,-0.05116595,-0.04181848,-9810.4062,234594.9955,OK,0.0000,294.3122,3.0000,97.0000,AG03-UNRESOLVED,ALL5_LEVELS_bet23_to_bet27,294.3122,294.3122,294.3122,392.4162,490.5203,3.000000,3.000000,3.000000,4.000000,5.000000,97.000000,97.000000,97.000000,96.000000,95.000000,5.0,1765.8731,1644.6383,8044.5331,8165.7679,PENDING_AG03,FALSE,NOT_FOR_ENFORCEMENT,9516.0940,164454.1300,9810.4062,9516.0940,294.3122,0.04181848,0.04056393,294.3122,9516.0940,0.04056393,294.3122,294.3122,294.3122,392.4162,490.5203,9516.0940,0.04056393,1765.8731,1644.6383,8044.5331,8165.7679,0.03429115,0.03480794,0.00125455,11.8178,14.9930,0.8676,208.7320,5.3202,4991.3829,240.5957,12.7170,9.8041,2.5818,2.84,3.3563,4.9054,16.007,177.8754,0.2582,0.0,5.636364,62.633151,4.16126,29,188,6,10,0.74390005,0.04181848,0.03860046,0E-8,0.000000,0.722694,0.000000,0.01256549,2026-05-12,2026-08-02,47,1844,580,83,0.566265,1.297104,1.076088,2.479667,,,,,,,,GLOBAL_BASELINE_NO_ENTITY_RANKING,,,NOT_APPLICABLE_GLOBAL_BASELINE,HF9g-P5,,,,X 全窗基线 · 不参与实体赏罚,15059800,1506,A168_HF9F_20260827_0900,2026-08-27 09:00:00
2026-07-24,17529000,1401,0,6.4544445305,-1.2908889061,-1.2908889061,0E-7,2,1,0.50128862000000000,0.499948100000,-1.002580569658824,-0.9998962053866608,-1.002580569658824,0.00134052000000000,ELIGIBLE,R03b_20260811_FULL_v1,L1_ELIGIBILITY,v2026-08-11,2026-03-21..2026-08-06,baccarat_bet02_101_all_pairs_incl_sentinel,round_win = game_pnl > 0 (decisive only),COMPATIBILITY_ONLY_NOT_PRODUCTION,234594.9955,169540.3402,9810.4062,19851,11308,-0.04181848,-0.03860046,-0.05116595,-0.04181848,-9810.4062,234594.9955,OK,0.0000,294.3122,3.0000,97.0000,AG03-UNRESOLVED,ALL5_LEVELS_bet23_to_bet27,294.3122,294.3122,294.3122,392.4162,490.5203,3.000000,3.000000,3.000000,4.000000,5.000000,97.000000,97.000000,97.000000,96.000000,95.000000,5.0,1765.8731,1644.6383,8044.5331,8165.7679,PENDING_AG03,FALSE,NOT_FOR_ENFORCEMENT,9516.0940,164454.1300,9810.4062,9516.0940,294.3122,0.04181848,0.04056393,294.3122,9516.0940,0.04056393,294.3122,294.3122,294.3122,392.4162,490.5203,9516.0940,0.04056393,1765.8731,1644.6383,8044.5331,8165.7679,0.03429115,0.03480794,0.00125455,11.8178,14.9930,0.8676,208.7320,5.3202,4991.3829,240.5957,12.7170,9.8041,2.5818,2.84,3.3563,4.9054,16.007,177.8754,0.2582,0.0,5.636364,62.633151,4.16126,29,188,6,10,0.74390005,0.04181848,0.03860046,0E-8,0.000000,0.722694,0.000000,0.01256549,2026-05-12,2026-08-02,47,1844,580,83,0.566265,1.297104,1.076088,2.479667,,,,,,,,GLOBAL_BASELINE_NO_ENTITY_RANKING,,,NOT_APPLICABLE_GLOBAL_BASELINE,HF9g-P5,,,,X 全窗基线 · 不参与实体赏罚,15059801,1506,A168_HF9F_20260827_0900,2026-08-27 09:00:00
2026-07-24,17529000,1402,0,40.7920894327,-12.0827201610,-12.0827201610,0.5000000,12,7,0.50221185624746861,0.501863128571,-0.010835944407445529,-0.009127492016099654,-0.010835944407445529,0.00034872767646861,ELIGIBLE,R03b_20260811_FULL_v1,L1_ELIGIBILITY,v2026-08-11,2026-03-21..2026-08-06,baccarat_bet02_101_all_pairs_incl_sentinel,round_win = game_pnl > 0 (decisive only),COMPATIBILITY_ONLY_NOT_PRODUCTION,234594.9955,169540.3402,9810.4062,19851,11308,-0.04181848,-0.03860046,-0.05116595,-0.04181848,-9810.4062,234594.9955,OK,0.0000,294.3122,3.0000,97.0000,AG03-UNRESOLVED,ALL5_LEVELS_bet23_to_bet27,294.3122,294.3122,294.3122,392.4162,490.5203,3.000000,3.000000,3.000000,4.000000,5.000000,97.000000,97.000000,97.000000,96.000000,95.000000,5.0,1765.8731,1644.6383,8044.5331,8165.7679,PENDING_AG03,FALSE,NOT_FOR_ENFORCEMENT,9516.0940,164454.1300,9810.4062,9516.0940,294.3122,0.04181848,0.04056393,294.3122,9516.0940,0.04056393,294.3122,294.3122,294.3122,392.4162,490.5203,9516.0940,0.04056393,1765.8731,1644.6383,8044.5331,8165.7679,0.03429115,0.03480794,0.00125455,11.8178,14.9930,0.8676,208.7320,5.3202,4991.3829,240.5957,12.7170,9.8041,2.5818,2.84,3.3563,4.9054,16.007,177.8754,0.2582,0.0,5.636364,62.633151,4.16126,29,188,6,10,0.74390005,0.04181848,0.03860046,0E-8,0.000000,0.722694,0.000000,0.01256549,2026-05-12,2026-08-02,47,1844,580,83,0.566265,1.297104,1.076088,2.479667,,,,,,,,GLOBAL_BASELINE_NO_ENTITY_RANKING,,,NOT_APPLICABLE_GLOBAL_BASELINE,HF9g-P5,,,,X 全窗基线 · 不参与实体赏罚,15059802,1506,A168_HF9F_20260827_0900,2026-08-27 09:00:00
2026-07-24,17529000,1507,0,336.9220044921,65.6933364315,65.6933364315,0.5294118,35,21,0.50076140114833713,0.500267271429,0.23625722425197926,0.24033168270709676,0.23625722425197926,0.00049412971933713,ELIGIBLE,R03b_20260811_FULL_v1,L1_ELIGIBILITY,v2026-08-11,2026-03-21..2026-08-06,baccarat_bet02_101_all_pairs_incl_sentinel,round_win = game_pnl > 0 (decisive only),COMPATIBILITY_ONLY_NOT_PRODUCTION,234594.9955,169540.3402,9810.4062,19851,11308,-0.04181848,-0.03860046,-0.05116595,-0.04181848,-9810.4062,234594.9955,OK,0.0000,294.3122,3.0000,97.0000,AG03-UNRESOLVED,ALL5_LEVELS_bet23_to_bet27,294.3122,294.3122,294.3122,392.4162,490.5203,3.000000,3.000000,3.000000,4.000000,5.000000,97.000000,97.000000,97.000000,96.000000,95.000000,5.0,1765.8731,1644.6383,8044.5331,8165.7679,PENDING_AG03,FALSE,NOT_FOR_ENFORCEMENT,9516.0940,164454.1300,9810.4062,9516.0940,294.3122,0.04181848,0.04056393,294.3122,9516.0940,0.04056393,294.3122,294.3122,294.3122,392.4162,490.5203,9516.0940,0.04056393,1765.8731,1644.6383,8044.5331,8165.7679,0.03429115,0.03480794,0.00125455,11.8178,14.9930,0.8676,208.7320,5.3202,4991.3829,240.5957,12.7170,9.8041,2.5818,2.84,3.3563,4.9054,16.007,177.8754,0.2582,0.0,5.636364,62.633151,4.16126,29,188,6,10,0.74390005,0.04181848,0.03860046,0E-8,0.000000,0.722694,0.000000,0.01256549,2026-05-12,2026-08-02,47,1844,580,83,0.566265,1.297104,1.076088,2.479667,,,,,,,,GLOBAL_BASELINE_NO_ENTITY_RANKING,,,NOT_APPLICABLE_GLOBAL_BASELINE,HF9g-P5,,,,X 全窗基线 · 不参与实体赏罚,15059803,1506,A168_HF9F_20260827_0900,2026-08-27 09:00:00
2026-07-24,17529000,1509,0,157.4884465443,49.0666873209,49.0666873209,0.4615385,20,14,0.50023972523241016,0.499948100000,-0.27907881342387797,-0.2769758433823512,-0.27907881342387797,0.00029162523241016,ELIGIBLE,R03b_20260811_FULL_v1,L1_ELIGIBILITY,v2026-08-11,2026-03-21..2026-08-06,baccarat_bet02_101_all_pairs_incl_sentinel,round_win = game_pnl > 0 (decisive only),COMPATIBILITY_ONLY_NOT_PRODUCTION,234594.9955,169540.3402,9810.4062,19851,11308,-0.04181848,-0.03860046,-0.05116595,-0.04181848,-9810.4062,234594.9955,OK,0.0000,294.3122,3.0000,97.0000,AG03-UNRESOLVED,ALL5_LEVELS_bet23_to_bet27,294.3122,294.3122,294.3122,392.4162,490.5203,3.000000,3.000000,3.000000,4.000000,5.000000,97.000000,97.000000,97.000000,96.000000,95.000000,5.0,1765.8731,1644.6383,8044.5331,8165.7679,PENDING_AG03,FALSE,NOT_FOR_ENFORCEMENT,9516.0940,164454.1300,9810.4062,9516.0940,294.3122,0.04181848,0.04056393,294.3122,9516.0940,0.04056393,294.3122,294.3122,294.3122,392.4162,490.5203,9516.0940,0.04056393,1765.8731,1644.6383,8044.5331,8165.7679,0.03429115,0.03480794,0.00125455,11.8178,14.9930,0.8676,208.7320,5.3202,4991.3829,240.5957,12.7170,9.8041,2.5818,2.84,3.3563,4.9054,16.007,177.8754,0.2582,0.0,5.636364,62.633151,4.16126,29,188,6,10,0.74390005,0.04181848,0.03860046,0E-8,0.000000,0.722694,0.000000,0.01256549,2026-05-12,2026-08-02,47,1844,580,83,0.566265,1.297104,1.076088,2.479667,,,,,,,,GLOBAL_BASELINE_NO_ENTITY_RANKING,,,NOT_APPLICABLE_GLOBAL_BASELINE,HF9g-P5,,,,X 全窗基线 · 不参与实体赏罚,15059804,1506,A168_HF9F_20260827_0900,2026-08-27 09:00:00
2026-07-24,17529000,1947,0,37.9521338393,5.2281000698,5.2281000698,0.3333333,7,5,0.50435962945453687,0.503969660000,-0.5924749906491275,-0.5911202050821988,-0.5924749906491275,0.00038996945453687,ELIGIBLE,R03b_20260811_FULL_v1,L1_ELIGIBILITY,v2026-08-11,2026-03-21..2026-08-06,baccarat_bet02_101_all_pairs_incl_sentinel,round_win = game_pnl > 0 (decisive only),COMPATIBILITY_ONLY_NOT_PRODUCTION,234594.9955,169540.3402,9810.4062,19851,11308,-0.04181848,-0.03860046,-0.05116595,-0.04181848,-9810.4062,234594.9955,OK,0.0000,294.3122,3.0000,97.0000,AG03-UNRESOLVED,ALL5_LEVELS_bet23_to_bet27,294.3122,294.3122,294.3122,392.4162,490.5203,3.000000,3.000000,3.000000,4.000000,5.000000,97.000000,97.000000,97.000000,96.000000,95.000000,5.0,1765.8731,1644.6383,8044.5331,8165.7679,PENDING_AG03,FALSE,NOT_FOR_ENFORCEMENT,9516.0940,164454.1300,9810.4062,9516.0940,294.3122,0.04181848,0.04056393,294.3122,9516.0940,0.04056393,294.3122,294.3122,294.3122,392.4162,490.5203,9516.0940,0.04056393,1765.8731,1644.6383,8044.5331,8165.7679,0.03429115,0.03480794,0.00125455,11.8178,14.9930,0.8676,208.7320,5.3202,4991.3829,240.5957,12.7170,9.8041,2.5818,2.84,3.3563,4.9054,16.007,177.8754,0.2582,0.0,5.636364,62.633151,4.16126,29,188,6,10,0.74390005,0.04181848,0.03860046,0E-8,0.000000,0.722694,0.000000,0.01256549,2026-05-12,2026-08-02,47,1844,580,83,0.566265,1.297104,1.076088,2.479667,,,,,,,,GLOBAL_BASELINE_NO_ENTITY_RANKING,,,NOT_APPLICABLE_GLOBAL_BASELINE,HF9g-P5,,,,X 全窗基线 · 不参与实体赏罚,15059805,1506,A168_HF9F_20260827_0900,2026-08-27 09:00:00
2026-07-24,17529000,1957,0,5.6799111868,-0.5163555624,-0.5163555624,0E-7,2,1,0.50055742727268436,0.499948100000,-1.001115476689104,-0.9998962053866608,-1.001115476689104,0.00060932727268436,ELIGIBLE,R03b_20260811_FULL_v1,L1_ELIGIBILITY,v2026-08-11,2026-03-21..2026-08-06,baccarat_bet02_101_all_pairs_incl_sentinel,round_win = game_pnl > 0 (decisive only),COMPATIBILITY_ONLY_NOT_PRODUCTION,234594.9955,169540.3402,9810.4062,19851,11308,-0.04181848,-0.03860046,-0.05116595,-0.04181848,-9810.4062,234594.9955,OK,0.0000,294.3122,3.0000,97.0000,AG03-UNRESOLVED,ALL5_LEVELS_bet23_to_bet27,294.3122,294.3122,294.3122,392.4162,490.5203,3.000000,3.000000,3.000000,4.000000,5.000000,97.000000,97.000000,97.000000,96.000000,95.000000,5.0,1765.8731,1644.6383,8044.5331,8165.7679,PENDING_AG03,FALSE,NOT_FOR_ENFORCEMENT,9516.0940,164454.1300,9810.4062,9516.0940,294.3122,0.04181848,0.04056393,294.3122,9516.0940,0.04056393,294.3122,294.3122,294.3122,392.4162,490.5203,9516.0940,0.04056393,1765.8731,1644.6383,8044.5331,8165.7679,0.03429115,0.03480794,0.00125455,11.8178,14.9930,0.8676,208.7320,5.3202,4991.3829,240.5957,12.7170,9.8041,2.5818,2.84,3.3563,4.9054,16.007,177.8754,0.2582,0.0,5.636364,62.633151,4.16126,29,188,6,10,0.74390005,0.04181848,0.03860046,0E-8,0.000000,0.722694,0.000000,0.01256549,2026-05-12,2026-08-02,47,1844,580,83,0.566265,1.297104,1.076088,2.479667,,,,,,,,GLOBAL_BASELINE_NO_ENTITY_RANKING,,,NOT_APPLICABLE_GLOBAL_BASELINE,HF9g-P5,,,,X 全窗基线 · 不参与实体赏罚,15059806,1506,A168_HF9F_20260827_0900,2026-08-27 09:00:00
2026-07-24,17529000,1966,0,81.8423566468,16.7170113340,16.7170113340,0.5000000,17,10,0.50264651711111007,0.501958880000,-0.016738278348647058,-0.012389140005751125,-0.016738278348647058,0.00068763711111007,ELIGIBLE,R03b_20260811_FULL_v1,L1_ELIGIBILITY,v2026-08-11,2026-03-21..2026-08-06,baccarat_bet02_101_all_pairs_incl_sentinel,round_win = game_pnl > 0 (decisive only),COMPATIBILITY_ONLY_NOT_PRODUCTION,234594.9955,169540.3402,9810.4062,19851,11308,-0.04181848,-0.03860046,-0.05116595,-0.04181848,-9810.4062,234594.9955,OK,0.0000,294.3122,3.0000,97.0000,AG03-UNRESOLVED,ALL5_LEVELS_bet23_to_bet27,294.3122,294.3122,294.3122,392.4162,490.5203,3.000000,3.000000,3.000000,4.000000,5.000000,97.000000,97.000000,97.000000,96.000000,95.000000,5.0,1765.8731,1644.6383,8044.5331,8165.7679,PENDING_AG03,FALSE,NOT_FOR_ENFORCEMENT,9516.0940,164454.1300,9810.4062,9516.0940,294.3122,0.04181848,0.04056393,294.3122,9516.0940,0.04056393,294.3122,294.3122,294.3122,392.4162,490.5203,9516.0940,0.04056393,1765.8731,1644.6383,8044.5331,8165.7679,0.03429115,0.03480794,0.00125455,11.8178,14.9930,0.8676,208.7320,5.3202,4991.3829,240.5957,12.7170,9.8041,2.5818,2.84,3.3563,4.9054,16.007,177.8754,0.2582,0.0,5.636364,62.633151,4.16126,29,188,6,10,0.74390005,0.04181848,0.03860046,0E-8,0.000000,0.722694,0.000000,0.01256549,2026-05-12,2026-08-02,47,1844,580,83,0.566265,1.297104,1.076088,2.479667,,,,,,,,GLOBAL_BASELINE_NO_ENTITY_RANKING,,,NOT_APPLICABLE_GLOBAL_BASELINE,HF9g-P5,,,,X 全窗基线 · 不参与实体赏罚,15059807,1506,A168_HF9F_20260827_0900,2026-08-27 09:00:00
2026-07-24,17529000,1994,0,18.8469780291,-0.9681666796,-0.9681666796,0.3333333,6,3,0.50113319739131743,0.499948100000,-0.5812772729836009,-0.5771704854251445,-0.5812772729836009,0.00118509739131743,ELIGIBLE,R03b_20260811_FULL_v1,L1_ELIGIBILITY,v2026-08-11,2026-03-21..2026-08-06,baccarat_bet02_101_all_pairs_incl_sentinel,round_win = game_pnl > 0 (decisive only),COMPATIBILITY_ONLY_NOT_PRODUCTION,234594.9955,169540.3402,9810.4062,19851,11308,-0.04181848,-0.03860046,-0.05116595,-0.04181848,-9810.4062,234594.9955,OK,0.0000,294.3122,3.0000,97.0000,AG03-UNRESOLVED,ALL5_LEVELS_bet23_to_bet27,294.3122,294.3122,294.3122,392.4162,490.5203,3.000000,3.000000,3.000000,4.000000,5.000000,97.000000,97.000000,97.000000,96.000000,95.000000,5.0,1765.8731,1644.6383,8044.5331,8165.7679,PENDING_AG03,FALSE,NOT_FOR_ENFORCEMENT,9516.0940,164454.1300,9810.4062,9516.0940,294.3122,0.04181848,0.04056393,294.3122,9516.0940,0.04056393,294.3122,294.3122,294.3122,392.4162,490.5203,9516.0940,0.04056393,1765.8731,1644.6383,8044.5331,8165.7679,0.03429115,0.03480794,0.00125455,11.8178,14.9930,0.8676,208.7320,5.3202,4991.3829,240.5957,12.7170,9.8041,2.5818,2.84,3.3563,4.9054,16.007,177.8754,0.2582,0.0,5.636364,62.633151,4.16126,29,188,6,10,0.74390005,0.04181848,0.03860046,0E-8,0.000000,0.722694,0.000000,0.01256549,2026-05-12,2026-08-02,47,1844,580,83,0.566265,1.297104,1.076088,2.479667,,,,,,,,GLOBAL_BASELINE_NO_ENTITY_RANKING,,,NOT_APPLICABLE_GLOBAL_BASELINE,HF9g-P5,,,,X 全窗基线 · 不参与实体赏罚,15059808,1506,A168_HF9F_20260827_0900,2026-08-27 09:00:00
2026-07-24,17529000,2090,0,49.0537784318,10.3271112488,10.3271112488,0.2500000,6,4,0.50060109082125873,0.499948100000,-1.0024050876436126,-0.9997924053861017,-1.0024050876436126,0.00065299082125873,ELIGIBLE,R03b_20260811_FULL_v1,L1_ELIGIBILITY,v2026-08-11,2026-03-21..2026-08-06,baccarat_bet02_101_all_pairs_incl_sentinel,round_win = game_pnl > 0 (decisive only),COMPATIBILITY_ONLY_NOT_PRODUCTION,234594.9955,169540.3402,9810.4062,19851,11308,-0.04181848,-0.03860046,-0.05116595,-0.04181848,-9810.4062,234594.9955,OK,0.0000,294.3122,3.0000,97.0000,AG03-UNRESOLVED,ALL5_LEVELS_bet23_to_bet27,294.3122,294.3122,294.3122,392.4162,490.5203,3.000000,3.000000,3.000000,4.000000,5.000000,97.000000,97.000000,97.000000,96.000000,95.000000,5.0,1765.8731,1644.6383,8044.5331,8165.7679,PENDING_AG03,FALSE,NOT_FOR_ENFORCEMENT,9516.0940,164454.1300,9810.4062,9516.0940,294.3122,0.04181848,0.04056393,294.3122,9516.0940,0.04056393,294.3122,294.3122,294.3122,392.4162,490.5203,9516.0940,0.04056393,1765.8731,1644.6383,8044.5331,8165.7679,0.03429115,0.03480794,0.00125455,11.8178,14.9930,0.8676,208.7320,5.3202,4991.3829,240.5957,12.7170,9.8041,2.5818,2.84,3.3563,4.9054,16.007,177.8754,0.2582,0.0,5.636364,62.633151,4.16126,29,188,6,10,0.74390005,0.04181848,0.03860046,0E-8,0.000000,0.722694,0.000000,0.01256549,2026-05-12,2026-08-02,47,1844,580,83,0.566265,1.297104,1.076088,2.479667,,,,,,,,GLOBAL_BASELINE_NO_ENTITY_RANKING,,,NOT_APPLICABLE_GLOBAL_BASELINE,HF9g-P5,,,,X 全窗基线 · 不参与实体赏罚,15059809,1506,A168_HF9F_20260827_0900,2026-08-27 09:00:00
2026-07-24,17529000,2093,0,5.6799111868,-0.6454444530,-0.6454444530,0E-7,2,1,0.49933877272731564,0.499948100000,-0.998678418742378,-0.9998962053866608,-0.998678418742378,-0.00060932727268436,ELIGIBLE,R03b_20260811_FULL_v1,L1_ELIGIBILITY,v2026-08-11,2026-03-21..2026-08-06,baccarat_bet02_101_all_pairs_incl_sentinel,round_win = game_pnl > 0 (decisive only),COMPATIBILITY_ONLY_NOT_PRODUCTION,234594.9955,169540.3402,9810.4062,19851,11308,-0.04181848,-0.03860046,-0.05116595,-0.04181848,-9810.4062,234594.9955,OK,0.0000,294.3122,3.0000,97.0000,AG03-UNRESOLVED,ALL5_LEVELS_bet23_to_bet27,294.3122,294.3122,294.3122,392.4162,490.5203,3.000000,3.000000,3.000000,4.000000,5.000000,97.000000,97.000000,97.000000,96.000000,95.000000,5.0,1765.8731,1644.6383,8044.5331,8165.7679,PENDING_AG03,FALSE,NOT_FOR_ENFORCEMENT,9516.0940,164454.1300,9810.4062,9516.0940,294.3122,0.04181848,0.04056393,294.3122,9516.0940,0.04056393,294.3122,294.3122,294.3122,392.4162,490.5203,9516.0940,0.04056393,1765.8731,1644.6383,8044.5331,8165.7679,0.03429115,0.03480794,0.00125455,11.8178,14.9930,0.8676,208.7320,5.3202,4991.3829,240.5957,12.7170,9.8041,2.5818,2.84,3.3563,4.9054,16.007,177.8754,0.2582,0.0,5.636364,62.633151,4.16126,29,188,6,10,0.74390005,0.04181848,0.03860046,0E-8,0.000000,0.722694,0.000000,0.01256549,2026-05-12,2026-08-02,47,1844,580,83,0.566265,1.297104,1.076088,2.479667,,,,,,,,GLOBAL_BASELINE_NO_ENTITY_RANKING,,,NOT_APPLICABLE_GLOBAL_BASELINE,HF9g-P5,,,,X 全窗基线 · 不参与实体赏罚,15059810,1506,A168_HF9F_20260827_0900,2026-08-27 09:00:00
2026-07-24,17529000,2101,0,202.1532026953,80.0480210673,80.0480210673,0.3750000,13,9,0.50276992425790906,0.502182300000,-0.7227869302178733,-0.7194585869949017,-0.7227869302178733,0.00058762425790906,ELIGIBLE,R03b_20260811_FULL_v1,L1_ELIGIBILITY,v2026-08-11,2026-03-21..2026-08-06,baccarat_bet02_101_all_pairs_incl_sentinel,round_win = game_pnl > 0 (decisive only),COMPATIBILITY_ONLY_NOT_PRODUCTION,234594.9955,169540.3402,9810.4062,19851,11308,-0.04181848,-0.03860046,-0.05116595,-0.04181848,-9810.4062,234594.9955,OK,0.0000,294.3122,3.0000,97.0000,AG03-UNRESOLVED,ALL5_LEVELS_bet23_to_bet27,294.3122,294.3122,294.3122,392.4162,490.5203,3.000000,3.000000,3.000000,4.000000,5.000000,97.000000,97.000000,97.000000,96.000000,95.000000,5.0,1765.8731,1644.6383,8044.5331,8165.7679,PENDING_AG03,FALSE,NOT_FOR_ENFORCEMENT,9516.0940,164454.1300,9810.4062,9516.0940,294.3122,0.04181848,0.04056393,294.3122,9516.0940,0.04056393,294.3122,294.3122,294.3122,392.4162,490.5203,9516.0940,0.04056393,1765.8731,1644.6383,8044.5331,8165.7679,0.03429115,0.03480794,0.00125455,11.8178,14.9930,0.8676,208.7320,5.3202,4991.3829,240.5957,12.7170,9.8041,2.5818,2.84,3.3563,4.9054,16.007,177.8754,0.2582,0.0,5.636364,62.633151,4.16126,29,188,6,10,0.74390005,0.04181848,0.03860046,0E-8,0.000000,0.722694,0.000000,0.01256549,2026-05-12,2026-08-02,47,1844,580,83,0.566265,1.297104,1.076088,2.479667,,,,,,,,GLOBAL_BASELINE_NO_ENTITY_RANKING,,,NOT_APPLICABLE_GLOBAL_BASELINE,HF9g-P5,,,,X 全窗基线 · 不参与实体赏罚,15059811,1506,A168_HF9F_20260827_0900,2026-08-27 09:00:00
2026-07-24,17529000,2103,0,2782.3819482095,787.6875016137,787.6875016137,0.4000000,13,10,0.50364802154589872,0.503299400000,-0.6555450944111695,-0.6533369945182289,-0.6555450944111695,0.00034862154589872,ELIGIBLE,R03b_20260811_FULL_v1,L1_ELIGIBILITY,v2026-08-11,2026-03-21..2026-08-06,baccarat_bet02_101_all_pairs_incl_sentinel,round_win = game_pnl > 0 (decisive only),COMPATIBILITY_ONLY_NOT_PRODUCTION,234594.9955,169540.3402,9810.4062,19851,11308,-0.04181848,-0.03860046,-0.05116595,-0.04181848,-9810.4062,234594.9955,OK,0.0000,294.3122,3.0000,97.0000,AG03-UNRESOLVED,ALL5_LEVELS_bet23_to_bet27,294.3122,294.3122,294.3122,392.4162,490.5203,3.000000,3.000000,3.000000,4.000000,5.000000,97.000000,97.000000,97.000000,96.000000,95.000000,5.0,1765.8731,1644.6383,8044.5331,8165.7679,PENDING_AG03,FALSE,NOT_FOR_ENFORCEMENT,9516.0940,164454.1300,9810.4062,9516.0940,294.3122,0.04181848,0.04056393,294.3122,9516.0940,0.04056393,294.3122,294.3122,294.3122,392.4162,490.5203,9516.0940,0.04056393,1765.8731,1644.6383,8044.5331,8165.7679,0.03429115,0.03480794,0.00125455,11.8178,14.9930,0.8676,208.7320,5.3202,4991.3829,240.5957,12.7170,9.8041,2.5818,2.84,3.3563,4.9054,16.007,177.8754,0.2582,0.0,5.636364,62.633151,4.16126,29,188,6,10,0.74390005,0.04181848,0.03860046,0E-8,0.000000,0.722694,0.000000,0.01256549,2026-05-12,2026-08-02,47,1844,580,83,0.566265,1.297104,1.076088,2.479667,,,,,,,,GLOBAL_BASELINE_NO_ENTITY_RANKING,,,NOT_APPLICABLE_GLOBAL_BASELINE,HF9g-P5,,,,X 全窗基线 · 不参与实体赏罚,15059812,1506,A168_HF9F_20260827_0900,2026-08-27 09:00:00
2026-07-24,17529000,2127,0,23.2360003098,7.7453334366,7.7453334366,0.5000000,2,2,0.49324550000000000,0.493245500000,0.01910635448239258,0.01910635448239258,0.01910635448239258,0E-17,ELIGIBLE,R03b_20260811_FULL_v1,L1_ELIGIBILITY,v2026-08-11,2026-03-21..2026-08-06,baccarat_bet02_101_all_pairs_incl_sentinel,round_win = game_pnl > 0 (decisive only),COMPATIBILITY_ONLY_NOT_PRODUCTION,234594.9955,169540.3402,9810.4062,19851,11308,-0.04181848,-0.03860046,-0.05116595,-0.04181848,-9810.4062,234594.9955,OK,0.0000,294.3122,3.0000,97.0000,AG03-UNRESOLVED,ALL5_LEVELS_bet23_to_bet27,294.3122,294.3122,294.3122,392.4162,490.5203,3.000000,3.000000,3.000000,4.000000,5.000000,97.000000,97.000000,97.000000,96.000000,95.000000,5.0,1765.8731,1644.6383,8044.5331,8165.7679,PENDING_AG03,FALSE,NOT_FOR_ENFORCEMENT,9516.0940,164454.1300,9810.4062,9516.0940,294.3122,0.04181848,0.04056393,294.3122,9516.0940,0.04056393,294.3122,294.3122,294.3122,392.4162,490.5203,9516.0940,0.04056393,1765.8731,1644.6383,8044.5331,8165.7679,0.03429115,0.03480794,0.00125455,11.8178,14.9930,0.8676,208.7320,5.3202,4991.3829,240.5957,12.7170,9.8041,2.5818,2.84,3.3563,4.9054,16.007,177.8754,0.2582,0.0,5.636364,62.633151,4.16126,29,188,6,10,0.74390005,0.04181848,0.03860046,0E-8,0.000000,0.722694,0.000000,0.01256549,2026-05-12,2026-08-02,47,1844,580,83,0.566265,1.297104,1.076088,2.479667,,,,,,,,GLOBAL_BASELINE_NO_ENTITY_RANKING,,,NOT_APPLICABLE_GLOBAL_BASELINE,HF9g-P5,,,,X 全窗基线 · 不参与实体赏罚,15059813,1506,A168_HF9F_20260827_0900,2026-08-27 09:00:00
2026-07-24,17529000,2145,0,17.5560891229,1.4199777967,1.4199777967,0.6666667,6,3,0.49919176043292259,0.499948100000,0.5801508511483289,0.5775300591747329,0.5801508511483289,-0.00075633956707741,ELIGIBLE,R03b_20260811_FULL_v1,L1_ELIGIBILITY,v2026-08-11,2026-03-21..2026-08-06,baccarat_bet02_101_all_pairs_incl_sentinel,round_win = game_pnl > 0 (decisive only),COMPATIBILITY_ONLY_NOT_PRODUCTION,234594.9955,169540.3402,9810.4062,19851,11308,-0.04181848,-0.03860046,-0.05116595,-0.04181848,-9810.4062,234594.9955,OK,0.0000,294.3122,3.0000,97.0000,AG03-UNRESOLVED,ALL5_LEVELS_bet23_to_bet27,294.3122,294.3122,294.3122,392.4162,490.5203,3.000000,3.000000,3.000000,4.000000,5.000000,97.000000,97.000000,97.000000,96.000000,95.000000,5.0,1765.8731,1644.6383,8044.5331,8165.7679,PENDING_AG03,FALSE,NOT_FOR_ENFORCEMENT,9516.0940,164454.1300,9810.4062,9516.0940,294.3122,0.04181848,0.04056393,294.3122,9516.0940,0.04056393,294.3122,294.3122,294.3122,392.4162,490.5203,9516.0940,0.04056393,1765.8731,1644.6383,8044.5331,8165.7679,0.03429115,0.03480794,0.00125455,11.8178,14.9930,0.8676,208.7320,5.3202,4991.3829,240.5957,12.7170,9.8041,2.5818,2.84,3.3563,4.9054,16.007,177.8754,0.2582,0.0,5.636364,62.633151,4.16126,29,188,6,10,0.74390005,0.04181848,0.03860046,0E-8,0.000000,0.722694,0.000000,0.01256549,2026-05-12,2026-08-02,47,1844,580,83,0.566265,1.297104,1.076088,2.479667,,,,,,,,GLOBAL_BASELINE_NO_ENTITY_RANKING,,,NOT_APPLICABLE_GLOBAL_BASELINE,HF9g-P5,,,,X 全窗基线 · 不参与实体赏罚,15059814,1506,A168_HF9F_20260827_0900,2026-08-27 09:00:00
2026-07-24,17529000,2152,0,29.6904448403,1.8459711357,1.8459711357,0.7500000,10,5,0.50016797365079737,0.499948100000,0.9993281617891949,1.0002076053883384,0.9993281617891949,0.00021987365079737,ELIGIBLE,R03b_20260811_FULL_v1,L1_ELIGIBILITY,v2026-08-11,2026-03-21..2026-08-06,baccarat_bet02_101_all_pairs_incl_sentinel,round_win = game_pnl > 0 (decisive only),COMPATIBILITY_ONLY_NOT_PRODUCTION,234594.9955,169540.3402,9810.4062,19851,11308,-0.04181848,-0.03860046,-0.05116595,-0.04181848,-9810.4062,234594.9955,OK,0.0000,294.3122,3.0000,97.0000,AG03-UNRESOLVED,ALL5_LEVELS_bet23_to_bet27,294.3122,294.3122,294.3122,392.4162,490.5203,3.000000,3.000000,3.000000,4.000000,5.000000,97.000000,97.000000,97.000000,96.000000,95.000000,5.0,1765.8731,1644.6383,8044.5331,8165.7679,PENDING_AG03,FALSE,NOT_FOR_ENFORCEMENT,9516.0940,164454.1300,9810.4062,9516.0940,294.3122,0.04181848,0.04056393,294.3122,9516.0940,0.04056393,294.3122,294.3122,294.3122,392.4162,490.5203,9516.0940,0.04056393,1765.8731,1644.6383,8044.5331,8165.7679,0.03429115,0.03480794,0.00125455,11.8178,14.9930,0.8676,208.7320,5.3202,4991.3829,240.5957,12.7170,9.8041,2.5818,2.84,3.3563,4.9054,16.007,177.8754,0.2582,0.0,5.636364,62.633151,4.16126,29,188,6,10,0.74390005,0.04181848,0.03860046,0E-8,0.000000,0.722694,0.000000,0.01256549,2026-05-12,2026-08-02,47,1844,580,83,0.566265,1.297104,1.076088,2.479667,,,,,,,,GLOBAL_BASELINE_NO_ENTITY_RANKING,,,NOT_APPLICABLE_GLOBAL_BASELINE,HF9g-P5,,,,X 全窗基线 · 不参与实体赏罚,15059815,1506,A168_HF9F_20260827_0900,2026-08-27 09:00:00
2026-07-24,17529000,2156,0,4140.3970774274,616.9803526709,616.9803526709,0.5000000,15,11,0.50181846980236797,0.501776081818,-0.011501088928037126,-0.011232998579847055,-0.011501088928037126,0.00004238798436797,ELIGIBLE,R03b_20260811_FULL_v1,L1_ELIGIBILITY,v2026-08-11,2026-03-21..2026-08-06,baccarat_bet02_101_all_pairs_incl_sentinel,round_win = game_pnl > 0 (decisive only),COMPATIBILITY_ONLY_NOT_PRODUCTION,234594.9955,169540.3402,9810.4062,19851,11308,-0.04181848,-0.03860046,-0.05116595,-0.04181848,-9810.4062,234594.9955,OK,0.0000,294.3122,3.0000,97.0000,AG03-UNRESOLVED,ALL5_LEVELS_bet23_to_bet27,294.3122,294.3122,294.3122,392.4162,490.5203,3.000000,3.000000,3.000000,4.000000,5.000000,97.000000,97.000000,97.000000,96.000000,95.000000,5.0,1765.8731,1644.6383,8044.5331,8165.7679,PENDING_AG03,FALSE,NOT_FOR_ENFORCEMENT,9516.0940,164454.1300,9810.4062,9516.0940,294.3122,0.04181848,0.04056393,294.3122,9516.0940,0.04056393,294.3122,294.3122,294.3122,392.4162,490.5203,9516.0940,0.04056393,1765.8731,1644.6383,8044.5331,8165.7679,0.03429115,0.03480794,0.00125455,11.8178,14.9930,0.8676,208.7320,5.3202,4991.3829,240.5957,12.7170,9.8041,2.5818,2.84,3.3563,4.9054,16.007,177.8754,0.2582,0.0,5.636364,62.633151,4.16126,29,188,6,10,0.74390005,0.04181848,0.03860046,0E-8,0.000000,0.722694,0.000000,0.01256549,2026-05-12,2026-08-02,47,1844,580,83,0.566265,1.297104,1.076088,2.479667,,,,,,,,GLOBAL_BASELINE_NO_ENTITY_RANKING,,,NOT_APPLICABLE_GLOBAL_BASELINE,HF9g-P5,,,,X 全窗基线 · 不参与实体赏罚,15059816,1506,A168_HF9F_20260827_0900,2026-08-27 09:00:00
2026-07-24,17529000,2169,0,218.1602251308,63.6924586271,63.6924586271,0.5000000,29,17,0.50141101151146384,0.501130911765,-0.010559085334762694,-0.008462990366307654,-0.010559085334762694,0.00028009974646384,ELIGIBLE,R03b_20260811_FULL_v1,L1_ELIGIBILITY,v2026-08-11,2026-03-21..2026-08-06,baccarat_bet02_101_all_pairs_incl_sentinel,round_win = game_pnl > 0 (decisive only),COMPATIBILITY_ONLY_NOT_PRODUCTION,234594.9955,169540.3402,9810.4062,19851,11308,-0.04181848,-0.03860046,-0.05116595,-0.04181848,-9810.4062,234594.9955,OK,0.0000,294.3122,3.0000,97.0000,AG03-UNRESOLVED,ALL5_LEVELS_bet23_to_bet27,294.3122,294.3122,294.3122,392.4162,490.5203,3.000000,3.000000,3.000000,4.000000,5.000000,97.000000,97.000000,97.000000,96.000000,95.000000,5.0,1765.8731,1644.6383,8044.5331,8165.7679,PENDING_AG03,FALSE,NOT_FOR_ENFORCEMENT,9516.0940,164454.1300,9810.4062,9516.0940,294.3122,0.04181848,0.04056393,294.3122,9516.0940,0.04056393,294.3122,294.3122,294.3122,392.4162,490.5203,9516.0940,0.04056393,1765.8731,1644.6383,8044.5331,8165.7679,0.03429115,0.03480794,0.00125455,11.8178,14.9930,0.8676,208.7320,5.3202,4991.3829,240.5957,12.7170,9.8041,2.5818,2.84,3.3563,4.9054,16.007,177.8754,0.2582,0.0,5.636364,62.633151,4.16126,29,188,6,10,0.74390005,0.04181848,0.03860046,0E-8,0.000000,0.722694,0.000000,0.01256549,2026-05-12,2026-08-02,47,1844,580,83,0.566265,1.297104,1.076088,2.479667,,,,,,,,GLOBAL_BASELINE_NO_ENTITY_RANKING,,,NOT_APPLICABLE_GLOBAL_BASELINE,HF9g-P5,,,,X 全窗基线 · 不参与实体赏罚,15059817,1506,A168_HF9F_20260827_0900,2026-08-27 09:00:00
2026-07-24,17529000,2170,0,100.9475124570,5.4217334058,5.4217334058,0.3333333,28,16,0.50088005919521439,0.500785925000,-1.2978133682746222,-1.2970837999700604,-1.2978133682746222,0.00009413419521439,ELIGIBLE,R03b_20260811_FULL_v1,L1_ELIGIBILITY,v2026-08-11,2026-03-21..2026-08-06,baccarat_bet02_101_all_pairs_incl_sentinel,round_win = game_pnl > 0 (decisive only),COMPATIBILITY_ONLY_NOT_PRODUCTION,234594.9955,169540.3402,9810.4062,19851,11308,-0.04181848,-0.03860046,-0.05116595,-0.04181848,-9810.4062,234594.9955,OK,0.0000,294.3122,3.0000,97.0000,AG03-UNRESOLVED,ALL5_LEVELS_bet23_to_bet27,294.3122,294.3122,294.3122,392.4162,490.5203,3.000000,3.000000,3.000000,4.000000,5.000000,97.000000,97.000000,97.000000,96.000000,95.000000,5.0,1765.8731,1644.6383,8044.5331,8165.7679,PENDING_AG03,FALSE,NOT_FOR_ENFORCEMENT,9516.0940,164454.1300,9810.4062,9516.0940,294.3122,0.04181848,0.04056393,294.3122,9516.0940,0.04056393,294.3122,294.3122,294.3122,392.4162,490.5203,9516.0940,0.04056393,1765.8731,1644.6383,8044.5331,8165.7679,0.03429115,0.03480794,0.00125455,11.8178,14.9930,0.8676,208.7320,5.3202,4991.3829,240.5957,12.7170,9.8041,2.5818,2.84,3.3563,4.9054,16.007,177.8754,0.2582,0.0,5.636364,62.633151,4.16126,29,188,6,10,0.74390005,0.04181848,0.03860046,0E-8,0.000000,0.722694,0.000000,0.01256549,2026-05-12,2026-08-02,47,1844,580,83,0.566265,1.297104,1.076088,2.479667,,,,,,,,GLOBAL_BASELINE_NO_ENTITY_RANKING,,,NOT_APPLICABLE_GLOBAL_BASELINE,HF9g-P5,,,,X 全窗基线 · 不参与实体赏罚,15059818,1506,A168_HF9F_20260827_0900,2026-08-27 09:00:00
2026-07-24,17529000,2174,0,3758.2939612214,3025.5725092299,3025.5725092299,0.7272727,34,22,0.50220876891575008,0.501776081818,2.111307675297251,2.115359384959593,2.111307675297251,0.00043268709775008,ELIGIBLE,R03b_20260811_FULL_v1,L1_ELIGIBILITY,v2026-08-11,2026-03-21..2026-08-06,baccarat_bet02_101_all_pairs_incl_sentinel,round_win = game_pnl > 0 (decisive only),COMPATIBILITY_ONLY_NOT_PRODUCTION,234594.9955,169540.3402,9810.4062,19851,11308,-0.04181848,-0.03860046,-0.05116595,-0.04181848,-9810.4062,234594.9955,OK,0.0000,294.3122,3.0000,97.0000,AG03-UNRESOLVED,ALL5_LEVELS_bet23_to_bet27,294.3122,294.3122,294.3122,392.4162,490.5203,3.000000,3.000000,3.000000,4.000000,5.000000,97.000000,97.000000,97.000000,96.000000,95.000000,5.0,1765.8731,1644.6383,8044.5331,8165.7679,PENDING_AG03,FALSE,NOT_FOR_ENFORCEMENT,9516.0940,164454.1300,9810.4062,9516.0940,294.3122,0.04181848,0.04056393,294.3122,9516.0940,0.04056393,294.3122,294.3122,294.3122,392.4162,490.5203,9516.0940,0.04056393,1765.8731,1644.6383,8044.5331,8165.7679,0.03429115,0.03480794,0.00125455,11.8178,14.9930,0.8676,208.7320,5.3202,4991.3829,240.5957,12.7170,9.8041,2.5818,2.84,3.3563,4.9054,16.007,177.8754,0.2582,0.0,5.636364,62.633151,4.16126,29,188,6,10,0.74390005,0.04181848,0.03860046,0E-8,0.000000,0.722694,0.000000,0.01256549,2026-05-12,2026-08-02,47,1844,580,83,0.566265,1.297104,1.076088,2.479667,,,,,,,,GLOBAL_BASELINE_NO_ENTITY_RANKING,,,NOT_APPLICABLE_GLOBAL_BASELINE,HF9g-P5,,,,X 全窗基线 · 不参与实体赏罚,15059819,1506,A168_HF9F_20260827_0900,2026-08-27 09:00:00
2026-07-24,17529000,2177,0,622.9829860840,442.3101747865,442.3101747865,0.6500000,34,21,0.50190318970198647,0.501224785714,1.3246277362942396,1.3306899623845099,1.3246277362942396,0.00067840398798647,ELIGIBLE,R03b_20260811_FULL_v1,L1_ELIGIBILITY,v2026-08-11,2026-03-21..2026-08-06,baccarat_bet02_101_all_pairs_incl_sentinel,round_win = game_pnl > 0 (decisive only),COMPATIBILITY_ONLY_NOT_PRODUCTION,234594.9955,169540.3402,9810.4062,19851,11308,-0.04181848,-0.03860046,-0.05116595,-0.04181848,-9810.4062,234594.9955,OK,0.0000,294.3122,3.0000,97.0000,AG03-UNRESOLVED,ALL5_LEVELS_bet23_to_bet27,294.3122,294.3122,294.3122,392.4162,490.5203,3.000000,3.000000,3.000000,4.000000,5.000000,97.000000,97.000000,97.000000,96.000000,95.000000,5.0,1765.8731,1644.6383,8044.5331,8165.7679,PENDING_AG03,FALSE,NOT_FOR_ENFORCEMENT,9516.0940,164454.1300,9810.4062,9516.0940,294.3122,0.04181848,0.04056393,294.3122,9516.0940,0.04056393,294.3122,294.3122,294.3122,392.4162,490.5203,9516.0940,0.04056393,1765.8731,1644.6383,8044.5331,8165.7679,0.03429115,0.03480794,0.00125455,11.8178,14.9930,0.8676,208.7320,5.3202,4991.3829,240.5957,12.7170,9.8041,2.5818,2.84,3.3563,4.9054,16.007,177.8754,0.2582,0.0,5.636364,62.633151,4.16126,29,188,6,10,0.74390005,0.04181848,0.03860046,0E-8,0.000000,0.722694,0.000000,0.01256549,2026-05-12,2026-08-02,47,1844,580,83,0.566265,1.297104,1.076088,2.479667,,,,,,,,GLOBAL_BASELINE_NO_ENTITY_RANKING,,,NOT_APPLICABLE_GLOBAL_BASELINE,HF9g-P5,,,,X 全窗基线 · 不参与实体赏罚,15059820,1506,A168_HF9F_20260827_0900,2026-08-27 09:00:00
2026-07-24,17529000,2188,0,67.9007564609,5.7315467431,5.7315467431,0.4545455,18,11,0.50072977394726815,0.499948100000,-0.30635244361591796,-0.3011670805469781,-0.30635244361591796,0.00078167394726815,ELIGIBLE,R03b_20260811_FULL_v1,L1_ELIGIBILITY,v2026-08-11,2026-03-21..2026-08-06,baccarat_bet02_101_all_pairs_incl_sentinel,round_win = game_pnl > 0 (decisive only),COMPATIBILITY_ONLY_NOT_PRODUCTION,234594.9955,169540.3402,9810.4062,19851,11308,-0.04181848,-0.03860046,-0.05116595,-0.04181848,-9810.4062,234594.9955,OK,0.0000,294.3122,3.0000,97.0000,AG03-UNRESOLVED,ALL5_LEVELS_bet23_to_bet27,294.3122,294.3122,294.3122,392.4162,490.5203,3.000000,3.000000,3.000000,4.000000,5.000000,97.000000,97.000000,97.000000,96.000000,95.000000,5.0,1765.8731,1644.6383,8044.5331,8165.7679,PENDING_AG03,FALSE,NOT_FOR_ENFORCEMENT,9516.0940,164454.1300,9810.4062,9516.0940,294.3122,0.04181848,0.04056393,294.3122,9516.0940,0.04056393,294.3122,294.3122,294.3122,392.4162,490.5203,9516.0940,0.04056393,1765.8731,1644.6383,8044.5331,8165.7679,0.03429115,0.03480794,0.00125455,11.8178,14.9930,0.8676,208.7320,5.3202,4991.3829,240.5957,12.7170,9.8041,2.5818,2.84,3.3563,4.9054,16.007,177.8754,0.2582,0.0,5.636364,62.633151,4.16126,29,188,6,10,0.74390005,0.04181848,0.03860046,0E-8,0.000000,0.722694,0.000000,0.01256549,2026-05-12,2026-08-02,47,1844,580,83,0.566265,1.297104,1.076088,2.479667,,,,,,,,GLOBAL_BASELINE_NO_ENTITY_RANKING,,,NOT_APPLICABLE_GLOBAL_BASELINE,HF9g-P5,,,,X 全窗基线 · 不参与实体赏罚,15059821,1506,A168_HF9F_20260827_0900,2026-08-27 09:00:00
2026-07-24,17529000,2205,0,70.2243564917,16.6008313326,16.6008313326,0.6666667,19,12,0.50280678686428446,0.502740850000,0.9831747699412458,0.9835696777707972,0.9831747699412458,0.00006593686428446,ELIGIBLE,R03b_20260811_FULL_v1,L1_ELIGIBILITY,v2026-08-11,2026-03-21..2026-08-06,baccarat_bet02_101_all_pairs_incl_sentinel,round_win = game_pnl > 0 (decisive only),COMPATIBILITY_ONLY_NOT_PRODUCTION,234594.9955,169540.3402,9810.4062,19851,11308,-0.04181848,-0.03860046,-0.05116595,-0.04181848,-9810.4062,234594.9955,OK,0.0000,294.3122,3.0000,97.0000,AG03-UNRESOLVED,ALL5_LEVELS_bet23_to_bet27,294.3122,294.3122,294.3122,392.4162,490.5203,3.000000,3.000000,3.000000,4.000000,5.000000,97.000000,97.000000,97.000000,96.000000,95.000000,5.0,1765.8731,1644.6383,8044.5331,8165.7679,PENDING_AG03,FALSE,NOT_FOR_ENFORCEMENT,9516.0940,164454.1300,9810.4062,9516.0940,294.3122,0.04181848,0.04056393,294.3122,9516.0940,0.04056393,294.3122,294.3122,294.3122,392.4162,490.5203,9516.0940,0.04056393,1765.8731,1644.6383,8044.5331,8165.7679,0.03429115,0.03480794,0.00125455,11.8178,14.9930,0.8676,208.7320,5.3202,4991.3829,240.5957,12.7170,9.8041,2.5818,2.84,3.3563,4.9054,16.007,177.8754,0.2582,0.0,5.636364,62.633151,4.16126,29,188,6,10,0.74390005,0.04181848,0.03860046,0E-8,0.000000,0.722694,0.000000,0.01256549,2026-05-12,2026-08-02,47,1844,580,83,0.566265,1.297104,1.076088,2.479667,,,,,,,,GLOBAL_BASELINE_NO_ENTITY_RANKING,,,NOT_APPLICABLE_GLOBAL_BASELINE,HF9g-P5,,,,X 全窗基线 · 不参与实体赏罚,15059822,1506,A168_HF9F_20260827_0900,2026-08-27 09:00:00
2026-07-24,17529000,2216,0,14.4579557483,0.2581777813,0.2581777813,0.5000000,5,3,0.49762559169957735,0.497713900000,0.006715916568752205,0.0064661348375514,0.006715916568752205,-0.00008830830042265,ELIGIBLE,R03b_20260811_FULL_v1,L1_ELIGIBILITY,v2026-08-11,2026-03-21..2026-08-06,baccarat_bet02_101_all_pairs_incl_sentinel,round_win = game_pnl > 0 (decisive only),COMPATIBILITY_ONLY_NOT_PRODUCTION,234594.9955,169540.3402,9810.4062,19851,11308,-0.04181848,-0.03860046,-0.05116595,-0.04181848,-9810.4062,234594.9955,OK,0.0000,294.3122,3.0000,97.0000,AG03-UNRESOLVED,ALL5_LEVELS_bet23_to_bet27,294.3122,294.3122,294.3122,392.4162,490.5203,3.000000,3.000000,3.000000,4.000000,5.000000,97.000000,97.000000,97.000000,96.000000,95.000000,5.0,1765.8731,1644.6383,8044.5331,8165.7679,PENDING_AG03,FALSE,NOT_FOR_ENFORCEMENT,9516.0940,164454.1300,9810.4062,9516.0940,294.3122,0.04181848,0.04056393,294.3122,9516.0940,0.04056393,294.3122,294.3122,294.3122,392.4162,490.5203,9516.0940,0.04056393,1765.8731,1644.6383,8044.5331,8165.7679,0.03429115,0.03480794,0.00125455,11.8178,14.9930,0.8676,208.7320,5.3202,4991.3829,240.5957,12.7170,9.8041,2.5818,2.84,3.3563,4.9054,16.007,177.8754,0.2582,0.0,5.636364,62.633151,4.16126,29,188,6,10,0.74390005,0.04181848,0.03860046,0E-8,0.000000,0.722694,0.000000,0.01256549,2026-05-12,2026-08-02,47,1844,580,83,0.566265,1.297104,1.076088,2.479667,,,,,,,,GLOBAL_BASELINE_NO_ENTITY_RANKING,,,NOT_APPLICABLE_GLOBAL_BASELINE,HF9g-P5,,,,X 全窗基线 · 不参与实体赏罚,15059823,1506,A168_HF9F_20260827_0900,2026-08-27 09:00:00
2026-07-24,17529000,2223,0,13.9416001859,0.7874422327,0.7874422327,0.5000000,4,2,0.50165841862069583,0.499948100000,-0.004690742013417588,0.00014679536856514622,-0.004690742013417588,0.00171031862069583,ELIGIBLE,R03b_20260811_FULL_v1,L1_ELIGIBILITY,v2026-08-11,2026-03-21..2026-08-06,baccarat_bet02_101_all_pairs_incl_sentinel,round_win = game_pnl > 0 (decisive only),COMPATIBILITY_ONLY_NOT_PRODUCTION,234594.9955,169540.3402,9810.4062,19851,11308,-0.04181848,-0.03860046,-0.05116595,-0.04181848,-9810.4062,234594.9955,OK,0.0000,294.3122,3.0000,97.0000,AG03-UNRESOLVED,ALL5_LEVELS_bet23_to_bet27,294.3122,294.3122,294.3122,392.4162,490.5203,3.000000,3.000000,3.000000,4.000000,5.000000,97.000000,97.000000,97.000000,96.000000,95.000000,5.0,1765.8731,1644.6383,8044.5331,8165.7679,PENDING_AG03,FALSE,NOT_FOR_ENFORCEMENT,9516.0940,164454.1300,9810.4062,9516.0940,294.3122,0.04181848,0.04056393,294.3122,9516.0940,0.04056393,294.3122,294.3122,294.3122,392.4162,490.5203,9516.0940,0.04056393,1765.8731,1644.6383,8044.5331,8165.7679,0.03429115,0.03480794,0.00125455,11.8178,14.9930,0.8676,208.7320,5.3202,4991.3829,240.5957,12.7170,9.8041,2.5818,2.84,3.3563,4.9054,16.007,177.8754,0.2582,0.0,5.636364,62.633151,4.16126,29,188,6,10,0.74390005,0.04181848,0.03860046,0E-8,0.000000,0.722694,0.000000,0.01256549,2026-05-12,2026-08-02,47,1844,580,83,0.566265,1.297104,1.076088,2.479667,,,,,,,,GLOBAL_BASELINE_NO_ENTITY_RANKING,,,NOT_APPLICABLE_GLOBAL_BASELINE,HF9g-P5,,,,X 全窗基线 · 不参与实体赏罚,15059824,1506,A168_HF9F_20260827_0900,2026-08-27 09:00:00
2026-07-24,17529000,2229,0,18.5888002478,1.8717889139,1.8717889139,0.6666667,6,3,0.50015120909089479,0.499948100000,0.5768264919109742,0.5775300591747329,0.5768264919109742,0.00020310909089479,ELIGIBLE,R03b_20260811_FULL_v1,L1_ELIGIBILITY,v2026-08-11,2026-03-21..2026-08-06,baccarat_bet02_101_all_pairs_incl_sentinel,round_win = game_pnl > 0 (decisive only),COMPATIBILITY_ONLY_NOT_PRODUCTION,234594.9955,169540.3402,9810.4062,19851,11308,-0.04181848,-0.03860046,-0.05116595,-0.04181848,-9810.4062,234594.9955,OK,0.0000,294.3122,3.0000,97.0000,AG03-UNRESOLVED,ALL5_LEVELS_bet23_to_bet27,294.3122,294.3122,294.3122,392.4162,490.5203,3.000000,3.000000,3.000000,4.000000,5.000000,97.000000,97.000000,97.000000,96.000000,95.000000,5.0,1765.8731,1644.6383,8044.5331,8165.7679,PENDING_AG03,FALSE,NOT_FOR_ENFORCEMENT,9516.0940,164454.1300,9810.4062,9516.0940,294.3122,0.04181848,0.04056393,294.3122,9516.0940,0.04056393,294.3122,294.3122,294.3122,392.4162,490.5203,9516.0940,0.04056393,1765.8731,1644.6383,8044.5331,8165.7679,0.03429115,0.03480794,0.00125455,11.8178,14.9930,0.8676,208.7320,5.3202,4991.3829,240.5957,12.7170,9.8041,2.5818,2.84,3.3563,4.9054,16.007,177.8754,0.2582,0.0,5.636364,62.633151,4.16126,29,188,6,10,0.74390005,0.04181848,0.03860046,0E-8,0.000000,0.722694,0.000000,0.01256549,2026-05-12,2026-08-02,47,1844,580,83,0.566265,1.297104,1.076088,2.479667,,,,,,,,GLOBAL_BASELINE_NO_ENTITY_RANKING,,,NOT_APPLICABLE_GLOBAL_BASELINE,HF9g-P5,,,,X 全窗基线 · 不参与实体赏罚,15059825,1506,A168_HF9F_20260827_0900,2026-08-27 09:00:00
2026-07-24,17529000,2235,0,2616.1154571036,663.3878088453,663.3878088453,0.5454545,16,12,0.50459731007694955,0.504416500000,0.271027696161207,0.27222621781358125,0.271027696161207,0.00018081007694955,ELIGIBLE,R03b_20260811_FULL_v1,L1_ELIGIBILITY,v2026-08-11,2026-03-21..2026-08-06,baccarat_bet02_101_all_pairs_incl_sentinel,round_win = game_pnl > 0 (decisive only),COMPATIBILITY_ONLY_NOT_PRODUCTION,234594.9955,169540.3402,9810.4062,19851,11308,-0.04181848,-0.03860046,-0.05116595,-0.04181848,-9810.4062,234594.9955,OK,0.0000,294.3122,3.0000,97.0000,AG03-UNRESOLVED,ALL5_LEVELS_bet23_to_bet27,294.3122,294.3122,294.3122,392.4162,490.5203,3.000000,3.000000,3.000000,4.000000,5.000000,97.000000,97.000000,97.000000,96.000000,95.000000,5.0,1765.8731,1644.6383,8044.5331,8165.7679,PENDING_AG03,FALSE,NOT_FOR_ENFORCEMENT,9516.0940,164454.1300,9810.4062,9516.0940,294.3122,0.04181848,0.04056393,294.3122,9516.0940,0.04056393,294.3122,294.3122,294.3122,392.4162,490.5203,9516.0940,0.04056393,1765.8731,1644.6383,8044.5331,8165.7679,0.03429115,0.03480794,0.00125455,11.8178,14.9930,0.8676,208.7320,5.3202,4991.3829,240.5957,12.7170,9.8041,2.5818,2.84,3.3563,4.9054,16.007,177.8754,0.2582,0.0,5.636364,62.633151,4.16126,29,188,6,10,0.74390005,0.04181848,0.03860046,0E-8,0.000000,0.722694,0.000000,0.01256549,2026-05-12,2026-08-02,47,1844,580,83,0.566265,1.297104,1.076088,2.479667,,,,,,,,GLOBAL_BASELINE_NO_ENTITY_RANKING,,,NOT_APPLICABLE_GLOBAL_BASELINE,HF9g-P5,,,,X 全窗基线 · 不参与实体赏罚,15059826,1506,A168_HF9F_20260827_0900,2026-08-27 09:00:00
2026-07-24,17529000,2239,0,74.3552009913,32.2205870963,32.2205870963,0.7142857,15,8,0.50133848089889190,0.500785925000,1.126814881296604,1.1297360904567433,1.126814881296604,0.00055255589889190,ELIGIBLE,R03b_20260811_FULL_v1,L1_ELIGIBILITY,v2026-08-11,2026-03-21..2026-08-06,baccarat_bet02_101_all_pairs_incl_sentinel,round_win = game_pnl > 0 (decisive only),COMPATIBILITY_ONLY_NOT_PRODUCTION,234594.9955,169540.3402,9810.4062,19851,11308,-0.04181848,-0.03860046,-0.05116595,-0.04181848,-9810.4062,234594.9955,OK,0.0000,294.3122,3.0000,97.0000,AG03-UNRESOLVED,ALL5_LEVELS_bet23_to_bet27,294.3122,294.3122,294.3122,392.4162,490.5203,3.000000,3.000000,3.000000,4.000000,5.000000,97.000000,97.000000,97.000000,96.000000,95.000000,5.0,1765.8731,1644.6383,8044.5331,8165.7679,PENDING_AG03,FALSE,NOT_FOR_ENFORCEMENT,9516.0940,164454.1300,9810.4062,9516.0940,294.3122,0.04181848,0.04056393,294.3122,9516.0940,0.04056393,294.3122,294.3122,294.3122,392.4162,490.5203,9516.0940,0.04056393,1765.8731,1644.6383,8044.5331,8165.7679,0.03429115,0.03480794,0.00125455,11.8178,14.9930,0.8676,208.7320,5.3202,4991.3829,240.5957,12.7170,9.8041,2.5818,2.84,3.3563,4.9054,16.007,177.8754,0.2582,0.0,5.636364,62.633151,4.16126,29,188,6,10,0.74390005,0.04181848,0.03860046,0E-8,0.000000,0.722694,0.000000,0.01256549,2026-05-12,2026-08-02,47,1844,580,83,0.566265,1.297104,1.076088,2.479667,,,,,,,,GLOBAL_BASELINE_NO_ENTITY_RANKING,,,NOT_APPLICABLE_GLOBAL_BASELINE,HF9g-P5,,,,X 全窗基线 · 不参与实体赏罚,15059827,1506,A168_HF9F_20260827_0900,2026-08-27 09:00:00
2026-07-24,17529000,2241,0,49.5701339942,37.0226938270,37.0226938270,1.0000000,5,3,0.50320837703702754,0.502182300000,1.7209720941407614,1.7245075243964754,1.7209720941407614,0.00102607703702754,ELIGIBLE,R03b_20260811_FULL_v1,L1_ELIGIBILITY,v2026-08-11,2026-03-21..2026-08-06,baccarat_bet02_101_all_pairs_incl_sentinel,round_win = game_pnl > 0 (decisive only),COMPATIBILITY_ONLY_NOT_PRODUCTION,234594.9955,169540.3402,9810.4062,19851,11308,-0.04181848,-0.03860046,-0.05116595,-0.04181848,-9810.4062,234594.9955,OK,0.0000,294.3122,3.0000,97.0000,AG03-UNRESOLVED,ALL5_LEVELS_bet23_to_bet27,294.3122,294.3122,294.3122,392.4162,490.5203,3.000000,3.000000,3.000000,4.000000,5.000000,97.000000,97.000000,97.000000,96.000000,95.000000,5.0,1765.8731,1644.6383,8044.5331,8165.7679,PENDING_AG03,FALSE,NOT_FOR_ENFORCEMENT,9516.0940,164454.1300,9810.4062,9516.0940,294.3122,0.04181848,0.04056393,294.3122,9516.0940,0.04056393,294.3122,294.3122,294.3122,392.4162,490.5203,9516.0940,0.04056393,1765.8731,1644.6383,8044.5331,8165.7679,0.03429115,0.03480794,0.00125455,11.8178,14.9930,0.8676,208.7320,5.3202,4991.3829,240.5957,12.7170,9.8041,2.5818,2.84,3.3563,4.9054,16.007,177.8754,0.2582,0.0,5.636364,62.633151,4.16126,29,188,6,10,0.74390005,0.04181848,0.03860046,0E-8,0.000000,0.722694,0.000000,0.01256549,2026-05-12,2026-08-02,47,1844,580,83,0.566265,1.297104,1.076088,2.479667,,,,,,,,GLOBAL_BASELINE_NO_ENTITY_RANKING,,,NOT_APPLICABLE_GLOBAL_BASELINE,HF9g-P5,,,,X 全窗基线 · 不参与实体赏罚,15059828,1506,A168_HF9F_20260827_0900,2026-08-27 09:00:00
2026-07-24,17529000,2250,0,307.7479152145,280.0196215114,280.0196215114,0.7500000,6,4,0.50244424068965209,0.503299400000,0.9902348692572918,0.9868238854431842,0.9902348692572918,-0.00085515931034791,ELIGIBLE,R03b_20260811_FULL_v1,L1_ELIGIBILITY,v2026-08-11,2026-03-21..2026-08-06,baccarat_bet02_101_all_pairs_incl_sentinel,round_win = game_pnl > 0 (decisive only),COMPATIBILITY_ONLY_NOT_PRODUCTION,234594.9955,169540.3402,9810.4062,19851,11308,-0.04181848,-0.03860046,-0.05116595,-0.04181848,-9810.4062,234594.9955,OK,0.0000,294.3122,3.0000,97.0000,AG03-UNRESOLVED,ALL5_LEVELS_bet23_to_bet27,294.3122,294.3122,294.3122,392.4162,490.5203,3.000000,3.000000,3.000000,4.000000,5.000000,97.000000,97.000000,97.000000,96.000000,95.000000,5.0,1765.8731,1644.6383,8044.5331,8165.7679,PENDING_AG03,FALSE,NOT_FOR_ENFORCEMENT,9516.0940,164454.1300,9810.4062,9516.0940,294.3122,0.04181848,0.04056393,294.3122,9516.0940,0.04056393,294.3122,294.3122,294.3122,392.4162,490.5203,9516.0940,0.04056393,1765.8731,1644.6383,8044.5331,8165.7679,0.03429115,0.03480794,0.00125455,11.8178,14.9930,0.8676,208.7320,5.3202,4991.3829,240.5957,12.7170,9.8041,2.5818,2.84,3.3563,4.9054,16.007,177.8754,0.2582,0.0,5.636364,62.633151,4.16126,29,188,6,10,0.74390005,0.04181848,0.03860046,0E-8,0.000000,0.722694,0.000000,0.01256549,2026-05-12,2026-08-02,47,1844,580,83,0.566265,1.297104,1.076088,2.479667,,,,,,,,GLOBAL_BASELINE_NO_ENTITY_RANKING,,,NOT_APPLICABLE_GLOBAL_BASELINE,HF9g-P5,,,,X 全窗基线 · 不参与实体赏罚,15059829,1506,A168_HF9F_20260827_0900,2026-08-27 09:00:00
2026-07-24,17529000,2280,0,183.5644024475,-178.5299357137,-178.5299357137,0E-7,5,4,0.50118932222222935,0.501623750000,-2.004762960320627,-2.0065055805889065,-2.004762960320627,-0.00043442777777065,ELIGIBLE,R03b_20260811_FULL_v1,L1_ELIGIBILITY,v2026-08-11,2026-03-21..2026-08-06,baccarat_bet02_101_all_pairs_incl_sentinel,round_win = game_pnl > 0 (decisive only),COMPATIBILITY_ONLY_NOT_PRODUCTION,234594.9955,169540.3402,9810.4062,19851,11308,-0.04181848,-0.03860046,-0.05116595,-0.04181848,-9810.4062,234594.9955,OK,0.0000,294.3122,3.0000,97.0000,AG03-UNRESOLVED,ALL5_LEVELS_bet23_to_bet27,294.3122,294.3122,294.3122,392.4162,490.5203,3.000000,3.000000,3.000000,4.000000,5.000000,97.000000,97.000000,97.000000,96.000000,95.000000,5.0,1765.8731,1644.6383,8044.5331,8165.7679,PENDING_AG03,FALSE,NOT_FOR_ENFORCEMENT,9516.0940,164454.1300,9810.4062,9516.0940,294.3122,0.04181848,0.04056393,294.3122,9516.0940,0.04056393,294.3122,294.3122,294.3122,392.4162,490.5203,9516.0940,0.04056393,1765.8731,1644.6383,8044.5331,8165.7679,0.03429115,0.03480794,0.00125455,11.8178,14.9930,0.8676,208.7320,5.3202,4991.3829,240.5957,12.7170,9.8041,2.5818,2.84,3.3563,4.9054,16.007,177.8754,0.2582,0.0,5.636364,62.633151,4.16126,29,188,6,10,0.74390005,0.04181848,0.03860046,0E-8,0.000000,0.722694,0.000000,0.01256549,2026-05-12,2026-08-02,47,1844,580,83,0.566265,1.297104,1.076088,2.479667,,,,,,,,GLOBAL_BASELINE_NO_ENTITY_RANKING,,,NOT_APPLICABLE_GLOBAL_BASELINE,HF9g-P5,,,,X 全窗基线 · 不参与实体赏罚,15059830,1506,A168_HF9F_20260827_0900,2026-08-27 09:00:00
2026-07-24,17529000,2287,0,6.4544445305,6.1317223040,6.1317223040,1.0000000,1,1,0.50665070000000000,0.506650700000,0.9867858985152569,0.9867858985152569,0.9867858985152569,0E-17,ELIGIBLE,R03b_20260811_FULL_v1,L1_ELIGIBILITY,v2026-08-11,2026-03-21..2026-08-06,baccarat_bet02_101_all_pairs_incl_sentinel,round_win = game_pnl > 0 (decisive only),COMPATIBILITY_ONLY_NOT_PRODUCTION,234594.9955,169540.3402,9810.4062,19851,11308,-0.04181848,-0.03860046,-0.05116595,-0.04181848,-9810.4062,234594.9955,OK,0.0000,294.3122,3.0000,97.0000,AG03-UNRESOLVED,ALL5_LEVELS_bet23_to_bet27,294.3122,294.3122,294.3122,392.4162,490.5203,3.000000,3.000000,3.000000,4.000000,5.000000,97.000000,97.000000,97.000000,96.000000,95.000000,5.0,1765.8731,1644.6383,8044.5331,8165.7679,PENDING_AG03,FALSE,NOT_FOR_ENFORCEMENT,9516.0940,164454.1300,9810.4062,9516.0940,294.3122,0.04181848,0.04056393,294.3122,9516.0940,0.04056393,294.3122,294.3122,294.3122,392.4162,490.5203,9516.0940,0.04056393,1765.8731,1644.6383,8044.5331,8165.7679,0.03429115,0.03480794,0.00125455,11.8178,14.9930,0.8676,208.7320,5.3202,4991.3829,240.5957,12.7170,9.8041,2.5818,2.84,3.3563,4.9054,16.007,177.8754,0.2582,0.0,5.636364,62.633151,4.16126,29,188,6,10,0.74390005,0.04181848,0.03860046,0E-8,0.000000,0.722694,0.000000,0.01256549,2026-05-12,2026-08-02,47,1844,580,83,0.566265,1.297104,1.076088,2.479667,,,,,,,,GLOBAL_BASELINE_NO_ENTITY_RANKING,,,NOT_APPLICABLE_GLOBAL_BASELINE,HF9g-P5,,,,X 全窗基线 · 不参与实体赏罚,15059831,1506,A168_HF9F_20260827_0900,2026-08-27 09:00:00
2026-07-24,17529000,2289,0,2285.9060749233,262.2569901634,262.2569901634,0.4615385,21,14,0.50433319616236971,0.503299400000,-0.30860880947190783,-0.3011489665801329,-0.30860880947190783,0.00103379616236971,ELIGIBLE,R03b_20260811_FULL_v1,L1_ELIGIBILITY,v2026-08-11,2026-03-21..2026-08-06,baccarat_bet02_101_all_pairs_incl_sentinel,round_win = game_pnl > 0 (decisive only),COMPATIBILITY_ONLY_NOT_PRODUCTION,234594.9955,169540.3402,9810.4062,19851,11308,-0.04181848,-0.03860046,-0.05116595,-0.04181848,-9810.4062,234594.9955,OK,0.0000,294.3122,3.0000,97.0000,AG03-UNRESOLVED,ALL5_LEVELS_bet23_to_bet27,294.3122,294.3122,294.3122,392.4162,490.5203,3.000000,3.000000,3.000000,4.000000,5.000000,97.000000,97.000000,97.000000,96.000000,95.000000,5.0,1765.8731,1644.6383,8044.5331,8165.7679,PENDING_AG03,FALSE,NOT_FOR_ENFORCEMENT,9516.0940,164454.1300,9810.4062,9516.0940,294.3122,0.04181848,0.04056393,294.3122,9516.0940,0.04056393,294.3122,294.3122,294.3122,392.4162,490.5203,9516.0940,0.04056393,1765.8731,1644.6383,8044.5331,8165.7679,0.03429115,0.03480794,0.00125455,11.8178,14.9930,0.8676,208.7320,5.3202,4991.3829,240.5957,12.7170,9.8041,2.5818,2.84,3.3563,4.9054,16.007,177.8754,0.2582,0.0,5.636364,62.633151,4.16126,29,188,6,10,0.74390005,0.04181848,0.03860046,0E-8,0.000000,0.722694,0.000000,0.01256549,2026-05-12,2026-08-02,47,1844,580,83,0.566265,1.297104,1.076088,2.479667,,,,,,,,GLOBAL_BASELINE_NO_ENTITY_RANKING,,,NOT_APPLICABLE_GLOBAL_BASELINE,HF9g-P5,,,,X 全窗基线 · 不参与实体赏罚,15059832,1506,A168_HF9F_20260827_0900,2026-08-27 09:00:00
2026-07-24,17529000,583,0,5.6799111868,0.3614488937,0.3614488937,1.0000000,2,1,0.50055742727268436,0.499948100000,0.9988857662127119,1.0001038053877793,0.9988857662127119,0.00060932727268436,ELIGIBLE,R03b_20260811_FULL_v1,L1_ELIGIBILITY,v2026-08-11,2026-03-21..2026-08-06,baccarat_bet02_101_all_pairs_incl_sentinel,round_win = game_pnl > 0 (decisive only),COMPATIBILITY_ONLY_NOT_PRODUCTION,234594.9955,169540.3402,9810.4062,19851,11308,-0.04181848,-0.03860046,-0.05116595,-0.04181848,-9810.4062,234594.9955,OK,0.0000,294.3122,3.0000,97.0000,AG03-UNRESOLVED,ALL5_LEVELS_bet23_to_bet27,294.3122,294.3122,294.3122,392.4162,490.5203,3.000000,3.000000,3.000000,4.000000,5.000000,97.000000,97.000000,97.000000,96.000000,95.000000,5.0,1765.8731,1644.6383,8044.5331,8165.7679,PENDING_AG03,FALSE,NOT_FOR_ENFORCEMENT,9516.0940,164454.1300,9810.4062,9516.0940,294.3122,0.04181848,0.04056393,294.3122,9516.0940,0.04056393,294.3122,294.3122,294.3122,392.4162,490.5203,9516.0940,0.04056393,1765.8731,1644.6383,8044.5331,8165.7679,0.03429115,0.03480794,0.00125455,11.8178,14.9930,0.8676,208.7320,5.3202,4991.3829,240.5957,12.7170,9.8041,2.5818,2.84,3.3563,4.9054,16.007,177.8754,0.2582,0.0,5.636364,62.633151,4.16126,29,188,6,10,0.74390005,0.04181848,0.03860046,0E-8,0.000000,0.722694,0.000000,0.01256549,2026-05-12,2026-08-02,47,1844,580,83,0.566265,1.297104,1.076088,2.479667,,,,,,,,GLOBAL_BASELINE_NO_ENTITY_RANKING,,,NOT_APPLICABLE_GLOBAL_BASELINE,HF9g-P5,,,,X 全窗基线 · 不参与实体赏罚,15059833,1506,A168_HF9F_20260827_0900,2026-08-27 09:00:00
2026-07-24,17529000,627,0,445.6148503858,252.4849611445,252.4849611445,0.3846154,19,13,0.49831246422688314,0.498401346154,-0.8198859705376322,-0.8205264315507727,-0.8198859705376322,-0.00008888192711686,ELIGIBLE,R03b_20260811_FULL_v1,L1_ELIGIBILITY,v2026-08-11,2026-03-21..2026-08-06,baccarat_bet02_101_all_pairs_incl_sentinel,round_win = game_pnl > 0 (decisive only),COMPATIBILITY_ONLY_NOT_PRODUCTION,234594.9955,169540.3402,9810.4062,19851,11308,-0.04181848,-0.03860046,-0.05116595,-0.04181848,-9810.4062,234594.9955,OK,0.0000,294.3122,3.0000,97.0000,AG03-UNRESOLVED,ALL5_LEVELS_bet23_to_bet27,294.3122,294.3122,294.3122,392.4162,490.5203,3.000000,3.000000,3.000000,4.000000,5.000000,97.000000,97.000000,97.000000,96.000000,95.000000,5.0,1765.8731,1644.6383,8044.5331,8165.7679,PENDING_AG03,FALSE,NOT_FOR_ENFORCEMENT,9516.0940,164454.1300,9810.4062,9516.0940,294.3122,0.04181848,0.04056393,294.3122,9516.0940,0.04056393,294.3122,294.3122,294.3122,392.4162,490.5203,9516.0940,0.04056393,1765.8731,1644.6383,8044.5331,8165.7679,0.03429115,0.03480794,0.00125455,11.8178,14.9930,0.8676,208.7320,5.3202,4991.3829,240.5957,12.7170,9.8041,2.5818,2.84,3.3563,4.9054,16.007,177.8754,0.2582,0.0,5.636364,62.633151,4.16126,29,188,6,10,0.74390005,0.04181848,0.03860046,0E-8,0.000000,0.722694,0.000000,0.01256549,2026-05-12,2026-08-02,47,1844,580,83,0.566265,1.297104,1.076088,2.479667,,,,,,,,GLOBAL_BASELINE_NO_ENTITY_RANKING,,,NOT_APPLICABLE_GLOBAL_BASELINE,HF9g-P5,,,,X 全窗基线 · 不参与实体赏罚,15059834,1506,A168_HF9F_20260827_0900,2026-08-27 09:00:00
2026-07-24,17529000,801,0,30.4649781839,2.4397800325,2.4397800325,1.0000000,10,5,0.50089510864306526,0.499948100000,1.411684074946836,1.4143603653603398,1.411684074946836,0.00094700864306526,ELIGIBLE,R03b_20260811_FULL_v1,L1_ELIGIBILITY,v2026-08-11,2026-03-21..2026-08-06,baccarat_bet02_101_all_pairs_incl_sentinel,round_win = game_pnl > 0 (decisive only),COMPATIBILITY_ONLY_NOT_PRODUCTION,234594.9955,169540.3402,9810.4062,19851,11308,-0.04181848,-0.03860046,-0.05116595,-0.04181848,-9810.4062,234594.9955,OK,0.0000,294.3122,3.0000,97.0000,AG03-UNRESOLVED,ALL5_LEVELS_bet23_to_bet27,294.3122,294.3122,294.3122,392.4162,490.5203,3.000000,3.000000,3.000000,4.000000,5.000000,97.000000,97.000000,97.000000,96.000000,95.000000,5.0,1765.8731,1644.6383,8044.5331,8165.7679,PENDING_AG03,FALSE,NOT_FOR_ENFORCEMENT,9516.0940,164454.1300,9810.4062,9516.0940,294.3122,0.04181848,0.04056393,294.3122,9516.0940,0.04056393,294.3122,294.3122,294.3122,392.4162,490.5203,9516.0940,0.04056393,1765.8731,1644.6383,8044.5331,8165.7679,0.03429115,0.03480794,0.00125455,11.8178,14.9930,0.8676,208.7320,5.3202,4991.3829,240.5957,12.7170,9.8041,2.5818,2.84,3.3563,4.9054,16.007,177.8754,0.2582,0.0,5.636364,62.633151,4.16126,29,188,6,10,0.74390005,0.04181848,0.03860046,0E-8,0.000000,0.722694,0.000000,0.01256549,2026-05-12,2026-08-02,47,1844,580,83,0.566265,1.297104,1.076088,2.479667,,,,,,,,GLOBAL_BASELINE_NO_ENTITY_RANKING,,,NOT_APPLICABLE_GLOBAL_BASELINE,HF9g-P5,,,,X 全窗基线 · 不参与实体赏罚,15059835,1506,A168_HF9F_20260827_0900,2026-08-27 09:00:00
2026-07-24,17529000,986,0,241.1380476595,15.9166602123,15.9166602123,0.5000000,10,7,0.50408314317459503,0.503778157143,-0.020003901672517373,-0.018509642775079008,-0.020003901672517373,0.00030498603159503,ELIGIBLE,R03b_20260811_FULL_v1,L1_ELIGIBILITY,v2026-08-11,2026-03-21..2026-08-06,baccarat_bet02_101_all_pairs_incl_sentinel,round_win = game_pnl > 0 (decisive only),COMPATIBILITY_ONLY_NOT_PRODUCTION,234594.9955,169540.3402,9810.4062,19851,11308,-0.04181848,-0.03860046,-0.05116595,-0.04181848,-9810.4062,234594.9955,OK,0.0000,294.3122,3.0000,97.0000,AG03-UNRESOLVED,ALL5_LEVELS_bet23_to_bet27,294.3122,294.3122,294.3122,392.4162,490.5203,3.000000,3.000000,3.000000,4.000000,5.000000,97.000000,97.000000,97.000000,96.000000,95.000000,5.0,1765.8731,1644.6383,8044.5331,8165.7679,PENDING_AG03,FALSE,NOT_FOR_ENFORCEMENT,9516.0940,164454.1300,9810.4062,9516.0940,294.3122,0.04181848,0.04056393,294.3122,9516.0940,0.04056393,294.3122,294.3122,294.3122,392.4162,490.5203,9516.0940,0.04056393,1765.8731,1644.6383,8044.5331,8165.7679,0.03429115,0.03480794,0.00125455,11.8178,14.9930,0.8676,208.7320,5.3202,4991.3829,240.5957,12.7170,9.8041,2.5818,2.84,3.3563,4.9054,16.007,177.8754,0.2582,0.0,5.636364,62.633151,4.16126,29,188,6,10,0.74390005,0.04181848,0.03860046,0E-8,0.000000,0.722694,0.000000,0.01256549,2026-05-12,2026-08-02,47,1844,580,83,0.566265,1.297104,1.076088,2.479667,,,,,,,,GLOBAL_BASELINE_NO_ENTITY_RANKING,,,NOT_APPLICABLE_GLOBAL_BASELINE,HF9g-P5,,,,X 全窗基线 · 不参与实体赏罚,15059836,1506,A168_HF9F_20260827_0900,2026-08-27 09:00:00
2026-07-25,17529000,-1,1,5385.5885162499,702.8890093728,702.8890093728,0.4782609,288,175,0.50144338714552901,0.501173718286,-0.5883087951319577,-0.5814645174027209,-0.5883087951319577,0.00026966885952901,SENTINEL_DEALER,R03b_20260811_FULL_v1,L1_ELIGIBILITY,v2026-08-11,2026-03-21..2026-08-06,baccarat_bet02_101_all_pairs_incl_sentinel,round_win = game_pnl > 0 (decisive only),COMPATIBILITY_ONLY_NOT_PRODUCTION,234594.9955,169540.3402,9810.4062,19851,11308,-0.04181848,-0.03860046,-0.05116595,-0.04181848,-9810.4062,234594.9955,OK,0.0000,294.3122,3.0000,97.0000,AG03-UNRESOLVED,ALL5_LEVELS_bet23_to_bet27,294.3122,294.3122,294.3122,392.4162,490.5203,3.000000,3.000000,3.000000,4.000000,5.000000,97.000000,97.000000,97.000000,96.000000,95.000000,5.0,1765.8731,1644.6383,8044.5331,8165.7679,PENDING_AG03,FALSE,NOT_FOR_ENFORCEMENT,9516.0940,164454.1300,9810.4062,9516.0940,294.3122,0.04181848,0.04056393,294.3122,9516.0940,0.04056393,294.3122,294.3122,294.3122,392.4162,490.5203,9516.0940,0.04056393,1765.8731,1644.6383,8044.5331,8165.7679,0.03429115,0.03480794,0.00125455,11.8178,14.9930,0.8676,208.7320,5.3202,4991.3829,240.5957,12.7170,9.8041,2.5818,2.84,3.3563,4.9054,16.007,177.8754,0.2582,0.0,5.636364,62.633151,4.16126,29,188,6,10,0.74390005,0.04181848,0.03860046,0E-8,0.000000,0.722694,0.000000,0.01256549,2026-05-12,2026-08-02,47,1844,580,83,0.566265,1.297104,1.076088,2.479667,,,,,,,,GLOBAL_BASELINE_NO_ENTITY_RANKING,,,NOT_APPLICABLE_GLOBAL_BASELINE,HF9g-P5,,,,X 全窗基线 · 不参与实体赏罚,15059837,1506,A168_HF9F_20260827_0900,2026-08-27 09:00:00
2026-07-25,17529000,1017,0,11.8761779361,0.2065422250,0.2065422250,0.5000000,4,2,0.50020198636366684,0.499948100000,-0.0005713037564408029,0.00014679536856514622,-0.0005713037564408029,0.00025388636366684,ELIGIBLE,R03b_20260811_FULL_v1,L1_ELIGIBILITY,v2026-08-11,2026-03-21..2026-08-06,baccarat_bet02_101_all_pairs_incl_sentinel,round_win = game_pnl > 0 (decisive only),COMPATIBILITY_ONLY_NOT_PRODUCTION,234594.9955,169540.3402,9810.4062,19851,11308,-0.04181848,-0.03860046,-0.05116595,-0.04181848,-9810.4062,234594.9955,OK,0.0000,294.3122,3.0000,97.0000,AG03-UNRESOLVED,ALL5_LEVELS_bet23_to_bet27,294.3122,294.3122,294.3122,392.4162,490.5203,3.000000,3.000000,3.000000,4.000000,5.000000,97.000000,97.000000,97.000000,96.000000,95.000000,5.0,1765.8731,1644.6383,8044.5331,8165.7679,PENDING_AG03,FALSE,NOT_FOR_ENFORCEMENT,9516.0940,164454.1300,9810.4062,9516.0940,294.3122,0.04181848,0.04056393,294.3122,9516.0940,0.04056393,294.3122,294.3122,294.3122,392.4162,490.5203,9516.0940,0.04056393,1765.8731,1644.6383,8044.5331,8165.7679,0.03429115,0.03480794,0.00125455,11.8178,14.9930,0.8676,208.7320,5.3202,4991.3829,240.5957,12.7170,9.8041,2.5818,2.84,3.3563,4.9054,16.007,177.8754,0.2582,0.0,5.636364,62.633151,4.16126,29,188,6,10,0.74390005,0.04181848,0.03860046,0E-8,0.000000,0.722694,0.000000,0.01256549,2026-05-12,2026-08-02,47,1844,580,83,0.566265,1.297104,1.076088,2.479667,,,,,,,,GLOBAL_BASELINE_NO_ENTITY_RANKING,,,NOT_APPLICABLE_GLOBAL_BASELINE,HF9g-P5,,,,X 全窗基线 · 不参与实体赏罚,15059838,1506,A168_HF9F_20260827_0900,2026-08-27 09:00:00
2026-07-25,17529000,1115,0,35.3703560271,-0.7358066765,-0.7358066765,0.6000000,12,6,0.50075971635798116,0.499948100000,0.4438165529743877,0.44744570176651083,0.4438165529743877,0.00081161635798116,ELIGIBLE,R03b_20260811_FULL_v1,L1_ELIGIBILITY,v2026-08-11,2026-03-21..2026-08-06,baccarat_bet02_101_all_pairs_incl_sentinel,round_win = game_pnl > 0 (decisive only),COMPATIBILITY_ONLY_NOT_PRODUCTION,234594.9955,169540.3402,9810.4062,19851,11308,-0.04181848,-0.03860046,-0.05116595,-0.04181848,-9810.4062,234594.9955,OK,0.0000,294.3122,3.0000,97.0000,AG03-UNRESOLVED,ALL5_LEVELS_bet23_to_bet27,294.3122,294.3122,294.3122,392.4162,490.5203,3.000000,3.000000,3.000000,4.000000,5.000000,97.000000,97.000000,97.000000,96.000000,95.000000,5.0,1765.8731,1644.6383,8044.5331,8165.7679,PENDING_AG03,FALSE,NOT_FOR_ENFORCEMENT,9516.0940,164454.1300,9810.4062,9516.0940,294.3122,0.04181848,0.04056393,294.3122,9516.0940,0.04056393,294.3122,294.3122,294.3122,392.4162,490.5203,9516.0940,0.04056393,1765.8731,1644.6383,8044.5331,8165.7679,0.03429115,0.03480794,0.00125455,11.8178,14.9930,0.8676,208.7320,5.3202,4991.3829,240.5957,12.7170,9.8041,2.5818,2.84,3.3563,4.9054,16.007,177.8754,0.2582,0.0,5.636364,62.633151,4.16126,29,188,6,10,0.74390005,0.04181848,0.03860046,0E-8,0.000000,0.722694,0.000000,0.01256549,2026-05-12,2026-08-02,47,1844,580,83,0.566265,1.297104,1.076088,2.479667,,,,,,,,GLOBAL_BASELINE_NO_ENTITY_RANKING,,,NOT_APPLICABLE_GLOBAL_BASELINE,HF9g-P5,,,,X 全窗基线 · 不参与实体赏罚,15059839,1506,A168_HF9F_20260827_0900,2026-08-27 09:00:00
2026-07-25,17529000,1318,0,129.0888906101,59.7036119072,59.7036119072,0.5000000,2,2,0.50665070000000000,0.506650700000,-0.018812684590367487,-0.018812684590367487,-0.018812684590367487,0E-17,ELIGIBLE,R03b_20260811_FULL_v1,L1_ELIGIBILITY,v2026-08-11,2026-03-21..2026-08-06,baccarat_bet02_101_all_pairs_incl_sentinel,round_win = game_pnl > 0 (decisive only),COMPATIBILITY_ONLY_NOT_PRODUCTION,234594.9955,169540.3402,9810.4062,19851,11308,-0.04181848,-0.03860046,-0.05116595,-0.04181848,-9810.4062,234594.9955,OK,0.0000,294.3122,3.0000,97.0000,AG03-UNRESOLVED,ALL5_LEVELS_bet23_to_bet27,294.3122,294.3122,294.3122,392.4162,490.5203,3.000000,3.000000,3.000000,4.000000,5.000000,97.000000,97.000000,97.000000,96.000000,95.000000,5.0,1765.8731,1644.6383,8044.5331,8165.7679,PENDING_AG03,FALSE,NOT_FOR_ENFORCEMENT,9516.0940,164454.1300,9810.4062,9516.0940,294.3122,0.04181848,0.04056393,294.3122,9516.0940,0.04056393,294.3122,294.3122,294.3122,392.4162,490.5203,9516.0940,0.04056393,1765.8731,1644.6383,8044.5331,8165.7679,0.03429115,0.03480794,0.00125455,11.8178,14.9930,0.8676,208.7320,5.3202,4991.3829,240.5957,12.7170,9.8041,2.5818,2.84,3.3563,4.9054,16.007,177.8754,0.2582,0.0,5.636364,62.633151,4.16126,29,188,6,10,0.74390005,0.04181848,0.03860046,0E-8,0.000000,0.722694,0.000000,0.01256549,2026-05-12,2026-08-02,47,1844,580,83,0.566265,1.297104,1.076088,2.479667,,,,,,,,GLOBAL_BASELINE_NO_ENTITY_RANKING,,,NOT_APPLICABLE_GLOBAL_BASELINE,HF9g-P5,,,,X 全窗基线 · 不参与实体赏罚,15059840,1506,A168_HF9F_20260827_0900,2026-08-27 09:00:00
2026-07-25,17529000,1330,0,16.7815557792,-6.4544445304,-6.4544445304,0E-7,5,3,0.50286792751321017,0.502182300000,-1.7420142562983458,-1.7396270863184016,-1.7420142562983458,0.00068562751321017,ELIGIBLE,R03b_20260811_FULL_v1,L1_ELIGIBILITY,v2026-08-11,2026-03-21..2026-08-06,baccarat_bet02_101_all_pairs_incl_sentinel,round_win = game_pnl > 0 (decisive only),COMPATIBILITY_ONLY_NOT_PRODUCTION,234594.9955,169540.3402,9810.4062,19851,11308,-0.04181848,-0.03860046,-0.05116595,-0.04181848,-9810.4062,234594.9955,OK,0.0000,294.3122,3.0000,97.0000,AG03-UNRESOLVED,ALL5_LEVELS_bet23_to_bet27,294.3122,294.3122,294.3122,392.4162,490.5203,3.000000,3.000000,3.000000,4.000000,5.000000,97.000000,97.000000,97.000000,96.000000,95.000000,5.0,1765.8731,1644.6383,8044.5331,8165.7679,PENDING_AG03,FALSE,NOT_FOR_ENFORCEMENT,9516.0940,164454.1300,9810.4062,9516.0940,294.3122,0.04181848,0.04056393,294.3122,9516.0940,0.04056393,294.3122,294.3122,294.3122,392.4162,490.5203,9516.0940,0.04056393,1765.8731,1644.6383,8044.5331,8165.7679,0.03429115,0.03480794,0.00125455,11.8178,14.9930,0.8676,208.7320,5.3202,4991.3829,240.5957,12.7170,9.8041,2.5818,2.84,3.3563,4.9054,16.007,177.8754,0.2582,0.0,5.636364,62.633151,4.16126,29,188,6,10,0.74390005,0.04181848,0.03860046,0E-8,0.000000,0.722694,0.000000,0.01256549,2026-05-12,2026-08-02,47,1844,580,83,0.566265,1.297104,1.076088,2.479667,,,,,,,,GLOBAL_BASELINE_NO_ENTITY_RANKING,,,NOT_APPLICABLE_GLOBAL_BASELINE,HF9g-P5,,,,X 全窗基线 · 不参与实体赏罚,15059841,1506,A168_HF9F_20260827_0900,2026-08-27 09:00:00
2026-07-25,17529000,1354,0,5.4217334056,0.1161800016,0.1161800016,1.0000000,2,1,0.50026727142854788,0.499948100000,0.9994655999345988,1.0001038053877793,0.9994655999345988,0.00031917142854788,ELIGIBLE,R03b_20260811_FULL_v1,L1_ELIGIBILITY,v2026-08-11,2026-03-21..2026-08-06,baccarat_bet02_101_all_pairs_incl_sentinel,round_win = game_pnl > 0 (decisive only),COMPATIBILITY_ONLY_NOT_PRODUCTION,234594.9955,169540.3402,9810.4062,19851,11308,-0.04181848,-0.03860046,-0.05116595,-0.04181848,-9810.4062,234594.9955,OK,0.0000,294.3122,3.0000,97.0000,AG03-UNRESOLVED,ALL5_LEVELS_bet23_to_bet27,294.3122,294.3122,294.3122,392.4162,490.5203,3.000000,3.000000,3.000000,4.000000,5.000000,97.000000,97.000000,97.000000,96.000000,95.000000,5.0,1765.8731,1644.6383,8044.5331,8165.7679,PENDING_AG03,FALSE,NOT_FOR_ENFORCEMENT,9516.0940,164454.1300,9810.4062,9516.0940,294.3122,0.04181848,0.04056393,294.3122,9516.0940,0.04056393,294.3122,294.3122,294.3122,392.4162,490.5203,9516.0940,0.04056393,1765.8731,1644.6383,8044.5331,8165.7679,0.03429115,0.03480794,0.00125455,11.8178,14.9930,0.8676,208.7320,5.3202,4991.3829,240.5957,12.7170,9.8041,2.5818,2.84,3.3563,4.9054,16.007,177.8754,0.2582,0.0,5.636364,62.633151,4.16126,29,188,6,10,0.74390005,0.04181848,0.03860046,0E-8,0.000000,0.722694,0.000000,0.01256549,2026-05-12,2026-08-02,47,1844,580,83,0.566265,1.297104,1.076088,2.479667,,,,,,,,GLOBAL_BASELINE_NO_ENTITY_RANKING,,,NOT_APPLICABLE_GLOBAL_BASELINE,HF9g-P5,,,,X 全窗基线 · 不参与实体赏罚,15059842,1506,A168_HF9F_20260827_0900,2026-08-27 09:00:00
2026-07-25,17529000,1374,0,22.4614669661,5.4862778510,5.4862778510,0.3333333,5,3,0.50320837703702754,0.502182300000,-0.5884765285722015,-0.5849155494134426,-0.5884765285722015,0.00102607703702754,ELIGIBLE,R03b_20260811_FULL_v1,L1_ELIGIBILITY,v2026-08-11,2026-03-21..2026-08-06,baccarat_bet02_101_all_pairs_incl_sentinel,round_win = game_pnl > 0 (decisive only),COMPATIBILITY_ONLY_NOT_PRODUCTION,234594.9955,169540.3402,9810.4062,19851,11308,-0.04181848,-0.03860046,-0.05116595,-0.04181848,-9810.4062,234594.9955,OK,0.0000,294.3122,3.0000,97.0000,AG03-UNRESOLVED,ALL5_LEVELS_bet23_to_bet27,294.3122,294.3122,294.3122,392.4162,490.5203,3.000000,3.000000,3.000000,4.000000,5.000000,97.000000,97.000000,97.000000,96.000000,95.000000,5.0,1765.8731,1644.6383,8044.5331,8165.7679,PENDING_AG03,FALSE,NOT_FOR_ENFORCEMENT,9516.0940,164454.1300,9810.4062,9516.0940,294.3122,0.04181848,0.04056393,294.3122,9516.0940,0.04056393,294.3122,294.3122,294.3122,392.4162,490.5203,9516.0940,0.04056393,1765.8731,1644.6383,8044.5331,8165.7679,0.03429115,0.03480794,0.00125455,11.8178,14.9930,0.8676,208.7320,5.3202,4991.3829,240.5957,12.7170,9.8041,2.5818,2.84,3.3563,4.9054,16.007,177.8754,0.2582,0.0,5.636364,62.633151,4.16126,29,188,6,10,0.74390005,0.04181848,0.03860046,0E-8,0.000000,0.722694,0.000000,0.01256549,2026-05-12,2026-08-02,47,1844,580,83,0.566265,1.297104,1.076088,2.479667,,,,,,,,GLOBAL_BASELINE_NO_ENTITY_RANKING,,,NOT_APPLICABLE_GLOBAL_BASELINE,HF9g-P5,,,,X 全窗基线 · 不参与实体赏罚,15059843,1506,A168_HF9F_20260827_0900,2026-08-27 09:00:00
2026-07-25,17529000,1384,0,40.0175560891,1.9105155811,1.9105155811,0.6666667,14,7,0.50058130655803580,0.499948100000,0.8136493219176568,0.8167508423630434,0.8136493219176568,0.00063320655803580,ELIGIBLE,R03b_20260811_FULL_v1,L1_ELIGIBILITY,v2026-08-11,2026-03-21..2026-08-06,baccarat_bet02_101_all_pairs_incl_sentinel,round_win = game_pnl > 0 (decisive only),COMPATIBILITY_ONLY_NOT_PRODUCTION,234594.9955,169540.3402,9810.4062,19851,11308,-0.04181848,-0.03860046,-0.05116595,-0.04181848,-9810.4062,234594.9955,OK,0.0000,294.3122,3.0000,97.0000,AG03-UNRESOLVED,ALL5_LEVELS_bet23_to_bet27,294.3122,294.3122,294.3122,392.4162,490.5203,3.000000,3.000000,3.000000,4.000000,5.000000,97.000000,97.000000,97.000000,96.000000,95.000000,5.0,1765.8731,1644.6383,8044.5331,8165.7679,PENDING_AG03,FALSE,NOT_FOR_ENFORCEMENT,9516.0940,164454.1300,9810.4062,9516.0940,294.3122,0.04181848,0.04056393,294.3122,9516.0940,0.04056393,294.3122,294.3122,294.3122,392.4162,490.5203,9516.0940,0.04056393,1765.8731,1644.6383,8044.5331,8165.7679,0.03429115,0.03480794,0.00125455,11.8178,14.9930,0.8676,208.7320,5.3202,4991.3829,240.5957,12.7170,9.8041,2.5818,2.84,3.3563,4.9054,16.007,177.8754,0.2582,0.0,5.636364,62.633151,4.16126,29,188,6,10,0.74390005,0.04181848,0.03860046,0E-8,0.000000,0.722694,0.000000,0.01256549,2026-05-12,2026-08-02,47,1844,580,83,0.566265,1.297104,1.076088,2.479667,,,,,,,,GLOBAL_BASELINE_NO_ENTITY_RANKING,,,NOT_APPLICABLE_GLOBAL_BASELINE,HF9g-P5,,,,X 全窗基线 · 不参与实体赏罚,15059844,1506,A168_HF9F_20260827_0900,2026-08-27 09:00:00
2026-07-25,17529000,1400,0,5.4217334056,-0.3872666718,-0.3872666718,0E-7,2,1,0.49962892857145212,0.499948100000,-0.9992581323266508,-0.9998962053866608,-0.9992581323266508,-0.00031917142854788,ELIGIBLE,R03b_20260811_FULL_v1,L1_ELIGIBILITY,v2026-08-11,2026-03-21..2026-08-06,baccarat_bet02_101_all_pairs_incl_sentinel,round_win = game_pnl > 0 (decisive only),COMPATIBILITY_ONLY_NOT_PRODUCTION,234594.9955,169540.3402,9810.4062,19851,11308,-0.04181848,-0.03860046,-0.05116595,-0.04181848,-9810.4062,234594.9955,OK,0.0000,294.3122,3.0000,97.0000,AG03-UNRESOLVED,ALL5_LEVELS_bet23_to_bet27,294.3122,294.3122,294.3122,392.4162,490.5203,3.000000,3.000000,3.000000,4.000000,5.000000,97.000000,97.000000,97.000000,96.000000,95.000000,5.0,1765.8731,1644.6383,8044.5331,8165.7679,PENDING_AG03,FALSE,NOT_FOR_ENFORCEMENT,9516.0940,164454.1300,9810.4062,9516.0940,294.3122,0.04181848,0.04056393,294.3122,9516.0940,0.04056393,294.3122,294.3122,294.3122,392.4162,490.5203,9516.0940,0.04056393,1765.8731,1644.6383,8044.5331,8165.7679,0.03429115,0.03480794,0.00125455,11.8178,14.9930,0.8676,208.7320,5.3202,4991.3829,240.5957,12.7170,9.8041,2.5818,2.84,3.3563,4.9054,16.007,177.8754,0.2582,0.0,5.636364,62.633151,4.16126,29,188,6,10,0.74390005,0.04181848,0.03860046,0E-8,0.000000,0.722694,0.000000,0.01256549,2026-05-12,2026-08-02,47,1844,580,83,0.566265,1.297104,1.076088,2.479667,,,,,,,,GLOBAL_BASELINE_NO_ENTITY_RANKING,,,NOT_APPLICABLE_GLOBAL_BASELINE,HF9g-P5,,,,X 全窗基线 · 不参与实体赏罚,15059845,1506,A168_HF9F_20260827_0900,2026-08-27 09:00:00
2026-07-25,17529000,1402,0,43.8902228075,2.7108667029,2.7108667029,0.5714286,15,8,0.50150910690289065,0.500785925000,0.3699807150702037,0.37380621059503966,0.3699807150702037,0.00072318190289065,ELIGIBLE,R03b_20260811_FULL_v1,L1_ELIGIBILITY,v2026-08-11,2026-03-21..2026-08-06,baccarat_bet02_101_all_pairs_incl_sentinel,round_win = game_pnl > 0 (decisive only),COMPATIBILITY_ONLY_NOT_PRODUCTION,234594.9955,169540.3402,9810.4062,19851,11308,-0.04181848,-0.03860046,-0.05116595,-0.04181848,-9810.4062,234594.9955,OK,0.0000,294.3122,3.0000,97.0000,AG03-UNRESOLVED,ALL5_LEVELS_bet23_to_bet27,294.3122,294.3122,294.3122,392.4162,490.5203,3.000000,3.000000,3.000000,4.000000,5.000000,97.000000,97.000000,97.000000,96.000000,95.000000,5.0,1765.8731,1644.6383,8044.5331,8165.7679,PENDING_AG03,FALSE,NOT_FOR_ENFORCEMENT,9516.0940,164454.1300,9810.4062,9516.0940,294.3122,0.04181848,0.04056393,294.3122,9516.0940,0.04056393,294.3122,294.3122,294.3122,392.4162,490.5203,9516.0940,0.04056393,1765.8731,1644.6383,8044.5331,8165.7679,0.03429115,0.03480794,0.00125455,11.8178,14.9930,0.8676,208.7320,5.3202,4991.3829,240.5957,12.7170,9.8041,2.5818,2.84,3.3563,4.9054,16.007,177.8754,0.2582,0.0,5.636364,62.633151,4.16126,29,188,6,10,0.74390005,0.04181848,0.03860046,0E-8,0.000000,0.722694,0.000000,0.01256549,2026-05-12,2026-08-02,47,1844,580,83,0.566265,1.297104,1.076088,2.479667,,,,,,,,GLOBAL_BASELINE_NO_ENTITY_RANKING,,,NOT_APPLICABLE_GLOBAL_BASELINE,HF9g-P5,,,,X 全窗基线 · 不参与实体赏罚,15059846,1506,A168_HF9F_20260827_0900,2026-08-27 09:00:00
2026-07-25,17529000,1507,0,49.5701339943,4.8666511760,4.8666511760,0.4000000,10,6,0.50263054075234600,0.502182300000,-0.4589840835288842,-0.4569774904649096,-0.4589840835288842,0.00044824075234600,ELIGIBLE,R03b_20260811_FULL_v1,L1_ELIGIBILITY,v2026-08-11,2026-03-21..2026-08-06,baccarat_bet02_101_all_pairs_incl_sentinel,round_win = game_pnl > 0 (decisive only),COMPATIBILITY_ONLY_NOT_PRODUCTION,234594.9955,169540.3402,9810.4062,19851,11308,-0.04181848,-0.03860046,-0.05116595,-0.04181848,-9810.4062,234594.9955,OK,0.0000,294.3122,3.0000,97.0000,AG03-UNRESOLVED,ALL5_LEVELS_bet23_to_bet27,294.3122,294.3122,294.3122,392.4162,490.5203,3.000000,3.000000,3.000000,4.000000,5.000000,97.000000,97.000000,97.000000,96.000000,95.000000,5.0,1765.8731,1644.6383,8044.5331,8165.7679,PENDING_AG03,FALSE,NOT_FOR_ENFORCEMENT,9516.0940,164454.1300,9810.4062,9516.0940,294.3122,0.04181848,0.04056393,294.3122,9516.0940,0.04056393,294.3122,294.3122,294.3122,392.4162,490.5203,9516.0940,0.04056393,1765.8731,1644.6383,8044.5331,8165.7679,0.03429115,0.03480794,0.00125455,11.8178,14.9930,0.8676,208.7320,5.3202,4991.3829,240.5957,12.7170,9.8041,2.5818,2.84,3.3563,4.9054,16.007,177.8754,0.2582,0.0,5.636364,62.633151,4.16126,29,188,6,10,0.74390005,0.04181848,0.03860046,0E-8,0.000000,0.722694,0.000000,0.01256549,2026-05-12,2026-08-02,47,1844,580,83,0.566265,1.297104,1.076088,2.479667,,,,,,,,GLOBAL_BASELINE_NO_ENTITY_RANKING,,,NOT_APPLICABLE_GLOBAL_BASELINE,HF9g-P5,,,,X 全窗基线 · 不参与实体赏罚,15059847,1506,A168_HF9F_20260827_0900,2026-08-27 09:00:00
2026-07-25,17529000,1509,0,5.6799111868,0E-10,0E-10,,2,1,0.50055742727268436,0.499948100000,,,,0.00060932727268436,NO_DECISIVE_ROUND,R03b_20260811_FULL_v1,L1_ELIGIBILITY,v2026-08-11,2026-03-21..2026-08-06,baccarat_bet02_101_all_pairs_incl_sentinel,round_win = game_pnl > 0 (decisive only),COMPATIBILITY_ONLY_NOT_PRODUCTION,234594.9955,169540.3402,9810.4062,19851,11308,-0.04181848,-0.03860046,-0.05116595,-0.04181848,-9810.4062,234594.9955,OK,0.0000,294.3122,3.0000,97.0000,AG03-UNRESOLVED,ALL5_LEVELS_bet23_to_bet27,294.3122,294.3122,294.3122,392.4162,490.5203,3.000000,3.000000,3.000000,4.000000,5.000000,97.000000,97.000000,97.000000,96.000000,95.000000,5.0,1765.8731,1644.6383,8044.5331,8165.7679,PENDING_AG03,FALSE,NOT_FOR_ENFORCEMENT,9516.0940,164454.1300,9810.4062,9516.0940,294.3122,0.04181848,0.04056393,294.3122,9516.0940,0.04056393,294.3122,294.3122,294.3122,392.4162,490.5203,9516.0940,0.04056393,1765.8731,1644.6383,8044.5331,8165.7679,0.03429115,0.03480794,0.00125455,11.8178,14.9930,0.8676,208.7320,5.3202,4991.3829,240.5957,12.7170,9.8041,2.5818,2.84,3.3563,4.9054,16.007,177.8754,0.2582,0.0,5.636364,62.633151,4.16126,29,188,6,10,0.74390005,0.04181848,0.03860046,0E-8,0.000000,0.722694,0.000000,0.01256549,2026-05-12,2026-08-02,47,1844,580,83,0.566265,1.297104,1.076088,2.479667,,,,,,,,GLOBAL_BASELINE_NO_ENTITY_RANKING,,,NOT_APPLICABLE_GLOBAL_BASELINE,HF9g-P5,,,,X 全窗基线 · 不参与实体赏罚,15059848,1506,A168_HF9F_20260827_0900,2026-08-27 09:00:00
2026-07-25,17529000,1654,0,27.8832003718,-10.2367490253,-10.2367490253,0.3333333,6,4,0.50395239082125873,0.503299400000,-0.5910602192738681,-0.5887925454369916,-0.5910602192738681,0.00065299082125873,ELIGIBLE,R03b_20260811_FULL_v1,L1_ELIGIBILITY,v2026-08-11,2026-03-21..2026-08-06,baccarat_bet02_101_all_pairs_incl_sentinel,round_win = game_pnl > 0 (decisive only),COMPATIBILITY_ONLY_NOT_PRODUCTION,234594.9955,169540.3402,9810.4062,19851,11308,-0.04181848,-0.03860046,-0.05116595,-0.04181848,-9810.4062,234594.9955,OK,0.0000,294.3122,3.0000,97.0000,AG03-UNRESOLVED,ALL5_LEVELS_bet23_to_bet27,294.3122,294.3122,294.3122,392.4162,490.5203,3.000000,3.000000,3.000000,4.000000,5.000000,97.000000,97.000000,97.000000,96.000000,95.000000,5.0,1765.8731,1644.6383,8044.5331,8165.7679,PENDING_AG03,FALSE,NOT_FOR_ENFORCEMENT,9516.0940,164454.1300,9810.4062,9516.0940,294.3122,0.04181848,0.04056393,294.3122,9516.0940,0.04056393,294.3122,294.3122,294.3122,392.4162,490.5203,9516.0940,0.04056393,1765.8731,1644.6383,8044.5331,8165.7679,0.03429115,0.03480794,0.00125455,11.8178,14.9930,0.8676,208.7320,5.3202,4991.3829,240.5957,12.7170,9.8041,2.5818,2.84,3.3563,4.9054,16.007,177.8754,0.2582,0.0,5.636364,62.633151,4.16126,29,188,6,10,0.74390005,0.04181848,0.03860046,0E-8,0.000000,0.722694,0.000000,0.01256549,2026-05-12,2026-08-02,47,1844,580,83,0.566265,1.297104,1.076088,2.479667,,,,,,,,GLOBAL_BASELINE_NO_ENTITY_RANKING,,,NOT_APPLICABLE_GLOBAL_BASELINE,HF9g-P5,,,,X 全窗基线 · 不参与实体赏罚,15059849,1506,A168_HF9F_20260827_0900,2026-08-27 09:00:00
2026-07-25,17529000,1680,0,11.1016445924,0.1032711125,0.1032711125,0.5000000,4,2,0.50041234935061612,0.499948100000,-0.001166300484770956,0.00014679536856514622,-0.001166300484770956,0.00046424935061612,ELIGIBLE,R03b_20260811_FULL_v1,L1_ELIGIBILITY,v2026-08-11,2026-03-21..2026-08-06,baccarat_bet02_101_all_pairs_incl_sentinel,round_win = game_pnl > 0 (decisive only),COMPATIBILITY_ONLY_NOT_PRODUCTION,234594.9955,169540.3402,9810.4062,19851,11308,-0.04181848,-0.03860046,-0.05116595,-0.04181848,-9810.4062,234594.9955,OK,0.0000,294.3122,3.0000,97.0000,AG03-UNRESOLVED,ALL5_LEVELS_bet23_to_bet27,294.3122,294.3122,294.3122,392.4162,490.5203,3.000000,3.000000,3.000000,4.000000,5.000000,97.000000,97.000000,97.000000,96.000000,95.000000,5.0,1765.8731,1644.6383,8044.5331,8165.7679,PENDING_AG03,FALSE,NOT_FOR_ENFORCEMENT,9516.0940,164454.1300,9810.4062,9516.0940,294.3122,0.04181848,0.04056393,294.3122,9516.0940,0.04056393,294.3122,294.3122,294.3122,392.4162,490.5203,9516.0940,0.04056393,1765.8731,1644.6383,8044.5331,8165.7679,0.03429115,0.03480794,0.00125455,11.8178,14.9930,0.8676,208.7320,5.3202,4991.3829,240.5957,12.7170,9.8041,2.5818,2.84,3.3563,4.9054,16.007,177.8754,0.2582,0.0,5.636364,62.633151,4.16126,29,188,6,10,0.74390005,0.04181848,0.03860046,0E-8,0.000000,0.722694,0.000000,0.01256549,2026-05-12,2026-08-02,47,1844,580,83,0.566265,1.297104,1.076088,2.479667,,,,,,,,GLOBAL_BASELINE_NO_ENTITY_RANKING,,,NOT_APPLICABLE_GLOBAL_BASELINE,HF9g-P5,,,,X 全窗基线 · 不参与实体赏罚,15059850,1506,A168_HF9F_20260827_0900,2026-08-27 09:00:00
2026-07-25,17529000,1710,0,421.8624945136,190.3673869829,190.3673869829,0.3333333,22,14,0.50031000481748414,0.499948100000,-1.1568485371103672,-1.154340970850289,-1.1568485371103672,0.00036190481748414,ELIGIBLE,R03b_20260811_FULL_v1,L1_ELIGIBILITY,v2026-08-11,2026-03-21..2026-08-06,baccarat_bet02_101_all_pairs_incl_sentinel,round_win = game_pnl > 0 (decisive only),COMPATIBILITY_ONLY_NOT_PRODUCTION,234594.9955,169540.3402,9810.4062,19851,11308,-0.04181848,-0.03860046,-0.05116595,-0.04181848,-9810.4062,234594.9955,OK,0.0000,294.3122,3.0000,97.0000,AG03-UNRESOLVED,ALL5_LEVELS_bet23_to_bet27,294.3122,294.3122,294.3122,392.4162,490.5203,3.000000,3.000000,3.000000,4.000000,5.000000,97.000000,97.000000,97.000000,96.000000,95.000000,5.0,1765.8731,1644.6383,8044.5331,8165.7679,PENDING_AG03,FALSE,NOT_FOR_ENFORCEMENT,9516.0940,164454.1300,9810.4062,9516.0940,294.3122,0.04181848,0.04056393,294.3122,9516.0940,0.04056393,294.3122,294.3122,294.3122,392.4162,490.5203,9516.0940,0.04056393,1765.8731,1644.6383,8044.5331,8165.7679,0.03429115,0.03480794,0.00125455,11.8178,14.9930,0.8676,208.7320,5.3202,4991.3829,240.5957,12.7170,9.8041,2.5818,2.84,3.3563,4.9054,16.007,177.8754,0.2582,0.0,5.636364,62.633151,4.16126,29,188,6,10,0.74390005,0.04181848,0.03860046,0E-8,0.000000,0.722694,0.000000,0.01256549,2026-05-12,2026-08-02,47,1844,580,83,0.566265,1.297104,1.076088,2.479667,,,,,,,,GLOBAL_BASELINE_NO_ENTITY_RANKING,,,NOT_APPLICABLE_GLOBAL_BASELINE,HF9g-P5,,,,X 全窗基线 · 不参与实体赏罚,15059851,1506,A168_HF9F_20260827_0900,2026-08-27 09:00:00
2026-07-25,17529000,1935,0,16.5233779980,-0.1549066687,-0.1549066687,0.3333333,6,3,0.50036399004326004,0.499948100000,-0.5786113210053804,-0.5771704854251445,-0.5786113210053804,0.00041589004326004,ELIGIBLE,R03b_20260811_FULL_v1,L1_ELIGIBILITY,v2026-08-11,2026-03-21..2026-08-06,baccarat_bet02_101_all_pairs_incl_sentinel,round_win = game_pnl > 0 (decisive only),COMPATIBILITY_ONLY_NOT_PRODUCTION,234594.9955,169540.3402,9810.4062,19851,11308,-0.04181848,-0.03860046,-0.05116595,-0.04181848,-9810.4062,234594.9955,OK,0.0000,294.3122,3.0000,97.0000,AG03-UNRESOLVED,ALL5_LEVELS_bet23_to_bet27,294.3122,294.3122,294.3122,392.4162,490.5203,3.000000,3.000000,3.000000,4.000000,5.000000,97.000000,97.000000,97.000000,96.000000,95.000000,5.0,1765.8731,1644.6383,8044.5331,8165.7679,PENDING_AG03,FALSE,NOT_FOR_ENFORCEMENT,9516.0940,164454.1300,9810.4062,9516.0940,294.3122,0.04181848,0.04056393,294.3122,9516.0940,0.04056393,294.3122,294.3122,294.3122,392.4162,490.5203,9516.0940,0.04056393,1765.8731,1644.6383,8044.5331,8165.7679,0.03429115,0.03480794,0.00125455,11.8178,14.9930,0.8676,208.7320,5.3202,4991.3829,240.5957,12.7170,9.8041,2.5818,2.84,3.3563,4.9054,16.007,177.8754,0.2582,0.0,5.636364,62.633151,4.16126,29,188,6,10,0.74390005,0.04181848,0.03860046,0E-8,0.000000,0.722694,0.000000,0.01256549,2026-05-12,2026-08-02,47,1844,580,83,0.566265,1.297104,1.076088,2.479667,,,,,,,,GLOBAL_BASELINE_NO_ENTITY_RANKING,,,NOT_APPLICABLE_GLOBAL_BASELINE,HF9g-P5,,,,X 全窗基线 · 不参与实体赏罚,15059852,1506,A168_HF9F_20260827_0900,2026-08-27 09:00:00
2026-07-25,17529000,1951,0,17.0397335605,-0.1678155577,-0.1678155577,0.3333333,6,3,0.50054901695839485,0.499948100000,-0.5792524689181635,-0.5771704854251445,-0.5792524689181635,0.00060091695839485,ELIGIBLE,R03b_20260811_FULL_v1,L1_ELIGIBILITY,v2026-08-11,2026-03-21..2026-08-06,baccarat_bet02_101_all_pairs_incl_sentinel,round_win = game_pnl > 0 (decisive only),COMPATIBILITY_ONLY_NOT_PRODUCTION,234594.9955,169540.3402,9810.4062,19851,11308,-0.04181848,-0.03860046,-0.05116595,-0.04181848,-9810.4062,234594.9955,OK,0.0000,294.3122,3.0000,97.0000,AG03-UNRESOLVED,ALL5_LEVELS_bet23_to_bet27,294.3122,294.3122,294.3122,392.4162,490.5203,3.000000,3.000000,3.000000,4.000000,5.000000,97.000000,97.000000,97.000000,96.000000,95.000000,5.0,1765.8731,1644.6383,8044.5331,8165.7679,PENDING_AG03,FALSE,NOT_FOR_ENFORCEMENT,9516.0940,164454.1300,9810.4062,9516.0940,294.3122,0.04181848,0.04056393,294.3122,9516.0940,0.04056393,294.3122,294.3122,294.3122,392.4162,490.5203,9516.0940,0.04056393,1765.8731,1644.6383,8044.5331,8165.7679,0.03429115,0.03480794,0.00125455,11.8178,14.9930,0.8676,208.7320,5.3202,4991.3829,240.5957,12.7170,9.8041,2.5818,2.84,3.3563,4.9054,16.007,177.8754,0.2582,0.0,5.636364,62.633151,4.16126,29,188,6,10,0.74390005,0.04181848,0.03860046,0E-8,0.000000,0.722694,0.000000,0.01256549,2026-05-12,2026-08-02,47,1844,580,83,0.566265,1.297104,1.076088,2.479667,,,,,,,,GLOBAL_BASELINE_NO_ENTITY_RANKING,,,NOT_APPLICABLE_GLOBAL_BASELINE,HF9g-P5,,,,X 全窗基线 · 不参与实体赏罚,15059853,1506,A168_HF9F_20260827_0900,2026-08-27 09:00:00
2026-07-25,17529000,1957,0,23.4941780910,-6.7513489788,-6.7513489788,0.2500000,7,4,0.50199746582125422,0.501623750000,-1.007997906877737,-1.0065003074190721,-1.007997906877737,0.00037371582125422,ELIGIBLE,R03b_20260811_FULL_v1,L1_ELIGIBILITY,v2026-08-11,2026-03-21..2026-08-06,baccarat_bet02_101_all_pairs_incl_sentinel,round_win = game_pnl > 0 (decisive only),COMPATIBILITY_ONLY_NOT_PRODUCTION,234594.9955,169540.3402,9810.4062,19851,11308,-0.04181848,-0.03860046,-0.05116595,-0.04181848,-9810.4062,234594.9955,OK,0.0000,294.3122,3.0000,97.0000,AG03-UNRESOLVED,ALL5_LEVELS_bet23_to_bet27,294.3122,294.3122,294.3122,392.4162,490.5203,3.000000,3.000000,3.000000,4.000000,5.000000,97.000000,97.000000,97.000000,96.000000,95.000000,5.0,1765.8731,1644.6383,8044.5331,8165.7679,PENDING_AG03,FALSE,NOT_FOR_ENFORCEMENT,9516.0940,164454.1300,9810.4062,9516.0940,294.3122,0.04181848,0.04056393,294.3122,9516.0940,0.04056393,294.3122,294.3122,294.3122,392.4162,490.5203,9516.0940,0.04056393,1765.8731,1644.6383,8044.5331,8165.7679,0.03429115,0.03480794,0.00125455,11.8178,14.9930,0.8676,208.7320,5.3202,4991.3829,240.5957,12.7170,9.8041,2.5818,2.84,3.3563,4.9054,16.007,177.8754,0.2582,0.0,5.636364,62.633151,4.16126,29,188,6,10,0.74390005,0.04181848,0.03860046,0E-8,0.000000,0.722694,0.000000,0.01256549,2026-05-12,2026-08-02,47,1844,580,83,0.566265,1.297104,1.076088,2.479667,,,,,,,,GLOBAL_BASELINE_NO_ENTITY_RANKING,,,NOT_APPLICABLE_GLOBAL_BASELINE,HF9g-P5,,,,X 全窗基线 · 不参与实体赏罚,15059854,1506,A168_HF9F_20260827_0900,2026-08-27 09:00:00
2026-07-25,17529000,1966,0,5.6799111868,-0.5163555624,-0.5163555624,0E-7,2,1,0.50055742727268436,0.499948100000,-1.001115476689104,-0.9998962053866608,-1.001115476689104,0.00060932727268436,ELIGIBLE,R03b_20260811_FULL_v1,L1_ELIGIBILITY,v2026-08-11,2026-03-21..2026-08-06,baccarat_bet02_101_all_pairs_incl_sentinel,round_win = game_pnl > 0 (decisive only),COMPATIBILITY_ONLY_NOT_PRODUCTION,234594.9955,169540.3402,9810.4062,19851,11308,-0.04181848,-0.03860046,-0.05116595,-0.04181848,-9810.4062,234594.9955,OK,0.0000,294.3122,3.0000,97.0000,AG03-UNRESOLVED,ALL5_LEVELS_bet23_to_bet27,294.3122,294.3122,294.3122,392.4162,490.5203,3.000000,3.000000,3.000000,4.000000,5.000000,97.000000,97.000000,97.000000,96.000000,95.000000,5.0,1765.8731,1644.6383,8044.5331,8165.7679,PENDING_AG03,FALSE,NOT_FOR_ENFORCEMENT,9516.0940,164454.1300,9810.4062,9516.0940,294.3122,0.04181848,0.04056393,294.3122,9516.0940,0.04056393,294.3122,294.3122,294.3122,392.4162,490.5203,9516.0940,0.04056393,1765.8731,1644.6383,8044.5331,8165.7679,0.03429115,0.03480794,0.00125455,11.8178,14.9930,0.8676,208.7320,5.3202,4991.3829,240.5957,12.7170,9.8041,2.5818,2.84,3.3563,4.9054,16.007,177.8754,0.2582,0.0,5.636364,62.633151,4.16126,29,188,6,10,0.74390005,0.04181848,0.03860046,0E-8,0.000000,0.722694,0.000000,0.01256549,2026-05-12,2026-08-02,47,1844,580,83,0.566265,1.297104,1.076088,2.479667,,,,,,,,GLOBAL_BASELINE_NO_ENTITY_RANKING,,,NOT_APPLICABLE_GLOBAL_BASELINE,HF9g-P5,,,,X 全窗基线 · 不参与实体赏罚,15059855,1506,A168_HF9F_20260827_0900,2026-08-27 09:00:00
2026-07-25,17529000,2073,0,11.6180001549,1.1101644592,1.1101644592,1.0000000,4,2,0.50034706428573508,0.499948100000,1.4132322567912103,1.4143603653603398,1.4132322567912103,0.00039896428573508,ELIGIBLE,R03b_20260811_FULL_v1,L1_ELIGIBILITY,v2026-08-11,2026-03-21..2026-08-06,baccarat_bet02_101_all_pairs_incl_sentinel,round_win = game_pnl > 0 (decisive only),COMPATIBILITY_ONLY_NOT_PRODUCTION,234594.9955,169540.3402,9810.4062,19851,11308,-0.04181848,-0.03860046,-0.05116595,-0.04181848,-9810.4062,234594.9955,OK,0.0000,294.3122,3.0000,97.0000,AG03-UNRESOLVED,ALL5_LEVELS_bet23_to_bet27,294.3122,294.3122,294.3122,392.4162,490.5203,3.000000,3.000000,3.000000,4.000000,5.000000,97.000000,97.000000,97.000000,96.000000,95.000000,5.0,1765.8731,1644.6383,8044.5331,8165.7679,PENDING_AG03,FALSE,NOT_FOR_ENFORCEMENT,9516.0940,164454.1300,9810.4062,9516.0940,294.3122,0.04181848,0.04056393,294.3122,9516.0940,0.04056393,294.3122,294.3122,294.3122,392.4162,490.5203,9516.0940,0.04056393,1765.8731,1644.6383,8044.5331,8165.7679,0.03429115,0.03480794,0.00125455,11.8178,14.9930,0.8676,208.7320,5.3202,4991.3829,240.5957,12.7170,9.8041,2.5818,2.84,3.3563,4.9054,16.007,177.8754,0.2582,0.0,5.636364,62.633151,4.16126,29,188,6,10,0.74390005,0.04181848,0.03860046,0E-8,0.000000,0.722694,0.000000,0.01256549,2026-05-12,2026-08-02,47,1844,580,83,0.566265,1.297104,1.076088,2.479667,,,,,,,,GLOBAL_BASELINE_NO_ENTITY_RANKING,,,NOT_APPLICABLE_GLOBAL_BASELINE,HF9g-P5,,,,X 全窗基线 · 不参与实体赏罚,15059856,1506,A168_HF9F_20260827_0900,2026-08-27 09:00:00
2026-07-25,17529000,2093,0,42.5993339013,2.8399555935,2.8399555935,0.4285714,9,7,0.50270665306121855,0.502820642857,-0.39229248266850963,-0.3928961639171632,-0.39229248266850963,-0.00011398979578145,ELIGIBLE,R03b_20260811_FULL_v1,L1_ELIGIBILITY,v2026-08-11,2026-03-21..2026-08-06,baccarat_bet02_101_all_pairs_incl_sentinel,round_win = game_pnl > 0 (decisive only),COMPATIBILITY_ONLY_NOT_PRODUCTION,234594.9955,169540.3402,9810.4062,19851,11308,-0.04181848,-0.03860046,-0.05116595,-0.04181848,-9810.4062,234594.9955,OK,0.0000,294.3122,3.0000,97.0000,AG03-UNRESOLVED,ALL5_LEVELS_bet23_to_bet27,294.3122,294.3122,294.3122,392.4162,490.5203,3.000000,3.000000,3.000000,4.000000,5.000000,97.000000,97.000000,97.000000,96.000000,95.000000,5.0,1765.8731,1644.6383,8044.5331,8165.7679,PENDING_AG03,FALSE,NOT_FOR_ENFORCEMENT,9516.0940,164454.1300,9810.4062,9516.0940,294.3122,0.04181848,0.04056393,294.3122,9516.0940,0.04056393,294.3122,294.3122,294.3122,392.4162,490.5203,9516.0940,0.04056393,1765.8731,1644.6383,8044.5331,8165.7679,0.03429115,0.03480794,0.00125455,11.8178,14.9930,0.8676,208.7320,5.3202,4991.3829,240.5957,12.7170,9.8041,2.5818,2.84,3.3563,4.9054,16.007,177.8754,0.2582,0.0,5.636364,62.633151,4.16126,29,188,6,10,0.74390005,0.04181848,0.03860046,0E-8,0.000000,0.722694,0.000000,0.01256549,2026-05-12,2026-08-02,47,1844,580,83,0.566265,1.297104,1.076088,2.479667,,,,,,,,GLOBAL_BASELINE_NO_ENTITY_RANKING,,,NOT_APPLICABLE_GLOBAL_BASELINE,HF9g-P5,,,,X 全窗基线 · 不参与实体赏罚,15059857,1506,A168_HF9F_20260827_0900,2026-08-27 09:00:00
2026-07-25,17529000,2101,0,74.0970232100,11.6050912659,11.6050912659,0.8000000,23,12,0.50105542768198061,0.500506650000,1.890695697540629,1.894163232589745,1.890695697540629,0.00054877768198061,ELIGIBLE,R03b_20260811_FULL_v1,L1_ELIGIBILITY,v2026-08-11,2026-03-21..2026-08-06,baccarat_bet02_101_all_pairs_incl_sentinel,round_win = game_pnl > 0 (decisive only),COMPATIBILITY_ONLY_NOT_PRODUCTION,234594.9955,169540.3402,9810.4062,19851,11308,-0.04181848,-0.03860046,-0.05116595,-0.04181848,-9810.4062,234594.9955,OK,0.0000,294.3122,3.0000,97.0000,AG03-UNRESOLVED,ALL5_LEVELS_bet23_to_bet27,294.3122,294.3122,294.3122,392.4162,490.5203,3.000000,3.000000,3.000000,4.000000,5.000000,97.000000,97.000000,97.000000,96.000000,95.000000,5.0,1765.8731,1644.6383,8044.5331,8165.7679,PENDING_AG03,FALSE,NOT_FOR_ENFORCEMENT,9516.0940,164454.1300,9810.4062,9516.0940,294.3122,0.04181848,0.04056393,294.3122,9516.0940,0.04056393,294.3122,294.3122,294.3122,392.4162,490.5203,9516.0940,0.04056393,1765.8731,1644.6383,8044.5331,8165.7679,0.03429115,0.03480794,0.00125455,11.8178,14.9930,0.8676,208.7320,5.3202,4991.3829,240.5957,12.7170,9.8041,2.5818,2.84,3.3563,4.9054,16.007,177.8754,0.2582,0.0,5.636364,62.633151,4.16126,29,188,6,10,0.74390005,0.04181848,0.03860046,0E-8,0.000000,0.722694,0.000000,0.01256549,2026-05-12,2026-08-02,47,1844,580,83,0.566265,1.297104,1.076088,2.479667,,,,,,,,GLOBAL_BASELINE_NO_ENTITY_RANKING,,,NOT_APPLICABLE_GLOBAL_BASELINE,HF9g-P5,,,,X 全窗基线 · 不参与实体赏罚,15059858,1506,A168_HF9F_20260827_0900,2026-08-27 09:00:00
2026-07-25,17529000,2103,0,83.3914233339,6.7126223119,6.7126223119,0.4545455,24,13,0.50044408642650732,0.499948100000,-0.3044572007659025,-0.3011670805469781,-0.3044572007659025,0.00049598642650732,ELIGIBLE,R03b_20260811_FULL_v1,L1_ELIGIBILITY,v2026-08-11,2026-03-21..2026-08-06,baccarat_bet02_101_all_pairs_incl_sentinel,round_win = game_pnl > 0 (decisive only),COMPATIBILITY_ONLY_NOT_PRODUCTION,234594.9955,169540.3402,9810.4062,19851,11308,-0.04181848,-0.03860046,-0.05116595,-0.04181848,-9810.4062,234594.9955,OK,0.0000,294.3122,3.0000,97.0000,AG03-UNRESOLVED,ALL5_LEVELS_bet23_to_bet27,294.3122,294.3122,294.3122,392.4162,490.5203,3.000000,3.000000,3.000000,4.000000,5.000000,97.000000,97.000000,97.000000,96.000000,95.000000,5.0,1765.8731,1644.6383,8044.5331,8165.7679,PENDING_AG03,FALSE,NOT_FOR_ENFORCEMENT,9516.0940,164454.1300,9810.4062,9516.0940,294.3122,0.04181848,0.04056393,294.3122,9516.0940,0.04056393,294.3122,294.3122,294.3122,392.4162,490.5203,9516.0940,0.04056393,1765.8731,1644.6383,8044.5331,8165.7679,0.03429115,0.03480794,0.00125455,11.8178,14.9930,0.8676,208.7320,5.3202,4991.3829,240.5957,12.7170,9.8041,2.5818,2.84,3.3563,4.9054,16.007,177.8754,0.2582,0.0,5.636364,62.633151,4.16126,29,188,6,10,0.74390005,0.04181848,0.03860046,0E-8,0.000000,0.722694,0.000000,0.01256549,2026-05-12,2026-08-02,47,1844,580,83,0.566265,1.297104,1.076088,2.479667,,,,,,,,GLOBAL_BASELINE_NO_ENTITY_RANKING,,,NOT_APPLICABLE_GLOBAL_BASELINE,HF9g-P5,,,,X 全窗基线 · 不参与实体赏罚,15059859,1506,A168_HF9F_20260827_0900,2026-08-27 09:00:00
2026-07-25,17529000,2141,0,244.4943588155,86.2184700385,86.2184700385,0.4545455,20,14,0.50239288726205857,0.501863128571,-0.317387597691603,-0.31387212045370977,-0.317387597691603,0.00052975869105857,ELIGIBLE,R03b_20260811_FULL_v1,L1_ELIGIBILITY,v2026-08-11,2026-03-21..2026-08-06,baccarat_bet02_101_all_pairs_incl_sentinel,round_win = game_pnl > 0 (decisive only),COMPATIBILITY_ONLY_NOT_PRODUCTION,234594.9955,169540.3402,9810.4062,19851,11308,-0.04181848,-0.03860046,-0.05116595,-0.04181848,-9810.4062,234594.9955,OK,0.0000,294.3122,3.0000,97.0000,AG03-UNRESOLVED,ALL5_LEVELS_bet23_to_bet27,294.3122,294.3122,294.3122,392.4162,490.5203,3.000000,3.000000,3.000000,4.000000,5.000000,97.000000,97.000000,97.000000,96.000000,95.000000,5.0,1765.8731,1644.6383,8044.5331,8165.7679,PENDING_AG03,FALSE,NOT_FOR_ENFORCEMENT,9516.0940,164454.1300,9810.4062,9516.0940,294.3122,0.04181848,0.04056393,294.3122,9516.0940,0.04056393,294.3122,294.3122,294.3122,392.4162,490.5203,9516.0940,0.04056393,1765.8731,1644.6383,8044.5331,8165.7679,0.03429115,0.03480794,0.00125455,11.8178,14.9930,0.8676,208.7320,5.3202,4991.3829,240.5957,12.7170,9.8041,2.5818,2.84,3.3563,4.9054,16.007,177.8754,0.2582,0.0,5.636364,62.633151,4.16126,29,188,6,10,0.74390005,0.04181848,0.03860046,0E-8,0.000000,0.722694,0.000000,0.01256549,2026-05-12,2026-08-02,47,1844,580,83,0.566265,1.297104,1.076088,2.479667,,,,,,,,GLOBAL_BASELINE_NO_ENTITY_RANKING,,,NOT_APPLICABLE_GLOBAL_BASELINE,HF9g-P5,,,,X 全窗基线 · 不参与实体赏罚,15059860,1506,A168_HF9F_20260827_0900,2026-08-27 09:00:00
2026-07-25,17529000,2142,0,54.4755118374,22.8487336380,22.8487336380,0.6000000,8,5,0.49958754982496309,0.499948100000,0.44905828154064337,0.44744570176651083,0.44905828154064337,-0.00036055017503691,ELIGIBLE,R03b_20260811_FULL_v1,L1_ELIGIBILITY,v2026-08-11,2026-03-21..2026-08-06,baccarat_bet02_101_all_pairs_incl_sentinel,round_win = game_pnl > 0 (decisive only),COMPATIBILITY_ONLY_NOT_PRODUCTION,234594.9955,169540.3402,9810.4062,19851,11308,-0.04181848,-0.03860046,-0.05116595,-0.04181848,-9810.4062,234594.9955,OK,0.0000,294.3122,3.0000,97.0000,AG03-UNRESOLVED,ALL5_LEVELS_bet23_to_bet27,294.3122,294.3122,294.3122,392.4162,490.5203,3.000000,3.000000,3.000000,4.000000,5.000000,97.000000,97.000000,97.000000,96.000000,95.000000,5.0,1765.8731,1644.6383,8044.5331,8165.7679,PENDING_AG03,FALSE,NOT_FOR_ENFORCEMENT,9516.0940,164454.1300,9810.4062,9516.0940,294.3122,0.04181848,0.04056393,294.3122,9516.0940,0.04056393,294.3122,294.3122,294.3122,392.4162,490.5203,9516.0940,0.04056393,1765.8731,1644.6383,8044.5331,8165.7679,0.03429115,0.03480794,0.00125455,11.8178,14.9930,0.8676,208.7320,5.3202,4991.3829,240.5957,12.7170,9.8041,2.5818,2.84,3.3563,4.9054,16.007,177.8754,0.2582,0.0,5.636364,62.633151,4.16126,29,188,6,10,0.74390005,0.04181848,0.03860046,0E-8,0.000000,0.722694,0.000000,0.01256549,2026-05-12,2026-08-02,47,1844,580,83,0.566265,1.297104,1.076088,2.479667,,,,,,,,GLOBAL_BASELINE_NO_ENTITY_RANKING,,,NOT_APPLICABLE_GLOBAL_BASELINE,HF9g-P5,,,,X 全窗基线 · 不参与实体赏罚,15059861,1506,A168_HF9F_20260827_0900,2026-08-27 09:00:00
2026-07-25,17529000,2145,0,275.9920481242,42.2378850076,42.2378850076,0.6000000,44,27,0.50020274999619110,0.500444588889,0.9979725820865298,0.9955545046712513,0.9979725820865298,-0.00024183889280890,ELIGIBLE,R03b_20260811_FULL_v1,L1_ELIGIBILITY,v2026-08-11,2026-03-21..2026-08-06,baccarat_bet02_101_all_pairs_incl_sentinel,round_win = game_pnl > 0 (decisive only),COMPATIBILITY_ONLY_NOT_PRODUCTION,234594.9955,169540.3402,9810.4062,19851,11308,-0.04181848,-0.03860046,-0.05116595,-0.04181848,-9810.4062,234594.9955,OK,0.0000,294.3122,3.0000,97.0000,AG03-UNRESOLVED,ALL5_LEVELS_bet23_to_bet27,294.3122,294.3122,294.3122,392.4162,490.5203,3.000000,3.000000,3.000000,4.000000,5.000000,97.000000,97.000000,97.000000,96.000000,95.000000,5.0,1765.8731,1644.6383,8044.5331,8165.7679,PENDING_AG03,FALSE,NOT_FOR_ENFORCEMENT,9516.0940,164454.1300,9810.4062,9516.0940,294.3122,0.04181848,0.04056393,294.3122,9516.0940,0.04056393,294.3122,294.3122,294.3122,392.4162,490.5203,9516.0940,0.04056393,1765.8731,1644.6383,8044.5331,8165.7679,0.03429115,0.03480794,0.00125455,11.8178,14.9930,0.8676,208.7320,5.3202,4991.3829,240.5957,12.7170,9.8041,2.5818,2.84,3.3563,4.9054,16.007,177.8754,0.2582,0.0,5.636364,62.633151,4.16126,29,188,6,10,0.74390005,0.04181848,0.03860046,0E-8,0.000000,0.722694,0.000000,0.01256549,2026-05-12,2026-08-02,47,1844,580,83,0.566265,1.297104,1.076088,2.479667,,,,,,,,GLOBAL_BASELINE_NO_ENTITY_RANKING,,,NOT_APPLICABLE_GLOBAL_BASELINE,HF9g-P5,,,,X 全窗基线 · 不参与实体赏罚,15059862,1506,A168_HF9F_20260827_0900,2026-08-27 09:00:00
2026-07-25,17529000,2152,0,38.2103116206,9.5783956833,9.5783956833,0.6000000,11,6,0.49905442000000000,0.498831000000,0.451443165107121,0.4524427590143007,0.451443165107121,0.00022342000000000,ELIGIBLE,R03b_20260811_FULL_v1,L1_ELIGIBILITY,v2026-08-11,2026-03-21..2026-08-06,baccarat_bet02_101_all_pairs_incl_sentinel,round_win = game_pnl > 0 (decisive only),COMPATIBILITY_ONLY_NOT_PRODUCTION,234594.9955,169540.3402,9810.4062,19851,11308,-0.04181848,-0.03860046,-0.05116595,-0.04181848,-9810.4062,234594.9955,OK,0.0000,294.3122,3.0000,97.0000,AG03-UNRESOLVED,ALL5_LEVELS_bet23_to_bet27,294.3122,294.3122,294.3122,392.4162,490.5203,3.000000,3.000000,3.000000,4.000000,5.000000,97.000000,97.000000,97.000000,96.000000,95.000000,5.0,1765.8731,1644.6383,8044.5331,8165.7679,PENDING_AG03,FALSE,NOT_FOR_ENFORCEMENT,9516.0940,164454.1300,9810.4062,9516.0940,294.3122,0.04181848,0.04056393,294.3122,9516.0940,0.04056393,294.3122,294.3122,294.3122,392.4162,490.5203,9516.0940,0.04056393,1765.8731,1644.6383,8044.5331,8165.7679,0.03429115,0.03480794,0.00125455,11.8178,14.9930,0.8676,208.7320,5.3202,4991.3829,240.5957,12.7170,9.8041,2.5818,2.84,3.3563,4.9054,16.007,177.8754,0.2582,0.0,5.636364,62.633151,4.16126,29,188,6,10,0.74390005,0.04181848,0.03860046,0E-8,0.000000,0.722694,0.000000,0.01256549,2026-05-12,2026-08-02,47,1844,580,83,0.566265,1.297104,1.076088,2.479667,,,,,,,,GLOBAL_BASELINE_NO_ENTITY_RANKING,,,NOT_APPLICABLE_GLOBAL_BASELINE,HF9g-P5,,,,X 全窗基线 · 不参与实体赏罚,15059863,1506,A168_HF9F_20260827_0900,2026-08-27 09:00:00
2026-07-25,17529000,2169,0,13.4252446234,0.2969044484,0.2969044484,0.5000000,4,2,0.50148721555554131,0.499948100000,-0.004206499425634576,0.00014679536856514622,-0.004206499425634576,0.00153911555554131,ELIGIBLE,R03b_20260811_FULL_v1,L1_ELIGIBILITY,v2026-08-11,2026-03-21..2026-08-06,baccarat_bet02_101_all_pairs_incl_sentinel,round_win = game_pnl > 0 (decisive only),COMPATIBILITY_ONLY_NOT_PRODUCTION,234594.9955,169540.3402,9810.4062,19851,11308,-0.04181848,-0.03860046,-0.05116595,-0.04181848,-9810.4062,234594.9955,OK,0.0000,294.3122,3.0000,97.0000,AG03-UNRESOLVED,ALL5_LEVELS_bet23_to_bet27,294.3122,294.3122,294.3122,392.4162,490.5203,3.000000,3.000000,3.000000,4.000000,5.000000,97.000000,97.000000,97.000000,96.000000,95.000000,5.0,1765.8731,1644.6383,8044.5331,8165.7679,PENDING_AG03,FALSE,NOT_FOR_ENFORCEMENT,9516.0940,164454.1300,9810.4062,9516.0940,294.3122,0.04181848,0.04056393,294.3122,9516.0940,0.04056393,294.3122,294.3122,294.3122,392.4162,490.5203,9516.0940,0.04056393,1765.8731,1644.6383,8044.5331,8165.7679,0.03429115,0.03480794,0.00125455,11.8178,14.9930,0.8676,208.7320,5.3202,4991.3829,240.5957,12.7170,9.8041,2.5818,2.84,3.3563,4.9054,16.007,177.8754,0.2582,0.0,5.636364,62.633151,4.16126,29,188,6,10,0.74390005,0.04181848,0.03860046,0E-8,0.000000,0.722694,0.000000,0.01256549,2026-05-12,2026-08-02,47,1844,580,83,0.566265,1.297104,1.076088,2.479667,,,,,,,,GLOBAL_BASELINE_NO_ENTITY_RANKING,,,NOT_APPLICABLE_GLOBAL_BASELINE,HF9g-P5,,,,X 全窗基线 · 不参与实体赏罚,15059864,1506,A168_HF9F_20260827_0900,2026-08-27 09:00:00
2026-07-25,17529000,2174,0,32.2722226524,-4.3244778353,-4.3244778353,0.2000000,10,6,0.50285008830205248,0.502182300000,-1.3544087727830874,-1.351413200886205,-1.3544087727830874,0.00066778830205248,ELIGIBLE,R03b_20260811_FULL_v1,L1_ELIGIBILITY,v2026-08-11,2026-03-21..2026-08-06,baccarat_bet02_101_all_pairs_incl_sentinel,round_win = game_pnl > 0 (decisive only),COMPATIBILITY_ONLY_NOT_PRODUCTION,234594.9955,169540.3402,9810.4062,19851,11308,-0.04181848,-0.03860046,-0.05116595,-0.04181848,-9810.4062,234594.9955,OK,0.0000,294.3122,3.0000,97.0000,AG03-UNRESOLVED,ALL5_LEVELS_bet23_to_bet27,294.3122,294.3122,294.3122,392.4162,490.5203,3.000000,3.000000,3.000000,4.000000,5.000000,97.000000,97.000000,97.000000,96.000000,95.000000,5.0,1765.8731,1644.6383,8044.5331,8165.7679,PENDING_AG03,FALSE,NOT_FOR_ENFORCEMENT,9516.0940,164454.1300,9810.4062,9516.0940,294.3122,0.04181848,0.04056393,294.3122,9516.0940,0.04056393,294.3122,294.3122,294.3122,392.4162,490.5203,9516.0940,0.04056393,1765.8731,1644.6383,8044.5331,8165.7679,0.03429115,0.03480794,0.00125455,11.8178,14.9930,0.8676,208.7320,5.3202,4991.3829,240.5957,12.7170,9.8041,2.5818,2.84,3.3563,4.9054,16.007,177.8754,0.2582,0.0,5.636364,62.633151,4.16126,29,188,6,10,0.74390005,0.04181848,0.03860046,0E-8,0.000000,0.722694,0.000000,0.01256549,2026-05-12,2026-08-02,47,1844,580,83,0.566265,1.297104,1.076088,2.479667,,,,,,,,GLOBAL_BASELINE_NO_ENTITY_RANKING,,,NOT_APPLICABLE_GLOBAL_BASELINE,HF9g-P5,,,,X 全窗基线 · 不参与实体赏罚,15059865,1506,A168_HF9F_20260827_0900,2026-08-27 09:00:00
2026-07-25,17529000,2175,0,37.6939560582,-2.9432267059,-2.9432267059,0.3333333,12,6,0.50109736147699978,0.499948100000,-0.821874511700391,-0.8162423282897021,-0.821874511700391,0.00114926147699978,ELIGIBLE,R03b_20260811_FULL_v1,L1_ELIGIBILITY,v2026-08-11,2026-03-21..2026-08-06,baccarat_bet02_101_all_pairs_incl_sentinel,round_win = game_pnl > 0 (decisive only),COMPATIBILITY_ONLY_NOT_PRODUCTION,234594.9955,169540.3402,9810.4062,19851,11308,-0.04181848,-0.03860046,-0.05116595,-0.04181848,-9810.4062,234594.9955,OK,0.0000,294.3122,3.0000,97.0000,AG03-UNRESOLVED,ALL5_LEVELS_bet23_to_bet27,294.3122,294.3122,294.3122,392.4162,490.5203,3.000000,3.000000,3.000000,4.000000,5.000000,97.000000,97.000000,97.000000,96.000000,95.000000,5.0,1765.8731,1644.6383,8044.5331,8165.7679,PENDING_AG03,FALSE,NOT_FOR_ENFORCEMENT,9516.0940,164454.1300,9810.4062,9516.0940,294.3122,0.04181848,0.04056393,294.3122,9516.0940,0.04056393,294.3122,294.3122,294.3122,392.4162,490.5203,9516.0940,0.04056393,1765.8731,1644.6383,8044.5331,8165.7679,0.03429115,0.03480794,0.00125455,11.8178,14.9930,0.8676,208.7320,5.3202,4991.3829,240.5957,12.7170,9.8041,2.5818,2.84,3.3563,4.9054,16.007,177.8754,0.2582,0.0,5.636364,62.633151,4.16126,29,188,6,10,0.74390005,0.04181848,0.03860046,0E-8,0.000000,0.722694,0.000000,0.01256549,2026-05-12,2026-08-02,47,1844,580,83,0.566265,1.297104,1.076088,2.479667,,,,,,,,GLOBAL_BASELINE_NO_ENTITY_RANKING,,,NOT_APPLICABLE_GLOBAL_BASELINE,HF9g-P5,,,,X 全窗基线 · 不参与实体赏罚,15059866,1506,A168_HF9F_20260827_0900,2026-08-27 09:00:00
2026-07-25,17529000,2196,0,104.3038236127,-4.3890222805,-4.3890222805,0.5333333,34,18,0.50018747980665735,0.499948100000,0.25674669545790735,0.25860090681163744,0.25674669545790735,0.00023937980665735,ELIGIBLE,R03b_20260811_FULL_v1,L1_ELIGIBILITY,v2026-08-11,2026-03-21..2026-08-06,baccarat_bet02_101_all_pairs_incl_sentinel,round_win = game_pnl > 0 (decisive only),COMPATIBILITY_ONLY_NOT_PRODUCTION,234594.9955,169540.3402,9810.4062,19851,11308,-0.04181848,-0.03860046,-0.05116595,-0.04181848,-9810.4062,234594.9955,OK,0.0000,294.3122,3.0000,97.0000,AG03-UNRESOLVED,ALL5_LEVELS_bet23_to_bet27,294.3122,294.3122,294.3122,392.4162,490.5203,3.000000,3.000000,3.000000,4.000000,5.000000,97.000000,97.000000,97.000000,96.000000,95.000000,5.0,1765.8731,1644.6383,8044.5331,8165.7679,PENDING_AG03,FALSE,NOT_FOR_ENFORCEMENT,9516.0940,164454.1300,9810.4062,9516.0940,294.3122,0.04181848,0.04056393,294.3122,9516.0940,0.04056393,294.3122,294.3122,294.3122,392.4162,490.5203,9516.0940,0.04056393,1765.8731,1644.6383,8044.5331,8165.7679,0.03429115,0.03480794,0.00125455,11.8178,14.9930,0.8676,208.7320,5.3202,4991.3829,240.5957,12.7170,9.8041,2.5818,2.84,3.3563,4.9054,16.007,177.8754,0.2582,0.0,5.636364,62.633151,4.16126,29,188,6,10,0.74390005,0.04181848,0.03860046,0E-8,0.000000,0.722694,0.000000,0.01256549,2026-05-12,2026-08-02,47,1844,580,83,0.566265,1.297104,1.076088,2.479667,,,,,,,,GLOBAL_BASELINE_NO_ENTITY_RANKING,,,NOT_APPLICABLE_GLOBAL_BASELINE,HF9g-P5,,,,X 全窗基线 · 不参与实体赏罚,15059867,1506,A168_HF9F_20260827_0900,2026-08-27 09:00:00
2026-07-25,17529000,2201,0,29.9486226215,1.5877933545,1.5877933545,0.2500000,9,5,0.50226946333760566,0.501288620000,-1.0090882479490264,-1.0051578182180947,-1.0090882479490264,0.00098084333760566,ELIGIBLE,R03b_20260811_FULL_v1,L1_ELIGIBILITY,v2026-08-11,2026-03-21..2026-08-06,baccarat_bet02_101_all_pairs_incl_sentinel,round_win = game_pnl > 0 (decisive only),COMPATIBILITY_ONLY_NOT_PRODUCTION,234594.9955,169540.3402,9810.4062,19851,11308,-0.04181848,-0.03860046,-0.05116595,-0.04181848,-9810.4062,234594.9955,OK,0.0000,294.3122,3.0000,97.0000,AG03-UNRESOLVED,ALL5_LEVELS_bet23_to_bet27,294.3122,294.3122,294.3122,392.4162,490.5203,3.000000,3.000000,3.000000,4.000000,5.000000,97.000000,97.000000,97.000000,96.000000,95.000000,5.0,1765.8731,1644.6383,8044.5331,8165.7679,PENDING_AG03,FALSE,NOT_FOR_ENFORCEMENT,9516.0940,164454.1300,9810.4062,9516.0940,294.3122,0.04181848,0.04056393,294.3122,9516.0940,0.04056393,294.3122,294.3122,294.3122,392.4162,490.5203,9516.0940,0.04056393,1765.8731,1644.6383,8044.5331,8165.7679,0.03429115,0.03480794,0.00125455,11.8178,14.9930,0.8676,208.7320,5.3202,4991.3829,240.5957,12.7170,9.8041,2.5818,2.84,3.3563,4.9054,16.007,177.8754,0.2582,0.0,5.636364,62.633151,4.16126,29,188,6,10,0.74390005,0.04181848,0.03860046,0E-8,0.000000,0.722694,0.000000,0.01256549,2026-05-12,2026-08-02,47,1844,580,83,0.566265,1.297104,1.076088,2.479667,,,,,,,,GLOBAL_BASELINE_NO_ENTITY_RANKING,,,NOT_APPLICABLE_GLOBAL_BASELINE,HF9g-P5,,,,X 全窗基线 · 不参与实体赏罚,15059868,1506,A168_HF9F_20260827_0900,2026-08-27 09:00:00
2026-07-25,17529000,2205,0,44.4065783699,2.4655978105,2.4655978105,0.5000000,14,8,0.49944072748768907,0.499948100000,0.0031637250670271742,0.00029359073713029245,0.0031637250670271742,-0.00050737251231093,ELIGIBLE,R03b_20260811_FULL_v1,L1_ELIGIBILITY,v2026-08-11,2026-03-21..2026-08-06,baccarat_bet02_101_all_pairs_incl_sentinel,round_win = game_pnl > 0 (decisive only),COMPATIBILITY_ONLY_NOT_PRODUCTION,234594.9955,169540.3402,9810.4062,19851,11308,-0.04181848,-0.03860046,-0.05116595,-0.04181848,-9810.4062,234594.9955,OK,0.0000,294.3122,3.0000,97.0000,AG03-UNRESOLVED,ALL5_LEVELS_bet23_to_bet27,294.3122,294.3122,294.3122,392.4162,490.5203,3.000000,3.000000,3.000000,4.000000,5.000000,97.000000,97.000000,97.000000,96.000000,95.000000,5.0,1765.8731,1644.6383,8044.5331,8165.7679,PENDING_AG03,FALSE,NOT_FOR_ENFORCEMENT,9516.0940,164454.1300,9810.4062,9516.0940,294.3122,0.04181848,0.04056393,294.3122,9516.0940,0.04056393,294.3122,294.3122,294.3122,392.4162,490.5203,9516.0940,0.04056393,1765.8731,1644.6383,8044.5331,8165.7679,0.03429115,0.03480794,0.00125455,11.8178,14.9930,0.8676,208.7320,5.3202,4991.3829,240.5957,12.7170,9.8041,2.5818,2.84,3.3563,4.9054,16.007,177.8754,0.2582,0.0,5.636364,62.633151,4.16126,29,188,6,10,0.74390005,0.04181848,0.03860046,0E-8,0.000000,0.722694,0.000000,0.01256549,2026-05-12,2026-08-02,47,1844,580,83,0.566265,1.297104,1.076088,2.479667,,,,,,,,GLOBAL_BASELINE_NO_ENTITY_RANKING,,,NOT_APPLICABLE_GLOBAL_BASELINE,HF9g-P5,,,,X 全窗基线 · 不参与实体赏罚,15059869,1506,A168_HF9F_20260827_0900,2026-08-27 09:00:00
2026-07-25,17529000,2209,0,35.8867115895,1.1230733484,1.1230733484,0.6666667,12,6,0.50079046910731236,0.499948100000,0.8126251045112948,0.8167508423630434,0.8126251045112948,0.00084236910731236,ELIGIBLE,R03b_20260811_FULL_v1,L1_ELIGIBILITY,v2026-08-11,2026-03-21..2026-08-06,baccarat_bet02_101_all_pairs_incl_sentinel,round_win = game_pnl > 0 (decisive only),COMPATIBILITY_ONLY_NOT_PRODUCTION,234594.9955,169540.3402,9810.4062,19851,11308,-0.04181848,-0.03860046,-0.05116595,-0.04181848,-9810.4062,234594.9955,OK,0.0000,294.3122,3.0000,97.0000,AG03-UNRESOLVED,ALL5_LEVELS_bet23_to_bet27,294.3122,294.3122,294.3122,392.4162,490.5203,3.000000,3.000000,3.000000,4.000000,5.000000,97.000000,97.000000,97.000000,96.000000,95.000000,5.0,1765.8731,1644.6383,8044.5331,8165.7679,PENDING_AG03,FALSE,NOT_FOR_ENFORCEMENT,9516.0940,164454.1300,9810.4062,9516.0940,294.3122,0.04181848,0.04056393,294.3122,9516.0940,0.04056393,294.3122,294.3122,294.3122,392.4162,490.5203,9516.0940,0.04056393,1765.8731,1644.6383,8044.5331,8165.7679,0.03429115,0.03480794,0.00125455,11.8178,14.9930,0.8676,208.7320,5.3202,4991.3829,240.5957,12.7170,9.8041,2.5818,2.84,3.3563,4.9054,16.007,177.8754,0.2582,0.0,5.636364,62.633151,4.16126,29,188,6,10,0.74390005,0.04181848,0.03860046,0E-8,0.000000,0.722694,0.000000,0.01256549,2026-05-12,2026-08-02,47,1844,580,83,0.566265,1.297104,1.076088,2.479667,,,,,,,,GLOBAL_BASELINE_NO_ENTITY_RANKING,,,NOT_APPLICABLE_GLOBAL_BASELINE,HF9g-P5,,,,X 全窗基线 · 不参与实体赏罚,15059870,1506,A168_HF9F_20260827_0900,2026-08-27 09:00:00
2026-07-25,17529000,2212,0,860.7647225877,107.7892236596,107.7892236596,0.3888889,28,19,0.50295017350166505,0.502770247368,-0.9678589415596023,-0.9663302018482957,-0.9678589415596023,0.00017992613366505,ELIGIBLE,R03b_20260811_FULL_v1,L1_ELIGIBILITY,v2026-08-11,2026-03-21..2026-08-06,baccarat_bet02_101_all_pairs_incl_sentinel,round_win = game_pnl > 0 (decisive only),COMPATIBILITY_ONLY_NOT_PRODUCTION,234594.9955,169540.3402,9810.4062,19851,11308,-0.04181848,-0.03860046,-0.05116595,-0.04181848,-9810.4062,234594.9955,OK,0.0000,294.3122,3.0000,97.0000,AG03-UNRESOLVED,ALL5_LEVELS_bet23_to_bet27,294.3122,294.3122,294.3122,392.4162,490.5203,3.000000,3.000000,3.000000,4.000000,5.000000,97.000000,97.000000,97.000000,96.000000,95.000000,5.0,1765.8731,1644.6383,8044.5331,8165.7679,PENDING_AG03,FALSE,NOT_FOR_ENFORCEMENT,9516.0940,164454.1300,9810.4062,9516.0940,294.3122,0.04181848,0.04056393,294.3122,9516.0940,0.04056393,294.3122,294.3122,294.3122,392.4162,490.5203,9516.0940,0.04056393,1765.8731,1644.6383,8044.5331,8165.7679,0.03429115,0.03480794,0.00125455,11.8178,14.9930,0.8676,208.7320,5.3202,4991.3829,240.5957,12.7170,9.8041,2.5818,2.84,3.3563,4.9054,16.007,177.8754,0.2582,0.0,5.636364,62.633151,4.16126,29,188,6,10,0.74390005,0.04181848,0.03860046,0E-8,0.000000,0.722694,0.000000,0.01256549,2026-05-12,2026-08-02,47,1844,580,83,0.566265,1.297104,1.076088,2.479667,,,,,,,,GLOBAL_BASELINE_NO_ENTITY_RANKING,,,NOT_APPLICABLE_GLOBAL_BASELINE,HF9g-P5,,,,X 全窗基线 · 不参与实体赏罚,15059871,1506,A168_HF9F_20260827_0900,2026-08-27 09:00:00
2026-07-25,17529000,2220,0,78.4860454908,5.0086489557,5.0086489557,0.4444444,15,10,0.50380191990594628,0.503299400000,-0.35615514907469564,-0.3531374219534889,-0.35615514907469564,0.00050251990594628,ELIGIBLE,R03b_20260811_FULL_v1,L1_ELIGIBILITY,v2026-08-11,2026-03-21..2026-08-06,baccarat_bet02_101_all_pairs_incl_sentinel,round_win = game_pnl > 0 (decisive only),COMPATIBILITY_ONLY_NOT_PRODUCTION,234594.9955,169540.3402,9810.4062,19851,11308,-0.04181848,-0.03860046,-0.05116595,-0.04181848,-9810.4062,234594.9955,OK,0.0000,294.3122,3.0000,97.0000,AG03-UNRESOLVED,ALL5_LEVELS_bet23_to_bet27,294.3122,294.3122,294.3122,392.4162,490.5203,3.000000,3.000000,3.000000,4.000000,5.000000,97.000000,97.000000,97.000000,96.000000,95.000000,5.0,1765.8731,1644.6383,8044.5331,8165.7679,PENDING_AG03,FALSE,NOT_FOR_ENFORCEMENT,9516.0940,164454.1300,9810.4062,9516.0940,294.3122,0.04181848,0.04056393,294.3122,9516.0940,0.04056393,294.3122,294.3122,294.3122,392.4162,490.5203,9516.0940,0.04056393,1765.8731,1644.6383,8044.5331,8165.7679,0.03429115,0.03480794,0.00125455,11.8178,14.9930,0.8676,208.7320,5.3202,4991.3829,240.5957,12.7170,9.8041,2.5818,2.84,3.3563,4.9054,16.007,177.8754,0.2582,0.0,5.636364,62.633151,4.16126,29,188,6,10,0.74390005,0.04181848,0.03860046,0E-8,0.000000,0.722694,0.000000,0.01256549,2026-05-12,2026-08-02,47,1844,580,83,0.566265,1.297104,1.076088,2.479667,,,,,,,,GLOBAL_BASELINE_NO_ENTITY_RANKING,,,NOT_APPLICABLE_GLOBAL_BASELINE,HF9g-P5,,,,X 全窗基线 · 不参与实体赏罚,15059872,1506,A168_HF9F_20260827_0900,2026-08-27 09:00:00
2026-07-25,17529000,2222,0,5.6799111868,-0.6454444530,-0.6454444530,0E-7,2,1,0.49933877272731564,0.499948100000,-0.998678418742378,-0.9998962053866608,-0.998678418742378,-0.00060932727268436,ELIGIBLE,R03b_20260811_FULL_v1,L1_ELIGIBILITY,v2026-08-11,2026-03-21..2026-08-06,baccarat_bet02_101_all_pairs_incl_sentinel,round_win = game_pnl > 0 (decisive only),COMPATIBILITY_ONLY_NOT_PRODUCTION,234594.9955,169540.3402,9810.4062,19851,11308,-0.04181848,-0.03860046,-0.05116595,-0.04181848,-9810.4062,234594.9955,OK,0.0000,294.3122,3.0000,97.0000,AG03-UNRESOLVED,ALL5_LEVELS_bet23_to_bet27,294.3122,294.3122,294.3122,392.4162,490.5203,3.000000,3.000000,3.000000,4.000000,5.000000,97.000000,97.000000,97.000000,96.000000,95.000000,5.0,1765.8731,1644.6383,8044.5331,8165.7679,PENDING_AG03,FALSE,NOT_FOR_ENFORCEMENT,9516.0940,164454.1300,9810.4062,9516.0940,294.3122,0.04181848,0.04056393,294.3122,9516.0940,0.04056393,294.3122,294.3122,294.3122,392.4162,490.5203,9516.0940,0.04056393,1765.8731,1644.6383,8044.5331,8165.7679,0.03429115,0.03480794,0.00125455,11.8178,14.9930,0.8676,208.7320,5.3202,4991.3829,240.5957,12.7170,9.8041,2.5818,2.84,3.3563,4.9054,16.007,177.8754,0.2582,0.0,5.636364,62.633151,4.16126,29,188,6,10,0.74390005,0.04181848,0.03860046,0E-8,0.000000,0.722694,0.000000,0.01256549,2026-05-12,2026-08-02,47,1844,580,83,0.566265,1.297104,1.076088,2.479667,,,,,,,,GLOBAL_BASELINE_NO_ENTITY_RANKING,,,NOT_APPLICABLE_GLOBAL_BASELINE,HF9g-P5,,,,X 全窗基线 · 不参与实体赏罚,15059873,1506,A168_HF9F_20260827_0900,2026-08-27 09:00:00
2026-07-25,17529000,2224,0,11.3598223737,-0.6583533421,-0.6583533421,0.5000000,4,2,0.50054481180125009,0.499948100000,-0.0015409613913138648,0.00014679536856514622,-0.0015409613913138648,0.00059671180125009,ELIGIBLE,R03b_20260811_FULL_v1,L1_ELIGIBILITY,v2026-08-11,2026-03-21..2026-08-06,baccarat_bet02_101_all_pairs_incl_sentinel,round_win = game_pnl > 0 (decisive only),COMPATIBILITY_ONLY_NOT_PRODUCTION,234594.9955,169540.3402,9810.4062,19851,11308,-0.04181848,-0.03860046,-0.05116595,-0.04181848,-9810.4062,234594.9955,OK,0.0000,294.3122,3.0000,97.0000,AG03-UNRESOLVED,ALL5_LEVELS_bet23_to_bet27,294.3122,294.3122,294.3122,392.4162,490.5203,3.000000,3.000000,3.000000,4.000000,5.000000,97.000000,97.000000,97.000000,96.000000,95.000000,5.0,1765.8731,1644.6383,8044.5331,8165.7679,PENDING_AG03,FALSE,NOT_FOR_ENFORCEMENT,9516.0940,164454.1300,9810.4062,9516.0940,294.3122,0.04181848,0.04056393,294.3122,9516.0940,0.04056393,294.3122,294.3122,294.3122,392.4162,490.5203,9516.0940,0.04056393,1765.8731,1644.6383,8044.5331,8165.7679,0.03429115,0.03480794,0.00125455,11.8178,14.9930,0.8676,208.7320,5.3202,4991.3829,240.5957,12.7170,9.8041,2.5818,2.84,3.3563,4.9054,16.007,177.8754,0.2582,0.0,5.636364,62.633151,4.16126,29,188,6,10,0.74390005,0.04181848,0.03860046,0E-8,0.000000,0.722694,0.000000,0.01256549,2026-05-12,2026-08-02,47,1844,580,83,0.566265,1.297104,1.076088,2.479667,,,,,,,,GLOBAL_BASELINE_NO_ENTITY_RANKING,,,NOT_APPLICABLE_GLOBAL_BASELINE,HF9g-P5,,,,X 全窗基线 · 不参与实体赏罚,15059874,1506,A168_HF9F_20260827_0900,2026-08-27 09:00:00
2026-07-25,17529000,2234,0,46.9883561821,20.2540469367,20.2540469367,0.5000000,10,6,0.49950126000000000,0.499948100000,0.0024433182441413845,0.00025425703667063243,0.0024433182441413845,-0.00044684000000000,ELIGIBLE,R03b_20260811_FULL_v1,L1_ELIGIBILITY,v2026-08-11,2026-03-21..2026-08-06,baccarat_bet02_101_all_pairs_incl_sentinel,round_win = game_pnl > 0 (decisive only),COMPATIBILITY_ONLY_NOT_PRODUCTION,234594.9955,169540.3402,9810.4062,19851,11308,-0.04181848,-0.03860046,-0.05116595,-0.04181848,-9810.4062,234594.9955,OK,0.0000,294.3122,3.0000,97.0000,AG03-UNRESOLVED,ALL5_LEVELS_bet23_to_bet27,294.3122,294.3122,294.3122,392.4162,490.5203,3.000000,3.000000,3.000000,4.000000,5.000000,97.000000,97.000000,97.000000,96.000000,95.000000,5.0,1765.8731,1644.6383,8044.5331,8165.7679,PENDING_AG03,FALSE,NOT_FOR_ENFORCEMENT,9516.0940,164454.1300,9810.4062,9516.0940,294.3122,0.04181848,0.04056393,294.3122,9516.0940,0.04056393,294.3122,294.3122,294.3122,392.4162,490.5203,9516.0940,0.04056393,1765.8731,1644.6383,8044.5331,8165.7679,0.03429115,0.03480794,0.00125455,11.8178,14.9930,0.8676,208.7320,5.3202,4991.3829,240.5957,12.7170,9.8041,2.5818,2.84,3.3563,4.9054,16.007,177.8754,0.2582,0.0,5.636364,62.633151,4.16126,29,188,6,10,0.74390005,0.04181848,0.03860046,0E-8,0.000000,0.722694,0.000000,0.01256549,2026-05-12,2026-08-02,47,1844,580,83,0.566265,1.297104,1.076088,2.479667,,,,,,,,GLOBAL_BASELINE_NO_ENTITY_RANKING,,,NOT_APPLICABLE_GLOBAL_BASELINE,HF9g-P5,,,,X 全窗基线 · 不参与实体赏罚,15059875,1506,A168_HF9F_20260827_0900,2026-08-27 09:00:00
2026-07-25,17529000,2235,0,180.4662690727,60.9299563681,60.9299563681,0.1111111,14,10,0.50022690752669461,0.499948100000,-2.3346950189065176,-2.333021945901836,-2.3346950189065176,0.00027880752669461,ELIGIBLE,R03b_20260811_FULL_v1,L1_ELIGIBILITY,v2026-08-11,2026-03-21..2026-08-06,baccarat_bet02_101_all_pairs_incl_sentinel,round_win = game_pnl > 0 (decisive only),COMPATIBILITY_ONLY_NOT_PRODUCTION,234594.9955,169540.3402,9810.4062,19851,11308,-0.04181848,-0.03860046,-0.05116595,-0.04181848,-9810.4062,234594.9955,OK,0.0000,294.3122,3.0000,97.0000,AG03-UNRESOLVED,ALL5_LEVELS_bet23_to_bet27,294.3122,294.3122,294.3122,392.4162,490.5203,3.000000,3.000000,3.000000,4.000000,5.000000,97.000000,97.000000,97.000000,96.000000,95.000000,5.0,1765.8731,1644.6383,8044.5331,8165.7679,PENDING_AG03,FALSE,NOT_FOR_ENFORCEMENT,9516.0940,164454.1300,9810.4062,9516.0940,294.3122,0.04181848,0.04056393,294.3122,9516.0940,0.04056393,294.3122,294.3122,294.3122,392.4162,490.5203,9516.0940,0.04056393,1765.8731,1644.6383,8044.5331,8165.7679,0.03429115,0.03480794,0.00125455,11.8178,14.9930,0.8676,208.7320,5.3202,4991.3829,240.5957,12.7170,9.8041,2.5818,2.84,3.3563,4.9054,16.007,177.8754,0.2582,0.0,5.636364,62.633151,4.16126,29,188,6,10,0.74390005,0.04181848,0.03860046,0E-8,0.000000,0.722694,0.000000,0.01256549,2026-05-12,2026-08-02,47,1844,580,83,0.566265,1.297104,1.076088,2.479667,,,,,,,,GLOBAL_BASELINE_NO_ENTITY_RANKING,,,NOT_APPLICABLE_GLOBAL_BASELINE,HF9g-P5,,,,X 全窗基线 · 不参与实体赏罚,15059876,1506,A168_HF9F_20260827_0900,2026-08-27 09:00:00
2026-07-25,17529000,2241,0,60.1554230242,30.0777115122,30.0777115122,0.3333333,5,3,0.49637002030074616,0.497713900000,-0.5647905350569757,-0.5694369385616226,-0.5647905350569757,-0.00134387969925384,ELIGIBLE,R03b_20260811_FULL_v1,L1_ELIGIBILITY,v2026-08-11,2026-03-21..2026-08-06,baccarat_bet02_101_all_pairs_incl_sentinel,round_win = game_pnl > 0 (decisive only),COMPATIBILITY_ONLY_NOT_PRODUCTION,234594.9955,169540.3402,9810.4062,19851,11308,-0.04181848,-0.03860046,-0.05116595,-0.04181848,-9810.4062,234594.9955,OK,0.0000,294.3122,3.0000,97.0000,AG03-UNRESOLVED,ALL5_LEVELS_bet23_to_bet27,294.3122,294.3122,294.3122,392.4162,490.5203,3.000000,3.000000,3.000000,4.000000,5.000000,97.000000,97.000000,97.000000,96.000000,95.000000,5.0,1765.8731,1644.6383,8044.5331,8165.7679,PENDING_AG03,FALSE,NOT_FOR_ENFORCEMENT,9516.0940,164454.1300,9810.4062,9516.0940,294.3122,0.04181848,0.04056393,294.3122,9516.0940,0.04056393,294.3122,294.3122,294.3122,392.4162,490.5203,9516.0940,0.04056393,1765.8731,1644.6383,8044.5331,8165.7679,0.03429115,0.03480794,0.00125455,11.8178,14.9930,0.8676,208.7320,5.3202,4991.3829,240.5957,12.7170,9.8041,2.5818,2.84,3.3563,4.9054,16.007,177.8754,0.2582,0.0,5.636364,62.633151,4.16126,29,188,6,10,0.74390005,0.04181848,0.03860046,0E-8,0.000000,0.722694,0.000000,0.01256549,2026-05-12,2026-08-02,47,1844,580,83,0.566265,1.297104,1.076088,2.479667,,,,,,,,GLOBAL_BASELINE_NO_ENTITY_RANKING,,,NOT_APPLICABLE_GLOBAL_BASELINE,HF9g-P5,,,,X 全窗基线 · 不参与实体赏罚,15059877,1506,A168_HF9F_20260827_0900,2026-08-27 09:00:00
2026-07-25,17529000,2242,0,715.9269873234,226.2928252396,226.2928252396,0.3750000,11,8,0.50065462948051706,0.500785925000,-0.7108105339666612,-0.7115535233851875,-0.7108105339666612,-0.00013129551948294,ELIGIBLE,R03b_20260811_FULL_v1,L1_ELIGIBILITY,v2026-08-11,2026-03-21..2026-08-06,baccarat_bet02_101_all_pairs_incl_sentinel,round_win = game_pnl > 0 (decisive only),COMPATIBILITY_ONLY_NOT_PRODUCTION,234594.9955,169540.3402,9810.4062,19851,11308,-0.04181848,-0.03860046,-0.05116595,-0.04181848,-9810.4062,234594.9955,OK,0.0000,294.3122,3.0000,97.0000,AG03-UNRESOLVED,ALL5_LEVELS_bet23_to_bet27,294.3122,294.3122,294.3122,392.4162,490.5203,3.000000,3.000000,3.000000,4.000000,5.000000,97.000000,97.000000,97.000000,96.000000,95.000000,5.0,1765.8731,1644.6383,8044.5331,8165.7679,PENDING_AG03,FALSE,NOT_FOR_ENFORCEMENT,9516.0940,164454.1300,9810.4062,9516.0940,294.3122,0.04181848,0.04056393,294.3122,9516.0940,0.04056393,294.3122,294.3122,294.3122,392.4162,490.5203,9516.0940,0.04056393,1765.8731,1644.6383,8044.5331,8165.7679,0.03429115,0.03480794,0.00125455,11.8178,14.9930,0.8676,208.7320,5.3202,4991.3829,240.5957,12.7170,9.8041,2.5818,2.84,3.3563,4.9054,16.007,177.8754,0.2582,0.0,5.636364,62.633151,4.16126,29,188,6,10,0.74390005,0.04181848,0.03860046,0E-8,0.000000,0.722694,0.000000,0.01256549,2026-05-12,2026-08-02,47,1844,580,83,0.566265,1.297104,1.076088,2.479667,,,,,,,,GLOBAL_BASELINE_NO_ENTITY_RANKING,,,NOT_APPLICABLE_GLOBAL_BASELINE,HF9g-P5,,,,X 全窗基线 · 不参与实体赏罚,15059878,1506,A168_HF9F_20260827_0900,2026-08-27 09:00:00
2026-07-25,17529000,2246,0,12.9088890610,-0.7745333437,-0.7745333437,0E-7,4,2,0.50125408164251746,0.499948100000,-1.0025113166307258,-0.9998962053866608,-1.0025113166307258,0.00130598164251746,ELIGIBLE,R03b_20260811_FULL_v1,L1_ELIGIBILITY,v2026-08-11,2026-03-21..2026-08-06,baccarat_bet02_101_all_pairs_incl_sentinel,round_win = game_pnl > 0 (decisive only),COMPATIBILITY_ONLY_NOT_PRODUCTION,234594.9955,169540.3402,9810.4062,19851,11308,-0.04181848,-0.03860046,-0.05116595,-0.04181848,-9810.4062,234594.9955,OK,0.0000,294.3122,3.0000,97.0000,AG03-UNRESOLVED,ALL5_LEVELS_bet23_to_bet27,294.3122,294.3122,294.3122,392.4162,490.5203,3.000000,3.000000,3.000000,4.000000,5.000000,97.000000,97.000000,97.000000,96.000000,95.000000,5.0,1765.8731,1644.6383,8044.5331,8165.7679,PENDING_AG03,FALSE,NOT_FOR_ENFORCEMENT,9516.0940,164454.1300,9810.4062,9516.0940,294.3122,0.04181848,0.04056393,294.3122,9516.0940,0.04056393,294.3122,294.3122,294.3122,392.4162,490.5203,9516.0940,0.04056393,1765.8731,1644.6383,8044.5331,8165.7679,0.03429115,0.03480794,0.00125455,11.8178,14.9930,0.8676,208.7320,5.3202,4991.3829,240.5957,12.7170,9.8041,2.5818,2.84,3.3563,4.9054,16.007,177.8754,0.2582,0.0,5.636364,62.633151,4.16126,29,188,6,10,0.74390005,0.04181848,0.03860046,0E-8,0.000000,0.722694,0.000000,0.01256549,2026-05-12,2026-08-02,47,1844,580,83,0.566265,1.297104,1.076088,2.479667,,,,,,,,GLOBAL_BASELINE_NO_ENTITY_RANKING,,,NOT_APPLICABLE_GLOBAL_BASELINE,HF9g-P5,,,,X 全窗基线 · 不参与实体赏罚,15059879,1506,A168_HF9F_20260827_0900,2026-08-27 09:00:00
2026-07-25,17529000,2250,0,358.0925825521,41.5149872204,41.5149872204,0.4333333,57,32,0.50107200673563490,0.500576468750,-0.7420416942665925,-0.7366121316781382,-0.7420416942665925,0.00049553798563490,ELIGIBLE,R03b_20260811_FULL_v1,L1_ELIGIBILITY,v2026-08-11,2026-03-21..2026-08-06,baccarat_bet02_101_all_pairs_incl_sentinel,round_win = game_pnl > 0 (decisive only),COMPATIBILITY_ONLY_NOT_PRODUCTION,234594.9955,169540.3402,9810.4062,19851,11308,-0.04181848,-0.03860046,-0.05116595,-0.04181848,-9810.4062,234594.9955,OK,0.0000,294.3122,3.0000,97.0000,AG03-UNRESOLVED,ALL5_LEVELS_bet23_to_bet27,294.3122,294.3122,294.3122,392.4162,490.5203,3.000000,3.000000,3.000000,4.000000,5.000000,97.000000,97.000000,97.000000,96.000000,95.000000,5.0,1765.8731,1644.6383,8044.5331,8165.7679,PENDING_AG03,FALSE,NOT_FOR_ENFORCEMENT,9516.0940,164454.1300,9810.4062,9516.0940,294.3122,0.04181848,0.04056393,294.3122,9516.0940,0.04056393,294.3122,294.3122,294.3122,392.4162,490.5203,9516.0940,0.04056393,1765.8731,1644.6383,8044.5331,8165.7679,0.03429115,0.03480794,0.00125455,11.8178,14.9930,0.8676,208.7320,5.3202,4991.3829,240.5957,12.7170,9.8041,2.5818,2.84,3.3563,4.9054,16.007,177.8754,0.2582,0.0,5.636364,62.633151,4.16126,29,188,6,10,0.74390005,0.04181848,0.03860046,0E-8,0.000000,0.722694,0.000000,0.01256549,2026-05-12,2026-08-02,47,1844,580,83,0.566265,1.297104,1.076088,2.479667,,,,,,,,GLOBAL_BASELINE_NO_ENTITY_RANKING,,,NOT_APPLICABLE_GLOBAL_BASELINE,HF9g-P5,,,,X 全窗基线 · 不参与实体赏罚,15059880,1506,A168_HF9F_20260827_0900,2026-08-27 09:00:00
2026-07-25,17529000,2251,0,59.3808896805,30.4907959622,30.4907959622,0.6666667,10,6,0.50320837703702754,0.502182300000,0.8007952940772232,0.8058132132962729,0.8007952940772232,0.00102607703702754,ELIGIBLE,R03b_20260811_FULL_v1,L1_ELIGIBILITY,v2026-08-11,2026-03-21..2026-08-06,baccarat_bet02_101_all_pairs_incl_sentinel,round_win = game_pnl > 0 (decisive only),COMPATIBILITY_ONLY_NOT_PRODUCTION,234594.9955,169540.3402,9810.4062,19851,11308,-0.04181848,-0.03860046,-0.05116595,-0.04181848,-9810.4062,234594.9955,OK,0.0000,294.3122,3.0000,97.0000,AG03-UNRESOLVED,ALL5_LEVELS_bet23_to_bet27,294.3122,294.3122,294.3122,392.4162,490.5203,3.000000,3.000000,3.000000,4.000000,5.000000,97.000000,97.000000,97.000000,96.000000,95.000000,5.0,1765.8731,1644.6383,8044.5331,8165.7679,PENDING_AG03,FALSE,NOT_FOR_ENFORCEMENT,9516.0940,164454.1300,9810.4062,9516.0940,294.3122,0.04181848,0.04056393,294.3122,9516.0940,0.04056393,294.3122,294.3122,294.3122,392.4162,490.5203,9516.0940,0.04056393,1765.8731,1644.6383,8044.5331,8165.7679,0.03429115,0.03480794,0.00125455,11.8178,14.9930,0.8676,208.7320,5.3202,4991.3829,240.5957,12.7170,9.8041,2.5818,2.84,3.3563,4.9054,16.007,177.8754,0.2582,0.0,5.636364,62.633151,4.16126,29,188,6,10,0.74390005,0.04181848,0.03860046,0E-8,0.000000,0.722694,0.000000,0.01256549,2026-05-12,2026-08-02,47,1844,580,83,0.566265,1.297104,1.076088,2.479667,,,,,,,,GLOBAL_BASELINE_NO_ENTITY_RANKING,,,NOT_APPLICABLE_GLOBAL_BASELINE,HF9g-P5,,,,X 全窗基线 · 不参与实体赏罚,15059881,1506,A168_HF9F_20260827_0900,2026-08-27 09:00:00
2026-07-25,17529000,2252,0,3226.4477319082,608.0474014407,608.0474014407,0.3529412,20,17,0.50380495258056900,0.503890805882,-1.2440905915350033,-1.2448002214864275,-1.2440905915350033,-0.00008585330143100,ELIGIBLE,R03b_20260811_FULL_v1,L1_ELIGIBILITY,v2026-08-11,2026-03-21..2026-08-06,baccarat_bet02_101_all_pairs_incl_sentinel,round_win = game_pnl > 0 (decisive only),COMPATIBILITY_ONLY_NOT_PRODUCTION,234594.9955,169540.3402,9810.4062,19851,11308,-0.04181848,-0.03860046,-0.05116595,-0.04181848,-9810.4062,234594.9955,OK,0.0000,294.3122,3.0000,97.0000,AG03-UNRESOLVED,ALL5_LEVELS_bet23_to_bet27,294.3122,294.3122,294.3122,392.4162,490.5203,3.000000,3.000000,3.000000,4.000000,5.000000,97.000000,97.000000,97.000000,96.000000,95.000000,5.0,1765.8731,1644.6383,8044.5331,8165.7679,PENDING_AG03,FALSE,NOT_FOR_ENFORCEMENT,9516.0940,164454.1300,9810.4062,9516.0940,294.3122,0.04181848,0.04056393,294.3122,9516.0940,0.04056393,294.3122,294.3122,294.3122,392.4162,490.5203,9516.0940,0.04056393,1765.8731,1644.6383,8044.5331,8165.7679,0.03429115,0.03480794,0.00125455,11.8178,14.9930,0.8676,208.7320,5.3202,4991.3829,240.5957,12.7170,9.8041,2.5818,2.84,3.3563,4.9054,16.007,177.8754,0.2582,0.0,5.636364,62.633151,4.16126,29,188,6,10,0.74390005,0.04181848,0.03860046,0E-8,0.000000,0.722694,0.000000,0.01256549,2026-05-12,2026-08-02,47,1844,580,83,0.566265,1.297104,1.076088,2.479667,,,,,,,,GLOBAL_BASELINE_NO_ENTITY_RANKING,,,NOT_APPLICABLE_GLOBAL_BASELINE,HF9g-P5,,,,X 全窗基线 · 不参与实体赏罚,15059882,1506,A168_HF9F_20260827_0900,2026-08-27 09:00:00
2026-07-25,17529000,2256,0,176.3354245731,79.0798543880,79.0798543880,0.6923077,24,14,0.50238613397989625,0.501863128571,1.3695594293666,1.373324813707348,1.3695594293666,0.00052300540889625,ELIGIBLE,R03b_20260811_FULL_v1,L1_ELIGIBILITY,v2026-08-11,2026-03-21..2026-08-06,baccarat_bet02_101_all_pairs_incl_sentinel,round_win = game_pnl > 0 (decisive only),COMPATIBILITY_ONLY_NOT_PRODUCTION,234594.9955,169540.3402,9810.4062,19851,11308,-0.04181848,-0.03860046,-0.05116595,-0.04181848,-9810.4062,234594.9955,OK,0.0000,294.3122,3.0000,97.0000,AG03-UNRESOLVED,ALL5_LEVELS_bet23_to_bet27,294.3122,294.3122,294.3122,392.4162,490.5203,3.000000,3.000000,3.000000,4.000000,5.000000,97.000000,97.000000,97.000000,96.000000,95.000000,5.0,1765.8731,1644.6383,8044.5331,8165.7679,PENDING_AG03,FALSE,NOT_FOR_ENFORCEMENT,9516.0940,164454.1300,9810.4062,9516.0940,294.3122,0.04181848,0.04056393,294.3122,9516.0940,0.04056393,294.3122,294.3122,294.3122,392.4162,490.5203,9516.0940,0.04056393,1765.8731,1644.6383,8044.5331,8165.7679,0.03429115,0.03480794,0.00125455,11.8178,14.9930,0.8676,208.7320,5.3202,4991.3829,240.5957,12.7170,9.8041,2.5818,2.84,3.3563,4.9054,16.007,177.8754,0.2582,0.0,5.636364,62.633151,4.16126,29,188,6,10,0.74390005,0.04181848,0.03860046,0E-8,0.000000,0.722694,0.000000,0.01256549,2026-05-12,2026-08-02,47,1844,580,83,0.566265,1.297104,1.076088,2.479667,,,,,,,,GLOBAL_BASELINE_NO_ENTITY_RANKING,,,NOT_APPLICABLE_GLOBAL_BASELINE,HF9g-P5,,,,X 全窗基线 · 不参与实体赏罚,15059883,1506,A168_HF9F_20260827_0900,2026-08-27 09:00:00
2026-07-25,17529000,2267,0,120.3108460485,31.3686004183,31.3686004183,0.4285714,18,10,0.49936735155536080,0.499948100000,-0.3746171119821966,-0.377689846057837,-0.3746171119821966,-0.00058074844463920,ELIGIBLE,R03b_20260811_FULL_v1,L1_ELIGIBILITY,v2026-08-11,2026-03-21..2026-08-06,baccarat_bet02_101_all_pairs_incl_sentinel,round_win = game_pnl > 0 (decisive only),COMPATIBILITY_ONLY_NOT_PRODUCTION,234594.9955,169540.3402,9810.4062,19851,11308,-0.04181848,-0.03860046,-0.05116595,-0.04181848,-9810.4062,234594.9955,OK,0.0000,294.3122,3.0000,97.0000,AG03-UNRESOLVED,ALL5_LEVELS_bet23_to_bet27,294.3122,294.3122,294.3122,392.4162,490.5203,3.000000,3.000000,3.000000,4.000000,5.000000,97.000000,97.000000,97.000000,96.000000,95.000000,5.0,1765.8731,1644.6383,8044.5331,8165.7679,PENDING_AG03,FALSE,NOT_FOR_ENFORCEMENT,9516.0940,164454.1300,9810.4062,9516.0940,294.3122,0.04181848,0.04056393,294.3122,9516.0940,0.04056393,294.3122,294.3122,294.3122,392.4162,490.5203,9516.0940,0.04056393,1765.8731,1644.6383,8044.5331,8165.7679,0.03429115,0.03480794,0.00125455,11.8178,14.9930,0.8676,208.7320,5.3202,4991.3829,240.5957,12.7170,9.8041,2.5818,2.84,3.3563,4.9054,16.007,177.8754,0.2582,0.0,5.636364,62.633151,4.16126,29,188,6,10,0.74390005,0.04181848,0.03860046,0E-8,0.000000,0.722694,0.000000,0.01256549,2026-05-12,2026-08-02,47,1844,580,83,0.566265,1.297104,1.076088,2.479667,,,,,,,,GLOBAL_BASELINE_NO_ENTITY_RANKING,,,NOT_APPLICABLE_GLOBAL_BASELINE,HF9g-P5,,,,X 全窗基线 · 不参与实体赏罚,15059884,1506,A168_HF9F_20260827_0900,2026-08-27 09:00:00
2026-07-25,17529000,2278,0,5.6799111868,0.3614488937,0.3614488937,1.0000000,2,1,0.50055742727268436,0.499948100000,0.9988857662127119,1.0001038053877793,0.9988857662127119,0.00060932727268436,ELIGIBLE,R03b_20260811_FULL_v1,L1_ELIGIBILITY,v2026-08-11,2026-03-21..2026-08-06,baccarat_bet02_101_all_pairs_incl_sentinel,round_win = game_pnl > 0 (decisive only),COMPATIBILITY_ONLY_NOT_PRODUCTION,234594.9955,169540.3402,9810.4062,19851,11308,-0.04181848,-0.03860046,-0.05116595,-0.04181848,-9810.4062,234594.9955,OK,0.0000,294.3122,3.0000,97.0000,AG03-UNRESOLVED,ALL5_LEVELS_bet23_to_bet27,294.3122,294.3122,294.3122,392.4162,490.5203,3.000000,3.000000,3.000000,4.000000,5.000000,97.000000,97.000000,97.000000,96.000000,95.000000,5.0,1765.8731,1644.6383,8044.5331,8165.7679,PENDING_AG03,FALSE,NOT_FOR_ENFORCEMENT,9516.0940,164454.1300,9810.4062,9516.0940,294.3122,0.04181848,0.04056393,294.3122,9516.0940,0.04056393,294.3122,294.3122,294.3122,392.4162,490.5203,9516.0940,0.04056393,1765.8731,1644.6383,8044.5331,8165.7679,0.03429115,0.03480794,0.00125455,11.8178,14.9930,0.8676,208.7320,5.3202,4991.3829,240.5957,12.7170,9.8041,2.5818,2.84,3.3563,4.9054,16.007,177.8754,0.2582,0.0,5.636364,62.633151,4.16126,29,188,6,10,0.74390005,0.04181848,0.03860046,0E-8,0.000000,0.722694,0.000000,0.01256549,2026-05-12,2026-08-02,47,1844,580,83,0.566265,1.297104,1.076088,2.479667,,,,,,,,GLOBAL_BASELINE_NO_ENTITY_RANKING,,,NOT_APPLICABLE_GLOBAL_BASELINE,HF9g-P5,,,,X 全窗基线 · 不参与实体赏罚,15059885,1506,A168_HF9F_20260827_0900,2026-08-27 09:00:00
2026-07-25,17529000,2280,0,96.3003123950,13.0767046188,13.0767046188,0.4000000,7,5,0.50438103650792610,0.503969660000,-0.46682410669031527,-0.4649811094771361,-0.46682410669031527,0.00041137650792610,ELIGIBLE,R03b_20260811_FULL_v1,L1_ELIGIBILITY,v2026-08-11,2026-03-21..2026-08-06,baccarat_bet02_101_all_pairs_incl_sentinel,round_win = game_pnl > 0 (decisive only),COMPATIBILITY_ONLY_NOT_PRODUCTION,234594.9955,169540.3402,9810.4062,19851,11308,-0.04181848,-0.03860046,-0.05116595,-0.04181848,-9810.4062,234594.9955,OK,0.0000,294.3122,3.0000,97.0000,AG03-UNRESOLVED,ALL5_LEVELS_bet23_to_bet27,294.3122,294.3122,294.3122,392.4162,490.5203,3.000000,3.000000,3.000000,4.000000,5.000000,97.000000,97.000000,97.000000,96.000000,95.000000,5.0,1765.8731,1644.6383,8044.5331,8165.7679,PENDING_AG03,FALSE,NOT_FOR_ENFORCEMENT,9516.0940,164454.1300,9810.4062,9516.0940,294.3122,0.04181848,0.04056393,294.3122,9516.0940,0.04056393,294.3122,294.3122,294.3122,392.4162,490.5203,9516.0940,0.04056393,1765.8731,1644.6383,8044.5331,8165.7679,0.03429115,0.03480794,0.00125455,11.8178,14.9930,0.8676,208.7320,5.3202,4991.3829,240.5957,12.7170,9.8041,2.5818,2.84,3.3563,4.9054,16.007,177.8754,0.2582,0.0,5.636364,62.633151,4.16126,29,188,6,10,0.74390005,0.04181848,0.03860046,0E-8,0.000000,0.722694,0.000000,0.01256549,2026-05-12,2026-08-02,47,1844,580,83,0.566265,1.297104,1.076088,2.479667,,,,,,,,GLOBAL_BASELINE_NO_ENTITY_RANKING,,,NOT_APPLICABLE_GLOBAL_BASELINE,HF9g-P5,,,,X 全窗基线 · 不参与实体赏罚,15059886,1506,A168_HF9F_20260827_0900,2026-08-27 09:00:00
2026-07-25,17529000,583,0,5.9380889681,0E-10,0E-10,,2,1,0.50082235217395230,0.499948100000,,,,0.00087425217395230,NO_DECISIVE_ROUND,R03b_20260811_FULL_v1,L1_ELIGIBILITY,v2026-08-11,2026-03-21..2026-08-06,baccarat_bet02_101_all_pairs_incl_sentinel,round_win = game_pnl > 0 (decisive only),COMPATIBILITY_ONLY_NOT_PRODUCTION,234594.9955,169540.3402,9810.4062,19851,11308,-0.04181848,-0.03860046,-0.05116595,-0.04181848,-9810.4062,234594.9955,OK,0.0000,294.3122,3.0000,97.0000,AG03-UNRESOLVED,ALL5_LEVELS_bet23_to_bet27,294.3122,294.3122,294.3122,392.4162,490.5203,3.000000,3.000000,3.000000,4.000000,5.000000,97.000000,97.000000,97.000000,96.000000,95.000000,5.0,1765.8731,1644.6383,8044.5331,8165.7679,PENDING_AG03,FALSE,NOT_FOR_ENFORCEMENT,9516.0940,164454.1300,9810.4062,9516.0940,294.3122,0.04181848,0.04056393,294.3122,9516.0940,0.04056393,294.3122,294.3122,294.3122,392.4162,490.5203,9516.0940,0.04056393,1765.8731,1644.6383,8044.5331,8165.7679,0.03429115,0.03480794,0.00125455,11.8178,14.9930,0.8676,208.7320,5.3202,4991.3829,240.5957,12.7170,9.8041,2.5818,2.84,3.3563,4.9054,16.007,177.8754,0.2582,0.0,5.636364,62.633151,4.16126,29,188,6,10,0.74390005,0.04181848,0.03860046,0E-8,0.000000,0.722694,0.000000,0.01256549,2026-05-12,2026-08-02,47,1844,580,83,0.566265,1.297104,1.076088,2.479667,,,,,,,,GLOBAL_BASELINE_NO_ENTITY_RANKING,,,NOT_APPLICABLE_GLOBAL_BASELINE,HF9g-P5,,,,X 全窗基线 · 不参与实体赏罚,15059887,1506,A168_HF9F_20260827_0900,2026-08-27 09:00:00
2026-07-26,17529000,-1,1,12929.0269279403,-7310.3426019147,-7310.3426019147,0.4966887,260,164,0.50069608080632684,0.500602012195,-0.09848610961795326,-0.09617421499298673,-0.09848610961795326,0.00009406861132684,SENTINEL_DEALER,R03b_20260811_FULL_v1,L1_ELIGIBILITY,v2026-08-11,2026-03-21..2026-08-06,baccarat_bet02_101_all_pairs_incl_sentinel,round_win = game_pnl > 0 (decisive only),COMPATIBILITY_ONLY_NOT_PRODUCTION,234594.9955,169540.3402,9810.4062,19851,11308,-0.04181848,-0.03860046,-0.05116595,-0.04181848,-9810.4062,234594.9955,OK,0.0000,294.3122,3.0000,97.0000,AG03-UNRESOLVED,ALL5_LEVELS_bet23_to_bet27,294.3122,294.3122,294.3122,392.4162,490.5203,3.000000,3.000000,3.000000,4.000000,5.000000,97.000000,97.000000,97.000000,96.000000,95.000000,5.0,1765.8731,1644.6383,8044.5331,8165.7679,PENDING_AG03,FALSE,NOT_FOR_ENFORCEMENT,9516.0940,164454.1300,9810.4062,9516.0940,294.3122,0.04181848,0.04056393,294.3122,9516.0940,0.04056393,294.3122,294.3122,294.3122,392.4162,490.5203,9516.0940,0.04056393,1765.8731,1644.6383,8044.5331,8165.7679,0.03429115,0.03480794,0.00125455,11.8178,14.9930,0.8676,208.7320,5.3202,4991.3829,240.5957,12.7170,9.8041,2.5818,2.84,3.3563,4.9054,16.007,177.8754,0.2582,0.0,5.636364,62.633151,4.16126,29,188,6,10,0.74390005,0.04181848,0.03860046,0E-8,0.000000,0.722694,0.000000,0.01256549,2026-05-12,2026-08-02,47,1844,580,83,0.566265,1.297104,1.076088,2.479667,,,,,,,,GLOBAL_BASELINE_NO_ENTITY_RANKING,,,NOT_APPLICABLE_GLOBAL_BASELINE,HF9g-P5,,,,X 全窗基线 · 不参与实体赏罚,15059888,1506,A168_HF9F_20260827_0900,2026-08-27 09:00:00
2026-07-26,17529000,1157,0,82.8750677716,25.4305114502,25.4305114502,0.2500000,5,4,0.50134447499999549,0.501623750000,-1.0053815346880677,-1.0065003074190721,-1.0053815346880677,-0.00027927500000451,ELIGIBLE,R03b_20260811_FULL_v1,L1_ELIGIBILITY,v2026-08-11,2026-03-21..2026-08-06,baccarat_bet02_101_all_pairs_incl_sentinel,round_win = game_pnl > 0 (decisive only),COMPATIBILITY_ONLY_NOT_PRODUCTION,234594.9955,169540.3402,9810.4062,19851,11308,-0.04181848,-0.03860046,-0.05116595,-0.04181848,-9810.4062,234594.9955,OK,0.0000,294.3122,3.0000,97.0000,AG03-UNRESOLVED,ALL5_LEVELS_bet23_to_bet27,294.3122,294.3122,294.3122,392.4162,490.5203,3.000000,3.000000,3.000000,4.000000,5.000000,97.000000,97.000000,97.000000,96.000000,95.000000,5.0,1765.8731,1644.6383,8044.5331,8165.7679,PENDING_AG03,FALSE,NOT_FOR_ENFORCEMENT,9516.0940,164454.1300,9810.4062,9516.0940,294.3122,0.04181848,0.04056393,294.3122,9516.0940,0.04056393,294.3122,294.3122,294.3122,392.4162,490.5203,9516.0940,0.04056393,1765.8731,1644.6383,8044.5331,8165.7679,0.03429115,0.03480794,0.00125455,11.8178,14.9930,0.8676,208.7320,5.3202,4991.3829,240.5957,12.7170,9.8041,2.5818,2.84,3.3563,4.9054,16.007,177.8754,0.2582,0.0,5.636364,62.633151,4.16126,29,188,6,10,0.74390005,0.04181848,0.03860046,0E-8,0.000000,0.722694,0.000000,0.01256549,2026-05-12,2026-08-02,47,1844,580,83,0.566265,1.297104,1.076088,2.479667,,,,,,,,GLOBAL_BASELINE_NO_ENTITY_RANKING,,,NOT_APPLICABLE_GLOBAL_BASELINE,HF9g-P5,,,,X 全窗基线 · 不参与实体赏罚,15059889,1506,A168_HF9F_20260827_0900,2026-08-27 09:00:00
2026-07-26,17529000,1258,0,16.5233779980,0.3614488937,0.3614488937,0.6666667,6,3,0.50015120909089479,0.499948100000,0.5768264919109742,0.5775300591747329,0.5768264919109742,0.00020310909089479,ELIGIBLE,R03b_20260811_FULL_v1,L1_ELIGIBILITY,v2026-08-11,2026-03-21..2026-08-06,baccarat_bet02_101_all_pairs_incl_sentinel,round_win = game_pnl > 0 (decisive only),COMPATIBILITY_ONLY_NOT_PRODUCTION,234594.9955,169540.3402,9810.4062,19851,11308,-0.04181848,-0.03860046,-0.05116595,-0.04181848,-9810.4062,234594.9955,OK,0.0000,294.3122,3.0000,97.0000,AG03-UNRESOLVED,ALL5_LEVELS_bet23_to_bet27,294.3122,294.3122,294.3122,392.4162,490.5203,3.000000,3.000000,3.000000,4.000000,5.000000,97.000000,97.000000,97.000000,96.000000,95.000000,5.0,1765.8731,1644.6383,8044.5331,8165.7679,PENDING_AG03,FALSE,NOT_FOR_ENFORCEMENT,9516.0940,164454.1300,9810.4062,9516.0940,294.3122,0.04181848,0.04056393,294.3122,9516.0940,0.04056393,294.3122,294.3122,294.3122,392.4162,490.5203,9516.0940,0.04056393,1765.8731,1644.6383,8044.5331,8165.7679,0.03429115,0.03480794,0.00125455,11.8178,14.9930,0.8676,208.7320,5.3202,4991.3829,240.5957,12.7170,9.8041,2.5818,2.84,3.3563,4.9054,16.007,177.8754,0.2582,0.0,5.636364,62.633151,4.16126,29,188,6,10,0.74390005,0.04181848,0.03860046,0E-8,0.000000,0.722694,0.000000,0.01256549,2026-05-12,2026-08-02,47,1844,580,83,0.566265,1.297104,1.076088,2.479667,,,,,,,,GLOBAL_BASELINE_NO_ENTITY_RANKING,,,NOT_APPLICABLE_GLOBAL_BASELINE,HF9g-P5,,,,X 全窗基线 · 不参与实体赏罚,15059890,1506,A168_HF9F_20260827_0900,2026-08-27 09:00:00
2026-07-26,17529000,1302,0,34.0794671210,2.0525133607,2.0525133607,0.4000000,9,5,0.50273631311877319,0.501288620000,-0.45945764012906126,-0.4529779837142727,-0.45945764012906126,0.00144769311877319,ELIGIBLE,R03b_20260811_FULL_v1,L1_ELIGIBILITY,v2026-08-11,2026-03-21..2026-08-06,baccarat_bet02_101_all_pairs_incl_sentinel,round_win = game_pnl > 0 (decisive only),COMPATIBILITY_ONLY_NOT_PRODUCTION,234594.9955,169540.3402,9810.4062,19851,11308,-0.04181848,-0.03860046,-0.05116595,-0.04181848,-9810.4062,234594.9955,OK,0.0000,294.3122,3.0000,97.0000,AG03-UNRESOLVED,ALL5_LEVELS_bet23_to_bet27,294.3122,294.3122,294.3122,392.4162,490.5203,3.000000,3.000000,3.000000,4.000000,5.000000,97.000000,97.000000,97.000000,96.000000,95.000000,5.0,1765.8731,1644.6383,8044.5331,8165.7679,PENDING_AG03,FALSE,NOT_FOR_ENFORCEMENT,9516.0940,164454.1300,9810.4062,9516.0940,294.3122,0.04181848,0.04056393,294.3122,9516.0940,0.04056393,294.3122,294.3122,294.3122,392.4162,490.5203,9516.0940,0.04056393,1765.8731,1644.6383,8044.5331,8165.7679,0.03429115,0.03480794,0.00125455,11.8178,14.9930,0.8676,208.7320,5.3202,4991.3829,240.5957,12.7170,9.8041,2.5818,2.84,3.3563,4.9054,16.007,177.8754,0.2582,0.0,5.636364,62.633151,4.16126,29,188,6,10,0.74390005,0.04181848,0.03860046,0E-8,0.000000,0.722694,0.000000,0.01256549,2026-05-12,2026-08-02,47,1844,580,83,0.566265,1.297104,1.076088,2.479667,,,,,,,,GLOBAL_BASELINE_NO_ENTITY_RANKING,,,NOT_APPLICABLE_GLOBAL_BASELINE,HF9g-P5,,,,X 全窗基线 · 不参与实体赏罚,15059891,1506,A168_HF9F_20260827_0900,2026-08-27 09:00:00
2026-07-26,17529000,1307,0,77.4533343659,13.7350579611,13.7350579611,0.5454545,19,12,0.50309120218556124,0.502740850000,0.2810119994655332,0.2833348594659912,0.2810119994655332,0.00035035218556124,ELIGIBLE,R03b_20260811_FULL_v1,L1_ELIGIBILITY,v2026-08-11,2026-03-21..2026-08-06,baccarat_bet02_101_all_pairs_incl_sentinel,round_win = game_pnl > 0 (decisive only),COMPATIBILITY_ONLY_NOT_PRODUCTION,234594.9955,169540.3402,9810.4062,19851,11308,-0.04181848,-0.03860046,-0.05116595,-0.04181848,-9810.4062,234594.9955,OK,0.0000,294.3122,3.0000,97.0000,AG03-UNRESOLVED,ALL5_LEVELS_bet23_to_bet27,294.3122,294.3122,294.3122,392.4162,490.5203,3.000000,3.000000,3.000000,4.000000,5.000000,97.000000,97.000000,97.000000,96.000000,95.000000,5.0,1765.8731,1644.6383,8044.5331,8165.7679,PENDING_AG03,FALSE,NOT_FOR_ENFORCEMENT,9516.0940,164454.1300,9810.4062,9516.0940,294.3122,0.04181848,0.04056393,294.3122,9516.0940,0.04056393,294.3122,294.3122,294.3122,392.4162,490.5203,9516.0940,0.04056393,1765.8731,1644.6383,8044.5331,8165.7679,0.03429115,0.03480794,0.00125455,11.8178,14.9930,0.8676,208.7320,5.3202,4991.3829,240.5957,12.7170,9.8041,2.5818,2.84,3.3563,4.9054,16.007,177.8754,0.2582,0.0,5.636364,62.633151,4.16126,29,188,6,10,0.74390005,0.04181848,0.03860046,0E-8,0.000000,0.722694,0.000000,0.01256549,2026-05-12,2026-08-02,47,1844,580,83,0.566265,1.297104,1.076088,2.479667,,,,,,,,GLOBAL_BASELINE_NO_ENTITY_RANKING,,,NOT_APPLICABLE_GLOBAL_BASELINE,HF9g-P5,,,,X 全窗基线 · 不参与实体赏罚,15059892,1506,A168_HF9F_20260827_0900,2026-08-27 09:00:00
2026-07-26,17529000,1318,0,231.5854697543,70.4825342732,70.4825342732,0.3750000,15,10,0.50203980124098504,0.501958880000,-0.7186516198452737,-0.7181933915788984,-0.7186516198452737,0.00008092124098504,ELIGIBLE,R03b_20260811_FULL_v1,L1_ELIGIBILITY,v2026-08-11,2026-03-21..2026-08-06,baccarat_bet02_101_all_pairs_incl_sentinel,round_win = game_pnl > 0 (decisive only),COMPATIBILITY_ONLY_NOT_PRODUCTION,234594.9955,169540.3402,9810.4062,19851,11308,-0.04181848,-0.03860046,-0.05116595,-0.04181848,-9810.4062,234594.9955,OK,0.0000,294.3122,3.0000,97.0000,AG03-UNRESOLVED,ALL5_LEVELS_bet23_to_bet27,294.3122,294.3122,294.3122,392.4162,490.5203,3.000000,3.000000,3.000000,4.000000,5.000000,97.000000,97.000000,97.000000,96.000000,95.000000,5.0,1765.8731,1644.6383,8044.5331,8165.7679,PENDING_AG03,FALSE,NOT_FOR_ENFORCEMENT,9516.0940,164454.1300,9810.4062,9516.0940,294.3122,0.04181848,0.04056393,294.3122,9516.0940,0.04056393,294.3122,294.3122,294.3122,392.4162,490.5203,9516.0940,0.04056393,1765.8731,1644.6383,8044.5331,8165.7679,0.03429115,0.03480794,0.00125455,11.8178,14.9930,0.8676,208.7320,5.3202,4991.3829,240.5957,12.7170,9.8041,2.5818,2.84,3.3563,4.9054,16.007,177.8754,0.2582,0.0,5.636364,62.633151,4.16126,29,188,6,10,0.74390005,0.04181848,0.03860046,0E-8,0.000000,0.722694,0.000000,0.01256549,2026-05-12,2026-08-02,47,1844,580,83,0.566265,1.297104,1.076088,2.479667,,,,,,,,GLOBAL_BASELINE_NO_ENTITY_RANKING,,,NOT_APPLICABLE_GLOBAL_BASELINE,HF9g-P5,,,,X 全窗基线 · 不参与实体赏罚,15059893,1506,A168_HF9F_20260827_0900,2026-08-27 09:00:00
2026-07-26,17529000,1325,0,2627.7334572585,846.7714868460,846.7714868460,0.4285714,22,15,0.50263867729644244,0.502629140000,-0.5542762551012058,-0.5542048278271011,-0.5542762551012058,0.00000953729644244,ELIGIBLE,R03b_20260811_FULL_v1,L1_ELIGIBILITY,v2026-08-11,2026-03-21..2026-08-06,baccarat_bet02_101_all_pairs_incl_sentinel,round_win = game_pnl > 0 (decisive only),COMPATIBILITY_ONLY_NOT_PRODUCTION,234594.9955,169540.3402,9810.4062,19851,11308,-0.04181848,-0.03860046,-0.05116595,-0.04181848,-9810.4062,234594.9955,OK,0.0000,294.3122,3.0000,97.0000,AG03-UNRESOLVED,ALL5_LEVELS_bet23_to_bet27,294.3122,294.3122,294.3122,392.4162,490.5203,3.000000,3.000000,3.000000,4.000000,5.000000,97.000000,97.000000,97.000000,96.000000,95.000000,5.0,1765.8731,1644.6383,8044.5331,8165.7679,PENDING_AG03,FALSE,NOT_FOR_ENFORCEMENT,9516.0940,164454.1300,9810.4062,9516.0940,294.3122,0.04181848,0.04056393,294.3122,9516.0940,0.04056393,294.3122,294.3122,294.3122,392.4162,490.5203,9516.0940,0.04056393,1765.8731,1644.6383,8044.5331,8165.7679,0.03429115,0.03480794,0.00125455,11.8178,14.9930,0.8676,208.7320,5.3202,4991.3829,240.5957,12.7170,9.8041,2.5818,2.84,3.3563,4.9054,16.007,177.8754,0.2582,0.0,5.636364,62.633151,4.16126,29,188,6,10,0.74390005,0.04181848,0.03860046,0E-8,0.000000,0.722694,0.000000,0.01256549,2026-05-12,2026-08-02,47,1844,580,83,0.566265,1.297104,1.076088,2.479667,,,,,,,,GLOBAL_BASELINE_NO_ENTITY_RANKING,,,NOT_APPLICABLE_GLOBAL_BASELINE,HF9g-P5,,,,X 全窗基线 · 不参与实体赏罚,15059894,1506,A168_HF9F_20260827_0900,2026-08-27 09:00:00
2026-07-26,17529000,1330,0,27.8832003717,0.2194511141,0.2194511141,0.4000000,10,5,0.50006491926596316,0.499948100000,-0.4475039270554645,-0.4469814940518811,-0.4475039270554645,0.00011681926596316,ELIGIBLE,R03b_20260811_FULL_v1,L1_ELIGIBILITY,v2026-08-11,2026-03-21..2026-08-06,baccarat_bet02_101_all_pairs_incl_sentinel,round_win = game_pnl > 0 (decisive only),COMPATIBILITY_ONLY_NOT_PRODUCTION,234594.9955,169540.3402,9810.4062,19851,11308,-0.04181848,-0.03860046,-0.05116595,-0.04181848,-9810.4062,234594.9955,OK,0.0000,294.3122,3.0000,97.0000,AG03-UNRESOLVED,ALL5_LEVELS_bet23_to_bet27,294.3122,294.3122,294.3122,392.4162,490.5203,3.000000,3.000000,3.000000,4.000000,5.000000,97.000000,97.000000,97.000000,96.000000,95.000000,5.0,1765.8731,1644.6383,8044.5331,8165.7679,PENDING_AG03,FALSE,NOT_FOR_ENFORCEMENT,9516.0940,164454.1300,9810.4062,9516.0940,294.3122,0.04181848,0.04056393,294.3122,9516.0940,0.04056393,294.3122,294.3122,294.3122,392.4162,490.5203,9516.0940,0.04056393,1765.8731,1644.6383,8044.5331,8165.7679,0.03429115,0.03480794,0.00125455,11.8178,14.9930,0.8676,208.7320,5.3202,4991.3829,240.5957,12.7170,9.8041,2.5818,2.84,3.3563,4.9054,16.007,177.8754,0.2582,0.0,5.636364,62.633151,4.16126,29,188,6,10,0.74390005,0.04181848,0.03860046,0E-8,0.000000,0.722694,0.000000,0.01256549,2026-05-12,2026-08-02,47,1844,580,83,0.566265,1.297104,1.076088,2.479667,,,,,,,,GLOBAL_BASELINE_NO_ENTITY_RANKING,,,NOT_APPLICABLE_GLOBAL_BASELINE,HF9g-P5,,,,X 全窗基线 · 不参与实体赏罚,15059895,1506,A168_HF9F_20260827_0900,2026-08-27 09:00:00
2026-07-26,17529000,1331,0,30.2068004027,-3.2401311543,-3.2401311543,0.4000000,11,6,0.50131729917184134,0.501065200000,-0.45310630902258076,-0.4519783403957753,-0.45310630902258076,0.00025209917184134,ELIGIBLE,R03b_20260811_FULL_v1,L1_ELIGIBILITY,v2026-08-11,2026-03-21..2026-08-06,baccarat_bet02_101_all_pairs_incl_sentinel,round_win = game_pnl > 0 (decisive only),COMPATIBILITY_ONLY_NOT_PRODUCTION,234594.9955,169540.3402,9810.4062,19851,11308,-0.04181848,-0.03860046,-0.05116595,-0.04181848,-9810.4062,234594.9955,OK,0.0000,294.3122,3.0000,97.0000,AG03-UNRESOLVED,ALL5_LEVELS_bet23_to_bet27,294.3122,294.3122,294.3122,392.4162,490.5203,3.000000,3.000000,3.000000,4.000000,5.000000,97.000000,97.000000,97.000000,96.000000,95.000000,5.0,1765.8731,1644.6383,8044.5331,8165.7679,PENDING_AG03,FALSE,NOT_FOR_ENFORCEMENT,9516.0940,164454.1300,9810.4062,9516.0940,294.3122,0.04181848,0.04056393,294.3122,9516.0940,0.04056393,294.3122,294.3122,294.3122,392.4162,490.5203,9516.0940,0.04056393,1765.8731,1644.6383,8044.5331,8165.7679,0.03429115,0.03480794,0.00125455,11.8178,14.9930,0.8676,208.7320,5.3202,4991.3829,240.5957,12.7170,9.8041,2.5818,2.84,3.3563,4.9054,16.007,177.8754,0.2582,0.0,5.636364,62.633151,4.16126,29,188,6,10,0.74390005,0.04181848,0.03860046,0E-8,0.000000,0.722694,0.000000,0.01256549,2026-05-12,2026-08-02,47,1844,580,83,0.566265,1.297104,1.076088,2.479667,,,,,,,,GLOBAL_BASELINE_NO_ENTITY_RANKING,,,NOT_APPLICABLE_GLOBAL_BASELINE,HF9g-P5,,,,X 全窗基线 · 不参与实体赏罚,15059896,1506,A168_HF9F_20260827_0900,2026-08-27 09:00:00
2026-07-26,17529000,1354,0,78.7442232720,10.0172979113,10.0172979113,0.5000000,16,9,0.49848681567365419,0.498458633333,0.008559902386520211,0.008719328011297618,0.008559902386520211,0.00002818234065419,ELIGIBLE,R03b_20260811_FULL_v1,L1_ELIGIBILITY,v2026-08-11,2026-03-21..2026-08-06,baccarat_bet02_101_all_pairs_incl_sentinel,round_win = game_pnl > 0 (decisive only),COMPATIBILITY_ONLY_NOT_PRODUCTION,234594.9955,169540.3402,9810.4062,19851,11308,-0.04181848,-0.03860046,-0.05116595,-0.04181848,-9810.4062,234594.9955,OK,0.0000,294.3122,3.0000,97.0000,AG03-UNRESOLVED,ALL5_LEVELS_bet23_to_bet27,294.3122,294.3122,294.3122,392.4162,490.5203,3.000000,3.000000,3.000000,4.000000,5.000000,97.000000,97.000000,97.000000,96.000000,95.000000,5.0,1765.8731,1644.6383,8044.5331,8165.7679,PENDING_AG03,FALSE,NOT_FOR_ENFORCEMENT,9516.0940,164454.1300,9810.4062,9516.0940,294.3122,0.04181848,0.04056393,294.3122,9516.0940,0.04056393,294.3122,294.3122,294.3122,392.4162,490.5203,9516.0940,0.04056393,1765.8731,1644.6383,8044.5331,8165.7679,0.03429115,0.03480794,0.00125455,11.8178,14.9930,0.8676,208.7320,5.3202,4991.3829,240.5957,12.7170,9.8041,2.5818,2.84,3.3563,4.9054,16.007,177.8754,0.2582,0.0,5.636364,62.633151,4.16126,29,188,6,10,0.74390005,0.04181848,0.03860046,0E-8,0.000000,0.722694,0.000000,0.01256549,2026-05-12,2026-08-02,47,1844,580,83,0.566265,1.297104,1.076088,2.479667,,,,,,,,GLOBAL_BASELINE_NO_ENTITY_RANKING,,,NOT_APPLICABLE_GLOBAL_BASELINE,HF9g-P5,,,,X 全窗基线 · 不参与实体赏罚,15059897,1506,A168_HF9F_20260827_0900,2026-08-27 09:00:00
2026-07-26,17529000,1399,0,99.3984457696,51.2482895722,51.2482895722,0.6000000,9,6,0.49857469567101390,0.498831000000,0.45358959316782693,0.4524427590143007,0.45358959316782693,-0.00025630432898610,ELIGIBLE,R03b_20260811_FULL_v1,L1_ELIGIBILITY,v2026-08-11,2026-03-21..2026-08-06,baccarat_bet02_101_all_pairs_incl_sentinel,round_win = game_pnl > 0 (decisive only),COMPATIBILITY_ONLY_NOT_PRODUCTION,234594.9955,169540.3402,9810.4062,19851,11308,-0.04181848,-0.03860046,-0.05116595,-0.04181848,-9810.4062,234594.9955,OK,0.0000,294.3122,3.0000,97.0000,AG03-UNRESOLVED,ALL5_LEVELS_bet23_to_bet27,294.3122,294.3122,294.3122,392.4162,490.5203,3.000000,3.000000,3.000000,4.000000,5.000000,97.000000,97.000000,97.000000,96.000000,95.000000,5.0,1765.8731,1644.6383,8044.5331,8165.7679,PENDING_AG03,FALSE,NOT_FOR_ENFORCEMENT,9516.0940,164454.1300,9810.4062,9516.0940,294.3122,0.04181848,0.04056393,294.3122,9516.0940,0.04056393,294.3122,294.3122,294.3122,392.4162,490.5203,9516.0940,0.04056393,1765.8731,1644.6383,8044.5331,8165.7679,0.03429115,0.03480794,0.00125455,11.8178,14.9930,0.8676,208.7320,5.3202,4991.3829,240.5957,12.7170,9.8041,2.5818,2.84,3.3563,4.9054,16.007,177.8754,0.2582,0.0,5.636364,62.633151,4.16126,29,188,6,10,0.74390005,0.04181848,0.03860046,0E-8,0.000000,0.722694,0.000000,0.01256549,2026-05-12,2026-08-02,47,1844,580,83,0.566265,1.297104,1.076088,2.479667,,,,,,,,GLOBAL_BASELINE_NO_ENTITY_RANKING,,,NOT_APPLICABLE_GLOBAL_BASELINE,HF9g-P5,,,,X 全窗基线 · 不参与实体赏罚,15059898,1506,A168_HF9F_20260827_0900,2026-08-27 09:00:00
2026-07-26,17529000,1400,0,872.6409005240,552.5520873673,552.5520873673,0.6666667,29,20,0.50206446869289347,0.502294010000,1.3967078703007674,1.3947629219542386,1.3967078703007674,-0.00022954130710653,ELIGIBLE,R03b_20260811_FULL_v1,L1_ELIGIBILITY,v2026-08-11,2026-03-21..2026-08-06,baccarat_bet02_101_all_pairs_incl_sentinel,round_win = game_pnl > 0 (decisive only),COMPATIBILITY_ONLY_NOT_PRODUCTION,234594.9955,169540.3402,9810.4062,19851,11308,-0.04181848,-0.03860046,-0.05116595,-0.04181848,-9810.4062,234594.9955,OK,0.0000,294.3122,3.0000,97.0000,AG03-UNRESOLVED,ALL5_LEVELS_bet23_to_bet27,294.3122,294.3122,294.3122,392.4162,490.5203,3.000000,3.000000,3.000000,4.000000,5.000000,97.000000,97.000000,97.000000,96.000000,95.000000,5.0,1765.8731,1644.6383,8044.5331,8165.7679,PENDING_AG03,FALSE,NOT_FOR_ENFORCEMENT,9516.0940,164454.1300,9810.4062,9516.0940,294.3122,0.04181848,0.04056393,294.3122,9516.0940,0.04056393,294.3122,294.3122,294.3122,392.4162,490.5203,9516.0940,0.04056393,1765.8731,1644.6383,8044.5331,8165.7679,0.03429115,0.03480794,0.00125455,11.8178,14.9930,0.8676,208.7320,5.3202,4991.3829,240.5957,12.7170,9.8041,2.5818,2.84,3.3563,4.9054,16.007,177.8754,0.2582,0.0,5.636364,62.633151,4.16126,29,188,6,10,0.74390005,0.04181848,0.03860046,0E-8,0.000000,0.722694,0.000000,0.01256549,2026-05-12,2026-08-02,47,1844,580,83,0.566265,1.297104,1.076088,2.479667,,,,,,,,GLOBAL_BASELINE_NO_ENTITY_RANKING,,,NOT_APPLICABLE_GLOBAL_BASELINE,HF9g-P5,,,,X 全窗基线 · 不参与实体赏罚,15059899,1506,A168_HF9F_20260827_0900,2026-08-27 09:00:00
2026-07-26,17529000,1491,0,133.4779128905,32.9047582164,32.9047582164,0.6666667,36,19,0.49949640593088070,0.499948100000,1.418487419224792,1.41465395609747,1.418487419224792,-0.00045169406911930,ELIGIBLE,R03b_20260811_FULL_v1,L1_ELIGIBILITY,v2026-08-11,2026-03-21..2026-08-06,baccarat_bet02_101_all_pairs_incl_sentinel,round_win = game_pnl > 0 (decisive only),COMPATIBILITY_ONLY_NOT_PRODUCTION,234594.9955,169540.3402,9810.4062,19851,11308,-0.04181848,-0.03860046,-0.05116595,-0.04181848,-9810.4062,234594.9955,OK,0.0000,294.3122,3.0000,97.0000,AG03-UNRESOLVED,ALL5_LEVELS_bet23_to_bet27,294.3122,294.3122,294.3122,392.4162,490.5203,3.000000,3.000000,3.000000,4.000000,5.000000,97.000000,97.000000,97.000000,96.000000,95.000000,5.0,1765.8731,1644.6383,8044.5331,8165.7679,PENDING_AG03,FALSE,NOT_FOR_ENFORCEMENT,9516.0940,164454.1300,9810.4062,9516.0940,294.3122,0.04181848,0.04056393,294.3122,9516.0940,0.04056393,294.3122,294.3122,294.3122,392.4162,490.5203,9516.0940,0.04056393,1765.8731,1644.6383,8044.5331,8165.7679,0.03429115,0.03480794,0.00125455,11.8178,14.9930,0.8676,208.7320,5.3202,4991.3829,240.5957,12.7170,9.8041,2.5818,2.84,3.3563,4.9054,16.007,177.8754,0.2582,0.0,5.636364,62.633151,4.16126,29,188,6,10,0.74390005,0.04181848,0.03860046,0E-8,0.000000,0.722694,0.000000,0.01256549,2026-05-12,2026-08-02,47,1844,580,83,0.566265,1.297104,1.076088,2.479667,,,,,,,,GLOBAL_BASELINE_NO_ENTITY_RANKING,,,NOT_APPLICABLE_GLOBAL_BASELINE,HF9g-P5,,,,X 全窗基线 · 不参与实体赏罚,15059900,1506,A168_HF9F_20260827_0900,2026-08-27 09:00:00
2026-07-26,17529000,1509,0,53.4428007124,1.7814266905,1.7814266905,0.4444444,18,9,0.50033084561752236,0.499948100000,-0.3353184804456077,-0.33302193512739575,-0.3353184804456077,0.00038274561752236,ELIGIBLE,R03b_20260811_FULL_v1,L1_ELIGIBILITY,v2026-08-11,2026-03-21..2026-08-06,baccarat_bet02_101_all_pairs_incl_sentinel,round_win = game_pnl > 0 (decisive only),COMPATIBILITY_ONLY_NOT_PRODUCTION,234594.9955,169540.3402,9810.4062,19851,11308,-0.04181848,-0.03860046,-0.05116595,-0.04181848,-9810.4062,234594.9955,OK,0.0000,294.3122,3.0000,97.0000,AG03-UNRESOLVED,ALL5_LEVELS_bet23_to_bet27,294.3122,294.3122,294.3122,392.4162,490.5203,3.000000,3.000000,3.000000,4.000000,5.000000,97.000000,97.000000,97.000000,96.000000,95.000000,5.0,1765.8731,1644.6383,8044.5331,8165.7679,PENDING_AG03,FALSE,NOT_FOR_ENFORCEMENT,9516.0940,164454.1300,9810.4062,9516.0940,294.3122,0.04181848,0.04056393,294.3122,9516.0940,0.04056393,294.3122,294.3122,294.3122,392.4162,490.5203,9516.0940,0.04056393,1765.8731,1644.6383,8044.5331,8165.7679,0.03429115,0.03480794,0.00125455,11.8178,14.9930,0.8676,208.7320,5.3202,4991.3829,240.5957,12.7170,9.8041,2.5818,2.84,3.3563,4.9054,16.007,177.8754,0.2582,0.0,5.636364,62.633151,4.16126,29,188,6,10,0.74390005,0.04181848,0.03860046,0E-8,0.000000,0.722694,0.000000,0.01256549,2026-05-12,2026-08-02,47,1844,580,83,0.566265,1.297104,1.076088,2.479667,,,,,,,,GLOBAL_BASELINE_NO_ENTITY_RANKING,,,NOT_APPLICABLE_GLOBAL_BASELINE,HF9g-P5,,,,X 全窗基线 · 不参与实体赏罚,15059901,1506,A168_HF9F_20260827_0900,2026-08-27 09:00:00
2026-07-26,17529000,1935,0,17.0397335604,-6.7126223116,-6.7126223116,0E-7,5,3,0.50296464612792233,0.502182300000,-1.7423512707701418,-1.7396270863184016,-1.7423512707701418,0.00078234612792233,ELIGIBLE,R03b_20260811_FULL_v1,L1_ELIGIBILITY,v2026-08-11,2026-03-21..2026-08-06,baccarat_bet02_101_all_pairs_incl_sentinel,round_win = game_pnl > 0 (decisive only),COMPATIBILITY_ONLY_NOT_PRODUCTION,234594.9955,169540.3402,9810.4062,19851,11308,-0.04181848,-0.03860046,-0.05116595,-0.04181848,-9810.4062,234594.9955,OK,0.0000,294.3122,3.0000,97.0000,AG03-UNRESOLVED,ALL5_LEVELS_bet23_to_bet27,294.3122,294.3122,294.3122,392.4162,490.5203,3.000000,3.000000,3.000000,4.000000,5.000000,97.000000,97.000000,97.000000,96.000000,95.000000,5.0,1765.8731,1644.6383,8044.5331,8165.7679,PENDING_AG03,FALSE,NOT_FOR_ENFORCEMENT,9516.0940,164454.1300,9810.4062,9516.0940,294.3122,0.04181848,0.04056393,294.3122,9516.0940,0.04056393,294.3122,294.3122,294.3122,392.4162,490.5203,9516.0940,0.04056393,1765.8731,1644.6383,8044.5331,8165.7679,0.03429115,0.03480794,0.00125455,11.8178,14.9930,0.8676,208.7320,5.3202,4991.3829,240.5957,12.7170,9.8041,2.5818,2.84,3.3563,4.9054,16.007,177.8754,0.2582,0.0,5.636364,62.633151,4.16126,29,188,6,10,0.74390005,0.04181848,0.03860046,0E-8,0.000000,0.722694,0.000000,0.01256549,2026-05-12,2026-08-02,47,1844,580,83,0.566265,1.297104,1.076088,2.479667,,,,,,,,GLOBAL_BASELINE_NO_ENTITY_RANKING,,,NOT_APPLICABLE_GLOBAL_BASELINE,HF9g-P5,,,,X 全窗基线 · 不参与实体赏罚,15059902,1506,A168_HF9F_20260827_0900,2026-08-27 09:00:00
2026-07-26,17529000,1957,0,145.3540908269,13.8512379625,13.8512379625,0.5000000,12,8,0.49965638021196508,0.499948100000,0.0019438075171834919,0.00029359073713029245,0.0019438075171834919,-0.00029171978803492,ELIGIBLE,R03b_20260811_FULL_v1,L1_ELIGIBILITY,v2026-08-11,2026-03-21..2026-08-06,baccarat_bet02_101_all_pairs_incl_sentinel,round_win = game_pnl > 0 (decisive only),COMPATIBILITY_ONLY_NOT_PRODUCTION,234594.9955,169540.3402,9810.4062,19851,11308,-0.04181848,-0.03860046,-0.05116595,-0.04181848,-9810.4062,234594.9955,OK,0.0000,294.3122,3.0000,97.0000,AG03-UNRESOLVED,ALL5_LEVELS_bet23_to_bet27,294.3122,294.3122,294.3122,392.4162,490.5203,3.000000,3.000000,3.000000,4.000000,5.000000,97.000000,97.000000,97.000000,96.000000,95.000000,5.0,1765.8731,1644.6383,8044.5331,8165.7679,PENDING_AG03,FALSE,NOT_FOR_ENFORCEMENT,9516.0940,164454.1300,9810.4062,9516.0940,294.3122,0.04181848,0.04056393,294.3122,9516.0940,0.04056393,294.3122,294.3122,294.3122,392.4162,490.5203,9516.0940,0.04056393,1765.8731,1644.6383,8044.5331,8165.7679,0.03429115,0.03480794,0.00125455,11.8178,14.9930,0.8676,208.7320,5.3202,4991.3829,240.5957,12.7170,9.8041,2.5818,2.84,3.3563,4.9054,16.007,177.8754,0.2582,0.0,5.636364,62.633151,4.16126,29,188,6,10,0.74390005,0.04181848,0.03860046,0E-8,0.000000,0.722694,0.000000,0.01256549,2026-05-12,2026-08-02,47,1844,580,83,0.566265,1.297104,1.076088,2.479667,,,,,,,,GLOBAL_BASELINE_NO_ENTITY_RANKING,,,NOT_APPLICABLE_GLOBAL_BASELINE,HF9g-P5,,,,X 全窗基线 · 不参与实体赏罚,15059903,1506,A168_HF9F_20260827_0900,2026-08-27 09:00:00
2026-07-26,17529000,1990,0,17.8142669041,0.0645444454,0.0645444454,0.3333333,6,3,0.50080115818178957,0.499948100000,-0.580126307254905,-0.5771704854251445,-0.580126307254905,0.00085305818178957,ELIGIBLE,R03b_20260811_FULL_v1,L1_ELIGIBILITY,v2026-08-11,2026-03-21..2026-08-06,baccarat_bet02_101_all_pairs_incl_sentinel,round_win = game_pnl > 0 (decisive only),COMPATIBILITY_ONLY_NOT_PRODUCTION,234594.9955,169540.3402,9810.4062,19851,11308,-0.04181848,-0.03860046,-0.05116595,-0.04181848,-9810.4062,234594.9955,OK,0.0000,294.3122,3.0000,97.0000,AG03-UNRESOLVED,ALL5_LEVELS_bet23_to_bet27,294.3122,294.3122,294.3122,392.4162,490.5203,3.000000,3.000000,3.000000,4.000000,5.000000,97.000000,97.000000,97.000000,96.000000,95.000000,5.0,1765.8731,1644.6383,8044.5331,8165.7679,PENDING_AG03,FALSE,NOT_FOR_ENFORCEMENT,9516.0940,164454.1300,9810.4062,9516.0940,294.3122,0.04181848,0.04056393,294.3122,9516.0940,0.04056393,294.3122,294.3122,294.3122,392.4162,490.5203,9516.0940,0.04056393,1765.8731,1644.6383,8044.5331,8165.7679,0.03429115,0.03480794,0.00125455,11.8178,14.9930,0.8676,208.7320,5.3202,4991.3829,240.5957,12.7170,9.8041,2.5818,2.84,3.3563,4.9054,16.007,177.8754,0.2582,0.0,5.636364,62.633151,4.16126,29,188,6,10,0.74390005,0.04181848,0.03860046,0E-8,0.000000,0.722694,0.000000,0.01256549,2026-05-12,2026-08-02,47,1844,580,83,0.566265,1.297104,1.076088,2.479667,,,,,,,,GLOBAL_BASELINE_NO_ENTITY_RANKING,,,NOT_APPLICABLE_GLOBAL_BASELINE,HF9g-P5,,,,X 全窗基线 · 不参与实体赏罚,15059904,1506,A168_HF9F_20260827_0900,2026-08-27 09:00:00
2026-07-26,17529000,1994,0,5.4217334056,0.2581777812,0.2581777812,1.0000000,2,1,0.49962892857145212,0.499948100000,1.000742418449597,1.0001038053877793,1.000742418449597,-0.00031917142854788,ELIGIBLE,R03b_20260811_FULL_v1,L1_ELIGIBILITY,v2026-08-11,2026-03-21..2026-08-06,baccarat_bet02_101_all_pairs_incl_sentinel,round_win = game_pnl > 0 (decisive only),COMPATIBILITY_ONLY_NOT_PRODUCTION,234594.9955,169540.3402,9810.4062,19851,11308,-0.04181848,-0.03860046,-0.05116595,-0.04181848,-9810.4062,234594.9955,OK,0.0000,294.3122,3.0000,97.0000,AG03-UNRESOLVED,ALL5_LEVELS_bet23_to_bet27,294.3122,294.3122,294.3122,392.4162,490.5203,3.000000,3.000000,3.000000,4.000000,5.000000,97.000000,97.000000,97.000000,96.000000,95.000000,5.0,1765.8731,1644.6383,8044.5331,8165.7679,PENDING_AG03,FALSE,NOT_FOR_ENFORCEMENT,9516.0940,164454.1300,9810.4062,9516.0940,294.3122,0.04181848,0.04056393,294.3122,9516.0940,0.04056393,294.3122,294.3122,294.3122,392.4162,490.5203,9516.0940,0.04056393,1765.8731,1644.6383,8044.5331,8165.7679,0.03429115,0.03480794,0.00125455,11.8178,14.9930,0.8676,208.7320,5.3202,4991.3829,240.5957,12.7170,9.8041,2.5818,2.84,3.3563,4.9054,16.007,177.8754,0.2582,0.0,5.636364,62.633151,4.16126,29,188,6,10,0.74390005,0.04181848,0.03860046,0E-8,0.000000,0.722694,0.000000,0.01256549,2026-05-12,2026-08-02,47,1844,580,83,0.566265,1.297104,1.076088,2.479667,,,,,,,,GLOBAL_BASELINE_NO_ENTITY_RANKING,,,NOT_APPLICABLE_GLOBAL_BASELINE,HF9g-P5,,,,X 全窗基线 · 不参与实体赏罚,15059905,1506,A168_HF9F_20260827_0900,2026-08-27 09:00:00
2026-07-26,17529000,2088,0,59.6390674618,2.3494178089,2.3494178089,0.6000000,20,10,0.49995027173501512,0.499948100000,0.6327700443261116,0.6327837798637467,0.6327700443261116,0.00000217173501512,ELIGIBLE,R03b_20260811_FULL_v1,L1_ELIGIBILITY,v2026-08-11,2026-03-21..2026-08-06,baccarat_bet02_101_all_pairs_incl_sentinel,round_win = game_pnl > 0 (decisive only),COMPATIBILITY_ONLY_NOT_PRODUCTION,234594.9955,169540.3402,9810.4062,19851,11308,-0.04181848,-0.03860046,-0.05116595,-0.04181848,-9810.4062,234594.9955,OK,0.0000,294.3122,3.0000,97.0000,AG03-UNRESOLVED,ALL5_LEVELS_bet23_to_bet27,294.3122,294.3122,294.3122,392.4162,490.5203,3.000000,3.000000,3.000000,4.000000,5.000000,97.000000,97.000000,97.000000,96.000000,95.000000,5.0,1765.8731,1644.6383,8044.5331,8165.7679,PENDING_AG03,FALSE,NOT_FOR_ENFORCEMENT,9516.0940,164454.1300,9810.4062,9516.0940,294.3122,0.04181848,0.04056393,294.3122,9516.0940,0.04056393,294.3122,294.3122,294.3122,392.4162,490.5203,9516.0940,0.04056393,1765.8731,1644.6383,8044.5331,8165.7679,0.03429115,0.03480794,0.00125455,11.8178,14.9930,0.8676,208.7320,5.3202,4991.3829,240.5957,12.7170,9.8041,2.5818,2.84,3.3563,4.9054,16.007,177.8754,0.2582,0.0,5.636364,62.633151,4.16126,29,188,6,10,0.74390005,0.04181848,0.03860046,0E-8,0.000000,0.722694,0.000000,0.01256549,2026-05-12,2026-08-02,47,1844,580,83,0.566265,1.297104,1.076088,2.479667,,,,,,,,GLOBAL_BASELINE_NO_ENTITY_RANKING,,,NOT_APPLICABLE_GLOBAL_BASELINE,HF9g-P5,,,,X 全窗基线 · 不参与实体赏罚,15059906,1506,A168_HF9F_20260827_0900,2026-08-27 09:00:00
2026-07-26,17529000,2101,0,1147.0838819608,357.8344047713,357.8344047713,0.4166667,19,14,0.49781107917953908,0.497554314286,-0.5621903682453337,-0.5604127656476127,-0.5621903682453337,0.00025676489353908,ELIGIBLE,R03b_20260811_FULL_v1,L1_ELIGIBILITY,v2026-08-11,2026-03-21..2026-08-06,baccarat_bet02_101_all_pairs_incl_sentinel,round_win = game_pnl > 0 (decisive only),COMPATIBILITY_ONLY_NOT_PRODUCTION,234594.9955,169540.3402,9810.4062,19851,11308,-0.04181848,-0.03860046,-0.05116595,-0.04181848,-9810.4062,234594.9955,OK,0.0000,294.3122,3.0000,97.0000,AG03-UNRESOLVED,ALL5_LEVELS_bet23_to_bet27,294.3122,294.3122,294.3122,392.4162,490.5203,3.000000,3.000000,3.000000,4.000000,5.000000,97.000000,97.000000,97.000000,96.000000,95.000000,5.0,1765.8731,1644.6383,8044.5331,8165.7679,PENDING_AG03,FALSE,NOT_FOR_ENFORCEMENT,9516.0940,164454.1300,9810.4062,9516.0940,294.3122,0.04181848,0.04056393,294.3122,9516.0940,0.04056393,294.3122,294.3122,294.3122,392.4162,490.5203,9516.0940,0.04056393,1765.8731,1644.6383,8044.5331,8165.7679,0.03429115,0.03480794,0.00125455,11.8178,14.9930,0.8676,208.7320,5.3202,4991.3829,240.5957,12.7170,9.8041,2.5818,2.84,3.3563,4.9054,16.007,177.8754,0.2582,0.0,5.636364,62.633151,4.16126,29,188,6,10,0.74390005,0.04181848,0.03860046,0E-8,0.000000,0.722694,0.000000,0.01256549,2026-05-12,2026-08-02,47,1844,580,83,0.566265,1.297104,1.076088,2.479667,,,,,,,,GLOBAL_BASELINE_NO_ENTITY_RANKING,,,NOT_APPLICABLE_GLOBAL_BASELINE,HF9g-P5,,,,X 全窗基线 · 不参与实体赏罚,15059907,1506,A168_HF9F_20260827_0900,2026-08-27 09:00:00
2026-07-26,17529000,2142,0,58.6063563369,11.9794490486,11.9794490486,0.6666667,4,3,0.49568280909089479,0.495479700000,0.5923275373662462,0.5930332832468497,0.5923275373662462,0.00020310909089479,ELIGIBLE,R03b_20260811_FULL_v1,L1_ELIGIBILITY,v2026-08-11,2026-03-21..2026-08-06,baccarat_bet02_101_all_pairs_incl_sentinel,round_win = game_pnl > 0 (decisive only),COMPATIBILITY_ONLY_NOT_PRODUCTION,234594.9955,169540.3402,9810.4062,19851,11308,-0.04181848,-0.03860046,-0.05116595,-0.04181848,-9810.4062,234594.9955,OK,0.0000,294.3122,3.0000,97.0000,AG03-UNRESOLVED,ALL5_LEVELS_bet23_to_bet27,294.3122,294.3122,294.3122,392.4162,490.5203,3.000000,3.000000,3.000000,4.000000,5.000000,97.000000,97.000000,97.000000,96.000000,95.000000,5.0,1765.8731,1644.6383,8044.5331,8165.7679,PENDING_AG03,FALSE,NOT_FOR_ENFORCEMENT,9516.0940,164454.1300,9810.4062,9516.0940,294.3122,0.04181848,0.04056393,294.3122,9516.0940,0.04056393,294.3122,294.3122,294.3122,392.4162,490.5203,9516.0940,0.04056393,1765.8731,1644.6383,8044.5331,8165.7679,0.03429115,0.03480794,0.00125455,11.8178,14.9930,0.8676,208.7320,5.3202,4991.3829,240.5957,12.7170,9.8041,2.5818,2.84,3.3563,4.9054,16.007,177.8754,0.2582,0.0,5.636364,62.633151,4.16126,29,188,6,10,0.74390005,0.04181848,0.03860046,0E-8,0.000000,0.722694,0.000000,0.01256549,2026-05-12,2026-08-02,47,1844,580,83,0.566265,1.297104,1.076088,2.479667,,,,,,,,GLOBAL_BASELINE_NO_ENTITY_RANKING,,,NOT_APPLICABLE_GLOBAL_BASELINE,HF9g-P5,,,,X 全窗基线 · 不参与实体赏罚,15059908,1506,A168_HF9F_20260827_0900,2026-08-27 09:00:00
2026-07-26,17529000,2145,0,329.9512043994,-113.3400459556,-113.3400459556,0.4285714,11,7,0.50037727833991586,0.500905614286,-0.3799609505006622,-0.38275716120554854,-0.3799609505006622,-0.00052833594608414,ELIGIBLE,R03b_20260811_FULL_v1,L1_ELIGIBILITY,v2026-08-11,2026-03-21..2026-08-06,baccarat_bet02_101_all_pairs_incl_sentinel,round_win = game_pnl > 0 (decisive only),COMPATIBILITY_ONLY_NOT_PRODUCTION,234594.9955,169540.3402,9810.4062,19851,11308,-0.04181848,-0.03860046,-0.05116595,-0.04181848,-9810.4062,234594.9955,OK,0.0000,294.3122,3.0000,97.0000,AG03-UNRESOLVED,ALL5_LEVELS_bet23_to_bet27,294.3122,294.3122,294.3122,392.4162,490.5203,3.000000,3.000000,3.000000,4.000000,5.000000,97.000000,97.000000,97.000000,96.000000,95.000000,5.0,1765.8731,1644.6383,8044.5331,8165.7679,PENDING_AG03,FALSE,NOT_FOR_ENFORCEMENT,9516.0940,164454.1300,9810.4062,9516.0940,294.3122,0.04181848,0.04056393,294.3122,9516.0940,0.04056393,294.3122,294.3122,294.3122,392.4162,490.5203,9516.0940,0.04056393,1765.8731,1644.6383,8044.5331,8165.7679,0.03429115,0.03480794,0.00125455,11.8178,14.9930,0.8676,208.7320,5.3202,4991.3829,240.5957,12.7170,9.8041,2.5818,2.84,3.3563,4.9054,16.007,177.8754,0.2582,0.0,5.636364,62.633151,4.16126,29,188,6,10,0.74390005,0.04181848,0.03860046,0E-8,0.000000,0.722694,0.000000,0.01256549,2026-05-12,2026-08-02,47,1844,580,83,0.566265,1.297104,1.076088,2.479667,,,,,,,,GLOBAL_BASELINE_NO_ENTITY_RANKING,,,NOT_APPLICABLE_GLOBAL_BASELINE,HF9g-P5,,,,X 全窗基线 · 不参与实体赏罚,15059909,1506,A168_HF9F_20260827_0900,2026-08-27 09:00:00
2026-07-26,17529000,2171,0,185.8880024784,72.7544987479,72.7544987479,0.6666667,12,10,0.49604588236025002,0.495926540000,1.0237567193064707,1.024474758939988,1.0237567193064707,0.00011934236025002,ELIGIBLE,R03b_20260811_FULL_v1,L1_ELIGIBILITY,v2026-08-11,2026-03-21..2026-08-06,baccarat_bet02_101_all_pairs_incl_sentinel,round_win = game_pnl > 0 (decisive only),COMPATIBILITY_ONLY_NOT_PRODUCTION,234594.9955,169540.3402,9810.4062,19851,11308,-0.04181848,-0.03860046,-0.05116595,-0.04181848,-9810.4062,234594.9955,OK,0.0000,294.3122,3.0000,97.0000,AG03-UNRESOLVED,ALL5_LEVELS_bet23_to_bet27,294.3122,294.3122,294.3122,392.4162,490.5203,3.000000,3.000000,3.000000,4.000000,5.000000,97.000000,97.000000,97.000000,96.000000,95.000000,5.0,1765.8731,1644.6383,8044.5331,8165.7679,PENDING_AG03,FALSE,NOT_FOR_ENFORCEMENT,9516.0940,164454.1300,9810.4062,9516.0940,294.3122,0.04181848,0.04056393,294.3122,9516.0940,0.04056393,294.3122,294.3122,294.3122,392.4162,490.5203,9516.0940,0.04056393,1765.8731,1644.6383,8044.5331,8165.7679,0.03429115,0.03480794,0.00125455,11.8178,14.9930,0.8676,208.7320,5.3202,4991.3829,240.5957,12.7170,9.8041,2.5818,2.84,3.3563,4.9054,16.007,177.8754,0.2582,0.0,5.636364,62.633151,4.16126,29,188,6,10,0.74390005,0.04181848,0.03860046,0E-8,0.000000,0.722694,0.000000,0.01256549,2026-05-12,2026-08-02,47,1844,580,83,0.566265,1.297104,1.076088,2.479667,,,,,,,,GLOBAL_BASELINE_NO_ENTITY_RANKING,,,NOT_APPLICABLE_GLOBAL_BASELINE,HF9g-P5,,,,X 全窗基线 · 不参与实体赏罚,15059910,1506,A168_HF9F_20260827_0900,2026-08-27 09:00:00
2026-07-26,17529000,2188,0,324.2712932123,162.6261843906,162.6261843906,0.7142857,16,10,0.50293873628571138,0.502629140000,1.1183624051707652,1.119996801611343,1.1183624051707652,0.00030959628571138,ELIGIBLE,R03b_20260811_FULL_v1,L1_ELIGIBILITY,v2026-08-11,2026-03-21..2026-08-06,baccarat_bet02_101_all_pairs_incl_sentinel,round_win = game_pnl > 0 (decisive only),COMPATIBILITY_ONLY_NOT_PRODUCTION,234594.9955,169540.3402,9810.4062,19851,11308,-0.04181848,-0.03860046,-0.05116595,-0.04181848,-9810.4062,234594.9955,OK,0.0000,294.3122,3.0000,97.0000,AG03-UNRESOLVED,ALL5_LEVELS_bet23_to_bet27,294.3122,294.3122,294.3122,392.4162,490.5203,3.000000,3.000000,3.000000,4.000000,5.000000,97.000000,97.000000,97.000000,96.000000,95.000000,5.0,1765.8731,1644.6383,8044.5331,8165.7679,PENDING_AG03,FALSE,NOT_FOR_ENFORCEMENT,9516.0940,164454.1300,9810.4062,9516.0940,294.3122,0.04181848,0.04056393,294.3122,9516.0940,0.04056393,294.3122,294.3122,294.3122,392.4162,490.5203,9516.0940,0.04056393,1765.8731,1644.6383,8044.5331,8165.7679,0.03429115,0.03480794,0.00125455,11.8178,14.9930,0.8676,208.7320,5.3202,4991.3829,240.5957,12.7170,9.8041,2.5818,2.84,3.3563,4.9054,16.007,177.8754,0.2582,0.0,5.636364,62.633151,4.16126,29,188,6,10,0.74390005,0.04181848,0.03860046,0E-8,0.000000,0.722694,0.000000,0.01256549,2026-05-12,2026-08-02,47,1844,580,83,0.566265,1.297104,1.076088,2.479667,,,,,,,,GLOBAL_BASELINE_NO_ENTITY_RANKING,,,NOT_APPLICABLE_GLOBAL_BASELINE,HF9g-P5,,,,X 全窗基线 · 不参与实体赏罚,15059911,1506,A168_HF9F_20260827_0900,2026-08-27 09:00:00
2026-07-26,17529000,2201,0,152.8412464822,121.8599127358,121.8599127358,1.0000000,17,11,0.49613416262626522,0.496901463636,3.342367757344351,3.3372422372501718,3.342367757344351,-0.00076730100973478,ELIGIBLE,R03b_20260811_FULL_v1,L1_ELIGIBILITY,v2026-08-11,2026-03-21..2026-08-06,baccarat_bet02_101_all_pairs_incl_sentinel,round_win = game_pnl > 0 (decisive only),COMPATIBILITY_ONLY_NOT_PRODUCTION,234594.9955,169540.3402,9810.4062,19851,11308,-0.04181848,-0.03860046,-0.05116595,-0.04181848,-9810.4062,234594.9955,OK,0.0000,294.3122,3.0000,97.0000,AG03-UNRESOLVED,ALL5_LEVELS_bet23_to_bet27,294.3122,294.3122,294.3122,392.4162,490.5203,3.000000,3.000000,3.000000,4.000000,5.000000,97.000000,97.000000,97.000000,96.000000,95.000000,5.0,1765.8731,1644.6383,8044.5331,8165.7679,PENDING_AG03,FALSE,NOT_FOR_ENFORCEMENT,9516.0940,164454.1300,9810.4062,9516.0940,294.3122,0.04181848,0.04056393,294.3122,9516.0940,0.04056393,294.3122,294.3122,294.3122,392.4162,490.5203,9516.0940,0.04056393,1765.8731,1644.6383,8044.5331,8165.7679,0.03429115,0.03480794,0.00125455,11.8178,14.9930,0.8676,208.7320,5.3202,4991.3829,240.5957,12.7170,9.8041,2.5818,2.84,3.3563,4.9054,16.007,177.8754,0.2582,0.0,5.636364,62.633151,4.16126,29,188,6,10,0.74390005,0.04181848,0.03860046,0E-8,0.000000,0.722694,0.000000,0.01256549,2026-05-12,2026-08-02,47,1844,580,83,0.566265,1.297104,1.076088,2.479667,,,,,,,,GLOBAL_BASELINE_NO_ENTITY_RANKING,,,NOT_APPLICABLE_GLOBAL_BASELINE,HF9g-P5,,,,X 全窗基线 · 不参与实体赏罚,15059912,1506,A168_HF9F_20260827_0900,2026-08-27 09:00:00
2026-07-26,17529000,2209,0,145.3540908268,70.8052564997,70.8052564997,0.6923077,27,15,0.50066772387266885,0.500394940000,1.3819366975293472,1.3839029694374143,1.3819366975293472,0.00027278387266885,ELIGIBLE,R03b_20260811_FULL_v1,L1_ELIGIBILITY,v2026-08-11,2026-03-21..2026-08-06,baccarat_bet02_101_all_pairs_incl_sentinel,round_win = game_pnl > 0 (decisive only),COMPATIBILITY_ONLY_NOT_PRODUCTION,234594.9955,169540.3402,9810.4062,19851,11308,-0.04181848,-0.03860046,-0.05116595,-0.04181848,-9810.4062,234594.9955,OK,0.0000,294.3122,3.0000,97.0000,AG03-UNRESOLVED,ALL5_LEVELS_bet23_to_bet27,294.3122,294.3122,294.3122,392.4162,490.5203,3.000000,3.000000,3.000000,4.000000,5.000000,97.000000,97.000000,97.000000,96.000000,95.000000,5.0,1765.8731,1644.6383,8044.5331,8165.7679,PENDING_AG03,FALSE,NOT_FOR_ENFORCEMENT,9516.0940,164454.1300,9810.4062,9516.0940,294.3122,0.04181848,0.04056393,294.3122,9516.0940,0.04056393,294.3122,294.3122,294.3122,392.4162,490.5203,9516.0940,0.04056393,1765.8731,1644.6383,8044.5331,8165.7679,0.03429115,0.03480794,0.00125455,11.8178,14.9930,0.8676,208.7320,5.3202,4991.3829,240.5957,12.7170,9.8041,2.5818,2.84,3.3563,4.9054,16.007,177.8754,0.2582,0.0,5.636364,62.633151,4.16126,29,188,6,10,0.74390005,0.04181848,0.03860046,0E-8,0.000000,0.722694,0.000000,0.01256549,2026-05-12,2026-08-02,47,1844,580,83,0.566265,1.297104,1.076088,2.479667,,,,,,,,GLOBAL_BASELINE_NO_ENTITY_RANKING,,,NOT_APPLICABLE_GLOBAL_BASELINE,HF9g-P5,,,,X 全窗基线 · 不参与实体赏罚,15059913,1506,A168_HF9F_20260827_0900,2026-08-27 09:00:00
2026-07-26,17529000,2216,0,553.7913407169,225.7248341209,225.7248341209,0.5833333,38,27,0.50165617150213775,0.501437566667,0.800273870661536,0.8024146782500594,0.800273870661536,0.00021860483513775,ELIGIBLE,R03b_20260811_FULL_v1,L1_ELIGIBILITY,v2026-08-11,2026-03-21..2026-08-06,baccarat_bet02_101_all_pairs_incl_sentinel,round_win = game_pnl > 0 (decisive only),COMPATIBILITY_ONLY_NOT_PRODUCTION,234594.9955,169540.3402,9810.4062,19851,11308,-0.04181848,-0.03860046,-0.05116595,-0.04181848,-9810.4062,234594.9955,OK,0.0000,294.3122,3.0000,97.0000,AG03-UNRESOLVED,ALL5_LEVELS_bet23_to_bet27,294.3122,294.3122,294.3122,392.4162,490.5203,3.000000,3.000000,3.000000,4.000000,5.000000,97.000000,97.000000,97.000000,96.000000,95.000000,5.0,1765.8731,1644.6383,8044.5331,8165.7679,PENDING_AG03,FALSE,NOT_FOR_ENFORCEMENT,9516.0940,164454.1300,9810.4062,9516.0940,294.3122,0.04181848,0.04056393,294.3122,9516.0940,0.04056393,294.3122,294.3122,294.3122,392.4162,490.5203,9516.0940,0.04056393,1765.8731,1644.6383,8044.5331,8165.7679,0.03429115,0.03480794,0.00125455,11.8178,14.9930,0.8676,208.7320,5.3202,4991.3829,240.5957,12.7170,9.8041,2.5818,2.84,3.3563,4.9054,16.007,177.8754,0.2582,0.0,5.636364,62.633151,4.16126,29,188,6,10,0.74390005,0.04181848,0.03860046,0E-8,0.000000,0.722694,0.000000,0.01256549,2026-05-12,2026-08-02,47,1844,580,83,0.566265,1.297104,1.076088,2.479667,,,,,,,,GLOBAL_BASELINE_NO_ENTITY_RANKING,,,NOT_APPLICABLE_GLOBAL_BASELINE,HF9g-P5,,,,X 全窗基线 · 不参与实体赏罚,15059914,1506,A168_HF9F_20260827_0900,2026-08-27 09:00:00
2026-07-26,17529000,2229,0,5.6799111868,0E-10,0E-10,,2,1,0.50055742727268436,0.499948100000,,,,0.00060932727268436,NO_DECISIVE_ROUND,R03b_20260811_FULL_v1,L1_ELIGIBILITY,v2026-08-11,2026-03-21..2026-08-06,baccarat_bet02_101_all_pairs_incl_sentinel,round_win = game_pnl > 0 (decisive only),COMPATIBILITY_ONLY_NOT_PRODUCTION,234594.9955,169540.3402,9810.4062,19851,11308,-0.04181848,-0.03860046,-0.05116595,-0.04181848,-9810.4062,234594.9955,OK,0.0000,294.3122,3.0000,97.0000,AG03-UNRESOLVED,ALL5_LEVELS_bet23_to_bet27,294.3122,294.3122,294.3122,392.4162,490.5203,3.000000,3.000000,3.000000,4.000000,5.000000,97.000000,97.000000,97.000000,96.000000,95.000000,5.0,1765.8731,1644.6383,8044.5331,8165.7679,PENDING_AG03,FALSE,NOT_FOR_ENFORCEMENT,9516.0940,164454.1300,9810.4062,9516.0940,294.3122,0.04181848,0.04056393,294.3122,9516.0940,0.04056393,294.3122,294.3122,294.3122,392.4162,490.5203,9516.0940,0.04056393,1765.8731,1644.6383,8044.5331,8165.7679,0.03429115,0.03480794,0.00125455,11.8178,14.9930,0.8676,208.7320,5.3202,4991.3829,240.5957,12.7170,9.8041,2.5818,2.84,3.3563,4.9054,16.007,177.8754,0.2582,0.0,5.636364,62.633151,4.16126,29,188,6,10,0.74390005,0.04181848,0.03860046,0E-8,0.000000,0.722694,0.000000,0.01256549,2026-05-12,2026-08-02,47,1844,580,83,0.566265,1.297104,1.076088,2.479667,,,,,,,,GLOBAL_BASELINE_NO_ENTITY_RANKING,,,NOT_APPLICABLE_GLOBAL_BASELINE,HF9g-P5,,,,X 全窗基线 · 不参与实体赏罚,15059915,1506,A168_HF9F_20260827_0900,2026-08-27 09:00:00
2026-07-26,17529000,2239,0,24.7850669971,1.8846978028,1.8846978028,0.6666667,8,4,0.50016384208389302,0.499948100000,0.5767827345287603,0.5775300591747329,0.5767827345287603,0.00021574208389302,ELIGIBLE,R03b_20260811_FULL_v1,L1_ELIGIBILITY,v2026-08-11,2026-03-21..2026-08-06,baccarat_bet02_101_all_pairs_incl_sentinel,round_win = game_pnl > 0 (decisive only),COMPATIBILITY_ONLY_NOT_PRODUCTION,234594.9955,169540.3402,9810.4062,19851,11308,-0.04181848,-0.03860046,-0.05116595,-0.04181848,-9810.4062,234594.9955,OK,0.0000,294.3122,3.0000,97.0000,AG03-UNRESOLVED,ALL5_LEVELS_bet23_to_bet27,294.3122,294.3122,294.3122,392.4162,490.5203,3.000000,3.000000,3.000000,4.000000,5.000000,97.000000,97.000000,97.000000,96.000000,95.000000,5.0,1765.8731,1644.6383,8044.5331,8165.7679,PENDING_AG03,FALSE,NOT_FOR_ENFORCEMENT,9516.0940,164454.1300,9810.4062,9516.0940,294.3122,0.04181848,0.04056393,294.3122,9516.0940,0.04056393,294.3122,294.3122,294.3122,392.4162,490.5203,9516.0940,0.04056393,1765.8731,1644.6383,8044.5331,8165.7679,0.03429115,0.03480794,0.00125455,11.8178,14.9930,0.8676,208.7320,5.3202,4991.3829,240.5957,12.7170,9.8041,2.5818,2.84,3.3563,4.9054,16.007,177.8754,0.2582,0.0,5.636364,62.633151,4.16126,29,188,6,10,0.74390005,0.04181848,0.03860046,0E-8,0.000000,0.722694,0.000000,0.01256549,2026-05-12,2026-08-02,47,1844,580,83,0.566265,1.297104,1.076088,2.479667,,,,,,,,GLOBAL_BASELINE_NO_ENTITY_RANKING,,,NOT_APPLICABLE_GLOBAL_BASELINE,HF9g-P5,,,,X 全窗基线 · 不参与实体赏罚,15059916,1506,A168_HF9F_20260827_0900,2026-08-27 09:00:00
2026-07-26,17529000,2246,0,717.7342317917,215.0233650893,215.0233650893,0.7500000,26,18,0.50108457954466212,0.501437566667,1.9913280484975138,1.9885076855726873,1.9913280484975138,-0.00035298712233788,ELIGIBLE,R03b_20260811_FULL_v1,L1_ELIGIBILITY,v2026-08-11,2026-03-21..2026-08-06,baccarat_bet02_101_all_pairs_incl_sentinel,round_win = game_pnl > 0 (decisive only),COMPATIBILITY_ONLY_NOT_PRODUCTION,234594.9955,169540.3402,9810.4062,19851,11308,-0.04181848,-0.03860046,-0.05116595,-0.04181848,-9810.4062,234594.9955,OK,0.0000,294.3122,3.0000,97.0000,AG03-UNRESOLVED,ALL5_LEVELS_bet23_to_bet27,294.3122,294.3122,294.3122,392.4162,490.5203,3.000000,3.000000,3.000000,4.000000,5.000000,97.000000,97.000000,97.000000,96.000000,95.000000,5.0,1765.8731,1644.6383,8044.5331,8165.7679,PENDING_AG03,FALSE,NOT_FOR_ENFORCEMENT,9516.0940,164454.1300,9810.4062,9516.0940,294.3122,0.04181848,0.04056393,294.3122,9516.0940,0.04056393,294.3122,294.3122,294.3122,392.4162,490.5203,9516.0940,0.04056393,1765.8731,1644.6383,8044.5331,8165.7679,0.03429115,0.03480794,0.00125455,11.8178,14.9930,0.8676,208.7320,5.3202,4991.3829,240.5957,12.7170,9.8041,2.5818,2.84,3.3563,4.9054,16.007,177.8754,0.2582,0.0,5.636364,62.633151,4.16126,29,188,6,10,0.74390005,0.04181848,0.03860046,0E-8,0.000000,0.722694,0.000000,0.01256549,2026-05-12,2026-08-02,47,1844,580,83,0.566265,1.297104,1.076088,2.479667,,,,,,,,GLOBAL_BASELINE_NO_ENTITY_RANKING,,,NOT_APPLICABLE_GLOBAL_BASELINE,HF9g-P5,,,,X 全窗基线 · 不参与实体赏罚,15059917,1506,A168_HF9F_20260827_0900,2026-08-27 09:00:00
2026-07-26,17529000,2254,0,13.4252446234,-3.3563111558,-3.3563111558,0E-7,4,2,0.49840898444445869,0.499948100000,-1.4097206277756125,-1.4140667746232096,-1.4097206277756125,-0.00153911555554131,ELIGIBLE,R03b_20260811_FULL_v1,L1_ELIGIBILITY,v2026-08-11,2026-03-21..2026-08-06,baccarat_bet02_101_all_pairs_incl_sentinel,round_win = game_pnl > 0 (decisive only),COMPATIBILITY_ONLY_NOT_PRODUCTION,234594.9955,169540.3402,9810.4062,19851,11308,-0.04181848,-0.03860046,-0.05116595,-0.04181848,-9810.4062,234594.9955,OK,0.0000,294.3122,3.0000,97.0000,AG03-UNRESOLVED,ALL5_LEVELS_bet23_to_bet27,294.3122,294.3122,294.3122,392.4162,490.5203,3.000000,3.000000,3.000000,4.000000,5.000000,97.000000,97.000000,97.000000,96.000000,95.000000,5.0,1765.8731,1644.6383,8044.5331,8165.7679,PENDING_AG03,FALSE,NOT_FOR_ENFORCEMENT,9516.0940,164454.1300,9810.4062,9516.0940,294.3122,0.04181848,0.04056393,294.3122,9516.0940,0.04056393,294.3122,294.3122,294.3122,392.4162,490.5203,9516.0940,0.04056393,1765.8731,1644.6383,8044.5331,8165.7679,0.03429115,0.03480794,0.00125455,11.8178,14.9930,0.8676,208.7320,5.3202,4991.3829,240.5957,12.7170,9.8041,2.5818,2.84,3.3563,4.9054,16.007,177.8754,0.2582,0.0,5.636364,62.633151,4.16126,29,188,6,10,0.74390005,0.04181848,0.03860046,0E-8,0.000000,0.722694,0.000000,0.01256549,2026-05-12,2026-08-02,47,1844,580,83,0.566265,1.297104,1.076088,2.479667,,,,,,,,GLOBAL_BASELINE_NO_ENTITY_RANKING,,,NOT_APPLICABLE_GLOBAL_BASELINE,HF9g-P5,,,,X 全窗基线 · 不参与实体赏罚,15059918,1506,A168_HF9F_20260827_0900,2026-08-27 09:00:00
2026-07-26,17529000,2258,0,17.0397335605,0.7099888984,0.7099888984,0.6666667,6,3,0.50054901695839485,0.499948100000,0.5754487655605138,0.5775300591747329,0.5754487655605138,0.00060091695839485,ELIGIBLE,R03b_20260811_FULL_v1,L1_ELIGIBILITY,v2026-08-11,2026-03-21..2026-08-06,baccarat_bet02_101_all_pairs_incl_sentinel,round_win = game_pnl > 0 (decisive only),COMPATIBILITY_ONLY_NOT_PRODUCTION,234594.9955,169540.3402,9810.4062,19851,11308,-0.04181848,-0.03860046,-0.05116595,-0.04181848,-9810.4062,234594.9955,OK,0.0000,294.3122,3.0000,97.0000,AG03-UNRESOLVED,ALL5_LEVELS_bet23_to_bet27,294.3122,294.3122,294.3122,392.4162,490.5203,3.000000,3.000000,3.000000,4.000000,5.000000,97.000000,97.000000,97.000000,96.000000,95.000000,5.0,1765.8731,1644.6383,8044.5331,8165.7679,PENDING_AG03,FALSE,NOT_FOR_ENFORCEMENT,9516.0940,164454.1300,9810.4062,9516.0940,294.3122,0.04181848,0.04056393,294.3122,9516.0940,0.04056393,294.3122,294.3122,294.3122,392.4162,490.5203,9516.0940,0.04056393,1765.8731,1644.6383,8044.5331,8165.7679,0.03429115,0.03480794,0.00125455,11.8178,14.9930,0.8676,208.7320,5.3202,4991.3829,240.5957,12.7170,9.8041,2.5818,2.84,3.3563,4.9054,16.007,177.8754,0.2582,0.0,5.636364,62.633151,4.16126,29,188,6,10,0.74390005,0.04181848,0.03860046,0E-8,0.000000,0.722694,0.000000,0.01256549,2026-05-12,2026-08-02,47,1844,580,83,0.566265,1.297104,1.076088,2.479667,,,,,,,,GLOBAL_BASELINE_NO_ENTITY_RANKING,,,NOT_APPLICABLE_GLOBAL_BASELINE,HF9g-P5,,,,X 全窗基线 · 不参与实体赏罚,15059919,1506,A168_HF9F_20260827_0900,2026-08-27 09:00:00
2026-07-26,17529000,2281,0,56.2827563057,4.5181111713,4.5181111713,0.7777778,18,10,0.49805425280521488,0.498607580000,1.6783538581511386,1.67502768187868,1.6783538581511386,-0.00055332719478512,ELIGIBLE,R03b_20260811_FULL_v1,L1_ELIGIBILITY,v2026-08-11,2026-03-21..2026-08-06,baccarat_bet02_101_all_pairs_incl_sentinel,round_win = game_pnl > 0 (decisive only),COMPATIBILITY_ONLY_NOT_PRODUCTION,234594.9955,169540.3402,9810.4062,19851,11308,-0.04181848,-0.03860046,-0.05116595,-0.04181848,-9810.4062,234594.9955,OK,0.0000,294.3122,3.0000,97.0000,AG03-UNRESOLVED,ALL5_LEVELS_bet23_to_bet27,294.3122,294.3122,294.3122,392.4162,490.5203,3.000000,3.000000,3.000000,4.000000,5.000000,97.000000,97.000000,97.000000,96.000000,95.000000,5.0,1765.8731,1644.6383,8044.5331,8165.7679,PENDING_AG03,FALSE,NOT_FOR_ENFORCEMENT,9516.0940,164454.1300,9810.4062,9516.0940,294.3122,0.04181848,0.04056393,294.3122,9516.0940,0.04056393,294.3122,294.3122,294.3122,392.4162,490.5203,9516.0940,0.04056393,1765.8731,1644.6383,8044.5331,8165.7679,0.03429115,0.03480794,0.00125455,11.8178,14.9930,0.8676,208.7320,5.3202,4991.3829,240.5957,12.7170,9.8041,2.5818,2.84,3.3563,4.9054,16.007,177.8754,0.2582,0.0,5.636364,62.633151,4.16126,29,188,6,10,0.74390005,0.04181848,0.03860046,0E-8,0.000000,0.722694,0.000000,0.01256549,2026-05-12,2026-08-02,47,1844,580,83,0.566265,1.297104,1.076088,2.479667,,,,,,,,GLOBAL_BASELINE_NO_ENTITY_RANKING,,,NOT_APPLICABLE_GLOBAL_BASELINE,HF9g-P5,,,,X 全窗基线 · 不参与实体赏罚,15059920,1506,A168_HF9F_20260827_0900,2026-08-27 09:00:00
2026-07-26,17529000,2287,0,34.5958226834,0.1678155578,0.1678155578,0.3333333,11,6,0.50191201118723886,0.501065200000,-0.5839779400447771,-0.5810415487903619,-0.5839779400447771,0.00084681118723886,ELIGIBLE,R03b_20260811_FULL_v1,L1_ELIGIBILITY,v2026-08-11,2026-03-21..2026-08-06,baccarat_bet02_101_all_pairs_incl_sentinel,round_win = game_pnl > 0 (decisive only),COMPATIBILITY_ONLY_NOT_PRODUCTION,234594.9955,169540.3402,9810.4062,19851,11308,-0.04181848,-0.03860046,-0.05116595,-0.04181848,-9810.4062,234594.9955,OK,0.0000,294.3122,3.0000,97.0000,AG03-UNRESOLVED,ALL5_LEVELS_bet23_to_bet27,294.3122,294.3122,294.3122,392.4162,490.5203,3.000000,3.000000,3.000000,4.000000,5.000000,97.000000,97.000000,97.000000,96.000000,95.000000,5.0,1765.8731,1644.6383,8044.5331,8165.7679,PENDING_AG03,FALSE,NOT_FOR_ENFORCEMENT,9516.0940,164454.1300,9810.4062,9516.0940,294.3122,0.04181848,0.04056393,294.3122,9516.0940,0.04056393,294.3122,294.3122,294.3122,392.4162,490.5203,9516.0940,0.04056393,1765.8731,1644.6383,8044.5331,8165.7679,0.03429115,0.03480794,0.00125455,11.8178,14.9930,0.8676,208.7320,5.3202,4991.3829,240.5957,12.7170,9.8041,2.5818,2.84,3.3563,4.9054,16.007,177.8754,0.2582,0.0,5.636364,62.633151,4.16126,29,188,6,10,0.74390005,0.04181848,0.03860046,0E-8,0.000000,0.722694,0.000000,0.01256549,2026-05-12,2026-08-02,47,1844,580,83,0.566265,1.297104,1.076088,2.479667,,,,,,,,GLOBAL_BASELINE_NO_ENTITY_RANKING,,,NOT_APPLICABLE_GLOBAL_BASELINE,HF9g-P5,,,,X 全窗基线 · 不参与实体赏罚,15059921,1506,A168_HF9F_20260827_0900,2026-08-27 09:00:00
2026-07-26,17529000,526,0,23.4941780909,2.0654222498,2.0654222498,1.0000000,8,4,0.50069444531021569,0.499948100000,1.729646846708159,1.7322306037746105,1.729646846708159,0.00074634531021569,ELIGIBLE,R03b_20260811_FULL_v1,L1_ELIGIBILITY,v2026-08-11,2026-03-21..2026-08-06,baccarat_bet02_101_all_pairs_incl_sentinel,round_win = game_pnl > 0 (decisive only),COMPATIBILITY_ONLY_NOT_PRODUCTION,234594.9955,169540.3402,9810.4062,19851,11308,-0.04181848,-0.03860046,-0.05116595,-0.04181848,-9810.4062,234594.9955,OK,0.0000,294.3122,3.0000,97.0000,AG03-UNRESOLVED,ALL5_LEVELS_bet23_to_bet27,294.3122,294.3122,294.3122,392.4162,490.5203,3.000000,3.000000,3.000000,4.000000,5.000000,97.000000,97.000000,97.000000,96.000000,95.000000,5.0,1765.8731,1644.6383,8044.5331,8165.7679,PENDING_AG03,FALSE,NOT_FOR_ENFORCEMENT,9516.0940,164454.1300,9810.4062,9516.0940,294.3122,0.04181848,0.04056393,294.3122,9516.0940,0.04056393,294.3122,294.3122,294.3122,392.4162,490.5203,9516.0940,0.04056393,1765.8731,1644.6383,8044.5331,8165.7679,0.03429115,0.03480794,0.00125455,11.8178,14.9930,0.8676,208.7320,5.3202,4991.3829,240.5957,12.7170,9.8041,2.5818,2.84,3.3563,4.9054,16.007,177.8754,0.2582,0.0,5.636364,62.633151,4.16126,29,188,6,10,0.74390005,0.04181848,0.03860046,0E-8,0.000000,0.722694,0.000000,0.01256549,2026-05-12,2026-08-02,47,1844,580,83,0.566265,1.297104,1.076088,2.479667,,,,,,,,GLOBAL_BASELINE_NO_ENTITY_RANKING,,,NOT_APPLICABLE_GLOBAL_BASELINE,HF9g-P5,,,,X 全窗基线 · 不参与实体赏罚,15059922,1506,A168_HF9F_20260827_0900,2026-08-27 09:00:00
2026-07-26,17529000,759,0,408.1790721089,119.6008571502,119.6008571502,0.5714286,19,14,0.50339515142857143,0.503299400000,0.5091272345897503,0.5098431355277476,0.5091272345897503,0.00009575142857143,ELIGIBLE,R03b_20260811_FULL_v1,L1_ELIGIBILITY,v2026-08-11,2026-03-21..2026-08-06,baccarat_bet02_101_all_pairs_incl_sentinel,round_win = game_pnl > 0 (decisive only),COMPATIBILITY_ONLY_NOT_PRODUCTION,234594.9955,169540.3402,9810.4062,19851,11308,-0.04181848,-0.03860046,-0.05116595,-0.04181848,-9810.4062,234594.9955,OK,0.0000,294.3122,3.0000,97.0000,AG03-UNRESOLVED,ALL5_LEVELS_bet23_to_bet27,294.3122,294.3122,294.3122,392.4162,490.5203,3.000000,3.000000,3.000000,4.000000,5.000000,97.000000,97.000000,97.000000,96.000000,95.000000,5.0,1765.8731,1644.6383,8044.5331,8165.7679,PENDING_AG03,FALSE,NOT_FOR_ENFORCEMENT,9516.0940,164454.1300,9810.4062,9516.0940,294.3122,0.04181848,0.04056393,294.3122,9516.0940,0.04056393,294.3122,294.3122,294.3122,392.4162,490.5203,9516.0940,0.04056393,1765.8731,1644.6383,8044.5331,8165.7679,0.03429115,0.03480794,0.00125455,11.8178,14.9930,0.8676,208.7320,5.3202,4991.3829,240.5957,12.7170,9.8041,2.5818,2.84,3.3563,4.9054,16.007,177.8754,0.2582,0.0,5.636364,62.633151,4.16126,29,188,6,10,0.74390005,0.04181848,0.03860046,0E-8,0.000000,0.722694,0.000000,0.01256549,2026-05-12,2026-08-02,47,1844,580,83,0.566265,1.297104,1.076088,2.479667,,,,,,,,GLOBAL_BASELINE_NO_ENTITY_RANKING,,,NOT_APPLICABLE_GLOBAL_BASELINE,HF9g-P5,,,,X 全窗基线 · 不参与实体赏罚,15059923,1506,A168_HF9F_20260827_0900,2026-08-27 09:00:00
2026-07-27,17529000,-1,1,3233.9348875623,-1787.3002349408,-1787.3002349408,0.4455446,194,110,0.50001770126548342,0.499826234545,-1.0948967009500161,-1.0910483326981673,-1.0948967009500161,0.00019146672048342,SENTINEL_DEALER,R03b_20260811_FULL_v1,L1_ELIGIBILITY,v2026-08-11,2026-03-21..2026-08-06,baccarat_bet02_101_all_pairs_incl_sentinel,round_win = game_pnl > 0 (decisive only),COMPATIBILITY_ONLY_NOT_PRODUCTION,234594.9955,169540.3402,9810.4062,19851,11308,-0.04181848,-0.03860046,-0.05116595,-0.04181848,-9810.4062,234594.9955,OK,0.0000,294.3122,3.0000,97.0000,AG03-UNRESOLVED,ALL5_LEVELS_bet23_to_bet27,294.3122,294.3122,294.3122,392.4162,490.5203,3.000000,3.000000,3.000000,4.000000,5.000000,97.000000,97.000000,97.000000,96.000000,95.000000,5.0,1765.8731,1644.6383,8044.5331,8165.7679,PENDING_AG03,FALSE,NOT_FOR_ENFORCEMENT,9516.0940,164454.1300,9810.4062,9516.0940,294.3122,0.04181848,0.04056393,294.3122,9516.0940,0.04056393,294.3122,294.3122,294.3122,392.4162,490.5203,9516.0940,0.04056393,1765.8731,1644.6383,8044.5331,8165.7679,0.03429115,0.03480794,0.00125455,11.8178,14.9930,0.8676,208.7320,5.3202,4991.3829,240.5957,12.7170,9.8041,2.5818,2.84,3.3563,4.9054,16.007,177.8754,0.2582,0.0,5.636364,62.633151,4.16126,29,188,6,10,0.74390005,0.04181848,0.03860046,0E-8,0.000000,0.722694,0.000000,0.01256549,2026-05-12,2026-08-02,47,1844,580,83,0.566265,1.297104,1.076088,2.479667,,,,,,,,GLOBAL_BASELINE_NO_ENTITY_RANKING,,,NOT_APPLICABLE_GLOBAL_BASELINE,HF9g-P5,,,,X 全窗基线 · 不参与实体赏罚,15059924,1506,A168_HF9F_20260827_0900,2026-08-27 09:00:00
2026-07-27,17529000,1087,0,5.4217334056,-0.2581777812,-0.2581777812,0E-7,2,1,0.50026727142854788,0.499948100000,-1.0005346858015285,-0.9998962053866608,-1.0005346858015285,0.00031917142854788,ELIGIBLE,R03b_20260811_FULL_v1,L1_ELIGIBILITY,v2026-08-11,2026-03-21..2026-08-06,baccarat_bet02_101_all_pairs_incl_sentinel,round_win = game_pnl > 0 (decisive only),COMPATIBILITY_ONLY_NOT_PRODUCTION,234594.9955,169540.3402,9810.4062,19851,11308,-0.04181848,-0.03860046,-0.05116595,-0.04181848,-9810.4062,234594.9955,OK,0.0000,294.3122,3.0000,97.0000,AG03-UNRESOLVED,ALL5_LEVELS_bet23_to_bet27,294.3122,294.3122,294.3122,392.4162,490.5203,3.000000,3.000000,3.000000,4.000000,5.000000,97.000000,97.000000,97.000000,96.000000,95.000000,5.0,1765.8731,1644.6383,8044.5331,8165.7679,PENDING_AG03,FALSE,NOT_FOR_ENFORCEMENT,9516.0940,164454.1300,9810.4062,9516.0940,294.3122,0.04181848,0.04056393,294.3122,9516.0940,0.04056393,294.3122,294.3122,294.3122,392.4162,490.5203,9516.0940,0.04056393,1765.8731,1644.6383,8044.5331,8165.7679,0.03429115,0.03480794,0.00125455,11.8178,14.9930,0.8676,208.7320,5.3202,4991.3829,240.5957,12.7170,9.8041,2.5818,2.84,3.3563,4.9054,16.007,177.8754,0.2582,0.0,5.636364,62.633151,4.16126,29,188,6,10,0.74390005,0.04181848,0.03860046,0E-8,0.000000,0.722694,0.000000,0.01256549,2026-05-12,2026-08-02,47,1844,580,83,0.566265,1.297104,1.076088,2.479667,,,,,,,,GLOBAL_BASELINE_NO_ENTITY_RANKING,,,NOT_APPLICABLE_GLOBAL_BASELINE,HF9g-P5,,,,X 全窗基线 · 不参与实体赏罚,15059925,1506,A168_HF9F_20260827_0900,2026-08-27 09:00:00
2026-07-27,17529000,1094,0,5.6799111868,0E-10,0E-10,,2,1,0.50055742727268436,0.499948100000,,,,0.00060932727268436,NO_DECISIVE_ROUND,R03b_20260811_FULL_v1,L1_ELIGIBILITY,v2026-08-11,2026-03-21..2026-08-06,baccarat_bet02_101_all_pairs_incl_sentinel,round_win = game_pnl > 0 (decisive only),COMPATIBILITY_ONLY_NOT_PRODUCTION,234594.9955,169540.3402,9810.4062,19851,11308,-0.04181848,-0.03860046,-0.05116595,-0.04181848,-9810.4062,234594.9955,OK,0.0000,294.3122,3.0000,97.0000,AG03-UNRESOLVED,ALL5_LEVELS_bet23_to_bet27,294.3122,294.3122,294.3122,392.4162,490.5203,3.000000,3.000000,3.000000,4.000000,5.000000,97.000000,97.000000,97.000000,96.000000,95.000000,5.0,1765.8731,1644.6383,8044.5331,8165.7679,PENDING_AG03,FALSE,NOT_FOR_ENFORCEMENT,9516.0940,164454.1300,9810.4062,9516.0940,294.3122,0.04181848,0.04056393,294.3122,9516.0940,0.04056393,294.3122,294.3122,294.3122,392.4162,490.5203,9516.0940,0.04056393,1765.8731,1644.6383,8044.5331,8165.7679,0.03429115,0.03480794,0.00125455,11.8178,14.9930,0.8676,208.7320,5.3202,4991.3829,240.5957,12.7170,9.8041,2.5818,2.84,3.3563,4.9054,16.007,177.8754,0.2582,0.0,5.636364,62.633151,4.16126,29,188,6,10,0.74390005,0.04181848,0.03860046,0E-8,0.000000,0.722694,0.000000,0.01256549,2026-05-12,2026-08-02,47,1844,580,83,0.566265,1.297104,1.076088,2.479667,,,,,,,,GLOBAL_BASELINE_NO_ENTITY_RANKING,,,NOT_APPLICABLE_GLOBAL_BASELINE,HF9g-P5,,,,X 全窗基线 · 不参与实体赏罚,15059926,1506,A168_HF9F_20260827_0900,2026-08-27 09:00:00
2026-07-27,17529000,1151,0,14.9743113108,-2.0654222498,-2.0654222498,0E-7,3,2,0.50425691428572753,0.503299400000,-1.008550381760726,-1.0066207164660794,-1.008550381760726,0.00095751428572753,ELIGIBLE,R03b_20260811_FULL_v1,L1_ELIGIBILITY,v2026-08-11,2026-03-21..2026-08-06,baccarat_bet02_101_all_pairs_incl_sentinel,round_win = game_pnl > 0 (decisive only),COMPATIBILITY_ONLY_NOT_PRODUCTION,234594.9955,169540.3402,9810.4062,19851,11308,-0.04181848,-0.03860046,-0.05116595,-0.04181848,-9810.4062,234594.9955,OK,0.0000,294.3122,3.0000,97.0000,AG03-UNRESOLVED,ALL5_LEVELS_bet23_to_bet27,294.3122,294.3122,294.3122,392.4162,490.5203,3.000000,3.000000,3.000000,4.000000,5.000000,97.000000,97.000000,97.000000,96.000000,95.000000,5.0,1765.8731,1644.6383,8044.5331,8165.7679,PENDING_AG03,FALSE,NOT_FOR_ENFORCEMENT,9516.0940,164454.1300,9810.4062,9516.0940,294.3122,0.04181848,0.04056393,294.3122,9516.0940,0.04056393,294.3122,294.3122,294.3122,392.4162,490.5203,9516.0940,0.04056393,1765.8731,1644.6383,8044.5331,8165.7679,0.03429115,0.03480794,0.00125455,11.8178,14.9930,0.8676,208.7320,5.3202,4991.3829,240.5957,12.7170,9.8041,2.5818,2.84,3.3563,4.9054,16.007,177.8754,0.2582,0.0,5.636364,62.633151,4.16126,29,188,6,10,0.74390005,0.04181848,0.03860046,0E-8,0.000000,0.722694,0.000000,0.01256549,2026-05-12,2026-08-02,47,1844,580,83,0.566265,1.297104,1.076088,2.479667,,,,,,,,GLOBAL_BASELINE_NO_ENTITY_RANKING,,,NOT_APPLICABLE_GLOBAL_BASELINE,HF9g-P5,,,,X 全窗基线 · 不参与实体赏罚,15059927,1506,A168_HF9F_20260827_0900,2026-08-27 09:00:00
2026-07-27,17529000,1323,0,41.5666227764,4.9053778432,4.9053778432,0.2500000,5,4,0.50205817777777066,0.501623750000,-1.0082412531602725,-1.0065003074190721,-1.0082412531602725,0.00043442777777066,ELIGIBLE,R03b_20260811_FULL_v1,L1_ELIGIBILITY,v2026-08-11,2026-03-21..2026-08-06,baccarat_bet02_101_all_pairs_incl_sentinel,round_win = game_pnl > 0 (decisive only),COMPATIBILITY_ONLY_NOT_PRODUCTION,234594.9955,169540.3402,9810.4062,19851,11308,-0.04181848,-0.03860046,-0.05116595,-0.04181848,-9810.4062,234594.9955,OK,0.0000,294.3122,3.0000,97.0000,AG03-UNRESOLVED,ALL5_LEVELS_bet23_to_bet27,294.3122,294.3122,294.3122,392.4162,490.5203,3.000000,3.000000,3.000000,4.000000,5.000000,97.000000,97.000000,97.000000,96.000000,95.000000,5.0,1765.8731,1644.6383,8044.5331,8165.7679,PENDING_AG03,FALSE,NOT_FOR_ENFORCEMENT,9516.0940,164454.1300,9810.4062,9516.0940,294.3122,0.04181848,0.04056393,294.3122,9516.0940,0.04056393,294.3122,294.3122,294.3122,392.4162,490.5203,9516.0940,0.04056393,1765.8731,1644.6383,8044.5331,8165.7679,0.03429115,0.03480794,0.00125455,11.8178,14.9930,0.8676,208.7320,5.3202,4991.3829,240.5957,12.7170,9.8041,2.5818,2.84,3.3563,4.9054,16.007,177.8754,0.2582,0.0,5.636364,62.633151,4.16126,29,188,6,10,0.74390005,0.04181848,0.03860046,0E-8,0.000000,0.722694,0.000000,0.01256549,2026-05-12,2026-08-02,47,1844,580,83,0.566265,1.297104,1.076088,2.479667,,,,,,,,GLOBAL_BASELINE_NO_ENTITY_RANKING,,,NOT_APPLICABLE_GLOBAL_BASELINE,HF9g-P5,,,,X 全窗基线 · 不参与实体赏罚,15059928,1506,A168_HF9F_20260827_0900,2026-08-27 09:00:00
2026-07-27,17529000,1331,0,11.8761779361,-0.5163555624,-0.5163555624,0E-7,4,2,0.50081131363635120,0.499948100000,-1.0016239458710627,-0.9998962053866608,-1.0016239458710627,0.00086321363635120,ELIGIBLE,R03b_20260811_FULL_v1,L1_ELIGIBILITY,v2026-08-11,2026-03-21..2026-08-06,baccarat_bet02_101_all_pairs_incl_sentinel,round_win = game_pnl > 0 (decisive only),COMPATIBILITY_ONLY_NOT_PRODUCTION,234594.9955,169540.3402,9810.4062,19851,11308,-0.04181848,-0.03860046,-0.05116595,-0.04181848,-9810.4062,234594.9955,OK,0.0000,294.3122,3.0000,97.0000,AG03-UNRESOLVED,ALL5_LEVELS_bet23_to_bet27,294.3122,294.3122,294.3122,392.4162,490.5203,3.000000,3.000000,3.000000,4.000000,5.000000,97.000000,97.000000,97.000000,96.000000,95.000000,5.0,1765.8731,1644.6383,8044.5331,8165.7679,PENDING_AG03,FALSE,NOT_FOR_ENFORCEMENT,9516.0940,164454.1300,9810.4062,9516.0940,294.3122,0.04181848,0.04056393,294.3122,9516.0940,0.04056393,294.3122,294.3122,294.3122,392.4162,490.5203,9516.0940,0.04056393,1765.8731,1644.6383,8044.5331,8165.7679,0.03429115,0.03480794,0.00125455,11.8178,14.9930,0.8676,208.7320,5.3202,4991.3829,240.5957,12.7170,9.8041,2.5818,2.84,3.3563,4.9054,16.007,177.8754,0.2582,0.0,5.636364,62.633151,4.16126,29,188,6,10,0.74390005,0.04181848,0.03860046,0E-8,0.000000,0.722694,0.000000,0.01256549,2026-05-12,2026-08-02,47,1844,580,83,0.566265,1.297104,1.076088,2.479667,,,,,,,,GLOBAL_BASELINE_NO_ENTITY_RANKING,,,NOT_APPLICABLE_GLOBAL_BASELINE,HF9g-P5,,,,X 全窗基线 · 不参与实体赏罚,15059929,1506,A168_HF9F_20260827_0900,2026-08-27 09:00:00
2026-07-27,17529000,1385,0,17.5560891229,1.2005266827,1.2005266827,0.6666667,6,3,0.50070443956707741,0.499948100000,0.5749105895294611,0.5775300591747329,0.5749105895294611,0.00075633956707741,ELIGIBLE,R03b_20260811_FULL_v1,L1_ELIGIBILITY,v2026-08-11,2026-03-21..2026-08-06,baccarat_bet02_101_all_pairs_incl_sentinel,round_win = game_pnl > 0 (decisive only),COMPATIBILITY_ONLY_NOT_PRODUCTION,234594.9955,169540.3402,9810.4062,19851,11308,-0.04181848,-0.03860046,-0.05116595,-0.04181848,-9810.4062,234594.9955,OK,0.0000,294.3122,3.0000,97.0000,AG03-UNRESOLVED,ALL5_LEVELS_bet23_to_bet27,294.3122,294.3122,294.3122,392.4162,490.5203,3.000000,3.000000,3.000000,4.000000,5.000000,97.000000,97.000000,97.000000,96.000000,95.000000,5.0,1765.8731,1644.6383,8044.5331,8165.7679,PENDING_AG03,FALSE,NOT_FOR_ENFORCEMENT,9516.0940,164454.1300,9810.4062,9516.0940,294.3122,0.04181848,0.04056393,294.3122,9516.0940,0.04056393,294.3122,294.3122,294.3122,392.4162,490.5203,9516.0940,0.04056393,1765.8731,1644.6383,8044.5331,8165.7679,0.03429115,0.03480794,0.00125455,11.8178,14.9930,0.8676,208.7320,5.3202,4991.3829,240.5957,12.7170,9.8041,2.5818,2.84,3.3563,4.9054,16.007,177.8754,0.2582,0.0,5.636364,62.633151,4.16126,29,188,6,10,0.74390005,0.04181848,0.03860046,0E-8,0.000000,0.722694,0.000000,0.01256549,2026-05-12,2026-08-02,47,1844,580,83,0.566265,1.297104,1.076088,2.479667,,,,,,,,GLOBAL_BASELINE_NO_ENTITY_RANKING,,,NOT_APPLICABLE_GLOBAL_BASELINE,HF9g-P5,,,,X 全窗基线 · 不参与实体赏罚,15059930,1506,A168_HF9F_20260827_0900,2026-08-27 09:00:00
2026-07-27,17529000,1399,0,8.0035112178,-2.9690444840,-2.9690444840,0E-7,3,2,0.50313981428572606,0.503299400000,-1.4231223580571035,-1.4235766693920513,-1.4231223580571035,-0.00015958571427394,ELIGIBLE,R03b_20260811_FULL_v1,L1_ELIGIBILITY,v2026-08-11,2026-03-21..2026-08-06,baccarat_bet02_101_all_pairs_incl_sentinel,round_win = game_pnl > 0 (decisive only),COMPATIBILITY_ONLY_NOT_PRODUCTION,234594.9955,169540.3402,9810.4062,19851,11308,-0.04181848,-0.03860046,-0.05116595,-0.04181848,-9810.4062,234594.9955,OK,0.0000,294.3122,3.0000,97.0000,AG03-UNRESOLVED,ALL5_LEVELS_bet23_to_bet27,294.3122,294.3122,294.3122,392.4162,490.5203,3.000000,3.000000,3.000000,4.000000,5.000000,97.000000,97.000000,97.000000,96.000000,95.000000,5.0,1765.8731,1644.6383,8044.5331,8165.7679,PENDING_AG03,FALSE,NOT_FOR_ENFORCEMENT,9516.0940,164454.1300,9810.4062,9516.0940,294.3122,0.04181848,0.04056393,294.3122,9516.0940,0.04056393,294.3122,294.3122,294.3122,392.4162,490.5203,9516.0940,0.04056393,1765.8731,1644.6383,8044.5331,8165.7679,0.03429115,0.03480794,0.00125455,11.8178,14.9930,0.8676,208.7320,5.3202,4991.3829,240.5957,12.7170,9.8041,2.5818,2.84,3.3563,4.9054,16.007,177.8754,0.2582,0.0,5.636364,62.633151,4.16126,29,188,6,10,0.74390005,0.04181848,0.03860046,0E-8,0.000000,0.722694,0.000000,0.01256549,2026-05-12,2026-08-02,47,1844,580,83,0.566265,1.297104,1.076088,2.479667,,,,,,,,GLOBAL_BASELINE_NO_ENTITY_RANKING,,,NOT_APPLICABLE_GLOBAL_BASELINE,HF9g-P5,,,,X 全窗基线 · 不参与实体赏罚,15059931,1506,A168_HF9F_20260827_0900,2026-08-27 09:00:00
2026-07-27,17529000,1402,0,96.5584901763,24.5268892159,24.5268892159,0.2000000,7,5,0.50456053388306879,0.503969660000,-1.362092774120296,-1.3594364909357963,-1.362092774120296,0.00059087388306879,ELIGIBLE,R03b_20260811_FULL_v1,L1_ELIGIBILITY,v2026-08-11,2026-03-21..2026-08-06,baccarat_bet02_101_all_pairs_incl_sentinel,round_win = game_pnl > 0 (decisive only),COMPATIBILITY_ONLY_NOT_PRODUCTION,234594.9955,169540.3402,9810.4062,19851,11308,-0.04181848,-0.03860046,-0.05116595,-0.04181848,-9810.4062,234594.9955,OK,0.0000,294.3122,3.0000,97.0000,AG03-UNRESOLVED,ALL5_LEVELS_bet23_to_bet27,294.3122,294.3122,294.3122,392.4162,490.5203,3.000000,3.000000,3.000000,4.000000,5.000000,97.000000,97.000000,97.000000,96.000000,95.000000,5.0,1765.8731,1644.6383,8044.5331,8165.7679,PENDING_AG03,FALSE,NOT_FOR_ENFORCEMENT,9516.0940,164454.1300,9810.4062,9516.0940,294.3122,0.04181848,0.04056393,294.3122,9516.0940,0.04056393,294.3122,294.3122,294.3122,392.4162,490.5203,9516.0940,0.04056393,1765.8731,1644.6383,8044.5331,8165.7679,0.03429115,0.03480794,0.00125455,11.8178,14.9930,0.8676,208.7320,5.3202,4991.3829,240.5957,12.7170,9.8041,2.5818,2.84,3.3563,4.9054,16.007,177.8754,0.2582,0.0,5.636364,62.633151,4.16126,29,188,6,10,0.74390005,0.04181848,0.03860046,0E-8,0.000000,0.722694,0.000000,0.01256549,2026-05-12,2026-08-02,47,1844,580,83,0.566265,1.297104,1.076088,2.479667,,,,,,,,GLOBAL_BASELINE_NO_ENTITY_RANKING,,,NOT_APPLICABLE_GLOBAL_BASELINE,HF9g-P5,,,,X 全窗基线 · 不参与实体赏罚,15059932,1506,A168_HF9F_20260827_0900,2026-08-27 09:00:00
2026-07-27,17529000,1405,0,11.3598223737,0.7228977875,0.7228977875,1.0000000,4,2,0.50054481180125009,0.499948100000,1.4126734405159815,1.4143603653603398,1.4126734405159815,0.00059671180125009,ELIGIBLE,R03b_20260811_FULL_v1,L1_ELIGIBILITY,v2026-08-11,2026-03-21..2026-08-06,baccarat_bet02_101_all_pairs_incl_sentinel,round_win = game_pnl > 0 (decisive only),COMPATIBILITY_ONLY_NOT_PRODUCTION,234594.9955,169540.3402,9810.4062,19851,11308,-0.04181848,-0.03860046,-0.05116595,-0.04181848,-9810.4062,234594.9955,OK,0.0000,294.3122,3.0000,97.0000,AG03-UNRESOLVED,ALL5_LEVELS_bet23_to_bet27,294.3122,294.3122,294.3122,392.4162,490.5203,3.000000,3.000000,3.000000,4.000000,5.000000,97.000000,97.000000,97.000000,96.000000,95.000000,5.0,1765.8731,1644.6383,8044.5331,8165.7679,PENDING_AG03,FALSE,NOT_FOR_ENFORCEMENT,9516.0940,164454.1300,9810.4062,9516.0940,294.3122,0.04181848,0.04056393,294.3122,9516.0940,0.04056393,294.3122,294.3122,294.3122,392.4162,490.5203,9516.0940,0.04056393,1765.8731,1644.6383,8044.5331,8165.7679,0.03429115,0.03480794,0.00125455,11.8178,14.9930,0.8676,208.7320,5.3202,4991.3829,240.5957,12.7170,9.8041,2.5818,2.84,3.3563,4.9054,16.007,177.8754,0.2582,0.0,5.636364,62.633151,4.16126,29,188,6,10,0.74390005,0.04181848,0.03860046,0E-8,0.000000,0.722694,0.000000,0.01256549,2026-05-12,2026-08-02,47,1844,580,83,0.566265,1.297104,1.076088,2.479667,,,,,,,,GLOBAL_BASELINE_NO_ENTITY_RANKING,,,NOT_APPLICABLE_GLOBAL_BASELINE,HF9g-P5,,,,X 全窗基线 · 不参与实体赏罚,15059933,1506,A168_HF9F_20260827_0900,2026-08-27 09:00:00
2026-07-27,17529000,1505,0,5.4217334056,-0.2581777812,-0.2581777812,0E-7,2,1,0.50026727142854788,0.499948100000,-1.0005346858015285,-0.9998962053866608,-1.0005346858015285,0.00031917142854788,ELIGIBLE,R03b_20260811_FULL_v1,L1_ELIGIBILITY,v2026-08-11,2026-03-21..2026-08-06,baccarat_bet02_101_all_pairs_incl_sentinel,round_win = game_pnl > 0 (decisive only),COMPATIBILITY_ONLY_NOT_PRODUCTION,234594.9955,169540.3402,9810.4062,19851,11308,-0.04181848,-0.03860046,-0.05116595,-0.04181848,-9810.4062,234594.9955,OK,0.0000,294.3122,3.0000,97.0000,AG03-UNRESOLVED,ALL5_LEVELS_bet23_to_bet27,294.3122,294.3122,294.3122,392.4162,490.5203,3.000000,3.000000,3.000000,4.000000,5.000000,97.000000,97.000000,97.000000,96.000000,95.000000,5.0,1765.8731,1644.6383,8044.5331,8165.7679,PENDING_AG03,FALSE,NOT_FOR_ENFORCEMENT,9516.0940,164454.1300,9810.4062,9516.0940,294.3122,0.04181848,0.04056393,294.3122,9516.0940,0.04056393,294.3122,294.3122,294.3122,392.4162,490.5203,9516.0940,0.04056393,1765.8731,1644.6383,8044.5331,8165.7679,0.03429115,0.03480794,0.00125455,11.8178,14.9930,0.8676,208.7320,5.3202,4991.3829,240.5957,12.7170,9.8041,2.5818,2.84,3.3563,4.9054,16.007,177.8754,0.2582,0.0,5.636364,62.633151,4.16126,29,188,6,10,0.74390005,0.04181848,0.03860046,0E-8,0.000000,0.722694,0.000000,0.01256549,2026-05-12,2026-08-02,47,1844,580,83,0.566265,1.297104,1.076088,2.479667,,,,,,,,GLOBAL_BASELINE_NO_ENTITY_RANKING,,,NOT_APPLICABLE_GLOBAL_BASELINE,HF9g-P5,,,,X 全窗基线 · 不参与实体赏罚,15059934,1506,A168_HF9F_20260827_0900,2026-08-27 09:00:00
2026-07-27,17529000,1507,0,11.6180001549,-11.6180001549,-11.6180001549,0E-7,1,1,0.50665070000000000,0.506650700000,-1.013391052207602,-1.013391052207602,-1.013391052207602,0E-17,ELIGIBLE,R03b_20260811_FULL_v1,L1_ELIGIBILITY,v2026-08-11,2026-03-21..2026-08-06,baccarat_bet02_101_all_pairs_incl_sentinel,round_win = game_pnl > 0 (decisive only),COMPATIBILITY_ONLY_NOT_PRODUCTION,234594.9955,169540.3402,9810.4062,19851,11308,-0.04181848,-0.03860046,-0.05116595,-0.04181848,-9810.4062,234594.9955,OK,0.0000,294.3122,3.0000,97.0000,AG03-UNRESOLVED,ALL5_LEVELS_bet23_to_bet27,294.3122,294.3122,294.3122,392.4162,490.5203,3.000000,3.000000,3.000000,4.000000,5.000000,97.000000,97.000000,97.000000,96.000000,95.000000,5.0,1765.8731,1644.6383,8044.5331,8165.7679,PENDING_AG03,FALSE,NOT_FOR_ENFORCEMENT,9516.0940,164454.1300,9810.4062,9516.0940,294.3122,0.04181848,0.04056393,294.3122,9516.0940,0.04056393,294.3122,294.3122,294.3122,392.4162,490.5203,9516.0940,0.04056393,1765.8731,1644.6383,8044.5331,8165.7679,0.03429115,0.03480794,0.00125455,11.8178,14.9930,0.8676,208.7320,5.3202,4991.3829,240.5957,12.7170,9.8041,2.5818,2.84,3.3563,4.9054,16.007,177.8754,0.2582,0.0,5.636364,62.633151,4.16126,29,188,6,10,0.74390005,0.04181848,0.03860046,0E-8,0.000000,0.722694,0.000000,0.01256549,2026-05-12,2026-08-02,47,1844,580,83,0.566265,1.297104,1.076088,2.479667,,,,,,,,GLOBAL_BASELINE_NO_ENTITY_RANKING,,,NOT_APPLICABLE_GLOBAL_BASELINE,HF9g-P5,,,,X 全窗基线 · 不参与实体赏罚,15059935,1506,A168_HF9F_20260827_0900,2026-08-27 09:00:00
2026-07-27,17529000,1509,0,18.0724446854,0.5809000078,0.5809000078,0.5000000,6,3,0.50088946648221222,0.499948100000,-0.002515795105590497,0.00014679536856514622,-0.002515795105590497,0.00094136648221222,ELIGIBLE,R03b_20260811_FULL_v1,L1_ELIGIBILITY,v2026-08-11,2026-03-21..2026-08-06,baccarat_bet02_101_all_pairs_incl_sentinel,round_win = game_pnl > 0 (decisive only),COMPATIBILITY_ONLY_NOT_PRODUCTION,234594.9955,169540.3402,9810.4062,19851,11308,-0.04181848,-0.03860046,-0.05116595,-0.04181848,-9810.4062,234594.9955,OK,0.0000,294.3122,3.0000,97.0000,AG03-UNRESOLVED,ALL5_LEVELS_bet23_to_bet27,294.3122,294.3122,294.3122,392.4162,490.5203,3.000000,3.000000,3.000000,4.000000,5.000000,97.000000,97.000000,97.000000,96.000000,95.000000,5.0,1765.8731,1644.6383,8044.5331,8165.7679,PENDING_AG03,FALSE,NOT_FOR_ENFORCEMENT,9516.0940,164454.1300,9810.4062,9516.0940,294.3122,0.04181848,0.04056393,294.3122,9516.0940,0.04056393,294.3122,294.3122,294.3122,392.4162,490.5203,9516.0940,0.04056393,1765.8731,1644.6383,8044.5331,8165.7679,0.03429115,0.03480794,0.00125455,11.8178,14.9930,0.8676,208.7320,5.3202,4991.3829,240.5957,12.7170,9.8041,2.5818,2.84,3.3563,4.9054,16.007,177.8754,0.2582,0.0,5.636364,62.633151,4.16126,29,188,6,10,0.74390005,0.04181848,0.03860046,0E-8,0.000000,0.722694,0.000000,0.01256549,2026-05-12,2026-08-02,47,1844,580,83,0.566265,1.297104,1.076088,2.479667,,,,,,,,GLOBAL_BASELINE_NO_ENTITY_RANKING,,,NOT_APPLICABLE_GLOBAL_BASELINE,HF9g-P5,,,,X 全窗基线 · 不参与实体赏罚,15059936,1506,A168_HF9F_20260827_0900,2026-08-27 09:00:00
2026-07-27,17529000,1957,0,18.8469780290,6.5835334212,6.5835334212,0.3333333,5,3,0.50249179956707741,0.502182300000,-0.5859893930322794,-0.5849155494134426,-0.5859893930322794,0.00030949956707741,ELIGIBLE,R03b_20260811_FULL_v1,L1_ELIGIBILITY,v2026-08-11,2026-03-21..2026-08-06,baccarat_bet02_101_all_pairs_incl_sentinel,round_win = game_pnl > 0 (decisive only),COMPATIBILITY_ONLY_NOT_PRODUCTION,234594.9955,169540.3402,9810.4062,19851,11308,-0.04181848,-0.03860046,-0.05116595,-0.04181848,-9810.4062,234594.9955,OK,0.0000,294.3122,3.0000,97.0000,AG03-UNRESOLVED,ALL5_LEVELS_bet23_to_bet27,294.3122,294.3122,294.3122,392.4162,490.5203,3.000000,3.000000,3.000000,4.000000,5.000000,97.000000,97.000000,97.000000,96.000000,95.000000,5.0,1765.8731,1644.6383,8044.5331,8165.7679,PENDING_AG03,FALSE,NOT_FOR_ENFORCEMENT,9516.0940,164454.1300,9810.4062,9516.0940,294.3122,0.04181848,0.04056393,294.3122,9516.0940,0.04056393,294.3122,294.3122,294.3122,392.4162,490.5203,9516.0940,0.04056393,1765.8731,1644.6383,8044.5331,8165.7679,0.03429115,0.03480794,0.00125455,11.8178,14.9930,0.8676,208.7320,5.3202,4991.3829,240.5957,12.7170,9.8041,2.5818,2.84,3.3563,4.9054,16.007,177.8754,0.2582,0.0,5.636364,62.633151,4.16126,29,188,6,10,0.74390005,0.04181848,0.03860046,0E-8,0.000000,0.722694,0.000000,0.01256549,2026-05-12,2026-08-02,47,1844,580,83,0.566265,1.297104,1.076088,2.479667,,,,,,,,GLOBAL_BASELINE_NO_ENTITY_RANKING,,,NOT_APPLICABLE_GLOBAL_BASELINE,HF9g-P5,,,,X 全窗基线 · 不参与实体赏罚,15059937,1506,A168_HF9F_20260827_0900,2026-08-27 09:00:00
2026-07-27,17529000,2093,0,3659.6700487955,3.8726667182,3.8726667182,0.7142857,17,9,0.49868604823264082,0.499203366667,1.1408501375421707,1.138110250944722,1.1408501375421707,-0.00051731843435918,ELIGIBLE,R03b_20260811_FULL_v1,L1_ELIGIBILITY,v2026-08-11,2026-03-21..2026-08-06,baccarat_bet02_101_all_pairs_incl_sentinel,round_win = game_pnl > 0 (decisive only),COMPATIBILITY_ONLY_NOT_PRODUCTION,234594.9955,169540.3402,9810.4062,19851,11308,-0.04181848,-0.03860046,-0.05116595,-0.04181848,-9810.4062,234594.9955,OK,0.0000,294.3122,3.0000,97.0000,AG03-UNRESOLVED,ALL5_LEVELS_bet23_to_bet27,294.3122,294.3122,294.3122,392.4162,490.5203,3.000000,3.000000,3.000000,4.000000,5.000000,97.000000,97.000000,97.000000,96.000000,95.000000,5.0,1765.8731,1644.6383,8044.5331,8165.7679,PENDING_AG03,FALSE,NOT_FOR_ENFORCEMENT,9516.0940,164454.1300,9810.4062,9516.0940,294.3122,0.04181848,0.04056393,294.3122,9516.0940,0.04056393,294.3122,294.3122,294.3122,392.4162,490.5203,9516.0940,0.04056393,1765.8731,1644.6383,8044.5331,8165.7679,0.03429115,0.03480794,0.00125455,11.8178,14.9930,0.8676,208.7320,5.3202,4991.3829,240.5957,12.7170,9.8041,2.5818,2.84,3.3563,4.9054,16.007,177.8754,0.2582,0.0,5.636364,62.633151,4.16126,29,188,6,10,0.74390005,0.04181848,0.03860046,0E-8,0.000000,0.722694,0.000000,0.01256549,2026-05-12,2026-08-02,47,1844,580,83,0.566265,1.297104,1.076088,2.479667,,,,,,,,GLOBAL_BASELINE_NO_ENTITY_RANKING,,,NOT_APPLICABLE_GLOBAL_BASELINE,HF9g-P5,,,,X 全窗基线 · 不参与实体赏罚,15059938,1506,A168_HF9F_20260827_0900,2026-08-27 09:00:00
2026-07-27,17529000,2130,0,21.1705780600,1.4845222421,1.4845222421,0.2500000,6,4,0.49946063818182891,0.499948100000,-0.9978431332949131,-0.9997924053861017,-0.9978431332949131,-0.00048746181817109,ELIGIBLE,R03b_20260811_FULL_v1,L1_ELIGIBILITY,v2026-08-11,2026-03-21..2026-08-06,baccarat_bet02_101_all_pairs_incl_sentinel,round_win = game_pnl > 0 (decisive only),COMPATIBILITY_ONLY_NOT_PRODUCTION,234594.9955,169540.3402,9810.4062,19851,11308,-0.04181848,-0.03860046,-0.05116595,-0.04181848,-9810.4062,234594.9955,OK,0.0000,294.3122,3.0000,97.0000,AG03-UNRESOLVED,ALL5_LEVELS_bet23_to_bet27,294.3122,294.3122,294.3122,392.4162,490.5203,3.000000,3.000000,3.000000,4.000000,5.000000,97.000000,97.000000,97.000000,96.000000,95.000000,5.0,1765.8731,1644.6383,8044.5331,8165.7679,PENDING_AG03,FALSE,NOT_FOR_ENFORCEMENT,9516.0940,164454.1300,9810.4062,9516.0940,294.3122,0.04181848,0.04056393,294.3122,9516.0940,0.04056393,294.3122,294.3122,294.3122,392.4162,490.5203,9516.0940,0.04056393,1765.8731,1644.6383,8044.5331,8165.7679,0.03429115,0.03480794,0.00125455,11.8178,14.9930,0.8676,208.7320,5.3202,4991.3829,240.5957,12.7170,9.8041,2.5818,2.84,3.3563,4.9054,16.007,177.8754,0.2582,0.0,5.636364,62.633151,4.16126,29,188,6,10,0.74390005,0.04181848,0.03860046,0E-8,0.000000,0.722694,0.000000,0.01256549,2026-05-12,2026-08-02,47,1844,580,83,0.566265,1.297104,1.076088,2.479667,,,,,,,,GLOBAL_BASELINE_NO_ENTITY_RANKING,,,NOT_APPLICABLE_GLOBAL_BASELINE,HF9g-P5,,,,X 全窗基线 · 不参与实体赏罚,15059939,1506,A168_HF9F_20260827_0900,2026-08-27 09:00:00
2026-07-27,17529000,2140,0,24.5268892159,0.5809000078,0.5809000078,0.5000000,7,4,0.50229893208811406,0.501623750000,-0.009195825554478254,-0.006495034249238073,-0.009195825554478254,0.00067518208811406,ELIGIBLE,R03b_20260811_FULL_v1,L1_ELIGIBILITY,v2026-08-11,2026-03-21..2026-08-06,baccarat_bet02_101_all_pairs_incl_sentinel,round_win = game_pnl > 0 (decisive only),COMPATIBILITY_ONLY_NOT_PRODUCTION,234594.9955,169540.3402,9810.4062,19851,11308,-0.04181848,-0.03860046,-0.05116595,-0.04181848,-9810.4062,234594.9955,OK,0.0000,294.3122,3.0000,97.0000,AG03-UNRESOLVED,ALL5_LEVELS_bet23_to_bet27,294.3122,294.3122,294.3122,392.4162,490.5203,3.000000,3.000000,3.000000,4.000000,5.000000,97.000000,97.000000,97.000000,96.000000,95.000000,5.0,1765.8731,1644.6383,8044.5331,8165.7679,PENDING_AG03,FALSE,NOT_FOR_ENFORCEMENT,9516.0940,164454.1300,9810.4062,9516.0940,294.3122,0.04181848,0.04056393,294.3122,9516.0940,0.04056393,294.3122,294.3122,294.3122,392.4162,490.5203,9516.0940,0.04056393,1765.8731,1644.6383,8044.5331,8165.7679,0.03429115,0.03480794,0.00125455,11.8178,14.9930,0.8676,208.7320,5.3202,4991.3829,240.5957,12.7170,9.8041,2.5818,2.84,3.3563,4.9054,16.007,177.8754,0.2582,0.0,5.636364,62.633151,4.16126,29,188,6,10,0.74390005,0.04181848,0.03860046,0E-8,0.000000,0.722694,0.000000,0.01256549,2026-05-12,2026-08-02,47,1844,580,83,0.566265,1.297104,1.076088,2.479667,,,,,,,,GLOBAL_BASELINE_NO_ENTITY_RANKING,,,NOT_APPLICABLE_GLOBAL_BASELINE,HF9g-P5,,,,X 全窗基线 · 不参与实体赏罚,15059940,1506,A168_HF9F_20260827_0900,2026-08-27 09:00:00
2026-07-27,17529000,2142,0,6.4544445305,1.0972555702,1.0972555702,1.0000000,2,1,0.50128862000000000,0.499948100000,0.9974260725402827,1.0001038053877793,0.9974260725402827,0.00134052000000000,ELIGIBLE,R03b_20260811_FULL_v1,L1_ELIGIBILITY,v2026-08-11,2026-03-21..2026-08-06,baccarat_bet02_101_all_pairs_incl_sentinel,round_win = game_pnl > 0 (decisive only),COMPATIBILITY_ONLY_NOT_PRODUCTION,234594.9955,169540.3402,9810.4062,19851,11308,-0.04181848,-0.03860046,-0.05116595,-0.04181848,-9810.4062,234594.9955,OK,0.0000,294.3122,3.0000,97.0000,AG03-UNRESOLVED,ALL5_LEVELS_bet23_to_bet27,294.3122,294.3122,294.3122,392.4162,490.5203,3.000000,3.000000,3.000000,4.000000,5.000000,97.000000,97.000000,97.000000,96.000000,95.000000,5.0,1765.8731,1644.6383,8044.5331,8165.7679,PENDING_AG03,FALSE,NOT_FOR_ENFORCEMENT,9516.0940,164454.1300,9810.4062,9516.0940,294.3122,0.04181848,0.04056393,294.3122,9516.0940,0.04056393,294.3122,294.3122,294.3122,392.4162,490.5203,9516.0940,0.04056393,1765.8731,1644.6383,8044.5331,8165.7679,0.03429115,0.03480794,0.00125455,11.8178,14.9930,0.8676,208.7320,5.3202,4991.3829,240.5957,12.7170,9.8041,2.5818,2.84,3.3563,4.9054,16.007,177.8754,0.2582,0.0,5.636364,62.633151,4.16126,29,188,6,10,0.74390005,0.04181848,0.03860046,0E-8,0.000000,0.722694,0.000000,0.01256549,2026-05-12,2026-08-02,47,1844,580,83,0.566265,1.297104,1.076088,2.479667,,,,,,,,GLOBAL_BASELINE_NO_ENTITY_RANKING,,,NOT_APPLICABLE_GLOBAL_BASELINE,HF9g-P5,,,,X 全窗基线 · 不参与实体赏罚,15059941,1506,A168_HF9F_20260827_0900,2026-08-27 09:00:00
2026-07-27,17529000,2145,0,818.4235664675,395.5929052747,395.5929052747,0.4705882,27,17,0.50015500197776301,0.500342370588,-0.2438138158048791,-0.24535894275197978,-0.2438138158048791,-0.00018736861023699,ELIGIBLE,R03b_20260811_FULL_v1,L1_ELIGIBILITY,v2026-08-11,2026-03-21..2026-08-06,baccarat_bet02_101_all_pairs_incl_sentinel,round_win = game_pnl > 0 (decisive only),COMPATIBILITY_ONLY_NOT_PRODUCTION,234594.9955,169540.3402,9810.4062,19851,11308,-0.04181848,-0.03860046,-0.05116595,-0.04181848,-9810.4062,234594.9955,OK,0.0000,294.3122,3.0000,97.0000,AG03-UNRESOLVED,ALL5_LEVELS_bet23_to_bet27,294.3122,294.3122,294.3122,392.4162,490.5203,3.000000,3.000000,3.000000,4.000000,5.000000,97.000000,97.000000,97.000000,96.000000,95.000000,5.0,1765.8731,1644.6383,8044.5331,8165.7679,PENDING_AG03,FALSE,NOT_FOR_ENFORCEMENT,9516.0940,164454.1300,9810.4062,9516.0940,294.3122,0.04181848,0.04056393,294.3122,9516.0940,0.04056393,294.3122,294.3122,294.3122,392.4162,490.5203,9516.0940,0.04056393,1765.8731,1644.6383,8044.5331,8165.7679,0.03429115,0.03480794,0.00125455,11.8178,14.9930,0.8676,208.7320,5.3202,4991.3829,240.5957,12.7170,9.8041,2.5818,2.84,3.3563,4.9054,16.007,177.8754,0.2582,0.0,5.636364,62.633151,4.16126,29,188,6,10,0.74390005,0.04181848,0.03860046,0E-8,0.000000,0.722694,0.000000,0.01256549,2026-05-12,2026-08-02,47,1844,580,83,0.566265,1.297104,1.076088,2.479667,,,,,,,,GLOBAL_BASELINE_NO_ENTITY_RANKING,,,NOT_APPLICABLE_GLOBAL_BASELINE,HF9g-P5,,,,X 全窗基线 · 不参与实体赏罚,15059942,1506,A168_HF9F_20260827_0900,2026-08-27 09:00:00
2026-07-27,17529000,2169,0,33.0467559960,-0.0645444451,-0.0645444451,0.6666667,12,6,0.50036399004326004,0.499948100000,0.8147136170536533,0.8167508423630434,0.8147136170536533,0.00041589004326004,ELIGIBLE,R03b_20260811_FULL_v1,L1_ELIGIBILITY,v2026-08-11,2026-03-21..2026-08-06,baccarat_bet02_101_all_pairs_incl_sentinel,round_win = game_pnl > 0 (decisive only),COMPATIBILITY_ONLY_NOT_PRODUCTION,234594.9955,169540.3402,9810.4062,19851,11308,-0.04181848,-0.03860046,-0.05116595,-0.04181848,-9810.4062,234594.9955,OK,0.0000,294.3122,3.0000,97.0000,AG03-UNRESOLVED,ALL5_LEVELS_bet23_to_bet27,294.3122,294.3122,294.3122,392.4162,490.5203,3.000000,3.000000,3.000000,4.000000,5.000000,97.000000,97.000000,97.000000,96.000000,95.000000,5.0,1765.8731,1644.6383,8044.5331,8165.7679,PENDING_AG03,FALSE,NOT_FOR_ENFORCEMENT,9516.0940,164454.1300,9810.4062,9516.0940,294.3122,0.04181848,0.04056393,294.3122,9516.0940,0.04056393,294.3122,294.3122,294.3122,392.4162,490.5203,9516.0940,0.04056393,1765.8731,1644.6383,8044.5331,8165.7679,0.03429115,0.03480794,0.00125455,11.8178,14.9930,0.8676,208.7320,5.3202,4991.3829,240.5957,12.7170,9.8041,2.5818,2.84,3.3563,4.9054,16.007,177.8754,0.2582,0.0,5.636364,62.633151,4.16126,29,188,6,10,0.74390005,0.04181848,0.03860046,0E-8,0.000000,0.722694,0.000000,0.01256549,2026-05-12,2026-08-02,47,1844,580,83,0.566265,1.297104,1.076088,2.479667,,,,,,,,GLOBAL_BASELINE_NO_ENTITY_RANKING,,,NOT_APPLICABLE_GLOBAL_BASELINE,HF9g-P5,,,,X 全窗基线 · 不参与实体赏罚,15059943,1506,A168_HF9F_20260827_0900,2026-08-27 09:00:00
2026-07-27,17529000,2170,0,5.4217334056,0.1161800016,0.1161800016,1.0000000,2,1,0.50026727142854788,0.499948100000,0.9994655999345988,1.0001038053877793,0.9994655999345988,0.00031917142854788,ELIGIBLE,R03b_20260811_FULL_v1,L1_ELIGIBILITY,v2026-08-11,2026-03-21..2026-08-06,baccarat_bet02_101_all_pairs_incl_sentinel,round_win = game_pnl > 0 (decisive only),COMPATIBILITY_ONLY_NOT_PRODUCTION,234594.9955,169540.3402,9810.4062,19851,11308,-0.04181848,-0.03860046,-0.05116595,-0.04181848,-9810.4062,234594.9955,OK,0.0000,294.3122,3.0000,97.0000,AG03-UNRESOLVED,ALL5_LEVELS_bet23_to_bet27,294.3122,294.3122,294.3122,392.4162,490.5203,3.000000,3.000000,3.000000,4.000000,5.000000,97.000000,97.000000,97.000000,96.000000,95.000000,5.0,1765.8731,1644.6383,8044.5331,8165.7679,PENDING_AG03,FALSE,NOT_FOR_ENFORCEMENT,9516.0940,164454.1300,9810.4062,9516.0940,294.3122,0.04181848,0.04056393,294.3122,9516.0940,0.04056393,294.3122,294.3122,294.3122,392.4162,490.5203,9516.0940,0.04056393,1765.8731,1644.6383,8044.5331,8165.7679,0.03429115,0.03480794,0.00125455,11.8178,14.9930,0.8676,208.7320,5.3202,4991.3829,240.5957,12.7170,9.8041,2.5818,2.84,3.3563,4.9054,16.007,177.8754,0.2582,0.0,5.636364,62.633151,4.16126,29,188,6,10,0.74390005,0.04181848,0.03860046,0E-8,0.000000,0.722694,0.000000,0.01256549,2026-05-12,2026-08-02,47,1844,580,83,0.566265,1.297104,1.076088,2.479667,,,,,,,,GLOBAL_BASELINE_NO_ENTITY_RANKING,,,NOT_APPLICABLE_GLOBAL_BASELINE,HF9g-P5,,,,X 全窗基线 · 不参与实体赏罚,15059944,1506,A168_HF9F_20260827_0900,2026-08-27 09:00:00
2026-07-27,17529000,2196,0,11.1016445924,0.4776288953,0.4776288953,1.0000000,4,2,0.50041234935061612,0.499948100000,1.413047742811653,1.4143603653603398,1.413047742811653,0.00046424935061612,ELIGIBLE,R03b_20260811_FULL_v1,L1_ELIGIBILITY,v2026-08-11,2026-03-21..2026-08-06,baccarat_bet02_101_all_pairs_incl_sentinel,round_win = game_pnl > 0 (decisive only),COMPATIBILITY_ONLY_NOT_PRODUCTION,234594.9955,169540.3402,9810.4062,19851,11308,-0.04181848,-0.03860046,-0.05116595,-0.04181848,-9810.4062,234594.9955,OK,0.0000,294.3122,3.0000,97.0000,AG03-UNRESOLVED,ALL5_LEVELS_bet23_to_bet27,294.3122,294.3122,294.3122,392.4162,490.5203,3.000000,3.000000,3.000000,4.000000,5.000000,97.000000,97.000000,97.000000,96.000000,95.000000,5.0,1765.8731,1644.6383,8044.5331,8165.7679,PENDING_AG03,FALSE,NOT_FOR_ENFORCEMENT,9516.0940,164454.1300,9810.4062,9516.0940,294.3122,0.04181848,0.04056393,294.3122,9516.0940,0.04056393,294.3122,294.3122,294.3122,392.4162,490.5203,9516.0940,0.04056393,1765.8731,1644.6383,8044.5331,8165.7679,0.03429115,0.03480794,0.00125455,11.8178,14.9930,0.8676,208.7320,5.3202,4991.3829,240.5957,12.7170,9.8041,2.5818,2.84,3.3563,4.9054,16.007,177.8754,0.2582,0.0,5.636364,62.633151,4.16126,29,188,6,10,0.74390005,0.04181848,0.03860046,0E-8,0.000000,0.722694,0.000000,0.01256549,2026-05-12,2026-08-02,47,1844,580,83,0.566265,1.297104,1.076088,2.479667,,,,,,,,GLOBAL_BASELINE_NO_ENTITY_RANKING,,,NOT_APPLICABLE_GLOBAL_BASELINE,HF9g-P5,,,,X 全窗基线 · 不参与实体赏罚,15059945,1506,A168_HF9F_20260827_0900,2026-08-27 09:00:00
2026-07-27,17529000,2216,0,16.5233779980,-0.1419977796,-0.1419977796,0.5000000,6,3,0.50036399004326004,0.499948100000,-0.0010295195842938013,0.00014679536856514622,-0.0010295195842938013,0.00041589004326004,ELIGIBLE,R03b_20260811_FULL_v1,L1_ELIGIBILITY,v2026-08-11,2026-03-21..2026-08-06,baccarat_bet02_101_all_pairs_incl_sentinel,round_win = game_pnl > 0 (decisive only),COMPATIBILITY_ONLY_NOT_PRODUCTION,234594.9955,169540.3402,9810.4062,19851,11308,-0.04181848,-0.03860046,-0.05116595,-0.04181848,-9810.4062,234594.9955,OK,0.0000,294.3122,3.0000,97.0000,AG03-UNRESOLVED,ALL5_LEVELS_bet23_to_bet27,294.3122,294.3122,294.3122,392.4162,490.5203,3.000000,3.000000,3.000000,4.000000,5.000000,97.000000,97.000000,97.000000,96.000000,95.000000,5.0,1765.8731,1644.6383,8044.5331,8165.7679,PENDING_AG03,FALSE,NOT_FOR_ENFORCEMENT,9516.0940,164454.1300,9810.4062,9516.0940,294.3122,0.04181848,0.04056393,294.3122,9516.0940,0.04056393,294.3122,294.3122,294.3122,392.4162,490.5203,9516.0940,0.04056393,1765.8731,1644.6383,8044.5331,8165.7679,0.03429115,0.03480794,0.00125455,11.8178,14.9930,0.8676,208.7320,5.3202,4991.3829,240.5957,12.7170,9.8041,2.5818,2.84,3.3563,4.9054,16.007,177.8754,0.2582,0.0,5.636364,62.633151,4.16126,29,188,6,10,0.74390005,0.04181848,0.03860046,0E-8,0.000000,0.722694,0.000000,0.01256549,2026-05-12,2026-08-02,47,1844,580,83,0.566265,1.297104,1.076088,2.479667,,,,,,,,GLOBAL_BASELINE_NO_ENTITY_RANKING,,,NOT_APPLICABLE_GLOBAL_BASELINE,HF9g-P5,,,,X 全窗基线 · 不参与实体赏罚,15059946,1506,A168_HF9F_20260827_0900,2026-08-27 09:00:00
2026-07-27,17529000,2223,0,48.5374228692,4.9441045104,4.9441045104,0.6666667,15,8,0.50177596369916938,0.500785925000,0.8078012669008798,0.8126473543851092,0.8078012669008798,0.00099003869916938,ELIGIBLE,R03b_20260811_FULL_v1,L1_ELIGIBILITY,v2026-08-11,2026-03-21..2026-08-06,baccarat_bet02_101_all_pairs_incl_sentinel,round_win = game_pnl > 0 (decisive only),COMPATIBILITY_ONLY_NOT_PRODUCTION,234594.9955,169540.3402,9810.4062,19851,11308,-0.04181848,-0.03860046,-0.05116595,-0.04181848,-9810.4062,234594.9955,OK,0.0000,294.3122,3.0000,97.0000,AG03-UNRESOLVED,ALL5_LEVELS_bet23_to_bet27,294.3122,294.3122,294.3122,392.4162,490.5203,3.000000,3.000000,3.000000,4.000000,5.000000,97.000000,97.000000,97.000000,96.000000,95.000000,5.0,1765.8731,1644.6383,8044.5331,8165.7679,PENDING_AG03,FALSE,NOT_FOR_ENFORCEMENT,9516.0940,164454.1300,9810.4062,9516.0940,294.3122,0.04181848,0.04056393,294.3122,9516.0940,0.04056393,294.3122,294.3122,294.3122,392.4162,490.5203,9516.0940,0.04056393,1765.8731,1644.6383,8044.5331,8165.7679,0.03429115,0.03480794,0.00125455,11.8178,14.9930,0.8676,208.7320,5.3202,4991.3829,240.5957,12.7170,9.8041,2.5818,2.84,3.3563,4.9054,16.007,177.8754,0.2582,0.0,5.636364,62.633151,4.16126,29,188,6,10,0.74390005,0.04181848,0.03860046,0E-8,0.000000,0.722694,0.000000,0.01256549,2026-05-12,2026-08-02,47,1844,580,83,0.566265,1.297104,1.076088,2.479667,,,,,,,,GLOBAL_BASELINE_NO_ENTITY_RANKING,,,NOT_APPLICABLE_GLOBAL_BASELINE,HF9g-P5,,,,X 全窗基线 · 不参与实体赏罚,15059947,1506,A168_HF9F_20260827_0900,2026-08-27 09:00:00
2026-07-27,17529000,2229,0,7972.7880618593,-7967.2501484521,-7967.2501484521,0.1428571,8,7,0.49807866734693541,0.498033071429,-1.8796695059976982,-1.8794288997105486,-1.8796695059976982,0.00004559591793541,ELIGIBLE,R03b_20260811_FULL_v1,L1_ELIGIBILITY,v2026-08-11,2026-03-21..2026-08-06,baccarat_bet02_101_all_pairs_incl_sentinel,round_win = game_pnl > 0 (decisive only),COMPATIBILITY_ONLY_NOT_PRODUCTION,234594.9955,169540.3402,9810.4062,19851,11308,-0.04181848,-0.03860046,-0.05116595,-0.04181848,-9810.4062,234594.9955,OK,0.0000,294.3122,3.0000,97.0000,AG03-UNRESOLVED,ALL5_LEVELS_bet23_to_bet27,294.3122,294.3122,294.3122,392.4162,490.5203,3.000000,3.000000,3.000000,4.000000,5.000000,97.000000,97.000000,97.000000,96.000000,95.000000,5.0,1765.8731,1644.6383,8044.5331,8165.7679,PENDING_AG03,FALSE,NOT_FOR_ENFORCEMENT,9516.0940,164454.1300,9810.4062,9516.0940,294.3122,0.04181848,0.04056393,294.3122,9516.0940,0.04056393,294.3122,294.3122,294.3122,392.4162,490.5203,9516.0940,0.04056393,1765.8731,1644.6383,8044.5331,8165.7679,0.03429115,0.03480794,0.00125455,11.8178,14.9930,0.8676,208.7320,5.3202,4991.3829,240.5957,12.7170,9.8041,2.5818,2.84,3.3563,4.9054,16.007,177.8754,0.2582,0.0,5.636364,62.633151,4.16126,29,188,6,10,0.74390005,0.04181848,0.03860046,0E-8,0.000000,0.722694,0.000000,0.01256549,2026-05-12,2026-08-02,47,1844,580,83,0.566265,1.297104,1.076088,2.479667,,,,,,,,GLOBAL_BASELINE_NO_ENTITY_RANKING,,,NOT_APPLICABLE_GLOBAL_BASELINE,HF9g-P5,,,,X 全窗基线 · 不参与实体赏罚,15059948,1506,A168_HF9F_20260827_0900,2026-08-27 09:00:00
2026-07-27,17529000,2234,0,19.1051558103,1.6652466888,1.6652466888,0.6666667,6,3,0.50113599889600944,0.499948100000,0.5734165335616839,0.5775300591747329,0.5734165335616839,0.00118789889600944,ELIGIBLE,R03b_20260811_FULL_v1,L1_ELIGIBILITY,v2026-08-11,2026-03-21..2026-08-06,baccarat_bet02_101_all_pairs_incl_sentinel,round_win = game_pnl > 0 (decisive only),COMPATIBILITY_ONLY_NOT_PRODUCTION,234594.9955,169540.3402,9810.4062,19851,11308,-0.04181848,-0.03860046,-0.05116595,-0.04181848,-9810.4062,234594.9955,OK,0.0000,294.3122,3.0000,97.0000,AG03-UNRESOLVED,ALL5_LEVELS_bet23_to_bet27,294.3122,294.3122,294.3122,392.4162,490.5203,3.000000,3.000000,3.000000,4.000000,5.000000,97.000000,97.000000,97.000000,96.000000,95.000000,5.0,1765.8731,1644.6383,8044.5331,8165.7679,PENDING_AG03,FALSE,NOT_FOR_ENFORCEMENT,9516.0940,164454.1300,9810.4062,9516.0940,294.3122,0.04181848,0.04056393,294.3122,9516.0940,0.04056393,294.3122,294.3122,294.3122,392.4162,490.5203,9516.0940,0.04056393,1765.8731,1644.6383,8044.5331,8165.7679,0.03429115,0.03480794,0.00125455,11.8178,14.9930,0.8676,208.7320,5.3202,4991.3829,240.5957,12.7170,9.8041,2.5818,2.84,3.3563,4.9054,16.007,177.8754,0.2582,0.0,5.636364,62.633151,4.16126,29,188,6,10,0.74390005,0.04181848,0.03860046,0E-8,0.000000,0.722694,0.000000,0.01256549,2026-05-12,2026-08-02,47,1844,580,83,0.566265,1.297104,1.076088,2.479667,,,,,,,,GLOBAL_BASELINE_NO_ENTITY_RANKING,,,NOT_APPLICABLE_GLOBAL_BASELINE,HF9g-P5,,,,X 全窗基线 · 不参与实体赏罚,15059949,1506,A168_HF9F_20260827_0900,2026-08-27 09:00:00
2026-07-27,17529000,2239,0,28.1413781529,2.1816022513,2.1816022513,0.6666667,9,5,0.49908743773398791,0.498607580000,0.5805124444766054,0.5821760110496081,0.5805124444766054,0.00047985773398791,ELIGIBLE,R03b_20260811_FULL_v1,L1_ELIGIBILITY,v2026-08-11,2026-03-21..2026-08-06,baccarat_bet02_101_all_pairs_incl_sentinel,round_win = game_pnl > 0 (decisive only),COMPATIBILITY_ONLY_NOT_PRODUCTION,234594.9955,169540.3402,9810.4062,19851,11308,-0.04181848,-0.03860046,-0.05116595,-0.04181848,-9810.4062,234594.9955,OK,0.0000,294.3122,3.0000,97.0000,AG03-UNRESOLVED,ALL5_LEVELS_bet23_to_bet27,294.3122,294.3122,294.3122,392.4162,490.5203,3.000000,3.000000,3.000000,4.000000,5.000000,97.000000,97.000000,97.000000,96.000000,95.000000,5.0,1765.8731,1644.6383,8044.5331,8165.7679,PENDING_AG03,FALSE,NOT_FOR_ENFORCEMENT,9516.0940,164454.1300,9810.4062,9516.0940,294.3122,0.04181848,0.04056393,294.3122,9516.0940,0.04056393,294.3122,294.3122,294.3122,392.4162,490.5203,9516.0940,0.04056393,1765.8731,1644.6383,8044.5331,8165.7679,0.03429115,0.03480794,0.00125455,11.8178,14.9930,0.8676,208.7320,5.3202,4991.3829,240.5957,12.7170,9.8041,2.5818,2.84,3.3563,4.9054,16.007,177.8754,0.2582,0.0,5.636364,62.633151,4.16126,29,188,6,10,0.74390005,0.04181848,0.03860046,0E-8,0.000000,0.722694,0.000000,0.01256549,2026-05-12,2026-08-02,47,1844,580,83,0.566265,1.297104,1.076088,2.479667,,,,,,,,GLOBAL_BASELINE_NO_ENTITY_RANKING,,,NOT_APPLICABLE_GLOBAL_BASELINE,HF9g-P5,,,,X 全窗基线 · 不参与实体赏罚,15059950,1506,A168_HF9F_20260827_0900,2026-08-27 09:00:00
2026-07-27,17529000,2242,0,35.8867115896,1.7814266905,1.7814266905,0.5000000,12,6,0.49930516047104872,0.499948100000,0.0034040078850179297,0.00025425703667063243,0.0034040078850179297,-0.00064293952895128,ELIGIBLE,R03b_20260811_FULL_v1,L1_ELIGIBILITY,v2026-08-11,2026-03-21..2026-08-06,baccarat_bet02_101_all_pairs_incl_sentinel,round_win = game_pnl > 0 (decisive only),COMPATIBILITY_ONLY_NOT_PRODUCTION,234594.9955,169540.3402,9810.4062,19851,11308,-0.04181848,-0.03860046,-0.05116595,-0.04181848,-9810.4062,234594.9955,OK,0.0000,294.3122,3.0000,97.0000,AG03-UNRESOLVED,ALL5_LEVELS_bet23_to_bet27,294.3122,294.3122,294.3122,392.4162,490.5203,3.000000,3.000000,3.000000,4.000000,5.000000,97.000000,97.000000,97.000000,96.000000,95.000000,5.0,1765.8731,1644.6383,8044.5331,8165.7679,PENDING_AG03,FALSE,NOT_FOR_ENFORCEMENT,9516.0940,164454.1300,9810.4062,9516.0940,294.3122,0.04181848,0.04056393,294.3122,9516.0940,0.04056393,294.3122,294.3122,294.3122,392.4162,490.5203,9516.0940,0.04056393,1765.8731,1644.6383,8044.5331,8165.7679,0.03429115,0.03480794,0.00125455,11.8178,14.9930,0.8676,208.7320,5.3202,4991.3829,240.5957,12.7170,9.8041,2.5818,2.84,3.3563,4.9054,16.007,177.8754,0.2582,0.0,5.636364,62.633151,4.16126,29,188,6,10,0.74390005,0.04181848,0.03860046,0E-8,0.000000,0.722694,0.000000,0.01256549,2026-05-12,2026-08-02,47,1844,580,83,0.566265,1.297104,1.076088,2.479667,,,,,,,,GLOBAL_BASELINE_NO_ENTITY_RANKING,,,NOT_APPLICABLE_GLOBAL_BASELINE,HF9g-P5,,,,X 全窗基线 · 不参与实体赏罚,15059951,1506,A168_HF9F_20260827_0900,2026-08-27 09:00:00
2026-07-27,17529000,2246,0,175.8190690107,21.2996669507,21.2996669507,0.5000000,8,6,0.49732272693603884,0.497713900000,0.013116093845793257,0.011199674067230152,0.013116093845793257,-0.00039117306396116,ELIGIBLE,R03b_20260811_FULL_v1,L1_ELIGIBILITY,v2026-08-11,2026-03-21..2026-08-06,baccarat_bet02_101_all_pairs_incl_sentinel,round_win = game_pnl > 0 (decisive only),COMPATIBILITY_ONLY_NOT_PRODUCTION,234594.9955,169540.3402,9810.4062,19851,11308,-0.04181848,-0.03860046,-0.05116595,-0.04181848,-9810.4062,234594.9955,OK,0.0000,294.3122,3.0000,97.0000,AG03-UNRESOLVED,ALL5_LEVELS_bet23_to_bet27,294.3122,294.3122,294.3122,392.4162,490.5203,3.000000,3.000000,3.000000,4.000000,5.000000,97.000000,97.000000,97.000000,96.000000,95.000000,5.0,1765.8731,1644.6383,8044.5331,8165.7679,PENDING_AG03,FALSE,NOT_FOR_ENFORCEMENT,9516.0940,164454.1300,9810.4062,9516.0940,294.3122,0.04181848,0.04056393,294.3122,9516.0940,0.04056393,294.3122,294.3122,294.3122,392.4162,490.5203,9516.0940,0.04056393,1765.8731,1644.6383,8044.5331,8165.7679,0.03429115,0.03480794,0.00125455,11.8178,14.9930,0.8676,208.7320,5.3202,4991.3829,240.5957,12.7170,9.8041,2.5818,2.84,3.3563,4.9054,16.007,177.8754,0.2582,0.0,5.636364,62.633151,4.16126,29,188,6,10,0.74390005,0.04181848,0.03860046,0E-8,0.000000,0.722694,0.000000,0.01256549,2026-05-12,2026-08-02,47,1844,580,83,0.566265,1.297104,1.076088,2.479667,,,,,,,,GLOBAL_BASELINE_NO_ENTITY_RANKING,,,NOT_APPLICABLE_GLOBAL_BASELINE,HF9g-P5,,,,X 全窗基线 · 不参与实体赏罚,15059952,1506,A168_HF9F_20260827_0900,2026-08-27 09:00:00
2026-07-27,17529000,2248,0,20.3960447163,1.5490666873,1.5490666873,0.3333333,6,4,0.50066180277777516,0.499948100000,-0.5796433290089934,-0.5771704854251445,-0.5796433290089934,0.00071370277777516,ELIGIBLE,R03b_20260811_FULL_v1,L1_ELIGIBILITY,v2026-08-11,2026-03-21..2026-08-06,baccarat_bet02_101_all_pairs_incl_sentinel,round_win = game_pnl > 0 (decisive only),COMPATIBILITY_ONLY_NOT_PRODUCTION,234594.9955,169540.3402,9810.4062,19851,11308,-0.04181848,-0.03860046,-0.05116595,-0.04181848,-9810.4062,234594.9955,OK,0.0000,294.3122,3.0000,97.0000,AG03-UNRESOLVED,ALL5_LEVELS_bet23_to_bet27,294.3122,294.3122,294.3122,392.4162,490.5203,3.000000,3.000000,3.000000,4.000000,5.000000,97.000000,97.000000,97.000000,96.000000,95.000000,5.0,1765.8731,1644.6383,8044.5331,8165.7679,PENDING_AG03,FALSE,NOT_FOR_ENFORCEMENT,9516.0940,164454.1300,9810.4062,9516.0940,294.3122,0.04181848,0.04056393,294.3122,9516.0940,0.04056393,294.3122,294.3122,294.3122,392.4162,490.5203,9516.0940,0.04056393,1765.8731,1644.6383,8044.5331,8165.7679,0.03429115,0.03480794,0.00125455,11.8178,14.9930,0.8676,208.7320,5.3202,4991.3829,240.5957,12.7170,9.8041,2.5818,2.84,3.3563,4.9054,16.007,177.8754,0.2582,0.0,5.636364,62.633151,4.16126,29,188,6,10,0.74390005,0.04181848,0.03860046,0E-8,0.000000,0.722694,0.000000,0.01256549,2026-05-12,2026-08-02,47,1844,580,83,0.566265,1.297104,1.076088,2.479667,,,,,,,,GLOBAL_BASELINE_NO_ENTITY_RANKING,,,NOT_APPLICABLE_GLOBAL_BASELINE,HF9g-P5,,,,X 全窗基线 · 不参与实体赏罚,15059953,1506,A168_HF9F_20260827_0900,2026-08-27 09:00:00
2026-07-27,17529000,2250,0,11.1016445924,-0.4001755608,-0.4001755608,0.5000000,4,2,0.50041234935061612,0.499948100000,-0.001166300484770956,0.00014679536856514622,-0.001166300484770956,0.00046424935061612,ELIGIBLE,R03b_20260811_FULL_v1,L1_ELIGIBILITY,v2026-08-11,2026-03-21..2026-08-06,baccarat_bet02_101_all_pairs_incl_sentinel,round_win = game_pnl > 0 (decisive only),COMPATIBILITY_ONLY_NOT_PRODUCTION,234594.9955,169540.3402,9810.4062,19851,11308,-0.04181848,-0.03860046,-0.05116595,-0.04181848,-9810.4062,234594.9955,OK,0.0000,294.3122,3.0000,97.0000,AG03-UNRESOLVED,ALL5_LEVELS_bet23_to_bet27,294.3122,294.3122,294.3122,392.4162,490.5203,3.000000,3.000000,3.000000,4.000000,5.000000,97.000000,97.000000,97.000000,96.000000,95.000000,5.0,1765.8731,1644.6383,8044.5331,8165.7679,PENDING_AG03,FALSE,NOT_FOR_ENFORCEMENT,9516.0940,164454.1300,9810.4062,9516.0940,294.3122,0.04181848,0.04056393,294.3122,9516.0940,0.04056393,294.3122,294.3122,294.3122,392.4162,490.5203,9516.0940,0.04056393,1765.8731,1644.6383,8044.5331,8165.7679,0.03429115,0.03480794,0.00125455,11.8178,14.9930,0.8676,208.7320,5.3202,4991.3829,240.5957,12.7170,9.8041,2.5818,2.84,3.3563,4.9054,16.007,177.8754,0.2582,0.0,5.636364,62.633151,4.16126,29,188,6,10,0.74390005,0.04181848,0.03860046,0E-8,0.000000,0.722694,0.000000,0.01256549,2026-05-12,2026-08-02,47,1844,580,83,0.566265,1.297104,1.076088,2.479667,,,,,,,,GLOBAL_BASELINE_NO_ENTITY_RANKING,,,NOT_APPLICABLE_GLOBAL_BASELINE,HF9g-P5,,,,X 全窗基线 · 不参与实体赏罚,15059954,1506,A168_HF9F_20260827_0900,2026-08-27 09:00:00
2026-07-27,17529000,2267,0,21.6869336225,1.6781555779,1.6781555779,0.3333333,7,4,0.49846880981364890,0.498272450000,-0.5720487531845352,-0.571369270876619,-0.5720487531845352,0.00019635981364890,ELIGIBLE,R03b_20260811_FULL_v1,L1_ELIGIBILITY,v2026-08-11,2026-03-21..2026-08-06,baccarat_bet02_101_all_pairs_incl_sentinel,round_win = game_pnl > 0 (decisive only),COMPATIBILITY_ONLY_NOT_PRODUCTION,234594.9955,169540.3402,9810.4062,19851,11308,-0.04181848,-0.03860046,-0.05116595,-0.04181848,-9810.4062,234594.9955,OK,0.0000,294.3122,3.0000,97.0000,AG03-UNRESOLVED,ALL5_LEVELS_bet23_to_bet27,294.3122,294.3122,294.3122,392.4162,490.5203,3.000000,3.000000,3.000000,4.000000,5.000000,97.000000,97.000000,97.000000,96.000000,95.000000,5.0,1765.8731,1644.6383,8044.5331,8165.7679,PENDING_AG03,FALSE,NOT_FOR_ENFORCEMENT,9516.0940,164454.1300,9810.4062,9516.0940,294.3122,0.04181848,0.04056393,294.3122,9516.0940,0.04056393,294.3122,294.3122,294.3122,392.4162,490.5203,9516.0940,0.04056393,1765.8731,1644.6383,8044.5331,8165.7679,0.03429115,0.03480794,0.00125455,11.8178,14.9930,0.8676,208.7320,5.3202,4991.3829,240.5957,12.7170,9.8041,2.5818,2.84,3.3563,4.9054,16.007,177.8754,0.2582,0.0,5.636364,62.633151,4.16126,29,188,6,10,0.74390005,0.04181848,0.03860046,0E-8,0.000000,0.722694,0.000000,0.01256549,2026-05-12,2026-08-02,47,1844,580,83,0.566265,1.297104,1.076088,2.479667,,,,,,,,GLOBAL_BASELINE_NO_ENTITY_RANKING,,,NOT_APPLICABLE_GLOBAL_BASELINE,HF9g-P5,,,,X 全窗基线 · 不参与实体赏罚,15059955,1506,A168_HF9F_20260827_0900,2026-08-27 09:00:00
2026-07-27,17529000,529,0,21.4287558412,1.8588800249,1.8588800249,0.7500000,7,4,0.50242907263942982,0.501623750000,0.9902953957770354,0.9935102389205961,0.9902953957770354,0.00080532263942982,ELIGIBLE,R03b_20260811_FULL_v1,L1_ELIGIBILITY,v2026-08-11,2026-03-21..2026-08-06,baccarat_bet02_101_all_pairs_incl_sentinel,round_win = game_pnl > 0 (decisive only),COMPATIBILITY_ONLY_NOT_PRODUCTION,234594.9955,169540.3402,9810.4062,19851,11308,-0.04181848,-0.03860046,-0.05116595,-0.04181848,-9810.4062,234594.9955,OK,0.0000,294.3122,3.0000,97.0000,AG03-UNRESOLVED,ALL5_LEVELS_bet23_to_bet27,294.3122,294.3122,294.3122,392.4162,490.5203,3.000000,3.000000,3.000000,4.000000,5.000000,97.000000,97.000000,97.000000,96.000000,95.000000,5.0,1765.8731,1644.6383,8044.5331,8165.7679,PENDING_AG03,FALSE,NOT_FOR_ENFORCEMENT,9516.0940,164454.1300,9810.4062,9516.0940,294.3122,0.04181848,0.04056393,294.3122,9516.0940,0.04056393,294.3122,294.3122,294.3122,392.4162,490.5203,9516.0940,0.04056393,1765.8731,1644.6383,8044.5331,8165.7679,0.03429115,0.03480794,0.00125455,11.8178,14.9930,0.8676,208.7320,5.3202,4991.3829,240.5957,12.7170,9.8041,2.5818,2.84,3.3563,4.9054,16.007,177.8754,0.2582,0.0,5.636364,62.633151,4.16126,29,188,6,10,0.74390005,0.04181848,0.03860046,0E-8,0.000000,0.722694,0.000000,0.01256549,2026-05-12,2026-08-02,47,1844,580,83,0.566265,1.297104,1.076088,2.479667,,,,,,,,GLOBAL_BASELINE_NO_ENTITY_RANKING,,,NOT_APPLICABLE_GLOBAL_BASELINE,HF9g-P5,,,,X 全窗基线 · 不参与实体赏罚,15059956,1506,A168_HF9F_20260827_0900,2026-08-27 09:00:00
2026-07-27,17529000,595,0,17.0397335605,0.7099888984,0.7099888984,0.6666667,6,3,0.50054901695839485,0.499948100000,0.5754487655605138,0.5775300591747329,0.5754487655605138,0.00060091695839485,ELIGIBLE,R03b_20260811_FULL_v1,L1_ELIGIBILITY,v2026-08-11,2026-03-21..2026-08-06,baccarat_bet02_101_all_pairs_incl_sentinel,round_win = game_pnl > 0 (decisive only),COMPATIBILITY_ONLY_NOT_PRODUCTION,234594.9955,169540.3402,9810.4062,19851,11308,-0.04181848,-0.03860046,-0.05116595,-0.04181848,-9810.4062,234594.9955,OK,0.0000,294.3122,3.0000,97.0000,AG03-UNRESOLVED,ALL5_LEVELS_bet23_to_bet27,294.3122,294.3122,294.3122,392.4162,490.5203,3.000000,3.000000,3.000000,4.000000,5.000000,97.000000,97.000000,97.000000,96.000000,95.000000,5.0,1765.8731,1644.6383,8044.5331,8165.7679,PENDING_AG03,FALSE,NOT_FOR_ENFORCEMENT,9516.0940,164454.1300,9810.4062,9516.0940,294.3122,0.04181848,0.04056393,294.3122,9516.0940,0.04056393,294.3122,294.3122,294.3122,392.4162,490.5203,9516.0940,0.04056393,1765.8731,1644.6383,8044.5331,8165.7679,0.03429115,0.03480794,0.00125455,11.8178,14.9930,0.8676,208.7320,5.3202,4991.3829,240.5957,12.7170,9.8041,2.5818,2.84,3.3563,4.9054,16.007,177.8754,0.2582,0.0,5.636364,62.633151,4.16126,29,188,6,10,0.74390005,0.04181848,0.03860046,0E-8,0.000000,0.722694,0.000000,0.01256549,2026-05-12,2026-08-02,47,1844,580,83,0.566265,1.297104,1.076088,2.479667,,,,,,,,GLOBAL_BASELINE_NO_ENTITY_RANKING,,,NOT_APPLICABLE_GLOBAL_BASELINE,HF9g-P5,,,,X 全窗基线 · 不参与实体赏罚,15059957,1506,A168_HF9F_20260827_0900,2026-08-27 09:00:00
2026-07-27,17529000,752,0,11.3598223737,0.3485400047,0.3485400047,0.5000000,4,2,0.50054481180125009,0.499948100000,-0.0015409613913138648,0.00014679536856514622,-0.0015409613913138648,0.00059671180125009,ELIGIBLE,R03b_20260811_FULL_v1,L1_ELIGIBILITY,v2026-08-11,2026-03-21..2026-08-06,baccarat_bet02_101_all_pairs_incl_sentinel,round_win = game_pnl > 0 (decisive only),COMPATIBILITY_ONLY_NOT_PRODUCTION,234594.9955,169540.3402,9810.4062,19851,11308,-0.04181848,-0.03860046,-0.05116595,-0.04181848,-9810.4062,234594.9955,OK,0.0000,294.3122,3.0000,97.0000,AG03-UNRESOLVED,ALL5_LEVELS_bet23_to_bet27,294.3122,294.3122,294.3122,392.4162,490.5203,3.000000,3.000000,3.000000,4.000000,5.000000,97.000000,97.000000,97.000000,96.000000,95.000000,5.0,1765.8731,1644.6383,8044.5331,8165.7679,PENDING_AG03,FALSE,NOT_FOR_ENFORCEMENT,9516.0940,164454.1300,9810.4062,9516.0940,294.3122,0.04181848,0.04056393,294.3122,9516.0940,0.04056393,294.3122,294.3122,294.3122,392.4162,490.5203,9516.0940,0.04056393,1765.8731,1644.6383,8044.5331,8165.7679,0.03429115,0.03480794,0.00125455,11.8178,14.9930,0.8676,208.7320,5.3202,4991.3829,240.5957,12.7170,9.8041,2.5818,2.84,3.3563,4.9054,16.007,177.8754,0.2582,0.0,5.636364,62.633151,4.16126,29,188,6,10,0.74390005,0.04181848,0.03860046,0E-8,0.000000,0.722694,0.000000,0.01256549,2026-05-12,2026-08-02,47,1844,580,83,0.566265,1.297104,1.076088,2.479667,,,,,,,,GLOBAL_BASELINE_NO_ENTITY_RANKING,,,NOT_APPLICABLE_GLOBAL_BASELINE,HF9g-P5,,,,X 全窗基线 · 不参与实体赏罚,15059958,1506,A168_HF9F_20260827_0900,2026-08-27 09:00:00
2026-07-27,17529000,789,0,2021.2738491724,1829.2541243900,1829.2541243900,0.5833333,22,13,0.50215431306173353,0.502010438462,0.562429971048374,0.5634260975433155,0.562429971048374,0.00014387459973353,ELIGIBLE,R03b_20260811_FULL_v1,L1_ELIGIBILITY,v2026-08-11,2026-03-21..2026-08-06,baccarat_bet02_101_all_pairs_incl_sentinel,round_win = game_pnl > 0 (decisive only),COMPATIBILITY_ONLY_NOT_PRODUCTION,234594.9955,169540.3402,9810.4062,19851,11308,-0.04181848,-0.03860046,-0.05116595,-0.04181848,-9810.4062,234594.9955,OK,0.0000,294.3122,3.0000,97.0000,AG03-UNRESOLVED,ALL5_LEVELS_bet23_to_bet27,294.3122,294.3122,294.3122,392.4162,490.5203,3.000000,3.000000,3.000000,4.000000,5.000000,97.000000,97.000000,97.000000,96.000000,95.000000,5.0,1765.8731,1644.6383,8044.5331,8165.7679,PENDING_AG03,FALSE,NOT_FOR_ENFORCEMENT,9516.0940,164454.1300,9810.4062,9516.0940,294.3122,0.04181848,0.04056393,294.3122,9516.0940,0.04056393,294.3122,294.3122,294.3122,392.4162,490.5203,9516.0940,0.04056393,1765.8731,1644.6383,8044.5331,8165.7679,0.03429115,0.03480794,0.00125455,11.8178,14.9930,0.8676,208.7320,5.3202,4991.3829,240.5957,12.7170,9.8041,2.5818,2.84,3.3563,4.9054,16.007,177.8754,0.2582,0.0,5.636364,62.633151,4.16126,29,188,6,10,0.74390005,0.04181848,0.03860046,0E-8,0.000000,0.722694,0.000000,0.01256549,2026-05-12,2026-08-02,47,1844,580,83,0.566265,1.297104,1.076088,2.479667,,,,,,,,GLOBAL_BASELINE_NO_ENTITY_RANKING,,,NOT_APPLICABLE_GLOBAL_BASELINE,HF9g-P5,,,,X 全窗基线 · 不参与实体赏罚,15059959,1506,A168_HF9F_20260827_0900,2026-08-27 09:00:00
2026-07-27,17529000,986,0,6.9708000929,-1.8072444685,-1.8072444685,0E-7,2,1,0.50168581111108262,0.499948100000,-1.003377325353019,-0.9998962053866608,-1.003377325353019,0.00173771111108262,ELIGIBLE,R03b_20260811_FULL_v1,L1_ELIGIBILITY,v2026-08-11,2026-03-21..2026-08-06,baccarat_bet02_101_all_pairs_incl_sentinel,round_win = game_pnl > 0 (decisive only),COMPATIBILITY_ONLY_NOT_PRODUCTION,234594.9955,169540.3402,9810.4062,19851,11308,-0.04181848,-0.03860046,-0.05116595,-0.04181848,-9810.4062,234594.9955,OK,0.0000,294.3122,3.0000,97.0000,AG03-UNRESOLVED,ALL5_LEVELS_bet23_to_bet27,294.3122,294.3122,294.3122,392.4162,490.5203,3.000000,3.000000,3.000000,4.000000,5.000000,97.000000,97.000000,97.000000,96.000000,95.000000,5.0,1765.8731,1644.6383,8044.5331,8165.7679,PENDING_AG03,FALSE,NOT_FOR_ENFORCEMENT,9516.0940,164454.1300,9810.4062,9516.0940,294.3122,0.04181848,0.04056393,294.3122,9516.0940,0.04056393,294.3122,294.3122,294.3122,392.4162,490.5203,9516.0940,0.04056393,1765.8731,1644.6383,8044.5331,8165.7679,0.03429115,0.03480794,0.00125455,11.8178,14.9930,0.8676,208.7320,5.3202,4991.3829,240.5957,12.7170,9.8041,2.5818,2.84,3.3563,4.9054,16.007,177.8754,0.2582,0.0,5.636364,62.633151,4.16126,29,188,6,10,0.74390005,0.04181848,0.03860046,0E-8,0.000000,0.722694,0.000000,0.01256549,2026-05-12,2026-08-02,47,1844,580,83,0.566265,1.297104,1.076088,2.479667,,,,,,,,GLOBAL_BASELINE_NO_ENTITY_RANKING,,,NOT_APPLICABLE_GLOBAL_BASELINE,HF9g-P5,,,,X 全窗基线 · 不参与实体赏罚,15059960,1506,A168_HF9F_20260827_0900,2026-08-27 09:00:00
2026-07-27,17529000,987,0,30.9813337464,0E-10,0E-10,,1,1,0.49324550000000000,0.493245500000,,,,0E-17,NO_DECISIVE_ROUND,R03b_20260811_FULL_v1,L1_ELIGIBILITY,v2026-08-11,2026-03-21..2026-08-06,baccarat_bet02_101_all_pairs_incl_sentinel,round_win = game_pnl > 0 (decisive only),COMPATIBILITY_ONLY_NOT_PRODUCTION,234594.9955,169540.3402,9810.4062,19851,11308,-0.04181848,-0.03860046,-0.05116595,-0.04181848,-9810.4062,234594.9955,OK,0.0000,294.3122,3.0000,97.0000,AG03-UNRESOLVED,ALL5_LEVELS_bet23_to_bet27,294.3122,294.3122,294.3122,392.4162,490.5203,3.000000,3.000000,3.000000,4.000000,5.000000,97.000000,97.000000,97.000000,96.000000,95.000000,5.0,1765.8731,1644.6383,8044.5331,8165.7679,PENDING_AG03,FALSE,NOT_FOR_ENFORCEMENT,9516.0940,164454.1300,9810.4062,9516.0940,294.3122,0.04181848,0.04056393,294.3122,9516.0940,0.04056393,294.3122,294.3122,294.3122,392.4162,490.5203,9516.0940,0.04056393,1765.8731,1644.6383,8044.5331,8165.7679,0.03429115,0.03480794,0.00125455,11.8178,14.9930,0.8676,208.7320,5.3202,4991.3829,240.5957,12.7170,9.8041,2.5818,2.84,3.3563,4.9054,16.007,177.8754,0.2582,0.0,5.636364,62.633151,4.16126,29,188,6,10,0.74390005,0.04181848,0.03860046,0E-8,0.000000,0.722694,0.000000,0.01256549,2026-05-12,2026-08-02,47,1844,580,83,0.566265,1.297104,1.076088,2.479667,,,,,,,,GLOBAL_BASELINE_NO_ENTITY_RANKING,,,NOT_APPLICABLE_GLOBAL_BASELINE,HF9g-P5,,,,X 全窗基线 · 不参与实体赏罚,15059961,1506,A168_HF9F_20260827_0900,2026-08-27 09:00:00
2026-07-28,17529000,-1,1,1326.2592621258,342.1759223419,342.1759223419,0.5686275,221,117,0.50049067333799507,0.500119961538,1.3762961072820912,1.383783495703877,1.3762961072820912,0.00037071179999507,SENTINEL_DEALER,R03b_20260811_FULL_v1,L1_ELIGIBILITY,v2026-08-11,2026-03-21..2026-08-06,baccarat_bet02_101_all_pairs_incl_sentinel,round_win = game_pnl > 0 (decisive only),COMPATIBILITY_ONLY_NOT_PRODUCTION,234594.9955,169540.3402,9810.4062,19851,11308,-0.04181848,-0.03860046,-0.05116595,-0.04181848,-9810.4062,234594.9955,OK,0.0000,294.3122,3.0000,97.0000,AG03-UNRESOLVED,ALL5_LEVELS_bet23_to_bet27,294.3122,294.3122,294.3122,392.4162,490.5203,3.000000,3.000000,3.000000,4.000000,5.000000,97.000000,97.000000,97.000000,96.000000,95.000000,5.0,1765.8731,1644.6383,8044.5331,8165.7679,PENDING_AG03,FALSE,NOT_FOR_ENFORCEMENT,9516.0940,164454.1300,9810.4062,9516.0940,294.3122,0.04181848,0.04056393,294.3122,9516.0940,0.04056393,294.3122,294.3122,294.3122,392.4162,490.5203,9516.0940,0.04056393,1765.8731,1644.6383,8044.5331,8165.7679,0.03429115,0.03480794,0.00125455,11.8178,14.9930,0.8676,208.7320,5.3202,4991.3829,240.5957,12.7170,9.8041,2.5818,2.84,3.3563,4.9054,16.007,177.8754,0.2582,0.0,5.636364,62.633151,4.16126,29,188,6,10,0.74390005,0.04181848,0.03860046,0E-8,0.000000,0.722694,0.000000,0.01256549,2026-05-12,2026-08-02,47,1844,580,83,0.566265,1.297104,1.076088,2.479667,,,,,,,,GLOBAL_BASELINE_NO_ENTITY_RANKING,,,NOT_APPLICABLE_GLOBAL_BASELINE,HF9g-P5,,,,X 全窗基线 · 不参与实体赏罚,15059962,1506,A168_HF9F_20260827_0900,2026-08-27 09:00:00
2026-07-28,17529000,1004,0,12.6507112797,-2.3236000309,-2.3236000309,0E-7,4,2,0.50112161919188349,0.499948100000,-1.4173895467595825,-1.4140667746232096,-1.4173895467595825,0.00117351919188349,ELIGIBLE,R03b_20260811_FULL_v1,L1_ELIGIBILITY,v2026-08-11,2026-03-21..2026-08-06,baccarat_bet02_101_all_pairs_incl_sentinel,round_win = game_pnl > 0 (decisive only),COMPATIBILITY_ONLY_NOT_PRODUCTION,234594.9955,169540.3402,9810.4062,19851,11308,-0.04181848,-0.03860046,-0.05116595,-0.04181848,-9810.4062,234594.9955,OK,0.0000,294.3122,3.0000,97.0000,AG03-UNRESOLVED,ALL5_LEVELS_bet23_to_bet27,294.3122,294.3122,294.3122,392.4162,490.5203,3.000000,3.000000,3.000000,4.000000,5.000000,97.000000,97.000000,97.000000,96.000000,95.000000,5.0,1765.8731,1644.6383,8044.5331,8165.7679,PENDING_AG03,FALSE,NOT_FOR_ENFORCEMENT,9516.0940,164454.1300,9810.4062,9516.0940,294.3122,0.04181848,0.04056393,294.3122,9516.0940,0.04056393,294.3122,294.3122,294.3122,392.4162,490.5203,9516.0940,0.04056393,1765.8731,1644.6383,8044.5331,8165.7679,0.03429115,0.03480794,0.00125455,11.8178,14.9930,0.8676,208.7320,5.3202,4991.3829,240.5957,12.7170,9.8041,2.5818,2.84,3.3563,4.9054,16.007,177.8754,0.2582,0.0,5.636364,62.633151,4.16126,29,188,6,10,0.74390005,0.04181848,0.03860046,0E-8,0.000000,0.722694,0.000000,0.01256549,2026-05-12,2026-08-02,47,1844,580,83,0.566265,1.297104,1.076088,2.479667,,,,,,,,GLOBAL_BASELINE_NO_ENTITY_RANKING,,,NOT_APPLICABLE_GLOBAL_BASELINE,HF9g-P5,,,,X 全窗基线 · 不参与实体赏罚,15059963,1506,A168_HF9F_20260827_0900,2026-08-27 09:00:00
2026-07-28,17529000,1202,0,22.7196447473,0.6970800093,0.6970800093,0.5000000,8,4,0.50053929253244954,0.499948100000,-0.0021571713845665976,0.00020760000111838688,-0.0021571713845665976,0.00059119253244954,ELIGIBLE,R03b_20260811_FULL_v1,L1_ELIGIBILITY,v2026-08-11,2026-03-21..2026-08-06,baccarat_bet02_101_all_pairs_incl_sentinel,round_win = game_pnl > 0 (decisive only),COMPATIBILITY_ONLY_NOT_PRODUCTION,234594.9955,169540.3402,9810.4062,19851,11308,-0.04181848,-0.03860046,-0.05116595,-0.04181848,-9810.4062,234594.9955,OK,0.0000,294.3122,3.0000,97.0000,AG03-UNRESOLVED,ALL5_LEVELS_bet23_to_bet27,294.3122,294.3122,294.3122,392.4162,490.5203,3.000000,3.000000,3.000000,4.000000,5.000000,97.000000,97.000000,97.000000,96.000000,95.000000,5.0,1765.8731,1644.6383,8044.5331,8165.7679,PENDING_AG03,FALSE,NOT_FOR_ENFORCEMENT,9516.0940,164454.1300,9810.4062,9516.0940,294.3122,0.04181848,0.04056393,294.3122,9516.0940,0.04056393,294.3122,294.3122,294.3122,392.4162,490.5203,9516.0940,0.04056393,1765.8731,1644.6383,8044.5331,8165.7679,0.03429115,0.03480794,0.00125455,11.8178,14.9930,0.8676,208.7320,5.3202,4991.3829,240.5957,12.7170,9.8041,2.5818,2.84,3.3563,4.9054,16.007,177.8754,0.2582,0.0,5.636364,62.633151,4.16126,29,188,6,10,0.74390005,0.04181848,0.03860046,0E-8,0.000000,0.722694,0.000000,0.01256549,2026-05-12,2026-08-02,47,1844,580,83,0.566265,1.297104,1.076088,2.479667,,,,,,,,GLOBAL_BASELINE_NO_ENTITY_RANKING,,,NOT_APPLICABLE_GLOBAL_BASELINE,HF9g-P5,,,,X 全窗基线 · 不参与实体赏罚,15059964,1506,A168_HF9F_20260827_0900,2026-08-27 09:00:00
2026-07-28,17529000,1210,0,308.5224485580,238.6724498489,238.6724498489,0.5000000,13,8,0.49926507195680157,0.499110275000,0.004157385315208083,0.005033052615571272,0.004157385315208083,0.00015479695680157,ELIGIBLE,R03b_20260811_FULL_v1,L1_ELIGIBILITY,v2026-08-11,2026-03-21..2026-08-06,baccarat_bet02_101_all_pairs_incl_sentinel,round_win = game_pnl > 0 (decisive only),COMPATIBILITY_ONLY_NOT_PRODUCTION,234594.9955,169540.3402,9810.4062,19851,11308,-0.04181848,-0.03860046,-0.05116595,-0.04181848,-9810.4062,234594.9955,OK,0.0000,294.3122,3.0000,97.0000,AG03-UNRESOLVED,ALL5_LEVELS_bet23_to_bet27,294.3122,294.3122,294.3122,392.4162,490.5203,3.000000,3.000000,3.000000,4.000000,5.000000,97.000000,97.000000,97.000000,96.000000,95.000000,5.0,1765.8731,1644.6383,8044.5331,8165.7679,PENDING_AG03,FALSE,NOT_FOR_ENFORCEMENT,9516.0940,164454.1300,9810.4062,9516.0940,294.3122,0.04181848,0.04056393,294.3122,9516.0940,0.04056393,294.3122,294.3122,294.3122,392.4162,490.5203,9516.0940,0.04056393,1765.8731,1644.6383,8044.5331,8165.7679,0.03429115,0.03480794,0.00125455,11.8178,14.9930,0.8676,208.7320,5.3202,4991.3829,240.5957,12.7170,9.8041,2.5818,2.84,3.3563,4.9054,16.007,177.8754,0.2582,0.0,5.636364,62.633151,4.16126,29,188,6,10,0.74390005,0.04181848,0.03860046,0E-8,0.000000,0.722694,0.000000,0.01256549,2026-05-12,2026-08-02,47,1844,580,83,0.566265,1.297104,1.076088,2.479667,,,,,,,,GLOBAL_BASELINE_NO_ENTITY_RANKING,,,NOT_APPLICABLE_GLOBAL_BASELINE,HF9g-P5,,,,X 全窗基线 · 不参与实体赏罚,15059965,1506,A168_HF9F_20260827_0900,2026-08-27 09:00:00
2026-07-28,17529000,1299,0,5.9380889681,0.6067177859,0.6067177859,1.0000000,2,1,0.50082235217395230,0.499948100000,0.9983566459565251,1.0001038053877793,0.9983566459565251,0.00087425217395230,ELIGIBLE,R03b_20260811_FULL_v1,L1_ELIGIBILITY,v2026-08-11,2026-03-21..2026-08-06,baccarat_bet02_101_all_pairs_incl_sentinel,round_win = game_pnl > 0 (decisive only),COMPATIBILITY_ONLY_NOT_PRODUCTION,234594.9955,169540.3402,9810.4062,19851,11308,-0.04181848,-0.03860046,-0.05116595,-0.04181848,-9810.4062,234594.9955,OK,0.0000,294.3122,3.0000,97.0000,AG03-UNRESOLVED,ALL5_LEVELS_bet23_to_bet27,294.3122,294.3122,294.3122,392.4162,490.5203,3.000000,3.000000,3.000000,4.000000,5.000000,97.000000,97.000000,97.000000,96.000000,95.000000,5.0,1765.8731,1644.6383,8044.5331,8165.7679,PENDING_AG03,FALSE,NOT_FOR_ENFORCEMENT,9516.0940,164454.1300,9810.4062,9516.0940,294.3122,0.04181848,0.04056393,294.3122,9516.0940,0.04056393,294.3122,294.3122,294.3122,392.4162,490.5203,9516.0940,0.04056393,1765.8731,1644.6383,8044.5331,8165.7679,0.03429115,0.03480794,0.00125455,11.8178,14.9930,0.8676,208.7320,5.3202,4991.3829,240.5957,12.7170,9.8041,2.5818,2.84,3.3563,4.9054,16.007,177.8754,0.2582,0.0,5.636364,62.633151,4.16126,29,188,6,10,0.74390005,0.04181848,0.03860046,0E-8,0.000000,0.722694,0.000000,0.01256549,2026-05-12,2026-08-02,47,1844,580,83,0.566265,1.297104,1.076088,2.479667,,,,,,,,GLOBAL_BASELINE_NO_ENTITY_RANKING,,,NOT_APPLICABLE_GLOBAL_BASELINE,HF9g-P5,,,,X 全窗基线 · 不参与实体赏罚,15059966,1506,A168_HF9F_20260827_0900,2026-08-27 09:00:00
2026-07-28,17529000,1323,0,5.6799111868,0.3614488937,0.3614488937,1.0000000,2,1,0.50055742727268436,0.499948100000,0.9988857662127119,1.0001038053877793,0.9988857662127119,0.00060932727268436,ELIGIBLE,R03b_20260811_FULL_v1,L1_ELIGIBILITY,v2026-08-11,2026-03-21..2026-08-06,baccarat_bet02_101_all_pairs_incl_sentinel,round_win = game_pnl > 0 (decisive only),COMPATIBILITY_ONLY_NOT_PRODUCTION,234594.9955,169540.3402,9810.4062,19851,11308,-0.04181848,-0.03860046,-0.05116595,-0.04181848,-9810.4062,234594.9955,OK,0.0000,294.3122,3.0000,97.0000,AG03-UNRESOLVED,ALL5_LEVELS_bet23_to_bet27,294.3122,294.3122,294.3122,392.4162,490.5203,3.000000,3.000000,3.000000,4.000000,5.000000,97.000000,97.000000,97.000000,96.000000,95.000000,5.0,1765.8731,1644.6383,8044.5331,8165.7679,PENDING_AG03,FALSE,NOT_FOR_ENFORCEMENT,9516.0940,164454.1300,9810.4062,9516.0940,294.3122,0.04181848,0.04056393,294.3122,9516.0940,0.04056393,294.3122,294.3122,294.3122,392.4162,490.5203,9516.0940,0.04056393,1765.8731,1644.6383,8044.5331,8165.7679,0.03429115,0.03480794,0.00125455,11.8178,14.9930,0.8676,208.7320,5.3202,4991.3829,240.5957,12.7170,9.8041,2.5818,2.84,3.3563,4.9054,16.007,177.8754,0.2582,0.0,5.636364,62.633151,4.16126,29,188,6,10,0.74390005,0.04181848,0.03860046,0E-8,0.000000,0.722694,0.000000,0.01256549,2026-05-12,2026-08-02,47,1844,580,83,0.566265,1.297104,1.076088,2.479667,,,,,,,,GLOBAL_BASELINE_NO_ENTITY_RANKING,,,NOT_APPLICABLE_GLOBAL_BASELINE,HF9g-P5,,,,X 全窗基线 · 不参与实体赏罚,15059967,1506,A168_HF9F_20260827_0900,2026-08-27 09:00:00
2026-07-28,17529000,1396,0,63.2535563988,0.9552577907,0.9552577907,0.3636364,21,11,0.50119455318287228,0.500557427273,-0.9124604072205216,-0.9082321523795404,-0.9124604072205216,0.00063712590987228,ELIGIBLE,R03b_20260811_FULL_v1,L1_ELIGIBILITY,v2026-08-11,2026-03-21..2026-08-06,baccarat_bet02_101_all_pairs_incl_sentinel,round_win = game_pnl > 0 (decisive only),COMPATIBILITY_ONLY_NOT_PRODUCTION,234594.9955,169540.3402,9810.4062,19851,11308,-0.04181848,-0.03860046,-0.05116595,-0.04181848,-9810.4062,234594.9955,OK,0.0000,294.3122,3.0000,97.0000,AG03-UNRESOLVED,ALL5_LEVELS_bet23_to_bet27,294.3122,294.3122,294.3122,392.4162,490.5203,3.000000,3.000000,3.000000,4.000000,5.000000,97.000000,97.000000,97.000000,96.000000,95.000000,5.0,1765.8731,1644.6383,8044.5331,8165.7679,PENDING_AG03,FALSE,NOT_FOR_ENFORCEMENT,9516.0940,164454.1300,9810.4062,9516.0940,294.3122,0.04181848,0.04056393,294.3122,9516.0940,0.04056393,294.3122,294.3122,294.3122,392.4162,490.5203,9516.0940,0.04056393,1765.8731,1644.6383,8044.5331,8165.7679,0.03429115,0.03480794,0.00125455,11.8178,14.9930,0.8676,208.7320,5.3202,4991.3829,240.5957,12.7170,9.8041,2.5818,2.84,3.3563,4.9054,16.007,177.8754,0.2582,0.0,5.636364,62.633151,4.16126,29,188,6,10,0.74390005,0.04181848,0.03860046,0E-8,0.000000,0.722694,0.000000,0.01256549,2026-05-12,2026-08-02,47,1844,580,83,0.566265,1.297104,1.076088,2.479667,,,,,,,,GLOBAL_BASELINE_NO_ENTITY_RANKING,,,NOT_APPLICABLE_GLOBAL_BASELINE,HF9g-P5,,,,X 全窗基线 · 不参与实体赏罚,15059968,1506,A168_HF9F_20260827_0900,2026-08-27 09:00:00
2026-07-28,17529000,1490,0,11.3598223737,-0.2581777812,-0.2581777812,0E-7,4,2,0.50054481180125009,0.499948100000,-1.0010902178896708,-0.9998962053866608,-1.0010902178896708,0.00059671180125009,ELIGIBLE,R03b_20260811_FULL_v1,L1_ELIGIBILITY,v2026-08-11,2026-03-21..2026-08-06,baccarat_bet02_101_all_pairs_incl_sentinel,round_win = game_pnl > 0 (decisive only),COMPATIBILITY_ONLY_NOT_PRODUCTION,234594.9955,169540.3402,9810.4062,19851,11308,-0.04181848,-0.03860046,-0.05116595,-0.04181848,-9810.4062,234594.9955,OK,0.0000,294.3122,3.0000,97.0000,AG03-UNRESOLVED,ALL5_LEVELS_bet23_to_bet27,294.3122,294.3122,294.3122,392.4162,490.5203,3.000000,3.000000,3.000000,4.000000,5.000000,97.000000,97.000000,97.000000,96.000000,95.000000,5.0,1765.8731,1644.6383,8044.5331,8165.7679,PENDING_AG03,FALSE,NOT_FOR_ENFORCEMENT,9516.0940,164454.1300,9810.4062,9516.0940,294.3122,0.04181848,0.04056393,294.3122,9516.0940,0.04056393,294.3122,294.3122,294.3122,392.4162,490.5203,9516.0940,0.04056393,1765.8731,1644.6383,8044.5331,8165.7679,0.03429115,0.03480794,0.00125455,11.8178,14.9930,0.8676,208.7320,5.3202,4991.3829,240.5957,12.7170,9.8041,2.5818,2.84,3.3563,4.9054,16.007,177.8754,0.2582,0.0,5.636364,62.633151,4.16126,29,188,6,10,0.74390005,0.04181848,0.03860046,0E-8,0.000000,0.722694,0.000000,0.01256549,2026-05-12,2026-08-02,47,1844,580,83,0.566265,1.297104,1.076088,2.479667,,,,,,,,GLOBAL_BASELINE_NO_ENTITY_RANKING,,,NOT_APPLICABLE_GLOBAL_BASELINE,HF9g-P5,,,,X 全窗基线 · 不参与实体赏罚,15059969,1506,A168_HF9F_20260827_0900,2026-08-27 09:00:00
2026-07-28,17529000,1505,0,21.9451114036,-5.6928200758,-5.6928200758,0.3333333,7,4,0.49807014689753741,0.498272450000,-0.5706693126813409,-0.571369270876619,-0.5706693126813409,-0.00020230310246259,ELIGIBLE,R03b_20260811_FULL_v1,L1_ELIGIBILITY,v2026-08-11,2026-03-21..2026-08-06,baccarat_bet02_101_all_pairs_incl_sentinel,round_win = game_pnl > 0 (decisive only),COMPATIBILITY_ONLY_NOT_PRODUCTION,234594.9955,169540.3402,9810.4062,19851,11308,-0.04181848,-0.03860046,-0.05116595,-0.04181848,-9810.4062,234594.9955,OK,0.0000,294.3122,3.0000,97.0000,AG03-UNRESOLVED,ALL5_LEVELS_bet23_to_bet27,294.3122,294.3122,294.3122,392.4162,490.5203,3.000000,3.000000,3.000000,4.000000,5.000000,97.000000,97.000000,97.000000,96.000000,95.000000,5.0,1765.8731,1644.6383,8044.5331,8165.7679,PENDING_AG03,FALSE,NOT_FOR_ENFORCEMENT,9516.0940,164454.1300,9810.4062,9516.0940,294.3122,0.04181848,0.04056393,294.3122,9516.0940,0.04056393,294.3122,294.3122,294.3122,392.4162,490.5203,9516.0940,0.04056393,1765.8731,1644.6383,8044.5331,8165.7679,0.03429115,0.03480794,0.00125455,11.8178,14.9930,0.8676,208.7320,5.3202,4991.3829,240.5957,12.7170,9.8041,2.5818,2.84,3.3563,4.9054,16.007,177.8754,0.2582,0.0,5.636364,62.633151,4.16126,29,188,6,10,0.74390005,0.04181848,0.03860046,0E-8,0.000000,0.722694,0.000000,0.01256549,2026-05-12,2026-08-02,47,1844,580,83,0.566265,1.297104,1.076088,2.479667,,,,,,,,GLOBAL_BASELINE_NO_ENTITY_RANKING,,,NOT_APPLICABLE_GLOBAL_BASELINE,HF9g-P5,,,,X 全窗基线 · 不参与实体赏罚,15059970,1506,A168_HF9F_20260827_0900,2026-08-27 09:00:00
2026-07-28,17529000,1507,0,17.5560891230,0.6970800094,0.6970800094,0.6666667,6,3,0.50073404387352965,0.499948100000,0.5748080860587387,0.5775300591747329,0.5748080860587387,0.00078594387352965,ELIGIBLE,R03b_20260811_FULL_v1,L1_ELIGIBILITY,v2026-08-11,2026-03-21..2026-08-06,baccarat_bet02_101_all_pairs_incl_sentinel,round_win = game_pnl > 0 (decisive only),COMPATIBILITY_ONLY_NOT_PRODUCTION,234594.9955,169540.3402,9810.4062,19851,11308,-0.04181848,-0.03860046,-0.05116595,-0.04181848,-9810.4062,234594.9955,OK,0.0000,294.3122,3.0000,97.0000,AG03-UNRESOLVED,ALL5_LEVELS_bet23_to_bet27,294.3122,294.3122,294.3122,392.4162,490.5203,3.000000,3.000000,3.000000,4.000000,5.000000,97.000000,97.000000,97.000000,96.000000,95.000000,5.0,1765.8731,1644.6383,8044.5331,8165.7679,PENDING_AG03,FALSE,NOT_FOR_ENFORCEMENT,9516.0940,164454.1300,9810.4062,9516.0940,294.3122,0.04181848,0.04056393,294.3122,9516.0940,0.04056393,294.3122,294.3122,294.3122,392.4162,490.5203,9516.0940,0.04056393,1765.8731,1644.6383,8044.5331,8165.7679,0.03429115,0.03480794,0.00125455,11.8178,14.9930,0.8676,208.7320,5.3202,4991.3829,240.5957,12.7170,9.8041,2.5818,2.84,3.3563,4.9054,16.007,177.8754,0.2582,0.0,5.636364,62.633151,4.16126,29,188,6,10,0.74390005,0.04181848,0.03860046,0E-8,0.000000,0.722694,0.000000,0.01256549,2026-05-12,2026-08-02,47,1844,580,83,0.566265,1.297104,1.076088,2.479667,,,,,,,,GLOBAL_BASELINE_NO_ENTITY_RANKING,,,NOT_APPLICABLE_GLOBAL_BASELINE,HF9g-P5,,,,X 全窗基线 · 不参与实体赏罚,15059971,1506,A168_HF9F_20260827_0900,2026-08-27 09:00:00
2026-07-28,17529000,1509,0,11.1016445924,0.4776288953,0.4776288953,1.0000000,4,2,0.50041234935061612,0.499948100000,1.413047742811653,1.4143603653603398,1.413047742811653,0.00046424935061612,ELIGIBLE,R03b_20260811_FULL_v1,L1_ELIGIBILITY,v2026-08-11,2026-03-21..2026-08-06,baccarat_bet02_101_all_pairs_incl_sentinel,round_win = game_pnl > 0 (decisive only),COMPATIBILITY_ONLY_NOT_PRODUCTION,234594.9955,169540.3402,9810.4062,19851,11308,-0.04181848,-0.03860046,-0.05116595,-0.04181848,-9810.4062,234594.9955,OK,0.0000,294.3122,3.0000,97.0000,AG03-UNRESOLVED,ALL5_LEVELS_bet23_to_bet27,294.3122,294.3122,294.3122,392.4162,490.5203,3.000000,3.000000,3.000000,4.000000,5.000000,97.000000,97.000000,97.000000,96.000000,95.000000,5.0,1765.8731,1644.6383,8044.5331,8165.7679,PENDING_AG03,FALSE,NOT_FOR_ENFORCEMENT,9516.0940,164454.1300,9810.4062,9516.0940,294.3122,0.04181848,0.04056393,294.3122,9516.0940,0.04056393,294.3122,294.3122,294.3122,392.4162,490.5203,9516.0940,0.04056393,1765.8731,1644.6383,8044.5331,8165.7679,0.03429115,0.03480794,0.00125455,11.8178,14.9930,0.8676,208.7320,5.3202,4991.3829,240.5957,12.7170,9.8041,2.5818,2.84,3.3563,4.9054,16.007,177.8754,0.2582,0.0,5.636364,62.633151,4.16126,29,188,6,10,0.74390005,0.04181848,0.03860046,0E-8,0.000000,0.722694,0.000000,0.01256549,2026-05-12,2026-08-02,47,1844,580,83,0.566265,1.297104,1.076088,2.479667,,,,,,,,GLOBAL_BASELINE_NO_ENTITY_RANKING,,,NOT_APPLICABLE_GLOBAL_BASELINE,HF9g-P5,,,,X 全窗基线 · 不参与实体赏罚,15059972,1506,A168_HF9F_20260827_0900,2026-08-27 09:00:00
2026-07-28,17529000,1654,0,620.6593860532,89.2004234116,89.2004234116,0.1250000,8,8,0.50665070000000000,0.506650700000,-2.1591333973244815,-2.1591333973244815,-2.1591333973244815,0E-17,ELIGIBLE,R03b_20260811_FULL_v1,L1_ELIGIBILITY,v2026-08-11,2026-03-21..2026-08-06,baccarat_bet02_101_all_pairs_incl_sentinel,round_win = game_pnl > 0 (decisive only),COMPATIBILITY_ONLY_NOT_PRODUCTION,234594.9955,169540.3402,9810.4062,19851,11308,-0.04181848,-0.03860046,-0.05116595,-0.04181848,-9810.4062,234594.9955,OK,0.0000,294.3122,3.0000,97.0000,AG03-UNRESOLVED,ALL5_LEVELS_bet23_to_bet27,294.3122,294.3122,294.3122,392.4162,490.5203,3.000000,3.000000,3.000000,4.000000,5.000000,97.000000,97.000000,97.000000,96.000000,95.000000,5.0,1765.8731,1644.6383,8044.5331,8165.7679,PENDING_AG03,FALSE,NOT_FOR_ENFORCEMENT,9516.0940,164454.1300,9810.4062,9516.0940,294.3122,0.04181848,0.04056393,294.3122,9516.0940,0.04056393,294.3122,294.3122,294.3122,392.4162,490.5203,9516.0940,0.04056393,1765.8731,1644.6383,8044.5331,8165.7679,0.03429115,0.03480794,0.00125455,11.8178,14.9930,0.8676,208.7320,5.3202,4991.3829,240.5957,12.7170,9.8041,2.5818,2.84,3.3563,4.9054,16.007,177.8754,0.2582,0.0,5.636364,62.633151,4.16126,29,188,6,10,0.74390005,0.04181848,0.03860046,0E-8,0.000000,0.722694,0.000000,0.01256549,2026-05-12,2026-08-02,47,1844,580,83,0.566265,1.297104,1.076088,2.479667,,,,,,,,GLOBAL_BASELINE_NO_ENTITY_RANKING,,,NOT_APPLICABLE_GLOBAL_BASELINE,HF9g-P5,,,,X 全窗基线 · 不参与实体赏罚,15059973,1506,A168_HF9F_20260827_0900,2026-08-27 09:00:00
2026-07-28,17529000,1935,0,17.0397335605,0.0903622235,0.0903622235,0.5000000,6,3,0.50054901695839485,0.499948100000,-0.0015528553931920932,0.00014679536856514622,-0.0015528553931920932,0.00060091695839485,ELIGIBLE,R03b_20260811_FULL_v1,L1_ELIGIBILITY,v2026-08-11,2026-03-21..2026-08-06,baccarat_bet02_101_all_pairs_incl_sentinel,round_win = game_pnl > 0 (decisive only),COMPATIBILITY_ONLY_NOT_PRODUCTION,234594.9955,169540.3402,9810.4062,19851,11308,-0.04181848,-0.03860046,-0.05116595,-0.04181848,-9810.4062,234594.9955,OK,0.0000,294.3122,3.0000,97.0000,AG03-UNRESOLVED,ALL5_LEVELS_bet23_to_bet27,294.3122,294.3122,294.3122,392.4162,490.5203,3.000000,3.000000,3.000000,4.000000,5.000000,97.000000,97.000000,97.000000,96.000000,95.000000,5.0,1765.8731,1644.6383,8044.5331,8165.7679,PENDING_AG03,FALSE,NOT_FOR_ENFORCEMENT,9516.0940,164454.1300,9810.4062,9516.0940,294.3122,0.04181848,0.04056393,294.3122,9516.0940,0.04056393,294.3122,294.3122,294.3122,392.4162,490.5203,9516.0940,0.04056393,1765.8731,1644.6383,8044.5331,8165.7679,0.03429115,0.03480794,0.00125455,11.8178,14.9930,0.8676,208.7320,5.3202,4991.3829,240.5957,12.7170,9.8041,2.5818,2.84,3.3563,4.9054,16.007,177.8754,0.2582,0.0,5.636364,62.633151,4.16126,29,188,6,10,0.74390005,0.04181848,0.03860046,0E-8,0.000000,0.722694,0.000000,0.01256549,2026-05-12,2026-08-02,47,1844,580,83,0.566265,1.297104,1.076088,2.479667,,,,,,,,GLOBAL_BASELINE_NO_ENTITY_RANKING,,,NOT_APPLICABLE_GLOBAL_BASELINE,HF9g-P5,,,,X 全窗基线 · 不参与实体赏罚,15059974,1506,A168_HF9F_20260827_0900,2026-08-27 09:00:00
2026-07-28,17529000,1957,0,18.0724446854,0.6841711202,0.6841711202,0.6666667,6,3,0.50088946648221222,0.499948100000,0.5742699755808003,0.5775300591747329,0.5742699755808003,0.00094136648221222,ELIGIBLE,R03b_20260811_FULL_v1,L1_ELIGIBILITY,v2026-08-11,2026-03-21..2026-08-06,baccarat_bet02_101_all_pairs_incl_sentinel,round_win = game_pnl > 0 (decisive only),COMPATIBILITY_ONLY_NOT_PRODUCTION,234594.9955,169540.3402,9810.4062,19851,11308,-0.04181848,-0.03860046,-0.05116595,-0.04181848,-9810.4062,234594.9955,OK,0.0000,294.3122,3.0000,97.0000,AG03-UNRESOLVED,ALL5_LEVELS_bet23_to_bet27,294.3122,294.3122,294.3122,392.4162,490.5203,3.000000,3.000000,3.000000,4.000000,5.000000,97.000000,97.000000,97.000000,96.000000,95.000000,5.0,1765.8731,1644.6383,8044.5331,8165.7679,PENDING_AG03,FALSE,NOT_FOR_ENFORCEMENT,9516.0940,164454.1300,9810.4062,9516.0940,294.3122,0.04181848,0.04056393,294.3122,9516.0940,0.04056393,294.3122,294.3122,294.3122,392.4162,490.5203,9516.0940,0.04056393,1765.8731,1644.6383,8044.5331,8165.7679,0.03429115,0.03480794,0.00125455,11.8178,14.9930,0.8676,208.7320,5.3202,4991.3829,240.5957,12.7170,9.8041,2.5818,2.84,3.3563,4.9054,16.007,177.8754,0.2582,0.0,5.636364,62.633151,4.16126,29,188,6,10,0.74390005,0.04181848,0.03860046,0E-8,0.000000,0.722694,0.000000,0.01256549,2026-05-12,2026-08-02,47,1844,580,83,0.566265,1.297104,1.076088,2.479667,,,,,,,,GLOBAL_BASELINE_NO_ENTITY_RANKING,,,NOT_APPLICABLE_GLOBAL_BASELINE,HF9g-P5,,,,X 全窗基线 · 不参与实体赏罚,15059975,1506,A168_HF9F_20260827_0900,2026-08-27 09:00:00
2026-07-28,17529000,1966,0,5.6799111868,-0.5163555624,-0.5163555624,0E-7,2,1,0.50055742727268436,0.499948100000,-1.001115476689104,-0.9998962053866608,-1.001115476689104,0.00060932727268436,ELIGIBLE,R03b_20260811_FULL_v1,L1_ELIGIBILITY,v2026-08-11,2026-03-21..2026-08-06,baccarat_bet02_101_all_pairs_incl_sentinel,round_win = game_pnl > 0 (decisive only),COMPATIBILITY_ONLY_NOT_PRODUCTION,234594.9955,169540.3402,9810.4062,19851,11308,-0.04181848,-0.03860046,-0.05116595,-0.04181848,-9810.4062,234594.9955,OK,0.0000,294.3122,3.0000,97.0000,AG03-UNRESOLVED,ALL5_LEVELS_bet23_to_bet27,294.3122,294.3122,294.3122,392.4162,490.5203,3.000000,3.000000,3.000000,4.000000,5.000000,97.000000,97.000000,97.000000,96.000000,95.000000,5.0,1765.8731,1644.6383,8044.5331,8165.7679,PENDING_AG03,FALSE,NOT_FOR_ENFORCEMENT,9516.0940,164454.1300,9810.4062,9516.0940,294.3122,0.04181848,0.04056393,294.3122,9516.0940,0.04056393,294.3122,294.3122,294.3122,392.4162,490.5203,9516.0940,0.04056393,1765.8731,1644.6383,8044.5331,8165.7679,0.03429115,0.03480794,0.00125455,11.8178,14.9930,0.8676,208.7320,5.3202,4991.3829,240.5957,12.7170,9.8041,2.5818,2.84,3.3563,4.9054,16.007,177.8754,0.2582,0.0,5.636364,62.633151,4.16126,29,188,6,10,0.74390005,0.04181848,0.03860046,0E-8,0.000000,0.722694,0.000000,0.01256549,2026-05-12,2026-08-02,47,1844,580,83,0.566265,1.297104,1.076088,2.479667,,,,,,,,GLOBAL_BASELINE_NO_ENTITY_RANKING,,,NOT_APPLICABLE_GLOBAL_BASELINE,HF9g-P5,,,,X 全窗基线 · 不参与实体赏罚,15059976,1506,A168_HF9F_20260827_0900,2026-08-27 09:00:00
2026-07-28,17529000,2101,0,258.1777812200,-103.8520124957,-103.8520124957,0.1666667,18,13,0.49792341557906222,0.497885761538,-2.29503387125401,-2.294773718404865,-2.29503387125401,0.00003765404106222,ELIGIBLE,R03b_20260811_FULL_v1,L1_ELIGIBILITY,v2026-08-11,2026-03-21..2026-08-06,baccarat_bet02_101_all_pairs_incl_sentinel,round_win = game_pnl > 0 (decisive only),COMPATIBILITY_ONLY_NOT_PRODUCTION,234594.9955,169540.3402,9810.4062,19851,11308,-0.04181848,-0.03860046,-0.05116595,-0.04181848,-9810.4062,234594.9955,OK,0.0000,294.3122,3.0000,97.0000,AG03-UNRESOLVED,ALL5_LEVELS_bet23_to_bet27,294.3122,294.3122,294.3122,392.4162,490.5203,3.000000,3.000000,3.000000,4.000000,5.000000,97.000000,97.000000,97.000000,96.000000,95.000000,5.0,1765.8731,1644.6383,8044.5331,8165.7679,PENDING_AG03,FALSE,NOT_FOR_ENFORCEMENT,9516.0940,164454.1300,9810.4062,9516.0940,294.3122,0.04181848,0.04056393,294.3122,9516.0940,0.04056393,294.3122,294.3122,294.3122,392.4162,490.5203,9516.0940,0.04056393,1765.8731,1644.6383,8044.5331,8165.7679,0.03429115,0.03480794,0.00125455,11.8178,14.9930,0.8676,208.7320,5.3202,4991.3829,240.5957,12.7170,9.8041,2.5818,2.84,3.3563,4.9054,16.007,177.8754,0.2582,0.0,5.636364,62.633151,4.16126,29,188,6,10,0.74390005,0.04181848,0.03860046,0E-8,0.000000,0.722694,0.000000,0.01256549,2026-05-12,2026-08-02,47,1844,580,83,0.566265,1.297104,1.076088,2.479667,,,,,,,,GLOBAL_BASELINE_NO_ENTITY_RANKING,,,NOT_APPLICABLE_GLOBAL_BASELINE,HF9g-P5,,,,X 全窗基线 · 不参与实体赏罚,15059977,1506,A168_HF9F_20260827_0900,2026-08-27 09:00:00
2026-07-28,17529000,2121,0,51.6355562438,0.6454444532,0.6454444532,0.5714286,18,9,0.50059837148626657,0.499948100000,0.3747984571127389,0.37823910403297295,0.3747984571127389,0.00065027148626657,ELIGIBLE,R03b_20260811_FULL_v1,L1_ELIGIBILITY,v2026-08-11,2026-03-21..2026-08-06,baccarat_bet02_101_all_pairs_incl_sentinel,round_win = game_pnl > 0 (decisive only),COMPATIBILITY_ONLY_NOT_PRODUCTION,234594.9955,169540.3402,9810.4062,19851,11308,-0.04181848,-0.03860046,-0.05116595,-0.04181848,-9810.4062,234594.9955,OK,0.0000,294.3122,3.0000,97.0000,AG03-UNRESOLVED,ALL5_LEVELS_bet23_to_bet27,294.3122,294.3122,294.3122,392.4162,490.5203,3.000000,3.000000,3.000000,4.000000,5.000000,97.000000,97.000000,97.000000,96.000000,95.000000,5.0,1765.8731,1644.6383,8044.5331,8165.7679,PENDING_AG03,FALSE,NOT_FOR_ENFORCEMENT,9516.0940,164454.1300,9810.4062,9516.0940,294.3122,0.04181848,0.04056393,294.3122,9516.0940,0.04056393,294.3122,294.3122,294.3122,392.4162,490.5203,9516.0940,0.04056393,1765.8731,1644.6383,8044.5331,8165.7679,0.03429115,0.03480794,0.00125455,11.8178,14.9930,0.8676,208.7320,5.3202,4991.3829,240.5957,12.7170,9.8041,2.5818,2.84,3.3563,4.9054,16.007,177.8754,0.2582,0.0,5.636364,62.633151,4.16126,29,188,6,10,0.74390005,0.04181848,0.03860046,0E-8,0.000000,0.722694,0.000000,0.01256549,2026-05-12,2026-08-02,47,1844,580,83,0.566265,1.297104,1.076088,2.479667,,,,,,,,GLOBAL_BASELINE_NO_ENTITY_RANKING,,,NOT_APPLICABLE_GLOBAL_BASELINE,HF9g-P5,,,,X 全窗基线 · 不参与实体赏罚,15059978,1506,A168_HF9F_20260827_0900,2026-08-27 09:00:00
2026-07-28,17529000,2145,0,5.6799111868,-0.5163555624,-0.5163555624,0E-7,2,1,0.50055742727268436,0.499948100000,-1.001115476689104,-0.9998962053866608,-1.001115476689104,0.00060932727268436,ELIGIBLE,R03b_20260811_FULL_v1,L1_ELIGIBILITY,v2026-08-11,2026-03-21..2026-08-06,baccarat_bet02_101_all_pairs_incl_sentinel,round_win = game_pnl > 0 (decisive only),COMPATIBILITY_ONLY_NOT_PRODUCTION,234594.9955,169540.3402,9810.4062,19851,11308,-0.04181848,-0.03860046,-0.05116595,-0.04181848,-9810.4062,234594.9955,OK,0.0000,294.3122,3.0000,97.0000,AG03-UNRESOLVED,ALL5_LEVELS_bet23_to_bet27,294.3122,294.3122,294.3122,392.4162,490.5203,3.000000,3.000000,3.000000,4.000000,5.000000,97.000000,97.000000,97.000000,96.000000,95.000000,5.0,1765.8731,1644.6383,8044.5331,8165.7679,PENDING_AG03,FALSE,NOT_FOR_ENFORCEMENT,9516.0940,164454.1300,9810.4062,9516.0940,294.3122,0.04181848,0.04056393,294.3122,9516.0940,0.04056393,294.3122,294.3122,294.3122,392.4162,490.5203,9516.0940,0.04056393,1765.8731,1644.6383,8044.5331,8165.7679,0.03429115,0.03480794,0.00125455,11.8178,14.9930,0.8676,208.7320,5.3202,4991.3829,240.5957,12.7170,9.8041,2.5818,2.84,3.3563,4.9054,16.007,177.8754,0.2582,0.0,5.636364,62.633151,4.16126,29,188,6,10,0.74390005,0.04181848,0.03860046,0E-8,0.000000,0.722694,0.000000,0.01256549,2026-05-12,2026-08-02,47,1844,580,83,0.566265,1.297104,1.076088,2.479667,,,,,,,,GLOBAL_BASELINE_NO_ENTITY_RANKING,,,NOT_APPLICABLE_GLOBAL_BASELINE,HF9g-P5,,,,X 全窗基线 · 不参与实体赏罚,15059979,1506,A168_HF9F_20260827_0900,2026-08-27 09:00:00
2026-07-28,17529000,2156,0,22.4614669661,0.3227222267,0.3227222267,0.7500000,8,4,0.50047858057593311,0.499948100000,0.9980861348984067,1.0002076053883384,0.9980861348984067,0.00053048057593311,ELIGIBLE,R03b_20260811_FULL_v1,L1_ELIGIBILITY,v2026-08-11,2026-03-21..2026-08-06,baccarat_bet02_101_all_pairs_incl_sentinel,round_win = game_pnl > 0 (decisive only),COMPATIBILITY_ONLY_NOT_PRODUCTION,234594.9955,169540.3402,9810.4062,19851,11308,-0.04181848,-0.03860046,-0.05116595,-0.04181848,-9810.4062,234594.9955,OK,0.0000,294.3122,3.0000,97.0000,AG03-UNRESOLVED,ALL5_LEVELS_bet23_to_bet27,294.3122,294.3122,294.3122,392.4162,490.5203,3.000000,3.000000,3.000000,4.000000,5.000000,97.000000,97.000000,97.000000,96.000000,95.000000,5.0,1765.8731,1644.6383,8044.5331,8165.7679,PENDING_AG03,FALSE,NOT_FOR_ENFORCEMENT,9516.0940,164454.1300,9810.4062,9516.0940,294.3122,0.04181848,0.04056393,294.3122,9516.0940,0.04056393,294.3122,294.3122,294.3122,392.4162,490.5203,9516.0940,0.04056393,1765.8731,1644.6383,8044.5331,8165.7679,0.03429115,0.03480794,0.00125455,11.8178,14.9930,0.8676,208.7320,5.3202,4991.3829,240.5957,12.7170,9.8041,2.5818,2.84,3.3563,4.9054,16.007,177.8754,0.2582,0.0,5.636364,62.633151,4.16126,29,188,6,10,0.74390005,0.04181848,0.03860046,0E-8,0.000000,0.722694,0.000000,0.01256549,2026-05-12,2026-08-02,47,1844,580,83,0.566265,1.297104,1.076088,2.479667,,,,,,,,GLOBAL_BASELINE_NO_ENTITY_RANKING,,,NOT_APPLICABLE_GLOBAL_BASELINE,HF9g-P5,,,,X 全窗基线 · 不参与实体赏罚,15059980,1506,A168_HF9F_20260827_0900,2026-08-27 09:00:00
2026-07-28,17529000,2169,0,16.5233779980,0.2194511141,0.2194511141,0.6666667,6,3,0.50036399004326004,0.499948100000,0.5760895233436583,0.5775300591747329,0.5760895233436583,0.00041589004326004,ELIGIBLE,R03b_20260811_FULL_v1,L1_ELIGIBILITY,v2026-08-11,2026-03-21..2026-08-06,baccarat_bet02_101_all_pairs_incl_sentinel,round_win = game_pnl > 0 (decisive only),COMPATIBILITY_ONLY_NOT_PRODUCTION,234594.9955,169540.3402,9810.4062,19851,11308,-0.04181848,-0.03860046,-0.05116595,-0.04181848,-9810.4062,234594.9955,OK,0.0000,294.3122,3.0000,97.0000,AG03-UNRESOLVED,ALL5_LEVELS_bet23_to_bet27,294.3122,294.3122,294.3122,392.4162,490.5203,3.000000,3.000000,3.000000,4.000000,5.000000,97.000000,97.000000,97.000000,96.000000,95.000000,5.0,1765.8731,1644.6383,8044.5331,8165.7679,PENDING_AG03,FALSE,NOT_FOR_ENFORCEMENT,9516.0940,164454.1300,9810.4062,9516.0940,294.3122,0.04181848,0.04056393,294.3122,9516.0940,0.04056393,294.3122,294.3122,294.3122,392.4162,490.5203,9516.0940,0.04056393,1765.8731,1644.6383,8044.5331,8165.7679,0.03429115,0.03480794,0.00125455,11.8178,14.9930,0.8676,208.7320,5.3202,4991.3829,240.5957,12.7170,9.8041,2.5818,2.84,3.3563,4.9054,16.007,177.8754,0.2582,0.0,5.636364,62.633151,4.16126,29,188,6,10,0.74390005,0.04181848,0.03860046,0E-8,0.000000,0.722694,0.000000,0.01256549,2026-05-12,2026-08-02,47,1844,580,83,0.566265,1.297104,1.076088,2.479667,,,,,,,,GLOBAL_BASELINE_NO_ENTITY_RANKING,,,NOT_APPLICABLE_GLOBAL_BASELINE,HF9g-P5,,,,X 全窗基线 · 不参与实体赏罚,15059981,1506,A168_HF9F_20260827_0900,2026-08-27 09:00:00
2026-07-28,17529000,2170,0,10.8434668112,0.2323600032,0.2323600032,1.0000000,4,2,0.50026727142854788,0.499948100000,1.4134578065528718,1.4143603653603398,1.4134578065528718,0.00031917142854788,ELIGIBLE,R03b_20260811_FULL_v1,L1_ELIGIBILITY,v2026-08-11,2026-03-21..2026-08-06,baccarat_bet02_101_all_pairs_incl_sentinel,round_win = game_pnl > 0 (decisive only),COMPATIBILITY_ONLY_NOT_PRODUCTION,234594.9955,169540.3402,9810.4062,19851,11308,-0.04181848,-0.03860046,-0.05116595,-0.04181848,-9810.4062,234594.9955,OK,0.0000,294.3122,3.0000,97.0000,AG03-UNRESOLVED,ALL5_LEVELS_bet23_to_bet27,294.3122,294.3122,294.3122,392.4162,490.5203,3.000000,3.000000,3.000000,4.000000,5.000000,97.000000,97.000000,97.000000,96.000000,95.000000,5.0,1765.8731,1644.6383,8044.5331,8165.7679,PENDING_AG03,FALSE,NOT_FOR_ENFORCEMENT,9516.0940,164454.1300,9810.4062,9516.0940,294.3122,0.04181848,0.04056393,294.3122,9516.0940,0.04056393,294.3122,294.3122,294.3122,392.4162,490.5203,9516.0940,0.04056393,1765.8731,1644.6383,8044.5331,8165.7679,0.03429115,0.03480794,0.00125455,11.8178,14.9930,0.8676,208.7320,5.3202,4991.3829,240.5957,12.7170,9.8041,2.5818,2.84,3.3563,4.9054,16.007,177.8754,0.2582,0.0,5.636364,62.633151,4.16126,29,188,6,10,0.74390005,0.04181848,0.03860046,0E-8,0.000000,0.722694,0.000000,0.01256549,2026-05-12,2026-08-02,47,1844,580,83,0.566265,1.297104,1.076088,2.479667,,,,,,,,GLOBAL_BASELINE_NO_ENTITY_RANKING,,,NOT_APPLICABLE_GLOBAL_BASELINE,HF9g-P5,,,,X 全窗基线 · 不参与实体赏罚,15059982,1506,A168_HF9F_20260827_0900,2026-08-27 09:00:00
2026-07-28,17529000,2188,0,21.9451114036,0.3356311157,0.3356311157,0.7500000,8,4,0.50033981038958200,0.499948100000,0.9986409890700473,1.0002076053883384,0.9986409890700473,0.00039171038958200,ELIGIBLE,R03b_20260811_FULL_v1,L1_ELIGIBILITY,v2026-08-11,2026-03-21..2026-08-06,baccarat_bet02_101_all_pairs_incl_sentinel,round_win = game_pnl > 0 (decisive only),COMPATIBILITY_ONLY_NOT_PRODUCTION,234594.9955,169540.3402,9810.4062,19851,11308,-0.04181848,-0.03860046,-0.05116595,-0.04181848,-9810.4062,234594.9955,OK,0.0000,294.3122,3.0000,97.0000,AG03-UNRESOLVED,ALL5_LEVELS_bet23_to_bet27,294.3122,294.3122,294.3122,392.4162,490.5203,3.000000,3.000000,3.000000,4.000000,5.000000,97.000000,97.000000,97.000000,96.000000,95.000000,5.0,1765.8731,1644.6383,8044.5331,8165.7679,PENDING_AG03,FALSE,NOT_FOR_ENFORCEMENT,9516.0940,164454.1300,9810.4062,9516.0940,294.3122,0.04181848,0.04056393,294.3122,9516.0940,0.04056393,294.3122,294.3122,294.3122,392.4162,490.5203,9516.0940,0.04056393,1765.8731,1644.6383,8044.5331,8165.7679,0.03429115,0.03480794,0.00125455,11.8178,14.9930,0.8676,208.7320,5.3202,4991.3829,240.5957,12.7170,9.8041,2.5818,2.84,3.3563,4.9054,16.007,177.8754,0.2582,0.0,5.636364,62.633151,4.16126,29,188,6,10,0.74390005,0.04181848,0.03860046,0E-8,0.000000,0.722694,0.000000,0.01256549,2026-05-12,2026-08-02,47,1844,580,83,0.566265,1.297104,1.076088,2.479667,,,,,,,,GLOBAL_BASELINE_NO_ENTITY_RANKING,,,NOT_APPLICABLE_GLOBAL_BASELINE,HF9g-P5,,,,X 全窗基线 · 不参与实体赏罚,15059983,1506,A168_HF9F_20260827_0900,2026-08-27 09:00:00
2026-07-28,17529000,2201,0,22.4614669661,-0.5421733405,-0.5421733405,0.6666667,8,4,0.50047858057593311,0.499948100000,0.5756926811561979,0.5775300591747329,0.5756926811561979,0.00053048057593311,ELIGIBLE,R03b_20260811_FULL_v1,L1_ELIGIBILITY,v2026-08-11,2026-03-21..2026-08-06,baccarat_bet02_101_all_pairs_incl_sentinel,round_win = game_pnl > 0 (decisive only),COMPATIBILITY_ONLY_NOT_PRODUCTION,234594.9955,169540.3402,9810.4062,19851,11308,-0.04181848,-0.03860046,-0.05116595,-0.04181848,-9810.4062,234594.9955,OK,0.0000,294.3122,3.0000,97.0000,AG03-UNRESOLVED,ALL5_LEVELS_bet23_to_bet27,294.3122,294.3122,294.3122,392.4162,490.5203,3.000000,3.000000,3.000000,4.000000,5.000000,97.000000,97.000000,97.000000,96.000000,95.000000,5.0,1765.8731,1644.6383,8044.5331,8165.7679,PENDING_AG03,FALSE,NOT_FOR_ENFORCEMENT,9516.0940,164454.1300,9810.4062,9516.0940,294.3122,0.04181848,0.04056393,294.3122,9516.0940,0.04056393,294.3122,294.3122,294.3122,392.4162,490.5203,9516.0940,0.04056393,1765.8731,1644.6383,8044.5331,8165.7679,0.03429115,0.03480794,0.00125455,11.8178,14.9930,0.8676,208.7320,5.3202,4991.3829,240.5957,12.7170,9.8041,2.5818,2.84,3.3563,4.9054,16.007,177.8754,0.2582,0.0,5.636364,62.633151,4.16126,29,188,6,10,0.74390005,0.04181848,0.03860046,0E-8,0.000000,0.722694,0.000000,0.01256549,2026-05-12,2026-08-02,47,1844,580,83,0.566265,1.297104,1.076088,2.479667,,,,,,,,GLOBAL_BASELINE_NO_ENTITY_RANKING,,,NOT_APPLICABLE_GLOBAL_BASELINE,HF9g-P5,,,,X 全窗基线 · 不参与实体赏罚,15059984,1506,A168_HF9F_20260827_0900,2026-08-27 09:00:00
2026-07-28,17529000,2209,0,11.8761779361,0.8519866780,0.8519866780,1.0000000,4,2,0.50081131363635120,0.499948100000,0.9983786870534028,1.0001038053877793,0.9983786870534028,0.00086321363635120,ELIGIBLE,R03b_20260811_FULL_v1,L1_ELIGIBILITY,v2026-08-11,2026-03-21..2026-08-06,baccarat_bet02_101_all_pairs_incl_sentinel,round_win = game_pnl > 0 (decisive only),COMPATIBILITY_ONLY_NOT_PRODUCTION,234594.9955,169540.3402,9810.4062,19851,11308,-0.04181848,-0.03860046,-0.05116595,-0.04181848,-9810.4062,234594.9955,OK,0.0000,294.3122,3.0000,97.0000,AG03-UNRESOLVED,ALL5_LEVELS_bet23_to_bet27,294.3122,294.3122,294.3122,392.4162,490.5203,3.000000,3.000000,3.000000,4.000000,5.000000,97.000000,97.000000,97.000000,96.000000,95.000000,5.0,1765.8731,1644.6383,8044.5331,8165.7679,PENDING_AG03,FALSE,NOT_FOR_ENFORCEMENT,9516.0940,164454.1300,9810.4062,9516.0940,294.3122,0.04181848,0.04056393,294.3122,9516.0940,0.04056393,294.3122,294.3122,294.3122,392.4162,490.5203,9516.0940,0.04056393,1765.8731,1644.6383,8044.5331,8165.7679,0.03429115,0.03480794,0.00125455,11.8178,14.9930,0.8676,208.7320,5.3202,4991.3829,240.5957,12.7170,9.8041,2.5818,2.84,3.3563,4.9054,16.007,177.8754,0.2582,0.0,5.636364,62.633151,4.16126,29,188,6,10,0.74390005,0.04181848,0.03860046,0E-8,0.000000,0.722694,0.000000,0.01256549,2026-05-12,2026-08-02,47,1844,580,83,0.566265,1.297104,1.076088,2.479667,,,,,,,,GLOBAL_BASELINE_NO_ENTITY_RANKING,,,NOT_APPLICABLE_GLOBAL_BASELINE,HF9g-P5,,,,X 全窗基线 · 不参与实体赏罚,15059985,1506,A168_HF9F_20260827_0900,2026-08-27 09:00:00
2026-07-28,17529000,2212,0,25.3014225596,2.7754111481,2.7754111481,0.2500000,7,4,0.50247340200452293,0.501623750000,-1.009905964732426,-1.0065003074190721,-1.009905964732426,0.00084965200452293,ELIGIBLE,R03b_20260811_FULL_v1,L1_ELIGIBILITY,v2026-08-11,2026-03-21..2026-08-06,baccarat_bet02_101_all_pairs_incl_sentinel,round_win = game_pnl > 0 (decisive only),COMPATIBILITY_ONLY_NOT_PRODUCTION,234594.9955,169540.3402,9810.4062,19851,11308,-0.04181848,-0.03860046,-0.05116595,-0.04181848,-9810.4062,234594.9955,OK,0.0000,294.3122,3.0000,97.0000,AG03-UNRESOLVED,ALL5_LEVELS_bet23_to_bet27,294.3122,294.3122,294.3122,392.4162,490.5203,3.000000,3.000000,3.000000,4.000000,5.000000,97.000000,97.000000,97.000000,96.000000,95.000000,5.0,1765.8731,1644.6383,8044.5331,8165.7679,PENDING_AG03,FALSE,NOT_FOR_ENFORCEMENT,9516.0940,164454.1300,9810.4062,9516.0940,294.3122,0.04181848,0.04056393,294.3122,9516.0940,0.04056393,294.3122,294.3122,294.3122,392.4162,490.5203,9516.0940,0.04056393,1765.8731,1644.6383,8044.5331,8165.7679,0.03429115,0.03480794,0.00125455,11.8178,14.9930,0.8676,208.7320,5.3202,4991.3829,240.5957,12.7170,9.8041,2.5818,2.84,3.3563,4.9054,16.007,177.8754,0.2582,0.0,5.636364,62.633151,4.16126,29,188,6,10,0.74390005,0.04181848,0.03860046,0E-8,0.000000,0.722694,0.000000,0.01256549,2026-05-12,2026-08-02,47,1844,580,83,0.566265,1.297104,1.076088,2.479667,,,,,,,,GLOBAL_BASELINE_NO_ENTITY_RANKING,,,NOT_APPLICABLE_GLOBAL_BASELINE,HF9g-P5,,,,X 全窗基线 · 不参与实体赏罚,15059986,1506,A168_HF9F_20260827_0900,2026-08-27 09:00:00
2026-07-28,17529000,2224,0,40.0175560890,0.0129088892,0.0129088892,0.7142857,14,7,0.50057537728642352,0.499948100000,1.1308495573640025,1.134168054123783,1.1308495573640025,0.00062727728642352,ELIGIBLE,R03b_20260811_FULL_v1,L1_ELIGIBILITY,v2026-08-11,2026-03-21..2026-08-06,baccarat_bet02_101_all_pairs_incl_sentinel,round_win = game_pnl > 0 (decisive only),COMPATIBILITY_ONLY_NOT_PRODUCTION,234594.9955,169540.3402,9810.4062,19851,11308,-0.04181848,-0.03860046,-0.05116595,-0.04181848,-9810.4062,234594.9955,OK,0.0000,294.3122,3.0000,97.0000,AG03-UNRESOLVED,ALL5_LEVELS_bet23_to_bet27,294.3122,294.3122,294.3122,392.4162,490.5203,3.000000,3.000000,3.000000,4.000000,5.000000,97.000000,97.000000,97.000000,96.000000,95.000000,5.0,1765.8731,1644.6383,8044.5331,8165.7679,PENDING_AG03,FALSE,NOT_FOR_ENFORCEMENT,9516.0940,164454.1300,9810.4062,9516.0940,294.3122,0.04181848,0.04056393,294.3122,9516.0940,0.04056393,294.3122,294.3122,294.3122,392.4162,490.5203,9516.0940,0.04056393,1765.8731,1644.6383,8044.5331,8165.7679,0.03429115,0.03480794,0.00125455,11.8178,14.9930,0.8676,208.7320,5.3202,4991.3829,240.5957,12.7170,9.8041,2.5818,2.84,3.3563,4.9054,16.007,177.8754,0.2582,0.0,5.636364,62.633151,4.16126,29,188,6,10,0.74390005,0.04181848,0.03860046,0E-8,0.000000,0.722694,0.000000,0.01256549,2026-05-12,2026-08-02,47,1844,580,83,0.566265,1.297104,1.076088,2.479667,,,,,,,,GLOBAL_BASELINE_NO_ENTITY_RANKING,,,NOT_APPLICABLE_GLOBAL_BASELINE,HF9g-P5,,,,X 全窗基线 · 不参与实体赏罚,15059987,1506,A168_HF9F_20260827_0900,2026-08-27 09:00:00
2026-07-28,17529000,2239,0,24.5268892159,1.0327111249,1.0327111249,0.5000000,8,4,0.49898920997537364,0.499948100000,0.004043168360295595,0.00020760000111838688,0.004043168360295595,-0.00095889002462636,ELIGIBLE,R03b_20260811_FULL_v1,L1_ELIGIBILITY,v2026-08-11,2026-03-21..2026-08-06,baccarat_bet02_101_all_pairs_incl_sentinel,round_win = game_pnl > 0 (decisive only),COMPATIBILITY_ONLY_NOT_PRODUCTION,234594.9955,169540.3402,9810.4062,19851,11308,-0.04181848,-0.03860046,-0.05116595,-0.04181848,-9810.4062,234594.9955,OK,0.0000,294.3122,3.0000,97.0000,AG03-UNRESOLVED,ALL5_LEVELS_bet23_to_bet27,294.3122,294.3122,294.3122,392.4162,490.5203,3.000000,3.000000,3.000000,4.000000,5.000000,97.000000,97.000000,97.000000,96.000000,95.000000,5.0,1765.8731,1644.6383,8044.5331,8165.7679,PENDING_AG03,FALSE,NOT_FOR_ENFORCEMENT,9516.0940,164454.1300,9810.4062,9516.0940,294.3122,0.04181848,0.04056393,294.3122,9516.0940,0.04056393,294.3122,294.3122,294.3122,392.4162,490.5203,9516.0940,0.04056393,1765.8731,1644.6383,8044.5331,8165.7679,0.03429115,0.03480794,0.00125455,11.8178,14.9930,0.8676,208.7320,5.3202,4991.3829,240.5957,12.7170,9.8041,2.5818,2.84,3.3563,4.9054,16.007,177.8754,0.2582,0.0,5.636364,62.633151,4.16126,29,188,6,10,0.74390005,0.04181848,0.03860046,0E-8,0.000000,0.722694,0.000000,0.01256549,2026-05-12,2026-08-02,47,1844,580,83,0.566265,1.297104,1.076088,2.479667,,,,,,,,GLOBAL_BASELINE_NO_ENTITY_RANKING,,,NOT_APPLICABLE_GLOBAL_BASELINE,HF9g-P5,,,,X 全窗基线 · 不参与实体赏罚,15059988,1506,A168_HF9F_20260827_0900,2026-08-27 09:00:00
2026-07-28,17529000,2241,0,11.1016445924,-0.7745333436,-0.7745333436,0E-7,4,2,0.50041234935061612,0.499948100000,-1.4153803437811954,-1.4140667746232096,-1.4153803437811954,0.00046424935061612,ELIGIBLE,R03b_20260811_FULL_v1,L1_ELIGIBILITY,v2026-08-11,2026-03-21..2026-08-06,baccarat_bet02_101_all_pairs_incl_sentinel,round_win = game_pnl > 0 (decisive only),COMPATIBILITY_ONLY_NOT_PRODUCTION,234594.9955,169540.3402,9810.4062,19851,11308,-0.04181848,-0.03860046,-0.05116595,-0.04181848,-9810.4062,234594.9955,OK,0.0000,294.3122,3.0000,97.0000,AG03-UNRESOLVED,ALL5_LEVELS_bet23_to_bet27,294.3122,294.3122,294.3122,392.4162,490.5203,3.000000,3.000000,3.000000,4.000000,5.000000,97.000000,97.000000,97.000000,96.000000,95.000000,5.0,1765.8731,1644.6383,8044.5331,8165.7679,PENDING_AG03,FALSE,NOT_FOR_ENFORCEMENT,9516.0940,164454.1300,9810.4062,9516.0940,294.3122,0.04181848,0.04056393,294.3122,9516.0940,0.04056393,294.3122,294.3122,294.3122,392.4162,490.5203,9516.0940,0.04056393,1765.8731,1644.6383,8044.5331,8165.7679,0.03429115,0.03480794,0.00125455,11.8178,14.9930,0.8676,208.7320,5.3202,4991.3829,240.5957,12.7170,9.8041,2.5818,2.84,3.3563,4.9054,16.007,177.8754,0.2582,0.0,5.636364,62.633151,4.16126,29,188,6,10,0.74390005,0.04181848,0.03860046,0E-8,0.000000,0.722694,0.000000,0.01256549,2026-05-12,2026-08-02,47,1844,580,83,0.566265,1.297104,1.076088,2.479667,,,,,,,,GLOBAL_BASELINE_NO_ENTITY_RANKING,,,NOT_APPLICABLE_GLOBAL_BASELINE,HF9g-P5,,,,X 全窗基线 · 不参与实体赏罚,15059989,1506,A168_HF9F_20260827_0900,2026-08-27 09:00:00
2026-07-28,17529000,2242,0,5.6799111868,0.3614488937,0.3614488937,1.0000000,2,1,0.50055742727268436,0.499948100000,0.9988857662127119,1.0001038053877793,0.9988857662127119,0.00060932727268436,ELIGIBLE,R03b_20260811_FULL_v1,L1_ELIGIBILITY,v2026-08-11,2026-03-21..2026-08-06,baccarat_bet02_101_all_pairs_incl_sentinel,round_win = game_pnl > 0 (decisive only),COMPATIBILITY_ONLY_NOT_PRODUCTION,234594.9955,169540.3402,9810.4062,19851,11308,-0.04181848,-0.03860046,-0.05116595,-0.04181848,-9810.4062,234594.9955,OK,0.0000,294.3122,3.0000,97.0000,AG03-UNRESOLVED,ALL5_LEVELS_bet23_to_bet27,294.3122,294.3122,294.3122,392.4162,490.5203,3.000000,3.000000,3.000000,4.000000,5.000000,97.000000,97.000000,97.000000,96.000000,95.000000,5.0,1765.8731,1644.6383,8044.5331,8165.7679,PENDING_AG03,FALSE,NOT_FOR_ENFORCEMENT,9516.0940,164454.1300,9810.4062,9516.0940,294.3122,0.04181848,0.04056393,294.3122,9516.0940,0.04056393,294.3122,294.3122,294.3122,392.4162,490.5203,9516.0940,0.04056393,1765.8731,1644.6383,8044.5331,8165.7679,0.03429115,0.03480794,0.00125455,11.8178,14.9930,0.8676,208.7320,5.3202,4991.3829,240.5957,12.7170,9.8041,2.5818,2.84,3.3563,4.9054,16.007,177.8754,0.2582,0.0,5.636364,62.633151,4.16126,29,188,6,10,0.74390005,0.04181848,0.03860046,0E-8,0.000000,0.722694,0.000000,0.01256549,2026-05-12,2026-08-02,47,1844,580,83,0.566265,1.297104,1.076088,2.479667,,,,,,,,GLOBAL_BASELINE_NO_ENTITY_RANKING,,,NOT_APPLICABLE_GLOBAL_BASELINE,HF9g-P5,,,,X 全窗基线 · 不参与实体赏罚,15059990,1506,A168_HF9F_20260827_0900,2026-08-27 09:00:00
2026-07-28,17529000,2250,0,30.2068004026,-1.1618000154,-1.1618000154,0.2000000,10,5,0.49926861949207390,0.499948100000,-1.3383713852707675,-1.341408689870273,-1.3383713852707675,-0.00067948050792610,ELIGIBLE,R03b_20260811_FULL_v1,L1_ELIGIBILITY,v2026-08-11,2026-03-21..2026-08-06,baccarat_bet02_101_all_pairs_incl_sentinel,round_win = game_pnl > 0 (decisive only),COMPATIBILITY_ONLY_NOT_PRODUCTION,234594.9955,169540.3402,9810.4062,19851,11308,-0.04181848,-0.03860046,-0.05116595,-0.04181848,-9810.4062,234594.9955,OK,0.0000,294.3122,3.0000,97.0000,AG03-UNRESOLVED,ALL5_LEVELS_bet23_to_bet27,294.3122,294.3122,294.3122,392.4162,490.5203,3.000000,3.000000,3.000000,4.000000,5.000000,97.000000,97.000000,97.000000,96.000000,95.000000,5.0,1765.8731,1644.6383,8044.5331,8165.7679,PENDING_AG03,FALSE,NOT_FOR_ENFORCEMENT,9516.0940,164454.1300,9810.4062,9516.0940,294.3122,0.04181848,0.04056393,294.3122,9516.0940,0.04056393,294.3122,294.3122,294.3122,392.4162,490.5203,9516.0940,0.04056393,1765.8731,1644.6383,8044.5331,8165.7679,0.03429115,0.03480794,0.00125455,11.8178,14.9930,0.8676,208.7320,5.3202,4991.3829,240.5957,12.7170,9.8041,2.5818,2.84,3.3563,4.9054,16.007,177.8754,0.2582,0.0,5.636364,62.633151,4.16126,29,188,6,10,0.74390005,0.04181848,0.03860046,0E-8,0.000000,0.722694,0.000000,0.01256549,2026-05-12,2026-08-02,47,1844,580,83,0.566265,1.297104,1.076088,2.479667,,,,,,,,GLOBAL_BASELINE_NO_ENTITY_RANKING,,,NOT_APPLICABLE_GLOBAL_BASELINE,HF9g-P5,,,,X 全窗基线 · 不参与实体赏罚,15059991,1506,A168_HF9F_20260827_0900,2026-08-27 09:00:00
2026-07-28,17529000,2251,0,12.6507112797,1.0714377921,1.0714377921,0.5000000,4,2,0.50112161919188349,0.499948100000,-0.0031724261279812253,0.00014679536856514622,-0.0031724261279812253,0.00117351919188349,ELIGIBLE,R03b_20260811_FULL_v1,L1_ELIGIBILITY,v2026-08-11,2026-03-21..2026-08-06,baccarat_bet02_101_all_pairs_incl_sentinel,round_win = game_pnl > 0 (decisive only),COMPATIBILITY_ONLY_NOT_PRODUCTION,234594.9955,169540.3402,9810.4062,19851,11308,-0.04181848,-0.03860046,-0.05116595,-0.04181848,-9810.4062,234594.9955,OK,0.0000,294.3122,3.0000,97.0000,AG03-UNRESOLVED,ALL5_LEVELS_bet23_to_bet27,294.3122,294.3122,294.3122,392.4162,490.5203,3.000000,3.000000,3.000000,4.000000,5.000000,97.000000,97.000000,97.000000,96.000000,95.000000,5.0,1765.8731,1644.6383,8044.5331,8165.7679,PENDING_AG03,FALSE,NOT_FOR_ENFORCEMENT,9516.0940,164454.1300,9810.4062,9516.0940,294.3122,0.04181848,0.04056393,294.3122,9516.0940,0.04056393,294.3122,294.3122,294.3122,392.4162,490.5203,9516.0940,0.04056393,1765.8731,1644.6383,8044.5331,8165.7679,0.03429115,0.03480794,0.00125455,11.8178,14.9930,0.8676,208.7320,5.3202,4991.3829,240.5957,12.7170,9.8041,2.5818,2.84,3.3563,4.9054,16.007,177.8754,0.2582,0.0,5.636364,62.633151,4.16126,29,188,6,10,0.74390005,0.04181848,0.03860046,0E-8,0.000000,0.722694,0.000000,0.01256549,2026-05-12,2026-08-02,47,1844,580,83,0.566265,1.297104,1.076088,2.479667,,,,,,,,GLOBAL_BASELINE_NO_ENTITY_RANKING,,,NOT_APPLICABLE_GLOBAL_BASELINE,HF9g-P5,,,,X 全窗基线 · 不参与实体赏罚,15059992,1506,A168_HF9F_20260827_0900,2026-08-27 09:00:00
2026-07-28,17529000,2252,0,35.6285338083,0.8778044562,0.8778044562,0.3333333,12,6,0.50004873738615906,0.499948100000,-0.8167353482627359,-0.8162423282897021,-0.8167353482627359,0.00010063738615906,ELIGIBLE,R03b_20260811_FULL_v1,L1_ELIGIBILITY,v2026-08-11,2026-03-21..2026-08-06,baccarat_bet02_101_all_pairs_incl_sentinel,round_win = game_pnl > 0 (decisive only),COMPATIBILITY_ONLY_NOT_PRODUCTION,234594.9955,169540.3402,9810.4062,19851,11308,-0.04181848,-0.03860046,-0.05116595,-0.04181848,-9810.4062,234594.9955,OK,0.0000,294.3122,3.0000,97.0000,AG03-UNRESOLVED,ALL5_LEVELS_bet23_to_bet27,294.3122,294.3122,294.3122,392.4162,490.5203,3.000000,3.000000,3.000000,4.000000,5.000000,97.000000,97.000000,97.000000,96.000000,95.000000,5.0,1765.8731,1644.6383,8044.5331,8165.7679,PENDING_AG03,FALSE,NOT_FOR_ENFORCEMENT,9516.0940,164454.1300,9810.4062,9516.0940,294.3122,0.04181848,0.04056393,294.3122,9516.0940,0.04056393,294.3122,294.3122,294.3122,392.4162,490.5203,9516.0940,0.04056393,1765.8731,1644.6383,8044.5331,8165.7679,0.03429115,0.03480794,0.00125455,11.8178,14.9930,0.8676,208.7320,5.3202,4991.3829,240.5957,12.7170,9.8041,2.5818,2.84,3.3563,4.9054,16.007,177.8754,0.2582,0.0,5.636364,62.633151,4.16126,29,188,6,10,0.74390005,0.04181848,0.03860046,0E-8,0.000000,0.722694,0.000000,0.01256549,2026-05-12,2026-08-02,47,1844,580,83,0.566265,1.297104,1.076088,2.479667,,,,,,,,GLOBAL_BASELINE_NO_ENTITY_RANKING,,,NOT_APPLICABLE_GLOBAL_BASELINE,HF9g-P5,,,,X 全窗基线 · 不参与实体赏罚,15059993,1506,A168_HF9F_20260827_0900,2026-08-27 09:00:00
2026-07-28,17529000,2254,0,17.8142669041,1.6652466889,1.6652466889,0.6666667,6,3,0.49958164391533771,0.499948100000,0.5787996997833889,0.5775300591747329,0.5787996997833889,-0.00036645608466229,ELIGIBLE,R03b_20260811_FULL_v1,L1_ELIGIBILITY,v2026-08-11,2026-03-21..2026-08-06,baccarat_bet02_101_all_pairs_incl_sentinel,round_win = game_pnl > 0 (decisive only),COMPATIBILITY_ONLY_NOT_PRODUCTION,234594.9955,169540.3402,9810.4062,19851,11308,-0.04181848,-0.03860046,-0.05116595,-0.04181848,-9810.4062,234594.9955,OK,0.0000,294.3122,3.0000,97.0000,AG03-UNRESOLVED,ALL5_LEVELS_bet23_to_bet27,294.3122,294.3122,294.3122,392.4162,490.5203,3.000000,3.000000,3.000000,4.000000,5.000000,97.000000,97.000000,97.000000,96.000000,95.000000,5.0,1765.8731,1644.6383,8044.5331,8165.7679,PENDING_AG03,FALSE,NOT_FOR_ENFORCEMENT,9516.0940,164454.1300,9810.4062,9516.0940,294.3122,0.04181848,0.04056393,294.3122,9516.0940,0.04056393,294.3122,294.3122,294.3122,392.4162,490.5203,9516.0940,0.04056393,1765.8731,1644.6383,8044.5331,8165.7679,0.03429115,0.03480794,0.00125455,11.8178,14.9930,0.8676,208.7320,5.3202,4991.3829,240.5957,12.7170,9.8041,2.5818,2.84,3.3563,4.9054,16.007,177.8754,0.2582,0.0,5.636364,62.633151,4.16126,29,188,6,10,0.74390005,0.04181848,0.03860046,0E-8,0.000000,0.722694,0.000000,0.01256549,2026-05-12,2026-08-02,47,1844,580,83,0.566265,1.297104,1.076088,2.479667,,,,,,,,GLOBAL_BASELINE_NO_ENTITY_RANKING,,,NOT_APPLICABLE_GLOBAL_BASELINE,HF9g-P5,,,,X 全窗基线 · 不参与实体赏罚,15059994,1506,A168_HF9F_20260827_0900,2026-08-27 09:00:00
2026-07-28,17529000,2258,0,74.0970232102,7.0353445382,7.0353445382,0.1666667,10,7,0.50187215348564312,0.501863128571,-1.6421763149360347,-1.6421319910383438,-1.6421763149360347,0.00000902491464312,ELIGIBLE,R03b_20260811_FULL_v1,L1_ELIGIBILITY,v2026-08-11,2026-03-21..2026-08-06,baccarat_bet02_101_all_pairs_incl_sentinel,round_win = game_pnl > 0 (decisive only),COMPATIBILITY_ONLY_NOT_PRODUCTION,234594.9955,169540.3402,9810.4062,19851,11308,-0.04181848,-0.03860046,-0.05116595,-0.04181848,-9810.4062,234594.9955,OK,0.0000,294.3122,3.0000,97.0000,AG03-UNRESOLVED,ALL5_LEVELS_bet23_to_bet27,294.3122,294.3122,294.3122,392.4162,490.5203,3.000000,3.000000,3.000000,4.000000,5.000000,97.000000,97.000000,97.000000,96.000000,95.000000,5.0,1765.8731,1644.6383,8044.5331,8165.7679,PENDING_AG03,FALSE,NOT_FOR_ENFORCEMENT,9516.0940,164454.1300,9810.4062,9516.0940,294.3122,0.04181848,0.04056393,294.3122,9516.0940,0.04056393,294.3122,294.3122,294.3122,392.4162,490.5203,9516.0940,0.04056393,1765.8731,1644.6383,8044.5331,8165.7679,0.03429115,0.03480794,0.00125455,11.8178,14.9930,0.8676,208.7320,5.3202,4991.3829,240.5957,12.7170,9.8041,2.5818,2.84,3.3563,4.9054,16.007,177.8754,0.2582,0.0,5.636364,62.633151,4.16126,29,188,6,10,0.74390005,0.04181848,0.03860046,0E-8,0.000000,0.722694,0.000000,0.01256549,2026-05-12,2026-08-02,47,1844,580,83,0.566265,1.297104,1.076088,2.479667,,,,,,,,GLOBAL_BASELINE_NO_ENTITY_RANKING,,,NOT_APPLICABLE_GLOBAL_BASELINE,HF9g-P5,,,,X 全窗基线 · 不参与实体赏罚,15059995,1506,A168_HF9F_20260827_0900,2026-08-27 09:00:00
2026-07-28,17529000,2267,0,15.4906668732,1.3812511296,1.3812511296,0.3333333,5,3,0.50283224909089479,0.502182300000,-0.5871708880564238,-0.5849155494134426,-0.5871708880564238,0.00064994909089479,ELIGIBLE,R03b_20260811_FULL_v1,L1_ELIGIBILITY,v2026-08-11,2026-03-21..2026-08-06,baccarat_bet02_101_all_pairs_incl_sentinel,round_win = game_pnl > 0 (decisive only),COMPATIBILITY_ONLY_NOT_PRODUCTION,234594.9955,169540.3402,9810.4062,19851,11308,-0.04181848,-0.03860046,-0.05116595,-0.04181848,-9810.4062,234594.9955,OK,0.0000,294.3122,3.0000,97.0000,AG03-UNRESOLVED,ALL5_LEVELS_bet23_to_bet27,294.3122,294.3122,294.3122,392.4162,490.5203,3.000000,3.000000,3.000000,4.000000,5.000000,97.000000,97.000000,97.000000,96.000000,95.000000,5.0,1765.8731,1644.6383,8044.5331,8165.7679,PENDING_AG03,FALSE,NOT_FOR_ENFORCEMENT,9516.0940,164454.1300,9810.4062,9516.0940,294.3122,0.04181848,0.04056393,294.3122,9516.0940,0.04056393,294.3122,294.3122,294.3122,392.4162,490.5203,9516.0940,0.04056393,1765.8731,1644.6383,8044.5331,8165.7679,0.03429115,0.03480794,0.00125455,11.8178,14.9930,0.8676,208.7320,5.3202,4991.3829,240.5957,12.7170,9.8041,2.5818,2.84,3.3563,4.9054,16.007,177.8754,0.2582,0.0,5.636364,62.633151,4.16126,29,188,6,10,0.74390005,0.04181848,0.03860046,0E-8,0.000000,0.722694,0.000000,0.01256549,2026-05-12,2026-08-02,47,1844,580,83,0.566265,1.297104,1.076088,2.479667,,,,,,,,GLOBAL_BASELINE_NO_ENTITY_RANKING,,,NOT_APPLICABLE_GLOBAL_BASELINE,HF9g-P5,,,,X 全窗基线 · 不参与实体赏罚,15059996,1506,A168_HF9F_20260827_0900,2026-08-27 09:00:00
2026-07-28,17529000,2280,0,13.9416001859,1.0327111249,1.0327111249,0.5000000,4,2,0.49957830137930417,0.499948100000,0.0011927442414549811,0.00014679536856514622,0.0011927442414549811,-0.00036979862069583,ELIGIBLE,R03b_20260811_FULL_v1,L1_ELIGIBILITY,v2026-08-11,2026-03-21..2026-08-06,baccarat_bet02_101_all_pairs_incl_sentinel,round_win = game_pnl > 0 (decisive only),COMPATIBILITY_ONLY_NOT_PRODUCTION,234594.9955,169540.3402,9810.4062,19851,11308,-0.04181848,-0.03860046,-0.05116595,-0.04181848,-9810.4062,234594.9955,OK,0.0000,294.3122,3.0000,97.0000,AG03-UNRESOLVED,ALL5_LEVELS_bet23_to_bet27,294.3122,294.3122,294.3122,392.4162,490.5203,3.000000,3.000000,3.000000,4.000000,5.000000,97.000000,97.000000,97.000000,96.000000,95.000000,5.0,1765.8731,1644.6383,8044.5331,8165.7679,PENDING_AG03,FALSE,NOT_FOR_ENFORCEMENT,9516.0940,164454.1300,9810.4062,9516.0940,294.3122,0.04181848,0.04056393,294.3122,9516.0940,0.04056393,294.3122,294.3122,294.3122,392.4162,490.5203,9516.0940,0.04056393,1765.8731,1644.6383,8044.5331,8165.7679,0.03429115,0.03480794,0.00125455,11.8178,14.9930,0.8676,208.7320,5.3202,4991.3829,240.5957,12.7170,9.8041,2.5818,2.84,3.3563,4.9054,16.007,177.8754,0.2582,0.0,5.636364,62.633151,4.16126,29,188,6,10,0.74390005,0.04181848,0.03860046,0E-8,0.000000,0.722694,0.000000,0.01256549,2026-05-12,2026-08-02,47,1844,580,83,0.566265,1.297104,1.076088,2.479667,,,,,,,,GLOBAL_BASELINE_NO_ENTITY_RANKING,,,NOT_APPLICABLE_GLOBAL_BASELINE,HF9g-P5,,,,X 全窗基线 · 不参与实体赏罚,15059997,1506,A168_HF9F_20260827_0900,2026-08-27 09:00:00
2026-07-28,17529000,2287,0,34.3376449022,0.6583533422,0.6583533422,0.5000000,12,6,0.50048310111988984,0.499948100000,-0.002366703580508956,0.00025425703667063243,-0.002366703580508956,0.00053500111988984,ELIGIBLE,R03b_20260811_FULL_v1,L1_ELIGIBILITY,v2026-08-11,2026-03-21..2026-08-06,baccarat_bet02_101_all_pairs_incl_sentinel,round_win = game_pnl > 0 (decisive only),COMPATIBILITY_ONLY_NOT_PRODUCTION,234594.9955,169540.3402,9810.4062,19851,11308,-0.04181848,-0.03860046,-0.05116595,-0.04181848,-9810.4062,234594.9955,OK,0.0000,294.3122,3.0000,97.0000,AG03-UNRESOLVED,ALL5_LEVELS_bet23_to_bet27,294.3122,294.3122,294.3122,392.4162,490.5203,3.000000,3.000000,3.000000,4.000000,5.000000,97.000000,97.000000,97.000000,96.000000,95.000000,5.0,1765.8731,1644.6383,8044.5331,8165.7679,PENDING_AG03,FALSE,NOT_FOR_ENFORCEMENT,9516.0940,164454.1300,9810.4062,9516.0940,294.3122,0.04181848,0.04056393,294.3122,9516.0940,0.04056393,294.3122,294.3122,294.3122,392.4162,490.5203,9516.0940,0.04056393,1765.8731,1644.6383,8044.5331,8165.7679,0.03429115,0.03480794,0.00125455,11.8178,14.9930,0.8676,208.7320,5.3202,4991.3829,240.5957,12.7170,9.8041,2.5818,2.84,3.3563,4.9054,16.007,177.8754,0.2582,0.0,5.636364,62.633151,4.16126,29,188,6,10,0.74390005,0.04181848,0.03860046,0E-8,0.000000,0.722694,0.000000,0.01256549,2026-05-12,2026-08-02,47,1844,580,83,0.566265,1.297104,1.076088,2.479667,,,,,,,,GLOBAL_BASELINE_NO_ENTITY_RANKING,,,NOT_APPLICABLE_GLOBAL_BASELINE,HF9g-P5,,,,X 全窗基线 · 不参与实体赏罚,15059998,1506,A168_HF9F_20260827_0900,2026-08-27 09:00:00
2026-07-28,17529000,2289,0,32.7885782148,0.4518111173,0.4518111173,0.8000000,12,6,0.50031563073590396,0.499948100000,1.340229509972091,1.3418728975849028,1.340229509972091,0.00036753073590396,ELIGIBLE,R03b_20260811_FULL_v1,L1_ELIGIBILITY,v2026-08-11,2026-03-21..2026-08-06,baccarat_bet02_101_all_pairs_incl_sentinel,round_win = game_pnl > 0 (decisive only),COMPATIBILITY_ONLY_NOT_PRODUCTION,234594.9955,169540.3402,9810.4062,19851,11308,-0.04181848,-0.03860046,-0.05116595,-0.04181848,-9810.4062,234594.9955,OK,0.0000,294.3122,3.0000,97.0000,AG03-UNRESOLVED,ALL5_LEVELS_bet23_to_bet27,294.3122,294.3122,294.3122,392.4162,490.5203,3.000000,3.000000,3.000000,4.000000,5.000000,97.000000,97.000000,97.000000,96.000000,95.000000,5.0,1765.8731,1644.6383,8044.5331,8165.7679,PENDING_AG03,FALSE,NOT_FOR_ENFORCEMENT,9516.0940,164454.1300,9810.4062,9516.0940,294.3122,0.04181848,0.04056393,294.3122,9516.0940,0.04056393,294.3122,294.3122,294.3122,392.4162,490.5203,9516.0940,0.04056393,1765.8731,1644.6383,8044.5331,8165.7679,0.03429115,0.03480794,0.00125455,11.8178,14.9930,0.8676,208.7320,5.3202,4991.3829,240.5957,12.7170,9.8041,2.5818,2.84,3.3563,4.9054,16.007,177.8754,0.2582,0.0,5.636364,62.633151,4.16126,29,188,6,10,0.74390005,0.04181848,0.03860046,0E-8,0.000000,0.722694,0.000000,0.01256549,2026-05-12,2026-08-02,47,1844,580,83,0.566265,1.297104,1.076088,2.479667,,,,,,,,GLOBAL_BASELINE_NO_ENTITY_RANKING,,,NOT_APPLICABLE_GLOBAL_BASELINE,HF9g-P5,,,,X 全窗基线 · 不参与实体赏罚,15059999,1506,A168_HF9F_20260827_0900,2026-08-27 09:00:00
2026-07-28,17529000,576,0,136.0596907029,-113.1464126196,-113.1464126196,0.2857143,11,7,0.50312377461481892,0.502820642857,-1.1504453328291553,-1.1488371386036085,-1.1504453328291553,0.00030313175781892,ELIGIBLE,R03b_20260811_FULL_v1,L1_ELIGIBILITY,v2026-08-11,2026-03-21..2026-08-06,baccarat_bet02_101_all_pairs_incl_sentinel,round_win = game_pnl > 0 (decisive only),COMPATIBILITY_ONLY_NOT_PRODUCTION,234594.9955,169540.3402,9810.4062,19851,11308,-0.04181848,-0.03860046,-0.05116595,-0.04181848,-9810.4062,234594.9955,OK,0.0000,294.3122,3.0000,97.0000,AG03-UNRESOLVED,ALL5_LEVELS_bet23_to_bet27,294.3122,294.3122,294.3122,392.4162,490.5203,3.000000,3.000000,3.000000,4.000000,5.000000,97.000000,97.000000,97.000000,96.000000,95.000000,5.0,1765.8731,1644.6383,8044.5331,8165.7679,PENDING_AG03,FALSE,NOT_FOR_ENFORCEMENT,9516.0940,164454.1300,9810.4062,9516.0940,294.3122,0.04181848,0.04056393,294.3122,9516.0940,0.04056393,294.3122,294.3122,294.3122,392.4162,490.5203,9516.0940,0.04056393,1765.8731,1644.6383,8044.5331,8165.7679,0.03429115,0.03480794,0.00125455,11.8178,14.9930,0.8676,208.7320,5.3202,4991.3829,240.5957,12.7170,9.8041,2.5818,2.84,3.3563,4.9054,16.007,177.8754,0.2582,0.0,5.636364,62.633151,4.16126,29,188,6,10,0.74390005,0.04181848,0.03860046,0E-8,0.000000,0.722694,0.000000,0.01256549,2026-05-12,2026-08-02,47,1844,580,83,0.566265,1.297104,1.076088,2.479667,,,,,,,,GLOBAL_BASELINE_NO_ENTITY_RANKING,,,NOT_APPLICABLE_GLOBAL_BASELINE,HF9g-P5,,,,X 全窗基线 · 不参与实体赏罚,15060000,1506,A168_HF9F_20260827_0900,2026-08-27 09:00:00
